collection_time_utc,collection_time_local,run_id,timestamp_utc,timestamp_local,value,unit,country,entsoe_area,variable,source,updated_at_utc
2026-07-19T12:32:12Z,2026-07-19T14:32:12+0200,f397dbef-7cdb-41f6-bba7-8b8b09f52e7d,2026-06-18T13:00:00Z,2026-06-18T15:00:00+0200,19123.40039,MW,FR,FR,forecast_solar_generation,Solar,2026-07-19T12:33:22Z
2026-07-19T12:32:12Z,2026-07-19T14:32:12+0200,f397dbef-7cdb-41f6-bba7-8b8b09f52e7d,2026-06-18T13:15:00Z,2026-06-18T15:15:00+0200,18729.19336,MW,FR,FR,forecast_solar_generation,Solar,2026-07-19T12:33:22Z
2026-07-19T12:32:12Z,2026-07-19T14:32:12+0200,f397dbef-7cdb-41f6-bba7-8b8b09f52e7d,2026-06-18T13:30:00Z,2026-06-18T15:30:00+0200,18308.78125,MW,FR,FR,forecast_solar_generation,Solar,2026-07-19T12:33:22Z
2026-07-19T12:32:12Z,2026-07-19T14:32:12+0200,f397dbef-7cdb-41f6-bba7-8b8b09f52e7d,2026-06-18T13:45:00Z,2026-06-18T15:45:00+0200,17774.35742,MW,FR,FR,forecast_solar_generation,Solar,2026-07-19T12:33:22Z
2026-07-19T12:32:12Z,2026-07-19T14:32:12+0200,f397dbef-7cdb-41f6-bba7-8b8b09f52e7d,2026-06-18T14:00:00Z,2026-06-18T16:00:00+0200,17211.63867,MW,FR,FR,forecast_solar_generation,Solar,2026-07-19T12:33:22Z
2026-07-19T12:32:12Z,2026-07-19T14:32:12+0200,f397dbef-7cdb-41f6-bba7-8b8b09f52e7d,2026-06-18T14:15:00Z,2026-06-18T16:15:00+0200,16621.16211,MW,FR,FR,forecast_solar_generation,Solar,2026-07-19T12:33:22Z
2026-07-19T12:32:12Z,2026-07-19T14:32:12+0200,f397dbef-7cdb-41f6-bba7-8b8b09f52e7d,2026-06-18T14:30:00Z,2026-06-18T16:30:00+0200,15944.81152,MW,FR,FR,forecast_solar_generation,Solar,2026-07-19T12:33:22Z
2026-07-19T12:32:12Z,2026-07-19T14:32:12+0200,f397dbef-7cdb-41f6-bba7-8b8b09f52e7d,2026-06-18T14:45:00Z,2026-06-18T16:45:00+0200,15170.54004,MW,FR,FR,forecast_solar_generation,Solar,2026-07-19T12:33:22Z
2026-07-19T12:32:12Z,2026-07-19T14:32:12+0200,f397dbef-7cdb-41f6-bba7-8b8b09f52e7d,2026-06-18T15:00:00Z,2026-06-18T17:00:00+0200,14367.42773,MW,FR,FR,forecast_solar_generation,Solar,2026-07-19T12:33:22Z
2026-07-19T12:32:12Z,2026-07-19T14:32:12+0200,f397dbef-7cdb-41f6-bba7-8b8b09f52e7d,2026-06-18T15:15:00Z,2026-06-18T17:15:00+0200,13512.67871,MW,FR,FR,forecast_solar_generation,Solar,2026-07-19T12:33:22Z
2026-07-19T12:32:12Z,2026-07-19T14:32:12+0200,f397dbef-7cdb-41f6-bba7-8b8b09f52e7d,2026-06-18T15:30:00Z,2026-06-18T17:30:00+0200,12685.60449,MW,FR,FR,forecast_solar_generation,Solar,2026-07-19T12:33:22Z
2026-07-19T12:32:12Z,2026-07-19T14:32:12+0200,f397dbef-7cdb-41f6-bba7-8b8b09f52e7d,2026-06-18T15:45:00Z,2026-06-18T17:45:00+0200,11888.11035,MW,FR,FR,forecast_solar_generation,Solar,2026-07-19T12:33:22Z
2026-07-19T12:32:12Z,2026-07-19T14:32:12+0200,f397dbef-7cdb-41f6-bba7-8b8b09f52e7d,2026-06-18T16:00:00Z,2026-06-18T18:00:00+0200,10991.62207,MW,FR,FR,forecast_solar_generation,Solar,2026-07-19T12:33:22Z
2026-07-19T12:32:12Z,2026-07-19T14:32:12+0200,f397dbef-7cdb-41f6-bba7-8b8b09f52e7d,2026-06-18T16:15:00Z,2026-06-18T18:15:00+0200,10038.92285,MW,FR,FR,forecast_solar_generation,Solar,2026-07-19T12:33:22Z
2026-07-19T12:32:12Z,2026-07-19T14:32:12+0200,f397dbef-7cdb-41f6-bba7-8b8b09f52e7d,2026-06-18T16:30:00Z,2026-06-18T18:30:00+0200,9080.38379,MW,FR,FR,forecast_solar_generation,Solar,2026-07-19T12:33:22Z
2026-07-19T12:32:12Z,2026-07-19T14:32:12+0200,f397dbef-7cdb-41f6-bba7-8b8b09f52e7d,2026-06-18T16:45:00Z,2026-06-18T18:45:00+0200,8219.61426,MW,FR,FR,forecast_solar_generation,Solar,2026-07-19T12:33:22Z
2026-07-19T12:32:12Z,2026-07-19T14:32:12+0200,f397dbef-7cdb-41f6-bba7-8b8b09f52e7d,2026-06-18T17:00:00Z,2026-06-18T19:00:00+0200,7124.30078,MW,FR,FR,forecast_solar_generation,Solar,2026-07-19T12:33:22Z
2026-07-19T12:32:12Z,2026-07-19T14:32:12+0200,f397dbef-7cdb-41f6-bba7-8b8b09f52e7d,2026-06-18T17:15:00Z,2026-06-18T19:15:00+0200,6229.86621,MW,FR,FR,forecast_solar_generation,Solar,2026-07-19T12:33:22Z
2026-07-19T12:32:12Z,2026-07-19T14:32:12+0200,f397dbef-7cdb-41f6-bba7-8b8b09f52e7d,2026-06-18T17:30:00Z,2026-06-18T19:30:00+0200,5132.60254,MW,FR,FR,forecast_solar_generation,Solar,2026-07-19T12:33:22Z
2026-07-19T12:32:12Z,2026-07-19T14:32:12+0200,f397dbef-7cdb-41f6-bba7-8b8b09f52e7d,2026-06-18T17:45:00Z,2026-06-18T19:45:00+0200,4318.18799,MW,FR,FR,forecast_solar_generation,Solar,2026-07-19T12:33:22Z
2026-07-19T12:32:12Z,2026-07-19T14:32:12+0200,f397dbef-7cdb-41f6-bba7-8b8b09f52e7d,2026-06-18T18:00:00Z,2026-06-18T20:00:00+0200,3359.38354,MW,FR,FR,forecast_solar_generation,Solar,2026-07-19T12:33:22Z
2026-07-19T12:32:12Z,2026-07-19T14:32:12+0200,f397dbef-7cdb-41f6-bba7-8b8b09f52e7d,2026-06-18T18:15:00Z,2026-06-18T20:15:00+0200,2603.70703,MW,FR,FR,forecast_solar_generation,Solar,2026-07-19T12:33:22Z
2026-07-19T12:32:12Z,2026-07-19T14:32:12+0200,f397dbef-7cdb-41f6-bba7-8b8b09f52e7d,2026-06-18T18:30:00Z,2026-06-18T20:30:00+0200,1903.96594,MW,FR,FR,forecast_solar_generation,Solar,2026-07-19T12:33:22Z
2026-07-19T12:32:12Z,2026-07-19T14:32:12+0200,f397dbef-7cdb-41f6-bba7-8b8b09f52e7d,2026-06-18T18:45:00Z,2026-06-18T20:45:00+0200,1411.1073,MW,FR,FR,forecast_solar_generation,Solar,2026-07-19T12:33:22Z
2026-07-19T12:32:12Z,2026-07-19T14:32:12+0200,f397dbef-7cdb-41f6-bba7-8b8b09f52e7d,2026-06-18T19:00:00Z,2026-06-18T21:00:00+0200,958.75879,MW,FR,FR,forecast_solar_generation,Solar,2026-07-19T12:33:22Z
2026-07-19T12:32:12Z,2026-07-19T14:32:12+0200,f397dbef-7cdb-41f6-bba7-8b8b09f52e7d,2026-06-18T19:15:00Z,2026-06-18T21:15:00+0200,559.75165,MW,FR,FR,forecast_solar_generation,Solar,2026-07-19T12:33:22Z
2026-07-19T12:32:12Z,2026-07-19T14:32:12+0200,f397dbef-7cdb-41f6-bba7-8b8b09f52e7d,2026-06-18T19:30:00Z,2026-06-18T21:30:00+0200,252.21924,MW,FR,FR,forecast_solar_generation,Solar,2026-07-19T12:33:22Z
2026-07-19T12:32:12Z,2026-07-19T14:32:12+0200,f397dbef-7cdb-41f6-bba7-8b8b09f52e7d,2026-06-18T19:45:00Z,2026-06-18T21:45:00+0200,94.46753,MW,FR,FR,forecast_solar_generation,Solar,2026-07-19T12:33:22Z
2026-07-19T12:32:12Z,2026-07-19T14:32:12+0200,f397dbef-7cdb-41f6-bba7-8b8b09f52e7d,2026-06-18T20:00:00Z,2026-06-18T22:00:00+0200,15.95922,MW,FR,FR,forecast_solar_generation,Solar,2026-07-19T12:33:22Z
2026-07-19T12:32:12Z,2026-07-19T14:32:12+0200,f397dbef-7cdb-41f6-bba7-8b8b09f52e7d,2026-06-18T20:15:00Z,2026-06-18T22:15:00+0200,0.05592,MW,FR,FR,forecast_solar_generation,Solar,2026-07-19T12:33:22Z
2026-07-19T12:32:12Z,2026-07-19T14:32:12+0200,f397dbef-7cdb-41f6-bba7-8b8b09f52e7d,2026-06-18T20:30:00Z,2026-06-18T22:30:00+0200,0.0,MW,FR,FR,forecast_solar_generation,Solar,2026-07-19T12:33:22Z
2026-07-19T12:32:12Z,2026-07-19T14:32:12+0200,f397dbef-7cdb-41f6-bba7-8b8b09f52e7d,2026-06-18T20:45:00Z,2026-06-18T22:45:00+0200,0.0,MW,FR,FR,forecast_solar_generation,Solar,2026-07-19T12:33:22Z
2026-07-19T12:32:12Z,2026-07-19T14:32:12+0200,f397dbef-7cdb-41f6-bba7-8b8b09f52e7d,2026-06-18T21:00:00Z,2026-06-18T23:00:00+0200,0.0,MW,FR,FR,forecast_solar_generation,Solar,2026-07-19T12:33:22Z
2026-07-19T12:32:12Z,2026-07-19T14:32:12+0200,f397dbef-7cdb-41f6-bba7-8b8b09f52e7d,2026-06-18T21:15:00Z,2026-06-18T23:15:00+0200,0.0,MW,FR,FR,forecast_solar_generation,Solar,2026-07-19T12:33:22Z
2026-07-19T12:32:12Z,2026-07-19T14:32:12+0200,f397dbef-7cdb-41f6-bba7-8b8b09f52e7d,2026-06-18T21:30:00Z,2026-06-18T23:30:00+0200,0.0,MW,FR,FR,forecast_solar_generation,Solar,2026-07-19T12:33:22Z
2026-07-19T12:32:12Z,2026-07-19T14:32:12+0200,f397dbef-7cdb-41f6-bba7-8b8b09f52e7d,2026-06-18T21:45:00Z,2026-06-18T23:45:00+0200,0.0,MW,FR,FR,forecast_solar_generation,Solar,2026-07-19T12:33:22Z
2026-07-19T12:32:12Z,2026-07-19T14:32:12+0200,f397dbef-7cdb-41f6-bba7-8b8b09f52e7d,2026-06-18T22:00:00Z,2026-06-19T00:00:00+0200,0.0,MW,FR,FR,forecast_solar_generation,Solar,2026-07-19T12:33:22Z
2026-07-19T12:32:12Z,2026-07-19T14:32:12+0200,f397dbef-7cdb-41f6-bba7-8b8b09f52e7d,2026-06-18T22:15:00Z,2026-06-19T00:15:00+0200,0.0,MW,FR,FR,forecast_solar_generation,Solar,2026-07-19T12:33:22Z
2026-07-19T12:32:12Z,2026-07-19T14:32:12+0200,f397dbef-7cdb-41f6-bba7-8b8b09f52e7d,2026-06-18T22:30:00Z,2026-06-19T00:30:00+0200,0.0,MW,FR,FR,forecast_solar_generation,Solar,2026-07-19T12:33:22Z
2026-07-19T12:32:12Z,2026-07-19T14:32:12+0200,f397dbef-7cdb-41f6-bba7-8b8b09f52e7d,2026-06-18T22:45:00Z,2026-06-19T00:45:00+0200,0.0,MW,FR,FR,forecast_solar_generation,Solar,2026-07-19T12:33:22Z
2026-07-19T12:32:12Z,2026-07-19T14:32:12+0200,f397dbef-7cdb-41f6-bba7-8b8b09f52e7d,2026-06-18T23:00:00Z,2026-06-19T01:00:00+0200,0.0,MW,FR,FR,forecast_solar_generation,Solar,2026-07-19T12:33:22Z
2026-07-19T12:32:12Z,2026-07-19T14:32:12+0200,f397dbef-7cdb-41f6-bba7-8b8b09f52e7d,2026-06-18T23:15:00Z,2026-06-19T01:15:00+0200,0.0,MW,FR,FR,forecast_solar_generation,Solar,2026-07-19T12:33:22Z
2026-07-19T12:32:12Z,2026-07-19T14:32:12+0200,f397dbef-7cdb-41f6-bba7-8b8b09f52e7d,2026-06-18T23:30:00Z,2026-06-19T01:30:00+0200,0.0,MW,FR,FR,forecast_solar_generation,Solar,2026-07-19T12:33:22Z
2026-07-19T12:32:12Z,2026-07-19T14:32:12+0200,f397dbef-7cdb-41f6-bba7-8b8b09f52e7d,2026-06-18T23:45:00Z,2026-06-19T01:45:00+0200,0.0,MW,FR,FR,forecast_solar_generation,Solar,2026-07-19T12:33:22Z
2026-07-19T12:32:12Z,2026-07-19T14:32:12+0200,f397dbef-7cdb-41f6-bba7-8b8b09f52e7d,2026-06-19T00:00:00Z,2026-06-19T02:00:00+0200,0.0,MW,FR,FR,forecast_solar_generation,Solar,2026-07-19T12:33:22Z
2026-07-19T12:32:12Z,2026-07-19T14:32:12+0200,f397dbef-7cdb-41f6-bba7-8b8b09f52e7d,2026-06-19T00:15:00Z,2026-06-19T02:15:00+0200,0.0,MW,FR,FR,forecast_solar_generation,Solar,2026-07-19T12:33:22Z
2026-07-19T12:32:12Z,2026-07-19T14:32:12+0200,f397dbef-7cdb-41f6-bba7-8b8b09f52e7d,2026-06-19T00:30:00Z,2026-06-19T02:30:00+0200,0.0,MW,FR,FR,forecast_solar_generation,Solar,2026-07-19T12:33:22Z
2026-07-19T12:32:12Z,2026-07-19T14:32:12+0200,f397dbef-7cdb-41f6-bba7-8b8b09f52e7d,2026-06-19T00:45:00Z,2026-06-19T02:45:00+0200,0.0,MW,FR,FR,forecast_solar_generation,Solar,2026-07-19T12:33:22Z
2026-07-19T12:32:12Z,2026-07-19T14:32:12+0200,f397dbef-7cdb-41f6-bba7-8b8b09f52e7d,2026-06-19T01:00:00Z,2026-06-19T03:00:00+0200,0.0,MW,FR,FR,forecast_solar_generation,Solar,2026-07-19T12:33:22Z
2026-07-19T12:32:12Z,2026-07-19T14:32:12+0200,f397dbef-7cdb-41f6-bba7-8b8b09f52e7d,2026-06-19T01:15:00Z,2026-06-19T03:15:00+0200,0.0,MW,FR,FR,forecast_solar_generation,Solar,2026-07-19T12:33:22Z
2026-07-19T12:32:12Z,2026-07-19T14:32:12+0200,f397dbef-7cdb-41f6-bba7-8b8b09f52e7d,2026-06-19T01:30:00Z,2026-06-19T03:30:00+0200,0.0,MW,FR,FR,forecast_solar_generation,Solar,2026-07-19T12:33:22Z
2026-07-19T12:32:12Z,2026-07-19T14:32:12+0200,f397dbef-7cdb-41f6-bba7-8b8b09f52e7d,2026-06-19T01:45:00Z,2026-06-19T03:45:00+0200,0.0,MW,FR,FR,forecast_solar_generation,Solar,2026-07-19T12:33:22Z
2026-07-19T12:32:12Z,2026-07-19T14:32:12+0200,f397dbef-7cdb-41f6-bba7-8b8b09f52e7d,2026-06-19T02:00:00Z,2026-06-19T04:00:00+0200,0.0,MW,FR,FR,forecast_solar_generation,Solar,2026-07-19T12:33:22Z
2026-07-19T12:32:12Z,2026-07-19T14:32:12+0200,f397dbef-7cdb-41f6-bba7-8b8b09f52e7d,2026-06-19T02:15:00Z,2026-06-19T04:15:00+0200,0.0,MW,FR,FR,forecast_solar_generation,Solar,2026-07-19T12:33:22Z
2026-07-19T12:32:12Z,2026-07-19T14:32:12+0200,f397dbef-7cdb-41f6-bba7-8b8b09f52e7d,2026-06-19T02:30:00Z,2026-06-19T04:30:00+0200,0.0,MW,FR,FR,forecast_solar_generation,Solar,2026-07-19T12:33:22Z
2026-07-19T12:32:12Z,2026-07-19T14:32:12+0200,f397dbef-7cdb-41f6-bba7-8b8b09f52e7d,2026-06-19T02:45:00Z,2026-06-19T04:45:00+0200,0.0,MW,FR,FR,forecast_solar_generation,Solar,2026-07-19T12:33:22Z
2026-07-19T12:32:12Z,2026-07-19T14:32:12+0200,f397dbef-7cdb-41f6-bba7-8b8b09f52e7d,2026-06-19T03:00:00Z,2026-06-19T05:00:00+0200,0.0,MW,FR,FR,forecast_solar_generation,Solar,2026-07-19T12:33:22Z
2026-07-19T12:32:12Z,2026-07-19T14:32:12+0200,f397dbef-7cdb-41f6-bba7-8b8b09f52e7d,2026-06-19T03:15:00Z,2026-06-19T05:15:00+0200,0.0,MW,FR,FR,forecast_solar_generation,Solar,2026-07-19T12:33:22Z
2026-07-19T12:32:12Z,2026-07-19T14:32:12+0200,f397dbef-7cdb-41f6-bba7-8b8b09f52e7d,2026-06-19T03:30:00Z,2026-06-19T05:30:00+0200,0.0,MW,FR,FR,forecast_solar_generation,Solar,2026-07-19T12:33:22Z
2026-07-19T12:32:12Z,2026-07-19T14:32:12+0200,f397dbef-7cdb-41f6-bba7-8b8b09f52e7d,2026-06-19T03:45:00Z,2026-06-19T05:45:00+0200,0.0,MW,FR,FR,forecast_solar_generation,Solar,2026-07-19T12:33:22Z
2026-07-19T12:32:12Z,2026-07-19T14:32:12+0200,f397dbef-7cdb-41f6-bba7-8b8b09f52e7d,2026-06-19T04:00:00Z,2026-06-19T06:00:00+0200,0.0,MW,FR,FR,forecast_solar_generation,Solar,2026-07-19T12:33:22Z
2026-07-19T12:32:12Z,2026-07-19T14:32:12+0200,f397dbef-7cdb-41f6-bba7-8b8b09f52e7d,2026-06-19T04:15:00Z,2026-06-19T06:15:00+0200,185.89294,MW,FR,FR,forecast_solar_generation,Solar,2026-07-19T12:33:22Z
2026-07-19T12:32:12Z,2026-07-19T14:32:12+0200,f397dbef-7cdb-41f6-bba7-8b8b09f52e7d,2026-06-19T04:30:00Z,2026-06-19T06:30:00+0200,310.79037,MW,FR,FR,forecast_solar_generation,Solar,2026-07-19T12:33:22Z
2026-07-19T12:32:12Z,2026-07-19T14:32:12+0200,f397dbef-7cdb-41f6-bba7-8b8b09f52e7d,2026-06-19T04:45:00Z,2026-06-19T06:45:00+0200,670.17804,MW,FR,FR,forecast_solar_generation,Solar,2026-07-19T12:33:22Z
2026-07-19T12:32:12Z,2026-07-19T14:32:12+0200,f397dbef-7cdb-41f6-bba7-8b8b09f52e7d,2026-06-19T05:00:00Z,2026-06-19T07:00:00+0200,1110.15308,MW,FR,FR,forecast_solar_generation,Solar,2026-07-19T12:33:22Z
2026-07-19T12:32:12Z,2026-07-19T14:32:12+0200,f397dbef-7cdb-41f6-bba7-8b8b09f52e7d,2026-06-19T05:15:00Z,2026-06-19T07:15:00+0200,1626.0675,MW,FR,FR,forecast_solar_generation,Solar,2026-07-19T12:33:22Z
2026-07-19T12:32:12Z,2026-07-19T14:32:12+0200,f397dbef-7cdb-41f6-bba7-8b8b09f52e7d,2026-06-19T05:30:00Z,2026-06-19T07:30:00+0200,2236.46582,MW,FR,FR,forecast_solar_generation,Solar,2026-07-19T12:33:22Z
2026-07-19T12:32:12Z,2026-07-19T14:32:12+0200,f397dbef-7cdb-41f6-bba7-8b8b09f52e7d,2026-06-19T05:45:00Z,2026-06-19T07:45:00+0200,3076.70557,MW,FR,FR,forecast_solar_generation,Solar,2026-07-19T12:33:22Z
2026-07-19T12:32:12Z,2026-07-19T14:32:12+0200,f397dbef-7cdb-41f6-bba7-8b8b09f52e7d,2026-06-19T06:00:00Z,2026-06-19T08:00:00+0200,3989.85376,MW,FR,FR,forecast_solar_generation,Solar,2026-07-19T12:33:22Z
2026-07-19T12:32:12Z,2026-07-19T14:32:12+0200,f397dbef-7cdb-41f6-bba7-8b8b09f52e7d,2026-06-19T06:15:00Z,2026-06-19T08:15:00+0200,5033.83789,MW,FR,FR,forecast_solar_generation,Solar,2026-07-19T12:33:22Z
2026-07-19T12:32:12Z,2026-07-19T14:32:12+0200,f397dbef-7cdb-41f6-bba7-8b8b09f52e7d,2026-06-19T06:30:00Z,2026-06-19T08:30:00+0200,6150.16992,MW,FR,FR,forecast_solar_generation,Solar,2026-07-19T12:33:22Z
2026-07-19T12:32:12Z,2026-07-19T14:32:12+0200,f397dbef-7cdb-41f6-bba7-8b8b09f52e7d,2026-06-19T06:45:00Z,2026-06-19T08:45:00+0200,7252.58057,MW,FR,FR,forecast_solar_generation,Solar,2026-07-19T12:33:22Z
2026-07-19T12:32:12Z,2026-07-19T14:32:12+0200,f397dbef-7cdb-41f6-bba7-8b8b09f52e7d,2026-06-19T07:00:00Z,2026-06-19T09:00:00+0200,8418.75781,MW,FR,FR,forecast_solar_generation,Solar,2026-07-19T12:33:22Z
2026-07-19T12:32:12Z,2026-07-19T14:32:12+0200,f397dbef-7cdb-41f6-bba7-8b8b09f52e7d,2026-06-19T07:15:00Z,2026-06-19T09:15:00+0200,9479.99609,MW,FR,FR,forecast_solar_generation,Solar,2026-07-19T12:33:22Z
2026-07-19T12:32:12Z,2026-07-19T14:32:12+0200,f397dbef-7cdb-41f6-bba7-8b8b09f52e7d,2026-06-19T07:30:00Z,2026-06-19T09:30:00+0200,10597.09473,MW,FR,FR,forecast_solar_generation,Solar,2026-07-19T12:33:22Z
2026-07-19T12:32:12Z,2026-07-19T14:32:12+0200,f397dbef-7cdb-41f6-bba7-8b8b09f52e7d,2026-06-19T07:45:00Z,2026-06-19T09:45:00+0200,11638.35742,MW,FR,FR,forecast_solar_generation,Solar,2026-07-19T12:33:22Z
2026-07-19T12:32:12Z,2026-07-19T14:32:12+0200,f397dbef-7cdb-41f6-bba7-8b8b09f52e7d,2026-06-19T08:00:00Z,2026-06-19T10:00:00+0200,12683.29688,MW,FR,FR,forecast_solar_generation,Solar,2026-07-19T12:33:22Z
2026-07-19T12:32:12Z,2026-07-19T14:32:12+0200,f397dbef-7cdb-41f6-bba7-8b8b09f52e7d,2026-06-19T08:15:00Z,2026-06-19T10:15:00+0200,13683.00488,MW,FR,FR,forecast_solar_generation,Solar,2026-07-19T12:33:22Z
2026-07-19T12:32:12Z,2026-07-19T14:32:12+0200,f397dbef-7cdb-41f6-bba7-8b8b09f52e7d,2026-06-19T08:30:00Z,2026-06-19T10:30:00+0200,14645.57812,MW,FR,FR,forecast_solar_generation,Solar,2026-07-19T12:33:22Z
2026-07-19T12:32:12Z,2026-07-19T14:32:12+0200,f397dbef-7cdb-41f6-bba7-8b8b09f52e7d,2026-06-19T08:45:00Z,2026-06-19T10:45:00+0200,15417.50977,MW,FR,FR,forecast_solar_generation,Solar,2026-07-19T12:33:22Z
2026-07-19T12:32:12Z,2026-07-19T14:32:12+0200,f397dbef-7cdb-41f6-bba7-8b8b09f52e7d,2026-06-19T09:00:00Z,2026-06-19T11:00:00+0200,16105.91992,MW,FR,FR,forecast_solar_generation,Solar,2026-07-19T12:33:22Z
2026-07-19T12:32:12Z,2026-07-19T14:32:12+0200,f397dbef-7cdb-41f6-bba7-8b8b09f52e7d,2026-06-19T09:15:00Z,2026-06-19T11:15:00+0200,16721.83789,MW,FR,FR,forecast_solar_generation,Solar,2026-07-19T12:33:22Z
2026-07-19T12:32:12Z,2026-07-19T14:32:12+0200,f397dbef-7cdb-41f6-bba7-8b8b09f52e7d,2026-06-19T09:30:00Z,2026-06-19T11:30:00+0200,17394.85742,MW,FR,FR,forecast_solar_generation,Solar,2026-07-19T12:33:22Z
2026-07-19T12:32:12Z,2026-07-19T14:32:12+0200,f397dbef-7cdb-41f6-bba7-8b8b09f52e7d,2026-06-19T09:45:00Z,2026-06-19T11:45:00+0200,17879.83789,MW,FR,FR,forecast_solar_generation,Solar,2026-07-19T12:33:22Z
2026-07-19T12:32:12Z,2026-07-19T14:32:12+0200,f397dbef-7cdb-41f6-bba7-8b8b09f52e7d,2026-06-19T10:00:00Z,2026-06-19T12:00:00+0200,18348.89648,MW,FR,FR,forecast_solar_generation,Solar,2026-07-19T12:33:22Z
2026-07-19T12:32:12Z,2026-07-19T14:32:12+0200,f397dbef-7cdb-41f6-bba7-8b8b09f52e7d,2026-06-19T10:15:00Z,2026-06-19T12:15:00+0200,18691.24609,MW,FR,FR,forecast_solar_generation,Solar,2026-07-19T12:33:22Z
2026-07-19T12:32:12Z,2026-07-19T14:32:12+0200,f397dbef-7cdb-41f6-bba7-8b8b09f52e7d,2026-06-19T10:30:00Z,2026-06-19T12:30:00+0200,19014.18945,MW,FR,FR,forecast_solar_generation,Solar,2026-07-19T12:33:22Z
2026-07-19T12:32:12Z,2026-07-19T14:32:12+0200,f397dbef-7cdb-41f6-bba7-8b8b09f52e7d,2026-06-19T10:45:00Z,2026-06-19T12:45:00+0200,19243.43555,MW,FR,FR,forecast_solar_generation,Solar,2026-07-19T12:33:22Z
2026-07-19T12:32:12Z,2026-07-19T14:32:12+0200,f397dbef-7cdb-41f6-bba7-8b8b09f52e7d,2026-06-19T11:00:00Z,2026-06-19T13:00:00+0200,19459.06055,MW,FR,FR,forecast_solar_generation,Solar,2026-07-19T12:33:22Z
2026-07-19T12:32:12Z,2026-07-19T14:32:12+0200,f397dbef-7cdb-41f6-bba7-8b8b09f52e7d,2026-06-19T11:15:00Z,2026-06-19T13:15:00+0200,19530.61719,MW,FR,FR,forecast_solar_generation,Solar,2026-07-19T12:33:22Z
2026-07-19T12:32:12Z,2026-07-19T14:32:12+0200,f397dbef-7cdb-41f6-bba7-8b8b09f52e7d,2026-06-19T11:30:00Z,2026-06-19T13:30:00+0200,19591.5,MW,FR,FR,forecast_solar_generation,Solar,2026-07-19T12:33:22Z
2026-07-19T12:32:12Z,2026-07-19T14:32:12+0200,f397dbef-7cdb-41f6-bba7-8b8b09f52e7d,2026-06-19T11:45:00Z,2026-06-19T13:45:00+0200,19606.33984,MW,FR,FR,forecast_solar_generation,Solar,2026-07-19T12:33:22Z
2026-07-19T12:32:12Z,2026-07-19T14:32:12+0200,f397dbef-7cdb-41f6-bba7-8b8b09f52e7d,2026-06-19T12:00:00Z,2026-06-19T14:00:00+0200,19590.03125,MW,FR,FR,forecast_solar_generation,Solar,2026-07-19T12:33:22Z
2026-07-19T12:32:12Z,2026-07-19T14:32:12+0200,f397dbef-7cdb-41f6-bba7-8b8b09f52e7d,2026-06-19T12:15:00Z,2026-06-19T14:15:00+0200,19473.84766,MW,FR,FR,forecast_solar_generation,Solar,2026-07-19T12:33:22Z
2026-07-19T12:32:12Z,2026-07-19T14:32:12+0200,f397dbef-7cdb-41f6-bba7-8b8b09f52e7d,2026-06-19T12:30:00Z,2026-06-19T14:30:00+0200,19341.79102,MW,FR,FR,forecast_solar_generation,Solar,2026-07-19T12:33:22Z
2026-07-19T12:32:12Z,2026-07-19T14:32:12+0200,f397dbef-7cdb-41f6-bba7-8b8b09f52e7d,2026-06-19T12:45:00Z,2026-06-19T14:45:00+0200,19154.65234,MW,FR,FR,forecast_solar_generation,Solar,2026-07-19T12:33:22Z
2026-07-19T12:32:12Z,2026-07-19T14:32:12+0200,f397dbef-7cdb-41f6-bba7-8b8b09f52e7d,2026-06-19T13:00:00Z,2026-06-19T15:00:00+0200,18850.8457,MW,FR,FR,forecast_solar_generation,Solar,2026-07-19T12:33:22Z
2026-07-19T12:32:12Z,2026-07-19T14:32:12+0200,f397dbef-7cdb-41f6-bba7-8b8b09f52e7d,2026-06-19T13:15:00Z,2026-06-19T15:15:00+0200,18439.8457,MW,FR,FR,forecast_solar_generation,Solar,2026-07-19T12:33:22Z
2026-07-19T12:32:12Z,2026-07-19T14:32:12+0200,f397dbef-7cdb-41f6-bba7-8b8b09f52e7d,2026-06-19T13:30:00Z,2026-06-19T15:30:00+0200,18026.41406,MW,FR,FR,forecast_solar_generation,Solar,2026-07-19T12:33:22Z
2026-07-19T12:32:12Z,2026-07-19T14:32:12+0200,f397dbef-7cdb-41f6-bba7-8b8b09f52e7d,2026-06-19T13:45:00Z,2026-06-19T15:45:00+0200,17578.45703,MW,FR,FR,forecast_solar_generation,Solar,2026-07-19T12:33:22Z
2026-07-19T12:32:12Z,2026-07-19T14:32:12+0200,f397dbef-7cdb-41f6-bba7-8b8b09f52e7d,2026-06-19T14:00:00Z,2026-06-19T16:00:00+0200,17107.66406,MW,FR,FR,forecast_solar_generation,Solar,2026-07-19T12:33:22Z
2026-07-19T12:32:12Z,2026-07-19T14:32:12+0200,f397dbef-7cdb-41f6-bba7-8b8b09f52e7d,2026-06-19T14:15:00Z,2026-06-19T16:15:00+0200,16640.60156,MW,FR,FR,forecast_solar_generation,Solar,2026-07-19T12:33:22Z
2026-07-19T12:32:12Z,2026-07-19T14:32:12+0200,f397dbef-7cdb-41f6-bba7-8b8b09f52e7d,2026-06-19T14:30:00Z,2026-06-19T16:30:00+0200,16116.44238,MW,FR,FR,forecast_solar_generation,Solar,2026-07-19T12:33:22Z
2026-07-19T12:32:12Z,2026-07-19T14:32:12+0200,f397dbef-7cdb-41f6-bba7-8b8b09f52e7d,2026-06-19T14:45:00Z,2026-06-19T16:45:00+0200,15429.47754,MW,FR,FR,forecast_solar_generation,Solar,2026-07-19T12:33:22Z
2026-07-19T12:32:12Z,2026-07-19T14:32:12+0200,f397dbef-7cdb-41f6-bba7-8b8b09f52e7d,2026-06-19T15:00:00Z,2026-06-19T17:00:00+0200,14753.85156,MW,FR,FR,forecast_solar_generation,Solar,2026-07-19T12:33:22Z
2026-07-19T12:32:12Z,2026-07-19T14:32:12+0200,f397dbef-7cdb-41f6-bba7-8b8b09f52e7d,2026-06-19T15:15:00Z,2026-06-19T17:15:00+0200,13993.49609,MW,FR,FR,forecast_solar_generation,Solar,2026-07-19T12:33:22Z
2026-07-19T12:32:12Z,2026-07-19T14:32:12+0200,f397dbef-7cdb-41f6-bba7-8b8b09f52e7d,2026-06-19T15:30:00Z,2026-06-19T17:30:00+0200,13181.38672,MW,FR,FR,forecast_solar_generation,Solar,2026-07-19T12:33:22Z
2026-07-19T12:32:12Z,2026-07-19T14:32:12+0200,f397dbef-7cdb-41f6-bba7-8b8b09f52e7d,2026-06-19T15:45:00Z,2026-06-19T17:45:00+0200,12345.32227,MW,FR,FR,forecast_solar_generation,Solar,2026-07-19T12:33:22Z
2026-07-19T12:32:12Z,2026-07-19T14:32:12+0200,f397dbef-7cdb-41f6-bba7-8b8b09f52e7d,2026-06-19T16:00:00Z,2026-06-19T18:00:00+0200,11386.7959,MW,FR,FR,forecast_solar_generation,Solar,2026-07-19T12:33:22Z
2026-07-19T12:32:12Z,2026-07-19T14:32:12+0200,f397dbef-7cdb-41f6-bba7-8b8b09f52e7d,2026-06-19T16:15:00Z,2026-06-19T18:15:00+0200,10416.58984,MW,FR,FR,forecast_solar_generation,Solar,2026-07-19T12:33:22Z
2026-07-19T12:32:12Z,2026-07-19T14:32:12+0200,f397dbef-7cdb-41f6-bba7-8b8b09f52e7d,2026-06-19T16:30:00Z,2026-06-19T18:30:00+0200,9397.55664,MW,FR,FR,forecast_solar_generation,Solar,2026-07-19T12:33:22Z
2026-07-19T12:32:12Z,2026-07-19T14:32:12+0200,f397dbef-7cdb-41f6-bba7-8b8b09f52e7d,2026-06-19T16:45:00Z,2026-06-19T18:45:00+0200,8495.35156,MW,FR,FR,forecast_solar_generation,Solar,2026-07-19T12:33:22Z
2026-07-19T12:32:12Z,2026-07-19T14:32:12+0200,f397dbef-7cdb-41f6-bba7-8b8b09f52e7d,2026-06-19T17:00:00Z,2026-06-19T19:00:00+0200,7376.92578,MW,FR,FR,forecast_solar_generation,Solar,2026-07-19T12:33:22Z
2026-07-19T12:32:12Z,2026-07-19T14:32:12+0200,f397dbef-7cdb-41f6-bba7-8b8b09f52e7d,2026-06-19T17:15:00Z,2026-06-19T19:15:00+0200,6380.15234,MW,FR,FR,forecast_solar_generation,Solar,2026-07-19T12:33:22Z
2026-07-19T12:32:12Z,2026-07-19T14:32:12+0200,f397dbef-7cdb-41f6-bba7-8b8b09f52e7d,2026-06-19T17:30:00Z,2026-06-19T19:30:00+0200,5257.11621,MW,FR,FR,forecast_solar_generation,Solar,2026-07-19T12:33:22Z
2026-07-19T12:32:12Z,2026-07-19T14:32:12+0200,f397dbef-7cdb-41f6-bba7-8b8b09f52e7d,2026-06-19T17:45:00Z,2026-06-19T19:45:00+0200,4375.33691,MW,FR,FR,forecast_solar_generation,Solar,2026-07-19T12:33:22Z
2026-07-19T12:32:12Z,2026-07-19T14:32:12+0200,f397dbef-7cdb-41f6-bba7-8b8b09f52e7d,2026-06-19T18:00:00Z,2026-06-19T20:00:00+0200,3401.13843,MW,FR,FR,forecast_solar_generation,Solar,2026-07-19T12:33:22Z
2026-07-19T12:32:12Z,2026-07-19T14:32:12+0200,f397dbef-7cdb-41f6-bba7-8b8b09f52e7d,2026-06-19T18:15:00Z,2026-06-19T20:15:00+0200,2610.21655,MW,FR,FR,forecast_solar_generation,Solar,2026-07-19T12:33:22Z
2026-07-19T12:32:12Z,2026-07-19T14:32:12+0200,f397dbef-7cdb-41f6-bba7-8b8b09f52e7d,2026-06-19T18:30:00Z,2026-06-19T20:30:00+0200,1897.02844,MW,FR,FR,forecast_solar_generation,Solar,2026-07-19T12:33:22Z
2026-07-19T12:32:12Z,2026-07-19T14:32:12+0200,f397dbef-7cdb-41f6-bba7-8b8b09f52e7d,2026-06-19T18:45:00Z,2026-06-19T20:45:00+0200,1384.73438,MW,FR,FR,forecast_solar_generation,Solar,2026-07-19T12:33:22Z
2026-07-19T12:32:12Z,2026-07-19T14:32:12+0200,f397dbef-7cdb-41f6-bba7-8b8b09f52e7d,2026-06-19T19:00:00Z,2026-06-19T21:00:00+0200,932.27087,MW,FR,FR,forecast_solar_generation,Solar,2026-07-19T12:33:22Z
2026-07-19T12:32:12Z,2026-07-19T14:32:12+0200,f397dbef-7cdb-41f6-bba7-8b8b09f52e7d,2026-06-19T19:15:00Z,2026-06-19T21:15:00+0200,538.0697,MW,FR,FR,forecast_solar_generation,Solar,2026-07-19T12:33:22Z
2026-07-19T12:32:12Z,2026-07-19T14:32:12+0200,f397dbef-7cdb-41f6-bba7-8b8b09f52e7d,2026-06-19T19:30:00Z,2026-06-19T21:30:00+0200,233.48186,MW,FR,FR,forecast_solar_generation,Solar,2026-07-19T12:33:22Z
2026-07-19T12:32:12Z,2026-07-19T14:32:12+0200,f397dbef-7cdb-41f6-bba7-8b8b09f52e7d,2026-06-19T19:45:00Z,2026-06-19T21:45:00+0200,95.29816,MW,FR,FR,forecast_solar_generation,Solar,2026-07-19T12:33:22Z
2026-07-19T12:32:12Z,2026-07-19T14:32:12+0200,f397dbef-7cdb-41f6-bba7-8b8b09f52e7d,2026-06-19T20:00:00Z,2026-06-19T22:00:00+0200,15.95471,MW,FR,FR,forecast_solar_generation,Solar,2026-07-19T12:33:22Z
2026-07-19T12:32:12Z,2026-07-19T14:32:12+0200,f397dbef-7cdb-41f6-bba7-8b8b09f52e7d,2026-06-19T20:15:00Z,2026-06-19T22:15:00+0200,0.02713,MW,FR,FR,forecast_solar_generation,Solar,2026-07-19T12:33:22Z
2026-07-19T12:32:12Z,2026-07-19T14:32:12+0200,f397dbef-7cdb-41f6-bba7-8b8b09f52e7d,2026-06-19T20:30:00Z,2026-06-19T22:30:00+0200,0.0,MW,FR,FR,forecast_solar_generation,Solar,2026-07-19T12:33:22Z
2026-07-19T12:32:12Z,2026-07-19T14:32:12+0200,f397dbef-7cdb-41f6-bba7-8b8b09f52e7d,2026-06-19T20:45:00Z,2026-06-19T22:45:00+0200,0.0,MW,FR,FR,forecast_solar_generation,Solar,2026-07-19T12:33:22Z
2026-07-19T12:32:12Z,2026-07-19T14:32:12+0200,f397dbef-7cdb-41f6-bba7-8b8b09f52e7d,2026-06-19T21:00:00Z,2026-06-19T23:00:00+0200,0.0,MW,FR,FR,forecast_solar_generation,Solar,2026-07-19T12:33:22Z
2026-07-19T12:32:12Z,2026-07-19T14:32:12+0200,f397dbef-7cdb-41f6-bba7-8b8b09f52e7d,2026-06-19T21:15:00Z,2026-06-19T23:15:00+0200,0.0,MW,FR,FR,forecast_solar_generation,Solar,2026-07-19T12:33:22Z
2026-07-19T12:32:12Z,2026-07-19T14:32:12+0200,f397dbef-7cdb-41f6-bba7-8b8b09f52e7d,2026-06-19T21:30:00Z,2026-06-19T23:30:00+0200,0.0,MW,FR,FR,forecast_solar_generation,Solar,2026-07-19T12:33:22Z
2026-07-19T12:32:12Z,2026-07-19T14:32:12+0200,f397dbef-7cdb-41f6-bba7-8b8b09f52e7d,2026-06-19T21:45:00Z,2026-06-19T23:45:00+0200,0.0,MW,FR,FR,forecast_solar_generation,Solar,2026-07-19T12:33:22Z
2026-07-19T12:32:12Z,2026-07-19T14:32:12+0200,f397dbef-7cdb-41f6-bba7-8b8b09f52e7d,2026-06-19T22:00:00Z,2026-06-20T00:00:00+0200,0.0,MW,FR,FR,forecast_solar_generation,Solar,2026-07-19T12:33:22Z
2026-07-19T12:32:12Z,2026-07-19T14:32:12+0200,f397dbef-7cdb-41f6-bba7-8b8b09f52e7d,2026-06-19T22:15:00Z,2026-06-20T00:15:00+0200,0.0,MW,FR,FR,forecast_solar_generation,Solar,2026-07-19T12:33:22Z
2026-07-19T12:32:12Z,2026-07-19T14:32:12+0200,f397dbef-7cdb-41f6-bba7-8b8b09f52e7d,2026-06-19T22:30:00Z,2026-06-20T00:30:00+0200,0.0,MW,FR,FR,forecast_solar_generation,Solar,2026-07-19T12:33:22Z
2026-07-19T12:32:12Z,2026-07-19T14:32:12+0200,f397dbef-7cdb-41f6-bba7-8b8b09f52e7d,2026-06-19T22:45:00Z,2026-06-20T00:45:00+0200,0.0,MW,FR,FR,forecast_solar_generation,Solar,2026-07-19T12:33:22Z
2026-07-19T12:32:12Z,2026-07-19T14:32:12+0200,f397dbef-7cdb-41f6-bba7-8b8b09f52e7d,2026-06-19T23:00:00Z,2026-06-20T01:00:00+0200,0.0,MW,FR,FR,forecast_solar_generation,Solar,2026-07-19T12:33:22Z
2026-07-19T12:32:12Z,2026-07-19T14:32:12+0200,f397dbef-7cdb-41f6-bba7-8b8b09f52e7d,2026-06-19T23:15:00Z,2026-06-20T01:15:00+0200,0.0,MW,FR,FR,forecast_solar_generation,Solar,2026-07-19T12:33:22Z
2026-07-19T12:32:12Z,2026-07-19T14:32:12+0200,f397dbef-7cdb-41f6-bba7-8b8b09f52e7d,2026-06-19T23:30:00Z,2026-06-20T01:30:00+0200,0.0,MW,FR,FR,forecast_solar_generation,Solar,2026-07-19T12:33:22Z
2026-07-19T12:32:12Z,2026-07-19T14:32:12+0200,f397dbef-7cdb-41f6-bba7-8b8b09f52e7d,2026-06-19T23:45:00Z,2026-06-20T01:45:00+0200,0.0,MW,FR,FR,forecast_solar_generation,Solar,2026-07-19T12:33:22Z
2026-07-19T12:32:12Z,2026-07-19T14:32:12+0200,f397dbef-7cdb-41f6-bba7-8b8b09f52e7d,2026-06-20T00:00:00Z,2026-06-20T02:00:00+0200,0.0,MW,FR,FR,forecast_solar_generation,Solar,2026-07-19T12:33:22Z
2026-07-19T12:32:12Z,2026-07-19T14:32:12+0200,f397dbef-7cdb-41f6-bba7-8b8b09f52e7d,2026-06-20T00:15:00Z,2026-06-20T02:15:00+0200,0.0,MW,FR,FR,forecast_solar_generation,Solar,2026-07-19T12:33:22Z
2026-07-19T12:32:12Z,2026-07-19T14:32:12+0200,f397dbef-7cdb-41f6-bba7-8b8b09f52e7d,2026-06-20T00:30:00Z,2026-06-20T02:30:00+0200,0.0,MW,FR,FR,forecast_solar_generation,Solar,2026-07-19T12:33:22Z
2026-07-19T12:32:12Z,2026-07-19T14:32:12+0200,f397dbef-7cdb-41f6-bba7-8b8b09f52e7d,2026-06-20T00:45:00Z,2026-06-20T02:45:00+0200,0.0,MW,FR,FR,forecast_solar_generation,Solar,2026-07-19T12:33:22Z
2026-07-19T12:32:12Z,2026-07-19T14:32:12+0200,f397dbef-7cdb-41f6-bba7-8b8b09f52e7d,2026-06-20T01:00:00Z,2026-06-20T03:00:00+0200,0.0,MW,FR,FR,forecast_solar_generation,Solar,2026-07-19T12:33:22Z
2026-07-19T12:32:12Z,2026-07-19T14:32:12+0200,f397dbef-7cdb-41f6-bba7-8b8b09f52e7d,2026-06-20T01:15:00Z,2026-06-20T03:15:00+0200,0.0,MW,FR,FR,forecast_solar_generation,Solar,2026-07-19T12:33:22Z
2026-07-19T12:32:12Z,2026-07-19T14:32:12+0200,f397dbef-7cdb-41f6-bba7-8b8b09f52e7d,2026-06-20T01:30:00Z,2026-06-20T03:30:00+0200,0.0,MW,FR,FR,forecast_solar_generation,Solar,2026-07-19T12:33:22Z
2026-07-19T12:32:12Z,2026-07-19T14:32:12+0200,f397dbef-7cdb-41f6-bba7-8b8b09f52e7d,2026-06-20T01:45:00Z,2026-06-20T03:45:00+0200,0.0,MW,FR,FR,forecast_solar_generation,Solar,2026-07-19T12:33:22Z
2026-07-19T12:32:12Z,2026-07-19T14:32:12+0200,f397dbef-7cdb-41f6-bba7-8b8b09f52e7d,2026-06-20T02:00:00Z,2026-06-20T04:00:00+0200,0.0,MW,FR,FR,forecast_solar_generation,Solar,2026-07-19T12:33:22Z
2026-07-19T12:32:12Z,2026-07-19T14:32:12+0200,f397dbef-7cdb-41f6-bba7-8b8b09f52e7d,2026-06-20T02:15:00Z,2026-06-20T04:15:00+0200,0.0,MW,FR,FR,forecast_solar_generation,Solar,2026-07-19T12:33:22Z
2026-07-19T12:32:12Z,2026-07-19T14:32:12+0200,f397dbef-7cdb-41f6-bba7-8b8b09f52e7d,2026-06-20T02:30:00Z,2026-06-20T04:30:00+0200,0.0,MW,FR,FR,forecast_solar_generation,Solar,2026-07-19T12:33:22Z
2026-07-19T12:32:12Z,2026-07-19T14:32:12+0200,f397dbef-7cdb-41f6-bba7-8b8b09f52e7d,2026-06-20T02:45:00Z,2026-06-20T04:45:00+0200,0.0,MW,FR,FR,forecast_solar_generation,Solar,2026-07-19T12:33:22Z
2026-07-19T12:32:12Z,2026-07-19T14:32:12+0200,f397dbef-7cdb-41f6-bba7-8b8b09f52e7d,2026-06-20T03:00:00Z,2026-06-20T05:00:00+0200,0.0,MW,FR,FR,forecast_solar_generation,Solar,2026-07-19T12:33:22Z
2026-07-19T12:32:12Z,2026-07-19T14:32:12+0200,f397dbef-7cdb-41f6-bba7-8b8b09f52e7d,2026-06-20T03:15:00Z,2026-06-20T05:15:00+0200,0.0,MW,FR,FR,forecast_solar_generation,Solar,2026-07-19T12:33:22Z
2026-07-19T12:32:12Z,2026-07-19T14:32:12+0200,f397dbef-7cdb-41f6-bba7-8b8b09f52e7d,2026-06-20T03:30:00Z,2026-06-20T05:30:00+0200,0.0,MW,FR,FR,forecast_solar_generation,Solar,2026-07-19T12:33:22Z
2026-07-19T12:32:12Z,2026-07-19T14:32:12+0200,f397dbef-7cdb-41f6-bba7-8b8b09f52e7d,2026-06-20T03:45:00Z,2026-06-20T05:45:00+0200,0.0,MW,FR,FR,forecast_solar_generation,Solar,2026-07-19T12:33:22Z
2026-07-19T12:32:12Z,2026-07-19T14:32:12+0200,f397dbef-7cdb-41f6-bba7-8b8b09f52e7d,2026-06-20T04:00:00Z,2026-06-20T06:00:00+0200,0.0,MW,FR,FR,forecast_solar_generation,Solar,2026-07-19T12:33:22Z
2026-07-19T12:32:12Z,2026-07-19T14:32:12+0200,f397dbef-7cdb-41f6-bba7-8b8b09f52e7d,2026-06-20T04:15:00Z,2026-06-20T06:15:00+0200,177.47026,MW,FR,FR,forecast_solar_generation,Solar,2026-07-19T12:33:22Z
2026-07-19T12:32:12Z,2026-07-19T14:32:12+0200,f397dbef-7cdb-41f6-bba7-8b8b09f52e7d,2026-06-20T04:30:00Z,2026-06-20T06:30:00+0200,299.54095,MW,FR,FR,forecast_solar_generation,Solar,2026-07-19T12:33:22Z
2026-07-19T12:32:12Z,2026-07-19T14:32:12+0200,f397dbef-7cdb-41f6-bba7-8b8b09f52e7d,2026-06-20T04:45:00Z,2026-06-20T06:45:00+0200,657.81567,MW,FR,FR,forecast_solar_generation,Solar,2026-07-19T12:33:22Z
2026-07-19T12:32:12Z,2026-07-19T14:32:12+0200,f397dbef-7cdb-41f6-bba7-8b8b09f52e7d,2026-06-20T05:00:00Z,2026-06-20T07:00:00+0200,1084.18286,MW,FR,FR,forecast_solar_generation,Solar,2026-07-19T12:33:22Z
2026-07-19T12:32:12Z,2026-07-19T14:32:12+0200,f397dbef-7cdb-41f6-bba7-8b8b09f52e7d,2026-06-20T05:15:00Z,2026-06-20T07:15:00+0200,1607.49988,MW,FR,FR,forecast_solar_generation,Solar,2026-07-19T12:33:22Z
2026-07-19T12:32:12Z,2026-07-19T14:32:12+0200,f397dbef-7cdb-41f6-bba7-8b8b09f52e7d,2026-06-20T05:30:00Z,2026-06-20T07:30:00+0200,2192.62866,MW,FR,FR,forecast_solar_generation,Solar,2026-07-19T12:33:22Z
2026-07-19T12:32:12Z,2026-07-19T14:32:12+0200,f397dbef-7cdb-41f6-bba7-8b8b09f52e7d,2026-06-20T05:45:00Z,2026-06-20T07:45:00+0200,3018.90405,MW,FR,FR,forecast_solar_generation,Solar,2026-07-19T12:33:22Z
2026-07-19T12:32:12Z,2026-07-19T14:32:12+0200,f397dbef-7cdb-41f6-bba7-8b8b09f52e7d,2026-06-20T06:00:00Z,2026-06-20T08:00:00+0200,3912.71899,MW,FR,FR,forecast_solar_generation,Solar,2026-07-19T12:33:22Z
2026-07-19T12:32:12Z,2026-07-19T14:32:12+0200,f397dbef-7cdb-41f6-bba7-8b8b09f52e7d,2026-06-20T06:15:00Z,2026-06-20T08:15:00+0200,4905.24951,MW,FR,FR,forecast_solar_generation,Solar,2026-07-19T12:33:22Z
2026-07-19T12:32:12Z,2026-07-19T14:32:12+0200,f397dbef-7cdb-41f6-bba7-8b8b09f52e7d,2026-06-20T06:30:00Z,2026-06-20T08:30:00+0200,5989.72461,MW,FR,FR,forecast_solar_generation,Solar,2026-07-19T12:33:22Z
2026-07-19T12:32:12Z,2026-07-19T14:32:12+0200,f397dbef-7cdb-41f6-bba7-8b8b09f52e7d,2026-06-20T06:45:00Z,2026-06-20T08:45:00+0200,7066.31787,MW,FR,FR,forecast_solar_generation,Solar,2026-07-19T12:33:22Z
2026-07-19T12:32:12Z,2026-07-19T14:32:12+0200,f397dbef-7cdb-41f6-bba7-8b8b09f52e7d,2026-06-20T07:00:00Z,2026-06-20T09:00:00+0200,8174.20752,MW,FR,FR,forecast_solar_generation,Solar,2026-07-19T12:33:22Z
2026-07-19T12:32:12Z,2026-07-19T14:32:12+0200,f397dbef-7cdb-41f6-bba7-8b8b09f52e7d,2026-06-20T07:15:00Z,2026-06-20T09:15:00+0200,9216.35449,MW,FR,FR,forecast_solar_generation,Solar,2026-07-19T12:33:22Z
2026-07-19T12:32:12Z,2026-07-19T14:32:12+0200,f397dbef-7cdb-41f6-bba7-8b8b09f52e7d,2026-06-20T07:30:00Z,2026-06-20T09:30:00+0200,10305.84473,MW,FR,FR,forecast_solar_generation,Solar,2026-07-19T12:33:22Z
2026-07-19T12:32:12Z,2026-07-19T14:32:12+0200,f397dbef-7cdb-41f6-bba7-8b8b09f52e7d,2026-06-20T07:45:00Z,2026-06-20T09:45:00+0200,11333.00195,MW,FR,FR,forecast_solar_generation,Solar,2026-07-19T12:33:22Z
2026-07-19T12:32:12Z,2026-07-19T14:32:12+0200,f397dbef-7cdb-41f6-bba7-8b8b09f52e7d,2026-06-20T08:00:00Z,2026-06-20T10:00:00+0200,12366.61719,MW,FR,FR,forecast_solar_generation,Solar,2026-07-19T12:33:22Z
2026-07-19T12:32:12Z,2026-07-19T14:32:12+0200,f397dbef-7cdb-41f6-bba7-8b8b09f52e7d,2026-06-20T08:15:00Z,2026-06-20T10:15:00+0200,13362.24219,MW,FR,FR,forecast_solar_generation,Solar,2026-07-19T12:33:22Z
2026-07-19T12:32:12Z,2026-07-19T14:32:12+0200,f397dbef-7cdb-41f6-bba7-8b8b09f52e7d,2026-06-20T08:30:00Z,2026-06-20T10:30:00+0200,14273.06445,MW,FR,FR,forecast_solar_generation,Solar,2026-07-19T12:33:22Z
2026-07-19T12:32:12Z,2026-07-19T14:32:12+0200,f397dbef-7cdb-41f6-bba7-8b8b09f52e7d,2026-06-20T08:45:00Z,2026-06-20T10:45:00+0200,15061.19824,MW,FR,FR,forecast_solar_generation,Solar,2026-07-19T12:33:22Z
2026-07-19T12:32:12Z,2026-07-19T14:32:12+0200,f397dbef-7cdb-41f6-bba7-8b8b09f52e7d,2026-06-20T09:00:00Z,2026-06-20T11:00:00+0200,15787.75391,MW,FR,FR,forecast_solar_generation,Solar,2026-07-19T12:33:22Z
2026-07-19T12:32:12Z,2026-07-19T14:32:12+0200,f397dbef-7cdb-41f6-bba7-8b8b09f52e7d,2026-06-20T09:15:00Z,2026-06-20T11:15:00+0200,16446.23047,MW,FR,FR,forecast_solar_generation,Solar,2026-07-19T12:33:22Z
2026-07-19T12:32:12Z,2026-07-19T14:32:12+0200,f397dbef-7cdb-41f6-bba7-8b8b09f52e7d,2026-06-20T09:30:00Z,2026-06-20T11:30:00+0200,17109.97656,MW,FR,FR,forecast_solar_generation,Solar,2026-07-19T12:33:22Z
2026-07-19T12:32:12Z,2026-07-19T14:32:12+0200,f397dbef-7cdb-41f6-bba7-8b8b09f52e7d,2026-06-20T09:45:00Z,2026-06-20T11:45:00+0200,13337.13477,MW,FR,FR,forecast_solar_generation,Solar,2026-07-19T12:33:22Z
2026-07-19T12:32:12Z,2026-07-19T14:32:12+0200,f397dbef-7cdb-41f6-bba7-8b8b09f52e7d,2026-06-20T10:00:00Z,2026-06-20T12:00:00+0200,13711.69824,MW,FR,FR,forecast_solar_generation,Solar,2026-07-19T12:33:22Z
2026-07-19T12:32:12Z,2026-07-19T14:32:12+0200,f397dbef-7cdb-41f6-bba7-8b8b09f52e7d,2026-06-20T10:15:00Z,2026-06-20T12:15:00+0200,14032.70996,MW,FR,FR,forecast_solar_generation,Solar,2026-07-19T12:33:22Z
2026-07-19T12:32:12Z,2026-07-19T14:32:12+0200,f397dbef-7cdb-41f6-bba7-8b8b09f52e7d,2026-06-20T10:30:00Z,2026-06-20T12:30:00+0200,14336.05566,MW,FR,FR,forecast_solar_generation,Solar,2026-07-19T12:33:22Z
2026-07-19T12:32:12Z,2026-07-19T14:32:12+0200,f397dbef-7cdb-41f6-bba7-8b8b09f52e7d,2026-06-20T10:45:00Z,2026-06-20T12:45:00+0200,14546.8916,MW,FR,FR,forecast_solar_generation,Solar,2026-07-19T12:33:22Z
2026-07-19T12:32:12Z,2026-07-19T14:32:12+0200,f397dbef-7cdb-41f6-bba7-8b8b09f52e7d,2026-06-20T11:00:00Z,2026-06-20T13:00:00+0200,14746.25195,MW,FR,FR,forecast_solar_generation,Solar,2026-07-19T12:33:22Z
2026-07-19T12:32:12Z,2026-07-19T14:32:12+0200,f397dbef-7cdb-41f6-bba7-8b8b09f52e7d,2026-06-20T11:15:00Z,2026-06-20T13:15:00+0200,14866.21191,MW,FR,FR,forecast_solar_generation,Solar,2026-07-19T12:33:22Z
2026-07-19T12:32:12Z,2026-07-19T14:32:12+0200,f397dbef-7cdb-41f6-bba7-8b8b09f52e7d,2026-06-20T11:30:00Z,2026-06-20T13:30:00+0200,14932.42383,MW,FR,FR,forecast_solar_generation,Solar,2026-07-19T12:33:22Z
2026-07-19T12:32:12Z,2026-07-19T14:32:12+0200,f397dbef-7cdb-41f6-bba7-8b8b09f52e7d,2026-06-20T11:45:00Z,2026-06-20T13:45:00+0200,14944.75391,MW,FR,FR,forecast_solar_generation,Solar,2026-07-19T12:33:22Z
2026-07-19T12:32:12Z,2026-07-19T14:32:12+0200,f397dbef-7cdb-41f6-bba7-8b8b09f52e7d,2026-06-20T12:00:00Z,2026-06-20T14:00:00+0200,14932.79102,MW,FR,FR,forecast_solar_generation,Solar,2026-07-19T12:33:22Z
2026-07-19T12:32:12Z,2026-07-19T14:32:12+0200,f397dbef-7cdb-41f6-bba7-8b8b09f52e7d,2026-06-20T12:15:00Z,2026-06-20T14:15:00+0200,14856.0332,MW,FR,FR,forecast_solar_generation,Solar,2026-07-19T12:33:22Z
2026-07-19T12:32:12Z,2026-07-19T14:32:12+0200,f397dbef-7cdb-41f6-bba7-8b8b09f52e7d,2026-06-20T12:30:00Z,2026-06-20T14:30:00+0200,14764.27832,MW,FR,FR,forecast_solar_generation,Solar,2026-07-19T12:33:22Z
2026-07-19T12:32:12Z,2026-07-19T14:32:12+0200,f397dbef-7cdb-41f6-bba7-8b8b09f52e7d,2026-06-20T12:45:00Z,2026-06-20T14:45:00+0200,14594.53516,MW,FR,FR,forecast_solar_generation,Solar,2026-07-19T12:33:22Z
2026-07-19T12:32:12Z,2026-07-19T14:32:12+0200,f397dbef-7cdb-41f6-bba7-8b8b09f52e7d,2026-06-20T13:00:00Z,2026-06-20T15:00:00+0200,14351.98242,MW,FR,FR,forecast_solar_generation,Solar,2026-07-19T12:33:22Z
2026-07-19T12:32:12Z,2026-07-19T14:32:12+0200,f397dbef-7cdb-41f6-bba7-8b8b09f52e7d,2026-06-20T13:15:00Z,2026-06-20T15:15:00+0200,18410.33398,MW,FR,FR,forecast_solar_generation,Solar,2026-07-19T12:33:22Z
2026-07-19T12:32:12Z,2026-07-19T14:32:12+0200,f397dbef-7cdb-41f6-bba7-8b8b09f52e7d,2026-06-20T13:30:00Z,2026-06-20T15:30:00+0200,17944.55273,MW,FR,FR,forecast_solar_generation,Solar,2026-07-19T12:33:22Z
2026-07-19T12:32:12Z,2026-07-19T14:32:12+0200,f397dbef-7cdb-41f6-bba7-8b8b09f52e7d,2026-06-20T13:45:00Z,2026-06-20T15:45:00+0200,17383.55469,MW,FR,FR,forecast_solar_generation,Solar,2026-07-19T12:33:22Z
2026-07-19T12:32:12Z,2026-07-19T14:32:12+0200,f397dbef-7cdb-41f6-bba7-8b8b09f52e7d,2026-06-20T14:00:00Z,2026-06-20T16:00:00+0200,16770.5918,MW,FR,FR,forecast_solar_generation,Solar,2026-07-19T12:33:22Z
2026-07-19T12:32:12Z,2026-07-19T14:32:12+0200,f397dbef-7cdb-41f6-bba7-8b8b09f52e7d,2026-06-20T14:15:00Z,2026-06-20T16:15:00+0200,16182.29102,MW,FR,FR,forecast_solar_generation,Solar,2026-07-19T12:33:22Z
2026-07-19T12:32:12Z,2026-07-19T14:32:12+0200,f397dbef-7cdb-41f6-bba7-8b8b09f52e7d,2026-06-20T14:30:00Z,2026-06-20T16:30:00+0200,15516.70215,MW,FR,FR,forecast_solar_generation,Solar,2026-07-19T12:33:22Z
2026-07-19T12:32:12Z,2026-07-19T14:32:12+0200,f397dbef-7cdb-41f6-bba7-8b8b09f52e7d,2026-06-20T14:45:00Z,2026-06-20T16:45:00+0200,14791.86426,MW,FR,FR,forecast_solar_generation,Solar,2026-07-19T12:33:22Z
2026-07-19T12:32:12Z,2026-07-19T14:32:12+0200,f397dbef-7cdb-41f6-bba7-8b8b09f52e7d,2026-06-20T15:00:00Z,2026-06-20T17:00:00+0200,14001.79395,MW,FR,FR,forecast_solar_generation,Solar,2026-07-19T12:33:22Z
2026-07-19T12:32:12Z,2026-07-19T14:32:12+0200,f397dbef-7cdb-41f6-bba7-8b8b09f52e7d,2026-06-20T15:15:00Z,2026-06-20T17:15:00+0200,13182.68848,MW,FR,FR,forecast_solar_generation,Solar,2026-07-19T12:33:22Z
2026-07-19T12:32:12Z,2026-07-19T14:32:12+0200,f397dbef-7cdb-41f6-bba7-8b8b09f52e7d,2026-06-20T15:30:00Z,2026-06-20T17:30:00+0200,12351.91016,MW,FR,FR,forecast_solar_generation,Solar,2026-07-19T12:33:22Z
2026-07-19T12:32:12Z,2026-07-19T14:32:12+0200,f397dbef-7cdb-41f6-bba7-8b8b09f52e7d,2026-06-20T15:45:00Z,2026-06-20T17:45:00+0200,11550.81836,MW,FR,FR,forecast_solar_generation,Solar,2026-07-19T12:33:22Z
2026-07-19T12:32:12Z,2026-07-19T14:32:12+0200,f397dbef-7cdb-41f6-bba7-8b8b09f52e7d,2026-06-20T16:00:00Z,2026-06-20T18:00:00+0200,10653.74805,MW,FR,FR,forecast_solar_generation,Solar,2026-07-19T12:33:22Z
2026-07-19T12:32:12Z,2026-07-19T14:32:12+0200,f397dbef-7cdb-41f6-bba7-8b8b09f52e7d,2026-06-20T16:15:00Z,2026-06-20T18:15:00+0200,9708.10742,MW,FR,FR,forecast_solar_generation,Solar,2026-07-19T12:33:22Z
2026-07-19T12:32:12Z,2026-07-19T14:32:12+0200,f397dbef-7cdb-41f6-bba7-8b8b09f52e7d,2026-06-20T16:30:00Z,2026-06-20T18:30:00+0200,8763.44727,MW,FR,FR,forecast_solar_generation,Solar,2026-07-19T12:33:22Z
2026-07-19T12:32:12Z,2026-07-19T14:32:12+0200,f397dbef-7cdb-41f6-bba7-8b8b09f52e7d,2026-06-20T16:45:00Z,2026-06-20T18:45:00+0200,7900.64453,MW,FR,FR,forecast_solar_generation,Solar,2026-07-19T12:33:22Z
2026-07-19T12:32:12Z,2026-07-19T14:32:12+0200,f397dbef-7cdb-41f6-bba7-8b8b09f52e7d,2026-06-20T17:00:00Z,2026-06-20T19:00:00+0200,6870.80127,MW,FR,FR,forecast_solar_generation,Solar,2026-07-19T12:33:22Z
2026-07-19T12:32:12Z,2026-07-19T14:32:12+0200,f397dbef-7cdb-41f6-bba7-8b8b09f52e7d,2026-06-20T17:15:00Z,2026-06-20T19:15:00+0200,5965.78125,MW,FR,FR,forecast_solar_generation,Solar,2026-07-19T12:33:22Z
2026-07-19T12:32:12Z,2026-07-19T14:32:12+0200,f397dbef-7cdb-41f6-bba7-8b8b09f52e7d,2026-06-20T17:30:00Z,2026-06-20T19:30:00+0200,4912.03809,MW,FR,FR,forecast_solar_generation,Solar,2026-07-19T12:33:22Z
2026-07-19T12:32:12Z,2026-07-19T14:32:12+0200,f397dbef-7cdb-41f6-bba7-8b8b09f52e7d,2026-06-20T17:45:00Z,2026-06-20T19:45:00+0200,4124.87793,MW,FR,FR,forecast_solar_generation,Solar,2026-07-19T12:33:22Z
2026-07-19T12:32:12Z,2026-07-19T14:32:12+0200,f397dbef-7cdb-41f6-bba7-8b8b09f52e7d,2026-06-20T18:00:00Z,2026-06-20T20:00:00+0200,3195.47388,MW,FR,FR,forecast_solar_generation,Solar,2026-07-19T12:33:22Z
2026-07-19T12:32:12Z,2026-07-19T14:32:12+0200,f397dbef-7cdb-41f6-bba7-8b8b09f52e7d,2026-06-20T18:15:00Z,2026-06-20T20:15:00+0200,2484.49463,MW,FR,FR,forecast_solar_generation,Solar,2026-07-19T12:33:22Z
2026-07-19T12:32:12Z,2026-07-19T14:32:12+0200,f397dbef-7cdb-41f6-bba7-8b8b09f52e7d,2026-06-20T18:30:00Z,2026-06-20T20:30:00+0200,1802.06494,MW,FR,FR,forecast_solar_generation,Solar,2026-07-19T12:33:22Z
2026-07-19T12:32:12Z,2026-07-19T14:32:12+0200,f397dbef-7cdb-41f6-bba7-8b8b09f52e7d,2026-06-20T18:45:00Z,2026-06-20T20:45:00+0200,1328.20056,MW,FR,FR,forecast_solar_generation,Solar,2026-07-19T12:33:22Z
2026-07-19T12:32:12Z,2026-07-19T14:32:12+0200,f397dbef-7cdb-41f6-bba7-8b8b09f52e7d,2026-06-20T19:00:00Z,2026-06-20T21:00:00+0200,893.15076,MW,FR,FR,forecast_solar_generation,Solar,2026-07-19T12:33:22Z
2026-07-19T12:32:12Z,2026-07-19T14:32:12+0200,f397dbef-7cdb-41f6-bba7-8b8b09f52e7d,2026-06-20T19:15:00Z,2026-06-20T21:15:00+0200,517.33252,MW,FR,FR,forecast_solar_generation,Solar,2026-07-19T12:33:22Z
2026-07-19T12:32:12Z,2026-07-19T14:32:12+0200,f397dbef-7cdb-41f6-bba7-8b8b09f52e7d,2026-06-20T19:30:00Z,2026-06-20T21:30:00+0200,226.66776,MW,FR,FR,forecast_solar_generation,Solar,2026-07-19T12:33:22Z
2026-07-19T12:32:12Z,2026-07-19T14:32:12+0200,f397dbef-7cdb-41f6-bba7-8b8b09f52e7d,2026-06-20T19:45:00Z,2026-06-20T21:45:00+0200,86.65946,MW,FR,FR,forecast_solar_generation,Solar,2026-07-19T12:33:22Z
2026-07-19T12:32:12Z,2026-07-19T14:32:12+0200,f397dbef-7cdb-41f6-bba7-8b8b09f52e7d,2026-06-20T20:00:00Z,2026-06-20T22:00:00+0200,14.97526,MW,FR,FR,forecast_solar_generation,Solar,2026-07-19T12:33:22Z
2026-07-19T12:32:12Z,2026-07-19T14:32:12+0200,f397dbef-7cdb-41f6-bba7-8b8b09f52e7d,2026-06-20T20:15:00Z,2026-06-20T22:15:00+0200,0.05755,MW,FR,FR,forecast_solar_generation,Solar,2026-07-19T12:33:22Z
2026-07-19T12:32:12Z,2026-07-19T14:32:12+0200,f397dbef-7cdb-41f6-bba7-8b8b09f52e7d,2026-06-20T20:30:00Z,2026-06-20T22:30:00+0200,0.0,MW,FR,FR,forecast_solar_generation,Solar,2026-07-19T12:33:22Z
2026-07-19T12:32:12Z,2026-07-19T14:32:12+0200,f397dbef-7cdb-41f6-bba7-8b8b09f52e7d,2026-06-20T20:45:00Z,2026-06-20T22:45:00+0200,0.0,MW,FR,FR,forecast_solar_generation,Solar,2026-07-19T12:33:22Z
2026-07-19T12:32:12Z,2026-07-19T14:32:12+0200,f397dbef-7cdb-41f6-bba7-8b8b09f52e7d,2026-06-20T21:00:00Z,2026-06-20T23:00:00+0200,0.0,MW,FR,FR,forecast_solar_generation,Solar,2026-07-19T12:33:22Z
2026-07-19T12:32:12Z,2026-07-19T14:32:12+0200,f397dbef-7cdb-41f6-bba7-8b8b09f52e7d,2026-06-20T21:15:00Z,2026-06-20T23:15:00+0200,0.0,MW,FR,FR,forecast_solar_generation,Solar,2026-07-19T12:33:22Z
2026-07-19T12:32:12Z,2026-07-19T14:32:12+0200,f397dbef-7cdb-41f6-bba7-8b8b09f52e7d,2026-06-20T21:30:00Z,2026-06-20T23:30:00+0200,0.0,MW,FR,FR,forecast_solar_generation,Solar,2026-07-19T12:33:22Z
2026-07-19T12:32:12Z,2026-07-19T14:32:12+0200,f397dbef-7cdb-41f6-bba7-8b8b09f52e7d,2026-06-20T21:45:00Z,2026-06-20T23:45:00+0200,0.0,MW,FR,FR,forecast_solar_generation,Solar,2026-07-19T12:33:22Z
2026-07-19T12:32:12Z,2026-07-19T14:32:12+0200,f397dbef-7cdb-41f6-bba7-8b8b09f52e7d,2026-06-20T22:00:00Z,2026-06-21T00:00:00+0200,0.0,MW,FR,FR,forecast_solar_generation,Solar,2026-07-19T12:33:22Z
2026-07-19T12:32:12Z,2026-07-19T14:32:12+0200,f397dbef-7cdb-41f6-bba7-8b8b09f52e7d,2026-06-20T22:15:00Z,2026-06-21T00:15:00+0200,0.0,MW,FR,FR,forecast_solar_generation,Solar,2026-07-19T12:33:22Z
2026-07-19T12:32:12Z,2026-07-19T14:32:12+0200,f397dbef-7cdb-41f6-bba7-8b8b09f52e7d,2026-06-20T22:30:00Z,2026-06-21T00:30:00+0200,0.0,MW,FR,FR,forecast_solar_generation,Solar,2026-07-19T12:33:22Z
2026-07-19T12:32:12Z,2026-07-19T14:32:12+0200,f397dbef-7cdb-41f6-bba7-8b8b09f52e7d,2026-06-20T22:45:00Z,2026-06-21T00:45:00+0200,0.0,MW,FR,FR,forecast_solar_generation,Solar,2026-07-19T12:33:22Z
2026-07-19T12:32:12Z,2026-07-19T14:32:12+0200,f397dbef-7cdb-41f6-bba7-8b8b09f52e7d,2026-06-20T23:00:00Z,2026-06-21T01:00:00+0200,0.0,MW,FR,FR,forecast_solar_generation,Solar,2026-07-19T12:33:22Z
2026-07-19T12:32:12Z,2026-07-19T14:32:12+0200,f397dbef-7cdb-41f6-bba7-8b8b09f52e7d,2026-06-20T23:15:00Z,2026-06-21T01:15:00+0200,0.0,MW,FR,FR,forecast_solar_generation,Solar,2026-07-19T12:33:22Z
2026-07-19T12:32:12Z,2026-07-19T14:32:12+0200,f397dbef-7cdb-41f6-bba7-8b8b09f52e7d,2026-06-20T23:30:00Z,2026-06-21T01:30:00+0200,0.0,MW,FR,FR,forecast_solar_generation,Solar,2026-07-19T12:33:22Z
2026-07-19T12:32:12Z,2026-07-19T14:32:12+0200,f397dbef-7cdb-41f6-bba7-8b8b09f52e7d,2026-06-20T23:45:00Z,2026-06-21T01:45:00+0200,0.0,MW,FR,FR,forecast_solar_generation,Solar,2026-07-19T12:33:22Z
2026-07-19T12:32:12Z,2026-07-19T14:32:12+0200,f397dbef-7cdb-41f6-bba7-8b8b09f52e7d,2026-06-21T00:00:00Z,2026-06-21T02:00:00+0200,0.0,MW,FR,FR,forecast_solar_generation,Solar,2026-07-19T12:33:22Z
2026-07-19T12:32:12Z,2026-07-19T14:32:12+0200,f397dbef-7cdb-41f6-bba7-8b8b09f52e7d,2026-06-21T00:15:00Z,2026-06-21T02:15:00+0200,0.0,MW,FR,FR,forecast_solar_generation,Solar,2026-07-19T12:33:22Z
2026-07-19T12:32:12Z,2026-07-19T14:32:12+0200,f397dbef-7cdb-41f6-bba7-8b8b09f52e7d,2026-06-21T00:30:00Z,2026-06-21T02:30:00+0200,0.0,MW,FR,FR,forecast_solar_generation,Solar,2026-07-19T12:33:22Z
2026-07-19T12:32:12Z,2026-07-19T14:32:12+0200,f397dbef-7cdb-41f6-bba7-8b8b09f52e7d,2026-06-21T00:45:00Z,2026-06-21T02:45:00+0200,0.0,MW,FR,FR,forecast_solar_generation,Solar,2026-07-19T12:33:22Z
2026-07-19T12:32:12Z,2026-07-19T14:32:12+0200,f397dbef-7cdb-41f6-bba7-8b8b09f52e7d,2026-06-21T01:00:00Z,2026-06-21T03:00:00+0200,0.0,MW,FR,FR,forecast_solar_generation,Solar,2026-07-19T12:33:22Z
2026-07-19T12:32:12Z,2026-07-19T14:32:12+0200,f397dbef-7cdb-41f6-bba7-8b8b09f52e7d,2026-06-21T01:15:00Z,2026-06-21T03:15:00+0200,0.0,MW,FR,FR,forecast_solar_generation,Solar,2026-07-19T12:33:22Z
2026-07-19T12:32:12Z,2026-07-19T14:32:12+0200,f397dbef-7cdb-41f6-bba7-8b8b09f52e7d,2026-06-21T01:30:00Z,2026-06-21T03:30:00+0200,0.0,MW,FR,FR,forecast_solar_generation,Solar,2026-07-19T12:33:22Z
2026-07-19T12:32:12Z,2026-07-19T14:32:12+0200,f397dbef-7cdb-41f6-bba7-8b8b09f52e7d,2026-06-21T01:45:00Z,2026-06-21T03:45:00+0200,0.0,MW,FR,FR,forecast_solar_generation,Solar,2026-07-19T12:33:22Z
2026-07-19T12:32:12Z,2026-07-19T14:32:12+0200,f397dbef-7cdb-41f6-bba7-8b8b09f52e7d,2026-06-21T02:00:00Z,2026-06-21T04:00:00+0200,0.0,MW,FR,FR,forecast_solar_generation,Solar,2026-07-19T12:33:22Z
2026-07-19T12:32:12Z,2026-07-19T14:32:12+0200,f397dbef-7cdb-41f6-bba7-8b8b09f52e7d,2026-06-21T02:15:00Z,2026-06-21T04:15:00+0200,0.0,MW,FR,FR,forecast_solar_generation,Solar,2026-07-19T12:33:22Z
2026-07-19T12:32:12Z,2026-07-19T14:32:12+0200,f397dbef-7cdb-41f6-bba7-8b8b09f52e7d,2026-06-21T02:30:00Z,2026-06-21T04:30:00+0200,0.0,MW,FR,FR,forecast_solar_generation,Solar,2026-07-19T12:33:22Z
2026-07-19T12:32:12Z,2026-07-19T14:32:12+0200,f397dbef-7cdb-41f6-bba7-8b8b09f52e7d,2026-06-21T02:45:00Z,2026-06-21T04:45:00+0200,0.0,MW,FR,FR,forecast_solar_generation,Solar,2026-07-19T12:33:22Z
2026-07-19T12:32:12Z,2026-07-19T14:32:12+0200,f397dbef-7cdb-41f6-bba7-8b8b09f52e7d,2026-06-21T03:00:00Z,2026-06-21T05:00:00+0200,0.0,MW,FR,FR,forecast_solar_generation,Solar,2026-07-19T12:33:22Z
2026-07-19T12:32:12Z,2026-07-19T14:32:12+0200,f397dbef-7cdb-41f6-bba7-8b8b09f52e7d,2026-06-21T03:15:00Z,2026-06-21T05:15:00+0200,0.0,MW,FR,FR,forecast_solar_generation,Solar,2026-07-19T12:33:22Z
2026-07-19T12:32:12Z,2026-07-19T14:32:12+0200,f397dbef-7cdb-41f6-bba7-8b8b09f52e7d,2026-06-21T03:30:00Z,2026-06-21T05:30:00+0200,0.0,MW,FR,FR,forecast_solar_generation,Solar,2026-07-19T12:33:22Z
2026-07-19T12:32:12Z,2026-07-19T14:32:12+0200,f397dbef-7cdb-41f6-bba7-8b8b09f52e7d,2026-06-21T03:45:00Z,2026-06-21T05:45:00+0200,0.0,MW,FR,FR,forecast_solar_generation,Solar,2026-07-19T12:33:22Z
2026-07-19T12:32:12Z,2026-07-19T14:32:12+0200,f397dbef-7cdb-41f6-bba7-8b8b09f52e7d,2026-06-21T04:00:00Z,2026-06-21T06:00:00+0200,0.0,MW,FR,FR,forecast_solar_generation,Solar,2026-07-19T12:33:22Z
2026-07-19T12:32:12Z,2026-07-19T14:32:12+0200,f397dbef-7cdb-41f6-bba7-8b8b09f52e7d,2026-06-21T04:15:00Z,2026-06-21T06:15:00+0200,175.24854,MW,FR,FR,forecast_solar_generation,Solar,2026-07-19T12:33:22Z
2026-07-19T12:32:12Z,2026-07-19T14:32:12+0200,f397dbef-7cdb-41f6-bba7-8b8b09f52e7d,2026-06-21T04:30:00Z,2026-06-21T06:30:00+0200,289.64676,MW,FR,FR,forecast_solar_generation,Solar,2026-07-19T12:33:22Z
2026-07-19T12:32:12Z,2026-07-19T14:32:12+0200,f397dbef-7cdb-41f6-bba7-8b8b09f52e7d,2026-06-21T04:45:00Z,2026-06-21T06:45:00+0200,634.32416,MW,FR,FR,forecast_solar_generation,Solar,2026-07-19T12:33:22Z
2026-07-19T12:32:12Z,2026-07-19T14:32:12+0200,f397dbef-7cdb-41f6-bba7-8b8b09f52e7d,2026-06-21T05:00:00Z,2026-06-21T07:00:00+0200,1053.82776,MW,FR,FR,forecast_solar_generation,Solar,2026-07-19T12:33:22Z
2026-07-19T12:32:12Z,2026-07-19T14:32:12+0200,f397dbef-7cdb-41f6-bba7-8b8b09f52e7d,2026-06-21T05:15:00Z,2026-06-21T07:15:00+0200,1557.56384,MW,FR,FR,forecast_solar_generation,Solar,2026-07-19T12:33:22Z
2026-07-19T12:32:12Z,2026-07-19T14:32:12+0200,f397dbef-7cdb-41f6-bba7-8b8b09f52e7d,2026-06-21T05:30:00Z,2026-06-21T07:30:00+0200,2122.59326,MW,FR,FR,forecast_solar_generation,Solar,2026-07-19T12:33:22Z
2026-07-19T12:32:12Z,2026-07-19T14:32:12+0200,f397dbef-7cdb-41f6-bba7-8b8b09f52e7d,2026-06-21T05:45:00Z,2026-06-21T07:45:00+0200,2944.979,MW,FR,FR,forecast_solar_generation,Solar,2026-07-19T12:33:22Z
2026-07-19T12:32:12Z,2026-07-19T14:32:12+0200,f397dbef-7cdb-41f6-bba7-8b8b09f52e7d,2026-06-21T06:00:00Z,2026-06-21T08:00:00+0200,3826.53784,MW,FR,FR,forecast_solar_generation,Solar,2026-07-19T12:33:22Z
2026-07-19T12:32:12Z,2026-07-19T14:32:12+0200,f397dbef-7cdb-41f6-bba7-8b8b09f52e7d,2026-06-21T06:15:00Z,2026-06-21T08:15:00+0200,4832.34229,MW,FR,FR,forecast_solar_generation,Solar,2026-07-19T12:33:22Z
2026-07-19T12:32:12Z,2026-07-19T14:32:12+0200,f397dbef-7cdb-41f6-bba7-8b8b09f52e7d,2026-06-21T06:30:00Z,2026-06-21T08:30:00+0200,5917.65137,MW,FR,FR,forecast_solar_generation,Solar,2026-07-19T12:33:22Z
2026-07-19T12:32:12Z,2026-07-19T14:32:12+0200,f397dbef-7cdb-41f6-bba7-8b8b09f52e7d,2026-06-21T06:45:00Z,2026-06-21T08:45:00+0200,7014.71729,MW,FR,FR,forecast_solar_generation,Solar,2026-07-19T12:33:22Z
2026-07-19T12:32:12Z,2026-07-19T14:32:12+0200,f397dbef-7cdb-41f6-bba7-8b8b09f52e7d,2026-06-21T07:00:00Z,2026-06-21T09:00:00+0200,8165.03418,MW,FR,FR,forecast_solar_generation,Solar,2026-07-19T12:33:22Z
2026-07-19T12:32:12Z,2026-07-19T14:32:12+0200,f397dbef-7cdb-41f6-bba7-8b8b09f52e7d,2026-06-21T07:15:00Z,2026-06-21T09:15:00+0200,9216.33008,MW,FR,FR,forecast_solar_generation,Solar,2026-07-19T12:33:22Z
2026-07-19T12:32:12Z,2026-07-19T14:32:12+0200,f397dbef-7cdb-41f6-bba7-8b8b09f52e7d,2026-06-21T07:30:00Z,2026-06-21T09:30:00+0200,10313.76172,MW,FR,FR,forecast_solar_generation,Solar,2026-07-19T12:33:22Z
2026-07-19T12:32:12Z,2026-07-19T14:32:12+0200,f397dbef-7cdb-41f6-bba7-8b8b09f52e7d,2026-06-21T07:45:00Z,2026-06-21T09:45:00+0200,11340.41797,MW,FR,FR,forecast_solar_generation,Solar,2026-07-19T12:33:22Z
2026-07-19T12:32:12Z,2026-07-19T14:32:12+0200,f397dbef-7cdb-41f6-bba7-8b8b09f52e7d,2026-06-21T08:00:00Z,2026-06-21T10:00:00+0200,12382.64062,MW,FR,FR,forecast_solar_generation,Solar,2026-07-19T12:33:22Z
2026-07-19T12:32:12Z,2026-07-19T14:32:12+0200,f397dbef-7cdb-41f6-bba7-8b8b09f52e7d,2026-06-21T08:15:00Z,2026-06-21T10:15:00+0200,13383.38086,MW,FR,FR,forecast_solar_generation,Solar,2026-07-19T12:33:22Z
2026-07-19T12:32:12Z,2026-07-19T14:32:12+0200,f397dbef-7cdb-41f6-bba7-8b8b09f52e7d,2026-06-21T08:30:00Z,2026-06-21T10:30:00+0200,14352.77148,MW,FR,FR,forecast_solar_generation,Solar,2026-07-19T12:33:22Z
2026-07-19T12:32:12Z,2026-07-19T14:32:12+0200,f397dbef-7cdb-41f6-bba7-8b8b09f52e7d,2026-06-21T08:45:00Z,2026-06-21T10:45:00+0200,15157.79395,MW,FR,FR,forecast_solar_generation,Solar,2026-07-19T12:33:22Z
2026-07-19T12:32:12Z,2026-07-19T14:32:12+0200,f397dbef-7cdb-41f6-bba7-8b8b09f52e7d,2026-06-21T09:00:00Z,2026-06-21T11:00:00+0200,15864.73242,MW,FR,FR,forecast_solar_generation,Solar,2026-07-19T12:33:22Z
2026-07-19T12:32:12Z,2026-07-19T14:32:12+0200,f397dbef-7cdb-41f6-bba7-8b8b09f52e7d,2026-06-21T09:15:00Z,2026-06-21T11:15:00+0200,16530.04102,MW,FR,FR,forecast_solar_generation,Solar,2026-07-19T12:33:22Z
2026-07-19T12:32:12Z,2026-07-19T14:32:12+0200,f397dbef-7cdb-41f6-bba7-8b8b09f52e7d,2026-06-21T09:30:00Z,2026-06-21T11:30:00+0200,17204.49219,MW,FR,FR,forecast_solar_generation,Solar,2026-07-19T12:33:22Z
2026-07-19T12:32:12Z,2026-07-19T14:32:12+0200,f397dbef-7cdb-41f6-bba7-8b8b09f52e7d,2026-06-21T09:45:00Z,2026-06-21T11:45:00+0200,13414.9668,MW,FR,FR,forecast_solar_generation,Solar,2026-07-19T12:33:22Z
2026-07-19T12:32:12Z,2026-07-19T14:32:12+0200,f397dbef-7cdb-41f6-bba7-8b8b09f52e7d,2026-06-21T10:00:00Z,2026-06-21T12:00:00+0200,13787.52246,MW,FR,FR,forecast_solar_generation,Solar,2026-07-19T12:33:22Z
2026-07-19T12:32:12Z,2026-07-19T14:32:12+0200,f397dbef-7cdb-41f6-bba7-8b8b09f52e7d,2026-06-21T10:15:00Z,2026-06-21T12:15:00+0200,14063.01953,MW,FR,FR,forecast_solar_generation,Solar,2026-07-19T12:33:22Z
2026-07-19T12:32:12Z,2026-07-19T14:32:12+0200,f397dbef-7cdb-41f6-bba7-8b8b09f52e7d,2026-06-21T10:30:00Z,2026-06-21T12:30:00+0200,14340.4502,MW,FR,FR,forecast_solar_generation,Solar,2026-07-19T12:33:22Z
2026-07-19T12:32:12Z,2026-07-19T14:32:12+0200,f397dbef-7cdb-41f6-bba7-8b8b09f52e7d,2026-06-21T10:45:00Z,2026-06-21T12:45:00+0200,14494.54395,MW,FR,FR,forecast_solar_generation,Solar,2026-07-19T12:33:22Z
2026-07-19T12:32:12Z,2026-07-19T14:32:12+0200,f397dbef-7cdb-41f6-bba7-8b8b09f52e7d,2026-06-21T11:00:00Z,2026-06-21T13:00:00+0200,14653.87988,MW,FR,FR,forecast_solar_generation,Solar,2026-07-19T12:33:22Z
2026-07-19T12:32:12Z,2026-07-19T14:32:12+0200,f397dbef-7cdb-41f6-bba7-8b8b09f52e7d,2026-06-21T11:15:00Z,2026-06-21T13:15:00+0200,14749.5459,MW,FR,FR,forecast_solar_generation,Solar,2026-07-19T12:33:22Z
2026-07-19T12:32:12Z,2026-07-19T14:32:12+0200,f397dbef-7cdb-41f6-bba7-8b8b09f52e7d,2026-06-21T11:30:00Z,2026-06-21T13:30:00+0200,14839.32227,MW,FR,FR,forecast_solar_generation,Solar,2026-07-19T12:33:22Z
2026-07-19T12:32:12Z,2026-07-19T14:32:12+0200,f397dbef-7cdb-41f6-bba7-8b8b09f52e7d,2026-06-21T11:45:00Z,2026-06-21T13:45:00+0200,14862.64355,MW,FR,FR,forecast_solar_generation,Solar,2026-07-19T12:33:22Z
2026-07-19T12:32:12Z,2026-07-19T14:32:12+0200,f397dbef-7cdb-41f6-bba7-8b8b09f52e7d,2026-06-21T12:00:00Z,2026-06-21T14:00:00+0200,14855.49121,MW,FR,FR,forecast_solar_generation,Solar,2026-07-19T12:33:22Z
2026-07-19T12:32:12Z,2026-07-19T14:32:12+0200,f397dbef-7cdb-41f6-bba7-8b8b09f52e7d,2026-06-21T12:15:00Z,2026-06-21T14:15:00+0200,14795.66797,MW,FR,FR,forecast_solar_generation,Solar,2026-07-19T12:33:22Z
2026-07-19T12:32:12Z,2026-07-19T14:32:12+0200,f397dbef-7cdb-41f6-bba7-8b8b09f52e7d,2026-06-21T12:30:00Z,2026-06-21T14:30:00+0200,14695.50391,MW,FR,FR,forecast_solar_generation,Solar,2026-07-19T12:33:22Z
2026-07-19T12:32:12Z,2026-07-19T14:32:12+0200,f397dbef-7cdb-41f6-bba7-8b8b09f52e7d,2026-06-21T12:45:00Z,2026-06-21T14:45:00+0200,19125.18359,MW,FR,FR,forecast_solar_generation,Solar,2026-07-19T12:33:22Z
2026-07-19T12:32:12Z,2026-07-19T14:32:12+0200,f397dbef-7cdb-41f6-bba7-8b8b09f52e7d,2026-06-21T13:00:00Z,2026-06-21T15:00:00+0200,18840.85156,MW,FR,FR,forecast_solar_generation,Solar,2026-07-19T12:33:22Z
2026-07-19T12:32:12Z,2026-07-19T14:32:12+0200,f397dbef-7cdb-41f6-bba7-8b8b09f52e7d,2026-06-21T13:15:00Z,2026-06-21T15:15:00+0200,18445.20898,MW,FR,FR,forecast_solar_generation,Solar,2026-07-19T12:33:22Z
2026-07-19T12:32:12Z,2026-07-19T14:32:12+0200,f397dbef-7cdb-41f6-bba7-8b8b09f52e7d,2026-06-21T13:30:00Z,2026-06-21T15:30:00+0200,18079.47656,MW,FR,FR,forecast_solar_generation,Solar,2026-07-19T12:33:22Z
2026-07-19T12:32:12Z,2026-07-19T14:32:12+0200,f397dbef-7cdb-41f6-bba7-8b8b09f52e7d,2026-06-21T13:45:00Z,2026-06-21T15:45:00+0200,17583.7207,MW,FR,FR,forecast_solar_generation,Solar,2026-07-19T12:33:22Z
2026-07-19T12:32:12Z,2026-07-19T14:32:12+0200,f397dbef-7cdb-41f6-bba7-8b8b09f52e7d,2026-06-21T14:00:00Z,2026-06-21T16:00:00+0200,17048.55273,MW,FR,FR,forecast_solar_generation,Solar,2026-07-19T12:33:22Z
2026-07-19T12:32:12Z,2026-07-19T14:32:12+0200,f397dbef-7cdb-41f6-bba7-8b8b09f52e7d,2026-06-21T14:15:00Z,2026-06-21T16:15:00+0200,16503.57812,MW,FR,FR,forecast_solar_generation,Solar,2026-07-19T12:33:22Z
2026-07-19T12:32:12Z,2026-07-19T14:32:12+0200,f397dbef-7cdb-41f6-bba7-8b8b09f52e7d,2026-06-21T14:30:00Z,2026-06-21T16:30:00+0200,15862.44531,MW,FR,FR,forecast_solar_generation,Solar,2026-07-19T12:33:22Z
2026-07-19T12:32:12Z,2026-07-19T14:32:12+0200,f397dbef-7cdb-41f6-bba7-8b8b09f52e7d,2026-06-21T14:45:00Z,2026-06-21T16:45:00+0200,15138.41699,MW,FR,FR,forecast_solar_generation,Solar,2026-07-19T12:33:22Z
2026-07-19T12:32:12Z,2026-07-19T14:32:12+0200,f397dbef-7cdb-41f6-bba7-8b8b09f52e7d,2026-06-21T15:00:00Z,2026-06-21T17:00:00+0200,14430.82812,MW,FR,FR,forecast_solar_generation,Solar,2026-07-19T12:33:22Z
2026-07-19T12:32:12Z,2026-07-19T14:32:12+0200,f397dbef-7cdb-41f6-bba7-8b8b09f52e7d,2026-06-21T15:15:00Z,2026-06-21T17:15:00+0200,13719.76758,MW,FR,FR,forecast_solar_generation,Solar,2026-07-19T12:33:22Z
2026-07-19T12:32:12Z,2026-07-19T14:32:12+0200,f397dbef-7cdb-41f6-bba7-8b8b09f52e7d,2026-06-21T15:30:00Z,2026-06-21T17:30:00+0200,12942.16699,MW,FR,FR,forecast_solar_generation,Solar,2026-07-19T12:33:22Z
2026-07-19T12:32:12Z,2026-07-19T14:32:12+0200,f397dbef-7cdb-41f6-bba7-8b8b09f52e7d,2026-06-21T15:45:00Z,2026-06-21T17:45:00+0200,12082.0498,MW,FR,FR,forecast_solar_generation,Solar,2026-07-19T12:33:22Z
2026-07-19T12:32:12Z,2026-07-19T14:32:12+0200,f397dbef-7cdb-41f6-bba7-8b8b09f52e7d,2026-06-21T16:00:00Z,2026-06-21T18:00:00+0200,11202.2627,MW,FR,FR,forecast_solar_generation,Solar,2026-07-19T12:33:22Z
2026-07-19T12:32:12Z,2026-07-19T14:32:12+0200,f397dbef-7cdb-41f6-bba7-8b8b09f52e7d,2026-06-21T16:15:00Z,2026-06-21T18:15:00+0200,10252.79297,MW,FR,FR,forecast_solar_generation,Solar,2026-07-19T12:33:22Z
2026-07-19T12:32:12Z,2026-07-19T14:32:12+0200,f397dbef-7cdb-41f6-bba7-8b8b09f52e7d,2026-06-21T16:30:00Z,2026-06-21T18:30:00+0200,9277.93945,MW,FR,FR,forecast_solar_generation,Solar,2026-07-19T12:33:22Z
2026-07-19T12:32:12Z,2026-07-19T14:32:12+0200,f397dbef-7cdb-41f6-bba7-8b8b09f52e7d,2026-06-21T16:45:00Z,2026-06-21T18:45:00+0200,8375.29883,MW,FR,FR,forecast_solar_generation,Solar,2026-07-19T12:33:22Z
2026-07-19T12:32:12Z,2026-07-19T14:32:12+0200,f397dbef-7cdb-41f6-bba7-8b8b09f52e7d,2026-06-21T17:00:00Z,2026-06-21T19:00:00+0200,7304.05762,MW,FR,FR,forecast_solar_generation,Solar,2026-07-19T12:33:22Z
2026-07-19T12:32:12Z,2026-07-19T14:32:12+0200,f397dbef-7cdb-41f6-bba7-8b8b09f52e7d,2026-06-21T17:15:00Z,2026-06-21T19:15:00+0200,6359.57568,MW,FR,FR,forecast_solar_generation,Solar,2026-07-19T12:33:22Z
2026-07-19T12:32:12Z,2026-07-19T14:32:12+0200,f397dbef-7cdb-41f6-bba7-8b8b09f52e7d,2026-06-21T17:30:00Z,2026-06-21T19:30:00+0200,5240.27002,MW,FR,FR,forecast_solar_generation,Solar,2026-07-19T12:33:22Z
2026-07-19T12:32:12Z,2026-07-19T14:32:12+0200,f397dbef-7cdb-41f6-bba7-8b8b09f52e7d,2026-06-21T17:45:00Z,2026-06-21T19:45:00+0200,4384.39062,MW,FR,FR,forecast_solar_generation,Solar,2026-07-19T12:33:22Z
2026-07-19T12:32:12Z,2026-07-19T14:32:12+0200,f397dbef-7cdb-41f6-bba7-8b8b09f52e7d,2026-06-21T18:00:00Z,2026-06-21T20:00:00+0200,3393.68579,MW,FR,FR,forecast_solar_generation,Solar,2026-07-19T12:33:22Z
2026-07-19T12:32:12Z,2026-07-19T14:32:12+0200,f397dbef-7cdb-41f6-bba7-8b8b09f52e7d,2026-06-21T18:15:00Z,2026-06-21T20:15:00+0200,2585.9668,MW,FR,FR,forecast_solar_generation,Solar,2026-07-19T12:33:22Z
2026-07-19T12:32:12Z,2026-07-19T14:32:12+0200,f397dbef-7cdb-41f6-bba7-8b8b09f52e7d,2026-06-21T18:30:00Z,2026-06-21T20:30:00+0200,1871.06128,MW,FR,FR,forecast_solar_generation,Solar,2026-07-19T12:33:22Z
2026-07-19T12:32:12Z,2026-07-19T14:32:12+0200,f397dbef-7cdb-41f6-bba7-8b8b09f52e7d,2026-06-21T18:45:00Z,2026-06-21T20:45:00+0200,1352.72473,MW,FR,FR,forecast_solar_generation,Solar,2026-07-19T12:33:22Z
2026-07-19T12:32:12Z,2026-07-19T14:32:12+0200,f397dbef-7cdb-41f6-bba7-8b8b09f52e7d,2026-06-21T19:00:00Z,2026-06-21T21:00:00+0200,913.16754,MW,FR,FR,forecast_solar_generation,Solar,2026-07-19T12:33:22Z
2026-07-19T12:32:12Z,2026-07-19T14:32:12+0200,f397dbef-7cdb-41f6-bba7-8b8b09f52e7d,2026-06-21T19:15:00Z,2026-06-21T21:15:00+0200,530.56573,MW,FR,FR,forecast_solar_generation,Solar,2026-07-19T12:33:22Z
2026-07-19T12:32:12Z,2026-07-19T14:32:12+0200,f397dbef-7cdb-41f6-bba7-8b8b09f52e7d,2026-06-21T19:30:00Z,2026-06-21T21:30:00+0200,226.69119,MW,FR,FR,forecast_solar_generation,Solar,2026-07-19T12:33:22Z
2026-07-19T12:32:12Z,2026-07-19T14:32:12+0200,f397dbef-7cdb-41f6-bba7-8b8b09f52e7d,2026-06-21T19:45:00Z,2026-06-21T21:45:00+0200,82.58344,MW,FR,FR,forecast_solar_generation,Solar,2026-07-19T12:33:22Z
2026-07-19T12:32:12Z,2026-07-19T14:32:12+0200,f397dbef-7cdb-41f6-bba7-8b8b09f52e7d,2026-06-21T20:00:00Z,2026-06-21T22:00:00+0200,14.95396,MW,FR,FR,forecast_solar_generation,Solar,2026-07-19T12:33:22Z
2026-07-19T12:32:12Z,2026-07-19T14:32:12+0200,f397dbef-7cdb-41f6-bba7-8b8b09f52e7d,2026-06-21T20:15:00Z,2026-06-21T22:15:00+0200,0.03266,MW,FR,FR,forecast_solar_generation,Solar,2026-07-19T12:33:22Z
2026-07-19T12:32:12Z,2026-07-19T14:32:12+0200,f397dbef-7cdb-41f6-bba7-8b8b09f52e7d,2026-06-21T20:30:00Z,2026-06-21T22:30:00+0200,0.0,MW,FR,FR,forecast_solar_generation,Solar,2026-07-19T12:33:22Z
2026-07-19T12:32:12Z,2026-07-19T14:32:12+0200,f397dbef-7cdb-41f6-bba7-8b8b09f52e7d,2026-06-21T20:45:00Z,2026-06-21T22:45:00+0200,0.0,MW,FR,FR,forecast_solar_generation,Solar,2026-07-19T12:33:22Z
2026-07-19T12:32:12Z,2026-07-19T14:32:12+0200,f397dbef-7cdb-41f6-bba7-8b8b09f52e7d,2026-06-21T21:00:00Z,2026-06-21T23:00:00+0200,0.0,MW,FR,FR,forecast_solar_generation,Solar,2026-07-19T12:33:22Z
2026-07-19T12:32:12Z,2026-07-19T14:32:12+0200,f397dbef-7cdb-41f6-bba7-8b8b09f52e7d,2026-06-21T21:15:00Z,2026-06-21T23:15:00+0200,0.0,MW,FR,FR,forecast_solar_generation,Solar,2026-07-19T12:33:22Z
2026-07-19T12:32:12Z,2026-07-19T14:32:12+0200,f397dbef-7cdb-41f6-bba7-8b8b09f52e7d,2026-06-21T21:30:00Z,2026-06-21T23:30:00+0200,0.0,MW,FR,FR,forecast_solar_generation,Solar,2026-07-19T12:33:22Z
2026-07-19T12:32:12Z,2026-07-19T14:32:12+0200,f397dbef-7cdb-41f6-bba7-8b8b09f52e7d,2026-06-21T21:45:00Z,2026-06-21T23:45:00+0200,0.0,MW,FR,FR,forecast_solar_generation,Solar,2026-07-19T12:33:22Z
2026-07-19T12:32:12Z,2026-07-19T14:32:12+0200,f397dbef-7cdb-41f6-bba7-8b8b09f52e7d,2026-06-21T22:00:00Z,2026-06-22T00:00:00+0200,0.0,MW,FR,FR,forecast_solar_generation,Solar,2026-07-19T12:33:22Z
2026-07-19T12:32:12Z,2026-07-19T14:32:12+0200,f397dbef-7cdb-41f6-bba7-8b8b09f52e7d,2026-06-21T22:15:00Z,2026-06-22T00:15:00+0200,0.0,MW,FR,FR,forecast_solar_generation,Solar,2026-07-19T12:33:22Z
2026-07-19T12:32:12Z,2026-07-19T14:32:12+0200,f397dbef-7cdb-41f6-bba7-8b8b09f52e7d,2026-06-21T22:30:00Z,2026-06-22T00:30:00+0200,0.0,MW,FR,FR,forecast_solar_generation,Solar,2026-07-19T12:33:22Z
2026-07-19T12:32:12Z,2026-07-19T14:32:12+0200,f397dbef-7cdb-41f6-bba7-8b8b09f52e7d,2026-06-21T22:45:00Z,2026-06-22T00:45:00+0200,0.0,MW,FR,FR,forecast_solar_generation,Solar,2026-07-19T12:33:22Z
2026-07-19T12:32:12Z,2026-07-19T14:32:12+0200,f397dbef-7cdb-41f6-bba7-8b8b09f52e7d,2026-06-21T23:00:00Z,2026-06-22T01:00:00+0200,0.0,MW,FR,FR,forecast_solar_generation,Solar,2026-07-19T12:33:22Z
2026-07-19T12:32:12Z,2026-07-19T14:32:12+0200,f397dbef-7cdb-41f6-bba7-8b8b09f52e7d,2026-06-21T23:15:00Z,2026-06-22T01:15:00+0200,0.0,MW,FR,FR,forecast_solar_generation,Solar,2026-07-19T12:33:22Z
2026-07-19T12:32:12Z,2026-07-19T14:32:12+0200,f397dbef-7cdb-41f6-bba7-8b8b09f52e7d,2026-06-21T23:30:00Z,2026-06-22T01:30:00+0200,0.0,MW,FR,FR,forecast_solar_generation,Solar,2026-07-19T12:33:22Z
2026-07-19T12:32:12Z,2026-07-19T14:32:12+0200,f397dbef-7cdb-41f6-bba7-8b8b09f52e7d,2026-06-21T23:45:00Z,2026-06-22T01:45:00+0200,0.0,MW,FR,FR,forecast_solar_generation,Solar,2026-07-19T12:33:22Z
2026-07-19T12:32:12Z,2026-07-19T14:32:12+0200,f397dbef-7cdb-41f6-bba7-8b8b09f52e7d,2026-06-22T00:00:00Z,2026-06-22T02:00:00+0200,0.0,MW,FR,FR,forecast_solar_generation,Solar,2026-07-19T12:33:22Z
2026-07-19T12:32:12Z,2026-07-19T14:32:12+0200,f397dbef-7cdb-41f6-bba7-8b8b09f52e7d,2026-06-22T00:15:00Z,2026-06-22T02:15:00+0200,0.0,MW,FR,FR,forecast_solar_generation,Solar,2026-07-19T12:33:22Z
2026-07-19T12:32:12Z,2026-07-19T14:32:12+0200,f397dbef-7cdb-41f6-bba7-8b8b09f52e7d,2026-06-22T00:30:00Z,2026-06-22T02:30:00+0200,0.0,MW,FR,FR,forecast_solar_generation,Solar,2026-07-19T12:33:22Z
2026-07-19T12:32:12Z,2026-07-19T14:32:12+0200,f397dbef-7cdb-41f6-bba7-8b8b09f52e7d,2026-06-22T00:45:00Z,2026-06-22T02:45:00+0200,0.0,MW,FR,FR,forecast_solar_generation,Solar,2026-07-19T12:33:22Z
2026-07-19T12:32:12Z,2026-07-19T14:32:12+0200,f397dbef-7cdb-41f6-bba7-8b8b09f52e7d,2026-06-22T01:00:00Z,2026-06-22T03:00:00+0200,0.0,MW,FR,FR,forecast_solar_generation,Solar,2026-07-19T12:33:22Z
2026-07-19T12:32:12Z,2026-07-19T14:32:12+0200,f397dbef-7cdb-41f6-bba7-8b8b09f52e7d,2026-06-22T01:15:00Z,2026-06-22T03:15:00+0200,0.0,MW,FR,FR,forecast_solar_generation,Solar,2026-07-19T12:33:22Z
2026-07-19T12:32:12Z,2026-07-19T14:32:12+0200,f397dbef-7cdb-41f6-bba7-8b8b09f52e7d,2026-06-22T01:30:00Z,2026-06-22T03:30:00+0200,0.0,MW,FR,FR,forecast_solar_generation,Solar,2026-07-19T12:33:22Z
2026-07-19T12:32:12Z,2026-07-19T14:32:12+0200,f397dbef-7cdb-41f6-bba7-8b8b09f52e7d,2026-06-22T01:45:00Z,2026-06-22T03:45:00+0200,0.0,MW,FR,FR,forecast_solar_generation,Solar,2026-07-19T12:33:22Z
2026-07-19T12:32:12Z,2026-07-19T14:32:12+0200,f397dbef-7cdb-41f6-bba7-8b8b09f52e7d,2026-06-22T02:00:00Z,2026-06-22T04:00:00+0200,0.0,MW,FR,FR,forecast_solar_generation,Solar,2026-07-19T12:33:22Z
2026-07-19T12:32:12Z,2026-07-19T14:32:12+0200,f397dbef-7cdb-41f6-bba7-8b8b09f52e7d,2026-06-22T02:15:00Z,2026-06-22T04:15:00+0200,0.0,MW,FR,FR,forecast_solar_generation,Solar,2026-07-19T12:33:22Z
2026-07-19T12:32:12Z,2026-07-19T14:32:12+0200,f397dbef-7cdb-41f6-bba7-8b8b09f52e7d,2026-06-22T02:30:00Z,2026-06-22T04:30:00+0200,0.0,MW,FR,FR,forecast_solar_generation,Solar,2026-07-19T12:33:22Z
2026-07-19T12:32:12Z,2026-07-19T14:32:12+0200,f397dbef-7cdb-41f6-bba7-8b8b09f52e7d,2026-06-22T02:45:00Z,2026-06-22T04:45:00+0200,0.0,MW,FR,FR,forecast_solar_generation,Solar,2026-07-19T12:33:22Z
2026-07-19T12:32:12Z,2026-07-19T14:32:12+0200,f397dbef-7cdb-41f6-bba7-8b8b09f52e7d,2026-06-22T03:00:00Z,2026-06-22T05:00:00+0200,0.0,MW,FR,FR,forecast_solar_generation,Solar,2026-07-19T12:33:22Z
2026-07-19T12:32:12Z,2026-07-19T14:32:12+0200,f397dbef-7cdb-41f6-bba7-8b8b09f52e7d,2026-06-22T03:15:00Z,2026-06-22T05:15:00+0200,0.0,MW,FR,FR,forecast_solar_generation,Solar,2026-07-19T12:33:22Z
2026-07-19T12:32:12Z,2026-07-19T14:32:12+0200,f397dbef-7cdb-41f6-bba7-8b8b09f52e7d,2026-06-22T03:30:00Z,2026-06-22T05:30:00+0200,0.0,MW,FR,FR,forecast_solar_generation,Solar,2026-07-19T12:33:22Z
2026-07-19T12:32:12Z,2026-07-19T14:32:12+0200,f397dbef-7cdb-41f6-bba7-8b8b09f52e7d,2026-06-22T03:45:00Z,2026-06-22T05:45:00+0200,0.0,MW,FR,FR,forecast_solar_generation,Solar,2026-07-19T12:33:22Z
2026-07-19T12:32:12Z,2026-07-19T14:32:12+0200,f397dbef-7cdb-41f6-bba7-8b8b09f52e7d,2026-06-22T04:00:00Z,2026-06-22T06:00:00+0200,0.0,MW,FR,FR,forecast_solar_generation,Solar,2026-07-19T12:33:22Z
2026-07-19T12:32:12Z,2026-07-19T14:32:12+0200,f397dbef-7cdb-41f6-bba7-8b8b09f52e7d,2026-06-22T04:15:00Z,2026-06-22T06:15:00+0200,172.43452,MW,FR,FR,forecast_solar_generation,Solar,2026-07-19T12:33:22Z
2026-07-19T12:32:12Z,2026-07-19T14:32:12+0200,f397dbef-7cdb-41f6-bba7-8b8b09f52e7d,2026-06-22T04:30:00Z,2026-06-22T06:30:00+0200,292.61273,MW,FR,FR,forecast_solar_generation,Solar,2026-07-19T12:33:22Z
2026-07-19T12:32:12Z,2026-07-19T14:32:12+0200,f397dbef-7cdb-41f6-bba7-8b8b09f52e7d,2026-06-22T04:45:00Z,2026-06-22T06:45:00+0200,647.76111,MW,FR,FR,forecast_solar_generation,Solar,2026-07-19T12:33:22Z
2026-07-19T12:32:12Z,2026-07-19T14:32:12+0200,f397dbef-7cdb-41f6-bba7-8b8b09f52e7d,2026-06-22T05:00:00Z,2026-06-22T07:00:00+0200,1090.79077,MW,FR,FR,forecast_solar_generation,Solar,2026-07-19T12:33:22Z
2026-07-19T12:32:12Z,2026-07-19T14:32:12+0200,f397dbef-7cdb-41f6-bba7-8b8b09f52e7d,2026-06-22T05:15:00Z,2026-06-22T07:15:00+0200,1594.39001,MW,FR,FR,forecast_solar_generation,Solar,2026-07-19T12:33:22Z
2026-07-19T12:32:12Z,2026-07-19T14:32:12+0200,f397dbef-7cdb-41f6-bba7-8b8b09f52e7d,2026-06-22T05:30:00Z,2026-06-22T07:30:00+0200,2199.13477,MW,FR,FR,forecast_solar_generation,Solar,2026-07-19T12:33:22Z
2026-07-19T12:32:12Z,2026-07-19T14:32:12+0200,f397dbef-7cdb-41f6-bba7-8b8b09f52e7d,2026-06-22T05:45:00Z,2026-06-22T07:45:00+0200,3062.06323,MW,FR,FR,forecast_solar_generation,Solar,2026-07-19T12:33:22Z
2026-07-19T12:32:12Z,2026-07-19T14:32:12+0200,f397dbef-7cdb-41f6-bba7-8b8b09f52e7d,2026-06-22T06:00:00Z,2026-06-22T08:00:00+0200,3988.85205,MW,FR,FR,forecast_solar_generation,Solar,2026-07-19T12:33:22Z
2026-07-19T12:32:12Z,2026-07-19T14:32:12+0200,f397dbef-7cdb-41f6-bba7-8b8b09f52e7d,2026-06-22T06:15:00Z,2026-06-22T08:15:00+0200,5019.33057,MW,FR,FR,forecast_solar_generation,Solar,2026-07-19T12:33:22Z
2026-07-19T12:32:12Z,2026-07-19T14:32:12+0200,f397dbef-7cdb-41f6-bba7-8b8b09f52e7d,2026-06-22T06:30:00Z,2026-06-22T08:30:00+0200,6204.57275,MW,FR,FR,forecast_solar_generation,Solar,2026-07-19T12:33:22Z
2026-07-19T12:32:12Z,2026-07-19T14:32:12+0200,f397dbef-7cdb-41f6-bba7-8b8b09f52e7d,2026-06-22T06:45:00Z,2026-06-22T08:45:00+0200,7333.22363,MW,FR,FR,forecast_solar_generation,Solar,2026-07-19T12:33:22Z
2026-07-19T12:32:12Z,2026-07-19T14:32:12+0200,f397dbef-7cdb-41f6-bba7-8b8b09f52e7d,2026-06-22T07:00:00Z,2026-06-22T09:00:00+0200,8535.08398,MW,FR,FR,forecast_solar_generation,Solar,2026-07-19T12:33:22Z
2026-07-19T12:32:12Z,2026-07-19T14:32:12+0200,f397dbef-7cdb-41f6-bba7-8b8b09f52e7d,2026-06-22T07:15:00Z,2026-06-22T09:15:00+0200,9614.18652,MW,FR,FR,forecast_solar_generation,Solar,2026-07-19T12:33:22Z
2026-07-19T12:32:12Z,2026-07-19T14:32:12+0200,f397dbef-7cdb-41f6-bba7-8b8b09f52e7d,2026-06-22T07:30:00Z,2026-06-22T09:30:00+0200,10755.58105,MW,FR,FR,forecast_solar_generation,Solar,2026-07-19T12:33:22Z
2026-07-19T12:32:12Z,2026-07-19T14:32:12+0200,f397dbef-7cdb-41f6-bba7-8b8b09f52e7d,2026-06-22T07:45:00Z,2026-06-22T09:45:00+0200,11841.00488,MW,FR,FR,forecast_solar_generation,Solar,2026-07-19T12:33:22Z
2026-07-19T12:32:12Z,2026-07-19T14:32:12+0200,f397dbef-7cdb-41f6-bba7-8b8b09f52e7d,2026-06-22T08:00:00Z,2026-06-22T10:00:00+0200,12919.86914,MW,FR,FR,forecast_solar_generation,Solar,2026-07-19T12:33:22Z
2026-07-19T12:32:12Z,2026-07-19T14:32:12+0200,f397dbef-7cdb-41f6-bba7-8b8b09f52e7d,2026-06-22T08:15:00Z,2026-06-22T10:15:00+0200,13934.60352,MW,FR,FR,forecast_solar_generation,Solar,2026-07-19T12:33:22Z
2026-07-19T12:32:12Z,2026-07-19T14:32:12+0200,f397dbef-7cdb-41f6-bba7-8b8b09f52e7d,2026-06-22T08:30:00Z,2026-06-22T10:30:00+0200,14926.86426,MW,FR,FR,forecast_solar_generation,Solar,2026-07-19T12:33:22Z
2026-07-19T12:32:12Z,2026-07-19T14:32:12+0200,f397dbef-7cdb-41f6-bba7-8b8b09f52e7d,2026-06-22T08:45:00Z,2026-06-22T10:45:00+0200,15705.03418,MW,FR,FR,forecast_solar_generation,Solar,2026-07-19T12:33:22Z
2026-07-19T12:32:12Z,2026-07-19T14:32:12+0200,f397dbef-7cdb-41f6-bba7-8b8b09f52e7d,2026-06-22T09:00:00Z,2026-06-22T11:00:00+0200,16390.0293,MW,FR,FR,forecast_solar_generation,Solar,2026-07-19T12:33:22Z
2026-07-19T12:32:12Z,2026-07-19T14:32:12+0200,f397dbef-7cdb-41f6-bba7-8b8b09f52e7d,2026-06-22T09:15:00Z,2026-06-22T11:15:00+0200,17086.9375,MW,FR,FR,forecast_solar_generation,Solar,2026-07-19T12:33:22Z
2026-07-19T12:32:12Z,2026-07-19T14:32:12+0200,f397dbef-7cdb-41f6-bba7-8b8b09f52e7d,2026-06-22T09:30:00Z,2026-06-22T11:30:00+0200,17741.37695,MW,FR,FR,forecast_solar_generation,Solar,2026-07-19T12:33:22Z
2026-07-19T12:32:12Z,2026-07-19T14:32:12+0200,f397dbef-7cdb-41f6-bba7-8b8b09f52e7d,2026-06-22T09:45:00Z,2026-06-22T11:45:00+0200,18294.61523,MW,FR,FR,forecast_solar_generation,Solar,2026-07-19T12:33:22Z
2026-07-19T12:32:12Z,2026-07-19T14:32:12+0200,f397dbef-7cdb-41f6-bba7-8b8b09f52e7d,2026-06-22T10:00:00Z,2026-06-22T12:00:00+0200,18731.11328,MW,FR,FR,forecast_solar_generation,Solar,2026-07-19T12:33:22Z
2026-07-19T12:32:12Z,2026-07-19T14:32:12+0200,f397dbef-7cdb-41f6-bba7-8b8b09f52e7d,2026-06-22T10:15:00Z,2026-06-22T12:15:00+0200,19098.66602,MW,FR,FR,forecast_solar_generation,Solar,2026-07-19T12:33:22Z
2026-07-19T12:32:12Z,2026-07-19T14:32:12+0200,f397dbef-7cdb-41f6-bba7-8b8b09f52e7d,2026-06-22T10:30:00Z,2026-06-22T12:30:00+0200,19393.25195,MW,FR,FR,forecast_solar_generation,Solar,2026-07-19T12:33:22Z
2026-07-19T12:32:12Z,2026-07-19T14:32:12+0200,f397dbef-7cdb-41f6-bba7-8b8b09f52e7d,2026-06-22T10:45:00Z,2026-06-22T12:45:00+0200,19583.7207,MW,FR,FR,forecast_solar_generation,Solar,2026-07-19T12:33:22Z
2026-07-19T12:32:12Z,2026-07-19T14:32:12+0200,f397dbef-7cdb-41f6-bba7-8b8b09f52e7d,2026-06-22T11:00:00Z,2026-06-22T13:00:00+0200,19749.16211,MW,FR,FR,forecast_solar_generation,Solar,2026-07-19T12:33:22Z
2026-07-19T12:32:12Z,2026-07-19T14:32:12+0200,f397dbef-7cdb-41f6-bba7-8b8b09f52e7d,2026-06-22T11:15:00Z,2026-06-22T13:15:00+0200,19839.32617,MW,FR,FR,forecast_solar_generation,Solar,2026-07-19T12:33:22Z
2026-07-19T12:32:12Z,2026-07-19T14:32:12+0200,f397dbef-7cdb-41f6-bba7-8b8b09f52e7d,2026-06-22T11:30:00Z,2026-06-22T13:30:00+0200,19901.07812,MW,FR,FR,forecast_solar_generation,Solar,2026-07-19T12:33:22Z
2026-07-19T12:32:12Z,2026-07-19T14:32:12+0200,f397dbef-7cdb-41f6-bba7-8b8b09f52e7d,2026-06-22T11:45:00Z,2026-06-22T13:45:00+0200,19931.91602,MW,FR,FR,forecast_solar_generation,Solar,2026-07-19T12:33:22Z
2026-07-19T12:32:12Z,2026-07-19T14:32:12+0200,f397dbef-7cdb-41f6-bba7-8b8b09f52e7d,2026-06-22T12:00:00Z,2026-06-22T14:00:00+0200,19934.27148,MW,FR,FR,forecast_solar_generation,Solar,2026-07-19T12:33:22Z
2026-07-19T12:32:12Z,2026-07-19T14:32:12+0200,f397dbef-7cdb-41f6-bba7-8b8b09f52e7d,2026-06-22T12:15:00Z,2026-06-22T14:15:00+0200,19852.61914,MW,FR,FR,forecast_solar_generation,Solar,2026-07-19T12:33:22Z
2026-07-19T12:32:12Z,2026-07-19T14:32:12+0200,f397dbef-7cdb-41f6-bba7-8b8b09f52e7d,2026-06-22T12:30:00Z,2026-06-22T14:30:00+0200,19748.24414,MW,FR,FR,forecast_solar_generation,Solar,2026-07-19T12:33:22Z
2026-07-19T12:32:12Z,2026-07-19T14:32:12+0200,f397dbef-7cdb-41f6-bba7-8b8b09f52e7d,2026-06-22T12:45:00Z,2026-06-22T14:45:00+0200,19565.83398,MW,FR,FR,forecast_solar_generation,Solar,2026-07-19T12:33:22Z
2026-07-19T12:32:12Z,2026-07-19T14:32:12+0200,f397dbef-7cdb-41f6-bba7-8b8b09f52e7d,2026-06-22T13:00:00Z,2026-06-22T15:00:00+0200,19326.74805,MW,FR,FR,forecast_solar_generation,Solar,2026-07-19T12:33:22Z
2026-07-19T12:32:12Z,2026-07-19T14:32:12+0200,f397dbef-7cdb-41f6-bba7-8b8b09f52e7d,2026-06-22T13:15:00Z,2026-06-22T15:15:00+0200,19039.14453,MW,FR,FR,forecast_solar_generation,Solar,2026-07-19T12:33:22Z
2026-07-19T12:32:12Z,2026-07-19T14:32:12+0200,f397dbef-7cdb-41f6-bba7-8b8b09f52e7d,2026-06-22T13:30:00Z,2026-06-22T15:30:00+0200,18734.74219,MW,FR,FR,forecast_solar_generation,Solar,2026-07-19T12:33:22Z
2026-07-19T12:32:12Z,2026-07-19T14:32:12+0200,f397dbef-7cdb-41f6-bba7-8b8b09f52e7d,2026-06-22T13:45:00Z,2026-06-22T15:45:00+0200,18265.75391,MW,FR,FR,forecast_solar_generation,Solar,2026-07-19T12:33:22Z
2026-07-19T12:32:12Z,2026-07-19T14:32:12+0200,f397dbef-7cdb-41f6-bba7-8b8b09f52e7d,2026-06-22T14:00:00Z,2026-06-22T16:00:00+0200,17729.79102,MW,FR,FR,forecast_solar_generation,Solar,2026-07-19T12:33:22Z
2026-07-19T12:32:12Z,2026-07-19T14:32:12+0200,f397dbef-7cdb-41f6-bba7-8b8b09f52e7d,2026-06-22T14:15:00Z,2026-06-22T16:15:00+0200,17130.25781,MW,FR,FR,forecast_solar_generation,Solar,2026-07-19T12:33:22Z
2026-07-19T12:32:12Z,2026-07-19T14:32:12+0200,f397dbef-7cdb-41f6-bba7-8b8b09f52e7d,2026-06-22T14:30:00Z,2026-06-22T16:30:00+0200,16482.18945,MW,FR,FR,forecast_solar_generation,Solar,2026-07-19T12:33:22Z
2026-07-19T12:32:12Z,2026-07-19T14:32:12+0200,f397dbef-7cdb-41f6-bba7-8b8b09f52e7d,2026-06-22T14:45:00Z,2026-06-22T16:45:00+0200,15692.49902,MW,FR,FR,forecast_solar_generation,Solar,2026-07-19T12:33:22Z
2026-07-19T12:32:12Z,2026-07-19T14:32:12+0200,f397dbef-7cdb-41f6-bba7-8b8b09f52e7d,2026-06-22T15:00:00Z,2026-06-22T17:00:00+0200,14935.7334,MW,FR,FR,forecast_solar_generation,Solar,2026-07-19T12:33:22Z
2026-07-19T12:32:12Z,2026-07-19T14:32:12+0200,f397dbef-7cdb-41f6-bba7-8b8b09f52e7d,2026-06-22T15:15:00Z,2026-06-22T17:15:00+0200,14101.68262,MW,FR,FR,forecast_solar_generation,Solar,2026-07-19T12:33:22Z
2026-07-19T12:32:12Z,2026-07-19T14:32:12+0200,f397dbef-7cdb-41f6-bba7-8b8b09f52e7d,2026-06-22T15:30:00Z,2026-06-22T17:30:00+0200,13231.78418,MW,FR,FR,forecast_solar_generation,Solar,2026-07-19T12:33:22Z
2026-07-19T12:32:12Z,2026-07-19T14:32:12+0200,f397dbef-7cdb-41f6-bba7-8b8b09f52e7d,2026-06-22T15:45:00Z,2026-06-22T17:45:00+0200,12346.93848,MW,FR,FR,forecast_solar_generation,Solar,2026-07-19T12:33:22Z
2026-07-19T12:32:12Z,2026-07-19T14:32:12+0200,f397dbef-7cdb-41f6-bba7-8b8b09f52e7d,2026-06-22T16:00:00Z,2026-06-22T18:00:00+0200,11366.71777,MW,FR,FR,forecast_solar_generation,Solar,2026-07-19T12:33:22Z
2026-07-19T12:32:12Z,2026-07-19T14:32:12+0200,f397dbef-7cdb-41f6-bba7-8b8b09f52e7d,2026-06-22T16:15:00Z,2026-06-22T18:15:00+0200,10409.54297,MW,FR,FR,forecast_solar_generation,Solar,2026-07-19T12:33:22Z
2026-07-19T12:32:12Z,2026-07-19T14:32:12+0200,f397dbef-7cdb-41f6-bba7-8b8b09f52e7d,2026-06-22T16:30:00Z,2026-06-22T18:30:00+0200,9428.0957,MW,FR,FR,forecast_solar_generation,Solar,2026-07-19T12:33:22Z
2026-07-19T12:32:12Z,2026-07-19T14:32:12+0200,f397dbef-7cdb-41f6-bba7-8b8b09f52e7d,2026-06-22T16:45:00Z,2026-06-22T18:45:00+0200,8481.20605,MW,FR,FR,forecast_solar_generation,Solar,2026-07-19T12:33:22Z
2026-07-19T12:32:12Z,2026-07-19T14:32:12+0200,f397dbef-7cdb-41f6-bba7-8b8b09f52e7d,2026-06-22T17:00:00Z,2026-06-22T19:00:00+0200,7396.27979,MW,FR,FR,forecast_solar_generation,Solar,2026-07-19T12:33:22Z
2026-07-19T12:32:12Z,2026-07-19T14:32:12+0200,f397dbef-7cdb-41f6-bba7-8b8b09f52e7d,2026-06-22T17:15:00Z,2026-06-22T19:15:00+0200,6402.30029,MW,FR,FR,forecast_solar_generation,Solar,2026-07-19T12:33:22Z
2026-07-19T12:32:12Z,2026-07-19T14:32:12+0200,f397dbef-7cdb-41f6-bba7-8b8b09f52e7d,2026-06-22T17:30:00Z,2026-06-22T19:30:00+0200,5274.30273,MW,FR,FR,forecast_solar_generation,Solar,2026-07-19T12:33:22Z
2026-07-19T12:32:12Z,2026-07-19T14:32:12+0200,f397dbef-7cdb-41f6-bba7-8b8b09f52e7d,2026-06-22T17:45:00Z,2026-06-22T19:45:00+0200,4377.1084,MW,FR,FR,forecast_solar_generation,Solar,2026-07-19T12:33:22Z
2026-07-19T12:32:12Z,2026-07-19T14:32:12+0200,f397dbef-7cdb-41f6-bba7-8b8b09f52e7d,2026-06-22T18:00:00Z,2026-06-22T20:00:00+0200,3405.08643,MW,FR,FR,forecast_solar_generation,Solar,2026-07-19T12:33:22Z
2026-07-19T12:32:12Z,2026-07-19T14:32:12+0200,f397dbef-7cdb-41f6-bba7-8b8b09f52e7d,2026-06-22T18:15:00Z,2026-06-22T20:15:00+0200,2569.26733,MW,FR,FR,forecast_solar_generation,Solar,2026-07-19T12:33:22Z
2026-07-19T12:32:12Z,2026-07-19T14:32:12+0200,f397dbef-7cdb-41f6-bba7-8b8b09f52e7d,2026-06-22T18:30:00Z,2026-06-22T20:30:00+0200,1859.03369,MW,FR,FR,forecast_solar_generation,Solar,2026-07-19T12:33:22Z
2026-07-19T12:32:12Z,2026-07-19T14:32:12+0200,f397dbef-7cdb-41f6-bba7-8b8b09f52e7d,2026-06-22T18:45:00Z,2026-06-22T20:45:00+0200,1331.69458,MW,FR,FR,forecast_solar_generation,Solar,2026-07-19T12:33:22Z
2026-07-19T12:32:12Z,2026-07-19T14:32:12+0200,f397dbef-7cdb-41f6-bba7-8b8b09f52e7d,2026-06-22T19:00:00Z,2026-06-22T21:00:00+0200,893.34839,MW,FR,FR,forecast_solar_generation,Solar,2026-07-19T12:33:22Z
2026-07-19T12:32:12Z,2026-07-19T14:32:12+0200,f397dbef-7cdb-41f6-bba7-8b8b09f52e7d,2026-06-22T19:15:00Z,2026-06-22T21:15:00+0200,518.70441,MW,FR,FR,forecast_solar_generation,Solar,2026-07-19T12:33:22Z
2026-07-19T12:32:12Z,2026-07-19T14:32:12+0200,f397dbef-7cdb-41f6-bba7-8b8b09f52e7d,2026-06-22T19:30:00Z,2026-06-22T21:30:00+0200,217.8725,MW,FR,FR,forecast_solar_generation,Solar,2026-07-19T12:33:22Z
2026-07-19T12:32:12Z,2026-07-19T14:32:12+0200,f397dbef-7cdb-41f6-bba7-8b8b09f52e7d,2026-06-22T19:45:00Z,2026-06-22T21:45:00+0200,73.58953,MW,FR,FR,forecast_solar_generation,Solar,2026-07-19T12:33:22Z
2026-07-19T12:32:12Z,2026-07-19T14:32:12+0200,f397dbef-7cdb-41f6-bba7-8b8b09f52e7d,2026-06-22T20:00:00Z,2026-06-22T22:00:00+0200,13.13012,MW,FR,FR,forecast_solar_generation,Solar,2026-07-19T12:33:22Z
2026-07-19T12:32:12Z,2026-07-19T14:32:12+0200,f397dbef-7cdb-41f6-bba7-8b8b09f52e7d,2026-06-22T20:15:00Z,2026-06-22T22:15:00+0200,0.01285,MW,FR,FR,forecast_solar_generation,Solar,2026-07-19T12:33:22Z
2026-07-19T12:32:12Z,2026-07-19T14:32:12+0200,f397dbef-7cdb-41f6-bba7-8b8b09f52e7d,2026-06-22T20:30:00Z,2026-06-22T22:30:00+0200,0.0,MW,FR,FR,forecast_solar_generation,Solar,2026-07-19T12:33:22Z
2026-07-19T12:32:12Z,2026-07-19T14:32:12+0200,f397dbef-7cdb-41f6-bba7-8b8b09f52e7d,2026-06-22T20:45:00Z,2026-06-22T22:45:00+0200,0.0,MW,FR,FR,forecast_solar_generation,Solar,2026-07-19T12:33:22Z
2026-07-19T12:32:12Z,2026-07-19T14:32:12+0200,f397dbef-7cdb-41f6-bba7-8b8b09f52e7d,2026-06-22T21:00:00Z,2026-06-22T23:00:00+0200,0.0,MW,FR,FR,forecast_solar_generation,Solar,2026-07-19T12:33:22Z
2026-07-19T12:32:12Z,2026-07-19T14:32:12+0200,f397dbef-7cdb-41f6-bba7-8b8b09f52e7d,2026-06-22T21:15:00Z,2026-06-22T23:15:00+0200,0.0,MW,FR,FR,forecast_solar_generation,Solar,2026-07-19T12:33:22Z
2026-07-19T12:32:12Z,2026-07-19T14:32:12+0200,f397dbef-7cdb-41f6-bba7-8b8b09f52e7d,2026-06-22T21:30:00Z,2026-06-22T23:30:00+0200,0.0,MW,FR,FR,forecast_solar_generation,Solar,2026-07-19T12:33:22Z
2026-07-19T12:32:12Z,2026-07-19T14:32:12+0200,f397dbef-7cdb-41f6-bba7-8b8b09f52e7d,2026-06-22T21:45:00Z,2026-06-22T23:45:00+0200,0.0,MW,FR,FR,forecast_solar_generation,Solar,2026-07-19T12:33:22Z
2026-07-19T12:32:12Z,2026-07-19T14:32:12+0200,f397dbef-7cdb-41f6-bba7-8b8b09f52e7d,2026-06-22T22:00:00Z,2026-06-23T00:00:00+0200,0.0,MW,FR,FR,forecast_solar_generation,Solar,2026-07-19T12:33:22Z
2026-07-19T12:32:12Z,2026-07-19T14:32:12+0200,f397dbef-7cdb-41f6-bba7-8b8b09f52e7d,2026-06-22T22:15:00Z,2026-06-23T00:15:00+0200,0.0,MW,FR,FR,forecast_solar_generation,Solar,2026-07-19T12:33:22Z
2026-07-19T12:32:12Z,2026-07-19T14:32:12+0200,f397dbef-7cdb-41f6-bba7-8b8b09f52e7d,2026-06-22T22:30:00Z,2026-06-23T00:30:00+0200,0.0,MW,FR,FR,forecast_solar_generation,Solar,2026-07-19T12:33:22Z
2026-07-19T12:32:12Z,2026-07-19T14:32:12+0200,f397dbef-7cdb-41f6-bba7-8b8b09f52e7d,2026-06-22T22:45:00Z,2026-06-23T00:45:00+0200,0.0,MW,FR,FR,forecast_solar_generation,Solar,2026-07-19T12:33:22Z
2026-07-19T12:32:12Z,2026-07-19T14:32:12+0200,f397dbef-7cdb-41f6-bba7-8b8b09f52e7d,2026-06-22T23:00:00Z,2026-06-23T01:00:00+0200,0.0,MW,FR,FR,forecast_solar_generation,Solar,2026-07-19T12:33:22Z
2026-07-19T12:32:12Z,2026-07-19T14:32:12+0200,f397dbef-7cdb-41f6-bba7-8b8b09f52e7d,2026-06-22T23:15:00Z,2026-06-23T01:15:00+0200,0.0,MW,FR,FR,forecast_solar_generation,Solar,2026-07-19T12:33:22Z
2026-07-19T12:32:12Z,2026-07-19T14:32:12+0200,f397dbef-7cdb-41f6-bba7-8b8b09f52e7d,2026-06-22T23:30:00Z,2026-06-23T01:30:00+0200,0.0,MW,FR,FR,forecast_solar_generation,Solar,2026-07-19T12:33:22Z
2026-07-19T12:32:12Z,2026-07-19T14:32:12+0200,f397dbef-7cdb-41f6-bba7-8b8b09f52e7d,2026-06-22T23:45:00Z,2026-06-23T01:45:00+0200,0.0,MW,FR,FR,forecast_solar_generation,Solar,2026-07-19T12:33:22Z
2026-07-19T12:32:12Z,2026-07-19T14:32:12+0200,f397dbef-7cdb-41f6-bba7-8b8b09f52e7d,2026-06-23T00:00:00Z,2026-06-23T02:00:00+0200,0.0,MW,FR,FR,forecast_solar_generation,Solar,2026-07-19T12:33:22Z
2026-07-19T12:32:12Z,2026-07-19T14:32:12+0200,f397dbef-7cdb-41f6-bba7-8b8b09f52e7d,2026-06-23T00:15:00Z,2026-06-23T02:15:00+0200,0.0,MW,FR,FR,forecast_solar_generation,Solar,2026-07-19T12:33:22Z
2026-07-19T12:32:12Z,2026-07-19T14:32:12+0200,f397dbef-7cdb-41f6-bba7-8b8b09f52e7d,2026-06-23T00:30:00Z,2026-06-23T02:30:00+0200,0.0,MW,FR,FR,forecast_solar_generation,Solar,2026-07-19T12:33:22Z
2026-07-19T12:32:12Z,2026-07-19T14:32:12+0200,f397dbef-7cdb-41f6-bba7-8b8b09f52e7d,2026-06-23T00:45:00Z,2026-06-23T02:45:00+0200,0.0,MW,FR,FR,forecast_solar_generation,Solar,2026-07-19T12:33:22Z
2026-07-19T12:32:12Z,2026-07-19T14:32:12+0200,f397dbef-7cdb-41f6-bba7-8b8b09f52e7d,2026-06-23T01:00:00Z,2026-06-23T03:00:00+0200,0.0,MW,FR,FR,forecast_solar_generation,Solar,2026-07-19T12:33:22Z
2026-07-19T12:32:12Z,2026-07-19T14:32:12+0200,f397dbef-7cdb-41f6-bba7-8b8b09f52e7d,2026-06-23T01:15:00Z,2026-06-23T03:15:00+0200,0.0,MW,FR,FR,forecast_solar_generation,Solar,2026-07-19T12:33:22Z
2026-07-19T12:32:12Z,2026-07-19T14:32:12+0200,f397dbef-7cdb-41f6-bba7-8b8b09f52e7d,2026-06-23T01:30:00Z,2026-06-23T03:30:00+0200,0.0,MW,FR,FR,forecast_solar_generation,Solar,2026-07-19T12:33:22Z
2026-07-19T12:32:12Z,2026-07-19T14:32:12+0200,f397dbef-7cdb-41f6-bba7-8b8b09f52e7d,2026-06-23T01:45:00Z,2026-06-23T03:45:00+0200,0.0,MW,FR,FR,forecast_solar_generation,Solar,2026-07-19T12:33:22Z
2026-07-19T12:32:12Z,2026-07-19T14:32:12+0200,f397dbef-7cdb-41f6-bba7-8b8b09f52e7d,2026-06-23T02:00:00Z,2026-06-23T04:00:00+0200,0.0,MW,FR,FR,forecast_solar_generation,Solar,2026-07-19T12:33:22Z
2026-07-19T12:32:12Z,2026-07-19T14:32:12+0200,f397dbef-7cdb-41f6-bba7-8b8b09f52e7d,2026-06-23T02:15:00Z,2026-06-23T04:15:00+0200,0.0,MW,FR,FR,forecast_solar_generation,Solar,2026-07-19T12:33:22Z
2026-07-19T12:32:12Z,2026-07-19T14:32:12+0200,f397dbef-7cdb-41f6-bba7-8b8b09f52e7d,2026-06-23T02:30:00Z,2026-06-23T04:30:00+0200,0.0,MW,FR,FR,forecast_solar_generation,Solar,2026-07-19T12:33:22Z
2026-07-19T12:32:12Z,2026-07-19T14:32:12+0200,f397dbef-7cdb-41f6-bba7-8b8b09f52e7d,2026-06-23T02:45:00Z,2026-06-23T04:45:00+0200,0.0,MW,FR,FR,forecast_solar_generation,Solar,2026-07-19T12:33:22Z
2026-07-19T12:32:12Z,2026-07-19T14:32:12+0200,f397dbef-7cdb-41f6-bba7-8b8b09f52e7d,2026-06-23T03:00:00Z,2026-06-23T05:00:00+0200,0.0,MW,FR,FR,forecast_solar_generation,Solar,2026-07-19T12:33:22Z
2026-07-19T12:32:12Z,2026-07-19T14:32:12+0200,f397dbef-7cdb-41f6-bba7-8b8b09f52e7d,2026-06-23T03:15:00Z,2026-06-23T05:15:00+0200,0.0,MW,FR,FR,forecast_solar_generation,Solar,2026-07-19T12:33:22Z
2026-07-19T12:32:12Z,2026-07-19T14:32:12+0200,f397dbef-7cdb-41f6-bba7-8b8b09f52e7d,2026-06-23T03:30:00Z,2026-06-23T05:30:00+0200,0.0,MW,FR,FR,forecast_solar_generation,Solar,2026-07-19T12:33:22Z
2026-07-19T12:32:12Z,2026-07-19T14:32:12+0200,f397dbef-7cdb-41f6-bba7-8b8b09f52e7d,2026-06-23T03:45:00Z,2026-06-23T05:45:00+0200,0.0,MW,FR,FR,forecast_solar_generation,Solar,2026-07-19T12:33:22Z
2026-07-19T12:32:12Z,2026-07-19T14:32:12+0200,f397dbef-7cdb-41f6-bba7-8b8b09f52e7d,2026-06-23T04:00:00Z,2026-06-23T06:00:00+0200,0.0,MW,FR,FR,forecast_solar_generation,Solar,2026-07-19T12:33:22Z
2026-07-19T12:32:12Z,2026-07-19T14:32:12+0200,f397dbef-7cdb-41f6-bba7-8b8b09f52e7d,2026-06-23T04:15:00Z,2026-06-23T06:15:00+0200,194.99722,MW,FR,FR,forecast_solar_generation,Solar,2026-07-19T12:33:22Z
2026-07-19T12:32:12Z,2026-07-19T14:32:12+0200,f397dbef-7cdb-41f6-bba7-8b8b09f52e7d,2026-06-23T04:30:00Z,2026-06-23T06:30:00+0200,325.71045,MW,FR,FR,forecast_solar_generation,Solar,2026-07-19T12:33:22Z
2026-07-19T12:32:12Z,2026-07-19T14:32:12+0200,f397dbef-7cdb-41f6-bba7-8b8b09f52e7d,2026-06-23T04:45:00Z,2026-06-23T06:45:00+0200,689.28528,MW,FR,FR,forecast_solar_generation,Solar,2026-07-19T12:33:22Z
2026-07-19T12:32:12Z,2026-07-19T14:32:12+0200,f397dbef-7cdb-41f6-bba7-8b8b09f52e7d,2026-06-23T05:00:00Z,2026-06-23T07:00:00+0200,1132.06335,MW,FR,FR,forecast_solar_generation,Solar,2026-07-19T12:33:22Z
2026-07-19T12:32:12Z,2026-07-19T14:32:12+0200,f397dbef-7cdb-41f6-bba7-8b8b09f52e7d,2026-06-23T05:15:00Z,2026-06-23T07:15:00+0200,1650.57898,MW,FR,FR,forecast_solar_generation,Solar,2026-07-19T12:33:22Z
2026-07-19T12:32:12Z,2026-07-19T14:32:12+0200,f397dbef-7cdb-41f6-bba7-8b8b09f52e7d,2026-06-23T05:30:00Z,2026-06-23T07:30:00+0200,2250.3103,MW,FR,FR,forecast_solar_generation,Solar,2026-07-19T12:33:22Z
2026-07-19T12:32:12Z,2026-07-19T14:32:12+0200,f397dbef-7cdb-41f6-bba7-8b8b09f52e7d,2026-06-23T05:45:00Z,2026-06-23T07:45:00+0200,3120.99146,MW,FR,FR,forecast_solar_generation,Solar,2026-07-19T12:33:22Z
2026-07-19T12:32:12Z,2026-07-19T14:32:12+0200,f397dbef-7cdb-41f6-bba7-8b8b09f52e7d,2026-06-23T06:00:00Z,2026-06-23T08:00:00+0200,4054.19507,MW,FR,FR,forecast_solar_generation,Solar,2026-07-19T12:33:22Z
2026-07-19T12:32:12Z,2026-07-19T14:32:12+0200,f397dbef-7cdb-41f6-bba7-8b8b09f52e7d,2026-06-23T06:15:00Z,2026-06-23T08:15:00+0200,5103.39111,MW,FR,FR,forecast_solar_generation,Solar,2026-07-19T12:33:22Z
2026-07-19T12:32:12Z,2026-07-19T14:32:12+0200,f397dbef-7cdb-41f6-bba7-8b8b09f52e7d,2026-06-23T06:30:00Z,2026-06-23T08:30:00+0200,6293.77246,MW,FR,FR,forecast_solar_generation,Solar,2026-07-19T12:33:22Z
2026-07-19T12:32:12Z,2026-07-19T14:32:12+0200,f397dbef-7cdb-41f6-bba7-8b8b09f52e7d,2026-06-23T06:45:00Z,2026-06-23T08:45:00+0200,7430.98389,MW,FR,FR,forecast_solar_generation,Solar,2026-07-19T12:33:22Z
2026-07-19T12:32:12Z,2026-07-19T14:32:12+0200,f397dbef-7cdb-41f6-bba7-8b8b09f52e7d,2026-06-23T07:00:00Z,2026-06-23T09:00:00+0200,8662.18945,MW,FR,FR,forecast_solar_generation,Solar,2026-07-19T12:33:22Z
2026-07-19T12:32:12Z,2026-07-19T14:32:12+0200,f397dbef-7cdb-41f6-bba7-8b8b09f52e7d,2026-06-23T07:15:00Z,2026-06-23T09:15:00+0200,9789.50684,MW,FR,FR,forecast_solar_generation,Solar,2026-07-19T12:33:22Z
2026-07-19T12:32:12Z,2026-07-19T14:32:12+0200,f397dbef-7cdb-41f6-bba7-8b8b09f52e7d,2026-06-23T07:30:00Z,2026-06-23T09:30:00+0200,10980.08789,MW,FR,FR,forecast_solar_generation,Solar,2026-07-19T12:33:22Z
2026-07-19T12:32:12Z,2026-07-19T14:32:12+0200,f397dbef-7cdb-41f6-bba7-8b8b09f52e7d,2026-06-23T07:45:00Z,2026-06-23T09:45:00+0200,12066.96094,MW,FR,FR,forecast_solar_generation,Solar,2026-07-19T12:33:22Z
2026-07-19T12:32:12Z,2026-07-19T14:32:12+0200,f397dbef-7cdb-41f6-bba7-8b8b09f52e7d,2026-06-23T08:00:00Z,2026-06-23T10:00:00+0200,13162.31836,MW,FR,FR,forecast_solar_generation,Solar,2026-07-19T12:33:22Z
2026-07-19T12:32:12Z,2026-07-19T14:32:12+0200,f397dbef-7cdb-41f6-bba7-8b8b09f52e7d,2026-06-23T08:15:00Z,2026-06-23T10:15:00+0200,14161.91406,MW,FR,FR,forecast_solar_generation,Solar,2026-07-19T12:33:22Z
2026-07-19T12:32:12Z,2026-07-19T14:32:12+0200,f397dbef-7cdb-41f6-bba7-8b8b09f52e7d,2026-06-23T08:30:00Z,2026-06-23T10:30:00+0200,15165.96289,MW,FR,FR,forecast_solar_generation,Solar,2026-07-19T12:33:22Z
2026-07-19T12:32:12Z,2026-07-19T14:32:12+0200,f397dbef-7cdb-41f6-bba7-8b8b09f52e7d,2026-06-23T08:45:00Z,2026-06-23T10:45:00+0200,15938.11914,MW,FR,FR,forecast_solar_generation,Solar,2026-07-19T12:33:22Z
2026-07-19T12:32:12Z,2026-07-19T14:32:12+0200,f397dbef-7cdb-41f6-bba7-8b8b09f52e7d,2026-06-23T09:00:00Z,2026-06-23T11:00:00+0200,16611.60938,MW,FR,FR,forecast_solar_generation,Solar,2026-07-19T12:33:22Z
2026-07-19T12:32:12Z,2026-07-19T14:32:12+0200,f397dbef-7cdb-41f6-bba7-8b8b09f52e7d,2026-06-23T09:15:00Z,2026-06-23T11:15:00+0200,17306.8125,MW,FR,FR,forecast_solar_generation,Solar,2026-07-19T12:33:22Z
2026-07-19T12:32:12Z,2026-07-19T14:32:12+0200,f397dbef-7cdb-41f6-bba7-8b8b09f52e7d,2026-06-23T09:30:00Z,2026-06-23T11:30:00+0200,17971.94141,MW,FR,FR,forecast_solar_generation,Solar,2026-07-19T12:33:22Z
2026-07-19T12:32:12Z,2026-07-19T14:32:12+0200,f397dbef-7cdb-41f6-bba7-8b8b09f52e7d,2026-06-23T09:45:00Z,2026-06-23T11:45:00+0200,18472.08398,MW,FR,FR,forecast_solar_generation,Solar,2026-07-19T12:33:22Z
2026-07-19T12:32:12Z,2026-07-19T14:32:12+0200,f397dbef-7cdb-41f6-bba7-8b8b09f52e7d,2026-06-23T10:00:00Z,2026-06-23T12:00:00+0200,18925.79297,MW,FR,FR,forecast_solar_generation,Solar,2026-07-19T12:33:22Z
2026-07-19T12:32:12Z,2026-07-19T14:32:12+0200,f397dbef-7cdb-41f6-bba7-8b8b09f52e7d,2026-06-23T10:15:00Z,2026-06-23T12:15:00+0200,19286.09375,MW,FR,FR,forecast_solar_generation,Solar,2026-07-19T12:33:22Z
2026-07-19T12:32:12Z,2026-07-19T14:32:12+0200,f397dbef-7cdb-41f6-bba7-8b8b09f52e7d,2026-06-23T10:30:00Z,2026-06-23T12:30:00+0200,19604.28125,MW,FR,FR,forecast_solar_generation,Solar,2026-07-19T12:33:22Z
2026-07-19T12:32:12Z,2026-07-19T14:32:12+0200,f397dbef-7cdb-41f6-bba7-8b8b09f52e7d,2026-06-23T10:45:00Z,2026-06-23T12:45:00+0200,19794.4668,MW,FR,FR,forecast_solar_generation,Solar,2026-07-19T12:33:22Z
2026-07-19T12:32:12Z,2026-07-19T14:32:12+0200,f397dbef-7cdb-41f6-bba7-8b8b09f52e7d,2026-06-23T11:00:00Z,2026-06-23T13:00:00+0200,19993.88281,MW,FR,FR,forecast_solar_generation,Solar,2026-07-19T12:33:22Z
2026-07-19T12:32:12Z,2026-07-19T14:32:12+0200,f397dbef-7cdb-41f6-bba7-8b8b09f52e7d,2026-06-23T11:15:00Z,2026-06-23T13:15:00+0200,20111.33203,MW,FR,FR,forecast_solar_generation,Solar,2026-07-19T12:33:22Z
2026-07-19T12:32:12Z,2026-07-19T14:32:12+0200,f397dbef-7cdb-41f6-bba7-8b8b09f52e7d,2026-06-23T11:30:00Z,2026-06-23T13:30:00+0200,20189.25977,MW,FR,FR,forecast_solar_generation,Solar,2026-07-19T12:33:22Z
2026-07-19T12:32:12Z,2026-07-19T14:32:12+0200,f397dbef-7cdb-41f6-bba7-8b8b09f52e7d,2026-06-23T11:45:00Z,2026-06-23T13:45:00+0200,20206.92188,MW,FR,FR,forecast_solar_generation,Solar,2026-07-19T12:33:22Z
2026-07-19T12:32:12Z,2026-07-19T14:32:12+0200,f397dbef-7cdb-41f6-bba7-8b8b09f52e7d,2026-06-23T12:00:00Z,2026-06-23T14:00:00+0200,20194.01562,MW,FR,FR,forecast_solar_generation,Solar,2026-07-19T12:33:22Z
2026-07-19T12:32:12Z,2026-07-19T14:32:12+0200,f397dbef-7cdb-41f6-bba7-8b8b09f52e7d,2026-06-23T12:15:00Z,2026-06-23T14:15:00+0200,20118.85156,MW,FR,FR,forecast_solar_generation,Solar,2026-07-19T12:33:22Z
2026-07-19T12:32:12Z,2026-07-19T14:32:12+0200,f397dbef-7cdb-41f6-bba7-8b8b09f52e7d,2026-06-23T12:30:00Z,2026-06-23T14:30:00+0200,20021.05078,MW,FR,FR,forecast_solar_generation,Solar,2026-07-19T12:33:22Z
2026-07-19T12:32:12Z,2026-07-19T14:32:12+0200,f397dbef-7cdb-41f6-bba7-8b8b09f52e7d,2026-06-23T12:45:00Z,2026-06-23T14:45:00+0200,19808.81836,MW,FR,FR,forecast_solar_generation,Solar,2026-07-19T12:33:22Z
2026-07-19T12:32:12Z,2026-07-19T14:32:12+0200,f397dbef-7cdb-41f6-bba7-8b8b09f52e7d,2026-06-23T13:00:00Z,2026-06-23T15:00:00+0200,19516.22461,MW,FR,FR,forecast_solar_generation,Solar,2026-07-19T12:33:22Z
2026-07-19T12:32:12Z,2026-07-19T14:32:12+0200,f397dbef-7cdb-41f6-bba7-8b8b09f52e7d,2026-06-23T13:15:00Z,2026-06-23T15:15:00+0200,19165.03516,MW,FR,FR,forecast_solar_generation,Solar,2026-07-19T12:33:22Z
2026-07-19T12:32:12Z,2026-07-19T14:32:12+0200,f397dbef-7cdb-41f6-bba7-8b8b09f52e7d,2026-06-23T13:30:00Z,2026-06-23T15:30:00+0200,18756.32617,MW,FR,FR,forecast_solar_generation,Solar,2026-07-19T12:33:22Z
2026-07-19T12:32:12Z,2026-07-19T14:32:12+0200,f397dbef-7cdb-41f6-bba7-8b8b09f52e7d,2026-06-23T13:45:00Z,2026-06-23T15:45:00+0200,18250.77344,MW,FR,FR,forecast_solar_generation,Solar,2026-07-19T12:33:22Z
2026-07-19T12:32:12Z,2026-07-19T14:32:12+0200,f397dbef-7cdb-41f6-bba7-8b8b09f52e7d,2026-06-23T14:00:00Z,2026-06-23T16:00:00+0200,17698.35938,MW,FR,FR,forecast_solar_generation,Solar,2026-07-19T12:33:22Z
2026-07-19T12:32:12Z,2026-07-19T14:32:12+0200,f397dbef-7cdb-41f6-bba7-8b8b09f52e7d,2026-06-23T14:15:00Z,2026-06-23T16:15:00+0200,17108.33789,MW,FR,FR,forecast_solar_generation,Solar,2026-07-19T12:33:22Z
2026-07-19T12:32:12Z,2026-07-19T14:32:12+0200,f397dbef-7cdb-41f6-bba7-8b8b09f52e7d,2026-06-23T14:30:00Z,2026-06-23T16:30:00+0200,16465.15625,MW,FR,FR,forecast_solar_generation,Solar,2026-07-19T12:33:22Z
2026-07-19T12:32:12Z,2026-07-19T14:32:12+0200,f397dbef-7cdb-41f6-bba7-8b8b09f52e7d,2026-06-23T14:45:00Z,2026-06-23T16:45:00+0200,15772.79688,MW,FR,FR,forecast_solar_generation,Solar,2026-07-19T12:33:22Z
2026-07-19T12:32:12Z,2026-07-19T14:32:12+0200,f397dbef-7cdb-41f6-bba7-8b8b09f52e7d,2026-06-23T15:00:00Z,2026-06-23T17:00:00+0200,15053.39062,MW,FR,FR,forecast_solar_generation,Solar,2026-07-19T12:33:22Z
2026-07-19T12:32:12Z,2026-07-19T14:32:12+0200,f397dbef-7cdb-41f6-bba7-8b8b09f52e7d,2026-06-23T15:15:00Z,2026-06-23T17:15:00+0200,14292.78809,MW,FR,FR,forecast_solar_generation,Solar,2026-07-19T12:33:22Z
2026-07-19T12:32:12Z,2026-07-19T14:32:12+0200,f397dbef-7cdb-41f6-bba7-8b8b09f52e7d,2026-06-23T15:30:00Z,2026-06-23T17:30:00+0200,13488.0625,MW,FR,FR,forecast_solar_generation,Solar,2026-07-19T12:33:22Z
2026-07-19T12:32:12Z,2026-07-19T14:32:12+0200,f397dbef-7cdb-41f6-bba7-8b8b09f52e7d,2026-06-23T15:45:00Z,2026-06-23T17:45:00+0200,12637.72266,MW,FR,FR,forecast_solar_generation,Solar,2026-07-19T12:33:22Z
2026-07-19T12:32:12Z,2026-07-19T14:32:12+0200,f397dbef-7cdb-41f6-bba7-8b8b09f52e7d,2026-06-23T16:00:00Z,2026-06-23T18:00:00+0200,11704.00391,MW,FR,FR,forecast_solar_generation,Solar,2026-07-19T12:33:22Z
2026-07-19T12:32:12Z,2026-07-19T14:32:12+0200,f397dbef-7cdb-41f6-bba7-8b8b09f52e7d,2026-06-23T16:15:00Z,2026-06-23T18:15:00+0200,10722.78223,MW,FR,FR,forecast_solar_generation,Solar,2026-07-19T12:33:22Z
2026-07-19T12:32:12Z,2026-07-19T14:32:12+0200,f397dbef-7cdb-41f6-bba7-8b8b09f52e7d,2026-06-23T16:30:00Z,2026-06-23T18:30:00+0200,9744.25586,MW,FR,FR,forecast_solar_generation,Solar,2026-07-19T12:33:22Z
2026-07-19T12:32:12Z,2026-07-19T14:32:12+0200,f397dbef-7cdb-41f6-bba7-8b8b09f52e7d,2026-06-23T16:45:00Z,2026-06-23T18:45:00+0200,8748.43848,MW,FR,FR,forecast_solar_generation,Solar,2026-07-19T12:33:22Z
2026-07-19T12:32:12Z,2026-07-19T14:32:12+0200,f397dbef-7cdb-41f6-bba7-8b8b09f52e7d,2026-06-23T17:00:00Z,2026-06-23T19:00:00+0200,7655.22119,MW,FR,FR,forecast_solar_generation,Solar,2026-07-19T12:33:22Z
2026-07-19T12:32:12Z,2026-07-19T14:32:12+0200,f397dbef-7cdb-41f6-bba7-8b8b09f52e7d,2026-06-23T17:15:00Z,2026-06-23T19:15:00+0200,6632.47754,MW,FR,FR,forecast_solar_generation,Solar,2026-07-19T12:33:22Z
2026-07-19T12:32:12Z,2026-07-19T14:32:12+0200,f397dbef-7cdb-41f6-bba7-8b8b09f52e7d,2026-06-23T17:30:00Z,2026-06-23T19:30:00+0200,5506.66357,MW,FR,FR,forecast_solar_generation,Solar,2026-07-19T12:33:22Z
2026-07-19T12:32:12Z,2026-07-19T14:32:12+0200,f397dbef-7cdb-41f6-bba7-8b8b09f52e7d,2026-06-23T17:45:00Z,2026-06-23T19:45:00+0200,4582.76172,MW,FR,FR,forecast_solar_generation,Solar,2026-07-19T12:33:22Z
2026-07-19T12:32:12Z,2026-07-19T14:32:12+0200,f397dbef-7cdb-41f6-bba7-8b8b09f52e7d,2026-06-23T18:00:00Z,2026-06-23T20:00:00+0200,3577.05371,MW,FR,FR,forecast_solar_generation,Solar,2026-07-19T12:33:22Z
2026-07-19T12:32:12Z,2026-07-19T14:32:12+0200,f397dbef-7cdb-41f6-bba7-8b8b09f52e7d,2026-06-23T18:15:00Z,2026-06-23T20:15:00+0200,2710.05005,MW,FR,FR,forecast_solar_generation,Solar,2026-07-19T12:33:22Z
2026-07-19T12:32:12Z,2026-07-19T14:32:12+0200,f397dbef-7cdb-41f6-bba7-8b8b09f52e7d,2026-06-23T18:30:00Z,2026-06-23T20:30:00+0200,1977.37793,MW,FR,FR,forecast_solar_generation,Solar,2026-07-19T12:33:22Z
2026-07-19T12:32:12Z,2026-07-19T14:32:12+0200,f397dbef-7cdb-41f6-bba7-8b8b09f52e7d,2026-06-23T18:45:00Z,2026-06-23T20:45:00+0200,1426.82385,MW,FR,FR,forecast_solar_generation,Solar,2026-07-19T12:33:22Z
2026-07-19T12:32:12Z,2026-07-19T14:32:12+0200,f397dbef-7cdb-41f6-bba7-8b8b09f52e7d,2026-06-23T19:00:00Z,2026-06-23T21:00:00+0200,975.88251,MW,FR,FR,forecast_solar_generation,Solar,2026-07-19T12:33:22Z
2026-07-19T12:32:12Z,2026-07-19T14:32:12+0200,f397dbef-7cdb-41f6-bba7-8b8b09f52e7d,2026-06-23T19:15:00Z,2026-06-23T21:15:00+0200,577.69922,MW,FR,FR,forecast_solar_generation,Solar,2026-07-19T12:33:22Z
2026-07-19T12:32:12Z,2026-07-19T14:32:12+0200,f397dbef-7cdb-41f6-bba7-8b8b09f52e7d,2026-06-23T19:30:00Z,2026-06-23T21:30:00+0200,242.66682,MW,FR,FR,forecast_solar_generation,Solar,2026-07-19T12:33:22Z
2026-07-19T12:32:12Z,2026-07-19T14:32:12+0200,f397dbef-7cdb-41f6-bba7-8b8b09f52e7d,2026-06-23T19:45:00Z,2026-06-23T21:45:00+0200,83.08143,MW,FR,FR,forecast_solar_generation,Solar,2026-07-19T12:33:22Z
2026-07-19T12:32:12Z,2026-07-19T14:32:12+0200,f397dbef-7cdb-41f6-bba7-8b8b09f52e7d,2026-06-23T20:00:00Z,2026-06-23T22:00:00+0200,13.69317,MW,FR,FR,forecast_solar_generation,Solar,2026-07-19T12:33:22Z
2026-07-19T12:32:12Z,2026-07-19T14:32:12+0200,f397dbef-7cdb-41f6-bba7-8b8b09f52e7d,2026-06-23T20:15:00Z,2026-06-23T22:15:00+0200,0.01579,MW,FR,FR,forecast_solar_generation,Solar,2026-07-19T12:33:22Z
2026-07-19T12:32:12Z,2026-07-19T14:32:12+0200,f397dbef-7cdb-41f6-bba7-8b8b09f52e7d,2026-06-23T20:30:00Z,2026-06-23T22:30:00+0200,0.0,MW,FR,FR,forecast_solar_generation,Solar,2026-07-19T12:33:22Z
2026-07-19T12:32:12Z,2026-07-19T14:32:12+0200,f397dbef-7cdb-41f6-bba7-8b8b09f52e7d,2026-06-23T20:45:00Z,2026-06-23T22:45:00+0200,0.0,MW,FR,FR,forecast_solar_generation,Solar,2026-07-19T12:33:22Z
2026-07-19T12:32:12Z,2026-07-19T14:32:12+0200,f397dbef-7cdb-41f6-bba7-8b8b09f52e7d,2026-06-23T21:00:00Z,2026-06-23T23:00:00+0200,0.0,MW,FR,FR,forecast_solar_generation,Solar,2026-07-19T12:33:22Z
2026-07-19T12:32:12Z,2026-07-19T14:32:12+0200,f397dbef-7cdb-41f6-bba7-8b8b09f52e7d,2026-06-23T21:15:00Z,2026-06-23T23:15:00+0200,0.0,MW,FR,FR,forecast_solar_generation,Solar,2026-07-19T12:33:22Z
2026-07-19T12:32:12Z,2026-07-19T14:32:12+0200,f397dbef-7cdb-41f6-bba7-8b8b09f52e7d,2026-06-23T21:30:00Z,2026-06-23T23:30:00+0200,0.0,MW,FR,FR,forecast_solar_generation,Solar,2026-07-19T12:33:22Z
2026-07-19T12:32:12Z,2026-07-19T14:32:12+0200,f397dbef-7cdb-41f6-bba7-8b8b09f52e7d,2026-06-23T21:45:00Z,2026-06-23T23:45:00+0200,0.0,MW,FR,FR,forecast_solar_generation,Solar,2026-07-19T12:33:22Z
2026-07-19T12:32:12Z,2026-07-19T14:32:12+0200,f397dbef-7cdb-41f6-bba7-8b8b09f52e7d,2026-06-23T22:00:00Z,2026-06-24T00:00:00+0200,0.0,MW,FR,FR,forecast_solar_generation,Solar,2026-07-19T12:33:22Z
2026-07-19T12:32:12Z,2026-07-19T14:32:12+0200,f397dbef-7cdb-41f6-bba7-8b8b09f52e7d,2026-06-23T22:15:00Z,2026-06-24T00:15:00+0200,0.0,MW,FR,FR,forecast_solar_generation,Solar,2026-07-19T12:33:22Z
2026-07-19T12:32:12Z,2026-07-19T14:32:12+0200,f397dbef-7cdb-41f6-bba7-8b8b09f52e7d,2026-06-23T22:30:00Z,2026-06-24T00:30:00+0200,0.0,MW,FR,FR,forecast_solar_generation,Solar,2026-07-19T12:33:22Z
2026-07-19T12:32:12Z,2026-07-19T14:32:12+0200,f397dbef-7cdb-41f6-bba7-8b8b09f52e7d,2026-06-23T22:45:00Z,2026-06-24T00:45:00+0200,0.0,MW,FR,FR,forecast_solar_generation,Solar,2026-07-19T12:33:22Z
2026-07-19T12:32:12Z,2026-07-19T14:32:12+0200,f397dbef-7cdb-41f6-bba7-8b8b09f52e7d,2026-06-23T23:00:00Z,2026-06-24T01:00:00+0200,0.0,MW,FR,FR,forecast_solar_generation,Solar,2026-07-19T12:33:22Z
2026-07-19T12:32:12Z,2026-07-19T14:32:12+0200,f397dbef-7cdb-41f6-bba7-8b8b09f52e7d,2026-06-23T23:15:00Z,2026-06-24T01:15:00+0200,0.0,MW,FR,FR,forecast_solar_generation,Solar,2026-07-19T12:33:22Z
2026-07-19T12:32:12Z,2026-07-19T14:32:12+0200,f397dbef-7cdb-41f6-bba7-8b8b09f52e7d,2026-06-23T23:30:00Z,2026-06-24T01:30:00+0200,0.0,MW,FR,FR,forecast_solar_generation,Solar,2026-07-19T12:33:22Z
2026-07-19T12:32:12Z,2026-07-19T14:32:12+0200,f397dbef-7cdb-41f6-bba7-8b8b09f52e7d,2026-06-23T23:45:00Z,2026-06-24T01:45:00+0200,0.0,MW,FR,FR,forecast_solar_generation,Solar,2026-07-19T12:33:22Z
2026-07-19T12:32:12Z,2026-07-19T14:32:12+0200,f397dbef-7cdb-41f6-bba7-8b8b09f52e7d,2026-06-24T00:00:00Z,2026-06-24T02:00:00+0200,0.0,MW,FR,FR,forecast_solar_generation,Solar,2026-07-19T12:33:22Z
2026-07-19T12:32:12Z,2026-07-19T14:32:12+0200,f397dbef-7cdb-41f6-bba7-8b8b09f52e7d,2026-06-24T00:15:00Z,2026-06-24T02:15:00+0200,0.0,MW,FR,FR,forecast_solar_generation,Solar,2026-07-19T12:33:22Z
2026-07-19T12:32:12Z,2026-07-19T14:32:12+0200,f397dbef-7cdb-41f6-bba7-8b8b09f52e7d,2026-06-24T00:30:00Z,2026-06-24T02:30:00+0200,0.0,MW,FR,FR,forecast_solar_generation,Solar,2026-07-19T12:33:22Z
2026-07-19T12:32:12Z,2026-07-19T14:32:12+0200,f397dbef-7cdb-41f6-bba7-8b8b09f52e7d,2026-06-24T00:45:00Z,2026-06-24T02:45:00+0200,0.0,MW,FR,FR,forecast_solar_generation,Solar,2026-07-19T12:33:22Z
2026-07-19T12:32:12Z,2026-07-19T14:32:12+0200,f397dbef-7cdb-41f6-bba7-8b8b09f52e7d,2026-06-24T01:00:00Z,2026-06-24T03:00:00+0200,0.0,MW,FR,FR,forecast_solar_generation,Solar,2026-07-19T12:33:22Z
2026-07-19T12:32:12Z,2026-07-19T14:32:12+0200,f397dbef-7cdb-41f6-bba7-8b8b09f52e7d,2026-06-24T01:15:00Z,2026-06-24T03:15:00+0200,0.0,MW,FR,FR,forecast_solar_generation,Solar,2026-07-19T12:33:22Z
2026-07-19T12:32:12Z,2026-07-19T14:32:12+0200,f397dbef-7cdb-41f6-bba7-8b8b09f52e7d,2026-06-24T01:30:00Z,2026-06-24T03:30:00+0200,0.0,MW,FR,FR,forecast_solar_generation,Solar,2026-07-19T12:33:22Z
2026-07-19T12:32:12Z,2026-07-19T14:32:12+0200,f397dbef-7cdb-41f6-bba7-8b8b09f52e7d,2026-06-24T01:45:00Z,2026-06-24T03:45:00+0200,0.0,MW,FR,FR,forecast_solar_generation,Solar,2026-07-19T12:33:22Z
2026-07-19T12:32:12Z,2026-07-19T14:32:12+0200,f397dbef-7cdb-41f6-bba7-8b8b09f52e7d,2026-06-24T02:00:00Z,2026-06-24T04:00:00+0200,0.0,MW,FR,FR,forecast_solar_generation,Solar,2026-07-19T12:33:22Z
2026-07-19T12:32:12Z,2026-07-19T14:32:12+0200,f397dbef-7cdb-41f6-bba7-8b8b09f52e7d,2026-06-24T02:15:00Z,2026-06-24T04:15:00+0200,0.0,MW,FR,FR,forecast_solar_generation,Solar,2026-07-19T12:33:22Z
2026-07-19T12:32:12Z,2026-07-19T14:32:12+0200,f397dbef-7cdb-41f6-bba7-8b8b09f52e7d,2026-06-24T02:30:00Z,2026-06-24T04:30:00+0200,0.0,MW,FR,FR,forecast_solar_generation,Solar,2026-07-19T12:33:22Z
2026-07-19T12:32:12Z,2026-07-19T14:32:12+0200,f397dbef-7cdb-41f6-bba7-8b8b09f52e7d,2026-06-24T02:45:00Z,2026-06-24T04:45:00+0200,0.0,MW,FR,FR,forecast_solar_generation,Solar,2026-07-19T12:33:22Z
2026-07-19T12:32:12Z,2026-07-19T14:32:12+0200,f397dbef-7cdb-41f6-bba7-8b8b09f52e7d,2026-06-24T03:00:00Z,2026-06-24T05:00:00+0200,0.0,MW,FR,FR,forecast_solar_generation,Solar,2026-07-19T12:33:22Z
2026-07-19T12:32:12Z,2026-07-19T14:32:12+0200,f397dbef-7cdb-41f6-bba7-8b8b09f52e7d,2026-06-24T03:15:00Z,2026-06-24T05:15:00+0200,0.0,MW,FR,FR,forecast_solar_generation,Solar,2026-07-19T12:33:22Z
2026-07-19T12:32:12Z,2026-07-19T14:32:12+0200,f397dbef-7cdb-41f6-bba7-8b8b09f52e7d,2026-06-24T03:30:00Z,2026-06-24T05:30:00+0200,0.0,MW,FR,FR,forecast_solar_generation,Solar,2026-07-19T12:33:22Z
2026-07-19T12:32:12Z,2026-07-19T14:32:12+0200,f397dbef-7cdb-41f6-bba7-8b8b09f52e7d,2026-06-24T03:45:00Z,2026-06-24T05:45:00+0200,0.0,MW,FR,FR,forecast_solar_generation,Solar,2026-07-19T12:33:22Z
2026-07-19T12:32:12Z,2026-07-19T14:32:12+0200,f397dbef-7cdb-41f6-bba7-8b8b09f52e7d,2026-06-24T04:00:00Z,2026-06-24T06:00:00+0200,0.0,MW,FR,FR,forecast_solar_generation,Solar,2026-07-19T12:33:22Z
2026-07-19T12:32:12Z,2026-07-19T14:32:12+0200,f397dbef-7cdb-41f6-bba7-8b8b09f52e7d,2026-06-24T04:15:00Z,2026-06-24T06:15:00+0200,192.71149,MW,FR,FR,forecast_solar_generation,Solar,2026-07-19T12:33:22Z
2026-07-19T12:32:12Z,2026-07-19T14:32:12+0200,f397dbef-7cdb-41f6-bba7-8b8b09f52e7d,2026-06-24T04:30:00Z,2026-06-24T06:30:00+0200,323.8934,MW,FR,FR,forecast_solar_generation,Solar,2026-07-19T12:33:22Z
2026-07-19T12:32:12Z,2026-07-19T14:32:12+0200,f397dbef-7cdb-41f6-bba7-8b8b09f52e7d,2026-06-24T04:45:00Z,2026-06-24T06:45:00+0200,689.36481,MW,FR,FR,forecast_solar_generation,Solar,2026-07-19T12:33:22Z
2026-07-19T12:32:12Z,2026-07-19T14:32:12+0200,f397dbef-7cdb-41f6-bba7-8b8b09f52e7d,2026-06-24T05:00:00Z,2026-06-24T07:00:00+0200,1126.74878,MW,FR,FR,forecast_solar_generation,Solar,2026-07-19T12:33:22Z
2026-07-19T12:32:12Z,2026-07-19T14:32:12+0200,f397dbef-7cdb-41f6-bba7-8b8b09f52e7d,2026-06-24T05:15:00Z,2026-06-24T07:15:00+0200,1650.4519,MW,FR,FR,forecast_solar_generation,Solar,2026-07-19T12:33:22Z
2026-07-19T12:32:12Z,2026-07-19T14:32:12+0200,f397dbef-7cdb-41f6-bba7-8b8b09f52e7d,2026-06-24T05:30:00Z,2026-06-24T07:30:00+0200,2250.51538,MW,FR,FR,forecast_solar_generation,Solar,2026-07-19T12:33:22Z
2026-07-19T12:32:12Z,2026-07-19T14:32:12+0200,f397dbef-7cdb-41f6-bba7-8b8b09f52e7d,2026-06-24T05:45:00Z,2026-06-24T07:45:00+0200,3123.06958,MW,FR,FR,forecast_solar_generation,Solar,2026-07-19T12:33:22Z
2026-07-19T12:32:12Z,2026-07-19T14:32:12+0200,f397dbef-7cdb-41f6-bba7-8b8b09f52e7d,2026-06-24T06:00:00Z,2026-06-24T08:00:00+0200,4042.99341,MW,FR,FR,forecast_solar_generation,Solar,2026-07-19T12:33:22Z
2026-07-19T12:32:12Z,2026-07-19T14:32:12+0200,f397dbef-7cdb-41f6-bba7-8b8b09f52e7d,2026-06-24T06:15:00Z,2026-06-24T08:15:00+0200,5109.46191,MW,FR,FR,forecast_solar_generation,Solar,2026-07-19T12:33:22Z
2026-07-19T12:32:12Z,2026-07-19T14:32:12+0200,f397dbef-7cdb-41f6-bba7-8b8b09f52e7d,2026-06-24T06:30:00Z,2026-06-24T08:30:00+0200,6281.0752,MW,FR,FR,forecast_solar_generation,Solar,2026-07-19T12:33:22Z
2026-07-19T12:32:12Z,2026-07-19T14:32:12+0200,f397dbef-7cdb-41f6-bba7-8b8b09f52e7d,2026-06-24T06:45:00Z,2026-06-24T08:45:00+0200,7448.20312,MW,FR,FR,forecast_solar_generation,Solar,2026-07-19T12:33:22Z
2026-07-19T12:32:12Z,2026-07-19T14:32:12+0200,f397dbef-7cdb-41f6-bba7-8b8b09f52e7d,2026-06-24T07:00:00Z,2026-06-24T09:00:00+0200,8668.02832,MW,FR,FR,forecast_solar_generation,Solar,2026-07-19T12:33:22Z
2026-07-19T12:32:12Z,2026-07-19T14:32:12+0200,f397dbef-7cdb-41f6-bba7-8b8b09f52e7d,2026-06-24T07:15:00Z,2026-06-24T09:15:00+0200,9848.01465,MW,FR,FR,forecast_solar_generation,Solar,2026-07-19T12:33:22Z
2026-07-19T12:32:12Z,2026-07-19T14:32:12+0200,f397dbef-7cdb-41f6-bba7-8b8b09f52e7d,2026-06-24T07:30:00Z,2026-06-24T09:30:00+0200,11016.2793,MW,FR,FR,forecast_solar_generation,Solar,2026-07-19T12:33:22Z
2026-07-19T12:32:12Z,2026-07-19T14:32:12+0200,f397dbef-7cdb-41f6-bba7-8b8b09f52e7d,2026-06-24T07:45:00Z,2026-06-24T09:45:00+0200,12121.59375,MW,FR,FR,forecast_solar_generation,Solar,2026-07-19T12:33:22Z
2026-07-19T12:32:12Z,2026-07-19T14:32:12+0200,f397dbef-7cdb-41f6-bba7-8b8b09f52e7d,2026-06-24T08:00:00Z,2026-06-24T10:00:00+0200,13190.9082,MW,FR,FR,forecast_solar_generation,Solar,2026-07-19T12:33:22Z
2026-07-19T12:32:12Z,2026-07-19T14:32:12+0200,f397dbef-7cdb-41f6-bba7-8b8b09f52e7d,2026-06-24T08:15:00Z,2026-06-24T10:15:00+0200,14228.25488,MW,FR,FR,forecast_solar_generation,Solar,2026-07-19T12:33:22Z
2026-07-19T12:32:12Z,2026-07-19T14:32:12+0200,f397dbef-7cdb-41f6-bba7-8b8b09f52e7d,2026-06-24T08:30:00Z,2026-06-24T10:30:00+0200,15218.45605,MW,FR,FR,forecast_solar_generation,Solar,2026-07-19T12:33:22Z
2026-07-19T12:32:12Z,2026-07-19T14:32:12+0200,f397dbef-7cdb-41f6-bba7-8b8b09f52e7d,2026-06-24T08:45:00Z,2026-06-24T10:45:00+0200,15993.75391,MW,FR,FR,forecast_solar_generation,Solar,2026-07-19T12:33:22Z
2026-07-19T12:32:12Z,2026-07-19T14:32:12+0200,f397dbef-7cdb-41f6-bba7-8b8b09f52e7d,2026-06-24T09:00:00Z,2026-06-24T11:00:00+0200,16682.56055,MW,FR,FR,forecast_solar_generation,Solar,2026-07-19T12:33:22Z
2026-07-19T12:32:12Z,2026-07-19T14:32:12+0200,f397dbef-7cdb-41f6-bba7-8b8b09f52e7d,2026-06-24T09:15:00Z,2026-06-24T11:15:00+0200,17381.52539,MW,FR,FR,forecast_solar_generation,Solar,2026-07-19T12:33:22Z
2026-07-19T12:32:12Z,2026-07-19T14:32:12+0200,f397dbef-7cdb-41f6-bba7-8b8b09f52e7d,2026-06-24T09:30:00Z,2026-06-24T11:30:00+0200,18067.95312,MW,FR,FR,forecast_solar_generation,Solar,2026-07-19T12:33:22Z
2026-07-19T12:32:12Z,2026-07-19T14:32:12+0200,f397dbef-7cdb-41f6-bba7-8b8b09f52e7d,2026-06-24T09:45:00Z,2026-06-24T11:45:00+0200,18549.96289,MW,FR,FR,forecast_solar_generation,Solar,2026-07-19T12:33:22Z
2026-07-19T12:32:12Z,2026-07-19T14:32:12+0200,f397dbef-7cdb-41f6-bba7-8b8b09f52e7d,2026-06-24T10:00:00Z,2026-06-24T12:00:00+0200,18989.69922,MW,FR,FR,forecast_solar_generation,Solar,2026-07-19T12:33:22Z
2026-07-19T12:32:12Z,2026-07-19T14:32:12+0200,f397dbef-7cdb-41f6-bba7-8b8b09f52e7d,2026-06-24T10:15:00Z,2026-06-24T12:15:00+0200,19350.5625,MW,FR,FR,forecast_solar_generation,Solar,2026-07-19T12:33:22Z
2026-07-19T12:32:12Z,2026-07-19T14:32:12+0200,f397dbef-7cdb-41f6-bba7-8b8b09f52e7d,2026-06-24T10:30:00Z,2026-06-24T12:30:00+0200,19674.76367,MW,FR,FR,forecast_solar_generation,Solar,2026-07-19T12:33:22Z
2026-07-19T12:32:12Z,2026-07-19T14:32:12+0200,f397dbef-7cdb-41f6-bba7-8b8b09f52e7d,2026-06-24T10:45:00Z,2026-06-24T12:45:00+0200,19863.83789,MW,FR,FR,forecast_solar_generation,Solar,2026-07-19T12:33:22Z
2026-07-19T12:32:12Z,2026-07-19T14:32:12+0200,f397dbef-7cdb-41f6-bba7-8b8b09f52e7d,2026-06-24T11:00:00Z,2026-06-24T13:00:00+0200,20043.4668,MW,FR,FR,forecast_solar_generation,Solar,2026-07-19T12:33:22Z
2026-07-19T12:32:12Z,2026-07-19T14:32:12+0200,f397dbef-7cdb-41f6-bba7-8b8b09f52e7d,2026-06-24T11:15:00Z,2026-06-24T13:15:00+0200,20151.84766,MW,FR,FR,forecast_solar_generation,Solar,2026-07-19T12:33:22Z
2026-07-19T12:32:12Z,2026-07-19T14:32:12+0200,f397dbef-7cdb-41f6-bba7-8b8b09f52e7d,2026-06-24T11:30:00Z,2026-06-24T13:30:00+0200,20184.50391,MW,FR,FR,forecast_solar_generation,Solar,2026-07-19T12:33:22Z
2026-07-19T12:32:12Z,2026-07-19T14:32:12+0200,f397dbef-7cdb-41f6-bba7-8b8b09f52e7d,2026-06-24T11:45:00Z,2026-06-24T13:45:00+0200,20136.42578,MW,FR,FR,forecast_solar_generation,Solar,2026-07-19T12:33:22Z
2026-07-19T12:32:12Z,2026-07-19T14:32:12+0200,f397dbef-7cdb-41f6-bba7-8b8b09f52e7d,2026-06-24T12:00:00Z,2026-06-24T14:00:00+0200,20061.76367,MW,FR,FR,forecast_solar_generation,Solar,2026-07-19T12:33:22Z
2026-07-19T12:32:12Z,2026-07-19T14:32:12+0200,f397dbef-7cdb-41f6-bba7-8b8b09f52e7d,2026-06-24T12:15:00Z,2026-06-24T14:15:00+0200,19945.39844,MW,FR,FR,forecast_solar_generation,Solar,2026-07-19T12:33:22Z
2026-07-19T12:32:12Z,2026-07-19T14:32:12+0200,f397dbef-7cdb-41f6-bba7-8b8b09f52e7d,2026-06-24T12:30:00Z,2026-06-24T14:30:00+0200,19824.04492,MW,FR,FR,forecast_solar_generation,Solar,2026-07-19T12:33:22Z
2026-07-19T12:32:12Z,2026-07-19T14:32:12+0200,f397dbef-7cdb-41f6-bba7-8b8b09f52e7d,2026-06-24T12:45:00Z,2026-06-24T14:45:00+0200,19616.73242,MW,FR,FR,forecast_solar_generation,Solar,2026-07-19T12:33:22Z
2026-07-19T12:32:12Z,2026-07-19T14:32:12+0200,f397dbef-7cdb-41f6-bba7-8b8b09f52e7d,2026-06-24T13:00:00Z,2026-06-24T15:00:00+0200,19313.55078,MW,FR,FR,forecast_solar_generation,Solar,2026-07-19T12:33:22Z
2026-07-19T12:32:12Z,2026-07-19T14:32:12+0200,f397dbef-7cdb-41f6-bba7-8b8b09f52e7d,2026-06-24T13:15:00Z,2026-06-24T15:15:00+0200,18906.59375,MW,FR,FR,forecast_solar_generation,Solar,2026-07-19T12:33:22Z
2026-07-19T12:32:12Z,2026-07-19T14:32:12+0200,f397dbef-7cdb-41f6-bba7-8b8b09f52e7d,2026-06-24T13:30:00Z,2026-06-24T15:30:00+0200,18462.96875,MW,FR,FR,forecast_solar_generation,Solar,2026-07-19T12:33:22Z
2026-07-19T12:32:12Z,2026-07-19T14:32:12+0200,f397dbef-7cdb-41f6-bba7-8b8b09f52e7d,2026-06-24T13:45:00Z,2026-06-24T15:45:00+0200,17905.5625,MW,FR,FR,forecast_solar_generation,Solar,2026-07-19T12:33:22Z
2026-07-19T12:32:12Z,2026-07-19T14:32:12+0200,f397dbef-7cdb-41f6-bba7-8b8b09f52e7d,2026-06-24T14:00:00Z,2026-06-24T16:00:00+0200,17317.29492,MW,FR,FR,forecast_solar_generation,Solar,2026-07-19T12:33:22Z
2026-07-19T12:32:12Z,2026-07-19T14:32:12+0200,f397dbef-7cdb-41f6-bba7-8b8b09f52e7d,2026-06-24T14:15:00Z,2026-06-24T16:15:00+0200,16691.82617,MW,FR,FR,forecast_solar_generation,Solar,2026-07-19T12:33:22Z
2026-07-19T12:32:12Z,2026-07-19T14:32:12+0200,f397dbef-7cdb-41f6-bba7-8b8b09f52e7d,2026-06-24T14:30:00Z,2026-06-24T16:30:00+0200,16043.37012,MW,FR,FR,forecast_solar_generation,Solar,2026-07-19T12:33:22Z
2026-07-19T12:32:12Z,2026-07-19T14:32:12+0200,f397dbef-7cdb-41f6-bba7-8b8b09f52e7d,2026-06-24T14:45:00Z,2026-06-24T16:45:00+0200,15279.69434,MW,FR,FR,forecast_solar_generation,Solar,2026-07-19T12:33:22Z
2026-07-19T12:32:12Z,2026-07-19T14:32:12+0200,f397dbef-7cdb-41f6-bba7-8b8b09f52e7d,2026-06-24T15:00:00Z,2026-06-24T17:00:00+0200,14523.24023,MW,FR,FR,forecast_solar_generation,Solar,2026-07-19T12:33:22Z
2026-07-19T12:32:12Z,2026-07-19T14:32:12+0200,f397dbef-7cdb-41f6-bba7-8b8b09f52e7d,2026-06-24T15:15:00Z,2026-06-24T17:15:00+0200,13701.16309,MW,FR,FR,forecast_solar_generation,Solar,2026-07-19T12:33:22Z
2026-07-19T12:32:12Z,2026-07-19T14:32:12+0200,f397dbef-7cdb-41f6-bba7-8b8b09f52e7d,2026-06-24T15:30:00Z,2026-06-24T17:30:00+0200,12844.98145,MW,FR,FR,forecast_solar_generation,Solar,2026-07-19T12:33:22Z
2026-07-19T12:32:12Z,2026-07-19T14:32:12+0200,f397dbef-7cdb-41f6-bba7-8b8b09f52e7d,2026-06-24T15:45:00Z,2026-06-24T17:45:00+0200,11988.45312,MW,FR,FR,forecast_solar_generation,Solar,2026-07-19T12:33:22Z
2026-07-19T12:32:12Z,2026-07-19T14:32:12+0200,f397dbef-7cdb-41f6-bba7-8b8b09f52e7d,2026-06-24T16:00:00Z,2026-06-24T18:00:00+0200,11076.54297,MW,FR,FR,forecast_solar_generation,Solar,2026-07-19T12:33:22Z
2026-07-19T12:32:12Z,2026-07-19T14:32:12+0200,f397dbef-7cdb-41f6-bba7-8b8b09f52e7d,2026-06-24T16:15:00Z,2026-06-24T18:15:00+0200,10081.24707,MW,FR,FR,forecast_solar_generation,Solar,2026-07-19T12:33:22Z
2026-07-19T12:32:12Z,2026-07-19T14:32:12+0200,f397dbef-7cdb-41f6-bba7-8b8b09f52e7d,2026-06-24T16:30:00Z,2026-06-24T18:30:00+0200,9107.1748,MW,FR,FR,forecast_solar_generation,Solar,2026-07-19T12:33:22Z
2026-07-19T12:32:12Z,2026-07-19T14:32:12+0200,f397dbef-7cdb-41f6-bba7-8b8b09f52e7d,2026-06-24T16:45:00Z,2026-06-24T18:45:00+0200,8197.22754,MW,FR,FR,forecast_solar_generation,Solar,2026-07-19T12:33:22Z
2026-07-19T12:32:12Z,2026-07-19T14:32:12+0200,f397dbef-7cdb-41f6-bba7-8b8b09f52e7d,2026-06-24T17:00:00Z,2026-06-24T19:00:00+0200,7177.41357,MW,FR,FR,forecast_solar_generation,Solar,2026-07-19T12:33:22Z
2026-07-19T12:32:12Z,2026-07-19T14:32:12+0200,f397dbef-7cdb-41f6-bba7-8b8b09f52e7d,2026-06-24T17:15:00Z,2026-06-24T19:15:00+0200,6251.88721,MW,FR,FR,forecast_solar_generation,Solar,2026-07-19T12:33:22Z
2026-07-19T12:32:12Z,2026-07-19T14:32:12+0200,f397dbef-7cdb-41f6-bba7-8b8b09f52e7d,2026-06-24T17:30:00Z,2026-06-24T19:30:00+0200,5184.65527,MW,FR,FR,forecast_solar_generation,Solar,2026-07-19T12:33:22Z
2026-07-19T12:32:12Z,2026-07-19T14:32:12+0200,f397dbef-7cdb-41f6-bba7-8b8b09f52e7d,2026-06-24T17:45:00Z,2026-06-24T19:45:00+0200,4352.99463,MW,FR,FR,forecast_solar_generation,Solar,2026-07-19T12:33:22Z
2026-07-19T12:32:12Z,2026-07-19T14:32:12+0200,f397dbef-7cdb-41f6-bba7-8b8b09f52e7d,2026-06-24T18:00:00Z,2026-06-24T20:00:00+0200,3418.99146,MW,FR,FR,forecast_solar_generation,Solar,2026-07-19T12:33:22Z
2026-07-19T12:32:12Z,2026-07-19T14:32:12+0200,f397dbef-7cdb-41f6-bba7-8b8b09f52e7d,2026-06-24T18:15:00Z,2026-06-24T20:15:00+0200,2635.95801,MW,FR,FR,forecast_solar_generation,Solar,2026-07-19T12:33:22Z
2026-07-19T12:32:12Z,2026-07-19T14:32:12+0200,f397dbef-7cdb-41f6-bba7-8b8b09f52e7d,2026-06-24T18:30:00Z,2026-06-24T20:30:00+0200,1940.75659,MW,FR,FR,forecast_solar_generation,Solar,2026-07-19T12:33:22Z
2026-07-19T12:32:12Z,2026-07-19T14:32:12+0200,f397dbef-7cdb-41f6-bba7-8b8b09f52e7d,2026-06-24T18:45:00Z,2026-06-24T20:45:00+0200,1421.59985,MW,FR,FR,forecast_solar_generation,Solar,2026-07-19T12:33:22Z
2026-07-19T12:32:12Z,2026-07-19T14:32:12+0200,f397dbef-7cdb-41f6-bba7-8b8b09f52e7d,2026-06-24T19:00:00Z,2026-06-24T21:00:00+0200,962.62769,MW,FR,FR,forecast_solar_generation,Solar,2026-07-19T12:33:22Z
2026-07-19T12:32:12Z,2026-07-19T14:32:12+0200,f397dbef-7cdb-41f6-bba7-8b8b09f52e7d,2026-06-24T19:15:00Z,2026-06-24T21:15:00+0200,573.42706,MW,FR,FR,forecast_solar_generation,Solar,2026-07-19T12:33:22Z
2026-07-19T12:32:12Z,2026-07-19T14:32:12+0200,f397dbef-7cdb-41f6-bba7-8b8b09f52e7d,2026-06-24T19:30:00Z,2026-06-24T21:30:00+0200,250.5799,MW,FR,FR,forecast_solar_generation,Solar,2026-07-19T12:33:22Z
2026-07-19T12:32:12Z,2026-07-19T14:32:12+0200,f397dbef-7cdb-41f6-bba7-8b8b09f52e7d,2026-06-24T19:45:00Z,2026-06-24T21:45:00+0200,79.87558,MW,FR,FR,forecast_solar_generation,Solar,2026-07-19T12:33:22Z
2026-07-19T12:32:12Z,2026-07-19T14:32:12+0200,f397dbef-7cdb-41f6-bba7-8b8b09f52e7d,2026-06-24T20:00:00Z,2026-06-24T22:00:00+0200,14.43668,MW,FR,FR,forecast_solar_generation,Solar,2026-07-19T12:33:22Z
2026-07-19T12:32:12Z,2026-07-19T14:32:12+0200,f397dbef-7cdb-41f6-bba7-8b8b09f52e7d,2026-06-24T20:15:00Z,2026-06-24T22:15:00+0200,0.01604,MW,FR,FR,forecast_solar_generation,Solar,2026-07-19T12:33:22Z
2026-07-19T12:32:12Z,2026-07-19T14:32:12+0200,f397dbef-7cdb-41f6-bba7-8b8b09f52e7d,2026-06-24T20:30:00Z,2026-06-24T22:30:00+0200,0.0,MW,FR,FR,forecast_solar_generation,Solar,2026-07-19T12:33:22Z
2026-07-19T12:32:12Z,2026-07-19T14:32:12+0200,f397dbef-7cdb-41f6-bba7-8b8b09f52e7d,2026-06-24T20:45:00Z,2026-06-24T22:45:00+0200,0.0,MW,FR,FR,forecast_solar_generation,Solar,2026-07-19T12:33:22Z
2026-07-19T12:32:12Z,2026-07-19T14:32:12+0200,f397dbef-7cdb-41f6-bba7-8b8b09f52e7d,2026-06-24T21:00:00Z,2026-06-24T23:00:00+0200,0.0,MW,FR,FR,forecast_solar_generation,Solar,2026-07-19T12:33:22Z
2026-07-19T12:32:12Z,2026-07-19T14:32:12+0200,f397dbef-7cdb-41f6-bba7-8b8b09f52e7d,2026-06-24T21:15:00Z,2026-06-24T23:15:00+0200,0.0,MW,FR,FR,forecast_solar_generation,Solar,2026-07-19T12:33:22Z
2026-07-19T12:32:12Z,2026-07-19T14:32:12+0200,f397dbef-7cdb-41f6-bba7-8b8b09f52e7d,2026-06-24T21:30:00Z,2026-06-24T23:30:00+0200,0.0,MW,FR,FR,forecast_solar_generation,Solar,2026-07-19T12:33:22Z
2026-07-19T12:32:12Z,2026-07-19T14:32:12+0200,f397dbef-7cdb-41f6-bba7-8b8b09f52e7d,2026-06-24T21:45:00Z,2026-06-24T23:45:00+0200,0.0,MW,FR,FR,forecast_solar_generation,Solar,2026-07-19T12:33:22Z
2026-07-19T12:32:12Z,2026-07-19T14:32:12+0200,f397dbef-7cdb-41f6-bba7-8b8b09f52e7d,2026-06-24T22:00:00Z,2026-06-25T00:00:00+0200,0.0,MW,FR,FR,forecast_solar_generation,Solar,2026-07-19T12:33:22Z
2026-07-19T12:32:12Z,2026-07-19T14:32:12+0200,f397dbef-7cdb-41f6-bba7-8b8b09f52e7d,2026-06-24T22:15:00Z,2026-06-25T00:15:00+0200,0.0,MW,FR,FR,forecast_solar_generation,Solar,2026-07-19T12:33:22Z
2026-07-19T12:32:12Z,2026-07-19T14:32:12+0200,f397dbef-7cdb-41f6-bba7-8b8b09f52e7d,2026-06-24T22:30:00Z,2026-06-25T00:30:00+0200,0.0,MW,FR,FR,forecast_solar_generation,Solar,2026-07-19T12:33:22Z
2026-07-19T12:32:12Z,2026-07-19T14:32:12+0200,f397dbef-7cdb-41f6-bba7-8b8b09f52e7d,2026-06-24T22:45:00Z,2026-06-25T00:45:00+0200,0.0,MW,FR,FR,forecast_solar_generation,Solar,2026-07-19T12:33:22Z
2026-07-19T12:32:12Z,2026-07-19T14:32:12+0200,f397dbef-7cdb-41f6-bba7-8b8b09f52e7d,2026-06-24T23:00:00Z,2026-06-25T01:00:00+0200,0.0,MW,FR,FR,forecast_solar_generation,Solar,2026-07-19T12:33:22Z
2026-07-19T12:32:12Z,2026-07-19T14:32:12+0200,f397dbef-7cdb-41f6-bba7-8b8b09f52e7d,2026-06-24T23:15:00Z,2026-06-25T01:15:00+0200,0.0,MW,FR,FR,forecast_solar_generation,Solar,2026-07-19T12:33:22Z
2026-07-19T12:32:12Z,2026-07-19T14:32:12+0200,f397dbef-7cdb-41f6-bba7-8b8b09f52e7d,2026-06-24T23:30:00Z,2026-06-25T01:30:00+0200,0.0,MW,FR,FR,forecast_solar_generation,Solar,2026-07-19T12:33:22Z
2026-07-19T12:32:12Z,2026-07-19T14:32:12+0200,f397dbef-7cdb-41f6-bba7-8b8b09f52e7d,2026-06-24T23:45:00Z,2026-06-25T01:45:00+0200,0.0,MW,FR,FR,forecast_solar_generation,Solar,2026-07-19T12:33:22Z
2026-07-19T12:32:12Z,2026-07-19T14:32:12+0200,f397dbef-7cdb-41f6-bba7-8b8b09f52e7d,2026-06-25T00:00:00Z,2026-06-25T02:00:00+0200,0.0,MW,FR,FR,forecast_solar_generation,Solar,2026-07-19T12:33:22Z
2026-07-19T12:32:12Z,2026-07-19T14:32:12+0200,f397dbef-7cdb-41f6-bba7-8b8b09f52e7d,2026-06-25T00:15:00Z,2026-06-25T02:15:00+0200,0.0,MW,FR,FR,forecast_solar_generation,Solar,2026-07-19T12:33:22Z
2026-07-19T12:32:12Z,2026-07-19T14:32:12+0200,f397dbef-7cdb-41f6-bba7-8b8b09f52e7d,2026-06-25T00:30:00Z,2026-06-25T02:30:00+0200,0.0,MW,FR,FR,forecast_solar_generation,Solar,2026-07-19T12:33:22Z
2026-07-19T12:32:12Z,2026-07-19T14:32:12+0200,f397dbef-7cdb-41f6-bba7-8b8b09f52e7d,2026-06-25T00:45:00Z,2026-06-25T02:45:00+0200,0.0,MW,FR,FR,forecast_solar_generation,Solar,2026-07-19T12:33:22Z
2026-07-19T12:32:12Z,2026-07-19T14:32:12+0200,f397dbef-7cdb-41f6-bba7-8b8b09f52e7d,2026-06-25T01:00:00Z,2026-06-25T03:00:00+0200,0.0,MW,FR,FR,forecast_solar_generation,Solar,2026-07-19T12:33:22Z
2026-07-19T12:32:12Z,2026-07-19T14:32:12+0200,f397dbef-7cdb-41f6-bba7-8b8b09f52e7d,2026-06-25T01:15:00Z,2026-06-25T03:15:00+0200,0.0,MW,FR,FR,forecast_solar_generation,Solar,2026-07-19T12:33:22Z
2026-07-19T12:32:12Z,2026-07-19T14:32:12+0200,f397dbef-7cdb-41f6-bba7-8b8b09f52e7d,2026-06-25T01:30:00Z,2026-06-25T03:30:00+0200,0.0,MW,FR,FR,forecast_solar_generation,Solar,2026-07-19T12:33:22Z
2026-07-19T12:32:12Z,2026-07-19T14:32:12+0200,f397dbef-7cdb-41f6-bba7-8b8b09f52e7d,2026-06-25T01:45:00Z,2026-06-25T03:45:00+0200,0.0,MW,FR,FR,forecast_solar_generation,Solar,2026-07-19T12:33:22Z
2026-07-19T12:32:12Z,2026-07-19T14:32:12+0200,f397dbef-7cdb-41f6-bba7-8b8b09f52e7d,2026-06-25T02:00:00Z,2026-06-25T04:00:00+0200,0.0,MW,FR,FR,forecast_solar_generation,Solar,2026-07-19T12:33:22Z
2026-07-19T12:32:12Z,2026-07-19T14:32:12+0200,f397dbef-7cdb-41f6-bba7-8b8b09f52e7d,2026-06-25T02:15:00Z,2026-06-25T04:15:00+0200,0.0,MW,FR,FR,forecast_solar_generation,Solar,2026-07-19T12:33:22Z
2026-07-19T12:32:12Z,2026-07-19T14:32:12+0200,f397dbef-7cdb-41f6-bba7-8b8b09f52e7d,2026-06-25T02:30:00Z,2026-06-25T04:30:00+0200,0.0,MW,FR,FR,forecast_solar_generation,Solar,2026-07-19T12:33:22Z
2026-07-19T12:32:12Z,2026-07-19T14:32:12+0200,f397dbef-7cdb-41f6-bba7-8b8b09f52e7d,2026-06-25T02:45:00Z,2026-06-25T04:45:00+0200,0.0,MW,FR,FR,forecast_solar_generation,Solar,2026-07-19T12:33:22Z
2026-07-19T12:32:12Z,2026-07-19T14:32:12+0200,f397dbef-7cdb-41f6-bba7-8b8b09f52e7d,2026-06-25T03:00:00Z,2026-06-25T05:00:00+0200,0.0,MW,FR,FR,forecast_solar_generation,Solar,2026-07-19T12:33:22Z
2026-07-19T12:32:12Z,2026-07-19T14:32:12+0200,f397dbef-7cdb-41f6-bba7-8b8b09f52e7d,2026-06-25T03:15:00Z,2026-06-25T05:15:00+0200,0.0,MW,FR,FR,forecast_solar_generation,Solar,2026-07-19T12:33:22Z
2026-07-19T12:32:12Z,2026-07-19T14:32:12+0200,f397dbef-7cdb-41f6-bba7-8b8b09f52e7d,2026-06-25T03:30:00Z,2026-06-25T05:30:00+0200,0.0,MW,FR,FR,forecast_solar_generation,Solar,2026-07-19T12:33:22Z
2026-07-19T12:32:12Z,2026-07-19T14:32:12+0200,f397dbef-7cdb-41f6-bba7-8b8b09f52e7d,2026-06-25T03:45:00Z,2026-06-25T05:45:00+0200,0.0,MW,FR,FR,forecast_solar_generation,Solar,2026-07-19T12:33:22Z
2026-07-19T12:32:12Z,2026-07-19T14:32:12+0200,f397dbef-7cdb-41f6-bba7-8b8b09f52e7d,2026-06-25T04:00:00Z,2026-06-25T06:00:00+0200,0.0,MW,FR,FR,forecast_solar_generation,Solar,2026-07-19T12:33:22Z
2026-07-19T12:32:12Z,2026-07-19T14:32:12+0200,f397dbef-7cdb-41f6-bba7-8b8b09f52e7d,2026-06-25T04:15:00Z,2026-06-25T06:15:00+0200,192.3774,MW,FR,FR,forecast_solar_generation,Solar,2026-07-19T12:33:22Z
2026-07-19T12:32:12Z,2026-07-19T14:32:12+0200,f397dbef-7cdb-41f6-bba7-8b8b09f52e7d,2026-06-25T04:30:00Z,2026-06-25T06:30:00+0200,316.57996,MW,FR,FR,forecast_solar_generation,Solar,2026-07-19T12:33:22Z
2026-07-19T12:32:12Z,2026-07-19T14:32:12+0200,f397dbef-7cdb-41f6-bba7-8b8b09f52e7d,2026-06-25T04:45:00Z,2026-06-25T06:45:00+0200,668.04913,MW,FR,FR,forecast_solar_generation,Solar,2026-07-19T12:33:22Z
2026-07-19T12:32:12Z,2026-07-19T14:32:12+0200,f397dbef-7cdb-41f6-bba7-8b8b09f52e7d,2026-06-25T05:00:00Z,2026-06-25T07:00:00+0200,1095.37317,MW,FR,FR,forecast_solar_generation,Solar,2026-07-19T12:33:22Z
2026-07-19T12:32:12Z,2026-07-19T14:32:12+0200,f397dbef-7cdb-41f6-bba7-8b8b09f52e7d,2026-06-25T05:15:00Z,2026-06-25T07:15:00+0200,1612.22083,MW,FR,FR,forecast_solar_generation,Solar,2026-07-19T12:33:22Z
2026-07-19T12:32:12Z,2026-07-19T14:32:12+0200,f397dbef-7cdb-41f6-bba7-8b8b09f52e7d,2026-06-25T05:30:00Z,2026-06-25T07:30:00+0200,2186.75513,MW,FR,FR,forecast_solar_generation,Solar,2026-07-19T12:33:22Z
2026-07-19T12:32:12Z,2026-07-19T14:32:12+0200,f397dbef-7cdb-41f6-bba7-8b8b09f52e7d,2026-06-25T05:45:00Z,2026-06-25T07:45:00+0200,3061.05981,MW,FR,FR,forecast_solar_generation,Solar,2026-07-19T12:33:22Z
2026-07-19T12:32:12Z,2026-07-19T14:32:12+0200,f397dbef-7cdb-41f6-bba7-8b8b09f52e7d,2026-06-25T06:00:00Z,2026-06-25T08:00:00+0200,3958.13989,MW,FR,FR,forecast_solar_generation,Solar,2026-07-19T12:33:22Z
2026-07-19T12:32:12Z,2026-07-19T14:32:12+0200,f397dbef-7cdb-41f6-bba7-8b8b09f52e7d,2026-06-25T06:15:00Z,2026-06-25T08:15:00+0200,5014.05029,MW,FR,FR,forecast_solar_generation,Solar,2026-07-19T12:33:22Z
2026-07-19T12:32:12Z,2026-07-19T14:32:12+0200,f397dbef-7cdb-41f6-bba7-8b8b09f52e7d,2026-06-25T06:30:00Z,2026-06-25T08:30:00+0200,6171.44434,MW,FR,FR,forecast_solar_generation,Solar,2026-07-19T12:33:22Z
2026-07-19T12:32:12Z,2026-07-19T14:32:12+0200,f397dbef-7cdb-41f6-bba7-8b8b09f52e7d,2026-06-25T06:45:00Z,2026-06-25T08:45:00+0200,7312.13574,MW,FR,FR,forecast_solar_generation,Solar,2026-07-19T12:33:22Z
2026-07-19T12:32:12Z,2026-07-19T14:32:12+0200,f397dbef-7cdb-41f6-bba7-8b8b09f52e7d,2026-06-25T07:00:00Z,2026-06-25T09:00:00+0200,8534.25391,MW,FR,FR,forecast_solar_generation,Solar,2026-07-19T12:33:22Z
2026-07-19T12:32:12Z,2026-07-19T14:32:12+0200,f397dbef-7cdb-41f6-bba7-8b8b09f52e7d,2026-06-25T07:15:00Z,2026-06-25T09:15:00+0200,9670.42188,MW,FR,FR,forecast_solar_generation,Solar,2026-07-19T12:33:22Z
2026-07-19T12:32:12Z,2026-07-19T14:32:12+0200,f397dbef-7cdb-41f6-bba7-8b8b09f52e7d,2026-06-25T07:30:00Z,2026-06-25T09:30:00+0200,10820.02051,MW,FR,FR,forecast_solar_generation,Solar,2026-07-19T12:33:22Z
2026-07-19T12:32:12Z,2026-07-19T14:32:12+0200,f397dbef-7cdb-41f6-bba7-8b8b09f52e7d,2026-06-25T07:45:00Z,2026-06-25T09:45:00+0200,11902.4707,MW,FR,FR,forecast_solar_generation,Solar,2026-07-19T12:33:22Z
2026-07-19T12:32:12Z,2026-07-19T14:32:12+0200,f397dbef-7cdb-41f6-bba7-8b8b09f52e7d,2026-06-25T08:00:00Z,2026-06-25T10:00:00+0200,12976.2002,MW,FR,FR,forecast_solar_generation,Solar,2026-07-19T12:33:22Z
2026-07-19T12:32:12Z,2026-07-19T14:32:12+0200,f397dbef-7cdb-41f6-bba7-8b8b09f52e7d,2026-06-25T08:15:00Z,2026-06-25T10:15:00+0200,13969.86035,MW,FR,FR,forecast_solar_generation,Solar,2026-07-19T12:33:22Z
2026-07-19T12:32:12Z,2026-07-19T14:32:12+0200,f397dbef-7cdb-41f6-bba7-8b8b09f52e7d,2026-06-25T08:30:00Z,2026-06-25T10:30:00+0200,14974.95703,MW,FR,FR,forecast_solar_generation,Solar,2026-07-19T12:33:22Z
2026-07-19T12:32:12Z,2026-07-19T14:32:12+0200,f397dbef-7cdb-41f6-bba7-8b8b09f52e7d,2026-06-25T08:45:00Z,2026-06-25T10:45:00+0200,15745.61328,MW,FR,FR,forecast_solar_generation,Solar,2026-07-19T12:33:22Z
2026-07-19T12:32:12Z,2026-07-19T14:32:12+0200,f397dbef-7cdb-41f6-bba7-8b8b09f52e7d,2026-06-25T09:00:00Z,2026-06-25T11:00:00+0200,16441.96289,MW,FR,FR,forecast_solar_generation,Solar,2026-07-19T12:33:22Z
2026-07-19T12:32:12Z,2026-07-19T14:32:12+0200,f397dbef-7cdb-41f6-bba7-8b8b09f52e7d,2026-06-25T09:15:00Z,2026-06-25T11:15:00+0200,17068.09375,MW,FR,FR,forecast_solar_generation,Solar,2026-07-19T12:33:22Z
2026-07-19T12:32:12Z,2026-07-19T14:32:12+0200,f397dbef-7cdb-41f6-bba7-8b8b09f52e7d,2026-06-25T09:30:00Z,2026-06-25T11:30:00+0200,17749.32422,MW,FR,FR,forecast_solar_generation,Solar,2026-07-19T12:33:22Z
2026-07-19T12:32:12Z,2026-07-19T14:32:12+0200,f397dbef-7cdb-41f6-bba7-8b8b09f52e7d,2026-06-25T09:45:00Z,2026-06-25T11:45:00+0200,18241.14258,MW,FR,FR,forecast_solar_generation,Solar,2026-07-19T12:33:22Z
2026-07-19T12:32:12Z,2026-07-19T14:32:12+0200,f397dbef-7cdb-41f6-bba7-8b8b09f52e7d,2026-06-25T10:00:00Z,2026-06-25T12:00:00+0200,18687.47656,MW,FR,FR,forecast_solar_generation,Solar,2026-07-19T12:33:22Z
2026-07-19T12:32:12Z,2026-07-19T14:32:12+0200,f397dbef-7cdb-41f6-bba7-8b8b09f52e7d,2026-06-25T10:15:00Z,2026-06-25T12:15:00+0200,19010.11133,MW,FR,FR,forecast_solar_generation,Solar,2026-07-19T12:33:22Z
2026-07-19T12:32:12Z,2026-07-19T14:32:12+0200,f397dbef-7cdb-41f6-bba7-8b8b09f52e7d,2026-06-25T10:30:00Z,2026-06-25T12:30:00+0200,19333.97656,MW,FR,FR,forecast_solar_generation,Solar,2026-07-19T12:33:22Z
2026-07-19T12:32:12Z,2026-07-19T14:32:12+0200,f397dbef-7cdb-41f6-bba7-8b8b09f52e7d,2026-06-25T10:45:00Z,2026-06-25T12:45:00+0200,19488.24219,MW,FR,FR,forecast_solar_generation,Solar,2026-07-19T12:33:22Z
2026-07-19T12:32:12Z,2026-07-19T14:32:12+0200,f397dbef-7cdb-41f6-bba7-8b8b09f52e7d,2026-06-25T11:00:00Z,2026-06-25T13:00:00+0200,19674.61328,MW,FR,FR,forecast_solar_generation,Solar,2026-07-19T12:33:22Z
2026-07-19T12:32:12Z,2026-07-19T14:32:12+0200,f397dbef-7cdb-41f6-bba7-8b8b09f52e7d,2026-06-25T11:15:00Z,2026-06-25T13:15:00+0200,19760.9043,MW,FR,FR,forecast_solar_generation,Solar,2026-07-19T12:33:22Z
2026-07-19T12:32:12Z,2026-07-19T14:32:12+0200,f397dbef-7cdb-41f6-bba7-8b8b09f52e7d,2026-06-25T11:30:00Z,2026-06-25T13:30:00+0200,19811.63867,MW,FR,FR,forecast_solar_generation,Solar,2026-07-19T12:33:22Z
2026-07-19T12:32:12Z,2026-07-19T14:32:12+0200,f397dbef-7cdb-41f6-bba7-8b8b09f52e7d,2026-06-25T11:45:00Z,2026-06-25T13:45:00+0200,19755.375,MW,FR,FR,forecast_solar_generation,Solar,2026-07-19T12:33:22Z
2026-07-19T12:32:12Z,2026-07-19T14:32:12+0200,f397dbef-7cdb-41f6-bba7-8b8b09f52e7d,2026-06-25T12:00:00Z,2026-06-25T14:00:00+0200,19678.88477,MW,FR,FR,forecast_solar_generation,Solar,2026-07-19T12:33:22Z
2026-07-19T12:32:12Z,2026-07-19T14:32:12+0200,f397dbef-7cdb-41f6-bba7-8b8b09f52e7d,2026-06-25T12:15:00Z,2026-06-25T14:15:00+0200,19473.23242,MW,FR,FR,forecast_solar_generation,Solar,2026-07-19T12:33:22Z
2026-07-19T12:32:12Z,2026-07-19T14:32:12+0200,f397dbef-7cdb-41f6-bba7-8b8b09f52e7d,2026-06-25T12:30:00Z,2026-06-25T14:30:00+0200,19271.10547,MW,FR,FR,forecast_solar_generation,Solar,2026-07-19T12:33:22Z
2026-07-19T12:32:12Z,2026-07-19T14:32:12+0200,f397dbef-7cdb-41f6-bba7-8b8b09f52e7d,2026-06-25T12:45:00Z,2026-06-25T14:45:00+0200,18945.79492,MW,FR,FR,forecast_solar_generation,Solar,2026-07-19T12:33:22Z
2026-07-19T12:32:12Z,2026-07-19T14:32:12+0200,f397dbef-7cdb-41f6-bba7-8b8b09f52e7d,2026-06-25T13:00:00Z,2026-06-25T15:00:00+0200,18504.88867,MW,FR,FR,forecast_solar_generation,Solar,2026-07-19T12:33:22Z
2026-07-19T12:32:12Z,2026-07-19T14:32:12+0200,f397dbef-7cdb-41f6-bba7-8b8b09f52e7d,2026-06-25T13:15:00Z,2026-06-25T15:15:00+0200,17929.57422,MW,FR,FR,forecast_solar_generation,Solar,2026-07-19T12:33:22Z
2026-07-19T12:32:12Z,2026-07-19T14:32:12+0200,f397dbef-7cdb-41f6-bba7-8b8b09f52e7d,2026-06-25T13:30:00Z,2026-06-25T15:30:00+0200,17438.55469,MW,FR,FR,forecast_solar_generation,Solar,2026-07-19T12:33:22Z
2026-07-19T12:32:12Z,2026-07-19T14:32:12+0200,f397dbef-7cdb-41f6-bba7-8b8b09f52e7d,2026-06-25T13:45:00Z,2026-06-25T15:45:00+0200,16821.59375,MW,FR,FR,forecast_solar_generation,Solar,2026-07-19T12:33:22Z
2026-07-19T12:32:12Z,2026-07-19T14:32:12+0200,f397dbef-7cdb-41f6-bba7-8b8b09f52e7d,2026-06-25T14:00:00Z,2026-06-25T16:00:00+0200,16207.88672,MW,FR,FR,forecast_solar_generation,Solar,2026-07-19T12:33:22Z
2026-07-19T12:32:12Z,2026-07-19T14:32:12+0200,f397dbef-7cdb-41f6-bba7-8b8b09f52e7d,2026-06-25T14:15:00Z,2026-06-25T16:15:00+0200,15545.38574,MW,FR,FR,forecast_solar_generation,Solar,2026-07-19T12:33:22Z
2026-07-19T12:32:12Z,2026-07-19T14:32:12+0200,f397dbef-7cdb-41f6-bba7-8b8b09f52e7d,2026-06-25T14:30:00Z,2026-06-25T16:30:00+0200,14912.67969,MW,FR,FR,forecast_solar_generation,Solar,2026-07-19T12:33:22Z
2026-07-19T12:32:12Z,2026-07-19T14:32:12+0200,f397dbef-7cdb-41f6-bba7-8b8b09f52e7d,2026-06-25T14:45:00Z,2026-06-25T16:45:00+0200,14229.06641,MW,FR,FR,forecast_solar_generation,Solar,2026-07-19T12:33:22Z
2026-07-19T12:32:12Z,2026-07-19T14:32:12+0200,f397dbef-7cdb-41f6-bba7-8b8b09f52e7d,2026-06-25T15:00:00Z,2026-06-25T17:00:00+0200,13500.66309,MW,FR,FR,forecast_solar_generation,Solar,2026-07-19T12:33:22Z
2026-07-19T12:32:12Z,2026-07-19T14:32:12+0200,f397dbef-7cdb-41f6-bba7-8b8b09f52e7d,2026-06-25T15:15:00Z,2026-06-25T17:15:00+0200,12758.5957,MW,FR,FR,forecast_solar_generation,Solar,2026-07-19T12:33:22Z
2026-07-19T12:32:12Z,2026-07-19T14:32:12+0200,f397dbef-7cdb-41f6-bba7-8b8b09f52e7d,2026-06-25T15:30:00Z,2026-06-25T17:30:00+0200,11974.71973,MW,FR,FR,forecast_solar_generation,Solar,2026-07-19T12:33:22Z
2026-07-19T12:32:12Z,2026-07-19T14:32:12+0200,f397dbef-7cdb-41f6-bba7-8b8b09f52e7d,2026-06-25T15:45:00Z,2026-06-25T17:45:00+0200,11163.79102,MW,FR,FR,forecast_solar_generation,Solar,2026-07-19T12:33:22Z
2026-07-19T12:32:12Z,2026-07-19T14:32:12+0200,f397dbef-7cdb-41f6-bba7-8b8b09f52e7d,2026-06-25T16:00:00Z,2026-06-25T18:00:00+0200,10321.10449,MW,FR,FR,forecast_solar_generation,Solar,2026-07-19T12:33:22Z
2026-07-19T12:32:12Z,2026-07-19T14:32:12+0200,f397dbef-7cdb-41f6-bba7-8b8b09f52e7d,2026-06-25T16:15:00Z,2026-06-25T18:15:00+0200,9351.82812,MW,FR,FR,forecast_solar_generation,Solar,2026-07-19T12:33:22Z
2026-07-19T12:32:12Z,2026-07-19T14:32:12+0200,f397dbef-7cdb-41f6-bba7-8b8b09f52e7d,2026-06-25T16:30:00Z,2026-06-25T18:30:00+0200,8443.04199,MW,FR,FR,forecast_solar_generation,Solar,2026-07-19T12:33:22Z
2026-07-19T12:32:12Z,2026-07-19T14:32:12+0200,f397dbef-7cdb-41f6-bba7-8b8b09f52e7d,2026-06-25T16:45:00Z,2026-06-25T18:45:00+0200,7571.55957,MW,FR,FR,forecast_solar_generation,Solar,2026-07-19T12:33:22Z
2026-07-19T12:32:12Z,2026-07-19T14:32:12+0200,f397dbef-7cdb-41f6-bba7-8b8b09f52e7d,2026-06-25T17:00:00Z,2026-06-25T19:00:00+0200,6583.6665,MW,FR,FR,forecast_solar_generation,Solar,2026-07-19T12:33:22Z
2026-07-19T12:32:12Z,2026-07-19T14:32:12+0200,f397dbef-7cdb-41f6-bba7-8b8b09f52e7d,2026-06-25T17:15:00Z,2026-06-25T19:15:00+0200,5754.07324,MW,FR,FR,forecast_solar_generation,Solar,2026-07-19T12:33:22Z
2026-07-19T12:32:12Z,2026-07-19T14:32:12+0200,f397dbef-7cdb-41f6-bba7-8b8b09f52e7d,2026-06-25T17:30:00Z,2026-06-25T19:30:00+0200,4732.729,MW,FR,FR,forecast_solar_generation,Solar,2026-07-19T12:33:22Z
2026-07-19T12:32:12Z,2026-07-19T14:32:12+0200,f397dbef-7cdb-41f6-bba7-8b8b09f52e7d,2026-06-25T17:45:00Z,2026-06-25T19:45:00+0200,4019.2373,MW,FR,FR,forecast_solar_generation,Solar,2026-07-19T12:33:22Z
2026-07-19T12:32:12Z,2026-07-19T14:32:12+0200,f397dbef-7cdb-41f6-bba7-8b8b09f52e7d,2026-06-25T18:00:00Z,2026-06-25T20:00:00+0200,3130.60571,MW,FR,FR,forecast_solar_generation,Solar,2026-07-19T12:33:22Z
2026-07-19T12:32:12Z,2026-07-19T14:32:12+0200,f397dbef-7cdb-41f6-bba7-8b8b09f52e7d,2026-06-25T18:15:00Z,2026-06-25T20:15:00+0200,2470.01221,MW,FR,FR,forecast_solar_generation,Solar,2026-07-19T12:33:22Z
2026-07-19T12:32:12Z,2026-07-19T14:32:12+0200,f397dbef-7cdb-41f6-bba7-8b8b09f52e7d,2026-06-25T18:30:00Z,2026-06-25T20:30:00+0200,1821.83545,MW,FR,FR,forecast_solar_generation,Solar,2026-07-19T12:33:22Z
2026-07-19T12:32:12Z,2026-07-19T14:32:12+0200,f397dbef-7cdb-41f6-bba7-8b8b09f52e7d,2026-06-25T18:45:00Z,2026-06-25T20:45:00+0200,1356.84607,MW,FR,FR,forecast_solar_generation,Solar,2026-07-19T12:33:22Z
2026-07-19T12:32:12Z,2026-07-19T14:32:12+0200,f397dbef-7cdb-41f6-bba7-8b8b09f52e7d,2026-06-25T19:00:00Z,2026-06-25T21:00:00+0200,928.55322,MW,FR,FR,forecast_solar_generation,Solar,2026-07-19T12:33:22Z
2026-07-19T12:32:12Z,2026-07-19T14:32:12+0200,f397dbef-7cdb-41f6-bba7-8b8b09f52e7d,2026-06-25T19:15:00Z,2026-06-25T21:15:00+0200,553.58636,MW,FR,FR,forecast_solar_generation,Solar,2026-07-19T12:33:22Z
2026-07-19T12:32:12Z,2026-07-19T14:32:12+0200,f397dbef-7cdb-41f6-bba7-8b8b09f52e7d,2026-06-25T19:30:00Z,2026-06-25T21:30:00+0200,253.92818,MW,FR,FR,forecast_solar_generation,Solar,2026-07-19T12:33:22Z
2026-07-19T12:32:12Z,2026-07-19T14:32:12+0200,f397dbef-7cdb-41f6-bba7-8b8b09f52e7d,2026-06-25T19:45:00Z,2026-06-25T21:45:00+0200,87.51433,MW,FR,FR,forecast_solar_generation,Solar,2026-07-19T12:33:22Z
2026-07-19T12:32:12Z,2026-07-19T14:32:12+0200,f397dbef-7cdb-41f6-bba7-8b8b09f52e7d,2026-06-25T20:00:00Z,2026-06-25T22:00:00+0200,15.2178,MW,FR,FR,forecast_solar_generation,Solar,2026-07-19T12:33:22Z
2026-07-19T12:32:12Z,2026-07-19T14:32:12+0200,f397dbef-7cdb-41f6-bba7-8b8b09f52e7d,2026-06-25T20:15:00Z,2026-06-25T22:15:00+0200,0.02556,MW,FR,FR,forecast_solar_generation,Solar,2026-07-19T12:33:22Z
2026-07-19T12:32:12Z,2026-07-19T14:32:12+0200,f397dbef-7cdb-41f6-bba7-8b8b09f52e7d,2026-06-25T20:30:00Z,2026-06-25T22:30:00+0200,0.0,MW,FR,FR,forecast_solar_generation,Solar,2026-07-19T12:33:22Z
2026-07-19T12:32:12Z,2026-07-19T14:32:12+0200,f397dbef-7cdb-41f6-bba7-8b8b09f52e7d,2026-06-25T20:45:00Z,2026-06-25T22:45:00+0200,0.0,MW,FR,FR,forecast_solar_generation,Solar,2026-07-19T12:33:22Z
2026-07-19T12:32:12Z,2026-07-19T14:32:12+0200,f397dbef-7cdb-41f6-bba7-8b8b09f52e7d,2026-06-25T21:00:00Z,2026-06-25T23:00:00+0200,0.0,MW,FR,FR,forecast_solar_generation,Solar,2026-07-19T12:33:22Z
2026-07-19T12:32:12Z,2026-07-19T14:32:12+0200,f397dbef-7cdb-41f6-bba7-8b8b09f52e7d,2026-06-25T21:15:00Z,2026-06-25T23:15:00+0200,0.0,MW,FR,FR,forecast_solar_generation,Solar,2026-07-19T12:33:22Z
2026-07-19T12:32:12Z,2026-07-19T14:32:12+0200,f397dbef-7cdb-41f6-bba7-8b8b09f52e7d,2026-06-25T21:30:00Z,2026-06-25T23:30:00+0200,0.0,MW,FR,FR,forecast_solar_generation,Solar,2026-07-19T12:33:22Z
2026-07-19T12:32:12Z,2026-07-19T14:32:12+0200,f397dbef-7cdb-41f6-bba7-8b8b09f52e7d,2026-06-25T21:45:00Z,2026-06-25T23:45:00+0200,0.0,MW,FR,FR,forecast_solar_generation,Solar,2026-07-19T12:33:22Z
2026-07-19T12:32:12Z,2026-07-19T14:32:12+0200,f397dbef-7cdb-41f6-bba7-8b8b09f52e7d,2026-06-25T22:00:00Z,2026-06-26T00:00:00+0200,0.0,MW,FR,FR,forecast_solar_generation,Solar,2026-07-19T12:33:22Z
2026-07-19T12:32:12Z,2026-07-19T14:32:12+0200,f397dbef-7cdb-41f6-bba7-8b8b09f52e7d,2026-06-25T22:15:00Z,2026-06-26T00:15:00+0200,0.0,MW,FR,FR,forecast_solar_generation,Solar,2026-07-19T12:33:22Z
2026-07-19T12:32:12Z,2026-07-19T14:32:12+0200,f397dbef-7cdb-41f6-bba7-8b8b09f52e7d,2026-06-25T22:30:00Z,2026-06-26T00:30:00+0200,0.0,MW,FR,FR,forecast_solar_generation,Solar,2026-07-19T12:33:22Z
2026-07-19T12:32:12Z,2026-07-19T14:32:12+0200,f397dbef-7cdb-41f6-bba7-8b8b09f52e7d,2026-06-25T22:45:00Z,2026-06-26T00:45:00+0200,0.0,MW,FR,FR,forecast_solar_generation,Solar,2026-07-19T12:33:22Z
2026-07-19T12:32:12Z,2026-07-19T14:32:12+0200,f397dbef-7cdb-41f6-bba7-8b8b09f52e7d,2026-06-25T23:00:00Z,2026-06-26T01:00:00+0200,0.0,MW,FR,FR,forecast_solar_generation,Solar,2026-07-19T12:33:22Z
2026-07-19T12:32:12Z,2026-07-19T14:32:12+0200,f397dbef-7cdb-41f6-bba7-8b8b09f52e7d,2026-06-25T23:15:00Z,2026-06-26T01:15:00+0200,0.0,MW,FR,FR,forecast_solar_generation,Solar,2026-07-19T12:33:22Z
2026-07-19T12:32:12Z,2026-07-19T14:32:12+0200,f397dbef-7cdb-41f6-bba7-8b8b09f52e7d,2026-06-25T23:30:00Z,2026-06-26T01:30:00+0200,0.0,MW,FR,FR,forecast_solar_generation,Solar,2026-07-19T12:33:22Z
2026-07-19T12:32:12Z,2026-07-19T14:32:12+0200,f397dbef-7cdb-41f6-bba7-8b8b09f52e7d,2026-06-25T23:45:00Z,2026-06-26T01:45:00+0200,0.0,MW,FR,FR,forecast_solar_generation,Solar,2026-07-19T12:33:22Z
2026-07-19T12:32:12Z,2026-07-19T14:32:12+0200,f397dbef-7cdb-41f6-bba7-8b8b09f52e7d,2026-06-26T00:00:00Z,2026-06-26T02:00:00+0200,0.0,MW,FR,FR,forecast_solar_generation,Solar,2026-07-19T12:33:22Z
2026-07-19T12:32:12Z,2026-07-19T14:32:12+0200,f397dbef-7cdb-41f6-bba7-8b8b09f52e7d,2026-06-26T00:15:00Z,2026-06-26T02:15:00+0200,0.0,MW,FR,FR,forecast_solar_generation,Solar,2026-07-19T12:33:22Z
2026-07-19T12:32:12Z,2026-07-19T14:32:12+0200,f397dbef-7cdb-41f6-bba7-8b8b09f52e7d,2026-06-26T00:30:00Z,2026-06-26T02:30:00+0200,0.0,MW,FR,FR,forecast_solar_generation,Solar,2026-07-19T12:33:22Z
2026-07-19T12:32:12Z,2026-07-19T14:32:12+0200,f397dbef-7cdb-41f6-bba7-8b8b09f52e7d,2026-06-26T00:45:00Z,2026-06-26T02:45:00+0200,0.0,MW,FR,FR,forecast_solar_generation,Solar,2026-07-19T12:33:22Z
2026-07-19T12:32:12Z,2026-07-19T14:32:12+0200,f397dbef-7cdb-41f6-bba7-8b8b09f52e7d,2026-06-26T01:00:00Z,2026-06-26T03:00:00+0200,0.0,MW,FR,FR,forecast_solar_generation,Solar,2026-07-19T12:33:22Z
2026-07-19T12:32:12Z,2026-07-19T14:32:12+0200,f397dbef-7cdb-41f6-bba7-8b8b09f52e7d,2026-06-26T01:15:00Z,2026-06-26T03:15:00+0200,0.0,MW,FR,FR,forecast_solar_generation,Solar,2026-07-19T12:33:22Z
2026-07-19T12:32:12Z,2026-07-19T14:32:12+0200,f397dbef-7cdb-41f6-bba7-8b8b09f52e7d,2026-06-26T01:30:00Z,2026-06-26T03:30:00+0200,0.0,MW,FR,FR,forecast_solar_generation,Solar,2026-07-19T12:33:22Z
2026-07-19T12:32:12Z,2026-07-19T14:32:12+0200,f397dbef-7cdb-41f6-bba7-8b8b09f52e7d,2026-06-26T01:45:00Z,2026-06-26T03:45:00+0200,0.0,MW,FR,FR,forecast_solar_generation,Solar,2026-07-19T12:33:22Z
2026-07-19T12:32:12Z,2026-07-19T14:32:12+0200,f397dbef-7cdb-41f6-bba7-8b8b09f52e7d,2026-06-26T02:00:00Z,2026-06-26T04:00:00+0200,0.0,MW,FR,FR,forecast_solar_generation,Solar,2026-07-19T12:33:22Z
2026-07-19T12:32:12Z,2026-07-19T14:32:12+0200,f397dbef-7cdb-41f6-bba7-8b8b09f52e7d,2026-06-26T02:15:00Z,2026-06-26T04:15:00+0200,0.0,MW,FR,FR,forecast_solar_generation,Solar,2026-07-19T12:33:22Z
2026-07-19T12:32:12Z,2026-07-19T14:32:12+0200,f397dbef-7cdb-41f6-bba7-8b8b09f52e7d,2026-06-26T02:30:00Z,2026-06-26T04:30:00+0200,0.0,MW,FR,FR,forecast_solar_generation,Solar,2026-07-19T12:33:22Z
2026-07-19T12:32:12Z,2026-07-19T14:32:12+0200,f397dbef-7cdb-41f6-bba7-8b8b09f52e7d,2026-06-26T02:45:00Z,2026-06-26T04:45:00+0200,0.0,MW,FR,FR,forecast_solar_generation,Solar,2026-07-19T12:33:22Z
2026-07-19T12:32:12Z,2026-07-19T14:32:12+0200,f397dbef-7cdb-41f6-bba7-8b8b09f52e7d,2026-06-26T03:00:00Z,2026-06-26T05:00:00+0200,0.0,MW,FR,FR,forecast_solar_generation,Solar,2026-07-19T12:33:22Z
2026-07-19T12:32:12Z,2026-07-19T14:32:12+0200,f397dbef-7cdb-41f6-bba7-8b8b09f52e7d,2026-06-26T03:15:00Z,2026-06-26T05:15:00+0200,0.0,MW,FR,FR,forecast_solar_generation,Solar,2026-07-19T12:33:22Z
2026-07-19T12:32:12Z,2026-07-19T14:32:12+0200,f397dbef-7cdb-41f6-bba7-8b8b09f52e7d,2026-06-26T03:30:00Z,2026-06-26T05:30:00+0200,0.0,MW,FR,FR,forecast_solar_generation,Solar,2026-07-19T12:33:22Z
2026-07-19T12:32:12Z,2026-07-19T14:32:12+0200,f397dbef-7cdb-41f6-bba7-8b8b09f52e7d,2026-06-26T03:45:00Z,2026-06-26T05:45:00+0200,0.0,MW,FR,FR,forecast_solar_generation,Solar,2026-07-19T12:33:22Z
2026-07-19T12:32:12Z,2026-07-19T14:32:12+0200,f397dbef-7cdb-41f6-bba7-8b8b09f52e7d,2026-06-26T04:00:00Z,2026-06-26T06:00:00+0200,0.0,MW,FR,FR,forecast_solar_generation,Solar,2026-07-19T12:33:22Z
2026-07-19T12:32:12Z,2026-07-19T14:32:12+0200,f397dbef-7cdb-41f6-bba7-8b8b09f52e7d,2026-06-26T04:15:00Z,2026-06-26T06:15:00+0200,191.95583,MW,FR,FR,forecast_solar_generation,Solar,2026-07-19T12:33:22Z
2026-07-19T12:32:12Z,2026-07-19T14:32:12+0200,f397dbef-7cdb-41f6-bba7-8b8b09f52e7d,2026-06-26T04:30:00Z,2026-06-26T06:30:00+0200,303.81171,MW,FR,FR,forecast_solar_generation,Solar,2026-07-19T12:33:22Z
2026-07-19T12:32:12Z,2026-07-19T14:32:12+0200,f397dbef-7cdb-41f6-bba7-8b8b09f52e7d,2026-06-26T04:45:00Z,2026-06-26T06:45:00+0200,645.59381,MW,FR,FR,forecast_solar_generation,Solar,2026-07-19T12:33:22Z
2026-07-19T12:32:12Z,2026-07-19T14:32:12+0200,f397dbef-7cdb-41f6-bba7-8b8b09f52e7d,2026-06-26T05:00:00Z,2026-06-26T07:00:00+0200,1048.2124,MW,FR,FR,forecast_solar_generation,Solar,2026-07-19T12:33:22Z
2026-07-19T12:32:12Z,2026-07-19T14:32:12+0200,f397dbef-7cdb-41f6-bba7-8b8b09f52e7d,2026-06-26T05:15:00Z,2026-06-26T07:15:00+0200,1548.90503,MW,FR,FR,forecast_solar_generation,Solar,2026-07-19T12:33:22Z
2026-07-19T12:32:12Z,2026-07-19T14:32:12+0200,f397dbef-7cdb-41f6-bba7-8b8b09f52e7d,2026-06-26T05:30:00Z,2026-06-26T07:30:00+0200,2107.32886,MW,FR,FR,forecast_solar_generation,Solar,2026-07-19T12:33:22Z
2026-07-19T12:32:12Z,2026-07-19T14:32:12+0200,f397dbef-7cdb-41f6-bba7-8b8b09f52e7d,2026-06-26T05:45:00Z,2026-06-26T07:45:00+0200,2956.31641,MW,FR,FR,forecast_solar_generation,Solar,2026-07-19T12:33:22Z
2026-07-19T12:32:12Z,2026-07-19T14:32:12+0200,f397dbef-7cdb-41f6-bba7-8b8b09f52e7d,2026-06-26T06:00:00Z,2026-06-26T08:00:00+0200,3809.85376,MW,FR,FR,forecast_solar_generation,Solar,2026-07-19T12:33:22Z
2026-07-19T12:32:12Z,2026-07-19T14:32:12+0200,f397dbef-7cdb-41f6-bba7-8b8b09f52e7d,2026-06-26T06:15:00Z,2026-06-26T08:15:00+0200,4857.69092,MW,FR,FR,forecast_solar_generation,Solar,2026-07-19T12:33:22Z
2026-07-19T12:32:12Z,2026-07-19T14:32:12+0200,f397dbef-7cdb-41f6-bba7-8b8b09f52e7d,2026-06-26T06:30:00Z,2026-06-26T08:30:00+0200,5929.01367,MW,FR,FR,forecast_solar_generation,Solar,2026-07-19T12:33:22Z
2026-07-19T12:32:12Z,2026-07-19T14:32:12+0200,f397dbef-7cdb-41f6-bba7-8b8b09f52e7d,2026-06-26T06:45:00Z,2026-06-26T08:45:00+0200,7072.9873,MW,FR,FR,forecast_solar_generation,Solar,2026-07-19T12:33:22Z
2026-07-19T12:32:12Z,2026-07-19T14:32:12+0200,f397dbef-7cdb-41f6-bba7-8b8b09f52e7d,2026-06-26T07:00:00Z,2026-06-26T09:00:00+0200,8251.98242,MW,FR,FR,forecast_solar_generation,Solar,2026-07-19T12:33:22Z
2026-07-19T12:32:12Z,2026-07-19T14:32:12+0200,f397dbef-7cdb-41f6-bba7-8b8b09f52e7d,2026-06-26T07:15:00Z,2026-06-26T09:15:00+0200,9387.02441,MW,FR,FR,forecast_solar_generation,Solar,2026-07-19T12:33:22Z
2026-07-19T12:32:12Z,2026-07-19T14:32:12+0200,f397dbef-7cdb-41f6-bba7-8b8b09f52e7d,2026-06-26T07:30:00Z,2026-06-26T09:30:00+0200,10524.66699,MW,FR,FR,forecast_solar_generation,Solar,2026-07-19T12:33:22Z
2026-07-19T12:32:12Z,2026-07-19T14:32:12+0200,f397dbef-7cdb-41f6-bba7-8b8b09f52e7d,2026-06-26T07:45:00Z,2026-06-26T09:45:00+0200,11597.62695,MW,FR,FR,forecast_solar_generation,Solar,2026-07-19T12:33:22Z
2026-07-19T12:32:12Z,2026-07-19T14:32:12+0200,f397dbef-7cdb-41f6-bba7-8b8b09f52e7d,2026-06-26T08:00:00Z,2026-06-26T10:00:00+0200,12706.80664,MW,FR,FR,forecast_solar_generation,Solar,2026-07-19T12:33:22Z
2026-07-19T12:32:12Z,2026-07-19T14:32:12+0200,f397dbef-7cdb-41f6-bba7-8b8b09f52e7d,2026-06-26T08:15:00Z,2026-06-26T10:15:00+0200,13745.9248,MW,FR,FR,forecast_solar_generation,Solar,2026-07-19T12:33:22Z
2026-07-19T12:32:12Z,2026-07-19T14:32:12+0200,f397dbef-7cdb-41f6-bba7-8b8b09f52e7d,2026-06-26T08:30:00Z,2026-06-26T10:30:00+0200,14743.64746,MW,FR,FR,forecast_solar_generation,Solar,2026-07-19T12:33:22Z
2026-07-19T12:32:12Z,2026-07-19T14:32:12+0200,f397dbef-7cdb-41f6-bba7-8b8b09f52e7d,2026-06-26T08:45:00Z,2026-06-26T10:45:00+0200,15559.89062,MW,FR,FR,forecast_solar_generation,Solar,2026-07-19T12:33:22Z
2026-07-19T12:32:12Z,2026-07-19T14:32:12+0200,f397dbef-7cdb-41f6-bba7-8b8b09f52e7d,2026-06-26T09:00:00Z,2026-06-26T11:00:00+0200,16296.04199,MW,FR,FR,forecast_solar_generation,Solar,2026-07-19T12:33:22Z
2026-07-19T12:32:12Z,2026-07-19T14:32:12+0200,f397dbef-7cdb-41f6-bba7-8b8b09f52e7d,2026-06-26T09:15:00Z,2026-06-26T11:15:00+0200,16964.30469,MW,FR,FR,forecast_solar_generation,Solar,2026-07-19T12:33:22Z
2026-07-19T12:32:12Z,2026-07-19T14:32:12+0200,f397dbef-7cdb-41f6-bba7-8b8b09f52e7d,2026-06-26T09:30:00Z,2026-06-26T11:30:00+0200,17603.15234,MW,FR,FR,forecast_solar_generation,Solar,2026-07-19T12:33:22Z
2026-07-19T12:32:12Z,2026-07-19T14:32:12+0200,f397dbef-7cdb-41f6-bba7-8b8b09f52e7d,2026-06-26T09:45:00Z,2026-06-26T11:45:00+0200,18152.43555,MW,FR,FR,forecast_solar_generation,Solar,2026-07-19T12:33:22Z
2026-07-19T12:32:12Z,2026-07-19T14:32:12+0200,f397dbef-7cdb-41f6-bba7-8b8b09f52e7d,2026-06-26T10:00:00Z,2026-06-26T12:00:00+0200,18615.92773,MW,FR,FR,forecast_solar_generation,Solar,2026-07-19T12:33:22Z
2026-07-19T12:32:12Z,2026-07-19T14:32:12+0200,f397dbef-7cdb-41f6-bba7-8b8b09f52e7d,2026-06-26T10:15:00Z,2026-06-26T12:15:00+0200,18982.51758,MW,FR,FR,forecast_solar_generation,Solar,2026-07-19T12:33:22Z
2026-07-19T12:32:12Z,2026-07-19T14:32:12+0200,f397dbef-7cdb-41f6-bba7-8b8b09f52e7d,2026-06-26T10:30:00Z,2026-06-26T12:30:00+0200,19316.67969,MW,FR,FR,forecast_solar_generation,Solar,2026-07-19T12:33:22Z
2026-07-19T12:32:12Z,2026-07-19T14:32:12+0200,f397dbef-7cdb-41f6-bba7-8b8b09f52e7d,2026-06-26T10:45:00Z,2026-06-26T12:45:00+0200,19538.20703,MW,FR,FR,forecast_solar_generation,Solar,2026-07-19T12:33:22Z
2026-07-19T12:32:12Z,2026-07-19T14:32:12+0200,f397dbef-7cdb-41f6-bba7-8b8b09f52e7d,2026-06-26T11:00:00Z,2026-06-26T13:00:00+0200,19749.64453,MW,FR,FR,forecast_solar_generation,Solar,2026-07-19T12:33:22Z
2026-07-19T12:32:12Z,2026-07-19T14:32:12+0200,f397dbef-7cdb-41f6-bba7-8b8b09f52e7d,2026-06-26T11:15:00Z,2026-06-26T13:15:00+0200,19871.59961,MW,FR,FR,forecast_solar_generation,Solar,2026-07-19T12:33:22Z
2026-07-19T12:32:12Z,2026-07-19T14:32:12+0200,f397dbef-7cdb-41f6-bba7-8b8b09f52e7d,2026-06-26T11:30:00Z,2026-06-26T13:30:00+0200,19965.60938,MW,FR,FR,forecast_solar_generation,Solar,2026-07-19T12:33:22Z
2026-07-19T12:32:12Z,2026-07-19T14:32:12+0200,f397dbef-7cdb-41f6-bba7-8b8b09f52e7d,2026-06-26T11:45:00Z,2026-06-26T13:45:00+0200,19963.93555,MW,FR,FR,forecast_solar_generation,Solar,2026-07-19T12:33:22Z
2026-07-19T12:32:12Z,2026-07-19T14:32:12+0200,f397dbef-7cdb-41f6-bba7-8b8b09f52e7d,2026-06-26T12:00:00Z,2026-06-26T14:00:00+0200,19928.55078,MW,FR,FR,forecast_solar_generation,Solar,2026-07-19T12:33:22Z
2026-07-19T12:32:12Z,2026-07-19T14:32:12+0200,f397dbef-7cdb-41f6-bba7-8b8b09f52e7d,2026-06-26T12:15:00Z,2026-06-26T14:15:00+0200,19786.63086,MW,FR,FR,forecast_solar_generation,Solar,2026-07-19T12:33:22Z
2026-07-19T12:32:12Z,2026-07-19T14:32:12+0200,f397dbef-7cdb-41f6-bba7-8b8b09f52e7d,2026-06-26T12:30:00Z,2026-06-26T14:30:00+0200,19663.18945,MW,FR,FR,forecast_solar_generation,Solar,2026-07-19T12:33:22Z
2026-07-19T12:32:12Z,2026-07-19T14:32:12+0200,f397dbef-7cdb-41f6-bba7-8b8b09f52e7d,2026-06-26T12:45:00Z,2026-06-26T14:45:00+0200,19420.55859,MW,FR,FR,forecast_solar_generation,Solar,2026-07-19T12:33:22Z
2026-07-19T12:32:12Z,2026-07-19T14:32:12+0200,f397dbef-7cdb-41f6-bba7-8b8b09f52e7d,2026-06-26T13:00:00Z,2026-06-26T15:00:00+0200,19074.89844,MW,FR,FR,forecast_solar_generation,Solar,2026-07-19T12:33:22Z
2026-07-19T12:32:12Z,2026-07-19T14:32:12+0200,f397dbef-7cdb-41f6-bba7-8b8b09f52e7d,2026-06-26T13:15:00Z,2026-06-26T15:15:00+0200,18635.49023,MW,FR,FR,forecast_solar_generation,Solar,2026-07-19T12:33:22Z
2026-07-19T12:32:12Z,2026-07-19T14:32:12+0200,f397dbef-7cdb-41f6-bba7-8b8b09f52e7d,2026-06-26T13:30:00Z,2026-06-26T15:30:00+0200,18194.49609,MW,FR,FR,forecast_solar_generation,Solar,2026-07-19T12:33:22Z
2026-07-19T12:32:12Z,2026-07-19T14:32:12+0200,f397dbef-7cdb-41f6-bba7-8b8b09f52e7d,2026-06-26T13:45:00Z,2026-06-26T15:45:00+0200,17625.81445,MW,FR,FR,forecast_solar_generation,Solar,2026-07-19T12:33:22Z
2026-07-19T12:32:12Z,2026-07-19T14:32:12+0200,f397dbef-7cdb-41f6-bba7-8b8b09f52e7d,2026-06-26T14:00:00Z,2026-06-26T16:00:00+0200,16997.21875,MW,FR,FR,forecast_solar_generation,Solar,2026-07-19T12:33:22Z
2026-07-19T12:32:12Z,2026-07-19T14:32:12+0200,f397dbef-7cdb-41f6-bba7-8b8b09f52e7d,2026-06-26T14:15:00Z,2026-06-26T16:15:00+0200,16405.6582,MW,FR,FR,forecast_solar_generation,Solar,2026-07-19T12:33:22Z
2026-07-19T12:32:12Z,2026-07-19T14:32:12+0200,f397dbef-7cdb-41f6-bba7-8b8b09f52e7d,2026-06-26T14:30:00Z,2026-06-26T16:30:00+0200,15702.3457,MW,FR,FR,forecast_solar_generation,Solar,2026-07-19T12:33:22Z
2026-07-19T12:32:12Z,2026-07-19T14:32:12+0200,f397dbef-7cdb-41f6-bba7-8b8b09f52e7d,2026-06-26T14:45:00Z,2026-06-26T16:45:00+0200,15049.84277,MW,FR,FR,forecast_solar_generation,Solar,2026-07-19T12:33:22Z
2026-07-19T12:32:12Z,2026-07-19T14:32:12+0200,f397dbef-7cdb-41f6-bba7-8b8b09f52e7d,2026-06-26T15:00:00Z,2026-06-26T17:00:00+0200,14325.77734,MW,FR,FR,forecast_solar_generation,Solar,2026-07-19T12:33:22Z
2026-07-19T12:32:12Z,2026-07-19T14:32:12+0200,f397dbef-7cdb-41f6-bba7-8b8b09f52e7d,2026-06-26T15:15:00Z,2026-06-26T17:15:00+0200,13553.33594,MW,FR,FR,forecast_solar_generation,Solar,2026-07-19T12:33:22Z
2026-07-19T12:32:12Z,2026-07-19T14:32:12+0200,f397dbef-7cdb-41f6-bba7-8b8b09f52e7d,2026-06-26T15:30:00Z,2026-06-26T17:30:00+0200,12729.10547,MW,FR,FR,forecast_solar_generation,Solar,2026-07-19T12:33:22Z
2026-07-19T12:32:12Z,2026-07-19T14:32:12+0200,f397dbef-7cdb-41f6-bba7-8b8b09f52e7d,2026-06-26T15:45:00Z,2026-06-26T17:45:00+0200,11911.50488,MW,FR,FR,forecast_solar_generation,Solar,2026-07-19T12:33:22Z
2026-07-19T12:32:12Z,2026-07-19T14:32:12+0200,f397dbef-7cdb-41f6-bba7-8b8b09f52e7d,2026-06-26T16:00:00Z,2026-06-26T18:00:00+0200,11031.20605,MW,FR,FR,forecast_solar_generation,Solar,2026-07-19T12:33:22Z
2026-07-19T12:32:12Z,2026-07-19T14:32:12+0200,f397dbef-7cdb-41f6-bba7-8b8b09f52e7d,2026-06-26T16:15:00Z,2026-06-26T18:15:00+0200,10068.47949,MW,FR,FR,forecast_solar_generation,Solar,2026-07-19T12:33:22Z
2026-07-19T12:32:12Z,2026-07-19T14:32:12+0200,f397dbef-7cdb-41f6-bba7-8b8b09f52e7d,2026-06-26T16:30:00Z,2026-06-26T18:30:00+0200,9115.86035,MW,FR,FR,forecast_solar_generation,Solar,2026-07-19T12:33:22Z
2026-07-19T12:32:12Z,2026-07-19T14:32:12+0200,f397dbef-7cdb-41f6-bba7-8b8b09f52e7d,2026-06-26T16:45:00Z,2026-06-26T18:45:00+0200,8200.12793,MW,FR,FR,forecast_solar_generation,Solar,2026-07-19T12:33:22Z
2026-07-19T12:32:12Z,2026-07-19T14:32:12+0200,f397dbef-7cdb-41f6-bba7-8b8b09f52e7d,2026-06-26T17:00:00Z,2026-06-26T19:00:00+0200,7179.46582,MW,FR,FR,forecast_solar_generation,Solar,2026-07-19T12:33:22Z
2026-07-19T12:32:12Z,2026-07-19T14:32:12+0200,f397dbef-7cdb-41f6-bba7-8b8b09f52e7d,2026-06-26T17:15:00Z,2026-06-26T19:15:00+0200,6256.00146,MW,FR,FR,forecast_solar_generation,Solar,2026-07-19T12:33:22Z
2026-07-19T12:32:12Z,2026-07-19T14:32:12+0200,f397dbef-7cdb-41f6-bba7-8b8b09f52e7d,2026-06-26T17:30:00Z,2026-06-26T19:30:00+0200,5196.63281,MW,FR,FR,forecast_solar_generation,Solar,2026-07-19T12:33:22Z
2026-07-19T12:32:12Z,2026-07-19T14:32:12+0200,f397dbef-7cdb-41f6-bba7-8b8b09f52e7d,2026-06-26T17:45:00Z,2026-06-26T19:45:00+0200,4384.57861,MW,FR,FR,forecast_solar_generation,Solar,2026-07-19T12:33:22Z
2026-07-19T12:32:12Z,2026-07-19T14:32:12+0200,f397dbef-7cdb-41f6-bba7-8b8b09f52e7d,2026-06-26T18:00:00Z,2026-06-26T20:00:00+0200,3405.14893,MW,FR,FR,forecast_solar_generation,Solar,2026-07-19T12:33:22Z
2026-07-19T12:32:12Z,2026-07-19T14:32:12+0200,f397dbef-7cdb-41f6-bba7-8b8b09f52e7d,2026-06-26T18:15:00Z,2026-06-26T20:15:00+0200,2648.95557,MW,FR,FR,forecast_solar_generation,Solar,2026-07-19T12:33:22Z
2026-07-19T12:32:12Z,2026-07-19T14:32:12+0200,f397dbef-7cdb-41f6-bba7-8b8b09f52e7d,2026-06-26T18:30:00Z,2026-06-26T20:30:00+0200,1934.71777,MW,FR,FR,forecast_solar_generation,Solar,2026-07-19T12:33:22Z
2026-07-19T12:32:12Z,2026-07-19T14:32:12+0200,f397dbef-7cdb-41f6-bba7-8b8b09f52e7d,2026-06-26T18:45:00Z,2026-06-26T20:45:00+0200,1433.09436,MW,FR,FR,forecast_solar_generation,Solar,2026-07-19T12:33:22Z
2026-07-19T12:32:12Z,2026-07-19T14:32:12+0200,f397dbef-7cdb-41f6-bba7-8b8b09f52e7d,2026-06-26T19:00:00Z,2026-06-26T21:00:00+0200,980.66675,MW,FR,FR,forecast_solar_generation,Solar,2026-07-19T12:33:22Z
2026-07-19T12:32:12Z,2026-07-19T14:32:12+0200,f397dbef-7cdb-41f6-bba7-8b8b09f52e7d,2026-06-26T19:15:00Z,2026-06-26T21:15:00+0200,590.03241,MW,FR,FR,forecast_solar_generation,Solar,2026-07-19T12:33:22Z
2026-07-19T12:32:12Z,2026-07-19T14:32:12+0200,f397dbef-7cdb-41f6-bba7-8b8b09f52e7d,2026-06-26T19:30:00Z,2026-06-26T21:30:00+0200,264.12177,MW,FR,FR,forecast_solar_generation,Solar,2026-07-19T12:33:22Z
2026-07-19T12:32:12Z,2026-07-19T14:32:12+0200,f397dbef-7cdb-41f6-bba7-8b8b09f52e7d,2026-06-26T19:45:00Z,2026-06-26T21:45:00+0200,100.99188,MW,FR,FR,forecast_solar_generation,Solar,2026-07-19T12:33:22Z
2026-07-19T12:32:12Z,2026-07-19T14:32:12+0200,f397dbef-7cdb-41f6-bba7-8b8b09f52e7d,2026-06-26T20:00:00Z,2026-06-26T22:00:00+0200,17.8191,MW,FR,FR,forecast_solar_generation,Solar,2026-07-19T12:33:22Z
2026-07-19T12:32:12Z,2026-07-19T14:32:12+0200,f397dbef-7cdb-41f6-bba7-8b8b09f52e7d,2026-06-26T20:15:00Z,2026-06-26T22:15:00+0200,0.01562,MW,FR,FR,forecast_solar_generation,Solar,2026-07-19T12:33:22Z
2026-07-19T12:32:12Z,2026-07-19T14:32:12+0200,f397dbef-7cdb-41f6-bba7-8b8b09f52e7d,2026-06-26T20:30:00Z,2026-06-26T22:30:00+0200,0.0,MW,FR,FR,forecast_solar_generation,Solar,2026-07-19T12:33:22Z
2026-07-19T12:32:12Z,2026-07-19T14:32:12+0200,f397dbef-7cdb-41f6-bba7-8b8b09f52e7d,2026-06-26T20:45:00Z,2026-06-26T22:45:00+0200,0.0,MW,FR,FR,forecast_solar_generation,Solar,2026-07-19T12:33:22Z
2026-07-19T12:32:12Z,2026-07-19T14:32:12+0200,f397dbef-7cdb-41f6-bba7-8b8b09f52e7d,2026-06-26T21:00:00Z,2026-06-26T23:00:00+0200,0.0,MW,FR,FR,forecast_solar_generation,Solar,2026-07-19T12:33:22Z
2026-07-19T12:32:12Z,2026-07-19T14:32:12+0200,f397dbef-7cdb-41f6-bba7-8b8b09f52e7d,2026-06-26T21:15:00Z,2026-06-26T23:15:00+0200,0.0,MW,FR,FR,forecast_solar_generation,Solar,2026-07-19T12:33:22Z
2026-07-19T12:32:12Z,2026-07-19T14:32:12+0200,f397dbef-7cdb-41f6-bba7-8b8b09f52e7d,2026-06-26T21:30:00Z,2026-06-26T23:30:00+0200,0.0,MW,FR,FR,forecast_solar_generation,Solar,2026-07-19T12:33:22Z
2026-07-19T12:32:12Z,2026-07-19T14:32:12+0200,f397dbef-7cdb-41f6-bba7-8b8b09f52e7d,2026-06-26T21:45:00Z,2026-06-26T23:45:00+0200,0.0,MW,FR,FR,forecast_solar_generation,Solar,2026-07-19T12:33:22Z
2026-07-19T12:32:12Z,2026-07-19T14:32:12+0200,f397dbef-7cdb-41f6-bba7-8b8b09f52e7d,2026-06-26T22:00:00Z,2026-06-27T00:00:00+0200,0.0,MW,FR,FR,forecast_solar_generation,Solar,2026-07-19T12:33:22Z
2026-07-19T12:32:12Z,2026-07-19T14:32:12+0200,f397dbef-7cdb-41f6-bba7-8b8b09f52e7d,2026-06-26T22:15:00Z,2026-06-27T00:15:00+0200,0.0,MW,FR,FR,forecast_solar_generation,Solar,2026-07-19T12:33:22Z
2026-07-19T12:32:12Z,2026-07-19T14:32:12+0200,f397dbef-7cdb-41f6-bba7-8b8b09f52e7d,2026-06-26T22:30:00Z,2026-06-27T00:30:00+0200,0.0,MW,FR,FR,forecast_solar_generation,Solar,2026-07-19T12:33:22Z
2026-07-19T12:32:12Z,2026-07-19T14:32:12+0200,f397dbef-7cdb-41f6-bba7-8b8b09f52e7d,2026-06-26T22:45:00Z,2026-06-27T00:45:00+0200,0.0,MW,FR,FR,forecast_solar_generation,Solar,2026-07-19T12:33:22Z
2026-07-19T12:32:12Z,2026-07-19T14:32:12+0200,f397dbef-7cdb-41f6-bba7-8b8b09f52e7d,2026-06-26T23:00:00Z,2026-06-27T01:00:00+0200,0.0,MW,FR,FR,forecast_solar_generation,Solar,2026-07-19T12:33:22Z
2026-07-19T12:32:12Z,2026-07-19T14:32:12+0200,f397dbef-7cdb-41f6-bba7-8b8b09f52e7d,2026-06-26T23:15:00Z,2026-06-27T01:15:00+0200,0.0,MW,FR,FR,forecast_solar_generation,Solar,2026-07-19T12:33:22Z
2026-07-19T12:32:12Z,2026-07-19T14:32:12+0200,f397dbef-7cdb-41f6-bba7-8b8b09f52e7d,2026-06-26T23:30:00Z,2026-06-27T01:30:00+0200,0.0,MW,FR,FR,forecast_solar_generation,Solar,2026-07-19T12:33:22Z
2026-07-19T12:32:12Z,2026-07-19T14:32:12+0200,f397dbef-7cdb-41f6-bba7-8b8b09f52e7d,2026-06-26T23:45:00Z,2026-06-27T01:45:00+0200,0.0,MW,FR,FR,forecast_solar_generation,Solar,2026-07-19T12:33:22Z
2026-07-19T12:32:12Z,2026-07-19T14:32:12+0200,f397dbef-7cdb-41f6-bba7-8b8b09f52e7d,2026-06-27T00:00:00Z,2026-06-27T02:00:00+0200,0.0,MW,FR,FR,forecast_solar_generation,Solar,2026-07-19T12:33:22Z
2026-07-19T12:32:12Z,2026-07-19T14:32:12+0200,f397dbef-7cdb-41f6-bba7-8b8b09f52e7d,2026-06-27T00:15:00Z,2026-06-27T02:15:00+0200,0.0,MW,FR,FR,forecast_solar_generation,Solar,2026-07-19T12:33:22Z
2026-07-19T12:32:12Z,2026-07-19T14:32:12+0200,f397dbef-7cdb-41f6-bba7-8b8b09f52e7d,2026-06-27T00:30:00Z,2026-06-27T02:30:00+0200,0.0,MW,FR,FR,forecast_solar_generation,Solar,2026-07-19T12:33:22Z
2026-07-19T12:32:12Z,2026-07-19T14:32:12+0200,f397dbef-7cdb-41f6-bba7-8b8b09f52e7d,2026-06-27T00:45:00Z,2026-06-27T02:45:00+0200,0.0,MW,FR,FR,forecast_solar_generation,Solar,2026-07-19T12:33:22Z
2026-07-19T12:32:12Z,2026-07-19T14:32:12+0200,f397dbef-7cdb-41f6-bba7-8b8b09f52e7d,2026-06-27T01:00:00Z,2026-06-27T03:00:00+0200,0.0,MW,FR,FR,forecast_solar_generation,Solar,2026-07-19T12:33:22Z
2026-07-19T12:32:12Z,2026-07-19T14:32:12+0200,f397dbef-7cdb-41f6-bba7-8b8b09f52e7d,2026-06-27T01:15:00Z,2026-06-27T03:15:00+0200,0.0,MW,FR,FR,forecast_solar_generation,Solar,2026-07-19T12:33:22Z
2026-07-19T12:32:12Z,2026-07-19T14:32:12+0200,f397dbef-7cdb-41f6-bba7-8b8b09f52e7d,2026-06-27T01:30:00Z,2026-06-27T03:30:00+0200,0.0,MW,FR,FR,forecast_solar_generation,Solar,2026-07-19T12:33:22Z
2026-07-19T12:32:12Z,2026-07-19T14:32:12+0200,f397dbef-7cdb-41f6-bba7-8b8b09f52e7d,2026-06-27T01:45:00Z,2026-06-27T03:45:00+0200,0.0,MW,FR,FR,forecast_solar_generation,Solar,2026-07-19T12:33:22Z
2026-07-19T12:32:12Z,2026-07-19T14:32:12+0200,f397dbef-7cdb-41f6-bba7-8b8b09f52e7d,2026-06-27T02:00:00Z,2026-06-27T04:00:00+0200,0.0,MW,FR,FR,forecast_solar_generation,Solar,2026-07-19T12:33:22Z
2026-07-19T12:32:12Z,2026-07-19T14:32:12+0200,f397dbef-7cdb-41f6-bba7-8b8b09f52e7d,2026-06-27T02:15:00Z,2026-06-27T04:15:00+0200,0.0,MW,FR,FR,forecast_solar_generation,Solar,2026-07-19T12:33:22Z
2026-07-19T12:32:12Z,2026-07-19T14:32:12+0200,f397dbef-7cdb-41f6-bba7-8b8b09f52e7d,2026-06-27T02:30:00Z,2026-06-27T04:30:00+0200,0.0,MW,FR,FR,forecast_solar_generation,Solar,2026-07-19T12:33:22Z
2026-07-19T12:32:12Z,2026-07-19T14:32:12+0200,f397dbef-7cdb-41f6-bba7-8b8b09f52e7d,2026-06-27T02:45:00Z,2026-06-27T04:45:00+0200,0.0,MW,FR,FR,forecast_solar_generation,Solar,2026-07-19T12:33:22Z
2026-07-19T12:32:12Z,2026-07-19T14:32:12+0200,f397dbef-7cdb-41f6-bba7-8b8b09f52e7d,2026-06-27T03:00:00Z,2026-06-27T05:00:00+0200,0.0,MW,FR,FR,forecast_solar_generation,Solar,2026-07-19T12:33:22Z
2026-07-19T12:32:12Z,2026-07-19T14:32:12+0200,f397dbef-7cdb-41f6-bba7-8b8b09f52e7d,2026-06-27T03:15:00Z,2026-06-27T05:15:00+0200,0.0,MW,FR,FR,forecast_solar_generation,Solar,2026-07-19T12:33:22Z
2026-07-19T12:32:12Z,2026-07-19T14:32:12+0200,f397dbef-7cdb-41f6-bba7-8b8b09f52e7d,2026-06-27T03:30:00Z,2026-06-27T05:30:00+0200,0.0,MW,FR,FR,forecast_solar_generation,Solar,2026-07-19T12:33:22Z
2026-07-19T12:32:12Z,2026-07-19T14:32:12+0200,f397dbef-7cdb-41f6-bba7-8b8b09f52e7d,2026-06-27T03:45:00Z,2026-06-27T05:45:00+0200,0.0,MW,FR,FR,forecast_solar_generation,Solar,2026-07-19T12:33:22Z
2026-07-19T12:32:12Z,2026-07-19T14:32:12+0200,f397dbef-7cdb-41f6-bba7-8b8b09f52e7d,2026-06-27T04:00:00Z,2026-06-27T06:00:00+0200,0.0,MW,FR,FR,forecast_solar_generation,Solar,2026-07-19T12:33:22Z
2026-07-19T12:32:12Z,2026-07-19T14:32:12+0200,f397dbef-7cdb-41f6-bba7-8b8b09f52e7d,2026-06-27T04:15:00Z,2026-06-27T06:15:00+0200,182.25661,MW,FR,FR,forecast_solar_generation,Solar,2026-07-19T12:33:22Z
2026-07-19T12:32:12Z,2026-07-19T14:32:12+0200,f397dbef-7cdb-41f6-bba7-8b8b09f52e7d,2026-06-27T04:30:00Z,2026-06-27T06:30:00+0200,298.99271,MW,FR,FR,forecast_solar_generation,Solar,2026-07-19T12:33:22Z
2026-07-19T12:32:12Z,2026-07-19T14:32:12+0200,f397dbef-7cdb-41f6-bba7-8b8b09f52e7d,2026-06-27T04:45:00Z,2026-06-27T06:45:00+0200,643.04138,MW,FR,FR,forecast_solar_generation,Solar,2026-07-19T12:33:22Z
2026-07-19T12:32:12Z,2026-07-19T14:32:12+0200,f397dbef-7cdb-41f6-bba7-8b8b09f52e7d,2026-06-27T05:00:00Z,2026-06-27T07:00:00+0200,1047.46948,MW,FR,FR,forecast_solar_generation,Solar,2026-07-19T12:33:22Z
2026-07-19T12:32:12Z,2026-07-19T14:32:12+0200,f397dbef-7cdb-41f6-bba7-8b8b09f52e7d,2026-06-27T05:15:00Z,2026-06-27T07:15:00+0200,1558.08252,MW,FR,FR,forecast_solar_generation,Solar,2026-07-19T12:33:22Z
2026-07-19T12:32:12Z,2026-07-19T14:32:12+0200,f397dbef-7cdb-41f6-bba7-8b8b09f52e7d,2026-06-27T05:30:00Z,2026-06-27T07:30:00+0200,2122.42798,MW,FR,FR,forecast_solar_generation,Solar,2026-07-19T12:33:22Z
2026-07-19T12:32:12Z,2026-07-19T14:32:12+0200,f397dbef-7cdb-41f6-bba7-8b8b09f52e7d,2026-06-27T05:45:00Z,2026-06-27T07:45:00+0200,2936.16943,MW,FR,FR,forecast_solar_generation,Solar,2026-07-19T12:33:22Z
2026-07-19T12:32:12Z,2026-07-19T14:32:12+0200,f397dbef-7cdb-41f6-bba7-8b8b09f52e7d,2026-06-27T06:00:00Z,2026-06-27T08:00:00+0200,3829.32715,MW,FR,FR,forecast_solar_generation,Solar,2026-07-19T12:33:22Z
2026-07-19T12:32:12Z,2026-07-19T14:32:12+0200,f397dbef-7cdb-41f6-bba7-8b8b09f52e7d,2026-06-27T06:15:00Z,2026-06-27T08:15:00+0200,4817.86621,MW,FR,FR,forecast_solar_generation,Solar,2026-07-19T12:33:22Z
2026-07-19T12:32:12Z,2026-07-19T14:32:12+0200,f397dbef-7cdb-41f6-bba7-8b8b09f52e7d,2026-06-27T06:30:00Z,2026-06-27T08:30:00+0200,5918.74023,MW,FR,FR,forecast_solar_generation,Solar,2026-07-19T12:33:22Z
2026-07-19T12:32:12Z,2026-07-19T14:32:12+0200,f397dbef-7cdb-41f6-bba7-8b8b09f52e7d,2026-06-27T06:45:00Z,2026-06-27T08:45:00+0200,7028.10498,MW,FR,FR,forecast_solar_generation,Solar,2026-07-19T12:33:22Z
2026-07-19T12:32:12Z,2026-07-19T14:32:12+0200,f397dbef-7cdb-41f6-bba7-8b8b09f52e7d,2026-06-27T07:00:00Z,2026-06-27T09:00:00+0200,8193.11328,MW,FR,FR,forecast_solar_generation,Solar,2026-07-19T12:33:22Z
2026-07-19T12:32:12Z,2026-07-19T14:32:12+0200,f397dbef-7cdb-41f6-bba7-8b8b09f52e7d,2026-06-27T07:15:00Z,2026-06-27T09:15:00+0200,9289.39844,MW,FR,FR,forecast_solar_generation,Solar,2026-07-19T12:33:22Z
2026-07-19T12:32:12Z,2026-07-19T14:32:12+0200,f397dbef-7cdb-41f6-bba7-8b8b09f52e7d,2026-06-27T07:30:00Z,2026-06-27T09:30:00+0200,10411.70801,MW,FR,FR,forecast_solar_generation,Solar,2026-07-19T12:33:22Z
2026-07-19T12:32:12Z,2026-07-19T14:32:12+0200,f397dbef-7cdb-41f6-bba7-8b8b09f52e7d,2026-06-27T07:45:00Z,2026-06-27T09:45:00+0200,11412.64648,MW,FR,FR,forecast_solar_generation,Solar,2026-07-19T12:33:22Z
2026-07-19T12:32:12Z,2026-07-19T14:32:12+0200,f397dbef-7cdb-41f6-bba7-8b8b09f52e7d,2026-06-27T08:00:00Z,2026-06-27T10:00:00+0200,12418.92871,MW,FR,FR,forecast_solar_generation,Solar,2026-07-19T12:33:22Z
2026-07-19T12:32:12Z,2026-07-19T14:32:12+0200,f397dbef-7cdb-41f6-bba7-8b8b09f52e7d,2026-06-27T08:15:00Z,2026-06-27T10:15:00+0200,13406.5166,MW,FR,FR,forecast_solar_generation,Solar,2026-07-19T12:33:22Z
2026-07-19T12:32:12Z,2026-07-19T14:32:12+0200,f397dbef-7cdb-41f6-bba7-8b8b09f52e7d,2026-06-27T08:30:00Z,2026-06-27T10:30:00+0200,14321.99121,MW,FR,FR,forecast_solar_generation,Solar,2026-07-19T12:33:22Z
2026-07-19T12:32:12Z,2026-07-19T14:32:12+0200,f397dbef-7cdb-41f6-bba7-8b8b09f52e7d,2026-06-27T08:45:00Z,2026-06-27T10:45:00+0200,15058.68262,MW,FR,FR,forecast_solar_generation,Solar,2026-07-19T12:33:22Z
2026-07-19T12:32:12Z,2026-07-19T14:32:12+0200,f397dbef-7cdb-41f6-bba7-8b8b09f52e7d,2026-06-27T09:00:00Z,2026-06-27T11:00:00+0200,15705.83301,MW,FR,FR,forecast_solar_generation,Solar,2026-07-19T12:33:22Z
2026-07-19T12:32:12Z,2026-07-19T14:32:12+0200,f397dbef-7cdb-41f6-bba7-8b8b09f52e7d,2026-06-27T09:15:00Z,2026-06-27T11:15:00+0200,16335.83691,MW,FR,FR,forecast_solar_generation,Solar,2026-07-19T12:33:22Z
2026-07-19T12:32:12Z,2026-07-19T14:32:12+0200,f397dbef-7cdb-41f6-bba7-8b8b09f52e7d,2026-06-27T09:30:00Z,2026-06-27T11:30:00+0200,16905.62891,MW,FR,FR,forecast_solar_generation,Solar,2026-07-19T12:33:22Z
2026-07-19T12:32:12Z,2026-07-19T14:32:12+0200,f397dbef-7cdb-41f6-bba7-8b8b09f52e7d,2026-06-27T09:45:00Z,2026-06-27T11:45:00+0200,17402.18164,MW,FR,FR,forecast_solar_generation,Solar,2026-07-19T12:33:22Z
2026-07-19T12:32:12Z,2026-07-19T14:32:12+0200,f397dbef-7cdb-41f6-bba7-8b8b09f52e7d,2026-06-27T10:00:00Z,2026-06-27T12:00:00+0200,17843.26172,MW,FR,FR,forecast_solar_generation,Solar,2026-07-19T12:33:22Z
2026-07-19T12:32:12Z,2026-07-19T14:32:12+0200,f397dbef-7cdb-41f6-bba7-8b8b09f52e7d,2026-06-27T10:15:00Z,2026-06-27T12:15:00+0200,18225.18555,MW,FR,FR,forecast_solar_generation,Solar,2026-07-19T12:33:22Z
2026-07-19T12:32:12Z,2026-07-19T14:32:12+0200,f397dbef-7cdb-41f6-bba7-8b8b09f52e7d,2026-06-27T10:30:00Z,2026-06-27T12:30:00+0200,18545.65234,MW,FR,FR,forecast_solar_generation,Solar,2026-07-19T12:33:22Z
2026-07-19T12:32:12Z,2026-07-19T14:32:12+0200,f397dbef-7cdb-41f6-bba7-8b8b09f52e7d,2026-06-27T10:45:00Z,2026-06-27T12:45:00+0200,18735.09375,MW,FR,FR,forecast_solar_generation,Solar,2026-07-19T12:33:22Z
2026-07-19T12:32:12Z,2026-07-19T14:32:12+0200,f397dbef-7cdb-41f6-bba7-8b8b09f52e7d,2026-06-27T11:00:00Z,2026-06-27T13:00:00+0200,18937.56836,MW,FR,FR,forecast_solar_generation,Solar,2026-07-19T12:33:22Z
2026-07-19T12:32:12Z,2026-07-19T14:32:12+0200,f397dbef-7cdb-41f6-bba7-8b8b09f52e7d,2026-06-27T11:15:00Z,2026-06-27T13:15:00+0200,19062.47656,MW,FR,FR,forecast_solar_generation,Solar,2026-07-19T12:33:22Z
2026-07-19T12:32:12Z,2026-07-19T14:32:12+0200,f397dbef-7cdb-41f6-bba7-8b8b09f52e7d,2026-06-27T11:30:00Z,2026-06-27T13:30:00+0200,19183.91992,MW,FR,FR,forecast_solar_generation,Solar,2026-07-19T12:33:22Z
2026-07-19T12:32:12Z,2026-07-19T14:32:12+0200,f397dbef-7cdb-41f6-bba7-8b8b09f52e7d,2026-06-27T11:45:00Z,2026-06-27T13:45:00+0200,19239.38477,MW,FR,FR,forecast_solar_generation,Solar,2026-07-19T12:33:22Z
2026-07-19T12:32:12Z,2026-07-19T14:32:12+0200,f397dbef-7cdb-41f6-bba7-8b8b09f52e7d,2026-06-27T12:00:00Z,2026-06-27T14:00:00+0200,19273.95898,MW,FR,FR,forecast_solar_generation,Solar,2026-07-19T12:33:22Z
2026-07-19T12:32:12Z,2026-07-19T14:32:12+0200,f397dbef-7cdb-41f6-bba7-8b8b09f52e7d,2026-06-27T12:15:00Z,2026-06-27T14:15:00+0200,19224.19531,MW,FR,FR,forecast_solar_generation,Solar,2026-07-19T12:33:22Z
2026-07-19T12:32:12Z,2026-07-19T14:32:12+0200,f397dbef-7cdb-41f6-bba7-8b8b09f52e7d,2026-06-27T12:30:00Z,2026-06-27T14:30:00+0200,19182.64648,MW,FR,FR,forecast_solar_generation,Solar,2026-07-19T12:33:22Z
2026-07-19T12:32:12Z,2026-07-19T14:32:12+0200,f397dbef-7cdb-41f6-bba7-8b8b09f52e7d,2026-06-27T12:45:00Z,2026-06-27T14:45:00+0200,18987.87891,MW,FR,FR,forecast_solar_generation,Solar,2026-07-19T12:33:22Z
2026-07-19T12:32:12Z,2026-07-19T14:32:12+0200,f397dbef-7cdb-41f6-bba7-8b8b09f52e7d,2026-06-27T13:00:00Z,2026-06-27T15:00:00+0200,18743.61719,MW,FR,FR,forecast_solar_generation,Solar,2026-07-19T12:33:22Z
2026-07-19T12:32:12Z,2026-07-19T14:32:12+0200,f397dbef-7cdb-41f6-bba7-8b8b09f52e7d,2026-06-27T13:15:00Z,2026-06-27T15:15:00+0200,18450.69531,MW,FR,FR,forecast_solar_generation,Solar,2026-07-19T12:33:22Z
2026-07-19T12:32:12Z,2026-07-19T14:32:12+0200,f397dbef-7cdb-41f6-bba7-8b8b09f52e7d,2026-06-27T13:30:00Z,2026-06-27T15:30:00+0200,18077.68945,MW,FR,FR,forecast_solar_generation,Solar,2026-07-19T12:33:22Z
2026-07-19T12:32:12Z,2026-07-19T14:32:12+0200,f397dbef-7cdb-41f6-bba7-8b8b09f52e7d,2026-06-27T13:45:00Z,2026-06-27T15:45:00+0200,17617.96094,MW,FR,FR,forecast_solar_generation,Solar,2026-07-19T12:33:22Z
2026-07-19T12:32:12Z,2026-07-19T14:32:12+0200,f397dbef-7cdb-41f6-bba7-8b8b09f52e7d,2026-06-27T14:00:00Z,2026-06-27T16:00:00+0200,17125.98242,MW,FR,FR,forecast_solar_generation,Solar,2026-07-19T12:33:22Z
2026-07-19T12:32:12Z,2026-07-19T14:32:12+0200,f397dbef-7cdb-41f6-bba7-8b8b09f52e7d,2026-06-27T14:15:00Z,2026-06-27T16:15:00+0200,16569.56445,MW,FR,FR,forecast_solar_generation,Solar,2026-07-19T12:33:22Z
2026-07-19T12:32:12Z,2026-07-19T14:32:12+0200,f397dbef-7cdb-41f6-bba7-8b8b09f52e7d,2026-06-27T14:30:00Z,2026-06-27T16:30:00+0200,15993.31543,MW,FR,FR,forecast_solar_generation,Solar,2026-07-19T12:33:22Z
2026-07-19T12:32:12Z,2026-07-19T14:32:12+0200,f397dbef-7cdb-41f6-bba7-8b8b09f52e7d,2026-06-27T14:45:00Z,2026-06-27T16:45:00+0200,15356.48438,MW,FR,FR,forecast_solar_generation,Solar,2026-07-19T12:33:22Z
2026-07-19T12:32:12Z,2026-07-19T14:32:12+0200,f397dbef-7cdb-41f6-bba7-8b8b09f52e7d,2026-06-27T15:00:00Z,2026-06-27T17:00:00+0200,14642.52734,MW,FR,FR,forecast_solar_generation,Solar,2026-07-19T12:33:22Z
2026-07-19T12:32:12Z,2026-07-19T14:32:12+0200,f397dbef-7cdb-41f6-bba7-8b8b09f52e7d,2026-06-27T15:15:00Z,2026-06-27T17:15:00+0200,13871.68848,MW,FR,FR,forecast_solar_generation,Solar,2026-07-19T12:33:22Z
2026-07-19T12:32:12Z,2026-07-19T14:32:12+0200,f397dbef-7cdb-41f6-bba7-8b8b09f52e7d,2026-06-27T15:30:00Z,2026-06-27T17:30:00+0200,13075.77734,MW,FR,FR,forecast_solar_generation,Solar,2026-07-19T12:33:22Z
2026-07-19T12:32:12Z,2026-07-19T14:32:12+0200,f397dbef-7cdb-41f6-bba7-8b8b09f52e7d,2026-06-27T15:45:00Z,2026-06-27T17:45:00+0200,12278.19531,MW,FR,FR,forecast_solar_generation,Solar,2026-07-19T12:33:22Z
2026-07-19T12:32:12Z,2026-07-19T14:32:12+0200,f397dbef-7cdb-41f6-bba7-8b8b09f52e7d,2026-06-27T16:00:00Z,2026-06-27T18:00:00+0200,11372.41309,MW,FR,FR,forecast_solar_generation,Solar,2026-07-19T12:33:22Z
2026-07-19T12:32:12Z,2026-07-19T14:32:12+0200,f397dbef-7cdb-41f6-bba7-8b8b09f52e7d,2026-06-27T16:15:00Z,2026-06-27T18:15:00+0200,10428.92188,MW,FR,FR,forecast_solar_generation,Solar,2026-07-19T12:33:22Z
2026-07-19T12:32:12Z,2026-07-19T14:32:12+0200,f397dbef-7cdb-41f6-bba7-8b8b09f52e7d,2026-06-27T16:30:00Z,2026-06-27T18:30:00+0200,9493.0957,MW,FR,FR,forecast_solar_generation,Solar,2026-07-19T12:33:22Z
2026-07-19T12:32:12Z,2026-07-19T14:32:12+0200,f397dbef-7cdb-41f6-bba7-8b8b09f52e7d,2026-06-27T16:45:00Z,2026-06-27T18:45:00+0200,8528.56055,MW,FR,FR,forecast_solar_generation,Solar,2026-07-19T12:33:22Z
2026-07-19T12:32:12Z,2026-07-19T14:32:12+0200,f397dbef-7cdb-41f6-bba7-8b8b09f52e7d,2026-06-27T17:00:00Z,2026-06-27T19:00:00+0200,7444.15381,MW,FR,FR,forecast_solar_generation,Solar,2026-07-19T12:33:22Z
2026-07-19T12:32:12Z,2026-07-19T14:32:12+0200,f397dbef-7cdb-41f6-bba7-8b8b09f52e7d,2026-06-27T17:15:00Z,2026-06-27T19:15:00+0200,6475.44775,MW,FR,FR,forecast_solar_generation,Solar,2026-07-19T12:33:22Z
2026-07-19T12:32:12Z,2026-07-19T14:32:12+0200,f397dbef-7cdb-41f6-bba7-8b8b09f52e7d,2026-06-27T17:30:00Z,2026-06-27T19:30:00+0200,5372.46045,MW,FR,FR,forecast_solar_generation,Solar,2026-07-19T12:33:22Z
2026-07-19T12:32:12Z,2026-07-19T14:32:12+0200,f397dbef-7cdb-41f6-bba7-8b8b09f52e7d,2026-06-27T17:45:00Z,2026-06-27T19:45:00+0200,4513.20947,MW,FR,FR,forecast_solar_generation,Solar,2026-07-19T12:33:22Z
2026-07-19T12:32:12Z,2026-07-19T14:32:12+0200,f397dbef-7cdb-41f6-bba7-8b8b09f52e7d,2026-06-27T18:00:00Z,2026-06-27T20:00:00+0200,3508.16382,MW,FR,FR,forecast_solar_generation,Solar,2026-07-19T12:33:22Z
2026-07-19T12:32:12Z,2026-07-19T14:32:12+0200,f397dbef-7cdb-41f6-bba7-8b8b09f52e7d,2026-06-27T18:15:00Z,2026-06-27T20:15:00+0200,2705.71875,MW,FR,FR,forecast_solar_generation,Solar,2026-07-19T12:33:22Z
2026-07-19T12:32:12Z,2026-07-19T14:32:12+0200,f397dbef-7cdb-41f6-bba7-8b8b09f52e7d,2026-06-27T18:30:00Z,2026-06-27T20:30:00+0200,1981.33459,MW,FR,FR,forecast_solar_generation,Solar,2026-07-19T12:33:22Z
2026-07-19T12:32:12Z,2026-07-19T14:32:12+0200,f397dbef-7cdb-41f6-bba7-8b8b09f52e7d,2026-06-27T18:45:00Z,2026-06-27T20:45:00+0200,1458.43689,MW,FR,FR,forecast_solar_generation,Solar,2026-07-19T12:33:22Z
2026-07-19T12:32:12Z,2026-07-19T14:32:12+0200,f397dbef-7cdb-41f6-bba7-8b8b09f52e7d,2026-06-27T19:00:00Z,2026-06-27T21:00:00+0200,1004.22125,MW,FR,FR,forecast_solar_generation,Solar,2026-07-19T12:33:22Z
2026-07-19T12:32:12Z,2026-07-19T14:32:12+0200,f397dbef-7cdb-41f6-bba7-8b8b09f52e7d,2026-06-27T19:15:00Z,2026-06-27T21:15:00+0200,603.16541,MW,FR,FR,forecast_solar_generation,Solar,2026-07-19T12:33:22Z
2026-07-19T12:32:12Z,2026-07-19T14:32:12+0200,f397dbef-7cdb-41f6-bba7-8b8b09f52e7d,2026-06-27T19:30:00Z,2026-06-27T21:30:00+0200,275.78775,MW,FR,FR,forecast_solar_generation,Solar,2026-07-19T12:33:22Z
2026-07-19T12:32:12Z,2026-07-19T14:32:12+0200,f397dbef-7cdb-41f6-bba7-8b8b09f52e7d,2026-06-27T19:45:00Z,2026-06-27T21:45:00+0200,106.09245,MW,FR,FR,forecast_solar_generation,Solar,2026-07-19T12:33:22Z
2026-07-19T12:32:12Z,2026-07-19T14:32:12+0200,f397dbef-7cdb-41f6-bba7-8b8b09f52e7d,2026-06-27T20:00:00Z,2026-06-27T22:00:00+0200,16.08236,MW,FR,FR,forecast_solar_generation,Solar,2026-07-19T12:33:22Z
2026-07-19T12:32:12Z,2026-07-19T14:32:12+0200,f397dbef-7cdb-41f6-bba7-8b8b09f52e7d,2026-06-27T20:15:00Z,2026-06-27T22:15:00+0200,0.01499,MW,FR,FR,forecast_solar_generation,Solar,2026-07-19T12:33:22Z
2026-07-19T12:32:12Z,2026-07-19T14:32:12+0200,f397dbef-7cdb-41f6-bba7-8b8b09f52e7d,2026-06-27T20:30:00Z,2026-06-27T22:30:00+0200,0.0,MW,FR,FR,forecast_solar_generation,Solar,2026-07-19T12:33:22Z
2026-07-19T12:32:12Z,2026-07-19T14:32:12+0200,f397dbef-7cdb-41f6-bba7-8b8b09f52e7d,2026-06-27T20:45:00Z,2026-06-27T22:45:00+0200,0.0,MW,FR,FR,forecast_solar_generation,Solar,2026-07-19T12:33:22Z
2026-07-19T12:32:12Z,2026-07-19T14:32:12+0200,f397dbef-7cdb-41f6-bba7-8b8b09f52e7d,2026-06-27T21:00:00Z,2026-06-27T23:00:00+0200,0.0,MW,FR,FR,forecast_solar_generation,Solar,2026-07-19T12:33:22Z
2026-07-19T12:32:12Z,2026-07-19T14:32:12+0200,f397dbef-7cdb-41f6-bba7-8b8b09f52e7d,2026-06-27T21:15:00Z,2026-06-27T23:15:00+0200,0.0,MW,FR,FR,forecast_solar_generation,Solar,2026-07-19T12:33:22Z
2026-07-19T12:32:12Z,2026-07-19T14:32:12+0200,f397dbef-7cdb-41f6-bba7-8b8b09f52e7d,2026-06-27T21:30:00Z,2026-06-27T23:30:00+0200,0.0,MW,FR,FR,forecast_solar_generation,Solar,2026-07-19T12:33:22Z
2026-07-19T12:32:12Z,2026-07-19T14:32:12+0200,f397dbef-7cdb-41f6-bba7-8b8b09f52e7d,2026-06-27T21:45:00Z,2026-06-27T23:45:00+0200,0.0,MW,FR,FR,forecast_solar_generation,Solar,2026-07-19T12:33:22Z
2026-07-19T12:32:12Z,2026-07-19T14:32:12+0200,f397dbef-7cdb-41f6-bba7-8b8b09f52e7d,2026-06-27T22:00:00Z,2026-06-28T00:00:00+0200,0.0,MW,FR,FR,forecast_solar_generation,Solar,2026-07-19T12:33:22Z
2026-07-19T12:32:12Z,2026-07-19T14:32:12+0200,f397dbef-7cdb-41f6-bba7-8b8b09f52e7d,2026-06-27T22:15:00Z,2026-06-28T00:15:00+0200,0.0,MW,FR,FR,forecast_solar_generation,Solar,2026-07-19T12:33:22Z
2026-07-19T12:32:12Z,2026-07-19T14:32:12+0200,f397dbef-7cdb-41f6-bba7-8b8b09f52e7d,2026-06-27T22:30:00Z,2026-06-28T00:30:00+0200,0.0,MW,FR,FR,forecast_solar_generation,Solar,2026-07-19T12:33:22Z
2026-07-19T12:32:12Z,2026-07-19T14:32:12+0200,f397dbef-7cdb-41f6-bba7-8b8b09f52e7d,2026-06-27T22:45:00Z,2026-06-28T00:45:00+0200,0.0,MW,FR,FR,forecast_solar_generation,Solar,2026-07-19T12:33:22Z
2026-07-19T12:32:12Z,2026-07-19T14:32:12+0200,f397dbef-7cdb-41f6-bba7-8b8b09f52e7d,2026-06-27T23:00:00Z,2026-06-28T01:00:00+0200,0.0,MW,FR,FR,forecast_solar_generation,Solar,2026-07-19T12:33:22Z
2026-07-19T12:32:12Z,2026-07-19T14:32:12+0200,f397dbef-7cdb-41f6-bba7-8b8b09f52e7d,2026-06-27T23:15:00Z,2026-06-28T01:15:00+0200,0.0,MW,FR,FR,forecast_solar_generation,Solar,2026-07-19T12:33:22Z
2026-07-19T12:32:12Z,2026-07-19T14:32:12+0200,f397dbef-7cdb-41f6-bba7-8b8b09f52e7d,2026-06-27T23:30:00Z,2026-06-28T01:30:00+0200,0.0,MW,FR,FR,forecast_solar_generation,Solar,2026-07-19T12:33:22Z
2026-07-19T12:32:12Z,2026-07-19T14:32:12+0200,f397dbef-7cdb-41f6-bba7-8b8b09f52e7d,2026-06-27T23:45:00Z,2026-06-28T01:45:00+0200,0.0,MW,FR,FR,forecast_solar_generation,Solar,2026-07-19T12:33:22Z
2026-07-19T12:32:12Z,2026-07-19T14:32:12+0200,f397dbef-7cdb-41f6-bba7-8b8b09f52e7d,2026-06-28T00:00:00Z,2026-06-28T02:00:00+0200,0.0,MW,FR,FR,forecast_solar_generation,Solar,2026-07-19T12:33:22Z
2026-07-19T12:32:12Z,2026-07-19T14:32:12+0200,f397dbef-7cdb-41f6-bba7-8b8b09f52e7d,2026-06-28T00:15:00Z,2026-06-28T02:15:00+0200,0.0,MW,FR,FR,forecast_solar_generation,Solar,2026-07-19T12:33:22Z
2026-07-19T12:32:12Z,2026-07-19T14:32:12+0200,f397dbef-7cdb-41f6-bba7-8b8b09f52e7d,2026-06-28T00:30:00Z,2026-06-28T02:30:00+0200,0.0,MW,FR,FR,forecast_solar_generation,Solar,2026-07-19T12:33:22Z
2026-07-19T12:32:12Z,2026-07-19T14:32:12+0200,f397dbef-7cdb-41f6-bba7-8b8b09f52e7d,2026-06-28T00:45:00Z,2026-06-28T02:45:00+0200,0.0,MW,FR,FR,forecast_solar_generation,Solar,2026-07-19T12:33:22Z
2026-07-19T12:32:12Z,2026-07-19T14:32:12+0200,f397dbef-7cdb-41f6-bba7-8b8b09f52e7d,2026-06-28T01:00:00Z,2026-06-28T03:00:00+0200,0.0,MW,FR,FR,forecast_solar_generation,Solar,2026-07-19T12:33:22Z
2026-07-19T12:32:12Z,2026-07-19T14:32:12+0200,f397dbef-7cdb-41f6-bba7-8b8b09f52e7d,2026-06-28T01:15:00Z,2026-06-28T03:15:00+0200,0.0,MW,FR,FR,forecast_solar_generation,Solar,2026-07-19T12:33:22Z
2026-07-19T12:32:12Z,2026-07-19T14:32:12+0200,f397dbef-7cdb-41f6-bba7-8b8b09f52e7d,2026-06-28T01:30:00Z,2026-06-28T03:30:00+0200,0.0,MW,FR,FR,forecast_solar_generation,Solar,2026-07-19T12:33:22Z
2026-07-19T12:32:12Z,2026-07-19T14:32:12+0200,f397dbef-7cdb-41f6-bba7-8b8b09f52e7d,2026-06-28T01:45:00Z,2026-06-28T03:45:00+0200,0.0,MW,FR,FR,forecast_solar_generation,Solar,2026-07-19T12:33:22Z
2026-07-19T12:32:12Z,2026-07-19T14:32:12+0200,f397dbef-7cdb-41f6-bba7-8b8b09f52e7d,2026-06-28T02:00:00Z,2026-06-28T04:00:00+0200,0.0,MW,FR,FR,forecast_solar_generation,Solar,2026-07-19T12:33:22Z
2026-07-19T12:32:12Z,2026-07-19T14:32:12+0200,f397dbef-7cdb-41f6-bba7-8b8b09f52e7d,2026-06-28T02:15:00Z,2026-06-28T04:15:00+0200,0.0,MW,FR,FR,forecast_solar_generation,Solar,2026-07-19T12:33:22Z
2026-07-19T12:32:12Z,2026-07-19T14:32:12+0200,f397dbef-7cdb-41f6-bba7-8b8b09f52e7d,2026-06-28T02:30:00Z,2026-06-28T04:30:00+0200,0.0,MW,FR,FR,forecast_solar_generation,Solar,2026-07-19T12:33:22Z
2026-07-19T12:32:12Z,2026-07-19T14:32:12+0200,f397dbef-7cdb-41f6-bba7-8b8b09f52e7d,2026-06-28T02:45:00Z,2026-06-28T04:45:00+0200,0.0,MW,FR,FR,forecast_solar_generation,Solar,2026-07-19T12:33:22Z
2026-07-19T12:32:12Z,2026-07-19T14:32:12+0200,f397dbef-7cdb-41f6-bba7-8b8b09f52e7d,2026-06-28T03:00:00Z,2026-06-28T05:00:00+0200,0.0,MW,FR,FR,forecast_solar_generation,Solar,2026-07-19T12:33:22Z
2026-07-19T12:32:12Z,2026-07-19T14:32:12+0200,f397dbef-7cdb-41f6-bba7-8b8b09f52e7d,2026-06-28T03:15:00Z,2026-06-28T05:15:00+0200,0.0,MW,FR,FR,forecast_solar_generation,Solar,2026-07-19T12:33:22Z
2026-07-19T12:32:12Z,2026-07-19T14:32:12+0200,f397dbef-7cdb-41f6-bba7-8b8b09f52e7d,2026-06-28T03:30:00Z,2026-06-28T05:30:00+0200,0.0,MW,FR,FR,forecast_solar_generation,Solar,2026-07-19T12:33:22Z
2026-07-19T12:32:12Z,2026-07-19T14:32:12+0200,f397dbef-7cdb-41f6-bba7-8b8b09f52e7d,2026-06-28T03:45:00Z,2026-06-28T05:45:00+0200,0.0,MW,FR,FR,forecast_solar_generation,Solar,2026-07-19T12:33:22Z
2026-07-19T12:32:12Z,2026-07-19T14:32:12+0200,f397dbef-7cdb-41f6-bba7-8b8b09f52e7d,2026-06-28T04:00:00Z,2026-06-28T06:00:00+0200,0.0,MW,FR,FR,forecast_solar_generation,Solar,2026-07-19T12:33:22Z
2026-07-19T12:32:12Z,2026-07-19T14:32:12+0200,f397dbef-7cdb-41f6-bba7-8b8b09f52e7d,2026-06-28T04:15:00Z,2026-06-28T06:15:00+0200,172.37794,MW,FR,FR,forecast_solar_generation,Solar,2026-07-19T12:33:22Z
2026-07-19T12:32:12Z,2026-07-19T14:32:12+0200,f397dbef-7cdb-41f6-bba7-8b8b09f52e7d,2026-06-28T04:30:00Z,2026-06-28T06:30:00+0200,282.95862,MW,FR,FR,forecast_solar_generation,Solar,2026-07-19T12:33:22Z
2026-07-19T12:32:12Z,2026-07-19T14:32:12+0200,f397dbef-7cdb-41f6-bba7-8b8b09f52e7d,2026-06-28T04:45:00Z,2026-06-28T06:45:00+0200,607.99121,MW,FR,FR,forecast_solar_generation,Solar,2026-07-19T12:33:22Z
2026-07-19T12:32:12Z,2026-07-19T14:32:12+0200,f397dbef-7cdb-41f6-bba7-8b8b09f52e7d,2026-06-28T05:00:00Z,2026-06-28T07:00:00+0200,992.67969,MW,FR,FR,forecast_solar_generation,Solar,2026-07-19T12:33:22Z
2026-07-19T12:32:12Z,2026-07-19T14:32:12+0200,f397dbef-7cdb-41f6-bba7-8b8b09f52e7d,2026-06-28T05:15:00Z,2026-06-28T07:15:00+0200,1490.44434,MW,FR,FR,forecast_solar_generation,Solar,2026-07-19T12:33:22Z
2026-07-19T12:32:12Z,2026-07-19T14:32:12+0200,f397dbef-7cdb-41f6-bba7-8b8b09f52e7d,2026-06-28T05:30:00Z,2026-06-28T07:30:00+0200,2026.19934,MW,FR,FR,forecast_solar_generation,Solar,2026-07-19T12:33:22Z
2026-07-19T12:32:12Z,2026-07-19T14:32:12+0200,f397dbef-7cdb-41f6-bba7-8b8b09f52e7d,2026-06-28T05:45:00Z,2026-06-28T07:45:00+0200,2790.80566,MW,FR,FR,forecast_solar_generation,Solar,2026-07-19T12:33:22Z
2026-07-19T12:32:12Z,2026-07-19T14:32:12+0200,f397dbef-7cdb-41f6-bba7-8b8b09f52e7d,2026-06-28T06:00:00Z,2026-06-28T08:00:00+0200,3601.02271,MW,FR,FR,forecast_solar_generation,Solar,2026-07-19T12:33:22Z
2026-07-19T12:32:12Z,2026-07-19T14:32:12+0200,f397dbef-7cdb-41f6-bba7-8b8b09f52e7d,2026-06-28T06:15:00Z,2026-06-28T08:15:00+0200,4551.06104,MW,FR,FR,forecast_solar_generation,Solar,2026-07-19T12:33:22Z
2026-07-19T12:32:12Z,2026-07-19T14:32:12+0200,f397dbef-7cdb-41f6-bba7-8b8b09f52e7d,2026-06-28T06:30:00Z,2026-06-28T08:30:00+0200,5530.62109,MW,FR,FR,forecast_solar_generation,Solar,2026-07-19T12:33:22Z
2026-07-19T12:32:12Z,2026-07-19T14:32:12+0200,f397dbef-7cdb-41f6-bba7-8b8b09f52e7d,2026-06-28T06:45:00Z,2026-06-28T08:45:00+0200,6540.31885,MW,FR,FR,forecast_solar_generation,Solar,2026-07-19T12:33:22Z
2026-07-19T12:32:12Z,2026-07-19T14:32:12+0200,f397dbef-7cdb-41f6-bba7-8b8b09f52e7d,2026-06-28T07:00:00Z,2026-06-28T09:00:00+0200,7576.88672,MW,FR,FR,forecast_solar_generation,Solar,2026-07-19T12:33:22Z
2026-07-19T12:32:12Z,2026-07-19T14:32:12+0200,f397dbef-7cdb-41f6-bba7-8b8b09f52e7d,2026-06-28T07:15:00Z,2026-06-28T09:15:00+0200,8602.58789,MW,FR,FR,forecast_solar_generation,Solar,2026-07-19T12:33:22Z
2026-07-19T12:32:12Z,2026-07-19T14:32:12+0200,f397dbef-7cdb-41f6-bba7-8b8b09f52e7d,2026-06-28T07:30:00Z,2026-06-28T09:30:00+0200,9595.88086,MW,FR,FR,forecast_solar_generation,Solar,2026-07-19T12:33:22Z
2026-07-19T12:32:12Z,2026-07-19T14:32:12+0200,f397dbef-7cdb-41f6-bba7-8b8b09f52e7d,2026-06-28T07:45:00Z,2026-06-28T09:45:00+0200,10533.6377,MW,FR,FR,forecast_solar_generation,Solar,2026-07-19T12:33:22Z
2026-07-19T12:32:12Z,2026-07-19T14:32:12+0200,f397dbef-7cdb-41f6-bba7-8b8b09f52e7d,2026-06-28T08:00:00Z,2026-06-28T10:00:00+0200,11497.23145,MW,FR,FR,forecast_solar_generation,Solar,2026-07-19T12:33:22Z
2026-07-19T12:32:12Z,2026-07-19T14:32:12+0200,f397dbef-7cdb-41f6-bba7-8b8b09f52e7d,2026-06-28T08:15:00Z,2026-06-28T10:15:00+0200,12469.74121,MW,FR,FR,forecast_solar_generation,Solar,2026-07-19T12:33:22Z
2026-07-19T12:32:12Z,2026-07-19T14:32:12+0200,f397dbef-7cdb-41f6-bba7-8b8b09f52e7d,2026-06-28T08:30:00Z,2026-06-28T10:30:00+0200,13356.3877,MW,FR,FR,forecast_solar_generation,Solar,2026-07-19T12:33:22Z
2026-07-19T12:32:12Z,2026-07-19T14:32:12+0200,f397dbef-7cdb-41f6-bba7-8b8b09f52e7d,2026-06-28T08:45:00Z,2026-06-28T10:45:00+0200,14069.33887,MW,FR,FR,forecast_solar_generation,Solar,2026-07-19T12:33:22Z
2026-07-19T12:32:12Z,2026-07-19T14:32:12+0200,f397dbef-7cdb-41f6-bba7-8b8b09f52e7d,2026-06-28T09:00:00Z,2026-06-28T11:00:00+0200,14738.99121,MW,FR,FR,forecast_solar_generation,Solar,2026-07-19T12:33:22Z
2026-07-19T12:32:12Z,2026-07-19T14:32:12+0200,f397dbef-7cdb-41f6-bba7-8b8b09f52e7d,2026-06-28T09:15:00Z,2026-06-28T11:15:00+0200,15404.71289,MW,FR,FR,forecast_solar_generation,Solar,2026-07-19T12:33:22Z
2026-07-19T12:32:12Z,2026-07-19T14:32:12+0200,f397dbef-7cdb-41f6-bba7-8b8b09f52e7d,2026-06-28T09:30:00Z,2026-06-28T11:30:00+0200,15975.7959,MW,FR,FR,forecast_solar_generation,Solar,2026-07-19T12:33:22Z
2026-07-19T12:32:12Z,2026-07-19T14:32:12+0200,f397dbef-7cdb-41f6-bba7-8b8b09f52e7d,2026-06-28T09:45:00Z,2026-06-28T11:45:00+0200,16393.66992,MW,FR,FR,forecast_solar_generation,Solar,2026-07-19T12:33:22Z
2026-07-19T12:32:12Z,2026-07-19T14:32:12+0200,f397dbef-7cdb-41f6-bba7-8b8b09f52e7d,2026-06-28T10:00:00Z,2026-06-28T12:00:00+0200,16766.5332,MW,FR,FR,forecast_solar_generation,Solar,2026-07-19T12:33:22Z
2026-07-19T12:32:12Z,2026-07-19T14:32:12+0200,f397dbef-7cdb-41f6-bba7-8b8b09f52e7d,2026-06-28T10:15:00Z,2026-06-28T12:15:00+0200,17071.80664,MW,FR,FR,forecast_solar_generation,Solar,2026-07-19T12:33:22Z
2026-07-19T12:32:12Z,2026-07-19T14:32:12+0200,f397dbef-7cdb-41f6-bba7-8b8b09f52e7d,2026-06-28T10:30:00Z,2026-06-28T12:30:00+0200,17355.01758,MW,FR,FR,forecast_solar_generation,Solar,2026-07-19T12:33:22Z
2026-07-19T12:32:12Z,2026-07-19T14:32:12+0200,f397dbef-7cdb-41f6-bba7-8b8b09f52e7d,2026-06-28T10:45:00Z,2026-06-28T12:45:00+0200,17571.92773,MW,FR,FR,forecast_solar_generation,Solar,2026-07-19T12:33:22Z
2026-07-19T12:32:12Z,2026-07-19T14:32:12+0200,f397dbef-7cdb-41f6-bba7-8b8b09f52e7d,2026-06-28T11:00:00Z,2026-06-28T13:00:00+0200,17815.71094,MW,FR,FR,forecast_solar_generation,Solar,2026-07-19T12:33:22Z
2026-07-19T12:32:12Z,2026-07-19T14:32:12+0200,f397dbef-7cdb-41f6-bba7-8b8b09f52e7d,2026-06-28T11:15:00Z,2026-06-28T13:15:00+0200,17952.80664,MW,FR,FR,forecast_solar_generation,Solar,2026-07-19T12:33:22Z
2026-07-19T12:32:12Z,2026-07-19T14:32:12+0200,f397dbef-7cdb-41f6-bba7-8b8b09f52e7d,2026-06-28T11:30:00Z,2026-06-28T13:30:00+0200,18105.58203,MW,FR,FR,forecast_solar_generation,Solar,2026-07-19T12:33:22Z
2026-07-19T12:32:12Z,2026-07-19T14:32:12+0200,f397dbef-7cdb-41f6-bba7-8b8b09f52e7d,2026-06-28T11:45:00Z,2026-06-28T13:45:00+0200,18042.92383,MW,FR,FR,forecast_solar_generation,Solar,2026-07-19T12:33:22Z
2026-07-19T12:32:12Z,2026-07-19T14:32:12+0200,f397dbef-7cdb-41f6-bba7-8b8b09f52e7d,2026-06-28T12:00:00Z,2026-06-28T14:00:00+0200,17956.2793,MW,FR,FR,forecast_solar_generation,Solar,2026-07-19T12:33:22Z
2026-07-19T12:32:12Z,2026-07-19T14:32:12+0200,f397dbef-7cdb-41f6-bba7-8b8b09f52e7d,2026-06-28T12:15:00Z,2026-06-28T14:15:00+0200,17830.19531,MW,FR,FR,forecast_solar_generation,Solar,2026-07-19T12:33:22Z
2026-07-19T12:32:12Z,2026-07-19T14:32:12+0200,f397dbef-7cdb-41f6-bba7-8b8b09f52e7d,2026-06-28T12:30:00Z,2026-06-28T14:30:00+0200,17698.88477,MW,FR,FR,forecast_solar_generation,Solar,2026-07-19T12:33:22Z
2026-07-19T12:32:12Z,2026-07-19T14:32:12+0200,f397dbef-7cdb-41f6-bba7-8b8b09f52e7d,2026-06-28T12:45:00Z,2026-06-28T14:45:00+0200,17410.75586,MW,FR,FR,forecast_solar_generation,Solar,2026-07-19T12:33:22Z
2026-07-19T12:32:12Z,2026-07-19T14:32:12+0200,f397dbef-7cdb-41f6-bba7-8b8b09f52e7d,2026-06-28T13:00:00Z,2026-06-28T15:00:00+0200,17023.71289,MW,FR,FR,forecast_solar_generation,Solar,2026-07-19T12:33:22Z
2026-07-19T12:32:12Z,2026-07-19T14:32:12+0200,f397dbef-7cdb-41f6-bba7-8b8b09f52e7d,2026-06-28T13:15:00Z,2026-06-28T15:15:00+0200,16639.51367,MW,FR,FR,forecast_solar_generation,Solar,2026-07-19T12:33:22Z
2026-07-19T12:32:12Z,2026-07-19T14:32:12+0200,f397dbef-7cdb-41f6-bba7-8b8b09f52e7d,2026-06-28T13:30:00Z,2026-06-28T15:30:00+0200,16217.42773,MW,FR,FR,forecast_solar_generation,Solar,2026-07-19T12:33:22Z
2026-07-19T12:32:12Z,2026-07-19T14:32:12+0200,f397dbef-7cdb-41f6-bba7-8b8b09f52e7d,2026-06-28T13:45:00Z,2026-06-28T15:45:00+0200,15697.9248,MW,FR,FR,forecast_solar_generation,Solar,2026-07-19T12:33:22Z
2026-07-19T12:32:12Z,2026-07-19T14:32:12+0200,f397dbef-7cdb-41f6-bba7-8b8b09f52e7d,2026-06-28T14:00:00Z,2026-06-28T16:00:00+0200,15169.44434,MW,FR,FR,forecast_solar_generation,Solar,2026-07-19T12:33:22Z
2026-07-19T12:32:12Z,2026-07-19T14:32:12+0200,f397dbef-7cdb-41f6-bba7-8b8b09f52e7d,2026-06-28T14:15:00Z,2026-06-28T16:15:00+0200,14660.97949,MW,FR,FR,forecast_solar_generation,Solar,2026-07-19T12:33:22Z
2026-07-19T12:32:12Z,2026-07-19T14:32:12+0200,f397dbef-7cdb-41f6-bba7-8b8b09f52e7d,2026-06-28T14:30:00Z,2026-06-28T16:30:00+0200,14052.73633,MW,FR,FR,forecast_solar_generation,Solar,2026-07-19T12:33:22Z
2026-07-19T12:32:12Z,2026-07-19T14:32:12+0200,f397dbef-7cdb-41f6-bba7-8b8b09f52e7d,2026-06-28T14:45:00Z,2026-06-28T16:45:00+0200,13429.12598,MW,FR,FR,forecast_solar_generation,Solar,2026-07-19T12:33:22Z
2026-07-19T12:32:12Z,2026-07-19T14:32:12+0200,f397dbef-7cdb-41f6-bba7-8b8b09f52e7d,2026-06-28T15:00:00Z,2026-06-28T17:00:00+0200,12745.66113,MW,FR,FR,forecast_solar_generation,Solar,2026-07-19T12:33:22Z
2026-07-19T12:32:12Z,2026-07-19T14:32:12+0200,f397dbef-7cdb-41f6-bba7-8b8b09f52e7d,2026-06-28T15:15:00Z,2026-06-28T17:15:00+0200,11976.13281,MW,FR,FR,forecast_solar_generation,Solar,2026-07-19T12:33:22Z
2026-07-19T12:32:12Z,2026-07-19T14:32:12+0200,f397dbef-7cdb-41f6-bba7-8b8b09f52e7d,2026-06-28T15:30:00Z,2026-06-28T17:30:00+0200,11283.63867,MW,FR,FR,forecast_solar_generation,Solar,2026-07-19T12:33:22Z
2026-07-19T12:32:12Z,2026-07-19T14:32:12+0200,f397dbef-7cdb-41f6-bba7-8b8b09f52e7d,2026-06-28T15:45:00Z,2026-06-28T17:45:00+0200,10560.22461,MW,FR,FR,forecast_solar_generation,Solar,2026-07-19T12:33:22Z
2026-07-19T12:32:12Z,2026-07-19T14:32:12+0200,f397dbef-7cdb-41f6-bba7-8b8b09f52e7d,2026-06-28T16:00:00Z,2026-06-28T18:00:00+0200,9667.83887,MW,FR,FR,forecast_solar_generation,Solar,2026-07-19T12:33:22Z
2026-07-19T12:32:12Z,2026-07-19T14:32:12+0200,f397dbef-7cdb-41f6-bba7-8b8b09f52e7d,2026-06-28T16:15:00Z,2026-06-28T18:15:00+0200,8708.47754,MW,FR,FR,forecast_solar_generation,Solar,2026-07-19T12:33:22Z
2026-07-19T12:32:12Z,2026-07-19T14:32:12+0200,f397dbef-7cdb-41f6-bba7-8b8b09f52e7d,2026-06-28T16:30:00Z,2026-06-28T18:30:00+0200,7866.2666,MW,FR,FR,forecast_solar_generation,Solar,2026-07-19T12:33:22Z
2026-07-19T12:32:12Z,2026-07-19T14:32:12+0200,f397dbef-7cdb-41f6-bba7-8b8b09f52e7d,2026-06-28T16:45:00Z,2026-06-28T18:45:00+0200,7100.91406,MW,FR,FR,forecast_solar_generation,Solar,2026-07-19T12:33:22Z
2026-07-19T12:32:12Z,2026-07-19T14:32:12+0200,f397dbef-7cdb-41f6-bba7-8b8b09f52e7d,2026-06-28T17:00:00Z,2026-06-28T19:00:00+0200,6087.21631,MW,FR,FR,forecast_solar_generation,Solar,2026-07-19T12:33:22Z
2026-07-19T12:32:12Z,2026-07-19T14:32:12+0200,f397dbef-7cdb-41f6-bba7-8b8b09f52e7d,2026-06-28T17:15:00Z,2026-06-28T19:15:00+0200,5330.44629,MW,FR,FR,forecast_solar_generation,Solar,2026-07-19T12:33:22Z
2026-07-19T12:32:12Z,2026-07-19T14:32:12+0200,f397dbef-7cdb-41f6-bba7-8b8b09f52e7d,2026-06-28T17:30:00Z,2026-06-28T19:30:00+0200,4363.29932,MW,FR,FR,forecast_solar_generation,Solar,2026-07-19T12:33:22Z
2026-07-19T12:32:12Z,2026-07-19T14:32:12+0200,f397dbef-7cdb-41f6-bba7-8b8b09f52e7d,2026-06-28T17:45:00Z,2026-06-28T19:45:00+0200,3687.37427,MW,FR,FR,forecast_solar_generation,Solar,2026-07-19T12:33:22Z
2026-07-19T12:32:12Z,2026-07-19T14:32:12+0200,f397dbef-7cdb-41f6-bba7-8b8b09f52e7d,2026-06-28T18:00:00Z,2026-06-28T20:00:00+0200,2886.76465,MW,FR,FR,forecast_solar_generation,Solar,2026-07-19T12:33:22Z
2026-07-19T12:32:12Z,2026-07-19T14:32:12+0200,f397dbef-7cdb-41f6-bba7-8b8b09f52e7d,2026-06-28T18:15:00Z,2026-06-28T20:15:00+0200,2293.67334,MW,FR,FR,forecast_solar_generation,Solar,2026-07-19T12:33:22Z
2026-07-19T12:32:12Z,2026-07-19T14:32:12+0200,f397dbef-7cdb-41f6-bba7-8b8b09f52e7d,2026-06-28T18:30:00Z,2026-06-28T20:30:00+0200,1690.56897,MW,FR,FR,forecast_solar_generation,Solar,2026-07-19T12:33:22Z
2026-07-19T12:32:12Z,2026-07-19T14:32:12+0200,f397dbef-7cdb-41f6-bba7-8b8b09f52e7d,2026-06-28T18:45:00Z,2026-06-28T20:45:00+0200,1279.25867,MW,FR,FR,forecast_solar_generation,Solar,2026-07-19T12:33:22Z
2026-07-19T12:32:12Z,2026-07-19T14:32:12+0200,f397dbef-7cdb-41f6-bba7-8b8b09f52e7d,2026-06-28T19:00:00Z,2026-06-28T21:00:00+0200,873.20966,MW,FR,FR,forecast_solar_generation,Solar,2026-07-19T12:33:22Z
2026-07-19T12:32:12Z,2026-07-19T14:32:12+0200,f397dbef-7cdb-41f6-bba7-8b8b09f52e7d,2026-06-28T19:15:00Z,2026-06-28T21:15:00+0200,535.54321,MW,FR,FR,forecast_solar_generation,Solar,2026-07-19T12:33:22Z
2026-07-19T12:32:12Z,2026-07-19T14:32:12+0200,f397dbef-7cdb-41f6-bba7-8b8b09f52e7d,2026-06-28T19:30:00Z,2026-06-28T21:30:00+0200,275.68896,MW,FR,FR,forecast_solar_generation,Solar,2026-07-19T12:33:22Z
2026-07-19T12:32:12Z,2026-07-19T14:32:12+0200,f397dbef-7cdb-41f6-bba7-8b8b09f52e7d,2026-06-28T19:45:00Z,2026-06-28T21:45:00+0200,106.71686,MW,FR,FR,forecast_solar_generation,Solar,2026-07-19T12:33:22Z
2026-07-19T12:32:12Z,2026-07-19T14:32:12+0200,f397dbef-7cdb-41f6-bba7-8b8b09f52e7d,2026-06-28T20:00:00Z,2026-06-28T22:00:00+0200,13.04518,MW,FR,FR,forecast_solar_generation,Solar,2026-07-19T12:33:22Z
2026-07-19T12:32:12Z,2026-07-19T14:32:12+0200,f397dbef-7cdb-41f6-bba7-8b8b09f52e7d,2026-06-28T20:15:00Z,2026-06-28T22:15:00+0200,0.0173,MW,FR,FR,forecast_solar_generation,Solar,2026-07-19T12:33:22Z
2026-07-19T12:32:12Z,2026-07-19T14:32:12+0200,f397dbef-7cdb-41f6-bba7-8b8b09f52e7d,2026-06-28T20:30:00Z,2026-06-28T22:30:00+0200,0.0,MW,FR,FR,forecast_solar_generation,Solar,2026-07-19T12:33:22Z
2026-07-19T12:32:12Z,2026-07-19T14:32:12+0200,f397dbef-7cdb-41f6-bba7-8b8b09f52e7d,2026-06-28T20:45:00Z,2026-06-28T22:45:00+0200,0.0,MW,FR,FR,forecast_solar_generation,Solar,2026-07-19T12:33:22Z
2026-07-19T12:32:12Z,2026-07-19T14:32:12+0200,f397dbef-7cdb-41f6-bba7-8b8b09f52e7d,2026-06-28T21:00:00Z,2026-06-28T23:00:00+0200,0.0,MW,FR,FR,forecast_solar_generation,Solar,2026-07-19T12:33:22Z
2026-07-19T12:32:12Z,2026-07-19T14:32:12+0200,f397dbef-7cdb-41f6-bba7-8b8b09f52e7d,2026-06-28T21:15:00Z,2026-06-28T23:15:00+0200,0.0,MW,FR,FR,forecast_solar_generation,Solar,2026-07-19T12:33:22Z
2026-07-19T12:32:12Z,2026-07-19T14:32:12+0200,f397dbef-7cdb-41f6-bba7-8b8b09f52e7d,2026-06-28T21:30:00Z,2026-06-28T23:30:00+0200,0.0,MW,FR,FR,forecast_solar_generation,Solar,2026-07-19T12:33:22Z
2026-07-19T12:32:12Z,2026-07-19T14:32:12+0200,f397dbef-7cdb-41f6-bba7-8b8b09f52e7d,2026-06-28T21:45:00Z,2026-06-28T23:45:00+0200,0.0,MW,FR,FR,forecast_solar_generation,Solar,2026-07-19T12:33:22Z
2026-07-19T12:32:12Z,2026-07-19T14:32:12+0200,f397dbef-7cdb-41f6-bba7-8b8b09f52e7d,2026-06-28T22:00:00Z,2026-06-29T00:00:00+0200,0.0,MW,FR,FR,forecast_solar_generation,Solar,2026-07-19T12:33:22Z
2026-07-19T12:32:12Z,2026-07-19T14:32:12+0200,f397dbef-7cdb-41f6-bba7-8b8b09f52e7d,2026-06-28T22:15:00Z,2026-06-29T00:15:00+0200,0.0,MW,FR,FR,forecast_solar_generation,Solar,2026-07-19T12:33:22Z
2026-07-19T12:32:12Z,2026-07-19T14:32:12+0200,f397dbef-7cdb-41f6-bba7-8b8b09f52e7d,2026-06-28T22:30:00Z,2026-06-29T00:30:00+0200,0.0,MW,FR,FR,forecast_solar_generation,Solar,2026-07-19T12:33:22Z
2026-07-19T12:32:12Z,2026-07-19T14:32:12+0200,f397dbef-7cdb-41f6-bba7-8b8b09f52e7d,2026-06-28T22:45:00Z,2026-06-29T00:45:00+0200,0.0,MW,FR,FR,forecast_solar_generation,Solar,2026-07-19T12:33:22Z
2026-07-19T12:32:12Z,2026-07-19T14:32:12+0200,f397dbef-7cdb-41f6-bba7-8b8b09f52e7d,2026-06-28T23:00:00Z,2026-06-29T01:00:00+0200,0.0,MW,FR,FR,forecast_solar_generation,Solar,2026-07-19T12:33:22Z
2026-07-19T12:32:12Z,2026-07-19T14:32:12+0200,f397dbef-7cdb-41f6-bba7-8b8b09f52e7d,2026-06-28T23:15:00Z,2026-06-29T01:15:00+0200,0.0,MW,FR,FR,forecast_solar_generation,Solar,2026-07-19T12:33:22Z
2026-07-19T12:32:12Z,2026-07-19T14:32:12+0200,f397dbef-7cdb-41f6-bba7-8b8b09f52e7d,2026-06-28T23:30:00Z,2026-06-29T01:30:00+0200,0.0,MW,FR,FR,forecast_solar_generation,Solar,2026-07-19T12:33:22Z
2026-07-19T12:32:12Z,2026-07-19T14:32:12+0200,f397dbef-7cdb-41f6-bba7-8b8b09f52e7d,2026-06-28T23:45:00Z,2026-06-29T01:45:00+0200,0.0,MW,FR,FR,forecast_solar_generation,Solar,2026-07-19T12:33:22Z
2026-07-19T12:32:12Z,2026-07-19T14:32:12+0200,f397dbef-7cdb-41f6-bba7-8b8b09f52e7d,2026-06-29T00:00:00Z,2026-06-29T02:00:00+0200,0.0,MW,FR,FR,forecast_solar_generation,Solar,2026-07-19T12:33:22Z
2026-07-19T12:32:12Z,2026-07-19T14:32:12+0200,f397dbef-7cdb-41f6-bba7-8b8b09f52e7d,2026-06-29T00:15:00Z,2026-06-29T02:15:00+0200,0.0,MW,FR,FR,forecast_solar_generation,Solar,2026-07-19T12:33:22Z
2026-07-19T12:32:12Z,2026-07-19T14:32:12+0200,f397dbef-7cdb-41f6-bba7-8b8b09f52e7d,2026-06-29T00:30:00Z,2026-06-29T02:30:00+0200,0.0,MW,FR,FR,forecast_solar_generation,Solar,2026-07-19T12:33:22Z
2026-07-19T12:32:12Z,2026-07-19T14:32:12+0200,f397dbef-7cdb-41f6-bba7-8b8b09f52e7d,2026-06-29T00:45:00Z,2026-06-29T02:45:00+0200,0.0,MW,FR,FR,forecast_solar_generation,Solar,2026-07-19T12:33:22Z
2026-07-19T12:32:12Z,2026-07-19T14:32:12+0200,f397dbef-7cdb-41f6-bba7-8b8b09f52e7d,2026-06-29T01:00:00Z,2026-06-29T03:00:00+0200,0.0,MW,FR,FR,forecast_solar_generation,Solar,2026-07-19T12:33:22Z
2026-07-19T12:32:12Z,2026-07-19T14:32:12+0200,f397dbef-7cdb-41f6-bba7-8b8b09f52e7d,2026-06-29T01:15:00Z,2026-06-29T03:15:00+0200,0.0,MW,FR,FR,forecast_solar_generation,Solar,2026-07-19T12:33:22Z
2026-07-19T12:32:12Z,2026-07-19T14:32:12+0200,f397dbef-7cdb-41f6-bba7-8b8b09f52e7d,2026-06-29T01:30:00Z,2026-06-29T03:30:00+0200,0.0,MW,FR,FR,forecast_solar_generation,Solar,2026-07-19T12:33:22Z
2026-07-19T12:32:12Z,2026-07-19T14:32:12+0200,f397dbef-7cdb-41f6-bba7-8b8b09f52e7d,2026-06-29T01:45:00Z,2026-06-29T03:45:00+0200,0.0,MW,FR,FR,forecast_solar_generation,Solar,2026-07-19T12:33:22Z
2026-07-19T12:32:12Z,2026-07-19T14:32:12+0200,f397dbef-7cdb-41f6-bba7-8b8b09f52e7d,2026-06-29T02:00:00Z,2026-06-29T04:00:00+0200,0.0,MW,FR,FR,forecast_solar_generation,Solar,2026-07-19T12:33:22Z
2026-07-19T12:32:12Z,2026-07-19T14:32:12+0200,f397dbef-7cdb-41f6-bba7-8b8b09f52e7d,2026-06-29T02:15:00Z,2026-06-29T04:15:00+0200,0.0,MW,FR,FR,forecast_solar_generation,Solar,2026-07-19T12:33:22Z
2026-07-19T12:32:12Z,2026-07-19T14:32:12+0200,f397dbef-7cdb-41f6-bba7-8b8b09f52e7d,2026-06-29T02:30:00Z,2026-06-29T04:30:00+0200,0.0,MW,FR,FR,forecast_solar_generation,Solar,2026-07-19T12:33:22Z
2026-07-19T12:32:12Z,2026-07-19T14:32:12+0200,f397dbef-7cdb-41f6-bba7-8b8b09f52e7d,2026-06-29T02:45:00Z,2026-06-29T04:45:00+0200,0.0,MW,FR,FR,forecast_solar_generation,Solar,2026-07-19T12:33:22Z
2026-07-19T12:32:12Z,2026-07-19T14:32:12+0200,f397dbef-7cdb-41f6-bba7-8b8b09f52e7d,2026-06-29T03:00:00Z,2026-06-29T05:00:00+0200,0.0,MW,FR,FR,forecast_solar_generation,Solar,2026-07-19T12:33:22Z
2026-07-19T12:32:12Z,2026-07-19T14:32:12+0200,f397dbef-7cdb-41f6-bba7-8b8b09f52e7d,2026-06-29T03:15:00Z,2026-06-29T05:15:00+0200,0.0,MW,FR,FR,forecast_solar_generation,Solar,2026-07-19T12:33:22Z
2026-07-19T12:32:12Z,2026-07-19T14:32:12+0200,f397dbef-7cdb-41f6-bba7-8b8b09f52e7d,2026-06-29T03:30:00Z,2026-06-29T05:30:00+0200,0.0,MW,FR,FR,forecast_solar_generation,Solar,2026-07-19T12:33:22Z
2026-07-19T12:32:12Z,2026-07-19T14:32:12+0200,f397dbef-7cdb-41f6-bba7-8b8b09f52e7d,2026-06-29T03:45:00Z,2026-06-29T05:45:00+0200,0.0,MW,FR,FR,forecast_solar_generation,Solar,2026-07-19T12:33:22Z
2026-07-19T12:32:12Z,2026-07-19T14:32:12+0200,f397dbef-7cdb-41f6-bba7-8b8b09f52e7d,2026-06-29T04:00:00Z,2026-06-29T06:00:00+0200,0.0,MW,FR,FR,forecast_solar_generation,Solar,2026-07-19T12:33:22Z
2026-07-19T12:32:12Z,2026-07-19T14:32:12+0200,f397dbef-7cdb-41f6-bba7-8b8b09f52e7d,2026-06-29T04:15:00Z,2026-06-29T06:15:00+0200,132.21529,MW,FR,FR,forecast_solar_generation,Solar,2026-07-19T12:33:22Z
2026-07-19T12:32:12Z,2026-07-19T14:32:12+0200,f397dbef-7cdb-41f6-bba7-8b8b09f52e7d,2026-06-29T04:30:00Z,2026-06-29T06:30:00+0200,224.02249,MW,FR,FR,forecast_solar_generation,Solar,2026-07-19T12:33:22Z
2026-07-19T12:32:12Z,2026-07-19T14:32:12+0200,f397dbef-7cdb-41f6-bba7-8b8b09f52e7d,2026-06-29T04:45:00Z,2026-06-29T06:45:00+0200,486.67355,MW,FR,FR,forecast_solar_generation,Solar,2026-07-19T12:33:22Z
2026-07-19T12:32:12Z,2026-07-19T14:32:12+0200,f397dbef-7cdb-41f6-bba7-8b8b09f52e7d,2026-06-29T05:00:00Z,2026-06-29T07:00:00+0200,845.69849,MW,FR,FR,forecast_solar_generation,Solar,2026-07-19T12:33:22Z
2026-07-19T12:32:12Z,2026-07-19T14:32:12+0200,f397dbef-7cdb-41f6-bba7-8b8b09f52e7d,2026-06-29T05:15:00Z,2026-06-29T07:15:00+0200,1266.245,MW,FR,FR,forecast_solar_generation,Solar,2026-07-19T12:33:22Z
2026-07-19T12:32:12Z,2026-07-19T14:32:12+0200,f397dbef-7cdb-41f6-bba7-8b8b09f52e7d,2026-06-29T05:30:00Z,2026-06-29T07:30:00+0200,1741.36646,MW,FR,FR,forecast_solar_generation,Solar,2026-07-19T12:33:22Z
2026-07-19T12:32:12Z,2026-07-19T14:32:12+0200,f397dbef-7cdb-41f6-bba7-8b8b09f52e7d,2026-06-29T05:45:00Z,2026-06-29T07:45:00+0200,2445.86621,MW,FR,FR,forecast_solar_generation,Solar,2026-07-19T12:33:22Z
2026-07-19T12:32:12Z,2026-07-19T14:32:12+0200,f397dbef-7cdb-41f6-bba7-8b8b09f52e7d,2026-06-29T06:00:00Z,2026-06-29T08:00:00+0200,3186.55933,MW,FR,FR,forecast_solar_generation,Solar,2026-07-19T12:33:22Z
2026-07-19T12:32:12Z,2026-07-19T14:32:12+0200,f397dbef-7cdb-41f6-bba7-8b8b09f52e7d,2026-06-29T06:15:00Z,2026-06-29T08:15:00+0200,4060.26172,MW,FR,FR,forecast_solar_generation,Solar,2026-07-19T12:33:22Z
2026-07-19T12:32:12Z,2026-07-19T14:32:12+0200,f397dbef-7cdb-41f6-bba7-8b8b09f52e7d,2026-06-29T06:30:00Z,2026-06-29T08:30:00+0200,4934.94043,MW,FR,FR,forecast_solar_generation,Solar,2026-07-19T12:33:22Z
2026-07-19T12:32:12Z,2026-07-19T14:32:12+0200,f397dbef-7cdb-41f6-bba7-8b8b09f52e7d,2026-06-29T06:45:00Z,2026-06-29T08:45:00+0200,5903.7666,MW,FR,FR,forecast_solar_generation,Solar,2026-07-19T12:33:22Z
2026-07-19T12:32:12Z,2026-07-19T14:32:12+0200,f397dbef-7cdb-41f6-bba7-8b8b09f52e7d,2026-06-29T07:00:00Z,2026-06-29T09:00:00+0200,6871.89844,MW,FR,FR,forecast_solar_generation,Solar,2026-07-19T12:33:22Z
2026-07-19T12:32:12Z,2026-07-19T14:32:12+0200,f397dbef-7cdb-41f6-bba7-8b8b09f52e7d,2026-06-29T07:15:00Z,2026-06-29T09:15:00+0200,7859.43896,MW,FR,FR,forecast_solar_generation,Solar,2026-07-19T12:33:22Z
2026-07-19T12:32:12Z,2026-07-19T14:32:12+0200,f397dbef-7cdb-41f6-bba7-8b8b09f52e7d,2026-06-29T07:30:00Z,2026-06-29T09:30:00+0200,8836.60254,MW,FR,FR,forecast_solar_generation,Solar,2026-07-19T12:33:22Z
2026-07-19T12:32:12Z,2026-07-19T14:32:12+0200,f397dbef-7cdb-41f6-bba7-8b8b09f52e7d,2026-06-29T07:45:00Z,2026-06-29T09:45:00+0200,9776.71191,MW,FR,FR,forecast_solar_generation,Solar,2026-07-19T12:33:22Z
2026-07-19T12:32:12Z,2026-07-19T14:32:12+0200,f397dbef-7cdb-41f6-bba7-8b8b09f52e7d,2026-06-29T08:00:00Z,2026-06-29T10:00:00+0200,10701.01074,MW,FR,FR,forecast_solar_generation,Solar,2026-07-19T12:33:22Z
2026-07-19T12:32:12Z,2026-07-19T14:32:12+0200,f397dbef-7cdb-41f6-bba7-8b8b09f52e7d,2026-06-29T08:15:00Z,2026-06-29T10:15:00+0200,11687.73047,MW,FR,FR,forecast_solar_generation,Solar,2026-07-19T12:33:22Z
2026-07-19T12:32:12Z,2026-07-19T14:32:12+0200,f397dbef-7cdb-41f6-bba7-8b8b09f52e7d,2026-06-29T08:30:00Z,2026-06-29T10:30:00+0200,12516.23438,MW,FR,FR,forecast_solar_generation,Solar,2026-07-19T12:33:22Z
2026-07-19T12:32:12Z,2026-07-19T14:32:12+0200,f397dbef-7cdb-41f6-bba7-8b8b09f52e7d,2026-06-29T08:45:00Z,2026-06-29T10:45:00+0200,13263.61133,MW,FR,FR,forecast_solar_generation,Solar,2026-07-19T12:33:22Z
2026-07-19T12:32:12Z,2026-07-19T14:32:12+0200,f397dbef-7cdb-41f6-bba7-8b8b09f52e7d,2026-06-29T09:00:00Z,2026-06-29T11:00:00+0200,13981.47559,MW,FR,FR,forecast_solar_generation,Solar,2026-07-19T12:33:22Z
2026-07-19T12:32:12Z,2026-07-19T14:32:12+0200,f397dbef-7cdb-41f6-bba7-8b8b09f52e7d,2026-06-29T09:15:00Z,2026-06-29T11:15:00+0200,14664.9248,MW,FR,FR,forecast_solar_generation,Solar,2026-07-19T12:33:22Z
2026-07-19T12:32:12Z,2026-07-19T14:32:12+0200,f397dbef-7cdb-41f6-bba7-8b8b09f52e7d,2026-06-29T09:30:00Z,2026-06-29T11:30:00+0200,15318.58691,MW,FR,FR,forecast_solar_generation,Solar,2026-07-19T12:33:22Z
2026-07-19T12:32:12Z,2026-07-19T14:32:12+0200,f397dbef-7cdb-41f6-bba7-8b8b09f52e7d,2026-06-29T09:45:00Z,2026-06-29T11:45:00+0200,15866.125,MW,FR,FR,forecast_solar_generation,Solar,2026-07-19T12:33:22Z
2026-07-19T12:32:12Z,2026-07-19T14:32:12+0200,f397dbef-7cdb-41f6-bba7-8b8b09f52e7d,2026-06-29T10:00:00Z,2026-06-29T12:00:00+0200,16437.62891,MW,FR,FR,forecast_solar_generation,Solar,2026-07-19T12:33:22Z
2026-07-19T12:32:12Z,2026-07-19T14:32:12+0200,f397dbef-7cdb-41f6-bba7-8b8b09f52e7d,2026-06-29T10:15:00Z,2026-06-29T12:15:00+0200,16844.04297,MW,FR,FR,forecast_solar_generation,Solar,2026-07-19T12:33:22Z
2026-07-19T12:32:12Z,2026-07-19T14:32:12+0200,f397dbef-7cdb-41f6-bba7-8b8b09f52e7d,2026-06-29T10:30:00Z,2026-06-29T12:30:00+0200,17300.25781,MW,FR,FR,forecast_solar_generation,Solar,2026-07-19T12:33:22Z
2026-07-19T12:32:12Z,2026-07-19T14:32:12+0200,f397dbef-7cdb-41f6-bba7-8b8b09f52e7d,2026-06-29T10:45:00Z,2026-06-29T12:45:00+0200,17586.57617,MW,FR,FR,forecast_solar_generation,Solar,2026-07-19T12:33:22Z
2026-07-19T12:32:12Z,2026-07-19T14:32:12+0200,f397dbef-7cdb-41f6-bba7-8b8b09f52e7d,2026-06-29T11:00:00Z,2026-06-29T13:00:00+0200,17937.95703,MW,FR,FR,forecast_solar_generation,Solar,2026-07-19T12:33:22Z
2026-07-19T12:32:12Z,2026-07-19T14:32:12+0200,f397dbef-7cdb-41f6-bba7-8b8b09f52e7d,2026-06-29T11:15:00Z,2026-06-29T13:15:00+0200,18167.33203,MW,FR,FR,forecast_solar_generation,Solar,2026-07-19T12:33:22Z
2026-07-19T12:32:12Z,2026-07-19T14:32:12+0200,f397dbef-7cdb-41f6-bba7-8b8b09f52e7d,2026-06-29T11:30:00Z,2026-06-29T13:30:00+0200,18409.95898,MW,FR,FR,forecast_solar_generation,Solar,2026-07-19T12:33:22Z
2026-07-19T12:32:12Z,2026-07-19T14:32:12+0200,f397dbef-7cdb-41f6-bba7-8b8b09f52e7d,2026-06-29T11:45:00Z,2026-06-29T13:45:00+0200,18338.13867,MW,FR,FR,forecast_solar_generation,Solar,2026-07-19T12:33:22Z
2026-07-19T12:32:12Z,2026-07-19T14:32:12+0200,f397dbef-7cdb-41f6-bba7-8b8b09f52e7d,2026-06-29T12:00:00Z,2026-06-29T14:00:00+0200,18228.95117,MW,FR,FR,forecast_solar_generation,Solar,2026-07-19T12:33:22Z
2026-07-19T12:32:12Z,2026-07-19T14:32:12+0200,f397dbef-7cdb-41f6-bba7-8b8b09f52e7d,2026-06-29T12:15:00Z,2026-06-29T14:15:00+0200,18029.64258,MW,FR,FR,forecast_solar_generation,Solar,2026-07-19T12:33:22Z
2026-07-19T12:32:12Z,2026-07-19T14:32:12+0200,f397dbef-7cdb-41f6-bba7-8b8b09f52e7d,2026-06-29T12:30:00Z,2026-06-29T14:30:00+0200,17793.10352,MW,FR,FR,forecast_solar_generation,Solar,2026-07-19T12:33:22Z
2026-07-19T12:32:12Z,2026-07-19T14:32:12+0200,f397dbef-7cdb-41f6-bba7-8b8b09f52e7d,2026-06-29T12:45:00Z,2026-06-29T14:45:00+0200,17523.61523,MW,FR,FR,forecast_solar_generation,Solar,2026-07-19T12:33:22Z
2026-07-19T12:32:12Z,2026-07-19T14:32:12+0200,f397dbef-7cdb-41f6-bba7-8b8b09f52e7d,2026-06-29T13:00:00Z,2026-06-29T15:00:00+0200,17244.32031,MW,FR,FR,forecast_solar_generation,Solar,2026-07-19T12:33:22Z
2026-07-19T12:32:12Z,2026-07-19T14:32:12+0200,f397dbef-7cdb-41f6-bba7-8b8b09f52e7d,2026-06-29T13:15:00Z,2026-06-29T15:15:00+0200,16949.14258,MW,FR,FR,forecast_solar_generation,Solar,2026-07-19T12:33:22Z
2026-07-19T12:32:12Z,2026-07-19T14:32:12+0200,f397dbef-7cdb-41f6-bba7-8b8b09f52e7d,2026-06-29T13:30:00Z,2026-06-29T15:30:00+0200,16609.97461,MW,FR,FR,forecast_solar_generation,Solar,2026-07-19T12:33:22Z
2026-07-19T12:32:12Z,2026-07-19T14:32:12+0200,f397dbef-7cdb-41f6-bba7-8b8b09f52e7d,2026-06-29T13:45:00Z,2026-06-29T15:45:00+0200,16227.43945,MW,FR,FR,forecast_solar_generation,Solar,2026-07-19T12:33:22Z
2026-07-19T12:32:12Z,2026-07-19T14:32:12+0200,f397dbef-7cdb-41f6-bba7-8b8b09f52e7d,2026-06-29T14:00:00Z,2026-06-29T16:00:00+0200,15802.04297,MW,FR,FR,forecast_solar_generation,Solar,2026-07-19T12:33:22Z
2026-07-19T12:32:12Z,2026-07-19T14:32:12+0200,f397dbef-7cdb-41f6-bba7-8b8b09f52e7d,2026-06-29T14:15:00Z,2026-06-29T16:15:00+0200,15346.92188,MW,FR,FR,forecast_solar_generation,Solar,2026-07-19T12:33:22Z
2026-07-19T12:32:12Z,2026-07-19T14:32:12+0200,f397dbef-7cdb-41f6-bba7-8b8b09f52e7d,2026-06-29T14:30:00Z,2026-06-29T16:30:00+0200,14863.46484,MW,FR,FR,forecast_solar_generation,Solar,2026-07-19T12:33:22Z
2026-07-19T12:32:12Z,2026-07-19T14:32:12+0200,f397dbef-7cdb-41f6-bba7-8b8b09f52e7d,2026-06-29T14:45:00Z,2026-06-29T16:45:00+0200,14255.16309,MW,FR,FR,forecast_solar_generation,Solar,2026-07-19T12:33:22Z
2026-07-19T12:32:12Z,2026-07-19T14:32:12+0200,f397dbef-7cdb-41f6-bba7-8b8b09f52e7d,2026-06-29T15:00:00Z,2026-06-29T17:00:00+0200,13678.55664,MW,FR,FR,forecast_solar_generation,Solar,2026-07-19T12:33:22Z
2026-07-19T12:32:12Z,2026-07-19T14:32:12+0200,f397dbef-7cdb-41f6-bba7-8b8b09f52e7d,2026-06-29T15:15:00Z,2026-06-29T17:15:00+0200,12979.70898,MW,FR,FR,forecast_solar_generation,Solar,2026-07-19T12:33:22Z
2026-07-19T12:32:12Z,2026-07-19T14:32:12+0200,f397dbef-7cdb-41f6-bba7-8b8b09f52e7d,2026-06-29T15:30:00Z,2026-06-29T17:30:00+0200,12302.39062,MW,FR,FR,forecast_solar_generation,Solar,2026-07-19T12:33:22Z
2026-07-19T12:32:12Z,2026-07-19T14:32:12+0200,f397dbef-7cdb-41f6-bba7-8b8b09f52e7d,2026-06-29T15:45:00Z,2026-06-29T17:45:00+0200,11583.94336,MW,FR,FR,forecast_solar_generation,Solar,2026-07-19T12:33:22Z
2026-07-19T12:32:12Z,2026-07-19T14:32:12+0200,f397dbef-7cdb-41f6-bba7-8b8b09f52e7d,2026-06-29T16:00:00Z,2026-06-29T18:00:00+0200,10808.54688,MW,FR,FR,forecast_solar_generation,Solar,2026-07-19T12:33:22Z
2026-07-19T12:32:12Z,2026-07-19T14:32:12+0200,f397dbef-7cdb-41f6-bba7-8b8b09f52e7d,2026-06-29T16:15:00Z,2026-06-29T18:15:00+0200,9937.43652,MW,FR,FR,forecast_solar_generation,Solar,2026-07-19T12:33:22Z
2026-07-19T12:32:12Z,2026-07-19T14:32:12+0200,f397dbef-7cdb-41f6-bba7-8b8b09f52e7d,2026-06-29T16:30:00Z,2026-06-29T18:30:00+0200,9085.17969,MW,FR,FR,forecast_solar_generation,Solar,2026-07-19T12:33:22Z
2026-07-19T12:32:12Z,2026-07-19T14:32:12+0200,f397dbef-7cdb-41f6-bba7-8b8b09f52e7d,2026-06-29T16:45:00Z,2026-06-29T18:45:00+0200,8204.04004,MW,FR,FR,forecast_solar_generation,Solar,2026-07-19T12:33:22Z
2026-07-19T12:32:12Z,2026-07-19T14:32:12+0200,f397dbef-7cdb-41f6-bba7-8b8b09f52e7d,2026-06-29T17:00:00Z,2026-06-29T19:00:00+0200,7158.78125,MW,FR,FR,forecast_solar_generation,Solar,2026-07-19T12:33:22Z
2026-07-19T12:32:12Z,2026-07-19T14:32:12+0200,f397dbef-7cdb-41f6-bba7-8b8b09f52e7d,2026-06-29T17:15:00Z,2026-06-29T19:15:00+0200,6262.97168,MW,FR,FR,forecast_solar_generation,Solar,2026-07-19T12:33:22Z
2026-07-19T12:32:12Z,2026-07-19T14:32:12+0200,f397dbef-7cdb-41f6-bba7-8b8b09f52e7d,2026-06-29T17:30:00Z,2026-06-29T19:30:00+0200,5200.34375,MW,FR,FR,forecast_solar_generation,Solar,2026-07-19T12:33:22Z
2026-07-19T12:32:12Z,2026-07-19T14:32:12+0200,f397dbef-7cdb-41f6-bba7-8b8b09f52e7d,2026-06-29T17:45:00Z,2026-06-29T19:45:00+0200,4361.29248,MW,FR,FR,forecast_solar_generation,Solar,2026-07-19T12:33:22Z
2026-07-19T12:32:12Z,2026-07-19T14:32:12+0200,f397dbef-7cdb-41f6-bba7-8b8b09f52e7d,2026-06-29T18:00:00Z,2026-06-29T20:00:00+0200,3418.54565,MW,FR,FR,forecast_solar_generation,Solar,2026-07-19T12:33:22Z
2026-07-19T12:32:12Z,2026-07-19T14:32:12+0200,f397dbef-7cdb-41f6-bba7-8b8b09f52e7d,2026-06-29T18:15:00Z,2026-06-29T20:15:00+0200,2628.61401,MW,FR,FR,forecast_solar_generation,Solar,2026-07-19T12:33:22Z
2026-07-19T12:32:12Z,2026-07-19T14:32:12+0200,f397dbef-7cdb-41f6-bba7-8b8b09f52e7d,2026-06-29T18:30:00Z,2026-06-29T20:30:00+0200,1916.42822,MW,FR,FR,forecast_solar_generation,Solar,2026-07-19T12:33:22Z
2026-07-19T12:32:12Z,2026-07-19T14:32:12+0200,f397dbef-7cdb-41f6-bba7-8b8b09f52e7d,2026-06-29T18:45:00Z,2026-06-29T20:45:00+0200,1395.66931,MW,FR,FR,forecast_solar_generation,Solar,2026-07-19T12:33:22Z
2026-07-19T12:32:12Z,2026-07-19T14:32:12+0200,f397dbef-7cdb-41f6-bba7-8b8b09f52e7d,2026-06-29T19:00:00Z,2026-06-29T21:00:00+0200,937.9292,MW,FR,FR,forecast_solar_generation,Solar,2026-07-19T12:33:22Z
2026-07-19T12:32:12Z,2026-07-19T14:32:12+0200,f397dbef-7cdb-41f6-bba7-8b8b09f52e7d,2026-06-29T19:15:00Z,2026-06-29T21:15:00+0200,555.29962,MW,FR,FR,forecast_solar_generation,Solar,2026-07-19T12:33:22Z
2026-07-19T12:32:12Z,2026-07-19T14:32:12+0200,f397dbef-7cdb-41f6-bba7-8b8b09f52e7d,2026-06-29T19:30:00Z,2026-06-29T21:30:00+0200,234.30634,MW,FR,FR,forecast_solar_generation,Solar,2026-07-19T12:33:22Z
2026-07-19T12:32:12Z,2026-07-19T14:32:12+0200,f397dbef-7cdb-41f6-bba7-8b8b09f52e7d,2026-06-29T19:45:00Z,2026-06-29T21:45:00+0200,89.5729,MW,FR,FR,forecast_solar_generation,Solar,2026-07-19T12:33:22Z
2026-07-19T12:32:12Z,2026-07-19T14:32:12+0200,f397dbef-7cdb-41f6-bba7-8b8b09f52e7d,2026-06-29T20:00:00Z,2026-06-29T22:00:00+0200,13.35442,MW,FR,FR,forecast_solar_generation,Solar,2026-07-19T12:33:22Z
2026-07-19T12:32:12Z,2026-07-19T14:32:12+0200,f397dbef-7cdb-41f6-bba7-8b8b09f52e7d,2026-06-29T20:15:00Z,2026-06-29T22:15:00+0200,0.01393,MW,FR,FR,forecast_solar_generation,Solar,2026-07-19T12:33:22Z
2026-07-19T12:32:12Z,2026-07-19T14:32:12+0200,f397dbef-7cdb-41f6-bba7-8b8b09f52e7d,2026-06-29T20:30:00Z,2026-06-29T22:30:00+0200,0.0,MW,FR,FR,forecast_solar_generation,Solar,2026-07-19T12:33:22Z
2026-07-19T12:32:12Z,2026-07-19T14:32:12+0200,f397dbef-7cdb-41f6-bba7-8b8b09f52e7d,2026-06-29T20:45:00Z,2026-06-29T22:45:00+0200,0.0,MW,FR,FR,forecast_solar_generation,Solar,2026-07-19T12:33:22Z
2026-07-19T12:32:12Z,2026-07-19T14:32:12+0200,f397dbef-7cdb-41f6-bba7-8b8b09f52e7d,2026-06-29T21:00:00Z,2026-06-29T23:00:00+0200,0.0,MW,FR,FR,forecast_solar_generation,Solar,2026-07-19T12:33:22Z
2026-07-19T12:32:12Z,2026-07-19T14:32:12+0200,f397dbef-7cdb-41f6-bba7-8b8b09f52e7d,2026-06-29T21:15:00Z,2026-06-29T23:15:00+0200,0.0,MW,FR,FR,forecast_solar_generation,Solar,2026-07-19T12:33:22Z
2026-07-19T12:32:12Z,2026-07-19T14:32:12+0200,f397dbef-7cdb-41f6-bba7-8b8b09f52e7d,2026-06-29T21:30:00Z,2026-06-29T23:30:00+0200,0.0,MW,FR,FR,forecast_solar_generation,Solar,2026-07-19T12:33:22Z
2026-07-19T12:32:12Z,2026-07-19T14:32:12+0200,f397dbef-7cdb-41f6-bba7-8b8b09f52e7d,2026-06-29T21:45:00Z,2026-06-29T23:45:00+0200,0.0,MW,FR,FR,forecast_solar_generation,Solar,2026-07-19T12:33:22Z
2026-07-19T12:32:12Z,2026-07-19T14:32:12+0200,f397dbef-7cdb-41f6-bba7-8b8b09f52e7d,2026-06-29T22:00:00Z,2026-06-30T00:00:00+0200,0.0,MW,FR,FR,forecast_solar_generation,Solar,2026-07-19T12:33:22Z
2026-07-19T12:32:12Z,2026-07-19T14:32:12+0200,f397dbef-7cdb-41f6-bba7-8b8b09f52e7d,2026-06-29T22:15:00Z,2026-06-30T00:15:00+0200,0.0,MW,FR,FR,forecast_solar_generation,Solar,2026-07-19T12:33:22Z
2026-07-19T12:32:12Z,2026-07-19T14:32:12+0200,f397dbef-7cdb-41f6-bba7-8b8b09f52e7d,2026-06-29T22:30:00Z,2026-06-30T00:30:00+0200,0.0,MW,FR,FR,forecast_solar_generation,Solar,2026-07-19T12:33:22Z
2026-07-19T12:32:12Z,2026-07-19T14:32:12+0200,f397dbef-7cdb-41f6-bba7-8b8b09f52e7d,2026-06-29T22:45:00Z,2026-06-30T00:45:00+0200,0.0,MW,FR,FR,forecast_solar_generation,Solar,2026-07-19T12:33:22Z
2026-07-19T12:32:12Z,2026-07-19T14:32:12+0200,f397dbef-7cdb-41f6-bba7-8b8b09f52e7d,2026-06-29T23:00:00Z,2026-06-30T01:00:00+0200,0.0,MW,FR,FR,forecast_solar_generation,Solar,2026-07-19T12:33:22Z
2026-07-19T12:32:12Z,2026-07-19T14:32:12+0200,f397dbef-7cdb-41f6-bba7-8b8b09f52e7d,2026-06-29T23:15:00Z,2026-06-30T01:15:00+0200,0.0,MW,FR,FR,forecast_solar_generation,Solar,2026-07-19T12:33:22Z
2026-07-19T12:32:12Z,2026-07-19T14:32:12+0200,f397dbef-7cdb-41f6-bba7-8b8b09f52e7d,2026-06-29T23:30:00Z,2026-06-30T01:30:00+0200,0.0,MW,FR,FR,forecast_solar_generation,Solar,2026-07-19T12:33:22Z
2026-07-19T12:32:12Z,2026-07-19T14:32:12+0200,f397dbef-7cdb-41f6-bba7-8b8b09f52e7d,2026-06-29T23:45:00Z,2026-06-30T01:45:00+0200,0.0,MW,FR,FR,forecast_solar_generation,Solar,2026-07-19T12:33:22Z
2026-07-19T12:32:12Z,2026-07-19T14:32:12+0200,f397dbef-7cdb-41f6-bba7-8b8b09f52e7d,2026-06-30T00:00:00Z,2026-06-30T02:00:00+0200,0.0,MW,FR,FR,forecast_solar_generation,Solar,2026-07-19T12:33:22Z
2026-07-19T12:32:12Z,2026-07-19T14:32:12+0200,f397dbef-7cdb-41f6-bba7-8b8b09f52e7d,2026-06-30T00:15:00Z,2026-06-30T02:15:00+0200,0.0,MW,FR,FR,forecast_solar_generation,Solar,2026-07-19T12:33:22Z
2026-07-19T12:32:12Z,2026-07-19T14:32:12+0200,f397dbef-7cdb-41f6-bba7-8b8b09f52e7d,2026-06-30T00:30:00Z,2026-06-30T02:30:00+0200,0.0,MW,FR,FR,forecast_solar_generation,Solar,2026-07-19T12:33:22Z
2026-07-19T12:32:12Z,2026-07-19T14:32:12+0200,f397dbef-7cdb-41f6-bba7-8b8b09f52e7d,2026-06-30T00:45:00Z,2026-06-30T02:45:00+0200,0.0,MW,FR,FR,forecast_solar_generation,Solar,2026-07-19T12:33:22Z
2026-07-19T12:32:12Z,2026-07-19T14:32:12+0200,f397dbef-7cdb-41f6-bba7-8b8b09f52e7d,2026-06-30T01:00:00Z,2026-06-30T03:00:00+0200,0.0,MW,FR,FR,forecast_solar_generation,Solar,2026-07-19T12:33:22Z
2026-07-19T12:32:12Z,2026-07-19T14:32:12+0200,f397dbef-7cdb-41f6-bba7-8b8b09f52e7d,2026-06-30T01:15:00Z,2026-06-30T03:15:00+0200,0.0,MW,FR,FR,forecast_solar_generation,Solar,2026-07-19T12:33:22Z
2026-07-19T12:32:12Z,2026-07-19T14:32:12+0200,f397dbef-7cdb-41f6-bba7-8b8b09f52e7d,2026-06-30T01:30:00Z,2026-06-30T03:30:00+0200,0.0,MW,FR,FR,forecast_solar_generation,Solar,2026-07-19T12:33:22Z
2026-07-19T12:32:12Z,2026-07-19T14:32:12+0200,f397dbef-7cdb-41f6-bba7-8b8b09f52e7d,2026-06-30T01:45:00Z,2026-06-30T03:45:00+0200,0.0,MW,FR,FR,forecast_solar_generation,Solar,2026-07-19T12:33:22Z
2026-07-19T12:32:12Z,2026-07-19T14:32:12+0200,f397dbef-7cdb-41f6-bba7-8b8b09f52e7d,2026-06-30T02:00:00Z,2026-06-30T04:00:00+0200,0.0,MW,FR,FR,forecast_solar_generation,Solar,2026-07-19T12:33:22Z
2026-07-19T12:32:12Z,2026-07-19T14:32:12+0200,f397dbef-7cdb-41f6-bba7-8b8b09f52e7d,2026-06-30T02:15:00Z,2026-06-30T04:15:00+0200,0.0,MW,FR,FR,forecast_solar_generation,Solar,2026-07-19T12:33:22Z
2026-07-19T12:32:12Z,2026-07-19T14:32:12+0200,f397dbef-7cdb-41f6-bba7-8b8b09f52e7d,2026-06-30T02:30:00Z,2026-06-30T04:30:00+0200,0.0,MW,FR,FR,forecast_solar_generation,Solar,2026-07-19T12:33:22Z
2026-07-19T12:32:12Z,2026-07-19T14:32:12+0200,f397dbef-7cdb-41f6-bba7-8b8b09f52e7d,2026-06-30T02:45:00Z,2026-06-30T04:45:00+0200,0.0,MW,FR,FR,forecast_solar_generation,Solar,2026-07-19T12:33:22Z
2026-07-19T12:32:12Z,2026-07-19T14:32:12+0200,f397dbef-7cdb-41f6-bba7-8b8b09f52e7d,2026-06-30T03:00:00Z,2026-06-30T05:00:00+0200,0.0,MW,FR,FR,forecast_solar_generation,Solar,2026-07-19T12:33:22Z
2026-07-19T12:32:12Z,2026-07-19T14:32:12+0200,f397dbef-7cdb-41f6-bba7-8b8b09f52e7d,2026-06-30T03:15:00Z,2026-06-30T05:15:00+0200,0.0,MW,FR,FR,forecast_solar_generation,Solar,2026-07-19T12:33:22Z
2026-07-19T12:32:12Z,2026-07-19T14:32:12+0200,f397dbef-7cdb-41f6-bba7-8b8b09f52e7d,2026-06-30T03:30:00Z,2026-06-30T05:30:00+0200,0.0,MW,FR,FR,forecast_solar_generation,Solar,2026-07-19T12:33:22Z
2026-07-19T12:32:12Z,2026-07-19T14:32:12+0200,f397dbef-7cdb-41f6-bba7-8b8b09f52e7d,2026-06-30T03:45:00Z,2026-06-30T05:45:00+0200,0.0,MW,FR,FR,forecast_solar_generation,Solar,2026-07-19T12:33:22Z
2026-07-19T12:32:12Z,2026-07-19T14:32:12+0200,f397dbef-7cdb-41f6-bba7-8b8b09f52e7d,2026-06-30T04:00:00Z,2026-06-30T06:00:00+0200,0.0,MW,FR,FR,forecast_solar_generation,Solar,2026-07-19T12:33:22Z
2026-07-19T12:32:12Z,2026-07-19T14:32:12+0200,f397dbef-7cdb-41f6-bba7-8b8b09f52e7d,2026-06-30T04:15:00Z,2026-06-30T06:15:00+0200,133.74435,MW,FR,FR,forecast_solar_generation,Solar,2026-07-19T12:33:22Z
2026-07-19T12:32:12Z,2026-07-19T14:32:12+0200,f397dbef-7cdb-41f6-bba7-8b8b09f52e7d,2026-06-30T04:30:00Z,2026-06-30T06:30:00+0200,226.64125,MW,FR,FR,forecast_solar_generation,Solar,2026-07-19T12:33:22Z
2026-07-19T12:32:12Z,2026-07-19T14:32:12+0200,f397dbef-7cdb-41f6-bba7-8b8b09f52e7d,2026-06-30T04:45:00Z,2026-06-30T06:45:00+0200,536.67865,MW,FR,FR,forecast_solar_generation,Solar,2026-07-19T12:33:22Z
2026-07-19T12:32:12Z,2026-07-19T14:32:12+0200,f397dbef-7cdb-41f6-bba7-8b8b09f52e7d,2026-06-30T05:00:00Z,2026-06-30T07:00:00+0200,918.58777,MW,FR,FR,forecast_solar_generation,Solar,2026-07-19T12:33:22Z
2026-07-19T12:32:12Z,2026-07-19T14:32:12+0200,f397dbef-7cdb-41f6-bba7-8b8b09f52e7d,2026-06-30T05:15:00Z,2026-06-30T07:15:00+0200,1396.97803,MW,FR,FR,forecast_solar_generation,Solar,2026-07-19T12:33:22Z
2026-07-19T12:32:12Z,2026-07-19T14:32:12+0200,f397dbef-7cdb-41f6-bba7-8b8b09f52e7d,2026-06-30T05:30:00Z,2026-06-30T07:30:00+0200,1910.51489,MW,FR,FR,forecast_solar_generation,Solar,2026-07-19T12:33:22Z
2026-07-19T12:32:12Z,2026-07-19T14:32:12+0200,f397dbef-7cdb-41f6-bba7-8b8b09f52e7d,2026-06-30T05:45:00Z,2026-06-30T07:45:00+0200,2720.375,MW,FR,FR,forecast_solar_generation,Solar,2026-07-19T12:33:22Z
2026-07-19T12:32:12Z,2026-07-19T14:32:12+0200,f397dbef-7cdb-41f6-bba7-8b8b09f52e7d,2026-06-30T06:00:00Z,2026-06-30T08:00:00+0200,3505.34448,MW,FR,FR,forecast_solar_generation,Solar,2026-07-19T12:33:22Z
2026-07-19T12:32:12Z,2026-07-19T14:32:12+0200,f397dbef-7cdb-41f6-bba7-8b8b09f52e7d,2026-06-30T06:15:00Z,2026-06-30T08:15:00+0200,4476.39404,MW,FR,FR,forecast_solar_generation,Solar,2026-07-19T12:33:22Z
2026-07-19T12:32:12Z,2026-07-19T14:32:12+0200,f397dbef-7cdb-41f6-bba7-8b8b09f52e7d,2026-06-30T06:30:00Z,2026-06-30T08:30:00+0200,5450.99707,MW,FR,FR,forecast_solar_generation,Solar,2026-07-19T12:33:22Z
2026-07-19T12:32:12Z,2026-07-19T14:32:12+0200,f397dbef-7cdb-41f6-bba7-8b8b09f52e7d,2026-06-30T06:45:00Z,2026-06-30T08:45:00+0200,6530.94336,MW,FR,FR,forecast_solar_generation,Solar,2026-07-19T12:33:22Z
2026-07-19T12:32:12Z,2026-07-19T14:32:12+0200,f397dbef-7cdb-41f6-bba7-8b8b09f52e7d,2026-06-30T07:00:00Z,2026-06-30T09:00:00+0200,7556.93799,MW,FR,FR,forecast_solar_generation,Solar,2026-07-19T12:33:22Z
2026-07-19T12:32:12Z,2026-07-19T14:32:12+0200,f397dbef-7cdb-41f6-bba7-8b8b09f52e7d,2026-06-30T07:15:00Z,2026-06-30T09:15:00+0200,8574.78613,MW,FR,FR,forecast_solar_generation,Solar,2026-07-19T12:33:22Z
2026-07-19T12:32:12Z,2026-07-19T14:32:12+0200,f397dbef-7cdb-41f6-bba7-8b8b09f52e7d,2026-06-30T07:30:00Z,2026-06-30T09:30:00+0200,9548.03613,MW,FR,FR,forecast_solar_generation,Solar,2026-07-19T12:33:22Z
2026-07-19T12:32:12Z,2026-07-19T14:32:12+0200,f397dbef-7cdb-41f6-bba7-8b8b09f52e7d,2026-06-30T07:45:00Z,2026-06-30T09:45:00+0200,10460.52539,MW,FR,FR,forecast_solar_generation,Solar,2026-07-19T12:33:22Z
2026-07-19T12:32:12Z,2026-07-19T14:32:12+0200,f397dbef-7cdb-41f6-bba7-8b8b09f52e7d,2026-06-30T08:00:00Z,2026-06-30T10:00:00+0200,11384.66797,MW,FR,FR,forecast_solar_generation,Solar,2026-07-19T12:33:22Z
2026-07-19T12:32:12Z,2026-07-19T14:32:12+0200,f397dbef-7cdb-41f6-bba7-8b8b09f52e7d,2026-06-30T08:15:00Z,2026-06-30T10:15:00+0200,12264.80762,MW,FR,FR,forecast_solar_generation,Solar,2026-07-19T12:33:22Z
2026-07-19T12:32:12Z,2026-07-19T14:32:12+0200,f397dbef-7cdb-41f6-bba7-8b8b09f52e7d,2026-06-30T08:30:00Z,2026-06-30T10:30:00+0200,13134.18066,MW,FR,FR,forecast_solar_generation,Solar,2026-07-19T12:33:22Z
2026-07-19T12:32:12Z,2026-07-19T14:32:12+0200,f397dbef-7cdb-41f6-bba7-8b8b09f52e7d,2026-06-30T08:45:00Z,2026-06-30T10:45:00+0200,13799.77832,MW,FR,FR,forecast_solar_generation,Solar,2026-07-19T12:33:22Z
2026-07-19T12:32:12Z,2026-07-19T14:32:12+0200,f397dbef-7cdb-41f6-bba7-8b8b09f52e7d,2026-06-30T09:00:00Z,2026-06-30T11:00:00+0200,14493.31641,MW,FR,FR,forecast_solar_generation,Solar,2026-07-19T12:33:22Z
2026-07-19T12:32:12Z,2026-07-19T14:32:12+0200,f397dbef-7cdb-41f6-bba7-8b8b09f52e7d,2026-06-30T09:15:00Z,2026-06-30T11:15:00+0200,15113.02246,MW,FR,FR,forecast_solar_generation,Solar,2026-07-19T12:33:22Z
2026-07-19T12:32:12Z,2026-07-19T14:32:12+0200,f397dbef-7cdb-41f6-bba7-8b8b09f52e7d,2026-06-30T09:30:00Z,2026-06-30T11:30:00+0200,15799.63477,MW,FR,FR,forecast_solar_generation,Solar,2026-07-19T12:33:22Z
2026-07-19T12:32:12Z,2026-07-19T14:32:12+0200,f397dbef-7cdb-41f6-bba7-8b8b09f52e7d,2026-06-30T09:45:00Z,2026-06-30T11:45:00+0200,16286.72461,MW,FR,FR,forecast_solar_generation,Solar,2026-07-19T12:33:22Z
2026-07-19T12:32:12Z,2026-07-19T14:32:12+0200,f397dbef-7cdb-41f6-bba7-8b8b09f52e7d,2026-06-30T10:00:00Z,2026-06-30T12:00:00+0200,16799.67383,MW,FR,FR,forecast_solar_generation,Solar,2026-07-19T12:33:22Z
2026-07-19T12:32:12Z,2026-07-19T14:32:12+0200,f397dbef-7cdb-41f6-bba7-8b8b09f52e7d,2026-06-30T10:15:00Z,2026-06-30T12:15:00+0200,17195.9375,MW,FR,FR,forecast_solar_generation,Solar,2026-07-19T12:33:22Z
2026-07-19T12:32:12Z,2026-07-19T14:32:12+0200,f397dbef-7cdb-41f6-bba7-8b8b09f52e7d,2026-06-30T10:30:00Z,2026-06-30T12:30:00+0200,17568.2793,MW,FR,FR,forecast_solar_generation,Solar,2026-07-19T12:33:22Z
2026-07-19T12:32:12Z,2026-07-19T14:32:12+0200,f397dbef-7cdb-41f6-bba7-8b8b09f52e7d,2026-06-30T10:45:00Z,2026-06-30T12:45:00+0200,17786.30664,MW,FR,FR,forecast_solar_generation,Solar,2026-07-19T12:33:22Z
2026-07-19T12:32:12Z,2026-07-19T14:32:12+0200,f397dbef-7cdb-41f6-bba7-8b8b09f52e7d,2026-06-30T11:00:00Z,2026-06-30T13:00:00+0200,18043.38672,MW,FR,FR,forecast_solar_generation,Solar,2026-07-19T12:33:22Z
2026-07-19T12:32:12Z,2026-07-19T14:32:12+0200,f397dbef-7cdb-41f6-bba7-8b8b09f52e7d,2026-06-30T11:15:00Z,2026-06-30T13:15:00+0200,18195.21875,MW,FR,FR,forecast_solar_generation,Solar,2026-07-19T12:33:22Z
2026-07-19T12:32:12Z,2026-07-19T14:32:12+0200,f397dbef-7cdb-41f6-bba7-8b8b09f52e7d,2026-06-30T11:30:00Z,2026-06-30T13:30:00+0200,18331.19531,MW,FR,FR,forecast_solar_generation,Solar,2026-07-19T12:33:22Z
2026-07-19T12:32:12Z,2026-07-19T14:32:12+0200,f397dbef-7cdb-41f6-bba7-8b8b09f52e7d,2026-06-30T11:45:00Z,2026-06-30T13:45:00+0200,18340.38477,MW,FR,FR,forecast_solar_generation,Solar,2026-07-19T12:33:22Z
2026-07-19T12:32:12Z,2026-07-19T14:32:12+0200,f397dbef-7cdb-41f6-bba7-8b8b09f52e7d,2026-06-30T12:00:00Z,2026-06-30T14:00:00+0200,18284.13672,MW,FR,FR,forecast_solar_generation,Solar,2026-07-19T12:33:22Z
2026-07-19T12:32:12Z,2026-07-19T14:32:12+0200,f397dbef-7cdb-41f6-bba7-8b8b09f52e7d,2026-06-30T12:15:00Z,2026-06-30T14:15:00+0200,18172.95117,MW,FR,FR,forecast_solar_generation,Solar,2026-07-19T12:33:22Z
2026-07-19T12:32:12Z,2026-07-19T14:32:12+0200,f397dbef-7cdb-41f6-bba7-8b8b09f52e7d,2026-06-30T12:30:00Z,2026-06-30T14:30:00+0200,18071.11914,MW,FR,FR,forecast_solar_generation,Solar,2026-07-19T12:33:22Z
2026-07-19T12:32:12Z,2026-07-19T14:32:12+0200,f397dbef-7cdb-41f6-bba7-8b8b09f52e7d,2026-06-30T12:45:00Z,2026-06-30T14:45:00+0200,17854.61133,MW,FR,FR,forecast_solar_generation,Solar,2026-07-19T12:33:22Z
2026-07-19T12:32:12Z,2026-07-19T14:32:12+0200,f397dbef-7cdb-41f6-bba7-8b8b09f52e7d,2026-06-30T13:00:00Z,2026-06-30T15:00:00+0200,17556.83789,MW,FR,FR,forecast_solar_generation,Solar,2026-07-19T12:33:22Z
2026-07-19T12:32:12Z,2026-07-19T14:32:12+0200,f397dbef-7cdb-41f6-bba7-8b8b09f52e7d,2026-06-30T13:15:00Z,2026-06-30T15:15:00+0200,17254.89258,MW,FR,FR,forecast_solar_generation,Solar,2026-07-19T12:33:22Z
2026-07-19T12:32:12Z,2026-07-19T14:32:12+0200,f397dbef-7cdb-41f6-bba7-8b8b09f52e7d,2026-06-30T13:30:00Z,2026-06-30T15:30:00+0200,16931.99609,MW,FR,FR,forecast_solar_generation,Solar,2026-07-19T12:33:22Z
2026-07-19T12:32:12Z,2026-07-19T14:32:12+0200,f397dbef-7cdb-41f6-bba7-8b8b09f52e7d,2026-06-30T13:45:00Z,2026-06-30T15:45:00+0200,16509.29492,MW,FR,FR,forecast_solar_generation,Solar,2026-07-19T12:33:22Z
2026-07-19T12:32:12Z,2026-07-19T14:32:12+0200,f397dbef-7cdb-41f6-bba7-8b8b09f52e7d,2026-06-30T14:00:00Z,2026-06-30T16:00:00+0200,16091.89941,MW,FR,FR,forecast_solar_generation,Solar,2026-07-19T12:33:22Z
2026-07-19T12:32:12Z,2026-07-19T14:32:12+0200,f397dbef-7cdb-41f6-bba7-8b8b09f52e7d,2026-06-30T14:15:00Z,2026-06-30T16:15:00+0200,15661.38184,MW,FR,FR,forecast_solar_generation,Solar,2026-07-19T12:33:22Z
2026-07-19T12:32:12Z,2026-07-19T14:32:12+0200,f397dbef-7cdb-41f6-bba7-8b8b09f52e7d,2026-06-30T14:30:00Z,2026-06-30T16:30:00+0200,15172.15332,MW,FR,FR,forecast_solar_generation,Solar,2026-07-19T12:33:22Z
2026-07-19T12:32:12Z,2026-07-19T14:32:12+0200,f397dbef-7cdb-41f6-bba7-8b8b09f52e7d,2026-06-30T14:45:00Z,2026-06-30T16:45:00+0200,14537.56641,MW,FR,FR,forecast_solar_generation,Solar,2026-07-19T12:33:22Z
2026-07-19T12:32:12Z,2026-07-19T14:32:12+0200,f397dbef-7cdb-41f6-bba7-8b8b09f52e7d,2026-06-30T15:00:00Z,2026-06-30T17:00:00+0200,13900.57812,MW,FR,FR,forecast_solar_generation,Solar,2026-07-19T12:33:22Z
2026-07-19T12:32:12Z,2026-07-19T14:32:12+0200,f397dbef-7cdb-41f6-bba7-8b8b09f52e7d,2026-06-30T15:15:00Z,2026-06-30T17:15:00+0200,13222.68457,MW,FR,FR,forecast_solar_generation,Solar,2026-07-19T12:33:22Z
2026-07-19T12:32:12Z,2026-07-19T14:32:12+0200,f397dbef-7cdb-41f6-bba7-8b8b09f52e7d,2026-06-30T15:30:00Z,2026-06-30T17:30:00+0200,12497.37598,MW,FR,FR,forecast_solar_generation,Solar,2026-07-19T12:33:22Z
2026-07-19T12:32:12Z,2026-07-19T14:32:12+0200,f397dbef-7cdb-41f6-bba7-8b8b09f52e7d,2026-06-30T15:45:00Z,2026-06-30T17:45:00+0200,11769.06543,MW,FR,FR,forecast_solar_generation,Solar,2026-07-19T12:33:22Z
2026-07-19T12:32:12Z,2026-07-19T14:32:12+0200,f397dbef-7cdb-41f6-bba7-8b8b09f52e7d,2026-06-30T16:00:00Z,2026-06-30T18:00:00+0200,10953.80957,MW,FR,FR,forecast_solar_generation,Solar,2026-07-19T12:33:22Z
2026-07-19T12:32:12Z,2026-07-19T14:32:12+0200,f397dbef-7cdb-41f6-bba7-8b8b09f52e7d,2026-06-30T16:15:00Z,2026-06-30T18:15:00+0200,10086.92773,MW,FR,FR,forecast_solar_generation,Solar,2026-07-19T12:33:22Z
2026-07-19T12:32:12Z,2026-07-19T14:32:12+0200,f397dbef-7cdb-41f6-bba7-8b8b09f52e7d,2026-06-30T16:30:00Z,2026-06-30T18:30:00+0200,9222.43066,MW,FR,FR,forecast_solar_generation,Solar,2026-07-19T12:33:22Z
2026-07-19T12:32:12Z,2026-07-19T14:32:12+0200,f397dbef-7cdb-41f6-bba7-8b8b09f52e7d,2026-06-30T16:45:00Z,2026-06-30T18:45:00+0200,8306.65625,MW,FR,FR,forecast_solar_generation,Solar,2026-07-19T12:33:22Z
2026-07-19T12:32:12Z,2026-07-19T14:32:12+0200,f397dbef-7cdb-41f6-bba7-8b8b09f52e7d,2026-06-30T17:00:00Z,2026-06-30T19:00:00+0200,7279.50146,MW,FR,FR,forecast_solar_generation,Solar,2026-07-19T12:33:22Z
2026-07-19T12:32:12Z,2026-07-19T14:32:12+0200,f397dbef-7cdb-41f6-bba7-8b8b09f52e7d,2026-06-30T17:15:00Z,2026-06-30T19:15:00+0200,6364.59277,MW,FR,FR,forecast_solar_generation,Solar,2026-07-19T12:33:22Z
2026-07-19T12:32:12Z,2026-07-19T14:32:12+0200,f397dbef-7cdb-41f6-bba7-8b8b09f52e7d,2026-06-30T17:30:00Z,2026-06-30T19:30:00+0200,5289.91455,MW,FR,FR,forecast_solar_generation,Solar,2026-07-19T12:33:22Z
2026-07-19T12:32:12Z,2026-07-19T14:32:12+0200,f397dbef-7cdb-41f6-bba7-8b8b09f52e7d,2026-06-30T17:45:00Z,2026-06-30T19:45:00+0200,4454.24707,MW,FR,FR,forecast_solar_generation,Solar,2026-07-19T12:33:22Z
2026-07-19T12:32:12Z,2026-07-19T14:32:12+0200,f397dbef-7cdb-41f6-bba7-8b8b09f52e7d,2026-06-30T18:00:00Z,2026-06-30T20:00:00+0200,3515.70337,MW,FR,FR,forecast_solar_generation,Solar,2026-07-19T12:33:22Z
2026-07-19T12:32:12Z,2026-07-19T14:32:12+0200,f397dbef-7cdb-41f6-bba7-8b8b09f52e7d,2026-06-30T18:15:00Z,2026-06-30T20:15:00+0200,2698.68945,MW,FR,FR,forecast_solar_generation,Solar,2026-07-19T12:33:22Z
2026-07-19T12:32:12Z,2026-07-19T14:32:12+0200,f397dbef-7cdb-41f6-bba7-8b8b09f52e7d,2026-06-30T18:30:00Z,2026-06-30T20:30:00+0200,1994.94226,MW,FR,FR,forecast_solar_generation,Solar,2026-07-19T12:33:22Z
2026-07-19T12:32:12Z,2026-07-19T14:32:12+0200,f397dbef-7cdb-41f6-bba7-8b8b09f52e7d,2026-06-30T18:45:00Z,2026-06-30T20:45:00+0200,1466.71948,MW,FR,FR,forecast_solar_generation,Solar,2026-07-19T12:33:22Z
2026-07-19T12:32:12Z,2026-07-19T14:32:12+0200,f397dbef-7cdb-41f6-bba7-8b8b09f52e7d,2026-06-30T19:00:00Z,2026-06-30T21:00:00+0200,986.69775,MW,FR,FR,forecast_solar_generation,Solar,2026-07-19T12:33:22Z
2026-07-19T12:32:12Z,2026-07-19T14:32:12+0200,f397dbef-7cdb-41f6-bba7-8b8b09f52e7d,2026-06-30T19:15:00Z,2026-06-30T21:15:00+0200,590.79156,MW,FR,FR,forecast_solar_generation,Solar,2026-07-19T12:33:22Z
2026-07-19T12:32:12Z,2026-07-19T14:32:12+0200,f397dbef-7cdb-41f6-bba7-8b8b09f52e7d,2026-06-30T19:30:00Z,2026-06-30T21:30:00+0200,243.46255,MW,FR,FR,forecast_solar_generation,Solar,2026-07-19T12:33:22Z
2026-07-19T12:32:12Z,2026-07-19T14:32:12+0200,f397dbef-7cdb-41f6-bba7-8b8b09f52e7d,2026-06-30T19:45:00Z,2026-06-30T21:45:00+0200,89.32732,MW,FR,FR,forecast_solar_generation,Solar,2026-07-19T12:33:22Z
2026-07-19T12:32:12Z,2026-07-19T14:32:12+0200,f397dbef-7cdb-41f6-bba7-8b8b09f52e7d,2026-06-30T20:00:00Z,2026-06-30T22:00:00+0200,12.30273,MW,FR,FR,forecast_solar_generation,Solar,2026-07-19T12:33:22Z
2026-07-19T12:32:12Z,2026-07-19T14:32:12+0200,f397dbef-7cdb-41f6-bba7-8b8b09f52e7d,2026-06-30T20:15:00Z,2026-06-30T22:15:00+0200,0.0,MW,FR,FR,forecast_solar_generation,Solar,2026-07-19T12:33:22Z
2026-07-19T12:32:12Z,2026-07-19T14:32:12+0200,f397dbef-7cdb-41f6-bba7-8b8b09f52e7d,2026-06-30T20:30:00Z,2026-06-30T22:30:00+0200,0.0,MW,FR,FR,forecast_solar_generation,Solar,2026-07-19T12:33:22Z
2026-07-19T12:32:12Z,2026-07-19T14:32:12+0200,f397dbef-7cdb-41f6-bba7-8b8b09f52e7d,2026-06-30T20:45:00Z,2026-06-30T22:45:00+0200,0.0,MW,FR,FR,forecast_solar_generation,Solar,2026-07-19T12:33:22Z
2026-07-19T12:32:12Z,2026-07-19T14:32:12+0200,f397dbef-7cdb-41f6-bba7-8b8b09f52e7d,2026-06-30T21:00:00Z,2026-06-30T23:00:00+0200,0.0,MW,FR,FR,forecast_solar_generation,Solar,2026-07-19T12:33:22Z
2026-07-19T12:32:12Z,2026-07-19T14:32:12+0200,f397dbef-7cdb-41f6-bba7-8b8b09f52e7d,2026-06-30T21:15:00Z,2026-06-30T23:15:00+0200,0.0,MW,FR,FR,forecast_solar_generation,Solar,2026-07-19T12:33:22Z
2026-07-19T12:32:12Z,2026-07-19T14:32:12+0200,f397dbef-7cdb-41f6-bba7-8b8b09f52e7d,2026-06-30T21:30:00Z,2026-06-30T23:30:00+0200,0.0,MW,FR,FR,forecast_solar_generation,Solar,2026-07-19T12:33:22Z
2026-07-19T12:32:12Z,2026-07-19T14:32:12+0200,f397dbef-7cdb-41f6-bba7-8b8b09f52e7d,2026-06-30T21:45:00Z,2026-06-30T23:45:00+0200,0.0,MW,FR,FR,forecast_solar_generation,Solar,2026-07-19T12:33:22Z
2026-07-19T12:32:12Z,2026-07-19T14:32:12+0200,f397dbef-7cdb-41f6-bba7-8b8b09f52e7d,2026-06-30T22:00:00Z,2026-07-01T00:00:00+0200,0.0,MW,FR,FR,forecast_solar_generation,Solar,2026-07-19T12:33:22Z
2026-07-19T12:32:12Z,2026-07-19T14:32:12+0200,f397dbef-7cdb-41f6-bba7-8b8b09f52e7d,2026-06-30T22:15:00Z,2026-07-01T00:15:00+0200,0.0,MW,FR,FR,forecast_solar_generation,Solar,2026-07-19T12:33:22Z
2026-07-19T12:32:12Z,2026-07-19T14:32:12+0200,f397dbef-7cdb-41f6-bba7-8b8b09f52e7d,2026-06-30T22:30:00Z,2026-07-01T00:30:00+0200,0.0,MW,FR,FR,forecast_solar_generation,Solar,2026-07-19T12:33:22Z
2026-07-19T12:32:12Z,2026-07-19T14:32:12+0200,f397dbef-7cdb-41f6-bba7-8b8b09f52e7d,2026-06-30T22:45:00Z,2026-07-01T00:45:00+0200,0.0,MW,FR,FR,forecast_solar_generation,Solar,2026-07-19T12:33:22Z
2026-07-19T12:32:12Z,2026-07-19T14:32:12+0200,f397dbef-7cdb-41f6-bba7-8b8b09f52e7d,2026-06-30T23:00:00Z,2026-07-01T01:00:00+0200,0.0,MW,FR,FR,forecast_solar_generation,Solar,2026-07-19T12:33:22Z
2026-07-19T12:32:12Z,2026-07-19T14:32:12+0200,f397dbef-7cdb-41f6-bba7-8b8b09f52e7d,2026-06-30T23:15:00Z,2026-07-01T01:15:00+0200,0.0,MW,FR,FR,forecast_solar_generation,Solar,2026-07-19T12:33:22Z
2026-07-19T12:32:12Z,2026-07-19T14:32:12+0200,f397dbef-7cdb-41f6-bba7-8b8b09f52e7d,2026-06-30T23:30:00Z,2026-07-01T01:30:00+0200,0.0,MW,FR,FR,forecast_solar_generation,Solar,2026-07-19T12:33:22Z
2026-07-19T12:32:12Z,2026-07-19T14:32:12+0200,f397dbef-7cdb-41f6-bba7-8b8b09f52e7d,2026-06-30T23:45:00Z,2026-07-01T01:45:00+0200,0.0,MW,FR,FR,forecast_solar_generation,Solar,2026-07-19T12:33:22Z
2026-07-19T12:32:12Z,2026-07-19T14:32:12+0200,f397dbef-7cdb-41f6-bba7-8b8b09f52e7d,2026-07-01T00:00:00Z,2026-07-01T02:00:00+0200,0.0,MW,FR,FR,forecast_solar_generation,Solar,2026-07-19T12:33:22Z
2026-07-19T12:32:12Z,2026-07-19T14:32:12+0200,f397dbef-7cdb-41f6-bba7-8b8b09f52e7d,2026-07-01T00:15:00Z,2026-07-01T02:15:00+0200,0.0,MW,FR,FR,forecast_solar_generation,Solar,2026-07-19T12:33:22Z
2026-07-19T12:32:12Z,2026-07-19T14:32:12+0200,f397dbef-7cdb-41f6-bba7-8b8b09f52e7d,2026-07-01T00:30:00Z,2026-07-01T02:30:00+0200,0.0,MW,FR,FR,forecast_solar_generation,Solar,2026-07-19T12:33:22Z
2026-07-19T12:32:12Z,2026-07-19T14:32:12+0200,f397dbef-7cdb-41f6-bba7-8b8b09f52e7d,2026-07-01T00:45:00Z,2026-07-01T02:45:00+0200,0.0,MW,FR,FR,forecast_solar_generation,Solar,2026-07-19T12:33:22Z
2026-07-19T12:32:12Z,2026-07-19T14:32:12+0200,f397dbef-7cdb-41f6-bba7-8b8b09f52e7d,2026-07-01T01:00:00Z,2026-07-01T03:00:00+0200,0.0,MW,FR,FR,forecast_solar_generation,Solar,2026-07-19T12:33:22Z
2026-07-19T12:32:12Z,2026-07-19T14:32:12+0200,f397dbef-7cdb-41f6-bba7-8b8b09f52e7d,2026-07-01T01:15:00Z,2026-07-01T03:15:00+0200,0.0,MW,FR,FR,forecast_solar_generation,Solar,2026-07-19T12:33:22Z
2026-07-19T12:32:12Z,2026-07-19T14:32:12+0200,f397dbef-7cdb-41f6-bba7-8b8b09f52e7d,2026-07-01T01:30:00Z,2026-07-01T03:30:00+0200,0.0,MW,FR,FR,forecast_solar_generation,Solar,2026-07-19T12:33:22Z
2026-07-19T12:32:12Z,2026-07-19T14:32:12+0200,f397dbef-7cdb-41f6-bba7-8b8b09f52e7d,2026-07-01T01:45:00Z,2026-07-01T03:45:00+0200,0.0,MW,FR,FR,forecast_solar_generation,Solar,2026-07-19T12:33:22Z
2026-07-19T12:32:12Z,2026-07-19T14:32:12+0200,f397dbef-7cdb-41f6-bba7-8b8b09f52e7d,2026-07-01T02:00:00Z,2026-07-01T04:00:00+0200,0.0,MW,FR,FR,forecast_solar_generation,Solar,2026-07-19T12:33:22Z
2026-07-19T12:32:12Z,2026-07-19T14:32:12+0200,f397dbef-7cdb-41f6-bba7-8b8b09f52e7d,2026-07-01T02:15:00Z,2026-07-01T04:15:00+0200,0.0,MW,FR,FR,forecast_solar_generation,Solar,2026-07-19T12:33:22Z
2026-07-19T12:32:12Z,2026-07-19T14:32:12+0200,f397dbef-7cdb-41f6-bba7-8b8b09f52e7d,2026-07-01T02:30:00Z,2026-07-01T04:30:00+0200,0.0,MW,FR,FR,forecast_solar_generation,Solar,2026-07-19T12:33:22Z
2026-07-19T12:32:12Z,2026-07-19T14:32:12+0200,f397dbef-7cdb-41f6-bba7-8b8b09f52e7d,2026-07-01T02:45:00Z,2026-07-01T04:45:00+0200,0.0,MW,FR,FR,forecast_solar_generation,Solar,2026-07-19T12:33:22Z
2026-07-19T12:32:12Z,2026-07-19T14:32:12+0200,f397dbef-7cdb-41f6-bba7-8b8b09f52e7d,2026-07-01T03:00:00Z,2026-07-01T05:00:00+0200,0.0,MW,FR,FR,forecast_solar_generation,Solar,2026-07-19T12:33:22Z
2026-07-19T12:32:12Z,2026-07-19T14:32:12+0200,f397dbef-7cdb-41f6-bba7-8b8b09f52e7d,2026-07-01T03:15:00Z,2026-07-01T05:15:00+0200,0.0,MW,FR,FR,forecast_solar_generation,Solar,2026-07-19T12:33:22Z
2026-07-19T12:32:12Z,2026-07-19T14:32:12+0200,f397dbef-7cdb-41f6-bba7-8b8b09f52e7d,2026-07-01T03:30:00Z,2026-07-01T05:30:00+0200,0.08428,MW,FR,FR,forecast_solar_generation,Solar,2026-07-19T12:33:22Z
2026-07-19T12:32:12Z,2026-07-19T14:32:12+0200,f397dbef-7cdb-41f6-bba7-8b8b09f52e7d,2026-07-01T03:45:00Z,2026-07-01T05:45:00+0200,15.73785,MW,FR,FR,forecast_solar_generation,Solar,2026-07-19T12:33:22Z
2026-07-19T12:32:12Z,2026-07-19T14:32:12+0200,f397dbef-7cdb-41f6-bba7-8b8b09f52e7d,2026-07-01T04:00:00Z,2026-07-01T06:00:00+0200,53.32134,MW,FR,FR,forecast_solar_generation,Solar,2026-07-19T12:33:22Z
2026-07-19T12:32:12Z,2026-07-19T14:32:12+0200,f397dbef-7cdb-41f6-bba7-8b8b09f52e7d,2026-07-01T04:15:00Z,2026-07-01T06:15:00+0200,140.02664,MW,FR,FR,forecast_solar_generation,Solar,2026-07-19T12:33:22Z
2026-07-19T12:32:12Z,2026-07-19T14:32:12+0200,f397dbef-7cdb-41f6-bba7-8b8b09f52e7d,2026-07-01T04:30:00Z,2026-07-01T06:30:00+0200,240.37291,MW,FR,FR,forecast_solar_generation,Solar,2026-07-19T12:33:22Z
2026-07-19T12:32:12Z,2026-07-19T14:32:12+0200,f397dbef-7cdb-41f6-bba7-8b8b09f52e7d,2026-07-01T04:45:00Z,2026-07-01T06:45:00+0200,525.13934,MW,FR,FR,forecast_solar_generation,Solar,2026-07-19T12:33:22Z
2026-07-19T12:32:12Z,2026-07-19T14:32:12+0200,f397dbef-7cdb-41f6-bba7-8b8b09f52e7d,2026-07-01T05:00:00Z,2026-07-01T07:00:00+0200,895.81915,MW,FR,FR,forecast_solar_generation,Solar,2026-07-19T12:33:22Z
2026-07-19T12:32:12Z,2026-07-19T14:32:12+0200,f397dbef-7cdb-41f6-bba7-8b8b09f52e7d,2026-07-01T05:15:00Z,2026-07-01T07:15:00+0200,1352.15808,MW,FR,FR,forecast_solar_generation,Solar,2026-07-19T12:33:22Z
2026-07-19T12:32:12Z,2026-07-19T14:32:12+0200,f397dbef-7cdb-41f6-bba7-8b8b09f52e7d,2026-07-01T05:30:00Z,2026-07-01T07:30:00+0200,1855.25867,MW,FR,FR,forecast_solar_generation,Solar,2026-07-19T12:33:22Z
2026-07-19T12:32:12Z,2026-07-19T14:32:12+0200,f397dbef-7cdb-41f6-bba7-8b8b09f52e7d,2026-07-01T05:45:00Z,2026-07-01T07:45:00+0200,2611.84375,MW,FR,FR,forecast_solar_generation,Solar,2026-07-19T12:33:22Z
2026-07-19T12:32:12Z,2026-07-19T14:32:12+0200,f397dbef-7cdb-41f6-bba7-8b8b09f52e7d,2026-07-01T06:00:00Z,2026-07-01T08:00:00+0200,3352.948,MW,FR,FR,forecast_solar_generation,Solar,2026-07-19T12:33:22Z
2026-07-19T12:32:12Z,2026-07-19T14:32:12+0200,f397dbef-7cdb-41f6-bba7-8b8b09f52e7d,2026-07-01T06:15:00Z,2026-07-01T08:15:00+0200,4279.17725,MW,FR,FR,forecast_solar_generation,Solar,2026-07-19T12:33:22Z
2026-07-19T12:32:12Z,2026-07-19T14:32:12+0200,f397dbef-7cdb-41f6-bba7-8b8b09f52e7d,2026-07-01T06:30:00Z,2026-07-01T08:30:00+0200,5182.78906,MW,FR,FR,forecast_solar_generation,Solar,2026-07-19T12:33:22Z
2026-07-19T12:32:12Z,2026-07-19T14:32:12+0200,f397dbef-7cdb-41f6-bba7-8b8b09f52e7d,2026-07-01T06:45:00Z,2026-07-01T08:45:00+0200,6233.57861,MW,FR,FR,forecast_solar_generation,Solar,2026-07-19T12:33:22Z
2026-07-19T12:32:12Z,2026-07-19T14:32:12+0200,f397dbef-7cdb-41f6-bba7-8b8b09f52e7d,2026-07-01T07:00:00Z,2026-07-01T09:00:00+0200,7247.27539,MW,FR,FR,forecast_solar_generation,Solar,2026-07-19T12:33:22Z
2026-07-19T12:32:12Z,2026-07-19T14:32:12+0200,f397dbef-7cdb-41f6-bba7-8b8b09f52e7d,2026-07-01T07:15:00Z,2026-07-01T09:15:00+0200,8291.73633,MW,FR,FR,forecast_solar_generation,Solar,2026-07-19T12:33:22Z
2026-07-19T12:32:12Z,2026-07-19T14:32:12+0200,f397dbef-7cdb-41f6-bba7-8b8b09f52e7d,2026-07-01T07:30:00Z,2026-07-01T09:30:00+0200,9265.33398,MW,FR,FR,forecast_solar_generation,Solar,2026-07-19T12:33:22Z
2026-07-19T12:32:12Z,2026-07-19T14:32:12+0200,f397dbef-7cdb-41f6-bba7-8b8b09f52e7d,2026-07-01T07:45:00Z,2026-07-01T09:45:00+0200,10123.4707,MW,FR,FR,forecast_solar_generation,Solar,2026-07-19T12:33:22Z
2026-07-19T12:32:12Z,2026-07-19T14:32:12+0200,f397dbef-7cdb-41f6-bba7-8b8b09f52e7d,2026-07-01T08:00:00Z,2026-07-01T10:00:00+0200,11015.12695,MW,FR,FR,forecast_solar_generation,Solar,2026-07-19T12:33:22Z
2026-07-19T12:32:12Z,2026-07-19T14:32:12+0200,f397dbef-7cdb-41f6-bba7-8b8b09f52e7d,2026-07-01T08:15:00Z,2026-07-01T10:15:00+0200,11908.24414,MW,FR,FR,forecast_solar_generation,Solar,2026-07-19T12:33:22Z
2026-07-19T12:32:12Z,2026-07-19T14:32:12+0200,f397dbef-7cdb-41f6-bba7-8b8b09f52e7d,2026-07-01T08:30:00Z,2026-07-01T10:30:00+0200,12658.71094,MW,FR,FR,forecast_solar_generation,Solar,2026-07-19T12:33:22Z
2026-07-19T12:32:12Z,2026-07-19T14:32:12+0200,f397dbef-7cdb-41f6-bba7-8b8b09f52e7d,2026-07-01T08:45:00Z,2026-07-01T10:45:00+0200,13214.25488,MW,FR,FR,forecast_solar_generation,Solar,2026-07-19T12:33:22Z
2026-07-19T12:32:12Z,2026-07-19T14:32:12+0200,f397dbef-7cdb-41f6-bba7-8b8b09f52e7d,2026-07-01T09:00:00Z,2026-07-01T11:00:00+0200,13768.51074,MW,FR,FR,forecast_solar_generation,Solar,2026-07-19T12:33:22Z
2026-07-19T12:32:12Z,2026-07-19T14:32:12+0200,f397dbef-7cdb-41f6-bba7-8b8b09f52e7d,2026-07-01T09:15:00Z,2026-07-01T11:15:00+0200,14331.88574,MW,FR,FR,forecast_solar_generation,Solar,2026-07-19T12:33:22Z
2026-07-19T12:32:12Z,2026-07-19T14:32:12+0200,f397dbef-7cdb-41f6-bba7-8b8b09f52e7d,2026-07-01T09:30:00Z,2026-07-01T11:30:00+0200,14834.80469,MW,FR,FR,forecast_solar_generation,Solar,2026-07-19T12:33:22Z
2026-07-19T12:32:12Z,2026-07-19T14:32:12+0200,f397dbef-7cdb-41f6-bba7-8b8b09f52e7d,2026-07-01T09:45:00Z,2026-07-01T11:45:00+0200,15223.33887,MW,FR,FR,forecast_solar_generation,Solar,2026-07-19T12:33:22Z
2026-07-19T12:32:12Z,2026-07-19T14:32:12+0200,f397dbef-7cdb-41f6-bba7-8b8b09f52e7d,2026-07-01T10:00:00Z,2026-07-01T12:00:00+0200,15655.27637,MW,FR,FR,forecast_solar_generation,Solar,2026-07-19T12:33:22Z
2026-07-19T12:32:12Z,2026-07-19T14:32:12+0200,f397dbef-7cdb-41f6-bba7-8b8b09f52e7d,2026-07-01T10:15:00Z,2026-07-01T12:15:00+0200,15945.74902,MW,FR,FR,forecast_solar_generation,Solar,2026-07-19T12:33:22Z
2026-07-19T12:32:12Z,2026-07-19T14:32:12+0200,f397dbef-7cdb-41f6-bba7-8b8b09f52e7d,2026-07-01T10:30:00Z,2026-07-01T12:30:00+0200,16254.40332,MW,FR,FR,forecast_solar_generation,Solar,2026-07-19T12:33:22Z
2026-07-19T12:32:12Z,2026-07-19T14:32:12+0200,f397dbef-7cdb-41f6-bba7-8b8b09f52e7d,2026-07-01T10:45:00Z,2026-07-01T12:45:00+0200,16563.23438,MW,FR,FR,forecast_solar_generation,Solar,2026-07-19T12:33:22Z
2026-07-19T12:32:12Z,2026-07-19T14:32:12+0200,f397dbef-7cdb-41f6-bba7-8b8b09f52e7d,2026-07-01T11:00:00Z,2026-07-01T13:00:00+0200,16929.3457,MW,FR,FR,forecast_solar_generation,Solar,2026-07-19T12:33:22Z
2026-07-19T12:32:12Z,2026-07-19T14:32:12+0200,f397dbef-7cdb-41f6-bba7-8b8b09f52e7d,2026-07-01T11:15:00Z,2026-07-01T13:15:00+0200,17174.25781,MW,FR,FR,forecast_solar_generation,Solar,2026-07-19T12:33:22Z
2026-07-19T12:32:12Z,2026-07-19T14:32:12+0200,f397dbef-7cdb-41f6-bba7-8b8b09f52e7d,2026-07-01T11:30:00Z,2026-07-01T13:30:00+0200,17416.07031,MW,FR,FR,forecast_solar_generation,Solar,2026-07-19T12:33:22Z
2026-07-19T12:32:12Z,2026-07-19T14:32:12+0200,f397dbef-7cdb-41f6-bba7-8b8b09f52e7d,2026-07-01T11:45:00Z,2026-07-01T13:45:00+0200,17446.8418,MW,FR,FR,forecast_solar_generation,Solar,2026-07-19T12:33:22Z
2026-07-19T12:32:12Z,2026-07-19T14:32:12+0200,f397dbef-7cdb-41f6-bba7-8b8b09f52e7d,2026-07-01T12:00:00Z,2026-07-01T14:00:00+0200,17492.66406,MW,FR,FR,forecast_solar_generation,Solar,2026-07-19T12:33:22Z
2026-07-19T12:32:12Z,2026-07-19T14:32:12+0200,f397dbef-7cdb-41f6-bba7-8b8b09f52e7d,2026-07-01T12:15:00Z,2026-07-01T14:15:00+0200,17485.67578,MW,FR,FR,forecast_solar_generation,Solar,2026-07-19T12:33:22Z
2026-07-19T12:32:12Z,2026-07-19T14:32:12+0200,f397dbef-7cdb-41f6-bba7-8b8b09f52e7d,2026-07-01T12:30:00Z,2026-07-01T14:30:00+0200,17497.58203,MW,FR,FR,forecast_solar_generation,Solar,2026-07-19T12:33:22Z
2026-07-19T12:32:12Z,2026-07-19T14:32:12+0200,f397dbef-7cdb-41f6-bba7-8b8b09f52e7d,2026-07-01T12:45:00Z,2026-07-01T14:45:00+0200,17355.17969,MW,FR,FR,forecast_solar_generation,Solar,2026-07-19T12:33:22Z
2026-07-19T12:32:12Z,2026-07-19T14:32:12+0200,f397dbef-7cdb-41f6-bba7-8b8b09f52e7d,2026-07-01T13:00:00Z,2026-07-01T15:00:00+0200,17146.48438,MW,FR,FR,forecast_solar_generation,Solar,2026-07-19T12:33:22Z
2026-07-19T12:32:12Z,2026-07-19T14:32:12+0200,f397dbef-7cdb-41f6-bba7-8b8b09f52e7d,2026-07-01T13:15:00Z,2026-07-01T15:15:00+0200,16828.75977,MW,FR,FR,forecast_solar_generation,Solar,2026-07-19T12:33:22Z
2026-07-19T12:32:12Z,2026-07-19T14:32:12+0200,f397dbef-7cdb-41f6-bba7-8b8b09f52e7d,2026-07-01T13:30:00Z,2026-07-01T15:30:00+0200,16531.84766,MW,FR,FR,forecast_solar_generation,Solar,2026-07-19T12:33:22Z
2026-07-19T12:32:12Z,2026-07-19T14:32:12+0200,f397dbef-7cdb-41f6-bba7-8b8b09f52e7d,2026-07-01T13:45:00Z,2026-07-01T15:45:00+0200,16121.67383,MW,FR,FR,forecast_solar_generation,Solar,2026-07-19T12:33:22Z
2026-07-19T12:32:12Z,2026-07-19T14:32:12+0200,f397dbef-7cdb-41f6-bba7-8b8b09f52e7d,2026-07-01T14:00:00Z,2026-07-01T16:00:00+0200,15751.36914,MW,FR,FR,forecast_solar_generation,Solar,2026-07-19T12:33:22Z
2026-07-19T12:32:12Z,2026-07-19T14:32:12+0200,f397dbef-7cdb-41f6-bba7-8b8b09f52e7d,2026-07-01T14:15:00Z,2026-07-01T16:15:00+0200,15361.08301,MW,FR,FR,forecast_solar_generation,Solar,2026-07-19T12:33:22Z
2026-07-19T12:32:12Z,2026-07-19T14:32:12+0200,f397dbef-7cdb-41f6-bba7-8b8b09f52e7d,2026-07-01T14:30:00Z,2026-07-01T16:30:00+0200,14874.52832,MW,FR,FR,forecast_solar_generation,Solar,2026-07-19T12:33:22Z
2026-07-19T12:32:12Z,2026-07-19T14:32:12+0200,f397dbef-7cdb-41f6-bba7-8b8b09f52e7d,2026-07-01T14:45:00Z,2026-07-01T16:45:00+0200,14318.90137,MW,FR,FR,forecast_solar_generation,Solar,2026-07-19T12:33:22Z
2026-07-19T12:32:12Z,2026-07-19T14:32:12+0200,f397dbef-7cdb-41f6-bba7-8b8b09f52e7d,2026-07-01T15:00:00Z,2026-07-01T17:00:00+0200,13720.80859,MW,FR,FR,forecast_solar_generation,Solar,2026-07-19T12:33:22Z
2026-07-19T12:32:12Z,2026-07-19T14:32:12+0200,f397dbef-7cdb-41f6-bba7-8b8b09f52e7d,2026-07-01T15:15:00Z,2026-07-01T17:15:00+0200,13019.30859,MW,FR,FR,forecast_solar_generation,Solar,2026-07-19T12:33:22Z
2026-07-19T12:32:12Z,2026-07-19T14:32:12+0200,f397dbef-7cdb-41f6-bba7-8b8b09f52e7d,2026-07-01T15:30:00Z,2026-07-01T17:30:00+0200,12317.67188,MW,FR,FR,forecast_solar_generation,Solar,2026-07-19T12:33:22Z
2026-07-19T12:32:12Z,2026-07-19T14:32:12+0200,f397dbef-7cdb-41f6-bba7-8b8b09f52e7d,2026-07-01T15:45:00Z,2026-07-01T17:45:00+0200,11611.61719,MW,FR,FR,forecast_solar_generation,Solar,2026-07-19T12:33:22Z
2026-07-19T12:32:12Z,2026-07-19T14:32:12+0200,f397dbef-7cdb-41f6-bba7-8b8b09f52e7d,2026-07-01T16:00:00Z,2026-07-01T18:00:00+0200,10797.82031,MW,FR,FR,forecast_solar_generation,Solar,2026-07-19T12:33:22Z
2026-07-19T12:32:12Z,2026-07-19T14:32:12+0200,f397dbef-7cdb-41f6-bba7-8b8b09f52e7d,2026-07-01T16:15:00Z,2026-07-01T18:15:00+0200,9913.5293,MW,FR,FR,forecast_solar_generation,Solar,2026-07-19T12:33:22Z
2026-07-19T12:32:12Z,2026-07-19T14:32:12+0200,f397dbef-7cdb-41f6-bba7-8b8b09f52e7d,2026-07-01T16:30:00Z,2026-07-01T18:30:00+0200,9037.12891,MW,FR,FR,forecast_solar_generation,Solar,2026-07-19T12:33:22Z
2026-07-19T12:32:12Z,2026-07-19T14:32:12+0200,f397dbef-7cdb-41f6-bba7-8b8b09f52e7d,2026-07-01T16:45:00Z,2026-07-01T18:45:00+0200,8169.37695,MW,FR,FR,forecast_solar_generation,Solar,2026-07-19T12:33:22Z
2026-07-19T12:32:12Z,2026-07-19T14:32:12+0200,f397dbef-7cdb-41f6-bba7-8b8b09f52e7d,2026-07-01T17:00:00Z,2026-07-01T19:00:00+0200,7139.39404,MW,FR,FR,forecast_solar_generation,Solar,2026-07-19T12:33:22Z
2026-07-19T12:32:12Z,2026-07-19T14:32:12+0200,f397dbef-7cdb-41f6-bba7-8b8b09f52e7d,2026-07-01T17:15:00Z,2026-07-01T19:15:00+0200,6253.34375,MW,FR,FR,forecast_solar_generation,Solar,2026-07-19T12:33:22Z
2026-07-19T12:32:12Z,2026-07-19T14:32:12+0200,f397dbef-7cdb-41f6-bba7-8b8b09f52e7d,2026-07-01T17:30:00Z,2026-07-01T19:30:00+0200,5191.16602,MW,FR,FR,forecast_solar_generation,Solar,2026-07-19T12:33:22Z
2026-07-19T12:32:12Z,2026-07-19T14:32:12+0200,f397dbef-7cdb-41f6-bba7-8b8b09f52e7d,2026-07-01T17:45:00Z,2026-07-01T19:45:00+0200,4355.33154,MW,FR,FR,forecast_solar_generation,Solar,2026-07-19T12:33:22Z
2026-07-19T12:32:12Z,2026-07-19T14:32:12+0200,f397dbef-7cdb-41f6-bba7-8b8b09f52e7d,2026-07-01T18:00:00Z,2026-07-01T20:00:00+0200,3441.95459,MW,FR,FR,forecast_solar_generation,Solar,2026-07-19T12:33:22Z
2026-07-19T12:32:12Z,2026-07-19T14:32:12+0200,f397dbef-7cdb-41f6-bba7-8b8b09f52e7d,2026-07-01T18:15:00Z,2026-07-01T20:15:00+0200,2675.29785,MW,FR,FR,forecast_solar_generation,Solar,2026-07-19T12:33:22Z
2026-07-19T12:32:12Z,2026-07-19T14:32:12+0200,f397dbef-7cdb-41f6-bba7-8b8b09f52e7d,2026-07-01T18:30:00Z,2026-07-01T20:30:00+0200,1979.49292,MW,FR,FR,forecast_solar_generation,Solar,2026-07-19T12:33:22Z
2026-07-19T12:32:12Z,2026-07-19T14:32:12+0200,f397dbef-7cdb-41f6-bba7-8b8b09f52e7d,2026-07-01T18:45:00Z,2026-07-01T20:45:00+0200,1467.87268,MW,FR,FR,forecast_solar_generation,Solar,2026-07-19T12:33:22Z
2026-07-19T12:32:12Z,2026-07-19T14:32:12+0200,f397dbef-7cdb-41f6-bba7-8b8b09f52e7d,2026-07-01T19:00:00Z,2026-07-01T21:00:00+0200,995.44336,MW,FR,FR,forecast_solar_generation,Solar,2026-07-19T12:33:22Z
2026-07-19T12:32:12Z,2026-07-19T14:32:12+0200,f397dbef-7cdb-41f6-bba7-8b8b09f52e7d,2026-07-01T19:15:00Z,2026-07-01T21:15:00+0200,587.15442,MW,FR,FR,forecast_solar_generation,Solar,2026-07-19T12:33:22Z
2026-07-19T12:32:12Z,2026-07-19T14:32:12+0200,f397dbef-7cdb-41f6-bba7-8b8b09f52e7d,2026-07-01T19:30:00Z,2026-07-01T21:30:00+0200,232.33315,MW,FR,FR,forecast_solar_generation,Solar,2026-07-19T12:33:22Z
2026-07-19T12:32:12Z,2026-07-19T14:32:12+0200,f397dbef-7cdb-41f6-bba7-8b8b09f52e7d,2026-07-01T19:45:00Z,2026-07-01T21:45:00+0200,85.87844,MW,FR,FR,forecast_solar_generation,Solar,2026-07-19T12:33:22Z
2026-07-19T12:32:12Z,2026-07-19T14:32:12+0200,f397dbef-7cdb-41f6-bba7-8b8b09f52e7d,2026-07-01T20:00:00Z,2026-07-01T22:00:00+0200,13.40572,MW,FR,FR,forecast_solar_generation,Solar,2026-07-19T12:33:22Z
2026-07-19T12:32:12Z,2026-07-19T14:32:12+0200,f397dbef-7cdb-41f6-bba7-8b8b09f52e7d,2026-07-01T20:15:00Z,2026-07-01T22:15:00+0200,0.0,MW,FR,FR,forecast_solar_generation,Solar,2026-07-19T12:33:22Z
2026-07-19T12:32:12Z,2026-07-19T14:32:12+0200,f397dbef-7cdb-41f6-bba7-8b8b09f52e7d,2026-07-01T20:30:00Z,2026-07-01T22:30:00+0200,0.0,MW,FR,FR,forecast_solar_generation,Solar,2026-07-19T12:33:22Z
2026-07-19T12:32:12Z,2026-07-19T14:32:12+0200,f397dbef-7cdb-41f6-bba7-8b8b09f52e7d,2026-07-01T20:45:00Z,2026-07-01T22:45:00+0200,0.0,MW,FR,FR,forecast_solar_generation,Solar,2026-07-19T12:33:22Z
2026-07-19T12:32:12Z,2026-07-19T14:32:12+0200,f397dbef-7cdb-41f6-bba7-8b8b09f52e7d,2026-07-01T21:00:00Z,2026-07-01T23:00:00+0200,0.0,MW,FR,FR,forecast_solar_generation,Solar,2026-07-19T12:33:22Z
2026-07-19T12:32:12Z,2026-07-19T14:32:12+0200,f397dbef-7cdb-41f6-bba7-8b8b09f52e7d,2026-07-01T21:15:00Z,2026-07-01T23:15:00+0200,0.0,MW,FR,FR,forecast_solar_generation,Solar,2026-07-19T12:33:22Z
2026-07-19T12:32:12Z,2026-07-19T14:32:12+0200,f397dbef-7cdb-41f6-bba7-8b8b09f52e7d,2026-07-01T21:30:00Z,2026-07-01T23:30:00+0200,0.0,MW,FR,FR,forecast_solar_generation,Solar,2026-07-19T12:33:22Z
2026-07-19T12:32:12Z,2026-07-19T14:32:12+0200,f397dbef-7cdb-41f6-bba7-8b8b09f52e7d,2026-07-01T21:45:00Z,2026-07-01T23:45:00+0200,0.0,MW,FR,FR,forecast_solar_generation,Solar,2026-07-19T12:33:22Z
2026-07-19T12:32:12Z,2026-07-19T14:32:12+0200,f397dbef-7cdb-41f6-bba7-8b8b09f52e7d,2026-07-01T22:00:00Z,2026-07-02T00:00:00+0200,0.0,MW,FR,FR,forecast_solar_generation,Solar,2026-07-19T12:33:22Z
2026-07-19T12:32:12Z,2026-07-19T14:32:12+0200,f397dbef-7cdb-41f6-bba7-8b8b09f52e7d,2026-07-01T22:15:00Z,2026-07-02T00:15:00+0200,0.0,MW,FR,FR,forecast_solar_generation,Solar,2026-07-19T12:33:22Z
2026-07-19T12:32:12Z,2026-07-19T14:32:12+0200,f397dbef-7cdb-41f6-bba7-8b8b09f52e7d,2026-07-01T22:30:00Z,2026-07-02T00:30:00+0200,0.0,MW,FR,FR,forecast_solar_generation,Solar,2026-07-19T12:33:22Z
2026-07-19T12:32:12Z,2026-07-19T14:32:12+0200,f397dbef-7cdb-41f6-bba7-8b8b09f52e7d,2026-07-01T22:45:00Z,2026-07-02T00:45:00+0200,0.0,MW,FR,FR,forecast_solar_generation,Solar,2026-07-19T12:33:22Z
2026-07-19T12:32:12Z,2026-07-19T14:32:12+0200,f397dbef-7cdb-41f6-bba7-8b8b09f52e7d,2026-07-01T23:00:00Z,2026-07-02T01:00:00+0200,0.0,MW,FR,FR,forecast_solar_generation,Solar,2026-07-19T12:33:22Z
2026-07-19T12:32:12Z,2026-07-19T14:32:12+0200,f397dbef-7cdb-41f6-bba7-8b8b09f52e7d,2026-07-01T23:15:00Z,2026-07-02T01:15:00+0200,0.0,MW,FR,FR,forecast_solar_generation,Solar,2026-07-19T12:33:22Z
2026-07-19T12:32:12Z,2026-07-19T14:32:12+0200,f397dbef-7cdb-41f6-bba7-8b8b09f52e7d,2026-07-01T23:30:00Z,2026-07-02T01:30:00+0200,0.0,MW,FR,FR,forecast_solar_generation,Solar,2026-07-19T12:33:22Z
2026-07-19T12:32:12Z,2026-07-19T14:32:12+0200,f397dbef-7cdb-41f6-bba7-8b8b09f52e7d,2026-07-01T23:45:00Z,2026-07-02T01:45:00+0200,0.0,MW,FR,FR,forecast_solar_generation,Solar,2026-07-19T12:33:22Z
2026-07-19T12:32:12Z,2026-07-19T14:32:12+0200,f397dbef-7cdb-41f6-bba7-8b8b09f52e7d,2026-07-02T00:00:00Z,2026-07-02T02:00:00+0200,0.0,MW,FR,FR,forecast_solar_generation,Solar,2026-07-19T12:33:22Z
2026-07-19T12:32:12Z,2026-07-19T14:32:12+0200,f397dbef-7cdb-41f6-bba7-8b8b09f52e7d,2026-07-02T00:15:00Z,2026-07-02T02:15:00+0200,0.0,MW,FR,FR,forecast_solar_generation,Solar,2026-07-19T12:33:22Z
2026-07-19T12:32:12Z,2026-07-19T14:32:12+0200,f397dbef-7cdb-41f6-bba7-8b8b09f52e7d,2026-07-02T00:30:00Z,2026-07-02T02:30:00+0200,0.0,MW,FR,FR,forecast_solar_generation,Solar,2026-07-19T12:33:22Z
2026-07-19T12:32:12Z,2026-07-19T14:32:12+0200,f397dbef-7cdb-41f6-bba7-8b8b09f52e7d,2026-07-02T00:45:00Z,2026-07-02T02:45:00+0200,0.0,MW,FR,FR,forecast_solar_generation,Solar,2026-07-19T12:33:22Z
2026-07-19T12:32:12Z,2026-07-19T14:32:12+0200,f397dbef-7cdb-41f6-bba7-8b8b09f52e7d,2026-07-02T01:00:00Z,2026-07-02T03:00:00+0200,0.0,MW,FR,FR,forecast_solar_generation,Solar,2026-07-19T12:33:22Z
2026-07-19T12:32:12Z,2026-07-19T14:32:12+0200,f397dbef-7cdb-41f6-bba7-8b8b09f52e7d,2026-07-02T01:15:00Z,2026-07-02T03:15:00+0200,0.0,MW,FR,FR,forecast_solar_generation,Solar,2026-07-19T12:33:22Z
2026-07-19T12:32:12Z,2026-07-19T14:32:12+0200,f397dbef-7cdb-41f6-bba7-8b8b09f52e7d,2026-07-02T01:30:00Z,2026-07-02T03:30:00+0200,0.0,MW,FR,FR,forecast_solar_generation,Solar,2026-07-19T12:33:22Z
2026-07-19T12:32:12Z,2026-07-19T14:32:12+0200,f397dbef-7cdb-41f6-bba7-8b8b09f52e7d,2026-07-02T01:45:00Z,2026-07-02T03:45:00+0200,0.0,MW,FR,FR,forecast_solar_generation,Solar,2026-07-19T12:33:22Z
2026-07-19T12:32:12Z,2026-07-19T14:32:12+0200,f397dbef-7cdb-41f6-bba7-8b8b09f52e7d,2026-07-02T02:00:00Z,2026-07-02T04:00:00+0200,0.0,MW,FR,FR,forecast_solar_generation,Solar,2026-07-19T12:33:22Z
2026-07-19T12:32:12Z,2026-07-19T14:32:12+0200,f397dbef-7cdb-41f6-bba7-8b8b09f52e7d,2026-07-02T02:15:00Z,2026-07-02T04:15:00+0200,0.0,MW,FR,FR,forecast_solar_generation,Solar,2026-07-19T12:33:22Z
2026-07-19T12:32:12Z,2026-07-19T14:32:12+0200,f397dbef-7cdb-41f6-bba7-8b8b09f52e7d,2026-07-02T02:30:00Z,2026-07-02T04:30:00+0200,0.0,MW,FR,FR,forecast_solar_generation,Solar,2026-07-19T12:33:22Z
2026-07-19T12:32:12Z,2026-07-19T14:32:12+0200,f397dbef-7cdb-41f6-bba7-8b8b09f52e7d,2026-07-02T02:45:00Z,2026-07-02T04:45:00+0200,0.0,MW,FR,FR,forecast_solar_generation,Solar,2026-07-19T12:33:22Z
2026-07-19T12:32:12Z,2026-07-19T14:32:12+0200,f397dbef-7cdb-41f6-bba7-8b8b09f52e7d,2026-07-02T03:00:00Z,2026-07-02T05:00:00+0200,0.0,MW,FR,FR,forecast_solar_generation,Solar,2026-07-19T12:33:22Z
2026-07-19T12:32:12Z,2026-07-19T14:32:12+0200,f397dbef-7cdb-41f6-bba7-8b8b09f52e7d,2026-07-02T03:15:00Z,2026-07-02T05:15:00+0200,0.0,MW,FR,FR,forecast_solar_generation,Solar,2026-07-19T12:33:22Z
2026-07-19T12:32:12Z,2026-07-19T14:32:12+0200,f397dbef-7cdb-41f6-bba7-8b8b09f52e7d,2026-07-02T03:30:00Z,2026-07-02T05:30:00+0200,0.0,MW,FR,FR,forecast_solar_generation,Solar,2026-07-19T12:33:22Z
2026-07-19T12:32:12Z,2026-07-19T14:32:12+0200,f397dbef-7cdb-41f6-bba7-8b8b09f52e7d,2026-07-02T03:45:00Z,2026-07-02T05:45:00+0200,13.43074,MW,FR,FR,forecast_solar_generation,Solar,2026-07-19T12:33:22Z
2026-07-19T12:32:12Z,2026-07-19T14:32:12+0200,f397dbef-7cdb-41f6-bba7-8b8b09f52e7d,2026-07-02T04:00:00Z,2026-07-02T06:00:00+0200,58.31111,MW,FR,FR,forecast_solar_generation,Solar,2026-07-19T12:33:22Z
2026-07-19T12:32:12Z,2026-07-19T14:32:12+0200,f397dbef-7cdb-41f6-bba7-8b8b09f52e7d,2026-07-02T04:15:00Z,2026-07-02T06:15:00+0200,164.1674,MW,FR,FR,forecast_solar_generation,Solar,2026-07-19T12:33:22Z
2026-07-19T12:32:12Z,2026-07-19T14:32:12+0200,f397dbef-7cdb-41f6-bba7-8b8b09f52e7d,2026-07-02T04:30:00Z,2026-07-02T06:30:00+0200,274.70493,MW,FR,FR,forecast_solar_generation,Solar,2026-07-19T12:33:22Z
2026-07-19T12:32:12Z,2026-07-19T14:32:12+0200,f397dbef-7cdb-41f6-bba7-8b8b09f52e7d,2026-07-02T04:45:00Z,2026-07-02T06:45:00+0200,617.64398,MW,FR,FR,forecast_solar_generation,Solar,2026-07-19T12:33:22Z
2026-07-19T12:32:12Z,2026-07-19T14:32:12+0200,f397dbef-7cdb-41f6-bba7-8b8b09f52e7d,2026-07-02T05:00:00Z,2026-07-02T07:00:00+0200,1044.4751,MW,FR,FR,forecast_solar_generation,Solar,2026-07-19T12:33:22Z
2026-07-19T12:32:12Z,2026-07-19T14:32:12+0200,f397dbef-7cdb-41f6-bba7-8b8b09f52e7d,2026-07-02T05:15:00Z,2026-07-02T07:15:00+0200,1580.94348,MW,FR,FR,forecast_solar_generation,Solar,2026-07-19T12:33:22Z
2026-07-19T12:32:12Z,2026-07-19T14:32:12+0200,f397dbef-7cdb-41f6-bba7-8b8b09f52e7d,2026-07-02T05:30:00Z,2026-07-02T07:30:00+0200,2171.02222,MW,FR,FR,forecast_solar_generation,Solar,2026-07-19T12:33:22Z
2026-07-19T12:32:12Z,2026-07-19T14:32:12+0200,f397dbef-7cdb-41f6-bba7-8b8b09f52e7d,2026-07-02T05:45:00Z,2026-07-02T07:45:00+0200,3050.76074,MW,FR,FR,forecast_solar_generation,Solar,2026-07-19T12:33:22Z
2026-07-19T12:32:12Z,2026-07-19T14:32:12+0200,f397dbef-7cdb-41f6-bba7-8b8b09f52e7d,2026-07-02T06:00:00Z,2026-07-02T08:00:00+0200,3971.46631,MW,FR,FR,forecast_solar_generation,Solar,2026-07-19T12:33:22Z
2026-07-19T12:32:12Z,2026-07-19T14:32:12+0200,f397dbef-7cdb-41f6-bba7-8b8b09f52e7d,2026-07-02T06:15:00Z,2026-07-02T08:15:00+0200,5054.87451,MW,FR,FR,forecast_solar_generation,Solar,2026-07-19T12:33:22Z
2026-07-19T12:32:12Z,2026-07-19T14:32:12+0200,f397dbef-7cdb-41f6-bba7-8b8b09f52e7d,2026-07-02T06:30:00Z,2026-07-02T08:30:00+0200,6223.36768,MW,FR,FR,forecast_solar_generation,Solar,2026-07-19T12:33:22Z
2026-07-19T12:32:12Z,2026-07-19T14:32:12+0200,f397dbef-7cdb-41f6-bba7-8b8b09f52e7d,2026-07-02T06:45:00Z,2026-07-02T08:45:00+0200,7374.4082,MW,FR,FR,forecast_solar_generation,Solar,2026-07-19T12:33:22Z
2026-07-19T12:32:12Z,2026-07-19T14:32:12+0200,f397dbef-7cdb-41f6-bba7-8b8b09f52e7d,2026-07-02T07:00:00Z,2026-07-02T09:00:00+0200,8575.73047,MW,FR,FR,forecast_solar_generation,Solar,2026-07-19T12:33:22Z
2026-07-19T12:32:12Z,2026-07-19T14:32:12+0200,f397dbef-7cdb-41f6-bba7-8b8b09f52e7d,2026-07-02T07:15:00Z,2026-07-02T09:15:00+0200,9684.90625,MW,FR,FR,forecast_solar_generation,Solar,2026-07-19T12:33:22Z
2026-07-19T12:32:12Z,2026-07-19T14:32:12+0200,f397dbef-7cdb-41f6-bba7-8b8b09f52e7d,2026-07-02T07:30:00Z,2026-07-02T09:30:00+0200,10847.53906,MW,FR,FR,forecast_solar_generation,Solar,2026-07-19T12:33:22Z
2026-07-19T12:32:12Z,2026-07-19T14:32:12+0200,f397dbef-7cdb-41f6-bba7-8b8b09f52e7d,2026-07-02T07:45:00Z,2026-07-02T09:45:00+0200,11836.12793,MW,FR,FR,forecast_solar_generation,Solar,2026-07-19T12:33:22Z
2026-07-19T12:32:12Z,2026-07-19T14:32:12+0200,f397dbef-7cdb-41f6-bba7-8b8b09f52e7d,2026-07-02T08:00:00Z,2026-07-02T10:00:00+0200,12874.25293,MW,FR,FR,forecast_solar_generation,Solar,2026-07-19T12:33:22Z
2026-07-19T12:32:12Z,2026-07-19T14:32:12+0200,f397dbef-7cdb-41f6-bba7-8b8b09f52e7d,2026-07-02T08:15:00Z,2026-07-02T10:15:00+0200,13866.8623,MW,FR,FR,forecast_solar_generation,Solar,2026-07-19T12:33:22Z
2026-07-19T12:32:12Z,2026-07-19T14:32:12+0200,f397dbef-7cdb-41f6-bba7-8b8b09f52e7d,2026-07-02T08:30:00Z,2026-07-02T10:30:00+0200,14786.08301,MW,FR,FR,forecast_solar_generation,Solar,2026-07-19T12:33:22Z
2026-07-19T12:32:12Z,2026-07-19T14:32:12+0200,f397dbef-7cdb-41f6-bba7-8b8b09f52e7d,2026-07-02T08:45:00Z,2026-07-02T10:45:00+0200,15488.95117,MW,FR,FR,forecast_solar_generation,Solar,2026-07-19T12:33:22Z
2026-07-19T12:32:12Z,2026-07-19T14:32:12+0200,f397dbef-7cdb-41f6-bba7-8b8b09f52e7d,2026-07-02T09:00:00Z,2026-07-02T11:00:00+0200,16192.37012,MW,FR,FR,forecast_solar_generation,Solar,2026-07-19T12:33:22Z
2026-07-19T12:32:12Z,2026-07-19T14:32:12+0200,f397dbef-7cdb-41f6-bba7-8b8b09f52e7d,2026-07-02T09:15:00Z,2026-07-02T11:15:00+0200,12966.97852,MW,FR,FR,forecast_solar_generation,Solar,2026-07-19T12:33:22Z
2026-07-19T12:32:12Z,2026-07-19T14:32:12+0200,f397dbef-7cdb-41f6-bba7-8b8b09f52e7d,2026-07-02T09:30:00Z,2026-07-02T11:30:00+0200,13493.44336,MW,FR,FR,forecast_solar_generation,Solar,2026-07-19T12:33:22Z
2026-07-19T12:32:12Z,2026-07-19T14:32:12+0200,f397dbef-7cdb-41f6-bba7-8b8b09f52e7d,2026-07-02T09:45:00Z,2026-07-02T11:45:00+0200,13919.26953,MW,FR,FR,forecast_solar_generation,Solar,2026-07-19T12:33:22Z
2026-07-19T12:32:12Z,2026-07-19T14:32:12+0200,f397dbef-7cdb-41f6-bba7-8b8b09f52e7d,2026-07-02T10:00:00Z,2026-07-02T12:00:00+0200,14323.28711,MW,FR,FR,forecast_solar_generation,Solar,2026-07-19T12:33:22Z
2026-07-19T12:32:12Z,2026-07-19T14:32:12+0200,f397dbef-7cdb-41f6-bba7-8b8b09f52e7d,2026-07-02T10:15:00Z,2026-07-02T12:15:00+0200,14622.50195,MW,FR,FR,forecast_solar_generation,Solar,2026-07-19T12:33:22Z
2026-07-19T12:32:12Z,2026-07-19T14:32:12+0200,f397dbef-7cdb-41f6-bba7-8b8b09f52e7d,2026-07-02T10:30:00Z,2026-07-02T12:30:00+0200,14953.2168,MW,FR,FR,forecast_solar_generation,Solar,2026-07-19T12:33:22Z
2026-07-19T12:32:12Z,2026-07-19T14:32:12+0200,f397dbef-7cdb-41f6-bba7-8b8b09f52e7d,2026-07-02T10:45:00Z,2026-07-02T12:45:00+0200,15151.18555,MW,FR,FR,forecast_solar_generation,Solar,2026-07-19T12:33:22Z
2026-07-19T12:32:12Z,2026-07-19T14:32:12+0200,f397dbef-7cdb-41f6-bba7-8b8b09f52e7d,2026-07-02T11:00:00Z,2026-07-02T13:00:00+0200,15369.58594,MW,FR,FR,forecast_solar_generation,Solar,2026-07-19T12:33:22Z
2026-07-19T12:32:12Z,2026-07-19T14:32:12+0200,f397dbef-7cdb-41f6-bba7-8b8b09f52e7d,2026-07-02T11:15:00Z,2026-07-02T13:15:00+0200,15482.4082,MW,FR,FR,forecast_solar_generation,Solar,2026-07-19T12:33:22Z
2026-07-19T12:32:12Z,2026-07-19T14:32:12+0200,f397dbef-7cdb-41f6-bba7-8b8b09f52e7d,2026-07-02T11:30:00Z,2026-07-02T13:30:00+0200,15527.80859,MW,FR,FR,forecast_solar_generation,Solar,2026-07-19T12:33:22Z
2026-07-19T12:32:12Z,2026-07-19T14:32:12+0200,f397dbef-7cdb-41f6-bba7-8b8b09f52e7d,2026-07-02T11:45:00Z,2026-07-02T13:45:00+0200,15561.65918,MW,FR,FR,forecast_solar_generation,Solar,2026-07-19T12:33:22Z
2026-07-19T12:32:12Z,2026-07-19T14:32:12+0200,f397dbef-7cdb-41f6-bba7-8b8b09f52e7d,2026-07-02T12:00:00Z,2026-07-02T14:00:00+0200,15588.88574,MW,FR,FR,forecast_solar_generation,Solar,2026-07-19T12:33:22Z
2026-07-19T12:32:12Z,2026-07-19T14:32:12+0200,f397dbef-7cdb-41f6-bba7-8b8b09f52e7d,2026-07-02T12:15:00Z,2026-07-02T14:15:00+0200,15570.14746,MW,FR,FR,forecast_solar_generation,Solar,2026-07-19T12:33:22Z
2026-07-19T12:32:12Z,2026-07-19T14:32:12+0200,f397dbef-7cdb-41f6-bba7-8b8b09f52e7d,2026-07-02T12:30:00Z,2026-07-02T14:30:00+0200,15552.36914,MW,FR,FR,forecast_solar_generation,Solar,2026-07-19T12:33:22Z
2026-07-19T12:32:12Z,2026-07-19T14:32:12+0200,f397dbef-7cdb-41f6-bba7-8b8b09f52e7d,2026-07-02T12:45:00Z,2026-07-02T14:45:00+0200,15472.62891,MW,FR,FR,forecast_solar_generation,Solar,2026-07-19T12:33:22Z
2026-07-19T12:32:12Z,2026-07-19T14:32:12+0200,f397dbef-7cdb-41f6-bba7-8b8b09f52e7d,2026-07-02T13:00:00Z,2026-07-02T15:00:00+0200,15358.34082,MW,FR,FR,forecast_solar_generation,Solar,2026-07-19T12:33:22Z
2026-07-19T12:32:12Z,2026-07-19T14:32:12+0200,f397dbef-7cdb-41f6-bba7-8b8b09f52e7d,2026-07-02T13:15:00Z,2026-07-02T15:15:00+0200,15181.4707,MW,FR,FR,forecast_solar_generation,Solar,2026-07-19T12:33:22Z
2026-07-19T12:32:12Z,2026-07-19T14:32:12+0200,f397dbef-7cdb-41f6-bba7-8b8b09f52e7d,2026-07-02T13:30:00Z,2026-07-02T15:30:00+0200,14870.26953,MW,FR,FR,forecast_solar_generation,Solar,2026-07-19T12:33:22Z
2026-07-19T12:32:12Z,2026-07-19T14:32:12+0200,f397dbef-7cdb-41f6-bba7-8b8b09f52e7d,2026-07-02T13:45:00Z,2026-07-02T15:45:00+0200,14503.44141,MW,FR,FR,forecast_solar_generation,Solar,2026-07-19T12:33:22Z
2026-07-19T12:32:12Z,2026-07-19T14:32:12+0200,f397dbef-7cdb-41f6-bba7-8b8b09f52e7d,2026-07-02T14:00:00Z,2026-07-02T16:00:00+0200,14109.77734,MW,FR,FR,forecast_solar_generation,Solar,2026-07-19T12:33:22Z
2026-07-19T12:32:12Z,2026-07-19T14:32:12+0200,f397dbef-7cdb-41f6-bba7-8b8b09f52e7d,2026-07-02T14:15:00Z,2026-07-02T16:15:00+0200,13725.60547,MW,FR,FR,forecast_solar_generation,Solar,2026-07-19T12:33:22Z
2026-07-19T12:32:12Z,2026-07-19T14:32:12+0200,f397dbef-7cdb-41f6-bba7-8b8b09f52e7d,2026-07-02T14:30:00Z,2026-07-02T16:30:00+0200,13249.07617,MW,FR,FR,forecast_solar_generation,Solar,2026-07-19T12:33:22Z
2026-07-19T12:32:12Z,2026-07-19T14:32:12+0200,f397dbef-7cdb-41f6-bba7-8b8b09f52e7d,2026-07-02T14:45:00Z,2026-07-02T16:45:00+0200,12645.61133,MW,FR,FR,forecast_solar_generation,Solar,2026-07-19T12:33:22Z
2026-07-19T12:32:12Z,2026-07-19T14:32:12+0200,f397dbef-7cdb-41f6-bba7-8b8b09f52e7d,2026-07-02T15:00:00Z,2026-07-02T17:00:00+0200,12033.68945,MW,FR,FR,forecast_solar_generation,Solar,2026-07-19T12:33:22Z
2026-07-19T12:32:12Z,2026-07-19T14:32:12+0200,f397dbef-7cdb-41f6-bba7-8b8b09f52e7d,2026-07-02T15:15:00Z,2026-07-02T17:15:00+0200,14750.30469,MW,FR,FR,forecast_solar_generation,Solar,2026-07-19T12:33:22Z
2026-07-19T12:32:12Z,2026-07-19T14:32:12+0200,f397dbef-7cdb-41f6-bba7-8b8b09f52e7d,2026-07-02T15:30:00Z,2026-07-02T17:30:00+0200,13934.85645,MW,FR,FR,forecast_solar_generation,Solar,2026-07-19T12:33:22Z
2026-07-19T12:32:12Z,2026-07-19T14:32:12+0200,f397dbef-7cdb-41f6-bba7-8b8b09f52e7d,2026-07-02T15:45:00Z,2026-07-02T17:45:00+0200,13022.60938,MW,FR,FR,forecast_solar_generation,Solar,2026-07-19T12:33:22Z
2026-07-19T12:32:12Z,2026-07-19T14:32:12+0200,f397dbef-7cdb-41f6-bba7-8b8b09f52e7d,2026-07-02T16:00:00Z,2026-07-02T18:00:00+0200,12074.46875,MW,FR,FR,forecast_solar_generation,Solar,2026-07-19T12:33:22Z
2026-07-19T12:32:12Z,2026-07-19T14:32:12+0200,f397dbef-7cdb-41f6-bba7-8b8b09f52e7d,2026-07-02T16:15:00Z,2026-07-02T18:15:00+0200,10998.3291,MW,FR,FR,forecast_solar_generation,Solar,2026-07-19T12:33:22Z
2026-07-19T12:32:12Z,2026-07-19T14:32:12+0200,f397dbef-7cdb-41f6-bba7-8b8b09f52e7d,2026-07-02T16:30:00Z,2026-07-02T18:30:00+0200,9966.36523,MW,FR,FR,forecast_solar_generation,Solar,2026-07-19T12:33:22Z
2026-07-19T12:32:12Z,2026-07-19T14:32:12+0200,f397dbef-7cdb-41f6-bba7-8b8b09f52e7d,2026-07-02T16:45:00Z,2026-07-02T18:45:00+0200,8986.60059,MW,FR,FR,forecast_solar_generation,Solar,2026-07-19T12:33:22Z
2026-07-19T12:32:12Z,2026-07-19T14:32:12+0200,f397dbef-7cdb-41f6-bba7-8b8b09f52e7d,2026-07-02T17:00:00Z,2026-07-02T19:00:00+0200,7819.61133,MW,FR,FR,forecast_solar_generation,Solar,2026-07-19T12:33:22Z
2026-07-19T12:32:12Z,2026-07-19T14:32:12+0200,f397dbef-7cdb-41f6-bba7-8b8b09f52e7d,2026-07-02T17:15:00Z,2026-07-02T19:15:00+0200,6808.67725,MW,FR,FR,forecast_solar_generation,Solar,2026-07-19T12:33:22Z
2026-07-19T12:32:12Z,2026-07-19T14:32:12+0200,f397dbef-7cdb-41f6-bba7-8b8b09f52e7d,2026-07-02T17:30:00Z,2026-07-02T19:30:00+0200,5638.12061,MW,FR,FR,forecast_solar_generation,Solar,2026-07-19T12:33:22Z
2026-07-19T12:32:12Z,2026-07-19T14:32:12+0200,f397dbef-7cdb-41f6-bba7-8b8b09f52e7d,2026-07-02T17:45:00Z,2026-07-02T19:45:00+0200,4693.43945,MW,FR,FR,forecast_solar_generation,Solar,2026-07-19T12:33:22Z
2026-07-19T12:32:12Z,2026-07-19T14:32:12+0200,f397dbef-7cdb-41f6-bba7-8b8b09f52e7d,2026-07-02T18:00:00Z,2026-07-02T20:00:00+0200,3709.1145,MW,FR,FR,forecast_solar_generation,Solar,2026-07-19T12:33:22Z
2026-07-19T12:32:12Z,2026-07-19T14:32:12+0200,f397dbef-7cdb-41f6-bba7-8b8b09f52e7d,2026-07-02T18:15:00Z,2026-07-02T20:15:00+0200,2856.36841,MW,FR,FR,forecast_solar_generation,Solar,2026-07-19T12:33:22Z
2026-07-19T12:32:12Z,2026-07-19T14:32:12+0200,f397dbef-7cdb-41f6-bba7-8b8b09f52e7d,2026-07-02T18:30:00Z,2026-07-02T20:30:00+0200,2106.70239,MW,FR,FR,forecast_solar_generation,Solar,2026-07-19T12:33:22Z
2026-07-19T12:32:12Z,2026-07-19T14:32:12+0200,f397dbef-7cdb-41f6-bba7-8b8b09f52e7d,2026-07-02T18:45:00Z,2026-07-02T20:45:00+0200,1567.4436,MW,FR,FR,forecast_solar_generation,Solar,2026-07-19T12:33:22Z
2026-07-19T12:32:12Z,2026-07-19T14:32:12+0200,f397dbef-7cdb-41f6-bba7-8b8b09f52e7d,2026-07-02T19:00:00Z,2026-07-02T21:00:00+0200,1062.14832,MW,FR,FR,forecast_solar_generation,Solar,2026-07-19T12:33:22Z
2026-07-19T12:32:12Z,2026-07-19T14:32:12+0200,f397dbef-7cdb-41f6-bba7-8b8b09f52e7d,2026-07-02T19:15:00Z,2026-07-02T21:15:00+0200,622.38751,MW,FR,FR,forecast_solar_generation,Solar,2026-07-19T12:33:22Z
2026-07-19T12:32:12Z,2026-07-19T14:32:12+0200,f397dbef-7cdb-41f6-bba7-8b8b09f52e7d,2026-07-02T19:30:00Z,2026-07-02T21:30:00+0200,243.64252,MW,FR,FR,forecast_solar_generation,Solar,2026-07-19T12:33:22Z
2026-07-19T12:32:12Z,2026-07-19T14:32:12+0200,f397dbef-7cdb-41f6-bba7-8b8b09f52e7d,2026-07-02T19:45:00Z,2026-07-02T21:45:00+0200,87.50378,MW,FR,FR,forecast_solar_generation,Solar,2026-07-19T12:33:22Z
2026-07-19T12:32:12Z,2026-07-19T14:32:12+0200,f397dbef-7cdb-41f6-bba7-8b8b09f52e7d,2026-07-02T20:00:00Z,2026-07-02T22:00:00+0200,12.70969,MW,FR,FR,forecast_solar_generation,Solar,2026-07-19T12:33:22Z
2026-07-19T12:32:12Z,2026-07-19T14:32:12+0200,f397dbef-7cdb-41f6-bba7-8b8b09f52e7d,2026-07-02T20:15:00Z,2026-07-02T22:15:00+0200,0.0,MW,FR,FR,forecast_solar_generation,Solar,2026-07-19T12:33:22Z
2026-07-19T12:32:12Z,2026-07-19T14:32:12+0200,f397dbef-7cdb-41f6-bba7-8b8b09f52e7d,2026-07-02T20:30:00Z,2026-07-02T22:30:00+0200,0.0,MW,FR,FR,forecast_solar_generation,Solar,2026-07-19T12:33:22Z
2026-07-19T12:32:12Z,2026-07-19T14:32:12+0200,f397dbef-7cdb-41f6-bba7-8b8b09f52e7d,2026-07-02T20:45:00Z,2026-07-02T22:45:00+0200,0.0,MW,FR,FR,forecast_solar_generation,Solar,2026-07-19T12:33:22Z
2026-07-19T12:32:12Z,2026-07-19T14:32:12+0200,f397dbef-7cdb-41f6-bba7-8b8b09f52e7d,2026-07-02T21:00:00Z,2026-07-02T23:00:00+0200,0.0,MW,FR,FR,forecast_solar_generation,Solar,2026-07-19T12:33:22Z
2026-07-19T12:32:12Z,2026-07-19T14:32:12+0200,f397dbef-7cdb-41f6-bba7-8b8b09f52e7d,2026-07-02T21:15:00Z,2026-07-02T23:15:00+0200,0.0,MW,FR,FR,forecast_solar_generation,Solar,2026-07-19T12:33:22Z
2026-07-19T12:32:12Z,2026-07-19T14:32:12+0200,f397dbef-7cdb-41f6-bba7-8b8b09f52e7d,2026-07-02T21:30:00Z,2026-07-02T23:30:00+0200,0.0,MW,FR,FR,forecast_solar_generation,Solar,2026-07-19T12:33:22Z
2026-07-19T12:32:12Z,2026-07-19T14:32:12+0200,f397dbef-7cdb-41f6-bba7-8b8b09f52e7d,2026-07-02T21:45:00Z,2026-07-02T23:45:00+0200,0.0,MW,FR,FR,forecast_solar_generation,Solar,2026-07-19T12:33:22Z
2026-07-19T12:32:12Z,2026-07-19T14:32:12+0200,f397dbef-7cdb-41f6-bba7-8b8b09f52e7d,2026-07-02T22:00:00Z,2026-07-03T00:00:00+0200,0.0,MW,FR,FR,forecast_solar_generation,Solar,2026-07-19T12:33:22Z
2026-07-19T12:32:12Z,2026-07-19T14:32:12+0200,f397dbef-7cdb-41f6-bba7-8b8b09f52e7d,2026-07-02T22:15:00Z,2026-07-03T00:15:00+0200,0.0,MW,FR,FR,forecast_solar_generation,Solar,2026-07-19T12:33:22Z
2026-07-19T12:32:12Z,2026-07-19T14:32:12+0200,f397dbef-7cdb-41f6-bba7-8b8b09f52e7d,2026-07-02T22:30:00Z,2026-07-03T00:30:00+0200,0.0,MW,FR,FR,forecast_solar_generation,Solar,2026-07-19T12:33:22Z
2026-07-19T12:32:12Z,2026-07-19T14:32:12+0200,f397dbef-7cdb-41f6-bba7-8b8b09f52e7d,2026-07-02T22:45:00Z,2026-07-03T00:45:00+0200,0.0,MW,FR,FR,forecast_solar_generation,Solar,2026-07-19T12:33:22Z
2026-07-19T12:32:12Z,2026-07-19T14:32:12+0200,f397dbef-7cdb-41f6-bba7-8b8b09f52e7d,2026-07-02T23:00:00Z,2026-07-03T01:00:00+0200,0.0,MW,FR,FR,forecast_solar_generation,Solar,2026-07-19T12:33:22Z
2026-07-19T12:32:12Z,2026-07-19T14:32:12+0200,f397dbef-7cdb-41f6-bba7-8b8b09f52e7d,2026-07-02T23:15:00Z,2026-07-03T01:15:00+0200,0.0,MW,FR,FR,forecast_solar_generation,Solar,2026-07-19T12:33:22Z
2026-07-19T12:32:12Z,2026-07-19T14:32:12+0200,f397dbef-7cdb-41f6-bba7-8b8b09f52e7d,2026-07-02T23:30:00Z,2026-07-03T01:30:00+0200,0.0,MW,FR,FR,forecast_solar_generation,Solar,2026-07-19T12:33:22Z
2026-07-19T12:32:12Z,2026-07-19T14:32:12+0200,f397dbef-7cdb-41f6-bba7-8b8b09f52e7d,2026-07-02T23:45:00Z,2026-07-03T01:45:00+0200,0.0,MW,FR,FR,forecast_solar_generation,Solar,2026-07-19T12:33:22Z
2026-07-19T12:32:12Z,2026-07-19T14:32:12+0200,f397dbef-7cdb-41f6-bba7-8b8b09f52e7d,2026-07-03T00:00:00Z,2026-07-03T02:00:00+0200,0.0,MW,FR,FR,forecast_solar_generation,Solar,2026-07-19T12:33:22Z
2026-07-19T12:32:12Z,2026-07-19T14:32:12+0200,f397dbef-7cdb-41f6-bba7-8b8b09f52e7d,2026-07-03T00:15:00Z,2026-07-03T02:15:00+0200,0.0,MW,FR,FR,forecast_solar_generation,Solar,2026-07-19T12:33:22Z
2026-07-19T12:32:12Z,2026-07-19T14:32:12+0200,f397dbef-7cdb-41f6-bba7-8b8b09f52e7d,2026-07-03T00:30:00Z,2026-07-03T02:30:00+0200,0.0,MW,FR,FR,forecast_solar_generation,Solar,2026-07-19T12:33:22Z
2026-07-19T12:32:12Z,2026-07-19T14:32:12+0200,f397dbef-7cdb-41f6-bba7-8b8b09f52e7d,2026-07-03T00:45:00Z,2026-07-03T02:45:00+0200,0.0,MW,FR,FR,forecast_solar_generation,Solar,2026-07-19T12:33:22Z
2026-07-19T12:32:12Z,2026-07-19T14:32:12+0200,f397dbef-7cdb-41f6-bba7-8b8b09f52e7d,2026-07-03T01:00:00Z,2026-07-03T03:00:00+0200,0.0,MW,FR,FR,forecast_solar_generation,Solar,2026-07-19T12:33:22Z
2026-07-19T12:32:12Z,2026-07-19T14:32:12+0200,f397dbef-7cdb-41f6-bba7-8b8b09f52e7d,2026-07-03T01:15:00Z,2026-07-03T03:15:00+0200,0.0,MW,FR,FR,forecast_solar_generation,Solar,2026-07-19T12:33:22Z
2026-07-19T12:32:12Z,2026-07-19T14:32:12+0200,f397dbef-7cdb-41f6-bba7-8b8b09f52e7d,2026-07-03T01:30:00Z,2026-07-03T03:30:00+0200,0.0,MW,FR,FR,forecast_solar_generation,Solar,2026-07-19T12:33:22Z
2026-07-19T12:32:12Z,2026-07-19T14:32:12+0200,f397dbef-7cdb-41f6-bba7-8b8b09f52e7d,2026-07-03T01:45:00Z,2026-07-03T03:45:00+0200,0.0,MW,FR,FR,forecast_solar_generation,Solar,2026-07-19T12:33:22Z
2026-07-19T12:32:12Z,2026-07-19T14:32:12+0200,f397dbef-7cdb-41f6-bba7-8b8b09f52e7d,2026-07-03T02:00:00Z,2026-07-03T04:00:00+0200,0.0,MW,FR,FR,forecast_solar_generation,Solar,2026-07-19T12:33:22Z
2026-07-19T12:32:12Z,2026-07-19T14:32:12+0200,f397dbef-7cdb-41f6-bba7-8b8b09f52e7d,2026-07-03T02:15:00Z,2026-07-03T04:15:00+0200,0.0,MW,FR,FR,forecast_solar_generation,Solar,2026-07-19T12:33:22Z
2026-07-19T12:32:12Z,2026-07-19T14:32:12+0200,f397dbef-7cdb-41f6-bba7-8b8b09f52e7d,2026-07-03T02:30:00Z,2026-07-03T04:30:00+0200,0.0,MW,FR,FR,forecast_solar_generation,Solar,2026-07-19T12:33:22Z
2026-07-19T12:32:12Z,2026-07-19T14:32:12+0200,f397dbef-7cdb-41f6-bba7-8b8b09f52e7d,2026-07-03T02:45:00Z,2026-07-03T04:45:00+0200,0.0,MW,FR,FR,forecast_solar_generation,Solar,2026-07-19T12:33:22Z
2026-07-19T12:32:12Z,2026-07-19T14:32:12+0200,f397dbef-7cdb-41f6-bba7-8b8b09f52e7d,2026-07-03T03:00:00Z,2026-07-03T05:00:00+0200,0.0,MW,FR,FR,forecast_solar_generation,Solar,2026-07-19T12:33:22Z
2026-07-19T12:32:12Z,2026-07-19T14:32:12+0200,f397dbef-7cdb-41f6-bba7-8b8b09f52e7d,2026-07-03T03:15:00Z,2026-07-03T05:15:00+0200,0.0,MW,FR,FR,forecast_solar_generation,Solar,2026-07-19T12:33:22Z
2026-07-19T12:32:12Z,2026-07-19T14:32:12+0200,f397dbef-7cdb-41f6-bba7-8b8b09f52e7d,2026-07-03T03:30:00Z,2026-07-03T05:30:00+0200,0.0,MW,FR,FR,forecast_solar_generation,Solar,2026-07-19T12:33:22Z
2026-07-19T12:32:12Z,2026-07-19T14:32:12+0200,f397dbef-7cdb-41f6-bba7-8b8b09f52e7d,2026-07-03T03:45:00Z,2026-07-03T05:45:00+0200,13.6573,MW,FR,FR,forecast_solar_generation,Solar,2026-07-19T12:33:22Z
2026-07-19T12:32:12Z,2026-07-19T14:32:12+0200,f397dbef-7cdb-41f6-bba7-8b8b09f52e7d,2026-07-03T04:00:00Z,2026-07-03T06:00:00+0200,56.17888,MW,FR,FR,forecast_solar_generation,Solar,2026-07-19T12:33:22Z
2026-07-19T12:32:12Z,2026-07-19T14:32:12+0200,f397dbef-7cdb-41f6-bba7-8b8b09f52e7d,2026-07-03T04:15:00Z,2026-07-03T06:15:00+0200,163.46664,MW,FR,FR,forecast_solar_generation,Solar,2026-07-19T12:33:22Z
2026-07-19T12:32:12Z,2026-07-19T14:32:12+0200,f397dbef-7cdb-41f6-bba7-8b8b09f52e7d,2026-07-03T04:30:00Z,2026-07-03T06:30:00+0200,277.4921,MW,FR,FR,forecast_solar_generation,Solar,2026-07-19T12:33:22Z
2026-07-19T12:32:12Z,2026-07-19T14:32:12+0200,f397dbef-7cdb-41f6-bba7-8b8b09f52e7d,2026-07-03T04:45:00Z,2026-07-03T06:45:00+0200,587.90167,MW,FR,FR,forecast_solar_generation,Solar,2026-07-19T12:33:22Z
2026-07-19T12:32:12Z,2026-07-19T14:32:12+0200,f397dbef-7cdb-41f6-bba7-8b8b09f52e7d,2026-07-03T05:00:00Z,2026-07-03T07:00:00+0200,985.37494,MW,FR,FR,forecast_solar_generation,Solar,2026-07-19T12:33:22Z
2026-07-19T12:32:12Z,2026-07-19T14:32:12+0200,f397dbef-7cdb-41f6-bba7-8b8b09f52e7d,2026-07-03T05:15:00Z,2026-07-03T07:15:00+0200,1498.78992,MW,FR,FR,forecast_solar_generation,Solar,2026-07-19T12:33:22Z
2026-07-19T12:32:12Z,2026-07-19T14:32:12+0200,f397dbef-7cdb-41f6-bba7-8b8b09f52e7d,2026-07-03T05:30:00Z,2026-07-03T07:30:00+0200,2047.96838,MW,FR,FR,forecast_solar_generation,Solar,2026-07-19T12:33:22Z
2026-07-19T12:32:12Z,2026-07-19T14:32:12+0200,f397dbef-7cdb-41f6-bba7-8b8b09f52e7d,2026-07-03T05:45:00Z,2026-07-03T07:45:00+0200,2861.78125,MW,FR,FR,forecast_solar_generation,Solar,2026-07-19T12:33:22Z
2026-07-19T12:32:12Z,2026-07-19T14:32:12+0200,f397dbef-7cdb-41f6-bba7-8b8b09f52e7d,2026-07-03T06:00:00Z,2026-07-03T08:00:00+0200,3667.02295,MW,FR,FR,forecast_solar_generation,Solar,2026-07-19T12:33:22Z
2026-07-19T12:32:12Z,2026-07-19T14:32:12+0200,f397dbef-7cdb-41f6-bba7-8b8b09f52e7d,2026-07-03T06:15:00Z,2026-07-03T08:15:00+0200,4684.89355,MW,FR,FR,forecast_solar_generation,Solar,2026-07-19T12:33:22Z
2026-07-19T12:32:12Z,2026-07-19T14:32:12+0200,f397dbef-7cdb-41f6-bba7-8b8b09f52e7d,2026-07-03T06:30:00Z,2026-07-03T08:30:00+0200,5645.20215,MW,FR,FR,forecast_solar_generation,Solar,2026-07-19T12:33:22Z
2026-07-19T12:32:12Z,2026-07-19T14:32:12+0200,f397dbef-7cdb-41f6-bba7-8b8b09f52e7d,2026-07-03T06:45:00Z,2026-07-03T08:45:00+0200,6767.82178,MW,FR,FR,forecast_solar_generation,Solar,2026-07-19T12:33:22Z
2026-07-19T12:32:12Z,2026-07-19T14:32:12+0200,f397dbef-7cdb-41f6-bba7-8b8b09f52e7d,2026-07-03T07:00:00Z,2026-07-03T09:00:00+0200,7842.7583,MW,FR,FR,forecast_solar_generation,Solar,2026-07-19T12:33:22Z
2026-07-19T12:32:12Z,2026-07-19T14:32:12+0200,f397dbef-7cdb-41f6-bba7-8b8b09f52e7d,2026-07-03T07:15:00Z,2026-07-03T09:15:00+0200,8980.63281,MW,FR,FR,forecast_solar_generation,Solar,2026-07-19T12:33:22Z
2026-07-19T12:32:12Z,2026-07-19T14:32:12+0200,f397dbef-7cdb-41f6-bba7-8b8b09f52e7d,2026-07-03T07:30:00Z,2026-07-03T09:30:00+0200,10034.15527,MW,FR,FR,forecast_solar_generation,Solar,2026-07-19T12:33:22Z
2026-07-19T12:32:12Z,2026-07-19T14:32:12+0200,f397dbef-7cdb-41f6-bba7-8b8b09f52e7d,2026-07-03T07:45:00Z,2026-07-03T09:45:00+0200,11057.50098,MW,FR,FR,forecast_solar_generation,Solar,2026-07-19T12:33:22Z
2026-07-19T12:32:12Z,2026-07-19T14:32:12+0200,f397dbef-7cdb-41f6-bba7-8b8b09f52e7d,2026-07-03T08:00:00Z,2026-07-03T10:00:00+0200,12029.85059,MW,FR,FR,forecast_solar_generation,Solar,2026-07-19T12:33:22Z
2026-07-19T12:32:12Z,2026-07-19T14:32:12+0200,f397dbef-7cdb-41f6-bba7-8b8b09f52e7d,2026-07-03T08:15:00Z,2026-07-03T10:15:00+0200,13086.69238,MW,FR,FR,forecast_solar_generation,Solar,2026-07-19T12:33:22Z
2026-07-19T12:32:12Z,2026-07-19T14:32:12+0200,f397dbef-7cdb-41f6-bba7-8b8b09f52e7d,2026-07-03T08:30:00Z,2026-07-03T10:30:00+0200,13991.72559,MW,FR,FR,forecast_solar_generation,Solar,2026-07-19T12:33:22Z
2026-07-19T12:32:12Z,2026-07-19T14:32:12+0200,f397dbef-7cdb-41f6-bba7-8b8b09f52e7d,2026-07-03T08:45:00Z,2026-07-03T10:45:00+0200,14694.30762,MW,FR,FR,forecast_solar_generation,Solar,2026-07-19T12:33:22Z
2026-07-19T12:32:12Z,2026-07-19T14:32:12+0200,f397dbef-7cdb-41f6-bba7-8b8b09f52e7d,2026-07-03T09:00:00Z,2026-07-03T11:00:00+0200,15407.53711,MW,FR,FR,forecast_solar_generation,Solar,2026-07-19T12:33:22Z
2026-07-19T12:32:12Z,2026-07-19T14:32:12+0200,f397dbef-7cdb-41f6-bba7-8b8b09f52e7d,2026-07-03T09:15:00Z,2026-07-03T11:15:00+0200,16097.37012,MW,FR,FR,forecast_solar_generation,Solar,2026-07-19T12:33:22Z
2026-07-19T12:32:12Z,2026-07-19T14:32:12+0200,f397dbef-7cdb-41f6-bba7-8b8b09f52e7d,2026-07-03T09:30:00Z,2026-07-03T11:30:00+0200,16729.44922,MW,FR,FR,forecast_solar_generation,Solar,2026-07-19T12:33:22Z
2026-07-19T12:32:12Z,2026-07-19T14:32:12+0200,f397dbef-7cdb-41f6-bba7-8b8b09f52e7d,2026-07-03T09:45:00Z,2026-07-03T11:45:00+0200,17314.2793,MW,FR,FR,forecast_solar_generation,Solar,2026-07-19T12:33:22Z
2026-07-19T12:32:12Z,2026-07-19T14:32:12+0200,f397dbef-7cdb-41f6-bba7-8b8b09f52e7d,2026-07-03T10:00:00Z,2026-07-03T12:00:00+0200,17891.18164,MW,FR,FR,forecast_solar_generation,Solar,2026-07-19T12:33:22Z
2026-07-19T12:32:12Z,2026-07-19T14:32:12+0200,f397dbef-7cdb-41f6-bba7-8b8b09f52e7d,2026-07-03T10:15:00Z,2026-07-03T12:15:00+0200,18357.45898,MW,FR,FR,forecast_solar_generation,Solar,2026-07-19T12:33:22Z
2026-07-19T12:32:12Z,2026-07-19T14:32:12+0200,f397dbef-7cdb-41f6-bba7-8b8b09f52e7d,2026-07-03T10:30:00Z,2026-07-03T12:30:00+0200,18850.28906,MW,FR,FR,forecast_solar_generation,Solar,2026-07-19T12:33:22Z
2026-07-19T12:32:12Z,2026-07-19T14:32:12+0200,f397dbef-7cdb-41f6-bba7-8b8b09f52e7d,2026-07-03T10:45:00Z,2026-07-03T12:45:00+0200,19256.08789,MW,FR,FR,forecast_solar_generation,Solar,2026-07-19T12:33:22Z
2026-07-19T12:32:12Z,2026-07-19T14:32:12+0200,f397dbef-7cdb-41f6-bba7-8b8b09f52e7d,2026-07-03T11:00:00Z,2026-07-03T13:00:00+0200,19651.44141,MW,FR,FR,forecast_solar_generation,Solar,2026-07-19T12:33:22Z
2026-07-19T12:32:12Z,2026-07-19T14:32:12+0200,f397dbef-7cdb-41f6-bba7-8b8b09f52e7d,2026-07-03T11:15:00Z,2026-07-03T13:15:00+0200,19945.66602,MW,FR,FR,forecast_solar_generation,Solar,2026-07-19T12:33:22Z
2026-07-19T12:32:12Z,2026-07-19T14:32:12+0200,f397dbef-7cdb-41f6-bba7-8b8b09f52e7d,2026-07-03T11:30:00Z,2026-07-03T13:30:00+0200,20162.76758,MW,FR,FR,forecast_solar_generation,Solar,2026-07-19T12:33:22Z
2026-07-19T12:32:12Z,2026-07-19T14:32:12+0200,f397dbef-7cdb-41f6-bba7-8b8b09f52e7d,2026-07-03T11:45:00Z,2026-07-03T13:45:00+0200,20233.80859,MW,FR,FR,forecast_solar_generation,Solar,2026-07-19T12:33:22Z
2026-07-19T12:32:12Z,2026-07-19T14:32:12+0200,f397dbef-7cdb-41f6-bba7-8b8b09f52e7d,2026-07-03T12:00:00Z,2026-07-03T14:00:00+0200,20304.7793,MW,FR,FR,forecast_solar_generation,Solar,2026-07-19T12:33:22Z
2026-07-19T12:32:12Z,2026-07-19T14:32:12+0200,f397dbef-7cdb-41f6-bba7-8b8b09f52e7d,2026-07-03T12:15:00Z,2026-07-03T14:15:00+0200,20324.75195,MW,FR,FR,forecast_solar_generation,Solar,2026-07-19T12:33:22Z
2026-07-19T12:32:12Z,2026-07-19T14:32:12+0200,f397dbef-7cdb-41f6-bba7-8b8b09f52e7d,2026-07-03T12:30:00Z,2026-07-03T14:30:00+0200,20347.32031,MW,FR,FR,forecast_solar_generation,Solar,2026-07-19T12:33:22Z
2026-07-19T12:32:12Z,2026-07-19T14:32:12+0200,f397dbef-7cdb-41f6-bba7-8b8b09f52e7d,2026-07-03T12:45:00Z,2026-07-03T14:45:00+0200,20307.19922,MW,FR,FR,forecast_solar_generation,Solar,2026-07-19T12:33:22Z
2026-07-19T12:32:12Z,2026-07-19T14:32:12+0200,f397dbef-7cdb-41f6-bba7-8b8b09f52e7d,2026-07-03T13:00:00Z,2026-07-03T15:00:00+0200,20225.55469,MW,FR,FR,forecast_solar_generation,Solar,2026-07-19T12:33:22Z
2026-07-19T12:32:12Z,2026-07-19T14:32:12+0200,f397dbef-7cdb-41f6-bba7-8b8b09f52e7d,2026-07-03T13:15:00Z,2026-07-03T15:15:00+0200,20042.15625,MW,FR,FR,forecast_solar_generation,Solar,2026-07-19T12:33:22Z
2026-07-19T12:32:12Z,2026-07-19T14:32:12+0200,f397dbef-7cdb-41f6-bba7-8b8b09f52e7d,2026-07-03T13:30:00Z,2026-07-03T15:30:00+0200,19732.44922,MW,FR,FR,forecast_solar_generation,Solar,2026-07-19T12:33:22Z
2026-07-19T12:32:12Z,2026-07-19T14:32:12+0200,f397dbef-7cdb-41f6-bba7-8b8b09f52e7d,2026-07-03T13:45:00Z,2026-07-03T15:45:00+0200,19310.04688,MW,FR,FR,forecast_solar_generation,Solar,2026-07-19T12:33:22Z
2026-07-19T12:32:12Z,2026-07-19T14:32:12+0200,f397dbef-7cdb-41f6-bba7-8b8b09f52e7d,2026-07-03T14:00:00Z,2026-07-03T16:00:00+0200,18869.7207,MW,FR,FR,forecast_solar_generation,Solar,2026-07-19T12:33:22Z
2026-07-19T12:32:12Z,2026-07-19T14:32:12+0200,f397dbef-7cdb-41f6-bba7-8b8b09f52e7d,2026-07-03T14:15:00Z,2026-07-03T16:15:00+0200,18416.77539,MW,FR,FR,forecast_solar_generation,Solar,2026-07-19T12:33:22Z
2026-07-19T12:32:12Z,2026-07-19T14:32:12+0200,f397dbef-7cdb-41f6-bba7-8b8b09f52e7d,2026-07-03T14:30:00Z,2026-07-03T16:30:00+0200,17835.35742,MW,FR,FR,forecast_solar_generation,Solar,2026-07-19T12:33:22Z
2026-07-19T12:32:12Z,2026-07-19T14:32:12+0200,f397dbef-7cdb-41f6-bba7-8b8b09f52e7d,2026-07-03T14:45:00Z,2026-07-03T16:45:00+0200,17146.90039,MW,FR,FR,forecast_solar_generation,Solar,2026-07-19T12:33:22Z
2026-07-19T12:32:12Z,2026-07-19T14:32:12+0200,f397dbef-7cdb-41f6-bba7-8b8b09f52e7d,2026-07-03T15:00:00Z,2026-07-03T17:00:00+0200,16446.15039,MW,FR,FR,forecast_solar_generation,Solar,2026-07-19T12:33:22Z
2026-07-19T12:32:12Z,2026-07-19T14:32:12+0200,f397dbef-7cdb-41f6-bba7-8b8b09f52e7d,2026-07-03T15:15:00Z,2026-07-03T17:15:00+0200,15642.39355,MW,FR,FR,forecast_solar_generation,Solar,2026-07-19T12:33:22Z
2026-07-19T12:32:12Z,2026-07-19T14:32:12+0200,f397dbef-7cdb-41f6-bba7-8b8b09f52e7d,2026-07-03T15:30:00Z,2026-07-03T17:30:00+0200,14845.55176,MW,FR,FR,forecast_solar_generation,Solar,2026-07-19T12:33:22Z
2026-07-19T12:32:12Z,2026-07-19T14:32:12+0200,f397dbef-7cdb-41f6-bba7-8b8b09f52e7d,2026-07-03T15:45:00Z,2026-07-03T17:45:00+0200,13970.82031,MW,FR,FR,forecast_solar_generation,Solar,2026-07-19T12:33:22Z
2026-07-19T12:32:12Z,2026-07-19T14:32:12+0200,f397dbef-7cdb-41f6-bba7-8b8b09f52e7d,2026-07-03T16:00:00Z,2026-07-03T18:00:00+0200,13039.58105,MW,FR,FR,forecast_solar_generation,Solar,2026-07-19T12:33:22Z
2026-07-19T12:32:12Z,2026-07-19T14:32:12+0200,f397dbef-7cdb-41f6-bba7-8b8b09f52e7d,2026-07-03T16:15:00Z,2026-07-03T18:15:00+0200,12000.61523,MW,FR,FR,forecast_solar_generation,Solar,2026-07-19T12:33:22Z
2026-07-19T12:32:12Z,2026-07-19T14:32:12+0200,f397dbef-7cdb-41f6-bba7-8b8b09f52e7d,2026-07-03T16:30:00Z,2026-07-03T18:30:00+0200,10959.50684,MW,FR,FR,forecast_solar_generation,Solar,2026-07-19T12:33:22Z
2026-07-19T12:32:12Z,2026-07-19T14:32:12+0200,f397dbef-7cdb-41f6-bba7-8b8b09f52e7d,2026-07-03T16:45:00Z,2026-07-03T18:45:00+0200,9879.03125,MW,FR,FR,forecast_solar_generation,Solar,2026-07-19T12:33:22Z
2026-07-19T12:32:12Z,2026-07-19T14:32:12+0200,f397dbef-7cdb-41f6-bba7-8b8b09f52e7d,2026-07-03T17:00:00Z,2026-07-03T19:00:00+0200,8669.14453,MW,FR,FR,forecast_solar_generation,Solar,2026-07-19T12:33:22Z
2026-07-19T12:32:12Z,2026-07-19T14:32:12+0200,f397dbef-7cdb-41f6-bba7-8b8b09f52e7d,2026-07-03T17:15:00Z,2026-07-03T19:15:00+0200,7517.4043,MW,FR,FR,forecast_solar_generation,Solar,2026-07-19T12:33:22Z
2026-07-19T12:32:12Z,2026-07-19T14:32:12+0200,f397dbef-7cdb-41f6-bba7-8b8b09f52e7d,2026-07-03T17:30:00Z,2026-07-03T19:30:00+0200,6264.62061,MW,FR,FR,forecast_solar_generation,Solar,2026-07-19T12:33:22Z
2026-07-19T12:32:12Z,2026-07-19T14:32:12+0200,f397dbef-7cdb-41f6-bba7-8b8b09f52e7d,2026-07-03T17:45:00Z,2026-07-03T19:45:00+0200,5206.75439,MW,FR,FR,forecast_solar_generation,Solar,2026-07-19T12:33:22Z
2026-07-19T12:32:12Z,2026-07-19T14:32:12+0200,f397dbef-7cdb-41f6-bba7-8b8b09f52e7d,2026-07-03T18:00:00Z,2026-07-03T20:00:00+0200,4117.3291,MW,FR,FR,forecast_solar_generation,Solar,2026-07-19T12:33:22Z
2026-07-19T12:32:12Z,2026-07-19T14:32:12+0200,f397dbef-7cdb-41f6-bba7-8b8b09f52e7d,2026-07-03T18:15:00Z,2026-07-03T20:15:00+0200,3123.06274,MW,FR,FR,forecast_solar_generation,Solar,2026-07-19T12:33:22Z
2026-07-19T12:32:12Z,2026-07-19T14:32:12+0200,f397dbef-7cdb-41f6-bba7-8b8b09f52e7d,2026-07-03T18:30:00Z,2026-07-03T20:30:00+0200,2293.8999,MW,FR,FR,forecast_solar_generation,Solar,2026-07-19T12:33:22Z
2026-07-19T12:32:12Z,2026-07-19T14:32:12+0200,f397dbef-7cdb-41f6-bba7-8b8b09f52e7d,2026-07-03T18:45:00Z,2026-07-03T20:45:00+0200,1684.34229,MW,FR,FR,forecast_solar_generation,Solar,2026-07-19T12:33:22Z
2026-07-19T12:32:12Z,2026-07-19T14:32:12+0200,f397dbef-7cdb-41f6-bba7-8b8b09f52e7d,2026-07-03T19:00:00Z,2026-07-03T21:00:00+0200,1146.46277,MW,FR,FR,forecast_solar_generation,Solar,2026-07-19T12:33:22Z
2026-07-19T12:32:12Z,2026-07-19T14:32:12+0200,f397dbef-7cdb-41f6-bba7-8b8b09f52e7d,2026-07-03T19:15:00Z,2026-07-03T21:15:00+0200,671.81946,MW,FR,FR,forecast_solar_generation,Solar,2026-07-19T12:33:22Z
2026-07-19T12:32:12Z,2026-07-19T14:32:12+0200,f397dbef-7cdb-41f6-bba7-8b8b09f52e7d,2026-07-03T19:30:00Z,2026-07-03T21:30:00+0200,261.56165,MW,FR,FR,forecast_solar_generation,Solar,2026-07-19T12:33:22Z
2026-07-19T12:32:12Z,2026-07-19T14:32:12+0200,f397dbef-7cdb-41f6-bba7-8b8b09f52e7d,2026-07-03T19:45:00Z,2026-07-03T21:45:00+0200,101.19511,MW,FR,FR,forecast_solar_generation,Solar,2026-07-19T12:33:22Z
2026-07-19T12:32:12Z,2026-07-19T14:32:12+0200,f397dbef-7cdb-41f6-bba7-8b8b09f52e7d,2026-07-03T20:00:00Z,2026-07-03T22:00:00+0200,16.57489,MW,FR,FR,forecast_solar_generation,Solar,2026-07-19T12:33:22Z
2026-07-19T12:32:12Z,2026-07-19T14:32:12+0200,f397dbef-7cdb-41f6-bba7-8b8b09f52e7d,2026-07-03T20:15:00Z,2026-07-03T22:15:00+0200,0.0,MW,FR,FR,forecast_solar_generation,Solar,2026-07-19T12:33:22Z
2026-07-19T12:32:12Z,2026-07-19T14:32:12+0200,f397dbef-7cdb-41f6-bba7-8b8b09f52e7d,2026-07-03T20:30:00Z,2026-07-03T22:30:00+0200,0.0,MW,FR,FR,forecast_solar_generation,Solar,2026-07-19T12:33:22Z
2026-07-19T12:32:12Z,2026-07-19T14:32:12+0200,f397dbef-7cdb-41f6-bba7-8b8b09f52e7d,2026-07-03T20:45:00Z,2026-07-03T22:45:00+0200,0.0,MW,FR,FR,forecast_solar_generation,Solar,2026-07-19T12:33:22Z
2026-07-19T12:32:12Z,2026-07-19T14:32:12+0200,f397dbef-7cdb-41f6-bba7-8b8b09f52e7d,2026-07-03T21:00:00Z,2026-07-03T23:00:00+0200,0.0,MW,FR,FR,forecast_solar_generation,Solar,2026-07-19T12:33:22Z
2026-07-19T12:32:12Z,2026-07-19T14:32:12+0200,f397dbef-7cdb-41f6-bba7-8b8b09f52e7d,2026-07-03T21:15:00Z,2026-07-03T23:15:00+0200,0.0,MW,FR,FR,forecast_solar_generation,Solar,2026-07-19T12:33:22Z
2026-07-19T12:32:12Z,2026-07-19T14:32:12+0200,f397dbef-7cdb-41f6-bba7-8b8b09f52e7d,2026-07-03T21:30:00Z,2026-07-03T23:30:00+0200,0.0,MW,FR,FR,forecast_solar_generation,Solar,2026-07-19T12:33:22Z
2026-07-19T12:32:12Z,2026-07-19T14:32:12+0200,f397dbef-7cdb-41f6-bba7-8b8b09f52e7d,2026-07-03T21:45:00Z,2026-07-03T23:45:00+0200,0.0,MW,FR,FR,forecast_solar_generation,Solar,2026-07-19T12:33:22Z
2026-07-19T12:32:12Z,2026-07-19T14:32:12+0200,f397dbef-7cdb-41f6-bba7-8b8b09f52e7d,2026-07-03T22:00:00Z,2026-07-04T00:00:00+0200,0.0,MW,FR,FR,forecast_solar_generation,Solar,2026-07-19T12:33:22Z
2026-07-19T12:32:12Z,2026-07-19T14:32:12+0200,f397dbef-7cdb-41f6-bba7-8b8b09f52e7d,2026-07-03T22:15:00Z,2026-07-04T00:15:00+0200,0.0,MW,FR,FR,forecast_solar_generation,Solar,2026-07-19T12:33:22Z
2026-07-19T12:32:12Z,2026-07-19T14:32:12+0200,f397dbef-7cdb-41f6-bba7-8b8b09f52e7d,2026-07-03T22:30:00Z,2026-07-04T00:30:00+0200,0.0,MW,FR,FR,forecast_solar_generation,Solar,2026-07-19T12:33:22Z
2026-07-19T12:32:12Z,2026-07-19T14:32:12+0200,f397dbef-7cdb-41f6-bba7-8b8b09f52e7d,2026-07-03T22:45:00Z,2026-07-04T00:45:00+0200,0.0,MW,FR,FR,forecast_solar_generation,Solar,2026-07-19T12:33:22Z
2026-07-19T12:32:12Z,2026-07-19T14:32:12+0200,f397dbef-7cdb-41f6-bba7-8b8b09f52e7d,2026-07-03T23:00:00Z,2026-07-04T01:00:00+0200,0.0,MW,FR,FR,forecast_solar_generation,Solar,2026-07-19T12:33:22Z
2026-07-19T12:32:12Z,2026-07-19T14:32:12+0200,f397dbef-7cdb-41f6-bba7-8b8b09f52e7d,2026-07-03T23:15:00Z,2026-07-04T01:15:00+0200,0.0,MW,FR,FR,forecast_solar_generation,Solar,2026-07-19T12:33:22Z
2026-07-19T12:32:12Z,2026-07-19T14:32:12+0200,f397dbef-7cdb-41f6-bba7-8b8b09f52e7d,2026-07-03T23:30:00Z,2026-07-04T01:30:00+0200,0.0,MW,FR,FR,forecast_solar_generation,Solar,2026-07-19T12:33:22Z
2026-07-19T12:32:12Z,2026-07-19T14:32:12+0200,f397dbef-7cdb-41f6-bba7-8b8b09f52e7d,2026-07-03T23:45:00Z,2026-07-04T01:45:00+0200,0.0,MW,FR,FR,forecast_solar_generation,Solar,2026-07-19T12:33:22Z
2026-07-19T12:32:12Z,2026-07-19T14:32:12+0200,f397dbef-7cdb-41f6-bba7-8b8b09f52e7d,2026-07-04T00:00:00Z,2026-07-04T02:00:00+0200,0.0,MW,FR,FR,forecast_solar_generation,Solar,2026-07-19T12:33:22Z
2026-07-19T12:32:12Z,2026-07-19T14:32:12+0200,f397dbef-7cdb-41f6-bba7-8b8b09f52e7d,2026-07-04T00:15:00Z,2026-07-04T02:15:00+0200,0.0,MW,FR,FR,forecast_solar_generation,Solar,2026-07-19T12:33:22Z
2026-07-19T12:32:12Z,2026-07-19T14:32:12+0200,f397dbef-7cdb-41f6-bba7-8b8b09f52e7d,2026-07-04T00:30:00Z,2026-07-04T02:30:00+0200,0.0,MW,FR,FR,forecast_solar_generation,Solar,2026-07-19T12:33:22Z
2026-07-19T12:32:12Z,2026-07-19T14:32:12+0200,f397dbef-7cdb-41f6-bba7-8b8b09f52e7d,2026-07-04T00:45:00Z,2026-07-04T02:45:00+0200,0.0,MW,FR,FR,forecast_solar_generation,Solar,2026-07-19T12:33:22Z
2026-07-19T12:32:12Z,2026-07-19T14:32:12+0200,f397dbef-7cdb-41f6-bba7-8b8b09f52e7d,2026-07-04T01:00:00Z,2026-07-04T03:00:00+0200,0.0,MW,FR,FR,forecast_solar_generation,Solar,2026-07-19T12:33:22Z
2026-07-19T12:32:12Z,2026-07-19T14:32:12+0200,f397dbef-7cdb-41f6-bba7-8b8b09f52e7d,2026-07-04T01:15:00Z,2026-07-04T03:15:00+0200,0.0,MW,FR,FR,forecast_solar_generation,Solar,2026-07-19T12:33:22Z
2026-07-19T12:32:12Z,2026-07-19T14:32:12+0200,f397dbef-7cdb-41f6-bba7-8b8b09f52e7d,2026-07-04T01:30:00Z,2026-07-04T03:30:00+0200,0.0,MW,FR,FR,forecast_solar_generation,Solar,2026-07-19T12:33:22Z
2026-07-19T12:32:12Z,2026-07-19T14:32:12+0200,f397dbef-7cdb-41f6-bba7-8b8b09f52e7d,2026-07-04T01:45:00Z,2026-07-04T03:45:00+0200,0.0,MW,FR,FR,forecast_solar_generation,Solar,2026-07-19T12:33:22Z
2026-07-19T12:32:12Z,2026-07-19T14:32:12+0200,f397dbef-7cdb-41f6-bba7-8b8b09f52e7d,2026-07-04T02:00:00Z,2026-07-04T04:00:00+0200,0.0,MW,FR,FR,forecast_solar_generation,Solar,2026-07-19T12:33:22Z
2026-07-19T12:32:12Z,2026-07-19T14:32:12+0200,f397dbef-7cdb-41f6-bba7-8b8b09f52e7d,2026-07-04T02:15:00Z,2026-07-04T04:15:00+0200,0.0,MW,FR,FR,forecast_solar_generation,Solar,2026-07-19T12:33:22Z
2026-07-19T12:32:12Z,2026-07-19T14:32:12+0200,f397dbef-7cdb-41f6-bba7-8b8b09f52e7d,2026-07-04T02:30:00Z,2026-07-04T04:30:00+0200,0.0,MW,FR,FR,forecast_solar_generation,Solar,2026-07-19T12:33:22Z
2026-07-19T12:32:12Z,2026-07-19T14:32:12+0200,f397dbef-7cdb-41f6-bba7-8b8b09f52e7d,2026-07-04T02:45:00Z,2026-07-04T04:45:00+0200,0.0,MW,FR,FR,forecast_solar_generation,Solar,2026-07-19T12:33:22Z
2026-07-19T12:32:12Z,2026-07-19T14:32:12+0200,f397dbef-7cdb-41f6-bba7-8b8b09f52e7d,2026-07-04T03:00:00Z,2026-07-04T05:00:00+0200,0.0,MW,FR,FR,forecast_solar_generation,Solar,2026-07-19T12:33:22Z
2026-07-19T12:32:12Z,2026-07-19T14:32:12+0200,f397dbef-7cdb-41f6-bba7-8b8b09f52e7d,2026-07-04T03:15:00Z,2026-07-04T05:15:00+0200,0.0,MW,FR,FR,forecast_solar_generation,Solar,2026-07-19T12:33:22Z
2026-07-19T12:32:12Z,2026-07-19T14:32:12+0200,f397dbef-7cdb-41f6-bba7-8b8b09f52e7d,2026-07-04T03:30:00Z,2026-07-04T05:30:00+0200,0.0,MW,FR,FR,forecast_solar_generation,Solar,2026-07-19T12:33:22Z
2026-07-19T12:32:12Z,2026-07-19T14:32:12+0200,f397dbef-7cdb-41f6-bba7-8b8b09f52e7d,2026-07-04T03:45:00Z,2026-07-04T05:45:00+0200,11.21918,MW,FR,FR,forecast_solar_generation,Solar,2026-07-19T12:33:22Z
2026-07-19T12:32:12Z,2026-07-19T14:32:12+0200,f397dbef-7cdb-41f6-bba7-8b8b09f52e7d,2026-07-04T04:00:00Z,2026-07-04T06:00:00+0200,52.01524,MW,FR,FR,forecast_solar_generation,Solar,2026-07-19T12:33:22Z
2026-07-19T12:32:12Z,2026-07-19T14:32:12+0200,f397dbef-7cdb-41f6-bba7-8b8b09f52e7d,2026-07-04T04:15:00Z,2026-07-04T06:15:00+0200,157.10519,MW,FR,FR,forecast_solar_generation,Solar,2026-07-19T12:33:22Z
2026-07-19T12:32:12Z,2026-07-19T14:32:12+0200,f397dbef-7cdb-41f6-bba7-8b8b09f52e7d,2026-07-04T04:30:00Z,2026-07-04T06:30:00+0200,267.06894,MW,FR,FR,forecast_solar_generation,Solar,2026-07-19T12:33:22Z
2026-07-19T12:32:12Z,2026-07-19T14:32:12+0200,f397dbef-7cdb-41f6-bba7-8b8b09f52e7d,2026-07-04T04:45:00Z,2026-07-04T06:45:00+0200,625.0769,MW,FR,FR,forecast_solar_generation,Solar,2026-07-19T12:33:22Z
2026-07-19T12:32:12Z,2026-07-19T14:32:12+0200,f397dbef-7cdb-41f6-bba7-8b8b09f52e7d,2026-07-04T05:00:00Z,2026-07-04T07:00:00+0200,1059.98376,MW,FR,FR,forecast_solar_generation,Solar,2026-07-19T12:33:22Z
2026-07-19T12:32:12Z,2026-07-19T14:32:12+0200,f397dbef-7cdb-41f6-bba7-8b8b09f52e7d,2026-07-04T05:15:00Z,2026-07-04T07:15:00+0200,1632.13672,MW,FR,FR,forecast_solar_generation,Solar,2026-07-19T12:33:22Z
2026-07-19T12:32:12Z,2026-07-19T14:32:12+0200,f397dbef-7cdb-41f6-bba7-8b8b09f52e7d,2026-07-04T05:30:00Z,2026-07-04T07:30:00+0200,2235.81006,MW,FR,FR,forecast_solar_generation,Solar,2026-07-19T12:33:22Z
2026-07-19T12:32:12Z,2026-07-19T14:32:12+0200,f397dbef-7cdb-41f6-bba7-8b8b09f52e7d,2026-07-04T05:45:00Z,2026-07-04T07:45:00+0200,3175.89697,MW,FR,FR,forecast_solar_generation,Solar,2026-07-19T12:33:22Z
2026-07-19T12:32:12Z,2026-07-19T14:32:12+0200,f397dbef-7cdb-41f6-bba7-8b8b09f52e7d,2026-07-04T06:00:00Z,2026-07-04T08:00:00+0200,4161.26807,MW,FR,FR,forecast_solar_generation,Solar,2026-07-19T12:33:22Z
2026-07-19T12:32:12Z,2026-07-19T14:32:12+0200,f397dbef-7cdb-41f6-bba7-8b8b09f52e7d,2026-07-04T06:15:00Z,2026-07-04T08:15:00+0200,5326.24316,MW,FR,FR,forecast_solar_generation,Solar,2026-07-19T12:33:22Z
2026-07-19T12:32:12Z,2026-07-19T14:32:12+0200,f397dbef-7cdb-41f6-bba7-8b8b09f52e7d,2026-07-04T06:30:00Z,2026-07-04T08:30:00+0200,6587.75342,MW,FR,FR,forecast_solar_generation,Solar,2026-07-19T12:33:22Z
2026-07-19T12:32:12Z,2026-07-19T14:32:12+0200,f397dbef-7cdb-41f6-bba7-8b8b09f52e7d,2026-07-04T06:45:00Z,2026-07-04T08:45:00+0200,7823.94824,MW,FR,FR,forecast_solar_generation,Solar,2026-07-19T12:33:22Z
2026-07-19T12:32:12Z,2026-07-19T14:32:12+0200,f397dbef-7cdb-41f6-bba7-8b8b09f52e7d,2026-07-04T07:00:00Z,2026-07-04T09:00:00+0200,9142.87402,MW,FR,FR,forecast_solar_generation,Solar,2026-07-19T12:33:22Z
2026-07-19T12:32:12Z,2026-07-19T14:32:12+0200,f397dbef-7cdb-41f6-bba7-8b8b09f52e7d,2026-07-04T07:15:00Z,2026-07-04T09:15:00+0200,10363.62207,MW,FR,FR,forecast_solar_generation,Solar,2026-07-19T12:33:22Z
2026-07-19T12:32:12Z,2026-07-19T14:32:12+0200,f397dbef-7cdb-41f6-bba7-8b8b09f52e7d,2026-07-04T07:30:00Z,2026-07-04T09:30:00+0200,11637.24707,MW,FR,FR,forecast_solar_generation,Solar,2026-07-19T12:33:22Z
2026-07-19T12:32:12Z,2026-07-19T14:32:12+0200,f397dbef-7cdb-41f6-bba7-8b8b09f52e7d,2026-07-04T07:45:00Z,2026-07-04T09:45:00+0200,9817.68555,MW,FR,FR,forecast_solar_generation,Solar,2026-07-19T12:33:22Z
2026-07-19T12:32:12Z,2026-07-19T14:32:12+0200,f397dbef-7cdb-41f6-bba7-8b8b09f52e7d,2026-07-04T08:00:00Z,2026-07-04T10:00:00+0200,10728.98438,MW,FR,FR,forecast_solar_generation,Solar,2026-07-19T12:33:22Z
2026-07-19T12:32:12Z,2026-07-19T14:32:12+0200,f397dbef-7cdb-41f6-bba7-8b8b09f52e7d,2026-07-04T08:15:00Z,2026-07-04T10:15:00+0200,11557.79395,MW,FR,FR,forecast_solar_generation,Solar,2026-07-19T12:33:22Z
2026-07-19T12:32:12Z,2026-07-19T14:32:12+0200,f397dbef-7cdb-41f6-bba7-8b8b09f52e7d,2026-07-04T08:30:00Z,2026-07-04T10:30:00+0200,12355.15332,MW,FR,FR,forecast_solar_generation,Solar,2026-07-19T12:33:22Z
2026-07-19T12:32:12Z,2026-07-19T14:32:12+0200,f397dbef-7cdb-41f6-bba7-8b8b09f52e7d,2026-07-04T08:45:00Z,2026-07-04T10:45:00+0200,13000.29004,MW,FR,FR,forecast_solar_generation,Solar,2026-07-19T12:33:22Z
2026-07-19T12:32:12Z,2026-07-19T14:32:12+0200,f397dbef-7cdb-41f6-bba7-8b8b09f52e7d,2026-07-04T09:00:00Z,2026-07-04T11:00:00+0200,13609.56738,MW,FR,FR,forecast_solar_generation,Solar,2026-07-19T12:33:22Z
2026-07-19T12:32:12Z,2026-07-19T14:32:12+0200,f397dbef-7cdb-41f6-bba7-8b8b09f52e7d,2026-07-04T09:15:00Z,2026-07-04T11:15:00+0200,12964.23535,MW,FR,FR,forecast_solar_generation,Solar,2026-07-19T12:33:22Z
2026-07-19T12:32:12Z,2026-07-19T14:32:12+0200,f397dbef-7cdb-41f6-bba7-8b8b09f52e7d,2026-07-04T09:30:00Z,2026-07-04T11:30:00+0200,13053.09668,MW,FR,FR,forecast_solar_generation,Solar,2026-07-19T12:33:22Z
2026-07-19T12:32:12Z,2026-07-19T14:32:12+0200,f397dbef-7cdb-41f6-bba7-8b8b09f52e7d,2026-07-04T09:45:00Z,2026-07-04T11:45:00+0200,13449.94141,MW,FR,FR,forecast_solar_generation,Solar,2026-07-19T12:33:22Z
2026-07-19T12:32:12Z,2026-07-19T14:32:12+0200,f397dbef-7cdb-41f6-bba7-8b8b09f52e7d,2026-07-04T10:00:00Z,2026-07-04T12:00:00+0200,13800.6416,MW,FR,FR,forecast_solar_generation,Solar,2026-07-19T12:33:22Z
2026-07-19T12:32:12Z,2026-07-19T14:32:12+0200,f397dbef-7cdb-41f6-bba7-8b8b09f52e7d,2026-07-04T10:15:00Z,2026-07-04T12:15:00+0200,14082.81641,MW,FR,FR,forecast_solar_generation,Solar,2026-07-19T12:33:22Z
2026-07-19T12:32:12Z,2026-07-19T14:32:12+0200,f397dbef-7cdb-41f6-bba7-8b8b09f52e7d,2026-07-04T10:30:00Z,2026-07-04T12:30:00+0200,14315.67676,MW,FR,FR,forecast_solar_generation,Solar,2026-07-19T12:33:22Z
2026-07-19T12:32:12Z,2026-07-19T14:32:12+0200,f397dbef-7cdb-41f6-bba7-8b8b09f52e7d,2026-07-04T10:45:00Z,2026-07-04T12:45:00+0200,14461.27148,MW,FR,FR,forecast_solar_generation,Solar,2026-07-19T12:33:22Z
2026-07-19T12:32:12Z,2026-07-19T14:32:12+0200,f397dbef-7cdb-41f6-bba7-8b8b09f52e7d,2026-07-04T11:00:00Z,2026-07-04T13:00:00+0200,14616.5127,MW,FR,FR,forecast_solar_generation,Solar,2026-07-19T12:33:22Z
2026-07-19T12:32:12Z,2026-07-19T14:32:12+0200,f397dbef-7cdb-41f6-bba7-8b8b09f52e7d,2026-07-04T11:15:00Z,2026-07-04T13:15:00+0200,14720.34668,MW,FR,FR,forecast_solar_generation,Solar,2026-07-19T12:33:22Z
2026-07-19T12:32:12Z,2026-07-19T14:32:12+0200,f397dbef-7cdb-41f6-bba7-8b8b09f52e7d,2026-07-04T11:30:00Z,2026-07-04T13:30:00+0200,14785.58496,MW,FR,FR,forecast_solar_generation,Solar,2026-07-19T12:33:22Z
2026-07-19T12:32:12Z,2026-07-19T14:32:12+0200,f397dbef-7cdb-41f6-bba7-8b8b09f52e7d,2026-07-04T11:45:00Z,2026-07-04T13:45:00+0200,14794.91113,MW,FR,FR,forecast_solar_generation,Solar,2026-07-19T12:33:22Z
2026-07-19T12:32:12Z,2026-07-19T14:32:12+0200,f397dbef-7cdb-41f6-bba7-8b8b09f52e7d,2026-07-04T12:00:00Z,2026-07-04T14:00:00+0200,14795.33398,MW,FR,FR,forecast_solar_generation,Solar,2026-07-19T12:33:22Z
2026-07-19T12:32:12Z,2026-07-19T14:32:12+0200,f397dbef-7cdb-41f6-bba7-8b8b09f52e7d,2026-07-04T12:15:00Z,2026-07-04T14:15:00+0200,14790.50488,MW,FR,FR,forecast_solar_generation,Solar,2026-07-19T12:33:22Z
2026-07-19T12:32:12Z,2026-07-19T14:32:12+0200,f397dbef-7cdb-41f6-bba7-8b8b09f52e7d,2026-07-04T12:30:00Z,2026-07-04T14:30:00+0200,14772.74316,MW,FR,FR,forecast_solar_generation,Solar,2026-07-19T12:33:22Z
2026-07-19T12:32:12Z,2026-07-19T14:32:12+0200,f397dbef-7cdb-41f6-bba7-8b8b09f52e7d,2026-07-04T12:45:00Z,2026-07-04T14:45:00+0200,14718.29688,MW,FR,FR,forecast_solar_generation,Solar,2026-07-19T12:33:22Z
2026-07-19T12:32:12Z,2026-07-19T14:32:12+0200,f397dbef-7cdb-41f6-bba7-8b8b09f52e7d,2026-07-04T13:00:00Z,2026-07-04T15:00:00+0200,14631.75195,MW,FR,FR,forecast_solar_generation,Solar,2026-07-19T12:33:22Z
2026-07-19T12:32:12Z,2026-07-19T14:32:12+0200,f397dbef-7cdb-41f6-bba7-8b8b09f52e7d,2026-07-04T13:15:00Z,2026-07-04T15:15:00+0200,14485.73242,MW,FR,FR,forecast_solar_generation,Solar,2026-07-19T12:33:22Z
2026-07-19T12:32:12Z,2026-07-19T14:32:12+0200,f397dbef-7cdb-41f6-bba7-8b8b09f52e7d,2026-07-04T13:30:00Z,2026-07-04T15:30:00+0200,14270.54492,MW,FR,FR,forecast_solar_generation,Solar,2026-07-19T12:33:22Z
2026-07-19T12:32:12Z,2026-07-19T14:32:12+0200,f397dbef-7cdb-41f6-bba7-8b8b09f52e7d,2026-07-04T13:45:00Z,2026-07-04T15:45:00+0200,14016.68555,MW,FR,FR,forecast_solar_generation,Solar,2026-07-19T12:33:22Z
2026-07-19T12:32:12Z,2026-07-19T14:32:12+0200,f397dbef-7cdb-41f6-bba7-8b8b09f52e7d,2026-07-04T14:00:00Z,2026-07-04T16:00:00+0200,13702.57227,MW,FR,FR,forecast_solar_generation,Solar,2026-07-19T12:33:22Z
2026-07-19T12:32:12Z,2026-07-19T14:32:12+0200,f397dbef-7cdb-41f6-bba7-8b8b09f52e7d,2026-07-04T14:15:00Z,2026-07-04T16:15:00+0200,13381.82422,MW,FR,FR,forecast_solar_generation,Solar,2026-07-19T12:33:22Z
2026-07-19T12:32:12Z,2026-07-19T14:32:12+0200,f397dbef-7cdb-41f6-bba7-8b8b09f52e7d,2026-07-04T14:30:00Z,2026-07-04T16:30:00+0200,12965.55371,MW,FR,FR,forecast_solar_generation,Solar,2026-07-19T12:33:22Z
2026-07-19T12:32:12Z,2026-07-19T14:32:12+0200,f397dbef-7cdb-41f6-bba7-8b8b09f52e7d,2026-07-04T14:45:00Z,2026-07-04T16:45:00+0200,13676.6123,MW,FR,FR,forecast_solar_generation,Solar,2026-07-19T12:33:22Z
2026-07-19T12:32:12Z,2026-07-19T14:32:12+0200,f397dbef-7cdb-41f6-bba7-8b8b09f52e7d,2026-07-04T15:00:00Z,2026-07-04T17:00:00+0200,13499.77734,MW,FR,FR,forecast_solar_generation,Solar,2026-07-19T12:33:22Z
2026-07-19T12:32:12Z,2026-07-19T14:32:12+0200,f397dbef-7cdb-41f6-bba7-8b8b09f52e7d,2026-07-04T15:15:00Z,2026-07-04T17:15:00+0200,12875.7666,MW,FR,FR,forecast_solar_generation,Solar,2026-07-19T12:33:22Z
2026-07-19T12:32:12Z,2026-07-19T14:32:12+0200,f397dbef-7cdb-41f6-bba7-8b8b09f52e7d,2026-07-04T15:30:00Z,2026-07-04T17:30:00+0200,12244.04004,MW,FR,FR,forecast_solar_generation,Solar,2026-07-19T12:33:22Z
2026-07-19T12:32:12Z,2026-07-19T14:32:12+0200,f397dbef-7cdb-41f6-bba7-8b8b09f52e7d,2026-07-04T15:45:00Z,2026-07-04T17:45:00+0200,11503.65234,MW,FR,FR,forecast_solar_generation,Solar,2026-07-19T12:33:22Z
2026-07-19T12:32:12Z,2026-07-19T14:32:12+0200,f397dbef-7cdb-41f6-bba7-8b8b09f52e7d,2026-07-04T16:00:00Z,2026-07-04T18:00:00+0200,10709.7832,MW,FR,FR,forecast_solar_generation,Solar,2026-07-19T12:33:22Z
2026-07-19T12:32:12Z,2026-07-19T14:32:12+0200,f397dbef-7cdb-41f6-bba7-8b8b09f52e7d,2026-07-04T16:15:00Z,2026-07-04T18:15:00+0200,12732.07227,MW,FR,FR,forecast_solar_generation,Solar,2026-07-19T12:33:22Z
2026-07-19T12:32:12Z,2026-07-19T14:32:12+0200,f397dbef-7cdb-41f6-bba7-8b8b09f52e7d,2026-07-04T16:30:00Z,2026-07-04T18:30:00+0200,11625.39551,MW,FR,FR,forecast_solar_generation,Solar,2026-07-19T12:33:22Z
2026-07-19T12:32:12Z,2026-07-19T14:32:12+0200,f397dbef-7cdb-41f6-bba7-8b8b09f52e7d,2026-07-04T16:45:00Z,2026-07-04T18:45:00+0200,10454.72461,MW,FR,FR,forecast_solar_generation,Solar,2026-07-19T12:33:22Z
2026-07-19T12:32:12Z,2026-07-19T14:32:12+0200,f397dbef-7cdb-41f6-bba7-8b8b09f52e7d,2026-07-04T17:00:00Z,2026-07-04T19:00:00+0200,9180.8418,MW,FR,FR,forecast_solar_generation,Solar,2026-07-19T12:33:22Z
2026-07-19T12:32:12Z,2026-07-19T14:32:12+0200,f397dbef-7cdb-41f6-bba7-8b8b09f52e7d,2026-07-04T17:15:00Z,2026-07-04T19:15:00+0200,7945.72705,MW,FR,FR,forecast_solar_generation,Solar,2026-07-19T12:33:22Z
2026-07-19T12:32:12Z,2026-07-19T14:32:12+0200,f397dbef-7cdb-41f6-bba7-8b8b09f52e7d,2026-07-04T17:30:00Z,2026-07-04T19:30:00+0200,6620.43164,MW,FR,FR,forecast_solar_generation,Solar,2026-07-19T12:33:22Z
2026-07-19T12:32:12Z,2026-07-19T14:32:12+0200,f397dbef-7cdb-41f6-bba7-8b8b09f52e7d,2026-07-04T17:45:00Z,2026-07-04T19:45:00+0200,5463.08301,MW,FR,FR,forecast_solar_generation,Solar,2026-07-19T12:33:22Z
2026-07-19T12:32:12Z,2026-07-19T14:32:12+0200,f397dbef-7cdb-41f6-bba7-8b8b09f52e7d,2026-07-04T18:00:00Z,2026-07-04T20:00:00+0200,4298.40674,MW,FR,FR,forecast_solar_generation,Solar,2026-07-19T12:33:22Z
2026-07-19T12:32:12Z,2026-07-19T14:32:12+0200,f397dbef-7cdb-41f6-bba7-8b8b09f52e7d,2026-07-04T18:15:00Z,2026-07-04T20:15:00+0200,3217.7793,MW,FR,FR,forecast_solar_generation,Solar,2026-07-19T12:33:22Z
2026-07-19T12:32:12Z,2026-07-19T14:32:12+0200,f397dbef-7cdb-41f6-bba7-8b8b09f52e7d,2026-07-04T18:30:00Z,2026-07-04T20:30:00+0200,2335.32764,MW,FR,FR,forecast_solar_generation,Solar,2026-07-19T12:33:22Z
2026-07-19T12:32:12Z,2026-07-19T14:32:12+0200,f397dbef-7cdb-41f6-bba7-8b8b09f52e7d,2026-07-04T18:45:00Z,2026-07-04T20:45:00+0200,1689.90857,MW,FR,FR,forecast_solar_generation,Solar,2026-07-19T12:33:22Z
2026-07-19T12:32:12Z,2026-07-19T14:32:12+0200,f397dbef-7cdb-41f6-bba7-8b8b09f52e7d,2026-07-04T19:00:00Z,2026-07-04T21:00:00+0200,1144.78406,MW,FR,FR,forecast_solar_generation,Solar,2026-07-19T12:33:22Z
2026-07-19T12:32:12Z,2026-07-19T14:32:12+0200,f397dbef-7cdb-41f6-bba7-8b8b09f52e7d,2026-07-04T19:15:00Z,2026-07-04T21:15:00+0200,657.90833,MW,FR,FR,forecast_solar_generation,Solar,2026-07-19T12:33:22Z
2026-07-19T12:32:12Z,2026-07-19T14:32:12+0200,f397dbef-7cdb-41f6-bba7-8b8b09f52e7d,2026-07-04T19:30:00Z,2026-07-04T21:30:00+0200,242.60416,MW,FR,FR,forecast_solar_generation,Solar,2026-07-19T12:33:22Z
2026-07-19T12:32:12Z,2026-07-19T14:32:12+0200,f397dbef-7cdb-41f6-bba7-8b8b09f52e7d,2026-07-04T19:45:00Z,2026-07-04T21:45:00+0200,89.23348,MW,FR,FR,forecast_solar_generation,Solar,2026-07-19T12:33:22Z
2026-07-19T12:32:12Z,2026-07-19T14:32:12+0200,f397dbef-7cdb-41f6-bba7-8b8b09f52e7d,2026-07-04T20:00:00Z,2026-07-04T22:00:00+0200,9.74019,MW,FR,FR,forecast_solar_generation,Solar,2026-07-19T12:33:22Z
2026-07-19T12:32:12Z,2026-07-19T14:32:12+0200,f397dbef-7cdb-41f6-bba7-8b8b09f52e7d,2026-07-04T20:15:00Z,2026-07-04T22:15:00+0200,0.0,MW,FR,FR,forecast_solar_generation,Solar,2026-07-19T12:33:22Z
2026-07-19T12:32:12Z,2026-07-19T14:32:12+0200,f397dbef-7cdb-41f6-bba7-8b8b09f52e7d,2026-07-04T20:30:00Z,2026-07-04T22:30:00+0200,0.0,MW,FR,FR,forecast_solar_generation,Solar,2026-07-19T12:33:22Z
2026-07-19T12:32:12Z,2026-07-19T14:32:12+0200,f397dbef-7cdb-41f6-bba7-8b8b09f52e7d,2026-07-04T20:45:00Z,2026-07-04T22:45:00+0200,0.0,MW,FR,FR,forecast_solar_generation,Solar,2026-07-19T12:33:22Z
2026-07-19T12:32:12Z,2026-07-19T14:32:12+0200,f397dbef-7cdb-41f6-bba7-8b8b09f52e7d,2026-07-04T21:00:00Z,2026-07-04T23:00:00+0200,0.0,MW,FR,FR,forecast_solar_generation,Solar,2026-07-19T12:33:22Z
2026-07-19T12:32:12Z,2026-07-19T14:32:12+0200,f397dbef-7cdb-41f6-bba7-8b8b09f52e7d,2026-07-04T21:15:00Z,2026-07-04T23:15:00+0200,0.0,MW,FR,FR,forecast_solar_generation,Solar,2026-07-19T12:33:22Z
2026-07-19T12:32:12Z,2026-07-19T14:32:12+0200,f397dbef-7cdb-41f6-bba7-8b8b09f52e7d,2026-07-04T21:30:00Z,2026-07-04T23:30:00+0200,0.0,MW,FR,FR,forecast_solar_generation,Solar,2026-07-19T12:33:22Z
2026-07-19T12:32:12Z,2026-07-19T14:32:12+0200,f397dbef-7cdb-41f6-bba7-8b8b09f52e7d,2026-07-04T21:45:00Z,2026-07-04T23:45:00+0200,0.0,MW,FR,FR,forecast_solar_generation,Solar,2026-07-19T12:33:22Z
2026-07-19T12:32:12Z,2026-07-19T14:32:12+0200,f397dbef-7cdb-41f6-bba7-8b8b09f52e7d,2026-07-04T22:00:00Z,2026-07-05T00:00:00+0200,0.0,MW,FR,FR,forecast_solar_generation,Solar,2026-07-19T12:33:22Z
2026-07-19T12:32:12Z,2026-07-19T14:32:12+0200,f397dbef-7cdb-41f6-bba7-8b8b09f52e7d,2026-07-04T22:15:00Z,2026-07-05T00:15:00+0200,0.0,MW,FR,FR,forecast_solar_generation,Solar,2026-07-19T12:33:22Z
2026-07-19T12:32:12Z,2026-07-19T14:32:12+0200,f397dbef-7cdb-41f6-bba7-8b8b09f52e7d,2026-07-04T22:30:00Z,2026-07-05T00:30:00+0200,0.0,MW,FR,FR,forecast_solar_generation,Solar,2026-07-19T12:33:22Z
2026-07-19T12:32:12Z,2026-07-19T14:32:12+0200,f397dbef-7cdb-41f6-bba7-8b8b09f52e7d,2026-07-04T22:45:00Z,2026-07-05T00:45:00+0200,0.0,MW,FR,FR,forecast_solar_generation,Solar,2026-07-19T12:33:22Z
2026-07-19T12:32:12Z,2026-07-19T14:32:12+0200,f397dbef-7cdb-41f6-bba7-8b8b09f52e7d,2026-07-04T23:00:00Z,2026-07-05T01:00:00+0200,0.0,MW,FR,FR,forecast_solar_generation,Solar,2026-07-19T12:33:22Z
2026-07-19T12:32:12Z,2026-07-19T14:32:12+0200,f397dbef-7cdb-41f6-bba7-8b8b09f52e7d,2026-07-04T23:15:00Z,2026-07-05T01:15:00+0200,0.0,MW,FR,FR,forecast_solar_generation,Solar,2026-07-19T12:33:22Z
2026-07-19T12:32:12Z,2026-07-19T14:32:12+0200,f397dbef-7cdb-41f6-bba7-8b8b09f52e7d,2026-07-04T23:30:00Z,2026-07-05T01:30:00+0200,0.0,MW,FR,FR,forecast_solar_generation,Solar,2026-07-19T12:33:22Z
2026-07-19T12:32:12Z,2026-07-19T14:32:12+0200,f397dbef-7cdb-41f6-bba7-8b8b09f52e7d,2026-07-04T23:45:00Z,2026-07-05T01:45:00+0200,0.0,MW,FR,FR,forecast_solar_generation,Solar,2026-07-19T12:33:22Z
2026-07-19T12:32:12Z,2026-07-19T14:32:12+0200,f397dbef-7cdb-41f6-bba7-8b8b09f52e7d,2026-07-05T00:00:00Z,2026-07-05T02:00:00+0200,0.0,MW,FR,FR,forecast_solar_generation,Solar,2026-07-19T12:33:22Z
2026-07-19T12:32:12Z,2026-07-19T14:32:12+0200,f397dbef-7cdb-41f6-bba7-8b8b09f52e7d,2026-07-05T00:15:00Z,2026-07-05T02:15:00+0200,0.0,MW,FR,FR,forecast_solar_generation,Solar,2026-07-19T12:33:22Z
2026-07-19T12:32:12Z,2026-07-19T14:32:12+0200,f397dbef-7cdb-41f6-bba7-8b8b09f52e7d,2026-07-05T00:30:00Z,2026-07-05T02:30:00+0200,0.0,MW,FR,FR,forecast_solar_generation,Solar,2026-07-19T12:33:22Z
2026-07-19T12:32:12Z,2026-07-19T14:32:12+0200,f397dbef-7cdb-41f6-bba7-8b8b09f52e7d,2026-07-05T00:45:00Z,2026-07-05T02:45:00+0200,0.0,MW,FR,FR,forecast_solar_generation,Solar,2026-07-19T12:33:22Z
2026-07-19T12:32:12Z,2026-07-19T14:32:12+0200,f397dbef-7cdb-41f6-bba7-8b8b09f52e7d,2026-07-05T01:00:00Z,2026-07-05T03:00:00+0200,0.0,MW,FR,FR,forecast_solar_generation,Solar,2026-07-19T12:33:22Z
2026-07-19T12:32:12Z,2026-07-19T14:32:12+0200,f397dbef-7cdb-41f6-bba7-8b8b09f52e7d,2026-07-05T01:15:00Z,2026-07-05T03:15:00+0200,0.0,MW,FR,FR,forecast_solar_generation,Solar,2026-07-19T12:33:22Z
2026-07-19T12:32:12Z,2026-07-19T14:32:12+0200,f397dbef-7cdb-41f6-bba7-8b8b09f52e7d,2026-07-05T01:30:00Z,2026-07-05T03:30:00+0200,0.0,MW,FR,FR,forecast_solar_generation,Solar,2026-07-19T12:33:22Z
2026-07-19T12:32:12Z,2026-07-19T14:32:12+0200,f397dbef-7cdb-41f6-bba7-8b8b09f52e7d,2026-07-05T01:45:00Z,2026-07-05T03:45:00+0200,0.0,MW,FR,FR,forecast_solar_generation,Solar,2026-07-19T12:33:22Z
2026-07-19T12:32:12Z,2026-07-19T14:32:12+0200,f397dbef-7cdb-41f6-bba7-8b8b09f52e7d,2026-07-05T02:00:00Z,2026-07-05T04:00:00+0200,0.0,MW,FR,FR,forecast_solar_generation,Solar,2026-07-19T12:33:22Z
2026-07-19T12:32:12Z,2026-07-19T14:32:12+0200,f397dbef-7cdb-41f6-bba7-8b8b09f52e7d,2026-07-05T02:15:00Z,2026-07-05T04:15:00+0200,0.0,MW,FR,FR,forecast_solar_generation,Solar,2026-07-19T12:33:22Z
2026-07-19T12:32:12Z,2026-07-19T14:32:12+0200,f397dbef-7cdb-41f6-bba7-8b8b09f52e7d,2026-07-05T02:30:00Z,2026-07-05T04:30:00+0200,0.0,MW,FR,FR,forecast_solar_generation,Solar,2026-07-19T12:33:22Z
2026-07-19T12:32:12Z,2026-07-19T14:32:12+0200,f397dbef-7cdb-41f6-bba7-8b8b09f52e7d,2026-07-05T02:45:00Z,2026-07-05T04:45:00+0200,0.0,MW,FR,FR,forecast_solar_generation,Solar,2026-07-19T12:33:22Z
2026-07-19T12:32:12Z,2026-07-19T14:32:12+0200,f397dbef-7cdb-41f6-bba7-8b8b09f52e7d,2026-07-05T03:00:00Z,2026-07-05T05:00:00+0200,0.0,MW,FR,FR,forecast_solar_generation,Solar,2026-07-19T12:33:22Z
2026-07-19T12:32:12Z,2026-07-19T14:32:12+0200,f397dbef-7cdb-41f6-bba7-8b8b09f52e7d,2026-07-05T03:15:00Z,2026-07-05T05:15:00+0200,0.0,MW,FR,FR,forecast_solar_generation,Solar,2026-07-19T12:33:22Z
2026-07-19T12:32:12Z,2026-07-19T14:32:12+0200,f397dbef-7cdb-41f6-bba7-8b8b09f52e7d,2026-07-05T03:30:00Z,2026-07-05T05:30:00+0200,0.0,MW,FR,FR,forecast_solar_generation,Solar,2026-07-19T12:33:22Z
2026-07-19T12:32:12Z,2026-07-19T14:32:12+0200,f397dbef-7cdb-41f6-bba7-8b8b09f52e7d,2026-07-05T03:45:00Z,2026-07-05T05:45:00+0200,11.38535,MW,FR,FR,forecast_solar_generation,Solar,2026-07-19T12:33:22Z
2026-07-19T12:32:12Z,2026-07-19T14:32:12+0200,f397dbef-7cdb-41f6-bba7-8b8b09f52e7d,2026-07-05T04:00:00Z,2026-07-05T06:00:00+0200,50.80224,MW,FR,FR,forecast_solar_generation,Solar,2026-07-19T12:33:22Z
2026-07-19T12:32:12Z,2026-07-19T14:32:12+0200,f397dbef-7cdb-41f6-bba7-8b8b09f52e7d,2026-07-05T04:15:00Z,2026-07-05T06:15:00+0200,154.28094,MW,FR,FR,forecast_solar_generation,Solar,2026-07-19T12:33:22Z
2026-07-19T12:32:12Z,2026-07-19T14:32:12+0200,f397dbef-7cdb-41f6-bba7-8b8b09f52e7d,2026-07-05T04:30:00Z,2026-07-05T06:30:00+0200,272.08798,MW,FR,FR,forecast_solar_generation,Solar,2026-07-19T12:33:22Z
2026-07-19T12:32:12Z,2026-07-19T14:32:12+0200,f397dbef-7cdb-41f6-bba7-8b8b09f52e7d,2026-07-05T04:45:00Z,2026-07-05T06:45:00+0200,617.65082,MW,FR,FR,forecast_solar_generation,Solar,2026-07-19T12:33:22Z
2026-07-19T12:32:12Z,2026-07-19T14:32:12+0200,f397dbef-7cdb-41f6-bba7-8b8b09f52e7d,2026-07-05T05:00:00Z,2026-07-05T07:00:00+0200,1050.54028,MW,FR,FR,forecast_solar_generation,Solar,2026-07-19T12:33:22Z
2026-07-19T12:32:12Z,2026-07-19T14:32:12+0200,f397dbef-7cdb-41f6-bba7-8b8b09f52e7d,2026-07-05T05:15:00Z,2026-07-05T07:15:00+0200,1600.79382,MW,FR,FR,forecast_solar_generation,Solar,2026-07-19T12:33:22Z
2026-07-19T12:32:12Z,2026-07-19T14:32:12+0200,f397dbef-7cdb-41f6-bba7-8b8b09f52e7d,2026-07-05T05:30:00Z,2026-07-05T07:30:00+0200,2207.37646,MW,FR,FR,forecast_solar_generation,Solar,2026-07-19T12:33:22Z
2026-07-19T12:32:12Z,2026-07-19T14:32:12+0200,f397dbef-7cdb-41f6-bba7-8b8b09f52e7d,2026-07-05T05:45:00Z,2026-07-05T07:45:00+0200,3107.93091,MW,FR,FR,forecast_solar_generation,Solar,2026-07-19T12:33:22Z
2026-07-19T12:32:12Z,2026-07-19T14:32:12+0200,f397dbef-7cdb-41f6-bba7-8b8b09f52e7d,2026-07-05T06:00:00Z,2026-07-05T08:00:00+0200,3138.12524,MW,FR,FR,forecast_solar_generation,Solar,2026-07-19T12:33:22Z
2026-07-19T12:32:12Z,2026-07-19T14:32:12+0200,f397dbef-7cdb-41f6-bba7-8b8b09f52e7d,2026-07-05T06:15:00Z,2026-07-05T08:15:00+0200,3985.10278,MW,FR,FR,forecast_solar_generation,Solar,2026-07-19T12:33:22Z
2026-07-19T12:32:12Z,2026-07-19T14:32:12+0200,f397dbef-7cdb-41f6-bba7-8b8b09f52e7d,2026-07-05T06:30:00Z,2026-07-05T08:30:00+0200,4931.74072,MW,FR,FR,forecast_solar_generation,Solar,2026-07-19T12:33:22Z
2026-07-19T12:32:12Z,2026-07-19T14:32:12+0200,f397dbef-7cdb-41f6-bba7-8b8b09f52e7d,2026-07-05T06:45:00Z,2026-07-05T08:45:00+0200,5858.95703,MW,FR,FR,forecast_solar_generation,Solar,2026-07-19T12:33:22Z
2026-07-19T12:32:12Z,2026-07-19T14:32:12+0200,f397dbef-7cdb-41f6-bba7-8b8b09f52e7d,2026-07-05T07:00:00Z,2026-07-05T09:00:00+0200,6851.90918,MW,FR,FR,forecast_solar_generation,Solar,2026-07-19T12:33:22Z
2026-07-19T12:32:12Z,2026-07-19T14:32:12+0200,f397dbef-7cdb-41f6-bba7-8b8b09f52e7d,2026-07-05T07:15:00Z,2026-07-05T09:15:00+0200,7779.22168,MW,FR,FR,forecast_solar_generation,Solar,2026-07-19T12:33:22Z
2026-07-19T12:32:12Z,2026-07-19T14:32:12+0200,f397dbef-7cdb-41f6-bba7-8b8b09f52e7d,2026-07-05T07:30:00Z,2026-07-05T09:30:00+0200,8762.77832,MW,FR,FR,forecast_solar_generation,Solar,2026-07-19T12:33:22Z
2026-07-19T12:32:12Z,2026-07-19T14:32:12+0200,f397dbef-7cdb-41f6-bba7-8b8b09f52e7d,2026-07-05T07:45:00Z,2026-07-05T09:45:00+0200,9638.48438,MW,FR,FR,forecast_solar_generation,Solar,2026-07-19T12:33:22Z
2026-07-19T12:32:12Z,2026-07-19T14:32:12+0200,f397dbef-7cdb-41f6-bba7-8b8b09f52e7d,2026-07-05T08:00:00Z,2026-07-05T10:00:00+0200,10535.67773,MW,FR,FR,forecast_solar_generation,Solar,2026-07-19T12:33:22Z
2026-07-19T12:32:12Z,2026-07-19T14:32:12+0200,f397dbef-7cdb-41f6-bba7-8b8b09f52e7d,2026-07-05T08:15:00Z,2026-07-05T10:15:00+0200,11398.64453,MW,FR,FR,forecast_solar_generation,Solar,2026-07-19T12:33:22Z
2026-07-19T12:32:12Z,2026-07-19T14:32:12+0200,f397dbef-7cdb-41f6-bba7-8b8b09f52e7d,2026-07-05T08:30:00Z,2026-07-05T10:30:00+0200,12182.52344,MW,FR,FR,forecast_solar_generation,Solar,2026-07-19T12:33:22Z
2026-07-19T12:32:12Z,2026-07-19T14:32:12+0200,f397dbef-7cdb-41f6-bba7-8b8b09f52e7d,2026-07-05T08:45:00Z,2026-07-05T10:45:00+0200,12791.22949,MW,FR,FR,forecast_solar_generation,Solar,2026-07-19T12:33:22Z
2026-07-19T12:32:12Z,2026-07-19T14:32:12+0200,f397dbef-7cdb-41f6-bba7-8b8b09f52e7d,2026-07-05T09:00:00Z,2026-07-05T11:00:00+0200,13409.1709,MW,FR,FR,forecast_solar_generation,Solar,2026-07-19T12:33:22Z
2026-07-19T12:32:12Z,2026-07-19T14:32:12+0200,f397dbef-7cdb-41f6-bba7-8b8b09f52e7d,2026-07-05T09:15:00Z,2026-07-05T11:15:00+0200,14021.97461,MW,FR,FR,forecast_solar_generation,Solar,2026-07-19T12:33:22Z
2026-07-19T12:32:12Z,2026-07-19T14:32:12+0200,f397dbef-7cdb-41f6-bba7-8b8b09f52e7d,2026-07-05T09:30:00Z,2026-07-05T11:30:00+0200,14193.91113,MW,FR,FR,forecast_solar_generation,Solar,2026-07-19T12:33:22Z
2026-07-19T12:32:12Z,2026-07-19T14:32:12+0200,f397dbef-7cdb-41f6-bba7-8b8b09f52e7d,2026-07-05T09:45:00Z,2026-07-05T11:45:00+0200,14628.55566,MW,FR,FR,forecast_solar_generation,Solar,2026-07-19T12:33:22Z
2026-07-19T12:32:12Z,2026-07-19T14:32:12+0200,f397dbef-7cdb-41f6-bba7-8b8b09f52e7d,2026-07-05T10:00:00Z,2026-07-05T12:00:00+0200,15007.08691,MW,FR,FR,forecast_solar_generation,Solar,2026-07-19T12:33:22Z
2026-07-19T12:32:12Z,2026-07-19T14:32:12+0200,f397dbef-7cdb-41f6-bba7-8b8b09f52e7d,2026-07-05T10:15:00Z,2026-07-05T12:15:00+0200,15831.83984,MW,FR,FR,forecast_solar_generation,Solar,2026-07-19T12:33:22Z
2026-07-19T12:32:12Z,2026-07-19T14:32:12+0200,f397dbef-7cdb-41f6-bba7-8b8b09f52e7d,2026-07-05T10:30:00Z,2026-07-05T12:30:00+0200,16166.34082,MW,FR,FR,forecast_solar_generation,Solar,2026-07-19T12:33:22Z
2026-07-19T12:32:12Z,2026-07-19T14:32:12+0200,f397dbef-7cdb-41f6-bba7-8b8b09f52e7d,2026-07-05T10:45:00Z,2026-07-05T12:45:00+0200,15912.3916,MW,FR,FR,forecast_solar_generation,Solar,2026-07-19T12:33:22Z
2026-07-19T12:32:12Z,2026-07-19T14:32:12+0200,f397dbef-7cdb-41f6-bba7-8b8b09f52e7d,2026-07-05T11:00:00Z,2026-07-05T13:00:00+0200,14588.16602,MW,FR,FR,forecast_solar_generation,Solar,2026-07-19T12:33:22Z
2026-07-19T12:32:12Z,2026-07-19T14:32:12+0200,f397dbef-7cdb-41f6-bba7-8b8b09f52e7d,2026-07-05T11:15:00Z,2026-07-05T13:15:00+0200,14661.49219,MW,FR,FR,forecast_solar_generation,Solar,2026-07-19T12:33:22Z
2026-07-19T12:32:12Z,2026-07-19T14:32:12+0200,f397dbef-7cdb-41f6-bba7-8b8b09f52e7d,2026-07-05T11:30:00Z,2026-07-05T13:30:00+0200,14712.43555,MW,FR,FR,forecast_solar_generation,Solar,2026-07-19T12:33:22Z
2026-07-19T12:32:12Z,2026-07-19T14:32:12+0200,f397dbef-7cdb-41f6-bba7-8b8b09f52e7d,2026-07-05T11:45:00Z,2026-07-05T13:45:00+0200,14720.14453,MW,FR,FR,forecast_solar_generation,Solar,2026-07-19T12:33:22Z
2026-07-19T12:32:12Z,2026-07-19T14:32:12+0200,f397dbef-7cdb-41f6-bba7-8b8b09f52e7d,2026-07-05T12:00:00Z,2026-07-05T14:00:00+0200,14707.95117,MW,FR,FR,forecast_solar_generation,Solar,2026-07-19T12:33:22Z
2026-07-19T12:32:12Z,2026-07-19T14:32:12+0200,f397dbef-7cdb-41f6-bba7-8b8b09f52e7d,2026-07-05T12:15:00Z,2026-07-05T14:15:00+0200,14697.0957,MW,FR,FR,forecast_solar_generation,Solar,2026-07-19T12:33:22Z
2026-07-19T12:32:12Z,2026-07-19T14:32:12+0200,f397dbef-7cdb-41f6-bba7-8b8b09f52e7d,2026-07-05T12:30:00Z,2026-07-05T14:30:00+0200,14679.7002,MW,FR,FR,forecast_solar_generation,Solar,2026-07-19T12:33:22Z
2026-07-19T12:32:12Z,2026-07-19T14:32:12+0200,f397dbef-7cdb-41f6-bba7-8b8b09f52e7d,2026-07-05T12:45:00Z,2026-07-05T14:45:00+0200,14626.91211,MW,FR,FR,forecast_solar_generation,Solar,2026-07-19T12:33:22Z
2026-07-19T12:32:12Z,2026-07-19T14:32:12+0200,f397dbef-7cdb-41f6-bba7-8b8b09f52e7d,2026-07-05T13:00:00Z,2026-07-05T15:00:00+0200,14579.05566,MW,FR,FR,forecast_solar_generation,Solar,2026-07-19T12:33:22Z
2026-07-19T12:32:12Z,2026-07-19T14:32:12+0200,f397dbef-7cdb-41f6-bba7-8b8b09f52e7d,2026-07-05T13:15:00Z,2026-07-05T15:15:00+0200,14441.36523,MW,FR,FR,forecast_solar_generation,Solar,2026-07-19T12:33:22Z
2026-07-19T12:32:12Z,2026-07-19T14:32:12+0200,f397dbef-7cdb-41f6-bba7-8b8b09f52e7d,2026-07-05T13:30:00Z,2026-07-05T15:30:00+0200,14218.08789,MW,FR,FR,forecast_solar_generation,Solar,2026-07-19T12:33:22Z
2026-07-19T12:32:12Z,2026-07-19T14:32:12+0200,f397dbef-7cdb-41f6-bba7-8b8b09f52e7d,2026-07-05T13:45:00Z,2026-07-05T15:45:00+0200,13895.61523,MW,FR,FR,forecast_solar_generation,Solar,2026-07-19T12:33:22Z
2026-07-19T12:32:12Z,2026-07-19T14:32:12+0200,f397dbef-7cdb-41f6-bba7-8b8b09f52e7d,2026-07-05T14:00:00Z,2026-07-05T16:00:00+0200,13539.6709,MW,FR,FR,forecast_solar_generation,Solar,2026-07-19T12:33:22Z
2026-07-19T12:32:12Z,2026-07-19T14:32:12+0200,f397dbef-7cdb-41f6-bba7-8b8b09f52e7d,2026-07-05T14:15:00Z,2026-07-05T16:15:00+0200,13195.0498,MW,FR,FR,forecast_solar_generation,Solar,2026-07-19T12:33:22Z
2026-07-19T12:32:12Z,2026-07-19T14:32:12+0200,f397dbef-7cdb-41f6-bba7-8b8b09f52e7d,2026-07-05T14:30:00Z,2026-07-05T16:30:00+0200,14118.55566,MW,FR,FR,forecast_solar_generation,Solar,2026-07-19T12:33:22Z
2026-07-19T12:32:12Z,2026-07-19T14:32:12+0200,f397dbef-7cdb-41f6-bba7-8b8b09f52e7d,2026-07-05T14:45:00Z,2026-07-05T16:45:00+0200,13552.37891,MW,FR,FR,forecast_solar_generation,Solar,2026-07-19T12:33:22Z
2026-07-19T12:32:12Z,2026-07-19T14:32:12+0200,f397dbef-7cdb-41f6-bba7-8b8b09f52e7d,2026-07-05T15:00:00Z,2026-07-05T17:00:00+0200,12926.7168,MW,FR,FR,forecast_solar_generation,Solar,2026-07-19T12:33:22Z
2026-07-19T12:32:12Z,2026-07-19T14:32:12+0200,f397dbef-7cdb-41f6-bba7-8b8b09f52e7d,2026-07-05T15:15:00Z,2026-07-05T17:15:00+0200,12728.51367,MW,FR,FR,forecast_solar_generation,Solar,2026-07-19T12:33:22Z
2026-07-19T12:32:12Z,2026-07-19T14:32:12+0200,f397dbef-7cdb-41f6-bba7-8b8b09f52e7d,2026-07-05T15:30:00Z,2026-07-05T17:30:00+0200,12087.19043,MW,FR,FR,forecast_solar_generation,Solar,2026-07-19T12:33:22Z
2026-07-19T12:32:12Z,2026-07-19T14:32:12+0200,f397dbef-7cdb-41f6-bba7-8b8b09f52e7d,2026-07-05T15:45:00Z,2026-07-05T17:45:00+0200,11357.34277,MW,FR,FR,forecast_solar_generation,Solar,2026-07-19T12:33:22Z
2026-07-19T12:32:12Z,2026-07-19T14:32:12+0200,f397dbef-7cdb-41f6-bba7-8b8b09f52e7d,2026-07-05T16:00:00Z,2026-07-05T18:00:00+0200,10587.1582,MW,FR,FR,forecast_solar_generation,Solar,2026-07-19T12:33:22Z
2026-07-19T12:32:12Z,2026-07-19T14:32:12+0200,f397dbef-7cdb-41f6-bba7-8b8b09f52e7d,2026-07-05T16:15:00Z,2026-07-05T18:15:00+0200,12597.0957,MW,FR,FR,forecast_solar_generation,Solar,2026-07-19T12:33:22Z
2026-07-19T12:32:12Z,2026-07-19T14:32:12+0200,f397dbef-7cdb-41f6-bba7-8b8b09f52e7d,2026-07-05T16:30:00Z,2026-07-05T18:30:00+0200,11487.59863,MW,FR,FR,forecast_solar_generation,Solar,2026-07-19T12:33:22Z
2026-07-19T12:32:12Z,2026-07-19T14:32:12+0200,f397dbef-7cdb-41f6-bba7-8b8b09f52e7d,2026-07-05T16:45:00Z,2026-07-05T18:45:00+0200,10346.46191,MW,FR,FR,forecast_solar_generation,Solar,2026-07-19T12:33:22Z
2026-07-19T12:32:12Z,2026-07-19T14:32:12+0200,f397dbef-7cdb-41f6-bba7-8b8b09f52e7d,2026-07-05T17:00:00Z,2026-07-05T19:00:00+0200,9090.71875,MW,FR,FR,forecast_solar_generation,Solar,2026-07-19T12:33:22Z
2026-07-19T12:32:12Z,2026-07-19T14:32:12+0200,f397dbef-7cdb-41f6-bba7-8b8b09f52e7d,2026-07-05T17:15:00Z,2026-07-05T19:15:00+0200,7881.11719,MW,FR,FR,forecast_solar_generation,Solar,2026-07-19T12:33:22Z
2026-07-19T12:32:12Z,2026-07-19T14:32:12+0200,f397dbef-7cdb-41f6-bba7-8b8b09f52e7d,2026-07-05T17:30:00Z,2026-07-05T19:30:00+0200,6555.89014,MW,FR,FR,forecast_solar_generation,Solar,2026-07-19T12:33:22Z
2026-07-19T12:32:12Z,2026-07-19T14:32:12+0200,f397dbef-7cdb-41f6-bba7-8b8b09f52e7d,2026-07-05T17:45:00Z,2026-07-05T19:45:00+0200,5424.3208,MW,FR,FR,forecast_solar_generation,Solar,2026-07-19T12:33:22Z
2026-07-19T12:32:12Z,2026-07-19T14:32:12+0200,f397dbef-7cdb-41f6-bba7-8b8b09f52e7d,2026-07-05T18:00:00Z,2026-07-05T20:00:00+0200,4279.14062,MW,FR,FR,forecast_solar_generation,Solar,2026-07-19T12:33:22Z
2026-07-19T12:32:12Z,2026-07-19T14:32:12+0200,f397dbef-7cdb-41f6-bba7-8b8b09f52e7d,2026-07-05T18:15:00Z,2026-07-05T20:15:00+0200,3229.573,MW,FR,FR,forecast_solar_generation,Solar,2026-07-19T12:33:22Z
2026-07-19T12:32:12Z,2026-07-19T14:32:12+0200,f397dbef-7cdb-41f6-bba7-8b8b09f52e7d,2026-07-05T18:30:00Z,2026-07-05T20:30:00+0200,2355.41748,MW,FR,FR,forecast_solar_generation,Solar,2026-07-19T12:33:22Z
2026-07-19T12:32:12Z,2026-07-19T14:32:12+0200,f397dbef-7cdb-41f6-bba7-8b8b09f52e7d,2026-07-05T18:45:00Z,2026-07-05T20:45:00+0200,1721.02454,MW,FR,FR,forecast_solar_generation,Solar,2026-07-19T12:33:22Z
2026-07-19T12:32:12Z,2026-07-19T14:32:12+0200,f397dbef-7cdb-41f6-bba7-8b8b09f52e7d,2026-07-05T19:00:00Z,2026-07-05T21:00:00+0200,1164.3822,MW,FR,FR,forecast_solar_generation,Solar,2026-07-19T12:33:22Z
2026-07-19T12:32:12Z,2026-07-19T14:32:12+0200,f397dbef-7cdb-41f6-bba7-8b8b09f52e7d,2026-07-05T19:15:00Z,2026-07-05T21:15:00+0200,679.64404,MW,FR,FR,forecast_solar_generation,Solar,2026-07-19T12:33:22Z
2026-07-19T12:32:12Z,2026-07-19T14:32:12+0200,f397dbef-7cdb-41f6-bba7-8b8b09f52e7d,2026-07-05T19:30:00Z,2026-07-05T21:30:00+0200,255.9227,MW,FR,FR,forecast_solar_generation,Solar,2026-07-19T12:33:22Z
2026-07-19T12:32:12Z,2026-07-19T14:32:12+0200,f397dbef-7cdb-41f6-bba7-8b8b09f52e7d,2026-07-05T19:45:00Z,2026-07-05T21:45:00+0200,93.24839,MW,FR,FR,forecast_solar_generation,Solar,2026-07-19T12:33:22Z
2026-07-19T12:32:12Z,2026-07-19T14:32:12+0200,f397dbef-7cdb-41f6-bba7-8b8b09f52e7d,2026-07-05T20:00:00Z,2026-07-05T22:00:00+0200,9.8217,MW,FR,FR,forecast_solar_generation,Solar,2026-07-19T12:33:22Z
2026-07-19T12:32:12Z,2026-07-19T14:32:12+0200,f397dbef-7cdb-41f6-bba7-8b8b09f52e7d,2026-07-05T20:15:00Z,2026-07-05T22:15:00+0200,0.0,MW,FR,FR,forecast_solar_generation,Solar,2026-07-19T12:33:22Z
2026-07-19T12:32:12Z,2026-07-19T14:32:12+0200,f397dbef-7cdb-41f6-bba7-8b8b09f52e7d,2026-07-05T20:30:00Z,2026-07-05T22:30:00+0200,0.0,MW,FR,FR,forecast_solar_generation,Solar,2026-07-19T12:33:22Z
2026-07-19T12:32:12Z,2026-07-19T14:32:12+0200,f397dbef-7cdb-41f6-bba7-8b8b09f52e7d,2026-07-05T20:45:00Z,2026-07-05T22:45:00+0200,0.0,MW,FR,FR,forecast_solar_generation,Solar,2026-07-19T12:33:22Z
2026-07-19T12:32:12Z,2026-07-19T14:32:12+0200,f397dbef-7cdb-41f6-bba7-8b8b09f52e7d,2026-07-05T21:00:00Z,2026-07-05T23:00:00+0200,0.0,MW,FR,FR,forecast_solar_generation,Solar,2026-07-19T12:33:22Z
2026-07-19T12:32:12Z,2026-07-19T14:32:12+0200,f397dbef-7cdb-41f6-bba7-8b8b09f52e7d,2026-07-05T21:15:00Z,2026-07-05T23:15:00+0200,0.0,MW,FR,FR,forecast_solar_generation,Solar,2026-07-19T12:33:22Z
2026-07-19T12:32:12Z,2026-07-19T14:32:12+0200,f397dbef-7cdb-41f6-bba7-8b8b09f52e7d,2026-07-05T21:30:00Z,2026-07-05T23:30:00+0200,0.0,MW,FR,FR,forecast_solar_generation,Solar,2026-07-19T12:33:22Z
2026-07-19T12:32:12Z,2026-07-19T14:32:12+0200,f397dbef-7cdb-41f6-bba7-8b8b09f52e7d,2026-07-05T21:45:00Z,2026-07-05T23:45:00+0200,0.0,MW,FR,FR,forecast_solar_generation,Solar,2026-07-19T12:33:22Z
2026-07-19T12:32:12Z,2026-07-19T14:32:12+0200,f397dbef-7cdb-41f6-bba7-8b8b09f52e7d,2026-07-05T22:00:00Z,2026-07-06T00:00:00+0200,0.0,MW,FR,FR,forecast_solar_generation,Solar,2026-07-19T12:33:22Z
2026-07-19T12:32:12Z,2026-07-19T14:32:12+0200,f397dbef-7cdb-41f6-bba7-8b8b09f52e7d,2026-07-05T22:15:00Z,2026-07-06T00:15:00+0200,0.0,MW,FR,FR,forecast_solar_generation,Solar,2026-07-19T12:33:22Z
2026-07-19T12:32:12Z,2026-07-19T14:32:12+0200,f397dbef-7cdb-41f6-bba7-8b8b09f52e7d,2026-07-05T22:30:00Z,2026-07-06T00:30:00+0200,0.0,MW,FR,FR,forecast_solar_generation,Solar,2026-07-19T12:33:22Z
2026-07-19T12:32:12Z,2026-07-19T14:32:12+0200,f397dbef-7cdb-41f6-bba7-8b8b09f52e7d,2026-07-05T22:45:00Z,2026-07-06T00:45:00+0200,0.0,MW,FR,FR,forecast_solar_generation,Solar,2026-07-19T12:33:22Z
2026-07-19T12:32:12Z,2026-07-19T14:32:12+0200,f397dbef-7cdb-41f6-bba7-8b8b09f52e7d,2026-07-05T23:00:00Z,2026-07-06T01:00:00+0200,0.0,MW,FR,FR,forecast_solar_generation,Solar,2026-07-19T12:33:22Z
2026-07-19T12:32:12Z,2026-07-19T14:32:12+0200,f397dbef-7cdb-41f6-bba7-8b8b09f52e7d,2026-07-05T23:15:00Z,2026-07-06T01:15:00+0200,0.0,MW,FR,FR,forecast_solar_generation,Solar,2026-07-19T12:33:22Z
2026-07-19T12:32:12Z,2026-07-19T14:32:12+0200,f397dbef-7cdb-41f6-bba7-8b8b09f52e7d,2026-07-05T23:30:00Z,2026-07-06T01:30:00+0200,0.0,MW,FR,FR,forecast_solar_generation,Solar,2026-07-19T12:33:22Z
2026-07-19T12:32:12Z,2026-07-19T14:32:12+0200,f397dbef-7cdb-41f6-bba7-8b8b09f52e7d,2026-07-05T23:45:00Z,2026-07-06T01:45:00+0200,0.0,MW,FR,FR,forecast_solar_generation,Solar,2026-07-19T12:33:22Z
2026-07-19T12:32:12Z,2026-07-19T14:32:12+0200,f397dbef-7cdb-41f6-bba7-8b8b09f52e7d,2026-07-06T00:00:00Z,2026-07-06T02:00:00+0200,0.0,MW,FR,FR,forecast_solar_generation,Solar,2026-07-19T12:33:22Z
2026-07-19T12:32:12Z,2026-07-19T14:32:12+0200,f397dbef-7cdb-41f6-bba7-8b8b09f52e7d,2026-07-06T00:15:00Z,2026-07-06T02:15:00+0200,0.0,MW,FR,FR,forecast_solar_generation,Solar,2026-07-19T12:33:22Z
2026-07-19T12:32:12Z,2026-07-19T14:32:12+0200,f397dbef-7cdb-41f6-bba7-8b8b09f52e7d,2026-07-06T00:30:00Z,2026-07-06T02:30:00+0200,0.0,MW,FR,FR,forecast_solar_generation,Solar,2026-07-19T12:33:22Z
2026-07-19T12:32:12Z,2026-07-19T14:32:12+0200,f397dbef-7cdb-41f6-bba7-8b8b09f52e7d,2026-07-06T00:45:00Z,2026-07-06T02:45:00+0200,0.0,MW,FR,FR,forecast_solar_generation,Solar,2026-07-19T12:33:22Z
2026-07-19T12:32:12Z,2026-07-19T14:32:12+0200,f397dbef-7cdb-41f6-bba7-8b8b09f52e7d,2026-07-06T01:00:00Z,2026-07-06T03:00:00+0200,0.0,MW,FR,FR,forecast_solar_generation,Solar,2026-07-19T12:33:22Z
2026-07-19T12:32:12Z,2026-07-19T14:32:12+0200,f397dbef-7cdb-41f6-bba7-8b8b09f52e7d,2026-07-06T01:15:00Z,2026-07-06T03:15:00+0200,0.0,MW,FR,FR,forecast_solar_generation,Solar,2026-07-19T12:33:22Z
2026-07-19T12:32:12Z,2026-07-19T14:32:12+0200,f397dbef-7cdb-41f6-bba7-8b8b09f52e7d,2026-07-06T01:30:00Z,2026-07-06T03:30:00+0200,0.0,MW,FR,FR,forecast_solar_generation,Solar,2026-07-19T12:33:22Z
2026-07-19T12:32:12Z,2026-07-19T14:32:12+0200,f397dbef-7cdb-41f6-bba7-8b8b09f52e7d,2026-07-06T01:45:00Z,2026-07-06T03:45:00+0200,0.0,MW,FR,FR,forecast_solar_generation,Solar,2026-07-19T12:33:22Z
2026-07-19T12:32:12Z,2026-07-19T14:32:12+0200,f397dbef-7cdb-41f6-bba7-8b8b09f52e7d,2026-07-06T02:00:00Z,2026-07-06T04:00:00+0200,0.0,MW,FR,FR,forecast_solar_generation,Solar,2026-07-19T12:33:22Z
2026-07-19T12:32:12Z,2026-07-19T14:32:12+0200,f397dbef-7cdb-41f6-bba7-8b8b09f52e7d,2026-07-06T02:15:00Z,2026-07-06T04:15:00+0200,0.0,MW,FR,FR,forecast_solar_generation,Solar,2026-07-19T12:33:22Z
2026-07-19T12:32:12Z,2026-07-19T14:32:12+0200,f397dbef-7cdb-41f6-bba7-8b8b09f52e7d,2026-07-06T02:30:00Z,2026-07-06T04:30:00+0200,0.0,MW,FR,FR,forecast_solar_generation,Solar,2026-07-19T12:33:22Z
2026-07-19T12:32:12Z,2026-07-19T14:32:12+0200,f397dbef-7cdb-41f6-bba7-8b8b09f52e7d,2026-07-06T02:45:00Z,2026-07-06T04:45:00+0200,0.0,MW,FR,FR,forecast_solar_generation,Solar,2026-07-19T12:33:22Z
2026-07-19T12:32:12Z,2026-07-19T14:32:12+0200,f397dbef-7cdb-41f6-bba7-8b8b09f52e7d,2026-07-06T03:00:00Z,2026-07-06T05:00:00+0200,0.0,MW,FR,FR,forecast_solar_generation,Solar,2026-07-19T12:33:22Z
2026-07-19T12:32:12Z,2026-07-19T14:32:12+0200,f397dbef-7cdb-41f6-bba7-8b8b09f52e7d,2026-07-06T03:15:00Z,2026-07-06T05:15:00+0200,0.0,MW,FR,FR,forecast_solar_generation,Solar,2026-07-19T12:33:22Z
2026-07-19T12:32:12Z,2026-07-19T14:32:12+0200,f397dbef-7cdb-41f6-bba7-8b8b09f52e7d,2026-07-06T03:30:00Z,2026-07-06T05:30:00+0200,0.0,MW,FR,FR,forecast_solar_generation,Solar,2026-07-19T12:33:22Z
2026-07-19T12:32:12Z,2026-07-19T14:32:12+0200,f397dbef-7cdb-41f6-bba7-8b8b09f52e7d,2026-07-06T03:45:00Z,2026-07-06T05:45:00+0200,13.35803,MW,FR,FR,forecast_solar_generation,Solar,2026-07-19T12:33:22Z
2026-07-19T12:32:12Z,2026-07-19T14:32:12+0200,f397dbef-7cdb-41f6-bba7-8b8b09f52e7d,2026-07-06T04:00:00Z,2026-07-06T06:00:00+0200,59.83006,MW,FR,FR,forecast_solar_generation,Solar,2026-07-19T12:33:22Z
2026-07-19T12:32:12Z,2026-07-19T14:32:12+0200,f397dbef-7cdb-41f6-bba7-8b8b09f52e7d,2026-07-06T04:15:00Z,2026-07-06T06:15:00+0200,160.73196,MW,FR,FR,forecast_solar_generation,Solar,2026-07-19T12:33:22Z
2026-07-19T12:32:12Z,2026-07-19T14:32:12+0200,f397dbef-7cdb-41f6-bba7-8b8b09f52e7d,2026-07-06T04:30:00Z,2026-07-06T06:30:00+0200,281.21936,MW,FR,FR,forecast_solar_generation,Solar,2026-07-19T12:33:22Z
2026-07-19T12:32:12Z,2026-07-19T14:32:12+0200,f397dbef-7cdb-41f6-bba7-8b8b09f52e7d,2026-07-06T04:45:00Z,2026-07-06T06:45:00+0200,638.33752,MW,FR,FR,forecast_solar_generation,Solar,2026-07-19T12:33:22Z
2026-07-19T12:32:12Z,2026-07-19T14:32:12+0200,f397dbef-7cdb-41f6-bba7-8b8b09f52e7d,2026-07-06T05:00:00Z,2026-07-06T07:00:00+0200,1078.26318,MW,FR,FR,forecast_solar_generation,Solar,2026-07-19T12:33:22Z
2026-07-19T12:32:12Z,2026-07-19T14:32:12+0200,f397dbef-7cdb-41f6-bba7-8b8b09f52e7d,2026-07-06T05:15:00Z,2026-07-06T07:15:00+0200,1629.94287,MW,FR,FR,forecast_solar_generation,Solar,2026-07-19T12:33:22Z
2026-07-19T12:32:12Z,2026-07-19T14:32:12+0200,f397dbef-7cdb-41f6-bba7-8b8b09f52e7d,2026-07-06T05:30:00Z,2026-07-06T07:30:00+0200,2226.56201,MW,FR,FR,forecast_solar_generation,Solar,2026-07-19T12:33:22Z
2026-07-19T12:32:12Z,2026-07-19T14:32:12+0200,f397dbef-7cdb-41f6-bba7-8b8b09f52e7d,2026-07-06T05:45:00Z,2026-07-06T07:45:00+0200,3159.09082,MW,FR,FR,forecast_solar_generation,Solar,2026-07-19T12:33:22Z
2026-07-19T12:32:12Z,2026-07-19T14:32:12+0200,f397dbef-7cdb-41f6-bba7-8b8b09f52e7d,2026-07-06T06:00:00Z,2026-07-06T08:00:00+0200,4132.57324,MW,FR,FR,forecast_solar_generation,Solar,2026-07-19T12:33:22Z
2026-07-19T12:32:12Z,2026-07-19T14:32:12+0200,f397dbef-7cdb-41f6-bba7-8b8b09f52e7d,2026-07-06T06:15:00Z,2026-07-06T08:15:00+0200,5275.92188,MW,FR,FR,forecast_solar_generation,Solar,2026-07-19T12:33:22Z
2026-07-19T12:32:12Z,2026-07-19T14:32:12+0200,f397dbef-7cdb-41f6-bba7-8b8b09f52e7d,2026-07-06T06:30:00Z,2026-07-06T08:30:00+0200,6512.58984,MW,FR,FR,forecast_solar_generation,Solar,2026-07-19T12:33:22Z
2026-07-19T12:32:12Z,2026-07-19T14:32:12+0200,f397dbef-7cdb-41f6-bba7-8b8b09f52e7d,2026-07-06T06:45:00Z,2026-07-06T08:45:00+0200,7771.00098,MW,FR,FR,forecast_solar_generation,Solar,2026-07-19T12:33:22Z
2026-07-19T12:32:12Z,2026-07-19T14:32:12+0200,f397dbef-7cdb-41f6-bba7-8b8b09f52e7d,2026-07-06T07:00:00Z,2026-07-06T09:00:00+0200,9102.8457,MW,FR,FR,forecast_solar_generation,Solar,2026-07-19T12:33:22Z
2026-07-19T12:32:12Z,2026-07-19T14:32:12+0200,f397dbef-7cdb-41f6-bba7-8b8b09f52e7d,2026-07-06T07:15:00Z,2026-07-06T09:15:00+0200,10347.88965,MW,FR,FR,forecast_solar_generation,Solar,2026-07-19T12:33:22Z
2026-07-19T12:32:12Z,2026-07-19T14:32:12+0200,f397dbef-7cdb-41f6-bba7-8b8b09f52e7d,2026-07-06T07:30:00Z,2026-07-06T09:30:00+0200,11623.51758,MW,FR,FR,forecast_solar_generation,Solar,2026-07-19T12:33:22Z
2026-07-19T12:32:12Z,2026-07-19T14:32:12+0200,f397dbef-7cdb-41f6-bba7-8b8b09f52e7d,2026-07-06T07:45:00Z,2026-07-06T09:45:00+0200,12839.16113,MW,FR,FR,forecast_solar_generation,Solar,2026-07-19T12:33:22Z
2026-07-19T12:32:12Z,2026-07-19T14:32:12+0200,f397dbef-7cdb-41f6-bba7-8b8b09f52e7d,2026-07-06T08:00:00Z,2026-07-06T10:00:00+0200,14048.49414,MW,FR,FR,forecast_solar_generation,Solar,2026-07-19T12:33:22Z
2026-07-19T12:32:12Z,2026-07-19T14:32:12+0200,f397dbef-7cdb-41f6-bba7-8b8b09f52e7d,2026-07-06T08:15:00Z,2026-07-06T10:15:00+0200,15150.59961,MW,FR,FR,forecast_solar_generation,Solar,2026-07-19T12:33:22Z
2026-07-19T12:32:12Z,2026-07-19T14:32:12+0200,f397dbef-7cdb-41f6-bba7-8b8b09f52e7d,2026-07-06T08:30:00Z,2026-07-06T10:30:00+0200,16233.2002,MW,FR,FR,forecast_solar_generation,Solar,2026-07-19T12:33:22Z
2026-07-19T12:32:12Z,2026-07-19T14:32:12+0200,f397dbef-7cdb-41f6-bba7-8b8b09f52e7d,2026-07-06T08:45:00Z,2026-07-06T10:45:00+0200,17083.65625,MW,FR,FR,forecast_solar_generation,Solar,2026-07-19T12:33:22Z
2026-07-19T12:32:12Z,2026-07-19T14:32:12+0200,f397dbef-7cdb-41f6-bba7-8b8b09f52e7d,2026-07-06T09:00:00Z,2026-07-06T11:00:00+0200,17843.91016,MW,FR,FR,forecast_solar_generation,Solar,2026-07-19T12:33:22Z
2026-07-19T12:32:12Z,2026-07-19T14:32:12+0200,f397dbef-7cdb-41f6-bba7-8b8b09f52e7d,2026-07-06T09:15:00Z,2026-07-06T11:15:00+0200,18657.49805,MW,FR,FR,forecast_solar_generation,Solar,2026-07-19T12:33:22Z
2026-07-19T12:32:12Z,2026-07-19T14:32:12+0200,f397dbef-7cdb-41f6-bba7-8b8b09f52e7d,2026-07-06T09:30:00Z,2026-07-06T11:30:00+0200,19414.91602,MW,FR,FR,forecast_solar_generation,Solar,2026-07-19T12:33:22Z
2026-07-19T12:32:12Z,2026-07-19T14:32:12+0200,f397dbef-7cdb-41f6-bba7-8b8b09f52e7d,2026-07-06T09:45:00Z,2026-07-06T11:45:00+0200,19976.46094,MW,FR,FR,forecast_solar_generation,Solar,2026-07-19T12:33:22Z
2026-07-19T12:32:12Z,2026-07-19T14:32:12+0200,f397dbef-7cdb-41f6-bba7-8b8b09f52e7d,2026-07-06T10:00:00Z,2026-07-06T12:00:00+0200,20498.86523,MW,FR,FR,forecast_solar_generation,Solar,2026-07-19T12:33:22Z
2026-07-19T12:32:12Z,2026-07-19T14:32:12+0200,f397dbef-7cdb-41f6-bba7-8b8b09f52e7d,2026-07-06T10:15:00Z,2026-07-06T12:15:00+0200,20961.31836,MW,FR,FR,forecast_solar_generation,Solar,2026-07-19T12:33:22Z
2026-07-19T12:32:12Z,2026-07-19T14:32:12+0200,f397dbef-7cdb-41f6-bba7-8b8b09f52e7d,2026-07-06T10:30:00Z,2026-07-06T12:30:00+0200,21334.58398,MW,FR,FR,forecast_solar_generation,Solar,2026-07-19T12:33:22Z
2026-07-19T12:32:12Z,2026-07-19T14:32:12+0200,f397dbef-7cdb-41f6-bba7-8b8b09f52e7d,2026-07-06T10:45:00Z,2026-07-06T12:45:00+0200,21562.13086,MW,FR,FR,forecast_solar_generation,Solar,2026-07-19T12:33:22Z
2026-07-19T12:32:12Z,2026-07-19T14:32:12+0200,f397dbef-7cdb-41f6-bba7-8b8b09f52e7d,2026-07-06T11:00:00Z,2026-07-06T13:00:00+0200,21723.28906,MW,FR,FR,forecast_solar_generation,Solar,2026-07-19T12:33:22Z
2026-07-19T12:32:12Z,2026-07-19T14:32:12+0200,f397dbef-7cdb-41f6-bba7-8b8b09f52e7d,2026-07-06T11:15:00Z,2026-07-06T13:15:00+0200,21777.69336,MW,FR,FR,forecast_solar_generation,Solar,2026-07-19T12:33:22Z
2026-07-19T12:32:12Z,2026-07-19T14:32:12+0200,f397dbef-7cdb-41f6-bba7-8b8b09f52e7d,2026-07-06T11:30:00Z,2026-07-06T13:30:00+0200,21807.2168,MW,FR,FR,forecast_solar_generation,Solar,2026-07-19T12:33:22Z
2026-07-19T12:32:12Z,2026-07-19T14:32:12+0200,f397dbef-7cdb-41f6-bba7-8b8b09f52e7d,2026-07-06T11:45:00Z,2026-07-06T13:45:00+0200,21816.32227,MW,FR,FR,forecast_solar_generation,Solar,2026-07-19T12:33:22Z
2026-07-19T12:32:12Z,2026-07-19T14:32:12+0200,f397dbef-7cdb-41f6-bba7-8b8b09f52e7d,2026-07-06T12:00:00Z,2026-07-06T14:00:00+0200,21812.18359,MW,FR,FR,forecast_solar_generation,Solar,2026-07-19T12:33:22Z
2026-07-19T12:32:12Z,2026-07-19T14:32:12+0200,f397dbef-7cdb-41f6-bba7-8b8b09f52e7d,2026-07-06T12:15:00Z,2026-07-06T14:15:00+0200,21795.91992,MW,FR,FR,forecast_solar_generation,Solar,2026-07-19T12:33:22Z
2026-07-19T12:32:12Z,2026-07-19T14:32:12+0200,f397dbef-7cdb-41f6-bba7-8b8b09f52e7d,2026-07-06T12:30:00Z,2026-07-06T14:30:00+0200,21774.75,MW,FR,FR,forecast_solar_generation,Solar,2026-07-19T12:33:22Z
2026-07-19T12:32:12Z,2026-07-19T14:32:12+0200,f397dbef-7cdb-41f6-bba7-8b8b09f52e7d,2026-07-06T12:45:00Z,2026-07-06T14:45:00+0200,21732.0957,MW,FR,FR,forecast_solar_generation,Solar,2026-07-19T12:33:22Z
2026-07-19T12:32:12Z,2026-07-19T14:32:12+0200,f397dbef-7cdb-41f6-bba7-8b8b09f52e7d,2026-07-06T13:00:00Z,2026-07-06T15:00:00+0200,21633.30273,MW,FR,FR,forecast_solar_generation,Solar,2026-07-19T12:33:22Z
2026-07-19T12:32:12Z,2026-07-19T14:32:12+0200,f397dbef-7cdb-41f6-bba7-8b8b09f52e7d,2026-07-06T13:15:00Z,2026-07-06T15:15:00+0200,21449.29297,MW,FR,FR,forecast_solar_generation,Solar,2026-07-19T12:33:22Z
2026-07-19T12:32:12Z,2026-07-19T14:32:12+0200,f397dbef-7cdb-41f6-bba7-8b8b09f52e7d,2026-07-06T13:30:00Z,2026-07-06T15:30:00+0200,21196.36328,MW,FR,FR,forecast_solar_generation,Solar,2026-07-19T12:33:22Z
2026-07-19T12:32:12Z,2026-07-19T14:32:12+0200,f397dbef-7cdb-41f6-bba7-8b8b09f52e7d,2026-07-06T13:45:00Z,2026-07-06T15:45:00+0200,20758.29102,MW,FR,FR,forecast_solar_generation,Solar,2026-07-19T12:33:22Z
2026-07-19T12:32:12Z,2026-07-19T14:32:12+0200,f397dbef-7cdb-41f6-bba7-8b8b09f52e7d,2026-07-06T14:00:00Z,2026-07-06T16:00:00+0200,20263.79492,MW,FR,FR,forecast_solar_generation,Solar,2026-07-19T12:33:22Z
2026-07-19T12:32:12Z,2026-07-19T14:32:12+0200,f397dbef-7cdb-41f6-bba7-8b8b09f52e7d,2026-07-06T14:15:00Z,2026-07-06T16:15:00+0200,19781.12695,MW,FR,FR,forecast_solar_generation,Solar,2026-07-19T12:33:22Z
2026-07-19T12:32:12Z,2026-07-19T14:32:12+0200,f397dbef-7cdb-41f6-bba7-8b8b09f52e7d,2026-07-06T14:30:00Z,2026-07-06T16:30:00+0200,19182.62695,MW,FR,FR,forecast_solar_generation,Solar,2026-07-19T12:33:22Z
2026-07-19T12:32:12Z,2026-07-19T14:32:12+0200,f397dbef-7cdb-41f6-bba7-8b8b09f52e7d,2026-07-06T14:45:00Z,2026-07-06T16:45:00+0200,18460.16211,MW,FR,FR,forecast_solar_generation,Solar,2026-07-19T12:33:22Z
2026-07-19T12:32:12Z,2026-07-19T14:32:12+0200,f397dbef-7cdb-41f6-bba7-8b8b09f52e7d,2026-07-06T15:00:00Z,2026-07-06T17:00:00+0200,17612.81641,MW,FR,FR,forecast_solar_generation,Solar,2026-07-19T12:33:22Z
2026-07-19T12:32:12Z,2026-07-19T14:32:12+0200,f397dbef-7cdb-41f6-bba7-8b8b09f52e7d,2026-07-06T15:15:00Z,2026-07-06T17:15:00+0200,16830.58984,MW,FR,FR,forecast_solar_generation,Solar,2026-07-19T12:33:22Z
2026-07-19T12:32:12Z,2026-07-19T14:32:12+0200,f397dbef-7cdb-41f6-bba7-8b8b09f52e7d,2026-07-06T15:30:00Z,2026-07-06T17:30:00+0200,15953.91895,MW,FR,FR,forecast_solar_generation,Solar,2026-07-19T12:33:22Z
2026-07-19T12:32:12Z,2026-07-19T14:32:12+0200,f397dbef-7cdb-41f6-bba7-8b8b09f52e7d,2026-07-06T15:45:00Z,2026-07-06T17:45:00+0200,14983.9082,MW,FR,FR,forecast_solar_generation,Solar,2026-07-19T12:33:22Z
2026-07-19T12:32:12Z,2026-07-19T14:32:12+0200,f397dbef-7cdb-41f6-bba7-8b8b09f52e7d,2026-07-06T16:00:00Z,2026-07-06T18:00:00+0200,13928.21484,MW,FR,FR,forecast_solar_generation,Solar,2026-07-19T12:33:22Z
2026-07-19T12:32:12Z,2026-07-19T14:32:12+0200,f397dbef-7cdb-41f6-bba7-8b8b09f52e7d,2026-07-06T16:15:00Z,2026-07-06T18:15:00+0200,12831.56934,MW,FR,FR,forecast_solar_generation,Solar,2026-07-19T12:33:22Z
2026-07-19T12:32:12Z,2026-07-19T14:32:12+0200,f397dbef-7cdb-41f6-bba7-8b8b09f52e7d,2026-07-06T16:30:00Z,2026-07-06T18:30:00+0200,11691.75098,MW,FR,FR,forecast_solar_generation,Solar,2026-07-19T12:33:22Z
2026-07-19T12:32:12Z,2026-07-19T14:32:12+0200,f397dbef-7cdb-41f6-bba7-8b8b09f52e7d,2026-07-06T16:45:00Z,2026-07-06T18:45:00+0200,10498.08691,MW,FR,FR,forecast_solar_generation,Solar,2026-07-19T12:33:22Z
2026-07-19T12:32:12Z,2026-07-19T14:32:12+0200,f397dbef-7cdb-41f6-bba7-8b8b09f52e7d,2026-07-06T17:00:00Z,2026-07-06T19:00:00+0200,9235.49414,MW,FR,FR,forecast_solar_generation,Solar,2026-07-19T12:33:22Z
2026-07-19T12:32:12Z,2026-07-19T14:32:12+0200,f397dbef-7cdb-41f6-bba7-8b8b09f52e7d,2026-07-06T17:15:00Z,2026-07-06T19:15:00+0200,7988.99512,MW,FR,FR,forecast_solar_generation,Solar,2026-07-19T12:33:22Z
2026-07-19T12:32:12Z,2026-07-19T14:32:12+0200,f397dbef-7cdb-41f6-bba7-8b8b09f52e7d,2026-07-06T17:30:00Z,2026-07-06T19:30:00+0200,6644.87793,MW,FR,FR,forecast_solar_generation,Solar,2026-07-19T12:33:22Z
2026-07-19T12:32:12Z,2026-07-19T14:32:12+0200,f397dbef-7cdb-41f6-bba7-8b8b09f52e7d,2026-07-06T17:45:00Z,2026-07-06T19:45:00+0200,5482.04297,MW,FR,FR,forecast_solar_generation,Solar,2026-07-19T12:33:22Z
2026-07-19T12:32:12Z,2026-07-19T14:32:12+0200,f397dbef-7cdb-41f6-bba7-8b8b09f52e7d,2026-07-06T18:00:00Z,2026-07-06T20:00:00+0200,4334.9541,MW,FR,FR,forecast_solar_generation,Solar,2026-07-19T12:33:22Z
2026-07-19T12:32:12Z,2026-07-19T14:32:12+0200,f397dbef-7cdb-41f6-bba7-8b8b09f52e7d,2026-07-06T18:15:00Z,2026-07-06T20:15:00+0200,3257.42847,MW,FR,FR,forecast_solar_generation,Solar,2026-07-19T12:33:22Z
2026-07-19T12:32:12Z,2026-07-19T14:32:12+0200,f397dbef-7cdb-41f6-bba7-8b8b09f52e7d,2026-07-06T18:30:00Z,2026-07-06T20:30:00+0200,2389.71533,MW,FR,FR,forecast_solar_generation,Solar,2026-07-19T12:33:22Z
2026-07-19T12:32:12Z,2026-07-19T14:32:12+0200,f397dbef-7cdb-41f6-bba7-8b8b09f52e7d,2026-07-06T18:45:00Z,2026-07-06T20:45:00+0200,1754.02844,MW,FR,FR,forecast_solar_generation,Solar,2026-07-19T12:33:22Z
2026-07-19T12:32:12Z,2026-07-19T14:32:12+0200,f397dbef-7cdb-41f6-bba7-8b8b09f52e7d,2026-07-06T19:00:00Z,2026-07-06T21:00:00+0200,1199.47705,MW,FR,FR,forecast_solar_generation,Solar,2026-07-19T12:33:22Z
2026-07-19T12:32:12Z,2026-07-19T14:32:12+0200,f397dbef-7cdb-41f6-bba7-8b8b09f52e7d,2026-07-06T19:15:00Z,2026-07-06T21:15:00+0200,709.12207,MW,FR,FR,forecast_solar_generation,Solar,2026-07-19T12:33:22Z
2026-07-19T12:32:12Z,2026-07-19T14:32:12+0200,f397dbef-7cdb-41f6-bba7-8b8b09f52e7d,2026-07-06T19:30:00Z,2026-07-06T21:30:00+0200,270.07062,MW,FR,FR,forecast_solar_generation,Solar,2026-07-19T12:33:22Z
2026-07-19T12:32:12Z,2026-07-19T14:32:12+0200,f397dbef-7cdb-41f6-bba7-8b8b09f52e7d,2026-07-06T19:45:00Z,2026-07-06T21:45:00+0200,89.41419,MW,FR,FR,forecast_solar_generation,Solar,2026-07-19T12:33:22Z
2026-07-19T12:32:12Z,2026-07-19T14:32:12+0200,f397dbef-7cdb-41f6-bba7-8b8b09f52e7d,2026-07-06T20:00:00Z,2026-07-06T22:00:00+0200,10.06002,MW,FR,FR,forecast_solar_generation,Solar,2026-07-19T12:33:22Z
2026-07-19T12:32:12Z,2026-07-19T14:32:12+0200,f397dbef-7cdb-41f6-bba7-8b8b09f52e7d,2026-07-06T20:15:00Z,2026-07-06T22:15:00+0200,0.0,MW,FR,FR,forecast_solar_generation,Solar,2026-07-19T12:33:22Z
2026-07-19T12:32:12Z,2026-07-19T14:32:12+0200,f397dbef-7cdb-41f6-bba7-8b8b09f52e7d,2026-07-06T20:30:00Z,2026-07-06T22:30:00+0200,0.0,MW,FR,FR,forecast_solar_generation,Solar,2026-07-19T12:33:22Z
2026-07-19T12:32:12Z,2026-07-19T14:32:12+0200,f397dbef-7cdb-41f6-bba7-8b8b09f52e7d,2026-07-06T20:45:00Z,2026-07-06T22:45:00+0200,0.0,MW,FR,FR,forecast_solar_generation,Solar,2026-07-19T12:33:22Z
2026-07-19T12:32:12Z,2026-07-19T14:32:12+0200,f397dbef-7cdb-41f6-bba7-8b8b09f52e7d,2026-07-06T21:00:00Z,2026-07-06T23:00:00+0200,0.0,MW,FR,FR,forecast_solar_generation,Solar,2026-07-19T12:33:22Z
2026-07-19T12:32:12Z,2026-07-19T14:32:12+0200,f397dbef-7cdb-41f6-bba7-8b8b09f52e7d,2026-07-06T21:15:00Z,2026-07-06T23:15:00+0200,0.0,MW,FR,FR,forecast_solar_generation,Solar,2026-07-19T12:33:22Z
2026-07-19T12:32:12Z,2026-07-19T14:32:12+0200,f397dbef-7cdb-41f6-bba7-8b8b09f52e7d,2026-07-06T21:30:00Z,2026-07-06T23:30:00+0200,0.0,MW,FR,FR,forecast_solar_generation,Solar,2026-07-19T12:33:22Z
2026-07-19T12:32:12Z,2026-07-19T14:32:12+0200,f397dbef-7cdb-41f6-bba7-8b8b09f52e7d,2026-07-06T21:45:00Z,2026-07-06T23:45:00+0200,0.0,MW,FR,FR,forecast_solar_generation,Solar,2026-07-19T12:33:22Z
2026-07-19T12:32:12Z,2026-07-19T14:32:12+0200,f397dbef-7cdb-41f6-bba7-8b8b09f52e7d,2026-07-06T22:00:00Z,2026-07-07T00:00:00+0200,0.0,MW,FR,FR,forecast_solar_generation,Solar,2026-07-19T12:33:22Z
2026-07-19T12:32:12Z,2026-07-19T14:32:12+0200,f397dbef-7cdb-41f6-bba7-8b8b09f52e7d,2026-07-06T22:15:00Z,2026-07-07T00:15:00+0200,0.0,MW,FR,FR,forecast_solar_generation,Solar,2026-07-19T12:33:22Z
2026-07-19T12:32:12Z,2026-07-19T14:32:12+0200,f397dbef-7cdb-41f6-bba7-8b8b09f52e7d,2026-07-06T22:30:00Z,2026-07-07T00:30:00+0200,0.0,MW,FR,FR,forecast_solar_generation,Solar,2026-07-19T12:33:22Z
2026-07-19T12:32:12Z,2026-07-19T14:32:12+0200,f397dbef-7cdb-41f6-bba7-8b8b09f52e7d,2026-07-06T22:45:00Z,2026-07-07T00:45:00+0200,0.0,MW,FR,FR,forecast_solar_generation,Solar,2026-07-19T12:33:22Z
2026-07-19T12:32:12Z,2026-07-19T14:32:12+0200,f397dbef-7cdb-41f6-bba7-8b8b09f52e7d,2026-07-06T23:00:00Z,2026-07-07T01:00:00+0200,0.0,MW,FR,FR,forecast_solar_generation,Solar,2026-07-19T12:33:22Z
2026-07-19T12:32:12Z,2026-07-19T14:32:12+0200,f397dbef-7cdb-41f6-bba7-8b8b09f52e7d,2026-07-06T23:15:00Z,2026-07-07T01:15:00+0200,0.0,MW,FR,FR,forecast_solar_generation,Solar,2026-07-19T12:33:22Z
2026-07-19T12:32:12Z,2026-07-19T14:32:12+0200,f397dbef-7cdb-41f6-bba7-8b8b09f52e7d,2026-07-06T23:30:00Z,2026-07-07T01:30:00+0200,0.0,MW,FR,FR,forecast_solar_generation,Solar,2026-07-19T12:33:22Z
2026-07-19T12:32:12Z,2026-07-19T14:32:12+0200,f397dbef-7cdb-41f6-bba7-8b8b09f52e7d,2026-07-06T23:45:00Z,2026-07-07T01:45:00+0200,0.0,MW,FR,FR,forecast_solar_generation,Solar,2026-07-19T12:33:22Z
2026-07-19T12:32:12Z,2026-07-19T14:32:12+0200,f397dbef-7cdb-41f6-bba7-8b8b09f52e7d,2026-07-07T00:00:00Z,2026-07-07T02:00:00+0200,0.0,MW,FR,FR,forecast_solar_generation,Solar,2026-07-19T12:33:22Z
2026-07-19T12:32:12Z,2026-07-19T14:32:12+0200,f397dbef-7cdb-41f6-bba7-8b8b09f52e7d,2026-07-07T00:15:00Z,2026-07-07T02:15:00+0200,0.0,MW,FR,FR,forecast_solar_generation,Solar,2026-07-19T12:33:22Z
2026-07-19T12:32:12Z,2026-07-19T14:32:12+0200,f397dbef-7cdb-41f6-bba7-8b8b09f52e7d,2026-07-07T00:30:00Z,2026-07-07T02:30:00+0200,0.0,MW,FR,FR,forecast_solar_generation,Solar,2026-07-19T12:33:22Z
2026-07-19T12:32:12Z,2026-07-19T14:32:12+0200,f397dbef-7cdb-41f6-bba7-8b8b09f52e7d,2026-07-07T00:45:00Z,2026-07-07T02:45:00+0200,0.0,MW,FR,FR,forecast_solar_generation,Solar,2026-07-19T12:33:22Z
2026-07-19T12:32:12Z,2026-07-19T14:32:12+0200,f397dbef-7cdb-41f6-bba7-8b8b09f52e7d,2026-07-07T01:00:00Z,2026-07-07T03:00:00+0200,0.0,MW,FR,FR,forecast_solar_generation,Solar,2026-07-19T12:33:22Z
2026-07-19T12:32:12Z,2026-07-19T14:32:12+0200,f397dbef-7cdb-41f6-bba7-8b8b09f52e7d,2026-07-07T01:15:00Z,2026-07-07T03:15:00+0200,0.0,MW,FR,FR,forecast_solar_generation,Solar,2026-07-19T12:33:22Z
2026-07-19T12:32:12Z,2026-07-19T14:32:12+0200,f397dbef-7cdb-41f6-bba7-8b8b09f52e7d,2026-07-07T01:30:00Z,2026-07-07T03:30:00+0200,0.0,MW,FR,FR,forecast_solar_generation,Solar,2026-07-19T12:33:22Z
2026-07-19T12:32:12Z,2026-07-19T14:32:12+0200,f397dbef-7cdb-41f6-bba7-8b8b09f52e7d,2026-07-07T01:45:00Z,2026-07-07T03:45:00+0200,0.0,MW,FR,FR,forecast_solar_generation,Solar,2026-07-19T12:33:22Z
2026-07-19T12:32:12Z,2026-07-19T14:32:12+0200,f397dbef-7cdb-41f6-bba7-8b8b09f52e7d,2026-07-07T02:00:00Z,2026-07-07T04:00:00+0200,0.0,MW,FR,FR,forecast_solar_generation,Solar,2026-07-19T12:33:22Z
2026-07-19T12:32:12Z,2026-07-19T14:32:12+0200,f397dbef-7cdb-41f6-bba7-8b8b09f52e7d,2026-07-07T02:15:00Z,2026-07-07T04:15:00+0200,0.0,MW,FR,FR,forecast_solar_generation,Solar,2026-07-19T12:33:22Z
2026-07-19T12:32:12Z,2026-07-19T14:32:12+0200,f397dbef-7cdb-41f6-bba7-8b8b09f52e7d,2026-07-07T02:30:00Z,2026-07-07T04:30:00+0200,0.0,MW,FR,FR,forecast_solar_generation,Solar,2026-07-19T12:33:22Z
2026-07-19T12:32:12Z,2026-07-19T14:32:12+0200,f397dbef-7cdb-41f6-bba7-8b8b09f52e7d,2026-07-07T02:45:00Z,2026-07-07T04:45:00+0200,0.0,MW,FR,FR,forecast_solar_generation,Solar,2026-07-19T12:33:22Z
2026-07-19T12:32:12Z,2026-07-19T14:32:12+0200,f397dbef-7cdb-41f6-bba7-8b8b09f52e7d,2026-07-07T03:00:00Z,2026-07-07T05:00:00+0200,0.0,MW,FR,FR,forecast_solar_generation,Solar,2026-07-19T12:33:22Z
2026-07-19T12:32:12Z,2026-07-19T14:32:12+0200,f397dbef-7cdb-41f6-bba7-8b8b09f52e7d,2026-07-07T03:15:00Z,2026-07-07T05:15:00+0200,0.0,MW,FR,FR,forecast_solar_generation,Solar,2026-07-19T12:33:22Z
2026-07-19T12:32:12Z,2026-07-19T14:32:12+0200,f397dbef-7cdb-41f6-bba7-8b8b09f52e7d,2026-07-07T03:30:00Z,2026-07-07T05:30:00+0200,0.0,MW,FR,FR,forecast_solar_generation,Solar,2026-07-19T12:33:22Z
2026-07-19T12:32:12Z,2026-07-19T14:32:12+0200,f397dbef-7cdb-41f6-bba7-8b8b09f52e7d,2026-07-07T03:45:00Z,2026-07-07T05:45:00+0200,11.90893,MW,FR,FR,forecast_solar_generation,Solar,2026-07-19T12:33:22Z
2026-07-19T12:32:12Z,2026-07-19T14:32:12+0200,f397dbef-7cdb-41f6-bba7-8b8b09f52e7d,2026-07-07T04:00:00Z,2026-07-07T06:00:00+0200,52.8149,MW,FR,FR,forecast_solar_generation,Solar,2026-07-19T12:33:22Z
2026-07-19T12:32:12Z,2026-07-19T14:32:12+0200,f397dbef-7cdb-41f6-bba7-8b8b09f52e7d,2026-07-07T04:15:00Z,2026-07-07T06:15:00+0200,151.66541,MW,FR,FR,forecast_solar_generation,Solar,2026-07-19T12:33:22Z
2026-07-19T12:32:12Z,2026-07-19T14:32:12+0200,f397dbef-7cdb-41f6-bba7-8b8b09f52e7d,2026-07-07T04:30:00Z,2026-07-07T06:30:00+0200,269.73407,MW,FR,FR,forecast_solar_generation,Solar,2026-07-19T12:33:22Z
2026-07-19T12:32:12Z,2026-07-19T14:32:12+0200,f397dbef-7cdb-41f6-bba7-8b8b09f52e7d,2026-07-07T04:45:00Z,2026-07-07T06:45:00+0200,617.34442,MW,FR,FR,forecast_solar_generation,Solar,2026-07-19T12:33:22Z
2026-07-19T12:32:12Z,2026-07-19T14:32:12+0200,f397dbef-7cdb-41f6-bba7-8b8b09f52e7d,2026-07-07T05:00:00Z,2026-07-07T07:00:00+0200,1058.17932,MW,FR,FR,forecast_solar_generation,Solar,2026-07-19T12:33:22Z
2026-07-19T12:32:12Z,2026-07-19T14:32:12+0200,f397dbef-7cdb-41f6-bba7-8b8b09f52e7d,2026-07-07T05:15:00Z,2026-07-07T07:15:00+0200,1595.7179,MW,FR,FR,forecast_solar_generation,Solar,2026-07-19T12:33:22Z
2026-07-19T12:32:12Z,2026-07-19T14:32:12+0200,f397dbef-7cdb-41f6-bba7-8b8b09f52e7d,2026-07-07T05:30:00Z,2026-07-07T07:30:00+0200,2187.18066,MW,FR,FR,forecast_solar_generation,Solar,2026-07-19T12:33:22Z
2026-07-19T12:32:12Z,2026-07-19T14:32:12+0200,f397dbef-7cdb-41f6-bba7-8b8b09f52e7d,2026-07-07T05:45:00Z,2026-07-07T07:45:00+0200,3115.58325,MW,FR,FR,forecast_solar_generation,Solar,2026-07-19T12:33:22Z
2026-07-19T12:32:12Z,2026-07-19T14:32:12+0200,f397dbef-7cdb-41f6-bba7-8b8b09f52e7d,2026-07-07T06:00:00Z,2026-07-07T08:00:00+0200,4082.11865,MW,FR,FR,forecast_solar_generation,Solar,2026-07-19T12:33:22Z
2026-07-19T12:32:12Z,2026-07-19T14:32:12+0200,f397dbef-7cdb-41f6-bba7-8b8b09f52e7d,2026-07-07T06:15:00Z,2026-07-07T08:15:00+0200,5217.77002,MW,FR,FR,forecast_solar_generation,Solar,2026-07-19T12:33:22Z
2026-07-19T12:32:12Z,2026-07-19T14:32:12+0200,f397dbef-7cdb-41f6-bba7-8b8b09f52e7d,2026-07-07T06:30:00Z,2026-07-07T08:30:00+0200,6452.40186,MW,FR,FR,forecast_solar_generation,Solar,2026-07-19T12:33:22Z
2026-07-19T12:32:12Z,2026-07-19T14:32:12+0200,f397dbef-7cdb-41f6-bba7-8b8b09f52e7d,2026-07-07T06:45:00Z,2026-07-07T08:45:00+0200,7719.52588,MW,FR,FR,forecast_solar_generation,Solar,2026-07-19T12:33:22Z
2026-07-19T12:32:12Z,2026-07-19T14:32:12+0200,f397dbef-7cdb-41f6-bba7-8b8b09f52e7d,2026-07-07T07:00:00Z,2026-07-07T09:00:00+0200,9052.36914,MW,FR,FR,forecast_solar_generation,Solar,2026-07-19T12:33:22Z
2026-07-19T12:32:12Z,2026-07-19T14:32:12+0200,f397dbef-7cdb-41f6-bba7-8b8b09f52e7d,2026-07-07T07:15:00Z,2026-07-07T09:15:00+0200,10280.7998,MW,FR,FR,forecast_solar_generation,Solar,2026-07-19T12:33:22Z
2026-07-19T12:32:12Z,2026-07-19T14:32:12+0200,f397dbef-7cdb-41f6-bba7-8b8b09f52e7d,2026-07-07T07:30:00Z,2026-07-07T09:30:00+0200,11546.57812,MW,FR,FR,forecast_solar_generation,Solar,2026-07-19T12:33:22Z
2026-07-19T12:32:12Z,2026-07-19T14:32:12+0200,f397dbef-7cdb-41f6-bba7-8b8b09f52e7d,2026-07-07T07:45:00Z,2026-07-07T09:45:00+0200,12729.06152,MW,FR,FR,forecast_solar_generation,Solar,2026-07-19T12:33:22Z
2026-07-19T12:32:12Z,2026-07-19T14:32:12+0200,f397dbef-7cdb-41f6-bba7-8b8b09f52e7d,2026-07-07T08:00:00Z,2026-07-07T10:00:00+0200,13878.0918,MW,FR,FR,forecast_solar_generation,Solar,2026-07-19T12:33:22Z
2026-07-19T12:32:12Z,2026-07-19T14:32:12+0200,f397dbef-7cdb-41f6-bba7-8b8b09f52e7d,2026-07-07T08:15:00Z,2026-07-07T10:15:00+0200,14969.74023,MW,FR,FR,forecast_solar_generation,Solar,2026-07-19T12:33:22Z
2026-07-19T12:32:12Z,2026-07-19T14:32:12+0200,f397dbef-7cdb-41f6-bba7-8b8b09f52e7d,2026-07-07T08:30:00Z,2026-07-07T10:30:00+0200,15959.9502,MW,FR,FR,forecast_solar_generation,Solar,2026-07-19T12:33:22Z
2026-07-19T12:32:12Z,2026-07-19T14:32:12+0200,f397dbef-7cdb-41f6-bba7-8b8b09f52e7d,2026-07-07T08:45:00Z,2026-07-07T10:45:00+0200,16766.40039,MW,FR,FR,forecast_solar_generation,Solar,2026-07-19T12:33:22Z
2026-07-19T12:32:12Z,2026-07-19T14:32:12+0200,f397dbef-7cdb-41f6-bba7-8b8b09f52e7d,2026-07-07T09:00:00Z,2026-07-07T11:00:00+0200,17500.07812,MW,FR,FR,forecast_solar_generation,Solar,2026-07-19T12:33:22Z
2026-07-19T12:32:12Z,2026-07-19T14:32:12+0200,f397dbef-7cdb-41f6-bba7-8b8b09f52e7d,2026-07-07T09:15:00Z,2026-07-07T11:15:00+0200,18272.39453,MW,FR,FR,forecast_solar_generation,Solar,2026-07-19T12:33:22Z
2026-07-19T12:32:12Z,2026-07-19T14:32:12+0200,f397dbef-7cdb-41f6-bba7-8b8b09f52e7d,2026-07-07T09:30:00Z,2026-07-07T11:30:00+0200,18963.81836,MW,FR,FR,forecast_solar_generation,Solar,2026-07-19T12:33:22Z
2026-07-19T12:32:12Z,2026-07-19T14:32:12+0200,f397dbef-7cdb-41f6-bba7-8b8b09f52e7d,2026-07-07T09:45:00Z,2026-07-07T11:45:00+0200,15024.31836,MW,FR,FR,forecast_solar_generation,Solar,2026-07-19T12:33:22Z
2026-07-19T12:32:12Z,2026-07-19T14:32:12+0200,f397dbef-7cdb-41f6-bba7-8b8b09f52e7d,2026-07-07T10:00:00Z,2026-07-07T12:00:00+0200,15382.39258,MW,FR,FR,forecast_solar_generation,Solar,2026-07-19T12:33:22Z
2026-07-19T12:32:12Z,2026-07-19T14:32:12+0200,f397dbef-7cdb-41f6-bba7-8b8b09f52e7d,2026-07-07T10:15:00Z,2026-07-07T12:15:00+0200,20329.23828,MW,FR,FR,forecast_solar_generation,Solar,2026-07-19T12:33:22Z
2026-07-19T12:32:12Z,2026-07-19T14:32:12+0200,f397dbef-7cdb-41f6-bba7-8b8b09f52e7d,2026-07-07T10:30:00Z,2026-07-07T12:30:00+0200,20693.76562,MW,FR,FR,forecast_solar_generation,Solar,2026-07-19T12:33:22Z
2026-07-19T12:32:12Z,2026-07-19T14:32:12+0200,f397dbef-7cdb-41f6-bba7-8b8b09f52e7d,2026-07-07T10:45:00Z,2026-07-07T12:45:00+0200,20957.09766,MW,FR,FR,forecast_solar_generation,Solar,2026-07-19T12:33:22Z
2026-07-19T12:32:12Z,2026-07-19T14:32:12+0200,f397dbef-7cdb-41f6-bba7-8b8b09f52e7d,2026-07-07T11:00:00Z,2026-07-07T13:00:00+0200,21138.54883,MW,FR,FR,forecast_solar_generation,Solar,2026-07-19T12:33:22Z
2026-07-19T12:32:12Z,2026-07-19T14:32:12+0200,f397dbef-7cdb-41f6-bba7-8b8b09f52e7d,2026-07-07T11:15:00Z,2026-07-07T13:15:00+0200,16407.39648,MW,FR,FR,forecast_solar_generation,Solar,2026-07-19T12:33:22Z
2026-07-19T12:32:12Z,2026-07-19T14:32:12+0200,f397dbef-7cdb-41f6-bba7-8b8b09f52e7d,2026-07-07T11:30:00Z,2026-07-07T13:30:00+0200,16450.8418,MW,FR,FR,forecast_solar_generation,Solar,2026-07-19T12:33:22Z
2026-07-19T12:32:12Z,2026-07-19T14:32:12+0200,f397dbef-7cdb-41f6-bba7-8b8b09f52e7d,2026-07-07T11:45:00Z,2026-07-07T13:45:00+0200,16470.2207,MW,FR,FR,forecast_solar_generation,Solar,2026-07-19T12:33:22Z
2026-07-19T12:32:12Z,2026-07-19T14:32:12+0200,f397dbef-7cdb-41f6-bba7-8b8b09f52e7d,2026-07-07T12:00:00Z,2026-07-07T14:00:00+0200,16480.49609,MW,FR,FR,forecast_solar_generation,Solar,2026-07-19T12:33:22Z
2026-07-19T12:32:12Z,2026-07-19T14:32:12+0200,f397dbef-7cdb-41f6-bba7-8b8b09f52e7d,2026-07-07T12:15:00Z,2026-07-07T14:15:00+0200,21251.86523,MW,FR,FR,forecast_solar_generation,Solar,2026-07-19T12:33:22Z
2026-07-19T12:32:12Z,2026-07-19T14:32:12+0200,f397dbef-7cdb-41f6-bba7-8b8b09f52e7d,2026-07-07T12:30:00Z,2026-07-07T14:30:00+0200,21240.0332,MW,FR,FR,forecast_solar_generation,Solar,2026-07-19T12:33:22Z
2026-07-19T12:32:12Z,2026-07-19T14:32:12+0200,f397dbef-7cdb-41f6-bba7-8b8b09f52e7d,2026-07-07T12:45:00Z,2026-07-07T14:45:00+0200,21129.26953,MW,FR,FR,forecast_solar_generation,Solar,2026-07-19T12:33:22Z
2026-07-19T12:32:12Z,2026-07-19T14:32:12+0200,f397dbef-7cdb-41f6-bba7-8b8b09f52e7d,2026-07-07T13:00:00Z,2026-07-07T15:00:00+0200,16252.73633,MW,FR,FR,forecast_solar_generation,Solar,2026-07-19T12:33:22Z
2026-07-19T12:32:12Z,2026-07-19T14:32:12+0200,f397dbef-7cdb-41f6-bba7-8b8b09f52e7d,2026-07-07T13:15:00Z,2026-07-07T15:15:00+0200,16082.16016,MW,FR,FR,forecast_solar_generation,Solar,2026-07-19T12:33:22Z
2026-07-19T12:32:12Z,2026-07-19T14:32:12+0200,f397dbef-7cdb-41f6-bba7-8b8b09f52e7d,2026-07-07T13:30:00Z,2026-07-07T15:30:00+0200,15861.25293,MW,FR,FR,forecast_solar_generation,Solar,2026-07-19T12:33:22Z
2026-07-19T12:32:12Z,2026-07-19T14:32:12+0200,f397dbef-7cdb-41f6-bba7-8b8b09f52e7d,2026-07-07T13:45:00Z,2026-07-07T15:45:00+0200,20020.3418,MW,FR,FR,forecast_solar_generation,Solar,2026-07-19T12:33:22Z
2026-07-19T12:32:12Z,2026-07-19T14:32:12+0200,f397dbef-7cdb-41f6-bba7-8b8b09f52e7d,2026-07-07T14:00:00Z,2026-07-07T16:00:00+0200,15096.49316,MW,FR,FR,forecast_solar_generation,Solar,2026-07-19T12:33:22Z
2026-07-19T12:32:12Z,2026-07-19T14:32:12+0200,f397dbef-7cdb-41f6-bba7-8b8b09f52e7d,2026-07-07T14:15:00Z,2026-07-07T16:15:00+0200,14720.41406,MW,FR,FR,forecast_solar_generation,Solar,2026-07-19T12:33:22Z
2026-07-19T12:32:12Z,2026-07-19T14:32:12+0200,f397dbef-7cdb-41f6-bba7-8b8b09f52e7d,2026-07-07T14:30:00Z,2026-07-07T16:30:00+0200,14270.9873,MW,FR,FR,forecast_solar_generation,Solar,2026-07-19T12:33:22Z
2026-07-19T12:32:12Z,2026-07-19T14:32:12+0200,f397dbef-7cdb-41f6-bba7-8b8b09f52e7d,2026-07-07T14:45:00Z,2026-07-07T16:45:00+0200,13694.75879,MW,FR,FR,forecast_solar_generation,Solar,2026-07-19T12:33:22Z
2026-07-19T12:32:12Z,2026-07-19T14:32:12+0200,f397dbef-7cdb-41f6-bba7-8b8b09f52e7d,2026-07-07T15:00:00Z,2026-07-07T17:00:00+0200,13060.26562,MW,FR,FR,forecast_solar_generation,Solar,2026-07-19T12:33:22Z
2026-07-19T12:32:12Z,2026-07-19T14:32:12+0200,f397dbef-7cdb-41f6-bba7-8b8b09f52e7d,2026-07-07T15:15:00Z,2026-07-07T17:15:00+0200,12475.28906,MW,FR,FR,forecast_solar_generation,Solar,2026-07-19T12:33:22Z
2026-07-19T12:32:12Z,2026-07-19T14:32:12+0200,f397dbef-7cdb-41f6-bba7-8b8b09f52e7d,2026-07-07T15:30:00Z,2026-07-07T17:30:00+0200,11841.83203,MW,FR,FR,forecast_solar_generation,Solar,2026-07-19T12:33:22Z
2026-07-19T12:32:12Z,2026-07-19T14:32:12+0200,f397dbef-7cdb-41f6-bba7-8b8b09f52e7d,2026-07-07T15:45:00Z,2026-07-07T17:45:00+0200,14297.58594,MW,FR,FR,forecast_solar_generation,Solar,2026-07-19T12:33:22Z
2026-07-19T12:32:12Z,2026-07-19T14:32:12+0200,f397dbef-7cdb-41f6-bba7-8b8b09f52e7d,2026-07-07T16:00:00Z,2026-07-07T18:00:00+0200,13295.99609,MW,FR,FR,forecast_solar_generation,Solar,2026-07-19T12:33:22Z
2026-07-19T12:32:12Z,2026-07-19T14:32:12+0200,f397dbef-7cdb-41f6-bba7-8b8b09f52e7d,2026-07-07T16:15:00Z,2026-07-07T18:15:00+0200,12216.15039,MW,FR,FR,forecast_solar_generation,Solar,2026-07-19T12:33:22Z
2026-07-19T12:32:12Z,2026-07-19T14:32:12+0200,f397dbef-7cdb-41f6-bba7-8b8b09f52e7d,2026-07-07T16:30:00Z,2026-07-07T18:30:00+0200,11114.46973,MW,FR,FR,forecast_solar_generation,Solar,2026-07-19T12:33:22Z
2026-07-19T12:32:12Z,2026-07-19T14:32:12+0200,f397dbef-7cdb-41f6-bba7-8b8b09f52e7d,2026-07-07T16:45:00Z,2026-07-07T18:45:00+0200,10028.7207,MW,FR,FR,forecast_solar_generation,Solar,2026-07-19T12:33:22Z
2026-07-19T12:32:12Z,2026-07-19T14:32:12+0200,f397dbef-7cdb-41f6-bba7-8b8b09f52e7d,2026-07-07T17:00:00Z,2026-07-07T19:00:00+0200,8794.98633,MW,FR,FR,forecast_solar_generation,Solar,2026-07-19T12:33:22Z
2026-07-19T12:32:12Z,2026-07-19T14:32:12+0200,f397dbef-7cdb-41f6-bba7-8b8b09f52e7d,2026-07-07T17:15:00Z,2026-07-07T19:15:00+0200,7627.92334,MW,FR,FR,forecast_solar_generation,Solar,2026-07-19T12:33:22Z
2026-07-19T12:32:12Z,2026-07-19T14:32:12+0200,f397dbef-7cdb-41f6-bba7-8b8b09f52e7d,2026-07-07T17:30:00Z,2026-07-07T19:30:00+0200,6341.68896,MW,FR,FR,forecast_solar_generation,Solar,2026-07-19T12:33:22Z
2026-07-19T12:32:12Z,2026-07-19T14:32:12+0200,f397dbef-7cdb-41f6-bba7-8b8b09f52e7d,2026-07-07T17:45:00Z,2026-07-07T19:45:00+0200,5256.53809,MW,FR,FR,forecast_solar_generation,Solar,2026-07-19T12:33:22Z
2026-07-19T12:32:12Z,2026-07-19T14:32:12+0200,f397dbef-7cdb-41f6-bba7-8b8b09f52e7d,2026-07-07T18:00:00Z,2026-07-07T20:00:00+0200,4180.54639,MW,FR,FR,forecast_solar_generation,Solar,2026-07-19T12:33:22Z
2026-07-19T12:32:12Z,2026-07-19T14:32:12+0200,f397dbef-7cdb-41f6-bba7-8b8b09f52e7d,2026-07-07T18:15:00Z,2026-07-07T20:15:00+0200,3177.37964,MW,FR,FR,forecast_solar_generation,Solar,2026-07-19T12:33:22Z
2026-07-19T12:32:12Z,2026-07-19T14:32:12+0200,f397dbef-7cdb-41f6-bba7-8b8b09f52e7d,2026-07-07T18:30:00Z,2026-07-07T20:30:00+0200,2341.7251,MW,FR,FR,forecast_solar_generation,Solar,2026-07-19T12:33:22Z
2026-07-19T12:32:12Z,2026-07-19T14:32:12+0200,f397dbef-7cdb-41f6-bba7-8b8b09f52e7d,2026-07-07T18:45:00Z,2026-07-07T20:45:00+0200,1738.96716,MW,FR,FR,forecast_solar_generation,Solar,2026-07-19T12:33:22Z
2026-07-19T12:32:12Z,2026-07-19T14:32:12+0200,f397dbef-7cdb-41f6-bba7-8b8b09f52e7d,2026-07-07T19:00:00Z,2026-07-07T21:00:00+0200,1193.17444,MW,FR,FR,forecast_solar_generation,Solar,2026-07-19T12:33:22Z
2026-07-19T12:32:12Z,2026-07-19T14:32:12+0200,f397dbef-7cdb-41f6-bba7-8b8b09f52e7d,2026-07-07T19:15:00Z,2026-07-07T21:15:00+0200,712.76837,MW,FR,FR,forecast_solar_generation,Solar,2026-07-19T12:33:22Z
2026-07-19T12:32:12Z,2026-07-19T14:32:12+0200,f397dbef-7cdb-41f6-bba7-8b8b09f52e7d,2026-07-07T19:30:00Z,2026-07-07T21:30:00+0200,266.93564,MW,FR,FR,forecast_solar_generation,Solar,2026-07-19T12:33:22Z
2026-07-19T12:32:12Z,2026-07-19T14:32:12+0200,f397dbef-7cdb-41f6-bba7-8b8b09f52e7d,2026-07-07T19:45:00Z,2026-07-07T21:45:00+0200,85.25803,MW,FR,FR,forecast_solar_generation,Solar,2026-07-19T12:33:22Z
2026-07-19T12:32:12Z,2026-07-19T14:32:12+0200,f397dbef-7cdb-41f6-bba7-8b8b09f52e7d,2026-07-07T20:00:00Z,2026-07-07T22:00:00+0200,8.42369,MW,FR,FR,forecast_solar_generation,Solar,2026-07-19T12:33:22Z
2026-07-19T12:32:12Z,2026-07-19T14:32:12+0200,f397dbef-7cdb-41f6-bba7-8b8b09f52e7d,2026-07-07T20:15:00Z,2026-07-07T22:15:00+0200,0.0,MW,FR,FR,forecast_solar_generation,Solar,2026-07-19T12:33:22Z
2026-07-19T12:32:12Z,2026-07-19T14:32:12+0200,f397dbef-7cdb-41f6-bba7-8b8b09f52e7d,2026-07-07T20:30:00Z,2026-07-07T22:30:00+0200,0.0,MW,FR,FR,forecast_solar_generation,Solar,2026-07-19T12:33:22Z
2026-07-19T12:32:12Z,2026-07-19T14:32:12+0200,f397dbef-7cdb-41f6-bba7-8b8b09f52e7d,2026-07-07T20:45:00Z,2026-07-07T22:45:00+0200,0.0,MW,FR,FR,forecast_solar_generation,Solar,2026-07-19T12:33:22Z
2026-07-19T12:32:12Z,2026-07-19T14:32:12+0200,f397dbef-7cdb-41f6-bba7-8b8b09f52e7d,2026-07-07T21:00:00Z,2026-07-07T23:00:00+0200,0.0,MW,FR,FR,forecast_solar_generation,Solar,2026-07-19T12:33:22Z
2026-07-19T12:32:12Z,2026-07-19T14:32:12+0200,f397dbef-7cdb-41f6-bba7-8b8b09f52e7d,2026-07-07T21:15:00Z,2026-07-07T23:15:00+0200,0.0,MW,FR,FR,forecast_solar_generation,Solar,2026-07-19T12:33:22Z
2026-07-19T12:32:12Z,2026-07-19T14:32:12+0200,f397dbef-7cdb-41f6-bba7-8b8b09f52e7d,2026-07-07T21:30:00Z,2026-07-07T23:30:00+0200,0.0,MW,FR,FR,forecast_solar_generation,Solar,2026-07-19T12:33:22Z
2026-07-19T12:32:12Z,2026-07-19T14:32:12+0200,f397dbef-7cdb-41f6-bba7-8b8b09f52e7d,2026-07-07T21:45:00Z,2026-07-07T23:45:00+0200,0.0,MW,FR,FR,forecast_solar_generation,Solar,2026-07-19T12:33:22Z
2026-07-19T12:32:12Z,2026-07-19T14:32:12+0200,f397dbef-7cdb-41f6-bba7-8b8b09f52e7d,2026-07-07T22:00:00Z,2026-07-08T00:00:00+0200,0.0,MW,FR,FR,forecast_solar_generation,Solar,2026-07-19T12:33:22Z
2026-07-19T12:32:12Z,2026-07-19T14:32:12+0200,f397dbef-7cdb-41f6-bba7-8b8b09f52e7d,2026-07-07T22:15:00Z,2026-07-08T00:15:00+0200,0.0,MW,FR,FR,forecast_solar_generation,Solar,2026-07-19T12:33:22Z
2026-07-19T12:32:12Z,2026-07-19T14:32:12+0200,f397dbef-7cdb-41f6-bba7-8b8b09f52e7d,2026-07-07T22:30:00Z,2026-07-08T00:30:00+0200,0.0,MW,FR,FR,forecast_solar_generation,Solar,2026-07-19T12:33:22Z
2026-07-19T12:32:12Z,2026-07-19T14:32:12+0200,f397dbef-7cdb-41f6-bba7-8b8b09f52e7d,2026-07-07T22:45:00Z,2026-07-08T00:45:00+0200,0.0,MW,FR,FR,forecast_solar_generation,Solar,2026-07-19T12:33:22Z
2026-07-19T12:32:12Z,2026-07-19T14:32:12+0200,f397dbef-7cdb-41f6-bba7-8b8b09f52e7d,2026-07-07T23:00:00Z,2026-07-08T01:00:00+0200,0.0,MW,FR,FR,forecast_solar_generation,Solar,2026-07-19T12:33:22Z
2026-07-19T12:32:12Z,2026-07-19T14:32:12+0200,f397dbef-7cdb-41f6-bba7-8b8b09f52e7d,2026-07-07T23:15:00Z,2026-07-08T01:15:00+0200,0.0,MW,FR,FR,forecast_solar_generation,Solar,2026-07-19T12:33:22Z
2026-07-19T12:32:12Z,2026-07-19T14:32:12+0200,f397dbef-7cdb-41f6-bba7-8b8b09f52e7d,2026-07-07T23:30:00Z,2026-07-08T01:30:00+0200,0.0,MW,FR,FR,forecast_solar_generation,Solar,2026-07-19T12:33:22Z
2026-07-19T12:32:12Z,2026-07-19T14:32:12+0200,f397dbef-7cdb-41f6-bba7-8b8b09f52e7d,2026-07-07T23:45:00Z,2026-07-08T01:45:00+0200,0.0,MW,FR,FR,forecast_solar_generation,Solar,2026-07-19T12:33:22Z
2026-07-19T12:32:12Z,2026-07-19T14:32:12+0200,f397dbef-7cdb-41f6-bba7-8b8b09f52e7d,2026-07-08T00:00:00Z,2026-07-08T02:00:00+0200,0.0,MW,FR,FR,forecast_solar_generation,Solar,2026-07-19T12:33:22Z
2026-07-19T12:32:12Z,2026-07-19T14:32:12+0200,f397dbef-7cdb-41f6-bba7-8b8b09f52e7d,2026-07-08T00:15:00Z,2026-07-08T02:15:00+0200,0.0,MW,FR,FR,forecast_solar_generation,Solar,2026-07-19T12:33:22Z
2026-07-19T12:32:12Z,2026-07-19T14:32:12+0200,f397dbef-7cdb-41f6-bba7-8b8b09f52e7d,2026-07-08T00:30:00Z,2026-07-08T02:30:00+0200,0.0,MW,FR,FR,forecast_solar_generation,Solar,2026-07-19T12:33:22Z
2026-07-19T12:32:12Z,2026-07-19T14:32:12+0200,f397dbef-7cdb-41f6-bba7-8b8b09f52e7d,2026-07-08T00:45:00Z,2026-07-08T02:45:00+0200,0.0,MW,FR,FR,forecast_solar_generation,Solar,2026-07-19T12:33:22Z
2026-07-19T12:32:12Z,2026-07-19T14:32:12+0200,f397dbef-7cdb-41f6-bba7-8b8b09f52e7d,2026-07-08T01:00:00Z,2026-07-08T03:00:00+0200,0.0,MW,FR,FR,forecast_solar_generation,Solar,2026-07-19T12:33:22Z
2026-07-19T12:32:12Z,2026-07-19T14:32:12+0200,f397dbef-7cdb-41f6-bba7-8b8b09f52e7d,2026-07-08T01:15:00Z,2026-07-08T03:15:00+0200,0.0,MW,FR,FR,forecast_solar_generation,Solar,2026-07-19T12:33:22Z
2026-07-19T12:32:12Z,2026-07-19T14:32:12+0200,f397dbef-7cdb-41f6-bba7-8b8b09f52e7d,2026-07-08T01:30:00Z,2026-07-08T03:30:00+0200,0.0,MW,FR,FR,forecast_solar_generation,Solar,2026-07-19T12:33:22Z
2026-07-19T12:32:12Z,2026-07-19T14:32:12+0200,f397dbef-7cdb-41f6-bba7-8b8b09f52e7d,2026-07-08T01:45:00Z,2026-07-08T03:45:00+0200,0.0,MW,FR,FR,forecast_solar_generation,Solar,2026-07-19T12:33:22Z
2026-07-19T12:32:12Z,2026-07-19T14:32:12+0200,f397dbef-7cdb-41f6-bba7-8b8b09f52e7d,2026-07-08T02:00:00Z,2026-07-08T04:00:00+0200,0.0,MW,FR,FR,forecast_solar_generation,Solar,2026-07-19T12:33:22Z
2026-07-19T12:32:12Z,2026-07-19T14:32:12+0200,f397dbef-7cdb-41f6-bba7-8b8b09f52e7d,2026-07-08T02:15:00Z,2026-07-08T04:15:00+0200,0.0,MW,FR,FR,forecast_solar_generation,Solar,2026-07-19T12:33:22Z
2026-07-19T12:32:12Z,2026-07-19T14:32:12+0200,f397dbef-7cdb-41f6-bba7-8b8b09f52e7d,2026-07-08T02:30:00Z,2026-07-08T04:30:00+0200,0.0,MW,FR,FR,forecast_solar_generation,Solar,2026-07-19T12:33:22Z
2026-07-19T12:32:12Z,2026-07-19T14:32:12+0200,f397dbef-7cdb-41f6-bba7-8b8b09f52e7d,2026-07-08T02:45:00Z,2026-07-08T04:45:00+0200,0.0,MW,FR,FR,forecast_solar_generation,Solar,2026-07-19T12:33:22Z
2026-07-19T12:32:12Z,2026-07-19T14:32:12+0200,f397dbef-7cdb-41f6-bba7-8b8b09f52e7d,2026-07-08T03:00:00Z,2026-07-08T05:00:00+0200,0.0,MW,FR,FR,forecast_solar_generation,Solar,2026-07-19T12:33:22Z
2026-07-19T12:32:12Z,2026-07-19T14:32:12+0200,f397dbef-7cdb-41f6-bba7-8b8b09f52e7d,2026-07-08T03:15:00Z,2026-07-08T05:15:00+0200,0.0,MW,FR,FR,forecast_solar_generation,Solar,2026-07-19T12:33:22Z
2026-07-19T12:32:12Z,2026-07-19T14:32:12+0200,f397dbef-7cdb-41f6-bba7-8b8b09f52e7d,2026-07-08T03:30:00Z,2026-07-08T05:30:00+0200,0.0,MW,FR,FR,forecast_solar_generation,Solar,2026-07-19T12:33:22Z
2026-07-19T12:32:12Z,2026-07-19T14:32:12+0200,f397dbef-7cdb-41f6-bba7-8b8b09f52e7d,2026-07-08T03:45:00Z,2026-07-08T05:45:00+0200,10.95284,MW,FR,FR,forecast_solar_generation,Solar,2026-07-19T12:33:22Z
2026-07-19T12:32:12Z,2026-07-19T14:32:12+0200,f397dbef-7cdb-41f6-bba7-8b8b09f52e7d,2026-07-08T04:00:00Z,2026-07-08T06:00:00+0200,49.79732,MW,FR,FR,forecast_solar_generation,Solar,2026-07-19T12:33:22Z
2026-07-19T12:32:12Z,2026-07-19T14:32:12+0200,f397dbef-7cdb-41f6-bba7-8b8b09f52e7d,2026-07-08T04:15:00Z,2026-07-08T06:15:00+0200,152.994,MW,FR,FR,forecast_solar_generation,Solar,2026-07-19T12:33:22Z
2026-07-19T12:32:12Z,2026-07-19T14:32:12+0200,f397dbef-7cdb-41f6-bba7-8b8b09f52e7d,2026-07-08T04:30:00Z,2026-07-08T06:30:00+0200,269.23361,MW,FR,FR,forecast_solar_generation,Solar,2026-07-19T12:33:22Z
2026-07-19T12:32:12Z,2026-07-19T14:32:12+0200,f397dbef-7cdb-41f6-bba7-8b8b09f52e7d,2026-07-08T04:45:00Z,2026-07-08T06:45:00+0200,594.27094,MW,FR,FR,forecast_solar_generation,Solar,2026-07-19T12:33:22Z
2026-07-19T12:32:12Z,2026-07-19T14:32:12+0200,f397dbef-7cdb-41f6-bba7-8b8b09f52e7d,2026-07-08T05:00:00Z,2026-07-08T07:00:00+0200,1007.07172,MW,FR,FR,forecast_solar_generation,Solar,2026-07-19T12:33:22Z
2026-07-19T12:32:12Z,2026-07-19T14:32:12+0200,f397dbef-7cdb-41f6-bba7-8b8b09f52e7d,2026-07-08T05:15:00Z,2026-07-08T07:15:00+0200,1527.62366,MW,FR,FR,forecast_solar_generation,Solar,2026-07-19T12:33:22Z
2026-07-19T12:32:12Z,2026-07-19T14:32:12+0200,f397dbef-7cdb-41f6-bba7-8b8b09f52e7d,2026-07-08T05:30:00Z,2026-07-08T07:30:00+0200,2099.98926,MW,FR,FR,forecast_solar_generation,Solar,2026-07-19T12:33:22Z
2026-07-19T12:32:12Z,2026-07-19T14:32:12+0200,f397dbef-7cdb-41f6-bba7-8b8b09f52e7d,2026-07-08T05:45:00Z,2026-07-08T07:45:00+0200,2998.93628,MW,FR,FR,forecast_solar_generation,Solar,2026-07-19T12:33:22Z
2026-07-19T12:32:12Z,2026-07-19T14:32:12+0200,f397dbef-7cdb-41f6-bba7-8b8b09f52e7d,2026-07-08T06:00:00Z,2026-07-08T08:00:00+0200,3900.604,MW,FR,FR,forecast_solar_generation,Solar,2026-07-19T12:33:22Z
2026-07-19T12:32:12Z,2026-07-19T14:32:12+0200,f397dbef-7cdb-41f6-bba7-8b8b09f52e7d,2026-07-08T06:15:00Z,2026-07-08T08:15:00+0200,5012.03955,MW,FR,FR,forecast_solar_generation,Solar,2026-07-19T12:33:22Z
2026-07-19T12:32:12Z,2026-07-19T14:32:12+0200,f397dbef-7cdb-41f6-bba7-8b8b09f52e7d,2026-07-08T06:30:00Z,2026-07-08T08:30:00+0200,6132.67969,MW,FR,FR,forecast_solar_generation,Solar,2026-07-19T12:33:22Z
2026-07-19T12:32:12Z,2026-07-19T14:32:12+0200,f397dbef-7cdb-41f6-bba7-8b8b09f52e7d,2026-07-08T06:45:00Z,2026-07-08T08:45:00+0200,7429.77832,MW,FR,FR,forecast_solar_generation,Solar,2026-07-19T12:33:22Z
2026-07-19T12:32:12Z,2026-07-19T14:32:12+0200,f397dbef-7cdb-41f6-bba7-8b8b09f52e7d,2026-07-08T07:00:00Z,2026-07-08T09:00:00+0200,8717.55664,MW,FR,FR,forecast_solar_generation,Solar,2026-07-19T12:33:22Z
2026-07-19T12:32:12Z,2026-07-19T14:32:12+0200,f397dbef-7cdb-41f6-bba7-8b8b09f52e7d,2026-07-08T07:15:00Z,2026-07-08T09:15:00+0200,9997.01953,MW,FR,FR,forecast_solar_generation,Solar,2026-07-19T12:33:22Z
2026-07-19T12:32:12Z,2026-07-19T14:32:12+0200,f397dbef-7cdb-41f6-bba7-8b8b09f52e7d,2026-07-08T07:30:00Z,2026-07-08T09:30:00+0200,11267.42773,MW,FR,FR,forecast_solar_generation,Solar,2026-07-19T12:33:22Z
2026-07-19T12:32:12Z,2026-07-19T14:32:12+0200,f397dbef-7cdb-41f6-bba7-8b8b09f52e7d,2026-07-08T07:45:00Z,2026-07-08T09:45:00+0200,12477.75,MW,FR,FR,forecast_solar_generation,Solar,2026-07-19T12:33:22Z
2026-07-19T12:32:12Z,2026-07-19T14:32:12+0200,f397dbef-7cdb-41f6-bba7-8b8b09f52e7d,2026-07-08T08:00:00Z,2026-07-08T10:00:00+0200,13673.98438,MW,FR,FR,forecast_solar_generation,Solar,2026-07-19T12:33:22Z
2026-07-19T12:32:12Z,2026-07-19T14:32:12+0200,f397dbef-7cdb-41f6-bba7-8b8b09f52e7d,2026-07-08T08:15:00Z,2026-07-08T10:15:00+0200,14796.45996,MW,FR,FR,forecast_solar_generation,Solar,2026-07-19T12:33:22Z
2026-07-19T12:32:12Z,2026-07-19T14:32:12+0200,f397dbef-7cdb-41f6-bba7-8b8b09f52e7d,2026-07-08T08:30:00Z,2026-07-08T10:30:00+0200,15881.61816,MW,FR,FR,forecast_solar_generation,Solar,2026-07-19T12:33:22Z
2026-07-19T12:32:12Z,2026-07-19T14:32:12+0200,f397dbef-7cdb-41f6-bba7-8b8b09f52e7d,2026-07-08T08:45:00Z,2026-07-08T10:45:00+0200,16701.32812,MW,FR,FR,forecast_solar_generation,Solar,2026-07-19T12:33:22Z
2026-07-19T12:32:12Z,2026-07-19T14:32:12+0200,f397dbef-7cdb-41f6-bba7-8b8b09f52e7d,2026-07-08T09:00:00Z,2026-07-08T11:00:00+0200,17521.89062,MW,FR,FR,forecast_solar_generation,Solar,2026-07-19T12:33:22Z
2026-07-19T12:32:12Z,2026-07-19T14:32:12+0200,f397dbef-7cdb-41f6-bba7-8b8b09f52e7d,2026-07-08T09:15:00Z,2026-07-08T11:15:00+0200,18243.88672,MW,FR,FR,forecast_solar_generation,Solar,2026-07-19T12:33:22Z
2026-07-19T12:32:12Z,2026-07-19T14:32:12+0200,f397dbef-7cdb-41f6-bba7-8b8b09f52e7d,2026-07-08T09:30:00Z,2026-07-08T11:30:00+0200,18976.9082,MW,FR,FR,forecast_solar_generation,Solar,2026-07-19T12:33:22Z
2026-07-19T12:32:12Z,2026-07-19T14:32:12+0200,f397dbef-7cdb-41f6-bba7-8b8b09f52e7d,2026-07-08T09:45:00Z,2026-07-08T11:45:00+0200,19498.08203,MW,FR,FR,forecast_solar_generation,Solar,2026-07-19T12:33:22Z
2026-07-19T12:32:12Z,2026-07-19T14:32:12+0200,f397dbef-7cdb-41f6-bba7-8b8b09f52e7d,2026-07-08T10:00:00Z,2026-07-08T12:00:00+0200,19968.49609,MW,FR,FR,forecast_solar_generation,Solar,2026-07-19T12:33:22Z
2026-07-19T12:32:12Z,2026-07-19T14:32:12+0200,f397dbef-7cdb-41f6-bba7-8b8b09f52e7d,2026-07-08T10:15:00Z,2026-07-08T12:15:00+0200,20402.0918,MW,FR,FR,forecast_solar_generation,Solar,2026-07-19T12:33:22Z
2026-07-19T12:32:12Z,2026-07-19T14:32:12+0200,f397dbef-7cdb-41f6-bba7-8b8b09f52e7d,2026-07-08T10:30:00Z,2026-07-08T12:30:00+0200,20818.30078,MW,FR,FR,forecast_solar_generation,Solar,2026-07-19T12:33:22Z
2026-07-19T12:32:12Z,2026-07-19T14:32:12+0200,f397dbef-7cdb-41f6-bba7-8b8b09f52e7d,2026-07-08T10:45:00Z,2026-07-08T12:45:00+0200,21068.19922,MW,FR,FR,forecast_solar_generation,Solar,2026-07-19T12:33:22Z
2026-07-19T12:32:12Z,2026-07-19T14:32:12+0200,f397dbef-7cdb-41f6-bba7-8b8b09f52e7d,2026-07-08T11:00:00Z,2026-07-08T13:00:00+0200,21245.57422,MW,FR,FR,forecast_solar_generation,Solar,2026-07-19T12:33:22Z
2026-07-19T12:32:12Z,2026-07-19T14:32:12+0200,f397dbef-7cdb-41f6-bba7-8b8b09f52e7d,2026-07-08T11:15:00Z,2026-07-08T13:15:00+0200,21314.88281,MW,FR,FR,forecast_solar_generation,Solar,2026-07-19T12:33:22Z
2026-07-19T12:32:12Z,2026-07-19T14:32:12+0200,f397dbef-7cdb-41f6-bba7-8b8b09f52e7d,2026-07-08T11:30:00Z,2026-07-08T13:30:00+0200,21349.95703,MW,FR,FR,forecast_solar_generation,Solar,2026-07-19T12:33:22Z
2026-07-19T12:32:12Z,2026-07-19T14:32:12+0200,f397dbef-7cdb-41f6-bba7-8b8b09f52e7d,2026-07-08T11:45:00Z,2026-07-08T13:45:00+0200,21335.48828,MW,FR,FR,forecast_solar_generation,Solar,2026-07-19T12:33:22Z
2026-07-19T12:32:12Z,2026-07-19T14:32:12+0200,f397dbef-7cdb-41f6-bba7-8b8b09f52e7d,2026-07-08T12:00:00Z,2026-07-08T14:00:00+0200,21325.8125,MW,FR,FR,forecast_solar_generation,Solar,2026-07-19T12:33:22Z
2026-07-19T12:32:12Z,2026-07-19T14:32:12+0200,f397dbef-7cdb-41f6-bba7-8b8b09f52e7d,2026-07-08T12:15:00Z,2026-07-08T14:15:00+0200,21268.99414,MW,FR,FR,forecast_solar_generation,Solar,2026-07-19T12:33:22Z
2026-07-19T12:32:12Z,2026-07-19T14:32:12+0200,f397dbef-7cdb-41f6-bba7-8b8b09f52e7d,2026-07-08T12:30:00Z,2026-07-08T14:30:00+0200,21218.91602,MW,FR,FR,forecast_solar_generation,Solar,2026-07-19T12:33:22Z
2026-07-19T12:32:12Z,2026-07-19T14:32:12+0200,f397dbef-7cdb-41f6-bba7-8b8b09f52e7d,2026-07-08T12:45:00Z,2026-07-08T14:45:00+0200,21143.21875,MW,FR,FR,forecast_solar_generation,Solar,2026-07-19T12:33:22Z
2026-07-19T12:32:12Z,2026-07-19T14:32:12+0200,f397dbef-7cdb-41f6-bba7-8b8b09f52e7d,2026-07-08T13:00:00Z,2026-07-08T15:00:00+0200,21011.79297,MW,FR,FR,forecast_solar_generation,Solar,2026-07-19T12:33:22Z
2026-07-19T12:32:12Z,2026-07-19T14:32:12+0200,f397dbef-7cdb-41f6-bba7-8b8b09f52e7d,2026-07-08T13:15:00Z,2026-07-08T15:15:00+0200,20783.41797,MW,FR,FR,forecast_solar_generation,Solar,2026-07-19T12:33:22Z
2026-07-19T12:32:12Z,2026-07-19T14:32:12+0200,f397dbef-7cdb-41f6-bba7-8b8b09f52e7d,2026-07-08T13:30:00Z,2026-07-08T15:30:00+0200,20472.27539,MW,FR,FR,forecast_solar_generation,Solar,2026-07-19T12:33:22Z
2026-07-19T12:32:12Z,2026-07-19T14:32:12+0200,f397dbef-7cdb-41f6-bba7-8b8b09f52e7d,2026-07-08T13:45:00Z,2026-07-08T15:45:00+0200,19979.82031,MW,FR,FR,forecast_solar_generation,Solar,2026-07-19T12:33:22Z
2026-07-19T12:32:12Z,2026-07-19T14:32:12+0200,f397dbef-7cdb-41f6-bba7-8b8b09f52e7d,2026-07-08T14:00:00Z,2026-07-08T16:00:00+0200,19489.97266,MW,FR,FR,forecast_solar_generation,Solar,2026-07-19T12:33:22Z
2026-07-19T12:32:12Z,2026-07-19T14:32:12+0200,f397dbef-7cdb-41f6-bba7-8b8b09f52e7d,2026-07-08T14:15:00Z,2026-07-08T16:15:00+0200,19039.44141,MW,FR,FR,forecast_solar_generation,Solar,2026-07-19T12:33:22Z
2026-07-19T12:32:12Z,2026-07-19T14:32:12+0200,f397dbef-7cdb-41f6-bba7-8b8b09f52e7d,2026-07-08T14:30:00Z,2026-07-08T16:30:00+0200,18436.25,MW,FR,FR,forecast_solar_generation,Solar,2026-07-19T12:33:22Z
2026-07-19T12:32:12Z,2026-07-19T14:32:12+0200,f397dbef-7cdb-41f6-bba7-8b8b09f52e7d,2026-07-08T14:45:00Z,2026-07-08T16:45:00+0200,17701.09961,MW,FR,FR,forecast_solar_generation,Solar,2026-07-19T12:33:22Z
2026-07-19T12:32:12Z,2026-07-19T14:32:12+0200,f397dbef-7cdb-41f6-bba7-8b8b09f52e7d,2026-07-08T15:00:00Z,2026-07-08T17:00:00+0200,16929.79492,MW,FR,FR,forecast_solar_generation,Solar,2026-07-19T12:33:22Z
2026-07-19T12:32:12Z,2026-07-19T14:32:12+0200,f397dbef-7cdb-41f6-bba7-8b8b09f52e7d,2026-07-08T15:15:00Z,2026-07-08T17:15:00+0200,16145.89355,MW,FR,FR,forecast_solar_generation,Solar,2026-07-19T12:33:22Z
2026-07-19T12:32:12Z,2026-07-19T14:32:12+0200,f397dbef-7cdb-41f6-bba7-8b8b09f52e7d,2026-07-08T15:30:00Z,2026-07-08T17:30:00+0200,15316.85352,MW,FR,FR,forecast_solar_generation,Solar,2026-07-19T12:33:22Z
2026-07-19T12:32:12Z,2026-07-19T14:32:12+0200,f397dbef-7cdb-41f6-bba7-8b8b09f52e7d,2026-07-08T15:45:00Z,2026-07-08T17:45:00+0200,14344.45996,MW,FR,FR,forecast_solar_generation,Solar,2026-07-19T12:33:22Z
2026-07-19T12:32:12Z,2026-07-19T14:32:12+0200,f397dbef-7cdb-41f6-bba7-8b8b09f52e7d,2026-07-08T16:00:00Z,2026-07-08T18:00:00+0200,13346.29785,MW,FR,FR,forecast_solar_generation,Solar,2026-07-19T12:33:22Z
2026-07-19T12:32:12Z,2026-07-19T14:32:12+0200,f397dbef-7cdb-41f6-bba7-8b8b09f52e7d,2026-07-08T16:15:00Z,2026-07-08T18:15:00+0200,12267.41309,MW,FR,FR,forecast_solar_generation,Solar,2026-07-19T12:33:22Z
2026-07-19T12:32:12Z,2026-07-19T14:32:12+0200,f397dbef-7cdb-41f6-bba7-8b8b09f52e7d,2026-07-08T16:30:00Z,2026-07-08T18:30:00+0200,11151.93457,MW,FR,FR,forecast_solar_generation,Solar,2026-07-19T12:33:22Z
2026-07-19T12:32:12Z,2026-07-19T14:32:12+0200,f397dbef-7cdb-41f6-bba7-8b8b09f52e7d,2026-07-08T16:45:00Z,2026-07-08T18:45:00+0200,10042.99805,MW,FR,FR,forecast_solar_generation,Solar,2026-07-19T12:33:22Z
2026-07-19T12:32:12Z,2026-07-19T14:32:12+0200,f397dbef-7cdb-41f6-bba7-8b8b09f52e7d,2026-07-08T17:00:00Z,2026-07-08T19:00:00+0200,8783.47852,MW,FR,FR,forecast_solar_generation,Solar,2026-07-19T12:33:22Z
2026-07-19T12:32:12Z,2026-07-19T14:32:12+0200,f397dbef-7cdb-41f6-bba7-8b8b09f52e7d,2026-07-08T17:15:00Z,2026-07-08T19:15:00+0200,7585.72998,MW,FR,FR,forecast_solar_generation,Solar,2026-07-19T12:33:22Z
2026-07-19T12:32:12Z,2026-07-19T14:32:12+0200,f397dbef-7cdb-41f6-bba7-8b8b09f52e7d,2026-07-08T17:30:00Z,2026-07-08T19:30:00+0200,6292.41016,MW,FR,FR,forecast_solar_generation,Solar,2026-07-19T12:33:22Z
2026-07-19T12:32:12Z,2026-07-19T14:32:12+0200,f397dbef-7cdb-41f6-bba7-8b8b09f52e7d,2026-07-08T17:45:00Z,2026-07-08T19:45:00+0200,5194.62549,MW,FR,FR,forecast_solar_generation,Solar,2026-07-19T12:33:22Z
2026-07-19T12:32:12Z,2026-07-19T14:32:12+0200,f397dbef-7cdb-41f6-bba7-8b8b09f52e7d,2026-07-08T18:00:00Z,2026-07-08T20:00:00+0200,4070.06934,MW,FR,FR,forecast_solar_generation,Solar,2026-07-19T12:33:22Z
2026-07-19T12:32:12Z,2026-07-19T14:32:12+0200,f397dbef-7cdb-41f6-bba7-8b8b09f52e7d,2026-07-08T18:15:00Z,2026-07-08T20:15:00+0200,3076.75586,MW,FR,FR,forecast_solar_generation,Solar,2026-07-19T12:33:22Z
2026-07-19T12:32:12Z,2026-07-19T14:32:12+0200,f397dbef-7cdb-41f6-bba7-8b8b09f52e7d,2026-07-08T18:30:00Z,2026-07-08T20:30:00+0200,2227.88086,MW,FR,FR,forecast_solar_generation,Solar,2026-07-19T12:33:22Z
2026-07-19T12:32:12Z,2026-07-19T14:32:12+0200,f397dbef-7cdb-41f6-bba7-8b8b09f52e7d,2026-07-08T18:45:00Z,2026-07-08T20:45:00+0200,1622.95459,MW,FR,FR,forecast_solar_generation,Solar,2026-07-19T12:33:22Z
2026-07-19T12:32:12Z,2026-07-19T14:32:12+0200,f397dbef-7cdb-41f6-bba7-8b8b09f52e7d,2026-07-08T19:00:00Z,2026-07-08T21:00:00+0200,1107.24524,MW,FR,FR,forecast_solar_generation,Solar,2026-07-19T12:33:22Z
2026-07-19T12:32:12Z,2026-07-19T14:32:12+0200,f397dbef-7cdb-41f6-bba7-8b8b09f52e7d,2026-07-08T19:15:00Z,2026-07-08T21:15:00+0200,634.85352,MW,FR,FR,forecast_solar_generation,Solar,2026-07-19T12:33:22Z
2026-07-19T12:32:12Z,2026-07-19T14:32:12+0200,f397dbef-7cdb-41f6-bba7-8b8b09f52e7d,2026-07-08T19:30:00Z,2026-07-08T21:30:00+0200,234.71045,MW,FR,FR,forecast_solar_generation,Solar,2026-07-19T12:33:22Z
2026-07-19T12:32:12Z,2026-07-19T14:32:12+0200,f397dbef-7cdb-41f6-bba7-8b8b09f52e7d,2026-07-08T19:45:00Z,2026-07-08T21:45:00+0200,67.50939,MW,FR,FR,forecast_solar_generation,Solar,2026-07-19T12:33:22Z
2026-07-19T12:32:12Z,2026-07-19T14:32:12+0200,f397dbef-7cdb-41f6-bba7-8b8b09f52e7d,2026-07-08T20:00:00Z,2026-07-08T22:00:00+0200,7.88289,MW,FR,FR,forecast_solar_generation,Solar,2026-07-19T12:33:22Z
2026-07-19T12:32:12Z,2026-07-19T14:32:12+0200,f397dbef-7cdb-41f6-bba7-8b8b09f52e7d,2026-07-08T20:15:00Z,2026-07-08T22:15:00+0200,0.0,MW,FR,FR,forecast_solar_generation,Solar,2026-07-19T12:33:22Z
2026-07-19T12:32:12Z,2026-07-19T14:32:12+0200,f397dbef-7cdb-41f6-bba7-8b8b09f52e7d,2026-07-08T20:30:00Z,2026-07-08T22:30:00+0200,0.0,MW,FR,FR,forecast_solar_generation,Solar,2026-07-19T12:33:22Z
2026-07-19T12:32:12Z,2026-07-19T14:32:12+0200,f397dbef-7cdb-41f6-bba7-8b8b09f52e7d,2026-07-08T20:45:00Z,2026-07-08T22:45:00+0200,0.0,MW,FR,FR,forecast_solar_generation,Solar,2026-07-19T12:33:22Z
2026-07-19T12:32:12Z,2026-07-19T14:32:12+0200,f397dbef-7cdb-41f6-bba7-8b8b09f52e7d,2026-07-08T21:00:00Z,2026-07-08T23:00:00+0200,0.0,MW,FR,FR,forecast_solar_generation,Solar,2026-07-19T12:33:22Z
2026-07-19T12:32:12Z,2026-07-19T14:32:12+0200,f397dbef-7cdb-41f6-bba7-8b8b09f52e7d,2026-07-08T21:15:00Z,2026-07-08T23:15:00+0200,0.0,MW,FR,FR,forecast_solar_generation,Solar,2026-07-19T12:33:22Z
2026-07-19T12:32:12Z,2026-07-19T14:32:12+0200,f397dbef-7cdb-41f6-bba7-8b8b09f52e7d,2026-07-08T21:30:00Z,2026-07-08T23:30:00+0200,0.0,MW,FR,FR,forecast_solar_generation,Solar,2026-07-19T12:33:22Z
2026-07-19T12:32:12Z,2026-07-19T14:32:12+0200,f397dbef-7cdb-41f6-bba7-8b8b09f52e7d,2026-07-08T21:45:00Z,2026-07-08T23:45:00+0200,0.0,MW,FR,FR,forecast_solar_generation,Solar,2026-07-19T12:33:22Z
2026-07-19T12:32:12Z,2026-07-19T14:32:12+0200,f397dbef-7cdb-41f6-bba7-8b8b09f52e7d,2026-07-08T22:00:00Z,2026-07-09T00:00:00+0200,0.0,MW,FR,FR,forecast_solar_generation,Solar,2026-07-19T12:33:22Z
2026-07-19T12:32:12Z,2026-07-19T14:32:12+0200,f397dbef-7cdb-41f6-bba7-8b8b09f52e7d,2026-07-08T22:15:00Z,2026-07-09T00:15:00+0200,0.0,MW,FR,FR,forecast_solar_generation,Solar,2026-07-19T12:33:22Z
2026-07-19T12:32:12Z,2026-07-19T14:32:12+0200,f397dbef-7cdb-41f6-bba7-8b8b09f52e7d,2026-07-08T22:30:00Z,2026-07-09T00:30:00+0200,0.0,MW,FR,FR,forecast_solar_generation,Solar,2026-07-19T12:33:22Z
2026-07-19T12:32:12Z,2026-07-19T14:32:12+0200,f397dbef-7cdb-41f6-bba7-8b8b09f52e7d,2026-07-08T22:45:00Z,2026-07-09T00:45:00+0200,0.0,MW,FR,FR,forecast_solar_generation,Solar,2026-07-19T12:33:22Z
2026-07-19T12:32:12Z,2026-07-19T14:32:12+0200,f397dbef-7cdb-41f6-bba7-8b8b09f52e7d,2026-07-08T23:00:00Z,2026-07-09T01:00:00+0200,0.0,MW,FR,FR,forecast_solar_generation,Solar,2026-07-19T12:33:22Z
2026-07-19T12:32:12Z,2026-07-19T14:32:12+0200,f397dbef-7cdb-41f6-bba7-8b8b09f52e7d,2026-07-08T23:15:00Z,2026-07-09T01:15:00+0200,0.0,MW,FR,FR,forecast_solar_generation,Solar,2026-07-19T12:33:22Z
2026-07-19T12:32:12Z,2026-07-19T14:32:12+0200,f397dbef-7cdb-41f6-bba7-8b8b09f52e7d,2026-07-08T23:30:00Z,2026-07-09T01:30:00+0200,0.0,MW,FR,FR,forecast_solar_generation,Solar,2026-07-19T12:33:22Z
2026-07-19T12:32:12Z,2026-07-19T14:32:12+0200,f397dbef-7cdb-41f6-bba7-8b8b09f52e7d,2026-07-08T23:45:00Z,2026-07-09T01:45:00+0200,0.0,MW,FR,FR,forecast_solar_generation,Solar,2026-07-19T12:33:22Z
2026-07-19T12:32:12Z,2026-07-19T14:32:12+0200,f397dbef-7cdb-41f6-bba7-8b8b09f52e7d,2026-07-09T00:00:00Z,2026-07-09T02:00:00+0200,0.0,MW,FR,FR,forecast_solar_generation,Solar,2026-07-19T12:33:22Z
2026-07-19T12:32:12Z,2026-07-19T14:32:12+0200,f397dbef-7cdb-41f6-bba7-8b8b09f52e7d,2026-07-09T00:15:00Z,2026-07-09T02:15:00+0200,0.0,MW,FR,FR,forecast_solar_generation,Solar,2026-07-19T12:33:22Z
2026-07-19T12:32:12Z,2026-07-19T14:32:12+0200,f397dbef-7cdb-41f6-bba7-8b8b09f52e7d,2026-07-09T00:30:00Z,2026-07-09T02:30:00+0200,0.0,MW,FR,FR,forecast_solar_generation,Solar,2026-07-19T12:33:22Z
2026-07-19T12:32:12Z,2026-07-19T14:32:12+0200,f397dbef-7cdb-41f6-bba7-8b8b09f52e7d,2026-07-09T00:45:00Z,2026-07-09T02:45:00+0200,0.0,MW,FR,FR,forecast_solar_generation,Solar,2026-07-19T12:33:22Z
2026-07-19T12:32:12Z,2026-07-19T14:32:12+0200,f397dbef-7cdb-41f6-bba7-8b8b09f52e7d,2026-07-09T01:00:00Z,2026-07-09T03:00:00+0200,0.0,MW,FR,FR,forecast_solar_generation,Solar,2026-07-19T12:33:22Z
2026-07-19T12:32:12Z,2026-07-19T14:32:12+0200,f397dbef-7cdb-41f6-bba7-8b8b09f52e7d,2026-07-09T01:15:00Z,2026-07-09T03:15:00+0200,0.0,MW,FR,FR,forecast_solar_generation,Solar,2026-07-19T12:33:22Z
2026-07-19T12:32:12Z,2026-07-19T14:32:12+0200,f397dbef-7cdb-41f6-bba7-8b8b09f52e7d,2026-07-09T01:30:00Z,2026-07-09T03:30:00+0200,0.0,MW,FR,FR,forecast_solar_generation,Solar,2026-07-19T12:33:22Z
2026-07-19T12:32:12Z,2026-07-19T14:32:12+0200,f397dbef-7cdb-41f6-bba7-8b8b09f52e7d,2026-07-09T01:45:00Z,2026-07-09T03:45:00+0200,0.0,MW,FR,FR,forecast_solar_generation,Solar,2026-07-19T12:33:22Z
2026-07-19T12:32:12Z,2026-07-19T14:32:12+0200,f397dbef-7cdb-41f6-bba7-8b8b09f52e7d,2026-07-09T02:00:00Z,2026-07-09T04:00:00+0200,0.0,MW,FR,FR,forecast_solar_generation,Solar,2026-07-19T12:33:22Z
2026-07-19T12:32:12Z,2026-07-19T14:32:12+0200,f397dbef-7cdb-41f6-bba7-8b8b09f52e7d,2026-07-09T02:15:00Z,2026-07-09T04:15:00+0200,0.0,MW,FR,FR,forecast_solar_generation,Solar,2026-07-19T12:33:22Z
2026-07-19T12:32:12Z,2026-07-19T14:32:12+0200,f397dbef-7cdb-41f6-bba7-8b8b09f52e7d,2026-07-09T02:30:00Z,2026-07-09T04:30:00+0200,0.0,MW,FR,FR,forecast_solar_generation,Solar,2026-07-19T12:33:22Z
2026-07-19T12:32:12Z,2026-07-19T14:32:12+0200,f397dbef-7cdb-41f6-bba7-8b8b09f52e7d,2026-07-09T02:45:00Z,2026-07-09T04:45:00+0200,0.0,MW,FR,FR,forecast_solar_generation,Solar,2026-07-19T12:33:22Z
2026-07-19T12:32:12Z,2026-07-19T14:32:12+0200,f397dbef-7cdb-41f6-bba7-8b8b09f52e7d,2026-07-09T03:00:00Z,2026-07-09T05:00:00+0200,0.0,MW,FR,FR,forecast_solar_generation,Solar,2026-07-19T12:33:22Z
2026-07-19T12:32:12Z,2026-07-19T14:32:12+0200,f397dbef-7cdb-41f6-bba7-8b8b09f52e7d,2026-07-09T03:15:00Z,2026-07-09T05:15:00+0200,0.0,MW,FR,FR,forecast_solar_generation,Solar,2026-07-19T12:33:22Z
2026-07-19T12:32:12Z,2026-07-19T14:32:12+0200,f397dbef-7cdb-41f6-bba7-8b8b09f52e7d,2026-07-09T03:30:00Z,2026-07-09T05:30:00+0200,0.0,MW,FR,FR,forecast_solar_generation,Solar,2026-07-19T12:33:22Z
2026-07-19T12:32:12Z,2026-07-19T14:32:12+0200,f397dbef-7cdb-41f6-bba7-8b8b09f52e7d,2026-07-09T03:45:00Z,2026-07-09T05:45:00+0200,8.74602,MW,FR,FR,forecast_solar_generation,Solar,2026-07-19T12:33:22Z
2026-07-19T12:32:12Z,2026-07-19T14:32:12+0200,f397dbef-7cdb-41f6-bba7-8b8b09f52e7d,2026-07-09T04:00:00Z,2026-07-09T06:00:00+0200,43.18471,MW,FR,FR,forecast_solar_generation,Solar,2026-07-19T12:33:22Z
2026-07-19T12:32:12Z,2026-07-19T14:32:12+0200,f397dbef-7cdb-41f6-bba7-8b8b09f52e7d,2026-07-09T04:15:00Z,2026-07-09T06:15:00+0200,126.4906,MW,FR,FR,forecast_solar_generation,Solar,2026-07-19T12:33:22Z
2026-07-19T12:32:12Z,2026-07-19T14:32:12+0200,f397dbef-7cdb-41f6-bba7-8b8b09f52e7d,2026-07-09T04:30:00Z,2026-07-09T06:30:00+0200,236.08389,MW,FR,FR,forecast_solar_generation,Solar,2026-07-19T12:33:22Z
2026-07-19T12:32:12Z,2026-07-19T14:32:12+0200,f397dbef-7cdb-41f6-bba7-8b8b09f52e7d,2026-07-09T04:45:00Z,2026-07-09T06:45:00+0200,548.57721,MW,FR,FR,forecast_solar_generation,Solar,2026-07-19T12:33:22Z
2026-07-19T12:32:12Z,2026-07-19T14:32:12+0200,f397dbef-7cdb-41f6-bba7-8b8b09f52e7d,2026-07-09T05:00:00Z,2026-07-09T07:00:00+0200,957.11414,MW,FR,FR,forecast_solar_generation,Solar,2026-07-19T12:33:22Z
2026-07-19T12:32:12Z,2026-07-19T14:32:12+0200,f397dbef-7cdb-41f6-bba7-8b8b09f52e7d,2026-07-09T05:15:00Z,2026-07-09T07:15:00+0200,1461.74121,MW,FR,FR,forecast_solar_generation,Solar,2026-07-19T12:33:22Z
2026-07-19T12:32:12Z,2026-07-19T14:32:12+0200,f397dbef-7cdb-41f6-bba7-8b8b09f52e7d,2026-07-09T05:30:00Z,2026-07-09T07:30:00+0200,2010.27942,MW,FR,FR,forecast_solar_generation,Solar,2026-07-19T12:33:22Z
2026-07-19T12:32:12Z,2026-07-19T14:32:12+0200,f397dbef-7cdb-41f6-bba7-8b8b09f52e7d,2026-07-09T05:45:00Z,2026-07-09T07:45:00+0200,2896.06567,MW,FR,FR,forecast_solar_generation,Solar,2026-07-19T12:33:22Z
2026-07-19T12:32:12Z,2026-07-19T14:32:12+0200,f397dbef-7cdb-41f6-bba7-8b8b09f52e7d,2026-07-09T06:00:00Z,2026-07-09T08:00:00+0200,3806.35181,MW,FR,FR,forecast_solar_generation,Solar,2026-07-19T12:33:22Z
2026-07-19T12:32:12Z,2026-07-19T14:32:12+0200,f397dbef-7cdb-41f6-bba7-8b8b09f52e7d,2026-07-09T06:15:00Z,2026-07-09T08:15:00+0200,4929.31836,MW,FR,FR,forecast_solar_generation,Solar,2026-07-19T12:33:22Z
2026-07-19T12:32:12Z,2026-07-19T14:32:12+0200,f397dbef-7cdb-41f6-bba7-8b8b09f52e7d,2026-07-09T06:30:00Z,2026-07-09T08:30:00+0200,6025.62158,MW,FR,FR,forecast_solar_generation,Solar,2026-07-19T12:33:22Z
2026-07-19T12:32:12Z,2026-07-19T14:32:12+0200,f397dbef-7cdb-41f6-bba7-8b8b09f52e7d,2026-07-09T06:45:00Z,2026-07-09T08:45:00+0200,7346.22656,MW,FR,FR,forecast_solar_generation,Solar,2026-07-19T12:33:22Z
2026-07-19T12:32:12Z,2026-07-19T14:32:12+0200,f397dbef-7cdb-41f6-bba7-8b8b09f52e7d,2026-07-09T07:00:00Z,2026-07-09T09:00:00+0200,8607.51953,MW,FR,FR,forecast_solar_generation,Solar,2026-07-19T12:33:22Z
2026-07-19T12:32:12Z,2026-07-19T14:32:12+0200,f397dbef-7cdb-41f6-bba7-8b8b09f52e7d,2026-07-09T07:15:00Z,2026-07-09T09:15:00+0200,9893.46973,MW,FR,FR,forecast_solar_generation,Solar,2026-07-19T12:33:22Z
2026-07-19T12:32:12Z,2026-07-19T14:32:12+0200,f397dbef-7cdb-41f6-bba7-8b8b09f52e7d,2026-07-09T07:30:00Z,2026-07-09T09:30:00+0200,11127.36133,MW,FR,FR,forecast_solar_generation,Solar,2026-07-19T12:33:22Z
2026-07-19T12:32:12Z,2026-07-19T14:32:12+0200,f397dbef-7cdb-41f6-bba7-8b8b09f52e7d,2026-07-09T07:45:00Z,2026-07-09T09:45:00+0200,12355.63672,MW,FR,FR,forecast_solar_generation,Solar,2026-07-19T12:33:22Z
2026-07-19T12:32:12Z,2026-07-19T14:32:12+0200,f397dbef-7cdb-41f6-bba7-8b8b09f52e7d,2026-07-09T08:00:00Z,2026-07-09T10:00:00+0200,13542.32422,MW,FR,FR,forecast_solar_generation,Solar,2026-07-19T12:33:22Z
2026-07-19T12:32:12Z,2026-07-19T14:32:12+0200,f397dbef-7cdb-41f6-bba7-8b8b09f52e7d,2026-07-09T08:15:00Z,2026-07-09T10:15:00+0200,14717.33984,MW,FR,FR,forecast_solar_generation,Solar,2026-07-19T12:33:22Z
2026-07-19T12:32:12Z,2026-07-19T14:32:12+0200,f397dbef-7cdb-41f6-bba7-8b8b09f52e7d,2026-07-09T08:30:00Z,2026-07-09T10:30:00+0200,15804.47949,MW,FR,FR,forecast_solar_generation,Solar,2026-07-19T12:33:22Z
2026-07-19T12:32:12Z,2026-07-19T14:32:12+0200,f397dbef-7cdb-41f6-bba7-8b8b09f52e7d,2026-07-09T08:45:00Z,2026-07-09T10:45:00+0200,16693.24805,MW,FR,FR,forecast_solar_generation,Solar,2026-07-19T12:33:22Z
2026-07-19T12:32:12Z,2026-07-19T14:32:12+0200,f397dbef-7cdb-41f6-bba7-8b8b09f52e7d,2026-07-09T09:00:00Z,2026-07-09T11:00:00+0200,17509.11328,MW,FR,FR,forecast_solar_generation,Solar,2026-07-19T12:33:22Z
2026-07-19T12:32:12Z,2026-07-19T14:32:12+0200,f397dbef-7cdb-41f6-bba7-8b8b09f52e7d,2026-07-09T09:15:00Z,2026-07-09T11:15:00+0200,18254.875,MW,FR,FR,forecast_solar_generation,Solar,2026-07-19T12:33:22Z
2026-07-19T12:32:12Z,2026-07-19T14:32:12+0200,f397dbef-7cdb-41f6-bba7-8b8b09f52e7d,2026-07-09T09:30:00Z,2026-07-09T11:30:00+0200,19003.77539,MW,FR,FR,forecast_solar_generation,Solar,2026-07-19T12:33:22Z
2026-07-19T12:32:12Z,2026-07-19T14:32:12+0200,f397dbef-7cdb-41f6-bba7-8b8b09f52e7d,2026-07-09T09:45:00Z,2026-07-09T11:45:00+0200,19551.38477,MW,FR,FR,forecast_solar_generation,Solar,2026-07-19T12:33:22Z
2026-07-19T12:32:12Z,2026-07-19T14:32:12+0200,f397dbef-7cdb-41f6-bba7-8b8b09f52e7d,2026-07-09T10:00:00Z,2026-07-09T12:00:00+0200,20087.8125,MW,FR,FR,forecast_solar_generation,Solar,2026-07-19T12:33:22Z
2026-07-19T12:32:12Z,2026-07-19T14:32:12+0200,f397dbef-7cdb-41f6-bba7-8b8b09f52e7d,2026-07-09T10:15:00Z,2026-07-09T12:15:00+0200,20507.74609,MW,FR,FR,forecast_solar_generation,Solar,2026-07-19T12:33:22Z
2026-07-19T12:32:12Z,2026-07-19T14:32:12+0200,f397dbef-7cdb-41f6-bba7-8b8b09f52e7d,2026-07-09T10:30:00Z,2026-07-09T12:30:00+0200,20902.04297,MW,FR,FR,forecast_solar_generation,Solar,2026-07-19T12:33:22Z
2026-07-19T12:32:12Z,2026-07-19T14:32:12+0200,f397dbef-7cdb-41f6-bba7-8b8b09f52e7d,2026-07-09T10:45:00Z,2026-07-09T12:45:00+0200,21117.31445,MW,FR,FR,forecast_solar_generation,Solar,2026-07-19T12:33:22Z
2026-07-19T12:32:12Z,2026-07-19T14:32:12+0200,f397dbef-7cdb-41f6-bba7-8b8b09f52e7d,2026-07-09T11:00:00Z,2026-07-09T13:00:00+0200,21329.57422,MW,FR,FR,forecast_solar_generation,Solar,2026-07-19T12:33:22Z
2026-07-19T12:32:12Z,2026-07-19T14:32:12+0200,f397dbef-7cdb-41f6-bba7-8b8b09f52e7d,2026-07-09T11:15:00Z,2026-07-09T13:15:00+0200,21462.88477,MW,FR,FR,forecast_solar_generation,Solar,2026-07-19T12:33:22Z
2026-07-19T12:32:12Z,2026-07-19T14:32:12+0200,f397dbef-7cdb-41f6-bba7-8b8b09f52e7d,2026-07-09T11:30:00Z,2026-07-09T13:30:00+0200,21579.22852,MW,FR,FR,forecast_solar_generation,Solar,2026-07-19T12:33:22Z
2026-07-19T12:32:12Z,2026-07-19T14:32:12+0200,f397dbef-7cdb-41f6-bba7-8b8b09f52e7d,2026-07-09T11:45:00Z,2026-07-09T13:45:00+0200,21627.62695,MW,FR,FR,forecast_solar_generation,Solar,2026-07-19T12:33:22Z
2026-07-19T12:32:12Z,2026-07-19T14:32:12+0200,f397dbef-7cdb-41f6-bba7-8b8b09f52e7d,2026-07-09T12:00:00Z,2026-07-09T14:00:00+0200,21647.09961,MW,FR,FR,forecast_solar_generation,Solar,2026-07-19T12:33:22Z
2026-07-19T12:32:12Z,2026-07-19T14:32:12+0200,f397dbef-7cdb-41f6-bba7-8b8b09f52e7d,2026-07-09T12:15:00Z,2026-07-09T14:15:00+0200,21613.1582,MW,FR,FR,forecast_solar_generation,Solar,2026-07-19T12:33:22Z
2026-07-19T12:32:12Z,2026-07-19T14:32:12+0200,f397dbef-7cdb-41f6-bba7-8b8b09f52e7d,2026-07-09T12:30:00Z,2026-07-09T14:30:00+0200,21555.79297,MW,FR,FR,forecast_solar_generation,Solar,2026-07-19T12:33:22Z
2026-07-19T12:32:12Z,2026-07-19T14:32:12+0200,f397dbef-7cdb-41f6-bba7-8b8b09f52e7d,2026-07-09T12:45:00Z,2026-07-09T14:45:00+0200,21423.41797,MW,FR,FR,forecast_solar_generation,Solar,2026-07-19T12:33:22Z
2026-07-19T12:32:12Z,2026-07-19T14:32:12+0200,f397dbef-7cdb-41f6-bba7-8b8b09f52e7d,2026-07-09T13:00:00Z,2026-07-09T15:00:00+0200,21247.24805,MW,FR,FR,forecast_solar_generation,Solar,2026-07-19T12:33:22Z
2026-07-19T12:32:12Z,2026-07-19T14:32:12+0200,f397dbef-7cdb-41f6-bba7-8b8b09f52e7d,2026-07-09T13:15:00Z,2026-07-09T15:15:00+0200,20975.92188,MW,FR,FR,forecast_solar_generation,Solar,2026-07-19T12:33:22Z
2026-07-19T12:32:12Z,2026-07-19T14:32:12+0200,f397dbef-7cdb-41f6-bba7-8b8b09f52e7d,2026-07-09T13:30:00Z,2026-07-09T15:30:00+0200,20631.64844,MW,FR,FR,forecast_solar_generation,Solar,2026-07-19T12:33:22Z
2026-07-19T12:32:12Z,2026-07-19T14:32:12+0200,f397dbef-7cdb-41f6-bba7-8b8b09f52e7d,2026-07-09T13:45:00Z,2026-07-09T15:45:00+0200,20174.36328,MW,FR,FR,forecast_solar_generation,Solar,2026-07-19T12:33:22Z
2026-07-19T12:32:12Z,2026-07-19T14:32:12+0200,f397dbef-7cdb-41f6-bba7-8b8b09f52e7d,2026-07-09T14:00:00Z,2026-07-09T16:00:00+0200,19671.25391,MW,FR,FR,forecast_solar_generation,Solar,2026-07-19T12:33:22Z
2026-07-19T12:32:12Z,2026-07-19T14:32:12+0200,f397dbef-7cdb-41f6-bba7-8b8b09f52e7d,2026-07-09T14:15:00Z,2026-07-09T16:15:00+0200,19122.55469,MW,FR,FR,forecast_solar_generation,Solar,2026-07-19T12:33:22Z
2026-07-19T12:32:12Z,2026-07-19T14:32:12+0200,f397dbef-7cdb-41f6-bba7-8b8b09f52e7d,2026-07-09T14:30:00Z,2026-07-09T16:30:00+0200,18454.49414,MW,FR,FR,forecast_solar_generation,Solar,2026-07-19T12:33:22Z
2026-07-19T12:32:12Z,2026-07-19T14:32:12+0200,f397dbef-7cdb-41f6-bba7-8b8b09f52e7d,2026-07-09T14:45:00Z,2026-07-09T16:45:00+0200,17662.64844,MW,FR,FR,forecast_solar_generation,Solar,2026-07-19T12:33:22Z
2026-07-19T12:32:12Z,2026-07-19T14:32:12+0200,f397dbef-7cdb-41f6-bba7-8b8b09f52e7d,2026-07-09T15:00:00Z,2026-07-09T17:00:00+0200,16875.5,MW,FR,FR,forecast_solar_generation,Solar,2026-07-19T12:33:22Z
2026-07-19T12:32:12Z,2026-07-19T14:32:12+0200,f397dbef-7cdb-41f6-bba7-8b8b09f52e7d,2026-07-09T15:15:00Z,2026-07-09T17:15:00+0200,16035.27832,MW,FR,FR,forecast_solar_generation,Solar,2026-07-19T12:33:22Z
2026-07-19T12:32:12Z,2026-07-19T14:32:12+0200,f397dbef-7cdb-41f6-bba7-8b8b09f52e7d,2026-07-09T15:30:00Z,2026-07-09T17:30:00+0200,15140.86914,MW,FR,FR,forecast_solar_generation,Solar,2026-07-19T12:33:22Z
2026-07-19T12:32:12Z,2026-07-19T14:32:12+0200,f397dbef-7cdb-41f6-bba7-8b8b09f52e7d,2026-07-09T15:45:00Z,2026-07-09T17:45:00+0200,14158.77246,MW,FR,FR,forecast_solar_generation,Solar,2026-07-19T12:33:22Z
2026-07-19T12:32:12Z,2026-07-19T14:32:12+0200,f397dbef-7cdb-41f6-bba7-8b8b09f52e7d,2026-07-09T16:00:00Z,2026-07-09T18:00:00+0200,13072.19434,MW,FR,FR,forecast_solar_generation,Solar,2026-07-19T12:33:22Z
2026-07-19T12:32:12Z,2026-07-19T14:32:12+0200,f397dbef-7cdb-41f6-bba7-8b8b09f52e7d,2026-07-09T16:15:00Z,2026-07-09T18:15:00+0200,11949.04785,MW,FR,FR,forecast_solar_generation,Solar,2026-07-19T12:33:22Z
2026-07-19T12:32:12Z,2026-07-19T14:32:12+0200,f397dbef-7cdb-41f6-bba7-8b8b09f52e7d,2026-07-09T16:30:00Z,2026-07-09T18:30:00+0200,10805.16211,MW,FR,FR,forecast_solar_generation,Solar,2026-07-19T12:33:22Z
2026-07-19T12:32:12Z,2026-07-19T14:32:12+0200,f397dbef-7cdb-41f6-bba7-8b8b09f52e7d,2026-07-09T16:45:00Z,2026-07-09T18:45:00+0200,9729.59766,MW,FR,FR,forecast_solar_generation,Solar,2026-07-19T12:33:22Z
2026-07-19T12:32:12Z,2026-07-19T14:32:12+0200,f397dbef-7cdb-41f6-bba7-8b8b09f52e7d,2026-07-09T17:00:00Z,2026-07-09T19:00:00+0200,8472.92773,MW,FR,FR,forecast_solar_generation,Solar,2026-07-19T12:33:22Z
2026-07-19T12:32:12Z,2026-07-19T14:32:12+0200,f397dbef-7cdb-41f6-bba7-8b8b09f52e7d,2026-07-09T17:15:00Z,2026-07-09T19:15:00+0200,7298.61572,MW,FR,FR,forecast_solar_generation,Solar,2026-07-19T12:33:22Z
2026-07-19T12:32:12Z,2026-07-19T14:32:12+0200,f397dbef-7cdb-41f6-bba7-8b8b09f52e7d,2026-07-09T17:30:00Z,2026-07-09T19:30:00+0200,6028.80615,MW,FR,FR,forecast_solar_generation,Solar,2026-07-19T12:33:22Z
2026-07-19T12:32:12Z,2026-07-19T14:32:12+0200,f397dbef-7cdb-41f6-bba7-8b8b09f52e7d,2026-07-09T17:45:00Z,2026-07-09T19:45:00+0200,5003.82471,MW,FR,FR,forecast_solar_generation,Solar,2026-07-19T12:33:22Z
2026-07-19T12:32:12Z,2026-07-19T14:32:12+0200,f397dbef-7cdb-41f6-bba7-8b8b09f52e7d,2026-07-09T18:00:00Z,2026-07-09T20:00:00+0200,3868.01807,MW,FR,FR,forecast_solar_generation,Solar,2026-07-19T12:33:22Z
2026-07-19T12:32:12Z,2026-07-19T14:32:12+0200,f397dbef-7cdb-41f6-bba7-8b8b09f52e7d,2026-07-09T18:15:00Z,2026-07-09T20:15:00+0200,2919.01855,MW,FR,FR,forecast_solar_generation,Solar,2026-07-19T12:33:22Z
2026-07-19T12:32:12Z,2026-07-19T14:32:12+0200,f397dbef-7cdb-41f6-bba7-8b8b09f52e7d,2026-07-09T18:30:00Z,2026-07-09T20:30:00+0200,2114.40454,MW,FR,FR,forecast_solar_generation,Solar,2026-07-19T12:33:22Z
2026-07-19T12:32:12Z,2026-07-19T14:32:12+0200,f397dbef-7cdb-41f6-bba7-8b8b09f52e7d,2026-07-09T18:45:00Z,2026-07-09T20:45:00+0200,1537.33069,MW,FR,FR,forecast_solar_generation,Solar,2026-07-19T12:33:22Z
2026-07-19T12:32:12Z,2026-07-19T14:32:12+0200,f397dbef-7cdb-41f6-bba7-8b8b09f52e7d,2026-07-09T19:00:00Z,2026-07-09T21:00:00+0200,1052.12061,MW,FR,FR,forecast_solar_generation,Solar,2026-07-19T12:33:22Z
2026-07-19T12:32:12Z,2026-07-19T14:32:12+0200,f397dbef-7cdb-41f6-bba7-8b8b09f52e7d,2026-07-09T19:15:00Z,2026-07-09T21:15:00+0200,601.375,MW,FR,FR,forecast_solar_generation,Solar,2026-07-19T12:33:22Z
2026-07-19T12:32:12Z,2026-07-19T14:32:12+0200,f397dbef-7cdb-41f6-bba7-8b8b09f52e7d,2026-07-09T19:30:00Z,2026-07-09T21:30:00+0200,212.75929,MW,FR,FR,forecast_solar_generation,Solar,2026-07-19T12:33:22Z
2026-07-19T12:32:12Z,2026-07-19T14:32:12+0200,f397dbef-7cdb-41f6-bba7-8b8b09f52e7d,2026-07-09T19:45:00Z,2026-07-09T21:45:00+0200,54.16501,MW,FR,FR,forecast_solar_generation,Solar,2026-07-19T12:33:22Z
2026-07-19T12:32:12Z,2026-07-19T14:32:12+0200,f397dbef-7cdb-41f6-bba7-8b8b09f52e7d,2026-07-09T20:00:00Z,2026-07-09T22:00:00+0200,5.6943,MW,FR,FR,forecast_solar_generation,Solar,2026-07-19T12:33:22Z
2026-07-19T12:32:12Z,2026-07-19T14:32:12+0200,f397dbef-7cdb-41f6-bba7-8b8b09f52e7d,2026-07-09T20:15:00Z,2026-07-09T22:15:00+0200,0.0,MW,FR,FR,forecast_solar_generation,Solar,2026-07-19T12:33:22Z
2026-07-19T12:32:12Z,2026-07-19T14:32:12+0200,f397dbef-7cdb-41f6-bba7-8b8b09f52e7d,2026-07-09T20:30:00Z,2026-07-09T22:30:00+0200,0.0,MW,FR,FR,forecast_solar_generation,Solar,2026-07-19T12:33:22Z
2026-07-19T12:32:12Z,2026-07-19T14:32:12+0200,f397dbef-7cdb-41f6-bba7-8b8b09f52e7d,2026-07-09T20:45:00Z,2026-07-09T22:45:00+0200,0.0,MW,FR,FR,forecast_solar_generation,Solar,2026-07-19T12:33:22Z
2026-07-19T12:32:12Z,2026-07-19T14:32:12+0200,f397dbef-7cdb-41f6-bba7-8b8b09f52e7d,2026-07-09T21:00:00Z,2026-07-09T23:00:00+0200,0.0,MW,FR,FR,forecast_solar_generation,Solar,2026-07-19T12:33:22Z
2026-07-19T12:32:12Z,2026-07-19T14:32:12+0200,f397dbef-7cdb-41f6-bba7-8b8b09f52e7d,2026-07-09T21:15:00Z,2026-07-09T23:15:00+0200,0.0,MW,FR,FR,forecast_solar_generation,Solar,2026-07-19T12:33:22Z
2026-07-19T12:32:12Z,2026-07-19T14:32:12+0200,f397dbef-7cdb-41f6-bba7-8b8b09f52e7d,2026-07-09T21:30:00Z,2026-07-09T23:30:00+0200,0.0,MW,FR,FR,forecast_solar_generation,Solar,2026-07-19T12:33:22Z
2026-07-19T12:32:12Z,2026-07-19T14:32:12+0200,f397dbef-7cdb-41f6-bba7-8b8b09f52e7d,2026-07-09T21:45:00Z,2026-07-09T23:45:00+0200,0.0,MW,FR,FR,forecast_solar_generation,Solar,2026-07-19T12:33:22Z
2026-07-19T12:32:12Z,2026-07-19T14:32:12+0200,f397dbef-7cdb-41f6-bba7-8b8b09f52e7d,2026-07-09T22:00:00Z,2026-07-10T00:00:00+0200,0.0,MW,FR,FR,forecast_solar_generation,Solar,2026-07-19T12:33:22Z
2026-07-19T12:32:12Z,2026-07-19T14:32:12+0200,f397dbef-7cdb-41f6-bba7-8b8b09f52e7d,2026-07-09T22:15:00Z,2026-07-10T00:15:00+0200,0.0,MW,FR,FR,forecast_solar_generation,Solar,2026-07-19T12:33:22Z
2026-07-19T12:32:12Z,2026-07-19T14:32:12+0200,f397dbef-7cdb-41f6-bba7-8b8b09f52e7d,2026-07-09T22:30:00Z,2026-07-10T00:30:00+0200,0.0,MW,FR,FR,forecast_solar_generation,Solar,2026-07-19T12:33:22Z
2026-07-19T12:32:12Z,2026-07-19T14:32:12+0200,f397dbef-7cdb-41f6-bba7-8b8b09f52e7d,2026-07-09T22:45:00Z,2026-07-10T00:45:00+0200,0.0,MW,FR,FR,forecast_solar_generation,Solar,2026-07-19T12:33:22Z
2026-07-19T12:32:12Z,2026-07-19T14:32:12+0200,f397dbef-7cdb-41f6-bba7-8b8b09f52e7d,2026-07-09T23:00:00Z,2026-07-10T01:00:00+0200,0.0,MW,FR,FR,forecast_solar_generation,Solar,2026-07-19T12:33:22Z
2026-07-19T12:32:12Z,2026-07-19T14:32:12+0200,f397dbef-7cdb-41f6-bba7-8b8b09f52e7d,2026-07-09T23:15:00Z,2026-07-10T01:15:00+0200,0.0,MW,FR,FR,forecast_solar_generation,Solar,2026-07-19T12:33:22Z
2026-07-19T12:32:12Z,2026-07-19T14:32:12+0200,f397dbef-7cdb-41f6-bba7-8b8b09f52e7d,2026-07-09T23:30:00Z,2026-07-10T01:30:00+0200,0.0,MW,FR,FR,forecast_solar_generation,Solar,2026-07-19T12:33:22Z
2026-07-19T12:32:12Z,2026-07-19T14:32:12+0200,f397dbef-7cdb-41f6-bba7-8b8b09f52e7d,2026-07-09T23:45:00Z,2026-07-10T01:45:00+0200,0.0,MW,FR,FR,forecast_solar_generation,Solar,2026-07-19T12:33:22Z
2026-07-19T12:32:12Z,2026-07-19T14:32:12+0200,f397dbef-7cdb-41f6-bba7-8b8b09f52e7d,2026-07-10T00:00:00Z,2026-07-10T02:00:00+0200,0.0,MW,FR,FR,forecast_solar_generation,Solar,2026-07-19T12:33:22Z
2026-07-19T12:32:12Z,2026-07-19T14:32:12+0200,f397dbef-7cdb-41f6-bba7-8b8b09f52e7d,2026-07-10T00:15:00Z,2026-07-10T02:15:00+0200,0.0,MW,FR,FR,forecast_solar_generation,Solar,2026-07-19T12:33:22Z
2026-07-19T12:32:12Z,2026-07-19T14:32:12+0200,f397dbef-7cdb-41f6-bba7-8b8b09f52e7d,2026-07-10T00:30:00Z,2026-07-10T02:30:00+0200,0.0,MW,FR,FR,forecast_solar_generation,Solar,2026-07-19T12:33:22Z
2026-07-19T12:32:12Z,2026-07-19T14:32:12+0200,f397dbef-7cdb-41f6-bba7-8b8b09f52e7d,2026-07-10T00:45:00Z,2026-07-10T02:45:00+0200,0.0,MW,FR,FR,forecast_solar_generation,Solar,2026-07-19T12:33:22Z
2026-07-19T12:32:12Z,2026-07-19T14:32:12+0200,f397dbef-7cdb-41f6-bba7-8b8b09f52e7d,2026-07-10T01:00:00Z,2026-07-10T03:00:00+0200,0.0,MW,FR,FR,forecast_solar_generation,Solar,2026-07-19T12:33:22Z
2026-07-19T12:32:12Z,2026-07-19T14:32:12+0200,f397dbef-7cdb-41f6-bba7-8b8b09f52e7d,2026-07-10T01:15:00Z,2026-07-10T03:15:00+0200,0.0,MW,FR,FR,forecast_solar_generation,Solar,2026-07-19T12:33:22Z
2026-07-19T12:32:12Z,2026-07-19T14:32:12+0200,f397dbef-7cdb-41f6-bba7-8b8b09f52e7d,2026-07-10T01:30:00Z,2026-07-10T03:30:00+0200,0.0,MW,FR,FR,forecast_solar_generation,Solar,2026-07-19T12:33:22Z
2026-07-19T12:32:12Z,2026-07-19T14:32:12+0200,f397dbef-7cdb-41f6-bba7-8b8b09f52e7d,2026-07-10T01:45:00Z,2026-07-10T03:45:00+0200,0.0,MW,FR,FR,forecast_solar_generation,Solar,2026-07-19T12:33:22Z
2026-07-19T12:32:12Z,2026-07-19T14:32:12+0200,f397dbef-7cdb-41f6-bba7-8b8b09f52e7d,2026-07-10T02:00:00Z,2026-07-10T04:00:00+0200,0.0,MW,FR,FR,forecast_solar_generation,Solar,2026-07-19T12:33:22Z
2026-07-19T12:32:12Z,2026-07-19T14:32:12+0200,f397dbef-7cdb-41f6-bba7-8b8b09f52e7d,2026-07-10T02:15:00Z,2026-07-10T04:15:00+0200,0.0,MW,FR,FR,forecast_solar_generation,Solar,2026-07-19T12:33:22Z
2026-07-19T12:32:12Z,2026-07-19T14:32:12+0200,f397dbef-7cdb-41f6-bba7-8b8b09f52e7d,2026-07-10T02:30:00Z,2026-07-10T04:30:00+0200,0.0,MW,FR,FR,forecast_solar_generation,Solar,2026-07-19T12:33:22Z
2026-07-19T12:32:12Z,2026-07-19T14:32:12+0200,f397dbef-7cdb-41f6-bba7-8b8b09f52e7d,2026-07-10T02:45:00Z,2026-07-10T04:45:00+0200,0.0,MW,FR,FR,forecast_solar_generation,Solar,2026-07-19T12:33:22Z
2026-07-19T12:32:12Z,2026-07-19T14:32:12+0200,f397dbef-7cdb-41f6-bba7-8b8b09f52e7d,2026-07-10T03:00:00Z,2026-07-10T05:00:00+0200,0.0,MW,FR,FR,forecast_solar_generation,Solar,2026-07-19T12:33:22Z
2026-07-19T12:32:12Z,2026-07-19T14:32:12+0200,f397dbef-7cdb-41f6-bba7-8b8b09f52e7d,2026-07-10T03:15:00Z,2026-07-10T05:15:00+0200,0.0,MW,FR,FR,forecast_solar_generation,Solar,2026-07-19T12:33:22Z
2026-07-19T12:32:12Z,2026-07-19T14:32:12+0200,f397dbef-7cdb-41f6-bba7-8b8b09f52e7d,2026-07-10T03:30:00Z,2026-07-10T05:30:00+0200,0.0,MW,FR,FR,forecast_solar_generation,Solar,2026-07-19T12:33:22Z
2026-07-19T12:32:12Z,2026-07-19T14:32:12+0200,f397dbef-7cdb-41f6-bba7-8b8b09f52e7d,2026-07-10T03:45:00Z,2026-07-10T05:45:00+0200,8.00943,MW,FR,FR,forecast_solar_generation,Solar,2026-07-19T12:33:22Z
2026-07-19T12:32:12Z,2026-07-19T14:32:12+0200,f397dbef-7cdb-41f6-bba7-8b8b09f52e7d,2026-07-10T04:00:00Z,2026-07-10T06:00:00+0200,43.24466,MW,FR,FR,forecast_solar_generation,Solar,2026-07-19T12:33:22Z
2026-07-19T12:32:12Z,2026-07-19T14:32:12+0200,f397dbef-7cdb-41f6-bba7-8b8b09f52e7d,2026-07-10T04:15:00Z,2026-07-10T06:15:00+0200,126.73526,MW,FR,FR,forecast_solar_generation,Solar,2026-07-19T12:33:22Z
2026-07-19T12:32:12Z,2026-07-19T14:32:12+0200,f397dbef-7cdb-41f6-bba7-8b8b09f52e7d,2026-07-10T04:30:00Z,2026-07-10T06:30:00+0200,242.78484,MW,FR,FR,forecast_solar_generation,Solar,2026-07-19T12:33:22Z
2026-07-19T12:32:12Z,2026-07-19T14:32:12+0200,f397dbef-7cdb-41f6-bba7-8b8b09f52e7d,2026-07-10T04:45:00Z,2026-07-10T06:45:00+0200,538.20874,MW,FR,FR,forecast_solar_generation,Solar,2026-07-19T12:33:22Z
2026-07-19T12:32:12Z,2026-07-19T14:32:12+0200,f397dbef-7cdb-41f6-bba7-8b8b09f52e7d,2026-07-10T05:00:00Z,2026-07-10T07:00:00+0200,937.3432,MW,FR,FR,forecast_solar_generation,Solar,2026-07-19T12:33:22Z
2026-07-19T12:32:12Z,2026-07-19T14:32:12+0200,f397dbef-7cdb-41f6-bba7-8b8b09f52e7d,2026-07-10T05:15:00Z,2026-07-10T07:15:00+0200,1421.8949,MW,FR,FR,forecast_solar_generation,Solar,2026-07-19T12:33:22Z
2026-07-19T12:32:12Z,2026-07-19T14:32:12+0200,f397dbef-7cdb-41f6-bba7-8b8b09f52e7d,2026-07-10T05:30:00Z,2026-07-10T07:30:00+0200,1950.4906,MW,FR,FR,forecast_solar_generation,Solar,2026-07-19T12:33:22Z
2026-07-19T12:32:12Z,2026-07-19T14:32:12+0200,f397dbef-7cdb-41f6-bba7-8b8b09f52e7d,2026-07-10T05:45:00Z,2026-07-10T07:45:00+0200,2804.83374,MW,FR,FR,forecast_solar_generation,Solar,2026-07-19T12:33:22Z
2026-07-19T12:32:12Z,2026-07-19T14:32:12+0200,f397dbef-7cdb-41f6-bba7-8b8b09f52e7d,2026-07-10T06:00:00Z,2026-07-10T08:00:00+0200,3684.36011,MW,FR,FR,forecast_solar_generation,Solar,2026-07-19T12:33:22Z
2026-07-19T12:32:12Z,2026-07-19T14:32:12+0200,f397dbef-7cdb-41f6-bba7-8b8b09f52e7d,2026-07-10T06:15:00Z,2026-07-10T08:15:00+0200,4778.06445,MW,FR,FR,forecast_solar_generation,Solar,2026-07-19T12:33:22Z
2026-07-19T12:32:12Z,2026-07-19T14:32:12+0200,f397dbef-7cdb-41f6-bba7-8b8b09f52e7d,2026-07-10T06:30:00Z,2026-07-10T08:30:00+0200,5803.56592,MW,FR,FR,forecast_solar_generation,Solar,2026-07-19T12:33:22Z
2026-07-19T12:32:12Z,2026-07-19T14:32:12+0200,f397dbef-7cdb-41f6-bba7-8b8b09f52e7d,2026-07-10T06:45:00Z,2026-07-10T08:45:00+0200,7114.50635,MW,FR,FR,forecast_solar_generation,Solar,2026-07-19T12:33:22Z
2026-07-19T12:32:12Z,2026-07-19T14:32:12+0200,f397dbef-7cdb-41f6-bba7-8b8b09f52e7d,2026-07-10T07:00:00Z,2026-07-10T09:00:00+0200,8284.14258,MW,FR,FR,forecast_solar_generation,Solar,2026-07-19T12:33:22Z
2026-07-19T12:32:12Z,2026-07-19T14:32:12+0200,f397dbef-7cdb-41f6-bba7-8b8b09f52e7d,2026-07-10T07:15:00Z,2026-07-10T09:15:00+0200,9560.5459,MW,FR,FR,forecast_solar_generation,Solar,2026-07-19T12:33:22Z
2026-07-19T12:32:12Z,2026-07-19T14:32:12+0200,f397dbef-7cdb-41f6-bba7-8b8b09f52e7d,2026-07-10T07:30:00Z,2026-07-10T09:30:00+0200,10684.99512,MW,FR,FR,forecast_solar_generation,Solar,2026-07-19T12:33:22Z
2026-07-19T12:32:12Z,2026-07-19T14:32:12+0200,f397dbef-7cdb-41f6-bba7-8b8b09f52e7d,2026-07-10T07:45:00Z,2026-07-10T09:45:00+0200,11866.46484,MW,FR,FR,forecast_solar_generation,Solar,2026-07-19T12:33:22Z
2026-07-19T12:32:12Z,2026-07-19T14:32:12+0200,f397dbef-7cdb-41f6-bba7-8b8b09f52e7d,2026-07-10T08:00:00Z,2026-07-10T10:00:00+0200,12959.43457,MW,FR,FR,forecast_solar_generation,Solar,2026-07-19T12:33:22Z
2026-07-19T12:32:12Z,2026-07-19T14:32:12+0200,f397dbef-7cdb-41f6-bba7-8b8b09f52e7d,2026-07-10T08:15:00Z,2026-07-10T10:15:00+0200,14107.45605,MW,FR,FR,forecast_solar_generation,Solar,2026-07-19T12:33:22Z
2026-07-19T12:32:12Z,2026-07-19T14:32:12+0200,f397dbef-7cdb-41f6-bba7-8b8b09f52e7d,2026-07-10T08:30:00Z,2026-07-10T10:30:00+0200,15115.25586,MW,FR,FR,forecast_solar_generation,Solar,2026-07-19T12:33:22Z
2026-07-19T12:32:12Z,2026-07-19T14:32:12+0200,f397dbef-7cdb-41f6-bba7-8b8b09f52e7d,2026-07-10T08:45:00Z,2026-07-10T10:45:00+0200,15970.41309,MW,FR,FR,forecast_solar_generation,Solar,2026-07-19T12:33:22Z
2026-07-19T12:32:12Z,2026-07-19T14:32:12+0200,f397dbef-7cdb-41f6-bba7-8b8b09f52e7d,2026-07-10T09:00:00Z,2026-07-10T11:00:00+0200,16741.68555,MW,FR,FR,forecast_solar_generation,Solar,2026-07-19T12:33:22Z
2026-07-19T12:32:12Z,2026-07-19T14:32:12+0200,f397dbef-7cdb-41f6-bba7-8b8b09f52e7d,2026-07-10T09:15:00Z,2026-07-10T11:15:00+0200,17455.66016,MW,FR,FR,forecast_solar_generation,Solar,2026-07-19T12:33:22Z
2026-07-19T12:32:12Z,2026-07-19T14:32:12+0200,f397dbef-7cdb-41f6-bba7-8b8b09f52e7d,2026-07-10T09:30:00Z,2026-07-10T11:30:00+0200,18137.00391,MW,FR,FR,forecast_solar_generation,Solar,2026-07-19T12:33:22Z
2026-07-19T12:32:12Z,2026-07-19T14:32:12+0200,f397dbef-7cdb-41f6-bba7-8b8b09f52e7d,2026-07-10T09:45:00Z,2026-07-10T11:45:00+0200,18637.68555,MW,FR,FR,forecast_solar_generation,Solar,2026-07-19T12:33:22Z
2026-07-19T12:32:12Z,2026-07-19T14:32:12+0200,f397dbef-7cdb-41f6-bba7-8b8b09f52e7d,2026-07-10T10:00:00Z,2026-07-10T12:00:00+0200,19166.07812,MW,FR,FR,forecast_solar_generation,Solar,2026-07-19T12:33:22Z
2026-07-19T12:32:12Z,2026-07-19T14:32:12+0200,f397dbef-7cdb-41f6-bba7-8b8b09f52e7d,2026-07-10T10:15:00Z,2026-07-10T12:15:00+0200,19559.79102,MW,FR,FR,forecast_solar_generation,Solar,2026-07-19T12:33:22Z
2026-07-19T12:32:12Z,2026-07-19T14:32:12+0200,f397dbef-7cdb-41f6-bba7-8b8b09f52e7d,2026-07-10T10:30:00Z,2026-07-10T12:30:00+0200,19965.13867,MW,FR,FR,forecast_solar_generation,Solar,2026-07-19T12:33:22Z
2026-07-19T12:32:12Z,2026-07-19T14:32:12+0200,f397dbef-7cdb-41f6-bba7-8b8b09f52e7d,2026-07-10T10:45:00Z,2026-07-10T12:45:00+0200,20186.30859,MW,FR,FR,forecast_solar_generation,Solar,2026-07-19T12:33:22Z
2026-07-19T12:32:12Z,2026-07-19T14:32:12+0200,f397dbef-7cdb-41f6-bba7-8b8b09f52e7d,2026-07-10T11:00:00Z,2026-07-10T13:00:00+0200,20406.23828,MW,FR,FR,forecast_solar_generation,Solar,2026-07-19T12:33:22Z
2026-07-19T12:32:12Z,2026-07-19T14:32:12+0200,f397dbef-7cdb-41f6-bba7-8b8b09f52e7d,2026-07-10T11:15:00Z,2026-07-10T13:15:00+0200,20545.62305,MW,FR,FR,forecast_solar_generation,Solar,2026-07-19T12:33:22Z
2026-07-19T12:32:12Z,2026-07-19T14:32:12+0200,f397dbef-7cdb-41f6-bba7-8b8b09f52e7d,2026-07-10T11:30:00Z,2026-07-10T13:30:00+0200,20650.62695,MW,FR,FR,forecast_solar_generation,Solar,2026-07-19T12:33:22Z
2026-07-19T12:32:12Z,2026-07-19T14:32:12+0200,f397dbef-7cdb-41f6-bba7-8b8b09f52e7d,2026-07-10T11:45:00Z,2026-07-10T13:45:00+0200,20651.49023,MW,FR,FR,forecast_solar_generation,Solar,2026-07-19T12:33:22Z
2026-07-19T12:32:12Z,2026-07-19T14:32:12+0200,f397dbef-7cdb-41f6-bba7-8b8b09f52e7d,2026-07-10T12:00:00Z,2026-07-10T14:00:00+0200,20586.93945,MW,FR,FR,forecast_solar_generation,Solar,2026-07-19T12:33:22Z
2026-07-19T12:32:12Z,2026-07-19T14:32:12+0200,f397dbef-7cdb-41f6-bba7-8b8b09f52e7d,2026-07-10T12:15:00Z,2026-07-10T14:15:00+0200,20422.26758,MW,FR,FR,forecast_solar_generation,Solar,2026-07-19T12:33:22Z
2026-07-19T12:32:12Z,2026-07-19T14:32:12+0200,f397dbef-7cdb-41f6-bba7-8b8b09f52e7d,2026-07-10T12:30:00Z,2026-07-10T14:30:00+0200,20234.56836,MW,FR,FR,forecast_solar_generation,Solar,2026-07-19T12:33:22Z
2026-07-19T12:32:12Z,2026-07-19T14:32:12+0200,f397dbef-7cdb-41f6-bba7-8b8b09f52e7d,2026-07-10T12:45:00Z,2026-07-10T14:45:00+0200,19941.00391,MW,FR,FR,forecast_solar_generation,Solar,2026-07-19T12:33:22Z
2026-07-19T12:32:12Z,2026-07-19T14:32:12+0200,f397dbef-7cdb-41f6-bba7-8b8b09f52e7d,2026-07-10T13:00:00Z,2026-07-10T15:00:00+0200,19566.74023,MW,FR,FR,forecast_solar_generation,Solar,2026-07-19T12:33:22Z
2026-07-19T12:32:12Z,2026-07-19T14:32:12+0200,f397dbef-7cdb-41f6-bba7-8b8b09f52e7d,2026-07-10T13:15:00Z,2026-07-10T15:15:00+0200,19093.00391,MW,FR,FR,forecast_solar_generation,Solar,2026-07-19T12:33:22Z
2026-07-19T12:32:12Z,2026-07-19T14:32:12+0200,f397dbef-7cdb-41f6-bba7-8b8b09f52e7d,2026-07-10T13:30:00Z,2026-07-10T15:30:00+0200,18684.77539,MW,FR,FR,forecast_solar_generation,Solar,2026-07-19T12:33:22Z
2026-07-19T12:32:12Z,2026-07-19T14:32:12+0200,f397dbef-7cdb-41f6-bba7-8b8b09f52e7d,2026-07-10T13:45:00Z,2026-07-10T15:45:00+0200,18120.13086,MW,FR,FR,forecast_solar_generation,Solar,2026-07-19T12:33:22Z
2026-07-19T12:32:12Z,2026-07-19T14:32:12+0200,f397dbef-7cdb-41f6-bba7-8b8b09f52e7d,2026-07-10T14:00:00Z,2026-07-10T16:00:00+0200,17576.46875,MW,FR,FR,forecast_solar_generation,Solar,2026-07-19T12:33:22Z
2026-07-19T12:32:12Z,2026-07-19T14:32:12+0200,f397dbef-7cdb-41f6-bba7-8b8b09f52e7d,2026-07-10T14:15:00Z,2026-07-10T16:15:00+0200,16968.63086,MW,FR,FR,forecast_solar_generation,Solar,2026-07-19T12:33:22Z
2026-07-19T12:32:12Z,2026-07-19T14:32:12+0200,f397dbef-7cdb-41f6-bba7-8b8b09f52e7d,2026-07-10T14:30:00Z,2026-07-10T16:30:00+0200,16360.89648,MW,FR,FR,forecast_solar_generation,Solar,2026-07-19T12:33:22Z
2026-07-19T12:32:12Z,2026-07-19T14:32:12+0200,f397dbef-7cdb-41f6-bba7-8b8b09f52e7d,2026-07-10T14:45:00Z,2026-07-10T16:45:00+0200,15619.73828,MW,FR,FR,forecast_solar_generation,Solar,2026-07-19T12:33:22Z
2026-07-19T12:32:12Z,2026-07-19T14:32:12+0200,f397dbef-7cdb-41f6-bba7-8b8b09f52e7d,2026-07-10T15:00:00Z,2026-07-10T17:00:00+0200,14895.7334,MW,FR,FR,forecast_solar_generation,Solar,2026-07-19T12:33:22Z
2026-07-19T12:32:12Z,2026-07-19T14:32:12+0200,f397dbef-7cdb-41f6-bba7-8b8b09f52e7d,2026-07-10T15:15:00Z,2026-07-10T17:15:00+0200,14087.22461,MW,FR,FR,forecast_solar_generation,Solar,2026-07-19T12:33:22Z
2026-07-19T12:32:12Z,2026-07-19T14:32:12+0200,f397dbef-7cdb-41f6-bba7-8b8b09f52e7d,2026-07-10T15:30:00Z,2026-07-10T17:30:00+0200,13314.75195,MW,FR,FR,forecast_solar_generation,Solar,2026-07-19T12:33:22Z
2026-07-19T12:32:12Z,2026-07-19T14:32:12+0200,f397dbef-7cdb-41f6-bba7-8b8b09f52e7d,2026-07-10T15:45:00Z,2026-07-10T17:45:00+0200,12440.91309,MW,FR,FR,forecast_solar_generation,Solar,2026-07-19T12:33:22Z
2026-07-19T12:32:12Z,2026-07-19T14:32:12+0200,f397dbef-7cdb-41f6-bba7-8b8b09f52e7d,2026-07-10T16:00:00Z,2026-07-10T18:00:00+0200,11445.17676,MW,FR,FR,forecast_solar_generation,Solar,2026-07-19T12:33:22Z
2026-07-19T12:32:12Z,2026-07-19T14:32:12+0200,f397dbef-7cdb-41f6-bba7-8b8b09f52e7d,2026-07-10T16:15:00Z,2026-07-10T18:15:00+0200,10364.52637,MW,FR,FR,forecast_solar_generation,Solar,2026-07-19T12:33:22Z
2026-07-19T12:32:12Z,2026-07-19T14:32:12+0200,f397dbef-7cdb-41f6-bba7-8b8b09f52e7d,2026-07-10T16:30:00Z,2026-07-10T18:30:00+0200,9331.97363,MW,FR,FR,forecast_solar_generation,Solar,2026-07-19T12:33:22Z
2026-07-19T12:32:12Z,2026-07-19T14:32:12+0200,f397dbef-7cdb-41f6-bba7-8b8b09f52e7d,2026-07-10T16:45:00Z,2026-07-10T18:45:00+0200,8375.32812,MW,FR,FR,forecast_solar_generation,Solar,2026-07-19T12:33:22Z
2026-07-19T12:32:12Z,2026-07-19T14:32:12+0200,f397dbef-7cdb-41f6-bba7-8b8b09f52e7d,2026-07-10T17:00:00Z,2026-07-10T19:00:00+0200,7221.27393,MW,FR,FR,forecast_solar_generation,Solar,2026-07-19T12:33:22Z
2026-07-19T12:32:12Z,2026-07-19T14:32:12+0200,f397dbef-7cdb-41f6-bba7-8b8b09f52e7d,2026-07-10T17:15:00Z,2026-07-10T19:15:00+0200,6264.02686,MW,FR,FR,forecast_solar_generation,Solar,2026-07-19T12:33:22Z
2026-07-19T12:32:12Z,2026-07-19T14:32:12+0200,f397dbef-7cdb-41f6-bba7-8b8b09f52e7d,2026-07-10T17:30:00Z,2026-07-10T19:30:00+0200,5120.97021,MW,FR,FR,forecast_solar_generation,Solar,2026-07-19T12:33:22Z
2026-07-19T12:32:12Z,2026-07-19T14:32:12+0200,f397dbef-7cdb-41f6-bba7-8b8b09f52e7d,2026-07-10T17:45:00Z,2026-07-10T19:45:00+0200,4318.32324,MW,FR,FR,forecast_solar_generation,Solar,2026-07-19T12:33:22Z
2026-07-19T12:32:12Z,2026-07-19T14:32:12+0200,f397dbef-7cdb-41f6-bba7-8b8b09f52e7d,2026-07-10T18:00:00Z,2026-07-10T20:00:00+0200,3355.84619,MW,FR,FR,forecast_solar_generation,Solar,2026-07-19T12:33:22Z
2026-07-19T12:32:12Z,2026-07-19T14:32:12+0200,f397dbef-7cdb-41f6-bba7-8b8b09f52e7d,2026-07-10T18:15:00Z,2026-07-10T20:15:00+0200,2606.01782,MW,FR,FR,forecast_solar_generation,Solar,2026-07-19T12:33:22Z
2026-07-19T12:32:12Z,2026-07-19T14:32:12+0200,f397dbef-7cdb-41f6-bba7-8b8b09f52e7d,2026-07-10T18:30:00Z,2026-07-10T20:30:00+0200,1898.70776,MW,FR,FR,forecast_solar_generation,Solar,2026-07-19T12:33:22Z
2026-07-19T12:32:12Z,2026-07-19T14:32:12+0200,f397dbef-7cdb-41f6-bba7-8b8b09f52e7d,2026-07-10T18:45:00Z,2026-07-10T20:45:00+0200,1391.36218,MW,FR,FR,forecast_solar_generation,Solar,2026-07-19T12:33:22Z
2026-07-19T12:32:12Z,2026-07-19T14:32:12+0200,f397dbef-7cdb-41f6-bba7-8b8b09f52e7d,2026-07-10T19:00:00Z,2026-07-10T21:00:00+0200,948.6073,MW,FR,FR,forecast_solar_generation,Solar,2026-07-19T12:33:22Z
2026-07-19T12:32:12Z,2026-07-19T14:32:12+0200,f397dbef-7cdb-41f6-bba7-8b8b09f52e7d,2026-07-10T19:15:00Z,2026-07-10T21:15:00+0200,549.59772,MW,FR,FR,forecast_solar_generation,Solar,2026-07-19T12:33:22Z
2026-07-19T12:32:12Z,2026-07-19T14:32:12+0200,f397dbef-7cdb-41f6-bba7-8b8b09f52e7d,2026-07-10T19:30:00Z,2026-07-10T21:30:00+0200,222.3334,MW,FR,FR,forecast_solar_generation,Solar,2026-07-19T12:33:22Z
2026-07-19T12:32:12Z,2026-07-19T14:32:12+0200,f397dbef-7cdb-41f6-bba7-8b8b09f52e7d,2026-07-10T19:45:00Z,2026-07-10T21:45:00+0200,51.06493,MW,FR,FR,forecast_solar_generation,Solar,2026-07-19T12:33:22Z
2026-07-19T12:32:12Z,2026-07-19T14:32:12+0200,f397dbef-7cdb-41f6-bba7-8b8b09f52e7d,2026-07-10T20:00:00Z,2026-07-10T22:00:00+0200,3.99483,MW,FR,FR,forecast_solar_generation,Solar,2026-07-19T12:33:22Z
2026-07-19T12:32:12Z,2026-07-19T14:32:12+0200,f397dbef-7cdb-41f6-bba7-8b8b09f52e7d,2026-07-10T20:15:00Z,2026-07-10T22:15:00+0200,0.0,MW,FR,FR,forecast_solar_generation,Solar,2026-07-19T12:33:22Z
2026-07-19T12:32:12Z,2026-07-19T14:32:12+0200,f397dbef-7cdb-41f6-bba7-8b8b09f52e7d,2026-07-10T20:30:00Z,2026-07-10T22:30:00+0200,0.0,MW,FR,FR,forecast_solar_generation,Solar,2026-07-19T12:33:22Z
2026-07-19T12:32:12Z,2026-07-19T14:32:12+0200,f397dbef-7cdb-41f6-bba7-8b8b09f52e7d,2026-07-10T20:45:00Z,2026-07-10T22:45:00+0200,0.0,MW,FR,FR,forecast_solar_generation,Solar,2026-07-19T12:33:22Z
2026-07-19T12:32:12Z,2026-07-19T14:32:12+0200,f397dbef-7cdb-41f6-bba7-8b8b09f52e7d,2026-07-10T21:00:00Z,2026-07-10T23:00:00+0200,0.0,MW,FR,FR,forecast_solar_generation,Solar,2026-07-19T12:33:22Z
2026-07-19T12:32:12Z,2026-07-19T14:32:12+0200,f397dbef-7cdb-41f6-bba7-8b8b09f52e7d,2026-07-10T21:15:00Z,2026-07-10T23:15:00+0200,0.0,MW,FR,FR,forecast_solar_generation,Solar,2026-07-19T12:33:22Z
2026-07-19T12:32:12Z,2026-07-19T14:32:12+0200,f397dbef-7cdb-41f6-bba7-8b8b09f52e7d,2026-07-10T21:30:00Z,2026-07-10T23:30:00+0200,0.0,MW,FR,FR,forecast_solar_generation,Solar,2026-07-19T12:33:22Z
2026-07-19T12:32:12Z,2026-07-19T14:32:12+0200,f397dbef-7cdb-41f6-bba7-8b8b09f52e7d,2026-07-10T21:45:00Z,2026-07-10T23:45:00+0200,0.0,MW,FR,FR,forecast_solar_generation,Solar,2026-07-19T12:33:22Z
2026-07-19T12:32:12Z,2026-07-19T14:32:12+0200,f397dbef-7cdb-41f6-bba7-8b8b09f52e7d,2026-07-10T22:00:00Z,2026-07-11T00:00:00+0200,0.0,MW,FR,FR,forecast_solar_generation,Solar,2026-07-19T12:33:22Z
2026-07-19T12:32:12Z,2026-07-19T14:32:12+0200,f397dbef-7cdb-41f6-bba7-8b8b09f52e7d,2026-07-10T22:15:00Z,2026-07-11T00:15:00+0200,0.0,MW,FR,FR,forecast_solar_generation,Solar,2026-07-19T12:33:22Z
2026-07-19T12:32:12Z,2026-07-19T14:32:12+0200,f397dbef-7cdb-41f6-bba7-8b8b09f52e7d,2026-07-10T22:30:00Z,2026-07-11T00:30:00+0200,0.0,MW,FR,FR,forecast_solar_generation,Solar,2026-07-19T12:33:22Z
2026-07-19T12:32:12Z,2026-07-19T14:32:12+0200,f397dbef-7cdb-41f6-bba7-8b8b09f52e7d,2026-07-10T22:45:00Z,2026-07-11T00:45:00+0200,0.0,MW,FR,FR,forecast_solar_generation,Solar,2026-07-19T12:33:22Z
2026-07-19T12:32:12Z,2026-07-19T14:32:12+0200,f397dbef-7cdb-41f6-bba7-8b8b09f52e7d,2026-07-10T23:00:00Z,2026-07-11T01:00:00+0200,0.0,MW,FR,FR,forecast_solar_generation,Solar,2026-07-19T12:33:22Z
2026-07-19T12:32:12Z,2026-07-19T14:32:12+0200,f397dbef-7cdb-41f6-bba7-8b8b09f52e7d,2026-07-10T23:15:00Z,2026-07-11T01:15:00+0200,0.0,MW,FR,FR,forecast_solar_generation,Solar,2026-07-19T12:33:22Z
2026-07-19T12:32:12Z,2026-07-19T14:32:12+0200,f397dbef-7cdb-41f6-bba7-8b8b09f52e7d,2026-07-10T23:30:00Z,2026-07-11T01:30:00+0200,0.0,MW,FR,FR,forecast_solar_generation,Solar,2026-07-19T12:33:22Z
2026-07-19T12:32:12Z,2026-07-19T14:32:12+0200,f397dbef-7cdb-41f6-bba7-8b8b09f52e7d,2026-07-10T23:45:00Z,2026-07-11T01:45:00+0200,0.0,MW,FR,FR,forecast_solar_generation,Solar,2026-07-19T12:33:22Z
2026-07-19T12:32:12Z,2026-07-19T14:32:12+0200,f397dbef-7cdb-41f6-bba7-8b8b09f52e7d,2026-07-11T00:00:00Z,2026-07-11T02:00:00+0200,0.0,MW,FR,FR,forecast_solar_generation,Solar,2026-07-19T12:33:22Z
2026-07-19T12:32:12Z,2026-07-19T14:32:12+0200,f397dbef-7cdb-41f6-bba7-8b8b09f52e7d,2026-07-11T00:15:00Z,2026-07-11T02:15:00+0200,0.0,MW,FR,FR,forecast_solar_generation,Solar,2026-07-19T12:33:22Z
2026-07-19T12:32:12Z,2026-07-19T14:32:12+0200,f397dbef-7cdb-41f6-bba7-8b8b09f52e7d,2026-07-11T00:30:00Z,2026-07-11T02:30:00+0200,0.0,MW,FR,FR,forecast_solar_generation,Solar,2026-07-19T12:33:22Z
2026-07-19T12:32:12Z,2026-07-19T14:32:12+0200,f397dbef-7cdb-41f6-bba7-8b8b09f52e7d,2026-07-11T00:45:00Z,2026-07-11T02:45:00+0200,0.0,MW,FR,FR,forecast_solar_generation,Solar,2026-07-19T12:33:22Z
2026-07-19T12:32:12Z,2026-07-19T14:32:12+0200,f397dbef-7cdb-41f6-bba7-8b8b09f52e7d,2026-07-11T01:00:00Z,2026-07-11T03:00:00+0200,0.0,MW,FR,FR,forecast_solar_generation,Solar,2026-07-19T12:33:22Z
2026-07-19T12:32:12Z,2026-07-19T14:32:12+0200,f397dbef-7cdb-41f6-bba7-8b8b09f52e7d,2026-07-11T01:15:00Z,2026-07-11T03:15:00+0200,0.0,MW,FR,FR,forecast_solar_generation,Solar,2026-07-19T12:33:22Z
2026-07-19T12:32:12Z,2026-07-19T14:32:12+0200,f397dbef-7cdb-41f6-bba7-8b8b09f52e7d,2026-07-11T01:30:00Z,2026-07-11T03:30:00+0200,0.0,MW,FR,FR,forecast_solar_generation,Solar,2026-07-19T12:33:22Z
2026-07-19T12:32:12Z,2026-07-19T14:32:12+0200,f397dbef-7cdb-41f6-bba7-8b8b09f52e7d,2026-07-11T01:45:00Z,2026-07-11T03:45:00+0200,0.0,MW,FR,FR,forecast_solar_generation,Solar,2026-07-19T12:33:22Z
2026-07-19T12:32:12Z,2026-07-19T14:32:12+0200,f397dbef-7cdb-41f6-bba7-8b8b09f52e7d,2026-07-11T02:00:00Z,2026-07-11T04:00:00+0200,0.0,MW,FR,FR,forecast_solar_generation,Solar,2026-07-19T12:33:22Z
2026-07-19T12:32:12Z,2026-07-19T14:32:12+0200,f397dbef-7cdb-41f6-bba7-8b8b09f52e7d,2026-07-11T02:15:00Z,2026-07-11T04:15:00+0200,0.0,MW,FR,FR,forecast_solar_generation,Solar,2026-07-19T12:33:22Z
2026-07-19T12:32:12Z,2026-07-19T14:32:12+0200,f397dbef-7cdb-41f6-bba7-8b8b09f52e7d,2026-07-11T02:30:00Z,2026-07-11T04:30:00+0200,0.0,MW,FR,FR,forecast_solar_generation,Solar,2026-07-19T12:33:22Z
2026-07-19T12:32:12Z,2026-07-19T14:32:12+0200,f397dbef-7cdb-41f6-bba7-8b8b09f52e7d,2026-07-11T02:45:00Z,2026-07-11T04:45:00+0200,0.0,MW,FR,FR,forecast_solar_generation,Solar,2026-07-19T12:33:22Z
2026-07-19T12:32:12Z,2026-07-19T14:32:12+0200,f397dbef-7cdb-41f6-bba7-8b8b09f52e7d,2026-07-11T03:00:00Z,2026-07-11T05:00:00+0200,0.0,MW,FR,FR,forecast_solar_generation,Solar,2026-07-19T12:33:22Z
2026-07-19T12:32:12Z,2026-07-19T14:32:12+0200,f397dbef-7cdb-41f6-bba7-8b8b09f52e7d,2026-07-11T03:15:00Z,2026-07-11T05:15:00+0200,0.0,MW,FR,FR,forecast_solar_generation,Solar,2026-07-19T12:33:22Z
2026-07-19T12:32:12Z,2026-07-19T14:32:12+0200,f397dbef-7cdb-41f6-bba7-8b8b09f52e7d,2026-07-11T03:30:00Z,2026-07-11T05:30:00+0200,0.0,MW,FR,FR,forecast_solar_generation,Solar,2026-07-19T12:33:22Z
2026-07-19T12:32:12Z,2026-07-19T14:32:12+0200,f397dbef-7cdb-41f6-bba7-8b8b09f52e7d,2026-07-11T03:45:00Z,2026-07-11T05:45:00+0200,7.9359,MW,FR,FR,forecast_solar_generation,Solar,2026-07-19T12:33:22Z
2026-07-19T12:32:12Z,2026-07-19T14:32:12+0200,f397dbef-7cdb-41f6-bba7-8b8b09f52e7d,2026-07-11T04:00:00Z,2026-07-11T06:00:00+0200,38.67689,MW,FR,FR,forecast_solar_generation,Solar,2026-07-19T12:33:22Z
2026-07-19T12:32:12Z,2026-07-19T14:32:12+0200,f397dbef-7cdb-41f6-bba7-8b8b09f52e7d,2026-07-11T04:15:00Z,2026-07-11T06:15:00+0200,118.11743,MW,FR,FR,forecast_solar_generation,Solar,2026-07-19T12:33:22Z
2026-07-19T12:32:12Z,2026-07-19T14:32:12+0200,f397dbef-7cdb-41f6-bba7-8b8b09f52e7d,2026-07-11T04:30:00Z,2026-07-11T06:30:00+0200,222.20296,MW,FR,FR,forecast_solar_generation,Solar,2026-07-19T12:33:22Z
2026-07-19T12:32:12Z,2026-07-19T14:32:12+0200,f397dbef-7cdb-41f6-bba7-8b8b09f52e7d,2026-07-11T04:45:00Z,2026-07-11T06:45:00+0200,473.95044,MW,FR,FR,forecast_solar_generation,Solar,2026-07-19T12:33:22Z
2026-07-19T12:32:12Z,2026-07-19T14:32:12+0200,f397dbef-7cdb-41f6-bba7-8b8b09f52e7d,2026-07-11T05:00:00Z,2026-07-11T07:00:00+0200,855.82867,MW,FR,FR,forecast_solar_generation,Solar,2026-07-19T12:33:22Z
2026-07-19T12:32:12Z,2026-07-19T14:32:12+0200,f397dbef-7cdb-41f6-bba7-8b8b09f52e7d,2026-07-11T05:15:00Z,2026-07-11T07:15:00+0200,1304.54871,MW,FR,FR,forecast_solar_generation,Solar,2026-07-19T12:33:22Z
2026-07-19T12:32:12Z,2026-07-19T14:32:12+0200,f397dbef-7cdb-41f6-bba7-8b8b09f52e7d,2026-07-11T05:30:00Z,2026-07-11T07:30:00+0200,1814.75659,MW,FR,FR,forecast_solar_generation,Solar,2026-07-19T12:33:22Z
2026-07-19T12:32:12Z,2026-07-19T14:32:12+0200,f397dbef-7cdb-41f6-bba7-8b8b09f52e7d,2026-07-11T05:45:00Z,2026-07-11T07:45:00+0200,2576.5896,MW,FR,FR,forecast_solar_generation,Solar,2026-07-19T12:33:22Z
2026-07-19T12:32:12Z,2026-07-19T14:32:12+0200,f397dbef-7cdb-41f6-bba7-8b8b09f52e7d,2026-07-11T06:00:00Z,2026-07-11T08:00:00+0200,3415.15845,MW,FR,FR,forecast_solar_generation,Solar,2026-07-19T12:33:22Z
2026-07-19T12:32:12Z,2026-07-19T14:32:12+0200,f397dbef-7cdb-41f6-bba7-8b8b09f52e7d,2026-07-11T06:15:00Z,2026-07-11T08:15:00+0200,4421.21826,MW,FR,FR,forecast_solar_generation,Solar,2026-07-19T12:33:22Z
2026-07-19T12:32:12Z,2026-07-19T14:32:12+0200,f397dbef-7cdb-41f6-bba7-8b8b09f52e7d,2026-07-11T06:30:00Z,2026-07-11T08:30:00+0200,5362.00684,MW,FR,FR,forecast_solar_generation,Solar,2026-07-19T12:33:22Z
2026-07-19T12:32:12Z,2026-07-19T14:32:12+0200,f397dbef-7cdb-41f6-bba7-8b8b09f52e7d,2026-07-11T06:45:00Z,2026-07-11T08:45:00+0200,6620.66455,MW,FR,FR,forecast_solar_generation,Solar,2026-07-19T12:33:22Z
2026-07-19T12:32:12Z,2026-07-19T14:32:12+0200,f397dbef-7cdb-41f6-bba7-8b8b09f52e7d,2026-07-11T07:00:00Z,2026-07-11T09:00:00+0200,7761.49365,MW,FR,FR,forecast_solar_generation,Solar,2026-07-19T12:33:22Z
2026-07-19T12:32:12Z,2026-07-19T14:32:12+0200,f397dbef-7cdb-41f6-bba7-8b8b09f52e7d,2026-07-11T07:15:00Z,2026-07-11T09:15:00+0200,9016.37207,MW,FR,FR,forecast_solar_generation,Solar,2026-07-19T12:33:22Z
2026-07-19T12:32:12Z,2026-07-19T14:32:12+0200,f397dbef-7cdb-41f6-bba7-8b8b09f52e7d,2026-07-11T07:30:00Z,2026-07-11T09:30:00+0200,10128.17773,MW,FR,FR,forecast_solar_generation,Solar,2026-07-19T12:33:22Z
2026-07-19T12:32:12Z,2026-07-19T14:32:12+0200,f397dbef-7cdb-41f6-bba7-8b8b09f52e7d,2026-07-11T07:45:00Z,2026-07-11T09:45:00+0200,11305.34863,MW,FR,FR,forecast_solar_generation,Solar,2026-07-19T12:33:22Z
2026-07-19T12:32:12Z,2026-07-19T14:32:12+0200,f397dbef-7cdb-41f6-bba7-8b8b09f52e7d,2026-07-11T08:00:00Z,2026-07-11T10:00:00+0200,12430.48145,MW,FR,FR,forecast_solar_generation,Solar,2026-07-19T12:33:22Z
2026-07-19T12:32:12Z,2026-07-19T14:32:12+0200,f397dbef-7cdb-41f6-bba7-8b8b09f52e7d,2026-07-11T08:15:00Z,2026-07-11T10:15:00+0200,13581.46582,MW,FR,FR,forecast_solar_generation,Solar,2026-07-19T12:33:22Z
2026-07-19T12:32:12Z,2026-07-19T14:32:12+0200,f397dbef-7cdb-41f6-bba7-8b8b09f52e7d,2026-07-11T08:30:00Z,2026-07-11T10:30:00+0200,14605.33008,MW,FR,FR,forecast_solar_generation,Solar,2026-07-19T12:33:22Z
2026-07-19T12:32:12Z,2026-07-19T14:32:12+0200,f397dbef-7cdb-41f6-bba7-8b8b09f52e7d,2026-07-11T08:45:00Z,2026-07-11T10:45:00+0200,15543.84375,MW,FR,FR,forecast_solar_generation,Solar,2026-07-19T12:33:22Z
2026-07-19T12:32:12Z,2026-07-19T14:32:12+0200,f397dbef-7cdb-41f6-bba7-8b8b09f52e7d,2026-07-11T09:00:00Z,2026-07-11T11:00:00+0200,16379.78418,MW,FR,FR,forecast_solar_generation,Solar,2026-07-19T12:33:22Z
2026-07-19T12:32:12Z,2026-07-19T14:32:12+0200,f397dbef-7cdb-41f6-bba7-8b8b09f52e7d,2026-07-11T09:15:00Z,2026-07-11T11:15:00+0200,17115.14258,MW,FR,FR,forecast_solar_generation,Solar,2026-07-19T12:33:22Z
2026-07-19T12:32:12Z,2026-07-19T14:32:12+0200,f397dbef-7cdb-41f6-bba7-8b8b09f52e7d,2026-07-11T09:30:00Z,2026-07-11T11:30:00+0200,17848.72852,MW,FR,FR,forecast_solar_generation,Solar,2026-07-19T12:33:22Z
2026-07-19T12:32:12Z,2026-07-19T14:32:12+0200,f397dbef-7cdb-41f6-bba7-8b8b09f52e7d,2026-07-11T09:45:00Z,2026-07-11T11:45:00+0200,18385.23633,MW,FR,FR,forecast_solar_generation,Solar,2026-07-19T12:33:22Z
2026-07-19T12:32:12Z,2026-07-19T14:32:12+0200,f397dbef-7cdb-41f6-bba7-8b8b09f52e7d,2026-07-11T10:00:00Z,2026-07-11T12:00:00+0200,18875.46484,MW,FR,FR,forecast_solar_generation,Solar,2026-07-19T12:33:22Z
2026-07-19T12:32:12Z,2026-07-19T14:32:12+0200,f397dbef-7cdb-41f6-bba7-8b8b09f52e7d,2026-07-11T10:15:00Z,2026-07-11T12:15:00+0200,19274.49805,MW,FR,FR,forecast_solar_generation,Solar,2026-07-19T12:33:22Z
2026-07-19T12:32:12Z,2026-07-19T14:32:12+0200,f397dbef-7cdb-41f6-bba7-8b8b09f52e7d,2026-07-11T10:30:00Z,2026-07-11T12:30:00+0200,19665.8418,MW,FR,FR,forecast_solar_generation,Solar,2026-07-19T12:33:22Z
2026-07-19T12:32:12Z,2026-07-19T14:32:12+0200,f397dbef-7cdb-41f6-bba7-8b8b09f52e7d,2026-07-11T10:45:00Z,2026-07-11T12:45:00+0200,19785.53516,MW,FR,FR,forecast_solar_generation,Solar,2026-07-19T12:33:22Z
2026-07-19T12:32:12Z,2026-07-19T14:32:12+0200,f397dbef-7cdb-41f6-bba7-8b8b09f52e7d,2026-07-11T11:00:00Z,2026-07-11T13:00:00+0200,15422.2041,MW,FR,FR,forecast_solar_generation,Solar,2026-07-19T12:33:22Z
2026-07-19T12:32:12Z,2026-07-19T14:32:12+0200,f397dbef-7cdb-41f6-bba7-8b8b09f52e7d,2026-07-11T11:15:00Z,2026-07-11T13:15:00+0200,15449.67285,MW,FR,FR,forecast_solar_generation,Solar,2026-07-19T12:33:22Z
2026-07-19T12:32:12Z,2026-07-19T14:32:12+0200,f397dbef-7cdb-41f6-bba7-8b8b09f52e7d,2026-07-11T11:30:00Z,2026-07-11T13:30:00+0200,15470.68066,MW,FR,FR,forecast_solar_generation,Solar,2026-07-19T12:33:22Z
2026-07-19T12:32:12Z,2026-07-19T14:32:12+0200,f397dbef-7cdb-41f6-bba7-8b8b09f52e7d,2026-07-11T11:45:00Z,2026-07-11T13:45:00+0200,15392.44824,MW,FR,FR,forecast_solar_generation,Solar,2026-07-19T12:33:22Z
2026-07-19T12:32:12Z,2026-07-19T14:32:12+0200,f397dbef-7cdb-41f6-bba7-8b8b09f52e7d,2026-07-11T12:00:00Z,2026-07-11T14:00:00+0200,15268.73828,MW,FR,FR,forecast_solar_generation,Solar,2026-07-19T12:33:22Z
2026-07-19T12:32:12Z,2026-07-19T14:32:12+0200,f397dbef-7cdb-41f6-bba7-8b8b09f52e7d,2026-07-11T12:15:00Z,2026-07-11T14:15:00+0200,15123.38867,MW,FR,FR,forecast_solar_generation,Solar,2026-07-19T12:33:22Z
2026-07-19T12:32:12Z,2026-07-19T14:32:12+0200,f397dbef-7cdb-41f6-bba7-8b8b09f52e7d,2026-07-11T12:30:00Z,2026-07-11T14:30:00+0200,14950.0918,MW,FR,FR,forecast_solar_generation,Solar,2026-07-19T12:33:22Z
2026-07-19T12:32:12Z,2026-07-19T14:32:12+0200,f397dbef-7cdb-41f6-bba7-8b8b09f52e7d,2026-07-11T12:45:00Z,2026-07-11T14:45:00+0200,14693.69141,MW,FR,FR,forecast_solar_generation,Solar,2026-07-19T12:33:22Z
2026-07-19T12:32:12Z,2026-07-19T14:32:12+0200,f397dbef-7cdb-41f6-bba7-8b8b09f52e7d,2026-07-11T13:00:00Z,2026-07-11T15:00:00+0200,14465.0918,MW,FR,FR,forecast_solar_generation,Solar,2026-07-19T12:33:22Z
2026-07-19T12:32:12Z,2026-07-19T14:32:12+0200,f397dbef-7cdb-41f6-bba7-8b8b09f52e7d,2026-07-11T13:15:00Z,2026-07-11T15:15:00+0200,18344.42188,MW,FR,FR,forecast_solar_generation,Solar,2026-07-19T12:33:22Z
2026-07-19T12:32:12Z,2026-07-19T14:32:12+0200,f397dbef-7cdb-41f6-bba7-8b8b09f52e7d,2026-07-11T13:30:00Z,2026-07-11T15:30:00+0200,17978.6543,MW,FR,FR,forecast_solar_generation,Solar,2026-07-19T12:33:22Z
2026-07-19T12:32:12Z,2026-07-19T14:32:12+0200,f397dbef-7cdb-41f6-bba7-8b8b09f52e7d,2026-07-11T13:45:00Z,2026-07-11T15:45:00+0200,17457.17578,MW,FR,FR,forecast_solar_generation,Solar,2026-07-19T12:33:22Z
2026-07-19T12:32:12Z,2026-07-19T14:32:12+0200,f397dbef-7cdb-41f6-bba7-8b8b09f52e7d,2026-07-11T14:00:00Z,2026-07-11T16:00:00+0200,16961.57422,MW,FR,FR,forecast_solar_generation,Solar,2026-07-19T12:33:22Z
2026-07-19T12:32:12Z,2026-07-19T14:32:12+0200,f397dbef-7cdb-41f6-bba7-8b8b09f52e7d,2026-07-11T14:15:00Z,2026-07-11T16:15:00+0200,16409.96289,MW,FR,FR,forecast_solar_generation,Solar,2026-07-19T12:33:22Z
2026-07-19T12:32:12Z,2026-07-19T14:32:12+0200,f397dbef-7cdb-41f6-bba7-8b8b09f52e7d,2026-07-11T14:30:00Z,2026-07-11T16:30:00+0200,15844.98633,MW,FR,FR,forecast_solar_generation,Solar,2026-07-19T12:33:22Z
2026-07-19T12:32:12Z,2026-07-19T14:32:12+0200,f397dbef-7cdb-41f6-bba7-8b8b09f52e7d,2026-07-11T14:45:00Z,2026-07-11T16:45:00+0200,15242.69043,MW,FR,FR,forecast_solar_generation,Solar,2026-07-19T12:33:22Z
2026-07-19T12:32:12Z,2026-07-19T14:32:12+0200,f397dbef-7cdb-41f6-bba7-8b8b09f52e7d,2026-07-11T15:00:00Z,2026-07-11T17:00:00+0200,14607.58691,MW,FR,FR,forecast_solar_generation,Solar,2026-07-19T12:33:22Z
2026-07-19T12:32:12Z,2026-07-19T14:32:12+0200,f397dbef-7cdb-41f6-bba7-8b8b09f52e7d,2026-07-11T15:15:00Z,2026-07-11T17:15:00+0200,13840.67773,MW,FR,FR,forecast_solar_generation,Solar,2026-07-19T12:33:22Z
2026-07-19T12:32:12Z,2026-07-19T14:32:12+0200,f397dbef-7cdb-41f6-bba7-8b8b09f52e7d,2026-07-11T15:30:00Z,2026-07-11T17:30:00+0200,13048.3252,MW,FR,FR,forecast_solar_generation,Solar,2026-07-19T12:33:22Z
2026-07-19T12:32:12Z,2026-07-19T14:32:12+0200,f397dbef-7cdb-41f6-bba7-8b8b09f52e7d,2026-07-11T15:45:00Z,2026-07-11T17:45:00+0200,12270.86426,MW,FR,FR,forecast_solar_generation,Solar,2026-07-19T12:33:22Z
2026-07-19T12:32:12Z,2026-07-19T14:32:12+0200,f397dbef-7cdb-41f6-bba7-8b8b09f52e7d,2026-07-11T16:00:00Z,2026-07-11T18:00:00+0200,11351.04199,MW,FR,FR,forecast_solar_generation,Solar,2026-07-19T12:33:22Z
2026-07-19T12:32:12Z,2026-07-19T14:32:12+0200,f397dbef-7cdb-41f6-bba7-8b8b09f52e7d,2026-07-11T16:15:00Z,2026-07-11T18:15:00+0200,10342.74512,MW,FR,FR,forecast_solar_generation,Solar,2026-07-19T12:33:22Z
2026-07-19T12:32:12Z,2026-07-19T14:32:12+0200,f397dbef-7cdb-41f6-bba7-8b8b09f52e7d,2026-07-11T16:30:00Z,2026-07-11T18:30:00+0200,9397.04492,MW,FR,FR,forecast_solar_generation,Solar,2026-07-19T12:33:22Z
2026-07-19T12:32:12Z,2026-07-19T14:32:12+0200,f397dbef-7cdb-41f6-bba7-8b8b09f52e7d,2026-07-11T16:45:00Z,2026-07-11T18:45:00+0200,8475.31641,MW,FR,FR,forecast_solar_generation,Solar,2026-07-19T12:33:22Z
2026-07-19T12:32:12Z,2026-07-19T14:32:12+0200,f397dbef-7cdb-41f6-bba7-8b8b09f52e7d,2026-07-11T17:00:00Z,2026-07-11T19:00:00+0200,7355.88574,MW,FR,FR,forecast_solar_generation,Solar,2026-07-19T12:33:22Z
2026-07-19T12:32:12Z,2026-07-19T14:32:12+0200,f397dbef-7cdb-41f6-bba7-8b8b09f52e7d,2026-07-11T17:15:00Z,2026-07-11T19:15:00+0200,6403.91699,MW,FR,FR,forecast_solar_generation,Solar,2026-07-19T12:33:22Z
2026-07-19T12:32:12Z,2026-07-19T14:32:12+0200,f397dbef-7cdb-41f6-bba7-8b8b09f52e7d,2026-07-11T17:30:00Z,2026-07-11T19:30:00+0200,5261.25586,MW,FR,FR,forecast_solar_generation,Solar,2026-07-19T12:33:22Z
2026-07-19T12:32:12Z,2026-07-19T14:32:12+0200,f397dbef-7cdb-41f6-bba7-8b8b09f52e7d,2026-07-11T17:45:00Z,2026-07-11T19:45:00+0200,4407.97217,MW,FR,FR,forecast_solar_generation,Solar,2026-07-19T12:33:22Z
2026-07-19T12:32:12Z,2026-07-19T14:32:12+0200,f397dbef-7cdb-41f6-bba7-8b8b09f52e7d,2026-07-11T18:00:00Z,2026-07-11T20:00:00+0200,3399.71582,MW,FR,FR,forecast_solar_generation,Solar,2026-07-19T12:33:22Z
2026-07-19T12:32:12Z,2026-07-19T14:32:12+0200,f397dbef-7cdb-41f6-bba7-8b8b09f52e7d,2026-07-11T18:15:00Z,2026-07-11T20:15:00+0200,2597.15796,MW,FR,FR,forecast_solar_generation,Solar,2026-07-19T12:33:22Z
2026-07-19T12:32:12Z,2026-07-19T14:32:12+0200,f397dbef-7cdb-41f6-bba7-8b8b09f52e7d,2026-07-11T18:30:00Z,2026-07-11T20:30:00+0200,1886.12891,MW,FR,FR,forecast_solar_generation,Solar,2026-07-19T12:33:22Z
2026-07-19T12:32:12Z,2026-07-19T14:32:12+0200,f397dbef-7cdb-41f6-bba7-8b8b09f52e7d,2026-07-11T18:45:00Z,2026-07-11T20:45:00+0200,1376.37085,MW,FR,FR,forecast_solar_generation,Solar,2026-07-19T12:33:22Z
2026-07-19T12:32:12Z,2026-07-19T14:32:12+0200,f397dbef-7cdb-41f6-bba7-8b8b09f52e7d,2026-07-11T19:00:00Z,2026-07-11T21:00:00+0200,916.87549,MW,FR,FR,forecast_solar_generation,Solar,2026-07-19T12:33:22Z
2026-07-19T12:32:12Z,2026-07-19T14:32:12+0200,f397dbef-7cdb-41f6-bba7-8b8b09f52e7d,2026-07-11T19:15:00Z,2026-07-11T21:15:00+0200,505.14703,MW,FR,FR,forecast_solar_generation,Solar,2026-07-19T12:33:22Z
2026-07-19T12:32:12Z,2026-07-19T14:32:12+0200,f397dbef-7cdb-41f6-bba7-8b8b09f52e7d,2026-07-11T19:30:00Z,2026-07-11T21:30:00+0200,183.72076,MW,FR,FR,forecast_solar_generation,Solar,2026-07-19T12:33:22Z
2026-07-19T12:32:12Z,2026-07-19T14:32:12+0200,f397dbef-7cdb-41f6-bba7-8b8b09f52e7d,2026-07-11T19:45:00Z,2026-07-11T21:45:00+0200,40.18337,MW,FR,FR,forecast_solar_generation,Solar,2026-07-19T12:33:22Z
2026-07-19T12:32:12Z,2026-07-19T14:32:12+0200,f397dbef-7cdb-41f6-bba7-8b8b09f52e7d,2026-07-11T20:00:00Z,2026-07-11T22:00:00+0200,3.20842,MW,FR,FR,forecast_solar_generation,Solar,2026-07-19T12:33:22Z
2026-07-19T12:32:12Z,2026-07-19T14:32:12+0200,f397dbef-7cdb-41f6-bba7-8b8b09f52e7d,2026-07-11T20:15:00Z,2026-07-11T22:15:00+0200,0.0,MW,FR,FR,forecast_solar_generation,Solar,2026-07-19T12:33:22Z
2026-07-19T12:32:12Z,2026-07-19T14:32:12+0200,f397dbef-7cdb-41f6-bba7-8b8b09f52e7d,2026-07-11T20:30:00Z,2026-07-11T22:30:00+0200,0.0,MW,FR,FR,forecast_solar_generation,Solar,2026-07-19T12:33:22Z
2026-07-19T12:32:12Z,2026-07-19T14:32:12+0200,f397dbef-7cdb-41f6-bba7-8b8b09f52e7d,2026-07-11T20:45:00Z,2026-07-11T22:45:00+0200,0.0,MW,FR,FR,forecast_solar_generation,Solar,2026-07-19T12:33:22Z
2026-07-19T12:32:12Z,2026-07-19T14:32:12+0200,f397dbef-7cdb-41f6-bba7-8b8b09f52e7d,2026-07-11T21:00:00Z,2026-07-11T23:00:00+0200,0.0,MW,FR,FR,forecast_solar_generation,Solar,2026-07-19T12:33:22Z
2026-07-19T12:32:12Z,2026-07-19T14:32:12+0200,f397dbef-7cdb-41f6-bba7-8b8b09f52e7d,2026-07-11T21:15:00Z,2026-07-11T23:15:00+0200,0.0,MW,FR,FR,forecast_solar_generation,Solar,2026-07-19T12:33:22Z
2026-07-19T12:32:12Z,2026-07-19T14:32:12+0200,f397dbef-7cdb-41f6-bba7-8b8b09f52e7d,2026-07-11T21:30:00Z,2026-07-11T23:30:00+0200,0.0,MW,FR,FR,forecast_solar_generation,Solar,2026-07-19T12:33:22Z
2026-07-19T12:32:12Z,2026-07-19T14:32:12+0200,f397dbef-7cdb-41f6-bba7-8b8b09f52e7d,2026-07-11T21:45:00Z,2026-07-11T23:45:00+0200,0.0,MW,FR,FR,forecast_solar_generation,Solar,2026-07-19T12:33:22Z
2026-07-19T12:32:12Z,2026-07-19T14:32:12+0200,f397dbef-7cdb-41f6-bba7-8b8b09f52e7d,2026-07-11T22:00:00Z,2026-07-12T00:00:00+0200,0.0,MW,FR,FR,forecast_solar_generation,Solar,2026-07-19T12:33:22Z
2026-07-19T12:32:12Z,2026-07-19T14:32:12+0200,f397dbef-7cdb-41f6-bba7-8b8b09f52e7d,2026-07-11T22:15:00Z,2026-07-12T00:15:00+0200,0.0,MW,FR,FR,forecast_solar_generation,Solar,2026-07-19T12:33:22Z
2026-07-19T12:32:12Z,2026-07-19T14:32:12+0200,f397dbef-7cdb-41f6-bba7-8b8b09f52e7d,2026-07-11T22:30:00Z,2026-07-12T00:30:00+0200,0.0,MW,FR,FR,forecast_solar_generation,Solar,2026-07-19T12:33:22Z
2026-07-19T12:32:12Z,2026-07-19T14:32:12+0200,f397dbef-7cdb-41f6-bba7-8b8b09f52e7d,2026-07-11T22:45:00Z,2026-07-12T00:45:00+0200,0.0,MW,FR,FR,forecast_solar_generation,Solar,2026-07-19T12:33:22Z
2026-07-19T12:32:12Z,2026-07-19T14:32:12+0200,f397dbef-7cdb-41f6-bba7-8b8b09f52e7d,2026-07-11T23:00:00Z,2026-07-12T01:00:00+0200,0.0,MW,FR,FR,forecast_solar_generation,Solar,2026-07-19T12:33:22Z
2026-07-19T12:32:12Z,2026-07-19T14:32:12+0200,f397dbef-7cdb-41f6-bba7-8b8b09f52e7d,2026-07-11T23:15:00Z,2026-07-12T01:15:00+0200,0.0,MW,FR,FR,forecast_solar_generation,Solar,2026-07-19T12:33:22Z
2026-07-19T12:32:12Z,2026-07-19T14:32:12+0200,f397dbef-7cdb-41f6-bba7-8b8b09f52e7d,2026-07-11T23:30:00Z,2026-07-12T01:30:00+0200,0.0,MW,FR,FR,forecast_solar_generation,Solar,2026-07-19T12:33:22Z
2026-07-19T12:32:12Z,2026-07-19T14:32:12+0200,f397dbef-7cdb-41f6-bba7-8b8b09f52e7d,2026-07-11T23:45:00Z,2026-07-12T01:45:00+0200,0.0,MW,FR,FR,forecast_solar_generation,Solar,2026-07-19T12:33:22Z
2026-07-19T12:32:12Z,2026-07-19T14:32:12+0200,f397dbef-7cdb-41f6-bba7-8b8b09f52e7d,2026-07-12T00:00:00Z,2026-07-12T02:00:00+0200,0.0,MW,FR,FR,forecast_solar_generation,Solar,2026-07-19T12:33:22Z
2026-07-19T12:32:12Z,2026-07-19T14:32:12+0200,f397dbef-7cdb-41f6-bba7-8b8b09f52e7d,2026-07-12T00:15:00Z,2026-07-12T02:15:00+0200,0.0,MW,FR,FR,forecast_solar_generation,Solar,2026-07-19T12:33:22Z
2026-07-19T12:32:12Z,2026-07-19T14:32:12+0200,f397dbef-7cdb-41f6-bba7-8b8b09f52e7d,2026-07-12T00:30:00Z,2026-07-12T02:30:00+0200,0.0,MW,FR,FR,forecast_solar_generation,Solar,2026-07-19T12:33:22Z
2026-07-19T12:32:12Z,2026-07-19T14:32:12+0200,f397dbef-7cdb-41f6-bba7-8b8b09f52e7d,2026-07-12T00:45:00Z,2026-07-12T02:45:00+0200,0.0,MW,FR,FR,forecast_solar_generation,Solar,2026-07-19T12:33:22Z
2026-07-19T12:32:12Z,2026-07-19T14:32:12+0200,f397dbef-7cdb-41f6-bba7-8b8b09f52e7d,2026-07-12T01:00:00Z,2026-07-12T03:00:00+0200,0.0,MW,FR,FR,forecast_solar_generation,Solar,2026-07-19T12:33:22Z
2026-07-19T12:32:12Z,2026-07-19T14:32:12+0200,f397dbef-7cdb-41f6-bba7-8b8b09f52e7d,2026-07-12T01:15:00Z,2026-07-12T03:15:00+0200,0.0,MW,FR,FR,forecast_solar_generation,Solar,2026-07-19T12:33:22Z
2026-07-19T12:32:12Z,2026-07-19T14:32:12+0200,f397dbef-7cdb-41f6-bba7-8b8b09f52e7d,2026-07-12T01:30:00Z,2026-07-12T03:30:00+0200,0.0,MW,FR,FR,forecast_solar_generation,Solar,2026-07-19T12:33:22Z
2026-07-19T12:32:12Z,2026-07-19T14:32:12+0200,f397dbef-7cdb-41f6-bba7-8b8b09f52e7d,2026-07-12T01:45:00Z,2026-07-12T03:45:00+0200,0.0,MW,FR,FR,forecast_solar_generation,Solar,2026-07-19T12:33:22Z
2026-07-19T12:32:12Z,2026-07-19T14:32:12+0200,f397dbef-7cdb-41f6-bba7-8b8b09f52e7d,2026-07-12T02:00:00Z,2026-07-12T04:00:00+0200,0.0,MW,FR,FR,forecast_solar_generation,Solar,2026-07-19T12:33:22Z
2026-07-19T12:32:12Z,2026-07-19T14:32:12+0200,f397dbef-7cdb-41f6-bba7-8b8b09f52e7d,2026-07-12T02:15:00Z,2026-07-12T04:15:00+0200,0.0,MW,FR,FR,forecast_solar_generation,Solar,2026-07-19T12:33:22Z
2026-07-19T12:32:12Z,2026-07-19T14:32:12+0200,f397dbef-7cdb-41f6-bba7-8b8b09f52e7d,2026-07-12T02:30:00Z,2026-07-12T04:30:00+0200,0.0,MW,FR,FR,forecast_solar_generation,Solar,2026-07-19T12:33:22Z
2026-07-19T12:32:12Z,2026-07-19T14:32:12+0200,f397dbef-7cdb-41f6-bba7-8b8b09f52e7d,2026-07-12T02:45:00Z,2026-07-12T04:45:00+0200,0.0,MW,FR,FR,forecast_solar_generation,Solar,2026-07-19T12:33:22Z
2026-07-19T12:32:12Z,2026-07-19T14:32:12+0200,f397dbef-7cdb-41f6-bba7-8b8b09f52e7d,2026-07-12T03:00:00Z,2026-07-12T05:00:00+0200,0.0,MW,FR,FR,forecast_solar_generation,Solar,2026-07-19T12:33:22Z
2026-07-19T12:32:12Z,2026-07-19T14:32:12+0200,f397dbef-7cdb-41f6-bba7-8b8b09f52e7d,2026-07-12T03:15:00Z,2026-07-12T05:15:00+0200,0.0,MW,FR,FR,forecast_solar_generation,Solar,2026-07-19T12:33:22Z
2026-07-19T12:32:12Z,2026-07-19T14:32:12+0200,f397dbef-7cdb-41f6-bba7-8b8b09f52e7d,2026-07-12T03:30:00Z,2026-07-12T05:30:00+0200,0.0,MW,FR,FR,forecast_solar_generation,Solar,2026-07-19T12:33:22Z
2026-07-19T12:32:12Z,2026-07-19T14:32:12+0200,f397dbef-7cdb-41f6-bba7-8b8b09f52e7d,2026-07-12T03:45:00Z,2026-07-12T05:45:00+0200,5.34824,MW,FR,FR,forecast_solar_generation,Solar,2026-07-19T12:33:22Z
2026-07-19T12:32:12Z,2026-07-19T14:32:12+0200,f397dbef-7cdb-41f6-bba7-8b8b09f52e7d,2026-07-12T04:00:00Z,2026-07-12T06:00:00+0200,35.67686,MW,FR,FR,forecast_solar_generation,Solar,2026-07-19T12:33:22Z
2026-07-19T12:32:12Z,2026-07-19T14:32:12+0200,f397dbef-7cdb-41f6-bba7-8b8b09f52e7d,2026-07-12T04:15:00Z,2026-07-12T06:15:00+0200,108.83634,MW,FR,FR,forecast_solar_generation,Solar,2026-07-19T12:33:22Z
2026-07-19T12:32:12Z,2026-07-19T14:32:12+0200,f397dbef-7cdb-41f6-bba7-8b8b09f52e7d,2026-07-12T04:30:00Z,2026-07-12T06:30:00+0200,206.94096,MW,FR,FR,forecast_solar_generation,Solar,2026-07-19T12:33:22Z
2026-07-19T12:32:12Z,2026-07-19T14:32:12+0200,f397dbef-7cdb-41f6-bba7-8b8b09f52e7d,2026-07-12T04:45:00Z,2026-07-12T06:45:00+0200,483.71115,MW,FR,FR,forecast_solar_generation,Solar,2026-07-19T12:33:22Z
2026-07-19T12:32:12Z,2026-07-19T14:32:12+0200,f397dbef-7cdb-41f6-bba7-8b8b09f52e7d,2026-07-12T05:00:00Z,2026-07-12T07:00:00+0200,874.98969,MW,FR,FR,forecast_solar_generation,Solar,2026-07-19T12:33:22Z
2026-07-19T12:32:12Z,2026-07-19T14:32:12+0200,f397dbef-7cdb-41f6-bba7-8b8b09f52e7d,2026-07-12T05:15:00Z,2026-07-12T07:15:00+0200,1355.25244,MW,FR,FR,forecast_solar_generation,Solar,2026-07-19T12:33:22Z
2026-07-19T12:32:12Z,2026-07-19T14:32:12+0200,f397dbef-7cdb-41f6-bba7-8b8b09f52e7d,2026-07-12T05:30:00Z,2026-07-12T07:30:00+0200,1857.86353,MW,FR,FR,forecast_solar_generation,Solar,2026-07-19T12:33:22Z
2026-07-19T12:32:12Z,2026-07-19T14:32:12+0200,f397dbef-7cdb-41f6-bba7-8b8b09f52e7d,2026-07-12T05:45:00Z,2026-07-12T07:45:00+0200,2735.60547,MW,FR,FR,forecast_solar_generation,Solar,2026-07-19T12:33:22Z
2026-07-19T12:32:12Z,2026-07-19T14:32:12+0200,f397dbef-7cdb-41f6-bba7-8b8b09f52e7d,2026-07-12T06:00:00Z,2026-07-12T08:00:00+0200,3631.50439,MW,FR,FR,forecast_solar_generation,Solar,2026-07-19T12:33:22Z
2026-07-19T12:32:12Z,2026-07-19T14:32:12+0200,f397dbef-7cdb-41f6-bba7-8b8b09f52e7d,2026-07-12T06:15:00Z,2026-07-12T08:15:00+0200,4742.49219,MW,FR,FR,forecast_solar_generation,Solar,2026-07-19T12:33:22Z
2026-07-19T12:32:12Z,2026-07-19T14:32:12+0200,f397dbef-7cdb-41f6-bba7-8b8b09f52e7d,2026-07-12T06:30:00Z,2026-07-12T08:30:00+0200,5793.60156,MW,FR,FR,forecast_solar_generation,Solar,2026-07-19T12:33:22Z
2026-07-19T12:32:12Z,2026-07-19T14:32:12+0200,f397dbef-7cdb-41f6-bba7-8b8b09f52e7d,2026-07-12T06:45:00Z,2026-07-12T08:45:00+0200,7168.36475,MW,FR,FR,forecast_solar_generation,Solar,2026-07-19T12:33:22Z
2026-07-19T12:32:12Z,2026-07-19T14:32:12+0200,f397dbef-7cdb-41f6-bba7-8b8b09f52e7d,2026-07-12T07:00:00Z,2026-07-12T09:00:00+0200,8335.22656,MW,FR,FR,forecast_solar_generation,Solar,2026-07-19T12:33:22Z
2026-07-19T12:32:12Z,2026-07-19T14:32:12+0200,f397dbef-7cdb-41f6-bba7-8b8b09f52e7d,2026-07-12T07:15:00Z,2026-07-12T09:15:00+0200,9667.10938,MW,FR,FR,forecast_solar_generation,Solar,2026-07-19T12:33:22Z
2026-07-19T12:32:12Z,2026-07-19T14:32:12+0200,f397dbef-7cdb-41f6-bba7-8b8b09f52e7d,2026-07-12T07:30:00Z,2026-07-12T09:30:00+0200,10781.97363,MW,FR,FR,forecast_solar_generation,Solar,2026-07-19T12:33:22Z
2026-07-19T12:32:12Z,2026-07-19T14:32:12+0200,f397dbef-7cdb-41f6-bba7-8b8b09f52e7d,2026-07-12T07:45:00Z,2026-07-12T09:45:00+0200,12024.62891,MW,FR,FR,forecast_solar_generation,Solar,2026-07-19T12:33:22Z
2026-07-19T12:32:12Z,2026-07-19T14:32:12+0200,f397dbef-7cdb-41f6-bba7-8b8b09f52e7d,2026-07-12T08:00:00Z,2026-07-12T10:00:00+0200,10067.23828,MW,FR,FR,forecast_solar_generation,Solar,2026-07-19T12:33:22Z
2026-07-19T12:32:12Z,2026-07-19T14:32:12+0200,f397dbef-7cdb-41f6-bba7-8b8b09f52e7d,2026-07-12T08:15:00Z,2026-07-12T10:15:00+0200,10998.58789,MW,FR,FR,forecast_solar_generation,Solar,2026-07-19T12:33:22Z
2026-07-19T12:32:12Z,2026-07-19T14:32:12+0200,f397dbef-7cdb-41f6-bba7-8b8b09f52e7d,2026-07-12T08:30:00Z,2026-07-12T10:30:00+0200,11776.93262,MW,FR,FR,forecast_solar_generation,Solar,2026-07-19T12:33:22Z
2026-07-19T12:32:12Z,2026-07-19T14:32:12+0200,f397dbef-7cdb-41f6-bba7-8b8b09f52e7d,2026-07-12T08:45:00Z,2026-07-12T10:45:00+0200,12100.21875,MW,FR,FR,forecast_solar_generation,Solar,2026-07-19T12:33:22Z
2026-07-19T12:32:12Z,2026-07-19T14:32:12+0200,f397dbef-7cdb-41f6-bba7-8b8b09f52e7d,2026-07-12T09:00:00Z,2026-07-12T11:00:00+0200,11456.0752,MW,FR,FR,forecast_solar_generation,Solar,2026-07-19T12:33:22Z
2026-07-19T12:32:12Z,2026-07-19T14:32:12+0200,f397dbef-7cdb-41f6-bba7-8b8b09f52e7d,2026-07-12T09:15:00Z,2026-07-12T11:15:00+0200,11942.61035,MW,FR,FR,forecast_solar_generation,Solar,2026-07-19T12:33:22Z
2026-07-19T12:32:12Z,2026-07-19T14:32:12+0200,f397dbef-7cdb-41f6-bba7-8b8b09f52e7d,2026-07-12T09:30:00Z,2026-07-12T11:30:00+0200,12434.32617,MW,FR,FR,forecast_solar_generation,Solar,2026-07-19T12:33:22Z
2026-07-19T12:32:12Z,2026-07-19T14:32:12+0200,f397dbef-7cdb-41f6-bba7-8b8b09f52e7d,2026-07-12T09:45:00Z,2026-07-12T11:45:00+0200,12789.56738,MW,FR,FR,forecast_solar_generation,Solar,2026-07-19T12:33:22Z
2026-07-19T12:32:12Z,2026-07-19T14:32:12+0200,f397dbef-7cdb-41f6-bba7-8b8b09f52e7d,2026-07-12T10:00:00Z,2026-07-12T12:00:00+0200,13181.0332,MW,FR,FR,forecast_solar_generation,Solar,2026-07-19T12:33:22Z
2026-07-19T12:32:12Z,2026-07-19T14:32:12+0200,f397dbef-7cdb-41f6-bba7-8b8b09f52e7d,2026-07-12T10:15:00Z,2026-07-12T12:15:00+0200,13451.10547,MW,FR,FR,forecast_solar_generation,Solar,2026-07-19T12:33:22Z
2026-07-19T12:32:12Z,2026-07-19T14:32:12+0200,f397dbef-7cdb-41f6-bba7-8b8b09f52e7d,2026-07-12T10:30:00Z,2026-07-12T12:30:00+0200,13712.34277,MW,FR,FR,forecast_solar_generation,Solar,2026-07-19T12:33:22Z
2026-07-19T12:32:12Z,2026-07-19T14:32:12+0200,f397dbef-7cdb-41f6-bba7-8b8b09f52e7d,2026-07-12T10:45:00Z,2026-07-12T12:45:00+0200,13832.72461,MW,FR,FR,forecast_solar_generation,Solar,2026-07-19T12:33:22Z
2026-07-19T12:32:12Z,2026-07-19T14:32:12+0200,f397dbef-7cdb-41f6-bba7-8b8b09f52e7d,2026-07-12T11:00:00Z,2026-07-12T13:00:00+0200,13988.23926,MW,FR,FR,forecast_solar_generation,Solar,2026-07-19T12:33:22Z
2026-07-19T12:32:12Z,2026-07-19T14:32:12+0200,f397dbef-7cdb-41f6-bba7-8b8b09f52e7d,2026-07-12T11:15:00Z,2026-07-12T13:15:00+0200,14055.91992,MW,FR,FR,forecast_solar_generation,Solar,2026-07-19T12:33:22Z
2026-07-19T12:32:12Z,2026-07-19T14:32:12+0200,f397dbef-7cdb-41f6-bba7-8b8b09f52e7d,2026-07-12T11:30:00Z,2026-07-12T13:30:00+0200,14125.07324,MW,FR,FR,forecast_solar_generation,Solar,2026-07-19T12:33:22Z
2026-07-19T12:32:12Z,2026-07-19T14:32:12+0200,f397dbef-7cdb-41f6-bba7-8b8b09f52e7d,2026-07-12T11:45:00Z,2026-07-12T13:45:00+0200,14176.81543,MW,FR,FR,forecast_solar_generation,Solar,2026-07-19T12:33:22Z
2026-07-19T12:32:12Z,2026-07-19T14:32:12+0200,f397dbef-7cdb-41f6-bba7-8b8b09f52e7d,2026-07-12T12:00:00Z,2026-07-12T14:00:00+0200,14202.24805,MW,FR,FR,forecast_solar_generation,Solar,2026-07-19T12:33:22Z
2026-07-19T12:32:12Z,2026-07-19T14:32:12+0200,f397dbef-7cdb-41f6-bba7-8b8b09f52e7d,2026-07-12T12:15:00Z,2026-07-12T14:15:00+0200,14143.4834,MW,FR,FR,forecast_solar_generation,Solar,2026-07-19T12:33:22Z
2026-07-19T12:32:12Z,2026-07-19T14:32:12+0200,f397dbef-7cdb-41f6-bba7-8b8b09f52e7d,2026-07-12T12:30:00Z,2026-07-12T14:30:00+0200,14069.70117,MW,FR,FR,forecast_solar_generation,Solar,2026-07-19T12:33:22Z
2026-07-19T12:32:12Z,2026-07-19T14:32:12+0200,f397dbef-7cdb-41f6-bba7-8b8b09f52e7d,2026-07-12T12:45:00Z,2026-07-12T14:45:00+0200,13939.9502,MW,FR,FR,forecast_solar_generation,Solar,2026-07-19T12:33:22Z
2026-07-19T12:32:12Z,2026-07-19T14:32:12+0200,f397dbef-7cdb-41f6-bba7-8b8b09f52e7d,2026-07-12T13:00:00Z,2026-07-12T15:00:00+0200,13786.0,MW,FR,FR,forecast_solar_generation,Solar,2026-07-19T12:33:22Z
2026-07-19T12:32:12Z,2026-07-19T14:32:12+0200,f397dbef-7cdb-41f6-bba7-8b8b09f52e7d,2026-07-12T13:15:00Z,2026-07-12T15:15:00+0200,13565.81641,MW,FR,FR,forecast_solar_generation,Solar,2026-07-19T12:33:22Z
2026-07-19T12:32:12Z,2026-07-19T14:32:12+0200,f397dbef-7cdb-41f6-bba7-8b8b09f52e7d,2026-07-12T13:30:00Z,2026-07-12T15:30:00+0200,13341.17188,MW,FR,FR,forecast_solar_generation,Solar,2026-07-19T12:33:22Z
2026-07-19T12:32:12Z,2026-07-19T14:32:12+0200,f397dbef-7cdb-41f6-bba7-8b8b09f52e7d,2026-07-12T13:45:00Z,2026-07-12T15:45:00+0200,13000.8252,MW,FR,FR,forecast_solar_generation,Solar,2026-07-19T12:33:22Z
2026-07-19T12:32:12Z,2026-07-19T14:32:12+0200,f397dbef-7cdb-41f6-bba7-8b8b09f52e7d,2026-07-12T14:00:00Z,2026-07-12T16:00:00+0200,12649.92676,MW,FR,FR,forecast_solar_generation,Solar,2026-07-19T12:33:22Z
2026-07-19T12:32:12Z,2026-07-19T14:32:12+0200,f397dbef-7cdb-41f6-bba7-8b8b09f52e7d,2026-07-12T14:15:00Z,2026-07-12T16:15:00+0200,12225.31348,MW,FR,FR,forecast_solar_generation,Solar,2026-07-19T12:33:22Z
2026-07-19T12:32:12Z,2026-07-19T14:32:12+0200,f397dbef-7cdb-41f6-bba7-8b8b09f52e7d,2026-07-12T14:30:00Z,2026-07-12T16:30:00+0200,11778.20801,MW,FR,FR,forecast_solar_generation,Solar,2026-07-19T12:33:22Z
2026-07-19T12:32:12Z,2026-07-19T14:32:12+0200,f397dbef-7cdb-41f6-bba7-8b8b09f52e7d,2026-07-12T14:45:00Z,2026-07-12T16:45:00+0200,12403.00684,MW,FR,FR,forecast_solar_generation,Solar,2026-07-19T12:33:22Z
2026-07-19T12:32:12Z,2026-07-19T14:32:12+0200,f397dbef-7cdb-41f6-bba7-8b8b09f52e7d,2026-07-12T15:00:00Z,2026-07-12T17:00:00+0200,12177.65723,MW,FR,FR,forecast_solar_generation,Solar,2026-07-19T12:33:22Z
2026-07-19T12:32:12Z,2026-07-19T14:32:12+0200,f397dbef-7cdb-41f6-bba7-8b8b09f52e7d,2026-07-12T15:15:00Z,2026-07-12T17:15:00+0200,11514.04297,MW,FR,FR,forecast_solar_generation,Solar,2026-07-19T12:33:22Z
2026-07-19T12:32:12Z,2026-07-19T14:32:12+0200,f397dbef-7cdb-41f6-bba7-8b8b09f52e7d,2026-07-12T15:30:00Z,2026-07-12T17:30:00+0200,14031.62793,MW,FR,FR,forecast_solar_generation,Solar,2026-07-19T12:33:22Z
2026-07-19T12:32:12Z,2026-07-19T14:32:12+0200,f397dbef-7cdb-41f6-bba7-8b8b09f52e7d,2026-07-12T15:45:00Z,2026-07-12T17:45:00+0200,13111.49023,MW,FR,FR,forecast_solar_generation,Solar,2026-07-19T12:33:22Z
2026-07-19T12:32:12Z,2026-07-19T14:32:12+0200,f397dbef-7cdb-41f6-bba7-8b8b09f52e7d,2026-07-12T16:00:00Z,2026-07-12T18:00:00+0200,12114.78418,MW,FR,FR,forecast_solar_generation,Solar,2026-07-19T12:33:22Z
2026-07-19T12:32:12Z,2026-07-19T14:32:12+0200,f397dbef-7cdb-41f6-bba7-8b8b09f52e7d,2026-07-12T16:15:00Z,2026-07-12T18:15:00+0200,11085.92773,MW,FR,FR,forecast_solar_generation,Solar,2026-07-19T12:33:22Z
2026-07-19T12:32:12Z,2026-07-19T14:32:12+0200,f397dbef-7cdb-41f6-bba7-8b8b09f52e7d,2026-07-12T16:30:00Z,2026-07-12T18:30:00+0200,10034.72754,MW,FR,FR,forecast_solar_generation,Solar,2026-07-19T12:33:22Z
2026-07-19T12:32:12Z,2026-07-19T14:32:12+0200,f397dbef-7cdb-41f6-bba7-8b8b09f52e7d,2026-07-12T16:45:00Z,2026-07-12T18:45:00+0200,8996.30762,MW,FR,FR,forecast_solar_generation,Solar,2026-07-19T12:33:22Z
2026-07-19T12:32:12Z,2026-07-19T14:32:12+0200,f397dbef-7cdb-41f6-bba7-8b8b09f52e7d,2026-07-12T17:00:00Z,2026-07-12T19:00:00+0200,7754.59619,MW,FR,FR,forecast_solar_generation,Solar,2026-07-19T12:33:22Z
2026-07-19T12:32:12Z,2026-07-19T14:32:12+0200,f397dbef-7cdb-41f6-bba7-8b8b09f52e7d,2026-07-12T17:15:00Z,2026-07-12T19:15:00+0200,6661.6626,MW,FR,FR,forecast_solar_generation,Solar,2026-07-19T12:33:22Z
2026-07-19T12:32:12Z,2026-07-19T14:32:12+0200,f397dbef-7cdb-41f6-bba7-8b8b09f52e7d,2026-07-12T17:30:00Z,2026-07-12T19:30:00+0200,5410.26465,MW,FR,FR,forecast_solar_generation,Solar,2026-07-19T12:33:22Z
2026-07-19T12:32:12Z,2026-07-19T14:32:12+0200,f397dbef-7cdb-41f6-bba7-8b8b09f52e7d,2026-07-12T17:45:00Z,2026-07-12T19:45:00+0200,4516.03271,MW,FR,FR,forecast_solar_generation,Solar,2026-07-19T12:33:22Z
2026-07-19T12:32:12Z,2026-07-19T14:32:12+0200,f397dbef-7cdb-41f6-bba7-8b8b09f52e7d,2026-07-12T18:00:00Z,2026-07-12T20:00:00+0200,3413.94751,MW,FR,FR,forecast_solar_generation,Solar,2026-07-19T12:33:22Z
2026-07-19T12:32:12Z,2026-07-19T14:32:12+0200,f397dbef-7cdb-41f6-bba7-8b8b09f52e7d,2026-07-12T18:15:00Z,2026-07-12T20:15:00+0200,2567.44824,MW,FR,FR,forecast_solar_generation,Solar,2026-07-19T12:33:22Z
2026-07-19T12:32:12Z,2026-07-19T14:32:12+0200,f397dbef-7cdb-41f6-bba7-8b8b09f52e7d,2026-07-12T18:30:00Z,2026-07-12T20:30:00+0200,1820.02295,MW,FR,FR,forecast_solar_generation,Solar,2026-07-19T12:33:22Z
2026-07-19T12:32:12Z,2026-07-19T14:32:12+0200,f397dbef-7cdb-41f6-bba7-8b8b09f52e7d,2026-07-12T18:45:00Z,2026-07-12T20:45:00+0200,1309.82434,MW,FR,FR,forecast_solar_generation,Solar,2026-07-19T12:33:22Z
2026-07-19T12:32:12Z,2026-07-19T14:32:12+0200,f397dbef-7cdb-41f6-bba7-8b8b09f52e7d,2026-07-12T19:00:00Z,2026-07-12T21:00:00+0200,869.0415,MW,FR,FR,forecast_solar_generation,Solar,2026-07-19T12:33:22Z
2026-07-19T12:32:12Z,2026-07-19T14:32:12+0200,f397dbef-7cdb-41f6-bba7-8b8b09f52e7d,2026-07-12T19:15:00Z,2026-07-12T21:15:00+0200,457.54648,MW,FR,FR,forecast_solar_generation,Solar,2026-07-19T12:33:22Z
2026-07-19T12:32:12Z,2026-07-19T14:32:12+0200,f397dbef-7cdb-41f6-bba7-8b8b09f52e7d,2026-07-12T19:30:00Z,2026-07-12T21:30:00+0200,159.68237,MW,FR,FR,forecast_solar_generation,Solar,2026-07-19T12:33:22Z
2026-07-19T12:32:12Z,2026-07-19T14:32:12+0200,f397dbef-7cdb-41f6-bba7-8b8b09f52e7d,2026-07-12T19:45:00Z,2026-07-12T21:45:00+0200,35.11797,MW,FR,FR,forecast_solar_generation,Solar,2026-07-19T12:33:22Z
2026-07-19T12:32:12Z,2026-07-19T14:32:12+0200,f397dbef-7cdb-41f6-bba7-8b8b09f52e7d,2026-07-12T20:00:00Z,2026-07-12T22:00:00+0200,1.90353,MW,FR,FR,forecast_solar_generation,Solar,2026-07-19T12:33:22Z
2026-07-19T12:32:12Z,2026-07-19T14:32:12+0200,f397dbef-7cdb-41f6-bba7-8b8b09f52e7d,2026-07-12T20:15:00Z,2026-07-12T22:15:00+0200,0.0,MW,FR,FR,forecast_solar_generation,Solar,2026-07-19T12:33:22Z
2026-07-19T12:32:12Z,2026-07-19T14:32:12+0200,f397dbef-7cdb-41f6-bba7-8b8b09f52e7d,2026-07-12T20:30:00Z,2026-07-12T22:30:00+0200,0.0,MW,FR,FR,forecast_solar_generation,Solar,2026-07-19T12:33:22Z
2026-07-19T12:32:12Z,2026-07-19T14:32:12+0200,f397dbef-7cdb-41f6-bba7-8b8b09f52e7d,2026-07-12T20:45:00Z,2026-07-12T22:45:00+0200,0.0,MW,FR,FR,forecast_solar_generation,Solar,2026-07-19T12:33:22Z
2026-07-19T12:32:12Z,2026-07-19T14:32:12+0200,f397dbef-7cdb-41f6-bba7-8b8b09f52e7d,2026-07-12T21:00:00Z,2026-07-12T23:00:00+0200,0.0,MW,FR,FR,forecast_solar_generation,Solar,2026-07-19T12:33:22Z
2026-07-19T12:32:12Z,2026-07-19T14:32:12+0200,f397dbef-7cdb-41f6-bba7-8b8b09f52e7d,2026-07-12T21:15:00Z,2026-07-12T23:15:00+0200,0.0,MW,FR,FR,forecast_solar_generation,Solar,2026-07-19T12:33:22Z
2026-07-19T12:32:12Z,2026-07-19T14:32:12+0200,f397dbef-7cdb-41f6-bba7-8b8b09f52e7d,2026-07-12T21:30:00Z,2026-07-12T23:30:00+0200,0.0,MW,FR,FR,forecast_solar_generation,Solar,2026-07-19T12:33:22Z
2026-07-19T12:32:12Z,2026-07-19T14:32:12+0200,f397dbef-7cdb-41f6-bba7-8b8b09f52e7d,2026-07-12T21:45:00Z,2026-07-12T23:45:00+0200,0.0,MW,FR,FR,forecast_solar_generation,Solar,2026-07-19T12:33:22Z
2026-07-19T12:32:12Z,2026-07-19T14:32:12+0200,f397dbef-7cdb-41f6-bba7-8b8b09f52e7d,2026-07-12T22:00:00Z,2026-07-13T00:00:00+0200,0.0,MW,FR,FR,forecast_solar_generation,Solar,2026-07-19T12:33:22Z
2026-07-19T12:32:12Z,2026-07-19T14:32:12+0200,f397dbef-7cdb-41f6-bba7-8b8b09f52e7d,2026-07-12T22:15:00Z,2026-07-13T00:15:00+0200,0.0,MW,FR,FR,forecast_solar_generation,Solar,2026-07-19T12:33:22Z
2026-07-19T12:32:12Z,2026-07-19T14:32:12+0200,f397dbef-7cdb-41f6-bba7-8b8b09f52e7d,2026-07-12T22:30:00Z,2026-07-13T00:30:00+0200,0.0,MW,FR,FR,forecast_solar_generation,Solar,2026-07-19T12:33:22Z
2026-07-19T12:32:12Z,2026-07-19T14:32:12+0200,f397dbef-7cdb-41f6-bba7-8b8b09f52e7d,2026-07-12T22:45:00Z,2026-07-13T00:45:00+0200,0.0,MW,FR,FR,forecast_solar_generation,Solar,2026-07-19T12:33:22Z
2026-07-19T12:32:12Z,2026-07-19T14:32:12+0200,f397dbef-7cdb-41f6-bba7-8b8b09f52e7d,2026-07-12T23:00:00Z,2026-07-13T01:00:00+0200,0.0,MW,FR,FR,forecast_solar_generation,Solar,2026-07-19T12:33:22Z
2026-07-19T12:32:12Z,2026-07-19T14:32:12+0200,f397dbef-7cdb-41f6-bba7-8b8b09f52e7d,2026-07-12T23:15:00Z,2026-07-13T01:15:00+0200,0.0,MW,FR,FR,forecast_solar_generation,Solar,2026-07-19T12:33:22Z
2026-07-19T12:32:12Z,2026-07-19T14:32:12+0200,f397dbef-7cdb-41f6-bba7-8b8b09f52e7d,2026-07-12T23:30:00Z,2026-07-13T01:30:00+0200,0.0,MW,FR,FR,forecast_solar_generation,Solar,2026-07-19T12:33:22Z
2026-07-19T12:32:12Z,2026-07-19T14:32:12+0200,f397dbef-7cdb-41f6-bba7-8b8b09f52e7d,2026-07-12T23:45:00Z,2026-07-13T01:45:00+0200,0.0,MW,FR,FR,forecast_solar_generation,Solar,2026-07-19T12:33:22Z
2026-07-19T12:32:12Z,2026-07-19T14:32:12+0200,f397dbef-7cdb-41f6-bba7-8b8b09f52e7d,2026-07-13T00:00:00Z,2026-07-13T02:00:00+0200,0.0,MW,FR,FR,forecast_solar_generation,Solar,2026-07-19T12:33:22Z
2026-07-19T12:32:12Z,2026-07-19T14:32:12+0200,f397dbef-7cdb-41f6-bba7-8b8b09f52e7d,2026-07-13T00:15:00Z,2026-07-13T02:15:00+0200,0.0,MW,FR,FR,forecast_solar_generation,Solar,2026-07-19T12:33:22Z
2026-07-19T12:32:12Z,2026-07-19T14:32:12+0200,f397dbef-7cdb-41f6-bba7-8b8b09f52e7d,2026-07-13T00:30:00Z,2026-07-13T02:30:00+0200,0.0,MW,FR,FR,forecast_solar_generation,Solar,2026-07-19T12:33:22Z
2026-07-19T12:32:12Z,2026-07-19T14:32:12+0200,f397dbef-7cdb-41f6-bba7-8b8b09f52e7d,2026-07-13T00:45:00Z,2026-07-13T02:45:00+0200,0.0,MW,FR,FR,forecast_solar_generation,Solar,2026-07-19T12:33:22Z
2026-07-19T12:32:12Z,2026-07-19T14:32:12+0200,f397dbef-7cdb-41f6-bba7-8b8b09f52e7d,2026-07-13T01:00:00Z,2026-07-13T03:00:00+0200,0.0,MW,FR,FR,forecast_solar_generation,Solar,2026-07-19T12:33:22Z
2026-07-19T12:32:12Z,2026-07-19T14:32:12+0200,f397dbef-7cdb-41f6-bba7-8b8b09f52e7d,2026-07-13T01:15:00Z,2026-07-13T03:15:00+0200,0.0,MW,FR,FR,forecast_solar_generation,Solar,2026-07-19T12:33:22Z
2026-07-19T12:32:12Z,2026-07-19T14:32:12+0200,f397dbef-7cdb-41f6-bba7-8b8b09f52e7d,2026-07-13T01:30:00Z,2026-07-13T03:30:00+0200,0.0,MW,FR,FR,forecast_solar_generation,Solar,2026-07-19T12:33:22Z
2026-07-19T12:32:12Z,2026-07-19T14:32:12+0200,f397dbef-7cdb-41f6-bba7-8b8b09f52e7d,2026-07-13T01:45:00Z,2026-07-13T03:45:00+0200,0.0,MW,FR,FR,forecast_solar_generation,Solar,2026-07-19T12:33:22Z
2026-07-19T12:32:12Z,2026-07-19T14:32:12+0200,f397dbef-7cdb-41f6-bba7-8b8b09f52e7d,2026-07-13T02:00:00Z,2026-07-13T04:00:00+0200,0.0,MW,FR,FR,forecast_solar_generation,Solar,2026-07-19T12:33:22Z
2026-07-19T12:32:12Z,2026-07-19T14:32:12+0200,f397dbef-7cdb-41f6-bba7-8b8b09f52e7d,2026-07-13T02:15:00Z,2026-07-13T04:15:00+0200,0.0,MW,FR,FR,forecast_solar_generation,Solar,2026-07-19T12:33:22Z
2026-07-19T12:32:12Z,2026-07-19T14:32:12+0200,f397dbef-7cdb-41f6-bba7-8b8b09f52e7d,2026-07-13T02:30:00Z,2026-07-13T04:30:00+0200,0.0,MW,FR,FR,forecast_solar_generation,Solar,2026-07-19T12:33:22Z
2026-07-19T12:32:12Z,2026-07-19T14:32:12+0200,f397dbef-7cdb-41f6-bba7-8b8b09f52e7d,2026-07-13T02:45:00Z,2026-07-13T04:45:00+0200,0.0,MW,FR,FR,forecast_solar_generation,Solar,2026-07-19T12:33:22Z
2026-07-19T12:32:12Z,2026-07-19T14:32:12+0200,f397dbef-7cdb-41f6-bba7-8b8b09f52e7d,2026-07-13T03:00:00Z,2026-07-13T05:00:00+0200,0.0,MW,FR,FR,forecast_solar_generation,Solar,2026-07-19T12:33:22Z
2026-07-19T12:32:12Z,2026-07-19T14:32:12+0200,f397dbef-7cdb-41f6-bba7-8b8b09f52e7d,2026-07-13T03:15:00Z,2026-07-13T05:15:00+0200,0.0,MW,FR,FR,forecast_solar_generation,Solar,2026-07-19T12:33:22Z
2026-07-19T12:32:12Z,2026-07-19T14:32:12+0200,f397dbef-7cdb-41f6-bba7-8b8b09f52e7d,2026-07-13T03:30:00Z,2026-07-13T05:30:00+0200,0.0,MW,FR,FR,forecast_solar_generation,Solar,2026-07-19T12:33:22Z
2026-07-19T12:32:12Z,2026-07-19T14:32:12+0200,f397dbef-7cdb-41f6-bba7-8b8b09f52e7d,2026-07-13T03:45:00Z,2026-07-13T05:45:00+0200,5.36499,MW,FR,FR,forecast_solar_generation,Solar,2026-07-19T12:33:22Z
2026-07-19T12:32:12Z,2026-07-19T14:32:12+0200,f397dbef-7cdb-41f6-bba7-8b8b09f52e7d,2026-07-13T04:00:00Z,2026-07-13T06:00:00+0200,35.27586,MW,FR,FR,forecast_solar_generation,Solar,2026-07-19T12:33:22Z
2026-07-19T12:32:12Z,2026-07-19T14:32:12+0200,f397dbef-7cdb-41f6-bba7-8b8b09f52e7d,2026-07-13T04:15:00Z,2026-07-13T06:15:00+0200,113.5813,MW,FR,FR,forecast_solar_generation,Solar,2026-07-19T12:33:22Z
2026-07-19T12:32:12Z,2026-07-19T14:32:12+0200,f397dbef-7cdb-41f6-bba7-8b8b09f52e7d,2026-07-13T04:30:00Z,2026-07-13T06:30:00+0200,217.34612,MW,FR,FR,forecast_solar_generation,Solar,2026-07-19T12:33:22Z
2026-07-19T12:32:12Z,2026-07-19T14:32:12+0200,f397dbef-7cdb-41f6-bba7-8b8b09f52e7d,2026-07-13T04:45:00Z,2026-07-13T06:45:00+0200,436.99091,MW,FR,FR,forecast_solar_generation,Solar,2026-07-19T12:33:22Z
2026-07-19T12:32:12Z,2026-07-19T14:32:12+0200,f397dbef-7cdb-41f6-bba7-8b8b09f52e7d,2026-07-13T05:00:00Z,2026-07-13T07:00:00+0200,769.62421,MW,FR,FR,forecast_solar_generation,Solar,2026-07-19T12:33:22Z
2026-07-19T12:32:12Z,2026-07-19T14:32:12+0200,f397dbef-7cdb-41f6-bba7-8b8b09f52e7d,2026-07-13T05:15:00Z,2026-07-13T07:15:00+0200,1163.75085,MW,FR,FR,forecast_solar_generation,Solar,2026-07-19T12:33:22Z
2026-07-19T12:32:12Z,2026-07-19T14:32:12+0200,f397dbef-7cdb-41f6-bba7-8b8b09f52e7d,2026-07-13T05:30:00Z,2026-07-13T07:30:00+0200,1636.04333,MW,FR,FR,forecast_solar_generation,Solar,2026-07-19T12:33:22Z
2026-07-19T12:32:12Z,2026-07-19T14:32:12+0200,f397dbef-7cdb-41f6-bba7-8b8b09f52e7d,2026-07-13T05:45:00Z,2026-07-13T07:45:00+0200,2316.89502,MW,FR,FR,forecast_solar_generation,Solar,2026-07-19T12:33:22Z
2026-07-19T12:32:12Z,2026-07-19T14:32:12+0200,f397dbef-7cdb-41f6-bba7-8b8b09f52e7d,2026-07-13T06:00:00Z,2026-07-13T08:00:00+0200,3098.32422,MW,FR,FR,forecast_solar_generation,Solar,2026-07-19T12:33:22Z
2026-07-19T12:32:12Z,2026-07-19T14:32:12+0200,f397dbef-7cdb-41f6-bba7-8b8b09f52e7d,2026-07-13T06:15:00Z,2026-07-13T08:15:00+0200,3981.31934,MW,FR,FR,forecast_solar_generation,Solar,2026-07-19T12:33:22Z
2026-07-19T12:32:12Z,2026-07-19T14:32:12+0200,f397dbef-7cdb-41f6-bba7-8b8b09f52e7d,2026-07-13T06:30:00Z,2026-07-13T08:30:00+0200,4859.24023,MW,FR,FR,forecast_solar_generation,Solar,2026-07-19T12:33:22Z
2026-07-19T12:32:12Z,2026-07-19T14:32:12+0200,f397dbef-7cdb-41f6-bba7-8b8b09f52e7d,2026-07-13T06:45:00Z,2026-07-13T08:45:00+0200,5928.70557,MW,FR,FR,forecast_solar_generation,Solar,2026-07-19T12:33:22Z
2026-07-19T12:32:12Z,2026-07-19T14:32:12+0200,f397dbef-7cdb-41f6-bba7-8b8b09f52e7d,2026-07-13T07:00:00Z,2026-07-13T09:00:00+0200,6911.21045,MW,FR,FR,forecast_solar_generation,Solar,2026-07-19T12:33:22Z
2026-07-19T12:32:12Z,2026-07-19T14:32:12+0200,f397dbef-7cdb-41f6-bba7-8b8b09f52e7d,2026-07-13T07:15:00Z,2026-07-13T09:15:00+0200,7993.91211,MW,FR,FR,forecast_solar_generation,Solar,2026-07-19T12:33:22Z
2026-07-19T12:32:12Z,2026-07-19T14:32:12+0200,f397dbef-7cdb-41f6-bba7-8b8b09f52e7d,2026-07-13T07:30:00Z,2026-07-13T09:30:00+0200,8955.92383,MW,FR,FR,forecast_solar_generation,Solar,2026-07-19T12:33:22Z
2026-07-19T12:32:12Z,2026-07-19T14:32:12+0200,f397dbef-7cdb-41f6-bba7-8b8b09f52e7d,2026-07-13T07:45:00Z,2026-07-13T09:45:00+0200,9969.85742,MW,FR,FR,forecast_solar_generation,Solar,2026-07-19T12:33:22Z
2026-07-19T12:32:12Z,2026-07-19T14:32:12+0200,f397dbef-7cdb-41f6-bba7-8b8b09f52e7d,2026-07-13T08:00:00Z,2026-07-13T10:00:00+0200,10951.9248,MW,FR,FR,forecast_solar_generation,Solar,2026-07-19T12:33:22Z
2026-07-19T12:32:12Z,2026-07-19T14:32:12+0200,f397dbef-7cdb-41f6-bba7-8b8b09f52e7d,2026-07-13T08:15:00Z,2026-07-13T10:15:00+0200,12045.34375,MW,FR,FR,forecast_solar_generation,Solar,2026-07-19T12:33:22Z
2026-07-19T12:32:12Z,2026-07-19T14:32:12+0200,f397dbef-7cdb-41f6-bba7-8b8b09f52e7d,2026-07-13T08:30:00Z,2026-07-13T10:30:00+0200,12959.74707,MW,FR,FR,forecast_solar_generation,Solar,2026-07-19T12:33:22Z
2026-07-19T12:32:12Z,2026-07-19T14:32:12+0200,f397dbef-7cdb-41f6-bba7-8b8b09f52e7d,2026-07-13T08:45:00Z,2026-07-13T10:45:00+0200,13709.02441,MW,FR,FR,forecast_solar_generation,Solar,2026-07-19T12:33:22Z
2026-07-19T12:32:12Z,2026-07-19T14:32:12+0200,f397dbef-7cdb-41f6-bba7-8b8b09f52e7d,2026-07-13T09:00:00Z,2026-07-13T11:00:00+0200,14484.99805,MW,FR,FR,forecast_solar_generation,Solar,2026-07-19T12:33:22Z
2026-07-19T12:32:12Z,2026-07-19T14:32:12+0200,f397dbef-7cdb-41f6-bba7-8b8b09f52e7d,2026-07-13T09:15:00Z,2026-07-13T11:15:00+0200,15181.3584,MW,FR,FR,forecast_solar_generation,Solar,2026-07-19T12:33:22Z
2026-07-19T12:32:12Z,2026-07-19T14:32:12+0200,f397dbef-7cdb-41f6-bba7-8b8b09f52e7d,2026-07-13T09:30:00Z,2026-07-13T11:30:00+0200,15831.65234,MW,FR,FR,forecast_solar_generation,Solar,2026-07-19T12:33:22Z
2026-07-19T12:32:12Z,2026-07-19T14:32:12+0200,f397dbef-7cdb-41f6-bba7-8b8b09f52e7d,2026-07-13T09:45:00Z,2026-07-13T11:45:00+0200,16301.07715,MW,FR,FR,forecast_solar_generation,Solar,2026-07-19T12:33:22Z
2026-07-19T12:32:12Z,2026-07-19T14:32:12+0200,f397dbef-7cdb-41f6-bba7-8b8b09f52e7d,2026-07-13T10:00:00Z,2026-07-13T12:00:00+0200,16810.66602,MW,FR,FR,forecast_solar_generation,Solar,2026-07-19T12:33:22Z
2026-07-19T12:32:12Z,2026-07-19T14:32:12+0200,f397dbef-7cdb-41f6-bba7-8b8b09f52e7d,2026-07-13T10:15:00Z,2026-07-13T12:15:00+0200,17233.21875,MW,FR,FR,forecast_solar_generation,Solar,2026-07-19T12:33:22Z
2026-07-19T12:32:12Z,2026-07-19T14:32:12+0200,f397dbef-7cdb-41f6-bba7-8b8b09f52e7d,2026-07-13T10:30:00Z,2026-07-13T12:30:00+0200,17673.61328,MW,FR,FR,forecast_solar_generation,Solar,2026-07-19T12:33:22Z
2026-07-19T12:32:12Z,2026-07-19T14:32:12+0200,f397dbef-7cdb-41f6-bba7-8b8b09f52e7d,2026-07-13T10:45:00Z,2026-07-13T12:45:00+0200,17932.45703,MW,FR,FR,forecast_solar_generation,Solar,2026-07-19T12:33:22Z
2026-07-19T12:32:12Z,2026-07-19T14:32:12+0200,f397dbef-7cdb-41f6-bba7-8b8b09f52e7d,2026-07-13T11:00:00Z,2026-07-13T13:00:00+0200,18276.77734,MW,FR,FR,forecast_solar_generation,Solar,2026-07-19T12:33:22Z
2026-07-19T12:32:12Z,2026-07-19T14:32:12+0200,f397dbef-7cdb-41f6-bba7-8b8b09f52e7d,2026-07-13T11:15:00Z,2026-07-13T13:15:00+0200,18486.9707,MW,FR,FR,forecast_solar_generation,Solar,2026-07-19T12:33:22Z
2026-07-19T12:32:12Z,2026-07-19T14:32:12+0200,f397dbef-7cdb-41f6-bba7-8b8b09f52e7d,2026-07-13T11:30:00Z,2026-07-13T13:30:00+0200,18729.17383,MW,FR,FR,forecast_solar_generation,Solar,2026-07-19T12:33:22Z
2026-07-19T12:32:12Z,2026-07-19T14:32:12+0200,f397dbef-7cdb-41f6-bba7-8b8b09f52e7d,2026-07-13T11:45:00Z,2026-07-13T13:45:00+0200,18816.92578,MW,FR,FR,forecast_solar_generation,Solar,2026-07-19T12:33:22Z
2026-07-19T12:32:12Z,2026-07-19T14:32:12+0200,f397dbef-7cdb-41f6-bba7-8b8b09f52e7d,2026-07-13T12:00:00Z,2026-07-13T14:00:00+0200,18875.46484,MW,FR,FR,forecast_solar_generation,Solar,2026-07-19T12:33:22Z
2026-07-19T12:32:12Z,2026-07-19T14:32:12+0200,f397dbef-7cdb-41f6-bba7-8b8b09f52e7d,2026-07-13T12:15:00Z,2026-07-13T14:15:00+0200,18799.07617,MW,FR,FR,forecast_solar_generation,Solar,2026-07-19T12:33:22Z
2026-07-19T12:32:12Z,2026-07-19T14:32:12+0200,f397dbef-7cdb-41f6-bba7-8b8b09f52e7d,2026-07-13T12:30:00Z,2026-07-13T14:30:00+0200,18766.88086,MW,FR,FR,forecast_solar_generation,Solar,2026-07-19T12:33:22Z
2026-07-19T12:32:12Z,2026-07-19T14:32:12+0200,f397dbef-7cdb-41f6-bba7-8b8b09f52e7d,2026-07-13T12:45:00Z,2026-07-13T14:45:00+0200,18617.58984,MW,FR,FR,forecast_solar_generation,Solar,2026-07-19T12:33:22Z
2026-07-19T12:32:12Z,2026-07-19T14:32:12+0200,f397dbef-7cdb-41f6-bba7-8b8b09f52e7d,2026-07-13T13:00:00Z,2026-07-13T15:00:00+0200,18377.91602,MW,FR,FR,forecast_solar_generation,Solar,2026-07-19T12:33:22Z
2026-07-19T12:32:12Z,2026-07-19T14:32:12+0200,f397dbef-7cdb-41f6-bba7-8b8b09f52e7d,2026-07-13T13:15:00Z,2026-07-13T15:15:00+0200,18044.00977,MW,FR,FR,forecast_solar_generation,Solar,2026-07-19T12:33:22Z
2026-07-19T12:32:12Z,2026-07-19T14:32:12+0200,f397dbef-7cdb-41f6-bba7-8b8b09f52e7d,2026-07-13T13:30:00Z,2026-07-13T15:30:00+0200,17780.2793,MW,FR,FR,forecast_solar_generation,Solar,2026-07-19T12:33:22Z
2026-07-19T12:32:12Z,2026-07-19T14:32:12+0200,f397dbef-7cdb-41f6-bba7-8b8b09f52e7d,2026-07-13T13:45:00Z,2026-07-13T15:45:00+0200,17218.07422,MW,FR,FR,forecast_solar_generation,Solar,2026-07-19T12:33:22Z
2026-07-19T12:32:12Z,2026-07-19T14:32:12+0200,f397dbef-7cdb-41f6-bba7-8b8b09f52e7d,2026-07-13T14:00:00Z,2026-07-13T16:00:00+0200,16655.32422,MW,FR,FR,forecast_solar_generation,Solar,2026-07-19T12:33:22Z
2026-07-19T12:32:12Z,2026-07-19T14:32:12+0200,f397dbef-7cdb-41f6-bba7-8b8b09f52e7d,2026-07-13T14:15:00Z,2026-07-13T16:15:00+0200,16034.75977,MW,FR,FR,forecast_solar_generation,Solar,2026-07-19T12:33:22Z
2026-07-19T12:32:12Z,2026-07-19T14:32:12+0200,f397dbef-7cdb-41f6-bba7-8b8b09f52e7d,2026-07-13T14:30:00Z,2026-07-13T16:30:00+0200,15393.9043,MW,FR,FR,forecast_solar_generation,Solar,2026-07-19T12:33:22Z
2026-07-19T12:32:12Z,2026-07-19T14:32:12+0200,f397dbef-7cdb-41f6-bba7-8b8b09f52e7d,2026-07-13T14:45:00Z,2026-07-13T16:45:00+0200,14757.69434,MW,FR,FR,forecast_solar_generation,Solar,2026-07-19T12:33:22Z
2026-07-19T12:32:12Z,2026-07-19T14:32:12+0200,f397dbef-7cdb-41f6-bba7-8b8b09f52e7d,2026-07-13T15:00:00Z,2026-07-13T17:00:00+0200,14100.86816,MW,FR,FR,forecast_solar_generation,Solar,2026-07-19T12:33:22Z
2026-07-19T12:32:12Z,2026-07-19T14:32:12+0200,f397dbef-7cdb-41f6-bba7-8b8b09f52e7d,2026-07-13T15:15:00Z,2026-07-13T17:15:00+0200,13279.85156,MW,FR,FR,forecast_solar_generation,Solar,2026-07-19T12:33:22Z
2026-07-19T12:32:12Z,2026-07-19T14:32:12+0200,f397dbef-7cdb-41f6-bba7-8b8b09f52e7d,2026-07-13T15:30:00Z,2026-07-13T17:30:00+0200,12496.94238,MW,FR,FR,forecast_solar_generation,Solar,2026-07-19T12:33:22Z
2026-07-19T12:32:12Z,2026-07-19T14:32:12+0200,f397dbef-7cdb-41f6-bba7-8b8b09f52e7d,2026-07-13T15:45:00Z,2026-07-13T17:45:00+0200,11712.62891,MW,FR,FR,forecast_solar_generation,Solar,2026-07-19T12:33:22Z
2026-07-19T12:32:12Z,2026-07-19T14:32:12+0200,f397dbef-7cdb-41f6-bba7-8b8b09f52e7d,2026-07-13T16:00:00Z,2026-07-13T18:00:00+0200,10799.89941,MW,FR,FR,forecast_solar_generation,Solar,2026-07-19T12:33:22Z
2026-07-19T12:32:12Z,2026-07-19T14:32:12+0200,f397dbef-7cdb-41f6-bba7-8b8b09f52e7d,2026-07-13T16:15:00Z,2026-07-13T18:15:00+0200,9835.99805,MW,FR,FR,forecast_solar_generation,Solar,2026-07-19T12:33:22Z
2026-07-19T12:32:12Z,2026-07-19T14:32:12+0200,f397dbef-7cdb-41f6-bba7-8b8b09f52e7d,2026-07-13T16:30:00Z,2026-07-13T18:30:00+0200,8918.10449,MW,FR,FR,forecast_solar_generation,Solar,2026-07-19T12:33:22Z
2026-07-19T12:32:12Z,2026-07-19T14:32:12+0200,f397dbef-7cdb-41f6-bba7-8b8b09f52e7d,2026-07-13T16:45:00Z,2026-07-13T18:45:00+0200,8064.99414,MW,FR,FR,forecast_solar_generation,Solar,2026-07-19T12:33:22Z
2026-07-19T12:32:12Z,2026-07-19T14:32:12+0200,f397dbef-7cdb-41f6-bba7-8b8b09f52e7d,2026-07-13T17:00:00Z,2026-07-13T19:00:00+0200,6956.46484,MW,FR,FR,forecast_solar_generation,Solar,2026-07-19T12:33:22Z
2026-07-19T12:32:12Z,2026-07-19T14:32:12+0200,f397dbef-7cdb-41f6-bba7-8b8b09f52e7d,2026-07-13T17:15:00Z,2026-07-13T19:15:00+0200,6053.00732,MW,FR,FR,forecast_solar_generation,Solar,2026-07-19T12:33:22Z
2026-07-19T12:32:12Z,2026-07-19T14:32:12+0200,f397dbef-7cdb-41f6-bba7-8b8b09f52e7d,2026-07-13T17:30:00Z,2026-07-13T19:30:00+0200,4969.60059,MW,FR,FR,forecast_solar_generation,Solar,2026-07-19T12:33:22Z
2026-07-19T12:32:12Z,2026-07-19T14:32:12+0200,f397dbef-7cdb-41f6-bba7-8b8b09f52e7d,2026-07-13T17:45:00Z,2026-07-13T19:45:00+0200,4169.62744,MW,FR,FR,forecast_solar_generation,Solar,2026-07-19T12:33:22Z
2026-07-19T12:32:12Z,2026-07-19T14:32:12+0200,f397dbef-7cdb-41f6-bba7-8b8b09f52e7d,2026-07-13T18:00:00Z,2026-07-13T20:00:00+0200,3226.00073,MW,FR,FR,forecast_solar_generation,Solar,2026-07-19T12:33:22Z
2026-07-19T12:32:12Z,2026-07-19T14:32:12+0200,f397dbef-7cdb-41f6-bba7-8b8b09f52e7d,2026-07-13T18:15:00Z,2026-07-13T20:15:00+0200,2447.26855,MW,FR,FR,forecast_solar_generation,Solar,2026-07-19T12:33:22Z
2026-07-19T12:32:12Z,2026-07-19T14:32:12+0200,f397dbef-7cdb-41f6-bba7-8b8b09f52e7d,2026-07-13T18:30:00Z,2026-07-13T20:30:00+0200,1759.87061,MW,FR,FR,forecast_solar_generation,Solar,2026-07-19T12:33:22Z
2026-07-19T12:32:12Z,2026-07-19T14:32:12+0200,f397dbef-7cdb-41f6-bba7-8b8b09f52e7d,2026-07-13T18:45:00Z,2026-07-13T20:45:00+0200,1284.25818,MW,FR,FR,forecast_solar_generation,Solar,2026-07-19T12:33:22Z
2026-07-19T12:32:12Z,2026-07-19T14:32:12+0200,f397dbef-7cdb-41f6-bba7-8b8b09f52e7d,2026-07-13T19:00:00Z,2026-07-13T21:00:00+0200,866.0553,MW,FR,FR,forecast_solar_generation,Solar,2026-07-19T12:33:22Z
2026-07-19T12:32:12Z,2026-07-19T14:32:12+0200,f397dbef-7cdb-41f6-bba7-8b8b09f52e7d,2026-07-13T19:15:00Z,2026-07-13T21:15:00+0200,479.42822,MW,FR,FR,forecast_solar_generation,Solar,2026-07-19T12:33:22Z
2026-07-19T12:32:12Z,2026-07-19T14:32:12+0200,f397dbef-7cdb-41f6-bba7-8b8b09f52e7d,2026-07-13T19:30:00Z,2026-07-13T21:30:00+0200,182.93877,MW,FR,FR,forecast_solar_generation,Solar,2026-07-19T12:33:22Z
2026-07-19T12:32:12Z,2026-07-19T14:32:12+0200,f397dbef-7cdb-41f6-bba7-8b8b09f52e7d,2026-07-13T19:45:00Z,2026-07-13T21:45:00+0200,42.81553,MW,FR,FR,forecast_solar_generation,Solar,2026-07-19T12:33:22Z
2026-07-19T12:32:12Z,2026-07-19T14:32:12+0200,f397dbef-7cdb-41f6-bba7-8b8b09f52e7d,2026-07-13T20:00:00Z,2026-07-13T22:00:00+0200,2.98545,MW,FR,FR,forecast_solar_generation,Solar,2026-07-19T12:33:22Z
2026-07-19T12:32:12Z,2026-07-19T14:32:12+0200,f397dbef-7cdb-41f6-bba7-8b8b09f52e7d,2026-07-13T20:15:00Z,2026-07-13T22:15:00+0200,0.0,MW,FR,FR,forecast_solar_generation,Solar,2026-07-19T12:33:22Z
2026-07-19T12:32:12Z,2026-07-19T14:32:12+0200,f397dbef-7cdb-41f6-bba7-8b8b09f52e7d,2026-07-13T20:30:00Z,2026-07-13T22:30:00+0200,0.0,MW,FR,FR,forecast_solar_generation,Solar,2026-07-19T12:33:22Z
2026-07-19T12:32:12Z,2026-07-19T14:32:12+0200,f397dbef-7cdb-41f6-bba7-8b8b09f52e7d,2026-07-13T20:45:00Z,2026-07-13T22:45:00+0200,0.0,MW,FR,FR,forecast_solar_generation,Solar,2026-07-19T12:33:22Z
2026-07-19T12:32:12Z,2026-07-19T14:32:12+0200,f397dbef-7cdb-41f6-bba7-8b8b09f52e7d,2026-07-13T21:00:00Z,2026-07-13T23:00:00+0200,0.0,MW,FR,FR,forecast_solar_generation,Solar,2026-07-19T12:33:22Z
2026-07-19T12:32:12Z,2026-07-19T14:32:12+0200,f397dbef-7cdb-41f6-bba7-8b8b09f52e7d,2026-07-13T21:15:00Z,2026-07-13T23:15:00+0200,0.0,MW,FR,FR,forecast_solar_generation,Solar,2026-07-19T12:33:22Z
2026-07-19T12:32:12Z,2026-07-19T14:32:12+0200,f397dbef-7cdb-41f6-bba7-8b8b09f52e7d,2026-07-13T21:30:00Z,2026-07-13T23:30:00+0200,0.0,MW,FR,FR,forecast_solar_generation,Solar,2026-07-19T12:33:22Z
2026-07-19T12:32:12Z,2026-07-19T14:32:12+0200,f397dbef-7cdb-41f6-bba7-8b8b09f52e7d,2026-07-13T21:45:00Z,2026-07-13T23:45:00+0200,0.0,MW,FR,FR,forecast_solar_generation,Solar,2026-07-19T12:33:22Z
2026-07-19T12:32:12Z,2026-07-19T14:32:12+0200,f397dbef-7cdb-41f6-bba7-8b8b09f52e7d,2026-07-13T22:00:00Z,2026-07-14T00:00:00+0200,0.0,MW,FR,FR,forecast_solar_generation,Solar,2026-07-19T12:33:22Z
2026-07-19T12:32:12Z,2026-07-19T14:32:12+0200,f397dbef-7cdb-41f6-bba7-8b8b09f52e7d,2026-07-13T22:15:00Z,2026-07-14T00:15:00+0200,0.0,MW,FR,FR,forecast_solar_generation,Solar,2026-07-19T12:33:22Z
2026-07-19T12:32:12Z,2026-07-19T14:32:12+0200,f397dbef-7cdb-41f6-bba7-8b8b09f52e7d,2026-07-13T22:30:00Z,2026-07-14T00:30:00+0200,0.0,MW,FR,FR,forecast_solar_generation,Solar,2026-07-19T12:33:22Z
2026-07-19T12:32:12Z,2026-07-19T14:32:12+0200,f397dbef-7cdb-41f6-bba7-8b8b09f52e7d,2026-07-13T22:45:00Z,2026-07-14T00:45:00+0200,0.0,MW,FR,FR,forecast_solar_generation,Solar,2026-07-19T12:33:22Z
2026-07-19T12:32:12Z,2026-07-19T14:32:12+0200,f397dbef-7cdb-41f6-bba7-8b8b09f52e7d,2026-07-13T23:00:00Z,2026-07-14T01:00:00+0200,0.0,MW,FR,FR,forecast_solar_generation,Solar,2026-07-19T12:33:22Z
2026-07-19T12:32:12Z,2026-07-19T14:32:12+0200,f397dbef-7cdb-41f6-bba7-8b8b09f52e7d,2026-07-13T23:15:00Z,2026-07-14T01:15:00+0200,0.0,MW,FR,FR,forecast_solar_generation,Solar,2026-07-19T12:33:22Z
2026-07-19T12:32:12Z,2026-07-19T14:32:12+0200,f397dbef-7cdb-41f6-bba7-8b8b09f52e7d,2026-07-13T23:30:00Z,2026-07-14T01:30:00+0200,0.0,MW,FR,FR,forecast_solar_generation,Solar,2026-07-19T12:33:22Z
2026-07-19T12:32:12Z,2026-07-19T14:32:12+0200,f397dbef-7cdb-41f6-bba7-8b8b09f52e7d,2026-07-13T23:45:00Z,2026-07-14T01:45:00+0200,0.0,MW,FR,FR,forecast_solar_generation,Solar,2026-07-19T12:33:22Z
2026-07-19T12:32:12Z,2026-07-19T14:32:12+0200,f397dbef-7cdb-41f6-bba7-8b8b09f52e7d,2026-07-14T00:00:00Z,2026-07-14T02:00:00+0200,0.0,MW,FR,FR,forecast_solar_generation,Solar,2026-07-19T12:33:22Z
2026-07-19T12:32:12Z,2026-07-19T14:32:12+0200,f397dbef-7cdb-41f6-bba7-8b8b09f52e7d,2026-07-14T00:15:00Z,2026-07-14T02:15:00+0200,0.0,MW,FR,FR,forecast_solar_generation,Solar,2026-07-19T12:33:22Z
2026-07-19T12:32:12Z,2026-07-19T14:32:12+0200,f397dbef-7cdb-41f6-bba7-8b8b09f52e7d,2026-07-14T00:30:00Z,2026-07-14T02:30:00+0200,0.0,MW,FR,FR,forecast_solar_generation,Solar,2026-07-19T12:33:22Z
2026-07-19T12:32:12Z,2026-07-19T14:32:12+0200,f397dbef-7cdb-41f6-bba7-8b8b09f52e7d,2026-07-14T00:45:00Z,2026-07-14T02:45:00+0200,0.0,MW,FR,FR,forecast_solar_generation,Solar,2026-07-19T12:33:22Z
2026-07-19T12:32:12Z,2026-07-19T14:32:12+0200,f397dbef-7cdb-41f6-bba7-8b8b09f52e7d,2026-07-14T01:00:00Z,2026-07-14T03:00:00+0200,0.0,MW,FR,FR,forecast_solar_generation,Solar,2026-07-19T12:33:22Z
2026-07-19T12:32:12Z,2026-07-19T14:32:12+0200,f397dbef-7cdb-41f6-bba7-8b8b09f52e7d,2026-07-14T01:15:00Z,2026-07-14T03:15:00+0200,0.0,MW,FR,FR,forecast_solar_generation,Solar,2026-07-19T12:33:22Z
2026-07-19T12:32:12Z,2026-07-19T14:32:12+0200,f397dbef-7cdb-41f6-bba7-8b8b09f52e7d,2026-07-14T01:30:00Z,2026-07-14T03:30:00+0200,0.0,MW,FR,FR,forecast_solar_generation,Solar,2026-07-19T12:33:22Z
2026-07-19T12:32:12Z,2026-07-19T14:32:12+0200,f397dbef-7cdb-41f6-bba7-8b8b09f52e7d,2026-07-14T01:45:00Z,2026-07-14T03:45:00+0200,0.0,MW,FR,FR,forecast_solar_generation,Solar,2026-07-19T12:33:22Z
2026-07-19T12:32:12Z,2026-07-19T14:32:12+0200,f397dbef-7cdb-41f6-bba7-8b8b09f52e7d,2026-07-14T02:00:00Z,2026-07-14T04:00:00+0200,0.0,MW,FR,FR,forecast_solar_generation,Solar,2026-07-19T12:33:22Z
2026-07-19T12:32:12Z,2026-07-19T14:32:12+0200,f397dbef-7cdb-41f6-bba7-8b8b09f52e7d,2026-07-14T02:15:00Z,2026-07-14T04:15:00+0200,0.0,MW,FR,FR,forecast_solar_generation,Solar,2026-07-19T12:33:22Z
2026-07-19T12:32:12Z,2026-07-19T14:32:12+0200,f397dbef-7cdb-41f6-bba7-8b8b09f52e7d,2026-07-14T02:30:00Z,2026-07-14T04:30:00+0200,0.0,MW,FR,FR,forecast_solar_generation,Solar,2026-07-19T12:33:22Z
2026-07-19T12:32:12Z,2026-07-19T14:32:12+0200,f397dbef-7cdb-41f6-bba7-8b8b09f52e7d,2026-07-14T02:45:00Z,2026-07-14T04:45:00+0200,0.0,MW,FR,FR,forecast_solar_generation,Solar,2026-07-19T12:33:22Z
2026-07-19T12:32:12Z,2026-07-19T14:32:12+0200,f397dbef-7cdb-41f6-bba7-8b8b09f52e7d,2026-07-14T03:00:00Z,2026-07-14T05:00:00+0200,0.0,MW,FR,FR,forecast_solar_generation,Solar,2026-07-19T12:33:22Z
2026-07-19T12:32:12Z,2026-07-19T14:32:12+0200,f397dbef-7cdb-41f6-bba7-8b8b09f52e7d,2026-07-14T03:15:00Z,2026-07-14T05:15:00+0200,0.0,MW,FR,FR,forecast_solar_generation,Solar,2026-07-19T12:33:22Z
2026-07-19T12:32:12Z,2026-07-19T14:32:12+0200,f397dbef-7cdb-41f6-bba7-8b8b09f52e7d,2026-07-14T03:30:00Z,2026-07-14T05:30:00+0200,0.0,MW,FR,FR,forecast_solar_generation,Solar,2026-07-19T12:33:22Z
2026-07-19T12:32:12Z,2026-07-19T14:32:12+0200,f397dbef-7cdb-41f6-bba7-8b8b09f52e7d,2026-07-14T03:45:00Z,2026-07-14T05:45:00+0200,4.53789,MW,FR,FR,forecast_solar_generation,Solar,2026-07-19T12:33:22Z
2026-07-19T12:32:12Z,2026-07-19T14:32:12+0200,f397dbef-7cdb-41f6-bba7-8b8b09f52e7d,2026-07-14T04:00:00Z,2026-07-14T06:00:00+0200,30.85512,MW,FR,FR,forecast_solar_generation,Solar,2026-07-19T12:33:22Z
2026-07-19T12:32:12Z,2026-07-19T14:32:12+0200,f397dbef-7cdb-41f6-bba7-8b8b09f52e7d,2026-07-14T04:15:00Z,2026-07-14T06:15:00+0200,95.88086,MW,FR,FR,forecast_solar_generation,Solar,2026-07-19T12:33:22Z
2026-07-19T12:32:12Z,2026-07-19T14:32:12+0200,f397dbef-7cdb-41f6-bba7-8b8b09f52e7d,2026-07-14T04:30:00Z,2026-07-14T06:30:00+0200,185.37392,MW,FR,FR,forecast_solar_generation,Solar,2026-07-19T12:33:22Z
2026-07-19T12:32:12Z,2026-07-19T14:32:12+0200,f397dbef-7cdb-41f6-bba7-8b8b09f52e7d,2026-07-14T04:45:00Z,2026-07-14T06:45:00+0200,417.89655,MW,FR,FR,forecast_solar_generation,Solar,2026-07-19T12:33:22Z
2026-07-19T12:32:12Z,2026-07-19T14:32:12+0200,f397dbef-7cdb-41f6-bba7-8b8b09f52e7d,2026-07-14T05:00:00Z,2026-07-14T07:00:00+0200,766.5498,MW,FR,FR,forecast_solar_generation,Solar,2026-07-19T12:33:22Z
2026-07-19T12:32:12Z,2026-07-19T14:32:12+0200,f397dbef-7cdb-41f6-bba7-8b8b09f52e7d,2026-07-14T05:15:00Z,2026-07-14T07:15:00+0200,1170.14478,MW,FR,FR,forecast_solar_generation,Solar,2026-07-19T12:33:22Z
2026-07-19T12:32:12Z,2026-07-19T14:32:12+0200,f397dbef-7cdb-41f6-bba7-8b8b09f52e7d,2026-07-14T05:30:00Z,2026-07-14T07:30:00+0200,1618.31018,MW,FR,FR,forecast_solar_generation,Solar,2026-07-19T12:33:22Z
2026-07-19T12:32:12Z,2026-07-19T14:32:12+0200,f397dbef-7cdb-41f6-bba7-8b8b09f52e7d,2026-07-14T05:45:00Z,2026-07-14T07:45:00+0200,2347.80029,MW,FR,FR,forecast_solar_generation,Solar,2026-07-19T12:33:22Z
2026-07-19T12:32:12Z,2026-07-19T14:32:12+0200,f397dbef-7cdb-41f6-bba7-8b8b09f52e7d,2026-07-14T06:00:00Z,2026-07-14T08:00:00+0200,3188.21875,MW,FR,FR,forecast_solar_generation,Solar,2026-07-19T12:33:22Z
2026-07-19T12:32:12Z,2026-07-19T14:32:12+0200,f397dbef-7cdb-41f6-bba7-8b8b09f52e7d,2026-07-14T06:15:00Z,2026-07-14T08:15:00+0200,4152.0376,MW,FR,FR,forecast_solar_generation,Solar,2026-07-19T12:33:22Z
2026-07-19T12:32:12Z,2026-07-19T14:32:12+0200,f397dbef-7cdb-41f6-bba7-8b8b09f52e7d,2026-07-14T06:30:00Z,2026-07-14T08:30:00+0200,5070.43408,MW,FR,FR,forecast_solar_generation,Solar,2026-07-19T12:33:22Z
2026-07-19T12:32:12Z,2026-07-19T14:32:12+0200,f397dbef-7cdb-41f6-bba7-8b8b09f52e7d,2026-07-14T06:45:00Z,2026-07-14T08:45:00+0200,6355.43994,MW,FR,FR,forecast_solar_generation,Solar,2026-07-19T12:33:22Z
2026-07-19T12:32:12Z,2026-07-19T14:32:12+0200,f397dbef-7cdb-41f6-bba7-8b8b09f52e7d,2026-07-14T07:00:00Z,2026-07-14T09:00:00+0200,7449.78613,MW,FR,FR,forecast_solar_generation,Solar,2026-07-19T12:33:22Z
2026-07-19T12:32:12Z,2026-07-19T14:32:12+0200,f397dbef-7cdb-41f6-bba7-8b8b09f52e7d,2026-07-14T07:15:00Z,2026-07-14T09:15:00+0200,8737.92969,MW,FR,FR,forecast_solar_generation,Solar,2026-07-19T12:33:22Z
2026-07-19T12:32:12Z,2026-07-19T14:32:12+0200,f397dbef-7cdb-41f6-bba7-8b8b09f52e7d,2026-07-14T07:30:00Z,2026-07-14T09:30:00+0200,9843.80078,MW,FR,FR,forecast_solar_generation,Solar,2026-07-19T12:33:22Z
2026-07-19T12:32:12Z,2026-07-19T14:32:12+0200,f397dbef-7cdb-41f6-bba7-8b8b09f52e7d,2026-07-14T07:45:00Z,2026-07-14T09:45:00+0200,11022.94336,MW,FR,FR,forecast_solar_generation,Solar,2026-07-19T12:33:22Z
2026-07-19T12:32:12Z,2026-07-19T14:32:12+0200,f397dbef-7cdb-41f6-bba7-8b8b09f52e7d,2026-07-14T08:00:00Z,2026-07-14T10:00:00+0200,12090.29004,MW,FR,FR,forecast_solar_generation,Solar,2026-07-19T12:33:22Z
2026-07-19T12:32:12Z,2026-07-19T14:32:12+0200,f397dbef-7cdb-41f6-bba7-8b8b09f52e7d,2026-07-14T08:15:00Z,2026-07-14T10:15:00+0200,13326.74707,MW,FR,FR,forecast_solar_generation,Solar,2026-07-19T12:33:22Z
2026-07-19T12:32:12Z,2026-07-19T14:32:12+0200,f397dbef-7cdb-41f6-bba7-8b8b09f52e7d,2026-07-14T08:30:00Z,2026-07-14T10:30:00+0200,14321.19238,MW,FR,FR,forecast_solar_generation,Solar,2026-07-19T12:33:22Z
2026-07-19T12:32:12Z,2026-07-19T14:32:12+0200,f397dbef-7cdb-41f6-bba7-8b8b09f52e7d,2026-07-14T08:45:00Z,2026-07-14T10:45:00+0200,15236.97461,MW,FR,FR,forecast_solar_generation,Solar,2026-07-19T12:33:22Z
2026-07-19T12:32:12Z,2026-07-19T14:32:12+0200,f397dbef-7cdb-41f6-bba7-8b8b09f52e7d,2026-07-14T09:00:00Z,2026-07-14T11:00:00+0200,16052.00684,MW,FR,FR,forecast_solar_generation,Solar,2026-07-19T12:33:22Z
2026-07-19T12:32:12Z,2026-07-19T14:32:12+0200,f397dbef-7cdb-41f6-bba7-8b8b09f52e7d,2026-07-14T09:15:00Z,2026-07-14T11:15:00+0200,16800.77734,MW,FR,FR,forecast_solar_generation,Solar,2026-07-19T12:33:22Z
2026-07-19T12:32:12Z,2026-07-19T14:32:12+0200,f397dbef-7cdb-41f6-bba7-8b8b09f52e7d,2026-07-14T09:30:00Z,2026-07-14T11:30:00+0200,17482.94727,MW,FR,FR,forecast_solar_generation,Solar,2026-07-19T12:33:22Z
2026-07-19T12:32:12Z,2026-07-19T14:32:12+0200,f397dbef-7cdb-41f6-bba7-8b8b09f52e7d,2026-07-14T09:45:00Z,2026-07-14T11:45:00+0200,18006.24023,MW,FR,FR,forecast_solar_generation,Solar,2026-07-19T12:33:22Z
2026-07-19T12:32:12Z,2026-07-19T14:32:12+0200,f397dbef-7cdb-41f6-bba7-8b8b09f52e7d,2026-07-14T10:00:00Z,2026-07-14T12:00:00+0200,18587.94922,MW,FR,FR,forecast_solar_generation,Solar,2026-07-19T12:33:22Z
2026-07-19T12:32:12Z,2026-07-19T14:32:12+0200,f397dbef-7cdb-41f6-bba7-8b8b09f52e7d,2026-07-14T10:15:00Z,2026-07-14T12:15:00+0200,19039.32422,MW,FR,FR,forecast_solar_generation,Solar,2026-07-19T12:33:22Z
2026-07-19T12:32:12Z,2026-07-19T14:32:12+0200,f397dbef-7cdb-41f6-bba7-8b8b09f52e7d,2026-07-14T10:30:00Z,2026-07-14T12:30:00+0200,19451.10352,MW,FR,FR,forecast_solar_generation,Solar,2026-07-19T12:33:22Z
2026-07-19T12:32:12Z,2026-07-19T14:32:12+0200,f397dbef-7cdb-41f6-bba7-8b8b09f52e7d,2026-07-14T10:45:00Z,2026-07-14T12:45:00+0200,19617.19727,MW,FR,FR,forecast_solar_generation,Solar,2026-07-19T12:33:22Z
2026-07-19T12:32:12Z,2026-07-19T14:32:12+0200,f397dbef-7cdb-41f6-bba7-8b8b09f52e7d,2026-07-14T11:00:00Z,2026-07-14T13:00:00+0200,19820.56836,MW,FR,FR,forecast_solar_generation,Solar,2026-07-19T12:33:22Z
2026-07-19T12:32:12Z,2026-07-19T14:32:12+0200,f397dbef-7cdb-41f6-bba7-8b8b09f52e7d,2026-07-14T11:15:00Z,2026-07-14T13:15:00+0200,19924.22852,MW,FR,FR,forecast_solar_generation,Solar,2026-07-19T12:33:22Z
2026-07-19T12:32:12Z,2026-07-19T14:32:12+0200,f397dbef-7cdb-41f6-bba7-8b8b09f52e7d,2026-07-14T11:30:00Z,2026-07-14T13:30:00+0200,20037.19531,MW,FR,FR,forecast_solar_generation,Solar,2026-07-19T12:33:22Z
2026-07-19T12:32:12Z,2026-07-19T14:32:12+0200,f397dbef-7cdb-41f6-bba7-8b8b09f52e7d,2026-07-14T11:45:00Z,2026-07-14T13:45:00+0200,20028.40039,MW,FR,FR,forecast_solar_generation,Solar,2026-07-19T12:33:22Z
2026-07-19T12:32:12Z,2026-07-19T14:32:12+0200,f397dbef-7cdb-41f6-bba7-8b8b09f52e7d,2026-07-14T12:00:00Z,2026-07-14T14:00:00+0200,19979.29102,MW,FR,FR,forecast_solar_generation,Solar,2026-07-19T12:33:22Z
2026-07-19T12:32:12Z,2026-07-19T14:32:12+0200,f397dbef-7cdb-41f6-bba7-8b8b09f52e7d,2026-07-14T12:15:00Z,2026-07-14T14:15:00+0200,19874.80664,MW,FR,FR,forecast_solar_generation,Solar,2026-07-19T12:33:22Z
2026-07-19T12:32:12Z,2026-07-19T14:32:12+0200,f397dbef-7cdb-41f6-bba7-8b8b09f52e7d,2026-07-14T12:30:00Z,2026-07-14T14:30:00+0200,19740.71289,MW,FR,FR,forecast_solar_generation,Solar,2026-07-19T12:33:22Z
2026-07-19T12:32:12Z,2026-07-19T14:32:12+0200,f397dbef-7cdb-41f6-bba7-8b8b09f52e7d,2026-07-14T12:45:00Z,2026-07-14T14:45:00+0200,19503.69922,MW,FR,FR,forecast_solar_generation,Solar,2026-07-19T12:33:22Z
2026-07-19T12:32:12Z,2026-07-19T14:32:12+0200,f397dbef-7cdb-41f6-bba7-8b8b09f52e7d,2026-07-14T13:00:00Z,2026-07-14T15:00:00+0200,19286.47852,MW,FR,FR,forecast_solar_generation,Solar,2026-07-19T12:33:22Z
2026-07-19T12:32:12Z,2026-07-19T14:32:12+0200,f397dbef-7cdb-41f6-bba7-8b8b09f52e7d,2026-07-14T13:15:00Z,2026-07-14T15:15:00+0200,18970.17773,MW,FR,FR,forecast_solar_generation,Solar,2026-07-19T12:33:22Z
2026-07-19T12:32:12Z,2026-07-19T14:32:12+0200,f397dbef-7cdb-41f6-bba7-8b8b09f52e7d,2026-07-14T13:30:00Z,2026-07-14T15:30:00+0200,18675.67969,MW,FR,FR,forecast_solar_generation,Solar,2026-07-19T12:33:22Z
2026-07-19T12:32:12Z,2026-07-19T14:32:12+0200,f397dbef-7cdb-41f6-bba7-8b8b09f52e7d,2026-07-14T13:45:00Z,2026-07-14T15:45:00+0200,18133.27734,MW,FR,FR,forecast_solar_generation,Solar,2026-07-19T12:33:22Z
2026-07-19T12:32:12Z,2026-07-19T14:32:12+0200,f397dbef-7cdb-41f6-bba7-8b8b09f52e7d,2026-07-14T14:00:00Z,2026-07-14T16:00:00+0200,17602.47656,MW,FR,FR,forecast_solar_generation,Solar,2026-07-19T12:33:22Z
2026-07-19T12:32:12Z,2026-07-19T14:32:12+0200,f397dbef-7cdb-41f6-bba7-8b8b09f52e7d,2026-07-14T14:15:00Z,2026-07-14T16:15:00+0200,17000.08398,MW,FR,FR,forecast_solar_generation,Solar,2026-07-19T12:33:22Z
2026-07-19T12:32:12Z,2026-07-19T14:32:12+0200,f397dbef-7cdb-41f6-bba7-8b8b09f52e7d,2026-07-14T14:30:00Z,2026-07-14T16:30:00+0200,16392.65625,MW,FR,FR,forecast_solar_generation,Solar,2026-07-19T12:33:22Z
2026-07-19T12:32:12Z,2026-07-19T14:32:12+0200,f397dbef-7cdb-41f6-bba7-8b8b09f52e7d,2026-07-14T14:45:00Z,2026-07-14T16:45:00+0200,15683.21387,MW,FR,FR,forecast_solar_generation,Solar,2026-07-19T12:33:22Z
2026-07-19T12:32:12Z,2026-07-19T14:32:12+0200,f397dbef-7cdb-41f6-bba7-8b8b09f52e7d,2026-07-14T15:00:00Z,2026-07-14T17:00:00+0200,14976.21582,MW,FR,FR,forecast_solar_generation,Solar,2026-07-19T12:33:22Z
2026-07-19T12:32:12Z,2026-07-19T14:32:12+0200,f397dbef-7cdb-41f6-bba7-8b8b09f52e7d,2026-07-14T15:15:00Z,2026-07-14T17:15:00+0200,14156.375,MW,FR,FR,forecast_solar_generation,Solar,2026-07-19T12:33:22Z
2026-07-19T12:32:12Z,2026-07-19T14:32:12+0200,f397dbef-7cdb-41f6-bba7-8b8b09f52e7d,2026-07-14T15:30:00Z,2026-07-14T17:30:00+0200,13311.20215,MW,FR,FR,forecast_solar_generation,Solar,2026-07-19T12:33:22Z
2026-07-19T12:32:12Z,2026-07-19T14:32:12+0200,f397dbef-7cdb-41f6-bba7-8b8b09f52e7d,2026-07-14T15:45:00Z,2026-07-14T17:45:00+0200,12482.24219,MW,FR,FR,forecast_solar_generation,Solar,2026-07-19T12:33:22Z
2026-07-19T12:32:12Z,2026-07-19T14:32:12+0200,f397dbef-7cdb-41f6-bba7-8b8b09f52e7d,2026-07-14T16:00:00Z,2026-07-14T18:00:00+0200,11562.96484,MW,FR,FR,forecast_solar_generation,Solar,2026-07-19T12:33:22Z
2026-07-19T12:32:12Z,2026-07-19T14:32:12+0200,f397dbef-7cdb-41f6-bba7-8b8b09f52e7d,2026-07-14T16:15:00Z,2026-07-14T18:15:00+0200,10575.95508,MW,FR,FR,forecast_solar_generation,Solar,2026-07-19T12:33:22Z
2026-07-19T12:32:12Z,2026-07-19T14:32:12+0200,f397dbef-7cdb-41f6-bba7-8b8b09f52e7d,2026-07-14T16:30:00Z,2026-07-14T18:30:00+0200,9560.00684,MW,FR,FR,forecast_solar_generation,Solar,2026-07-19T12:33:22Z
2026-07-19T12:32:12Z,2026-07-19T14:32:12+0200,f397dbef-7cdb-41f6-bba7-8b8b09f52e7d,2026-07-14T16:45:00Z,2026-07-14T18:45:00+0200,8606.16406,MW,FR,FR,forecast_solar_generation,Solar,2026-07-19T12:33:22Z
2026-07-19T12:32:12Z,2026-07-19T14:32:12+0200,f397dbef-7cdb-41f6-bba7-8b8b09f52e7d,2026-07-14T17:00:00Z,2026-07-14T19:00:00+0200,7434.30225,MW,FR,FR,forecast_solar_generation,Solar,2026-07-19T12:33:22Z
2026-07-19T12:32:12Z,2026-07-19T14:32:12+0200,f397dbef-7cdb-41f6-bba7-8b8b09f52e7d,2026-07-14T17:15:00Z,2026-07-14T19:15:00+0200,6417.39307,MW,FR,FR,forecast_solar_generation,Solar,2026-07-19T12:33:22Z
2026-07-19T12:32:12Z,2026-07-19T14:32:12+0200,f397dbef-7cdb-41f6-bba7-8b8b09f52e7d,2026-07-14T17:30:00Z,2026-07-14T19:30:00+0200,5231.78564,MW,FR,FR,forecast_solar_generation,Solar,2026-07-19T12:33:22Z
2026-07-19T12:32:12Z,2026-07-19T14:32:12+0200,f397dbef-7cdb-41f6-bba7-8b8b09f52e7d,2026-07-14T17:45:00Z,2026-07-14T19:45:00+0200,4355.09229,MW,FR,FR,forecast_solar_generation,Solar,2026-07-19T12:33:22Z
2026-07-19T12:32:12Z,2026-07-19T14:32:12+0200,f397dbef-7cdb-41f6-bba7-8b8b09f52e7d,2026-07-14T18:00:00Z,2026-07-14T20:00:00+0200,3306.55249,MW,FR,FR,forecast_solar_generation,Solar,2026-07-19T12:33:22Z
2026-07-19T12:32:12Z,2026-07-19T14:32:12+0200,f397dbef-7cdb-41f6-bba7-8b8b09f52e7d,2026-07-14T18:15:00Z,2026-07-14T20:15:00+0200,2491.8584,MW,FR,FR,forecast_solar_generation,Solar,2026-07-19T12:33:22Z
2026-07-19T12:32:12Z,2026-07-19T14:32:12+0200,f397dbef-7cdb-41f6-bba7-8b8b09f52e7d,2026-07-14T18:30:00Z,2026-07-14T20:30:00+0200,1783.72168,MW,FR,FR,forecast_solar_generation,Solar,2026-07-19T12:33:22Z
2026-07-19T12:32:12Z,2026-07-19T14:32:12+0200,f397dbef-7cdb-41f6-bba7-8b8b09f52e7d,2026-07-14T18:45:00Z,2026-07-14T20:45:00+0200,1304.33655,MW,FR,FR,forecast_solar_generation,Solar,2026-07-19T12:33:22Z
2026-07-19T12:32:12Z,2026-07-19T14:32:12+0200,f397dbef-7cdb-41f6-bba7-8b8b09f52e7d,2026-07-14T19:00:00Z,2026-07-14T21:00:00+0200,888.34833,MW,FR,FR,forecast_solar_generation,Solar,2026-07-19T12:33:22Z
2026-07-19T12:32:12Z,2026-07-19T14:32:12+0200,f397dbef-7cdb-41f6-bba7-8b8b09f52e7d,2026-07-14T19:15:00Z,2026-07-14T21:15:00+0200,481.99777,MW,FR,FR,forecast_solar_generation,Solar,2026-07-19T12:33:22Z
2026-07-19T12:32:12Z,2026-07-19T14:32:12+0200,f397dbef-7cdb-41f6-bba7-8b8b09f52e7d,2026-07-14T19:30:00Z,2026-07-14T21:30:00+0200,158.09824,MW,FR,FR,forecast_solar_generation,Solar,2026-07-19T12:33:22Z
2026-07-19T12:32:12Z,2026-07-19T14:32:12+0200,f397dbef-7cdb-41f6-bba7-8b8b09f52e7d,2026-07-14T19:45:00Z,2026-07-14T21:45:00+0200,29.47408,MW,FR,FR,forecast_solar_generation,Solar,2026-07-19T12:33:22Z
2026-07-19T12:32:12Z,2026-07-19T14:32:12+0200,f397dbef-7cdb-41f6-bba7-8b8b09f52e7d,2026-07-14T20:00:00Z,2026-07-14T22:00:00+0200,1.98741,MW,FR,FR,forecast_solar_generation,Solar,2026-07-19T12:33:22Z
2026-07-19T12:32:12Z,2026-07-19T14:32:12+0200,f397dbef-7cdb-41f6-bba7-8b8b09f52e7d,2026-07-14T20:15:00Z,2026-07-14T22:15:00+0200,0.0,MW,FR,FR,forecast_solar_generation,Solar,2026-07-19T12:33:22Z
2026-07-19T12:32:12Z,2026-07-19T14:32:12+0200,f397dbef-7cdb-41f6-bba7-8b8b09f52e7d,2026-07-14T20:30:00Z,2026-07-14T22:30:00+0200,0.0,MW,FR,FR,forecast_solar_generation,Solar,2026-07-19T12:33:22Z
2026-07-19T12:32:12Z,2026-07-19T14:32:12+0200,f397dbef-7cdb-41f6-bba7-8b8b09f52e7d,2026-07-14T20:45:00Z,2026-07-14T22:45:00+0200,0.0,MW,FR,FR,forecast_solar_generation,Solar,2026-07-19T12:33:22Z
2026-07-19T12:32:12Z,2026-07-19T14:32:12+0200,f397dbef-7cdb-41f6-bba7-8b8b09f52e7d,2026-07-14T21:00:00Z,2026-07-14T23:00:00+0200,0.0,MW,FR,FR,forecast_solar_generation,Solar,2026-07-19T12:33:22Z
2026-07-19T12:32:12Z,2026-07-19T14:32:12+0200,f397dbef-7cdb-41f6-bba7-8b8b09f52e7d,2026-07-14T21:15:00Z,2026-07-14T23:15:00+0200,0.0,MW,FR,FR,forecast_solar_generation,Solar,2026-07-19T12:33:22Z
2026-07-19T12:32:12Z,2026-07-19T14:32:12+0200,f397dbef-7cdb-41f6-bba7-8b8b09f52e7d,2026-07-14T21:30:00Z,2026-07-14T23:30:00+0200,0.0,MW,FR,FR,forecast_solar_generation,Solar,2026-07-19T12:33:22Z
2026-07-19T12:32:12Z,2026-07-19T14:32:12+0200,f397dbef-7cdb-41f6-bba7-8b8b09f52e7d,2026-07-14T21:45:00Z,2026-07-14T23:45:00+0200,0.0,MW,FR,FR,forecast_solar_generation,Solar,2026-07-19T12:33:22Z
2026-07-19T12:32:12Z,2026-07-19T14:32:12+0200,f397dbef-7cdb-41f6-bba7-8b8b09f52e7d,2026-07-14T22:00:00Z,2026-07-15T00:00:00+0200,0.0,MW,FR,FR,forecast_solar_generation,Solar,2026-07-19T12:33:22Z
2026-07-19T12:32:12Z,2026-07-19T14:32:12+0200,f397dbef-7cdb-41f6-bba7-8b8b09f52e7d,2026-07-14T22:15:00Z,2026-07-15T00:15:00+0200,0.0,MW,FR,FR,forecast_solar_generation,Solar,2026-07-19T12:33:22Z
2026-07-19T12:32:12Z,2026-07-19T14:32:12+0200,f397dbef-7cdb-41f6-bba7-8b8b09f52e7d,2026-07-14T22:30:00Z,2026-07-15T00:30:00+0200,0.0,MW,FR,FR,forecast_solar_generation,Solar,2026-07-19T12:33:22Z
2026-07-19T12:32:12Z,2026-07-19T14:32:12+0200,f397dbef-7cdb-41f6-bba7-8b8b09f52e7d,2026-07-14T22:45:00Z,2026-07-15T00:45:00+0200,0.0,MW,FR,FR,forecast_solar_generation,Solar,2026-07-19T12:33:22Z
2026-07-19T12:32:12Z,2026-07-19T14:32:12+0200,f397dbef-7cdb-41f6-bba7-8b8b09f52e7d,2026-07-14T23:00:00Z,2026-07-15T01:00:00+0200,0.0,MW,FR,FR,forecast_solar_generation,Solar,2026-07-19T12:33:22Z
2026-07-19T12:32:12Z,2026-07-19T14:32:12+0200,f397dbef-7cdb-41f6-bba7-8b8b09f52e7d,2026-07-14T23:15:00Z,2026-07-15T01:15:00+0200,0.0,MW,FR,FR,forecast_solar_generation,Solar,2026-07-19T12:33:22Z
2026-07-19T12:32:12Z,2026-07-19T14:32:12+0200,f397dbef-7cdb-41f6-bba7-8b8b09f52e7d,2026-07-14T23:30:00Z,2026-07-15T01:30:00+0200,0.0,MW,FR,FR,forecast_solar_generation,Solar,2026-07-19T12:33:22Z
2026-07-19T12:32:12Z,2026-07-19T14:32:12+0200,f397dbef-7cdb-41f6-bba7-8b8b09f52e7d,2026-07-14T23:45:00Z,2026-07-15T01:45:00+0200,0.0,MW,FR,FR,forecast_solar_generation,Solar,2026-07-19T12:33:22Z
2026-07-19T12:32:12Z,2026-07-19T14:32:12+0200,f397dbef-7cdb-41f6-bba7-8b8b09f52e7d,2026-07-15T00:00:00Z,2026-07-15T02:00:00+0200,0.0,MW,FR,FR,forecast_solar_generation,Solar,2026-07-19T12:33:22Z
2026-07-19T12:32:12Z,2026-07-19T14:32:12+0200,f397dbef-7cdb-41f6-bba7-8b8b09f52e7d,2026-07-15T00:15:00Z,2026-07-15T02:15:00+0200,0.0,MW,FR,FR,forecast_solar_generation,Solar,2026-07-19T12:33:22Z
2026-07-19T12:32:12Z,2026-07-19T14:32:12+0200,f397dbef-7cdb-41f6-bba7-8b8b09f52e7d,2026-07-15T00:30:00Z,2026-07-15T02:30:00+0200,0.0,MW,FR,FR,forecast_solar_generation,Solar,2026-07-19T12:33:22Z
2026-07-19T12:32:12Z,2026-07-19T14:32:12+0200,f397dbef-7cdb-41f6-bba7-8b8b09f52e7d,2026-07-15T00:45:00Z,2026-07-15T02:45:00+0200,0.0,MW,FR,FR,forecast_solar_generation,Solar,2026-07-19T12:33:22Z
2026-07-19T12:32:12Z,2026-07-19T14:32:12+0200,f397dbef-7cdb-41f6-bba7-8b8b09f52e7d,2026-07-15T01:00:00Z,2026-07-15T03:00:00+0200,0.0,MW,FR,FR,forecast_solar_generation,Solar,2026-07-19T12:33:22Z
2026-07-19T12:32:12Z,2026-07-19T14:32:12+0200,f397dbef-7cdb-41f6-bba7-8b8b09f52e7d,2026-07-15T01:15:00Z,2026-07-15T03:15:00+0200,0.0,MW,FR,FR,forecast_solar_generation,Solar,2026-07-19T12:33:22Z
2026-07-19T12:32:12Z,2026-07-19T14:32:12+0200,f397dbef-7cdb-41f6-bba7-8b8b09f52e7d,2026-07-15T01:30:00Z,2026-07-15T03:30:00+0200,0.0,MW,FR,FR,forecast_solar_generation,Solar,2026-07-19T12:33:22Z
2026-07-19T12:32:12Z,2026-07-19T14:32:12+0200,f397dbef-7cdb-41f6-bba7-8b8b09f52e7d,2026-07-15T01:45:00Z,2026-07-15T03:45:00+0200,0.0,MW,FR,FR,forecast_solar_generation,Solar,2026-07-19T12:33:22Z
2026-07-19T12:32:12Z,2026-07-19T14:32:12+0200,f397dbef-7cdb-41f6-bba7-8b8b09f52e7d,2026-07-15T02:00:00Z,2026-07-15T04:00:00+0200,0.0,MW,FR,FR,forecast_solar_generation,Solar,2026-07-19T12:33:22Z
2026-07-19T12:32:12Z,2026-07-19T14:32:12+0200,f397dbef-7cdb-41f6-bba7-8b8b09f52e7d,2026-07-15T02:15:00Z,2026-07-15T04:15:00+0200,0.0,MW,FR,FR,forecast_solar_generation,Solar,2026-07-19T12:33:22Z
2026-07-19T12:32:12Z,2026-07-19T14:32:12+0200,f397dbef-7cdb-41f6-bba7-8b8b09f52e7d,2026-07-15T02:30:00Z,2026-07-15T04:30:00+0200,0.0,MW,FR,FR,forecast_solar_generation,Solar,2026-07-19T12:33:22Z
2026-07-19T12:32:12Z,2026-07-19T14:32:12+0200,f397dbef-7cdb-41f6-bba7-8b8b09f52e7d,2026-07-15T02:45:00Z,2026-07-15T04:45:00+0200,0.0,MW,FR,FR,forecast_solar_generation,Solar,2026-07-19T12:33:22Z
2026-07-19T12:32:12Z,2026-07-19T14:32:12+0200,f397dbef-7cdb-41f6-bba7-8b8b09f52e7d,2026-07-15T03:00:00Z,2026-07-15T05:00:00+0200,0.0,MW,FR,FR,forecast_solar_generation,Solar,2026-07-19T12:33:22Z
2026-07-19T12:32:12Z,2026-07-19T14:32:12+0200,f397dbef-7cdb-41f6-bba7-8b8b09f52e7d,2026-07-15T03:15:00Z,2026-07-15T05:15:00+0200,0.0,MW,FR,FR,forecast_solar_generation,Solar,2026-07-19T12:33:22Z
2026-07-19T12:32:12Z,2026-07-19T14:32:12+0200,f397dbef-7cdb-41f6-bba7-8b8b09f52e7d,2026-07-15T03:30:00Z,2026-07-15T05:30:00+0200,0.0,MW,FR,FR,forecast_solar_generation,Solar,2026-07-19T12:33:22Z
2026-07-19T12:32:12Z,2026-07-19T14:32:12+0200,f397dbef-7cdb-41f6-bba7-8b8b09f52e7d,2026-07-15T03:45:00Z,2026-07-15T05:45:00+0200,3.37428,MW,FR,FR,forecast_solar_generation,Solar,2026-07-19T12:33:22Z
2026-07-19T12:32:12Z,2026-07-19T14:32:12+0200,f397dbef-7cdb-41f6-bba7-8b8b09f52e7d,2026-07-15T04:00:00Z,2026-07-15T06:00:00+0200,27.52663,MW,FR,FR,forecast_solar_generation,Solar,2026-07-19T12:33:22Z
2026-07-19T12:32:12Z,2026-07-19T14:32:12+0200,f397dbef-7cdb-41f6-bba7-8b8b09f52e7d,2026-07-15T04:15:00Z,2026-07-15T06:15:00+0200,90.94422,MW,FR,FR,forecast_solar_generation,Solar,2026-07-19T12:33:22Z
2026-07-19T12:32:12Z,2026-07-19T14:32:12+0200,f397dbef-7cdb-41f6-bba7-8b8b09f52e7d,2026-07-15T04:30:00Z,2026-07-15T06:30:00+0200,179.75073,MW,FR,FR,forecast_solar_generation,Solar,2026-07-19T12:33:22Z
2026-07-19T12:32:12Z,2026-07-19T14:32:12+0200,f397dbef-7cdb-41f6-bba7-8b8b09f52e7d,2026-07-15T04:45:00Z,2026-07-15T06:45:00+0200,377.29108,MW,FR,FR,forecast_solar_generation,Solar,2026-07-19T12:33:22Z
2026-07-19T12:32:12Z,2026-07-19T14:32:12+0200,f397dbef-7cdb-41f6-bba7-8b8b09f52e7d,2026-07-15T05:00:00Z,2026-07-15T07:00:00+0200,680.58856,MW,FR,FR,forecast_solar_generation,Solar,2026-07-19T12:33:22Z
2026-07-19T12:32:12Z,2026-07-19T14:32:12+0200,f397dbef-7cdb-41f6-bba7-8b8b09f52e7d,2026-07-15T05:15:00Z,2026-07-15T07:15:00+0200,1039.98865,MW,FR,FR,forecast_solar_generation,Solar,2026-07-19T12:33:22Z
2026-07-19T12:32:12Z,2026-07-19T14:32:12+0200,f397dbef-7cdb-41f6-bba7-8b8b09f52e7d,2026-07-15T05:30:00Z,2026-07-15T07:30:00+0200,1465.16895,MW,FR,FR,forecast_solar_generation,Solar,2026-07-19T12:33:22Z
2026-07-19T12:32:12Z,2026-07-19T14:32:12+0200,f397dbef-7cdb-41f6-bba7-8b8b09f52e7d,2026-07-15T05:45:00Z,2026-07-15T07:45:00+0200,2115.40674,MW,FR,FR,forecast_solar_generation,Solar,2026-07-19T12:33:22Z
2026-07-19T12:32:12Z,2026-07-19T14:32:12+0200,f397dbef-7cdb-41f6-bba7-8b8b09f52e7d,2026-07-15T06:00:00Z,2026-07-15T08:00:00+0200,2835.20703,MW,FR,FR,forecast_solar_generation,Solar,2026-07-19T12:33:22Z
2026-07-19T12:32:12Z,2026-07-19T14:32:12+0200,f397dbef-7cdb-41f6-bba7-8b8b09f52e7d,2026-07-15T06:15:00Z,2026-07-15T08:15:00+0200,3694.92993,MW,FR,FR,forecast_solar_generation,Solar,2026-07-19T12:33:22Z
2026-07-19T12:32:12Z,2026-07-19T14:32:12+0200,f397dbef-7cdb-41f6-bba7-8b8b09f52e7d,2026-07-15T06:30:00Z,2026-07-15T08:30:00+0200,4497.07471,MW,FR,FR,forecast_solar_generation,Solar,2026-07-19T12:33:22Z
2026-07-19T12:32:12Z,2026-07-19T14:32:12+0200,f397dbef-7cdb-41f6-bba7-8b8b09f52e7d,2026-07-15T06:45:00Z,2026-07-15T08:45:00+0200,5496.54004,MW,FR,FR,forecast_solar_generation,Solar,2026-07-19T12:33:22Z
2026-07-19T12:32:12Z,2026-07-19T14:32:12+0200,f397dbef-7cdb-41f6-bba7-8b8b09f52e7d,2026-07-15T07:00:00Z,2026-07-15T09:00:00+0200,6309.13525,MW,FR,FR,forecast_solar_generation,Solar,2026-07-19T12:33:22Z
2026-07-19T12:32:12Z,2026-07-19T14:32:12+0200,f397dbef-7cdb-41f6-bba7-8b8b09f52e7d,2026-07-15T07:15:00Z,2026-07-15T09:15:00+0200,7358.41357,MW,FR,FR,forecast_solar_generation,Solar,2026-07-19T12:33:22Z
2026-07-19T12:32:12Z,2026-07-19T14:32:12+0200,f397dbef-7cdb-41f6-bba7-8b8b09f52e7d,2026-07-15T07:30:00Z,2026-07-15T09:30:00+0200,8196.58398,MW,FR,FR,forecast_solar_generation,Solar,2026-07-19T12:33:22Z
2026-07-19T12:32:12Z,2026-07-19T14:32:12+0200,f397dbef-7cdb-41f6-bba7-8b8b09f52e7d,2026-07-15T07:45:00Z,2026-07-15T09:45:00+0200,9137.24902,MW,FR,FR,forecast_solar_generation,Solar,2026-07-19T12:33:22Z
2026-07-19T12:32:12Z,2026-07-19T14:32:12+0200,f397dbef-7cdb-41f6-bba7-8b8b09f52e7d,2026-07-15T08:00:00Z,2026-07-15T10:00:00+0200,10019.9375,MW,FR,FR,forecast_solar_generation,Solar,2026-07-19T12:33:22Z
2026-07-19T12:32:12Z,2026-07-19T14:32:12+0200,f397dbef-7cdb-41f6-bba7-8b8b09f52e7d,2026-07-15T08:15:00Z,2026-07-15T10:15:00+0200,11132.11621,MW,FR,FR,forecast_solar_generation,Solar,2026-07-19T12:33:22Z
2026-07-19T12:32:12Z,2026-07-19T14:32:12+0200,f397dbef-7cdb-41f6-bba7-8b8b09f52e7d,2026-07-15T08:30:00Z,2026-07-15T10:30:00+0200,12006.28516,MW,FR,FR,forecast_solar_generation,Solar,2026-07-19T12:33:22Z
2026-07-19T12:32:12Z,2026-07-19T14:32:12+0200,f397dbef-7cdb-41f6-bba7-8b8b09f52e7d,2026-07-15T08:45:00Z,2026-07-15T10:45:00+0200,12805.53223,MW,FR,FR,forecast_solar_generation,Solar,2026-07-19T12:33:22Z
2026-07-19T12:32:12Z,2026-07-19T14:32:12+0200,f397dbef-7cdb-41f6-bba7-8b8b09f52e7d,2026-07-15T09:00:00Z,2026-07-15T11:00:00+0200,13518.24219,MW,FR,FR,forecast_solar_generation,Solar,2026-07-19T12:33:22Z
2026-07-19T12:32:12Z,2026-07-19T14:32:12+0200,f397dbef-7cdb-41f6-bba7-8b8b09f52e7d,2026-07-15T09:15:00Z,2026-07-15T11:15:00+0200,14321.44434,MW,FR,FR,forecast_solar_generation,Solar,2026-07-19T12:33:22Z
2026-07-19T12:32:12Z,2026-07-19T14:32:12+0200,f397dbef-7cdb-41f6-bba7-8b8b09f52e7d,2026-07-15T09:30:00Z,2026-07-15T11:30:00+0200,15003.50098,MW,FR,FR,forecast_solar_generation,Solar,2026-07-19T12:33:22Z
2026-07-19T12:32:12Z,2026-07-19T14:32:12+0200,f397dbef-7cdb-41f6-bba7-8b8b09f52e7d,2026-07-15T09:45:00Z,2026-07-15T11:45:00+0200,15592.05762,MW,FR,FR,forecast_solar_generation,Solar,2026-07-19T12:33:22Z
2026-07-19T12:32:12Z,2026-07-19T14:32:12+0200,f397dbef-7cdb-41f6-bba7-8b8b09f52e7d,2026-07-15T10:00:00Z,2026-07-15T12:00:00+0200,16244.19238,MW,FR,FR,forecast_solar_generation,Solar,2026-07-19T12:33:22Z
2026-07-19T12:32:12Z,2026-07-19T14:32:12+0200,f397dbef-7cdb-41f6-bba7-8b8b09f52e7d,2026-07-15T10:15:00Z,2026-07-15T12:15:00+0200,16816.54102,MW,FR,FR,forecast_solar_generation,Solar,2026-07-19T12:33:22Z
2026-07-19T12:32:12Z,2026-07-19T14:32:12+0200,f397dbef-7cdb-41f6-bba7-8b8b09f52e7d,2026-07-15T10:30:00Z,2026-07-15T12:30:00+0200,17333.92773,MW,FR,FR,forecast_solar_generation,Solar,2026-07-19T12:33:22Z
2026-07-19T12:32:12Z,2026-07-19T14:32:12+0200,f397dbef-7cdb-41f6-bba7-8b8b09f52e7d,2026-07-15T10:45:00Z,2026-07-15T12:45:00+0200,17620.85938,MW,FR,FR,forecast_solar_generation,Solar,2026-07-19T12:33:22Z
2026-07-19T12:32:12Z,2026-07-19T14:32:12+0200,f397dbef-7cdb-41f6-bba7-8b8b09f52e7d,2026-07-15T11:00:00Z,2026-07-15T13:00:00+0200,18022.16406,MW,FR,FR,forecast_solar_generation,Solar,2026-07-19T12:33:22Z
2026-07-19T12:32:12Z,2026-07-19T14:32:12+0200,f397dbef-7cdb-41f6-bba7-8b8b09f52e7d,2026-07-15T11:15:00Z,2026-07-15T13:15:00+0200,18345.47266,MW,FR,FR,forecast_solar_generation,Solar,2026-07-19T12:33:22Z
2026-07-19T12:32:12Z,2026-07-19T14:32:12+0200,f397dbef-7cdb-41f6-bba7-8b8b09f52e7d,2026-07-15T11:30:00Z,2026-07-15T13:30:00+0200,18638.78125,MW,FR,FR,forecast_solar_generation,Solar,2026-07-19T12:33:22Z
2026-07-19T12:32:12Z,2026-07-19T14:32:12+0200,f397dbef-7cdb-41f6-bba7-8b8b09f52e7d,2026-07-15T11:45:00Z,2026-07-15T13:45:00+0200,18657.38672,MW,FR,FR,forecast_solar_generation,Solar,2026-07-19T12:33:22Z
2026-07-19T12:32:12Z,2026-07-19T14:32:12+0200,f397dbef-7cdb-41f6-bba7-8b8b09f52e7d,2026-07-15T12:00:00Z,2026-07-15T14:00:00+0200,18600.10742,MW,FR,FR,forecast_solar_generation,Solar,2026-07-19T12:33:22Z
2026-07-19T12:32:12Z,2026-07-19T14:32:12+0200,f397dbef-7cdb-41f6-bba7-8b8b09f52e7d,2026-07-15T12:15:00Z,2026-07-15T14:15:00+0200,18535.47852,MW,FR,FR,forecast_solar_generation,Solar,2026-07-19T12:33:22Z
2026-07-19T12:32:12Z,2026-07-19T14:32:12+0200,f397dbef-7cdb-41f6-bba7-8b8b09f52e7d,2026-07-15T12:30:00Z,2026-07-15T14:30:00+0200,18409.10156,MW,FR,FR,forecast_solar_generation,Solar,2026-07-19T12:33:22Z
2026-07-19T12:32:12Z,2026-07-19T14:32:12+0200,f397dbef-7cdb-41f6-bba7-8b8b09f52e7d,2026-07-15T12:45:00Z,2026-07-15T14:45:00+0200,18161.24414,MW,FR,FR,forecast_solar_generation,Solar,2026-07-19T12:33:22Z
2026-07-19T12:32:12Z,2026-07-19T14:32:12+0200,f397dbef-7cdb-41f6-bba7-8b8b09f52e7d,2026-07-15T13:00:00Z,2026-07-15T15:00:00+0200,17823.74609,MW,FR,FR,forecast_solar_generation,Solar,2026-07-19T12:33:22Z
2026-07-19T12:32:12Z,2026-07-19T14:32:12+0200,f397dbef-7cdb-41f6-bba7-8b8b09f52e7d,2026-07-15T13:15:00Z,2026-07-15T15:15:00+0200,17406.56445,MW,FR,FR,forecast_solar_generation,Solar,2026-07-19T12:33:22Z
2026-07-19T12:32:12Z,2026-07-19T14:32:12+0200,f397dbef-7cdb-41f6-bba7-8b8b09f52e7d,2026-07-15T13:30:00Z,2026-07-15T15:30:00+0200,17061.44531,MW,FR,FR,forecast_solar_generation,Solar,2026-07-19T12:33:22Z
2026-07-19T12:32:12Z,2026-07-19T14:32:12+0200,f397dbef-7cdb-41f6-bba7-8b8b09f52e7d,2026-07-15T13:45:00Z,2026-07-15T15:45:00+0200,16615.95117,MW,FR,FR,forecast_solar_generation,Solar,2026-07-19T12:33:22Z
2026-07-19T12:32:12Z,2026-07-19T14:32:12+0200,f397dbef-7cdb-41f6-bba7-8b8b09f52e7d,2026-07-15T14:00:00Z,2026-07-15T16:00:00+0200,16171.4502,MW,FR,FR,forecast_solar_generation,Solar,2026-07-19T12:33:22Z
2026-07-19T12:32:12Z,2026-07-19T14:32:12+0200,f397dbef-7cdb-41f6-bba7-8b8b09f52e7d,2026-07-15T14:15:00Z,2026-07-15T16:15:00+0200,15681.30078,MW,FR,FR,forecast_solar_generation,Solar,2026-07-19T12:33:22Z
2026-07-19T12:32:12Z,2026-07-19T14:32:12+0200,f397dbef-7cdb-41f6-bba7-8b8b09f52e7d,2026-07-15T14:30:00Z,2026-07-15T16:30:00+0200,15176.20703,MW,FR,FR,forecast_solar_generation,Solar,2026-07-19T12:33:22Z
2026-07-19T12:32:12Z,2026-07-19T14:32:12+0200,f397dbef-7cdb-41f6-bba7-8b8b09f52e7d,2026-07-15T14:45:00Z,2026-07-15T16:45:00+0200,14533.55957,MW,FR,FR,forecast_solar_generation,Solar,2026-07-19T12:33:22Z
2026-07-19T12:32:12Z,2026-07-19T14:32:12+0200,f397dbef-7cdb-41f6-bba7-8b8b09f52e7d,2026-07-15T15:00:00Z,2026-07-15T17:00:00+0200,13885.68262,MW,FR,FR,forecast_solar_generation,Solar,2026-07-19T12:33:22Z
2026-07-19T12:32:12Z,2026-07-19T14:32:12+0200,f397dbef-7cdb-41f6-bba7-8b8b09f52e7d,2026-07-15T15:15:00Z,2026-07-15T17:15:00+0200,13105.26172,MW,FR,FR,forecast_solar_generation,Solar,2026-07-19T12:33:22Z
2026-07-19T12:32:12Z,2026-07-19T14:32:12+0200,f397dbef-7cdb-41f6-bba7-8b8b09f52e7d,2026-07-15T15:30:00Z,2026-07-15T17:30:00+0200,12368.14746,MW,FR,FR,forecast_solar_generation,Solar,2026-07-19T12:33:22Z
2026-07-19T12:32:12Z,2026-07-19T14:32:12+0200,f397dbef-7cdb-41f6-bba7-8b8b09f52e7d,2026-07-15T15:45:00Z,2026-07-15T17:45:00+0200,11585.43066,MW,FR,FR,forecast_solar_generation,Solar,2026-07-19T12:33:22Z
2026-07-19T12:32:12Z,2026-07-19T14:32:12+0200,f397dbef-7cdb-41f6-bba7-8b8b09f52e7d,2026-07-15T16:00:00Z,2026-07-15T18:00:00+0200,10716.34961,MW,FR,FR,forecast_solar_generation,Solar,2026-07-19T12:33:22Z
2026-07-19T12:32:12Z,2026-07-19T14:32:12+0200,f397dbef-7cdb-41f6-bba7-8b8b09f52e7d,2026-07-15T16:15:00Z,2026-07-15T18:15:00+0200,9708.46094,MW,FR,FR,forecast_solar_generation,Solar,2026-07-19T12:33:22Z
2026-07-19T12:32:12Z,2026-07-19T14:32:12+0200,f397dbef-7cdb-41f6-bba7-8b8b09f52e7d,2026-07-15T16:30:00Z,2026-07-15T18:30:00+0200,8797.08594,MW,FR,FR,forecast_solar_generation,Solar,2026-07-19T12:33:22Z
2026-07-19T12:32:12Z,2026-07-19T14:32:12+0200,f397dbef-7cdb-41f6-bba7-8b8b09f52e7d,2026-07-15T16:45:00Z,2026-07-15T18:45:00+0200,7936.33936,MW,FR,FR,forecast_solar_generation,Solar,2026-07-19T12:33:22Z
2026-07-19T12:32:12Z,2026-07-19T14:32:12+0200,f397dbef-7cdb-41f6-bba7-8b8b09f52e7d,2026-07-15T17:00:00Z,2026-07-15T19:00:00+0200,6866.78955,MW,FR,FR,forecast_solar_generation,Solar,2026-07-19T12:33:22Z
2026-07-19T12:32:12Z,2026-07-19T14:32:12+0200,f397dbef-7cdb-41f6-bba7-8b8b09f52e7d,2026-07-15T17:15:00Z,2026-07-15T19:15:00+0200,5951.62061,MW,FR,FR,forecast_solar_generation,Solar,2026-07-19T12:33:22Z
2026-07-19T12:32:12Z,2026-07-19T14:32:12+0200,f397dbef-7cdb-41f6-bba7-8b8b09f52e7d,2026-07-15T17:30:00Z,2026-07-15T19:30:00+0200,4903.99463,MW,FR,FR,forecast_solar_generation,Solar,2026-07-19T12:33:22Z
2026-07-19T12:32:12Z,2026-07-19T14:32:12+0200,f397dbef-7cdb-41f6-bba7-8b8b09f52e7d,2026-07-15T17:45:00Z,2026-07-15T19:45:00+0200,4115.99512,MW,FR,FR,forecast_solar_generation,Solar,2026-07-19T12:33:22Z
2026-07-19T12:32:12Z,2026-07-19T14:32:12+0200,f397dbef-7cdb-41f6-bba7-8b8b09f52e7d,2026-07-15T18:00:00Z,2026-07-15T20:00:00+0200,3180.70483,MW,FR,FR,forecast_solar_generation,Solar,2026-07-19T12:33:22Z
2026-07-19T12:32:12Z,2026-07-19T14:32:12+0200,f397dbef-7cdb-41f6-bba7-8b8b09f52e7d,2026-07-15T18:15:00Z,2026-07-15T20:15:00+0200,2446.13208,MW,FR,FR,forecast_solar_generation,Solar,2026-07-19T12:33:22Z
2026-07-19T12:32:12Z,2026-07-19T14:32:12+0200,f397dbef-7cdb-41f6-bba7-8b8b09f52e7d,2026-07-15T18:30:00Z,2026-07-15T20:30:00+0200,1779.99316,MW,FR,FR,forecast_solar_generation,Solar,2026-07-19T12:33:22Z
2026-07-19T12:32:12Z,2026-07-19T14:32:12+0200,f397dbef-7cdb-41f6-bba7-8b8b09f52e7d,2026-07-15T18:45:00Z,2026-07-15T20:45:00+0200,1295.12622,MW,FR,FR,forecast_solar_generation,Solar,2026-07-19T12:33:22Z
2026-07-19T12:32:12Z,2026-07-19T14:32:12+0200,f397dbef-7cdb-41f6-bba7-8b8b09f52e7d,2026-07-15T19:00:00Z,2026-07-15T21:00:00+0200,863.14929,MW,FR,FR,forecast_solar_generation,Solar,2026-07-19T12:33:22Z
2026-07-19T12:32:12Z,2026-07-19T14:32:12+0200,f397dbef-7cdb-41f6-bba7-8b8b09f52e7d,2026-07-15T19:15:00Z,2026-07-15T21:15:00+0200,456.45172,MW,FR,FR,forecast_solar_generation,Solar,2026-07-19T12:33:22Z
2026-07-19T12:32:12Z,2026-07-19T14:32:12+0200,f397dbef-7cdb-41f6-bba7-8b8b09f52e7d,2026-07-15T19:30:00Z,2026-07-15T21:30:00+0200,167.20807,MW,FR,FR,forecast_solar_generation,Solar,2026-07-19T12:33:22Z
2026-07-19T12:32:12Z,2026-07-19T14:32:12+0200,f397dbef-7cdb-41f6-bba7-8b8b09f52e7d,2026-07-15T19:45:00Z,2026-07-15T21:45:00+0200,33.74937,MW,FR,FR,forecast_solar_generation,Solar,2026-07-19T12:33:22Z
2026-07-19T12:32:12Z,2026-07-19T14:32:12+0200,f397dbef-7cdb-41f6-bba7-8b8b09f52e7d,2026-07-15T20:00:00Z,2026-07-15T22:00:00+0200,2.92041,MW,FR,FR,forecast_solar_generation,Solar,2026-07-19T12:33:22Z
2026-07-19T12:32:12Z,2026-07-19T14:32:12+0200,f397dbef-7cdb-41f6-bba7-8b8b09f52e7d,2026-07-15T20:15:00Z,2026-07-15T22:15:00+0200,0.0,MW,FR,FR,forecast_solar_generation,Solar,2026-07-19T12:33:22Z
2026-07-19T12:32:12Z,2026-07-19T14:32:12+0200,f397dbef-7cdb-41f6-bba7-8b8b09f52e7d,2026-07-15T20:30:00Z,2026-07-15T22:30:00+0200,0.0,MW,FR,FR,forecast_solar_generation,Solar,2026-07-19T12:33:22Z
2026-07-19T12:32:12Z,2026-07-19T14:32:12+0200,f397dbef-7cdb-41f6-bba7-8b8b09f52e7d,2026-07-15T20:45:00Z,2026-07-15T22:45:00+0200,0.0,MW,FR,FR,forecast_solar_generation,Solar,2026-07-19T12:33:22Z
2026-07-19T12:32:12Z,2026-07-19T14:32:12+0200,f397dbef-7cdb-41f6-bba7-8b8b09f52e7d,2026-07-15T21:00:00Z,2026-07-15T23:00:00+0200,0.0,MW,FR,FR,forecast_solar_generation,Solar,2026-07-19T12:33:22Z
2026-07-19T12:32:12Z,2026-07-19T14:32:12+0200,f397dbef-7cdb-41f6-bba7-8b8b09f52e7d,2026-07-15T21:15:00Z,2026-07-15T23:15:00+0200,0.0,MW,FR,FR,forecast_solar_generation,Solar,2026-07-19T12:33:22Z
2026-07-19T12:32:12Z,2026-07-19T14:32:12+0200,f397dbef-7cdb-41f6-bba7-8b8b09f52e7d,2026-07-15T21:30:00Z,2026-07-15T23:30:00+0200,0.0,MW,FR,FR,forecast_solar_generation,Solar,2026-07-19T12:33:22Z
2026-07-19T12:32:12Z,2026-07-19T14:32:12+0200,f397dbef-7cdb-41f6-bba7-8b8b09f52e7d,2026-07-15T21:45:00Z,2026-07-15T23:45:00+0200,0.0,MW,FR,FR,forecast_solar_generation,Solar,2026-07-19T12:33:22Z
2026-07-19T12:32:12Z,2026-07-19T14:32:12+0200,f397dbef-7cdb-41f6-bba7-8b8b09f52e7d,2026-07-15T22:00:00Z,2026-07-16T00:00:00+0200,0.0,MW,FR,FR,forecast_solar_generation,Solar,2026-07-19T12:33:22Z
2026-07-19T12:32:12Z,2026-07-19T14:32:12+0200,f397dbef-7cdb-41f6-bba7-8b8b09f52e7d,2026-07-15T22:15:00Z,2026-07-16T00:15:00+0200,0.0,MW,FR,FR,forecast_solar_generation,Solar,2026-07-19T12:33:22Z
2026-07-19T12:32:12Z,2026-07-19T14:32:12+0200,f397dbef-7cdb-41f6-bba7-8b8b09f52e7d,2026-07-15T22:30:00Z,2026-07-16T00:30:00+0200,0.0,MW,FR,FR,forecast_solar_generation,Solar,2026-07-19T12:33:22Z
2026-07-19T12:32:12Z,2026-07-19T14:32:12+0200,f397dbef-7cdb-41f6-bba7-8b8b09f52e7d,2026-07-15T22:45:00Z,2026-07-16T00:45:00+0200,0.0,MW,FR,FR,forecast_solar_generation,Solar,2026-07-19T12:33:22Z
2026-07-19T12:32:12Z,2026-07-19T14:32:12+0200,f397dbef-7cdb-41f6-bba7-8b8b09f52e7d,2026-07-15T23:00:00Z,2026-07-16T01:00:00+0200,0.0,MW,FR,FR,forecast_solar_generation,Solar,2026-07-19T12:33:22Z
2026-07-19T12:32:12Z,2026-07-19T14:32:12+0200,f397dbef-7cdb-41f6-bba7-8b8b09f52e7d,2026-07-15T23:15:00Z,2026-07-16T01:15:00+0200,0.0,MW,FR,FR,forecast_solar_generation,Solar,2026-07-19T12:33:22Z
2026-07-19T12:32:12Z,2026-07-19T14:32:12+0200,f397dbef-7cdb-41f6-bba7-8b8b09f52e7d,2026-07-15T23:30:00Z,2026-07-16T01:30:00+0200,0.0,MW,FR,FR,forecast_solar_generation,Solar,2026-07-19T12:33:22Z
2026-07-19T12:32:12Z,2026-07-19T14:32:12+0200,f397dbef-7cdb-41f6-bba7-8b8b09f52e7d,2026-07-15T23:45:00Z,2026-07-16T01:45:00+0200,0.0,MW,FR,FR,forecast_solar_generation,Solar,2026-07-19T12:33:22Z
2026-07-19T12:32:12Z,2026-07-19T14:32:12+0200,f397dbef-7cdb-41f6-bba7-8b8b09f52e7d,2026-07-16T00:00:00Z,2026-07-16T02:00:00+0200,0.0,MW,FR,FR,forecast_solar_generation,Solar,2026-07-19T12:33:22Z
2026-07-19T12:32:12Z,2026-07-19T14:32:12+0200,f397dbef-7cdb-41f6-bba7-8b8b09f52e7d,2026-07-16T00:15:00Z,2026-07-16T02:15:00+0200,0.0,MW,FR,FR,forecast_solar_generation,Solar,2026-07-19T12:33:22Z
2026-07-19T12:32:12Z,2026-07-19T14:32:12+0200,f397dbef-7cdb-41f6-bba7-8b8b09f52e7d,2026-07-16T00:30:00Z,2026-07-16T02:30:00+0200,0.0,MW,FR,FR,forecast_solar_generation,Solar,2026-07-19T12:33:22Z
2026-07-19T12:32:12Z,2026-07-19T14:32:12+0200,f397dbef-7cdb-41f6-bba7-8b8b09f52e7d,2026-07-16T00:45:00Z,2026-07-16T02:45:00+0200,0.0,MW,FR,FR,forecast_solar_generation,Solar,2026-07-19T12:33:22Z
2026-07-19T12:32:12Z,2026-07-19T14:32:12+0200,f397dbef-7cdb-41f6-bba7-8b8b09f52e7d,2026-07-16T01:00:00Z,2026-07-16T03:00:00+0200,0.0,MW,FR,FR,forecast_solar_generation,Solar,2026-07-19T12:33:22Z
2026-07-19T12:32:12Z,2026-07-19T14:32:12+0200,f397dbef-7cdb-41f6-bba7-8b8b09f52e7d,2026-07-16T01:15:00Z,2026-07-16T03:15:00+0200,0.0,MW,FR,FR,forecast_solar_generation,Solar,2026-07-19T12:33:22Z
2026-07-19T12:32:12Z,2026-07-19T14:32:12+0200,f397dbef-7cdb-41f6-bba7-8b8b09f52e7d,2026-07-16T01:30:00Z,2026-07-16T03:30:00+0200,0.0,MW,FR,FR,forecast_solar_generation,Solar,2026-07-19T12:33:22Z
2026-07-19T12:32:12Z,2026-07-19T14:32:12+0200,f397dbef-7cdb-41f6-bba7-8b8b09f52e7d,2026-07-16T01:45:00Z,2026-07-16T03:45:00+0200,0.0,MW,FR,FR,forecast_solar_generation,Solar,2026-07-19T12:33:22Z
2026-07-19T12:32:12Z,2026-07-19T14:32:12+0200,f397dbef-7cdb-41f6-bba7-8b8b09f52e7d,2026-07-16T02:00:00Z,2026-07-16T04:00:00+0200,0.0,MW,FR,FR,forecast_solar_generation,Solar,2026-07-19T12:33:22Z
2026-07-19T12:32:12Z,2026-07-19T14:32:12+0200,f397dbef-7cdb-41f6-bba7-8b8b09f52e7d,2026-07-16T02:15:00Z,2026-07-16T04:15:00+0200,0.0,MW,FR,FR,forecast_solar_generation,Solar,2026-07-19T12:33:22Z
2026-07-19T12:32:12Z,2026-07-19T14:32:12+0200,f397dbef-7cdb-41f6-bba7-8b8b09f52e7d,2026-07-16T02:30:00Z,2026-07-16T04:30:00+0200,0.0,MW,FR,FR,forecast_solar_generation,Solar,2026-07-19T12:33:22Z
2026-07-19T12:32:12Z,2026-07-19T14:32:12+0200,f397dbef-7cdb-41f6-bba7-8b8b09f52e7d,2026-07-16T02:45:00Z,2026-07-16T04:45:00+0200,0.0,MW,FR,FR,forecast_solar_generation,Solar,2026-07-19T12:33:22Z
2026-07-19T12:32:12Z,2026-07-19T14:32:12+0200,f397dbef-7cdb-41f6-bba7-8b8b09f52e7d,2026-07-16T03:00:00Z,2026-07-16T05:00:00+0200,0.0,MW,FR,FR,forecast_solar_generation,Solar,2026-07-19T12:33:22Z
2026-07-19T12:32:12Z,2026-07-19T14:32:12+0200,f397dbef-7cdb-41f6-bba7-8b8b09f52e7d,2026-07-16T03:15:00Z,2026-07-16T05:15:00+0200,0.0,MW,FR,FR,forecast_solar_generation,Solar,2026-07-19T12:33:22Z
2026-07-19T12:32:12Z,2026-07-19T14:32:12+0200,f397dbef-7cdb-41f6-bba7-8b8b09f52e7d,2026-07-16T03:30:00Z,2026-07-16T05:30:00+0200,0.0,MW,FR,FR,forecast_solar_generation,Solar,2026-07-19T12:33:22Z
2026-07-19T12:32:12Z,2026-07-19T14:32:12+0200,f397dbef-7cdb-41f6-bba7-8b8b09f52e7d,2026-07-16T03:45:00Z,2026-07-16T05:45:00+0200,2.54029,MW,FR,FR,forecast_solar_generation,Solar,2026-07-19T12:33:22Z
2026-07-19T12:32:12Z,2026-07-19T14:32:12+0200,f397dbef-7cdb-41f6-bba7-8b8b09f52e7d,2026-07-16T04:00:00Z,2026-07-16T06:00:00+0200,24.88013,MW,FR,FR,forecast_solar_generation,Solar,2026-07-19T12:33:22Z
2026-07-19T12:32:12Z,2026-07-19T14:32:12+0200,f397dbef-7cdb-41f6-bba7-8b8b09f52e7d,2026-07-16T04:15:00Z,2026-07-16T06:15:00+0200,87.1625,MW,FR,FR,forecast_solar_generation,Solar,2026-07-19T12:33:22Z
2026-07-19T12:32:12Z,2026-07-19T14:32:12+0200,f397dbef-7cdb-41f6-bba7-8b8b09f52e7d,2026-07-16T04:30:00Z,2026-07-16T06:30:00+0200,177.7989,MW,FR,FR,forecast_solar_generation,Solar,2026-07-19T12:33:22Z
2026-07-19T12:32:12Z,2026-07-19T14:32:12+0200,f397dbef-7cdb-41f6-bba7-8b8b09f52e7d,2026-07-16T04:45:00Z,2026-07-16T06:45:00+0200,405.10101,MW,FR,FR,forecast_solar_generation,Solar,2026-07-19T12:33:22Z
2026-07-19T12:32:12Z,2026-07-19T14:32:12+0200,f397dbef-7cdb-41f6-bba7-8b8b09f52e7d,2026-07-16T05:00:00Z,2026-07-16T07:00:00+0200,746.9668,MW,FR,FR,forecast_solar_generation,Solar,2026-07-19T12:33:22Z
2026-07-19T12:32:12Z,2026-07-19T14:32:12+0200,f397dbef-7cdb-41f6-bba7-8b8b09f52e7d,2026-07-16T05:15:00Z,2026-07-16T07:15:00+0200,1128.38037,MW,FR,FR,forecast_solar_generation,Solar,2026-07-19T12:33:22Z
2026-07-19T12:32:12Z,2026-07-19T14:32:12+0200,f397dbef-7cdb-41f6-bba7-8b8b09f52e7d,2026-07-16T05:30:00Z,2026-07-16T07:30:00+0200,1586.27197,MW,FR,FR,forecast_solar_generation,Solar,2026-07-19T12:33:22Z
2026-07-19T12:32:12Z,2026-07-19T14:32:12+0200,f397dbef-7cdb-41f6-bba7-8b8b09f52e7d,2026-07-16T05:45:00Z,2026-07-16T07:45:00+0200,2302.44849,MW,FR,FR,forecast_solar_generation,Solar,2026-07-19T12:33:22Z
2026-07-19T12:32:12Z,2026-07-19T14:32:12+0200,f397dbef-7cdb-41f6-bba7-8b8b09f52e7d,2026-07-16T06:00:00Z,2026-07-16T08:00:00+0200,3106.39673,MW,FR,FR,forecast_solar_generation,Solar,2026-07-19T12:33:22Z
2026-07-19T12:32:12Z,2026-07-19T14:32:12+0200,f397dbef-7cdb-41f6-bba7-8b8b09f52e7d,2026-07-16T06:15:00Z,2026-07-16T08:15:00+0200,4071.54883,MW,FR,FR,forecast_solar_generation,Solar,2026-07-19T12:33:22Z
2026-07-19T12:32:12Z,2026-07-19T14:32:12+0200,f397dbef-7cdb-41f6-bba7-8b8b09f52e7d,2026-07-16T06:30:00Z,2026-07-16T08:30:00+0200,4967.48047,MW,FR,FR,forecast_solar_generation,Solar,2026-07-19T12:33:22Z
2026-07-19T12:32:12Z,2026-07-19T14:32:12+0200,f397dbef-7cdb-41f6-bba7-8b8b09f52e7d,2026-07-16T06:45:00Z,2026-07-16T08:45:00+0200,6124.29492,MW,FR,FR,forecast_solar_generation,Solar,2026-07-19T12:33:22Z
2026-07-19T12:32:12Z,2026-07-19T14:32:12+0200,f397dbef-7cdb-41f6-bba7-8b8b09f52e7d,2026-07-16T07:00:00Z,2026-07-16T09:00:00+0200,7064.5166,MW,FR,FR,forecast_solar_generation,Solar,2026-07-19T12:33:22Z
2026-07-19T12:32:12Z,2026-07-19T14:32:12+0200,f397dbef-7cdb-41f6-bba7-8b8b09f52e7d,2026-07-16T07:15:00Z,2026-07-16T09:15:00+0200,8206.08984,MW,FR,FR,forecast_solar_generation,Solar,2026-07-19T12:33:22Z
2026-07-19T12:32:12Z,2026-07-19T14:32:12+0200,f397dbef-7cdb-41f6-bba7-8b8b09f52e7d,2026-07-16T07:30:00Z,2026-07-16T09:30:00+0200,9179.0293,MW,FR,FR,forecast_solar_generation,Solar,2026-07-19T12:33:22Z
2026-07-19T12:32:12Z,2026-07-19T14:32:12+0200,f397dbef-7cdb-41f6-bba7-8b8b09f52e7d,2026-07-16T07:45:00Z,2026-07-16T09:45:00+0200,10176.15234,MW,FR,FR,forecast_solar_generation,Solar,2026-07-19T12:33:22Z
2026-07-19T12:32:12Z,2026-07-19T14:32:12+0200,f397dbef-7cdb-41f6-bba7-8b8b09f52e7d,2026-07-16T08:00:00Z,2026-07-16T10:00:00+0200,11094.94727,MW,FR,FR,forecast_solar_generation,Solar,2026-07-19T12:33:22Z
2026-07-19T12:32:12Z,2026-07-19T14:32:12+0200,f397dbef-7cdb-41f6-bba7-8b8b09f52e7d,2026-07-16T08:15:00Z,2026-07-16T10:15:00+0200,12192.6543,MW,FR,FR,forecast_solar_generation,Solar,2026-07-19T12:33:22Z
2026-07-19T12:32:12Z,2026-07-19T14:32:12+0200,f397dbef-7cdb-41f6-bba7-8b8b09f52e7d,2026-07-16T08:30:00Z,2026-07-16T10:30:00+0200,13060.04199,MW,FR,FR,forecast_solar_generation,Solar,2026-07-19T12:33:22Z
2026-07-19T12:32:12Z,2026-07-19T14:32:12+0200,f397dbef-7cdb-41f6-bba7-8b8b09f52e7d,2026-07-16T08:45:00Z,2026-07-16T10:45:00+0200,13716.94824,MW,FR,FR,forecast_solar_generation,Solar,2026-07-19T12:33:22Z
2026-07-19T12:32:12Z,2026-07-19T14:32:12+0200,f397dbef-7cdb-41f6-bba7-8b8b09f52e7d,2026-07-16T09:00:00Z,2026-07-16T11:00:00+0200,14289.60742,MW,FR,FR,forecast_solar_generation,Solar,2026-07-19T12:33:22Z
2026-07-19T12:32:12Z,2026-07-19T14:32:12+0200,f397dbef-7cdb-41f6-bba7-8b8b09f52e7d,2026-07-16T09:15:00Z,2026-07-16T11:15:00+0200,14876.95801,MW,FR,FR,forecast_solar_generation,Solar,2026-07-19T12:33:22Z
2026-07-19T12:32:12Z,2026-07-19T14:32:12+0200,f397dbef-7cdb-41f6-bba7-8b8b09f52e7d,2026-07-16T09:30:00Z,2026-07-16T11:30:00+0200,15408.43555,MW,FR,FR,forecast_solar_generation,Solar,2026-07-19T12:33:22Z
2026-07-19T12:32:12Z,2026-07-19T14:32:12+0200,f397dbef-7cdb-41f6-bba7-8b8b09f52e7d,2026-07-16T09:45:00Z,2026-07-16T11:45:00+0200,15672.70801,MW,FR,FR,forecast_solar_generation,Solar,2026-07-19T12:33:22Z
2026-07-19T12:32:12Z,2026-07-19T14:32:12+0200,f397dbef-7cdb-41f6-bba7-8b8b09f52e7d,2026-07-16T10:00:00Z,2026-07-16T12:00:00+0200,15987.28711,MW,FR,FR,forecast_solar_generation,Solar,2026-07-19T12:33:22Z
2026-07-19T12:32:12Z,2026-07-19T14:32:12+0200,f397dbef-7cdb-41f6-bba7-8b8b09f52e7d,2026-07-16T10:15:00Z,2026-07-16T12:15:00+0200,16210.9541,MW,FR,FR,forecast_solar_generation,Solar,2026-07-19T12:33:22Z
2026-07-19T12:32:12Z,2026-07-19T14:32:12+0200,f397dbef-7cdb-41f6-bba7-8b8b09f52e7d,2026-07-16T10:30:00Z,2026-07-16T12:30:00+0200,16460.23438,MW,FR,FR,forecast_solar_generation,Solar,2026-07-19T12:33:22Z
2026-07-19T12:32:12Z,2026-07-19T14:32:12+0200,f397dbef-7cdb-41f6-bba7-8b8b09f52e7d,2026-07-16T10:45:00Z,2026-07-16T12:45:00+0200,16413.05859,MW,FR,FR,forecast_solar_generation,Solar,2026-07-19T12:33:22Z
2026-07-19T12:32:12Z,2026-07-19T14:32:12+0200,f397dbef-7cdb-41f6-bba7-8b8b09f52e7d,2026-07-16T11:00:00Z,2026-07-16T13:00:00+0200,16476.62305,MW,FR,FR,forecast_solar_generation,Solar,2026-07-19T12:33:22Z
2026-07-19T12:32:12Z,2026-07-19T14:32:12+0200,f397dbef-7cdb-41f6-bba7-8b8b09f52e7d,2026-07-16T11:15:00Z,2026-07-16T13:15:00+0200,16571.72656,MW,FR,FR,forecast_solar_generation,Solar,2026-07-19T12:33:22Z
2026-07-19T12:32:12Z,2026-07-19T14:32:12+0200,f397dbef-7cdb-41f6-bba7-8b8b09f52e7d,2026-07-16T11:30:00Z,2026-07-16T13:30:00+0200,16674.9375,MW,FR,FR,forecast_solar_generation,Solar,2026-07-19T12:33:22Z
2026-07-19T12:32:12Z,2026-07-19T14:32:12+0200,f397dbef-7cdb-41f6-bba7-8b8b09f52e7d,2026-07-16T11:45:00Z,2026-07-16T13:45:00+0200,16595.28906,MW,FR,FR,forecast_solar_generation,Solar,2026-07-19T12:33:22Z
2026-07-19T12:32:12Z,2026-07-19T14:32:12+0200,f397dbef-7cdb-41f6-bba7-8b8b09f52e7d,2026-07-16T12:00:00Z,2026-07-16T14:00:00+0200,16513.01562,MW,FR,FR,forecast_solar_generation,Solar,2026-07-19T12:33:22Z
2026-07-19T12:32:12Z,2026-07-19T14:32:12+0200,f397dbef-7cdb-41f6-bba7-8b8b09f52e7d,2026-07-16T12:15:00Z,2026-07-16T14:15:00+0200,16486.89844,MW,FR,FR,forecast_solar_generation,Solar,2026-07-19T12:33:22Z
2026-07-19T12:32:12Z,2026-07-19T14:32:12+0200,f397dbef-7cdb-41f6-bba7-8b8b09f52e7d,2026-07-16T12:30:00Z,2026-07-16T14:30:00+0200,16441.10156,MW,FR,FR,forecast_solar_generation,Solar,2026-07-19T12:33:22Z
2026-07-19T12:32:12Z,2026-07-19T14:32:12+0200,f397dbef-7cdb-41f6-bba7-8b8b09f52e7d,2026-07-16T12:45:00Z,2026-07-16T14:45:00+0200,16185.74805,MW,FR,FR,forecast_solar_generation,Solar,2026-07-19T12:33:22Z
2026-07-19T12:32:12Z,2026-07-19T14:32:12+0200,f397dbef-7cdb-41f6-bba7-8b8b09f52e7d,2026-07-16T13:00:00Z,2026-07-16T15:00:00+0200,15910.14355,MW,FR,FR,forecast_solar_generation,Solar,2026-07-19T12:33:22Z
2026-07-19T12:32:12Z,2026-07-19T14:32:12+0200,f397dbef-7cdb-41f6-bba7-8b8b09f52e7d,2026-07-16T13:15:00Z,2026-07-16T15:15:00+0200,15700.64062,MW,FR,FR,forecast_solar_generation,Solar,2026-07-19T12:33:22Z
2026-07-19T12:32:12Z,2026-07-19T14:32:12+0200,f397dbef-7cdb-41f6-bba7-8b8b09f52e7d,2026-07-16T13:30:00Z,2026-07-16T15:30:00+0200,15574.91699,MW,FR,FR,forecast_solar_generation,Solar,2026-07-19T12:33:22Z
2026-07-19T12:32:12Z,2026-07-19T14:32:12+0200,f397dbef-7cdb-41f6-bba7-8b8b09f52e7d,2026-07-16T13:45:00Z,2026-07-16T15:45:00+0200,15128.25781,MW,FR,FR,forecast_solar_generation,Solar,2026-07-19T12:33:22Z
2026-07-19T12:32:12Z,2026-07-19T14:32:12+0200,f397dbef-7cdb-41f6-bba7-8b8b09f52e7d,2026-07-16T14:00:00Z,2026-07-16T16:00:00+0200,14666.39258,MW,FR,FR,forecast_solar_generation,Solar,2026-07-19T12:33:22Z
2026-07-19T12:32:12Z,2026-07-19T14:32:12+0200,f397dbef-7cdb-41f6-bba7-8b8b09f52e7d,2026-07-16T14:15:00Z,2026-07-16T16:15:00+0200,14215.31152,MW,FR,FR,forecast_solar_generation,Solar,2026-07-19T12:33:22Z
2026-07-19T12:32:12Z,2026-07-19T14:32:12+0200,f397dbef-7cdb-41f6-bba7-8b8b09f52e7d,2026-07-16T14:30:00Z,2026-07-16T16:30:00+0200,13780.3584,MW,FR,FR,forecast_solar_generation,Solar,2026-07-19T12:33:22Z
2026-07-19T12:32:12Z,2026-07-19T14:32:12+0200,f397dbef-7cdb-41f6-bba7-8b8b09f52e7d,2026-07-16T14:45:00Z,2026-07-16T16:45:00+0200,13203.14258,MW,FR,FR,forecast_solar_generation,Solar,2026-07-19T12:33:22Z
2026-07-19T12:32:12Z,2026-07-19T14:32:12+0200,f397dbef-7cdb-41f6-bba7-8b8b09f52e7d,2026-07-16T15:00:00Z,2026-07-16T17:00:00+0200,12645.13184,MW,FR,FR,forecast_solar_generation,Solar,2026-07-19T12:33:22Z
2026-07-19T12:32:12Z,2026-07-19T14:32:12+0200,f397dbef-7cdb-41f6-bba7-8b8b09f52e7d,2026-07-16T15:15:00Z,2026-07-16T17:15:00+0200,11989.93457,MW,FR,FR,forecast_solar_generation,Solar,2026-07-19T12:33:22Z
2026-07-19T12:32:12Z,2026-07-19T14:32:12+0200,f397dbef-7cdb-41f6-bba7-8b8b09f52e7d,2026-07-16T15:30:00Z,2026-07-16T17:30:00+0200,11414.87598,MW,FR,FR,forecast_solar_generation,Solar,2026-07-19T12:33:22Z
2026-07-19T12:32:12Z,2026-07-19T14:32:12+0200,f397dbef-7cdb-41f6-bba7-8b8b09f52e7d,2026-07-16T15:45:00Z,2026-07-16T17:45:00+0200,10668.5625,MW,FR,FR,forecast_solar_generation,Solar,2026-07-19T12:33:22Z
2026-07-19T12:32:12Z,2026-07-19T14:32:12+0200,f397dbef-7cdb-41f6-bba7-8b8b09f52e7d,2026-07-16T16:00:00Z,2026-07-16T18:00:00+0200,9879.47461,MW,FR,FR,forecast_solar_generation,Solar,2026-07-19T12:33:22Z
2026-07-19T12:32:12Z,2026-07-19T14:32:12+0200,f397dbef-7cdb-41f6-bba7-8b8b09f52e7d,2026-07-16T16:15:00Z,2026-07-16T18:15:00+0200,8954.97559,MW,FR,FR,forecast_solar_generation,Solar,2026-07-19T12:33:22Z
2026-07-19T12:32:12Z,2026-07-19T14:32:12+0200,f397dbef-7cdb-41f6-bba7-8b8b09f52e7d,2026-07-16T16:30:00Z,2026-07-16T18:30:00+0200,8110.14014,MW,FR,FR,forecast_solar_generation,Solar,2026-07-19T12:33:22Z
2026-07-19T12:32:12Z,2026-07-19T14:32:12+0200,f397dbef-7cdb-41f6-bba7-8b8b09f52e7d,2026-07-16T16:45:00Z,2026-07-16T18:45:00+0200,7315.37158,MW,FR,FR,forecast_solar_generation,Solar,2026-07-19T12:33:22Z
2026-07-19T12:32:12Z,2026-07-19T14:32:12+0200,f397dbef-7cdb-41f6-bba7-8b8b09f52e7d,2026-07-16T17:00:00Z,2026-07-16T19:00:00+0200,6287.64404,MW,FR,FR,forecast_solar_generation,Solar,2026-07-19T12:33:22Z
2026-07-19T12:32:12Z,2026-07-19T14:32:12+0200,f397dbef-7cdb-41f6-bba7-8b8b09f52e7d,2026-07-16T17:15:00Z,2026-07-16T19:15:00+0200,5526.49072,MW,FR,FR,forecast_solar_generation,Solar,2026-07-19T12:33:22Z
2026-07-19T12:32:12Z,2026-07-19T14:32:12+0200,f397dbef-7cdb-41f6-bba7-8b8b09f52e7d,2026-07-16T17:30:00Z,2026-07-16T19:30:00+0200,4552.4917,MW,FR,FR,forecast_solar_generation,Solar,2026-07-19T12:33:22Z
2026-07-19T12:32:12Z,2026-07-19T14:32:12+0200,f397dbef-7cdb-41f6-bba7-8b8b09f52e7d,2026-07-16T17:45:00Z,2026-07-16T19:45:00+0200,3822.69214,MW,FR,FR,forecast_solar_generation,Solar,2026-07-19T12:33:22Z
2026-07-19T12:32:12Z,2026-07-19T14:32:12+0200,f397dbef-7cdb-41f6-bba7-8b8b09f52e7d,2026-07-16T18:00:00Z,2026-07-16T20:00:00+0200,2942.46313,MW,FR,FR,forecast_solar_generation,Solar,2026-07-19T12:33:22Z
2026-07-19T12:32:12Z,2026-07-19T14:32:12+0200,f397dbef-7cdb-41f6-bba7-8b8b09f52e7d,2026-07-16T18:15:00Z,2026-07-16T20:15:00+0200,2250.29858,MW,FR,FR,forecast_solar_generation,Solar,2026-07-19T12:33:22Z
2026-07-19T12:32:12Z,2026-07-19T14:32:12+0200,f397dbef-7cdb-41f6-bba7-8b8b09f52e7d,2026-07-16T18:30:00Z,2026-07-16T20:30:00+0200,1622.64355,MW,FR,FR,forecast_solar_generation,Solar,2026-07-19T12:33:22Z
2026-07-19T12:32:12Z,2026-07-19T14:32:12+0200,f397dbef-7cdb-41f6-bba7-8b8b09f52e7d,2026-07-16T18:45:00Z,2026-07-16T20:45:00+0200,1173.61267,MW,FR,FR,forecast_solar_generation,Solar,2026-07-19T12:33:22Z
2026-07-19T12:32:12Z,2026-07-19T14:32:12+0200,f397dbef-7cdb-41f6-bba7-8b8b09f52e7d,2026-07-16T19:00:00Z,2026-07-16T21:00:00+0200,784.71588,MW,FR,FR,forecast_solar_generation,Solar,2026-07-19T12:33:22Z
2026-07-19T12:32:12Z,2026-07-19T14:32:12+0200,f397dbef-7cdb-41f6-bba7-8b8b09f52e7d,2026-07-16T19:15:00Z,2026-07-16T21:15:00+0200,397.87061,MW,FR,FR,forecast_solar_generation,Solar,2026-07-19T12:33:22Z
2026-07-19T12:32:12Z,2026-07-19T14:32:12+0200,f397dbef-7cdb-41f6-bba7-8b8b09f52e7d,2026-07-16T19:30:00Z,2026-07-16T21:30:00+0200,141.12921,MW,FR,FR,forecast_solar_generation,Solar,2026-07-19T12:33:22Z
2026-07-19T12:32:12Z,2026-07-19T14:32:12+0200,f397dbef-7cdb-41f6-bba7-8b8b09f52e7d,2026-07-16T19:45:00Z,2026-07-16T21:45:00+0200,26.93974,MW,FR,FR,forecast_solar_generation,Solar,2026-07-19T12:33:22Z
2026-07-19T12:32:12Z,2026-07-19T14:32:12+0200,f397dbef-7cdb-41f6-bba7-8b8b09f52e7d,2026-07-16T20:00:00Z,2026-07-16T22:00:00+0200,1.13288,MW,FR,FR,forecast_solar_generation,Solar,2026-07-19T12:33:22Z
2026-07-19T12:32:12Z,2026-07-19T14:32:12+0200,f397dbef-7cdb-41f6-bba7-8b8b09f52e7d,2026-07-16T20:15:00Z,2026-07-16T22:15:00+0200,0.0,MW,FR,FR,forecast_solar_generation,Solar,2026-07-19T12:33:22Z
2026-07-19T12:32:12Z,2026-07-19T14:32:12+0200,f397dbef-7cdb-41f6-bba7-8b8b09f52e7d,2026-07-16T20:30:00Z,2026-07-16T22:30:00+0200,0.0,MW,FR,FR,forecast_solar_generation,Solar,2026-07-19T12:33:22Z
2026-07-19T12:32:12Z,2026-07-19T14:32:12+0200,f397dbef-7cdb-41f6-bba7-8b8b09f52e7d,2026-07-16T20:45:00Z,2026-07-16T22:45:00+0200,0.0,MW,FR,FR,forecast_solar_generation,Solar,2026-07-19T12:33:22Z
2026-07-19T12:32:12Z,2026-07-19T14:32:12+0200,f397dbef-7cdb-41f6-bba7-8b8b09f52e7d,2026-07-16T21:00:00Z,2026-07-16T23:00:00+0200,0.0,MW,FR,FR,forecast_solar_generation,Solar,2026-07-19T12:33:22Z
2026-07-19T12:32:12Z,2026-07-19T14:32:12+0200,f397dbef-7cdb-41f6-bba7-8b8b09f52e7d,2026-07-16T21:15:00Z,2026-07-16T23:15:00+0200,0.0,MW,FR,FR,forecast_solar_generation,Solar,2026-07-19T12:33:22Z
2026-07-19T12:32:12Z,2026-07-19T14:32:12+0200,f397dbef-7cdb-41f6-bba7-8b8b09f52e7d,2026-07-16T21:30:00Z,2026-07-16T23:30:00+0200,0.0,MW,FR,FR,forecast_solar_generation,Solar,2026-07-19T12:33:22Z
2026-07-19T12:32:12Z,2026-07-19T14:32:12+0200,f397dbef-7cdb-41f6-bba7-8b8b09f52e7d,2026-07-16T21:45:00Z,2026-07-16T23:45:00+0200,0.0,MW,FR,FR,forecast_solar_generation,Solar,2026-07-19T12:33:22Z
2026-07-19T12:32:12Z,2026-07-19T14:32:12+0200,f397dbef-7cdb-41f6-bba7-8b8b09f52e7d,2026-07-16T22:00:00Z,2026-07-17T00:00:00+0200,0.0,MW,FR,FR,forecast_solar_generation,Solar,2026-07-19T12:33:22Z
2026-07-19T12:32:12Z,2026-07-19T14:32:12+0200,f397dbef-7cdb-41f6-bba7-8b8b09f52e7d,2026-07-16T22:15:00Z,2026-07-17T00:15:00+0200,0.0,MW,FR,FR,forecast_solar_generation,Solar,2026-07-19T12:33:22Z
2026-07-19T12:32:12Z,2026-07-19T14:32:12+0200,f397dbef-7cdb-41f6-bba7-8b8b09f52e7d,2026-07-16T22:30:00Z,2026-07-17T00:30:00+0200,0.0,MW,FR,FR,forecast_solar_generation,Solar,2026-07-19T12:33:22Z
2026-07-19T12:32:12Z,2026-07-19T14:32:12+0200,f397dbef-7cdb-41f6-bba7-8b8b09f52e7d,2026-07-16T22:45:00Z,2026-07-17T00:45:00+0200,0.0,MW,FR,FR,forecast_solar_generation,Solar,2026-07-19T12:33:22Z
2026-07-19T12:32:12Z,2026-07-19T14:32:12+0200,f397dbef-7cdb-41f6-bba7-8b8b09f52e7d,2026-07-16T23:00:00Z,2026-07-17T01:00:00+0200,0.0,MW,FR,FR,forecast_solar_generation,Solar,2026-07-19T12:33:22Z
2026-07-19T12:32:12Z,2026-07-19T14:32:12+0200,f397dbef-7cdb-41f6-bba7-8b8b09f52e7d,2026-07-16T23:15:00Z,2026-07-17T01:15:00+0200,0.0,MW,FR,FR,forecast_solar_generation,Solar,2026-07-19T12:33:22Z
2026-07-19T12:32:12Z,2026-07-19T14:32:12+0200,f397dbef-7cdb-41f6-bba7-8b8b09f52e7d,2026-07-16T23:30:00Z,2026-07-17T01:30:00+0200,0.0,MW,FR,FR,forecast_solar_generation,Solar,2026-07-19T12:33:22Z
2026-07-19T12:32:12Z,2026-07-19T14:32:12+0200,f397dbef-7cdb-41f6-bba7-8b8b09f52e7d,2026-07-16T23:45:00Z,2026-07-17T01:45:00+0200,0.0,MW,FR,FR,forecast_solar_generation,Solar,2026-07-19T12:33:22Z
2026-07-19T12:32:12Z,2026-07-19T14:32:12+0200,f397dbef-7cdb-41f6-bba7-8b8b09f52e7d,2026-07-17T00:00:00Z,2026-07-17T02:00:00+0200,0.0,MW,FR,FR,forecast_solar_generation,Solar,2026-07-19T12:33:22Z
2026-07-19T12:32:12Z,2026-07-19T14:32:12+0200,f397dbef-7cdb-41f6-bba7-8b8b09f52e7d,2026-07-17T00:15:00Z,2026-07-17T02:15:00+0200,0.0,MW,FR,FR,forecast_solar_generation,Solar,2026-07-19T12:33:22Z
2026-07-19T12:32:12Z,2026-07-19T14:32:12+0200,f397dbef-7cdb-41f6-bba7-8b8b09f52e7d,2026-07-17T00:30:00Z,2026-07-17T02:30:00+0200,0.0,MW,FR,FR,forecast_solar_generation,Solar,2026-07-19T12:33:22Z
2026-07-19T12:32:12Z,2026-07-19T14:32:12+0200,f397dbef-7cdb-41f6-bba7-8b8b09f52e7d,2026-07-17T00:45:00Z,2026-07-17T02:45:00+0200,0.0,MW,FR,FR,forecast_solar_generation,Solar,2026-07-19T12:33:22Z
2026-07-19T12:32:12Z,2026-07-19T14:32:12+0200,f397dbef-7cdb-41f6-bba7-8b8b09f52e7d,2026-07-17T01:00:00Z,2026-07-17T03:00:00+0200,0.0,MW,FR,FR,forecast_solar_generation,Solar,2026-07-19T12:33:22Z
2026-07-19T12:32:12Z,2026-07-19T14:32:12+0200,f397dbef-7cdb-41f6-bba7-8b8b09f52e7d,2026-07-17T01:15:00Z,2026-07-17T03:15:00+0200,0.0,MW,FR,FR,forecast_solar_generation,Solar,2026-07-19T12:33:22Z
2026-07-19T12:32:12Z,2026-07-19T14:32:12+0200,f397dbef-7cdb-41f6-bba7-8b8b09f52e7d,2026-07-17T01:30:00Z,2026-07-17T03:30:00+0200,0.0,MW,FR,FR,forecast_solar_generation,Solar,2026-07-19T12:33:22Z
2026-07-19T12:32:12Z,2026-07-19T14:32:12+0200,f397dbef-7cdb-41f6-bba7-8b8b09f52e7d,2026-07-17T01:45:00Z,2026-07-17T03:45:00+0200,0.0,MW,FR,FR,forecast_solar_generation,Solar,2026-07-19T12:33:22Z
2026-07-19T12:32:12Z,2026-07-19T14:32:12+0200,f397dbef-7cdb-41f6-bba7-8b8b09f52e7d,2026-07-17T02:00:00Z,2026-07-17T04:00:00+0200,0.0,MW,FR,FR,forecast_solar_generation,Solar,2026-07-19T12:33:22Z
2026-07-19T12:32:12Z,2026-07-19T14:32:12+0200,f397dbef-7cdb-41f6-bba7-8b8b09f52e7d,2026-07-17T02:15:00Z,2026-07-17T04:15:00+0200,0.0,MW,FR,FR,forecast_solar_generation,Solar,2026-07-19T12:33:22Z
2026-07-19T12:32:12Z,2026-07-19T14:32:12+0200,f397dbef-7cdb-41f6-bba7-8b8b09f52e7d,2026-07-17T02:30:00Z,2026-07-17T04:30:00+0200,0.0,MW,FR,FR,forecast_solar_generation,Solar,2026-07-19T12:33:22Z
2026-07-19T12:32:12Z,2026-07-19T14:32:12+0200,f397dbef-7cdb-41f6-bba7-8b8b09f52e7d,2026-07-17T02:45:00Z,2026-07-17T04:45:00+0200,0.0,MW,FR,FR,forecast_solar_generation,Solar,2026-07-19T12:33:22Z
2026-07-19T12:32:12Z,2026-07-19T14:32:12+0200,f397dbef-7cdb-41f6-bba7-8b8b09f52e7d,2026-07-17T03:00:00Z,2026-07-17T05:00:00+0200,0.0,MW,FR,FR,forecast_solar_generation,Solar,2026-07-19T12:33:22Z
2026-07-19T12:32:12Z,2026-07-19T14:32:12+0200,f397dbef-7cdb-41f6-bba7-8b8b09f52e7d,2026-07-17T03:15:00Z,2026-07-17T05:15:00+0200,0.0,MW,FR,FR,forecast_solar_generation,Solar,2026-07-19T12:33:22Z
2026-07-19T12:32:12Z,2026-07-19T14:32:12+0200,f397dbef-7cdb-41f6-bba7-8b8b09f52e7d,2026-07-17T03:30:00Z,2026-07-17T05:30:00+0200,0.0,MW,FR,FR,forecast_solar_generation,Solar,2026-07-19T12:33:22Z
2026-07-19T12:32:12Z,2026-07-19T14:32:12+0200,f397dbef-7cdb-41f6-bba7-8b8b09f52e7d,2026-07-17T03:45:00Z,2026-07-17T05:45:00+0200,1.25677,MW,FR,FR,forecast_solar_generation,Solar,2026-07-19T12:33:22Z
2026-07-19T12:32:12Z,2026-07-19T14:32:12+0200,f397dbef-7cdb-41f6-bba7-8b8b09f52e7d,2026-07-17T04:00:00Z,2026-07-17T06:00:00+0200,22.94894,MW,FR,FR,forecast_solar_generation,Solar,2026-07-19T12:33:22Z
2026-07-19T12:32:12Z,2026-07-19T14:32:12+0200,f397dbef-7cdb-41f6-bba7-8b8b09f52e7d,2026-07-17T04:15:00Z,2026-07-17T06:15:00+0200,77.76956,MW,FR,FR,forecast_solar_generation,Solar,2026-07-19T12:33:22Z
2026-07-19T12:32:12Z,2026-07-19T14:32:12+0200,f397dbef-7cdb-41f6-bba7-8b8b09f52e7d,2026-07-17T04:30:00Z,2026-07-17T06:30:00+0200,155.58434,MW,FR,FR,forecast_solar_generation,Solar,2026-07-19T12:33:22Z
2026-07-19T12:32:12Z,2026-07-19T14:32:12+0200,f397dbef-7cdb-41f6-bba7-8b8b09f52e7d,2026-07-17T04:45:00Z,2026-07-17T06:45:00+0200,349.75165,MW,FR,FR,forecast_solar_generation,Solar,2026-07-19T12:33:22Z
2026-07-19T12:32:12Z,2026-07-19T14:32:12+0200,f397dbef-7cdb-41f6-bba7-8b8b09f52e7d,2026-07-17T05:00:00Z,2026-07-17T07:00:00+0200,651.56091,MW,FR,FR,forecast_solar_generation,Solar,2026-07-19T12:33:22Z
2026-07-19T12:32:12Z,2026-07-19T14:32:12+0200,f397dbef-7cdb-41f6-bba7-8b8b09f52e7d,2026-07-17T05:15:00Z,2026-07-17T07:15:00+0200,1010.10321,MW,FR,FR,forecast_solar_generation,Solar,2026-07-19T12:33:22Z
2026-07-19T12:32:12Z,2026-07-19T14:32:12+0200,f397dbef-7cdb-41f6-bba7-8b8b09f52e7d,2026-07-17T05:30:00Z,2026-07-17T07:30:00+0200,1446.37122,MW,FR,FR,forecast_solar_generation,Solar,2026-07-19T12:33:22Z
2026-07-19T12:32:12Z,2026-07-19T14:32:12+0200,f397dbef-7cdb-41f6-bba7-8b8b09f52e7d,2026-07-17T05:45:00Z,2026-07-17T07:45:00+0200,2066.84644,MW,FR,FR,forecast_solar_generation,Solar,2026-07-19T12:33:22Z
2026-07-19T12:32:12Z,2026-07-19T14:32:12+0200,f397dbef-7cdb-41f6-bba7-8b8b09f52e7d,2026-07-17T06:00:00Z,2026-07-17T08:00:00+0200,2794.79224,MW,FR,FR,forecast_solar_generation,Solar,2026-07-19T12:33:22Z
2026-07-19T12:32:12Z,2026-07-19T14:32:12+0200,f397dbef-7cdb-41f6-bba7-8b8b09f52e7d,2026-07-17T06:15:00Z,2026-07-17T08:15:00+0200,3668.90234,MW,FR,FR,forecast_solar_generation,Solar,2026-07-19T12:33:22Z
2026-07-19T12:32:12Z,2026-07-19T14:32:12+0200,f397dbef-7cdb-41f6-bba7-8b8b09f52e7d,2026-07-17T06:30:00Z,2026-07-17T08:30:00+0200,4460.5752,MW,FR,FR,forecast_solar_generation,Solar,2026-07-19T12:33:22Z
2026-07-19T12:32:12Z,2026-07-19T14:32:12+0200,f397dbef-7cdb-41f6-bba7-8b8b09f52e7d,2026-07-17T06:45:00Z,2026-07-17T08:45:00+0200,5559.87402,MW,FR,FR,forecast_solar_generation,Solar,2026-07-19T12:33:22Z
2026-07-19T12:32:12Z,2026-07-19T14:32:12+0200,f397dbef-7cdb-41f6-bba7-8b8b09f52e7d,2026-07-17T07:00:00Z,2026-07-17T09:00:00+0200,6446.84131,MW,FR,FR,forecast_solar_generation,Solar,2026-07-19T12:33:22Z
2026-07-19T12:32:12Z,2026-07-19T14:32:12+0200,f397dbef-7cdb-41f6-bba7-8b8b09f52e7d,2026-07-17T07:15:00Z,2026-07-17T09:15:00+0200,7590.22217,MW,FR,FR,forecast_solar_generation,Solar,2026-07-19T12:33:22Z
2026-07-19T12:32:12Z,2026-07-19T14:32:12+0200,f397dbef-7cdb-41f6-bba7-8b8b09f52e7d,2026-07-17T07:30:00Z,2026-07-17T09:30:00+0200,8545.22949,MW,FR,FR,forecast_solar_generation,Solar,2026-07-19T12:33:22Z
2026-07-19T12:32:12Z,2026-07-19T14:32:12+0200,f397dbef-7cdb-41f6-bba7-8b8b09f52e7d,2026-07-17T07:45:00Z,2026-07-17T09:45:00+0200,9486.04004,MW,FR,FR,forecast_solar_generation,Solar,2026-07-19T12:33:22Z
2026-07-19T12:32:12Z,2026-07-19T14:32:12+0200,f397dbef-7cdb-41f6-bba7-8b8b09f52e7d,2026-07-17T08:00:00Z,2026-07-17T10:00:00+0200,10329.56738,MW,FR,FR,forecast_solar_generation,Solar,2026-07-19T12:33:22Z
2026-07-19T12:32:12Z,2026-07-19T14:32:12+0200,f397dbef-7cdb-41f6-bba7-8b8b09f52e7d,2026-07-17T08:15:00Z,2026-07-17T10:15:00+0200,11382.64551,MW,FR,FR,forecast_solar_generation,Solar,2026-07-19T12:33:22Z
2026-07-19T12:32:12Z,2026-07-19T14:32:12+0200,f397dbef-7cdb-41f6-bba7-8b8b09f52e7d,2026-07-17T08:30:00Z,2026-07-17T10:30:00+0200,12229.5332,MW,FR,FR,forecast_solar_generation,Solar,2026-07-19T12:33:22Z
2026-07-19T12:32:12Z,2026-07-19T14:32:12+0200,f397dbef-7cdb-41f6-bba7-8b8b09f52e7d,2026-07-17T08:45:00Z,2026-07-17T10:45:00+0200,13175.61816,MW,FR,FR,forecast_solar_generation,Solar,2026-07-19T12:33:22Z
2026-07-19T12:32:12Z,2026-07-19T14:32:12+0200,f397dbef-7cdb-41f6-bba7-8b8b09f52e7d,2026-07-17T09:00:00Z,2026-07-17T11:00:00+0200,14055.41895,MW,FR,FR,forecast_solar_generation,Solar,2026-07-19T12:33:22Z
2026-07-19T12:32:12Z,2026-07-19T14:32:12+0200,f397dbef-7cdb-41f6-bba7-8b8b09f52e7d,2026-07-17T09:15:00Z,2026-07-17T11:15:00+0200,14946.90137,MW,FR,FR,forecast_solar_generation,Solar,2026-07-19T12:33:22Z
2026-07-19T12:32:12Z,2026-07-19T14:32:12+0200,f397dbef-7cdb-41f6-bba7-8b8b09f52e7d,2026-07-17T09:30:00Z,2026-07-17T11:30:00+0200,15736.96094,MW,FR,FR,forecast_solar_generation,Solar,2026-07-19T12:33:22Z
2026-07-19T12:32:12Z,2026-07-19T14:32:12+0200,f397dbef-7cdb-41f6-bba7-8b8b09f52e7d,2026-07-17T09:45:00Z,2026-07-17T11:45:00+0200,16289.42773,MW,FR,FR,forecast_solar_generation,Solar,2026-07-19T12:33:22Z
2026-07-19T12:32:12Z,2026-07-19T14:32:12+0200,f397dbef-7cdb-41f6-bba7-8b8b09f52e7d,2026-07-17T10:00:00Z,2026-07-17T12:00:00+0200,16890.74414,MW,FR,FR,forecast_solar_generation,Solar,2026-07-19T12:33:22Z
2026-07-19T12:32:12Z,2026-07-19T14:32:12+0200,f397dbef-7cdb-41f6-bba7-8b8b09f52e7d,2026-07-17T10:15:00Z,2026-07-17T12:15:00+0200,17416.4043,MW,FR,FR,forecast_solar_generation,Solar,2026-07-19T12:33:22Z
2026-07-19T12:32:12Z,2026-07-19T14:32:12+0200,f397dbef-7cdb-41f6-bba7-8b8b09f52e7d,2026-07-17T10:30:00Z,2026-07-17T12:30:00+0200,17935.90625,MW,FR,FR,forecast_solar_generation,Solar,2026-07-19T12:33:22Z
2026-07-19T12:32:12Z,2026-07-19T14:32:12+0200,f397dbef-7cdb-41f6-bba7-8b8b09f52e7d,2026-07-17T10:45:00Z,2026-07-17T12:45:00+0200,18201.61914,MW,FR,FR,forecast_solar_generation,Solar,2026-07-19T12:33:22Z
2026-07-19T12:32:12Z,2026-07-19T14:32:12+0200,f397dbef-7cdb-41f6-bba7-8b8b09f52e7d,2026-07-17T11:00:00Z,2026-07-17T13:00:00+0200,18476.72461,MW,FR,FR,forecast_solar_generation,Solar,2026-07-19T12:33:22Z
2026-07-19T12:32:12Z,2026-07-19T14:32:12+0200,f397dbef-7cdb-41f6-bba7-8b8b09f52e7d,2026-07-17T11:15:00Z,2026-07-17T13:15:00+0200,18715.95312,MW,FR,FR,forecast_solar_generation,Solar,2026-07-19T12:33:22Z
2026-07-19T12:32:12Z,2026-07-19T14:32:12+0200,f397dbef-7cdb-41f6-bba7-8b8b09f52e7d,2026-07-17T11:30:00Z,2026-07-17T13:30:00+0200,18966.7793,MW,FR,FR,forecast_solar_generation,Solar,2026-07-19T12:33:22Z
2026-07-19T12:32:12Z,2026-07-19T14:32:12+0200,f397dbef-7cdb-41f6-bba7-8b8b09f52e7d,2026-07-17T11:45:00Z,2026-07-17T13:45:00+0200,19011.79883,MW,FR,FR,forecast_solar_generation,Solar,2026-07-19T12:33:22Z
2026-07-19T12:32:12Z,2026-07-19T14:32:12+0200,f397dbef-7cdb-41f6-bba7-8b8b09f52e7d,2026-07-17T12:00:00Z,2026-07-17T14:00:00+0200,19058.42969,MW,FR,FR,forecast_solar_generation,Solar,2026-07-19T12:33:22Z
2026-07-19T12:32:12Z,2026-07-19T14:32:12+0200,f397dbef-7cdb-41f6-bba7-8b8b09f52e7d,2026-07-17T12:15:00Z,2026-07-17T14:15:00+0200,19040.96094,MW,FR,FR,forecast_solar_generation,Solar,2026-07-19T12:33:22Z
2026-07-19T12:32:12Z,2026-07-19T14:32:12+0200,f397dbef-7cdb-41f6-bba7-8b8b09f52e7d,2026-07-17T12:30:00Z,2026-07-17T14:30:00+0200,18992.71289,MW,FR,FR,forecast_solar_generation,Solar,2026-07-19T12:33:22Z
2026-07-19T12:32:12Z,2026-07-19T14:32:12+0200,f397dbef-7cdb-41f6-bba7-8b8b09f52e7d,2026-07-17T12:45:00Z,2026-07-17T14:45:00+0200,18719.95898,MW,FR,FR,forecast_solar_generation,Solar,2026-07-19T12:33:22Z
2026-07-19T12:32:12Z,2026-07-19T14:32:12+0200,f397dbef-7cdb-41f6-bba7-8b8b09f52e7d,2026-07-17T13:00:00Z,2026-07-17T15:00:00+0200,18428.31836,MW,FR,FR,forecast_solar_generation,Solar,2026-07-19T12:33:22Z
2026-07-19T12:32:12Z,2026-07-19T14:32:12+0200,f397dbef-7cdb-41f6-bba7-8b8b09f52e7d,2026-07-17T13:15:00Z,2026-07-17T15:15:00+0200,18119.66211,MW,FR,FR,forecast_solar_generation,Solar,2026-07-19T12:33:22Z
2026-07-19T12:32:12Z,2026-07-19T14:32:12+0200,f397dbef-7cdb-41f6-bba7-8b8b09f52e7d,2026-07-17T13:30:00Z,2026-07-17T15:30:00+0200,17825.25977,MW,FR,FR,forecast_solar_generation,Solar,2026-07-19T12:33:22Z
2026-07-19T12:32:12Z,2026-07-19T14:32:12+0200,f397dbef-7cdb-41f6-bba7-8b8b09f52e7d,2026-07-17T13:45:00Z,2026-07-17T15:45:00+0200,17315.125,MW,FR,FR,forecast_solar_generation,Solar,2026-07-19T12:33:22Z
2026-07-19T12:32:12Z,2026-07-19T14:32:12+0200,f397dbef-7cdb-41f6-bba7-8b8b09f52e7d,2026-07-17T14:00:00Z,2026-07-17T16:00:00+0200,16821.12891,MW,FR,FR,forecast_solar_generation,Solar,2026-07-19T12:33:22Z
2026-07-19T12:32:12Z,2026-07-19T14:32:12+0200,f397dbef-7cdb-41f6-bba7-8b8b09f52e7d,2026-07-17T14:15:00Z,2026-07-17T16:15:00+0200,16292.36035,MW,FR,FR,forecast_solar_generation,Solar,2026-07-19T12:33:22Z
2026-07-19T12:32:12Z,2026-07-19T14:32:12+0200,f397dbef-7cdb-41f6-bba7-8b8b09f52e7d,2026-07-17T14:30:00Z,2026-07-17T16:30:00+0200,15730.77051,MW,FR,FR,forecast_solar_generation,Solar,2026-07-19T12:33:22Z
2026-07-19T12:32:12Z,2026-07-19T14:32:12+0200,f397dbef-7cdb-41f6-bba7-8b8b09f52e7d,2026-07-17T14:45:00Z,2026-07-17T16:45:00+0200,15051.91699,MW,FR,FR,forecast_solar_generation,Solar,2026-07-19T12:33:22Z
2026-07-19T12:32:12Z,2026-07-19T14:32:12+0200,f397dbef-7cdb-41f6-bba7-8b8b09f52e7d,2026-07-17T15:00:00Z,2026-07-17T17:00:00+0200,14364.23242,MW,FR,FR,forecast_solar_generation,Solar,2026-07-19T12:33:22Z
2026-07-19T12:32:12Z,2026-07-19T14:32:12+0200,f397dbef-7cdb-41f6-bba7-8b8b09f52e7d,2026-07-17T15:15:00Z,2026-07-17T17:15:00+0200,13566.03223,MW,FR,FR,forecast_solar_generation,Solar,2026-07-19T12:33:22Z
2026-07-19T12:32:12Z,2026-07-19T14:32:12+0200,f397dbef-7cdb-41f6-bba7-8b8b09f52e7d,2026-07-17T15:30:00Z,2026-07-17T17:30:00+0200,12771.36914,MW,FR,FR,forecast_solar_generation,Solar,2026-07-19T12:33:22Z
2026-07-19T12:32:12Z,2026-07-19T14:32:12+0200,f397dbef-7cdb-41f6-bba7-8b8b09f52e7d,2026-07-17T15:45:00Z,2026-07-17T17:45:00+0200,12012.6709,MW,FR,FR,forecast_solar_generation,Solar,2026-07-19T12:33:22Z
2026-07-19T12:32:12Z,2026-07-19T14:32:12+0200,f397dbef-7cdb-41f6-bba7-8b8b09f52e7d,2026-07-17T16:00:00Z,2026-07-17T18:00:00+0200,11161.0957,MW,FR,FR,forecast_solar_generation,Solar,2026-07-19T12:33:22Z
2026-07-19T12:32:12Z,2026-07-19T14:32:12+0200,f397dbef-7cdb-41f6-bba7-8b8b09f52e7d,2026-07-17T16:15:00Z,2026-07-17T18:15:00+0200,10217.27441,MW,FR,FR,forecast_solar_generation,Solar,2026-07-19T12:33:22Z
2026-07-19T12:32:12Z,2026-07-19T14:32:12+0200,f397dbef-7cdb-41f6-bba7-8b8b09f52e7d,2026-07-17T16:30:00Z,2026-07-17T18:30:00+0200,9303.63379,MW,FR,FR,forecast_solar_generation,Solar,2026-07-19T12:33:22Z
2026-07-19T12:32:12Z,2026-07-19T14:32:12+0200,f397dbef-7cdb-41f6-bba7-8b8b09f52e7d,2026-07-17T16:45:00Z,2026-07-17T18:45:00+0200,8377.21777,MW,FR,FR,forecast_solar_generation,Solar,2026-07-19T12:33:22Z
2026-07-19T12:32:12Z,2026-07-19T14:32:12+0200,f397dbef-7cdb-41f6-bba7-8b8b09f52e7d,2026-07-17T17:00:00Z,2026-07-17T19:00:00+0200,7259.8208,MW,FR,FR,forecast_solar_generation,Solar,2026-07-19T12:33:22Z
2026-07-19T12:32:12Z,2026-07-19T14:32:12+0200,f397dbef-7cdb-41f6-bba7-8b8b09f52e7d,2026-07-17T17:15:00Z,2026-07-17T19:15:00+0200,6310.08105,MW,FR,FR,forecast_solar_generation,Solar,2026-07-19T12:33:22Z
2026-07-19T12:32:12Z,2026-07-19T14:32:12+0200,f397dbef-7cdb-41f6-bba7-8b8b09f52e7d,2026-07-17T17:30:00Z,2026-07-17T19:30:00+0200,5166.17725,MW,FR,FR,forecast_solar_generation,Solar,2026-07-19T12:33:22Z
2026-07-19T12:32:12Z,2026-07-19T14:32:12+0200,f397dbef-7cdb-41f6-bba7-8b8b09f52e7d,2026-07-17T17:45:00Z,2026-07-17T19:45:00+0200,4311.91162,MW,FR,FR,forecast_solar_generation,Solar,2026-07-19T12:33:22Z
2026-07-19T12:32:12Z,2026-07-19T14:32:12+0200,f397dbef-7cdb-41f6-bba7-8b8b09f52e7d,2026-07-17T18:00:00Z,2026-07-17T20:00:00+0200,3274.79517,MW,FR,FR,forecast_solar_generation,Solar,2026-07-19T12:33:22Z
2026-07-19T12:32:12Z,2026-07-19T14:32:12+0200,f397dbef-7cdb-41f6-bba7-8b8b09f52e7d,2026-07-17T18:15:00Z,2026-07-17T20:15:00+0200,2484.34302,MW,FR,FR,forecast_solar_generation,Solar,2026-07-19T12:33:22Z
2026-07-19T12:32:12Z,2026-07-19T14:32:12+0200,f397dbef-7cdb-41f6-bba7-8b8b09f52e7d,2026-07-17T18:30:00Z,2026-07-17T20:30:00+0200,1777.33569,MW,FR,FR,forecast_solar_generation,Solar,2026-07-19T12:33:22Z
2026-07-19T12:32:12Z,2026-07-19T14:32:12+0200,f397dbef-7cdb-41f6-bba7-8b8b09f52e7d,2026-07-17T18:45:00Z,2026-07-17T20:45:00+0200,1284.98267,MW,FR,FR,forecast_solar_generation,Solar,2026-07-19T12:33:22Z
2026-07-19T12:32:12Z,2026-07-19T14:32:12+0200,f397dbef-7cdb-41f6-bba7-8b8b09f52e7d,2026-07-17T19:00:00Z,2026-07-17T21:00:00+0200,861.3194,MW,FR,FR,forecast_solar_generation,Solar,2026-07-19T12:33:22Z
2026-07-19T12:32:12Z,2026-07-19T14:32:12+0200,f397dbef-7cdb-41f6-bba7-8b8b09f52e7d,2026-07-17T19:15:00Z,2026-07-17T21:15:00+0200,440.82385,MW,FR,FR,forecast_solar_generation,Solar,2026-07-19T12:33:22Z
2026-07-19T12:32:12Z,2026-07-19T14:32:12+0200,f397dbef-7cdb-41f6-bba7-8b8b09f52e7d,2026-07-17T19:30:00Z,2026-07-17T21:30:00+0200,149.81548,MW,FR,FR,forecast_solar_generation,Solar,2026-07-19T12:33:22Z
2026-07-19T12:32:12Z,2026-07-19T14:32:12+0200,f397dbef-7cdb-41f6-bba7-8b8b09f52e7d,2026-07-17T19:45:00Z,2026-07-17T21:45:00+0200,28.29635,MW,FR,FR,forecast_solar_generation,Solar,2026-07-19T12:33:22Z
2026-07-19T12:32:12Z,2026-07-19T14:32:12+0200,f397dbef-7cdb-41f6-bba7-8b8b09f52e7d,2026-07-17T20:00:00Z,2026-07-17T22:00:00+0200,1.12321,MW,FR,FR,forecast_solar_generation,Solar,2026-07-19T12:33:22Z
2026-07-19T12:32:12Z,2026-07-19T14:32:12+0200,f397dbef-7cdb-41f6-bba7-8b8b09f52e7d,2026-07-17T20:15:00Z,2026-07-17T22:15:00+0200,0.0,MW,FR,FR,forecast_solar_generation,Solar,2026-07-19T12:33:22Z
2026-07-19T12:32:12Z,2026-07-19T14:32:12+0200,f397dbef-7cdb-41f6-bba7-8b8b09f52e7d,2026-07-17T20:30:00Z,2026-07-17T22:30:00+0200,0.0,MW,FR,FR,forecast_solar_generation,Solar,2026-07-19T12:33:22Z
2026-07-19T12:32:12Z,2026-07-19T14:32:12+0200,f397dbef-7cdb-41f6-bba7-8b8b09f52e7d,2026-07-17T20:45:00Z,2026-07-17T22:45:00+0200,0.0,MW,FR,FR,forecast_solar_generation,Solar,2026-07-19T12:33:22Z
2026-07-19T12:32:12Z,2026-07-19T14:32:12+0200,f397dbef-7cdb-41f6-bba7-8b8b09f52e7d,2026-07-17T21:00:00Z,2026-07-17T23:00:00+0200,0.0,MW,FR,FR,forecast_solar_generation,Solar,2026-07-19T12:33:22Z
2026-07-19T12:32:12Z,2026-07-19T14:32:12+0200,f397dbef-7cdb-41f6-bba7-8b8b09f52e7d,2026-07-17T21:15:00Z,2026-07-17T23:15:00+0200,0.0,MW,FR,FR,forecast_solar_generation,Solar,2026-07-19T12:33:22Z
2026-07-19T12:32:12Z,2026-07-19T14:32:12+0200,f397dbef-7cdb-41f6-bba7-8b8b09f52e7d,2026-07-17T21:30:00Z,2026-07-17T23:30:00+0200,0.0,MW,FR,FR,forecast_solar_generation,Solar,2026-07-19T12:33:22Z
2026-07-19T12:32:12Z,2026-07-19T14:32:12+0200,f397dbef-7cdb-41f6-bba7-8b8b09f52e7d,2026-07-17T21:45:00Z,2026-07-17T23:45:00+0200,0.0,MW,FR,FR,forecast_solar_generation,Solar,2026-07-19T12:33:22Z
2026-07-19T12:32:12Z,2026-07-19T14:32:12+0200,f397dbef-7cdb-41f6-bba7-8b8b09f52e7d,2026-07-17T22:00:00Z,2026-07-18T00:00:00+0200,0.0,MW,FR,FR,forecast_solar_generation,Solar,2026-07-19T12:33:22Z
2026-07-19T12:32:12Z,2026-07-19T14:32:12+0200,f397dbef-7cdb-41f6-bba7-8b8b09f52e7d,2026-07-17T22:15:00Z,2026-07-18T00:15:00+0200,0.0,MW,FR,FR,forecast_solar_generation,Solar,2026-07-19T12:33:22Z
2026-07-19T12:32:12Z,2026-07-19T14:32:12+0200,f397dbef-7cdb-41f6-bba7-8b8b09f52e7d,2026-07-17T22:30:00Z,2026-07-18T00:30:00+0200,0.0,MW,FR,FR,forecast_solar_generation,Solar,2026-07-19T12:33:22Z
2026-07-19T12:32:12Z,2026-07-19T14:32:12+0200,f397dbef-7cdb-41f6-bba7-8b8b09f52e7d,2026-07-17T22:45:00Z,2026-07-18T00:45:00+0200,0.0,MW,FR,FR,forecast_solar_generation,Solar,2026-07-19T12:33:22Z
2026-07-19T12:32:12Z,2026-07-19T14:32:12+0200,f397dbef-7cdb-41f6-bba7-8b8b09f52e7d,2026-07-17T23:00:00Z,2026-07-18T01:00:00+0200,0.0,MW,FR,FR,forecast_solar_generation,Solar,2026-07-19T12:33:22Z
2026-07-19T12:32:12Z,2026-07-19T14:32:12+0200,f397dbef-7cdb-41f6-bba7-8b8b09f52e7d,2026-07-17T23:15:00Z,2026-07-18T01:15:00+0200,0.0,MW,FR,FR,forecast_solar_generation,Solar,2026-07-19T12:33:22Z
2026-07-19T12:32:12Z,2026-07-19T14:32:12+0200,f397dbef-7cdb-41f6-bba7-8b8b09f52e7d,2026-07-17T23:30:00Z,2026-07-18T01:30:00+0200,0.0,MW,FR,FR,forecast_solar_generation,Solar,2026-07-19T12:33:22Z
2026-07-19T12:32:12Z,2026-07-19T14:32:12+0200,f397dbef-7cdb-41f6-bba7-8b8b09f52e7d,2026-07-17T23:45:00Z,2026-07-18T01:45:00+0200,0.0,MW,FR,FR,forecast_solar_generation,Solar,2026-07-19T12:33:22Z
2026-07-19T12:32:12Z,2026-07-19T14:32:12+0200,f397dbef-7cdb-41f6-bba7-8b8b09f52e7d,2026-07-18T00:00:00Z,2026-07-18T02:00:00+0200,0.0,MW,FR,FR,forecast_solar_generation,Solar,2026-07-19T12:33:22Z
2026-07-19T12:32:12Z,2026-07-19T14:32:12+0200,f397dbef-7cdb-41f6-bba7-8b8b09f52e7d,2026-07-18T00:15:00Z,2026-07-18T02:15:00+0200,0.0,MW,FR,FR,forecast_solar_generation,Solar,2026-07-19T12:33:22Z
2026-07-19T12:32:12Z,2026-07-19T14:32:12+0200,f397dbef-7cdb-41f6-bba7-8b8b09f52e7d,2026-07-18T00:30:00Z,2026-07-18T02:30:00+0200,0.0,MW,FR,FR,forecast_solar_generation,Solar,2026-07-19T12:33:22Z
2026-07-19T12:32:12Z,2026-07-19T14:32:12+0200,f397dbef-7cdb-41f6-bba7-8b8b09f52e7d,2026-07-18T00:45:00Z,2026-07-18T02:45:00+0200,0.0,MW,FR,FR,forecast_solar_generation,Solar,2026-07-19T12:33:22Z
2026-07-19T12:32:12Z,2026-07-19T14:32:12+0200,f397dbef-7cdb-41f6-bba7-8b8b09f52e7d,2026-07-18T01:00:00Z,2026-07-18T03:00:00+0200,0.0,MW,FR,FR,forecast_solar_generation,Solar,2026-07-19T12:33:22Z
2026-07-19T12:32:12Z,2026-07-19T14:32:12+0200,f397dbef-7cdb-41f6-bba7-8b8b09f52e7d,2026-07-18T01:15:00Z,2026-07-18T03:15:00+0200,0.0,MW,FR,FR,forecast_solar_generation,Solar,2026-07-19T12:33:22Z
2026-07-19T12:32:12Z,2026-07-19T14:32:12+0200,f397dbef-7cdb-41f6-bba7-8b8b09f52e7d,2026-07-18T01:30:00Z,2026-07-18T03:30:00+0200,0.0,MW,FR,FR,forecast_solar_generation,Solar,2026-07-19T12:33:22Z
2026-07-19T12:32:12Z,2026-07-19T14:32:12+0200,f397dbef-7cdb-41f6-bba7-8b8b09f52e7d,2026-07-18T01:45:00Z,2026-07-18T03:45:00+0200,0.0,MW,FR,FR,forecast_solar_generation,Solar,2026-07-19T12:33:22Z
2026-07-19T12:32:12Z,2026-07-19T14:32:12+0200,f397dbef-7cdb-41f6-bba7-8b8b09f52e7d,2026-07-18T02:00:00Z,2026-07-18T04:00:00+0200,0.0,MW,FR,FR,forecast_solar_generation,Solar,2026-07-19T12:33:22Z
2026-07-19T12:32:12Z,2026-07-19T14:32:12+0200,f397dbef-7cdb-41f6-bba7-8b8b09f52e7d,2026-07-18T02:15:00Z,2026-07-18T04:15:00+0200,0.0,MW,FR,FR,forecast_solar_generation,Solar,2026-07-19T12:33:22Z
2026-07-19T12:32:12Z,2026-07-19T14:32:12+0200,f397dbef-7cdb-41f6-bba7-8b8b09f52e7d,2026-07-18T02:30:00Z,2026-07-18T04:30:00+0200,0.0,MW,FR,FR,forecast_solar_generation,Solar,2026-07-19T12:33:22Z
2026-07-19T12:32:12Z,2026-07-19T14:32:12+0200,f397dbef-7cdb-41f6-bba7-8b8b09f52e7d,2026-07-18T02:45:00Z,2026-07-18T04:45:00+0200,0.0,MW,FR,FR,forecast_solar_generation,Solar,2026-07-19T12:33:22Z
2026-07-19T12:32:12Z,2026-07-19T14:32:12+0200,f397dbef-7cdb-41f6-bba7-8b8b09f52e7d,2026-07-18T03:00:00Z,2026-07-18T05:00:00+0200,0.0,MW,FR,FR,forecast_solar_generation,Solar,2026-07-19T12:33:22Z
2026-07-19T12:32:12Z,2026-07-19T14:32:12+0200,f397dbef-7cdb-41f6-bba7-8b8b09f52e7d,2026-07-18T03:15:00Z,2026-07-18T05:15:00+0200,0.0,MW,FR,FR,forecast_solar_generation,Solar,2026-07-19T12:33:22Z
2026-07-19T12:32:12Z,2026-07-19T14:32:12+0200,f397dbef-7cdb-41f6-bba7-8b8b09f52e7d,2026-07-18T03:30:00Z,2026-07-18T05:30:00+0200,0.0,MW,FR,FR,forecast_solar_generation,Solar,2026-07-19T12:33:22Z
2026-07-19T12:32:12Z,2026-07-19T14:32:12+0200,f397dbef-7cdb-41f6-bba7-8b8b09f52e7d,2026-07-18T03:45:00Z,2026-07-18T05:45:00+0200,0.57489,MW,FR,FR,forecast_solar_generation,Solar,2026-07-19T12:33:22Z
2026-07-19T12:32:12Z,2026-07-19T14:32:12+0200,f397dbef-7cdb-41f6-bba7-8b8b09f52e7d,2026-07-18T04:00:00Z,2026-07-18T06:00:00+0200,20.1376,MW,FR,FR,forecast_solar_generation,Solar,2026-07-19T12:33:22Z
2026-07-19T12:32:12Z,2026-07-19T14:32:12+0200,f397dbef-7cdb-41f6-bba7-8b8b09f52e7d,2026-07-18T04:15:00Z,2026-07-18T06:15:00+0200,69.83212,MW,FR,FR,forecast_solar_generation,Solar,2026-07-19T12:33:22Z
2026-07-19T12:32:12Z,2026-07-19T14:32:12+0200,f397dbef-7cdb-41f6-bba7-8b8b09f52e7d,2026-07-18T04:30:00Z,2026-07-18T06:30:00+0200,141.09505,MW,FR,FR,forecast_solar_generation,Solar,2026-07-19T12:33:22Z
2026-07-19T12:32:12Z,2026-07-19T14:32:12+0200,f397dbef-7cdb-41f6-bba7-8b8b09f52e7d,2026-07-18T04:45:00Z,2026-07-18T06:45:00+0200,367.04324,MW,FR,FR,forecast_solar_generation,Solar,2026-07-19T12:33:22Z
2026-07-19T12:32:12Z,2026-07-19T14:32:12+0200,f397dbef-7cdb-41f6-bba7-8b8b09f52e7d,2026-07-18T05:00:00Z,2026-07-18T07:00:00+0200,712.75525,MW,FR,FR,forecast_solar_generation,Solar,2026-07-19T12:33:22Z
2026-07-19T12:32:12Z,2026-07-19T14:32:12+0200,f397dbef-7cdb-41f6-bba7-8b8b09f52e7d,2026-07-18T05:15:00Z,2026-07-18T07:15:00+0200,1118.47961,MW,FR,FR,forecast_solar_generation,Solar,2026-07-19T12:33:22Z
2026-07-19T12:32:12Z,2026-07-19T14:32:12+0200,f397dbef-7cdb-41f6-bba7-8b8b09f52e7d,2026-07-18T05:30:00Z,2026-07-18T07:30:00+0200,1570.24084,MW,FR,FR,forecast_solar_generation,Solar,2026-07-19T12:33:22Z
2026-07-19T12:32:12Z,2026-07-19T14:32:12+0200,f397dbef-7cdb-41f6-bba7-8b8b09f52e7d,2026-07-18T05:45:00Z,2026-07-18T07:45:00+0200,2336.75269,MW,FR,FR,forecast_solar_generation,Solar,2026-07-19T12:33:22Z
2026-07-19T12:32:12Z,2026-07-19T14:32:12+0200,f397dbef-7cdb-41f6-bba7-8b8b09f52e7d,2026-07-18T06:00:00Z,2026-07-18T08:00:00+0200,3197.22412,MW,FR,FR,forecast_solar_generation,Solar,2026-07-19T12:33:22Z
2026-07-19T12:32:12Z,2026-07-19T14:32:12+0200,f397dbef-7cdb-41f6-bba7-8b8b09f52e7d,2026-07-18T06:15:00Z,2026-07-18T08:15:00+0200,4218.96826,MW,FR,FR,forecast_solar_generation,Solar,2026-07-19T12:33:22Z
2026-07-19T12:32:12Z,2026-07-19T14:32:12+0200,f397dbef-7cdb-41f6-bba7-8b8b09f52e7d,2026-07-18T06:30:00Z,2026-07-18T08:30:00+0200,5182.71875,MW,FR,FR,forecast_solar_generation,Solar,2026-07-19T12:33:22Z
2026-07-19T12:32:12Z,2026-07-19T14:32:12+0200,f397dbef-7cdb-41f6-bba7-8b8b09f52e7d,2026-07-18T06:45:00Z,2026-07-18T08:45:00+0200,6508.19043,MW,FR,FR,forecast_solar_generation,Solar,2026-07-19T12:33:22Z
2026-07-19T12:32:12Z,2026-07-19T14:32:12+0200,f397dbef-7cdb-41f6-bba7-8b8b09f52e7d,2026-07-18T07:00:00Z,2026-07-18T09:00:00+0200,7595.51416,MW,FR,FR,forecast_solar_generation,Solar,2026-07-19T12:33:22Z
2026-07-19T12:32:12Z,2026-07-19T14:32:12+0200,f397dbef-7cdb-41f6-bba7-8b8b09f52e7d,2026-07-18T07:15:00Z,2026-07-18T09:15:00+0200,8936.64844,MW,FR,FR,forecast_solar_generation,Solar,2026-07-19T12:33:22Z
2026-07-19T12:32:12Z,2026-07-19T14:32:12+0200,f397dbef-7cdb-41f6-bba7-8b8b09f52e7d,2026-07-18T07:30:00Z,2026-07-18T09:30:00+0200,10002.15625,MW,FR,FR,forecast_solar_generation,Solar,2026-07-19T12:33:22Z
2026-07-19T12:32:12Z,2026-07-19T14:32:12+0200,f397dbef-7cdb-41f6-bba7-8b8b09f52e7d,2026-07-18T07:45:00Z,2026-07-18T09:45:00+0200,11189.83887,MW,FR,FR,forecast_solar_generation,Solar,2026-07-19T12:33:22Z
2026-07-19T12:32:12Z,2026-07-19T14:32:12+0200,f397dbef-7cdb-41f6-bba7-8b8b09f52e7d,2026-07-18T08:00:00Z,2026-07-18T10:00:00+0200,12241.57812,MW,FR,FR,forecast_solar_generation,Solar,2026-07-19T12:33:22Z
2026-07-19T12:32:12Z,2026-07-19T14:32:12+0200,f397dbef-7cdb-41f6-bba7-8b8b09f52e7d,2026-07-18T08:15:00Z,2026-07-18T10:15:00+0200,13466.75781,MW,FR,FR,forecast_solar_generation,Solar,2026-07-19T12:33:22Z
2026-07-19T12:32:12Z,2026-07-19T14:32:12+0200,f397dbef-7cdb-41f6-bba7-8b8b09f52e7d,2026-07-18T08:30:00Z,2026-07-18T10:30:00+0200,14422.94727,MW,FR,FR,forecast_solar_generation,Solar,2026-07-19T12:33:22Z
2026-07-19T12:32:12Z,2026-07-19T14:32:12+0200,f397dbef-7cdb-41f6-bba7-8b8b09f52e7d,2026-07-18T08:45:00Z,2026-07-18T10:45:00+0200,15300.46094,MW,FR,FR,forecast_solar_generation,Solar,2026-07-19T12:33:22Z
2026-07-19T12:32:12Z,2026-07-19T14:32:12+0200,f397dbef-7cdb-41f6-bba7-8b8b09f52e7d,2026-07-18T09:00:00Z,2026-07-18T11:00:00+0200,16068.32422,MW,FR,FR,forecast_solar_generation,Solar,2026-07-19T12:33:22Z
2026-07-19T12:32:12Z,2026-07-19T14:32:12+0200,f397dbef-7cdb-41f6-bba7-8b8b09f52e7d,2026-07-18T09:15:00Z,2026-07-18T11:15:00+0200,16795.89062,MW,FR,FR,forecast_solar_generation,Solar,2026-07-19T12:33:22Z
2026-07-19T12:32:12Z,2026-07-19T14:32:12+0200,f397dbef-7cdb-41f6-bba7-8b8b09f52e7d,2026-07-18T09:30:00Z,2026-07-18T11:30:00+0200,17433.73047,MW,FR,FR,forecast_solar_generation,Solar,2026-07-19T12:33:22Z
2026-07-19T12:32:12Z,2026-07-19T14:32:12+0200,f397dbef-7cdb-41f6-bba7-8b8b09f52e7d,2026-07-18T09:45:00Z,2026-07-18T11:45:00+0200,17942.26562,MW,FR,FR,forecast_solar_generation,Solar,2026-07-19T12:33:22Z
2026-07-19T12:32:12Z,2026-07-19T14:32:12+0200,f397dbef-7cdb-41f6-bba7-8b8b09f52e7d,2026-07-18T10:00:00Z,2026-07-18T12:00:00+0200,18450.87695,MW,FR,FR,forecast_solar_generation,Solar,2026-07-19T12:33:22Z
2026-07-19T12:32:12Z,2026-07-19T14:32:12+0200,f397dbef-7cdb-41f6-bba7-8b8b09f52e7d,2026-07-18T10:15:00Z,2026-07-18T12:15:00+0200,18844.28516,MW,FR,FR,forecast_solar_generation,Solar,2026-07-19T12:33:22Z
2026-07-19T12:32:12Z,2026-07-19T14:32:12+0200,f397dbef-7cdb-41f6-bba7-8b8b09f52e7d,2026-07-18T10:30:00Z,2026-07-18T12:30:00+0200,19228.48047,MW,FR,FR,forecast_solar_generation,Solar,2026-07-19T12:33:22Z
2026-07-19T12:32:12Z,2026-07-19T14:32:12+0200,f397dbef-7cdb-41f6-bba7-8b8b09f52e7d,2026-07-18T10:45:00Z,2026-07-18T12:45:00+0200,19394.75,MW,FR,FR,forecast_solar_generation,Solar,2026-07-19T12:33:22Z
2026-07-19T12:32:12Z,2026-07-19T14:32:12+0200,f397dbef-7cdb-41f6-bba7-8b8b09f52e7d,2026-07-18T11:00:00Z,2026-07-18T13:00:00+0200,19607.69727,MW,FR,FR,forecast_solar_generation,Solar,2026-07-19T12:33:22Z
2026-07-19T12:32:12Z,2026-07-19T14:32:12+0200,f397dbef-7cdb-41f6-bba7-8b8b09f52e7d,2026-07-18T11:15:00Z,2026-07-18T13:15:00+0200,19780.0625,MW,FR,FR,forecast_solar_generation,Solar,2026-07-19T12:33:22Z
2026-07-19T12:32:12Z,2026-07-19T14:32:12+0200,f397dbef-7cdb-41f6-bba7-8b8b09f52e7d,2026-07-18T11:30:00Z,2026-07-18T13:30:00+0200,15431.48242,MW,FR,FR,forecast_solar_generation,Solar,2026-07-19T12:33:22Z
2026-07-19T12:32:12Z,2026-07-19T14:32:12+0200,f397dbef-7cdb-41f6-bba7-8b8b09f52e7d,2026-07-18T11:45:00Z,2026-07-18T13:45:00+0200,15475.11133,MW,FR,FR,forecast_solar_generation,Solar,2026-07-19T12:33:22Z
2026-07-19T12:32:12Z,2026-07-19T14:32:12+0200,f397dbef-7cdb-41f6-bba7-8b8b09f52e7d,2026-07-18T12:00:00Z,2026-07-18T14:00:00+0200,15500.75098,MW,FR,FR,forecast_solar_generation,Solar,2026-07-19T12:33:22Z
2026-07-19T12:32:12Z,2026-07-19T14:32:12+0200,f397dbef-7cdb-41f6-bba7-8b8b09f52e7d,2026-07-18T12:15:00Z,2026-07-18T14:15:00+0200,15488.2168,MW,FR,FR,forecast_solar_generation,Solar,2026-07-19T12:33:22Z
2026-07-19T12:32:12Z,2026-07-19T14:32:12+0200,f397dbef-7cdb-41f6-bba7-8b8b09f52e7d,2026-07-18T12:30:00Z,2026-07-18T14:30:00+0200,15421.79883,MW,FR,FR,forecast_solar_generation,Solar,2026-07-19T12:33:22Z
2026-07-19T12:32:12Z,2026-07-19T14:32:12+0200,f397dbef-7cdb-41f6-bba7-8b8b09f52e7d,2026-07-18T12:45:00Z,2026-07-18T14:45:00+0200,15312.53711,MW,FR,FR,forecast_solar_generation,Solar,2026-07-19T12:33:22Z
2026-07-19T12:32:12Z,2026-07-19T14:32:12+0200,f397dbef-7cdb-41f6-bba7-8b8b09f52e7d,2026-07-18T13:00:00Z,2026-07-18T15:00:00+0200,15163.1582,MW,FR,FR,forecast_solar_generation,Solar,2026-07-19T12:33:22Z
2026-07-19T12:32:12Z,2026-07-19T14:32:12+0200,f397dbef-7cdb-41f6-bba7-8b8b09f52e7d,2026-07-18T13:15:00Z,2026-07-18T15:15:00+0200,19312.16992,MW,FR,FR,forecast_solar_generation,Solar,2026-07-19T12:33:22Z
2026-07-19T12:32:12Z,2026-07-19T14:32:12+0200,f397dbef-7cdb-41f6-bba7-8b8b09f52e7d,2026-07-18T13:30:00Z,2026-07-18T15:30:00+0200,19045.4668,MW,FR,FR,forecast_solar_generation,Solar,2026-07-19T12:33:22Z
2026-07-19T12:32:12Z,2026-07-19T14:32:12+0200,f397dbef-7cdb-41f6-bba7-8b8b09f52e7d,2026-07-18T13:45:00Z,2026-07-18T15:45:00+0200,18613.30664,MW,FR,FR,forecast_solar_generation,Solar,2026-07-19T12:33:22Z
2026-07-19T12:32:12Z,2026-07-19T14:32:12+0200,f397dbef-7cdb-41f6-bba7-8b8b09f52e7d,2026-07-18T14:00:00Z,2026-07-18T16:00:00+0200,18168.06836,MW,FR,FR,forecast_solar_generation,Solar,2026-07-19T12:33:22Z
2026-07-19T12:32:12Z,2026-07-19T14:32:12+0200,f397dbef-7cdb-41f6-bba7-8b8b09f52e7d,2026-07-18T14:15:00Z,2026-07-18T16:15:00+0200,17657.77148,MW,FR,FR,forecast_solar_generation,Solar,2026-07-19T12:33:22Z
2026-07-19T12:32:12Z,2026-07-19T14:32:12+0200,f397dbef-7cdb-41f6-bba7-8b8b09f52e7d,2026-07-18T14:30:00Z,2026-07-18T16:30:00+0200,17041.13672,MW,FR,FR,forecast_solar_generation,Solar,2026-07-19T12:33:22Z
2026-07-19T12:32:12Z,2026-07-19T14:32:12+0200,f397dbef-7cdb-41f6-bba7-8b8b09f52e7d,2026-07-18T14:45:00Z,2026-07-18T16:45:00+0200,16328.66992,MW,FR,FR,forecast_solar_generation,Solar,2026-07-19T12:33:22Z
2026-07-19T12:32:12Z,2026-07-19T14:32:12+0200,f397dbef-7cdb-41f6-bba7-8b8b09f52e7d,2026-07-18T15:00:00Z,2026-07-18T17:00:00+0200,15605.8877,MW,FR,FR,forecast_solar_generation,Solar,2026-07-19T12:33:22Z
2026-07-19T12:32:12Z,2026-07-19T14:32:12+0200,f397dbef-7cdb-41f6-bba7-8b8b09f52e7d,2026-07-18T15:15:00Z,2026-07-18T17:15:00+0200,14765.72461,MW,FR,FR,forecast_solar_generation,Solar,2026-07-19T12:33:22Z
2026-07-19T12:32:12Z,2026-07-19T14:32:12+0200,f397dbef-7cdb-41f6-bba7-8b8b09f52e7d,2026-07-18T15:30:00Z,2026-07-18T17:30:00+0200,13942.42578,MW,FR,FR,forecast_solar_generation,Solar,2026-07-19T12:33:22Z
2026-07-19T12:32:12Z,2026-07-19T14:32:12+0200,f397dbef-7cdb-41f6-bba7-8b8b09f52e7d,2026-07-18T15:45:00Z,2026-07-18T17:45:00+0200,13067.625,MW,FR,FR,forecast_solar_generation,Solar,2026-07-19T12:33:22Z
2026-07-19T12:32:12Z,2026-07-19T14:32:12+0200,f397dbef-7cdb-41f6-bba7-8b8b09f52e7d,2026-07-18T16:00:00Z,2026-07-18T18:00:00+0200,12113.19727,MW,FR,FR,forecast_solar_generation,Solar,2026-07-19T12:33:22Z
2026-07-19T12:32:12Z,2026-07-19T14:32:12+0200,f397dbef-7cdb-41f6-bba7-8b8b09f52e7d,2026-07-18T16:15:00Z,2026-07-18T18:15:00+0200,11077.1543,MW,FR,FR,forecast_solar_generation,Solar,2026-07-19T12:33:22Z
2026-07-19T12:32:12Z,2026-07-19T14:32:12+0200,f397dbef-7cdb-41f6-bba7-8b8b09f52e7d,2026-07-18T16:30:00Z,2026-07-18T18:30:00+0200,9992.3291,MW,FR,FR,forecast_solar_generation,Solar,2026-07-19T12:33:22Z
2026-07-19T12:32:12Z,2026-07-19T14:32:12+0200,f397dbef-7cdb-41f6-bba7-8b8b09f52e7d,2026-07-18T16:45:00Z,2026-07-18T18:45:00+0200,8975.28418,MW,FR,FR,forecast_solar_generation,Solar,2026-07-19T12:33:22Z
2026-07-19T12:32:12Z,2026-07-19T14:32:12+0200,f397dbef-7cdb-41f6-bba7-8b8b09f52e7d,2026-07-18T17:00:00Z,2026-07-18T19:00:00+0200,7751.46777,MW,FR,FR,forecast_solar_generation,Solar,2026-07-19T12:33:22Z
2026-07-19T12:32:12Z,2026-07-19T14:32:12+0200,f397dbef-7cdb-41f6-bba7-8b8b09f52e7d,2026-07-18T17:15:00Z,2026-07-18T19:15:00+0200,6676.48926,MW,FR,FR,forecast_solar_generation,Solar,2026-07-19T12:33:22Z
2026-07-19T12:32:12Z,2026-07-19T14:32:12+0200,f397dbef-7cdb-41f6-bba7-8b8b09f52e7d,2026-07-18T17:30:00Z,2026-07-18T19:30:00+0200,5448.55615,MW,FR,FR,forecast_solar_generation,Solar,2026-07-19T12:33:22Z
2026-07-19T12:32:12Z,2026-07-19T14:32:12+0200,f397dbef-7cdb-41f6-bba7-8b8b09f52e7d,2026-07-18T17:45:00Z,2026-07-18T19:45:00+0200,4529.23193,MW,FR,FR,forecast_solar_generation,Solar,2026-07-19T12:33:22Z
2026-07-19T12:32:12Z,2026-07-19T14:32:12+0200,f397dbef-7cdb-41f6-bba7-8b8b09f52e7d,2026-07-18T18:00:00Z,2026-07-18T20:00:00+0200,3449.46436,MW,FR,FR,forecast_solar_generation,Solar,2026-07-19T12:33:22Z
2026-07-19T12:32:12Z,2026-07-19T14:32:12+0200,f397dbef-7cdb-41f6-bba7-8b8b09f52e7d,2026-07-18T18:15:00Z,2026-07-18T20:15:00+0200,2601.79297,MW,FR,FR,forecast_solar_generation,Solar,2026-07-19T12:33:22Z
2026-07-19T12:32:12Z,2026-07-19T14:32:12+0200,f397dbef-7cdb-41f6-bba7-8b8b09f52e7d,2026-07-18T18:30:00Z,2026-07-18T20:30:00+0200,1843.05188,MW,FR,FR,forecast_solar_generation,Solar,2026-07-19T12:33:22Z
2026-07-19T12:32:12Z,2026-07-19T14:32:12+0200,f397dbef-7cdb-41f6-bba7-8b8b09f52e7d,2026-07-18T18:45:00Z,2026-07-18T20:45:00+0200,1322.32373,MW,FR,FR,forecast_solar_generation,Solar,2026-07-19T12:33:22Z
2026-07-19T12:32:12Z,2026-07-19T14:32:12+0200,f397dbef-7cdb-41f6-bba7-8b8b09f52e7d,2026-07-18T19:00:00Z,2026-07-18T21:00:00+0200,869.65912,MW,FR,FR,forecast_solar_generation,Solar,2026-07-19T12:33:22Z
2026-07-19T12:32:12Z,2026-07-19T14:32:12+0200,f397dbef-7cdb-41f6-bba7-8b8b09f52e7d,2026-07-18T19:15:00Z,2026-07-18T21:15:00+0200,435.67603,MW,FR,FR,forecast_solar_generation,Solar,2026-07-19T12:33:22Z
2026-07-19T12:32:12Z,2026-07-19T14:32:12+0200,f397dbef-7cdb-41f6-bba7-8b8b09f52e7d,2026-07-18T19:30:00Z,2026-07-18T21:30:00+0200,139.28702,MW,FR,FR,forecast_solar_generation,Solar,2026-07-19T12:33:22Z
2026-07-19T12:32:12Z,2026-07-19T14:32:12+0200,f397dbef-7cdb-41f6-bba7-8b8b09f52e7d,2026-07-18T19:45:00Z,2026-07-18T21:45:00+0200,23.22523,MW,FR,FR,forecast_solar_generation,Solar,2026-07-19T12:33:22Z
2026-07-19T12:32:12Z,2026-07-19T14:32:12+0200,f397dbef-7cdb-41f6-bba7-8b8b09f52e7d,2026-07-18T20:00:00Z,2026-07-18T22:00:00+0200,0.49179,MW,FR,FR,forecast_solar_generation,Solar,2026-07-19T12:33:22Z
2026-07-19T12:32:12Z,2026-07-19T14:32:12+0200,f397dbef-7cdb-41f6-bba7-8b8b09f52e7d,2026-07-18T20:15:00Z,2026-07-18T22:15:00+0200,0.0,MW,FR,FR,forecast_solar_generation,Solar,2026-07-19T12:33:22Z
2026-07-19T12:32:12Z,2026-07-19T14:32:12+0200,f397dbef-7cdb-41f6-bba7-8b8b09f52e7d,2026-07-18T20:30:00Z,2026-07-18T22:30:00+0200,0.0,MW,FR,FR,forecast_solar_generation,Solar,2026-07-19T12:33:22Z
2026-07-19T12:32:12Z,2026-07-19T14:32:12+0200,f397dbef-7cdb-41f6-bba7-8b8b09f52e7d,2026-07-18T20:45:00Z,2026-07-18T22:45:00+0200,0.0,MW,FR,FR,forecast_solar_generation,Solar,2026-07-19T12:33:22Z
2026-07-19T12:32:12Z,2026-07-19T14:32:12+0200,f397dbef-7cdb-41f6-bba7-8b8b09f52e7d,2026-07-18T21:00:00Z,2026-07-18T23:00:00+0200,0.0,MW,FR,FR,forecast_solar_generation,Solar,2026-07-19T12:33:22Z
2026-07-19T12:32:12Z,2026-07-19T14:32:12+0200,f397dbef-7cdb-41f6-bba7-8b8b09f52e7d,2026-07-18T21:15:00Z,2026-07-18T23:15:00+0200,0.0,MW,FR,FR,forecast_solar_generation,Solar,2026-07-19T12:33:22Z
2026-07-19T12:32:12Z,2026-07-19T14:32:12+0200,f397dbef-7cdb-41f6-bba7-8b8b09f52e7d,2026-07-18T21:30:00Z,2026-07-18T23:30:00+0200,0.0,MW,FR,FR,forecast_solar_generation,Solar,2026-07-19T12:33:22Z
2026-07-19T12:32:12Z,2026-07-19T14:32:12+0200,f397dbef-7cdb-41f6-bba7-8b8b09f52e7d,2026-07-18T21:45:00Z,2026-07-18T23:45:00+0200,0.0,MW,FR,FR,forecast_solar_generation,Solar,2026-07-19T12:33:22Z
2026-07-19T12:32:12Z,2026-07-19T14:32:12+0200,f397dbef-7cdb-41f6-bba7-8b8b09f52e7d,2026-07-18T22:00:00Z,2026-07-19T00:00:00+0200,0.0,MW,FR,FR,forecast_solar_generation,Solar,2026-07-19T12:33:22Z
2026-07-19T12:32:12Z,2026-07-19T14:32:12+0200,f397dbef-7cdb-41f6-bba7-8b8b09f52e7d,2026-07-18T22:15:00Z,2026-07-19T00:15:00+0200,0.0,MW,FR,FR,forecast_solar_generation,Solar,2026-07-19T12:33:22Z
2026-07-19T12:32:12Z,2026-07-19T14:32:12+0200,f397dbef-7cdb-41f6-bba7-8b8b09f52e7d,2026-07-18T22:30:00Z,2026-07-19T00:30:00+0200,0.0,MW,FR,FR,forecast_solar_generation,Solar,2026-07-19T12:33:22Z
2026-07-19T12:32:12Z,2026-07-19T14:32:12+0200,f397dbef-7cdb-41f6-bba7-8b8b09f52e7d,2026-07-18T22:45:00Z,2026-07-19T00:45:00+0200,0.0,MW,FR,FR,forecast_solar_generation,Solar,2026-07-19T12:33:22Z
2026-07-19T12:32:12Z,2026-07-19T14:32:12+0200,f397dbef-7cdb-41f6-bba7-8b8b09f52e7d,2026-07-18T23:00:00Z,2026-07-19T01:00:00+0200,0.0,MW,FR,FR,forecast_solar_generation,Solar,2026-07-19T12:33:22Z
2026-07-19T12:32:12Z,2026-07-19T14:32:12+0200,f397dbef-7cdb-41f6-bba7-8b8b09f52e7d,2026-07-18T23:15:00Z,2026-07-19T01:15:00+0200,0.0,MW,FR,FR,forecast_solar_generation,Solar,2026-07-19T12:33:22Z
2026-07-19T12:32:12Z,2026-07-19T14:32:12+0200,f397dbef-7cdb-41f6-bba7-8b8b09f52e7d,2026-07-18T23:30:00Z,2026-07-19T01:30:00+0200,0.0,MW,FR,FR,forecast_solar_generation,Solar,2026-07-19T12:33:22Z
2026-07-19T12:32:12Z,2026-07-19T14:32:12+0200,f397dbef-7cdb-41f6-bba7-8b8b09f52e7d,2026-07-18T23:45:00Z,2026-07-19T01:45:00+0200,0.0,MW,FR,FR,forecast_solar_generation,Solar,2026-07-19T12:33:22Z
2026-07-19T12:32:12Z,2026-07-19T14:32:12+0200,f397dbef-7cdb-41f6-bba7-8b8b09f52e7d,2026-07-19T00:00:00Z,2026-07-19T02:00:00+0200,0.0,MW,FR,FR,forecast_solar_generation,Solar,2026-07-19T12:33:22Z
2026-07-19T12:32:12Z,2026-07-19T14:32:12+0200,f397dbef-7cdb-41f6-bba7-8b8b09f52e7d,2026-07-19T00:15:00Z,2026-07-19T02:15:00+0200,0.0,MW,FR,FR,forecast_solar_generation,Solar,2026-07-19T12:33:22Z
2026-07-19T12:32:12Z,2026-07-19T14:32:12+0200,f397dbef-7cdb-41f6-bba7-8b8b09f52e7d,2026-07-19T00:30:00Z,2026-07-19T02:30:00+0200,0.0,MW,FR,FR,forecast_solar_generation,Solar,2026-07-19T12:33:22Z
2026-07-19T12:32:12Z,2026-07-19T14:32:12+0200,f397dbef-7cdb-41f6-bba7-8b8b09f52e7d,2026-07-19T00:45:00Z,2026-07-19T02:45:00+0200,0.0,MW,FR,FR,forecast_solar_generation,Solar,2026-07-19T12:33:22Z
2026-07-19T12:32:12Z,2026-07-19T14:32:12+0200,f397dbef-7cdb-41f6-bba7-8b8b09f52e7d,2026-07-19T01:00:00Z,2026-07-19T03:00:00+0200,0.0,MW,FR,FR,forecast_solar_generation,Solar,2026-07-19T12:33:22Z
2026-07-19T12:32:12Z,2026-07-19T14:32:12+0200,f397dbef-7cdb-41f6-bba7-8b8b09f52e7d,2026-07-19T01:15:00Z,2026-07-19T03:15:00+0200,0.0,MW,FR,FR,forecast_solar_generation,Solar,2026-07-19T12:33:22Z
2026-07-19T12:32:12Z,2026-07-19T14:32:12+0200,f397dbef-7cdb-41f6-bba7-8b8b09f52e7d,2026-07-19T01:30:00Z,2026-07-19T03:30:00+0200,0.0,MW,FR,FR,forecast_solar_generation,Solar,2026-07-19T12:33:22Z
2026-07-19T12:32:12Z,2026-07-19T14:32:12+0200,f397dbef-7cdb-41f6-bba7-8b8b09f52e7d,2026-07-19T01:45:00Z,2026-07-19T03:45:00+0200,0.0,MW,FR,FR,forecast_solar_generation,Solar,2026-07-19T12:33:22Z
2026-07-19T12:32:12Z,2026-07-19T14:32:12+0200,f397dbef-7cdb-41f6-bba7-8b8b09f52e7d,2026-07-19T02:00:00Z,2026-07-19T04:00:00+0200,0.0,MW,FR,FR,forecast_solar_generation,Solar,2026-07-19T12:33:22Z
2026-07-19T12:32:12Z,2026-07-19T14:32:12+0200,f397dbef-7cdb-41f6-bba7-8b8b09f52e7d,2026-07-19T02:15:00Z,2026-07-19T04:15:00+0200,0.0,MW,FR,FR,forecast_solar_generation,Solar,2026-07-19T12:33:22Z
2026-07-19T12:32:12Z,2026-07-19T14:32:12+0200,f397dbef-7cdb-41f6-bba7-8b8b09f52e7d,2026-07-19T02:30:00Z,2026-07-19T04:30:00+0200,0.0,MW,FR,FR,forecast_solar_generation,Solar,2026-07-19T12:33:22Z
2026-07-19T12:32:12Z,2026-07-19T14:32:12+0200,f397dbef-7cdb-41f6-bba7-8b8b09f52e7d,2026-07-19T02:45:00Z,2026-07-19T04:45:00+0200,0.0,MW,FR,FR,forecast_solar_generation,Solar,2026-07-19T12:33:22Z
2026-07-19T12:32:12Z,2026-07-19T14:32:12+0200,f397dbef-7cdb-41f6-bba7-8b8b09f52e7d,2026-07-19T03:00:00Z,2026-07-19T05:00:00+0200,0.0,MW,FR,FR,forecast_solar_generation,Solar,2026-07-19T12:33:22Z
2026-07-19T12:32:12Z,2026-07-19T14:32:12+0200,f397dbef-7cdb-41f6-bba7-8b8b09f52e7d,2026-07-19T03:15:00Z,2026-07-19T05:15:00+0200,0.0,MW,FR,FR,forecast_solar_generation,Solar,2026-07-19T12:33:22Z
2026-07-19T12:32:12Z,2026-07-19T14:32:12+0200,f397dbef-7cdb-41f6-bba7-8b8b09f52e7d,2026-07-19T03:30:00Z,2026-07-19T05:30:00+0200,0.0,MW,FR,FR,forecast_solar_generation,Solar,2026-07-19T12:33:22Z
2026-07-19T12:32:12Z,2026-07-19T14:32:12+0200,f397dbef-7cdb-41f6-bba7-8b8b09f52e7d,2026-07-19T03:45:00Z,2026-07-19T05:45:00+0200,0.25933,MW,FR,FR,forecast_solar_generation,Solar,2026-07-19T12:33:22Z
2026-07-19T12:32:12Z,2026-07-19T14:32:12+0200,f397dbef-7cdb-41f6-bba7-8b8b09f52e7d,2026-07-19T04:00:00Z,2026-07-19T06:00:00+0200,17.64369,MW,FR,FR,forecast_solar_generation,Solar,2026-07-19T12:33:22Z
2026-07-19T12:32:12Z,2026-07-19T14:32:12+0200,f397dbef-7cdb-41f6-bba7-8b8b09f52e7d,2026-07-19T04:15:00Z,2026-07-19T06:15:00+0200,61.74677,MW,FR,FR,forecast_solar_generation,Solar,2026-07-19T12:33:22Z
2026-07-19T12:32:12Z,2026-07-19T14:32:12+0200,f397dbef-7cdb-41f6-bba7-8b8b09f52e7d,2026-07-19T04:30:00Z,2026-07-19T06:30:00+0200,133.94196,MW,FR,FR,forecast_solar_generation,Solar,2026-07-19T12:33:22Z
2026-07-19T12:32:12Z,2026-07-19T14:32:12+0200,f397dbef-7cdb-41f6-bba7-8b8b09f52e7d,2026-07-19T04:45:00Z,2026-07-19T06:45:00+0200,366.64145,MW,FR,FR,forecast_solar_generation,Solar,2026-07-19T12:33:22Z
2026-07-19T12:32:12Z,2026-07-19T14:32:12+0200,f397dbef-7cdb-41f6-bba7-8b8b09f52e7d,2026-07-19T05:00:00Z,2026-07-19T07:00:00+0200,722.01324,MW,FR,FR,forecast_solar_generation,Solar,2026-07-19T12:33:22Z
2026-07-19T12:32:12Z,2026-07-19T14:32:12+0200,f397dbef-7cdb-41f6-bba7-8b8b09f52e7d,2026-07-19T05:15:00Z,2026-07-19T07:15:00+0200,1124.18164,MW,FR,FR,forecast_solar_generation,Solar,2026-07-19T12:33:22Z
2026-07-19T12:32:12Z,2026-07-19T14:32:12+0200,f397dbef-7cdb-41f6-bba7-8b8b09f52e7d,2026-07-19T05:30:00Z,2026-07-19T07:30:00+0200,1608.69629,MW,FR,FR,forecast_solar_generation,Solar,2026-07-19T12:33:22Z
2026-07-19T12:32:12Z,2026-07-19T14:32:12+0200,f397dbef-7cdb-41f6-bba7-8b8b09f52e7d,2026-07-19T05:45:00Z,2026-07-19T07:45:00+0200,2374.52466,MW,FR,FR,forecast_solar_generation,Solar,2026-07-19T12:33:22Z
2026-07-19T12:32:12Z,2026-07-19T14:32:12+0200,f397dbef-7cdb-41f6-bba7-8b8b09f52e7d,2026-07-19T06:00:00Z,2026-07-19T08:00:00+0200,3256.53296,MW,FR,FR,forecast_solar_generation,Solar,2026-07-19T12:33:22Z
2026-07-19T12:32:12Z,2026-07-19T14:32:12+0200,f397dbef-7cdb-41f6-bba7-8b8b09f52e7d,2026-07-19T06:15:00Z,2026-07-19T08:15:00+0200,4301.72754,MW,FR,FR,forecast_solar_generation,Solar,2026-07-19T12:33:22Z
2026-07-19T12:32:12Z,2026-07-19T14:32:12+0200,f397dbef-7cdb-41f6-bba7-8b8b09f52e7d,2026-07-19T06:30:00Z,2026-07-19T08:30:00+0200,5315.21338,MW,FR,FR,forecast_solar_generation,Solar,2026-07-19T12:33:22Z
2026-07-19T12:32:12Z,2026-07-19T14:32:12+0200,f397dbef-7cdb-41f6-bba7-8b8b09f52e7d,2026-07-19T06:45:00Z,2026-07-19T08:45:00+0200,6632.34717,MW,FR,FR,forecast_solar_generation,Solar,2026-07-19T12:33:22Z
2026-07-19T12:32:12Z,2026-07-19T14:32:12+0200,f397dbef-7cdb-41f6-bba7-8b8b09f52e7d,2026-07-19T07:00:00Z,2026-07-19T09:00:00+0200,7764.26367,MW,FR,FR,forecast_solar_generation,Solar,2026-07-19T12:33:22Z
2026-07-19T12:32:12Z,2026-07-19T14:32:12+0200,f397dbef-7cdb-41f6-bba7-8b8b09f52e7d,2026-07-19T07:15:00Z,2026-07-19T09:15:00+0200,9101.42285,MW,FR,FR,forecast_solar_generation,Solar,2026-07-19T12:33:22Z
2026-07-19T12:32:12Z,2026-07-19T14:32:12+0200,f397dbef-7cdb-41f6-bba7-8b8b09f52e7d,2026-07-19T07:30:00Z,2026-07-19T09:30:00+0200,7840.80957,MW,FR,FR,forecast_solar_generation,Solar,2026-07-19T12:33:22Z
2026-07-19T12:32:12Z,2026-07-19T14:32:12+0200,f397dbef-7cdb-41f6-bba7-8b8b09f52e7d,2026-07-19T07:45:00Z,2026-07-19T09:45:00+0200,8744.35059,MW,FR,FR,forecast_solar_generation,Solar,2026-07-19T12:33:22Z
2026-07-19T12:32:12Z,2026-07-19T14:32:12+0200,f397dbef-7cdb-41f6-bba7-8b8b09f52e7d,2026-07-19T08:00:00Z,2026-07-19T10:00:00+0200,9593.19141,MW,FR,FR,forecast_solar_generation,Solar,2026-07-19T12:33:22Z
2026-07-19T12:32:12Z,2026-07-19T14:32:12+0200,f397dbef-7cdb-41f6-bba7-8b8b09f52e7d,2026-07-19T08:15:00Z,2026-07-19T10:15:00+0200,10500.6875,MW,FR,FR,forecast_solar_generation,Solar,2026-07-19T12:33:22Z
2026-07-19T12:32:12Z,2026-07-19T14:32:12+0200,f397dbef-7cdb-41f6-bba7-8b8b09f52e7d,2026-07-19T08:30:00Z,2026-07-19T10:30:00+0200,11248.81934,MW,FR,FR,forecast_solar_generation,Solar,2026-07-19T12:33:22Z
2026-07-19T12:32:12Z,2026-07-19T14:32:12+0200,f397dbef-7cdb-41f6-bba7-8b8b09f52e7d,2026-07-19T08:45:00Z,2026-07-19T10:45:00+0200,11963.17773,MW,FR,FR,forecast_solar_generation,Solar,2026-07-19T12:33:22Z
2026-07-19T12:32:12Z,2026-07-19T14:32:12+0200,f397dbef-7cdb-41f6-bba7-8b8b09f52e7d,2026-07-19T09:00:00Z,2026-07-19T11:00:00+0200,12609.6123,MW,FR,FR,forecast_solar_generation,Solar,2026-07-19T12:33:22Z
2026-07-19T12:32:12Z,2026-07-19T14:32:12+0200,f397dbef-7cdb-41f6-bba7-8b8b09f52e7d,2026-07-19T09:15:00Z,2026-07-19T11:15:00+0200,13202.79004,MW,FR,FR,forecast_solar_generation,Solar,2026-07-19T12:33:22Z
2026-07-19T12:32:12Z,2026-07-19T14:32:12+0200,f397dbef-7cdb-41f6-bba7-8b8b09f52e7d,2026-07-19T09:30:00Z,2026-07-19T11:30:00+0200,13742.02734,MW,FR,FR,forecast_solar_generation,Solar,2026-07-19T12:33:22Z
2026-07-19T12:32:12Z,2026-07-19T14:32:12+0200,f397dbef-7cdb-41f6-bba7-8b8b09f52e7d,2026-07-19T09:45:00Z,2026-07-19T11:45:00+0200,14196.78516,MW,FR,FR,forecast_solar_generation,Solar,2026-07-19T12:33:22Z
2026-07-19T12:32:12Z,2026-07-19T14:32:12+0200,f397dbef-7cdb-41f6-bba7-8b8b09f52e7d,2026-07-19T10:00:00Z,2026-07-19T12:00:00+0200,14633.01855,MW,FR,FR,forecast_solar_generation,Solar,2026-07-19T12:33:22Z
2026-07-19T12:32:12Z,2026-07-19T14:32:12+0200,f397dbef-7cdb-41f6-bba7-8b8b09f52e7d,2026-07-19T10:15:00Z,2026-07-19T12:15:00+0200,15014.05273,MW,FR,FR,forecast_solar_generation,Solar,2026-07-19T12:33:22Z
2026-07-19T12:32:12Z,2026-07-19T14:32:12+0200,f397dbef-7cdb-41f6-bba7-8b8b09f52e7d,2026-07-19T10:30:00Z,2026-07-19T12:30:00+0200,14231.82617,MW,FR,FR,forecast_solar_generation,Solar,2026-07-19T12:33:22Z
2026-07-19T12:32:12Z,2026-07-19T14:32:12+0200,f397dbef-7cdb-41f6-bba7-8b8b09f52e7d,2026-07-19T10:45:00Z,2026-07-19T12:45:00+0200,14100.25586,MW,FR,FR,forecast_solar_generation,Solar,2026-07-19T12:33:22Z
2026-07-19T12:32:12Z,2026-07-19T14:32:12+0200,f397dbef-7cdb-41f6-bba7-8b8b09f52e7d,2026-07-19T11:00:00Z,2026-07-19T13:00:00+0200,14055.44043,MW,FR,FR,forecast_solar_generation,Solar,2026-07-19T12:33:22Z
2026-07-19T12:32:12Z,2026-07-19T14:32:12+0200,f397dbef-7cdb-41f6-bba7-8b8b09f52e7d,2026-07-19T11:15:00Z,2026-07-19T13:15:00+0200,13928.94727,MW,FR,FR,forecast_solar_generation,Solar,2026-07-19T12:33:22Z
2026-07-19T12:32:12Z,2026-07-19T14:32:12+0200,f397dbef-7cdb-41f6-bba7-8b8b09f52e7d,2026-07-19T11:30:00Z,2026-07-19T13:30:00+0200,14062.67578,MW,FR,FR,forecast_solar_generation,Solar,2026-07-19T12:33:22Z
2026-07-19T12:32:12Z,2026-07-19T14:32:12+0200,f397dbef-7cdb-41f6-bba7-8b8b09f52e7d,2026-07-19T11:45:00Z,2026-07-19T13:45:00+0200,14111.84863,MW,FR,FR,forecast_solar_generation,Solar,2026-07-19T12:33:22Z
2026-07-19T12:32:12Z,2026-07-19T14:32:12+0200,f397dbef-7cdb-41f6-bba7-8b8b09f52e7d,2026-07-19T12:00:00Z,2026-07-19T14:00:00+0200,14126.44629,MW,FR,FR,forecast_solar_generation,Solar,2026-07-19T12:33:22Z
2026-07-19T12:32:12Z,2026-07-19T14:32:12+0200,f397dbef-7cdb-41f6-bba7-8b8b09f52e7d,2026-07-19T12:15:00Z,2026-07-19T14:15:00+0200,14099.39941,MW,FR,FR,forecast_solar_generation,Solar,2026-07-19T12:33:22Z
2026-07-19T12:32:12Z,2026-07-19T14:32:12+0200,f397dbef-7cdb-41f6-bba7-8b8b09f52e7d,2026-07-19T12:30:00Z,2026-07-19T14:30:00+0200,14024.33105,MW,FR,FR,forecast_solar_generation,Solar,2026-07-19T12:33:22Z
2026-07-19T12:32:12Z,2026-07-19T14:32:12+0200,f397dbef-7cdb-41f6-bba7-8b8b09f52e7d,2026-07-19T12:45:00Z,2026-07-19T14:45:00+0200,13906.41895,MW,FR,FR,forecast_solar_generation,Solar,2026-07-19T12:33:22Z
