collection_time_utc,collection_time_local,run_id,timestamp_utc,timestamp_local,value,unit,country,entsoe_area,variable,source,updated_at_utc
2026-09-19T20:02:15Z,2026-09-19T22:02:15+0200,951bc624-efa6-477c-a022-930ebdd9d98e,2026-09-12T20:15:00Z,2026-09-12T22:15:00+0200,190.64,EUR/MWh,DK2,DK_2,day_ahead_price,value,2026-09-19T20:06:32Z
2026-09-19T20:02:15Z,2026-09-19T22:02:15+0200,951bc624-efa6-477c-a022-930ebdd9d98e,2026-09-12T20:30:00Z,2026-09-12T22:30:00+0200,187.779999,EUR/MWh,DK2,DK_2,day_ahead_price,value,2026-09-19T20:06:32Z
2026-09-19T20:02:15Z,2026-09-19T22:02:15+0200,951bc624-efa6-477c-a022-930ebdd9d98e,2026-09-12T20:45:00Z,2026-09-12T22:45:00+0200,182.070007,EUR/MWh,DK2,DK_2,day_ahead_price,value,2026-09-19T20:06:32Z
2026-09-19T20:02:15Z,2026-09-19T22:02:15+0200,951bc624-efa6-477c-a022-930ebdd9d98e,2026-09-12T21:00:00Z,2026-09-12T23:00:00+0200,191.050003,EUR/MWh,DK2,DK_2,day_ahead_price,value,2026-09-19T20:06:32Z
2026-09-19T20:02:15Z,2026-09-19T22:02:15+0200,951bc624-efa6-477c-a022-930ebdd9d98e,2026-09-12T21:15:00Z,2026-09-12T23:15:00+0200,185.38,EUR/MWh,DK2,DK_2,day_ahead_price,value,2026-09-19T20:06:32Z
2026-09-19T20:02:15Z,2026-09-19T22:02:15+0200,951bc624-efa6-477c-a022-930ebdd9d98e,2026-09-12T21:30:00Z,2026-09-12T23:30:00+0200,181.0,EUR/MWh,DK2,DK_2,day_ahead_price,value,2026-09-19T20:06:32Z
2026-09-19T20:02:15Z,2026-09-19T22:02:15+0200,951bc624-efa6-477c-a022-930ebdd9d98e,2026-09-12T21:45:00Z,2026-09-12T23:45:00+0200,177.429993,EUR/MWh,DK2,DK_2,day_ahead_price,value,2026-09-19T20:06:32Z
2026-09-19T20:02:15Z,2026-09-19T22:02:15+0200,951bc624-efa6-477c-a022-930ebdd9d98e,2026-09-12T22:00:00Z,2026-09-13T00:00:00+0200,191.99,EUR/MWh,DK2,DK_2,day_ahead_price,value,2026-09-19T20:06:32Z
2026-09-19T20:02:15Z,2026-09-19T22:02:15+0200,951bc624-efa6-477c-a022-930ebdd9d98e,2026-09-12T22:15:00Z,2026-09-13T00:15:00+0200,180.0,EUR/MWh,DK2,DK_2,day_ahead_price,value,2026-09-19T20:06:32Z
2026-09-19T20:02:15Z,2026-09-19T22:02:15+0200,951bc624-efa6-477c-a022-930ebdd9d98e,2026-09-12T22:30:00Z,2026-09-13T00:30:00+0200,173.29,EUR/MWh,DK2,DK_2,day_ahead_price,value,2026-09-19T20:06:32Z
2026-09-19T20:02:15Z,2026-09-19T22:02:15+0200,951bc624-efa6-477c-a022-930ebdd9d98e,2026-09-12T22:45:00Z,2026-09-13T00:45:00+0200,166.01,EUR/MWh,DK2,DK_2,day_ahead_price,value,2026-09-19T20:06:32Z
2026-09-19T20:02:15Z,2026-09-19T22:02:15+0200,951bc624-efa6-477c-a022-930ebdd9d98e,2026-09-12T23:00:00Z,2026-09-13T01:00:00+0200,176.39,EUR/MWh,DK2,DK_2,day_ahead_price,value,2026-09-19T20:06:32Z
2026-09-19T20:02:15Z,2026-09-19T22:02:15+0200,951bc624-efa6-477c-a022-930ebdd9d98e,2026-09-12T23:15:00Z,2026-09-13T01:15:00+0200,165.97,EUR/MWh,DK2,DK_2,day_ahead_price,value,2026-09-19T20:06:32Z
2026-09-19T20:02:15Z,2026-09-19T22:02:15+0200,951bc624-efa6-477c-a022-930ebdd9d98e,2026-09-12T23:30:00Z,2026-09-13T01:30:00+0200,164.25,EUR/MWh,DK2,DK_2,day_ahead_price,value,2026-09-19T20:06:32Z
2026-09-19T20:02:15Z,2026-09-19T22:02:15+0200,951bc624-efa6-477c-a022-930ebdd9d98e,2026-09-12T23:45:00Z,2026-09-13T01:45:00+0200,163.74,EUR/MWh,DK2,DK_2,day_ahead_price,value,2026-09-19T20:06:32Z
2026-09-19T20:02:15Z,2026-09-19T22:02:15+0200,951bc624-efa6-477c-a022-930ebdd9d98e,2026-09-13T00:00:00Z,2026-09-13T02:00:00+0200,165.48,EUR/MWh,DK2,DK_2,day_ahead_price,value,2026-09-19T20:06:32Z
2026-09-19T20:02:15Z,2026-09-19T22:02:15+0200,951bc624-efa6-477c-a022-930ebdd9d98e,2026-09-13T00:15:00Z,2026-09-13T02:15:00+0200,160.84,EUR/MWh,DK2,DK_2,day_ahead_price,value,2026-09-19T20:06:32Z
2026-09-19T20:02:15Z,2026-09-19T22:02:15+0200,951bc624-efa6-477c-a022-930ebdd9d98e,2026-09-13T00:30:00Z,2026-09-13T02:30:00+0200,157.71,EUR/MWh,DK2,DK_2,day_ahead_price,value,2026-09-19T20:06:32Z
2026-09-19T20:02:15Z,2026-09-19T22:02:15+0200,951bc624-efa6-477c-a022-930ebdd9d98e,2026-09-13T00:45:00Z,2026-09-13T02:45:00+0200,156.32,EUR/MWh,DK2,DK_2,day_ahead_price,value,2026-09-19T20:06:32Z
2026-09-19T20:02:15Z,2026-09-19T22:02:15+0200,951bc624-efa6-477c-a022-930ebdd9d98e,2026-09-13T01:00:00Z,2026-09-13T03:00:00+0200,160.63,EUR/MWh,DK2,DK_2,day_ahead_price,value,2026-09-19T20:06:32Z
2026-09-19T20:02:15Z,2026-09-19T22:02:15+0200,951bc624-efa6-477c-a022-930ebdd9d98e,2026-09-13T01:15:00Z,2026-09-13T03:15:00+0200,159.33,EUR/MWh,DK2,DK_2,day_ahead_price,value,2026-09-19T20:06:32Z
2026-09-19T20:02:15Z,2026-09-19T22:02:15+0200,951bc624-efa6-477c-a022-930ebdd9d98e,2026-09-13T01:30:00Z,2026-09-13T03:30:00+0200,158.46,EUR/MWh,DK2,DK_2,day_ahead_price,value,2026-09-19T20:06:32Z
2026-09-19T20:02:15Z,2026-09-19T22:02:15+0200,951bc624-efa6-477c-a022-930ebdd9d98e,2026-09-13T01:45:00Z,2026-09-13T03:45:00+0200,156.82,EUR/MWh,DK2,DK_2,day_ahead_price,value,2026-09-19T20:06:32Z
2026-09-19T20:02:15Z,2026-09-19T22:02:15+0200,951bc624-efa6-477c-a022-930ebdd9d98e,2026-09-13T02:00:00Z,2026-09-13T04:00:00+0200,161.47,EUR/MWh,DK2,DK_2,day_ahead_price,value,2026-09-19T20:06:32Z
2026-09-19T20:02:15Z,2026-09-19T22:02:15+0200,951bc624-efa6-477c-a022-930ebdd9d98e,2026-09-13T02:15:00Z,2026-09-13T04:15:00+0200,160.84,EUR/MWh,DK2,DK_2,day_ahead_price,value,2026-09-19T20:06:32Z
2026-09-19T20:02:15Z,2026-09-19T22:02:15+0200,951bc624-efa6-477c-a022-930ebdd9d98e,2026-09-13T02:30:00Z,2026-09-13T04:30:00+0200,160.65,EUR/MWh,DK2,DK_2,day_ahead_price,value,2026-09-19T20:06:32Z
2026-09-19T20:02:15Z,2026-09-19T22:02:15+0200,951bc624-efa6-477c-a022-930ebdd9d98e,2026-09-13T02:45:00Z,2026-09-13T04:45:00+0200,161.41,EUR/MWh,DK2,DK_2,day_ahead_price,value,2026-09-19T20:06:32Z
2026-09-19T20:02:15Z,2026-09-19T22:02:15+0200,951bc624-efa6-477c-a022-930ebdd9d98e,2026-09-13T03:00:00Z,2026-09-13T05:00:00+0200,162.14,EUR/MWh,DK2,DK_2,day_ahead_price,value,2026-09-19T20:06:32Z
2026-09-19T20:02:15Z,2026-09-19T22:02:15+0200,951bc624-efa6-477c-a022-930ebdd9d98e,2026-09-13T03:15:00Z,2026-09-13T05:15:00+0200,163.31,EUR/MWh,DK2,DK_2,day_ahead_price,value,2026-09-19T20:06:32Z
2026-09-19T20:02:15Z,2026-09-19T22:02:15+0200,951bc624-efa6-477c-a022-930ebdd9d98e,2026-09-13T03:30:00Z,2026-09-13T05:30:00+0200,165.65,EUR/MWh,DK2,DK_2,day_ahead_price,value,2026-09-19T20:06:32Z
2026-09-19T20:02:15Z,2026-09-19T22:02:15+0200,951bc624-efa6-477c-a022-930ebdd9d98e,2026-09-13T03:45:00Z,2026-09-13T05:45:00+0200,168.89,EUR/MWh,DK2,DK_2,day_ahead_price,value,2026-09-19T20:06:32Z
2026-09-19T20:02:15Z,2026-09-19T22:02:15+0200,951bc624-efa6-477c-a022-930ebdd9d98e,2026-09-13T04:00:00Z,2026-09-13T06:00:00+0200,165.74,EUR/MWh,DK2,DK_2,day_ahead_price,value,2026-09-19T20:06:32Z
2026-09-19T20:02:15Z,2026-09-19T22:02:15+0200,951bc624-efa6-477c-a022-930ebdd9d98e,2026-09-13T04:15:00Z,2026-09-13T06:15:00+0200,172.12,EUR/MWh,DK2,DK_2,day_ahead_price,value,2026-09-19T20:06:32Z
2026-09-19T20:02:15Z,2026-09-19T22:02:15+0200,951bc624-efa6-477c-a022-930ebdd9d98e,2026-09-13T04:30:00Z,2026-09-13T06:30:00+0200,175.91,EUR/MWh,DK2,DK_2,day_ahead_price,value,2026-09-19T20:06:32Z
2026-09-19T20:02:15Z,2026-09-19T22:02:15+0200,951bc624-efa6-477c-a022-930ebdd9d98e,2026-09-13T04:45:00Z,2026-09-13T06:45:00+0200,177.78,EUR/MWh,DK2,DK_2,day_ahead_price,value,2026-09-19T20:06:32Z
2026-09-19T20:02:15Z,2026-09-19T22:02:15+0200,951bc624-efa6-477c-a022-930ebdd9d98e,2026-09-13T05:00:00Z,2026-09-13T07:00:00+0200,177.05,EUR/MWh,DK2,DK_2,day_ahead_price,value,2026-09-19T20:06:32Z
2026-09-19T20:02:15Z,2026-09-19T22:02:15+0200,951bc624-efa6-477c-a022-930ebdd9d98e,2026-09-13T05:15:00Z,2026-09-13T07:15:00+0200,178.75,EUR/MWh,DK2,DK_2,day_ahead_price,value,2026-09-19T20:06:32Z
2026-09-19T20:02:15Z,2026-09-19T22:02:15+0200,951bc624-efa6-477c-a022-930ebdd9d98e,2026-09-13T05:30:00Z,2026-09-13T07:30:00+0200,181.39,EUR/MWh,DK2,DK_2,day_ahead_price,value,2026-09-19T20:06:32Z
2026-09-19T20:02:15Z,2026-09-19T22:02:15+0200,951bc624-efa6-477c-a022-930ebdd9d98e,2026-09-13T05:45:00Z,2026-09-13T07:45:00+0200,170.89,EUR/MWh,DK2,DK_2,day_ahead_price,value,2026-09-19T20:06:32Z
2026-09-19T20:02:15Z,2026-09-19T22:02:15+0200,951bc624-efa6-477c-a022-930ebdd9d98e,2026-09-13T06:00:00Z,2026-09-13T08:00:00+0200,190.1,EUR/MWh,DK2,DK_2,day_ahead_price,value,2026-09-19T20:06:32Z
2026-09-19T20:02:15Z,2026-09-19T22:02:15+0200,951bc624-efa6-477c-a022-930ebdd9d98e,2026-09-13T06:15:00Z,2026-09-13T08:15:00+0200,173.56,EUR/MWh,DK2,DK_2,day_ahead_price,value,2026-09-19T20:06:32Z
2026-09-19T20:02:15Z,2026-09-19T22:02:15+0200,951bc624-efa6-477c-a022-930ebdd9d98e,2026-09-13T06:30:00Z,2026-09-13T08:30:00+0200,159.79,EUR/MWh,DK2,DK_2,day_ahead_price,value,2026-09-19T20:06:32Z
2026-09-19T20:02:15Z,2026-09-19T22:02:15+0200,951bc624-efa6-477c-a022-930ebdd9d98e,2026-09-13T06:45:00Z,2026-09-13T08:45:00+0200,148.29,EUR/MWh,DK2,DK_2,day_ahead_price,value,2026-09-19T20:06:32Z
2026-09-19T20:02:15Z,2026-09-19T22:02:15+0200,951bc624-efa6-477c-a022-930ebdd9d98e,2026-09-13T07:00:00Z,2026-09-13T09:00:00+0200,154.25,EUR/MWh,DK2,DK_2,day_ahead_price,value,2026-09-19T20:06:32Z
2026-09-19T20:02:15Z,2026-09-19T22:02:15+0200,951bc624-efa6-477c-a022-930ebdd9d98e,2026-09-13T07:15:00Z,2026-09-13T09:15:00+0200,143.57,EUR/MWh,DK2,DK_2,day_ahead_price,value,2026-09-19T20:06:32Z
2026-09-19T20:02:15Z,2026-09-19T22:02:15+0200,951bc624-efa6-477c-a022-930ebdd9d98e,2026-09-13T07:30:00Z,2026-09-13T09:30:00+0200,142.71,EUR/MWh,DK2,DK_2,day_ahead_price,value,2026-09-19T20:06:32Z
2026-09-19T20:02:15Z,2026-09-19T22:02:15+0200,951bc624-efa6-477c-a022-930ebdd9d98e,2026-09-13T07:45:00Z,2026-09-13T09:45:00+0200,142.29,EUR/MWh,DK2,DK_2,day_ahead_price,value,2026-09-19T20:06:32Z
2026-09-19T20:02:15Z,2026-09-19T22:02:15+0200,951bc624-efa6-477c-a022-930ebdd9d98e,2026-09-13T08:00:00Z,2026-09-13T10:00:00+0200,131.67,EUR/MWh,DK2,DK_2,day_ahead_price,value,2026-09-19T20:06:32Z
2026-09-19T20:02:15Z,2026-09-19T22:02:15+0200,951bc624-efa6-477c-a022-930ebdd9d98e,2026-09-13T08:15:00Z,2026-09-13T10:15:00+0200,124.46,EUR/MWh,DK2,DK_2,day_ahead_price,value,2026-09-19T20:06:32Z
2026-09-19T20:02:15Z,2026-09-19T22:02:15+0200,951bc624-efa6-477c-a022-930ebdd9d98e,2026-09-13T08:30:00Z,2026-09-13T10:30:00+0200,121.99,EUR/MWh,DK2,DK_2,day_ahead_price,value,2026-09-19T20:06:32Z
2026-09-19T20:02:15Z,2026-09-19T22:02:15+0200,951bc624-efa6-477c-a022-930ebdd9d98e,2026-09-13T08:45:00Z,2026-09-13T10:45:00+0200,116.19,EUR/MWh,DK2,DK_2,day_ahead_price,value,2026-09-19T20:06:32Z
2026-09-19T20:02:15Z,2026-09-19T22:02:15+0200,951bc624-efa6-477c-a022-930ebdd9d98e,2026-09-13T09:00:00Z,2026-09-13T11:00:00+0200,109.19,EUR/MWh,DK2,DK_2,day_ahead_price,value,2026-09-19T20:06:32Z
2026-09-19T20:02:15Z,2026-09-19T22:02:15+0200,951bc624-efa6-477c-a022-930ebdd9d98e,2026-09-13T09:15:00Z,2026-09-13T11:15:00+0200,112.26,EUR/MWh,DK2,DK_2,day_ahead_price,value,2026-09-19T20:06:32Z
2026-09-19T20:02:15Z,2026-09-19T22:02:15+0200,951bc624-efa6-477c-a022-930ebdd9d98e,2026-09-13T09:30:00Z,2026-09-13T11:30:00+0200,108.01,EUR/MWh,DK2,DK_2,day_ahead_price,value,2026-09-19T20:06:32Z
2026-09-19T20:02:15Z,2026-09-19T22:02:15+0200,951bc624-efa6-477c-a022-930ebdd9d98e,2026-09-13T09:45:00Z,2026-09-13T11:45:00+0200,112.73,EUR/MWh,DK2,DK_2,day_ahead_price,value,2026-09-19T20:06:32Z
2026-09-19T20:02:15Z,2026-09-19T22:02:15+0200,951bc624-efa6-477c-a022-930ebdd9d98e,2026-09-13T10:00:00Z,2026-09-13T12:00:00+0200,107.13,EUR/MWh,DK2,DK_2,day_ahead_price,value,2026-09-19T20:06:32Z
2026-09-19T20:02:15Z,2026-09-19T22:02:15+0200,951bc624-efa6-477c-a022-930ebdd9d98e,2026-09-13T10:15:00Z,2026-09-13T12:15:00+0200,111.37,EUR/MWh,DK2,DK_2,day_ahead_price,value,2026-09-19T20:06:32Z
2026-09-19T20:02:15Z,2026-09-19T22:02:15+0200,951bc624-efa6-477c-a022-930ebdd9d98e,2026-09-13T10:30:00Z,2026-09-13T12:30:00+0200,108.27,EUR/MWh,DK2,DK_2,day_ahead_price,value,2026-09-19T20:06:32Z
2026-09-19T20:02:15Z,2026-09-19T22:02:15+0200,951bc624-efa6-477c-a022-930ebdd9d98e,2026-09-13T10:45:00Z,2026-09-13T12:45:00+0200,107.22,EUR/MWh,DK2,DK_2,day_ahead_price,value,2026-09-19T20:06:32Z
2026-09-19T20:02:15Z,2026-09-19T22:02:15+0200,951bc624-efa6-477c-a022-930ebdd9d98e,2026-09-13T11:00:00Z,2026-09-13T13:00:00+0200,107.27,EUR/MWh,DK2,DK_2,day_ahead_price,value,2026-09-19T20:06:32Z
2026-09-19T20:02:15Z,2026-09-19T22:02:15+0200,951bc624-efa6-477c-a022-930ebdd9d98e,2026-09-13T11:15:00Z,2026-09-13T13:15:00+0200,105.81,EUR/MWh,DK2,DK_2,day_ahead_price,value,2026-09-19T20:06:32Z
2026-09-19T20:02:15Z,2026-09-19T22:02:15+0200,951bc624-efa6-477c-a022-930ebdd9d98e,2026-09-13T11:30:00Z,2026-09-13T13:30:00+0200,103.63,EUR/MWh,DK2,DK_2,day_ahead_price,value,2026-09-19T20:06:32Z
2026-09-19T20:02:15Z,2026-09-19T22:02:15+0200,951bc624-efa6-477c-a022-930ebdd9d98e,2026-09-13T11:45:00Z,2026-09-13T13:45:00+0200,101.34,EUR/MWh,DK2,DK_2,day_ahead_price,value,2026-09-19T20:06:32Z
2026-09-19T20:02:15Z,2026-09-19T22:02:15+0200,951bc624-efa6-477c-a022-930ebdd9d98e,2026-09-13T12:00:00Z,2026-09-13T14:00:00+0200,99.56,EUR/MWh,DK2,DK_2,day_ahead_price,value,2026-09-19T20:06:32Z
2026-09-19T20:02:15Z,2026-09-19T22:02:15+0200,951bc624-efa6-477c-a022-930ebdd9d98e,2026-09-13T12:15:00Z,2026-09-13T14:15:00+0200,103.29,EUR/MWh,DK2,DK_2,day_ahead_price,value,2026-09-19T20:06:32Z
2026-09-19T20:02:15Z,2026-09-19T22:02:15+0200,951bc624-efa6-477c-a022-930ebdd9d98e,2026-09-13T12:30:00Z,2026-09-13T14:30:00+0200,107.02,EUR/MWh,DK2,DK_2,day_ahead_price,value,2026-09-19T20:06:32Z
2026-09-19T20:02:15Z,2026-09-19T22:02:15+0200,951bc624-efa6-477c-a022-930ebdd9d98e,2026-09-13T12:45:00Z,2026-09-13T14:45:00+0200,106.69,EUR/MWh,DK2,DK_2,day_ahead_price,value,2026-09-19T20:06:32Z
2026-09-19T20:02:15Z,2026-09-19T22:02:15+0200,951bc624-efa6-477c-a022-930ebdd9d98e,2026-09-13T13:00:00Z,2026-09-13T15:00:00+0200,101.95,EUR/MWh,DK2,DK_2,day_ahead_price,value,2026-09-19T20:06:32Z
2026-09-19T20:02:15Z,2026-09-19T22:02:15+0200,951bc624-efa6-477c-a022-930ebdd9d98e,2026-09-13T13:15:00Z,2026-09-13T15:15:00+0200,107.1,EUR/MWh,DK2,DK_2,day_ahead_price,value,2026-09-19T20:06:32Z
2026-09-19T20:02:15Z,2026-09-19T22:02:15+0200,951bc624-efa6-477c-a022-930ebdd9d98e,2026-09-13T13:30:00Z,2026-09-13T15:30:00+0200,122.77,EUR/MWh,DK2,DK_2,day_ahead_price,value,2026-09-19T20:06:32Z
2026-09-19T20:02:15Z,2026-09-19T22:02:15+0200,951bc624-efa6-477c-a022-930ebdd9d98e,2026-09-13T13:45:00Z,2026-09-13T15:45:00+0200,133.47,EUR/MWh,DK2,DK_2,day_ahead_price,value,2026-09-19T20:06:32Z
2026-09-19T20:02:15Z,2026-09-19T22:02:15+0200,951bc624-efa6-477c-a022-930ebdd9d98e,2026-09-13T14:00:00Z,2026-09-13T16:00:00+0200,136.53,EUR/MWh,DK2,DK_2,day_ahead_price,value,2026-09-19T20:06:32Z
2026-09-19T20:02:15Z,2026-09-19T22:02:15+0200,951bc624-efa6-477c-a022-930ebdd9d98e,2026-09-13T14:15:00Z,2026-09-13T16:15:00+0200,141.99,EUR/MWh,DK2,DK_2,day_ahead_price,value,2026-09-19T20:06:32Z
2026-09-19T20:02:15Z,2026-09-19T22:02:15+0200,951bc624-efa6-477c-a022-930ebdd9d98e,2026-09-13T14:30:00Z,2026-09-13T16:30:00+0200,154.7,EUR/MWh,DK2,DK_2,day_ahead_price,value,2026-09-19T20:06:32Z
2026-09-19T20:02:15Z,2026-09-19T22:02:15+0200,951bc624-efa6-477c-a022-930ebdd9d98e,2026-09-13T14:45:00Z,2026-09-13T16:45:00+0200,169.66,EUR/MWh,DK2,DK_2,day_ahead_price,value,2026-09-19T20:06:32Z
2026-09-19T20:02:15Z,2026-09-19T22:02:15+0200,951bc624-efa6-477c-a022-930ebdd9d98e,2026-09-13T15:00:00Z,2026-09-13T17:00:00+0200,172.99,EUR/MWh,DK2,DK_2,day_ahead_price,value,2026-09-19T20:06:32Z
2026-09-19T20:02:15Z,2026-09-19T22:02:15+0200,951bc624-efa6-477c-a022-930ebdd9d98e,2026-09-13T15:15:00Z,2026-09-13T17:15:00+0200,182.44,EUR/MWh,DK2,DK_2,day_ahead_price,value,2026-09-19T20:06:32Z
2026-09-19T20:02:15Z,2026-09-19T22:02:15+0200,951bc624-efa6-477c-a022-930ebdd9d98e,2026-09-13T15:30:00Z,2026-09-13T17:30:00+0200,197.5,EUR/MWh,DK2,DK_2,day_ahead_price,value,2026-09-19T20:06:32Z
2026-09-19T20:02:15Z,2026-09-19T22:02:15+0200,951bc624-efa6-477c-a022-930ebdd9d98e,2026-09-13T15:45:00Z,2026-09-13T17:45:00+0200,208.03,EUR/MWh,DK2,DK_2,day_ahead_price,value,2026-09-19T20:06:32Z
2026-09-19T20:02:15Z,2026-09-19T22:02:15+0200,951bc624-efa6-477c-a022-930ebdd9d98e,2026-09-13T16:00:00Z,2026-09-13T18:00:00+0200,197.72,EUR/MWh,DK2,DK_2,day_ahead_price,value,2026-09-19T20:06:32Z
2026-09-19T20:02:15Z,2026-09-19T22:02:15+0200,951bc624-efa6-477c-a022-930ebdd9d98e,2026-09-13T16:15:00Z,2026-09-13T18:15:00+0200,203.01,EUR/MWh,DK2,DK_2,day_ahead_price,value,2026-09-19T20:06:32Z
2026-09-19T20:02:15Z,2026-09-19T22:02:15+0200,951bc624-efa6-477c-a022-930ebdd9d98e,2026-09-13T16:30:00Z,2026-09-13T18:30:00+0200,210.55,EUR/MWh,DK2,DK_2,day_ahead_price,value,2026-09-19T20:06:32Z
2026-09-19T20:02:15Z,2026-09-19T22:02:15+0200,951bc624-efa6-477c-a022-930ebdd9d98e,2026-09-13T16:45:00Z,2026-09-13T18:45:00+0200,228.64,EUR/MWh,DK2,DK_2,day_ahead_price,value,2026-09-19T20:06:32Z
2026-09-19T20:02:15Z,2026-09-19T22:02:15+0200,951bc624-efa6-477c-a022-930ebdd9d98e,2026-09-13T17:00:00Z,2026-09-13T19:00:00+0200,217.3,EUR/MWh,DK2,DK_2,day_ahead_price,value,2026-09-19T20:06:32Z
2026-09-19T20:02:15Z,2026-09-19T22:02:15+0200,951bc624-efa6-477c-a022-930ebdd9d98e,2026-09-13T17:15:00Z,2026-09-13T19:15:00+0200,228.31,EUR/MWh,DK2,DK_2,day_ahead_price,value,2026-09-19T20:06:32Z
2026-09-19T20:02:15Z,2026-09-19T22:02:15+0200,951bc624-efa6-477c-a022-930ebdd9d98e,2026-09-13T17:30:00Z,2026-09-13T19:30:00+0200,234.51,EUR/MWh,DK2,DK_2,day_ahead_price,value,2026-09-19T20:06:32Z
2026-09-19T20:02:15Z,2026-09-19T22:02:15+0200,951bc624-efa6-477c-a022-930ebdd9d98e,2026-09-13T17:45:00Z,2026-09-13T19:45:00+0200,239.95,EUR/MWh,DK2,DK_2,day_ahead_price,value,2026-09-19T20:06:32Z
2026-09-19T20:02:15Z,2026-09-19T22:02:15+0200,951bc624-efa6-477c-a022-930ebdd9d98e,2026-09-13T18:00:00Z,2026-09-13T20:00:00+0200,228.8,EUR/MWh,DK2,DK_2,day_ahead_price,value,2026-09-19T20:06:32Z
2026-09-19T20:02:15Z,2026-09-19T22:02:15+0200,951bc624-efa6-477c-a022-930ebdd9d98e,2026-09-13T18:15:00Z,2026-09-13T20:15:00+0200,235.01,EUR/MWh,DK2,DK_2,day_ahead_price,value,2026-09-19T20:06:32Z
2026-09-19T20:02:15Z,2026-09-19T22:02:15+0200,951bc624-efa6-477c-a022-930ebdd9d98e,2026-09-13T18:30:00Z,2026-09-13T20:30:00+0200,237.54,EUR/MWh,DK2,DK_2,day_ahead_price,value,2026-09-19T20:06:32Z
2026-09-19T20:02:15Z,2026-09-19T22:02:15+0200,951bc624-efa6-477c-a022-930ebdd9d98e,2026-09-13T18:45:00Z,2026-09-13T20:45:00+0200,234.01,EUR/MWh,DK2,DK_2,day_ahead_price,value,2026-09-19T20:06:32Z
2026-09-19T20:02:15Z,2026-09-19T22:02:15+0200,951bc624-efa6-477c-a022-930ebdd9d98e,2026-09-13T19:00:00Z,2026-09-13T21:00:00+0200,235.32,EUR/MWh,DK2,DK_2,day_ahead_price,value,2026-09-19T20:06:32Z
2026-09-19T20:02:15Z,2026-09-19T22:02:15+0200,951bc624-efa6-477c-a022-930ebdd9d98e,2026-09-13T19:15:00Z,2026-09-13T21:15:00+0200,234.98,EUR/MWh,DK2,DK_2,day_ahead_price,value,2026-09-19T20:06:32Z
2026-09-19T20:02:15Z,2026-09-19T22:02:15+0200,951bc624-efa6-477c-a022-930ebdd9d98e,2026-09-13T19:30:00Z,2026-09-13T21:30:00+0200,231.67,EUR/MWh,DK2,DK_2,day_ahead_price,value,2026-09-19T20:06:32Z
2026-09-19T20:02:15Z,2026-09-19T22:02:15+0200,951bc624-efa6-477c-a022-930ebdd9d98e,2026-09-13T19:45:00Z,2026-09-13T21:45:00+0200,227.52,EUR/MWh,DK2,DK_2,day_ahead_price,value,2026-09-19T20:06:32Z
2026-09-19T20:02:15Z,2026-09-19T22:02:15+0200,951bc624-efa6-477c-a022-930ebdd9d98e,2026-09-13T20:00:00Z,2026-09-13T22:00:00+0200,232.45,EUR/MWh,DK2,DK_2,day_ahead_price,value,2026-09-19T20:06:32Z
2026-09-19T20:02:15Z,2026-09-19T22:02:15+0200,951bc624-efa6-477c-a022-930ebdd9d98e,2026-09-13T20:15:00Z,2026-09-13T22:15:00+0200,227.52,EUR/MWh,DK2,DK_2,day_ahead_price,value,2026-09-19T20:06:32Z
2026-09-19T20:02:15Z,2026-09-19T22:02:15+0200,951bc624-efa6-477c-a022-930ebdd9d98e,2026-09-13T20:30:00Z,2026-09-13T22:30:00+0200,227.52,EUR/MWh,DK2,DK_2,day_ahead_price,value,2026-09-19T20:06:32Z
2026-09-19T20:02:15Z,2026-09-19T22:02:15+0200,951bc624-efa6-477c-a022-930ebdd9d98e,2026-09-13T20:45:00Z,2026-09-13T22:45:00+0200,222.43,EUR/MWh,DK2,DK_2,day_ahead_price,value,2026-09-19T20:06:32Z
2026-09-19T20:02:15Z,2026-09-19T22:02:15+0200,951bc624-efa6-477c-a022-930ebdd9d98e,2026-09-13T21:00:00Z,2026-09-13T23:00:00+0200,220.55,EUR/MWh,DK2,DK_2,day_ahead_price,value,2026-09-19T20:06:32Z
2026-09-19T20:02:15Z,2026-09-19T22:02:15+0200,951bc624-efa6-477c-a022-930ebdd9d98e,2026-09-13T21:15:00Z,2026-09-13T23:15:00+0200,208.6,EUR/MWh,DK2,DK_2,day_ahead_price,value,2026-09-19T20:06:32Z
2026-09-19T20:02:15Z,2026-09-19T22:02:15+0200,951bc624-efa6-477c-a022-930ebdd9d98e,2026-09-13T21:30:00Z,2026-09-13T23:30:00+0200,207.26,EUR/MWh,DK2,DK_2,day_ahead_price,value,2026-09-19T20:06:32Z
2026-09-19T20:02:15Z,2026-09-19T22:02:15+0200,951bc624-efa6-477c-a022-930ebdd9d98e,2026-09-13T21:45:00Z,2026-09-13T23:45:00+0200,206.02,EUR/MWh,DK2,DK_2,day_ahead_price,value,2026-09-19T20:06:32Z
2026-09-19T20:02:15Z,2026-09-19T22:02:15+0200,951bc624-efa6-477c-a022-930ebdd9d98e,2026-09-13T22:00:00Z,2026-09-14T00:00:00+0200,222.2,EUR/MWh,DK2,DK_2,day_ahead_price,value,2026-09-19T20:06:32Z
2026-09-19T20:02:15Z,2026-09-19T22:02:15+0200,951bc624-efa6-477c-a022-930ebdd9d98e,2026-09-13T22:15:00Z,2026-09-14T00:15:00+0200,205.81,EUR/MWh,DK2,DK_2,day_ahead_price,value,2026-09-19T20:06:32Z
2026-09-19T20:02:15Z,2026-09-19T22:02:15+0200,951bc624-efa6-477c-a022-930ebdd9d98e,2026-09-13T22:30:00Z,2026-09-14T00:30:00+0200,196.02,EUR/MWh,DK2,DK_2,day_ahead_price,value,2026-09-19T20:06:32Z
2026-09-19T20:02:15Z,2026-09-19T22:02:15+0200,951bc624-efa6-477c-a022-930ebdd9d98e,2026-09-13T22:45:00Z,2026-09-14T00:45:00+0200,186.87,EUR/MWh,DK2,DK_2,day_ahead_price,value,2026-09-19T20:06:32Z
2026-09-19T20:02:15Z,2026-09-19T22:02:15+0200,951bc624-efa6-477c-a022-930ebdd9d98e,2026-09-13T23:00:00Z,2026-09-14T01:00:00+0200,192.12,EUR/MWh,DK2,DK_2,day_ahead_price,value,2026-09-19T20:06:32Z
2026-09-19T20:02:15Z,2026-09-19T22:02:15+0200,951bc624-efa6-477c-a022-930ebdd9d98e,2026-09-13T23:15:00Z,2026-09-14T01:15:00+0200,187.52,EUR/MWh,DK2,DK_2,day_ahead_price,value,2026-09-19T20:06:32Z
2026-09-19T20:02:15Z,2026-09-19T22:02:15+0200,951bc624-efa6-477c-a022-930ebdd9d98e,2026-09-13T23:30:00Z,2026-09-14T01:30:00+0200,189.4,EUR/MWh,DK2,DK_2,day_ahead_price,value,2026-09-19T20:06:32Z
2026-09-19T20:02:15Z,2026-09-19T22:02:15+0200,951bc624-efa6-477c-a022-930ebdd9d98e,2026-09-13T23:45:00Z,2026-09-14T01:45:00+0200,182.61,EUR/MWh,DK2,DK_2,day_ahead_price,value,2026-09-19T20:06:32Z
2026-09-19T20:02:15Z,2026-09-19T22:02:15+0200,951bc624-efa6-477c-a022-930ebdd9d98e,2026-09-14T00:00:00Z,2026-09-14T02:00:00+0200,185.44,EUR/MWh,DK2,DK_2,day_ahead_price,value,2026-09-19T20:06:32Z
2026-09-19T20:02:15Z,2026-09-19T22:02:15+0200,951bc624-efa6-477c-a022-930ebdd9d98e,2026-09-14T00:15:00Z,2026-09-14T02:15:00+0200,185.06,EUR/MWh,DK2,DK_2,day_ahead_price,value,2026-09-19T20:06:32Z
2026-09-19T20:02:15Z,2026-09-19T22:02:15+0200,951bc624-efa6-477c-a022-930ebdd9d98e,2026-09-14T00:30:00Z,2026-09-14T02:30:00+0200,183.48,EUR/MWh,DK2,DK_2,day_ahead_price,value,2026-09-19T20:06:32Z
2026-09-19T20:02:15Z,2026-09-19T22:02:15+0200,951bc624-efa6-477c-a022-930ebdd9d98e,2026-09-14T00:45:00Z,2026-09-14T02:45:00+0200,182.76,EUR/MWh,DK2,DK_2,day_ahead_price,value,2026-09-19T20:06:32Z
2026-09-19T20:02:15Z,2026-09-19T22:02:15+0200,951bc624-efa6-477c-a022-930ebdd9d98e,2026-09-14T01:00:00Z,2026-09-14T03:00:00+0200,183.47,EUR/MWh,DK2,DK_2,day_ahead_price,value,2026-09-19T20:06:32Z
2026-09-19T20:02:15Z,2026-09-19T22:02:15+0200,951bc624-efa6-477c-a022-930ebdd9d98e,2026-09-14T01:15:00Z,2026-09-14T03:15:00+0200,184.17,EUR/MWh,DK2,DK_2,day_ahead_price,value,2026-09-19T20:06:32Z
2026-09-19T20:02:15Z,2026-09-19T22:02:15+0200,951bc624-efa6-477c-a022-930ebdd9d98e,2026-09-14T01:30:00Z,2026-09-14T03:30:00+0200,183.81,EUR/MWh,DK2,DK_2,day_ahead_price,value,2026-09-19T20:06:32Z
2026-09-19T20:02:15Z,2026-09-19T22:02:15+0200,951bc624-efa6-477c-a022-930ebdd9d98e,2026-09-14T01:45:00Z,2026-09-14T03:45:00+0200,184.05,EUR/MWh,DK2,DK_2,day_ahead_price,value,2026-09-19T20:06:32Z
2026-09-19T20:02:15Z,2026-09-19T22:02:15+0200,951bc624-efa6-477c-a022-930ebdd9d98e,2026-09-14T02:00:00Z,2026-09-14T04:00:00+0200,180.26,EUR/MWh,DK2,DK_2,day_ahead_price,value,2026-09-19T20:06:32Z
2026-09-19T20:02:15Z,2026-09-19T22:02:15+0200,951bc624-efa6-477c-a022-930ebdd9d98e,2026-09-14T02:15:00Z,2026-09-14T04:15:00+0200,181.22,EUR/MWh,DK2,DK_2,day_ahead_price,value,2026-09-19T20:06:32Z
2026-09-19T20:02:15Z,2026-09-19T22:02:15+0200,951bc624-efa6-477c-a022-930ebdd9d98e,2026-09-14T02:30:00Z,2026-09-14T04:30:00+0200,183.48,EUR/MWh,DK2,DK_2,day_ahead_price,value,2026-09-19T20:06:32Z
2026-09-19T20:02:15Z,2026-09-19T22:02:15+0200,951bc624-efa6-477c-a022-930ebdd9d98e,2026-09-14T02:45:00Z,2026-09-14T04:45:00+0200,190.13,EUR/MWh,DK2,DK_2,day_ahead_price,value,2026-09-19T20:06:32Z
2026-09-19T20:02:15Z,2026-09-19T22:02:15+0200,951bc624-efa6-477c-a022-930ebdd9d98e,2026-09-14T03:00:00Z,2026-09-14T05:00:00+0200,184.48,EUR/MWh,DK2,DK_2,day_ahead_price,value,2026-09-19T20:06:32Z
2026-09-19T20:02:15Z,2026-09-19T22:02:15+0200,951bc624-efa6-477c-a022-930ebdd9d98e,2026-09-14T03:15:00Z,2026-09-14T05:15:00+0200,194.49,EUR/MWh,DK2,DK_2,day_ahead_price,value,2026-09-19T20:06:32Z
2026-09-19T20:02:15Z,2026-09-19T22:02:15+0200,951bc624-efa6-477c-a022-930ebdd9d98e,2026-09-14T03:30:00Z,2026-09-14T05:30:00+0200,208.58,EUR/MWh,DK2,DK_2,day_ahead_price,value,2026-09-19T20:06:32Z
2026-09-19T20:02:15Z,2026-09-19T22:02:15+0200,951bc624-efa6-477c-a022-930ebdd9d98e,2026-09-14T03:45:00Z,2026-09-14T05:45:00+0200,221.01,EUR/MWh,DK2,DK_2,day_ahead_price,value,2026-09-19T20:06:32Z
2026-09-19T20:02:15Z,2026-09-19T22:02:15+0200,951bc624-efa6-477c-a022-930ebdd9d98e,2026-09-14T04:00:00Z,2026-09-14T06:00:00+0200,217.56,EUR/MWh,DK2,DK_2,day_ahead_price,value,2026-09-19T20:06:32Z
2026-09-19T20:02:15Z,2026-09-19T22:02:15+0200,951bc624-efa6-477c-a022-930ebdd9d98e,2026-09-14T04:15:00Z,2026-09-14T06:15:00+0200,252.81,EUR/MWh,DK2,DK_2,day_ahead_price,value,2026-09-19T20:06:32Z
2026-09-19T20:02:15Z,2026-09-19T22:02:15+0200,951bc624-efa6-477c-a022-930ebdd9d98e,2026-09-14T04:30:00Z,2026-09-14T06:30:00+0200,276.02,EUR/MWh,DK2,DK_2,day_ahead_price,value,2026-09-19T20:06:32Z
2026-09-19T20:02:15Z,2026-09-19T22:02:15+0200,951bc624-efa6-477c-a022-930ebdd9d98e,2026-09-14T04:45:00Z,2026-09-14T06:45:00+0200,281.68,EUR/MWh,DK2,DK_2,day_ahead_price,value,2026-09-19T20:06:32Z
2026-09-19T20:02:15Z,2026-09-19T22:02:15+0200,951bc624-efa6-477c-a022-930ebdd9d98e,2026-09-14T05:00:00Z,2026-09-14T07:00:00+0200,293.98,EUR/MWh,DK2,DK_2,day_ahead_price,value,2026-09-19T20:06:32Z
2026-09-19T20:02:15Z,2026-09-19T22:02:15+0200,951bc624-efa6-477c-a022-930ebdd9d98e,2026-09-14T05:15:00Z,2026-09-14T07:15:00+0200,320.53,EUR/MWh,DK2,DK_2,day_ahead_price,value,2026-09-19T20:06:32Z
2026-09-19T20:02:15Z,2026-09-19T22:02:15+0200,951bc624-efa6-477c-a022-930ebdd9d98e,2026-09-14T05:30:00Z,2026-09-14T07:30:00+0200,322.38,EUR/MWh,DK2,DK_2,day_ahead_price,value,2026-09-19T20:06:32Z
2026-09-19T20:02:15Z,2026-09-19T22:02:15+0200,951bc624-efa6-477c-a022-930ebdd9d98e,2026-09-14T05:45:00Z,2026-09-14T07:45:00+0200,320.32,EUR/MWh,DK2,DK_2,day_ahead_price,value,2026-09-19T20:06:32Z
2026-09-19T20:02:15Z,2026-09-19T22:02:15+0200,951bc624-efa6-477c-a022-930ebdd9d98e,2026-09-14T06:00:00Z,2026-09-14T08:00:00+0200,349.74,EUR/MWh,DK2,DK_2,day_ahead_price,value,2026-09-19T20:06:32Z
2026-09-19T20:02:15Z,2026-09-19T22:02:15+0200,951bc624-efa6-477c-a022-930ebdd9d98e,2026-09-14T06:15:00Z,2026-09-14T08:15:00+0200,305.97,EUR/MWh,DK2,DK_2,day_ahead_price,value,2026-09-19T20:06:32Z
2026-09-19T20:02:15Z,2026-09-19T22:02:15+0200,951bc624-efa6-477c-a022-930ebdd9d98e,2026-09-14T06:30:00Z,2026-09-14T08:30:00+0200,287.12,EUR/MWh,DK2,DK_2,day_ahead_price,value,2026-09-19T20:06:32Z
2026-09-19T20:02:15Z,2026-09-19T22:02:15+0200,951bc624-efa6-477c-a022-930ebdd9d98e,2026-09-14T06:45:00Z,2026-09-14T08:45:00+0200,272.98,EUR/MWh,DK2,DK_2,day_ahead_price,value,2026-09-19T20:06:32Z
2026-09-19T20:02:15Z,2026-09-19T22:02:15+0200,951bc624-efa6-477c-a022-930ebdd9d98e,2026-09-14T07:00:00Z,2026-09-14T09:00:00+0200,285.81,EUR/MWh,DK2,DK_2,day_ahead_price,value,2026-09-19T20:06:32Z
2026-09-19T20:02:15Z,2026-09-19T22:02:15+0200,951bc624-efa6-477c-a022-930ebdd9d98e,2026-09-14T07:15:00Z,2026-09-14T09:15:00+0200,267.56,EUR/MWh,DK2,DK_2,day_ahead_price,value,2026-09-19T20:06:32Z
2026-09-19T20:02:15Z,2026-09-19T22:02:15+0200,951bc624-efa6-477c-a022-930ebdd9d98e,2026-09-14T07:30:00Z,2026-09-14T09:30:00+0200,240.66,EUR/MWh,DK2,DK_2,day_ahead_price,value,2026-09-19T20:06:32Z
2026-09-19T20:02:15Z,2026-09-19T22:02:15+0200,951bc624-efa6-477c-a022-930ebdd9d98e,2026-09-14T07:45:00Z,2026-09-14T09:45:00+0200,217.7,EUR/MWh,DK2,DK_2,day_ahead_price,value,2026-09-19T20:06:32Z
2026-09-19T20:02:15Z,2026-09-19T22:02:15+0200,951bc624-efa6-477c-a022-930ebdd9d98e,2026-09-14T08:00:00Z,2026-09-14T10:00:00+0200,246.93,EUR/MWh,DK2,DK_2,day_ahead_price,value,2026-09-19T20:06:32Z
2026-09-19T20:02:15Z,2026-09-19T22:02:15+0200,951bc624-efa6-477c-a022-930ebdd9d98e,2026-09-14T08:15:00Z,2026-09-14T10:15:00+0200,224.38,EUR/MWh,DK2,DK_2,day_ahead_price,value,2026-09-19T20:06:32Z
2026-09-19T20:02:15Z,2026-09-19T22:02:15+0200,951bc624-efa6-477c-a022-930ebdd9d98e,2026-09-14T08:30:00Z,2026-09-14T10:30:00+0200,205.52,EUR/MWh,DK2,DK_2,day_ahead_price,value,2026-09-19T20:06:32Z
2026-09-19T20:02:15Z,2026-09-19T22:02:15+0200,951bc624-efa6-477c-a022-930ebdd9d98e,2026-09-14T08:45:00Z,2026-09-14T10:45:00+0200,187.18,EUR/MWh,DK2,DK_2,day_ahead_price,value,2026-09-19T20:06:32Z
2026-09-19T20:02:15Z,2026-09-19T22:02:15+0200,951bc624-efa6-477c-a022-930ebdd9d98e,2026-09-14T09:00:00Z,2026-09-14T11:00:00+0200,212.74,EUR/MWh,DK2,DK_2,day_ahead_price,value,2026-09-19T20:06:32Z
2026-09-19T20:02:15Z,2026-09-19T22:02:15+0200,951bc624-efa6-477c-a022-930ebdd9d98e,2026-09-14T09:15:00Z,2026-09-14T11:15:00+0200,194.64,EUR/MWh,DK2,DK_2,day_ahead_price,value,2026-09-19T20:06:32Z
2026-09-19T20:02:15Z,2026-09-19T22:02:15+0200,951bc624-efa6-477c-a022-930ebdd9d98e,2026-09-14T09:30:00Z,2026-09-14T11:30:00+0200,197.25,EUR/MWh,DK2,DK_2,day_ahead_price,value,2026-09-19T20:06:32Z
2026-09-19T20:02:15Z,2026-09-19T22:02:15+0200,951bc624-efa6-477c-a022-930ebdd9d98e,2026-09-14T09:45:00Z,2026-09-14T11:45:00+0200,185.52,EUR/MWh,DK2,DK_2,day_ahead_price,value,2026-09-19T20:06:32Z
2026-09-19T20:02:15Z,2026-09-19T22:02:15+0200,951bc624-efa6-477c-a022-930ebdd9d98e,2026-09-14T10:00:00Z,2026-09-14T12:00:00+0200,195.95,EUR/MWh,DK2,DK_2,day_ahead_price,value,2026-09-19T20:06:32Z
2026-09-19T20:02:15Z,2026-09-19T22:02:15+0200,951bc624-efa6-477c-a022-930ebdd9d98e,2026-09-14T10:15:00Z,2026-09-14T12:15:00+0200,182.2,EUR/MWh,DK2,DK_2,day_ahead_price,value,2026-09-19T20:06:32Z
2026-09-19T20:02:15Z,2026-09-19T22:02:15+0200,951bc624-efa6-477c-a022-930ebdd9d98e,2026-09-14T10:30:00Z,2026-09-14T12:30:00+0200,178.13,EUR/MWh,DK2,DK_2,day_ahead_price,value,2026-09-19T20:06:32Z
2026-09-19T20:02:15Z,2026-09-19T22:02:15+0200,951bc624-efa6-477c-a022-930ebdd9d98e,2026-09-14T10:45:00Z,2026-09-14T12:45:00+0200,170.61,EUR/MWh,DK2,DK_2,day_ahead_price,value,2026-09-19T20:06:32Z
2026-09-19T20:02:15Z,2026-09-19T22:02:15+0200,951bc624-efa6-477c-a022-930ebdd9d98e,2026-09-14T11:00:00Z,2026-09-14T13:00:00+0200,175.39,EUR/MWh,DK2,DK_2,day_ahead_price,value,2026-09-19T20:06:32Z
2026-09-19T20:02:15Z,2026-09-19T22:02:15+0200,951bc624-efa6-477c-a022-930ebdd9d98e,2026-09-14T11:15:00Z,2026-09-14T13:15:00+0200,168.9,EUR/MWh,DK2,DK_2,day_ahead_price,value,2026-09-19T20:06:32Z
2026-09-19T20:02:15Z,2026-09-19T22:02:15+0200,951bc624-efa6-477c-a022-930ebdd9d98e,2026-09-14T11:30:00Z,2026-09-14T13:30:00+0200,165.74,EUR/MWh,DK2,DK_2,day_ahead_price,value,2026-09-19T20:06:32Z
2026-09-19T20:02:15Z,2026-09-19T22:02:15+0200,951bc624-efa6-477c-a022-930ebdd9d98e,2026-09-14T11:45:00Z,2026-09-14T13:45:00+0200,157.63,EUR/MWh,DK2,DK_2,day_ahead_price,value,2026-09-19T20:06:32Z
2026-09-19T20:02:15Z,2026-09-19T22:02:15+0200,951bc624-efa6-477c-a022-930ebdd9d98e,2026-09-14T12:00:00Z,2026-09-14T14:00:00+0200,159.85,EUR/MWh,DK2,DK_2,day_ahead_price,value,2026-09-19T20:06:32Z
2026-09-19T20:02:15Z,2026-09-19T22:02:15+0200,951bc624-efa6-477c-a022-930ebdd9d98e,2026-09-14T12:15:00Z,2026-09-14T14:15:00+0200,161.82,EUR/MWh,DK2,DK_2,day_ahead_price,value,2026-09-19T20:06:32Z
2026-09-19T20:02:15Z,2026-09-19T22:02:15+0200,951bc624-efa6-477c-a022-930ebdd9d98e,2026-09-14T12:30:00Z,2026-09-14T14:30:00+0200,158.36,EUR/MWh,DK2,DK_2,day_ahead_price,value,2026-09-19T20:06:32Z
2026-09-19T20:02:15Z,2026-09-19T22:02:15+0200,951bc624-efa6-477c-a022-930ebdd9d98e,2026-09-14T12:45:00Z,2026-09-14T14:45:00+0200,166.08,EUR/MWh,DK2,DK_2,day_ahead_price,value,2026-09-19T20:06:32Z
2026-09-19T20:02:15Z,2026-09-19T22:02:15+0200,951bc624-efa6-477c-a022-930ebdd9d98e,2026-09-14T13:00:00Z,2026-09-14T15:00:00+0200,152.91,EUR/MWh,DK2,DK_2,day_ahead_price,value,2026-09-19T20:06:32Z
2026-09-19T20:02:15Z,2026-09-19T22:02:15+0200,951bc624-efa6-477c-a022-930ebdd9d98e,2026-09-14T13:15:00Z,2026-09-14T15:15:00+0200,155.63,EUR/MWh,DK2,DK_2,day_ahead_price,value,2026-09-19T20:06:32Z
2026-09-19T20:02:15Z,2026-09-19T22:02:15+0200,951bc624-efa6-477c-a022-930ebdd9d98e,2026-09-14T13:30:00Z,2026-09-14T15:30:00+0200,169.16,EUR/MWh,DK2,DK_2,day_ahead_price,value,2026-09-19T20:06:32Z
2026-09-19T20:02:15Z,2026-09-19T22:02:15+0200,951bc624-efa6-477c-a022-930ebdd9d98e,2026-09-14T13:45:00Z,2026-09-14T15:45:00+0200,182.07,EUR/MWh,DK2,DK_2,day_ahead_price,value,2026-09-19T20:06:32Z
2026-09-19T20:02:15Z,2026-09-19T22:02:15+0200,951bc624-efa6-477c-a022-930ebdd9d98e,2026-09-14T14:00:00Z,2026-09-14T16:00:00+0200,152.02,EUR/MWh,DK2,DK_2,day_ahead_price,value,2026-09-19T20:06:32Z
2026-09-19T20:02:15Z,2026-09-19T22:02:15+0200,951bc624-efa6-477c-a022-930ebdd9d98e,2026-09-14T14:15:00Z,2026-09-14T16:15:00+0200,170.14,EUR/MWh,DK2,DK_2,day_ahead_price,value,2026-09-19T20:06:32Z
2026-09-19T20:02:15Z,2026-09-19T22:02:15+0200,951bc624-efa6-477c-a022-930ebdd9d98e,2026-09-14T14:30:00Z,2026-09-14T16:30:00+0200,190.04,EUR/MWh,DK2,DK_2,day_ahead_price,value,2026-09-19T20:06:32Z
2026-09-19T20:02:15Z,2026-09-19T22:02:15+0200,951bc624-efa6-477c-a022-930ebdd9d98e,2026-09-14T14:45:00Z,2026-09-14T16:45:00+0200,210.77,EUR/MWh,DK2,DK_2,day_ahead_price,value,2026-09-19T20:06:32Z
2026-09-19T20:02:15Z,2026-09-19T22:02:15+0200,951bc624-efa6-477c-a022-930ebdd9d98e,2026-09-14T15:00:00Z,2026-09-14T17:00:00+0200,179.35,EUR/MWh,DK2,DK_2,day_ahead_price,value,2026-09-19T20:06:32Z
2026-09-19T20:02:15Z,2026-09-19T22:02:15+0200,951bc624-efa6-477c-a022-930ebdd9d98e,2026-09-14T15:15:00Z,2026-09-14T17:15:00+0200,214.21,EUR/MWh,DK2,DK_2,day_ahead_price,value,2026-09-19T20:06:32Z
2026-09-19T20:02:15Z,2026-09-19T22:02:15+0200,951bc624-efa6-477c-a022-930ebdd9d98e,2026-09-14T15:30:00Z,2026-09-14T17:30:00+0200,253.74,EUR/MWh,DK2,DK_2,day_ahead_price,value,2026-09-19T20:06:32Z
2026-09-19T20:02:15Z,2026-09-19T22:02:15+0200,951bc624-efa6-477c-a022-930ebdd9d98e,2026-09-14T15:45:00Z,2026-09-14T17:45:00+0200,290.44,EUR/MWh,DK2,DK_2,day_ahead_price,value,2026-09-19T20:06:32Z
2026-09-19T20:02:15Z,2026-09-19T22:02:15+0200,951bc624-efa6-477c-a022-930ebdd9d98e,2026-09-14T16:00:00Z,2026-09-14T18:00:00+0200,259.76,EUR/MWh,DK2,DK_2,day_ahead_price,value,2026-09-19T20:06:32Z
2026-09-19T20:02:15Z,2026-09-19T22:02:15+0200,951bc624-efa6-477c-a022-930ebdd9d98e,2026-09-14T16:15:00Z,2026-09-14T18:15:00+0200,307.84,EUR/MWh,DK2,DK_2,day_ahead_price,value,2026-09-19T20:06:32Z
2026-09-19T20:02:15Z,2026-09-19T22:02:15+0200,951bc624-efa6-477c-a022-930ebdd9d98e,2026-09-14T16:30:00Z,2026-09-14T18:30:00+0200,456.42,EUR/MWh,DK2,DK_2,day_ahead_price,value,2026-09-19T20:06:32Z
2026-09-19T20:02:15Z,2026-09-19T22:02:15+0200,951bc624-efa6-477c-a022-930ebdd9d98e,2026-09-14T16:45:00Z,2026-09-14T18:45:00+0200,595.53,EUR/MWh,DK2,DK_2,day_ahead_price,value,2026-09-19T20:06:32Z
2026-09-19T20:02:15Z,2026-09-19T22:02:15+0200,951bc624-efa6-477c-a022-930ebdd9d98e,2026-09-14T17:00:00Z,2026-09-14T19:00:00+0200,666.26,EUR/MWh,DK2,DK_2,day_ahead_price,value,2026-09-19T20:06:32Z
2026-09-19T20:02:15Z,2026-09-19T22:02:15+0200,951bc624-efa6-477c-a022-930ebdd9d98e,2026-09-14T17:15:00Z,2026-09-14T19:15:00+0200,717.52,EUR/MWh,DK2,DK_2,day_ahead_price,value,2026-09-19T20:06:32Z
2026-09-19T20:02:15Z,2026-09-19T22:02:15+0200,951bc624-efa6-477c-a022-930ebdd9d98e,2026-09-14T17:30:00Z,2026-09-14T19:30:00+0200,718.58,EUR/MWh,DK2,DK_2,day_ahead_price,value,2026-09-19T20:06:32Z
2026-09-19T20:02:15Z,2026-09-19T22:02:15+0200,951bc624-efa6-477c-a022-930ebdd9d98e,2026-09-14T17:45:00Z,2026-09-14T19:45:00+0200,759.89,EUR/MWh,DK2,DK_2,day_ahead_price,value,2026-09-19T20:06:32Z
2026-09-19T20:02:15Z,2026-09-19T22:02:15+0200,951bc624-efa6-477c-a022-930ebdd9d98e,2026-09-14T18:00:00Z,2026-09-14T20:00:00+0200,721.1,EUR/MWh,DK2,DK_2,day_ahead_price,value,2026-09-19T20:06:32Z
2026-09-19T20:02:15Z,2026-09-19T22:02:15+0200,951bc624-efa6-477c-a022-930ebdd9d98e,2026-09-14T18:15:00Z,2026-09-14T20:15:00+0200,597.03,EUR/MWh,DK2,DK_2,day_ahead_price,value,2026-09-19T20:06:32Z
2026-09-19T20:02:15Z,2026-09-19T22:02:15+0200,951bc624-efa6-477c-a022-930ebdd9d98e,2026-09-14T18:30:00Z,2026-09-14T20:30:00+0200,450.49,EUR/MWh,DK2,DK_2,day_ahead_price,value,2026-09-19T20:06:32Z
2026-09-19T20:02:15Z,2026-09-19T22:02:15+0200,951bc624-efa6-477c-a022-930ebdd9d98e,2026-09-14T18:45:00Z,2026-09-14T20:45:00+0200,365.96,EUR/MWh,DK2,DK_2,day_ahead_price,value,2026-09-19T20:06:32Z
2026-09-19T20:02:15Z,2026-09-19T22:02:15+0200,951bc624-efa6-477c-a022-930ebdd9d98e,2026-09-14T19:00:00Z,2026-09-14T21:00:00+0200,380.75,EUR/MWh,DK2,DK_2,day_ahead_price,value,2026-09-19T20:06:32Z
2026-09-19T20:02:15Z,2026-09-19T22:02:15+0200,951bc624-efa6-477c-a022-930ebdd9d98e,2026-09-14T19:15:00Z,2026-09-14T21:15:00+0200,311.87,EUR/MWh,DK2,DK_2,day_ahead_price,value,2026-09-19T20:06:32Z
2026-09-19T20:02:15Z,2026-09-19T22:02:15+0200,951bc624-efa6-477c-a022-930ebdd9d98e,2026-09-14T19:30:00Z,2026-09-14T21:30:00+0200,270.74,EUR/MWh,DK2,DK_2,day_ahead_price,value,2026-09-19T20:06:32Z
2026-09-19T20:02:15Z,2026-09-19T22:02:15+0200,951bc624-efa6-477c-a022-930ebdd9d98e,2026-09-14T19:45:00Z,2026-09-14T21:45:00+0200,249.19,EUR/MWh,DK2,DK_2,day_ahead_price,value,2026-09-19T20:06:32Z
2026-09-19T20:02:15Z,2026-09-19T22:02:15+0200,951bc624-efa6-477c-a022-930ebdd9d98e,2026-09-14T20:00:00Z,2026-09-14T22:00:00+0200,267.06,EUR/MWh,DK2,DK_2,day_ahead_price,value,2026-09-19T20:06:32Z
2026-09-19T20:02:15Z,2026-09-19T22:02:15+0200,951bc624-efa6-477c-a022-930ebdd9d98e,2026-09-14T20:15:00Z,2026-09-14T22:15:00+0200,252.74,EUR/MWh,DK2,DK_2,day_ahead_price,value,2026-09-19T20:06:32Z
2026-09-19T20:02:15Z,2026-09-19T22:02:15+0200,951bc624-efa6-477c-a022-930ebdd9d98e,2026-09-14T20:30:00Z,2026-09-14T22:30:00+0200,243.26,EUR/MWh,DK2,DK_2,day_ahead_price,value,2026-09-19T20:06:32Z
2026-09-19T20:02:15Z,2026-09-19T22:02:15+0200,951bc624-efa6-477c-a022-930ebdd9d98e,2026-09-14T20:45:00Z,2026-09-14T22:45:00+0200,225.95,EUR/MWh,DK2,DK_2,day_ahead_price,value,2026-09-19T20:06:32Z
2026-09-19T20:02:15Z,2026-09-19T22:02:15+0200,951bc624-efa6-477c-a022-930ebdd9d98e,2026-09-14T21:00:00Z,2026-09-14T23:00:00+0200,234.51,EUR/MWh,DK2,DK_2,day_ahead_price,value,2026-09-19T20:06:32Z
2026-09-19T20:02:15Z,2026-09-19T22:02:15+0200,951bc624-efa6-477c-a022-930ebdd9d98e,2026-09-14T21:15:00Z,2026-09-14T23:15:00+0200,222.99,EUR/MWh,DK2,DK_2,day_ahead_price,value,2026-09-19T20:06:32Z
2026-09-19T20:02:15Z,2026-09-19T22:02:15+0200,951bc624-efa6-477c-a022-930ebdd9d98e,2026-09-14T21:30:00Z,2026-09-14T23:30:00+0200,217.41,EUR/MWh,DK2,DK_2,day_ahead_price,value,2026-09-19T20:06:32Z
2026-09-19T20:02:15Z,2026-09-19T22:02:15+0200,951bc624-efa6-477c-a022-930ebdd9d98e,2026-09-14T21:45:00Z,2026-09-14T23:45:00+0200,205.95,EUR/MWh,DK2,DK_2,day_ahead_price,value,2026-09-19T20:06:32Z
2026-09-19T20:02:15Z,2026-09-19T22:02:15+0200,951bc624-efa6-477c-a022-930ebdd9d98e,2026-09-14T22:00:00Z,2026-09-15T00:00:00+0200,221.88,EUR/MWh,DK2,DK_2,day_ahead_price,value,2026-09-19T20:06:32Z
2026-09-19T20:02:15Z,2026-09-19T22:02:15+0200,951bc624-efa6-477c-a022-930ebdd9d98e,2026-09-14T22:15:00Z,2026-09-15T00:15:00+0200,217.470001,EUR/MWh,DK2,DK_2,day_ahead_price,value,2026-09-19T20:06:32Z
2026-09-19T20:02:15Z,2026-09-19T22:02:15+0200,951bc624-efa6-477c-a022-930ebdd9d98e,2026-09-14T22:30:00Z,2026-09-15T00:30:00+0200,205.62,EUR/MWh,DK2,DK_2,day_ahead_price,value,2026-09-19T20:06:32Z
2026-09-19T20:02:15Z,2026-09-19T22:02:15+0200,951bc624-efa6-477c-a022-930ebdd9d98e,2026-09-14T22:45:00Z,2026-09-15T00:45:00+0200,192.089996,EUR/MWh,DK2,DK_2,day_ahead_price,value,2026-09-19T20:06:32Z
2026-09-19T20:02:15Z,2026-09-19T22:02:15+0200,951bc624-efa6-477c-a022-930ebdd9d98e,2026-09-14T23:00:00Z,2026-09-15T01:00:00+0200,211.210007,EUR/MWh,DK2,DK_2,day_ahead_price,value,2026-09-19T20:06:32Z
2026-09-19T20:02:15Z,2026-09-19T22:02:15+0200,951bc624-efa6-477c-a022-930ebdd9d98e,2026-09-14T23:15:00Z,2026-09-15T01:15:00+0200,198.43,EUR/MWh,DK2,DK_2,day_ahead_price,value,2026-09-19T20:06:32Z
2026-09-19T20:02:15Z,2026-09-19T22:02:15+0200,951bc624-efa6-477c-a022-930ebdd9d98e,2026-09-14T23:30:00Z,2026-09-15T01:30:00+0200,194.3,EUR/MWh,DK2,DK_2,day_ahead_price,value,2026-09-19T20:06:32Z
2026-09-19T20:02:15Z,2026-09-19T22:02:15+0200,951bc624-efa6-477c-a022-930ebdd9d98e,2026-09-14T23:45:00Z,2026-09-15T01:45:00+0200,188.11,EUR/MWh,DK2,DK_2,day_ahead_price,value,2026-09-19T20:06:32Z
2026-09-19T20:02:15Z,2026-09-19T22:02:15+0200,951bc624-efa6-477c-a022-930ebdd9d98e,2026-09-15T00:00:00Z,2026-09-15T02:00:00+0200,189.91,EUR/MWh,DK2,DK_2,day_ahead_price,value,2026-09-19T20:06:32Z
2026-09-19T20:02:15Z,2026-09-19T22:02:15+0200,951bc624-efa6-477c-a022-930ebdd9d98e,2026-09-15T00:15:00Z,2026-09-15T02:15:00+0200,187.100006,EUR/MWh,DK2,DK_2,day_ahead_price,value,2026-09-19T20:06:32Z
2026-09-19T20:02:15Z,2026-09-19T22:02:15+0200,951bc624-efa6-477c-a022-930ebdd9d98e,2026-09-15T00:30:00Z,2026-09-15T02:30:00+0200,188.139999,EUR/MWh,DK2,DK_2,day_ahead_price,value,2026-09-19T20:06:32Z
2026-09-19T20:02:15Z,2026-09-19T22:02:15+0200,951bc624-efa6-477c-a022-930ebdd9d98e,2026-09-15T00:45:00Z,2026-09-15T02:45:00+0200,187.5,EUR/MWh,DK2,DK_2,day_ahead_price,value,2026-09-19T20:06:32Z
2026-09-19T20:02:15Z,2026-09-19T22:02:15+0200,951bc624-efa6-477c-a022-930ebdd9d98e,2026-09-15T01:00:00Z,2026-09-15T03:00:00+0200,185.3,EUR/MWh,DK2,DK_2,day_ahead_price,value,2026-09-19T20:06:32Z
2026-09-19T20:02:15Z,2026-09-19T22:02:15+0200,951bc624-efa6-477c-a022-930ebdd9d98e,2026-09-15T01:15:00Z,2026-09-15T03:15:00+0200,185.97,EUR/MWh,DK2,DK_2,day_ahead_price,value,2026-09-19T20:06:32Z
2026-09-19T20:02:15Z,2026-09-19T22:02:15+0200,951bc624-efa6-477c-a022-930ebdd9d98e,2026-09-15T01:30:00Z,2026-09-15T03:30:00+0200,187.339996,EUR/MWh,DK2,DK_2,day_ahead_price,value,2026-09-19T20:06:32Z
2026-09-19T20:02:15Z,2026-09-19T22:02:15+0200,951bc624-efa6-477c-a022-930ebdd9d98e,2026-09-15T01:45:00Z,2026-09-15T03:45:00+0200,183.949997,EUR/MWh,DK2,DK_2,day_ahead_price,value,2026-09-19T20:06:32Z
2026-09-19T20:02:15Z,2026-09-19T22:02:15+0200,951bc624-efa6-477c-a022-930ebdd9d98e,2026-09-15T02:00:00Z,2026-09-15T04:00:00+0200,184.06,EUR/MWh,DK2,DK_2,day_ahead_price,value,2026-09-19T20:06:32Z
2026-09-19T20:02:15Z,2026-09-19T22:02:15+0200,951bc624-efa6-477c-a022-930ebdd9d98e,2026-09-15T02:15:00Z,2026-09-15T04:15:00+0200,184.300003,EUR/MWh,DK2,DK_2,day_ahead_price,value,2026-09-19T20:06:32Z
2026-09-19T20:02:15Z,2026-09-19T22:02:15+0200,951bc624-efa6-477c-a022-930ebdd9d98e,2026-09-15T02:30:00Z,2026-09-15T04:30:00+0200,184.520004,EUR/MWh,DK2,DK_2,day_ahead_price,value,2026-09-19T20:06:32Z
2026-09-19T20:02:15Z,2026-09-19T22:02:15+0200,951bc624-efa6-477c-a022-930ebdd9d98e,2026-09-15T02:45:00Z,2026-09-15T04:45:00+0200,181.309998,EUR/MWh,DK2,DK_2,day_ahead_price,value,2026-09-19T20:06:32Z
2026-09-19T20:02:15Z,2026-09-19T22:02:15+0200,951bc624-efa6-477c-a022-930ebdd9d98e,2026-09-15T03:00:00Z,2026-09-15T05:00:00+0200,184.380005,EUR/MWh,DK2,DK_2,day_ahead_price,value,2026-09-19T20:06:32Z
2026-09-19T20:02:15Z,2026-09-19T22:02:15+0200,951bc624-efa6-477c-a022-930ebdd9d98e,2026-09-15T03:15:00Z,2026-09-15T05:15:00+0200,186.910004,EUR/MWh,DK2,DK_2,day_ahead_price,value,2026-09-19T20:06:32Z
2026-09-19T20:02:15Z,2026-09-19T22:02:15+0200,951bc624-efa6-477c-a022-930ebdd9d98e,2026-09-15T03:30:00Z,2026-09-15T05:30:00+0200,199.059998,EUR/MWh,DK2,DK_2,day_ahead_price,value,2026-09-19T20:06:32Z
2026-09-19T20:02:15Z,2026-09-19T22:02:15+0200,951bc624-efa6-477c-a022-930ebdd9d98e,2026-09-15T03:45:00Z,2026-09-15T05:45:00+0200,216.160004,EUR/MWh,DK2,DK_2,day_ahead_price,value,2026-09-19T20:06:32Z
2026-09-19T20:02:15Z,2026-09-19T22:02:15+0200,951bc624-efa6-477c-a022-930ebdd9d98e,2026-09-15T04:00:00Z,2026-09-15T06:00:00+0200,214.089996,EUR/MWh,DK2,DK_2,day_ahead_price,value,2026-09-19T20:06:32Z
2026-09-19T20:02:15Z,2026-09-19T22:02:15+0200,951bc624-efa6-477c-a022-930ebdd9d98e,2026-09-15T04:15:00Z,2026-09-15T06:15:00+0200,211.12,EUR/MWh,DK2,DK_2,day_ahead_price,value,2026-09-19T20:06:32Z
2026-09-19T20:02:15Z,2026-09-19T22:02:15+0200,951bc624-efa6-477c-a022-930ebdd9d98e,2026-09-15T04:30:00Z,2026-09-15T06:30:00+0200,213.570007,EUR/MWh,DK2,DK_2,day_ahead_price,value,2026-09-19T20:06:32Z
2026-09-19T20:02:15Z,2026-09-19T22:02:15+0200,951bc624-efa6-477c-a022-930ebdd9d98e,2026-09-15T04:45:00Z,2026-09-15T06:45:00+0200,239.75,EUR/MWh,DK2,DK_2,day_ahead_price,value,2026-09-19T20:06:32Z
2026-09-19T20:02:15Z,2026-09-19T22:02:15+0200,951bc624-efa6-477c-a022-930ebdd9d98e,2026-09-15T05:00:00Z,2026-09-15T07:00:00+0200,247.76,EUR/MWh,DK2,DK_2,day_ahead_price,value,2026-09-19T20:06:32Z
2026-09-19T20:02:15Z,2026-09-19T22:02:15+0200,951bc624-efa6-477c-a022-930ebdd9d98e,2026-09-15T05:15:00Z,2026-09-15T07:15:00+0200,262.54,EUR/MWh,DK2,DK_2,day_ahead_price,value,2026-09-19T20:06:32Z
2026-09-19T20:02:15Z,2026-09-19T22:02:15+0200,951bc624-efa6-477c-a022-930ebdd9d98e,2026-09-15T05:30:00Z,2026-09-15T07:30:00+0200,250.020004,EUR/MWh,DK2,DK_2,day_ahead_price,value,2026-09-19T20:06:32Z
2026-09-19T20:02:15Z,2026-09-19T22:02:15+0200,951bc624-efa6-477c-a022-930ebdd9d98e,2026-09-15T05:45:00Z,2026-09-15T07:45:00+0200,241.01,EUR/MWh,DK2,DK_2,day_ahead_price,value,2026-09-19T20:06:32Z
2026-09-19T20:02:15Z,2026-09-19T22:02:15+0200,951bc624-efa6-477c-a022-930ebdd9d98e,2026-09-15T06:00:00Z,2026-09-15T08:00:00+0200,267.95,EUR/MWh,DK2,DK_2,day_ahead_price,value,2026-09-19T20:06:32Z
2026-09-19T20:02:15Z,2026-09-19T22:02:15+0200,951bc624-efa6-477c-a022-930ebdd9d98e,2026-09-15T06:15:00Z,2026-09-15T08:15:00+0200,241.46,EUR/MWh,DK2,DK_2,day_ahead_price,value,2026-09-19T20:06:32Z
2026-09-19T20:02:15Z,2026-09-19T22:02:15+0200,951bc624-efa6-477c-a022-930ebdd9d98e,2026-09-15T06:30:00Z,2026-09-15T08:30:00+0200,225.0,EUR/MWh,DK2,DK_2,day_ahead_price,value,2026-09-19T20:06:32Z
2026-09-19T20:02:15Z,2026-09-19T22:02:15+0200,951bc624-efa6-477c-a022-930ebdd9d98e,2026-09-15T06:45:00Z,2026-09-15T08:45:00+0200,197.880005,EUR/MWh,DK2,DK_2,day_ahead_price,value,2026-09-19T20:06:32Z
2026-09-19T20:02:15Z,2026-09-19T22:02:15+0200,951bc624-efa6-477c-a022-930ebdd9d98e,2026-09-15T07:00:00Z,2026-09-15T09:00:00+0200,227.5,EUR/MWh,DK2,DK_2,day_ahead_price,value,2026-09-19T20:06:32Z
2026-09-19T20:02:15Z,2026-09-19T22:02:15+0200,951bc624-efa6-477c-a022-930ebdd9d98e,2026-09-15T07:15:00Z,2026-09-15T09:15:00+0200,212.62,EUR/MWh,DK2,DK_2,day_ahead_price,value,2026-09-19T20:06:32Z
2026-09-19T20:02:15Z,2026-09-19T22:02:15+0200,951bc624-efa6-477c-a022-930ebdd9d98e,2026-09-15T07:30:00Z,2026-09-15T09:30:00+0200,188.75,EUR/MWh,DK2,DK_2,day_ahead_price,value,2026-09-19T20:06:32Z
2026-09-19T20:02:15Z,2026-09-19T22:02:15+0200,951bc624-efa6-477c-a022-930ebdd9d98e,2026-09-15T07:45:00Z,2026-09-15T09:45:00+0200,155.179993,EUR/MWh,DK2,DK_2,day_ahead_price,value,2026-09-19T20:06:32Z
2026-09-19T20:02:15Z,2026-09-19T22:02:15+0200,951bc624-efa6-477c-a022-930ebdd9d98e,2026-09-15T08:00:00Z,2026-09-15T10:00:00+0200,181.17,EUR/MWh,DK2,DK_2,day_ahead_price,value,2026-09-19T20:06:32Z
2026-09-19T20:02:15Z,2026-09-19T22:02:15+0200,951bc624-efa6-477c-a022-930ebdd9d98e,2026-09-15T08:15:00Z,2026-09-15T10:15:00+0200,160.25,EUR/MWh,DK2,DK_2,day_ahead_price,value,2026-09-19T20:06:32Z
2026-09-19T20:02:15Z,2026-09-19T22:02:15+0200,951bc624-efa6-477c-a022-930ebdd9d98e,2026-09-15T08:30:00Z,2026-09-15T10:30:00+0200,130.380005,EUR/MWh,DK2,DK_2,day_ahead_price,value,2026-09-19T20:06:32Z
2026-09-19T20:02:15Z,2026-09-19T22:02:15+0200,951bc624-efa6-477c-a022-930ebdd9d98e,2026-09-15T08:45:00Z,2026-09-15T10:45:00+0200,112.06,EUR/MWh,DK2,DK_2,day_ahead_price,value,2026-09-19T20:06:32Z
2026-09-19T20:02:15Z,2026-09-19T22:02:15+0200,951bc624-efa6-477c-a022-930ebdd9d98e,2026-09-15T09:00:00Z,2026-09-15T11:00:00+0200,122.17,EUR/MWh,DK2,DK_2,day_ahead_price,value,2026-09-19T20:06:32Z
2026-09-19T20:02:15Z,2026-09-19T22:02:15+0200,951bc624-efa6-477c-a022-930ebdd9d98e,2026-09-15T09:15:00Z,2026-09-15T11:15:00+0200,87.92,EUR/MWh,DK2,DK_2,day_ahead_price,value,2026-09-19T20:06:32Z
2026-09-19T20:02:15Z,2026-09-19T22:02:15+0200,951bc624-efa6-477c-a022-930ebdd9d98e,2026-09-15T09:30:00Z,2026-09-15T11:30:00+0200,67.84,EUR/MWh,DK2,DK_2,day_ahead_price,value,2026-09-19T20:06:32Z
2026-09-19T20:02:15Z,2026-09-19T22:02:15+0200,951bc624-efa6-477c-a022-930ebdd9d98e,2026-09-15T09:45:00Z,2026-09-15T11:45:00+0200,35.790001,EUR/MWh,DK2,DK_2,day_ahead_price,value,2026-09-19T20:06:32Z
2026-09-19T20:02:15Z,2026-09-19T22:02:15+0200,951bc624-efa6-477c-a022-930ebdd9d98e,2026-09-15T10:00:00Z,2026-09-15T12:00:00+0200,58.17,EUR/MWh,DK2,DK_2,day_ahead_price,value,2026-09-19T20:06:32Z
2026-09-19T20:02:15Z,2026-09-19T22:02:15+0200,951bc624-efa6-477c-a022-930ebdd9d98e,2026-09-15T10:15:00Z,2026-09-15T12:15:00+0200,43.450001,EUR/MWh,DK2,DK_2,day_ahead_price,value,2026-09-19T20:06:32Z
2026-09-19T20:02:15Z,2026-09-19T22:02:15+0200,951bc624-efa6-477c-a022-930ebdd9d98e,2026-09-15T10:30:00Z,2026-09-15T12:30:00+0200,36.46,EUR/MWh,DK2,DK_2,day_ahead_price,value,2026-09-19T20:06:32Z
2026-09-19T20:02:15Z,2026-09-19T22:02:15+0200,951bc624-efa6-477c-a022-930ebdd9d98e,2026-09-15T10:45:00Z,2026-09-15T12:45:00+0200,37.400002,EUR/MWh,DK2,DK_2,day_ahead_price,value,2026-09-19T20:06:32Z
2026-09-19T20:02:15Z,2026-09-19T22:02:15+0200,951bc624-efa6-477c-a022-930ebdd9d98e,2026-09-15T11:00:00Z,2026-09-15T13:00:00+0200,37.279999,EUR/MWh,DK2,DK_2,day_ahead_price,value,2026-09-19T20:06:32Z
2026-09-19T20:02:15Z,2026-09-19T22:02:15+0200,951bc624-efa6-477c-a022-930ebdd9d98e,2026-09-15T11:15:00Z,2026-09-15T13:15:00+0200,34.849998,EUR/MWh,DK2,DK_2,day_ahead_price,value,2026-09-19T20:06:32Z
2026-09-19T20:02:15Z,2026-09-19T22:02:15+0200,951bc624-efa6-477c-a022-930ebdd9d98e,2026-09-15T11:30:00Z,2026-09-15T13:30:00+0200,33.950001,EUR/MWh,DK2,DK_2,day_ahead_price,value,2026-09-19T20:06:32Z
2026-09-19T20:02:15Z,2026-09-19T22:02:15+0200,951bc624-efa6-477c-a022-930ebdd9d98e,2026-09-15T11:45:00Z,2026-09-15T13:45:00+0200,31.0,EUR/MWh,DK2,DK_2,day_ahead_price,value,2026-09-19T20:06:32Z
2026-09-19T20:02:15Z,2026-09-19T22:02:15+0200,951bc624-efa6-477c-a022-930ebdd9d98e,2026-09-15T12:00:00Z,2026-09-15T14:00:00+0200,31.530001,EUR/MWh,DK2,DK_2,day_ahead_price,value,2026-09-19T20:06:32Z
2026-09-19T20:02:15Z,2026-09-19T22:02:15+0200,951bc624-efa6-477c-a022-930ebdd9d98e,2026-09-15T12:15:00Z,2026-09-15T14:15:00+0200,42.529999,EUR/MWh,DK2,DK_2,day_ahead_price,value,2026-09-19T20:06:32Z
2026-09-19T20:02:15Z,2026-09-19T22:02:15+0200,951bc624-efa6-477c-a022-930ebdd9d98e,2026-09-15T12:30:00Z,2026-09-15T14:30:00+0200,50.700001,EUR/MWh,DK2,DK_2,day_ahead_price,value,2026-09-19T20:06:32Z
2026-09-19T20:02:15Z,2026-09-19T22:02:15+0200,951bc624-efa6-477c-a022-930ebdd9d98e,2026-09-15T12:45:00Z,2026-09-15T14:45:00+0200,61.509998,EUR/MWh,DK2,DK_2,day_ahead_price,value,2026-09-19T20:06:32Z
2026-09-19T20:02:15Z,2026-09-19T22:02:15+0200,951bc624-efa6-477c-a022-930ebdd9d98e,2026-09-15T13:00:00Z,2026-09-15T15:00:00+0200,62.009998,EUR/MWh,DK2,DK_2,day_ahead_price,value,2026-09-19T20:06:32Z
2026-09-19T20:02:15Z,2026-09-19T22:02:15+0200,951bc624-efa6-477c-a022-930ebdd9d98e,2026-09-15T13:15:00Z,2026-09-15T15:15:00+0200,89.830002,EUR/MWh,DK2,DK_2,day_ahead_price,value,2026-09-19T20:06:32Z
2026-09-19T20:02:15Z,2026-09-19T22:02:15+0200,951bc624-efa6-477c-a022-930ebdd9d98e,2026-09-15T13:30:00Z,2026-09-15T15:30:00+0200,120.980003,EUR/MWh,DK2,DK_2,day_ahead_price,value,2026-09-19T20:06:32Z
2026-09-19T20:02:15Z,2026-09-19T22:02:15+0200,951bc624-efa6-477c-a022-930ebdd9d98e,2026-09-15T13:45:00Z,2026-09-15T15:45:00+0200,142.95,EUR/MWh,DK2,DK_2,day_ahead_price,value,2026-09-19T20:06:32Z
2026-09-19T20:02:15Z,2026-09-19T22:02:15+0200,951bc624-efa6-477c-a022-930ebdd9d98e,2026-09-15T14:00:00Z,2026-09-15T16:00:00+0200,104.730003,EUR/MWh,DK2,DK_2,day_ahead_price,value,2026-09-19T20:06:32Z
2026-09-19T20:02:15Z,2026-09-19T22:02:15+0200,951bc624-efa6-477c-a022-930ebdd9d98e,2026-09-15T14:15:00Z,2026-09-15T16:15:00+0200,140.54,EUR/MWh,DK2,DK_2,day_ahead_price,value,2026-09-19T20:06:32Z
2026-09-19T20:02:15Z,2026-09-19T22:02:15+0200,951bc624-efa6-477c-a022-930ebdd9d98e,2026-09-15T14:30:00Z,2026-09-15T16:30:00+0200,171.080002,EUR/MWh,DK2,DK_2,day_ahead_price,value,2026-09-19T20:06:32Z
2026-09-19T20:02:15Z,2026-09-19T22:02:15+0200,951bc624-efa6-477c-a022-930ebdd9d98e,2026-09-15T14:45:00Z,2026-09-15T16:45:00+0200,206.369995,EUR/MWh,DK2,DK_2,day_ahead_price,value,2026-09-19T20:06:32Z
2026-09-19T20:02:15Z,2026-09-19T22:02:15+0200,951bc624-efa6-477c-a022-930ebdd9d98e,2026-09-15T15:00:00Z,2026-09-15T17:00:00+0200,167.619995,EUR/MWh,DK2,DK_2,day_ahead_price,value,2026-09-19T20:06:32Z
2026-09-19T20:02:15Z,2026-09-19T22:02:15+0200,951bc624-efa6-477c-a022-930ebdd9d98e,2026-09-15T15:15:00Z,2026-09-15T17:15:00+0200,209.5,EUR/MWh,DK2,DK_2,day_ahead_price,value,2026-09-19T20:06:32Z
2026-09-19T20:02:15Z,2026-09-19T22:02:15+0200,951bc624-efa6-477c-a022-930ebdd9d98e,2026-09-15T15:30:00Z,2026-09-15T17:30:00+0200,228.699997,EUR/MWh,DK2,DK_2,day_ahead_price,value,2026-09-19T20:06:32Z
2026-09-19T20:02:15Z,2026-09-19T22:02:15+0200,951bc624-efa6-477c-a022-930ebdd9d98e,2026-09-15T15:45:00Z,2026-09-15T17:45:00+0200,244.92,EUR/MWh,DK2,DK_2,day_ahead_price,value,2026-09-19T20:06:32Z
2026-09-19T20:02:15Z,2026-09-19T22:02:15+0200,951bc624-efa6-477c-a022-930ebdd9d98e,2026-09-15T16:00:00Z,2026-09-15T18:00:00+0200,215.809998,EUR/MWh,DK2,DK_2,day_ahead_price,value,2026-09-19T20:06:32Z
2026-09-19T20:02:15Z,2026-09-19T22:02:15+0200,951bc624-efa6-477c-a022-930ebdd9d98e,2026-09-15T16:15:00Z,2026-09-15T18:15:00+0200,231.2,EUR/MWh,DK2,DK_2,day_ahead_price,value,2026-09-19T20:06:32Z
2026-09-19T20:02:15Z,2026-09-19T22:02:15+0200,951bc624-efa6-477c-a022-930ebdd9d98e,2026-09-15T16:30:00Z,2026-09-15T18:30:00+0200,251.429993,EUR/MWh,DK2,DK_2,day_ahead_price,value,2026-09-19T20:06:32Z
2026-09-19T20:02:15Z,2026-09-19T22:02:15+0200,951bc624-efa6-477c-a022-930ebdd9d98e,2026-09-15T16:45:00Z,2026-09-15T18:45:00+0200,280.2,EUR/MWh,DK2,DK_2,day_ahead_price,value,2026-09-19T20:06:32Z
2026-09-19T20:02:15Z,2026-09-19T22:02:15+0200,951bc624-efa6-477c-a022-930ebdd9d98e,2026-09-15T17:00:00Z,2026-09-15T19:00:00+0200,280.81,EUR/MWh,DK2,DK_2,day_ahead_price,value,2026-09-19T20:06:32Z
2026-09-19T20:02:15Z,2026-09-19T22:02:15+0200,951bc624-efa6-477c-a022-930ebdd9d98e,2026-09-15T17:15:00Z,2026-09-15T19:15:00+0200,297.28,EUR/MWh,DK2,DK_2,day_ahead_price,value,2026-09-19T20:06:32Z
2026-09-19T20:02:15Z,2026-09-19T22:02:15+0200,951bc624-efa6-477c-a022-930ebdd9d98e,2026-09-15T17:30:00Z,2026-09-15T19:30:00+0200,296.450012,EUR/MWh,DK2,DK_2,day_ahead_price,value,2026-09-19T20:06:32Z
2026-09-19T20:02:15Z,2026-09-19T22:02:15+0200,951bc624-efa6-477c-a022-930ebdd9d98e,2026-09-15T17:45:00Z,2026-09-15T19:45:00+0200,291.37,EUR/MWh,DK2,DK_2,day_ahead_price,value,2026-09-19T20:06:32Z
2026-09-19T20:02:15Z,2026-09-19T22:02:15+0200,951bc624-efa6-477c-a022-930ebdd9d98e,2026-09-15T18:00:00Z,2026-09-15T20:00:00+0200,273.15,EUR/MWh,DK2,DK_2,day_ahead_price,value,2026-09-19T20:06:32Z
2026-09-19T20:02:15Z,2026-09-19T22:02:15+0200,951bc624-efa6-477c-a022-930ebdd9d98e,2026-09-15T18:15:00Z,2026-09-15T20:15:00+0200,250.52,EUR/MWh,DK2,DK_2,day_ahead_price,value,2026-09-19T20:06:32Z
2026-09-19T20:02:15Z,2026-09-19T22:02:15+0200,951bc624-efa6-477c-a022-930ebdd9d98e,2026-09-15T18:30:00Z,2026-09-15T20:30:00+0200,245.690002,EUR/MWh,DK2,DK_2,day_ahead_price,value,2026-09-19T20:06:32Z
2026-09-19T20:02:15Z,2026-09-19T22:02:15+0200,951bc624-efa6-477c-a022-930ebdd9d98e,2026-09-15T18:45:00Z,2026-09-15T20:45:00+0200,238.62,EUR/MWh,DK2,DK_2,day_ahead_price,value,2026-09-19T20:06:32Z
2026-09-19T20:02:15Z,2026-09-19T22:02:15+0200,951bc624-efa6-477c-a022-930ebdd9d98e,2026-09-15T19:00:00Z,2026-09-15T21:00:00+0200,230.93,EUR/MWh,DK2,DK_2,day_ahead_price,value,2026-09-19T20:06:32Z
2026-09-19T20:02:15Z,2026-09-19T22:02:15+0200,951bc624-efa6-477c-a022-930ebdd9d98e,2026-09-15T19:15:00Z,2026-09-15T21:15:00+0200,226.19,EUR/MWh,DK2,DK_2,day_ahead_price,value,2026-09-19T20:06:32Z
2026-09-19T20:02:15Z,2026-09-19T22:02:15+0200,951bc624-efa6-477c-a022-930ebdd9d98e,2026-09-15T19:30:00Z,2026-09-15T21:30:00+0200,223.25,EUR/MWh,DK2,DK_2,day_ahead_price,value,2026-09-19T20:06:32Z
2026-09-19T20:02:15Z,2026-09-19T22:02:15+0200,951bc624-efa6-477c-a022-930ebdd9d98e,2026-09-15T19:45:00Z,2026-09-15T21:45:00+0200,207.99,EUR/MWh,DK2,DK_2,day_ahead_price,value,2026-09-19T20:06:32Z
2026-09-19T20:02:15Z,2026-09-19T22:02:15+0200,951bc624-efa6-477c-a022-930ebdd9d98e,2026-09-15T20:00:00Z,2026-09-15T22:00:00+0200,212.64,EUR/MWh,DK2,DK_2,day_ahead_price,value,2026-09-19T20:06:32Z
2026-09-19T20:02:15Z,2026-09-19T22:02:15+0200,951bc624-efa6-477c-a022-930ebdd9d98e,2026-09-15T20:15:00Z,2026-09-15T22:15:00+0200,199.17,EUR/MWh,DK2,DK_2,day_ahead_price,value,2026-09-19T20:06:32Z
2026-09-19T20:02:15Z,2026-09-19T22:02:15+0200,951bc624-efa6-477c-a022-930ebdd9d98e,2026-09-15T20:30:00Z,2026-09-15T22:30:00+0200,196.350006,EUR/MWh,DK2,DK_2,day_ahead_price,value,2026-09-19T20:06:32Z
2026-09-19T20:02:15Z,2026-09-19T22:02:15+0200,951bc624-efa6-477c-a022-930ebdd9d98e,2026-09-15T20:45:00Z,2026-09-15T22:45:00+0200,183.58,EUR/MWh,DK2,DK_2,day_ahead_price,value,2026-09-19T20:06:32Z
2026-09-19T20:02:15Z,2026-09-19T22:02:15+0200,951bc624-efa6-477c-a022-930ebdd9d98e,2026-09-15T21:00:00Z,2026-09-15T23:00:00+0200,192.0,EUR/MWh,DK2,DK_2,day_ahead_price,value,2026-09-19T20:06:32Z
2026-09-19T20:02:15Z,2026-09-19T22:02:15+0200,951bc624-efa6-477c-a022-930ebdd9d98e,2026-09-15T21:15:00Z,2026-09-15T23:15:00+0200,185.789993,EUR/MWh,DK2,DK_2,day_ahead_price,value,2026-09-19T20:06:32Z
2026-09-19T20:02:15Z,2026-09-19T22:02:15+0200,951bc624-efa6-477c-a022-930ebdd9d98e,2026-09-15T21:30:00Z,2026-09-15T23:30:00+0200,178.800003,EUR/MWh,DK2,DK_2,day_ahead_price,value,2026-09-19T20:06:32Z
2026-09-19T20:02:15Z,2026-09-19T22:02:15+0200,951bc624-efa6-477c-a022-930ebdd9d98e,2026-09-15T21:45:00Z,2026-09-15T23:45:00+0200,171.0,EUR/MWh,DK2,DK_2,day_ahead_price,value,2026-09-19T20:06:32Z
2026-09-19T20:02:15Z,2026-09-19T22:02:15+0200,951bc624-efa6-477c-a022-930ebdd9d98e,2026-09-15T22:00:00Z,2026-09-16T00:00:00+0200,180.98,EUR/MWh,DK2,DK_2,day_ahead_price,value,2026-09-19T20:06:32Z
2026-09-19T20:02:15Z,2026-09-19T22:02:15+0200,951bc624-efa6-477c-a022-930ebdd9d98e,2026-09-15T22:15:00Z,2026-09-16T00:15:00+0200,178.809998,EUR/MWh,DK2,DK_2,day_ahead_price,value,2026-09-19T20:06:32Z
2026-09-19T20:02:15Z,2026-09-19T22:02:15+0200,951bc624-efa6-477c-a022-930ebdd9d98e,2026-09-15T22:30:00Z,2026-09-16T00:30:00+0200,174.380005,EUR/MWh,DK2,DK_2,day_ahead_price,value,2026-09-19T20:06:32Z
2026-09-19T20:02:15Z,2026-09-19T22:02:15+0200,951bc624-efa6-477c-a022-930ebdd9d98e,2026-09-15T22:45:00Z,2026-09-16T00:45:00+0200,170.630005,EUR/MWh,DK2,DK_2,day_ahead_price,value,2026-09-19T20:06:32Z
2026-09-19T20:02:15Z,2026-09-19T22:02:15+0200,951bc624-efa6-477c-a022-930ebdd9d98e,2026-09-15T23:00:00Z,2026-09-16T01:00:00+0200,172.919998,EUR/MWh,DK2,DK_2,day_ahead_price,value,2026-09-19T20:06:32Z
2026-09-19T20:02:15Z,2026-09-19T22:02:15+0200,951bc624-efa6-477c-a022-930ebdd9d98e,2026-09-15T23:15:00Z,2026-09-16T01:15:00+0200,170.66,EUR/MWh,DK2,DK_2,day_ahead_price,value,2026-09-19T20:06:32Z
2026-09-19T20:02:15Z,2026-09-19T22:02:15+0200,951bc624-efa6-477c-a022-930ebdd9d98e,2026-09-15T23:30:00Z,2026-09-16T01:30:00+0200,170.87,EUR/MWh,DK2,DK_2,day_ahead_price,value,2026-09-19T20:06:32Z
2026-09-19T20:02:15Z,2026-09-19T22:02:15+0200,951bc624-efa6-477c-a022-930ebdd9d98e,2026-09-15T23:45:00Z,2026-09-16T01:45:00+0200,169.940002,EUR/MWh,DK2,DK_2,day_ahead_price,value,2026-09-19T20:06:32Z
2026-09-19T20:02:15Z,2026-09-19T22:02:15+0200,951bc624-efa6-477c-a022-930ebdd9d98e,2026-09-16T00:00:00Z,2026-09-16T02:00:00+0200,167.419998,EUR/MWh,DK2,DK_2,day_ahead_price,value,2026-09-19T20:06:32Z
2026-09-19T20:02:15Z,2026-09-19T22:02:15+0200,951bc624-efa6-477c-a022-930ebdd9d98e,2026-09-16T00:15:00Z,2026-09-16T02:15:00+0200,167.009995,EUR/MWh,DK2,DK_2,day_ahead_price,value,2026-09-19T20:06:32Z
2026-09-19T20:02:15Z,2026-09-19T22:02:15+0200,951bc624-efa6-477c-a022-930ebdd9d98e,2026-09-16T00:30:00Z,2026-09-16T02:30:00+0200,169.76,EUR/MWh,DK2,DK_2,day_ahead_price,value,2026-09-19T20:06:32Z
2026-09-19T20:02:15Z,2026-09-19T22:02:15+0200,951bc624-efa6-477c-a022-930ebdd9d98e,2026-09-16T00:45:00Z,2026-09-16T02:45:00+0200,169.149994,EUR/MWh,DK2,DK_2,day_ahead_price,value,2026-09-19T20:06:32Z
2026-09-19T20:02:15Z,2026-09-19T22:02:15+0200,951bc624-efa6-477c-a022-930ebdd9d98e,2026-09-16T01:00:00Z,2026-09-16T03:00:00+0200,169.17,EUR/MWh,DK2,DK_2,day_ahead_price,value,2026-09-19T20:06:32Z
2026-09-19T20:02:15Z,2026-09-19T22:02:15+0200,951bc624-efa6-477c-a022-930ebdd9d98e,2026-09-16T01:15:00Z,2026-09-16T03:15:00+0200,168.75,EUR/MWh,DK2,DK_2,day_ahead_price,value,2026-09-19T20:06:32Z
2026-09-19T20:02:15Z,2026-09-19T22:02:15+0200,951bc624-efa6-477c-a022-930ebdd9d98e,2026-09-16T01:30:00Z,2026-09-16T03:30:00+0200,167.16,EUR/MWh,DK2,DK_2,day_ahead_price,value,2026-09-19T20:06:32Z
2026-09-19T20:02:15Z,2026-09-19T22:02:15+0200,951bc624-efa6-477c-a022-930ebdd9d98e,2026-09-16T01:45:00Z,2026-09-16T03:45:00+0200,168.729996,EUR/MWh,DK2,DK_2,day_ahead_price,value,2026-09-19T20:06:32Z
2026-09-19T20:02:15Z,2026-09-19T22:02:15+0200,951bc624-efa6-477c-a022-930ebdd9d98e,2026-09-16T02:00:00Z,2026-09-16T04:00:00+0200,170.18,EUR/MWh,DK2,DK_2,day_ahead_price,value,2026-09-19T20:06:32Z
2026-09-19T20:02:15Z,2026-09-19T22:02:15+0200,951bc624-efa6-477c-a022-930ebdd9d98e,2026-09-16T02:15:00Z,2026-09-16T04:15:00+0200,167.259995,EUR/MWh,DK2,DK_2,day_ahead_price,value,2026-09-19T20:06:32Z
2026-09-19T20:02:15Z,2026-09-19T22:02:15+0200,951bc624-efa6-477c-a022-930ebdd9d98e,2026-09-16T02:30:00Z,2026-09-16T04:30:00+0200,169.27,EUR/MWh,DK2,DK_2,day_ahead_price,value,2026-09-19T20:06:32Z
2026-09-19T20:02:15Z,2026-09-19T22:02:15+0200,951bc624-efa6-477c-a022-930ebdd9d98e,2026-09-16T02:45:00Z,2026-09-16T04:45:00+0200,171.78,EUR/MWh,DK2,DK_2,day_ahead_price,value,2026-09-19T20:06:32Z
2026-09-19T20:02:15Z,2026-09-19T22:02:15+0200,951bc624-efa6-477c-a022-930ebdd9d98e,2026-09-16T03:00:00Z,2026-09-16T05:00:00+0200,168.020004,EUR/MWh,DK2,DK_2,day_ahead_price,value,2026-09-19T20:06:32Z
2026-09-19T20:02:15Z,2026-09-19T22:02:15+0200,951bc624-efa6-477c-a022-930ebdd9d98e,2026-09-16T03:15:00Z,2026-09-16T05:15:00+0200,178.35,EUR/MWh,DK2,DK_2,day_ahead_price,value,2026-09-19T20:06:32Z
2026-09-19T20:02:15Z,2026-09-19T22:02:15+0200,951bc624-efa6-477c-a022-930ebdd9d98e,2026-09-16T03:30:00Z,2026-09-16T05:30:00+0200,187.58,EUR/MWh,DK2,DK_2,day_ahead_price,value,2026-09-19T20:06:32Z
2026-09-19T20:02:15Z,2026-09-19T22:02:15+0200,951bc624-efa6-477c-a022-930ebdd9d98e,2026-09-16T03:45:00Z,2026-09-16T05:45:00+0200,225.559998,EUR/MWh,DK2,DK_2,day_ahead_price,value,2026-09-19T20:06:32Z
2026-09-19T20:02:15Z,2026-09-19T22:02:15+0200,951bc624-efa6-477c-a022-930ebdd9d98e,2026-09-16T04:00:00Z,2026-09-16T06:00:00+0200,194.05,EUR/MWh,DK2,DK_2,day_ahead_price,value,2026-09-19T20:06:32Z
2026-09-19T20:02:15Z,2026-09-19T22:02:15+0200,951bc624-efa6-477c-a022-930ebdd9d98e,2026-09-16T04:15:00Z,2026-09-16T06:15:00+0200,214.940002,EUR/MWh,DK2,DK_2,day_ahead_price,value,2026-09-19T20:06:32Z
2026-09-19T20:02:15Z,2026-09-19T22:02:15+0200,951bc624-efa6-477c-a022-930ebdd9d98e,2026-09-16T04:30:00Z,2026-09-16T06:30:00+0200,230.279999,EUR/MWh,DK2,DK_2,day_ahead_price,value,2026-09-19T20:06:32Z
2026-09-19T20:02:15Z,2026-09-19T22:02:15+0200,951bc624-efa6-477c-a022-930ebdd9d98e,2026-09-16T04:45:00Z,2026-09-16T06:45:00+0200,240.99,EUR/MWh,DK2,DK_2,day_ahead_price,value,2026-09-19T20:06:32Z
2026-09-19T20:02:15Z,2026-09-19T22:02:15+0200,951bc624-efa6-477c-a022-930ebdd9d98e,2026-09-16T05:00:00Z,2026-09-16T07:00:00+0200,241.83,EUR/MWh,DK2,DK_2,day_ahead_price,value,2026-09-19T20:06:32Z
2026-09-19T20:02:15Z,2026-09-19T22:02:15+0200,951bc624-efa6-477c-a022-930ebdd9d98e,2026-09-16T05:15:00Z,2026-09-16T07:15:00+0200,238.14,EUR/MWh,DK2,DK_2,day_ahead_price,value,2026-09-19T20:06:32Z
2026-09-19T20:02:15Z,2026-09-19T22:02:15+0200,951bc624-efa6-477c-a022-930ebdd9d98e,2026-09-16T05:30:00Z,2026-09-16T07:30:00+0200,233.13,EUR/MWh,DK2,DK_2,day_ahead_price,value,2026-09-19T20:06:32Z
2026-09-19T20:02:15Z,2026-09-19T22:02:15+0200,951bc624-efa6-477c-a022-930ebdd9d98e,2026-09-16T05:45:00Z,2026-09-16T07:45:00+0200,227.74,EUR/MWh,DK2,DK_2,day_ahead_price,value,2026-09-19T20:06:32Z
2026-09-19T20:02:15Z,2026-09-19T22:02:15+0200,951bc624-efa6-477c-a022-930ebdd9d98e,2026-09-16T06:00:00Z,2026-09-16T08:00:00+0200,246.63,EUR/MWh,DK2,DK_2,day_ahead_price,value,2026-09-19T20:06:32Z
2026-09-19T20:02:15Z,2026-09-19T22:02:15+0200,951bc624-efa6-477c-a022-930ebdd9d98e,2026-09-16T06:15:00Z,2026-09-16T08:15:00+0200,237.47,EUR/MWh,DK2,DK_2,day_ahead_price,value,2026-09-19T20:06:32Z
2026-09-19T20:02:15Z,2026-09-19T22:02:15+0200,951bc624-efa6-477c-a022-930ebdd9d98e,2026-09-16T06:30:00Z,2026-09-16T08:30:00+0200,222.85,EUR/MWh,DK2,DK_2,day_ahead_price,value,2026-09-19T20:06:32Z
2026-09-19T20:02:15Z,2026-09-19T22:02:15+0200,951bc624-efa6-477c-a022-930ebdd9d98e,2026-09-16T06:45:00Z,2026-09-16T08:45:00+0200,191.93,EUR/MWh,DK2,DK_2,day_ahead_price,value,2026-09-19T20:06:32Z
2026-09-19T20:02:15Z,2026-09-19T22:02:15+0200,951bc624-efa6-477c-a022-930ebdd9d98e,2026-09-16T07:00:00Z,2026-09-16T09:00:00+0200,219.429993,EUR/MWh,DK2,DK_2,day_ahead_price,value,2026-09-19T20:06:32Z
2026-09-19T20:02:15Z,2026-09-19T22:02:15+0200,951bc624-efa6-477c-a022-930ebdd9d98e,2026-09-16T07:15:00Z,2026-09-16T09:15:00+0200,195.589996,EUR/MWh,DK2,DK_2,day_ahead_price,value,2026-09-19T20:06:32Z
2026-09-19T20:02:15Z,2026-09-19T22:02:15+0200,951bc624-efa6-477c-a022-930ebdd9d98e,2026-09-16T07:30:00Z,2026-09-16T09:30:00+0200,164.270004,EUR/MWh,DK2,DK_2,day_ahead_price,value,2026-09-19T20:06:32Z
2026-09-19T20:02:15Z,2026-09-19T22:02:15+0200,951bc624-efa6-477c-a022-930ebdd9d98e,2026-09-16T07:45:00Z,2026-09-16T09:45:00+0200,156.169998,EUR/MWh,DK2,DK_2,day_ahead_price,value,2026-09-19T20:06:32Z
2026-09-19T20:02:15Z,2026-09-19T22:02:15+0200,951bc624-efa6-477c-a022-930ebdd9d98e,2026-09-16T08:00:00Z,2026-09-16T10:00:00+0200,172.699997,EUR/MWh,DK2,DK_2,day_ahead_price,value,2026-09-19T20:06:32Z
2026-09-19T20:02:15Z,2026-09-19T22:02:15+0200,951bc624-efa6-477c-a022-930ebdd9d98e,2026-09-16T08:15:00Z,2026-09-16T10:15:00+0200,159.149994,EUR/MWh,DK2,DK_2,day_ahead_price,value,2026-09-19T20:06:32Z
2026-09-19T20:02:15Z,2026-09-19T22:02:15+0200,951bc624-efa6-477c-a022-930ebdd9d98e,2026-09-16T08:30:00Z,2026-09-16T10:30:00+0200,156.39,EUR/MWh,DK2,DK_2,day_ahead_price,value,2026-09-19T20:06:32Z
2026-09-19T20:02:15Z,2026-09-19T22:02:15+0200,951bc624-efa6-477c-a022-930ebdd9d98e,2026-09-16T08:45:00Z,2026-09-16T10:45:00+0200,151.460007,EUR/MWh,DK2,DK_2,day_ahead_price,value,2026-09-19T20:06:32Z
2026-09-19T20:02:15Z,2026-09-19T22:02:15+0200,951bc624-efa6-477c-a022-930ebdd9d98e,2026-09-16T09:00:00Z,2026-09-16T11:00:00+0200,143.42,EUR/MWh,DK2,DK_2,day_ahead_price,value,2026-09-19T20:06:32Z
2026-09-19T20:02:15Z,2026-09-19T22:02:15+0200,951bc624-efa6-477c-a022-930ebdd9d98e,2026-09-16T09:15:00Z,2026-09-16T11:15:00+0200,141.940002,EUR/MWh,DK2,DK_2,day_ahead_price,value,2026-09-19T20:06:32Z
2026-09-19T20:02:15Z,2026-09-19T22:02:15+0200,951bc624-efa6-477c-a022-930ebdd9d98e,2026-09-16T09:30:00Z,2026-09-16T11:30:00+0200,129.800003,EUR/MWh,DK2,DK_2,day_ahead_price,value,2026-09-19T20:06:32Z
2026-09-19T20:02:15Z,2026-09-19T22:02:15+0200,951bc624-efa6-477c-a022-930ebdd9d98e,2026-09-16T09:45:00Z,2026-09-16T11:45:00+0200,121.56,EUR/MWh,DK2,DK_2,day_ahead_price,value,2026-09-19T20:06:32Z
2026-09-19T20:02:15Z,2026-09-19T22:02:15+0200,951bc624-efa6-477c-a022-930ebdd9d98e,2026-09-16T10:00:00Z,2026-09-16T12:00:00+0200,123.089996,EUR/MWh,DK2,DK_2,day_ahead_price,value,2026-09-19T20:06:32Z
2026-09-19T20:02:15Z,2026-09-19T22:02:15+0200,951bc624-efa6-477c-a022-930ebdd9d98e,2026-09-16T10:15:00Z,2026-09-16T12:15:00+0200,108.63,EUR/MWh,DK2,DK_2,day_ahead_price,value,2026-09-19T20:06:32Z
2026-09-19T20:02:15Z,2026-09-19T22:02:15+0200,951bc624-efa6-477c-a022-930ebdd9d98e,2026-09-16T10:30:00Z,2026-09-16T12:30:00+0200,105.73,EUR/MWh,DK2,DK_2,day_ahead_price,value,2026-09-19T20:06:32Z
2026-09-19T20:02:15Z,2026-09-19T22:02:15+0200,951bc624-efa6-477c-a022-930ebdd9d98e,2026-09-16T10:45:00Z,2026-09-16T12:45:00+0200,97.830002,EUR/MWh,DK2,DK_2,day_ahead_price,value,2026-09-19T20:06:32Z
2026-09-19T20:02:15Z,2026-09-19T22:02:15+0200,951bc624-efa6-477c-a022-930ebdd9d98e,2026-09-16T11:00:00Z,2026-09-16T13:00:00+0200,101.7,EUR/MWh,DK2,DK_2,day_ahead_price,value,2026-09-19T20:06:32Z
2026-09-19T20:02:15Z,2026-09-19T22:02:15+0200,951bc624-efa6-477c-a022-930ebdd9d98e,2026-09-16T11:15:00Z,2026-09-16T13:15:00+0200,97.91,EUR/MWh,DK2,DK_2,day_ahead_price,value,2026-09-19T20:06:32Z
2026-09-19T20:02:15Z,2026-09-19T22:02:15+0200,951bc624-efa6-477c-a022-930ebdd9d98e,2026-09-16T11:30:00Z,2026-09-16T13:30:00+0200,95.14,EUR/MWh,DK2,DK_2,day_ahead_price,value,2026-09-19T20:06:32Z
2026-09-19T20:02:15Z,2026-09-19T22:02:15+0200,951bc624-efa6-477c-a022-930ebdd9d98e,2026-09-16T11:45:00Z,2026-09-16T13:45:00+0200,89.760002,EUR/MWh,DK2,DK_2,day_ahead_price,value,2026-09-19T20:06:32Z
2026-09-19T20:02:15Z,2026-09-19T22:02:15+0200,951bc624-efa6-477c-a022-930ebdd9d98e,2026-09-16T12:00:00Z,2026-09-16T14:00:00+0200,97.87,EUR/MWh,DK2,DK_2,day_ahead_price,value,2026-09-19T20:06:32Z
2026-09-19T20:02:15Z,2026-09-19T22:02:15+0200,951bc624-efa6-477c-a022-930ebdd9d98e,2026-09-16T12:15:00Z,2026-09-16T14:15:00+0200,99.28,EUR/MWh,DK2,DK_2,day_ahead_price,value,2026-09-19T20:06:32Z
2026-09-19T20:02:15Z,2026-09-19T22:02:15+0200,951bc624-efa6-477c-a022-930ebdd9d98e,2026-09-16T12:30:00Z,2026-09-16T14:30:00+0200,103.52,EUR/MWh,DK2,DK_2,day_ahead_price,value,2026-09-19T20:06:32Z
2026-09-19T20:02:15Z,2026-09-19T22:02:15+0200,951bc624-efa6-477c-a022-930ebdd9d98e,2026-09-16T12:45:00Z,2026-09-16T14:45:00+0200,105.529999,EUR/MWh,DK2,DK_2,day_ahead_price,value,2026-09-19T20:06:32Z
2026-09-19T20:02:15Z,2026-09-19T22:02:15+0200,951bc624-efa6-477c-a022-930ebdd9d98e,2026-09-16T13:00:00Z,2026-09-16T15:00:00+0200,107.239998,EUR/MWh,DK2,DK_2,day_ahead_price,value,2026-09-19T20:06:32Z
2026-09-19T20:02:15Z,2026-09-19T22:02:15+0200,951bc624-efa6-477c-a022-930ebdd9d98e,2026-09-16T13:15:00Z,2026-09-16T15:15:00+0200,117.18,EUR/MWh,DK2,DK_2,day_ahead_price,value,2026-09-19T20:06:32Z
2026-09-19T20:02:15Z,2026-09-19T22:02:15+0200,951bc624-efa6-477c-a022-930ebdd9d98e,2026-09-16T13:30:00Z,2026-09-16T15:30:00+0200,130.449997,EUR/MWh,DK2,DK_2,day_ahead_price,value,2026-09-19T20:06:32Z
2026-09-19T20:02:15Z,2026-09-19T22:02:15+0200,951bc624-efa6-477c-a022-930ebdd9d98e,2026-09-16T13:45:00Z,2026-09-16T15:45:00+0200,132.009995,EUR/MWh,DK2,DK_2,day_ahead_price,value,2026-09-19T20:06:32Z
2026-09-19T20:02:15Z,2026-09-19T22:02:15+0200,951bc624-efa6-477c-a022-930ebdd9d98e,2026-09-16T14:00:00Z,2026-09-16T16:00:00+0200,131.559998,EUR/MWh,DK2,DK_2,day_ahead_price,value,2026-09-19T20:06:32Z
2026-09-19T20:02:15Z,2026-09-19T22:02:15+0200,951bc624-efa6-477c-a022-930ebdd9d98e,2026-09-16T14:15:00Z,2026-09-16T16:15:00+0200,142.910004,EUR/MWh,DK2,DK_2,day_ahead_price,value,2026-09-19T20:06:32Z
2026-09-19T20:02:15Z,2026-09-19T22:02:15+0200,951bc624-efa6-477c-a022-930ebdd9d98e,2026-09-16T14:30:00Z,2026-09-16T16:30:00+0200,165.25,EUR/MWh,DK2,DK_2,day_ahead_price,value,2026-09-19T20:06:32Z
2026-09-19T20:02:15Z,2026-09-19T22:02:15+0200,951bc624-efa6-477c-a022-930ebdd9d98e,2026-09-16T14:45:00Z,2026-09-16T16:45:00+0200,191.029999,EUR/MWh,DK2,DK_2,day_ahead_price,value,2026-09-19T20:06:32Z
2026-09-19T20:02:15Z,2026-09-19T22:02:15+0200,951bc624-efa6-477c-a022-930ebdd9d98e,2026-09-16T15:00:00Z,2026-09-16T17:00:00+0200,182.68,EUR/MWh,DK2,DK_2,day_ahead_price,value,2026-09-19T20:06:32Z
2026-09-19T20:02:15Z,2026-09-19T22:02:15+0200,951bc624-efa6-477c-a022-930ebdd9d98e,2026-09-16T15:15:00Z,2026-09-16T17:15:00+0200,202.46,EUR/MWh,DK2,DK_2,day_ahead_price,value,2026-09-19T20:06:32Z
2026-09-19T20:02:15Z,2026-09-19T22:02:15+0200,951bc624-efa6-477c-a022-930ebdd9d98e,2026-09-16T15:30:00Z,2026-09-16T17:30:00+0200,206.72,EUR/MWh,DK2,DK_2,day_ahead_price,value,2026-09-19T20:06:32Z
2026-09-19T20:02:15Z,2026-09-19T22:02:15+0200,951bc624-efa6-477c-a022-930ebdd9d98e,2026-09-16T15:45:00Z,2026-09-16T17:45:00+0200,216.639999,EUR/MWh,DK2,DK_2,day_ahead_price,value,2026-09-19T20:06:32Z
2026-09-19T20:02:15Z,2026-09-19T22:02:15+0200,951bc624-efa6-477c-a022-930ebdd9d98e,2026-09-16T16:00:00Z,2026-09-16T18:00:00+0200,207.740005,EUR/MWh,DK2,DK_2,day_ahead_price,value,2026-09-19T20:06:32Z
2026-09-19T20:02:15Z,2026-09-19T22:02:15+0200,951bc624-efa6-477c-a022-930ebdd9d98e,2026-09-16T16:15:00Z,2026-09-16T18:15:00+0200,220.11,EUR/MWh,DK2,DK_2,day_ahead_price,value,2026-09-19T20:06:32Z
2026-09-19T20:02:15Z,2026-09-19T22:02:15+0200,951bc624-efa6-477c-a022-930ebdd9d98e,2026-09-16T16:30:00Z,2026-09-16T18:30:00+0200,233.97,EUR/MWh,DK2,DK_2,day_ahead_price,value,2026-09-19T20:06:32Z
2026-09-19T20:02:15Z,2026-09-19T22:02:15+0200,951bc624-efa6-477c-a022-930ebdd9d98e,2026-09-16T16:45:00Z,2026-09-16T18:45:00+0200,262.7,EUR/MWh,DK2,DK_2,day_ahead_price,value,2026-09-19T20:06:32Z
2026-09-19T20:02:15Z,2026-09-19T22:02:15+0200,951bc624-efa6-477c-a022-930ebdd9d98e,2026-09-16T17:00:00Z,2026-09-16T19:00:00+0200,237.0,EUR/MWh,DK2,DK_2,day_ahead_price,value,2026-09-19T20:06:32Z
2026-09-19T20:02:15Z,2026-09-19T22:02:15+0200,951bc624-efa6-477c-a022-930ebdd9d98e,2026-09-16T17:15:00Z,2026-09-16T19:15:00+0200,246.92,EUR/MWh,DK2,DK_2,day_ahead_price,value,2026-09-19T20:06:32Z
2026-09-19T20:02:15Z,2026-09-19T22:02:15+0200,951bc624-efa6-477c-a022-930ebdd9d98e,2026-09-16T17:30:00Z,2026-09-16T19:30:00+0200,261.630005,EUR/MWh,DK2,DK_2,day_ahead_price,value,2026-09-19T20:06:32Z
2026-09-19T20:02:15Z,2026-09-19T22:02:15+0200,951bc624-efa6-477c-a022-930ebdd9d98e,2026-09-16T17:45:00Z,2026-09-16T19:45:00+0200,268.42,EUR/MWh,DK2,DK_2,day_ahead_price,value,2026-09-19T20:06:32Z
2026-09-19T20:02:15Z,2026-09-19T22:02:15+0200,951bc624-efa6-477c-a022-930ebdd9d98e,2026-09-16T18:00:00Z,2026-09-16T20:00:00+0200,264.27,EUR/MWh,DK2,DK_2,day_ahead_price,value,2026-09-19T20:06:32Z
2026-09-19T20:02:15Z,2026-09-19T22:02:15+0200,951bc624-efa6-477c-a022-930ebdd9d98e,2026-09-16T18:15:00Z,2026-09-16T20:15:00+0200,248.45,EUR/MWh,DK2,DK_2,day_ahead_price,value,2026-09-19T20:06:32Z
2026-09-19T20:02:15Z,2026-09-19T22:02:15+0200,951bc624-efa6-477c-a022-930ebdd9d98e,2026-09-16T18:30:00Z,2026-09-16T20:30:00+0200,238.31,EUR/MWh,DK2,DK_2,day_ahead_price,value,2026-09-19T20:06:32Z
2026-09-19T20:02:15Z,2026-09-19T22:02:15+0200,951bc624-efa6-477c-a022-930ebdd9d98e,2026-09-16T18:45:00Z,2026-09-16T20:45:00+0200,233.05,EUR/MWh,DK2,DK_2,day_ahead_price,value,2026-09-19T20:06:32Z
2026-09-19T20:02:15Z,2026-09-19T22:02:15+0200,951bc624-efa6-477c-a022-930ebdd9d98e,2026-09-16T19:00:00Z,2026-09-16T21:00:00+0200,235.889999,EUR/MWh,DK2,DK_2,day_ahead_price,value,2026-09-19T20:06:32Z
2026-09-19T20:02:15Z,2026-09-19T22:02:15+0200,951bc624-efa6-477c-a022-930ebdd9d98e,2026-09-16T19:15:00Z,2026-09-16T21:15:00+0200,229.12,EUR/MWh,DK2,DK_2,day_ahead_price,value,2026-09-19T20:06:32Z
2026-09-19T20:02:15Z,2026-09-19T22:02:15+0200,951bc624-efa6-477c-a022-930ebdd9d98e,2026-09-16T19:30:00Z,2026-09-16T21:30:00+0200,215.27,EUR/MWh,DK2,DK_2,day_ahead_price,value,2026-09-19T20:06:32Z
2026-09-19T20:02:15Z,2026-09-19T22:02:15+0200,951bc624-efa6-477c-a022-930ebdd9d98e,2026-09-16T19:45:00Z,2026-09-16T21:45:00+0200,202.770004,EUR/MWh,DK2,DK_2,day_ahead_price,value,2026-09-19T20:06:32Z
2026-09-19T20:02:15Z,2026-09-19T22:02:15+0200,951bc624-efa6-477c-a022-930ebdd9d98e,2026-09-16T20:00:00Z,2026-09-16T22:00:00+0200,196.089996,EUR/MWh,DK2,DK_2,day_ahead_price,value,2026-09-19T20:06:32Z
2026-09-19T20:02:15Z,2026-09-19T22:02:15+0200,951bc624-efa6-477c-a022-930ebdd9d98e,2026-09-16T20:15:00Z,2026-09-16T22:15:00+0200,193.51,EUR/MWh,DK2,DK_2,day_ahead_price,value,2026-09-19T20:06:32Z
2026-09-19T20:02:15Z,2026-09-19T22:02:15+0200,951bc624-efa6-477c-a022-930ebdd9d98e,2026-09-16T20:30:00Z,2026-09-16T22:30:00+0200,189.67,EUR/MWh,DK2,DK_2,day_ahead_price,value,2026-09-19T20:06:32Z
2026-09-19T20:02:15Z,2026-09-19T22:02:15+0200,951bc624-efa6-477c-a022-930ebdd9d98e,2026-09-16T20:45:00Z,2026-09-16T22:45:00+0200,187.98,EUR/MWh,DK2,DK_2,day_ahead_price,value,2026-09-19T20:06:32Z
2026-09-19T20:02:15Z,2026-09-19T22:02:15+0200,951bc624-efa6-477c-a022-930ebdd9d98e,2026-09-16T21:00:00Z,2026-09-16T23:00:00+0200,187.49,EUR/MWh,DK2,DK_2,day_ahead_price,value,2026-09-19T20:06:32Z
2026-09-19T20:02:15Z,2026-09-19T22:02:15+0200,951bc624-efa6-477c-a022-930ebdd9d98e,2026-09-16T21:15:00Z,2026-09-16T23:15:00+0200,186.860001,EUR/MWh,DK2,DK_2,day_ahead_price,value,2026-09-19T20:06:32Z
2026-09-19T20:02:15Z,2026-09-19T22:02:15+0200,951bc624-efa6-477c-a022-930ebdd9d98e,2026-09-16T21:30:00Z,2026-09-16T23:30:00+0200,183.389999,EUR/MWh,DK2,DK_2,day_ahead_price,value,2026-09-19T20:06:32Z
2026-09-19T20:02:15Z,2026-09-19T22:02:15+0200,951bc624-efa6-477c-a022-930ebdd9d98e,2026-09-16T21:45:00Z,2026-09-16T23:45:00+0200,167.809998,EUR/MWh,DK2,DK_2,day_ahead_price,value,2026-09-19T20:06:32Z
2026-09-19T20:02:15Z,2026-09-19T22:02:15+0200,951bc624-efa6-477c-a022-930ebdd9d98e,2026-09-16T22:00:00Z,2026-09-17T00:00:00+0200,178.43,EUR/MWh,DK2,DK_2,day_ahead_price,value,2026-09-19T20:06:32Z
2026-09-19T20:02:15Z,2026-09-19T22:02:15+0200,951bc624-efa6-477c-a022-930ebdd9d98e,2026-09-16T22:15:00Z,2026-09-17T00:15:00+0200,165.18,EUR/MWh,DK2,DK_2,day_ahead_price,value,2026-09-19T20:06:32Z
2026-09-19T20:02:15Z,2026-09-19T22:02:15+0200,951bc624-efa6-477c-a022-930ebdd9d98e,2026-09-16T22:30:00Z,2026-09-17T00:30:00+0200,163.93,EUR/MWh,DK2,DK_2,day_ahead_price,value,2026-09-19T20:06:32Z
2026-09-19T20:02:15Z,2026-09-19T22:02:15+0200,951bc624-efa6-477c-a022-930ebdd9d98e,2026-09-16T22:45:00Z,2026-09-17T00:45:00+0200,162.57,EUR/MWh,DK2,DK_2,day_ahead_price,value,2026-09-19T20:06:32Z
2026-09-19T20:02:15Z,2026-09-19T22:02:15+0200,951bc624-efa6-477c-a022-930ebdd9d98e,2026-09-16T23:00:00Z,2026-09-17T01:00:00+0200,161.78,EUR/MWh,DK2,DK_2,day_ahead_price,value,2026-09-19T20:06:32Z
2026-09-19T20:02:15Z,2026-09-19T22:02:15+0200,951bc624-efa6-477c-a022-930ebdd9d98e,2026-09-16T23:15:00Z,2026-09-17T01:15:00+0200,163.02,EUR/MWh,DK2,DK_2,day_ahead_price,value,2026-09-19T20:06:32Z
2026-09-19T20:02:15Z,2026-09-19T22:02:15+0200,951bc624-efa6-477c-a022-930ebdd9d98e,2026-09-16T23:30:00Z,2026-09-17T01:30:00+0200,165.64,EUR/MWh,DK2,DK_2,day_ahead_price,value,2026-09-19T20:06:32Z
2026-09-19T20:02:15Z,2026-09-19T22:02:15+0200,951bc624-efa6-477c-a022-930ebdd9d98e,2026-09-16T23:45:00Z,2026-09-17T01:45:00+0200,160.37,EUR/MWh,DK2,DK_2,day_ahead_price,value,2026-09-19T20:06:32Z
2026-09-19T20:02:15Z,2026-09-19T22:02:15+0200,951bc624-efa6-477c-a022-930ebdd9d98e,2026-09-17T00:00:00Z,2026-09-17T02:00:00+0200,165.06,EUR/MWh,DK2,DK_2,day_ahead_price,value,2026-09-19T20:06:32Z
2026-09-19T20:02:15Z,2026-09-19T22:02:15+0200,951bc624-efa6-477c-a022-930ebdd9d98e,2026-09-17T00:15:00Z,2026-09-17T02:15:00+0200,164.38,EUR/MWh,DK2,DK_2,day_ahead_price,value,2026-09-19T20:06:32Z
2026-09-19T20:02:15Z,2026-09-19T22:02:15+0200,951bc624-efa6-477c-a022-930ebdd9d98e,2026-09-17T00:30:00Z,2026-09-17T02:30:00+0200,163.94,EUR/MWh,DK2,DK_2,day_ahead_price,value,2026-09-19T20:06:32Z
2026-09-19T20:02:15Z,2026-09-19T22:02:15+0200,951bc624-efa6-477c-a022-930ebdd9d98e,2026-09-17T00:45:00Z,2026-09-17T02:45:00+0200,163.92,EUR/MWh,DK2,DK_2,day_ahead_price,value,2026-09-19T20:06:32Z
2026-09-19T20:02:15Z,2026-09-19T22:02:15+0200,951bc624-efa6-477c-a022-930ebdd9d98e,2026-09-17T01:00:00Z,2026-09-17T03:00:00+0200,158.11,EUR/MWh,DK2,DK_2,day_ahead_price,value,2026-09-19T20:06:32Z
2026-09-19T20:02:15Z,2026-09-19T22:02:15+0200,951bc624-efa6-477c-a022-930ebdd9d98e,2026-09-17T01:15:00Z,2026-09-17T03:15:00+0200,158.24,EUR/MWh,DK2,DK_2,day_ahead_price,value,2026-09-19T20:06:32Z
2026-09-19T20:02:15Z,2026-09-19T22:02:15+0200,951bc624-efa6-477c-a022-930ebdd9d98e,2026-09-17T01:30:00Z,2026-09-17T03:30:00+0200,158.18,EUR/MWh,DK2,DK_2,day_ahead_price,value,2026-09-19T20:06:32Z
2026-09-19T20:02:15Z,2026-09-19T22:02:15+0200,951bc624-efa6-477c-a022-930ebdd9d98e,2026-09-17T01:45:00Z,2026-09-17T03:45:00+0200,158.21,EUR/MWh,DK2,DK_2,day_ahead_price,value,2026-09-19T20:06:32Z
2026-09-19T20:02:15Z,2026-09-19T22:02:15+0200,951bc624-efa6-477c-a022-930ebdd9d98e,2026-09-17T02:00:00Z,2026-09-17T04:00:00+0200,158.39,EUR/MWh,DK2,DK_2,day_ahead_price,value,2026-09-19T20:06:32Z
2026-09-19T20:02:15Z,2026-09-19T22:02:15+0200,951bc624-efa6-477c-a022-930ebdd9d98e,2026-09-17T02:15:00Z,2026-09-17T04:15:00+0200,160.43,EUR/MWh,DK2,DK_2,day_ahead_price,value,2026-09-19T20:06:32Z
2026-09-19T20:02:15Z,2026-09-19T22:02:15+0200,951bc624-efa6-477c-a022-930ebdd9d98e,2026-09-17T02:30:00Z,2026-09-17T04:30:00+0200,164.7,EUR/MWh,DK2,DK_2,day_ahead_price,value,2026-09-19T20:06:32Z
2026-09-19T20:02:15Z,2026-09-19T22:02:15+0200,951bc624-efa6-477c-a022-930ebdd9d98e,2026-09-17T02:45:00Z,2026-09-17T04:45:00+0200,164.54,EUR/MWh,DK2,DK_2,day_ahead_price,value,2026-09-19T20:06:32Z
2026-09-19T20:02:15Z,2026-09-19T22:02:15+0200,951bc624-efa6-477c-a022-930ebdd9d98e,2026-09-17T03:00:00Z,2026-09-17T05:00:00+0200,157.61,EUR/MWh,DK2,DK_2,day_ahead_price,value,2026-09-19T20:06:32Z
2026-09-19T20:02:15Z,2026-09-19T22:02:15+0200,951bc624-efa6-477c-a022-930ebdd9d98e,2026-09-17T03:15:00Z,2026-09-17T05:15:00+0200,158.88,EUR/MWh,DK2,DK_2,day_ahead_price,value,2026-09-19T20:06:32Z
2026-09-19T20:02:15Z,2026-09-19T22:02:15+0200,951bc624-efa6-477c-a022-930ebdd9d98e,2026-09-17T03:30:00Z,2026-09-17T05:30:00+0200,165.55,EUR/MWh,DK2,DK_2,day_ahead_price,value,2026-09-19T20:06:32Z
2026-09-19T20:02:15Z,2026-09-19T22:02:15+0200,951bc624-efa6-477c-a022-930ebdd9d98e,2026-09-17T03:45:00Z,2026-09-17T05:45:00+0200,161.3,EUR/MWh,DK2,DK_2,day_ahead_price,value,2026-09-19T20:06:32Z
2026-09-19T20:02:15Z,2026-09-19T22:02:15+0200,951bc624-efa6-477c-a022-930ebdd9d98e,2026-09-17T04:00:00Z,2026-09-17T06:00:00+0200,161.36,EUR/MWh,DK2,DK_2,day_ahead_price,value,2026-09-19T20:06:32Z
2026-09-19T20:02:15Z,2026-09-19T22:02:15+0200,951bc624-efa6-477c-a022-930ebdd9d98e,2026-09-17T04:15:00Z,2026-09-17T06:15:00+0200,167.42,EUR/MWh,DK2,DK_2,day_ahead_price,value,2026-09-19T20:06:32Z
2026-09-19T20:02:15Z,2026-09-19T22:02:15+0200,951bc624-efa6-477c-a022-930ebdd9d98e,2026-09-17T04:30:00Z,2026-09-17T06:30:00+0200,174.74,EUR/MWh,DK2,DK_2,day_ahead_price,value,2026-09-19T20:06:32Z
2026-09-19T20:02:15Z,2026-09-19T22:02:15+0200,951bc624-efa6-477c-a022-930ebdd9d98e,2026-09-17T04:45:00Z,2026-09-17T06:45:00+0200,176.54,EUR/MWh,DK2,DK_2,day_ahead_price,value,2026-09-19T20:06:32Z
2026-09-19T20:02:15Z,2026-09-19T22:02:15+0200,951bc624-efa6-477c-a022-930ebdd9d98e,2026-09-17T05:00:00Z,2026-09-17T07:00:00+0200,184.56,EUR/MWh,DK2,DK_2,day_ahead_price,value,2026-09-19T20:06:32Z
2026-09-19T20:02:15Z,2026-09-19T22:02:15+0200,951bc624-efa6-477c-a022-930ebdd9d98e,2026-09-17T05:15:00Z,2026-09-17T07:15:00+0200,183.7,EUR/MWh,DK2,DK_2,day_ahead_price,value,2026-09-19T20:06:32Z
2026-09-19T20:02:15Z,2026-09-19T22:02:15+0200,951bc624-efa6-477c-a022-930ebdd9d98e,2026-09-17T05:30:00Z,2026-09-17T07:30:00+0200,183.8,EUR/MWh,DK2,DK_2,day_ahead_price,value,2026-09-19T20:06:32Z
2026-09-19T20:02:15Z,2026-09-19T22:02:15+0200,951bc624-efa6-477c-a022-930ebdd9d98e,2026-09-17T05:45:00Z,2026-09-17T07:45:00+0200,189.07,EUR/MWh,DK2,DK_2,day_ahead_price,value,2026-09-19T20:06:32Z
2026-09-19T20:02:15Z,2026-09-19T22:02:15+0200,951bc624-efa6-477c-a022-930ebdd9d98e,2026-09-17T06:00:00Z,2026-09-17T08:00:00+0200,215.93,EUR/MWh,DK2,DK_2,day_ahead_price,value,2026-09-19T20:06:32Z
2026-09-19T20:02:15Z,2026-09-19T22:02:15+0200,951bc624-efa6-477c-a022-930ebdd9d98e,2026-09-17T06:15:00Z,2026-09-17T08:15:00+0200,203.38,EUR/MWh,DK2,DK_2,day_ahead_price,value,2026-09-19T20:06:32Z
2026-09-19T20:02:15Z,2026-09-19T22:02:15+0200,951bc624-efa6-477c-a022-930ebdd9d98e,2026-09-17T06:30:00Z,2026-09-17T08:30:00+0200,195.11,EUR/MWh,DK2,DK_2,day_ahead_price,value,2026-09-19T20:06:32Z
2026-09-19T20:02:15Z,2026-09-19T22:02:15+0200,951bc624-efa6-477c-a022-930ebdd9d98e,2026-09-17T06:45:00Z,2026-09-17T08:45:00+0200,178.63,EUR/MWh,DK2,DK_2,day_ahead_price,value,2026-09-19T20:06:32Z
2026-09-19T20:02:15Z,2026-09-19T22:02:15+0200,951bc624-efa6-477c-a022-930ebdd9d98e,2026-09-17T07:00:00Z,2026-09-17T09:00:00+0200,200.01,EUR/MWh,DK2,DK_2,day_ahead_price,value,2026-09-19T20:06:32Z
2026-09-19T20:02:15Z,2026-09-19T22:02:15+0200,951bc624-efa6-477c-a022-930ebdd9d98e,2026-09-17T07:15:00Z,2026-09-17T09:15:00+0200,178.39,EUR/MWh,DK2,DK_2,day_ahead_price,value,2026-09-19T20:06:32Z
2026-09-19T20:02:15Z,2026-09-19T22:02:15+0200,951bc624-efa6-477c-a022-930ebdd9d98e,2026-09-17T07:30:00Z,2026-09-17T09:30:00+0200,146.77,EUR/MWh,DK2,DK_2,day_ahead_price,value,2026-09-19T20:06:32Z
2026-09-19T20:02:15Z,2026-09-19T22:02:15+0200,951bc624-efa6-477c-a022-930ebdd9d98e,2026-09-17T07:45:00Z,2026-09-17T09:45:00+0200,125.06,EUR/MWh,DK2,DK_2,day_ahead_price,value,2026-09-19T20:06:32Z
2026-09-19T20:02:15Z,2026-09-19T22:02:15+0200,951bc624-efa6-477c-a022-930ebdd9d98e,2026-09-17T08:00:00Z,2026-09-17T10:00:00+0200,142.44,EUR/MWh,DK2,DK_2,day_ahead_price,value,2026-09-19T20:06:32Z
2026-09-19T20:02:15Z,2026-09-19T22:02:15+0200,951bc624-efa6-477c-a022-930ebdd9d98e,2026-09-17T08:15:00Z,2026-09-17T10:15:00+0200,122.94,EUR/MWh,DK2,DK_2,day_ahead_price,value,2026-09-19T20:06:32Z
2026-09-19T20:02:15Z,2026-09-19T22:02:15+0200,951bc624-efa6-477c-a022-930ebdd9d98e,2026-09-17T08:30:00Z,2026-09-17T10:30:00+0200,97.88,EUR/MWh,DK2,DK_2,day_ahead_price,value,2026-09-19T20:06:32Z
2026-09-19T20:02:15Z,2026-09-19T22:02:15+0200,951bc624-efa6-477c-a022-930ebdd9d98e,2026-09-17T08:45:00Z,2026-09-17T10:45:00+0200,74.76,EUR/MWh,DK2,DK_2,day_ahead_price,value,2026-09-19T20:06:32Z
2026-09-19T20:02:15Z,2026-09-19T22:02:15+0200,951bc624-efa6-477c-a022-930ebdd9d98e,2026-09-17T09:00:00Z,2026-09-17T11:00:00+0200,69.83,EUR/MWh,DK2,DK_2,day_ahead_price,value,2026-09-19T20:06:32Z
2026-09-19T20:02:15Z,2026-09-19T22:02:15+0200,951bc624-efa6-477c-a022-930ebdd9d98e,2026-09-17T09:15:00Z,2026-09-17T11:15:00+0200,44.08,EUR/MWh,DK2,DK_2,day_ahead_price,value,2026-09-19T20:06:32Z
2026-09-19T20:02:15Z,2026-09-19T22:02:15+0200,951bc624-efa6-477c-a022-930ebdd9d98e,2026-09-17T09:30:00Z,2026-09-17T11:30:00+0200,22.25,EUR/MWh,DK2,DK_2,day_ahead_price,value,2026-09-19T20:06:32Z
2026-09-19T20:02:15Z,2026-09-19T22:02:15+0200,951bc624-efa6-477c-a022-930ebdd9d98e,2026-09-17T09:45:00Z,2026-09-17T11:45:00+0200,9.62,EUR/MWh,DK2,DK_2,day_ahead_price,value,2026-09-19T20:06:32Z
2026-09-19T20:02:15Z,2026-09-19T22:02:15+0200,951bc624-efa6-477c-a022-930ebdd9d98e,2026-09-17T10:00:00Z,2026-09-17T12:00:00+0200,21.51,EUR/MWh,DK2,DK_2,day_ahead_price,value,2026-09-19T20:06:32Z
2026-09-19T20:02:15Z,2026-09-19T22:02:15+0200,951bc624-efa6-477c-a022-930ebdd9d98e,2026-09-17T10:15:00Z,2026-09-17T12:15:00+0200,12.93,EUR/MWh,DK2,DK_2,day_ahead_price,value,2026-09-19T20:06:32Z
2026-09-19T20:02:15Z,2026-09-19T22:02:15+0200,951bc624-efa6-477c-a022-930ebdd9d98e,2026-09-17T10:30:00Z,2026-09-17T12:30:00+0200,10.56,EUR/MWh,DK2,DK_2,day_ahead_price,value,2026-09-19T20:06:32Z
2026-09-19T20:02:15Z,2026-09-19T22:02:15+0200,951bc624-efa6-477c-a022-930ebdd9d98e,2026-09-17T10:45:00Z,2026-09-17T12:45:00+0200,9.79,EUR/MWh,DK2,DK_2,day_ahead_price,value,2026-09-19T20:06:32Z
2026-09-19T20:02:15Z,2026-09-19T22:02:15+0200,951bc624-efa6-477c-a022-930ebdd9d98e,2026-09-17T11:00:00Z,2026-09-17T13:00:00+0200,9.28,EUR/MWh,DK2,DK_2,day_ahead_price,value,2026-09-19T20:06:32Z
2026-09-19T20:02:15Z,2026-09-19T22:02:15+0200,951bc624-efa6-477c-a022-930ebdd9d98e,2026-09-17T11:15:00Z,2026-09-17T13:15:00+0200,12.83,EUR/MWh,DK2,DK_2,day_ahead_price,value,2026-09-19T20:06:32Z
2026-09-19T20:02:15Z,2026-09-19T22:02:15+0200,951bc624-efa6-477c-a022-930ebdd9d98e,2026-09-17T11:30:00Z,2026-09-17T13:30:00+0200,11.53,EUR/MWh,DK2,DK_2,day_ahead_price,value,2026-09-19T20:06:32Z
2026-09-19T20:02:15Z,2026-09-19T22:02:15+0200,951bc624-efa6-477c-a022-930ebdd9d98e,2026-09-17T11:45:00Z,2026-09-17T13:45:00+0200,12.27,EUR/MWh,DK2,DK_2,day_ahead_price,value,2026-09-19T20:06:32Z
2026-09-19T20:02:15Z,2026-09-19T22:02:15+0200,951bc624-efa6-477c-a022-930ebdd9d98e,2026-09-17T12:00:00Z,2026-09-17T14:00:00+0200,6.82,EUR/MWh,DK2,DK_2,day_ahead_price,value,2026-09-19T20:06:32Z
2026-09-19T20:02:15Z,2026-09-19T22:02:15+0200,951bc624-efa6-477c-a022-930ebdd9d98e,2026-09-17T12:15:00Z,2026-09-17T14:15:00+0200,7.96,EUR/MWh,DK2,DK_2,day_ahead_price,value,2026-09-19T20:06:32Z
2026-09-19T20:02:15Z,2026-09-19T22:02:15+0200,951bc624-efa6-477c-a022-930ebdd9d98e,2026-09-17T12:30:00Z,2026-09-17T14:30:00+0200,17.23,EUR/MWh,DK2,DK_2,day_ahead_price,value,2026-09-19T20:06:32Z
2026-09-19T20:02:15Z,2026-09-19T22:02:15+0200,951bc624-efa6-477c-a022-930ebdd9d98e,2026-09-17T12:45:00Z,2026-09-17T14:45:00+0200,26.2,EUR/MWh,DK2,DK_2,day_ahead_price,value,2026-09-19T20:06:32Z
2026-09-19T20:02:15Z,2026-09-19T22:02:15+0200,951bc624-efa6-477c-a022-930ebdd9d98e,2026-09-17T13:00:00Z,2026-09-17T15:00:00+0200,10.6,EUR/MWh,DK2,DK_2,day_ahead_price,value,2026-09-19T20:06:32Z
2026-09-19T20:02:15Z,2026-09-19T22:02:15+0200,951bc624-efa6-477c-a022-930ebdd9d98e,2026-09-17T13:15:00Z,2026-09-17T15:15:00+0200,23.82,EUR/MWh,DK2,DK_2,day_ahead_price,value,2026-09-19T20:06:32Z
2026-09-19T20:02:15Z,2026-09-19T22:02:15+0200,951bc624-efa6-477c-a022-930ebdd9d98e,2026-09-17T13:30:00Z,2026-09-17T15:30:00+0200,42.99,EUR/MWh,DK2,DK_2,day_ahead_price,value,2026-09-19T20:06:32Z
2026-09-19T20:02:15Z,2026-09-19T22:02:15+0200,951bc624-efa6-477c-a022-930ebdd9d98e,2026-09-17T13:45:00Z,2026-09-17T15:45:00+0200,49.01,EUR/MWh,DK2,DK_2,day_ahead_price,value,2026-09-19T20:06:32Z
2026-09-19T20:02:15Z,2026-09-19T22:02:15+0200,951bc624-efa6-477c-a022-930ebdd9d98e,2026-09-17T14:00:00Z,2026-09-17T16:00:00+0200,26.56,EUR/MWh,DK2,DK_2,day_ahead_price,value,2026-09-19T20:06:32Z
2026-09-19T20:02:15Z,2026-09-19T22:02:15+0200,951bc624-efa6-477c-a022-930ebdd9d98e,2026-09-17T14:15:00Z,2026-09-17T16:15:00+0200,52.41,EUR/MWh,DK2,DK_2,day_ahead_price,value,2026-09-19T20:06:32Z
2026-09-19T20:02:15Z,2026-09-19T22:02:15+0200,951bc624-efa6-477c-a022-930ebdd9d98e,2026-09-17T14:30:00Z,2026-09-17T16:30:00+0200,101.5,EUR/MWh,DK2,DK_2,day_ahead_price,value,2026-09-19T20:06:32Z
2026-09-19T20:02:15Z,2026-09-19T22:02:15+0200,951bc624-efa6-477c-a022-930ebdd9d98e,2026-09-17T14:45:00Z,2026-09-17T16:45:00+0200,118.29,EUR/MWh,DK2,DK_2,day_ahead_price,value,2026-09-19T20:06:32Z
2026-09-19T20:02:15Z,2026-09-19T22:02:15+0200,951bc624-efa6-477c-a022-930ebdd9d98e,2026-09-17T15:00:00Z,2026-09-17T17:00:00+0200,101.42,EUR/MWh,DK2,DK_2,day_ahead_price,value,2026-09-19T20:06:32Z
2026-09-19T20:02:15Z,2026-09-19T22:02:15+0200,951bc624-efa6-477c-a022-930ebdd9d98e,2026-09-17T15:15:00Z,2026-09-17T17:15:00+0200,137.31,EUR/MWh,DK2,DK_2,day_ahead_price,value,2026-09-19T20:06:32Z
2026-09-19T20:02:15Z,2026-09-19T22:02:15+0200,951bc624-efa6-477c-a022-930ebdd9d98e,2026-09-17T15:30:00Z,2026-09-17T17:30:00+0200,154.14,EUR/MWh,DK2,DK_2,day_ahead_price,value,2026-09-19T20:06:32Z
2026-09-19T20:02:15Z,2026-09-19T22:02:15+0200,951bc624-efa6-477c-a022-930ebdd9d98e,2026-09-17T15:45:00Z,2026-09-17T17:45:00+0200,178.36,EUR/MWh,DK2,DK_2,day_ahead_price,value,2026-09-19T20:06:32Z
2026-09-19T20:02:15Z,2026-09-19T22:02:15+0200,951bc624-efa6-477c-a022-930ebdd9d98e,2026-09-17T16:00:00Z,2026-09-17T18:00:00+0200,179.72,EUR/MWh,DK2,DK_2,day_ahead_price,value,2026-09-19T20:06:32Z
2026-09-19T20:02:15Z,2026-09-19T22:02:15+0200,951bc624-efa6-477c-a022-930ebdd9d98e,2026-09-17T16:15:00Z,2026-09-17T18:15:00+0200,172.96,EUR/MWh,DK2,DK_2,day_ahead_price,value,2026-09-19T20:06:32Z
2026-09-19T20:02:15Z,2026-09-19T22:02:15+0200,951bc624-efa6-477c-a022-930ebdd9d98e,2026-09-17T16:30:00Z,2026-09-17T18:30:00+0200,178.11,EUR/MWh,DK2,DK_2,day_ahead_price,value,2026-09-19T20:06:32Z
2026-09-19T20:02:15Z,2026-09-19T22:02:15+0200,951bc624-efa6-477c-a022-930ebdd9d98e,2026-09-17T16:45:00Z,2026-09-17T18:45:00+0200,173.93,EUR/MWh,DK2,DK_2,day_ahead_price,value,2026-09-19T20:06:32Z
2026-09-19T20:02:15Z,2026-09-19T22:02:15+0200,951bc624-efa6-477c-a022-930ebdd9d98e,2026-09-17T17:00:00Z,2026-09-17T19:00:00+0200,201.85,EUR/MWh,DK2,DK_2,day_ahead_price,value,2026-09-19T20:06:32Z
2026-09-19T20:02:15Z,2026-09-19T22:02:15+0200,951bc624-efa6-477c-a022-930ebdd9d98e,2026-09-17T17:15:00Z,2026-09-17T19:15:00+0200,198.96,EUR/MWh,DK2,DK_2,day_ahead_price,value,2026-09-19T20:06:32Z
2026-09-19T20:02:15Z,2026-09-19T22:02:15+0200,951bc624-efa6-477c-a022-930ebdd9d98e,2026-09-17T17:30:00Z,2026-09-17T19:30:00+0200,196.86,EUR/MWh,DK2,DK_2,day_ahead_price,value,2026-09-19T20:06:32Z
2026-09-19T20:02:15Z,2026-09-19T22:02:15+0200,951bc624-efa6-477c-a022-930ebdd9d98e,2026-09-17T17:45:00Z,2026-09-17T19:45:00+0200,192.02,EUR/MWh,DK2,DK_2,day_ahead_price,value,2026-09-19T20:06:32Z
2026-09-19T20:02:15Z,2026-09-19T22:02:15+0200,951bc624-efa6-477c-a022-930ebdd9d98e,2026-09-17T18:00:00Z,2026-09-17T20:00:00+0200,209.63,EUR/MWh,DK2,DK_2,day_ahead_price,value,2026-09-19T20:06:32Z
2026-09-19T20:02:15Z,2026-09-19T22:02:15+0200,951bc624-efa6-477c-a022-930ebdd9d98e,2026-09-17T18:15:00Z,2026-09-17T20:15:00+0200,206.57,EUR/MWh,DK2,DK_2,day_ahead_price,value,2026-09-19T20:06:32Z
2026-09-19T20:02:15Z,2026-09-19T22:02:15+0200,951bc624-efa6-477c-a022-930ebdd9d98e,2026-09-17T18:30:00Z,2026-09-17T20:30:00+0200,199.64,EUR/MWh,DK2,DK_2,day_ahead_price,value,2026-09-19T20:06:32Z
2026-09-19T20:02:15Z,2026-09-19T22:02:15+0200,951bc624-efa6-477c-a022-930ebdd9d98e,2026-09-17T18:45:00Z,2026-09-17T20:45:00+0200,193.81,EUR/MWh,DK2,DK_2,day_ahead_price,value,2026-09-19T20:06:32Z
2026-09-19T20:02:15Z,2026-09-19T22:02:15+0200,951bc624-efa6-477c-a022-930ebdd9d98e,2026-09-17T19:00:00Z,2026-09-17T21:00:00+0200,193.07,EUR/MWh,DK2,DK_2,day_ahead_price,value,2026-09-19T20:06:32Z
2026-09-19T20:02:15Z,2026-09-19T22:02:15+0200,951bc624-efa6-477c-a022-930ebdd9d98e,2026-09-17T19:15:00Z,2026-09-17T21:15:00+0200,185.91,EUR/MWh,DK2,DK_2,day_ahead_price,value,2026-09-19T20:06:32Z
2026-09-19T20:02:15Z,2026-09-19T22:02:15+0200,951bc624-efa6-477c-a022-930ebdd9d98e,2026-09-17T19:30:00Z,2026-09-17T21:30:00+0200,185.03,EUR/MWh,DK2,DK_2,day_ahead_price,value,2026-09-19T20:06:32Z
2026-09-19T20:02:15Z,2026-09-19T22:02:15+0200,951bc624-efa6-477c-a022-930ebdd9d98e,2026-09-17T19:45:00Z,2026-09-17T21:45:00+0200,183.32,EUR/MWh,DK2,DK_2,day_ahead_price,value,2026-09-19T20:06:32Z
2026-09-19T20:02:15Z,2026-09-19T22:02:15+0200,951bc624-efa6-477c-a022-930ebdd9d98e,2026-09-17T20:00:00Z,2026-09-17T22:00:00+0200,176.23,EUR/MWh,DK2,DK_2,day_ahead_price,value,2026-09-19T20:06:32Z
2026-09-19T20:02:15Z,2026-09-19T22:02:15+0200,951bc624-efa6-477c-a022-930ebdd9d98e,2026-09-17T20:15:00Z,2026-09-17T22:15:00+0200,175.46,EUR/MWh,DK2,DK_2,day_ahead_price,value,2026-09-19T20:06:32Z
2026-09-19T20:02:15Z,2026-09-19T22:02:15+0200,951bc624-efa6-477c-a022-930ebdd9d98e,2026-09-17T20:30:00Z,2026-09-17T22:30:00+0200,173.66,EUR/MWh,DK2,DK_2,day_ahead_price,value,2026-09-19T20:06:32Z
2026-09-19T20:02:15Z,2026-09-19T22:02:15+0200,951bc624-efa6-477c-a022-930ebdd9d98e,2026-09-17T20:45:00Z,2026-09-17T22:45:00+0200,170.46,EUR/MWh,DK2,DK_2,day_ahead_price,value,2026-09-19T20:06:32Z
2026-09-19T20:02:15Z,2026-09-19T22:02:15+0200,951bc624-efa6-477c-a022-930ebdd9d98e,2026-09-17T21:00:00Z,2026-09-17T23:00:00+0200,162.98,EUR/MWh,DK2,DK_2,day_ahead_price,value,2026-09-19T20:06:32Z
2026-09-19T20:02:15Z,2026-09-19T22:02:15+0200,951bc624-efa6-477c-a022-930ebdd9d98e,2026-09-17T21:15:00Z,2026-09-17T23:15:00+0200,162.7,EUR/MWh,DK2,DK_2,day_ahead_price,value,2026-09-19T20:06:32Z
2026-09-19T20:02:15Z,2026-09-19T22:02:15+0200,951bc624-efa6-477c-a022-930ebdd9d98e,2026-09-17T21:30:00Z,2026-09-17T23:30:00+0200,161.94,EUR/MWh,DK2,DK_2,day_ahead_price,value,2026-09-19T20:06:32Z
2026-09-19T20:02:15Z,2026-09-19T22:02:15+0200,951bc624-efa6-477c-a022-930ebdd9d98e,2026-09-17T21:45:00Z,2026-09-17T23:45:00+0200,160.6,EUR/MWh,DK2,DK_2,day_ahead_price,value,2026-09-19T20:06:32Z
2026-09-19T20:02:15Z,2026-09-19T22:02:15+0200,951bc624-efa6-477c-a022-930ebdd9d98e,2026-09-17T22:00:00Z,2026-09-18T00:00:00+0200,139.91,EUR/MWh,DK2,DK_2,day_ahead_price,value,2026-09-19T20:06:32Z
2026-09-19T20:02:15Z,2026-09-19T22:02:15+0200,951bc624-efa6-477c-a022-930ebdd9d98e,2026-09-17T22:15:00Z,2026-09-18T00:15:00+0200,135.149994,EUR/MWh,DK2,DK_2,day_ahead_price,value,2026-09-19T20:06:32Z
2026-09-19T20:02:15Z,2026-09-19T22:02:15+0200,951bc624-efa6-477c-a022-930ebdd9d98e,2026-09-17T22:30:00Z,2026-09-18T00:30:00+0200,129.710007,EUR/MWh,DK2,DK_2,day_ahead_price,value,2026-09-19T20:06:32Z
2026-09-19T20:02:15Z,2026-09-19T22:02:15+0200,951bc624-efa6-477c-a022-930ebdd9d98e,2026-09-17T22:45:00Z,2026-09-18T00:45:00+0200,127.129997,EUR/MWh,DK2,DK_2,day_ahead_price,value,2026-09-19T20:06:32Z
2026-09-19T20:02:15Z,2026-09-19T22:02:15+0200,951bc624-efa6-477c-a022-930ebdd9d98e,2026-09-17T23:00:00Z,2026-09-18T01:00:00+0200,131.520004,EUR/MWh,DK2,DK_2,day_ahead_price,value,2026-09-19T20:06:32Z
2026-09-19T20:02:15Z,2026-09-19T22:02:15+0200,951bc624-efa6-477c-a022-930ebdd9d98e,2026-09-17T23:15:00Z,2026-09-18T01:15:00+0200,125.9,EUR/MWh,DK2,DK_2,day_ahead_price,value,2026-09-19T20:06:32Z
2026-09-19T20:02:15Z,2026-09-19T22:02:15+0200,951bc624-efa6-477c-a022-930ebdd9d98e,2026-09-17T23:30:00Z,2026-09-18T01:30:00+0200,121.85,EUR/MWh,DK2,DK_2,day_ahead_price,value,2026-09-19T20:06:32Z
2026-09-19T20:02:15Z,2026-09-19T22:02:15+0200,951bc624-efa6-477c-a022-930ebdd9d98e,2026-09-17T23:45:00Z,2026-09-18T01:45:00+0200,122.51,EUR/MWh,DK2,DK_2,day_ahead_price,value,2026-09-19T20:06:32Z
2026-09-19T20:02:15Z,2026-09-19T22:02:15+0200,951bc624-efa6-477c-a022-930ebdd9d98e,2026-09-18T00:00:00Z,2026-09-18T02:00:00+0200,121.42,EUR/MWh,DK2,DK_2,day_ahead_price,value,2026-09-19T20:06:32Z
2026-09-19T20:02:15Z,2026-09-19T22:02:15+0200,951bc624-efa6-477c-a022-930ebdd9d98e,2026-09-18T00:15:00Z,2026-09-18T02:15:00+0200,119.71,EUR/MWh,DK2,DK_2,day_ahead_price,value,2026-09-19T20:06:32Z
2026-09-19T20:02:15Z,2026-09-19T22:02:15+0200,951bc624-efa6-477c-a022-930ebdd9d98e,2026-09-18T00:30:00Z,2026-09-18T02:30:00+0200,126.5,EUR/MWh,DK2,DK_2,day_ahead_price,value,2026-09-19T20:06:32Z
2026-09-19T20:02:15Z,2026-09-19T22:02:15+0200,951bc624-efa6-477c-a022-930ebdd9d98e,2026-09-18T00:45:00Z,2026-09-18T02:45:00+0200,126.9,EUR/MWh,DK2,DK_2,day_ahead_price,value,2026-09-19T20:06:32Z
2026-09-19T20:02:15Z,2026-09-19T22:02:15+0200,951bc624-efa6-477c-a022-930ebdd9d98e,2026-09-18T01:00:00Z,2026-09-18T03:00:00+0200,125.029999,EUR/MWh,DK2,DK_2,day_ahead_price,value,2026-09-19T20:06:32Z
2026-09-19T20:02:15Z,2026-09-19T22:02:15+0200,951bc624-efa6-477c-a022-930ebdd9d98e,2026-09-18T01:15:00Z,2026-09-18T03:15:00+0200,124.970001,EUR/MWh,DK2,DK_2,day_ahead_price,value,2026-09-19T20:06:32Z
2026-09-19T20:02:15Z,2026-09-19T22:02:15+0200,951bc624-efa6-477c-a022-930ebdd9d98e,2026-09-18T01:30:00Z,2026-09-18T03:30:00+0200,125.04,EUR/MWh,DK2,DK_2,day_ahead_price,value,2026-09-19T20:06:32Z
2026-09-19T20:02:15Z,2026-09-19T22:02:15+0200,951bc624-efa6-477c-a022-930ebdd9d98e,2026-09-18T01:45:00Z,2026-09-18T03:45:00+0200,126.970001,EUR/MWh,DK2,DK_2,day_ahead_price,value,2026-09-19T20:06:32Z
2026-09-19T20:02:15Z,2026-09-19T22:02:15+0200,951bc624-efa6-477c-a022-930ebdd9d98e,2026-09-18T02:00:00Z,2026-09-18T04:00:00+0200,123.339996,EUR/MWh,DK2,DK_2,day_ahead_price,value,2026-09-19T20:06:32Z
2026-09-19T20:02:15Z,2026-09-19T22:02:15+0200,951bc624-efa6-477c-a022-930ebdd9d98e,2026-09-18T02:15:00Z,2026-09-18T04:15:00+0200,126.82,EUR/MWh,DK2,DK_2,day_ahead_price,value,2026-09-19T20:06:32Z
2026-09-19T20:02:15Z,2026-09-19T22:02:15+0200,951bc624-efa6-477c-a022-930ebdd9d98e,2026-09-18T02:30:00Z,2026-09-18T04:30:00+0200,126.209999,EUR/MWh,DK2,DK_2,day_ahead_price,value,2026-09-19T20:06:32Z
2026-09-19T20:02:15Z,2026-09-19T22:02:15+0200,951bc624-efa6-477c-a022-930ebdd9d98e,2026-09-18T02:45:00Z,2026-09-18T04:45:00+0200,130.289993,EUR/MWh,DK2,DK_2,day_ahead_price,value,2026-09-19T20:06:32Z
2026-09-19T20:02:15Z,2026-09-19T22:02:15+0200,951bc624-efa6-477c-a022-930ebdd9d98e,2026-09-18T03:00:00Z,2026-09-18T05:00:00+0200,134.050003,EUR/MWh,DK2,DK_2,day_ahead_price,value,2026-09-19T20:06:32Z
2026-09-19T20:02:15Z,2026-09-19T22:02:15+0200,951bc624-efa6-477c-a022-930ebdd9d98e,2026-09-18T03:15:00Z,2026-09-18T05:15:00+0200,134.199997,EUR/MWh,DK2,DK_2,day_ahead_price,value,2026-09-19T20:06:32Z
2026-09-19T20:02:15Z,2026-09-19T22:02:15+0200,951bc624-efa6-477c-a022-930ebdd9d98e,2026-09-18T03:30:00Z,2026-09-18T05:30:00+0200,140.240005,EUR/MWh,DK2,DK_2,day_ahead_price,value,2026-09-19T20:06:32Z
2026-09-19T20:02:15Z,2026-09-19T22:02:15+0200,951bc624-efa6-477c-a022-930ebdd9d98e,2026-09-18T03:45:00Z,2026-09-18T05:45:00+0200,140.270004,EUR/MWh,DK2,DK_2,day_ahead_price,value,2026-09-19T20:06:32Z
2026-09-19T20:02:15Z,2026-09-19T22:02:15+0200,951bc624-efa6-477c-a022-930ebdd9d98e,2026-09-18T04:00:00Z,2026-09-18T06:00:00+0200,163.37,EUR/MWh,DK2,DK_2,day_ahead_price,value,2026-09-19T20:06:32Z
2026-09-19T20:02:15Z,2026-09-19T22:02:15+0200,951bc624-efa6-477c-a022-930ebdd9d98e,2026-09-18T04:15:00Z,2026-09-18T06:15:00+0200,169.81,EUR/MWh,DK2,DK_2,day_ahead_price,value,2026-09-19T20:06:32Z
2026-09-19T20:02:15Z,2026-09-19T22:02:15+0200,951bc624-efa6-477c-a022-930ebdd9d98e,2026-09-18T04:30:00Z,2026-09-18T06:30:00+0200,173.690002,EUR/MWh,DK2,DK_2,day_ahead_price,value,2026-09-19T20:06:32Z
2026-09-19T20:02:15Z,2026-09-19T22:02:15+0200,951bc624-efa6-477c-a022-930ebdd9d98e,2026-09-18T04:45:00Z,2026-09-18T06:45:00+0200,184.520004,EUR/MWh,DK2,DK_2,day_ahead_price,value,2026-09-19T20:06:32Z
2026-09-19T20:02:15Z,2026-09-19T22:02:15+0200,951bc624-efa6-477c-a022-930ebdd9d98e,2026-09-18T05:00:00Z,2026-09-18T07:00:00+0200,189.449997,EUR/MWh,DK2,DK_2,day_ahead_price,value,2026-09-19T20:06:32Z
2026-09-19T20:02:15Z,2026-09-19T22:02:15+0200,951bc624-efa6-477c-a022-930ebdd9d98e,2026-09-18T05:15:00Z,2026-09-18T07:15:00+0200,198.9,EUR/MWh,DK2,DK_2,day_ahead_price,value,2026-09-19T20:06:32Z
2026-09-19T20:02:15Z,2026-09-19T22:02:15+0200,951bc624-efa6-477c-a022-930ebdd9d98e,2026-09-18T05:30:00Z,2026-09-18T07:30:00+0200,195.179993,EUR/MWh,DK2,DK_2,day_ahead_price,value,2026-09-19T20:06:32Z
2026-09-19T20:02:15Z,2026-09-19T22:02:15+0200,951bc624-efa6-477c-a022-930ebdd9d98e,2026-09-18T05:45:00Z,2026-09-18T07:45:00+0200,190.27,EUR/MWh,DK2,DK_2,day_ahead_price,value,2026-09-19T20:06:32Z
2026-09-19T20:02:15Z,2026-09-19T22:02:15+0200,951bc624-efa6-477c-a022-930ebdd9d98e,2026-09-18T06:00:00Z,2026-09-18T08:00:00+0200,206.35,EUR/MWh,DK2,DK_2,day_ahead_price,value,2026-09-19T20:06:32Z
2026-09-19T20:02:15Z,2026-09-19T22:02:15+0200,951bc624-efa6-477c-a022-930ebdd9d98e,2026-09-18T06:15:00Z,2026-09-18T08:15:00+0200,196.39,EUR/MWh,DK2,DK_2,day_ahead_price,value,2026-09-19T20:06:32Z
2026-09-19T20:02:15Z,2026-09-19T22:02:15+0200,951bc624-efa6-477c-a022-930ebdd9d98e,2026-09-18T06:30:00Z,2026-09-18T08:30:00+0200,192.8,EUR/MWh,DK2,DK_2,day_ahead_price,value,2026-09-19T20:06:32Z
2026-09-19T20:02:15Z,2026-09-19T22:02:15+0200,951bc624-efa6-477c-a022-930ebdd9d98e,2026-09-18T06:45:00Z,2026-09-18T08:45:00+0200,180.570007,EUR/MWh,DK2,DK_2,day_ahead_price,value,2026-09-19T20:06:32Z
2026-09-19T20:02:15Z,2026-09-19T22:02:15+0200,951bc624-efa6-477c-a022-930ebdd9d98e,2026-09-18T07:00:00Z,2026-09-18T09:00:00+0200,179.429993,EUR/MWh,DK2,DK_2,day_ahead_price,value,2026-09-19T20:06:32Z
2026-09-19T20:02:15Z,2026-09-19T22:02:15+0200,951bc624-efa6-477c-a022-930ebdd9d98e,2026-09-18T07:15:00Z,2026-09-18T09:15:00+0200,178.96,EUR/MWh,DK2,DK_2,day_ahead_price,value,2026-09-19T20:06:32Z
2026-09-19T20:02:15Z,2026-09-19T22:02:15+0200,951bc624-efa6-477c-a022-930ebdd9d98e,2026-09-18T07:30:00Z,2026-09-18T09:30:00+0200,149.78,EUR/MWh,DK2,DK_2,day_ahead_price,value,2026-09-19T20:06:32Z
2026-09-19T20:02:15Z,2026-09-19T22:02:15+0200,951bc624-efa6-477c-a022-930ebdd9d98e,2026-09-18T07:45:00Z,2026-09-18T09:45:00+0200,115.04,EUR/MWh,DK2,DK_2,day_ahead_price,value,2026-09-19T20:06:32Z
2026-09-19T20:02:15Z,2026-09-19T22:02:15+0200,951bc624-efa6-477c-a022-930ebdd9d98e,2026-09-18T08:00:00Z,2026-09-18T10:00:00+0200,130.330002,EUR/MWh,DK2,DK_2,day_ahead_price,value,2026-09-19T20:06:32Z
2026-09-19T20:02:15Z,2026-09-19T22:02:15+0200,951bc624-efa6-477c-a022-930ebdd9d98e,2026-09-18T08:15:00Z,2026-09-18T10:15:00+0200,109.99,EUR/MWh,DK2,DK_2,day_ahead_price,value,2026-09-19T20:06:32Z
2026-09-19T20:02:15Z,2026-09-19T22:02:15+0200,951bc624-efa6-477c-a022-930ebdd9d98e,2026-09-18T08:30:00Z,2026-09-18T10:30:00+0200,83.49,EUR/MWh,DK2,DK_2,day_ahead_price,value,2026-09-19T20:06:32Z
2026-09-19T20:02:15Z,2026-09-19T22:02:15+0200,951bc624-efa6-477c-a022-930ebdd9d98e,2026-09-18T08:45:00Z,2026-09-18T10:45:00+0200,55.05,EUR/MWh,DK2,DK_2,day_ahead_price,value,2026-09-19T20:06:32Z
2026-09-19T20:02:15Z,2026-09-19T22:02:15+0200,951bc624-efa6-477c-a022-930ebdd9d98e,2026-09-18T09:00:00Z,2026-09-18T11:00:00+0200,70.83,EUR/MWh,DK2,DK_2,day_ahead_price,value,2026-09-19T20:06:32Z
2026-09-19T20:02:15Z,2026-09-19T22:02:15+0200,951bc624-efa6-477c-a022-930ebdd9d98e,2026-09-18T09:15:00Z,2026-09-18T11:15:00+0200,47.84,EUR/MWh,DK2,DK_2,day_ahead_price,value,2026-09-19T20:06:32Z
2026-09-19T20:02:15Z,2026-09-19T22:02:15+0200,951bc624-efa6-477c-a022-930ebdd9d98e,2026-09-18T09:30:00Z,2026-09-18T11:30:00+0200,36.32,EUR/MWh,DK2,DK_2,day_ahead_price,value,2026-09-19T20:06:32Z
2026-09-19T20:02:15Z,2026-09-19T22:02:15+0200,951bc624-efa6-477c-a022-930ebdd9d98e,2026-09-18T09:45:00Z,2026-09-18T11:45:00+0200,11.06,EUR/MWh,DK2,DK_2,day_ahead_price,value,2026-09-19T20:06:32Z
2026-09-19T20:02:15Z,2026-09-19T22:02:15+0200,951bc624-efa6-477c-a022-930ebdd9d98e,2026-09-18T10:00:00Z,2026-09-18T12:00:00+0200,17.9,EUR/MWh,DK2,DK_2,day_ahead_price,value,2026-09-19T20:06:32Z
2026-09-19T20:02:15Z,2026-09-19T22:02:15+0200,951bc624-efa6-477c-a022-930ebdd9d98e,2026-09-18T10:15:00Z,2026-09-18T12:15:00+0200,5.9,EUR/MWh,DK2,DK_2,day_ahead_price,value,2026-09-19T20:06:32Z
2026-09-19T20:02:15Z,2026-09-19T22:02:15+0200,951bc624-efa6-477c-a022-930ebdd9d98e,2026-09-18T10:30:00Z,2026-09-18T12:30:00+0200,4.91,EUR/MWh,DK2,DK_2,day_ahead_price,value,2026-09-19T20:06:32Z
2026-09-19T20:02:15Z,2026-09-19T22:02:15+0200,951bc624-efa6-477c-a022-930ebdd9d98e,2026-09-18T10:45:00Z,2026-09-18T12:45:00+0200,4.91,EUR/MWh,DK2,DK_2,day_ahead_price,value,2026-09-19T20:06:32Z
2026-09-19T20:02:15Z,2026-09-19T22:02:15+0200,951bc624-efa6-477c-a022-930ebdd9d98e,2026-09-18T11:00:00Z,2026-09-18T13:00:00+0200,4.92,EUR/MWh,DK2,DK_2,day_ahead_price,value,2026-09-19T20:06:32Z
2026-09-19T20:02:15Z,2026-09-19T22:02:15+0200,951bc624-efa6-477c-a022-930ebdd9d98e,2026-09-18T11:15:00Z,2026-09-18T13:15:00+0200,4.93,EUR/MWh,DK2,DK_2,day_ahead_price,value,2026-09-19T20:06:32Z
2026-09-19T20:02:15Z,2026-09-19T22:02:15+0200,951bc624-efa6-477c-a022-930ebdd9d98e,2026-09-18T11:30:00Z,2026-09-18T13:30:00+0200,4.93,EUR/MWh,DK2,DK_2,day_ahead_price,value,2026-09-19T20:06:32Z
2026-09-19T20:02:15Z,2026-09-19T22:02:15+0200,951bc624-efa6-477c-a022-930ebdd9d98e,2026-09-18T11:45:00Z,2026-09-18T13:45:00+0200,4.92,EUR/MWh,DK2,DK_2,day_ahead_price,value,2026-09-19T20:06:32Z
2026-09-19T20:02:15Z,2026-09-19T22:02:15+0200,951bc624-efa6-477c-a022-930ebdd9d98e,2026-09-18T12:00:00Z,2026-09-18T14:00:00+0200,4.95,EUR/MWh,DK2,DK_2,day_ahead_price,value,2026-09-19T20:06:32Z
2026-09-19T20:02:15Z,2026-09-19T22:02:15+0200,951bc624-efa6-477c-a022-930ebdd9d98e,2026-09-18T12:15:00Z,2026-09-18T14:15:00+0200,4.94,EUR/MWh,DK2,DK_2,day_ahead_price,value,2026-09-19T20:06:32Z
2026-09-19T20:02:15Z,2026-09-19T22:02:15+0200,951bc624-efa6-477c-a022-930ebdd9d98e,2026-09-18T12:30:00Z,2026-09-18T14:30:00+0200,4.93,EUR/MWh,DK2,DK_2,day_ahead_price,value,2026-09-19T20:06:32Z
2026-09-19T20:02:15Z,2026-09-19T22:02:15+0200,951bc624-efa6-477c-a022-930ebdd9d98e,2026-09-18T12:45:00Z,2026-09-18T14:45:00+0200,4.94,EUR/MWh,DK2,DK_2,day_ahead_price,value,2026-09-19T20:06:32Z
2026-09-19T20:02:15Z,2026-09-19T22:02:15+0200,951bc624-efa6-477c-a022-930ebdd9d98e,2026-09-18T13:00:00Z,2026-09-18T15:00:00+0200,3.99,EUR/MWh,DK2,DK_2,day_ahead_price,value,2026-09-19T20:06:32Z
2026-09-19T20:02:15Z,2026-09-19T22:02:15+0200,951bc624-efa6-477c-a022-930ebdd9d98e,2026-09-18T13:15:00Z,2026-09-18T15:15:00+0200,4.91,EUR/MWh,DK2,DK_2,day_ahead_price,value,2026-09-19T20:06:32Z
2026-09-19T20:02:15Z,2026-09-19T22:02:15+0200,951bc624-efa6-477c-a022-930ebdd9d98e,2026-09-18T13:30:00Z,2026-09-18T15:30:00+0200,4.94,EUR/MWh,DK2,DK_2,day_ahead_price,value,2026-09-19T20:06:32Z
2026-09-19T20:02:15Z,2026-09-19T22:02:15+0200,951bc624-efa6-477c-a022-930ebdd9d98e,2026-09-18T13:45:00Z,2026-09-18T15:45:00+0200,7.62,EUR/MWh,DK2,DK_2,day_ahead_price,value,2026-09-19T20:06:32Z
2026-09-19T20:02:15Z,2026-09-19T22:02:15+0200,951bc624-efa6-477c-a022-930ebdd9d98e,2026-09-18T14:00:00Z,2026-09-18T16:00:00+0200,5.89,EUR/MWh,DK2,DK_2,day_ahead_price,value,2026-09-19T20:06:32Z
2026-09-19T20:02:15Z,2026-09-19T22:02:15+0200,951bc624-efa6-477c-a022-930ebdd9d98e,2026-09-18T14:15:00Z,2026-09-18T16:15:00+0200,10.84,EUR/MWh,DK2,DK_2,day_ahead_price,value,2026-09-19T20:06:32Z
2026-09-19T20:02:15Z,2026-09-19T22:02:15+0200,951bc624-efa6-477c-a022-930ebdd9d98e,2026-09-18T14:30:00Z,2026-09-18T16:30:00+0200,47.48,EUR/MWh,DK2,DK_2,day_ahead_price,value,2026-09-19T20:06:32Z
2026-09-19T20:02:15Z,2026-09-19T22:02:15+0200,951bc624-efa6-477c-a022-930ebdd9d98e,2026-09-18T14:45:00Z,2026-09-18T16:45:00+0200,60.17,EUR/MWh,DK2,DK_2,day_ahead_price,value,2026-09-19T20:06:32Z
2026-09-19T20:02:15Z,2026-09-19T22:02:15+0200,951bc624-efa6-477c-a022-930ebdd9d98e,2026-09-18T15:00:00Z,2026-09-18T17:00:00+0200,30.95,EUR/MWh,DK2,DK_2,day_ahead_price,value,2026-09-19T20:06:32Z
2026-09-19T20:02:15Z,2026-09-19T22:02:15+0200,951bc624-efa6-477c-a022-930ebdd9d98e,2026-09-18T15:15:00Z,2026-09-18T17:15:00+0200,66.87,EUR/MWh,DK2,DK_2,day_ahead_price,value,2026-09-19T20:06:32Z
2026-09-19T20:02:15Z,2026-09-19T22:02:15+0200,951bc624-efa6-477c-a022-930ebdd9d98e,2026-09-18T15:30:00Z,2026-09-18T17:30:00+0200,128.97,EUR/MWh,DK2,DK_2,day_ahead_price,value,2026-09-19T20:06:32Z
2026-09-19T20:02:15Z,2026-09-19T22:02:15+0200,951bc624-efa6-477c-a022-930ebdd9d98e,2026-09-18T15:45:00Z,2026-09-18T17:45:00+0200,140.240005,EUR/MWh,DK2,DK_2,day_ahead_price,value,2026-09-19T20:06:32Z
2026-09-19T20:02:15Z,2026-09-19T22:02:15+0200,951bc624-efa6-477c-a022-930ebdd9d98e,2026-09-18T16:00:00Z,2026-09-18T18:00:00+0200,140.28,EUR/MWh,DK2,DK_2,day_ahead_price,value,2026-09-19T20:06:32Z
2026-09-19T20:02:15Z,2026-09-19T22:02:15+0200,951bc624-efa6-477c-a022-930ebdd9d98e,2026-09-18T16:15:00Z,2026-09-18T18:15:00+0200,151.14,EUR/MWh,DK2,DK_2,day_ahead_price,value,2026-09-19T20:06:32Z
2026-09-19T20:02:15Z,2026-09-19T22:02:15+0200,951bc624-efa6-477c-a022-930ebdd9d98e,2026-09-18T16:30:00Z,2026-09-18T18:30:00+0200,171.69,EUR/MWh,DK2,DK_2,day_ahead_price,value,2026-09-19T20:06:32Z
2026-09-19T20:02:15Z,2026-09-19T22:02:15+0200,951bc624-efa6-477c-a022-930ebdd9d98e,2026-09-18T16:45:00Z,2026-09-18T18:45:00+0200,171.460007,EUR/MWh,DK2,DK_2,day_ahead_price,value,2026-09-19T20:06:32Z
2026-09-19T20:02:15Z,2026-09-19T22:02:15+0200,951bc624-efa6-477c-a022-930ebdd9d98e,2026-09-18T17:00:00Z,2026-09-18T19:00:00+0200,176.520004,EUR/MWh,DK2,DK_2,day_ahead_price,value,2026-09-19T20:06:32Z
2026-09-19T20:02:15Z,2026-09-19T22:02:15+0200,951bc624-efa6-477c-a022-930ebdd9d98e,2026-09-18T17:15:00Z,2026-09-18T19:15:00+0200,173.559998,EUR/MWh,DK2,DK_2,day_ahead_price,value,2026-09-19T20:06:32Z
2026-09-19T20:02:15Z,2026-09-19T22:02:15+0200,951bc624-efa6-477c-a022-930ebdd9d98e,2026-09-18T17:30:00Z,2026-09-18T19:30:00+0200,177.460007,EUR/MWh,DK2,DK_2,day_ahead_price,value,2026-09-19T20:06:32Z
2026-09-19T20:02:15Z,2026-09-19T22:02:15+0200,951bc624-efa6-477c-a022-930ebdd9d98e,2026-09-18T17:45:00Z,2026-09-18T19:45:00+0200,190.699997,EUR/MWh,DK2,DK_2,day_ahead_price,value,2026-09-19T20:06:32Z
2026-09-19T20:02:15Z,2026-09-19T22:02:15+0200,951bc624-efa6-477c-a022-930ebdd9d98e,2026-09-18T18:00:00Z,2026-09-18T20:00:00+0200,168.220001,EUR/MWh,DK2,DK_2,day_ahead_price,value,2026-09-19T20:06:32Z
2026-09-19T20:02:15Z,2026-09-19T22:02:15+0200,951bc624-efa6-477c-a022-930ebdd9d98e,2026-09-18T18:15:00Z,2026-09-18T20:15:00+0200,156.690002,EUR/MWh,DK2,DK_2,day_ahead_price,value,2026-09-19T20:06:32Z
2026-09-19T20:02:15Z,2026-09-19T22:02:15+0200,951bc624-efa6-477c-a022-930ebdd9d98e,2026-09-18T18:30:00Z,2026-09-18T20:30:00+0200,156.220001,EUR/MWh,DK2,DK_2,day_ahead_price,value,2026-09-19T20:06:32Z
2026-09-19T20:02:15Z,2026-09-19T22:02:15+0200,951bc624-efa6-477c-a022-930ebdd9d98e,2026-09-18T18:45:00Z,2026-09-18T20:45:00+0200,150.320007,EUR/MWh,DK2,DK_2,day_ahead_price,value,2026-09-19T20:06:32Z
2026-09-19T20:02:15Z,2026-09-19T22:02:15+0200,951bc624-efa6-477c-a022-930ebdd9d98e,2026-09-18T19:00:00Z,2026-09-18T21:00:00+0200,144.88,EUR/MWh,DK2,DK_2,day_ahead_price,value,2026-09-19T20:06:32Z
2026-09-19T20:02:15Z,2026-09-19T22:02:15+0200,951bc624-efa6-477c-a022-930ebdd9d98e,2026-09-18T19:15:00Z,2026-09-18T21:15:00+0200,144.51,EUR/MWh,DK2,DK_2,day_ahead_price,value,2026-09-19T20:06:32Z
2026-09-19T20:02:15Z,2026-09-19T22:02:15+0200,951bc624-efa6-477c-a022-930ebdd9d98e,2026-09-18T19:30:00Z,2026-09-18T21:30:00+0200,143.389999,EUR/MWh,DK2,DK_2,day_ahead_price,value,2026-09-19T20:06:32Z
2026-09-19T20:02:15Z,2026-09-19T22:02:15+0200,951bc624-efa6-477c-a022-930ebdd9d98e,2026-09-18T19:45:00Z,2026-09-18T21:45:00+0200,145.38,EUR/MWh,DK2,DK_2,day_ahead_price,value,2026-09-19T20:06:32Z
2026-09-19T20:02:15Z,2026-09-19T22:02:15+0200,951bc624-efa6-477c-a022-930ebdd9d98e,2026-09-18T20:00:00Z,2026-09-18T22:00:00+0200,137.48,EUR/MWh,DK2,DK_2,day_ahead_price,value,2026-09-19T20:06:32Z
2026-09-19T20:02:15Z,2026-09-19T22:02:15+0200,951bc624-efa6-477c-a022-930ebdd9d98e,2026-09-18T20:15:00Z,2026-09-18T22:15:00+0200,135.190002,EUR/MWh,DK2,DK_2,day_ahead_price,value,2026-09-19T20:06:32Z
2026-09-19T20:02:15Z,2026-09-19T22:02:15+0200,951bc624-efa6-477c-a022-930ebdd9d98e,2026-09-18T20:30:00Z,2026-09-18T22:30:00+0200,134.470001,EUR/MWh,DK2,DK_2,day_ahead_price,value,2026-09-19T20:06:32Z
2026-09-19T20:02:15Z,2026-09-19T22:02:15+0200,951bc624-efa6-477c-a022-930ebdd9d98e,2026-09-18T20:45:00Z,2026-09-18T22:45:00+0200,131.95,EUR/MWh,DK2,DK_2,day_ahead_price,value,2026-09-19T20:06:32Z
2026-09-19T20:02:15Z,2026-09-19T22:02:15+0200,951bc624-efa6-477c-a022-930ebdd9d98e,2026-09-18T21:00:00Z,2026-09-18T23:00:00+0200,124.790001,EUR/MWh,DK2,DK_2,day_ahead_price,value,2026-09-19T20:06:32Z
2026-09-19T20:02:15Z,2026-09-19T22:02:15+0200,951bc624-efa6-477c-a022-930ebdd9d98e,2026-09-18T21:15:00Z,2026-09-18T23:15:00+0200,120.389999,EUR/MWh,DK2,DK_2,day_ahead_price,value,2026-09-19T20:06:32Z
2026-09-19T20:02:15Z,2026-09-19T22:02:15+0200,951bc624-efa6-477c-a022-930ebdd9d98e,2026-09-18T21:30:00Z,2026-09-18T23:30:00+0200,116.330002,EUR/MWh,DK2,DK_2,day_ahead_price,value,2026-09-19T20:06:32Z
2026-09-19T20:02:15Z,2026-09-19T22:02:15+0200,951bc624-efa6-477c-a022-930ebdd9d98e,2026-09-18T21:45:00Z,2026-09-18T23:45:00+0200,102.79,EUR/MWh,DK2,DK_2,day_ahead_price,value,2026-09-19T20:06:32Z
2026-09-19T20:02:15Z,2026-09-19T22:02:15+0200,951bc624-efa6-477c-a022-930ebdd9d98e,2026-09-18T22:00:00Z,2026-09-19T00:00:00+0200,69.339996,EUR/MWh,DK2,DK_2,day_ahead_price,value,2026-09-19T20:06:32Z
2026-09-19T20:02:15Z,2026-09-19T22:02:15+0200,951bc624-efa6-477c-a022-930ebdd9d98e,2026-09-18T22:15:00Z,2026-09-19T00:15:00+0200,48.87,EUR/MWh,DK2,DK_2,day_ahead_price,value,2026-09-19T20:06:32Z
2026-09-19T20:02:15Z,2026-09-19T22:02:15+0200,951bc624-efa6-477c-a022-930ebdd9d98e,2026-09-18T22:30:00Z,2026-09-19T00:30:00+0200,44.029999,EUR/MWh,DK2,DK_2,day_ahead_price,value,2026-09-19T20:06:32Z
2026-09-19T20:02:15Z,2026-09-19T22:02:15+0200,951bc624-efa6-477c-a022-930ebdd9d98e,2026-09-18T22:45:00Z,2026-09-19T00:45:00+0200,40.27,EUR/MWh,DK2,DK_2,day_ahead_price,value,2026-09-19T20:06:32Z
2026-09-19T20:02:15Z,2026-09-19T22:02:15+0200,951bc624-efa6-477c-a022-930ebdd9d98e,2026-09-18T23:00:00Z,2026-09-19T01:00:00+0200,37.78,EUR/MWh,DK2,DK_2,day_ahead_price,value,2026-09-19T20:06:32Z
2026-09-19T20:02:15Z,2026-09-19T22:02:15+0200,951bc624-efa6-477c-a022-930ebdd9d98e,2026-09-18T23:15:00Z,2026-09-19T01:15:00+0200,30.67,EUR/MWh,DK2,DK_2,day_ahead_price,value,2026-09-19T20:06:32Z
2026-09-19T20:02:15Z,2026-09-19T22:02:15+0200,951bc624-efa6-477c-a022-930ebdd9d98e,2026-09-18T23:30:00Z,2026-09-19T01:30:00+0200,29.02,EUR/MWh,DK2,DK_2,day_ahead_price,value,2026-09-19T20:06:32Z
2026-09-19T20:02:15Z,2026-09-19T22:02:15+0200,951bc624-efa6-477c-a022-930ebdd9d98e,2026-09-18T23:45:00Z,2026-09-19T01:45:00+0200,24.29,EUR/MWh,DK2,DK_2,day_ahead_price,value,2026-09-19T20:06:32Z
2026-09-19T20:02:15Z,2026-09-19T22:02:15+0200,951bc624-efa6-477c-a022-930ebdd9d98e,2026-09-19T00:00:00Z,2026-09-19T02:00:00+0200,25.9,EUR/MWh,DK2,DK_2,day_ahead_price,value,2026-09-19T20:06:32Z
2026-09-19T20:02:15Z,2026-09-19T22:02:15+0200,951bc624-efa6-477c-a022-930ebdd9d98e,2026-09-19T00:15:00Z,2026-09-19T02:15:00+0200,16.76,EUR/MWh,DK2,DK_2,day_ahead_price,value,2026-09-19T20:06:32Z
2026-09-19T20:02:15Z,2026-09-19T22:02:15+0200,951bc624-efa6-477c-a022-930ebdd9d98e,2026-09-19T00:30:00Z,2026-09-19T02:30:00+0200,16.83,EUR/MWh,DK2,DK_2,day_ahead_price,value,2026-09-19T20:06:32Z
2026-09-19T20:02:15Z,2026-09-19T22:02:15+0200,951bc624-efa6-477c-a022-930ebdd9d98e,2026-09-19T00:45:00Z,2026-09-19T02:45:00+0200,12.75,EUR/MWh,DK2,DK_2,day_ahead_price,value,2026-09-19T20:06:32Z
2026-09-19T20:02:15Z,2026-09-19T22:02:15+0200,951bc624-efa6-477c-a022-930ebdd9d98e,2026-09-19T01:00:00Z,2026-09-19T03:00:00+0200,6.8,EUR/MWh,DK2,DK_2,day_ahead_price,value,2026-09-19T20:06:32Z
2026-09-19T20:02:15Z,2026-09-19T22:02:15+0200,951bc624-efa6-477c-a022-930ebdd9d98e,2026-09-19T01:15:00Z,2026-09-19T03:15:00+0200,7.11,EUR/MWh,DK2,DK_2,day_ahead_price,value,2026-09-19T20:06:32Z
2026-09-19T20:02:15Z,2026-09-19T22:02:15+0200,951bc624-efa6-477c-a022-930ebdd9d98e,2026-09-19T01:30:00Z,2026-09-19T03:30:00+0200,7.3,EUR/MWh,DK2,DK_2,day_ahead_price,value,2026-09-19T20:06:32Z
2026-09-19T20:02:15Z,2026-09-19T22:02:15+0200,951bc624-efa6-477c-a022-930ebdd9d98e,2026-09-19T01:45:00Z,2026-09-19T03:45:00+0200,5.89,EUR/MWh,DK2,DK_2,day_ahead_price,value,2026-09-19T20:06:32Z
2026-09-19T20:02:15Z,2026-09-19T22:02:15+0200,951bc624-efa6-477c-a022-930ebdd9d98e,2026-09-19T02:00:00Z,2026-09-19T04:00:00+0200,5.84,EUR/MWh,DK2,DK_2,day_ahead_price,value,2026-09-19T20:06:32Z
2026-09-19T20:02:15Z,2026-09-19T22:02:15+0200,951bc624-efa6-477c-a022-930ebdd9d98e,2026-09-19T02:15:00Z,2026-09-19T04:15:00+0200,5.67,EUR/MWh,DK2,DK_2,day_ahead_price,value,2026-09-19T20:06:32Z
2026-09-19T20:02:15Z,2026-09-19T22:02:15+0200,951bc624-efa6-477c-a022-930ebdd9d98e,2026-09-19T02:30:00Z,2026-09-19T04:30:00+0200,5.6,EUR/MWh,DK2,DK_2,day_ahead_price,value,2026-09-19T20:06:32Z
2026-09-19T20:02:15Z,2026-09-19T22:02:15+0200,951bc624-efa6-477c-a022-930ebdd9d98e,2026-09-19T02:45:00Z,2026-09-19T04:45:00+0200,5.16,EUR/MWh,DK2,DK_2,day_ahead_price,value,2026-09-19T20:06:32Z
2026-09-19T20:02:15Z,2026-09-19T22:02:15+0200,951bc624-efa6-477c-a022-930ebdd9d98e,2026-09-19T03:00:00Z,2026-09-19T05:00:00+0200,5.44,EUR/MWh,DK2,DK_2,day_ahead_price,value,2026-09-19T20:06:32Z
2026-09-19T20:02:15Z,2026-09-19T22:02:15+0200,951bc624-efa6-477c-a022-930ebdd9d98e,2026-09-19T03:15:00Z,2026-09-19T05:15:00+0200,4.99,EUR/MWh,DK2,DK_2,day_ahead_price,value,2026-09-19T20:06:32Z
2026-09-19T20:02:15Z,2026-09-19T22:02:15+0200,951bc624-efa6-477c-a022-930ebdd9d98e,2026-09-19T03:30:00Z,2026-09-19T05:30:00+0200,5.02,EUR/MWh,DK2,DK_2,day_ahead_price,value,2026-09-19T20:06:32Z
2026-09-19T20:02:15Z,2026-09-19T22:02:15+0200,951bc624-efa6-477c-a022-930ebdd9d98e,2026-09-19T03:45:00Z,2026-09-19T05:45:00+0200,4.99,EUR/MWh,DK2,DK_2,day_ahead_price,value,2026-09-19T20:06:32Z
2026-09-19T20:02:15Z,2026-09-19T22:02:15+0200,951bc624-efa6-477c-a022-930ebdd9d98e,2026-09-19T04:00:00Z,2026-09-19T06:00:00+0200,5.16,EUR/MWh,DK2,DK_2,day_ahead_price,value,2026-09-19T20:06:32Z
2026-09-19T20:02:15Z,2026-09-19T22:02:15+0200,951bc624-efa6-477c-a022-930ebdd9d98e,2026-09-19T04:15:00Z,2026-09-19T06:15:00+0200,5.65,EUR/MWh,DK2,DK_2,day_ahead_price,value,2026-09-19T20:06:32Z
2026-09-19T20:02:15Z,2026-09-19T22:02:15+0200,951bc624-efa6-477c-a022-930ebdd9d98e,2026-09-19T04:30:00Z,2026-09-19T06:30:00+0200,5.57,EUR/MWh,DK2,DK_2,day_ahead_price,value,2026-09-19T20:06:32Z
2026-09-19T20:02:15Z,2026-09-19T22:02:15+0200,951bc624-efa6-477c-a022-930ebdd9d98e,2026-09-19T04:45:00Z,2026-09-19T06:45:00+0200,5.65,EUR/MWh,DK2,DK_2,day_ahead_price,value,2026-09-19T20:06:32Z
2026-09-19T20:02:15Z,2026-09-19T22:02:15+0200,951bc624-efa6-477c-a022-930ebdd9d98e,2026-09-19T05:00:00Z,2026-09-19T07:00:00+0200,8.06,EUR/MWh,DK2,DK_2,day_ahead_price,value,2026-09-19T20:06:32Z
2026-09-19T20:02:15Z,2026-09-19T22:02:15+0200,951bc624-efa6-477c-a022-930ebdd9d98e,2026-09-19T05:15:00Z,2026-09-19T07:15:00+0200,6.82,EUR/MWh,DK2,DK_2,day_ahead_price,value,2026-09-19T20:06:32Z
2026-09-19T20:02:15Z,2026-09-19T22:02:15+0200,951bc624-efa6-477c-a022-930ebdd9d98e,2026-09-19T05:30:00Z,2026-09-19T07:30:00+0200,5.68,EUR/MWh,DK2,DK_2,day_ahead_price,value,2026-09-19T20:06:32Z
2026-09-19T20:02:15Z,2026-09-19T22:02:15+0200,951bc624-efa6-477c-a022-930ebdd9d98e,2026-09-19T05:45:00Z,2026-09-19T07:45:00+0200,5.67,EUR/MWh,DK2,DK_2,day_ahead_price,value,2026-09-19T20:06:32Z
2026-09-19T20:02:15Z,2026-09-19T22:02:15+0200,951bc624-efa6-477c-a022-930ebdd9d98e,2026-09-19T06:00:00Z,2026-09-19T08:00:00+0200,6.79,EUR/MWh,DK2,DK_2,day_ahead_price,value,2026-09-19T20:06:32Z
2026-09-19T20:02:15Z,2026-09-19T22:02:15+0200,951bc624-efa6-477c-a022-930ebdd9d98e,2026-09-19T06:15:00Z,2026-09-19T08:15:00+0200,5.84,EUR/MWh,DK2,DK_2,day_ahead_price,value,2026-09-19T20:06:32Z
2026-09-19T20:02:15Z,2026-09-19T22:02:15+0200,951bc624-efa6-477c-a022-930ebdd9d98e,2026-09-19T06:30:00Z,2026-09-19T08:30:00+0200,5.62,EUR/MWh,DK2,DK_2,day_ahead_price,value,2026-09-19T20:06:32Z
2026-09-19T20:02:15Z,2026-09-19T22:02:15+0200,951bc624-efa6-477c-a022-930ebdd9d98e,2026-09-19T06:45:00Z,2026-09-19T08:45:00+0200,10.29,EUR/MWh,DK2,DK_2,day_ahead_price,value,2026-09-19T20:06:32Z
2026-09-19T20:02:15Z,2026-09-19T22:02:15+0200,951bc624-efa6-477c-a022-930ebdd9d98e,2026-09-19T07:00:00Z,2026-09-19T09:00:00+0200,16.18,EUR/MWh,DK2,DK_2,day_ahead_price,value,2026-09-19T20:06:32Z
2026-09-19T20:02:15Z,2026-09-19T22:02:15+0200,951bc624-efa6-477c-a022-930ebdd9d98e,2026-09-19T07:15:00Z,2026-09-19T09:15:00+0200,4.98,EUR/MWh,DK2,DK_2,day_ahead_price,value,2026-09-19T20:06:32Z
2026-09-19T20:02:15Z,2026-09-19T22:02:15+0200,951bc624-efa6-477c-a022-930ebdd9d98e,2026-09-19T07:30:00Z,2026-09-19T09:30:00+0200,3.02,EUR/MWh,DK2,DK_2,day_ahead_price,value,2026-09-19T20:06:32Z
2026-09-19T20:02:15Z,2026-09-19T22:02:15+0200,951bc624-efa6-477c-a022-930ebdd9d98e,2026-09-19T07:45:00Z,2026-09-19T09:45:00+0200,1.28,EUR/MWh,DK2,DK_2,day_ahead_price,value,2026-09-19T20:06:32Z
2026-09-19T20:02:15Z,2026-09-19T22:02:15+0200,951bc624-efa6-477c-a022-930ebdd9d98e,2026-09-19T08:00:00Z,2026-09-19T10:00:00+0200,1.6,EUR/MWh,DK2,DK_2,day_ahead_price,value,2026-09-19T20:06:32Z
2026-09-19T20:02:15Z,2026-09-19T22:02:15+0200,951bc624-efa6-477c-a022-930ebdd9d98e,2026-09-19T08:15:00Z,2026-09-19T10:15:00+0200,1.2,EUR/MWh,DK2,DK_2,day_ahead_price,value,2026-09-19T20:06:32Z
2026-09-19T20:02:15Z,2026-09-19T22:02:15+0200,951bc624-efa6-477c-a022-930ebdd9d98e,2026-09-19T08:30:00Z,2026-09-19T10:30:00+0200,0.14,EUR/MWh,DK2,DK_2,day_ahead_price,value,2026-09-19T20:06:32Z
2026-09-19T20:02:15Z,2026-09-19T22:02:15+0200,951bc624-efa6-477c-a022-930ebdd9d98e,2026-09-19T08:45:00Z,2026-09-19T10:45:00+0200,0.13,EUR/MWh,DK2,DK_2,day_ahead_price,value,2026-09-19T20:06:32Z
2026-09-19T20:02:15Z,2026-09-19T22:02:15+0200,951bc624-efa6-477c-a022-930ebdd9d98e,2026-09-19T09:00:00Z,2026-09-19T11:00:00+0200,0.46,EUR/MWh,DK2,DK_2,day_ahead_price,value,2026-09-19T20:06:32Z
2026-09-19T20:02:15Z,2026-09-19T22:02:15+0200,951bc624-efa6-477c-a022-930ebdd9d98e,2026-09-19T09:15:00Z,2026-09-19T11:15:00+0200,0.4,EUR/MWh,DK2,DK_2,day_ahead_price,value,2026-09-19T20:06:32Z
2026-09-19T20:02:15Z,2026-09-19T22:02:15+0200,951bc624-efa6-477c-a022-930ebdd9d98e,2026-09-19T09:30:00Z,2026-09-19T11:30:00+0200,0.38,EUR/MWh,DK2,DK_2,day_ahead_price,value,2026-09-19T20:06:32Z
2026-09-19T20:02:15Z,2026-09-19T22:02:15+0200,951bc624-efa6-477c-a022-930ebdd9d98e,2026-09-19T09:45:00Z,2026-09-19T11:45:00+0200,0.35,EUR/MWh,DK2,DK_2,day_ahead_price,value,2026-09-19T20:06:32Z
2026-09-19T20:02:15Z,2026-09-19T22:02:15+0200,951bc624-efa6-477c-a022-930ebdd9d98e,2026-09-19T10:00:00Z,2026-09-19T12:00:00+0200,-0.01,EUR/MWh,DK2,DK_2,day_ahead_price,value,2026-09-19T20:06:32Z
2026-09-19T20:02:15Z,2026-09-19T22:02:15+0200,951bc624-efa6-477c-a022-930ebdd9d98e,2026-09-19T10:15:00Z,2026-09-19T12:15:00+0200,-0.01,EUR/MWh,DK2,DK_2,day_ahead_price,value,2026-09-19T20:06:32Z
2026-09-19T20:02:15Z,2026-09-19T22:02:15+0200,951bc624-efa6-477c-a022-930ebdd9d98e,2026-09-19T10:30:00Z,2026-09-19T12:30:00+0200,-0.09,EUR/MWh,DK2,DK_2,day_ahead_price,value,2026-09-19T20:06:32Z
2026-09-19T20:02:15Z,2026-09-19T22:02:15+0200,951bc624-efa6-477c-a022-930ebdd9d98e,2026-09-19T10:45:00Z,2026-09-19T12:45:00+0200,-0.21,EUR/MWh,DK2,DK_2,day_ahead_price,value,2026-09-19T20:06:32Z
2026-09-19T20:02:15Z,2026-09-19T22:02:15+0200,951bc624-efa6-477c-a022-930ebdd9d98e,2026-09-19T11:00:00Z,2026-09-19T13:00:00+0200,-0.07,EUR/MWh,DK2,DK_2,day_ahead_price,value,2026-09-19T20:06:32Z
2026-09-19T20:02:15Z,2026-09-19T22:02:15+0200,951bc624-efa6-477c-a022-930ebdd9d98e,2026-09-19T11:15:00Z,2026-09-19T13:15:00+0200,-0.09,EUR/MWh,DK2,DK_2,day_ahead_price,value,2026-09-19T20:06:32Z
2026-09-19T20:02:15Z,2026-09-19T22:02:15+0200,951bc624-efa6-477c-a022-930ebdd9d98e,2026-09-19T11:30:00Z,2026-09-19T13:30:00+0200,-0.09,EUR/MWh,DK2,DK_2,day_ahead_price,value,2026-09-19T20:06:32Z
2026-09-19T20:02:15Z,2026-09-19T22:02:15+0200,951bc624-efa6-477c-a022-930ebdd9d98e,2026-09-19T11:45:00Z,2026-09-19T13:45:00+0200,-0.1,EUR/MWh,DK2,DK_2,day_ahead_price,value,2026-09-19T20:06:32Z
2026-09-19T20:02:15Z,2026-09-19T22:02:15+0200,951bc624-efa6-477c-a022-930ebdd9d98e,2026-09-19T12:00:00Z,2026-09-19T14:00:00+0200,-1.07,EUR/MWh,DK2,DK_2,day_ahead_price,value,2026-09-19T20:06:32Z
2026-09-19T20:02:15Z,2026-09-19T22:02:15+0200,951bc624-efa6-477c-a022-930ebdd9d98e,2026-09-19T12:15:00Z,2026-09-19T14:15:00+0200,-1.06,EUR/MWh,DK2,DK_2,day_ahead_price,value,2026-09-19T20:06:32Z
2026-09-19T20:02:15Z,2026-09-19T22:02:15+0200,951bc624-efa6-477c-a022-930ebdd9d98e,2026-09-19T12:30:00Z,2026-09-19T14:30:00+0200,-0.94,EUR/MWh,DK2,DK_2,day_ahead_price,value,2026-09-19T20:06:32Z
2026-09-19T20:02:15Z,2026-09-19T22:02:15+0200,951bc624-efa6-477c-a022-930ebdd9d98e,2026-09-19T12:45:00Z,2026-09-19T14:45:00+0200,-0.1,EUR/MWh,DK2,DK_2,day_ahead_price,value,2026-09-19T20:06:32Z
2026-09-19T20:02:15Z,2026-09-19T22:02:15+0200,951bc624-efa6-477c-a022-930ebdd9d98e,2026-09-19T13:00:00Z,2026-09-19T15:00:00+0200,-1.48,EUR/MWh,DK2,DK_2,day_ahead_price,value,2026-09-19T20:06:32Z
2026-09-19T20:02:15Z,2026-09-19T22:02:15+0200,951bc624-efa6-477c-a022-930ebdd9d98e,2026-09-19T13:15:00Z,2026-09-19T15:15:00+0200,-1.12,EUR/MWh,DK2,DK_2,day_ahead_price,value,2026-09-19T20:06:32Z
2026-09-19T20:02:15Z,2026-09-19T22:02:15+0200,951bc624-efa6-477c-a022-930ebdd9d98e,2026-09-19T13:30:00Z,2026-09-19T15:30:00+0200,-0.88,EUR/MWh,DK2,DK_2,day_ahead_price,value,2026-09-19T20:06:32Z
2026-09-19T20:02:15Z,2026-09-19T22:02:15+0200,951bc624-efa6-477c-a022-930ebdd9d98e,2026-09-19T13:45:00Z,2026-09-19T15:45:00+0200,0.78,EUR/MWh,DK2,DK_2,day_ahead_price,value,2026-09-19T20:06:32Z
2026-09-19T20:02:15Z,2026-09-19T22:02:15+0200,951bc624-efa6-477c-a022-930ebdd9d98e,2026-09-19T14:00:00Z,2026-09-19T16:00:00+0200,1.19,EUR/MWh,DK2,DK_2,day_ahead_price,value,2026-09-19T20:06:32Z
2026-09-19T20:02:15Z,2026-09-19T22:02:15+0200,951bc624-efa6-477c-a022-930ebdd9d98e,2026-09-19T14:15:00Z,2026-09-19T16:15:00+0200,1.62,EUR/MWh,DK2,DK_2,day_ahead_price,value,2026-09-19T20:06:32Z
2026-09-19T20:02:15Z,2026-09-19T22:02:15+0200,951bc624-efa6-477c-a022-930ebdd9d98e,2026-09-19T14:30:00Z,2026-09-19T16:30:00+0200,2.43,EUR/MWh,DK2,DK_2,day_ahead_price,value,2026-09-19T20:06:32Z
2026-09-19T20:02:15Z,2026-09-19T22:02:15+0200,951bc624-efa6-477c-a022-930ebdd9d98e,2026-09-19T14:45:00Z,2026-09-19T16:45:00+0200,3.81,EUR/MWh,DK2,DK_2,day_ahead_price,value,2026-09-19T20:06:32Z
2026-09-19T20:02:15Z,2026-09-19T22:02:15+0200,951bc624-efa6-477c-a022-930ebdd9d98e,2026-09-19T15:00:00Z,2026-09-19T17:00:00+0200,3.08,EUR/MWh,DK2,DK_2,day_ahead_price,value,2026-09-19T20:06:32Z
2026-09-19T20:02:15Z,2026-09-19T22:02:15+0200,951bc624-efa6-477c-a022-930ebdd9d98e,2026-09-19T15:15:00Z,2026-09-19T17:15:00+0200,4.32,EUR/MWh,DK2,DK_2,day_ahead_price,value,2026-09-19T20:06:32Z
2026-09-19T20:02:15Z,2026-09-19T22:02:15+0200,951bc624-efa6-477c-a022-930ebdd9d98e,2026-09-19T15:30:00Z,2026-09-19T17:30:00+0200,6.82,EUR/MWh,DK2,DK_2,day_ahead_price,value,2026-09-19T20:06:32Z
2026-09-19T20:02:15Z,2026-09-19T22:02:15+0200,951bc624-efa6-477c-a022-930ebdd9d98e,2026-09-19T15:45:00Z,2026-09-19T17:45:00+0200,20.25,EUR/MWh,DK2,DK_2,day_ahead_price,value,2026-09-19T20:06:32Z
2026-09-19T20:02:15Z,2026-09-19T22:02:15+0200,951bc624-efa6-477c-a022-930ebdd9d98e,2026-09-19T16:00:00Z,2026-09-19T18:00:00+0200,28.33,EUR/MWh,DK2,DK_2,day_ahead_price,value,2026-09-19T20:06:32Z
2026-09-19T20:02:15Z,2026-09-19T22:02:15+0200,951bc624-efa6-477c-a022-930ebdd9d98e,2026-09-19T16:15:00Z,2026-09-19T18:15:00+0200,49.87,EUR/MWh,DK2,DK_2,day_ahead_price,value,2026-09-19T20:06:32Z
2026-09-19T20:02:15Z,2026-09-19T22:02:15+0200,951bc624-efa6-477c-a022-930ebdd9d98e,2026-09-19T16:30:00Z,2026-09-19T18:30:00+0200,59.49,EUR/MWh,DK2,DK_2,day_ahead_price,value,2026-09-19T20:06:32Z
2026-09-19T20:02:15Z,2026-09-19T22:02:15+0200,951bc624-efa6-477c-a022-930ebdd9d98e,2026-09-19T16:45:00Z,2026-09-19T18:45:00+0200,65.88,EUR/MWh,DK2,DK_2,day_ahead_price,value,2026-09-19T20:06:32Z
2026-09-19T20:02:15Z,2026-09-19T22:02:15+0200,951bc624-efa6-477c-a022-930ebdd9d98e,2026-09-19T17:00:00Z,2026-09-19T19:00:00+0200,68.18,EUR/MWh,DK2,DK_2,day_ahead_price,value,2026-09-19T20:06:32Z
2026-09-19T20:02:15Z,2026-09-19T22:02:15+0200,951bc624-efa6-477c-a022-930ebdd9d98e,2026-09-19T17:15:00Z,2026-09-19T19:15:00+0200,76.379997,EUR/MWh,DK2,DK_2,day_ahead_price,value,2026-09-19T20:06:32Z
2026-09-19T20:02:15Z,2026-09-19T22:02:15+0200,951bc624-efa6-477c-a022-930ebdd9d98e,2026-09-19T17:30:00Z,2026-09-19T19:30:00+0200,79.730003,EUR/MWh,DK2,DK_2,day_ahead_price,value,2026-09-19T20:06:32Z
2026-09-19T20:02:15Z,2026-09-19T22:02:15+0200,951bc624-efa6-477c-a022-930ebdd9d98e,2026-09-19T17:45:00Z,2026-09-19T19:45:00+0200,80.05,EUR/MWh,DK2,DK_2,day_ahead_price,value,2026-09-19T20:06:32Z
2026-09-19T20:02:15Z,2026-09-19T22:02:15+0200,951bc624-efa6-477c-a022-930ebdd9d98e,2026-09-19T18:00:00Z,2026-09-19T20:00:00+0200,83.76,EUR/MWh,DK2,DK_2,day_ahead_price,value,2026-09-19T20:06:32Z
2026-09-19T20:02:15Z,2026-09-19T22:02:15+0200,951bc624-efa6-477c-a022-930ebdd9d98e,2026-09-19T18:15:00Z,2026-09-19T20:15:00+0200,82.15,EUR/MWh,DK2,DK_2,day_ahead_price,value,2026-09-19T20:06:32Z
2026-09-19T20:02:15Z,2026-09-19T22:02:15+0200,951bc624-efa6-477c-a022-930ebdd9d98e,2026-09-19T18:30:00Z,2026-09-19T20:30:00+0200,81.47,EUR/MWh,DK2,DK_2,day_ahead_price,value,2026-09-19T20:06:32Z
2026-09-19T20:02:15Z,2026-09-19T22:02:15+0200,951bc624-efa6-477c-a022-930ebdd9d98e,2026-09-19T18:45:00Z,2026-09-19T20:45:00+0200,82.480003,EUR/MWh,DK2,DK_2,day_ahead_price,value,2026-09-19T20:06:32Z
2026-09-19T20:02:15Z,2026-09-19T22:02:15+0200,951bc624-efa6-477c-a022-930ebdd9d98e,2026-09-19T19:00:00Z,2026-09-19T21:00:00+0200,80.3,EUR/MWh,DK2,DK_2,day_ahead_price,value,2026-09-19T20:06:32Z
2026-09-19T20:02:15Z,2026-09-19T22:02:15+0200,951bc624-efa6-477c-a022-930ebdd9d98e,2026-09-19T19:15:00Z,2026-09-19T21:15:00+0200,84.69,EUR/MWh,DK2,DK_2,day_ahead_price,value,2026-09-19T20:06:32Z
2026-09-19T20:02:15Z,2026-09-19T22:02:15+0200,951bc624-efa6-477c-a022-930ebdd9d98e,2026-09-19T19:30:00Z,2026-09-19T21:30:00+0200,84.48,EUR/MWh,DK2,DK_2,day_ahead_price,value,2026-09-19T20:06:32Z
2026-09-19T20:02:15Z,2026-09-19T22:02:15+0200,951bc624-efa6-477c-a022-930ebdd9d98e,2026-09-19T19:45:00Z,2026-09-19T21:45:00+0200,61.28,EUR/MWh,DK2,DK_2,day_ahead_price,value,2026-09-19T20:06:32Z
2026-09-19T20:02:15Z,2026-09-19T22:02:15+0200,951bc624-efa6-477c-a022-930ebdd9d98e,2026-09-19T20:00:00Z,2026-09-19T22:00:00+0200,65.93,EUR/MWh,DK2,DK_2,day_ahead_price,value,2026-09-19T20:06:32Z
2026-09-19T20:02:15Z,2026-09-19T22:02:15+0200,951bc624-efa6-477c-a022-930ebdd9d98e,2026-09-19T20:15:00Z,2026-09-19T22:15:00+0200,62.74,EUR/MWh,DK2,DK_2,day_ahead_price,value,2026-09-19T20:06:48Z
2026-09-19T20:02:15Z,2026-09-19T22:02:15+0200,951bc624-efa6-477c-a022-930ebdd9d98e,2026-09-19T20:30:00Z,2026-09-19T22:30:00+0200,59.529999,EUR/MWh,DK2,DK_2,day_ahead_price,value,2026-09-19T20:06:48Z
2026-09-19T20:02:15Z,2026-09-19T22:02:15+0200,951bc624-efa6-477c-a022-930ebdd9d98e,2026-09-19T20:45:00Z,2026-09-19T22:45:00+0200,56.52,EUR/MWh,DK2,DK_2,day_ahead_price,value,2026-09-19T20:06:48Z
2026-09-19T20:02:15Z,2026-09-19T22:02:15+0200,951bc624-efa6-477c-a022-930ebdd9d98e,2026-09-19T21:00:00Z,2026-09-19T23:00:00+0200,40.91,EUR/MWh,DK2,DK_2,day_ahead_price,value,2026-09-19T20:06:48Z
2026-09-19T20:02:15Z,2026-09-19T22:02:15+0200,951bc624-efa6-477c-a022-930ebdd9d98e,2026-09-19T21:15:00Z,2026-09-19T23:15:00+0200,42.939999,EUR/MWh,DK2,DK_2,day_ahead_price,value,2026-09-19T20:06:48Z
2026-09-19T20:02:15Z,2026-09-19T22:02:15+0200,951bc624-efa6-477c-a022-930ebdd9d98e,2026-09-19T21:30:00Z,2026-09-19T23:30:00+0200,40.740002,EUR/MWh,DK2,DK_2,day_ahead_price,value,2026-09-19T20:06:48Z
2026-09-19T20:02:15Z,2026-09-19T22:02:15+0200,951bc624-efa6-477c-a022-930ebdd9d98e,2026-09-19T21:45:00Z,2026-09-19T23:45:00+0200,37.990002,EUR/MWh,DK2,DK_2,day_ahead_price,value,2026-09-19T20:06:48Z
2026-09-19T20:02:15Z,2026-09-19T22:02:15+0200,951bc624-efa6-477c-a022-930ebdd9d98e,2026-09-19T22:00:00Z,2026-09-20T00:00:00+0200,9.78,EUR/MWh,DK2,DK_2,day_ahead_price,value,2026-09-19T20:06:48Z
2026-09-19T20:02:15Z,2026-09-19T22:02:15+0200,951bc624-efa6-477c-a022-930ebdd9d98e,2026-09-19T22:15:00Z,2026-09-20T00:15:00+0200,8.52,EUR/MWh,DK2,DK_2,day_ahead_price,value,2026-09-19T20:06:48Z
2026-09-19T20:02:15Z,2026-09-19T22:02:15+0200,951bc624-efa6-477c-a022-930ebdd9d98e,2026-09-19T22:30:00Z,2026-09-20T00:30:00+0200,7.51,EUR/MWh,DK2,DK_2,day_ahead_price,value,2026-09-19T20:06:48Z
2026-09-19T20:02:15Z,2026-09-19T22:02:15+0200,951bc624-efa6-477c-a022-930ebdd9d98e,2026-09-19T22:45:00Z,2026-09-20T00:45:00+0200,6.82,EUR/MWh,DK2,DK_2,day_ahead_price,value,2026-09-19T20:06:48Z
2026-09-19T20:02:15Z,2026-09-19T22:02:15+0200,951bc624-efa6-477c-a022-930ebdd9d98e,2026-09-19T23:00:00Z,2026-09-20T01:00:00+0200,6.4,EUR/MWh,DK2,DK_2,day_ahead_price,value,2026-09-19T20:06:48Z
2026-09-19T20:02:15Z,2026-09-19T22:02:15+0200,951bc624-efa6-477c-a022-930ebdd9d98e,2026-09-19T23:15:00Z,2026-09-20T01:15:00+0200,6.78,EUR/MWh,DK2,DK_2,day_ahead_price,value,2026-09-19T20:06:48Z
2026-09-19T20:02:15Z,2026-09-19T22:02:15+0200,951bc624-efa6-477c-a022-930ebdd9d98e,2026-09-19T23:30:00Z,2026-09-20T01:30:00+0200,6.52,EUR/MWh,DK2,DK_2,day_ahead_price,value,2026-09-19T20:06:48Z
2026-09-19T20:02:15Z,2026-09-19T22:02:15+0200,951bc624-efa6-477c-a022-930ebdd9d98e,2026-09-19T23:45:00Z,2026-09-20T01:45:00+0200,5.7,EUR/MWh,DK2,DK_2,day_ahead_price,value,2026-09-19T20:06:48Z
2026-09-19T20:02:15Z,2026-09-19T22:02:15+0200,951bc624-efa6-477c-a022-930ebdd9d98e,2026-09-20T00:00:00Z,2026-09-20T02:00:00+0200,5.6,EUR/MWh,DK2,DK_2,day_ahead_price,value,2026-09-19T20:06:48Z
2026-09-19T20:02:15Z,2026-09-19T22:02:15+0200,951bc624-efa6-477c-a022-930ebdd9d98e,2026-09-20T00:15:00Z,2026-09-20T02:15:00+0200,5.87,EUR/MWh,DK2,DK_2,day_ahead_price,value,2026-09-19T20:06:48Z
2026-09-19T20:02:15Z,2026-09-19T22:02:15+0200,951bc624-efa6-477c-a022-930ebdd9d98e,2026-09-20T00:30:00Z,2026-09-20T02:30:00+0200,5.85,EUR/MWh,DK2,DK_2,day_ahead_price,value,2026-09-19T20:06:48Z
2026-09-19T20:02:15Z,2026-09-19T22:02:15+0200,951bc624-efa6-477c-a022-930ebdd9d98e,2026-09-20T00:45:00Z,2026-09-20T02:45:00+0200,5.58,EUR/MWh,DK2,DK_2,day_ahead_price,value,2026-09-19T20:06:48Z
2026-09-19T20:02:15Z,2026-09-19T22:02:15+0200,951bc624-efa6-477c-a022-930ebdd9d98e,2026-09-20T01:00:00Z,2026-09-20T03:00:00+0200,5.62,EUR/MWh,DK2,DK_2,day_ahead_price,value,2026-09-19T20:06:48Z
2026-09-19T20:02:15Z,2026-09-19T22:02:15+0200,951bc624-efa6-477c-a022-930ebdd9d98e,2026-09-20T01:15:00Z,2026-09-20T03:15:00+0200,5.46,EUR/MWh,DK2,DK_2,day_ahead_price,value,2026-09-19T20:06:48Z
2026-09-19T20:02:15Z,2026-09-19T22:02:15+0200,951bc624-efa6-477c-a022-930ebdd9d98e,2026-09-20T01:30:00Z,2026-09-20T03:30:00+0200,5.63,EUR/MWh,DK2,DK_2,day_ahead_price,value,2026-09-19T20:06:48Z
2026-09-19T20:02:15Z,2026-09-19T22:02:15+0200,951bc624-efa6-477c-a022-930ebdd9d98e,2026-09-20T01:45:00Z,2026-09-20T03:45:00+0200,5.37,EUR/MWh,DK2,DK_2,day_ahead_price,value,2026-09-19T20:06:48Z
2026-09-19T20:02:15Z,2026-09-19T22:02:15+0200,951bc624-efa6-477c-a022-930ebdd9d98e,2026-09-20T02:00:00Z,2026-09-20T04:00:00+0200,5.26,EUR/MWh,DK2,DK_2,day_ahead_price,value,2026-09-19T20:06:48Z
2026-09-19T20:02:15Z,2026-09-19T22:02:15+0200,951bc624-efa6-477c-a022-930ebdd9d98e,2026-09-20T02:15:00Z,2026-09-20T04:15:00+0200,5.06,EUR/MWh,DK2,DK_2,day_ahead_price,value,2026-09-19T20:06:48Z
2026-09-19T20:02:15Z,2026-09-19T22:02:15+0200,951bc624-efa6-477c-a022-930ebdd9d98e,2026-09-20T02:30:00Z,2026-09-20T04:30:00+0200,5.2,EUR/MWh,DK2,DK_2,day_ahead_price,value,2026-09-19T20:06:48Z
2026-09-19T20:02:15Z,2026-09-19T22:02:15+0200,951bc624-efa6-477c-a022-930ebdd9d98e,2026-09-20T02:45:00Z,2026-09-20T04:45:00+0200,5.27,EUR/MWh,DK2,DK_2,day_ahead_price,value,2026-09-19T20:06:48Z
2026-09-19T20:02:15Z,2026-09-19T22:02:15+0200,951bc624-efa6-477c-a022-930ebdd9d98e,2026-09-20T03:00:00Z,2026-09-20T05:00:00+0200,4.99,EUR/MWh,DK2,DK_2,day_ahead_price,value,2026-09-19T20:06:48Z
2026-09-19T20:02:15Z,2026-09-19T22:02:15+0200,951bc624-efa6-477c-a022-930ebdd9d98e,2026-09-20T03:15:00Z,2026-09-20T05:15:00+0200,4.99,EUR/MWh,DK2,DK_2,day_ahead_price,value,2026-09-19T20:06:48Z
2026-09-19T20:02:15Z,2026-09-19T22:02:15+0200,951bc624-efa6-477c-a022-930ebdd9d98e,2026-09-20T03:30:00Z,2026-09-20T05:30:00+0200,4.99,EUR/MWh,DK2,DK_2,day_ahead_price,value,2026-09-19T20:06:48Z
2026-09-19T20:02:15Z,2026-09-19T22:02:15+0200,951bc624-efa6-477c-a022-930ebdd9d98e,2026-09-20T03:45:00Z,2026-09-20T05:45:00+0200,5.09,EUR/MWh,DK2,DK_2,day_ahead_price,value,2026-09-19T20:06:48Z
2026-09-19T20:02:15Z,2026-09-19T22:02:15+0200,951bc624-efa6-477c-a022-930ebdd9d98e,2026-09-20T04:00:00Z,2026-09-20T06:00:00+0200,4.97,EUR/MWh,DK2,DK_2,day_ahead_price,value,2026-09-19T20:06:48Z
2026-09-19T20:02:15Z,2026-09-19T22:02:15+0200,951bc624-efa6-477c-a022-930ebdd9d98e,2026-09-20T04:15:00Z,2026-09-20T06:15:00+0200,4.98,EUR/MWh,DK2,DK_2,day_ahead_price,value,2026-09-19T20:06:48Z
2026-09-19T20:02:15Z,2026-09-19T22:02:15+0200,951bc624-efa6-477c-a022-930ebdd9d98e,2026-09-20T04:30:00Z,2026-09-20T06:30:00+0200,4.98,EUR/MWh,DK2,DK_2,day_ahead_price,value,2026-09-19T20:06:48Z
2026-09-19T20:02:15Z,2026-09-19T22:02:15+0200,951bc624-efa6-477c-a022-930ebdd9d98e,2026-09-20T04:45:00Z,2026-09-20T06:45:00+0200,4.97,EUR/MWh,DK2,DK_2,day_ahead_price,value,2026-09-19T20:06:48Z
2026-09-19T20:02:15Z,2026-09-19T22:02:15+0200,951bc624-efa6-477c-a022-930ebdd9d98e,2026-09-20T05:00:00Z,2026-09-20T07:00:00+0200,6.55,EUR/MWh,DK2,DK_2,day_ahead_price,value,2026-09-19T20:06:48Z
2026-09-19T20:02:15Z,2026-09-19T22:02:15+0200,951bc624-efa6-477c-a022-930ebdd9d98e,2026-09-20T05:15:00Z,2026-09-20T07:15:00+0200,6.79,EUR/MWh,DK2,DK_2,day_ahead_price,value,2026-09-19T20:06:48Z
2026-09-19T20:02:15Z,2026-09-19T22:02:15+0200,951bc624-efa6-477c-a022-930ebdd9d98e,2026-09-20T05:30:00Z,2026-09-20T07:30:00+0200,6.27,EUR/MWh,DK2,DK_2,day_ahead_price,value,2026-09-19T20:06:48Z
2026-09-19T20:02:15Z,2026-09-19T22:02:15+0200,951bc624-efa6-477c-a022-930ebdd9d98e,2026-09-20T05:45:00Z,2026-09-20T07:45:00+0200,6.6,EUR/MWh,DK2,DK_2,day_ahead_price,value,2026-09-19T20:06:48Z
2026-09-19T20:02:15Z,2026-09-19T22:02:15+0200,951bc624-efa6-477c-a022-930ebdd9d98e,2026-09-20T06:00:00Z,2026-09-20T08:00:00+0200,7.73,EUR/MWh,DK2,DK_2,day_ahead_price,value,2026-09-19T20:06:48Z
2026-09-19T20:02:15Z,2026-09-19T22:02:15+0200,951bc624-efa6-477c-a022-930ebdd9d98e,2026-09-20T06:15:00Z,2026-09-20T08:15:00+0200,10.0,EUR/MWh,DK2,DK_2,day_ahead_price,value,2026-09-19T20:06:48Z
2026-09-19T20:02:15Z,2026-09-19T22:02:15+0200,951bc624-efa6-477c-a022-930ebdd9d98e,2026-09-20T06:30:00Z,2026-09-20T08:30:00+0200,7.67,EUR/MWh,DK2,DK_2,day_ahead_price,value,2026-09-19T20:06:48Z
2026-09-19T20:02:15Z,2026-09-19T22:02:15+0200,951bc624-efa6-477c-a022-930ebdd9d98e,2026-09-20T06:45:00Z,2026-09-20T08:45:00+0200,5.55,EUR/MWh,DK2,DK_2,day_ahead_price,value,2026-09-19T20:06:48Z
2026-09-19T20:02:15Z,2026-09-19T22:02:15+0200,951bc624-efa6-477c-a022-930ebdd9d98e,2026-09-20T07:00:00Z,2026-09-20T09:00:00+0200,7.36,EUR/MWh,DK2,DK_2,day_ahead_price,value,2026-09-19T20:06:48Z
2026-09-19T20:02:15Z,2026-09-19T22:02:15+0200,951bc624-efa6-477c-a022-930ebdd9d98e,2026-09-20T07:15:00Z,2026-09-20T09:15:00+0200,4.54,EUR/MWh,DK2,DK_2,day_ahead_price,value,2026-09-19T20:06:48Z
2026-09-19T20:02:15Z,2026-09-19T22:02:15+0200,951bc624-efa6-477c-a022-930ebdd9d98e,2026-09-20T07:30:00Z,2026-09-20T09:30:00+0200,1.81,EUR/MWh,DK2,DK_2,day_ahead_price,value,2026-09-19T20:06:48Z
2026-09-19T20:02:15Z,2026-09-19T22:02:15+0200,951bc624-efa6-477c-a022-930ebdd9d98e,2026-09-20T07:45:00Z,2026-09-20T09:45:00+0200,1.05,EUR/MWh,DK2,DK_2,day_ahead_price,value,2026-09-19T20:06:48Z
2026-09-19T20:02:15Z,2026-09-19T22:02:15+0200,951bc624-efa6-477c-a022-930ebdd9d98e,2026-09-20T08:00:00Z,2026-09-20T10:00:00+0200,0.37,EUR/MWh,DK2,DK_2,day_ahead_price,value,2026-09-19T20:06:48Z
2026-09-19T20:02:15Z,2026-09-19T22:02:15+0200,951bc624-efa6-477c-a022-930ebdd9d98e,2026-09-20T08:15:00Z,2026-09-20T10:15:00+0200,0.36,EUR/MWh,DK2,DK_2,day_ahead_price,value,2026-09-19T20:06:48Z
2026-09-19T20:02:15Z,2026-09-19T22:02:15+0200,951bc624-efa6-477c-a022-930ebdd9d98e,2026-09-20T08:30:00Z,2026-09-20T10:30:00+0200,0.26,EUR/MWh,DK2,DK_2,day_ahead_price,value,2026-09-19T20:06:48Z
2026-09-19T20:02:15Z,2026-09-19T22:02:15+0200,951bc624-efa6-477c-a022-930ebdd9d98e,2026-09-20T08:45:00Z,2026-09-20T10:45:00+0200,0.37,EUR/MWh,DK2,DK_2,day_ahead_price,value,2026-09-19T20:06:48Z
2026-09-19T20:02:15Z,2026-09-19T22:02:15+0200,951bc624-efa6-477c-a022-930ebdd9d98e,2026-09-20T09:00:00Z,2026-09-20T11:00:00+0200,1.03,EUR/MWh,DK2,DK_2,day_ahead_price,value,2026-09-19T20:06:48Z
2026-09-19T20:02:15Z,2026-09-19T22:02:15+0200,951bc624-efa6-477c-a022-930ebdd9d98e,2026-09-20T09:15:00Z,2026-09-20T11:15:00+0200,1.28,EUR/MWh,DK2,DK_2,day_ahead_price,value,2026-09-19T20:06:48Z
2026-09-19T20:02:15Z,2026-09-19T22:02:15+0200,951bc624-efa6-477c-a022-930ebdd9d98e,2026-09-20T09:30:00Z,2026-09-20T11:30:00+0200,1.09,EUR/MWh,DK2,DK_2,day_ahead_price,value,2026-09-19T20:06:48Z
2026-09-19T20:02:15Z,2026-09-19T22:02:15+0200,951bc624-efa6-477c-a022-930ebdd9d98e,2026-09-20T09:45:00Z,2026-09-20T11:45:00+0200,1.1,EUR/MWh,DK2,DK_2,day_ahead_price,value,2026-09-19T20:06:48Z
2026-09-19T20:02:15Z,2026-09-19T22:02:15+0200,951bc624-efa6-477c-a022-930ebdd9d98e,2026-09-20T10:00:00Z,2026-09-20T12:00:00+0200,0.51,EUR/MWh,DK2,DK_2,day_ahead_price,value,2026-09-19T20:06:48Z
2026-09-19T20:02:15Z,2026-09-19T22:02:15+0200,951bc624-efa6-477c-a022-930ebdd9d98e,2026-09-20T10:15:00Z,2026-09-20T12:15:00+0200,0.52,EUR/MWh,DK2,DK_2,day_ahead_price,value,2026-09-19T20:06:48Z
2026-09-19T20:02:15Z,2026-09-19T22:02:15+0200,951bc624-efa6-477c-a022-930ebdd9d98e,2026-09-20T10:30:00Z,2026-09-20T12:30:00+0200,0.51,EUR/MWh,DK2,DK_2,day_ahead_price,value,2026-09-19T20:06:48Z
2026-09-19T20:02:15Z,2026-09-19T22:02:15+0200,951bc624-efa6-477c-a022-930ebdd9d98e,2026-09-20T10:45:00Z,2026-09-20T12:45:00+0200,0.49,EUR/MWh,DK2,DK_2,day_ahead_price,value,2026-09-19T20:06:48Z
2026-09-19T20:02:15Z,2026-09-19T22:02:15+0200,951bc624-efa6-477c-a022-930ebdd9d98e,2026-09-20T11:00:00Z,2026-09-20T13:00:00+0200,0.46,EUR/MWh,DK2,DK_2,day_ahead_price,value,2026-09-19T20:06:48Z
2026-09-19T20:02:15Z,2026-09-19T22:02:15+0200,951bc624-efa6-477c-a022-930ebdd9d98e,2026-09-20T11:15:00Z,2026-09-20T13:15:00+0200,0.49,EUR/MWh,DK2,DK_2,day_ahead_price,value,2026-09-19T20:06:48Z
2026-09-19T20:02:15Z,2026-09-19T22:02:15+0200,951bc624-efa6-477c-a022-930ebdd9d98e,2026-09-20T11:30:00Z,2026-09-20T13:30:00+0200,0.61,EUR/MWh,DK2,DK_2,day_ahead_price,value,2026-09-19T20:06:48Z
2026-09-19T20:02:15Z,2026-09-19T22:02:15+0200,951bc624-efa6-477c-a022-930ebdd9d98e,2026-09-20T11:45:00Z,2026-09-20T13:45:00+0200,1.29,EUR/MWh,DK2,DK_2,day_ahead_price,value,2026-09-19T20:06:48Z
2026-09-19T20:02:15Z,2026-09-19T22:02:15+0200,951bc624-efa6-477c-a022-930ebdd9d98e,2026-09-20T12:00:00Z,2026-09-20T14:00:00+0200,1.27,EUR/MWh,DK2,DK_2,day_ahead_price,value,2026-09-19T20:06:48Z
2026-09-19T20:02:15Z,2026-09-19T22:02:15+0200,951bc624-efa6-477c-a022-930ebdd9d98e,2026-09-20T12:15:00Z,2026-09-20T14:15:00+0200,1.6,EUR/MWh,DK2,DK_2,day_ahead_price,value,2026-09-19T20:06:48Z
2026-09-19T20:02:15Z,2026-09-19T22:02:15+0200,951bc624-efa6-477c-a022-930ebdd9d98e,2026-09-20T12:30:00Z,2026-09-20T14:30:00+0200,1.59,EUR/MWh,DK2,DK_2,day_ahead_price,value,2026-09-19T20:06:48Z
2026-09-19T20:02:15Z,2026-09-19T22:02:15+0200,951bc624-efa6-477c-a022-930ebdd9d98e,2026-09-20T12:45:00Z,2026-09-20T14:45:00+0200,1.6,EUR/MWh,DK2,DK_2,day_ahead_price,value,2026-09-19T20:06:48Z
2026-09-19T20:02:15Z,2026-09-19T22:02:15+0200,951bc624-efa6-477c-a022-930ebdd9d98e,2026-09-20T13:00:00Z,2026-09-20T15:00:00+0200,2.12,EUR/MWh,DK2,DK_2,day_ahead_price,value,2026-09-19T20:06:48Z
2026-09-19T20:02:15Z,2026-09-19T22:02:15+0200,951bc624-efa6-477c-a022-930ebdd9d98e,2026-09-20T13:15:00Z,2026-09-20T15:15:00+0200,2.17,EUR/MWh,DK2,DK_2,day_ahead_price,value,2026-09-19T20:06:48Z
2026-09-19T20:02:15Z,2026-09-19T22:02:15+0200,951bc624-efa6-477c-a022-930ebdd9d98e,2026-09-20T13:30:00Z,2026-09-20T15:30:00+0200,2.84,EUR/MWh,DK2,DK_2,day_ahead_price,value,2026-09-19T20:06:48Z
2026-09-19T20:02:15Z,2026-09-19T22:02:15+0200,951bc624-efa6-477c-a022-930ebdd9d98e,2026-09-20T13:45:00Z,2026-09-20T15:45:00+0200,3.12,EUR/MWh,DK2,DK_2,day_ahead_price,value,2026-09-19T20:06:48Z
2026-09-19T20:02:15Z,2026-09-19T22:02:15+0200,951bc624-efa6-477c-a022-930ebdd9d98e,2026-09-20T14:00:00Z,2026-09-20T16:00:00+0200,2.16,EUR/MWh,DK2,DK_2,day_ahead_price,value,2026-09-19T20:06:48Z
2026-09-19T20:02:15Z,2026-09-19T22:02:15+0200,951bc624-efa6-477c-a022-930ebdd9d98e,2026-09-20T14:15:00Z,2026-09-20T16:15:00+0200,3.81,EUR/MWh,DK2,DK_2,day_ahead_price,value,2026-09-19T20:06:48Z
2026-09-19T20:02:15Z,2026-09-19T22:02:15+0200,951bc624-efa6-477c-a022-930ebdd9d98e,2026-09-20T14:30:00Z,2026-09-20T16:30:00+0200,4.1,EUR/MWh,DK2,DK_2,day_ahead_price,value,2026-09-19T20:06:48Z
2026-09-19T20:02:15Z,2026-09-19T22:02:15+0200,951bc624-efa6-477c-a022-930ebdd9d98e,2026-09-20T14:45:00Z,2026-09-20T16:45:00+0200,5.0,EUR/MWh,DK2,DK_2,day_ahead_price,value,2026-09-19T20:06:48Z
2026-09-19T20:02:15Z,2026-09-19T22:02:15+0200,951bc624-efa6-477c-a022-930ebdd9d98e,2026-09-20T15:00:00Z,2026-09-20T17:00:00+0200,4.9,EUR/MWh,DK2,DK_2,day_ahead_price,value,2026-09-19T20:06:48Z
2026-09-19T20:02:15Z,2026-09-19T22:02:15+0200,951bc624-efa6-477c-a022-930ebdd9d98e,2026-09-20T15:15:00Z,2026-09-20T17:15:00+0200,4.92,EUR/MWh,DK2,DK_2,day_ahead_price,value,2026-09-19T20:06:48Z
2026-09-19T20:02:15Z,2026-09-19T22:02:15+0200,951bc624-efa6-477c-a022-930ebdd9d98e,2026-09-20T15:30:00Z,2026-09-20T17:30:00+0200,6.16,EUR/MWh,DK2,DK_2,day_ahead_price,value,2026-09-19T20:06:48Z
2026-09-19T20:02:15Z,2026-09-19T22:02:15+0200,951bc624-efa6-477c-a022-930ebdd9d98e,2026-09-20T15:45:00Z,2026-09-20T17:45:00+0200,27.72,EUR/MWh,DK2,DK_2,day_ahead_price,value,2026-09-19T20:06:48Z
2026-09-19T20:02:15Z,2026-09-19T22:02:15+0200,951bc624-efa6-477c-a022-930ebdd9d98e,2026-09-20T16:00:00Z,2026-09-20T18:00:00+0200,11.04,EUR/MWh,DK2,DK_2,day_ahead_price,value,2026-09-19T20:06:48Z
2026-09-19T20:02:15Z,2026-09-19T22:02:15+0200,951bc624-efa6-477c-a022-930ebdd9d98e,2026-09-20T16:15:00Z,2026-09-20T18:15:00+0200,19.99,EUR/MWh,DK2,DK_2,day_ahead_price,value,2026-09-19T20:06:48Z
2026-09-19T20:02:15Z,2026-09-19T22:02:15+0200,951bc624-efa6-477c-a022-930ebdd9d98e,2026-09-20T16:30:00Z,2026-09-20T18:30:00+0200,52.5,EUR/MWh,DK2,DK_2,day_ahead_price,value,2026-09-19T20:06:48Z
2026-09-19T20:02:15Z,2026-09-19T22:02:15+0200,951bc624-efa6-477c-a022-930ebdd9d98e,2026-09-20T16:45:00Z,2026-09-20T18:45:00+0200,75.28,EUR/MWh,DK2,DK_2,day_ahead_price,value,2026-09-19T20:06:48Z
2026-09-19T20:02:15Z,2026-09-19T22:02:15+0200,951bc624-efa6-477c-a022-930ebdd9d98e,2026-09-20T17:00:00Z,2026-09-20T19:00:00+0200,48.62,EUR/MWh,DK2,DK_2,day_ahead_price,value,2026-09-19T20:06:48Z
2026-09-19T20:02:15Z,2026-09-19T22:02:15+0200,951bc624-efa6-477c-a022-930ebdd9d98e,2026-09-20T17:15:00Z,2026-09-20T19:15:00+0200,60.69,EUR/MWh,DK2,DK_2,day_ahead_price,value,2026-09-19T20:06:48Z
2026-09-19T20:02:15Z,2026-09-19T22:02:15+0200,951bc624-efa6-477c-a022-930ebdd9d98e,2026-09-20T17:30:00Z,2026-09-20T19:30:00+0200,68.1,EUR/MWh,DK2,DK_2,day_ahead_price,value,2026-09-19T20:06:48Z
2026-09-19T20:02:15Z,2026-09-19T22:02:15+0200,951bc624-efa6-477c-a022-930ebdd9d98e,2026-09-20T17:45:00Z,2026-09-20T19:45:00+0200,81.07,EUR/MWh,DK2,DK_2,day_ahead_price,value,2026-09-19T20:06:48Z
2026-09-19T20:02:15Z,2026-09-19T22:02:15+0200,951bc624-efa6-477c-a022-930ebdd9d98e,2026-09-20T18:00:00Z,2026-09-20T20:00:00+0200,71.48,EUR/MWh,DK2,DK_2,day_ahead_price,value,2026-09-19T20:06:48Z
2026-09-19T20:02:15Z,2026-09-19T22:02:15+0200,951bc624-efa6-477c-a022-930ebdd9d98e,2026-09-20T18:15:00Z,2026-09-20T20:15:00+0200,65.88,EUR/MWh,DK2,DK_2,day_ahead_price,value,2026-09-19T20:06:48Z
2026-09-19T20:02:15Z,2026-09-19T22:02:15+0200,951bc624-efa6-477c-a022-930ebdd9d98e,2026-09-20T18:30:00Z,2026-09-20T20:30:00+0200,35.12,EUR/MWh,DK2,DK_2,day_ahead_price,value,2026-09-19T20:06:48Z
2026-09-19T20:02:15Z,2026-09-19T22:02:15+0200,951bc624-efa6-477c-a022-930ebdd9d98e,2026-09-20T18:45:00Z,2026-09-20T20:45:00+0200,46.65,EUR/MWh,DK2,DK_2,day_ahead_price,value,2026-09-19T20:06:48Z
2026-09-19T20:02:15Z,2026-09-19T22:02:15+0200,951bc624-efa6-477c-a022-930ebdd9d98e,2026-09-20T19:00:00Z,2026-09-20T21:00:00+0200,63.91,EUR/MWh,DK2,DK_2,day_ahead_price,value,2026-09-19T20:06:48Z
2026-09-19T20:02:15Z,2026-09-19T22:02:15+0200,951bc624-efa6-477c-a022-930ebdd9d98e,2026-09-20T19:15:00Z,2026-09-20T21:15:00+0200,37.22,EUR/MWh,DK2,DK_2,day_ahead_price,value,2026-09-19T20:06:48Z
2026-09-19T20:02:15Z,2026-09-19T22:02:15+0200,951bc624-efa6-477c-a022-930ebdd9d98e,2026-09-20T19:30:00Z,2026-09-20T21:30:00+0200,26.6,EUR/MWh,DK2,DK_2,day_ahead_price,value,2026-09-19T20:06:48Z
2026-09-19T20:02:15Z,2026-09-19T22:02:15+0200,951bc624-efa6-477c-a022-930ebdd9d98e,2026-09-20T19:45:00Z,2026-09-20T21:45:00+0200,24.27,EUR/MWh,DK2,DK_2,day_ahead_price,value,2026-09-19T20:06:48Z
2026-09-19T20:02:15Z,2026-09-19T22:02:15+0200,951bc624-efa6-477c-a022-930ebdd9d98e,2026-09-20T20:00:00Z,2026-09-20T22:00:00+0200,34.69,EUR/MWh,DK2,DK_2,day_ahead_price,value,2026-09-19T20:06:48Z
2026-09-19T20:02:15Z,2026-09-19T22:02:15+0200,951bc624-efa6-477c-a022-930ebdd9d98e,2026-09-20T20:15:00Z,2026-09-20T22:15:00+0200,42.55,EUR/MWh,DK2,DK_2,day_ahead_price,value,2026-09-19T20:06:48Z
2026-09-19T20:02:15Z,2026-09-19T22:02:15+0200,951bc624-efa6-477c-a022-930ebdd9d98e,2026-09-20T20:30:00Z,2026-09-20T22:30:00+0200,24.68,EUR/MWh,DK2,DK_2,day_ahead_price,value,2026-09-19T20:06:48Z
2026-09-19T20:02:15Z,2026-09-19T22:02:15+0200,951bc624-efa6-477c-a022-930ebdd9d98e,2026-09-20T20:45:00Z,2026-09-20T22:45:00+0200,20.25,EUR/MWh,DK2,DK_2,day_ahead_price,value,2026-09-19T20:06:48Z
2026-09-19T20:02:15Z,2026-09-19T22:02:15+0200,951bc624-efa6-477c-a022-930ebdd9d98e,2026-09-20T21:00:00Z,2026-09-20T23:00:00+0200,25.51,EUR/MWh,DK2,DK_2,day_ahead_price,value,2026-09-19T20:06:48Z
2026-09-19T20:02:15Z,2026-09-19T22:02:15+0200,951bc624-efa6-477c-a022-930ebdd9d98e,2026-09-20T21:15:00Z,2026-09-20T23:15:00+0200,21.09,EUR/MWh,DK2,DK_2,day_ahead_price,value,2026-09-19T20:06:48Z
2026-09-19T20:02:15Z,2026-09-19T22:02:15+0200,951bc624-efa6-477c-a022-930ebdd9d98e,2026-09-20T21:30:00Z,2026-09-20T23:30:00+0200,18.52,EUR/MWh,DK2,DK_2,day_ahead_price,value,2026-09-19T20:06:48Z
2026-09-19T20:02:15Z,2026-09-19T22:02:15+0200,951bc624-efa6-477c-a022-930ebdd9d98e,2026-09-20T21:45:00Z,2026-09-20T23:45:00+0200,13.89,EUR/MWh,DK2,DK_2,day_ahead_price,value,2026-09-19T20:06:48Z
