collection_time_utc,collection_time_local,run_id,timestamp_utc,timestamp_local,value,unit,country,entsoe_area,variable,source,updated_at_utc
2026-08-22T18:49:31Z,2026-08-22T20:49:31+0200,32ee4a35-e929-46bf-8b2d-58a671b58f50,2026-07-22T19:00:00Z,2026-07-22T21:00:00+0200,146.31,EUR/MWh,DK2,DK_2,day_ahead_price,value,2026-08-22T18:55:39Z
2026-08-22T18:49:31Z,2026-08-22T20:49:31+0200,32ee4a35-e929-46bf-8b2d-58a671b58f50,2026-07-22T19:15:00Z,2026-07-22T21:15:00+0200,145.53,EUR/MWh,DK2,DK_2,day_ahead_price,value,2026-08-22T18:55:39Z
2026-08-22T18:49:31Z,2026-08-22T20:49:31+0200,32ee4a35-e929-46bf-8b2d-58a671b58f50,2026-07-22T19:30:00Z,2026-07-22T21:30:00+0200,144.76,EUR/MWh,DK2,DK_2,day_ahead_price,value,2026-08-22T18:55:39Z
2026-08-22T18:49:31Z,2026-08-22T20:49:31+0200,32ee4a35-e929-46bf-8b2d-58a671b58f50,2026-07-22T19:45:00Z,2026-07-22T21:45:00+0200,143.36,EUR/MWh,DK2,DK_2,day_ahead_price,value,2026-08-22T18:55:39Z
2026-08-22T18:49:31Z,2026-08-22T20:49:31+0200,32ee4a35-e929-46bf-8b2d-58a671b58f50,2026-07-22T20:00:00Z,2026-07-22T22:00:00+0200,146.720001,EUR/MWh,DK2,DK_2,day_ahead_price,value,2026-08-22T18:55:39Z
2026-08-22T18:49:31Z,2026-08-22T20:49:31+0200,32ee4a35-e929-46bf-8b2d-58a671b58f50,2026-07-22T20:15:00Z,2026-07-22T22:15:00+0200,144.610001,EUR/MWh,DK2,DK_2,day_ahead_price,value,2026-08-22T18:55:39Z
2026-08-22T18:49:31Z,2026-08-22T20:49:31+0200,32ee4a35-e929-46bf-8b2d-58a671b58f50,2026-07-22T20:30:00Z,2026-07-22T22:30:00+0200,143.610001,EUR/MWh,DK2,DK_2,day_ahead_price,value,2026-08-22T18:55:39Z
2026-08-22T18:49:31Z,2026-08-22T20:49:31+0200,32ee4a35-e929-46bf-8b2d-58a671b58f50,2026-07-22T20:45:00Z,2026-07-22T22:45:00+0200,138.38,EUR/MWh,DK2,DK_2,day_ahead_price,value,2026-08-22T18:55:39Z
2026-08-22T18:49:31Z,2026-08-22T20:49:31+0200,32ee4a35-e929-46bf-8b2d-58a671b58f50,2026-07-22T21:00:00Z,2026-07-22T23:00:00+0200,132.22,EUR/MWh,DK2,DK_2,day_ahead_price,value,2026-08-22T18:55:39Z
2026-08-22T18:49:31Z,2026-08-22T20:49:31+0200,32ee4a35-e929-46bf-8b2d-58a671b58f50,2026-07-22T21:15:00Z,2026-07-22T23:15:00+0200,130.61,EUR/MWh,DK2,DK_2,day_ahead_price,value,2026-08-22T18:55:39Z
2026-08-22T18:49:31Z,2026-08-22T20:49:31+0200,32ee4a35-e929-46bf-8b2d-58a671b58f50,2026-07-22T21:30:00Z,2026-07-22T23:30:00+0200,130.699997,EUR/MWh,DK2,DK_2,day_ahead_price,value,2026-08-22T18:55:39Z
2026-08-22T18:49:31Z,2026-08-22T20:49:31+0200,32ee4a35-e929-46bf-8b2d-58a671b58f50,2026-07-22T21:45:00Z,2026-07-22T23:45:00+0200,129.990005,EUR/MWh,DK2,DK_2,day_ahead_price,value,2026-08-22T18:55:39Z
2026-08-22T18:49:31Z,2026-08-22T20:49:31+0200,32ee4a35-e929-46bf-8b2d-58a671b58f50,2026-07-22T22:00:00Z,2026-07-23T00:00:00+0200,134.54,EUR/MWh,DK2,DK_2,day_ahead_price,value,2026-08-22T18:55:39Z
2026-08-22T18:49:31Z,2026-08-22T20:49:31+0200,32ee4a35-e929-46bf-8b2d-58a671b58f50,2026-07-22T22:15:00Z,2026-07-23T00:15:00+0200,133.559998,EUR/MWh,DK2,DK_2,day_ahead_price,value,2026-08-22T18:55:39Z
2026-08-22T18:49:31Z,2026-08-22T20:49:31+0200,32ee4a35-e929-46bf-8b2d-58a671b58f50,2026-07-22T22:30:00Z,2026-07-23T00:30:00+0200,132.11,EUR/MWh,DK2,DK_2,day_ahead_price,value,2026-08-22T18:55:39Z
2026-08-22T18:49:31Z,2026-08-22T20:49:31+0200,32ee4a35-e929-46bf-8b2d-58a671b58f50,2026-07-22T22:45:00Z,2026-07-23T00:45:00+0200,125.6,EUR/MWh,DK2,DK_2,day_ahead_price,value,2026-08-22T18:55:39Z
2026-08-22T18:49:31Z,2026-08-22T20:49:31+0200,32ee4a35-e929-46bf-8b2d-58a671b58f50,2026-07-22T23:00:00Z,2026-07-23T01:00:00+0200,127.93,EUR/MWh,DK2,DK_2,day_ahead_price,value,2026-08-22T18:55:39Z
2026-08-22T18:49:31Z,2026-08-22T20:49:31+0200,32ee4a35-e929-46bf-8b2d-58a671b58f50,2026-07-22T23:15:00Z,2026-07-23T01:15:00+0200,125.589996,EUR/MWh,DK2,DK_2,day_ahead_price,value,2026-08-22T18:55:39Z
2026-08-22T18:49:31Z,2026-08-22T20:49:31+0200,32ee4a35-e929-46bf-8b2d-58a671b58f50,2026-07-22T23:30:00Z,2026-07-23T01:30:00+0200,125.589996,EUR/MWh,DK2,DK_2,day_ahead_price,value,2026-08-22T18:55:39Z
2026-08-22T18:49:31Z,2026-08-22T20:49:31+0200,32ee4a35-e929-46bf-8b2d-58a671b58f50,2026-07-22T23:45:00Z,2026-07-23T01:45:00+0200,125.589996,EUR/MWh,DK2,DK_2,day_ahead_price,value,2026-08-22T18:55:39Z
2026-08-22T18:49:31Z,2026-08-22T20:49:31+0200,32ee4a35-e929-46bf-8b2d-58a671b58f50,2026-07-23T00:00:00Z,2026-07-23T02:00:00+0200,125.58,EUR/MWh,DK2,DK_2,day_ahead_price,value,2026-08-22T18:55:39Z
2026-08-22T18:49:31Z,2026-08-22T20:49:31+0200,32ee4a35-e929-46bf-8b2d-58a671b58f50,2026-07-23T00:15:00Z,2026-07-23T02:15:00+0200,125.58,EUR/MWh,DK2,DK_2,day_ahead_price,value,2026-08-22T18:55:39Z
2026-08-22T18:49:31Z,2026-08-22T20:49:31+0200,32ee4a35-e929-46bf-8b2d-58a671b58f50,2026-07-23T00:30:00Z,2026-07-23T02:30:00+0200,125.57,EUR/MWh,DK2,DK_2,day_ahead_price,value,2026-08-22T18:55:39Z
2026-08-22T18:49:31Z,2026-08-22T20:49:31+0200,32ee4a35-e929-46bf-8b2d-58a671b58f50,2026-07-23T00:45:00Z,2026-07-23T02:45:00+0200,125.57,EUR/MWh,DK2,DK_2,day_ahead_price,value,2026-08-22T18:55:39Z
2026-08-22T18:49:31Z,2026-08-22T20:49:31+0200,32ee4a35-e929-46bf-8b2d-58a671b58f50,2026-07-23T01:00:00Z,2026-07-23T03:00:00+0200,125.58,EUR/MWh,DK2,DK_2,day_ahead_price,value,2026-08-22T18:55:39Z
2026-08-22T18:49:31Z,2026-08-22T20:49:31+0200,32ee4a35-e929-46bf-8b2d-58a671b58f50,2026-07-23T01:15:00Z,2026-07-23T03:15:00+0200,125.58,EUR/MWh,DK2,DK_2,day_ahead_price,value,2026-08-22T18:55:39Z
2026-08-22T18:49:31Z,2026-08-22T20:49:31+0200,32ee4a35-e929-46bf-8b2d-58a671b58f50,2026-07-23T01:30:00Z,2026-07-23T03:30:00+0200,125.59,EUR/MWh,DK2,DK_2,day_ahead_price,value,2026-08-22T18:55:39Z
2026-08-22T18:49:31Z,2026-08-22T20:49:31+0200,32ee4a35-e929-46bf-8b2d-58a671b58f50,2026-07-23T01:45:00Z,2026-07-23T03:45:00+0200,125.589996,EUR/MWh,DK2,DK_2,day_ahead_price,value,2026-08-22T18:55:39Z
2026-08-22T18:49:31Z,2026-08-22T20:49:31+0200,32ee4a35-e929-46bf-8b2d-58a671b58f50,2026-07-23T02:00:00Z,2026-07-23T04:00:00+0200,125.66,EUR/MWh,DK2,DK_2,day_ahead_price,value,2026-08-22T18:55:39Z
2026-08-22T18:49:31Z,2026-08-22T20:49:31+0200,32ee4a35-e929-46bf-8b2d-58a671b58f50,2026-07-23T02:15:00Z,2026-07-23T04:15:00+0200,125.669998,EUR/MWh,DK2,DK_2,day_ahead_price,value,2026-08-22T18:55:39Z
2026-08-22T18:49:31Z,2026-08-22T20:49:31+0200,32ee4a35-e929-46bf-8b2d-58a671b58f50,2026-07-23T02:30:00Z,2026-07-23T04:30:00+0200,134.259995,EUR/MWh,DK2,DK_2,day_ahead_price,value,2026-08-22T18:55:39Z
2026-08-22T18:49:31Z,2026-08-22T20:49:31+0200,32ee4a35-e929-46bf-8b2d-58a671b58f50,2026-07-23T02:45:00Z,2026-07-23T04:45:00+0200,136.860001,EUR/MWh,DK2,DK_2,day_ahead_price,value,2026-08-22T18:55:39Z
2026-08-22T18:49:31Z,2026-08-22T20:49:31+0200,32ee4a35-e929-46bf-8b2d-58a671b58f50,2026-07-23T03:00:00Z,2026-07-23T05:00:00+0200,128.850006,EUR/MWh,DK2,DK_2,day_ahead_price,value,2026-08-22T18:55:39Z
2026-08-22T18:49:31Z,2026-08-22T20:49:31+0200,32ee4a35-e929-46bf-8b2d-58a671b58f50,2026-07-23T03:15:00Z,2026-07-23T05:15:00+0200,134.74,EUR/MWh,DK2,DK_2,day_ahead_price,value,2026-08-22T18:55:39Z
2026-08-22T18:49:31Z,2026-08-22T20:49:31+0200,32ee4a35-e929-46bf-8b2d-58a671b58f50,2026-07-23T03:30:00Z,2026-07-23T05:30:00+0200,137.75,EUR/MWh,DK2,DK_2,day_ahead_price,value,2026-08-22T18:55:39Z
2026-08-22T18:49:31Z,2026-08-22T20:49:31+0200,32ee4a35-e929-46bf-8b2d-58a671b58f50,2026-07-23T03:45:00Z,2026-07-23T05:45:00+0200,139.54,EUR/MWh,DK2,DK_2,day_ahead_price,value,2026-08-22T18:55:39Z
2026-08-22T18:49:31Z,2026-08-22T20:49:31+0200,32ee4a35-e929-46bf-8b2d-58a671b58f50,2026-07-23T04:00:00Z,2026-07-23T06:00:00+0200,145.36,EUR/MWh,DK2,DK_2,day_ahead_price,value,2026-08-22T18:55:39Z
2026-08-22T18:49:31Z,2026-08-22T20:49:31+0200,32ee4a35-e929-46bf-8b2d-58a671b58f50,2026-07-23T04:15:00Z,2026-07-23T06:15:00+0200,158.970001,EUR/MWh,DK2,DK_2,day_ahead_price,value,2026-08-22T18:55:39Z
2026-08-22T18:49:31Z,2026-08-22T20:49:31+0200,32ee4a35-e929-46bf-8b2d-58a671b58f50,2026-07-23T04:30:00Z,2026-07-23T06:30:00+0200,158.639999,EUR/MWh,DK2,DK_2,day_ahead_price,value,2026-08-22T18:55:39Z
2026-08-22T18:49:31Z,2026-08-22T20:49:31+0200,32ee4a35-e929-46bf-8b2d-58a671b58f50,2026-07-23T04:45:00Z,2026-07-23T06:45:00+0200,161.059998,EUR/MWh,DK2,DK_2,day_ahead_price,value,2026-08-22T18:55:39Z
2026-08-22T18:49:31Z,2026-08-22T20:49:31+0200,32ee4a35-e929-46bf-8b2d-58a671b58f50,2026-07-23T05:00:00Z,2026-07-23T07:00:00+0200,169.649994,EUR/MWh,DK2,DK_2,day_ahead_price,value,2026-08-22T18:55:39Z
2026-08-22T18:49:31Z,2026-08-22T20:49:31+0200,32ee4a35-e929-46bf-8b2d-58a671b58f50,2026-07-23T05:15:00Z,2026-07-23T07:15:00+0200,170.6,EUR/MWh,DK2,DK_2,day_ahead_price,value,2026-08-22T18:55:39Z
2026-08-22T18:49:31Z,2026-08-22T20:49:31+0200,32ee4a35-e929-46bf-8b2d-58a671b58f50,2026-07-23T05:30:00Z,2026-07-23T07:30:00+0200,160.789993,EUR/MWh,DK2,DK_2,day_ahead_price,value,2026-08-22T18:55:39Z
2026-08-22T18:49:31Z,2026-08-22T20:49:31+0200,32ee4a35-e929-46bf-8b2d-58a671b58f50,2026-07-23T05:45:00Z,2026-07-23T07:45:00+0200,157.89,EUR/MWh,DK2,DK_2,day_ahead_price,value,2026-08-22T18:55:39Z
2026-08-22T18:49:31Z,2026-08-22T20:49:31+0200,32ee4a35-e929-46bf-8b2d-58a671b58f50,2026-07-23T06:00:00Z,2026-07-23T08:00:00+0200,170.88,EUR/MWh,DK2,DK_2,day_ahead_price,value,2026-08-22T18:55:39Z
2026-08-22T18:49:31Z,2026-08-22T20:49:31+0200,32ee4a35-e929-46bf-8b2d-58a671b58f50,2026-07-23T06:15:00Z,2026-07-23T08:15:00+0200,159.87,EUR/MWh,DK2,DK_2,day_ahead_price,value,2026-08-22T18:55:39Z
2026-08-22T18:49:31Z,2026-08-22T20:49:31+0200,32ee4a35-e929-46bf-8b2d-58a671b58f50,2026-07-23T06:30:00Z,2026-07-23T08:30:00+0200,158.63,EUR/MWh,DK2,DK_2,day_ahead_price,value,2026-08-22T18:55:39Z
2026-08-22T18:49:31Z,2026-08-22T20:49:31+0200,32ee4a35-e929-46bf-8b2d-58a671b58f50,2026-07-23T06:45:00Z,2026-07-23T08:45:00+0200,141.9,EUR/MWh,DK2,DK_2,day_ahead_price,value,2026-08-22T18:55:39Z
2026-08-22T18:49:31Z,2026-08-22T20:49:31+0200,32ee4a35-e929-46bf-8b2d-58a671b58f50,2026-07-23T07:00:00Z,2026-07-23T09:00:00+0200,159.880005,EUR/MWh,DK2,DK_2,day_ahead_price,value,2026-08-22T18:55:39Z
2026-08-22T18:49:31Z,2026-08-22T20:49:31+0200,32ee4a35-e929-46bf-8b2d-58a671b58f50,2026-07-23T07:15:00Z,2026-07-23T09:15:00+0200,144.47,EUR/MWh,DK2,DK_2,day_ahead_price,value,2026-08-22T18:55:39Z
2026-08-22T18:49:31Z,2026-08-22T20:49:31+0200,32ee4a35-e929-46bf-8b2d-58a671b58f50,2026-07-23T07:30:00Z,2026-07-23T09:30:00+0200,120.160004,EUR/MWh,DK2,DK_2,day_ahead_price,value,2026-08-22T18:55:39Z
2026-08-22T18:49:31Z,2026-08-22T20:49:31+0200,32ee4a35-e929-46bf-8b2d-58a671b58f50,2026-07-23T07:45:00Z,2026-07-23T09:45:00+0200,111.459999,EUR/MWh,DK2,DK_2,day_ahead_price,value,2026-08-22T18:55:39Z
2026-08-22T18:49:31Z,2026-08-22T20:49:31+0200,32ee4a35-e929-46bf-8b2d-58a671b58f50,2026-07-23T08:00:00Z,2026-07-23T10:00:00+0200,117.800003,EUR/MWh,DK2,DK_2,day_ahead_price,value,2026-08-22T18:55:39Z
2026-08-22T18:49:31Z,2026-08-22T20:49:31+0200,32ee4a35-e929-46bf-8b2d-58a671b58f50,2026-07-23T08:15:00Z,2026-07-23T10:15:00+0200,108.32,EUR/MWh,DK2,DK_2,day_ahead_price,value,2026-08-22T18:55:39Z
2026-08-22T18:49:31Z,2026-08-22T20:49:31+0200,32ee4a35-e929-46bf-8b2d-58a671b58f50,2026-07-23T08:30:00Z,2026-07-23T10:30:00+0200,100.919998,EUR/MWh,DK2,DK_2,day_ahead_price,value,2026-08-22T18:55:39Z
2026-08-22T18:49:31Z,2026-08-22T20:49:31+0200,32ee4a35-e929-46bf-8b2d-58a671b58f50,2026-07-23T08:45:00Z,2026-07-23T10:45:00+0200,84.739998,EUR/MWh,DK2,DK_2,day_ahead_price,value,2026-08-22T18:55:39Z
2026-08-22T18:49:31Z,2026-08-22T20:49:31+0200,32ee4a35-e929-46bf-8b2d-58a671b58f50,2026-07-23T09:00:00Z,2026-07-23T11:00:00+0200,98.040001,EUR/MWh,DK2,DK_2,day_ahead_price,value,2026-08-22T18:55:39Z
2026-08-22T18:49:31Z,2026-08-22T20:49:31+0200,32ee4a35-e929-46bf-8b2d-58a671b58f50,2026-07-23T09:15:00Z,2026-07-23T11:15:00+0200,84.51,EUR/MWh,DK2,DK_2,day_ahead_price,value,2026-08-22T18:55:39Z
2026-08-22T18:49:31Z,2026-08-22T20:49:31+0200,32ee4a35-e929-46bf-8b2d-58a671b58f50,2026-07-23T09:30:00Z,2026-07-23T11:30:00+0200,77.81,EUR/MWh,DK2,DK_2,day_ahead_price,value,2026-08-22T18:55:39Z
2026-08-22T18:49:31Z,2026-08-22T20:49:31+0200,32ee4a35-e929-46bf-8b2d-58a671b58f50,2026-07-23T09:45:00Z,2026-07-23T11:45:00+0200,62.68,EUR/MWh,DK2,DK_2,day_ahead_price,value,2026-08-22T18:55:39Z
2026-08-22T18:49:31Z,2026-08-22T20:49:31+0200,32ee4a35-e929-46bf-8b2d-58a671b58f50,2026-07-23T10:00:00Z,2026-07-23T12:00:00+0200,62.78,EUR/MWh,DK2,DK_2,day_ahead_price,value,2026-08-22T18:55:39Z
2026-08-22T18:49:31Z,2026-08-22T20:49:31+0200,32ee4a35-e929-46bf-8b2d-58a671b58f50,2026-07-23T10:15:00Z,2026-07-23T12:15:00+0200,37.19,EUR/MWh,DK2,DK_2,day_ahead_price,value,2026-08-22T18:55:39Z
2026-08-22T18:49:31Z,2026-08-22T20:49:31+0200,32ee4a35-e929-46bf-8b2d-58a671b58f50,2026-07-23T10:30:00Z,2026-07-23T12:30:00+0200,22.530001,EUR/MWh,DK2,DK_2,day_ahead_price,value,2026-08-22T18:55:39Z
2026-08-22T18:49:31Z,2026-08-22T20:49:31+0200,32ee4a35-e929-46bf-8b2d-58a671b58f50,2026-07-23T10:45:00Z,2026-07-23T12:45:00+0200,12.48,EUR/MWh,DK2,DK_2,day_ahead_price,value,2026-08-22T18:55:39Z
2026-08-22T18:49:31Z,2026-08-22T20:49:31+0200,32ee4a35-e929-46bf-8b2d-58a671b58f50,2026-07-23T11:00:00Z,2026-07-23T13:00:00+0200,19.48,EUR/MWh,DK2,DK_2,day_ahead_price,value,2026-08-22T18:55:39Z
2026-08-22T18:49:31Z,2026-08-22T20:49:31+0200,32ee4a35-e929-46bf-8b2d-58a671b58f50,2026-07-23T11:15:00Z,2026-07-23T13:15:00+0200,14.96,EUR/MWh,DK2,DK_2,day_ahead_price,value,2026-08-22T18:55:39Z
2026-08-22T18:49:31Z,2026-08-22T20:49:31+0200,32ee4a35-e929-46bf-8b2d-58a671b58f50,2026-07-23T11:30:00Z,2026-07-23T13:30:00+0200,11.88,EUR/MWh,DK2,DK_2,day_ahead_price,value,2026-08-22T18:55:39Z
2026-08-22T18:49:31Z,2026-08-22T20:49:31+0200,32ee4a35-e929-46bf-8b2d-58a671b58f50,2026-07-23T11:45:00Z,2026-07-23T13:45:00+0200,11.27,EUR/MWh,DK2,DK_2,day_ahead_price,value,2026-08-22T18:55:39Z
2026-08-22T18:49:31Z,2026-08-22T20:49:31+0200,32ee4a35-e929-46bf-8b2d-58a671b58f50,2026-07-23T12:00:00Z,2026-07-23T14:00:00+0200,10.68,EUR/MWh,DK2,DK_2,day_ahead_price,value,2026-08-22T18:55:39Z
2026-08-22T18:49:31Z,2026-08-22T20:49:31+0200,32ee4a35-e929-46bf-8b2d-58a671b58f50,2026-07-23T12:15:00Z,2026-07-23T14:15:00+0200,11.1,EUR/MWh,DK2,DK_2,day_ahead_price,value,2026-08-22T18:55:39Z
2026-08-22T18:49:31Z,2026-08-22T20:49:31+0200,32ee4a35-e929-46bf-8b2d-58a671b58f50,2026-07-23T12:30:00Z,2026-07-23T14:30:00+0200,12.69,EUR/MWh,DK2,DK_2,day_ahead_price,value,2026-08-22T18:55:39Z
2026-08-22T18:49:31Z,2026-08-22T20:49:31+0200,32ee4a35-e929-46bf-8b2d-58a671b58f50,2026-07-23T12:45:00Z,2026-07-23T14:45:00+0200,14.06,EUR/MWh,DK2,DK_2,day_ahead_price,value,2026-08-22T18:55:39Z
2026-08-22T18:49:31Z,2026-08-22T20:49:31+0200,32ee4a35-e929-46bf-8b2d-58a671b58f50,2026-07-23T13:00:00Z,2026-07-23T15:00:00+0200,9.75,EUR/MWh,DK2,DK_2,day_ahead_price,value,2026-08-22T18:55:39Z
2026-08-22T18:49:31Z,2026-08-22T20:49:31+0200,32ee4a35-e929-46bf-8b2d-58a671b58f50,2026-07-23T13:15:00Z,2026-07-23T15:15:00+0200,13.2,EUR/MWh,DK2,DK_2,day_ahead_price,value,2026-08-22T18:55:39Z
2026-08-22T18:49:31Z,2026-08-22T20:49:31+0200,32ee4a35-e929-46bf-8b2d-58a671b58f50,2026-07-23T13:30:00Z,2026-07-23T15:30:00+0200,13.78,EUR/MWh,DK2,DK_2,day_ahead_price,value,2026-08-22T18:55:39Z
2026-08-22T18:49:31Z,2026-08-22T20:49:31+0200,32ee4a35-e929-46bf-8b2d-58a671b58f50,2026-07-23T13:45:00Z,2026-07-23T15:45:00+0200,16.13,EUR/MWh,DK2,DK_2,day_ahead_price,value,2026-08-22T18:55:39Z
2026-08-22T18:49:31Z,2026-08-22T20:49:31+0200,32ee4a35-e929-46bf-8b2d-58a671b58f50,2026-07-23T14:00:00Z,2026-07-23T16:00:00+0200,10.0,EUR/MWh,DK2,DK_2,day_ahead_price,value,2026-08-22T18:55:39Z
2026-08-22T18:49:31Z,2026-08-22T20:49:31+0200,32ee4a35-e929-46bf-8b2d-58a671b58f50,2026-07-23T14:15:00Z,2026-07-23T16:15:00+0200,16.59,EUR/MWh,DK2,DK_2,day_ahead_price,value,2026-08-22T18:55:39Z
2026-08-22T18:49:31Z,2026-08-22T20:49:31+0200,32ee4a35-e929-46bf-8b2d-58a671b58f50,2026-07-23T14:30:00Z,2026-07-23T16:30:00+0200,28.74,EUR/MWh,DK2,DK_2,day_ahead_price,value,2026-08-22T18:55:39Z
2026-08-22T18:49:31Z,2026-08-22T20:49:31+0200,32ee4a35-e929-46bf-8b2d-58a671b58f50,2026-07-23T14:45:00Z,2026-07-23T16:45:00+0200,64.34,EUR/MWh,DK2,DK_2,day_ahead_price,value,2026-08-22T18:55:39Z
2026-08-22T18:49:31Z,2026-08-22T20:49:31+0200,32ee4a35-e929-46bf-8b2d-58a671b58f50,2026-07-23T15:00:00Z,2026-07-23T17:00:00+0200,53.96,EUR/MWh,DK2,DK_2,day_ahead_price,value,2026-08-22T18:55:39Z
2026-08-22T18:49:31Z,2026-08-22T20:49:31+0200,32ee4a35-e929-46bf-8b2d-58a671b58f50,2026-07-23T15:15:00Z,2026-07-23T17:15:00+0200,96.52,EUR/MWh,DK2,DK_2,day_ahead_price,value,2026-08-22T18:55:39Z
2026-08-22T18:49:31Z,2026-08-22T20:49:31+0200,32ee4a35-e929-46bf-8b2d-58a671b58f50,2026-07-23T15:30:00Z,2026-07-23T17:30:00+0200,113.82,EUR/MWh,DK2,DK_2,day_ahead_price,value,2026-08-22T18:55:39Z
2026-08-22T18:49:31Z,2026-08-22T20:49:31+0200,32ee4a35-e929-46bf-8b2d-58a671b58f50,2026-07-23T15:45:00Z,2026-07-23T17:45:00+0200,125.5,EUR/MWh,DK2,DK_2,day_ahead_price,value,2026-08-22T18:55:39Z
2026-08-22T18:49:31Z,2026-08-22T20:49:31+0200,32ee4a35-e929-46bf-8b2d-58a671b58f50,2026-07-23T16:00:00Z,2026-07-23T18:00:00+0200,124.209999,EUR/MWh,DK2,DK_2,day_ahead_price,value,2026-08-22T18:55:39Z
2026-08-22T18:49:31Z,2026-08-22T20:49:31+0200,32ee4a35-e929-46bf-8b2d-58a671b58f50,2026-07-23T16:15:00Z,2026-07-23T18:15:00+0200,141.63,EUR/MWh,DK2,DK_2,day_ahead_price,value,2026-08-22T18:55:39Z
2026-08-22T18:49:31Z,2026-08-22T20:49:31+0200,32ee4a35-e929-46bf-8b2d-58a671b58f50,2026-07-23T16:30:00Z,2026-07-23T18:30:00+0200,152.65,EUR/MWh,DK2,DK_2,day_ahead_price,value,2026-08-22T18:55:39Z
2026-08-22T18:49:31Z,2026-08-22T20:49:31+0200,32ee4a35-e929-46bf-8b2d-58a671b58f50,2026-07-23T16:45:00Z,2026-07-23T18:45:00+0200,160.679993,EUR/MWh,DK2,DK_2,day_ahead_price,value,2026-08-22T18:55:39Z
2026-08-22T18:49:31Z,2026-08-22T20:49:31+0200,32ee4a35-e929-46bf-8b2d-58a671b58f50,2026-07-23T17:00:00Z,2026-07-23T19:00:00+0200,157.01,EUR/MWh,DK2,DK_2,day_ahead_price,value,2026-08-22T18:55:39Z
2026-08-22T18:49:31Z,2026-08-22T20:49:31+0200,32ee4a35-e929-46bf-8b2d-58a671b58f50,2026-07-23T17:15:00Z,2026-07-23T19:15:00+0200,164.67,EUR/MWh,DK2,DK_2,day_ahead_price,value,2026-08-22T18:55:39Z
2026-08-22T18:49:31Z,2026-08-22T20:49:31+0200,32ee4a35-e929-46bf-8b2d-58a671b58f50,2026-07-23T17:30:00Z,2026-07-23T19:30:00+0200,168.29,EUR/MWh,DK2,DK_2,day_ahead_price,value,2026-08-22T18:55:39Z
2026-08-22T18:49:31Z,2026-08-22T20:49:31+0200,32ee4a35-e929-46bf-8b2d-58a671b58f50,2026-07-23T17:45:00Z,2026-07-23T19:45:00+0200,178.7,EUR/MWh,DK2,DK_2,day_ahead_price,value,2026-08-22T18:55:39Z
2026-08-22T18:49:31Z,2026-08-22T20:49:31+0200,32ee4a35-e929-46bf-8b2d-58a671b58f50,2026-07-23T18:00:00Z,2026-07-23T20:00:00+0200,172.789993,EUR/MWh,DK2,DK_2,day_ahead_price,value,2026-08-22T18:55:39Z
2026-08-22T18:49:31Z,2026-08-22T20:49:31+0200,32ee4a35-e929-46bf-8b2d-58a671b58f50,2026-07-23T18:15:00Z,2026-07-23T20:15:00+0200,183.77,EUR/MWh,DK2,DK_2,day_ahead_price,value,2026-08-22T18:55:39Z
2026-08-22T18:49:31Z,2026-08-22T20:49:31+0200,32ee4a35-e929-46bf-8b2d-58a671b58f50,2026-07-23T18:30:00Z,2026-07-23T20:30:00+0200,184.44,EUR/MWh,DK2,DK_2,day_ahead_price,value,2026-08-22T18:55:39Z
2026-08-22T18:49:31Z,2026-08-22T20:49:31+0200,32ee4a35-e929-46bf-8b2d-58a671b58f50,2026-07-23T18:45:00Z,2026-07-23T20:45:00+0200,197.51,EUR/MWh,DK2,DK_2,day_ahead_price,value,2026-08-22T18:55:39Z
2026-08-22T18:49:31Z,2026-08-22T20:49:31+0200,32ee4a35-e929-46bf-8b2d-58a671b58f50,2026-07-23T19:00:00Z,2026-07-23T21:00:00+0200,192.839996,EUR/MWh,DK2,DK_2,day_ahead_price,value,2026-08-22T18:55:39Z
2026-08-22T18:49:31Z,2026-08-22T20:49:31+0200,32ee4a35-e929-46bf-8b2d-58a671b58f50,2026-07-23T19:15:00Z,2026-07-23T21:15:00+0200,191.8,EUR/MWh,DK2,DK_2,day_ahead_price,value,2026-08-22T18:55:39Z
2026-08-22T18:49:31Z,2026-08-22T20:49:31+0200,32ee4a35-e929-46bf-8b2d-58a671b58f50,2026-07-23T19:30:00Z,2026-07-23T21:30:00+0200,189.71,EUR/MWh,DK2,DK_2,day_ahead_price,value,2026-08-22T18:55:39Z
2026-08-22T18:49:31Z,2026-08-22T20:49:31+0200,32ee4a35-e929-46bf-8b2d-58a671b58f50,2026-07-23T19:45:00Z,2026-07-23T21:45:00+0200,185.68,EUR/MWh,DK2,DK_2,day_ahead_price,value,2026-08-22T18:55:39Z
2026-08-22T18:49:31Z,2026-08-22T20:49:31+0200,32ee4a35-e929-46bf-8b2d-58a671b58f50,2026-07-23T20:00:00Z,2026-07-23T22:00:00+0200,195.93,EUR/MWh,DK2,DK_2,day_ahead_price,value,2026-08-22T18:55:39Z
2026-08-22T18:49:31Z,2026-08-22T20:49:31+0200,32ee4a35-e929-46bf-8b2d-58a671b58f50,2026-07-23T20:15:00Z,2026-07-23T22:15:00+0200,188.97,EUR/MWh,DK2,DK_2,day_ahead_price,value,2026-08-22T18:55:39Z
2026-08-22T18:49:31Z,2026-08-22T20:49:31+0200,32ee4a35-e929-46bf-8b2d-58a671b58f50,2026-07-23T20:30:00Z,2026-07-23T22:30:00+0200,184.3,EUR/MWh,DK2,DK_2,day_ahead_price,value,2026-08-22T18:55:39Z
2026-08-22T18:49:31Z,2026-08-22T20:49:31+0200,32ee4a35-e929-46bf-8b2d-58a671b58f50,2026-07-23T20:45:00Z,2026-07-23T22:45:00+0200,177.009995,EUR/MWh,DK2,DK_2,day_ahead_price,value,2026-08-22T18:55:39Z
2026-08-22T18:49:31Z,2026-08-22T20:49:31+0200,32ee4a35-e929-46bf-8b2d-58a671b58f50,2026-07-23T21:00:00Z,2026-07-23T23:00:00+0200,181.690002,EUR/MWh,DK2,DK_2,day_ahead_price,value,2026-08-22T18:55:39Z
2026-08-22T18:49:31Z,2026-08-22T20:49:31+0200,32ee4a35-e929-46bf-8b2d-58a671b58f50,2026-07-23T21:15:00Z,2026-07-23T23:15:00+0200,170.669998,EUR/MWh,DK2,DK_2,day_ahead_price,value,2026-08-22T18:55:39Z
2026-08-22T18:49:31Z,2026-08-22T20:49:31+0200,32ee4a35-e929-46bf-8b2d-58a671b58f50,2026-07-23T21:30:00Z,2026-07-23T23:30:00+0200,166.949997,EUR/MWh,DK2,DK_2,day_ahead_price,value,2026-08-22T18:55:39Z
2026-08-22T18:49:31Z,2026-08-22T20:49:31+0200,32ee4a35-e929-46bf-8b2d-58a671b58f50,2026-07-23T21:45:00Z,2026-07-23T23:45:00+0200,162.399994,EUR/MWh,DK2,DK_2,day_ahead_price,value,2026-08-22T18:55:39Z
2026-08-22T18:49:31Z,2026-08-22T20:49:31+0200,32ee4a35-e929-46bf-8b2d-58a671b58f50,2026-07-23T22:00:00Z,2026-07-24T00:00:00+0200,168.23,EUR/MWh,DK2,DK_2,day_ahead_price,value,2026-08-22T18:55:39Z
2026-08-22T18:49:31Z,2026-08-22T20:49:31+0200,32ee4a35-e929-46bf-8b2d-58a671b58f50,2026-07-23T22:15:00Z,2026-07-24T00:15:00+0200,163.65,EUR/MWh,DK2,DK_2,day_ahead_price,value,2026-08-22T18:55:39Z
2026-08-22T18:49:31Z,2026-08-22T20:49:31+0200,32ee4a35-e929-46bf-8b2d-58a671b58f50,2026-07-23T22:30:00Z,2026-07-24T00:30:00+0200,160.59,EUR/MWh,DK2,DK_2,day_ahead_price,value,2026-08-22T18:55:39Z
2026-08-22T18:49:31Z,2026-08-22T20:49:31+0200,32ee4a35-e929-46bf-8b2d-58a671b58f50,2026-07-23T22:45:00Z,2026-07-24T00:45:00+0200,151.56,EUR/MWh,DK2,DK_2,day_ahead_price,value,2026-08-22T18:55:39Z
2026-08-22T18:49:31Z,2026-08-22T20:49:31+0200,32ee4a35-e929-46bf-8b2d-58a671b58f50,2026-07-23T23:00:00Z,2026-07-24T01:00:00+0200,162.68,EUR/MWh,DK2,DK_2,day_ahead_price,value,2026-08-22T18:55:39Z
2026-08-22T18:49:31Z,2026-08-22T20:49:31+0200,32ee4a35-e929-46bf-8b2d-58a671b58f50,2026-07-23T23:15:00Z,2026-07-24T01:15:00+0200,158.02,EUR/MWh,DK2,DK_2,day_ahead_price,value,2026-08-22T18:55:39Z
2026-08-22T18:49:31Z,2026-08-22T20:49:31+0200,32ee4a35-e929-46bf-8b2d-58a671b58f50,2026-07-23T23:30:00Z,2026-07-24T01:30:00+0200,155.9,EUR/MWh,DK2,DK_2,day_ahead_price,value,2026-08-22T18:55:39Z
2026-08-22T18:49:31Z,2026-08-22T20:49:31+0200,32ee4a35-e929-46bf-8b2d-58a671b58f50,2026-07-23T23:45:00Z,2026-07-24T01:45:00+0200,151.95,EUR/MWh,DK2,DK_2,day_ahead_price,value,2026-08-22T18:55:39Z
2026-08-22T18:49:31Z,2026-08-22T20:49:31+0200,32ee4a35-e929-46bf-8b2d-58a671b58f50,2026-07-24T00:00:00Z,2026-07-24T02:00:00+0200,155.27,EUR/MWh,DK2,DK_2,day_ahead_price,value,2026-08-22T18:55:39Z
2026-08-22T18:49:31Z,2026-08-22T20:49:31+0200,32ee4a35-e929-46bf-8b2d-58a671b58f50,2026-07-24T00:15:00Z,2026-07-24T02:15:00+0200,151.7,EUR/MWh,DK2,DK_2,day_ahead_price,value,2026-08-22T18:55:39Z
2026-08-22T18:49:31Z,2026-08-22T20:49:31+0200,32ee4a35-e929-46bf-8b2d-58a671b58f50,2026-07-24T00:30:00Z,2026-07-24T02:30:00+0200,150.4,EUR/MWh,DK2,DK_2,day_ahead_price,value,2026-08-22T18:55:39Z
2026-08-22T18:49:31Z,2026-08-22T20:49:31+0200,32ee4a35-e929-46bf-8b2d-58a671b58f50,2026-07-24T00:45:00Z,2026-07-24T02:45:00+0200,149.16,EUR/MWh,DK2,DK_2,day_ahead_price,value,2026-08-22T18:55:39Z
2026-08-22T18:49:31Z,2026-08-22T20:49:31+0200,32ee4a35-e929-46bf-8b2d-58a671b58f50,2026-07-24T01:00:00Z,2026-07-24T03:00:00+0200,153.55,EUR/MWh,DK2,DK_2,day_ahead_price,value,2026-08-22T18:55:39Z
2026-08-22T18:49:31Z,2026-08-22T20:49:31+0200,32ee4a35-e929-46bf-8b2d-58a671b58f50,2026-07-24T01:15:00Z,2026-07-24T03:15:00+0200,144.67,EUR/MWh,DK2,DK_2,day_ahead_price,value,2026-08-22T18:55:39Z
2026-08-22T18:49:31Z,2026-08-22T20:49:31+0200,32ee4a35-e929-46bf-8b2d-58a671b58f50,2026-07-24T01:30:00Z,2026-07-24T03:30:00+0200,143.96,EUR/MWh,DK2,DK_2,day_ahead_price,value,2026-08-22T18:55:39Z
2026-08-22T18:49:31Z,2026-08-22T20:49:31+0200,32ee4a35-e929-46bf-8b2d-58a671b58f50,2026-07-24T01:45:00Z,2026-07-24T03:45:00+0200,143.61,EUR/MWh,DK2,DK_2,day_ahead_price,value,2026-08-22T18:55:39Z
2026-08-22T18:49:31Z,2026-08-22T20:49:31+0200,32ee4a35-e929-46bf-8b2d-58a671b58f50,2026-07-24T02:00:00Z,2026-07-24T04:00:00+0200,144.68,EUR/MWh,DK2,DK_2,day_ahead_price,value,2026-08-22T18:55:39Z
2026-08-22T18:49:31Z,2026-08-22T20:49:31+0200,32ee4a35-e929-46bf-8b2d-58a671b58f50,2026-07-24T02:15:00Z,2026-07-24T04:15:00+0200,144.29,EUR/MWh,DK2,DK_2,day_ahead_price,value,2026-08-22T18:55:39Z
2026-08-22T18:49:31Z,2026-08-22T20:49:31+0200,32ee4a35-e929-46bf-8b2d-58a671b58f50,2026-07-24T02:30:00Z,2026-07-24T04:30:00+0200,144.82,EUR/MWh,DK2,DK_2,day_ahead_price,value,2026-08-22T18:55:39Z
2026-08-22T18:49:31Z,2026-08-22T20:49:31+0200,32ee4a35-e929-46bf-8b2d-58a671b58f50,2026-07-24T02:45:00Z,2026-07-24T04:45:00+0200,153.62,EUR/MWh,DK2,DK_2,day_ahead_price,value,2026-08-22T18:55:39Z
2026-08-22T18:49:31Z,2026-08-22T20:49:31+0200,32ee4a35-e929-46bf-8b2d-58a671b58f50,2026-07-24T03:00:00Z,2026-07-24T05:00:00+0200,152.42,EUR/MWh,DK2,DK_2,day_ahead_price,value,2026-08-22T18:55:39Z
2026-08-22T18:49:31Z,2026-08-22T20:49:31+0200,32ee4a35-e929-46bf-8b2d-58a671b58f50,2026-07-24T03:15:00Z,2026-07-24T05:15:00+0200,157.92,EUR/MWh,DK2,DK_2,day_ahead_price,value,2026-08-22T18:55:39Z
2026-08-22T18:49:31Z,2026-08-22T20:49:31+0200,32ee4a35-e929-46bf-8b2d-58a671b58f50,2026-07-24T03:30:00Z,2026-07-24T05:30:00+0200,150.92,EUR/MWh,DK2,DK_2,day_ahead_price,value,2026-08-22T18:55:39Z
2026-08-22T18:49:31Z,2026-08-22T20:49:31+0200,32ee4a35-e929-46bf-8b2d-58a671b58f50,2026-07-24T03:45:00Z,2026-07-24T05:45:00+0200,152.69,EUR/MWh,DK2,DK_2,day_ahead_price,value,2026-08-22T18:55:39Z
2026-08-22T18:49:31Z,2026-08-22T20:49:31+0200,32ee4a35-e929-46bf-8b2d-58a671b58f50,2026-07-24T04:00:00Z,2026-07-24T06:00:00+0200,160.21,EUR/MWh,DK2,DK_2,day_ahead_price,value,2026-08-22T18:55:39Z
2026-08-22T18:49:31Z,2026-08-22T20:49:31+0200,32ee4a35-e929-46bf-8b2d-58a671b58f50,2026-07-24T04:15:00Z,2026-07-24T06:15:00+0200,159.35,EUR/MWh,DK2,DK_2,day_ahead_price,value,2026-08-22T18:55:39Z
2026-08-22T18:49:31Z,2026-08-22T20:49:31+0200,32ee4a35-e929-46bf-8b2d-58a671b58f50,2026-07-24T04:30:00Z,2026-07-24T06:30:00+0200,168.11,EUR/MWh,DK2,DK_2,day_ahead_price,value,2026-08-22T18:55:39Z
2026-08-22T18:49:31Z,2026-08-22T20:49:31+0200,32ee4a35-e929-46bf-8b2d-58a671b58f50,2026-07-24T04:45:00Z,2026-07-24T06:45:00+0200,162.58,EUR/MWh,DK2,DK_2,day_ahead_price,value,2026-08-22T18:55:39Z
2026-08-22T18:49:31Z,2026-08-22T20:49:31+0200,32ee4a35-e929-46bf-8b2d-58a671b58f50,2026-07-24T05:00:00Z,2026-07-24T07:00:00+0200,175.56,EUR/MWh,DK2,DK_2,day_ahead_price,value,2026-08-22T18:55:39Z
2026-08-22T18:49:31Z,2026-08-22T20:49:31+0200,32ee4a35-e929-46bf-8b2d-58a671b58f50,2026-07-24T05:15:00Z,2026-07-24T07:15:00+0200,170.3,EUR/MWh,DK2,DK_2,day_ahead_price,value,2026-08-22T18:55:39Z
2026-08-22T18:49:31Z,2026-08-22T20:49:31+0200,32ee4a35-e929-46bf-8b2d-58a671b58f50,2026-07-24T05:30:00Z,2026-07-24T07:30:00+0200,163.06,EUR/MWh,DK2,DK_2,day_ahead_price,value,2026-08-22T18:55:39Z
2026-08-22T18:49:31Z,2026-08-22T20:49:31+0200,32ee4a35-e929-46bf-8b2d-58a671b58f50,2026-07-24T05:45:00Z,2026-07-24T07:45:00+0200,152.0,EUR/MWh,DK2,DK_2,day_ahead_price,value,2026-08-22T18:55:39Z
2026-08-22T18:49:31Z,2026-08-22T20:49:31+0200,32ee4a35-e929-46bf-8b2d-58a671b58f50,2026-07-24T06:00:00Z,2026-07-24T08:00:00+0200,174.02,EUR/MWh,DK2,DK_2,day_ahead_price,value,2026-08-22T18:55:39Z
2026-08-22T18:49:31Z,2026-08-22T20:49:31+0200,32ee4a35-e929-46bf-8b2d-58a671b58f50,2026-07-24T06:15:00Z,2026-07-24T08:15:00+0200,166.77,EUR/MWh,DK2,DK_2,day_ahead_price,value,2026-08-22T18:55:39Z
2026-08-22T18:49:31Z,2026-08-22T20:49:31+0200,32ee4a35-e929-46bf-8b2d-58a671b58f50,2026-07-24T06:30:00Z,2026-07-24T08:30:00+0200,159.5,EUR/MWh,DK2,DK_2,day_ahead_price,value,2026-08-22T18:55:39Z
2026-08-22T18:49:31Z,2026-08-22T20:49:31+0200,32ee4a35-e929-46bf-8b2d-58a671b58f50,2026-07-24T06:45:00Z,2026-07-24T08:45:00+0200,139.93,EUR/MWh,DK2,DK_2,day_ahead_price,value,2026-08-22T18:55:39Z
2026-08-22T18:49:31Z,2026-08-22T20:49:31+0200,32ee4a35-e929-46bf-8b2d-58a671b58f50,2026-07-24T07:00:00Z,2026-07-24T09:00:00+0200,168.81,EUR/MWh,DK2,DK_2,day_ahead_price,value,2026-08-22T18:55:39Z
2026-08-22T18:49:31Z,2026-08-22T20:49:31+0200,32ee4a35-e929-46bf-8b2d-58a671b58f50,2026-07-24T07:15:00Z,2026-07-24T09:15:00+0200,130.47,EUR/MWh,DK2,DK_2,day_ahead_price,value,2026-08-22T18:55:39Z
2026-08-22T18:49:31Z,2026-08-22T20:49:31+0200,32ee4a35-e929-46bf-8b2d-58a671b58f50,2026-07-24T07:30:00Z,2026-07-24T09:30:00+0200,117.42,EUR/MWh,DK2,DK_2,day_ahead_price,value,2026-08-22T18:55:39Z
2026-08-22T18:49:31Z,2026-08-22T20:49:31+0200,32ee4a35-e929-46bf-8b2d-58a671b58f50,2026-07-24T07:45:00Z,2026-07-24T09:45:00+0200,111.23,EUR/MWh,DK2,DK_2,day_ahead_price,value,2026-08-22T18:55:39Z
2026-08-22T18:49:31Z,2026-08-22T20:49:31+0200,32ee4a35-e929-46bf-8b2d-58a671b58f50,2026-07-24T08:00:00Z,2026-07-24T10:00:00+0200,117.35,EUR/MWh,DK2,DK_2,day_ahead_price,value,2026-08-22T18:55:39Z
2026-08-22T18:49:31Z,2026-08-22T20:49:31+0200,32ee4a35-e929-46bf-8b2d-58a671b58f50,2026-07-24T08:15:00Z,2026-07-24T10:15:00+0200,107.14,EUR/MWh,DK2,DK_2,day_ahead_price,value,2026-08-22T18:55:39Z
2026-08-22T18:49:31Z,2026-08-22T20:49:31+0200,32ee4a35-e929-46bf-8b2d-58a671b58f50,2026-07-24T08:30:00Z,2026-07-24T10:30:00+0200,99.57,EUR/MWh,DK2,DK_2,day_ahead_price,value,2026-08-22T18:55:39Z
2026-08-22T18:49:31Z,2026-08-22T20:49:31+0200,32ee4a35-e929-46bf-8b2d-58a671b58f50,2026-07-24T08:45:00Z,2026-07-24T10:45:00+0200,90.27,EUR/MWh,DK2,DK_2,day_ahead_price,value,2026-08-22T18:55:39Z
2026-08-22T18:49:31Z,2026-08-22T20:49:31+0200,32ee4a35-e929-46bf-8b2d-58a671b58f50,2026-07-24T09:00:00Z,2026-07-24T11:00:00+0200,88.84,EUR/MWh,DK2,DK_2,day_ahead_price,value,2026-08-22T18:55:39Z
2026-08-22T18:49:31Z,2026-08-22T20:49:31+0200,32ee4a35-e929-46bf-8b2d-58a671b58f50,2026-07-24T09:15:00Z,2026-07-24T11:15:00+0200,80.14,EUR/MWh,DK2,DK_2,day_ahead_price,value,2026-08-22T18:55:39Z
2026-08-22T18:49:31Z,2026-08-22T20:49:31+0200,32ee4a35-e929-46bf-8b2d-58a671b58f50,2026-07-24T09:30:00Z,2026-07-24T11:30:00+0200,75.71,EUR/MWh,DK2,DK_2,day_ahead_price,value,2026-08-22T18:55:39Z
2026-08-22T18:49:31Z,2026-08-22T20:49:31+0200,32ee4a35-e929-46bf-8b2d-58a671b58f50,2026-07-24T09:45:00Z,2026-07-24T11:45:00+0200,64.76,EUR/MWh,DK2,DK_2,day_ahead_price,value,2026-08-22T18:55:39Z
2026-08-22T18:49:31Z,2026-08-22T20:49:31+0200,32ee4a35-e929-46bf-8b2d-58a671b58f50,2026-07-24T10:00:00Z,2026-07-24T12:00:00+0200,66.02,EUR/MWh,DK2,DK_2,day_ahead_price,value,2026-08-22T18:55:39Z
2026-08-22T18:49:31Z,2026-08-22T20:49:31+0200,32ee4a35-e929-46bf-8b2d-58a671b58f50,2026-07-24T10:15:00Z,2026-07-24T12:15:00+0200,54.41,EUR/MWh,DK2,DK_2,day_ahead_price,value,2026-08-22T18:55:39Z
2026-08-22T18:49:31Z,2026-08-22T20:49:31+0200,32ee4a35-e929-46bf-8b2d-58a671b58f50,2026-07-24T10:30:00Z,2026-07-24T12:30:00+0200,40.35,EUR/MWh,DK2,DK_2,day_ahead_price,value,2026-08-22T18:55:39Z
2026-08-22T18:49:31Z,2026-08-22T20:49:31+0200,32ee4a35-e929-46bf-8b2d-58a671b58f50,2026-07-24T10:45:00Z,2026-07-24T12:45:00+0200,26.72,EUR/MWh,DK2,DK_2,day_ahead_price,value,2026-08-22T18:55:39Z
2026-08-22T18:49:31Z,2026-08-22T20:49:31+0200,32ee4a35-e929-46bf-8b2d-58a671b58f50,2026-07-24T11:00:00Z,2026-07-24T13:00:00+0200,38.82,EUR/MWh,DK2,DK_2,day_ahead_price,value,2026-08-22T18:55:39Z
2026-08-22T18:49:31Z,2026-08-22T20:49:31+0200,32ee4a35-e929-46bf-8b2d-58a671b58f50,2026-07-24T11:15:00Z,2026-07-24T13:15:00+0200,24.63,EUR/MWh,DK2,DK_2,day_ahead_price,value,2026-08-22T18:55:39Z
2026-08-22T18:49:31Z,2026-08-22T20:49:31+0200,32ee4a35-e929-46bf-8b2d-58a671b58f50,2026-07-24T11:30:00Z,2026-07-24T13:30:00+0200,18.91,EUR/MWh,DK2,DK_2,day_ahead_price,value,2026-08-22T18:55:39Z
2026-08-22T18:49:31Z,2026-08-22T20:49:31+0200,32ee4a35-e929-46bf-8b2d-58a671b58f50,2026-07-24T11:45:00Z,2026-07-24T13:45:00+0200,9.29,EUR/MWh,DK2,DK_2,day_ahead_price,value,2026-08-22T18:55:39Z
2026-08-22T18:49:31Z,2026-08-22T20:49:31+0200,32ee4a35-e929-46bf-8b2d-58a671b58f50,2026-07-24T12:00:00Z,2026-07-24T14:00:00+0200,6.79,EUR/MWh,DK2,DK_2,day_ahead_price,value,2026-08-22T18:55:39Z
2026-08-22T18:49:31Z,2026-08-22T20:49:31+0200,32ee4a35-e929-46bf-8b2d-58a671b58f50,2026-07-24T12:15:00Z,2026-07-24T14:15:00+0200,6.62,EUR/MWh,DK2,DK_2,day_ahead_price,value,2026-08-22T18:55:39Z
2026-08-22T18:49:31Z,2026-08-22T20:49:31+0200,32ee4a35-e929-46bf-8b2d-58a671b58f50,2026-07-24T12:30:00Z,2026-07-24T14:30:00+0200,7.4,EUR/MWh,DK2,DK_2,day_ahead_price,value,2026-08-22T18:55:39Z
2026-08-22T18:49:31Z,2026-08-22T20:49:31+0200,32ee4a35-e929-46bf-8b2d-58a671b58f50,2026-07-24T12:45:00Z,2026-07-24T14:45:00+0200,10.65,EUR/MWh,DK2,DK_2,day_ahead_price,value,2026-08-22T18:55:39Z
2026-08-22T18:49:31Z,2026-08-22T20:49:31+0200,32ee4a35-e929-46bf-8b2d-58a671b58f50,2026-07-24T13:00:00Z,2026-07-24T15:00:00+0200,5.55,EUR/MWh,DK2,DK_2,day_ahead_price,value,2026-08-22T18:55:39Z
2026-08-22T18:49:31Z,2026-08-22T20:49:31+0200,32ee4a35-e929-46bf-8b2d-58a671b58f50,2026-07-24T13:15:00Z,2026-07-24T15:15:00+0200,7.35,EUR/MWh,DK2,DK_2,day_ahead_price,value,2026-08-22T18:55:39Z
2026-08-22T18:49:31Z,2026-08-22T20:49:31+0200,32ee4a35-e929-46bf-8b2d-58a671b58f50,2026-07-24T13:30:00Z,2026-07-24T15:30:00+0200,20.89,EUR/MWh,DK2,DK_2,day_ahead_price,value,2026-08-22T18:55:39Z
2026-08-22T18:49:31Z,2026-08-22T20:49:31+0200,32ee4a35-e929-46bf-8b2d-58a671b58f50,2026-07-24T13:45:00Z,2026-07-24T15:45:00+0200,37.8,EUR/MWh,DK2,DK_2,day_ahead_price,value,2026-08-22T18:55:39Z
2026-08-22T18:49:31Z,2026-08-22T20:49:31+0200,32ee4a35-e929-46bf-8b2d-58a671b58f50,2026-07-24T14:00:00Z,2026-07-24T16:00:00+0200,33.33,EUR/MWh,DK2,DK_2,day_ahead_price,value,2026-08-22T18:55:39Z
2026-08-22T18:49:31Z,2026-08-22T20:49:31+0200,32ee4a35-e929-46bf-8b2d-58a671b58f50,2026-07-24T14:15:00Z,2026-07-24T16:15:00+0200,61.39,EUR/MWh,DK2,DK_2,day_ahead_price,value,2026-08-22T18:55:39Z
2026-08-22T18:49:31Z,2026-08-22T20:49:31+0200,32ee4a35-e929-46bf-8b2d-58a671b58f50,2026-07-24T14:30:00Z,2026-07-24T16:30:00+0200,81.9,EUR/MWh,DK2,DK_2,day_ahead_price,value,2026-08-22T18:55:39Z
2026-08-22T18:49:31Z,2026-08-22T20:49:31+0200,32ee4a35-e929-46bf-8b2d-58a671b58f50,2026-07-24T14:45:00Z,2026-07-24T16:45:00+0200,102.13,EUR/MWh,DK2,DK_2,day_ahead_price,value,2026-08-22T18:55:39Z
2026-08-22T18:49:31Z,2026-08-22T20:49:31+0200,32ee4a35-e929-46bf-8b2d-58a671b58f50,2026-07-24T15:00:00Z,2026-07-24T17:00:00+0200,76.7,EUR/MWh,DK2,DK_2,day_ahead_price,value,2026-08-22T18:55:39Z
2026-08-22T18:49:31Z,2026-08-22T20:49:31+0200,32ee4a35-e929-46bf-8b2d-58a671b58f50,2026-07-24T15:15:00Z,2026-07-24T17:15:00+0200,111.49,EUR/MWh,DK2,DK_2,day_ahead_price,value,2026-08-22T18:55:39Z
2026-08-22T18:49:31Z,2026-08-22T20:49:31+0200,32ee4a35-e929-46bf-8b2d-58a671b58f50,2026-07-24T15:30:00Z,2026-07-24T17:30:00+0200,126.22,EUR/MWh,DK2,DK_2,day_ahead_price,value,2026-08-22T18:55:39Z
2026-08-22T18:49:31Z,2026-08-22T20:49:31+0200,32ee4a35-e929-46bf-8b2d-58a671b58f50,2026-07-24T15:45:00Z,2026-07-24T17:45:00+0200,140.15,EUR/MWh,DK2,DK_2,day_ahead_price,value,2026-08-22T18:55:39Z
2026-08-22T18:49:31Z,2026-08-22T20:49:31+0200,32ee4a35-e929-46bf-8b2d-58a671b58f50,2026-07-24T16:00:00Z,2026-07-24T18:00:00+0200,127.04,EUR/MWh,DK2,DK_2,day_ahead_price,value,2026-08-22T18:55:39Z
2026-08-22T18:49:31Z,2026-08-22T20:49:31+0200,32ee4a35-e929-46bf-8b2d-58a671b58f50,2026-07-24T16:15:00Z,2026-07-24T18:15:00+0200,147.38,EUR/MWh,DK2,DK_2,day_ahead_price,value,2026-08-22T18:55:39Z
2026-08-22T18:49:31Z,2026-08-22T20:49:31+0200,32ee4a35-e929-46bf-8b2d-58a671b58f50,2026-07-24T16:30:00Z,2026-07-24T18:30:00+0200,161.05,EUR/MWh,DK2,DK_2,day_ahead_price,value,2026-08-22T18:55:39Z
2026-08-22T18:49:31Z,2026-08-22T20:49:31+0200,32ee4a35-e929-46bf-8b2d-58a671b58f50,2026-07-24T16:45:00Z,2026-07-24T18:45:00+0200,174.15,EUR/MWh,DK2,DK_2,day_ahead_price,value,2026-08-22T18:55:39Z
2026-08-22T18:49:31Z,2026-08-22T20:49:31+0200,32ee4a35-e929-46bf-8b2d-58a671b58f50,2026-07-24T17:00:00Z,2026-07-24T19:00:00+0200,148.77,EUR/MWh,DK2,DK_2,day_ahead_price,value,2026-08-22T18:55:39Z
2026-08-22T18:49:31Z,2026-08-22T20:49:31+0200,32ee4a35-e929-46bf-8b2d-58a671b58f50,2026-07-24T17:15:00Z,2026-07-24T19:15:00+0200,175.92,EUR/MWh,DK2,DK_2,day_ahead_price,value,2026-08-22T18:55:39Z
2026-08-22T18:49:31Z,2026-08-22T20:49:31+0200,32ee4a35-e929-46bf-8b2d-58a671b58f50,2026-07-24T17:30:00Z,2026-07-24T19:30:00+0200,190.23,EUR/MWh,DK2,DK_2,day_ahead_price,value,2026-08-22T18:55:39Z
2026-08-22T18:49:31Z,2026-08-22T20:49:31+0200,32ee4a35-e929-46bf-8b2d-58a671b58f50,2026-07-24T17:45:00Z,2026-07-24T19:45:00+0200,204.95,EUR/MWh,DK2,DK_2,day_ahead_price,value,2026-08-22T18:55:39Z
2026-08-22T18:49:31Z,2026-08-22T20:49:31+0200,32ee4a35-e929-46bf-8b2d-58a671b58f50,2026-07-24T18:00:00Z,2026-07-24T20:00:00+0200,188.45,EUR/MWh,DK2,DK_2,day_ahead_price,value,2026-08-22T18:55:39Z
2026-08-22T18:49:31Z,2026-08-22T20:49:31+0200,32ee4a35-e929-46bf-8b2d-58a671b58f50,2026-07-24T18:15:00Z,2026-07-24T20:15:00+0200,194.44,EUR/MWh,DK2,DK_2,day_ahead_price,value,2026-08-22T18:55:39Z
2026-08-22T18:49:31Z,2026-08-22T20:49:31+0200,32ee4a35-e929-46bf-8b2d-58a671b58f50,2026-07-24T18:30:00Z,2026-07-24T20:30:00+0200,206.82,EUR/MWh,DK2,DK_2,day_ahead_price,value,2026-08-22T18:55:39Z
2026-08-22T18:49:31Z,2026-08-22T20:49:31+0200,32ee4a35-e929-46bf-8b2d-58a671b58f50,2026-07-24T18:45:00Z,2026-07-24T20:45:00+0200,212.96,EUR/MWh,DK2,DK_2,day_ahead_price,value,2026-08-22T18:55:39Z
2026-08-22T18:49:31Z,2026-08-22T20:49:31+0200,32ee4a35-e929-46bf-8b2d-58a671b58f50,2026-07-24T19:00:00Z,2026-07-24T21:00:00+0200,210.14,EUR/MWh,DK2,DK_2,day_ahead_price,value,2026-08-22T18:55:39Z
2026-08-22T18:49:31Z,2026-08-22T20:49:31+0200,32ee4a35-e929-46bf-8b2d-58a671b58f50,2026-07-24T19:15:00Z,2026-07-24T21:15:00+0200,207.5,EUR/MWh,DK2,DK_2,day_ahead_price,value,2026-08-22T18:55:39Z
2026-08-22T18:49:31Z,2026-08-22T20:49:31+0200,32ee4a35-e929-46bf-8b2d-58a671b58f50,2026-07-24T19:30:00Z,2026-07-24T21:30:00+0200,201.68,EUR/MWh,DK2,DK_2,day_ahead_price,value,2026-08-22T18:55:39Z
2026-08-22T18:49:31Z,2026-08-22T20:49:31+0200,32ee4a35-e929-46bf-8b2d-58a671b58f50,2026-07-24T19:45:00Z,2026-07-24T21:45:00+0200,195.6,EUR/MWh,DK2,DK_2,day_ahead_price,value,2026-08-22T18:55:39Z
2026-08-22T18:49:31Z,2026-08-22T20:49:31+0200,32ee4a35-e929-46bf-8b2d-58a671b58f50,2026-07-24T20:00:00Z,2026-07-24T22:00:00+0200,208.01,EUR/MWh,DK2,DK_2,day_ahead_price,value,2026-08-22T18:55:39Z
2026-08-22T18:49:31Z,2026-08-22T20:49:31+0200,32ee4a35-e929-46bf-8b2d-58a671b58f50,2026-07-24T20:15:00Z,2026-07-24T22:15:00+0200,197.78,EUR/MWh,DK2,DK_2,day_ahead_price,value,2026-08-22T18:55:39Z
2026-08-22T18:49:31Z,2026-08-22T20:49:31+0200,32ee4a35-e929-46bf-8b2d-58a671b58f50,2026-07-24T20:30:00Z,2026-07-24T22:30:00+0200,188.64,EUR/MWh,DK2,DK_2,day_ahead_price,value,2026-08-22T18:55:39Z
2026-08-22T18:49:31Z,2026-08-22T20:49:31+0200,32ee4a35-e929-46bf-8b2d-58a671b58f50,2026-07-24T20:45:00Z,2026-07-24T22:45:00+0200,184.5,EUR/MWh,DK2,DK_2,day_ahead_price,value,2026-08-22T18:55:39Z
2026-08-22T18:49:31Z,2026-08-22T20:49:31+0200,32ee4a35-e929-46bf-8b2d-58a671b58f50,2026-07-24T21:00:00Z,2026-07-24T23:00:00+0200,185.48,EUR/MWh,DK2,DK_2,day_ahead_price,value,2026-08-22T18:55:39Z
2026-08-22T18:49:31Z,2026-08-22T20:49:31+0200,32ee4a35-e929-46bf-8b2d-58a671b58f50,2026-07-24T21:15:00Z,2026-07-24T23:15:00+0200,183.0,EUR/MWh,DK2,DK_2,day_ahead_price,value,2026-08-22T18:55:39Z
2026-08-22T18:49:31Z,2026-08-22T20:49:31+0200,32ee4a35-e929-46bf-8b2d-58a671b58f50,2026-07-24T21:30:00Z,2026-07-24T23:30:00+0200,181.31,EUR/MWh,DK2,DK_2,day_ahead_price,value,2026-08-22T18:55:39Z
2026-08-22T18:49:31Z,2026-08-22T20:49:31+0200,32ee4a35-e929-46bf-8b2d-58a671b58f50,2026-07-24T21:45:00Z,2026-07-24T23:45:00+0200,170.67,EUR/MWh,DK2,DK_2,day_ahead_price,value,2026-08-22T18:55:39Z
2026-08-22T18:49:31Z,2026-08-22T20:49:31+0200,32ee4a35-e929-46bf-8b2d-58a671b58f50,2026-07-24T22:00:00Z,2026-07-25T00:00:00+0200,175.92,EUR/MWh,DK2,DK_2,day_ahead_price,value,2026-08-22T18:55:39Z
2026-08-22T18:49:31Z,2026-08-22T20:49:31+0200,32ee4a35-e929-46bf-8b2d-58a671b58f50,2026-07-24T22:15:00Z,2026-07-25T00:15:00+0200,168.630005,EUR/MWh,DK2,DK_2,day_ahead_price,value,2026-08-22T18:55:39Z
2026-08-22T18:49:31Z,2026-08-22T20:49:31+0200,32ee4a35-e929-46bf-8b2d-58a671b58f50,2026-07-24T22:30:00Z,2026-07-25T00:30:00+0200,165.8,EUR/MWh,DK2,DK_2,day_ahead_price,value,2026-08-22T18:55:39Z
2026-08-22T18:49:31Z,2026-08-22T20:49:31+0200,32ee4a35-e929-46bf-8b2d-58a671b58f50,2026-07-24T22:45:00Z,2026-07-25T00:45:00+0200,157.49,EUR/MWh,DK2,DK_2,day_ahead_price,value,2026-08-22T18:55:39Z
2026-08-22T18:49:31Z,2026-08-22T20:49:31+0200,32ee4a35-e929-46bf-8b2d-58a671b58f50,2026-07-24T23:00:00Z,2026-07-25T01:00:00+0200,170.01,EUR/MWh,DK2,DK_2,day_ahead_price,value,2026-08-22T18:55:39Z
2026-08-22T18:49:31Z,2026-08-22T20:49:31+0200,32ee4a35-e929-46bf-8b2d-58a671b58f50,2026-07-24T23:15:00Z,2026-07-25T01:15:00+0200,156.580002,EUR/MWh,DK2,DK_2,day_ahead_price,value,2026-08-22T18:55:39Z
2026-08-22T18:49:31Z,2026-08-22T20:49:31+0200,32ee4a35-e929-46bf-8b2d-58a671b58f50,2026-07-24T23:30:00Z,2026-07-25T01:30:00+0200,160.37,EUR/MWh,DK2,DK_2,day_ahead_price,value,2026-08-22T18:55:39Z
2026-08-22T18:49:31Z,2026-08-22T20:49:31+0200,32ee4a35-e929-46bf-8b2d-58a671b58f50,2026-07-24T23:45:00Z,2026-07-25T01:45:00+0200,156.98,EUR/MWh,DK2,DK_2,day_ahead_price,value,2026-08-22T18:55:39Z
2026-08-22T18:49:31Z,2026-08-22T20:49:31+0200,32ee4a35-e929-46bf-8b2d-58a671b58f50,2026-07-25T00:00:00Z,2026-07-25T02:00:00+0200,162.0,EUR/MWh,DK2,DK_2,day_ahead_price,value,2026-08-22T18:55:39Z
2026-08-22T18:49:31Z,2026-08-22T20:49:31+0200,32ee4a35-e929-46bf-8b2d-58a671b58f50,2026-07-25T00:15:00Z,2026-07-25T02:15:00+0200,158.619995,EUR/MWh,DK2,DK_2,day_ahead_price,value,2026-08-22T18:55:39Z
2026-08-22T18:49:31Z,2026-08-22T20:49:31+0200,32ee4a35-e929-46bf-8b2d-58a671b58f50,2026-07-25T00:30:00Z,2026-07-25T02:30:00+0200,161.889999,EUR/MWh,DK2,DK_2,day_ahead_price,value,2026-08-22T18:55:39Z
2026-08-22T18:49:31Z,2026-08-22T20:49:31+0200,32ee4a35-e929-46bf-8b2d-58a671b58f50,2026-07-25T00:45:00Z,2026-07-25T02:45:00+0200,158.26,EUR/MWh,DK2,DK_2,day_ahead_price,value,2026-08-22T18:55:39Z
2026-08-22T18:49:31Z,2026-08-22T20:49:31+0200,32ee4a35-e929-46bf-8b2d-58a671b58f50,2026-07-25T01:00:00Z,2026-07-25T03:00:00+0200,161.37,EUR/MWh,DK2,DK_2,day_ahead_price,value,2026-08-22T18:55:39Z
2026-08-22T18:49:31Z,2026-08-22T20:49:31+0200,32ee4a35-e929-46bf-8b2d-58a671b58f50,2026-07-25T01:15:00Z,2026-07-25T03:15:00+0200,160.11,EUR/MWh,DK2,DK_2,day_ahead_price,value,2026-08-22T18:55:39Z
2026-08-22T18:49:31Z,2026-08-22T20:49:31+0200,32ee4a35-e929-46bf-8b2d-58a671b58f50,2026-07-25T01:30:00Z,2026-07-25T03:30:00+0200,159.57,EUR/MWh,DK2,DK_2,day_ahead_price,value,2026-08-22T18:55:39Z
2026-08-22T18:49:31Z,2026-08-22T20:49:31+0200,32ee4a35-e929-46bf-8b2d-58a671b58f50,2026-07-25T01:45:00Z,2026-07-25T03:45:00+0200,153.57,EUR/MWh,DK2,DK_2,day_ahead_price,value,2026-08-22T18:55:39Z
2026-08-22T18:49:31Z,2026-08-22T20:49:31+0200,32ee4a35-e929-46bf-8b2d-58a671b58f50,2026-07-25T02:00:00Z,2026-07-25T04:00:00+0200,154.88,EUR/MWh,DK2,DK_2,day_ahead_price,value,2026-08-22T18:55:39Z
2026-08-22T18:49:31Z,2026-08-22T20:49:31+0200,32ee4a35-e929-46bf-8b2d-58a671b58f50,2026-07-25T02:15:00Z,2026-07-25T04:15:00+0200,148.84,EUR/MWh,DK2,DK_2,day_ahead_price,value,2026-08-22T18:55:39Z
2026-08-22T18:49:31Z,2026-08-22T20:49:31+0200,32ee4a35-e929-46bf-8b2d-58a671b58f50,2026-07-25T02:30:00Z,2026-07-25T04:30:00+0200,141.93,EUR/MWh,DK2,DK_2,day_ahead_price,value,2026-08-22T18:55:39Z
2026-08-22T18:49:31Z,2026-08-22T20:49:31+0200,32ee4a35-e929-46bf-8b2d-58a671b58f50,2026-07-25T02:45:00Z,2026-07-25T04:45:00+0200,132.630005,EUR/MWh,DK2,DK_2,day_ahead_price,value,2026-08-22T18:55:39Z
2026-08-22T18:49:31Z,2026-08-22T20:49:31+0200,32ee4a35-e929-46bf-8b2d-58a671b58f50,2026-07-25T03:00:00Z,2026-07-25T05:00:00+0200,132.59,EUR/MWh,DK2,DK_2,day_ahead_price,value,2026-08-22T18:55:39Z
2026-08-22T18:49:31Z,2026-08-22T20:49:31+0200,32ee4a35-e929-46bf-8b2d-58a671b58f50,2026-07-25T03:15:00Z,2026-07-25T05:15:00+0200,131.960007,EUR/MWh,DK2,DK_2,day_ahead_price,value,2026-08-22T18:55:39Z
2026-08-22T18:49:31Z,2026-08-22T20:49:31+0200,32ee4a35-e929-46bf-8b2d-58a671b58f50,2026-07-25T03:30:00Z,2026-07-25T05:30:00+0200,131.350006,EUR/MWh,DK2,DK_2,day_ahead_price,value,2026-08-22T18:55:39Z
2026-08-22T18:49:31Z,2026-08-22T20:49:31+0200,32ee4a35-e929-46bf-8b2d-58a671b58f50,2026-07-25T03:45:00Z,2026-07-25T05:45:00+0200,130.490005,EUR/MWh,DK2,DK_2,day_ahead_price,value,2026-08-22T18:55:39Z
2026-08-22T18:49:31Z,2026-08-22T20:49:31+0200,32ee4a35-e929-46bf-8b2d-58a671b58f50,2026-07-25T04:00:00Z,2026-07-25T06:00:00+0200,130.44,EUR/MWh,DK2,DK_2,day_ahead_price,value,2026-08-22T18:55:39Z
2026-08-22T18:49:31Z,2026-08-22T20:49:31+0200,32ee4a35-e929-46bf-8b2d-58a671b58f50,2026-07-25T04:15:00Z,2026-07-25T06:15:00+0200,130.429993,EUR/MWh,DK2,DK_2,day_ahead_price,value,2026-08-22T18:55:39Z
2026-08-22T18:49:31Z,2026-08-22T20:49:31+0200,32ee4a35-e929-46bf-8b2d-58a671b58f50,2026-07-25T04:30:00Z,2026-07-25T06:30:00+0200,129.929993,EUR/MWh,DK2,DK_2,day_ahead_price,value,2026-08-22T18:55:39Z
2026-08-22T18:49:31Z,2026-08-22T20:49:31+0200,32ee4a35-e929-46bf-8b2d-58a671b58f50,2026-07-25T04:45:00Z,2026-07-25T06:45:00+0200,117.669998,EUR/MWh,DK2,DK_2,day_ahead_price,value,2026-08-22T18:55:39Z
2026-08-22T18:49:31Z,2026-08-22T20:49:31+0200,32ee4a35-e929-46bf-8b2d-58a671b58f50,2026-07-25T05:00:00Z,2026-07-25T07:00:00+0200,133.429993,EUR/MWh,DK2,DK_2,day_ahead_price,value,2026-08-22T18:55:39Z
2026-08-22T18:49:31Z,2026-08-22T20:49:31+0200,32ee4a35-e929-46bf-8b2d-58a671b58f50,2026-07-25T05:15:00Z,2026-07-25T07:15:00+0200,119.980003,EUR/MWh,DK2,DK_2,day_ahead_price,value,2026-08-22T18:55:39Z
2026-08-22T18:49:31Z,2026-08-22T20:49:31+0200,32ee4a35-e929-46bf-8b2d-58a671b58f50,2026-07-25T05:30:00Z,2026-07-25T07:30:00+0200,107.52,EUR/MWh,DK2,DK_2,day_ahead_price,value,2026-08-22T18:55:39Z
2026-08-22T18:49:31Z,2026-08-22T20:49:31+0200,32ee4a35-e929-46bf-8b2d-58a671b58f50,2026-07-25T05:45:00Z,2026-07-25T07:45:00+0200,97.330002,EUR/MWh,DK2,DK_2,day_ahead_price,value,2026-08-22T18:55:39Z
2026-08-22T18:49:31Z,2026-08-22T20:49:31+0200,32ee4a35-e929-46bf-8b2d-58a671b58f50,2026-07-25T06:00:00Z,2026-07-25T08:00:00+0200,121.79,EUR/MWh,DK2,DK_2,day_ahead_price,value,2026-08-22T18:55:39Z
2026-08-22T18:49:31Z,2026-08-22T20:49:31+0200,32ee4a35-e929-46bf-8b2d-58a671b58f50,2026-07-25T06:15:00Z,2026-07-25T08:15:00+0200,102.089996,EUR/MWh,DK2,DK_2,day_ahead_price,value,2026-08-22T18:55:39Z
2026-08-22T18:49:31Z,2026-08-22T20:49:31+0200,32ee4a35-e929-46bf-8b2d-58a671b58f50,2026-07-25T06:30:00Z,2026-07-25T08:30:00+0200,79.44,EUR/MWh,DK2,DK_2,day_ahead_price,value,2026-08-22T18:55:39Z
2026-08-22T18:49:31Z,2026-08-22T20:49:31+0200,32ee4a35-e929-46bf-8b2d-58a671b58f50,2026-07-25T06:45:00Z,2026-07-25T08:45:00+0200,28.290001,EUR/MWh,DK2,DK_2,day_ahead_price,value,2026-08-22T18:55:39Z
2026-08-22T18:49:31Z,2026-08-22T20:49:31+0200,32ee4a35-e929-46bf-8b2d-58a671b58f50,2026-07-25T07:00:00Z,2026-07-25T09:00:00+0200,36.15,EUR/MWh,DK2,DK_2,day_ahead_price,value,2026-08-22T18:55:39Z
2026-08-22T18:49:31Z,2026-08-22T20:49:31+0200,32ee4a35-e929-46bf-8b2d-58a671b58f50,2026-07-25T07:15:00Z,2026-07-25T09:15:00+0200,5.01,EUR/MWh,DK2,DK_2,day_ahead_price,value,2026-08-22T18:55:39Z
2026-08-22T18:49:31Z,2026-08-22T20:49:31+0200,32ee4a35-e929-46bf-8b2d-58a671b58f50,2026-07-25T07:30:00Z,2026-07-25T09:30:00+0200,3.94,EUR/MWh,DK2,DK_2,day_ahead_price,value,2026-08-22T18:55:39Z
2026-08-22T18:49:31Z,2026-08-22T20:49:31+0200,32ee4a35-e929-46bf-8b2d-58a671b58f50,2026-07-25T07:45:00Z,2026-07-25T09:45:00+0200,2.05,EUR/MWh,DK2,DK_2,day_ahead_price,value,2026-08-22T18:55:39Z
2026-08-22T18:49:31Z,2026-08-22T20:49:31+0200,32ee4a35-e929-46bf-8b2d-58a671b58f50,2026-07-25T08:00:00Z,2026-07-25T10:00:00+0200,1.98,EUR/MWh,DK2,DK_2,day_ahead_price,value,2026-08-22T18:55:39Z
2026-08-22T18:49:31Z,2026-08-22T20:49:31+0200,32ee4a35-e929-46bf-8b2d-58a671b58f50,2026-07-25T08:15:00Z,2026-07-25T10:15:00+0200,1.97,EUR/MWh,DK2,DK_2,day_ahead_price,value,2026-08-22T18:55:39Z
2026-08-22T18:49:31Z,2026-08-22T20:49:31+0200,32ee4a35-e929-46bf-8b2d-58a671b58f50,2026-07-25T08:30:00Z,2026-07-25T10:30:00+0200,2.03,EUR/MWh,DK2,DK_2,day_ahead_price,value,2026-08-22T18:55:39Z
2026-08-22T18:49:31Z,2026-08-22T20:49:31+0200,32ee4a35-e929-46bf-8b2d-58a671b58f50,2026-07-25T08:45:00Z,2026-07-25T10:45:00+0200,1.8,EUR/MWh,DK2,DK_2,day_ahead_price,value,2026-08-22T18:55:39Z
2026-08-22T18:49:31Z,2026-08-22T20:49:31+0200,32ee4a35-e929-46bf-8b2d-58a671b58f50,2026-07-25T09:00:00Z,2026-07-25T11:00:00+0200,1.53,EUR/MWh,DK2,DK_2,day_ahead_price,value,2026-08-22T18:55:39Z
2026-08-22T18:49:31Z,2026-08-22T20:49:31+0200,32ee4a35-e929-46bf-8b2d-58a671b58f50,2026-07-25T09:15:00Z,2026-07-25T11:15:00+0200,1.05,EUR/MWh,DK2,DK_2,day_ahead_price,value,2026-08-22T18:55:39Z
2026-08-22T18:49:31Z,2026-08-22T20:49:31+0200,32ee4a35-e929-46bf-8b2d-58a671b58f50,2026-07-25T09:30:00Z,2026-07-25T11:30:00+0200,-0.04,EUR/MWh,DK2,DK_2,day_ahead_price,value,2026-08-22T18:55:39Z
2026-08-22T18:49:31Z,2026-08-22T20:49:31+0200,32ee4a35-e929-46bf-8b2d-58a671b58f50,2026-07-25T09:45:00Z,2026-07-25T11:45:00+0200,-0.86,EUR/MWh,DK2,DK_2,day_ahead_price,value,2026-08-22T18:55:39Z
2026-08-22T18:49:31Z,2026-08-22T20:49:31+0200,32ee4a35-e929-46bf-8b2d-58a671b58f50,2026-07-25T10:00:00Z,2026-07-25T12:00:00+0200,-0.26,EUR/MWh,DK2,DK_2,day_ahead_price,value,2026-08-22T18:55:39Z
2026-08-22T18:49:31Z,2026-08-22T20:49:31+0200,32ee4a35-e929-46bf-8b2d-58a671b58f50,2026-07-25T10:15:00Z,2026-07-25T12:15:00+0200,-0.53,EUR/MWh,DK2,DK_2,day_ahead_price,value,2026-08-22T18:55:39Z
2026-08-22T18:49:31Z,2026-08-22T20:49:31+0200,32ee4a35-e929-46bf-8b2d-58a671b58f50,2026-07-25T10:30:00Z,2026-07-25T12:30:00+0200,-0.89,EUR/MWh,DK2,DK_2,day_ahead_price,value,2026-08-22T18:55:39Z
2026-08-22T18:49:31Z,2026-08-22T20:49:31+0200,32ee4a35-e929-46bf-8b2d-58a671b58f50,2026-07-25T10:45:00Z,2026-07-25T12:45:00+0200,-2.35,EUR/MWh,DK2,DK_2,day_ahead_price,value,2026-08-22T18:55:39Z
2026-08-22T18:49:31Z,2026-08-22T20:49:31+0200,32ee4a35-e929-46bf-8b2d-58a671b58f50,2026-07-25T11:00:00Z,2026-07-25T13:00:00+0200,-2.8,EUR/MWh,DK2,DK_2,day_ahead_price,value,2026-08-22T18:55:39Z
2026-08-22T18:49:31Z,2026-08-22T20:49:31+0200,32ee4a35-e929-46bf-8b2d-58a671b58f50,2026-07-25T11:15:00Z,2026-07-25T13:15:00+0200,-3.07,EUR/MWh,DK2,DK_2,day_ahead_price,value,2026-08-22T18:55:39Z
2026-08-22T18:49:31Z,2026-08-22T20:49:31+0200,32ee4a35-e929-46bf-8b2d-58a671b58f50,2026-07-25T11:30:00Z,2026-07-25T13:30:00+0200,-3.44,EUR/MWh,DK2,DK_2,day_ahead_price,value,2026-08-22T18:55:39Z
2026-08-22T18:49:31Z,2026-08-22T20:49:31+0200,32ee4a35-e929-46bf-8b2d-58a671b58f50,2026-07-25T11:45:00Z,2026-07-25T13:45:00+0200,-5.28,EUR/MWh,DK2,DK_2,day_ahead_price,value,2026-08-22T18:55:39Z
2026-08-22T18:49:31Z,2026-08-22T20:49:31+0200,32ee4a35-e929-46bf-8b2d-58a671b58f50,2026-07-25T12:00:00Z,2026-07-25T14:00:00+0200,-7.67,EUR/MWh,DK2,DK_2,day_ahead_price,value,2026-08-22T18:55:39Z
2026-08-22T18:49:31Z,2026-08-22T20:49:31+0200,32ee4a35-e929-46bf-8b2d-58a671b58f50,2026-07-25T12:15:00Z,2026-07-25T14:15:00+0200,-7.32,EUR/MWh,DK2,DK_2,day_ahead_price,value,2026-08-22T18:55:39Z
2026-08-22T18:49:31Z,2026-08-22T20:49:31+0200,32ee4a35-e929-46bf-8b2d-58a671b58f50,2026-07-25T12:30:00Z,2026-07-25T14:30:00+0200,-6.01,EUR/MWh,DK2,DK_2,day_ahead_price,value,2026-08-22T18:55:39Z
2026-08-22T18:49:31Z,2026-08-22T20:49:31+0200,32ee4a35-e929-46bf-8b2d-58a671b58f50,2026-07-25T12:45:00Z,2026-07-25T14:45:00+0200,-3.5,EUR/MWh,DK2,DK_2,day_ahead_price,value,2026-08-22T18:55:39Z
2026-08-22T18:49:31Z,2026-08-22T20:49:31+0200,32ee4a35-e929-46bf-8b2d-58a671b58f50,2026-07-25T13:00:00Z,2026-07-25T15:00:00+0200,-2.72,EUR/MWh,DK2,DK_2,day_ahead_price,value,2026-08-22T18:55:39Z
2026-08-22T18:49:31Z,2026-08-22T20:49:31+0200,32ee4a35-e929-46bf-8b2d-58a671b58f50,2026-07-25T13:15:00Z,2026-07-25T15:15:00+0200,-1.11,EUR/MWh,DK2,DK_2,day_ahead_price,value,2026-08-22T18:55:39Z
2026-08-22T18:49:31Z,2026-08-22T20:49:31+0200,32ee4a35-e929-46bf-8b2d-58a671b58f50,2026-07-25T13:30:00Z,2026-07-25T15:30:00+0200,-0.08,EUR/MWh,DK2,DK_2,day_ahead_price,value,2026-08-22T18:55:39Z
2026-08-22T18:49:31Z,2026-08-22T20:49:31+0200,32ee4a35-e929-46bf-8b2d-58a671b58f50,2026-07-25T13:45:00Z,2026-07-25T15:45:00+0200,0.35,EUR/MWh,DK2,DK_2,day_ahead_price,value,2026-08-22T18:55:39Z
2026-08-22T18:49:31Z,2026-08-22T20:49:31+0200,32ee4a35-e929-46bf-8b2d-58a671b58f50,2026-07-25T14:00:00Z,2026-07-25T16:00:00+0200,0.81,EUR/MWh,DK2,DK_2,day_ahead_price,value,2026-08-22T18:55:39Z
2026-08-22T18:49:31Z,2026-08-22T20:49:31+0200,32ee4a35-e929-46bf-8b2d-58a671b58f50,2026-07-25T14:15:00Z,2026-07-25T16:15:00+0200,1.53,EUR/MWh,DK2,DK_2,day_ahead_price,value,2026-08-22T18:55:39Z
2026-08-22T18:49:31Z,2026-08-22T20:49:31+0200,32ee4a35-e929-46bf-8b2d-58a671b58f50,2026-07-25T14:30:00Z,2026-07-25T16:30:00+0200,1.59,EUR/MWh,DK2,DK_2,day_ahead_price,value,2026-08-22T18:55:39Z
2026-08-22T18:49:31Z,2026-08-22T20:49:31+0200,32ee4a35-e929-46bf-8b2d-58a671b58f50,2026-07-25T14:45:00Z,2026-07-25T16:45:00+0200,1.6,EUR/MWh,DK2,DK_2,day_ahead_price,value,2026-08-22T18:55:39Z
2026-08-22T18:49:31Z,2026-08-22T20:49:31+0200,32ee4a35-e929-46bf-8b2d-58a671b58f50,2026-07-25T15:00:00Z,2026-07-25T17:00:00+0200,2.47,EUR/MWh,DK2,DK_2,day_ahead_price,value,2026-08-22T18:55:39Z
2026-08-22T18:49:31Z,2026-08-22T20:49:31+0200,32ee4a35-e929-46bf-8b2d-58a671b58f50,2026-07-25T15:15:00Z,2026-07-25T17:15:00+0200,3.92,EUR/MWh,DK2,DK_2,day_ahead_price,value,2026-08-22T18:55:39Z
2026-08-22T18:49:31Z,2026-08-22T20:49:31+0200,32ee4a35-e929-46bf-8b2d-58a671b58f50,2026-07-25T15:30:00Z,2026-07-25T17:30:00+0200,8.4,EUR/MWh,DK2,DK_2,day_ahead_price,value,2026-08-22T18:55:39Z
2026-08-22T18:49:31Z,2026-08-22T20:49:31+0200,32ee4a35-e929-46bf-8b2d-58a671b58f50,2026-07-25T15:45:00Z,2026-07-25T17:45:00+0200,37.119999,EUR/MWh,DK2,DK_2,day_ahead_price,value,2026-08-22T18:55:39Z
2026-08-22T18:49:31Z,2026-08-22T20:49:31+0200,32ee4a35-e929-46bf-8b2d-58a671b58f50,2026-07-25T16:00:00Z,2026-07-25T18:00:00+0200,22.65,EUR/MWh,DK2,DK_2,day_ahead_price,value,2026-08-22T18:55:39Z
2026-08-22T18:49:31Z,2026-08-22T20:49:31+0200,32ee4a35-e929-46bf-8b2d-58a671b58f50,2026-07-25T16:15:00Z,2026-07-25T18:15:00+0200,99.96,EUR/MWh,DK2,DK_2,day_ahead_price,value,2026-08-22T18:55:39Z
2026-08-22T18:49:31Z,2026-08-22T20:49:31+0200,32ee4a35-e929-46bf-8b2d-58a671b58f50,2026-07-25T16:30:00Z,2026-07-25T18:30:00+0200,120.19,EUR/MWh,DK2,DK_2,day_ahead_price,value,2026-08-22T18:55:39Z
2026-08-22T18:49:31Z,2026-08-22T20:49:31+0200,32ee4a35-e929-46bf-8b2d-58a671b58f50,2026-07-25T16:45:00Z,2026-07-25T18:45:00+0200,127.339996,EUR/MWh,DK2,DK_2,day_ahead_price,value,2026-08-22T18:55:39Z
2026-08-22T18:49:31Z,2026-08-22T20:49:31+0200,32ee4a35-e929-46bf-8b2d-58a671b58f50,2026-07-25T17:00:00Z,2026-07-25T19:00:00+0200,138.919998,EUR/MWh,DK2,DK_2,day_ahead_price,value,2026-08-22T18:55:39Z
2026-08-22T18:49:31Z,2026-08-22T20:49:31+0200,32ee4a35-e929-46bf-8b2d-58a671b58f50,2026-07-25T17:15:00Z,2026-07-25T19:15:00+0200,143.259995,EUR/MWh,DK2,DK_2,day_ahead_price,value,2026-08-22T18:55:39Z
2026-08-22T18:49:31Z,2026-08-22T20:49:31+0200,32ee4a35-e929-46bf-8b2d-58a671b58f50,2026-07-25T17:30:00Z,2026-07-25T19:30:00+0200,142.169998,EUR/MWh,DK2,DK_2,day_ahead_price,value,2026-08-22T18:55:39Z
2026-08-22T18:49:31Z,2026-08-22T20:49:31+0200,32ee4a35-e929-46bf-8b2d-58a671b58f50,2026-07-25T17:45:00Z,2026-07-25T19:45:00+0200,155.889999,EUR/MWh,DK2,DK_2,day_ahead_price,value,2026-08-22T18:55:39Z
2026-08-22T18:49:31Z,2026-08-22T20:49:31+0200,32ee4a35-e929-46bf-8b2d-58a671b58f50,2026-07-25T18:00:00Z,2026-07-25T20:00:00+0200,162.559998,EUR/MWh,DK2,DK_2,day_ahead_price,value,2026-08-22T18:55:39Z
2026-08-22T18:49:31Z,2026-08-22T20:49:31+0200,32ee4a35-e929-46bf-8b2d-58a671b58f50,2026-07-25T18:15:00Z,2026-07-25T20:15:00+0200,170.67,EUR/MWh,DK2,DK_2,day_ahead_price,value,2026-08-22T18:55:39Z
2026-08-22T18:49:31Z,2026-08-22T20:49:31+0200,32ee4a35-e929-46bf-8b2d-58a671b58f50,2026-07-25T18:30:00Z,2026-07-25T20:30:00+0200,156.12,EUR/MWh,DK2,DK_2,day_ahead_price,value,2026-08-22T18:55:39Z
2026-08-22T18:49:31Z,2026-08-22T20:49:31+0200,32ee4a35-e929-46bf-8b2d-58a671b58f50,2026-07-25T18:45:00Z,2026-07-25T20:45:00+0200,164.929993,EUR/MWh,DK2,DK_2,day_ahead_price,value,2026-08-22T18:55:39Z
2026-08-22T18:49:31Z,2026-08-22T20:49:31+0200,32ee4a35-e929-46bf-8b2d-58a671b58f50,2026-07-25T19:00:00Z,2026-07-25T21:00:00+0200,174.990005,EUR/MWh,DK2,DK_2,day_ahead_price,value,2026-08-22T18:55:39Z
2026-08-22T18:49:31Z,2026-08-22T20:49:31+0200,32ee4a35-e929-46bf-8b2d-58a671b58f50,2026-07-25T19:15:00Z,2026-07-25T21:15:00+0200,171.5,EUR/MWh,DK2,DK_2,day_ahead_price,value,2026-08-22T18:55:39Z
2026-08-22T18:49:31Z,2026-08-22T20:49:31+0200,32ee4a35-e929-46bf-8b2d-58a671b58f50,2026-07-25T19:30:00Z,2026-07-25T21:30:00+0200,165.5,EUR/MWh,DK2,DK_2,day_ahead_price,value,2026-08-22T18:55:39Z
2026-08-22T18:49:31Z,2026-08-22T20:49:31+0200,32ee4a35-e929-46bf-8b2d-58a671b58f50,2026-07-25T19:45:00Z,2026-07-25T21:45:00+0200,164.78,EUR/MWh,DK2,DK_2,day_ahead_price,value,2026-08-22T18:55:39Z
2026-08-22T18:49:31Z,2026-08-22T20:49:31+0200,32ee4a35-e929-46bf-8b2d-58a671b58f50,2026-07-25T20:00:00Z,2026-07-25T22:00:00+0200,173.220001,EUR/MWh,DK2,DK_2,day_ahead_price,value,2026-08-22T18:55:39Z
2026-08-22T18:49:31Z,2026-08-22T20:49:31+0200,32ee4a35-e929-46bf-8b2d-58a671b58f50,2026-07-25T20:15:00Z,2026-07-25T22:15:00+0200,165.160004,EUR/MWh,DK2,DK_2,day_ahead_price,value,2026-08-22T18:55:39Z
2026-08-22T18:49:31Z,2026-08-22T20:49:31+0200,32ee4a35-e929-46bf-8b2d-58a671b58f50,2026-07-25T20:30:00Z,2026-07-25T22:30:00+0200,164.990005,EUR/MWh,DK2,DK_2,day_ahead_price,value,2026-08-22T18:55:39Z
2026-08-22T18:49:31Z,2026-08-22T20:49:31+0200,32ee4a35-e929-46bf-8b2d-58a671b58f50,2026-07-25T20:45:00Z,2026-07-25T22:45:00+0200,158.56,EUR/MWh,DK2,DK_2,day_ahead_price,value,2026-08-22T18:55:39Z
2026-08-22T18:49:31Z,2026-08-22T20:49:31+0200,32ee4a35-e929-46bf-8b2d-58a671b58f50,2026-07-25T21:00:00Z,2026-07-25T23:00:00+0200,166.84,EUR/MWh,DK2,DK_2,day_ahead_price,value,2026-08-22T18:55:39Z
2026-08-22T18:49:31Z,2026-08-22T20:49:31+0200,32ee4a35-e929-46bf-8b2d-58a671b58f50,2026-07-25T21:15:00Z,2026-07-25T23:15:00+0200,160.330002,EUR/MWh,DK2,DK_2,day_ahead_price,value,2026-08-22T18:55:39Z
2026-08-22T18:49:31Z,2026-08-22T20:49:31+0200,32ee4a35-e929-46bf-8b2d-58a671b58f50,2026-07-25T21:30:00Z,2026-07-25T23:30:00+0200,160.639999,EUR/MWh,DK2,DK_2,day_ahead_price,value,2026-08-22T18:55:39Z
2026-08-22T18:49:31Z,2026-08-22T20:49:31+0200,32ee4a35-e929-46bf-8b2d-58a671b58f50,2026-07-25T21:45:00Z,2026-07-25T23:45:00+0200,152.190002,EUR/MWh,DK2,DK_2,day_ahead_price,value,2026-08-22T18:55:39Z
2026-08-22T18:49:31Z,2026-08-22T20:49:31+0200,32ee4a35-e929-46bf-8b2d-58a671b58f50,2026-07-25T22:00:00Z,2026-07-26T00:00:00+0200,148.14,EUR/MWh,DK2,DK_2,day_ahead_price,value,2026-08-22T18:55:39Z
2026-08-22T18:49:31Z,2026-08-22T20:49:31+0200,32ee4a35-e929-46bf-8b2d-58a671b58f50,2026-07-25T22:15:00Z,2026-07-26T00:15:00+0200,153.979996,EUR/MWh,DK2,DK_2,day_ahead_price,value,2026-08-22T18:55:39Z
2026-08-22T18:49:31Z,2026-08-22T20:49:31+0200,32ee4a35-e929-46bf-8b2d-58a671b58f50,2026-07-25T22:30:00Z,2026-07-26T00:30:00+0200,153.9,EUR/MWh,DK2,DK_2,day_ahead_price,value,2026-08-22T18:55:39Z
2026-08-22T18:49:31Z,2026-08-22T20:49:31+0200,32ee4a35-e929-46bf-8b2d-58a671b58f50,2026-07-25T22:45:00Z,2026-07-26T00:45:00+0200,152.49,EUR/MWh,DK2,DK_2,day_ahead_price,value,2026-08-22T18:55:39Z
2026-08-22T18:49:31Z,2026-08-22T20:49:31+0200,32ee4a35-e929-46bf-8b2d-58a671b58f50,2026-07-25T23:00:00Z,2026-07-26T01:00:00+0200,149.71,EUR/MWh,DK2,DK_2,day_ahead_price,value,2026-08-22T18:55:39Z
2026-08-22T18:49:31Z,2026-08-22T20:49:31+0200,32ee4a35-e929-46bf-8b2d-58a671b58f50,2026-07-25T23:15:00Z,2026-07-26T01:15:00+0200,148.429993,EUR/MWh,DK2,DK_2,day_ahead_price,value,2026-08-22T18:55:39Z
2026-08-22T18:49:31Z,2026-08-22T20:49:31+0200,32ee4a35-e929-46bf-8b2d-58a671b58f50,2026-07-25T23:30:00Z,2026-07-26T01:30:00+0200,143.6,EUR/MWh,DK2,DK_2,day_ahead_price,value,2026-08-22T18:55:39Z
2026-08-22T18:49:31Z,2026-08-22T20:49:31+0200,32ee4a35-e929-46bf-8b2d-58a671b58f50,2026-07-25T23:45:00Z,2026-07-26T01:45:00+0200,143.220001,EUR/MWh,DK2,DK_2,day_ahead_price,value,2026-08-22T18:55:39Z
2026-08-22T18:49:31Z,2026-08-22T20:49:31+0200,32ee4a35-e929-46bf-8b2d-58a671b58f50,2026-07-26T00:00:00Z,2026-07-26T02:00:00+0200,144.99,EUR/MWh,DK2,DK_2,day_ahead_price,value,2026-08-22T18:55:39Z
2026-08-22T18:49:31Z,2026-08-22T20:49:31+0200,32ee4a35-e929-46bf-8b2d-58a671b58f50,2026-07-26T00:15:00Z,2026-07-26T02:15:00+0200,146.11,EUR/MWh,DK2,DK_2,day_ahead_price,value,2026-08-22T18:55:39Z
2026-08-22T18:49:31Z,2026-08-22T20:49:31+0200,32ee4a35-e929-46bf-8b2d-58a671b58f50,2026-07-26T00:30:00Z,2026-07-26T02:30:00+0200,147.919998,EUR/MWh,DK2,DK_2,day_ahead_price,value,2026-08-22T18:55:39Z
2026-08-22T18:49:31Z,2026-08-22T20:49:31+0200,32ee4a35-e929-46bf-8b2d-58a671b58f50,2026-07-26T00:45:00Z,2026-07-26T02:45:00+0200,149.77,EUR/MWh,DK2,DK_2,day_ahead_price,value,2026-08-22T18:55:39Z
2026-08-22T18:49:31Z,2026-08-22T20:49:31+0200,32ee4a35-e929-46bf-8b2d-58a671b58f50,2026-07-26T01:00:00Z,2026-07-26T03:00:00+0200,148.889999,EUR/MWh,DK2,DK_2,day_ahead_price,value,2026-08-22T18:55:39Z
2026-08-22T18:49:31Z,2026-08-22T20:49:31+0200,32ee4a35-e929-46bf-8b2d-58a671b58f50,2026-07-26T01:15:00Z,2026-07-26T03:15:00+0200,156.09,EUR/MWh,DK2,DK_2,day_ahead_price,value,2026-08-22T18:55:39Z
2026-08-22T18:49:31Z,2026-08-22T20:49:31+0200,32ee4a35-e929-46bf-8b2d-58a671b58f50,2026-07-26T01:30:00Z,2026-07-26T03:30:00+0200,154.09,EUR/MWh,DK2,DK_2,day_ahead_price,value,2026-08-22T18:55:39Z
2026-08-22T18:49:31Z,2026-08-22T20:49:31+0200,32ee4a35-e929-46bf-8b2d-58a671b58f50,2026-07-26T01:45:00Z,2026-07-26T03:45:00+0200,151.73,EUR/MWh,DK2,DK_2,day_ahead_price,value,2026-08-22T18:55:39Z
2026-08-22T18:49:31Z,2026-08-22T20:49:31+0200,32ee4a35-e929-46bf-8b2d-58a671b58f50,2026-07-26T02:00:00Z,2026-07-26T04:00:00+0200,154.11,EUR/MWh,DK2,DK_2,day_ahead_price,value,2026-08-22T18:55:39Z
2026-08-22T18:49:31Z,2026-08-22T20:49:31+0200,32ee4a35-e929-46bf-8b2d-58a671b58f50,2026-07-26T02:15:00Z,2026-07-26T04:15:00+0200,146.169998,EUR/MWh,DK2,DK_2,day_ahead_price,value,2026-08-22T18:55:39Z
2026-08-22T18:49:31Z,2026-08-22T20:49:31+0200,32ee4a35-e929-46bf-8b2d-58a671b58f50,2026-07-26T02:30:00Z,2026-07-26T04:30:00+0200,144.679993,EUR/MWh,DK2,DK_2,day_ahead_price,value,2026-08-22T18:55:39Z
2026-08-22T18:49:31Z,2026-08-22T20:49:31+0200,32ee4a35-e929-46bf-8b2d-58a671b58f50,2026-07-26T02:45:00Z,2026-07-26T04:45:00+0200,142.720001,EUR/MWh,DK2,DK_2,day_ahead_price,value,2026-08-22T18:55:39Z
2026-08-22T18:49:31Z,2026-08-22T20:49:31+0200,32ee4a35-e929-46bf-8b2d-58a671b58f50,2026-07-26T03:00:00Z,2026-07-26T05:00:00+0200,139.429993,EUR/MWh,DK2,DK_2,day_ahead_price,value,2026-08-22T18:55:39Z
2026-08-22T18:49:31Z,2026-08-22T20:49:31+0200,32ee4a35-e929-46bf-8b2d-58a671b58f50,2026-07-26T03:15:00Z,2026-07-26T05:15:00+0200,139.059998,EUR/MWh,DK2,DK_2,day_ahead_price,value,2026-08-22T18:55:39Z
2026-08-22T18:49:31Z,2026-08-22T20:49:31+0200,32ee4a35-e929-46bf-8b2d-58a671b58f50,2026-07-26T03:30:00Z,2026-07-26T05:30:00+0200,137.25,EUR/MWh,DK2,DK_2,day_ahead_price,value,2026-08-22T18:55:39Z
2026-08-22T18:49:31Z,2026-08-22T20:49:31+0200,32ee4a35-e929-46bf-8b2d-58a671b58f50,2026-07-26T03:45:00Z,2026-07-26T05:45:00+0200,133.899994,EUR/MWh,DK2,DK_2,day_ahead_price,value,2026-08-22T18:55:39Z
2026-08-22T18:49:31Z,2026-08-22T20:49:31+0200,32ee4a35-e929-46bf-8b2d-58a671b58f50,2026-07-26T04:00:00Z,2026-07-26T06:00:00+0200,135.09,EUR/MWh,DK2,DK_2,day_ahead_price,value,2026-08-22T18:55:39Z
2026-08-22T18:49:31Z,2026-08-22T20:49:31+0200,32ee4a35-e929-46bf-8b2d-58a671b58f50,2026-07-26T04:15:00Z,2026-07-26T06:15:00+0200,128.080002,EUR/MWh,DK2,DK_2,day_ahead_price,value,2026-08-22T18:55:39Z
2026-08-22T18:49:31Z,2026-08-22T20:49:31+0200,32ee4a35-e929-46bf-8b2d-58a671b58f50,2026-07-26T04:30:00Z,2026-07-26T06:30:00+0200,122.99,EUR/MWh,DK2,DK_2,day_ahead_price,value,2026-08-22T18:55:39Z
2026-08-22T18:49:31Z,2026-08-22T20:49:31+0200,32ee4a35-e929-46bf-8b2d-58a671b58f50,2026-07-26T04:45:00Z,2026-07-26T06:45:00+0200,114.26,EUR/MWh,DK2,DK_2,day_ahead_price,value,2026-08-22T18:55:39Z
2026-08-22T18:49:31Z,2026-08-22T20:49:31+0200,32ee4a35-e929-46bf-8b2d-58a671b58f50,2026-07-26T05:00:00Z,2026-07-26T07:00:00+0200,120.449997,EUR/MWh,DK2,DK_2,day_ahead_price,value,2026-08-22T18:55:39Z
2026-08-22T18:49:31Z,2026-08-22T20:49:31+0200,32ee4a35-e929-46bf-8b2d-58a671b58f50,2026-07-26T05:15:00Z,2026-07-26T07:15:00+0200,114.37,EUR/MWh,DK2,DK_2,day_ahead_price,value,2026-08-22T18:55:39Z
2026-08-22T18:49:31Z,2026-08-22T20:49:31+0200,32ee4a35-e929-46bf-8b2d-58a671b58f50,2026-07-26T05:30:00Z,2026-07-26T07:30:00+0200,107.3,EUR/MWh,DK2,DK_2,day_ahead_price,value,2026-08-22T18:55:39Z
2026-08-22T18:49:31Z,2026-08-22T20:49:31+0200,32ee4a35-e929-46bf-8b2d-58a671b58f50,2026-07-26T05:45:00Z,2026-07-26T07:45:00+0200,99.7,EUR/MWh,DK2,DK_2,day_ahead_price,value,2026-08-22T18:55:39Z
2026-08-22T18:49:31Z,2026-08-22T20:49:31+0200,32ee4a35-e929-46bf-8b2d-58a671b58f50,2026-07-26T06:00:00Z,2026-07-26T08:00:00+0200,109.65,EUR/MWh,DK2,DK_2,day_ahead_price,value,2026-08-22T18:55:39Z
2026-08-22T18:49:31Z,2026-08-22T20:49:31+0200,32ee4a35-e929-46bf-8b2d-58a671b58f50,2026-07-26T06:15:00Z,2026-07-26T08:15:00+0200,106.4,EUR/MWh,DK2,DK_2,day_ahead_price,value,2026-08-22T18:55:39Z
2026-08-22T18:49:31Z,2026-08-22T20:49:31+0200,32ee4a35-e929-46bf-8b2d-58a671b58f50,2026-07-26T06:30:00Z,2026-07-26T08:30:00+0200,94.120003,EUR/MWh,DK2,DK_2,day_ahead_price,value,2026-08-22T18:55:39Z
2026-08-22T18:49:31Z,2026-08-22T20:49:31+0200,32ee4a35-e929-46bf-8b2d-58a671b58f50,2026-07-26T06:45:00Z,2026-07-26T08:45:00+0200,77.400002,EUR/MWh,DK2,DK_2,day_ahead_price,value,2026-08-22T18:55:39Z
2026-08-22T18:49:31Z,2026-08-22T20:49:31+0200,32ee4a35-e929-46bf-8b2d-58a671b58f50,2026-07-26T07:00:00Z,2026-07-26T09:00:00+0200,100.029999,EUR/MWh,DK2,DK_2,day_ahead_price,value,2026-08-22T18:55:39Z
2026-08-22T18:49:31Z,2026-08-22T20:49:31+0200,32ee4a35-e929-46bf-8b2d-58a671b58f50,2026-07-26T07:15:00Z,2026-07-26T09:15:00+0200,77.23,EUR/MWh,DK2,DK_2,day_ahead_price,value,2026-08-22T18:55:39Z
2026-08-22T18:49:31Z,2026-08-22T20:49:31+0200,32ee4a35-e929-46bf-8b2d-58a671b58f50,2026-07-26T07:30:00Z,2026-07-26T09:30:00+0200,48.65,EUR/MWh,DK2,DK_2,day_ahead_price,value,2026-08-22T18:55:39Z
2026-08-22T18:49:31Z,2026-08-22T20:49:31+0200,32ee4a35-e929-46bf-8b2d-58a671b58f50,2026-07-26T07:45:00Z,2026-07-26T09:45:00+0200,15.9,EUR/MWh,DK2,DK_2,day_ahead_price,value,2026-08-22T18:55:39Z
2026-08-22T18:49:31Z,2026-08-22T20:49:31+0200,32ee4a35-e929-46bf-8b2d-58a671b58f50,2026-07-26T08:00:00Z,2026-07-26T10:00:00+0200,36.23,EUR/MWh,DK2,DK_2,day_ahead_price,value,2026-08-22T18:55:39Z
2026-08-22T18:49:31Z,2026-08-22T20:49:31+0200,32ee4a35-e929-46bf-8b2d-58a671b58f50,2026-07-26T08:15:00Z,2026-07-26T10:15:00+0200,8.94,EUR/MWh,DK2,DK_2,day_ahead_price,value,2026-08-22T18:55:39Z
2026-08-22T18:49:31Z,2026-08-22T20:49:31+0200,32ee4a35-e929-46bf-8b2d-58a671b58f50,2026-07-26T08:30:00Z,2026-07-26T10:30:00+0200,0.15,EUR/MWh,DK2,DK_2,day_ahead_price,value,2026-08-22T18:55:39Z
2026-08-22T18:49:31Z,2026-08-22T20:49:31+0200,32ee4a35-e929-46bf-8b2d-58a671b58f50,2026-07-26T08:45:00Z,2026-07-26T10:45:00+0200,0.0,EUR/MWh,DK2,DK_2,day_ahead_price,value,2026-08-22T18:55:39Z
2026-08-22T18:49:31Z,2026-08-22T20:49:31+0200,32ee4a35-e929-46bf-8b2d-58a671b58f50,2026-07-26T09:00:00Z,2026-07-26T11:00:00+0200,0.0,EUR/MWh,DK2,DK_2,day_ahead_price,value,2026-08-22T18:55:39Z
2026-08-22T18:49:31Z,2026-08-22T20:49:31+0200,32ee4a35-e929-46bf-8b2d-58a671b58f50,2026-07-26T09:15:00Z,2026-07-26T11:15:00+0200,0.0,EUR/MWh,DK2,DK_2,day_ahead_price,value,2026-08-22T18:55:39Z
2026-08-22T18:49:31Z,2026-08-22T20:49:31+0200,32ee4a35-e929-46bf-8b2d-58a671b58f50,2026-07-26T09:30:00Z,2026-07-26T11:30:00+0200,-0.01,EUR/MWh,DK2,DK_2,day_ahead_price,value,2026-08-22T18:55:39Z
2026-08-22T18:49:31Z,2026-08-22T20:49:31+0200,32ee4a35-e929-46bf-8b2d-58a671b58f50,2026-07-26T09:45:00Z,2026-07-26T11:45:00+0200,0.0,EUR/MWh,DK2,DK_2,day_ahead_price,value,2026-08-22T18:55:39Z
2026-08-22T18:49:31Z,2026-08-22T20:49:31+0200,32ee4a35-e929-46bf-8b2d-58a671b58f50,2026-07-26T10:00:00Z,2026-07-26T12:00:00+0200,-0.03,EUR/MWh,DK2,DK_2,day_ahead_price,value,2026-08-22T18:55:39Z
2026-08-22T18:49:31Z,2026-08-22T20:49:31+0200,32ee4a35-e929-46bf-8b2d-58a671b58f50,2026-07-26T10:15:00Z,2026-07-26T12:15:00+0200,-0.04,EUR/MWh,DK2,DK_2,day_ahead_price,value,2026-08-22T18:55:39Z
2026-08-22T18:49:31Z,2026-08-22T20:49:31+0200,32ee4a35-e929-46bf-8b2d-58a671b58f50,2026-07-26T10:30:00Z,2026-07-26T12:30:00+0200,-0.01,EUR/MWh,DK2,DK_2,day_ahead_price,value,2026-08-22T18:55:39Z
2026-08-22T18:49:31Z,2026-08-22T20:49:31+0200,32ee4a35-e929-46bf-8b2d-58a671b58f50,2026-07-26T10:45:00Z,2026-07-26T12:45:00+0200,-0.01,EUR/MWh,DK2,DK_2,day_ahead_price,value,2026-08-22T18:55:39Z
2026-08-22T18:49:31Z,2026-08-22T20:49:31+0200,32ee4a35-e929-46bf-8b2d-58a671b58f50,2026-07-26T11:00:00Z,2026-07-26T13:00:00+0200,-0.01,EUR/MWh,DK2,DK_2,day_ahead_price,value,2026-08-22T18:55:39Z
2026-08-22T18:49:31Z,2026-08-22T20:49:31+0200,32ee4a35-e929-46bf-8b2d-58a671b58f50,2026-07-26T11:15:00Z,2026-07-26T13:15:00+0200,-0.01,EUR/MWh,DK2,DK_2,day_ahead_price,value,2026-08-22T18:55:39Z
2026-08-22T18:49:31Z,2026-08-22T20:49:31+0200,32ee4a35-e929-46bf-8b2d-58a671b58f50,2026-07-26T11:30:00Z,2026-07-26T13:30:00+0200,0.0,EUR/MWh,DK2,DK_2,day_ahead_price,value,2026-08-22T18:55:39Z
2026-08-22T18:49:31Z,2026-08-22T20:49:31+0200,32ee4a35-e929-46bf-8b2d-58a671b58f50,2026-07-26T11:45:00Z,2026-07-26T13:45:00+0200,0.0,EUR/MWh,DK2,DK_2,day_ahead_price,value,2026-08-22T18:55:39Z
2026-08-22T18:49:31Z,2026-08-22T20:49:31+0200,32ee4a35-e929-46bf-8b2d-58a671b58f50,2026-07-26T12:00:00Z,2026-07-26T14:00:00+0200,0.24,EUR/MWh,DK2,DK_2,day_ahead_price,value,2026-08-22T18:55:39Z
2026-08-22T18:49:31Z,2026-08-22T20:49:31+0200,32ee4a35-e929-46bf-8b2d-58a671b58f50,2026-07-26T12:15:00Z,2026-07-26T14:15:00+0200,0.23,EUR/MWh,DK2,DK_2,day_ahead_price,value,2026-08-22T18:55:39Z
2026-08-22T18:49:31Z,2026-08-22T20:49:31+0200,32ee4a35-e929-46bf-8b2d-58a671b58f50,2026-07-26T12:30:00Z,2026-07-26T14:30:00+0200,0.24,EUR/MWh,DK2,DK_2,day_ahead_price,value,2026-08-22T18:55:39Z
2026-08-22T18:49:31Z,2026-08-22T20:49:31+0200,32ee4a35-e929-46bf-8b2d-58a671b58f50,2026-07-26T12:45:00Z,2026-07-26T14:45:00+0200,0.25,EUR/MWh,DK2,DK_2,day_ahead_price,value,2026-08-22T18:55:39Z
2026-08-22T18:49:31Z,2026-08-22T20:49:31+0200,32ee4a35-e929-46bf-8b2d-58a671b58f50,2026-07-26T13:00:00Z,2026-07-26T15:00:00+0200,0.38,EUR/MWh,DK2,DK_2,day_ahead_price,value,2026-08-22T18:55:39Z
2026-08-22T18:49:31Z,2026-08-22T20:49:31+0200,32ee4a35-e929-46bf-8b2d-58a671b58f50,2026-07-26T13:15:00Z,2026-07-26T15:15:00+0200,0.42,EUR/MWh,DK2,DK_2,day_ahead_price,value,2026-08-22T18:55:39Z
2026-08-22T18:49:31Z,2026-08-22T20:49:31+0200,32ee4a35-e929-46bf-8b2d-58a671b58f50,2026-07-26T13:30:00Z,2026-07-26T15:30:00+0200,0.52,EUR/MWh,DK2,DK_2,day_ahead_price,value,2026-08-22T18:55:39Z
2026-08-22T18:49:31Z,2026-08-22T20:49:31+0200,32ee4a35-e929-46bf-8b2d-58a671b58f50,2026-07-26T13:45:00Z,2026-07-26T15:45:00+0200,1.23,EUR/MWh,DK2,DK_2,day_ahead_price,value,2026-08-22T18:55:39Z
2026-08-22T18:49:31Z,2026-08-22T20:49:31+0200,32ee4a35-e929-46bf-8b2d-58a671b58f50,2026-07-26T14:00:00Z,2026-07-26T16:00:00+0200,0.83,EUR/MWh,DK2,DK_2,day_ahead_price,value,2026-08-22T18:55:39Z
2026-08-22T18:49:31Z,2026-08-22T20:49:31+0200,32ee4a35-e929-46bf-8b2d-58a671b58f50,2026-07-26T14:15:00Z,2026-07-26T16:15:00+0200,2.19,EUR/MWh,DK2,DK_2,day_ahead_price,value,2026-08-22T18:55:39Z
2026-08-22T18:49:31Z,2026-08-22T20:49:31+0200,32ee4a35-e929-46bf-8b2d-58a671b58f50,2026-07-26T14:30:00Z,2026-07-26T16:30:00+0200,5.49,EUR/MWh,DK2,DK_2,day_ahead_price,value,2026-08-22T18:55:39Z
2026-08-22T18:49:31Z,2026-08-22T20:49:31+0200,32ee4a35-e929-46bf-8b2d-58a671b58f50,2026-07-26T14:45:00Z,2026-07-26T16:45:00+0200,28.51,EUR/MWh,DK2,DK_2,day_ahead_price,value,2026-08-22T18:55:39Z
2026-08-22T18:49:31Z,2026-08-22T20:49:31+0200,32ee4a35-e929-46bf-8b2d-58a671b58f50,2026-07-26T15:00:00Z,2026-07-26T17:00:00+0200,5.32,EUR/MWh,DK2,DK_2,day_ahead_price,value,2026-08-22T18:55:39Z
2026-08-22T18:49:31Z,2026-08-22T20:49:31+0200,32ee4a35-e929-46bf-8b2d-58a671b58f50,2026-07-26T15:15:00Z,2026-07-26T17:15:00+0200,36.66,EUR/MWh,DK2,DK_2,day_ahead_price,value,2026-08-22T18:55:39Z
2026-08-22T18:49:31Z,2026-08-22T20:49:31+0200,32ee4a35-e929-46bf-8b2d-58a671b58f50,2026-07-26T15:30:00Z,2026-07-26T17:30:00+0200,78.01,EUR/MWh,DK2,DK_2,day_ahead_price,value,2026-08-22T18:55:39Z
2026-08-22T18:49:31Z,2026-08-22T20:49:31+0200,32ee4a35-e929-46bf-8b2d-58a671b58f50,2026-07-26T15:45:00Z,2026-07-26T17:45:00+0200,108.3,EUR/MWh,DK2,DK_2,day_ahead_price,value,2026-08-22T18:55:39Z
2026-08-22T18:49:31Z,2026-08-22T20:49:31+0200,32ee4a35-e929-46bf-8b2d-58a671b58f50,2026-07-26T16:00:00Z,2026-07-26T18:00:00+0200,81.510002,EUR/MWh,DK2,DK_2,day_ahead_price,value,2026-08-22T18:55:39Z
2026-08-22T18:49:31Z,2026-08-22T20:49:31+0200,32ee4a35-e929-46bf-8b2d-58a671b58f50,2026-07-26T16:15:00Z,2026-07-26T18:15:00+0200,111.9,EUR/MWh,DK2,DK_2,day_ahead_price,value,2026-08-22T18:55:39Z
2026-08-22T18:49:31Z,2026-08-22T20:49:31+0200,32ee4a35-e929-46bf-8b2d-58a671b58f50,2026-07-26T16:30:00Z,2026-07-26T18:30:00+0200,122.629997,EUR/MWh,DK2,DK_2,day_ahead_price,value,2026-08-22T18:55:39Z
2026-08-22T18:49:31Z,2026-08-22T20:49:31+0200,32ee4a35-e929-46bf-8b2d-58a671b58f50,2026-07-26T16:45:00Z,2026-07-26T18:45:00+0200,129.669998,EUR/MWh,DK2,DK_2,day_ahead_price,value,2026-08-22T18:55:39Z
2026-08-22T18:49:31Z,2026-08-22T20:49:31+0200,32ee4a35-e929-46bf-8b2d-58a671b58f50,2026-07-26T17:00:00Z,2026-07-26T19:00:00+0200,131.14,EUR/MWh,DK2,DK_2,day_ahead_price,value,2026-08-22T18:55:39Z
2026-08-22T18:49:31Z,2026-08-22T20:49:31+0200,32ee4a35-e929-46bf-8b2d-58a671b58f50,2026-07-26T17:15:00Z,2026-07-26T19:15:00+0200,139.16,EUR/MWh,DK2,DK_2,day_ahead_price,value,2026-08-22T18:55:39Z
2026-08-22T18:49:31Z,2026-08-22T20:49:31+0200,32ee4a35-e929-46bf-8b2d-58a671b58f50,2026-07-26T17:30:00Z,2026-07-26T19:30:00+0200,142.759995,EUR/MWh,DK2,DK_2,day_ahead_price,value,2026-08-22T18:55:39Z
2026-08-22T18:49:31Z,2026-08-22T20:49:31+0200,32ee4a35-e929-46bf-8b2d-58a671b58f50,2026-07-26T17:45:00Z,2026-07-26T19:45:00+0200,147.7,EUR/MWh,DK2,DK_2,day_ahead_price,value,2026-08-22T18:55:39Z
2026-08-22T18:49:31Z,2026-08-22T20:49:31+0200,32ee4a35-e929-46bf-8b2d-58a671b58f50,2026-07-26T18:00:00Z,2026-07-26T20:00:00+0200,147.84,EUR/MWh,DK2,DK_2,day_ahead_price,value,2026-08-22T18:55:39Z
2026-08-22T18:49:31Z,2026-08-22T20:49:31+0200,32ee4a35-e929-46bf-8b2d-58a671b58f50,2026-07-26T18:15:00Z,2026-07-26T20:15:00+0200,155.389999,EUR/MWh,DK2,DK_2,day_ahead_price,value,2026-08-22T18:55:39Z
2026-08-22T18:49:31Z,2026-08-22T20:49:31+0200,32ee4a35-e929-46bf-8b2d-58a671b58f50,2026-07-26T18:30:00Z,2026-07-26T20:30:00+0200,154.77,EUR/MWh,DK2,DK_2,day_ahead_price,value,2026-08-22T18:55:39Z
2026-08-22T18:49:31Z,2026-08-22T20:49:31+0200,32ee4a35-e929-46bf-8b2d-58a671b58f50,2026-07-26T18:45:00Z,2026-07-26T20:45:00+0200,156.720001,EUR/MWh,DK2,DK_2,day_ahead_price,value,2026-08-22T18:55:39Z
2026-08-22T18:49:31Z,2026-08-22T20:49:31+0200,32ee4a35-e929-46bf-8b2d-58a671b58f50,2026-07-26T19:00:00Z,2026-07-26T21:00:00+0200,157.759995,EUR/MWh,DK2,DK_2,day_ahead_price,value,2026-08-22T18:55:39Z
2026-08-22T18:49:31Z,2026-08-22T20:49:31+0200,32ee4a35-e929-46bf-8b2d-58a671b58f50,2026-07-26T19:15:00Z,2026-07-26T21:15:00+0200,153.080002,EUR/MWh,DK2,DK_2,day_ahead_price,value,2026-08-22T18:55:39Z
2026-08-22T18:49:31Z,2026-08-22T20:49:31+0200,32ee4a35-e929-46bf-8b2d-58a671b58f50,2026-07-26T19:30:00Z,2026-07-26T21:30:00+0200,148.929993,EUR/MWh,DK2,DK_2,day_ahead_price,value,2026-08-22T18:55:39Z
2026-08-22T18:49:31Z,2026-08-22T20:49:31+0200,32ee4a35-e929-46bf-8b2d-58a671b58f50,2026-07-26T19:45:00Z,2026-07-26T21:45:00+0200,147.23,EUR/MWh,DK2,DK_2,day_ahead_price,value,2026-08-22T18:55:39Z
2026-08-22T18:49:31Z,2026-08-22T20:49:31+0200,32ee4a35-e929-46bf-8b2d-58a671b58f50,2026-07-26T20:00:00Z,2026-07-26T22:00:00+0200,155.470001,EUR/MWh,DK2,DK_2,day_ahead_price,value,2026-08-22T18:55:39Z
2026-08-22T18:49:31Z,2026-08-22T20:49:31+0200,32ee4a35-e929-46bf-8b2d-58a671b58f50,2026-07-26T20:15:00Z,2026-07-26T22:15:00+0200,149.31,EUR/MWh,DK2,DK_2,day_ahead_price,value,2026-08-22T18:55:39Z
2026-08-22T18:49:31Z,2026-08-22T20:49:31+0200,32ee4a35-e929-46bf-8b2d-58a671b58f50,2026-07-26T20:30:00Z,2026-07-26T22:30:00+0200,147.979996,EUR/MWh,DK2,DK_2,day_ahead_price,value,2026-08-22T18:55:39Z
2026-08-22T18:49:31Z,2026-08-22T20:49:31+0200,32ee4a35-e929-46bf-8b2d-58a671b58f50,2026-07-26T20:45:00Z,2026-07-26T22:45:00+0200,139.839996,EUR/MWh,DK2,DK_2,day_ahead_price,value,2026-08-22T18:55:39Z
2026-08-22T18:49:31Z,2026-08-22T20:49:31+0200,32ee4a35-e929-46bf-8b2d-58a671b58f50,2026-07-26T21:00:00Z,2026-07-26T23:00:00+0200,145.350006,EUR/MWh,DK2,DK_2,day_ahead_price,value,2026-08-22T18:55:39Z
2026-08-22T18:49:31Z,2026-08-22T20:49:31+0200,32ee4a35-e929-46bf-8b2d-58a671b58f50,2026-07-26T21:15:00Z,2026-07-26T23:15:00+0200,138.089996,EUR/MWh,DK2,DK_2,day_ahead_price,value,2026-08-22T18:55:39Z
2026-08-22T18:49:31Z,2026-08-22T20:49:31+0200,32ee4a35-e929-46bf-8b2d-58a671b58f50,2026-07-26T21:30:00Z,2026-07-26T23:30:00+0200,136.729996,EUR/MWh,DK2,DK_2,day_ahead_price,value,2026-08-22T18:55:39Z
2026-08-22T18:49:31Z,2026-08-22T20:49:31+0200,32ee4a35-e929-46bf-8b2d-58a671b58f50,2026-07-26T21:45:00Z,2026-07-26T23:45:00+0200,127.010002,EUR/MWh,DK2,DK_2,day_ahead_price,value,2026-08-22T18:55:39Z
2026-08-22T18:49:31Z,2026-08-22T20:49:31+0200,32ee4a35-e929-46bf-8b2d-58a671b58f50,2026-07-26T22:00:00Z,2026-07-27T00:00:00+0200,83.42,EUR/MWh,DK2,DK_2,day_ahead_price,value,2026-08-22T18:55:39Z
2026-08-22T18:49:31Z,2026-08-22T20:49:31+0200,32ee4a35-e929-46bf-8b2d-58a671b58f50,2026-07-26T22:15:00Z,2026-07-27T00:15:00+0200,88.739998,EUR/MWh,DK2,DK_2,day_ahead_price,value,2026-08-22T18:55:39Z
2026-08-22T18:49:31Z,2026-08-22T20:49:31+0200,32ee4a35-e929-46bf-8b2d-58a671b58f50,2026-07-26T22:30:00Z,2026-07-27T00:30:00+0200,87.56,EUR/MWh,DK2,DK_2,day_ahead_price,value,2026-08-22T18:55:39Z
2026-08-22T18:49:31Z,2026-08-22T20:49:31+0200,32ee4a35-e929-46bf-8b2d-58a671b58f50,2026-07-26T22:45:00Z,2026-07-27T00:45:00+0200,84.46,EUR/MWh,DK2,DK_2,day_ahead_price,value,2026-08-22T18:55:39Z
2026-08-22T18:49:31Z,2026-08-22T20:49:31+0200,32ee4a35-e929-46bf-8b2d-58a671b58f50,2026-07-26T23:00:00Z,2026-07-27T01:00:00+0200,82.25,EUR/MWh,DK2,DK_2,day_ahead_price,value,2026-08-22T18:55:39Z
2026-08-22T18:49:31Z,2026-08-22T20:49:31+0200,32ee4a35-e929-46bf-8b2d-58a671b58f50,2026-07-26T23:15:00Z,2026-07-27T01:15:00+0200,75.36,EUR/MWh,DK2,DK_2,day_ahead_price,value,2026-08-22T18:55:39Z
2026-08-22T18:49:31Z,2026-08-22T20:49:31+0200,32ee4a35-e929-46bf-8b2d-58a671b58f50,2026-07-26T23:30:00Z,2026-07-27T01:30:00+0200,69.01,EUR/MWh,DK2,DK_2,day_ahead_price,value,2026-08-22T18:55:39Z
2026-08-22T18:49:31Z,2026-08-22T20:49:31+0200,32ee4a35-e929-46bf-8b2d-58a671b58f50,2026-07-26T23:45:00Z,2026-07-27T01:45:00+0200,55.82,EUR/MWh,DK2,DK_2,day_ahead_price,value,2026-08-22T18:55:39Z
2026-08-22T18:49:31Z,2026-08-22T20:49:31+0200,32ee4a35-e929-46bf-8b2d-58a671b58f50,2026-07-27T00:00:00Z,2026-07-27T02:00:00+0200,60.82,EUR/MWh,DK2,DK_2,day_ahead_price,value,2026-08-22T18:55:39Z
2026-08-22T18:49:31Z,2026-08-22T20:49:31+0200,32ee4a35-e929-46bf-8b2d-58a671b58f50,2026-07-27T00:15:00Z,2026-07-27T02:15:00+0200,50.8,EUR/MWh,DK2,DK_2,day_ahead_price,value,2026-08-22T18:55:39Z
2026-08-22T18:49:31Z,2026-08-22T20:49:31+0200,32ee4a35-e929-46bf-8b2d-58a671b58f50,2026-07-27T00:30:00Z,2026-07-27T02:30:00+0200,72.7,EUR/MWh,DK2,DK_2,day_ahead_price,value,2026-08-22T18:55:39Z
2026-08-22T18:49:31Z,2026-08-22T20:49:31+0200,32ee4a35-e929-46bf-8b2d-58a671b58f50,2026-07-27T00:45:00Z,2026-07-27T02:45:00+0200,63.380001,EUR/MWh,DK2,DK_2,day_ahead_price,value,2026-08-22T18:55:39Z
2026-08-22T18:49:31Z,2026-08-22T20:49:31+0200,32ee4a35-e929-46bf-8b2d-58a671b58f50,2026-07-27T01:00:00Z,2026-07-27T03:00:00+0200,69.12,EUR/MWh,DK2,DK_2,day_ahead_price,value,2026-08-22T18:55:39Z
2026-08-22T18:49:31Z,2026-08-22T20:49:31+0200,32ee4a35-e929-46bf-8b2d-58a671b58f50,2026-07-27T01:15:00Z,2026-07-27T03:15:00+0200,60.389999,EUR/MWh,DK2,DK_2,day_ahead_price,value,2026-08-22T18:55:39Z
2026-08-22T18:49:31Z,2026-08-22T20:49:31+0200,32ee4a35-e929-46bf-8b2d-58a671b58f50,2026-07-27T01:30:00Z,2026-07-27T03:30:00+0200,57.21,EUR/MWh,DK2,DK_2,day_ahead_price,value,2026-08-22T18:55:39Z
2026-08-22T18:49:31Z,2026-08-22T20:49:31+0200,32ee4a35-e929-46bf-8b2d-58a671b58f50,2026-07-27T01:45:00Z,2026-07-27T03:45:00+0200,58.92,EUR/MWh,DK2,DK_2,day_ahead_price,value,2026-08-22T18:55:39Z
2026-08-22T18:49:31Z,2026-08-22T20:49:31+0200,32ee4a35-e929-46bf-8b2d-58a671b58f50,2026-07-27T02:00:00Z,2026-07-27T04:00:00+0200,64.510002,EUR/MWh,DK2,DK_2,day_ahead_price,value,2026-08-22T18:55:39Z
2026-08-22T18:49:31Z,2026-08-22T20:49:31+0200,32ee4a35-e929-46bf-8b2d-58a671b58f50,2026-07-27T02:15:00Z,2026-07-27T04:15:00+0200,64.37,EUR/MWh,DK2,DK_2,day_ahead_price,value,2026-08-22T18:55:39Z
2026-08-22T18:49:31Z,2026-08-22T20:49:31+0200,32ee4a35-e929-46bf-8b2d-58a671b58f50,2026-07-27T02:30:00Z,2026-07-27T04:30:00+0200,64.39,EUR/MWh,DK2,DK_2,day_ahead_price,value,2026-08-22T18:55:39Z
2026-08-22T18:49:31Z,2026-08-22T20:49:31+0200,32ee4a35-e929-46bf-8b2d-58a671b58f50,2026-07-27T02:45:00Z,2026-07-27T04:45:00+0200,81.94,EUR/MWh,DK2,DK_2,day_ahead_price,value,2026-08-22T18:55:39Z
2026-08-22T18:49:31Z,2026-08-22T20:49:31+0200,32ee4a35-e929-46bf-8b2d-58a671b58f50,2026-07-27T03:00:00Z,2026-07-27T05:00:00+0200,57.63,EUR/MWh,DK2,DK_2,day_ahead_price,value,2026-08-22T18:55:39Z
2026-08-22T18:49:31Z,2026-08-22T20:49:31+0200,32ee4a35-e929-46bf-8b2d-58a671b58f50,2026-07-27T03:15:00Z,2026-07-27T05:15:00+0200,83.81,EUR/MWh,DK2,DK_2,day_ahead_price,value,2026-08-22T18:55:39Z
2026-08-22T18:49:31Z,2026-08-22T20:49:31+0200,32ee4a35-e929-46bf-8b2d-58a671b58f50,2026-07-27T03:30:00Z,2026-07-27T05:30:00+0200,97.379997,EUR/MWh,DK2,DK_2,day_ahead_price,value,2026-08-22T18:55:39Z
2026-08-22T18:49:31Z,2026-08-22T20:49:31+0200,32ee4a35-e929-46bf-8b2d-58a671b58f50,2026-07-27T03:45:00Z,2026-07-27T05:45:00+0200,100.57,EUR/MWh,DK2,DK_2,day_ahead_price,value,2026-08-22T18:55:39Z
2026-08-22T18:49:31Z,2026-08-22T20:49:31+0200,32ee4a35-e929-46bf-8b2d-58a671b58f50,2026-07-27T04:00:00Z,2026-07-27T06:00:00+0200,99.989998,EUR/MWh,DK2,DK_2,day_ahead_price,value,2026-08-22T18:55:39Z
2026-08-22T18:49:31Z,2026-08-22T20:49:31+0200,32ee4a35-e929-46bf-8b2d-58a671b58f50,2026-07-27T04:15:00Z,2026-07-27T06:15:00+0200,114.160004,EUR/MWh,DK2,DK_2,day_ahead_price,value,2026-08-22T18:55:39Z
2026-08-22T18:49:31Z,2026-08-22T20:49:31+0200,32ee4a35-e929-46bf-8b2d-58a671b58f50,2026-07-27T04:30:00Z,2026-07-27T06:30:00+0200,115.629997,EUR/MWh,DK2,DK_2,day_ahead_price,value,2026-08-22T18:55:39Z
2026-08-22T18:49:31Z,2026-08-22T20:49:31+0200,32ee4a35-e929-46bf-8b2d-58a671b58f50,2026-07-27T04:45:00Z,2026-07-27T06:45:00+0200,114.75,EUR/MWh,DK2,DK_2,day_ahead_price,value,2026-08-22T18:55:39Z
2026-08-22T18:49:31Z,2026-08-22T20:49:31+0200,32ee4a35-e929-46bf-8b2d-58a671b58f50,2026-07-27T05:00:00Z,2026-07-27T07:00:00+0200,112.92,EUR/MWh,DK2,DK_2,day_ahead_price,value,2026-08-22T18:55:39Z
2026-08-22T18:49:31Z,2026-08-22T20:49:31+0200,32ee4a35-e929-46bf-8b2d-58a671b58f50,2026-07-27T05:15:00Z,2026-07-27T07:15:00+0200,112.790001,EUR/MWh,DK2,DK_2,day_ahead_price,value,2026-08-22T18:55:39Z
2026-08-22T18:49:31Z,2026-08-22T20:49:31+0200,32ee4a35-e929-46bf-8b2d-58a671b58f50,2026-07-27T05:30:00Z,2026-07-27T07:30:00+0200,114.98,EUR/MWh,DK2,DK_2,day_ahead_price,value,2026-08-22T18:55:39Z
2026-08-22T18:49:31Z,2026-08-22T20:49:31+0200,32ee4a35-e929-46bf-8b2d-58a671b58f50,2026-07-27T05:45:00Z,2026-07-27T07:45:00+0200,104.46,EUR/MWh,DK2,DK_2,day_ahead_price,value,2026-08-22T18:55:39Z
2026-08-22T18:49:31Z,2026-08-22T20:49:31+0200,32ee4a35-e929-46bf-8b2d-58a671b58f50,2026-07-27T06:00:00Z,2026-07-27T08:00:00+0200,112.4,EUR/MWh,DK2,DK_2,day_ahead_price,value,2026-08-22T18:55:39Z
2026-08-22T18:49:31Z,2026-08-22T20:49:31+0200,32ee4a35-e929-46bf-8b2d-58a671b58f50,2026-07-27T06:15:00Z,2026-07-27T08:15:00+0200,106.16,EUR/MWh,DK2,DK_2,day_ahead_price,value,2026-08-22T18:55:39Z
2026-08-22T18:49:31Z,2026-08-22T20:49:31+0200,32ee4a35-e929-46bf-8b2d-58a671b58f50,2026-07-27T06:30:00Z,2026-07-27T08:30:00+0200,107.28,EUR/MWh,DK2,DK_2,day_ahead_price,value,2026-08-22T18:55:39Z
2026-08-22T18:49:31Z,2026-08-22T20:49:31+0200,32ee4a35-e929-46bf-8b2d-58a671b58f50,2026-07-27T06:45:00Z,2026-07-27T08:45:00+0200,90.23,EUR/MWh,DK2,DK_2,day_ahead_price,value,2026-08-22T18:55:39Z
2026-08-22T18:49:31Z,2026-08-22T20:49:31+0200,32ee4a35-e929-46bf-8b2d-58a671b58f50,2026-07-27T07:00:00Z,2026-07-27T09:00:00+0200,105.690002,EUR/MWh,DK2,DK_2,day_ahead_price,value,2026-08-22T18:55:39Z
2026-08-22T18:49:31Z,2026-08-22T20:49:31+0200,32ee4a35-e929-46bf-8b2d-58a671b58f50,2026-07-27T07:15:00Z,2026-07-27T09:15:00+0200,83.940002,EUR/MWh,DK2,DK_2,day_ahead_price,value,2026-08-22T18:55:39Z
2026-08-22T18:49:31Z,2026-08-22T20:49:31+0200,32ee4a35-e929-46bf-8b2d-58a671b58f50,2026-07-27T07:30:00Z,2026-07-27T09:30:00+0200,70.9,EUR/MWh,DK2,DK_2,day_ahead_price,value,2026-08-22T18:55:39Z
2026-08-22T18:49:31Z,2026-08-22T20:49:31+0200,32ee4a35-e929-46bf-8b2d-58a671b58f50,2026-07-27T07:45:00Z,2026-07-27T09:45:00+0200,31.68,EUR/MWh,DK2,DK_2,day_ahead_price,value,2026-08-22T18:55:39Z
2026-08-22T18:49:31Z,2026-08-22T20:49:31+0200,32ee4a35-e929-46bf-8b2d-58a671b58f50,2026-07-27T08:00:00Z,2026-07-27T10:00:00+0200,53.83,EUR/MWh,DK2,DK_2,day_ahead_price,value,2026-08-22T18:55:39Z
2026-08-22T18:49:31Z,2026-08-22T20:49:31+0200,32ee4a35-e929-46bf-8b2d-58a671b58f50,2026-07-27T08:15:00Z,2026-07-27T10:15:00+0200,19.95,EUR/MWh,DK2,DK_2,day_ahead_price,value,2026-08-22T18:55:39Z
2026-08-22T18:49:31Z,2026-08-22T20:49:31+0200,32ee4a35-e929-46bf-8b2d-58a671b58f50,2026-07-27T08:30:00Z,2026-07-27T10:30:00+0200,15.34,EUR/MWh,DK2,DK_2,day_ahead_price,value,2026-08-22T18:55:39Z
2026-08-22T18:49:31Z,2026-08-22T20:49:31+0200,32ee4a35-e929-46bf-8b2d-58a671b58f50,2026-07-27T08:45:00Z,2026-07-27T10:45:00+0200,5.73,EUR/MWh,DK2,DK_2,day_ahead_price,value,2026-08-22T18:55:39Z
2026-08-22T18:49:31Z,2026-08-22T20:49:31+0200,32ee4a35-e929-46bf-8b2d-58a671b58f50,2026-07-27T09:00:00Z,2026-07-27T11:00:00+0200,4.98,EUR/MWh,DK2,DK_2,day_ahead_price,value,2026-08-22T18:55:39Z
2026-08-22T18:49:31Z,2026-08-22T20:49:31+0200,32ee4a35-e929-46bf-8b2d-58a671b58f50,2026-07-27T09:15:00Z,2026-07-27T11:15:00+0200,4.9,EUR/MWh,DK2,DK_2,day_ahead_price,value,2026-08-22T18:55:39Z
2026-08-22T18:49:31Z,2026-08-22T20:49:31+0200,32ee4a35-e929-46bf-8b2d-58a671b58f50,2026-07-27T09:30:00Z,2026-07-27T11:30:00+0200,4.91,EUR/MWh,DK2,DK_2,day_ahead_price,value,2026-08-22T18:55:39Z
2026-08-22T18:49:31Z,2026-08-22T20:49:31+0200,32ee4a35-e929-46bf-8b2d-58a671b58f50,2026-07-27T09:45:00Z,2026-07-27T11:45:00+0200,4.91,EUR/MWh,DK2,DK_2,day_ahead_price,value,2026-08-22T18:55:39Z
2026-08-22T18:49:31Z,2026-08-22T20:49:31+0200,32ee4a35-e929-46bf-8b2d-58a671b58f50,2026-07-27T10:00:00Z,2026-07-27T12:00:00+0200,3.99,EUR/MWh,DK2,DK_2,day_ahead_price,value,2026-08-22T18:55:39Z
2026-08-22T18:49:31Z,2026-08-22T20:49:31+0200,32ee4a35-e929-46bf-8b2d-58a671b58f50,2026-07-27T10:15:00Z,2026-07-27T12:15:00+0200,3.99,EUR/MWh,DK2,DK_2,day_ahead_price,value,2026-08-22T18:55:39Z
2026-08-22T18:49:31Z,2026-08-22T20:49:31+0200,32ee4a35-e929-46bf-8b2d-58a671b58f50,2026-07-27T10:30:00Z,2026-07-27T12:30:00+0200,4.9,EUR/MWh,DK2,DK_2,day_ahead_price,value,2026-08-22T18:55:39Z
2026-08-22T18:49:31Z,2026-08-22T20:49:31+0200,32ee4a35-e929-46bf-8b2d-58a671b58f50,2026-07-27T10:45:00Z,2026-07-27T12:45:00+0200,4.68,EUR/MWh,DK2,DK_2,day_ahead_price,value,2026-08-22T18:55:39Z
2026-08-22T18:49:31Z,2026-08-22T20:49:31+0200,32ee4a35-e929-46bf-8b2d-58a671b58f50,2026-07-27T11:00:00Z,2026-07-27T13:00:00+0200,4.91,EUR/MWh,DK2,DK_2,day_ahead_price,value,2026-08-22T18:55:39Z
2026-08-22T18:49:31Z,2026-08-22T20:49:31+0200,32ee4a35-e929-46bf-8b2d-58a671b58f50,2026-07-27T11:15:00Z,2026-07-27T13:15:00+0200,4.91,EUR/MWh,DK2,DK_2,day_ahead_price,value,2026-08-22T18:55:39Z
2026-08-22T18:49:31Z,2026-08-22T20:49:31+0200,32ee4a35-e929-46bf-8b2d-58a671b58f50,2026-07-27T11:30:00Z,2026-07-27T13:30:00+0200,4.91,EUR/MWh,DK2,DK_2,day_ahead_price,value,2026-08-22T18:55:39Z
2026-08-22T18:49:31Z,2026-08-22T20:49:31+0200,32ee4a35-e929-46bf-8b2d-58a671b58f50,2026-07-27T11:45:00Z,2026-07-27T13:45:00+0200,4.91,EUR/MWh,DK2,DK_2,day_ahead_price,value,2026-08-22T18:55:39Z
2026-08-22T18:49:31Z,2026-08-22T20:49:31+0200,32ee4a35-e929-46bf-8b2d-58a671b58f50,2026-07-27T12:00:00Z,2026-07-27T14:00:00+0200,4.93,EUR/MWh,DK2,DK_2,day_ahead_price,value,2026-08-22T18:55:39Z
2026-08-22T18:49:31Z,2026-08-22T20:49:31+0200,32ee4a35-e929-46bf-8b2d-58a671b58f50,2026-07-27T12:15:00Z,2026-07-27T14:15:00+0200,4.93,EUR/MWh,DK2,DK_2,day_ahead_price,value,2026-08-22T18:55:39Z
2026-08-22T18:49:31Z,2026-08-22T20:49:31+0200,32ee4a35-e929-46bf-8b2d-58a671b58f50,2026-07-27T12:30:00Z,2026-07-27T14:30:00+0200,4.92,EUR/MWh,DK2,DK_2,day_ahead_price,value,2026-08-22T18:55:39Z
2026-08-22T18:49:31Z,2026-08-22T20:49:31+0200,32ee4a35-e929-46bf-8b2d-58a671b58f50,2026-07-27T12:45:00Z,2026-07-27T14:45:00+0200,4.92,EUR/MWh,DK2,DK_2,day_ahead_price,value,2026-08-22T18:55:39Z
2026-08-22T18:49:31Z,2026-08-22T20:49:31+0200,32ee4a35-e929-46bf-8b2d-58a671b58f50,2026-07-27T13:00:00Z,2026-07-27T15:00:00+0200,4.93,EUR/MWh,DK2,DK_2,day_ahead_price,value,2026-08-22T18:55:39Z
2026-08-22T18:49:31Z,2026-08-22T20:49:31+0200,32ee4a35-e929-46bf-8b2d-58a671b58f50,2026-07-27T13:15:00Z,2026-07-27T15:15:00+0200,4.92,EUR/MWh,DK2,DK_2,day_ahead_price,value,2026-08-22T18:55:39Z
2026-08-22T18:49:31Z,2026-08-22T20:49:31+0200,32ee4a35-e929-46bf-8b2d-58a671b58f50,2026-07-27T13:30:00Z,2026-07-27T15:30:00+0200,4.92,EUR/MWh,DK2,DK_2,day_ahead_price,value,2026-08-22T18:55:39Z
2026-08-22T18:49:31Z,2026-08-22T20:49:31+0200,32ee4a35-e929-46bf-8b2d-58a671b58f50,2026-07-27T13:45:00Z,2026-07-27T15:45:00+0200,4.92,EUR/MWh,DK2,DK_2,day_ahead_price,value,2026-08-22T18:55:39Z
2026-08-22T18:49:31Z,2026-08-22T20:49:31+0200,32ee4a35-e929-46bf-8b2d-58a671b58f50,2026-07-27T14:00:00Z,2026-07-27T16:00:00+0200,4.94,EUR/MWh,DK2,DK_2,day_ahead_price,value,2026-08-22T18:55:39Z
2026-08-22T18:49:31Z,2026-08-22T20:49:31+0200,32ee4a35-e929-46bf-8b2d-58a671b58f50,2026-07-27T14:15:00Z,2026-07-27T16:15:00+0200,4.95,EUR/MWh,DK2,DK_2,day_ahead_price,value,2026-08-22T18:55:39Z
2026-08-22T18:49:31Z,2026-08-22T20:49:31+0200,32ee4a35-e929-46bf-8b2d-58a671b58f50,2026-07-27T14:30:00Z,2026-07-27T16:30:00+0200,4.94,EUR/MWh,DK2,DK_2,day_ahead_price,value,2026-08-22T18:55:39Z
2026-08-22T18:49:31Z,2026-08-22T20:49:31+0200,32ee4a35-e929-46bf-8b2d-58a671b58f50,2026-07-27T14:45:00Z,2026-07-27T16:45:00+0200,4.96,EUR/MWh,DK2,DK_2,day_ahead_price,value,2026-08-22T18:55:39Z
2026-08-22T18:49:31Z,2026-08-22T20:49:31+0200,32ee4a35-e929-46bf-8b2d-58a671b58f50,2026-07-27T15:00:00Z,2026-07-27T17:00:00+0200,4.97,EUR/MWh,DK2,DK_2,day_ahead_price,value,2026-08-22T18:55:39Z
2026-08-22T18:49:31Z,2026-08-22T20:49:31+0200,32ee4a35-e929-46bf-8b2d-58a671b58f50,2026-07-27T15:15:00Z,2026-07-27T17:15:00+0200,4.99,EUR/MWh,DK2,DK_2,day_ahead_price,value,2026-08-22T18:55:39Z
2026-08-22T18:49:31Z,2026-08-22T20:49:31+0200,32ee4a35-e929-46bf-8b2d-58a671b58f50,2026-07-27T15:30:00Z,2026-07-27T17:30:00+0200,17.35,EUR/MWh,DK2,DK_2,day_ahead_price,value,2026-08-22T18:55:39Z
2026-08-22T18:49:31Z,2026-08-22T20:49:31+0200,32ee4a35-e929-46bf-8b2d-58a671b58f50,2026-07-27T15:45:00Z,2026-07-27T17:45:00+0200,37.509998,EUR/MWh,DK2,DK_2,day_ahead_price,value,2026-08-22T18:55:39Z
2026-08-22T18:49:31Z,2026-08-22T20:49:31+0200,32ee4a35-e929-46bf-8b2d-58a671b58f50,2026-07-27T16:00:00Z,2026-07-27T18:00:00+0200,39.18,EUR/MWh,DK2,DK_2,day_ahead_price,value,2026-08-22T18:55:39Z
2026-08-22T18:49:31Z,2026-08-22T20:49:31+0200,32ee4a35-e929-46bf-8b2d-58a671b58f50,2026-07-27T16:15:00Z,2026-07-27T18:15:00+0200,84.4,EUR/MWh,DK2,DK_2,day_ahead_price,value,2026-08-22T18:55:39Z
2026-08-22T18:49:31Z,2026-08-22T20:49:31+0200,32ee4a35-e929-46bf-8b2d-58a671b58f50,2026-07-27T16:30:00Z,2026-07-27T18:30:00+0200,106.04,EUR/MWh,DK2,DK_2,day_ahead_price,value,2026-08-22T18:55:39Z
2026-08-22T18:49:31Z,2026-08-22T20:49:31+0200,32ee4a35-e929-46bf-8b2d-58a671b58f50,2026-07-27T16:45:00Z,2026-07-27T18:45:00+0200,117.96,EUR/MWh,DK2,DK_2,day_ahead_price,value,2026-08-22T18:55:39Z
2026-08-22T18:49:31Z,2026-08-22T20:49:31+0200,32ee4a35-e929-46bf-8b2d-58a671b58f50,2026-07-27T17:00:00Z,2026-07-27T19:00:00+0200,115.419998,EUR/MWh,DK2,DK_2,day_ahead_price,value,2026-08-22T18:55:39Z
2026-08-22T18:49:31Z,2026-08-22T20:49:31+0200,32ee4a35-e929-46bf-8b2d-58a671b58f50,2026-07-27T17:15:00Z,2026-07-27T19:15:00+0200,123.239998,EUR/MWh,DK2,DK_2,day_ahead_price,value,2026-08-22T18:55:39Z
2026-08-22T18:49:31Z,2026-08-22T20:49:31+0200,32ee4a35-e929-46bf-8b2d-58a671b58f50,2026-07-27T17:30:00Z,2026-07-27T19:30:00+0200,127.84,EUR/MWh,DK2,DK_2,day_ahead_price,value,2026-08-22T18:55:39Z
2026-08-22T18:49:31Z,2026-08-22T20:49:31+0200,32ee4a35-e929-46bf-8b2d-58a671b58f50,2026-07-27T17:45:00Z,2026-07-27T19:45:00+0200,130.42,EUR/MWh,DK2,DK_2,day_ahead_price,value,2026-08-22T18:55:39Z
2026-08-22T18:49:31Z,2026-08-22T20:49:31+0200,32ee4a35-e929-46bf-8b2d-58a671b58f50,2026-07-27T18:00:00Z,2026-07-27T20:00:00+0200,132.39,EUR/MWh,DK2,DK_2,day_ahead_price,value,2026-08-22T18:55:39Z
2026-08-22T18:49:31Z,2026-08-22T20:49:31+0200,32ee4a35-e929-46bf-8b2d-58a671b58f50,2026-07-27T18:15:00Z,2026-07-27T20:15:00+0200,133.809998,EUR/MWh,DK2,DK_2,day_ahead_price,value,2026-08-22T18:55:39Z
2026-08-22T18:49:31Z,2026-08-22T20:49:31+0200,32ee4a35-e929-46bf-8b2d-58a671b58f50,2026-07-27T18:30:00Z,2026-07-27T20:30:00+0200,134.270004,EUR/MWh,DK2,DK_2,day_ahead_price,value,2026-08-22T18:55:39Z
2026-08-22T18:49:31Z,2026-08-22T20:49:31+0200,32ee4a35-e929-46bf-8b2d-58a671b58f50,2026-07-27T18:45:00Z,2026-07-27T20:45:00+0200,123.300003,EUR/MWh,DK2,DK_2,day_ahead_price,value,2026-08-22T18:55:39Z
2026-08-22T18:49:31Z,2026-08-22T20:49:31+0200,32ee4a35-e929-46bf-8b2d-58a671b58f50,2026-07-27T19:00:00Z,2026-07-27T21:00:00+0200,154.369995,EUR/MWh,DK2,DK_2,day_ahead_price,value,2026-08-22T18:55:39Z
2026-08-22T18:49:31Z,2026-08-22T20:49:31+0200,32ee4a35-e929-46bf-8b2d-58a671b58f50,2026-07-27T19:15:00Z,2026-07-27T21:15:00+0200,140.070007,EUR/MWh,DK2,DK_2,day_ahead_price,value,2026-08-22T18:55:39Z
2026-08-22T18:49:31Z,2026-08-22T20:49:31+0200,32ee4a35-e929-46bf-8b2d-58a671b58f50,2026-07-27T19:30:00Z,2026-07-27T21:30:00+0200,140.130005,EUR/MWh,DK2,DK_2,day_ahead_price,value,2026-08-22T18:55:39Z
2026-08-22T18:49:31Z,2026-08-22T20:49:31+0200,32ee4a35-e929-46bf-8b2d-58a671b58f50,2026-07-27T19:45:00Z,2026-07-27T21:45:00+0200,145.15,EUR/MWh,DK2,DK_2,day_ahead_price,value,2026-08-22T18:55:39Z
2026-08-22T18:49:31Z,2026-08-22T20:49:31+0200,32ee4a35-e929-46bf-8b2d-58a671b58f50,2026-07-27T20:00:00Z,2026-07-27T22:00:00+0200,140.32,EUR/MWh,DK2,DK_2,day_ahead_price,value,2026-08-22T18:55:39Z
2026-08-22T18:49:31Z,2026-08-22T20:49:31+0200,32ee4a35-e929-46bf-8b2d-58a671b58f50,2026-07-27T20:15:00Z,2026-07-27T22:15:00+0200,145.509995,EUR/MWh,DK2,DK_2,day_ahead_price,value,2026-08-22T18:55:39Z
2026-08-22T18:49:31Z,2026-08-22T20:49:31+0200,32ee4a35-e929-46bf-8b2d-58a671b58f50,2026-07-27T20:30:00Z,2026-07-27T22:30:00+0200,148.429993,EUR/MWh,DK2,DK_2,day_ahead_price,value,2026-08-22T18:55:39Z
2026-08-22T18:49:31Z,2026-08-22T20:49:31+0200,32ee4a35-e929-46bf-8b2d-58a671b58f50,2026-07-27T20:45:00Z,2026-07-27T22:45:00+0200,148.300003,EUR/MWh,DK2,DK_2,day_ahead_price,value,2026-08-22T18:55:39Z
2026-08-22T18:49:31Z,2026-08-22T20:49:31+0200,32ee4a35-e929-46bf-8b2d-58a671b58f50,2026-07-27T21:00:00Z,2026-07-27T23:00:00+0200,147.710007,EUR/MWh,DK2,DK_2,day_ahead_price,value,2026-08-22T18:55:39Z
2026-08-22T18:49:31Z,2026-08-22T20:49:31+0200,32ee4a35-e929-46bf-8b2d-58a671b58f50,2026-07-27T21:15:00Z,2026-07-27T23:15:00+0200,144.259995,EUR/MWh,DK2,DK_2,day_ahead_price,value,2026-08-22T18:55:39Z
2026-08-22T18:49:31Z,2026-08-22T20:49:31+0200,32ee4a35-e929-46bf-8b2d-58a671b58f50,2026-07-27T21:30:00Z,2026-07-27T23:30:00+0200,142.309998,EUR/MWh,DK2,DK_2,day_ahead_price,value,2026-08-22T18:55:39Z
2026-08-22T18:49:31Z,2026-08-22T20:49:31+0200,32ee4a35-e929-46bf-8b2d-58a671b58f50,2026-07-27T21:45:00Z,2026-07-27T23:45:00+0200,137.240005,EUR/MWh,DK2,DK_2,day_ahead_price,value,2026-08-22T18:55:39Z
2026-08-22T18:49:31Z,2026-08-22T20:49:31+0200,32ee4a35-e929-46bf-8b2d-58a671b58f50,2026-07-27T22:00:00Z,2026-07-28T00:00:00+0200,167.25,EUR/MWh,DK2,DK_2,day_ahead_price,value,2026-08-22T18:55:39Z
2026-08-22T18:49:31Z,2026-08-22T20:49:31+0200,32ee4a35-e929-46bf-8b2d-58a671b58f50,2026-07-27T22:15:00Z,2026-07-28T00:15:00+0200,164.589996,EUR/MWh,DK2,DK_2,day_ahead_price,value,2026-08-22T18:55:39Z
2026-08-22T18:49:31Z,2026-08-22T20:49:31+0200,32ee4a35-e929-46bf-8b2d-58a671b58f50,2026-07-27T22:30:00Z,2026-07-28T00:30:00+0200,149.259995,EUR/MWh,DK2,DK_2,day_ahead_price,value,2026-08-22T18:55:39Z
2026-08-22T18:49:31Z,2026-08-22T20:49:31+0200,32ee4a35-e929-46bf-8b2d-58a671b58f50,2026-07-27T22:45:00Z,2026-07-28T00:45:00+0200,140.68,EUR/MWh,DK2,DK_2,day_ahead_price,value,2026-08-22T18:55:39Z
2026-08-22T18:49:31Z,2026-08-22T20:49:31+0200,32ee4a35-e929-46bf-8b2d-58a671b58f50,2026-07-27T23:00:00Z,2026-07-28T01:00:00+0200,151.56,EUR/MWh,DK2,DK_2,day_ahead_price,value,2026-08-22T18:55:39Z
2026-08-22T18:49:31Z,2026-08-22T20:49:31+0200,32ee4a35-e929-46bf-8b2d-58a671b58f50,2026-07-27T23:15:00Z,2026-07-28T01:15:00+0200,146.289993,EUR/MWh,DK2,DK_2,day_ahead_price,value,2026-08-22T18:55:39Z
2026-08-22T18:49:31Z,2026-08-22T20:49:31+0200,32ee4a35-e929-46bf-8b2d-58a671b58f50,2026-07-27T23:30:00Z,2026-07-28T01:30:00+0200,142.19,EUR/MWh,DK2,DK_2,day_ahead_price,value,2026-08-22T18:55:39Z
2026-08-22T18:49:31Z,2026-08-22T20:49:31+0200,32ee4a35-e929-46bf-8b2d-58a671b58f50,2026-07-27T23:45:00Z,2026-07-28T01:45:00+0200,140.45,EUR/MWh,DK2,DK_2,day_ahead_price,value,2026-08-22T18:55:39Z
2026-08-22T18:49:31Z,2026-08-22T20:49:31+0200,32ee4a35-e929-46bf-8b2d-58a671b58f50,2026-07-28T00:00:00Z,2026-07-28T02:00:00+0200,144.03,EUR/MWh,DK2,DK_2,day_ahead_price,value,2026-08-22T18:55:39Z
2026-08-22T18:49:31Z,2026-08-22T20:49:31+0200,32ee4a35-e929-46bf-8b2d-58a671b58f50,2026-07-28T00:15:00Z,2026-07-28T02:15:00+0200,138.26,EUR/MWh,DK2,DK_2,day_ahead_price,value,2026-08-22T18:55:39Z
2026-08-22T18:49:31Z,2026-08-22T20:49:31+0200,32ee4a35-e929-46bf-8b2d-58a671b58f50,2026-07-28T00:30:00Z,2026-07-28T02:30:00+0200,135.84,EUR/MWh,DK2,DK_2,day_ahead_price,value,2026-08-22T18:55:39Z
2026-08-22T18:49:31Z,2026-08-22T20:49:31+0200,32ee4a35-e929-46bf-8b2d-58a671b58f50,2026-07-28T00:45:00Z,2026-07-28T02:45:00+0200,134.910004,EUR/MWh,DK2,DK_2,day_ahead_price,value,2026-08-22T18:55:39Z
2026-08-22T18:49:31Z,2026-08-22T20:49:31+0200,32ee4a35-e929-46bf-8b2d-58a671b58f50,2026-07-28T01:00:00Z,2026-07-28T03:00:00+0200,134.04,EUR/MWh,DK2,DK_2,day_ahead_price,value,2026-08-22T18:55:39Z
2026-08-22T18:49:31Z,2026-08-22T20:49:31+0200,32ee4a35-e929-46bf-8b2d-58a671b58f50,2026-07-28T01:15:00Z,2026-07-28T03:15:00+0200,132.9,EUR/MWh,DK2,DK_2,day_ahead_price,value,2026-08-22T18:55:39Z
2026-08-22T18:49:31Z,2026-08-22T20:49:31+0200,32ee4a35-e929-46bf-8b2d-58a671b58f50,2026-07-28T01:30:00Z,2026-07-28T03:30:00+0200,131.64,EUR/MWh,DK2,DK_2,day_ahead_price,value,2026-08-22T18:55:39Z
2026-08-22T18:49:31Z,2026-08-22T20:49:31+0200,32ee4a35-e929-46bf-8b2d-58a671b58f50,2026-07-28T01:45:00Z,2026-07-28T03:45:00+0200,132.130005,EUR/MWh,DK2,DK_2,day_ahead_price,value,2026-08-22T18:55:39Z
2026-08-22T18:49:31Z,2026-08-22T20:49:31+0200,32ee4a35-e929-46bf-8b2d-58a671b58f50,2026-07-28T02:00:00Z,2026-07-28T04:00:00+0200,129.65,EUR/MWh,DK2,DK_2,day_ahead_price,value,2026-08-22T18:55:39Z
2026-08-22T18:49:31Z,2026-08-22T20:49:31+0200,32ee4a35-e929-46bf-8b2d-58a671b58f50,2026-07-28T02:15:00Z,2026-07-28T04:15:00+0200,131.78,EUR/MWh,DK2,DK_2,day_ahead_price,value,2026-08-22T18:55:39Z
2026-08-22T18:49:31Z,2026-08-22T20:49:31+0200,32ee4a35-e929-46bf-8b2d-58a671b58f50,2026-07-28T02:30:00Z,2026-07-28T04:30:00+0200,133.690002,EUR/MWh,DK2,DK_2,day_ahead_price,value,2026-08-22T18:55:39Z
2026-08-22T18:49:31Z,2026-08-22T20:49:31+0200,32ee4a35-e929-46bf-8b2d-58a671b58f50,2026-07-28T02:45:00Z,2026-07-28T04:45:00+0200,134.41,EUR/MWh,DK2,DK_2,day_ahead_price,value,2026-08-22T18:55:39Z
2026-08-22T18:49:31Z,2026-08-22T20:49:31+0200,32ee4a35-e929-46bf-8b2d-58a671b58f50,2026-07-28T03:00:00Z,2026-07-28T05:00:00+0200,129.979996,EUR/MWh,DK2,DK_2,day_ahead_price,value,2026-08-22T18:55:39Z
2026-08-22T18:49:31Z,2026-08-22T20:49:31+0200,32ee4a35-e929-46bf-8b2d-58a671b58f50,2026-07-28T03:15:00Z,2026-07-28T05:15:00+0200,131.32,EUR/MWh,DK2,DK_2,day_ahead_price,value,2026-08-22T18:55:39Z
2026-08-22T18:49:31Z,2026-08-22T20:49:31+0200,32ee4a35-e929-46bf-8b2d-58a671b58f50,2026-07-28T03:30:00Z,2026-07-28T05:30:00+0200,135.22,EUR/MWh,DK2,DK_2,day_ahead_price,value,2026-08-22T18:55:39Z
2026-08-22T18:49:31Z,2026-08-22T20:49:31+0200,32ee4a35-e929-46bf-8b2d-58a671b58f50,2026-07-28T03:45:00Z,2026-07-28T05:45:00+0200,144.01,EUR/MWh,DK2,DK_2,day_ahead_price,value,2026-08-22T18:55:39Z
2026-08-22T18:49:31Z,2026-08-22T20:49:31+0200,32ee4a35-e929-46bf-8b2d-58a671b58f50,2026-07-28T04:00:00Z,2026-07-28T06:00:00+0200,139.130005,EUR/MWh,DK2,DK_2,day_ahead_price,value,2026-08-22T18:55:39Z
2026-08-22T18:49:31Z,2026-08-22T20:49:31+0200,32ee4a35-e929-46bf-8b2d-58a671b58f50,2026-07-28T04:15:00Z,2026-07-28T06:15:00+0200,146.31,EUR/MWh,DK2,DK_2,day_ahead_price,value,2026-08-22T18:55:39Z
2026-08-22T18:49:31Z,2026-08-22T20:49:31+0200,32ee4a35-e929-46bf-8b2d-58a671b58f50,2026-07-28T04:30:00Z,2026-07-28T06:30:00+0200,156.830002,EUR/MWh,DK2,DK_2,day_ahead_price,value,2026-08-22T18:55:39Z
2026-08-22T18:49:31Z,2026-08-22T20:49:31+0200,32ee4a35-e929-46bf-8b2d-58a671b58f50,2026-07-28T04:45:00Z,2026-07-28T06:45:00+0200,156.87,EUR/MWh,DK2,DK_2,day_ahead_price,value,2026-08-22T18:55:39Z
2026-08-22T18:49:31Z,2026-08-22T20:49:31+0200,32ee4a35-e929-46bf-8b2d-58a671b58f50,2026-07-28T05:00:00Z,2026-07-28T07:00:00+0200,153.25,EUR/MWh,DK2,DK_2,day_ahead_price,value,2026-08-22T18:55:39Z
2026-08-22T18:49:31Z,2026-08-22T20:49:31+0200,32ee4a35-e929-46bf-8b2d-58a671b58f50,2026-07-28T05:15:00Z,2026-07-28T07:15:00+0200,153.31,EUR/MWh,DK2,DK_2,day_ahead_price,value,2026-08-22T18:55:39Z
2026-08-22T18:49:31Z,2026-08-22T20:49:31+0200,32ee4a35-e929-46bf-8b2d-58a671b58f50,2026-07-28T05:30:00Z,2026-07-28T07:30:00+0200,156.63,EUR/MWh,DK2,DK_2,day_ahead_price,value,2026-08-22T18:55:39Z
2026-08-22T18:49:31Z,2026-08-22T20:49:31+0200,32ee4a35-e929-46bf-8b2d-58a671b58f50,2026-07-28T05:45:00Z,2026-07-28T07:45:00+0200,146.559998,EUR/MWh,DK2,DK_2,day_ahead_price,value,2026-08-22T18:55:39Z
2026-08-22T18:49:31Z,2026-08-22T20:49:31+0200,32ee4a35-e929-46bf-8b2d-58a671b58f50,2026-07-28T06:00:00Z,2026-07-28T08:00:00+0200,161.240005,EUR/MWh,DK2,DK_2,day_ahead_price,value,2026-08-22T18:55:39Z
2026-08-22T18:49:31Z,2026-08-22T20:49:31+0200,32ee4a35-e929-46bf-8b2d-58a671b58f50,2026-07-28T06:15:00Z,2026-07-28T08:15:00+0200,147.580002,EUR/MWh,DK2,DK_2,day_ahead_price,value,2026-08-22T18:55:39Z
2026-08-22T18:49:31Z,2026-08-22T20:49:31+0200,32ee4a35-e929-46bf-8b2d-58a671b58f50,2026-07-28T06:30:00Z,2026-07-28T08:30:00+0200,137.509995,EUR/MWh,DK2,DK_2,day_ahead_price,value,2026-08-22T18:55:39Z
2026-08-22T18:49:31Z,2026-08-22T20:49:31+0200,32ee4a35-e929-46bf-8b2d-58a671b58f50,2026-07-28T06:45:00Z,2026-07-28T08:45:00+0200,111.77,EUR/MWh,DK2,DK_2,day_ahead_price,value,2026-08-22T18:55:39Z
2026-08-22T18:49:31Z,2026-08-22T20:49:31+0200,32ee4a35-e929-46bf-8b2d-58a671b58f50,2026-07-28T07:00:00Z,2026-07-28T09:00:00+0200,155.4,EUR/MWh,DK2,DK_2,day_ahead_price,value,2026-08-22T18:55:39Z
2026-08-22T18:49:31Z,2026-08-22T20:49:31+0200,32ee4a35-e929-46bf-8b2d-58a671b58f50,2026-07-28T07:15:00Z,2026-07-28T09:15:00+0200,116.17,EUR/MWh,DK2,DK_2,day_ahead_price,value,2026-08-22T18:55:39Z
2026-08-22T18:49:31Z,2026-08-22T20:49:31+0200,32ee4a35-e929-46bf-8b2d-58a671b58f50,2026-07-28T07:30:00Z,2026-07-28T09:30:00+0200,96.25,EUR/MWh,DK2,DK_2,day_ahead_price,value,2026-08-22T18:55:39Z
2026-08-22T18:49:31Z,2026-08-22T20:49:31+0200,32ee4a35-e929-46bf-8b2d-58a671b58f50,2026-07-28T07:45:00Z,2026-07-28T09:45:00+0200,68.529999,EUR/MWh,DK2,DK_2,day_ahead_price,value,2026-08-22T18:55:39Z
2026-08-22T18:49:31Z,2026-08-22T20:49:31+0200,32ee4a35-e929-46bf-8b2d-58a671b58f50,2026-07-28T08:00:00Z,2026-07-28T10:00:00+0200,86.2,EUR/MWh,DK2,DK_2,day_ahead_price,value,2026-08-22T18:55:39Z
2026-08-22T18:49:31Z,2026-08-22T20:49:31+0200,32ee4a35-e929-46bf-8b2d-58a671b58f50,2026-07-28T08:15:00Z,2026-07-28T10:15:00+0200,40.88,EUR/MWh,DK2,DK_2,day_ahead_price,value,2026-08-22T18:55:39Z
2026-08-22T18:49:31Z,2026-08-22T20:49:31+0200,32ee4a35-e929-46bf-8b2d-58a671b58f50,2026-07-28T08:30:00Z,2026-07-28T10:30:00+0200,14.16,EUR/MWh,DK2,DK_2,day_ahead_price,value,2026-08-22T18:55:39Z
2026-08-22T18:49:31Z,2026-08-22T20:49:31+0200,32ee4a35-e929-46bf-8b2d-58a671b58f50,2026-07-28T08:45:00Z,2026-07-28T10:45:00+0200,4.38,EUR/MWh,DK2,DK_2,day_ahead_price,value,2026-08-22T18:55:39Z
2026-08-22T18:49:31Z,2026-08-22T20:49:31+0200,32ee4a35-e929-46bf-8b2d-58a671b58f50,2026-07-28T09:00:00Z,2026-07-28T11:00:00+0200,6.76,EUR/MWh,DK2,DK_2,day_ahead_price,value,2026-08-22T18:55:39Z
2026-08-22T18:49:31Z,2026-08-22T20:49:31+0200,32ee4a35-e929-46bf-8b2d-58a671b58f50,2026-07-28T09:15:00Z,2026-07-28T11:15:00+0200,3.7,EUR/MWh,DK2,DK_2,day_ahead_price,value,2026-08-22T18:55:39Z
2026-08-22T18:49:31Z,2026-08-22T20:49:31+0200,32ee4a35-e929-46bf-8b2d-58a671b58f50,2026-07-28T09:30:00Z,2026-07-28T11:30:00+0200,2.85,EUR/MWh,DK2,DK_2,day_ahead_price,value,2026-08-22T18:55:39Z
2026-08-22T18:49:31Z,2026-08-22T20:49:31+0200,32ee4a35-e929-46bf-8b2d-58a671b58f50,2026-07-28T09:45:00Z,2026-07-28T11:45:00+0200,1.56,EUR/MWh,DK2,DK_2,day_ahead_price,value,2026-08-22T18:55:39Z
2026-08-22T18:49:31Z,2026-08-22T20:49:31+0200,32ee4a35-e929-46bf-8b2d-58a671b58f50,2026-07-28T10:00:00Z,2026-07-28T12:00:00+0200,1.26,EUR/MWh,DK2,DK_2,day_ahead_price,value,2026-08-22T18:55:39Z
2026-08-22T18:49:31Z,2026-08-22T20:49:31+0200,32ee4a35-e929-46bf-8b2d-58a671b58f50,2026-07-28T10:15:00Z,2026-07-28T12:15:00+0200,0.92,EUR/MWh,DK2,DK_2,day_ahead_price,value,2026-08-22T18:55:39Z
2026-08-22T18:49:31Z,2026-08-22T20:49:31+0200,32ee4a35-e929-46bf-8b2d-58a671b58f50,2026-07-28T10:30:00Z,2026-07-28T12:30:00+0200,0.77,EUR/MWh,DK2,DK_2,day_ahead_price,value,2026-08-22T18:55:39Z
2026-08-22T18:49:31Z,2026-08-22T20:49:31+0200,32ee4a35-e929-46bf-8b2d-58a671b58f50,2026-07-28T10:45:00Z,2026-07-28T12:45:00+0200,0.77,EUR/MWh,DK2,DK_2,day_ahead_price,value,2026-08-22T18:55:39Z
2026-08-22T18:49:31Z,2026-08-22T20:49:31+0200,32ee4a35-e929-46bf-8b2d-58a671b58f50,2026-07-28T11:00:00Z,2026-07-28T13:00:00+0200,1.26,EUR/MWh,DK2,DK_2,day_ahead_price,value,2026-08-22T18:55:39Z
2026-08-22T18:49:31Z,2026-08-22T20:49:31+0200,32ee4a35-e929-46bf-8b2d-58a671b58f50,2026-07-28T11:15:00Z,2026-07-28T13:15:00+0200,1.25,EUR/MWh,DK2,DK_2,day_ahead_price,value,2026-08-22T18:55:39Z
2026-08-22T18:49:31Z,2026-08-22T20:49:31+0200,32ee4a35-e929-46bf-8b2d-58a671b58f50,2026-07-28T11:30:00Z,2026-07-28T13:30:00+0200,1.18,EUR/MWh,DK2,DK_2,day_ahead_price,value,2026-08-22T18:55:39Z
2026-08-22T18:49:31Z,2026-08-22T20:49:31+0200,32ee4a35-e929-46bf-8b2d-58a671b58f50,2026-07-28T11:45:00Z,2026-07-28T13:45:00+0200,1.27,EUR/MWh,DK2,DK_2,day_ahead_price,value,2026-08-22T18:55:39Z
2026-08-22T18:49:31Z,2026-08-22T20:49:31+0200,32ee4a35-e929-46bf-8b2d-58a671b58f50,2026-07-28T12:00:00Z,2026-07-28T14:00:00+0200,1.29,EUR/MWh,DK2,DK_2,day_ahead_price,value,2026-08-22T18:55:39Z
2026-08-22T18:49:31Z,2026-08-22T20:49:31+0200,32ee4a35-e929-46bf-8b2d-58a671b58f50,2026-07-28T12:15:00Z,2026-07-28T14:15:00+0200,1.28,EUR/MWh,DK2,DK_2,day_ahead_price,value,2026-08-22T18:55:39Z
2026-08-22T18:49:31Z,2026-08-22T20:49:31+0200,32ee4a35-e929-46bf-8b2d-58a671b58f50,2026-07-28T12:30:00Z,2026-07-28T14:30:00+0200,1.25,EUR/MWh,DK2,DK_2,day_ahead_price,value,2026-08-22T18:55:39Z
2026-08-22T18:49:31Z,2026-08-22T20:49:31+0200,32ee4a35-e929-46bf-8b2d-58a671b58f50,2026-07-28T12:45:00Z,2026-07-28T14:45:00+0200,1.27,EUR/MWh,DK2,DK_2,day_ahead_price,value,2026-08-22T18:55:39Z
2026-08-22T18:49:31Z,2026-08-22T20:49:31+0200,32ee4a35-e929-46bf-8b2d-58a671b58f50,2026-07-28T13:00:00Z,2026-07-28T15:00:00+0200,0.68,EUR/MWh,DK2,DK_2,day_ahead_price,value,2026-08-22T18:55:39Z
2026-08-22T18:49:31Z,2026-08-22T20:49:31+0200,32ee4a35-e929-46bf-8b2d-58a671b58f50,2026-07-28T13:15:00Z,2026-07-28T15:15:00+0200,1.36,EUR/MWh,DK2,DK_2,day_ahead_price,value,2026-08-22T18:55:39Z
2026-08-22T18:49:31Z,2026-08-22T20:49:31+0200,32ee4a35-e929-46bf-8b2d-58a671b58f50,2026-07-28T13:30:00Z,2026-07-28T15:30:00+0200,2.7,EUR/MWh,DK2,DK_2,day_ahead_price,value,2026-08-22T18:55:39Z
2026-08-22T18:49:31Z,2026-08-22T20:49:31+0200,32ee4a35-e929-46bf-8b2d-58a671b58f50,2026-07-28T13:45:00Z,2026-07-28T15:45:00+0200,8.87,EUR/MWh,DK2,DK_2,day_ahead_price,value,2026-08-22T18:55:39Z
2026-08-22T18:49:31Z,2026-08-22T20:49:31+0200,32ee4a35-e929-46bf-8b2d-58a671b58f50,2026-07-28T14:00:00Z,2026-07-28T16:00:00+0200,4.97,EUR/MWh,DK2,DK_2,day_ahead_price,value,2026-08-22T18:55:39Z
2026-08-22T18:49:31Z,2026-08-22T20:49:31+0200,32ee4a35-e929-46bf-8b2d-58a671b58f50,2026-07-28T14:15:00Z,2026-07-28T16:15:00+0200,15.99,EUR/MWh,DK2,DK_2,day_ahead_price,value,2026-08-22T18:55:39Z
2026-08-22T18:49:31Z,2026-08-22T20:49:31+0200,32ee4a35-e929-46bf-8b2d-58a671b58f50,2026-07-28T14:30:00Z,2026-07-28T16:30:00+0200,63.0,EUR/MWh,DK2,DK_2,day_ahead_price,value,2026-08-22T18:55:39Z
2026-08-22T18:49:31Z,2026-08-22T20:49:31+0200,32ee4a35-e929-46bf-8b2d-58a671b58f50,2026-07-28T14:45:00Z,2026-07-28T16:45:00+0200,97.9,EUR/MWh,DK2,DK_2,day_ahead_price,value,2026-08-22T18:55:39Z
2026-08-22T18:49:31Z,2026-08-22T20:49:31+0200,32ee4a35-e929-46bf-8b2d-58a671b58f50,2026-07-28T15:00:00Z,2026-07-28T17:00:00+0200,60.48,EUR/MWh,DK2,DK_2,day_ahead_price,value,2026-08-22T18:55:39Z
2026-08-22T18:49:31Z,2026-08-22T20:49:31+0200,32ee4a35-e929-46bf-8b2d-58a671b58f50,2026-07-28T15:15:00Z,2026-07-28T17:15:00+0200,101.79,EUR/MWh,DK2,DK_2,day_ahead_price,value,2026-08-22T18:55:39Z
2026-08-22T18:49:31Z,2026-08-22T20:49:31+0200,32ee4a35-e929-46bf-8b2d-58a671b58f50,2026-07-28T15:30:00Z,2026-07-28T17:30:00+0200,118.83,EUR/MWh,DK2,DK_2,day_ahead_price,value,2026-08-22T18:55:39Z
2026-08-22T18:49:31Z,2026-08-22T20:49:31+0200,32ee4a35-e929-46bf-8b2d-58a671b58f50,2026-07-28T15:45:00Z,2026-07-28T17:45:00+0200,147.88,EUR/MWh,DK2,DK_2,day_ahead_price,value,2026-08-22T18:55:39Z
2026-08-22T18:49:31Z,2026-08-22T20:49:31+0200,32ee4a35-e929-46bf-8b2d-58a671b58f50,2026-07-28T16:00:00Z,2026-07-28T18:00:00+0200,123.010002,EUR/MWh,DK2,DK_2,day_ahead_price,value,2026-08-22T18:55:39Z
2026-08-22T18:49:31Z,2026-08-22T20:49:31+0200,32ee4a35-e929-46bf-8b2d-58a671b58f50,2026-07-28T16:15:00Z,2026-07-28T18:15:00+0200,155.38,EUR/MWh,DK2,DK_2,day_ahead_price,value,2026-08-22T18:55:39Z
2026-08-22T18:49:31Z,2026-08-22T20:49:31+0200,32ee4a35-e929-46bf-8b2d-58a671b58f50,2026-07-28T16:30:00Z,2026-07-28T18:30:00+0200,167.960007,EUR/MWh,DK2,DK_2,day_ahead_price,value,2026-08-22T18:55:39Z
2026-08-22T18:49:31Z,2026-08-22T20:49:31+0200,32ee4a35-e929-46bf-8b2d-58a671b58f50,2026-07-28T16:45:00Z,2026-07-28T18:45:00+0200,179.58,EUR/MWh,DK2,DK_2,day_ahead_price,value,2026-08-22T18:55:39Z
2026-08-22T18:49:31Z,2026-08-22T20:49:31+0200,32ee4a35-e929-46bf-8b2d-58a671b58f50,2026-07-28T17:00:00Z,2026-07-28T19:00:00+0200,174.53,EUR/MWh,DK2,DK_2,day_ahead_price,value,2026-08-22T18:55:39Z
2026-08-22T18:49:31Z,2026-08-22T20:49:31+0200,32ee4a35-e929-46bf-8b2d-58a671b58f50,2026-07-28T17:15:00Z,2026-07-28T19:15:00+0200,187.12,EUR/MWh,DK2,DK_2,day_ahead_price,value,2026-08-22T18:55:39Z
2026-08-22T18:49:31Z,2026-08-22T20:49:31+0200,32ee4a35-e929-46bf-8b2d-58a671b58f50,2026-07-28T17:30:00Z,2026-07-28T19:30:00+0200,202.23,EUR/MWh,DK2,DK_2,day_ahead_price,value,2026-08-22T18:55:39Z
2026-08-22T18:49:31Z,2026-08-22T20:49:31+0200,32ee4a35-e929-46bf-8b2d-58a671b58f50,2026-07-28T17:45:00Z,2026-07-28T19:45:00+0200,229.910004,EUR/MWh,DK2,DK_2,day_ahead_price,value,2026-08-22T18:55:39Z
2026-08-22T18:49:31Z,2026-08-22T20:49:31+0200,32ee4a35-e929-46bf-8b2d-58a671b58f50,2026-07-28T18:00:00Z,2026-07-28T20:00:00+0200,200.58,EUR/MWh,DK2,DK_2,day_ahead_price,value,2026-08-22T18:55:39Z
2026-08-22T18:49:31Z,2026-08-22T20:49:31+0200,32ee4a35-e929-46bf-8b2d-58a671b58f50,2026-07-28T18:15:00Z,2026-07-28T20:15:00+0200,207.83,EUR/MWh,DK2,DK_2,day_ahead_price,value,2026-08-22T18:55:39Z
2026-08-22T18:49:31Z,2026-08-22T20:49:31+0200,32ee4a35-e929-46bf-8b2d-58a671b58f50,2026-07-28T18:30:00Z,2026-07-28T20:30:00+0200,219.75,EUR/MWh,DK2,DK_2,day_ahead_price,value,2026-08-22T18:55:39Z
2026-08-22T18:49:31Z,2026-08-22T20:49:31+0200,32ee4a35-e929-46bf-8b2d-58a671b58f50,2026-07-28T18:45:00Z,2026-07-28T20:45:00+0200,238.16,EUR/MWh,DK2,DK_2,day_ahead_price,value,2026-08-22T18:55:39Z
2026-08-22T18:49:31Z,2026-08-22T20:49:31+0200,32ee4a35-e929-46bf-8b2d-58a671b58f50,2026-07-28T19:00:00Z,2026-07-28T21:00:00+0200,220.0,EUR/MWh,DK2,DK_2,day_ahead_price,value,2026-08-22T18:55:39Z
2026-08-22T18:49:31Z,2026-08-22T20:49:31+0200,32ee4a35-e929-46bf-8b2d-58a671b58f50,2026-07-28T19:15:00Z,2026-07-28T21:15:00+0200,213.919998,EUR/MWh,DK2,DK_2,day_ahead_price,value,2026-08-22T18:55:39Z
2026-08-22T18:49:31Z,2026-08-22T20:49:31+0200,32ee4a35-e929-46bf-8b2d-58a671b58f50,2026-07-28T19:30:00Z,2026-07-28T21:30:00+0200,205.71,EUR/MWh,DK2,DK_2,day_ahead_price,value,2026-08-22T18:55:39Z
2026-08-22T18:49:31Z,2026-08-22T20:49:31+0200,32ee4a35-e929-46bf-8b2d-58a671b58f50,2026-07-28T19:45:00Z,2026-07-28T21:45:00+0200,200.100006,EUR/MWh,DK2,DK_2,day_ahead_price,value,2026-08-22T18:55:39Z
2026-08-22T18:49:31Z,2026-08-22T20:49:31+0200,32ee4a35-e929-46bf-8b2d-58a671b58f50,2026-07-28T20:00:00Z,2026-07-28T22:00:00+0200,210.79,EUR/MWh,DK2,DK_2,day_ahead_price,value,2026-08-22T18:55:39Z
2026-08-22T18:49:31Z,2026-08-22T20:49:31+0200,32ee4a35-e929-46bf-8b2d-58a671b58f50,2026-07-28T20:15:00Z,2026-07-28T22:15:00+0200,197.06,EUR/MWh,DK2,DK_2,day_ahead_price,value,2026-08-22T18:55:39Z
2026-08-22T18:49:31Z,2026-08-22T20:49:31+0200,32ee4a35-e929-46bf-8b2d-58a671b58f50,2026-07-28T20:30:00Z,2026-07-28T22:30:00+0200,187.550003,EUR/MWh,DK2,DK_2,day_ahead_price,value,2026-08-22T18:55:39Z
2026-08-22T18:49:31Z,2026-08-22T20:49:31+0200,32ee4a35-e929-46bf-8b2d-58a671b58f50,2026-07-28T20:45:00Z,2026-07-28T22:45:00+0200,180.43,EUR/MWh,DK2,DK_2,day_ahead_price,value,2026-08-22T18:55:39Z
2026-08-22T18:49:31Z,2026-08-22T20:49:31+0200,32ee4a35-e929-46bf-8b2d-58a671b58f50,2026-07-28T21:00:00Z,2026-07-28T23:00:00+0200,188.199997,EUR/MWh,DK2,DK_2,day_ahead_price,value,2026-08-22T18:55:39Z
2026-08-22T18:49:31Z,2026-08-22T20:49:31+0200,32ee4a35-e929-46bf-8b2d-58a671b58f50,2026-07-28T21:15:00Z,2026-07-28T23:15:00+0200,173.229996,EUR/MWh,DK2,DK_2,day_ahead_price,value,2026-08-22T18:55:39Z
2026-08-22T18:49:31Z,2026-08-22T20:49:31+0200,32ee4a35-e929-46bf-8b2d-58a671b58f50,2026-07-28T21:30:00Z,2026-07-28T23:30:00+0200,165.95,EUR/MWh,DK2,DK_2,day_ahead_price,value,2026-08-22T18:55:39Z
2026-08-22T18:49:31Z,2026-08-22T20:49:31+0200,32ee4a35-e929-46bf-8b2d-58a671b58f50,2026-07-28T21:45:00Z,2026-07-28T23:45:00+0200,160.779999,EUR/MWh,DK2,DK_2,day_ahead_price,value,2026-08-22T18:55:39Z
2026-08-22T18:49:31Z,2026-08-22T20:49:31+0200,32ee4a35-e929-46bf-8b2d-58a671b58f50,2026-07-28T22:00:00Z,2026-07-29T00:00:00+0200,161.39,EUR/MWh,DK2,DK_2,day_ahead_price,value,2026-08-22T18:55:39Z
2026-08-22T18:49:31Z,2026-08-22T20:49:31+0200,32ee4a35-e929-46bf-8b2d-58a671b58f50,2026-07-28T22:15:00Z,2026-07-29T00:15:00+0200,151.130005,EUR/MWh,DK2,DK_2,day_ahead_price,value,2026-08-22T18:55:39Z
2026-08-22T18:49:31Z,2026-08-22T20:49:31+0200,32ee4a35-e929-46bf-8b2d-58a671b58f50,2026-07-28T22:30:00Z,2026-07-29T00:30:00+0200,154.16,EUR/MWh,DK2,DK_2,day_ahead_price,value,2026-08-22T18:55:39Z
2026-08-22T18:49:31Z,2026-08-22T20:49:31+0200,32ee4a35-e929-46bf-8b2d-58a671b58f50,2026-07-28T22:45:00Z,2026-07-29T00:45:00+0200,141.5,EUR/MWh,DK2,DK_2,day_ahead_price,value,2026-08-22T18:55:39Z
2026-08-22T18:49:31Z,2026-08-22T20:49:31+0200,32ee4a35-e929-46bf-8b2d-58a671b58f50,2026-07-28T23:00:00Z,2026-07-29T01:00:00+0200,152.690002,EUR/MWh,DK2,DK_2,day_ahead_price,value,2026-08-22T18:55:39Z
2026-08-22T18:49:31Z,2026-08-22T20:49:31+0200,32ee4a35-e929-46bf-8b2d-58a671b58f50,2026-07-28T23:15:00Z,2026-07-29T01:15:00+0200,145.46,EUR/MWh,DK2,DK_2,day_ahead_price,value,2026-08-22T18:55:39Z
2026-08-22T18:49:31Z,2026-08-22T20:49:31+0200,32ee4a35-e929-46bf-8b2d-58a671b58f50,2026-07-28T23:30:00Z,2026-07-29T01:30:00+0200,143.01,EUR/MWh,DK2,DK_2,day_ahead_price,value,2026-08-22T18:55:39Z
2026-08-22T18:49:31Z,2026-08-22T20:49:31+0200,32ee4a35-e929-46bf-8b2d-58a671b58f50,2026-07-28T23:45:00Z,2026-07-29T01:45:00+0200,137.2,EUR/MWh,DK2,DK_2,day_ahead_price,value,2026-08-22T18:55:39Z
2026-08-22T18:49:31Z,2026-08-22T20:49:31+0200,32ee4a35-e929-46bf-8b2d-58a671b58f50,2026-07-29T00:00:00Z,2026-07-29T02:00:00+0200,140.9,EUR/MWh,DK2,DK_2,day_ahead_price,value,2026-08-22T18:55:39Z
2026-08-22T18:49:31Z,2026-08-22T20:49:31+0200,32ee4a35-e929-46bf-8b2d-58a671b58f50,2026-07-29T00:15:00Z,2026-07-29T02:15:00+0200,138.320007,EUR/MWh,DK2,DK_2,day_ahead_price,value,2026-08-22T18:55:39Z
2026-08-22T18:49:31Z,2026-08-22T20:49:31+0200,32ee4a35-e929-46bf-8b2d-58a671b58f50,2026-07-29T00:30:00Z,2026-07-29T02:30:00+0200,135.630005,EUR/MWh,DK2,DK_2,day_ahead_price,value,2026-08-22T18:55:39Z
2026-08-22T18:49:31Z,2026-08-22T20:49:31+0200,32ee4a35-e929-46bf-8b2d-58a671b58f50,2026-07-29T00:45:00Z,2026-07-29T02:45:00+0200,133.0,EUR/MWh,DK2,DK_2,day_ahead_price,value,2026-08-22T18:55:39Z
2026-08-22T18:49:31Z,2026-08-22T20:49:31+0200,32ee4a35-e929-46bf-8b2d-58a671b58f50,2026-07-29T01:00:00Z,2026-07-29T03:00:00+0200,135.01,EUR/MWh,DK2,DK_2,day_ahead_price,value,2026-08-22T18:55:39Z
2026-08-22T18:49:31Z,2026-08-22T20:49:31+0200,32ee4a35-e929-46bf-8b2d-58a671b58f50,2026-07-29T01:15:00Z,2026-07-29T03:15:00+0200,135.15,EUR/MWh,DK2,DK_2,day_ahead_price,value,2026-08-22T18:55:39Z
2026-08-22T18:49:31Z,2026-08-22T20:49:31+0200,32ee4a35-e929-46bf-8b2d-58a671b58f50,2026-07-29T01:30:00Z,2026-07-29T03:30:00+0200,135.029999,EUR/MWh,DK2,DK_2,day_ahead_price,value,2026-08-22T18:55:39Z
2026-08-22T18:49:31Z,2026-08-22T20:49:31+0200,32ee4a35-e929-46bf-8b2d-58a671b58f50,2026-07-29T01:45:00Z,2026-07-29T03:45:00+0200,134.820007,EUR/MWh,DK2,DK_2,day_ahead_price,value,2026-08-22T18:55:39Z
2026-08-22T18:49:31Z,2026-08-22T20:49:31+0200,32ee4a35-e929-46bf-8b2d-58a671b58f50,2026-07-29T02:00:00Z,2026-07-29T04:00:00+0200,134.22,EUR/MWh,DK2,DK_2,day_ahead_price,value,2026-08-22T18:55:39Z
2026-08-22T18:49:31Z,2026-08-22T20:49:31+0200,32ee4a35-e929-46bf-8b2d-58a671b58f50,2026-07-29T02:15:00Z,2026-07-29T04:15:00+0200,138.009995,EUR/MWh,DK2,DK_2,day_ahead_price,value,2026-08-22T18:55:39Z
2026-08-22T18:49:31Z,2026-08-22T20:49:31+0200,32ee4a35-e929-46bf-8b2d-58a671b58f50,2026-07-29T02:30:00Z,2026-07-29T04:30:00+0200,140.990005,EUR/MWh,DK2,DK_2,day_ahead_price,value,2026-08-22T18:55:39Z
2026-08-22T18:49:31Z,2026-08-22T20:49:31+0200,32ee4a35-e929-46bf-8b2d-58a671b58f50,2026-07-29T02:45:00Z,2026-07-29T04:45:00+0200,147.139999,EUR/MWh,DK2,DK_2,day_ahead_price,value,2026-08-22T18:55:39Z
2026-08-22T18:49:31Z,2026-08-22T20:49:31+0200,32ee4a35-e929-46bf-8b2d-58a671b58f50,2026-07-29T03:00:00Z,2026-07-29T05:00:00+0200,135.020004,EUR/MWh,DK2,DK_2,day_ahead_price,value,2026-08-22T18:55:39Z
2026-08-22T18:49:31Z,2026-08-22T20:49:31+0200,32ee4a35-e929-46bf-8b2d-58a671b58f50,2026-07-29T03:15:00Z,2026-07-29T05:15:00+0200,139.220001,EUR/MWh,DK2,DK_2,day_ahead_price,value,2026-08-22T18:55:39Z
2026-08-22T18:49:31Z,2026-08-22T20:49:31+0200,32ee4a35-e929-46bf-8b2d-58a671b58f50,2026-07-29T03:30:00Z,2026-07-29T05:30:00+0200,149.380005,EUR/MWh,DK2,DK_2,day_ahead_price,value,2026-08-22T18:55:39Z
2026-08-22T18:49:31Z,2026-08-22T20:49:31+0200,32ee4a35-e929-46bf-8b2d-58a671b58f50,2026-07-29T03:45:00Z,2026-07-29T05:45:00+0200,162.139999,EUR/MWh,DK2,DK_2,day_ahead_price,value,2026-08-22T18:55:39Z
2026-08-22T18:49:31Z,2026-08-22T20:49:31+0200,32ee4a35-e929-46bf-8b2d-58a671b58f50,2026-07-29T04:00:00Z,2026-07-29T06:00:00+0200,159.460007,EUR/MWh,DK2,DK_2,day_ahead_price,value,2026-08-22T18:55:39Z
2026-08-22T18:49:31Z,2026-08-22T20:49:31+0200,32ee4a35-e929-46bf-8b2d-58a671b58f50,2026-07-29T04:15:00Z,2026-07-29T06:15:00+0200,169.24,EUR/MWh,DK2,DK_2,day_ahead_price,value,2026-08-22T18:55:39Z
2026-08-22T18:49:31Z,2026-08-22T20:49:31+0200,32ee4a35-e929-46bf-8b2d-58a671b58f50,2026-07-29T04:30:00Z,2026-07-29T06:30:00+0200,170.669998,EUR/MWh,DK2,DK_2,day_ahead_price,value,2026-08-22T18:55:39Z
2026-08-22T18:49:31Z,2026-08-22T20:49:31+0200,32ee4a35-e929-46bf-8b2d-58a671b58f50,2026-07-29T04:45:00Z,2026-07-29T06:45:00+0200,170.19,EUR/MWh,DK2,DK_2,day_ahead_price,value,2026-08-22T18:55:39Z
2026-08-22T18:49:31Z,2026-08-22T20:49:31+0200,32ee4a35-e929-46bf-8b2d-58a671b58f50,2026-07-29T05:00:00Z,2026-07-29T07:00:00+0200,172.55,EUR/MWh,DK2,DK_2,day_ahead_price,value,2026-08-22T18:55:39Z
2026-08-22T18:49:31Z,2026-08-22T20:49:31+0200,32ee4a35-e929-46bf-8b2d-58a671b58f50,2026-07-29T05:15:00Z,2026-07-29T07:15:00+0200,170.09,EUR/MWh,DK2,DK_2,day_ahead_price,value,2026-08-22T18:55:39Z
2026-08-22T18:49:31Z,2026-08-22T20:49:31+0200,32ee4a35-e929-46bf-8b2d-58a671b58f50,2026-07-29T05:30:00Z,2026-07-29T07:30:00+0200,157.720001,EUR/MWh,DK2,DK_2,day_ahead_price,value,2026-08-22T18:55:39Z
2026-08-22T18:49:31Z,2026-08-22T20:49:31+0200,32ee4a35-e929-46bf-8b2d-58a671b58f50,2026-07-29T05:45:00Z,2026-07-29T07:45:00+0200,140.35,EUR/MWh,DK2,DK_2,day_ahead_price,value,2026-08-22T18:55:39Z
2026-08-22T18:49:31Z,2026-08-22T20:49:31+0200,32ee4a35-e929-46bf-8b2d-58a671b58f50,2026-07-29T06:00:00Z,2026-07-29T08:00:00+0200,166.07,EUR/MWh,DK2,DK_2,day_ahead_price,value,2026-08-22T18:55:39Z
2026-08-22T18:49:31Z,2026-08-22T20:49:31+0200,32ee4a35-e929-46bf-8b2d-58a671b58f50,2026-07-29T06:15:00Z,2026-07-29T08:15:00+0200,149.05,EUR/MWh,DK2,DK_2,day_ahead_price,value,2026-08-22T18:55:39Z
2026-08-22T18:49:31Z,2026-08-22T20:49:31+0200,32ee4a35-e929-46bf-8b2d-58a671b58f50,2026-07-29T06:30:00Z,2026-07-29T08:30:00+0200,139.97,EUR/MWh,DK2,DK_2,day_ahead_price,value,2026-08-22T18:55:39Z
2026-08-22T18:49:31Z,2026-08-22T20:49:31+0200,32ee4a35-e929-46bf-8b2d-58a671b58f50,2026-07-29T06:45:00Z,2026-07-29T08:45:00+0200,122.449997,EUR/MWh,DK2,DK_2,day_ahead_price,value,2026-08-22T18:55:39Z
2026-08-22T18:49:31Z,2026-08-22T20:49:31+0200,32ee4a35-e929-46bf-8b2d-58a671b58f50,2026-07-29T07:00:00Z,2026-07-29T09:00:00+0200,150.199997,EUR/MWh,DK2,DK_2,day_ahead_price,value,2026-08-22T18:55:39Z
2026-08-22T18:49:31Z,2026-08-22T20:49:31+0200,32ee4a35-e929-46bf-8b2d-58a671b58f50,2026-07-29T07:15:00Z,2026-07-29T09:15:00+0200,123.59,EUR/MWh,DK2,DK_2,day_ahead_price,value,2026-08-22T18:55:39Z
2026-08-22T18:49:31Z,2026-08-22T20:49:31+0200,32ee4a35-e929-46bf-8b2d-58a671b58f50,2026-07-29T07:30:00Z,2026-07-29T09:30:00+0200,107.529999,EUR/MWh,DK2,DK_2,day_ahead_price,value,2026-08-22T18:55:39Z
2026-08-22T18:49:31Z,2026-08-22T20:49:31+0200,32ee4a35-e929-46bf-8b2d-58a671b58f50,2026-07-29T07:45:00Z,2026-07-29T09:45:00+0200,98.790001,EUR/MWh,DK2,DK_2,day_ahead_price,value,2026-08-22T18:55:39Z
2026-08-22T18:49:31Z,2026-08-22T20:49:31+0200,32ee4a35-e929-46bf-8b2d-58a671b58f50,2026-07-29T08:00:00Z,2026-07-29T10:00:00+0200,107.71,EUR/MWh,DK2,DK_2,day_ahead_price,value,2026-08-22T18:55:39Z
2026-08-22T18:49:31Z,2026-08-22T20:49:31+0200,32ee4a35-e929-46bf-8b2d-58a671b58f50,2026-07-29T08:15:00Z,2026-07-29T10:15:00+0200,99.41,EUR/MWh,DK2,DK_2,day_ahead_price,value,2026-08-22T18:55:39Z
2026-08-22T18:49:31Z,2026-08-22T20:49:31+0200,32ee4a35-e929-46bf-8b2d-58a671b58f50,2026-07-29T08:30:00Z,2026-07-29T10:30:00+0200,77.970001,EUR/MWh,DK2,DK_2,day_ahead_price,value,2026-08-22T18:55:39Z
2026-08-22T18:49:31Z,2026-08-22T20:49:31+0200,32ee4a35-e929-46bf-8b2d-58a671b58f50,2026-07-29T08:45:00Z,2026-07-29T10:45:00+0200,50.1,EUR/MWh,DK2,DK_2,day_ahead_price,value,2026-08-22T18:55:39Z
2026-08-22T18:49:31Z,2026-08-22T20:49:31+0200,32ee4a35-e929-46bf-8b2d-58a671b58f50,2026-07-29T09:00:00Z,2026-07-29T11:00:00+0200,62.23,EUR/MWh,DK2,DK_2,day_ahead_price,value,2026-08-22T18:55:39Z
2026-08-22T18:49:31Z,2026-08-22T20:49:31+0200,32ee4a35-e929-46bf-8b2d-58a671b58f50,2026-07-29T09:15:00Z,2026-07-29T11:15:00+0200,32.77,EUR/MWh,DK2,DK_2,day_ahead_price,value,2026-08-22T18:55:39Z
2026-08-22T18:49:31Z,2026-08-22T20:49:31+0200,32ee4a35-e929-46bf-8b2d-58a671b58f50,2026-07-29T09:30:00Z,2026-07-29T11:30:00+0200,12.72,EUR/MWh,DK2,DK_2,day_ahead_price,value,2026-08-22T18:55:39Z
2026-08-22T18:49:31Z,2026-08-22T20:49:31+0200,32ee4a35-e929-46bf-8b2d-58a671b58f50,2026-07-29T09:45:00Z,2026-07-29T11:45:00+0200,8.43,EUR/MWh,DK2,DK_2,day_ahead_price,value,2026-08-22T18:55:39Z
2026-08-22T18:49:31Z,2026-08-22T20:49:31+0200,32ee4a35-e929-46bf-8b2d-58a671b58f50,2026-07-29T10:00:00Z,2026-07-29T12:00:00+0200,8.44,EUR/MWh,DK2,DK_2,day_ahead_price,value,2026-08-22T18:55:39Z
2026-08-22T18:49:31Z,2026-08-22T20:49:31+0200,32ee4a35-e929-46bf-8b2d-58a671b58f50,2026-07-29T10:15:00Z,2026-07-29T12:15:00+0200,6.11,EUR/MWh,DK2,DK_2,day_ahead_price,value,2026-08-22T18:55:39Z
2026-08-22T18:49:31Z,2026-08-22T20:49:31+0200,32ee4a35-e929-46bf-8b2d-58a671b58f50,2026-07-29T10:30:00Z,2026-07-29T12:30:00+0200,5.82,EUR/MWh,DK2,DK_2,day_ahead_price,value,2026-08-22T18:55:39Z
2026-08-22T18:49:31Z,2026-08-22T20:49:31+0200,32ee4a35-e929-46bf-8b2d-58a671b58f50,2026-07-29T10:45:00Z,2026-07-29T12:45:00+0200,5.77,EUR/MWh,DK2,DK_2,day_ahead_price,value,2026-08-22T18:55:39Z
2026-08-22T18:49:31Z,2026-08-22T20:49:31+0200,32ee4a35-e929-46bf-8b2d-58a671b58f50,2026-07-29T11:00:00Z,2026-07-29T13:00:00+0200,5.34,EUR/MWh,DK2,DK_2,day_ahead_price,value,2026-08-22T18:55:39Z
2026-08-22T18:49:31Z,2026-08-22T20:49:31+0200,32ee4a35-e929-46bf-8b2d-58a671b58f50,2026-07-29T11:15:00Z,2026-07-29T13:15:00+0200,5.58,EUR/MWh,DK2,DK_2,day_ahead_price,value,2026-08-22T18:55:39Z
2026-08-22T18:49:31Z,2026-08-22T20:49:31+0200,32ee4a35-e929-46bf-8b2d-58a671b58f50,2026-07-29T11:30:00Z,2026-07-29T13:30:00+0200,5.56,EUR/MWh,DK2,DK_2,day_ahead_price,value,2026-08-22T18:55:39Z
2026-08-22T18:49:31Z,2026-08-22T20:49:31+0200,32ee4a35-e929-46bf-8b2d-58a671b58f50,2026-07-29T11:45:00Z,2026-07-29T13:45:00+0200,5.75,EUR/MWh,DK2,DK_2,day_ahead_price,value,2026-08-22T18:55:39Z
2026-08-22T18:49:31Z,2026-08-22T20:49:31+0200,32ee4a35-e929-46bf-8b2d-58a671b58f50,2026-07-29T12:00:00Z,2026-07-29T14:00:00+0200,5.08,EUR/MWh,DK2,DK_2,day_ahead_price,value,2026-08-22T18:55:39Z
2026-08-22T18:49:31Z,2026-08-22T20:49:31+0200,32ee4a35-e929-46bf-8b2d-58a671b58f50,2026-07-29T12:15:00Z,2026-07-29T14:15:00+0200,6.21,EUR/MWh,DK2,DK_2,day_ahead_price,value,2026-08-22T18:55:39Z
2026-08-22T18:49:31Z,2026-08-22T20:49:31+0200,32ee4a35-e929-46bf-8b2d-58a671b58f50,2026-07-29T12:30:00Z,2026-07-29T14:30:00+0200,6.35,EUR/MWh,DK2,DK_2,day_ahead_price,value,2026-08-22T18:55:39Z
2026-08-22T18:49:31Z,2026-08-22T20:49:31+0200,32ee4a35-e929-46bf-8b2d-58a671b58f50,2026-07-29T12:45:00Z,2026-07-29T14:45:00+0200,7.67,EUR/MWh,DK2,DK_2,day_ahead_price,value,2026-08-22T18:55:39Z
2026-08-22T18:49:31Z,2026-08-22T20:49:31+0200,32ee4a35-e929-46bf-8b2d-58a671b58f50,2026-07-29T13:00:00Z,2026-07-29T15:00:00+0200,6.34,EUR/MWh,DK2,DK_2,day_ahead_price,value,2026-08-22T18:55:39Z
2026-08-22T18:49:31Z,2026-08-22T20:49:31+0200,32ee4a35-e929-46bf-8b2d-58a671b58f50,2026-07-29T13:15:00Z,2026-07-29T15:15:00+0200,7.99,EUR/MWh,DK2,DK_2,day_ahead_price,value,2026-08-22T18:55:39Z
2026-08-22T18:49:31Z,2026-08-22T20:49:31+0200,32ee4a35-e929-46bf-8b2d-58a671b58f50,2026-07-29T13:30:00Z,2026-07-29T15:30:00+0200,11.81,EUR/MWh,DK2,DK_2,day_ahead_price,value,2026-08-22T18:55:39Z
2026-08-22T18:49:31Z,2026-08-22T20:49:31+0200,32ee4a35-e929-46bf-8b2d-58a671b58f50,2026-07-29T13:45:00Z,2026-07-29T15:45:00+0200,23.97,EUR/MWh,DK2,DK_2,day_ahead_price,value,2026-08-22T18:55:39Z
2026-08-22T18:49:31Z,2026-08-22T20:49:31+0200,32ee4a35-e929-46bf-8b2d-58a671b58f50,2026-07-29T14:00:00Z,2026-07-29T16:00:00+0200,27.049999,EUR/MWh,DK2,DK_2,day_ahead_price,value,2026-08-22T18:55:39Z
2026-08-22T18:49:31Z,2026-08-22T20:49:31+0200,32ee4a35-e929-46bf-8b2d-58a671b58f50,2026-07-29T14:15:00Z,2026-07-29T16:15:00+0200,75.95,EUR/MWh,DK2,DK_2,day_ahead_price,value,2026-08-22T18:55:39Z
2026-08-22T18:49:31Z,2026-08-22T20:49:31+0200,32ee4a35-e929-46bf-8b2d-58a671b58f50,2026-07-29T14:30:00Z,2026-07-29T16:30:00+0200,97.32,EUR/MWh,DK2,DK_2,day_ahead_price,value,2026-08-22T18:55:39Z
2026-08-22T18:49:31Z,2026-08-22T20:49:31+0200,32ee4a35-e929-46bf-8b2d-58a671b58f50,2026-07-29T14:45:00Z,2026-07-29T16:45:00+0200,111.480003,EUR/MWh,DK2,DK_2,day_ahead_price,value,2026-08-22T18:55:39Z
2026-08-22T18:49:31Z,2026-08-22T20:49:31+0200,32ee4a35-e929-46bf-8b2d-58a671b58f50,2026-07-29T15:00:00Z,2026-07-29T17:00:00+0200,101.139999,EUR/MWh,DK2,DK_2,day_ahead_price,value,2026-08-22T18:55:39Z
2026-08-22T18:49:31Z,2026-08-22T20:49:31+0200,32ee4a35-e929-46bf-8b2d-58a671b58f50,2026-07-29T15:15:00Z,2026-07-29T17:15:00+0200,116.71,EUR/MWh,DK2,DK_2,day_ahead_price,value,2026-08-22T18:55:39Z
2026-08-22T18:49:31Z,2026-08-22T20:49:31+0200,32ee4a35-e929-46bf-8b2d-58a671b58f50,2026-07-29T15:30:00Z,2026-07-29T17:30:00+0200,134.740005,EUR/MWh,DK2,DK_2,day_ahead_price,value,2026-08-22T18:55:39Z
2026-08-22T18:49:31Z,2026-08-22T20:49:31+0200,32ee4a35-e929-46bf-8b2d-58a671b58f50,2026-07-29T15:45:00Z,2026-07-29T17:45:00+0200,150.52,EUR/MWh,DK2,DK_2,day_ahead_price,value,2026-08-22T18:55:39Z
2026-08-22T18:49:31Z,2026-08-22T20:49:31+0200,32ee4a35-e929-46bf-8b2d-58a671b58f50,2026-07-29T16:00:00Z,2026-07-29T18:00:00+0200,130.289993,EUR/MWh,DK2,DK_2,day_ahead_price,value,2026-08-22T18:55:39Z
2026-08-22T18:49:31Z,2026-08-22T20:49:31+0200,32ee4a35-e929-46bf-8b2d-58a671b58f50,2026-07-29T16:15:00Z,2026-07-29T18:15:00+0200,150.04,EUR/MWh,DK2,DK_2,day_ahead_price,value,2026-08-22T18:55:39Z
2026-08-22T18:49:31Z,2026-08-22T20:49:31+0200,32ee4a35-e929-46bf-8b2d-58a671b58f50,2026-07-29T16:30:00Z,2026-07-29T18:30:00+0200,170.080002,EUR/MWh,DK2,DK_2,day_ahead_price,value,2026-08-22T18:55:39Z
2026-08-22T18:49:31Z,2026-08-22T20:49:31+0200,32ee4a35-e929-46bf-8b2d-58a671b58f50,2026-07-29T16:45:00Z,2026-07-29T18:45:00+0200,202.66,EUR/MWh,DK2,DK_2,day_ahead_price,value,2026-08-22T18:55:39Z
2026-08-22T18:49:31Z,2026-08-22T20:49:31+0200,32ee4a35-e929-46bf-8b2d-58a671b58f50,2026-07-29T17:00:00Z,2026-07-29T19:00:00+0200,173.0,EUR/MWh,DK2,DK_2,day_ahead_price,value,2026-08-22T18:55:39Z
2026-08-22T18:49:31Z,2026-08-22T20:49:31+0200,32ee4a35-e929-46bf-8b2d-58a671b58f50,2026-07-29T17:15:00Z,2026-07-29T19:15:00+0200,204.07,EUR/MWh,DK2,DK_2,day_ahead_price,value,2026-08-22T18:55:39Z
2026-08-22T18:49:31Z,2026-08-22T20:49:31+0200,32ee4a35-e929-46bf-8b2d-58a671b58f50,2026-07-29T17:30:00Z,2026-07-29T19:30:00+0200,247.679993,EUR/MWh,DK2,DK_2,day_ahead_price,value,2026-08-22T18:55:39Z
2026-08-22T18:49:31Z,2026-08-22T20:49:31+0200,32ee4a35-e929-46bf-8b2d-58a671b58f50,2026-07-29T17:45:00Z,2026-07-29T19:45:00+0200,351.39,EUR/MWh,DK2,DK_2,day_ahead_price,value,2026-08-22T18:55:39Z
2026-08-22T18:49:31Z,2026-08-22T20:49:31+0200,32ee4a35-e929-46bf-8b2d-58a671b58f50,2026-07-29T18:00:00Z,2026-07-29T20:00:00+0200,250.71,EUR/MWh,DK2,DK_2,day_ahead_price,value,2026-08-22T18:55:39Z
2026-08-22T18:49:31Z,2026-08-22T20:49:31+0200,32ee4a35-e929-46bf-8b2d-58a671b58f50,2026-07-29T18:15:00Z,2026-07-29T20:15:00+0200,265.05,EUR/MWh,DK2,DK_2,day_ahead_price,value,2026-08-22T18:55:39Z
2026-08-22T18:49:31Z,2026-08-22T20:49:31+0200,32ee4a35-e929-46bf-8b2d-58a671b58f50,2026-07-29T18:30:00Z,2026-07-29T20:30:00+0200,275.209991,EUR/MWh,DK2,DK_2,day_ahead_price,value,2026-08-22T18:55:39Z
2026-08-22T18:49:31Z,2026-08-22T20:49:31+0200,32ee4a35-e929-46bf-8b2d-58a671b58f50,2026-07-29T18:45:00Z,2026-07-29T20:45:00+0200,260.59,EUR/MWh,DK2,DK_2,day_ahead_price,value,2026-08-22T18:55:39Z
2026-08-22T18:49:31Z,2026-08-22T20:49:31+0200,32ee4a35-e929-46bf-8b2d-58a671b58f50,2026-07-29T19:00:00Z,2026-07-29T21:00:00+0200,253.94,EUR/MWh,DK2,DK_2,day_ahead_price,value,2026-08-22T18:55:39Z
2026-08-22T18:49:31Z,2026-08-22T20:49:31+0200,32ee4a35-e929-46bf-8b2d-58a671b58f50,2026-07-29T19:15:00Z,2026-07-29T21:15:00+0200,225.1,EUR/MWh,DK2,DK_2,day_ahead_price,value,2026-08-22T18:55:39Z
2026-08-22T18:49:31Z,2026-08-22T20:49:31+0200,32ee4a35-e929-46bf-8b2d-58a671b58f50,2026-07-29T19:30:00Z,2026-07-29T21:30:00+0200,217.31,EUR/MWh,DK2,DK_2,day_ahead_price,value,2026-08-22T18:55:39Z
2026-08-22T18:49:31Z,2026-08-22T20:49:31+0200,32ee4a35-e929-46bf-8b2d-58a671b58f50,2026-07-29T19:45:00Z,2026-07-29T21:45:00+0200,202.01,EUR/MWh,DK2,DK_2,day_ahead_price,value,2026-08-22T18:55:39Z
2026-08-22T18:49:31Z,2026-08-22T20:49:31+0200,32ee4a35-e929-46bf-8b2d-58a671b58f50,2026-07-29T20:00:00Z,2026-07-29T22:00:00+0200,207.0,EUR/MWh,DK2,DK_2,day_ahead_price,value,2026-08-22T18:55:39Z
2026-08-22T18:49:31Z,2026-08-22T20:49:31+0200,32ee4a35-e929-46bf-8b2d-58a671b58f50,2026-07-29T20:15:00Z,2026-07-29T22:15:00+0200,198.31,EUR/MWh,DK2,DK_2,day_ahead_price,value,2026-08-22T18:55:39Z
2026-08-22T18:49:31Z,2026-08-22T20:49:31+0200,32ee4a35-e929-46bf-8b2d-58a671b58f50,2026-07-29T20:30:00Z,2026-07-29T22:30:00+0200,190.399994,EUR/MWh,DK2,DK_2,day_ahead_price,value,2026-08-22T18:55:39Z
2026-08-22T18:49:31Z,2026-08-22T20:49:31+0200,32ee4a35-e929-46bf-8b2d-58a671b58f50,2026-07-29T20:45:00Z,2026-07-29T22:45:00+0200,176.029999,EUR/MWh,DK2,DK_2,day_ahead_price,value,2026-08-22T18:55:39Z
2026-08-22T18:49:31Z,2026-08-22T20:49:31+0200,32ee4a35-e929-46bf-8b2d-58a671b58f50,2026-07-29T21:00:00Z,2026-07-29T23:00:00+0200,178.970001,EUR/MWh,DK2,DK_2,day_ahead_price,value,2026-08-22T18:55:39Z
2026-08-22T18:49:31Z,2026-08-22T20:49:31+0200,32ee4a35-e929-46bf-8b2d-58a671b58f50,2026-07-29T21:15:00Z,2026-07-29T23:15:00+0200,173.679993,EUR/MWh,DK2,DK_2,day_ahead_price,value,2026-08-22T18:55:39Z
2026-08-22T18:49:31Z,2026-08-22T20:49:31+0200,32ee4a35-e929-46bf-8b2d-58a671b58f50,2026-07-29T21:30:00Z,2026-07-29T23:30:00+0200,170.380005,EUR/MWh,DK2,DK_2,day_ahead_price,value,2026-08-22T18:55:39Z
2026-08-22T18:49:31Z,2026-08-22T20:49:31+0200,32ee4a35-e929-46bf-8b2d-58a671b58f50,2026-07-29T21:45:00Z,2026-07-29T23:45:00+0200,146.100006,EUR/MWh,DK2,DK_2,day_ahead_price,value,2026-08-22T18:55:39Z
2026-08-22T18:49:31Z,2026-08-22T20:49:31+0200,32ee4a35-e929-46bf-8b2d-58a671b58f50,2026-07-29T22:00:00Z,2026-07-30T00:00:00+0200,162.16,EUR/MWh,DK2,DK_2,day_ahead_price,value,2026-08-22T18:55:39Z
2026-08-22T18:49:31Z,2026-08-22T20:49:31+0200,32ee4a35-e929-46bf-8b2d-58a671b58f50,2026-07-29T22:15:00Z,2026-07-30T00:15:00+0200,152.0,EUR/MWh,DK2,DK_2,day_ahead_price,value,2026-08-22T18:55:39Z
2026-08-22T18:49:31Z,2026-08-22T20:49:31+0200,32ee4a35-e929-46bf-8b2d-58a671b58f50,2026-07-29T22:30:00Z,2026-07-30T00:30:00+0200,142.66,EUR/MWh,DK2,DK_2,day_ahead_price,value,2026-08-22T18:55:39Z
2026-08-22T18:49:31Z,2026-08-22T20:49:31+0200,32ee4a35-e929-46bf-8b2d-58a671b58f50,2026-07-29T22:45:00Z,2026-07-30T00:45:00+0200,142.2,EUR/MWh,DK2,DK_2,day_ahead_price,value,2026-08-22T18:55:39Z
2026-08-22T18:49:31Z,2026-08-22T20:49:31+0200,32ee4a35-e929-46bf-8b2d-58a671b58f50,2026-07-29T23:00:00Z,2026-07-30T01:00:00+0200,144.05,EUR/MWh,DK2,DK_2,day_ahead_price,value,2026-08-22T18:55:39Z
2026-08-22T18:49:31Z,2026-08-22T20:49:31+0200,32ee4a35-e929-46bf-8b2d-58a671b58f50,2026-07-29T23:15:00Z,2026-07-30T01:15:00+0200,141.88,EUR/MWh,DK2,DK_2,day_ahead_price,value,2026-08-22T18:55:39Z
2026-08-22T18:49:31Z,2026-08-22T20:49:31+0200,32ee4a35-e929-46bf-8b2d-58a671b58f50,2026-07-29T23:30:00Z,2026-07-30T01:30:00+0200,145.61,EUR/MWh,DK2,DK_2,day_ahead_price,value,2026-08-22T18:55:39Z
2026-08-22T18:49:31Z,2026-08-22T20:49:31+0200,32ee4a35-e929-46bf-8b2d-58a671b58f50,2026-07-29T23:45:00Z,2026-07-30T01:45:00+0200,138.0,EUR/MWh,DK2,DK_2,day_ahead_price,value,2026-08-22T18:55:39Z
2026-08-22T18:49:31Z,2026-08-22T20:49:31+0200,32ee4a35-e929-46bf-8b2d-58a671b58f50,2026-07-30T00:00:00Z,2026-07-30T02:00:00+0200,143.0,EUR/MWh,DK2,DK_2,day_ahead_price,value,2026-08-22T18:55:39Z
2026-08-22T18:49:31Z,2026-08-22T20:49:31+0200,32ee4a35-e929-46bf-8b2d-58a671b58f50,2026-07-30T00:15:00Z,2026-07-30T02:15:00+0200,142.63,EUR/MWh,DK2,DK_2,day_ahead_price,value,2026-08-22T18:55:39Z
2026-08-22T18:49:31Z,2026-08-22T20:49:31+0200,32ee4a35-e929-46bf-8b2d-58a671b58f50,2026-07-30T00:30:00Z,2026-07-30T02:30:00+0200,137.99,EUR/MWh,DK2,DK_2,day_ahead_price,value,2026-08-22T18:55:39Z
2026-08-22T18:49:31Z,2026-08-22T20:49:31+0200,32ee4a35-e929-46bf-8b2d-58a671b58f50,2026-07-30T00:45:00Z,2026-07-30T02:45:00+0200,136.369995,EUR/MWh,DK2,DK_2,day_ahead_price,value,2026-08-22T18:55:39Z
2026-08-22T18:49:31Z,2026-08-22T20:49:31+0200,32ee4a35-e929-46bf-8b2d-58a671b58f50,2026-07-30T01:00:00Z,2026-07-30T03:00:00+0200,135.94,EUR/MWh,DK2,DK_2,day_ahead_price,value,2026-08-22T18:55:39Z
2026-08-22T18:49:31Z,2026-08-22T20:49:31+0200,32ee4a35-e929-46bf-8b2d-58a671b58f50,2026-07-30T01:15:00Z,2026-07-30T03:15:00+0200,134.990005,EUR/MWh,DK2,DK_2,day_ahead_price,value,2026-08-22T18:55:39Z
2026-08-22T18:49:31Z,2026-08-22T20:49:31+0200,32ee4a35-e929-46bf-8b2d-58a671b58f50,2026-07-30T01:30:00Z,2026-07-30T03:30:00+0200,134.610001,EUR/MWh,DK2,DK_2,day_ahead_price,value,2026-08-22T18:55:39Z
2026-08-22T18:49:31Z,2026-08-22T20:49:31+0200,32ee4a35-e929-46bf-8b2d-58a671b58f50,2026-07-30T01:45:00Z,2026-07-30T03:45:00+0200,136.47,EUR/MWh,DK2,DK_2,day_ahead_price,value,2026-08-22T18:55:39Z
2026-08-22T18:49:31Z,2026-08-22T20:49:31+0200,32ee4a35-e929-46bf-8b2d-58a671b58f50,2026-07-30T02:00:00Z,2026-07-30T04:00:00+0200,132.03,EUR/MWh,DK2,DK_2,day_ahead_price,value,2026-08-22T18:55:39Z
2026-08-22T18:49:31Z,2026-08-22T20:49:31+0200,32ee4a35-e929-46bf-8b2d-58a671b58f50,2026-07-30T02:15:00Z,2026-07-30T04:15:00+0200,132.350006,EUR/MWh,DK2,DK_2,day_ahead_price,value,2026-08-22T18:55:39Z
2026-08-22T18:49:31Z,2026-08-22T20:49:31+0200,32ee4a35-e929-46bf-8b2d-58a671b58f50,2026-07-30T02:30:00Z,2026-07-30T04:30:00+0200,132.94,EUR/MWh,DK2,DK_2,day_ahead_price,value,2026-08-22T18:55:39Z
2026-08-22T18:49:31Z,2026-08-22T20:49:31+0200,32ee4a35-e929-46bf-8b2d-58a671b58f50,2026-07-30T02:45:00Z,2026-07-30T04:45:00+0200,133.47,EUR/MWh,DK2,DK_2,day_ahead_price,value,2026-08-22T18:55:39Z
2026-08-22T18:49:31Z,2026-08-22T20:49:31+0200,32ee4a35-e929-46bf-8b2d-58a671b58f50,2026-07-30T03:00:00Z,2026-07-30T05:00:00+0200,132.06,EUR/MWh,DK2,DK_2,day_ahead_price,value,2026-08-22T18:55:39Z
2026-08-22T18:49:31Z,2026-08-22T20:49:31+0200,32ee4a35-e929-46bf-8b2d-58a671b58f50,2026-07-30T03:15:00Z,2026-07-30T05:15:00+0200,131.48,EUR/MWh,DK2,DK_2,day_ahead_price,value,2026-08-22T18:55:39Z
2026-08-22T18:49:31Z,2026-08-22T20:49:31+0200,32ee4a35-e929-46bf-8b2d-58a671b58f50,2026-07-30T03:30:00Z,2026-07-30T05:30:00+0200,137.270004,EUR/MWh,DK2,DK_2,day_ahead_price,value,2026-08-22T18:55:39Z
2026-08-22T18:49:31Z,2026-08-22T20:49:31+0200,32ee4a35-e929-46bf-8b2d-58a671b58f50,2026-07-30T03:45:00Z,2026-07-30T05:45:00+0200,142.15,EUR/MWh,DK2,DK_2,day_ahead_price,value,2026-08-22T18:55:39Z
2026-08-22T18:49:31Z,2026-08-22T20:49:31+0200,32ee4a35-e929-46bf-8b2d-58a671b58f50,2026-07-30T04:00:00Z,2026-07-30T06:00:00+0200,139.699997,EUR/MWh,DK2,DK_2,day_ahead_price,value,2026-08-22T18:55:39Z
2026-08-22T18:49:31Z,2026-08-22T20:49:31+0200,32ee4a35-e929-46bf-8b2d-58a671b58f50,2026-07-30T04:15:00Z,2026-07-30T06:15:00+0200,147.770004,EUR/MWh,DK2,DK_2,day_ahead_price,value,2026-08-22T18:55:39Z
2026-08-22T18:49:31Z,2026-08-22T20:49:31+0200,32ee4a35-e929-46bf-8b2d-58a671b58f50,2026-07-30T04:30:00Z,2026-07-30T06:30:00+0200,149.25,EUR/MWh,DK2,DK_2,day_ahead_price,value,2026-08-22T18:55:39Z
2026-08-22T18:49:31Z,2026-08-22T20:49:31+0200,32ee4a35-e929-46bf-8b2d-58a671b58f50,2026-07-30T04:45:00Z,2026-07-30T06:45:00+0200,147.580002,EUR/MWh,DK2,DK_2,day_ahead_price,value,2026-08-22T18:55:39Z
2026-08-22T18:49:31Z,2026-08-22T20:49:31+0200,32ee4a35-e929-46bf-8b2d-58a671b58f50,2026-07-30T05:00:00Z,2026-07-30T07:00:00+0200,162.78,EUR/MWh,DK2,DK_2,day_ahead_price,value,2026-08-22T18:55:39Z
2026-08-22T18:49:31Z,2026-08-22T20:49:31+0200,32ee4a35-e929-46bf-8b2d-58a671b58f50,2026-07-30T05:15:00Z,2026-07-30T07:15:00+0200,153.79,EUR/MWh,DK2,DK_2,day_ahead_price,value,2026-08-22T18:55:39Z
2026-08-22T18:49:31Z,2026-08-22T20:49:31+0200,32ee4a35-e929-46bf-8b2d-58a671b58f50,2026-07-30T05:30:00Z,2026-07-30T07:30:00+0200,141.080002,EUR/MWh,DK2,DK_2,day_ahead_price,value,2026-08-22T18:55:39Z
2026-08-22T18:49:31Z,2026-08-22T20:49:31+0200,32ee4a35-e929-46bf-8b2d-58a671b58f50,2026-07-30T05:45:00Z,2026-07-30T07:45:00+0200,126.13,EUR/MWh,DK2,DK_2,day_ahead_price,value,2026-08-22T18:55:39Z
2026-08-22T18:49:31Z,2026-08-22T20:49:31+0200,32ee4a35-e929-46bf-8b2d-58a671b58f50,2026-07-30T06:00:00Z,2026-07-30T08:00:00+0200,159.09,EUR/MWh,DK2,DK_2,day_ahead_price,value,2026-08-22T18:55:39Z
2026-08-22T18:49:31Z,2026-08-22T20:49:31+0200,32ee4a35-e929-46bf-8b2d-58a671b58f50,2026-07-30T06:15:00Z,2026-07-30T08:15:00+0200,141.88,EUR/MWh,DK2,DK_2,day_ahead_price,value,2026-08-22T18:55:39Z
2026-08-22T18:49:31Z,2026-08-22T20:49:31+0200,32ee4a35-e929-46bf-8b2d-58a671b58f50,2026-07-30T06:30:00Z,2026-07-30T08:30:00+0200,130.01,EUR/MWh,DK2,DK_2,day_ahead_price,value,2026-08-22T18:55:39Z
2026-08-22T18:49:31Z,2026-08-22T20:49:31+0200,32ee4a35-e929-46bf-8b2d-58a671b58f50,2026-07-30T06:45:00Z,2026-07-30T08:45:00+0200,116.03,EUR/MWh,DK2,DK_2,day_ahead_price,value,2026-08-22T18:55:39Z
2026-08-22T18:49:31Z,2026-08-22T20:49:31+0200,32ee4a35-e929-46bf-8b2d-58a671b58f50,2026-07-30T07:00:00Z,2026-07-30T09:00:00+0200,136.119995,EUR/MWh,DK2,DK_2,day_ahead_price,value,2026-08-22T18:55:39Z
2026-08-22T18:49:31Z,2026-08-22T20:49:31+0200,32ee4a35-e929-46bf-8b2d-58a671b58f50,2026-07-30T07:15:00Z,2026-07-30T09:15:00+0200,121.28,EUR/MWh,DK2,DK_2,day_ahead_price,value,2026-08-22T18:55:39Z
2026-08-22T18:49:31Z,2026-08-22T20:49:31+0200,32ee4a35-e929-46bf-8b2d-58a671b58f50,2026-07-30T07:30:00Z,2026-07-30T09:30:00+0200,109.529999,EUR/MWh,DK2,DK_2,day_ahead_price,value,2026-08-22T18:55:39Z
2026-08-22T18:49:31Z,2026-08-22T20:49:31+0200,32ee4a35-e929-46bf-8b2d-58a671b58f50,2026-07-30T07:45:00Z,2026-07-30T09:45:00+0200,100.05,EUR/MWh,DK2,DK_2,day_ahead_price,value,2026-08-22T18:55:39Z
2026-08-22T18:49:31Z,2026-08-22T20:49:31+0200,32ee4a35-e929-46bf-8b2d-58a671b58f50,2026-07-30T08:00:00Z,2026-07-30T10:00:00+0200,107.71,EUR/MWh,DK2,DK_2,day_ahead_price,value,2026-08-22T18:55:39Z
2026-08-22T18:49:31Z,2026-08-22T20:49:31+0200,32ee4a35-e929-46bf-8b2d-58a671b58f50,2026-07-30T08:15:00Z,2026-07-30T10:15:00+0200,92.94,EUR/MWh,DK2,DK_2,day_ahead_price,value,2026-08-22T18:55:39Z
2026-08-22T18:49:31Z,2026-08-22T20:49:31+0200,32ee4a35-e929-46bf-8b2d-58a671b58f50,2026-07-30T08:30:00Z,2026-07-30T10:30:00+0200,80.169998,EUR/MWh,DK2,DK_2,day_ahead_price,value,2026-08-22T18:55:39Z
2026-08-22T18:49:31Z,2026-08-22T20:49:31+0200,32ee4a35-e929-46bf-8b2d-58a671b58f50,2026-07-30T08:45:00Z,2026-07-30T10:45:00+0200,56.09,EUR/MWh,DK2,DK_2,day_ahead_price,value,2026-08-22T18:55:39Z
2026-08-22T18:49:31Z,2026-08-22T20:49:31+0200,32ee4a35-e929-46bf-8b2d-58a671b58f50,2026-07-30T09:00:00Z,2026-07-30T11:00:00+0200,70.089996,EUR/MWh,DK2,DK_2,day_ahead_price,value,2026-08-22T18:55:39Z
2026-08-22T18:49:31Z,2026-08-22T20:49:31+0200,32ee4a35-e929-46bf-8b2d-58a671b58f50,2026-07-30T09:15:00Z,2026-07-30T11:15:00+0200,35.9,EUR/MWh,DK2,DK_2,day_ahead_price,value,2026-08-22T18:55:39Z
2026-08-22T18:49:31Z,2026-08-22T20:49:31+0200,32ee4a35-e929-46bf-8b2d-58a671b58f50,2026-07-30T09:30:00Z,2026-07-30T11:30:00+0200,19.26,EUR/MWh,DK2,DK_2,day_ahead_price,value,2026-08-22T18:55:39Z
2026-08-22T18:49:31Z,2026-08-22T20:49:31+0200,32ee4a35-e929-46bf-8b2d-58a671b58f50,2026-07-30T09:45:00Z,2026-07-30T11:45:00+0200,12.08,EUR/MWh,DK2,DK_2,day_ahead_price,value,2026-08-22T18:55:39Z
2026-08-22T18:49:31Z,2026-08-22T20:49:31+0200,32ee4a35-e929-46bf-8b2d-58a671b58f50,2026-07-30T10:00:00Z,2026-07-30T12:00:00+0200,8.2,EUR/MWh,DK2,DK_2,day_ahead_price,value,2026-08-22T18:55:39Z
2026-08-22T18:49:31Z,2026-08-22T20:49:31+0200,32ee4a35-e929-46bf-8b2d-58a671b58f50,2026-07-30T10:15:00Z,2026-07-30T12:15:00+0200,7.24,EUR/MWh,DK2,DK_2,day_ahead_price,value,2026-08-22T18:55:39Z
2026-08-22T18:49:31Z,2026-08-22T20:49:31+0200,32ee4a35-e929-46bf-8b2d-58a671b58f50,2026-07-30T10:30:00Z,2026-07-30T12:30:00+0200,4.99,EUR/MWh,DK2,DK_2,day_ahead_price,value,2026-08-22T18:55:39Z
2026-08-22T18:49:31Z,2026-08-22T20:49:31+0200,32ee4a35-e929-46bf-8b2d-58a671b58f50,2026-07-30T10:45:00Z,2026-07-30T12:45:00+0200,4.84,EUR/MWh,DK2,DK_2,day_ahead_price,value,2026-08-22T18:55:39Z
2026-08-22T18:49:31Z,2026-08-22T20:49:31+0200,32ee4a35-e929-46bf-8b2d-58a671b58f50,2026-07-30T11:00:00Z,2026-07-30T13:00:00+0200,4.93,EUR/MWh,DK2,DK_2,day_ahead_price,value,2026-08-22T18:55:39Z
2026-08-22T18:49:31Z,2026-08-22T20:49:31+0200,32ee4a35-e929-46bf-8b2d-58a671b58f50,2026-07-30T11:15:00Z,2026-07-30T13:15:00+0200,4.83,EUR/MWh,DK2,DK_2,day_ahead_price,value,2026-08-22T18:55:39Z
2026-08-22T18:49:31Z,2026-08-22T20:49:31+0200,32ee4a35-e929-46bf-8b2d-58a671b58f50,2026-07-30T11:30:00Z,2026-07-30T13:30:00+0200,4.67,EUR/MWh,DK2,DK_2,day_ahead_price,value,2026-08-22T18:55:39Z
2026-08-22T18:49:31Z,2026-08-22T20:49:31+0200,32ee4a35-e929-46bf-8b2d-58a671b58f50,2026-07-30T11:45:00Z,2026-07-30T13:45:00+0200,4.87,EUR/MWh,DK2,DK_2,day_ahead_price,value,2026-08-22T18:55:39Z
2026-08-22T18:49:31Z,2026-08-22T20:49:31+0200,32ee4a35-e929-46bf-8b2d-58a671b58f50,2026-07-30T12:00:00Z,2026-07-30T14:00:00+0200,4.74,EUR/MWh,DK2,DK_2,day_ahead_price,value,2026-08-22T18:55:39Z
2026-08-22T18:49:31Z,2026-08-22T20:49:31+0200,32ee4a35-e929-46bf-8b2d-58a671b58f50,2026-07-30T12:15:00Z,2026-07-30T14:15:00+0200,6.81,EUR/MWh,DK2,DK_2,day_ahead_price,value,2026-08-22T18:55:39Z
2026-08-22T18:49:31Z,2026-08-22T20:49:31+0200,32ee4a35-e929-46bf-8b2d-58a671b58f50,2026-07-30T12:30:00Z,2026-07-30T14:30:00+0200,19.15,EUR/MWh,DK2,DK_2,day_ahead_price,value,2026-08-22T18:55:39Z
2026-08-22T18:49:31Z,2026-08-22T20:49:31+0200,32ee4a35-e929-46bf-8b2d-58a671b58f50,2026-07-30T12:45:00Z,2026-07-30T14:45:00+0200,38.78,EUR/MWh,DK2,DK_2,day_ahead_price,value,2026-08-22T18:55:39Z
2026-08-22T18:49:31Z,2026-08-22T20:49:31+0200,32ee4a35-e929-46bf-8b2d-58a671b58f50,2026-07-30T13:00:00Z,2026-07-30T15:00:00+0200,41.52,EUR/MWh,DK2,DK_2,day_ahead_price,value,2026-08-22T18:55:39Z
2026-08-22T18:49:31Z,2026-08-22T20:49:31+0200,32ee4a35-e929-46bf-8b2d-58a671b58f50,2026-07-30T13:15:00Z,2026-07-30T15:15:00+0200,59.4,EUR/MWh,DK2,DK_2,day_ahead_price,value,2026-08-22T18:55:39Z
2026-08-22T18:49:31Z,2026-08-22T20:49:31+0200,32ee4a35-e929-46bf-8b2d-58a671b58f50,2026-07-30T13:30:00Z,2026-07-30T15:30:00+0200,72.65,EUR/MWh,DK2,DK_2,day_ahead_price,value,2026-08-22T18:55:39Z
2026-08-22T18:49:31Z,2026-08-22T20:49:31+0200,32ee4a35-e929-46bf-8b2d-58a671b58f50,2026-07-30T13:45:00Z,2026-07-30T15:45:00+0200,87.1,EUR/MWh,DK2,DK_2,day_ahead_price,value,2026-08-22T18:55:39Z
2026-08-22T18:49:31Z,2026-08-22T20:49:31+0200,32ee4a35-e929-46bf-8b2d-58a671b58f50,2026-07-30T14:00:00Z,2026-07-30T16:00:00+0200,75.010002,EUR/MWh,DK2,DK_2,day_ahead_price,value,2026-08-22T18:55:39Z
2026-08-22T18:49:31Z,2026-08-22T20:49:31+0200,32ee4a35-e929-46bf-8b2d-58a671b58f50,2026-07-30T14:15:00Z,2026-07-30T16:15:00+0200,89.69,EUR/MWh,DK2,DK_2,day_ahead_price,value,2026-08-22T18:55:39Z
2026-08-22T18:49:31Z,2026-08-22T20:49:31+0200,32ee4a35-e929-46bf-8b2d-58a671b58f50,2026-07-30T14:30:00Z,2026-07-30T16:30:00+0200,107.139999,EUR/MWh,DK2,DK_2,day_ahead_price,value,2026-08-22T18:55:39Z
2026-08-22T18:49:31Z,2026-08-22T20:49:31+0200,32ee4a35-e929-46bf-8b2d-58a671b58f50,2026-07-30T14:45:00Z,2026-07-30T16:45:00+0200,126.199997,EUR/MWh,DK2,DK_2,day_ahead_price,value,2026-08-22T18:55:39Z
2026-08-22T18:49:31Z,2026-08-22T20:49:31+0200,32ee4a35-e929-46bf-8b2d-58a671b58f50,2026-07-30T15:00:00Z,2026-07-30T17:00:00+0200,108.25,EUR/MWh,DK2,DK_2,day_ahead_price,value,2026-08-22T18:55:39Z
2026-08-22T18:49:31Z,2026-08-22T20:49:31+0200,32ee4a35-e929-46bf-8b2d-58a671b58f50,2026-07-30T15:15:00Z,2026-07-30T17:15:00+0200,116.18,EUR/MWh,DK2,DK_2,day_ahead_price,value,2026-08-22T18:55:39Z
2026-08-22T18:49:31Z,2026-08-22T20:49:31+0200,32ee4a35-e929-46bf-8b2d-58a671b58f50,2026-07-30T15:30:00Z,2026-07-30T17:30:00+0200,131.759995,EUR/MWh,DK2,DK_2,day_ahead_price,value,2026-08-22T18:55:39Z
2026-08-22T18:49:31Z,2026-08-22T20:49:31+0200,32ee4a35-e929-46bf-8b2d-58a671b58f50,2026-07-30T15:45:00Z,2026-07-30T17:45:00+0200,154.41,EUR/MWh,DK2,DK_2,day_ahead_price,value,2026-08-22T18:55:39Z
2026-08-22T18:49:31Z,2026-08-22T20:49:31+0200,32ee4a35-e929-46bf-8b2d-58a671b58f50,2026-07-30T16:00:00Z,2026-07-30T18:00:00+0200,130.570007,EUR/MWh,DK2,DK_2,day_ahead_price,value,2026-08-22T18:55:39Z
2026-08-22T18:49:31Z,2026-08-22T20:49:31+0200,32ee4a35-e929-46bf-8b2d-58a671b58f50,2026-07-30T16:15:00Z,2026-07-30T18:15:00+0200,146.86,EUR/MWh,DK2,DK_2,day_ahead_price,value,2026-08-22T18:55:39Z
2026-08-22T18:49:31Z,2026-08-22T20:49:31+0200,32ee4a35-e929-46bf-8b2d-58a671b58f50,2026-07-30T16:30:00Z,2026-07-30T18:30:00+0200,162.14,EUR/MWh,DK2,DK_2,day_ahead_price,value,2026-08-22T18:55:39Z
2026-08-22T18:49:31Z,2026-08-22T20:49:31+0200,32ee4a35-e929-46bf-8b2d-58a671b58f50,2026-07-30T16:45:00Z,2026-07-30T18:45:00+0200,163.75,EUR/MWh,DK2,DK_2,day_ahead_price,value,2026-08-22T18:55:39Z
2026-08-22T18:49:31Z,2026-08-22T20:49:31+0200,32ee4a35-e929-46bf-8b2d-58a671b58f50,2026-07-30T17:00:00Z,2026-07-30T19:00:00+0200,152.71,EUR/MWh,DK2,DK_2,day_ahead_price,value,2026-08-22T18:55:39Z
2026-08-22T18:49:31Z,2026-08-22T20:49:31+0200,32ee4a35-e929-46bf-8b2d-58a671b58f50,2026-07-30T17:15:00Z,2026-07-30T19:15:00+0200,176.199997,EUR/MWh,DK2,DK_2,day_ahead_price,value,2026-08-22T18:55:39Z
2026-08-22T18:49:31Z,2026-08-22T20:49:31+0200,32ee4a35-e929-46bf-8b2d-58a671b58f50,2026-07-30T17:30:00Z,2026-07-30T19:30:00+0200,185.270004,EUR/MWh,DK2,DK_2,day_ahead_price,value,2026-08-22T18:55:39Z
2026-08-22T18:49:31Z,2026-08-22T20:49:31+0200,32ee4a35-e929-46bf-8b2d-58a671b58f50,2026-07-30T17:45:00Z,2026-07-30T19:45:00+0200,194.759995,EUR/MWh,DK2,DK_2,day_ahead_price,value,2026-08-22T18:55:39Z
2026-08-22T18:49:31Z,2026-08-22T20:49:31+0200,32ee4a35-e929-46bf-8b2d-58a671b58f50,2026-07-30T18:00:00Z,2026-07-30T20:00:00+0200,185.679993,EUR/MWh,DK2,DK_2,day_ahead_price,value,2026-08-22T18:55:39Z
2026-08-22T18:49:31Z,2026-08-22T20:49:31+0200,32ee4a35-e929-46bf-8b2d-58a671b58f50,2026-07-30T18:15:00Z,2026-07-30T20:15:00+0200,189.94,EUR/MWh,DK2,DK_2,day_ahead_price,value,2026-08-22T18:55:39Z
2026-08-22T18:49:31Z,2026-08-22T20:49:31+0200,32ee4a35-e929-46bf-8b2d-58a671b58f50,2026-07-30T18:30:00Z,2026-07-30T20:30:00+0200,200.41,EUR/MWh,DK2,DK_2,day_ahead_price,value,2026-08-22T18:55:39Z
2026-08-22T18:49:31Z,2026-08-22T20:49:31+0200,32ee4a35-e929-46bf-8b2d-58a671b58f50,2026-07-30T18:45:00Z,2026-07-30T20:45:00+0200,220.610001,EUR/MWh,DK2,DK_2,day_ahead_price,value,2026-08-22T18:55:39Z
2026-08-22T18:49:31Z,2026-08-22T20:49:31+0200,32ee4a35-e929-46bf-8b2d-58a671b58f50,2026-07-30T19:00:00Z,2026-07-30T21:00:00+0200,218.729996,EUR/MWh,DK2,DK_2,day_ahead_price,value,2026-08-22T18:55:39Z
2026-08-22T18:49:31Z,2026-08-22T20:49:31+0200,32ee4a35-e929-46bf-8b2d-58a671b58f50,2026-07-30T19:15:00Z,2026-07-30T21:15:00+0200,212.0,EUR/MWh,DK2,DK_2,day_ahead_price,value,2026-08-22T18:55:39Z
2026-08-22T18:49:31Z,2026-08-22T20:49:31+0200,32ee4a35-e929-46bf-8b2d-58a671b58f50,2026-07-30T19:30:00Z,2026-07-30T21:30:00+0200,203.729996,EUR/MWh,DK2,DK_2,day_ahead_price,value,2026-08-22T18:55:39Z
2026-08-22T18:49:31Z,2026-08-22T20:49:31+0200,32ee4a35-e929-46bf-8b2d-58a671b58f50,2026-07-30T19:45:00Z,2026-07-30T21:45:00+0200,193.73,EUR/MWh,DK2,DK_2,day_ahead_price,value,2026-08-22T18:55:39Z
2026-08-22T18:49:31Z,2026-08-22T20:49:31+0200,32ee4a35-e929-46bf-8b2d-58a671b58f50,2026-07-30T20:00:00Z,2026-07-30T22:00:00+0200,201.3,EUR/MWh,DK2,DK_2,day_ahead_price,value,2026-08-22T18:55:39Z
2026-08-22T18:49:31Z,2026-08-22T20:49:31+0200,32ee4a35-e929-46bf-8b2d-58a671b58f50,2026-07-30T20:15:00Z,2026-07-30T22:15:00+0200,194.09,EUR/MWh,DK2,DK_2,day_ahead_price,value,2026-08-22T18:55:39Z
2026-08-22T18:49:31Z,2026-08-22T20:49:31+0200,32ee4a35-e929-46bf-8b2d-58a671b58f50,2026-07-30T20:30:00Z,2026-07-30T22:30:00+0200,187.25,EUR/MWh,DK2,DK_2,day_ahead_price,value,2026-08-22T18:55:39Z
2026-08-22T18:49:31Z,2026-08-22T20:49:31+0200,32ee4a35-e929-46bf-8b2d-58a671b58f50,2026-07-30T20:45:00Z,2026-07-30T22:45:00+0200,178.55,EUR/MWh,DK2,DK_2,day_ahead_price,value,2026-08-22T18:55:39Z
2026-08-22T18:49:31Z,2026-08-22T20:49:31+0200,32ee4a35-e929-46bf-8b2d-58a671b58f50,2026-07-30T21:00:00Z,2026-07-30T23:00:00+0200,181.289993,EUR/MWh,DK2,DK_2,day_ahead_price,value,2026-08-22T18:55:39Z
2026-08-22T18:49:31Z,2026-08-22T20:49:31+0200,32ee4a35-e929-46bf-8b2d-58a671b58f50,2026-07-30T21:15:00Z,2026-07-30T23:15:00+0200,172.649994,EUR/MWh,DK2,DK_2,day_ahead_price,value,2026-08-22T18:55:39Z
2026-08-22T18:49:31Z,2026-08-22T20:49:31+0200,32ee4a35-e929-46bf-8b2d-58a671b58f50,2026-07-30T21:30:00Z,2026-07-30T23:30:00+0200,169.779999,EUR/MWh,DK2,DK_2,day_ahead_price,value,2026-08-22T18:55:39Z
2026-08-22T18:49:31Z,2026-08-22T20:49:31+0200,32ee4a35-e929-46bf-8b2d-58a671b58f50,2026-07-30T21:45:00Z,2026-07-30T23:45:00+0200,159.6,EUR/MWh,DK2,DK_2,day_ahead_price,value,2026-08-22T18:55:39Z
2026-08-22T18:49:31Z,2026-08-22T20:49:31+0200,32ee4a35-e929-46bf-8b2d-58a671b58f50,2026-07-30T22:00:00Z,2026-07-31T00:00:00+0200,177.28,EUR/MWh,DK2,DK_2,day_ahead_price,value,2026-08-22T18:55:39Z
2026-08-22T18:49:31Z,2026-08-22T20:49:31+0200,32ee4a35-e929-46bf-8b2d-58a671b58f50,2026-07-30T22:15:00Z,2026-07-31T00:15:00+0200,170.09,EUR/MWh,DK2,DK_2,day_ahead_price,value,2026-08-22T18:55:39Z
2026-08-22T18:49:31Z,2026-08-22T20:49:31+0200,32ee4a35-e929-46bf-8b2d-58a671b58f50,2026-07-30T22:30:00Z,2026-07-31T00:30:00+0200,164.6,EUR/MWh,DK2,DK_2,day_ahead_price,value,2026-08-22T18:55:39Z
2026-08-22T18:49:31Z,2026-08-22T20:49:31+0200,32ee4a35-e929-46bf-8b2d-58a671b58f50,2026-07-30T22:45:00Z,2026-07-31T00:45:00+0200,160.84,EUR/MWh,DK2,DK_2,day_ahead_price,value,2026-08-22T18:55:39Z
2026-08-22T18:49:31Z,2026-08-22T20:49:31+0200,32ee4a35-e929-46bf-8b2d-58a671b58f50,2026-07-30T23:00:00Z,2026-07-31T01:00:00+0200,172.94,EUR/MWh,DK2,DK_2,day_ahead_price,value,2026-08-22T18:55:39Z
2026-08-22T18:49:31Z,2026-08-22T20:49:31+0200,32ee4a35-e929-46bf-8b2d-58a671b58f50,2026-07-30T23:15:00Z,2026-07-31T01:15:00+0200,167.08,EUR/MWh,DK2,DK_2,day_ahead_price,value,2026-08-22T18:55:39Z
2026-08-22T18:49:31Z,2026-08-22T20:49:31+0200,32ee4a35-e929-46bf-8b2d-58a671b58f50,2026-07-30T23:30:00Z,2026-07-31T01:30:00+0200,157.61,EUR/MWh,DK2,DK_2,day_ahead_price,value,2026-08-22T18:55:39Z
2026-08-22T18:49:31Z,2026-08-22T20:49:31+0200,32ee4a35-e929-46bf-8b2d-58a671b58f50,2026-07-30T23:45:00Z,2026-07-31T01:45:00+0200,154.04,EUR/MWh,DK2,DK_2,day_ahead_price,value,2026-08-22T18:55:39Z
2026-08-22T18:49:31Z,2026-08-22T20:49:31+0200,32ee4a35-e929-46bf-8b2d-58a671b58f50,2026-07-31T00:00:00Z,2026-07-31T02:00:00+0200,157.15,EUR/MWh,DK2,DK_2,day_ahead_price,value,2026-08-22T18:55:39Z
2026-08-22T18:49:31Z,2026-08-22T20:49:31+0200,32ee4a35-e929-46bf-8b2d-58a671b58f50,2026-07-31T00:15:00Z,2026-07-31T02:15:00+0200,154.5,EUR/MWh,DK2,DK_2,day_ahead_price,value,2026-08-22T18:55:39Z
2026-08-22T18:49:31Z,2026-08-22T20:49:31+0200,32ee4a35-e929-46bf-8b2d-58a671b58f50,2026-07-31T00:30:00Z,2026-07-31T02:30:00+0200,154.01,EUR/MWh,DK2,DK_2,day_ahead_price,value,2026-08-22T18:55:39Z
2026-08-22T18:49:31Z,2026-08-22T20:49:31+0200,32ee4a35-e929-46bf-8b2d-58a671b58f50,2026-07-31T00:45:00Z,2026-07-31T02:45:00+0200,154.76,EUR/MWh,DK2,DK_2,day_ahead_price,value,2026-08-22T18:55:39Z
2026-08-22T18:49:31Z,2026-08-22T20:49:31+0200,32ee4a35-e929-46bf-8b2d-58a671b58f50,2026-07-31T01:00:00Z,2026-07-31T03:00:00+0200,153.85,EUR/MWh,DK2,DK_2,day_ahead_price,value,2026-08-22T18:55:39Z
2026-08-22T18:49:31Z,2026-08-22T20:49:31+0200,32ee4a35-e929-46bf-8b2d-58a671b58f50,2026-07-31T01:15:00Z,2026-07-31T03:15:00+0200,154.58,EUR/MWh,DK2,DK_2,day_ahead_price,value,2026-08-22T18:55:39Z
2026-08-22T18:49:31Z,2026-08-22T20:49:31+0200,32ee4a35-e929-46bf-8b2d-58a671b58f50,2026-07-31T01:30:00Z,2026-07-31T03:30:00+0200,153.92,EUR/MWh,DK2,DK_2,day_ahead_price,value,2026-08-22T18:55:39Z
2026-08-22T18:49:31Z,2026-08-22T20:49:31+0200,32ee4a35-e929-46bf-8b2d-58a671b58f50,2026-07-31T01:45:00Z,2026-07-31T03:45:00+0200,153.96,EUR/MWh,DK2,DK_2,day_ahead_price,value,2026-08-22T18:55:39Z
2026-08-22T18:49:31Z,2026-08-22T20:49:31+0200,32ee4a35-e929-46bf-8b2d-58a671b58f50,2026-07-31T02:00:00Z,2026-07-31T04:00:00+0200,154.75,EUR/MWh,DK2,DK_2,day_ahead_price,value,2026-08-22T18:55:39Z
2026-08-22T18:49:31Z,2026-08-22T20:49:31+0200,32ee4a35-e929-46bf-8b2d-58a671b58f50,2026-07-31T02:15:00Z,2026-07-31T04:15:00+0200,152.51,EUR/MWh,DK2,DK_2,day_ahead_price,value,2026-08-22T18:55:39Z
2026-08-22T18:49:31Z,2026-08-22T20:49:31+0200,32ee4a35-e929-46bf-8b2d-58a671b58f50,2026-07-31T02:30:00Z,2026-07-31T04:30:00+0200,156.62,EUR/MWh,DK2,DK_2,day_ahead_price,value,2026-08-22T18:55:39Z
2026-08-22T18:49:31Z,2026-08-22T20:49:31+0200,32ee4a35-e929-46bf-8b2d-58a671b58f50,2026-07-31T02:45:00Z,2026-07-31T04:45:00+0200,164.35,EUR/MWh,DK2,DK_2,day_ahead_price,value,2026-08-22T18:55:39Z
2026-08-22T18:49:31Z,2026-08-22T20:49:31+0200,32ee4a35-e929-46bf-8b2d-58a671b58f50,2026-07-31T03:00:00Z,2026-07-31T05:00:00+0200,150.66,EUR/MWh,DK2,DK_2,day_ahead_price,value,2026-08-22T18:55:39Z
2026-08-22T18:49:31Z,2026-08-22T20:49:31+0200,32ee4a35-e929-46bf-8b2d-58a671b58f50,2026-07-31T03:15:00Z,2026-07-31T05:15:00+0200,155.53,EUR/MWh,DK2,DK_2,day_ahead_price,value,2026-08-22T18:55:39Z
2026-08-22T18:49:31Z,2026-08-22T20:49:31+0200,32ee4a35-e929-46bf-8b2d-58a671b58f50,2026-07-31T03:30:00Z,2026-07-31T05:30:00+0200,173.14,EUR/MWh,DK2,DK_2,day_ahead_price,value,2026-08-22T18:55:39Z
2026-08-22T18:49:31Z,2026-08-22T20:49:31+0200,32ee4a35-e929-46bf-8b2d-58a671b58f50,2026-07-31T03:45:00Z,2026-07-31T05:45:00+0200,174.26,EUR/MWh,DK2,DK_2,day_ahead_price,value,2026-08-22T18:55:39Z
2026-08-22T18:49:31Z,2026-08-22T20:49:31+0200,32ee4a35-e929-46bf-8b2d-58a671b58f50,2026-07-31T04:00:00Z,2026-07-31T06:00:00+0200,171.89,EUR/MWh,DK2,DK_2,day_ahead_price,value,2026-08-22T18:55:39Z
2026-08-22T18:49:31Z,2026-08-22T20:49:31+0200,32ee4a35-e929-46bf-8b2d-58a671b58f50,2026-07-31T04:15:00Z,2026-07-31T06:15:00+0200,182.02,EUR/MWh,DK2,DK_2,day_ahead_price,value,2026-08-22T18:55:39Z
2026-08-22T18:49:31Z,2026-08-22T20:49:31+0200,32ee4a35-e929-46bf-8b2d-58a671b58f50,2026-07-31T04:30:00Z,2026-07-31T06:30:00+0200,183.44,EUR/MWh,DK2,DK_2,day_ahead_price,value,2026-08-22T18:55:39Z
2026-08-22T18:49:31Z,2026-08-22T20:49:31+0200,32ee4a35-e929-46bf-8b2d-58a671b58f50,2026-07-31T04:45:00Z,2026-07-31T06:45:00+0200,178.41,EUR/MWh,DK2,DK_2,day_ahead_price,value,2026-08-22T18:55:39Z
2026-08-22T18:49:31Z,2026-08-22T20:49:31+0200,32ee4a35-e929-46bf-8b2d-58a671b58f50,2026-07-31T05:00:00Z,2026-07-31T07:00:00+0200,187.11,EUR/MWh,DK2,DK_2,day_ahead_price,value,2026-08-22T18:55:39Z
2026-08-22T18:49:31Z,2026-08-22T20:49:31+0200,32ee4a35-e929-46bf-8b2d-58a671b58f50,2026-07-31T05:15:00Z,2026-07-31T07:15:00+0200,180.0,EUR/MWh,DK2,DK_2,day_ahead_price,value,2026-08-22T18:55:39Z
2026-08-22T18:49:31Z,2026-08-22T20:49:31+0200,32ee4a35-e929-46bf-8b2d-58a671b58f50,2026-07-31T05:30:00Z,2026-07-31T07:30:00+0200,172.61,EUR/MWh,DK2,DK_2,day_ahead_price,value,2026-08-22T18:55:39Z
2026-08-22T18:49:31Z,2026-08-22T20:49:31+0200,32ee4a35-e929-46bf-8b2d-58a671b58f50,2026-07-31T05:45:00Z,2026-07-31T07:45:00+0200,150.2,EUR/MWh,DK2,DK_2,day_ahead_price,value,2026-08-22T18:55:39Z
2026-08-22T18:49:31Z,2026-08-22T20:49:31+0200,32ee4a35-e929-46bf-8b2d-58a671b58f50,2026-07-31T06:00:00Z,2026-07-31T08:00:00+0200,182.6,EUR/MWh,DK2,DK_2,day_ahead_price,value,2026-08-22T18:55:39Z
2026-08-22T18:49:31Z,2026-08-22T20:49:31+0200,32ee4a35-e929-46bf-8b2d-58a671b58f50,2026-07-31T06:15:00Z,2026-07-31T08:15:00+0200,170.72,EUR/MWh,DK2,DK_2,day_ahead_price,value,2026-08-22T18:55:39Z
2026-08-22T18:49:31Z,2026-08-22T20:49:31+0200,32ee4a35-e929-46bf-8b2d-58a671b58f50,2026-07-31T06:30:00Z,2026-07-31T08:30:00+0200,153.29,EUR/MWh,DK2,DK_2,day_ahead_price,value,2026-08-22T18:55:39Z
2026-08-22T18:49:31Z,2026-08-22T20:49:31+0200,32ee4a35-e929-46bf-8b2d-58a671b58f50,2026-07-31T06:45:00Z,2026-07-31T08:45:00+0200,130.34,EUR/MWh,DK2,DK_2,day_ahead_price,value,2026-08-22T18:55:39Z
2026-08-22T18:49:31Z,2026-08-22T20:49:31+0200,32ee4a35-e929-46bf-8b2d-58a671b58f50,2026-07-31T07:00:00Z,2026-07-31T09:00:00+0200,159.31,EUR/MWh,DK2,DK_2,day_ahead_price,value,2026-08-22T18:55:39Z
2026-08-22T18:49:31Z,2026-08-22T20:49:31+0200,32ee4a35-e929-46bf-8b2d-58a671b58f50,2026-07-31T07:15:00Z,2026-07-31T09:15:00+0200,141.71,EUR/MWh,DK2,DK_2,day_ahead_price,value,2026-08-22T18:55:39Z
2026-08-22T18:49:31Z,2026-08-22T20:49:31+0200,32ee4a35-e929-46bf-8b2d-58a671b58f50,2026-07-31T07:30:00Z,2026-07-31T09:30:00+0200,130.39,EUR/MWh,DK2,DK_2,day_ahead_price,value,2026-08-22T18:55:39Z
2026-08-22T18:49:31Z,2026-08-22T20:49:31+0200,32ee4a35-e929-46bf-8b2d-58a671b58f50,2026-07-31T07:45:00Z,2026-07-31T09:45:00+0200,130.05,EUR/MWh,DK2,DK_2,day_ahead_price,value,2026-08-22T18:55:39Z
2026-08-22T18:49:31Z,2026-08-22T20:49:31+0200,32ee4a35-e929-46bf-8b2d-58a671b58f50,2026-07-31T08:00:00Z,2026-07-31T10:00:00+0200,130.39,EUR/MWh,DK2,DK_2,day_ahead_price,value,2026-08-22T18:55:39Z
2026-08-22T18:49:31Z,2026-08-22T20:49:31+0200,32ee4a35-e929-46bf-8b2d-58a671b58f50,2026-07-31T08:15:00Z,2026-07-31T10:15:00+0200,130.3,EUR/MWh,DK2,DK_2,day_ahead_price,value,2026-08-22T18:55:39Z
2026-08-22T18:49:31Z,2026-08-22T20:49:31+0200,32ee4a35-e929-46bf-8b2d-58a671b58f50,2026-07-31T08:30:00Z,2026-07-31T10:30:00+0200,114.27,EUR/MWh,DK2,DK_2,day_ahead_price,value,2026-08-22T18:55:39Z
2026-08-22T18:49:31Z,2026-08-22T20:49:31+0200,32ee4a35-e929-46bf-8b2d-58a671b58f50,2026-07-31T08:45:00Z,2026-07-31T10:45:00+0200,100.92,EUR/MWh,DK2,DK_2,day_ahead_price,value,2026-08-22T18:55:39Z
2026-08-22T18:49:31Z,2026-08-22T20:49:31+0200,32ee4a35-e929-46bf-8b2d-58a671b58f50,2026-07-31T09:00:00Z,2026-07-31T11:00:00+0200,113.94,EUR/MWh,DK2,DK_2,day_ahead_price,value,2026-08-22T18:55:39Z
2026-08-22T18:49:31Z,2026-08-22T20:49:31+0200,32ee4a35-e929-46bf-8b2d-58a671b58f50,2026-07-31T09:15:00Z,2026-07-31T11:15:00+0200,100.21,EUR/MWh,DK2,DK_2,day_ahead_price,value,2026-08-22T18:55:39Z
2026-08-22T18:49:31Z,2026-08-22T20:49:31+0200,32ee4a35-e929-46bf-8b2d-58a671b58f50,2026-07-31T09:30:00Z,2026-07-31T11:30:00+0200,99.56,EUR/MWh,DK2,DK_2,day_ahead_price,value,2026-08-22T18:55:39Z
2026-08-22T18:49:31Z,2026-08-22T20:49:31+0200,32ee4a35-e929-46bf-8b2d-58a671b58f50,2026-07-31T09:45:00Z,2026-07-31T11:45:00+0200,92.64,EUR/MWh,DK2,DK_2,day_ahead_price,value,2026-08-22T18:55:39Z
2026-08-22T18:49:31Z,2026-08-22T20:49:31+0200,32ee4a35-e929-46bf-8b2d-58a671b58f50,2026-07-31T10:00:00Z,2026-07-31T12:00:00+0200,97.65,EUR/MWh,DK2,DK_2,day_ahead_price,value,2026-08-22T18:55:39Z
2026-08-22T18:49:31Z,2026-08-22T20:49:31+0200,32ee4a35-e929-46bf-8b2d-58a671b58f50,2026-07-31T10:15:00Z,2026-07-31T12:15:00+0200,95.74,EUR/MWh,DK2,DK_2,day_ahead_price,value,2026-08-22T18:55:39Z
2026-08-22T18:49:31Z,2026-08-22T20:49:31+0200,32ee4a35-e929-46bf-8b2d-58a671b58f50,2026-07-31T10:30:00Z,2026-07-31T12:30:00+0200,96.03,EUR/MWh,DK2,DK_2,day_ahead_price,value,2026-08-22T18:55:39Z
2026-08-22T18:49:31Z,2026-08-22T20:49:31+0200,32ee4a35-e929-46bf-8b2d-58a671b58f50,2026-07-31T10:45:00Z,2026-07-31T12:45:00+0200,86.99,EUR/MWh,DK2,DK_2,day_ahead_price,value,2026-08-22T18:55:39Z
2026-08-22T18:49:31Z,2026-08-22T20:49:31+0200,32ee4a35-e929-46bf-8b2d-58a671b58f50,2026-07-31T11:00:00Z,2026-07-31T13:00:00+0200,85.01,EUR/MWh,DK2,DK_2,day_ahead_price,value,2026-08-22T18:55:39Z
2026-08-22T18:49:31Z,2026-08-22T20:49:31+0200,32ee4a35-e929-46bf-8b2d-58a671b58f50,2026-07-31T11:15:00Z,2026-07-31T13:15:00+0200,84.46,EUR/MWh,DK2,DK_2,day_ahead_price,value,2026-08-22T18:55:39Z
2026-08-22T18:49:31Z,2026-08-22T20:49:31+0200,32ee4a35-e929-46bf-8b2d-58a671b58f50,2026-07-31T11:30:00Z,2026-07-31T13:30:00+0200,82.25,EUR/MWh,DK2,DK_2,day_ahead_price,value,2026-08-22T18:55:39Z
2026-08-22T18:49:31Z,2026-08-22T20:49:31+0200,32ee4a35-e929-46bf-8b2d-58a671b58f50,2026-07-31T11:45:00Z,2026-07-31T13:45:00+0200,81.35,EUR/MWh,DK2,DK_2,day_ahead_price,value,2026-08-22T18:55:39Z
2026-08-22T18:49:31Z,2026-08-22T20:49:31+0200,32ee4a35-e929-46bf-8b2d-58a671b58f50,2026-07-31T12:00:00Z,2026-07-31T14:00:00+0200,80.4,EUR/MWh,DK2,DK_2,day_ahead_price,value,2026-08-22T18:55:39Z
2026-08-22T18:49:31Z,2026-08-22T20:49:31+0200,32ee4a35-e929-46bf-8b2d-58a671b58f50,2026-07-31T12:15:00Z,2026-07-31T14:15:00+0200,81.99,EUR/MWh,DK2,DK_2,day_ahead_price,value,2026-08-22T18:55:39Z
2026-08-22T18:49:31Z,2026-08-22T20:49:31+0200,32ee4a35-e929-46bf-8b2d-58a671b58f50,2026-07-31T12:30:00Z,2026-07-31T14:30:00+0200,87.81,EUR/MWh,DK2,DK_2,day_ahead_price,value,2026-08-22T18:55:39Z
2026-08-22T18:49:31Z,2026-08-22T20:49:31+0200,32ee4a35-e929-46bf-8b2d-58a671b58f50,2026-07-31T12:45:00Z,2026-07-31T14:45:00+0200,94.94,EUR/MWh,DK2,DK_2,day_ahead_price,value,2026-08-22T18:55:39Z
2026-08-22T18:49:31Z,2026-08-22T20:49:31+0200,32ee4a35-e929-46bf-8b2d-58a671b58f50,2026-07-31T13:00:00Z,2026-07-31T15:00:00+0200,89.93,EUR/MWh,DK2,DK_2,day_ahead_price,value,2026-08-22T18:55:39Z
2026-08-22T18:49:31Z,2026-08-22T20:49:31+0200,32ee4a35-e929-46bf-8b2d-58a671b58f50,2026-07-31T13:15:00Z,2026-07-31T15:15:00+0200,98.44,EUR/MWh,DK2,DK_2,day_ahead_price,value,2026-08-22T18:55:39Z
2026-08-22T18:49:31Z,2026-08-22T20:49:31+0200,32ee4a35-e929-46bf-8b2d-58a671b58f50,2026-07-31T13:30:00Z,2026-07-31T15:30:00+0200,103.94,EUR/MWh,DK2,DK_2,day_ahead_price,value,2026-08-22T18:55:39Z
2026-08-22T18:49:31Z,2026-08-22T20:49:31+0200,32ee4a35-e929-46bf-8b2d-58a671b58f50,2026-07-31T13:45:00Z,2026-07-31T15:45:00+0200,117.75,EUR/MWh,DK2,DK_2,day_ahead_price,value,2026-08-22T18:55:39Z
2026-08-22T18:49:31Z,2026-08-22T20:49:31+0200,32ee4a35-e929-46bf-8b2d-58a671b58f50,2026-07-31T14:00:00Z,2026-07-31T16:00:00+0200,109.45,EUR/MWh,DK2,DK_2,day_ahead_price,value,2026-08-22T18:55:39Z
2026-08-22T18:49:31Z,2026-08-22T20:49:31+0200,32ee4a35-e929-46bf-8b2d-58a671b58f50,2026-07-31T14:15:00Z,2026-07-31T16:15:00+0200,113.15,EUR/MWh,DK2,DK_2,day_ahead_price,value,2026-08-22T18:55:39Z
2026-08-22T18:49:31Z,2026-08-22T20:49:31+0200,32ee4a35-e929-46bf-8b2d-58a671b58f50,2026-07-31T14:30:00Z,2026-07-31T16:30:00+0200,123.01,EUR/MWh,DK2,DK_2,day_ahead_price,value,2026-08-22T18:55:39Z
2026-08-22T18:49:31Z,2026-08-22T20:49:31+0200,32ee4a35-e929-46bf-8b2d-58a671b58f50,2026-07-31T14:45:00Z,2026-07-31T16:45:00+0200,133.51,EUR/MWh,DK2,DK_2,day_ahead_price,value,2026-08-22T18:55:39Z
2026-08-22T18:49:31Z,2026-08-22T20:49:31+0200,32ee4a35-e929-46bf-8b2d-58a671b58f50,2026-07-31T15:00:00Z,2026-07-31T17:00:00+0200,125.16,EUR/MWh,DK2,DK_2,day_ahead_price,value,2026-08-22T18:55:39Z
2026-08-22T18:49:31Z,2026-08-22T20:49:31+0200,32ee4a35-e929-46bf-8b2d-58a671b58f50,2026-07-31T15:15:00Z,2026-07-31T17:15:00+0200,134.59,EUR/MWh,DK2,DK_2,day_ahead_price,value,2026-08-22T18:55:39Z
2026-08-22T18:49:31Z,2026-08-22T20:49:31+0200,32ee4a35-e929-46bf-8b2d-58a671b58f50,2026-07-31T15:30:00Z,2026-07-31T17:30:00+0200,163.06,EUR/MWh,DK2,DK_2,day_ahead_price,value,2026-08-22T18:55:39Z
2026-08-22T18:49:31Z,2026-08-22T20:49:31+0200,32ee4a35-e929-46bf-8b2d-58a671b58f50,2026-07-31T15:45:00Z,2026-07-31T17:45:00+0200,164.57,EUR/MWh,DK2,DK_2,day_ahead_price,value,2026-08-22T18:55:39Z
2026-08-22T18:49:31Z,2026-08-22T20:49:31+0200,32ee4a35-e929-46bf-8b2d-58a671b58f50,2026-07-31T16:00:00Z,2026-07-31T18:00:00+0200,142.89,EUR/MWh,DK2,DK_2,day_ahead_price,value,2026-08-22T18:55:39Z
2026-08-22T18:49:31Z,2026-08-22T20:49:31+0200,32ee4a35-e929-46bf-8b2d-58a671b58f50,2026-07-31T16:15:00Z,2026-07-31T18:15:00+0200,161.21,EUR/MWh,DK2,DK_2,day_ahead_price,value,2026-08-22T18:55:39Z
2026-08-22T18:49:31Z,2026-08-22T20:49:31+0200,32ee4a35-e929-46bf-8b2d-58a671b58f50,2026-07-31T16:30:00Z,2026-07-31T18:30:00+0200,169.38,EUR/MWh,DK2,DK_2,day_ahead_price,value,2026-08-22T18:55:39Z
2026-08-22T18:49:31Z,2026-08-22T20:49:31+0200,32ee4a35-e929-46bf-8b2d-58a671b58f50,2026-07-31T16:45:00Z,2026-07-31T18:45:00+0200,182.8,EUR/MWh,DK2,DK_2,day_ahead_price,value,2026-08-22T18:55:39Z
2026-08-22T18:49:31Z,2026-08-22T20:49:31+0200,32ee4a35-e929-46bf-8b2d-58a671b58f50,2026-07-31T17:00:00Z,2026-07-31T19:00:00+0200,167.69,EUR/MWh,DK2,DK_2,day_ahead_price,value,2026-08-22T18:55:39Z
2026-08-22T18:49:31Z,2026-08-22T20:49:31+0200,32ee4a35-e929-46bf-8b2d-58a671b58f50,2026-07-31T17:15:00Z,2026-07-31T19:15:00+0200,181.49,EUR/MWh,DK2,DK_2,day_ahead_price,value,2026-08-22T18:55:39Z
2026-08-22T18:49:31Z,2026-08-22T20:49:31+0200,32ee4a35-e929-46bf-8b2d-58a671b58f50,2026-07-31T17:30:00Z,2026-07-31T19:30:00+0200,196.8,EUR/MWh,DK2,DK_2,day_ahead_price,value,2026-08-22T18:55:39Z
2026-08-22T18:49:31Z,2026-08-22T20:49:31+0200,32ee4a35-e929-46bf-8b2d-58a671b58f50,2026-07-31T17:45:00Z,2026-07-31T19:45:00+0200,209.53,EUR/MWh,DK2,DK_2,day_ahead_price,value,2026-08-22T18:55:39Z
2026-08-22T18:49:31Z,2026-08-22T20:49:31+0200,32ee4a35-e929-46bf-8b2d-58a671b58f50,2026-07-31T18:00:00Z,2026-07-31T20:00:00+0200,188.9,EUR/MWh,DK2,DK_2,day_ahead_price,value,2026-08-22T18:55:39Z
2026-08-22T18:49:31Z,2026-08-22T20:49:31+0200,32ee4a35-e929-46bf-8b2d-58a671b58f50,2026-07-31T18:15:00Z,2026-07-31T20:15:00+0200,193.85,EUR/MWh,DK2,DK_2,day_ahead_price,value,2026-08-22T18:55:39Z
2026-08-22T18:49:31Z,2026-08-22T20:49:31+0200,32ee4a35-e929-46bf-8b2d-58a671b58f50,2026-07-31T18:30:00Z,2026-07-31T20:30:00+0200,198.46,EUR/MWh,DK2,DK_2,day_ahead_price,value,2026-08-22T18:55:39Z
2026-08-22T18:49:31Z,2026-08-22T20:49:31+0200,32ee4a35-e929-46bf-8b2d-58a671b58f50,2026-07-31T18:45:00Z,2026-07-31T20:45:00+0200,200.65,EUR/MWh,DK2,DK_2,day_ahead_price,value,2026-08-22T18:55:39Z
2026-08-22T18:49:31Z,2026-08-22T20:49:31+0200,32ee4a35-e929-46bf-8b2d-58a671b58f50,2026-07-31T19:00:00Z,2026-07-31T21:00:00+0200,194.18,EUR/MWh,DK2,DK_2,day_ahead_price,value,2026-08-22T18:55:39Z
2026-08-22T18:49:31Z,2026-08-22T20:49:31+0200,32ee4a35-e929-46bf-8b2d-58a671b58f50,2026-07-31T19:15:00Z,2026-07-31T21:15:00+0200,195.04,EUR/MWh,DK2,DK_2,day_ahead_price,value,2026-08-22T18:55:39Z
2026-08-22T18:49:31Z,2026-08-22T20:49:31+0200,32ee4a35-e929-46bf-8b2d-58a671b58f50,2026-07-31T19:30:00Z,2026-07-31T21:30:00+0200,197.67,EUR/MWh,DK2,DK_2,day_ahead_price,value,2026-08-22T18:55:39Z
2026-08-22T18:49:31Z,2026-08-22T20:49:31+0200,32ee4a35-e929-46bf-8b2d-58a671b58f50,2026-07-31T19:45:00Z,2026-07-31T21:45:00+0200,199.37,EUR/MWh,DK2,DK_2,day_ahead_price,value,2026-08-22T18:55:39Z
2026-08-22T18:49:31Z,2026-08-22T20:49:31+0200,32ee4a35-e929-46bf-8b2d-58a671b58f50,2026-07-31T20:00:00Z,2026-07-31T22:00:00+0200,204.07,EUR/MWh,DK2,DK_2,day_ahead_price,value,2026-08-22T18:55:39Z
2026-08-22T18:49:31Z,2026-08-22T20:49:31+0200,32ee4a35-e929-46bf-8b2d-58a671b58f50,2026-07-31T20:15:00Z,2026-07-31T22:15:00+0200,201.36,EUR/MWh,DK2,DK_2,day_ahead_price,value,2026-08-22T18:55:39Z
2026-08-22T18:49:31Z,2026-08-22T20:49:31+0200,32ee4a35-e929-46bf-8b2d-58a671b58f50,2026-07-31T20:30:00Z,2026-07-31T22:30:00+0200,184.12,EUR/MWh,DK2,DK_2,day_ahead_price,value,2026-08-22T18:55:39Z
2026-08-22T18:49:31Z,2026-08-22T20:49:31+0200,32ee4a35-e929-46bf-8b2d-58a671b58f50,2026-07-31T20:45:00Z,2026-07-31T22:45:00+0200,175.01,EUR/MWh,DK2,DK_2,day_ahead_price,value,2026-08-22T18:55:39Z
2026-08-22T18:49:31Z,2026-08-22T20:49:31+0200,32ee4a35-e929-46bf-8b2d-58a671b58f50,2026-07-31T21:00:00Z,2026-07-31T23:00:00+0200,178.12,EUR/MWh,DK2,DK_2,day_ahead_price,value,2026-08-22T18:55:39Z
2026-08-22T18:49:31Z,2026-08-22T20:49:31+0200,32ee4a35-e929-46bf-8b2d-58a671b58f50,2026-07-31T21:15:00Z,2026-07-31T23:15:00+0200,169.85,EUR/MWh,DK2,DK_2,day_ahead_price,value,2026-08-22T18:55:39Z
2026-08-22T18:49:31Z,2026-08-22T20:49:31+0200,32ee4a35-e929-46bf-8b2d-58a671b58f50,2026-07-31T21:30:00Z,2026-07-31T23:30:00+0200,167.36,EUR/MWh,DK2,DK_2,day_ahead_price,value,2026-08-22T18:55:39Z
2026-08-22T18:49:31Z,2026-08-22T20:49:31+0200,32ee4a35-e929-46bf-8b2d-58a671b58f50,2026-07-31T21:45:00Z,2026-07-31T23:45:00+0200,165.13,EUR/MWh,DK2,DK_2,day_ahead_price,value,2026-08-22T18:55:39Z
2026-08-22T18:49:31Z,2026-08-22T20:49:31+0200,32ee4a35-e929-46bf-8b2d-58a671b58f50,2026-07-31T22:00:00Z,2026-08-01T00:00:00+0200,183.72,EUR/MWh,DK2,DK_2,day_ahead_price,value,2026-08-22T18:55:39Z
2026-08-22T18:49:31Z,2026-08-22T20:49:31+0200,32ee4a35-e929-46bf-8b2d-58a671b58f50,2026-07-31T22:15:00Z,2026-08-01T00:15:00+0200,173.529999,EUR/MWh,DK2,DK_2,day_ahead_price,value,2026-08-22T18:55:39Z
2026-08-22T18:49:31Z,2026-08-22T20:49:31+0200,32ee4a35-e929-46bf-8b2d-58a671b58f50,2026-07-31T22:30:00Z,2026-08-01T00:30:00+0200,164.4,EUR/MWh,DK2,DK_2,day_ahead_price,value,2026-08-22T18:55:39Z
2026-08-22T18:49:31Z,2026-08-22T20:49:31+0200,32ee4a35-e929-46bf-8b2d-58a671b58f50,2026-07-31T22:45:00Z,2026-08-01T00:45:00+0200,155.94,EUR/MWh,DK2,DK_2,day_ahead_price,value,2026-08-22T18:55:39Z
2026-08-22T18:49:31Z,2026-08-22T20:49:31+0200,32ee4a35-e929-46bf-8b2d-58a671b58f50,2026-07-31T23:00:00Z,2026-08-01T01:00:00+0200,169.399994,EUR/MWh,DK2,DK_2,day_ahead_price,value,2026-08-22T18:55:39Z
2026-08-22T18:49:31Z,2026-08-22T20:49:31+0200,32ee4a35-e929-46bf-8b2d-58a671b58f50,2026-07-31T23:15:00Z,2026-08-01T01:15:00+0200,166.56,EUR/MWh,DK2,DK_2,day_ahead_price,value,2026-08-22T18:55:39Z
2026-08-22T18:49:31Z,2026-08-22T20:49:31+0200,32ee4a35-e929-46bf-8b2d-58a671b58f50,2026-07-31T23:30:00Z,2026-08-01T01:30:00+0200,157.649994,EUR/MWh,DK2,DK_2,day_ahead_price,value,2026-08-22T18:55:39Z
2026-08-22T18:49:31Z,2026-08-22T20:49:31+0200,32ee4a35-e929-46bf-8b2d-58a671b58f50,2026-07-31T23:45:00Z,2026-08-01T01:45:00+0200,156.899994,EUR/MWh,DK2,DK_2,day_ahead_price,value,2026-08-22T18:55:39Z
2026-08-22T18:49:31Z,2026-08-22T20:49:31+0200,32ee4a35-e929-46bf-8b2d-58a671b58f50,2026-08-01T00:00:00Z,2026-08-01T02:00:00+0200,160.850006,EUR/MWh,DK2,DK_2,day_ahead_price,value,2026-08-22T18:55:39Z
2026-08-22T18:49:31Z,2026-08-22T20:49:31+0200,32ee4a35-e929-46bf-8b2d-58a671b58f50,2026-08-01T00:15:00Z,2026-08-01T02:15:00+0200,159.0,EUR/MWh,DK2,DK_2,day_ahead_price,value,2026-08-22T18:55:39Z
2026-08-22T18:49:31Z,2026-08-22T20:49:31+0200,32ee4a35-e929-46bf-8b2d-58a671b58f50,2026-08-01T00:30:00Z,2026-08-01T02:30:00+0200,155.82,EUR/MWh,DK2,DK_2,day_ahead_price,value,2026-08-22T18:55:39Z
2026-08-22T18:49:31Z,2026-08-22T20:49:31+0200,32ee4a35-e929-46bf-8b2d-58a671b58f50,2026-08-01T00:45:00Z,2026-08-01T02:45:00+0200,152.029999,EUR/MWh,DK2,DK_2,day_ahead_price,value,2026-08-22T18:55:39Z
2026-08-22T18:49:31Z,2026-08-22T20:49:31+0200,32ee4a35-e929-46bf-8b2d-58a671b58f50,2026-08-01T01:00:00Z,2026-08-01T03:00:00+0200,156.95,EUR/MWh,DK2,DK_2,day_ahead_price,value,2026-08-22T18:55:39Z
2026-08-22T18:49:31Z,2026-08-22T20:49:31+0200,32ee4a35-e929-46bf-8b2d-58a671b58f50,2026-08-01T01:15:00Z,2026-08-01T03:15:00+0200,153.33,EUR/MWh,DK2,DK_2,day_ahead_price,value,2026-08-22T18:55:39Z
2026-08-22T18:49:31Z,2026-08-22T20:49:31+0200,32ee4a35-e929-46bf-8b2d-58a671b58f50,2026-08-01T01:30:00Z,2026-08-01T03:30:00+0200,154.96,EUR/MWh,DK2,DK_2,day_ahead_price,value,2026-08-22T18:55:39Z
2026-08-22T18:49:31Z,2026-08-22T20:49:31+0200,32ee4a35-e929-46bf-8b2d-58a671b58f50,2026-08-01T01:45:00Z,2026-08-01T03:45:00+0200,152.99,EUR/MWh,DK2,DK_2,day_ahead_price,value,2026-08-22T18:55:39Z
2026-08-22T18:49:31Z,2026-08-22T20:49:31+0200,32ee4a35-e929-46bf-8b2d-58a671b58f50,2026-08-01T02:00:00Z,2026-08-01T04:00:00+0200,154.86,EUR/MWh,DK2,DK_2,day_ahead_price,value,2026-08-22T18:55:39Z
2026-08-22T18:49:31Z,2026-08-22T20:49:31+0200,32ee4a35-e929-46bf-8b2d-58a671b58f50,2026-08-01T02:15:00Z,2026-08-01T04:15:00+0200,158.270004,EUR/MWh,DK2,DK_2,day_ahead_price,value,2026-08-22T18:55:39Z
2026-08-22T18:49:31Z,2026-08-22T20:49:31+0200,32ee4a35-e929-46bf-8b2d-58a671b58f50,2026-08-01T02:30:00Z,2026-08-01T04:30:00+0200,153.51,EUR/MWh,DK2,DK_2,day_ahead_price,value,2026-08-22T18:55:39Z
2026-08-22T18:49:31Z,2026-08-22T20:49:31+0200,32ee4a35-e929-46bf-8b2d-58a671b58f50,2026-08-01T02:45:00Z,2026-08-01T04:45:00+0200,151.29,EUR/MWh,DK2,DK_2,day_ahead_price,value,2026-08-22T18:55:39Z
2026-08-22T18:49:31Z,2026-08-22T20:49:31+0200,32ee4a35-e929-46bf-8b2d-58a671b58f50,2026-08-01T03:00:00Z,2026-08-01T05:00:00+0200,152.740005,EUR/MWh,DK2,DK_2,day_ahead_price,value,2026-08-22T18:55:39Z
2026-08-22T18:49:31Z,2026-08-22T20:49:31+0200,32ee4a35-e929-46bf-8b2d-58a671b58f50,2026-08-01T03:15:00Z,2026-08-01T05:15:00+0200,155.949997,EUR/MWh,DK2,DK_2,day_ahead_price,value,2026-08-22T18:55:39Z
2026-08-22T18:49:31Z,2026-08-22T20:49:31+0200,32ee4a35-e929-46bf-8b2d-58a671b58f50,2026-08-01T03:30:00Z,2026-08-01T05:30:00+0200,155.130005,EUR/MWh,DK2,DK_2,day_ahead_price,value,2026-08-22T18:55:39Z
2026-08-22T18:49:31Z,2026-08-22T20:49:31+0200,32ee4a35-e929-46bf-8b2d-58a671b58f50,2026-08-01T03:45:00Z,2026-08-01T05:45:00+0200,156.419998,EUR/MWh,DK2,DK_2,day_ahead_price,value,2026-08-22T18:55:39Z
2026-08-22T18:49:31Z,2026-08-22T20:49:31+0200,32ee4a35-e929-46bf-8b2d-58a671b58f50,2026-08-01T04:00:00Z,2026-08-01T06:00:00+0200,159.220001,EUR/MWh,DK2,DK_2,day_ahead_price,value,2026-08-22T18:55:39Z
2026-08-22T18:49:31Z,2026-08-22T20:49:31+0200,32ee4a35-e929-46bf-8b2d-58a671b58f50,2026-08-01T04:15:00Z,2026-08-01T06:15:00+0200,155.92,EUR/MWh,DK2,DK_2,day_ahead_price,value,2026-08-22T18:55:39Z
2026-08-22T18:49:31Z,2026-08-22T20:49:31+0200,32ee4a35-e929-46bf-8b2d-58a671b58f50,2026-08-01T04:30:00Z,2026-08-01T06:30:00+0200,151.860001,EUR/MWh,DK2,DK_2,day_ahead_price,value,2026-08-22T18:55:39Z
2026-08-22T18:49:31Z,2026-08-22T20:49:31+0200,32ee4a35-e929-46bf-8b2d-58a671b58f50,2026-08-01T04:45:00Z,2026-08-01T06:45:00+0200,149.79,EUR/MWh,DK2,DK_2,day_ahead_price,value,2026-08-22T18:55:39Z
2026-08-22T18:49:31Z,2026-08-22T20:49:31+0200,32ee4a35-e929-46bf-8b2d-58a671b58f50,2026-08-01T05:00:00Z,2026-08-01T07:00:00+0200,162.95,EUR/MWh,DK2,DK_2,day_ahead_price,value,2026-08-22T18:55:39Z
2026-08-22T18:49:31Z,2026-08-22T20:49:31+0200,32ee4a35-e929-46bf-8b2d-58a671b58f50,2026-08-01T05:15:00Z,2026-08-01T07:15:00+0200,147.0,EUR/MWh,DK2,DK_2,day_ahead_price,value,2026-08-22T18:55:39Z
2026-08-22T18:49:31Z,2026-08-22T20:49:31+0200,32ee4a35-e929-46bf-8b2d-58a671b58f50,2026-08-01T05:30:00Z,2026-08-01T07:30:00+0200,141.720001,EUR/MWh,DK2,DK_2,day_ahead_price,value,2026-08-22T18:55:39Z
2026-08-22T18:49:31Z,2026-08-22T20:49:31+0200,32ee4a35-e929-46bf-8b2d-58a671b58f50,2026-08-01T05:45:00Z,2026-08-01T07:45:00+0200,134.0,EUR/MWh,DK2,DK_2,day_ahead_price,value,2026-08-22T18:55:39Z
2026-08-22T18:49:31Z,2026-08-22T20:49:31+0200,32ee4a35-e929-46bf-8b2d-58a671b58f50,2026-08-01T06:00:00Z,2026-08-01T08:00:00+0200,160.860001,EUR/MWh,DK2,DK_2,day_ahead_price,value,2026-08-22T18:55:39Z
2026-08-22T18:49:31Z,2026-08-22T20:49:31+0200,32ee4a35-e929-46bf-8b2d-58a671b58f50,2026-08-01T06:15:00Z,2026-08-01T08:15:00+0200,143.7,EUR/MWh,DK2,DK_2,day_ahead_price,value,2026-08-22T18:55:39Z
2026-08-22T18:49:31Z,2026-08-22T20:49:31+0200,32ee4a35-e929-46bf-8b2d-58a671b58f50,2026-08-01T06:30:00Z,2026-08-01T08:30:00+0200,132.21,EUR/MWh,DK2,DK_2,day_ahead_price,value,2026-08-22T18:55:39Z
2026-08-22T18:49:31Z,2026-08-22T20:49:31+0200,32ee4a35-e929-46bf-8b2d-58a671b58f50,2026-08-01T06:45:00Z,2026-08-01T08:45:00+0200,125.87,EUR/MWh,DK2,DK_2,day_ahead_price,value,2026-08-22T18:55:39Z
2026-08-22T18:49:31Z,2026-08-22T20:49:31+0200,32ee4a35-e929-46bf-8b2d-58a671b58f50,2026-08-01T07:00:00Z,2026-08-01T09:00:00+0200,145.410004,EUR/MWh,DK2,DK_2,day_ahead_price,value,2026-08-22T18:55:39Z
2026-08-22T18:49:31Z,2026-08-22T20:49:31+0200,32ee4a35-e929-46bf-8b2d-58a671b58f50,2026-08-01T07:15:00Z,2026-08-01T09:15:00+0200,122.900002,EUR/MWh,DK2,DK_2,day_ahead_price,value,2026-08-22T18:55:39Z
2026-08-22T18:49:31Z,2026-08-22T20:49:31+0200,32ee4a35-e929-46bf-8b2d-58a671b58f50,2026-08-01T07:30:00Z,2026-08-01T09:30:00+0200,118.410004,EUR/MWh,DK2,DK_2,day_ahead_price,value,2026-08-22T18:55:39Z
2026-08-22T18:49:31Z,2026-08-22T20:49:31+0200,32ee4a35-e929-46bf-8b2d-58a671b58f50,2026-08-01T07:45:00Z,2026-08-01T09:45:00+0200,108.07,EUR/MWh,DK2,DK_2,day_ahead_price,value,2026-08-22T18:55:39Z
2026-08-22T18:49:31Z,2026-08-22T20:49:31+0200,32ee4a35-e929-46bf-8b2d-58a671b58f50,2026-08-01T08:00:00Z,2026-08-01T10:00:00+0200,115.339996,EUR/MWh,DK2,DK_2,day_ahead_price,value,2026-08-22T18:55:39Z
2026-08-22T18:49:31Z,2026-08-22T20:49:31+0200,32ee4a35-e929-46bf-8b2d-58a671b58f50,2026-08-01T08:15:00Z,2026-08-01T10:15:00+0200,103.470001,EUR/MWh,DK2,DK_2,day_ahead_price,value,2026-08-22T18:55:39Z
2026-08-22T18:49:31Z,2026-08-22T20:49:31+0200,32ee4a35-e929-46bf-8b2d-58a671b58f50,2026-08-01T08:30:00Z,2026-08-01T10:30:00+0200,100.19,EUR/MWh,DK2,DK_2,day_ahead_price,value,2026-08-22T18:55:39Z
2026-08-22T18:49:31Z,2026-08-22T20:49:31+0200,32ee4a35-e929-46bf-8b2d-58a671b58f50,2026-08-01T08:45:00Z,2026-08-01T10:45:00+0200,79.95,EUR/MWh,DK2,DK_2,day_ahead_price,value,2026-08-22T18:55:39Z
2026-08-22T18:49:31Z,2026-08-22T20:49:31+0200,32ee4a35-e929-46bf-8b2d-58a671b58f50,2026-08-01T09:00:00Z,2026-08-01T11:00:00+0200,81.48,EUR/MWh,DK2,DK_2,day_ahead_price,value,2026-08-22T18:55:39Z
2026-08-22T18:49:31Z,2026-08-22T20:49:31+0200,32ee4a35-e929-46bf-8b2d-58a671b58f50,2026-08-01T09:15:00Z,2026-08-01T11:15:00+0200,66.71,EUR/MWh,DK2,DK_2,day_ahead_price,value,2026-08-22T18:55:39Z
2026-08-22T18:49:31Z,2026-08-22T20:49:31+0200,32ee4a35-e929-46bf-8b2d-58a671b58f50,2026-08-01T09:30:00Z,2026-08-01T11:30:00+0200,50.2,EUR/MWh,DK2,DK_2,day_ahead_price,value,2026-08-22T18:55:39Z
2026-08-22T18:49:31Z,2026-08-22T20:49:31+0200,32ee4a35-e929-46bf-8b2d-58a671b58f50,2026-08-01T09:45:00Z,2026-08-01T11:45:00+0200,25.98,EUR/MWh,DK2,DK_2,day_ahead_price,value,2026-08-22T18:55:39Z
2026-08-22T18:49:31Z,2026-08-22T20:49:31+0200,32ee4a35-e929-46bf-8b2d-58a671b58f50,2026-08-01T10:00:00Z,2026-08-01T12:00:00+0200,30.74,EUR/MWh,DK2,DK_2,day_ahead_price,value,2026-08-22T18:55:39Z
2026-08-22T18:49:31Z,2026-08-22T20:49:31+0200,32ee4a35-e929-46bf-8b2d-58a671b58f50,2026-08-01T10:15:00Z,2026-08-01T12:15:00+0200,19.1,EUR/MWh,DK2,DK_2,day_ahead_price,value,2026-08-22T18:55:39Z
2026-08-22T18:49:31Z,2026-08-22T20:49:31+0200,32ee4a35-e929-46bf-8b2d-58a671b58f50,2026-08-01T10:30:00Z,2026-08-01T12:30:00+0200,12.24,EUR/MWh,DK2,DK_2,day_ahead_price,value,2026-08-22T18:55:39Z
2026-08-22T18:49:31Z,2026-08-22T20:49:31+0200,32ee4a35-e929-46bf-8b2d-58a671b58f50,2026-08-01T10:45:00Z,2026-08-01T12:45:00+0200,4.48,EUR/MWh,DK2,DK_2,day_ahead_price,value,2026-08-22T18:55:39Z
2026-08-22T18:49:31Z,2026-08-22T20:49:31+0200,32ee4a35-e929-46bf-8b2d-58a671b58f50,2026-08-01T11:00:00Z,2026-08-01T13:00:00+0200,6.07,EUR/MWh,DK2,DK_2,day_ahead_price,value,2026-08-22T18:55:39Z
2026-08-22T18:49:31Z,2026-08-22T20:49:31+0200,32ee4a35-e929-46bf-8b2d-58a671b58f50,2026-08-01T11:15:00Z,2026-08-01T13:15:00+0200,4.98,EUR/MWh,DK2,DK_2,day_ahead_price,value,2026-08-22T18:55:39Z
2026-08-22T18:49:31Z,2026-08-22T20:49:31+0200,32ee4a35-e929-46bf-8b2d-58a671b58f50,2026-08-01T11:30:00Z,2026-08-01T13:30:00+0200,4.74,EUR/MWh,DK2,DK_2,day_ahead_price,value,2026-08-22T18:55:39Z
2026-08-22T18:49:31Z,2026-08-22T20:49:31+0200,32ee4a35-e929-46bf-8b2d-58a671b58f50,2026-08-01T11:45:00Z,2026-08-01T13:45:00+0200,4.58,EUR/MWh,DK2,DK_2,day_ahead_price,value,2026-08-22T18:55:39Z
2026-08-22T18:49:31Z,2026-08-22T20:49:31+0200,32ee4a35-e929-46bf-8b2d-58a671b58f50,2026-08-01T12:00:00Z,2026-08-01T14:00:00+0200,3.46,EUR/MWh,DK2,DK_2,day_ahead_price,value,2026-08-22T18:55:39Z
2026-08-22T18:49:31Z,2026-08-22T20:49:31+0200,32ee4a35-e929-46bf-8b2d-58a671b58f50,2026-08-01T12:15:00Z,2026-08-01T14:15:00+0200,3.46,EUR/MWh,DK2,DK_2,day_ahead_price,value,2026-08-22T18:55:39Z
2026-08-22T18:49:31Z,2026-08-22T20:49:31+0200,32ee4a35-e929-46bf-8b2d-58a671b58f50,2026-08-01T12:30:00Z,2026-08-01T14:30:00+0200,3.46,EUR/MWh,DK2,DK_2,day_ahead_price,value,2026-08-22T18:55:39Z
2026-08-22T18:49:31Z,2026-08-22T20:49:31+0200,32ee4a35-e929-46bf-8b2d-58a671b58f50,2026-08-01T12:45:00Z,2026-08-01T14:45:00+0200,4.18,EUR/MWh,DK2,DK_2,day_ahead_price,value,2026-08-22T18:55:39Z
2026-08-22T18:49:31Z,2026-08-22T20:49:31+0200,32ee4a35-e929-46bf-8b2d-58a671b58f50,2026-08-01T13:00:00Z,2026-08-01T15:00:00+0200,3.1,EUR/MWh,DK2,DK_2,day_ahead_price,value,2026-08-22T18:55:39Z
2026-08-22T18:49:31Z,2026-08-22T20:49:31+0200,32ee4a35-e929-46bf-8b2d-58a671b58f50,2026-08-01T13:15:00Z,2026-08-01T15:15:00+0200,3.46,EUR/MWh,DK2,DK_2,day_ahead_price,value,2026-08-22T18:55:39Z
2026-08-22T18:49:31Z,2026-08-22T20:49:31+0200,32ee4a35-e929-46bf-8b2d-58a671b58f50,2026-08-01T13:30:00Z,2026-08-01T15:30:00+0200,4.2,EUR/MWh,DK2,DK_2,day_ahead_price,value,2026-08-22T18:55:39Z
2026-08-22T18:49:31Z,2026-08-22T20:49:31+0200,32ee4a35-e929-46bf-8b2d-58a671b58f50,2026-08-01T13:45:00Z,2026-08-01T15:45:00+0200,14.17,EUR/MWh,DK2,DK_2,day_ahead_price,value,2026-08-22T18:55:39Z
2026-08-22T18:49:31Z,2026-08-22T20:49:31+0200,32ee4a35-e929-46bf-8b2d-58a671b58f50,2026-08-01T14:00:00Z,2026-08-01T16:00:00+0200,6.97,EUR/MWh,DK2,DK_2,day_ahead_price,value,2026-08-22T18:55:39Z
2026-08-22T18:49:31Z,2026-08-22T20:49:31+0200,32ee4a35-e929-46bf-8b2d-58a671b58f50,2026-08-01T14:15:00Z,2026-08-01T16:15:00+0200,23.71,EUR/MWh,DK2,DK_2,day_ahead_price,value,2026-08-22T18:55:39Z
2026-08-22T18:49:31Z,2026-08-22T20:49:31+0200,32ee4a35-e929-46bf-8b2d-58a671b58f50,2026-08-01T14:30:00Z,2026-08-01T16:30:00+0200,64.02,EUR/MWh,DK2,DK_2,day_ahead_price,value,2026-08-22T18:55:39Z
2026-08-22T18:49:31Z,2026-08-22T20:49:31+0200,32ee4a35-e929-46bf-8b2d-58a671b58f50,2026-08-01T14:45:00Z,2026-08-01T16:45:00+0200,87.41,EUR/MWh,DK2,DK_2,day_ahead_price,value,2026-08-22T18:55:39Z
2026-08-22T18:49:31Z,2026-08-22T20:49:31+0200,32ee4a35-e929-46bf-8b2d-58a671b58f50,2026-08-01T15:00:00Z,2026-08-01T17:00:00+0200,87.110001,EUR/MWh,DK2,DK_2,day_ahead_price,value,2026-08-22T18:55:39Z
2026-08-22T18:49:31Z,2026-08-22T20:49:31+0200,32ee4a35-e929-46bf-8b2d-58a671b58f50,2026-08-01T15:15:00Z,2026-08-01T17:15:00+0200,101.540001,EUR/MWh,DK2,DK_2,day_ahead_price,value,2026-08-22T18:55:39Z
2026-08-22T18:49:31Z,2026-08-22T20:49:31+0200,32ee4a35-e929-46bf-8b2d-58a671b58f50,2026-08-01T15:30:00Z,2026-08-01T17:30:00+0200,119.419998,EUR/MWh,DK2,DK_2,day_ahead_price,value,2026-08-22T18:55:39Z
2026-08-22T18:49:31Z,2026-08-22T20:49:31+0200,32ee4a35-e929-46bf-8b2d-58a671b58f50,2026-08-01T15:45:00Z,2026-08-01T17:45:00+0200,123.889999,EUR/MWh,DK2,DK_2,day_ahead_price,value,2026-08-22T18:55:39Z
2026-08-22T18:49:31Z,2026-08-22T20:49:31+0200,32ee4a35-e929-46bf-8b2d-58a671b58f50,2026-08-01T16:00:00Z,2026-08-01T18:00:00+0200,119.59,EUR/MWh,DK2,DK_2,day_ahead_price,value,2026-08-22T18:55:39Z
2026-08-22T18:49:31Z,2026-08-22T20:49:31+0200,32ee4a35-e929-46bf-8b2d-58a671b58f50,2026-08-01T16:15:00Z,2026-08-01T18:15:00+0200,132.37,EUR/MWh,DK2,DK_2,day_ahead_price,value,2026-08-22T18:55:39Z
2026-08-22T18:49:31Z,2026-08-22T20:49:31+0200,32ee4a35-e929-46bf-8b2d-58a671b58f50,2026-08-01T16:30:00Z,2026-08-01T18:30:00+0200,159.82,EUR/MWh,DK2,DK_2,day_ahead_price,value,2026-08-22T18:55:39Z
2026-08-22T18:49:31Z,2026-08-22T20:49:31+0200,32ee4a35-e929-46bf-8b2d-58a671b58f50,2026-08-01T16:45:00Z,2026-08-01T18:45:00+0200,164.06,EUR/MWh,DK2,DK_2,day_ahead_price,value,2026-08-22T18:55:39Z
2026-08-22T18:49:31Z,2026-08-22T20:49:31+0200,32ee4a35-e929-46bf-8b2d-58a671b58f50,2026-08-01T17:00:00Z,2026-08-01T19:00:00+0200,151.5,EUR/MWh,DK2,DK_2,day_ahead_price,value,2026-08-22T18:55:39Z
2026-08-22T18:49:31Z,2026-08-22T20:49:31+0200,32ee4a35-e929-46bf-8b2d-58a671b58f50,2026-08-01T17:15:00Z,2026-08-01T19:15:00+0200,160.74,EUR/MWh,DK2,DK_2,day_ahead_price,value,2026-08-22T18:55:39Z
2026-08-22T18:49:31Z,2026-08-22T20:49:31+0200,32ee4a35-e929-46bf-8b2d-58a671b58f50,2026-08-01T17:30:00Z,2026-08-01T19:30:00+0200,175.49,EUR/MWh,DK2,DK_2,day_ahead_price,value,2026-08-22T18:55:39Z
2026-08-22T18:49:31Z,2026-08-22T20:49:31+0200,32ee4a35-e929-46bf-8b2d-58a671b58f50,2026-08-01T17:45:00Z,2026-08-01T19:45:00+0200,186.7,EUR/MWh,DK2,DK_2,day_ahead_price,value,2026-08-22T18:55:39Z
2026-08-22T18:49:31Z,2026-08-22T20:49:31+0200,32ee4a35-e929-46bf-8b2d-58a671b58f50,2026-08-01T18:00:00Z,2026-08-01T20:00:00+0200,174.339996,EUR/MWh,DK2,DK_2,day_ahead_price,value,2026-08-22T18:55:39Z
2026-08-22T18:49:31Z,2026-08-22T20:49:31+0200,32ee4a35-e929-46bf-8b2d-58a671b58f50,2026-08-01T18:15:00Z,2026-08-01T20:15:00+0200,179.85,EUR/MWh,DK2,DK_2,day_ahead_price,value,2026-08-22T18:55:39Z
2026-08-22T18:49:31Z,2026-08-22T20:49:31+0200,32ee4a35-e929-46bf-8b2d-58a671b58f50,2026-08-01T18:30:00Z,2026-08-01T20:30:00+0200,182.830002,EUR/MWh,DK2,DK_2,day_ahead_price,value,2026-08-22T18:55:39Z
2026-08-22T18:49:31Z,2026-08-22T20:49:31+0200,32ee4a35-e929-46bf-8b2d-58a671b58f50,2026-08-01T18:45:00Z,2026-08-01T20:45:00+0200,184.869995,EUR/MWh,DK2,DK_2,day_ahead_price,value,2026-08-22T18:55:39Z
2026-08-22T18:49:31Z,2026-08-22T20:49:31+0200,32ee4a35-e929-46bf-8b2d-58a671b58f50,2026-08-01T19:00:00Z,2026-08-01T21:00:00+0200,183.839996,EUR/MWh,DK2,DK_2,day_ahead_price,value,2026-08-22T18:55:39Z
2026-08-22T18:49:31Z,2026-08-22T20:49:31+0200,32ee4a35-e929-46bf-8b2d-58a671b58f50,2026-08-01T19:15:00Z,2026-08-01T21:15:00+0200,180.589996,EUR/MWh,DK2,DK_2,day_ahead_price,value,2026-08-22T18:55:39Z
2026-08-22T18:49:31Z,2026-08-22T20:49:31+0200,32ee4a35-e929-46bf-8b2d-58a671b58f50,2026-08-01T19:30:00Z,2026-08-01T21:30:00+0200,182.410004,EUR/MWh,DK2,DK_2,day_ahead_price,value,2026-08-22T18:55:39Z
2026-08-22T18:49:31Z,2026-08-22T20:49:31+0200,32ee4a35-e929-46bf-8b2d-58a671b58f50,2026-08-01T19:45:00Z,2026-08-01T21:45:00+0200,173.850006,EUR/MWh,DK2,DK_2,day_ahead_price,value,2026-08-22T18:55:39Z
2026-08-22T18:49:31Z,2026-08-22T20:49:31+0200,32ee4a35-e929-46bf-8b2d-58a671b58f50,2026-08-01T20:00:00Z,2026-08-01T22:00:00+0200,190.2,EUR/MWh,DK2,DK_2,day_ahead_price,value,2026-08-22T18:55:39Z
2026-08-22T18:49:31Z,2026-08-22T20:49:31+0200,32ee4a35-e929-46bf-8b2d-58a671b58f50,2026-08-01T20:15:00Z,2026-08-01T22:15:00+0200,179.690002,EUR/MWh,DK2,DK_2,day_ahead_price,value,2026-08-22T18:55:39Z
2026-08-22T18:49:31Z,2026-08-22T20:49:31+0200,32ee4a35-e929-46bf-8b2d-58a671b58f50,2026-08-01T20:30:00Z,2026-08-01T22:30:00+0200,175.199997,EUR/MWh,DK2,DK_2,day_ahead_price,value,2026-08-22T18:55:39Z
2026-08-22T18:49:31Z,2026-08-22T20:49:31+0200,32ee4a35-e929-46bf-8b2d-58a671b58f50,2026-08-01T20:45:00Z,2026-08-01T22:45:00+0200,169.100006,EUR/MWh,DK2,DK_2,day_ahead_price,value,2026-08-22T18:55:39Z
2026-08-22T18:49:31Z,2026-08-22T20:49:31+0200,32ee4a35-e929-46bf-8b2d-58a671b58f50,2026-08-01T21:00:00Z,2026-08-01T23:00:00+0200,172.110001,EUR/MWh,DK2,DK_2,day_ahead_price,value,2026-08-22T18:55:39Z
2026-08-22T18:49:31Z,2026-08-22T20:49:31+0200,32ee4a35-e929-46bf-8b2d-58a671b58f50,2026-08-01T21:15:00Z,2026-08-01T23:15:00+0200,171.940002,EUR/MWh,DK2,DK_2,day_ahead_price,value,2026-08-22T18:55:39Z
2026-08-22T18:49:31Z,2026-08-22T20:49:31+0200,32ee4a35-e929-46bf-8b2d-58a671b58f50,2026-08-01T21:30:00Z,2026-08-01T23:30:00+0200,171.229996,EUR/MWh,DK2,DK_2,day_ahead_price,value,2026-08-22T18:55:39Z
2026-08-22T18:49:31Z,2026-08-22T20:49:31+0200,32ee4a35-e929-46bf-8b2d-58a671b58f50,2026-08-01T21:45:00Z,2026-08-01T23:45:00+0200,164.720001,EUR/MWh,DK2,DK_2,day_ahead_price,value,2026-08-22T18:55:39Z
2026-08-22T18:49:31Z,2026-08-22T20:49:31+0200,32ee4a35-e929-46bf-8b2d-58a671b58f50,2026-08-01T22:00:00Z,2026-08-02T00:00:00+0200,188.33,EUR/MWh,DK2,DK_2,day_ahead_price,value,2026-08-22T18:55:39Z
2026-08-22T18:49:31Z,2026-08-22T20:49:31+0200,32ee4a35-e929-46bf-8b2d-58a671b58f50,2026-08-01T22:15:00Z,2026-08-02T00:15:00+0200,170.949997,EUR/MWh,DK2,DK_2,day_ahead_price,value,2026-08-22T18:55:39Z
2026-08-22T18:49:31Z,2026-08-22T20:49:31+0200,32ee4a35-e929-46bf-8b2d-58a671b58f50,2026-08-01T22:30:00Z,2026-08-02T00:30:00+0200,161.1,EUR/MWh,DK2,DK_2,day_ahead_price,value,2026-08-22T18:55:39Z
2026-08-22T18:49:31Z,2026-08-22T20:49:31+0200,32ee4a35-e929-46bf-8b2d-58a671b58f50,2026-08-01T22:45:00Z,2026-08-02T00:45:00+0200,157.74,EUR/MWh,DK2,DK_2,day_ahead_price,value,2026-08-22T18:55:39Z
2026-08-22T18:49:31Z,2026-08-22T20:49:31+0200,32ee4a35-e929-46bf-8b2d-58a671b58f50,2026-08-01T23:00:00Z,2026-08-02T01:00:00+0200,160.86,EUR/MWh,DK2,DK_2,day_ahead_price,value,2026-08-22T18:55:39Z
2026-08-22T18:49:31Z,2026-08-22T20:49:31+0200,32ee4a35-e929-46bf-8b2d-58a671b58f50,2026-08-01T23:15:00Z,2026-08-02T01:15:00+0200,156.81,EUR/MWh,DK2,DK_2,day_ahead_price,value,2026-08-22T18:55:39Z
2026-08-22T18:49:31Z,2026-08-22T20:49:31+0200,32ee4a35-e929-46bf-8b2d-58a671b58f50,2026-08-01T23:30:00Z,2026-08-02T01:30:00+0200,162.01,EUR/MWh,DK2,DK_2,day_ahead_price,value,2026-08-22T18:55:39Z
2026-08-22T18:49:31Z,2026-08-22T20:49:31+0200,32ee4a35-e929-46bf-8b2d-58a671b58f50,2026-08-01T23:45:00Z,2026-08-02T01:45:00+0200,159.93,EUR/MWh,DK2,DK_2,day_ahead_price,value,2026-08-22T18:55:39Z
2026-08-22T18:49:31Z,2026-08-22T20:49:31+0200,32ee4a35-e929-46bf-8b2d-58a671b58f50,2026-08-02T00:00:00Z,2026-08-02T02:00:00+0200,158.7,EUR/MWh,DK2,DK_2,day_ahead_price,value,2026-08-22T18:55:39Z
2026-08-22T18:49:31Z,2026-08-22T20:49:31+0200,32ee4a35-e929-46bf-8b2d-58a671b58f50,2026-08-02T00:15:00Z,2026-08-02T02:15:00+0200,156.46,EUR/MWh,DK2,DK_2,day_ahead_price,value,2026-08-22T18:55:39Z
2026-08-22T18:49:31Z,2026-08-22T20:49:31+0200,32ee4a35-e929-46bf-8b2d-58a671b58f50,2026-08-02T00:30:00Z,2026-08-02T02:30:00+0200,157.31,EUR/MWh,DK2,DK_2,day_ahead_price,value,2026-08-22T18:55:39Z
2026-08-22T18:49:31Z,2026-08-22T20:49:31+0200,32ee4a35-e929-46bf-8b2d-58a671b58f50,2026-08-02T00:45:00Z,2026-08-02T02:45:00+0200,154.800003,EUR/MWh,DK2,DK_2,day_ahead_price,value,2026-08-22T18:55:39Z
2026-08-22T18:49:31Z,2026-08-22T20:49:31+0200,32ee4a35-e929-46bf-8b2d-58a671b58f50,2026-08-02T01:00:00Z,2026-08-02T03:00:00+0200,155.27,EUR/MWh,DK2,DK_2,day_ahead_price,value,2026-08-22T18:55:39Z
2026-08-22T18:49:31Z,2026-08-22T20:49:31+0200,32ee4a35-e929-46bf-8b2d-58a671b58f50,2026-08-02T01:15:00Z,2026-08-02T03:15:00+0200,153.74,EUR/MWh,DK2,DK_2,day_ahead_price,value,2026-08-22T18:55:39Z
2026-08-22T18:49:31Z,2026-08-22T20:49:31+0200,32ee4a35-e929-46bf-8b2d-58a671b58f50,2026-08-02T01:30:00Z,2026-08-02T03:30:00+0200,153.84,EUR/MWh,DK2,DK_2,day_ahead_price,value,2026-08-22T18:55:39Z
2026-08-22T18:49:31Z,2026-08-22T20:49:31+0200,32ee4a35-e929-46bf-8b2d-58a671b58f50,2026-08-02T01:45:00Z,2026-08-02T03:45:00+0200,154.779999,EUR/MWh,DK2,DK_2,day_ahead_price,value,2026-08-22T18:55:39Z
2026-08-22T18:49:31Z,2026-08-22T20:49:31+0200,32ee4a35-e929-46bf-8b2d-58a671b58f50,2026-08-02T02:00:00Z,2026-08-02T04:00:00+0200,154.91,EUR/MWh,DK2,DK_2,day_ahead_price,value,2026-08-22T18:55:39Z
2026-08-22T18:49:31Z,2026-08-22T20:49:31+0200,32ee4a35-e929-46bf-8b2d-58a671b58f50,2026-08-02T02:15:00Z,2026-08-02T04:15:00+0200,153.130005,EUR/MWh,DK2,DK_2,day_ahead_price,value,2026-08-22T18:55:39Z
2026-08-22T18:49:31Z,2026-08-22T20:49:31+0200,32ee4a35-e929-46bf-8b2d-58a671b58f50,2026-08-02T02:30:00Z,2026-08-02T04:30:00+0200,152.88,EUR/MWh,DK2,DK_2,day_ahead_price,value,2026-08-22T18:55:39Z
2026-08-22T18:49:31Z,2026-08-22T20:49:31+0200,32ee4a35-e929-46bf-8b2d-58a671b58f50,2026-08-02T02:45:00Z,2026-08-02T04:45:00+0200,153.26,EUR/MWh,DK2,DK_2,day_ahead_price,value,2026-08-22T18:55:39Z
2026-08-22T18:49:31Z,2026-08-22T20:49:31+0200,32ee4a35-e929-46bf-8b2d-58a671b58f50,2026-08-02T03:00:00Z,2026-08-02T05:00:00+0200,158.96,EUR/MWh,DK2,DK_2,day_ahead_price,value,2026-08-22T18:55:39Z
2026-08-22T18:49:31Z,2026-08-22T20:49:31+0200,32ee4a35-e929-46bf-8b2d-58a671b58f50,2026-08-02T03:15:00Z,2026-08-02T05:15:00+0200,160.7,EUR/MWh,DK2,DK_2,day_ahead_price,value,2026-08-22T18:55:39Z
2026-08-22T18:49:31Z,2026-08-22T20:49:31+0200,32ee4a35-e929-46bf-8b2d-58a671b58f50,2026-08-02T03:30:00Z,2026-08-02T05:30:00+0200,159.639999,EUR/MWh,DK2,DK_2,day_ahead_price,value,2026-08-22T18:55:39Z
2026-08-22T18:49:31Z,2026-08-22T20:49:31+0200,32ee4a35-e929-46bf-8b2d-58a671b58f50,2026-08-02T03:45:00Z,2026-08-02T05:45:00+0200,157.65,EUR/MWh,DK2,DK_2,day_ahead_price,value,2026-08-22T18:55:39Z
2026-08-22T18:49:31Z,2026-08-22T20:49:31+0200,32ee4a35-e929-46bf-8b2d-58a671b58f50,2026-08-02T04:00:00Z,2026-08-02T06:00:00+0200,161.09,EUR/MWh,DK2,DK_2,day_ahead_price,value,2026-08-22T18:55:39Z
2026-08-22T18:49:31Z,2026-08-22T20:49:31+0200,32ee4a35-e929-46bf-8b2d-58a671b58f50,2026-08-02T04:15:00Z,2026-08-02T06:15:00+0200,153.66,EUR/MWh,DK2,DK_2,day_ahead_price,value,2026-08-22T18:55:39Z
2026-08-22T18:49:31Z,2026-08-22T20:49:31+0200,32ee4a35-e929-46bf-8b2d-58a671b58f50,2026-08-02T04:30:00Z,2026-08-02T06:30:00+0200,151.570007,EUR/MWh,DK2,DK_2,day_ahead_price,value,2026-08-22T18:55:39Z
2026-08-22T18:49:31Z,2026-08-22T20:49:31+0200,32ee4a35-e929-46bf-8b2d-58a671b58f50,2026-08-02T04:45:00Z,2026-08-02T06:45:00+0200,139.110001,EUR/MWh,DK2,DK_2,day_ahead_price,value,2026-08-22T18:55:39Z
2026-08-22T18:49:31Z,2026-08-22T20:49:31+0200,32ee4a35-e929-46bf-8b2d-58a671b58f50,2026-08-02T05:00:00Z,2026-08-02T07:00:00+0200,153.75,EUR/MWh,DK2,DK_2,day_ahead_price,value,2026-08-22T18:55:39Z
2026-08-22T18:49:31Z,2026-08-22T20:49:31+0200,32ee4a35-e929-46bf-8b2d-58a671b58f50,2026-08-02T05:15:00Z,2026-08-02T07:15:00+0200,142.600006,EUR/MWh,DK2,DK_2,day_ahead_price,value,2026-08-22T18:55:39Z
2026-08-22T18:49:31Z,2026-08-22T20:49:31+0200,32ee4a35-e929-46bf-8b2d-58a671b58f50,2026-08-02T05:30:00Z,2026-08-02T07:30:00+0200,136.110001,EUR/MWh,DK2,DK_2,day_ahead_price,value,2026-08-22T18:55:39Z
2026-08-22T18:49:31Z,2026-08-22T20:49:31+0200,32ee4a35-e929-46bf-8b2d-58a671b58f50,2026-08-02T05:45:00Z,2026-08-02T07:45:00+0200,124.56,EUR/MWh,DK2,DK_2,day_ahead_price,value,2026-08-22T18:55:39Z
2026-08-22T18:49:31Z,2026-08-22T20:49:31+0200,32ee4a35-e929-46bf-8b2d-58a671b58f50,2026-08-02T06:00:00Z,2026-08-02T08:00:00+0200,150.5,EUR/MWh,DK2,DK_2,day_ahead_price,value,2026-08-22T18:55:39Z
2026-08-22T18:49:31Z,2026-08-22T20:49:31+0200,32ee4a35-e929-46bf-8b2d-58a671b58f50,2026-08-02T06:15:00Z,2026-08-02T08:15:00+0200,130.33,EUR/MWh,DK2,DK_2,day_ahead_price,value,2026-08-22T18:55:39Z
2026-08-22T18:49:31Z,2026-08-22T20:49:31+0200,32ee4a35-e929-46bf-8b2d-58a671b58f50,2026-08-02T06:30:00Z,2026-08-02T08:30:00+0200,112.43,EUR/MWh,DK2,DK_2,day_ahead_price,value,2026-08-22T18:55:39Z
2026-08-22T18:49:31Z,2026-08-22T20:49:31+0200,32ee4a35-e929-46bf-8b2d-58a671b58f50,2026-08-02T06:45:00Z,2026-08-02T08:45:00+0200,93.22,EUR/MWh,DK2,DK_2,day_ahead_price,value,2026-08-22T18:55:39Z
2026-08-22T18:49:31Z,2026-08-22T20:49:31+0200,32ee4a35-e929-46bf-8b2d-58a671b58f50,2026-08-02T07:00:00Z,2026-08-02T09:00:00+0200,104.36,EUR/MWh,DK2,DK_2,day_ahead_price,value,2026-08-22T18:55:39Z
2026-08-22T18:49:31Z,2026-08-22T20:49:31+0200,32ee4a35-e929-46bf-8b2d-58a671b58f50,2026-08-02T07:15:00Z,2026-08-02T09:15:00+0200,84.099998,EUR/MWh,DK2,DK_2,day_ahead_price,value,2026-08-22T18:55:39Z
2026-08-22T18:49:31Z,2026-08-22T20:49:31+0200,32ee4a35-e929-46bf-8b2d-58a671b58f50,2026-08-02T07:30:00Z,2026-08-02T09:30:00+0200,50.889999,EUR/MWh,DK2,DK_2,day_ahead_price,value,2026-08-22T18:55:39Z
2026-08-22T18:49:31Z,2026-08-22T20:49:31+0200,32ee4a35-e929-46bf-8b2d-58a671b58f50,2026-08-02T07:45:00Z,2026-08-02T09:45:00+0200,10.26,EUR/MWh,DK2,DK_2,day_ahead_price,value,2026-08-22T18:55:39Z
2026-08-22T18:49:31Z,2026-08-22T20:49:31+0200,32ee4a35-e929-46bf-8b2d-58a671b58f50,2026-08-02T08:00:00Z,2026-08-02T10:00:00+0200,10.08,EUR/MWh,DK2,DK_2,day_ahead_price,value,2026-08-22T18:55:39Z
2026-08-22T18:49:31Z,2026-08-22T20:49:31+0200,32ee4a35-e929-46bf-8b2d-58a671b58f50,2026-08-02T08:15:00Z,2026-08-02T10:15:00+0200,2.77,EUR/MWh,DK2,DK_2,day_ahead_price,value,2026-08-22T18:55:39Z
2026-08-22T18:49:31Z,2026-08-22T20:49:31+0200,32ee4a35-e929-46bf-8b2d-58a671b58f50,2026-08-02T08:30:00Z,2026-08-02T10:30:00+0200,0.48,EUR/MWh,DK2,DK_2,day_ahead_price,value,2026-08-22T18:55:39Z
2026-08-22T18:49:31Z,2026-08-22T20:49:31+0200,32ee4a35-e929-46bf-8b2d-58a671b58f50,2026-08-02T08:45:00Z,2026-08-02T10:45:00+0200,0.33,EUR/MWh,DK2,DK_2,day_ahead_price,value,2026-08-22T18:55:39Z
2026-08-22T18:49:31Z,2026-08-22T20:49:31+0200,32ee4a35-e929-46bf-8b2d-58a671b58f50,2026-08-02T09:00:00Z,2026-08-02T11:00:00+0200,0.27,EUR/MWh,DK2,DK_2,day_ahead_price,value,2026-08-22T18:55:39Z
2026-08-22T18:49:31Z,2026-08-22T20:49:31+0200,32ee4a35-e929-46bf-8b2d-58a671b58f50,2026-08-02T09:15:00Z,2026-08-02T11:15:00+0200,0.25,EUR/MWh,DK2,DK_2,day_ahead_price,value,2026-08-22T18:55:39Z
2026-08-22T18:49:31Z,2026-08-22T20:49:31+0200,32ee4a35-e929-46bf-8b2d-58a671b58f50,2026-08-02T09:30:00Z,2026-08-02T11:30:00+0200,1.33,EUR/MWh,DK2,DK_2,day_ahead_price,value,2026-08-22T18:55:39Z
2026-08-22T18:49:31Z,2026-08-22T20:49:31+0200,32ee4a35-e929-46bf-8b2d-58a671b58f50,2026-08-02T09:45:00Z,2026-08-02T11:45:00+0200,1.34,EUR/MWh,DK2,DK_2,day_ahead_price,value,2026-08-22T18:55:39Z
2026-08-22T18:49:31Z,2026-08-22T20:49:31+0200,32ee4a35-e929-46bf-8b2d-58a671b58f50,2026-08-02T10:00:00Z,2026-08-02T12:00:00+0200,2.27,EUR/MWh,DK2,DK_2,day_ahead_price,value,2026-08-22T18:55:39Z
2026-08-22T18:49:31Z,2026-08-22T20:49:31+0200,32ee4a35-e929-46bf-8b2d-58a671b58f50,2026-08-02T10:15:00Z,2026-08-02T12:15:00+0200,2.15,EUR/MWh,DK2,DK_2,day_ahead_price,value,2026-08-22T18:55:39Z
2026-08-22T18:49:31Z,2026-08-22T20:49:31+0200,32ee4a35-e929-46bf-8b2d-58a671b58f50,2026-08-02T10:30:00Z,2026-08-02T12:30:00+0200,2.13,EUR/MWh,DK2,DK_2,day_ahead_price,value,2026-08-22T18:55:39Z
2026-08-22T18:49:31Z,2026-08-22T20:49:31+0200,32ee4a35-e929-46bf-8b2d-58a671b58f50,2026-08-02T10:45:00Z,2026-08-02T12:45:00+0200,2.11,EUR/MWh,DK2,DK_2,day_ahead_price,value,2026-08-22T18:55:39Z
2026-08-22T18:49:31Z,2026-08-22T20:49:31+0200,32ee4a35-e929-46bf-8b2d-58a671b58f50,2026-08-02T11:00:00Z,2026-08-02T13:00:00+0200,2.48,EUR/MWh,DK2,DK_2,day_ahead_price,value,2026-08-22T18:55:39Z
2026-08-22T18:49:31Z,2026-08-22T20:49:31+0200,32ee4a35-e929-46bf-8b2d-58a671b58f50,2026-08-02T11:15:00Z,2026-08-02T13:15:00+0200,2.29,EUR/MWh,DK2,DK_2,day_ahead_price,value,2026-08-22T18:55:39Z
2026-08-22T18:49:31Z,2026-08-22T20:49:31+0200,32ee4a35-e929-46bf-8b2d-58a671b58f50,2026-08-02T11:30:00Z,2026-08-02T13:30:00+0200,2.19,EUR/MWh,DK2,DK_2,day_ahead_price,value,2026-08-22T18:55:39Z
2026-08-22T18:49:31Z,2026-08-22T20:49:31+0200,32ee4a35-e929-46bf-8b2d-58a671b58f50,2026-08-02T11:45:00Z,2026-08-02T13:45:00+0200,2.15,EUR/MWh,DK2,DK_2,day_ahead_price,value,2026-08-22T18:55:39Z
2026-08-22T18:49:31Z,2026-08-22T20:49:31+0200,32ee4a35-e929-46bf-8b2d-58a671b58f50,2026-08-02T12:00:00Z,2026-08-02T14:00:00+0200,2.1,EUR/MWh,DK2,DK_2,day_ahead_price,value,2026-08-22T18:55:39Z
2026-08-22T18:49:31Z,2026-08-22T20:49:31+0200,32ee4a35-e929-46bf-8b2d-58a671b58f50,2026-08-02T12:15:00Z,2026-08-02T14:15:00+0200,2.1,EUR/MWh,DK2,DK_2,day_ahead_price,value,2026-08-22T18:55:39Z
2026-08-22T18:49:31Z,2026-08-22T20:49:31+0200,32ee4a35-e929-46bf-8b2d-58a671b58f50,2026-08-02T12:30:00Z,2026-08-02T14:30:00+0200,2.08,EUR/MWh,DK2,DK_2,day_ahead_price,value,2026-08-22T18:55:39Z
2026-08-22T18:49:31Z,2026-08-22T20:49:31+0200,32ee4a35-e929-46bf-8b2d-58a671b58f50,2026-08-02T12:45:00Z,2026-08-02T14:45:00+0200,2.17,EUR/MWh,DK2,DK_2,day_ahead_price,value,2026-08-22T18:55:39Z
2026-08-22T18:49:31Z,2026-08-22T20:49:31+0200,32ee4a35-e929-46bf-8b2d-58a671b58f50,2026-08-02T13:00:00Z,2026-08-02T15:00:00+0200,2.59,EUR/MWh,DK2,DK_2,day_ahead_price,value,2026-08-22T18:55:39Z
2026-08-22T18:49:31Z,2026-08-22T20:49:31+0200,32ee4a35-e929-46bf-8b2d-58a671b58f50,2026-08-02T13:15:00Z,2026-08-02T15:15:00+0200,3.96,EUR/MWh,DK2,DK_2,day_ahead_price,value,2026-08-22T18:55:39Z
2026-08-22T18:49:31Z,2026-08-22T20:49:31+0200,32ee4a35-e929-46bf-8b2d-58a671b58f50,2026-08-02T13:30:00Z,2026-08-02T15:30:00+0200,4.1,EUR/MWh,DK2,DK_2,day_ahead_price,value,2026-08-22T18:55:39Z
2026-08-22T18:49:31Z,2026-08-22T20:49:31+0200,32ee4a35-e929-46bf-8b2d-58a671b58f50,2026-08-02T13:45:00Z,2026-08-02T15:45:00+0200,4.6,EUR/MWh,DK2,DK_2,day_ahead_price,value,2026-08-22T18:55:39Z
2026-08-22T18:49:31Z,2026-08-22T20:49:31+0200,32ee4a35-e929-46bf-8b2d-58a671b58f50,2026-08-02T14:00:00Z,2026-08-02T16:00:00+0200,5.0,EUR/MWh,DK2,DK_2,day_ahead_price,value,2026-08-22T18:55:39Z
2026-08-22T18:49:31Z,2026-08-22T20:49:31+0200,32ee4a35-e929-46bf-8b2d-58a671b58f50,2026-08-02T14:15:00Z,2026-08-02T16:15:00+0200,7.72,EUR/MWh,DK2,DK_2,day_ahead_price,value,2026-08-22T18:55:39Z
2026-08-22T18:49:31Z,2026-08-22T20:49:31+0200,32ee4a35-e929-46bf-8b2d-58a671b58f50,2026-08-02T14:30:00Z,2026-08-02T16:30:00+0200,9.99,EUR/MWh,DK2,DK_2,day_ahead_price,value,2026-08-22T18:55:39Z
2026-08-22T18:49:31Z,2026-08-22T20:49:31+0200,32ee4a35-e929-46bf-8b2d-58a671b58f50,2026-08-02T14:45:00Z,2026-08-02T16:45:00+0200,16.37,EUR/MWh,DK2,DK_2,day_ahead_price,value,2026-08-22T18:55:39Z
2026-08-22T18:49:31Z,2026-08-22T20:49:31+0200,32ee4a35-e929-46bf-8b2d-58a671b58f50,2026-08-02T15:00:00Z,2026-08-02T17:00:00+0200,41.44,EUR/MWh,DK2,DK_2,day_ahead_price,value,2026-08-22T18:55:39Z
2026-08-22T18:49:31Z,2026-08-22T20:49:31+0200,32ee4a35-e929-46bf-8b2d-58a671b58f50,2026-08-02T15:15:00Z,2026-08-02T17:15:00+0200,92.13,EUR/MWh,DK2,DK_2,day_ahead_price,value,2026-08-22T18:55:39Z
2026-08-22T18:49:31Z,2026-08-22T20:49:31+0200,32ee4a35-e929-46bf-8b2d-58a671b58f50,2026-08-02T15:30:00Z,2026-08-02T17:30:00+0200,115.05,EUR/MWh,DK2,DK_2,day_ahead_price,value,2026-08-22T18:55:39Z
2026-08-22T18:49:31Z,2026-08-22T20:49:31+0200,32ee4a35-e929-46bf-8b2d-58a671b58f50,2026-08-02T15:45:00Z,2026-08-02T17:45:00+0200,127.760002,EUR/MWh,DK2,DK_2,day_ahead_price,value,2026-08-22T18:55:39Z
2026-08-22T18:49:31Z,2026-08-22T20:49:31+0200,32ee4a35-e929-46bf-8b2d-58a671b58f50,2026-08-02T16:00:00Z,2026-08-02T18:00:00+0200,120.529999,EUR/MWh,DK2,DK_2,day_ahead_price,value,2026-08-22T18:55:39Z
2026-08-22T18:49:31Z,2026-08-22T20:49:31+0200,32ee4a35-e929-46bf-8b2d-58a671b58f50,2026-08-02T16:15:00Z,2026-08-02T18:15:00+0200,133.5,EUR/MWh,DK2,DK_2,day_ahead_price,value,2026-08-22T18:55:39Z
2026-08-22T18:49:31Z,2026-08-22T20:49:31+0200,32ee4a35-e929-46bf-8b2d-58a671b58f50,2026-08-02T16:30:00Z,2026-08-02T18:30:00+0200,155.740005,EUR/MWh,DK2,DK_2,day_ahead_price,value,2026-08-22T18:55:39Z
2026-08-22T18:49:31Z,2026-08-22T20:49:31+0200,32ee4a35-e929-46bf-8b2d-58a671b58f50,2026-08-02T16:45:00Z,2026-08-02T18:45:00+0200,170.770004,EUR/MWh,DK2,DK_2,day_ahead_price,value,2026-08-22T18:55:39Z
2026-08-22T18:49:31Z,2026-08-22T20:49:31+0200,32ee4a35-e929-46bf-8b2d-58a671b58f50,2026-08-02T17:00:00Z,2026-08-02T19:00:00+0200,158.86,EUR/MWh,DK2,DK_2,day_ahead_price,value,2026-08-22T18:55:39Z
2026-08-22T18:49:31Z,2026-08-22T20:49:31+0200,32ee4a35-e929-46bf-8b2d-58a671b58f50,2026-08-02T17:15:00Z,2026-08-02T19:15:00+0200,169.309998,EUR/MWh,DK2,DK_2,day_ahead_price,value,2026-08-22T18:55:39Z
2026-08-22T18:49:31Z,2026-08-22T20:49:31+0200,32ee4a35-e929-46bf-8b2d-58a671b58f50,2026-08-02T17:30:00Z,2026-08-02T19:30:00+0200,183.54,EUR/MWh,DK2,DK_2,day_ahead_price,value,2026-08-22T18:55:39Z
2026-08-22T18:49:31Z,2026-08-22T20:49:31+0200,32ee4a35-e929-46bf-8b2d-58a671b58f50,2026-08-02T17:45:00Z,2026-08-02T19:45:00+0200,193.17,EUR/MWh,DK2,DK_2,day_ahead_price,value,2026-08-22T18:55:39Z
2026-08-22T18:49:31Z,2026-08-22T20:49:31+0200,32ee4a35-e929-46bf-8b2d-58a671b58f50,2026-08-02T18:00:00Z,2026-08-02T20:00:00+0200,182.35,EUR/MWh,DK2,DK_2,day_ahead_price,value,2026-08-22T18:55:39Z
2026-08-22T18:49:31Z,2026-08-22T20:49:31+0200,32ee4a35-e929-46bf-8b2d-58a671b58f50,2026-08-02T18:15:00Z,2026-08-02T20:15:00+0200,181.38,EUR/MWh,DK2,DK_2,day_ahead_price,value,2026-08-22T18:55:39Z
2026-08-22T18:49:31Z,2026-08-22T20:49:31+0200,32ee4a35-e929-46bf-8b2d-58a671b58f50,2026-08-02T18:30:00Z,2026-08-02T20:30:00+0200,185.16,EUR/MWh,DK2,DK_2,day_ahead_price,value,2026-08-22T18:55:39Z
2026-08-22T18:49:31Z,2026-08-22T20:49:31+0200,32ee4a35-e929-46bf-8b2d-58a671b58f50,2026-08-02T18:45:00Z,2026-08-02T20:45:00+0200,191.81,EUR/MWh,DK2,DK_2,day_ahead_price,value,2026-08-22T18:55:39Z
2026-08-22T18:49:31Z,2026-08-22T20:49:31+0200,32ee4a35-e929-46bf-8b2d-58a671b58f50,2026-08-02T19:00:00Z,2026-08-02T21:00:00+0200,190.179993,EUR/MWh,DK2,DK_2,day_ahead_price,value,2026-08-22T18:55:39Z
2026-08-22T18:49:31Z,2026-08-22T20:49:31+0200,32ee4a35-e929-46bf-8b2d-58a671b58f50,2026-08-02T19:15:00Z,2026-08-02T21:15:00+0200,180.039993,EUR/MWh,DK2,DK_2,day_ahead_price,value,2026-08-22T18:55:39Z
2026-08-22T18:49:31Z,2026-08-22T20:49:31+0200,32ee4a35-e929-46bf-8b2d-58a671b58f50,2026-08-02T19:30:00Z,2026-08-02T21:30:00+0200,172.79,EUR/MWh,DK2,DK_2,day_ahead_price,value,2026-08-22T18:55:39Z
2026-08-22T18:49:31Z,2026-08-22T20:49:31+0200,32ee4a35-e929-46bf-8b2d-58a671b58f50,2026-08-02T19:45:00Z,2026-08-02T21:45:00+0200,162.399994,EUR/MWh,DK2,DK_2,day_ahead_price,value,2026-08-22T18:55:39Z
2026-08-22T18:49:31Z,2026-08-22T20:49:31+0200,32ee4a35-e929-46bf-8b2d-58a671b58f50,2026-08-02T20:00:00Z,2026-08-02T22:00:00+0200,180.49,EUR/MWh,DK2,DK_2,day_ahead_price,value,2026-08-22T18:55:39Z
2026-08-22T18:49:31Z,2026-08-22T20:49:31+0200,32ee4a35-e929-46bf-8b2d-58a671b58f50,2026-08-02T20:15:00Z,2026-08-02T22:15:00+0200,165.740005,EUR/MWh,DK2,DK_2,day_ahead_price,value,2026-08-22T18:55:39Z
2026-08-22T18:49:31Z,2026-08-22T20:49:31+0200,32ee4a35-e929-46bf-8b2d-58a671b58f50,2026-08-02T20:30:00Z,2026-08-02T22:30:00+0200,161.5,EUR/MWh,DK2,DK_2,day_ahead_price,value,2026-08-22T18:55:39Z
2026-08-22T18:49:31Z,2026-08-22T20:49:31+0200,32ee4a35-e929-46bf-8b2d-58a671b58f50,2026-08-02T20:45:00Z,2026-08-02T22:45:00+0200,156.59,EUR/MWh,DK2,DK_2,day_ahead_price,value,2026-08-22T18:55:39Z
2026-08-22T18:49:31Z,2026-08-22T20:49:31+0200,32ee4a35-e929-46bf-8b2d-58a671b58f50,2026-08-02T21:00:00Z,2026-08-02T23:00:00+0200,155.69,EUR/MWh,DK2,DK_2,day_ahead_price,value,2026-08-22T18:55:39Z
2026-08-22T18:49:31Z,2026-08-22T20:49:31+0200,32ee4a35-e929-46bf-8b2d-58a671b58f50,2026-08-02T21:15:00Z,2026-08-02T23:15:00+0200,152.369995,EUR/MWh,DK2,DK_2,day_ahead_price,value,2026-08-22T18:55:39Z
2026-08-22T18:49:31Z,2026-08-22T20:49:31+0200,32ee4a35-e929-46bf-8b2d-58a671b58f50,2026-08-02T21:30:00Z,2026-08-02T23:30:00+0200,151.089996,EUR/MWh,DK2,DK_2,day_ahead_price,value,2026-08-22T18:55:39Z
2026-08-22T18:49:31Z,2026-08-22T20:49:31+0200,32ee4a35-e929-46bf-8b2d-58a671b58f50,2026-08-02T21:45:00Z,2026-08-02T23:45:00+0200,140.449997,EUR/MWh,DK2,DK_2,day_ahead_price,value,2026-08-22T18:55:39Z
2026-08-22T18:49:31Z,2026-08-22T20:49:31+0200,32ee4a35-e929-46bf-8b2d-58a671b58f50,2026-08-02T22:00:00Z,2026-08-03T00:00:00+0200,143.83,EUR/MWh,DK2,DK_2,day_ahead_price,value,2026-08-22T18:55:39Z
2026-08-22T18:49:31Z,2026-08-22T20:49:31+0200,32ee4a35-e929-46bf-8b2d-58a671b58f50,2026-08-02T22:15:00Z,2026-08-03T00:15:00+0200,138.75,EUR/MWh,DK2,DK_2,day_ahead_price,value,2026-08-22T18:55:39Z
2026-08-22T18:49:31Z,2026-08-22T20:49:31+0200,32ee4a35-e929-46bf-8b2d-58a671b58f50,2026-08-02T22:30:00Z,2026-08-03T00:30:00+0200,134.08,EUR/MWh,DK2,DK_2,day_ahead_price,value,2026-08-22T18:55:39Z
2026-08-22T18:49:31Z,2026-08-22T20:49:31+0200,32ee4a35-e929-46bf-8b2d-58a671b58f50,2026-08-02T22:45:00Z,2026-08-03T00:45:00+0200,131.35,EUR/MWh,DK2,DK_2,day_ahead_price,value,2026-08-22T18:55:39Z
2026-08-22T18:49:31Z,2026-08-22T20:49:31+0200,32ee4a35-e929-46bf-8b2d-58a671b58f50,2026-08-02T23:00:00Z,2026-08-03T01:00:00+0200,136.75,EUR/MWh,DK2,DK_2,day_ahead_price,value,2026-08-22T18:55:39Z
2026-08-22T18:49:31Z,2026-08-22T20:49:31+0200,32ee4a35-e929-46bf-8b2d-58a671b58f50,2026-08-02T23:15:00Z,2026-08-03T01:15:00+0200,132.85,EUR/MWh,DK2,DK_2,day_ahead_price,value,2026-08-22T18:55:39Z
2026-08-22T18:49:31Z,2026-08-22T20:49:31+0200,32ee4a35-e929-46bf-8b2d-58a671b58f50,2026-08-02T23:30:00Z,2026-08-03T01:30:00+0200,133.12,EUR/MWh,DK2,DK_2,day_ahead_price,value,2026-08-22T18:55:39Z
2026-08-22T18:49:31Z,2026-08-22T20:49:31+0200,32ee4a35-e929-46bf-8b2d-58a671b58f50,2026-08-02T23:45:00Z,2026-08-03T01:45:00+0200,130.37,EUR/MWh,DK2,DK_2,day_ahead_price,value,2026-08-22T18:55:39Z
2026-08-22T18:49:31Z,2026-08-22T20:49:31+0200,32ee4a35-e929-46bf-8b2d-58a671b58f50,2026-08-03T00:00:00Z,2026-08-03T02:00:00+0200,131.26,EUR/MWh,DK2,DK_2,day_ahead_price,value,2026-08-22T18:55:39Z
2026-08-22T18:49:31Z,2026-08-22T20:49:31+0200,32ee4a35-e929-46bf-8b2d-58a671b58f50,2026-08-03T00:15:00Z,2026-08-03T02:15:00+0200,129.6,EUR/MWh,DK2,DK_2,day_ahead_price,value,2026-08-22T18:55:39Z
2026-08-22T18:49:31Z,2026-08-22T20:49:31+0200,32ee4a35-e929-46bf-8b2d-58a671b58f50,2026-08-03T00:30:00Z,2026-08-03T02:30:00+0200,129.45,EUR/MWh,DK2,DK_2,day_ahead_price,value,2026-08-22T18:55:39Z
2026-08-22T18:49:31Z,2026-08-22T20:49:31+0200,32ee4a35-e929-46bf-8b2d-58a671b58f50,2026-08-03T00:45:00Z,2026-08-03T02:45:00+0200,129.17,EUR/MWh,DK2,DK_2,day_ahead_price,value,2026-08-22T18:55:39Z
2026-08-22T18:49:31Z,2026-08-22T20:49:31+0200,32ee4a35-e929-46bf-8b2d-58a671b58f50,2026-08-03T01:00:00Z,2026-08-03T03:00:00+0200,127.4,EUR/MWh,DK2,DK_2,day_ahead_price,value,2026-08-22T18:55:39Z
2026-08-22T18:49:31Z,2026-08-22T20:49:31+0200,32ee4a35-e929-46bf-8b2d-58a671b58f50,2026-08-03T01:15:00Z,2026-08-03T03:15:00+0200,126.97,EUR/MWh,DK2,DK_2,day_ahead_price,value,2026-08-22T18:55:39Z
2026-08-22T18:49:31Z,2026-08-22T20:49:31+0200,32ee4a35-e929-46bf-8b2d-58a671b58f50,2026-08-03T01:30:00Z,2026-08-03T03:30:00+0200,128.06,EUR/MWh,DK2,DK_2,day_ahead_price,value,2026-08-22T18:55:39Z
2026-08-22T18:49:31Z,2026-08-22T20:49:31+0200,32ee4a35-e929-46bf-8b2d-58a671b58f50,2026-08-03T01:45:00Z,2026-08-03T03:45:00+0200,130.34,EUR/MWh,DK2,DK_2,day_ahead_price,value,2026-08-22T18:55:39Z
2026-08-22T18:49:31Z,2026-08-22T20:49:31+0200,32ee4a35-e929-46bf-8b2d-58a671b58f50,2026-08-03T02:00:00Z,2026-08-03T04:00:00+0200,127.47,EUR/MWh,DK2,DK_2,day_ahead_price,value,2026-08-22T18:55:39Z
2026-08-22T18:49:31Z,2026-08-22T20:49:31+0200,32ee4a35-e929-46bf-8b2d-58a671b58f50,2026-08-03T02:15:00Z,2026-08-03T04:15:00+0200,129.09,EUR/MWh,DK2,DK_2,day_ahead_price,value,2026-08-22T18:55:39Z
2026-08-22T18:49:31Z,2026-08-22T20:49:31+0200,32ee4a35-e929-46bf-8b2d-58a671b58f50,2026-08-03T02:30:00Z,2026-08-03T04:30:00+0200,131.34,EUR/MWh,DK2,DK_2,day_ahead_price,value,2026-08-22T18:55:39Z
2026-08-22T18:49:31Z,2026-08-22T20:49:31+0200,32ee4a35-e929-46bf-8b2d-58a671b58f50,2026-08-03T02:45:00Z,2026-08-03T04:45:00+0200,135.22,EUR/MWh,DK2,DK_2,day_ahead_price,value,2026-08-22T18:55:39Z
2026-08-22T18:49:31Z,2026-08-22T20:49:31+0200,32ee4a35-e929-46bf-8b2d-58a671b58f50,2026-08-03T03:00:00Z,2026-08-03T05:00:00+0200,135.89,EUR/MWh,DK2,DK_2,day_ahead_price,value,2026-08-22T18:55:39Z
2026-08-22T18:49:31Z,2026-08-22T20:49:31+0200,32ee4a35-e929-46bf-8b2d-58a671b58f50,2026-08-03T03:15:00Z,2026-08-03T05:15:00+0200,138.4,EUR/MWh,DK2,DK_2,day_ahead_price,value,2026-08-22T18:55:39Z
2026-08-22T18:49:31Z,2026-08-22T20:49:31+0200,32ee4a35-e929-46bf-8b2d-58a671b58f50,2026-08-03T03:30:00Z,2026-08-03T05:30:00+0200,141.39,EUR/MWh,DK2,DK_2,day_ahead_price,value,2026-08-22T18:55:39Z
2026-08-22T18:49:31Z,2026-08-22T20:49:31+0200,32ee4a35-e929-46bf-8b2d-58a671b58f50,2026-08-03T03:45:00Z,2026-08-03T05:45:00+0200,148.3,EUR/MWh,DK2,DK_2,day_ahead_price,value,2026-08-22T18:55:39Z
2026-08-22T18:49:31Z,2026-08-22T20:49:31+0200,32ee4a35-e929-46bf-8b2d-58a671b58f50,2026-08-03T04:00:00Z,2026-08-03T06:00:00+0200,163.03,EUR/MWh,DK2,DK_2,day_ahead_price,value,2026-08-22T18:55:39Z
2026-08-22T18:49:31Z,2026-08-22T20:49:31+0200,32ee4a35-e929-46bf-8b2d-58a671b58f50,2026-08-03T04:15:00Z,2026-08-03T06:15:00+0200,170.06,EUR/MWh,DK2,DK_2,day_ahead_price,value,2026-08-22T18:55:39Z
2026-08-22T18:49:31Z,2026-08-22T20:49:31+0200,32ee4a35-e929-46bf-8b2d-58a671b58f50,2026-08-03T04:30:00Z,2026-08-03T06:30:00+0200,172.82,EUR/MWh,DK2,DK_2,day_ahead_price,value,2026-08-22T18:55:39Z
2026-08-22T18:49:31Z,2026-08-22T20:49:31+0200,32ee4a35-e929-46bf-8b2d-58a671b58f50,2026-08-03T04:45:00Z,2026-08-03T06:45:00+0200,166.87,EUR/MWh,DK2,DK_2,day_ahead_price,value,2026-08-22T18:55:39Z
2026-08-22T18:49:31Z,2026-08-22T20:49:31+0200,32ee4a35-e929-46bf-8b2d-58a671b58f50,2026-08-03T05:00:00Z,2026-08-03T07:00:00+0200,173.41,EUR/MWh,DK2,DK_2,day_ahead_price,value,2026-08-22T18:55:39Z
2026-08-22T18:49:31Z,2026-08-22T20:49:31+0200,32ee4a35-e929-46bf-8b2d-58a671b58f50,2026-08-03T05:15:00Z,2026-08-03T07:15:00+0200,166.9,EUR/MWh,DK2,DK_2,day_ahead_price,value,2026-08-22T18:55:39Z
2026-08-22T18:49:31Z,2026-08-22T20:49:31+0200,32ee4a35-e929-46bf-8b2d-58a671b58f50,2026-08-03T05:30:00Z,2026-08-03T07:30:00+0200,161.83,EUR/MWh,DK2,DK_2,day_ahead_price,value,2026-08-22T18:55:39Z
2026-08-22T18:49:31Z,2026-08-22T20:49:31+0200,32ee4a35-e929-46bf-8b2d-58a671b58f50,2026-08-03T05:45:00Z,2026-08-03T07:45:00+0200,155.63,EUR/MWh,DK2,DK_2,day_ahead_price,value,2026-08-22T18:55:39Z
2026-08-22T18:49:31Z,2026-08-22T20:49:31+0200,32ee4a35-e929-46bf-8b2d-58a671b58f50,2026-08-03T06:00:00Z,2026-08-03T08:00:00+0200,167.27,EUR/MWh,DK2,DK_2,day_ahead_price,value,2026-08-22T18:55:39Z
2026-08-22T18:49:31Z,2026-08-22T20:49:31+0200,32ee4a35-e929-46bf-8b2d-58a671b58f50,2026-08-03T06:15:00Z,2026-08-03T08:15:00+0200,156.95,EUR/MWh,DK2,DK_2,day_ahead_price,value,2026-08-22T18:55:39Z
2026-08-22T18:49:31Z,2026-08-22T20:49:31+0200,32ee4a35-e929-46bf-8b2d-58a671b58f50,2026-08-03T06:30:00Z,2026-08-03T08:30:00+0200,150.23,EUR/MWh,DK2,DK_2,day_ahead_price,value,2026-08-22T18:55:39Z
2026-08-22T18:49:31Z,2026-08-22T20:49:31+0200,32ee4a35-e929-46bf-8b2d-58a671b58f50,2026-08-03T06:45:00Z,2026-08-03T08:45:00+0200,127.86,EUR/MWh,DK2,DK_2,day_ahead_price,value,2026-08-22T18:55:39Z
2026-08-22T18:49:31Z,2026-08-22T20:49:31+0200,32ee4a35-e929-46bf-8b2d-58a671b58f50,2026-08-03T07:00:00Z,2026-08-03T09:00:00+0200,160.81,EUR/MWh,DK2,DK_2,day_ahead_price,value,2026-08-22T18:55:39Z
2026-08-22T18:49:31Z,2026-08-22T20:49:31+0200,32ee4a35-e929-46bf-8b2d-58a671b58f50,2026-08-03T07:15:00Z,2026-08-03T09:15:00+0200,134.18,EUR/MWh,DK2,DK_2,day_ahead_price,value,2026-08-22T18:55:39Z
2026-08-22T18:49:31Z,2026-08-22T20:49:31+0200,32ee4a35-e929-46bf-8b2d-58a671b58f50,2026-08-03T07:30:00Z,2026-08-03T09:30:00+0200,121.2,EUR/MWh,DK2,DK_2,day_ahead_price,value,2026-08-22T18:55:39Z
2026-08-22T18:49:31Z,2026-08-22T20:49:31+0200,32ee4a35-e929-46bf-8b2d-58a671b58f50,2026-08-03T07:45:00Z,2026-08-03T09:45:00+0200,114.3,EUR/MWh,DK2,DK_2,day_ahead_price,value,2026-08-22T18:55:39Z
2026-08-22T18:49:31Z,2026-08-22T20:49:31+0200,32ee4a35-e929-46bf-8b2d-58a671b58f50,2026-08-03T08:00:00Z,2026-08-03T10:00:00+0200,123.96,EUR/MWh,DK2,DK_2,day_ahead_price,value,2026-08-22T18:55:39Z
2026-08-22T18:49:31Z,2026-08-22T20:49:31+0200,32ee4a35-e929-46bf-8b2d-58a671b58f50,2026-08-03T08:15:00Z,2026-08-03T10:15:00+0200,117.66,EUR/MWh,DK2,DK_2,day_ahead_price,value,2026-08-22T18:55:39Z
2026-08-22T18:49:31Z,2026-08-22T20:49:31+0200,32ee4a35-e929-46bf-8b2d-58a671b58f50,2026-08-03T08:30:00Z,2026-08-03T10:30:00+0200,110.47,EUR/MWh,DK2,DK_2,day_ahead_price,value,2026-08-22T18:55:39Z
2026-08-22T18:49:31Z,2026-08-22T20:49:31+0200,32ee4a35-e929-46bf-8b2d-58a671b58f50,2026-08-03T08:45:00Z,2026-08-03T10:45:00+0200,88.14,EUR/MWh,DK2,DK_2,day_ahead_price,value,2026-08-22T18:55:39Z
2026-08-22T18:49:31Z,2026-08-22T20:49:31+0200,32ee4a35-e929-46bf-8b2d-58a671b58f50,2026-08-03T09:00:00Z,2026-08-03T11:00:00+0200,89.15,EUR/MWh,DK2,DK_2,day_ahead_price,value,2026-08-22T18:55:39Z
2026-08-22T18:49:31Z,2026-08-22T20:49:31+0200,32ee4a35-e929-46bf-8b2d-58a671b58f50,2026-08-03T09:15:00Z,2026-08-03T11:15:00+0200,72.26,EUR/MWh,DK2,DK_2,day_ahead_price,value,2026-08-22T18:55:39Z
2026-08-22T18:49:31Z,2026-08-22T20:49:31+0200,32ee4a35-e929-46bf-8b2d-58a671b58f50,2026-08-03T09:30:00Z,2026-08-03T11:30:00+0200,59.2,EUR/MWh,DK2,DK_2,day_ahead_price,value,2026-08-22T18:55:39Z
2026-08-22T18:49:31Z,2026-08-22T20:49:31+0200,32ee4a35-e929-46bf-8b2d-58a671b58f50,2026-08-03T09:45:00Z,2026-08-03T11:45:00+0200,45.17,EUR/MWh,DK2,DK_2,day_ahead_price,value,2026-08-22T18:55:39Z
2026-08-22T18:49:31Z,2026-08-22T20:49:31+0200,32ee4a35-e929-46bf-8b2d-58a671b58f50,2026-08-03T10:00:00Z,2026-08-03T12:00:00+0200,39.31,EUR/MWh,DK2,DK_2,day_ahead_price,value,2026-08-22T18:55:39Z
2026-08-22T18:49:31Z,2026-08-22T20:49:31+0200,32ee4a35-e929-46bf-8b2d-58a671b58f50,2026-08-03T10:15:00Z,2026-08-03T12:15:00+0200,20.95,EUR/MWh,DK2,DK_2,day_ahead_price,value,2026-08-22T18:55:39Z
2026-08-22T18:49:31Z,2026-08-22T20:49:31+0200,32ee4a35-e929-46bf-8b2d-58a671b58f50,2026-08-03T10:30:00Z,2026-08-03T12:30:00+0200,18.77,EUR/MWh,DK2,DK_2,day_ahead_price,value,2026-08-22T18:55:39Z
2026-08-22T18:49:31Z,2026-08-22T20:49:31+0200,32ee4a35-e929-46bf-8b2d-58a671b58f50,2026-08-03T10:45:00Z,2026-08-03T12:45:00+0200,15.3,EUR/MWh,DK2,DK_2,day_ahead_price,value,2026-08-22T18:55:39Z
2026-08-22T18:49:31Z,2026-08-22T20:49:31+0200,32ee4a35-e929-46bf-8b2d-58a671b58f50,2026-08-03T11:00:00Z,2026-08-03T13:00:00+0200,20.08,EUR/MWh,DK2,DK_2,day_ahead_price,value,2026-08-22T18:55:39Z
2026-08-22T18:49:31Z,2026-08-22T20:49:31+0200,32ee4a35-e929-46bf-8b2d-58a671b58f50,2026-08-03T11:15:00Z,2026-08-03T13:15:00+0200,19.39,EUR/MWh,DK2,DK_2,day_ahead_price,value,2026-08-22T18:55:39Z
2026-08-22T18:49:31Z,2026-08-22T20:49:31+0200,32ee4a35-e929-46bf-8b2d-58a671b58f50,2026-08-03T11:30:00Z,2026-08-03T13:30:00+0200,14.01,EUR/MWh,DK2,DK_2,day_ahead_price,value,2026-08-22T18:55:39Z
2026-08-22T18:49:31Z,2026-08-22T20:49:31+0200,32ee4a35-e929-46bf-8b2d-58a671b58f50,2026-08-03T11:45:00Z,2026-08-03T13:45:00+0200,14.6,EUR/MWh,DK2,DK_2,day_ahead_price,value,2026-08-22T18:55:39Z
2026-08-22T18:49:31Z,2026-08-22T20:49:31+0200,32ee4a35-e929-46bf-8b2d-58a671b58f50,2026-08-03T12:00:00Z,2026-08-03T14:00:00+0200,13.9,EUR/MWh,DK2,DK_2,day_ahead_price,value,2026-08-22T18:55:39Z
2026-08-22T18:49:31Z,2026-08-22T20:49:31+0200,32ee4a35-e929-46bf-8b2d-58a671b58f50,2026-08-03T12:15:00Z,2026-08-03T14:15:00+0200,19.25,EUR/MWh,DK2,DK_2,day_ahead_price,value,2026-08-22T18:55:39Z
2026-08-22T18:49:31Z,2026-08-22T20:49:31+0200,32ee4a35-e929-46bf-8b2d-58a671b58f50,2026-08-03T12:30:00Z,2026-08-03T14:30:00+0200,29.64,EUR/MWh,DK2,DK_2,day_ahead_price,value,2026-08-22T18:55:39Z
2026-08-22T18:49:31Z,2026-08-22T20:49:31+0200,32ee4a35-e929-46bf-8b2d-58a671b58f50,2026-08-03T12:45:00Z,2026-08-03T14:45:00+0200,43.03,EUR/MWh,DK2,DK_2,day_ahead_price,value,2026-08-22T18:55:39Z
2026-08-22T18:49:31Z,2026-08-22T20:49:31+0200,32ee4a35-e929-46bf-8b2d-58a671b58f50,2026-08-03T13:00:00Z,2026-08-03T15:00:00+0200,42.29,EUR/MWh,DK2,DK_2,day_ahead_price,value,2026-08-22T18:55:39Z
2026-08-22T18:49:31Z,2026-08-22T20:49:31+0200,32ee4a35-e929-46bf-8b2d-58a671b58f50,2026-08-03T13:15:00Z,2026-08-03T15:15:00+0200,61.06,EUR/MWh,DK2,DK_2,day_ahead_price,value,2026-08-22T18:55:39Z
2026-08-22T18:49:31Z,2026-08-22T20:49:31+0200,32ee4a35-e929-46bf-8b2d-58a671b58f50,2026-08-03T13:30:00Z,2026-08-03T15:30:00+0200,70.59,EUR/MWh,DK2,DK_2,day_ahead_price,value,2026-08-22T18:55:39Z
2026-08-22T18:49:31Z,2026-08-22T20:49:31+0200,32ee4a35-e929-46bf-8b2d-58a671b58f50,2026-08-03T13:45:00Z,2026-08-03T15:45:00+0200,77.7,EUR/MWh,DK2,DK_2,day_ahead_price,value,2026-08-22T18:55:39Z
2026-08-22T18:49:31Z,2026-08-22T20:49:31+0200,32ee4a35-e929-46bf-8b2d-58a671b58f50,2026-08-03T14:00:00Z,2026-08-03T16:00:00+0200,88.22,EUR/MWh,DK2,DK_2,day_ahead_price,value,2026-08-22T18:55:39Z
2026-08-22T18:49:31Z,2026-08-22T20:49:31+0200,32ee4a35-e929-46bf-8b2d-58a671b58f50,2026-08-03T14:15:00Z,2026-08-03T16:15:00+0200,96.23,EUR/MWh,DK2,DK_2,day_ahead_price,value,2026-08-22T18:55:39Z
2026-08-22T18:49:31Z,2026-08-22T20:49:31+0200,32ee4a35-e929-46bf-8b2d-58a671b58f50,2026-08-03T14:30:00Z,2026-08-03T16:30:00+0200,105.37,EUR/MWh,DK2,DK_2,day_ahead_price,value,2026-08-22T18:55:39Z
2026-08-22T18:49:31Z,2026-08-22T20:49:31+0200,32ee4a35-e929-46bf-8b2d-58a671b58f50,2026-08-03T14:45:00Z,2026-08-03T16:45:00+0200,118.79,EUR/MWh,DK2,DK_2,day_ahead_price,value,2026-08-22T18:55:39Z
2026-08-22T18:49:31Z,2026-08-22T20:49:31+0200,32ee4a35-e929-46bf-8b2d-58a671b58f50,2026-08-03T15:00:00Z,2026-08-03T17:00:00+0200,114.6,EUR/MWh,DK2,DK_2,day_ahead_price,value,2026-08-22T18:55:39Z
2026-08-22T18:49:31Z,2026-08-22T20:49:31+0200,32ee4a35-e929-46bf-8b2d-58a671b58f50,2026-08-03T15:15:00Z,2026-08-03T17:15:00+0200,121.63,EUR/MWh,DK2,DK_2,day_ahead_price,value,2026-08-22T18:55:39Z
2026-08-22T18:49:31Z,2026-08-22T20:49:31+0200,32ee4a35-e929-46bf-8b2d-58a671b58f50,2026-08-03T15:30:00Z,2026-08-03T17:30:00+0200,141.74,EUR/MWh,DK2,DK_2,day_ahead_price,value,2026-08-22T18:55:39Z
2026-08-22T18:49:31Z,2026-08-22T20:49:31+0200,32ee4a35-e929-46bf-8b2d-58a671b58f50,2026-08-03T15:45:00Z,2026-08-03T17:45:00+0200,167.51,EUR/MWh,DK2,DK_2,day_ahead_price,value,2026-08-22T18:55:39Z
2026-08-22T18:49:31Z,2026-08-22T20:49:31+0200,32ee4a35-e929-46bf-8b2d-58a671b58f50,2026-08-03T16:00:00Z,2026-08-03T18:00:00+0200,147.91,EUR/MWh,DK2,DK_2,day_ahead_price,value,2026-08-22T18:55:39Z
2026-08-22T18:49:31Z,2026-08-22T20:49:31+0200,32ee4a35-e929-46bf-8b2d-58a671b58f50,2026-08-03T16:15:00Z,2026-08-03T18:15:00+0200,154.47,EUR/MWh,DK2,DK_2,day_ahead_price,value,2026-08-22T18:55:39Z
2026-08-22T18:49:31Z,2026-08-22T20:49:31+0200,32ee4a35-e929-46bf-8b2d-58a671b58f50,2026-08-03T16:30:00Z,2026-08-03T18:30:00+0200,162.08,EUR/MWh,DK2,DK_2,day_ahead_price,value,2026-08-22T18:55:39Z
2026-08-22T18:49:31Z,2026-08-22T20:49:31+0200,32ee4a35-e929-46bf-8b2d-58a671b58f50,2026-08-03T16:45:00Z,2026-08-03T18:45:00+0200,171.59,EUR/MWh,DK2,DK_2,day_ahead_price,value,2026-08-22T18:55:39Z
2026-08-22T18:49:31Z,2026-08-22T20:49:31+0200,32ee4a35-e929-46bf-8b2d-58a671b58f50,2026-08-03T17:00:00Z,2026-08-03T19:00:00+0200,171.29,EUR/MWh,DK2,DK_2,day_ahead_price,value,2026-08-22T18:55:39Z
2026-08-22T18:49:31Z,2026-08-22T20:49:31+0200,32ee4a35-e929-46bf-8b2d-58a671b58f50,2026-08-03T17:15:00Z,2026-08-03T19:15:00+0200,183.17,EUR/MWh,DK2,DK_2,day_ahead_price,value,2026-08-22T18:55:39Z
2026-08-22T18:49:31Z,2026-08-22T20:49:31+0200,32ee4a35-e929-46bf-8b2d-58a671b58f50,2026-08-03T17:30:00Z,2026-08-03T19:30:00+0200,200.09,EUR/MWh,DK2,DK_2,day_ahead_price,value,2026-08-22T18:55:39Z
2026-08-22T18:49:31Z,2026-08-22T20:49:31+0200,32ee4a35-e929-46bf-8b2d-58a671b58f50,2026-08-03T17:45:00Z,2026-08-03T19:45:00+0200,208.58,EUR/MWh,DK2,DK_2,day_ahead_price,value,2026-08-22T18:55:39Z
2026-08-22T18:49:31Z,2026-08-22T20:49:31+0200,32ee4a35-e929-46bf-8b2d-58a671b58f50,2026-08-03T18:00:00Z,2026-08-03T20:00:00+0200,224.84,EUR/MWh,DK2,DK_2,day_ahead_price,value,2026-08-22T18:55:39Z
2026-08-22T18:49:31Z,2026-08-22T20:49:31+0200,32ee4a35-e929-46bf-8b2d-58a671b58f50,2026-08-03T18:15:00Z,2026-08-03T20:15:00+0200,209.37,EUR/MWh,DK2,DK_2,day_ahead_price,value,2026-08-22T18:55:39Z
2026-08-22T18:49:31Z,2026-08-22T20:49:31+0200,32ee4a35-e929-46bf-8b2d-58a671b58f50,2026-08-03T18:30:00Z,2026-08-03T20:30:00+0200,200.0,EUR/MWh,DK2,DK_2,day_ahead_price,value,2026-08-22T18:55:39Z
2026-08-22T18:49:31Z,2026-08-22T20:49:31+0200,32ee4a35-e929-46bf-8b2d-58a671b58f50,2026-08-03T18:45:00Z,2026-08-03T20:45:00+0200,202.97,EUR/MWh,DK2,DK_2,day_ahead_price,value,2026-08-22T18:55:39Z
2026-08-22T18:49:31Z,2026-08-22T20:49:31+0200,32ee4a35-e929-46bf-8b2d-58a671b58f50,2026-08-03T19:00:00Z,2026-08-03T21:00:00+0200,201.34,EUR/MWh,DK2,DK_2,day_ahead_price,value,2026-08-22T18:55:39Z
2026-08-22T18:49:31Z,2026-08-22T20:49:31+0200,32ee4a35-e929-46bf-8b2d-58a671b58f50,2026-08-03T19:15:00Z,2026-08-03T21:15:00+0200,191.85,EUR/MWh,DK2,DK_2,day_ahead_price,value,2026-08-22T18:55:39Z
2026-08-22T18:49:31Z,2026-08-22T20:49:31+0200,32ee4a35-e929-46bf-8b2d-58a671b58f50,2026-08-03T19:30:00Z,2026-08-03T21:30:00+0200,185.65,EUR/MWh,DK2,DK_2,day_ahead_price,value,2026-08-22T18:55:39Z
2026-08-22T18:49:31Z,2026-08-22T20:49:31+0200,32ee4a35-e929-46bf-8b2d-58a671b58f50,2026-08-03T19:45:00Z,2026-08-03T21:45:00+0200,172.2,EUR/MWh,DK2,DK_2,day_ahead_price,value,2026-08-22T18:55:39Z
2026-08-22T18:49:31Z,2026-08-22T20:49:31+0200,32ee4a35-e929-46bf-8b2d-58a671b58f50,2026-08-03T20:00:00Z,2026-08-03T22:00:00+0200,179.35,EUR/MWh,DK2,DK_2,day_ahead_price,value,2026-08-22T18:55:39Z
2026-08-22T18:49:31Z,2026-08-22T20:49:31+0200,32ee4a35-e929-46bf-8b2d-58a671b58f50,2026-08-03T20:15:00Z,2026-08-03T22:15:00+0200,171.29,EUR/MWh,DK2,DK_2,day_ahead_price,value,2026-08-22T18:55:39Z
2026-08-22T18:49:31Z,2026-08-22T20:49:31+0200,32ee4a35-e929-46bf-8b2d-58a671b58f50,2026-08-03T20:30:00Z,2026-08-03T22:30:00+0200,169.84,EUR/MWh,DK2,DK_2,day_ahead_price,value,2026-08-22T18:55:39Z
2026-08-22T18:49:31Z,2026-08-22T20:49:31+0200,32ee4a35-e929-46bf-8b2d-58a671b58f50,2026-08-03T20:45:00Z,2026-08-03T22:45:00+0200,162.15,EUR/MWh,DK2,DK_2,day_ahead_price,value,2026-08-22T18:55:39Z
2026-08-22T18:49:31Z,2026-08-22T20:49:31+0200,32ee4a35-e929-46bf-8b2d-58a671b58f50,2026-08-03T21:00:00Z,2026-08-03T23:00:00+0200,164.09,EUR/MWh,DK2,DK_2,day_ahead_price,value,2026-08-22T18:55:39Z
2026-08-22T18:49:31Z,2026-08-22T20:49:31+0200,32ee4a35-e929-46bf-8b2d-58a671b58f50,2026-08-03T21:15:00Z,2026-08-03T23:15:00+0200,157.85,EUR/MWh,DK2,DK_2,day_ahead_price,value,2026-08-22T18:55:39Z
2026-08-22T18:49:31Z,2026-08-22T20:49:31+0200,32ee4a35-e929-46bf-8b2d-58a671b58f50,2026-08-03T21:30:00Z,2026-08-03T23:30:00+0200,153.42,EUR/MWh,DK2,DK_2,day_ahead_price,value,2026-08-22T18:55:39Z
2026-08-22T18:49:31Z,2026-08-22T20:49:31+0200,32ee4a35-e929-46bf-8b2d-58a671b58f50,2026-08-03T21:45:00Z,2026-08-03T23:45:00+0200,143.79,EUR/MWh,DK2,DK_2,day_ahead_price,value,2026-08-22T18:55:39Z
2026-08-22T18:49:31Z,2026-08-22T20:49:31+0200,32ee4a35-e929-46bf-8b2d-58a671b58f50,2026-08-03T22:00:00Z,2026-08-04T00:00:00+0200,166.27,EUR/MWh,DK2,DK_2,day_ahead_price,value,2026-08-22T18:55:39Z
2026-08-22T18:49:31Z,2026-08-22T20:49:31+0200,32ee4a35-e929-46bf-8b2d-58a671b58f50,2026-08-03T22:15:00Z,2026-08-04T00:15:00+0200,149.550003,EUR/MWh,DK2,DK_2,day_ahead_price,value,2026-08-22T18:55:39Z
2026-08-22T18:49:31Z,2026-08-22T20:49:31+0200,32ee4a35-e929-46bf-8b2d-58a671b58f50,2026-08-03T22:30:00Z,2026-08-04T00:30:00+0200,148.850006,EUR/MWh,DK2,DK_2,day_ahead_price,value,2026-08-22T18:55:39Z
2026-08-22T18:49:31Z,2026-08-22T20:49:31+0200,32ee4a35-e929-46bf-8b2d-58a671b58f50,2026-08-03T22:45:00Z,2026-08-04T00:45:00+0200,142.050003,EUR/MWh,DK2,DK_2,day_ahead_price,value,2026-08-22T18:55:39Z
2026-08-22T18:49:31Z,2026-08-22T20:49:31+0200,32ee4a35-e929-46bf-8b2d-58a671b58f50,2026-08-03T23:00:00Z,2026-08-04T01:00:00+0200,149.059998,EUR/MWh,DK2,DK_2,day_ahead_price,value,2026-08-22T18:55:39Z
2026-08-22T18:49:31Z,2026-08-22T20:49:31+0200,32ee4a35-e929-46bf-8b2d-58a671b58f50,2026-08-03T23:15:00Z,2026-08-04T01:15:00+0200,142.06,EUR/MWh,DK2,DK_2,day_ahead_price,value,2026-08-22T18:55:39Z
2026-08-22T18:49:31Z,2026-08-22T20:49:31+0200,32ee4a35-e929-46bf-8b2d-58a671b58f50,2026-08-03T23:30:00Z,2026-08-04T01:30:00+0200,141.65,EUR/MWh,DK2,DK_2,day_ahead_price,value,2026-08-22T18:55:39Z
2026-08-22T18:49:31Z,2026-08-22T20:49:31+0200,32ee4a35-e929-46bf-8b2d-58a671b58f50,2026-08-03T23:45:00Z,2026-08-04T01:45:00+0200,136.770004,EUR/MWh,DK2,DK_2,day_ahead_price,value,2026-08-22T18:55:39Z
2026-08-22T18:49:31Z,2026-08-22T20:49:31+0200,32ee4a35-e929-46bf-8b2d-58a671b58f50,2026-08-04T00:00:00Z,2026-08-04T02:00:00+0200,138.52,EUR/MWh,DK2,DK_2,day_ahead_price,value,2026-08-22T18:55:39Z
2026-08-22T18:49:31Z,2026-08-22T20:49:31+0200,32ee4a35-e929-46bf-8b2d-58a671b58f50,2026-08-04T00:15:00Z,2026-08-04T02:15:00+0200,138.05,EUR/MWh,DK2,DK_2,day_ahead_price,value,2026-08-22T18:55:39Z
2026-08-22T18:49:31Z,2026-08-22T20:49:31+0200,32ee4a35-e929-46bf-8b2d-58a671b58f50,2026-08-04T00:30:00Z,2026-08-04T02:30:00+0200,136.96,EUR/MWh,DK2,DK_2,day_ahead_price,value,2026-08-22T18:55:39Z
2026-08-22T18:49:31Z,2026-08-22T20:49:31+0200,32ee4a35-e929-46bf-8b2d-58a671b58f50,2026-08-04T00:45:00Z,2026-08-04T02:45:00+0200,133.46,EUR/MWh,DK2,DK_2,day_ahead_price,value,2026-08-22T18:55:39Z
2026-08-22T18:49:31Z,2026-08-22T20:49:31+0200,32ee4a35-e929-46bf-8b2d-58a671b58f50,2026-08-04T01:00:00Z,2026-08-04T03:00:00+0200,132.259995,EUR/MWh,DK2,DK_2,day_ahead_price,value,2026-08-22T18:55:39Z
2026-08-22T18:49:31Z,2026-08-22T20:49:31+0200,32ee4a35-e929-46bf-8b2d-58a671b58f50,2026-08-04T01:15:00Z,2026-08-04T03:15:00+0200,134.110001,EUR/MWh,DK2,DK_2,day_ahead_price,value,2026-08-22T18:55:39Z
2026-08-22T18:49:31Z,2026-08-22T20:49:31+0200,32ee4a35-e929-46bf-8b2d-58a671b58f50,2026-08-04T01:30:00Z,2026-08-04T03:30:00+0200,136.56,EUR/MWh,DK2,DK_2,day_ahead_price,value,2026-08-22T18:55:39Z
2026-08-22T18:49:31Z,2026-08-22T20:49:31+0200,32ee4a35-e929-46bf-8b2d-58a671b58f50,2026-08-04T01:45:00Z,2026-08-04T03:45:00+0200,138.020004,EUR/MWh,DK2,DK_2,day_ahead_price,value,2026-08-22T18:55:39Z
2026-08-22T18:49:31Z,2026-08-22T20:49:31+0200,32ee4a35-e929-46bf-8b2d-58a671b58f50,2026-08-04T02:00:00Z,2026-08-04T04:00:00+0200,138.02,EUR/MWh,DK2,DK_2,day_ahead_price,value,2026-08-22T18:55:39Z
2026-08-22T18:49:31Z,2026-08-22T20:49:31+0200,32ee4a35-e929-46bf-8b2d-58a671b58f50,2026-08-04T02:15:00Z,2026-08-04T04:15:00+0200,138.509995,EUR/MWh,DK2,DK_2,day_ahead_price,value,2026-08-22T18:55:39Z
2026-08-22T18:49:31Z,2026-08-22T20:49:31+0200,32ee4a35-e929-46bf-8b2d-58a671b58f50,2026-08-04T02:30:00Z,2026-08-04T04:30:00+0200,141.179993,EUR/MWh,DK2,DK_2,day_ahead_price,value,2026-08-22T18:55:39Z
2026-08-22T18:49:31Z,2026-08-22T20:49:31+0200,32ee4a35-e929-46bf-8b2d-58a671b58f50,2026-08-04T02:45:00Z,2026-08-04T04:45:00+0200,150.17,EUR/MWh,DK2,DK_2,day_ahead_price,value,2026-08-22T18:55:39Z
2026-08-22T18:49:31Z,2026-08-22T20:49:31+0200,32ee4a35-e929-46bf-8b2d-58a671b58f50,2026-08-04T03:00:00Z,2026-08-04T05:00:00+0200,149.86,EUR/MWh,DK2,DK_2,day_ahead_price,value,2026-08-22T18:55:39Z
2026-08-22T18:49:31Z,2026-08-22T20:49:31+0200,32ee4a35-e929-46bf-8b2d-58a671b58f50,2026-08-04T03:15:00Z,2026-08-04T05:15:00+0200,150.600006,EUR/MWh,DK2,DK_2,day_ahead_price,value,2026-08-22T18:55:39Z
2026-08-22T18:49:31Z,2026-08-22T20:49:31+0200,32ee4a35-e929-46bf-8b2d-58a671b58f50,2026-08-04T03:30:00Z,2026-08-04T05:30:00+0200,154.24,EUR/MWh,DK2,DK_2,day_ahead_price,value,2026-08-22T18:55:39Z
2026-08-22T18:49:31Z,2026-08-22T20:49:31+0200,32ee4a35-e929-46bf-8b2d-58a671b58f50,2026-08-04T03:45:00Z,2026-08-04T05:45:00+0200,166.429993,EUR/MWh,DK2,DK_2,day_ahead_price,value,2026-08-22T18:55:39Z
2026-08-22T18:49:31Z,2026-08-22T20:49:31+0200,32ee4a35-e929-46bf-8b2d-58a671b58f50,2026-08-04T04:00:00Z,2026-08-04T06:00:00+0200,164.679993,EUR/MWh,DK2,DK_2,day_ahead_price,value,2026-08-22T18:55:39Z
2026-08-22T18:49:31Z,2026-08-22T20:49:31+0200,32ee4a35-e929-46bf-8b2d-58a671b58f50,2026-08-04T04:15:00Z,2026-08-04T06:15:00+0200,173.58,EUR/MWh,DK2,DK_2,day_ahead_price,value,2026-08-22T18:55:39Z
2026-08-22T18:49:31Z,2026-08-22T20:49:31+0200,32ee4a35-e929-46bf-8b2d-58a671b58f50,2026-08-04T04:30:00Z,2026-08-04T06:30:00+0200,169.809998,EUR/MWh,DK2,DK_2,day_ahead_price,value,2026-08-22T18:55:39Z
2026-08-22T18:49:31Z,2026-08-22T20:49:31+0200,32ee4a35-e929-46bf-8b2d-58a671b58f50,2026-08-04T04:45:00Z,2026-08-04T06:45:00+0200,166.8,EUR/MWh,DK2,DK_2,day_ahead_price,value,2026-08-22T18:55:39Z
2026-08-22T18:49:31Z,2026-08-22T20:49:31+0200,32ee4a35-e929-46bf-8b2d-58a671b58f50,2026-08-04T05:00:00Z,2026-08-04T07:00:00+0200,181.04,EUR/MWh,DK2,DK_2,day_ahead_price,value,2026-08-22T18:55:39Z
2026-08-22T18:49:31Z,2026-08-22T20:49:31+0200,32ee4a35-e929-46bf-8b2d-58a671b58f50,2026-08-04T05:15:00Z,2026-08-04T07:15:00+0200,172.32,EUR/MWh,DK2,DK_2,day_ahead_price,value,2026-08-22T18:55:39Z
2026-08-22T18:49:31Z,2026-08-22T20:49:31+0200,32ee4a35-e929-46bf-8b2d-58a671b58f50,2026-08-04T05:30:00Z,2026-08-04T07:30:00+0200,171.95,EUR/MWh,DK2,DK_2,day_ahead_price,value,2026-08-22T18:55:39Z
2026-08-22T18:49:31Z,2026-08-22T20:49:31+0200,32ee4a35-e929-46bf-8b2d-58a671b58f50,2026-08-04T05:45:00Z,2026-08-04T07:45:00+0200,154.78,EUR/MWh,DK2,DK_2,day_ahead_price,value,2026-08-22T18:55:39Z
2026-08-22T18:49:31Z,2026-08-22T20:49:31+0200,32ee4a35-e929-46bf-8b2d-58a671b58f50,2026-08-04T06:00:00Z,2026-08-04T08:00:00+0200,177.98,EUR/MWh,DK2,DK_2,day_ahead_price,value,2026-08-22T18:55:39Z
2026-08-22T18:49:31Z,2026-08-22T20:49:31+0200,32ee4a35-e929-46bf-8b2d-58a671b58f50,2026-08-04T06:15:00Z,2026-08-04T08:15:00+0200,168.110001,EUR/MWh,DK2,DK_2,day_ahead_price,value,2026-08-22T18:55:39Z
2026-08-22T18:49:31Z,2026-08-22T20:49:31+0200,32ee4a35-e929-46bf-8b2d-58a671b58f50,2026-08-04T06:30:00Z,2026-08-04T08:30:00+0200,157.050003,EUR/MWh,DK2,DK_2,day_ahead_price,value,2026-08-22T18:55:39Z
2026-08-22T18:49:31Z,2026-08-22T20:49:31+0200,32ee4a35-e929-46bf-8b2d-58a671b58f50,2026-08-04T06:45:00Z,2026-08-04T08:45:00+0200,142.83,EUR/MWh,DK2,DK_2,day_ahead_price,value,2026-08-22T18:55:39Z
2026-08-22T18:49:31Z,2026-08-22T20:49:31+0200,32ee4a35-e929-46bf-8b2d-58a671b58f50,2026-08-04T07:00:00Z,2026-08-04T09:00:00+0200,174.24,EUR/MWh,DK2,DK_2,day_ahead_price,value,2026-08-22T18:55:39Z
2026-08-22T18:49:31Z,2026-08-22T20:49:31+0200,32ee4a35-e929-46bf-8b2d-58a671b58f50,2026-08-04T07:15:00Z,2026-08-04T09:15:00+0200,156.6,EUR/MWh,DK2,DK_2,day_ahead_price,value,2026-08-22T18:55:39Z
2026-08-22T18:49:31Z,2026-08-22T20:49:31+0200,32ee4a35-e929-46bf-8b2d-58a671b58f50,2026-08-04T07:30:00Z,2026-08-04T09:30:00+0200,131.86,EUR/MWh,DK2,DK_2,day_ahead_price,value,2026-08-22T18:55:39Z
2026-08-22T18:49:31Z,2026-08-22T20:49:31+0200,32ee4a35-e929-46bf-8b2d-58a671b58f50,2026-08-04T07:45:00Z,2026-08-04T09:45:00+0200,123.45,EUR/MWh,DK2,DK_2,day_ahead_price,value,2026-08-22T18:55:39Z
2026-08-22T18:49:31Z,2026-08-22T20:49:31+0200,32ee4a35-e929-46bf-8b2d-58a671b58f50,2026-08-04T08:00:00Z,2026-08-04T10:00:00+0200,140.71,EUR/MWh,DK2,DK_2,day_ahead_price,value,2026-08-22T18:55:39Z
2026-08-22T18:49:31Z,2026-08-22T20:49:31+0200,32ee4a35-e929-46bf-8b2d-58a671b58f50,2026-08-04T08:15:00Z,2026-08-04T10:15:00+0200,123.68,EUR/MWh,DK2,DK_2,day_ahead_price,value,2026-08-22T18:55:39Z
2026-08-22T18:49:31Z,2026-08-22T20:49:31+0200,32ee4a35-e929-46bf-8b2d-58a671b58f50,2026-08-04T08:30:00Z,2026-08-04T10:30:00+0200,116.360001,EUR/MWh,DK2,DK_2,day_ahead_price,value,2026-08-22T18:55:39Z
2026-08-22T18:49:31Z,2026-08-22T20:49:31+0200,32ee4a35-e929-46bf-8b2d-58a671b58f50,2026-08-04T08:45:00Z,2026-08-04T10:45:00+0200,113.68,EUR/MWh,DK2,DK_2,day_ahead_price,value,2026-08-22T18:55:39Z
2026-08-22T18:49:31Z,2026-08-22T20:49:31+0200,32ee4a35-e929-46bf-8b2d-58a671b58f50,2026-08-04T09:00:00Z,2026-08-04T11:00:00+0200,113.33,EUR/MWh,DK2,DK_2,day_ahead_price,value,2026-08-22T18:55:39Z
2026-08-22T18:49:31Z,2026-08-22T20:49:31+0200,32ee4a35-e929-46bf-8b2d-58a671b58f50,2026-08-04T09:15:00Z,2026-08-04T11:15:00+0200,106.830002,EUR/MWh,DK2,DK_2,day_ahead_price,value,2026-08-22T18:55:39Z
2026-08-22T18:49:31Z,2026-08-22T20:49:31+0200,32ee4a35-e929-46bf-8b2d-58a671b58f50,2026-08-04T09:30:00Z,2026-08-04T11:30:00+0200,98.05,EUR/MWh,DK2,DK_2,day_ahead_price,value,2026-08-22T18:55:39Z
2026-08-22T18:49:31Z,2026-08-22T20:49:31+0200,32ee4a35-e929-46bf-8b2d-58a671b58f50,2026-08-04T09:45:00Z,2026-08-04T11:45:00+0200,96.169998,EUR/MWh,DK2,DK_2,day_ahead_price,value,2026-08-22T18:55:39Z
2026-08-22T18:49:31Z,2026-08-22T20:49:31+0200,32ee4a35-e929-46bf-8b2d-58a671b58f50,2026-08-04T10:00:00Z,2026-08-04T12:00:00+0200,94.989998,EUR/MWh,DK2,DK_2,day_ahead_price,value,2026-08-22T18:55:39Z
2026-08-22T18:49:31Z,2026-08-22T20:49:31+0200,32ee4a35-e929-46bf-8b2d-58a671b58f50,2026-08-04T10:15:00Z,2026-08-04T12:15:00+0200,85.699997,EUR/MWh,DK2,DK_2,day_ahead_price,value,2026-08-22T18:55:39Z
2026-08-22T18:49:31Z,2026-08-22T20:49:31+0200,32ee4a35-e929-46bf-8b2d-58a671b58f50,2026-08-04T10:30:00Z,2026-08-04T12:30:00+0200,85.010002,EUR/MWh,DK2,DK_2,day_ahead_price,value,2026-08-22T18:55:39Z
2026-08-22T18:49:31Z,2026-08-22T20:49:31+0200,32ee4a35-e929-46bf-8b2d-58a671b58f50,2026-08-04T10:45:00Z,2026-08-04T12:45:00+0200,83.55,EUR/MWh,DK2,DK_2,day_ahead_price,value,2026-08-22T18:55:39Z
2026-08-22T18:49:31Z,2026-08-22T20:49:31+0200,32ee4a35-e929-46bf-8b2d-58a671b58f50,2026-08-04T11:00:00Z,2026-08-04T13:00:00+0200,81.95,EUR/MWh,DK2,DK_2,day_ahead_price,value,2026-08-22T18:55:39Z
2026-08-22T18:49:31Z,2026-08-22T20:49:31+0200,32ee4a35-e929-46bf-8b2d-58a671b58f50,2026-08-04T11:15:00Z,2026-08-04T13:15:00+0200,80.59,EUR/MWh,DK2,DK_2,day_ahead_price,value,2026-08-22T18:55:39Z
2026-08-22T18:49:31Z,2026-08-22T20:49:31+0200,32ee4a35-e929-46bf-8b2d-58a671b58f50,2026-08-04T11:30:00Z,2026-08-04T13:30:00+0200,72.34,EUR/MWh,DK2,DK_2,day_ahead_price,value,2026-08-22T18:55:39Z
2026-08-22T18:49:31Z,2026-08-22T20:49:31+0200,32ee4a35-e929-46bf-8b2d-58a671b58f50,2026-08-04T11:45:00Z,2026-08-04T13:45:00+0200,70.980003,EUR/MWh,DK2,DK_2,day_ahead_price,value,2026-08-22T18:55:39Z
2026-08-22T18:49:31Z,2026-08-22T20:49:31+0200,32ee4a35-e929-46bf-8b2d-58a671b58f50,2026-08-04T12:00:00Z,2026-08-04T14:00:00+0200,81.65,EUR/MWh,DK2,DK_2,day_ahead_price,value,2026-08-22T18:55:39Z
2026-08-22T18:49:31Z,2026-08-22T20:49:31+0200,32ee4a35-e929-46bf-8b2d-58a671b58f50,2026-08-04T12:15:00Z,2026-08-04T14:15:00+0200,84.32,EUR/MWh,DK2,DK_2,day_ahead_price,value,2026-08-22T18:55:39Z
2026-08-22T18:49:31Z,2026-08-22T20:49:31+0200,32ee4a35-e929-46bf-8b2d-58a671b58f50,2026-08-04T12:30:00Z,2026-08-04T14:30:00+0200,85.010002,EUR/MWh,DK2,DK_2,day_ahead_price,value,2026-08-22T18:55:39Z
2026-08-22T18:49:31Z,2026-08-22T20:49:31+0200,32ee4a35-e929-46bf-8b2d-58a671b58f50,2026-08-04T12:45:00Z,2026-08-04T14:45:00+0200,85.269997,EUR/MWh,DK2,DK_2,day_ahead_price,value,2026-08-22T18:55:39Z
2026-08-22T18:49:31Z,2026-08-22T20:49:31+0200,32ee4a35-e929-46bf-8b2d-58a671b58f50,2026-08-04T13:00:00Z,2026-08-04T15:00:00+0200,96.169998,EUR/MWh,DK2,DK_2,day_ahead_price,value,2026-08-22T18:55:39Z
2026-08-22T18:49:31Z,2026-08-22T20:49:31+0200,32ee4a35-e929-46bf-8b2d-58a671b58f50,2026-08-04T13:15:00Z,2026-08-04T15:15:00+0200,101.239998,EUR/MWh,DK2,DK_2,day_ahead_price,value,2026-08-22T18:55:39Z
2026-08-22T18:49:31Z,2026-08-22T20:49:31+0200,32ee4a35-e929-46bf-8b2d-58a671b58f50,2026-08-04T13:30:00Z,2026-08-04T15:30:00+0200,117.029999,EUR/MWh,DK2,DK_2,day_ahead_price,value,2026-08-22T18:55:39Z
2026-08-22T18:49:31Z,2026-08-22T20:49:31+0200,32ee4a35-e929-46bf-8b2d-58a671b58f50,2026-08-04T13:45:00Z,2026-08-04T15:45:00+0200,122.669998,EUR/MWh,DK2,DK_2,day_ahead_price,value,2026-08-22T18:55:39Z
2026-08-22T18:49:31Z,2026-08-22T20:49:31+0200,32ee4a35-e929-46bf-8b2d-58a671b58f50,2026-08-04T14:00:00Z,2026-08-04T16:00:00+0200,118.790001,EUR/MWh,DK2,DK_2,day_ahead_price,value,2026-08-22T18:55:39Z
2026-08-22T18:49:31Z,2026-08-22T20:49:31+0200,32ee4a35-e929-46bf-8b2d-58a671b58f50,2026-08-04T14:15:00Z,2026-08-04T16:15:00+0200,122.809998,EUR/MWh,DK2,DK_2,day_ahead_price,value,2026-08-22T18:55:39Z
2026-08-22T18:49:31Z,2026-08-22T20:49:31+0200,32ee4a35-e929-46bf-8b2d-58a671b58f50,2026-08-04T14:30:00Z,2026-08-04T16:30:00+0200,124.94,EUR/MWh,DK2,DK_2,day_ahead_price,value,2026-08-22T18:55:39Z
2026-08-22T18:49:31Z,2026-08-22T20:49:31+0200,32ee4a35-e929-46bf-8b2d-58a671b58f50,2026-08-04T14:45:00Z,2026-08-04T16:45:00+0200,141.279999,EUR/MWh,DK2,DK_2,day_ahead_price,value,2026-08-22T18:55:39Z
2026-08-22T18:49:31Z,2026-08-22T20:49:31+0200,32ee4a35-e929-46bf-8b2d-58a671b58f50,2026-08-04T15:00:00Z,2026-08-04T17:00:00+0200,136.75,EUR/MWh,DK2,DK_2,day_ahead_price,value,2026-08-22T18:55:39Z
2026-08-22T18:49:31Z,2026-08-22T20:49:31+0200,32ee4a35-e929-46bf-8b2d-58a671b58f50,2026-08-04T15:15:00Z,2026-08-04T17:15:00+0200,149.589996,EUR/MWh,DK2,DK_2,day_ahead_price,value,2026-08-22T18:55:39Z
2026-08-22T18:49:31Z,2026-08-22T20:49:31+0200,32ee4a35-e929-46bf-8b2d-58a671b58f50,2026-08-04T15:30:00Z,2026-08-04T17:30:00+0200,162.970001,EUR/MWh,DK2,DK_2,day_ahead_price,value,2026-08-22T18:55:39Z
2026-08-22T18:49:31Z,2026-08-22T20:49:31+0200,32ee4a35-e929-46bf-8b2d-58a671b58f50,2026-08-04T15:45:00Z,2026-08-04T17:45:00+0200,165.44,EUR/MWh,DK2,DK_2,day_ahead_price,value,2026-08-22T18:55:39Z
2026-08-22T18:49:31Z,2026-08-22T20:49:31+0200,32ee4a35-e929-46bf-8b2d-58a671b58f50,2026-08-04T16:00:00Z,2026-08-04T18:00:00+0200,156.43,EUR/MWh,DK2,DK_2,day_ahead_price,value,2026-08-22T18:55:39Z
2026-08-22T18:49:31Z,2026-08-22T20:49:31+0200,32ee4a35-e929-46bf-8b2d-58a671b58f50,2026-08-04T16:15:00Z,2026-08-04T18:15:00+0200,161.86,EUR/MWh,DK2,DK_2,day_ahead_price,value,2026-08-22T18:55:39Z
2026-08-22T18:49:31Z,2026-08-22T20:49:31+0200,32ee4a35-e929-46bf-8b2d-58a671b58f50,2026-08-04T16:30:00Z,2026-08-04T18:30:00+0200,185.350006,EUR/MWh,DK2,DK_2,day_ahead_price,value,2026-08-22T18:55:39Z
2026-08-22T18:49:31Z,2026-08-22T20:49:31+0200,32ee4a35-e929-46bf-8b2d-58a671b58f50,2026-08-04T16:45:00Z,2026-08-04T18:45:00+0200,220.199997,EUR/MWh,DK2,DK_2,day_ahead_price,value,2026-08-22T18:55:39Z
2026-08-22T18:49:31Z,2026-08-22T20:49:31+0200,32ee4a35-e929-46bf-8b2d-58a671b58f50,2026-08-04T17:00:00Z,2026-08-04T19:00:00+0200,178.339996,EUR/MWh,DK2,DK_2,day_ahead_price,value,2026-08-22T18:55:39Z
2026-08-22T18:49:31Z,2026-08-22T20:49:31+0200,32ee4a35-e929-46bf-8b2d-58a671b58f50,2026-08-04T17:15:00Z,2026-08-04T19:15:00+0200,211.029999,EUR/MWh,DK2,DK_2,day_ahead_price,value,2026-08-22T18:55:39Z
2026-08-22T18:49:31Z,2026-08-22T20:49:31+0200,32ee4a35-e929-46bf-8b2d-58a671b58f50,2026-08-04T17:30:00Z,2026-08-04T19:30:00+0200,251.3,EUR/MWh,DK2,DK_2,day_ahead_price,value,2026-08-22T18:55:39Z
2026-08-22T18:49:31Z,2026-08-22T20:49:31+0200,32ee4a35-e929-46bf-8b2d-58a671b58f50,2026-08-04T17:45:00Z,2026-08-04T19:45:00+0200,316.37,EUR/MWh,DK2,DK_2,day_ahead_price,value,2026-08-22T18:55:39Z
2026-08-22T18:49:31Z,2026-08-22T20:49:31+0200,32ee4a35-e929-46bf-8b2d-58a671b58f50,2026-08-04T18:00:00Z,2026-08-04T20:00:00+0200,245.43,EUR/MWh,DK2,DK_2,day_ahead_price,value,2026-08-22T18:55:39Z
2026-08-22T18:49:31Z,2026-08-22T20:49:31+0200,32ee4a35-e929-46bf-8b2d-58a671b58f50,2026-08-04T18:15:00Z,2026-08-04T20:15:00+0200,258.04,EUR/MWh,DK2,DK_2,day_ahead_price,value,2026-08-22T18:55:39Z
2026-08-22T18:49:31Z,2026-08-22T20:49:31+0200,32ee4a35-e929-46bf-8b2d-58a671b58f50,2026-08-04T18:30:00Z,2026-08-04T20:30:00+0200,253.3,EUR/MWh,DK2,DK_2,day_ahead_price,value,2026-08-22T18:55:39Z
2026-08-22T18:49:31Z,2026-08-22T20:49:31+0200,32ee4a35-e929-46bf-8b2d-58a671b58f50,2026-08-04T18:45:00Z,2026-08-04T20:45:00+0200,243.770004,EUR/MWh,DK2,DK_2,day_ahead_price,value,2026-08-22T18:55:39Z
2026-08-22T18:49:31Z,2026-08-22T20:49:31+0200,32ee4a35-e929-46bf-8b2d-58a671b58f50,2026-08-04T19:00:00Z,2026-08-04T21:00:00+0200,246.880005,EUR/MWh,DK2,DK_2,day_ahead_price,value,2026-08-22T18:55:39Z
2026-08-22T18:49:31Z,2026-08-22T20:49:31+0200,32ee4a35-e929-46bf-8b2d-58a671b58f50,2026-08-04T19:15:00Z,2026-08-04T21:15:00+0200,219.600006,EUR/MWh,DK2,DK_2,day_ahead_price,value,2026-08-22T18:55:39Z
2026-08-22T18:49:31Z,2026-08-22T20:49:31+0200,32ee4a35-e929-46bf-8b2d-58a671b58f50,2026-08-04T19:30:00Z,2026-08-04T21:30:00+0200,209.470001,EUR/MWh,DK2,DK_2,day_ahead_price,value,2026-08-22T18:55:39Z
2026-08-22T18:49:31Z,2026-08-22T20:49:31+0200,32ee4a35-e929-46bf-8b2d-58a671b58f50,2026-08-04T19:45:00Z,2026-08-04T21:45:00+0200,191.279999,EUR/MWh,DK2,DK_2,day_ahead_price,value,2026-08-22T18:55:39Z
2026-08-22T18:49:31Z,2026-08-22T20:49:31+0200,32ee4a35-e929-46bf-8b2d-58a671b58f50,2026-08-04T20:00:00Z,2026-08-04T22:00:00+0200,202.01,EUR/MWh,DK2,DK_2,day_ahead_price,value,2026-08-22T18:55:39Z
2026-08-22T18:49:31Z,2026-08-22T20:49:31+0200,32ee4a35-e929-46bf-8b2d-58a671b58f50,2026-08-04T20:15:00Z,2026-08-04T22:15:00+0200,181.429993,EUR/MWh,DK2,DK_2,day_ahead_price,value,2026-08-22T18:55:39Z
2026-08-22T18:49:31Z,2026-08-22T20:49:31+0200,32ee4a35-e929-46bf-8b2d-58a671b58f50,2026-08-04T20:30:00Z,2026-08-04T22:30:00+0200,183.160004,EUR/MWh,DK2,DK_2,day_ahead_price,value,2026-08-22T18:55:39Z
2026-08-22T18:49:31Z,2026-08-22T20:49:31+0200,32ee4a35-e929-46bf-8b2d-58a671b58f50,2026-08-04T20:45:00Z,2026-08-04T22:45:00+0200,173.130005,EUR/MWh,DK2,DK_2,day_ahead_price,value,2026-08-22T18:55:39Z
2026-08-22T18:49:31Z,2026-08-22T20:49:31+0200,32ee4a35-e929-46bf-8b2d-58a671b58f50,2026-08-04T21:00:00Z,2026-08-04T23:00:00+0200,165.839996,EUR/MWh,DK2,DK_2,day_ahead_price,value,2026-08-22T18:55:39Z
2026-08-22T18:49:31Z,2026-08-22T20:49:31+0200,32ee4a35-e929-46bf-8b2d-58a671b58f50,2026-08-04T21:15:00Z,2026-08-04T23:15:00+0200,164.029999,EUR/MWh,DK2,DK_2,day_ahead_price,value,2026-08-22T18:55:39Z
2026-08-22T18:49:31Z,2026-08-22T20:49:31+0200,32ee4a35-e929-46bf-8b2d-58a671b58f50,2026-08-04T21:30:00Z,2026-08-04T23:30:00+0200,161.020004,EUR/MWh,DK2,DK_2,day_ahead_price,value,2026-08-22T18:55:39Z
2026-08-22T18:49:31Z,2026-08-22T20:49:31+0200,32ee4a35-e929-46bf-8b2d-58a671b58f50,2026-08-04T21:45:00Z,2026-08-04T23:45:00+0200,149.169998,EUR/MWh,DK2,DK_2,day_ahead_price,value,2026-08-22T18:55:39Z
2026-08-22T18:49:31Z,2026-08-22T20:49:31+0200,32ee4a35-e929-46bf-8b2d-58a671b58f50,2026-08-04T22:00:00Z,2026-08-05T00:00:00+0200,160.14,EUR/MWh,DK2,DK_2,day_ahead_price,value,2026-08-22T18:55:39Z
2026-08-22T18:49:31Z,2026-08-22T20:49:31+0200,32ee4a35-e929-46bf-8b2d-58a671b58f50,2026-08-04T22:15:00Z,2026-08-05T00:15:00+0200,153.87,EUR/MWh,DK2,DK_2,day_ahead_price,value,2026-08-22T18:55:39Z
2026-08-22T18:49:31Z,2026-08-22T20:49:31+0200,32ee4a35-e929-46bf-8b2d-58a671b58f50,2026-08-04T22:30:00Z,2026-08-05T00:30:00+0200,150.31,EUR/MWh,DK2,DK_2,day_ahead_price,value,2026-08-22T18:55:39Z
2026-08-22T18:49:31Z,2026-08-22T20:49:31+0200,32ee4a35-e929-46bf-8b2d-58a671b58f50,2026-08-04T22:45:00Z,2026-08-05T00:45:00+0200,148.91,EUR/MWh,DK2,DK_2,day_ahead_price,value,2026-08-22T18:55:39Z
2026-08-22T18:49:31Z,2026-08-22T20:49:31+0200,32ee4a35-e929-46bf-8b2d-58a671b58f50,2026-08-04T23:00:00Z,2026-08-05T01:00:00+0200,151.35,EUR/MWh,DK2,DK_2,day_ahead_price,value,2026-08-22T18:55:39Z
2026-08-22T18:49:31Z,2026-08-22T20:49:31+0200,32ee4a35-e929-46bf-8b2d-58a671b58f50,2026-08-04T23:15:00Z,2026-08-05T01:15:00+0200,147.21,EUR/MWh,DK2,DK_2,day_ahead_price,value,2026-08-22T18:55:39Z
2026-08-22T18:49:31Z,2026-08-22T20:49:31+0200,32ee4a35-e929-46bf-8b2d-58a671b58f50,2026-08-04T23:30:00Z,2026-08-05T01:30:00+0200,146.94,EUR/MWh,DK2,DK_2,day_ahead_price,value,2026-08-22T18:55:39Z
2026-08-22T18:49:31Z,2026-08-22T20:49:31+0200,32ee4a35-e929-46bf-8b2d-58a671b58f50,2026-08-04T23:45:00Z,2026-08-05T01:45:00+0200,146.4,EUR/MWh,DK2,DK_2,day_ahead_price,value,2026-08-22T18:55:39Z
2026-08-22T18:49:31Z,2026-08-22T20:49:31+0200,32ee4a35-e929-46bf-8b2d-58a671b58f50,2026-08-05T00:00:00Z,2026-08-05T02:00:00+0200,151.28,EUR/MWh,DK2,DK_2,day_ahead_price,value,2026-08-22T18:55:39Z
2026-08-22T18:49:31Z,2026-08-22T20:49:31+0200,32ee4a35-e929-46bf-8b2d-58a671b58f50,2026-08-05T00:15:00Z,2026-08-05T02:15:00+0200,146.09,EUR/MWh,DK2,DK_2,day_ahead_price,value,2026-08-22T18:55:39Z
2026-08-22T18:49:31Z,2026-08-22T20:49:31+0200,32ee4a35-e929-46bf-8b2d-58a671b58f50,2026-08-05T00:30:00Z,2026-08-05T02:30:00+0200,144.75,EUR/MWh,DK2,DK_2,day_ahead_price,value,2026-08-22T18:55:39Z
2026-08-22T18:49:31Z,2026-08-22T20:49:31+0200,32ee4a35-e929-46bf-8b2d-58a671b58f50,2026-08-05T00:45:00Z,2026-08-05T02:45:00+0200,144.58,EUR/MWh,DK2,DK_2,day_ahead_price,value,2026-08-22T18:55:39Z
2026-08-22T18:49:31Z,2026-08-22T20:49:31+0200,32ee4a35-e929-46bf-8b2d-58a671b58f50,2026-08-05T01:00:00Z,2026-08-05T03:00:00+0200,146.53,EUR/MWh,DK2,DK_2,day_ahead_price,value,2026-08-22T18:55:39Z
2026-08-22T18:49:31Z,2026-08-22T20:49:31+0200,32ee4a35-e929-46bf-8b2d-58a671b58f50,2026-08-05T01:15:00Z,2026-08-05T03:15:00+0200,146.19,EUR/MWh,DK2,DK_2,day_ahead_price,value,2026-08-22T18:55:39Z
2026-08-22T18:49:31Z,2026-08-22T20:49:31+0200,32ee4a35-e929-46bf-8b2d-58a671b58f50,2026-08-05T01:30:00Z,2026-08-05T03:30:00+0200,141.58,EUR/MWh,DK2,DK_2,day_ahead_price,value,2026-08-22T18:55:39Z
2026-08-22T18:49:31Z,2026-08-22T20:49:31+0200,32ee4a35-e929-46bf-8b2d-58a671b58f50,2026-08-05T01:45:00Z,2026-08-05T03:45:00+0200,137.92,EUR/MWh,DK2,DK_2,day_ahead_price,value,2026-08-22T18:55:39Z
2026-08-22T18:49:31Z,2026-08-22T20:49:31+0200,32ee4a35-e929-46bf-8b2d-58a671b58f50,2026-08-05T02:00:00Z,2026-08-05T04:00:00+0200,138.9,EUR/MWh,DK2,DK_2,day_ahead_price,value,2026-08-22T18:55:39Z
2026-08-22T18:49:31Z,2026-08-22T20:49:31+0200,32ee4a35-e929-46bf-8b2d-58a671b58f50,2026-08-05T02:15:00Z,2026-08-05T04:15:00+0200,136.4,EUR/MWh,DK2,DK_2,day_ahead_price,value,2026-08-22T18:55:39Z
2026-08-22T18:49:31Z,2026-08-22T20:49:31+0200,32ee4a35-e929-46bf-8b2d-58a671b58f50,2026-08-05T02:30:00Z,2026-08-05T04:30:00+0200,139.46,EUR/MWh,DK2,DK_2,day_ahead_price,value,2026-08-22T18:55:39Z
2026-08-22T18:49:31Z,2026-08-22T20:49:31+0200,32ee4a35-e929-46bf-8b2d-58a671b58f50,2026-08-05T02:45:00Z,2026-08-05T04:45:00+0200,137.97,EUR/MWh,DK2,DK_2,day_ahead_price,value,2026-08-22T18:55:39Z
2026-08-22T18:49:31Z,2026-08-22T20:49:31+0200,32ee4a35-e929-46bf-8b2d-58a671b58f50,2026-08-05T03:00:00Z,2026-08-05T05:00:00+0200,134.38,EUR/MWh,DK2,DK_2,day_ahead_price,value,2026-08-22T18:55:39Z
2026-08-22T18:49:31Z,2026-08-22T20:49:31+0200,32ee4a35-e929-46bf-8b2d-58a671b58f50,2026-08-05T03:15:00Z,2026-08-05T05:15:00+0200,138.67,EUR/MWh,DK2,DK_2,day_ahead_price,value,2026-08-22T18:55:39Z
2026-08-22T18:49:31Z,2026-08-22T20:49:31+0200,32ee4a35-e929-46bf-8b2d-58a671b58f50,2026-08-05T03:30:00Z,2026-08-05T05:30:00+0200,144.53,EUR/MWh,DK2,DK_2,day_ahead_price,value,2026-08-22T18:55:39Z
2026-08-22T18:49:31Z,2026-08-22T20:49:31+0200,32ee4a35-e929-46bf-8b2d-58a671b58f50,2026-08-05T03:45:00Z,2026-08-05T05:45:00+0200,153.08,EUR/MWh,DK2,DK_2,day_ahead_price,value,2026-08-22T18:55:39Z
2026-08-22T18:49:31Z,2026-08-22T20:49:31+0200,32ee4a35-e929-46bf-8b2d-58a671b58f50,2026-08-05T04:00:00Z,2026-08-05T06:00:00+0200,151.2,EUR/MWh,DK2,DK_2,day_ahead_price,value,2026-08-22T18:55:39Z
2026-08-22T18:49:31Z,2026-08-22T20:49:31+0200,32ee4a35-e929-46bf-8b2d-58a671b58f50,2026-08-05T04:15:00Z,2026-08-05T06:15:00+0200,147.74,EUR/MWh,DK2,DK_2,day_ahead_price,value,2026-08-22T18:55:39Z
2026-08-22T18:49:31Z,2026-08-22T20:49:31+0200,32ee4a35-e929-46bf-8b2d-58a671b58f50,2026-08-05T04:30:00Z,2026-08-05T06:30:00+0200,147.45,EUR/MWh,DK2,DK_2,day_ahead_price,value,2026-08-22T18:55:39Z
2026-08-22T18:49:31Z,2026-08-22T20:49:31+0200,32ee4a35-e929-46bf-8b2d-58a671b58f50,2026-08-05T04:45:00Z,2026-08-05T06:45:00+0200,155.51,EUR/MWh,DK2,DK_2,day_ahead_price,value,2026-08-22T18:55:39Z
2026-08-22T18:49:31Z,2026-08-22T20:49:31+0200,32ee4a35-e929-46bf-8b2d-58a671b58f50,2026-08-05T05:00:00Z,2026-08-05T07:00:00+0200,165.34,EUR/MWh,DK2,DK_2,day_ahead_price,value,2026-08-22T18:55:39Z
2026-08-22T18:49:31Z,2026-08-22T20:49:31+0200,32ee4a35-e929-46bf-8b2d-58a671b58f50,2026-08-05T05:15:00Z,2026-08-05T07:15:00+0200,159.31,EUR/MWh,DK2,DK_2,day_ahead_price,value,2026-08-22T18:55:39Z
2026-08-22T18:49:31Z,2026-08-22T20:49:31+0200,32ee4a35-e929-46bf-8b2d-58a671b58f50,2026-08-05T05:30:00Z,2026-08-05T07:30:00+0200,157.24,EUR/MWh,DK2,DK_2,day_ahead_price,value,2026-08-22T18:55:39Z
2026-08-22T18:49:31Z,2026-08-22T20:49:31+0200,32ee4a35-e929-46bf-8b2d-58a671b58f50,2026-08-05T05:45:00Z,2026-08-05T07:45:00+0200,136.0,EUR/MWh,DK2,DK_2,day_ahead_price,value,2026-08-22T18:55:39Z
2026-08-22T18:49:31Z,2026-08-22T20:49:31+0200,32ee4a35-e929-46bf-8b2d-58a671b58f50,2026-08-05T06:00:00Z,2026-08-05T08:00:00+0200,162.07,EUR/MWh,DK2,DK_2,day_ahead_price,value,2026-08-22T18:55:39Z
2026-08-22T18:49:31Z,2026-08-22T20:49:31+0200,32ee4a35-e929-46bf-8b2d-58a671b58f50,2026-08-05T06:15:00Z,2026-08-05T08:15:00+0200,147.91,EUR/MWh,DK2,DK_2,day_ahead_price,value,2026-08-22T18:55:39Z
2026-08-22T18:49:31Z,2026-08-22T20:49:31+0200,32ee4a35-e929-46bf-8b2d-58a671b58f50,2026-08-05T06:30:00Z,2026-08-05T08:30:00+0200,131.74,EUR/MWh,DK2,DK_2,day_ahead_price,value,2026-08-22T18:55:39Z
2026-08-22T18:49:31Z,2026-08-22T20:49:31+0200,32ee4a35-e929-46bf-8b2d-58a671b58f50,2026-08-05T06:45:00Z,2026-08-05T08:45:00+0200,119.04,EUR/MWh,DK2,DK_2,day_ahead_price,value,2026-08-22T18:55:39Z
2026-08-22T18:49:31Z,2026-08-22T20:49:31+0200,32ee4a35-e929-46bf-8b2d-58a671b58f50,2026-08-05T07:00:00Z,2026-08-05T09:00:00+0200,142.48,EUR/MWh,DK2,DK_2,day_ahead_price,value,2026-08-22T18:55:39Z
2026-08-22T18:49:31Z,2026-08-22T20:49:31+0200,32ee4a35-e929-46bf-8b2d-58a671b58f50,2026-08-05T07:15:00Z,2026-08-05T09:15:00+0200,120.62,EUR/MWh,DK2,DK_2,day_ahead_price,value,2026-08-22T18:55:39Z
2026-08-22T18:49:31Z,2026-08-22T20:49:31+0200,32ee4a35-e929-46bf-8b2d-58a671b58f50,2026-08-05T07:30:00Z,2026-08-05T09:30:00+0200,104.5,EUR/MWh,DK2,DK_2,day_ahead_price,value,2026-08-22T18:55:39Z
2026-08-22T18:49:31Z,2026-08-22T20:49:31+0200,32ee4a35-e929-46bf-8b2d-58a671b58f50,2026-08-05T07:45:00Z,2026-08-05T09:45:00+0200,78.41,EUR/MWh,DK2,DK_2,day_ahead_price,value,2026-08-22T18:55:39Z
2026-08-22T18:49:31Z,2026-08-22T20:49:31+0200,32ee4a35-e929-46bf-8b2d-58a671b58f50,2026-08-05T08:00:00Z,2026-08-05T10:00:00+0200,100.0,EUR/MWh,DK2,DK_2,day_ahead_price,value,2026-08-22T18:55:39Z
2026-08-22T18:49:31Z,2026-08-22T20:49:31+0200,32ee4a35-e929-46bf-8b2d-58a671b58f50,2026-08-05T08:15:00Z,2026-08-05T10:15:00+0200,85.71,EUR/MWh,DK2,DK_2,day_ahead_price,value,2026-08-22T18:55:39Z
2026-08-22T18:49:31Z,2026-08-22T20:49:31+0200,32ee4a35-e929-46bf-8b2d-58a671b58f50,2026-08-05T08:30:00Z,2026-08-05T10:30:00+0200,54.66,EUR/MWh,DK2,DK_2,day_ahead_price,value,2026-08-22T18:55:39Z
2026-08-22T18:49:31Z,2026-08-22T20:49:31+0200,32ee4a35-e929-46bf-8b2d-58a671b58f50,2026-08-05T08:45:00Z,2026-08-05T10:45:00+0200,20.51,EUR/MWh,DK2,DK_2,day_ahead_price,value,2026-08-22T18:55:39Z
2026-08-22T18:49:31Z,2026-08-22T20:49:31+0200,32ee4a35-e929-46bf-8b2d-58a671b58f50,2026-08-05T09:00:00Z,2026-08-05T11:00:00+0200,27.85,EUR/MWh,DK2,DK_2,day_ahead_price,value,2026-08-22T18:55:39Z
2026-08-22T18:49:31Z,2026-08-22T20:49:31+0200,32ee4a35-e929-46bf-8b2d-58a671b58f50,2026-08-05T09:15:00Z,2026-08-05T11:15:00+0200,23.08,EUR/MWh,DK2,DK_2,day_ahead_price,value,2026-08-22T18:55:39Z
2026-08-22T18:49:31Z,2026-08-22T20:49:31+0200,32ee4a35-e929-46bf-8b2d-58a671b58f50,2026-08-05T09:30:00Z,2026-08-05T11:30:00+0200,22.19,EUR/MWh,DK2,DK_2,day_ahead_price,value,2026-08-22T18:55:39Z
2026-08-22T18:49:31Z,2026-08-22T20:49:31+0200,32ee4a35-e929-46bf-8b2d-58a671b58f50,2026-08-05T09:45:00Z,2026-08-05T11:45:00+0200,20.67,EUR/MWh,DK2,DK_2,day_ahead_price,value,2026-08-22T18:55:39Z
2026-08-22T18:49:31Z,2026-08-22T20:49:31+0200,32ee4a35-e929-46bf-8b2d-58a671b58f50,2026-08-05T10:00:00Z,2026-08-05T12:00:00+0200,24.32,EUR/MWh,DK2,DK_2,day_ahead_price,value,2026-08-22T18:55:39Z
2026-08-22T18:49:31Z,2026-08-22T20:49:31+0200,32ee4a35-e929-46bf-8b2d-58a671b58f50,2026-08-05T10:15:00Z,2026-08-05T12:15:00+0200,20.74,EUR/MWh,DK2,DK_2,day_ahead_price,value,2026-08-22T18:55:39Z
2026-08-22T18:49:31Z,2026-08-22T20:49:31+0200,32ee4a35-e929-46bf-8b2d-58a671b58f50,2026-08-05T10:30:00Z,2026-08-05T12:30:00+0200,17.04,EUR/MWh,DK2,DK_2,day_ahead_price,value,2026-08-22T18:55:39Z
2026-08-22T18:49:31Z,2026-08-22T20:49:31+0200,32ee4a35-e929-46bf-8b2d-58a671b58f50,2026-08-05T10:45:00Z,2026-08-05T12:45:00+0200,10.0,EUR/MWh,DK2,DK_2,day_ahead_price,value,2026-08-22T18:55:39Z
2026-08-22T18:49:31Z,2026-08-22T20:49:31+0200,32ee4a35-e929-46bf-8b2d-58a671b58f50,2026-08-05T11:00:00Z,2026-08-05T13:00:00+0200,5.88,EUR/MWh,DK2,DK_2,day_ahead_price,value,2026-08-22T18:55:39Z
2026-08-22T18:49:31Z,2026-08-22T20:49:31+0200,32ee4a35-e929-46bf-8b2d-58a671b58f50,2026-08-05T11:15:00Z,2026-08-05T13:15:00+0200,5.0,EUR/MWh,DK2,DK_2,day_ahead_price,value,2026-08-22T18:55:39Z
2026-08-22T18:49:31Z,2026-08-22T20:49:31+0200,32ee4a35-e929-46bf-8b2d-58a671b58f50,2026-08-05T11:30:00Z,2026-08-05T13:30:00+0200,5.19,EUR/MWh,DK2,DK_2,day_ahead_price,value,2026-08-22T18:55:39Z
2026-08-22T18:49:31Z,2026-08-22T20:49:31+0200,32ee4a35-e929-46bf-8b2d-58a671b58f50,2026-08-05T11:45:00Z,2026-08-05T13:45:00+0200,5.0,EUR/MWh,DK2,DK_2,day_ahead_price,value,2026-08-22T18:55:39Z
2026-08-22T18:49:31Z,2026-08-22T20:49:31+0200,32ee4a35-e929-46bf-8b2d-58a671b58f50,2026-08-05T12:00:00Z,2026-08-05T14:00:00+0200,5.0,EUR/MWh,DK2,DK_2,day_ahead_price,value,2026-08-22T18:55:39Z
2026-08-22T18:49:31Z,2026-08-22T20:49:31+0200,32ee4a35-e929-46bf-8b2d-58a671b58f50,2026-08-05T12:15:00Z,2026-08-05T14:15:00+0200,5.0,EUR/MWh,DK2,DK_2,day_ahead_price,value,2026-08-22T18:55:39Z
2026-08-22T18:49:31Z,2026-08-22T20:49:31+0200,32ee4a35-e929-46bf-8b2d-58a671b58f50,2026-08-05T12:30:00Z,2026-08-05T14:30:00+0200,5.2,EUR/MWh,DK2,DK_2,day_ahead_price,value,2026-08-22T18:55:39Z
2026-08-22T18:49:31Z,2026-08-22T20:49:31+0200,32ee4a35-e929-46bf-8b2d-58a671b58f50,2026-08-05T12:45:00Z,2026-08-05T14:45:00+0200,5.19,EUR/MWh,DK2,DK_2,day_ahead_price,value,2026-08-22T18:55:39Z
2026-08-22T18:49:31Z,2026-08-22T20:49:31+0200,32ee4a35-e929-46bf-8b2d-58a671b58f50,2026-08-05T13:00:00Z,2026-08-05T15:00:00+0200,4.99,EUR/MWh,DK2,DK_2,day_ahead_price,value,2026-08-22T18:55:39Z
2026-08-22T18:49:31Z,2026-08-22T20:49:31+0200,32ee4a35-e929-46bf-8b2d-58a671b58f50,2026-08-05T13:15:00Z,2026-08-05T15:15:00+0200,5.0,EUR/MWh,DK2,DK_2,day_ahead_price,value,2026-08-22T18:55:39Z
2026-08-22T18:49:31Z,2026-08-22T20:49:31+0200,32ee4a35-e929-46bf-8b2d-58a671b58f50,2026-08-05T13:30:00Z,2026-08-05T15:30:00+0200,6.66,EUR/MWh,DK2,DK_2,day_ahead_price,value,2026-08-22T18:55:39Z
2026-08-22T18:49:31Z,2026-08-22T20:49:31+0200,32ee4a35-e929-46bf-8b2d-58a671b58f50,2026-08-05T13:45:00Z,2026-08-05T15:45:00+0200,16.73,EUR/MWh,DK2,DK_2,day_ahead_price,value,2026-08-22T18:55:39Z
2026-08-22T18:49:31Z,2026-08-22T20:49:31+0200,32ee4a35-e929-46bf-8b2d-58a671b58f50,2026-08-05T14:00:00Z,2026-08-05T16:00:00+0200,4.95,EUR/MWh,DK2,DK_2,day_ahead_price,value,2026-08-22T18:55:39Z
2026-08-22T18:49:31Z,2026-08-22T20:49:31+0200,32ee4a35-e929-46bf-8b2d-58a671b58f50,2026-08-05T14:15:00Z,2026-08-05T16:15:00+0200,9.99,EUR/MWh,DK2,DK_2,day_ahead_price,value,2026-08-22T18:55:39Z
2026-08-22T18:49:31Z,2026-08-22T20:49:31+0200,32ee4a35-e929-46bf-8b2d-58a671b58f50,2026-08-05T14:30:00Z,2026-08-05T16:30:00+0200,20.12,EUR/MWh,DK2,DK_2,day_ahead_price,value,2026-08-22T18:55:39Z
2026-08-22T18:49:31Z,2026-08-22T20:49:31+0200,32ee4a35-e929-46bf-8b2d-58a671b58f50,2026-08-05T14:45:00Z,2026-08-05T16:45:00+0200,33.32,EUR/MWh,DK2,DK_2,day_ahead_price,value,2026-08-22T18:55:39Z
2026-08-22T18:49:31Z,2026-08-22T20:49:31+0200,32ee4a35-e929-46bf-8b2d-58a671b58f50,2026-08-05T15:00:00Z,2026-08-05T17:00:00+0200,15.96,EUR/MWh,DK2,DK_2,day_ahead_price,value,2026-08-22T18:55:39Z
2026-08-22T18:49:31Z,2026-08-22T20:49:31+0200,32ee4a35-e929-46bf-8b2d-58a671b58f50,2026-08-05T15:15:00Z,2026-08-05T17:15:00+0200,59.73,EUR/MWh,DK2,DK_2,day_ahead_price,value,2026-08-22T18:55:39Z
2026-08-22T18:49:31Z,2026-08-22T20:49:31+0200,32ee4a35-e929-46bf-8b2d-58a671b58f50,2026-08-05T15:30:00Z,2026-08-05T17:30:00+0200,87.47,EUR/MWh,DK2,DK_2,day_ahead_price,value,2026-08-22T18:55:39Z
2026-08-22T18:49:31Z,2026-08-22T20:49:31+0200,32ee4a35-e929-46bf-8b2d-58a671b58f50,2026-08-05T15:45:00Z,2026-08-05T17:45:00+0200,121.32,EUR/MWh,DK2,DK_2,day_ahead_price,value,2026-08-22T18:55:39Z
2026-08-22T18:49:31Z,2026-08-22T20:49:31+0200,32ee4a35-e929-46bf-8b2d-58a671b58f50,2026-08-05T16:00:00Z,2026-08-05T18:00:00+0200,100.42,EUR/MWh,DK2,DK_2,day_ahead_price,value,2026-08-22T18:55:39Z
2026-08-22T18:49:31Z,2026-08-22T20:49:31+0200,32ee4a35-e929-46bf-8b2d-58a671b58f50,2026-08-05T16:15:00Z,2026-08-05T18:15:00+0200,130.43,EUR/MWh,DK2,DK_2,day_ahead_price,value,2026-08-22T18:55:39Z
2026-08-22T18:49:31Z,2026-08-22T20:49:31+0200,32ee4a35-e929-46bf-8b2d-58a671b58f50,2026-08-05T16:30:00Z,2026-08-05T18:30:00+0200,130.48,EUR/MWh,DK2,DK_2,day_ahead_price,value,2026-08-22T18:55:39Z
2026-08-22T18:49:31Z,2026-08-22T20:49:31+0200,32ee4a35-e929-46bf-8b2d-58a671b58f50,2026-08-05T16:45:00Z,2026-08-05T18:45:00+0200,149.7,EUR/MWh,DK2,DK_2,day_ahead_price,value,2026-08-22T18:55:39Z
2026-08-22T18:49:31Z,2026-08-22T20:49:31+0200,32ee4a35-e929-46bf-8b2d-58a671b58f50,2026-08-05T17:00:00Z,2026-08-05T19:00:00+0200,149.77,EUR/MWh,DK2,DK_2,day_ahead_price,value,2026-08-22T18:55:39Z
2026-08-22T18:49:31Z,2026-08-22T20:49:31+0200,32ee4a35-e929-46bf-8b2d-58a671b58f50,2026-08-05T17:15:00Z,2026-08-05T19:15:00+0200,157.0,EUR/MWh,DK2,DK_2,day_ahead_price,value,2026-08-22T18:55:39Z
2026-08-22T18:49:31Z,2026-08-22T20:49:31+0200,32ee4a35-e929-46bf-8b2d-58a671b58f50,2026-08-05T17:30:00Z,2026-08-05T19:30:00+0200,163.03,EUR/MWh,DK2,DK_2,day_ahead_price,value,2026-08-22T18:55:39Z
2026-08-22T18:49:31Z,2026-08-22T20:49:31+0200,32ee4a35-e929-46bf-8b2d-58a671b58f50,2026-08-05T17:45:00Z,2026-08-05T19:45:00+0200,175.99,EUR/MWh,DK2,DK_2,day_ahead_price,value,2026-08-22T18:55:39Z
2026-08-22T18:49:31Z,2026-08-22T20:49:31+0200,32ee4a35-e929-46bf-8b2d-58a671b58f50,2026-08-05T18:00:00Z,2026-08-05T20:00:00+0200,161.37,EUR/MWh,DK2,DK_2,day_ahead_price,value,2026-08-22T18:55:39Z
2026-08-22T18:49:31Z,2026-08-22T20:49:31+0200,32ee4a35-e929-46bf-8b2d-58a671b58f50,2026-08-05T18:15:00Z,2026-08-05T20:15:00+0200,162.24,EUR/MWh,DK2,DK_2,day_ahead_price,value,2026-08-22T18:55:39Z
2026-08-22T18:49:31Z,2026-08-22T20:49:31+0200,32ee4a35-e929-46bf-8b2d-58a671b58f50,2026-08-05T18:30:00Z,2026-08-05T20:30:00+0200,172.99,EUR/MWh,DK2,DK_2,day_ahead_price,value,2026-08-22T18:55:39Z
2026-08-22T18:49:31Z,2026-08-22T20:49:31+0200,32ee4a35-e929-46bf-8b2d-58a671b58f50,2026-08-05T18:45:00Z,2026-08-05T20:45:00+0200,192.23,EUR/MWh,DK2,DK_2,day_ahead_price,value,2026-08-22T18:55:39Z
2026-08-22T18:49:31Z,2026-08-22T20:49:31+0200,32ee4a35-e929-46bf-8b2d-58a671b58f50,2026-08-05T19:00:00Z,2026-08-05T21:00:00+0200,162.57,EUR/MWh,DK2,DK_2,day_ahead_price,value,2026-08-22T18:55:39Z
2026-08-22T18:49:31Z,2026-08-22T20:49:31+0200,32ee4a35-e929-46bf-8b2d-58a671b58f50,2026-08-05T19:15:00Z,2026-08-05T21:15:00+0200,181.29,EUR/MWh,DK2,DK_2,day_ahead_price,value,2026-08-22T18:55:39Z
2026-08-22T18:49:31Z,2026-08-22T20:49:31+0200,32ee4a35-e929-46bf-8b2d-58a671b58f50,2026-08-05T19:30:00Z,2026-08-05T21:30:00+0200,182.87,EUR/MWh,DK2,DK_2,day_ahead_price,value,2026-08-22T18:55:39Z
2026-08-22T18:49:31Z,2026-08-22T20:49:31+0200,32ee4a35-e929-46bf-8b2d-58a671b58f50,2026-08-05T19:45:00Z,2026-08-05T21:45:00+0200,178.02,EUR/MWh,DK2,DK_2,day_ahead_price,value,2026-08-22T18:55:39Z
2026-08-22T18:49:31Z,2026-08-22T20:49:31+0200,32ee4a35-e929-46bf-8b2d-58a671b58f50,2026-08-05T20:00:00Z,2026-08-05T22:00:00+0200,162.92,EUR/MWh,DK2,DK_2,day_ahead_price,value,2026-08-22T18:55:39Z
2026-08-22T18:49:31Z,2026-08-22T20:49:31+0200,32ee4a35-e929-46bf-8b2d-58a671b58f50,2026-08-05T20:15:00Z,2026-08-05T22:15:00+0200,160.05,EUR/MWh,DK2,DK_2,day_ahead_price,value,2026-08-22T18:55:39Z
2026-08-22T18:49:31Z,2026-08-22T20:49:31+0200,32ee4a35-e929-46bf-8b2d-58a671b58f50,2026-08-05T20:30:00Z,2026-08-05T22:30:00+0200,174.03,EUR/MWh,DK2,DK_2,day_ahead_price,value,2026-08-22T18:55:39Z
2026-08-22T18:49:31Z,2026-08-22T20:49:31+0200,32ee4a35-e929-46bf-8b2d-58a671b58f50,2026-08-05T20:45:00Z,2026-08-05T22:45:00+0200,170.48,EUR/MWh,DK2,DK_2,day_ahead_price,value,2026-08-22T18:55:39Z
2026-08-22T18:49:31Z,2026-08-22T20:49:31+0200,32ee4a35-e929-46bf-8b2d-58a671b58f50,2026-08-05T21:00:00Z,2026-08-05T23:00:00+0200,161.68,EUR/MWh,DK2,DK_2,day_ahead_price,value,2026-08-22T18:55:39Z
2026-08-22T18:49:31Z,2026-08-22T20:49:31+0200,32ee4a35-e929-46bf-8b2d-58a671b58f50,2026-08-05T21:15:00Z,2026-08-05T23:15:00+0200,156.75,EUR/MWh,DK2,DK_2,day_ahead_price,value,2026-08-22T18:55:39Z
2026-08-22T18:49:31Z,2026-08-22T20:49:31+0200,32ee4a35-e929-46bf-8b2d-58a671b58f50,2026-08-05T21:30:00Z,2026-08-05T23:30:00+0200,150.83,EUR/MWh,DK2,DK_2,day_ahead_price,value,2026-08-22T18:55:39Z
2026-08-22T18:49:31Z,2026-08-22T20:49:31+0200,32ee4a35-e929-46bf-8b2d-58a671b58f50,2026-08-05T21:45:00Z,2026-08-05T23:45:00+0200,153.58,EUR/MWh,DK2,DK_2,day_ahead_price,value,2026-08-22T18:55:39Z
2026-08-22T18:49:31Z,2026-08-22T20:49:31+0200,32ee4a35-e929-46bf-8b2d-58a671b58f50,2026-08-05T22:00:00Z,2026-08-06T00:00:00+0200,149.199997,EUR/MWh,DK2,DK_2,day_ahead_price,value,2026-08-22T18:55:39Z
2026-08-22T18:49:31Z,2026-08-22T20:49:31+0200,32ee4a35-e929-46bf-8b2d-58a671b58f50,2026-08-05T22:15:00Z,2026-08-06T00:15:00+0200,147.789993,EUR/MWh,DK2,DK_2,day_ahead_price,value,2026-08-22T18:55:39Z
2026-08-22T18:49:31Z,2026-08-22T20:49:31+0200,32ee4a35-e929-46bf-8b2d-58a671b58f50,2026-08-05T22:30:00Z,2026-08-06T00:30:00+0200,160.460007,EUR/MWh,DK2,DK_2,day_ahead_price,value,2026-08-22T18:55:39Z
2026-08-22T18:49:31Z,2026-08-22T20:49:31+0200,32ee4a35-e929-46bf-8b2d-58a671b58f50,2026-08-05T22:45:00Z,2026-08-06T00:45:00+0200,146.919998,EUR/MWh,DK2,DK_2,day_ahead_price,value,2026-08-22T18:55:39Z
2026-08-22T18:49:31Z,2026-08-22T20:49:31+0200,32ee4a35-e929-46bf-8b2d-58a671b58f50,2026-08-05T23:00:00Z,2026-08-06T01:00:00+0200,163.039993,EUR/MWh,DK2,DK_2,day_ahead_price,value,2026-08-22T18:55:39Z
2026-08-22T18:49:31Z,2026-08-22T20:49:31+0200,32ee4a35-e929-46bf-8b2d-58a671b58f50,2026-08-05T23:15:00Z,2026-08-06T01:15:00+0200,142.69,EUR/MWh,DK2,DK_2,day_ahead_price,value,2026-08-22T18:55:39Z
2026-08-22T18:49:31Z,2026-08-22T20:49:31+0200,32ee4a35-e929-46bf-8b2d-58a671b58f50,2026-08-05T23:30:00Z,2026-08-06T01:30:00+0200,136.69,EUR/MWh,DK2,DK_2,day_ahead_price,value,2026-08-22T18:55:39Z
2026-08-22T18:49:31Z,2026-08-22T20:49:31+0200,32ee4a35-e929-46bf-8b2d-58a671b58f50,2026-08-05T23:45:00Z,2026-08-06T01:45:00+0200,134.4,EUR/MWh,DK2,DK_2,day_ahead_price,value,2026-08-22T18:55:39Z
2026-08-22T18:49:31Z,2026-08-22T20:49:31+0200,32ee4a35-e929-46bf-8b2d-58a671b58f50,2026-08-06T00:00:00Z,2026-08-06T02:00:00+0200,156.26,EUR/MWh,DK2,DK_2,day_ahead_price,value,2026-08-22T18:55:39Z
2026-08-22T18:49:31Z,2026-08-22T20:49:31+0200,32ee4a35-e929-46bf-8b2d-58a671b58f50,2026-08-06T00:15:00Z,2026-08-06T02:15:00+0200,149.289993,EUR/MWh,DK2,DK_2,day_ahead_price,value,2026-08-22T18:55:39Z
2026-08-22T18:49:31Z,2026-08-22T20:49:31+0200,32ee4a35-e929-46bf-8b2d-58a671b58f50,2026-08-06T00:30:00Z,2026-08-06T02:30:00+0200,130.300003,EUR/MWh,DK2,DK_2,day_ahead_price,value,2026-08-22T18:55:39Z
2026-08-22T18:49:31Z,2026-08-22T20:49:31+0200,32ee4a35-e929-46bf-8b2d-58a671b58f50,2026-08-06T00:45:00Z,2026-08-06T02:45:00+0200,130.279999,EUR/MWh,DK2,DK_2,day_ahead_price,value,2026-08-22T18:55:39Z
2026-08-22T18:49:31Z,2026-08-22T20:49:31+0200,32ee4a35-e929-46bf-8b2d-58a671b58f50,2026-08-06T01:00:00Z,2026-08-06T03:00:00+0200,141.77,EUR/MWh,DK2,DK_2,day_ahead_price,value,2026-08-22T18:55:39Z
2026-08-22T18:49:31Z,2026-08-22T20:49:31+0200,32ee4a35-e929-46bf-8b2d-58a671b58f50,2026-08-06T01:15:00Z,2026-08-06T03:15:00+0200,136.029999,EUR/MWh,DK2,DK_2,day_ahead_price,value,2026-08-22T18:55:39Z
2026-08-22T18:49:31Z,2026-08-22T20:49:31+0200,32ee4a35-e929-46bf-8b2d-58a671b58f50,2026-08-06T01:30:00Z,2026-08-06T03:30:00+0200,134.539993,EUR/MWh,DK2,DK_2,day_ahead_price,value,2026-08-22T18:55:39Z
2026-08-22T18:49:31Z,2026-08-22T20:49:31+0200,32ee4a35-e929-46bf-8b2d-58a671b58f50,2026-08-06T01:45:00Z,2026-08-06T03:45:00+0200,132.12,EUR/MWh,DK2,DK_2,day_ahead_price,value,2026-08-22T18:55:39Z
2026-08-22T18:49:31Z,2026-08-22T20:49:31+0200,32ee4a35-e929-46bf-8b2d-58a671b58f50,2026-08-06T02:00:00Z,2026-08-06T04:00:00+0200,132.220001,EUR/MWh,DK2,DK_2,day_ahead_price,value,2026-08-22T18:55:39Z
2026-08-22T18:49:31Z,2026-08-22T20:49:31+0200,32ee4a35-e929-46bf-8b2d-58a671b58f50,2026-08-06T02:15:00Z,2026-08-06T04:15:00+0200,130.29,EUR/MWh,DK2,DK_2,day_ahead_price,value,2026-08-22T18:55:39Z
2026-08-22T18:49:31Z,2026-08-22T20:49:31+0200,32ee4a35-e929-46bf-8b2d-58a671b58f50,2026-08-06T02:30:00Z,2026-08-06T04:30:00+0200,130.289993,EUR/MWh,DK2,DK_2,day_ahead_price,value,2026-08-22T18:55:39Z
2026-08-22T18:49:31Z,2026-08-22T20:49:31+0200,32ee4a35-e929-46bf-8b2d-58a671b58f50,2026-08-06T02:45:00Z,2026-08-06T04:45:00+0200,130.259995,EUR/MWh,DK2,DK_2,day_ahead_price,value,2026-08-22T18:55:39Z
2026-08-22T18:49:31Z,2026-08-22T20:49:31+0200,32ee4a35-e929-46bf-8b2d-58a671b58f50,2026-08-06T03:00:00Z,2026-08-06T05:00:00+0200,131.929993,EUR/MWh,DK2,DK_2,day_ahead_price,value,2026-08-22T18:55:39Z
2026-08-22T18:49:31Z,2026-08-22T20:49:31+0200,32ee4a35-e929-46bf-8b2d-58a671b58f50,2026-08-06T03:15:00Z,2026-08-06T05:15:00+0200,130.300003,EUR/MWh,DK2,DK_2,day_ahead_price,value,2026-08-22T18:55:39Z
2026-08-22T18:49:31Z,2026-08-22T20:49:31+0200,32ee4a35-e929-46bf-8b2d-58a671b58f50,2026-08-06T03:30:00Z,2026-08-06T05:30:00+0200,130.29,EUR/MWh,DK2,DK_2,day_ahead_price,value,2026-08-22T18:55:39Z
2026-08-22T18:49:31Z,2026-08-22T20:49:31+0200,32ee4a35-e929-46bf-8b2d-58a671b58f50,2026-08-06T03:45:00Z,2026-08-06T05:45:00+0200,130.289993,EUR/MWh,DK2,DK_2,day_ahead_price,value,2026-08-22T18:55:39Z
2026-08-22T18:49:31Z,2026-08-22T20:49:31+0200,32ee4a35-e929-46bf-8b2d-58a671b58f50,2026-08-06T04:00:00Z,2026-08-06T06:00:00+0200,130.259995,EUR/MWh,DK2,DK_2,day_ahead_price,value,2026-08-22T18:55:39Z
2026-08-22T18:49:31Z,2026-08-22T20:49:31+0200,32ee4a35-e929-46bf-8b2d-58a671b58f50,2026-08-06T04:15:00Z,2026-08-06T06:15:00+0200,130.229996,EUR/MWh,DK2,DK_2,day_ahead_price,value,2026-08-22T18:55:39Z
2026-08-22T18:49:31Z,2026-08-22T20:49:31+0200,32ee4a35-e929-46bf-8b2d-58a671b58f50,2026-08-06T04:30:00Z,2026-08-06T06:30:00+0200,130.24,EUR/MWh,DK2,DK_2,day_ahead_price,value,2026-08-22T18:55:39Z
2026-08-22T18:49:31Z,2026-08-22T20:49:31+0200,32ee4a35-e929-46bf-8b2d-58a671b58f50,2026-08-06T04:45:00Z,2026-08-06T06:45:00+0200,130.229996,EUR/MWh,DK2,DK_2,day_ahead_price,value,2026-08-22T18:55:39Z
2026-08-22T18:49:31Z,2026-08-22T20:49:31+0200,32ee4a35-e929-46bf-8b2d-58a671b58f50,2026-08-06T05:00:00Z,2026-08-06T07:00:00+0200,130.279999,EUR/MWh,DK2,DK_2,day_ahead_price,value,2026-08-22T18:55:39Z
2026-08-22T18:49:31Z,2026-08-22T20:49:31+0200,32ee4a35-e929-46bf-8b2d-58a671b58f50,2026-08-06T05:15:00Z,2026-08-06T07:15:00+0200,130.279999,EUR/MWh,DK2,DK_2,day_ahead_price,value,2026-08-22T18:55:39Z
2026-08-22T18:49:31Z,2026-08-22T20:49:31+0200,32ee4a35-e929-46bf-8b2d-58a671b58f50,2026-08-06T05:30:00Z,2026-08-06T07:30:00+0200,132.320007,EUR/MWh,DK2,DK_2,day_ahead_price,value,2026-08-22T18:55:39Z
2026-08-22T18:49:31Z,2026-08-22T20:49:31+0200,32ee4a35-e929-46bf-8b2d-58a671b58f50,2026-08-06T05:45:00Z,2026-08-06T07:45:00+0200,130.28,EUR/MWh,DK2,DK_2,day_ahead_price,value,2026-08-22T18:55:39Z
2026-08-22T18:49:31Z,2026-08-22T20:49:31+0200,32ee4a35-e929-46bf-8b2d-58a671b58f50,2026-08-06T06:00:00Z,2026-08-06T08:00:00+0200,159.559998,EUR/MWh,DK2,DK_2,day_ahead_price,value,2026-08-22T18:55:39Z
2026-08-22T18:49:31Z,2026-08-22T20:49:31+0200,32ee4a35-e929-46bf-8b2d-58a671b58f50,2026-08-06T06:15:00Z,2026-08-06T08:15:00+0200,142.34,EUR/MWh,DK2,DK_2,day_ahead_price,value,2026-08-22T18:55:39Z
2026-08-22T18:49:31Z,2026-08-22T20:49:31+0200,32ee4a35-e929-46bf-8b2d-58a671b58f50,2026-08-06T06:30:00Z,2026-08-06T08:30:00+0200,130.25,EUR/MWh,DK2,DK_2,day_ahead_price,value,2026-08-22T18:55:39Z
2026-08-22T18:49:31Z,2026-08-22T20:49:31+0200,32ee4a35-e929-46bf-8b2d-58a671b58f50,2026-08-06T06:45:00Z,2026-08-06T08:45:00+0200,110.77,EUR/MWh,DK2,DK_2,day_ahead_price,value,2026-08-22T18:55:39Z
2026-08-22T18:49:31Z,2026-08-22T20:49:31+0200,32ee4a35-e929-46bf-8b2d-58a671b58f50,2026-08-06T07:00:00Z,2026-08-06T09:00:00+0200,136.889999,EUR/MWh,DK2,DK_2,day_ahead_price,value,2026-08-22T18:55:39Z
2026-08-22T18:49:31Z,2026-08-22T20:49:31+0200,32ee4a35-e929-46bf-8b2d-58a671b58f50,2026-08-06T07:15:00Z,2026-08-06T09:15:00+0200,110.51,EUR/MWh,DK2,DK_2,day_ahead_price,value,2026-08-22T18:55:39Z
2026-08-22T18:49:31Z,2026-08-22T20:49:31+0200,32ee4a35-e929-46bf-8b2d-58a671b58f50,2026-08-06T07:30:00Z,2026-08-06T09:30:00+0200,90.36,EUR/MWh,DK2,DK_2,day_ahead_price,value,2026-08-22T18:55:39Z
2026-08-22T18:49:31Z,2026-08-22T20:49:31+0200,32ee4a35-e929-46bf-8b2d-58a671b58f50,2026-08-06T07:45:00Z,2026-08-06T09:45:00+0200,48.11,EUR/MWh,DK2,DK_2,day_ahead_price,value,2026-08-22T18:55:39Z
2026-08-22T18:49:31Z,2026-08-22T20:49:31+0200,32ee4a35-e929-46bf-8b2d-58a671b58f50,2026-08-06T08:00:00Z,2026-08-06T10:00:00+0200,69.21,EUR/MWh,DK2,DK_2,day_ahead_price,value,2026-08-22T18:55:39Z
2026-08-22T18:49:31Z,2026-08-22T20:49:31+0200,32ee4a35-e929-46bf-8b2d-58a671b58f50,2026-08-06T08:15:00Z,2026-08-06T10:15:00+0200,29.540001,EUR/MWh,DK2,DK_2,day_ahead_price,value,2026-08-22T18:55:39Z
2026-08-22T18:49:31Z,2026-08-22T20:49:31+0200,32ee4a35-e929-46bf-8b2d-58a671b58f50,2026-08-06T08:30:00Z,2026-08-06T10:30:00+0200,5.89,EUR/MWh,DK2,DK_2,day_ahead_price,value,2026-08-22T18:55:39Z
2026-08-22T18:49:31Z,2026-08-22T20:49:31+0200,32ee4a35-e929-46bf-8b2d-58a671b58f50,2026-08-06T08:45:00Z,2026-08-06T10:45:00+0200,4.94,EUR/MWh,DK2,DK_2,day_ahead_price,value,2026-08-22T18:55:39Z
2026-08-22T18:49:31Z,2026-08-22T20:49:31+0200,32ee4a35-e929-46bf-8b2d-58a671b58f50,2026-08-06T09:00:00Z,2026-08-06T11:00:00+0200,4.91,EUR/MWh,DK2,DK_2,day_ahead_price,value,2026-08-22T18:55:39Z
2026-08-22T18:49:31Z,2026-08-22T20:49:31+0200,32ee4a35-e929-46bf-8b2d-58a671b58f50,2026-08-06T09:15:00Z,2026-08-06T11:15:00+0200,4.13,EUR/MWh,DK2,DK_2,day_ahead_price,value,2026-08-22T18:55:39Z
2026-08-22T18:49:31Z,2026-08-22T20:49:31+0200,32ee4a35-e929-46bf-8b2d-58a671b58f50,2026-08-06T09:30:00Z,2026-08-06T11:30:00+0200,4.1,EUR/MWh,DK2,DK_2,day_ahead_price,value,2026-08-22T18:55:39Z
2026-08-22T18:49:31Z,2026-08-22T20:49:31+0200,32ee4a35-e929-46bf-8b2d-58a671b58f50,2026-08-06T09:45:00Z,2026-08-06T11:45:00+0200,3.92,EUR/MWh,DK2,DK_2,day_ahead_price,value,2026-08-22T18:55:39Z
2026-08-22T18:49:31Z,2026-08-22T20:49:31+0200,32ee4a35-e929-46bf-8b2d-58a671b58f50,2026-08-06T10:00:00Z,2026-08-06T12:00:00+0200,3.95,EUR/MWh,DK2,DK_2,day_ahead_price,value,2026-08-22T18:55:39Z
2026-08-22T18:49:31Z,2026-08-22T20:49:31+0200,32ee4a35-e929-46bf-8b2d-58a671b58f50,2026-08-06T10:15:00Z,2026-08-06T12:15:00+0200,3.78,EUR/MWh,DK2,DK_2,day_ahead_price,value,2026-08-22T18:55:39Z
2026-08-22T18:49:31Z,2026-08-22T20:49:31+0200,32ee4a35-e929-46bf-8b2d-58a671b58f50,2026-08-06T10:30:00Z,2026-08-06T12:30:00+0200,3.52,EUR/MWh,DK2,DK_2,day_ahead_price,value,2026-08-22T18:55:39Z
2026-08-22T18:49:31Z,2026-08-22T20:49:31+0200,32ee4a35-e929-46bf-8b2d-58a671b58f50,2026-08-06T10:45:00Z,2026-08-06T12:45:00+0200,3.3,EUR/MWh,DK2,DK_2,day_ahead_price,value,2026-08-22T18:55:39Z
2026-08-22T18:49:31Z,2026-08-22T20:49:31+0200,32ee4a35-e929-46bf-8b2d-58a671b58f50,2026-08-06T11:00:00Z,2026-08-06T13:00:00+0200,2.84,EUR/MWh,DK2,DK_2,day_ahead_price,value,2026-08-22T18:55:39Z
2026-08-22T18:49:31Z,2026-08-22T20:49:31+0200,32ee4a35-e929-46bf-8b2d-58a671b58f50,2026-08-06T11:15:00Z,2026-08-06T13:15:00+0200,2.54,EUR/MWh,DK2,DK_2,day_ahead_price,value,2026-08-22T18:55:39Z
2026-08-22T18:49:31Z,2026-08-22T20:49:31+0200,32ee4a35-e929-46bf-8b2d-58a671b58f50,2026-08-06T11:30:00Z,2026-08-06T13:30:00+0200,2.2,EUR/MWh,DK2,DK_2,day_ahead_price,value,2026-08-22T18:55:39Z
2026-08-22T18:49:31Z,2026-08-22T20:49:31+0200,32ee4a35-e929-46bf-8b2d-58a671b58f50,2026-08-06T11:45:00Z,2026-08-06T13:45:00+0200,2.19,EUR/MWh,DK2,DK_2,day_ahead_price,value,2026-08-22T18:55:39Z
2026-08-22T18:49:31Z,2026-08-22T20:49:31+0200,32ee4a35-e929-46bf-8b2d-58a671b58f50,2026-08-06T12:00:00Z,2026-08-06T14:00:00+0200,2.11,EUR/MWh,DK2,DK_2,day_ahead_price,value,2026-08-22T18:55:39Z
2026-08-22T18:49:31Z,2026-08-22T20:49:31+0200,32ee4a35-e929-46bf-8b2d-58a671b58f50,2026-08-06T12:15:00Z,2026-08-06T14:15:00+0200,2.11,EUR/MWh,DK2,DK_2,day_ahead_price,value,2026-08-22T18:55:39Z
2026-08-22T18:49:31Z,2026-08-22T20:49:31+0200,32ee4a35-e929-46bf-8b2d-58a671b58f50,2026-08-06T12:30:00Z,2026-08-06T14:30:00+0200,2.03,EUR/MWh,DK2,DK_2,day_ahead_price,value,2026-08-22T18:55:39Z
2026-08-22T18:49:31Z,2026-08-22T20:49:31+0200,32ee4a35-e929-46bf-8b2d-58a671b58f50,2026-08-06T12:45:00Z,2026-08-06T14:45:00+0200,2.03,EUR/MWh,DK2,DK_2,day_ahead_price,value,2026-08-22T18:55:39Z
2026-08-22T18:49:31Z,2026-08-22T20:49:31+0200,32ee4a35-e929-46bf-8b2d-58a671b58f50,2026-08-06T13:00:00Z,2026-08-06T15:00:00+0200,2.19,EUR/MWh,DK2,DK_2,day_ahead_price,value,2026-08-22T18:55:39Z
2026-08-22T18:49:31Z,2026-08-22T20:49:31+0200,32ee4a35-e929-46bf-8b2d-58a671b58f50,2026-08-06T13:15:00Z,2026-08-06T15:15:00+0200,2.19,EUR/MWh,DK2,DK_2,day_ahead_price,value,2026-08-22T18:55:39Z
2026-08-22T18:49:31Z,2026-08-22T20:49:31+0200,32ee4a35-e929-46bf-8b2d-58a671b58f50,2026-08-06T13:30:00Z,2026-08-06T15:30:00+0200,2.19,EUR/MWh,DK2,DK_2,day_ahead_price,value,2026-08-22T18:55:39Z
2026-08-22T18:49:31Z,2026-08-22T20:49:31+0200,32ee4a35-e929-46bf-8b2d-58a671b58f50,2026-08-06T13:45:00Z,2026-08-06T15:45:00+0200,2.2,EUR/MWh,DK2,DK_2,day_ahead_price,value,2026-08-22T18:55:39Z
2026-08-22T18:49:31Z,2026-08-22T20:49:31+0200,32ee4a35-e929-46bf-8b2d-58a671b58f50,2026-08-06T14:00:00Z,2026-08-06T16:00:00+0200,2.2,EUR/MWh,DK2,DK_2,day_ahead_price,value,2026-08-22T18:55:39Z
2026-08-22T18:49:31Z,2026-08-22T20:49:31+0200,32ee4a35-e929-46bf-8b2d-58a671b58f50,2026-08-06T14:15:00Z,2026-08-06T16:15:00+0200,2.78,EUR/MWh,DK2,DK_2,day_ahead_price,value,2026-08-22T18:55:39Z
2026-08-22T18:49:31Z,2026-08-22T20:49:31+0200,32ee4a35-e929-46bf-8b2d-58a671b58f50,2026-08-06T14:30:00Z,2026-08-06T16:30:00+0200,3.52,EUR/MWh,DK2,DK_2,day_ahead_price,value,2026-08-22T18:55:39Z
2026-08-22T18:49:31Z,2026-08-22T20:49:31+0200,32ee4a35-e929-46bf-8b2d-58a671b58f50,2026-08-06T14:45:00Z,2026-08-06T16:45:00+0200,4.1,EUR/MWh,DK2,DK_2,day_ahead_price,value,2026-08-22T18:55:39Z
2026-08-22T18:49:31Z,2026-08-22T20:49:31+0200,32ee4a35-e929-46bf-8b2d-58a671b58f50,2026-08-06T15:00:00Z,2026-08-06T17:00:00+0200,4.95,EUR/MWh,DK2,DK_2,day_ahead_price,value,2026-08-22T18:55:39Z
2026-08-22T18:49:31Z,2026-08-22T20:49:31+0200,32ee4a35-e929-46bf-8b2d-58a671b58f50,2026-08-06T15:15:00Z,2026-08-06T17:15:00+0200,5.89,EUR/MWh,DK2,DK_2,day_ahead_price,value,2026-08-22T18:55:39Z
2026-08-22T18:49:31Z,2026-08-22T20:49:31+0200,32ee4a35-e929-46bf-8b2d-58a671b58f50,2026-08-06T15:30:00Z,2026-08-06T17:30:00+0200,35.98,EUR/MWh,DK2,DK_2,day_ahead_price,value,2026-08-22T18:55:39Z
2026-08-22T18:49:31Z,2026-08-22T20:49:31+0200,32ee4a35-e929-46bf-8b2d-58a671b58f50,2026-08-06T15:45:00Z,2026-08-06T17:45:00+0200,68.91,EUR/MWh,DK2,DK_2,day_ahead_price,value,2026-08-22T18:55:39Z
2026-08-22T18:49:31Z,2026-08-22T20:49:31+0200,32ee4a35-e929-46bf-8b2d-58a671b58f50,2026-08-06T16:00:00Z,2026-08-06T18:00:00+0200,45.740002,EUR/MWh,DK2,DK_2,day_ahead_price,value,2026-08-22T18:55:39Z
2026-08-22T18:49:31Z,2026-08-22T20:49:31+0200,32ee4a35-e929-46bf-8b2d-58a671b58f50,2026-08-06T16:15:00Z,2026-08-06T18:15:00+0200,60.87,EUR/MWh,DK2,DK_2,day_ahead_price,value,2026-08-22T18:55:39Z
2026-08-22T18:49:31Z,2026-08-22T20:49:31+0200,32ee4a35-e929-46bf-8b2d-58a671b58f50,2026-08-06T16:30:00Z,2026-08-06T18:30:00+0200,88.660004,EUR/MWh,DK2,DK_2,day_ahead_price,value,2026-08-22T18:55:39Z
2026-08-22T18:49:31Z,2026-08-22T20:49:31+0200,32ee4a35-e929-46bf-8b2d-58a671b58f50,2026-08-06T16:45:00Z,2026-08-06T18:45:00+0200,106.28,EUR/MWh,DK2,DK_2,day_ahead_price,value,2026-08-22T18:55:39Z
2026-08-22T18:49:31Z,2026-08-22T20:49:31+0200,32ee4a35-e929-46bf-8b2d-58a671b58f50,2026-08-06T17:00:00Z,2026-08-06T19:00:00+0200,103.54,EUR/MWh,DK2,DK_2,day_ahead_price,value,2026-08-22T18:55:39Z
2026-08-22T18:49:31Z,2026-08-22T20:49:31+0200,32ee4a35-e929-46bf-8b2d-58a671b58f50,2026-08-06T17:15:00Z,2026-08-06T19:15:00+0200,97.5,EUR/MWh,DK2,DK_2,day_ahead_price,value,2026-08-22T18:55:39Z
2026-08-22T18:49:31Z,2026-08-22T20:49:31+0200,32ee4a35-e929-46bf-8b2d-58a671b58f50,2026-08-06T17:30:00Z,2026-08-06T19:30:00+0200,95.779999,EUR/MWh,DK2,DK_2,day_ahead_price,value,2026-08-22T18:55:39Z
2026-08-22T18:49:31Z,2026-08-22T20:49:31+0200,32ee4a35-e929-46bf-8b2d-58a671b58f50,2026-08-06T17:45:00Z,2026-08-06T19:45:00+0200,119.51,EUR/MWh,DK2,DK_2,day_ahead_price,value,2026-08-22T18:55:39Z
2026-08-22T18:49:31Z,2026-08-22T20:49:31+0200,32ee4a35-e929-46bf-8b2d-58a671b58f50,2026-08-06T18:00:00Z,2026-08-06T20:00:00+0200,126.66,EUR/MWh,DK2,DK_2,day_ahead_price,value,2026-08-22T18:55:39Z
2026-08-22T18:49:31Z,2026-08-22T20:49:31+0200,32ee4a35-e929-46bf-8b2d-58a671b58f50,2026-08-06T18:15:00Z,2026-08-06T20:15:00+0200,128.73,EUR/MWh,DK2,DK_2,day_ahead_price,value,2026-08-22T18:55:39Z
2026-08-22T18:49:31Z,2026-08-22T20:49:31+0200,32ee4a35-e929-46bf-8b2d-58a671b58f50,2026-08-06T18:30:00Z,2026-08-06T20:30:00+0200,131.9,EUR/MWh,DK2,DK_2,day_ahead_price,value,2026-08-22T18:55:39Z
2026-08-22T18:49:31Z,2026-08-22T20:49:31+0200,32ee4a35-e929-46bf-8b2d-58a671b58f50,2026-08-06T18:45:00Z,2026-08-06T20:45:00+0200,132.14,EUR/MWh,DK2,DK_2,day_ahead_price,value,2026-08-22T18:55:39Z
2026-08-22T18:49:31Z,2026-08-22T20:49:31+0200,32ee4a35-e929-46bf-8b2d-58a671b58f50,2026-08-06T19:00:00Z,2026-08-06T21:00:00+0200,127.800003,EUR/MWh,DK2,DK_2,day_ahead_price,value,2026-08-22T18:55:39Z
2026-08-22T18:49:31Z,2026-08-22T20:49:31+0200,32ee4a35-e929-46bf-8b2d-58a671b58f50,2026-08-06T19:15:00Z,2026-08-06T21:15:00+0200,130.31,EUR/MWh,DK2,DK_2,day_ahead_price,value,2026-08-22T18:55:39Z
2026-08-22T18:49:31Z,2026-08-22T20:49:31+0200,32ee4a35-e929-46bf-8b2d-58a671b58f50,2026-08-06T19:30:00Z,2026-08-06T21:30:00+0200,138.75,EUR/MWh,DK2,DK_2,day_ahead_price,value,2026-08-22T18:55:39Z
2026-08-22T18:49:31Z,2026-08-22T20:49:31+0200,32ee4a35-e929-46bf-8b2d-58a671b58f50,2026-08-06T19:45:00Z,2026-08-06T21:45:00+0200,143.25,EUR/MWh,DK2,DK_2,day_ahead_price,value,2026-08-22T18:55:39Z
2026-08-22T18:49:31Z,2026-08-22T20:49:31+0200,32ee4a35-e929-46bf-8b2d-58a671b58f50,2026-08-06T20:00:00Z,2026-08-06T22:00:00+0200,144.419998,EUR/MWh,DK2,DK_2,day_ahead_price,value,2026-08-22T18:55:39Z
2026-08-22T18:49:31Z,2026-08-22T20:49:31+0200,32ee4a35-e929-46bf-8b2d-58a671b58f50,2026-08-06T20:15:00Z,2026-08-06T22:15:00+0200,143.2,EUR/MWh,DK2,DK_2,day_ahead_price,value,2026-08-22T18:55:39Z
2026-08-22T18:49:31Z,2026-08-22T20:49:31+0200,32ee4a35-e929-46bf-8b2d-58a671b58f50,2026-08-06T20:30:00Z,2026-08-06T22:30:00+0200,142.5,EUR/MWh,DK2,DK_2,day_ahead_price,value,2026-08-22T18:55:39Z
2026-08-22T18:49:31Z,2026-08-22T20:49:31+0200,32ee4a35-e929-46bf-8b2d-58a671b58f50,2026-08-06T20:45:00Z,2026-08-06T22:45:00+0200,138.91,EUR/MWh,DK2,DK_2,day_ahead_price,value,2026-08-22T18:55:39Z
2026-08-22T18:49:31Z,2026-08-22T20:49:31+0200,32ee4a35-e929-46bf-8b2d-58a671b58f50,2026-08-06T21:00:00Z,2026-08-06T23:00:00+0200,142.220001,EUR/MWh,DK2,DK_2,day_ahead_price,value,2026-08-22T18:55:39Z
2026-08-22T18:49:31Z,2026-08-22T20:49:31+0200,32ee4a35-e929-46bf-8b2d-58a671b58f50,2026-08-06T21:15:00Z,2026-08-06T23:15:00+0200,136.320007,EUR/MWh,DK2,DK_2,day_ahead_price,value,2026-08-22T18:55:39Z
2026-08-22T18:49:31Z,2026-08-22T20:49:31+0200,32ee4a35-e929-46bf-8b2d-58a671b58f50,2026-08-06T21:30:00Z,2026-08-06T23:30:00+0200,135.910004,EUR/MWh,DK2,DK_2,day_ahead_price,value,2026-08-22T18:55:39Z
2026-08-22T18:49:31Z,2026-08-22T20:49:31+0200,32ee4a35-e929-46bf-8b2d-58a671b58f50,2026-08-06T21:45:00Z,2026-08-06T23:45:00+0200,135.86,EUR/MWh,DK2,DK_2,day_ahead_price,value,2026-08-22T18:55:39Z
2026-08-22T18:49:31Z,2026-08-22T20:49:31+0200,32ee4a35-e929-46bf-8b2d-58a671b58f50,2026-08-06T22:00:00Z,2026-08-07T00:00:00+0200,134.04,EUR/MWh,DK2,DK_2,day_ahead_price,value,2026-08-22T18:55:39Z
2026-08-22T18:49:31Z,2026-08-22T20:49:31+0200,32ee4a35-e929-46bf-8b2d-58a671b58f50,2026-08-06T22:15:00Z,2026-08-07T00:15:00+0200,132.860001,EUR/MWh,DK2,DK_2,day_ahead_price,value,2026-08-22T18:55:39Z
2026-08-22T18:49:31Z,2026-08-22T20:49:31+0200,32ee4a35-e929-46bf-8b2d-58a671b58f50,2026-08-06T22:30:00Z,2026-08-07T00:30:00+0200,133.080002,EUR/MWh,DK2,DK_2,day_ahead_price,value,2026-08-22T18:55:39Z
2026-08-22T18:49:31Z,2026-08-22T20:49:31+0200,32ee4a35-e929-46bf-8b2d-58a671b58f50,2026-08-06T22:45:00Z,2026-08-07T00:45:00+0200,131.130005,EUR/MWh,DK2,DK_2,day_ahead_price,value,2026-08-22T18:55:39Z
2026-08-22T18:49:31Z,2026-08-22T20:49:31+0200,32ee4a35-e929-46bf-8b2d-58a671b58f50,2026-08-06T23:00:00Z,2026-08-07T01:00:00+0200,131.610001,EUR/MWh,DK2,DK_2,day_ahead_price,value,2026-08-22T18:55:39Z
2026-08-22T18:49:31Z,2026-08-22T20:49:31+0200,32ee4a35-e929-46bf-8b2d-58a671b58f50,2026-08-06T23:15:00Z,2026-08-07T01:15:00+0200,130.92,EUR/MWh,DK2,DK_2,day_ahead_price,value,2026-08-22T18:55:39Z
2026-08-22T18:49:31Z,2026-08-22T20:49:31+0200,32ee4a35-e929-46bf-8b2d-58a671b58f50,2026-08-06T23:30:00Z,2026-08-07T01:30:00+0200,130.88,EUR/MWh,DK2,DK_2,day_ahead_price,value,2026-08-22T18:55:39Z
2026-08-22T18:49:31Z,2026-08-22T20:49:31+0200,32ee4a35-e929-46bf-8b2d-58a671b58f50,2026-08-06T23:45:00Z,2026-08-07T01:45:00+0200,129.089996,EUR/MWh,DK2,DK_2,day_ahead_price,value,2026-08-22T18:55:39Z
2026-08-22T18:49:31Z,2026-08-22T20:49:31+0200,32ee4a35-e929-46bf-8b2d-58a671b58f50,2026-08-07T00:00:00Z,2026-08-07T02:00:00+0200,132.25,EUR/MWh,DK2,DK_2,day_ahead_price,value,2026-08-22T18:55:39Z
2026-08-22T18:49:31Z,2026-08-22T20:49:31+0200,32ee4a35-e929-46bf-8b2d-58a671b58f50,2026-08-07T00:15:00Z,2026-08-07T02:15:00+0200,129.600006,EUR/MWh,DK2,DK_2,day_ahead_price,value,2026-08-22T18:55:39Z
2026-08-22T18:49:31Z,2026-08-22T20:49:31+0200,32ee4a35-e929-46bf-8b2d-58a671b58f50,2026-08-07T00:30:00Z,2026-08-07T02:30:00+0200,127.029999,EUR/MWh,DK2,DK_2,day_ahead_price,value,2026-08-22T18:55:39Z
2026-08-22T18:49:31Z,2026-08-22T20:49:31+0200,32ee4a35-e929-46bf-8b2d-58a671b58f50,2026-08-07T00:45:00Z,2026-08-07T02:45:00+0200,127.879997,EUR/MWh,DK2,DK_2,day_ahead_price,value,2026-08-22T18:55:39Z
2026-08-22T18:49:31Z,2026-08-22T20:49:31+0200,32ee4a35-e929-46bf-8b2d-58a671b58f50,2026-08-07T01:00:00Z,2026-08-07T03:00:00+0200,127.629997,EUR/MWh,DK2,DK_2,day_ahead_price,value,2026-08-22T18:55:39Z
2026-08-22T18:49:31Z,2026-08-22T20:49:31+0200,32ee4a35-e929-46bf-8b2d-58a671b58f50,2026-08-07T01:15:00Z,2026-08-07T03:15:00+0200,127.489998,EUR/MWh,DK2,DK_2,day_ahead_price,value,2026-08-22T18:55:39Z
2026-08-22T18:49:31Z,2026-08-22T20:49:31+0200,32ee4a35-e929-46bf-8b2d-58a671b58f50,2026-08-07T01:30:00Z,2026-08-07T03:30:00+0200,127.790001,EUR/MWh,DK2,DK_2,day_ahead_price,value,2026-08-22T18:55:39Z
2026-08-22T18:49:31Z,2026-08-22T20:49:31+0200,32ee4a35-e929-46bf-8b2d-58a671b58f50,2026-08-07T01:45:00Z,2026-08-07T03:45:00+0200,127.95,EUR/MWh,DK2,DK_2,day_ahead_price,value,2026-08-22T18:55:39Z
2026-08-22T18:49:31Z,2026-08-22T20:49:31+0200,32ee4a35-e929-46bf-8b2d-58a671b58f50,2026-08-07T02:00:00Z,2026-08-07T04:00:00+0200,126.410004,EUR/MWh,DK2,DK_2,day_ahead_price,value,2026-08-22T18:55:39Z
2026-08-22T18:49:31Z,2026-08-22T20:49:31+0200,32ee4a35-e929-46bf-8b2d-58a671b58f50,2026-08-07T02:15:00Z,2026-08-07T04:15:00+0200,127.27,EUR/MWh,DK2,DK_2,day_ahead_price,value,2026-08-22T18:55:39Z
2026-08-22T18:49:31Z,2026-08-22T20:49:31+0200,32ee4a35-e929-46bf-8b2d-58a671b58f50,2026-08-07T02:30:00Z,2026-08-07T04:30:00+0200,128.04,EUR/MWh,DK2,DK_2,day_ahead_price,value,2026-08-22T18:55:39Z
2026-08-22T18:49:31Z,2026-08-22T20:49:31+0200,32ee4a35-e929-46bf-8b2d-58a671b58f50,2026-08-07T02:45:00Z,2026-08-07T04:45:00+0200,128.550003,EUR/MWh,DK2,DK_2,day_ahead_price,value,2026-08-22T18:55:39Z
2026-08-22T18:49:31Z,2026-08-22T20:49:31+0200,32ee4a35-e929-46bf-8b2d-58a671b58f50,2026-08-07T03:00:00Z,2026-08-07T05:00:00+0200,128.5,EUR/MWh,DK2,DK_2,day_ahead_price,value,2026-08-22T18:55:39Z
2026-08-22T18:49:31Z,2026-08-22T20:49:31+0200,32ee4a35-e929-46bf-8b2d-58a671b58f50,2026-08-07T03:15:00Z,2026-08-07T05:15:00+0200,132.92,EUR/MWh,DK2,DK_2,day_ahead_price,value,2026-08-22T18:55:39Z
2026-08-22T18:49:31Z,2026-08-22T20:49:31+0200,32ee4a35-e929-46bf-8b2d-58a671b58f50,2026-08-07T03:30:00Z,2026-08-07T05:30:00+0200,135.470001,EUR/MWh,DK2,DK_2,day_ahead_price,value,2026-08-22T18:55:39Z
2026-08-22T18:49:31Z,2026-08-22T20:49:31+0200,32ee4a35-e929-46bf-8b2d-58a671b58f50,2026-08-07T03:45:00Z,2026-08-07T05:45:00+0200,138.16,EUR/MWh,DK2,DK_2,day_ahead_price,value,2026-08-22T18:55:39Z
2026-08-22T18:49:31Z,2026-08-22T20:49:31+0200,32ee4a35-e929-46bf-8b2d-58a671b58f50,2026-08-07T04:00:00Z,2026-08-07T06:00:00+0200,139.940002,EUR/MWh,DK2,DK_2,day_ahead_price,value,2026-08-22T18:55:39Z
2026-08-22T18:49:31Z,2026-08-22T20:49:31+0200,32ee4a35-e929-46bf-8b2d-58a671b58f50,2026-08-07T04:15:00Z,2026-08-07T06:15:00+0200,143.119995,EUR/MWh,DK2,DK_2,day_ahead_price,value,2026-08-22T18:55:39Z
2026-08-22T18:49:31Z,2026-08-22T20:49:31+0200,32ee4a35-e929-46bf-8b2d-58a671b58f50,2026-08-07T04:30:00Z,2026-08-07T06:30:00+0200,148.01,EUR/MWh,DK2,DK_2,day_ahead_price,value,2026-08-22T18:55:39Z
2026-08-22T18:49:31Z,2026-08-22T20:49:31+0200,32ee4a35-e929-46bf-8b2d-58a671b58f50,2026-08-07T04:45:00Z,2026-08-07T06:45:00+0200,148.73,EUR/MWh,DK2,DK_2,day_ahead_price,value,2026-08-22T18:55:39Z
2026-08-22T18:49:31Z,2026-08-22T20:49:31+0200,32ee4a35-e929-46bf-8b2d-58a671b58f50,2026-08-07T05:00:00Z,2026-08-07T07:00:00+0200,154.17,EUR/MWh,DK2,DK_2,day_ahead_price,value,2026-08-22T18:55:39Z
2026-08-22T18:49:31Z,2026-08-22T20:49:31+0200,32ee4a35-e929-46bf-8b2d-58a671b58f50,2026-08-07T05:15:00Z,2026-08-07T07:15:00+0200,155.08,EUR/MWh,DK2,DK_2,day_ahead_price,value,2026-08-22T18:55:39Z
2026-08-22T18:49:31Z,2026-08-22T20:49:31+0200,32ee4a35-e929-46bf-8b2d-58a671b58f50,2026-08-07T05:30:00Z,2026-08-07T07:30:00+0200,152.24,EUR/MWh,DK2,DK_2,day_ahead_price,value,2026-08-22T18:55:39Z
2026-08-22T18:49:31Z,2026-08-22T20:49:31+0200,32ee4a35-e929-46bf-8b2d-58a671b58f50,2026-08-07T05:45:00Z,2026-08-07T07:45:00+0200,137.78,EUR/MWh,DK2,DK_2,day_ahead_price,value,2026-08-22T18:55:39Z
2026-08-22T18:49:31Z,2026-08-22T20:49:31+0200,32ee4a35-e929-46bf-8b2d-58a671b58f50,2026-08-07T06:00:00Z,2026-08-07T08:00:00+0200,158.26,EUR/MWh,DK2,DK_2,day_ahead_price,value,2026-08-22T18:55:39Z
2026-08-22T18:49:31Z,2026-08-22T20:49:31+0200,32ee4a35-e929-46bf-8b2d-58a671b58f50,2026-08-07T06:15:00Z,2026-08-07T08:15:00+0200,153.53,EUR/MWh,DK2,DK_2,day_ahead_price,value,2026-08-22T18:55:39Z
2026-08-22T18:49:31Z,2026-08-22T20:49:31+0200,32ee4a35-e929-46bf-8b2d-58a671b58f50,2026-08-07T06:30:00Z,2026-08-07T08:30:00+0200,144.03,EUR/MWh,DK2,DK_2,day_ahead_price,value,2026-08-22T18:55:39Z
2026-08-22T18:49:31Z,2026-08-22T20:49:31+0200,32ee4a35-e929-46bf-8b2d-58a671b58f50,2026-08-07T06:45:00Z,2026-08-07T08:45:00+0200,121.290001,EUR/MWh,DK2,DK_2,day_ahead_price,value,2026-08-22T18:55:39Z
2026-08-22T18:49:31Z,2026-08-22T20:49:31+0200,32ee4a35-e929-46bf-8b2d-58a671b58f50,2026-08-07T07:00:00Z,2026-08-07T09:00:00+0200,150.419998,EUR/MWh,DK2,DK_2,day_ahead_price,value,2026-08-22T18:55:39Z
2026-08-22T18:49:31Z,2026-08-22T20:49:31+0200,32ee4a35-e929-46bf-8b2d-58a671b58f50,2026-08-07T07:15:00Z,2026-08-07T09:15:00+0200,130.119995,EUR/MWh,DK2,DK_2,day_ahead_price,value,2026-08-22T18:55:39Z
2026-08-22T18:49:31Z,2026-08-22T20:49:31+0200,32ee4a35-e929-46bf-8b2d-58a671b58f50,2026-08-07T07:30:00Z,2026-08-07T09:30:00+0200,114.139999,EUR/MWh,DK2,DK_2,day_ahead_price,value,2026-08-22T18:55:39Z
2026-08-22T18:49:31Z,2026-08-22T20:49:31+0200,32ee4a35-e929-46bf-8b2d-58a671b58f50,2026-08-07T07:45:00Z,2026-08-07T09:45:00+0200,109.639999,EUR/MWh,DK2,DK_2,day_ahead_price,value,2026-08-22T18:55:39Z
2026-08-22T18:49:31Z,2026-08-22T20:49:31+0200,32ee4a35-e929-46bf-8b2d-58a671b58f50,2026-08-07T08:00:00Z,2026-08-07T10:00:00+0200,109.5,EUR/MWh,DK2,DK_2,day_ahead_price,value,2026-08-22T18:55:39Z
2026-08-22T18:49:31Z,2026-08-22T20:49:31+0200,32ee4a35-e929-46bf-8b2d-58a671b58f50,2026-08-07T08:15:00Z,2026-08-07T10:15:00+0200,102.940002,EUR/MWh,DK2,DK_2,day_ahead_price,value,2026-08-22T18:55:39Z
2026-08-22T18:49:31Z,2026-08-22T20:49:31+0200,32ee4a35-e929-46bf-8b2d-58a671b58f50,2026-08-07T08:30:00Z,2026-08-07T10:30:00+0200,99.44,EUR/MWh,DK2,DK_2,day_ahead_price,value,2026-08-22T18:55:39Z
2026-08-22T18:49:31Z,2026-08-22T20:49:31+0200,32ee4a35-e929-46bf-8b2d-58a671b58f50,2026-08-07T08:45:00Z,2026-08-07T10:45:00+0200,95.160004,EUR/MWh,DK2,DK_2,day_ahead_price,value,2026-08-22T18:55:39Z
2026-08-22T18:49:31Z,2026-08-22T20:49:31+0200,32ee4a35-e929-46bf-8b2d-58a671b58f50,2026-08-07T09:00:00Z,2026-08-07T11:00:00+0200,86.419998,EUR/MWh,DK2,DK_2,day_ahead_price,value,2026-08-22T18:55:39Z
2026-08-22T18:49:31Z,2026-08-22T20:49:31+0200,32ee4a35-e929-46bf-8b2d-58a671b58f50,2026-08-07T09:15:00Z,2026-08-07T11:15:00+0200,76.51,EUR/MWh,DK2,DK_2,day_ahead_price,value,2026-08-22T18:55:39Z
2026-08-22T18:49:31Z,2026-08-22T20:49:31+0200,32ee4a35-e929-46bf-8b2d-58a671b58f50,2026-08-07T09:30:00Z,2026-08-07T11:30:00+0200,63.959999,EUR/MWh,DK2,DK_2,day_ahead_price,value,2026-08-22T18:55:39Z
2026-08-22T18:49:31Z,2026-08-22T20:49:31+0200,32ee4a35-e929-46bf-8b2d-58a671b58f50,2026-08-07T09:45:00Z,2026-08-07T11:45:00+0200,46.299999,EUR/MWh,DK2,DK_2,day_ahead_price,value,2026-08-22T18:55:39Z
2026-08-22T18:49:31Z,2026-08-22T20:49:31+0200,32ee4a35-e929-46bf-8b2d-58a671b58f50,2026-08-07T10:00:00Z,2026-08-07T12:00:00+0200,45.130001,EUR/MWh,DK2,DK_2,day_ahead_price,value,2026-08-22T18:55:39Z
2026-08-22T18:49:31Z,2026-08-22T20:49:31+0200,32ee4a35-e929-46bf-8b2d-58a671b58f50,2026-08-07T10:15:00Z,2026-08-07T12:15:00+0200,32.959999,EUR/MWh,DK2,DK_2,day_ahead_price,value,2026-08-22T18:55:39Z
2026-08-22T18:49:31Z,2026-08-22T20:49:31+0200,32ee4a35-e929-46bf-8b2d-58a671b58f50,2026-08-07T10:30:00Z,2026-08-07T12:30:00+0200,29.629999,EUR/MWh,DK2,DK_2,day_ahead_price,value,2026-08-22T18:55:39Z
2026-08-22T18:49:31Z,2026-08-22T20:49:31+0200,32ee4a35-e929-46bf-8b2d-58a671b58f50,2026-08-07T10:45:00Z,2026-08-07T12:45:00+0200,22.93,EUR/MWh,DK2,DK_2,day_ahead_price,value,2026-08-22T18:55:39Z
2026-08-22T18:49:31Z,2026-08-22T20:49:31+0200,32ee4a35-e929-46bf-8b2d-58a671b58f50,2026-08-07T11:00:00Z,2026-08-07T13:00:00+0200,27.68,EUR/MWh,DK2,DK_2,day_ahead_price,value,2026-08-22T18:55:39Z
2026-08-22T18:49:31Z,2026-08-22T20:49:31+0200,32ee4a35-e929-46bf-8b2d-58a671b58f50,2026-08-07T11:15:00Z,2026-08-07T13:15:00+0200,17.01,EUR/MWh,DK2,DK_2,day_ahead_price,value,2026-08-22T18:55:39Z
2026-08-22T18:49:31Z,2026-08-22T20:49:31+0200,32ee4a35-e929-46bf-8b2d-58a671b58f50,2026-08-07T11:30:00Z,2026-08-07T13:30:00+0200,14.46,EUR/MWh,DK2,DK_2,day_ahead_price,value,2026-08-22T18:55:39Z
2026-08-22T18:49:31Z,2026-08-22T20:49:31+0200,32ee4a35-e929-46bf-8b2d-58a671b58f50,2026-08-07T11:45:00Z,2026-08-07T13:45:00+0200,12.28,EUR/MWh,DK2,DK_2,day_ahead_price,value,2026-08-22T18:55:39Z
2026-08-22T18:49:31Z,2026-08-22T20:49:31+0200,32ee4a35-e929-46bf-8b2d-58a671b58f50,2026-08-07T12:00:00Z,2026-08-07T14:00:00+0200,12.23,EUR/MWh,DK2,DK_2,day_ahead_price,value,2026-08-22T18:55:39Z
2026-08-22T18:49:31Z,2026-08-22T20:49:31+0200,32ee4a35-e929-46bf-8b2d-58a671b58f50,2026-08-07T12:15:00Z,2026-08-07T14:15:00+0200,18.700001,EUR/MWh,DK2,DK_2,day_ahead_price,value,2026-08-22T18:55:39Z
2026-08-22T18:49:31Z,2026-08-22T20:49:31+0200,32ee4a35-e929-46bf-8b2d-58a671b58f50,2026-08-07T12:30:00Z,2026-08-07T14:30:00+0200,23.65,EUR/MWh,DK2,DK_2,day_ahead_price,value,2026-08-22T18:55:39Z
2026-08-22T18:49:31Z,2026-08-22T20:49:31+0200,32ee4a35-e929-46bf-8b2d-58a671b58f50,2026-08-07T12:45:00Z,2026-08-07T14:45:00+0200,34.72,EUR/MWh,DK2,DK_2,day_ahead_price,value,2026-08-22T18:55:39Z
2026-08-22T18:49:31Z,2026-08-22T20:49:31+0200,32ee4a35-e929-46bf-8b2d-58a671b58f50,2026-08-07T13:00:00Z,2026-08-07T15:00:00+0200,27.03,EUR/MWh,DK2,DK_2,day_ahead_price,value,2026-08-22T18:55:39Z
2026-08-22T18:49:31Z,2026-08-22T20:49:31+0200,32ee4a35-e929-46bf-8b2d-58a671b58f50,2026-08-07T13:15:00Z,2026-08-07T15:15:00+0200,38.189999,EUR/MWh,DK2,DK_2,day_ahead_price,value,2026-08-22T18:55:39Z
2026-08-22T18:49:31Z,2026-08-22T20:49:31+0200,32ee4a35-e929-46bf-8b2d-58a671b58f50,2026-08-07T13:30:00Z,2026-08-07T15:30:00+0200,54.58,EUR/MWh,DK2,DK_2,day_ahead_price,value,2026-08-22T18:55:39Z
2026-08-22T18:49:31Z,2026-08-22T20:49:31+0200,32ee4a35-e929-46bf-8b2d-58a671b58f50,2026-08-07T13:45:00Z,2026-08-07T15:45:00+0200,71.41,EUR/MWh,DK2,DK_2,day_ahead_price,value,2026-08-22T18:55:39Z
2026-08-22T18:49:31Z,2026-08-22T20:49:31+0200,32ee4a35-e929-46bf-8b2d-58a671b58f50,2026-08-07T14:00:00Z,2026-08-07T16:00:00+0200,67.290001,EUR/MWh,DK2,DK_2,day_ahead_price,value,2026-08-22T18:55:39Z
2026-08-22T18:49:31Z,2026-08-22T20:49:31+0200,32ee4a35-e929-46bf-8b2d-58a671b58f50,2026-08-07T14:15:00Z,2026-08-07T16:15:00+0200,83.360001,EUR/MWh,DK2,DK_2,day_ahead_price,value,2026-08-22T18:55:39Z
2026-08-22T18:49:31Z,2026-08-22T20:49:31+0200,32ee4a35-e929-46bf-8b2d-58a671b58f50,2026-08-07T14:30:00Z,2026-08-07T16:30:00+0200,91.53,EUR/MWh,DK2,DK_2,day_ahead_price,value,2026-08-22T18:55:39Z
2026-08-22T18:49:31Z,2026-08-22T20:49:31+0200,32ee4a35-e929-46bf-8b2d-58a671b58f50,2026-08-07T14:45:00Z,2026-08-07T16:45:00+0200,105.05,EUR/MWh,DK2,DK_2,day_ahead_price,value,2026-08-22T18:55:39Z
2026-08-22T18:49:31Z,2026-08-22T20:49:31+0200,32ee4a35-e929-46bf-8b2d-58a671b58f50,2026-08-07T15:00:00Z,2026-08-07T17:00:00+0200,102.93,EUR/MWh,DK2,DK_2,day_ahead_price,value,2026-08-22T18:55:39Z
2026-08-22T18:49:31Z,2026-08-22T20:49:31+0200,32ee4a35-e929-46bf-8b2d-58a671b58f50,2026-08-07T15:15:00Z,2026-08-07T17:15:00+0200,109.82,EUR/MWh,DK2,DK_2,day_ahead_price,value,2026-08-22T18:55:39Z
2026-08-22T18:49:31Z,2026-08-22T20:49:31+0200,32ee4a35-e929-46bf-8b2d-58a671b58f50,2026-08-07T15:30:00Z,2026-08-07T17:30:00+0200,121.459999,EUR/MWh,DK2,DK_2,day_ahead_price,value,2026-08-22T18:55:39Z
2026-08-22T18:49:31Z,2026-08-22T20:49:31+0200,32ee4a35-e929-46bf-8b2d-58a671b58f50,2026-08-07T15:45:00Z,2026-08-07T17:45:00+0200,130.25,EUR/MWh,DK2,DK_2,day_ahead_price,value,2026-08-22T18:55:39Z
2026-08-22T18:49:31Z,2026-08-22T20:49:31+0200,32ee4a35-e929-46bf-8b2d-58a671b58f50,2026-08-07T16:00:00Z,2026-08-07T18:00:00+0200,129.01,EUR/MWh,DK2,DK_2,day_ahead_price,value,2026-08-22T18:55:39Z
2026-08-22T18:49:31Z,2026-08-22T20:49:31+0200,32ee4a35-e929-46bf-8b2d-58a671b58f50,2026-08-07T16:15:00Z,2026-08-07T18:15:00+0200,142.380005,EUR/MWh,DK2,DK_2,day_ahead_price,value,2026-08-22T18:55:39Z
2026-08-22T18:49:31Z,2026-08-22T20:49:31+0200,32ee4a35-e929-46bf-8b2d-58a671b58f50,2026-08-07T16:30:00Z,2026-08-07T18:30:00+0200,151.17,EUR/MWh,DK2,DK_2,day_ahead_price,value,2026-08-22T18:55:39Z
2026-08-22T18:49:31Z,2026-08-22T20:49:31+0200,32ee4a35-e929-46bf-8b2d-58a671b58f50,2026-08-07T16:45:00Z,2026-08-07T18:45:00+0200,162.889999,EUR/MWh,DK2,DK_2,day_ahead_price,value,2026-08-22T18:55:39Z
2026-08-22T18:49:31Z,2026-08-22T20:49:31+0200,32ee4a35-e929-46bf-8b2d-58a671b58f50,2026-08-07T17:00:00Z,2026-08-07T19:00:00+0200,155.139999,EUR/MWh,DK2,DK_2,day_ahead_price,value,2026-08-22T18:55:39Z
2026-08-22T18:49:31Z,2026-08-22T20:49:31+0200,32ee4a35-e929-46bf-8b2d-58a671b58f50,2026-08-07T17:15:00Z,2026-08-07T19:15:00+0200,173.03,EUR/MWh,DK2,DK_2,day_ahead_price,value,2026-08-22T18:55:39Z
2026-08-22T18:49:31Z,2026-08-22T20:49:31+0200,32ee4a35-e929-46bf-8b2d-58a671b58f50,2026-08-07T17:30:00Z,2026-08-07T19:30:00+0200,176.979996,EUR/MWh,DK2,DK_2,day_ahead_price,value,2026-08-22T18:55:39Z
2026-08-22T18:49:31Z,2026-08-22T20:49:31+0200,32ee4a35-e929-46bf-8b2d-58a671b58f50,2026-08-07T17:45:00Z,2026-08-07T19:45:00+0200,194.520004,EUR/MWh,DK2,DK_2,day_ahead_price,value,2026-08-22T18:55:39Z
2026-08-22T18:49:31Z,2026-08-22T20:49:31+0200,32ee4a35-e929-46bf-8b2d-58a671b58f50,2026-08-07T18:00:00Z,2026-08-07T20:00:00+0200,187.309998,EUR/MWh,DK2,DK_2,day_ahead_price,value,2026-08-22T18:55:39Z
2026-08-22T18:49:31Z,2026-08-22T20:49:31+0200,32ee4a35-e929-46bf-8b2d-58a671b58f50,2026-08-07T18:15:00Z,2026-08-07T20:15:00+0200,198.11,EUR/MWh,DK2,DK_2,day_ahead_price,value,2026-08-22T18:55:39Z
2026-08-22T18:49:31Z,2026-08-22T20:49:31+0200,32ee4a35-e929-46bf-8b2d-58a671b58f50,2026-08-07T18:30:00Z,2026-08-07T20:30:00+0200,206.31,EUR/MWh,DK2,DK_2,day_ahead_price,value,2026-08-22T18:55:39Z
2026-08-22T18:49:31Z,2026-08-22T20:49:31+0200,32ee4a35-e929-46bf-8b2d-58a671b58f50,2026-08-07T18:45:00Z,2026-08-07T20:45:00+0200,206.01,EUR/MWh,DK2,DK_2,day_ahead_price,value,2026-08-22T18:55:39Z
2026-08-22T18:49:31Z,2026-08-22T20:49:31+0200,32ee4a35-e929-46bf-8b2d-58a671b58f50,2026-08-07T19:00:00Z,2026-08-07T21:00:00+0200,214.51,EUR/MWh,DK2,DK_2,day_ahead_price,value,2026-08-22T18:55:39Z
2026-08-22T18:49:31Z,2026-08-22T20:49:31+0200,32ee4a35-e929-46bf-8b2d-58a671b58f50,2026-08-07T19:15:00Z,2026-08-07T21:15:00+0200,201.15,EUR/MWh,DK2,DK_2,day_ahead_price,value,2026-08-22T18:55:39Z
2026-08-22T18:49:31Z,2026-08-22T20:49:31+0200,32ee4a35-e929-46bf-8b2d-58a671b58f50,2026-08-07T19:30:00Z,2026-08-07T21:30:00+0200,191.19,EUR/MWh,DK2,DK_2,day_ahead_price,value,2026-08-22T18:55:39Z
2026-08-22T18:49:31Z,2026-08-22T20:49:31+0200,32ee4a35-e929-46bf-8b2d-58a671b58f50,2026-08-07T19:45:00Z,2026-08-07T21:45:00+0200,180.16,EUR/MWh,DK2,DK_2,day_ahead_price,value,2026-08-22T18:55:39Z
2026-08-22T18:49:31Z,2026-08-22T20:49:31+0200,32ee4a35-e929-46bf-8b2d-58a671b58f50,2026-08-07T20:00:00Z,2026-08-07T22:00:00+0200,190.76,EUR/MWh,DK2,DK_2,day_ahead_price,value,2026-08-22T18:55:39Z
2026-08-22T18:49:31Z,2026-08-22T20:49:31+0200,32ee4a35-e929-46bf-8b2d-58a671b58f50,2026-08-07T20:15:00Z,2026-08-07T22:15:00+0200,178.589996,EUR/MWh,DK2,DK_2,day_ahead_price,value,2026-08-22T18:55:39Z
2026-08-22T18:49:31Z,2026-08-22T20:49:31+0200,32ee4a35-e929-46bf-8b2d-58a671b58f50,2026-08-07T20:30:00Z,2026-08-07T22:30:00+0200,175.050003,EUR/MWh,DK2,DK_2,day_ahead_price,value,2026-08-22T18:55:39Z
2026-08-22T18:49:31Z,2026-08-22T20:49:31+0200,32ee4a35-e929-46bf-8b2d-58a671b58f50,2026-08-07T20:45:00Z,2026-08-07T22:45:00+0200,170.729996,EUR/MWh,DK2,DK_2,day_ahead_price,value,2026-08-22T18:55:39Z
2026-08-22T18:49:31Z,2026-08-22T20:49:31+0200,32ee4a35-e929-46bf-8b2d-58a671b58f50,2026-08-07T21:00:00Z,2026-08-07T23:00:00+0200,171.860001,EUR/MWh,DK2,DK_2,day_ahead_price,value,2026-08-22T18:55:39Z
2026-08-22T18:49:31Z,2026-08-22T20:49:31+0200,32ee4a35-e929-46bf-8b2d-58a671b58f50,2026-08-07T21:15:00Z,2026-08-07T23:15:00+0200,166.729996,EUR/MWh,DK2,DK_2,day_ahead_price,value,2026-08-22T18:55:39Z
2026-08-22T18:49:31Z,2026-08-22T20:49:31+0200,32ee4a35-e929-46bf-8b2d-58a671b58f50,2026-08-07T21:30:00Z,2026-08-07T23:30:00+0200,163.820007,EUR/MWh,DK2,DK_2,day_ahead_price,value,2026-08-22T18:55:39Z
2026-08-22T18:49:31Z,2026-08-22T20:49:31+0200,32ee4a35-e929-46bf-8b2d-58a671b58f50,2026-08-07T21:45:00Z,2026-08-07T23:45:00+0200,161.0,EUR/MWh,DK2,DK_2,day_ahead_price,value,2026-08-22T18:55:39Z
2026-08-22T18:49:31Z,2026-08-22T20:49:31+0200,32ee4a35-e929-46bf-8b2d-58a671b58f50,2026-08-07T22:00:00Z,2026-08-08T00:00:00+0200,163.17,EUR/MWh,DK2,DK_2,day_ahead_price,value,2026-08-22T18:55:39Z
2026-08-22T18:49:31Z,2026-08-22T20:49:31+0200,32ee4a35-e929-46bf-8b2d-58a671b58f50,2026-08-07T22:15:00Z,2026-08-08T00:15:00+0200,157.03,EUR/MWh,DK2,DK_2,day_ahead_price,value,2026-08-22T18:55:39Z
2026-08-22T18:49:31Z,2026-08-22T20:49:31+0200,32ee4a35-e929-46bf-8b2d-58a671b58f50,2026-08-07T22:30:00Z,2026-08-08T00:30:00+0200,155.16,EUR/MWh,DK2,DK_2,day_ahead_price,value,2026-08-22T18:55:39Z
2026-08-22T18:49:31Z,2026-08-22T20:49:31+0200,32ee4a35-e929-46bf-8b2d-58a671b58f50,2026-08-07T22:45:00Z,2026-08-08T00:45:00+0200,147.13,EUR/MWh,DK2,DK_2,day_ahead_price,value,2026-08-22T18:55:39Z
2026-08-22T18:49:31Z,2026-08-22T20:49:31+0200,32ee4a35-e929-46bf-8b2d-58a671b58f50,2026-08-07T23:00:00Z,2026-08-08T01:00:00+0200,155.2,EUR/MWh,DK2,DK_2,day_ahead_price,value,2026-08-22T18:55:39Z
2026-08-22T18:49:31Z,2026-08-22T20:49:31+0200,32ee4a35-e929-46bf-8b2d-58a671b58f50,2026-08-07T23:15:00Z,2026-08-08T01:15:00+0200,150.61,EUR/MWh,DK2,DK_2,day_ahead_price,value,2026-08-22T18:55:39Z
2026-08-22T18:49:31Z,2026-08-22T20:49:31+0200,32ee4a35-e929-46bf-8b2d-58a671b58f50,2026-08-07T23:30:00Z,2026-08-08T01:30:00+0200,147.06,EUR/MWh,DK2,DK_2,day_ahead_price,value,2026-08-22T18:55:39Z
2026-08-22T18:49:31Z,2026-08-22T20:49:31+0200,32ee4a35-e929-46bf-8b2d-58a671b58f50,2026-08-07T23:45:00Z,2026-08-08T01:45:00+0200,142.85,EUR/MWh,DK2,DK_2,day_ahead_price,value,2026-08-22T18:55:39Z
2026-08-22T18:49:31Z,2026-08-22T20:49:31+0200,32ee4a35-e929-46bf-8b2d-58a671b58f50,2026-08-08T00:00:00Z,2026-08-08T02:00:00+0200,148.54,EUR/MWh,DK2,DK_2,day_ahead_price,value,2026-08-22T18:55:39Z
2026-08-22T18:49:31Z,2026-08-22T20:49:31+0200,32ee4a35-e929-46bf-8b2d-58a671b58f50,2026-08-08T00:15:00Z,2026-08-08T02:15:00+0200,145.24,EUR/MWh,DK2,DK_2,day_ahead_price,value,2026-08-22T18:55:39Z
2026-08-22T18:49:31Z,2026-08-22T20:49:31+0200,32ee4a35-e929-46bf-8b2d-58a671b58f50,2026-08-08T00:30:00Z,2026-08-08T02:30:00+0200,144.51,EUR/MWh,DK2,DK_2,day_ahead_price,value,2026-08-22T18:55:39Z
2026-08-22T18:49:31Z,2026-08-22T20:49:31+0200,32ee4a35-e929-46bf-8b2d-58a671b58f50,2026-08-08T00:45:00Z,2026-08-08T02:45:00+0200,142.22,EUR/MWh,DK2,DK_2,day_ahead_price,value,2026-08-22T18:55:39Z
2026-08-22T18:49:31Z,2026-08-22T20:49:31+0200,32ee4a35-e929-46bf-8b2d-58a671b58f50,2026-08-08T01:00:00Z,2026-08-08T03:00:00+0200,146.69,EUR/MWh,DK2,DK_2,day_ahead_price,value,2026-08-22T18:55:39Z
2026-08-22T18:49:31Z,2026-08-22T20:49:31+0200,32ee4a35-e929-46bf-8b2d-58a671b58f50,2026-08-08T01:15:00Z,2026-08-08T03:15:00+0200,145.94,EUR/MWh,DK2,DK_2,day_ahead_price,value,2026-08-22T18:55:39Z
2026-08-22T18:49:31Z,2026-08-22T20:49:31+0200,32ee4a35-e929-46bf-8b2d-58a671b58f50,2026-08-08T01:30:00Z,2026-08-08T03:30:00+0200,145.79,EUR/MWh,DK2,DK_2,day_ahead_price,value,2026-08-22T18:55:39Z
2026-08-22T18:49:31Z,2026-08-22T20:49:31+0200,32ee4a35-e929-46bf-8b2d-58a671b58f50,2026-08-08T01:45:00Z,2026-08-08T03:45:00+0200,144.19,EUR/MWh,DK2,DK_2,day_ahead_price,value,2026-08-22T18:55:39Z
2026-08-22T18:49:31Z,2026-08-22T20:49:31+0200,32ee4a35-e929-46bf-8b2d-58a671b58f50,2026-08-08T02:00:00Z,2026-08-08T04:00:00+0200,141.71,EUR/MWh,DK2,DK_2,day_ahead_price,value,2026-08-22T18:55:39Z
2026-08-22T18:49:31Z,2026-08-22T20:49:31+0200,32ee4a35-e929-46bf-8b2d-58a671b58f50,2026-08-08T02:15:00Z,2026-08-08T04:15:00+0200,144.25,EUR/MWh,DK2,DK_2,day_ahead_price,value,2026-08-22T18:55:39Z
2026-08-22T18:49:31Z,2026-08-22T20:49:31+0200,32ee4a35-e929-46bf-8b2d-58a671b58f50,2026-08-08T02:30:00Z,2026-08-08T04:30:00+0200,144.27,EUR/MWh,DK2,DK_2,day_ahead_price,value,2026-08-22T18:55:39Z
2026-08-22T18:49:31Z,2026-08-22T20:49:31+0200,32ee4a35-e929-46bf-8b2d-58a671b58f50,2026-08-08T02:45:00Z,2026-08-08T04:45:00+0200,144.05,EUR/MWh,DK2,DK_2,day_ahead_price,value,2026-08-22T18:55:39Z
2026-08-22T18:49:31Z,2026-08-22T20:49:31+0200,32ee4a35-e929-46bf-8b2d-58a671b58f50,2026-08-08T03:00:00Z,2026-08-08T05:00:00+0200,139.75,EUR/MWh,DK2,DK_2,day_ahead_price,value,2026-08-22T18:55:39Z
2026-08-22T18:49:31Z,2026-08-22T20:49:31+0200,32ee4a35-e929-46bf-8b2d-58a671b58f50,2026-08-08T03:15:00Z,2026-08-08T05:15:00+0200,141.25,EUR/MWh,DK2,DK_2,day_ahead_price,value,2026-08-22T18:55:39Z
2026-08-22T18:49:31Z,2026-08-22T20:49:31+0200,32ee4a35-e929-46bf-8b2d-58a671b58f50,2026-08-08T03:30:00Z,2026-08-08T05:30:00+0200,147.69,EUR/MWh,DK2,DK_2,day_ahead_price,value,2026-08-22T18:55:39Z
2026-08-22T18:49:31Z,2026-08-22T20:49:31+0200,32ee4a35-e929-46bf-8b2d-58a671b58f50,2026-08-08T03:45:00Z,2026-08-08T05:45:00+0200,153.45,EUR/MWh,DK2,DK_2,day_ahead_price,value,2026-08-22T18:55:39Z
2026-08-22T18:49:31Z,2026-08-22T20:49:31+0200,32ee4a35-e929-46bf-8b2d-58a671b58f50,2026-08-08T04:00:00Z,2026-08-08T06:00:00+0200,154.99,EUR/MWh,DK2,DK_2,day_ahead_price,value,2026-08-22T18:55:39Z
2026-08-22T18:49:31Z,2026-08-22T20:49:31+0200,32ee4a35-e929-46bf-8b2d-58a671b58f50,2026-08-08T04:15:00Z,2026-08-08T06:15:00+0200,148.31,EUR/MWh,DK2,DK_2,day_ahead_price,value,2026-08-22T18:55:39Z
2026-08-22T18:49:31Z,2026-08-22T20:49:31+0200,32ee4a35-e929-46bf-8b2d-58a671b58f50,2026-08-08T04:30:00Z,2026-08-08T06:30:00+0200,143.92,EUR/MWh,DK2,DK_2,day_ahead_price,value,2026-08-22T18:55:39Z
2026-08-22T18:49:31Z,2026-08-22T20:49:31+0200,32ee4a35-e929-46bf-8b2d-58a671b58f50,2026-08-08T04:45:00Z,2026-08-08T06:45:00+0200,139.22,EUR/MWh,DK2,DK_2,day_ahead_price,value,2026-08-22T18:55:39Z
2026-08-22T18:49:31Z,2026-08-22T20:49:31+0200,32ee4a35-e929-46bf-8b2d-58a671b58f50,2026-08-08T05:00:00Z,2026-08-08T07:00:00+0200,153.5,EUR/MWh,DK2,DK_2,day_ahead_price,value,2026-08-22T18:55:39Z
2026-08-22T18:49:31Z,2026-08-22T20:49:31+0200,32ee4a35-e929-46bf-8b2d-58a671b58f50,2026-08-08T05:15:00Z,2026-08-08T07:15:00+0200,140.4,EUR/MWh,DK2,DK_2,day_ahead_price,value,2026-08-22T18:55:39Z
2026-08-22T18:49:31Z,2026-08-22T20:49:31+0200,32ee4a35-e929-46bf-8b2d-58a671b58f50,2026-08-08T05:30:00Z,2026-08-08T07:30:00+0200,137.38,EUR/MWh,DK2,DK_2,day_ahead_price,value,2026-08-22T18:55:39Z
2026-08-22T18:49:31Z,2026-08-22T20:49:31+0200,32ee4a35-e929-46bf-8b2d-58a671b58f50,2026-08-08T05:45:00Z,2026-08-08T07:45:00+0200,120.18,EUR/MWh,DK2,DK_2,day_ahead_price,value,2026-08-22T18:55:39Z
2026-08-22T18:49:31Z,2026-08-22T20:49:31+0200,32ee4a35-e929-46bf-8b2d-58a671b58f50,2026-08-08T06:00:00Z,2026-08-08T08:00:00+0200,143.25,EUR/MWh,DK2,DK_2,day_ahead_price,value,2026-08-22T18:55:39Z
2026-08-22T18:49:31Z,2026-08-22T20:49:31+0200,32ee4a35-e929-46bf-8b2d-58a671b58f50,2026-08-08T06:15:00Z,2026-08-08T08:15:00+0200,125.02,EUR/MWh,DK2,DK_2,day_ahead_price,value,2026-08-22T18:55:39Z
2026-08-22T18:49:31Z,2026-08-22T20:49:31+0200,32ee4a35-e929-46bf-8b2d-58a671b58f50,2026-08-08T06:30:00Z,2026-08-08T08:30:00+0200,106.7,EUR/MWh,DK2,DK_2,day_ahead_price,value,2026-08-22T18:55:39Z
2026-08-22T18:49:31Z,2026-08-22T20:49:31+0200,32ee4a35-e929-46bf-8b2d-58a671b58f50,2026-08-08T06:45:00Z,2026-08-08T08:45:00+0200,82.99,EUR/MWh,DK2,DK_2,day_ahead_price,value,2026-08-22T18:55:39Z
2026-08-22T18:49:31Z,2026-08-22T20:49:31+0200,32ee4a35-e929-46bf-8b2d-58a671b58f50,2026-08-08T07:00:00Z,2026-08-08T09:00:00+0200,107.54,EUR/MWh,DK2,DK_2,day_ahead_price,value,2026-08-22T18:55:39Z
2026-08-22T18:49:31Z,2026-08-22T20:49:31+0200,32ee4a35-e929-46bf-8b2d-58a671b58f50,2026-08-08T07:15:00Z,2026-08-08T09:15:00+0200,87.67,EUR/MWh,DK2,DK_2,day_ahead_price,value,2026-08-22T18:55:39Z
2026-08-22T18:49:31Z,2026-08-22T20:49:31+0200,32ee4a35-e929-46bf-8b2d-58a671b58f50,2026-08-08T07:30:00Z,2026-08-08T09:30:00+0200,44.94,EUR/MWh,DK2,DK_2,day_ahead_price,value,2026-08-22T18:55:39Z
2026-08-22T18:49:31Z,2026-08-22T20:49:31+0200,32ee4a35-e929-46bf-8b2d-58a671b58f50,2026-08-08T07:45:00Z,2026-08-08T09:45:00+0200,10.03,EUR/MWh,DK2,DK_2,day_ahead_price,value,2026-08-22T18:55:39Z
2026-08-22T18:49:31Z,2026-08-22T20:49:31+0200,32ee4a35-e929-46bf-8b2d-58a671b58f50,2026-08-08T08:00:00Z,2026-08-08T10:00:00+0200,12.32,EUR/MWh,DK2,DK_2,day_ahead_price,value,2026-08-22T18:55:39Z
2026-08-22T18:49:31Z,2026-08-22T20:49:31+0200,32ee4a35-e929-46bf-8b2d-58a671b58f50,2026-08-08T08:15:00Z,2026-08-08T10:15:00+0200,3.21,EUR/MWh,DK2,DK_2,day_ahead_price,value,2026-08-22T18:55:39Z
2026-08-22T18:49:31Z,2026-08-22T20:49:31+0200,32ee4a35-e929-46bf-8b2d-58a671b58f50,2026-08-08T08:30:00Z,2026-08-08T10:30:00+0200,1.57,EUR/MWh,DK2,DK_2,day_ahead_price,value,2026-08-22T18:55:39Z
2026-08-22T18:49:31Z,2026-08-22T20:49:31+0200,32ee4a35-e929-46bf-8b2d-58a671b58f50,2026-08-08T08:45:00Z,2026-08-08T10:45:00+0200,1.22,EUR/MWh,DK2,DK_2,day_ahead_price,value,2026-08-22T18:55:39Z
2026-08-22T18:49:31Z,2026-08-22T20:49:31+0200,32ee4a35-e929-46bf-8b2d-58a671b58f50,2026-08-08T09:00:00Z,2026-08-08T11:00:00+0200,2.2,EUR/MWh,DK2,DK_2,day_ahead_price,value,2026-08-22T18:55:39Z
2026-08-22T18:49:31Z,2026-08-22T20:49:31+0200,32ee4a35-e929-46bf-8b2d-58a671b58f50,2026-08-08T09:15:00Z,2026-08-08T11:15:00+0200,2.06,EUR/MWh,DK2,DK_2,day_ahead_price,value,2026-08-22T18:55:39Z
2026-08-22T18:49:31Z,2026-08-22T20:49:31+0200,32ee4a35-e929-46bf-8b2d-58a671b58f50,2026-08-08T09:30:00Z,2026-08-08T11:30:00+0200,2.06,EUR/MWh,DK2,DK_2,day_ahead_price,value,2026-08-22T18:55:39Z
2026-08-22T18:49:31Z,2026-08-22T20:49:31+0200,32ee4a35-e929-46bf-8b2d-58a671b58f50,2026-08-08T09:45:00Z,2026-08-08T11:45:00+0200,1.99,EUR/MWh,DK2,DK_2,day_ahead_price,value,2026-08-22T18:55:39Z
2026-08-22T18:49:31Z,2026-08-22T20:49:31+0200,32ee4a35-e929-46bf-8b2d-58a671b58f50,2026-08-08T10:00:00Z,2026-08-08T12:00:00+0200,1.83,EUR/MWh,DK2,DK_2,day_ahead_price,value,2026-08-22T18:55:39Z
2026-08-22T18:49:31Z,2026-08-22T20:49:31+0200,32ee4a35-e929-46bf-8b2d-58a671b58f50,2026-08-08T10:15:00Z,2026-08-08T12:15:00+0200,1.37,EUR/MWh,DK2,DK_2,day_ahead_price,value,2026-08-22T18:55:39Z
2026-08-22T18:49:31Z,2026-08-22T20:49:31+0200,32ee4a35-e929-46bf-8b2d-58a671b58f50,2026-08-08T10:30:00Z,2026-08-08T12:30:00+0200,1.02,EUR/MWh,DK2,DK_2,day_ahead_price,value,2026-08-22T18:55:39Z
2026-08-22T18:49:31Z,2026-08-22T20:49:31+0200,32ee4a35-e929-46bf-8b2d-58a671b58f50,2026-08-08T10:45:00Z,2026-08-08T12:45:00+0200,0.96,EUR/MWh,DK2,DK_2,day_ahead_price,value,2026-08-22T18:55:39Z
2026-08-22T18:49:31Z,2026-08-22T20:49:31+0200,32ee4a35-e929-46bf-8b2d-58a671b58f50,2026-08-08T11:00:00Z,2026-08-08T13:00:00+0200,0.57,EUR/MWh,DK2,DK_2,day_ahead_price,value,2026-08-22T18:55:39Z
2026-08-22T18:49:31Z,2026-08-22T20:49:31+0200,32ee4a35-e929-46bf-8b2d-58a671b58f50,2026-08-08T11:15:00Z,2026-08-08T13:15:00+0200,0.51,EUR/MWh,DK2,DK_2,day_ahead_price,value,2026-08-22T18:55:39Z
2026-08-22T18:49:31Z,2026-08-22T20:49:31+0200,32ee4a35-e929-46bf-8b2d-58a671b58f50,2026-08-08T11:30:00Z,2026-08-08T13:30:00+0200,0.49,EUR/MWh,DK2,DK_2,day_ahead_price,value,2026-08-22T18:55:39Z
2026-08-22T18:49:31Z,2026-08-22T20:49:31+0200,32ee4a35-e929-46bf-8b2d-58a671b58f50,2026-08-08T11:45:00Z,2026-08-08T13:45:00+0200,0.49,EUR/MWh,DK2,DK_2,day_ahead_price,value,2026-08-22T18:55:39Z
2026-08-22T18:49:31Z,2026-08-22T20:49:31+0200,32ee4a35-e929-46bf-8b2d-58a671b58f50,2026-08-08T12:00:00Z,2026-08-08T14:00:00+0200,0.56,EUR/MWh,DK2,DK_2,day_ahead_price,value,2026-08-22T18:55:39Z
2026-08-22T18:49:31Z,2026-08-22T20:49:31+0200,32ee4a35-e929-46bf-8b2d-58a671b58f50,2026-08-08T12:15:00Z,2026-08-08T14:15:00+0200,0.57,EUR/MWh,DK2,DK_2,day_ahead_price,value,2026-08-22T18:55:39Z
2026-08-22T18:49:31Z,2026-08-22T20:49:31+0200,32ee4a35-e929-46bf-8b2d-58a671b58f50,2026-08-08T12:30:00Z,2026-08-08T14:30:00+0200,0.55,EUR/MWh,DK2,DK_2,day_ahead_price,value,2026-08-22T18:55:39Z
2026-08-22T18:49:31Z,2026-08-22T20:49:31+0200,32ee4a35-e929-46bf-8b2d-58a671b58f50,2026-08-08T12:45:00Z,2026-08-08T14:45:00+0200,0.59,EUR/MWh,DK2,DK_2,day_ahead_price,value,2026-08-22T18:55:39Z
2026-08-22T18:49:31Z,2026-08-22T20:49:31+0200,32ee4a35-e929-46bf-8b2d-58a671b58f50,2026-08-08T13:00:00Z,2026-08-08T15:00:00+0200,0.81,EUR/MWh,DK2,DK_2,day_ahead_price,value,2026-08-22T18:55:39Z
2026-08-22T18:49:31Z,2026-08-22T20:49:31+0200,32ee4a35-e929-46bf-8b2d-58a671b58f50,2026-08-08T13:15:00Z,2026-08-08T15:15:00+0200,0.97,EUR/MWh,DK2,DK_2,day_ahead_price,value,2026-08-22T18:55:39Z
2026-08-22T18:49:31Z,2026-08-22T20:49:31+0200,32ee4a35-e929-46bf-8b2d-58a671b58f50,2026-08-08T13:30:00Z,2026-08-08T15:30:00+0200,0.92,EUR/MWh,DK2,DK_2,day_ahead_price,value,2026-08-22T18:55:39Z
2026-08-22T18:49:31Z,2026-08-22T20:49:31+0200,32ee4a35-e929-46bf-8b2d-58a671b58f50,2026-08-08T13:45:00Z,2026-08-08T15:45:00+0200,0.94,EUR/MWh,DK2,DK_2,day_ahead_price,value,2026-08-22T18:55:39Z
2026-08-22T18:49:31Z,2026-08-22T20:49:31+0200,32ee4a35-e929-46bf-8b2d-58a671b58f50,2026-08-08T14:00:00Z,2026-08-08T16:00:00+0200,0.85,EUR/MWh,DK2,DK_2,day_ahead_price,value,2026-08-22T18:55:39Z
2026-08-22T18:49:31Z,2026-08-22T20:49:31+0200,32ee4a35-e929-46bf-8b2d-58a671b58f50,2026-08-08T14:15:00Z,2026-08-08T16:15:00+0200,1.34,EUR/MWh,DK2,DK_2,day_ahead_price,value,2026-08-22T18:55:39Z
2026-08-22T18:49:31Z,2026-08-22T20:49:31+0200,32ee4a35-e929-46bf-8b2d-58a671b58f50,2026-08-08T14:30:00Z,2026-08-08T16:30:00+0200,5.12,EUR/MWh,DK2,DK_2,day_ahead_price,value,2026-08-22T18:55:39Z
2026-08-22T18:49:31Z,2026-08-22T20:49:31+0200,32ee4a35-e929-46bf-8b2d-58a671b58f50,2026-08-08T14:45:00Z,2026-08-08T16:45:00+0200,11.11,EUR/MWh,DK2,DK_2,day_ahead_price,value,2026-08-22T18:55:39Z
2026-08-22T18:49:31Z,2026-08-22T20:49:31+0200,32ee4a35-e929-46bf-8b2d-58a671b58f50,2026-08-08T15:00:00Z,2026-08-08T17:00:00+0200,4.22,EUR/MWh,DK2,DK_2,day_ahead_price,value,2026-08-22T18:55:39Z
2026-08-22T18:49:31Z,2026-08-22T20:49:31+0200,32ee4a35-e929-46bf-8b2d-58a671b58f50,2026-08-08T15:15:00Z,2026-08-08T17:15:00+0200,34.99,EUR/MWh,DK2,DK_2,day_ahead_price,value,2026-08-22T18:55:39Z
2026-08-22T18:49:31Z,2026-08-22T20:49:31+0200,32ee4a35-e929-46bf-8b2d-58a671b58f50,2026-08-08T15:30:00Z,2026-08-08T17:30:00+0200,107.11,EUR/MWh,DK2,DK_2,day_ahead_price,value,2026-08-22T18:55:39Z
2026-08-22T18:49:31Z,2026-08-22T20:49:31+0200,32ee4a35-e929-46bf-8b2d-58a671b58f50,2026-08-08T15:45:00Z,2026-08-08T17:45:00+0200,131.6,EUR/MWh,DK2,DK_2,day_ahead_price,value,2026-08-22T18:55:39Z
2026-08-22T18:49:31Z,2026-08-22T20:49:31+0200,32ee4a35-e929-46bf-8b2d-58a671b58f50,2026-08-08T16:00:00Z,2026-08-08T18:00:00+0200,108.76,EUR/MWh,DK2,DK_2,day_ahead_price,value,2026-08-22T18:55:39Z
2026-08-22T18:49:31Z,2026-08-22T20:49:31+0200,32ee4a35-e929-46bf-8b2d-58a671b58f50,2026-08-08T16:15:00Z,2026-08-08T18:15:00+0200,134.15,EUR/MWh,DK2,DK_2,day_ahead_price,value,2026-08-22T18:55:39Z
2026-08-22T18:49:31Z,2026-08-22T20:49:31+0200,32ee4a35-e929-46bf-8b2d-58a671b58f50,2026-08-08T16:30:00Z,2026-08-08T18:30:00+0200,158.16,EUR/MWh,DK2,DK_2,day_ahead_price,value,2026-08-22T18:55:39Z
2026-08-22T18:49:31Z,2026-08-22T20:49:31+0200,32ee4a35-e929-46bf-8b2d-58a671b58f50,2026-08-08T16:45:00Z,2026-08-08T18:45:00+0200,164.29,EUR/MWh,DK2,DK_2,day_ahead_price,value,2026-08-22T18:55:39Z
2026-08-22T18:49:31Z,2026-08-22T20:49:31+0200,32ee4a35-e929-46bf-8b2d-58a671b58f50,2026-08-08T17:00:00Z,2026-08-08T19:00:00+0200,149.63,EUR/MWh,DK2,DK_2,day_ahead_price,value,2026-08-22T18:55:39Z
2026-08-22T18:49:31Z,2026-08-22T20:49:31+0200,32ee4a35-e929-46bf-8b2d-58a671b58f50,2026-08-08T17:15:00Z,2026-08-08T19:15:00+0200,161.02,EUR/MWh,DK2,DK_2,day_ahead_price,value,2026-08-22T18:55:39Z
2026-08-22T18:49:31Z,2026-08-22T20:49:31+0200,32ee4a35-e929-46bf-8b2d-58a671b58f50,2026-08-08T17:30:00Z,2026-08-08T19:30:00+0200,170.95,EUR/MWh,DK2,DK_2,day_ahead_price,value,2026-08-22T18:55:39Z
2026-08-22T18:49:31Z,2026-08-22T20:49:31+0200,32ee4a35-e929-46bf-8b2d-58a671b58f50,2026-08-08T17:45:00Z,2026-08-08T19:45:00+0200,191.56,EUR/MWh,DK2,DK_2,day_ahead_price,value,2026-08-22T18:55:39Z
2026-08-22T18:49:31Z,2026-08-22T20:49:31+0200,32ee4a35-e929-46bf-8b2d-58a671b58f50,2026-08-08T18:00:00Z,2026-08-08T20:00:00+0200,185.46,EUR/MWh,DK2,DK_2,day_ahead_price,value,2026-08-22T18:55:39Z
2026-08-22T18:49:31Z,2026-08-22T20:49:31+0200,32ee4a35-e929-46bf-8b2d-58a671b58f50,2026-08-08T18:15:00Z,2026-08-08T20:15:00+0200,186.29,EUR/MWh,DK2,DK_2,day_ahead_price,value,2026-08-22T18:55:39Z
2026-08-22T18:49:31Z,2026-08-22T20:49:31+0200,32ee4a35-e929-46bf-8b2d-58a671b58f50,2026-08-08T18:30:00Z,2026-08-08T20:30:00+0200,183.52,EUR/MWh,DK2,DK_2,day_ahead_price,value,2026-08-22T18:55:39Z
2026-08-22T18:49:31Z,2026-08-22T20:49:31+0200,32ee4a35-e929-46bf-8b2d-58a671b58f50,2026-08-08T18:45:00Z,2026-08-08T20:45:00+0200,183.75,EUR/MWh,DK2,DK_2,day_ahead_price,value,2026-08-22T18:55:39Z
2026-08-22T18:49:31Z,2026-08-22T20:49:31+0200,32ee4a35-e929-46bf-8b2d-58a671b58f50,2026-08-08T19:00:00Z,2026-08-08T21:00:00+0200,186.77,EUR/MWh,DK2,DK_2,day_ahead_price,value,2026-08-22T18:55:39Z
2026-08-22T18:49:31Z,2026-08-22T20:49:31+0200,32ee4a35-e929-46bf-8b2d-58a671b58f50,2026-08-08T19:15:00Z,2026-08-08T21:15:00+0200,187.33,EUR/MWh,DK2,DK_2,day_ahead_price,value,2026-08-22T18:55:39Z
2026-08-22T18:49:31Z,2026-08-22T20:49:31+0200,32ee4a35-e929-46bf-8b2d-58a671b58f50,2026-08-08T19:30:00Z,2026-08-08T21:30:00+0200,178.53,EUR/MWh,DK2,DK_2,day_ahead_price,value,2026-08-22T18:55:39Z
2026-08-22T18:49:31Z,2026-08-22T20:49:31+0200,32ee4a35-e929-46bf-8b2d-58a671b58f50,2026-08-08T19:45:00Z,2026-08-08T21:45:00+0200,165.64,EUR/MWh,DK2,DK_2,day_ahead_price,value,2026-08-22T18:55:39Z
2026-08-22T18:49:31Z,2026-08-22T20:49:31+0200,32ee4a35-e929-46bf-8b2d-58a671b58f50,2026-08-08T20:00:00Z,2026-08-08T22:00:00+0200,185.18,EUR/MWh,DK2,DK_2,day_ahead_price,value,2026-08-22T18:55:39Z
2026-08-22T18:49:31Z,2026-08-22T20:49:31+0200,32ee4a35-e929-46bf-8b2d-58a671b58f50,2026-08-08T20:15:00Z,2026-08-08T22:15:00+0200,170.48,EUR/MWh,DK2,DK_2,day_ahead_price,value,2026-08-22T18:55:39Z
2026-08-22T18:49:31Z,2026-08-22T20:49:31+0200,32ee4a35-e929-46bf-8b2d-58a671b58f50,2026-08-08T20:30:00Z,2026-08-08T22:30:00+0200,167.9,EUR/MWh,DK2,DK_2,day_ahead_price,value,2026-08-22T18:55:39Z
2026-08-22T18:49:31Z,2026-08-22T20:49:31+0200,32ee4a35-e929-46bf-8b2d-58a671b58f50,2026-08-08T20:45:00Z,2026-08-08T22:45:00+0200,159.84,EUR/MWh,DK2,DK_2,day_ahead_price,value,2026-08-22T18:55:39Z
2026-08-22T18:49:31Z,2026-08-22T20:49:31+0200,32ee4a35-e929-46bf-8b2d-58a671b58f50,2026-08-08T21:00:00Z,2026-08-08T23:00:00+0200,161.96,EUR/MWh,DK2,DK_2,day_ahead_price,value,2026-08-22T18:55:39Z
2026-08-22T18:49:31Z,2026-08-22T20:49:31+0200,32ee4a35-e929-46bf-8b2d-58a671b58f50,2026-08-08T21:15:00Z,2026-08-08T23:15:00+0200,155.9,EUR/MWh,DK2,DK_2,day_ahead_price,value,2026-08-22T18:55:39Z
2026-08-22T18:49:31Z,2026-08-22T20:49:31+0200,32ee4a35-e929-46bf-8b2d-58a671b58f50,2026-08-08T21:30:00Z,2026-08-08T23:30:00+0200,155.24,EUR/MWh,DK2,DK_2,day_ahead_price,value,2026-08-22T18:55:39Z
2026-08-22T18:49:31Z,2026-08-22T20:49:31+0200,32ee4a35-e929-46bf-8b2d-58a671b58f50,2026-08-08T21:45:00Z,2026-08-08T23:45:00+0200,144.56,EUR/MWh,DK2,DK_2,day_ahead_price,value,2026-08-22T18:55:39Z
2026-08-22T18:49:31Z,2026-08-22T20:49:31+0200,32ee4a35-e929-46bf-8b2d-58a671b58f50,2026-08-08T22:00:00Z,2026-08-09T00:00:00+0200,155.2,EUR/MWh,DK2,DK_2,day_ahead_price,value,2026-08-22T18:55:39Z
2026-08-22T18:49:31Z,2026-08-22T20:49:31+0200,32ee4a35-e929-46bf-8b2d-58a671b58f50,2026-08-08T22:15:00Z,2026-08-09T00:15:00+0200,147.949997,EUR/MWh,DK2,DK_2,day_ahead_price,value,2026-08-22T18:55:39Z
2026-08-22T18:49:31Z,2026-08-22T20:49:31+0200,32ee4a35-e929-46bf-8b2d-58a671b58f50,2026-08-08T22:30:00Z,2026-08-09T00:30:00+0200,143.809998,EUR/MWh,DK2,DK_2,day_ahead_price,value,2026-08-22T18:55:39Z
2026-08-22T18:49:31Z,2026-08-22T20:49:31+0200,32ee4a35-e929-46bf-8b2d-58a671b58f50,2026-08-08T22:45:00Z,2026-08-09T00:45:00+0200,134.139999,EUR/MWh,DK2,DK_2,day_ahead_price,value,2026-08-22T18:55:39Z
2026-08-22T18:49:31Z,2026-08-22T20:49:31+0200,32ee4a35-e929-46bf-8b2d-58a671b58f50,2026-08-08T23:00:00Z,2026-08-09T01:00:00+0200,139.990005,EUR/MWh,DK2,DK_2,day_ahead_price,value,2026-08-22T18:55:39Z
2026-08-22T18:49:31Z,2026-08-22T20:49:31+0200,32ee4a35-e929-46bf-8b2d-58a671b58f50,2026-08-08T23:15:00Z,2026-08-09T01:15:00+0200,140.11,EUR/MWh,DK2,DK_2,day_ahead_price,value,2026-08-22T18:55:39Z
2026-08-22T18:49:31Z,2026-08-22T20:49:31+0200,32ee4a35-e929-46bf-8b2d-58a671b58f50,2026-08-08T23:30:00Z,2026-08-09T01:30:00+0200,141.23,EUR/MWh,DK2,DK_2,day_ahead_price,value,2026-08-22T18:55:39Z
2026-08-22T18:49:31Z,2026-08-22T20:49:31+0200,32ee4a35-e929-46bf-8b2d-58a671b58f50,2026-08-08T23:45:00Z,2026-08-09T01:45:00+0200,136.039993,EUR/MWh,DK2,DK_2,day_ahead_price,value,2026-08-22T18:55:39Z
2026-08-22T18:49:31Z,2026-08-22T20:49:31+0200,32ee4a35-e929-46bf-8b2d-58a671b58f50,2026-08-09T00:00:00Z,2026-08-09T02:00:00+0200,141.06,EUR/MWh,DK2,DK_2,day_ahead_price,value,2026-08-22T18:55:39Z
2026-08-22T18:49:31Z,2026-08-22T20:49:31+0200,32ee4a35-e929-46bf-8b2d-58a671b58f50,2026-08-09T00:15:00Z,2026-08-09T02:15:00+0200,136.28,EUR/MWh,DK2,DK_2,day_ahead_price,value,2026-08-22T18:55:39Z
2026-08-22T18:49:31Z,2026-08-22T20:49:31+0200,32ee4a35-e929-46bf-8b2d-58a671b58f50,2026-08-09T00:30:00Z,2026-08-09T02:30:00+0200,135.19,EUR/MWh,DK2,DK_2,day_ahead_price,value,2026-08-22T18:55:39Z
2026-08-22T18:49:31Z,2026-08-22T20:49:31+0200,32ee4a35-e929-46bf-8b2d-58a671b58f50,2026-08-09T00:45:00Z,2026-08-09T02:45:00+0200,133.24,EUR/MWh,DK2,DK_2,day_ahead_price,value,2026-08-22T18:55:39Z
2026-08-22T18:49:31Z,2026-08-22T20:49:31+0200,32ee4a35-e929-46bf-8b2d-58a671b58f50,2026-08-09T01:00:00Z,2026-08-09T03:00:00+0200,135.0,EUR/MWh,DK2,DK_2,day_ahead_price,value,2026-08-22T18:55:39Z
2026-08-22T18:49:31Z,2026-08-22T20:49:31+0200,32ee4a35-e929-46bf-8b2d-58a671b58f50,2026-08-09T01:15:00Z,2026-08-09T03:15:00+0200,134.869995,EUR/MWh,DK2,DK_2,day_ahead_price,value,2026-08-22T18:55:39Z
2026-08-22T18:49:31Z,2026-08-22T20:49:31+0200,32ee4a35-e929-46bf-8b2d-58a671b58f50,2026-08-09T01:30:00Z,2026-08-09T03:30:00+0200,133.57,EUR/MWh,DK2,DK_2,day_ahead_price,value,2026-08-22T18:55:39Z
2026-08-22T18:49:31Z,2026-08-22T20:49:31+0200,32ee4a35-e929-46bf-8b2d-58a671b58f50,2026-08-09T01:45:00Z,2026-08-09T03:45:00+0200,132.350006,EUR/MWh,DK2,DK_2,day_ahead_price,value,2026-08-22T18:55:39Z
2026-08-22T18:49:31Z,2026-08-22T20:49:31+0200,32ee4a35-e929-46bf-8b2d-58a671b58f50,2026-08-09T02:00:00Z,2026-08-09T04:00:00+0200,133.52,EUR/MWh,DK2,DK_2,day_ahead_price,value,2026-08-22T18:55:39Z
2026-08-22T18:49:31Z,2026-08-22T20:49:31+0200,32ee4a35-e929-46bf-8b2d-58a671b58f50,2026-08-09T02:15:00Z,2026-08-09T04:15:00+0200,134.910004,EUR/MWh,DK2,DK_2,day_ahead_price,value,2026-08-22T18:55:39Z
2026-08-22T18:49:31Z,2026-08-22T20:49:31+0200,32ee4a35-e929-46bf-8b2d-58a671b58f50,2026-08-09T02:30:00Z,2026-08-09T04:30:00+0200,133.850006,EUR/MWh,DK2,DK_2,day_ahead_price,value,2026-08-22T18:55:39Z
2026-08-22T18:49:31Z,2026-08-22T20:49:31+0200,32ee4a35-e929-46bf-8b2d-58a671b58f50,2026-08-09T02:45:00Z,2026-08-09T04:45:00+0200,133.809998,EUR/MWh,DK2,DK_2,day_ahead_price,value,2026-08-22T18:55:39Z
2026-08-22T18:49:31Z,2026-08-22T20:49:31+0200,32ee4a35-e929-46bf-8b2d-58a671b58f50,2026-08-09T03:00:00Z,2026-08-09T05:00:00+0200,136.990005,EUR/MWh,DK2,DK_2,day_ahead_price,value,2026-08-22T18:55:39Z
2026-08-22T18:49:31Z,2026-08-22T20:49:31+0200,32ee4a35-e929-46bf-8b2d-58a671b58f50,2026-08-09T03:15:00Z,2026-08-09T05:15:00+0200,134.990005,EUR/MWh,DK2,DK_2,day_ahead_price,value,2026-08-22T18:55:39Z
2026-08-22T18:49:31Z,2026-08-22T20:49:31+0200,32ee4a35-e929-46bf-8b2d-58a671b58f50,2026-08-09T03:30:00Z,2026-08-09T05:30:00+0200,135.7,EUR/MWh,DK2,DK_2,day_ahead_price,value,2026-08-22T18:55:39Z
2026-08-22T18:49:31Z,2026-08-22T20:49:31+0200,32ee4a35-e929-46bf-8b2d-58a671b58f50,2026-08-09T03:45:00Z,2026-08-09T05:45:00+0200,132.320007,EUR/MWh,DK2,DK_2,day_ahead_price,value,2026-08-22T18:55:39Z
2026-08-22T18:49:31Z,2026-08-22T20:49:31+0200,32ee4a35-e929-46bf-8b2d-58a671b58f50,2026-08-09T04:00:00Z,2026-08-09T06:00:00+0200,143.369995,EUR/MWh,DK2,DK_2,day_ahead_price,value,2026-08-22T18:55:39Z
2026-08-22T18:49:31Z,2026-08-22T20:49:31+0200,32ee4a35-e929-46bf-8b2d-58a671b58f50,2026-08-09T04:15:00Z,2026-08-09T06:15:00+0200,134.18,EUR/MWh,DK2,DK_2,day_ahead_price,value,2026-08-22T18:55:39Z
2026-08-22T18:49:31Z,2026-08-22T20:49:31+0200,32ee4a35-e929-46bf-8b2d-58a671b58f50,2026-08-09T04:30:00Z,2026-08-09T06:30:00+0200,128.88,EUR/MWh,DK2,DK_2,day_ahead_price,value,2026-08-22T18:55:39Z
2026-08-22T18:49:31Z,2026-08-22T20:49:31+0200,32ee4a35-e929-46bf-8b2d-58a671b58f50,2026-08-09T04:45:00Z,2026-08-09T06:45:00+0200,120.760002,EUR/MWh,DK2,DK_2,day_ahead_price,value,2026-08-22T18:55:39Z
2026-08-22T18:49:31Z,2026-08-22T20:49:31+0200,32ee4a35-e929-46bf-8b2d-58a671b58f50,2026-08-09T05:00:00Z,2026-08-09T07:00:00+0200,133.27,EUR/MWh,DK2,DK_2,day_ahead_price,value,2026-08-22T18:55:39Z
2026-08-22T18:49:31Z,2026-08-22T20:49:31+0200,32ee4a35-e929-46bf-8b2d-58a671b58f50,2026-08-09T05:15:00Z,2026-08-09T07:15:00+0200,123.650002,EUR/MWh,DK2,DK_2,day_ahead_price,value,2026-08-22T18:55:39Z
2026-08-22T18:49:31Z,2026-08-22T20:49:31+0200,32ee4a35-e929-46bf-8b2d-58a671b58f50,2026-08-09T05:30:00Z,2026-08-09T07:30:00+0200,113.87,EUR/MWh,DK2,DK_2,day_ahead_price,value,2026-08-22T18:55:39Z
2026-08-22T18:49:31Z,2026-08-22T20:49:31+0200,32ee4a35-e929-46bf-8b2d-58a671b58f50,2026-08-09T05:45:00Z,2026-08-09T07:45:00+0200,100.699997,EUR/MWh,DK2,DK_2,day_ahead_price,value,2026-08-22T18:55:39Z
2026-08-22T18:49:31Z,2026-08-22T20:49:31+0200,32ee4a35-e929-46bf-8b2d-58a671b58f50,2026-08-09T06:00:00Z,2026-08-09T08:00:00+0200,115.96,EUR/MWh,DK2,DK_2,day_ahead_price,value,2026-08-22T18:55:39Z
2026-08-22T18:49:31Z,2026-08-22T20:49:31+0200,32ee4a35-e929-46bf-8b2d-58a671b58f50,2026-08-09T06:15:00Z,2026-08-09T08:15:00+0200,106.410004,EUR/MWh,DK2,DK_2,day_ahead_price,value,2026-08-22T18:55:39Z
2026-08-22T18:49:31Z,2026-08-22T20:49:31+0200,32ee4a35-e929-46bf-8b2d-58a671b58f50,2026-08-09T06:30:00Z,2026-08-09T08:30:00+0200,83.519997,EUR/MWh,DK2,DK_2,day_ahead_price,value,2026-08-22T18:55:39Z
2026-08-22T18:49:31Z,2026-08-22T20:49:31+0200,32ee4a35-e929-46bf-8b2d-58a671b58f50,2026-08-09T06:45:00Z,2026-08-09T08:45:00+0200,59.67,EUR/MWh,DK2,DK_2,day_ahead_price,value,2026-08-22T18:55:39Z
2026-08-22T18:49:31Z,2026-08-22T20:49:31+0200,32ee4a35-e929-46bf-8b2d-58a671b58f50,2026-08-09T07:00:00Z,2026-08-09T09:00:00+0200,71.48,EUR/MWh,DK2,DK_2,day_ahead_price,value,2026-08-22T18:55:39Z
2026-08-22T18:49:31Z,2026-08-22T20:49:31+0200,32ee4a35-e929-46bf-8b2d-58a671b58f50,2026-08-09T07:15:00Z,2026-08-09T09:15:00+0200,29.74,EUR/MWh,DK2,DK_2,day_ahead_price,value,2026-08-22T18:55:39Z
2026-08-22T18:49:31Z,2026-08-22T20:49:31+0200,32ee4a35-e929-46bf-8b2d-58a671b58f50,2026-08-09T07:30:00Z,2026-08-09T09:30:00+0200,4.9,EUR/MWh,DK2,DK_2,day_ahead_price,value,2026-08-22T18:55:39Z
2026-08-22T18:49:31Z,2026-08-22T20:49:31+0200,32ee4a35-e929-46bf-8b2d-58a671b58f50,2026-08-09T07:45:00Z,2026-08-09T09:45:00+0200,1.47,EUR/MWh,DK2,DK_2,day_ahead_price,value,2026-08-22T18:55:39Z
2026-08-22T18:49:31Z,2026-08-22T20:49:31+0200,32ee4a35-e929-46bf-8b2d-58a671b58f50,2026-08-09T08:00:00Z,2026-08-09T10:00:00+0200,1.38,EUR/MWh,DK2,DK_2,day_ahead_price,value,2026-08-22T18:55:39Z
2026-08-22T18:49:31Z,2026-08-22T20:49:31+0200,32ee4a35-e929-46bf-8b2d-58a671b58f50,2026-08-09T08:15:00Z,2026-08-09T10:15:00+0200,0.89,EUR/MWh,DK2,DK_2,day_ahead_price,value,2026-08-22T18:55:39Z
2026-08-22T18:49:31Z,2026-08-22T20:49:31+0200,32ee4a35-e929-46bf-8b2d-58a671b58f50,2026-08-09T08:30:00Z,2026-08-09T10:30:00+0200,0.36,EUR/MWh,DK2,DK_2,day_ahead_price,value,2026-08-22T18:55:39Z
2026-08-22T18:49:31Z,2026-08-22T20:49:31+0200,32ee4a35-e929-46bf-8b2d-58a671b58f50,2026-08-09T08:45:00Z,2026-08-09T10:45:00+0200,0.39,EUR/MWh,DK2,DK_2,day_ahead_price,value,2026-08-22T18:55:39Z
2026-08-22T18:49:31Z,2026-08-22T20:49:31+0200,32ee4a35-e929-46bf-8b2d-58a671b58f50,2026-08-09T09:00:00Z,2026-08-09T11:00:00+0200,0.13,EUR/MWh,DK2,DK_2,day_ahead_price,value,2026-08-22T18:55:39Z
2026-08-22T18:49:31Z,2026-08-22T20:49:31+0200,32ee4a35-e929-46bf-8b2d-58a671b58f50,2026-08-09T09:15:00Z,2026-08-09T11:15:00+0200,0.41,EUR/MWh,DK2,DK_2,day_ahead_price,value,2026-08-22T18:55:39Z
2026-08-22T18:49:31Z,2026-08-22T20:49:31+0200,32ee4a35-e929-46bf-8b2d-58a671b58f50,2026-08-09T09:30:00Z,2026-08-09T11:30:00+0200,0.43,EUR/MWh,DK2,DK_2,day_ahead_price,value,2026-08-22T18:55:39Z
2026-08-22T18:49:31Z,2026-08-22T20:49:31+0200,32ee4a35-e929-46bf-8b2d-58a671b58f50,2026-08-09T09:45:00Z,2026-08-09T11:45:00+0200,0.49,EUR/MWh,DK2,DK_2,day_ahead_price,value,2026-08-22T18:55:39Z
2026-08-22T18:49:31Z,2026-08-22T20:49:31+0200,32ee4a35-e929-46bf-8b2d-58a671b58f50,2026-08-09T10:00:00Z,2026-08-09T12:00:00+0200,0.07,EUR/MWh,DK2,DK_2,day_ahead_price,value,2026-08-22T18:55:39Z
2026-08-22T18:49:31Z,2026-08-22T20:49:31+0200,32ee4a35-e929-46bf-8b2d-58a671b58f50,2026-08-09T10:15:00Z,2026-08-09T12:15:00+0200,0.01,EUR/MWh,DK2,DK_2,day_ahead_price,value,2026-08-22T18:55:39Z
2026-08-22T18:49:31Z,2026-08-22T20:49:31+0200,32ee4a35-e929-46bf-8b2d-58a671b58f50,2026-08-09T10:30:00Z,2026-08-09T12:30:00+0200,0.01,EUR/MWh,DK2,DK_2,day_ahead_price,value,2026-08-22T18:55:39Z
2026-08-22T18:49:31Z,2026-08-22T20:49:31+0200,32ee4a35-e929-46bf-8b2d-58a671b58f50,2026-08-09T10:45:00Z,2026-08-09T12:45:00+0200,0.0,EUR/MWh,DK2,DK_2,day_ahead_price,value,2026-08-22T18:55:39Z
2026-08-22T18:49:31Z,2026-08-22T20:49:31+0200,32ee4a35-e929-46bf-8b2d-58a671b58f50,2026-08-09T11:00:00Z,2026-08-09T13:00:00+0200,0.0,EUR/MWh,DK2,DK_2,day_ahead_price,value,2026-08-22T18:55:39Z
2026-08-22T18:49:31Z,2026-08-22T20:49:31+0200,32ee4a35-e929-46bf-8b2d-58a671b58f50,2026-08-09T11:15:00Z,2026-08-09T13:15:00+0200,0.0,EUR/MWh,DK2,DK_2,day_ahead_price,value,2026-08-22T18:55:39Z
2026-08-22T18:49:31Z,2026-08-22T20:49:31+0200,32ee4a35-e929-46bf-8b2d-58a671b58f50,2026-08-09T11:30:00Z,2026-08-09T13:30:00+0200,0.0,EUR/MWh,DK2,DK_2,day_ahead_price,value,2026-08-22T18:55:39Z
2026-08-22T18:49:31Z,2026-08-22T20:49:31+0200,32ee4a35-e929-46bf-8b2d-58a671b58f50,2026-08-09T11:45:00Z,2026-08-09T13:45:00+0200,0.0,EUR/MWh,DK2,DK_2,day_ahead_price,value,2026-08-22T18:55:39Z
2026-08-22T18:49:31Z,2026-08-22T20:49:31+0200,32ee4a35-e929-46bf-8b2d-58a671b58f50,2026-08-09T12:00:00Z,2026-08-09T14:00:00+0200,-0.01,EUR/MWh,DK2,DK_2,day_ahead_price,value,2026-08-22T18:55:39Z
2026-08-22T18:49:31Z,2026-08-22T20:49:31+0200,32ee4a35-e929-46bf-8b2d-58a671b58f50,2026-08-09T12:15:00Z,2026-08-09T14:15:00+0200,-0.01,EUR/MWh,DK2,DK_2,day_ahead_price,value,2026-08-22T18:55:39Z
2026-08-22T18:49:31Z,2026-08-22T20:49:31+0200,32ee4a35-e929-46bf-8b2d-58a671b58f50,2026-08-09T12:30:00Z,2026-08-09T14:30:00+0200,-0.01,EUR/MWh,DK2,DK_2,day_ahead_price,value,2026-08-22T18:55:39Z
2026-08-22T18:49:31Z,2026-08-22T20:49:31+0200,32ee4a35-e929-46bf-8b2d-58a671b58f50,2026-08-09T12:45:00Z,2026-08-09T14:45:00+0200,-0.01,EUR/MWh,DK2,DK_2,day_ahead_price,value,2026-08-22T18:55:39Z
2026-08-22T18:49:31Z,2026-08-22T20:49:31+0200,32ee4a35-e929-46bf-8b2d-58a671b58f50,2026-08-09T13:00:00Z,2026-08-09T15:00:00+0200,-0.01,EUR/MWh,DK2,DK_2,day_ahead_price,value,2026-08-22T18:55:39Z
2026-08-22T18:49:31Z,2026-08-22T20:49:31+0200,32ee4a35-e929-46bf-8b2d-58a671b58f50,2026-08-09T13:15:00Z,2026-08-09T15:15:00+0200,-0.01,EUR/MWh,DK2,DK_2,day_ahead_price,value,2026-08-22T18:55:39Z
2026-08-22T18:49:31Z,2026-08-22T20:49:31+0200,32ee4a35-e929-46bf-8b2d-58a671b58f50,2026-08-09T13:30:00Z,2026-08-09T15:30:00+0200,-0.01,EUR/MWh,DK2,DK_2,day_ahead_price,value,2026-08-22T18:55:39Z
2026-08-22T18:49:31Z,2026-08-22T20:49:31+0200,32ee4a35-e929-46bf-8b2d-58a671b58f50,2026-08-09T13:45:00Z,2026-08-09T15:45:00+0200,0.0,EUR/MWh,DK2,DK_2,day_ahead_price,value,2026-08-22T18:55:39Z
2026-08-22T18:49:31Z,2026-08-22T20:49:31+0200,32ee4a35-e929-46bf-8b2d-58a671b58f50,2026-08-09T14:00:00Z,2026-08-09T16:00:00+0200,0.0,EUR/MWh,DK2,DK_2,day_ahead_price,value,2026-08-22T18:55:39Z
2026-08-22T18:49:31Z,2026-08-22T20:49:31+0200,32ee4a35-e929-46bf-8b2d-58a671b58f50,2026-08-09T14:15:00Z,2026-08-09T16:15:00+0200,0.64,EUR/MWh,DK2,DK_2,day_ahead_price,value,2026-08-22T18:55:39Z
2026-08-22T18:49:31Z,2026-08-22T20:49:31+0200,32ee4a35-e929-46bf-8b2d-58a671b58f50,2026-08-09T14:30:00Z,2026-08-09T16:30:00+0200,1.0,EUR/MWh,DK2,DK_2,day_ahead_price,value,2026-08-22T18:55:39Z
2026-08-22T18:49:31Z,2026-08-22T20:49:31+0200,32ee4a35-e929-46bf-8b2d-58a671b58f50,2026-08-09T14:45:00Z,2026-08-09T16:45:00+0200,13.96,EUR/MWh,DK2,DK_2,day_ahead_price,value,2026-08-22T18:55:39Z
2026-08-22T18:49:31Z,2026-08-22T20:49:31+0200,32ee4a35-e929-46bf-8b2d-58a671b58f50,2026-08-09T15:00:00Z,2026-08-09T17:00:00+0200,7.07,EUR/MWh,DK2,DK_2,day_ahead_price,value,2026-08-22T18:55:39Z
2026-08-22T18:49:31Z,2026-08-22T20:49:31+0200,32ee4a35-e929-46bf-8b2d-58a671b58f50,2026-08-09T15:15:00Z,2026-08-09T17:15:00+0200,72.79,EUR/MWh,DK2,DK_2,day_ahead_price,value,2026-08-22T18:55:39Z
2026-08-22T18:49:31Z,2026-08-22T20:49:31+0200,32ee4a35-e929-46bf-8b2d-58a671b58f50,2026-08-09T15:30:00Z,2026-08-09T17:30:00+0200,106.870003,EUR/MWh,DK2,DK_2,day_ahead_price,value,2026-08-22T18:55:39Z
2026-08-22T18:49:31Z,2026-08-22T20:49:31+0200,32ee4a35-e929-46bf-8b2d-58a671b58f50,2026-08-09T15:45:00Z,2026-08-09T17:45:00+0200,144.64,EUR/MWh,DK2,DK_2,day_ahead_price,value,2026-08-22T18:55:39Z
2026-08-22T18:49:31Z,2026-08-22T20:49:31+0200,32ee4a35-e929-46bf-8b2d-58a671b58f50,2026-08-09T16:00:00Z,2026-08-09T18:00:00+0200,121.95,EUR/MWh,DK2,DK_2,day_ahead_price,value,2026-08-22T18:55:39Z
2026-08-22T18:49:31Z,2026-08-22T20:49:31+0200,32ee4a35-e929-46bf-8b2d-58a671b58f50,2026-08-09T16:15:00Z,2026-08-09T18:15:00+0200,151.01,EUR/MWh,DK2,DK_2,day_ahead_price,value,2026-08-22T18:55:39Z
2026-08-22T18:49:31Z,2026-08-22T20:49:31+0200,32ee4a35-e929-46bf-8b2d-58a671b58f50,2026-08-09T16:30:00Z,2026-08-09T18:30:00+0200,160.970001,EUR/MWh,DK2,DK_2,day_ahead_price,value,2026-08-22T18:55:39Z
2026-08-22T18:49:31Z,2026-08-22T20:49:31+0200,32ee4a35-e929-46bf-8b2d-58a671b58f50,2026-08-09T16:45:00Z,2026-08-09T18:45:00+0200,171.19,EUR/MWh,DK2,DK_2,day_ahead_price,value,2026-08-22T18:55:39Z
2026-08-22T18:49:31Z,2026-08-22T20:49:31+0200,32ee4a35-e929-46bf-8b2d-58a671b58f50,2026-08-09T17:00:00Z,2026-08-09T19:00:00+0200,154.76,EUR/MWh,DK2,DK_2,day_ahead_price,value,2026-08-22T18:55:39Z
2026-08-22T18:49:31Z,2026-08-22T20:49:31+0200,32ee4a35-e929-46bf-8b2d-58a671b58f50,2026-08-09T17:15:00Z,2026-08-09T19:15:00+0200,161.389999,EUR/MWh,DK2,DK_2,day_ahead_price,value,2026-08-22T18:55:39Z
2026-08-22T18:49:31Z,2026-08-22T20:49:31+0200,32ee4a35-e929-46bf-8b2d-58a671b58f50,2026-08-09T17:30:00Z,2026-08-09T19:30:00+0200,171.619995,EUR/MWh,DK2,DK_2,day_ahead_price,value,2026-08-22T18:55:39Z
2026-08-22T18:49:31Z,2026-08-22T20:49:31+0200,32ee4a35-e929-46bf-8b2d-58a671b58f50,2026-08-09T17:45:00Z,2026-08-09T19:45:00+0200,187.54,EUR/MWh,DK2,DK_2,day_ahead_price,value,2026-08-22T18:55:39Z
2026-08-22T18:49:31Z,2026-08-22T20:49:31+0200,32ee4a35-e929-46bf-8b2d-58a671b58f50,2026-08-09T18:00:00Z,2026-08-09T20:00:00+0200,171.770004,EUR/MWh,DK2,DK_2,day_ahead_price,value,2026-08-22T18:55:39Z
2026-08-22T18:49:31Z,2026-08-22T20:49:31+0200,32ee4a35-e929-46bf-8b2d-58a671b58f50,2026-08-09T18:15:00Z,2026-08-09T20:15:00+0200,176.729996,EUR/MWh,DK2,DK_2,day_ahead_price,value,2026-08-22T18:55:39Z
2026-08-22T18:49:31Z,2026-08-22T20:49:31+0200,32ee4a35-e929-46bf-8b2d-58a671b58f50,2026-08-09T18:30:00Z,2026-08-09T20:30:00+0200,178.490005,EUR/MWh,DK2,DK_2,day_ahead_price,value,2026-08-22T18:55:39Z
2026-08-22T18:49:31Z,2026-08-22T20:49:31+0200,32ee4a35-e929-46bf-8b2d-58a671b58f50,2026-08-09T18:45:00Z,2026-08-09T20:45:00+0200,176.97,EUR/MWh,DK2,DK_2,day_ahead_price,value,2026-08-22T18:55:39Z
2026-08-22T18:49:31Z,2026-08-22T20:49:31+0200,32ee4a35-e929-46bf-8b2d-58a671b58f50,2026-08-09T19:00:00Z,2026-08-09T21:00:00+0200,175.229996,EUR/MWh,DK2,DK_2,day_ahead_price,value,2026-08-22T18:55:39Z
2026-08-22T18:49:31Z,2026-08-22T20:49:31+0200,32ee4a35-e929-46bf-8b2d-58a671b58f50,2026-08-09T19:15:00Z,2026-08-09T21:15:00+0200,175.73,EUR/MWh,DK2,DK_2,day_ahead_price,value,2026-08-22T18:55:39Z
2026-08-22T18:49:31Z,2026-08-22T20:49:31+0200,32ee4a35-e929-46bf-8b2d-58a671b58f50,2026-08-09T19:30:00Z,2026-08-09T21:30:00+0200,175.31,EUR/MWh,DK2,DK_2,day_ahead_price,value,2026-08-22T18:55:39Z
2026-08-22T18:49:31Z,2026-08-22T20:49:31+0200,32ee4a35-e929-46bf-8b2d-58a671b58f50,2026-08-09T19:45:00Z,2026-08-09T21:45:00+0200,170.26,EUR/MWh,DK2,DK_2,day_ahead_price,value,2026-08-22T18:55:39Z
2026-08-22T18:49:31Z,2026-08-22T20:49:31+0200,32ee4a35-e929-46bf-8b2d-58a671b58f50,2026-08-09T20:00:00Z,2026-08-09T22:00:00+0200,174.05,EUR/MWh,DK2,DK_2,day_ahead_price,value,2026-08-22T18:55:39Z
2026-08-22T18:49:31Z,2026-08-22T20:49:31+0200,32ee4a35-e929-46bf-8b2d-58a671b58f50,2026-08-09T20:15:00Z,2026-08-09T22:15:00+0200,171.1,EUR/MWh,DK2,DK_2,day_ahead_price,value,2026-08-22T18:55:39Z
2026-08-22T18:49:31Z,2026-08-22T20:49:31+0200,32ee4a35-e929-46bf-8b2d-58a671b58f50,2026-08-09T20:30:00Z,2026-08-09T22:30:00+0200,170.889999,EUR/MWh,DK2,DK_2,day_ahead_price,value,2026-08-22T18:55:39Z
2026-08-22T18:49:31Z,2026-08-22T20:49:31+0200,32ee4a35-e929-46bf-8b2d-58a671b58f50,2026-08-09T20:45:00Z,2026-08-09T22:45:00+0200,163.960007,EUR/MWh,DK2,DK_2,day_ahead_price,value,2026-08-22T18:55:39Z
2026-08-22T18:49:31Z,2026-08-22T20:49:31+0200,32ee4a35-e929-46bf-8b2d-58a671b58f50,2026-08-09T21:00:00Z,2026-08-09T23:00:00+0200,163.26,EUR/MWh,DK2,DK_2,day_ahead_price,value,2026-08-22T18:55:39Z
2026-08-22T18:49:31Z,2026-08-22T20:49:31+0200,32ee4a35-e929-46bf-8b2d-58a671b58f50,2026-08-09T21:15:00Z,2026-08-09T23:15:00+0200,157.919998,EUR/MWh,DK2,DK_2,day_ahead_price,value,2026-08-22T18:55:39Z
2026-08-22T18:49:31Z,2026-08-22T20:49:31+0200,32ee4a35-e929-46bf-8b2d-58a671b58f50,2026-08-09T21:30:00Z,2026-08-09T23:30:00+0200,157.57,EUR/MWh,DK2,DK_2,day_ahead_price,value,2026-08-22T18:55:39Z
2026-08-22T18:49:31Z,2026-08-22T20:49:31+0200,32ee4a35-e929-46bf-8b2d-58a671b58f50,2026-08-09T21:45:00Z,2026-08-09T23:45:00+0200,148.03,EUR/MWh,DK2,DK_2,day_ahead_price,value,2026-08-22T18:55:39Z
2026-08-22T18:49:31Z,2026-08-22T20:49:31+0200,32ee4a35-e929-46bf-8b2d-58a671b58f50,2026-08-09T22:00:00Z,2026-08-10T00:00:00+0200,152.93,EUR/MWh,DK2,DK_2,day_ahead_price,value,2026-08-22T18:55:39Z
2026-08-22T18:49:31Z,2026-08-22T20:49:31+0200,32ee4a35-e929-46bf-8b2d-58a671b58f50,2026-08-09T22:15:00Z,2026-08-10T00:15:00+0200,151.910004,EUR/MWh,DK2,DK_2,day_ahead_price,value,2026-08-22T18:55:39Z
2026-08-22T18:49:31Z,2026-08-22T20:49:31+0200,32ee4a35-e929-46bf-8b2d-58a671b58f50,2026-08-09T22:30:00Z,2026-08-10T00:30:00+0200,144.020004,EUR/MWh,DK2,DK_2,day_ahead_price,value,2026-08-22T18:55:39Z
2026-08-22T18:49:31Z,2026-08-22T20:49:31+0200,32ee4a35-e929-46bf-8b2d-58a671b58f50,2026-08-09T22:45:00Z,2026-08-10T00:45:00+0200,135.839996,EUR/MWh,DK2,DK_2,day_ahead_price,value,2026-08-22T18:55:39Z
2026-08-22T18:49:31Z,2026-08-22T20:49:31+0200,32ee4a35-e929-46bf-8b2d-58a671b58f50,2026-08-09T23:00:00Z,2026-08-10T01:00:00+0200,144.59,EUR/MWh,DK2,DK_2,day_ahead_price,value,2026-08-22T18:55:39Z
2026-08-22T18:49:31Z,2026-08-22T20:49:31+0200,32ee4a35-e929-46bf-8b2d-58a671b58f50,2026-08-09T23:15:00Z,2026-08-10T01:15:00+0200,138.5,EUR/MWh,DK2,DK_2,day_ahead_price,value,2026-08-22T18:55:39Z
2026-08-22T18:49:31Z,2026-08-22T20:49:31+0200,32ee4a35-e929-46bf-8b2d-58a671b58f50,2026-08-09T23:30:00Z,2026-08-10T01:30:00+0200,135.309998,EUR/MWh,DK2,DK_2,day_ahead_price,value,2026-08-22T18:55:39Z
2026-08-22T18:49:31Z,2026-08-22T20:49:31+0200,32ee4a35-e929-46bf-8b2d-58a671b58f50,2026-08-09T23:45:00Z,2026-08-10T01:45:00+0200,129.16,EUR/MWh,DK2,DK_2,day_ahead_price,value,2026-08-22T18:55:39Z
2026-08-22T18:49:31Z,2026-08-22T20:49:31+0200,32ee4a35-e929-46bf-8b2d-58a671b58f50,2026-08-10T00:00:00Z,2026-08-10T02:00:00+0200,134.149994,EUR/MWh,DK2,DK_2,day_ahead_price,value,2026-08-22T18:55:39Z
2026-08-22T18:49:31Z,2026-08-22T20:49:31+0200,32ee4a35-e929-46bf-8b2d-58a671b58f50,2026-08-10T00:15:00Z,2026-08-10T02:15:00+0200,132.259995,EUR/MWh,DK2,DK_2,day_ahead_price,value,2026-08-22T18:55:39Z
2026-08-22T18:49:31Z,2026-08-22T20:49:31+0200,32ee4a35-e929-46bf-8b2d-58a671b58f50,2026-08-10T00:30:00Z,2026-08-10T02:30:00+0200,129.4,EUR/MWh,DK2,DK_2,day_ahead_price,value,2026-08-22T18:55:39Z
2026-08-22T18:49:31Z,2026-08-22T20:49:31+0200,32ee4a35-e929-46bf-8b2d-58a671b58f50,2026-08-10T00:45:00Z,2026-08-10T02:45:00+0200,126.27,EUR/MWh,DK2,DK_2,day_ahead_price,value,2026-08-22T18:55:39Z
2026-08-22T18:49:31Z,2026-08-22T20:49:31+0200,32ee4a35-e929-46bf-8b2d-58a671b58f50,2026-08-10T01:00:00Z,2026-08-10T03:00:00+0200,125.06,EUR/MWh,DK2,DK_2,day_ahead_price,value,2026-08-22T18:55:39Z
2026-08-22T18:49:31Z,2026-08-22T20:49:31+0200,32ee4a35-e929-46bf-8b2d-58a671b58f50,2026-08-10T01:15:00Z,2026-08-10T03:15:00+0200,127.09,EUR/MWh,DK2,DK_2,day_ahead_price,value,2026-08-22T18:55:39Z
2026-08-22T18:49:31Z,2026-08-22T20:49:31+0200,32ee4a35-e929-46bf-8b2d-58a671b58f50,2026-08-10T01:30:00Z,2026-08-10T03:30:00+0200,126.16,EUR/MWh,DK2,DK_2,day_ahead_price,value,2026-08-22T18:55:39Z
2026-08-22T18:49:31Z,2026-08-22T20:49:31+0200,32ee4a35-e929-46bf-8b2d-58a671b58f50,2026-08-10T01:45:00Z,2026-08-10T03:45:00+0200,127.09,EUR/MWh,DK2,DK_2,day_ahead_price,value,2026-08-22T18:55:39Z
2026-08-22T18:49:31Z,2026-08-22T20:49:31+0200,32ee4a35-e929-46bf-8b2d-58a671b58f50,2026-08-10T02:00:00Z,2026-08-10T04:00:00+0200,125.169998,EUR/MWh,DK2,DK_2,day_ahead_price,value,2026-08-22T18:55:39Z
2026-08-22T18:49:31Z,2026-08-22T20:49:31+0200,32ee4a35-e929-46bf-8b2d-58a671b58f50,2026-08-10T02:15:00Z,2026-08-10T04:15:00+0200,127.14,EUR/MWh,DK2,DK_2,day_ahead_price,value,2026-08-22T18:55:39Z
2026-08-22T18:49:31Z,2026-08-22T20:49:31+0200,32ee4a35-e929-46bf-8b2d-58a671b58f50,2026-08-10T02:30:00Z,2026-08-10T04:30:00+0200,126.72,EUR/MWh,DK2,DK_2,day_ahead_price,value,2026-08-22T18:55:39Z
2026-08-22T18:49:31Z,2026-08-22T20:49:31+0200,32ee4a35-e929-46bf-8b2d-58a671b58f50,2026-08-10T02:45:00Z,2026-08-10T04:45:00+0200,130.350006,EUR/MWh,DK2,DK_2,day_ahead_price,value,2026-08-22T18:55:39Z
2026-08-22T18:49:31Z,2026-08-22T20:49:31+0200,32ee4a35-e929-46bf-8b2d-58a671b58f50,2026-08-10T03:00:00Z,2026-08-10T05:00:00+0200,131.610001,EUR/MWh,DK2,DK_2,day_ahead_price,value,2026-08-22T18:55:39Z
2026-08-22T18:49:31Z,2026-08-22T20:49:31+0200,32ee4a35-e929-46bf-8b2d-58a671b58f50,2026-08-10T03:15:00Z,2026-08-10T05:15:00+0200,139.380005,EUR/MWh,DK2,DK_2,day_ahead_price,value,2026-08-22T18:55:39Z
2026-08-22T18:49:31Z,2026-08-22T20:49:31+0200,32ee4a35-e929-46bf-8b2d-58a671b58f50,2026-08-10T03:30:00Z,2026-08-10T05:30:00+0200,148.3,EUR/MWh,DK2,DK_2,day_ahead_price,value,2026-08-22T18:55:39Z
2026-08-22T18:49:31Z,2026-08-22T20:49:31+0200,32ee4a35-e929-46bf-8b2d-58a671b58f50,2026-08-10T03:45:00Z,2026-08-10T05:45:00+0200,152.99,EUR/MWh,DK2,DK_2,day_ahead_price,value,2026-08-22T18:55:39Z
2026-08-22T18:49:31Z,2026-08-22T20:49:31+0200,32ee4a35-e929-46bf-8b2d-58a671b58f50,2026-08-10T04:00:00Z,2026-08-10T06:00:00+0200,157.75,EUR/MWh,DK2,DK_2,day_ahead_price,value,2026-08-22T18:55:39Z
2026-08-22T18:49:31Z,2026-08-22T20:49:31+0200,32ee4a35-e929-46bf-8b2d-58a671b58f50,2026-08-10T04:15:00Z,2026-08-10T06:15:00+0200,165.0,EUR/MWh,DK2,DK_2,day_ahead_price,value,2026-08-22T18:55:39Z
2026-08-22T18:49:31Z,2026-08-22T20:49:31+0200,32ee4a35-e929-46bf-8b2d-58a671b58f50,2026-08-10T04:30:00Z,2026-08-10T06:30:00+0200,165.350006,EUR/MWh,DK2,DK_2,day_ahead_price,value,2026-08-22T18:55:39Z
2026-08-22T18:49:31Z,2026-08-22T20:49:31+0200,32ee4a35-e929-46bf-8b2d-58a671b58f50,2026-08-10T04:45:00Z,2026-08-10T06:45:00+0200,165.160004,EUR/MWh,DK2,DK_2,day_ahead_price,value,2026-08-22T18:55:39Z
2026-08-22T18:49:31Z,2026-08-22T20:49:31+0200,32ee4a35-e929-46bf-8b2d-58a671b58f50,2026-08-10T05:00:00Z,2026-08-10T07:00:00+0200,170.15,EUR/MWh,DK2,DK_2,day_ahead_price,value,2026-08-22T18:55:39Z
2026-08-22T18:49:31Z,2026-08-22T20:49:31+0200,32ee4a35-e929-46bf-8b2d-58a671b58f50,2026-08-10T05:15:00Z,2026-08-10T07:15:00+0200,169.990005,EUR/MWh,DK2,DK_2,day_ahead_price,value,2026-08-22T18:55:39Z
2026-08-22T18:49:31Z,2026-08-22T20:49:31+0200,32ee4a35-e929-46bf-8b2d-58a671b58f50,2026-08-10T05:30:00Z,2026-08-10T07:30:00+0200,162.88,EUR/MWh,DK2,DK_2,day_ahead_price,value,2026-08-22T18:55:39Z
2026-08-22T18:49:31Z,2026-08-22T20:49:31+0200,32ee4a35-e929-46bf-8b2d-58a671b58f50,2026-08-10T05:45:00Z,2026-08-10T07:45:00+0200,155.95,EUR/MWh,DK2,DK_2,day_ahead_price,value,2026-08-22T18:55:39Z
2026-08-22T18:49:31Z,2026-08-22T20:49:31+0200,32ee4a35-e929-46bf-8b2d-58a671b58f50,2026-08-10T06:00:00Z,2026-08-10T08:00:00+0200,179.91,EUR/MWh,DK2,DK_2,day_ahead_price,value,2026-08-22T18:55:39Z
2026-08-22T18:49:31Z,2026-08-22T20:49:31+0200,32ee4a35-e929-46bf-8b2d-58a671b58f50,2026-08-10T06:15:00Z,2026-08-10T08:15:00+0200,165.0,EUR/MWh,DK2,DK_2,day_ahead_price,value,2026-08-22T18:55:39Z
2026-08-22T18:49:31Z,2026-08-22T20:49:31+0200,32ee4a35-e929-46bf-8b2d-58a671b58f50,2026-08-10T06:30:00Z,2026-08-10T08:30:00+0200,155.08,EUR/MWh,DK2,DK_2,day_ahead_price,value,2026-08-22T18:55:39Z
2026-08-22T18:49:31Z,2026-08-22T20:49:31+0200,32ee4a35-e929-46bf-8b2d-58a671b58f50,2026-08-10T06:45:00Z,2026-08-10T08:45:00+0200,143.55,EUR/MWh,DK2,DK_2,day_ahead_price,value,2026-08-22T18:55:39Z
2026-08-22T18:49:31Z,2026-08-22T20:49:31+0200,32ee4a35-e929-46bf-8b2d-58a671b58f50,2026-08-10T07:00:00Z,2026-08-10T09:00:00+0200,163.56,EUR/MWh,DK2,DK_2,day_ahead_price,value,2026-08-22T18:55:39Z
2026-08-22T18:49:31Z,2026-08-22T20:49:31+0200,32ee4a35-e929-46bf-8b2d-58a671b58f50,2026-08-10T07:15:00Z,2026-08-10T09:15:00+0200,151.97,EUR/MWh,DK2,DK_2,day_ahead_price,value,2026-08-22T18:55:39Z
2026-08-22T18:49:31Z,2026-08-22T20:49:31+0200,32ee4a35-e929-46bf-8b2d-58a671b58f50,2026-08-10T07:30:00Z,2026-08-10T09:30:00+0200,125.529999,EUR/MWh,DK2,DK_2,day_ahead_price,value,2026-08-22T18:55:39Z
2026-08-22T18:49:31Z,2026-08-22T20:49:31+0200,32ee4a35-e929-46bf-8b2d-58a671b58f50,2026-08-10T07:45:00Z,2026-08-10T09:45:00+0200,114.47,EUR/MWh,DK2,DK_2,day_ahead_price,value,2026-08-22T18:55:39Z
2026-08-22T18:49:31Z,2026-08-22T20:49:31+0200,32ee4a35-e929-46bf-8b2d-58a671b58f50,2026-08-10T08:00:00Z,2026-08-10T10:00:00+0200,133.729996,EUR/MWh,DK2,DK_2,day_ahead_price,value,2026-08-22T18:55:39Z
2026-08-22T18:49:31Z,2026-08-22T20:49:31+0200,32ee4a35-e929-46bf-8b2d-58a671b58f50,2026-08-10T08:15:00Z,2026-08-10T10:15:00+0200,115.0,EUR/MWh,DK2,DK_2,day_ahead_price,value,2026-08-22T18:55:39Z
2026-08-22T18:49:31Z,2026-08-22T20:49:31+0200,32ee4a35-e929-46bf-8b2d-58a671b58f50,2026-08-10T08:30:00Z,2026-08-10T10:30:00+0200,105.660004,EUR/MWh,DK2,DK_2,day_ahead_price,value,2026-08-22T18:55:39Z
2026-08-22T18:49:31Z,2026-08-22T20:49:31+0200,32ee4a35-e929-46bf-8b2d-58a671b58f50,2026-08-10T08:45:00Z,2026-08-10T10:45:00+0200,92.959999,EUR/MWh,DK2,DK_2,day_ahead_price,value,2026-08-22T18:55:39Z
2026-08-22T18:49:31Z,2026-08-22T20:49:31+0200,32ee4a35-e929-46bf-8b2d-58a671b58f50,2026-08-10T09:00:00Z,2026-08-10T11:00:00+0200,100.790001,EUR/MWh,DK2,DK_2,day_ahead_price,value,2026-08-22T18:55:39Z
2026-08-22T18:49:31Z,2026-08-22T20:49:31+0200,32ee4a35-e929-46bf-8b2d-58a671b58f50,2026-08-10T09:15:00Z,2026-08-10T11:15:00+0200,88.91,EUR/MWh,DK2,DK_2,day_ahead_price,value,2026-08-22T18:55:39Z
2026-08-22T18:49:31Z,2026-08-22T20:49:31+0200,32ee4a35-e929-46bf-8b2d-58a671b58f50,2026-08-10T09:30:00Z,2026-08-10T11:30:00+0200,72.599998,EUR/MWh,DK2,DK_2,day_ahead_price,value,2026-08-22T18:55:39Z
2026-08-22T18:49:31Z,2026-08-22T20:49:31+0200,32ee4a35-e929-46bf-8b2d-58a671b58f50,2026-08-10T09:45:00Z,2026-08-10T11:45:00+0200,60.75,EUR/MWh,DK2,DK_2,day_ahead_price,value,2026-08-22T18:55:39Z
2026-08-22T18:49:31Z,2026-08-22T20:49:31+0200,32ee4a35-e929-46bf-8b2d-58a671b58f50,2026-08-10T10:00:00Z,2026-08-10T12:00:00+0200,61.57,EUR/MWh,DK2,DK_2,day_ahead_price,value,2026-08-22T18:55:39Z
2026-08-22T18:49:31Z,2026-08-22T20:49:31+0200,32ee4a35-e929-46bf-8b2d-58a671b58f50,2026-08-10T10:15:00Z,2026-08-10T12:15:00+0200,45.549999,EUR/MWh,DK2,DK_2,day_ahead_price,value,2026-08-22T18:55:39Z
2026-08-22T18:49:31Z,2026-08-22T20:49:31+0200,32ee4a35-e929-46bf-8b2d-58a671b58f50,2026-08-10T10:30:00Z,2026-08-10T12:30:00+0200,37.22,EUR/MWh,DK2,DK_2,day_ahead_price,value,2026-08-22T18:55:39Z
2026-08-22T18:49:31Z,2026-08-22T20:49:31+0200,32ee4a35-e929-46bf-8b2d-58a671b58f50,2026-08-10T10:45:00Z,2026-08-10T12:45:00+0200,24.14,EUR/MWh,DK2,DK_2,day_ahead_price,value,2026-08-22T18:55:39Z
2026-08-22T18:49:31Z,2026-08-22T20:49:31+0200,32ee4a35-e929-46bf-8b2d-58a671b58f50,2026-08-10T11:00:00Z,2026-08-10T13:00:00+0200,20.15,EUR/MWh,DK2,DK_2,day_ahead_price,value,2026-08-22T18:55:39Z
2026-08-22T18:49:31Z,2026-08-22T20:49:31+0200,32ee4a35-e929-46bf-8b2d-58a671b58f50,2026-08-10T11:15:00Z,2026-08-10T13:15:00+0200,15.04,EUR/MWh,DK2,DK_2,day_ahead_price,value,2026-08-22T18:55:39Z
2026-08-22T18:49:31Z,2026-08-22T20:49:31+0200,32ee4a35-e929-46bf-8b2d-58a671b58f50,2026-08-10T11:30:00Z,2026-08-10T13:30:00+0200,12.52,EUR/MWh,DK2,DK_2,day_ahead_price,value,2026-08-22T18:55:39Z
2026-08-22T18:49:31Z,2026-08-22T20:49:31+0200,32ee4a35-e929-46bf-8b2d-58a671b58f50,2026-08-10T11:45:00Z,2026-08-10T13:45:00+0200,9.5,EUR/MWh,DK2,DK_2,day_ahead_price,value,2026-08-22T18:55:39Z
2026-08-22T18:49:31Z,2026-08-22T20:49:31+0200,32ee4a35-e929-46bf-8b2d-58a671b58f50,2026-08-10T12:00:00Z,2026-08-10T14:00:00+0200,12.24,EUR/MWh,DK2,DK_2,day_ahead_price,value,2026-08-22T18:55:39Z
2026-08-22T18:49:31Z,2026-08-22T20:49:31+0200,32ee4a35-e929-46bf-8b2d-58a671b58f50,2026-08-10T12:15:00Z,2026-08-10T14:15:00+0200,11.52,EUR/MWh,DK2,DK_2,day_ahead_price,value,2026-08-22T18:55:39Z
2026-08-22T18:49:31Z,2026-08-22T20:49:31+0200,32ee4a35-e929-46bf-8b2d-58a671b58f50,2026-08-10T12:30:00Z,2026-08-10T14:30:00+0200,12.93,EUR/MWh,DK2,DK_2,day_ahead_price,value,2026-08-22T18:55:39Z
2026-08-22T18:49:31Z,2026-08-22T20:49:31+0200,32ee4a35-e929-46bf-8b2d-58a671b58f50,2026-08-10T12:45:00Z,2026-08-10T14:45:00+0200,12.56,EUR/MWh,DK2,DK_2,day_ahead_price,value,2026-08-22T18:55:39Z
2026-08-22T18:49:31Z,2026-08-22T20:49:31+0200,32ee4a35-e929-46bf-8b2d-58a671b58f50,2026-08-10T13:00:00Z,2026-08-10T15:00:00+0200,8.2,EUR/MWh,DK2,DK_2,day_ahead_price,value,2026-08-22T18:55:39Z
2026-08-22T18:49:31Z,2026-08-22T20:49:31+0200,32ee4a35-e929-46bf-8b2d-58a671b58f50,2026-08-10T13:15:00Z,2026-08-10T15:15:00+0200,12.47,EUR/MWh,DK2,DK_2,day_ahead_price,value,2026-08-22T18:55:39Z
2026-08-22T18:49:31Z,2026-08-22T20:49:31+0200,32ee4a35-e929-46bf-8b2d-58a671b58f50,2026-08-10T13:30:00Z,2026-08-10T15:30:00+0200,18.27,EUR/MWh,DK2,DK_2,day_ahead_price,value,2026-08-22T18:55:39Z
2026-08-22T18:49:31Z,2026-08-22T20:49:31+0200,32ee4a35-e929-46bf-8b2d-58a671b58f50,2026-08-10T13:45:00Z,2026-08-10T15:45:00+0200,17.91,EUR/MWh,DK2,DK_2,day_ahead_price,value,2026-08-22T18:55:39Z
2026-08-22T18:49:31Z,2026-08-22T20:49:31+0200,32ee4a35-e929-46bf-8b2d-58a671b58f50,2026-08-10T14:00:00Z,2026-08-10T16:00:00+0200,14.89,EUR/MWh,DK2,DK_2,day_ahead_price,value,2026-08-22T18:55:39Z
2026-08-22T18:49:31Z,2026-08-22T20:49:31+0200,32ee4a35-e929-46bf-8b2d-58a671b58f50,2026-08-10T14:15:00Z,2026-08-10T16:15:00+0200,36.18,EUR/MWh,DK2,DK_2,day_ahead_price,value,2026-08-22T18:55:39Z
2026-08-22T18:49:31Z,2026-08-22T20:49:31+0200,32ee4a35-e929-46bf-8b2d-58a671b58f50,2026-08-10T14:30:00Z,2026-08-10T16:30:00+0200,55.83,EUR/MWh,DK2,DK_2,day_ahead_price,value,2026-08-22T18:55:39Z
2026-08-22T18:49:31Z,2026-08-22T20:49:31+0200,32ee4a35-e929-46bf-8b2d-58a671b58f50,2026-08-10T14:45:00Z,2026-08-10T16:45:00+0200,76.27,EUR/MWh,DK2,DK_2,day_ahead_price,value,2026-08-22T18:55:39Z
2026-08-22T18:49:31Z,2026-08-22T20:49:31+0200,32ee4a35-e929-46bf-8b2d-58a671b58f50,2026-08-10T15:00:00Z,2026-08-10T17:00:00+0200,55.82,EUR/MWh,DK2,DK_2,day_ahead_price,value,2026-08-22T18:55:39Z
2026-08-22T18:49:31Z,2026-08-22T20:49:31+0200,32ee4a35-e929-46bf-8b2d-58a671b58f50,2026-08-10T15:15:00Z,2026-08-10T17:15:00+0200,67.92,EUR/MWh,DK2,DK_2,day_ahead_price,value,2026-08-22T18:55:39Z
2026-08-22T18:49:31Z,2026-08-22T20:49:31+0200,32ee4a35-e929-46bf-8b2d-58a671b58f50,2026-08-10T15:30:00Z,2026-08-10T17:30:00+0200,69.150002,EUR/MWh,DK2,DK_2,day_ahead_price,value,2026-08-22T18:55:39Z
2026-08-22T18:49:31Z,2026-08-22T20:49:31+0200,32ee4a35-e929-46bf-8b2d-58a671b58f50,2026-08-10T15:45:00Z,2026-08-10T17:45:00+0200,78.0,EUR/MWh,DK2,DK_2,day_ahead_price,value,2026-08-22T18:55:39Z
2026-08-22T18:49:31Z,2026-08-22T20:49:31+0200,32ee4a35-e929-46bf-8b2d-58a671b58f50,2026-08-10T16:00:00Z,2026-08-10T18:00:00+0200,119.99,EUR/MWh,DK2,DK_2,day_ahead_price,value,2026-08-22T18:55:39Z
2026-08-22T18:49:31Z,2026-08-22T20:49:31+0200,32ee4a35-e929-46bf-8b2d-58a671b58f50,2026-08-10T16:15:00Z,2026-08-10T18:15:00+0200,127.76,EUR/MWh,DK2,DK_2,day_ahead_price,value,2026-08-22T18:55:39Z
2026-08-22T18:49:31Z,2026-08-22T20:49:31+0200,32ee4a35-e929-46bf-8b2d-58a671b58f50,2026-08-10T16:30:00Z,2026-08-10T18:30:00+0200,114.74,EUR/MWh,DK2,DK_2,day_ahead_price,value,2026-08-22T18:55:39Z
2026-08-22T18:49:31Z,2026-08-22T20:49:31+0200,32ee4a35-e929-46bf-8b2d-58a671b58f50,2026-08-10T16:45:00Z,2026-08-10T18:45:00+0200,121.860001,EUR/MWh,DK2,DK_2,day_ahead_price,value,2026-08-22T18:55:39Z
2026-08-22T18:49:31Z,2026-08-22T20:49:31+0200,32ee4a35-e929-46bf-8b2d-58a671b58f50,2026-08-10T17:00:00Z,2026-08-10T19:00:00+0200,125.230003,EUR/MWh,DK2,DK_2,day_ahead_price,value,2026-08-22T18:55:39Z
2026-08-22T18:49:31Z,2026-08-22T20:49:31+0200,32ee4a35-e929-46bf-8b2d-58a671b58f50,2026-08-10T17:15:00Z,2026-08-10T19:15:00+0200,158.0,EUR/MWh,DK2,DK_2,day_ahead_price,value,2026-08-22T18:55:39Z
2026-08-22T18:49:31Z,2026-08-22T20:49:31+0200,32ee4a35-e929-46bf-8b2d-58a671b58f50,2026-08-10T17:30:00Z,2026-08-10T19:30:00+0200,133.64,EUR/MWh,DK2,DK_2,day_ahead_price,value,2026-08-22T18:55:39Z
2026-08-22T18:49:31Z,2026-08-22T20:49:31+0200,32ee4a35-e929-46bf-8b2d-58a671b58f50,2026-08-10T17:45:00Z,2026-08-10T19:45:00+0200,133.51,EUR/MWh,DK2,DK_2,day_ahead_price,value,2026-08-22T18:55:39Z
2026-08-22T18:49:31Z,2026-08-22T20:49:31+0200,32ee4a35-e929-46bf-8b2d-58a671b58f50,2026-08-10T18:00:00Z,2026-08-10T20:00:00+0200,139.46,EUR/MWh,DK2,DK_2,day_ahead_price,value,2026-08-22T18:55:39Z
2026-08-22T18:49:31Z,2026-08-22T20:49:31+0200,32ee4a35-e929-46bf-8b2d-58a671b58f50,2026-08-10T18:15:00Z,2026-08-10T20:15:00+0200,138.57,EUR/MWh,DK2,DK_2,day_ahead_price,value,2026-08-22T18:55:39Z
2026-08-22T18:49:31Z,2026-08-22T20:49:31+0200,32ee4a35-e929-46bf-8b2d-58a671b58f50,2026-08-10T18:30:00Z,2026-08-10T20:30:00+0200,149.43,EUR/MWh,DK2,DK_2,day_ahead_price,value,2026-08-22T18:55:39Z
2026-08-22T18:49:31Z,2026-08-22T20:49:31+0200,32ee4a35-e929-46bf-8b2d-58a671b58f50,2026-08-10T18:45:00Z,2026-08-10T20:45:00+0200,144.479996,EUR/MWh,DK2,DK_2,day_ahead_price,value,2026-08-22T18:55:39Z
2026-08-22T18:49:31Z,2026-08-22T20:49:31+0200,32ee4a35-e929-46bf-8b2d-58a671b58f50,2026-08-10T19:00:00Z,2026-08-10T21:00:00+0200,139.87,EUR/MWh,DK2,DK_2,day_ahead_price,value,2026-08-22T18:55:39Z
2026-08-22T18:49:31Z,2026-08-22T20:49:31+0200,32ee4a35-e929-46bf-8b2d-58a671b58f50,2026-08-10T19:15:00Z,2026-08-10T21:15:00+0200,138.600006,EUR/MWh,DK2,DK_2,day_ahead_price,value,2026-08-22T18:55:39Z
2026-08-22T18:49:31Z,2026-08-22T20:49:31+0200,32ee4a35-e929-46bf-8b2d-58a671b58f50,2026-08-10T19:30:00Z,2026-08-10T21:30:00+0200,138.65,EUR/MWh,DK2,DK_2,day_ahead_price,value,2026-08-22T18:55:39Z
2026-08-22T18:49:31Z,2026-08-22T20:49:31+0200,32ee4a35-e929-46bf-8b2d-58a671b58f50,2026-08-10T19:45:00Z,2026-08-10T21:45:00+0200,139.929993,EUR/MWh,DK2,DK_2,day_ahead_price,value,2026-08-22T18:55:39Z
2026-08-22T18:49:31Z,2026-08-22T20:49:31+0200,32ee4a35-e929-46bf-8b2d-58a671b58f50,2026-08-10T20:00:00Z,2026-08-10T22:00:00+0200,138.419998,EUR/MWh,DK2,DK_2,day_ahead_price,value,2026-08-22T18:55:39Z
2026-08-22T18:49:31Z,2026-08-22T20:49:31+0200,32ee4a35-e929-46bf-8b2d-58a671b58f50,2026-08-10T20:15:00Z,2026-08-10T22:15:00+0200,135.289993,EUR/MWh,DK2,DK_2,day_ahead_price,value,2026-08-22T18:55:39Z
2026-08-22T18:49:31Z,2026-08-22T20:49:31+0200,32ee4a35-e929-46bf-8b2d-58a671b58f50,2026-08-10T20:30:00Z,2026-08-10T22:30:00+0200,134.06,EUR/MWh,DK2,DK_2,day_ahead_price,value,2026-08-22T18:55:39Z
2026-08-22T18:49:31Z,2026-08-22T20:49:31+0200,32ee4a35-e929-46bf-8b2d-58a671b58f50,2026-08-10T20:45:00Z,2026-08-10T22:45:00+0200,131.820007,EUR/MWh,DK2,DK_2,day_ahead_price,value,2026-08-22T18:55:39Z
2026-08-22T18:49:31Z,2026-08-22T20:49:31+0200,32ee4a35-e929-46bf-8b2d-58a671b58f50,2026-08-10T21:00:00Z,2026-08-10T23:00:00+0200,131.699997,EUR/MWh,DK2,DK_2,day_ahead_price,value,2026-08-22T18:55:39Z
2026-08-22T18:49:31Z,2026-08-22T20:49:31+0200,32ee4a35-e929-46bf-8b2d-58a671b58f50,2026-08-10T21:15:00Z,2026-08-10T23:15:00+0200,129.990005,EUR/MWh,DK2,DK_2,day_ahead_price,value,2026-08-22T18:55:39Z
2026-08-22T18:49:31Z,2026-08-22T20:49:31+0200,32ee4a35-e929-46bf-8b2d-58a671b58f50,2026-08-10T21:30:00Z,2026-08-10T23:30:00+0200,128.789993,EUR/MWh,DK2,DK_2,day_ahead_price,value,2026-08-22T18:55:39Z
2026-08-22T18:49:31Z,2026-08-22T20:49:31+0200,32ee4a35-e929-46bf-8b2d-58a671b58f50,2026-08-10T21:45:00Z,2026-08-10T23:45:00+0200,128.690002,EUR/MWh,DK2,DK_2,day_ahead_price,value,2026-08-22T18:55:39Z
2026-08-22T18:49:31Z,2026-08-22T20:49:31+0200,32ee4a35-e929-46bf-8b2d-58a671b58f50,2026-08-10T22:00:00Z,2026-08-11T00:00:00+0200,112.86,EUR/MWh,DK2,DK_2,day_ahead_price,value,2026-08-22T18:55:39Z
2026-08-22T18:49:31Z,2026-08-22T20:49:31+0200,32ee4a35-e929-46bf-8b2d-58a671b58f50,2026-08-10T22:15:00Z,2026-08-11T00:15:00+0200,113.46,EUR/MWh,DK2,DK_2,day_ahead_price,value,2026-08-22T18:55:39Z
2026-08-22T18:49:31Z,2026-08-22T20:49:31+0200,32ee4a35-e929-46bf-8b2d-58a671b58f50,2026-08-10T22:30:00Z,2026-08-11T00:30:00+0200,115.26,EUR/MWh,DK2,DK_2,day_ahead_price,value,2026-08-22T18:55:39Z
2026-08-22T18:49:31Z,2026-08-22T20:49:31+0200,32ee4a35-e929-46bf-8b2d-58a671b58f50,2026-08-10T22:45:00Z,2026-08-11T00:45:00+0200,113.96,EUR/MWh,DK2,DK_2,day_ahead_price,value,2026-08-22T18:55:39Z
2026-08-22T18:49:31Z,2026-08-22T20:49:31+0200,32ee4a35-e929-46bf-8b2d-58a671b58f50,2026-08-10T23:00:00Z,2026-08-11T01:00:00+0200,112.65,EUR/MWh,DK2,DK_2,day_ahead_price,value,2026-08-22T18:55:39Z
2026-08-22T18:49:31Z,2026-08-22T20:49:31+0200,32ee4a35-e929-46bf-8b2d-58a671b58f50,2026-08-10T23:15:00Z,2026-08-11T01:15:00+0200,109.16,EUR/MWh,DK2,DK_2,day_ahead_price,value,2026-08-22T18:55:39Z
2026-08-22T18:49:31Z,2026-08-22T20:49:31+0200,32ee4a35-e929-46bf-8b2d-58a671b58f50,2026-08-10T23:30:00Z,2026-08-11T01:30:00+0200,107.26,EUR/MWh,DK2,DK_2,day_ahead_price,value,2026-08-22T18:55:39Z
2026-08-22T18:49:31Z,2026-08-22T20:49:31+0200,32ee4a35-e929-46bf-8b2d-58a671b58f50,2026-08-10T23:45:00Z,2026-08-11T01:45:00+0200,101.84,EUR/MWh,DK2,DK_2,day_ahead_price,value,2026-08-22T18:55:39Z
2026-08-22T18:49:31Z,2026-08-22T20:49:31+0200,32ee4a35-e929-46bf-8b2d-58a671b58f50,2026-08-11T00:00:00Z,2026-08-11T02:00:00+0200,106.64,EUR/MWh,DK2,DK_2,day_ahead_price,value,2026-08-22T18:55:39Z
2026-08-22T18:49:31Z,2026-08-22T20:49:31+0200,32ee4a35-e929-46bf-8b2d-58a671b58f50,2026-08-11T00:15:00Z,2026-08-11T02:15:00+0200,101.94,EUR/MWh,DK2,DK_2,day_ahead_price,value,2026-08-22T18:55:39Z
2026-08-22T18:49:31Z,2026-08-22T20:49:31+0200,32ee4a35-e929-46bf-8b2d-58a671b58f50,2026-08-11T00:30:00Z,2026-08-11T02:30:00+0200,101.83,EUR/MWh,DK2,DK_2,day_ahead_price,value,2026-08-22T18:55:39Z
2026-08-22T18:49:31Z,2026-08-22T20:49:31+0200,32ee4a35-e929-46bf-8b2d-58a671b58f50,2026-08-11T00:45:00Z,2026-08-11T02:45:00+0200,99.78,EUR/MWh,DK2,DK_2,day_ahead_price,value,2026-08-22T18:55:39Z
2026-08-22T18:49:31Z,2026-08-22T20:49:31+0200,32ee4a35-e929-46bf-8b2d-58a671b58f50,2026-08-11T01:00:00Z,2026-08-11T03:00:00+0200,101.83,EUR/MWh,DK2,DK_2,day_ahead_price,value,2026-08-22T18:55:39Z
2026-08-22T18:49:31Z,2026-08-22T20:49:31+0200,32ee4a35-e929-46bf-8b2d-58a671b58f50,2026-08-11T01:15:00Z,2026-08-11T03:15:00+0200,95.3,EUR/MWh,DK2,DK_2,day_ahead_price,value,2026-08-22T18:55:39Z
2026-08-22T18:49:31Z,2026-08-22T20:49:31+0200,32ee4a35-e929-46bf-8b2d-58a671b58f50,2026-08-11T01:30:00Z,2026-08-11T03:30:00+0200,95.23,EUR/MWh,DK2,DK_2,day_ahead_price,value,2026-08-22T18:55:39Z
2026-08-22T18:49:31Z,2026-08-22T20:49:31+0200,32ee4a35-e929-46bf-8b2d-58a671b58f50,2026-08-11T01:45:00Z,2026-08-11T03:45:00+0200,93.51,EUR/MWh,DK2,DK_2,day_ahead_price,value,2026-08-22T18:55:39Z
2026-08-22T18:49:31Z,2026-08-22T20:49:31+0200,32ee4a35-e929-46bf-8b2d-58a671b58f50,2026-08-11T02:00:00Z,2026-08-11T04:00:00+0200,101.65,EUR/MWh,DK2,DK_2,day_ahead_price,value,2026-08-22T18:55:39Z
2026-08-22T18:49:31Z,2026-08-22T20:49:31+0200,32ee4a35-e929-46bf-8b2d-58a671b58f50,2026-08-11T02:15:00Z,2026-08-11T04:15:00+0200,100.0,EUR/MWh,DK2,DK_2,day_ahead_price,value,2026-08-22T18:55:39Z
2026-08-22T18:49:31Z,2026-08-22T20:49:31+0200,32ee4a35-e929-46bf-8b2d-58a671b58f50,2026-08-11T02:30:00Z,2026-08-11T04:30:00+0200,98.19,EUR/MWh,DK2,DK_2,day_ahead_price,value,2026-08-22T18:55:39Z
2026-08-22T18:49:31Z,2026-08-22T20:49:31+0200,32ee4a35-e929-46bf-8b2d-58a671b58f50,2026-08-11T02:45:00Z,2026-08-11T04:45:00+0200,100.23,EUR/MWh,DK2,DK_2,day_ahead_price,value,2026-08-22T18:55:39Z
2026-08-22T18:49:31Z,2026-08-22T20:49:31+0200,32ee4a35-e929-46bf-8b2d-58a671b58f50,2026-08-11T03:00:00Z,2026-08-11T05:00:00+0200,109.75,EUR/MWh,DK2,DK_2,day_ahead_price,value,2026-08-22T18:55:39Z
2026-08-22T18:49:31Z,2026-08-22T20:49:31+0200,32ee4a35-e929-46bf-8b2d-58a671b58f50,2026-08-11T03:15:00Z,2026-08-11T05:15:00+0200,111.21,EUR/MWh,DK2,DK_2,day_ahead_price,value,2026-08-22T18:55:39Z
2026-08-22T18:49:31Z,2026-08-22T20:49:31+0200,32ee4a35-e929-46bf-8b2d-58a671b58f50,2026-08-11T03:30:00Z,2026-08-11T05:30:00+0200,112.69,EUR/MWh,DK2,DK_2,day_ahead_price,value,2026-08-22T18:55:39Z
2026-08-22T18:49:31Z,2026-08-22T20:49:31+0200,32ee4a35-e929-46bf-8b2d-58a671b58f50,2026-08-11T03:45:00Z,2026-08-11T05:45:00+0200,117.37,EUR/MWh,DK2,DK_2,day_ahead_price,value,2026-08-22T18:55:39Z
2026-08-22T18:49:31Z,2026-08-22T20:49:31+0200,32ee4a35-e929-46bf-8b2d-58a671b58f50,2026-08-11T04:00:00Z,2026-08-11T06:00:00+0200,128.09,EUR/MWh,DK2,DK_2,day_ahead_price,value,2026-08-22T18:55:39Z
2026-08-22T18:49:31Z,2026-08-22T20:49:31+0200,32ee4a35-e929-46bf-8b2d-58a671b58f50,2026-08-11T04:15:00Z,2026-08-11T06:15:00+0200,129.81,EUR/MWh,DK2,DK_2,day_ahead_price,value,2026-08-22T18:55:39Z
2026-08-22T18:49:31Z,2026-08-22T20:49:31+0200,32ee4a35-e929-46bf-8b2d-58a671b58f50,2026-08-11T04:30:00Z,2026-08-11T06:30:00+0200,131.24,EUR/MWh,DK2,DK_2,day_ahead_price,value,2026-08-22T18:55:39Z
2026-08-22T18:49:31Z,2026-08-22T20:49:31+0200,32ee4a35-e929-46bf-8b2d-58a671b58f50,2026-08-11T04:45:00Z,2026-08-11T06:45:00+0200,131.56,EUR/MWh,DK2,DK_2,day_ahead_price,value,2026-08-22T18:55:39Z
2026-08-22T18:49:31Z,2026-08-22T20:49:31+0200,32ee4a35-e929-46bf-8b2d-58a671b58f50,2026-08-11T05:00:00Z,2026-08-11T07:00:00+0200,138.5,EUR/MWh,DK2,DK_2,day_ahead_price,value,2026-08-22T18:55:39Z
2026-08-22T18:49:31Z,2026-08-22T20:49:31+0200,32ee4a35-e929-46bf-8b2d-58a671b58f50,2026-08-11T05:15:00Z,2026-08-11T07:15:00+0200,138.62,EUR/MWh,DK2,DK_2,day_ahead_price,value,2026-08-22T18:55:39Z
2026-08-22T18:49:31Z,2026-08-22T20:49:31+0200,32ee4a35-e929-46bf-8b2d-58a671b58f50,2026-08-11T05:30:00Z,2026-08-11T07:30:00+0200,138.6,EUR/MWh,DK2,DK_2,day_ahead_price,value,2026-08-22T18:55:39Z
2026-08-22T18:49:31Z,2026-08-22T20:49:31+0200,32ee4a35-e929-46bf-8b2d-58a671b58f50,2026-08-11T05:45:00Z,2026-08-11T07:45:00+0200,138.16,EUR/MWh,DK2,DK_2,day_ahead_price,value,2026-08-22T18:55:39Z
2026-08-22T18:49:31Z,2026-08-22T20:49:31+0200,32ee4a35-e929-46bf-8b2d-58a671b58f50,2026-08-11T06:00:00Z,2026-08-11T08:00:00+0200,137.68,EUR/MWh,DK2,DK_2,day_ahead_price,value,2026-08-22T18:55:39Z
2026-08-22T18:49:31Z,2026-08-22T20:49:31+0200,32ee4a35-e929-46bf-8b2d-58a671b58f50,2026-08-11T06:15:00Z,2026-08-11T08:15:00+0200,137.07,EUR/MWh,DK2,DK_2,day_ahead_price,value,2026-08-22T18:55:39Z
2026-08-22T18:49:31Z,2026-08-22T20:49:31+0200,32ee4a35-e929-46bf-8b2d-58a671b58f50,2026-08-11T06:30:00Z,2026-08-11T08:30:00+0200,132.39,EUR/MWh,DK2,DK_2,day_ahead_price,value,2026-08-22T18:55:39Z
2026-08-22T18:49:31Z,2026-08-22T20:49:31+0200,32ee4a35-e929-46bf-8b2d-58a671b58f50,2026-08-11T06:45:00Z,2026-08-11T08:45:00+0200,116.42,EUR/MWh,DK2,DK_2,day_ahead_price,value,2026-08-22T18:55:39Z
2026-08-22T18:49:31Z,2026-08-22T20:49:31+0200,32ee4a35-e929-46bf-8b2d-58a671b58f50,2026-08-11T07:00:00Z,2026-08-11T09:00:00+0200,134.71,EUR/MWh,DK2,DK_2,day_ahead_price,value,2026-08-22T18:55:39Z
2026-08-22T18:49:31Z,2026-08-22T20:49:31+0200,32ee4a35-e929-46bf-8b2d-58a671b58f50,2026-08-11T07:15:00Z,2026-08-11T09:15:00+0200,114.07,EUR/MWh,DK2,DK_2,day_ahead_price,value,2026-08-22T18:55:39Z
2026-08-22T18:49:31Z,2026-08-22T20:49:31+0200,32ee4a35-e929-46bf-8b2d-58a671b58f50,2026-08-11T07:30:00Z,2026-08-11T09:30:00+0200,102.04,EUR/MWh,DK2,DK_2,day_ahead_price,value,2026-08-22T18:55:39Z
2026-08-22T18:49:31Z,2026-08-22T20:49:31+0200,32ee4a35-e929-46bf-8b2d-58a671b58f50,2026-08-11T07:45:00Z,2026-08-11T09:45:00+0200,78.6,EUR/MWh,DK2,DK_2,day_ahead_price,value,2026-08-22T18:55:39Z
2026-08-22T18:49:31Z,2026-08-22T20:49:31+0200,32ee4a35-e929-46bf-8b2d-58a671b58f50,2026-08-11T08:00:00Z,2026-08-11T10:00:00+0200,94.3,EUR/MWh,DK2,DK_2,day_ahead_price,value,2026-08-22T18:55:39Z
2026-08-22T18:49:31Z,2026-08-22T20:49:31+0200,32ee4a35-e929-46bf-8b2d-58a671b58f50,2026-08-11T08:15:00Z,2026-08-11T10:15:00+0200,70.02,EUR/MWh,DK2,DK_2,day_ahead_price,value,2026-08-22T18:55:39Z
2026-08-22T18:49:31Z,2026-08-22T20:49:31+0200,32ee4a35-e929-46bf-8b2d-58a671b58f50,2026-08-11T08:30:00Z,2026-08-11T10:30:00+0200,33.86,EUR/MWh,DK2,DK_2,day_ahead_price,value,2026-08-22T18:55:39Z
2026-08-22T18:49:31Z,2026-08-22T20:49:31+0200,32ee4a35-e929-46bf-8b2d-58a671b58f50,2026-08-11T08:45:00Z,2026-08-11T10:45:00+0200,19.13,EUR/MWh,DK2,DK_2,day_ahead_price,value,2026-08-22T18:55:39Z
2026-08-22T18:49:31Z,2026-08-22T20:49:31+0200,32ee4a35-e929-46bf-8b2d-58a671b58f50,2026-08-11T09:00:00Z,2026-08-11T11:00:00+0200,22.44,EUR/MWh,DK2,DK_2,day_ahead_price,value,2026-08-22T18:55:39Z
2026-08-22T18:49:31Z,2026-08-22T20:49:31+0200,32ee4a35-e929-46bf-8b2d-58a671b58f50,2026-08-11T09:15:00Z,2026-08-11T11:15:00+0200,7.22,EUR/MWh,DK2,DK_2,day_ahead_price,value,2026-08-22T18:55:39Z
2026-08-22T18:49:31Z,2026-08-22T20:49:31+0200,32ee4a35-e929-46bf-8b2d-58a671b58f50,2026-08-11T09:30:00Z,2026-08-11T11:30:00+0200,3.26,EUR/MWh,DK2,DK_2,day_ahead_price,value,2026-08-22T18:55:39Z
2026-08-22T18:49:31Z,2026-08-22T20:49:31+0200,32ee4a35-e929-46bf-8b2d-58a671b58f50,2026-08-11T09:45:00Z,2026-08-11T11:45:00+0200,1.87,EUR/MWh,DK2,DK_2,day_ahead_price,value,2026-08-22T18:55:39Z
2026-08-22T18:49:31Z,2026-08-22T20:49:31+0200,32ee4a35-e929-46bf-8b2d-58a671b58f50,2026-08-11T10:00:00Z,2026-08-11T12:00:00+0200,1.86,EUR/MWh,DK2,DK_2,day_ahead_price,value,2026-08-22T18:55:39Z
2026-08-22T18:49:31Z,2026-08-22T20:49:31+0200,32ee4a35-e929-46bf-8b2d-58a671b58f50,2026-08-11T10:15:00Z,2026-08-11T12:15:00+0200,1.57,EUR/MWh,DK2,DK_2,day_ahead_price,value,2026-08-22T18:55:39Z
2026-08-22T18:49:31Z,2026-08-22T20:49:31+0200,32ee4a35-e929-46bf-8b2d-58a671b58f50,2026-08-11T10:30:00Z,2026-08-11T12:30:00+0200,1.57,EUR/MWh,DK2,DK_2,day_ahead_price,value,2026-08-22T18:55:39Z
2026-08-22T18:49:31Z,2026-08-22T20:49:31+0200,32ee4a35-e929-46bf-8b2d-58a671b58f50,2026-08-11T10:45:00Z,2026-08-11T12:45:00+0200,1.82,EUR/MWh,DK2,DK_2,day_ahead_price,value,2026-08-22T18:55:39Z
2026-08-22T18:49:31Z,2026-08-22T20:49:31+0200,32ee4a35-e929-46bf-8b2d-58a671b58f50,2026-08-11T11:00:00Z,2026-08-11T13:00:00+0200,1.64,EUR/MWh,DK2,DK_2,day_ahead_price,value,2026-08-22T18:55:39Z
2026-08-22T18:49:31Z,2026-08-22T20:49:31+0200,32ee4a35-e929-46bf-8b2d-58a671b58f50,2026-08-11T11:15:00Z,2026-08-11T13:15:00+0200,1.65,EUR/MWh,DK2,DK_2,day_ahead_price,value,2026-08-22T18:55:39Z
2026-08-22T18:49:31Z,2026-08-22T20:49:31+0200,32ee4a35-e929-46bf-8b2d-58a671b58f50,2026-08-11T11:30:00Z,2026-08-11T13:30:00+0200,1.73,EUR/MWh,DK2,DK_2,day_ahead_price,value,2026-08-22T18:55:39Z
2026-08-22T18:49:31Z,2026-08-22T20:49:31+0200,32ee4a35-e929-46bf-8b2d-58a671b58f50,2026-08-11T11:45:00Z,2026-08-11T13:45:00+0200,1.73,EUR/MWh,DK2,DK_2,day_ahead_price,value,2026-08-22T18:55:39Z
2026-08-22T18:49:31Z,2026-08-22T20:49:31+0200,32ee4a35-e929-46bf-8b2d-58a671b58f50,2026-08-11T12:00:00Z,2026-08-11T14:00:00+0200,1.32,EUR/MWh,DK2,DK_2,day_ahead_price,value,2026-08-22T18:55:39Z
2026-08-22T18:49:31Z,2026-08-22T20:49:31+0200,32ee4a35-e929-46bf-8b2d-58a671b58f50,2026-08-11T12:15:00Z,2026-08-11T14:15:00+0200,1.47,EUR/MWh,DK2,DK_2,day_ahead_price,value,2026-08-22T18:55:39Z
2026-08-22T18:49:31Z,2026-08-22T20:49:31+0200,32ee4a35-e929-46bf-8b2d-58a671b58f50,2026-08-11T12:30:00Z,2026-08-11T14:30:00+0200,1.7,EUR/MWh,DK2,DK_2,day_ahead_price,value,2026-08-22T18:55:39Z
2026-08-22T18:49:31Z,2026-08-22T20:49:31+0200,32ee4a35-e929-46bf-8b2d-58a671b58f50,2026-08-11T12:45:00Z,2026-08-11T14:45:00+0200,2.11,EUR/MWh,DK2,DK_2,day_ahead_price,value,2026-08-22T18:55:39Z
2026-08-22T18:49:31Z,2026-08-22T20:49:31+0200,32ee4a35-e929-46bf-8b2d-58a671b58f50,2026-08-11T13:00:00Z,2026-08-11T15:00:00+0200,1.39,EUR/MWh,DK2,DK_2,day_ahead_price,value,2026-08-22T18:55:39Z
2026-08-22T18:49:31Z,2026-08-22T20:49:31+0200,32ee4a35-e929-46bf-8b2d-58a671b58f50,2026-08-11T13:15:00Z,2026-08-11T15:15:00+0200,2.16,EUR/MWh,DK2,DK_2,day_ahead_price,value,2026-08-22T18:55:39Z
2026-08-22T18:49:31Z,2026-08-22T20:49:31+0200,32ee4a35-e929-46bf-8b2d-58a671b58f50,2026-08-11T13:30:00Z,2026-08-11T15:30:00+0200,3.27,EUR/MWh,DK2,DK_2,day_ahead_price,value,2026-08-22T18:55:39Z
2026-08-22T18:49:31Z,2026-08-22T20:49:31+0200,32ee4a35-e929-46bf-8b2d-58a671b58f50,2026-08-11T13:45:00Z,2026-08-11T15:45:00+0200,9.83,EUR/MWh,DK2,DK_2,day_ahead_price,value,2026-08-22T18:55:39Z
2026-08-22T18:49:31Z,2026-08-22T20:49:31+0200,32ee4a35-e929-46bf-8b2d-58a671b58f50,2026-08-11T14:00:00Z,2026-08-11T16:00:00+0200,5.76,EUR/MWh,DK2,DK_2,day_ahead_price,value,2026-08-22T18:55:39Z
2026-08-22T18:49:31Z,2026-08-22T20:49:31+0200,32ee4a35-e929-46bf-8b2d-58a671b58f50,2026-08-11T14:15:00Z,2026-08-11T16:15:00+0200,20.69,EUR/MWh,DK2,DK_2,day_ahead_price,value,2026-08-22T18:55:39Z
2026-08-22T18:49:31Z,2026-08-22T20:49:31+0200,32ee4a35-e929-46bf-8b2d-58a671b58f50,2026-08-11T14:30:00Z,2026-08-11T16:30:00+0200,55.93,EUR/MWh,DK2,DK_2,day_ahead_price,value,2026-08-22T18:55:39Z
2026-08-22T18:49:31Z,2026-08-22T20:49:31+0200,32ee4a35-e929-46bf-8b2d-58a671b58f50,2026-08-11T14:45:00Z,2026-08-11T16:45:00+0200,85.52,EUR/MWh,DK2,DK_2,day_ahead_price,value,2026-08-22T18:55:39Z
2026-08-22T18:49:31Z,2026-08-22T20:49:31+0200,32ee4a35-e929-46bf-8b2d-58a671b58f50,2026-08-11T15:00:00Z,2026-08-11T17:00:00+0200,75.87,EUR/MWh,DK2,DK_2,day_ahead_price,value,2026-08-22T18:55:39Z
2026-08-22T18:49:31Z,2026-08-22T20:49:31+0200,32ee4a35-e929-46bf-8b2d-58a671b58f50,2026-08-11T15:15:00Z,2026-08-11T17:15:00+0200,101.75,EUR/MWh,DK2,DK_2,day_ahead_price,value,2026-08-22T18:55:39Z
2026-08-22T18:49:31Z,2026-08-22T20:49:31+0200,32ee4a35-e929-46bf-8b2d-58a671b58f50,2026-08-11T15:30:00Z,2026-08-11T17:30:00+0200,116.61,EUR/MWh,DK2,DK_2,day_ahead_price,value,2026-08-22T18:55:39Z
2026-08-22T18:49:31Z,2026-08-22T20:49:31+0200,32ee4a35-e929-46bf-8b2d-58a671b58f50,2026-08-11T15:45:00Z,2026-08-11T17:45:00+0200,137.94,EUR/MWh,DK2,DK_2,day_ahead_price,value,2026-08-22T18:55:39Z
2026-08-22T18:49:31Z,2026-08-22T20:49:31+0200,32ee4a35-e929-46bf-8b2d-58a671b58f50,2026-08-11T16:00:00Z,2026-08-11T18:00:00+0200,118.11,EUR/MWh,DK2,DK_2,day_ahead_price,value,2026-08-22T18:55:39Z
2026-08-22T18:49:31Z,2026-08-22T20:49:31+0200,32ee4a35-e929-46bf-8b2d-58a671b58f50,2026-08-11T16:15:00Z,2026-08-11T18:15:00+0200,143.37,EUR/MWh,DK2,DK_2,day_ahead_price,value,2026-08-22T18:55:39Z
2026-08-22T18:49:31Z,2026-08-22T20:49:31+0200,32ee4a35-e929-46bf-8b2d-58a671b58f50,2026-08-11T16:30:00Z,2026-08-11T18:30:00+0200,156.3,EUR/MWh,DK2,DK_2,day_ahead_price,value,2026-08-22T18:55:39Z
2026-08-22T18:49:31Z,2026-08-22T20:49:31+0200,32ee4a35-e929-46bf-8b2d-58a671b58f50,2026-08-11T16:45:00Z,2026-08-11T18:45:00+0200,166.97,EUR/MWh,DK2,DK_2,day_ahead_price,value,2026-08-22T18:55:39Z
2026-08-22T18:49:31Z,2026-08-22T20:49:31+0200,32ee4a35-e929-46bf-8b2d-58a671b58f50,2026-08-11T17:00:00Z,2026-08-11T19:00:00+0200,159.37,EUR/MWh,DK2,DK_2,day_ahead_price,value,2026-08-22T18:55:39Z
2026-08-22T18:49:31Z,2026-08-22T20:49:31+0200,32ee4a35-e929-46bf-8b2d-58a671b58f50,2026-08-11T17:15:00Z,2026-08-11T19:15:00+0200,169.45,EUR/MWh,DK2,DK_2,day_ahead_price,value,2026-08-22T18:55:39Z
2026-08-22T18:49:31Z,2026-08-22T20:49:31+0200,32ee4a35-e929-46bf-8b2d-58a671b58f50,2026-08-11T17:30:00Z,2026-08-11T19:30:00+0200,184.66,EUR/MWh,DK2,DK_2,day_ahead_price,value,2026-08-22T18:55:39Z
2026-08-22T18:49:31Z,2026-08-22T20:49:31+0200,32ee4a35-e929-46bf-8b2d-58a671b58f50,2026-08-11T17:45:00Z,2026-08-11T19:45:00+0200,208.55,EUR/MWh,DK2,DK_2,day_ahead_price,value,2026-08-22T18:55:39Z
2026-08-22T18:49:31Z,2026-08-22T20:49:31+0200,32ee4a35-e929-46bf-8b2d-58a671b58f50,2026-08-11T18:00:00Z,2026-08-11T20:00:00+0200,197.45,EUR/MWh,DK2,DK_2,day_ahead_price,value,2026-08-22T18:55:39Z
2026-08-22T18:49:31Z,2026-08-22T20:49:31+0200,32ee4a35-e929-46bf-8b2d-58a671b58f50,2026-08-11T18:15:00Z,2026-08-11T20:15:00+0200,203.56,EUR/MWh,DK2,DK_2,day_ahead_price,value,2026-08-22T18:55:39Z
2026-08-22T18:49:31Z,2026-08-22T20:49:31+0200,32ee4a35-e929-46bf-8b2d-58a671b58f50,2026-08-11T18:30:00Z,2026-08-11T20:30:00+0200,204.51,EUR/MWh,DK2,DK_2,day_ahead_price,value,2026-08-22T18:55:39Z
2026-08-22T18:49:31Z,2026-08-22T20:49:31+0200,32ee4a35-e929-46bf-8b2d-58a671b58f50,2026-08-11T18:45:00Z,2026-08-11T20:45:00+0200,203.92,EUR/MWh,DK2,DK_2,day_ahead_price,value,2026-08-22T18:55:39Z
2026-08-22T18:49:31Z,2026-08-22T20:49:31+0200,32ee4a35-e929-46bf-8b2d-58a671b58f50,2026-08-11T19:00:00Z,2026-08-11T21:00:00+0200,206.18,EUR/MWh,DK2,DK_2,day_ahead_price,value,2026-08-22T18:55:39Z
2026-08-22T18:49:31Z,2026-08-22T20:49:31+0200,32ee4a35-e929-46bf-8b2d-58a671b58f50,2026-08-11T19:15:00Z,2026-08-11T21:15:00+0200,195.26,EUR/MWh,DK2,DK_2,day_ahead_price,value,2026-08-22T18:55:39Z
2026-08-22T18:49:31Z,2026-08-22T20:49:31+0200,32ee4a35-e929-46bf-8b2d-58a671b58f50,2026-08-11T19:30:00Z,2026-08-11T21:30:00+0200,189.42,EUR/MWh,DK2,DK_2,day_ahead_price,value,2026-08-22T18:55:39Z
2026-08-22T18:49:31Z,2026-08-22T20:49:31+0200,32ee4a35-e929-46bf-8b2d-58a671b58f50,2026-08-11T19:45:00Z,2026-08-11T21:45:00+0200,173.78,EUR/MWh,DK2,DK_2,day_ahead_price,value,2026-08-22T18:55:39Z
2026-08-22T18:49:31Z,2026-08-22T20:49:31+0200,32ee4a35-e929-46bf-8b2d-58a671b58f50,2026-08-11T20:00:00Z,2026-08-11T22:00:00+0200,180.81,EUR/MWh,DK2,DK_2,day_ahead_price,value,2026-08-22T18:55:39Z
2026-08-22T18:49:31Z,2026-08-22T20:49:31+0200,32ee4a35-e929-46bf-8b2d-58a671b58f50,2026-08-11T20:15:00Z,2026-08-11T22:15:00+0200,173.4,EUR/MWh,DK2,DK_2,day_ahead_price,value,2026-08-22T18:55:39Z
2026-08-22T18:49:31Z,2026-08-22T20:49:31+0200,32ee4a35-e929-46bf-8b2d-58a671b58f50,2026-08-11T20:30:00Z,2026-08-11T22:30:00+0200,171.26,EUR/MWh,DK2,DK_2,day_ahead_price,value,2026-08-22T18:55:39Z
2026-08-22T18:49:31Z,2026-08-22T20:49:31+0200,32ee4a35-e929-46bf-8b2d-58a671b58f50,2026-08-11T20:45:00Z,2026-08-11T22:45:00+0200,165.9,EUR/MWh,DK2,DK_2,day_ahead_price,value,2026-08-22T18:55:39Z
2026-08-22T18:49:31Z,2026-08-22T20:49:31+0200,32ee4a35-e929-46bf-8b2d-58a671b58f50,2026-08-11T21:00:00Z,2026-08-11T23:00:00+0200,162.09,EUR/MWh,DK2,DK_2,day_ahead_price,value,2026-08-22T18:55:39Z
2026-08-22T18:49:31Z,2026-08-22T20:49:31+0200,32ee4a35-e929-46bf-8b2d-58a671b58f50,2026-08-11T21:15:00Z,2026-08-11T23:15:00+0200,152.93,EUR/MWh,DK2,DK_2,day_ahead_price,value,2026-08-22T18:55:39Z
2026-08-22T18:49:31Z,2026-08-22T20:49:31+0200,32ee4a35-e929-46bf-8b2d-58a671b58f50,2026-08-11T21:30:00Z,2026-08-11T23:30:00+0200,151.3,EUR/MWh,DK2,DK_2,day_ahead_price,value,2026-08-22T18:55:39Z
2026-08-22T18:49:31Z,2026-08-22T20:49:31+0200,32ee4a35-e929-46bf-8b2d-58a671b58f50,2026-08-11T21:45:00Z,2026-08-11T23:45:00+0200,146.64,EUR/MWh,DK2,DK_2,day_ahead_price,value,2026-08-22T18:55:39Z
2026-08-22T18:49:31Z,2026-08-22T20:49:31+0200,32ee4a35-e929-46bf-8b2d-58a671b58f50,2026-08-11T22:00:00Z,2026-08-12T00:00:00+0200,162.809998,EUR/MWh,DK2,DK_2,day_ahead_price,value,2026-08-22T18:55:39Z
2026-08-22T18:49:31Z,2026-08-22T20:49:31+0200,32ee4a35-e929-46bf-8b2d-58a671b58f50,2026-08-11T22:15:00Z,2026-08-12T00:15:00+0200,158.9,EUR/MWh,DK2,DK_2,day_ahead_price,value,2026-08-22T18:55:39Z
2026-08-22T18:49:31Z,2026-08-22T20:49:31+0200,32ee4a35-e929-46bf-8b2d-58a671b58f50,2026-08-11T22:30:00Z,2026-08-12T00:30:00+0200,154.0,EUR/MWh,DK2,DK_2,day_ahead_price,value,2026-08-22T18:55:39Z
2026-08-22T18:49:31Z,2026-08-22T20:49:31+0200,32ee4a35-e929-46bf-8b2d-58a671b58f50,2026-08-11T22:45:00Z,2026-08-12T00:45:00+0200,145.009995,EUR/MWh,DK2,DK_2,day_ahead_price,value,2026-08-22T18:55:39Z
2026-08-22T18:49:31Z,2026-08-22T20:49:31+0200,32ee4a35-e929-46bf-8b2d-58a671b58f50,2026-08-11T23:00:00Z,2026-08-12T01:00:00+0200,154.429993,EUR/MWh,DK2,DK_2,day_ahead_price,value,2026-08-22T18:55:39Z
2026-08-22T18:49:31Z,2026-08-22T20:49:31+0200,32ee4a35-e929-46bf-8b2d-58a671b58f50,2026-08-11T23:15:00Z,2026-08-12T01:15:00+0200,149.91,EUR/MWh,DK2,DK_2,day_ahead_price,value,2026-08-22T18:55:39Z
2026-08-22T18:49:31Z,2026-08-22T20:49:31+0200,32ee4a35-e929-46bf-8b2d-58a671b58f50,2026-08-11T23:30:00Z,2026-08-12T01:30:00+0200,147.87,EUR/MWh,DK2,DK_2,day_ahead_price,value,2026-08-22T18:55:39Z
2026-08-22T18:49:31Z,2026-08-22T20:49:31+0200,32ee4a35-e929-46bf-8b2d-58a671b58f50,2026-08-11T23:45:00Z,2026-08-12T01:45:00+0200,145.84,EUR/MWh,DK2,DK_2,day_ahead_price,value,2026-08-22T18:55:39Z
2026-08-22T18:49:31Z,2026-08-22T20:49:31+0200,32ee4a35-e929-46bf-8b2d-58a671b58f50,2026-08-12T00:00:00Z,2026-08-12T02:00:00+0200,145.1,EUR/MWh,DK2,DK_2,day_ahead_price,value,2026-08-22T18:55:39Z
2026-08-22T18:49:31Z,2026-08-22T20:49:31+0200,32ee4a35-e929-46bf-8b2d-58a671b58f50,2026-08-12T00:15:00Z,2026-08-12T02:15:00+0200,142.4,EUR/MWh,DK2,DK_2,day_ahead_price,value,2026-08-22T18:55:39Z
2026-08-22T18:49:31Z,2026-08-22T20:49:31+0200,32ee4a35-e929-46bf-8b2d-58a671b58f50,2026-08-12T00:30:00Z,2026-08-12T02:30:00+0200,142.87,EUR/MWh,DK2,DK_2,day_ahead_price,value,2026-08-22T18:55:39Z
2026-08-22T18:49:31Z,2026-08-22T20:49:31+0200,32ee4a35-e929-46bf-8b2d-58a671b58f50,2026-08-12T00:45:00Z,2026-08-12T02:45:00+0200,142.869995,EUR/MWh,DK2,DK_2,day_ahead_price,value,2026-08-22T18:55:39Z
2026-08-22T18:49:31Z,2026-08-22T20:49:31+0200,32ee4a35-e929-46bf-8b2d-58a671b58f50,2026-08-12T01:00:00Z,2026-08-12T03:00:00+0200,139.149994,EUR/MWh,DK2,DK_2,day_ahead_price,value,2026-08-22T18:55:39Z
2026-08-22T18:49:31Z,2026-08-22T20:49:31+0200,32ee4a35-e929-46bf-8b2d-58a671b58f50,2026-08-12T01:15:00Z,2026-08-12T03:15:00+0200,139.199997,EUR/MWh,DK2,DK_2,day_ahead_price,value,2026-08-22T18:55:39Z
2026-08-22T18:49:31Z,2026-08-22T20:49:31+0200,32ee4a35-e929-46bf-8b2d-58a671b58f50,2026-08-12T01:30:00Z,2026-08-12T03:30:00+0200,140.0,EUR/MWh,DK2,DK_2,day_ahead_price,value,2026-08-22T18:55:39Z
2026-08-22T18:49:31Z,2026-08-22T20:49:31+0200,32ee4a35-e929-46bf-8b2d-58a671b58f50,2026-08-12T01:45:00Z,2026-08-12T03:45:00+0200,139.95,EUR/MWh,DK2,DK_2,day_ahead_price,value,2026-08-22T18:55:39Z
2026-08-22T18:49:31Z,2026-08-22T20:49:31+0200,32ee4a35-e929-46bf-8b2d-58a671b58f50,2026-08-12T02:00:00Z,2026-08-12T04:00:00+0200,137.809998,EUR/MWh,DK2,DK_2,day_ahead_price,value,2026-08-22T18:55:39Z
2026-08-22T18:49:31Z,2026-08-22T20:49:31+0200,32ee4a35-e929-46bf-8b2d-58a671b58f50,2026-08-12T02:15:00Z,2026-08-12T04:15:00+0200,139.12,EUR/MWh,DK2,DK_2,day_ahead_price,value,2026-08-22T18:55:39Z
2026-08-22T18:49:31Z,2026-08-22T20:49:31+0200,32ee4a35-e929-46bf-8b2d-58a671b58f50,2026-08-12T02:30:00Z,2026-08-12T04:30:00+0200,139.160004,EUR/MWh,DK2,DK_2,day_ahead_price,value,2026-08-22T18:55:39Z
2026-08-22T18:49:31Z,2026-08-22T20:49:31+0200,32ee4a35-e929-46bf-8b2d-58a671b58f50,2026-08-12T02:45:00Z,2026-08-12T04:45:00+0200,144.3,EUR/MWh,DK2,DK_2,day_ahead_price,value,2026-08-22T18:55:39Z
2026-08-22T18:49:31Z,2026-08-22T20:49:31+0200,32ee4a35-e929-46bf-8b2d-58a671b58f50,2026-08-12T03:00:00Z,2026-08-12T05:00:00+0200,144.630005,EUR/MWh,DK2,DK_2,day_ahead_price,value,2026-08-22T18:55:39Z
2026-08-22T18:49:31Z,2026-08-22T20:49:31+0200,32ee4a35-e929-46bf-8b2d-58a671b58f50,2026-08-12T03:15:00Z,2026-08-12T05:15:00+0200,149.020004,EUR/MWh,DK2,DK_2,day_ahead_price,value,2026-08-22T18:55:39Z
2026-08-22T18:49:31Z,2026-08-22T20:49:31+0200,32ee4a35-e929-46bf-8b2d-58a671b58f50,2026-08-12T03:30:00Z,2026-08-12T05:30:00+0200,158.37,EUR/MWh,DK2,DK_2,day_ahead_price,value,2026-08-22T18:55:39Z
2026-08-22T18:49:31Z,2026-08-22T20:49:31+0200,32ee4a35-e929-46bf-8b2d-58a671b58f50,2026-08-12T03:45:00Z,2026-08-12T05:45:00+0200,162.02,EUR/MWh,DK2,DK_2,day_ahead_price,value,2026-08-22T18:55:39Z
2026-08-22T18:49:31Z,2026-08-22T20:49:31+0200,32ee4a35-e929-46bf-8b2d-58a671b58f50,2026-08-12T04:00:00Z,2026-08-12T06:00:00+0200,171.179993,EUR/MWh,DK2,DK_2,day_ahead_price,value,2026-08-22T18:55:39Z
2026-08-22T18:49:31Z,2026-08-22T20:49:31+0200,32ee4a35-e929-46bf-8b2d-58a671b58f50,2026-08-12T04:15:00Z,2026-08-12T06:15:00+0200,174.68,EUR/MWh,DK2,DK_2,day_ahead_price,value,2026-08-22T18:55:39Z
2026-08-22T18:49:31Z,2026-08-22T20:49:31+0200,32ee4a35-e929-46bf-8b2d-58a671b58f50,2026-08-12T04:30:00Z,2026-08-12T06:30:00+0200,172.53,EUR/MWh,DK2,DK_2,day_ahead_price,value,2026-08-22T18:55:39Z
2026-08-22T18:49:31Z,2026-08-22T20:49:31+0200,32ee4a35-e929-46bf-8b2d-58a671b58f50,2026-08-12T04:45:00Z,2026-08-12T06:45:00+0200,170.98,EUR/MWh,DK2,DK_2,day_ahead_price,value,2026-08-22T18:55:39Z
2026-08-22T18:49:31Z,2026-08-22T20:49:31+0200,32ee4a35-e929-46bf-8b2d-58a671b58f50,2026-08-12T05:00:00Z,2026-08-12T07:00:00+0200,181.51,EUR/MWh,DK2,DK_2,day_ahead_price,value,2026-08-22T18:55:39Z
2026-08-22T18:49:31Z,2026-08-22T20:49:31+0200,32ee4a35-e929-46bf-8b2d-58a671b58f50,2026-08-12T05:15:00Z,2026-08-12T07:15:00+0200,171.51,EUR/MWh,DK2,DK_2,day_ahead_price,value,2026-08-22T18:55:39Z
2026-08-22T18:49:31Z,2026-08-22T20:49:31+0200,32ee4a35-e929-46bf-8b2d-58a671b58f50,2026-08-12T05:30:00Z,2026-08-12T07:30:00+0200,165.860001,EUR/MWh,DK2,DK_2,day_ahead_price,value,2026-08-22T18:55:39Z
2026-08-22T18:49:31Z,2026-08-22T20:49:31+0200,32ee4a35-e929-46bf-8b2d-58a671b58f50,2026-08-12T05:45:00Z,2026-08-12T07:45:00+0200,151.33,EUR/MWh,DK2,DK_2,day_ahead_price,value,2026-08-22T18:55:39Z
2026-08-22T18:49:31Z,2026-08-22T20:49:31+0200,32ee4a35-e929-46bf-8b2d-58a671b58f50,2026-08-12T06:00:00Z,2026-08-12T08:00:00+0200,175.509995,EUR/MWh,DK2,DK_2,day_ahead_price,value,2026-08-22T18:55:39Z
2026-08-22T18:49:31Z,2026-08-22T20:49:31+0200,32ee4a35-e929-46bf-8b2d-58a671b58f50,2026-08-12T06:15:00Z,2026-08-12T08:15:00+0200,160.139999,EUR/MWh,DK2,DK_2,day_ahead_price,value,2026-08-22T18:55:39Z
2026-08-22T18:49:31Z,2026-08-22T20:49:31+0200,32ee4a35-e929-46bf-8b2d-58a671b58f50,2026-08-12T06:30:00Z,2026-08-12T08:30:00+0200,146.350006,EUR/MWh,DK2,DK_2,day_ahead_price,value,2026-08-22T18:55:39Z
2026-08-22T18:49:31Z,2026-08-22T20:49:31+0200,32ee4a35-e929-46bf-8b2d-58a671b58f50,2026-08-12T06:45:00Z,2026-08-12T08:45:00+0200,139.17,EUR/MWh,DK2,DK_2,day_ahead_price,value,2026-08-22T18:55:39Z
2026-08-22T18:49:31Z,2026-08-22T20:49:31+0200,32ee4a35-e929-46bf-8b2d-58a671b58f50,2026-08-12T07:00:00Z,2026-08-12T09:00:00+0200,162.199997,EUR/MWh,DK2,DK_2,day_ahead_price,value,2026-08-22T18:55:39Z
2026-08-22T18:49:31Z,2026-08-22T20:49:31+0200,32ee4a35-e929-46bf-8b2d-58a671b58f50,2026-08-12T07:15:00Z,2026-08-12T09:15:00+0200,136.220001,EUR/MWh,DK2,DK_2,day_ahead_price,value,2026-08-22T18:55:39Z
2026-08-22T18:49:31Z,2026-08-22T20:49:31+0200,32ee4a35-e929-46bf-8b2d-58a671b58f50,2026-08-12T07:30:00Z,2026-08-12T09:30:00+0200,116.58,EUR/MWh,DK2,DK_2,day_ahead_price,value,2026-08-22T18:55:39Z
2026-08-22T18:49:31Z,2026-08-22T20:49:31+0200,32ee4a35-e929-46bf-8b2d-58a671b58f50,2026-08-12T07:45:00Z,2026-08-12T09:45:00+0200,100.260002,EUR/MWh,DK2,DK_2,day_ahead_price,value,2026-08-22T18:55:39Z
2026-08-22T18:49:31Z,2026-08-22T20:49:31+0200,32ee4a35-e929-46bf-8b2d-58a671b58f50,2026-08-12T08:00:00Z,2026-08-12T10:00:00+0200,116.52,EUR/MWh,DK2,DK_2,day_ahead_price,value,2026-08-22T18:55:39Z
2026-08-22T18:49:31Z,2026-08-22T20:49:31+0200,32ee4a35-e929-46bf-8b2d-58a671b58f50,2026-08-12T08:15:00Z,2026-08-12T10:15:00+0200,98.790001,EUR/MWh,DK2,DK_2,day_ahead_price,value,2026-08-22T18:55:39Z
2026-08-22T18:49:31Z,2026-08-22T20:49:31+0200,32ee4a35-e929-46bf-8b2d-58a671b58f50,2026-08-12T08:30:00Z,2026-08-12T10:30:00+0200,81.58,EUR/MWh,DK2,DK_2,day_ahead_price,value,2026-08-22T18:55:39Z
2026-08-22T18:49:31Z,2026-08-22T20:49:31+0200,32ee4a35-e929-46bf-8b2d-58a671b58f50,2026-08-12T08:45:00Z,2026-08-12T10:45:00+0200,51.87,EUR/MWh,DK2,DK_2,day_ahead_price,value,2026-08-22T18:55:39Z
2026-08-22T18:49:31Z,2026-08-22T20:49:31+0200,32ee4a35-e929-46bf-8b2d-58a671b58f50,2026-08-12T09:00:00Z,2026-08-12T11:00:00+0200,64.129997,EUR/MWh,DK2,DK_2,day_ahead_price,value,2026-08-22T18:55:39Z
2026-08-22T18:49:31Z,2026-08-22T20:49:31+0200,32ee4a35-e929-46bf-8b2d-58a671b58f50,2026-08-12T09:15:00Z,2026-08-12T11:15:00+0200,42.0,EUR/MWh,DK2,DK_2,day_ahead_price,value,2026-08-22T18:55:39Z
2026-08-22T18:49:31Z,2026-08-22T20:49:31+0200,32ee4a35-e929-46bf-8b2d-58a671b58f50,2026-08-12T09:30:00Z,2026-08-12T11:30:00+0200,35.959999,EUR/MWh,DK2,DK_2,day_ahead_price,value,2026-08-22T18:55:39Z
2026-08-22T18:49:31Z,2026-08-22T20:49:31+0200,32ee4a35-e929-46bf-8b2d-58a671b58f50,2026-08-12T09:45:00Z,2026-08-12T11:45:00+0200,18.58,EUR/MWh,DK2,DK_2,day_ahead_price,value,2026-08-22T18:55:39Z
2026-08-22T18:49:31Z,2026-08-22T20:49:31+0200,32ee4a35-e929-46bf-8b2d-58a671b58f50,2026-08-12T10:00:00Z,2026-08-12T12:00:00+0200,24.08,EUR/MWh,DK2,DK_2,day_ahead_price,value,2026-08-22T18:55:39Z
2026-08-22T18:49:31Z,2026-08-22T20:49:31+0200,32ee4a35-e929-46bf-8b2d-58a671b58f50,2026-08-12T10:15:00Z,2026-08-12T12:15:00+0200,18.66,EUR/MWh,DK2,DK_2,day_ahead_price,value,2026-08-22T18:55:39Z
2026-08-22T18:49:31Z,2026-08-22T20:49:31+0200,32ee4a35-e929-46bf-8b2d-58a671b58f50,2026-08-12T10:30:00Z,2026-08-12T12:30:00+0200,16.73,EUR/MWh,DK2,DK_2,day_ahead_price,value,2026-08-22T18:55:39Z
2026-08-22T18:49:31Z,2026-08-22T20:49:31+0200,32ee4a35-e929-46bf-8b2d-58a671b58f50,2026-08-12T10:45:00Z,2026-08-12T12:45:00+0200,17.450001,EUR/MWh,DK2,DK_2,day_ahead_price,value,2026-08-22T18:55:39Z
2026-08-22T18:49:31Z,2026-08-22T20:49:31+0200,32ee4a35-e929-46bf-8b2d-58a671b58f50,2026-08-12T11:00:00Z,2026-08-12T13:00:00+0200,16.72,EUR/MWh,DK2,DK_2,day_ahead_price,value,2026-08-22T18:55:39Z
2026-08-22T18:49:31Z,2026-08-22T20:49:31+0200,32ee4a35-e929-46bf-8b2d-58a671b58f50,2026-08-12T11:15:00Z,2026-08-12T13:15:00+0200,19.49,EUR/MWh,DK2,DK_2,day_ahead_price,value,2026-08-22T18:55:39Z
2026-08-22T18:49:31Z,2026-08-22T20:49:31+0200,32ee4a35-e929-46bf-8b2d-58a671b58f50,2026-08-12T11:30:00Z,2026-08-12T13:30:00+0200,18.73,EUR/MWh,DK2,DK_2,day_ahead_price,value,2026-08-22T18:55:39Z
2026-08-22T18:49:31Z,2026-08-22T20:49:31+0200,32ee4a35-e929-46bf-8b2d-58a671b58f50,2026-08-12T11:45:00Z,2026-08-12T13:45:00+0200,16.73,EUR/MWh,DK2,DK_2,day_ahead_price,value,2026-08-22T18:55:39Z
2026-08-22T18:49:31Z,2026-08-22T20:49:31+0200,32ee4a35-e929-46bf-8b2d-58a671b58f50,2026-08-12T12:00:00Z,2026-08-12T14:00:00+0200,16.73,EUR/MWh,DK2,DK_2,day_ahead_price,value,2026-08-22T18:55:39Z
2026-08-22T18:49:31Z,2026-08-22T20:49:31+0200,32ee4a35-e929-46bf-8b2d-58a671b58f50,2026-08-12T12:15:00Z,2026-08-12T14:15:00+0200,19.99,EUR/MWh,DK2,DK_2,day_ahead_price,value,2026-08-22T18:55:39Z
2026-08-22T18:49:31Z,2026-08-22T20:49:31+0200,32ee4a35-e929-46bf-8b2d-58a671b58f50,2026-08-12T12:30:00Z,2026-08-12T14:30:00+0200,18.01,EUR/MWh,DK2,DK_2,day_ahead_price,value,2026-08-22T18:55:39Z
2026-08-22T18:49:31Z,2026-08-22T20:49:31+0200,32ee4a35-e929-46bf-8b2d-58a671b58f50,2026-08-12T12:45:00Z,2026-08-12T14:45:00+0200,25.93,EUR/MWh,DK2,DK_2,day_ahead_price,value,2026-08-22T18:55:39Z
2026-08-22T18:49:31Z,2026-08-22T20:49:31+0200,32ee4a35-e929-46bf-8b2d-58a671b58f50,2026-08-12T13:00:00Z,2026-08-12T15:00:00+0200,19.530001,EUR/MWh,DK2,DK_2,day_ahead_price,value,2026-08-22T18:55:39Z
2026-08-22T18:49:31Z,2026-08-22T20:49:31+0200,32ee4a35-e929-46bf-8b2d-58a671b58f50,2026-08-12T13:15:00Z,2026-08-12T15:15:00+0200,28.13,EUR/MWh,DK2,DK_2,day_ahead_price,value,2026-08-22T18:55:39Z
2026-08-22T18:49:31Z,2026-08-22T20:49:31+0200,32ee4a35-e929-46bf-8b2d-58a671b58f50,2026-08-12T13:30:00Z,2026-08-12T15:30:00+0200,48.56,EUR/MWh,DK2,DK_2,day_ahead_price,value,2026-08-22T18:55:39Z
2026-08-22T18:49:31Z,2026-08-22T20:49:31+0200,32ee4a35-e929-46bf-8b2d-58a671b58f50,2026-08-12T13:45:00Z,2026-08-12T15:45:00+0200,76.809998,EUR/MWh,DK2,DK_2,day_ahead_price,value,2026-08-22T18:55:39Z
2026-08-22T18:49:31Z,2026-08-22T20:49:31+0200,32ee4a35-e929-46bf-8b2d-58a671b58f50,2026-08-12T14:00:00Z,2026-08-12T16:00:00+0200,67.11,EUR/MWh,DK2,DK_2,day_ahead_price,value,2026-08-22T18:55:39Z
2026-08-22T18:49:31Z,2026-08-22T20:49:31+0200,32ee4a35-e929-46bf-8b2d-58a671b58f50,2026-08-12T14:15:00Z,2026-08-12T16:15:00+0200,92.629997,EUR/MWh,DK2,DK_2,day_ahead_price,value,2026-08-22T18:55:39Z
2026-08-22T18:49:31Z,2026-08-22T20:49:31+0200,32ee4a35-e929-46bf-8b2d-58a671b58f50,2026-08-12T14:30:00Z,2026-08-12T16:30:00+0200,110.650002,EUR/MWh,DK2,DK_2,day_ahead_price,value,2026-08-22T18:55:39Z
2026-08-22T18:49:31Z,2026-08-22T20:49:31+0200,32ee4a35-e929-46bf-8b2d-58a671b58f50,2026-08-12T14:45:00Z,2026-08-12T16:45:00+0200,119.580002,EUR/MWh,DK2,DK_2,day_ahead_price,value,2026-08-22T18:55:39Z
2026-08-22T18:49:31Z,2026-08-22T20:49:31+0200,32ee4a35-e929-46bf-8b2d-58a671b58f50,2026-08-12T15:00:00Z,2026-08-12T17:00:00+0200,110.199997,EUR/MWh,DK2,DK_2,day_ahead_price,value,2026-08-22T18:55:39Z
2026-08-22T18:49:31Z,2026-08-22T20:49:31+0200,32ee4a35-e929-46bf-8b2d-58a671b58f50,2026-08-12T15:15:00Z,2026-08-12T17:15:00+0200,131.490005,EUR/MWh,DK2,DK_2,day_ahead_price,value,2026-08-22T18:55:39Z
2026-08-22T18:49:31Z,2026-08-22T20:49:31+0200,32ee4a35-e929-46bf-8b2d-58a671b58f50,2026-08-12T15:30:00Z,2026-08-12T17:30:00+0200,147.139999,EUR/MWh,DK2,DK_2,day_ahead_price,value,2026-08-22T18:55:39Z
2026-08-22T18:49:31Z,2026-08-22T20:49:31+0200,32ee4a35-e929-46bf-8b2d-58a671b58f50,2026-08-12T15:45:00Z,2026-08-12T17:45:00+0200,173.529999,EUR/MWh,DK2,DK_2,day_ahead_price,value,2026-08-22T18:55:39Z
2026-08-22T18:49:31Z,2026-08-22T20:49:31+0200,32ee4a35-e929-46bf-8b2d-58a671b58f50,2026-08-12T16:00:00Z,2026-08-12T18:00:00+0200,158.25,EUR/MWh,DK2,DK_2,day_ahead_price,value,2026-08-22T18:55:39Z
2026-08-22T18:49:31Z,2026-08-22T20:49:31+0200,32ee4a35-e929-46bf-8b2d-58a671b58f50,2026-08-12T16:15:00Z,2026-08-12T18:15:00+0200,173.98,EUR/MWh,DK2,DK_2,day_ahead_price,value,2026-08-22T18:55:39Z
2026-08-22T18:49:31Z,2026-08-22T20:49:31+0200,32ee4a35-e929-46bf-8b2d-58a671b58f50,2026-08-12T16:30:00Z,2026-08-12T18:30:00+0200,185.809998,EUR/MWh,DK2,DK_2,day_ahead_price,value,2026-08-22T18:55:39Z
2026-08-22T18:49:31Z,2026-08-22T20:49:31+0200,32ee4a35-e929-46bf-8b2d-58a671b58f50,2026-08-12T16:45:00Z,2026-08-12T18:45:00+0200,219.28,EUR/MWh,DK2,DK_2,day_ahead_price,value,2026-08-22T18:55:39Z
2026-08-22T18:49:31Z,2026-08-22T20:49:31+0200,32ee4a35-e929-46bf-8b2d-58a671b58f50,2026-08-12T17:00:00Z,2026-08-12T19:00:00+0200,210.02,EUR/MWh,DK2,DK_2,day_ahead_price,value,2026-08-22T18:55:39Z
2026-08-22T18:49:31Z,2026-08-22T20:49:31+0200,32ee4a35-e929-46bf-8b2d-58a671b58f50,2026-08-12T17:15:00Z,2026-08-12T19:15:00+0200,241.55,EUR/MWh,DK2,DK_2,day_ahead_price,value,2026-08-22T18:55:39Z
2026-08-22T18:49:31Z,2026-08-22T20:49:31+0200,32ee4a35-e929-46bf-8b2d-58a671b58f50,2026-08-12T17:30:00Z,2026-08-12T19:30:00+0200,287.320007,EUR/MWh,DK2,DK_2,day_ahead_price,value,2026-08-22T18:55:39Z
2026-08-22T18:49:31Z,2026-08-22T20:49:31+0200,32ee4a35-e929-46bf-8b2d-58a671b58f50,2026-08-12T17:45:00Z,2026-08-12T19:45:00+0200,461.19,EUR/MWh,DK2,DK_2,day_ahead_price,value,2026-08-22T18:55:39Z
2026-08-22T18:49:31Z,2026-08-22T20:49:31+0200,32ee4a35-e929-46bf-8b2d-58a671b58f50,2026-08-12T18:00:00Z,2026-08-12T20:00:00+0200,402.52,EUR/MWh,DK2,DK_2,day_ahead_price,value,2026-08-22T18:55:39Z
2026-08-22T18:49:31Z,2026-08-22T20:49:31+0200,32ee4a35-e929-46bf-8b2d-58a671b58f50,2026-08-12T18:15:00Z,2026-08-12T20:15:00+0200,314.94,EUR/MWh,DK2,DK_2,day_ahead_price,value,2026-08-22T18:55:39Z
2026-08-22T18:49:31Z,2026-08-22T20:49:31+0200,32ee4a35-e929-46bf-8b2d-58a671b58f50,2026-08-12T18:30:00Z,2026-08-12T20:30:00+0200,251.36,EUR/MWh,DK2,DK_2,day_ahead_price,value,2026-08-22T18:55:39Z
2026-08-22T18:49:31Z,2026-08-22T20:49:31+0200,32ee4a35-e929-46bf-8b2d-58a671b58f50,2026-08-12T18:45:00Z,2026-08-12T20:45:00+0200,232.19,EUR/MWh,DK2,DK_2,day_ahead_price,value,2026-08-22T18:55:39Z
2026-08-22T18:49:31Z,2026-08-22T20:49:31+0200,32ee4a35-e929-46bf-8b2d-58a671b58f50,2026-08-12T19:00:00Z,2026-08-12T21:00:00+0200,253.020004,EUR/MWh,DK2,DK_2,day_ahead_price,value,2026-08-22T18:55:39Z
2026-08-22T18:49:31Z,2026-08-22T20:49:31+0200,32ee4a35-e929-46bf-8b2d-58a671b58f50,2026-08-12T19:15:00Z,2026-08-12T21:15:00+0200,243.14,EUR/MWh,DK2,DK_2,day_ahead_price,value,2026-08-22T18:55:39Z
2026-08-22T18:49:31Z,2026-08-22T20:49:31+0200,32ee4a35-e929-46bf-8b2d-58a671b58f50,2026-08-12T19:30:00Z,2026-08-12T21:30:00+0200,223.41,EUR/MWh,DK2,DK_2,day_ahead_price,value,2026-08-22T18:55:39Z
2026-08-22T18:49:31Z,2026-08-22T20:49:31+0200,32ee4a35-e929-46bf-8b2d-58a671b58f50,2026-08-12T19:45:00Z,2026-08-12T21:45:00+0200,198.97,EUR/MWh,DK2,DK_2,day_ahead_price,value,2026-08-22T18:55:39Z
2026-08-22T18:49:31Z,2026-08-22T20:49:31+0200,32ee4a35-e929-46bf-8b2d-58a671b58f50,2026-08-12T20:00:00Z,2026-08-12T22:00:00+0200,205.649994,EUR/MWh,DK2,DK_2,day_ahead_price,value,2026-08-22T18:55:39Z
2026-08-22T18:49:31Z,2026-08-22T20:49:31+0200,32ee4a35-e929-46bf-8b2d-58a671b58f50,2026-08-12T20:15:00Z,2026-08-12T22:15:00+0200,193.41,EUR/MWh,DK2,DK_2,day_ahead_price,value,2026-08-22T18:55:39Z
2026-08-22T18:49:31Z,2026-08-22T20:49:31+0200,32ee4a35-e929-46bf-8b2d-58a671b58f50,2026-08-12T20:30:00Z,2026-08-12T22:30:00+0200,188.5,EUR/MWh,DK2,DK_2,day_ahead_price,value,2026-08-22T18:55:39Z
2026-08-22T18:49:31Z,2026-08-22T20:49:31+0200,32ee4a35-e929-46bf-8b2d-58a671b58f50,2026-08-12T20:45:00Z,2026-08-12T22:45:00+0200,175.13,EUR/MWh,DK2,DK_2,day_ahead_price,value,2026-08-22T18:55:39Z
2026-08-22T18:49:31Z,2026-08-22T20:49:31+0200,32ee4a35-e929-46bf-8b2d-58a671b58f50,2026-08-12T21:00:00Z,2026-08-12T23:00:00+0200,180.29,EUR/MWh,DK2,DK_2,day_ahead_price,value,2026-08-22T18:55:39Z
2026-08-22T18:49:31Z,2026-08-22T20:49:31+0200,32ee4a35-e929-46bf-8b2d-58a671b58f50,2026-08-12T21:15:00Z,2026-08-12T23:15:00+0200,174.110001,EUR/MWh,DK2,DK_2,day_ahead_price,value,2026-08-22T18:55:39Z
2026-08-22T18:49:31Z,2026-08-22T20:49:31+0200,32ee4a35-e929-46bf-8b2d-58a671b58f50,2026-08-12T21:30:00Z,2026-08-12T23:30:00+0200,173.910004,EUR/MWh,DK2,DK_2,day_ahead_price,value,2026-08-22T18:55:39Z
2026-08-22T18:49:31Z,2026-08-22T20:49:31+0200,32ee4a35-e929-46bf-8b2d-58a671b58f50,2026-08-12T21:45:00Z,2026-08-12T23:45:00+0200,160.11,EUR/MWh,DK2,DK_2,day_ahead_price,value,2026-08-22T18:55:39Z
2026-08-22T18:49:31Z,2026-08-22T20:49:31+0200,32ee4a35-e929-46bf-8b2d-58a671b58f50,2026-08-12T22:00:00Z,2026-08-13T00:00:00+0200,167.490005,EUR/MWh,DK2,DK_2,day_ahead_price,value,2026-08-22T18:55:39Z
2026-08-22T18:49:31Z,2026-08-22T20:49:31+0200,32ee4a35-e929-46bf-8b2d-58a671b58f50,2026-08-12T22:15:00Z,2026-08-13T00:15:00+0200,156.559998,EUR/MWh,DK2,DK_2,day_ahead_price,value,2026-08-22T18:55:39Z
2026-08-22T18:49:31Z,2026-08-22T20:49:31+0200,32ee4a35-e929-46bf-8b2d-58a671b58f50,2026-08-12T22:30:00Z,2026-08-13T00:30:00+0200,152.259995,EUR/MWh,DK2,DK_2,day_ahead_price,value,2026-08-22T18:55:39Z
2026-08-22T18:49:31Z,2026-08-22T20:49:31+0200,32ee4a35-e929-46bf-8b2d-58a671b58f50,2026-08-12T22:45:00Z,2026-08-13T00:45:00+0200,143.119995,EUR/MWh,DK2,DK_2,day_ahead_price,value,2026-08-22T18:55:39Z
2026-08-22T18:49:31Z,2026-08-22T20:49:31+0200,32ee4a35-e929-46bf-8b2d-58a671b58f50,2026-08-12T23:00:00Z,2026-08-13T01:00:00+0200,153.009995,EUR/MWh,DK2,DK_2,day_ahead_price,value,2026-08-22T18:55:39Z
2026-08-22T18:49:31Z,2026-08-22T20:49:31+0200,32ee4a35-e929-46bf-8b2d-58a671b58f50,2026-08-12T23:15:00Z,2026-08-13T01:15:00+0200,148.009995,EUR/MWh,DK2,DK_2,day_ahead_price,value,2026-08-22T18:55:39Z
2026-08-22T18:49:31Z,2026-08-22T20:49:31+0200,32ee4a35-e929-46bf-8b2d-58a671b58f50,2026-08-12T23:30:00Z,2026-08-13T01:30:00+0200,147.29,EUR/MWh,DK2,DK_2,day_ahead_price,value,2026-08-22T18:55:39Z
2026-08-22T18:49:31Z,2026-08-22T20:49:31+0200,32ee4a35-e929-46bf-8b2d-58a671b58f50,2026-08-12T23:45:00Z,2026-08-13T01:45:00+0200,142.080002,EUR/MWh,DK2,DK_2,day_ahead_price,value,2026-08-22T18:55:39Z
2026-08-22T18:49:31Z,2026-08-22T20:49:31+0200,32ee4a35-e929-46bf-8b2d-58a671b58f50,2026-08-13T00:00:00Z,2026-08-13T02:00:00+0200,143.580002,EUR/MWh,DK2,DK_2,day_ahead_price,value,2026-08-22T18:55:39Z
2026-08-22T18:49:31Z,2026-08-22T20:49:31+0200,32ee4a35-e929-46bf-8b2d-58a671b58f50,2026-08-13T00:15:00Z,2026-08-13T02:15:00+0200,143.17,EUR/MWh,DK2,DK_2,day_ahead_price,value,2026-08-22T18:55:39Z
2026-08-22T18:49:31Z,2026-08-22T20:49:31+0200,32ee4a35-e929-46bf-8b2d-58a671b58f50,2026-08-13T00:30:00Z,2026-08-13T02:30:00+0200,144.38,EUR/MWh,DK2,DK_2,day_ahead_price,value,2026-08-22T18:55:39Z
2026-08-22T18:49:31Z,2026-08-22T20:49:31+0200,32ee4a35-e929-46bf-8b2d-58a671b58f50,2026-08-13T00:45:00Z,2026-08-13T02:45:00+0200,142.56,EUR/MWh,DK2,DK_2,day_ahead_price,value,2026-08-22T18:55:39Z
2026-08-22T18:49:31Z,2026-08-22T20:49:31+0200,32ee4a35-e929-46bf-8b2d-58a671b58f50,2026-08-13T01:00:00Z,2026-08-13T03:00:00+0200,140.87,EUR/MWh,DK2,DK_2,day_ahead_price,value,2026-08-22T18:55:39Z
2026-08-22T18:49:31Z,2026-08-22T20:49:31+0200,32ee4a35-e929-46bf-8b2d-58a671b58f50,2026-08-13T01:15:00Z,2026-08-13T03:15:00+0200,141.820007,EUR/MWh,DK2,DK_2,day_ahead_price,value,2026-08-22T18:55:39Z
2026-08-22T18:49:31Z,2026-08-22T20:49:31+0200,32ee4a35-e929-46bf-8b2d-58a671b58f50,2026-08-13T01:30:00Z,2026-08-13T03:30:00+0200,143.76,EUR/MWh,DK2,DK_2,day_ahead_price,value,2026-08-22T18:55:39Z
2026-08-22T18:49:31Z,2026-08-22T20:49:31+0200,32ee4a35-e929-46bf-8b2d-58a671b58f50,2026-08-13T01:45:00Z,2026-08-13T03:45:00+0200,144.44,EUR/MWh,DK2,DK_2,day_ahead_price,value,2026-08-22T18:55:39Z
2026-08-22T18:49:31Z,2026-08-22T20:49:31+0200,32ee4a35-e929-46bf-8b2d-58a671b58f50,2026-08-13T02:00:00Z,2026-08-13T04:00:00+0200,141.0,EUR/MWh,DK2,DK_2,day_ahead_price,value,2026-08-22T18:55:39Z
2026-08-22T18:49:31Z,2026-08-22T20:49:31+0200,32ee4a35-e929-46bf-8b2d-58a671b58f50,2026-08-13T02:15:00Z,2026-08-13T04:15:00+0200,143.059998,EUR/MWh,DK2,DK_2,day_ahead_price,value,2026-08-22T18:55:39Z
2026-08-22T18:49:31Z,2026-08-22T20:49:31+0200,32ee4a35-e929-46bf-8b2d-58a671b58f50,2026-08-13T02:30:00Z,2026-08-13T04:30:00+0200,146.56,EUR/MWh,DK2,DK_2,day_ahead_price,value,2026-08-22T18:55:39Z
2026-08-22T18:49:31Z,2026-08-22T20:49:31+0200,32ee4a35-e929-46bf-8b2d-58a671b58f50,2026-08-13T02:45:00Z,2026-08-13T04:45:00+0200,149.08,EUR/MWh,DK2,DK_2,day_ahead_price,value,2026-08-22T18:55:39Z
2026-08-22T18:49:31Z,2026-08-22T20:49:31+0200,32ee4a35-e929-46bf-8b2d-58a671b58f50,2026-08-13T03:00:00Z,2026-08-13T05:00:00+0200,149.16,EUR/MWh,DK2,DK_2,day_ahead_price,value,2026-08-22T18:55:39Z
2026-08-22T18:49:31Z,2026-08-22T20:49:31+0200,32ee4a35-e929-46bf-8b2d-58a671b58f50,2026-08-13T03:15:00Z,2026-08-13T05:15:00+0200,154.51,EUR/MWh,DK2,DK_2,day_ahead_price,value,2026-08-22T18:55:39Z
2026-08-22T18:49:31Z,2026-08-22T20:49:31+0200,32ee4a35-e929-46bf-8b2d-58a671b58f50,2026-08-13T03:30:00Z,2026-08-13T05:30:00+0200,159.69,EUR/MWh,DK2,DK_2,day_ahead_price,value,2026-08-22T18:55:39Z
2026-08-22T18:49:31Z,2026-08-22T20:49:31+0200,32ee4a35-e929-46bf-8b2d-58a671b58f50,2026-08-13T03:45:00Z,2026-08-13T05:45:00+0200,166.27,EUR/MWh,DK2,DK_2,day_ahead_price,value,2026-08-22T18:55:39Z
2026-08-22T18:49:31Z,2026-08-22T20:49:31+0200,32ee4a35-e929-46bf-8b2d-58a671b58f50,2026-08-13T04:00:00Z,2026-08-13T06:00:00+0200,170.62,EUR/MWh,DK2,DK_2,day_ahead_price,value,2026-08-22T18:55:39Z
2026-08-22T18:49:31Z,2026-08-22T20:49:31+0200,32ee4a35-e929-46bf-8b2d-58a671b58f50,2026-08-13T04:15:00Z,2026-08-13T06:15:00+0200,174.1,EUR/MWh,DK2,DK_2,day_ahead_price,value,2026-08-22T18:55:39Z
2026-08-22T18:49:31Z,2026-08-22T20:49:31+0200,32ee4a35-e929-46bf-8b2d-58a671b58f50,2026-08-13T04:30:00Z,2026-08-13T06:30:00+0200,177.25,EUR/MWh,DK2,DK_2,day_ahead_price,value,2026-08-22T18:55:39Z
2026-08-22T18:49:31Z,2026-08-22T20:49:31+0200,32ee4a35-e929-46bf-8b2d-58a671b58f50,2026-08-13T04:45:00Z,2026-08-13T06:45:00+0200,174.990005,EUR/MWh,DK2,DK_2,day_ahead_price,value,2026-08-22T18:55:39Z
2026-08-22T18:49:31Z,2026-08-22T20:49:31+0200,32ee4a35-e929-46bf-8b2d-58a671b58f50,2026-08-13T05:00:00Z,2026-08-13T07:00:00+0200,182.48,EUR/MWh,DK2,DK_2,day_ahead_price,value,2026-08-22T18:55:39Z
2026-08-22T18:49:31Z,2026-08-22T20:49:31+0200,32ee4a35-e929-46bf-8b2d-58a671b58f50,2026-08-13T05:15:00Z,2026-08-13T07:15:00+0200,174.910004,EUR/MWh,DK2,DK_2,day_ahead_price,value,2026-08-22T18:55:39Z
2026-08-22T18:49:31Z,2026-08-22T20:49:31+0200,32ee4a35-e929-46bf-8b2d-58a671b58f50,2026-08-13T05:30:00Z,2026-08-13T07:30:00+0200,169.99,EUR/MWh,DK2,DK_2,day_ahead_price,value,2026-08-22T18:55:39Z
2026-08-22T18:49:31Z,2026-08-22T20:49:31+0200,32ee4a35-e929-46bf-8b2d-58a671b58f50,2026-08-13T05:45:00Z,2026-08-13T07:45:00+0200,157.02,EUR/MWh,DK2,DK_2,day_ahead_price,value,2026-08-22T18:55:39Z
2026-08-22T18:49:31Z,2026-08-22T20:49:31+0200,32ee4a35-e929-46bf-8b2d-58a671b58f50,2026-08-13T06:00:00Z,2026-08-13T08:00:00+0200,172.99,EUR/MWh,DK2,DK_2,day_ahead_price,value,2026-08-22T18:55:39Z
2026-08-22T18:49:31Z,2026-08-22T20:49:31+0200,32ee4a35-e929-46bf-8b2d-58a671b58f50,2026-08-13T06:15:00Z,2026-08-13T08:15:00+0200,162.69,EUR/MWh,DK2,DK_2,day_ahead_price,value,2026-08-22T18:55:39Z
2026-08-22T18:49:31Z,2026-08-22T20:49:31+0200,32ee4a35-e929-46bf-8b2d-58a671b58f50,2026-08-13T06:30:00Z,2026-08-13T08:30:00+0200,153.3,EUR/MWh,DK2,DK_2,day_ahead_price,value,2026-08-22T18:55:39Z
2026-08-22T18:49:31Z,2026-08-22T20:49:31+0200,32ee4a35-e929-46bf-8b2d-58a671b58f50,2026-08-13T06:45:00Z,2026-08-13T08:45:00+0200,138.2,EUR/MWh,DK2,DK_2,day_ahead_price,value,2026-08-22T18:55:39Z
2026-08-22T18:49:31Z,2026-08-22T20:49:31+0200,32ee4a35-e929-46bf-8b2d-58a671b58f50,2026-08-13T07:00:00Z,2026-08-13T09:00:00+0200,158.830002,EUR/MWh,DK2,DK_2,day_ahead_price,value,2026-08-22T18:55:39Z
2026-08-22T18:49:31Z,2026-08-22T20:49:31+0200,32ee4a35-e929-46bf-8b2d-58a671b58f50,2026-08-13T07:15:00Z,2026-08-13T09:15:00+0200,144.020004,EUR/MWh,DK2,DK_2,day_ahead_price,value,2026-08-22T18:55:39Z
2026-08-22T18:49:31Z,2026-08-22T20:49:31+0200,32ee4a35-e929-46bf-8b2d-58a671b58f50,2026-08-13T07:30:00Z,2026-08-13T09:30:00+0200,124.18,EUR/MWh,DK2,DK_2,day_ahead_price,value,2026-08-22T18:55:39Z
2026-08-22T18:49:31Z,2026-08-22T20:49:31+0200,32ee4a35-e929-46bf-8b2d-58a671b58f50,2026-08-13T07:45:00Z,2026-08-13T09:45:00+0200,118.589996,EUR/MWh,DK2,DK_2,day_ahead_price,value,2026-08-22T18:55:39Z
2026-08-22T18:49:31Z,2026-08-22T20:49:31+0200,32ee4a35-e929-46bf-8b2d-58a671b58f50,2026-08-13T08:00:00Z,2026-08-13T10:00:00+0200,134.149994,EUR/MWh,DK2,DK_2,day_ahead_price,value,2026-08-22T18:55:39Z
2026-08-22T18:49:31Z,2026-08-22T20:49:31+0200,32ee4a35-e929-46bf-8b2d-58a671b58f50,2026-08-13T08:15:00Z,2026-08-13T10:15:00+0200,122.580002,EUR/MWh,DK2,DK_2,day_ahead_price,value,2026-08-22T18:55:39Z
2026-08-22T18:49:31Z,2026-08-22T20:49:31+0200,32ee4a35-e929-46bf-8b2d-58a671b58f50,2026-08-13T08:30:00Z,2026-08-13T10:30:00+0200,101.19,EUR/MWh,DK2,DK_2,day_ahead_price,value,2026-08-22T18:55:39Z
2026-08-22T18:49:31Z,2026-08-22T20:49:31+0200,32ee4a35-e929-46bf-8b2d-58a671b58f50,2026-08-13T08:45:00Z,2026-08-13T10:45:00+0200,79.650002,EUR/MWh,DK2,DK_2,day_ahead_price,value,2026-08-22T18:55:39Z
2026-08-22T18:49:31Z,2026-08-22T20:49:31+0200,32ee4a35-e929-46bf-8b2d-58a671b58f50,2026-08-13T09:00:00Z,2026-08-13T11:00:00+0200,99.52,EUR/MWh,DK2,DK_2,day_ahead_price,value,2026-08-22T18:55:39Z
2026-08-22T18:49:31Z,2026-08-22T20:49:31+0200,32ee4a35-e929-46bf-8b2d-58a671b58f50,2026-08-13T09:15:00Z,2026-08-13T11:15:00+0200,68.04,EUR/MWh,DK2,DK_2,day_ahead_price,value,2026-08-22T18:55:39Z
2026-08-22T18:49:31Z,2026-08-22T20:49:31+0200,32ee4a35-e929-46bf-8b2d-58a671b58f50,2026-08-13T09:30:00Z,2026-08-13T11:30:00+0200,54.31,EUR/MWh,DK2,DK_2,day_ahead_price,value,2026-08-22T18:55:39Z
2026-08-22T18:49:31Z,2026-08-22T20:49:31+0200,32ee4a35-e929-46bf-8b2d-58a671b58f50,2026-08-13T09:45:00Z,2026-08-13T11:45:00+0200,46.84,EUR/MWh,DK2,DK_2,day_ahead_price,value,2026-08-22T18:55:39Z
2026-08-22T18:49:31Z,2026-08-22T20:49:31+0200,32ee4a35-e929-46bf-8b2d-58a671b58f50,2026-08-13T10:00:00Z,2026-08-13T12:00:00+0200,54.08,EUR/MWh,DK2,DK_2,day_ahead_price,value,2026-08-22T18:55:39Z
2026-08-22T18:49:31Z,2026-08-22T20:49:31+0200,32ee4a35-e929-46bf-8b2d-58a671b58f50,2026-08-13T10:15:00Z,2026-08-13T12:15:00+0200,49.369999,EUR/MWh,DK2,DK_2,day_ahead_price,value,2026-08-22T18:55:39Z
2026-08-22T18:49:31Z,2026-08-22T20:49:31+0200,32ee4a35-e929-46bf-8b2d-58a671b58f50,2026-08-13T10:30:00Z,2026-08-13T12:30:00+0200,55.200001,EUR/MWh,DK2,DK_2,day_ahead_price,value,2026-08-22T18:55:39Z
2026-08-22T18:49:31Z,2026-08-22T20:49:31+0200,32ee4a35-e929-46bf-8b2d-58a671b58f50,2026-08-13T10:45:00Z,2026-08-13T12:45:00+0200,53.8,EUR/MWh,DK2,DK_2,day_ahead_price,value,2026-08-22T18:55:39Z
2026-08-22T18:49:31Z,2026-08-22T20:49:31+0200,32ee4a35-e929-46bf-8b2d-58a671b58f50,2026-08-13T11:00:00Z,2026-08-13T13:00:00+0200,58.5,EUR/MWh,DK2,DK_2,day_ahead_price,value,2026-08-22T18:55:39Z
2026-08-22T18:49:31Z,2026-08-22T20:49:31+0200,32ee4a35-e929-46bf-8b2d-58a671b58f50,2026-08-13T11:15:00Z,2026-08-13T13:15:00+0200,51.380001,EUR/MWh,DK2,DK_2,day_ahead_price,value,2026-08-22T18:55:39Z
2026-08-22T18:49:31Z,2026-08-22T20:49:31+0200,32ee4a35-e929-46bf-8b2d-58a671b58f50,2026-08-13T11:30:00Z,2026-08-13T13:30:00+0200,48.080002,EUR/MWh,DK2,DK_2,day_ahead_price,value,2026-08-22T18:55:39Z
2026-08-22T18:49:31Z,2026-08-22T20:49:31+0200,32ee4a35-e929-46bf-8b2d-58a671b58f50,2026-08-13T11:45:00Z,2026-08-13T13:45:00+0200,41.970001,EUR/MWh,DK2,DK_2,day_ahead_price,value,2026-08-22T18:55:39Z
2026-08-22T18:49:31Z,2026-08-22T20:49:31+0200,32ee4a35-e929-46bf-8b2d-58a671b58f50,2026-08-13T12:00:00Z,2026-08-13T14:00:00+0200,47.880001,EUR/MWh,DK2,DK_2,day_ahead_price,value,2026-08-22T18:55:39Z
2026-08-22T18:49:31Z,2026-08-22T20:49:31+0200,32ee4a35-e929-46bf-8b2d-58a671b58f50,2026-08-13T12:15:00Z,2026-08-13T14:15:00+0200,46.66,EUR/MWh,DK2,DK_2,day_ahead_price,value,2026-08-22T18:55:39Z
2026-08-22T18:49:31Z,2026-08-22T20:49:31+0200,32ee4a35-e929-46bf-8b2d-58a671b58f50,2026-08-13T12:30:00Z,2026-08-13T14:30:00+0200,49.37,EUR/MWh,DK2,DK_2,day_ahead_price,value,2026-08-22T18:55:39Z
2026-08-22T18:49:31Z,2026-08-22T20:49:31+0200,32ee4a35-e929-46bf-8b2d-58a671b58f50,2026-08-13T12:45:00Z,2026-08-13T14:45:00+0200,57.290001,EUR/MWh,DK2,DK_2,day_ahead_price,value,2026-08-22T18:55:39Z
2026-08-22T18:49:31Z,2026-08-22T20:49:31+0200,32ee4a35-e929-46bf-8b2d-58a671b58f50,2026-08-13T13:00:00Z,2026-08-13T15:00:00+0200,50.73,EUR/MWh,DK2,DK_2,day_ahead_price,value,2026-08-22T18:55:39Z
2026-08-22T18:49:31Z,2026-08-22T20:49:31+0200,32ee4a35-e929-46bf-8b2d-58a671b58f50,2026-08-13T13:15:00Z,2026-08-13T15:15:00+0200,50.880001,EUR/MWh,DK2,DK_2,day_ahead_price,value,2026-08-22T18:55:39Z
2026-08-22T18:49:31Z,2026-08-22T20:49:31+0200,32ee4a35-e929-46bf-8b2d-58a671b58f50,2026-08-13T13:30:00Z,2026-08-13T15:30:00+0200,60.29,EUR/MWh,DK2,DK_2,day_ahead_price,value,2026-08-22T18:55:39Z
2026-08-22T18:49:31Z,2026-08-22T20:49:31+0200,32ee4a35-e929-46bf-8b2d-58a671b58f50,2026-08-13T13:45:00Z,2026-08-13T15:45:00+0200,78.120003,EUR/MWh,DK2,DK_2,day_ahead_price,value,2026-08-22T18:55:39Z
2026-08-22T18:49:31Z,2026-08-22T20:49:31+0200,32ee4a35-e929-46bf-8b2d-58a671b58f50,2026-08-13T14:00:00Z,2026-08-13T16:00:00+0200,78.400002,EUR/MWh,DK2,DK_2,day_ahead_price,value,2026-08-22T18:55:39Z
2026-08-22T18:49:31Z,2026-08-22T20:49:31+0200,32ee4a35-e929-46bf-8b2d-58a671b58f50,2026-08-13T14:15:00Z,2026-08-13T16:15:00+0200,112.09,EUR/MWh,DK2,DK_2,day_ahead_price,value,2026-08-22T18:55:39Z
2026-08-22T18:49:31Z,2026-08-22T20:49:31+0200,32ee4a35-e929-46bf-8b2d-58a671b58f50,2026-08-13T14:30:00Z,2026-08-13T16:30:00+0200,123.589996,EUR/MWh,DK2,DK_2,day_ahead_price,value,2026-08-22T18:55:39Z
2026-08-22T18:49:31Z,2026-08-22T20:49:31+0200,32ee4a35-e929-46bf-8b2d-58a671b58f50,2026-08-13T14:45:00Z,2026-08-13T16:45:00+0200,133.490005,EUR/MWh,DK2,DK_2,day_ahead_price,value,2026-08-22T18:55:39Z
2026-08-22T18:49:31Z,2026-08-22T20:49:31+0200,32ee4a35-e929-46bf-8b2d-58a671b58f50,2026-08-13T15:00:00Z,2026-08-13T17:00:00+0200,125.080002,EUR/MWh,DK2,DK_2,day_ahead_price,value,2026-08-22T18:55:39Z
2026-08-22T18:49:31Z,2026-08-22T20:49:31+0200,32ee4a35-e929-46bf-8b2d-58a671b58f50,2026-08-13T15:15:00Z,2026-08-13T17:15:00+0200,135.899994,EUR/MWh,DK2,DK_2,day_ahead_price,value,2026-08-22T18:55:39Z
2026-08-22T18:49:31Z,2026-08-22T20:49:31+0200,32ee4a35-e929-46bf-8b2d-58a671b58f50,2026-08-13T15:30:00Z,2026-08-13T17:30:00+0200,159.979996,EUR/MWh,DK2,DK_2,day_ahead_price,value,2026-08-22T18:55:39Z
2026-08-22T18:49:31Z,2026-08-22T20:49:31+0200,32ee4a35-e929-46bf-8b2d-58a671b58f50,2026-08-13T15:45:00Z,2026-08-13T17:45:00+0200,179.050003,EUR/MWh,DK2,DK_2,day_ahead_price,value,2026-08-22T18:55:39Z
2026-08-22T18:49:31Z,2026-08-22T20:49:31+0200,32ee4a35-e929-46bf-8b2d-58a671b58f50,2026-08-13T16:00:00Z,2026-08-13T18:00:00+0200,165.009995,EUR/MWh,DK2,DK_2,day_ahead_price,value,2026-08-22T18:55:39Z
2026-08-22T18:49:31Z,2026-08-22T20:49:31+0200,32ee4a35-e929-46bf-8b2d-58a671b58f50,2026-08-13T16:15:00Z,2026-08-13T18:15:00+0200,188.01,EUR/MWh,DK2,DK_2,day_ahead_price,value,2026-08-22T18:55:39Z
2026-08-22T18:49:31Z,2026-08-22T20:49:31+0200,32ee4a35-e929-46bf-8b2d-58a671b58f50,2026-08-13T16:30:00Z,2026-08-13T18:30:00+0200,209.09,EUR/MWh,DK2,DK_2,day_ahead_price,value,2026-08-22T18:55:39Z
2026-08-22T18:49:31Z,2026-08-22T20:49:31+0200,32ee4a35-e929-46bf-8b2d-58a671b58f50,2026-08-13T16:45:00Z,2026-08-13T18:45:00+0200,253.960007,EUR/MWh,DK2,DK_2,day_ahead_price,value,2026-08-22T18:55:39Z
2026-08-22T18:49:31Z,2026-08-22T20:49:31+0200,32ee4a35-e929-46bf-8b2d-58a671b58f50,2026-08-13T17:00:00Z,2026-08-13T19:00:00+0200,229.2,EUR/MWh,DK2,DK_2,day_ahead_price,value,2026-08-22T18:55:39Z
2026-08-22T18:49:31Z,2026-08-22T20:49:31+0200,32ee4a35-e929-46bf-8b2d-58a671b58f50,2026-08-13T17:15:00Z,2026-08-13T19:15:00+0200,262.700012,EUR/MWh,DK2,DK_2,day_ahead_price,value,2026-08-22T18:55:39Z
2026-08-22T18:49:31Z,2026-08-22T20:49:31+0200,32ee4a35-e929-46bf-8b2d-58a671b58f50,2026-08-13T17:30:00Z,2026-08-13T19:30:00+0200,327.21,EUR/MWh,DK2,DK_2,day_ahead_price,value,2026-08-22T18:55:39Z
2026-08-22T18:49:31Z,2026-08-22T20:49:31+0200,32ee4a35-e929-46bf-8b2d-58a671b58f50,2026-08-13T17:45:00Z,2026-08-13T19:45:00+0200,487.42,EUR/MWh,DK2,DK_2,day_ahead_price,value,2026-08-22T18:55:39Z
2026-08-22T18:49:31Z,2026-08-22T20:49:31+0200,32ee4a35-e929-46bf-8b2d-58a671b58f50,2026-08-13T18:00:00Z,2026-08-13T20:00:00+0200,415.0,EUR/MWh,DK2,DK_2,day_ahead_price,value,2026-08-22T18:55:39Z
2026-08-22T18:49:31Z,2026-08-22T20:49:31+0200,32ee4a35-e929-46bf-8b2d-58a671b58f50,2026-08-13T18:15:00Z,2026-08-13T20:15:00+0200,371.95,EUR/MWh,DK2,DK_2,day_ahead_price,value,2026-08-22T18:55:39Z
2026-08-22T18:49:31Z,2026-08-22T20:49:31+0200,32ee4a35-e929-46bf-8b2d-58a671b58f50,2026-08-13T18:30:00Z,2026-08-13T20:30:00+0200,300.149994,EUR/MWh,DK2,DK_2,day_ahead_price,value,2026-08-22T18:55:39Z
2026-08-22T18:49:31Z,2026-08-22T20:49:31+0200,32ee4a35-e929-46bf-8b2d-58a671b58f50,2026-08-13T18:45:00Z,2026-08-13T20:45:00+0200,268.43,EUR/MWh,DK2,DK_2,day_ahead_price,value,2026-08-22T18:55:39Z
2026-08-22T18:49:31Z,2026-08-22T20:49:31+0200,32ee4a35-e929-46bf-8b2d-58a671b58f50,2026-08-13T19:00:00Z,2026-08-13T21:00:00+0200,353.94,EUR/MWh,DK2,DK_2,day_ahead_price,value,2026-08-22T18:55:39Z
2026-08-22T18:49:31Z,2026-08-22T20:49:31+0200,32ee4a35-e929-46bf-8b2d-58a671b58f50,2026-08-13T19:15:00Z,2026-08-13T21:15:00+0200,268.98,EUR/MWh,DK2,DK_2,day_ahead_price,value,2026-08-22T18:55:39Z
2026-08-22T18:49:31Z,2026-08-22T20:49:31+0200,32ee4a35-e929-46bf-8b2d-58a671b58f50,2026-08-13T19:30:00Z,2026-08-13T21:30:00+0200,240.02,EUR/MWh,DK2,DK_2,day_ahead_price,value,2026-08-22T18:55:39Z
2026-08-22T18:49:31Z,2026-08-22T20:49:31+0200,32ee4a35-e929-46bf-8b2d-58a671b58f50,2026-08-13T19:45:00Z,2026-08-13T21:45:00+0200,217.15,EUR/MWh,DK2,DK_2,day_ahead_price,value,2026-08-22T18:55:39Z
2026-08-22T18:49:31Z,2026-08-22T20:49:31+0200,32ee4a35-e929-46bf-8b2d-58a671b58f50,2026-08-13T20:00:00Z,2026-08-13T22:00:00+0200,233.380005,EUR/MWh,DK2,DK_2,day_ahead_price,value,2026-08-22T18:55:39Z
2026-08-22T18:49:31Z,2026-08-22T20:49:31+0200,32ee4a35-e929-46bf-8b2d-58a671b58f50,2026-08-13T20:15:00Z,2026-08-13T22:15:00+0200,215.520004,EUR/MWh,DK2,DK_2,day_ahead_price,value,2026-08-22T18:55:39Z
2026-08-22T18:49:31Z,2026-08-22T20:49:31+0200,32ee4a35-e929-46bf-8b2d-58a671b58f50,2026-08-13T20:30:00Z,2026-08-13T22:30:00+0200,212.020004,EUR/MWh,DK2,DK_2,day_ahead_price,value,2026-08-22T18:55:39Z
2026-08-22T18:49:31Z,2026-08-22T20:49:31+0200,32ee4a35-e929-46bf-8b2d-58a671b58f50,2026-08-13T20:45:00Z,2026-08-13T22:45:00+0200,193.04,EUR/MWh,DK2,DK_2,day_ahead_price,value,2026-08-22T18:55:39Z
2026-08-22T18:49:31Z,2026-08-22T20:49:31+0200,32ee4a35-e929-46bf-8b2d-58a671b58f50,2026-08-13T21:00:00Z,2026-08-13T23:00:00+0200,190.69,EUR/MWh,DK2,DK_2,day_ahead_price,value,2026-08-22T18:55:39Z
2026-08-22T18:49:31Z,2026-08-22T20:49:31+0200,32ee4a35-e929-46bf-8b2d-58a671b58f50,2026-08-13T21:15:00Z,2026-08-13T23:15:00+0200,179.31,EUR/MWh,DK2,DK_2,day_ahead_price,value,2026-08-22T18:55:39Z
2026-08-22T18:49:31Z,2026-08-22T20:49:31+0200,32ee4a35-e929-46bf-8b2d-58a671b58f50,2026-08-13T21:30:00Z,2026-08-13T23:30:00+0200,171.729996,EUR/MWh,DK2,DK_2,day_ahead_price,value,2026-08-22T18:55:39Z
2026-08-22T18:49:31Z,2026-08-22T20:49:31+0200,32ee4a35-e929-46bf-8b2d-58a671b58f50,2026-08-13T21:45:00Z,2026-08-13T23:45:00+0200,160.610001,EUR/MWh,DK2,DK_2,day_ahead_price,value,2026-08-22T18:55:39Z
2026-08-22T18:49:31Z,2026-08-22T20:49:31+0200,32ee4a35-e929-46bf-8b2d-58a671b58f50,2026-08-13T22:00:00Z,2026-08-14T00:00:00+0200,163.610001,EUR/MWh,DK2,DK_2,day_ahead_price,value,2026-08-22T18:55:39Z
2026-08-22T18:49:31Z,2026-08-22T20:49:31+0200,32ee4a35-e929-46bf-8b2d-58a671b58f50,2026-08-13T22:15:00Z,2026-08-14T00:15:00+0200,159.21,EUR/MWh,DK2,DK_2,day_ahead_price,value,2026-08-22T18:55:39Z
2026-08-22T18:49:31Z,2026-08-22T20:49:31+0200,32ee4a35-e929-46bf-8b2d-58a671b58f50,2026-08-13T22:30:00Z,2026-08-14T00:30:00+0200,156.54,EUR/MWh,DK2,DK_2,day_ahead_price,value,2026-08-22T18:55:39Z
2026-08-22T18:49:31Z,2026-08-22T20:49:31+0200,32ee4a35-e929-46bf-8b2d-58a671b58f50,2026-08-13T22:45:00Z,2026-08-14T00:45:00+0200,151.34,EUR/MWh,DK2,DK_2,day_ahead_price,value,2026-08-22T18:55:39Z
2026-08-22T18:49:31Z,2026-08-22T20:49:31+0200,32ee4a35-e929-46bf-8b2d-58a671b58f50,2026-08-13T23:00:00Z,2026-08-14T01:00:00+0200,158.96,EUR/MWh,DK2,DK_2,day_ahead_price,value,2026-08-22T18:55:39Z
2026-08-22T18:49:31Z,2026-08-22T20:49:31+0200,32ee4a35-e929-46bf-8b2d-58a671b58f50,2026-08-13T23:15:00Z,2026-08-14T01:15:00+0200,152.82,EUR/MWh,DK2,DK_2,day_ahead_price,value,2026-08-22T18:55:39Z
2026-08-22T18:49:31Z,2026-08-22T20:49:31+0200,32ee4a35-e929-46bf-8b2d-58a671b58f50,2026-08-13T23:30:00Z,2026-08-14T01:30:00+0200,148.630005,EUR/MWh,DK2,DK_2,day_ahead_price,value,2026-08-22T18:55:39Z
2026-08-22T18:49:31Z,2026-08-22T20:49:31+0200,32ee4a35-e929-46bf-8b2d-58a671b58f50,2026-08-13T23:45:00Z,2026-08-14T01:45:00+0200,146.360001,EUR/MWh,DK2,DK_2,day_ahead_price,value,2026-08-22T18:55:39Z
2026-08-22T18:49:31Z,2026-08-22T20:49:31+0200,32ee4a35-e929-46bf-8b2d-58a671b58f50,2026-08-14T00:00:00Z,2026-08-14T02:00:00+0200,147.410004,EUR/MWh,DK2,DK_2,day_ahead_price,value,2026-08-22T18:55:39Z
2026-08-22T18:49:31Z,2026-08-22T20:49:31+0200,32ee4a35-e929-46bf-8b2d-58a671b58f50,2026-08-14T00:15:00Z,2026-08-14T02:15:00+0200,146.34,EUR/MWh,DK2,DK_2,day_ahead_price,value,2026-08-22T18:55:39Z
2026-08-22T18:49:31Z,2026-08-22T20:49:31+0200,32ee4a35-e929-46bf-8b2d-58a671b58f50,2026-08-14T00:30:00Z,2026-08-14T02:30:00+0200,146.31,EUR/MWh,DK2,DK_2,day_ahead_price,value,2026-08-22T18:55:39Z
2026-08-22T18:49:31Z,2026-08-22T20:49:31+0200,32ee4a35-e929-46bf-8b2d-58a671b58f50,2026-08-14T00:45:00Z,2026-08-14T02:45:00+0200,142.88,EUR/MWh,DK2,DK_2,day_ahead_price,value,2026-08-22T18:55:39Z
2026-08-22T18:49:31Z,2026-08-22T20:49:31+0200,32ee4a35-e929-46bf-8b2d-58a671b58f50,2026-08-14T01:00:00Z,2026-08-14T03:00:00+0200,143.1,EUR/MWh,DK2,DK_2,day_ahead_price,value,2026-08-22T18:55:39Z
2026-08-22T18:49:31Z,2026-08-22T20:49:31+0200,32ee4a35-e929-46bf-8b2d-58a671b58f50,2026-08-14T01:15:00Z,2026-08-14T03:15:00+0200,141.63,EUR/MWh,DK2,DK_2,day_ahead_price,value,2026-08-22T18:55:39Z
2026-08-22T18:49:31Z,2026-08-22T20:49:31+0200,32ee4a35-e929-46bf-8b2d-58a671b58f50,2026-08-14T01:30:00Z,2026-08-14T03:30:00+0200,141.68,EUR/MWh,DK2,DK_2,day_ahead_price,value,2026-08-22T18:55:39Z
2026-08-22T18:49:31Z,2026-08-22T20:49:31+0200,32ee4a35-e929-46bf-8b2d-58a671b58f50,2026-08-14T01:45:00Z,2026-08-14T03:45:00+0200,141.82,EUR/MWh,DK2,DK_2,day_ahead_price,value,2026-08-22T18:55:39Z
2026-08-22T18:49:31Z,2026-08-22T20:49:31+0200,32ee4a35-e929-46bf-8b2d-58a671b58f50,2026-08-14T02:00:00Z,2026-08-14T04:00:00+0200,140.01,EUR/MWh,DK2,DK_2,day_ahead_price,value,2026-08-22T18:55:39Z
2026-08-22T18:49:31Z,2026-08-22T20:49:31+0200,32ee4a35-e929-46bf-8b2d-58a671b58f50,2026-08-14T02:15:00Z,2026-08-14T04:15:00+0200,142.56,EUR/MWh,DK2,DK_2,day_ahead_price,value,2026-08-22T18:55:39Z
2026-08-22T18:49:31Z,2026-08-22T20:49:31+0200,32ee4a35-e929-46bf-8b2d-58a671b58f50,2026-08-14T02:30:00Z,2026-08-14T04:30:00+0200,145.93,EUR/MWh,DK2,DK_2,day_ahead_price,value,2026-08-22T18:55:39Z
2026-08-22T18:49:31Z,2026-08-22T20:49:31+0200,32ee4a35-e929-46bf-8b2d-58a671b58f50,2026-08-14T02:45:00Z,2026-08-14T04:45:00+0200,146.72,EUR/MWh,DK2,DK_2,day_ahead_price,value,2026-08-22T18:55:39Z
2026-08-22T18:49:31Z,2026-08-22T20:49:31+0200,32ee4a35-e929-46bf-8b2d-58a671b58f50,2026-08-14T03:00:00Z,2026-08-14T05:00:00+0200,146.320007,EUR/MWh,DK2,DK_2,day_ahead_price,value,2026-08-22T18:55:39Z
2026-08-22T18:49:31Z,2026-08-22T20:49:31+0200,32ee4a35-e929-46bf-8b2d-58a671b58f50,2026-08-14T03:15:00Z,2026-08-14T05:15:00+0200,152.240005,EUR/MWh,DK2,DK_2,day_ahead_price,value,2026-08-22T18:55:39Z
2026-08-22T18:49:31Z,2026-08-22T20:49:31+0200,32ee4a35-e929-46bf-8b2d-58a671b58f50,2026-08-14T03:30:00Z,2026-08-14T05:30:00+0200,157.699997,EUR/MWh,DK2,DK_2,day_ahead_price,value,2026-08-22T18:55:39Z
2026-08-22T18:49:31Z,2026-08-22T20:49:31+0200,32ee4a35-e929-46bf-8b2d-58a671b58f50,2026-08-14T03:45:00Z,2026-08-14T05:45:00+0200,163.02,EUR/MWh,DK2,DK_2,day_ahead_price,value,2026-08-22T18:55:39Z
2026-08-22T18:49:31Z,2026-08-22T20:49:31+0200,32ee4a35-e929-46bf-8b2d-58a671b58f50,2026-08-14T04:00:00Z,2026-08-14T06:00:00+0200,168.91,EUR/MWh,DK2,DK_2,day_ahead_price,value,2026-08-22T18:55:39Z
2026-08-22T18:49:31Z,2026-08-22T20:49:31+0200,32ee4a35-e929-46bf-8b2d-58a671b58f50,2026-08-14T04:15:00Z,2026-08-14T06:15:00+0200,172.49,EUR/MWh,DK2,DK_2,day_ahead_price,value,2026-08-22T18:55:39Z
2026-08-22T18:49:31Z,2026-08-22T20:49:31+0200,32ee4a35-e929-46bf-8b2d-58a671b58f50,2026-08-14T04:30:00Z,2026-08-14T06:30:00+0200,173.15,EUR/MWh,DK2,DK_2,day_ahead_price,value,2026-08-22T18:55:39Z
2026-08-22T18:49:31Z,2026-08-22T20:49:31+0200,32ee4a35-e929-46bf-8b2d-58a671b58f50,2026-08-14T04:45:00Z,2026-08-14T06:45:00+0200,173.320007,EUR/MWh,DK2,DK_2,day_ahead_price,value,2026-08-22T18:55:39Z
2026-08-22T18:49:31Z,2026-08-22T20:49:31+0200,32ee4a35-e929-46bf-8b2d-58a671b58f50,2026-08-14T05:00:00Z,2026-08-14T07:00:00+0200,178.279999,EUR/MWh,DK2,DK_2,day_ahead_price,value,2026-08-22T18:55:39Z
2026-08-22T18:49:31Z,2026-08-22T20:49:31+0200,32ee4a35-e929-46bf-8b2d-58a671b58f50,2026-08-14T05:15:00Z,2026-08-14T07:15:00+0200,175.01,EUR/MWh,DK2,DK_2,day_ahead_price,value,2026-08-22T18:55:39Z
2026-08-22T18:49:31Z,2026-08-22T20:49:31+0200,32ee4a35-e929-46bf-8b2d-58a671b58f50,2026-08-14T05:30:00Z,2026-08-14T07:30:00+0200,168.05,EUR/MWh,DK2,DK_2,day_ahead_price,value,2026-08-22T18:55:39Z
2026-08-22T18:49:31Z,2026-08-22T20:49:31+0200,32ee4a35-e929-46bf-8b2d-58a671b58f50,2026-08-14T05:45:00Z,2026-08-14T07:45:00+0200,159.009995,EUR/MWh,DK2,DK_2,day_ahead_price,value,2026-08-22T18:55:39Z
2026-08-22T18:49:31Z,2026-08-22T20:49:31+0200,32ee4a35-e929-46bf-8b2d-58a671b58f50,2026-08-14T06:00:00Z,2026-08-14T08:00:00+0200,172.16,EUR/MWh,DK2,DK_2,day_ahead_price,value,2026-08-22T18:55:39Z
2026-08-22T18:49:31Z,2026-08-22T20:49:31+0200,32ee4a35-e929-46bf-8b2d-58a671b58f50,2026-08-14T06:15:00Z,2026-08-14T08:15:00+0200,160.66,EUR/MWh,DK2,DK_2,day_ahead_price,value,2026-08-22T18:55:39Z
2026-08-22T18:49:31Z,2026-08-22T20:49:31+0200,32ee4a35-e929-46bf-8b2d-58a671b58f50,2026-08-14T06:30:00Z,2026-08-14T08:30:00+0200,146.300003,EUR/MWh,DK2,DK_2,day_ahead_price,value,2026-08-22T18:55:39Z
2026-08-22T18:49:31Z,2026-08-22T20:49:31+0200,32ee4a35-e929-46bf-8b2d-58a671b58f50,2026-08-14T06:45:00Z,2026-08-14T08:45:00+0200,128.910004,EUR/MWh,DK2,DK_2,day_ahead_price,value,2026-08-22T18:55:39Z
2026-08-22T18:49:31Z,2026-08-22T20:49:31+0200,32ee4a35-e929-46bf-8b2d-58a671b58f50,2026-08-14T07:00:00Z,2026-08-14T09:00:00+0200,153.19,EUR/MWh,DK2,DK_2,day_ahead_price,value,2026-08-22T18:55:39Z
2026-08-22T18:49:31Z,2026-08-22T20:49:31+0200,32ee4a35-e929-46bf-8b2d-58a671b58f50,2026-08-14T07:15:00Z,2026-08-14T09:15:00+0200,140.350006,EUR/MWh,DK2,DK_2,day_ahead_price,value,2026-08-22T18:55:39Z
2026-08-22T18:49:31Z,2026-08-22T20:49:31+0200,32ee4a35-e929-46bf-8b2d-58a671b58f50,2026-08-14T07:30:00Z,2026-08-14T09:30:00+0200,125.9,EUR/MWh,DK2,DK_2,day_ahead_price,value,2026-08-22T18:55:39Z
2026-08-22T18:49:31Z,2026-08-22T20:49:31+0200,32ee4a35-e929-46bf-8b2d-58a671b58f50,2026-08-14T07:45:00Z,2026-08-14T09:45:00+0200,124.42,EUR/MWh,DK2,DK_2,day_ahead_price,value,2026-08-22T18:55:39Z
2026-08-22T18:49:31Z,2026-08-22T20:49:31+0200,32ee4a35-e929-46bf-8b2d-58a671b58f50,2026-08-14T08:00:00Z,2026-08-14T10:00:00+0200,122.58,EUR/MWh,DK2,DK_2,day_ahead_price,value,2026-08-22T18:55:39Z
2026-08-22T18:49:31Z,2026-08-22T20:49:31+0200,32ee4a35-e929-46bf-8b2d-58a671b58f50,2026-08-14T08:15:00Z,2026-08-14T10:15:00+0200,111.85,EUR/MWh,DK2,DK_2,day_ahead_price,value,2026-08-22T18:55:39Z
2026-08-22T18:49:31Z,2026-08-22T20:49:31+0200,32ee4a35-e929-46bf-8b2d-58a671b58f50,2026-08-14T08:30:00Z,2026-08-14T10:30:00+0200,100.73,EUR/MWh,DK2,DK_2,day_ahead_price,value,2026-08-22T18:55:39Z
2026-08-22T18:49:31Z,2026-08-22T20:49:31+0200,32ee4a35-e929-46bf-8b2d-58a671b58f50,2026-08-14T08:45:00Z,2026-08-14T10:45:00+0200,80.800003,EUR/MWh,DK2,DK_2,day_ahead_price,value,2026-08-22T18:55:39Z
2026-08-22T18:49:31Z,2026-08-22T20:49:31+0200,32ee4a35-e929-46bf-8b2d-58a671b58f50,2026-08-14T09:00:00Z,2026-08-14T11:00:00+0200,96.830002,EUR/MWh,DK2,DK_2,day_ahead_price,value,2026-08-22T18:55:39Z
2026-08-22T18:49:31Z,2026-08-22T20:49:31+0200,32ee4a35-e929-46bf-8b2d-58a671b58f50,2026-08-14T09:15:00Z,2026-08-14T11:15:00+0200,68.559998,EUR/MWh,DK2,DK_2,day_ahead_price,value,2026-08-22T18:55:39Z
2026-08-22T18:49:31Z,2026-08-22T20:49:31+0200,32ee4a35-e929-46bf-8b2d-58a671b58f50,2026-08-14T09:30:00Z,2026-08-14T11:30:00+0200,54.36,EUR/MWh,DK2,DK_2,day_ahead_price,value,2026-08-22T18:55:39Z
2026-08-22T18:49:31Z,2026-08-22T20:49:31+0200,32ee4a35-e929-46bf-8b2d-58a671b58f50,2026-08-14T09:45:00Z,2026-08-14T11:45:00+0200,25.55,EUR/MWh,DK2,DK_2,day_ahead_price,value,2026-08-22T18:55:39Z
2026-08-22T18:49:31Z,2026-08-22T20:49:31+0200,32ee4a35-e929-46bf-8b2d-58a671b58f50,2026-08-14T10:00:00Z,2026-08-14T12:00:00+0200,44.990002,EUR/MWh,DK2,DK_2,day_ahead_price,value,2026-08-22T18:55:39Z
2026-08-22T18:49:31Z,2026-08-22T20:49:31+0200,32ee4a35-e929-46bf-8b2d-58a671b58f50,2026-08-14T10:15:00Z,2026-08-14T12:15:00+0200,28.76,EUR/MWh,DK2,DK_2,day_ahead_price,value,2026-08-22T18:55:39Z
2026-08-22T18:49:31Z,2026-08-22T20:49:31+0200,32ee4a35-e929-46bf-8b2d-58a671b58f50,2026-08-14T10:30:00Z,2026-08-14T12:30:00+0200,26.620001,EUR/MWh,DK2,DK_2,day_ahead_price,value,2026-08-22T18:55:39Z
2026-08-22T18:49:31Z,2026-08-22T20:49:31+0200,32ee4a35-e929-46bf-8b2d-58a671b58f50,2026-08-14T10:45:00Z,2026-08-14T12:45:00+0200,25.65,EUR/MWh,DK2,DK_2,day_ahead_price,value,2026-08-22T18:55:39Z
2026-08-22T18:49:31Z,2026-08-22T20:49:31+0200,32ee4a35-e929-46bf-8b2d-58a671b58f50,2026-08-14T11:00:00Z,2026-08-14T13:00:00+0200,32.200001,EUR/MWh,DK2,DK_2,day_ahead_price,value,2026-08-22T18:55:39Z
2026-08-22T18:49:31Z,2026-08-22T20:49:31+0200,32ee4a35-e929-46bf-8b2d-58a671b58f50,2026-08-14T11:15:00Z,2026-08-14T13:15:00+0200,26.2,EUR/MWh,DK2,DK_2,day_ahead_price,value,2026-08-22T18:55:39Z
2026-08-22T18:49:31Z,2026-08-22T20:49:31+0200,32ee4a35-e929-46bf-8b2d-58a671b58f50,2026-08-14T11:30:00Z,2026-08-14T13:30:00+0200,21.92,EUR/MWh,DK2,DK_2,day_ahead_price,value,2026-08-22T18:55:39Z
2026-08-22T18:49:31Z,2026-08-22T20:49:31+0200,32ee4a35-e929-46bf-8b2d-58a671b58f50,2026-08-14T11:45:00Z,2026-08-14T13:45:00+0200,28.360001,EUR/MWh,DK2,DK_2,day_ahead_price,value,2026-08-22T18:55:39Z
2026-08-22T18:49:31Z,2026-08-22T20:49:31+0200,32ee4a35-e929-46bf-8b2d-58a671b58f50,2026-08-14T12:00:00Z,2026-08-14T14:00:00+0200,25.04,EUR/MWh,DK2,DK_2,day_ahead_price,value,2026-08-22T18:55:39Z
2026-08-22T18:49:31Z,2026-08-22T20:49:31+0200,32ee4a35-e929-46bf-8b2d-58a671b58f50,2026-08-14T12:15:00Z,2026-08-14T14:15:00+0200,25.030001,EUR/MWh,DK2,DK_2,day_ahead_price,value,2026-08-22T18:55:39Z
2026-08-22T18:49:31Z,2026-08-22T20:49:31+0200,32ee4a35-e929-46bf-8b2d-58a671b58f50,2026-08-14T12:30:00Z,2026-08-14T14:30:00+0200,19.41,EUR/MWh,DK2,DK_2,day_ahead_price,value,2026-08-22T18:55:39Z
2026-08-22T18:49:31Z,2026-08-22T20:49:31+0200,32ee4a35-e929-46bf-8b2d-58a671b58f50,2026-08-14T12:45:00Z,2026-08-14T14:45:00+0200,47.18,EUR/MWh,DK2,DK_2,day_ahead_price,value,2026-08-22T18:55:39Z
2026-08-22T18:49:31Z,2026-08-22T20:49:31+0200,32ee4a35-e929-46bf-8b2d-58a671b58f50,2026-08-14T13:00:00Z,2026-08-14T15:00:00+0200,23.32,EUR/MWh,DK2,DK_2,day_ahead_price,value,2026-08-22T18:55:39Z
2026-08-22T18:49:31Z,2026-08-22T20:49:31+0200,32ee4a35-e929-46bf-8b2d-58a671b58f50,2026-08-14T13:15:00Z,2026-08-14T15:15:00+0200,56.74,EUR/MWh,DK2,DK_2,day_ahead_price,value,2026-08-22T18:55:39Z
2026-08-22T18:49:31Z,2026-08-22T20:49:31+0200,32ee4a35-e929-46bf-8b2d-58a671b58f50,2026-08-14T13:30:00Z,2026-08-14T15:30:00+0200,80.0,EUR/MWh,DK2,DK_2,day_ahead_price,value,2026-08-22T18:55:39Z
2026-08-22T18:49:31Z,2026-08-22T20:49:31+0200,32ee4a35-e929-46bf-8b2d-58a671b58f50,2026-08-14T13:45:00Z,2026-08-14T15:45:00+0200,101.510002,EUR/MWh,DK2,DK_2,day_ahead_price,value,2026-08-22T18:55:39Z
2026-08-22T18:49:31Z,2026-08-22T20:49:31+0200,32ee4a35-e929-46bf-8b2d-58a671b58f50,2026-08-14T14:00:00Z,2026-08-14T16:00:00+0200,86.989998,EUR/MWh,DK2,DK_2,day_ahead_price,value,2026-08-22T18:55:39Z
2026-08-22T18:49:31Z,2026-08-22T20:49:31+0200,32ee4a35-e929-46bf-8b2d-58a671b58f50,2026-08-14T14:15:00Z,2026-08-14T16:15:00+0200,108.580002,EUR/MWh,DK2,DK_2,day_ahead_price,value,2026-08-22T18:55:39Z
2026-08-22T18:49:31Z,2026-08-22T20:49:31+0200,32ee4a35-e929-46bf-8b2d-58a671b58f50,2026-08-14T14:30:00Z,2026-08-14T16:30:00+0200,124.959999,EUR/MWh,DK2,DK_2,day_ahead_price,value,2026-08-22T18:55:39Z
2026-08-22T18:49:31Z,2026-08-22T20:49:31+0200,32ee4a35-e929-46bf-8b2d-58a671b58f50,2026-08-14T14:45:00Z,2026-08-14T16:45:00+0200,144.74,EUR/MWh,DK2,DK_2,day_ahead_price,value,2026-08-22T18:55:39Z
2026-08-22T18:49:31Z,2026-08-22T20:49:31+0200,32ee4a35-e929-46bf-8b2d-58a671b58f50,2026-08-14T15:00:00Z,2026-08-14T17:00:00+0200,124.2,EUR/MWh,DK2,DK_2,day_ahead_price,value,2026-08-22T18:55:39Z
2026-08-22T18:49:31Z,2026-08-22T20:49:31+0200,32ee4a35-e929-46bf-8b2d-58a671b58f50,2026-08-14T15:15:00Z,2026-08-14T17:15:00+0200,136.78,EUR/MWh,DK2,DK_2,day_ahead_price,value,2026-08-22T18:55:39Z
2026-08-22T18:49:31Z,2026-08-22T20:49:31+0200,32ee4a35-e929-46bf-8b2d-58a671b58f50,2026-08-14T15:30:00Z,2026-08-14T17:30:00+0200,147.720001,EUR/MWh,DK2,DK_2,day_ahead_price,value,2026-08-22T18:55:39Z
2026-08-22T18:49:31Z,2026-08-22T20:49:31+0200,32ee4a35-e929-46bf-8b2d-58a671b58f50,2026-08-14T15:45:00Z,2026-08-14T17:45:00+0200,165.9,EUR/MWh,DK2,DK_2,day_ahead_price,value,2026-08-22T18:55:39Z
2026-08-22T18:49:31Z,2026-08-22T20:49:31+0200,32ee4a35-e929-46bf-8b2d-58a671b58f50,2026-08-14T16:00:00Z,2026-08-14T18:00:00+0200,149.93,EUR/MWh,DK2,DK_2,day_ahead_price,value,2026-08-22T18:55:39Z
2026-08-22T18:49:31Z,2026-08-22T20:49:31+0200,32ee4a35-e929-46bf-8b2d-58a671b58f50,2026-08-14T16:15:00Z,2026-08-14T18:15:00+0200,172.96,EUR/MWh,DK2,DK_2,day_ahead_price,value,2026-08-22T18:55:39Z
2026-08-22T18:49:31Z,2026-08-22T20:49:31+0200,32ee4a35-e929-46bf-8b2d-58a671b58f50,2026-08-14T16:30:00Z,2026-08-14T18:30:00+0200,186.149994,EUR/MWh,DK2,DK_2,day_ahead_price,value,2026-08-22T18:55:39Z
2026-08-22T18:49:31Z,2026-08-22T20:49:31+0200,32ee4a35-e929-46bf-8b2d-58a671b58f50,2026-08-14T16:45:00Z,2026-08-14T18:45:00+0200,210.960007,EUR/MWh,DK2,DK_2,day_ahead_price,value,2026-08-22T18:55:39Z
2026-08-22T18:49:31Z,2026-08-22T20:49:31+0200,32ee4a35-e929-46bf-8b2d-58a671b58f50,2026-08-14T17:00:00Z,2026-08-14T19:00:00+0200,199.100006,EUR/MWh,DK2,DK_2,day_ahead_price,value,2026-08-22T18:55:39Z
2026-08-22T18:49:31Z,2026-08-22T20:49:31+0200,32ee4a35-e929-46bf-8b2d-58a671b58f50,2026-08-14T17:15:00Z,2026-08-14T19:15:00+0200,225.19,EUR/MWh,DK2,DK_2,day_ahead_price,value,2026-08-22T18:55:39Z
2026-08-22T18:49:31Z,2026-08-22T20:49:31+0200,32ee4a35-e929-46bf-8b2d-58a671b58f50,2026-08-14T17:30:00Z,2026-08-14T19:30:00+0200,259.52,EUR/MWh,DK2,DK_2,day_ahead_price,value,2026-08-22T18:55:39Z
2026-08-22T18:49:31Z,2026-08-22T20:49:31+0200,32ee4a35-e929-46bf-8b2d-58a671b58f50,2026-08-14T17:45:00Z,2026-08-14T19:45:00+0200,303.649994,EUR/MWh,DK2,DK_2,day_ahead_price,value,2026-08-22T18:55:39Z
2026-08-22T18:49:31Z,2026-08-22T20:49:31+0200,32ee4a35-e929-46bf-8b2d-58a671b58f50,2026-08-14T18:00:00Z,2026-08-14T20:00:00+0200,274.02,EUR/MWh,DK2,DK_2,day_ahead_price,value,2026-08-22T18:55:39Z
2026-08-22T18:49:31Z,2026-08-22T20:49:31+0200,32ee4a35-e929-46bf-8b2d-58a671b58f50,2026-08-14T18:15:00Z,2026-08-14T20:15:00+0200,272.12,EUR/MWh,DK2,DK_2,day_ahead_price,value,2026-08-22T18:55:39Z
2026-08-22T18:49:31Z,2026-08-22T20:49:31+0200,32ee4a35-e929-46bf-8b2d-58a671b58f50,2026-08-14T18:30:00Z,2026-08-14T20:30:00+0200,259.140015,EUR/MWh,DK2,DK_2,day_ahead_price,value,2026-08-22T18:55:39Z
2026-08-22T18:49:31Z,2026-08-22T20:49:31+0200,32ee4a35-e929-46bf-8b2d-58a671b58f50,2026-08-14T18:45:00Z,2026-08-14T20:45:00+0200,250.0,EUR/MWh,DK2,DK_2,day_ahead_price,value,2026-08-22T18:55:39Z
2026-08-22T18:49:31Z,2026-08-22T20:49:31+0200,32ee4a35-e929-46bf-8b2d-58a671b58f50,2026-08-14T19:00:00Z,2026-08-14T21:00:00+0200,252.5,EUR/MWh,DK2,DK_2,day_ahead_price,value,2026-08-22T18:55:39Z
2026-08-22T18:49:31Z,2026-08-22T20:49:31+0200,32ee4a35-e929-46bf-8b2d-58a671b58f50,2026-08-14T19:15:00Z,2026-08-14T21:15:00+0200,234.84,EUR/MWh,DK2,DK_2,day_ahead_price,value,2026-08-22T18:55:39Z
2026-08-22T18:49:31Z,2026-08-22T20:49:31+0200,32ee4a35-e929-46bf-8b2d-58a671b58f50,2026-08-14T19:30:00Z,2026-08-14T21:30:00+0200,229.0,EUR/MWh,DK2,DK_2,day_ahead_price,value,2026-08-22T18:55:39Z
2026-08-22T18:49:31Z,2026-08-22T20:49:31+0200,32ee4a35-e929-46bf-8b2d-58a671b58f50,2026-08-14T19:45:00Z,2026-08-14T21:45:00+0200,209.95,EUR/MWh,DK2,DK_2,day_ahead_price,value,2026-08-22T18:55:39Z
2026-08-22T18:49:31Z,2026-08-22T20:49:31+0200,32ee4a35-e929-46bf-8b2d-58a671b58f50,2026-08-14T20:00:00Z,2026-08-14T22:00:00+0200,212.33,EUR/MWh,DK2,DK_2,day_ahead_price,value,2026-08-22T18:55:39Z
2026-08-22T18:49:31Z,2026-08-22T20:49:31+0200,32ee4a35-e929-46bf-8b2d-58a671b58f50,2026-08-14T20:15:00Z,2026-08-14T22:15:00+0200,198.29,EUR/MWh,DK2,DK_2,day_ahead_price,value,2026-08-22T18:55:39Z
2026-08-22T18:49:31Z,2026-08-22T20:49:31+0200,32ee4a35-e929-46bf-8b2d-58a671b58f50,2026-08-14T20:30:00Z,2026-08-14T22:30:00+0200,194.0,EUR/MWh,DK2,DK_2,day_ahead_price,value,2026-08-22T18:55:39Z
2026-08-22T18:49:31Z,2026-08-22T20:49:31+0200,32ee4a35-e929-46bf-8b2d-58a671b58f50,2026-08-14T20:45:00Z,2026-08-14T22:45:00+0200,187.38,EUR/MWh,DK2,DK_2,day_ahead_price,value,2026-08-22T18:55:39Z
2026-08-22T18:49:31Z,2026-08-22T20:49:31+0200,32ee4a35-e929-46bf-8b2d-58a671b58f50,2026-08-14T21:00:00Z,2026-08-14T23:00:00+0200,186.059998,EUR/MWh,DK2,DK_2,day_ahead_price,value,2026-08-22T18:55:39Z
2026-08-22T18:49:31Z,2026-08-22T20:49:31+0200,32ee4a35-e929-46bf-8b2d-58a671b58f50,2026-08-14T21:15:00Z,2026-08-14T23:15:00+0200,182.020004,EUR/MWh,DK2,DK_2,day_ahead_price,value,2026-08-22T18:55:39Z
2026-08-22T18:49:31Z,2026-08-22T20:49:31+0200,32ee4a35-e929-46bf-8b2d-58a671b58f50,2026-08-14T21:30:00Z,2026-08-14T23:30:00+0200,175.0,EUR/MWh,DK2,DK_2,day_ahead_price,value,2026-08-22T18:55:39Z
2026-08-22T18:49:31Z,2026-08-22T20:49:31+0200,32ee4a35-e929-46bf-8b2d-58a671b58f50,2026-08-14T21:45:00Z,2026-08-14T23:45:00+0200,166.99,EUR/MWh,DK2,DK_2,day_ahead_price,value,2026-08-22T18:55:39Z
2026-08-22T18:49:31Z,2026-08-22T20:49:31+0200,32ee4a35-e929-46bf-8b2d-58a671b58f50,2026-08-14T22:00:00Z,2026-08-15T00:00:00+0200,174.520004,EUR/MWh,DK2,DK_2,day_ahead_price,value,2026-08-22T18:55:39Z
2026-08-22T18:49:31Z,2026-08-22T20:49:31+0200,32ee4a35-e929-46bf-8b2d-58a671b58f50,2026-08-14T22:15:00Z,2026-08-15T00:15:00+0200,170.009995,EUR/MWh,DK2,DK_2,day_ahead_price,value,2026-08-22T18:55:39Z
2026-08-22T18:49:31Z,2026-08-22T20:49:31+0200,32ee4a35-e929-46bf-8b2d-58a671b58f50,2026-08-14T22:30:00Z,2026-08-15T00:30:00+0200,168.580002,EUR/MWh,DK2,DK_2,day_ahead_price,value,2026-08-22T18:55:39Z
2026-08-22T18:49:31Z,2026-08-22T20:49:31+0200,32ee4a35-e929-46bf-8b2d-58a671b58f50,2026-08-14T22:45:00Z,2026-08-15T00:45:00+0200,161.470001,EUR/MWh,DK2,DK_2,day_ahead_price,value,2026-08-22T18:55:39Z
2026-08-22T18:49:31Z,2026-08-22T20:49:31+0200,32ee4a35-e929-46bf-8b2d-58a671b58f50,2026-08-14T23:00:00Z,2026-08-15T01:00:00+0200,170.0,EUR/MWh,DK2,DK_2,day_ahead_price,value,2026-08-22T18:55:39Z
2026-08-22T18:49:31Z,2026-08-22T20:49:31+0200,32ee4a35-e929-46bf-8b2d-58a671b58f50,2026-08-14T23:15:00Z,2026-08-15T01:15:00+0200,161.320007,EUR/MWh,DK2,DK_2,day_ahead_price,value,2026-08-22T18:55:39Z
2026-08-22T18:49:31Z,2026-08-22T20:49:31+0200,32ee4a35-e929-46bf-8b2d-58a671b58f50,2026-08-14T23:30:00Z,2026-08-15T01:30:00+0200,161.479996,EUR/MWh,DK2,DK_2,day_ahead_price,value,2026-08-22T18:55:39Z
2026-08-22T18:49:31Z,2026-08-22T20:49:31+0200,32ee4a35-e929-46bf-8b2d-58a671b58f50,2026-08-14T23:45:00Z,2026-08-15T01:45:00+0200,156.770004,EUR/MWh,DK2,DK_2,day_ahead_price,value,2026-08-22T18:55:39Z
2026-08-22T18:49:31Z,2026-08-22T20:49:31+0200,32ee4a35-e929-46bf-8b2d-58a671b58f50,2026-08-15T00:00:00Z,2026-08-15T02:00:00+0200,158.960007,EUR/MWh,DK2,DK_2,day_ahead_price,value,2026-08-22T18:55:39Z
2026-08-22T18:49:31Z,2026-08-22T20:49:31+0200,32ee4a35-e929-46bf-8b2d-58a671b58f50,2026-08-15T00:15:00Z,2026-08-15T02:15:00+0200,157.64,EUR/MWh,DK2,DK_2,day_ahead_price,value,2026-08-22T18:55:39Z
2026-08-22T18:49:31Z,2026-08-22T20:49:31+0200,32ee4a35-e929-46bf-8b2d-58a671b58f50,2026-08-15T00:30:00Z,2026-08-15T02:30:00+0200,156.729996,EUR/MWh,DK2,DK_2,day_ahead_price,value,2026-08-22T18:55:39Z
2026-08-22T18:49:31Z,2026-08-22T20:49:31+0200,32ee4a35-e929-46bf-8b2d-58a671b58f50,2026-08-15T00:45:00Z,2026-08-15T02:45:00+0200,154.27,EUR/MWh,DK2,DK_2,day_ahead_price,value,2026-08-22T18:55:39Z
2026-08-22T18:49:31Z,2026-08-22T20:49:31+0200,32ee4a35-e929-46bf-8b2d-58a671b58f50,2026-08-15T01:00:00Z,2026-08-15T03:00:00+0200,156.789993,EUR/MWh,DK2,DK_2,day_ahead_price,value,2026-08-22T18:55:39Z
2026-08-22T18:49:31Z,2026-08-22T20:49:31+0200,32ee4a35-e929-46bf-8b2d-58a671b58f50,2026-08-15T01:15:00Z,2026-08-15T03:15:00+0200,157.630005,EUR/MWh,DK2,DK_2,day_ahead_price,value,2026-08-22T18:55:39Z
2026-08-22T18:49:31Z,2026-08-22T20:49:31+0200,32ee4a35-e929-46bf-8b2d-58a671b58f50,2026-08-15T01:30:00Z,2026-08-15T03:30:00+0200,156.77,EUR/MWh,DK2,DK_2,day_ahead_price,value,2026-08-22T18:55:39Z
2026-08-22T18:49:31Z,2026-08-22T20:49:31+0200,32ee4a35-e929-46bf-8b2d-58a671b58f50,2026-08-15T01:45:00Z,2026-08-15T03:45:00+0200,156.56,EUR/MWh,DK2,DK_2,day_ahead_price,value,2026-08-22T18:55:39Z
2026-08-22T18:49:31Z,2026-08-22T20:49:31+0200,32ee4a35-e929-46bf-8b2d-58a671b58f50,2026-08-15T02:00:00Z,2026-08-15T04:00:00+0200,155.37,EUR/MWh,DK2,DK_2,day_ahead_price,value,2026-08-22T18:55:39Z
2026-08-22T18:49:31Z,2026-08-22T20:49:31+0200,32ee4a35-e929-46bf-8b2d-58a671b58f50,2026-08-15T02:15:00Z,2026-08-15T04:15:00+0200,154.179993,EUR/MWh,DK2,DK_2,day_ahead_price,value,2026-08-22T18:55:39Z
2026-08-22T18:49:31Z,2026-08-22T20:49:31+0200,32ee4a35-e929-46bf-8b2d-58a671b58f50,2026-08-15T02:30:00Z,2026-08-15T04:30:00+0200,154.37,EUR/MWh,DK2,DK_2,day_ahead_price,value,2026-08-22T18:55:39Z
2026-08-22T18:49:31Z,2026-08-22T20:49:31+0200,32ee4a35-e929-46bf-8b2d-58a671b58f50,2026-08-15T02:45:00Z,2026-08-15T04:45:00+0200,154.139999,EUR/MWh,DK2,DK_2,day_ahead_price,value,2026-08-22T18:55:39Z
2026-08-22T18:49:31Z,2026-08-22T20:49:31+0200,32ee4a35-e929-46bf-8b2d-58a671b58f50,2026-08-15T03:00:00Z,2026-08-15T05:00:00+0200,149.49,EUR/MWh,DK2,DK_2,day_ahead_price,value,2026-08-22T18:55:39Z
2026-08-22T18:49:31Z,2026-08-22T20:49:31+0200,32ee4a35-e929-46bf-8b2d-58a671b58f50,2026-08-15T03:15:00Z,2026-08-15T05:15:00+0200,150.4,EUR/MWh,DK2,DK_2,day_ahead_price,value,2026-08-22T18:55:39Z
2026-08-22T18:49:31Z,2026-08-22T20:49:31+0200,32ee4a35-e929-46bf-8b2d-58a671b58f50,2026-08-15T03:30:00Z,2026-08-15T05:30:00+0200,155.119995,EUR/MWh,DK2,DK_2,day_ahead_price,value,2026-08-22T18:55:39Z
2026-08-22T18:49:31Z,2026-08-22T20:49:31+0200,32ee4a35-e929-46bf-8b2d-58a671b58f50,2026-08-15T03:45:00Z,2026-08-15T05:45:00+0200,160.360001,EUR/MWh,DK2,DK_2,day_ahead_price,value,2026-08-22T18:55:39Z
2026-08-22T18:49:31Z,2026-08-22T20:49:31+0200,32ee4a35-e929-46bf-8b2d-58a671b58f50,2026-08-15T04:00:00Z,2026-08-15T06:00:00+0200,164.509995,EUR/MWh,DK2,DK_2,day_ahead_price,value,2026-08-22T18:55:39Z
2026-08-22T18:49:31Z,2026-08-22T20:49:31+0200,32ee4a35-e929-46bf-8b2d-58a671b58f50,2026-08-15T04:15:00Z,2026-08-15T06:15:00+0200,162.850006,EUR/MWh,DK2,DK_2,day_ahead_price,value,2026-08-22T18:55:39Z
2026-08-22T18:49:31Z,2026-08-22T20:49:31+0200,32ee4a35-e929-46bf-8b2d-58a671b58f50,2026-08-15T04:30:00Z,2026-08-15T06:30:00+0200,155.589996,EUR/MWh,DK2,DK_2,day_ahead_price,value,2026-08-22T18:55:39Z
2026-08-22T18:49:31Z,2026-08-22T20:49:31+0200,32ee4a35-e929-46bf-8b2d-58a671b58f50,2026-08-15T04:45:00Z,2026-08-15T06:45:00+0200,144.98,EUR/MWh,DK2,DK_2,day_ahead_price,value,2026-08-22T18:55:39Z
2026-08-22T18:49:31Z,2026-08-22T20:49:31+0200,32ee4a35-e929-46bf-8b2d-58a671b58f50,2026-08-15T05:00:00Z,2026-08-15T07:00:00+0200,170.91,EUR/MWh,DK2,DK_2,day_ahead_price,value,2026-08-22T18:55:39Z
2026-08-22T18:49:31Z,2026-08-22T20:49:31+0200,32ee4a35-e929-46bf-8b2d-58a671b58f50,2026-08-15T05:15:00Z,2026-08-15T07:15:00+0200,159.889999,EUR/MWh,DK2,DK_2,day_ahead_price,value,2026-08-22T18:55:39Z
2026-08-22T18:49:31Z,2026-08-22T20:49:31+0200,32ee4a35-e929-46bf-8b2d-58a671b58f50,2026-08-15T05:30:00Z,2026-08-15T07:30:00+0200,145.17,EUR/MWh,DK2,DK_2,day_ahead_price,value,2026-08-22T18:55:39Z
2026-08-22T18:49:31Z,2026-08-22T20:49:31+0200,32ee4a35-e929-46bf-8b2d-58a671b58f50,2026-08-15T05:45:00Z,2026-08-15T07:45:00+0200,137.31,EUR/MWh,DK2,DK_2,day_ahead_price,value,2026-08-22T18:55:39Z
2026-08-22T18:49:31Z,2026-08-22T20:49:31+0200,32ee4a35-e929-46bf-8b2d-58a671b58f50,2026-08-15T06:00:00Z,2026-08-15T08:00:00+0200,161.610001,EUR/MWh,DK2,DK_2,day_ahead_price,value,2026-08-22T18:55:39Z
2026-08-22T18:49:31Z,2026-08-22T20:49:31+0200,32ee4a35-e929-46bf-8b2d-58a671b58f50,2026-08-15T06:15:00Z,2026-08-15T08:15:00+0200,153.77,EUR/MWh,DK2,DK_2,day_ahead_price,value,2026-08-22T18:55:39Z
2026-08-22T18:49:31Z,2026-08-22T20:49:31+0200,32ee4a35-e929-46bf-8b2d-58a671b58f50,2026-08-15T06:30:00Z,2026-08-15T08:30:00+0200,132.81,EUR/MWh,DK2,DK_2,day_ahead_price,value,2026-08-22T18:55:39Z
2026-08-22T18:49:31Z,2026-08-22T20:49:31+0200,32ee4a35-e929-46bf-8b2d-58a671b58f50,2026-08-15T06:45:00Z,2026-08-15T08:45:00+0200,117.76,EUR/MWh,DK2,DK_2,day_ahead_price,value,2026-08-22T18:55:39Z
2026-08-22T18:49:31Z,2026-08-22T20:49:31+0200,32ee4a35-e929-46bf-8b2d-58a671b58f50,2026-08-15T07:00:00Z,2026-08-15T09:00:00+0200,140.88,EUR/MWh,DK2,DK_2,day_ahead_price,value,2026-08-22T18:55:39Z
2026-08-22T18:49:31Z,2026-08-22T20:49:31+0200,32ee4a35-e929-46bf-8b2d-58a671b58f50,2026-08-15T07:15:00Z,2026-08-15T09:15:00+0200,120.3,EUR/MWh,DK2,DK_2,day_ahead_price,value,2026-08-22T18:55:39Z
2026-08-22T18:49:31Z,2026-08-22T20:49:31+0200,32ee4a35-e929-46bf-8b2d-58a671b58f50,2026-08-15T07:30:00Z,2026-08-15T09:30:00+0200,99.760002,EUR/MWh,DK2,DK_2,day_ahead_price,value,2026-08-22T18:55:39Z
2026-08-22T18:49:31Z,2026-08-22T20:49:31+0200,32ee4a35-e929-46bf-8b2d-58a671b58f50,2026-08-15T07:45:00Z,2026-08-15T09:45:00+0200,93.050003,EUR/MWh,DK2,DK_2,day_ahead_price,value,2026-08-22T18:55:39Z
2026-08-22T18:49:31Z,2026-08-22T20:49:31+0200,32ee4a35-e929-46bf-8b2d-58a671b58f50,2026-08-15T08:00:00Z,2026-08-15T10:00:00+0200,109.589996,EUR/MWh,DK2,DK_2,day_ahead_price,value,2026-08-22T18:55:39Z
2026-08-22T18:49:31Z,2026-08-22T20:49:31+0200,32ee4a35-e929-46bf-8b2d-58a671b58f50,2026-08-15T08:15:00Z,2026-08-15T10:15:00+0200,79.0,EUR/MWh,DK2,DK_2,day_ahead_price,value,2026-08-22T18:55:39Z
2026-08-22T18:49:31Z,2026-08-22T20:49:31+0200,32ee4a35-e929-46bf-8b2d-58a671b58f50,2026-08-15T08:30:00Z,2026-08-15T10:30:00+0200,49.990002,EUR/MWh,DK2,DK_2,day_ahead_price,value,2026-08-22T18:55:39Z
2026-08-22T18:49:31Z,2026-08-22T20:49:31+0200,32ee4a35-e929-46bf-8b2d-58a671b58f50,2026-08-15T08:45:00Z,2026-08-15T10:45:00+0200,34.02,EUR/MWh,DK2,DK_2,day_ahead_price,value,2026-08-22T18:55:39Z
2026-08-22T18:49:31Z,2026-08-22T20:49:31+0200,32ee4a35-e929-46bf-8b2d-58a671b58f50,2026-08-15T09:00:00Z,2026-08-15T11:00:00+0200,37.939999,EUR/MWh,DK2,DK_2,day_ahead_price,value,2026-08-22T18:55:39Z
2026-08-22T18:49:31Z,2026-08-22T20:49:31+0200,32ee4a35-e929-46bf-8b2d-58a671b58f50,2026-08-15T09:15:00Z,2026-08-15T11:15:00+0200,29.01,EUR/MWh,DK2,DK_2,day_ahead_price,value,2026-08-22T18:55:39Z
2026-08-22T18:49:31Z,2026-08-22T20:49:31+0200,32ee4a35-e929-46bf-8b2d-58a671b58f50,2026-08-15T09:30:00Z,2026-08-15T11:30:00+0200,16.95,EUR/MWh,DK2,DK_2,day_ahead_price,value,2026-08-22T18:55:39Z
2026-08-22T18:49:31Z,2026-08-22T20:49:31+0200,32ee4a35-e929-46bf-8b2d-58a671b58f50,2026-08-15T09:45:00Z,2026-08-15T11:45:00+0200,13.0,EUR/MWh,DK2,DK_2,day_ahead_price,value,2026-08-22T18:55:39Z
2026-08-22T18:49:31Z,2026-08-22T20:49:31+0200,32ee4a35-e929-46bf-8b2d-58a671b58f50,2026-08-15T10:00:00Z,2026-08-15T12:00:00+0200,18.24,EUR/MWh,DK2,DK_2,day_ahead_price,value,2026-08-22T18:55:39Z
2026-08-22T18:49:31Z,2026-08-22T20:49:31+0200,32ee4a35-e929-46bf-8b2d-58a671b58f50,2026-08-15T10:15:00Z,2026-08-15T12:15:00+0200,14.77,EUR/MWh,DK2,DK_2,day_ahead_price,value,2026-08-22T18:55:39Z
2026-08-22T18:49:31Z,2026-08-22T20:49:31+0200,32ee4a35-e929-46bf-8b2d-58a671b58f50,2026-08-15T10:30:00Z,2026-08-15T12:30:00+0200,13.93,EUR/MWh,DK2,DK_2,day_ahead_price,value,2026-08-22T18:55:39Z
2026-08-22T18:49:31Z,2026-08-22T20:49:31+0200,32ee4a35-e929-46bf-8b2d-58a671b58f50,2026-08-15T10:45:00Z,2026-08-15T12:45:00+0200,11.0,EUR/MWh,DK2,DK_2,day_ahead_price,value,2026-08-22T18:55:39Z
2026-08-22T18:49:31Z,2026-08-22T20:49:31+0200,32ee4a35-e929-46bf-8b2d-58a671b58f50,2026-08-15T11:00:00Z,2026-08-15T13:00:00+0200,10.09,EUR/MWh,DK2,DK_2,day_ahead_price,value,2026-08-22T18:55:39Z
2026-08-22T18:49:31Z,2026-08-22T20:49:31+0200,32ee4a35-e929-46bf-8b2d-58a671b58f50,2026-08-15T11:15:00Z,2026-08-15T13:15:00+0200,10.0,EUR/MWh,DK2,DK_2,day_ahead_price,value,2026-08-22T18:55:39Z
2026-08-22T18:49:31Z,2026-08-22T20:49:31+0200,32ee4a35-e929-46bf-8b2d-58a671b58f50,2026-08-15T11:30:00Z,2026-08-15T13:30:00+0200,6.25,EUR/MWh,DK2,DK_2,day_ahead_price,value,2026-08-22T18:55:39Z
2026-08-22T18:49:31Z,2026-08-22T20:49:31+0200,32ee4a35-e929-46bf-8b2d-58a671b58f50,2026-08-15T11:45:00Z,2026-08-15T13:45:00+0200,5.53,EUR/MWh,DK2,DK_2,day_ahead_price,value,2026-08-22T18:55:39Z
2026-08-22T18:49:31Z,2026-08-22T20:49:31+0200,32ee4a35-e929-46bf-8b2d-58a671b58f50,2026-08-15T12:00:00Z,2026-08-15T14:00:00+0200,9.86,EUR/MWh,DK2,DK_2,day_ahead_price,value,2026-08-22T18:55:39Z
2026-08-22T18:49:31Z,2026-08-22T20:49:31+0200,32ee4a35-e929-46bf-8b2d-58a671b58f50,2026-08-15T12:15:00Z,2026-08-15T14:15:00+0200,5.89,EUR/MWh,DK2,DK_2,day_ahead_price,value,2026-08-22T18:55:39Z
2026-08-22T18:49:31Z,2026-08-22T20:49:31+0200,32ee4a35-e929-46bf-8b2d-58a671b58f50,2026-08-15T12:30:00Z,2026-08-15T14:30:00+0200,5.56,EUR/MWh,DK2,DK_2,day_ahead_price,value,2026-08-22T18:55:39Z
2026-08-22T18:49:31Z,2026-08-22T20:49:31+0200,32ee4a35-e929-46bf-8b2d-58a671b58f50,2026-08-15T12:45:00Z,2026-08-15T14:45:00+0200,8.04,EUR/MWh,DK2,DK_2,day_ahead_price,value,2026-08-22T18:55:39Z
2026-08-22T18:49:31Z,2026-08-22T20:49:31+0200,32ee4a35-e929-46bf-8b2d-58a671b58f50,2026-08-15T13:00:00Z,2026-08-15T15:00:00+0200,7.72,EUR/MWh,DK2,DK_2,day_ahead_price,value,2026-08-22T18:55:39Z
2026-08-22T18:49:31Z,2026-08-22T20:49:31+0200,32ee4a35-e929-46bf-8b2d-58a671b58f50,2026-08-15T13:15:00Z,2026-08-15T15:15:00+0200,10.16,EUR/MWh,DK2,DK_2,day_ahead_price,value,2026-08-22T18:55:39Z
2026-08-22T18:49:31Z,2026-08-22T20:49:31+0200,32ee4a35-e929-46bf-8b2d-58a671b58f50,2026-08-15T13:30:00Z,2026-08-15T15:30:00+0200,16.08,EUR/MWh,DK2,DK_2,day_ahead_price,value,2026-08-22T18:55:39Z
2026-08-22T18:49:31Z,2026-08-22T20:49:31+0200,32ee4a35-e929-46bf-8b2d-58a671b58f50,2026-08-15T13:45:00Z,2026-08-15T15:45:00+0200,26.68,EUR/MWh,DK2,DK_2,day_ahead_price,value,2026-08-22T18:55:39Z
2026-08-22T18:49:31Z,2026-08-22T20:49:31+0200,32ee4a35-e929-46bf-8b2d-58a671b58f50,2026-08-15T14:00:00Z,2026-08-15T16:00:00+0200,22.17,EUR/MWh,DK2,DK_2,day_ahead_price,value,2026-08-22T18:55:39Z
2026-08-22T18:49:31Z,2026-08-22T20:49:31+0200,32ee4a35-e929-46bf-8b2d-58a671b58f50,2026-08-15T14:15:00Z,2026-08-15T16:15:00+0200,40.779999,EUR/MWh,DK2,DK_2,day_ahead_price,value,2026-08-22T18:55:39Z
2026-08-22T18:49:31Z,2026-08-22T20:49:31+0200,32ee4a35-e929-46bf-8b2d-58a671b58f50,2026-08-15T14:30:00Z,2026-08-15T16:30:00+0200,92.290001,EUR/MWh,DK2,DK_2,day_ahead_price,value,2026-08-22T18:55:39Z
2026-08-22T18:49:31Z,2026-08-22T20:49:31+0200,32ee4a35-e929-46bf-8b2d-58a671b58f50,2026-08-15T14:45:00Z,2026-08-15T16:45:00+0200,118.93,EUR/MWh,DK2,DK_2,day_ahead_price,value,2026-08-22T18:55:39Z
2026-08-22T18:49:31Z,2026-08-22T20:49:31+0200,32ee4a35-e929-46bf-8b2d-58a671b58f50,2026-08-15T15:00:00Z,2026-08-15T17:00:00+0200,94.580002,EUR/MWh,DK2,DK_2,day_ahead_price,value,2026-08-22T18:55:39Z
2026-08-22T18:49:31Z,2026-08-22T20:49:31+0200,32ee4a35-e929-46bf-8b2d-58a671b58f50,2026-08-15T15:15:00Z,2026-08-15T17:15:00+0200,113.440002,EUR/MWh,DK2,DK_2,day_ahead_price,value,2026-08-22T18:55:39Z
2026-08-22T18:49:31Z,2026-08-22T20:49:31+0200,32ee4a35-e929-46bf-8b2d-58a671b58f50,2026-08-15T15:30:00Z,2026-08-15T17:30:00+0200,146.309998,EUR/MWh,DK2,DK_2,day_ahead_price,value,2026-08-22T18:55:39Z
2026-08-22T18:49:31Z,2026-08-22T20:49:31+0200,32ee4a35-e929-46bf-8b2d-58a671b58f50,2026-08-15T15:45:00Z,2026-08-15T17:45:00+0200,165.41,EUR/MWh,DK2,DK_2,day_ahead_price,value,2026-08-22T18:55:39Z
2026-08-22T18:49:31Z,2026-08-22T20:49:31+0200,32ee4a35-e929-46bf-8b2d-58a671b58f50,2026-08-15T16:00:00Z,2026-08-15T18:00:00+0200,150.83,EUR/MWh,DK2,DK_2,day_ahead_price,value,2026-08-22T18:55:39Z
2026-08-22T18:49:31Z,2026-08-22T20:49:31+0200,32ee4a35-e929-46bf-8b2d-58a671b58f50,2026-08-15T16:15:00Z,2026-08-15T18:15:00+0200,159.169998,EUR/MWh,DK2,DK_2,day_ahead_price,value,2026-08-22T18:55:39Z
2026-08-22T18:49:31Z,2026-08-22T20:49:31+0200,32ee4a35-e929-46bf-8b2d-58a671b58f50,2026-08-15T16:30:00Z,2026-08-15T18:30:00+0200,172.76,EUR/MWh,DK2,DK_2,day_ahead_price,value,2026-08-22T18:55:39Z
2026-08-22T18:49:31Z,2026-08-22T20:49:31+0200,32ee4a35-e929-46bf-8b2d-58a671b58f50,2026-08-15T16:45:00Z,2026-08-15T18:45:00+0200,165.34,EUR/MWh,DK2,DK_2,day_ahead_price,value,2026-08-22T18:55:39Z
2026-08-22T18:49:31Z,2026-08-22T20:49:31+0200,32ee4a35-e929-46bf-8b2d-58a671b58f50,2026-08-15T17:00:00Z,2026-08-15T19:00:00+0200,168.71,EUR/MWh,DK2,DK_2,day_ahead_price,value,2026-08-22T18:55:39Z
2026-08-22T18:49:31Z,2026-08-22T20:49:31+0200,32ee4a35-e929-46bf-8b2d-58a671b58f50,2026-08-15T17:15:00Z,2026-08-15T19:15:00+0200,171.869995,EUR/MWh,DK2,DK_2,day_ahead_price,value,2026-08-22T18:55:39Z
2026-08-22T18:49:31Z,2026-08-22T20:49:31+0200,32ee4a35-e929-46bf-8b2d-58a671b58f50,2026-08-15T17:30:00Z,2026-08-15T19:30:00+0200,185.58,EUR/MWh,DK2,DK_2,day_ahead_price,value,2026-08-22T18:55:39Z
2026-08-22T18:49:31Z,2026-08-22T20:49:31+0200,32ee4a35-e929-46bf-8b2d-58a671b58f50,2026-08-15T17:45:00Z,2026-08-15T19:45:00+0200,199.1,EUR/MWh,DK2,DK_2,day_ahead_price,value,2026-08-22T18:55:39Z
2026-08-22T18:49:31Z,2026-08-22T20:49:31+0200,32ee4a35-e929-46bf-8b2d-58a671b58f50,2026-08-15T18:00:00Z,2026-08-15T20:00:00+0200,173.380005,EUR/MWh,DK2,DK_2,day_ahead_price,value,2026-08-22T18:55:39Z
2026-08-22T18:49:31Z,2026-08-22T20:49:31+0200,32ee4a35-e929-46bf-8b2d-58a671b58f50,2026-08-15T18:15:00Z,2026-08-15T20:15:00+0200,182.919998,EUR/MWh,DK2,DK_2,day_ahead_price,value,2026-08-22T18:55:39Z
2026-08-22T18:49:31Z,2026-08-22T20:49:31+0200,32ee4a35-e929-46bf-8b2d-58a671b58f50,2026-08-15T18:30:00Z,2026-08-15T20:30:00+0200,189.49,EUR/MWh,DK2,DK_2,day_ahead_price,value,2026-08-22T18:55:39Z
2026-08-22T18:49:31Z,2026-08-22T20:49:31+0200,32ee4a35-e929-46bf-8b2d-58a671b58f50,2026-08-15T18:45:00Z,2026-08-15T20:45:00+0200,194.169998,EUR/MWh,DK2,DK_2,day_ahead_price,value,2026-08-22T18:55:39Z
2026-08-22T18:49:31Z,2026-08-22T20:49:31+0200,32ee4a35-e929-46bf-8b2d-58a671b58f50,2026-08-15T19:00:00Z,2026-08-15T21:00:00+0200,190.79,EUR/MWh,DK2,DK_2,day_ahead_price,value,2026-08-22T18:55:39Z
2026-08-22T18:49:31Z,2026-08-22T20:49:31+0200,32ee4a35-e929-46bf-8b2d-58a671b58f50,2026-08-15T19:15:00Z,2026-08-15T21:15:00+0200,186.25,EUR/MWh,DK2,DK_2,day_ahead_price,value,2026-08-22T18:55:39Z
2026-08-22T18:49:31Z,2026-08-22T20:49:31+0200,32ee4a35-e929-46bf-8b2d-58a671b58f50,2026-08-15T19:30:00Z,2026-08-15T21:30:00+0200,179.59,EUR/MWh,DK2,DK_2,day_ahead_price,value,2026-08-22T18:55:39Z
2026-08-22T18:49:31Z,2026-08-22T20:49:31+0200,32ee4a35-e929-46bf-8b2d-58a671b58f50,2026-08-15T19:45:00Z,2026-08-15T21:45:00+0200,176.74,EUR/MWh,DK2,DK_2,day_ahead_price,value,2026-08-22T18:55:39Z
2026-08-22T18:49:31Z,2026-08-22T20:49:31+0200,32ee4a35-e929-46bf-8b2d-58a671b58f50,2026-08-15T20:00:00Z,2026-08-15T22:00:00+0200,189.45,EUR/MWh,DK2,DK_2,day_ahead_price,value,2026-08-22T18:55:39Z
2026-08-22T18:49:31Z,2026-08-22T20:49:31+0200,32ee4a35-e929-46bf-8b2d-58a671b58f50,2026-08-15T20:15:00Z,2026-08-15T22:15:00+0200,179.87,EUR/MWh,DK2,DK_2,day_ahead_price,value,2026-08-22T18:55:39Z
2026-08-22T18:49:31Z,2026-08-22T20:49:31+0200,32ee4a35-e929-46bf-8b2d-58a671b58f50,2026-08-15T20:30:00Z,2026-08-15T22:30:00+0200,178.009995,EUR/MWh,DK2,DK_2,day_ahead_price,value,2026-08-22T18:55:39Z
2026-08-22T18:49:31Z,2026-08-22T20:49:31+0200,32ee4a35-e929-46bf-8b2d-58a671b58f50,2026-08-15T20:45:00Z,2026-08-15T22:45:00+0200,171.039993,EUR/MWh,DK2,DK_2,day_ahead_price,value,2026-08-22T18:55:39Z
2026-08-22T18:49:31Z,2026-08-22T20:49:31+0200,32ee4a35-e929-46bf-8b2d-58a671b58f50,2026-08-15T21:00:00Z,2026-08-15T23:00:00+0200,186.99,EUR/MWh,DK2,DK_2,day_ahead_price,value,2026-08-22T18:55:39Z
2026-08-22T18:49:31Z,2026-08-22T20:49:31+0200,32ee4a35-e929-46bf-8b2d-58a671b58f50,2026-08-15T21:15:00Z,2026-08-15T23:15:00+0200,170.410004,EUR/MWh,DK2,DK_2,day_ahead_price,value,2026-08-22T18:55:39Z
2026-08-22T18:49:31Z,2026-08-22T20:49:31+0200,32ee4a35-e929-46bf-8b2d-58a671b58f50,2026-08-15T21:30:00Z,2026-08-15T23:30:00+0200,173.520004,EUR/MWh,DK2,DK_2,day_ahead_price,value,2026-08-22T18:55:39Z
2026-08-22T18:49:31Z,2026-08-22T20:49:31+0200,32ee4a35-e929-46bf-8b2d-58a671b58f50,2026-08-15T21:45:00Z,2026-08-15T23:45:00+0200,165.04,EUR/MWh,DK2,DK_2,day_ahead_price,value,2026-08-22T18:55:39Z
2026-08-22T18:49:31Z,2026-08-22T20:49:31+0200,32ee4a35-e929-46bf-8b2d-58a671b58f50,2026-08-15T22:00:00Z,2026-08-16T00:00:00+0200,188.25,EUR/MWh,DK2,DK_2,day_ahead_price,value,2026-08-22T18:55:39Z
2026-08-22T18:49:31Z,2026-08-22T20:49:31+0200,32ee4a35-e929-46bf-8b2d-58a671b58f50,2026-08-15T22:15:00Z,2026-08-16T00:15:00+0200,175.26,EUR/MWh,DK2,DK_2,day_ahead_price,value,2026-08-22T18:55:39Z
2026-08-22T18:49:31Z,2026-08-22T20:49:31+0200,32ee4a35-e929-46bf-8b2d-58a671b58f50,2026-08-15T22:30:00Z,2026-08-16T00:30:00+0200,168.8,EUR/MWh,DK2,DK_2,day_ahead_price,value,2026-08-22T18:55:39Z
2026-08-22T18:49:31Z,2026-08-22T20:49:31+0200,32ee4a35-e929-46bf-8b2d-58a671b58f50,2026-08-15T22:45:00Z,2026-08-16T00:45:00+0200,164.940002,EUR/MWh,DK2,DK_2,day_ahead_price,value,2026-08-22T18:55:39Z
2026-08-22T18:49:31Z,2026-08-22T20:49:31+0200,32ee4a35-e929-46bf-8b2d-58a671b58f50,2026-08-15T23:00:00Z,2026-08-16T01:00:00+0200,180.070007,EUR/MWh,DK2,DK_2,day_ahead_price,value,2026-08-22T18:55:39Z
2026-08-22T18:49:31Z,2026-08-22T20:49:31+0200,32ee4a35-e929-46bf-8b2d-58a671b58f50,2026-08-15T23:15:00Z,2026-08-16T01:15:00+0200,172.19,EUR/MWh,DK2,DK_2,day_ahead_price,value,2026-08-22T18:55:39Z
2026-08-22T18:49:31Z,2026-08-22T20:49:31+0200,32ee4a35-e929-46bf-8b2d-58a671b58f50,2026-08-15T23:30:00Z,2026-08-16T01:30:00+0200,164.940002,EUR/MWh,DK2,DK_2,day_ahead_price,value,2026-08-22T18:55:39Z
2026-08-22T18:49:31Z,2026-08-22T20:49:31+0200,32ee4a35-e929-46bf-8b2d-58a671b58f50,2026-08-15T23:45:00Z,2026-08-16T01:45:00+0200,157.14,EUR/MWh,DK2,DK_2,day_ahead_price,value,2026-08-22T18:55:39Z
2026-08-22T18:49:31Z,2026-08-22T20:49:31+0200,32ee4a35-e929-46bf-8b2d-58a671b58f50,2026-08-16T00:00:00Z,2026-08-16T02:00:00+0200,163.0,EUR/MWh,DK2,DK_2,day_ahead_price,value,2026-08-22T18:55:39Z
2026-08-22T18:49:31Z,2026-08-22T20:49:31+0200,32ee4a35-e929-46bf-8b2d-58a671b58f50,2026-08-16T00:15:00Z,2026-08-16T02:15:00+0200,172.429993,EUR/MWh,DK2,DK_2,day_ahead_price,value,2026-08-22T18:55:39Z
2026-08-22T18:49:31Z,2026-08-22T20:49:31+0200,32ee4a35-e929-46bf-8b2d-58a671b58f50,2026-08-16T00:30:00Z,2026-08-16T02:30:00+0200,167.970001,EUR/MWh,DK2,DK_2,day_ahead_price,value,2026-08-22T18:55:39Z
2026-08-22T18:49:31Z,2026-08-22T20:49:31+0200,32ee4a35-e929-46bf-8b2d-58a671b58f50,2026-08-16T00:45:00Z,2026-08-16T02:45:00+0200,157.92,EUR/MWh,DK2,DK_2,day_ahead_price,value,2026-08-22T18:55:39Z
2026-08-22T18:49:31Z,2026-08-22T20:49:31+0200,32ee4a35-e929-46bf-8b2d-58a671b58f50,2026-08-16T01:00:00Z,2026-08-16T03:00:00+0200,160.34,EUR/MWh,DK2,DK_2,day_ahead_price,value,2026-08-22T18:55:39Z
2026-08-22T18:49:31Z,2026-08-22T20:49:31+0200,32ee4a35-e929-46bf-8b2d-58a671b58f50,2026-08-16T01:15:00Z,2026-08-16T03:15:00+0200,157.45,EUR/MWh,DK2,DK_2,day_ahead_price,value,2026-08-22T18:55:39Z
2026-08-22T18:49:31Z,2026-08-22T20:49:31+0200,32ee4a35-e929-46bf-8b2d-58a671b58f50,2026-08-16T01:30:00Z,2026-08-16T03:30:00+0200,156.850006,EUR/MWh,DK2,DK_2,day_ahead_price,value,2026-08-22T18:55:39Z
2026-08-22T18:49:31Z,2026-08-22T20:49:31+0200,32ee4a35-e929-46bf-8b2d-58a671b58f50,2026-08-16T01:45:00Z,2026-08-16T03:45:00+0200,155.5,EUR/MWh,DK2,DK_2,day_ahead_price,value,2026-08-22T18:55:39Z
2026-08-22T18:49:31Z,2026-08-22T20:49:31+0200,32ee4a35-e929-46bf-8b2d-58a671b58f50,2026-08-16T02:00:00Z,2026-08-16T04:00:00+0200,158.41,EUR/MWh,DK2,DK_2,day_ahead_price,value,2026-08-22T18:55:39Z
2026-08-22T18:49:31Z,2026-08-22T20:49:31+0200,32ee4a35-e929-46bf-8b2d-58a671b58f50,2026-08-16T02:15:00Z,2026-08-16T04:15:00+0200,155.770004,EUR/MWh,DK2,DK_2,day_ahead_price,value,2026-08-22T18:55:39Z
2026-08-22T18:49:31Z,2026-08-22T20:49:31+0200,32ee4a35-e929-46bf-8b2d-58a671b58f50,2026-08-16T02:30:00Z,2026-08-16T04:30:00+0200,156.449997,EUR/MWh,DK2,DK_2,day_ahead_price,value,2026-08-22T18:55:39Z
2026-08-22T18:49:31Z,2026-08-22T20:49:31+0200,32ee4a35-e929-46bf-8b2d-58a671b58f50,2026-08-16T02:45:00Z,2026-08-16T04:45:00+0200,156.970001,EUR/MWh,DK2,DK_2,day_ahead_price,value,2026-08-22T18:55:39Z
2026-08-22T18:49:31Z,2026-08-22T20:49:31+0200,32ee4a35-e929-46bf-8b2d-58a671b58f50,2026-08-16T03:00:00Z,2026-08-16T05:00:00+0200,151.910004,EUR/MWh,DK2,DK_2,day_ahead_price,value,2026-08-22T18:55:39Z
2026-08-22T18:49:31Z,2026-08-22T20:49:31+0200,32ee4a35-e929-46bf-8b2d-58a671b58f50,2026-08-16T03:15:00Z,2026-08-16T05:15:00+0200,154.759995,EUR/MWh,DK2,DK_2,day_ahead_price,value,2026-08-22T18:55:39Z
2026-08-22T18:49:31Z,2026-08-22T20:49:31+0200,32ee4a35-e929-46bf-8b2d-58a671b58f50,2026-08-16T03:30:00Z,2026-08-16T05:30:00+0200,160.0,EUR/MWh,DK2,DK_2,day_ahead_price,value,2026-08-22T18:55:39Z
2026-08-22T18:49:31Z,2026-08-22T20:49:31+0200,32ee4a35-e929-46bf-8b2d-58a671b58f50,2026-08-16T03:45:00Z,2026-08-16T05:45:00+0200,161.100006,EUR/MWh,DK2,DK_2,day_ahead_price,value,2026-08-22T18:55:39Z
2026-08-22T18:49:31Z,2026-08-22T20:49:31+0200,32ee4a35-e929-46bf-8b2d-58a671b58f50,2026-08-16T04:00:00Z,2026-08-16T06:00:00+0200,161.199997,EUR/MWh,DK2,DK_2,day_ahead_price,value,2026-08-22T18:55:39Z
2026-08-22T18:49:31Z,2026-08-22T20:49:31+0200,32ee4a35-e929-46bf-8b2d-58a671b58f50,2026-08-16T04:15:00Z,2026-08-16T06:15:00+0200,160.0,EUR/MWh,DK2,DK_2,day_ahead_price,value,2026-08-22T18:55:39Z
2026-08-22T18:49:31Z,2026-08-22T20:49:31+0200,32ee4a35-e929-46bf-8b2d-58a671b58f50,2026-08-16T04:30:00Z,2026-08-16T06:30:00+0200,153.580002,EUR/MWh,DK2,DK_2,day_ahead_price,value,2026-08-22T18:55:39Z
2026-08-22T18:49:31Z,2026-08-22T20:49:31+0200,32ee4a35-e929-46bf-8b2d-58a671b58f50,2026-08-16T04:45:00Z,2026-08-16T06:45:00+0200,151.62,EUR/MWh,DK2,DK_2,day_ahead_price,value,2026-08-22T18:55:39Z
2026-08-22T18:49:31Z,2026-08-22T20:49:31+0200,32ee4a35-e929-46bf-8b2d-58a671b58f50,2026-08-16T05:00:00Z,2026-08-16T07:00:00+0200,160.0,EUR/MWh,DK2,DK_2,day_ahead_price,value,2026-08-22T18:55:39Z
2026-08-22T18:49:31Z,2026-08-22T20:49:31+0200,32ee4a35-e929-46bf-8b2d-58a671b58f50,2026-08-16T05:15:00Z,2026-08-16T07:15:00+0200,154.6,EUR/MWh,DK2,DK_2,day_ahead_price,value,2026-08-22T18:55:39Z
2026-08-22T18:49:31Z,2026-08-22T20:49:31+0200,32ee4a35-e929-46bf-8b2d-58a671b58f50,2026-08-16T05:30:00Z,2026-08-16T07:30:00+0200,147.330002,EUR/MWh,DK2,DK_2,day_ahead_price,value,2026-08-22T18:55:39Z
2026-08-22T18:49:31Z,2026-08-22T20:49:31+0200,32ee4a35-e929-46bf-8b2d-58a671b58f50,2026-08-16T05:45:00Z,2026-08-16T07:45:00+0200,139.55,EUR/MWh,DK2,DK_2,day_ahead_price,value,2026-08-22T18:55:39Z
2026-08-22T18:49:31Z,2026-08-22T20:49:31+0200,32ee4a35-e929-46bf-8b2d-58a671b58f50,2026-08-16T06:00:00Z,2026-08-16T08:00:00+0200,170.44,EUR/MWh,DK2,DK_2,day_ahead_price,value,2026-08-22T18:55:39Z
2026-08-22T18:49:31Z,2026-08-22T20:49:31+0200,32ee4a35-e929-46bf-8b2d-58a671b58f50,2026-08-16T06:15:00Z,2026-08-16T08:15:00+0200,154.5,EUR/MWh,DK2,DK_2,day_ahead_price,value,2026-08-22T18:55:39Z
2026-08-22T18:49:31Z,2026-08-22T20:49:31+0200,32ee4a35-e929-46bf-8b2d-58a671b58f50,2026-08-16T06:30:00Z,2026-08-16T08:30:00+0200,137.88,EUR/MWh,DK2,DK_2,day_ahead_price,value,2026-08-22T18:55:39Z
2026-08-22T18:49:31Z,2026-08-22T20:49:31+0200,32ee4a35-e929-46bf-8b2d-58a671b58f50,2026-08-16T06:45:00Z,2026-08-16T08:45:00+0200,120.400002,EUR/MWh,DK2,DK_2,day_ahead_price,value,2026-08-22T18:55:39Z
2026-08-22T18:49:31Z,2026-08-22T20:49:31+0200,32ee4a35-e929-46bf-8b2d-58a671b58f50,2026-08-16T07:00:00Z,2026-08-16T09:00:00+0200,148.0,EUR/MWh,DK2,DK_2,day_ahead_price,value,2026-08-22T18:55:39Z
2026-08-22T18:49:31Z,2026-08-22T20:49:31+0200,32ee4a35-e929-46bf-8b2d-58a671b58f50,2026-08-16T07:15:00Z,2026-08-16T09:15:00+0200,126.04,EUR/MWh,DK2,DK_2,day_ahead_price,value,2026-08-22T18:55:39Z
2026-08-22T18:49:31Z,2026-08-22T20:49:31+0200,32ee4a35-e929-46bf-8b2d-58a671b58f50,2026-08-16T07:30:00Z,2026-08-16T09:30:00+0200,114.510002,EUR/MWh,DK2,DK_2,day_ahead_price,value,2026-08-22T18:55:39Z
2026-08-22T18:49:31Z,2026-08-22T20:49:31+0200,32ee4a35-e929-46bf-8b2d-58a671b58f50,2026-08-16T07:45:00Z,2026-08-16T09:45:00+0200,106.839996,EUR/MWh,DK2,DK_2,day_ahead_price,value,2026-08-22T18:55:39Z
2026-08-22T18:49:31Z,2026-08-22T20:49:31+0200,32ee4a35-e929-46bf-8b2d-58a671b58f50,2026-08-16T08:00:00Z,2026-08-16T10:00:00+0200,115.160004,EUR/MWh,DK2,DK_2,day_ahead_price,value,2026-08-22T18:55:39Z
2026-08-22T18:49:31Z,2026-08-22T20:49:31+0200,32ee4a35-e929-46bf-8b2d-58a671b58f50,2026-08-16T08:15:00Z,2026-08-16T10:15:00+0200,107.57,EUR/MWh,DK2,DK_2,day_ahead_price,value,2026-08-22T18:55:39Z
2026-08-22T18:49:31Z,2026-08-22T20:49:31+0200,32ee4a35-e929-46bf-8b2d-58a671b58f50,2026-08-16T08:30:00Z,2026-08-16T10:30:00+0200,83.87,EUR/MWh,DK2,DK_2,day_ahead_price,value,2026-08-22T18:55:39Z
2026-08-22T18:49:31Z,2026-08-22T20:49:31+0200,32ee4a35-e929-46bf-8b2d-58a671b58f50,2026-08-16T08:45:00Z,2026-08-16T10:45:00+0200,81.0,EUR/MWh,DK2,DK_2,day_ahead_price,value,2026-08-22T18:55:39Z
2026-08-22T18:49:31Z,2026-08-22T20:49:31+0200,32ee4a35-e929-46bf-8b2d-58a671b58f50,2026-08-16T09:00:00Z,2026-08-16T11:00:00+0200,74.900002,EUR/MWh,DK2,DK_2,day_ahead_price,value,2026-08-22T18:55:39Z
2026-08-22T18:49:31Z,2026-08-22T20:49:31+0200,32ee4a35-e929-46bf-8b2d-58a671b58f50,2026-08-16T09:15:00Z,2026-08-16T11:15:00+0200,58.79,EUR/MWh,DK2,DK_2,day_ahead_price,value,2026-08-22T18:55:39Z
2026-08-22T18:49:31Z,2026-08-22T20:49:31+0200,32ee4a35-e929-46bf-8b2d-58a671b58f50,2026-08-16T09:30:00Z,2026-08-16T11:30:00+0200,59.32,EUR/MWh,DK2,DK_2,day_ahead_price,value,2026-08-22T18:55:39Z
2026-08-22T18:49:31Z,2026-08-22T20:49:31+0200,32ee4a35-e929-46bf-8b2d-58a671b58f50,2026-08-16T09:45:00Z,2026-08-16T11:45:00+0200,51.91,EUR/MWh,DK2,DK_2,day_ahead_price,value,2026-08-22T18:55:39Z
2026-08-22T18:49:31Z,2026-08-22T20:49:31+0200,32ee4a35-e929-46bf-8b2d-58a671b58f50,2026-08-16T10:00:00Z,2026-08-16T12:00:00+0200,56.02,EUR/MWh,DK2,DK_2,day_ahead_price,value,2026-08-22T18:55:39Z
2026-08-22T18:49:31Z,2026-08-22T20:49:31+0200,32ee4a35-e929-46bf-8b2d-58a671b58f50,2026-08-16T10:15:00Z,2026-08-16T12:15:00+0200,55.22,EUR/MWh,DK2,DK_2,day_ahead_price,value,2026-08-22T18:55:39Z
2026-08-22T18:49:31Z,2026-08-22T20:49:31+0200,32ee4a35-e929-46bf-8b2d-58a671b58f50,2026-08-16T10:30:00Z,2026-08-16T12:30:00+0200,39.990002,EUR/MWh,DK2,DK_2,day_ahead_price,value,2026-08-22T18:55:39Z
2026-08-22T18:49:31Z,2026-08-22T20:49:31+0200,32ee4a35-e929-46bf-8b2d-58a671b58f50,2026-08-16T10:45:00Z,2026-08-16T12:45:00+0200,22.89,EUR/MWh,DK2,DK_2,day_ahead_price,value,2026-08-22T18:55:39Z
2026-08-22T18:49:31Z,2026-08-22T20:49:31+0200,32ee4a35-e929-46bf-8b2d-58a671b58f50,2026-08-16T11:00:00Z,2026-08-16T13:00:00+0200,31.040001,EUR/MWh,DK2,DK_2,day_ahead_price,value,2026-08-22T18:55:39Z
2026-08-22T18:49:31Z,2026-08-22T20:49:31+0200,32ee4a35-e929-46bf-8b2d-58a671b58f50,2026-08-16T11:15:00Z,2026-08-16T13:15:00+0200,23.049999,EUR/MWh,DK2,DK_2,day_ahead_price,value,2026-08-22T18:55:39Z
2026-08-22T18:49:31Z,2026-08-22T20:49:31+0200,32ee4a35-e929-46bf-8b2d-58a671b58f50,2026-08-16T11:30:00Z,2026-08-16T13:30:00+0200,25.02,EUR/MWh,DK2,DK_2,day_ahead_price,value,2026-08-22T18:55:39Z
2026-08-22T18:49:31Z,2026-08-22T20:49:31+0200,32ee4a35-e929-46bf-8b2d-58a671b58f50,2026-08-16T11:45:00Z,2026-08-16T13:45:00+0200,30.24,EUR/MWh,DK2,DK_2,day_ahead_price,value,2026-08-22T18:55:39Z
2026-08-22T18:49:31Z,2026-08-22T20:49:31+0200,32ee4a35-e929-46bf-8b2d-58a671b58f50,2026-08-16T12:00:00Z,2026-08-16T14:00:00+0200,25.290001,EUR/MWh,DK2,DK_2,day_ahead_price,value,2026-08-22T18:55:39Z
2026-08-22T18:49:31Z,2026-08-22T20:49:31+0200,32ee4a35-e929-46bf-8b2d-58a671b58f50,2026-08-16T12:15:00Z,2026-08-16T14:15:00+0200,29.99,EUR/MWh,DK2,DK_2,day_ahead_price,value,2026-08-22T18:55:39Z
2026-08-22T18:49:31Z,2026-08-22T20:49:31+0200,32ee4a35-e929-46bf-8b2d-58a671b58f50,2026-08-16T12:30:00Z,2026-08-16T14:30:00+0200,39.900002,EUR/MWh,DK2,DK_2,day_ahead_price,value,2026-08-22T18:55:39Z
2026-08-22T18:49:31Z,2026-08-22T20:49:31+0200,32ee4a35-e929-46bf-8b2d-58a671b58f50,2026-08-16T12:45:00Z,2026-08-16T14:45:00+0200,51.049999,EUR/MWh,DK2,DK_2,day_ahead_price,value,2026-08-22T18:55:39Z
2026-08-22T18:49:31Z,2026-08-22T20:49:31+0200,32ee4a35-e929-46bf-8b2d-58a671b58f50,2026-08-16T13:00:00Z,2026-08-16T15:00:00+0200,48.299999,EUR/MWh,DK2,DK_2,day_ahead_price,value,2026-08-22T18:55:39Z
2026-08-22T18:49:31Z,2026-08-22T20:49:31+0200,32ee4a35-e929-46bf-8b2d-58a671b58f50,2026-08-16T13:15:00Z,2026-08-16T15:15:00+0200,63.630001,EUR/MWh,DK2,DK_2,day_ahead_price,value,2026-08-22T18:55:39Z
2026-08-22T18:49:31Z,2026-08-22T20:49:31+0200,32ee4a35-e929-46bf-8b2d-58a671b58f50,2026-08-16T13:30:00Z,2026-08-16T15:30:00+0200,77.980003,EUR/MWh,DK2,DK_2,day_ahead_price,value,2026-08-22T18:55:39Z
2026-08-22T18:49:31Z,2026-08-22T20:49:31+0200,32ee4a35-e929-46bf-8b2d-58a671b58f50,2026-08-16T13:45:00Z,2026-08-16T15:45:00+0200,80.900002,EUR/MWh,DK2,DK_2,day_ahead_price,value,2026-08-22T18:55:39Z
2026-08-22T18:49:31Z,2026-08-22T20:49:31+0200,32ee4a35-e929-46bf-8b2d-58a671b58f50,2026-08-16T14:00:00Z,2026-08-16T16:00:00+0200,89.9,EUR/MWh,DK2,DK_2,day_ahead_price,value,2026-08-22T18:55:39Z
2026-08-22T18:49:31Z,2026-08-22T20:49:31+0200,32ee4a35-e929-46bf-8b2d-58a671b58f50,2026-08-16T14:15:00Z,2026-08-16T16:15:00+0200,110.4,EUR/MWh,DK2,DK_2,day_ahead_price,value,2026-08-22T18:55:39Z
2026-08-22T18:49:31Z,2026-08-22T20:49:31+0200,32ee4a35-e929-46bf-8b2d-58a671b58f50,2026-08-16T14:30:00Z,2026-08-16T16:30:00+0200,117.970001,EUR/MWh,DK2,DK_2,day_ahead_price,value,2026-08-22T18:55:39Z
2026-08-22T18:49:31Z,2026-08-22T20:49:31+0200,32ee4a35-e929-46bf-8b2d-58a671b58f50,2026-08-16T14:45:00Z,2026-08-16T16:45:00+0200,146.270004,EUR/MWh,DK2,DK_2,day_ahead_price,value,2026-08-22T18:55:39Z
2026-08-22T18:49:31Z,2026-08-22T20:49:31+0200,32ee4a35-e929-46bf-8b2d-58a671b58f50,2026-08-16T15:00:00Z,2026-08-16T17:00:00+0200,118.120003,EUR/MWh,DK2,DK_2,day_ahead_price,value,2026-08-22T18:55:39Z
2026-08-22T18:49:31Z,2026-08-22T20:49:31+0200,32ee4a35-e929-46bf-8b2d-58a671b58f50,2026-08-16T15:15:00Z,2026-08-16T17:15:00+0200,133.05,EUR/MWh,DK2,DK_2,day_ahead_price,value,2026-08-22T18:55:39Z
2026-08-22T18:49:31Z,2026-08-22T20:49:31+0200,32ee4a35-e929-46bf-8b2d-58a671b58f50,2026-08-16T15:30:00Z,2026-08-16T17:30:00+0200,155.130005,EUR/MWh,DK2,DK_2,day_ahead_price,value,2026-08-22T18:55:39Z
2026-08-22T18:49:31Z,2026-08-22T20:49:31+0200,32ee4a35-e929-46bf-8b2d-58a671b58f50,2026-08-16T15:45:00Z,2026-08-16T17:45:00+0200,175.0,EUR/MWh,DK2,DK_2,day_ahead_price,value,2026-08-22T18:55:39Z
2026-08-22T18:49:31Z,2026-08-22T20:49:31+0200,32ee4a35-e929-46bf-8b2d-58a671b58f50,2026-08-16T16:00:00Z,2026-08-16T18:00:00+0200,155.0,EUR/MWh,DK2,DK_2,day_ahead_price,value,2026-08-22T18:55:39Z
2026-08-22T18:49:31Z,2026-08-22T20:49:31+0200,32ee4a35-e929-46bf-8b2d-58a671b58f50,2026-08-16T16:15:00Z,2026-08-16T18:15:00+0200,160.96,EUR/MWh,DK2,DK_2,day_ahead_price,value,2026-08-22T18:55:39Z
2026-08-22T18:49:31Z,2026-08-22T20:49:31+0200,32ee4a35-e929-46bf-8b2d-58a671b58f50,2026-08-16T16:30:00Z,2026-08-16T18:30:00+0200,175.089996,EUR/MWh,DK2,DK_2,day_ahead_price,value,2026-08-22T18:55:39Z
2026-08-22T18:49:31Z,2026-08-22T20:49:31+0200,32ee4a35-e929-46bf-8b2d-58a671b58f50,2026-08-16T16:45:00Z,2026-08-16T18:45:00+0200,186.28,EUR/MWh,DK2,DK_2,day_ahead_price,value,2026-08-22T18:55:39Z
2026-08-22T18:49:31Z,2026-08-22T20:49:31+0200,32ee4a35-e929-46bf-8b2d-58a671b58f50,2026-08-16T17:00:00Z,2026-08-16T19:00:00+0200,172.2,EUR/MWh,DK2,DK_2,day_ahead_price,value,2026-08-22T18:55:39Z
2026-08-22T18:49:31Z,2026-08-22T20:49:31+0200,32ee4a35-e929-46bf-8b2d-58a671b58f50,2026-08-16T17:15:00Z,2026-08-16T19:15:00+0200,181.6,EUR/MWh,DK2,DK_2,day_ahead_price,value,2026-08-22T18:55:39Z
2026-08-22T18:49:31Z,2026-08-22T20:49:31+0200,32ee4a35-e929-46bf-8b2d-58a671b58f50,2026-08-16T17:30:00Z,2026-08-16T19:30:00+0200,194.179993,EUR/MWh,DK2,DK_2,day_ahead_price,value,2026-08-22T18:55:39Z
2026-08-22T18:49:31Z,2026-08-22T20:49:31+0200,32ee4a35-e929-46bf-8b2d-58a671b58f50,2026-08-16T17:45:00Z,2026-08-16T19:45:00+0200,203.92,EUR/MWh,DK2,DK_2,day_ahead_price,value,2026-08-22T18:55:39Z
2026-08-22T18:49:31Z,2026-08-22T20:49:31+0200,32ee4a35-e929-46bf-8b2d-58a671b58f50,2026-08-16T18:00:00Z,2026-08-16T20:00:00+0200,188.01,EUR/MWh,DK2,DK_2,day_ahead_price,value,2026-08-22T18:55:39Z
2026-08-22T18:49:31Z,2026-08-22T20:49:31+0200,32ee4a35-e929-46bf-8b2d-58a671b58f50,2026-08-16T18:15:00Z,2026-08-16T20:15:00+0200,198.0,EUR/MWh,DK2,DK_2,day_ahead_price,value,2026-08-22T18:55:39Z
2026-08-22T18:49:31Z,2026-08-22T20:49:31+0200,32ee4a35-e929-46bf-8b2d-58a671b58f50,2026-08-16T18:30:00Z,2026-08-16T20:30:00+0200,202.809998,EUR/MWh,DK2,DK_2,day_ahead_price,value,2026-08-22T18:55:39Z
2026-08-22T18:49:31Z,2026-08-22T20:49:31+0200,32ee4a35-e929-46bf-8b2d-58a671b58f50,2026-08-16T18:45:00Z,2026-08-16T20:45:00+0200,211.29,EUR/MWh,DK2,DK_2,day_ahead_price,value,2026-08-22T18:55:39Z
2026-08-22T18:49:31Z,2026-08-22T20:49:31+0200,32ee4a35-e929-46bf-8b2d-58a671b58f50,2026-08-16T19:00:00Z,2026-08-16T21:00:00+0200,212.4,EUR/MWh,DK2,DK_2,day_ahead_price,value,2026-08-22T18:55:39Z
2026-08-22T18:49:31Z,2026-08-22T20:49:31+0200,32ee4a35-e929-46bf-8b2d-58a671b58f50,2026-08-16T19:15:00Z,2026-08-16T21:15:00+0200,208.21,EUR/MWh,DK2,DK_2,day_ahead_price,value,2026-08-22T18:55:39Z
2026-08-22T18:49:31Z,2026-08-22T20:49:31+0200,32ee4a35-e929-46bf-8b2d-58a671b58f50,2026-08-16T19:30:00Z,2026-08-16T21:30:00+0200,202.99,EUR/MWh,DK2,DK_2,day_ahead_price,value,2026-08-22T18:55:39Z
2026-08-22T18:49:31Z,2026-08-22T20:49:31+0200,32ee4a35-e929-46bf-8b2d-58a671b58f50,2026-08-16T19:45:00Z,2026-08-16T21:45:00+0200,199.1,EUR/MWh,DK2,DK_2,day_ahead_price,value,2026-08-22T18:55:39Z
2026-08-22T18:49:31Z,2026-08-22T20:49:31+0200,32ee4a35-e929-46bf-8b2d-58a671b58f50,2026-08-16T20:00:00Z,2026-08-16T22:00:00+0200,215.05,EUR/MWh,DK2,DK_2,day_ahead_price,value,2026-08-22T18:55:39Z
2026-08-22T18:49:31Z,2026-08-22T20:49:31+0200,32ee4a35-e929-46bf-8b2d-58a671b58f50,2026-08-16T20:15:00Z,2026-08-16T22:15:00+0200,210.95,EUR/MWh,DK2,DK_2,day_ahead_price,value,2026-08-22T18:55:39Z
2026-08-22T18:49:31Z,2026-08-22T20:49:31+0200,32ee4a35-e929-46bf-8b2d-58a671b58f50,2026-08-16T20:30:00Z,2026-08-16T22:30:00+0200,202.800003,EUR/MWh,DK2,DK_2,day_ahead_price,value,2026-08-22T18:55:39Z
2026-08-22T18:49:31Z,2026-08-22T20:49:31+0200,32ee4a35-e929-46bf-8b2d-58a671b58f50,2026-08-16T20:45:00Z,2026-08-16T22:45:00+0200,197.35,EUR/MWh,DK2,DK_2,day_ahead_price,value,2026-08-22T18:55:39Z
2026-08-22T18:49:31Z,2026-08-22T20:49:31+0200,32ee4a35-e929-46bf-8b2d-58a671b58f50,2026-08-16T21:00:00Z,2026-08-16T23:00:00+0200,203.56,EUR/MWh,DK2,DK_2,day_ahead_price,value,2026-08-22T18:55:39Z
2026-08-22T18:49:31Z,2026-08-22T20:49:31+0200,32ee4a35-e929-46bf-8b2d-58a671b58f50,2026-08-16T21:15:00Z,2026-08-16T23:15:00+0200,194.0,EUR/MWh,DK2,DK_2,day_ahead_price,value,2026-08-22T18:55:39Z
2026-08-22T18:49:31Z,2026-08-22T20:49:31+0200,32ee4a35-e929-46bf-8b2d-58a671b58f50,2026-08-16T21:30:00Z,2026-08-16T23:30:00+0200,188.270004,EUR/MWh,DK2,DK_2,day_ahead_price,value,2026-08-22T18:55:39Z
2026-08-22T18:49:31Z,2026-08-22T20:49:31+0200,32ee4a35-e929-46bf-8b2d-58a671b58f50,2026-08-16T21:45:00Z,2026-08-16T23:45:00+0200,184.770004,EUR/MWh,DK2,DK_2,day_ahead_price,value,2026-08-22T18:55:39Z
2026-08-22T18:49:31Z,2026-08-22T20:49:31+0200,32ee4a35-e929-46bf-8b2d-58a671b58f50,2026-08-16T22:00:00Z,2026-08-17T00:00:00+0200,205.0,EUR/MWh,DK2,DK_2,day_ahead_price,value,2026-08-22T18:55:39Z
2026-08-22T18:49:31Z,2026-08-22T20:49:31+0200,32ee4a35-e929-46bf-8b2d-58a671b58f50,2026-08-16T22:15:00Z,2026-08-17T00:15:00+0200,196.0,EUR/MWh,DK2,DK_2,day_ahead_price,value,2026-08-22T18:55:39Z
2026-08-22T18:49:31Z,2026-08-22T20:49:31+0200,32ee4a35-e929-46bf-8b2d-58a671b58f50,2026-08-16T22:30:00Z,2026-08-17T00:30:00+0200,188.710007,EUR/MWh,DK2,DK_2,day_ahead_price,value,2026-08-22T18:55:39Z
2026-08-22T18:49:31Z,2026-08-22T20:49:31+0200,32ee4a35-e929-46bf-8b2d-58a671b58f50,2026-08-16T22:45:00Z,2026-08-17T00:45:00+0200,178.81,EUR/MWh,DK2,DK_2,day_ahead_price,value,2026-08-22T18:55:39Z
2026-08-22T18:49:31Z,2026-08-22T20:49:31+0200,32ee4a35-e929-46bf-8b2d-58a671b58f50,2026-08-16T23:00:00Z,2026-08-17T01:00:00+0200,187.15,EUR/MWh,DK2,DK_2,day_ahead_price,value,2026-08-22T18:55:39Z
2026-08-22T18:49:31Z,2026-08-22T20:49:31+0200,32ee4a35-e929-46bf-8b2d-58a671b58f50,2026-08-16T23:15:00Z,2026-08-17T01:15:00+0200,181.54,EUR/MWh,DK2,DK_2,day_ahead_price,value,2026-08-22T18:55:39Z
2026-08-22T18:49:31Z,2026-08-22T20:49:31+0200,32ee4a35-e929-46bf-8b2d-58a671b58f50,2026-08-16T23:30:00Z,2026-08-17T01:30:00+0200,178.54,EUR/MWh,DK2,DK_2,day_ahead_price,value,2026-08-22T18:55:39Z
2026-08-22T18:49:31Z,2026-08-22T20:49:31+0200,32ee4a35-e929-46bf-8b2d-58a671b58f50,2026-08-16T23:45:00Z,2026-08-17T01:45:00+0200,168.009995,EUR/MWh,DK2,DK_2,day_ahead_price,value,2026-08-22T18:55:39Z
2026-08-22T18:49:31Z,2026-08-22T20:49:31+0200,32ee4a35-e929-46bf-8b2d-58a671b58f50,2026-08-17T00:00:00Z,2026-08-17T02:00:00+0200,172.389999,EUR/MWh,DK2,DK_2,day_ahead_price,value,2026-08-22T18:55:39Z
2026-08-22T18:49:31Z,2026-08-22T20:49:31+0200,32ee4a35-e929-46bf-8b2d-58a671b58f50,2026-08-17T00:15:00Z,2026-08-17T02:15:00+0200,164.42,EUR/MWh,DK2,DK_2,day_ahead_price,value,2026-08-22T18:55:39Z
2026-08-22T18:49:31Z,2026-08-22T20:49:31+0200,32ee4a35-e929-46bf-8b2d-58a671b58f50,2026-08-17T00:30:00Z,2026-08-17T02:30:00+0200,160.15,EUR/MWh,DK2,DK_2,day_ahead_price,value,2026-08-22T18:55:39Z
2026-08-22T18:49:31Z,2026-08-22T20:49:31+0200,32ee4a35-e929-46bf-8b2d-58a671b58f50,2026-08-17T00:45:00Z,2026-08-17T02:45:00+0200,158.65,EUR/MWh,DK2,DK_2,day_ahead_price,value,2026-08-22T18:55:39Z
2026-08-22T18:49:31Z,2026-08-22T20:49:31+0200,32ee4a35-e929-46bf-8b2d-58a671b58f50,2026-08-17T01:00:00Z,2026-08-17T03:00:00+0200,162.09,EUR/MWh,DK2,DK_2,day_ahead_price,value,2026-08-22T18:55:39Z
2026-08-22T18:49:31Z,2026-08-22T20:49:31+0200,32ee4a35-e929-46bf-8b2d-58a671b58f50,2026-08-17T01:15:00Z,2026-08-17T03:15:00+0200,160.72,EUR/MWh,DK2,DK_2,day_ahead_price,value,2026-08-22T18:55:39Z
2026-08-22T18:49:31Z,2026-08-22T20:49:31+0200,32ee4a35-e929-46bf-8b2d-58a671b58f50,2026-08-17T01:30:00Z,2026-08-17T03:30:00+0200,158.25,EUR/MWh,DK2,DK_2,day_ahead_price,value,2026-08-22T18:55:39Z
2026-08-22T18:49:31Z,2026-08-22T20:49:31+0200,32ee4a35-e929-46bf-8b2d-58a671b58f50,2026-08-17T01:45:00Z,2026-08-17T03:45:00+0200,160.06,EUR/MWh,DK2,DK_2,day_ahead_price,value,2026-08-22T18:55:39Z
2026-08-22T18:49:31Z,2026-08-22T20:49:31+0200,32ee4a35-e929-46bf-8b2d-58a671b58f50,2026-08-17T02:00:00Z,2026-08-17T04:00:00+0200,157.74,EUR/MWh,DK2,DK_2,day_ahead_price,value,2026-08-22T18:55:39Z
2026-08-22T18:49:31Z,2026-08-22T20:49:31+0200,32ee4a35-e929-46bf-8b2d-58a671b58f50,2026-08-17T02:15:00Z,2026-08-17T04:15:00+0200,155.25,EUR/MWh,DK2,DK_2,day_ahead_price,value,2026-08-22T18:55:39Z
2026-08-22T18:49:31Z,2026-08-22T20:49:31+0200,32ee4a35-e929-46bf-8b2d-58a671b58f50,2026-08-17T02:30:00Z,2026-08-17T04:30:00+0200,159.289993,EUR/MWh,DK2,DK_2,day_ahead_price,value,2026-08-22T18:55:39Z
2026-08-22T18:49:31Z,2026-08-22T20:49:31+0200,32ee4a35-e929-46bf-8b2d-58a671b58f50,2026-08-17T02:45:00Z,2026-08-17T04:45:00+0200,164.0,EUR/MWh,DK2,DK_2,day_ahead_price,value,2026-08-22T18:55:39Z
2026-08-22T18:49:31Z,2026-08-22T20:49:31+0200,32ee4a35-e929-46bf-8b2d-58a671b58f50,2026-08-17T03:00:00Z,2026-08-17T05:00:00+0200,162.910004,EUR/MWh,DK2,DK_2,day_ahead_price,value,2026-08-22T18:55:39Z
2026-08-22T18:49:31Z,2026-08-22T20:49:31+0200,32ee4a35-e929-46bf-8b2d-58a671b58f50,2026-08-17T03:15:00Z,2026-08-17T05:15:00+0200,169.139999,EUR/MWh,DK2,DK_2,day_ahead_price,value,2026-08-22T18:55:39Z
2026-08-22T18:49:31Z,2026-08-22T20:49:31+0200,32ee4a35-e929-46bf-8b2d-58a671b58f50,2026-08-17T03:30:00Z,2026-08-17T05:30:00+0200,177.710007,EUR/MWh,DK2,DK_2,day_ahead_price,value,2026-08-22T18:55:39Z
2026-08-22T18:49:31Z,2026-08-22T20:49:31+0200,32ee4a35-e929-46bf-8b2d-58a671b58f50,2026-08-17T03:45:00Z,2026-08-17T05:45:00+0200,190.149994,EUR/MWh,DK2,DK_2,day_ahead_price,value,2026-08-22T18:55:39Z
2026-08-22T18:49:31Z,2026-08-22T20:49:31+0200,32ee4a35-e929-46bf-8b2d-58a671b58f50,2026-08-17T04:00:00Z,2026-08-17T06:00:00+0200,192.619995,EUR/MWh,DK2,DK_2,day_ahead_price,value,2026-08-22T18:55:39Z
2026-08-22T18:49:31Z,2026-08-22T20:49:31+0200,32ee4a35-e929-46bf-8b2d-58a671b58f50,2026-08-17T04:15:00Z,2026-08-17T06:15:00+0200,197.509995,EUR/MWh,DK2,DK_2,day_ahead_price,value,2026-08-22T18:55:39Z
2026-08-22T18:49:31Z,2026-08-22T20:49:31+0200,32ee4a35-e929-46bf-8b2d-58a671b58f50,2026-08-17T04:30:00Z,2026-08-17T06:30:00+0200,198.520004,EUR/MWh,DK2,DK_2,day_ahead_price,value,2026-08-22T18:55:39Z
2026-08-22T18:49:31Z,2026-08-22T20:49:31+0200,32ee4a35-e929-46bf-8b2d-58a671b58f50,2026-08-17T04:45:00Z,2026-08-17T06:45:00+0200,201.0,EUR/MWh,DK2,DK_2,day_ahead_price,value,2026-08-22T18:55:39Z
2026-08-22T18:49:31Z,2026-08-22T20:49:31+0200,32ee4a35-e929-46bf-8b2d-58a671b58f50,2026-08-17T05:00:00Z,2026-08-17T07:00:00+0200,207.020004,EUR/MWh,DK2,DK_2,day_ahead_price,value,2026-08-22T18:55:39Z
2026-08-22T18:49:31Z,2026-08-22T20:49:31+0200,32ee4a35-e929-46bf-8b2d-58a671b58f50,2026-08-17T05:15:00Z,2026-08-17T07:15:00+0200,208.919998,EUR/MWh,DK2,DK_2,day_ahead_price,value,2026-08-22T18:55:39Z
2026-08-22T18:49:31Z,2026-08-22T20:49:31+0200,32ee4a35-e929-46bf-8b2d-58a671b58f50,2026-08-17T05:30:00Z,2026-08-17T07:30:00+0200,205.020004,EUR/MWh,DK2,DK_2,day_ahead_price,value,2026-08-22T18:55:39Z
2026-08-22T18:49:31Z,2026-08-22T20:49:31+0200,32ee4a35-e929-46bf-8b2d-58a671b58f50,2026-08-17T05:45:00Z,2026-08-17T07:45:00+0200,199.720001,EUR/MWh,DK2,DK_2,day_ahead_price,value,2026-08-22T18:55:39Z
2026-08-22T18:49:31Z,2026-08-22T20:49:31+0200,32ee4a35-e929-46bf-8b2d-58a671b58f50,2026-08-17T06:00:00Z,2026-08-17T08:00:00+0200,212.100006,EUR/MWh,DK2,DK_2,day_ahead_price,value,2026-08-22T18:55:39Z
2026-08-22T18:49:31Z,2026-08-22T20:49:31+0200,32ee4a35-e929-46bf-8b2d-58a671b58f50,2026-08-17T06:15:00Z,2026-08-17T08:15:00+0200,208.479996,EUR/MWh,DK2,DK_2,day_ahead_price,value,2026-08-22T18:55:39Z
2026-08-22T18:49:31Z,2026-08-22T20:49:31+0200,32ee4a35-e929-46bf-8b2d-58a671b58f50,2026-08-17T06:30:00Z,2026-08-17T08:30:00+0200,213.259995,EUR/MWh,DK2,DK_2,day_ahead_price,value,2026-08-22T18:55:39Z
2026-08-22T18:49:31Z,2026-08-22T20:49:31+0200,32ee4a35-e929-46bf-8b2d-58a671b58f50,2026-08-17T06:45:00Z,2026-08-17T08:45:00+0200,201.679993,EUR/MWh,DK2,DK_2,day_ahead_price,value,2026-08-22T18:55:39Z
2026-08-22T18:49:31Z,2026-08-22T20:49:31+0200,32ee4a35-e929-46bf-8b2d-58a671b58f50,2026-08-17T07:00:00Z,2026-08-17T09:00:00+0200,212.54,EUR/MWh,DK2,DK_2,day_ahead_price,value,2026-08-22T18:55:39Z
2026-08-22T18:49:31Z,2026-08-22T20:49:31+0200,32ee4a35-e929-46bf-8b2d-58a671b58f50,2026-08-17T07:15:00Z,2026-08-17T09:15:00+0200,204.52,EUR/MWh,DK2,DK_2,day_ahead_price,value,2026-08-22T18:55:39Z
2026-08-22T18:49:31Z,2026-08-22T20:49:31+0200,32ee4a35-e929-46bf-8b2d-58a671b58f50,2026-08-17T07:30:00Z,2026-08-17T09:30:00+0200,196.18,EUR/MWh,DK2,DK_2,day_ahead_price,value,2026-08-22T18:55:39Z
2026-08-22T18:49:31Z,2026-08-22T20:49:31+0200,32ee4a35-e929-46bf-8b2d-58a671b58f50,2026-08-17T07:45:00Z,2026-08-17T09:45:00+0200,182.53,EUR/MWh,DK2,DK_2,day_ahead_price,value,2026-08-22T18:55:39Z
2026-08-22T18:49:31Z,2026-08-22T20:49:31+0200,32ee4a35-e929-46bf-8b2d-58a671b58f50,2026-08-17T08:00:00Z,2026-08-17T10:00:00+0200,190.31,EUR/MWh,DK2,DK_2,day_ahead_price,value,2026-08-22T18:55:39Z
2026-08-22T18:49:31Z,2026-08-22T20:49:31+0200,32ee4a35-e929-46bf-8b2d-58a671b58f50,2026-08-17T08:15:00Z,2026-08-17T10:15:00+0200,180.08,EUR/MWh,DK2,DK_2,day_ahead_price,value,2026-08-22T18:55:39Z
2026-08-22T18:49:31Z,2026-08-22T20:49:31+0200,32ee4a35-e929-46bf-8b2d-58a671b58f50,2026-08-17T08:30:00Z,2026-08-17T10:30:00+0200,169.24,EUR/MWh,DK2,DK_2,day_ahead_price,value,2026-08-22T18:55:39Z
2026-08-22T18:49:31Z,2026-08-22T20:49:31+0200,32ee4a35-e929-46bf-8b2d-58a671b58f50,2026-08-17T08:45:00Z,2026-08-17T10:45:00+0200,162.699997,EUR/MWh,DK2,DK_2,day_ahead_price,value,2026-08-22T18:55:39Z
2026-08-22T18:49:31Z,2026-08-22T20:49:31+0200,32ee4a35-e929-46bf-8b2d-58a671b58f50,2026-08-17T09:00:00Z,2026-08-17T11:00:00+0200,176.75,EUR/MWh,DK2,DK_2,day_ahead_price,value,2026-08-22T18:55:39Z
2026-08-22T18:49:31Z,2026-08-22T20:49:31+0200,32ee4a35-e929-46bf-8b2d-58a671b58f50,2026-08-17T09:15:00Z,2026-08-17T11:15:00+0200,173.46,EUR/MWh,DK2,DK_2,day_ahead_price,value,2026-08-22T18:55:39Z
2026-08-22T18:49:31Z,2026-08-22T20:49:31+0200,32ee4a35-e929-46bf-8b2d-58a671b58f50,2026-08-17T09:30:00Z,2026-08-17T11:30:00+0200,161.37,EUR/MWh,DK2,DK_2,day_ahead_price,value,2026-08-22T18:55:39Z
2026-08-22T18:49:31Z,2026-08-22T20:49:31+0200,32ee4a35-e929-46bf-8b2d-58a671b58f50,2026-08-17T09:45:00Z,2026-08-17T11:45:00+0200,156.61,EUR/MWh,DK2,DK_2,day_ahead_price,value,2026-08-22T18:55:39Z
2026-08-22T18:49:31Z,2026-08-22T20:49:31+0200,32ee4a35-e929-46bf-8b2d-58a671b58f50,2026-08-17T10:00:00Z,2026-08-17T12:00:00+0200,158.940002,EUR/MWh,DK2,DK_2,day_ahead_price,value,2026-08-22T18:55:39Z
2026-08-22T18:49:31Z,2026-08-22T20:49:31+0200,32ee4a35-e929-46bf-8b2d-58a671b58f50,2026-08-17T10:15:00Z,2026-08-17T12:15:00+0200,156.11,EUR/MWh,DK2,DK_2,day_ahead_price,value,2026-08-22T18:55:39Z
2026-08-22T18:49:31Z,2026-08-22T20:49:31+0200,32ee4a35-e929-46bf-8b2d-58a671b58f50,2026-08-17T10:30:00Z,2026-08-17T12:30:00+0200,155.850006,EUR/MWh,DK2,DK_2,day_ahead_price,value,2026-08-22T18:55:39Z
2026-08-22T18:49:31Z,2026-08-22T20:49:31+0200,32ee4a35-e929-46bf-8b2d-58a671b58f50,2026-08-17T10:45:00Z,2026-08-17T12:45:00+0200,146.479996,EUR/MWh,DK2,DK_2,day_ahead_price,value,2026-08-22T18:55:39Z
2026-08-22T18:49:31Z,2026-08-22T20:49:31+0200,32ee4a35-e929-46bf-8b2d-58a671b58f50,2026-08-17T11:00:00Z,2026-08-17T13:00:00+0200,158.440002,EUR/MWh,DK2,DK_2,day_ahead_price,value,2026-08-22T18:55:39Z
2026-08-22T18:49:31Z,2026-08-22T20:49:31+0200,32ee4a35-e929-46bf-8b2d-58a671b58f50,2026-08-17T11:15:00Z,2026-08-17T13:15:00+0200,158.279999,EUR/MWh,DK2,DK_2,day_ahead_price,value,2026-08-22T18:55:39Z
2026-08-22T18:49:31Z,2026-08-22T20:49:31+0200,32ee4a35-e929-46bf-8b2d-58a671b58f50,2026-08-17T11:30:00Z,2026-08-17T13:30:00+0200,147.4,EUR/MWh,DK2,DK_2,day_ahead_price,value,2026-08-22T18:55:39Z
2026-08-22T18:49:31Z,2026-08-22T20:49:31+0200,32ee4a35-e929-46bf-8b2d-58a671b58f50,2026-08-17T11:45:00Z,2026-08-17T13:45:00+0200,136.820007,EUR/MWh,DK2,DK_2,day_ahead_price,value,2026-08-22T18:55:39Z
2026-08-22T18:49:31Z,2026-08-22T20:49:31+0200,32ee4a35-e929-46bf-8b2d-58a671b58f50,2026-08-17T12:00:00Z,2026-08-17T14:00:00+0200,142.58,EUR/MWh,DK2,DK_2,day_ahead_price,value,2026-08-22T18:55:39Z
2026-08-22T18:49:31Z,2026-08-22T20:49:31+0200,32ee4a35-e929-46bf-8b2d-58a671b58f50,2026-08-17T12:15:00Z,2026-08-17T14:15:00+0200,136.949997,EUR/MWh,DK2,DK_2,day_ahead_price,value,2026-08-22T18:55:39Z
2026-08-22T18:49:31Z,2026-08-22T20:49:31+0200,32ee4a35-e929-46bf-8b2d-58a671b58f50,2026-08-17T12:30:00Z,2026-08-17T14:30:00+0200,142.199997,EUR/MWh,DK2,DK_2,day_ahead_price,value,2026-08-22T18:55:39Z
2026-08-22T18:49:31Z,2026-08-22T20:49:31+0200,32ee4a35-e929-46bf-8b2d-58a671b58f50,2026-08-17T12:45:00Z,2026-08-17T14:45:00+0200,143.630005,EUR/MWh,DK2,DK_2,day_ahead_price,value,2026-08-22T18:55:39Z
2026-08-22T18:49:31Z,2026-08-22T20:49:31+0200,32ee4a35-e929-46bf-8b2d-58a671b58f50,2026-08-17T13:00:00Z,2026-08-17T15:00:00+0200,142.809998,EUR/MWh,DK2,DK_2,day_ahead_price,value,2026-08-22T18:55:39Z
2026-08-22T18:49:31Z,2026-08-22T20:49:31+0200,32ee4a35-e929-46bf-8b2d-58a671b58f50,2026-08-17T13:15:00Z,2026-08-17T15:15:00+0200,138.36,EUR/MWh,DK2,DK_2,day_ahead_price,value,2026-08-22T18:55:39Z
2026-08-22T18:49:31Z,2026-08-22T20:49:31+0200,32ee4a35-e929-46bf-8b2d-58a671b58f50,2026-08-17T13:30:00Z,2026-08-17T15:30:00+0200,138.919998,EUR/MWh,DK2,DK_2,day_ahead_price,value,2026-08-22T18:55:39Z
2026-08-22T18:49:31Z,2026-08-22T20:49:31+0200,32ee4a35-e929-46bf-8b2d-58a671b58f50,2026-08-17T13:45:00Z,2026-08-17T15:45:00+0200,141.369995,EUR/MWh,DK2,DK_2,day_ahead_price,value,2026-08-22T18:55:39Z
2026-08-22T18:49:31Z,2026-08-22T20:49:31+0200,32ee4a35-e929-46bf-8b2d-58a671b58f50,2026-08-17T14:00:00Z,2026-08-17T16:00:00+0200,133.460007,EUR/MWh,DK2,DK_2,day_ahead_price,value,2026-08-22T18:55:39Z
2026-08-22T18:49:31Z,2026-08-22T20:49:31+0200,32ee4a35-e929-46bf-8b2d-58a671b58f50,2026-08-17T14:15:00Z,2026-08-17T16:15:00+0200,138.039993,EUR/MWh,DK2,DK_2,day_ahead_price,value,2026-08-22T18:55:39Z
2026-08-22T18:49:31Z,2026-08-22T20:49:31+0200,32ee4a35-e929-46bf-8b2d-58a671b58f50,2026-08-17T14:30:00Z,2026-08-17T16:30:00+0200,142.380005,EUR/MWh,DK2,DK_2,day_ahead_price,value,2026-08-22T18:55:39Z
2026-08-22T18:49:31Z,2026-08-22T20:49:31+0200,32ee4a35-e929-46bf-8b2d-58a671b58f50,2026-08-17T14:45:00Z,2026-08-17T16:45:00+0200,145.41,EUR/MWh,DK2,DK_2,day_ahead_price,value,2026-08-22T18:55:39Z
2026-08-22T18:49:31Z,2026-08-22T20:49:31+0200,32ee4a35-e929-46bf-8b2d-58a671b58f50,2026-08-17T15:00:00Z,2026-08-17T17:00:00+0200,139.17,EUR/MWh,DK2,DK_2,day_ahead_price,value,2026-08-22T18:55:39Z
2026-08-22T18:49:31Z,2026-08-22T20:49:31+0200,32ee4a35-e929-46bf-8b2d-58a671b58f50,2026-08-17T15:15:00Z,2026-08-17T17:15:00+0200,146.460007,EUR/MWh,DK2,DK_2,day_ahead_price,value,2026-08-22T18:55:39Z
2026-08-22T18:49:31Z,2026-08-22T20:49:31+0200,32ee4a35-e929-46bf-8b2d-58a671b58f50,2026-08-17T15:30:00Z,2026-08-17T17:30:00+0200,152.17,EUR/MWh,DK2,DK_2,day_ahead_price,value,2026-08-22T18:55:39Z
2026-08-22T18:49:31Z,2026-08-22T20:49:31+0200,32ee4a35-e929-46bf-8b2d-58a671b58f50,2026-08-17T15:45:00Z,2026-08-17T17:45:00+0200,166.59,EUR/MWh,DK2,DK_2,day_ahead_price,value,2026-08-22T18:55:39Z
2026-08-22T18:49:31Z,2026-08-22T20:49:31+0200,32ee4a35-e929-46bf-8b2d-58a671b58f50,2026-08-17T16:00:00Z,2026-08-17T18:00:00+0200,162.210007,EUR/MWh,DK2,DK_2,day_ahead_price,value,2026-08-22T18:55:39Z
2026-08-22T18:49:31Z,2026-08-22T20:49:31+0200,32ee4a35-e929-46bf-8b2d-58a671b58f50,2026-08-17T16:15:00Z,2026-08-17T18:15:00+0200,175.39,EUR/MWh,DK2,DK_2,day_ahead_price,value,2026-08-22T18:55:39Z
2026-08-22T18:49:31Z,2026-08-22T20:49:31+0200,32ee4a35-e929-46bf-8b2d-58a671b58f50,2026-08-17T16:30:00Z,2026-08-17T18:30:00+0200,189.149994,EUR/MWh,DK2,DK_2,day_ahead_price,value,2026-08-22T18:55:39Z
2026-08-22T18:49:31Z,2026-08-22T20:49:31+0200,32ee4a35-e929-46bf-8b2d-58a671b58f50,2026-08-17T16:45:00Z,2026-08-17T18:45:00+0200,197.88,EUR/MWh,DK2,DK_2,day_ahead_price,value,2026-08-22T18:55:39Z
2026-08-22T18:49:31Z,2026-08-22T20:49:31+0200,32ee4a35-e929-46bf-8b2d-58a671b58f50,2026-08-17T17:00:00Z,2026-08-17T19:00:00+0200,187.11,EUR/MWh,DK2,DK_2,day_ahead_price,value,2026-08-22T18:55:39Z
2026-08-22T18:49:31Z,2026-08-22T20:49:31+0200,32ee4a35-e929-46bf-8b2d-58a671b58f50,2026-08-17T17:15:00Z,2026-08-17T19:15:00+0200,201.98,EUR/MWh,DK2,DK_2,day_ahead_price,value,2026-08-22T18:55:39Z
2026-08-22T18:49:31Z,2026-08-22T20:49:31+0200,32ee4a35-e929-46bf-8b2d-58a671b58f50,2026-08-17T17:30:00Z,2026-08-17T19:30:00+0200,213.01,EUR/MWh,DK2,DK_2,day_ahead_price,value,2026-08-22T18:55:39Z
2026-08-22T18:49:31Z,2026-08-22T20:49:31+0200,32ee4a35-e929-46bf-8b2d-58a671b58f50,2026-08-17T17:45:00Z,2026-08-17T19:45:00+0200,219.26,EUR/MWh,DK2,DK_2,day_ahead_price,value,2026-08-22T18:55:39Z
2026-08-22T18:49:31Z,2026-08-22T20:49:31+0200,32ee4a35-e929-46bf-8b2d-58a671b58f50,2026-08-17T18:00:00Z,2026-08-17T20:00:00+0200,207.12,EUR/MWh,DK2,DK_2,day_ahead_price,value,2026-08-22T18:55:39Z
2026-08-22T18:49:31Z,2026-08-22T20:49:31+0200,32ee4a35-e929-46bf-8b2d-58a671b58f50,2026-08-17T18:15:00Z,2026-08-17T20:15:00+0200,213.789993,EUR/MWh,DK2,DK_2,day_ahead_price,value,2026-08-22T18:55:39Z
2026-08-22T18:49:31Z,2026-08-22T20:49:31+0200,32ee4a35-e929-46bf-8b2d-58a671b58f50,2026-08-17T18:30:00Z,2026-08-17T20:30:00+0200,216.16,EUR/MWh,DK2,DK_2,day_ahead_price,value,2026-08-22T18:55:39Z
2026-08-22T18:49:31Z,2026-08-22T20:49:31+0200,32ee4a35-e929-46bf-8b2d-58a671b58f50,2026-08-17T18:45:00Z,2026-08-17T20:45:00+0200,217.39,EUR/MWh,DK2,DK_2,day_ahead_price,value,2026-08-22T18:55:39Z
2026-08-22T18:49:31Z,2026-08-22T20:49:31+0200,32ee4a35-e929-46bf-8b2d-58a671b58f50,2026-08-17T19:00:00Z,2026-08-17T21:00:00+0200,219.059998,EUR/MWh,DK2,DK_2,day_ahead_price,value,2026-08-22T18:55:39Z
2026-08-22T18:49:31Z,2026-08-22T20:49:31+0200,32ee4a35-e929-46bf-8b2d-58a671b58f50,2026-08-17T19:15:00Z,2026-08-17T21:15:00+0200,213.88,EUR/MWh,DK2,DK_2,day_ahead_price,value,2026-08-22T18:55:39Z
2026-08-22T18:49:31Z,2026-08-22T20:49:31+0200,32ee4a35-e929-46bf-8b2d-58a671b58f50,2026-08-17T19:30:00Z,2026-08-17T21:30:00+0200,210.009995,EUR/MWh,DK2,DK_2,day_ahead_price,value,2026-08-22T18:55:39Z
2026-08-22T18:49:31Z,2026-08-22T20:49:31+0200,32ee4a35-e929-46bf-8b2d-58a671b58f50,2026-08-17T19:45:00Z,2026-08-17T21:45:00+0200,197.51,EUR/MWh,DK2,DK_2,day_ahead_price,value,2026-08-22T18:55:39Z
2026-08-22T18:49:31Z,2026-08-22T20:49:31+0200,32ee4a35-e929-46bf-8b2d-58a671b58f50,2026-08-17T20:00:00Z,2026-08-17T22:00:00+0200,205.02,EUR/MWh,DK2,DK_2,day_ahead_price,value,2026-08-22T18:55:39Z
2026-08-22T18:49:31Z,2026-08-22T20:49:31+0200,32ee4a35-e929-46bf-8b2d-58a671b58f50,2026-08-17T20:15:00Z,2026-08-17T22:15:00+0200,199.21,EUR/MWh,DK2,DK_2,day_ahead_price,value,2026-08-22T18:55:39Z
2026-08-22T18:49:31Z,2026-08-22T20:49:31+0200,32ee4a35-e929-46bf-8b2d-58a671b58f50,2026-08-17T20:30:00Z,2026-08-17T22:30:00+0200,199.259995,EUR/MWh,DK2,DK_2,day_ahead_price,value,2026-08-22T18:55:39Z
2026-08-22T18:49:31Z,2026-08-22T20:49:31+0200,32ee4a35-e929-46bf-8b2d-58a671b58f50,2026-08-17T20:45:00Z,2026-08-17T22:45:00+0200,187.0,EUR/MWh,DK2,DK_2,day_ahead_price,value,2026-08-22T18:55:39Z
2026-08-22T18:49:31Z,2026-08-22T20:49:31+0200,32ee4a35-e929-46bf-8b2d-58a671b58f50,2026-08-17T21:00:00Z,2026-08-17T23:00:00+0200,192.770004,EUR/MWh,DK2,DK_2,day_ahead_price,value,2026-08-22T18:55:39Z
2026-08-22T18:49:31Z,2026-08-22T20:49:31+0200,32ee4a35-e929-46bf-8b2d-58a671b58f50,2026-08-17T21:15:00Z,2026-08-17T23:15:00+0200,184.41,EUR/MWh,DK2,DK_2,day_ahead_price,value,2026-08-22T18:55:39Z
2026-08-22T18:49:31Z,2026-08-22T20:49:31+0200,32ee4a35-e929-46bf-8b2d-58a671b58f50,2026-08-17T21:30:00Z,2026-08-17T23:30:00+0200,176.54,EUR/MWh,DK2,DK_2,day_ahead_price,value,2026-08-22T18:55:39Z
2026-08-22T18:49:31Z,2026-08-22T20:49:31+0200,32ee4a35-e929-46bf-8b2d-58a671b58f50,2026-08-17T21:45:00Z,2026-08-17T23:45:00+0200,166.009995,EUR/MWh,DK2,DK_2,day_ahead_price,value,2026-08-22T18:55:39Z
2026-08-22T18:49:31Z,2026-08-22T20:49:31+0200,32ee4a35-e929-46bf-8b2d-58a671b58f50,2026-08-17T22:00:00Z,2026-08-18T00:00:00+0200,187.940002,EUR/MWh,DK2,DK_2,day_ahead_price,value,2026-08-22T18:55:39Z
2026-08-22T18:49:31Z,2026-08-22T20:49:31+0200,32ee4a35-e929-46bf-8b2d-58a671b58f50,2026-08-17T22:15:00Z,2026-08-18T00:15:00+0200,179.990005,EUR/MWh,DK2,DK_2,day_ahead_price,value,2026-08-22T18:55:39Z
2026-08-22T18:49:31Z,2026-08-22T20:49:31+0200,32ee4a35-e929-46bf-8b2d-58a671b58f50,2026-08-17T22:30:00Z,2026-08-18T00:30:00+0200,167.820007,EUR/MWh,DK2,DK_2,day_ahead_price,value,2026-08-22T18:55:39Z
2026-08-22T18:49:31Z,2026-08-22T20:49:31+0200,32ee4a35-e929-46bf-8b2d-58a671b58f50,2026-08-17T22:45:00Z,2026-08-18T00:45:00+0200,158.57,EUR/MWh,DK2,DK_2,day_ahead_price,value,2026-08-22T18:55:39Z
2026-08-22T18:49:31Z,2026-08-22T20:49:31+0200,32ee4a35-e929-46bf-8b2d-58a671b58f50,2026-08-17T23:00:00Z,2026-08-18T01:00:00+0200,167.160004,EUR/MWh,DK2,DK_2,day_ahead_price,value,2026-08-22T18:55:39Z
2026-08-22T18:49:31Z,2026-08-22T20:49:31+0200,32ee4a35-e929-46bf-8b2d-58a671b58f50,2026-08-17T23:15:00Z,2026-08-18T01:15:00+0200,161.949997,EUR/MWh,DK2,DK_2,day_ahead_price,value,2026-08-22T18:55:39Z
2026-08-22T18:49:31Z,2026-08-22T20:49:31+0200,32ee4a35-e929-46bf-8b2d-58a671b58f50,2026-08-17T23:30:00Z,2026-08-18T01:30:00+0200,160.01,EUR/MWh,DK2,DK_2,day_ahead_price,value,2026-08-22T18:55:39Z
2026-08-22T18:49:31Z,2026-08-22T20:49:31+0200,32ee4a35-e929-46bf-8b2d-58a671b58f50,2026-08-17T23:45:00Z,2026-08-18T01:45:00+0200,150.080002,EUR/MWh,DK2,DK_2,day_ahead_price,value,2026-08-22T18:55:39Z
2026-08-22T18:49:31Z,2026-08-22T20:49:31+0200,32ee4a35-e929-46bf-8b2d-58a671b58f50,2026-08-18T00:00:00Z,2026-08-18T02:00:00+0200,152.56,EUR/MWh,DK2,DK_2,day_ahead_price,value,2026-08-22T18:55:39Z
2026-08-22T18:49:31Z,2026-08-22T20:49:31+0200,32ee4a35-e929-46bf-8b2d-58a671b58f50,2026-08-18T00:15:00Z,2026-08-18T02:15:00+0200,150.089996,EUR/MWh,DK2,DK_2,day_ahead_price,value,2026-08-22T18:55:39Z
2026-08-22T18:49:31Z,2026-08-22T20:49:31+0200,32ee4a35-e929-46bf-8b2d-58a671b58f50,2026-08-18T00:30:00Z,2026-08-18T02:30:00+0200,149.669998,EUR/MWh,DK2,DK_2,day_ahead_price,value,2026-08-22T18:55:39Z
2026-08-22T18:49:31Z,2026-08-22T20:49:31+0200,32ee4a35-e929-46bf-8b2d-58a671b58f50,2026-08-18T00:45:00Z,2026-08-18T02:45:00+0200,150.940002,EUR/MWh,DK2,DK_2,day_ahead_price,value,2026-08-22T18:55:39Z
2026-08-22T18:49:31Z,2026-08-22T20:49:31+0200,32ee4a35-e929-46bf-8b2d-58a671b58f50,2026-08-18T01:00:00Z,2026-08-18T03:00:00+0200,148.35,EUR/MWh,DK2,DK_2,day_ahead_price,value,2026-08-22T18:55:39Z
2026-08-22T18:49:31Z,2026-08-22T20:49:31+0200,32ee4a35-e929-46bf-8b2d-58a671b58f50,2026-08-18T01:15:00Z,2026-08-18T03:15:00+0200,146.990005,EUR/MWh,DK2,DK_2,day_ahead_price,value,2026-08-22T18:55:39Z
2026-08-22T18:49:31Z,2026-08-22T20:49:31+0200,32ee4a35-e929-46bf-8b2d-58a671b58f50,2026-08-18T01:30:00Z,2026-08-18T03:30:00+0200,148.190002,EUR/MWh,DK2,DK_2,day_ahead_price,value,2026-08-22T18:55:39Z
2026-08-22T18:49:31Z,2026-08-22T20:49:31+0200,32ee4a35-e929-46bf-8b2d-58a671b58f50,2026-08-18T01:45:00Z,2026-08-18T03:45:00+0200,150.089996,EUR/MWh,DK2,DK_2,day_ahead_price,value,2026-08-22T18:55:39Z
2026-08-22T18:49:31Z,2026-08-22T20:49:31+0200,32ee4a35-e929-46bf-8b2d-58a671b58f50,2026-08-18T02:00:00Z,2026-08-18T04:00:00+0200,148.410004,EUR/MWh,DK2,DK_2,day_ahead_price,value,2026-08-22T18:55:39Z
2026-08-22T18:49:31Z,2026-08-22T20:49:31+0200,32ee4a35-e929-46bf-8b2d-58a671b58f50,2026-08-18T02:15:00Z,2026-08-18T04:15:00+0200,147.06,EUR/MWh,DK2,DK_2,day_ahead_price,value,2026-08-22T18:55:39Z
2026-08-22T18:49:31Z,2026-08-22T20:49:31+0200,32ee4a35-e929-46bf-8b2d-58a671b58f50,2026-08-18T02:30:00Z,2026-08-18T04:30:00+0200,149.31,EUR/MWh,DK2,DK_2,day_ahead_price,value,2026-08-22T18:55:39Z
2026-08-22T18:49:31Z,2026-08-22T20:49:31+0200,32ee4a35-e929-46bf-8b2d-58a671b58f50,2026-08-18T02:45:00Z,2026-08-18T04:45:00+0200,152.139999,EUR/MWh,DK2,DK_2,day_ahead_price,value,2026-08-22T18:55:39Z
2026-08-22T18:49:31Z,2026-08-22T20:49:31+0200,32ee4a35-e929-46bf-8b2d-58a671b58f50,2026-08-18T03:00:00Z,2026-08-18T05:00:00+0200,147.13,EUR/MWh,DK2,DK_2,day_ahead_price,value,2026-08-22T18:55:39Z
2026-08-22T18:49:31Z,2026-08-22T20:49:31+0200,32ee4a35-e929-46bf-8b2d-58a671b58f50,2026-08-18T03:15:00Z,2026-08-18T05:15:00+0200,156.0,EUR/MWh,DK2,DK_2,day_ahead_price,value,2026-08-22T18:55:39Z
2026-08-22T18:49:31Z,2026-08-22T20:49:31+0200,32ee4a35-e929-46bf-8b2d-58a671b58f50,2026-08-18T03:30:00Z,2026-08-18T05:30:00+0200,159.460007,EUR/MWh,DK2,DK_2,day_ahead_price,value,2026-08-22T18:55:39Z
2026-08-22T18:49:31Z,2026-08-22T20:49:31+0200,32ee4a35-e929-46bf-8b2d-58a671b58f50,2026-08-18T03:45:00Z,2026-08-18T05:45:00+0200,172.710007,EUR/MWh,DK2,DK_2,day_ahead_price,value,2026-08-22T18:55:39Z
2026-08-22T18:49:31Z,2026-08-22T20:49:31+0200,32ee4a35-e929-46bf-8b2d-58a671b58f50,2026-08-18T04:00:00Z,2026-08-18T06:00:00+0200,173.270004,EUR/MWh,DK2,DK_2,day_ahead_price,value,2026-08-22T18:55:39Z
2026-08-22T18:49:31Z,2026-08-22T20:49:31+0200,32ee4a35-e929-46bf-8b2d-58a671b58f50,2026-08-18T04:15:00Z,2026-08-18T06:15:00+0200,188.690002,EUR/MWh,DK2,DK_2,day_ahead_price,value,2026-08-22T18:55:39Z
2026-08-22T18:49:31Z,2026-08-22T20:49:31+0200,32ee4a35-e929-46bf-8b2d-58a671b58f50,2026-08-18T04:30:00Z,2026-08-18T06:30:00+0200,189.309998,EUR/MWh,DK2,DK_2,day_ahead_price,value,2026-08-22T18:55:39Z
2026-08-22T18:49:31Z,2026-08-22T20:49:31+0200,32ee4a35-e929-46bf-8b2d-58a671b58f50,2026-08-18T04:45:00Z,2026-08-18T06:45:00+0200,193.300003,EUR/MWh,DK2,DK_2,day_ahead_price,value,2026-08-22T18:55:39Z
2026-08-22T18:49:31Z,2026-08-22T20:49:31+0200,32ee4a35-e929-46bf-8b2d-58a671b58f50,2026-08-18T05:00:00Z,2026-08-18T07:00:00+0200,197.110001,EUR/MWh,DK2,DK_2,day_ahead_price,value,2026-08-22T18:55:39Z
2026-08-22T18:49:31Z,2026-08-22T20:49:31+0200,32ee4a35-e929-46bf-8b2d-58a671b58f50,2026-08-18T05:15:00Z,2026-08-18T07:15:00+0200,192.979996,EUR/MWh,DK2,DK_2,day_ahead_price,value,2026-08-22T18:55:39Z
2026-08-22T18:49:31Z,2026-08-22T20:49:31+0200,32ee4a35-e929-46bf-8b2d-58a671b58f50,2026-08-18T05:30:00Z,2026-08-18T07:30:00+0200,188.880005,EUR/MWh,DK2,DK_2,day_ahead_price,value,2026-08-22T18:55:39Z
2026-08-22T18:49:31Z,2026-08-22T20:49:31+0200,32ee4a35-e929-46bf-8b2d-58a671b58f50,2026-08-18T05:45:00Z,2026-08-18T07:45:00+0200,188.23,EUR/MWh,DK2,DK_2,day_ahead_price,value,2026-08-22T18:55:39Z
2026-08-22T18:49:31Z,2026-08-22T20:49:31+0200,32ee4a35-e929-46bf-8b2d-58a671b58f50,2026-08-18T06:00:00Z,2026-08-18T08:00:00+0200,201.410004,EUR/MWh,DK2,DK_2,day_ahead_price,value,2026-08-22T18:55:39Z
2026-08-22T18:49:31Z,2026-08-22T20:49:31+0200,32ee4a35-e929-46bf-8b2d-58a671b58f50,2026-08-18T06:15:00Z,2026-08-18T08:15:00+0200,196.179993,EUR/MWh,DK2,DK_2,day_ahead_price,value,2026-08-22T18:55:39Z
2026-08-22T18:49:31Z,2026-08-22T20:49:31+0200,32ee4a35-e929-46bf-8b2d-58a671b58f50,2026-08-18T06:30:00Z,2026-08-18T08:30:00+0200,180.01,EUR/MWh,DK2,DK_2,day_ahead_price,value,2026-08-22T18:55:39Z
2026-08-22T18:49:31Z,2026-08-22T20:49:31+0200,32ee4a35-e929-46bf-8b2d-58a671b58f50,2026-08-18T06:45:00Z,2026-08-18T08:45:00+0200,165.08,EUR/MWh,DK2,DK_2,day_ahead_price,value,2026-08-22T18:55:39Z
2026-08-22T18:49:31Z,2026-08-22T20:49:31+0200,32ee4a35-e929-46bf-8b2d-58a671b58f50,2026-08-18T07:00:00Z,2026-08-18T09:00:00+0200,172.839996,EUR/MWh,DK2,DK_2,day_ahead_price,value,2026-08-22T18:55:39Z
2026-08-22T18:49:31Z,2026-08-22T20:49:31+0200,32ee4a35-e929-46bf-8b2d-58a671b58f50,2026-08-18T07:15:00Z,2026-08-18T09:15:00+0200,167.979996,EUR/MWh,DK2,DK_2,day_ahead_price,value,2026-08-22T18:55:39Z
2026-08-22T18:49:31Z,2026-08-22T20:49:31+0200,32ee4a35-e929-46bf-8b2d-58a671b58f50,2026-08-18T07:30:00Z,2026-08-18T09:30:00+0200,158.74,EUR/MWh,DK2,DK_2,day_ahead_price,value,2026-08-22T18:55:39Z
2026-08-22T18:49:31Z,2026-08-22T20:49:31+0200,32ee4a35-e929-46bf-8b2d-58a671b58f50,2026-08-18T07:45:00Z,2026-08-18T09:45:00+0200,149.929993,EUR/MWh,DK2,DK_2,day_ahead_price,value,2026-08-22T18:55:39Z
2026-08-22T18:49:31Z,2026-08-22T20:49:31+0200,32ee4a35-e929-46bf-8b2d-58a671b58f50,2026-08-18T08:00:00Z,2026-08-18T10:00:00+0200,160.58,EUR/MWh,DK2,DK_2,day_ahead_price,value,2026-08-22T18:55:39Z
2026-08-22T18:49:31Z,2026-08-22T20:49:31+0200,32ee4a35-e929-46bf-8b2d-58a671b58f50,2026-08-18T08:15:00Z,2026-08-18T10:15:00+0200,154.880005,EUR/MWh,DK2,DK_2,day_ahead_price,value,2026-08-22T18:55:39Z
2026-08-22T18:49:31Z,2026-08-22T20:49:31+0200,32ee4a35-e929-46bf-8b2d-58a671b58f50,2026-08-18T08:30:00Z,2026-08-18T10:30:00+0200,147.27,EUR/MWh,DK2,DK_2,day_ahead_price,value,2026-08-22T18:55:39Z
2026-08-22T18:49:31Z,2026-08-22T20:49:31+0200,32ee4a35-e929-46bf-8b2d-58a671b58f50,2026-08-18T08:45:00Z,2026-08-18T10:45:00+0200,146.4,EUR/MWh,DK2,DK_2,day_ahead_price,value,2026-08-22T18:55:39Z
2026-08-22T18:49:31Z,2026-08-22T20:49:31+0200,32ee4a35-e929-46bf-8b2d-58a671b58f50,2026-08-18T09:00:00Z,2026-08-18T11:00:00+0200,146.759995,EUR/MWh,DK2,DK_2,day_ahead_price,value,2026-08-22T18:55:39Z
2026-08-22T18:49:31Z,2026-08-22T20:49:31+0200,32ee4a35-e929-46bf-8b2d-58a671b58f50,2026-08-18T09:15:00Z,2026-08-18T11:15:00+0200,144.0,EUR/MWh,DK2,DK_2,day_ahead_price,value,2026-08-22T18:55:39Z
2026-08-22T18:49:31Z,2026-08-22T20:49:31+0200,32ee4a35-e929-46bf-8b2d-58a671b58f50,2026-08-18T09:30:00Z,2026-08-18T11:30:00+0200,141.490005,EUR/MWh,DK2,DK_2,day_ahead_price,value,2026-08-22T18:55:39Z
2026-08-22T18:49:31Z,2026-08-22T20:49:31+0200,32ee4a35-e929-46bf-8b2d-58a671b58f50,2026-08-18T09:45:00Z,2026-08-18T11:45:00+0200,146.160004,EUR/MWh,DK2,DK_2,day_ahead_price,value,2026-08-22T18:55:39Z
2026-08-22T18:49:31Z,2026-08-22T20:49:31+0200,32ee4a35-e929-46bf-8b2d-58a671b58f50,2026-08-18T10:00:00Z,2026-08-18T12:00:00+0200,136.770004,EUR/MWh,DK2,DK_2,day_ahead_price,value,2026-08-22T18:55:39Z
2026-08-22T18:49:31Z,2026-08-22T20:49:31+0200,32ee4a35-e929-46bf-8b2d-58a671b58f50,2026-08-18T10:15:00Z,2026-08-18T12:15:00+0200,137.029999,EUR/MWh,DK2,DK_2,day_ahead_price,value,2026-08-22T18:55:39Z
2026-08-22T18:49:31Z,2026-08-22T20:49:31+0200,32ee4a35-e929-46bf-8b2d-58a671b58f50,2026-08-18T10:30:00Z,2026-08-18T12:30:00+0200,136.410004,EUR/MWh,DK2,DK_2,day_ahead_price,value,2026-08-22T18:55:39Z
2026-08-22T18:49:31Z,2026-08-22T20:49:31+0200,32ee4a35-e929-46bf-8b2d-58a671b58f50,2026-08-18T10:45:00Z,2026-08-18T12:45:00+0200,134.889999,EUR/MWh,DK2,DK_2,day_ahead_price,value,2026-08-22T18:55:39Z
2026-08-22T18:49:31Z,2026-08-22T20:49:31+0200,32ee4a35-e929-46bf-8b2d-58a671b58f50,2026-08-18T11:00:00Z,2026-08-18T13:00:00+0200,133.16,EUR/MWh,DK2,DK_2,day_ahead_price,value,2026-08-22T18:55:39Z
2026-08-22T18:49:31Z,2026-08-22T20:49:31+0200,32ee4a35-e929-46bf-8b2d-58a671b58f50,2026-08-18T11:15:00Z,2026-08-18T13:15:00+0200,132.61,EUR/MWh,DK2,DK_2,day_ahead_price,value,2026-08-22T18:55:39Z
2026-08-22T18:49:31Z,2026-08-22T20:49:31+0200,32ee4a35-e929-46bf-8b2d-58a671b58f50,2026-08-18T11:30:00Z,2026-08-18T13:30:00+0200,131.050003,EUR/MWh,DK2,DK_2,day_ahead_price,value,2026-08-22T18:55:39Z
2026-08-22T18:49:31Z,2026-08-22T20:49:31+0200,32ee4a35-e929-46bf-8b2d-58a671b58f50,2026-08-18T11:45:00Z,2026-08-18T13:45:00+0200,127.62,EUR/MWh,DK2,DK_2,day_ahead_price,value,2026-08-22T18:55:39Z
2026-08-22T18:49:31Z,2026-08-22T20:49:31+0200,32ee4a35-e929-46bf-8b2d-58a671b58f50,2026-08-18T12:00:00Z,2026-08-18T14:00:00+0200,128.970001,EUR/MWh,DK2,DK_2,day_ahead_price,value,2026-08-22T18:55:39Z
2026-08-22T18:49:31Z,2026-08-22T20:49:31+0200,32ee4a35-e929-46bf-8b2d-58a671b58f50,2026-08-18T12:15:00Z,2026-08-18T14:15:00+0200,129.45,EUR/MWh,DK2,DK_2,day_ahead_price,value,2026-08-22T18:55:39Z
2026-08-22T18:49:31Z,2026-08-22T20:49:31+0200,32ee4a35-e929-46bf-8b2d-58a671b58f50,2026-08-18T12:30:00Z,2026-08-18T14:30:00+0200,131.149994,EUR/MWh,DK2,DK_2,day_ahead_price,value,2026-08-22T18:55:39Z
2026-08-22T18:49:31Z,2026-08-22T20:49:31+0200,32ee4a35-e929-46bf-8b2d-58a671b58f50,2026-08-18T12:45:00Z,2026-08-18T14:45:00+0200,128.800003,EUR/MWh,DK2,DK_2,day_ahead_price,value,2026-08-22T18:55:39Z
2026-08-22T18:49:31Z,2026-08-22T20:49:31+0200,32ee4a35-e929-46bf-8b2d-58a671b58f50,2026-08-18T13:00:00Z,2026-08-18T15:00:00+0200,131.289993,EUR/MWh,DK2,DK_2,day_ahead_price,value,2026-08-22T18:55:39Z
2026-08-22T18:49:31Z,2026-08-22T20:49:31+0200,32ee4a35-e929-46bf-8b2d-58a671b58f50,2026-08-18T13:15:00Z,2026-08-18T15:15:00+0200,130.1,EUR/MWh,DK2,DK_2,day_ahead_price,value,2026-08-22T18:55:39Z
2026-08-22T18:49:31Z,2026-08-22T20:49:31+0200,32ee4a35-e929-46bf-8b2d-58a671b58f50,2026-08-18T13:30:00Z,2026-08-18T15:30:00+0200,130.89,EUR/MWh,DK2,DK_2,day_ahead_price,value,2026-08-22T18:55:39Z
2026-08-22T18:49:31Z,2026-08-22T20:49:31+0200,32ee4a35-e929-46bf-8b2d-58a671b58f50,2026-08-18T13:45:00Z,2026-08-18T15:45:00+0200,134.660004,EUR/MWh,DK2,DK_2,day_ahead_price,value,2026-08-22T18:55:39Z
2026-08-22T18:49:31Z,2026-08-22T20:49:31+0200,32ee4a35-e929-46bf-8b2d-58a671b58f50,2026-08-18T14:00:00Z,2026-08-18T16:00:00+0200,131.600006,EUR/MWh,DK2,DK_2,day_ahead_price,value,2026-08-22T18:55:39Z
2026-08-22T18:49:31Z,2026-08-22T20:49:31+0200,32ee4a35-e929-46bf-8b2d-58a671b58f50,2026-08-18T14:15:00Z,2026-08-18T16:15:00+0200,134.63,EUR/MWh,DK2,DK_2,day_ahead_price,value,2026-08-22T18:55:39Z
2026-08-22T18:49:31Z,2026-08-22T20:49:31+0200,32ee4a35-e929-46bf-8b2d-58a671b58f50,2026-08-18T14:30:00Z,2026-08-18T16:30:00+0200,139.73,EUR/MWh,DK2,DK_2,day_ahead_price,value,2026-08-22T18:55:39Z
2026-08-22T18:49:31Z,2026-08-22T20:49:31+0200,32ee4a35-e929-46bf-8b2d-58a671b58f50,2026-08-18T14:45:00Z,2026-08-18T16:45:00+0200,149.31,EUR/MWh,DK2,DK_2,day_ahead_price,value,2026-08-22T18:55:39Z
2026-08-22T18:49:31Z,2026-08-22T20:49:31+0200,32ee4a35-e929-46bf-8b2d-58a671b58f50,2026-08-18T15:00:00Z,2026-08-18T17:00:00+0200,140.820007,EUR/MWh,DK2,DK_2,day_ahead_price,value,2026-08-22T18:55:39Z
2026-08-22T18:49:31Z,2026-08-22T20:49:31+0200,32ee4a35-e929-46bf-8b2d-58a671b58f50,2026-08-18T15:15:00Z,2026-08-18T17:15:00+0200,153.240005,EUR/MWh,DK2,DK_2,day_ahead_price,value,2026-08-22T18:55:39Z
2026-08-22T18:49:31Z,2026-08-22T20:49:31+0200,32ee4a35-e929-46bf-8b2d-58a671b58f50,2026-08-18T15:30:00Z,2026-08-18T17:30:00+0200,162.460007,EUR/MWh,DK2,DK_2,day_ahead_price,value,2026-08-22T18:55:39Z
2026-08-22T18:49:31Z,2026-08-22T20:49:31+0200,32ee4a35-e929-46bf-8b2d-58a671b58f50,2026-08-18T15:45:00Z,2026-08-18T17:45:00+0200,170.67,EUR/MWh,DK2,DK_2,day_ahead_price,value,2026-08-22T18:55:39Z
2026-08-22T18:49:31Z,2026-08-22T20:49:31+0200,32ee4a35-e929-46bf-8b2d-58a671b58f50,2026-08-18T16:00:00Z,2026-08-18T18:00:00+0200,159.139999,EUR/MWh,DK2,DK_2,day_ahead_price,value,2026-08-22T18:55:39Z
2026-08-22T18:49:31Z,2026-08-22T20:49:31+0200,32ee4a35-e929-46bf-8b2d-58a671b58f50,2026-08-18T16:15:00Z,2026-08-18T18:15:00+0200,175.02,EUR/MWh,DK2,DK_2,day_ahead_price,value,2026-08-22T18:55:39Z
2026-08-22T18:49:31Z,2026-08-22T20:49:31+0200,32ee4a35-e929-46bf-8b2d-58a671b58f50,2026-08-18T16:30:00Z,2026-08-18T18:30:00+0200,190.089996,EUR/MWh,DK2,DK_2,day_ahead_price,value,2026-08-22T18:55:39Z
2026-08-22T18:49:31Z,2026-08-22T20:49:31+0200,32ee4a35-e929-46bf-8b2d-58a671b58f50,2026-08-18T16:45:00Z,2026-08-18T18:45:00+0200,194.62,EUR/MWh,DK2,DK_2,day_ahead_price,value,2026-08-22T18:55:39Z
2026-08-22T18:49:31Z,2026-08-22T20:49:31+0200,32ee4a35-e929-46bf-8b2d-58a671b58f50,2026-08-18T17:00:00Z,2026-08-18T19:00:00+0200,207.59,EUR/MWh,DK2,DK_2,day_ahead_price,value,2026-08-22T18:55:39Z
2026-08-22T18:49:31Z,2026-08-22T20:49:31+0200,32ee4a35-e929-46bf-8b2d-58a671b58f50,2026-08-18T17:15:00Z,2026-08-18T19:15:00+0200,197.56,EUR/MWh,DK2,DK_2,day_ahead_price,value,2026-08-22T18:55:39Z
2026-08-22T18:49:31Z,2026-08-22T20:49:31+0200,32ee4a35-e929-46bf-8b2d-58a671b58f50,2026-08-18T17:30:00Z,2026-08-18T19:30:00+0200,204.080002,EUR/MWh,DK2,DK_2,day_ahead_price,value,2026-08-22T18:55:39Z
2026-08-22T18:49:31Z,2026-08-22T20:49:31+0200,32ee4a35-e929-46bf-8b2d-58a671b58f50,2026-08-18T17:45:00Z,2026-08-18T19:45:00+0200,207.8,EUR/MWh,DK2,DK_2,day_ahead_price,value,2026-08-22T18:55:39Z
2026-08-22T18:49:31Z,2026-08-22T20:49:31+0200,32ee4a35-e929-46bf-8b2d-58a671b58f50,2026-08-18T18:00:00Z,2026-08-18T20:00:00+0200,205.01,EUR/MWh,DK2,DK_2,day_ahead_price,value,2026-08-22T18:55:39Z
2026-08-22T18:49:31Z,2026-08-22T20:49:31+0200,32ee4a35-e929-46bf-8b2d-58a671b58f50,2026-08-18T18:15:00Z,2026-08-18T20:15:00+0200,206.4,EUR/MWh,DK2,DK_2,day_ahead_price,value,2026-08-22T18:55:39Z
2026-08-22T18:49:31Z,2026-08-22T20:49:31+0200,32ee4a35-e929-46bf-8b2d-58a671b58f50,2026-08-18T18:30:00Z,2026-08-18T20:30:00+0200,222.78,EUR/MWh,DK2,DK_2,day_ahead_price,value,2026-08-22T18:55:39Z
2026-08-22T18:49:31Z,2026-08-22T20:49:31+0200,32ee4a35-e929-46bf-8b2d-58a671b58f50,2026-08-18T18:45:00Z,2026-08-18T20:45:00+0200,203.95,EUR/MWh,DK2,DK_2,day_ahead_price,value,2026-08-22T18:55:39Z
2026-08-22T18:49:31Z,2026-08-22T20:49:31+0200,32ee4a35-e929-46bf-8b2d-58a671b58f50,2026-08-18T19:00:00Z,2026-08-18T21:00:00+0200,207.759995,EUR/MWh,DK2,DK_2,day_ahead_price,value,2026-08-22T18:55:39Z
2026-08-22T18:49:31Z,2026-08-22T20:49:31+0200,32ee4a35-e929-46bf-8b2d-58a671b58f50,2026-08-18T19:15:00Z,2026-08-18T21:15:00+0200,212.48,EUR/MWh,DK2,DK_2,day_ahead_price,value,2026-08-22T18:55:39Z
2026-08-22T18:49:31Z,2026-08-22T20:49:31+0200,32ee4a35-e929-46bf-8b2d-58a671b58f50,2026-08-18T19:30:00Z,2026-08-18T21:30:00+0200,199.65,EUR/MWh,DK2,DK_2,day_ahead_price,value,2026-08-22T18:55:39Z
2026-08-22T18:49:31Z,2026-08-22T20:49:31+0200,32ee4a35-e929-46bf-8b2d-58a671b58f50,2026-08-18T19:45:00Z,2026-08-18T21:45:00+0200,190.47,EUR/MWh,DK2,DK_2,day_ahead_price,value,2026-08-22T18:55:39Z
2026-08-22T18:49:31Z,2026-08-22T20:49:31+0200,32ee4a35-e929-46bf-8b2d-58a671b58f50,2026-08-18T20:00:00Z,2026-08-18T22:00:00+0200,200.259995,EUR/MWh,DK2,DK_2,day_ahead_price,value,2026-08-22T18:55:39Z
2026-08-22T18:49:31Z,2026-08-22T20:49:31+0200,32ee4a35-e929-46bf-8b2d-58a671b58f50,2026-08-18T20:15:00Z,2026-08-18T22:15:00+0200,195.02,EUR/MWh,DK2,DK_2,day_ahead_price,value,2026-08-22T18:55:39Z
2026-08-22T18:49:31Z,2026-08-22T20:49:31+0200,32ee4a35-e929-46bf-8b2d-58a671b58f50,2026-08-18T20:30:00Z,2026-08-18T22:30:00+0200,188.28,EUR/MWh,DK2,DK_2,day_ahead_price,value,2026-08-22T18:55:39Z
2026-08-22T18:49:31Z,2026-08-22T20:49:31+0200,32ee4a35-e929-46bf-8b2d-58a671b58f50,2026-08-18T20:45:00Z,2026-08-18T22:45:00+0200,182.08,EUR/MWh,DK2,DK_2,day_ahead_price,value,2026-08-22T18:55:39Z
2026-08-22T18:49:31Z,2026-08-22T20:49:31+0200,32ee4a35-e929-46bf-8b2d-58a671b58f50,2026-08-18T21:00:00Z,2026-08-18T23:00:00+0200,191.55,EUR/MWh,DK2,DK_2,day_ahead_price,value,2026-08-22T18:55:39Z
2026-08-22T18:49:31Z,2026-08-22T20:49:31+0200,32ee4a35-e929-46bf-8b2d-58a671b58f50,2026-08-18T21:15:00Z,2026-08-18T23:15:00+0200,177.910004,EUR/MWh,DK2,DK_2,day_ahead_price,value,2026-08-22T18:55:39Z
2026-08-22T18:49:31Z,2026-08-22T20:49:31+0200,32ee4a35-e929-46bf-8b2d-58a671b58f50,2026-08-18T21:30:00Z,2026-08-18T23:30:00+0200,174.259995,EUR/MWh,DK2,DK_2,day_ahead_price,value,2026-08-22T18:55:39Z
2026-08-22T18:49:31Z,2026-08-22T20:49:31+0200,32ee4a35-e929-46bf-8b2d-58a671b58f50,2026-08-18T21:45:00Z,2026-08-18T23:45:00+0200,164.91,EUR/MWh,DK2,DK_2,day_ahead_price,value,2026-08-22T18:55:39Z
2026-08-22T18:49:31Z,2026-08-22T20:49:31+0200,32ee4a35-e929-46bf-8b2d-58a671b58f50,2026-08-18T22:00:00Z,2026-08-19T00:00:00+0200,192.009995,EUR/MWh,DK2,DK_2,day_ahead_price,value,2026-08-22T18:55:39Z
2026-08-22T18:49:31Z,2026-08-22T20:49:31+0200,32ee4a35-e929-46bf-8b2d-58a671b58f50,2026-08-18T22:15:00Z,2026-08-19T00:15:00+0200,179.130005,EUR/MWh,DK2,DK_2,day_ahead_price,value,2026-08-22T18:55:39Z
2026-08-22T18:49:31Z,2026-08-22T20:49:31+0200,32ee4a35-e929-46bf-8b2d-58a671b58f50,2026-08-18T22:30:00Z,2026-08-19T00:30:00+0200,174.369995,EUR/MWh,DK2,DK_2,day_ahead_price,value,2026-08-22T18:55:39Z
2026-08-22T18:49:31Z,2026-08-22T20:49:31+0200,32ee4a35-e929-46bf-8b2d-58a671b58f50,2026-08-18T22:45:00Z,2026-08-19T00:45:00+0200,160.929993,EUR/MWh,DK2,DK_2,day_ahead_price,value,2026-08-22T18:55:39Z
2026-08-22T18:49:31Z,2026-08-22T20:49:31+0200,32ee4a35-e929-46bf-8b2d-58a671b58f50,2026-08-18T23:00:00Z,2026-08-19T01:00:00+0200,163.460007,EUR/MWh,DK2,DK_2,day_ahead_price,value,2026-08-22T18:55:39Z
2026-08-22T18:49:31Z,2026-08-22T20:49:31+0200,32ee4a35-e929-46bf-8b2d-58a671b58f50,2026-08-18T23:15:00Z,2026-08-19T01:15:00+0200,157.820007,EUR/MWh,DK2,DK_2,day_ahead_price,value,2026-08-22T18:55:39Z
2026-08-22T18:49:31Z,2026-08-22T20:49:31+0200,32ee4a35-e929-46bf-8b2d-58a671b58f50,2026-08-18T23:30:00Z,2026-08-19T01:30:00+0200,156.139999,EUR/MWh,DK2,DK_2,day_ahead_price,value,2026-08-22T18:55:39Z
2026-08-22T18:49:31Z,2026-08-22T20:49:31+0200,32ee4a35-e929-46bf-8b2d-58a671b58f50,2026-08-18T23:45:00Z,2026-08-19T01:45:00+0200,153.01,EUR/MWh,DK2,DK_2,day_ahead_price,value,2026-08-22T18:55:39Z
2026-08-22T18:49:31Z,2026-08-22T20:49:31+0200,32ee4a35-e929-46bf-8b2d-58a671b58f50,2026-08-19T00:00:00Z,2026-08-19T02:00:00+0200,156.889999,EUR/MWh,DK2,DK_2,day_ahead_price,value,2026-08-22T18:55:39Z
2026-08-22T18:49:31Z,2026-08-22T20:49:31+0200,32ee4a35-e929-46bf-8b2d-58a671b58f50,2026-08-19T00:15:00Z,2026-08-19T02:15:00+0200,151.899994,EUR/MWh,DK2,DK_2,day_ahead_price,value,2026-08-22T18:55:39Z
2026-08-22T18:49:31Z,2026-08-22T20:49:31+0200,32ee4a35-e929-46bf-8b2d-58a671b58f50,2026-08-19T00:30:00Z,2026-08-19T02:30:00+0200,150.4,EUR/MWh,DK2,DK_2,day_ahead_price,value,2026-08-22T18:55:39Z
2026-08-22T18:49:31Z,2026-08-22T20:49:31+0200,32ee4a35-e929-46bf-8b2d-58a671b58f50,2026-08-19T00:45:00Z,2026-08-19T02:45:00+0200,146.490005,EUR/MWh,DK2,DK_2,day_ahead_price,value,2026-08-22T18:55:39Z
2026-08-22T18:49:31Z,2026-08-22T20:49:31+0200,32ee4a35-e929-46bf-8b2d-58a671b58f50,2026-08-19T01:00:00Z,2026-08-19T03:00:00+0200,147.53,EUR/MWh,DK2,DK_2,day_ahead_price,value,2026-08-22T18:55:39Z
2026-08-22T18:49:31Z,2026-08-22T20:49:31+0200,32ee4a35-e929-46bf-8b2d-58a671b58f50,2026-08-19T01:15:00Z,2026-08-19T03:15:00+0200,147.94,EUR/MWh,DK2,DK_2,day_ahead_price,value,2026-08-22T18:55:39Z
2026-08-22T18:49:31Z,2026-08-22T20:49:31+0200,32ee4a35-e929-46bf-8b2d-58a671b58f50,2026-08-19T01:30:00Z,2026-08-19T03:30:00+0200,146.490005,EUR/MWh,DK2,DK_2,day_ahead_price,value,2026-08-22T18:55:39Z
2026-08-22T18:49:31Z,2026-08-22T20:49:31+0200,32ee4a35-e929-46bf-8b2d-58a671b58f50,2026-08-19T01:45:00Z,2026-08-19T03:45:00+0200,147.270004,EUR/MWh,DK2,DK_2,day_ahead_price,value,2026-08-22T18:55:39Z
2026-08-22T18:49:31Z,2026-08-22T20:49:31+0200,32ee4a35-e929-46bf-8b2d-58a671b58f50,2026-08-19T02:00:00Z,2026-08-19T04:00:00+0200,148.080002,EUR/MWh,DK2,DK_2,day_ahead_price,value,2026-08-22T18:55:39Z
2026-08-22T18:49:31Z,2026-08-22T20:49:31+0200,32ee4a35-e929-46bf-8b2d-58a671b58f50,2026-08-19T02:15:00Z,2026-08-19T04:15:00+0200,148.820007,EUR/MWh,DK2,DK_2,day_ahead_price,value,2026-08-22T18:55:39Z
2026-08-22T18:49:31Z,2026-08-22T20:49:31+0200,32ee4a35-e929-46bf-8b2d-58a671b58f50,2026-08-19T02:30:00Z,2026-08-19T04:30:00+0200,150.009995,EUR/MWh,DK2,DK_2,day_ahead_price,value,2026-08-22T18:55:39Z
2026-08-22T18:49:31Z,2026-08-22T20:49:31+0200,32ee4a35-e929-46bf-8b2d-58a671b58f50,2026-08-19T02:45:00Z,2026-08-19T04:45:00+0200,149.09,EUR/MWh,DK2,DK_2,day_ahead_price,value,2026-08-22T18:55:39Z
2026-08-22T18:49:31Z,2026-08-22T20:49:31+0200,32ee4a35-e929-46bf-8b2d-58a671b58f50,2026-08-19T03:00:00Z,2026-08-19T05:00:00+0200,155.04,EUR/MWh,DK2,DK_2,day_ahead_price,value,2026-08-22T18:55:39Z
2026-08-22T18:49:31Z,2026-08-22T20:49:31+0200,32ee4a35-e929-46bf-8b2d-58a671b58f50,2026-08-19T03:15:00Z,2026-08-19T05:15:00+0200,155.32,EUR/MWh,DK2,DK_2,day_ahead_price,value,2026-08-22T18:55:39Z
2026-08-22T18:49:31Z,2026-08-22T20:49:31+0200,32ee4a35-e929-46bf-8b2d-58a671b58f50,2026-08-19T03:30:00Z,2026-08-19T05:30:00+0200,161.309998,EUR/MWh,DK2,DK_2,day_ahead_price,value,2026-08-22T18:55:39Z
2026-08-22T18:49:31Z,2026-08-22T20:49:31+0200,32ee4a35-e929-46bf-8b2d-58a671b58f50,2026-08-19T03:45:00Z,2026-08-19T05:45:00+0200,174.830002,EUR/MWh,DK2,DK_2,day_ahead_price,value,2026-08-22T18:55:39Z
2026-08-22T18:49:31Z,2026-08-22T20:49:31+0200,32ee4a35-e929-46bf-8b2d-58a671b58f50,2026-08-19T04:00:00Z,2026-08-19T06:00:00+0200,172.82,EUR/MWh,DK2,DK_2,day_ahead_price,value,2026-08-22T18:55:39Z
2026-08-22T18:49:31Z,2026-08-22T20:49:31+0200,32ee4a35-e929-46bf-8b2d-58a671b58f50,2026-08-19T04:15:00Z,2026-08-19T06:15:00+0200,184.77,EUR/MWh,DK2,DK_2,day_ahead_price,value,2026-08-22T18:55:39Z
2026-08-22T18:49:31Z,2026-08-22T20:49:31+0200,32ee4a35-e929-46bf-8b2d-58a671b58f50,2026-08-19T04:30:00Z,2026-08-19T06:30:00+0200,188.94,EUR/MWh,DK2,DK_2,day_ahead_price,value,2026-08-22T18:55:39Z
2026-08-22T18:49:31Z,2026-08-22T20:49:31+0200,32ee4a35-e929-46bf-8b2d-58a671b58f50,2026-08-19T04:45:00Z,2026-08-19T06:45:00+0200,190.199997,EUR/MWh,DK2,DK_2,day_ahead_price,value,2026-08-22T18:55:39Z
2026-08-22T18:49:31Z,2026-08-22T20:49:31+0200,32ee4a35-e929-46bf-8b2d-58a671b58f50,2026-08-19T05:00:00Z,2026-08-19T07:00:00+0200,199.080002,EUR/MWh,DK2,DK_2,day_ahead_price,value,2026-08-22T18:55:39Z
2026-08-22T18:49:31Z,2026-08-22T20:49:31+0200,32ee4a35-e929-46bf-8b2d-58a671b58f50,2026-08-19T05:15:00Z,2026-08-19T07:15:00+0200,192.869995,EUR/MWh,DK2,DK_2,day_ahead_price,value,2026-08-22T18:55:39Z
2026-08-22T18:49:31Z,2026-08-22T20:49:31+0200,32ee4a35-e929-46bf-8b2d-58a671b58f50,2026-08-19T05:30:00Z,2026-08-19T07:30:00+0200,191.74,EUR/MWh,DK2,DK_2,day_ahead_price,value,2026-08-22T18:55:39Z
2026-08-22T18:49:31Z,2026-08-22T20:49:31+0200,32ee4a35-e929-46bf-8b2d-58a671b58f50,2026-08-19T05:45:00Z,2026-08-19T07:45:00+0200,188.96,EUR/MWh,DK2,DK_2,day_ahead_price,value,2026-08-22T18:55:39Z
2026-08-22T18:49:31Z,2026-08-22T20:49:31+0200,32ee4a35-e929-46bf-8b2d-58a671b58f50,2026-08-19T06:00:00Z,2026-08-19T08:00:00+0200,202.01,EUR/MWh,DK2,DK_2,day_ahead_price,value,2026-08-22T18:55:39Z
2026-08-22T18:49:31Z,2026-08-22T20:49:31+0200,32ee4a35-e929-46bf-8b2d-58a671b58f50,2026-08-19T06:15:00Z,2026-08-19T08:15:00+0200,194.139999,EUR/MWh,DK2,DK_2,day_ahead_price,value,2026-08-22T18:55:39Z
2026-08-22T18:49:31Z,2026-08-22T20:49:31+0200,32ee4a35-e929-46bf-8b2d-58a671b58f50,2026-08-19T06:30:00Z,2026-08-19T08:30:00+0200,187.0,EUR/MWh,DK2,DK_2,day_ahead_price,value,2026-08-22T18:55:39Z
2026-08-22T18:49:31Z,2026-08-22T20:49:31+0200,32ee4a35-e929-46bf-8b2d-58a671b58f50,2026-08-19T06:45:00Z,2026-08-19T08:45:00+0200,180.34,EUR/MWh,DK2,DK_2,day_ahead_price,value,2026-08-22T18:55:39Z
2026-08-22T18:49:31Z,2026-08-22T20:49:31+0200,32ee4a35-e929-46bf-8b2d-58a671b58f50,2026-08-19T07:00:00Z,2026-08-19T09:00:00+0200,200.009995,EUR/MWh,DK2,DK_2,day_ahead_price,value,2026-08-22T18:55:39Z
2026-08-22T18:49:31Z,2026-08-22T20:49:31+0200,32ee4a35-e929-46bf-8b2d-58a671b58f50,2026-08-19T07:15:00Z,2026-08-19T09:15:00+0200,179.919998,EUR/MWh,DK2,DK_2,day_ahead_price,value,2026-08-22T18:55:39Z
2026-08-22T18:49:31Z,2026-08-22T20:49:31+0200,32ee4a35-e929-46bf-8b2d-58a671b58f50,2026-08-19T07:30:00Z,2026-08-19T09:30:00+0200,155.0,EUR/MWh,DK2,DK_2,day_ahead_price,value,2026-08-22T18:55:39Z
2026-08-22T18:49:31Z,2026-08-22T20:49:31+0200,32ee4a35-e929-46bf-8b2d-58a671b58f50,2026-08-19T07:45:00Z,2026-08-19T09:45:00+0200,146.41,EUR/MWh,DK2,DK_2,day_ahead_price,value,2026-08-22T18:55:39Z
2026-08-22T18:49:31Z,2026-08-22T20:49:31+0200,32ee4a35-e929-46bf-8b2d-58a671b58f50,2026-08-19T08:00:00Z,2026-08-19T10:00:00+0200,160.36,EUR/MWh,DK2,DK_2,day_ahead_price,value,2026-08-22T18:55:39Z
2026-08-22T18:49:31Z,2026-08-22T20:49:31+0200,32ee4a35-e929-46bf-8b2d-58a671b58f50,2026-08-19T08:15:00Z,2026-08-19T10:15:00+0200,154.899994,EUR/MWh,DK2,DK_2,day_ahead_price,value,2026-08-22T18:55:39Z
2026-08-22T18:49:31Z,2026-08-22T20:49:31+0200,32ee4a35-e929-46bf-8b2d-58a671b58f50,2026-08-19T08:30:00Z,2026-08-19T10:30:00+0200,146.43,EUR/MWh,DK2,DK_2,day_ahead_price,value,2026-08-22T18:55:39Z
2026-08-22T18:49:31Z,2026-08-22T20:49:31+0200,32ee4a35-e929-46bf-8b2d-58a671b58f50,2026-08-19T08:45:00Z,2026-08-19T10:45:00+0200,146.41,EUR/MWh,DK2,DK_2,day_ahead_price,value,2026-08-22T18:55:39Z
2026-08-22T18:49:31Z,2026-08-22T20:49:31+0200,32ee4a35-e929-46bf-8b2d-58a671b58f50,2026-08-19T09:00:00Z,2026-08-19T11:00:00+0200,145.69,EUR/MWh,DK2,DK_2,day_ahead_price,value,2026-08-22T18:55:39Z
2026-08-22T18:49:31Z,2026-08-22T20:49:31+0200,32ee4a35-e929-46bf-8b2d-58a671b58f50,2026-08-19T09:15:00Z,2026-08-19T11:15:00+0200,146.02,EUR/MWh,DK2,DK_2,day_ahead_price,value,2026-08-22T18:55:39Z
2026-08-22T18:49:31Z,2026-08-22T20:49:31+0200,32ee4a35-e929-46bf-8b2d-58a671b58f50,2026-08-19T09:30:00Z,2026-08-19T11:30:00+0200,142.130005,EUR/MWh,DK2,DK_2,day_ahead_price,value,2026-08-22T18:55:39Z
2026-08-22T18:49:31Z,2026-08-22T20:49:31+0200,32ee4a35-e929-46bf-8b2d-58a671b58f50,2026-08-19T09:45:00Z,2026-08-19T11:45:00+0200,138.0,EUR/MWh,DK2,DK_2,day_ahead_price,value,2026-08-22T18:55:39Z
2026-08-22T18:49:31Z,2026-08-22T20:49:31+0200,32ee4a35-e929-46bf-8b2d-58a671b58f50,2026-08-19T10:00:00Z,2026-08-19T12:00:00+0200,143.33,EUR/MWh,DK2,DK_2,day_ahead_price,value,2026-08-22T18:55:39Z
2026-08-22T18:49:31Z,2026-08-22T20:49:31+0200,32ee4a35-e929-46bf-8b2d-58a671b58f50,2026-08-19T10:15:00Z,2026-08-19T12:15:00+0200,135.53,EUR/MWh,DK2,DK_2,day_ahead_price,value,2026-08-22T18:55:39Z
2026-08-22T18:49:31Z,2026-08-22T20:49:31+0200,32ee4a35-e929-46bf-8b2d-58a671b58f50,2026-08-19T10:30:00Z,2026-08-19T12:30:00+0200,134.6,EUR/MWh,DK2,DK_2,day_ahead_price,value,2026-08-22T18:55:39Z
2026-08-22T18:49:31Z,2026-08-22T20:49:31+0200,32ee4a35-e929-46bf-8b2d-58a671b58f50,2026-08-19T10:45:00Z,2026-08-19T12:45:00+0200,130.95,EUR/MWh,DK2,DK_2,day_ahead_price,value,2026-08-22T18:55:39Z
2026-08-22T18:49:31Z,2026-08-22T20:49:31+0200,32ee4a35-e929-46bf-8b2d-58a671b58f50,2026-08-19T11:00:00Z,2026-08-19T13:00:00+0200,133.119995,EUR/MWh,DK2,DK_2,day_ahead_price,value,2026-08-22T18:55:39Z
2026-08-22T18:49:31Z,2026-08-22T20:49:31+0200,32ee4a35-e929-46bf-8b2d-58a671b58f50,2026-08-19T11:15:00Z,2026-08-19T13:15:00+0200,129.460007,EUR/MWh,DK2,DK_2,day_ahead_price,value,2026-08-22T18:55:39Z
2026-08-22T18:49:31Z,2026-08-22T20:49:31+0200,32ee4a35-e929-46bf-8b2d-58a671b58f50,2026-08-19T11:30:00Z,2026-08-19T13:30:00+0200,126.68,EUR/MWh,DK2,DK_2,day_ahead_price,value,2026-08-22T18:55:39Z
2026-08-22T18:49:31Z,2026-08-22T20:49:31+0200,32ee4a35-e929-46bf-8b2d-58a671b58f50,2026-08-19T11:45:00Z,2026-08-19T13:45:00+0200,123.85,EUR/MWh,DK2,DK_2,day_ahead_price,value,2026-08-22T18:55:39Z
2026-08-22T18:49:31Z,2026-08-22T20:49:31+0200,32ee4a35-e929-46bf-8b2d-58a671b58f50,2026-08-19T12:00:00Z,2026-08-19T14:00:00+0200,128.119995,EUR/MWh,DK2,DK_2,day_ahead_price,value,2026-08-22T18:55:39Z
2026-08-22T18:49:31Z,2026-08-22T20:49:31+0200,32ee4a35-e929-46bf-8b2d-58a671b58f50,2026-08-19T12:15:00Z,2026-08-19T14:15:00+0200,129.309998,EUR/MWh,DK2,DK_2,day_ahead_price,value,2026-08-22T18:55:39Z
2026-08-22T18:49:31Z,2026-08-22T20:49:31+0200,32ee4a35-e929-46bf-8b2d-58a671b58f50,2026-08-19T12:30:00Z,2026-08-19T14:30:00+0200,126.77,EUR/MWh,DK2,DK_2,day_ahead_price,value,2026-08-22T18:55:39Z
2026-08-22T18:49:31Z,2026-08-22T20:49:31+0200,32ee4a35-e929-46bf-8b2d-58a671b58f50,2026-08-19T12:45:00Z,2026-08-19T14:45:00+0200,126.980003,EUR/MWh,DK2,DK_2,day_ahead_price,value,2026-08-22T18:55:39Z
2026-08-22T18:49:31Z,2026-08-22T20:49:31+0200,32ee4a35-e929-46bf-8b2d-58a671b58f50,2026-08-19T13:00:00Z,2026-08-19T15:00:00+0200,125.480003,EUR/MWh,DK2,DK_2,day_ahead_price,value,2026-08-22T18:55:39Z
2026-08-22T18:49:31Z,2026-08-22T20:49:31+0200,32ee4a35-e929-46bf-8b2d-58a671b58f50,2026-08-19T13:15:00Z,2026-08-19T15:15:00+0200,129.419998,EUR/MWh,DK2,DK_2,day_ahead_price,value,2026-08-22T18:55:39Z
2026-08-22T18:49:31Z,2026-08-22T20:49:31+0200,32ee4a35-e929-46bf-8b2d-58a671b58f50,2026-08-19T13:30:00Z,2026-08-19T15:30:00+0200,132.970001,EUR/MWh,DK2,DK_2,day_ahead_price,value,2026-08-22T18:55:39Z
2026-08-22T18:49:31Z,2026-08-22T20:49:31+0200,32ee4a35-e929-46bf-8b2d-58a671b58f50,2026-08-19T13:45:00Z,2026-08-19T15:45:00+0200,136.240005,EUR/MWh,DK2,DK_2,day_ahead_price,value,2026-08-22T18:55:39Z
2026-08-22T18:49:31Z,2026-08-22T20:49:31+0200,32ee4a35-e929-46bf-8b2d-58a671b58f50,2026-08-19T14:00:00Z,2026-08-19T16:00:00+0200,130.07,EUR/MWh,DK2,DK_2,day_ahead_price,value,2026-08-22T18:55:39Z
2026-08-22T18:49:31Z,2026-08-22T20:49:31+0200,32ee4a35-e929-46bf-8b2d-58a671b58f50,2026-08-19T14:15:00Z,2026-08-19T16:15:00+0200,134.93,EUR/MWh,DK2,DK_2,day_ahead_price,value,2026-08-22T18:55:39Z
2026-08-22T18:49:31Z,2026-08-22T20:49:31+0200,32ee4a35-e929-46bf-8b2d-58a671b58f50,2026-08-19T14:30:00Z,2026-08-19T16:30:00+0200,141.01,EUR/MWh,DK2,DK_2,day_ahead_price,value,2026-08-22T18:55:39Z
2026-08-22T18:49:31Z,2026-08-22T20:49:31+0200,32ee4a35-e929-46bf-8b2d-58a671b58f50,2026-08-19T14:45:00Z,2026-08-19T16:45:00+0200,148.509995,EUR/MWh,DK2,DK_2,day_ahead_price,value,2026-08-22T18:55:39Z
2026-08-22T18:49:31Z,2026-08-22T20:49:31+0200,32ee4a35-e929-46bf-8b2d-58a671b58f50,2026-08-19T15:00:00Z,2026-08-19T17:00:00+0200,138.18,EUR/MWh,DK2,DK_2,day_ahead_price,value,2026-08-22T18:55:39Z
2026-08-22T18:49:31Z,2026-08-22T20:49:31+0200,32ee4a35-e929-46bf-8b2d-58a671b58f50,2026-08-19T15:15:00Z,2026-08-19T17:15:00+0200,146.58,EUR/MWh,DK2,DK_2,day_ahead_price,value,2026-08-22T18:55:39Z
2026-08-22T18:49:31Z,2026-08-22T20:49:31+0200,32ee4a35-e929-46bf-8b2d-58a671b58f50,2026-08-19T15:30:00Z,2026-08-19T17:30:00+0200,157.25,EUR/MWh,DK2,DK_2,day_ahead_price,value,2026-08-22T18:55:39Z
2026-08-22T18:49:31Z,2026-08-22T20:49:31+0200,32ee4a35-e929-46bf-8b2d-58a671b58f50,2026-08-19T15:45:00Z,2026-08-19T17:45:00+0200,174.1,EUR/MWh,DK2,DK_2,day_ahead_price,value,2026-08-22T18:55:39Z
2026-08-22T18:49:31Z,2026-08-22T20:49:31+0200,32ee4a35-e929-46bf-8b2d-58a671b58f50,2026-08-19T16:00:00Z,2026-08-19T18:00:00+0200,164.779999,EUR/MWh,DK2,DK_2,day_ahead_price,value,2026-08-22T18:55:39Z
2026-08-22T18:49:31Z,2026-08-22T20:49:31+0200,32ee4a35-e929-46bf-8b2d-58a671b58f50,2026-08-19T16:15:00Z,2026-08-19T18:15:00+0200,179.789993,EUR/MWh,DK2,DK_2,day_ahead_price,value,2026-08-22T18:55:39Z
2026-08-22T18:49:31Z,2026-08-22T20:49:31+0200,32ee4a35-e929-46bf-8b2d-58a671b58f50,2026-08-19T16:30:00Z,2026-08-19T18:30:00+0200,192.070007,EUR/MWh,DK2,DK_2,day_ahead_price,value,2026-08-22T18:55:39Z
2026-08-22T18:49:31Z,2026-08-22T20:49:31+0200,32ee4a35-e929-46bf-8b2d-58a671b58f50,2026-08-19T16:45:00Z,2026-08-19T18:45:00+0200,197.54,EUR/MWh,DK2,DK_2,day_ahead_price,value,2026-08-22T18:55:39Z
2026-08-22T18:49:31Z,2026-08-22T20:49:31+0200,32ee4a35-e929-46bf-8b2d-58a671b58f50,2026-08-19T17:00:00Z,2026-08-19T19:00:00+0200,191.24,EUR/MWh,DK2,DK_2,day_ahead_price,value,2026-08-22T18:55:39Z
2026-08-22T18:49:31Z,2026-08-22T20:49:31+0200,32ee4a35-e929-46bf-8b2d-58a671b58f50,2026-08-19T17:15:00Z,2026-08-19T19:15:00+0200,203.110001,EUR/MWh,DK2,DK_2,day_ahead_price,value,2026-08-22T18:55:39Z
2026-08-22T18:49:31Z,2026-08-22T20:49:31+0200,32ee4a35-e929-46bf-8b2d-58a671b58f50,2026-08-19T17:30:00Z,2026-08-19T19:30:00+0200,216.02,EUR/MWh,DK2,DK_2,day_ahead_price,value,2026-08-22T18:55:39Z
2026-08-22T18:49:31Z,2026-08-22T20:49:31+0200,32ee4a35-e929-46bf-8b2d-58a671b58f50,2026-08-19T17:45:00Z,2026-08-19T19:45:00+0200,221.81,EUR/MWh,DK2,DK_2,day_ahead_price,value,2026-08-22T18:55:39Z
2026-08-22T18:49:31Z,2026-08-22T20:49:31+0200,32ee4a35-e929-46bf-8b2d-58a671b58f50,2026-08-19T18:00:00Z,2026-08-19T20:00:00+0200,199.080002,EUR/MWh,DK2,DK_2,day_ahead_price,value,2026-08-22T18:55:39Z
2026-08-22T18:49:31Z,2026-08-22T20:49:31+0200,32ee4a35-e929-46bf-8b2d-58a671b58f50,2026-08-19T18:15:00Z,2026-08-19T20:15:00+0200,208.83,EUR/MWh,DK2,DK_2,day_ahead_price,value,2026-08-22T18:55:39Z
2026-08-22T18:49:31Z,2026-08-22T20:49:31+0200,32ee4a35-e929-46bf-8b2d-58a671b58f50,2026-08-19T18:30:00Z,2026-08-19T20:30:00+0200,212.62,EUR/MWh,DK2,DK_2,day_ahead_price,value,2026-08-22T18:55:39Z
2026-08-22T18:49:31Z,2026-08-22T20:49:31+0200,32ee4a35-e929-46bf-8b2d-58a671b58f50,2026-08-19T18:45:00Z,2026-08-19T20:45:00+0200,216.759995,EUR/MWh,DK2,DK_2,day_ahead_price,value,2026-08-22T18:55:39Z
2026-08-22T18:49:31Z,2026-08-22T20:49:31+0200,32ee4a35-e929-46bf-8b2d-58a671b58f50,2026-08-19T19:00:00Z,2026-08-19T21:00:00+0200,212.88,EUR/MWh,DK2,DK_2,day_ahead_price,value,2026-08-22T18:55:39Z
2026-08-22T18:49:31Z,2026-08-22T20:49:31+0200,32ee4a35-e929-46bf-8b2d-58a671b58f50,2026-08-19T19:15:00Z,2026-08-19T21:15:00+0200,211.119995,EUR/MWh,DK2,DK_2,day_ahead_price,value,2026-08-22T18:55:39Z
2026-08-22T18:49:31Z,2026-08-22T20:49:31+0200,32ee4a35-e929-46bf-8b2d-58a671b58f50,2026-08-19T19:30:00Z,2026-08-19T21:30:00+0200,203.55,EUR/MWh,DK2,DK_2,day_ahead_price,value,2026-08-22T18:55:39Z
2026-08-22T18:49:31Z,2026-08-22T20:49:31+0200,32ee4a35-e929-46bf-8b2d-58a671b58f50,2026-08-19T19:45:00Z,2026-08-19T21:45:00+0200,197.0,EUR/MWh,DK2,DK_2,day_ahead_price,value,2026-08-22T18:55:39Z
2026-08-22T18:49:31Z,2026-08-22T20:49:31+0200,32ee4a35-e929-46bf-8b2d-58a671b58f50,2026-08-19T20:00:00Z,2026-08-19T22:00:00+0200,206.9,EUR/MWh,DK2,DK_2,day_ahead_price,value,2026-08-22T18:55:39Z
2026-08-22T18:49:31Z,2026-08-22T20:49:31+0200,32ee4a35-e929-46bf-8b2d-58a671b58f50,2026-08-19T20:15:00Z,2026-08-19T22:15:00+0200,201.18,EUR/MWh,DK2,DK_2,day_ahead_price,value,2026-08-22T18:55:39Z
2026-08-22T18:49:31Z,2026-08-22T20:49:31+0200,32ee4a35-e929-46bf-8b2d-58a671b58f50,2026-08-19T20:30:00Z,2026-08-19T22:30:00+0200,198.0,EUR/MWh,DK2,DK_2,day_ahead_price,value,2026-08-22T18:55:39Z
2026-08-22T18:49:31Z,2026-08-22T20:49:31+0200,32ee4a35-e929-46bf-8b2d-58a671b58f50,2026-08-19T20:45:00Z,2026-08-19T22:45:00+0200,190.320007,EUR/MWh,DK2,DK_2,day_ahead_price,value,2026-08-22T18:55:39Z
2026-08-22T18:49:31Z,2026-08-22T20:49:31+0200,32ee4a35-e929-46bf-8b2d-58a671b58f50,2026-08-19T21:00:00Z,2026-08-19T23:00:00+0200,196.0,EUR/MWh,DK2,DK_2,day_ahead_price,value,2026-08-22T18:55:39Z
2026-08-22T18:49:31Z,2026-08-22T20:49:31+0200,32ee4a35-e929-46bf-8b2d-58a671b58f50,2026-08-19T21:15:00Z,2026-08-19T23:15:00+0200,190.100006,EUR/MWh,DK2,DK_2,day_ahead_price,value,2026-08-22T18:55:39Z
2026-08-22T18:49:31Z,2026-08-22T20:49:31+0200,32ee4a35-e929-46bf-8b2d-58a671b58f50,2026-08-19T21:30:00Z,2026-08-19T23:30:00+0200,185.0,EUR/MWh,DK2,DK_2,day_ahead_price,value,2026-08-22T18:55:39Z
2026-08-22T18:49:31Z,2026-08-22T20:49:31+0200,32ee4a35-e929-46bf-8b2d-58a671b58f50,2026-08-19T21:45:00Z,2026-08-19T23:45:00+0200,175.089996,EUR/MWh,DK2,DK_2,day_ahead_price,value,2026-08-22T18:55:39Z
2026-08-22T18:49:31Z,2026-08-22T20:49:31+0200,32ee4a35-e929-46bf-8b2d-58a671b58f50,2026-08-19T22:00:00Z,2026-08-20T00:00:00+0200,185.0,EUR/MWh,DK2,DK_2,day_ahead_price,value,2026-08-22T18:55:39Z
2026-08-22T18:49:31Z,2026-08-22T20:49:31+0200,32ee4a35-e929-46bf-8b2d-58a671b58f50,2026-08-19T22:15:00Z,2026-08-20T00:15:00+0200,178.23,EUR/MWh,DK2,DK_2,day_ahead_price,value,2026-08-22T18:55:39Z
2026-08-22T18:49:31Z,2026-08-22T20:49:31+0200,32ee4a35-e929-46bf-8b2d-58a671b58f50,2026-08-19T22:30:00Z,2026-08-20T00:30:00+0200,168.63,EUR/MWh,DK2,DK_2,day_ahead_price,value,2026-08-22T18:55:39Z
2026-08-22T18:49:31Z,2026-08-22T20:49:31+0200,32ee4a35-e929-46bf-8b2d-58a671b58f50,2026-08-19T22:45:00Z,2026-08-20T00:45:00+0200,159.01,EUR/MWh,DK2,DK_2,day_ahead_price,value,2026-08-22T18:55:39Z
2026-08-22T18:49:31Z,2026-08-22T20:49:31+0200,32ee4a35-e929-46bf-8b2d-58a671b58f50,2026-08-19T23:00:00Z,2026-08-20T01:00:00+0200,166.12,EUR/MWh,DK2,DK_2,day_ahead_price,value,2026-08-22T18:55:39Z
2026-08-22T18:49:31Z,2026-08-22T20:49:31+0200,32ee4a35-e929-46bf-8b2d-58a671b58f50,2026-08-19T23:15:00Z,2026-08-20T01:15:00+0200,162.91,EUR/MWh,DK2,DK_2,day_ahead_price,value,2026-08-22T18:55:39Z
2026-08-22T18:49:31Z,2026-08-22T20:49:31+0200,32ee4a35-e929-46bf-8b2d-58a671b58f50,2026-08-19T23:30:00Z,2026-08-20T01:30:00+0200,162.12,EUR/MWh,DK2,DK_2,day_ahead_price,value,2026-08-22T18:55:39Z
2026-08-22T18:49:31Z,2026-08-22T20:49:31+0200,32ee4a35-e929-46bf-8b2d-58a671b58f50,2026-08-19T23:45:00Z,2026-08-20T01:45:00+0200,158.28,EUR/MWh,DK2,DK_2,day_ahead_price,value,2026-08-22T18:55:39Z
2026-08-22T18:49:31Z,2026-08-22T20:49:31+0200,32ee4a35-e929-46bf-8b2d-58a671b58f50,2026-08-20T00:00:00Z,2026-08-20T02:00:00+0200,158.91,EUR/MWh,DK2,DK_2,day_ahead_price,value,2026-08-22T18:55:39Z
2026-08-22T18:49:31Z,2026-08-22T20:49:31+0200,32ee4a35-e929-46bf-8b2d-58a671b58f50,2026-08-20T00:15:00Z,2026-08-20T02:15:00+0200,155.0,EUR/MWh,DK2,DK_2,day_ahead_price,value,2026-08-22T18:55:39Z
2026-08-22T18:49:31Z,2026-08-22T20:49:31+0200,32ee4a35-e929-46bf-8b2d-58a671b58f50,2026-08-20T00:30:00Z,2026-08-20T02:30:00+0200,151.51,EUR/MWh,DK2,DK_2,day_ahead_price,value,2026-08-22T18:55:39Z
2026-08-22T18:49:31Z,2026-08-22T20:49:31+0200,32ee4a35-e929-46bf-8b2d-58a671b58f50,2026-08-20T00:45:00Z,2026-08-20T02:45:00+0200,149.53,EUR/MWh,DK2,DK_2,day_ahead_price,value,2026-08-22T18:55:39Z
2026-08-22T18:49:31Z,2026-08-22T20:49:31+0200,32ee4a35-e929-46bf-8b2d-58a671b58f50,2026-08-20T01:00:00Z,2026-08-20T03:00:00+0200,149.13,EUR/MWh,DK2,DK_2,day_ahead_price,value,2026-08-22T18:55:39Z
2026-08-22T18:49:31Z,2026-08-22T20:49:31+0200,32ee4a35-e929-46bf-8b2d-58a671b58f50,2026-08-20T01:15:00Z,2026-08-20T03:15:00+0200,146.95,EUR/MWh,DK2,DK_2,day_ahead_price,value,2026-08-22T18:55:39Z
2026-08-22T18:49:31Z,2026-08-22T20:49:31+0200,32ee4a35-e929-46bf-8b2d-58a671b58f50,2026-08-20T01:30:00Z,2026-08-20T03:30:00+0200,148.89,EUR/MWh,DK2,DK_2,day_ahead_price,value,2026-08-22T18:55:39Z
2026-08-22T18:49:31Z,2026-08-22T20:49:31+0200,32ee4a35-e929-46bf-8b2d-58a671b58f50,2026-08-20T01:45:00Z,2026-08-20T03:45:00+0200,146.97,EUR/MWh,DK2,DK_2,day_ahead_price,value,2026-08-22T18:55:39Z
2026-08-22T18:49:31Z,2026-08-22T20:49:31+0200,32ee4a35-e929-46bf-8b2d-58a671b58f50,2026-08-20T02:00:00Z,2026-08-20T04:00:00+0200,145.9,EUR/MWh,DK2,DK_2,day_ahead_price,value,2026-08-22T18:55:39Z
2026-08-22T18:49:31Z,2026-08-22T20:49:31+0200,32ee4a35-e929-46bf-8b2d-58a671b58f50,2026-08-20T02:15:00Z,2026-08-20T04:15:00+0200,146.92,EUR/MWh,DK2,DK_2,day_ahead_price,value,2026-08-22T18:55:39Z
2026-08-22T18:49:31Z,2026-08-22T20:49:31+0200,32ee4a35-e929-46bf-8b2d-58a671b58f50,2026-08-20T02:30:00Z,2026-08-20T04:30:00+0200,149.57,EUR/MWh,DK2,DK_2,day_ahead_price,value,2026-08-22T18:55:39Z
2026-08-22T18:49:31Z,2026-08-22T20:49:31+0200,32ee4a35-e929-46bf-8b2d-58a671b58f50,2026-08-20T02:45:00Z,2026-08-20T04:45:00+0200,151.61,EUR/MWh,DK2,DK_2,day_ahead_price,value,2026-08-22T18:55:39Z
2026-08-22T18:49:31Z,2026-08-22T20:49:31+0200,32ee4a35-e929-46bf-8b2d-58a671b58f50,2026-08-20T03:00:00Z,2026-08-20T05:00:00+0200,148.87,EUR/MWh,DK2,DK_2,day_ahead_price,value,2026-08-22T18:55:39Z
2026-08-22T18:49:31Z,2026-08-22T20:49:31+0200,32ee4a35-e929-46bf-8b2d-58a671b58f50,2026-08-20T03:15:00Z,2026-08-20T05:15:00+0200,154.8,EUR/MWh,DK2,DK_2,day_ahead_price,value,2026-08-22T18:55:39Z
2026-08-22T18:49:31Z,2026-08-22T20:49:31+0200,32ee4a35-e929-46bf-8b2d-58a671b58f50,2026-08-20T03:30:00Z,2026-08-20T05:30:00+0200,162.14,EUR/MWh,DK2,DK_2,day_ahead_price,value,2026-08-22T18:55:39Z
2026-08-22T18:49:31Z,2026-08-22T20:49:31+0200,32ee4a35-e929-46bf-8b2d-58a671b58f50,2026-08-20T03:45:00Z,2026-08-20T05:45:00+0200,170.96,EUR/MWh,DK2,DK_2,day_ahead_price,value,2026-08-22T18:55:39Z
2026-08-22T18:49:31Z,2026-08-22T20:49:31+0200,32ee4a35-e929-46bf-8b2d-58a671b58f50,2026-08-20T04:00:00Z,2026-08-20T06:00:00+0200,173.8,EUR/MWh,DK2,DK_2,day_ahead_price,value,2026-08-22T18:55:39Z
2026-08-22T18:49:31Z,2026-08-22T20:49:31+0200,32ee4a35-e929-46bf-8b2d-58a671b58f50,2026-08-20T04:15:00Z,2026-08-20T06:15:00+0200,184.1,EUR/MWh,DK2,DK_2,day_ahead_price,value,2026-08-22T18:55:39Z
2026-08-22T18:49:31Z,2026-08-22T20:49:31+0200,32ee4a35-e929-46bf-8b2d-58a671b58f50,2026-08-20T04:30:00Z,2026-08-20T06:30:00+0200,188.17,EUR/MWh,DK2,DK_2,day_ahead_price,value,2026-08-22T18:55:39Z
2026-08-22T18:49:31Z,2026-08-22T20:49:31+0200,32ee4a35-e929-46bf-8b2d-58a671b58f50,2026-08-20T04:45:00Z,2026-08-20T06:45:00+0200,187.34,EUR/MWh,DK2,DK_2,day_ahead_price,value,2026-08-22T18:55:39Z
2026-08-22T18:49:31Z,2026-08-22T20:49:31+0200,32ee4a35-e929-46bf-8b2d-58a671b58f50,2026-08-20T05:00:00Z,2026-08-20T07:00:00+0200,194.98,EUR/MWh,DK2,DK_2,day_ahead_price,value,2026-08-22T18:55:39Z
2026-08-22T18:49:31Z,2026-08-22T20:49:31+0200,32ee4a35-e929-46bf-8b2d-58a671b58f50,2026-08-20T05:15:00Z,2026-08-20T07:15:00+0200,188.65,EUR/MWh,DK2,DK_2,day_ahead_price,value,2026-08-22T18:55:39Z
2026-08-22T18:49:31Z,2026-08-22T20:49:31+0200,32ee4a35-e929-46bf-8b2d-58a671b58f50,2026-08-20T05:30:00Z,2026-08-20T07:30:00+0200,185.68,EUR/MWh,DK2,DK_2,day_ahead_price,value,2026-08-22T18:55:39Z
2026-08-22T18:49:31Z,2026-08-22T20:49:31+0200,32ee4a35-e929-46bf-8b2d-58a671b58f50,2026-08-20T05:45:00Z,2026-08-20T07:45:00+0200,176.25,EUR/MWh,DK2,DK_2,day_ahead_price,value,2026-08-22T18:55:39Z
2026-08-22T18:49:31Z,2026-08-22T20:49:31+0200,32ee4a35-e929-46bf-8b2d-58a671b58f50,2026-08-20T06:00:00Z,2026-08-20T08:00:00+0200,188.96,EUR/MWh,DK2,DK_2,day_ahead_price,value,2026-08-22T18:55:39Z
2026-08-22T18:49:31Z,2026-08-22T20:49:31+0200,32ee4a35-e929-46bf-8b2d-58a671b58f50,2026-08-20T06:15:00Z,2026-08-20T08:15:00+0200,177.63,EUR/MWh,DK2,DK_2,day_ahead_price,value,2026-08-22T18:55:39Z
2026-08-22T18:49:31Z,2026-08-22T20:49:31+0200,32ee4a35-e929-46bf-8b2d-58a671b58f50,2026-08-20T06:30:00Z,2026-08-20T08:30:00+0200,165.0,EUR/MWh,DK2,DK_2,day_ahead_price,value,2026-08-22T18:55:39Z
2026-08-22T18:49:31Z,2026-08-22T20:49:31+0200,32ee4a35-e929-46bf-8b2d-58a671b58f50,2026-08-20T06:45:00Z,2026-08-20T08:45:00+0200,155.4,EUR/MWh,DK2,DK_2,day_ahead_price,value,2026-08-22T18:55:39Z
2026-08-22T18:49:31Z,2026-08-22T20:49:31+0200,32ee4a35-e929-46bf-8b2d-58a671b58f50,2026-08-20T07:00:00Z,2026-08-20T09:00:00+0200,170.0,EUR/MWh,DK2,DK_2,day_ahead_price,value,2026-08-22T18:55:39Z
2026-08-22T18:49:31Z,2026-08-22T20:49:31+0200,32ee4a35-e929-46bf-8b2d-58a671b58f50,2026-08-20T07:15:00Z,2026-08-20T09:15:00+0200,165.11,EUR/MWh,DK2,DK_2,day_ahead_price,value,2026-08-22T18:55:39Z
2026-08-22T18:49:31Z,2026-08-22T20:49:31+0200,32ee4a35-e929-46bf-8b2d-58a671b58f50,2026-08-20T07:30:00Z,2026-08-20T09:30:00+0200,147.12,EUR/MWh,DK2,DK_2,day_ahead_price,value,2026-08-22T18:55:39Z
2026-08-22T18:49:31Z,2026-08-22T20:49:31+0200,32ee4a35-e929-46bf-8b2d-58a671b58f50,2026-08-20T07:45:00Z,2026-08-20T09:45:00+0200,135.78,EUR/MWh,DK2,DK_2,day_ahead_price,value,2026-08-22T18:55:39Z
2026-08-22T18:49:31Z,2026-08-22T20:49:31+0200,32ee4a35-e929-46bf-8b2d-58a671b58f50,2026-08-20T08:00:00Z,2026-08-20T10:00:00+0200,154.88,EUR/MWh,DK2,DK_2,day_ahead_price,value,2026-08-22T18:55:39Z
2026-08-22T18:49:31Z,2026-08-22T20:49:31+0200,32ee4a35-e929-46bf-8b2d-58a671b58f50,2026-08-20T08:15:00Z,2026-08-20T10:15:00+0200,137.18,EUR/MWh,DK2,DK_2,day_ahead_price,value,2026-08-22T18:55:39Z
2026-08-22T18:49:31Z,2026-08-22T20:49:31+0200,32ee4a35-e929-46bf-8b2d-58a671b58f50,2026-08-20T08:30:00Z,2026-08-20T10:30:00+0200,133.0,EUR/MWh,DK2,DK_2,day_ahead_price,value,2026-08-22T18:55:39Z
2026-08-22T18:49:31Z,2026-08-22T20:49:31+0200,32ee4a35-e929-46bf-8b2d-58a671b58f50,2026-08-20T08:45:00Z,2026-08-20T10:45:00+0200,117.91,EUR/MWh,DK2,DK_2,day_ahead_price,value,2026-08-22T18:55:39Z
2026-08-22T18:49:31Z,2026-08-22T20:49:31+0200,32ee4a35-e929-46bf-8b2d-58a671b58f50,2026-08-20T09:00:00Z,2026-08-20T11:00:00+0200,132.97,EUR/MWh,DK2,DK_2,day_ahead_price,value,2026-08-22T18:55:39Z
2026-08-22T18:49:31Z,2026-08-22T20:49:31+0200,32ee4a35-e929-46bf-8b2d-58a671b58f50,2026-08-20T09:15:00Z,2026-08-20T11:15:00+0200,113.18,EUR/MWh,DK2,DK_2,day_ahead_price,value,2026-08-22T18:55:39Z
2026-08-22T18:49:31Z,2026-08-22T20:49:31+0200,32ee4a35-e929-46bf-8b2d-58a671b58f50,2026-08-20T09:30:00Z,2026-08-20T11:30:00+0200,104.15,EUR/MWh,DK2,DK_2,day_ahead_price,value,2026-08-22T18:55:39Z
2026-08-22T18:49:31Z,2026-08-22T20:49:31+0200,32ee4a35-e929-46bf-8b2d-58a671b58f50,2026-08-20T09:45:00Z,2026-08-20T11:45:00+0200,97.83,EUR/MWh,DK2,DK_2,day_ahead_price,value,2026-08-22T18:55:39Z
2026-08-22T18:49:31Z,2026-08-22T20:49:31+0200,32ee4a35-e929-46bf-8b2d-58a671b58f50,2026-08-20T10:00:00Z,2026-08-20T12:00:00+0200,98.91,EUR/MWh,DK2,DK_2,day_ahead_price,value,2026-08-22T18:55:39Z
2026-08-22T18:49:31Z,2026-08-22T20:49:31+0200,32ee4a35-e929-46bf-8b2d-58a671b58f50,2026-08-20T10:15:00Z,2026-08-20T12:15:00+0200,83.69,EUR/MWh,DK2,DK_2,day_ahead_price,value,2026-08-22T18:55:39Z
2026-08-22T18:49:31Z,2026-08-22T20:49:31+0200,32ee4a35-e929-46bf-8b2d-58a671b58f50,2026-08-20T10:30:00Z,2026-08-20T12:30:00+0200,88.42,EUR/MWh,DK2,DK_2,day_ahead_price,value,2026-08-22T18:55:39Z
2026-08-22T18:49:31Z,2026-08-22T20:49:31+0200,32ee4a35-e929-46bf-8b2d-58a671b58f50,2026-08-20T10:45:00Z,2026-08-20T12:45:00+0200,79.69,EUR/MWh,DK2,DK_2,day_ahead_price,value,2026-08-22T18:55:39Z
2026-08-22T18:49:31Z,2026-08-22T20:49:31+0200,32ee4a35-e929-46bf-8b2d-58a671b58f50,2026-08-20T11:00:00Z,2026-08-20T13:00:00+0200,79.1,EUR/MWh,DK2,DK_2,day_ahead_price,value,2026-08-22T18:55:39Z
2026-08-22T18:49:31Z,2026-08-22T20:49:31+0200,32ee4a35-e929-46bf-8b2d-58a671b58f50,2026-08-20T11:15:00Z,2026-08-20T13:15:00+0200,82.82,EUR/MWh,DK2,DK_2,day_ahead_price,value,2026-08-22T18:55:39Z
2026-08-22T18:49:31Z,2026-08-22T20:49:31+0200,32ee4a35-e929-46bf-8b2d-58a671b58f50,2026-08-20T11:30:00Z,2026-08-20T13:30:00+0200,80.63,EUR/MWh,DK2,DK_2,day_ahead_price,value,2026-08-22T18:55:39Z
2026-08-22T18:49:31Z,2026-08-22T20:49:31+0200,32ee4a35-e929-46bf-8b2d-58a671b58f50,2026-08-20T11:45:00Z,2026-08-20T13:45:00+0200,77.71,EUR/MWh,DK2,DK_2,day_ahead_price,value,2026-08-22T18:55:39Z
2026-08-22T18:49:31Z,2026-08-22T20:49:31+0200,32ee4a35-e929-46bf-8b2d-58a671b58f50,2026-08-20T12:00:00Z,2026-08-20T14:00:00+0200,71.77,EUR/MWh,DK2,DK_2,day_ahead_price,value,2026-08-22T18:55:39Z
2026-08-22T18:49:31Z,2026-08-22T20:49:31+0200,32ee4a35-e929-46bf-8b2d-58a671b58f50,2026-08-20T12:15:00Z,2026-08-20T14:15:00+0200,74.92,EUR/MWh,DK2,DK_2,day_ahead_price,value,2026-08-22T18:55:39Z
2026-08-22T18:49:31Z,2026-08-22T20:49:31+0200,32ee4a35-e929-46bf-8b2d-58a671b58f50,2026-08-20T12:30:00Z,2026-08-20T14:30:00+0200,92.46,EUR/MWh,DK2,DK_2,day_ahead_price,value,2026-08-22T18:55:39Z
2026-08-22T18:49:31Z,2026-08-22T20:49:31+0200,32ee4a35-e929-46bf-8b2d-58a671b58f50,2026-08-20T12:45:00Z,2026-08-20T14:45:00+0200,97.45,EUR/MWh,DK2,DK_2,day_ahead_price,value,2026-08-22T18:55:39Z
2026-08-22T18:49:31Z,2026-08-22T20:49:31+0200,32ee4a35-e929-46bf-8b2d-58a671b58f50,2026-08-20T13:00:00Z,2026-08-20T15:00:00+0200,79.54,EUR/MWh,DK2,DK_2,day_ahead_price,value,2026-08-22T18:55:39Z
2026-08-22T18:49:31Z,2026-08-22T20:49:31+0200,32ee4a35-e929-46bf-8b2d-58a671b58f50,2026-08-20T13:15:00Z,2026-08-20T15:15:00+0200,86.47,EUR/MWh,DK2,DK_2,day_ahead_price,value,2026-08-22T18:55:39Z
2026-08-22T18:49:31Z,2026-08-22T20:49:31+0200,32ee4a35-e929-46bf-8b2d-58a671b58f50,2026-08-20T13:30:00Z,2026-08-20T15:30:00+0200,98.77,EUR/MWh,DK2,DK_2,day_ahead_price,value,2026-08-22T18:55:39Z
2026-08-22T18:49:31Z,2026-08-22T20:49:31+0200,32ee4a35-e929-46bf-8b2d-58a671b58f50,2026-08-20T13:45:00Z,2026-08-20T15:45:00+0200,104.0,EUR/MWh,DK2,DK_2,day_ahead_price,value,2026-08-22T18:55:39Z
2026-08-22T18:49:31Z,2026-08-22T20:49:31+0200,32ee4a35-e929-46bf-8b2d-58a671b58f50,2026-08-20T14:00:00Z,2026-08-20T16:00:00+0200,99.63,EUR/MWh,DK2,DK_2,day_ahead_price,value,2026-08-22T18:55:39Z
2026-08-22T18:49:31Z,2026-08-22T20:49:31+0200,32ee4a35-e929-46bf-8b2d-58a671b58f50,2026-08-20T14:15:00Z,2026-08-20T16:15:00+0200,112.0,EUR/MWh,DK2,DK_2,day_ahead_price,value,2026-08-22T18:55:39Z
2026-08-22T18:49:31Z,2026-08-22T20:49:31+0200,32ee4a35-e929-46bf-8b2d-58a671b58f50,2026-08-20T14:30:00Z,2026-08-20T16:30:00+0200,136.44,EUR/MWh,DK2,DK_2,day_ahead_price,value,2026-08-22T18:55:39Z
2026-08-22T18:49:31Z,2026-08-22T20:49:31+0200,32ee4a35-e929-46bf-8b2d-58a671b58f50,2026-08-20T14:45:00Z,2026-08-20T16:45:00+0200,156.15,EUR/MWh,DK2,DK_2,day_ahead_price,value,2026-08-22T18:55:39Z
2026-08-22T18:49:31Z,2026-08-22T20:49:31+0200,32ee4a35-e929-46bf-8b2d-58a671b58f50,2026-08-20T15:00:00Z,2026-08-20T17:00:00+0200,130.41,EUR/MWh,DK2,DK_2,day_ahead_price,value,2026-08-22T18:55:39Z
2026-08-22T18:49:31Z,2026-08-22T20:49:31+0200,32ee4a35-e929-46bf-8b2d-58a671b58f50,2026-08-20T15:15:00Z,2026-08-20T17:15:00+0200,137.96,EUR/MWh,DK2,DK_2,day_ahead_price,value,2026-08-22T18:55:39Z
2026-08-22T18:49:31Z,2026-08-22T20:49:31+0200,32ee4a35-e929-46bf-8b2d-58a671b58f50,2026-08-20T15:30:00Z,2026-08-20T17:30:00+0200,153.41,EUR/MWh,DK2,DK_2,day_ahead_price,value,2026-08-22T18:55:39Z
2026-08-22T18:49:31Z,2026-08-22T20:49:31+0200,32ee4a35-e929-46bf-8b2d-58a671b58f50,2026-08-20T15:45:00Z,2026-08-20T17:45:00+0200,164.56,EUR/MWh,DK2,DK_2,day_ahead_price,value,2026-08-22T18:55:39Z
2026-08-22T18:49:31Z,2026-08-22T20:49:31+0200,32ee4a35-e929-46bf-8b2d-58a671b58f50,2026-08-20T16:00:00Z,2026-08-20T18:00:00+0200,143.38,EUR/MWh,DK2,DK_2,day_ahead_price,value,2026-08-22T18:55:39Z
2026-08-22T18:49:31Z,2026-08-22T20:49:31+0200,32ee4a35-e929-46bf-8b2d-58a671b58f50,2026-08-20T16:15:00Z,2026-08-20T18:15:00+0200,157.97,EUR/MWh,DK2,DK_2,day_ahead_price,value,2026-08-22T18:55:39Z
2026-08-22T18:49:31Z,2026-08-22T20:49:31+0200,32ee4a35-e929-46bf-8b2d-58a671b58f50,2026-08-20T16:30:00Z,2026-08-20T18:30:00+0200,178.67,EUR/MWh,DK2,DK_2,day_ahead_price,value,2026-08-22T18:55:39Z
2026-08-22T18:49:31Z,2026-08-22T20:49:31+0200,32ee4a35-e929-46bf-8b2d-58a671b58f50,2026-08-20T16:45:00Z,2026-08-20T18:45:00+0200,183.37,EUR/MWh,DK2,DK_2,day_ahead_price,value,2026-08-22T18:55:39Z
2026-08-22T18:49:31Z,2026-08-22T20:49:31+0200,32ee4a35-e929-46bf-8b2d-58a671b58f50,2026-08-20T17:00:00Z,2026-08-20T19:00:00+0200,182.4,EUR/MWh,DK2,DK_2,day_ahead_price,value,2026-08-22T18:55:39Z
2026-08-22T18:49:31Z,2026-08-22T20:49:31+0200,32ee4a35-e929-46bf-8b2d-58a671b58f50,2026-08-20T17:15:00Z,2026-08-20T19:15:00+0200,190.63,EUR/MWh,DK2,DK_2,day_ahead_price,value,2026-08-22T18:55:39Z
2026-08-22T18:49:31Z,2026-08-22T20:49:31+0200,32ee4a35-e929-46bf-8b2d-58a671b58f50,2026-08-20T17:30:00Z,2026-08-20T19:30:00+0200,197.13,EUR/MWh,DK2,DK_2,day_ahead_price,value,2026-08-22T18:55:39Z
2026-08-22T18:49:31Z,2026-08-22T20:49:31+0200,32ee4a35-e929-46bf-8b2d-58a671b58f50,2026-08-20T17:45:00Z,2026-08-20T19:45:00+0200,203.12,EUR/MWh,DK2,DK_2,day_ahead_price,value,2026-08-22T18:55:39Z
2026-08-22T18:49:31Z,2026-08-22T20:49:31+0200,32ee4a35-e929-46bf-8b2d-58a671b58f50,2026-08-20T18:00:00Z,2026-08-20T20:00:00+0200,199.3,EUR/MWh,DK2,DK_2,day_ahead_price,value,2026-08-22T18:55:39Z
2026-08-22T18:49:31Z,2026-08-22T20:49:31+0200,32ee4a35-e929-46bf-8b2d-58a671b58f50,2026-08-20T18:15:00Z,2026-08-20T20:15:00+0200,200.68,EUR/MWh,DK2,DK_2,day_ahead_price,value,2026-08-22T18:55:39Z
2026-08-22T18:49:31Z,2026-08-22T20:49:31+0200,32ee4a35-e929-46bf-8b2d-58a671b58f50,2026-08-20T18:30:00Z,2026-08-20T20:30:00+0200,202.22,EUR/MWh,DK2,DK_2,day_ahead_price,value,2026-08-22T18:55:39Z
2026-08-22T18:49:31Z,2026-08-22T20:49:31+0200,32ee4a35-e929-46bf-8b2d-58a671b58f50,2026-08-20T18:45:00Z,2026-08-20T20:45:00+0200,202.03,EUR/MWh,DK2,DK_2,day_ahead_price,value,2026-08-22T18:55:39Z
2026-08-22T18:49:31Z,2026-08-22T20:49:31+0200,32ee4a35-e929-46bf-8b2d-58a671b58f50,2026-08-20T19:00:00Z,2026-08-20T21:00:00+0200,200.64,EUR/MWh,DK2,DK_2,day_ahead_price,value,2026-08-22T18:55:39Z
2026-08-22T18:49:31Z,2026-08-22T20:49:31+0200,32ee4a35-e929-46bf-8b2d-58a671b58f50,2026-08-20T19:15:00Z,2026-08-20T21:15:00+0200,197.67,EUR/MWh,DK2,DK_2,day_ahead_price,value,2026-08-22T18:55:39Z
2026-08-22T18:49:31Z,2026-08-22T20:49:31+0200,32ee4a35-e929-46bf-8b2d-58a671b58f50,2026-08-20T19:30:00Z,2026-08-20T21:30:00+0200,195.01,EUR/MWh,DK2,DK_2,day_ahead_price,value,2026-08-22T18:55:39Z
2026-08-22T18:49:31Z,2026-08-22T20:49:31+0200,32ee4a35-e929-46bf-8b2d-58a671b58f50,2026-08-20T19:45:00Z,2026-08-20T21:45:00+0200,189.16,EUR/MWh,DK2,DK_2,day_ahead_price,value,2026-08-22T18:55:39Z
2026-08-22T18:49:31Z,2026-08-22T20:49:31+0200,32ee4a35-e929-46bf-8b2d-58a671b58f50,2026-08-20T20:00:00Z,2026-08-20T22:00:00+0200,193.64,EUR/MWh,DK2,DK_2,day_ahead_price,value,2026-08-22T18:55:39Z
2026-08-22T18:49:31Z,2026-08-22T20:49:31+0200,32ee4a35-e929-46bf-8b2d-58a671b58f50,2026-08-20T20:15:00Z,2026-08-20T22:15:00+0200,190.0,EUR/MWh,DK2,DK_2,day_ahead_price,value,2026-08-22T18:55:39Z
2026-08-22T18:49:31Z,2026-08-22T20:49:31+0200,32ee4a35-e929-46bf-8b2d-58a671b58f50,2026-08-20T20:30:00Z,2026-08-20T22:30:00+0200,187.99,EUR/MWh,DK2,DK_2,day_ahead_price,value,2026-08-22T18:55:39Z
2026-08-22T18:49:31Z,2026-08-22T20:49:31+0200,32ee4a35-e929-46bf-8b2d-58a671b58f50,2026-08-20T20:45:00Z,2026-08-20T22:45:00+0200,180.45,EUR/MWh,DK2,DK_2,day_ahead_price,value,2026-08-22T18:55:39Z
2026-08-22T18:49:31Z,2026-08-22T20:49:31+0200,32ee4a35-e929-46bf-8b2d-58a671b58f50,2026-08-20T21:00:00Z,2026-08-20T23:00:00+0200,179.72,EUR/MWh,DK2,DK_2,day_ahead_price,value,2026-08-22T18:55:39Z
2026-08-22T18:49:31Z,2026-08-22T20:49:31+0200,32ee4a35-e929-46bf-8b2d-58a671b58f50,2026-08-20T21:15:00Z,2026-08-20T23:15:00+0200,176.01,EUR/MWh,DK2,DK_2,day_ahead_price,value,2026-08-22T18:55:39Z
2026-08-22T18:49:31Z,2026-08-22T20:49:31+0200,32ee4a35-e929-46bf-8b2d-58a671b58f50,2026-08-20T21:30:00Z,2026-08-20T23:30:00+0200,170.94,EUR/MWh,DK2,DK_2,day_ahead_price,value,2026-08-22T18:55:39Z
2026-08-22T18:49:31Z,2026-08-22T20:49:31+0200,32ee4a35-e929-46bf-8b2d-58a671b58f50,2026-08-20T21:45:00Z,2026-08-20T23:45:00+0200,165.05,EUR/MWh,DK2,DK_2,day_ahead_price,value,2026-08-22T18:55:39Z
2026-08-22T18:49:31Z,2026-08-22T20:49:31+0200,32ee4a35-e929-46bf-8b2d-58a671b58f50,2026-08-20T22:00:00Z,2026-08-21T00:00:00+0200,183.059998,EUR/MWh,DK2,DK_2,day_ahead_price,value,2026-08-22T18:55:39Z
2026-08-22T18:49:31Z,2026-08-22T20:49:31+0200,32ee4a35-e929-46bf-8b2d-58a671b58f50,2026-08-20T22:15:00Z,2026-08-21T00:15:00+0200,175.0,EUR/MWh,DK2,DK_2,day_ahead_price,value,2026-08-22T18:55:39Z
2026-08-22T18:49:31Z,2026-08-22T20:49:31+0200,32ee4a35-e929-46bf-8b2d-58a671b58f50,2026-08-20T22:30:00Z,2026-08-21T00:30:00+0200,166.46,EUR/MWh,DK2,DK_2,day_ahead_price,value,2026-08-22T18:55:39Z
2026-08-22T18:49:31Z,2026-08-22T20:49:31+0200,32ee4a35-e929-46bf-8b2d-58a671b58f50,2026-08-20T22:45:00Z,2026-08-21T00:45:00+0200,156.899994,EUR/MWh,DK2,DK_2,day_ahead_price,value,2026-08-22T18:55:39Z
2026-08-22T18:49:31Z,2026-08-22T20:49:31+0200,32ee4a35-e929-46bf-8b2d-58a671b58f50,2026-08-20T23:00:00Z,2026-08-21T01:00:00+0200,165.550003,EUR/MWh,DK2,DK_2,day_ahead_price,value,2026-08-22T18:55:39Z
2026-08-22T18:49:31Z,2026-08-22T20:49:31+0200,32ee4a35-e929-46bf-8b2d-58a671b58f50,2026-08-20T23:15:00Z,2026-08-21T01:15:00+0200,162.28,EUR/MWh,DK2,DK_2,day_ahead_price,value,2026-08-22T18:55:39Z
2026-08-22T18:49:31Z,2026-08-22T20:49:31+0200,32ee4a35-e929-46bf-8b2d-58a671b58f50,2026-08-20T23:30:00Z,2026-08-21T01:30:00+0200,159.740005,EUR/MWh,DK2,DK_2,day_ahead_price,value,2026-08-22T18:55:39Z
2026-08-22T18:49:31Z,2026-08-22T20:49:31+0200,32ee4a35-e929-46bf-8b2d-58a671b58f50,2026-08-20T23:45:00Z,2026-08-21T01:45:00+0200,154.389999,EUR/MWh,DK2,DK_2,day_ahead_price,value,2026-08-22T18:55:39Z
2026-08-22T18:49:31Z,2026-08-22T20:49:31+0200,32ee4a35-e929-46bf-8b2d-58a671b58f50,2026-08-21T00:00:00Z,2026-08-21T02:00:00+0200,154.95,EUR/MWh,DK2,DK_2,day_ahead_price,value,2026-08-22T18:55:39Z
2026-08-22T18:49:31Z,2026-08-22T20:49:31+0200,32ee4a35-e929-46bf-8b2d-58a671b58f50,2026-08-21T00:15:00Z,2026-08-21T02:15:00+0200,151.809998,EUR/MWh,DK2,DK_2,day_ahead_price,value,2026-08-22T18:55:39Z
2026-08-22T18:49:31Z,2026-08-22T20:49:31+0200,32ee4a35-e929-46bf-8b2d-58a671b58f50,2026-08-21T00:30:00Z,2026-08-21T02:30:00+0200,150.589996,EUR/MWh,DK2,DK_2,day_ahead_price,value,2026-08-22T18:55:39Z
2026-08-22T18:49:31Z,2026-08-22T20:49:31+0200,32ee4a35-e929-46bf-8b2d-58a671b58f50,2026-08-21T00:45:00Z,2026-08-21T02:45:00+0200,150.589996,EUR/MWh,DK2,DK_2,day_ahead_price,value,2026-08-22T18:55:39Z
2026-08-22T18:49:31Z,2026-08-22T20:49:31+0200,32ee4a35-e929-46bf-8b2d-58a671b58f50,2026-08-21T01:00:00Z,2026-08-21T03:00:00+0200,152.56,EUR/MWh,DK2,DK_2,day_ahead_price,value,2026-08-22T18:55:39Z
2026-08-22T18:49:31Z,2026-08-22T20:49:31+0200,32ee4a35-e929-46bf-8b2d-58a671b58f50,2026-08-21T01:15:00Z,2026-08-21T03:15:00+0200,151.1,EUR/MWh,DK2,DK_2,day_ahead_price,value,2026-08-22T18:55:39Z
2026-08-22T18:49:31Z,2026-08-22T20:49:31+0200,32ee4a35-e929-46bf-8b2d-58a671b58f50,2026-08-21T01:30:00Z,2026-08-21T03:30:00+0200,151.529999,EUR/MWh,DK2,DK_2,day_ahead_price,value,2026-08-22T18:55:39Z
2026-08-22T18:49:31Z,2026-08-22T20:49:31+0200,32ee4a35-e929-46bf-8b2d-58a671b58f50,2026-08-21T01:45:00Z,2026-08-21T03:45:00+0200,150.6,EUR/MWh,DK2,DK_2,day_ahead_price,value,2026-08-22T18:55:39Z
2026-08-22T18:49:31Z,2026-08-22T20:49:31+0200,32ee4a35-e929-46bf-8b2d-58a671b58f50,2026-08-21T02:00:00Z,2026-08-21T04:00:00+0200,150.88,EUR/MWh,DK2,DK_2,day_ahead_price,value,2026-08-22T18:55:39Z
2026-08-22T18:49:31Z,2026-08-22T20:49:31+0200,32ee4a35-e929-46bf-8b2d-58a671b58f50,2026-08-21T02:15:00Z,2026-08-21T04:15:00+0200,151.220001,EUR/MWh,DK2,DK_2,day_ahead_price,value,2026-08-22T18:55:39Z
2026-08-22T18:49:31Z,2026-08-22T20:49:31+0200,32ee4a35-e929-46bf-8b2d-58a671b58f50,2026-08-21T02:30:00Z,2026-08-21T04:30:00+0200,152.320007,EUR/MWh,DK2,DK_2,day_ahead_price,value,2026-08-22T18:55:39Z
2026-08-22T18:49:31Z,2026-08-22T20:49:31+0200,32ee4a35-e929-46bf-8b2d-58a671b58f50,2026-08-21T02:45:00Z,2026-08-21T04:45:00+0200,157.899994,EUR/MWh,DK2,DK_2,day_ahead_price,value,2026-08-22T18:55:39Z
2026-08-22T18:49:31Z,2026-08-22T20:49:31+0200,32ee4a35-e929-46bf-8b2d-58a671b58f50,2026-08-21T03:00:00Z,2026-08-21T05:00:00+0200,151.789993,EUR/MWh,DK2,DK_2,day_ahead_price,value,2026-08-22T18:55:39Z
2026-08-22T18:49:31Z,2026-08-22T20:49:31+0200,32ee4a35-e929-46bf-8b2d-58a671b58f50,2026-08-21T03:15:00Z,2026-08-21T05:15:00+0200,157.070007,EUR/MWh,DK2,DK_2,day_ahead_price,value,2026-08-22T18:55:39Z
2026-08-22T18:49:31Z,2026-08-22T20:49:31+0200,32ee4a35-e929-46bf-8b2d-58a671b58f50,2026-08-21T03:30:00Z,2026-08-21T05:30:00+0200,169.399994,EUR/MWh,DK2,DK_2,day_ahead_price,value,2026-08-22T18:55:39Z
2026-08-22T18:49:31Z,2026-08-22T20:49:31+0200,32ee4a35-e929-46bf-8b2d-58a671b58f50,2026-08-21T03:45:00Z,2026-08-21T05:45:00+0200,182.050003,EUR/MWh,DK2,DK_2,day_ahead_price,value,2026-08-22T18:55:39Z
2026-08-22T18:49:31Z,2026-08-22T20:49:31+0200,32ee4a35-e929-46bf-8b2d-58a671b58f50,2026-08-21T04:00:00Z,2026-08-21T06:00:00+0200,184.56,EUR/MWh,DK2,DK_2,day_ahead_price,value,2026-08-22T18:55:39Z
2026-08-22T18:49:31Z,2026-08-22T20:49:31+0200,32ee4a35-e929-46bf-8b2d-58a671b58f50,2026-08-21T04:15:00Z,2026-08-21T06:15:00+0200,189.84,EUR/MWh,DK2,DK_2,day_ahead_price,value,2026-08-22T18:55:39Z
2026-08-22T18:49:31Z,2026-08-22T20:49:31+0200,32ee4a35-e929-46bf-8b2d-58a671b58f50,2026-08-21T04:30:00Z,2026-08-21T06:30:00+0200,189.89,EUR/MWh,DK2,DK_2,day_ahead_price,value,2026-08-22T18:55:39Z
2026-08-22T18:49:31Z,2026-08-22T20:49:31+0200,32ee4a35-e929-46bf-8b2d-58a671b58f50,2026-08-21T04:45:00Z,2026-08-21T06:45:00+0200,195.220001,EUR/MWh,DK2,DK_2,day_ahead_price,value,2026-08-22T18:55:39Z
2026-08-22T18:49:31Z,2026-08-22T20:49:31+0200,32ee4a35-e929-46bf-8b2d-58a671b58f50,2026-08-21T05:00:00Z,2026-08-21T07:00:00+0200,193.58,EUR/MWh,DK2,DK_2,day_ahead_price,value,2026-08-22T18:55:39Z
2026-08-22T18:49:31Z,2026-08-22T20:49:31+0200,32ee4a35-e929-46bf-8b2d-58a671b58f50,2026-08-21T05:15:00Z,2026-08-21T07:15:00+0200,194.67,EUR/MWh,DK2,DK_2,day_ahead_price,value,2026-08-22T18:55:39Z
2026-08-22T18:49:31Z,2026-08-22T20:49:31+0200,32ee4a35-e929-46bf-8b2d-58a671b58f50,2026-08-21T05:30:00Z,2026-08-21T07:30:00+0200,195.320007,EUR/MWh,DK2,DK_2,day_ahead_price,value,2026-08-22T18:55:39Z
2026-08-22T18:49:31Z,2026-08-22T20:49:31+0200,32ee4a35-e929-46bf-8b2d-58a671b58f50,2026-08-21T05:45:00Z,2026-08-21T07:45:00+0200,192.0,EUR/MWh,DK2,DK_2,day_ahead_price,value,2026-08-22T18:55:39Z
2026-08-22T18:49:31Z,2026-08-22T20:49:31+0200,32ee4a35-e929-46bf-8b2d-58a671b58f50,2026-08-21T06:00:00Z,2026-08-21T08:00:00+0200,211.88,EUR/MWh,DK2,DK_2,day_ahead_price,value,2026-08-22T18:55:39Z
2026-08-22T18:49:31Z,2026-08-22T20:49:31+0200,32ee4a35-e929-46bf-8b2d-58a671b58f50,2026-08-21T06:15:00Z,2026-08-21T08:15:00+0200,204.7,EUR/MWh,DK2,DK_2,day_ahead_price,value,2026-08-22T18:55:39Z
2026-08-22T18:49:31Z,2026-08-22T20:49:31+0200,32ee4a35-e929-46bf-8b2d-58a671b58f50,2026-08-21T06:30:00Z,2026-08-21T08:30:00+0200,188.19,EUR/MWh,DK2,DK_2,day_ahead_price,value,2026-08-22T18:55:39Z
2026-08-22T18:49:31Z,2026-08-22T20:49:31+0200,32ee4a35-e929-46bf-8b2d-58a671b58f50,2026-08-21T06:45:00Z,2026-08-21T08:45:00+0200,165.550003,EUR/MWh,DK2,DK_2,day_ahead_price,value,2026-08-22T18:55:39Z
2026-08-22T18:49:31Z,2026-08-22T20:49:31+0200,32ee4a35-e929-46bf-8b2d-58a671b58f50,2026-08-21T07:00:00Z,2026-08-21T09:00:00+0200,193.039993,EUR/MWh,DK2,DK_2,day_ahead_price,value,2026-08-22T18:55:39Z
2026-08-22T18:49:31Z,2026-08-22T20:49:31+0200,32ee4a35-e929-46bf-8b2d-58a671b58f50,2026-08-21T07:15:00Z,2026-08-21T09:15:00+0200,175.58,EUR/MWh,DK2,DK_2,day_ahead_price,value,2026-08-22T18:55:39Z
2026-08-22T18:49:31Z,2026-08-22T20:49:31+0200,32ee4a35-e929-46bf-8b2d-58a671b58f50,2026-08-21T07:30:00Z,2026-08-21T09:30:00+0200,158.240005,EUR/MWh,DK2,DK_2,day_ahead_price,value,2026-08-22T18:55:39Z
2026-08-22T18:49:31Z,2026-08-22T20:49:31+0200,32ee4a35-e929-46bf-8b2d-58a671b58f50,2026-08-21T07:45:00Z,2026-08-21T09:45:00+0200,146.419998,EUR/MWh,DK2,DK_2,day_ahead_price,value,2026-08-22T18:55:39Z
2026-08-22T18:49:31Z,2026-08-22T20:49:31+0200,32ee4a35-e929-46bf-8b2d-58a671b58f50,2026-08-21T08:00:00Z,2026-08-21T10:00:00+0200,164.02,EUR/MWh,DK2,DK_2,day_ahead_price,value,2026-08-22T18:55:39Z
2026-08-22T18:49:31Z,2026-08-22T20:49:31+0200,32ee4a35-e929-46bf-8b2d-58a671b58f50,2026-08-21T08:15:00Z,2026-08-21T10:15:00+0200,152.07,EUR/MWh,DK2,DK_2,day_ahead_price,value,2026-08-22T18:55:39Z
2026-08-22T18:49:31Z,2026-08-22T20:49:31+0200,32ee4a35-e929-46bf-8b2d-58a671b58f50,2026-08-21T08:30:00Z,2026-08-21T10:30:00+0200,145.2,EUR/MWh,DK2,DK_2,day_ahead_price,value,2026-08-22T18:55:39Z
2026-08-22T18:49:31Z,2026-08-22T20:49:31+0200,32ee4a35-e929-46bf-8b2d-58a671b58f50,2026-08-21T08:45:00Z,2026-08-21T10:45:00+0200,132.71,EUR/MWh,DK2,DK_2,day_ahead_price,value,2026-08-22T18:55:39Z
2026-08-22T18:49:31Z,2026-08-22T20:49:31+0200,32ee4a35-e929-46bf-8b2d-58a671b58f50,2026-08-21T09:00:00Z,2026-08-21T11:00:00+0200,139.100006,EUR/MWh,DK2,DK_2,day_ahead_price,value,2026-08-22T18:55:39Z
2026-08-22T18:49:31Z,2026-08-22T20:49:31+0200,32ee4a35-e929-46bf-8b2d-58a671b58f50,2026-08-21T09:15:00Z,2026-08-21T11:15:00+0200,141.78,EUR/MWh,DK2,DK_2,day_ahead_price,value,2026-08-22T18:55:39Z
2026-08-22T18:49:31Z,2026-08-22T20:49:31+0200,32ee4a35-e929-46bf-8b2d-58a671b58f50,2026-08-21T09:30:00Z,2026-08-21T11:30:00+0200,137.0,EUR/MWh,DK2,DK_2,day_ahead_price,value,2026-08-22T18:55:39Z
2026-08-22T18:49:31Z,2026-08-22T20:49:31+0200,32ee4a35-e929-46bf-8b2d-58a671b58f50,2026-08-21T09:45:00Z,2026-08-21T11:45:00+0200,136.429993,EUR/MWh,DK2,DK_2,day_ahead_price,value,2026-08-22T18:55:39Z
2026-08-22T18:49:31Z,2026-08-22T20:49:31+0200,32ee4a35-e929-46bf-8b2d-58a671b58f50,2026-08-21T10:00:00Z,2026-08-21T12:00:00+0200,132.100006,EUR/MWh,DK2,DK_2,day_ahead_price,value,2026-08-22T18:55:39Z
2026-08-22T18:49:31Z,2026-08-22T20:49:31+0200,32ee4a35-e929-46bf-8b2d-58a671b58f50,2026-08-21T10:15:00Z,2026-08-21T12:15:00+0200,132.389999,EUR/MWh,DK2,DK_2,day_ahead_price,value,2026-08-22T18:55:39Z
2026-08-22T18:49:31Z,2026-08-22T20:49:31+0200,32ee4a35-e929-46bf-8b2d-58a671b58f50,2026-08-21T10:30:00Z,2026-08-21T12:30:00+0200,132.55,EUR/MWh,DK2,DK_2,day_ahead_price,value,2026-08-22T18:55:39Z
2026-08-22T18:49:31Z,2026-08-22T20:49:31+0200,32ee4a35-e929-46bf-8b2d-58a671b58f50,2026-08-21T10:45:00Z,2026-08-21T12:45:00+0200,134.52,EUR/MWh,DK2,DK_2,day_ahead_price,value,2026-08-22T18:55:39Z
2026-08-22T18:49:31Z,2026-08-22T20:49:31+0200,32ee4a35-e929-46bf-8b2d-58a671b58f50,2026-08-21T11:00:00Z,2026-08-21T13:00:00+0200,140.64,EUR/MWh,DK2,DK_2,day_ahead_price,value,2026-08-22T18:55:39Z
2026-08-22T18:49:31Z,2026-08-22T20:49:31+0200,32ee4a35-e929-46bf-8b2d-58a671b58f50,2026-08-21T11:15:00Z,2026-08-21T13:15:00+0200,137.55,EUR/MWh,DK2,DK_2,day_ahead_price,value,2026-08-22T18:55:39Z
2026-08-22T18:49:31Z,2026-08-22T20:49:31+0200,32ee4a35-e929-46bf-8b2d-58a671b58f50,2026-08-21T11:30:00Z,2026-08-21T13:30:00+0200,141.41,EUR/MWh,DK2,DK_2,day_ahead_price,value,2026-08-22T18:55:39Z
2026-08-22T18:49:31Z,2026-08-22T20:49:31+0200,32ee4a35-e929-46bf-8b2d-58a671b58f50,2026-08-21T11:45:00Z,2026-08-21T13:45:00+0200,137.5,EUR/MWh,DK2,DK_2,day_ahead_price,value,2026-08-22T18:55:39Z
2026-08-22T18:49:31Z,2026-08-22T20:49:31+0200,32ee4a35-e929-46bf-8b2d-58a671b58f50,2026-08-21T12:00:00Z,2026-08-21T14:00:00+0200,134.16,EUR/MWh,DK2,DK_2,day_ahead_price,value,2026-08-22T18:55:39Z
2026-08-22T18:49:31Z,2026-08-22T20:49:31+0200,32ee4a35-e929-46bf-8b2d-58a671b58f50,2026-08-21T12:15:00Z,2026-08-21T14:15:00+0200,141.69,EUR/MWh,DK2,DK_2,day_ahead_price,value,2026-08-22T18:55:39Z
2026-08-22T18:49:31Z,2026-08-22T20:49:31+0200,32ee4a35-e929-46bf-8b2d-58a671b58f50,2026-08-21T12:30:00Z,2026-08-21T14:30:00+0200,144.130005,EUR/MWh,DK2,DK_2,day_ahead_price,value,2026-08-22T18:55:39Z
2026-08-22T18:49:31Z,2026-08-22T20:49:31+0200,32ee4a35-e929-46bf-8b2d-58a671b58f50,2026-08-21T12:45:00Z,2026-08-21T14:45:00+0200,143.679993,EUR/MWh,DK2,DK_2,day_ahead_price,value,2026-08-22T18:55:39Z
2026-08-22T18:49:31Z,2026-08-22T20:49:31+0200,32ee4a35-e929-46bf-8b2d-58a671b58f50,2026-08-21T13:00:00Z,2026-08-21T15:00:00+0200,144.679993,EUR/MWh,DK2,DK_2,day_ahead_price,value,2026-08-22T18:55:39Z
2026-08-22T18:49:31Z,2026-08-22T20:49:31+0200,32ee4a35-e929-46bf-8b2d-58a671b58f50,2026-08-21T13:15:00Z,2026-08-21T15:15:00+0200,144.830002,EUR/MWh,DK2,DK_2,day_ahead_price,value,2026-08-22T18:55:39Z
2026-08-22T18:49:31Z,2026-08-22T20:49:31+0200,32ee4a35-e929-46bf-8b2d-58a671b58f50,2026-08-21T13:30:00Z,2026-08-21T15:30:00+0200,146.399994,EUR/MWh,DK2,DK_2,day_ahead_price,value,2026-08-22T18:55:39Z
2026-08-22T18:49:31Z,2026-08-22T20:49:31+0200,32ee4a35-e929-46bf-8b2d-58a671b58f50,2026-08-21T13:45:00Z,2026-08-21T15:45:00+0200,161.520004,EUR/MWh,DK2,DK_2,day_ahead_price,value,2026-08-22T18:55:39Z
2026-08-22T18:49:31Z,2026-08-22T20:49:31+0200,32ee4a35-e929-46bf-8b2d-58a671b58f50,2026-08-21T14:00:00Z,2026-08-21T16:00:00+0200,147.679993,EUR/MWh,DK2,DK_2,day_ahead_price,value,2026-08-22T18:55:39Z
2026-08-22T18:49:31Z,2026-08-22T20:49:31+0200,32ee4a35-e929-46bf-8b2d-58a671b58f50,2026-08-21T14:15:00Z,2026-08-21T16:15:00+0200,156.759995,EUR/MWh,DK2,DK_2,day_ahead_price,value,2026-08-22T18:55:39Z
2026-08-22T18:49:31Z,2026-08-22T20:49:31+0200,32ee4a35-e929-46bf-8b2d-58a671b58f50,2026-08-21T14:30:00Z,2026-08-21T16:30:00+0200,166.24,EUR/MWh,DK2,DK_2,day_ahead_price,value,2026-08-22T18:55:39Z
2026-08-22T18:49:31Z,2026-08-22T20:49:31+0200,32ee4a35-e929-46bf-8b2d-58a671b58f50,2026-08-21T14:45:00Z,2026-08-21T16:45:00+0200,186.080002,EUR/MWh,DK2,DK_2,day_ahead_price,value,2026-08-22T18:55:39Z
2026-08-22T18:49:31Z,2026-08-22T20:49:31+0200,32ee4a35-e929-46bf-8b2d-58a671b58f50,2026-08-21T15:00:00Z,2026-08-21T17:00:00+0200,159.789993,EUR/MWh,DK2,DK_2,day_ahead_price,value,2026-08-22T18:55:39Z
2026-08-22T18:49:31Z,2026-08-22T20:49:31+0200,32ee4a35-e929-46bf-8b2d-58a671b58f50,2026-08-21T15:15:00Z,2026-08-21T17:15:00+0200,177.839996,EUR/MWh,DK2,DK_2,day_ahead_price,value,2026-08-22T18:55:39Z
2026-08-22T18:49:31Z,2026-08-22T20:49:31+0200,32ee4a35-e929-46bf-8b2d-58a671b58f50,2026-08-21T15:30:00Z,2026-08-21T17:30:00+0200,190.990005,EUR/MWh,DK2,DK_2,day_ahead_price,value,2026-08-22T18:55:39Z
2026-08-22T18:49:31Z,2026-08-22T20:49:31+0200,32ee4a35-e929-46bf-8b2d-58a671b58f50,2026-08-21T15:45:00Z,2026-08-21T17:45:00+0200,204.979996,EUR/MWh,DK2,DK_2,day_ahead_price,value,2026-08-22T18:55:39Z
2026-08-22T18:49:31Z,2026-08-22T20:49:31+0200,32ee4a35-e929-46bf-8b2d-58a671b58f50,2026-08-21T16:00:00Z,2026-08-21T18:00:00+0200,193.75,EUR/MWh,DK2,DK_2,day_ahead_price,value,2026-08-22T18:55:39Z
2026-08-22T18:49:31Z,2026-08-22T20:49:31+0200,32ee4a35-e929-46bf-8b2d-58a671b58f50,2026-08-21T16:15:00Z,2026-08-21T18:15:00+0200,200.770004,EUR/MWh,DK2,DK_2,day_ahead_price,value,2026-08-22T18:55:39Z
2026-08-22T18:49:31Z,2026-08-22T20:49:31+0200,32ee4a35-e929-46bf-8b2d-58a671b58f50,2026-08-21T16:30:00Z,2026-08-21T18:30:00+0200,197.419998,EUR/MWh,DK2,DK_2,day_ahead_price,value,2026-08-22T18:55:39Z
2026-08-22T18:49:31Z,2026-08-22T20:49:31+0200,32ee4a35-e929-46bf-8b2d-58a671b58f50,2026-08-21T16:45:00Z,2026-08-21T18:45:00+0200,197.550003,EUR/MWh,DK2,DK_2,day_ahead_price,value,2026-08-22T18:55:39Z
2026-08-22T18:49:31Z,2026-08-22T20:49:31+0200,32ee4a35-e929-46bf-8b2d-58a671b58f50,2026-08-21T17:00:00Z,2026-08-21T19:00:00+0200,207.76,EUR/MWh,DK2,DK_2,day_ahead_price,value,2026-08-22T18:55:39Z
2026-08-22T18:49:31Z,2026-08-22T20:49:31+0200,32ee4a35-e929-46bf-8b2d-58a671b58f50,2026-08-21T17:15:00Z,2026-08-21T19:15:00+0200,205.16,EUR/MWh,DK2,DK_2,day_ahead_price,value,2026-08-22T18:55:39Z
2026-08-22T18:49:31Z,2026-08-22T20:49:31+0200,32ee4a35-e929-46bf-8b2d-58a671b58f50,2026-08-21T17:30:00Z,2026-08-21T19:30:00+0200,201.12,EUR/MWh,DK2,DK_2,day_ahead_price,value,2026-08-22T18:55:39Z
2026-08-22T18:49:31Z,2026-08-22T20:49:31+0200,32ee4a35-e929-46bf-8b2d-58a671b58f50,2026-08-21T17:45:00Z,2026-08-21T19:45:00+0200,209.43,EUR/MWh,DK2,DK_2,day_ahead_price,value,2026-08-22T18:55:39Z
2026-08-22T18:49:31Z,2026-08-22T20:49:31+0200,32ee4a35-e929-46bf-8b2d-58a671b58f50,2026-08-21T18:00:00Z,2026-08-21T20:00:00+0200,208.190002,EUR/MWh,DK2,DK_2,day_ahead_price,value,2026-08-22T18:55:39Z
2026-08-22T18:49:31Z,2026-08-22T20:49:31+0200,32ee4a35-e929-46bf-8b2d-58a671b58f50,2026-08-21T18:15:00Z,2026-08-21T20:15:00+0200,200.44,EUR/MWh,DK2,DK_2,day_ahead_price,value,2026-08-22T18:55:39Z
2026-08-22T18:49:31Z,2026-08-22T20:49:31+0200,32ee4a35-e929-46bf-8b2d-58a671b58f50,2026-08-21T18:30:00Z,2026-08-21T20:30:00+0200,201.210007,EUR/MWh,DK2,DK_2,day_ahead_price,value,2026-08-22T18:55:39Z
2026-08-22T18:49:31Z,2026-08-22T20:49:31+0200,32ee4a35-e929-46bf-8b2d-58a671b58f50,2026-08-21T18:45:00Z,2026-08-21T20:45:00+0200,208.580002,EUR/MWh,DK2,DK_2,day_ahead_price,value,2026-08-22T18:55:39Z
2026-08-22T18:49:31Z,2026-08-22T20:49:31+0200,32ee4a35-e929-46bf-8b2d-58a671b58f50,2026-08-21T19:00:00Z,2026-08-21T21:00:00+0200,205.320007,EUR/MWh,DK2,DK_2,day_ahead_price,value,2026-08-22T18:55:39Z
2026-08-22T18:49:31Z,2026-08-22T20:49:31+0200,32ee4a35-e929-46bf-8b2d-58a671b58f50,2026-08-21T19:15:00Z,2026-08-21T21:15:00+0200,204.020004,EUR/MWh,DK2,DK_2,day_ahead_price,value,2026-08-22T18:55:39Z
2026-08-22T18:49:31Z,2026-08-22T20:49:31+0200,32ee4a35-e929-46bf-8b2d-58a671b58f50,2026-08-21T19:30:00Z,2026-08-21T21:30:00+0200,195.970001,EUR/MWh,DK2,DK_2,day_ahead_price,value,2026-08-22T18:55:39Z
2026-08-22T18:49:31Z,2026-08-22T20:49:31+0200,32ee4a35-e929-46bf-8b2d-58a671b58f50,2026-08-21T19:45:00Z,2026-08-21T21:45:00+0200,189.619995,EUR/MWh,DK2,DK_2,day_ahead_price,value,2026-08-22T18:55:39Z
2026-08-22T18:49:31Z,2026-08-22T20:49:31+0200,32ee4a35-e929-46bf-8b2d-58a671b58f50,2026-08-21T20:00:00Z,2026-08-21T22:00:00+0200,192.8,EUR/MWh,DK2,DK_2,day_ahead_price,value,2026-08-22T18:55:39Z
2026-08-22T18:49:31Z,2026-08-22T20:49:31+0200,32ee4a35-e929-46bf-8b2d-58a671b58f50,2026-08-21T20:15:00Z,2026-08-21T22:15:00+0200,188.41,EUR/MWh,DK2,DK_2,day_ahead_price,value,2026-08-22T18:55:39Z
2026-08-22T18:49:31Z,2026-08-22T20:49:31+0200,32ee4a35-e929-46bf-8b2d-58a671b58f50,2026-08-21T20:30:00Z,2026-08-21T22:30:00+0200,189.369995,EUR/MWh,DK2,DK_2,day_ahead_price,value,2026-08-22T18:55:39Z
2026-08-22T18:49:31Z,2026-08-22T20:49:31+0200,32ee4a35-e929-46bf-8b2d-58a671b58f50,2026-08-21T20:45:00Z,2026-08-21T22:45:00+0200,179.3,EUR/MWh,DK2,DK_2,day_ahead_price,value,2026-08-22T18:55:39Z
2026-08-22T18:49:31Z,2026-08-22T20:49:31+0200,32ee4a35-e929-46bf-8b2d-58a671b58f50,2026-08-21T21:00:00Z,2026-08-21T23:00:00+0200,182.369995,EUR/MWh,DK2,DK_2,day_ahead_price,value,2026-08-22T18:55:39Z
2026-08-22T18:49:31Z,2026-08-22T20:49:31+0200,32ee4a35-e929-46bf-8b2d-58a671b58f50,2026-08-21T21:15:00Z,2026-08-21T23:15:00+0200,175.8,EUR/MWh,DK2,DK_2,day_ahead_price,value,2026-08-22T18:55:39Z
2026-08-22T18:49:31Z,2026-08-22T20:49:31+0200,32ee4a35-e929-46bf-8b2d-58a671b58f50,2026-08-21T21:30:00Z,2026-08-21T23:30:00+0200,171.919998,EUR/MWh,DK2,DK_2,day_ahead_price,value,2026-08-22T18:55:39Z
2026-08-22T18:49:31Z,2026-08-22T20:49:31+0200,32ee4a35-e929-46bf-8b2d-58a671b58f50,2026-08-21T21:45:00Z,2026-08-21T23:45:00+0200,163.919998,EUR/MWh,DK2,DK_2,day_ahead_price,value,2026-08-22T18:55:39Z
2026-08-22T18:49:31Z,2026-08-22T20:49:31+0200,32ee4a35-e929-46bf-8b2d-58a671b58f50,2026-08-21T22:00:00Z,2026-08-22T00:00:00+0200,179.54,EUR/MWh,DK2,DK_2,day_ahead_price,value,2026-08-22T18:55:39Z
2026-08-22T18:49:31Z,2026-08-22T20:49:31+0200,32ee4a35-e929-46bf-8b2d-58a671b58f50,2026-08-21T22:15:00Z,2026-08-22T00:15:00+0200,170.660004,EUR/MWh,DK2,DK_2,day_ahead_price,value,2026-08-22T18:55:39Z
2026-08-22T18:49:31Z,2026-08-22T20:49:31+0200,32ee4a35-e929-46bf-8b2d-58a671b58f50,2026-08-21T22:30:00Z,2026-08-22T00:30:00+0200,165.43,EUR/MWh,DK2,DK_2,day_ahead_price,value,2026-08-22T18:55:39Z
2026-08-22T18:49:31Z,2026-08-22T20:49:31+0200,32ee4a35-e929-46bf-8b2d-58a671b58f50,2026-08-21T22:45:00Z,2026-08-22T00:45:00+0200,156.57,EUR/MWh,DK2,DK_2,day_ahead_price,value,2026-08-22T18:55:39Z
2026-08-22T18:49:31Z,2026-08-22T20:49:31+0200,32ee4a35-e929-46bf-8b2d-58a671b58f50,2026-08-21T23:00:00Z,2026-08-22T01:00:00+0200,164.91,EUR/MWh,DK2,DK_2,day_ahead_price,value,2026-08-22T18:55:39Z
2026-08-22T18:49:31Z,2026-08-22T20:49:31+0200,32ee4a35-e929-46bf-8b2d-58a671b58f50,2026-08-21T23:15:00Z,2026-08-22T01:15:00+0200,161.259995,EUR/MWh,DK2,DK_2,day_ahead_price,value,2026-08-22T18:55:39Z
2026-08-22T18:49:31Z,2026-08-22T20:49:31+0200,32ee4a35-e929-46bf-8b2d-58a671b58f50,2026-08-21T23:30:00Z,2026-08-22T01:30:00+0200,160.009995,EUR/MWh,DK2,DK_2,day_ahead_price,value,2026-08-22T18:55:39Z
2026-08-22T18:49:31Z,2026-08-22T20:49:31+0200,32ee4a35-e929-46bf-8b2d-58a671b58f50,2026-08-21T23:45:00Z,2026-08-22T01:45:00+0200,159.820007,EUR/MWh,DK2,DK_2,day_ahead_price,value,2026-08-22T18:55:39Z
2026-08-22T18:49:31Z,2026-08-22T20:49:31+0200,32ee4a35-e929-46bf-8b2d-58a671b58f50,2026-08-22T00:00:00Z,2026-08-22T02:00:00+0200,159.96,EUR/MWh,DK2,DK_2,day_ahead_price,value,2026-08-22T18:55:39Z
2026-08-22T18:49:31Z,2026-08-22T20:49:31+0200,32ee4a35-e929-46bf-8b2d-58a671b58f50,2026-08-22T00:15:00Z,2026-08-22T02:15:00+0200,156.9,EUR/MWh,DK2,DK_2,day_ahead_price,value,2026-08-22T18:55:39Z
2026-08-22T18:49:31Z,2026-08-22T20:49:31+0200,32ee4a35-e929-46bf-8b2d-58a671b58f50,2026-08-22T00:30:00Z,2026-08-22T02:30:00+0200,159.899994,EUR/MWh,DK2,DK_2,day_ahead_price,value,2026-08-22T18:55:39Z
2026-08-22T18:49:31Z,2026-08-22T20:49:31+0200,32ee4a35-e929-46bf-8b2d-58a671b58f50,2026-08-22T00:45:00Z,2026-08-22T02:45:00+0200,158.07,EUR/MWh,DK2,DK_2,day_ahead_price,value,2026-08-22T18:55:39Z
2026-08-22T18:49:31Z,2026-08-22T20:49:31+0200,32ee4a35-e929-46bf-8b2d-58a671b58f50,2026-08-22T01:00:00Z,2026-08-22T03:00:00+0200,160.23,EUR/MWh,DK2,DK_2,day_ahead_price,value,2026-08-22T18:55:39Z
2026-08-22T18:49:31Z,2026-08-22T20:49:31+0200,32ee4a35-e929-46bf-8b2d-58a671b58f50,2026-08-22T01:15:00Z,2026-08-22T03:15:00+0200,155.99,EUR/MWh,DK2,DK_2,day_ahead_price,value,2026-08-22T18:55:39Z
2026-08-22T18:49:31Z,2026-08-22T20:49:31+0200,32ee4a35-e929-46bf-8b2d-58a671b58f50,2026-08-22T01:30:00Z,2026-08-22T03:30:00+0200,153.66,EUR/MWh,DK2,DK_2,day_ahead_price,value,2026-08-22T18:55:39Z
2026-08-22T18:49:31Z,2026-08-22T20:49:31+0200,32ee4a35-e929-46bf-8b2d-58a671b58f50,2026-08-22T01:45:00Z,2026-08-22T03:45:00+0200,147.26,EUR/MWh,DK2,DK_2,day_ahead_price,value,2026-08-22T18:55:39Z
2026-08-22T18:49:31Z,2026-08-22T20:49:31+0200,32ee4a35-e929-46bf-8b2d-58a671b58f50,2026-08-22T02:00:00Z,2026-08-22T04:00:00+0200,154.289993,EUR/MWh,DK2,DK_2,day_ahead_price,value,2026-08-22T18:55:39Z
2026-08-22T18:49:31Z,2026-08-22T20:49:31+0200,32ee4a35-e929-46bf-8b2d-58a671b58f50,2026-08-22T02:15:00Z,2026-08-22T04:15:00+0200,149.14,EUR/MWh,DK2,DK_2,day_ahead_price,value,2026-08-22T18:55:39Z
2026-08-22T18:49:31Z,2026-08-22T20:49:31+0200,32ee4a35-e929-46bf-8b2d-58a671b58f50,2026-08-22T02:30:00Z,2026-08-22T04:30:00+0200,144.2,EUR/MWh,DK2,DK_2,day_ahead_price,value,2026-08-22T18:55:39Z
2026-08-22T18:49:31Z,2026-08-22T20:49:31+0200,32ee4a35-e929-46bf-8b2d-58a671b58f50,2026-08-22T02:45:00Z,2026-08-22T04:45:00+0200,143.729996,EUR/MWh,DK2,DK_2,day_ahead_price,value,2026-08-22T18:55:39Z
2026-08-22T18:49:31Z,2026-08-22T20:49:31+0200,32ee4a35-e929-46bf-8b2d-58a671b58f50,2026-08-22T03:00:00Z,2026-08-22T05:00:00+0200,145.899994,EUR/MWh,DK2,DK_2,day_ahead_price,value,2026-08-22T18:55:39Z
2026-08-22T18:49:31Z,2026-08-22T20:49:31+0200,32ee4a35-e929-46bf-8b2d-58a671b58f50,2026-08-22T03:15:00Z,2026-08-22T05:15:00+0200,141.479996,EUR/MWh,DK2,DK_2,day_ahead_price,value,2026-08-22T18:55:39Z
2026-08-22T18:49:31Z,2026-08-22T20:49:31+0200,32ee4a35-e929-46bf-8b2d-58a671b58f50,2026-08-22T03:30:00Z,2026-08-22T05:30:00+0200,141.850006,EUR/MWh,DK2,DK_2,day_ahead_price,value,2026-08-22T18:55:39Z
2026-08-22T18:49:31Z,2026-08-22T20:49:31+0200,32ee4a35-e929-46bf-8b2d-58a671b58f50,2026-08-22T03:45:00Z,2026-08-22T05:45:00+0200,144.13,EUR/MWh,DK2,DK_2,day_ahead_price,value,2026-08-22T18:55:39Z
2026-08-22T18:49:31Z,2026-08-22T20:49:31+0200,32ee4a35-e929-46bf-8b2d-58a671b58f50,2026-08-22T04:00:00Z,2026-08-22T06:00:00+0200,153.21,EUR/MWh,DK2,DK_2,day_ahead_price,value,2026-08-22T18:55:39Z
2026-08-22T18:49:31Z,2026-08-22T20:49:31+0200,32ee4a35-e929-46bf-8b2d-58a671b58f50,2026-08-22T04:15:00Z,2026-08-22T06:15:00+0200,156.449997,EUR/MWh,DK2,DK_2,day_ahead_price,value,2026-08-22T18:55:39Z
2026-08-22T18:49:31Z,2026-08-22T20:49:31+0200,32ee4a35-e929-46bf-8b2d-58a671b58f50,2026-08-22T04:30:00Z,2026-08-22T06:30:00+0200,155.330002,EUR/MWh,DK2,DK_2,day_ahead_price,value,2026-08-22T18:55:39Z
2026-08-22T18:49:31Z,2026-08-22T20:49:31+0200,32ee4a35-e929-46bf-8b2d-58a671b58f50,2026-08-22T04:45:00Z,2026-08-22T06:45:00+0200,151.369995,EUR/MWh,DK2,DK_2,day_ahead_price,value,2026-08-22T18:55:39Z
2026-08-22T18:49:31Z,2026-08-22T20:49:31+0200,32ee4a35-e929-46bf-8b2d-58a671b58f50,2026-08-22T05:00:00Z,2026-08-22T07:00:00+0200,156.559998,EUR/MWh,DK2,DK_2,day_ahead_price,value,2026-08-22T18:55:39Z
2026-08-22T18:49:31Z,2026-08-22T20:49:31+0200,32ee4a35-e929-46bf-8b2d-58a671b58f50,2026-08-22T05:15:00Z,2026-08-22T07:15:00+0200,146.889999,EUR/MWh,DK2,DK_2,day_ahead_price,value,2026-08-22T18:55:39Z
2026-08-22T18:49:31Z,2026-08-22T20:49:31+0200,32ee4a35-e929-46bf-8b2d-58a671b58f50,2026-08-22T05:30:00Z,2026-08-22T07:30:00+0200,139.3,EUR/MWh,DK2,DK_2,day_ahead_price,value,2026-08-22T18:55:39Z
2026-08-22T18:49:31Z,2026-08-22T20:49:31+0200,32ee4a35-e929-46bf-8b2d-58a671b58f50,2026-08-22T05:45:00Z,2026-08-22T07:45:00+0200,130.09,EUR/MWh,DK2,DK_2,day_ahead_price,value,2026-08-22T18:55:39Z
2026-08-22T18:49:31Z,2026-08-22T20:49:31+0200,32ee4a35-e929-46bf-8b2d-58a671b58f50,2026-08-22T06:00:00Z,2026-08-22T08:00:00+0200,147.320007,EUR/MWh,DK2,DK_2,day_ahead_price,value,2026-08-22T18:55:39Z
2026-08-22T18:49:31Z,2026-08-22T20:49:31+0200,32ee4a35-e929-46bf-8b2d-58a671b58f50,2026-08-22T06:15:00Z,2026-08-22T08:15:00+0200,138.0,EUR/MWh,DK2,DK_2,day_ahead_price,value,2026-08-22T18:55:39Z
2026-08-22T18:49:31Z,2026-08-22T20:49:31+0200,32ee4a35-e929-46bf-8b2d-58a671b58f50,2026-08-22T06:30:00Z,2026-08-22T08:30:00+0200,124.51,EUR/MWh,DK2,DK_2,day_ahead_price,value,2026-08-22T18:55:39Z
2026-08-22T18:49:31Z,2026-08-22T20:49:31+0200,32ee4a35-e929-46bf-8b2d-58a671b58f50,2026-08-22T06:45:00Z,2026-08-22T08:45:00+0200,102.69,EUR/MWh,DK2,DK_2,day_ahead_price,value,2026-08-22T18:55:39Z
2026-08-22T18:49:31Z,2026-08-22T20:49:31+0200,32ee4a35-e929-46bf-8b2d-58a671b58f50,2026-08-22T07:00:00Z,2026-08-22T09:00:00+0200,110.75,EUR/MWh,DK2,DK_2,day_ahead_price,value,2026-08-22T18:55:39Z
2026-08-22T18:49:31Z,2026-08-22T20:49:31+0200,32ee4a35-e929-46bf-8b2d-58a671b58f50,2026-08-22T07:15:00Z,2026-08-22T09:15:00+0200,98.629997,EUR/MWh,DK2,DK_2,day_ahead_price,value,2026-08-22T18:55:39Z
2026-08-22T18:49:31Z,2026-08-22T20:49:31+0200,32ee4a35-e929-46bf-8b2d-58a671b58f50,2026-08-22T07:30:00Z,2026-08-22T09:30:00+0200,85.01,EUR/MWh,DK2,DK_2,day_ahead_price,value,2026-08-22T18:55:39Z
2026-08-22T18:49:31Z,2026-08-22T20:49:31+0200,32ee4a35-e929-46bf-8b2d-58a671b58f50,2026-08-22T07:45:00Z,2026-08-22T09:45:00+0200,66.830002,EUR/MWh,DK2,DK_2,day_ahead_price,value,2026-08-22T18:55:39Z
2026-08-22T18:49:31Z,2026-08-22T20:49:31+0200,32ee4a35-e929-46bf-8b2d-58a671b58f50,2026-08-22T08:00:00Z,2026-08-22T10:00:00+0200,78.360001,EUR/MWh,DK2,DK_2,day_ahead_price,value,2026-08-22T18:55:39Z
2026-08-22T18:49:31Z,2026-08-22T20:49:31+0200,32ee4a35-e929-46bf-8b2d-58a671b58f50,2026-08-22T08:15:00Z,2026-08-22T10:15:00+0200,64.08,EUR/MWh,DK2,DK_2,day_ahead_price,value,2026-08-22T18:55:39Z
2026-08-22T18:49:31Z,2026-08-22T20:49:31+0200,32ee4a35-e929-46bf-8b2d-58a671b58f50,2026-08-22T08:30:00Z,2026-08-22T10:30:00+0200,38.549999,EUR/MWh,DK2,DK_2,day_ahead_price,value,2026-08-22T18:55:39Z
2026-08-22T18:49:31Z,2026-08-22T20:49:31+0200,32ee4a35-e929-46bf-8b2d-58a671b58f50,2026-08-22T08:45:00Z,2026-08-22T10:45:00+0200,20.4,EUR/MWh,DK2,DK_2,day_ahead_price,value,2026-08-22T18:55:39Z
2026-08-22T18:49:31Z,2026-08-22T20:49:31+0200,32ee4a35-e929-46bf-8b2d-58a671b58f50,2026-08-22T09:00:00Z,2026-08-22T11:00:00+0200,41.189999,EUR/MWh,DK2,DK_2,day_ahead_price,value,2026-08-22T18:55:39Z
2026-08-22T18:49:31Z,2026-08-22T20:49:31+0200,32ee4a35-e929-46bf-8b2d-58a671b58f50,2026-08-22T09:15:00Z,2026-08-22T11:15:00+0200,20.76,EUR/MWh,DK2,DK_2,day_ahead_price,value,2026-08-22T18:55:39Z
2026-08-22T18:49:31Z,2026-08-22T20:49:31+0200,32ee4a35-e929-46bf-8b2d-58a671b58f50,2026-08-22T09:30:00Z,2026-08-22T11:30:00+0200,11.25,EUR/MWh,DK2,DK_2,day_ahead_price,value,2026-08-22T18:55:39Z
2026-08-22T18:49:31Z,2026-08-22T20:49:31+0200,32ee4a35-e929-46bf-8b2d-58a671b58f50,2026-08-22T09:45:00Z,2026-08-22T11:45:00+0200,7.56,EUR/MWh,DK2,DK_2,day_ahead_price,value,2026-08-22T18:55:39Z
2026-08-22T18:49:31Z,2026-08-22T20:49:31+0200,32ee4a35-e929-46bf-8b2d-58a671b58f50,2026-08-22T10:00:00Z,2026-08-22T12:00:00+0200,4.83,EUR/MWh,DK2,DK_2,day_ahead_price,value,2026-08-22T18:55:39Z
2026-08-22T18:49:31Z,2026-08-22T20:49:31+0200,32ee4a35-e929-46bf-8b2d-58a671b58f50,2026-08-22T10:15:00Z,2026-08-22T12:15:00+0200,2.71,EUR/MWh,DK2,DK_2,day_ahead_price,value,2026-08-22T18:55:39Z
2026-08-22T18:49:31Z,2026-08-22T20:49:31+0200,32ee4a35-e929-46bf-8b2d-58a671b58f50,2026-08-22T10:30:00Z,2026-08-22T12:30:00+0200,2.76,EUR/MWh,DK2,DK_2,day_ahead_price,value,2026-08-22T18:55:39Z
2026-08-22T18:49:31Z,2026-08-22T20:49:31+0200,32ee4a35-e929-46bf-8b2d-58a671b58f50,2026-08-22T10:45:00Z,2026-08-22T12:45:00+0200,2.24,EUR/MWh,DK2,DK_2,day_ahead_price,value,2026-08-22T18:55:39Z
2026-08-22T18:49:31Z,2026-08-22T20:49:31+0200,32ee4a35-e929-46bf-8b2d-58a671b58f50,2026-08-22T11:00:00Z,2026-08-22T13:00:00+0200,2.93,EUR/MWh,DK2,DK_2,day_ahead_price,value,2026-08-22T18:55:39Z
2026-08-22T18:49:31Z,2026-08-22T20:49:31+0200,32ee4a35-e929-46bf-8b2d-58a671b58f50,2026-08-22T11:15:00Z,2026-08-22T13:15:00+0200,2.86,EUR/MWh,DK2,DK_2,day_ahead_price,value,2026-08-22T18:55:39Z
2026-08-22T18:49:31Z,2026-08-22T20:49:31+0200,32ee4a35-e929-46bf-8b2d-58a671b58f50,2026-08-22T11:30:00Z,2026-08-22T13:30:00+0200,2.67,EUR/MWh,DK2,DK_2,day_ahead_price,value,2026-08-22T18:55:39Z
2026-08-22T18:49:31Z,2026-08-22T20:49:31+0200,32ee4a35-e929-46bf-8b2d-58a671b58f50,2026-08-22T11:45:00Z,2026-08-22T13:45:00+0200,2.63,EUR/MWh,DK2,DK_2,day_ahead_price,value,2026-08-22T18:55:39Z
2026-08-22T18:49:31Z,2026-08-22T20:49:31+0200,32ee4a35-e929-46bf-8b2d-58a671b58f50,2026-08-22T12:00:00Z,2026-08-22T14:00:00+0200,2.87,EUR/MWh,DK2,DK_2,day_ahead_price,value,2026-08-22T18:55:39Z
2026-08-22T18:49:31Z,2026-08-22T20:49:31+0200,32ee4a35-e929-46bf-8b2d-58a671b58f50,2026-08-22T12:15:00Z,2026-08-22T14:15:00+0200,2.75,EUR/MWh,DK2,DK_2,day_ahead_price,value,2026-08-22T18:55:39Z
2026-08-22T18:49:31Z,2026-08-22T20:49:31+0200,32ee4a35-e929-46bf-8b2d-58a671b58f50,2026-08-22T12:30:00Z,2026-08-22T14:30:00+0200,2.63,EUR/MWh,DK2,DK_2,day_ahead_price,value,2026-08-22T18:55:39Z
2026-08-22T18:49:31Z,2026-08-22T20:49:31+0200,32ee4a35-e929-46bf-8b2d-58a671b58f50,2026-08-22T12:45:00Z,2026-08-22T14:45:00+0200,2.16,EUR/MWh,DK2,DK_2,day_ahead_price,value,2026-08-22T18:55:39Z
2026-08-22T18:49:31Z,2026-08-22T20:49:31+0200,32ee4a35-e929-46bf-8b2d-58a671b58f50,2026-08-22T13:00:00Z,2026-08-22T15:00:00+0200,2.18,EUR/MWh,DK2,DK_2,day_ahead_price,value,2026-08-22T18:55:39Z
2026-08-22T18:49:31Z,2026-08-22T20:49:31+0200,32ee4a35-e929-46bf-8b2d-58a671b58f50,2026-08-22T13:15:00Z,2026-08-22T15:15:00+0200,2.54,EUR/MWh,DK2,DK_2,day_ahead_price,value,2026-08-22T18:55:39Z
2026-08-22T18:49:31Z,2026-08-22T20:49:31+0200,32ee4a35-e929-46bf-8b2d-58a671b58f50,2026-08-22T13:30:00Z,2026-08-22T15:30:00+0200,2.61,EUR/MWh,DK2,DK_2,day_ahead_price,value,2026-08-22T18:55:39Z
2026-08-22T18:49:31Z,2026-08-22T20:49:31+0200,32ee4a35-e929-46bf-8b2d-58a671b58f50,2026-08-22T13:45:00Z,2026-08-22T15:45:00+0200,2.7,EUR/MWh,DK2,DK_2,day_ahead_price,value,2026-08-22T18:55:39Z
2026-08-22T18:49:31Z,2026-08-22T20:49:31+0200,32ee4a35-e929-46bf-8b2d-58a671b58f50,2026-08-22T14:00:00Z,2026-08-22T16:00:00+0200,2.11,EUR/MWh,DK2,DK_2,day_ahead_price,value,2026-08-22T18:55:39Z
2026-08-22T18:49:31Z,2026-08-22T20:49:31+0200,32ee4a35-e929-46bf-8b2d-58a671b58f50,2026-08-22T14:15:00Z,2026-08-22T16:15:00+0200,3.98,EUR/MWh,DK2,DK_2,day_ahead_price,value,2026-08-22T18:55:39Z
2026-08-22T18:49:31Z,2026-08-22T20:49:31+0200,32ee4a35-e929-46bf-8b2d-58a671b58f50,2026-08-22T14:30:00Z,2026-08-22T16:30:00+0200,4.98,EUR/MWh,DK2,DK_2,day_ahead_price,value,2026-08-22T18:55:39Z
2026-08-22T18:49:31Z,2026-08-22T20:49:31+0200,32ee4a35-e929-46bf-8b2d-58a671b58f50,2026-08-22T14:45:00Z,2026-08-22T16:45:00+0200,8.91,EUR/MWh,DK2,DK_2,day_ahead_price,value,2026-08-22T18:55:39Z
2026-08-22T18:49:31Z,2026-08-22T20:49:31+0200,32ee4a35-e929-46bf-8b2d-58a671b58f50,2026-08-22T15:00:00Z,2026-08-22T17:00:00+0200,4.9,EUR/MWh,DK2,DK_2,day_ahead_price,value,2026-08-22T18:55:39Z
2026-08-22T18:49:31Z,2026-08-22T20:49:31+0200,32ee4a35-e929-46bf-8b2d-58a671b58f50,2026-08-22T15:15:00Z,2026-08-22T17:15:00+0200,6.14,EUR/MWh,DK2,DK_2,day_ahead_price,value,2026-08-22T18:55:39Z
2026-08-22T18:49:31Z,2026-08-22T20:49:31+0200,32ee4a35-e929-46bf-8b2d-58a671b58f50,2026-08-22T15:30:00Z,2026-08-22T17:30:00+0200,42.029999,EUR/MWh,DK2,DK_2,day_ahead_price,value,2026-08-22T18:55:39Z
2026-08-22T18:49:31Z,2026-08-22T20:49:31+0200,32ee4a35-e929-46bf-8b2d-58a671b58f50,2026-08-22T15:45:00Z,2026-08-22T17:45:00+0200,73.41,EUR/MWh,DK2,DK_2,day_ahead_price,value,2026-08-22T18:55:39Z
2026-08-22T18:49:31Z,2026-08-22T20:49:31+0200,32ee4a35-e929-46bf-8b2d-58a671b58f50,2026-08-22T16:00:00Z,2026-08-22T18:00:00+0200,76.660004,EUR/MWh,DK2,DK_2,day_ahead_price,value,2026-08-22T18:55:39Z
2026-08-22T18:49:31Z,2026-08-22T20:49:31+0200,32ee4a35-e929-46bf-8b2d-58a671b58f50,2026-08-22T16:15:00Z,2026-08-22T18:15:00+0200,94.82,EUR/MWh,DK2,DK_2,day_ahead_price,value,2026-08-22T18:55:39Z
2026-08-22T18:49:31Z,2026-08-22T20:49:31+0200,32ee4a35-e929-46bf-8b2d-58a671b58f50,2026-08-22T16:30:00Z,2026-08-22T18:30:00+0200,113.14,EUR/MWh,DK2,DK_2,day_ahead_price,value,2026-08-22T18:55:39Z
2026-08-22T18:49:31Z,2026-08-22T20:49:31+0200,32ee4a35-e929-46bf-8b2d-58a671b58f50,2026-08-22T16:45:00Z,2026-08-22T18:45:00+0200,134.550003,EUR/MWh,DK2,DK_2,day_ahead_price,value,2026-08-22T18:55:39Z
2026-08-22T18:49:31Z,2026-08-22T20:49:31+0200,32ee4a35-e929-46bf-8b2d-58a671b58f50,2026-08-22T17:00:00Z,2026-08-22T19:00:00+0200,133.75,EUR/MWh,DK2,DK_2,day_ahead_price,value,2026-08-22T18:55:39Z
2026-08-22T18:49:31Z,2026-08-22T20:49:31+0200,32ee4a35-e929-46bf-8b2d-58a671b58f50,2026-08-22T17:15:00Z,2026-08-22T19:15:00+0200,141.979996,EUR/MWh,DK2,DK_2,day_ahead_price,value,2026-08-22T18:55:39Z
2026-08-22T18:49:31Z,2026-08-22T20:49:31+0200,32ee4a35-e929-46bf-8b2d-58a671b58f50,2026-08-22T17:30:00Z,2026-08-22T19:30:00+0200,145.11,EUR/MWh,DK2,DK_2,day_ahead_price,value,2026-08-22T18:55:39Z
2026-08-22T18:49:31Z,2026-08-22T20:49:31+0200,32ee4a35-e929-46bf-8b2d-58a671b58f50,2026-08-22T17:45:00Z,2026-08-22T19:45:00+0200,146.080002,EUR/MWh,DK2,DK_2,day_ahead_price,value,2026-08-22T18:55:39Z
2026-08-22T18:49:31Z,2026-08-22T20:49:31+0200,32ee4a35-e929-46bf-8b2d-58a671b58f50,2026-08-22T18:00:00Z,2026-08-22T20:00:00+0200,143.259995,EUR/MWh,DK2,DK_2,day_ahead_price,value,2026-08-22T18:55:39Z
2026-08-22T18:49:31Z,2026-08-22T20:49:31+0200,32ee4a35-e929-46bf-8b2d-58a671b58f50,2026-08-22T18:15:00Z,2026-08-22T20:15:00+0200,142.97,EUR/MWh,DK2,DK_2,day_ahead_price,value,2026-08-22T18:55:39Z
2026-08-22T18:49:31Z,2026-08-22T20:49:31+0200,32ee4a35-e929-46bf-8b2d-58a671b58f50,2026-08-22T18:30:00Z,2026-08-22T20:30:00+0200,143.979996,EUR/MWh,DK2,DK_2,day_ahead_price,value,2026-08-22T18:55:39Z
2026-08-22T18:49:31Z,2026-08-22T20:49:31+0200,32ee4a35-e929-46bf-8b2d-58a671b58f50,2026-08-22T18:45:00Z,2026-08-22T20:45:00+0200,144.899994,EUR/MWh,DK2,DK_2,day_ahead_price,value,2026-08-22T18:55:39Z
2026-08-22T18:49:31Z,2026-08-22T20:49:31+0200,32ee4a35-e929-46bf-8b2d-58a671b58f50,2026-08-22T19:00:00Z,2026-08-22T21:00:00+0200,142.830002,EUR/MWh,DK2,DK_2,day_ahead_price,value,2026-08-22T18:55:39Z
