collection_time_utc,collection_time_local,run_id,timestamp_utc,timestamp_local,value,unit,country,entsoe_area,variable,source,updated_at_utc
2026-09-23T23:39:05Z,2026-09-24T01:39:05+0200,ed5f2f7e-d5c2-4a90-8c45-8fda4cc537f7,2026-09-17T00:00:00Z,2026-09-17T02:00:00+0200,0.0,MW,PT,PT,forecast_solar_generation,Solar,2026-09-23T23:40:06Z
2026-09-23T23:39:05Z,2026-09-24T01:39:05+0200,ed5f2f7e-d5c2-4a90-8c45-8fda4cc537f7,2026-09-17T01:00:00Z,2026-09-17T03:00:00+0200,0.0,MW,PT,PT,forecast_solar_generation,Solar,2026-09-23T23:40:06Z
2026-09-23T23:39:05Z,2026-09-24T01:39:05+0200,ed5f2f7e-d5c2-4a90-8c45-8fda4cc537f7,2026-09-17T02:00:00Z,2026-09-17T04:00:00+0200,0.0,MW,PT,PT,forecast_solar_generation,Solar,2026-09-23T23:40:06Z
2026-09-23T23:39:05Z,2026-09-24T01:39:05+0200,ed5f2f7e-d5c2-4a90-8c45-8fda4cc537f7,2026-09-17T03:00:00Z,2026-09-17T05:00:00+0200,0.0,MW,PT,PT,forecast_solar_generation,Solar,2026-09-23T23:40:06Z
2026-09-23T23:39:05Z,2026-09-24T01:39:05+0200,ed5f2f7e-d5c2-4a90-8c45-8fda4cc537f7,2026-09-17T04:00:00Z,2026-09-17T06:00:00+0200,0.0,MW,PT,PT,forecast_solar_generation,Solar,2026-09-23T23:40:06Z
2026-09-23T23:39:05Z,2026-09-24T01:39:05+0200,ed5f2f7e-d5c2-4a90-8c45-8fda4cc537f7,2026-09-17T05:00:00Z,2026-09-17T07:00:00+0200,0.0,MW,PT,PT,forecast_solar_generation,Solar,2026-09-23T23:40:06Z
2026-09-23T23:39:05Z,2026-09-24T01:39:05+0200,ed5f2f7e-d5c2-4a90-8c45-8fda4cc537f7,2026-09-17T06:00:00Z,2026-09-17T08:00:00+0200,77.1,MW,PT,PT,forecast_solar_generation,Solar,2026-09-23T23:40:06Z
2026-09-23T23:39:05Z,2026-09-24T01:39:05+0200,ed5f2f7e-d5c2-4a90-8c45-8fda4cc537f7,2026-09-17T07:00:00Z,2026-09-17T09:00:00+0200,720.9,MW,PT,PT,forecast_solar_generation,Solar,2026-09-23T23:40:06Z
2026-09-23T23:39:05Z,2026-09-24T01:39:05+0200,ed5f2f7e-d5c2-4a90-8c45-8fda4cc537f7,2026-09-17T08:00:00Z,2026-09-17T10:00:00+0200,1711.2,MW,PT,PT,forecast_solar_generation,Solar,2026-09-23T23:40:06Z
2026-09-23T23:39:05Z,2026-09-24T01:39:05+0200,ed5f2f7e-d5c2-4a90-8c45-8fda4cc537f7,2026-09-17T09:00:00Z,2026-09-17T11:00:00+0200,2439.2,MW,PT,PT,forecast_solar_generation,Solar,2026-09-23T23:40:06Z
2026-09-23T23:39:05Z,2026-09-24T01:39:05+0200,ed5f2f7e-d5c2-4a90-8c45-8fda4cc537f7,2026-09-17T10:00:00Z,2026-09-17T12:00:00+0200,2751.2,MW,PT,PT,forecast_solar_generation,Solar,2026-09-23T23:40:06Z
2026-09-23T23:39:05Z,2026-09-24T01:39:05+0200,ed5f2f7e-d5c2-4a90-8c45-8fda4cc537f7,2026-09-17T11:00:00Z,2026-09-17T13:00:00+0200,3019.5,MW,PT,PT,forecast_solar_generation,Solar,2026-09-23T23:40:06Z
2026-09-23T23:39:05Z,2026-09-24T01:39:05+0200,ed5f2f7e-d5c2-4a90-8c45-8fda4cc537f7,2026-09-17T12:00:00Z,2026-09-17T14:00:00+0200,3034.1,MW,PT,PT,forecast_solar_generation,Solar,2026-09-23T23:40:06Z
2026-09-23T23:39:05Z,2026-09-24T01:39:05+0200,ed5f2f7e-d5c2-4a90-8c45-8fda4cc537f7,2026-09-17T13:00:00Z,2026-09-17T15:00:00+0200,3016.7,MW,PT,PT,forecast_solar_generation,Solar,2026-09-23T23:40:06Z
2026-09-23T23:39:05Z,2026-09-24T01:39:05+0200,ed5f2f7e-d5c2-4a90-8c45-8fda4cc537f7,2026-09-17T14:00:00Z,2026-09-17T16:00:00+0200,2881.3,MW,PT,PT,forecast_solar_generation,Solar,2026-09-23T23:40:06Z
2026-09-23T23:39:05Z,2026-09-24T01:39:05+0200,ed5f2f7e-d5c2-4a90-8c45-8fda4cc537f7,2026-09-17T15:00:00Z,2026-09-17T17:00:00+0200,2230.9,MW,PT,PT,forecast_solar_generation,Solar,2026-09-23T23:40:06Z
2026-09-23T23:39:05Z,2026-09-24T01:39:05+0200,ed5f2f7e-d5c2-4a90-8c45-8fda4cc537f7,2026-09-17T16:00:00Z,2026-09-17T18:00:00+0200,1493.3,MW,PT,PT,forecast_solar_generation,Solar,2026-09-23T23:40:06Z
2026-09-23T23:39:05Z,2026-09-24T01:39:05+0200,ed5f2f7e-d5c2-4a90-8c45-8fda4cc537f7,2026-09-17T17:00:00Z,2026-09-17T19:00:00+0200,574.1,MW,PT,PT,forecast_solar_generation,Solar,2026-09-23T23:40:06Z
2026-09-23T23:39:05Z,2026-09-24T01:39:05+0200,ed5f2f7e-d5c2-4a90-8c45-8fda4cc537f7,2026-09-17T18:00:00Z,2026-09-17T20:00:00+0200,42.3,MW,PT,PT,forecast_solar_generation,Solar,2026-09-23T23:40:06Z
2026-09-23T23:39:05Z,2026-09-24T01:39:05+0200,ed5f2f7e-d5c2-4a90-8c45-8fda4cc537f7,2026-09-17T19:00:00Z,2026-09-17T21:00:00+0200,0.0,MW,PT,PT,forecast_solar_generation,Solar,2026-09-23T23:40:06Z
2026-09-23T23:39:05Z,2026-09-24T01:39:05+0200,ed5f2f7e-d5c2-4a90-8c45-8fda4cc537f7,2026-09-17T20:00:00Z,2026-09-17T22:00:00+0200,0.0,MW,PT,PT,forecast_solar_generation,Solar,2026-09-23T23:40:06Z
2026-09-23T23:39:05Z,2026-09-24T01:39:05+0200,ed5f2f7e-d5c2-4a90-8c45-8fda4cc537f7,2026-09-17T21:00:00Z,2026-09-17T23:00:00+0200,0.0,MW,PT,PT,forecast_solar_generation,Solar,2026-09-23T23:40:06Z
2026-09-23T23:39:05Z,2026-09-24T01:39:05+0200,ed5f2f7e-d5c2-4a90-8c45-8fda4cc537f7,2026-09-17T22:00:00Z,2026-09-18T00:00:00+0200,15.0,MW,PT,PT,forecast_solar_generation,Solar,2026-09-23T23:40:06Z
2026-09-23T23:39:05Z,2026-09-24T01:39:05+0200,ed5f2f7e-d5c2-4a90-8c45-8fda4cc537f7,2026-09-17T23:00:00Z,2026-09-18T01:00:00+0200,13.8,MW,PT,PT,forecast_solar_generation,Solar,2026-09-23T23:40:06Z
2026-09-23T23:39:05Z,2026-09-24T01:39:05+0200,ed5f2f7e-d5c2-4a90-8c45-8fda4cc537f7,2026-09-18T00:00:00Z,2026-09-18T02:00:00+0200,13.2,MW,PT,PT,forecast_solar_generation,Solar,2026-09-23T23:40:06Z
2026-09-23T23:39:05Z,2026-09-24T01:39:05+0200,ed5f2f7e-d5c2-4a90-8c45-8fda4cc537f7,2026-09-18T01:00:00Z,2026-09-18T03:00:00+0200,8.9,MW,PT,PT,forecast_solar_generation,Solar,2026-09-23T23:40:06Z
2026-09-23T23:39:05Z,2026-09-24T01:39:05+0200,ed5f2f7e-d5c2-4a90-8c45-8fda4cc537f7,2026-09-18T02:00:00Z,2026-09-18T04:00:00+0200,7.2,MW,PT,PT,forecast_solar_generation,Solar,2026-09-23T23:40:06Z
2026-09-23T23:39:05Z,2026-09-24T01:39:05+0200,ed5f2f7e-d5c2-4a90-8c45-8fda4cc537f7,2026-09-18T03:00:00Z,2026-09-18T05:00:00+0200,11.1,MW,PT,PT,forecast_solar_generation,Solar,2026-09-23T23:40:06Z
2026-09-23T23:39:05Z,2026-09-24T01:39:05+0200,ed5f2f7e-d5c2-4a90-8c45-8fda4cc537f7,2026-09-18T04:00:00Z,2026-09-18T06:00:00+0200,16.3,MW,PT,PT,forecast_solar_generation,Solar,2026-09-23T23:40:06Z
2026-09-23T23:39:05Z,2026-09-24T01:39:05+0200,ed5f2f7e-d5c2-4a90-8c45-8fda4cc537f7,2026-09-18T05:00:00Z,2026-09-18T07:00:00+0200,21.2,MW,PT,PT,forecast_solar_generation,Solar,2026-09-23T23:40:06Z
2026-09-23T23:39:05Z,2026-09-24T01:39:05+0200,ed5f2f7e-d5c2-4a90-8c45-8fda4cc537f7,2026-09-18T06:00:00Z,2026-09-18T08:00:00+0200,93.4,MW,PT,PT,forecast_solar_generation,Solar,2026-09-23T23:40:06Z
2026-09-23T23:39:05Z,2026-09-24T01:39:05+0200,ed5f2f7e-d5c2-4a90-8c45-8fda4cc537f7,2026-09-18T07:00:00Z,2026-09-18T09:00:00+0200,746.7,MW,PT,PT,forecast_solar_generation,Solar,2026-09-23T23:40:06Z
2026-09-23T23:39:05Z,2026-09-24T01:39:05+0200,ed5f2f7e-d5c2-4a90-8c45-8fda4cc537f7,2026-09-18T08:00:00Z,2026-09-18T10:00:00+0200,1864.5,MW,PT,PT,forecast_solar_generation,Solar,2026-09-23T23:40:06Z
2026-09-23T23:39:05Z,2026-09-24T01:39:05+0200,ed5f2f7e-d5c2-4a90-8c45-8fda4cc537f7,2026-09-18T09:00:00Z,2026-09-18T11:00:00+0200,2449.5,MW,PT,PT,forecast_solar_generation,Solar,2026-09-23T23:40:06Z
2026-09-23T23:39:05Z,2026-09-24T01:39:05+0200,ed5f2f7e-d5c2-4a90-8c45-8fda4cc537f7,2026-09-18T10:00:00Z,2026-09-18T12:00:00+0200,2773.7,MW,PT,PT,forecast_solar_generation,Solar,2026-09-23T23:40:06Z
2026-09-23T23:39:05Z,2026-09-24T01:39:05+0200,ed5f2f7e-d5c2-4a90-8c45-8fda4cc537f7,2026-09-18T11:00:00Z,2026-09-18T13:00:00+0200,2992.9,MW,PT,PT,forecast_solar_generation,Solar,2026-09-23T23:40:06Z
2026-09-23T23:39:05Z,2026-09-24T01:39:05+0200,ed5f2f7e-d5c2-4a90-8c45-8fda4cc537f7,2026-09-18T12:00:00Z,2026-09-18T14:00:00+0200,2985.0,MW,PT,PT,forecast_solar_generation,Solar,2026-09-23T23:40:06Z
2026-09-23T23:39:05Z,2026-09-24T01:39:05+0200,ed5f2f7e-d5c2-4a90-8c45-8fda4cc537f7,2026-09-18T13:00:00Z,2026-09-18T15:00:00+0200,3015.2,MW,PT,PT,forecast_solar_generation,Solar,2026-09-23T23:40:06Z
2026-09-23T23:39:05Z,2026-09-24T01:39:05+0200,ed5f2f7e-d5c2-4a90-8c45-8fda4cc537f7,2026-09-18T14:00:00Z,2026-09-18T16:00:00+0200,2861.8,MW,PT,PT,forecast_solar_generation,Solar,2026-09-23T23:40:06Z
2026-09-23T23:39:05Z,2026-09-24T01:39:05+0200,ed5f2f7e-d5c2-4a90-8c45-8fda4cc537f7,2026-09-18T15:00:00Z,2026-09-18T17:00:00+0200,2484.1,MW,PT,PT,forecast_solar_generation,Solar,2026-09-23T23:40:06Z
2026-09-23T23:39:05Z,2026-09-24T01:39:05+0200,ed5f2f7e-d5c2-4a90-8c45-8fda4cc537f7,2026-09-18T16:00:00Z,2026-09-18T18:00:00+0200,1616.4,MW,PT,PT,forecast_solar_generation,Solar,2026-09-23T23:40:06Z
2026-09-23T23:39:05Z,2026-09-24T01:39:05+0200,ed5f2f7e-d5c2-4a90-8c45-8fda4cc537f7,2026-09-18T17:00:00Z,2026-09-18T19:00:00+0200,587.0,MW,PT,PT,forecast_solar_generation,Solar,2026-09-23T23:40:06Z
2026-09-23T23:39:05Z,2026-09-24T01:39:05+0200,ed5f2f7e-d5c2-4a90-8c45-8fda4cc537f7,2026-09-18T18:00:00Z,2026-09-18T20:00:00+0200,116.8,MW,PT,PT,forecast_solar_generation,Solar,2026-09-23T23:40:06Z
2026-09-23T23:39:05Z,2026-09-24T01:39:05+0200,ed5f2f7e-d5c2-4a90-8c45-8fda4cc537f7,2026-09-18T19:00:00Z,2026-09-18T21:00:00+0200,28.6,MW,PT,PT,forecast_solar_generation,Solar,2026-09-23T23:40:06Z
2026-09-23T23:39:05Z,2026-09-24T01:39:05+0200,ed5f2f7e-d5c2-4a90-8c45-8fda4cc537f7,2026-09-18T20:00:00Z,2026-09-18T22:00:00+0200,22.4,MW,PT,PT,forecast_solar_generation,Solar,2026-09-23T23:40:06Z
2026-09-23T23:39:05Z,2026-09-24T01:39:05+0200,ed5f2f7e-d5c2-4a90-8c45-8fda4cc537f7,2026-09-18T21:00:00Z,2026-09-18T23:00:00+0200,17.6,MW,PT,PT,forecast_solar_generation,Solar,2026-09-23T23:40:06Z
2026-09-23T23:39:05Z,2026-09-24T01:39:05+0200,ed5f2f7e-d5c2-4a90-8c45-8fda4cc537f7,2026-09-18T22:00:00Z,2026-09-19T00:00:00+0200,0.0,MW,PT,PT,forecast_solar_generation,Solar,2026-09-23T23:40:06Z
2026-09-23T23:39:05Z,2026-09-24T01:39:05+0200,ed5f2f7e-d5c2-4a90-8c45-8fda4cc537f7,2026-09-18T23:00:00Z,2026-09-19T01:00:00+0200,1.2,MW,PT,PT,forecast_solar_generation,Solar,2026-09-23T23:40:06Z
2026-09-23T23:39:05Z,2026-09-24T01:39:05+0200,ed5f2f7e-d5c2-4a90-8c45-8fda4cc537f7,2026-09-19T00:00:00Z,2026-09-19T02:00:00+0200,1.2,MW,PT,PT,forecast_solar_generation,Solar,2026-09-23T23:40:06Z
2026-09-23T23:39:05Z,2026-09-24T01:39:05+0200,ed5f2f7e-d5c2-4a90-8c45-8fda4cc537f7,2026-09-19T01:00:00Z,2026-09-19T03:00:00+0200,0.0,MW,PT,PT,forecast_solar_generation,Solar,2026-09-23T23:40:06Z
2026-09-23T23:39:05Z,2026-09-24T01:39:05+0200,ed5f2f7e-d5c2-4a90-8c45-8fda4cc537f7,2026-09-19T02:00:00Z,2026-09-19T04:00:00+0200,0.2,MW,PT,PT,forecast_solar_generation,Solar,2026-09-23T23:40:06Z
2026-09-23T23:39:05Z,2026-09-24T01:39:05+0200,ed5f2f7e-d5c2-4a90-8c45-8fda4cc537f7,2026-09-19T03:00:00Z,2026-09-19T05:00:00+0200,0.0,MW,PT,PT,forecast_solar_generation,Solar,2026-09-23T23:40:06Z
2026-09-23T23:39:05Z,2026-09-24T01:39:05+0200,ed5f2f7e-d5c2-4a90-8c45-8fda4cc537f7,2026-09-19T04:00:00Z,2026-09-19T06:00:00+0200,0.0,MW,PT,PT,forecast_solar_generation,Solar,2026-09-23T23:40:06Z
2026-09-23T23:39:05Z,2026-09-24T01:39:05+0200,ed5f2f7e-d5c2-4a90-8c45-8fda4cc537f7,2026-09-19T05:00:00Z,2026-09-19T07:00:00+0200,0.0,MW,PT,PT,forecast_solar_generation,Solar,2026-09-23T23:40:06Z
2026-09-23T23:39:05Z,2026-09-24T01:39:05+0200,ed5f2f7e-d5c2-4a90-8c45-8fda4cc537f7,2026-09-19T06:00:00Z,2026-09-19T08:00:00+0200,71.9,MW,PT,PT,forecast_solar_generation,Solar,2026-09-23T23:40:06Z
2026-09-23T23:39:05Z,2026-09-24T01:39:05+0200,ed5f2f7e-d5c2-4a90-8c45-8fda4cc537f7,2026-09-19T07:00:00Z,2026-09-19T09:00:00+0200,856.0,MW,PT,PT,forecast_solar_generation,Solar,2026-09-23T23:40:06Z
2026-09-23T23:39:05Z,2026-09-24T01:39:05+0200,ed5f2f7e-d5c2-4a90-8c45-8fda4cc537f7,2026-09-19T08:00:00Z,2026-09-19T10:00:00+0200,1389.5,MW,PT,PT,forecast_solar_generation,Solar,2026-09-23T23:40:06Z
2026-09-23T23:39:05Z,2026-09-24T01:39:05+0200,ed5f2f7e-d5c2-4a90-8c45-8fda4cc537f7,2026-09-19T09:00:00Z,2026-09-19T11:00:00+0200,1788.6,MW,PT,PT,forecast_solar_generation,Solar,2026-09-23T23:40:06Z
2026-09-23T23:39:05Z,2026-09-24T01:39:05+0200,ed5f2f7e-d5c2-4a90-8c45-8fda4cc537f7,2026-09-19T10:00:00Z,2026-09-19T12:00:00+0200,2115.7,MW,PT,PT,forecast_solar_generation,Solar,2026-09-23T23:40:06Z
2026-09-23T23:39:05Z,2026-09-24T01:39:05+0200,ed5f2f7e-d5c2-4a90-8c45-8fda4cc537f7,2026-09-19T11:00:00Z,2026-09-19T13:00:00+0200,2285.9,MW,PT,PT,forecast_solar_generation,Solar,2026-09-23T23:40:06Z
2026-09-23T23:39:05Z,2026-09-24T01:39:05+0200,ed5f2f7e-d5c2-4a90-8c45-8fda4cc537f7,2026-09-19T12:00:00Z,2026-09-19T14:00:00+0200,2276.0,MW,PT,PT,forecast_solar_generation,Solar,2026-09-23T23:40:06Z
2026-09-23T23:39:05Z,2026-09-24T01:39:05+0200,ed5f2f7e-d5c2-4a90-8c45-8fda4cc537f7,2026-09-19T13:00:00Z,2026-09-19T15:00:00+0200,2153.2,MW,PT,PT,forecast_solar_generation,Solar,2026-09-23T23:40:06Z
2026-09-23T23:39:05Z,2026-09-24T01:39:05+0200,ed5f2f7e-d5c2-4a90-8c45-8fda4cc537f7,2026-09-19T14:00:00Z,2026-09-19T16:00:00+0200,2184.4,MW,PT,PT,forecast_solar_generation,Solar,2026-09-23T23:40:06Z
2026-09-23T23:39:05Z,2026-09-24T01:39:05+0200,ed5f2f7e-d5c2-4a90-8c45-8fda4cc537f7,2026-09-19T15:00:00Z,2026-09-19T17:00:00+0200,2078.1,MW,PT,PT,forecast_solar_generation,Solar,2026-09-23T23:40:06Z
2026-09-23T23:39:05Z,2026-09-24T01:39:05+0200,ed5f2f7e-d5c2-4a90-8c45-8fda4cc537f7,2026-09-19T16:00:00Z,2026-09-19T18:00:00+0200,1669.1,MW,PT,PT,forecast_solar_generation,Solar,2026-09-23T23:40:06Z
2026-09-23T23:39:05Z,2026-09-24T01:39:05+0200,ed5f2f7e-d5c2-4a90-8c45-8fda4cc537f7,2026-09-19T17:00:00Z,2026-09-19T19:00:00+0200,593.8,MW,PT,PT,forecast_solar_generation,Solar,2026-09-23T23:40:06Z
2026-09-23T23:39:05Z,2026-09-24T01:39:05+0200,ed5f2f7e-d5c2-4a90-8c45-8fda4cc537f7,2026-09-19T18:00:00Z,2026-09-19T20:00:00+0200,46.1,MW,PT,PT,forecast_solar_generation,Solar,2026-09-23T23:40:06Z
2026-09-23T23:39:05Z,2026-09-24T01:39:05+0200,ed5f2f7e-d5c2-4a90-8c45-8fda4cc537f7,2026-09-19T19:00:00Z,2026-09-19T21:00:00+0200,1.9,MW,PT,PT,forecast_solar_generation,Solar,2026-09-23T23:40:06Z
2026-09-23T23:39:05Z,2026-09-24T01:39:05+0200,ed5f2f7e-d5c2-4a90-8c45-8fda4cc537f7,2026-09-19T20:00:00Z,2026-09-19T22:00:00+0200,0.5,MW,PT,PT,forecast_solar_generation,Solar,2026-09-23T23:40:06Z
2026-09-23T23:39:05Z,2026-09-24T01:39:05+0200,ed5f2f7e-d5c2-4a90-8c45-8fda4cc537f7,2026-09-19T21:00:00Z,2026-09-19T23:00:00+0200,0.0,MW,PT,PT,forecast_solar_generation,Solar,2026-09-23T23:40:06Z
2026-09-23T23:39:05Z,2026-09-24T01:39:05+0200,ed5f2f7e-d5c2-4a90-8c45-8fda4cc537f7,2026-09-19T22:00:00Z,2026-09-20T00:00:00+0200,0.0,MW,PT,PT,forecast_solar_generation,Solar,2026-09-23T23:40:06Z
2026-09-23T23:39:05Z,2026-09-24T01:39:05+0200,ed5f2f7e-d5c2-4a90-8c45-8fda4cc537f7,2026-09-19T23:00:00Z,2026-09-20T01:00:00+0200,0.0,MW,PT,PT,forecast_solar_generation,Solar,2026-09-23T23:40:06Z
2026-09-23T23:39:05Z,2026-09-24T01:39:05+0200,ed5f2f7e-d5c2-4a90-8c45-8fda4cc537f7,2026-09-20T00:00:00Z,2026-09-20T02:00:00+0200,0.0,MW,PT,PT,forecast_solar_generation,Solar,2026-09-23T23:40:06Z
2026-09-23T23:39:05Z,2026-09-24T01:39:05+0200,ed5f2f7e-d5c2-4a90-8c45-8fda4cc537f7,2026-09-20T01:00:00Z,2026-09-20T03:00:00+0200,0.0,MW,PT,PT,forecast_solar_generation,Solar,2026-09-23T23:40:06Z
2026-09-23T23:39:05Z,2026-09-24T01:39:05+0200,ed5f2f7e-d5c2-4a90-8c45-8fda4cc537f7,2026-09-20T02:00:00Z,2026-09-20T04:00:00+0200,0.0,MW,PT,PT,forecast_solar_generation,Solar,2026-09-23T23:40:06Z
2026-09-23T23:39:05Z,2026-09-24T01:39:05+0200,ed5f2f7e-d5c2-4a90-8c45-8fda4cc537f7,2026-09-20T03:00:00Z,2026-09-20T05:00:00+0200,0.0,MW,PT,PT,forecast_solar_generation,Solar,2026-09-23T23:40:06Z
2026-09-23T23:39:05Z,2026-09-24T01:39:05+0200,ed5f2f7e-d5c2-4a90-8c45-8fda4cc537f7,2026-09-20T04:00:00Z,2026-09-20T06:00:00+0200,0.0,MW,PT,PT,forecast_solar_generation,Solar,2026-09-23T23:40:06Z
2026-09-23T23:39:05Z,2026-09-24T01:39:05+0200,ed5f2f7e-d5c2-4a90-8c45-8fda4cc537f7,2026-09-20T05:00:00Z,2026-09-20T07:00:00+0200,0.0,MW,PT,PT,forecast_solar_generation,Solar,2026-09-23T23:40:06Z
2026-09-23T23:39:05Z,2026-09-24T01:39:05+0200,ed5f2f7e-d5c2-4a90-8c45-8fda4cc537f7,2026-09-20T06:00:00Z,2026-09-20T08:00:00+0200,74.1,MW,PT,PT,forecast_solar_generation,Solar,2026-09-23T23:40:06Z
2026-09-23T23:39:05Z,2026-09-24T01:39:05+0200,ed5f2f7e-d5c2-4a90-8c45-8fda4cc537f7,2026-09-20T07:00:00Z,2026-09-20T09:00:00+0200,766.9,MW,PT,PT,forecast_solar_generation,Solar,2026-09-23T23:40:06Z
2026-09-23T23:39:05Z,2026-09-24T01:39:05+0200,ed5f2f7e-d5c2-4a90-8c45-8fda4cc537f7,2026-09-20T08:00:00Z,2026-09-20T10:00:00+0200,1351.4,MW,PT,PT,forecast_solar_generation,Solar,2026-09-23T23:40:06Z
2026-09-23T23:39:05Z,2026-09-24T01:39:05+0200,ed5f2f7e-d5c2-4a90-8c45-8fda4cc537f7,2026-09-20T09:00:00Z,2026-09-20T11:00:00+0200,1727.7,MW,PT,PT,forecast_solar_generation,Solar,2026-09-23T23:40:06Z
2026-09-23T23:39:05Z,2026-09-24T01:39:05+0200,ed5f2f7e-d5c2-4a90-8c45-8fda4cc537f7,2026-09-20T10:00:00Z,2026-09-20T12:00:00+0200,2023.4,MW,PT,PT,forecast_solar_generation,Solar,2026-09-23T23:40:06Z
2026-09-23T23:39:05Z,2026-09-24T01:39:05+0200,ed5f2f7e-d5c2-4a90-8c45-8fda4cc537f7,2026-09-20T11:00:00Z,2026-09-20T13:00:00+0200,2189.3,MW,PT,PT,forecast_solar_generation,Solar,2026-09-23T23:40:06Z
2026-09-23T23:39:05Z,2026-09-24T01:39:05+0200,ed5f2f7e-d5c2-4a90-8c45-8fda4cc537f7,2026-09-20T12:00:00Z,2026-09-20T14:00:00+0200,2201.7,MW,PT,PT,forecast_solar_generation,Solar,2026-09-23T23:40:06Z
2026-09-23T23:39:05Z,2026-09-24T01:39:05+0200,ed5f2f7e-d5c2-4a90-8c45-8fda4cc537f7,2026-09-20T13:00:00Z,2026-09-20T15:00:00+0200,2101.4,MW,PT,PT,forecast_solar_generation,Solar,2026-09-23T23:40:06Z
2026-09-23T23:39:05Z,2026-09-24T01:39:05+0200,ed5f2f7e-d5c2-4a90-8c45-8fda4cc537f7,2026-09-20T14:00:00Z,2026-09-20T16:00:00+0200,1920.0,MW,PT,PT,forecast_solar_generation,Solar,2026-09-23T23:40:06Z
2026-09-23T23:39:05Z,2026-09-24T01:39:05+0200,ed5f2f7e-d5c2-4a90-8c45-8fda4cc537f7,2026-09-20T15:00:00Z,2026-09-20T17:00:00+0200,1807.2,MW,PT,PT,forecast_solar_generation,Solar,2026-09-23T23:40:06Z
2026-09-23T23:39:05Z,2026-09-24T01:39:05+0200,ed5f2f7e-d5c2-4a90-8c45-8fda4cc537f7,2026-09-20T16:00:00Z,2026-09-20T18:00:00+0200,1605.4,MW,PT,PT,forecast_solar_generation,Solar,2026-09-23T23:40:06Z
2026-09-23T23:39:05Z,2026-09-24T01:39:05+0200,ed5f2f7e-d5c2-4a90-8c45-8fda4cc537f7,2026-09-20T17:00:00Z,2026-09-20T19:00:00+0200,620.3,MW,PT,PT,forecast_solar_generation,Solar,2026-09-23T23:40:06Z
2026-09-23T23:39:05Z,2026-09-24T01:39:05+0200,ed5f2f7e-d5c2-4a90-8c45-8fda4cc537f7,2026-09-20T18:00:00Z,2026-09-20T20:00:00+0200,44.8,MW,PT,PT,forecast_solar_generation,Solar,2026-09-23T23:40:06Z
2026-09-23T23:39:05Z,2026-09-24T01:39:05+0200,ed5f2f7e-d5c2-4a90-8c45-8fda4cc537f7,2026-09-20T19:00:00Z,2026-09-20T21:00:00+0200,3.2,MW,PT,PT,forecast_solar_generation,Solar,2026-09-23T23:40:06Z
2026-09-23T23:39:05Z,2026-09-24T01:39:05+0200,ed5f2f7e-d5c2-4a90-8c45-8fda4cc537f7,2026-09-20T20:00:00Z,2026-09-20T22:00:00+0200,0.0,MW,PT,PT,forecast_solar_generation,Solar,2026-09-23T23:40:06Z
2026-09-23T23:39:05Z,2026-09-24T01:39:05+0200,ed5f2f7e-d5c2-4a90-8c45-8fda4cc537f7,2026-09-20T21:00:00Z,2026-09-20T23:00:00+0200,0.0,MW,PT,PT,forecast_solar_generation,Solar,2026-09-23T23:40:06Z
2026-09-23T23:39:05Z,2026-09-24T01:39:05+0200,ed5f2f7e-d5c2-4a90-8c45-8fda4cc537f7,2026-09-20T22:00:00Z,2026-09-21T00:00:00+0200,0.0,MW,PT,PT,forecast_solar_generation,Solar,2026-09-23T23:40:06Z
2026-09-23T23:39:05Z,2026-09-24T01:39:05+0200,ed5f2f7e-d5c2-4a90-8c45-8fda4cc537f7,2026-09-20T23:00:00Z,2026-09-21T01:00:00+0200,0.0,MW,PT,PT,forecast_solar_generation,Solar,2026-09-23T23:40:06Z
2026-09-23T23:39:05Z,2026-09-24T01:39:05+0200,ed5f2f7e-d5c2-4a90-8c45-8fda4cc537f7,2026-09-21T00:00:00Z,2026-09-21T02:00:00+0200,0.0,MW,PT,PT,forecast_solar_generation,Solar,2026-09-23T23:40:06Z
2026-09-23T23:39:05Z,2026-09-24T01:39:05+0200,ed5f2f7e-d5c2-4a90-8c45-8fda4cc537f7,2026-09-21T01:00:00Z,2026-09-21T03:00:00+0200,0.0,MW,PT,PT,forecast_solar_generation,Solar,2026-09-23T23:40:06Z
2026-09-23T23:39:05Z,2026-09-24T01:39:05+0200,ed5f2f7e-d5c2-4a90-8c45-8fda4cc537f7,2026-09-21T02:00:00Z,2026-09-21T04:00:00+0200,1.2,MW,PT,PT,forecast_solar_generation,Solar,2026-09-23T23:40:06Z
2026-09-23T23:39:05Z,2026-09-24T01:39:05+0200,ed5f2f7e-d5c2-4a90-8c45-8fda4cc537f7,2026-09-21T03:00:00Z,2026-09-21T05:00:00+0200,0.0,MW,PT,PT,forecast_solar_generation,Solar,2026-09-23T23:40:06Z
2026-09-23T23:39:05Z,2026-09-24T01:39:05+0200,ed5f2f7e-d5c2-4a90-8c45-8fda4cc537f7,2026-09-21T04:00:00Z,2026-09-21T06:00:00+0200,0.0,MW,PT,PT,forecast_solar_generation,Solar,2026-09-23T23:40:06Z
2026-09-23T23:39:05Z,2026-09-24T01:39:05+0200,ed5f2f7e-d5c2-4a90-8c45-8fda4cc537f7,2026-09-21T05:00:00Z,2026-09-21T07:00:00+0200,0.0,MW,PT,PT,forecast_solar_generation,Solar,2026-09-23T23:40:06Z
2026-09-23T23:39:05Z,2026-09-24T01:39:05+0200,ed5f2f7e-d5c2-4a90-8c45-8fda4cc537f7,2026-09-21T06:00:00Z,2026-09-21T08:00:00+0200,59.2,MW,PT,PT,forecast_solar_generation,Solar,2026-09-23T23:40:06Z
2026-09-23T23:39:05Z,2026-09-24T01:39:05+0200,ed5f2f7e-d5c2-4a90-8c45-8fda4cc537f7,2026-09-21T07:00:00Z,2026-09-21T09:00:00+0200,801.0,MW,PT,PT,forecast_solar_generation,Solar,2026-09-23T23:40:06Z
2026-09-23T23:39:05Z,2026-09-24T01:39:05+0200,ed5f2f7e-d5c2-4a90-8c45-8fda4cc537f7,2026-09-21T08:00:00Z,2026-09-21T10:00:00+0200,1916.1,MW,PT,PT,forecast_solar_generation,Solar,2026-09-23T23:40:06Z
2026-09-23T23:39:05Z,2026-09-24T01:39:05+0200,ed5f2f7e-d5c2-4a90-8c45-8fda4cc537f7,2026-09-21T09:00:00Z,2026-09-21T11:00:00+0200,2622.7,MW,PT,PT,forecast_solar_generation,Solar,2026-09-23T23:40:06Z
2026-09-23T23:39:05Z,2026-09-24T01:39:05+0200,ed5f2f7e-d5c2-4a90-8c45-8fda4cc537f7,2026-09-21T10:00:00Z,2026-09-21T12:00:00+0200,2850.3,MW,PT,PT,forecast_solar_generation,Solar,2026-09-23T23:40:06Z
2026-09-23T23:39:05Z,2026-09-24T01:39:05+0200,ed5f2f7e-d5c2-4a90-8c45-8fda4cc537f7,2026-09-21T11:00:00Z,2026-09-21T13:00:00+0200,3084.3,MW,PT,PT,forecast_solar_generation,Solar,2026-09-23T23:40:06Z
2026-09-23T23:39:05Z,2026-09-24T01:39:05+0200,ed5f2f7e-d5c2-4a90-8c45-8fda4cc537f7,2026-09-21T12:00:00Z,2026-09-21T14:00:00+0200,3140.2,MW,PT,PT,forecast_solar_generation,Solar,2026-09-23T23:40:06Z
2026-09-23T23:39:05Z,2026-09-24T01:39:05+0200,ed5f2f7e-d5c2-4a90-8c45-8fda4cc537f7,2026-09-21T13:00:00Z,2026-09-21T15:00:00+0200,3186.4,MW,PT,PT,forecast_solar_generation,Solar,2026-09-23T23:40:06Z
2026-09-23T23:39:05Z,2026-09-24T01:39:05+0200,ed5f2f7e-d5c2-4a90-8c45-8fda4cc537f7,2026-09-21T14:00:00Z,2026-09-21T16:00:00+0200,3047.9,MW,PT,PT,forecast_solar_generation,Solar,2026-09-23T23:40:06Z
2026-09-23T23:39:05Z,2026-09-24T01:39:05+0200,ed5f2f7e-d5c2-4a90-8c45-8fda4cc537f7,2026-09-21T15:00:00Z,2026-09-21T17:00:00+0200,2596.2,MW,PT,PT,forecast_solar_generation,Solar,2026-09-23T23:40:06Z
2026-09-23T23:39:05Z,2026-09-24T01:39:05+0200,ed5f2f7e-d5c2-4a90-8c45-8fda4cc537f7,2026-09-21T16:00:00Z,2026-09-21T18:00:00+0200,1689.7,MW,PT,PT,forecast_solar_generation,Solar,2026-09-23T23:40:06Z
2026-09-23T23:39:05Z,2026-09-24T01:39:05+0200,ed5f2f7e-d5c2-4a90-8c45-8fda4cc537f7,2026-09-21T17:00:00Z,2026-09-21T19:00:00+0200,595.6,MW,PT,PT,forecast_solar_generation,Solar,2026-09-23T23:40:06Z
2026-09-23T23:39:05Z,2026-09-24T01:39:05+0200,ed5f2f7e-d5c2-4a90-8c45-8fda4cc537f7,2026-09-21T18:00:00Z,2026-09-21T20:00:00+0200,32.6,MW,PT,PT,forecast_solar_generation,Solar,2026-09-23T23:40:06Z
2026-09-23T23:39:05Z,2026-09-24T01:39:05+0200,ed5f2f7e-d5c2-4a90-8c45-8fda4cc537f7,2026-09-21T19:00:00Z,2026-09-21T21:00:00+0200,6.2,MW,PT,PT,forecast_solar_generation,Solar,2026-09-23T23:40:06Z
2026-09-23T23:39:05Z,2026-09-24T01:39:05+0200,ed5f2f7e-d5c2-4a90-8c45-8fda4cc537f7,2026-09-21T20:00:00Z,2026-09-21T22:00:00+0200,0.0,MW,PT,PT,forecast_solar_generation,Solar,2026-09-23T23:40:06Z
2026-09-23T23:39:05Z,2026-09-24T01:39:05+0200,ed5f2f7e-d5c2-4a90-8c45-8fda4cc537f7,2026-09-21T21:00:00Z,2026-09-21T23:00:00+0200,0.0,MW,PT,PT,forecast_solar_generation,Solar,2026-09-23T23:40:06Z
2026-09-23T23:39:05Z,2026-09-24T01:39:05+0200,ed5f2f7e-d5c2-4a90-8c45-8fda4cc537f7,2026-09-21T22:00:00Z,2026-09-22T00:00:00+0200,0.0,MW,PT,PT,forecast_solar_generation,Solar,2026-09-23T23:40:06Z
2026-09-23T23:39:05Z,2026-09-24T01:39:05+0200,ed5f2f7e-d5c2-4a90-8c45-8fda4cc537f7,2026-09-21T23:00:00Z,2026-09-22T01:00:00+0200,0.0,MW,PT,PT,forecast_solar_generation,Solar,2026-09-23T23:40:06Z
2026-09-23T23:39:05Z,2026-09-24T01:39:05+0200,ed5f2f7e-d5c2-4a90-8c45-8fda4cc537f7,2026-09-22T00:00:00Z,2026-09-22T02:00:00+0200,0.0,MW,PT,PT,forecast_solar_generation,Solar,2026-09-23T23:40:06Z
2026-09-23T23:39:05Z,2026-09-24T01:39:05+0200,ed5f2f7e-d5c2-4a90-8c45-8fda4cc537f7,2026-09-22T01:00:00Z,2026-09-22T03:00:00+0200,0.0,MW,PT,PT,forecast_solar_generation,Solar,2026-09-23T23:40:06Z
2026-09-23T23:39:05Z,2026-09-24T01:39:05+0200,ed5f2f7e-d5c2-4a90-8c45-8fda4cc537f7,2026-09-22T02:00:00Z,2026-09-22T04:00:00+0200,0.0,MW,PT,PT,forecast_solar_generation,Solar,2026-09-23T23:40:06Z
2026-09-23T23:39:05Z,2026-09-24T01:39:05+0200,ed5f2f7e-d5c2-4a90-8c45-8fda4cc537f7,2026-09-22T03:00:00Z,2026-09-22T05:00:00+0200,0.0,MW,PT,PT,forecast_solar_generation,Solar,2026-09-23T23:40:06Z
2026-09-23T23:39:05Z,2026-09-24T01:39:05+0200,ed5f2f7e-d5c2-4a90-8c45-8fda4cc537f7,2026-09-22T04:00:00Z,2026-09-22T06:00:00+0200,0.0,MW,PT,PT,forecast_solar_generation,Solar,2026-09-23T23:40:06Z
2026-09-23T23:39:05Z,2026-09-24T01:39:05+0200,ed5f2f7e-d5c2-4a90-8c45-8fda4cc537f7,2026-09-22T05:00:00Z,2026-09-22T07:00:00+0200,0.0,MW,PT,PT,forecast_solar_generation,Solar,2026-09-23T23:40:06Z
2026-09-23T23:39:05Z,2026-09-24T01:39:05+0200,ed5f2f7e-d5c2-4a90-8c45-8fda4cc537f7,2026-09-22T06:00:00Z,2026-09-22T08:00:00+0200,76.8,MW,PT,PT,forecast_solar_generation,Solar,2026-09-23T23:40:06Z
2026-09-23T23:39:05Z,2026-09-24T01:39:05+0200,ed5f2f7e-d5c2-4a90-8c45-8fda4cc537f7,2026-09-22T07:00:00Z,2026-09-22T09:00:00+0200,784.1,MW,PT,PT,forecast_solar_generation,Solar,2026-09-23T23:40:06Z
2026-09-23T23:39:05Z,2026-09-24T01:39:05+0200,ed5f2f7e-d5c2-4a90-8c45-8fda4cc537f7,2026-09-22T08:00:00Z,2026-09-22T10:00:00+0200,1877.2,MW,PT,PT,forecast_solar_generation,Solar,2026-09-23T23:40:06Z
2026-09-23T23:39:05Z,2026-09-24T01:39:05+0200,ed5f2f7e-d5c2-4a90-8c45-8fda4cc537f7,2026-09-22T09:00:00Z,2026-09-22T11:00:00+0200,2675.6,MW,PT,PT,forecast_solar_generation,Solar,2026-09-23T23:40:06Z
2026-09-23T23:39:05Z,2026-09-24T01:39:05+0200,ed5f2f7e-d5c2-4a90-8c45-8fda4cc537f7,2026-09-22T10:00:00Z,2026-09-22T12:00:00+0200,3000.8,MW,PT,PT,forecast_solar_generation,Solar,2026-09-23T23:40:06Z
2026-09-23T23:39:05Z,2026-09-24T01:39:05+0200,ed5f2f7e-d5c2-4a90-8c45-8fda4cc537f7,2026-09-22T11:00:00Z,2026-09-22T13:00:00+0200,3141.7,MW,PT,PT,forecast_solar_generation,Solar,2026-09-23T23:40:06Z
2026-09-23T23:39:05Z,2026-09-24T01:39:05+0200,ed5f2f7e-d5c2-4a90-8c45-8fda4cc537f7,2026-09-22T12:00:00Z,2026-09-22T14:00:00+0200,3177.0,MW,PT,PT,forecast_solar_generation,Solar,2026-09-23T23:40:06Z
2026-09-23T23:39:05Z,2026-09-24T01:39:05+0200,ed5f2f7e-d5c2-4a90-8c45-8fda4cc537f7,2026-09-22T13:00:00Z,2026-09-22T15:00:00+0200,3188.0,MW,PT,PT,forecast_solar_generation,Solar,2026-09-23T23:40:06Z
2026-09-23T23:39:05Z,2026-09-24T01:39:05+0200,ed5f2f7e-d5c2-4a90-8c45-8fda4cc537f7,2026-09-22T14:00:00Z,2026-09-22T16:00:00+0200,3013.2,MW,PT,PT,forecast_solar_generation,Solar,2026-09-23T23:40:06Z
2026-09-23T23:39:05Z,2026-09-24T01:39:05+0200,ed5f2f7e-d5c2-4a90-8c45-8fda4cc537f7,2026-09-22T15:00:00Z,2026-09-22T17:00:00+0200,2422.4,MW,PT,PT,forecast_solar_generation,Solar,2026-09-23T23:40:06Z
2026-09-23T23:39:05Z,2026-09-24T01:39:05+0200,ed5f2f7e-d5c2-4a90-8c45-8fda4cc537f7,2026-09-22T16:00:00Z,2026-09-22T18:00:00+0200,1658.6,MW,PT,PT,forecast_solar_generation,Solar,2026-09-23T23:40:06Z
2026-09-23T23:39:05Z,2026-09-24T01:39:05+0200,ed5f2f7e-d5c2-4a90-8c45-8fda4cc537f7,2026-09-22T17:00:00Z,2026-09-22T19:00:00+0200,646.0,MW,PT,PT,forecast_solar_generation,Solar,2026-09-23T23:40:06Z
2026-09-23T23:39:05Z,2026-09-24T01:39:05+0200,ed5f2f7e-d5c2-4a90-8c45-8fda4cc537f7,2026-09-22T18:00:00Z,2026-09-22T20:00:00+0200,54.7,MW,PT,PT,forecast_solar_generation,Solar,2026-09-23T23:40:06Z
2026-09-23T23:39:05Z,2026-09-24T01:39:05+0200,ed5f2f7e-d5c2-4a90-8c45-8fda4cc537f7,2026-09-22T19:00:00Z,2026-09-22T21:00:00+0200,34.2,MW,PT,PT,forecast_solar_generation,Solar,2026-09-23T23:40:06Z
2026-09-23T23:39:05Z,2026-09-24T01:39:05+0200,ed5f2f7e-d5c2-4a90-8c45-8fda4cc537f7,2026-09-22T20:00:00Z,2026-09-22T22:00:00+0200,0.0,MW,PT,PT,forecast_solar_generation,Solar,2026-09-23T23:40:06Z
2026-09-23T23:39:05Z,2026-09-24T01:39:05+0200,ed5f2f7e-d5c2-4a90-8c45-8fda4cc537f7,2026-09-22T21:00:00Z,2026-09-22T23:00:00+0200,0.0,MW,PT,PT,forecast_solar_generation,Solar,2026-09-23T23:40:06Z
2026-09-23T23:39:05Z,2026-09-24T01:39:05+0200,ed5f2f7e-d5c2-4a90-8c45-8fda4cc537f7,2026-09-22T22:00:00Z,2026-09-23T00:00:00+0200,17.1,MW,PT,PT,forecast_solar_generation,Solar,2026-09-23T23:40:06Z
2026-09-23T23:39:05Z,2026-09-24T01:39:05+0200,ed5f2f7e-d5c2-4a90-8c45-8fda4cc537f7,2026-09-22T23:00:00Z,2026-09-23T01:00:00+0200,12.3,MW,PT,PT,forecast_solar_generation,Solar,2026-09-23T23:40:06Z
2026-09-23T23:39:05Z,2026-09-24T01:39:05+0200,ed5f2f7e-d5c2-4a90-8c45-8fda4cc537f7,2026-09-23T00:00:00Z,2026-09-23T02:00:00+0200,8.3,MW,PT,PT,forecast_solar_generation,Solar,2026-09-23T23:40:06Z
2026-09-23T23:39:05Z,2026-09-24T01:39:05+0200,ed5f2f7e-d5c2-4a90-8c45-8fda4cc537f7,2026-09-23T01:00:00Z,2026-09-23T03:00:00+0200,8.3,MW,PT,PT,forecast_solar_generation,Solar,2026-09-23T23:40:06Z
2026-09-23T23:39:05Z,2026-09-24T01:39:05+0200,ed5f2f7e-d5c2-4a90-8c45-8fda4cc537f7,2026-09-23T02:00:00Z,2026-09-23T04:00:00+0200,9.8,MW,PT,PT,forecast_solar_generation,Solar,2026-09-23T23:40:06Z
2026-09-23T23:39:05Z,2026-09-24T01:39:05+0200,ed5f2f7e-d5c2-4a90-8c45-8fda4cc537f7,2026-09-23T03:00:00Z,2026-09-23T05:00:00+0200,9.6,MW,PT,PT,forecast_solar_generation,Solar,2026-09-23T23:40:06Z
2026-09-23T23:39:05Z,2026-09-24T01:39:05+0200,ed5f2f7e-d5c2-4a90-8c45-8fda4cc537f7,2026-09-23T04:00:00Z,2026-09-23T06:00:00+0200,17.0,MW,PT,PT,forecast_solar_generation,Solar,2026-09-23T23:40:06Z
2026-09-23T23:39:05Z,2026-09-24T01:39:05+0200,ed5f2f7e-d5c2-4a90-8c45-8fda4cc537f7,2026-09-23T05:00:00Z,2026-09-23T07:00:00+0200,18.2,MW,PT,PT,forecast_solar_generation,Solar,2026-09-23T23:40:06Z
2026-09-23T23:39:05Z,2026-09-24T01:39:05+0200,ed5f2f7e-d5c2-4a90-8c45-8fda4cc537f7,2026-09-23T06:00:00Z,2026-09-23T08:00:00+0200,97.4,MW,PT,PT,forecast_solar_generation,Solar,2026-09-23T23:40:06Z
2026-09-23T23:39:05Z,2026-09-24T01:39:05+0200,ed5f2f7e-d5c2-4a90-8c45-8fda4cc537f7,2026-09-23T07:00:00Z,2026-09-23T09:00:00+0200,714.6,MW,PT,PT,forecast_solar_generation,Solar,2026-09-23T23:40:06Z
2026-09-23T23:39:05Z,2026-09-24T01:39:05+0200,ed5f2f7e-d5c2-4a90-8c45-8fda4cc537f7,2026-09-23T08:00:00Z,2026-09-23T10:00:00+0200,1851.5,MW,PT,PT,forecast_solar_generation,Solar,2026-09-23T23:40:06Z
2026-09-23T23:39:05Z,2026-09-24T01:39:05+0200,ed5f2f7e-d5c2-4a90-8c45-8fda4cc537f7,2026-09-23T09:00:00Z,2026-09-23T11:00:00+0200,2667.0,MW,PT,PT,forecast_solar_generation,Solar,2026-09-23T23:40:06Z
2026-09-23T23:39:05Z,2026-09-24T01:39:05+0200,ed5f2f7e-d5c2-4a90-8c45-8fda4cc537f7,2026-09-23T10:00:00Z,2026-09-23T12:00:00+0200,3049.0,MW,PT,PT,forecast_solar_generation,Solar,2026-09-23T23:40:06Z
2026-09-23T23:39:05Z,2026-09-24T01:39:05+0200,ed5f2f7e-d5c2-4a90-8c45-8fda4cc537f7,2026-09-23T11:00:00Z,2026-09-23T13:00:00+0200,3154.2,MW,PT,PT,forecast_solar_generation,Solar,2026-09-23T23:40:06Z
2026-09-23T23:39:05Z,2026-09-24T01:39:05+0200,ed5f2f7e-d5c2-4a90-8c45-8fda4cc537f7,2026-09-23T12:00:00Z,2026-09-23T14:00:00+0200,3262.3,MW,PT,PT,forecast_solar_generation,Solar,2026-09-23T23:40:06Z
2026-09-23T23:39:05Z,2026-09-24T01:39:05+0200,ed5f2f7e-d5c2-4a90-8c45-8fda4cc537f7,2026-09-23T13:00:00Z,2026-09-23T15:00:00+0200,3184.9,MW,PT,PT,forecast_solar_generation,Solar,2026-09-23T23:40:06Z
2026-09-23T23:39:05Z,2026-09-24T01:39:05+0200,ed5f2f7e-d5c2-4a90-8c45-8fda4cc537f7,2026-09-23T14:00:00Z,2026-09-23T16:00:00+0200,2974.3,MW,PT,PT,forecast_solar_generation,Solar,2026-09-23T23:40:06Z
2026-09-23T23:39:05Z,2026-09-24T01:39:05+0200,ed5f2f7e-d5c2-4a90-8c45-8fda4cc537f7,2026-09-23T15:00:00Z,2026-09-23T17:00:00+0200,2489.3,MW,PT,PT,forecast_solar_generation,Solar,2026-09-23T23:40:06Z
2026-09-23T23:39:05Z,2026-09-24T01:39:05+0200,ed5f2f7e-d5c2-4a90-8c45-8fda4cc537f7,2026-09-23T16:00:00Z,2026-09-23T18:00:00+0200,1569.0,MW,PT,PT,forecast_solar_generation,Solar,2026-09-23T23:40:06Z
2026-09-23T23:39:05Z,2026-09-24T01:39:05+0200,ed5f2f7e-d5c2-4a90-8c45-8fda4cc537f7,2026-09-23T17:00:00Z,2026-09-23T19:00:00+0200,650.1,MW,PT,PT,forecast_solar_generation,Solar,2026-09-23T23:40:06Z
2026-09-23T23:39:05Z,2026-09-24T01:39:05+0200,ed5f2f7e-d5c2-4a90-8c45-8fda4cc537f7,2026-09-23T18:00:00Z,2026-09-23T20:00:00+0200,89.7,MW,PT,PT,forecast_solar_generation,Solar,2026-09-23T23:40:06Z
2026-09-23T23:39:05Z,2026-09-24T01:39:05+0200,ed5f2f7e-d5c2-4a90-8c45-8fda4cc537f7,2026-09-23T19:00:00Z,2026-09-23T21:00:00+0200,63.1,MW,PT,PT,forecast_solar_generation,Solar,2026-09-23T23:40:06Z
2026-09-23T23:39:05Z,2026-09-24T01:39:05+0200,ed5f2f7e-d5c2-4a90-8c45-8fda4cc537f7,2026-09-23T20:00:00Z,2026-09-23T22:00:00+0200,30.3,MW,PT,PT,forecast_solar_generation,Solar,2026-09-23T23:40:06Z
2026-09-23T23:39:05Z,2026-09-24T01:39:05+0200,ed5f2f7e-d5c2-4a90-8c45-8fda4cc537f7,2026-09-23T21:00:00Z,2026-09-23T23:00:00+0200,29.7,MW,PT,PT,forecast_solar_generation,Solar,2026-09-23T23:40:06Z
2026-09-23T23:39:05Z,2026-09-24T01:39:05+0200,ed5f2f7e-d5c2-4a90-8c45-8fda4cc537f7,2026-09-23T22:00:00Z,2026-09-24T00:00:00+0200,4.1,MW,PT,PT,forecast_solar_generation,Solar,2026-09-23T23:40:06Z
2026-09-23T23:39:05Z,2026-09-24T01:39:05+0200,ed5f2f7e-d5c2-4a90-8c45-8fda4cc537f7,2026-09-23T23:00:00Z,2026-09-24T01:00:00+0200,3.6,MW,PT,PT,forecast_solar_generation,Solar,2026-09-23T23:40:06Z
2026-09-23T23:39:05Z,2026-09-24T01:39:05+0200,ed5f2f7e-d5c2-4a90-8c45-8fda4cc537f7,2026-09-24T00:00:00Z,2026-09-24T02:00:00+0200,3.5,MW,PT,PT,forecast_solar_generation,Solar,2026-09-23T23:40:09Z
2026-09-23T23:39:05Z,2026-09-24T01:39:05+0200,ed5f2f7e-d5c2-4a90-8c45-8fda4cc537f7,2026-09-24T01:00:00Z,2026-09-24T03:00:00+0200,3.5,MW,PT,PT,forecast_solar_generation,Solar,2026-09-23T23:40:09Z
2026-09-23T23:39:05Z,2026-09-24T01:39:05+0200,ed5f2f7e-d5c2-4a90-8c45-8fda4cc537f7,2026-09-24T02:00:00Z,2026-09-24T04:00:00+0200,3.5,MW,PT,PT,forecast_solar_generation,Solar,2026-09-23T23:40:09Z
2026-09-23T23:39:05Z,2026-09-24T01:39:05+0200,ed5f2f7e-d5c2-4a90-8c45-8fda4cc537f7,2026-09-24T03:00:00Z,2026-09-24T05:00:00+0200,4.3,MW,PT,PT,forecast_solar_generation,Solar,2026-09-23T23:40:09Z
2026-09-23T23:39:05Z,2026-09-24T01:39:05+0200,ed5f2f7e-d5c2-4a90-8c45-8fda4cc537f7,2026-09-24T04:00:00Z,2026-09-24T06:00:00+0200,4.3,MW,PT,PT,forecast_solar_generation,Solar,2026-09-23T23:40:09Z
2026-09-23T23:39:05Z,2026-09-24T01:39:05+0200,ed5f2f7e-d5c2-4a90-8c45-8fda4cc537f7,2026-09-24T05:00:00Z,2026-09-24T07:00:00+0200,15.7,MW,PT,PT,forecast_solar_generation,Solar,2026-09-23T23:40:09Z
2026-09-23T23:39:05Z,2026-09-24T01:39:05+0200,ed5f2f7e-d5c2-4a90-8c45-8fda4cc537f7,2026-09-24T06:00:00Z,2026-09-24T08:00:00+0200,80.1,MW,PT,PT,forecast_solar_generation,Solar,2026-09-23T23:40:09Z
2026-09-23T23:39:05Z,2026-09-24T01:39:05+0200,ed5f2f7e-d5c2-4a90-8c45-8fda4cc537f7,2026-09-24T07:00:00Z,2026-09-24T09:00:00+0200,759.1,MW,PT,PT,forecast_solar_generation,Solar,2026-09-23T23:40:09Z
2026-09-23T23:39:05Z,2026-09-24T01:39:05+0200,ed5f2f7e-d5c2-4a90-8c45-8fda4cc537f7,2026-09-24T08:00:00Z,2026-09-24T10:00:00+0200,1822.9,MW,PT,PT,forecast_solar_generation,Solar,2026-09-23T23:40:09Z
2026-09-23T23:39:05Z,2026-09-24T01:39:05+0200,ed5f2f7e-d5c2-4a90-8c45-8fda4cc537f7,2026-09-24T09:00:00Z,2026-09-24T11:00:00+0200,2541.5,MW,PT,PT,forecast_solar_generation,Solar,2026-09-23T23:40:09Z
2026-09-23T23:39:05Z,2026-09-24T01:39:05+0200,ed5f2f7e-d5c2-4a90-8c45-8fda4cc537f7,2026-09-24T10:00:00Z,2026-09-24T12:00:00+0200,2963.6,MW,PT,PT,forecast_solar_generation,Solar,2026-09-23T23:40:09Z
2026-09-23T23:39:05Z,2026-09-24T01:39:05+0200,ed5f2f7e-d5c2-4a90-8c45-8fda4cc537f7,2026-09-24T11:00:00Z,2026-09-24T13:00:00+0200,3095.8,MW,PT,PT,forecast_solar_generation,Solar,2026-09-23T23:40:09Z
2026-09-23T23:39:05Z,2026-09-24T01:39:05+0200,ed5f2f7e-d5c2-4a90-8c45-8fda4cc537f7,2026-09-24T12:00:00Z,2026-09-24T14:00:00+0200,3175.0,MW,PT,PT,forecast_solar_generation,Solar,2026-09-23T23:40:09Z
2026-09-23T23:39:05Z,2026-09-24T01:39:05+0200,ed5f2f7e-d5c2-4a90-8c45-8fda4cc537f7,2026-09-24T13:00:00Z,2026-09-24T15:00:00+0200,3097.2,MW,PT,PT,forecast_solar_generation,Solar,2026-09-23T23:40:09Z
2026-09-23T23:39:05Z,2026-09-24T01:39:05+0200,ed5f2f7e-d5c2-4a90-8c45-8fda4cc537f7,2026-09-24T14:00:00Z,2026-09-24T16:00:00+0200,2891.3,MW,PT,PT,forecast_solar_generation,Solar,2026-09-23T23:40:09Z
2026-09-23T23:39:05Z,2026-09-24T01:39:05+0200,ed5f2f7e-d5c2-4a90-8c45-8fda4cc537f7,2026-09-24T15:00:00Z,2026-09-24T17:00:00+0200,2446.5,MW,PT,PT,forecast_solar_generation,Solar,2026-09-23T23:40:09Z
2026-09-23T23:39:05Z,2026-09-24T01:39:05+0200,ed5f2f7e-d5c2-4a90-8c45-8fda4cc537f7,2026-09-24T16:00:00Z,2026-09-24T18:00:00+0200,1572.7,MW,PT,PT,forecast_solar_generation,Solar,2026-09-23T23:40:09Z
2026-09-23T23:39:05Z,2026-09-24T01:39:05+0200,ed5f2f7e-d5c2-4a90-8c45-8fda4cc537f7,2026-09-24T17:00:00Z,2026-09-24T19:00:00+0200,603.3,MW,PT,PT,forecast_solar_generation,Solar,2026-09-23T23:40:09Z
2026-09-23T23:39:05Z,2026-09-24T01:39:05+0200,ed5f2f7e-d5c2-4a90-8c45-8fda4cc537f7,2026-09-24T18:00:00Z,2026-09-24T20:00:00+0200,99.0,MW,PT,PT,forecast_solar_generation,Solar,2026-09-23T23:40:09Z
2026-09-23T23:39:05Z,2026-09-24T01:39:05+0200,ed5f2f7e-d5c2-4a90-8c45-8fda4cc537f7,2026-09-24T19:00:00Z,2026-09-24T21:00:00+0200,32.0,MW,PT,PT,forecast_solar_generation,Solar,2026-09-23T23:40:09Z
2026-09-23T23:39:05Z,2026-09-24T01:39:05+0200,ed5f2f7e-d5c2-4a90-8c45-8fda4cc537f7,2026-09-24T20:00:00Z,2026-09-24T22:00:00+0200,19.3,MW,PT,PT,forecast_solar_generation,Solar,2026-09-23T23:40:09Z
2026-09-23T23:39:05Z,2026-09-24T01:39:05+0200,ed5f2f7e-d5c2-4a90-8c45-8fda4cc537f7,2026-09-24T21:00:00Z,2026-09-24T23:00:00+0200,12.0,MW,PT,PT,forecast_solar_generation,Solar,2026-09-23T23:40:09Z
