collection_time_utc,collection_time_local,run_id,timestamp_utc,timestamp_local,value,unit,country,entsoe_area,variable,source,updated_at_utc
2026-08-21T19:16:33Z,2026-08-21T21:16:33+0200,0512be31-62a2-4d6f-b006-20ecbb9f67d0,2026-07-21T20:00:00Z,2026-07-21T22:00:00+0200,513.599386,MW,BE,BE,actual_onshore_wind_generation,Wind Onshore,2026-08-21T19:17:13Z
2026-08-21T19:16:33Z,2026-08-21T21:16:33+0200,0512be31-62a2-4d6f-b006-20ecbb9f67d0,2026-07-21T21:00:00Z,2026-07-21T23:00:00+0200,422.254486,MW,BE,BE,actual_onshore_wind_generation,Wind Onshore,2026-08-21T19:17:13Z
2026-08-21T19:16:33Z,2026-08-21T21:16:33+0200,0512be31-62a2-4d6f-b006-20ecbb9f67d0,2026-07-21T22:00:00Z,2026-07-22T00:00:00+0200,260.762369,MW,BE,BE,actual_onshore_wind_generation,Wind Onshore,2026-08-21T19:17:13Z
2026-08-21T19:16:33Z,2026-08-21T21:16:33+0200,0512be31-62a2-4d6f-b006-20ecbb9f67d0,2026-07-21T23:00:00Z,2026-07-22T01:00:00+0200,183.7498,MW,BE,BE,actual_onshore_wind_generation,Wind Onshore,2026-08-21T19:17:13Z
2026-08-21T19:16:33Z,2026-08-21T21:16:33+0200,0512be31-62a2-4d6f-b006-20ecbb9f67d0,2026-07-22T00:00:00Z,2026-07-22T02:00:00+0200,124.239055,MW,BE,BE,actual_onshore_wind_generation,Wind Onshore,2026-08-21T19:17:13Z
2026-08-21T19:16:33Z,2026-08-21T21:16:33+0200,0512be31-62a2-4d6f-b006-20ecbb9f67d0,2026-07-22T01:00:00Z,2026-07-22T03:00:00+0200,91.216191,MW,BE,BE,actual_onshore_wind_generation,Wind Onshore,2026-08-21T19:17:13Z
2026-08-21T19:16:33Z,2026-08-21T21:16:33+0200,0512be31-62a2-4d6f-b006-20ecbb9f67d0,2026-07-22T02:00:00Z,2026-07-22T04:00:00+0200,100.947345,MW,BE,BE,actual_onshore_wind_generation,Wind Onshore,2026-08-21T19:17:13Z
2026-08-21T19:16:33Z,2026-08-21T21:16:33+0200,0512be31-62a2-4d6f-b006-20ecbb9f67d0,2026-07-22T03:00:00Z,2026-07-22T05:00:00+0200,111.702058,MW,BE,BE,actual_onshore_wind_generation,Wind Onshore,2026-08-21T19:17:13Z
2026-08-21T19:16:33Z,2026-08-21T21:16:33+0200,0512be31-62a2-4d6f-b006-20ecbb9f67d0,2026-07-22T04:00:00Z,2026-07-22T06:00:00+0200,127.169757,MW,BE,BE,actual_onshore_wind_generation,Wind Onshore,2026-08-21T19:17:13Z
2026-08-21T19:16:33Z,2026-08-21T21:16:33+0200,0512be31-62a2-4d6f-b006-20ecbb9f67d0,2026-07-22T05:00:00Z,2026-07-22T07:00:00+0200,143.841002,MW,BE,BE,actual_onshore_wind_generation,Wind Onshore,2026-08-21T19:17:13Z
2026-08-21T19:16:33Z,2026-08-21T21:16:33+0200,0512be31-62a2-4d6f-b006-20ecbb9f67d0,2026-07-22T06:00:00Z,2026-07-22T08:00:00+0200,90.512793,MW,BE,BE,actual_onshore_wind_generation,Wind Onshore,2026-08-21T19:17:13Z
2026-08-21T19:16:33Z,2026-08-21T21:16:33+0200,0512be31-62a2-4d6f-b006-20ecbb9f67d0,2026-07-22T07:00:00Z,2026-07-22T09:00:00+0200,132.343789,MW,BE,BE,actual_onshore_wind_generation,Wind Onshore,2026-08-21T19:17:13Z
2026-08-21T19:16:33Z,2026-08-21T21:16:33+0200,0512be31-62a2-4d6f-b006-20ecbb9f67d0,2026-07-22T08:00:00Z,2026-07-22T10:00:00+0200,179.998565,MW,BE,BE,actual_onshore_wind_generation,Wind Onshore,2026-08-21T19:17:13Z
2026-08-21T19:16:33Z,2026-08-21T21:16:33+0200,0512be31-62a2-4d6f-b006-20ecbb9f67d0,2026-07-22T09:00:00Z,2026-07-22T11:00:00+0200,185.491618,MW,BE,BE,actual_onshore_wind_generation,Wind Onshore,2026-08-21T19:17:13Z
2026-08-21T19:16:33Z,2026-08-21T21:16:33+0200,0512be31-62a2-4d6f-b006-20ecbb9f67d0,2026-07-22T10:00:00Z,2026-07-22T12:00:00+0200,235.201914,MW,BE,BE,actual_onshore_wind_generation,Wind Onshore,2026-08-21T19:17:13Z
2026-08-21T19:16:33Z,2026-08-21T21:16:33+0200,0512be31-62a2-4d6f-b006-20ecbb9f67d0,2026-07-22T11:00:00Z,2026-07-22T13:00:00+0200,292.351355,MW,BE,BE,actual_onshore_wind_generation,Wind Onshore,2026-08-21T19:17:13Z
2026-08-21T19:16:33Z,2026-08-21T21:16:33+0200,0512be31-62a2-4d6f-b006-20ecbb9f67d0,2026-07-22T12:00:00Z,2026-07-22T14:00:00+0200,482.642468,MW,BE,BE,actual_onshore_wind_generation,Wind Onshore,2026-08-21T19:17:13Z
2026-08-21T19:16:33Z,2026-08-21T21:16:33+0200,0512be31-62a2-4d6f-b006-20ecbb9f67d0,2026-07-22T13:00:00Z,2026-07-22T15:00:00+0200,601.278434,MW,BE,BE,actual_onshore_wind_generation,Wind Onshore,2026-08-21T19:17:13Z
2026-08-21T19:16:33Z,2026-08-21T21:16:33+0200,0512be31-62a2-4d6f-b006-20ecbb9f67d0,2026-07-22T14:00:00Z,2026-07-22T16:00:00+0200,633.304289,MW,BE,BE,actual_onshore_wind_generation,Wind Onshore,2026-08-21T19:17:13Z
2026-08-21T19:16:33Z,2026-08-21T21:16:33+0200,0512be31-62a2-4d6f-b006-20ecbb9f67d0,2026-07-22T15:00:00Z,2026-07-22T17:00:00+0200,825.72967,MW,BE,BE,actual_onshore_wind_generation,Wind Onshore,2026-08-21T19:17:13Z
2026-08-21T19:16:33Z,2026-08-21T21:16:33+0200,0512be31-62a2-4d6f-b006-20ecbb9f67d0,2026-07-22T16:00:00Z,2026-07-22T18:00:00+0200,968.895512,MW,BE,BE,actual_onshore_wind_generation,Wind Onshore,2026-08-21T19:17:13Z
2026-08-21T19:16:33Z,2026-08-21T21:16:33+0200,0512be31-62a2-4d6f-b006-20ecbb9f67d0,2026-07-22T17:00:00Z,2026-07-22T19:00:00+0200,871.79947,MW,BE,BE,actual_onshore_wind_generation,Wind Onshore,2026-08-21T19:17:13Z
2026-08-21T19:16:33Z,2026-08-21T21:16:33+0200,0512be31-62a2-4d6f-b006-20ecbb9f67d0,2026-07-22T18:00:00Z,2026-07-22T20:00:00+0200,757.06682,MW,BE,BE,actual_onshore_wind_generation,Wind Onshore,2026-08-21T19:17:13Z
2026-08-21T19:16:33Z,2026-08-21T21:16:33+0200,0512be31-62a2-4d6f-b006-20ecbb9f67d0,2026-07-22T19:00:00Z,2026-07-22T21:00:00+0200,538.713944,MW,BE,BE,actual_onshore_wind_generation,Wind Onshore,2026-08-21T19:17:13Z
2026-08-21T19:16:33Z,2026-08-21T21:16:33+0200,0512be31-62a2-4d6f-b006-20ecbb9f67d0,2026-07-22T20:00:00Z,2026-07-22T22:00:00+0200,426.021146,MW,BE,BE,actual_onshore_wind_generation,Wind Onshore,2026-08-21T19:17:13Z
2026-08-21T19:16:33Z,2026-08-21T21:16:33+0200,0512be31-62a2-4d6f-b006-20ecbb9f67d0,2026-07-22T21:00:00Z,2026-07-22T23:00:00+0200,374.119682,MW,BE,BE,actual_onshore_wind_generation,Wind Onshore,2026-08-21T19:17:13Z
2026-08-21T19:16:33Z,2026-08-21T21:16:33+0200,0512be31-62a2-4d6f-b006-20ecbb9f67d0,2026-07-22T22:00:00Z,2026-07-23T00:00:00+0200,436.49178,MW,BE,BE,actual_onshore_wind_generation,Wind Onshore,2026-08-21T19:17:13Z
2026-08-21T19:16:33Z,2026-08-21T21:16:33+0200,0512be31-62a2-4d6f-b006-20ecbb9f67d0,2026-07-22T23:00:00Z,2026-07-23T01:00:00+0200,329.04215,MW,BE,BE,actual_onshore_wind_generation,Wind Onshore,2026-08-21T19:17:13Z
2026-08-21T19:16:33Z,2026-08-21T21:16:33+0200,0512be31-62a2-4d6f-b006-20ecbb9f67d0,2026-07-23T00:00:00Z,2026-07-23T02:00:00+0200,247.821905,MW,BE,BE,actual_onshore_wind_generation,Wind Onshore,2026-08-21T19:17:13Z
2026-08-21T19:16:33Z,2026-08-21T21:16:33+0200,0512be31-62a2-4d6f-b006-20ecbb9f67d0,2026-07-23T01:00:00Z,2026-07-23T03:00:00+0200,204.995044,MW,BE,BE,actual_onshore_wind_generation,Wind Onshore,2026-08-21T19:17:13Z
2026-08-21T19:16:33Z,2026-08-21T21:16:33+0200,0512be31-62a2-4d6f-b006-20ecbb9f67d0,2026-07-23T02:00:00Z,2026-07-23T04:00:00+0200,183.454934,MW,BE,BE,actual_onshore_wind_generation,Wind Onshore,2026-08-21T19:17:13Z
2026-08-21T19:16:33Z,2026-08-21T21:16:33+0200,0512be31-62a2-4d6f-b006-20ecbb9f67d0,2026-07-23T03:00:00Z,2026-07-23T05:00:00+0200,172.171212,MW,BE,BE,actual_onshore_wind_generation,Wind Onshore,2026-08-21T19:17:13Z
2026-08-21T19:16:33Z,2026-08-21T21:16:33+0200,0512be31-62a2-4d6f-b006-20ecbb9f67d0,2026-07-23T04:00:00Z,2026-07-23T06:00:00+0200,171.085535,MW,BE,BE,actual_onshore_wind_generation,Wind Onshore,2026-08-21T19:17:13Z
2026-08-21T19:16:33Z,2026-08-21T21:16:33+0200,0512be31-62a2-4d6f-b006-20ecbb9f67d0,2026-07-23T05:00:00Z,2026-07-23T07:00:00+0200,150.949433,MW,BE,BE,actual_onshore_wind_generation,Wind Onshore,2026-08-21T19:17:13Z
2026-08-21T19:16:33Z,2026-08-21T21:16:33+0200,0512be31-62a2-4d6f-b006-20ecbb9f67d0,2026-07-23T06:00:00Z,2026-07-23T08:00:00+0200,116.386608,MW,BE,BE,actual_onshore_wind_generation,Wind Onshore,2026-08-21T19:17:13Z
2026-08-21T19:16:33Z,2026-08-21T21:16:33+0200,0512be31-62a2-4d6f-b006-20ecbb9f67d0,2026-07-23T07:00:00Z,2026-07-23T09:00:00+0200,177.477435,MW,BE,BE,actual_onshore_wind_generation,Wind Onshore,2026-08-21T19:17:13Z
2026-08-21T19:16:33Z,2026-08-21T21:16:33+0200,0512be31-62a2-4d6f-b006-20ecbb9f67d0,2026-07-23T08:00:00Z,2026-07-23T10:00:00+0200,289.812423,MW,BE,BE,actual_onshore_wind_generation,Wind Onshore,2026-08-21T19:17:13Z
2026-08-21T19:16:33Z,2026-08-21T21:16:33+0200,0512be31-62a2-4d6f-b006-20ecbb9f67d0,2026-07-23T09:00:00Z,2026-07-23T11:00:00+0200,310.573821,MW,BE,BE,actual_onshore_wind_generation,Wind Onshore,2026-08-21T19:17:13Z
2026-08-21T19:16:33Z,2026-08-21T21:16:33+0200,0512be31-62a2-4d6f-b006-20ecbb9f67d0,2026-07-23T10:00:00Z,2026-07-23T12:00:00+0200,283.636862,MW,BE,BE,actual_onshore_wind_generation,Wind Onshore,2026-08-21T19:17:13Z
2026-08-21T19:16:33Z,2026-08-21T21:16:33+0200,0512be31-62a2-4d6f-b006-20ecbb9f67d0,2026-07-23T11:00:00Z,2026-07-23T13:00:00+0200,352.019371,MW,BE,BE,actual_onshore_wind_generation,Wind Onshore,2026-08-21T19:17:13Z
2026-08-21T19:16:33Z,2026-08-21T21:16:33+0200,0512be31-62a2-4d6f-b006-20ecbb9f67d0,2026-07-23T12:00:00Z,2026-07-23T14:00:00+0200,442.430994,MW,BE,BE,actual_onshore_wind_generation,Wind Onshore,2026-08-21T19:17:13Z
2026-08-21T19:16:33Z,2026-08-21T21:16:33+0200,0512be31-62a2-4d6f-b006-20ecbb9f67d0,2026-07-23T13:00:00Z,2026-07-23T15:00:00+0200,521.813135,MW,BE,BE,actual_onshore_wind_generation,Wind Onshore,2026-08-21T19:17:13Z
2026-08-21T19:16:33Z,2026-08-21T21:16:33+0200,0512be31-62a2-4d6f-b006-20ecbb9f67d0,2026-07-23T14:00:00Z,2026-07-23T16:00:00+0200,601.437245,MW,BE,BE,actual_onshore_wind_generation,Wind Onshore,2026-08-21T19:17:13Z
2026-08-21T19:16:33Z,2026-08-21T21:16:33+0200,0512be31-62a2-4d6f-b006-20ecbb9f67d0,2026-07-23T15:00:00Z,2026-07-23T17:00:00+0200,687.126182,MW,BE,BE,actual_onshore_wind_generation,Wind Onshore,2026-08-21T19:17:13Z
2026-08-21T19:16:33Z,2026-08-21T21:16:33+0200,0512be31-62a2-4d6f-b006-20ecbb9f67d0,2026-07-23T16:00:00Z,2026-07-23T18:00:00+0200,605.359722,MW,BE,BE,actual_onshore_wind_generation,Wind Onshore,2026-08-21T19:17:13Z
2026-08-21T19:16:33Z,2026-08-21T21:16:33+0200,0512be31-62a2-4d6f-b006-20ecbb9f67d0,2026-07-23T17:00:00Z,2026-07-23T19:00:00+0200,491.348329,MW,BE,BE,actual_onshore_wind_generation,Wind Onshore,2026-08-21T19:17:13Z
2026-08-21T19:16:33Z,2026-08-21T21:16:33+0200,0512be31-62a2-4d6f-b006-20ecbb9f67d0,2026-07-23T18:00:00Z,2026-07-23T20:00:00+0200,345.049834,MW,BE,BE,actual_onshore_wind_generation,Wind Onshore,2026-08-21T19:17:13Z
2026-08-21T19:16:33Z,2026-08-21T21:16:33+0200,0512be31-62a2-4d6f-b006-20ecbb9f67d0,2026-07-23T19:00:00Z,2026-07-23T21:00:00+0200,237.354555,MW,BE,BE,actual_onshore_wind_generation,Wind Onshore,2026-08-21T19:17:13Z
2026-08-21T19:16:33Z,2026-08-21T21:16:33+0200,0512be31-62a2-4d6f-b006-20ecbb9f67d0,2026-07-23T20:00:00Z,2026-07-23T22:00:00+0200,201.716044,MW,BE,BE,actual_onshore_wind_generation,Wind Onshore,2026-08-21T19:17:13Z
2026-08-21T19:16:33Z,2026-08-21T21:16:33+0200,0512be31-62a2-4d6f-b006-20ecbb9f67d0,2026-07-23T21:00:00Z,2026-07-23T23:00:00+0200,219.213962,MW,BE,BE,actual_onshore_wind_generation,Wind Onshore,2026-08-21T19:17:13Z
2026-08-21T19:16:33Z,2026-08-21T21:16:33+0200,0512be31-62a2-4d6f-b006-20ecbb9f67d0,2026-07-23T22:00:00Z,2026-07-24T00:00:00+0200,163.974639,MW,BE,BE,actual_onshore_wind_generation,Wind Onshore,2026-08-21T19:17:13Z
2026-08-21T19:16:33Z,2026-08-21T21:16:33+0200,0512be31-62a2-4d6f-b006-20ecbb9f67d0,2026-07-23T23:00:00Z,2026-07-24T01:00:00+0200,113.47283,MW,BE,BE,actual_onshore_wind_generation,Wind Onshore,2026-08-21T19:17:13Z
2026-08-21T19:16:33Z,2026-08-21T21:16:33+0200,0512be31-62a2-4d6f-b006-20ecbb9f67d0,2026-07-24T00:00:00Z,2026-07-24T02:00:00+0200,70.928345,MW,BE,BE,actual_onshore_wind_generation,Wind Onshore,2026-08-21T19:17:13Z
2026-08-21T19:16:33Z,2026-08-21T21:16:33+0200,0512be31-62a2-4d6f-b006-20ecbb9f67d0,2026-07-24T01:00:00Z,2026-07-24T03:00:00+0200,32.380605,MW,BE,BE,actual_onshore_wind_generation,Wind Onshore,2026-08-21T19:17:13Z
2026-08-21T19:16:33Z,2026-08-21T21:16:33+0200,0512be31-62a2-4d6f-b006-20ecbb9f67d0,2026-07-24T02:00:00Z,2026-07-24T04:00:00+0200,25.711756,MW,BE,BE,actual_onshore_wind_generation,Wind Onshore,2026-08-21T19:17:13Z
2026-08-21T19:16:33Z,2026-08-21T21:16:33+0200,0512be31-62a2-4d6f-b006-20ecbb9f67d0,2026-07-24T03:00:00Z,2026-07-24T05:00:00+0200,17.247264,MW,BE,BE,actual_onshore_wind_generation,Wind Onshore,2026-08-21T19:17:13Z
2026-08-21T19:16:33Z,2026-08-21T21:16:33+0200,0512be31-62a2-4d6f-b006-20ecbb9f67d0,2026-07-24T04:00:00Z,2026-07-24T06:00:00+0200,22.803262,MW,BE,BE,actual_onshore_wind_generation,Wind Onshore,2026-08-21T19:17:13Z
2026-08-21T19:16:33Z,2026-08-21T21:16:33+0200,0512be31-62a2-4d6f-b006-20ecbb9f67d0,2026-07-24T05:00:00Z,2026-07-24T07:00:00+0200,43.226319,MW,BE,BE,actual_onshore_wind_generation,Wind Onshore,2026-08-21T19:17:13Z
2026-08-21T19:16:33Z,2026-08-21T21:16:33+0200,0512be31-62a2-4d6f-b006-20ecbb9f67d0,2026-07-24T06:00:00Z,2026-07-24T08:00:00+0200,38.308504,MW,BE,BE,actual_onshore_wind_generation,Wind Onshore,2026-08-21T19:17:13Z
2026-08-21T19:16:33Z,2026-08-21T21:16:33+0200,0512be31-62a2-4d6f-b006-20ecbb9f67d0,2026-07-24T07:00:00Z,2026-07-24T09:00:00+0200,24.87862,MW,BE,BE,actual_onshore_wind_generation,Wind Onshore,2026-08-21T19:17:13Z
2026-08-21T19:16:33Z,2026-08-21T21:16:33+0200,0512be31-62a2-4d6f-b006-20ecbb9f67d0,2026-07-24T08:00:00Z,2026-07-24T10:00:00+0200,37.857197,MW,BE,BE,actual_onshore_wind_generation,Wind Onshore,2026-08-21T19:17:13Z
2026-08-21T19:16:33Z,2026-08-21T21:16:33+0200,0512be31-62a2-4d6f-b006-20ecbb9f67d0,2026-07-24T09:00:00Z,2026-07-24T11:00:00+0200,36.73957,MW,BE,BE,actual_onshore_wind_generation,Wind Onshore,2026-08-21T19:17:13Z
2026-08-21T19:16:33Z,2026-08-21T21:16:33+0200,0512be31-62a2-4d6f-b006-20ecbb9f67d0,2026-07-24T10:00:00Z,2026-07-24T12:00:00+0200,41.504302,MW,BE,BE,actual_onshore_wind_generation,Wind Onshore,2026-08-21T19:17:13Z
2026-08-21T19:16:33Z,2026-08-21T21:16:33+0200,0512be31-62a2-4d6f-b006-20ecbb9f67d0,2026-07-24T11:00:00Z,2026-07-24T13:00:00+0200,35.863412,MW,BE,BE,actual_onshore_wind_generation,Wind Onshore,2026-08-21T19:17:13Z
2026-08-21T19:16:33Z,2026-08-21T21:16:33+0200,0512be31-62a2-4d6f-b006-20ecbb9f67d0,2026-07-24T12:00:00Z,2026-07-24T14:00:00+0200,44.475537,MW,BE,BE,actual_onshore_wind_generation,Wind Onshore,2026-08-21T19:17:13Z
2026-08-21T19:16:33Z,2026-08-21T21:16:33+0200,0512be31-62a2-4d6f-b006-20ecbb9f67d0,2026-07-24T13:00:00Z,2026-07-24T15:00:00+0200,21.795986,MW,BE,BE,actual_onshore_wind_generation,Wind Onshore,2026-08-21T19:17:13Z
2026-08-21T19:16:33Z,2026-08-21T21:16:33+0200,0512be31-62a2-4d6f-b006-20ecbb9f67d0,2026-07-24T14:00:00Z,2026-07-24T16:00:00+0200,21.038323,MW,BE,BE,actual_onshore_wind_generation,Wind Onshore,2026-08-21T19:17:13Z
2026-08-21T19:16:33Z,2026-08-21T21:16:33+0200,0512be31-62a2-4d6f-b006-20ecbb9f67d0,2026-07-24T15:00:00Z,2026-07-24T17:00:00+0200,21.908061,MW,BE,BE,actual_onshore_wind_generation,Wind Onshore,2026-08-21T19:17:13Z
2026-08-21T19:16:33Z,2026-08-21T21:16:33+0200,0512be31-62a2-4d6f-b006-20ecbb9f67d0,2026-07-24T16:00:00Z,2026-07-24T18:00:00+0200,20.488902,MW,BE,BE,actual_onshore_wind_generation,Wind Onshore,2026-08-21T19:17:13Z
2026-08-21T19:16:33Z,2026-08-21T21:16:33+0200,0512be31-62a2-4d6f-b006-20ecbb9f67d0,2026-07-24T17:00:00Z,2026-07-24T19:00:00+0200,23.049262,MW,BE,BE,actual_onshore_wind_generation,Wind Onshore,2026-08-21T19:17:13Z
2026-08-21T19:16:33Z,2026-08-21T21:16:33+0200,0512be31-62a2-4d6f-b006-20ecbb9f67d0,2026-07-24T18:00:00Z,2026-07-24T20:00:00+0200,36.838807,MW,BE,BE,actual_onshore_wind_generation,Wind Onshore,2026-08-21T19:17:13Z
2026-08-21T19:16:33Z,2026-08-21T21:16:33+0200,0512be31-62a2-4d6f-b006-20ecbb9f67d0,2026-07-24T19:00:00Z,2026-07-24T21:00:00+0200,49.668863,MW,BE,BE,actual_onshore_wind_generation,Wind Onshore,2026-08-21T19:17:13Z
2026-08-21T19:16:33Z,2026-08-21T21:16:33+0200,0512be31-62a2-4d6f-b006-20ecbb9f67d0,2026-07-24T20:00:00Z,2026-07-24T22:00:00+0200,52.593127,MW,BE,BE,actual_onshore_wind_generation,Wind Onshore,2026-08-21T19:17:13Z
2026-08-21T19:16:33Z,2026-08-21T21:16:33+0200,0512be31-62a2-4d6f-b006-20ecbb9f67d0,2026-07-24T21:00:00Z,2026-07-24T23:00:00+0200,64.966194,MW,BE,BE,actual_onshore_wind_generation,Wind Onshore,2026-08-21T19:17:13Z
2026-08-21T19:16:33Z,2026-08-21T21:16:33+0200,0512be31-62a2-4d6f-b006-20ecbb9f67d0,2026-07-24T22:00:00Z,2026-07-25T00:00:00+0200,71.306909,MW,BE,BE,actual_onshore_wind_generation,Wind Onshore,2026-08-21T19:17:13Z
2026-08-21T19:16:33Z,2026-08-21T21:16:33+0200,0512be31-62a2-4d6f-b006-20ecbb9f67d0,2026-07-24T23:00:00Z,2026-07-25T01:00:00+0200,62.918079,MW,BE,BE,actual_onshore_wind_generation,Wind Onshore,2026-08-21T19:17:13Z
2026-08-21T19:16:33Z,2026-08-21T21:16:33+0200,0512be31-62a2-4d6f-b006-20ecbb9f67d0,2026-07-25T00:00:00Z,2026-07-25T02:00:00+0200,59.925356,MW,BE,BE,actual_onshore_wind_generation,Wind Onshore,2026-08-21T19:17:13Z
2026-08-21T19:16:33Z,2026-08-21T21:16:33+0200,0512be31-62a2-4d6f-b006-20ecbb9f67d0,2026-07-25T01:00:00Z,2026-07-25T03:00:00+0200,53.713898,MW,BE,BE,actual_onshore_wind_generation,Wind Onshore,2026-08-21T19:17:13Z
2026-08-21T19:16:33Z,2026-08-21T21:16:33+0200,0512be31-62a2-4d6f-b006-20ecbb9f67d0,2026-07-25T02:00:00Z,2026-07-25T04:00:00+0200,38.423211,MW,BE,BE,actual_onshore_wind_generation,Wind Onshore,2026-08-21T19:17:13Z
2026-08-21T19:16:33Z,2026-08-21T21:16:33+0200,0512be31-62a2-4d6f-b006-20ecbb9f67d0,2026-07-25T03:00:00Z,2026-07-25T05:00:00+0200,40.894749,MW,BE,BE,actual_onshore_wind_generation,Wind Onshore,2026-08-21T19:17:13Z
2026-08-21T19:16:33Z,2026-08-21T21:16:33+0200,0512be31-62a2-4d6f-b006-20ecbb9f67d0,2026-07-25T04:00:00Z,2026-07-25T06:00:00+0200,69.041637,MW,BE,BE,actual_onshore_wind_generation,Wind Onshore,2026-08-21T19:17:13Z
2026-08-21T19:16:33Z,2026-08-21T21:16:33+0200,0512be31-62a2-4d6f-b006-20ecbb9f67d0,2026-07-25T05:00:00Z,2026-07-25T07:00:00+0200,90.83415,MW,BE,BE,actual_onshore_wind_generation,Wind Onshore,2026-08-21T19:17:13Z
2026-08-21T19:16:33Z,2026-08-21T21:16:33+0200,0512be31-62a2-4d6f-b006-20ecbb9f67d0,2026-07-25T06:00:00Z,2026-07-25T08:00:00+0200,58.94497,MW,BE,BE,actual_onshore_wind_generation,Wind Onshore,2026-08-21T19:17:13Z
2026-08-21T19:16:33Z,2026-08-21T21:16:33+0200,0512be31-62a2-4d6f-b006-20ecbb9f67d0,2026-07-25T07:00:00Z,2026-07-25T09:00:00+0200,32.543333,MW,BE,BE,actual_onshore_wind_generation,Wind Onshore,2026-08-21T19:17:13Z
2026-08-21T19:16:33Z,2026-08-21T21:16:33+0200,0512be31-62a2-4d6f-b006-20ecbb9f67d0,2026-07-25T08:00:00Z,2026-07-25T10:00:00+0200,28.256117,MW,BE,BE,actual_onshore_wind_generation,Wind Onshore,2026-08-21T19:17:13Z
2026-08-21T19:16:33Z,2026-08-21T21:16:33+0200,0512be31-62a2-4d6f-b006-20ecbb9f67d0,2026-07-25T09:00:00Z,2026-07-25T11:00:00+0200,62.757344,MW,BE,BE,actual_onshore_wind_generation,Wind Onshore,2026-08-21T19:17:13Z
2026-08-21T19:16:33Z,2026-08-21T21:16:33+0200,0512be31-62a2-4d6f-b006-20ecbb9f67d0,2026-07-25T10:00:00Z,2026-07-25T12:00:00+0200,82.825592,MW,BE,BE,actual_onshore_wind_generation,Wind Onshore,2026-08-21T19:17:13Z
2026-08-21T19:16:33Z,2026-08-21T21:16:33+0200,0512be31-62a2-4d6f-b006-20ecbb9f67d0,2026-07-25T11:00:00Z,2026-07-25T13:00:00+0200,154.21064,MW,BE,BE,actual_onshore_wind_generation,Wind Onshore,2026-08-21T19:17:13Z
2026-08-21T19:16:33Z,2026-08-21T21:16:33+0200,0512be31-62a2-4d6f-b006-20ecbb9f67d0,2026-07-25T12:00:00Z,2026-07-25T14:00:00+0200,233.146413,MW,BE,BE,actual_onshore_wind_generation,Wind Onshore,2026-08-21T19:17:13Z
2026-08-21T19:16:33Z,2026-08-21T21:16:33+0200,0512be31-62a2-4d6f-b006-20ecbb9f67d0,2026-07-25T13:00:00Z,2026-07-25T15:00:00+0200,168.906377,MW,BE,BE,actual_onshore_wind_generation,Wind Onshore,2026-08-21T19:17:13Z
2026-08-21T19:16:33Z,2026-08-21T21:16:33+0200,0512be31-62a2-4d6f-b006-20ecbb9f67d0,2026-07-25T14:00:00Z,2026-07-25T16:00:00+0200,232.448012,MW,BE,BE,actual_onshore_wind_generation,Wind Onshore,2026-08-21T19:17:13Z
2026-08-21T19:16:33Z,2026-08-21T21:16:33+0200,0512be31-62a2-4d6f-b006-20ecbb9f67d0,2026-07-25T15:00:00Z,2026-07-25T17:00:00+0200,349.474862,MW,BE,BE,actual_onshore_wind_generation,Wind Onshore,2026-08-21T19:17:13Z
2026-08-21T19:16:33Z,2026-08-21T21:16:33+0200,0512be31-62a2-4d6f-b006-20ecbb9f67d0,2026-07-25T16:00:00Z,2026-07-25T18:00:00+0200,415.709914,MW,BE,BE,actual_onshore_wind_generation,Wind Onshore,2026-08-21T19:17:13Z
2026-08-21T19:16:33Z,2026-08-21T21:16:33+0200,0512be31-62a2-4d6f-b006-20ecbb9f67d0,2026-07-25T17:00:00Z,2026-07-25T19:00:00+0200,414.055306,MW,BE,BE,actual_onshore_wind_generation,Wind Onshore,2026-08-21T19:17:13Z
2026-08-21T19:16:33Z,2026-08-21T21:16:33+0200,0512be31-62a2-4d6f-b006-20ecbb9f67d0,2026-07-25T18:00:00Z,2026-07-25T20:00:00+0200,339.263513,MW,BE,BE,actual_onshore_wind_generation,Wind Onshore,2026-08-21T19:17:13Z
2026-08-21T19:16:33Z,2026-08-21T21:16:33+0200,0512be31-62a2-4d6f-b006-20ecbb9f67d0,2026-07-25T19:00:00Z,2026-07-25T21:00:00+0200,364.112436,MW,BE,BE,actual_onshore_wind_generation,Wind Onshore,2026-08-21T19:17:13Z
2026-08-21T19:16:33Z,2026-08-21T21:16:33+0200,0512be31-62a2-4d6f-b006-20ecbb9f67d0,2026-07-25T20:00:00Z,2026-07-25T22:00:00+0200,427.947315,MW,BE,BE,actual_onshore_wind_generation,Wind Onshore,2026-08-21T19:17:13Z
2026-08-21T19:16:33Z,2026-08-21T21:16:33+0200,0512be31-62a2-4d6f-b006-20ecbb9f67d0,2026-07-25T21:00:00Z,2026-07-25T23:00:00+0200,592.154627,MW,BE,BE,actual_onshore_wind_generation,Wind Onshore,2026-08-21T19:17:13Z
2026-08-21T19:16:33Z,2026-08-21T21:16:33+0200,0512be31-62a2-4d6f-b006-20ecbb9f67d0,2026-07-25T22:00:00Z,2026-07-26T00:00:00+0200,795.840449,MW,BE,BE,actual_onshore_wind_generation,Wind Onshore,2026-08-21T19:17:13Z
2026-08-21T19:16:33Z,2026-08-21T21:16:33+0200,0512be31-62a2-4d6f-b006-20ecbb9f67d0,2026-07-25T23:00:00Z,2026-07-26T01:00:00+0200,1054.915183,MW,BE,BE,actual_onshore_wind_generation,Wind Onshore,2026-08-21T19:17:13Z
2026-08-21T19:16:33Z,2026-08-21T21:16:33+0200,0512be31-62a2-4d6f-b006-20ecbb9f67d0,2026-07-26T00:00:00Z,2026-07-26T02:00:00+0200,1155.265665,MW,BE,BE,actual_onshore_wind_generation,Wind Onshore,2026-08-21T19:17:13Z
2026-08-21T19:16:33Z,2026-08-21T21:16:33+0200,0512be31-62a2-4d6f-b006-20ecbb9f67d0,2026-07-26T01:00:00Z,2026-07-26T03:00:00+0200,1181.282837,MW,BE,BE,actual_onshore_wind_generation,Wind Onshore,2026-08-21T19:17:13Z
2026-08-21T19:16:33Z,2026-08-21T21:16:33+0200,0512be31-62a2-4d6f-b006-20ecbb9f67d0,2026-07-26T02:00:00Z,2026-07-26T04:00:00+0200,1260.090882,MW,BE,BE,actual_onshore_wind_generation,Wind Onshore,2026-08-21T19:17:13Z
2026-08-21T19:16:33Z,2026-08-21T21:16:33+0200,0512be31-62a2-4d6f-b006-20ecbb9f67d0,2026-07-26T03:00:00Z,2026-07-26T05:00:00+0200,1347.759341,MW,BE,BE,actual_onshore_wind_generation,Wind Onshore,2026-08-21T19:17:13Z
2026-08-21T19:16:33Z,2026-08-21T21:16:33+0200,0512be31-62a2-4d6f-b006-20ecbb9f67d0,2026-07-26T04:00:00Z,2026-07-26T06:00:00+0200,1408.474545,MW,BE,BE,actual_onshore_wind_generation,Wind Onshore,2026-08-21T19:17:13Z
2026-08-21T19:16:33Z,2026-08-21T21:16:33+0200,0512be31-62a2-4d6f-b006-20ecbb9f67d0,2026-07-26T05:00:00Z,2026-07-26T07:00:00+0200,1270.650148,MW,BE,BE,actual_onshore_wind_generation,Wind Onshore,2026-08-21T19:17:13Z
2026-08-21T19:16:33Z,2026-08-21T21:16:33+0200,0512be31-62a2-4d6f-b006-20ecbb9f67d0,2026-07-26T06:00:00Z,2026-07-26T08:00:00+0200,1059.351135,MW,BE,BE,actual_onshore_wind_generation,Wind Onshore,2026-08-21T19:17:13Z
2026-08-21T19:16:33Z,2026-08-21T21:16:33+0200,0512be31-62a2-4d6f-b006-20ecbb9f67d0,2026-07-26T07:00:00Z,2026-07-26T09:00:00+0200,1216.832254,MW,BE,BE,actual_onshore_wind_generation,Wind Onshore,2026-08-21T19:17:13Z
2026-08-21T19:16:33Z,2026-08-21T21:16:33+0200,0512be31-62a2-4d6f-b006-20ecbb9f67d0,2026-07-26T08:00:00Z,2026-07-26T10:00:00+0200,1442.341013,MW,BE,BE,actual_onshore_wind_generation,Wind Onshore,2026-08-21T19:17:13Z
2026-08-21T19:16:33Z,2026-08-21T21:16:33+0200,0512be31-62a2-4d6f-b006-20ecbb9f67d0,2026-07-26T09:00:00Z,2026-07-26T11:00:00+0200,1396.422268,MW,BE,BE,actual_onshore_wind_generation,Wind Onshore,2026-08-21T19:17:13Z
2026-08-21T19:16:33Z,2026-08-21T21:16:33+0200,0512be31-62a2-4d6f-b006-20ecbb9f67d0,2026-07-26T10:00:00Z,2026-07-26T12:00:00+0200,1455.883634,MW,BE,BE,actual_onshore_wind_generation,Wind Onshore,2026-08-21T19:17:13Z
2026-08-21T19:16:33Z,2026-08-21T21:16:33+0200,0512be31-62a2-4d6f-b006-20ecbb9f67d0,2026-07-26T11:00:00Z,2026-07-26T13:00:00+0200,1613.20968,MW,BE,BE,actual_onshore_wind_generation,Wind Onshore,2026-08-21T19:17:13Z
2026-08-21T19:16:33Z,2026-08-21T21:16:33+0200,0512be31-62a2-4d6f-b006-20ecbb9f67d0,2026-07-26T12:00:00Z,2026-07-26T14:00:00+0200,1802.990013,MW,BE,BE,actual_onshore_wind_generation,Wind Onshore,2026-08-21T19:17:13Z
2026-08-21T19:16:33Z,2026-08-21T21:16:33+0200,0512be31-62a2-4d6f-b006-20ecbb9f67d0,2026-07-26T13:00:00Z,2026-07-26T15:00:00+0200,1849.60138,MW,BE,BE,actual_onshore_wind_generation,Wind Onshore,2026-08-21T19:17:13Z
2026-08-21T19:16:33Z,2026-08-21T21:16:33+0200,0512be31-62a2-4d6f-b006-20ecbb9f67d0,2026-07-26T14:00:00Z,2026-07-26T16:00:00+0200,1533.537109,MW,BE,BE,actual_onshore_wind_generation,Wind Onshore,2026-08-21T19:17:13Z
2026-08-21T19:16:33Z,2026-08-21T21:16:33+0200,0512be31-62a2-4d6f-b006-20ecbb9f67d0,2026-07-26T15:00:00Z,2026-07-26T17:00:00+0200,1566.947374,MW,BE,BE,actual_onshore_wind_generation,Wind Onshore,2026-08-21T19:17:13Z
2026-08-21T19:16:33Z,2026-08-21T21:16:33+0200,0512be31-62a2-4d6f-b006-20ecbb9f67d0,2026-07-26T16:00:00Z,2026-07-26T18:00:00+0200,1708.705432,MW,BE,BE,actual_onshore_wind_generation,Wind Onshore,2026-08-21T19:17:13Z
2026-08-21T19:16:33Z,2026-08-21T21:16:33+0200,0512be31-62a2-4d6f-b006-20ecbb9f67d0,2026-07-26T17:00:00Z,2026-07-26T19:00:00+0200,1642.501985,MW,BE,BE,actual_onshore_wind_generation,Wind Onshore,2026-08-21T19:17:13Z
2026-08-21T19:16:33Z,2026-08-21T21:16:33+0200,0512be31-62a2-4d6f-b006-20ecbb9f67d0,2026-07-26T18:00:00Z,2026-07-26T20:00:00+0200,1505.517321,MW,BE,BE,actual_onshore_wind_generation,Wind Onshore,2026-08-21T19:17:13Z
2026-08-21T19:16:33Z,2026-08-21T21:16:33+0200,0512be31-62a2-4d6f-b006-20ecbb9f67d0,2026-07-26T19:00:00Z,2026-07-26T21:00:00+0200,1481.095791,MW,BE,BE,actual_onshore_wind_generation,Wind Onshore,2026-08-21T19:17:13Z
2026-08-21T19:16:33Z,2026-08-21T21:16:33+0200,0512be31-62a2-4d6f-b006-20ecbb9f67d0,2026-07-26T20:00:00Z,2026-07-26T22:00:00+0200,1261.174301,MW,BE,BE,actual_onshore_wind_generation,Wind Onshore,2026-08-21T19:17:13Z
2026-08-21T19:16:33Z,2026-08-21T21:16:33+0200,0512be31-62a2-4d6f-b006-20ecbb9f67d0,2026-07-26T21:00:00Z,2026-07-26T23:00:00+0200,1038.302933,MW,BE,BE,actual_onshore_wind_generation,Wind Onshore,2026-08-21T19:17:13Z
2026-08-21T19:16:33Z,2026-08-21T21:16:33+0200,0512be31-62a2-4d6f-b006-20ecbb9f67d0,2026-07-26T22:00:00Z,2026-07-27T00:00:00+0200,857.187719,MW,BE,BE,actual_onshore_wind_generation,Wind Onshore,2026-08-21T19:17:13Z
2026-08-21T19:16:33Z,2026-08-21T21:16:33+0200,0512be31-62a2-4d6f-b006-20ecbb9f67d0,2026-07-26T23:00:00Z,2026-07-27T01:00:00+0200,860.754097,MW,BE,BE,actual_onshore_wind_generation,Wind Onshore,2026-08-21T19:17:13Z
2026-08-21T19:16:33Z,2026-08-21T21:16:33+0200,0512be31-62a2-4d6f-b006-20ecbb9f67d0,2026-07-27T00:00:00Z,2026-07-27T02:00:00+0200,846.093062,MW,BE,BE,actual_onshore_wind_generation,Wind Onshore,2026-08-21T19:17:13Z
2026-08-21T19:16:33Z,2026-08-21T21:16:33+0200,0512be31-62a2-4d6f-b006-20ecbb9f67d0,2026-07-27T01:00:00Z,2026-07-27T03:00:00+0200,684.823766,MW,BE,BE,actual_onshore_wind_generation,Wind Onshore,2026-08-21T19:17:13Z
2026-08-21T19:16:33Z,2026-08-21T21:16:33+0200,0512be31-62a2-4d6f-b006-20ecbb9f67d0,2026-07-27T02:00:00Z,2026-07-27T04:00:00+0200,598.822266,MW,BE,BE,actual_onshore_wind_generation,Wind Onshore,2026-08-21T19:17:13Z
2026-08-21T19:16:33Z,2026-08-21T21:16:33+0200,0512be31-62a2-4d6f-b006-20ecbb9f67d0,2026-07-27T03:00:00Z,2026-07-27T05:00:00+0200,578.213351,MW,BE,BE,actual_onshore_wind_generation,Wind Onshore,2026-08-21T19:17:13Z
2026-08-21T19:16:33Z,2026-08-21T21:16:33+0200,0512be31-62a2-4d6f-b006-20ecbb9f67d0,2026-07-27T04:00:00Z,2026-07-27T06:00:00+0200,501.326549,MW,BE,BE,actual_onshore_wind_generation,Wind Onshore,2026-08-21T19:17:13Z
2026-08-21T19:16:33Z,2026-08-21T21:16:33+0200,0512be31-62a2-4d6f-b006-20ecbb9f67d0,2026-07-27T05:00:00Z,2026-07-27T07:00:00+0200,441.881285,MW,BE,BE,actual_onshore_wind_generation,Wind Onshore,2026-08-21T19:17:13Z
2026-08-21T19:16:33Z,2026-08-21T21:16:33+0200,0512be31-62a2-4d6f-b006-20ecbb9f67d0,2026-07-27T06:00:00Z,2026-07-27T08:00:00+0200,403.301725,MW,BE,BE,actual_onshore_wind_generation,Wind Onshore,2026-08-21T19:17:13Z
2026-08-21T19:16:33Z,2026-08-21T21:16:33+0200,0512be31-62a2-4d6f-b006-20ecbb9f67d0,2026-07-27T07:00:00Z,2026-07-27T09:00:00+0200,516.031981,MW,BE,BE,actual_onshore_wind_generation,Wind Onshore,2026-08-21T19:17:13Z
2026-08-21T19:16:33Z,2026-08-21T21:16:33+0200,0512be31-62a2-4d6f-b006-20ecbb9f67d0,2026-07-27T08:00:00Z,2026-07-27T10:00:00+0200,558.714194,MW,BE,BE,actual_onshore_wind_generation,Wind Onshore,2026-08-21T19:17:13Z
2026-08-21T19:16:33Z,2026-08-21T21:16:33+0200,0512be31-62a2-4d6f-b006-20ecbb9f67d0,2026-07-27T09:00:00Z,2026-07-27T11:00:00+0200,589.255289,MW,BE,BE,actual_onshore_wind_generation,Wind Onshore,2026-08-21T19:17:13Z
2026-08-21T19:16:33Z,2026-08-21T21:16:33+0200,0512be31-62a2-4d6f-b006-20ecbb9f67d0,2026-07-27T10:00:00Z,2026-07-27T12:00:00+0200,699.777628,MW,BE,BE,actual_onshore_wind_generation,Wind Onshore,2026-08-21T19:17:13Z
2026-08-21T19:16:33Z,2026-08-21T21:16:33+0200,0512be31-62a2-4d6f-b006-20ecbb9f67d0,2026-07-27T11:00:00Z,2026-07-27T13:00:00+0200,789.971394,MW,BE,BE,actual_onshore_wind_generation,Wind Onshore,2026-08-21T19:17:13Z
2026-08-21T19:16:33Z,2026-08-21T21:16:33+0200,0512be31-62a2-4d6f-b006-20ecbb9f67d0,2026-07-27T12:00:00Z,2026-07-27T14:00:00+0200,806.378852,MW,BE,BE,actual_onshore_wind_generation,Wind Onshore,2026-08-21T19:17:13Z
2026-08-21T19:16:33Z,2026-08-21T21:16:33+0200,0512be31-62a2-4d6f-b006-20ecbb9f67d0,2026-07-27T13:00:00Z,2026-07-27T15:00:00+0200,797.2975,MW,BE,BE,actual_onshore_wind_generation,Wind Onshore,2026-08-21T19:17:13Z
2026-08-21T19:16:33Z,2026-08-21T21:16:33+0200,0512be31-62a2-4d6f-b006-20ecbb9f67d0,2026-07-27T14:00:00Z,2026-07-27T16:00:00+0200,692.453962,MW,BE,BE,actual_onshore_wind_generation,Wind Onshore,2026-08-21T19:17:13Z
2026-08-21T19:16:33Z,2026-08-21T21:16:33+0200,0512be31-62a2-4d6f-b006-20ecbb9f67d0,2026-07-27T15:00:00Z,2026-07-27T17:00:00+0200,511.498427,MW,BE,BE,actual_onshore_wind_generation,Wind Onshore,2026-08-21T19:17:13Z
2026-08-21T19:16:33Z,2026-08-21T21:16:33+0200,0512be31-62a2-4d6f-b006-20ecbb9f67d0,2026-07-27T16:00:00Z,2026-07-27T18:00:00+0200,312.22983,MW,BE,BE,actual_onshore_wind_generation,Wind Onshore,2026-08-21T19:17:13Z
2026-08-21T19:16:33Z,2026-08-21T21:16:33+0200,0512be31-62a2-4d6f-b006-20ecbb9f67d0,2026-07-27T17:00:00Z,2026-07-27T19:00:00+0200,156.076439,MW,BE,BE,actual_onshore_wind_generation,Wind Onshore,2026-08-21T19:17:13Z
2026-08-21T19:16:33Z,2026-08-21T21:16:33+0200,0512be31-62a2-4d6f-b006-20ecbb9f67d0,2026-07-27T18:00:00Z,2026-07-27T20:00:00+0200,73.109553,MW,BE,BE,actual_onshore_wind_generation,Wind Onshore,2026-08-21T19:17:13Z
2026-08-21T19:16:33Z,2026-08-21T21:16:33+0200,0512be31-62a2-4d6f-b006-20ecbb9f67d0,2026-07-27T19:00:00Z,2026-07-27T21:00:00+0200,40.673828,MW,BE,BE,actual_onshore_wind_generation,Wind Onshore,2026-08-21T19:17:13Z
2026-08-21T19:16:33Z,2026-08-21T21:16:33+0200,0512be31-62a2-4d6f-b006-20ecbb9f67d0,2026-07-27T20:00:00Z,2026-07-27T22:00:00+0200,22.745403,MW,BE,BE,actual_onshore_wind_generation,Wind Onshore,2026-08-21T19:17:13Z
2026-08-21T19:16:33Z,2026-08-21T21:16:33+0200,0512be31-62a2-4d6f-b006-20ecbb9f67d0,2026-07-27T21:00:00Z,2026-07-27T23:00:00+0200,28.289511,MW,BE,BE,actual_onshore_wind_generation,Wind Onshore,2026-08-21T19:17:13Z
2026-08-21T19:16:33Z,2026-08-21T21:16:33+0200,0512be31-62a2-4d6f-b006-20ecbb9f67d0,2026-07-27T22:00:00Z,2026-07-28T00:00:00+0200,40.528785,MW,BE,BE,actual_onshore_wind_generation,Wind Onshore,2026-08-21T19:17:13Z
2026-08-21T19:16:33Z,2026-08-21T21:16:33+0200,0512be31-62a2-4d6f-b006-20ecbb9f67d0,2026-07-27T23:00:00Z,2026-07-28T01:00:00+0200,88.159752,MW,BE,BE,actual_onshore_wind_generation,Wind Onshore,2026-08-21T19:17:13Z
2026-08-21T19:16:33Z,2026-08-21T21:16:33+0200,0512be31-62a2-4d6f-b006-20ecbb9f67d0,2026-07-28T00:00:00Z,2026-07-28T02:00:00+0200,153.684678,MW,BE,BE,actual_onshore_wind_generation,Wind Onshore,2026-08-21T19:17:13Z
2026-08-21T19:16:33Z,2026-08-21T21:16:33+0200,0512be31-62a2-4d6f-b006-20ecbb9f67d0,2026-07-28T01:00:00Z,2026-07-28T03:00:00+0200,265.44693,MW,BE,BE,actual_onshore_wind_generation,Wind Onshore,2026-08-21T19:17:13Z
2026-08-21T19:16:33Z,2026-08-21T21:16:33+0200,0512be31-62a2-4d6f-b006-20ecbb9f67d0,2026-07-28T02:00:00Z,2026-07-28T04:00:00+0200,352.117217,MW,BE,BE,actual_onshore_wind_generation,Wind Onshore,2026-08-21T19:17:13Z
2026-08-21T19:16:33Z,2026-08-21T21:16:33+0200,0512be31-62a2-4d6f-b006-20ecbb9f67d0,2026-07-28T03:00:00Z,2026-07-28T05:00:00+0200,335.943857,MW,BE,BE,actual_onshore_wind_generation,Wind Onshore,2026-08-21T19:17:13Z
2026-08-21T19:16:33Z,2026-08-21T21:16:33+0200,0512be31-62a2-4d6f-b006-20ecbb9f67d0,2026-07-28T04:00:00Z,2026-07-28T06:00:00+0200,282.334738,MW,BE,BE,actual_onshore_wind_generation,Wind Onshore,2026-08-21T19:17:13Z
2026-08-21T19:16:33Z,2026-08-21T21:16:33+0200,0512be31-62a2-4d6f-b006-20ecbb9f67d0,2026-07-28T05:00:00Z,2026-07-28T07:00:00+0200,333.064529,MW,BE,BE,actual_onshore_wind_generation,Wind Onshore,2026-08-21T19:17:13Z
2026-08-21T19:16:33Z,2026-08-21T21:16:33+0200,0512be31-62a2-4d6f-b006-20ecbb9f67d0,2026-07-28T06:00:00Z,2026-07-28T08:00:00+0200,220.649948,MW,BE,BE,actual_onshore_wind_generation,Wind Onshore,2026-08-21T19:17:13Z
2026-08-21T19:16:33Z,2026-08-21T21:16:33+0200,0512be31-62a2-4d6f-b006-20ecbb9f67d0,2026-07-28T07:00:00Z,2026-07-28T09:00:00+0200,113.601379,MW,BE,BE,actual_onshore_wind_generation,Wind Onshore,2026-08-21T19:17:13Z
2026-08-21T19:16:33Z,2026-08-21T21:16:33+0200,0512be31-62a2-4d6f-b006-20ecbb9f67d0,2026-07-28T08:00:00Z,2026-07-28T10:00:00+0200,156.358597,MW,BE,BE,actual_onshore_wind_generation,Wind Onshore,2026-08-21T19:17:13Z
2026-08-21T19:16:33Z,2026-08-21T21:16:33+0200,0512be31-62a2-4d6f-b006-20ecbb9f67d0,2026-07-28T09:00:00Z,2026-07-28T11:00:00+0200,119.466402,MW,BE,BE,actual_onshore_wind_generation,Wind Onshore,2026-08-21T19:17:13Z
2026-08-21T19:16:33Z,2026-08-21T21:16:33+0200,0512be31-62a2-4d6f-b006-20ecbb9f67d0,2026-07-28T10:00:00Z,2026-07-28T12:00:00+0200,68.617473,MW,BE,BE,actual_onshore_wind_generation,Wind Onshore,2026-08-21T19:17:13Z
2026-08-21T19:16:33Z,2026-08-21T21:16:33+0200,0512be31-62a2-4d6f-b006-20ecbb9f67d0,2026-07-28T11:00:00Z,2026-07-28T13:00:00+0200,30.987617,MW,BE,BE,actual_onshore_wind_generation,Wind Onshore,2026-08-21T19:17:13Z
2026-08-21T19:16:33Z,2026-08-21T21:16:33+0200,0512be31-62a2-4d6f-b006-20ecbb9f67d0,2026-07-28T12:00:00Z,2026-07-28T14:00:00+0200,30.031656,MW,BE,BE,actual_onshore_wind_generation,Wind Onshore,2026-08-21T19:17:13Z
2026-08-21T19:16:33Z,2026-08-21T21:16:33+0200,0512be31-62a2-4d6f-b006-20ecbb9f67d0,2026-07-28T13:00:00Z,2026-07-28T15:00:00+0200,28.161181,MW,BE,BE,actual_onshore_wind_generation,Wind Onshore,2026-08-21T19:17:13Z
2026-08-21T19:16:33Z,2026-08-21T21:16:33+0200,0512be31-62a2-4d6f-b006-20ecbb9f67d0,2026-07-28T14:00:00Z,2026-07-28T16:00:00+0200,27.630845,MW,BE,BE,actual_onshore_wind_generation,Wind Onshore,2026-08-21T19:17:13Z
2026-08-21T19:16:33Z,2026-08-21T21:16:33+0200,0512be31-62a2-4d6f-b006-20ecbb9f67d0,2026-07-28T15:00:00Z,2026-07-28T17:00:00+0200,27.737366,MW,BE,BE,actual_onshore_wind_generation,Wind Onshore,2026-08-21T19:17:13Z
2026-08-21T19:16:33Z,2026-08-21T21:16:33+0200,0512be31-62a2-4d6f-b006-20ecbb9f67d0,2026-07-28T16:00:00Z,2026-07-28T18:00:00+0200,23.613909,MW,BE,BE,actual_onshore_wind_generation,Wind Onshore,2026-08-21T19:17:13Z
2026-08-21T19:16:33Z,2026-08-21T21:16:33+0200,0512be31-62a2-4d6f-b006-20ecbb9f67d0,2026-07-28T17:00:00Z,2026-07-28T19:00:00+0200,23.367339,MW,BE,BE,actual_onshore_wind_generation,Wind Onshore,2026-08-21T19:17:13Z
2026-08-21T19:16:33Z,2026-08-21T21:16:33+0200,0512be31-62a2-4d6f-b006-20ecbb9f67d0,2026-07-28T18:00:00Z,2026-07-28T20:00:00+0200,53.800635,MW,BE,BE,actual_onshore_wind_generation,Wind Onshore,2026-08-21T19:17:13Z
2026-08-21T19:16:33Z,2026-08-21T21:16:33+0200,0512be31-62a2-4d6f-b006-20ecbb9f67d0,2026-07-28T19:00:00Z,2026-07-28T21:00:00+0200,125.818644,MW,BE,BE,actual_onshore_wind_generation,Wind Onshore,2026-08-21T19:17:13Z
2026-08-21T19:16:33Z,2026-08-21T21:16:33+0200,0512be31-62a2-4d6f-b006-20ecbb9f67d0,2026-07-28T20:00:00Z,2026-07-28T22:00:00+0200,243.469365,MW,BE,BE,actual_onshore_wind_generation,Wind Onshore,2026-08-21T19:17:13Z
2026-08-21T19:16:33Z,2026-08-21T21:16:33+0200,0512be31-62a2-4d6f-b006-20ecbb9f67d0,2026-07-28T21:00:00Z,2026-07-28T23:00:00+0200,286.782575,MW,BE,BE,actual_onshore_wind_generation,Wind Onshore,2026-08-21T19:17:13Z
2026-08-21T19:16:33Z,2026-08-21T21:16:33+0200,0512be31-62a2-4d6f-b006-20ecbb9f67d0,2026-07-28T22:00:00Z,2026-07-29T00:00:00+0200,249.616122,MW,BE,BE,actual_onshore_wind_generation,Wind Onshore,2026-08-21T19:17:13Z
2026-08-21T19:16:33Z,2026-08-21T21:16:33+0200,0512be31-62a2-4d6f-b006-20ecbb9f67d0,2026-07-28T23:00:00Z,2026-07-29T01:00:00+0200,266.18716,MW,BE,BE,actual_onshore_wind_generation,Wind Onshore,2026-08-21T19:17:13Z
2026-08-21T19:16:33Z,2026-08-21T21:16:33+0200,0512be31-62a2-4d6f-b006-20ecbb9f67d0,2026-07-29T00:00:00Z,2026-07-29T02:00:00+0200,226.662908,MW,BE,BE,actual_onshore_wind_generation,Wind Onshore,2026-08-21T19:17:13Z
2026-08-21T19:16:33Z,2026-08-21T21:16:33+0200,0512be31-62a2-4d6f-b006-20ecbb9f67d0,2026-07-29T01:00:00Z,2026-07-29T03:00:00+0200,178.736389,MW,BE,BE,actual_onshore_wind_generation,Wind Onshore,2026-08-21T19:17:13Z
2026-08-21T19:16:33Z,2026-08-21T21:16:33+0200,0512be31-62a2-4d6f-b006-20ecbb9f67d0,2026-07-29T02:00:00Z,2026-07-29T04:00:00+0200,190.694993,MW,BE,BE,actual_onshore_wind_generation,Wind Onshore,2026-08-21T19:17:13Z
2026-08-21T19:16:33Z,2026-08-21T21:16:33+0200,0512be31-62a2-4d6f-b006-20ecbb9f67d0,2026-07-29T03:00:00Z,2026-07-29T05:00:00+0200,135.759326,MW,BE,BE,actual_onshore_wind_generation,Wind Onshore,2026-08-21T19:17:13Z
2026-08-21T19:16:33Z,2026-08-21T21:16:33+0200,0512be31-62a2-4d6f-b006-20ecbb9f67d0,2026-07-29T04:00:00Z,2026-07-29T06:00:00+0200,113.243186,MW,BE,BE,actual_onshore_wind_generation,Wind Onshore,2026-08-21T19:17:13Z
2026-08-21T19:16:33Z,2026-08-21T21:16:33+0200,0512be31-62a2-4d6f-b006-20ecbb9f67d0,2026-07-29T05:00:00Z,2026-07-29T07:00:00+0200,126.929586,MW,BE,BE,actual_onshore_wind_generation,Wind Onshore,2026-08-21T19:17:13Z
2026-08-21T19:16:33Z,2026-08-21T21:16:33+0200,0512be31-62a2-4d6f-b006-20ecbb9f67d0,2026-07-29T06:00:00Z,2026-07-29T08:00:00+0200,145.921146,MW,BE,BE,actual_onshore_wind_generation,Wind Onshore,2026-08-21T19:17:13Z
2026-08-21T19:16:33Z,2026-08-21T21:16:33+0200,0512be31-62a2-4d6f-b006-20ecbb9f67d0,2026-07-29T07:00:00Z,2026-07-29T09:00:00+0200,72.811341,MW,BE,BE,actual_onshore_wind_generation,Wind Onshore,2026-08-21T19:17:13Z
2026-08-21T19:16:33Z,2026-08-21T21:16:33+0200,0512be31-62a2-4d6f-b006-20ecbb9f67d0,2026-07-29T08:00:00Z,2026-07-29T10:00:00+0200,30.737926,MW,BE,BE,actual_onshore_wind_generation,Wind Onshore,2026-08-21T19:17:13Z
2026-08-21T19:16:33Z,2026-08-21T21:16:33+0200,0512be31-62a2-4d6f-b006-20ecbb9f67d0,2026-07-29T09:00:00Z,2026-07-29T11:00:00+0200,25.72996,MW,BE,BE,actual_onshore_wind_generation,Wind Onshore,2026-08-21T19:17:13Z
2026-08-21T19:16:33Z,2026-08-21T21:16:33+0200,0512be31-62a2-4d6f-b006-20ecbb9f67d0,2026-07-29T10:00:00Z,2026-07-29T12:00:00+0200,29.991194,MW,BE,BE,actual_onshore_wind_generation,Wind Onshore,2026-08-21T19:17:13Z
2026-08-21T19:16:33Z,2026-08-21T21:16:33+0200,0512be31-62a2-4d6f-b006-20ecbb9f67d0,2026-07-29T11:00:00Z,2026-07-29T13:00:00+0200,62.974548,MW,BE,BE,actual_onshore_wind_generation,Wind Onshore,2026-08-21T19:17:13Z
2026-08-21T19:16:33Z,2026-08-21T21:16:33+0200,0512be31-62a2-4d6f-b006-20ecbb9f67d0,2026-07-29T12:00:00Z,2026-07-29T14:00:00+0200,117.77127,MW,BE,BE,actual_onshore_wind_generation,Wind Onshore,2026-08-21T19:17:13Z
2026-08-21T19:16:33Z,2026-08-21T21:16:33+0200,0512be31-62a2-4d6f-b006-20ecbb9f67d0,2026-07-29T13:00:00Z,2026-07-29T15:00:00+0200,229.6752,MW,BE,BE,actual_onshore_wind_generation,Wind Onshore,2026-08-21T19:17:13Z
2026-08-21T19:16:33Z,2026-08-21T21:16:33+0200,0512be31-62a2-4d6f-b006-20ecbb9f67d0,2026-07-29T14:00:00Z,2026-07-29T16:00:00+0200,336.002206,MW,BE,BE,actual_onshore_wind_generation,Wind Onshore,2026-08-21T19:17:13Z
2026-08-21T19:16:33Z,2026-08-21T21:16:33+0200,0512be31-62a2-4d6f-b006-20ecbb9f67d0,2026-07-29T15:00:00Z,2026-07-29T17:00:00+0200,385.397725,MW,BE,BE,actual_onshore_wind_generation,Wind Onshore,2026-08-21T19:17:13Z
2026-08-21T19:16:33Z,2026-08-21T21:16:33+0200,0512be31-62a2-4d6f-b006-20ecbb9f67d0,2026-07-29T16:00:00Z,2026-07-29T18:00:00+0200,404.469381,MW,BE,BE,actual_onshore_wind_generation,Wind Onshore,2026-08-21T19:17:13Z
2026-08-21T19:16:33Z,2026-08-21T21:16:33+0200,0512be31-62a2-4d6f-b006-20ecbb9f67d0,2026-07-29T17:00:00Z,2026-07-29T19:00:00+0200,339.22597,MW,BE,BE,actual_onshore_wind_generation,Wind Onshore,2026-08-21T19:17:13Z
2026-08-21T19:16:33Z,2026-08-21T21:16:33+0200,0512be31-62a2-4d6f-b006-20ecbb9f67d0,2026-07-29T18:00:00Z,2026-07-29T20:00:00+0200,184.234349,MW,BE,BE,actual_onshore_wind_generation,Wind Onshore,2026-08-21T19:17:13Z
2026-08-21T19:16:33Z,2026-08-21T21:16:33+0200,0512be31-62a2-4d6f-b006-20ecbb9f67d0,2026-07-29T19:00:00Z,2026-07-29T21:00:00+0200,164.265243,MW,BE,BE,actual_onshore_wind_generation,Wind Onshore,2026-08-21T19:17:13Z
2026-08-21T19:16:33Z,2026-08-21T21:16:33+0200,0512be31-62a2-4d6f-b006-20ecbb9f67d0,2026-07-29T20:00:00Z,2026-07-29T22:00:00+0200,276.473428,MW,BE,BE,actual_onshore_wind_generation,Wind Onshore,2026-08-21T19:17:13Z
2026-08-21T19:16:33Z,2026-08-21T21:16:33+0200,0512be31-62a2-4d6f-b006-20ecbb9f67d0,2026-07-29T21:00:00Z,2026-07-29T23:00:00+0200,490.016019,MW,BE,BE,actual_onshore_wind_generation,Wind Onshore,2026-08-21T19:17:13Z
2026-08-21T19:16:33Z,2026-08-21T21:16:33+0200,0512be31-62a2-4d6f-b006-20ecbb9f67d0,2026-07-29T22:00:00Z,2026-07-30T00:00:00+0200,648.285149,MW,BE,BE,actual_onshore_wind_generation,Wind Onshore,2026-08-21T19:17:13Z
2026-08-21T19:16:33Z,2026-08-21T21:16:33+0200,0512be31-62a2-4d6f-b006-20ecbb9f67d0,2026-07-29T23:00:00Z,2026-07-30T01:00:00+0200,644.265145,MW,BE,BE,actual_onshore_wind_generation,Wind Onshore,2026-08-21T19:17:13Z
2026-08-21T19:16:33Z,2026-08-21T21:16:33+0200,0512be31-62a2-4d6f-b006-20ecbb9f67d0,2026-07-30T00:00:00Z,2026-07-30T02:00:00+0200,492.648723,MW,BE,BE,actual_onshore_wind_generation,Wind Onshore,2026-08-21T19:17:13Z
2026-08-21T19:16:33Z,2026-08-21T21:16:33+0200,0512be31-62a2-4d6f-b006-20ecbb9f67d0,2026-07-30T01:00:00Z,2026-07-30T03:00:00+0200,409.903452,MW,BE,BE,actual_onshore_wind_generation,Wind Onshore,2026-08-21T19:17:13Z
2026-08-21T19:16:33Z,2026-08-21T21:16:33+0200,0512be31-62a2-4d6f-b006-20ecbb9f67d0,2026-07-30T02:00:00Z,2026-07-30T04:00:00+0200,397.379009,MW,BE,BE,actual_onshore_wind_generation,Wind Onshore,2026-08-21T19:17:13Z
2026-08-21T19:16:33Z,2026-08-21T21:16:33+0200,0512be31-62a2-4d6f-b006-20ecbb9f67d0,2026-07-30T03:00:00Z,2026-07-30T05:00:00+0200,453.122858,MW,BE,BE,actual_onshore_wind_generation,Wind Onshore,2026-08-21T19:17:13Z
2026-08-21T19:16:33Z,2026-08-21T21:16:33+0200,0512be31-62a2-4d6f-b006-20ecbb9f67d0,2026-07-30T04:00:00Z,2026-07-30T06:00:00+0200,413.550076,MW,BE,BE,actual_onshore_wind_generation,Wind Onshore,2026-08-21T19:17:13Z
2026-08-21T19:16:33Z,2026-08-21T21:16:33+0200,0512be31-62a2-4d6f-b006-20ecbb9f67d0,2026-07-30T05:00:00Z,2026-07-30T07:00:00+0200,289.531261,MW,BE,BE,actual_onshore_wind_generation,Wind Onshore,2026-08-21T19:17:13Z
2026-08-21T19:16:33Z,2026-08-21T21:16:33+0200,0512be31-62a2-4d6f-b006-20ecbb9f67d0,2026-07-30T06:00:00Z,2026-07-30T08:00:00+0200,195.189548,MW,BE,BE,actual_onshore_wind_generation,Wind Onshore,2026-08-21T19:17:13Z
2026-08-21T19:16:33Z,2026-08-21T21:16:33+0200,0512be31-62a2-4d6f-b006-20ecbb9f67d0,2026-07-30T07:00:00Z,2026-07-30T09:00:00+0200,115.936582,MW,BE,BE,actual_onshore_wind_generation,Wind Onshore,2026-08-21T19:17:13Z
2026-08-21T19:16:33Z,2026-08-21T21:16:33+0200,0512be31-62a2-4d6f-b006-20ecbb9f67d0,2026-07-30T08:00:00Z,2026-07-30T10:00:00+0200,167.795459,MW,BE,BE,actual_onshore_wind_generation,Wind Onshore,2026-08-21T19:17:13Z
2026-08-21T19:16:33Z,2026-08-21T21:16:33+0200,0512be31-62a2-4d6f-b006-20ecbb9f67d0,2026-07-30T09:00:00Z,2026-07-30T11:00:00+0200,331.191352,MW,BE,BE,actual_onshore_wind_generation,Wind Onshore,2026-08-21T19:17:13Z
2026-08-21T19:16:33Z,2026-08-21T21:16:33+0200,0512be31-62a2-4d6f-b006-20ecbb9f67d0,2026-07-30T10:00:00Z,2026-07-30T12:00:00+0200,887.875721,MW,BE,BE,actual_onshore_wind_generation,Wind Onshore,2026-08-21T19:17:13Z
2026-08-21T19:16:33Z,2026-08-21T21:16:33+0200,0512be31-62a2-4d6f-b006-20ecbb9f67d0,2026-07-30T11:00:00Z,2026-07-30T13:00:00+0200,1011.372192,MW,BE,BE,actual_onshore_wind_generation,Wind Onshore,2026-08-21T19:17:13Z
2026-08-21T19:16:33Z,2026-08-21T21:16:33+0200,0512be31-62a2-4d6f-b006-20ecbb9f67d0,2026-07-30T12:00:00Z,2026-07-30T14:00:00+0200,645.628953,MW,BE,BE,actual_onshore_wind_generation,Wind Onshore,2026-08-21T19:17:13Z
2026-08-21T19:16:33Z,2026-08-21T21:16:33+0200,0512be31-62a2-4d6f-b006-20ecbb9f67d0,2026-07-30T13:00:00Z,2026-07-30T15:00:00+0200,154.560968,MW,BE,BE,actual_onshore_wind_generation,Wind Onshore,2026-08-21T19:17:13Z
2026-08-21T19:16:33Z,2026-08-21T21:16:33+0200,0512be31-62a2-4d6f-b006-20ecbb9f67d0,2026-07-30T14:00:00Z,2026-07-30T16:00:00+0200,70.276146,MW,BE,BE,actual_onshore_wind_generation,Wind Onshore,2026-08-21T19:17:13Z
2026-08-21T19:16:33Z,2026-08-21T21:16:33+0200,0512be31-62a2-4d6f-b006-20ecbb9f67d0,2026-07-30T15:00:00Z,2026-07-30T17:00:00+0200,129.267164,MW,BE,BE,actual_onshore_wind_generation,Wind Onshore,2026-08-21T19:17:13Z
2026-08-21T19:16:33Z,2026-08-21T21:16:33+0200,0512be31-62a2-4d6f-b006-20ecbb9f67d0,2026-07-30T16:00:00Z,2026-07-30T18:00:00+0200,135.861916,MW,BE,BE,actual_onshore_wind_generation,Wind Onshore,2026-08-21T19:17:13Z
2026-08-21T19:16:33Z,2026-08-21T21:16:33+0200,0512be31-62a2-4d6f-b006-20ecbb9f67d0,2026-07-30T17:00:00Z,2026-07-30T19:00:00+0200,91.856363,MW,BE,BE,actual_onshore_wind_generation,Wind Onshore,2026-08-21T19:17:13Z
2026-08-21T19:16:33Z,2026-08-21T21:16:33+0200,0512be31-62a2-4d6f-b006-20ecbb9f67d0,2026-07-30T18:00:00Z,2026-07-30T20:00:00+0200,62.575866,MW,BE,BE,actual_onshore_wind_generation,Wind Onshore,2026-08-21T19:17:13Z
2026-08-21T19:16:33Z,2026-08-21T21:16:33+0200,0512be31-62a2-4d6f-b006-20ecbb9f67d0,2026-07-30T19:00:00Z,2026-07-30T21:00:00+0200,38.725815,MW,BE,BE,actual_onshore_wind_generation,Wind Onshore,2026-08-21T19:17:13Z
2026-08-21T19:16:33Z,2026-08-21T21:16:33+0200,0512be31-62a2-4d6f-b006-20ecbb9f67d0,2026-07-30T20:00:00Z,2026-07-30T22:00:00+0200,25.17627,MW,BE,BE,actual_onshore_wind_generation,Wind Onshore,2026-08-21T19:17:13Z
2026-08-21T19:16:33Z,2026-08-21T21:16:33+0200,0512be31-62a2-4d6f-b006-20ecbb9f67d0,2026-07-30T21:00:00Z,2026-07-30T23:00:00+0200,33.733856,MW,BE,BE,actual_onshore_wind_generation,Wind Onshore,2026-08-21T19:17:13Z
2026-08-21T19:16:33Z,2026-08-21T21:16:33+0200,0512be31-62a2-4d6f-b006-20ecbb9f67d0,2026-07-30T22:00:00Z,2026-07-31T00:00:00+0200,24.969545,MW,BE,BE,actual_onshore_wind_generation,Wind Onshore,2026-08-21T19:17:13Z
2026-08-21T19:16:33Z,2026-08-21T21:16:33+0200,0512be31-62a2-4d6f-b006-20ecbb9f67d0,2026-07-30T23:00:00Z,2026-07-31T01:00:00+0200,56.248122,MW,BE,BE,actual_onshore_wind_generation,Wind Onshore,2026-08-21T19:17:13Z
2026-08-21T19:16:33Z,2026-08-21T21:16:33+0200,0512be31-62a2-4d6f-b006-20ecbb9f67d0,2026-07-31T00:00:00Z,2026-07-31T02:00:00+0200,65.497247,MW,BE,BE,actual_onshore_wind_generation,Wind Onshore,2026-08-21T19:17:13Z
2026-08-21T19:16:33Z,2026-08-21T21:16:33+0200,0512be31-62a2-4d6f-b006-20ecbb9f67d0,2026-07-31T01:00:00Z,2026-07-31T03:00:00+0200,69.55544,MW,BE,BE,actual_onshore_wind_generation,Wind Onshore,2026-08-21T19:17:13Z
2026-08-21T19:16:33Z,2026-08-21T21:16:33+0200,0512be31-62a2-4d6f-b006-20ecbb9f67d0,2026-07-31T02:00:00Z,2026-07-31T04:00:00+0200,76.512861,MW,BE,BE,actual_onshore_wind_generation,Wind Onshore,2026-08-21T19:17:13Z
2026-08-21T19:16:33Z,2026-08-21T21:16:33+0200,0512be31-62a2-4d6f-b006-20ecbb9f67d0,2026-07-31T03:00:00Z,2026-07-31T05:00:00+0200,103.606854,MW,BE,BE,actual_onshore_wind_generation,Wind Onshore,2026-08-21T19:17:13Z
2026-08-21T19:16:33Z,2026-08-21T21:16:33+0200,0512be31-62a2-4d6f-b006-20ecbb9f67d0,2026-07-31T04:00:00Z,2026-07-31T06:00:00+0200,143.89788,MW,BE,BE,actual_onshore_wind_generation,Wind Onshore,2026-08-21T19:17:13Z
2026-08-21T19:16:33Z,2026-08-21T21:16:33+0200,0512be31-62a2-4d6f-b006-20ecbb9f67d0,2026-07-31T05:00:00Z,2026-07-31T07:00:00+0200,116.534249,MW,BE,BE,actual_onshore_wind_generation,Wind Onshore,2026-08-21T19:17:13Z
2026-08-21T19:16:33Z,2026-08-21T21:16:33+0200,0512be31-62a2-4d6f-b006-20ecbb9f67d0,2026-07-31T06:00:00Z,2026-07-31T08:00:00+0200,59.44702,MW,BE,BE,actual_onshore_wind_generation,Wind Onshore,2026-08-21T19:17:13Z
2026-08-21T19:16:33Z,2026-08-21T21:16:33+0200,0512be31-62a2-4d6f-b006-20ecbb9f67d0,2026-07-31T07:00:00Z,2026-07-31T09:00:00+0200,38.427241,MW,BE,BE,actual_onshore_wind_generation,Wind Onshore,2026-08-21T19:17:13Z
2026-08-21T19:16:33Z,2026-08-21T21:16:33+0200,0512be31-62a2-4d6f-b006-20ecbb9f67d0,2026-07-31T08:00:00Z,2026-07-31T10:00:00+0200,47.655327,MW,BE,BE,actual_onshore_wind_generation,Wind Onshore,2026-08-21T19:17:13Z
2026-08-21T19:16:33Z,2026-08-21T21:16:33+0200,0512be31-62a2-4d6f-b006-20ecbb9f67d0,2026-07-31T09:00:00Z,2026-07-31T11:00:00+0200,74.292653,MW,BE,BE,actual_onshore_wind_generation,Wind Onshore,2026-08-21T19:17:13Z
2026-08-21T19:16:33Z,2026-08-21T21:16:33+0200,0512be31-62a2-4d6f-b006-20ecbb9f67d0,2026-07-31T10:00:00Z,2026-07-31T12:00:00+0200,154.803839,MW,BE,BE,actual_onshore_wind_generation,Wind Onshore,2026-08-21T19:17:13Z
2026-08-21T19:16:33Z,2026-08-21T21:16:33+0200,0512be31-62a2-4d6f-b006-20ecbb9f67d0,2026-07-31T11:00:00Z,2026-07-31T13:00:00+0200,260.202228,MW,BE,BE,actual_onshore_wind_generation,Wind Onshore,2026-08-21T19:17:13Z
2026-08-21T19:16:33Z,2026-08-21T21:16:33+0200,0512be31-62a2-4d6f-b006-20ecbb9f67d0,2026-07-31T12:00:00Z,2026-07-31T14:00:00+0200,330.669989,MW,BE,BE,actual_onshore_wind_generation,Wind Onshore,2026-08-21T19:17:13Z
2026-08-21T19:16:33Z,2026-08-21T21:16:33+0200,0512be31-62a2-4d6f-b006-20ecbb9f67d0,2026-07-31T13:00:00Z,2026-07-31T15:00:00+0200,465.839621,MW,BE,BE,actual_onshore_wind_generation,Wind Onshore,2026-08-21T19:17:13Z
2026-08-21T19:16:33Z,2026-08-21T21:16:33+0200,0512be31-62a2-4d6f-b006-20ecbb9f67d0,2026-07-31T14:00:00Z,2026-07-31T16:00:00+0200,509.797536,MW,BE,BE,actual_onshore_wind_generation,Wind Onshore,2026-08-21T19:17:13Z
2026-08-21T19:16:33Z,2026-08-21T21:16:33+0200,0512be31-62a2-4d6f-b006-20ecbb9f67d0,2026-07-31T15:00:00Z,2026-07-31T17:00:00+0200,494.682253,MW,BE,BE,actual_onshore_wind_generation,Wind Onshore,2026-08-21T19:17:13Z
2026-08-21T19:16:33Z,2026-08-21T21:16:33+0200,0512be31-62a2-4d6f-b006-20ecbb9f67d0,2026-07-31T16:00:00Z,2026-07-31T18:00:00+0200,638.213344,MW,BE,BE,actual_onshore_wind_generation,Wind Onshore,2026-08-21T19:17:13Z
2026-08-21T19:16:33Z,2026-08-21T21:16:33+0200,0512be31-62a2-4d6f-b006-20ecbb9f67d0,2026-07-31T17:00:00Z,2026-07-31T19:00:00+0200,707.725794,MW,BE,BE,actual_onshore_wind_generation,Wind Onshore,2026-08-21T19:17:13Z
2026-08-21T19:16:33Z,2026-08-21T21:16:33+0200,0512be31-62a2-4d6f-b006-20ecbb9f67d0,2026-07-31T18:00:00Z,2026-07-31T20:00:00+0200,595.990948,MW,BE,BE,actual_onshore_wind_generation,Wind Onshore,2026-08-21T19:17:13Z
2026-08-21T19:16:33Z,2026-08-21T21:16:33+0200,0512be31-62a2-4d6f-b006-20ecbb9f67d0,2026-07-31T19:00:00Z,2026-07-31T21:00:00+0200,481.674185,MW,BE,BE,actual_onshore_wind_generation,Wind Onshore,2026-08-21T19:17:13Z
2026-08-21T19:16:33Z,2026-08-21T21:16:33+0200,0512be31-62a2-4d6f-b006-20ecbb9f67d0,2026-07-31T20:00:00Z,2026-07-31T22:00:00+0200,409.455053,MW,BE,BE,actual_onshore_wind_generation,Wind Onshore,2026-08-21T19:17:13Z
2026-08-21T19:16:33Z,2026-08-21T21:16:33+0200,0512be31-62a2-4d6f-b006-20ecbb9f67d0,2026-07-31T21:00:00Z,2026-07-31T23:00:00+0200,380.652037,MW,BE,BE,actual_onshore_wind_generation,Wind Onshore,2026-08-21T19:17:13Z
2026-08-21T19:16:33Z,2026-08-21T21:16:33+0200,0512be31-62a2-4d6f-b006-20ecbb9f67d0,2026-07-31T22:00:00Z,2026-08-01T00:00:00+0200,287.777275,MW,BE,BE,actual_onshore_wind_generation,Wind Onshore,2026-08-21T19:17:13Z
2026-08-21T19:16:33Z,2026-08-21T21:16:33+0200,0512be31-62a2-4d6f-b006-20ecbb9f67d0,2026-07-31T23:00:00Z,2026-08-01T01:00:00+0200,285.891412,MW,BE,BE,actual_onshore_wind_generation,Wind Onshore,2026-08-21T19:17:13Z
2026-08-21T19:16:33Z,2026-08-21T21:16:33+0200,0512be31-62a2-4d6f-b006-20ecbb9f67d0,2026-08-01T00:00:00Z,2026-08-01T02:00:00+0200,266.830715,MW,BE,BE,actual_onshore_wind_generation,Wind Onshore,2026-08-21T19:17:13Z
2026-08-21T19:16:33Z,2026-08-21T21:16:33+0200,0512be31-62a2-4d6f-b006-20ecbb9f67d0,2026-08-01T01:00:00Z,2026-08-01T03:00:00+0200,263.039944,MW,BE,BE,actual_onshore_wind_generation,Wind Onshore,2026-08-21T19:17:13Z
2026-08-21T19:16:33Z,2026-08-21T21:16:33+0200,0512be31-62a2-4d6f-b006-20ecbb9f67d0,2026-08-01T02:00:00Z,2026-08-01T04:00:00+0200,241.351333,MW,BE,BE,actual_onshore_wind_generation,Wind Onshore,2026-08-21T19:17:13Z
2026-08-21T19:16:33Z,2026-08-21T21:16:33+0200,0512be31-62a2-4d6f-b006-20ecbb9f67d0,2026-08-01T03:00:00Z,2026-08-01T05:00:00+0200,263.420491,MW,BE,BE,actual_onshore_wind_generation,Wind Onshore,2026-08-21T19:17:13Z
2026-08-21T19:16:33Z,2026-08-21T21:16:33+0200,0512be31-62a2-4d6f-b006-20ecbb9f67d0,2026-08-01T04:00:00Z,2026-08-01T06:00:00+0200,238.436709,MW,BE,BE,actual_onshore_wind_generation,Wind Onshore,2026-08-21T19:17:13Z
2026-08-21T19:16:33Z,2026-08-21T21:16:33+0200,0512be31-62a2-4d6f-b006-20ecbb9f67d0,2026-08-01T05:00:00Z,2026-08-01T07:00:00+0200,152.278527,MW,BE,BE,actual_onshore_wind_generation,Wind Onshore,2026-08-21T19:17:13Z
2026-08-21T19:16:33Z,2026-08-21T21:16:33+0200,0512be31-62a2-4d6f-b006-20ecbb9f67d0,2026-08-01T06:00:00Z,2026-08-01T08:00:00+0200,60.99597,MW,BE,BE,actual_onshore_wind_generation,Wind Onshore,2026-08-21T19:17:13Z
2026-08-21T19:16:33Z,2026-08-21T21:16:33+0200,0512be31-62a2-4d6f-b006-20ecbb9f67d0,2026-08-01T07:00:00Z,2026-08-01T09:00:00+0200,49.356371,MW,BE,BE,actual_onshore_wind_generation,Wind Onshore,2026-08-21T19:17:13Z
2026-08-21T19:16:33Z,2026-08-21T21:16:33+0200,0512be31-62a2-4d6f-b006-20ecbb9f67d0,2026-08-01T08:00:00Z,2026-08-01T10:00:00+0200,103.791143,MW,BE,BE,actual_onshore_wind_generation,Wind Onshore,2026-08-21T19:17:13Z
2026-08-21T19:16:33Z,2026-08-21T21:16:33+0200,0512be31-62a2-4d6f-b006-20ecbb9f67d0,2026-08-01T09:00:00Z,2026-08-01T11:00:00+0200,87.208888,MW,BE,BE,actual_onshore_wind_generation,Wind Onshore,2026-08-21T19:17:13Z
2026-08-21T19:16:33Z,2026-08-21T21:16:33+0200,0512be31-62a2-4d6f-b006-20ecbb9f67d0,2026-08-01T10:00:00Z,2026-08-01T12:00:00+0200,72.315393,MW,BE,BE,actual_onshore_wind_generation,Wind Onshore,2026-08-21T19:17:13Z
2026-08-21T19:16:33Z,2026-08-21T21:16:33+0200,0512be31-62a2-4d6f-b006-20ecbb9f67d0,2026-08-01T11:00:00Z,2026-08-01T13:00:00+0200,55.844069,MW,BE,BE,actual_onshore_wind_generation,Wind Onshore,2026-08-21T19:17:13Z
2026-08-21T19:16:33Z,2026-08-21T21:16:33+0200,0512be31-62a2-4d6f-b006-20ecbb9f67d0,2026-08-01T12:00:00Z,2026-08-01T14:00:00+0200,66.031954,MW,BE,BE,actual_onshore_wind_generation,Wind Onshore,2026-08-21T19:17:13Z
2026-08-21T19:16:33Z,2026-08-21T21:16:33+0200,0512be31-62a2-4d6f-b006-20ecbb9f67d0,2026-08-01T13:00:00Z,2026-08-01T15:00:00+0200,64.679701,MW,BE,BE,actual_onshore_wind_generation,Wind Onshore,2026-08-21T19:17:13Z
2026-08-21T19:16:33Z,2026-08-21T21:16:33+0200,0512be31-62a2-4d6f-b006-20ecbb9f67d0,2026-08-01T14:00:00Z,2026-08-01T16:00:00+0200,74.312475,MW,BE,BE,actual_onshore_wind_generation,Wind Onshore,2026-08-21T19:17:13Z
2026-08-21T19:16:33Z,2026-08-21T21:16:33+0200,0512be31-62a2-4d6f-b006-20ecbb9f67d0,2026-08-01T15:00:00Z,2026-08-01T17:00:00+0200,95.565222,MW,BE,BE,actual_onshore_wind_generation,Wind Onshore,2026-08-21T19:17:13Z
2026-08-21T19:16:33Z,2026-08-21T21:16:33+0200,0512be31-62a2-4d6f-b006-20ecbb9f67d0,2026-08-01T16:00:00Z,2026-08-01T18:00:00+0200,127.056283,MW,BE,BE,actual_onshore_wind_generation,Wind Onshore,2026-08-21T19:17:13Z
2026-08-21T19:16:33Z,2026-08-21T21:16:33+0200,0512be31-62a2-4d6f-b006-20ecbb9f67d0,2026-08-01T17:00:00Z,2026-08-01T19:00:00+0200,254.544182,MW,BE,BE,actual_onshore_wind_generation,Wind Onshore,2026-08-21T19:17:13Z
2026-08-21T19:16:33Z,2026-08-21T21:16:33+0200,0512be31-62a2-4d6f-b006-20ecbb9f67d0,2026-08-01T18:00:00Z,2026-08-01T20:00:00+0200,376.121608,MW,BE,BE,actual_onshore_wind_generation,Wind Onshore,2026-08-21T19:17:13Z
2026-08-21T19:16:33Z,2026-08-21T21:16:33+0200,0512be31-62a2-4d6f-b006-20ecbb9f67d0,2026-08-01T19:00:00Z,2026-08-01T21:00:00+0200,467.109218,MW,BE,BE,actual_onshore_wind_generation,Wind Onshore,2026-08-21T19:17:13Z
2026-08-21T19:16:33Z,2026-08-21T21:16:33+0200,0512be31-62a2-4d6f-b006-20ecbb9f67d0,2026-08-01T20:00:00Z,2026-08-01T22:00:00+0200,596.009731,MW,BE,BE,actual_onshore_wind_generation,Wind Onshore,2026-08-21T19:17:13Z
2026-08-21T19:16:33Z,2026-08-21T21:16:33+0200,0512be31-62a2-4d6f-b006-20ecbb9f67d0,2026-08-01T21:00:00Z,2026-08-01T23:00:00+0200,703.303772,MW,BE,BE,actual_onshore_wind_generation,Wind Onshore,2026-08-21T19:17:13Z
2026-08-21T19:16:33Z,2026-08-21T21:16:33+0200,0512be31-62a2-4d6f-b006-20ecbb9f67d0,2026-08-01T22:00:00Z,2026-08-02T00:00:00+0200,679.247115,MW,BE,BE,actual_onshore_wind_generation,Wind Onshore,2026-08-21T19:17:13Z
2026-08-21T19:16:33Z,2026-08-21T21:16:33+0200,0512be31-62a2-4d6f-b006-20ecbb9f67d0,2026-08-01T23:00:00Z,2026-08-02T01:00:00+0200,706.486675,MW,BE,BE,actual_onshore_wind_generation,Wind Onshore,2026-08-21T19:17:13Z
2026-08-21T19:16:33Z,2026-08-21T21:16:33+0200,0512be31-62a2-4d6f-b006-20ecbb9f67d0,2026-08-02T00:00:00Z,2026-08-02T02:00:00+0200,713.509117,MW,BE,BE,actual_onshore_wind_generation,Wind Onshore,2026-08-21T19:17:13Z
2026-08-21T19:16:33Z,2026-08-21T21:16:33+0200,0512be31-62a2-4d6f-b006-20ecbb9f67d0,2026-08-02T01:00:00Z,2026-08-02T03:00:00+0200,703.283467,MW,BE,BE,actual_onshore_wind_generation,Wind Onshore,2026-08-21T19:17:13Z
2026-08-21T19:16:33Z,2026-08-21T21:16:33+0200,0512be31-62a2-4d6f-b006-20ecbb9f67d0,2026-08-02T02:00:00Z,2026-08-02T04:00:00+0200,625.868793,MW,BE,BE,actual_onshore_wind_generation,Wind Onshore,2026-08-21T19:17:13Z
2026-08-21T19:16:33Z,2026-08-21T21:16:33+0200,0512be31-62a2-4d6f-b006-20ecbb9f67d0,2026-08-02T03:00:00Z,2026-08-02T05:00:00+0200,534.592318,MW,BE,BE,actual_onshore_wind_generation,Wind Onshore,2026-08-21T19:17:13Z
2026-08-21T19:16:33Z,2026-08-21T21:16:33+0200,0512be31-62a2-4d6f-b006-20ecbb9f67d0,2026-08-02T04:00:00Z,2026-08-02T06:00:00+0200,545.908376,MW,BE,BE,actual_onshore_wind_generation,Wind Onshore,2026-08-21T19:17:13Z
2026-08-21T19:16:33Z,2026-08-21T21:16:33+0200,0512be31-62a2-4d6f-b006-20ecbb9f67d0,2026-08-02T05:00:00Z,2026-08-02T07:00:00+0200,538.522205,MW,BE,BE,actual_onshore_wind_generation,Wind Onshore,2026-08-21T19:17:13Z
2026-08-21T19:16:33Z,2026-08-21T21:16:33+0200,0512be31-62a2-4d6f-b006-20ecbb9f67d0,2026-08-02T06:00:00Z,2026-08-02T08:00:00+0200,420.069822,MW,BE,BE,actual_onshore_wind_generation,Wind Onshore,2026-08-21T19:17:13Z
2026-08-21T19:16:33Z,2026-08-21T21:16:33+0200,0512be31-62a2-4d6f-b006-20ecbb9f67d0,2026-08-02T07:00:00Z,2026-08-02T09:00:00+0200,281.803289,MW,BE,BE,actual_onshore_wind_generation,Wind Onshore,2026-08-21T19:17:13Z
2026-08-21T19:16:33Z,2026-08-21T21:16:33+0200,0512be31-62a2-4d6f-b006-20ecbb9f67d0,2026-08-02T08:00:00Z,2026-08-02T10:00:00+0200,438.847495,MW,BE,BE,actual_onshore_wind_generation,Wind Onshore,2026-08-21T19:17:13Z
2026-08-21T19:16:33Z,2026-08-21T21:16:33+0200,0512be31-62a2-4d6f-b006-20ecbb9f67d0,2026-08-02T09:00:00Z,2026-08-02T11:00:00+0200,560.244889,MW,BE,BE,actual_onshore_wind_generation,Wind Onshore,2026-08-21T19:17:13Z
2026-08-21T19:16:33Z,2026-08-21T21:16:33+0200,0512be31-62a2-4d6f-b006-20ecbb9f67d0,2026-08-02T10:00:00Z,2026-08-02T12:00:00+0200,473.422982,MW,BE,BE,actual_onshore_wind_generation,Wind Onshore,2026-08-21T19:17:13Z
2026-08-21T19:16:33Z,2026-08-21T21:16:33+0200,0512be31-62a2-4d6f-b006-20ecbb9f67d0,2026-08-02T11:00:00Z,2026-08-02T13:00:00+0200,355.830599,MW,BE,BE,actual_onshore_wind_generation,Wind Onshore,2026-08-21T19:17:13Z
2026-08-21T19:16:33Z,2026-08-21T21:16:33+0200,0512be31-62a2-4d6f-b006-20ecbb9f67d0,2026-08-02T12:00:00Z,2026-08-02T14:00:00+0200,392.65326,MW,BE,BE,actual_onshore_wind_generation,Wind Onshore,2026-08-21T19:17:13Z
2026-08-21T19:16:33Z,2026-08-21T21:16:33+0200,0512be31-62a2-4d6f-b006-20ecbb9f67d0,2026-08-02T13:00:00Z,2026-08-02T15:00:00+0200,413.213054,MW,BE,BE,actual_onshore_wind_generation,Wind Onshore,2026-08-21T19:17:13Z
2026-08-21T19:16:33Z,2026-08-21T21:16:33+0200,0512be31-62a2-4d6f-b006-20ecbb9f67d0,2026-08-02T14:00:00Z,2026-08-02T16:00:00+0200,452.208718,MW,BE,BE,actual_onshore_wind_generation,Wind Onshore,2026-08-21T19:17:13Z
2026-08-21T19:16:33Z,2026-08-21T21:16:33+0200,0512be31-62a2-4d6f-b006-20ecbb9f67d0,2026-08-02T15:00:00Z,2026-08-02T17:00:00+0200,620.3365,MW,BE,BE,actual_onshore_wind_generation,Wind Onshore,2026-08-21T19:17:13Z
2026-08-21T19:16:33Z,2026-08-21T21:16:33+0200,0512be31-62a2-4d6f-b006-20ecbb9f67d0,2026-08-02T16:00:00Z,2026-08-02T18:00:00+0200,786.937093,MW,BE,BE,actual_onshore_wind_generation,Wind Onshore,2026-08-21T19:17:13Z
2026-08-21T19:16:33Z,2026-08-21T21:16:33+0200,0512be31-62a2-4d6f-b006-20ecbb9f67d0,2026-08-02T17:00:00Z,2026-08-02T19:00:00+0200,815.815748,MW,BE,BE,actual_onshore_wind_generation,Wind Onshore,2026-08-21T19:17:13Z
2026-08-21T19:16:33Z,2026-08-21T21:16:33+0200,0512be31-62a2-4d6f-b006-20ecbb9f67d0,2026-08-02T18:00:00Z,2026-08-02T20:00:00+0200,752.248678,MW,BE,BE,actual_onshore_wind_generation,Wind Onshore,2026-08-21T19:17:13Z
2026-08-21T19:16:33Z,2026-08-21T21:16:33+0200,0512be31-62a2-4d6f-b006-20ecbb9f67d0,2026-08-02T19:00:00Z,2026-08-02T21:00:00+0200,899.668788,MW,BE,BE,actual_onshore_wind_generation,Wind Onshore,2026-08-21T19:17:13Z
2026-08-21T19:16:33Z,2026-08-21T21:16:33+0200,0512be31-62a2-4d6f-b006-20ecbb9f67d0,2026-08-02T20:00:00Z,2026-08-02T22:00:00+0200,1024.304029,MW,BE,BE,actual_onshore_wind_generation,Wind Onshore,2026-08-21T19:17:13Z
2026-08-21T19:16:33Z,2026-08-21T21:16:33+0200,0512be31-62a2-4d6f-b006-20ecbb9f67d0,2026-08-02T21:00:00Z,2026-08-02T23:00:00+0200,941.402178,MW,BE,BE,actual_onshore_wind_generation,Wind Onshore,2026-08-21T19:17:13Z
2026-08-21T19:16:33Z,2026-08-21T21:16:33+0200,0512be31-62a2-4d6f-b006-20ecbb9f67d0,2026-08-02T22:00:00Z,2026-08-03T00:00:00+0200,824.08082,MW,BE,BE,actual_onshore_wind_generation,Wind Onshore,2026-08-21T19:17:13Z
2026-08-21T19:16:33Z,2026-08-21T21:16:33+0200,0512be31-62a2-4d6f-b006-20ecbb9f67d0,2026-08-02T23:00:00Z,2026-08-03T01:00:00+0200,718.110888,MW,BE,BE,actual_onshore_wind_generation,Wind Onshore,2026-08-21T19:17:13Z
2026-08-21T19:16:33Z,2026-08-21T21:16:33+0200,0512be31-62a2-4d6f-b006-20ecbb9f67d0,2026-08-03T00:00:00Z,2026-08-03T02:00:00+0200,608.759405,MW,BE,BE,actual_onshore_wind_generation,Wind Onshore,2026-08-21T19:17:13Z
2026-08-21T19:16:33Z,2026-08-21T21:16:33+0200,0512be31-62a2-4d6f-b006-20ecbb9f67d0,2026-08-03T01:00:00Z,2026-08-03T03:00:00+0200,482.150825,MW,BE,BE,actual_onshore_wind_generation,Wind Onshore,2026-08-21T19:17:13Z
2026-08-21T19:16:33Z,2026-08-21T21:16:33+0200,0512be31-62a2-4d6f-b006-20ecbb9f67d0,2026-08-03T02:00:00Z,2026-08-03T04:00:00+0200,366.28557,MW,BE,BE,actual_onshore_wind_generation,Wind Onshore,2026-08-21T19:17:13Z
2026-08-21T19:16:33Z,2026-08-21T21:16:33+0200,0512be31-62a2-4d6f-b006-20ecbb9f67d0,2026-08-03T03:00:00Z,2026-08-03T05:00:00+0200,309.623887,MW,BE,BE,actual_onshore_wind_generation,Wind Onshore,2026-08-21T19:17:13Z
2026-08-21T19:16:33Z,2026-08-21T21:16:33+0200,0512be31-62a2-4d6f-b006-20ecbb9f67d0,2026-08-03T04:00:00Z,2026-08-03T06:00:00+0200,271.684843,MW,BE,BE,actual_onshore_wind_generation,Wind Onshore,2026-08-21T19:17:13Z
2026-08-21T19:16:33Z,2026-08-21T21:16:33+0200,0512be31-62a2-4d6f-b006-20ecbb9f67d0,2026-08-03T05:00:00Z,2026-08-03T07:00:00+0200,236.200905,MW,BE,BE,actual_onshore_wind_generation,Wind Onshore,2026-08-21T19:17:13Z
2026-08-21T19:16:33Z,2026-08-21T21:16:33+0200,0512be31-62a2-4d6f-b006-20ecbb9f67d0,2026-08-03T06:00:00Z,2026-08-03T08:00:00+0200,152.347968,MW,BE,BE,actual_onshore_wind_generation,Wind Onshore,2026-08-21T19:17:13Z
2026-08-21T19:16:33Z,2026-08-21T21:16:33+0200,0512be31-62a2-4d6f-b006-20ecbb9f67d0,2026-08-03T07:00:00Z,2026-08-03T09:00:00+0200,61.691678,MW,BE,BE,actual_onshore_wind_generation,Wind Onshore,2026-08-21T19:17:13Z
2026-08-21T19:16:33Z,2026-08-21T21:16:33+0200,0512be31-62a2-4d6f-b006-20ecbb9f67d0,2026-08-03T08:00:00Z,2026-08-03T10:00:00+0200,32.470207,MW,BE,BE,actual_onshore_wind_generation,Wind Onshore,2026-08-21T19:17:13Z
2026-08-21T19:16:33Z,2026-08-21T21:16:33+0200,0512be31-62a2-4d6f-b006-20ecbb9f67d0,2026-08-03T09:00:00Z,2026-08-03T11:00:00+0200,31.422599,MW,BE,BE,actual_onshore_wind_generation,Wind Onshore,2026-08-21T19:17:13Z
2026-08-21T19:16:33Z,2026-08-21T21:16:33+0200,0512be31-62a2-4d6f-b006-20ecbb9f67d0,2026-08-03T10:00:00Z,2026-08-03T12:00:00+0200,19.923485,MW,BE,BE,actual_onshore_wind_generation,Wind Onshore,2026-08-21T19:17:13Z
2026-08-21T19:16:33Z,2026-08-21T21:16:33+0200,0512be31-62a2-4d6f-b006-20ecbb9f67d0,2026-08-03T11:00:00Z,2026-08-03T13:00:00+0200,26.93051,MW,BE,BE,actual_onshore_wind_generation,Wind Onshore,2026-08-21T19:17:13Z
2026-08-21T19:16:33Z,2026-08-21T21:16:33+0200,0512be31-62a2-4d6f-b006-20ecbb9f67d0,2026-08-03T12:00:00Z,2026-08-03T14:00:00+0200,54.52568,MW,BE,BE,actual_onshore_wind_generation,Wind Onshore,2026-08-21T19:17:13Z
2026-08-21T19:16:33Z,2026-08-21T21:16:33+0200,0512be31-62a2-4d6f-b006-20ecbb9f67d0,2026-08-03T13:00:00Z,2026-08-03T15:00:00+0200,71.428157,MW,BE,BE,actual_onshore_wind_generation,Wind Onshore,2026-08-21T19:17:13Z
2026-08-21T19:16:33Z,2026-08-21T21:16:33+0200,0512be31-62a2-4d6f-b006-20ecbb9f67d0,2026-08-03T14:00:00Z,2026-08-03T16:00:00+0200,109.666404,MW,BE,BE,actual_onshore_wind_generation,Wind Onshore,2026-08-21T19:17:13Z
2026-08-21T19:16:33Z,2026-08-21T21:16:33+0200,0512be31-62a2-4d6f-b006-20ecbb9f67d0,2026-08-03T15:00:00Z,2026-08-03T17:00:00+0200,178.758218,MW,BE,BE,actual_onshore_wind_generation,Wind Onshore,2026-08-21T19:17:13Z
2026-08-21T19:16:33Z,2026-08-21T21:16:33+0200,0512be31-62a2-4d6f-b006-20ecbb9f67d0,2026-08-03T16:00:00Z,2026-08-03T18:00:00+0200,228.268239,MW,BE,BE,actual_onshore_wind_generation,Wind Onshore,2026-08-21T19:17:13Z
2026-08-21T19:16:33Z,2026-08-21T21:16:33+0200,0512be31-62a2-4d6f-b006-20ecbb9f67d0,2026-08-03T17:00:00Z,2026-08-03T19:00:00+0200,263.454885,MW,BE,BE,actual_onshore_wind_generation,Wind Onshore,2026-08-21T19:17:13Z
2026-08-21T19:16:33Z,2026-08-21T21:16:33+0200,0512be31-62a2-4d6f-b006-20ecbb9f67d0,2026-08-03T18:00:00Z,2026-08-03T20:00:00+0200,356.993758,MW,BE,BE,actual_onshore_wind_generation,Wind Onshore,2026-08-21T19:17:13Z
2026-08-21T19:16:33Z,2026-08-21T21:16:33+0200,0512be31-62a2-4d6f-b006-20ecbb9f67d0,2026-08-03T19:00:00Z,2026-08-03T21:00:00+0200,777.171676,MW,BE,BE,actual_onshore_wind_generation,Wind Onshore,2026-08-21T19:17:13Z
2026-08-21T19:16:33Z,2026-08-21T21:16:33+0200,0512be31-62a2-4d6f-b006-20ecbb9f67d0,2026-08-03T20:00:00Z,2026-08-03T22:00:00+0200,454.788835,MW,BE,BE,actual_onshore_wind_generation,Wind Onshore,2026-08-21T19:17:13Z
2026-08-21T19:16:33Z,2026-08-21T21:16:33+0200,0512be31-62a2-4d6f-b006-20ecbb9f67d0,2026-08-03T21:00:00Z,2026-08-03T23:00:00+0200,310.539131,MW,BE,BE,actual_onshore_wind_generation,Wind Onshore,2026-08-21T19:17:13Z
2026-08-21T19:16:33Z,2026-08-21T21:16:33+0200,0512be31-62a2-4d6f-b006-20ecbb9f67d0,2026-08-03T22:00:00Z,2026-08-04T00:00:00+0200,167.236932,MW,BE,BE,actual_onshore_wind_generation,Wind Onshore,2026-08-21T19:17:13Z
2026-08-21T19:16:33Z,2026-08-21T21:16:33+0200,0512be31-62a2-4d6f-b006-20ecbb9f67d0,2026-08-03T23:00:00Z,2026-08-04T01:00:00+0200,214.867775,MW,BE,BE,actual_onshore_wind_generation,Wind Onshore,2026-08-21T19:17:13Z
2026-08-21T19:16:33Z,2026-08-21T21:16:33+0200,0512be31-62a2-4d6f-b006-20ecbb9f67d0,2026-08-04T00:00:00Z,2026-08-04T02:00:00+0200,114.477598,MW,BE,BE,actual_onshore_wind_generation,Wind Onshore,2026-08-21T19:17:13Z
2026-08-21T19:16:33Z,2026-08-21T21:16:33+0200,0512be31-62a2-4d6f-b006-20ecbb9f67d0,2026-08-04T01:00:00Z,2026-08-04T03:00:00+0200,176.645291,MW,BE,BE,actual_onshore_wind_generation,Wind Onshore,2026-08-21T19:17:13Z
2026-08-21T19:16:33Z,2026-08-21T21:16:33+0200,0512be31-62a2-4d6f-b006-20ecbb9f67d0,2026-08-04T02:00:00Z,2026-08-04T04:00:00+0200,269.663855,MW,BE,BE,actual_onshore_wind_generation,Wind Onshore,2026-08-21T19:17:13Z
2026-08-21T19:16:33Z,2026-08-21T21:16:33+0200,0512be31-62a2-4d6f-b006-20ecbb9f67d0,2026-08-04T03:00:00Z,2026-08-04T05:00:00+0200,485.678922,MW,BE,BE,actual_onshore_wind_generation,Wind Onshore,2026-08-21T19:17:13Z
2026-08-21T19:16:33Z,2026-08-21T21:16:33+0200,0512be31-62a2-4d6f-b006-20ecbb9f67d0,2026-08-04T04:00:00Z,2026-08-04T06:00:00+0200,711.886462,MW,BE,BE,actual_onshore_wind_generation,Wind Onshore,2026-08-21T19:17:13Z
2026-08-21T19:16:33Z,2026-08-21T21:16:33+0200,0512be31-62a2-4d6f-b006-20ecbb9f67d0,2026-08-04T05:00:00Z,2026-08-04T07:00:00+0200,639.397369,MW,BE,BE,actual_onshore_wind_generation,Wind Onshore,2026-08-21T19:17:13Z
2026-08-21T19:16:33Z,2026-08-21T21:16:33+0200,0512be31-62a2-4d6f-b006-20ecbb9f67d0,2026-08-04T06:00:00Z,2026-08-04T08:00:00+0200,327.430903,MW,BE,BE,actual_onshore_wind_generation,Wind Onshore,2026-08-21T19:17:13Z
2026-08-21T19:16:33Z,2026-08-21T21:16:33+0200,0512be31-62a2-4d6f-b006-20ecbb9f67d0,2026-08-04T07:00:00Z,2026-08-04T09:00:00+0200,150.189965,MW,BE,BE,actual_onshore_wind_generation,Wind Onshore,2026-08-21T19:17:13Z
2026-08-21T19:16:33Z,2026-08-21T21:16:33+0200,0512be31-62a2-4d6f-b006-20ecbb9f67d0,2026-08-04T08:00:00Z,2026-08-04T10:00:00+0200,95.82394,MW,BE,BE,actual_onshore_wind_generation,Wind Onshore,2026-08-21T19:17:13Z
2026-08-21T19:16:33Z,2026-08-21T21:16:33+0200,0512be31-62a2-4d6f-b006-20ecbb9f67d0,2026-08-04T09:00:00Z,2026-08-04T11:00:00+0200,182.232334,MW,BE,BE,actual_onshore_wind_generation,Wind Onshore,2026-08-21T19:17:13Z
2026-08-21T19:16:33Z,2026-08-21T21:16:33+0200,0512be31-62a2-4d6f-b006-20ecbb9f67d0,2026-08-04T10:00:00Z,2026-08-04T12:00:00+0200,398.798143,MW,BE,BE,actual_onshore_wind_generation,Wind Onshore,2026-08-21T19:17:13Z
2026-08-21T19:16:33Z,2026-08-21T21:16:33+0200,0512be31-62a2-4d6f-b006-20ecbb9f67d0,2026-08-04T11:00:00Z,2026-08-04T13:00:00+0200,585.20825,MW,BE,BE,actual_onshore_wind_generation,Wind Onshore,2026-08-21T19:17:13Z
2026-08-21T19:16:33Z,2026-08-21T21:16:33+0200,0512be31-62a2-4d6f-b006-20ecbb9f67d0,2026-08-04T12:00:00Z,2026-08-04T14:00:00+0200,695.956008,MW,BE,BE,actual_onshore_wind_generation,Wind Onshore,2026-08-21T19:17:13Z
2026-08-21T19:16:33Z,2026-08-21T21:16:33+0200,0512be31-62a2-4d6f-b006-20ecbb9f67d0,2026-08-04T13:00:00Z,2026-08-04T15:00:00+0200,630.982363,MW,BE,BE,actual_onshore_wind_generation,Wind Onshore,2026-08-21T19:17:13Z
2026-08-21T19:16:33Z,2026-08-21T21:16:33+0200,0512be31-62a2-4d6f-b006-20ecbb9f67d0,2026-08-04T14:00:00Z,2026-08-04T16:00:00+0200,471.128933,MW,BE,BE,actual_onshore_wind_generation,Wind Onshore,2026-08-21T19:17:13Z
2026-08-21T19:16:33Z,2026-08-21T21:16:33+0200,0512be31-62a2-4d6f-b006-20ecbb9f67d0,2026-08-04T15:00:00Z,2026-08-04T17:00:00+0200,555.392485,MW,BE,BE,actual_onshore_wind_generation,Wind Onshore,2026-08-21T19:17:13Z
2026-08-21T19:16:33Z,2026-08-21T21:16:33+0200,0512be31-62a2-4d6f-b006-20ecbb9f67d0,2026-08-04T16:00:00Z,2026-08-04T18:00:00+0200,562.125045,MW,BE,BE,actual_onshore_wind_generation,Wind Onshore,2026-08-21T19:17:13Z
2026-08-21T19:16:33Z,2026-08-21T21:16:33+0200,0512be31-62a2-4d6f-b006-20ecbb9f67d0,2026-08-04T17:00:00Z,2026-08-04T19:00:00+0200,470.064778,MW,BE,BE,actual_onshore_wind_generation,Wind Onshore,2026-08-21T19:17:13Z
2026-08-21T19:16:33Z,2026-08-21T21:16:33+0200,0512be31-62a2-4d6f-b006-20ecbb9f67d0,2026-08-04T18:00:00Z,2026-08-04T20:00:00+0200,319.198566,MW,BE,BE,actual_onshore_wind_generation,Wind Onshore,2026-08-21T19:17:13Z
2026-08-21T19:16:33Z,2026-08-21T21:16:33+0200,0512be31-62a2-4d6f-b006-20ecbb9f67d0,2026-08-04T19:00:00Z,2026-08-04T21:00:00+0200,223.925687,MW,BE,BE,actual_onshore_wind_generation,Wind Onshore,2026-08-21T19:17:13Z
2026-08-21T19:16:33Z,2026-08-21T21:16:33+0200,0512be31-62a2-4d6f-b006-20ecbb9f67d0,2026-08-04T20:00:00Z,2026-08-04T22:00:00+0200,238.275348,MW,BE,BE,actual_onshore_wind_generation,Wind Onshore,2026-08-21T19:17:13Z
2026-08-21T19:16:33Z,2026-08-21T21:16:33+0200,0512be31-62a2-4d6f-b006-20ecbb9f67d0,2026-08-04T21:00:00Z,2026-08-04T23:00:00+0200,301.608184,MW,BE,BE,actual_onshore_wind_generation,Wind Onshore,2026-08-21T19:17:13Z
2026-08-21T19:16:33Z,2026-08-21T21:16:33+0200,0512be31-62a2-4d6f-b006-20ecbb9f67d0,2026-08-04T22:00:00Z,2026-08-05T00:00:00+0200,378.928504,MW,BE,BE,actual_onshore_wind_generation,Wind Onshore,2026-08-21T19:17:13Z
2026-08-21T19:16:33Z,2026-08-21T21:16:33+0200,0512be31-62a2-4d6f-b006-20ecbb9f67d0,2026-08-04T23:00:00Z,2026-08-05T01:00:00+0200,442.493017,MW,BE,BE,actual_onshore_wind_generation,Wind Onshore,2026-08-21T19:17:13Z
2026-08-21T19:16:33Z,2026-08-21T21:16:33+0200,0512be31-62a2-4d6f-b006-20ecbb9f67d0,2026-08-05T00:00:00Z,2026-08-05T02:00:00+0200,508.973549,MW,BE,BE,actual_onshore_wind_generation,Wind Onshore,2026-08-21T19:17:13Z
2026-08-21T19:16:33Z,2026-08-21T21:16:33+0200,0512be31-62a2-4d6f-b006-20ecbb9f67d0,2026-08-05T01:00:00Z,2026-08-05T03:00:00+0200,429.053151,MW,BE,BE,actual_onshore_wind_generation,Wind Onshore,2026-08-21T19:17:13Z
2026-08-21T19:16:33Z,2026-08-21T21:16:33+0200,0512be31-62a2-4d6f-b006-20ecbb9f67d0,2026-08-05T02:00:00Z,2026-08-05T04:00:00+0200,388.24132,MW,BE,BE,actual_onshore_wind_generation,Wind Onshore,2026-08-21T19:17:13Z
2026-08-21T19:16:33Z,2026-08-21T21:16:33+0200,0512be31-62a2-4d6f-b006-20ecbb9f67d0,2026-08-05T03:00:00Z,2026-08-05T05:00:00+0200,308.764483,MW,BE,BE,actual_onshore_wind_generation,Wind Onshore,2026-08-21T19:17:13Z
2026-08-21T19:16:33Z,2026-08-21T21:16:33+0200,0512be31-62a2-4d6f-b006-20ecbb9f67d0,2026-08-05T04:00:00Z,2026-08-05T06:00:00+0200,307.742188,MW,BE,BE,actual_onshore_wind_generation,Wind Onshore,2026-08-21T19:17:13Z
2026-08-21T19:16:33Z,2026-08-21T21:16:33+0200,0512be31-62a2-4d6f-b006-20ecbb9f67d0,2026-08-05T05:00:00Z,2026-08-05T07:00:00+0200,310.012212,MW,BE,BE,actual_onshore_wind_generation,Wind Onshore,2026-08-21T19:17:13Z
2026-08-21T19:16:33Z,2026-08-21T21:16:33+0200,0512be31-62a2-4d6f-b006-20ecbb9f67d0,2026-08-05T06:00:00Z,2026-08-05T08:00:00+0200,225.081811,MW,BE,BE,actual_onshore_wind_generation,Wind Onshore,2026-08-21T19:17:13Z
2026-08-21T19:16:33Z,2026-08-21T21:16:33+0200,0512be31-62a2-4d6f-b006-20ecbb9f67d0,2026-08-05T07:00:00Z,2026-08-05T09:00:00+0200,227.806652,MW,BE,BE,actual_onshore_wind_generation,Wind Onshore,2026-08-21T19:17:13Z
2026-08-21T19:16:33Z,2026-08-21T21:16:33+0200,0512be31-62a2-4d6f-b006-20ecbb9f67d0,2026-08-05T08:00:00Z,2026-08-05T10:00:00+0200,381.08976,MW,BE,BE,actual_onshore_wind_generation,Wind Onshore,2026-08-21T19:17:13Z
2026-08-21T19:16:33Z,2026-08-21T21:16:33+0200,0512be31-62a2-4d6f-b006-20ecbb9f67d0,2026-08-05T09:00:00Z,2026-08-05T11:00:00+0200,557.911799,MW,BE,BE,actual_onshore_wind_generation,Wind Onshore,2026-08-21T19:17:13Z
2026-08-21T19:16:33Z,2026-08-21T21:16:33+0200,0512be31-62a2-4d6f-b006-20ecbb9f67d0,2026-08-05T10:00:00Z,2026-08-05T12:00:00+0200,805.588945,MW,BE,BE,actual_onshore_wind_generation,Wind Onshore,2026-08-21T19:17:13Z
2026-08-21T19:16:33Z,2026-08-21T21:16:33+0200,0512be31-62a2-4d6f-b006-20ecbb9f67d0,2026-08-05T11:00:00Z,2026-08-05T13:00:00+0200,1257.712542,MW,BE,BE,actual_onshore_wind_generation,Wind Onshore,2026-08-21T19:17:13Z
2026-08-21T19:16:33Z,2026-08-21T21:16:33+0200,0512be31-62a2-4d6f-b006-20ecbb9f67d0,2026-08-05T12:00:00Z,2026-08-05T14:00:00+0200,1361.688254,MW,BE,BE,actual_onshore_wind_generation,Wind Onshore,2026-08-21T19:17:13Z
2026-08-21T19:16:33Z,2026-08-21T21:16:33+0200,0512be31-62a2-4d6f-b006-20ecbb9f67d0,2026-08-05T13:00:00Z,2026-08-05T15:00:00+0200,1392.572144,MW,BE,BE,actual_onshore_wind_generation,Wind Onshore,2026-08-21T19:17:13Z
2026-08-21T19:16:33Z,2026-08-21T21:16:33+0200,0512be31-62a2-4d6f-b006-20ecbb9f67d0,2026-08-05T14:00:00Z,2026-08-05T16:00:00+0200,1708.9574,MW,BE,BE,actual_onshore_wind_generation,Wind Onshore,2026-08-21T19:17:13Z
2026-08-21T19:16:33Z,2026-08-21T21:16:33+0200,0512be31-62a2-4d6f-b006-20ecbb9f67d0,2026-08-05T15:00:00Z,2026-08-05T17:00:00+0200,1476.19096,MW,BE,BE,actual_onshore_wind_generation,Wind Onshore,2026-08-21T19:17:13Z
2026-08-21T19:16:33Z,2026-08-21T21:16:33+0200,0512be31-62a2-4d6f-b006-20ecbb9f67d0,2026-08-05T16:00:00Z,2026-08-05T18:00:00+0200,1809.932939,MW,BE,BE,actual_onshore_wind_generation,Wind Onshore,2026-08-21T19:17:13Z
2026-08-21T19:16:33Z,2026-08-21T21:16:33+0200,0512be31-62a2-4d6f-b006-20ecbb9f67d0,2026-08-05T17:00:00Z,2026-08-05T19:00:00+0200,1667.773654,MW,BE,BE,actual_onshore_wind_generation,Wind Onshore,2026-08-21T19:17:13Z
2026-08-21T19:16:33Z,2026-08-21T21:16:33+0200,0512be31-62a2-4d6f-b006-20ecbb9f67d0,2026-08-05T18:00:00Z,2026-08-05T20:00:00+0200,1352.487201,MW,BE,BE,actual_onshore_wind_generation,Wind Onshore,2026-08-21T19:17:13Z
2026-08-21T19:16:33Z,2026-08-21T21:16:33+0200,0512be31-62a2-4d6f-b006-20ecbb9f67d0,2026-08-05T19:00:00Z,2026-08-05T21:00:00+0200,1155.275382,MW,BE,BE,actual_onshore_wind_generation,Wind Onshore,2026-08-21T19:17:13Z
2026-08-21T19:16:33Z,2026-08-21T21:16:33+0200,0512be31-62a2-4d6f-b006-20ecbb9f67d0,2026-08-05T20:00:00Z,2026-08-05T22:00:00+0200,995.141007,MW,BE,BE,actual_onshore_wind_generation,Wind Onshore,2026-08-21T19:17:13Z
2026-08-21T19:16:33Z,2026-08-21T21:16:33+0200,0512be31-62a2-4d6f-b006-20ecbb9f67d0,2026-08-05T21:00:00Z,2026-08-05T23:00:00+0200,940.129698,MW,BE,BE,actual_onshore_wind_generation,Wind Onshore,2026-08-21T19:17:13Z
2026-08-21T19:16:33Z,2026-08-21T21:16:33+0200,0512be31-62a2-4d6f-b006-20ecbb9f67d0,2026-08-05T22:00:00Z,2026-08-06T00:00:00+0200,959.571528,MW,BE,BE,actual_onshore_wind_generation,Wind Onshore,2026-08-21T19:17:13Z
2026-08-21T19:16:33Z,2026-08-21T21:16:33+0200,0512be31-62a2-4d6f-b006-20ecbb9f67d0,2026-08-05T23:00:00Z,2026-08-06T01:00:00+0200,854.796682,MW,BE,BE,actual_onshore_wind_generation,Wind Onshore,2026-08-21T19:17:13Z
2026-08-21T19:16:33Z,2026-08-21T21:16:33+0200,0512be31-62a2-4d6f-b006-20ecbb9f67d0,2026-08-06T00:00:00Z,2026-08-06T02:00:00+0200,900.706682,MW,BE,BE,actual_onshore_wind_generation,Wind Onshore,2026-08-21T19:17:13Z
2026-08-21T19:16:33Z,2026-08-21T21:16:33+0200,0512be31-62a2-4d6f-b006-20ecbb9f67d0,2026-08-06T01:00:00Z,2026-08-06T03:00:00+0200,933.481432,MW,BE,BE,actual_onshore_wind_generation,Wind Onshore,2026-08-21T19:17:13Z
2026-08-21T19:16:33Z,2026-08-21T21:16:33+0200,0512be31-62a2-4d6f-b006-20ecbb9f67d0,2026-08-06T02:00:00Z,2026-08-06T04:00:00+0200,897.756681,MW,BE,BE,actual_onshore_wind_generation,Wind Onshore,2026-08-21T19:17:13Z
2026-08-21T19:16:33Z,2026-08-21T21:16:33+0200,0512be31-62a2-4d6f-b006-20ecbb9f67d0,2026-08-06T03:00:00Z,2026-08-06T05:00:00+0200,876.796574,MW,BE,BE,actual_onshore_wind_generation,Wind Onshore,2026-08-21T19:17:13Z
2026-08-21T19:16:33Z,2026-08-21T21:16:33+0200,0512be31-62a2-4d6f-b006-20ecbb9f67d0,2026-08-06T04:00:00Z,2026-08-06T06:00:00+0200,784.355877,MW,BE,BE,actual_onshore_wind_generation,Wind Onshore,2026-08-21T19:17:13Z
2026-08-21T19:16:33Z,2026-08-21T21:16:33+0200,0512be31-62a2-4d6f-b006-20ecbb9f67d0,2026-08-06T05:00:00Z,2026-08-06T07:00:00+0200,626.762555,MW,BE,BE,actual_onshore_wind_generation,Wind Onshore,2026-08-21T19:17:13Z
2026-08-21T19:16:33Z,2026-08-21T21:16:33+0200,0512be31-62a2-4d6f-b006-20ecbb9f67d0,2026-08-06T06:00:00Z,2026-08-06T08:00:00+0200,349.484656,MW,BE,BE,actual_onshore_wind_generation,Wind Onshore,2026-08-21T19:17:13Z
2026-08-21T19:16:33Z,2026-08-21T21:16:33+0200,0512be31-62a2-4d6f-b006-20ecbb9f67d0,2026-08-06T07:00:00Z,2026-08-06T09:00:00+0200,277.841711,MW,BE,BE,actual_onshore_wind_generation,Wind Onshore,2026-08-21T19:17:13Z
2026-08-21T19:16:33Z,2026-08-21T21:16:33+0200,0512be31-62a2-4d6f-b006-20ecbb9f67d0,2026-08-06T08:00:00Z,2026-08-06T10:00:00+0200,366.414872,MW,BE,BE,actual_onshore_wind_generation,Wind Onshore,2026-08-21T19:17:13Z
2026-08-21T19:16:33Z,2026-08-21T21:16:33+0200,0512be31-62a2-4d6f-b006-20ecbb9f67d0,2026-08-06T09:00:00Z,2026-08-06T11:00:00+0200,541.234966,MW,BE,BE,actual_onshore_wind_generation,Wind Onshore,2026-08-21T19:17:13Z
2026-08-21T19:16:33Z,2026-08-21T21:16:33+0200,0512be31-62a2-4d6f-b006-20ecbb9f67d0,2026-08-06T10:00:00Z,2026-08-06T12:00:00+0200,641.612552,MW,BE,BE,actual_onshore_wind_generation,Wind Onshore,2026-08-21T19:17:13Z
2026-08-21T19:16:33Z,2026-08-21T21:16:33+0200,0512be31-62a2-4d6f-b006-20ecbb9f67d0,2026-08-06T11:00:00Z,2026-08-06T13:00:00+0200,677.630667,MW,BE,BE,actual_onshore_wind_generation,Wind Onshore,2026-08-21T19:17:13Z
2026-08-21T19:16:33Z,2026-08-21T21:16:33+0200,0512be31-62a2-4d6f-b006-20ecbb9f67d0,2026-08-06T12:00:00Z,2026-08-06T14:00:00+0200,547.355933,MW,BE,BE,actual_onshore_wind_generation,Wind Onshore,2026-08-21T19:17:13Z
2026-08-21T19:16:33Z,2026-08-21T21:16:33+0200,0512be31-62a2-4d6f-b006-20ecbb9f67d0,2026-08-06T13:00:00Z,2026-08-06T15:00:00+0200,550.130889,MW,BE,BE,actual_onshore_wind_generation,Wind Onshore,2026-08-21T19:17:13Z
2026-08-21T19:16:33Z,2026-08-21T21:16:33+0200,0512be31-62a2-4d6f-b006-20ecbb9f67d0,2026-08-06T14:00:00Z,2026-08-06T16:00:00+0200,581.370448,MW,BE,BE,actual_onshore_wind_generation,Wind Onshore,2026-08-21T19:17:13Z
2026-08-21T19:16:33Z,2026-08-21T21:16:33+0200,0512be31-62a2-4d6f-b006-20ecbb9f67d0,2026-08-06T15:00:00Z,2026-08-06T17:00:00+0200,574.387967,MW,BE,BE,actual_onshore_wind_generation,Wind Onshore,2026-08-21T19:17:13Z
2026-08-21T19:16:33Z,2026-08-21T21:16:33+0200,0512be31-62a2-4d6f-b006-20ecbb9f67d0,2026-08-06T16:00:00Z,2026-08-06T18:00:00+0200,669.297404,MW,BE,BE,actual_onshore_wind_generation,Wind Onshore,2026-08-21T19:17:13Z
2026-08-21T19:16:33Z,2026-08-21T21:16:33+0200,0512be31-62a2-4d6f-b006-20ecbb9f67d0,2026-08-06T17:00:00Z,2026-08-06T19:00:00+0200,505.967543,MW,BE,BE,actual_onshore_wind_generation,Wind Onshore,2026-08-21T19:17:13Z
2026-08-21T19:16:33Z,2026-08-21T21:16:33+0200,0512be31-62a2-4d6f-b006-20ecbb9f67d0,2026-08-06T18:00:00Z,2026-08-06T20:00:00+0200,425.8534,MW,BE,BE,actual_onshore_wind_generation,Wind Onshore,2026-08-21T19:17:13Z
2026-08-21T19:16:33Z,2026-08-21T21:16:33+0200,0512be31-62a2-4d6f-b006-20ecbb9f67d0,2026-08-06T19:00:00Z,2026-08-06T21:00:00+0200,324.679687,MW,BE,BE,actual_onshore_wind_generation,Wind Onshore,2026-08-21T19:17:13Z
2026-08-21T19:16:33Z,2026-08-21T21:16:33+0200,0512be31-62a2-4d6f-b006-20ecbb9f67d0,2026-08-06T20:00:00Z,2026-08-06T22:00:00+0200,230.198012,MW,BE,BE,actual_onshore_wind_generation,Wind Onshore,2026-08-21T19:17:13Z
2026-08-21T19:16:33Z,2026-08-21T21:16:33+0200,0512be31-62a2-4d6f-b006-20ecbb9f67d0,2026-08-06T21:00:00Z,2026-08-06T23:00:00+0200,189.365564,MW,BE,BE,actual_onshore_wind_generation,Wind Onshore,2026-08-21T19:17:13Z
2026-08-21T19:16:33Z,2026-08-21T21:16:33+0200,0512be31-62a2-4d6f-b006-20ecbb9f67d0,2026-08-06T22:00:00Z,2026-08-07T00:00:00+0200,100.072412,MW,BE,BE,actual_onshore_wind_generation,Wind Onshore,2026-08-21T19:17:13Z
2026-08-21T19:16:33Z,2026-08-21T21:16:33+0200,0512be31-62a2-4d6f-b006-20ecbb9f67d0,2026-08-06T23:00:00Z,2026-08-07T01:00:00+0200,67.338295,MW,BE,BE,actual_onshore_wind_generation,Wind Onshore,2026-08-21T19:17:13Z
2026-08-21T19:16:33Z,2026-08-21T21:16:33+0200,0512be31-62a2-4d6f-b006-20ecbb9f67d0,2026-08-07T00:00:00Z,2026-08-07T02:00:00+0200,43.293888,MW,BE,BE,actual_onshore_wind_generation,Wind Onshore,2026-08-21T19:17:13Z
2026-08-21T19:16:33Z,2026-08-21T21:16:33+0200,0512be31-62a2-4d6f-b006-20ecbb9f67d0,2026-08-07T01:00:00Z,2026-08-07T03:00:00+0200,36.144763,MW,BE,BE,actual_onshore_wind_generation,Wind Onshore,2026-08-21T19:17:13Z
2026-08-21T19:16:33Z,2026-08-21T21:16:33+0200,0512be31-62a2-4d6f-b006-20ecbb9f67d0,2026-08-07T02:00:00Z,2026-08-07T04:00:00+0200,25.588855,MW,BE,BE,actual_onshore_wind_generation,Wind Onshore,2026-08-21T19:17:13Z
2026-08-21T19:16:33Z,2026-08-21T21:16:33+0200,0512be31-62a2-4d6f-b006-20ecbb9f67d0,2026-08-07T03:00:00Z,2026-08-07T05:00:00+0200,17.296746,MW,BE,BE,actual_onshore_wind_generation,Wind Onshore,2026-08-21T19:17:13Z
2026-08-21T19:16:33Z,2026-08-21T21:16:33+0200,0512be31-62a2-4d6f-b006-20ecbb9f67d0,2026-08-07T04:00:00Z,2026-08-07T06:00:00+0200,19.783573,MW,BE,BE,actual_onshore_wind_generation,Wind Onshore,2026-08-21T19:17:13Z
2026-08-21T19:16:33Z,2026-08-21T21:16:33+0200,0512be31-62a2-4d6f-b006-20ecbb9f67d0,2026-08-07T05:00:00Z,2026-08-07T07:00:00+0200,21.157131,MW,BE,BE,actual_onshore_wind_generation,Wind Onshore,2026-08-21T19:17:13Z
2026-08-21T19:16:33Z,2026-08-21T21:16:33+0200,0512be31-62a2-4d6f-b006-20ecbb9f67d0,2026-08-07T06:00:00Z,2026-08-07T08:00:00+0200,17.961789,MW,BE,BE,actual_onshore_wind_generation,Wind Onshore,2026-08-21T19:17:13Z
2026-08-21T19:16:33Z,2026-08-21T21:16:33+0200,0512be31-62a2-4d6f-b006-20ecbb9f67d0,2026-08-07T07:00:00Z,2026-08-07T09:00:00+0200,14.584837,MW,BE,BE,actual_onshore_wind_generation,Wind Onshore,2026-08-21T19:17:13Z
2026-08-21T19:16:33Z,2026-08-21T21:16:33+0200,0512be31-62a2-4d6f-b006-20ecbb9f67d0,2026-08-07T08:00:00Z,2026-08-07T10:00:00+0200,17.383912,MW,BE,BE,actual_onshore_wind_generation,Wind Onshore,2026-08-21T19:17:13Z
2026-08-21T19:16:33Z,2026-08-21T21:16:33+0200,0512be31-62a2-4d6f-b006-20ecbb9f67d0,2026-08-07T09:00:00Z,2026-08-07T11:00:00+0200,14.026722,MW,BE,BE,actual_onshore_wind_generation,Wind Onshore,2026-08-21T19:17:13Z
2026-08-21T19:16:33Z,2026-08-21T21:16:33+0200,0512be31-62a2-4d6f-b006-20ecbb9f67d0,2026-08-07T10:00:00Z,2026-08-07T12:00:00+0200,18.683546,MW,BE,BE,actual_onshore_wind_generation,Wind Onshore,2026-08-21T19:17:13Z
2026-08-21T19:16:33Z,2026-08-21T21:16:33+0200,0512be31-62a2-4d6f-b006-20ecbb9f67d0,2026-08-07T11:00:00Z,2026-08-07T13:00:00+0200,31.78803,MW,BE,BE,actual_onshore_wind_generation,Wind Onshore,2026-08-21T19:17:13Z
2026-08-21T19:16:33Z,2026-08-21T21:16:33+0200,0512be31-62a2-4d6f-b006-20ecbb9f67d0,2026-08-07T12:00:00Z,2026-08-07T14:00:00+0200,45.633623,MW,BE,BE,actual_onshore_wind_generation,Wind Onshore,2026-08-21T19:17:13Z
2026-08-21T19:16:33Z,2026-08-21T21:16:33+0200,0512be31-62a2-4d6f-b006-20ecbb9f67d0,2026-08-07T13:00:00Z,2026-08-07T15:00:00+0200,48.894339,MW,BE,BE,actual_onshore_wind_generation,Wind Onshore,2026-08-21T19:17:13Z
2026-08-21T19:16:33Z,2026-08-21T21:16:33+0200,0512be31-62a2-4d6f-b006-20ecbb9f67d0,2026-08-07T14:00:00Z,2026-08-07T16:00:00+0200,80.192851,MW,BE,BE,actual_onshore_wind_generation,Wind Onshore,2026-08-21T19:17:13Z
2026-08-21T19:16:33Z,2026-08-21T21:16:33+0200,0512be31-62a2-4d6f-b006-20ecbb9f67d0,2026-08-07T15:00:00Z,2026-08-07T17:00:00+0200,89.623795,MW,BE,BE,actual_onshore_wind_generation,Wind Onshore,2026-08-21T19:17:13Z
2026-08-21T19:16:33Z,2026-08-21T21:16:33+0200,0512be31-62a2-4d6f-b006-20ecbb9f67d0,2026-08-07T16:00:00Z,2026-08-07T18:00:00+0200,124.985036,MW,BE,BE,actual_onshore_wind_generation,Wind Onshore,2026-08-21T19:17:13Z
2026-08-21T19:16:33Z,2026-08-21T21:16:33+0200,0512be31-62a2-4d6f-b006-20ecbb9f67d0,2026-08-07T17:00:00Z,2026-08-07T19:00:00+0200,156.78356,MW,BE,BE,actual_onshore_wind_generation,Wind Onshore,2026-08-21T19:17:13Z
2026-08-21T19:16:33Z,2026-08-21T21:16:33+0200,0512be31-62a2-4d6f-b006-20ecbb9f67d0,2026-08-07T18:00:00Z,2026-08-07T20:00:00+0200,194.777992,MW,BE,BE,actual_onshore_wind_generation,Wind Onshore,2026-08-21T19:17:13Z
2026-08-21T19:16:33Z,2026-08-21T21:16:33+0200,0512be31-62a2-4d6f-b006-20ecbb9f67d0,2026-08-07T19:00:00Z,2026-08-07T21:00:00+0200,285.299,MW,BE,BE,actual_onshore_wind_generation,Wind Onshore,2026-08-21T19:17:13Z
2026-08-21T19:16:33Z,2026-08-21T21:16:33+0200,0512be31-62a2-4d6f-b006-20ecbb9f67d0,2026-08-07T20:00:00Z,2026-08-07T22:00:00+0200,427.383627,MW,BE,BE,actual_onshore_wind_generation,Wind Onshore,2026-08-21T19:17:13Z
2026-08-21T19:16:33Z,2026-08-21T21:16:33+0200,0512be31-62a2-4d6f-b006-20ecbb9f67d0,2026-08-07T21:00:00Z,2026-08-07T23:00:00+0200,480.214243,MW,BE,BE,actual_onshore_wind_generation,Wind Onshore,2026-08-21T19:17:13Z
2026-08-21T19:16:33Z,2026-08-21T21:16:33+0200,0512be31-62a2-4d6f-b006-20ecbb9f67d0,2026-08-07T22:00:00Z,2026-08-08T00:00:00+0200,559.631657,MW,BE,BE,actual_onshore_wind_generation,Wind Onshore,2026-08-21T19:17:13Z
2026-08-21T19:16:33Z,2026-08-21T21:16:33+0200,0512be31-62a2-4d6f-b006-20ecbb9f67d0,2026-08-07T23:00:00Z,2026-08-08T01:00:00+0200,651.984316,MW,BE,BE,actual_onshore_wind_generation,Wind Onshore,2026-08-21T19:17:13Z
2026-08-21T19:16:33Z,2026-08-21T21:16:33+0200,0512be31-62a2-4d6f-b006-20ecbb9f67d0,2026-08-08T00:00:00Z,2026-08-08T02:00:00+0200,698.46841,MW,BE,BE,actual_onshore_wind_generation,Wind Onshore,2026-08-21T19:17:13Z
2026-08-21T19:16:33Z,2026-08-21T21:16:33+0200,0512be31-62a2-4d6f-b006-20ecbb9f67d0,2026-08-08T01:00:00Z,2026-08-08T03:00:00+0200,680.936292,MW,BE,BE,actual_onshore_wind_generation,Wind Onshore,2026-08-21T19:17:13Z
2026-08-21T19:16:33Z,2026-08-21T21:16:33+0200,0512be31-62a2-4d6f-b006-20ecbb9f67d0,2026-08-08T02:00:00Z,2026-08-08T04:00:00+0200,565.692618,MW,BE,BE,actual_onshore_wind_generation,Wind Onshore,2026-08-21T19:17:13Z
2026-08-21T19:16:33Z,2026-08-21T21:16:33+0200,0512be31-62a2-4d6f-b006-20ecbb9f67d0,2026-08-08T03:00:00Z,2026-08-08T05:00:00+0200,438.102561,MW,BE,BE,actual_onshore_wind_generation,Wind Onshore,2026-08-21T19:17:13Z
2026-08-21T19:16:33Z,2026-08-21T21:16:33+0200,0512be31-62a2-4d6f-b006-20ecbb9f67d0,2026-08-08T04:00:00Z,2026-08-08T06:00:00+0200,358.41544,MW,BE,BE,actual_onshore_wind_generation,Wind Onshore,2026-08-21T19:17:13Z
2026-08-21T19:16:33Z,2026-08-21T21:16:33+0200,0512be31-62a2-4d6f-b006-20ecbb9f67d0,2026-08-08T05:00:00Z,2026-08-08T07:00:00+0200,269.501798,MW,BE,BE,actual_onshore_wind_generation,Wind Onshore,2026-08-21T19:17:13Z
2026-08-21T19:16:33Z,2026-08-21T21:16:33+0200,0512be31-62a2-4d6f-b006-20ecbb9f67d0,2026-08-08T06:00:00Z,2026-08-08T08:00:00+0200,164.267446,MW,BE,BE,actual_onshore_wind_generation,Wind Onshore,2026-08-21T19:17:13Z
2026-08-21T19:16:33Z,2026-08-21T21:16:33+0200,0512be31-62a2-4d6f-b006-20ecbb9f67d0,2026-08-08T07:00:00Z,2026-08-08T09:00:00+0200,53.638221,MW,BE,BE,actual_onshore_wind_generation,Wind Onshore,2026-08-21T19:17:13Z
2026-08-21T19:16:33Z,2026-08-21T21:16:33+0200,0512be31-62a2-4d6f-b006-20ecbb9f67d0,2026-08-08T08:00:00Z,2026-08-08T10:00:00+0200,115.653043,MW,BE,BE,actual_onshore_wind_generation,Wind Onshore,2026-08-21T19:17:13Z
2026-08-21T19:16:33Z,2026-08-21T21:16:33+0200,0512be31-62a2-4d6f-b006-20ecbb9f67d0,2026-08-08T09:00:00Z,2026-08-08T11:00:00+0200,142.420286,MW,BE,BE,actual_onshore_wind_generation,Wind Onshore,2026-08-21T19:17:13Z
2026-08-21T19:16:33Z,2026-08-21T21:16:33+0200,0512be31-62a2-4d6f-b006-20ecbb9f67d0,2026-08-08T10:00:00Z,2026-08-08T12:00:00+0200,84.7865,MW,BE,BE,actual_onshore_wind_generation,Wind Onshore,2026-08-21T19:17:13Z
2026-08-21T19:16:33Z,2026-08-21T21:16:33+0200,0512be31-62a2-4d6f-b006-20ecbb9f67d0,2026-08-08T11:00:00Z,2026-08-08T13:00:00+0200,63.411695,MW,BE,BE,actual_onshore_wind_generation,Wind Onshore,2026-08-21T19:17:13Z
2026-08-21T19:16:33Z,2026-08-21T21:16:33+0200,0512be31-62a2-4d6f-b006-20ecbb9f67d0,2026-08-08T12:00:00Z,2026-08-08T14:00:00+0200,50.147264,MW,BE,BE,actual_onshore_wind_generation,Wind Onshore,2026-08-21T19:17:13Z
2026-08-21T19:16:33Z,2026-08-21T21:16:33+0200,0512be31-62a2-4d6f-b006-20ecbb9f67d0,2026-08-08T13:00:00Z,2026-08-08T15:00:00+0200,58.81715,MW,BE,BE,actual_onshore_wind_generation,Wind Onshore,2026-08-21T19:17:13Z
2026-08-21T19:16:33Z,2026-08-21T21:16:33+0200,0512be31-62a2-4d6f-b006-20ecbb9f67d0,2026-08-08T14:00:00Z,2026-08-08T16:00:00+0200,73.439504,MW,BE,BE,actual_onshore_wind_generation,Wind Onshore,2026-08-21T19:17:13Z
2026-08-21T19:16:33Z,2026-08-21T21:16:33+0200,0512be31-62a2-4d6f-b006-20ecbb9f67d0,2026-08-08T15:00:00Z,2026-08-08T17:00:00+0200,78.785616,MW,BE,BE,actual_onshore_wind_generation,Wind Onshore,2026-08-21T19:17:13Z
2026-08-21T19:16:33Z,2026-08-21T21:16:33+0200,0512be31-62a2-4d6f-b006-20ecbb9f67d0,2026-08-08T16:00:00Z,2026-08-08T18:00:00+0200,84.958994,MW,BE,BE,actual_onshore_wind_generation,Wind Onshore,2026-08-21T19:17:13Z
2026-08-21T19:16:33Z,2026-08-21T21:16:33+0200,0512be31-62a2-4d6f-b006-20ecbb9f67d0,2026-08-08T17:00:00Z,2026-08-08T19:00:00+0200,133.01444,MW,BE,BE,actual_onshore_wind_generation,Wind Onshore,2026-08-21T19:17:13Z
2026-08-21T19:16:33Z,2026-08-21T21:16:33+0200,0512be31-62a2-4d6f-b006-20ecbb9f67d0,2026-08-08T18:00:00Z,2026-08-08T20:00:00+0200,204.969233,MW,BE,BE,actual_onshore_wind_generation,Wind Onshore,2026-08-21T19:17:13Z
2026-08-21T19:16:33Z,2026-08-21T21:16:33+0200,0512be31-62a2-4d6f-b006-20ecbb9f67d0,2026-08-08T19:00:00Z,2026-08-08T21:00:00+0200,325.041958,MW,BE,BE,actual_onshore_wind_generation,Wind Onshore,2026-08-21T19:17:13Z
2026-08-21T19:16:33Z,2026-08-21T21:16:33+0200,0512be31-62a2-4d6f-b006-20ecbb9f67d0,2026-08-08T20:00:00Z,2026-08-08T22:00:00+0200,408.066572,MW,BE,BE,actual_onshore_wind_generation,Wind Onshore,2026-08-21T19:17:13Z
2026-08-21T19:16:33Z,2026-08-21T21:16:33+0200,0512be31-62a2-4d6f-b006-20ecbb9f67d0,2026-08-08T21:00:00Z,2026-08-08T23:00:00+0200,456.010082,MW,BE,BE,actual_onshore_wind_generation,Wind Onshore,2026-08-21T19:17:13Z
2026-08-21T19:16:33Z,2026-08-21T21:16:33+0200,0512be31-62a2-4d6f-b006-20ecbb9f67d0,2026-08-08T22:00:00Z,2026-08-09T00:00:00+0200,398.938819,MW,BE,BE,actual_onshore_wind_generation,Wind Onshore,2026-08-21T19:17:13Z
2026-08-21T19:16:33Z,2026-08-21T21:16:33+0200,0512be31-62a2-4d6f-b006-20ecbb9f67d0,2026-08-08T23:00:00Z,2026-08-09T01:00:00+0200,266.0872,MW,BE,BE,actual_onshore_wind_generation,Wind Onshore,2026-08-21T19:17:13Z
2026-08-21T19:16:33Z,2026-08-21T21:16:33+0200,0512be31-62a2-4d6f-b006-20ecbb9f67d0,2026-08-09T00:00:00Z,2026-08-09T02:00:00+0200,175.456298,MW,BE,BE,actual_onshore_wind_generation,Wind Onshore,2026-08-21T19:17:13Z
2026-08-21T19:16:33Z,2026-08-21T21:16:33+0200,0512be31-62a2-4d6f-b006-20ecbb9f67d0,2026-08-09T01:00:00Z,2026-08-09T03:00:00+0200,130.075338,MW,BE,BE,actual_onshore_wind_generation,Wind Onshore,2026-08-21T19:17:13Z
2026-08-21T19:16:33Z,2026-08-21T21:16:33+0200,0512be31-62a2-4d6f-b006-20ecbb9f67d0,2026-08-09T02:00:00Z,2026-08-09T04:00:00+0200,106.255511,MW,BE,BE,actual_onshore_wind_generation,Wind Onshore,2026-08-21T19:17:13Z
2026-08-21T19:16:33Z,2026-08-21T21:16:33+0200,0512be31-62a2-4d6f-b006-20ecbb9f67d0,2026-08-09T03:00:00Z,2026-08-09T05:00:00+0200,68.998601,MW,BE,BE,actual_onshore_wind_generation,Wind Onshore,2026-08-21T19:17:13Z
2026-08-21T19:16:33Z,2026-08-21T21:16:33+0200,0512be31-62a2-4d6f-b006-20ecbb9f67d0,2026-08-09T04:00:00Z,2026-08-09T06:00:00+0200,55.619919,MW,BE,BE,actual_onshore_wind_generation,Wind Onshore,2026-08-21T19:17:13Z
2026-08-21T19:16:33Z,2026-08-21T21:16:33+0200,0512be31-62a2-4d6f-b006-20ecbb9f67d0,2026-08-09T05:00:00Z,2026-08-09T07:00:00+0200,47.175076,MW,BE,BE,actual_onshore_wind_generation,Wind Onshore,2026-08-21T19:17:13Z
2026-08-21T19:16:33Z,2026-08-21T21:16:33+0200,0512be31-62a2-4d6f-b006-20ecbb9f67d0,2026-08-09T06:00:00Z,2026-08-09T08:00:00+0200,67.959887,MW,BE,BE,actual_onshore_wind_generation,Wind Onshore,2026-08-21T19:17:13Z
2026-08-21T19:16:33Z,2026-08-21T21:16:33+0200,0512be31-62a2-4d6f-b006-20ecbb9f67d0,2026-08-09T07:00:00Z,2026-08-09T09:00:00+0200,38.458892,MW,BE,BE,actual_onshore_wind_generation,Wind Onshore,2026-08-21T19:17:13Z
2026-08-21T19:16:33Z,2026-08-21T21:16:33+0200,0512be31-62a2-4d6f-b006-20ecbb9f67d0,2026-08-09T08:00:00Z,2026-08-09T10:00:00+0200,11.628182,MW,BE,BE,actual_onshore_wind_generation,Wind Onshore,2026-08-21T19:17:13Z
2026-08-21T19:16:33Z,2026-08-21T21:16:33+0200,0512be31-62a2-4d6f-b006-20ecbb9f67d0,2026-08-09T09:00:00Z,2026-08-09T11:00:00+0200,22.969423,MW,BE,BE,actual_onshore_wind_generation,Wind Onshore,2026-08-21T19:17:13Z
2026-08-21T19:16:33Z,2026-08-21T21:16:33+0200,0512be31-62a2-4d6f-b006-20ecbb9f67d0,2026-08-09T10:00:00Z,2026-08-09T12:00:00+0200,56.344148,MW,BE,BE,actual_onshore_wind_generation,Wind Onshore,2026-08-21T19:17:13Z
2026-08-21T19:16:33Z,2026-08-21T21:16:33+0200,0512be31-62a2-4d6f-b006-20ecbb9f67d0,2026-08-09T11:00:00Z,2026-08-09T13:00:00+0200,170.447875,MW,BE,BE,actual_onshore_wind_generation,Wind Onshore,2026-08-21T19:17:13Z
2026-08-21T19:16:33Z,2026-08-21T21:16:33+0200,0512be31-62a2-4d6f-b006-20ecbb9f67d0,2026-08-09T12:00:00Z,2026-08-09T14:00:00+0200,384.272195,MW,BE,BE,actual_onshore_wind_generation,Wind Onshore,2026-08-21T19:17:13Z
2026-08-21T19:16:33Z,2026-08-21T21:16:33+0200,0512be31-62a2-4d6f-b006-20ecbb9f67d0,2026-08-09T13:00:00Z,2026-08-09T15:00:00+0200,561.158527,MW,BE,BE,actual_onshore_wind_generation,Wind Onshore,2026-08-21T19:17:13Z
2026-08-21T19:16:33Z,2026-08-21T21:16:33+0200,0512be31-62a2-4d6f-b006-20ecbb9f67d0,2026-08-09T14:00:00Z,2026-08-09T16:00:00+0200,566.776748,MW,BE,BE,actual_onshore_wind_generation,Wind Onshore,2026-08-21T19:17:13Z
2026-08-21T19:16:33Z,2026-08-21T21:16:33+0200,0512be31-62a2-4d6f-b006-20ecbb9f67d0,2026-08-09T15:00:00Z,2026-08-09T17:00:00+0200,561.154192,MW,BE,BE,actual_onshore_wind_generation,Wind Onshore,2026-08-21T19:17:13Z
2026-08-21T19:16:33Z,2026-08-21T21:16:33+0200,0512be31-62a2-4d6f-b006-20ecbb9f67d0,2026-08-09T16:00:00Z,2026-08-09T18:00:00+0200,251.104163,MW,BE,BE,actual_onshore_wind_generation,Wind Onshore,2026-08-21T19:17:13Z
2026-08-21T19:16:33Z,2026-08-21T21:16:33+0200,0512be31-62a2-4d6f-b006-20ecbb9f67d0,2026-08-09T17:00:00Z,2026-08-09T19:00:00+0200,97.122904,MW,BE,BE,actual_onshore_wind_generation,Wind Onshore,2026-08-21T19:17:13Z
2026-08-21T19:16:33Z,2026-08-21T21:16:33+0200,0512be31-62a2-4d6f-b006-20ecbb9f67d0,2026-08-09T18:00:00Z,2026-08-09T20:00:00+0200,116.008311,MW,BE,BE,actual_onshore_wind_generation,Wind Onshore,2026-08-21T19:17:13Z
2026-08-21T19:16:33Z,2026-08-21T21:16:33+0200,0512be31-62a2-4d6f-b006-20ecbb9f67d0,2026-08-09T19:00:00Z,2026-08-09T21:00:00+0200,259.653713,MW,BE,BE,actual_onshore_wind_generation,Wind Onshore,2026-08-21T19:17:13Z
2026-08-21T19:16:33Z,2026-08-21T21:16:33+0200,0512be31-62a2-4d6f-b006-20ecbb9f67d0,2026-08-09T20:00:00Z,2026-08-09T22:00:00+0200,442.297516,MW,BE,BE,actual_onshore_wind_generation,Wind Onshore,2026-08-21T19:17:13Z
2026-08-21T19:16:33Z,2026-08-21T21:16:33+0200,0512be31-62a2-4d6f-b006-20ecbb9f67d0,2026-08-09T21:00:00Z,2026-08-09T23:00:00+0200,651.448809,MW,BE,BE,actual_onshore_wind_generation,Wind Onshore,2026-08-21T19:17:13Z
2026-08-21T19:16:33Z,2026-08-21T21:16:33+0200,0512be31-62a2-4d6f-b006-20ecbb9f67d0,2026-08-09T22:00:00Z,2026-08-10T00:00:00+0200,844.995793,MW,BE,BE,actual_onshore_wind_generation,Wind Onshore,2026-08-21T19:17:13Z
2026-08-21T19:16:33Z,2026-08-21T21:16:33+0200,0512be31-62a2-4d6f-b006-20ecbb9f67d0,2026-08-09T23:00:00Z,2026-08-10T01:00:00+0200,969.976299,MW,BE,BE,actual_onshore_wind_generation,Wind Onshore,2026-08-21T19:17:13Z
2026-08-21T19:16:33Z,2026-08-21T21:16:33+0200,0512be31-62a2-4d6f-b006-20ecbb9f67d0,2026-08-10T00:00:00Z,2026-08-10T02:00:00+0200,984.830098,MW,BE,BE,actual_onshore_wind_generation,Wind Onshore,2026-08-21T19:17:13Z
2026-08-21T19:16:33Z,2026-08-21T21:16:33+0200,0512be31-62a2-4d6f-b006-20ecbb9f67d0,2026-08-10T01:00:00Z,2026-08-10T03:00:00+0200,1035.580783,MW,BE,BE,actual_onshore_wind_generation,Wind Onshore,2026-08-21T19:17:13Z
2026-08-21T19:16:33Z,2026-08-21T21:16:33+0200,0512be31-62a2-4d6f-b006-20ecbb9f67d0,2026-08-10T02:00:00Z,2026-08-10T04:00:00+0200,1030.651392,MW,BE,BE,actual_onshore_wind_generation,Wind Onshore,2026-08-21T19:17:13Z
2026-08-21T19:16:33Z,2026-08-21T21:16:33+0200,0512be31-62a2-4d6f-b006-20ecbb9f67d0,2026-08-10T03:00:00Z,2026-08-10T05:00:00+0200,1018.351027,MW,BE,BE,actual_onshore_wind_generation,Wind Onshore,2026-08-21T19:17:13Z
2026-08-21T19:16:33Z,2026-08-21T21:16:33+0200,0512be31-62a2-4d6f-b006-20ecbb9f67d0,2026-08-10T04:00:00Z,2026-08-10T06:00:00+0200,960.236165,MW,BE,BE,actual_onshore_wind_generation,Wind Onshore,2026-08-21T19:17:13Z
2026-08-21T19:16:33Z,2026-08-21T21:16:33+0200,0512be31-62a2-4d6f-b006-20ecbb9f67d0,2026-08-10T05:00:00Z,2026-08-10T07:00:00+0200,771.667465,MW,BE,BE,actual_onshore_wind_generation,Wind Onshore,2026-08-21T19:17:13Z
2026-08-21T19:16:33Z,2026-08-21T21:16:33+0200,0512be31-62a2-4d6f-b006-20ecbb9f67d0,2026-08-10T06:00:00Z,2026-08-10T08:00:00+0200,411.526069,MW,BE,BE,actual_onshore_wind_generation,Wind Onshore,2026-08-21T19:17:13Z
2026-08-21T19:16:33Z,2026-08-21T21:16:33+0200,0512be31-62a2-4d6f-b006-20ecbb9f67d0,2026-08-10T07:00:00Z,2026-08-10T09:00:00+0200,254.153644,MW,BE,BE,actual_onshore_wind_generation,Wind Onshore,2026-08-21T19:17:13Z
2026-08-21T19:16:33Z,2026-08-21T21:16:33+0200,0512be31-62a2-4d6f-b006-20ecbb9f67d0,2026-08-10T08:00:00Z,2026-08-10T10:00:00+0200,390.394035,MW,BE,BE,actual_onshore_wind_generation,Wind Onshore,2026-08-21T19:17:13Z
2026-08-21T19:16:33Z,2026-08-21T21:16:33+0200,0512be31-62a2-4d6f-b006-20ecbb9f67d0,2026-08-10T09:00:00Z,2026-08-10T11:00:00+0200,555.081934,MW,BE,BE,actual_onshore_wind_generation,Wind Onshore,2026-08-21T19:17:13Z
2026-08-21T19:16:33Z,2026-08-21T21:16:33+0200,0512be31-62a2-4d6f-b006-20ecbb9f67d0,2026-08-10T10:00:00Z,2026-08-10T12:00:00+0200,621.452153,MW,BE,BE,actual_onshore_wind_generation,Wind Onshore,2026-08-21T19:17:13Z
2026-08-21T19:16:33Z,2026-08-21T21:16:33+0200,0512be31-62a2-4d6f-b006-20ecbb9f67d0,2026-08-10T11:00:00Z,2026-08-10T13:00:00+0200,610.174961,MW,BE,BE,actual_onshore_wind_generation,Wind Onshore,2026-08-21T19:17:13Z
2026-08-21T19:16:33Z,2026-08-21T21:16:33+0200,0512be31-62a2-4d6f-b006-20ecbb9f67d0,2026-08-10T12:00:00Z,2026-08-10T14:00:00+0200,608.293171,MW,BE,BE,actual_onshore_wind_generation,Wind Onshore,2026-08-21T19:17:13Z
2026-08-21T19:16:33Z,2026-08-21T21:16:33+0200,0512be31-62a2-4d6f-b006-20ecbb9f67d0,2026-08-10T13:00:00Z,2026-08-10T15:00:00+0200,667.13648,MW,BE,BE,actual_onshore_wind_generation,Wind Onshore,2026-08-21T19:17:13Z
2026-08-21T19:16:33Z,2026-08-21T21:16:33+0200,0512be31-62a2-4d6f-b006-20ecbb9f67d0,2026-08-10T14:00:00Z,2026-08-10T16:00:00+0200,655.022204,MW,BE,BE,actual_onshore_wind_generation,Wind Onshore,2026-08-21T19:17:13Z
2026-08-21T19:16:33Z,2026-08-21T21:16:33+0200,0512be31-62a2-4d6f-b006-20ecbb9f67d0,2026-08-10T15:00:00Z,2026-08-10T17:00:00+0200,679.07591,MW,BE,BE,actual_onshore_wind_generation,Wind Onshore,2026-08-21T19:17:13Z
2026-08-21T19:16:33Z,2026-08-21T21:16:33+0200,0512be31-62a2-4d6f-b006-20ecbb9f67d0,2026-08-10T16:00:00Z,2026-08-10T18:00:00+0200,646.228858,MW,BE,BE,actual_onshore_wind_generation,Wind Onshore,2026-08-21T19:17:13Z
2026-08-21T19:16:33Z,2026-08-21T21:16:33+0200,0512be31-62a2-4d6f-b006-20ecbb9f67d0,2026-08-10T17:00:00Z,2026-08-10T19:00:00+0200,707.411669,MW,BE,BE,actual_onshore_wind_generation,Wind Onshore,2026-08-21T19:17:13Z
2026-08-21T19:16:33Z,2026-08-21T21:16:33+0200,0512be31-62a2-4d6f-b006-20ecbb9f67d0,2026-08-10T18:00:00Z,2026-08-10T20:00:00+0200,761.963607,MW,BE,BE,actual_onshore_wind_generation,Wind Onshore,2026-08-21T19:17:13Z
2026-08-21T19:16:33Z,2026-08-21T21:16:33+0200,0512be31-62a2-4d6f-b006-20ecbb9f67d0,2026-08-10T19:00:00Z,2026-08-10T21:00:00+0200,590.901376,MW,BE,BE,actual_onshore_wind_generation,Wind Onshore,2026-08-21T19:17:13Z
2026-08-21T19:16:33Z,2026-08-21T21:16:33+0200,0512be31-62a2-4d6f-b006-20ecbb9f67d0,2026-08-10T20:00:00Z,2026-08-10T22:00:00+0200,522.320219,MW,BE,BE,actual_onshore_wind_generation,Wind Onshore,2026-08-21T19:17:13Z
2026-08-21T19:16:33Z,2026-08-21T21:16:33+0200,0512be31-62a2-4d6f-b006-20ecbb9f67d0,2026-08-10T21:00:00Z,2026-08-10T23:00:00+0200,448.532453,MW,BE,BE,actual_onshore_wind_generation,Wind Onshore,2026-08-21T19:17:13Z
2026-08-21T19:16:33Z,2026-08-21T21:16:33+0200,0512be31-62a2-4d6f-b006-20ecbb9f67d0,2026-08-10T22:00:00Z,2026-08-11T00:00:00+0200,565.591784,MW,BE,BE,actual_onshore_wind_generation,Wind Onshore,2026-08-21T19:17:13Z
2026-08-21T19:16:33Z,2026-08-21T21:16:33+0200,0512be31-62a2-4d6f-b006-20ecbb9f67d0,2026-08-10T23:00:00Z,2026-08-11T01:00:00+0200,811.454623,MW,BE,BE,actual_onshore_wind_generation,Wind Onshore,2026-08-21T19:17:13Z
2026-08-21T19:16:33Z,2026-08-21T21:16:33+0200,0512be31-62a2-4d6f-b006-20ecbb9f67d0,2026-08-11T00:00:00Z,2026-08-11T02:00:00+0200,759.129985,MW,BE,BE,actual_onshore_wind_generation,Wind Onshore,2026-08-21T19:17:13Z
2026-08-21T19:16:33Z,2026-08-21T21:16:33+0200,0512be31-62a2-4d6f-b006-20ecbb9f67d0,2026-08-11T01:00:00Z,2026-08-11T03:00:00+0200,731.671754,MW,BE,BE,actual_onshore_wind_generation,Wind Onshore,2026-08-21T19:17:13Z
2026-08-21T19:16:33Z,2026-08-21T21:16:33+0200,0512be31-62a2-4d6f-b006-20ecbb9f67d0,2026-08-11T02:00:00Z,2026-08-11T04:00:00+0200,819.619414,MW,BE,BE,actual_onshore_wind_generation,Wind Onshore,2026-08-21T19:17:13Z
2026-08-21T19:16:33Z,2026-08-21T21:16:33+0200,0512be31-62a2-4d6f-b006-20ecbb9f67d0,2026-08-11T03:00:00Z,2026-08-11T05:00:00+0200,862.055669,MW,BE,BE,actual_onshore_wind_generation,Wind Onshore,2026-08-21T19:17:13Z
2026-08-21T19:16:33Z,2026-08-21T21:16:33+0200,0512be31-62a2-4d6f-b006-20ecbb9f67d0,2026-08-11T04:00:00Z,2026-08-11T06:00:00+0200,887.838393,MW,BE,BE,actual_onshore_wind_generation,Wind Onshore,2026-08-21T19:17:13Z
2026-08-21T19:16:33Z,2026-08-21T21:16:33+0200,0512be31-62a2-4d6f-b006-20ecbb9f67d0,2026-08-11T05:00:00Z,2026-08-11T07:00:00+0200,743.947686,MW,BE,BE,actual_onshore_wind_generation,Wind Onshore,2026-08-21T19:17:13Z
2026-08-21T19:16:33Z,2026-08-21T21:16:33+0200,0512be31-62a2-4d6f-b006-20ecbb9f67d0,2026-08-11T06:00:00Z,2026-08-11T08:00:00+0200,428.668864,MW,BE,BE,actual_onshore_wind_generation,Wind Onshore,2026-08-21T19:17:13Z
2026-08-21T19:16:33Z,2026-08-21T21:16:33+0200,0512be31-62a2-4d6f-b006-20ecbb9f67d0,2026-08-11T07:00:00Z,2026-08-11T09:00:00+0200,395.734376,MW,BE,BE,actual_onshore_wind_generation,Wind Onshore,2026-08-21T19:17:13Z
2026-08-21T19:16:33Z,2026-08-21T21:16:33+0200,0512be31-62a2-4d6f-b006-20ecbb9f67d0,2026-08-11T08:00:00Z,2026-08-11T10:00:00+0200,417.477662,MW,BE,BE,actual_onshore_wind_generation,Wind Onshore,2026-08-21T19:17:13Z
2026-08-21T19:16:33Z,2026-08-21T21:16:33+0200,0512be31-62a2-4d6f-b006-20ecbb9f67d0,2026-08-11T09:00:00Z,2026-08-11T11:00:00+0200,429.461197,MW,BE,BE,actual_onshore_wind_generation,Wind Onshore,2026-08-21T19:17:13Z
2026-08-21T19:16:33Z,2026-08-21T21:16:33+0200,0512be31-62a2-4d6f-b006-20ecbb9f67d0,2026-08-11T10:00:00Z,2026-08-11T12:00:00+0200,446.552548,MW,BE,BE,actual_onshore_wind_generation,Wind Onshore,2026-08-21T19:17:13Z
2026-08-21T19:16:33Z,2026-08-21T21:16:33+0200,0512be31-62a2-4d6f-b006-20ecbb9f67d0,2026-08-11T11:00:00Z,2026-08-11T13:00:00+0200,506.373294,MW,BE,BE,actual_onshore_wind_generation,Wind Onshore,2026-08-21T19:17:13Z
2026-08-21T19:16:33Z,2026-08-21T21:16:33+0200,0512be31-62a2-4d6f-b006-20ecbb9f67d0,2026-08-11T12:00:00Z,2026-08-11T14:00:00+0200,520.688017,MW,BE,BE,actual_onshore_wind_generation,Wind Onshore,2026-08-21T19:17:13Z
2026-08-21T19:16:33Z,2026-08-21T21:16:33+0200,0512be31-62a2-4d6f-b006-20ecbb9f67d0,2026-08-11T13:00:00Z,2026-08-11T15:00:00+0200,538.813287,MW,BE,BE,actual_onshore_wind_generation,Wind Onshore,2026-08-21T19:17:13Z
2026-08-21T19:16:33Z,2026-08-21T21:16:33+0200,0512be31-62a2-4d6f-b006-20ecbb9f67d0,2026-08-11T14:00:00Z,2026-08-11T16:00:00+0200,583.808479,MW,BE,BE,actual_onshore_wind_generation,Wind Onshore,2026-08-21T19:17:13Z
2026-08-21T19:16:33Z,2026-08-21T21:16:33+0200,0512be31-62a2-4d6f-b006-20ecbb9f67d0,2026-08-11T15:00:00Z,2026-08-11T17:00:00+0200,650.061671,MW,BE,BE,actual_onshore_wind_generation,Wind Onshore,2026-08-21T19:17:13Z
2026-08-21T19:16:33Z,2026-08-21T21:16:33+0200,0512be31-62a2-4d6f-b006-20ecbb9f67d0,2026-08-11T16:00:00Z,2026-08-11T18:00:00+0200,731.72167,MW,BE,BE,actual_onshore_wind_generation,Wind Onshore,2026-08-21T19:17:13Z
2026-08-21T19:16:33Z,2026-08-21T21:16:33+0200,0512be31-62a2-4d6f-b006-20ecbb9f67d0,2026-08-11T17:00:00Z,2026-08-11T19:00:00+0200,814.680926,MW,BE,BE,actual_onshore_wind_generation,Wind Onshore,2026-08-21T19:17:13Z
2026-08-21T19:16:33Z,2026-08-21T21:16:33+0200,0512be31-62a2-4d6f-b006-20ecbb9f67d0,2026-08-11T18:00:00Z,2026-08-11T20:00:00+0200,823.864887,MW,BE,BE,actual_onshore_wind_generation,Wind Onshore,2026-08-21T19:17:13Z
2026-08-21T19:16:33Z,2026-08-21T21:16:33+0200,0512be31-62a2-4d6f-b006-20ecbb9f67d0,2026-08-11T19:00:00Z,2026-08-11T21:00:00+0200,1098.202975,MW,BE,BE,actual_onshore_wind_generation,Wind Onshore,2026-08-21T19:17:13Z
2026-08-21T19:16:33Z,2026-08-21T21:16:33+0200,0512be31-62a2-4d6f-b006-20ecbb9f67d0,2026-08-11T20:00:00Z,2026-08-11T22:00:00+0200,1297.014862,MW,BE,BE,actual_onshore_wind_generation,Wind Onshore,2026-08-21T19:17:13Z
2026-08-21T19:16:33Z,2026-08-21T21:16:33+0200,0512be31-62a2-4d6f-b006-20ecbb9f67d0,2026-08-11T21:00:00Z,2026-08-11T23:00:00+0200,1355.756756,MW,BE,BE,actual_onshore_wind_generation,Wind Onshore,2026-08-21T19:17:13Z
2026-08-21T19:16:33Z,2026-08-21T21:16:33+0200,0512be31-62a2-4d6f-b006-20ecbb9f67d0,2026-08-11T22:00:00Z,2026-08-12T00:00:00+0200,1405.513568,MW,BE,BE,actual_onshore_wind_generation,Wind Onshore,2026-08-21T19:17:13Z
2026-08-21T19:16:33Z,2026-08-21T21:16:33+0200,0512be31-62a2-4d6f-b006-20ecbb9f67d0,2026-08-11T23:00:00Z,2026-08-12T01:00:00+0200,1370.501565,MW,BE,BE,actual_onshore_wind_generation,Wind Onshore,2026-08-21T19:17:13Z
2026-08-21T19:16:33Z,2026-08-21T21:16:33+0200,0512be31-62a2-4d6f-b006-20ecbb9f67d0,2026-08-12T00:00:00Z,2026-08-12T02:00:00+0200,1289.710546,MW,BE,BE,actual_onshore_wind_generation,Wind Onshore,2026-08-21T19:17:13Z
2026-08-21T19:16:33Z,2026-08-21T21:16:33+0200,0512be31-62a2-4d6f-b006-20ecbb9f67d0,2026-08-12T01:00:00Z,2026-08-12T03:00:00+0200,1195.08259,MW,BE,BE,actual_onshore_wind_generation,Wind Onshore,2026-08-21T19:17:13Z
2026-08-21T19:16:33Z,2026-08-21T21:16:33+0200,0512be31-62a2-4d6f-b006-20ecbb9f67d0,2026-08-12T02:00:00Z,2026-08-12T04:00:00+0200,1137.047158,MW,BE,BE,actual_onshore_wind_generation,Wind Onshore,2026-08-21T19:17:13Z
2026-08-21T19:16:33Z,2026-08-21T21:16:33+0200,0512be31-62a2-4d6f-b006-20ecbb9f67d0,2026-08-12T03:00:00Z,2026-08-12T05:00:00+0200,1017.816039,MW,BE,BE,actual_onshore_wind_generation,Wind Onshore,2026-08-21T19:17:13Z
2026-08-21T19:16:33Z,2026-08-21T21:16:33+0200,0512be31-62a2-4d6f-b006-20ecbb9f67d0,2026-08-12T04:00:00Z,2026-08-12T06:00:00+0200,932.689975,MW,BE,BE,actual_onshore_wind_generation,Wind Onshore,2026-08-21T19:17:13Z
2026-08-21T19:16:33Z,2026-08-21T21:16:33+0200,0512be31-62a2-4d6f-b006-20ecbb9f67d0,2026-08-12T05:00:00Z,2026-08-12T07:00:00+0200,697.243574,MW,BE,BE,actual_onshore_wind_generation,Wind Onshore,2026-08-21T19:17:13Z
2026-08-21T19:16:33Z,2026-08-21T21:16:33+0200,0512be31-62a2-4d6f-b006-20ecbb9f67d0,2026-08-12T06:00:00Z,2026-08-12T08:00:00+0200,354.67804,MW,BE,BE,actual_onshore_wind_generation,Wind Onshore,2026-08-21T19:17:13Z
2026-08-21T19:16:33Z,2026-08-21T21:16:33+0200,0512be31-62a2-4d6f-b006-20ecbb9f67d0,2026-08-12T07:00:00Z,2026-08-12T09:00:00+0200,121.990795,MW,BE,BE,actual_onshore_wind_generation,Wind Onshore,2026-08-21T19:17:13Z
2026-08-21T19:16:33Z,2026-08-21T21:16:33+0200,0512be31-62a2-4d6f-b006-20ecbb9f67d0,2026-08-12T08:00:00Z,2026-08-12T10:00:00+0200,84.168543,MW,BE,BE,actual_onshore_wind_generation,Wind Onshore,2026-08-21T19:17:13Z
2026-08-21T19:16:33Z,2026-08-21T21:16:33+0200,0512be31-62a2-4d6f-b006-20ecbb9f67d0,2026-08-12T09:00:00Z,2026-08-12T11:00:00+0200,93.934854,MW,BE,BE,actual_onshore_wind_generation,Wind Onshore,2026-08-21T19:17:13Z
2026-08-21T19:16:33Z,2026-08-21T21:16:33+0200,0512be31-62a2-4d6f-b006-20ecbb9f67d0,2026-08-12T10:00:00Z,2026-08-12T12:00:00+0200,149.268935,MW,BE,BE,actual_onshore_wind_generation,Wind Onshore,2026-08-21T19:17:13Z
2026-08-21T19:16:33Z,2026-08-21T21:16:33+0200,0512be31-62a2-4d6f-b006-20ecbb9f67d0,2026-08-12T11:00:00Z,2026-08-12T13:00:00+0200,181.537044,MW,BE,BE,actual_onshore_wind_generation,Wind Onshore,2026-08-21T19:17:13Z
2026-08-21T19:16:33Z,2026-08-21T21:16:33+0200,0512be31-62a2-4d6f-b006-20ecbb9f67d0,2026-08-12T12:00:00Z,2026-08-12T14:00:00+0200,194.690135,MW,BE,BE,actual_onshore_wind_generation,Wind Onshore,2026-08-21T19:17:13Z
2026-08-21T19:16:33Z,2026-08-21T21:16:33+0200,0512be31-62a2-4d6f-b006-20ecbb9f67d0,2026-08-12T13:00:00Z,2026-08-12T15:00:00+0200,250.036676,MW,BE,BE,actual_onshore_wind_generation,Wind Onshore,2026-08-21T19:17:13Z
2026-08-21T19:16:33Z,2026-08-21T21:16:33+0200,0512be31-62a2-4d6f-b006-20ecbb9f67d0,2026-08-12T14:00:00Z,2026-08-12T16:00:00+0200,318.824658,MW,BE,BE,actual_onshore_wind_generation,Wind Onshore,2026-08-21T19:17:13Z
2026-08-21T19:16:33Z,2026-08-21T21:16:33+0200,0512be31-62a2-4d6f-b006-20ecbb9f67d0,2026-08-12T15:00:00Z,2026-08-12T17:00:00+0200,388.382701,MW,BE,BE,actual_onshore_wind_generation,Wind Onshore,2026-08-21T19:17:13Z
2026-08-21T19:16:33Z,2026-08-21T21:16:33+0200,0512be31-62a2-4d6f-b006-20ecbb9f67d0,2026-08-12T16:00:00Z,2026-08-12T18:00:00+0200,473.187653,MW,BE,BE,actual_onshore_wind_generation,Wind Onshore,2026-08-21T19:17:13Z
2026-08-21T19:16:33Z,2026-08-21T21:16:33+0200,0512be31-62a2-4d6f-b006-20ecbb9f67d0,2026-08-12T17:00:00Z,2026-08-12T19:00:00+0200,549.471437,MW,BE,BE,actual_onshore_wind_generation,Wind Onshore,2026-08-21T19:17:13Z
2026-08-21T19:16:33Z,2026-08-21T21:16:33+0200,0512be31-62a2-4d6f-b006-20ecbb9f67d0,2026-08-12T18:00:00Z,2026-08-12T20:00:00+0200,766.840251,MW,BE,BE,actual_onshore_wind_generation,Wind Onshore,2026-08-21T19:17:13Z
2026-08-21T19:16:33Z,2026-08-21T21:16:33+0200,0512be31-62a2-4d6f-b006-20ecbb9f67d0,2026-08-12T19:00:00Z,2026-08-12T21:00:00+0200,1130.970347,MW,BE,BE,actual_onshore_wind_generation,Wind Onshore,2026-08-21T19:17:13Z
2026-08-21T19:16:33Z,2026-08-21T21:16:33+0200,0512be31-62a2-4d6f-b006-20ecbb9f67d0,2026-08-12T20:00:00Z,2026-08-12T22:00:00+0200,1154.575832,MW,BE,BE,actual_onshore_wind_generation,Wind Onshore,2026-08-21T19:17:13Z
2026-08-21T19:16:33Z,2026-08-21T21:16:33+0200,0512be31-62a2-4d6f-b006-20ecbb9f67d0,2026-08-12T21:00:00Z,2026-08-12T23:00:00+0200,1068.856884,MW,BE,BE,actual_onshore_wind_generation,Wind Onshore,2026-08-21T19:17:13Z
2026-08-21T19:16:33Z,2026-08-21T21:16:33+0200,0512be31-62a2-4d6f-b006-20ecbb9f67d0,2026-08-12T22:00:00Z,2026-08-13T00:00:00+0200,914.088211,MW,BE,BE,actual_onshore_wind_generation,Wind Onshore,2026-08-21T19:17:13Z
2026-08-21T19:16:33Z,2026-08-21T21:16:33+0200,0512be31-62a2-4d6f-b006-20ecbb9f67d0,2026-08-12T23:00:00Z,2026-08-13T01:00:00+0200,851.390031,MW,BE,BE,actual_onshore_wind_generation,Wind Onshore,2026-08-21T19:17:13Z
2026-08-21T19:16:33Z,2026-08-21T21:16:33+0200,0512be31-62a2-4d6f-b006-20ecbb9f67d0,2026-08-13T00:00:00Z,2026-08-13T02:00:00+0200,799.042512,MW,BE,BE,actual_onshore_wind_generation,Wind Onshore,2026-08-21T19:17:13Z
2026-08-21T19:16:33Z,2026-08-21T21:16:33+0200,0512be31-62a2-4d6f-b006-20ecbb9f67d0,2026-08-13T01:00:00Z,2026-08-13T03:00:00+0200,747.911321,MW,BE,BE,actual_onshore_wind_generation,Wind Onshore,2026-08-21T19:17:13Z
2026-08-21T19:16:33Z,2026-08-21T21:16:33+0200,0512be31-62a2-4d6f-b006-20ecbb9f67d0,2026-08-13T02:00:00Z,2026-08-13T04:00:00+0200,631.00725,MW,BE,BE,actual_onshore_wind_generation,Wind Onshore,2026-08-21T19:17:13Z
2026-08-21T19:16:33Z,2026-08-21T21:16:33+0200,0512be31-62a2-4d6f-b006-20ecbb9f67d0,2026-08-13T03:00:00Z,2026-08-13T05:00:00+0200,524.123115,MW,BE,BE,actual_onshore_wind_generation,Wind Onshore,2026-08-21T19:17:13Z
2026-08-21T19:16:33Z,2026-08-21T21:16:33+0200,0512be31-62a2-4d6f-b006-20ecbb9f67d0,2026-08-13T04:00:00Z,2026-08-13T06:00:00+0200,455.553238,MW,BE,BE,actual_onshore_wind_generation,Wind Onshore,2026-08-21T19:17:13Z
2026-08-21T19:16:33Z,2026-08-21T21:16:33+0200,0512be31-62a2-4d6f-b006-20ecbb9f67d0,2026-08-13T05:00:00Z,2026-08-13T07:00:00+0200,364.783488,MW,BE,BE,actual_onshore_wind_generation,Wind Onshore,2026-08-21T19:17:13Z
2026-08-21T19:16:33Z,2026-08-21T21:16:33+0200,0512be31-62a2-4d6f-b006-20ecbb9f67d0,2026-08-13T06:00:00Z,2026-08-13T08:00:00+0200,271.258055,MW,BE,BE,actual_onshore_wind_generation,Wind Onshore,2026-08-21T19:17:13Z
2026-08-21T19:16:33Z,2026-08-21T21:16:33+0200,0512be31-62a2-4d6f-b006-20ecbb9f67d0,2026-08-13T07:00:00Z,2026-08-13T09:00:00+0200,88.010127,MW,BE,BE,actual_onshore_wind_generation,Wind Onshore,2026-08-21T19:17:13Z
2026-08-21T19:16:33Z,2026-08-21T21:16:33+0200,0512be31-62a2-4d6f-b006-20ecbb9f67d0,2026-08-13T08:00:00Z,2026-08-13T10:00:00+0200,31.106688,MW,BE,BE,actual_onshore_wind_generation,Wind Onshore,2026-08-21T19:17:13Z
2026-08-21T19:16:33Z,2026-08-21T21:16:33+0200,0512be31-62a2-4d6f-b006-20ecbb9f67d0,2026-08-13T09:00:00Z,2026-08-13T11:00:00+0200,28.553002,MW,BE,BE,actual_onshore_wind_generation,Wind Onshore,2026-08-21T19:17:13Z
2026-08-21T19:16:33Z,2026-08-21T21:16:33+0200,0512be31-62a2-4d6f-b006-20ecbb9f67d0,2026-08-13T10:00:00Z,2026-08-13T12:00:00+0200,40.064314,MW,BE,BE,actual_onshore_wind_generation,Wind Onshore,2026-08-21T19:17:13Z
2026-08-21T19:16:33Z,2026-08-21T21:16:33+0200,0512be31-62a2-4d6f-b006-20ecbb9f67d0,2026-08-13T11:00:00Z,2026-08-13T13:00:00+0200,52.307637,MW,BE,BE,actual_onshore_wind_generation,Wind Onshore,2026-08-21T19:17:13Z
2026-08-21T19:16:33Z,2026-08-21T21:16:33+0200,0512be31-62a2-4d6f-b006-20ecbb9f67d0,2026-08-13T12:00:00Z,2026-08-13T14:00:00+0200,45.959509,MW,BE,BE,actual_onshore_wind_generation,Wind Onshore,2026-08-21T19:17:13Z
2026-08-21T19:16:33Z,2026-08-21T21:16:33+0200,0512be31-62a2-4d6f-b006-20ecbb9f67d0,2026-08-13T13:00:00Z,2026-08-13T15:00:00+0200,50.547961,MW,BE,BE,actual_onshore_wind_generation,Wind Onshore,2026-08-21T19:17:13Z
2026-08-21T19:16:33Z,2026-08-21T21:16:33+0200,0512be31-62a2-4d6f-b006-20ecbb9f67d0,2026-08-13T14:00:00Z,2026-08-13T16:00:00+0200,49.944677,MW,BE,BE,actual_onshore_wind_generation,Wind Onshore,2026-08-21T19:17:13Z
2026-08-21T19:16:33Z,2026-08-21T21:16:33+0200,0512be31-62a2-4d6f-b006-20ecbb9f67d0,2026-08-13T15:00:00Z,2026-08-13T17:00:00+0200,66.787934,MW,BE,BE,actual_onshore_wind_generation,Wind Onshore,2026-08-21T19:17:13Z
2026-08-21T19:16:33Z,2026-08-21T21:16:33+0200,0512be31-62a2-4d6f-b006-20ecbb9f67d0,2026-08-13T16:00:00Z,2026-08-13T18:00:00+0200,93.619063,MW,BE,BE,actual_onshore_wind_generation,Wind Onshore,2026-08-21T19:17:13Z
2026-08-21T19:16:33Z,2026-08-21T21:16:33+0200,0512be31-62a2-4d6f-b006-20ecbb9f67d0,2026-08-13T17:00:00Z,2026-08-13T19:00:00+0200,130.684293,MW,BE,BE,actual_onshore_wind_generation,Wind Onshore,2026-08-21T19:17:13Z
2026-08-21T19:16:33Z,2026-08-21T21:16:33+0200,0512be31-62a2-4d6f-b006-20ecbb9f67d0,2026-08-13T18:00:00Z,2026-08-13T20:00:00+0200,189.735164,MW,BE,BE,actual_onshore_wind_generation,Wind Onshore,2026-08-21T19:17:13Z
2026-08-21T19:16:33Z,2026-08-21T21:16:33+0200,0512be31-62a2-4d6f-b006-20ecbb9f67d0,2026-08-13T19:00:00Z,2026-08-13T21:00:00+0200,279.000847,MW,BE,BE,actual_onshore_wind_generation,Wind Onshore,2026-08-21T19:17:13Z
2026-08-21T19:16:33Z,2026-08-21T21:16:33+0200,0512be31-62a2-4d6f-b006-20ecbb9f67d0,2026-08-13T20:00:00Z,2026-08-13T22:00:00+0200,318.117729,MW,BE,BE,actual_onshore_wind_generation,Wind Onshore,2026-08-21T19:17:13Z
2026-08-21T19:16:33Z,2026-08-21T21:16:33+0200,0512be31-62a2-4d6f-b006-20ecbb9f67d0,2026-08-13T21:00:00Z,2026-08-13T23:00:00+0200,247.489868,MW,BE,BE,actual_onshore_wind_generation,Wind Onshore,2026-08-21T19:17:13Z
2026-08-21T19:16:33Z,2026-08-21T21:16:33+0200,0512be31-62a2-4d6f-b006-20ecbb9f67d0,2026-08-13T22:00:00Z,2026-08-14T00:00:00+0200,153.763584,MW,BE,BE,actual_onshore_wind_generation,Wind Onshore,2026-08-21T19:17:13Z
2026-08-21T19:16:33Z,2026-08-21T21:16:33+0200,0512be31-62a2-4d6f-b006-20ecbb9f67d0,2026-08-13T23:00:00Z,2026-08-14T01:00:00+0200,108.616222,MW,BE,BE,actual_onshore_wind_generation,Wind Onshore,2026-08-21T19:17:13Z
2026-08-21T19:16:33Z,2026-08-21T21:16:33+0200,0512be31-62a2-4d6f-b006-20ecbb9f67d0,2026-08-14T00:00:00Z,2026-08-14T02:00:00+0200,114.184144,MW,BE,BE,actual_onshore_wind_generation,Wind Onshore,2026-08-21T19:17:13Z
2026-08-21T19:16:33Z,2026-08-21T21:16:33+0200,0512be31-62a2-4d6f-b006-20ecbb9f67d0,2026-08-14T01:00:00Z,2026-08-14T03:00:00+0200,184.065199,MW,BE,BE,actual_onshore_wind_generation,Wind Onshore,2026-08-21T19:17:13Z
2026-08-21T19:16:33Z,2026-08-21T21:16:33+0200,0512be31-62a2-4d6f-b006-20ecbb9f67d0,2026-08-14T02:00:00Z,2026-08-14T04:00:00+0200,267.502529,MW,BE,BE,actual_onshore_wind_generation,Wind Onshore,2026-08-21T19:17:13Z
2026-08-21T19:16:33Z,2026-08-21T21:16:33+0200,0512be31-62a2-4d6f-b006-20ecbb9f67d0,2026-08-14T03:00:00Z,2026-08-14T05:00:00+0200,160.189028,MW,BE,BE,actual_onshore_wind_generation,Wind Onshore,2026-08-21T19:17:13Z
2026-08-21T19:16:33Z,2026-08-21T21:16:33+0200,0512be31-62a2-4d6f-b006-20ecbb9f67d0,2026-08-14T04:00:00Z,2026-08-14T06:00:00+0200,163.009623,MW,BE,BE,actual_onshore_wind_generation,Wind Onshore,2026-08-21T19:17:13Z
2026-08-21T19:16:33Z,2026-08-21T21:16:33+0200,0512be31-62a2-4d6f-b006-20ecbb9f67d0,2026-08-14T05:00:00Z,2026-08-14T07:00:00+0200,120.662412,MW,BE,BE,actual_onshore_wind_generation,Wind Onshore,2026-08-21T19:17:13Z
2026-08-21T19:16:33Z,2026-08-21T21:16:33+0200,0512be31-62a2-4d6f-b006-20ecbb9f67d0,2026-08-14T06:00:00Z,2026-08-14T08:00:00+0200,118.957789,MW,BE,BE,actual_onshore_wind_generation,Wind Onshore,2026-08-21T19:17:13Z
2026-08-21T19:16:33Z,2026-08-21T21:16:33+0200,0512be31-62a2-4d6f-b006-20ecbb9f67d0,2026-08-14T07:00:00Z,2026-08-14T09:00:00+0200,84.59839,MW,BE,BE,actual_onshore_wind_generation,Wind Onshore,2026-08-21T19:17:13Z
2026-08-21T19:16:33Z,2026-08-21T21:16:33+0200,0512be31-62a2-4d6f-b006-20ecbb9f67d0,2026-08-14T08:00:00Z,2026-08-14T10:00:00+0200,24.724354,MW,BE,BE,actual_onshore_wind_generation,Wind Onshore,2026-08-21T19:17:13Z
2026-08-21T19:16:33Z,2026-08-21T21:16:33+0200,0512be31-62a2-4d6f-b006-20ecbb9f67d0,2026-08-14T09:00:00Z,2026-08-14T11:00:00+0200,21.6199,MW,BE,BE,actual_onshore_wind_generation,Wind Onshore,2026-08-21T19:17:13Z
2026-08-21T19:16:33Z,2026-08-21T21:16:33+0200,0512be31-62a2-4d6f-b006-20ecbb9f67d0,2026-08-14T10:00:00Z,2026-08-14T12:00:00+0200,22.794033,MW,BE,BE,actual_onshore_wind_generation,Wind Onshore,2026-08-21T19:17:13Z
2026-08-21T19:16:33Z,2026-08-21T21:16:33+0200,0512be31-62a2-4d6f-b006-20ecbb9f67d0,2026-08-14T11:00:00Z,2026-08-14T13:00:00+0200,25.627681,MW,BE,BE,actual_onshore_wind_generation,Wind Onshore,2026-08-21T19:17:13Z
2026-08-21T19:16:33Z,2026-08-21T21:16:33+0200,0512be31-62a2-4d6f-b006-20ecbb9f67d0,2026-08-14T12:00:00Z,2026-08-14T14:00:00+0200,44.473775,MW,BE,BE,actual_onshore_wind_generation,Wind Onshore,2026-08-21T19:17:13Z
2026-08-21T19:16:33Z,2026-08-21T21:16:33+0200,0512be31-62a2-4d6f-b006-20ecbb9f67d0,2026-08-14T13:00:00Z,2026-08-14T15:00:00+0200,84.503468,MW,BE,BE,actual_onshore_wind_generation,Wind Onshore,2026-08-21T19:17:13Z
2026-08-21T19:16:33Z,2026-08-21T21:16:33+0200,0512be31-62a2-4d6f-b006-20ecbb9f67d0,2026-08-14T14:00:00Z,2026-08-14T16:00:00+0200,109.119127,MW,BE,BE,actual_onshore_wind_generation,Wind Onshore,2026-08-21T19:17:13Z
2026-08-21T19:16:33Z,2026-08-21T21:16:33+0200,0512be31-62a2-4d6f-b006-20ecbb9f67d0,2026-08-14T15:00:00Z,2026-08-14T17:00:00+0200,111.081036,MW,BE,BE,actual_onshore_wind_generation,Wind Onshore,2026-08-21T19:17:13Z
2026-08-21T19:16:33Z,2026-08-21T21:16:33+0200,0512be31-62a2-4d6f-b006-20ecbb9f67d0,2026-08-14T16:00:00Z,2026-08-14T18:00:00+0200,96.663761,MW,BE,BE,actual_onshore_wind_generation,Wind Onshore,2026-08-21T19:17:13Z
2026-08-21T19:16:33Z,2026-08-21T21:16:33+0200,0512be31-62a2-4d6f-b006-20ecbb9f67d0,2026-08-14T17:00:00Z,2026-08-14T19:00:00+0200,95.264694,MW,BE,BE,actual_onshore_wind_generation,Wind Onshore,2026-08-21T19:17:13Z
2026-08-21T19:16:33Z,2026-08-21T21:16:33+0200,0512be31-62a2-4d6f-b006-20ecbb9f67d0,2026-08-14T18:00:00Z,2026-08-14T20:00:00+0200,138.247104,MW,BE,BE,actual_onshore_wind_generation,Wind Onshore,2026-08-21T19:17:13Z
2026-08-21T19:16:33Z,2026-08-21T21:16:33+0200,0512be31-62a2-4d6f-b006-20ecbb9f67d0,2026-08-14T19:00:00Z,2026-08-14T21:00:00+0200,180.238579,MW,BE,BE,actual_onshore_wind_generation,Wind Onshore,2026-08-21T19:17:13Z
2026-08-21T19:16:33Z,2026-08-21T21:16:33+0200,0512be31-62a2-4d6f-b006-20ecbb9f67d0,2026-08-14T20:00:00Z,2026-08-14T22:00:00+0200,209.691576,MW,BE,BE,actual_onshore_wind_generation,Wind Onshore,2026-08-21T19:17:13Z
2026-08-21T19:16:33Z,2026-08-21T21:16:33+0200,0512be31-62a2-4d6f-b006-20ecbb9f67d0,2026-08-14T21:00:00Z,2026-08-14T23:00:00+0200,248.690885,MW,BE,BE,actual_onshore_wind_generation,Wind Onshore,2026-08-21T19:17:13Z
2026-08-21T19:16:33Z,2026-08-21T21:16:33+0200,0512be31-62a2-4d6f-b006-20ecbb9f67d0,2026-08-14T22:00:00Z,2026-08-15T00:00:00+0200,304.1809,MW,BE,BE,actual_onshore_wind_generation,Wind Onshore,2026-08-21T19:17:13Z
2026-08-21T19:16:33Z,2026-08-21T21:16:33+0200,0512be31-62a2-4d6f-b006-20ecbb9f67d0,2026-08-14T23:00:00Z,2026-08-15T01:00:00+0200,334.96832,MW,BE,BE,actual_onshore_wind_generation,Wind Onshore,2026-08-21T19:17:13Z
2026-08-21T19:16:33Z,2026-08-21T21:16:33+0200,0512be31-62a2-4d6f-b006-20ecbb9f67d0,2026-08-15T00:00:00Z,2026-08-15T02:00:00+0200,502.831399,MW,BE,BE,actual_onshore_wind_generation,Wind Onshore,2026-08-21T19:17:13Z
2026-08-21T19:16:33Z,2026-08-21T21:16:33+0200,0512be31-62a2-4d6f-b006-20ecbb9f67d0,2026-08-15T01:00:00Z,2026-08-15T03:00:00+0200,488.67935,MW,BE,BE,actual_onshore_wind_generation,Wind Onshore,2026-08-21T19:17:13Z
2026-08-21T19:16:33Z,2026-08-21T21:16:33+0200,0512be31-62a2-4d6f-b006-20ecbb9f67d0,2026-08-15T02:00:00Z,2026-08-15T04:00:00+0200,375.639392,MW,BE,BE,actual_onshore_wind_generation,Wind Onshore,2026-08-21T19:17:13Z
2026-08-21T19:16:33Z,2026-08-21T21:16:33+0200,0512be31-62a2-4d6f-b006-20ecbb9f67d0,2026-08-15T03:00:00Z,2026-08-15T05:00:00+0200,404.781839,MW,BE,BE,actual_onshore_wind_generation,Wind Onshore,2026-08-21T19:17:13Z
2026-08-21T19:16:33Z,2026-08-21T21:16:33+0200,0512be31-62a2-4d6f-b006-20ecbb9f67d0,2026-08-15T04:00:00Z,2026-08-15T06:00:00+0200,514.371291,MW,BE,BE,actual_onshore_wind_generation,Wind Onshore,2026-08-21T19:17:13Z
2026-08-21T19:16:33Z,2026-08-21T21:16:33+0200,0512be31-62a2-4d6f-b006-20ecbb9f67d0,2026-08-15T05:00:00Z,2026-08-15T07:00:00+0200,392.076291,MW,BE,BE,actual_onshore_wind_generation,Wind Onshore,2026-08-21T19:17:13Z
2026-08-21T19:16:33Z,2026-08-21T21:16:33+0200,0512be31-62a2-4d6f-b006-20ecbb9f67d0,2026-08-15T06:00:00Z,2026-08-15T08:00:00+0200,220.552968,MW,BE,BE,actual_onshore_wind_generation,Wind Onshore,2026-08-21T19:17:13Z
2026-08-21T19:16:33Z,2026-08-21T21:16:33+0200,0512be31-62a2-4d6f-b006-20ecbb9f67d0,2026-08-15T07:00:00Z,2026-08-15T09:00:00+0200,194.947362,MW,BE,BE,actual_onshore_wind_generation,Wind Onshore,2026-08-21T19:17:13Z
2026-08-21T19:16:33Z,2026-08-21T21:16:33+0200,0512be31-62a2-4d6f-b006-20ecbb9f67d0,2026-08-15T08:00:00Z,2026-08-15T10:00:00+0200,196.568434,MW,BE,BE,actual_onshore_wind_generation,Wind Onshore,2026-08-21T19:17:13Z
2026-08-21T19:16:33Z,2026-08-21T21:16:33+0200,0512be31-62a2-4d6f-b006-20ecbb9f67d0,2026-08-15T09:00:00Z,2026-08-15T11:00:00+0200,304.303783,MW,BE,BE,actual_onshore_wind_generation,Wind Onshore,2026-08-21T19:17:13Z
2026-08-21T19:16:33Z,2026-08-21T21:16:33+0200,0512be31-62a2-4d6f-b006-20ecbb9f67d0,2026-08-15T10:00:00Z,2026-08-15T12:00:00+0200,289.206473,MW,BE,BE,actual_onshore_wind_generation,Wind Onshore,2026-08-21T19:17:13Z
2026-08-21T19:16:33Z,2026-08-21T21:16:33+0200,0512be31-62a2-4d6f-b006-20ecbb9f67d0,2026-08-15T11:00:00Z,2026-08-15T13:00:00+0200,432.076161,MW,BE,BE,actual_onshore_wind_generation,Wind Onshore,2026-08-21T19:17:13Z
2026-08-21T19:16:33Z,2026-08-21T21:16:33+0200,0512be31-62a2-4d6f-b006-20ecbb9f67d0,2026-08-15T12:00:00Z,2026-08-15T14:00:00+0200,511.88458,MW,BE,BE,actual_onshore_wind_generation,Wind Onshore,2026-08-21T19:17:13Z
2026-08-21T19:16:33Z,2026-08-21T21:16:33+0200,0512be31-62a2-4d6f-b006-20ecbb9f67d0,2026-08-15T13:00:00Z,2026-08-15T15:00:00+0200,292.099379,MW,BE,BE,actual_onshore_wind_generation,Wind Onshore,2026-08-21T19:17:13Z
2026-08-21T19:16:33Z,2026-08-21T21:16:33+0200,0512be31-62a2-4d6f-b006-20ecbb9f67d0,2026-08-15T14:00:00Z,2026-08-15T16:00:00+0200,294.637748,MW,BE,BE,actual_onshore_wind_generation,Wind Onshore,2026-08-21T19:17:13Z
2026-08-21T19:16:33Z,2026-08-21T21:16:33+0200,0512be31-62a2-4d6f-b006-20ecbb9f67d0,2026-08-15T15:00:00Z,2026-08-15T17:00:00+0200,341.736548,MW,BE,BE,actual_onshore_wind_generation,Wind Onshore,2026-08-21T19:17:13Z
2026-08-21T19:16:33Z,2026-08-21T21:16:33+0200,0512be31-62a2-4d6f-b006-20ecbb9f67d0,2026-08-15T16:00:00Z,2026-08-15T18:00:00+0200,370.355998,MW,BE,BE,actual_onshore_wind_generation,Wind Onshore,2026-08-21T19:17:13Z
2026-08-21T19:16:33Z,2026-08-21T21:16:33+0200,0512be31-62a2-4d6f-b006-20ecbb9f67d0,2026-08-15T17:00:00Z,2026-08-15T19:00:00+0200,473.470773,MW,BE,BE,actual_onshore_wind_generation,Wind Onshore,2026-08-21T19:17:13Z
2026-08-21T19:16:33Z,2026-08-21T21:16:33+0200,0512be31-62a2-4d6f-b006-20ecbb9f67d0,2026-08-15T18:00:00Z,2026-08-15T20:00:00+0200,519.846296,MW,BE,BE,actual_onshore_wind_generation,Wind Onshore,2026-08-21T19:17:13Z
2026-08-21T19:16:33Z,2026-08-21T21:16:33+0200,0512be31-62a2-4d6f-b006-20ecbb9f67d0,2026-08-15T19:00:00Z,2026-08-15T21:00:00+0200,426.426896,MW,BE,BE,actual_onshore_wind_generation,Wind Onshore,2026-08-21T19:17:13Z
2026-08-21T19:16:33Z,2026-08-21T21:16:33+0200,0512be31-62a2-4d6f-b006-20ecbb9f67d0,2026-08-15T20:00:00Z,2026-08-15T22:00:00+0200,409.593918,MW,BE,BE,actual_onshore_wind_generation,Wind Onshore,2026-08-21T19:17:13Z
2026-08-21T19:16:33Z,2026-08-21T21:16:33+0200,0512be31-62a2-4d6f-b006-20ecbb9f67d0,2026-08-15T21:00:00Z,2026-08-15T23:00:00+0200,378.613079,MW,BE,BE,actual_onshore_wind_generation,Wind Onshore,2026-08-21T19:17:13Z
2026-08-21T19:16:33Z,2026-08-21T21:16:33+0200,0512be31-62a2-4d6f-b006-20ecbb9f67d0,2026-08-15T22:00:00Z,2026-08-16T00:00:00+0200,321.136012,MW,BE,BE,actual_onshore_wind_generation,Wind Onshore,2026-08-21T19:17:13Z
2026-08-21T19:16:33Z,2026-08-21T21:16:33+0200,0512be31-62a2-4d6f-b006-20ecbb9f67d0,2026-08-15T23:00:00Z,2026-08-16T01:00:00+0200,311.94719,MW,BE,BE,actual_onshore_wind_generation,Wind Onshore,2026-08-21T19:17:13Z
2026-08-21T19:16:33Z,2026-08-21T21:16:33+0200,0512be31-62a2-4d6f-b006-20ecbb9f67d0,2026-08-16T00:00:00Z,2026-08-16T02:00:00+0200,245.479393,MW,BE,BE,actual_onshore_wind_generation,Wind Onshore,2026-08-21T19:17:13Z
2026-08-21T19:16:33Z,2026-08-21T21:16:33+0200,0512be31-62a2-4d6f-b006-20ecbb9f67d0,2026-08-16T01:00:00Z,2026-08-16T03:00:00+0200,257.914076,MW,BE,BE,actual_onshore_wind_generation,Wind Onshore,2026-08-21T19:17:13Z
2026-08-21T19:16:33Z,2026-08-21T21:16:33+0200,0512be31-62a2-4d6f-b006-20ecbb9f67d0,2026-08-16T02:00:00Z,2026-08-16T04:00:00+0200,287.109305,MW,BE,BE,actual_onshore_wind_generation,Wind Onshore,2026-08-21T19:17:13Z
2026-08-21T19:16:33Z,2026-08-21T21:16:33+0200,0512be31-62a2-4d6f-b006-20ecbb9f67d0,2026-08-16T03:00:00Z,2026-08-16T05:00:00+0200,216.457061,MW,BE,BE,actual_onshore_wind_generation,Wind Onshore,2026-08-21T19:17:13Z
2026-08-21T19:16:33Z,2026-08-21T21:16:33+0200,0512be31-62a2-4d6f-b006-20ecbb9f67d0,2026-08-16T04:00:00Z,2026-08-16T06:00:00+0200,205.522405,MW,BE,BE,actual_onshore_wind_generation,Wind Onshore,2026-08-21T19:17:13Z
2026-08-21T19:16:33Z,2026-08-21T21:16:33+0200,0512be31-62a2-4d6f-b006-20ecbb9f67d0,2026-08-16T05:00:00Z,2026-08-16T07:00:00+0200,155.376914,MW,BE,BE,actual_onshore_wind_generation,Wind Onshore,2026-08-21T19:17:13Z
2026-08-21T19:16:33Z,2026-08-21T21:16:33+0200,0512be31-62a2-4d6f-b006-20ecbb9f67d0,2026-08-16T06:00:00Z,2026-08-16T08:00:00+0200,70.022025,MW,BE,BE,actual_onshore_wind_generation,Wind Onshore,2026-08-21T19:17:13Z
2026-08-21T19:16:33Z,2026-08-21T21:16:33+0200,0512be31-62a2-4d6f-b006-20ecbb9f67d0,2026-08-16T07:00:00Z,2026-08-16T09:00:00+0200,37.733124,MW,BE,BE,actual_onshore_wind_generation,Wind Onshore,2026-08-21T19:17:13Z
2026-08-21T19:16:33Z,2026-08-21T21:16:33+0200,0512be31-62a2-4d6f-b006-20ecbb9f67d0,2026-08-16T08:00:00Z,2026-08-16T10:00:00+0200,31.124778,MW,BE,BE,actual_onshore_wind_generation,Wind Onshore,2026-08-21T19:17:13Z
2026-08-21T19:16:33Z,2026-08-21T21:16:33+0200,0512be31-62a2-4d6f-b006-20ecbb9f67d0,2026-08-16T09:00:00Z,2026-08-16T11:00:00+0200,30.738067,MW,BE,BE,actual_onshore_wind_generation,Wind Onshore,2026-08-21T19:17:13Z
2026-08-21T19:16:33Z,2026-08-21T21:16:33+0200,0512be31-62a2-4d6f-b006-20ecbb9f67d0,2026-08-16T10:00:00Z,2026-08-16T12:00:00+0200,47.873796,MW,BE,BE,actual_onshore_wind_generation,Wind Onshore,2026-08-21T19:17:13Z
2026-08-21T19:16:33Z,2026-08-21T21:16:33+0200,0512be31-62a2-4d6f-b006-20ecbb9f67d0,2026-08-16T11:00:00Z,2026-08-16T13:00:00+0200,79.85613,MW,BE,BE,actual_onshore_wind_generation,Wind Onshore,2026-08-21T19:17:13Z
2026-08-21T19:16:33Z,2026-08-21T21:16:33+0200,0512be31-62a2-4d6f-b006-20ecbb9f67d0,2026-08-16T12:00:00Z,2026-08-16T14:00:00+0200,88.931224,MW,BE,BE,actual_onshore_wind_generation,Wind Onshore,2026-08-21T19:17:13Z
2026-08-21T19:16:33Z,2026-08-21T21:16:33+0200,0512be31-62a2-4d6f-b006-20ecbb9f67d0,2026-08-16T13:00:00Z,2026-08-16T15:00:00+0200,141.497826,MW,BE,BE,actual_onshore_wind_generation,Wind Onshore,2026-08-21T19:17:13Z
2026-08-21T19:16:33Z,2026-08-21T21:16:33+0200,0512be31-62a2-4d6f-b006-20ecbb9f67d0,2026-08-16T14:00:00Z,2026-08-16T16:00:00+0200,124.639548,MW,BE,BE,actual_onshore_wind_generation,Wind Onshore,2026-08-21T19:17:13Z
2026-08-21T19:16:33Z,2026-08-21T21:16:33+0200,0512be31-62a2-4d6f-b006-20ecbb9f67d0,2026-08-16T15:00:00Z,2026-08-16T17:00:00+0200,127.007272,MW,BE,BE,actual_onshore_wind_generation,Wind Onshore,2026-08-21T19:17:13Z
2026-08-21T19:16:33Z,2026-08-21T21:16:33+0200,0512be31-62a2-4d6f-b006-20ecbb9f67d0,2026-08-16T16:00:00Z,2026-08-16T18:00:00+0200,130.086675,MW,BE,BE,actual_onshore_wind_generation,Wind Onshore,2026-08-21T19:17:13Z
2026-08-21T19:16:33Z,2026-08-21T21:16:33+0200,0512be31-62a2-4d6f-b006-20ecbb9f67d0,2026-08-16T17:00:00Z,2026-08-16T19:00:00+0200,169.323754,MW,BE,BE,actual_onshore_wind_generation,Wind Onshore,2026-08-21T19:17:13Z
2026-08-21T19:16:33Z,2026-08-21T21:16:33+0200,0512be31-62a2-4d6f-b006-20ecbb9f67d0,2026-08-16T18:00:00Z,2026-08-16T20:00:00+0200,216.580611,MW,BE,BE,actual_onshore_wind_generation,Wind Onshore,2026-08-21T19:17:13Z
2026-08-21T19:16:33Z,2026-08-21T21:16:33+0200,0512be31-62a2-4d6f-b006-20ecbb9f67d0,2026-08-16T19:00:00Z,2026-08-16T21:00:00+0200,138.140758,MW,BE,BE,actual_onshore_wind_generation,Wind Onshore,2026-08-21T19:17:13Z
2026-08-21T19:16:33Z,2026-08-21T21:16:33+0200,0512be31-62a2-4d6f-b006-20ecbb9f67d0,2026-08-16T20:00:00Z,2026-08-16T22:00:00+0200,85.339142,MW,BE,BE,actual_onshore_wind_generation,Wind Onshore,2026-08-21T19:17:13Z
2026-08-21T19:16:33Z,2026-08-21T21:16:33+0200,0512be31-62a2-4d6f-b006-20ecbb9f67d0,2026-08-16T21:00:00Z,2026-08-16T23:00:00+0200,64.141516,MW,BE,BE,actual_onshore_wind_generation,Wind Onshore,2026-08-21T19:17:13Z
2026-08-21T19:16:33Z,2026-08-21T21:16:33+0200,0512be31-62a2-4d6f-b006-20ecbb9f67d0,2026-08-16T22:00:00Z,2026-08-17T00:00:00+0200,48.241956,MW,BE,BE,actual_onshore_wind_generation,Wind Onshore,2026-08-21T19:17:13Z
2026-08-21T19:16:33Z,2026-08-21T21:16:33+0200,0512be31-62a2-4d6f-b006-20ecbb9f67d0,2026-08-16T23:00:00Z,2026-08-17T01:00:00+0200,17.732629,MW,BE,BE,actual_onshore_wind_generation,Wind Onshore,2026-08-21T19:17:13Z
2026-08-21T19:16:33Z,2026-08-21T21:16:33+0200,0512be31-62a2-4d6f-b006-20ecbb9f67d0,2026-08-17T00:00:00Z,2026-08-17T02:00:00+0200,11.378038,MW,BE,BE,actual_onshore_wind_generation,Wind Onshore,2026-08-21T19:17:13Z
2026-08-21T19:16:33Z,2026-08-21T21:16:33+0200,0512be31-62a2-4d6f-b006-20ecbb9f67d0,2026-08-17T01:00:00Z,2026-08-17T03:00:00+0200,23.914829,MW,BE,BE,actual_onshore_wind_generation,Wind Onshore,2026-08-21T19:17:13Z
2026-08-21T19:16:33Z,2026-08-21T21:16:33+0200,0512be31-62a2-4d6f-b006-20ecbb9f67d0,2026-08-17T02:00:00Z,2026-08-17T04:00:00+0200,31.094773,MW,BE,BE,actual_onshore_wind_generation,Wind Onshore,2026-08-21T19:17:13Z
2026-08-21T19:16:33Z,2026-08-21T21:16:33+0200,0512be31-62a2-4d6f-b006-20ecbb9f67d0,2026-08-17T03:00:00Z,2026-08-17T05:00:00+0200,39.404441,MW,BE,BE,actual_onshore_wind_generation,Wind Onshore,2026-08-21T19:17:13Z
2026-08-21T19:16:33Z,2026-08-21T21:16:33+0200,0512be31-62a2-4d6f-b006-20ecbb9f67d0,2026-08-17T04:00:00Z,2026-08-17T06:00:00+0200,71.45259,MW,BE,BE,actual_onshore_wind_generation,Wind Onshore,2026-08-21T19:17:13Z
2026-08-21T19:16:33Z,2026-08-21T21:16:33+0200,0512be31-62a2-4d6f-b006-20ecbb9f67d0,2026-08-17T05:00:00Z,2026-08-17T07:00:00+0200,95.802847,MW,BE,BE,actual_onshore_wind_generation,Wind Onshore,2026-08-21T19:17:13Z
2026-08-21T19:16:33Z,2026-08-21T21:16:33+0200,0512be31-62a2-4d6f-b006-20ecbb9f67d0,2026-08-17T06:00:00Z,2026-08-17T08:00:00+0200,118.163388,MW,BE,BE,actual_onshore_wind_generation,Wind Onshore,2026-08-21T19:17:13Z
2026-08-21T19:16:33Z,2026-08-21T21:16:33+0200,0512be31-62a2-4d6f-b006-20ecbb9f67d0,2026-08-17T07:00:00Z,2026-08-17T09:00:00+0200,88.668132,MW,BE,BE,actual_onshore_wind_generation,Wind Onshore,2026-08-21T19:17:13Z
2026-08-21T19:16:33Z,2026-08-21T21:16:33+0200,0512be31-62a2-4d6f-b006-20ecbb9f67d0,2026-08-17T08:00:00Z,2026-08-17T10:00:00+0200,50.366013,MW,BE,BE,actual_onshore_wind_generation,Wind Onshore,2026-08-21T19:17:13Z
2026-08-21T19:16:33Z,2026-08-21T21:16:33+0200,0512be31-62a2-4d6f-b006-20ecbb9f67d0,2026-08-17T09:00:00Z,2026-08-17T11:00:00+0200,71.217689,MW,BE,BE,actual_onshore_wind_generation,Wind Onshore,2026-08-21T19:17:13Z
2026-08-21T19:16:33Z,2026-08-21T21:16:33+0200,0512be31-62a2-4d6f-b006-20ecbb9f67d0,2026-08-17T10:00:00Z,2026-08-17T12:00:00+0200,128.15967,MW,BE,BE,actual_onshore_wind_generation,Wind Onshore,2026-08-21T19:17:13Z
2026-08-21T19:16:33Z,2026-08-21T21:16:33+0200,0512be31-62a2-4d6f-b006-20ecbb9f67d0,2026-08-17T11:00:00Z,2026-08-17T13:00:00+0200,111.997221,MW,BE,BE,actual_onshore_wind_generation,Wind Onshore,2026-08-21T19:17:13Z
2026-08-21T19:16:33Z,2026-08-21T21:16:33+0200,0512be31-62a2-4d6f-b006-20ecbb9f67d0,2026-08-17T12:00:00Z,2026-08-17T14:00:00+0200,121.288276,MW,BE,BE,actual_onshore_wind_generation,Wind Onshore,2026-08-21T19:17:13Z
2026-08-21T19:16:33Z,2026-08-21T21:16:33+0200,0512be31-62a2-4d6f-b006-20ecbb9f67d0,2026-08-17T13:00:00Z,2026-08-17T15:00:00+0200,140.760466,MW,BE,BE,actual_onshore_wind_generation,Wind Onshore,2026-08-21T19:17:13Z
2026-08-21T19:16:33Z,2026-08-21T21:16:33+0200,0512be31-62a2-4d6f-b006-20ecbb9f67d0,2026-08-17T14:00:00Z,2026-08-17T16:00:00+0200,154.381286,MW,BE,BE,actual_onshore_wind_generation,Wind Onshore,2026-08-21T19:17:13Z
2026-08-21T19:16:33Z,2026-08-21T21:16:33+0200,0512be31-62a2-4d6f-b006-20ecbb9f67d0,2026-08-17T15:00:00Z,2026-08-17T17:00:00+0200,164.140689,MW,BE,BE,actual_onshore_wind_generation,Wind Onshore,2026-08-21T19:17:13Z
2026-08-21T19:16:33Z,2026-08-21T21:16:33+0200,0512be31-62a2-4d6f-b006-20ecbb9f67d0,2026-08-17T16:00:00Z,2026-08-17T18:00:00+0200,109.661021,MW,BE,BE,actual_onshore_wind_generation,Wind Onshore,2026-08-21T19:17:13Z
2026-08-21T19:16:33Z,2026-08-21T21:16:33+0200,0512be31-62a2-4d6f-b006-20ecbb9f67d0,2026-08-17T17:00:00Z,2026-08-17T19:00:00+0200,94.866079,MW,BE,BE,actual_onshore_wind_generation,Wind Onshore,2026-08-21T19:17:13Z
2026-08-21T19:16:33Z,2026-08-21T21:16:33+0200,0512be31-62a2-4d6f-b006-20ecbb9f67d0,2026-08-17T18:00:00Z,2026-08-17T20:00:00+0200,63.537296,MW,BE,BE,actual_onshore_wind_generation,Wind Onshore,2026-08-21T19:17:13Z
2026-08-21T19:16:33Z,2026-08-21T21:16:33+0200,0512be31-62a2-4d6f-b006-20ecbb9f67d0,2026-08-17T19:00:00Z,2026-08-17T21:00:00+0200,27.392542,MW,BE,BE,actual_onshore_wind_generation,Wind Onshore,2026-08-21T19:17:13Z
2026-08-21T19:16:33Z,2026-08-21T21:16:33+0200,0512be31-62a2-4d6f-b006-20ecbb9f67d0,2026-08-17T20:00:00Z,2026-08-17T22:00:00+0200,16.236932,MW,BE,BE,actual_onshore_wind_generation,Wind Onshore,2026-08-21T19:17:13Z
2026-08-21T19:16:33Z,2026-08-21T21:16:33+0200,0512be31-62a2-4d6f-b006-20ecbb9f67d0,2026-08-17T21:00:00Z,2026-08-17T23:00:00+0200,11.032582,MW,BE,BE,actual_onshore_wind_generation,Wind Onshore,2026-08-21T19:17:13Z
2026-08-21T19:16:33Z,2026-08-21T21:16:33+0200,0512be31-62a2-4d6f-b006-20ecbb9f67d0,2026-08-17T22:00:00Z,2026-08-18T00:00:00+0200,11.895848,MW,BE,BE,actual_onshore_wind_generation,Wind Onshore,2026-08-21T19:17:13Z
2026-08-21T19:16:33Z,2026-08-21T21:16:33+0200,0512be31-62a2-4d6f-b006-20ecbb9f67d0,2026-08-17T23:00:00Z,2026-08-18T01:00:00+0200,37.890045,MW,BE,BE,actual_onshore_wind_generation,Wind Onshore,2026-08-21T19:17:13Z
2026-08-21T19:16:33Z,2026-08-21T21:16:33+0200,0512be31-62a2-4d6f-b006-20ecbb9f67d0,2026-08-18T00:00:00Z,2026-08-18T02:00:00+0200,126.640772,MW,BE,BE,actual_onshore_wind_generation,Wind Onshore,2026-08-21T19:17:13Z
2026-08-21T19:16:33Z,2026-08-21T21:16:33+0200,0512be31-62a2-4d6f-b006-20ecbb9f67d0,2026-08-18T01:00:00Z,2026-08-18T03:00:00+0200,281.980718,MW,BE,BE,actual_onshore_wind_generation,Wind Onshore,2026-08-21T19:17:13Z
2026-08-21T19:16:33Z,2026-08-21T21:16:33+0200,0512be31-62a2-4d6f-b006-20ecbb9f67d0,2026-08-18T02:00:00Z,2026-08-18T04:00:00+0200,486.098096,MW,BE,BE,actual_onshore_wind_generation,Wind Onshore,2026-08-21T19:17:13Z
2026-08-21T19:16:33Z,2026-08-21T21:16:33+0200,0512be31-62a2-4d6f-b006-20ecbb9f67d0,2026-08-18T03:00:00Z,2026-08-18T05:00:00+0200,733.247983,MW,BE,BE,actual_onshore_wind_generation,Wind Onshore,2026-08-21T19:17:13Z
2026-08-21T19:16:33Z,2026-08-21T21:16:33+0200,0512be31-62a2-4d6f-b006-20ecbb9f67d0,2026-08-18T04:00:00Z,2026-08-18T06:00:00+0200,920.281318,MW,BE,BE,actual_onshore_wind_generation,Wind Onshore,2026-08-21T19:17:13Z
2026-08-21T19:16:33Z,2026-08-21T21:16:33+0200,0512be31-62a2-4d6f-b006-20ecbb9f67d0,2026-08-18T05:00:00Z,2026-08-18T07:00:00+0200,1164.269814,MW,BE,BE,actual_onshore_wind_generation,Wind Onshore,2026-08-21T19:17:13Z
2026-08-21T19:16:33Z,2026-08-21T21:16:33+0200,0512be31-62a2-4d6f-b006-20ecbb9f67d0,2026-08-18T06:00:00Z,2026-08-18T08:00:00+0200,1310.580452,MW,BE,BE,actual_onshore_wind_generation,Wind Onshore,2026-08-21T19:17:13Z
2026-08-21T19:16:33Z,2026-08-21T21:16:33+0200,0512be31-62a2-4d6f-b006-20ecbb9f67d0,2026-08-18T07:00:00Z,2026-08-18T09:00:00+0200,1326.874123,MW,BE,BE,actual_onshore_wind_generation,Wind Onshore,2026-08-21T19:17:13Z
2026-08-21T19:16:33Z,2026-08-21T21:16:33+0200,0512be31-62a2-4d6f-b006-20ecbb9f67d0,2026-08-18T08:00:00Z,2026-08-18T10:00:00+0200,1445.440366,MW,BE,BE,actual_onshore_wind_generation,Wind Onshore,2026-08-21T19:17:13Z
2026-08-21T19:16:33Z,2026-08-21T21:16:33+0200,0512be31-62a2-4d6f-b006-20ecbb9f67d0,2026-08-18T09:00:00Z,2026-08-18T11:00:00+0200,1501.181598,MW,BE,BE,actual_onshore_wind_generation,Wind Onshore,2026-08-21T19:17:13Z
2026-08-21T19:16:33Z,2026-08-21T21:16:33+0200,0512be31-62a2-4d6f-b006-20ecbb9f67d0,2026-08-18T10:00:00Z,2026-08-18T12:00:00+0200,1296.643158,MW,BE,BE,actual_onshore_wind_generation,Wind Onshore,2026-08-21T19:17:13Z
2026-08-21T19:16:33Z,2026-08-21T21:16:33+0200,0512be31-62a2-4d6f-b006-20ecbb9f67d0,2026-08-18T11:00:00Z,2026-08-18T13:00:00+0200,1267.368414,MW,BE,BE,actual_onshore_wind_generation,Wind Onshore,2026-08-21T19:17:13Z
2026-08-21T19:16:33Z,2026-08-21T21:16:33+0200,0512be31-62a2-4d6f-b006-20ecbb9f67d0,2026-08-18T12:00:00Z,2026-08-18T14:00:00+0200,1204.493179,MW,BE,BE,actual_onshore_wind_generation,Wind Onshore,2026-08-21T19:17:13Z
2026-08-21T19:16:33Z,2026-08-21T21:16:33+0200,0512be31-62a2-4d6f-b006-20ecbb9f67d0,2026-08-18T13:00:00Z,2026-08-18T15:00:00+0200,1004.587471,MW,BE,BE,actual_onshore_wind_generation,Wind Onshore,2026-08-21T19:17:13Z
2026-08-21T19:16:33Z,2026-08-21T21:16:33+0200,0512be31-62a2-4d6f-b006-20ecbb9f67d0,2026-08-18T14:00:00Z,2026-08-18T16:00:00+0200,717.976959,MW,BE,BE,actual_onshore_wind_generation,Wind Onshore,2026-08-21T19:17:13Z
2026-08-21T19:16:33Z,2026-08-21T21:16:33+0200,0512be31-62a2-4d6f-b006-20ecbb9f67d0,2026-08-18T15:00:00Z,2026-08-18T17:00:00+0200,537.091702,MW,BE,BE,actual_onshore_wind_generation,Wind Onshore,2026-08-21T19:17:13Z
2026-08-21T19:16:33Z,2026-08-21T21:16:33+0200,0512be31-62a2-4d6f-b006-20ecbb9f67d0,2026-08-18T16:00:00Z,2026-08-18T18:00:00+0200,434.421578,MW,BE,BE,actual_onshore_wind_generation,Wind Onshore,2026-08-21T19:17:13Z
2026-08-21T19:16:33Z,2026-08-21T21:16:33+0200,0512be31-62a2-4d6f-b006-20ecbb9f67d0,2026-08-18T17:00:00Z,2026-08-18T19:00:00+0200,331.971929,MW,BE,BE,actual_onshore_wind_generation,Wind Onshore,2026-08-21T19:17:13Z
2026-08-21T19:16:33Z,2026-08-21T21:16:33+0200,0512be31-62a2-4d6f-b006-20ecbb9f67d0,2026-08-18T18:00:00Z,2026-08-18T20:00:00+0200,376.878194,MW,BE,BE,actual_onshore_wind_generation,Wind Onshore,2026-08-21T19:17:13Z
2026-08-21T19:16:33Z,2026-08-21T21:16:33+0200,0512be31-62a2-4d6f-b006-20ecbb9f67d0,2026-08-18T19:00:00Z,2026-08-18T21:00:00+0200,402.080411,MW,BE,BE,actual_onshore_wind_generation,Wind Onshore,2026-08-21T19:17:13Z
2026-08-21T19:16:33Z,2026-08-21T21:16:33+0200,0512be31-62a2-4d6f-b006-20ecbb9f67d0,2026-08-18T20:00:00Z,2026-08-18T22:00:00+0200,555.059143,MW,BE,BE,actual_onshore_wind_generation,Wind Onshore,2026-08-21T19:17:13Z
2026-08-21T19:16:33Z,2026-08-21T21:16:33+0200,0512be31-62a2-4d6f-b006-20ecbb9f67d0,2026-08-18T21:00:00Z,2026-08-18T23:00:00+0200,652.189508,MW,BE,BE,actual_onshore_wind_generation,Wind Onshore,2026-08-21T19:17:13Z
2026-08-21T19:16:33Z,2026-08-21T21:16:33+0200,0512be31-62a2-4d6f-b006-20ecbb9f67d0,2026-08-18T22:00:00Z,2026-08-19T00:00:00+0200,718.546992,MW,BE,BE,actual_onshore_wind_generation,Wind Onshore,2026-08-21T19:17:13Z
2026-08-21T19:16:33Z,2026-08-21T21:16:33+0200,0512be31-62a2-4d6f-b006-20ecbb9f67d0,2026-08-18T23:00:00Z,2026-08-19T01:00:00+0200,727.087625,MW,BE,BE,actual_onshore_wind_generation,Wind Onshore,2026-08-21T19:17:13Z
2026-08-21T19:16:33Z,2026-08-21T21:16:33+0200,0512be31-62a2-4d6f-b006-20ecbb9f67d0,2026-08-19T00:00:00Z,2026-08-19T02:00:00+0200,701.430747,MW,BE,BE,actual_onshore_wind_generation,Wind Onshore,2026-08-21T19:17:13Z
2026-08-21T19:16:33Z,2026-08-21T21:16:33+0200,0512be31-62a2-4d6f-b006-20ecbb9f67d0,2026-08-19T01:00:00Z,2026-08-19T03:00:00+0200,691.941849,MW,BE,BE,actual_onshore_wind_generation,Wind Onshore,2026-08-21T19:17:13Z
2026-08-21T19:16:33Z,2026-08-21T21:16:33+0200,0512be31-62a2-4d6f-b006-20ecbb9f67d0,2026-08-19T02:00:00Z,2026-08-19T04:00:00+0200,698.358816,MW,BE,BE,actual_onshore_wind_generation,Wind Onshore,2026-08-21T19:17:13Z
2026-08-21T19:16:33Z,2026-08-21T21:16:33+0200,0512be31-62a2-4d6f-b006-20ecbb9f67d0,2026-08-19T03:00:00Z,2026-08-19T05:00:00+0200,719.643111,MW,BE,BE,actual_onshore_wind_generation,Wind Onshore,2026-08-21T19:17:13Z
2026-08-21T19:16:33Z,2026-08-21T21:16:33+0200,0512be31-62a2-4d6f-b006-20ecbb9f67d0,2026-08-19T04:00:00Z,2026-08-19T06:00:00+0200,828.830007,MW,BE,BE,actual_onshore_wind_generation,Wind Onshore,2026-08-21T19:17:13Z
2026-08-21T19:16:33Z,2026-08-21T21:16:33+0200,0512be31-62a2-4d6f-b006-20ecbb9f67d0,2026-08-19T05:00:00Z,2026-08-19T07:00:00+0200,936.66849,MW,BE,BE,actual_onshore_wind_generation,Wind Onshore,2026-08-21T19:17:13Z
2026-08-21T19:16:33Z,2026-08-21T21:16:33+0200,0512be31-62a2-4d6f-b006-20ecbb9f67d0,2026-08-19T06:00:00Z,2026-08-19T08:00:00+0200,1109.618556,MW,BE,BE,actual_onshore_wind_generation,Wind Onshore,2026-08-21T19:17:13Z
2026-08-21T19:16:33Z,2026-08-21T21:16:33+0200,0512be31-62a2-4d6f-b006-20ecbb9f67d0,2026-08-19T07:00:00Z,2026-08-19T09:00:00+0200,1214.226935,MW,BE,BE,actual_onshore_wind_generation,Wind Onshore,2026-08-21T19:17:13Z
2026-08-21T19:16:33Z,2026-08-21T21:16:33+0200,0512be31-62a2-4d6f-b006-20ecbb9f67d0,2026-08-19T08:00:00Z,2026-08-19T10:00:00+0200,1250.338132,MW,BE,BE,actual_onshore_wind_generation,Wind Onshore,2026-08-21T19:17:13Z
2026-08-21T19:16:33Z,2026-08-21T21:16:33+0200,0512be31-62a2-4d6f-b006-20ecbb9f67d0,2026-08-19T09:00:00Z,2026-08-19T11:00:00+0200,1159.457735,MW,BE,BE,actual_onshore_wind_generation,Wind Onshore,2026-08-21T19:17:13Z
2026-08-21T19:16:33Z,2026-08-21T21:16:33+0200,0512be31-62a2-4d6f-b006-20ecbb9f67d0,2026-08-19T10:00:00Z,2026-08-19T12:00:00+0200,806.025112,MW,BE,BE,actual_onshore_wind_generation,Wind Onshore,2026-08-21T19:17:13Z
2026-08-21T19:16:33Z,2026-08-21T21:16:33+0200,0512be31-62a2-4d6f-b006-20ecbb9f67d0,2026-08-19T11:00:00Z,2026-08-19T13:00:00+0200,463.682224,MW,BE,BE,actual_onshore_wind_generation,Wind Onshore,2026-08-21T19:17:13Z
2026-08-21T19:16:33Z,2026-08-21T21:16:33+0200,0512be31-62a2-4d6f-b006-20ecbb9f67d0,2026-08-19T12:00:00Z,2026-08-19T14:00:00+0200,246.373531,MW,BE,BE,actual_onshore_wind_generation,Wind Onshore,2026-08-21T19:17:13Z
2026-08-21T19:16:33Z,2026-08-21T21:16:33+0200,0512be31-62a2-4d6f-b006-20ecbb9f67d0,2026-08-19T13:00:00Z,2026-08-19T15:00:00+0200,274.299551,MW,BE,BE,actual_onshore_wind_generation,Wind Onshore,2026-08-21T19:17:13Z
2026-08-21T19:16:33Z,2026-08-21T21:16:33+0200,0512be31-62a2-4d6f-b006-20ecbb9f67d0,2026-08-19T14:00:00Z,2026-08-19T16:00:00+0200,320.221478,MW,BE,BE,actual_onshore_wind_generation,Wind Onshore,2026-08-21T19:17:13Z
2026-08-21T19:16:33Z,2026-08-21T21:16:33+0200,0512be31-62a2-4d6f-b006-20ecbb9f67d0,2026-08-19T15:00:00Z,2026-08-19T17:00:00+0200,312.78441,MW,BE,BE,actual_onshore_wind_generation,Wind Onshore,2026-08-21T19:17:13Z
2026-08-21T19:16:33Z,2026-08-21T21:16:33+0200,0512be31-62a2-4d6f-b006-20ecbb9f67d0,2026-08-19T16:00:00Z,2026-08-19T18:00:00+0200,174.510811,MW,BE,BE,actual_onshore_wind_generation,Wind Onshore,2026-08-21T19:17:13Z
2026-08-21T19:16:33Z,2026-08-21T21:16:33+0200,0512be31-62a2-4d6f-b006-20ecbb9f67d0,2026-08-19T17:00:00Z,2026-08-19T19:00:00+0200,145.75232,MW,BE,BE,actual_onshore_wind_generation,Wind Onshore,2026-08-21T19:17:13Z
2026-08-21T19:16:33Z,2026-08-21T21:16:33+0200,0512be31-62a2-4d6f-b006-20ecbb9f67d0,2026-08-19T18:00:00Z,2026-08-19T20:00:00+0200,222.681186,MW,BE,BE,actual_onshore_wind_generation,Wind Onshore,2026-08-21T19:17:13Z
2026-08-21T19:16:33Z,2026-08-21T21:16:33+0200,0512be31-62a2-4d6f-b006-20ecbb9f67d0,2026-08-19T19:00:00Z,2026-08-19T21:00:00+0200,246.143779,MW,BE,BE,actual_onshore_wind_generation,Wind Onshore,2026-08-21T19:17:13Z
2026-08-21T19:16:33Z,2026-08-21T21:16:33+0200,0512be31-62a2-4d6f-b006-20ecbb9f67d0,2026-08-19T20:00:00Z,2026-08-19T22:00:00+0200,369.065694,MW,BE,BE,actual_onshore_wind_generation,Wind Onshore,2026-08-21T19:17:13Z
2026-08-21T19:16:33Z,2026-08-21T21:16:33+0200,0512be31-62a2-4d6f-b006-20ecbb9f67d0,2026-08-19T21:00:00Z,2026-08-19T23:00:00+0200,399.658908,MW,BE,BE,actual_onshore_wind_generation,Wind Onshore,2026-08-21T19:17:13Z
2026-08-21T19:16:33Z,2026-08-21T21:16:33+0200,0512be31-62a2-4d6f-b006-20ecbb9f67d0,2026-08-19T22:00:00Z,2026-08-20T00:00:00+0200,515.42452,MW,BE,BE,actual_onshore_wind_generation,Wind Onshore,2026-08-21T19:17:13Z
2026-08-21T19:16:33Z,2026-08-21T21:16:33+0200,0512be31-62a2-4d6f-b006-20ecbb9f67d0,2026-08-19T23:00:00Z,2026-08-20T01:00:00+0200,632.147243,MW,BE,BE,actual_onshore_wind_generation,Wind Onshore,2026-08-21T19:17:13Z
2026-08-21T19:16:33Z,2026-08-21T21:16:33+0200,0512be31-62a2-4d6f-b006-20ecbb9f67d0,2026-08-20T00:00:00Z,2026-08-20T02:00:00+0200,708.943453,MW,BE,BE,actual_onshore_wind_generation,Wind Onshore,2026-08-21T19:17:13Z
2026-08-21T19:16:33Z,2026-08-21T21:16:33+0200,0512be31-62a2-4d6f-b006-20ecbb9f67d0,2026-08-20T01:00:00Z,2026-08-20T03:00:00+0200,902.340404,MW,BE,BE,actual_onshore_wind_generation,Wind Onshore,2026-08-21T19:17:13Z
2026-08-21T19:16:33Z,2026-08-21T21:16:33+0200,0512be31-62a2-4d6f-b006-20ecbb9f67d0,2026-08-20T02:00:00Z,2026-08-20T04:00:00+0200,959.948037,MW,BE,BE,actual_onshore_wind_generation,Wind Onshore,2026-08-21T19:17:13Z
2026-08-21T19:16:33Z,2026-08-21T21:16:33+0200,0512be31-62a2-4d6f-b006-20ecbb9f67d0,2026-08-20T03:00:00Z,2026-08-20T05:00:00+0200,1108.027194,MW,BE,BE,actual_onshore_wind_generation,Wind Onshore,2026-08-21T19:17:13Z
2026-08-21T19:16:33Z,2026-08-21T21:16:33+0200,0512be31-62a2-4d6f-b006-20ecbb9f67d0,2026-08-20T04:00:00Z,2026-08-20T06:00:00+0200,1158.740493,MW,BE,BE,actual_onshore_wind_generation,Wind Onshore,2026-08-21T19:17:13Z
2026-08-21T19:16:33Z,2026-08-21T21:16:33+0200,0512be31-62a2-4d6f-b006-20ecbb9f67d0,2026-08-20T05:00:00Z,2026-08-20T07:00:00+0200,989.861652,MW,BE,BE,actual_onshore_wind_generation,Wind Onshore,2026-08-21T19:17:13Z
2026-08-21T19:16:33Z,2026-08-21T21:16:33+0200,0512be31-62a2-4d6f-b006-20ecbb9f67d0,2026-08-20T06:00:00Z,2026-08-20T08:00:00+0200,909.651596,MW,BE,BE,actual_onshore_wind_generation,Wind Onshore,2026-08-21T19:17:13Z
2026-08-21T19:16:33Z,2026-08-21T21:16:33+0200,0512be31-62a2-4d6f-b006-20ecbb9f67d0,2026-08-20T07:00:00Z,2026-08-20T09:00:00+0200,894.956631,MW,BE,BE,actual_onshore_wind_generation,Wind Onshore,2026-08-21T19:17:13Z
2026-08-21T19:16:33Z,2026-08-21T21:16:33+0200,0512be31-62a2-4d6f-b006-20ecbb9f67d0,2026-08-20T08:00:00Z,2026-08-20T10:00:00+0200,1151.527772,MW,BE,BE,actual_onshore_wind_generation,Wind Onshore,2026-08-21T19:17:13Z
2026-08-21T19:16:33Z,2026-08-21T21:16:33+0200,0512be31-62a2-4d6f-b006-20ecbb9f67d0,2026-08-20T09:00:00Z,2026-08-20T11:00:00+0200,1413.655938,MW,BE,BE,actual_onshore_wind_generation,Wind Onshore,2026-08-21T19:17:13Z
2026-08-21T19:16:33Z,2026-08-21T21:16:33+0200,0512be31-62a2-4d6f-b006-20ecbb9f67d0,2026-08-20T10:00:00Z,2026-08-20T12:00:00+0200,1469.476988,MW,BE,BE,actual_onshore_wind_generation,Wind Onshore,2026-08-21T19:17:13Z
2026-08-21T19:16:33Z,2026-08-21T21:16:33+0200,0512be31-62a2-4d6f-b006-20ecbb9f67d0,2026-08-20T11:00:00Z,2026-08-20T13:00:00+0200,1509.554016,MW,BE,BE,actual_onshore_wind_generation,Wind Onshore,2026-08-21T19:17:13Z
2026-08-21T19:16:33Z,2026-08-21T21:16:33+0200,0512be31-62a2-4d6f-b006-20ecbb9f67d0,2026-08-20T12:00:00Z,2026-08-20T14:00:00+0200,1565.015602,MW,BE,BE,actual_onshore_wind_generation,Wind Onshore,2026-08-21T19:17:13Z
2026-08-21T19:16:33Z,2026-08-21T21:16:33+0200,0512be31-62a2-4d6f-b006-20ecbb9f67d0,2026-08-20T13:00:00Z,2026-08-20T15:00:00+0200,1375.760762,MW,BE,BE,actual_onshore_wind_generation,Wind Onshore,2026-08-21T19:17:13Z
2026-08-21T19:16:33Z,2026-08-21T21:16:33+0200,0512be31-62a2-4d6f-b006-20ecbb9f67d0,2026-08-20T14:00:00Z,2026-08-20T16:00:00+0200,1156.572136,MW,BE,BE,actual_onshore_wind_generation,Wind Onshore,2026-08-21T19:17:13Z
2026-08-21T19:16:33Z,2026-08-21T21:16:33+0200,0512be31-62a2-4d6f-b006-20ecbb9f67d0,2026-08-20T15:00:00Z,2026-08-20T17:00:00+0200,1092.384036,MW,BE,BE,actual_onshore_wind_generation,Wind Onshore,2026-08-21T19:17:13Z
2026-08-21T19:16:33Z,2026-08-21T21:16:33+0200,0512be31-62a2-4d6f-b006-20ecbb9f67d0,2026-08-20T16:00:00Z,2026-08-20T18:00:00+0200,1161.85838,MW,BE,BE,actual_onshore_wind_generation,Wind Onshore,2026-08-21T19:17:13Z
2026-08-21T19:16:33Z,2026-08-21T21:16:33+0200,0512be31-62a2-4d6f-b006-20ecbb9f67d0,2026-08-20T17:00:00Z,2026-08-20T19:00:00+0200,997.704322,MW,BE,BE,actual_onshore_wind_generation,Wind Onshore,2026-08-21T19:17:13Z
2026-08-21T19:16:33Z,2026-08-21T21:16:33+0200,0512be31-62a2-4d6f-b006-20ecbb9f67d0,2026-08-20T18:00:00Z,2026-08-20T20:00:00+0200,822.933432,MW,BE,BE,actual_onshore_wind_generation,Wind Onshore,2026-08-21T19:17:13Z
2026-08-21T19:16:33Z,2026-08-21T21:16:33+0200,0512be31-62a2-4d6f-b006-20ecbb9f67d0,2026-08-20T19:00:00Z,2026-08-20T21:00:00+0200,817.3892,MW,BE,BE,actual_onshore_wind_generation,Wind Onshore,2026-08-21T19:17:13Z
2026-08-21T19:16:33Z,2026-08-21T21:16:33+0200,0512be31-62a2-4d6f-b006-20ecbb9f67d0,2026-08-20T20:00:00Z,2026-08-20T22:00:00+0200,877.930516,MW,BE,BE,actual_onshore_wind_generation,Wind Onshore,2026-08-21T19:17:13Z
2026-08-21T19:16:33Z,2026-08-21T21:16:33+0200,0512be31-62a2-4d6f-b006-20ecbb9f67d0,2026-08-20T21:00:00Z,2026-08-20T23:00:00+0200,896.229452,MW,BE,BE,actual_onshore_wind_generation,Wind Onshore,2026-08-21T19:17:13Z
2026-08-21T19:16:33Z,2026-08-21T21:16:33+0200,0512be31-62a2-4d6f-b006-20ecbb9f67d0,2026-08-20T22:00:00Z,2026-08-21T00:00:00+0200,883.168816,MW,BE,BE,actual_onshore_wind_generation,Wind Onshore,2026-08-21T19:17:13Z
2026-08-21T19:16:33Z,2026-08-21T21:16:33+0200,0512be31-62a2-4d6f-b006-20ecbb9f67d0,2026-08-20T23:00:00Z,2026-08-21T01:00:00+0200,939.109702,MW,BE,BE,actual_onshore_wind_generation,Wind Onshore,2026-08-21T19:17:13Z
2026-08-21T19:16:33Z,2026-08-21T21:16:33+0200,0512be31-62a2-4d6f-b006-20ecbb9f67d0,2026-08-21T00:00:00Z,2026-08-21T02:00:00+0200,866.46791,MW,BE,BE,actual_onshore_wind_generation,Wind Onshore,2026-08-21T19:17:13Z
2026-08-21T19:16:33Z,2026-08-21T21:16:33+0200,0512be31-62a2-4d6f-b006-20ecbb9f67d0,2026-08-21T01:00:00Z,2026-08-21T03:00:00+0200,777.889256,MW,BE,BE,actual_onshore_wind_generation,Wind Onshore,2026-08-21T19:17:13Z
2026-08-21T19:16:33Z,2026-08-21T21:16:33+0200,0512be31-62a2-4d6f-b006-20ecbb9f67d0,2026-08-21T02:00:00Z,2026-08-21T04:00:00+0200,609.274157,MW,BE,BE,actual_onshore_wind_generation,Wind Onshore,2026-08-21T19:17:13Z
2026-08-21T19:16:33Z,2026-08-21T21:16:33+0200,0512be31-62a2-4d6f-b006-20ecbb9f67d0,2026-08-21T03:00:00Z,2026-08-21T05:00:00+0200,423.529798,MW,BE,BE,actual_onshore_wind_generation,Wind Onshore,2026-08-21T19:17:13Z
2026-08-21T19:16:33Z,2026-08-21T21:16:33+0200,0512be31-62a2-4d6f-b006-20ecbb9f67d0,2026-08-21T04:00:00Z,2026-08-21T06:00:00+0200,340.520684,MW,BE,BE,actual_onshore_wind_generation,Wind Onshore,2026-08-21T19:17:13Z
2026-08-21T19:16:33Z,2026-08-21T21:16:33+0200,0512be31-62a2-4d6f-b006-20ecbb9f67d0,2026-08-21T05:00:00Z,2026-08-21T07:00:00+0200,247.819261,MW,BE,BE,actual_onshore_wind_generation,Wind Onshore,2026-08-21T19:17:13Z
2026-08-21T19:16:33Z,2026-08-21T21:16:33+0200,0512be31-62a2-4d6f-b006-20ecbb9f67d0,2026-08-21T06:00:00Z,2026-08-21T08:00:00+0200,132.833533,MW,BE,BE,actual_onshore_wind_generation,Wind Onshore,2026-08-21T19:17:13Z
2026-08-21T19:16:33Z,2026-08-21T21:16:33+0200,0512be31-62a2-4d6f-b006-20ecbb9f67d0,2026-08-21T07:00:00Z,2026-08-21T09:00:00+0200,59.217831,MW,BE,BE,actual_onshore_wind_generation,Wind Onshore,2026-08-21T19:17:13Z
2026-08-21T19:16:33Z,2026-08-21T21:16:33+0200,0512be31-62a2-4d6f-b006-20ecbb9f67d0,2026-08-21T08:00:00Z,2026-08-21T10:00:00+0200,58.46078,MW,BE,BE,actual_onshore_wind_generation,Wind Onshore,2026-08-21T19:17:13Z
2026-08-21T19:16:33Z,2026-08-21T21:16:33+0200,0512be31-62a2-4d6f-b006-20ecbb9f67d0,2026-08-21T09:00:00Z,2026-08-21T11:00:00+0200,121.965723,MW,BE,BE,actual_onshore_wind_generation,Wind Onshore,2026-08-21T19:17:13Z
2026-08-21T19:16:33Z,2026-08-21T21:16:33+0200,0512be31-62a2-4d6f-b006-20ecbb9f67d0,2026-08-21T10:00:00Z,2026-08-21T12:00:00+0200,145.047706,MW,BE,BE,actual_onshore_wind_generation,Wind Onshore,2026-08-21T19:17:13Z
2026-08-21T19:16:33Z,2026-08-21T21:16:33+0200,0512be31-62a2-4d6f-b006-20ecbb9f67d0,2026-08-21T11:00:00Z,2026-08-21T13:00:00+0200,170.359373,MW,BE,BE,actual_onshore_wind_generation,Wind Onshore,2026-08-21T19:17:13Z
2026-08-21T19:16:33Z,2026-08-21T21:16:33+0200,0512be31-62a2-4d6f-b006-20ecbb9f67d0,2026-08-21T12:00:00Z,2026-08-21T14:00:00+0200,187.171833,MW,BE,BE,actual_onshore_wind_generation,Wind Onshore,2026-08-21T19:17:13Z
2026-08-21T19:16:33Z,2026-08-21T21:16:33+0200,0512be31-62a2-4d6f-b006-20ecbb9f67d0,2026-08-21T13:00:00Z,2026-08-21T15:00:00+0200,257.305159,MW,BE,BE,actual_onshore_wind_generation,Wind Onshore,2026-08-21T19:17:13Z
2026-08-21T19:16:33Z,2026-08-21T21:16:33+0200,0512be31-62a2-4d6f-b006-20ecbb9f67d0,2026-08-21T14:00:00Z,2026-08-21T16:00:00+0200,610.285554,MW,BE,BE,actual_onshore_wind_generation,Wind Onshore,2026-08-21T19:17:13Z
2026-08-21T19:16:33Z,2026-08-21T21:16:33+0200,0512be31-62a2-4d6f-b006-20ecbb9f67d0,2026-08-21T15:00:00Z,2026-08-21T17:00:00+0200,591.862845,MW,BE,BE,actual_onshore_wind_generation,Wind Onshore,2026-08-21T19:17:13Z
2026-08-21T19:16:33Z,2026-08-21T21:16:33+0200,0512be31-62a2-4d6f-b006-20ecbb9f67d0,2026-08-21T16:00:00Z,2026-08-21T18:00:00+0200,507.582916,MW,BE,BE,actual_onshore_wind_generation,Wind Onshore,2026-08-21T19:17:13Z
2026-08-21T19:16:33Z,2026-08-21T21:16:33+0200,0512be31-62a2-4d6f-b006-20ecbb9f67d0,2026-08-21T17:00:00Z,2026-08-21T19:00:00+0200,529.16548,MW,BE,BE,actual_onshore_wind_generation,Wind Onshore,2026-08-21T19:17:13Z
