collection_time_utc,collection_time_local,run_id,timestamp_utc,timestamp_local,value,unit,country,entsoe_area,variable,source,updated_at_utc
2026-08-23T20:28:12Z,2026-08-23T22:28:12+0200,1243fdd6-9494-4890-9bf2-14ad2f41f059,2026-07-23T21:00:00Z,2026-07-23T23:00:00+0200,1331.8525,MW,DK2,DK_2,actual_load,Actual Load,2026-08-23T20:35:02Z
2026-08-23T20:28:12Z,2026-08-23T22:28:12+0200,1243fdd6-9494-4890-9bf2-14ad2f41f059,2026-07-23T22:00:00Z,2026-07-24T00:00:00+0200,1267.9675,MW,DK2,DK_2,actual_load,Actual Load,2026-08-23T20:35:02Z
2026-08-23T20:28:12Z,2026-08-23T22:28:12+0200,1243fdd6-9494-4890-9bf2-14ad2f41f059,2026-07-23T23:00:00Z,2026-07-24T01:00:00+0200,1229.715,MW,DK2,DK_2,actual_load,Actual Load,2026-08-23T20:35:02Z
2026-08-23T20:28:12Z,2026-08-23T22:28:12+0200,1243fdd6-9494-4890-9bf2-14ad2f41f059,2026-07-24T00:00:00Z,2026-07-24T02:00:00+0200,1204.76,MW,DK2,DK_2,actual_load,Actual Load,2026-08-23T20:35:02Z
2026-08-23T20:28:12Z,2026-08-23T22:28:12+0200,1243fdd6-9494-4890-9bf2-14ad2f41f059,2026-07-24T01:00:00Z,2026-07-24T03:00:00+0200,1176.67,MW,DK2,DK_2,actual_load,Actual Load,2026-08-23T20:35:02Z
2026-08-23T20:28:12Z,2026-08-23T22:28:12+0200,1243fdd6-9494-4890-9bf2-14ad2f41f059,2026-07-24T02:00:00Z,2026-07-24T04:00:00+0200,1158.3325,MW,DK2,DK_2,actual_load,Actual Load,2026-08-23T20:35:02Z
2026-08-23T20:28:12Z,2026-08-23T22:28:12+0200,1243fdd6-9494-4890-9bf2-14ad2f41f059,2026-07-24T03:00:00Z,2026-07-24T05:00:00+0200,1168.895,MW,DK2,DK_2,actual_load,Actual Load,2026-08-23T20:35:02Z
2026-08-23T20:28:12Z,2026-08-23T22:28:12+0200,1243fdd6-9494-4890-9bf2-14ad2f41f059,2026-07-24T04:00:00Z,2026-07-24T06:00:00+0200,1268.22,MW,DK2,DK_2,actual_load,Actual Load,2026-08-23T20:35:02Z
2026-08-23T20:28:12Z,2026-08-23T22:28:12+0200,1243fdd6-9494-4890-9bf2-14ad2f41f059,2026-07-24T05:00:00Z,2026-07-24T07:00:00+0200,1409.39,MW,DK2,DK_2,actual_load,Actual Load,2026-08-23T20:35:02Z
2026-08-23T20:28:12Z,2026-08-23T22:28:12+0200,1243fdd6-9494-4890-9bf2-14ad2f41f059,2026-07-24T06:00:00Z,2026-07-24T08:00:00+0200,1549.355,MW,DK2,DK_2,actual_load,Actual Load,2026-08-23T20:35:02Z
2026-08-23T20:28:12Z,2026-08-23T22:28:12+0200,1243fdd6-9494-4890-9bf2-14ad2f41f059,2026-07-24T07:00:00Z,2026-07-24T09:00:00+0200,1669.53,MW,DK2,DK_2,actual_load,Actual Load,2026-08-23T20:35:02Z
2026-08-23T20:28:12Z,2026-08-23T22:28:12+0200,1243fdd6-9494-4890-9bf2-14ad2f41f059,2026-07-24T08:00:00Z,2026-07-24T10:00:00+0200,1722.8975,MW,DK2,DK_2,actual_load,Actual Load,2026-08-23T20:35:02Z
2026-08-23T20:28:12Z,2026-08-23T22:28:12+0200,1243fdd6-9494-4890-9bf2-14ad2f41f059,2026-07-24T09:00:00Z,2026-07-24T11:00:00+0200,1761.5425,MW,DK2,DK_2,actual_load,Actual Load,2026-08-23T20:35:02Z
2026-08-23T20:28:12Z,2026-08-23T22:28:12+0200,1243fdd6-9494-4890-9bf2-14ad2f41f059,2026-07-24T10:00:00Z,2026-07-24T12:00:00+0200,1857.1625,MW,DK2,DK_2,actual_load,Actual Load,2026-08-23T20:35:02Z
2026-08-23T20:28:12Z,2026-08-23T22:28:12+0200,1243fdd6-9494-4890-9bf2-14ad2f41f059,2026-07-24T11:00:00Z,2026-07-24T13:00:00+0200,1910.9175,MW,DK2,DK_2,actual_load,Actual Load,2026-08-23T20:35:02Z
2026-08-23T20:28:12Z,2026-08-23T22:28:12+0200,1243fdd6-9494-4890-9bf2-14ad2f41f059,2026-07-24T12:00:00Z,2026-07-24T14:00:00+0200,1868.8375,MW,DK2,DK_2,actual_load,Actual Load,2026-08-23T20:35:02Z
2026-08-23T20:28:12Z,2026-08-23T22:28:12+0200,1243fdd6-9494-4890-9bf2-14ad2f41f059,2026-07-24T13:00:00Z,2026-07-24T15:00:00+0200,1819.665,MW,DK2,DK_2,actual_load,Actual Load,2026-08-23T20:35:02Z
2026-08-23T20:28:12Z,2026-08-23T22:28:12+0200,1243fdd6-9494-4890-9bf2-14ad2f41f059,2026-07-24T14:00:00Z,2026-07-24T16:00:00+0200,1719.1,MW,DK2,DK_2,actual_load,Actual Load,2026-08-23T20:35:02Z
2026-08-23T20:28:12Z,2026-08-23T22:28:12+0200,1243fdd6-9494-4890-9bf2-14ad2f41f059,2026-07-24T15:00:00Z,2026-07-24T17:00:00+0200,1692.5775,MW,DK2,DK_2,actual_load,Actual Load,2026-08-23T20:35:02Z
2026-08-23T20:28:12Z,2026-08-23T22:28:12+0200,1243fdd6-9494-4890-9bf2-14ad2f41f059,2026-07-24T16:00:00Z,2026-07-24T18:00:00+0200,1653.8975,MW,DK2,DK_2,actual_load,Actual Load,2026-08-23T20:35:02Z
2026-08-23T20:28:12Z,2026-08-23T22:28:12+0200,1243fdd6-9494-4890-9bf2-14ad2f41f059,2026-07-24T17:00:00Z,2026-07-24T19:00:00+0200,1523.0075,MW,DK2,DK_2,actual_load,Actual Load,2026-08-23T20:35:02Z
2026-08-23T20:28:12Z,2026-08-23T22:28:12+0200,1243fdd6-9494-4890-9bf2-14ad2f41f059,2026-07-24T18:00:00Z,2026-07-24T20:00:00+0200,1416.525,MW,DK2,DK_2,actual_load,Actual Load,2026-08-23T20:35:02Z
2026-08-23T20:28:12Z,2026-08-23T22:28:12+0200,1243fdd6-9494-4890-9bf2-14ad2f41f059,2026-07-24T19:00:00Z,2026-07-24T21:00:00+0200,1443.595,MW,DK2,DK_2,actual_load,Actual Load,2026-08-23T20:35:02Z
2026-08-23T20:28:12Z,2026-08-23T22:28:12+0200,1243fdd6-9494-4890-9bf2-14ad2f41f059,2026-07-24T20:00:00Z,2026-07-24T22:00:00+0200,1390.465,MW,DK2,DK_2,actual_load,Actual Load,2026-08-23T20:35:02Z
2026-08-23T20:28:12Z,2026-08-23T22:28:12+0200,1243fdd6-9494-4890-9bf2-14ad2f41f059,2026-07-24T21:00:00Z,2026-07-24T23:00:00+0200,1308.9275,MW,DK2,DK_2,actual_load,Actual Load,2026-08-23T20:35:02Z
2026-08-23T20:28:12Z,2026-08-23T22:28:12+0200,1243fdd6-9494-4890-9bf2-14ad2f41f059,2026-07-24T22:00:00Z,2026-07-25T00:00:00+0200,1252.1075,MW,DK2,DK_2,actual_load,Actual Load,2026-08-23T20:35:02Z
2026-08-23T20:28:12Z,2026-08-23T22:28:12+0200,1243fdd6-9494-4890-9bf2-14ad2f41f059,2026-07-24T23:00:00Z,2026-07-25T01:00:00+0200,1181.99,MW,DK2,DK_2,actual_load,Actual Load,2026-08-23T20:35:02Z
2026-08-23T20:28:12Z,2026-08-23T22:28:12+0200,1243fdd6-9494-4890-9bf2-14ad2f41f059,2026-07-25T00:00:00Z,2026-07-25T02:00:00+0200,1149.1425,MW,DK2,DK_2,actual_load,Actual Load,2026-08-23T20:35:02Z
2026-08-23T20:28:12Z,2026-08-23T22:28:12+0200,1243fdd6-9494-4890-9bf2-14ad2f41f059,2026-07-25T01:00:00Z,2026-07-25T03:00:00+0200,1125.2625,MW,DK2,DK_2,actual_load,Actual Load,2026-08-23T20:35:02Z
2026-08-23T20:28:12Z,2026-08-23T22:28:12+0200,1243fdd6-9494-4890-9bf2-14ad2f41f059,2026-07-25T02:00:00Z,2026-07-25T04:00:00+0200,1110.575,MW,DK2,DK_2,actual_load,Actual Load,2026-08-23T20:35:02Z
2026-08-23T20:28:12Z,2026-08-23T22:28:12+0200,1243fdd6-9494-4890-9bf2-14ad2f41f059,2026-07-25T03:00:00Z,2026-07-25T05:00:00+0200,1102.88,MW,DK2,DK_2,actual_load,Actual Load,2026-08-23T20:35:02Z
2026-08-23T20:28:12Z,2026-08-23T22:28:12+0200,1243fdd6-9494-4890-9bf2-14ad2f41f059,2026-07-25T04:00:00Z,2026-07-25T06:00:00+0200,1151.1125,MW,DK2,DK_2,actual_load,Actual Load,2026-08-23T20:35:02Z
2026-08-23T20:28:12Z,2026-08-23T22:28:12+0200,1243fdd6-9494-4890-9bf2-14ad2f41f059,2026-07-25T05:00:00Z,2026-07-25T07:00:00+0200,1190.81,MW,DK2,DK_2,actual_load,Actual Load,2026-08-23T20:35:02Z
2026-08-23T20:28:12Z,2026-08-23T22:28:12+0200,1243fdd6-9494-4890-9bf2-14ad2f41f059,2026-07-25T06:00:00Z,2026-07-25T08:00:00+0200,1327.13,MW,DK2,DK_2,actual_load,Actual Load,2026-08-23T20:35:02Z
2026-08-23T20:28:12Z,2026-08-23T22:28:12+0200,1243fdd6-9494-4890-9bf2-14ad2f41f059,2026-07-25T07:00:00Z,2026-07-25T09:00:00+0200,1571.49,MW,DK2,DK_2,actual_load,Actual Load,2026-08-23T20:35:02Z
2026-08-23T20:28:12Z,2026-08-23T22:28:12+0200,1243fdd6-9494-4890-9bf2-14ad2f41f059,2026-07-25T08:00:00Z,2026-07-25T10:00:00+0200,1691.42,MW,DK2,DK_2,actual_load,Actual Load,2026-08-23T20:35:02Z
2026-08-23T20:28:12Z,2026-08-23T22:28:12+0200,1243fdd6-9494-4890-9bf2-14ad2f41f059,2026-07-25T09:00:00Z,2026-07-25T11:00:00+0200,1760.305,MW,DK2,DK_2,actual_load,Actual Load,2026-08-23T20:35:02Z
2026-08-23T20:28:12Z,2026-08-23T22:28:12+0200,1243fdd6-9494-4890-9bf2-14ad2f41f059,2026-07-25T10:00:00Z,2026-07-25T12:00:00+0200,1813.24,MW,DK2,DK_2,actual_load,Actual Load,2026-08-23T20:35:02Z
2026-08-23T20:28:12Z,2026-08-23T22:28:12+0200,1243fdd6-9494-4890-9bf2-14ad2f41f059,2026-07-25T11:00:00Z,2026-07-25T13:00:00+0200,1781.1725,MW,DK2,DK_2,actual_load,Actual Load,2026-08-23T20:35:02Z
2026-08-23T20:28:12Z,2026-08-23T22:28:12+0200,1243fdd6-9494-4890-9bf2-14ad2f41f059,2026-07-25T12:00:00Z,2026-07-25T14:00:00+0200,1744.8875,MW,DK2,DK_2,actual_load,Actual Load,2026-08-23T20:35:02Z
2026-08-23T20:28:12Z,2026-08-23T22:28:12+0200,1243fdd6-9494-4890-9bf2-14ad2f41f059,2026-07-25T13:00:00Z,2026-07-25T15:00:00+0200,1643.025,MW,DK2,DK_2,actual_load,Actual Load,2026-08-23T20:35:02Z
2026-08-23T20:28:12Z,2026-08-23T22:28:12+0200,1243fdd6-9494-4890-9bf2-14ad2f41f059,2026-07-25T14:00:00Z,2026-07-25T16:00:00+0200,1636.06,MW,DK2,DK_2,actual_load,Actual Load,2026-08-23T20:35:02Z
2026-08-23T20:28:12Z,2026-08-23T22:28:12+0200,1243fdd6-9494-4890-9bf2-14ad2f41f059,2026-07-25T15:00:00Z,2026-07-25T17:00:00+0200,1646.24,MW,DK2,DK_2,actual_load,Actual Load,2026-08-23T20:35:02Z
2026-08-23T20:28:12Z,2026-08-23T22:28:12+0200,1243fdd6-9494-4890-9bf2-14ad2f41f059,2026-07-25T16:00:00Z,2026-07-25T18:00:00+0200,1617.2375,MW,DK2,DK_2,actual_load,Actual Load,2026-08-23T20:35:02Z
2026-08-23T20:28:12Z,2026-08-23T22:28:12+0200,1243fdd6-9494-4890-9bf2-14ad2f41f059,2026-07-25T17:00:00Z,2026-07-25T19:00:00+0200,1425.9825,MW,DK2,DK_2,actual_load,Actual Load,2026-08-23T20:35:02Z
2026-08-23T20:28:12Z,2026-08-23T22:28:12+0200,1243fdd6-9494-4890-9bf2-14ad2f41f059,2026-07-25T18:00:00Z,2026-07-25T20:00:00+0200,1400.105,MW,DK2,DK_2,actual_load,Actual Load,2026-08-23T20:35:02Z
2026-08-23T20:28:12Z,2026-08-23T22:28:12+0200,1243fdd6-9494-4890-9bf2-14ad2f41f059,2026-07-25T19:00:00Z,2026-07-25T21:00:00+0200,1372.3575,MW,DK2,DK_2,actual_load,Actual Load,2026-08-23T20:35:02Z
2026-08-23T20:28:12Z,2026-08-23T22:28:12+0200,1243fdd6-9494-4890-9bf2-14ad2f41f059,2026-07-25T20:00:00Z,2026-07-25T22:00:00+0200,1323.49,MW,DK2,DK_2,actual_load,Actual Load,2026-08-23T20:35:02Z
2026-08-23T20:28:12Z,2026-08-23T22:28:12+0200,1243fdd6-9494-4890-9bf2-14ad2f41f059,2026-07-25T21:00:00Z,2026-07-25T23:00:00+0200,1246.9425,MW,DK2,DK_2,actual_load,Actual Load,2026-08-23T20:35:02Z
2026-08-23T20:28:12Z,2026-08-23T22:28:12+0200,1243fdd6-9494-4890-9bf2-14ad2f41f059,2026-07-25T22:00:00Z,2026-07-26T00:00:00+0200,1155.2325,MW,DK2,DK_2,actual_load,Actual Load,2026-08-23T20:35:02Z
2026-08-23T20:28:12Z,2026-08-23T22:28:12+0200,1243fdd6-9494-4890-9bf2-14ad2f41f059,2026-07-25T23:00:00Z,2026-07-26T01:00:00+0200,1151.49,MW,DK2,DK_2,actual_load,Actual Load,2026-08-23T20:35:02Z
2026-08-23T20:28:12Z,2026-08-23T22:28:12+0200,1243fdd6-9494-4890-9bf2-14ad2f41f059,2026-07-26T00:00:00Z,2026-07-26T02:00:00+0200,1136.345,MW,DK2,DK_2,actual_load,Actual Load,2026-08-23T20:35:02Z
2026-08-23T20:28:12Z,2026-08-23T22:28:12+0200,1243fdd6-9494-4890-9bf2-14ad2f41f059,2026-07-26T01:00:00Z,2026-07-26T03:00:00+0200,1076.175,MW,DK2,DK_2,actual_load,Actual Load,2026-08-23T20:35:02Z
2026-08-23T20:28:12Z,2026-08-23T22:28:12+0200,1243fdd6-9494-4890-9bf2-14ad2f41f059,2026-07-26T02:00:00Z,2026-07-26T04:00:00+0200,1056.69,MW,DK2,DK_2,actual_load,Actual Load,2026-08-23T20:35:02Z
2026-08-23T20:28:12Z,2026-08-23T22:28:12+0200,1243fdd6-9494-4890-9bf2-14ad2f41f059,2026-07-26T03:00:00Z,2026-07-26T05:00:00+0200,1063.8725,MW,DK2,DK_2,actual_load,Actual Load,2026-08-23T20:35:02Z
2026-08-23T20:28:12Z,2026-08-23T22:28:12+0200,1243fdd6-9494-4890-9bf2-14ad2f41f059,2026-07-26T04:00:00Z,2026-07-26T06:00:00+0200,1037.93,MW,DK2,DK_2,actual_load,Actual Load,2026-08-23T20:35:02Z
2026-08-23T20:28:12Z,2026-08-23T22:28:12+0200,1243fdd6-9494-4890-9bf2-14ad2f41f059,2026-07-26T05:00:00Z,2026-07-26T07:00:00+0200,1145.31,MW,DK2,DK_2,actual_load,Actual Load,2026-08-23T20:35:02Z
2026-08-23T20:28:12Z,2026-08-23T22:28:12+0200,1243fdd6-9494-4890-9bf2-14ad2f41f059,2026-07-26T06:00:00Z,2026-07-26T08:00:00+0200,1318.4325,MW,DK2,DK_2,actual_load,Actual Load,2026-08-23T20:35:02Z
2026-08-23T20:28:12Z,2026-08-23T22:28:12+0200,1243fdd6-9494-4890-9bf2-14ad2f41f059,2026-07-26T07:00:00Z,2026-07-26T09:00:00+0200,1495.01,MW,DK2,DK_2,actual_load,Actual Load,2026-08-23T20:35:02Z
2026-08-23T20:28:12Z,2026-08-23T22:28:12+0200,1243fdd6-9494-4890-9bf2-14ad2f41f059,2026-07-26T08:00:00Z,2026-07-26T10:00:00+0200,1586.315,MW,DK2,DK_2,actual_load,Actual Load,2026-08-23T20:35:02Z
2026-08-23T20:28:12Z,2026-08-23T22:28:12+0200,1243fdd6-9494-4890-9bf2-14ad2f41f059,2026-07-26T09:00:00Z,2026-07-26T11:00:00+0200,1676.2825,MW,DK2,DK_2,actual_load,Actual Load,2026-08-23T20:35:02Z
2026-08-23T20:28:12Z,2026-08-23T22:28:12+0200,1243fdd6-9494-4890-9bf2-14ad2f41f059,2026-07-26T10:00:00Z,2026-07-26T12:00:00+0200,1704.725,MW,DK2,DK_2,actual_load,Actual Load,2026-08-23T20:35:02Z
2026-08-23T20:28:12Z,2026-08-23T22:28:12+0200,1243fdd6-9494-4890-9bf2-14ad2f41f059,2026-07-26T11:00:00Z,2026-07-26T13:00:00+0200,1742.3525,MW,DK2,DK_2,actual_load,Actual Load,2026-08-23T20:35:02Z
2026-08-23T20:28:12Z,2026-08-23T22:28:12+0200,1243fdd6-9494-4890-9bf2-14ad2f41f059,2026-07-26T12:00:00Z,2026-07-26T14:00:00+0200,1715.36,MW,DK2,DK_2,actual_load,Actual Load,2026-08-23T20:35:02Z
2026-08-23T20:28:12Z,2026-08-23T22:28:12+0200,1243fdd6-9494-4890-9bf2-14ad2f41f059,2026-07-26T13:00:00Z,2026-07-26T15:00:00+0200,1697.895,MW,DK2,DK_2,actual_load,Actual Load,2026-08-23T20:35:02Z
2026-08-23T20:28:12Z,2026-08-23T22:28:12+0200,1243fdd6-9494-4890-9bf2-14ad2f41f059,2026-07-26T14:00:00Z,2026-07-26T16:00:00+0200,1637.0175,MW,DK2,DK_2,actual_load,Actual Load,2026-08-23T20:35:02Z
2026-08-23T20:28:12Z,2026-08-23T22:28:12+0200,1243fdd6-9494-4890-9bf2-14ad2f41f059,2026-07-26T15:00:00Z,2026-07-26T17:00:00+0200,1588.295,MW,DK2,DK_2,actual_load,Actual Load,2026-08-23T20:35:02Z
2026-08-23T20:28:12Z,2026-08-23T22:28:12+0200,1243fdd6-9494-4890-9bf2-14ad2f41f059,2026-07-26T16:00:00Z,2026-07-26T18:00:00+0200,1604.3275,MW,DK2,DK_2,actual_load,Actual Load,2026-08-23T20:35:02Z
2026-08-23T20:28:12Z,2026-08-23T22:28:12+0200,1243fdd6-9494-4890-9bf2-14ad2f41f059,2026-07-26T17:00:00Z,2026-07-26T19:00:00+0200,1501.3375,MW,DK2,DK_2,actual_load,Actual Load,2026-08-23T20:35:02Z
2026-08-23T20:28:12Z,2026-08-23T22:28:12+0200,1243fdd6-9494-4890-9bf2-14ad2f41f059,2026-07-26T18:00:00Z,2026-07-26T20:00:00+0200,1459.0225,MW,DK2,DK_2,actual_load,Actual Load,2026-08-23T20:35:02Z
2026-08-23T20:28:12Z,2026-08-23T22:28:12+0200,1243fdd6-9494-4890-9bf2-14ad2f41f059,2026-07-26T19:00:00Z,2026-07-26T21:00:00+0200,1443.355,MW,DK2,DK_2,actual_load,Actual Load,2026-08-23T20:35:02Z
2026-08-23T20:28:12Z,2026-08-23T22:28:12+0200,1243fdd6-9494-4890-9bf2-14ad2f41f059,2026-07-26T20:00:00Z,2026-07-26T22:00:00+0200,1372.6,MW,DK2,DK_2,actual_load,Actual Load,2026-08-23T20:35:02Z
2026-08-23T20:28:12Z,2026-08-23T22:28:12+0200,1243fdd6-9494-4890-9bf2-14ad2f41f059,2026-07-26T21:00:00Z,2026-07-26T23:00:00+0200,1313.49,MW,DK2,DK_2,actual_load,Actual Load,2026-08-23T20:35:02Z
2026-08-23T20:28:12Z,2026-08-23T22:28:12+0200,1243fdd6-9494-4890-9bf2-14ad2f41f059,2026-07-26T22:00:00Z,2026-07-27T00:00:00+0200,1250.8375,MW,DK2,DK_2,actual_load,Actual Load,2026-08-23T20:35:02Z
2026-08-23T20:28:12Z,2026-08-23T22:28:12+0200,1243fdd6-9494-4890-9bf2-14ad2f41f059,2026-07-26T23:00:00Z,2026-07-27T01:00:00+0200,1187.5625,MW,DK2,DK_2,actual_load,Actual Load,2026-08-23T20:35:02Z
2026-08-23T20:28:12Z,2026-08-23T22:28:12+0200,1243fdd6-9494-4890-9bf2-14ad2f41f059,2026-07-27T00:00:00Z,2026-07-27T02:00:00+0200,1237.965,MW,DK2,DK_2,actual_load,Actual Load,2026-08-23T20:35:02Z
2026-08-23T20:28:12Z,2026-08-23T22:28:12+0200,1243fdd6-9494-4890-9bf2-14ad2f41f059,2026-07-27T01:00:00Z,2026-07-27T03:00:00+0200,1240.745,MW,DK2,DK_2,actual_load,Actual Load,2026-08-23T20:35:02Z
2026-08-23T20:28:12Z,2026-08-23T22:28:12+0200,1243fdd6-9494-4890-9bf2-14ad2f41f059,2026-07-27T02:00:00Z,2026-07-27T04:00:00+0200,1191.93,MW,DK2,DK_2,actual_load,Actual Load,2026-08-23T20:35:02Z
2026-08-23T20:28:12Z,2026-08-23T22:28:12+0200,1243fdd6-9494-4890-9bf2-14ad2f41f059,2026-07-27T03:00:00Z,2026-07-27T05:00:00+0200,1191.4225,MW,DK2,DK_2,actual_load,Actual Load,2026-08-23T20:35:02Z
2026-08-23T20:28:12Z,2026-08-23T22:28:12+0200,1243fdd6-9494-4890-9bf2-14ad2f41f059,2026-07-27T04:00:00Z,2026-07-27T06:00:00+0200,1280.2625,MW,DK2,DK_2,actual_load,Actual Load,2026-08-23T20:35:02Z
2026-08-23T20:28:12Z,2026-08-23T22:28:12+0200,1243fdd6-9494-4890-9bf2-14ad2f41f059,2026-07-27T05:00:00Z,2026-07-27T07:00:00+0200,1431.6075,MW,DK2,DK_2,actual_load,Actual Load,2026-08-23T20:35:02Z
2026-08-23T20:28:12Z,2026-08-23T22:28:12+0200,1243fdd6-9494-4890-9bf2-14ad2f41f059,2026-07-27T06:00:00Z,2026-07-27T08:00:00+0200,1650.4325,MW,DK2,DK_2,actual_load,Actual Load,2026-08-23T20:35:02Z
2026-08-23T20:28:12Z,2026-08-23T22:28:12+0200,1243fdd6-9494-4890-9bf2-14ad2f41f059,2026-07-27T07:00:00Z,2026-07-27T09:00:00+0200,1737.1425,MW,DK2,DK_2,actual_load,Actual Load,2026-08-23T20:35:02Z
2026-08-23T20:28:12Z,2026-08-23T22:28:12+0200,1243fdd6-9494-4890-9bf2-14ad2f41f059,2026-07-27T08:00:00Z,2026-07-27T10:00:00+0200,1834.7825,MW,DK2,DK_2,actual_load,Actual Load,2026-08-23T20:35:02Z
2026-08-23T20:28:12Z,2026-08-23T22:28:12+0200,1243fdd6-9494-4890-9bf2-14ad2f41f059,2026-07-27T09:00:00Z,2026-07-27T11:00:00+0200,1880.365,MW,DK2,DK_2,actual_load,Actual Load,2026-08-23T20:35:02Z
2026-08-23T20:28:12Z,2026-08-23T22:28:12+0200,1243fdd6-9494-4890-9bf2-14ad2f41f059,2026-07-27T10:00:00Z,2026-07-27T12:00:00+0200,1934.3275,MW,DK2,DK_2,actual_load,Actual Load,2026-08-23T20:35:02Z
2026-08-23T20:28:12Z,2026-08-23T22:28:12+0200,1243fdd6-9494-4890-9bf2-14ad2f41f059,2026-07-27T11:00:00Z,2026-07-27T13:00:00+0200,1960.11,MW,DK2,DK_2,actual_load,Actual Load,2026-08-23T20:35:02Z
2026-08-23T20:28:12Z,2026-08-23T22:28:12+0200,1243fdd6-9494-4890-9bf2-14ad2f41f059,2026-07-27T12:00:00Z,2026-07-27T14:00:00+0200,1919.785,MW,DK2,DK_2,actual_load,Actual Load,2026-08-23T20:35:02Z
2026-08-23T20:28:12Z,2026-08-23T22:28:12+0200,1243fdd6-9494-4890-9bf2-14ad2f41f059,2026-07-27T13:00:00Z,2026-07-27T15:00:00+0200,1886.42,MW,DK2,DK_2,actual_load,Actual Load,2026-08-23T20:35:02Z
2026-08-23T20:28:12Z,2026-08-23T22:28:12+0200,1243fdd6-9494-4890-9bf2-14ad2f41f059,2026-07-27T14:00:00Z,2026-07-27T16:00:00+0200,1830.9175,MW,DK2,DK_2,actual_load,Actual Load,2026-08-23T20:35:02Z
2026-08-23T20:28:12Z,2026-08-23T22:28:12+0200,1243fdd6-9494-4890-9bf2-14ad2f41f059,2026-07-27T15:00:00Z,2026-07-27T17:00:00+0200,1827.93,MW,DK2,DK_2,actual_load,Actual Load,2026-08-23T20:35:02Z
2026-08-23T20:28:12Z,2026-08-23T22:28:12+0200,1243fdd6-9494-4890-9bf2-14ad2f41f059,2026-07-27T16:00:00Z,2026-07-27T18:00:00+0200,1790.415,MW,DK2,DK_2,actual_load,Actual Load,2026-08-23T20:35:02Z
2026-08-23T20:28:12Z,2026-08-23T22:28:12+0200,1243fdd6-9494-4890-9bf2-14ad2f41f059,2026-07-27T17:00:00Z,2026-07-27T19:00:00+0200,1667.8475,MW,DK2,DK_2,actual_load,Actual Load,2026-08-23T20:35:02Z
2026-08-23T20:28:12Z,2026-08-23T22:28:12+0200,1243fdd6-9494-4890-9bf2-14ad2f41f059,2026-07-27T18:00:00Z,2026-07-27T20:00:00+0200,1547.4575,MW,DK2,DK_2,actual_load,Actual Load,2026-08-23T20:35:02Z
2026-08-23T20:28:12Z,2026-08-23T22:28:12+0200,1243fdd6-9494-4890-9bf2-14ad2f41f059,2026-07-27T19:00:00Z,2026-07-27T21:00:00+0200,1441.39,MW,DK2,DK_2,actual_load,Actual Load,2026-08-23T20:35:02Z
2026-08-23T20:28:12Z,2026-08-23T22:28:12+0200,1243fdd6-9494-4890-9bf2-14ad2f41f059,2026-07-27T20:00:00Z,2026-07-27T22:00:00+0200,1402.385,MW,DK2,DK_2,actual_load,Actual Load,2026-08-23T20:35:02Z
2026-08-23T20:28:12Z,2026-08-23T22:28:12+0200,1243fdd6-9494-4890-9bf2-14ad2f41f059,2026-07-27T21:00:00Z,2026-07-27T23:00:00+0200,1313.18,MW,DK2,DK_2,actual_load,Actual Load,2026-08-23T20:35:02Z
2026-08-23T20:28:12Z,2026-08-23T22:28:12+0200,1243fdd6-9494-4890-9bf2-14ad2f41f059,2026-07-27T22:00:00Z,2026-07-28T00:00:00+0200,1237.57,MW,DK2,DK_2,actual_load,Actual Load,2026-08-23T20:35:02Z
2026-08-23T20:28:12Z,2026-08-23T22:28:12+0200,1243fdd6-9494-4890-9bf2-14ad2f41f059,2026-07-27T23:00:00Z,2026-07-28T01:00:00+0200,1222.0,MW,DK2,DK_2,actual_load,Actual Load,2026-08-23T20:35:02Z
2026-08-23T20:28:12Z,2026-08-23T22:28:12+0200,1243fdd6-9494-4890-9bf2-14ad2f41f059,2026-07-28T00:00:00Z,2026-07-28T02:00:00+0200,1195.255,MW,DK2,DK_2,actual_load,Actual Load,2026-08-23T20:35:02Z
2026-08-23T20:28:12Z,2026-08-23T22:28:12+0200,1243fdd6-9494-4890-9bf2-14ad2f41f059,2026-07-28T01:00:00Z,2026-07-28T03:00:00+0200,1176.23,MW,DK2,DK_2,actual_load,Actual Load,2026-08-23T20:35:02Z
2026-08-23T20:28:12Z,2026-08-23T22:28:12+0200,1243fdd6-9494-4890-9bf2-14ad2f41f059,2026-07-28T02:00:00Z,2026-07-28T04:00:00+0200,1163.35,MW,DK2,DK_2,actual_load,Actual Load,2026-08-23T20:35:02Z
2026-08-23T20:28:12Z,2026-08-23T22:28:12+0200,1243fdd6-9494-4890-9bf2-14ad2f41f059,2026-07-28T03:00:00Z,2026-07-28T05:00:00+0200,1163.2325,MW,DK2,DK_2,actual_load,Actual Load,2026-08-23T20:35:02Z
2026-08-23T20:28:12Z,2026-08-23T22:28:12+0200,1243fdd6-9494-4890-9bf2-14ad2f41f059,2026-07-28T04:00:00Z,2026-07-28T06:00:00+0200,1265.5375,MW,DK2,DK_2,actual_load,Actual Load,2026-08-23T20:35:02Z
2026-08-23T20:28:12Z,2026-08-23T22:28:12+0200,1243fdd6-9494-4890-9bf2-14ad2f41f059,2026-07-28T05:00:00Z,2026-07-28T07:00:00+0200,1454.8725,MW,DK2,DK_2,actual_load,Actual Load,2026-08-23T20:35:02Z
2026-08-23T20:28:12Z,2026-08-23T22:28:12+0200,1243fdd6-9494-4890-9bf2-14ad2f41f059,2026-07-28T06:00:00Z,2026-07-28T08:00:00+0200,1583.8725,MW,DK2,DK_2,actual_load,Actual Load,2026-08-23T20:35:02Z
2026-08-23T20:28:12Z,2026-08-23T22:28:12+0200,1243fdd6-9494-4890-9bf2-14ad2f41f059,2026-07-28T07:00:00Z,2026-07-28T09:00:00+0200,1696.7625,MW,DK2,DK_2,actual_load,Actual Load,2026-08-23T20:35:02Z
2026-08-23T20:28:12Z,2026-08-23T22:28:12+0200,1243fdd6-9494-4890-9bf2-14ad2f41f059,2026-07-28T08:00:00Z,2026-07-28T10:00:00+0200,1791.395,MW,DK2,DK_2,actual_load,Actual Load,2026-08-23T20:35:02Z
2026-08-23T20:28:12Z,2026-08-23T22:28:12+0200,1243fdd6-9494-4890-9bf2-14ad2f41f059,2026-07-28T09:00:00Z,2026-07-28T11:00:00+0200,1894.85,MW,DK2,DK_2,actual_load,Actual Load,2026-08-23T20:35:02Z
2026-08-23T20:28:12Z,2026-08-23T22:28:12+0200,1243fdd6-9494-4890-9bf2-14ad2f41f059,2026-07-28T10:00:00Z,2026-07-28T12:00:00+0200,1859.795,MW,DK2,DK_2,actual_load,Actual Load,2026-08-23T20:35:02Z
2026-08-23T20:28:12Z,2026-08-23T22:28:12+0200,1243fdd6-9494-4890-9bf2-14ad2f41f059,2026-07-28T11:00:00Z,2026-07-28T13:00:00+0200,1881.775,MW,DK2,DK_2,actual_load,Actual Load,2026-08-23T20:35:02Z
2026-08-23T20:28:12Z,2026-08-23T22:28:12+0200,1243fdd6-9494-4890-9bf2-14ad2f41f059,2026-07-28T12:00:00Z,2026-07-28T14:00:00+0200,1947.1825,MW,DK2,DK_2,actual_load,Actual Load,2026-08-23T20:35:02Z
2026-08-23T20:28:12Z,2026-08-23T22:28:12+0200,1243fdd6-9494-4890-9bf2-14ad2f41f059,2026-07-28T13:00:00Z,2026-07-28T15:00:00+0200,1851.2825,MW,DK2,DK_2,actual_load,Actual Load,2026-08-23T20:35:02Z
2026-08-23T20:28:12Z,2026-08-23T22:28:12+0200,1243fdd6-9494-4890-9bf2-14ad2f41f059,2026-07-28T14:00:00Z,2026-07-28T16:00:00+0200,1829.675,MW,DK2,DK_2,actual_load,Actual Load,2026-08-23T20:35:02Z
2026-08-23T20:28:12Z,2026-08-23T22:28:12+0200,1243fdd6-9494-4890-9bf2-14ad2f41f059,2026-07-28T15:00:00Z,2026-07-28T17:00:00+0200,1774.0575,MW,DK2,DK_2,actual_load,Actual Load,2026-08-23T20:35:02Z
2026-08-23T20:28:12Z,2026-08-23T22:28:12+0200,1243fdd6-9494-4890-9bf2-14ad2f41f059,2026-07-28T16:00:00Z,2026-07-28T18:00:00+0200,1694.745,MW,DK2,DK_2,actual_load,Actual Load,2026-08-23T20:35:02Z
2026-08-23T20:28:12Z,2026-08-23T22:28:12+0200,1243fdd6-9494-4890-9bf2-14ad2f41f059,2026-07-28T17:00:00Z,2026-07-28T19:00:00+0200,1633.75,MW,DK2,DK_2,actual_load,Actual Load,2026-08-23T20:35:02Z
2026-08-23T20:28:12Z,2026-08-23T22:28:12+0200,1243fdd6-9494-4890-9bf2-14ad2f41f059,2026-07-28T18:00:00Z,2026-07-28T20:00:00+0200,1510.49,MW,DK2,DK_2,actual_load,Actual Load,2026-08-23T20:35:02Z
2026-08-23T20:28:12Z,2026-08-23T22:28:12+0200,1243fdd6-9494-4890-9bf2-14ad2f41f059,2026-07-28T19:00:00Z,2026-07-28T21:00:00+0200,1433.44,MW,DK2,DK_2,actual_load,Actual Load,2026-08-23T20:35:02Z
2026-08-23T20:28:12Z,2026-08-23T22:28:12+0200,1243fdd6-9494-4890-9bf2-14ad2f41f059,2026-07-28T20:00:00Z,2026-07-28T22:00:00+0200,1379.88,MW,DK2,DK_2,actual_load,Actual Load,2026-08-23T20:35:02Z
2026-08-23T20:28:12Z,2026-08-23T22:28:12+0200,1243fdd6-9494-4890-9bf2-14ad2f41f059,2026-07-28T21:00:00Z,2026-07-28T23:00:00+0200,1313.1225,MW,DK2,DK_2,actual_load,Actual Load,2026-08-23T20:35:02Z
2026-08-23T20:28:12Z,2026-08-23T22:28:12+0200,1243fdd6-9494-4890-9bf2-14ad2f41f059,2026-07-28T22:00:00Z,2026-07-29T00:00:00+0200,1291.675,MW,DK2,DK_2,actual_load,Actual Load,2026-08-23T20:35:02Z
2026-08-23T20:28:12Z,2026-08-23T22:28:12+0200,1243fdd6-9494-4890-9bf2-14ad2f41f059,2026-07-28T23:00:00Z,2026-07-29T01:00:00+0200,1261.135,MW,DK2,DK_2,actual_load,Actual Load,2026-08-23T20:35:02Z
2026-08-23T20:28:12Z,2026-08-23T22:28:12+0200,1243fdd6-9494-4890-9bf2-14ad2f41f059,2026-07-29T00:00:00Z,2026-07-29T02:00:00+0200,1237.0375,MW,DK2,DK_2,actual_load,Actual Load,2026-08-23T20:35:02Z
2026-08-23T20:28:12Z,2026-08-23T22:28:12+0200,1243fdd6-9494-4890-9bf2-14ad2f41f059,2026-07-29T01:00:00Z,2026-07-29T03:00:00+0200,1198.6275,MW,DK2,DK_2,actual_load,Actual Load,2026-08-23T20:35:02Z
2026-08-23T20:28:12Z,2026-08-23T22:28:12+0200,1243fdd6-9494-4890-9bf2-14ad2f41f059,2026-07-29T02:00:00Z,2026-07-29T04:00:00+0200,1163.755,MW,DK2,DK_2,actual_load,Actual Load,2026-08-23T20:35:02Z
2026-08-23T20:28:12Z,2026-08-23T22:28:12+0200,1243fdd6-9494-4890-9bf2-14ad2f41f059,2026-07-29T03:00:00Z,2026-07-29T05:00:00+0200,1166.28,MW,DK2,DK_2,actual_load,Actual Load,2026-08-23T20:35:02Z
2026-08-23T20:28:12Z,2026-08-23T22:28:12+0200,1243fdd6-9494-4890-9bf2-14ad2f41f059,2026-07-29T04:00:00Z,2026-07-29T06:00:00+0200,1289.16,MW,DK2,DK_2,actual_load,Actual Load,2026-08-23T20:35:02Z
2026-08-23T20:28:12Z,2026-08-23T22:28:12+0200,1243fdd6-9494-4890-9bf2-14ad2f41f059,2026-07-29T05:00:00Z,2026-07-29T07:00:00+0200,1475.0725,MW,DK2,DK_2,actual_load,Actual Load,2026-08-23T20:35:02Z
2026-08-23T20:28:12Z,2026-08-23T22:28:12+0200,1243fdd6-9494-4890-9bf2-14ad2f41f059,2026-07-29T06:00:00Z,2026-07-29T08:00:00+0200,1605.0725,MW,DK2,DK_2,actual_load,Actual Load,2026-08-23T20:35:02Z
2026-08-23T20:28:12Z,2026-08-23T22:28:12+0200,1243fdd6-9494-4890-9bf2-14ad2f41f059,2026-07-29T07:00:00Z,2026-07-29T09:00:00+0200,1742.7575,MW,DK2,DK_2,actual_load,Actual Load,2026-08-23T20:35:02Z
2026-08-23T20:28:12Z,2026-08-23T22:28:12+0200,1243fdd6-9494-4890-9bf2-14ad2f41f059,2026-07-29T08:00:00Z,2026-07-29T10:00:00+0200,1818.57,MW,DK2,DK_2,actual_load,Actual Load,2026-08-23T20:35:02Z
2026-08-23T20:28:12Z,2026-08-23T22:28:12+0200,1243fdd6-9494-4890-9bf2-14ad2f41f059,2026-07-29T09:00:00Z,2026-07-29T11:00:00+0200,1967.9625,MW,DK2,DK_2,actual_load,Actual Load,2026-08-23T20:35:02Z
2026-08-23T20:28:12Z,2026-08-23T22:28:12+0200,1243fdd6-9494-4890-9bf2-14ad2f41f059,2026-07-29T10:00:00Z,2026-07-29T12:00:00+0200,2027.1575,MW,DK2,DK_2,actual_load,Actual Load,2026-08-23T20:35:02Z
2026-08-23T20:28:12Z,2026-08-23T22:28:12+0200,1243fdd6-9494-4890-9bf2-14ad2f41f059,2026-07-29T11:00:00Z,2026-07-29T13:00:00+0200,2010.945,MW,DK2,DK_2,actual_load,Actual Load,2026-08-23T20:35:02Z
2026-08-23T20:28:12Z,2026-08-23T22:28:12+0200,1243fdd6-9494-4890-9bf2-14ad2f41f059,2026-07-29T12:00:00Z,2026-07-29T14:00:00+0200,1976.86,MW,DK2,DK_2,actual_load,Actual Load,2026-08-23T20:35:02Z
2026-08-23T20:28:12Z,2026-08-23T22:28:12+0200,1243fdd6-9494-4890-9bf2-14ad2f41f059,2026-07-29T13:00:00Z,2026-07-29T15:00:00+0200,1913.275,MW,DK2,DK_2,actual_load,Actual Load,2026-08-23T20:35:02Z
2026-08-23T20:28:12Z,2026-08-23T22:28:12+0200,1243fdd6-9494-4890-9bf2-14ad2f41f059,2026-07-29T14:00:00Z,2026-07-29T16:00:00+0200,1842.8175,MW,DK2,DK_2,actual_load,Actual Load,2026-08-23T20:35:02Z
2026-08-23T20:28:12Z,2026-08-23T22:28:12+0200,1243fdd6-9494-4890-9bf2-14ad2f41f059,2026-07-29T15:00:00Z,2026-07-29T17:00:00+0200,1803.8025,MW,DK2,DK_2,actual_load,Actual Load,2026-08-23T20:35:02Z
2026-08-23T20:28:12Z,2026-08-23T22:28:12+0200,1243fdd6-9494-4890-9bf2-14ad2f41f059,2026-07-29T16:00:00Z,2026-07-29T18:00:00+0200,1749.4925,MW,DK2,DK_2,actual_load,Actual Load,2026-08-23T20:35:02Z
2026-08-23T20:28:12Z,2026-08-23T22:28:12+0200,1243fdd6-9494-4890-9bf2-14ad2f41f059,2026-07-29T17:00:00Z,2026-07-29T19:00:00+0200,1626.855,MW,DK2,DK_2,actual_load,Actual Load,2026-08-23T20:35:02Z
2026-08-23T20:28:12Z,2026-08-23T22:28:12+0200,1243fdd6-9494-4890-9bf2-14ad2f41f059,2026-07-29T18:00:00Z,2026-07-29T20:00:00+0200,1518.325,MW,DK2,DK_2,actual_load,Actual Load,2026-08-23T20:35:02Z
2026-08-23T20:28:12Z,2026-08-23T22:28:12+0200,1243fdd6-9494-4890-9bf2-14ad2f41f059,2026-07-29T19:00:00Z,2026-07-29T21:00:00+0200,1491.7875,MW,DK2,DK_2,actual_load,Actual Load,2026-08-23T20:35:02Z
2026-08-23T20:28:12Z,2026-08-23T22:28:12+0200,1243fdd6-9494-4890-9bf2-14ad2f41f059,2026-07-29T20:00:00Z,2026-07-29T22:00:00+0200,1507.305,MW,DK2,DK_2,actual_load,Actual Load,2026-08-23T20:35:02Z
2026-08-23T20:28:12Z,2026-08-23T22:28:12+0200,1243fdd6-9494-4890-9bf2-14ad2f41f059,2026-07-29T21:00:00Z,2026-07-29T23:00:00+0200,1397.4775,MW,DK2,DK_2,actual_load,Actual Load,2026-08-23T20:35:02Z
2026-08-23T20:28:12Z,2026-08-23T22:28:12+0200,1243fdd6-9494-4890-9bf2-14ad2f41f059,2026-07-29T22:00:00Z,2026-07-30T00:00:00+0200,1346.75,MW,DK2,DK_2,actual_load,Actual Load,2026-08-23T20:35:02Z
2026-08-23T20:28:12Z,2026-08-23T22:28:12+0200,1243fdd6-9494-4890-9bf2-14ad2f41f059,2026-07-29T23:00:00Z,2026-07-30T01:00:00+0200,1302.565,MW,DK2,DK_2,actual_load,Actual Load,2026-08-23T20:35:02Z
2026-08-23T20:28:12Z,2026-08-23T22:28:12+0200,1243fdd6-9494-4890-9bf2-14ad2f41f059,2026-07-30T00:00:00Z,2026-07-30T02:00:00+0200,1257.2725,MW,DK2,DK_2,actual_load,Actual Load,2026-08-23T20:35:02Z
2026-08-23T20:28:12Z,2026-08-23T22:28:12+0200,1243fdd6-9494-4890-9bf2-14ad2f41f059,2026-07-30T01:00:00Z,2026-07-30T03:00:00+0200,1242.6025,MW,DK2,DK_2,actual_load,Actual Load,2026-08-23T20:35:02Z
2026-08-23T20:28:12Z,2026-08-23T22:28:12+0200,1243fdd6-9494-4890-9bf2-14ad2f41f059,2026-07-30T02:00:00Z,2026-07-30T04:00:00+0200,1210.3125,MW,DK2,DK_2,actual_load,Actual Load,2026-08-23T20:35:02Z
2026-08-23T20:28:12Z,2026-08-23T22:28:12+0200,1243fdd6-9494-4890-9bf2-14ad2f41f059,2026-07-30T03:00:00Z,2026-07-30T05:00:00+0200,1195.2125,MW,DK2,DK_2,actual_load,Actual Load,2026-08-23T20:35:02Z
2026-08-23T20:28:12Z,2026-08-23T22:28:12+0200,1243fdd6-9494-4890-9bf2-14ad2f41f059,2026-07-30T04:00:00Z,2026-07-30T06:00:00+0200,1281.1125,MW,DK2,DK_2,actual_load,Actual Load,2026-08-23T20:35:02Z
2026-08-23T20:28:12Z,2026-08-23T22:28:12+0200,1243fdd6-9494-4890-9bf2-14ad2f41f059,2026-07-30T05:00:00Z,2026-07-30T07:00:00+0200,1465.365,MW,DK2,DK_2,actual_load,Actual Load,2026-08-23T20:35:02Z
2026-08-23T20:28:12Z,2026-08-23T22:28:12+0200,1243fdd6-9494-4890-9bf2-14ad2f41f059,2026-07-30T06:00:00Z,2026-07-30T08:00:00+0200,1671.6675,MW,DK2,DK_2,actual_load,Actual Load,2026-08-23T20:35:02Z
2026-08-23T20:28:12Z,2026-08-23T22:28:12+0200,1243fdd6-9494-4890-9bf2-14ad2f41f059,2026-07-30T07:00:00Z,2026-07-30T09:00:00+0200,1779.47,MW,DK2,DK_2,actual_load,Actual Load,2026-08-23T20:35:02Z
2026-08-23T20:28:12Z,2026-08-23T22:28:12+0200,1243fdd6-9494-4890-9bf2-14ad2f41f059,2026-07-30T08:00:00Z,2026-07-30T10:00:00+0200,1882.3725,MW,DK2,DK_2,actual_load,Actual Load,2026-08-23T20:35:02Z
2026-08-23T20:28:12Z,2026-08-23T22:28:12+0200,1243fdd6-9494-4890-9bf2-14ad2f41f059,2026-07-30T09:00:00Z,2026-07-30T11:00:00+0200,2019.48,MW,DK2,DK_2,actual_load,Actual Load,2026-08-23T20:35:02Z
2026-08-23T20:28:12Z,2026-08-23T22:28:12+0200,1243fdd6-9494-4890-9bf2-14ad2f41f059,2026-07-30T10:00:00Z,2026-07-30T12:00:00+0200,2054.81,MW,DK2,DK_2,actual_load,Actual Load,2026-08-23T20:35:02Z
2026-08-23T20:28:12Z,2026-08-23T22:28:12+0200,1243fdd6-9494-4890-9bf2-14ad2f41f059,2026-07-30T11:00:00Z,2026-07-30T13:00:00+0200,2043.7025,MW,DK2,DK_2,actual_load,Actual Load,2026-08-23T20:35:02Z
2026-08-23T20:28:12Z,2026-08-23T22:28:12+0200,1243fdd6-9494-4890-9bf2-14ad2f41f059,2026-07-30T12:00:00Z,2026-07-30T14:00:00+0200,2027.2375,MW,DK2,DK_2,actual_load,Actual Load,2026-08-23T20:35:02Z
2026-08-23T20:28:12Z,2026-08-23T22:28:12+0200,1243fdd6-9494-4890-9bf2-14ad2f41f059,2026-07-30T13:00:00Z,2026-07-30T15:00:00+0200,1921.0075,MW,DK2,DK_2,actual_load,Actual Load,2026-08-23T20:35:02Z
2026-08-23T20:28:12Z,2026-08-23T22:28:12+0200,1243fdd6-9494-4890-9bf2-14ad2f41f059,2026-07-30T14:00:00Z,2026-07-30T16:00:00+0200,1826.0525,MW,DK2,DK_2,actual_load,Actual Load,2026-08-23T20:35:02Z
2026-08-23T20:28:12Z,2026-08-23T22:28:12+0200,1243fdd6-9494-4890-9bf2-14ad2f41f059,2026-07-30T15:00:00Z,2026-07-30T17:00:00+0200,1829.36,MW,DK2,DK_2,actual_load,Actual Load,2026-08-23T20:35:02Z
2026-08-23T20:28:12Z,2026-08-23T22:28:12+0200,1243fdd6-9494-4890-9bf2-14ad2f41f059,2026-07-30T16:00:00Z,2026-07-30T18:00:00+0200,1803.5325,MW,DK2,DK_2,actual_load,Actual Load,2026-08-23T20:35:02Z
2026-08-23T20:28:12Z,2026-08-23T22:28:12+0200,1243fdd6-9494-4890-9bf2-14ad2f41f059,2026-07-30T17:00:00Z,2026-07-30T19:00:00+0200,1794.575,MW,DK2,DK_2,actual_load,Actual Load,2026-08-23T20:35:02Z
2026-08-23T20:28:12Z,2026-08-23T22:28:12+0200,1243fdd6-9494-4890-9bf2-14ad2f41f059,2026-07-30T18:00:00Z,2026-07-30T20:00:00+0200,1700.0125,MW,DK2,DK_2,actual_load,Actual Load,2026-08-23T20:35:02Z
2026-08-23T20:28:12Z,2026-08-23T22:28:12+0200,1243fdd6-9494-4890-9bf2-14ad2f41f059,2026-07-30T19:00:00Z,2026-07-30T21:00:00+0200,1459.185,MW,DK2,DK_2,actual_load,Actual Load,2026-08-23T20:35:02Z
2026-08-23T20:28:12Z,2026-08-23T22:28:12+0200,1243fdd6-9494-4890-9bf2-14ad2f41f059,2026-07-30T20:00:00Z,2026-07-30T22:00:00+0200,1491.405,MW,DK2,DK_2,actual_load,Actual Load,2026-08-23T20:35:02Z
2026-08-23T20:28:12Z,2026-08-23T22:28:12+0200,1243fdd6-9494-4890-9bf2-14ad2f41f059,2026-07-30T21:00:00Z,2026-07-30T23:00:00+0200,1415.5325,MW,DK2,DK_2,actual_load,Actual Load,2026-08-23T20:35:02Z
2026-08-23T20:28:12Z,2026-08-23T22:28:12+0200,1243fdd6-9494-4890-9bf2-14ad2f41f059,2026-07-30T22:00:00Z,2026-07-31T00:00:00+0200,1432.555,MW,DK2,DK_2,actual_load,Actual Load,2026-08-23T20:35:02Z
2026-08-23T20:28:12Z,2026-08-23T22:28:12+0200,1243fdd6-9494-4890-9bf2-14ad2f41f059,2026-07-30T23:00:00Z,2026-07-31T01:00:00+0200,1355.4425,MW,DK2,DK_2,actual_load,Actual Load,2026-08-23T20:35:02Z
2026-08-23T20:28:12Z,2026-08-23T22:28:12+0200,1243fdd6-9494-4890-9bf2-14ad2f41f059,2026-07-31T00:00:00Z,2026-07-31T02:00:00+0200,1310.685,MW,DK2,DK_2,actual_load,Actual Load,2026-08-23T20:35:02Z
2026-08-23T20:28:12Z,2026-08-23T22:28:12+0200,1243fdd6-9494-4890-9bf2-14ad2f41f059,2026-07-31T01:00:00Z,2026-07-31T03:00:00+0200,1242.88,MW,DK2,DK_2,actual_load,Actual Load,2026-08-23T20:35:02Z
2026-08-23T20:28:12Z,2026-08-23T22:28:12+0200,1243fdd6-9494-4890-9bf2-14ad2f41f059,2026-07-31T02:00:00Z,2026-07-31T04:00:00+0200,1226.36,MW,DK2,DK_2,actual_load,Actual Load,2026-08-23T20:35:02Z
2026-08-23T20:28:12Z,2026-08-23T22:28:12+0200,1243fdd6-9494-4890-9bf2-14ad2f41f059,2026-07-31T03:00:00Z,2026-07-31T05:00:00+0200,1229.3575,MW,DK2,DK_2,actual_load,Actual Load,2026-08-23T20:35:02Z
2026-08-23T20:28:12Z,2026-08-23T22:28:12+0200,1243fdd6-9494-4890-9bf2-14ad2f41f059,2026-07-31T04:00:00Z,2026-07-31T06:00:00+0200,1361.185,MW,DK2,DK_2,actual_load,Actual Load,2026-08-23T20:35:02Z
2026-08-23T20:28:12Z,2026-08-23T22:28:12+0200,1243fdd6-9494-4890-9bf2-14ad2f41f059,2026-07-31T05:00:00Z,2026-07-31T07:00:00+0200,1517.75,MW,DK2,DK_2,actual_load,Actual Load,2026-08-23T20:35:02Z
2026-08-23T20:28:12Z,2026-08-23T22:28:12+0200,1243fdd6-9494-4890-9bf2-14ad2f41f059,2026-07-31T06:00:00Z,2026-07-31T08:00:00+0200,1655.2825,MW,DK2,DK_2,actual_load,Actual Load,2026-08-23T20:35:02Z
2026-08-23T20:28:12Z,2026-08-23T22:28:12+0200,1243fdd6-9494-4890-9bf2-14ad2f41f059,2026-07-31T07:00:00Z,2026-07-31T09:00:00+0200,1793.71,MW,DK2,DK_2,actual_load,Actual Load,2026-08-23T20:35:02Z
2026-08-23T20:28:12Z,2026-08-23T22:28:12+0200,1243fdd6-9494-4890-9bf2-14ad2f41f059,2026-07-31T08:00:00Z,2026-07-31T10:00:00+0200,1861.9375,MW,DK2,DK_2,actual_load,Actual Load,2026-08-23T20:35:02Z
2026-08-23T20:28:12Z,2026-08-23T22:28:12+0200,1243fdd6-9494-4890-9bf2-14ad2f41f059,2026-07-31T09:00:00Z,2026-07-31T11:00:00+0200,1887.1175,MW,DK2,DK_2,actual_load,Actual Load,2026-08-23T20:35:02Z
2026-08-23T20:28:12Z,2026-08-23T22:28:12+0200,1243fdd6-9494-4890-9bf2-14ad2f41f059,2026-07-31T10:00:00Z,2026-07-31T12:00:00+0200,1914.235,MW,DK2,DK_2,actual_load,Actual Load,2026-08-23T20:35:02Z
2026-08-23T20:28:12Z,2026-08-23T22:28:12+0200,1243fdd6-9494-4890-9bf2-14ad2f41f059,2026-07-31T11:00:00Z,2026-07-31T13:00:00+0200,1936.4025,MW,DK2,DK_2,actual_load,Actual Load,2026-08-23T20:35:02Z
2026-08-23T20:28:12Z,2026-08-23T22:28:12+0200,1243fdd6-9494-4890-9bf2-14ad2f41f059,2026-07-31T12:00:00Z,2026-07-31T14:00:00+0200,1843.4975,MW,DK2,DK_2,actual_load,Actual Load,2026-08-23T20:35:02Z
2026-08-23T20:28:12Z,2026-08-23T22:28:12+0200,1243fdd6-9494-4890-9bf2-14ad2f41f059,2026-07-31T13:00:00Z,2026-07-31T15:00:00+0200,1722.79,MW,DK2,DK_2,actual_load,Actual Load,2026-08-23T20:35:02Z
2026-08-23T20:28:12Z,2026-08-23T22:28:12+0200,1243fdd6-9494-4890-9bf2-14ad2f41f059,2026-07-31T14:00:00Z,2026-07-31T16:00:00+0200,1687.5075,MW,DK2,DK_2,actual_load,Actual Load,2026-08-23T20:35:02Z
2026-08-23T20:28:12Z,2026-08-23T22:28:12+0200,1243fdd6-9494-4890-9bf2-14ad2f41f059,2026-07-31T15:00:00Z,2026-07-31T17:00:00+0200,1683.44,MW,DK2,DK_2,actual_load,Actual Load,2026-08-23T20:35:02Z
2026-08-23T20:28:12Z,2026-08-23T22:28:12+0200,1243fdd6-9494-4890-9bf2-14ad2f41f059,2026-07-31T16:00:00Z,2026-07-31T18:00:00+0200,1692.0775,MW,DK2,DK_2,actual_load,Actual Load,2026-08-23T20:35:02Z
2026-08-23T20:28:12Z,2026-08-23T22:28:12+0200,1243fdd6-9494-4890-9bf2-14ad2f41f059,2026-07-31T17:00:00Z,2026-07-31T19:00:00+0200,1564.975,MW,DK2,DK_2,actual_load,Actual Load,2026-08-23T20:35:02Z
2026-08-23T20:28:12Z,2026-08-23T22:28:12+0200,1243fdd6-9494-4890-9bf2-14ad2f41f059,2026-07-31T18:00:00Z,2026-07-31T20:00:00+0200,1477.89,MW,DK2,DK_2,actual_load,Actual Load,2026-08-23T20:35:02Z
2026-08-23T20:28:12Z,2026-08-23T22:28:12+0200,1243fdd6-9494-4890-9bf2-14ad2f41f059,2026-07-31T19:00:00Z,2026-07-31T21:00:00+0200,1443.965,MW,DK2,DK_2,actual_load,Actual Load,2026-08-23T20:35:02Z
2026-08-23T20:28:12Z,2026-08-23T22:28:12+0200,1243fdd6-9494-4890-9bf2-14ad2f41f059,2026-07-31T20:00:00Z,2026-07-31T22:00:00+0200,1367.365,MW,DK2,DK_2,actual_load,Actual Load,2026-08-23T20:35:02Z
2026-08-23T20:28:12Z,2026-08-23T22:28:12+0200,1243fdd6-9494-4890-9bf2-14ad2f41f059,2026-07-31T21:00:00Z,2026-07-31T23:00:00+0200,1306.3025,MW,DK2,DK_2,actual_load,Actual Load,2026-08-23T20:35:02Z
2026-08-23T20:28:12Z,2026-08-23T22:28:12+0200,1243fdd6-9494-4890-9bf2-14ad2f41f059,2026-07-31T22:00:00Z,2026-08-01T00:00:00+0200,1208.0925,MW,DK2,DK_2,actual_load,Actual Load,2026-08-23T20:35:02Z
2026-08-23T20:28:12Z,2026-08-23T22:28:12+0200,1243fdd6-9494-4890-9bf2-14ad2f41f059,2026-07-31T23:00:00Z,2026-08-01T01:00:00+0200,1205.545,MW,DK2,DK_2,actual_load,Actual Load,2026-08-23T20:35:02Z
2026-08-23T20:28:12Z,2026-08-23T22:28:12+0200,1243fdd6-9494-4890-9bf2-14ad2f41f059,2026-08-01T00:00:00Z,2026-08-01T02:00:00+0200,1173.385,MW,DK2,DK_2,actual_load,Actual Load,2026-08-23T20:35:02Z
2026-08-23T20:28:12Z,2026-08-23T22:28:12+0200,1243fdd6-9494-4890-9bf2-14ad2f41f059,2026-08-01T01:00:00Z,2026-08-01T03:00:00+0200,1131.4525,MW,DK2,DK_2,actual_load,Actual Load,2026-08-23T20:35:02Z
2026-08-23T20:28:12Z,2026-08-23T22:28:12+0200,1243fdd6-9494-4890-9bf2-14ad2f41f059,2026-08-01T02:00:00Z,2026-08-01T04:00:00+0200,1104.935,MW,DK2,DK_2,actual_load,Actual Load,2026-08-23T20:35:02Z
2026-08-23T20:28:12Z,2026-08-23T22:28:12+0200,1243fdd6-9494-4890-9bf2-14ad2f41f059,2026-08-01T03:00:00Z,2026-08-01T05:00:00+0200,1067.1125,MW,DK2,DK_2,actual_load,Actual Load,2026-08-23T20:35:02Z
2026-08-23T20:28:12Z,2026-08-23T22:28:12+0200,1243fdd6-9494-4890-9bf2-14ad2f41f059,2026-08-01T04:00:00Z,2026-08-01T06:00:00+0200,1095.9775,MW,DK2,DK_2,actual_load,Actual Load,2026-08-23T20:35:02Z
2026-08-23T20:28:12Z,2026-08-23T22:28:12+0200,1243fdd6-9494-4890-9bf2-14ad2f41f059,2026-08-01T05:00:00Z,2026-08-01T07:00:00+0200,1212.285,MW,DK2,DK_2,actual_load,Actual Load,2026-08-23T20:35:02Z
2026-08-23T20:28:12Z,2026-08-23T22:28:12+0200,1243fdd6-9494-4890-9bf2-14ad2f41f059,2026-08-01T06:00:00Z,2026-08-01T08:00:00+0200,1313.7825,MW,DK2,DK_2,actual_load,Actual Load,2026-08-23T20:35:02Z
2026-08-23T20:28:12Z,2026-08-23T22:28:12+0200,1243fdd6-9494-4890-9bf2-14ad2f41f059,2026-08-01T07:00:00Z,2026-08-01T09:00:00+0200,1454.8375,MW,DK2,DK_2,actual_load,Actual Load,2026-08-23T20:35:02Z
2026-08-23T20:28:12Z,2026-08-23T22:28:12+0200,1243fdd6-9494-4890-9bf2-14ad2f41f059,2026-08-01T08:00:00Z,2026-08-01T10:00:00+0200,1507.7075,MW,DK2,DK_2,actual_load,Actual Load,2026-08-23T20:35:02Z
2026-08-23T20:28:12Z,2026-08-23T22:28:12+0200,1243fdd6-9494-4890-9bf2-14ad2f41f059,2026-08-01T09:00:00Z,2026-08-01T11:00:00+0200,1641.885,MW,DK2,DK_2,actual_load,Actual Load,2026-08-23T20:35:02Z
2026-08-23T20:28:12Z,2026-08-23T22:28:12+0200,1243fdd6-9494-4890-9bf2-14ad2f41f059,2026-08-01T10:00:00Z,2026-08-01T12:00:00+0200,1759.46,MW,DK2,DK_2,actual_load,Actual Load,2026-08-23T20:35:02Z
2026-08-23T20:28:12Z,2026-08-23T22:28:12+0200,1243fdd6-9494-4890-9bf2-14ad2f41f059,2026-08-01T11:00:00Z,2026-08-01T13:00:00+0200,1871.155,MW,DK2,DK_2,actual_load,Actual Load,2026-08-23T20:35:02Z
2026-08-23T20:28:12Z,2026-08-23T22:28:12+0200,1243fdd6-9494-4890-9bf2-14ad2f41f059,2026-08-01T12:00:00Z,2026-08-01T14:00:00+0200,1859.4825,MW,DK2,DK_2,actual_load,Actual Load,2026-08-23T20:35:02Z
2026-08-23T20:28:12Z,2026-08-23T22:28:12+0200,1243fdd6-9494-4890-9bf2-14ad2f41f059,2026-08-01T13:00:00Z,2026-08-01T15:00:00+0200,1755.065,MW,DK2,DK_2,actual_load,Actual Load,2026-08-23T20:35:02Z
2026-08-23T20:28:12Z,2026-08-23T22:28:12+0200,1243fdd6-9494-4890-9bf2-14ad2f41f059,2026-08-01T14:00:00Z,2026-08-01T16:00:00+0200,1599.4025,MW,DK2,DK_2,actual_load,Actual Load,2026-08-23T20:35:02Z
2026-08-23T20:28:12Z,2026-08-23T22:28:12+0200,1243fdd6-9494-4890-9bf2-14ad2f41f059,2026-08-01T15:00:00Z,2026-08-01T17:00:00+0200,1563.97,MW,DK2,DK_2,actual_load,Actual Load,2026-08-23T20:35:02Z
2026-08-23T20:28:12Z,2026-08-23T22:28:12+0200,1243fdd6-9494-4890-9bf2-14ad2f41f059,2026-08-01T16:00:00Z,2026-08-01T18:00:00+0200,1509.3225,MW,DK2,DK_2,actual_load,Actual Load,2026-08-23T20:35:02Z
2026-08-23T20:28:12Z,2026-08-23T22:28:12+0200,1243fdd6-9494-4890-9bf2-14ad2f41f059,2026-08-01T17:00:00Z,2026-08-01T19:00:00+0200,1428.255,MW,DK2,DK_2,actual_load,Actual Load,2026-08-23T20:35:02Z
2026-08-23T20:28:12Z,2026-08-23T22:28:12+0200,1243fdd6-9494-4890-9bf2-14ad2f41f059,2026-08-01T18:00:00Z,2026-08-01T20:00:00+0200,1367.29,MW,DK2,DK_2,actual_load,Actual Load,2026-08-23T20:35:02Z
2026-08-23T20:28:12Z,2026-08-23T22:28:12+0200,1243fdd6-9494-4890-9bf2-14ad2f41f059,2026-08-01T19:00:00Z,2026-08-01T21:00:00+0200,1344.6375,MW,DK2,DK_2,actual_load,Actual Load,2026-08-23T20:35:02Z
2026-08-23T20:28:12Z,2026-08-23T22:28:12+0200,1243fdd6-9494-4890-9bf2-14ad2f41f059,2026-08-01T20:00:00Z,2026-08-01T22:00:00+0200,1333.135,MW,DK2,DK_2,actual_load,Actual Load,2026-08-23T20:35:02Z
2026-08-23T20:28:12Z,2026-08-23T22:28:12+0200,1243fdd6-9494-4890-9bf2-14ad2f41f059,2026-08-01T21:00:00Z,2026-08-01T23:00:00+0200,1245.57,MW,DK2,DK_2,actual_load,Actual Load,2026-08-23T20:35:02Z
2026-08-23T20:28:12Z,2026-08-23T22:28:12+0200,1243fdd6-9494-4890-9bf2-14ad2f41f059,2026-08-01T22:00:00Z,2026-08-02T00:00:00+0200,1189.445,MW,DK2,DK_2,actual_load,Actual Load,2026-08-23T20:35:02Z
2026-08-23T20:28:12Z,2026-08-23T22:28:12+0200,1243fdd6-9494-4890-9bf2-14ad2f41f059,2026-08-01T23:00:00Z,2026-08-02T01:00:00+0200,1131.905,MW,DK2,DK_2,actual_load,Actual Load,2026-08-23T20:35:02Z
2026-08-23T20:28:12Z,2026-08-23T22:28:12+0200,1243fdd6-9494-4890-9bf2-14ad2f41f059,2026-08-02T00:00:00Z,2026-08-02T02:00:00+0200,1118.5975,MW,DK2,DK_2,actual_load,Actual Load,2026-08-23T20:35:02Z
2026-08-23T20:28:12Z,2026-08-23T22:28:12+0200,1243fdd6-9494-4890-9bf2-14ad2f41f059,2026-08-02T01:00:00Z,2026-08-02T03:00:00+0200,1086.125,MW,DK2,DK_2,actual_load,Actual Load,2026-08-23T20:35:02Z
2026-08-23T20:28:12Z,2026-08-23T22:28:12+0200,1243fdd6-9494-4890-9bf2-14ad2f41f059,2026-08-02T02:00:00Z,2026-08-02T04:00:00+0200,1072.3725,MW,DK2,DK_2,actual_load,Actual Load,2026-08-23T20:35:02Z
2026-08-23T20:28:12Z,2026-08-23T22:28:12+0200,1243fdd6-9494-4890-9bf2-14ad2f41f059,2026-08-02T03:00:00Z,2026-08-02T05:00:00+0200,1033.065,MW,DK2,DK_2,actual_load,Actual Load,2026-08-23T20:35:02Z
2026-08-23T20:28:12Z,2026-08-23T22:28:12+0200,1243fdd6-9494-4890-9bf2-14ad2f41f059,2026-08-02T04:00:00Z,2026-08-02T06:00:00+0200,1060.6775,MW,DK2,DK_2,actual_load,Actual Load,2026-08-23T20:35:02Z
2026-08-23T20:28:12Z,2026-08-23T22:28:12+0200,1243fdd6-9494-4890-9bf2-14ad2f41f059,2026-08-02T05:00:00Z,2026-08-02T07:00:00+0200,1125.7075,MW,DK2,DK_2,actual_load,Actual Load,2026-08-23T20:35:02Z
2026-08-23T20:28:12Z,2026-08-23T22:28:12+0200,1243fdd6-9494-4890-9bf2-14ad2f41f059,2026-08-02T06:00:00Z,2026-08-02T08:00:00+0200,1278.635,MW,DK2,DK_2,actual_load,Actual Load,2026-08-23T20:35:02Z
2026-08-23T20:28:12Z,2026-08-23T22:28:12+0200,1243fdd6-9494-4890-9bf2-14ad2f41f059,2026-08-02T07:00:00Z,2026-08-02T09:00:00+0200,1467.94,MW,DK2,DK_2,actual_load,Actual Load,2026-08-23T20:35:02Z
2026-08-23T20:28:12Z,2026-08-23T22:28:12+0200,1243fdd6-9494-4890-9bf2-14ad2f41f059,2026-08-02T08:00:00Z,2026-08-02T10:00:00+0200,1744.625,MW,DK2,DK_2,actual_load,Actual Load,2026-08-23T20:35:02Z
2026-08-23T20:28:12Z,2026-08-23T22:28:12+0200,1243fdd6-9494-4890-9bf2-14ad2f41f059,2026-08-02T09:00:00Z,2026-08-02T11:00:00+0200,1802.6275,MW,DK2,DK_2,actual_load,Actual Load,2026-08-23T20:35:02Z
2026-08-23T20:28:12Z,2026-08-23T22:28:12+0200,1243fdd6-9494-4890-9bf2-14ad2f41f059,2026-08-02T10:00:00Z,2026-08-02T12:00:00+0200,1841.0925,MW,DK2,DK_2,actual_load,Actual Load,2026-08-23T20:35:02Z
2026-08-23T20:28:12Z,2026-08-23T22:28:12+0200,1243fdd6-9494-4890-9bf2-14ad2f41f059,2026-08-02T11:00:00Z,2026-08-02T13:00:00+0200,1793.4025,MW,DK2,DK_2,actual_load,Actual Load,2026-08-23T20:35:02Z
2026-08-23T20:28:12Z,2026-08-23T22:28:12+0200,1243fdd6-9494-4890-9bf2-14ad2f41f059,2026-08-02T12:00:00Z,2026-08-02T14:00:00+0200,1843.345,MW,DK2,DK_2,actual_load,Actual Load,2026-08-23T20:35:02Z
2026-08-23T20:28:12Z,2026-08-23T22:28:12+0200,1243fdd6-9494-4890-9bf2-14ad2f41f059,2026-08-02T13:00:00Z,2026-08-02T15:00:00+0200,1744.9425,MW,DK2,DK_2,actual_load,Actual Load,2026-08-23T20:35:02Z
2026-08-23T20:28:12Z,2026-08-23T22:28:12+0200,1243fdd6-9494-4890-9bf2-14ad2f41f059,2026-08-02T14:00:00Z,2026-08-02T16:00:00+0200,1695.21,MW,DK2,DK_2,actual_load,Actual Load,2026-08-23T20:35:02Z
2026-08-23T20:28:12Z,2026-08-23T22:28:12+0200,1243fdd6-9494-4890-9bf2-14ad2f41f059,2026-08-02T15:00:00Z,2026-08-02T17:00:00+0200,1646.6475,MW,DK2,DK_2,actual_load,Actual Load,2026-08-23T20:35:02Z
2026-08-23T20:28:12Z,2026-08-23T22:28:12+0200,1243fdd6-9494-4890-9bf2-14ad2f41f059,2026-08-02T16:00:00Z,2026-08-02T18:00:00+0200,1570.1375,MW,DK2,DK_2,actual_load,Actual Load,2026-08-23T20:35:02Z
2026-08-23T20:28:12Z,2026-08-23T22:28:12+0200,1243fdd6-9494-4890-9bf2-14ad2f41f059,2026-08-02T17:00:00Z,2026-08-02T19:00:00+0200,1524.34,MW,DK2,DK_2,actual_load,Actual Load,2026-08-23T20:35:02Z
2026-08-23T20:28:12Z,2026-08-23T22:28:12+0200,1243fdd6-9494-4890-9bf2-14ad2f41f059,2026-08-02T18:00:00Z,2026-08-02T20:00:00+0200,1501.3375,MW,DK2,DK_2,actual_load,Actual Load,2026-08-23T20:35:02Z
2026-08-23T20:28:12Z,2026-08-23T22:28:12+0200,1243fdd6-9494-4890-9bf2-14ad2f41f059,2026-08-02T19:00:00Z,2026-08-02T21:00:00+0200,1456.6625,MW,DK2,DK_2,actual_load,Actual Load,2026-08-23T20:35:02Z
2026-08-23T20:28:12Z,2026-08-23T22:28:12+0200,1243fdd6-9494-4890-9bf2-14ad2f41f059,2026-08-02T20:00:00Z,2026-08-02T22:00:00+0200,1376.93,MW,DK2,DK_2,actual_load,Actual Load,2026-08-23T20:35:02Z
2026-08-23T20:28:12Z,2026-08-23T22:28:12+0200,1243fdd6-9494-4890-9bf2-14ad2f41f059,2026-08-02T21:00:00Z,2026-08-02T23:00:00+0200,1288.5475,MW,DK2,DK_2,actual_load,Actual Load,2026-08-23T20:35:02Z
2026-08-23T20:28:12Z,2026-08-23T22:28:12+0200,1243fdd6-9494-4890-9bf2-14ad2f41f059,2026-08-02T22:00:00Z,2026-08-03T00:00:00+0200,1206.54,MW,DK2,DK_2,actual_load,Actual Load,2026-08-23T20:35:02Z
2026-08-23T20:28:12Z,2026-08-23T22:28:12+0200,1243fdd6-9494-4890-9bf2-14ad2f41f059,2026-08-02T23:00:00Z,2026-08-03T01:00:00+0200,1189.9575,MW,DK2,DK_2,actual_load,Actual Load,2026-08-23T20:35:02Z
2026-08-23T20:28:12Z,2026-08-23T22:28:12+0200,1243fdd6-9494-4890-9bf2-14ad2f41f059,2026-08-03T00:00:00Z,2026-08-03T02:00:00+0200,1183.8925,MW,DK2,DK_2,actual_load,Actual Load,2026-08-23T20:35:02Z
2026-08-23T20:28:12Z,2026-08-23T22:28:12+0200,1243fdd6-9494-4890-9bf2-14ad2f41f059,2026-08-03T01:00:00Z,2026-08-03T03:00:00+0200,1131.46,MW,DK2,DK_2,actual_load,Actual Load,2026-08-23T20:35:02Z
2026-08-23T20:28:12Z,2026-08-23T22:28:12+0200,1243fdd6-9494-4890-9bf2-14ad2f41f059,2026-08-03T02:00:00Z,2026-08-03T04:00:00+0200,1093.3825,MW,DK2,DK_2,actual_load,Actual Load,2026-08-23T20:35:02Z
2026-08-23T20:28:12Z,2026-08-23T22:28:12+0200,1243fdd6-9494-4890-9bf2-14ad2f41f059,2026-08-03T03:00:00Z,2026-08-03T05:00:00+0200,1125.52,MW,DK2,DK_2,actual_load,Actual Load,2026-08-23T20:35:02Z
2026-08-23T20:28:12Z,2026-08-23T22:28:12+0200,1243fdd6-9494-4890-9bf2-14ad2f41f059,2026-08-03T04:00:00Z,2026-08-03T06:00:00+0200,1272.875,MW,DK2,DK_2,actual_load,Actual Load,2026-08-23T20:35:02Z
2026-08-23T20:28:12Z,2026-08-23T22:28:12+0200,1243fdd6-9494-4890-9bf2-14ad2f41f059,2026-08-03T05:00:00Z,2026-08-03T07:00:00+0200,1465.6575,MW,DK2,DK_2,actual_load,Actual Load,2026-08-23T20:35:02Z
2026-08-23T20:28:12Z,2026-08-23T22:28:12+0200,1243fdd6-9494-4890-9bf2-14ad2f41f059,2026-08-03T06:00:00Z,2026-08-03T08:00:00+0200,1645.2975,MW,DK2,DK_2,actual_load,Actual Load,2026-08-23T20:35:02Z
2026-08-23T20:28:12Z,2026-08-23T22:28:12+0200,1243fdd6-9494-4890-9bf2-14ad2f41f059,2026-08-03T07:00:00Z,2026-08-03T09:00:00+0200,1714.2075,MW,DK2,DK_2,actual_load,Actual Load,2026-08-23T20:35:02Z
2026-08-23T20:28:12Z,2026-08-23T22:28:12+0200,1243fdd6-9494-4890-9bf2-14ad2f41f059,2026-08-03T08:00:00Z,2026-08-03T10:00:00+0200,1761.55,MW,DK2,DK_2,actual_load,Actual Load,2026-08-23T20:35:02Z
2026-08-23T20:28:12Z,2026-08-23T22:28:12+0200,1243fdd6-9494-4890-9bf2-14ad2f41f059,2026-08-03T09:00:00Z,2026-08-03T11:00:00+0200,1777.32,MW,DK2,DK_2,actual_load,Actual Load,2026-08-23T20:35:02Z
2026-08-23T20:28:12Z,2026-08-23T22:28:12+0200,1243fdd6-9494-4890-9bf2-14ad2f41f059,2026-08-03T10:00:00Z,2026-08-03T12:00:00+0200,1842.6025,MW,DK2,DK_2,actual_load,Actual Load,2026-08-23T20:35:02Z
2026-08-23T20:28:12Z,2026-08-23T22:28:12+0200,1243fdd6-9494-4890-9bf2-14ad2f41f059,2026-08-03T11:00:00Z,2026-08-03T13:00:00+0200,1880.395,MW,DK2,DK_2,actual_load,Actual Load,2026-08-23T20:35:02Z
2026-08-23T20:28:12Z,2026-08-23T22:28:12+0200,1243fdd6-9494-4890-9bf2-14ad2f41f059,2026-08-03T12:00:00Z,2026-08-03T14:00:00+0200,1883.4975,MW,DK2,DK_2,actual_load,Actual Load,2026-08-23T20:35:02Z
2026-08-23T20:28:12Z,2026-08-23T22:28:12+0200,1243fdd6-9494-4890-9bf2-14ad2f41f059,2026-08-03T13:00:00Z,2026-08-03T15:00:00+0200,1806.73,MW,DK2,DK_2,actual_load,Actual Load,2026-08-23T20:35:02Z
2026-08-23T20:28:12Z,2026-08-23T22:28:12+0200,1243fdd6-9494-4890-9bf2-14ad2f41f059,2026-08-03T14:00:00Z,2026-08-03T16:00:00+0200,1810.085,MW,DK2,DK_2,actual_load,Actual Load,2026-08-23T20:35:02Z
2026-08-23T20:28:12Z,2026-08-23T22:28:12+0200,1243fdd6-9494-4890-9bf2-14ad2f41f059,2026-08-03T15:00:00Z,2026-08-03T17:00:00+0200,1769.425,MW,DK2,DK_2,actual_load,Actual Load,2026-08-23T20:35:02Z
2026-08-23T20:28:12Z,2026-08-23T22:28:12+0200,1243fdd6-9494-4890-9bf2-14ad2f41f059,2026-08-03T16:00:00Z,2026-08-03T18:00:00+0200,1738.735,MW,DK2,DK_2,actual_load,Actual Load,2026-08-23T20:35:02Z
2026-08-23T20:28:12Z,2026-08-23T22:28:12+0200,1243fdd6-9494-4890-9bf2-14ad2f41f059,2026-08-03T17:00:00Z,2026-08-03T19:00:00+0200,1671.4225,MW,DK2,DK_2,actual_load,Actual Load,2026-08-23T20:35:02Z
2026-08-23T20:28:12Z,2026-08-23T22:28:12+0200,1243fdd6-9494-4890-9bf2-14ad2f41f059,2026-08-03T18:00:00Z,2026-08-03T20:00:00+0200,1545.0675,MW,DK2,DK_2,actual_load,Actual Load,2026-08-23T20:35:02Z
2026-08-23T20:28:12Z,2026-08-23T22:28:12+0200,1243fdd6-9494-4890-9bf2-14ad2f41f059,2026-08-03T19:00:00Z,2026-08-03T21:00:00+0200,1497.7475,MW,DK2,DK_2,actual_load,Actual Load,2026-08-23T20:35:02Z
2026-08-23T20:28:12Z,2026-08-23T22:28:12+0200,1243fdd6-9494-4890-9bf2-14ad2f41f059,2026-08-03T20:00:00Z,2026-08-03T22:00:00+0200,1396.41,MW,DK2,DK_2,actual_load,Actual Load,2026-08-23T20:35:02Z
2026-08-23T20:28:12Z,2026-08-23T22:28:12+0200,1243fdd6-9494-4890-9bf2-14ad2f41f059,2026-08-03T21:00:00Z,2026-08-03T23:00:00+0200,1311.0025,MW,DK2,DK_2,actual_load,Actual Load,2026-08-23T20:35:02Z
2026-08-23T20:28:12Z,2026-08-23T22:28:12+0200,1243fdd6-9494-4890-9bf2-14ad2f41f059,2026-08-03T22:00:00Z,2026-08-04T00:00:00+0200,1293.365,MW,DK2,DK_2,actual_load,Actual Load,2026-08-23T20:35:02Z
2026-08-23T20:28:12Z,2026-08-23T22:28:12+0200,1243fdd6-9494-4890-9bf2-14ad2f41f059,2026-08-03T23:00:00Z,2026-08-04T01:00:00+0200,1283.01,MW,DK2,DK_2,actual_load,Actual Load,2026-08-23T20:35:02Z
2026-08-23T20:28:12Z,2026-08-23T22:28:12+0200,1243fdd6-9494-4890-9bf2-14ad2f41f059,2026-08-04T00:00:00Z,2026-08-04T02:00:00+0200,1258.195,MW,DK2,DK_2,actual_load,Actual Load,2026-08-23T20:35:02Z
2026-08-23T20:28:12Z,2026-08-23T22:28:12+0200,1243fdd6-9494-4890-9bf2-14ad2f41f059,2026-08-04T01:00:00Z,2026-08-04T03:00:00+0200,1200.2425,MW,DK2,DK_2,actual_load,Actual Load,2026-08-23T20:35:02Z
2026-08-23T20:28:12Z,2026-08-23T22:28:12+0200,1243fdd6-9494-4890-9bf2-14ad2f41f059,2026-08-04T02:00:00Z,2026-08-04T04:00:00+0200,1137.525,MW,DK2,DK_2,actual_load,Actual Load,2026-08-23T20:35:02Z
2026-08-23T20:28:12Z,2026-08-23T22:28:12+0200,1243fdd6-9494-4890-9bf2-14ad2f41f059,2026-08-04T03:00:00Z,2026-08-04T05:00:00+0200,1188.5375,MW,DK2,DK_2,actual_load,Actual Load,2026-08-23T20:35:02Z
2026-08-23T20:28:12Z,2026-08-23T22:28:12+0200,1243fdd6-9494-4890-9bf2-14ad2f41f059,2026-08-04T04:00:00Z,2026-08-04T06:00:00+0200,1305.895,MW,DK2,DK_2,actual_load,Actual Load,2026-08-23T20:35:02Z
2026-08-23T20:28:12Z,2026-08-23T22:28:12+0200,1243fdd6-9494-4890-9bf2-14ad2f41f059,2026-08-04T05:00:00Z,2026-08-04T07:00:00+0200,1455.67,MW,DK2,DK_2,actual_load,Actual Load,2026-08-23T20:35:02Z
2026-08-23T20:28:12Z,2026-08-23T22:28:12+0200,1243fdd6-9494-4890-9bf2-14ad2f41f059,2026-08-04T06:00:00Z,2026-08-04T08:00:00+0200,1601.3975,MW,DK2,DK_2,actual_load,Actual Load,2026-08-23T20:35:02Z
2026-08-23T20:28:12Z,2026-08-23T22:28:12+0200,1243fdd6-9494-4890-9bf2-14ad2f41f059,2026-08-04T07:00:00Z,2026-08-04T09:00:00+0200,1722.81,MW,DK2,DK_2,actual_load,Actual Load,2026-08-23T20:35:02Z
2026-08-23T20:28:12Z,2026-08-23T22:28:12+0200,1243fdd6-9494-4890-9bf2-14ad2f41f059,2026-08-04T08:00:00Z,2026-08-04T10:00:00+0200,1764.37,MW,DK2,DK_2,actual_load,Actual Load,2026-08-23T20:35:02Z
2026-08-23T20:28:12Z,2026-08-23T22:28:12+0200,1243fdd6-9494-4890-9bf2-14ad2f41f059,2026-08-04T09:00:00Z,2026-08-04T11:00:00+0200,1854.0825,MW,DK2,DK_2,actual_load,Actual Load,2026-08-23T20:35:02Z
2026-08-23T20:28:12Z,2026-08-23T22:28:12+0200,1243fdd6-9494-4890-9bf2-14ad2f41f059,2026-08-04T10:00:00Z,2026-08-04T12:00:00+0200,1934.03,MW,DK2,DK_2,actual_load,Actual Load,2026-08-23T20:35:02Z
2026-08-23T20:28:12Z,2026-08-23T22:28:12+0200,1243fdd6-9494-4890-9bf2-14ad2f41f059,2026-08-04T11:00:00Z,2026-08-04T13:00:00+0200,2021.965,MW,DK2,DK_2,actual_load,Actual Load,2026-08-23T20:35:02Z
2026-08-23T20:28:12Z,2026-08-23T22:28:12+0200,1243fdd6-9494-4890-9bf2-14ad2f41f059,2026-08-04T12:00:00Z,2026-08-04T14:00:00+0200,1994.55,MW,DK2,DK_2,actual_load,Actual Load,2026-08-23T20:35:02Z
2026-08-23T20:28:12Z,2026-08-23T22:28:12+0200,1243fdd6-9494-4890-9bf2-14ad2f41f059,2026-08-04T13:00:00Z,2026-08-04T15:00:00+0200,1849.12,MW,DK2,DK_2,actual_load,Actual Load,2026-08-23T20:35:02Z
2026-08-23T20:28:12Z,2026-08-23T22:28:12+0200,1243fdd6-9494-4890-9bf2-14ad2f41f059,2026-08-04T14:00:00Z,2026-08-04T16:00:00+0200,1767.49,MW,DK2,DK_2,actual_load,Actual Load,2026-08-23T20:35:02Z
2026-08-23T20:28:12Z,2026-08-23T22:28:12+0200,1243fdd6-9494-4890-9bf2-14ad2f41f059,2026-08-04T15:00:00Z,2026-08-04T17:00:00+0200,1800.9625,MW,DK2,DK_2,actual_load,Actual Load,2026-08-23T20:35:02Z
2026-08-23T20:28:12Z,2026-08-23T22:28:12+0200,1243fdd6-9494-4890-9bf2-14ad2f41f059,2026-08-04T16:00:00Z,2026-08-04T18:00:00+0200,1771.6675,MW,DK2,DK_2,actual_load,Actual Load,2026-08-23T20:35:02Z
2026-08-23T20:28:12Z,2026-08-23T22:28:12+0200,1243fdd6-9494-4890-9bf2-14ad2f41f059,2026-08-04T17:00:00Z,2026-08-04T19:00:00+0200,1619.2875,MW,DK2,DK_2,actual_load,Actual Load,2026-08-23T20:35:02Z
2026-08-23T20:28:12Z,2026-08-23T22:28:12+0200,1243fdd6-9494-4890-9bf2-14ad2f41f059,2026-08-04T18:00:00Z,2026-08-04T20:00:00+0200,1498.4625,MW,DK2,DK_2,actual_load,Actual Load,2026-08-23T20:35:02Z
2026-08-23T20:28:12Z,2026-08-23T22:28:12+0200,1243fdd6-9494-4890-9bf2-14ad2f41f059,2026-08-04T19:00:00Z,2026-08-04T21:00:00+0200,1536.01,MW,DK2,DK_2,actual_load,Actual Load,2026-08-23T20:35:02Z
2026-08-23T20:28:12Z,2026-08-23T22:28:12+0200,1243fdd6-9494-4890-9bf2-14ad2f41f059,2026-08-04T20:00:00Z,2026-08-04T22:00:00+0200,1445.845,MW,DK2,DK_2,actual_load,Actual Load,2026-08-23T20:35:02Z
2026-08-23T20:28:12Z,2026-08-23T22:28:12+0200,1243fdd6-9494-4890-9bf2-14ad2f41f059,2026-08-04T21:00:00Z,2026-08-04T23:00:00+0200,1415.405,MW,DK2,DK_2,actual_load,Actual Load,2026-08-23T20:35:02Z
2026-08-23T20:28:12Z,2026-08-23T22:28:12+0200,1243fdd6-9494-4890-9bf2-14ad2f41f059,2026-08-04T22:00:00Z,2026-08-05T00:00:00+0200,1316.7175,MW,DK2,DK_2,actual_load,Actual Load,2026-08-23T20:35:02Z
2026-08-23T20:28:12Z,2026-08-23T22:28:12+0200,1243fdd6-9494-4890-9bf2-14ad2f41f059,2026-08-04T23:00:00Z,2026-08-05T01:00:00+0200,1261.2025,MW,DK2,DK_2,actual_load,Actual Load,2026-08-23T20:35:02Z
2026-08-23T20:28:12Z,2026-08-23T22:28:12+0200,1243fdd6-9494-4890-9bf2-14ad2f41f059,2026-08-05T00:00:00Z,2026-08-05T02:00:00+0200,1265.5175,MW,DK2,DK_2,actual_load,Actual Load,2026-08-23T20:35:02Z
2026-08-23T20:28:12Z,2026-08-23T22:28:12+0200,1243fdd6-9494-4890-9bf2-14ad2f41f059,2026-08-05T01:00:00Z,2026-08-05T03:00:00+0200,1219.23,MW,DK2,DK_2,actual_load,Actual Load,2026-08-23T20:35:02Z
2026-08-23T20:28:12Z,2026-08-23T22:28:12+0200,1243fdd6-9494-4890-9bf2-14ad2f41f059,2026-08-05T02:00:00Z,2026-08-05T04:00:00+0200,1181.5975,MW,DK2,DK_2,actual_load,Actual Load,2026-08-23T20:35:02Z
2026-08-23T20:28:12Z,2026-08-23T22:28:12+0200,1243fdd6-9494-4890-9bf2-14ad2f41f059,2026-08-05T03:00:00Z,2026-08-05T05:00:00+0200,1214.525,MW,DK2,DK_2,actual_load,Actual Load,2026-08-23T20:35:02Z
2026-08-23T20:28:12Z,2026-08-23T22:28:12+0200,1243fdd6-9494-4890-9bf2-14ad2f41f059,2026-08-05T04:00:00Z,2026-08-05T06:00:00+0200,1342.2575,MW,DK2,DK_2,actual_load,Actual Load,2026-08-23T20:35:02Z
2026-08-23T20:28:12Z,2026-08-23T22:28:12+0200,1243fdd6-9494-4890-9bf2-14ad2f41f059,2026-08-05T05:00:00Z,2026-08-05T07:00:00+0200,1540.4425,MW,DK2,DK_2,actual_load,Actual Load,2026-08-23T20:35:02Z
2026-08-23T20:28:12Z,2026-08-23T22:28:12+0200,1243fdd6-9494-4890-9bf2-14ad2f41f059,2026-08-05T06:00:00Z,2026-08-05T08:00:00+0200,1639.4125,MW,DK2,DK_2,actual_load,Actual Load,2026-08-23T20:35:02Z
2026-08-23T20:28:12Z,2026-08-23T22:28:12+0200,1243fdd6-9494-4890-9bf2-14ad2f41f059,2026-08-05T07:00:00Z,2026-08-05T09:00:00+0200,1789.81,MW,DK2,DK_2,actual_load,Actual Load,2026-08-23T20:35:02Z
2026-08-23T20:28:12Z,2026-08-23T22:28:12+0200,1243fdd6-9494-4890-9bf2-14ad2f41f059,2026-08-05T08:00:00Z,2026-08-05T10:00:00+0200,1921.025,MW,DK2,DK_2,actual_load,Actual Load,2026-08-23T20:35:02Z
2026-08-23T20:28:12Z,2026-08-23T22:28:12+0200,1243fdd6-9494-4890-9bf2-14ad2f41f059,2026-08-05T09:00:00Z,2026-08-05T11:00:00+0200,1974.025,MW,DK2,DK_2,actual_load,Actual Load,2026-08-23T20:35:02Z
2026-08-23T20:28:12Z,2026-08-23T22:28:12+0200,1243fdd6-9494-4890-9bf2-14ad2f41f059,2026-08-05T10:00:00Z,2026-08-05T12:00:00+0200,2058.4725,MW,DK2,DK_2,actual_load,Actual Load,2026-08-23T20:35:02Z
2026-08-23T20:28:12Z,2026-08-23T22:28:12+0200,1243fdd6-9494-4890-9bf2-14ad2f41f059,2026-08-05T11:00:00Z,2026-08-05T13:00:00+0200,2147.5575,MW,DK2,DK_2,actual_load,Actual Load,2026-08-23T20:35:02Z
2026-08-23T20:28:12Z,2026-08-23T22:28:12+0200,1243fdd6-9494-4890-9bf2-14ad2f41f059,2026-08-05T12:00:00Z,2026-08-05T14:00:00+0200,2129.6575,MW,DK2,DK_2,actual_load,Actual Load,2026-08-23T20:35:02Z
2026-08-23T20:28:12Z,2026-08-23T22:28:12+0200,1243fdd6-9494-4890-9bf2-14ad2f41f059,2026-08-05T13:00:00Z,2026-08-05T15:00:00+0200,2028.6675,MW,DK2,DK_2,actual_load,Actual Load,2026-08-23T20:35:02Z
2026-08-23T20:28:12Z,2026-08-23T22:28:12+0200,1243fdd6-9494-4890-9bf2-14ad2f41f059,2026-08-05T14:00:00Z,2026-08-05T16:00:00+0200,1930.8025,MW,DK2,DK_2,actual_load,Actual Load,2026-08-23T20:35:02Z
2026-08-23T20:28:12Z,2026-08-23T22:28:12+0200,1243fdd6-9494-4890-9bf2-14ad2f41f059,2026-08-05T15:00:00Z,2026-08-05T17:00:00+0200,1898.9075,MW,DK2,DK_2,actual_load,Actual Load,2026-08-23T20:35:02Z
2026-08-23T20:28:12Z,2026-08-23T22:28:12+0200,1243fdd6-9494-4890-9bf2-14ad2f41f059,2026-08-05T16:00:00Z,2026-08-05T18:00:00+0200,1804.4925,MW,DK2,DK_2,actual_load,Actual Load,2026-08-23T20:35:02Z
2026-08-23T20:28:12Z,2026-08-23T22:28:12+0200,1243fdd6-9494-4890-9bf2-14ad2f41f059,2026-08-05T17:00:00Z,2026-08-05T19:00:00+0200,1699.85,MW,DK2,DK_2,actual_load,Actual Load,2026-08-23T20:35:02Z
2026-08-23T20:28:12Z,2026-08-23T22:28:12+0200,1243fdd6-9494-4890-9bf2-14ad2f41f059,2026-08-05T18:00:00Z,2026-08-05T20:00:00+0200,1547.845,MW,DK2,DK_2,actual_load,Actual Load,2026-08-23T20:35:02Z
2026-08-23T20:28:12Z,2026-08-23T22:28:12+0200,1243fdd6-9494-4890-9bf2-14ad2f41f059,2026-08-05T19:00:00Z,2026-08-05T21:00:00+0200,1465.765,MW,DK2,DK_2,actual_load,Actual Load,2026-08-23T20:35:02Z
2026-08-23T20:28:12Z,2026-08-23T22:28:12+0200,1243fdd6-9494-4890-9bf2-14ad2f41f059,2026-08-05T20:00:00Z,2026-08-05T22:00:00+0200,1425.3775,MW,DK2,DK_2,actual_load,Actual Load,2026-08-23T20:35:02Z
2026-08-23T20:28:12Z,2026-08-23T22:28:12+0200,1243fdd6-9494-4890-9bf2-14ad2f41f059,2026-08-05T21:00:00Z,2026-08-05T23:00:00+0200,1339.9025,MW,DK2,DK_2,actual_load,Actual Load,2026-08-23T20:35:02Z
2026-08-23T20:28:12Z,2026-08-23T22:28:12+0200,1243fdd6-9494-4890-9bf2-14ad2f41f059,2026-08-05T22:00:00Z,2026-08-06T00:00:00+0200,1289.1275,MW,DK2,DK_2,actual_load,Actual Load,2026-08-23T20:35:02Z
2026-08-23T20:28:12Z,2026-08-23T22:28:12+0200,1243fdd6-9494-4890-9bf2-14ad2f41f059,2026-08-05T23:00:00Z,2026-08-06T01:00:00+0200,1225.1125,MW,DK2,DK_2,actual_load,Actual Load,2026-08-23T20:35:02Z
2026-08-23T20:28:12Z,2026-08-23T22:28:12+0200,1243fdd6-9494-4890-9bf2-14ad2f41f059,2026-08-06T00:00:00Z,2026-08-06T02:00:00+0200,1188.29,MW,DK2,DK_2,actual_load,Actual Load,2026-08-23T20:35:02Z
2026-08-23T20:28:12Z,2026-08-23T22:28:12+0200,1243fdd6-9494-4890-9bf2-14ad2f41f059,2026-08-06T01:00:00Z,2026-08-06T03:00:00+0200,1194.2325,MW,DK2,DK_2,actual_load,Actual Load,2026-08-23T20:35:02Z
2026-08-23T20:28:12Z,2026-08-23T22:28:12+0200,1243fdd6-9494-4890-9bf2-14ad2f41f059,2026-08-06T02:00:00Z,2026-08-06T04:00:00+0200,1190.3075,MW,DK2,DK_2,actual_load,Actual Load,2026-08-23T20:35:02Z
2026-08-23T20:28:12Z,2026-08-23T22:28:12+0200,1243fdd6-9494-4890-9bf2-14ad2f41f059,2026-08-06T03:00:00Z,2026-08-06T05:00:00+0200,1167.3875,MW,DK2,DK_2,actual_load,Actual Load,2026-08-23T20:35:02Z
2026-08-23T20:28:12Z,2026-08-23T22:28:12+0200,1243fdd6-9494-4890-9bf2-14ad2f41f059,2026-08-06T04:00:00Z,2026-08-06T06:00:00+0200,1338.7925,MW,DK2,DK_2,actual_load,Actual Load,2026-08-23T20:35:02Z
2026-08-23T20:28:12Z,2026-08-23T22:28:12+0200,1243fdd6-9494-4890-9bf2-14ad2f41f059,2026-08-06T05:00:00Z,2026-08-06T07:00:00+0200,1546.8475,MW,DK2,DK_2,actual_load,Actual Load,2026-08-23T20:35:02Z
2026-08-23T20:28:12Z,2026-08-23T22:28:12+0200,1243fdd6-9494-4890-9bf2-14ad2f41f059,2026-08-06T06:00:00Z,2026-08-06T08:00:00+0200,1675.31,MW,DK2,DK_2,actual_load,Actual Load,2026-08-23T20:35:02Z
2026-08-23T20:28:12Z,2026-08-23T22:28:12+0200,1243fdd6-9494-4890-9bf2-14ad2f41f059,2026-08-06T07:00:00Z,2026-08-06T09:00:00+0200,1830.6175,MW,DK2,DK_2,actual_load,Actual Load,2026-08-23T20:35:02Z
2026-08-23T20:28:12Z,2026-08-23T22:28:12+0200,1243fdd6-9494-4890-9bf2-14ad2f41f059,2026-08-06T08:00:00Z,2026-08-06T10:00:00+0200,1948.865,MW,DK2,DK_2,actual_load,Actual Load,2026-08-23T20:35:02Z
2026-08-23T20:28:12Z,2026-08-23T22:28:12+0200,1243fdd6-9494-4890-9bf2-14ad2f41f059,2026-08-06T09:00:00Z,2026-08-06T11:00:00+0200,2019.815,MW,DK2,DK_2,actual_load,Actual Load,2026-08-23T20:35:02Z
2026-08-23T20:28:12Z,2026-08-23T22:28:12+0200,1243fdd6-9494-4890-9bf2-14ad2f41f059,2026-08-06T10:00:00Z,2026-08-06T12:00:00+0200,2088.5625,MW,DK2,DK_2,actual_load,Actual Load,2026-08-23T20:35:02Z
2026-08-23T20:28:12Z,2026-08-23T22:28:12+0200,1243fdd6-9494-4890-9bf2-14ad2f41f059,2026-08-06T11:00:00Z,2026-08-06T13:00:00+0200,2091.885,MW,DK2,DK_2,actual_load,Actual Load,2026-08-23T20:35:02Z
2026-08-23T20:28:12Z,2026-08-23T22:28:12+0200,1243fdd6-9494-4890-9bf2-14ad2f41f059,2026-08-06T12:00:00Z,2026-08-06T14:00:00+0200,2044.3625,MW,DK2,DK_2,actual_load,Actual Load,2026-08-23T20:35:02Z
2026-08-23T20:28:12Z,2026-08-23T22:28:12+0200,1243fdd6-9494-4890-9bf2-14ad2f41f059,2026-08-06T13:00:00Z,2026-08-06T15:00:00+0200,1984.795,MW,DK2,DK_2,actual_load,Actual Load,2026-08-23T20:35:02Z
2026-08-23T20:28:12Z,2026-08-23T22:28:12+0200,1243fdd6-9494-4890-9bf2-14ad2f41f059,2026-08-06T14:00:00Z,2026-08-06T16:00:00+0200,1901.8625,MW,DK2,DK_2,actual_load,Actual Load,2026-08-23T20:35:02Z
2026-08-23T20:28:12Z,2026-08-23T22:28:12+0200,1243fdd6-9494-4890-9bf2-14ad2f41f059,2026-08-06T15:00:00Z,2026-08-06T17:00:00+0200,1863.755,MW,DK2,DK_2,actual_load,Actual Load,2026-08-23T20:35:02Z
2026-08-23T20:28:12Z,2026-08-23T22:28:12+0200,1243fdd6-9494-4890-9bf2-14ad2f41f059,2026-08-06T16:00:00Z,2026-08-06T18:00:00+0200,1802.9625,MW,DK2,DK_2,actual_load,Actual Load,2026-08-23T20:35:02Z
2026-08-23T20:28:12Z,2026-08-23T22:28:12+0200,1243fdd6-9494-4890-9bf2-14ad2f41f059,2026-08-06T17:00:00Z,2026-08-06T19:00:00+0200,1673.7575,MW,DK2,DK_2,actual_load,Actual Load,2026-08-23T20:35:02Z
2026-08-23T20:28:12Z,2026-08-23T22:28:12+0200,1243fdd6-9494-4890-9bf2-14ad2f41f059,2026-08-06T18:00:00Z,2026-08-06T20:00:00+0200,1569.9175,MW,DK2,DK_2,actual_load,Actual Load,2026-08-23T20:35:02Z
2026-08-23T20:28:12Z,2026-08-23T22:28:12+0200,1243fdd6-9494-4890-9bf2-14ad2f41f059,2026-08-06T19:00:00Z,2026-08-06T21:00:00+0200,1508.165,MW,DK2,DK_2,actual_load,Actual Load,2026-08-23T20:35:02Z
2026-08-23T20:28:12Z,2026-08-23T22:28:12+0200,1243fdd6-9494-4890-9bf2-14ad2f41f059,2026-08-06T20:00:00Z,2026-08-06T22:00:00+0200,1407.495,MW,DK2,DK_2,actual_load,Actual Load,2026-08-23T20:35:02Z
2026-08-23T20:28:12Z,2026-08-23T22:28:12+0200,1243fdd6-9494-4890-9bf2-14ad2f41f059,2026-08-06T21:00:00Z,2026-08-06T23:00:00+0200,1284.915,MW,DK2,DK_2,actual_load,Actual Load,2026-08-23T20:35:02Z
2026-08-23T20:28:12Z,2026-08-23T22:28:12+0200,1243fdd6-9494-4890-9bf2-14ad2f41f059,2026-08-06T22:00:00Z,2026-08-07T00:00:00+0200,1283.92,MW,DK2,DK_2,actual_load,Actual Load,2026-08-23T20:35:02Z
2026-08-23T20:28:12Z,2026-08-23T22:28:12+0200,1243fdd6-9494-4890-9bf2-14ad2f41f059,2026-08-06T23:00:00Z,2026-08-07T01:00:00+0200,1228.4,MW,DK2,DK_2,actual_load,Actual Load,2026-08-23T20:35:02Z
2026-08-23T20:28:12Z,2026-08-23T22:28:12+0200,1243fdd6-9494-4890-9bf2-14ad2f41f059,2026-08-07T00:00:00Z,2026-08-07T02:00:00+0200,1191.9225,MW,DK2,DK_2,actual_load,Actual Load,2026-08-23T20:35:02Z
2026-08-23T20:28:12Z,2026-08-23T22:28:12+0200,1243fdd6-9494-4890-9bf2-14ad2f41f059,2026-08-07T01:00:00Z,2026-08-07T03:00:00+0200,1206.3275,MW,DK2,DK_2,actual_load,Actual Load,2026-08-23T20:35:02Z
2026-08-23T20:28:12Z,2026-08-23T22:28:12+0200,1243fdd6-9494-4890-9bf2-14ad2f41f059,2026-08-07T02:00:00Z,2026-08-07T04:00:00+0200,1132.4125,MW,DK2,DK_2,actual_load,Actual Load,2026-08-23T20:35:02Z
2026-08-23T20:28:12Z,2026-08-23T22:28:12+0200,1243fdd6-9494-4890-9bf2-14ad2f41f059,2026-08-07T03:00:00Z,2026-08-07T05:00:00+0200,1150.0025,MW,DK2,DK_2,actual_load,Actual Load,2026-08-23T20:35:02Z
2026-08-23T20:28:12Z,2026-08-23T22:28:12+0200,1243fdd6-9494-4890-9bf2-14ad2f41f059,2026-08-07T04:00:00Z,2026-08-07T06:00:00+0200,1278.0725,MW,DK2,DK_2,actual_load,Actual Load,2026-08-23T20:35:02Z
2026-08-23T20:28:12Z,2026-08-23T22:28:12+0200,1243fdd6-9494-4890-9bf2-14ad2f41f059,2026-08-07T05:00:00Z,2026-08-07T07:00:00+0200,1476.5075,MW,DK2,DK_2,actual_load,Actual Load,2026-08-23T20:35:02Z
2026-08-23T20:28:12Z,2026-08-23T22:28:12+0200,1243fdd6-9494-4890-9bf2-14ad2f41f059,2026-08-07T06:00:00Z,2026-08-07T08:00:00+0200,1638.375,MW,DK2,DK_2,actual_load,Actual Load,2026-08-23T20:35:02Z
2026-08-23T20:28:12Z,2026-08-23T22:28:12+0200,1243fdd6-9494-4890-9bf2-14ad2f41f059,2026-08-07T07:00:00Z,2026-08-07T09:00:00+0200,1675.1725,MW,DK2,DK_2,actual_load,Actual Load,2026-08-23T20:35:02Z
2026-08-23T20:28:12Z,2026-08-23T22:28:12+0200,1243fdd6-9494-4890-9bf2-14ad2f41f059,2026-08-07T08:00:00Z,2026-08-07T10:00:00+0200,1770.0,MW,DK2,DK_2,actual_load,Actual Load,2026-08-23T20:35:02Z
2026-08-23T20:28:12Z,2026-08-23T22:28:12+0200,1243fdd6-9494-4890-9bf2-14ad2f41f059,2026-08-07T09:00:00Z,2026-08-07T11:00:00+0200,1796.4825,MW,DK2,DK_2,actual_load,Actual Load,2026-08-23T20:35:02Z
2026-08-23T20:28:12Z,2026-08-23T22:28:12+0200,1243fdd6-9494-4890-9bf2-14ad2f41f059,2026-08-07T10:00:00Z,2026-08-07T12:00:00+0200,1908.3725,MW,DK2,DK_2,actual_load,Actual Load,2026-08-23T20:35:02Z
2026-08-23T20:28:12Z,2026-08-23T22:28:12+0200,1243fdd6-9494-4890-9bf2-14ad2f41f059,2026-08-07T11:00:00Z,2026-08-07T13:00:00+0200,1920.6575,MW,DK2,DK_2,actual_load,Actual Load,2026-08-23T20:35:02Z
2026-08-23T20:28:12Z,2026-08-23T22:28:12+0200,1243fdd6-9494-4890-9bf2-14ad2f41f059,2026-08-07T12:00:00Z,2026-08-07T14:00:00+0200,1912.6225,MW,DK2,DK_2,actual_load,Actual Load,2026-08-23T20:35:02Z
2026-08-23T20:28:12Z,2026-08-23T22:28:12+0200,1243fdd6-9494-4890-9bf2-14ad2f41f059,2026-08-07T13:00:00Z,2026-08-07T15:00:00+0200,1898.485,MW,DK2,DK_2,actual_load,Actual Load,2026-08-23T20:35:02Z
2026-08-23T20:28:12Z,2026-08-23T22:28:12+0200,1243fdd6-9494-4890-9bf2-14ad2f41f059,2026-08-07T14:00:00Z,2026-08-07T16:00:00+0200,1804.2825,MW,DK2,DK_2,actual_load,Actual Load,2026-08-23T20:35:02Z
2026-08-23T20:28:12Z,2026-08-23T22:28:12+0200,1243fdd6-9494-4890-9bf2-14ad2f41f059,2026-08-07T15:00:00Z,2026-08-07T17:00:00+0200,1810.645,MW,DK2,DK_2,actual_load,Actual Load,2026-08-23T20:35:02Z
2026-08-23T20:28:12Z,2026-08-23T22:28:12+0200,1243fdd6-9494-4890-9bf2-14ad2f41f059,2026-08-07T16:00:00Z,2026-08-07T18:00:00+0200,1798.6075,MW,DK2,DK_2,actual_load,Actual Load,2026-08-23T20:35:02Z
2026-08-23T20:28:12Z,2026-08-23T22:28:12+0200,1243fdd6-9494-4890-9bf2-14ad2f41f059,2026-08-07T17:00:00Z,2026-08-07T19:00:00+0200,1628.7425,MW,DK2,DK_2,actual_load,Actual Load,2026-08-23T20:35:02Z
2026-08-23T20:28:12Z,2026-08-23T22:28:12+0200,1243fdd6-9494-4890-9bf2-14ad2f41f059,2026-08-07T18:00:00Z,2026-08-07T20:00:00+0200,1496.4275,MW,DK2,DK_2,actual_load,Actual Load,2026-08-23T20:35:02Z
2026-08-23T20:28:12Z,2026-08-23T22:28:12+0200,1243fdd6-9494-4890-9bf2-14ad2f41f059,2026-08-07T19:00:00Z,2026-08-07T21:00:00+0200,1454.885,MW,DK2,DK_2,actual_load,Actual Load,2026-08-23T20:35:02Z
2026-08-23T20:28:12Z,2026-08-23T22:28:12+0200,1243fdd6-9494-4890-9bf2-14ad2f41f059,2026-08-07T20:00:00Z,2026-08-07T22:00:00+0200,1375.6375,MW,DK2,DK_2,actual_load,Actual Load,2026-08-23T20:35:02Z
2026-08-23T20:28:12Z,2026-08-23T22:28:12+0200,1243fdd6-9494-4890-9bf2-14ad2f41f059,2026-08-07T21:00:00Z,2026-08-07T23:00:00+0200,1287.6375,MW,DK2,DK_2,actual_load,Actual Load,2026-08-23T20:35:02Z
2026-08-23T20:28:12Z,2026-08-23T22:28:12+0200,1243fdd6-9494-4890-9bf2-14ad2f41f059,2026-08-07T22:00:00Z,2026-08-08T00:00:00+0200,1259.07,MW,DK2,DK_2,actual_load,Actual Load,2026-08-23T20:35:02Z
2026-08-23T20:28:12Z,2026-08-23T22:28:12+0200,1243fdd6-9494-4890-9bf2-14ad2f41f059,2026-08-07T23:00:00Z,2026-08-08T01:00:00+0200,1213.64,MW,DK2,DK_2,actual_load,Actual Load,2026-08-23T20:35:02Z
2026-08-23T20:28:12Z,2026-08-23T22:28:12+0200,1243fdd6-9494-4890-9bf2-14ad2f41f059,2026-08-08T00:00:00Z,2026-08-08T02:00:00+0200,1209.865,MW,DK2,DK_2,actual_load,Actual Load,2026-08-23T20:35:02Z
2026-08-23T20:28:12Z,2026-08-23T22:28:12+0200,1243fdd6-9494-4890-9bf2-14ad2f41f059,2026-08-08T01:00:00Z,2026-08-08T03:00:00+0200,1144.7025,MW,DK2,DK_2,actual_load,Actual Load,2026-08-23T20:35:02Z
2026-08-23T20:28:12Z,2026-08-23T22:28:12+0200,1243fdd6-9494-4890-9bf2-14ad2f41f059,2026-08-08T02:00:00Z,2026-08-08T04:00:00+0200,1118.4825,MW,DK2,DK_2,actual_load,Actual Load,2026-08-23T20:35:02Z
2026-08-23T20:28:12Z,2026-08-23T22:28:12+0200,1243fdd6-9494-4890-9bf2-14ad2f41f059,2026-08-08T03:00:00Z,2026-08-08T05:00:00+0200,1073.4875,MW,DK2,DK_2,actual_load,Actual Load,2026-08-23T20:35:02Z
2026-08-23T20:28:12Z,2026-08-23T22:28:12+0200,1243fdd6-9494-4890-9bf2-14ad2f41f059,2026-08-08T04:00:00Z,2026-08-08T06:00:00+0200,1091.9275,MW,DK2,DK_2,actual_load,Actual Load,2026-08-23T20:35:02Z
2026-08-23T20:28:12Z,2026-08-23T22:28:12+0200,1243fdd6-9494-4890-9bf2-14ad2f41f059,2026-08-08T05:00:00Z,2026-08-08T07:00:00+0200,1218.995,MW,DK2,DK_2,actual_load,Actual Load,2026-08-23T20:35:02Z
2026-08-23T20:28:12Z,2026-08-23T22:28:12+0200,1243fdd6-9494-4890-9bf2-14ad2f41f059,2026-08-08T06:00:00Z,2026-08-08T08:00:00+0200,1351.7475,MW,DK2,DK_2,actual_load,Actual Load,2026-08-23T20:35:02Z
2026-08-23T20:28:12Z,2026-08-23T22:28:12+0200,1243fdd6-9494-4890-9bf2-14ad2f41f059,2026-08-08T07:00:00Z,2026-08-08T09:00:00+0200,1540.165,MW,DK2,DK_2,actual_load,Actual Load,2026-08-23T20:35:02Z
2026-08-23T20:28:12Z,2026-08-23T22:28:12+0200,1243fdd6-9494-4890-9bf2-14ad2f41f059,2026-08-08T08:00:00Z,2026-08-08T10:00:00+0200,1734.9225,MW,DK2,DK_2,actual_load,Actual Load,2026-08-23T20:35:02Z
2026-08-23T20:28:12Z,2026-08-23T22:28:12+0200,1243fdd6-9494-4890-9bf2-14ad2f41f059,2026-08-08T09:00:00Z,2026-08-08T11:00:00+0200,1842.9925,MW,DK2,DK_2,actual_load,Actual Load,2026-08-23T20:35:02Z
2026-08-23T20:28:12Z,2026-08-23T22:28:12+0200,1243fdd6-9494-4890-9bf2-14ad2f41f059,2026-08-08T10:00:00Z,2026-08-08T12:00:00+0200,1870.61,MW,DK2,DK_2,actual_load,Actual Load,2026-08-23T20:35:02Z
2026-08-23T20:28:12Z,2026-08-23T22:28:12+0200,1243fdd6-9494-4890-9bf2-14ad2f41f059,2026-08-08T11:00:00Z,2026-08-08T13:00:00+0200,1886.8,MW,DK2,DK_2,actual_load,Actual Load,2026-08-23T20:35:02Z
2026-08-23T20:28:12Z,2026-08-23T22:28:12+0200,1243fdd6-9494-4890-9bf2-14ad2f41f059,2026-08-08T12:00:00Z,2026-08-08T14:00:00+0200,1826.4575,MW,DK2,DK_2,actual_load,Actual Load,2026-08-23T20:35:02Z
2026-08-23T20:28:12Z,2026-08-23T22:28:12+0200,1243fdd6-9494-4890-9bf2-14ad2f41f059,2026-08-08T13:00:00Z,2026-08-08T15:00:00+0200,1740.81,MW,DK2,DK_2,actual_load,Actual Load,2026-08-23T20:35:02Z
2026-08-23T20:28:12Z,2026-08-23T22:28:12+0200,1243fdd6-9494-4890-9bf2-14ad2f41f059,2026-08-08T14:00:00Z,2026-08-08T16:00:00+0200,1693.025,MW,DK2,DK_2,actual_load,Actual Load,2026-08-23T20:35:02Z
2026-08-23T20:28:12Z,2026-08-23T22:28:12+0200,1243fdd6-9494-4890-9bf2-14ad2f41f059,2026-08-08T15:00:00Z,2026-08-08T17:00:00+0200,1626.605,MW,DK2,DK_2,actual_load,Actual Load,2026-08-23T20:35:02Z
2026-08-23T20:28:12Z,2026-08-23T22:28:12+0200,1243fdd6-9494-4890-9bf2-14ad2f41f059,2026-08-08T16:00:00Z,2026-08-08T18:00:00+0200,1582.0275,MW,DK2,DK_2,actual_load,Actual Load,2026-08-23T20:35:02Z
2026-08-23T20:28:12Z,2026-08-23T22:28:12+0200,1243fdd6-9494-4890-9bf2-14ad2f41f059,2026-08-08T17:00:00Z,2026-08-08T19:00:00+0200,1515.1075,MW,DK2,DK_2,actual_load,Actual Load,2026-08-23T20:35:02Z
2026-08-23T20:28:12Z,2026-08-23T22:28:12+0200,1243fdd6-9494-4890-9bf2-14ad2f41f059,2026-08-08T18:00:00Z,2026-08-08T20:00:00+0200,1450.57,MW,DK2,DK_2,actual_load,Actual Load,2026-08-23T20:35:02Z
2026-08-23T20:28:12Z,2026-08-23T22:28:12+0200,1243fdd6-9494-4890-9bf2-14ad2f41f059,2026-08-08T19:00:00Z,2026-08-08T21:00:00+0200,1404.3,MW,DK2,DK_2,actual_load,Actual Load,2026-08-23T20:35:02Z
2026-08-23T20:28:12Z,2026-08-23T22:28:12+0200,1243fdd6-9494-4890-9bf2-14ad2f41f059,2026-08-08T20:00:00Z,2026-08-08T22:00:00+0200,1349.67,MW,DK2,DK_2,actual_load,Actual Load,2026-08-23T20:35:02Z
2026-08-23T20:28:12Z,2026-08-23T22:28:12+0200,1243fdd6-9494-4890-9bf2-14ad2f41f059,2026-08-08T21:00:00Z,2026-08-08T23:00:00+0200,1264.875,MW,DK2,DK_2,actual_load,Actual Load,2026-08-23T20:35:02Z
2026-08-23T20:28:12Z,2026-08-23T22:28:12+0200,1243fdd6-9494-4890-9bf2-14ad2f41f059,2026-08-08T22:00:00Z,2026-08-09T00:00:00+0200,1229.15,MW,DK2,DK_2,actual_load,Actual Load,2026-08-23T20:35:02Z
2026-08-23T20:28:12Z,2026-08-23T22:28:12+0200,1243fdd6-9494-4890-9bf2-14ad2f41f059,2026-08-08T23:00:00Z,2026-08-09T01:00:00+0200,1171.775,MW,DK2,DK_2,actual_load,Actual Load,2026-08-23T20:35:02Z
2026-08-23T20:28:12Z,2026-08-23T22:28:12+0200,1243fdd6-9494-4890-9bf2-14ad2f41f059,2026-08-09T00:00:00Z,2026-08-09T02:00:00+0200,1159.6225,MW,DK2,DK_2,actual_load,Actual Load,2026-08-23T20:35:02Z
2026-08-23T20:28:12Z,2026-08-23T22:28:12+0200,1243fdd6-9494-4890-9bf2-14ad2f41f059,2026-08-09T01:00:00Z,2026-08-09T03:00:00+0200,1115.165,MW,DK2,DK_2,actual_load,Actual Load,2026-08-23T20:35:02Z
2026-08-23T20:28:12Z,2026-08-23T22:28:12+0200,1243fdd6-9494-4890-9bf2-14ad2f41f059,2026-08-09T02:00:00Z,2026-08-09T04:00:00+0200,1080.0375,MW,DK2,DK_2,actual_load,Actual Load,2026-08-23T20:35:02Z
2026-08-23T20:28:12Z,2026-08-23T22:28:12+0200,1243fdd6-9494-4890-9bf2-14ad2f41f059,2026-08-09T03:00:00Z,2026-08-09T05:00:00+0200,1064.9225,MW,DK2,DK_2,actual_load,Actual Load,2026-08-23T20:35:02Z
2026-08-23T20:28:12Z,2026-08-23T22:28:12+0200,1243fdd6-9494-4890-9bf2-14ad2f41f059,2026-08-09T04:00:00Z,2026-08-09T06:00:00+0200,1088.395,MW,DK2,DK_2,actual_load,Actual Load,2026-08-23T20:35:02Z
2026-08-23T20:28:12Z,2026-08-23T22:28:12+0200,1243fdd6-9494-4890-9bf2-14ad2f41f059,2026-08-09T05:00:00Z,2026-08-09T07:00:00+0200,1186.7875,MW,DK2,DK_2,actual_load,Actual Load,2026-08-23T20:35:02Z
2026-08-23T20:28:12Z,2026-08-23T22:28:12+0200,1243fdd6-9494-4890-9bf2-14ad2f41f059,2026-08-09T06:00:00Z,2026-08-09T08:00:00+0200,1370.225,MW,DK2,DK_2,actual_load,Actual Load,2026-08-23T20:35:02Z
2026-08-23T20:28:12Z,2026-08-23T22:28:12+0200,1243fdd6-9494-4890-9bf2-14ad2f41f059,2026-08-09T07:00:00Z,2026-08-09T09:00:00+0200,1532.495,MW,DK2,DK_2,actual_load,Actual Load,2026-08-23T20:35:02Z
2026-08-23T20:28:12Z,2026-08-23T22:28:12+0200,1243fdd6-9494-4890-9bf2-14ad2f41f059,2026-08-09T08:00:00Z,2026-08-09T10:00:00+0200,1764.51,MW,DK2,DK_2,actual_load,Actual Load,2026-08-23T20:35:02Z
2026-08-23T20:28:12Z,2026-08-23T22:28:12+0200,1243fdd6-9494-4890-9bf2-14ad2f41f059,2026-08-09T09:00:00Z,2026-08-09T11:00:00+0200,1829.7,MW,DK2,DK_2,actual_load,Actual Load,2026-08-23T20:35:02Z
2026-08-23T20:28:12Z,2026-08-23T22:28:12+0200,1243fdd6-9494-4890-9bf2-14ad2f41f059,2026-08-09T10:00:00Z,2026-08-09T12:00:00+0200,1841.01,MW,DK2,DK_2,actual_load,Actual Load,2026-08-23T20:35:02Z
2026-08-23T20:28:12Z,2026-08-23T22:28:12+0200,1243fdd6-9494-4890-9bf2-14ad2f41f059,2026-08-09T11:00:00Z,2026-08-09T13:00:00+0200,1847.0625,MW,DK2,DK_2,actual_load,Actual Load,2026-08-23T20:35:02Z
2026-08-23T20:28:12Z,2026-08-23T22:28:12+0200,1243fdd6-9494-4890-9bf2-14ad2f41f059,2026-08-09T12:00:00Z,2026-08-09T14:00:00+0200,1817.01,MW,DK2,DK_2,actual_load,Actual Load,2026-08-23T20:35:02Z
2026-08-23T20:28:12Z,2026-08-23T22:28:12+0200,1243fdd6-9494-4890-9bf2-14ad2f41f059,2026-08-09T13:00:00Z,2026-08-09T15:00:00+0200,1741.985,MW,DK2,DK_2,actual_load,Actual Load,2026-08-23T20:35:02Z
2026-08-23T20:28:12Z,2026-08-23T22:28:12+0200,1243fdd6-9494-4890-9bf2-14ad2f41f059,2026-08-09T14:00:00Z,2026-08-09T16:00:00+0200,1710.8775,MW,DK2,DK_2,actual_load,Actual Load,2026-08-23T20:35:02Z
2026-08-23T20:28:12Z,2026-08-23T22:28:12+0200,1243fdd6-9494-4890-9bf2-14ad2f41f059,2026-08-09T15:00:00Z,2026-08-09T17:00:00+0200,1675.725,MW,DK2,DK_2,actual_load,Actual Load,2026-08-23T20:35:02Z
2026-08-23T20:28:12Z,2026-08-23T22:28:12+0200,1243fdd6-9494-4890-9bf2-14ad2f41f059,2026-08-09T16:00:00Z,2026-08-09T18:00:00+0200,1614.385,MW,DK2,DK_2,actual_load,Actual Load,2026-08-23T20:35:02Z
2026-08-23T20:28:12Z,2026-08-23T22:28:12+0200,1243fdd6-9494-4890-9bf2-14ad2f41f059,2026-08-09T17:00:00Z,2026-08-09T19:00:00+0200,1556.34,MW,DK2,DK_2,actual_load,Actual Load,2026-08-23T20:35:02Z
2026-08-23T20:28:12Z,2026-08-23T22:28:12+0200,1243fdd6-9494-4890-9bf2-14ad2f41f059,2026-08-09T18:00:00Z,2026-08-09T20:00:00+0200,1544.2925,MW,DK2,DK_2,actual_load,Actual Load,2026-08-23T20:35:02Z
2026-08-23T20:28:12Z,2026-08-23T22:28:12+0200,1243fdd6-9494-4890-9bf2-14ad2f41f059,2026-08-09T19:00:00Z,2026-08-09T21:00:00+0200,1518.755,MW,DK2,DK_2,actual_load,Actual Load,2026-08-23T20:35:02Z
2026-08-23T20:28:12Z,2026-08-23T22:28:12+0200,1243fdd6-9494-4890-9bf2-14ad2f41f059,2026-08-09T20:00:00Z,2026-08-09T22:00:00+0200,1423.4075,MW,DK2,DK_2,actual_load,Actual Load,2026-08-23T20:35:02Z
2026-08-23T20:28:12Z,2026-08-23T22:28:12+0200,1243fdd6-9494-4890-9bf2-14ad2f41f059,2026-08-09T21:00:00Z,2026-08-09T23:00:00+0200,1296.8375,MW,DK2,DK_2,actual_load,Actual Load,2026-08-23T20:35:02Z
2026-08-23T20:28:12Z,2026-08-23T22:28:12+0200,1243fdd6-9494-4890-9bf2-14ad2f41f059,2026-08-09T22:00:00Z,2026-08-10T00:00:00+0200,1298.5675,MW,DK2,DK_2,actual_load,Actual Load,2026-08-23T20:35:02Z
2026-08-23T20:28:12Z,2026-08-23T22:28:12+0200,1243fdd6-9494-4890-9bf2-14ad2f41f059,2026-08-09T23:00:00Z,2026-08-10T01:00:00+0200,1234.6325,MW,DK2,DK_2,actual_load,Actual Load,2026-08-23T20:35:02Z
2026-08-23T20:28:12Z,2026-08-23T22:28:12+0200,1243fdd6-9494-4890-9bf2-14ad2f41f059,2026-08-10T00:00:00Z,2026-08-10T02:00:00+0200,1200.1475,MW,DK2,DK_2,actual_load,Actual Load,2026-08-23T20:35:02Z
2026-08-23T20:28:12Z,2026-08-23T22:28:12+0200,1243fdd6-9494-4890-9bf2-14ad2f41f059,2026-08-10T01:00:00Z,2026-08-10T03:00:00+0200,1163.69,MW,DK2,DK_2,actual_load,Actual Load,2026-08-23T20:35:02Z
2026-08-23T20:28:12Z,2026-08-23T22:28:12+0200,1243fdd6-9494-4890-9bf2-14ad2f41f059,2026-08-10T02:00:00Z,2026-08-10T04:00:00+0200,1133.8325,MW,DK2,DK_2,actual_load,Actual Load,2026-08-23T20:35:02Z
2026-08-23T20:28:12Z,2026-08-23T22:28:12+0200,1243fdd6-9494-4890-9bf2-14ad2f41f059,2026-08-10T03:00:00Z,2026-08-10T05:00:00+0200,1173.4125,MW,DK2,DK_2,actual_load,Actual Load,2026-08-23T20:35:02Z
2026-08-23T20:28:12Z,2026-08-23T22:28:12+0200,1243fdd6-9494-4890-9bf2-14ad2f41f059,2026-08-10T04:00:00Z,2026-08-10T06:00:00+0200,1297.155,MW,DK2,DK_2,actual_load,Actual Load,2026-08-23T20:35:02Z
2026-08-23T20:28:12Z,2026-08-23T22:28:12+0200,1243fdd6-9494-4890-9bf2-14ad2f41f059,2026-08-10T05:00:00Z,2026-08-10T07:00:00+0200,1520.42,MW,DK2,DK_2,actual_load,Actual Load,2026-08-23T20:35:02Z
2026-08-23T20:28:12Z,2026-08-23T22:28:12+0200,1243fdd6-9494-4890-9bf2-14ad2f41f059,2026-08-10T06:00:00Z,2026-08-10T08:00:00+0200,1725.785,MW,DK2,DK_2,actual_load,Actual Load,2026-08-23T20:35:02Z
2026-08-23T20:28:12Z,2026-08-23T22:28:12+0200,1243fdd6-9494-4890-9bf2-14ad2f41f059,2026-08-10T07:00:00Z,2026-08-10T09:00:00+0200,1804.895,MW,DK2,DK_2,actual_load,Actual Load,2026-08-23T20:35:02Z
2026-08-23T20:28:12Z,2026-08-23T22:28:12+0200,1243fdd6-9494-4890-9bf2-14ad2f41f059,2026-08-10T08:00:00Z,2026-08-10T10:00:00+0200,1853.025,MW,DK2,DK_2,actual_load,Actual Load,2026-08-23T20:35:02Z
2026-08-23T20:28:12Z,2026-08-23T22:28:12+0200,1243fdd6-9494-4890-9bf2-14ad2f41f059,2026-08-10T09:00:00Z,2026-08-10T11:00:00+0200,1869.02,MW,DK2,DK_2,actual_load,Actual Load,2026-08-23T20:35:02Z
2026-08-23T20:28:12Z,2026-08-23T22:28:12+0200,1243fdd6-9494-4890-9bf2-14ad2f41f059,2026-08-10T10:00:00Z,2026-08-10T12:00:00+0200,1894.7,MW,DK2,DK_2,actual_load,Actual Load,2026-08-23T20:35:02Z
2026-08-23T20:28:12Z,2026-08-23T22:28:12+0200,1243fdd6-9494-4890-9bf2-14ad2f41f059,2026-08-10T11:00:00Z,2026-08-10T13:00:00+0200,2020.8,MW,DK2,DK_2,actual_load,Actual Load,2026-08-23T20:35:02Z
2026-08-23T20:28:12Z,2026-08-23T22:28:12+0200,1243fdd6-9494-4890-9bf2-14ad2f41f059,2026-08-10T12:00:00Z,2026-08-10T14:00:00+0200,1938.23,MW,DK2,DK_2,actual_load,Actual Load,2026-08-23T20:35:02Z
2026-08-23T20:28:12Z,2026-08-23T22:28:12+0200,1243fdd6-9494-4890-9bf2-14ad2f41f059,2026-08-10T13:00:00Z,2026-08-10T15:00:00+0200,1901.945,MW,DK2,DK_2,actual_load,Actual Load,2026-08-23T20:35:02Z
2026-08-23T20:28:12Z,2026-08-23T22:28:12+0200,1243fdd6-9494-4890-9bf2-14ad2f41f059,2026-08-10T14:00:00Z,2026-08-10T16:00:00+0200,1892.7125,MW,DK2,DK_2,actual_load,Actual Load,2026-08-23T20:35:02Z
2026-08-23T20:28:12Z,2026-08-23T22:28:12+0200,1243fdd6-9494-4890-9bf2-14ad2f41f059,2026-08-10T15:00:00Z,2026-08-10T17:00:00+0200,1857.24,MW,DK2,DK_2,actual_load,Actual Load,2026-08-23T20:35:02Z
2026-08-23T20:28:12Z,2026-08-23T22:28:12+0200,1243fdd6-9494-4890-9bf2-14ad2f41f059,2026-08-10T16:00:00Z,2026-08-10T18:00:00+0200,1855.935,MW,DK2,DK_2,actual_load,Actual Load,2026-08-23T20:35:02Z
2026-08-23T20:28:12Z,2026-08-23T22:28:12+0200,1243fdd6-9494-4890-9bf2-14ad2f41f059,2026-08-10T17:00:00Z,2026-08-10T19:00:00+0200,1726.68,MW,DK2,DK_2,actual_load,Actual Load,2026-08-23T20:35:02Z
2026-08-23T20:28:12Z,2026-08-23T22:28:12+0200,1243fdd6-9494-4890-9bf2-14ad2f41f059,2026-08-10T18:00:00Z,2026-08-10T20:00:00+0200,1589.76,MW,DK2,DK_2,actual_load,Actual Load,2026-08-23T20:35:02Z
2026-08-23T20:28:12Z,2026-08-23T22:28:12+0200,1243fdd6-9494-4890-9bf2-14ad2f41f059,2026-08-10T19:00:00Z,2026-08-10T21:00:00+0200,1507.9225,MW,DK2,DK_2,actual_load,Actual Load,2026-08-23T20:35:02Z
2026-08-23T20:28:12Z,2026-08-23T22:28:12+0200,1243fdd6-9494-4890-9bf2-14ad2f41f059,2026-08-10T20:00:00Z,2026-08-10T22:00:00+0200,1468.8875,MW,DK2,DK_2,actual_load,Actual Load,2026-08-23T20:35:02Z
2026-08-23T20:28:12Z,2026-08-23T22:28:12+0200,1243fdd6-9494-4890-9bf2-14ad2f41f059,2026-08-10T21:00:00Z,2026-08-10T23:00:00+0200,1350.7675,MW,DK2,DK_2,actual_load,Actual Load,2026-08-23T20:35:02Z
2026-08-23T20:28:12Z,2026-08-23T22:28:12+0200,1243fdd6-9494-4890-9bf2-14ad2f41f059,2026-08-10T22:00:00Z,2026-08-11T00:00:00+0200,1335.1475,MW,DK2,DK_2,actual_load,Actual Load,2026-08-23T20:35:02Z
2026-08-23T20:28:12Z,2026-08-23T22:28:12+0200,1243fdd6-9494-4890-9bf2-14ad2f41f059,2026-08-10T23:00:00Z,2026-08-11T01:00:00+0200,1312.3125,MW,DK2,DK_2,actual_load,Actual Load,2026-08-23T20:35:02Z
2026-08-23T20:28:12Z,2026-08-23T22:28:12+0200,1243fdd6-9494-4890-9bf2-14ad2f41f059,2026-08-11T00:00:00Z,2026-08-11T02:00:00+0200,1279.3,MW,DK2,DK_2,actual_load,Actual Load,2026-08-23T20:35:02Z
2026-08-23T20:28:12Z,2026-08-23T22:28:12+0200,1243fdd6-9494-4890-9bf2-14ad2f41f059,2026-08-11T01:00:00Z,2026-08-11T03:00:00+0200,1234.775,MW,DK2,DK_2,actual_load,Actual Load,2026-08-23T20:35:02Z
2026-08-23T20:28:12Z,2026-08-23T22:28:12+0200,1243fdd6-9494-4890-9bf2-14ad2f41f059,2026-08-11T02:00:00Z,2026-08-11T04:00:00+0200,1208.6525,MW,DK2,DK_2,actual_load,Actual Load,2026-08-23T20:35:02Z
2026-08-23T20:28:12Z,2026-08-23T22:28:12+0200,1243fdd6-9494-4890-9bf2-14ad2f41f059,2026-08-11T03:00:00Z,2026-08-11T05:00:00+0200,1206.9875,MW,DK2,DK_2,actual_load,Actual Load,2026-08-23T20:35:02Z
2026-08-23T20:28:12Z,2026-08-23T22:28:12+0200,1243fdd6-9494-4890-9bf2-14ad2f41f059,2026-08-11T04:00:00Z,2026-08-11T06:00:00+0200,1355.015,MW,DK2,DK_2,actual_load,Actual Load,2026-08-23T20:35:02Z
2026-08-23T20:28:12Z,2026-08-23T22:28:12+0200,1243fdd6-9494-4890-9bf2-14ad2f41f059,2026-08-11T05:00:00Z,2026-08-11T07:00:00+0200,1575.215,MW,DK2,DK_2,actual_load,Actual Load,2026-08-23T20:35:02Z
2026-08-23T20:28:12Z,2026-08-23T22:28:12+0200,1243fdd6-9494-4890-9bf2-14ad2f41f059,2026-08-11T06:00:00Z,2026-08-11T08:00:00+0200,1767.96,MW,DK2,DK_2,actual_load,Actual Load,2026-08-23T20:35:02Z
2026-08-23T20:28:12Z,2026-08-23T22:28:12+0200,1243fdd6-9494-4890-9bf2-14ad2f41f059,2026-08-11T07:00:00Z,2026-08-11T09:00:00+0200,1813.9225,MW,DK2,DK_2,actual_load,Actual Load,2026-08-23T20:35:02Z
2026-08-23T20:28:12Z,2026-08-23T22:28:12+0200,1243fdd6-9494-4890-9bf2-14ad2f41f059,2026-08-11T08:00:00Z,2026-08-11T10:00:00+0200,1907.6275,MW,DK2,DK_2,actual_load,Actual Load,2026-08-23T20:35:02Z
2026-08-23T20:28:12Z,2026-08-23T22:28:12+0200,1243fdd6-9494-4890-9bf2-14ad2f41f059,2026-08-11T09:00:00Z,2026-08-11T11:00:00+0200,1941.4825,MW,DK2,DK_2,actual_load,Actual Load,2026-08-23T20:35:02Z
2026-08-23T20:28:12Z,2026-08-23T22:28:12+0200,1243fdd6-9494-4890-9bf2-14ad2f41f059,2026-08-11T10:00:00Z,2026-08-11T12:00:00+0200,1978.925,MW,DK2,DK_2,actual_load,Actual Load,2026-08-23T20:35:02Z
2026-08-23T20:28:12Z,2026-08-23T22:28:12+0200,1243fdd6-9494-4890-9bf2-14ad2f41f059,2026-08-11T11:00:00Z,2026-08-11T13:00:00+0200,1981.9225,MW,DK2,DK_2,actual_load,Actual Load,2026-08-23T20:35:02Z
2026-08-23T20:28:12Z,2026-08-23T22:28:12+0200,1243fdd6-9494-4890-9bf2-14ad2f41f059,2026-08-11T12:00:00Z,2026-08-11T14:00:00+0200,1918.855,MW,DK2,DK_2,actual_load,Actual Load,2026-08-23T20:35:02Z
2026-08-23T20:28:12Z,2026-08-23T22:28:12+0200,1243fdd6-9494-4890-9bf2-14ad2f41f059,2026-08-11T13:00:00Z,2026-08-11T15:00:00+0200,1863.3875,MW,DK2,DK_2,actual_load,Actual Load,2026-08-23T20:35:02Z
2026-08-23T20:28:12Z,2026-08-23T22:28:12+0200,1243fdd6-9494-4890-9bf2-14ad2f41f059,2026-08-11T14:00:00Z,2026-08-11T16:00:00+0200,1846.565,MW,DK2,DK_2,actual_load,Actual Load,2026-08-23T20:35:02Z
2026-08-23T20:28:12Z,2026-08-23T22:28:12+0200,1243fdd6-9494-4890-9bf2-14ad2f41f059,2026-08-11T15:00:00Z,2026-08-11T17:00:00+0200,1811.3675,MW,DK2,DK_2,actual_load,Actual Load,2026-08-23T20:35:02Z
2026-08-23T20:28:12Z,2026-08-23T22:28:12+0200,1243fdd6-9494-4890-9bf2-14ad2f41f059,2026-08-11T16:00:00Z,2026-08-11T18:00:00+0200,1731.23,MW,DK2,DK_2,actual_load,Actual Load,2026-08-23T20:35:02Z
2026-08-23T20:28:12Z,2026-08-23T22:28:12+0200,1243fdd6-9494-4890-9bf2-14ad2f41f059,2026-08-11T17:00:00Z,2026-08-11T19:00:00+0200,1655.8375,MW,DK2,DK_2,actual_load,Actual Load,2026-08-23T20:35:02Z
2026-08-23T20:28:12Z,2026-08-23T22:28:12+0200,1243fdd6-9494-4890-9bf2-14ad2f41f059,2026-08-11T18:00:00Z,2026-08-11T20:00:00+0200,1512.1775,MW,DK2,DK_2,actual_load,Actual Load,2026-08-23T20:35:02Z
2026-08-23T20:28:12Z,2026-08-23T22:28:12+0200,1243fdd6-9494-4890-9bf2-14ad2f41f059,2026-08-11T19:00:00Z,2026-08-11T21:00:00+0200,1483.5975,MW,DK2,DK_2,actual_load,Actual Load,2026-08-23T20:35:02Z
2026-08-23T20:28:12Z,2026-08-23T22:28:12+0200,1243fdd6-9494-4890-9bf2-14ad2f41f059,2026-08-11T20:00:00Z,2026-08-11T22:00:00+0200,1433.6,MW,DK2,DK_2,actual_load,Actual Load,2026-08-23T20:35:02Z
2026-08-23T20:28:12Z,2026-08-23T22:28:12+0200,1243fdd6-9494-4890-9bf2-14ad2f41f059,2026-08-11T21:00:00Z,2026-08-11T23:00:00+0200,1321.8925,MW,DK2,DK_2,actual_load,Actual Load,2026-08-23T20:35:02Z
2026-08-23T20:28:12Z,2026-08-23T22:28:12+0200,1243fdd6-9494-4890-9bf2-14ad2f41f059,2026-08-11T22:00:00Z,2026-08-12T00:00:00+0200,1286.0525,MW,DK2,DK_2,actual_load,Actual Load,2026-08-23T20:35:02Z
2026-08-23T20:28:12Z,2026-08-23T22:28:12+0200,1243fdd6-9494-4890-9bf2-14ad2f41f059,2026-08-11T23:00:00Z,2026-08-12T01:00:00+0200,1258.835,MW,DK2,DK_2,actual_load,Actual Load,2026-08-23T20:35:02Z
2026-08-23T20:28:12Z,2026-08-23T22:28:12+0200,1243fdd6-9494-4890-9bf2-14ad2f41f059,2026-08-12T00:00:00Z,2026-08-12T02:00:00+0200,1243.2125,MW,DK2,DK_2,actual_load,Actual Load,2026-08-23T20:35:02Z
2026-08-23T20:28:12Z,2026-08-23T22:28:12+0200,1243fdd6-9494-4890-9bf2-14ad2f41f059,2026-08-12T01:00:00Z,2026-08-12T03:00:00+0200,1210.215,MW,DK2,DK_2,actual_load,Actual Load,2026-08-23T20:35:02Z
2026-08-23T20:28:12Z,2026-08-23T22:28:12+0200,1243fdd6-9494-4890-9bf2-14ad2f41f059,2026-08-12T02:00:00Z,2026-08-12T04:00:00+0200,1160.7225,MW,DK2,DK_2,actual_load,Actual Load,2026-08-23T20:35:02Z
2026-08-23T20:28:12Z,2026-08-23T22:28:12+0200,1243fdd6-9494-4890-9bf2-14ad2f41f059,2026-08-12T03:00:00Z,2026-08-12T05:00:00+0200,1196.28,MW,DK2,DK_2,actual_load,Actual Load,2026-08-23T20:35:02Z
2026-08-23T20:28:12Z,2026-08-23T22:28:12+0200,1243fdd6-9494-4890-9bf2-14ad2f41f059,2026-08-12T04:00:00Z,2026-08-12T06:00:00+0200,1357.265,MW,DK2,DK_2,actual_load,Actual Load,2026-08-23T20:35:02Z
2026-08-23T20:28:12Z,2026-08-23T22:28:12+0200,1243fdd6-9494-4890-9bf2-14ad2f41f059,2026-08-12T05:00:00Z,2026-08-12T07:00:00+0200,1562.4075,MW,DK2,DK_2,actual_load,Actual Load,2026-08-23T20:35:02Z
2026-08-23T20:28:12Z,2026-08-23T22:28:12+0200,1243fdd6-9494-4890-9bf2-14ad2f41f059,2026-08-12T06:00:00Z,2026-08-12T08:00:00+0200,1698.01,MW,DK2,DK_2,actual_load,Actual Load,2026-08-23T20:35:02Z
2026-08-23T20:28:12Z,2026-08-23T22:28:12+0200,1243fdd6-9494-4890-9bf2-14ad2f41f059,2026-08-12T07:00:00Z,2026-08-12T09:00:00+0200,1769.685,MW,DK2,DK_2,actual_load,Actual Load,2026-08-23T20:35:02Z
2026-08-23T20:28:12Z,2026-08-23T22:28:12+0200,1243fdd6-9494-4890-9bf2-14ad2f41f059,2026-08-12T08:00:00Z,2026-08-12T10:00:00+0200,1804.7725,MW,DK2,DK_2,actual_load,Actual Load,2026-08-23T20:35:02Z
2026-08-23T20:28:12Z,2026-08-23T22:28:12+0200,1243fdd6-9494-4890-9bf2-14ad2f41f059,2026-08-12T09:00:00Z,2026-08-12T11:00:00+0200,1938.7675,MW,DK2,DK_2,actual_load,Actual Load,2026-08-23T20:35:02Z
2026-08-23T20:28:12Z,2026-08-23T22:28:12+0200,1243fdd6-9494-4890-9bf2-14ad2f41f059,2026-08-12T10:00:00Z,2026-08-12T12:00:00+0200,2012.3675,MW,DK2,DK_2,actual_load,Actual Load,2026-08-23T20:35:02Z
2026-08-23T20:28:12Z,2026-08-23T22:28:12+0200,1243fdd6-9494-4890-9bf2-14ad2f41f059,2026-08-12T11:00:00Z,2026-08-12T13:00:00+0200,2025.0075,MW,DK2,DK_2,actual_load,Actual Load,2026-08-23T20:35:02Z
2026-08-23T20:28:12Z,2026-08-23T22:28:12+0200,1243fdd6-9494-4890-9bf2-14ad2f41f059,2026-08-12T12:00:00Z,2026-08-12T14:00:00+0200,1955.0775,MW,DK2,DK_2,actual_load,Actual Load,2026-08-23T20:35:02Z
2026-08-23T20:28:12Z,2026-08-23T22:28:12+0200,1243fdd6-9494-4890-9bf2-14ad2f41f059,2026-08-12T13:00:00Z,2026-08-12T15:00:00+0200,1851.28,MW,DK2,DK_2,actual_load,Actual Load,2026-08-23T20:35:02Z
2026-08-23T20:28:12Z,2026-08-23T22:28:12+0200,1243fdd6-9494-4890-9bf2-14ad2f41f059,2026-08-12T14:00:00Z,2026-08-12T16:00:00+0200,1825.055,MW,DK2,DK_2,actual_load,Actual Load,2026-08-23T20:35:02Z
2026-08-23T20:28:12Z,2026-08-23T22:28:12+0200,1243fdd6-9494-4890-9bf2-14ad2f41f059,2026-08-12T15:00:00Z,2026-08-12T17:00:00+0200,1819.6025,MW,DK2,DK_2,actual_load,Actual Load,2026-08-23T20:35:02Z
2026-08-23T20:28:12Z,2026-08-23T22:28:12+0200,1243fdd6-9494-4890-9bf2-14ad2f41f059,2026-08-12T16:00:00Z,2026-08-12T18:00:00+0200,1742.76,MW,DK2,DK_2,actual_load,Actual Load,2026-08-23T20:35:02Z
2026-08-23T20:28:12Z,2026-08-23T22:28:12+0200,1243fdd6-9494-4890-9bf2-14ad2f41f059,2026-08-12T17:00:00Z,2026-08-12T19:00:00+0200,1669.2525,MW,DK2,DK_2,actual_load,Actual Load,2026-08-23T20:35:02Z
2026-08-23T20:28:12Z,2026-08-23T22:28:12+0200,1243fdd6-9494-4890-9bf2-14ad2f41f059,2026-08-12T18:00:00Z,2026-08-12T20:00:00+0200,1544.0725,MW,DK2,DK_2,actual_load,Actual Load,2026-08-23T20:35:02Z
2026-08-23T20:28:12Z,2026-08-23T22:28:12+0200,1243fdd6-9494-4890-9bf2-14ad2f41f059,2026-08-12T19:00:00Z,2026-08-12T21:00:00+0200,1492.455,MW,DK2,DK_2,actual_load,Actual Load,2026-08-23T20:35:02Z
2026-08-23T20:28:12Z,2026-08-23T22:28:12+0200,1243fdd6-9494-4890-9bf2-14ad2f41f059,2026-08-12T20:00:00Z,2026-08-12T22:00:00+0200,1423.4075,MW,DK2,DK_2,actual_load,Actual Load,2026-08-23T20:35:02Z
2026-08-23T20:28:12Z,2026-08-23T22:28:12+0200,1243fdd6-9494-4890-9bf2-14ad2f41f059,2026-08-12T21:00:00Z,2026-08-12T23:00:00+0200,1323.73,MW,DK2,DK_2,actual_load,Actual Load,2026-08-23T20:35:02Z
2026-08-23T20:28:12Z,2026-08-23T22:28:12+0200,1243fdd6-9494-4890-9bf2-14ad2f41f059,2026-08-12T22:00:00Z,2026-08-13T00:00:00+0200,1311.66,MW,DK2,DK_2,actual_load,Actual Load,2026-08-23T20:35:02Z
2026-08-23T20:28:12Z,2026-08-23T22:28:12+0200,1243fdd6-9494-4890-9bf2-14ad2f41f059,2026-08-12T23:00:00Z,2026-08-13T01:00:00+0200,1283.03,MW,DK2,DK_2,actual_load,Actual Load,2026-08-23T20:35:02Z
2026-08-23T20:28:12Z,2026-08-23T22:28:12+0200,1243fdd6-9494-4890-9bf2-14ad2f41f059,2026-08-13T00:00:00Z,2026-08-13T02:00:00+0200,1242.6,MW,DK2,DK_2,actual_load,Actual Load,2026-08-23T20:35:02Z
2026-08-23T20:28:12Z,2026-08-23T22:28:12+0200,1243fdd6-9494-4890-9bf2-14ad2f41f059,2026-08-13T01:00:00Z,2026-08-13T03:00:00+0200,1214.09,MW,DK2,DK_2,actual_load,Actual Load,2026-08-23T20:35:02Z
2026-08-23T20:28:12Z,2026-08-23T22:28:12+0200,1243fdd6-9494-4890-9bf2-14ad2f41f059,2026-08-13T02:00:00Z,2026-08-13T04:00:00+0200,1178.575,MW,DK2,DK_2,actual_load,Actual Load,2026-08-23T20:35:02Z
2026-08-23T20:28:12Z,2026-08-23T22:28:12+0200,1243fdd6-9494-4890-9bf2-14ad2f41f059,2026-08-13T03:00:00Z,2026-08-13T05:00:00+0200,1192.645,MW,DK2,DK_2,actual_load,Actual Load,2026-08-23T20:35:02Z
2026-08-23T20:28:12Z,2026-08-23T22:28:12+0200,1243fdd6-9494-4890-9bf2-14ad2f41f059,2026-08-13T04:00:00Z,2026-08-13T06:00:00+0200,1370.315,MW,DK2,DK_2,actual_load,Actual Load,2026-08-23T20:35:02Z
2026-08-23T20:28:12Z,2026-08-23T22:28:12+0200,1243fdd6-9494-4890-9bf2-14ad2f41f059,2026-08-13T05:00:00Z,2026-08-13T07:00:00+0200,1561.0925,MW,DK2,DK_2,actual_load,Actual Load,2026-08-23T20:35:02Z
2026-08-23T20:28:12Z,2026-08-23T22:28:12+0200,1243fdd6-9494-4890-9bf2-14ad2f41f059,2026-08-13T06:00:00Z,2026-08-13T08:00:00+0200,1711.795,MW,DK2,DK_2,actual_load,Actual Load,2026-08-23T20:35:02Z
2026-08-23T20:28:12Z,2026-08-23T22:28:12+0200,1243fdd6-9494-4890-9bf2-14ad2f41f059,2026-08-13T07:00:00Z,2026-08-13T09:00:00+0200,2004.045,MW,DK2,DK_2,actual_load,Actual Load,2026-08-23T20:35:02Z
2026-08-23T20:28:12Z,2026-08-23T22:28:12+0200,1243fdd6-9494-4890-9bf2-14ad2f41f059,2026-08-13T08:00:00Z,2026-08-13T10:00:00+0200,1865.6475,MW,DK2,DK_2,actual_load,Actual Load,2026-08-23T20:35:02Z
2026-08-23T20:28:12Z,2026-08-23T22:28:12+0200,1243fdd6-9494-4890-9bf2-14ad2f41f059,2026-08-13T09:00:00Z,2026-08-13T11:00:00+0200,1949.375,MW,DK2,DK_2,actual_load,Actual Load,2026-08-23T20:35:02Z
2026-08-23T20:28:12Z,2026-08-23T22:28:12+0200,1243fdd6-9494-4890-9bf2-14ad2f41f059,2026-08-13T10:00:00Z,2026-08-13T12:00:00+0200,2013.4675,MW,DK2,DK_2,actual_load,Actual Load,2026-08-23T20:35:02Z
2026-08-23T20:28:12Z,2026-08-23T22:28:12+0200,1243fdd6-9494-4890-9bf2-14ad2f41f059,2026-08-13T11:00:00Z,2026-08-13T13:00:00+0200,1988.84,MW,DK2,DK_2,actual_load,Actual Load,2026-08-23T20:35:02Z
2026-08-23T20:28:12Z,2026-08-23T22:28:12+0200,1243fdd6-9494-4890-9bf2-14ad2f41f059,2026-08-13T12:00:00Z,2026-08-13T14:00:00+0200,1934.4275,MW,DK2,DK_2,actual_load,Actual Load,2026-08-23T20:35:02Z
2026-08-23T20:28:12Z,2026-08-23T22:28:12+0200,1243fdd6-9494-4890-9bf2-14ad2f41f059,2026-08-13T13:00:00Z,2026-08-13T15:00:00+0200,1909.215,MW,DK2,DK_2,actual_load,Actual Load,2026-08-23T20:35:02Z
2026-08-23T20:28:12Z,2026-08-23T22:28:12+0200,1243fdd6-9494-4890-9bf2-14ad2f41f059,2026-08-13T14:00:00Z,2026-08-13T16:00:00+0200,1860.785,MW,DK2,DK_2,actual_load,Actual Load,2026-08-23T20:35:02Z
2026-08-23T20:28:12Z,2026-08-23T22:28:12+0200,1243fdd6-9494-4890-9bf2-14ad2f41f059,2026-08-13T15:00:00Z,2026-08-13T17:00:00+0200,1899.06,MW,DK2,DK_2,actual_load,Actual Load,2026-08-23T20:35:02Z
2026-08-23T20:28:12Z,2026-08-23T22:28:12+0200,1243fdd6-9494-4890-9bf2-14ad2f41f059,2026-08-13T16:00:00Z,2026-08-13T18:00:00+0200,1805.325,MW,DK2,DK_2,actual_load,Actual Load,2026-08-23T20:35:02Z
2026-08-23T20:28:12Z,2026-08-23T22:28:12+0200,1243fdd6-9494-4890-9bf2-14ad2f41f059,2026-08-13T17:00:00Z,2026-08-13T19:00:00+0200,1675.7275,MW,DK2,DK_2,actual_load,Actual Load,2026-08-23T20:35:02Z
2026-08-23T20:28:12Z,2026-08-23T22:28:12+0200,1243fdd6-9494-4890-9bf2-14ad2f41f059,2026-08-13T18:00:00Z,2026-08-13T20:00:00+0200,1579.79,MW,DK2,DK_2,actual_load,Actual Load,2026-08-23T20:35:02Z
2026-08-23T20:28:12Z,2026-08-23T22:28:12+0200,1243fdd6-9494-4890-9bf2-14ad2f41f059,2026-08-13T19:00:00Z,2026-08-13T21:00:00+0200,1542.66,MW,DK2,DK_2,actual_load,Actual Load,2026-08-23T20:35:02Z
2026-08-23T20:28:12Z,2026-08-23T22:28:12+0200,1243fdd6-9494-4890-9bf2-14ad2f41f059,2026-08-13T20:00:00Z,2026-08-13T22:00:00+0200,1507.1425,MW,DK2,DK_2,actual_load,Actual Load,2026-08-23T20:35:02Z
2026-08-23T20:28:12Z,2026-08-23T22:28:12+0200,1243fdd6-9494-4890-9bf2-14ad2f41f059,2026-08-13T21:00:00Z,2026-08-13T23:00:00+0200,1385.9825,MW,DK2,DK_2,actual_load,Actual Load,2026-08-23T20:35:02Z
2026-08-23T20:28:12Z,2026-08-23T22:28:12+0200,1243fdd6-9494-4890-9bf2-14ad2f41f059,2026-08-13T22:00:00Z,2026-08-14T00:00:00+0200,1330.37,MW,DK2,DK_2,actual_load,Actual Load,2026-08-23T20:35:02Z
2026-08-23T20:28:12Z,2026-08-23T22:28:12+0200,1243fdd6-9494-4890-9bf2-14ad2f41f059,2026-08-13T23:00:00Z,2026-08-14T01:00:00+0200,1316.08,MW,DK2,DK_2,actual_load,Actual Load,2026-08-23T20:35:02Z
2026-08-23T20:28:12Z,2026-08-23T22:28:12+0200,1243fdd6-9494-4890-9bf2-14ad2f41f059,2026-08-14T00:00:00Z,2026-08-14T02:00:00+0200,1297.285,MW,DK2,DK_2,actual_load,Actual Load,2026-08-23T20:35:02Z
2026-08-23T20:28:12Z,2026-08-23T22:28:12+0200,1243fdd6-9494-4890-9bf2-14ad2f41f059,2026-08-14T01:00:00Z,2026-08-14T03:00:00+0200,1242.4175,MW,DK2,DK_2,actual_load,Actual Load,2026-08-23T20:35:02Z
2026-08-23T20:28:12Z,2026-08-23T22:28:12+0200,1243fdd6-9494-4890-9bf2-14ad2f41f059,2026-08-14T02:00:00Z,2026-08-14T04:00:00+0200,1195.2,MW,DK2,DK_2,actual_load,Actual Load,2026-08-23T20:35:02Z
2026-08-23T20:28:12Z,2026-08-23T22:28:12+0200,1243fdd6-9494-4890-9bf2-14ad2f41f059,2026-08-14T03:00:00Z,2026-08-14T05:00:00+0200,1200.725,MW,DK2,DK_2,actual_load,Actual Load,2026-08-23T20:35:02Z
2026-08-23T20:28:12Z,2026-08-23T22:28:12+0200,1243fdd6-9494-4890-9bf2-14ad2f41f059,2026-08-14T04:00:00Z,2026-08-14T06:00:00+0200,1364.93,MW,DK2,DK_2,actual_load,Actual Load,2026-08-23T20:35:02Z
2026-08-23T20:28:12Z,2026-08-23T22:28:12+0200,1243fdd6-9494-4890-9bf2-14ad2f41f059,2026-08-14T05:00:00Z,2026-08-14T07:00:00+0200,1562.6425,MW,DK2,DK_2,actual_load,Actual Load,2026-08-23T20:35:02Z
2026-08-23T20:28:12Z,2026-08-23T22:28:12+0200,1243fdd6-9494-4890-9bf2-14ad2f41f059,2026-08-14T06:00:00Z,2026-08-14T08:00:00+0200,1734.165,MW,DK2,DK_2,actual_load,Actual Load,2026-08-23T20:35:02Z
2026-08-23T20:28:12Z,2026-08-23T22:28:12+0200,1243fdd6-9494-4890-9bf2-14ad2f41f059,2026-08-14T07:00:00Z,2026-08-14T09:00:00+0200,1870.735,MW,DK2,DK_2,actual_load,Actual Load,2026-08-23T20:35:02Z
2026-08-23T20:28:12Z,2026-08-23T22:28:12+0200,1243fdd6-9494-4890-9bf2-14ad2f41f059,2026-08-14T08:00:00Z,2026-08-14T10:00:00+0200,1902.315,MW,DK2,DK_2,actual_load,Actual Load,2026-08-23T20:35:02Z
2026-08-23T20:28:12Z,2026-08-23T22:28:12+0200,1243fdd6-9494-4890-9bf2-14ad2f41f059,2026-08-14T09:00:00Z,2026-08-14T11:00:00+0200,1945.7175,MW,DK2,DK_2,actual_load,Actual Load,2026-08-23T20:35:02Z
2026-08-23T20:28:12Z,2026-08-23T22:28:12+0200,1243fdd6-9494-4890-9bf2-14ad2f41f059,2026-08-14T10:00:00Z,2026-08-14T12:00:00+0200,2087.94,MW,DK2,DK_2,actual_load,Actual Load,2026-08-23T20:35:02Z
2026-08-23T20:28:12Z,2026-08-23T22:28:12+0200,1243fdd6-9494-4890-9bf2-14ad2f41f059,2026-08-14T11:00:00Z,2026-08-14T13:00:00+0200,2097.6875,MW,DK2,DK_2,actual_load,Actual Load,2026-08-23T20:35:02Z
2026-08-23T20:28:12Z,2026-08-23T22:28:12+0200,1243fdd6-9494-4890-9bf2-14ad2f41f059,2026-08-14T12:00:00Z,2026-08-14T14:00:00+0200,2008.7125,MW,DK2,DK_2,actual_load,Actual Load,2026-08-23T20:35:02Z
2026-08-23T20:28:12Z,2026-08-23T22:28:12+0200,1243fdd6-9494-4890-9bf2-14ad2f41f059,2026-08-14T13:00:00Z,2026-08-14T15:00:00+0200,1913.485,MW,DK2,DK_2,actual_load,Actual Load,2026-08-23T20:35:02Z
2026-08-23T20:28:12Z,2026-08-23T22:28:12+0200,1243fdd6-9494-4890-9bf2-14ad2f41f059,2026-08-14T14:00:00Z,2026-08-14T16:00:00+0200,1859.9325,MW,DK2,DK_2,actual_load,Actual Load,2026-08-23T20:35:02Z
2026-08-23T20:28:12Z,2026-08-23T22:28:12+0200,1243fdd6-9494-4890-9bf2-14ad2f41f059,2026-08-14T15:00:00Z,2026-08-14T17:00:00+0200,1790.245,MW,DK2,DK_2,actual_load,Actual Load,2026-08-23T20:35:02Z
2026-08-23T20:28:12Z,2026-08-23T22:28:12+0200,1243fdd6-9494-4890-9bf2-14ad2f41f059,2026-08-14T16:00:00Z,2026-08-14T18:00:00+0200,1754.905,MW,DK2,DK_2,actual_load,Actual Load,2026-08-23T20:35:02Z
2026-08-23T20:28:12Z,2026-08-23T22:28:12+0200,1243fdd6-9494-4890-9bf2-14ad2f41f059,2026-08-14T17:00:00Z,2026-08-14T19:00:00+0200,1622.75,MW,DK2,DK_2,actual_load,Actual Load,2026-08-23T20:35:02Z
2026-08-23T20:28:12Z,2026-08-23T22:28:12+0200,1243fdd6-9494-4890-9bf2-14ad2f41f059,2026-08-14T18:00:00Z,2026-08-14T20:00:00+0200,1534.1175,MW,DK2,DK_2,actual_load,Actual Load,2026-08-23T20:35:02Z
2026-08-23T20:28:12Z,2026-08-23T22:28:12+0200,1243fdd6-9494-4890-9bf2-14ad2f41f059,2026-08-14T19:00:00Z,2026-08-14T21:00:00+0200,1518.555,MW,DK2,DK_2,actual_load,Actual Load,2026-08-23T20:35:02Z
2026-08-23T20:28:12Z,2026-08-23T22:28:12+0200,1243fdd6-9494-4890-9bf2-14ad2f41f059,2026-08-14T20:00:00Z,2026-08-14T22:00:00+0200,1475.6825,MW,DK2,DK_2,actual_load,Actual Load,2026-08-23T20:35:02Z
2026-08-23T20:28:12Z,2026-08-23T22:28:12+0200,1243fdd6-9494-4890-9bf2-14ad2f41f059,2026-08-14T21:00:00Z,2026-08-14T23:00:00+0200,1378.3425,MW,DK2,DK_2,actual_load,Actual Load,2026-08-23T20:35:02Z
2026-08-23T20:28:12Z,2026-08-23T22:28:12+0200,1243fdd6-9494-4890-9bf2-14ad2f41f059,2026-08-14T22:00:00Z,2026-08-15T00:00:00+0200,1331.6275,MW,DK2,DK_2,actual_load,Actual Load,2026-08-23T20:35:02Z
2026-08-23T20:28:12Z,2026-08-23T22:28:12+0200,1243fdd6-9494-4890-9bf2-14ad2f41f059,2026-08-14T23:00:00Z,2026-08-15T01:00:00+0200,1283.555,MW,DK2,DK_2,actual_load,Actual Load,2026-08-23T20:35:02Z
2026-08-23T20:28:12Z,2026-08-23T22:28:12+0200,1243fdd6-9494-4890-9bf2-14ad2f41f059,2026-08-15T00:00:00Z,2026-08-15T02:00:00+0200,1270.23,MW,DK2,DK_2,actual_load,Actual Load,2026-08-23T20:35:02Z
2026-08-23T20:28:12Z,2026-08-23T22:28:12+0200,1243fdd6-9494-4890-9bf2-14ad2f41f059,2026-08-15T01:00:00Z,2026-08-15T03:00:00+0200,1234.84,MW,DK2,DK_2,actual_load,Actual Load,2026-08-23T20:35:02Z
2026-08-23T20:28:12Z,2026-08-23T22:28:12+0200,1243fdd6-9494-4890-9bf2-14ad2f41f059,2026-08-15T02:00:00Z,2026-08-15T04:00:00+0200,1202.825,MW,DK2,DK_2,actual_load,Actual Load,2026-08-23T20:35:02Z
2026-08-23T20:28:12Z,2026-08-23T22:28:12+0200,1243fdd6-9494-4890-9bf2-14ad2f41f059,2026-08-15T03:00:00Z,2026-08-15T05:00:00+0200,1153.925,MW,DK2,DK_2,actual_load,Actual Load,2026-08-23T20:35:02Z
2026-08-23T20:28:12Z,2026-08-23T22:28:12+0200,1243fdd6-9494-4890-9bf2-14ad2f41f059,2026-08-15T04:00:00Z,2026-08-15T06:00:00+0200,1126.7525,MW,DK2,DK_2,actual_load,Actual Load,2026-08-23T20:35:02Z
2026-08-23T20:28:12Z,2026-08-23T22:28:12+0200,1243fdd6-9494-4890-9bf2-14ad2f41f059,2026-08-15T05:00:00Z,2026-08-15T07:00:00+0200,1277.27,MW,DK2,DK_2,actual_load,Actual Load,2026-08-23T20:35:02Z
2026-08-23T20:28:12Z,2026-08-23T22:28:12+0200,1243fdd6-9494-4890-9bf2-14ad2f41f059,2026-08-15T06:00:00Z,2026-08-15T08:00:00+0200,1430.21,MW,DK2,DK_2,actual_load,Actual Load,2026-08-23T20:35:02Z
2026-08-23T20:28:12Z,2026-08-23T22:28:12+0200,1243fdd6-9494-4890-9bf2-14ad2f41f059,2026-08-15T07:00:00Z,2026-08-15T09:00:00+0200,1586.3625,MW,DK2,DK_2,actual_load,Actual Load,2026-08-23T20:35:02Z
2026-08-23T20:28:12Z,2026-08-23T22:28:12+0200,1243fdd6-9494-4890-9bf2-14ad2f41f059,2026-08-15T08:00:00Z,2026-08-15T10:00:00+0200,1729.3325,MW,DK2,DK_2,actual_load,Actual Load,2026-08-23T20:35:02Z
2026-08-23T20:28:12Z,2026-08-23T22:28:12+0200,1243fdd6-9494-4890-9bf2-14ad2f41f059,2026-08-15T09:00:00Z,2026-08-15T11:00:00+0200,1818.69,MW,DK2,DK_2,actual_load,Actual Load,2026-08-23T20:35:02Z
2026-08-23T20:28:12Z,2026-08-23T22:28:12+0200,1243fdd6-9494-4890-9bf2-14ad2f41f059,2026-08-15T10:00:00Z,2026-08-15T12:00:00+0200,1883.83,MW,DK2,DK_2,actual_load,Actual Load,2026-08-23T20:35:02Z
2026-08-23T20:28:12Z,2026-08-23T22:28:12+0200,1243fdd6-9494-4890-9bf2-14ad2f41f059,2026-08-15T11:00:00Z,2026-08-15T13:00:00+0200,1911.9725,MW,DK2,DK_2,actual_load,Actual Load,2026-08-23T20:35:02Z
2026-08-23T20:28:12Z,2026-08-23T22:28:12+0200,1243fdd6-9494-4890-9bf2-14ad2f41f059,2026-08-15T12:00:00Z,2026-08-15T14:00:00+0200,1866.37,MW,DK2,DK_2,actual_load,Actual Load,2026-08-23T20:35:02Z
2026-08-23T20:28:12Z,2026-08-23T22:28:12+0200,1243fdd6-9494-4890-9bf2-14ad2f41f059,2026-08-15T13:00:00Z,2026-08-15T15:00:00+0200,1668.3925,MW,DK2,DK_2,actual_load,Actual Load,2026-08-23T20:35:02Z
2026-08-23T20:28:12Z,2026-08-23T22:28:12+0200,1243fdd6-9494-4890-9bf2-14ad2f41f059,2026-08-15T14:00:00Z,2026-08-15T16:00:00+0200,1706.385,MW,DK2,DK_2,actual_load,Actual Load,2026-08-23T20:35:02Z
2026-08-23T20:28:12Z,2026-08-23T22:28:12+0200,1243fdd6-9494-4890-9bf2-14ad2f41f059,2026-08-15T15:00:00Z,2026-08-15T17:00:00+0200,1715.105,MW,DK2,DK_2,actual_load,Actual Load,2026-08-23T20:35:02Z
2026-08-23T20:28:12Z,2026-08-23T22:28:12+0200,1243fdd6-9494-4890-9bf2-14ad2f41f059,2026-08-15T16:00:00Z,2026-08-15T18:00:00+0200,1679.86,MW,DK2,DK_2,actual_load,Actual Load,2026-08-23T20:35:02Z
2026-08-23T20:28:12Z,2026-08-23T22:28:12+0200,1243fdd6-9494-4890-9bf2-14ad2f41f059,2026-08-15T17:00:00Z,2026-08-15T19:00:00+0200,1581.3925,MW,DK2,DK_2,actual_load,Actual Load,2026-08-23T20:35:02Z
2026-08-23T20:28:12Z,2026-08-23T22:28:12+0200,1243fdd6-9494-4890-9bf2-14ad2f41f059,2026-08-15T18:00:00Z,2026-08-15T20:00:00+0200,1489.0025,MW,DK2,DK_2,actual_load,Actual Load,2026-08-23T20:35:02Z
2026-08-23T20:28:12Z,2026-08-23T22:28:12+0200,1243fdd6-9494-4890-9bf2-14ad2f41f059,2026-08-15T19:00:00Z,2026-08-15T21:00:00+0200,1472.625,MW,DK2,DK_2,actual_load,Actual Load,2026-08-23T20:35:02Z
2026-08-23T20:28:12Z,2026-08-23T22:28:12+0200,1243fdd6-9494-4890-9bf2-14ad2f41f059,2026-08-15T20:00:00Z,2026-08-15T22:00:00+0200,1402.54,MW,DK2,DK_2,actual_load,Actual Load,2026-08-23T20:35:02Z
2026-08-23T20:28:12Z,2026-08-23T22:28:12+0200,1243fdd6-9494-4890-9bf2-14ad2f41f059,2026-08-15T21:00:00Z,2026-08-15T23:00:00+0200,1324.9675,MW,DK2,DK_2,actual_load,Actual Load,2026-08-23T20:35:02Z
2026-08-23T20:28:12Z,2026-08-23T22:28:12+0200,1243fdd6-9494-4890-9bf2-14ad2f41f059,2026-08-15T22:00:00Z,2026-08-16T00:00:00+0200,1303.9275,MW,DK2,DK_2,actual_load,Actual Load,2026-08-23T20:35:02Z
2026-08-23T20:28:12Z,2026-08-23T22:28:12+0200,1243fdd6-9494-4890-9bf2-14ad2f41f059,2026-08-15T23:00:00Z,2026-08-16T01:00:00+0200,1246.6475,MW,DK2,DK_2,actual_load,Actual Load,2026-08-23T20:35:02Z
2026-08-23T20:28:12Z,2026-08-23T22:28:12+0200,1243fdd6-9494-4890-9bf2-14ad2f41f059,2026-08-16T00:00:00Z,2026-08-16T02:00:00+0200,1245.6025,MW,DK2,DK_2,actual_load,Actual Load,2026-08-23T20:35:02Z
2026-08-23T20:28:12Z,2026-08-23T22:28:12+0200,1243fdd6-9494-4890-9bf2-14ad2f41f059,2026-08-16T01:00:00Z,2026-08-16T03:00:00+0200,1203.925,MW,DK2,DK_2,actual_load,Actual Load,2026-08-23T20:35:02Z
2026-08-23T20:28:12Z,2026-08-23T22:28:12+0200,1243fdd6-9494-4890-9bf2-14ad2f41f059,2026-08-16T02:00:00Z,2026-08-16T04:00:00+0200,1173.5475,MW,DK2,DK_2,actual_load,Actual Load,2026-08-23T20:35:02Z
2026-08-23T20:28:12Z,2026-08-23T22:28:12+0200,1243fdd6-9494-4890-9bf2-14ad2f41f059,2026-08-16T03:00:00Z,2026-08-16T05:00:00+0200,1147.315,MW,DK2,DK_2,actual_load,Actual Load,2026-08-23T20:35:02Z
2026-08-23T20:28:12Z,2026-08-23T22:28:12+0200,1243fdd6-9494-4890-9bf2-14ad2f41f059,2026-08-16T04:00:00Z,2026-08-16T06:00:00+0200,1167.6525,MW,DK2,DK_2,actual_load,Actual Load,2026-08-23T20:35:02Z
2026-08-23T20:28:12Z,2026-08-23T22:28:12+0200,1243fdd6-9494-4890-9bf2-14ad2f41f059,2026-08-16T05:00:00Z,2026-08-16T07:00:00+0200,1283.8825,MW,DK2,DK_2,actual_load,Actual Load,2026-08-23T20:35:02Z
2026-08-23T20:28:12Z,2026-08-23T22:28:12+0200,1243fdd6-9494-4890-9bf2-14ad2f41f059,2026-08-16T06:00:00Z,2026-08-16T08:00:00+0200,1406.975,MW,DK2,DK_2,actual_load,Actual Load,2026-08-23T20:35:02Z
2026-08-23T20:28:12Z,2026-08-23T22:28:12+0200,1243fdd6-9494-4890-9bf2-14ad2f41f059,2026-08-16T07:00:00Z,2026-08-16T09:00:00+0200,1557.795,MW,DK2,DK_2,actual_load,Actual Load,2026-08-23T20:35:02Z
2026-08-23T20:28:12Z,2026-08-23T22:28:12+0200,1243fdd6-9494-4890-9bf2-14ad2f41f059,2026-08-16T08:00:00Z,2026-08-16T10:00:00+0200,1673.2675,MW,DK2,DK_2,actual_load,Actual Load,2026-08-23T20:35:02Z
2026-08-23T20:28:12Z,2026-08-23T22:28:12+0200,1243fdd6-9494-4890-9bf2-14ad2f41f059,2026-08-16T09:00:00Z,2026-08-16T11:00:00+0200,1767.4925,MW,DK2,DK_2,actual_load,Actual Load,2026-08-23T20:35:02Z
2026-08-23T20:28:12Z,2026-08-23T22:28:12+0200,1243fdd6-9494-4890-9bf2-14ad2f41f059,2026-08-16T10:00:00Z,2026-08-16T12:00:00+0200,1893.68,MW,DK2,DK_2,actual_load,Actual Load,2026-08-23T20:35:02Z
2026-08-23T20:28:12Z,2026-08-23T22:28:12+0200,1243fdd6-9494-4890-9bf2-14ad2f41f059,2026-08-16T11:00:00Z,2026-08-16T13:00:00+0200,1898.4,MW,DK2,DK_2,actual_load,Actual Load,2026-08-23T20:35:02Z
2026-08-23T20:28:12Z,2026-08-23T22:28:12+0200,1243fdd6-9494-4890-9bf2-14ad2f41f059,2026-08-16T12:00:00Z,2026-08-16T14:00:00+0200,1857.6075,MW,DK2,DK_2,actual_load,Actual Load,2026-08-23T20:35:02Z
2026-08-23T20:28:12Z,2026-08-23T22:28:12+0200,1243fdd6-9494-4890-9bf2-14ad2f41f059,2026-08-16T13:00:00Z,2026-08-16T15:00:00+0200,1800.6825,MW,DK2,DK_2,actual_load,Actual Load,2026-08-23T20:35:02Z
2026-08-23T20:28:12Z,2026-08-23T22:28:12+0200,1243fdd6-9494-4890-9bf2-14ad2f41f059,2026-08-16T14:00:00Z,2026-08-16T16:00:00+0200,1733.29,MW,DK2,DK_2,actual_load,Actual Load,2026-08-23T20:35:02Z
2026-08-23T20:28:12Z,2026-08-23T22:28:12+0200,1243fdd6-9494-4890-9bf2-14ad2f41f059,2026-08-16T15:00:00Z,2026-08-16T17:00:00+0200,1742.59,MW,DK2,DK_2,actual_load,Actual Load,2026-08-23T20:35:02Z
2026-08-23T20:28:12Z,2026-08-23T22:28:12+0200,1243fdd6-9494-4890-9bf2-14ad2f41f059,2026-08-16T16:00:00Z,2026-08-16T18:00:00+0200,1692.0375,MW,DK2,DK_2,actual_load,Actual Load,2026-08-23T20:35:02Z
2026-08-23T20:28:12Z,2026-08-23T22:28:12+0200,1243fdd6-9494-4890-9bf2-14ad2f41f059,2026-08-16T17:00:00Z,2026-08-16T19:00:00+0200,1632.5175,MW,DK2,DK_2,actual_load,Actual Load,2026-08-23T20:35:02Z
2026-08-23T20:28:12Z,2026-08-23T22:28:12+0200,1243fdd6-9494-4890-9bf2-14ad2f41f059,2026-08-16T18:00:00Z,2026-08-16T20:00:00+0200,1535.0875,MW,DK2,DK_2,actual_load,Actual Load,2026-08-23T20:35:02Z
2026-08-23T20:28:12Z,2026-08-23T22:28:12+0200,1243fdd6-9494-4890-9bf2-14ad2f41f059,2026-08-16T19:00:00Z,2026-08-16T21:00:00+0200,1460.9875,MW,DK2,DK_2,actual_load,Actual Load,2026-08-23T20:35:02Z
2026-08-23T20:28:12Z,2026-08-23T22:28:12+0200,1243fdd6-9494-4890-9bf2-14ad2f41f059,2026-08-16T20:00:00Z,2026-08-16T22:00:00+0200,1361.2275,MW,DK2,DK_2,actual_load,Actual Load,2026-08-23T20:35:02Z
2026-08-23T20:28:12Z,2026-08-23T22:28:12+0200,1243fdd6-9494-4890-9bf2-14ad2f41f059,2026-08-16T21:00:00Z,2026-08-16T23:00:00+0200,1269.1125,MW,DK2,DK_2,actual_load,Actual Load,2026-08-23T20:35:02Z
2026-08-23T20:28:12Z,2026-08-23T22:28:12+0200,1243fdd6-9494-4890-9bf2-14ad2f41f059,2026-08-16T22:00:00Z,2026-08-17T00:00:00+0200,1254.7925,MW,DK2,DK_2,actual_load,Actual Load,2026-08-23T20:35:02Z
2026-08-23T20:28:12Z,2026-08-23T22:28:12+0200,1243fdd6-9494-4890-9bf2-14ad2f41f059,2026-08-16T23:00:00Z,2026-08-17T01:00:00+0200,1277.7575,MW,DK2,DK_2,actual_load,Actual Load,2026-08-23T20:35:02Z
2026-08-23T20:28:12Z,2026-08-23T22:28:12+0200,1243fdd6-9494-4890-9bf2-14ad2f41f059,2026-08-17T00:00:00Z,2026-08-17T02:00:00+0200,1203.965,MW,DK2,DK_2,actual_load,Actual Load,2026-08-23T20:35:02Z
2026-08-23T20:28:12Z,2026-08-23T22:28:12+0200,1243fdd6-9494-4890-9bf2-14ad2f41f059,2026-08-17T01:00:00Z,2026-08-17T03:00:00+0200,1193.9175,MW,DK2,DK_2,actual_load,Actual Load,2026-08-23T20:35:02Z
2026-08-23T20:28:12Z,2026-08-23T22:28:12+0200,1243fdd6-9494-4890-9bf2-14ad2f41f059,2026-08-17T02:00:00Z,2026-08-17T04:00:00+0200,1175.33,MW,DK2,DK_2,actual_load,Actual Load,2026-08-23T20:35:02Z
2026-08-23T20:28:12Z,2026-08-23T22:28:12+0200,1243fdd6-9494-4890-9bf2-14ad2f41f059,2026-08-17T03:00:00Z,2026-08-17T05:00:00+0200,1204.3075,MW,DK2,DK_2,actual_load,Actual Load,2026-08-23T20:35:02Z
2026-08-23T20:28:12Z,2026-08-23T22:28:12+0200,1243fdd6-9494-4890-9bf2-14ad2f41f059,2026-08-17T04:00:00Z,2026-08-17T06:00:00+0200,1371.6475,MW,DK2,DK_2,actual_load,Actual Load,2026-08-23T20:35:02Z
2026-08-23T20:28:12Z,2026-08-23T22:28:12+0200,1243fdd6-9494-4890-9bf2-14ad2f41f059,2026-08-17T05:00:00Z,2026-08-17T07:00:00+0200,1588.695,MW,DK2,DK_2,actual_load,Actual Load,2026-08-23T20:35:02Z
2026-08-23T20:28:12Z,2026-08-23T22:28:12+0200,1243fdd6-9494-4890-9bf2-14ad2f41f059,2026-08-17T06:00:00Z,2026-08-17T08:00:00+0200,1740.5525,MW,DK2,DK_2,actual_load,Actual Load,2026-08-23T20:35:02Z
2026-08-23T20:28:12Z,2026-08-23T22:28:12+0200,1243fdd6-9494-4890-9bf2-14ad2f41f059,2026-08-17T07:00:00Z,2026-08-17T09:00:00+0200,1804.4575,MW,DK2,DK_2,actual_load,Actual Load,2026-08-23T20:35:02Z
2026-08-23T20:28:12Z,2026-08-23T22:28:12+0200,1243fdd6-9494-4890-9bf2-14ad2f41f059,2026-08-17T08:00:00Z,2026-08-17T10:00:00+0200,1867.0925,MW,DK2,DK_2,actual_load,Actual Load,2026-08-23T20:35:02Z
2026-08-23T20:28:12Z,2026-08-23T22:28:12+0200,1243fdd6-9494-4890-9bf2-14ad2f41f059,2026-08-17T09:00:00Z,2026-08-17T11:00:00+0200,2018.0125,MW,DK2,DK_2,actual_load,Actual Load,2026-08-23T20:35:02Z
2026-08-23T20:28:12Z,2026-08-23T22:28:12+0200,1243fdd6-9494-4890-9bf2-14ad2f41f059,2026-08-17T10:00:00Z,2026-08-17T12:00:00+0200,1986.8925,MW,DK2,DK_2,actual_load,Actual Load,2026-08-23T20:35:02Z
2026-08-23T20:28:12Z,2026-08-23T22:28:12+0200,1243fdd6-9494-4890-9bf2-14ad2f41f059,2026-08-17T11:00:00Z,2026-08-17T13:00:00+0200,1903.955,MW,DK2,DK_2,actual_load,Actual Load,2026-08-23T20:35:02Z
2026-08-23T20:28:12Z,2026-08-23T22:28:12+0200,1243fdd6-9494-4890-9bf2-14ad2f41f059,2026-08-17T12:00:00Z,2026-08-17T14:00:00+0200,1849.35,MW,DK2,DK_2,actual_load,Actual Load,2026-08-23T20:35:02Z
2026-08-23T20:28:12Z,2026-08-23T22:28:12+0200,1243fdd6-9494-4890-9bf2-14ad2f41f059,2026-08-17T13:00:00Z,2026-08-17T15:00:00+0200,1839.3,MW,DK2,DK_2,actual_load,Actual Load,2026-08-23T20:35:02Z
2026-08-23T20:28:12Z,2026-08-23T22:28:12+0200,1243fdd6-9494-4890-9bf2-14ad2f41f059,2026-08-17T14:00:00Z,2026-08-17T16:00:00+0200,1872.9575,MW,DK2,DK_2,actual_load,Actual Load,2026-08-23T20:35:02Z
2026-08-23T20:28:12Z,2026-08-23T22:28:12+0200,1243fdd6-9494-4890-9bf2-14ad2f41f059,2026-08-17T15:00:00Z,2026-08-17T17:00:00+0200,1890.7675,MW,DK2,DK_2,actual_load,Actual Load,2026-08-23T20:35:02Z
2026-08-23T20:28:12Z,2026-08-23T22:28:12+0200,1243fdd6-9494-4890-9bf2-14ad2f41f059,2026-08-17T16:00:00Z,2026-08-17T18:00:00+0200,1782.19,MW,DK2,DK_2,actual_load,Actual Load,2026-08-23T20:35:02Z
2026-08-23T20:28:12Z,2026-08-23T22:28:12+0200,1243fdd6-9494-4890-9bf2-14ad2f41f059,2026-08-17T17:00:00Z,2026-08-17T19:00:00+0200,1688.475,MW,DK2,DK_2,actual_load,Actual Load,2026-08-23T20:35:02Z
2026-08-23T20:28:12Z,2026-08-23T22:28:12+0200,1243fdd6-9494-4890-9bf2-14ad2f41f059,2026-08-17T18:00:00Z,2026-08-17T20:00:00+0200,1551.155,MW,DK2,DK_2,actual_load,Actual Load,2026-08-23T20:35:02Z
2026-08-23T20:28:12Z,2026-08-23T22:28:12+0200,1243fdd6-9494-4890-9bf2-14ad2f41f059,2026-08-17T19:00:00Z,2026-08-17T21:00:00+0200,1527.89,MW,DK2,DK_2,actual_load,Actual Load,2026-08-23T20:35:02Z
2026-08-23T20:28:12Z,2026-08-23T22:28:12+0200,1243fdd6-9494-4890-9bf2-14ad2f41f059,2026-08-17T20:00:00Z,2026-08-17T22:00:00+0200,1368.51,MW,DK2,DK_2,actual_load,Actual Load,2026-08-23T20:35:02Z
2026-08-23T20:28:12Z,2026-08-23T22:28:12+0200,1243fdd6-9494-4890-9bf2-14ad2f41f059,2026-08-17T21:00:00Z,2026-08-17T23:00:00+0200,1327.755,MW,DK2,DK_2,actual_load,Actual Load,2026-08-23T20:35:02Z
2026-08-23T20:28:12Z,2026-08-23T22:28:12+0200,1243fdd6-9494-4890-9bf2-14ad2f41f059,2026-08-17T22:00:00Z,2026-08-18T00:00:00+0200,1289.635,MW,DK2,DK_2,actual_load,Actual Load,2026-08-23T20:35:02Z
2026-08-23T20:28:12Z,2026-08-23T22:28:12+0200,1243fdd6-9494-4890-9bf2-14ad2f41f059,2026-08-17T23:00:00Z,2026-08-18T01:00:00+0200,1254.8,MW,DK2,DK_2,actual_load,Actual Load,2026-08-23T20:35:02Z
2026-08-23T20:28:12Z,2026-08-23T22:28:12+0200,1243fdd6-9494-4890-9bf2-14ad2f41f059,2026-08-18T00:00:00Z,2026-08-18T02:00:00+0200,1292.43,MW,DK2,DK_2,actual_load,Actual Load,2026-08-23T20:35:02Z
2026-08-23T20:28:12Z,2026-08-23T22:28:12+0200,1243fdd6-9494-4890-9bf2-14ad2f41f059,2026-08-18T01:00:00Z,2026-08-18T03:00:00+0200,1257.21,MW,DK2,DK_2,actual_load,Actual Load,2026-08-23T20:35:02Z
2026-08-23T20:28:12Z,2026-08-23T22:28:12+0200,1243fdd6-9494-4890-9bf2-14ad2f41f059,2026-08-18T02:00:00Z,2026-08-18T04:00:00+0200,1202.205,MW,DK2,DK_2,actual_load,Actual Load,2026-08-23T20:35:02Z
2026-08-23T20:28:12Z,2026-08-23T22:28:12+0200,1243fdd6-9494-4890-9bf2-14ad2f41f059,2026-08-18T03:00:00Z,2026-08-18T05:00:00+0200,1218.3475,MW,DK2,DK_2,actual_load,Actual Load,2026-08-23T20:35:02Z
2026-08-23T20:28:12Z,2026-08-23T22:28:12+0200,1243fdd6-9494-4890-9bf2-14ad2f41f059,2026-08-18T04:00:00Z,2026-08-18T06:00:00+0200,1350.2975,MW,DK2,DK_2,actual_load,Actual Load,2026-08-23T20:35:02Z
2026-08-23T20:28:12Z,2026-08-23T22:28:12+0200,1243fdd6-9494-4890-9bf2-14ad2f41f059,2026-08-18T05:00:00Z,2026-08-18T07:00:00+0200,1549.755,MW,DK2,DK_2,actual_load,Actual Load,2026-08-23T20:35:02Z
2026-08-23T20:28:12Z,2026-08-23T22:28:12+0200,1243fdd6-9494-4890-9bf2-14ad2f41f059,2026-08-18T06:00:00Z,2026-08-18T08:00:00+0200,1706.2775,MW,DK2,DK_2,actual_load,Actual Load,2026-08-23T20:35:02Z
2026-08-23T20:28:12Z,2026-08-23T22:28:12+0200,1243fdd6-9494-4890-9bf2-14ad2f41f059,2026-08-18T07:00:00Z,2026-08-18T09:00:00+0200,1785.355,MW,DK2,DK_2,actual_load,Actual Load,2026-08-23T20:35:02Z
2026-08-23T20:28:12Z,2026-08-23T22:28:12+0200,1243fdd6-9494-4890-9bf2-14ad2f41f059,2026-08-18T08:00:00Z,2026-08-18T10:00:00+0200,1864.44,MW,DK2,DK_2,actual_load,Actual Load,2026-08-23T20:35:02Z
2026-08-23T20:28:12Z,2026-08-23T22:28:12+0200,1243fdd6-9494-4890-9bf2-14ad2f41f059,2026-08-18T09:00:00Z,2026-08-18T11:00:00+0200,1869.2625,MW,DK2,DK_2,actual_load,Actual Load,2026-08-23T20:35:02Z
2026-08-23T20:28:12Z,2026-08-23T22:28:12+0200,1243fdd6-9494-4890-9bf2-14ad2f41f059,2026-08-18T10:00:00Z,2026-08-18T12:00:00+0200,1842.02,MW,DK2,DK_2,actual_load,Actual Load,2026-08-23T20:35:02Z
2026-08-23T20:28:12Z,2026-08-23T22:28:12+0200,1243fdd6-9494-4890-9bf2-14ad2f41f059,2026-08-18T11:00:00Z,2026-08-18T13:00:00+0200,1837.585,MW,DK2,DK_2,actual_load,Actual Load,2026-08-23T20:35:02Z
2026-08-23T20:28:12Z,2026-08-23T22:28:12+0200,1243fdd6-9494-4890-9bf2-14ad2f41f059,2026-08-18T12:00:00Z,2026-08-18T14:00:00+0200,1844.935,MW,DK2,DK_2,actual_load,Actual Load,2026-08-23T20:35:02Z
2026-08-23T20:28:12Z,2026-08-23T22:28:12+0200,1243fdd6-9494-4890-9bf2-14ad2f41f059,2026-08-18T13:00:00Z,2026-08-18T15:00:00+0200,1786.885,MW,DK2,DK_2,actual_load,Actual Load,2026-08-23T20:35:02Z
2026-08-23T20:28:12Z,2026-08-23T22:28:12+0200,1243fdd6-9494-4890-9bf2-14ad2f41f059,2026-08-18T14:00:00Z,2026-08-18T16:00:00+0200,1796.3575,MW,DK2,DK_2,actual_load,Actual Load,2026-08-23T20:35:02Z
2026-08-23T20:28:12Z,2026-08-23T22:28:12+0200,1243fdd6-9494-4890-9bf2-14ad2f41f059,2026-08-18T15:00:00Z,2026-08-18T17:00:00+0200,1793.34,MW,DK2,DK_2,actual_load,Actual Load,2026-08-23T20:35:02Z
2026-08-23T20:28:12Z,2026-08-23T22:28:12+0200,1243fdd6-9494-4890-9bf2-14ad2f41f059,2026-08-18T16:00:00Z,2026-08-18T18:00:00+0200,1735.88,MW,DK2,DK_2,actual_load,Actual Load,2026-08-23T20:35:02Z
2026-08-23T20:28:12Z,2026-08-23T22:28:12+0200,1243fdd6-9494-4890-9bf2-14ad2f41f059,2026-08-18T17:00:00Z,2026-08-18T19:00:00+0200,1651.67,MW,DK2,DK_2,actual_load,Actual Load,2026-08-23T20:35:02Z
2026-08-23T20:28:12Z,2026-08-23T22:28:12+0200,1243fdd6-9494-4890-9bf2-14ad2f41f059,2026-08-18T18:00:00Z,2026-08-18T20:00:00+0200,1565.7725,MW,DK2,DK_2,actual_load,Actual Load,2026-08-23T20:35:02Z
2026-08-23T20:28:12Z,2026-08-23T22:28:12+0200,1243fdd6-9494-4890-9bf2-14ad2f41f059,2026-08-18T19:00:00Z,2026-08-18T21:00:00+0200,1487.5225,MW,DK2,DK_2,actual_load,Actual Load,2026-08-23T20:35:02Z
2026-08-23T20:28:12Z,2026-08-23T22:28:12+0200,1243fdd6-9494-4890-9bf2-14ad2f41f059,2026-08-18T20:00:00Z,2026-08-18T22:00:00+0200,1394.2575,MW,DK2,DK_2,actual_load,Actual Load,2026-08-23T20:35:02Z
2026-08-23T20:28:12Z,2026-08-23T22:28:12+0200,1243fdd6-9494-4890-9bf2-14ad2f41f059,2026-08-18T21:00:00Z,2026-08-18T23:00:00+0200,1315.0125,MW,DK2,DK_2,actual_load,Actual Load,2026-08-23T20:35:02Z
2026-08-23T20:28:12Z,2026-08-23T22:28:12+0200,1243fdd6-9494-4890-9bf2-14ad2f41f059,2026-08-18T22:00:00Z,2026-08-19T00:00:00+0200,1281.2325,MW,DK2,DK_2,actual_load,Actual Load,2026-08-23T20:35:02Z
2026-08-23T20:28:12Z,2026-08-23T22:28:12+0200,1243fdd6-9494-4890-9bf2-14ad2f41f059,2026-08-18T23:00:00Z,2026-08-19T01:00:00+0200,1304.65,MW,DK2,DK_2,actual_load,Actual Load,2026-08-23T20:35:02Z
2026-08-23T20:28:12Z,2026-08-23T22:28:12+0200,1243fdd6-9494-4890-9bf2-14ad2f41f059,2026-08-19T00:00:00Z,2026-08-19T02:00:00+0200,1290.7225,MW,DK2,DK_2,actual_load,Actual Load,2026-08-23T20:35:02Z
2026-08-23T20:28:12Z,2026-08-23T22:28:12+0200,1243fdd6-9494-4890-9bf2-14ad2f41f059,2026-08-19T01:00:00Z,2026-08-19T03:00:00+0200,1257.9575,MW,DK2,DK_2,actual_load,Actual Load,2026-08-23T20:35:02Z
2026-08-23T20:28:12Z,2026-08-23T22:28:12+0200,1243fdd6-9494-4890-9bf2-14ad2f41f059,2026-08-19T02:00:00Z,2026-08-19T04:00:00+0200,1204.1,MW,DK2,DK_2,actual_load,Actual Load,2026-08-23T20:35:02Z
2026-08-23T20:28:12Z,2026-08-23T22:28:12+0200,1243fdd6-9494-4890-9bf2-14ad2f41f059,2026-08-19T03:00:00Z,2026-08-19T05:00:00+0200,1220.7275,MW,DK2,DK_2,actual_load,Actual Load,2026-08-23T20:35:02Z
2026-08-23T20:28:12Z,2026-08-23T22:28:12+0200,1243fdd6-9494-4890-9bf2-14ad2f41f059,2026-08-19T04:00:00Z,2026-08-19T06:00:00+0200,1368.095,MW,DK2,DK_2,actual_load,Actual Load,2026-08-23T20:35:02Z
2026-08-23T20:28:12Z,2026-08-23T22:28:12+0200,1243fdd6-9494-4890-9bf2-14ad2f41f059,2026-08-19T05:00:00Z,2026-08-19T07:00:00+0200,1593.9,MW,DK2,DK_2,actual_load,Actual Load,2026-08-23T20:35:02Z
2026-08-23T20:28:12Z,2026-08-23T22:28:12+0200,1243fdd6-9494-4890-9bf2-14ad2f41f059,2026-08-19T06:00:00Z,2026-08-19T08:00:00+0200,1752.26,MW,DK2,DK_2,actual_load,Actual Load,2026-08-23T20:35:02Z
2026-08-23T20:28:12Z,2026-08-23T22:28:12+0200,1243fdd6-9494-4890-9bf2-14ad2f41f059,2026-08-19T07:00:00Z,2026-08-19T09:00:00+0200,1859.16,MW,DK2,DK_2,actual_load,Actual Load,2026-08-23T20:35:02Z
2026-08-23T20:28:12Z,2026-08-23T22:28:12+0200,1243fdd6-9494-4890-9bf2-14ad2f41f059,2026-08-19T08:00:00Z,2026-08-19T10:00:00+0200,1915.17,MW,DK2,DK_2,actual_load,Actual Load,2026-08-23T20:35:02Z
2026-08-23T20:28:12Z,2026-08-23T22:28:12+0200,1243fdd6-9494-4890-9bf2-14ad2f41f059,2026-08-19T09:00:00Z,2026-08-19T11:00:00+0200,1957.6,MW,DK2,DK_2,actual_load,Actual Load,2026-08-23T20:35:02Z
2026-08-23T20:28:12Z,2026-08-23T22:28:12+0200,1243fdd6-9494-4890-9bf2-14ad2f41f059,2026-08-19T11:00:00Z,2026-08-19T13:00:00+0200,1961.5275,MW,DK2,DK_2,actual_load,Actual Load,2026-08-23T20:35:02Z
2026-08-23T20:28:12Z,2026-08-23T22:28:12+0200,1243fdd6-9494-4890-9bf2-14ad2f41f059,2026-08-19T12:00:00Z,2026-08-19T14:00:00+0200,2013.8825,MW,DK2,DK_2,actual_load,Actual Load,2026-08-23T20:35:02Z
2026-08-23T20:28:12Z,2026-08-23T22:28:12+0200,1243fdd6-9494-4890-9bf2-14ad2f41f059,2026-08-19T13:00:00Z,2026-08-19T15:00:00+0200,1900.6875,MW,DK2,DK_2,actual_load,Actual Load,2026-08-23T20:35:02Z
2026-08-23T20:28:12Z,2026-08-23T22:28:12+0200,1243fdd6-9494-4890-9bf2-14ad2f41f059,2026-08-19T14:00:00Z,2026-08-19T16:00:00+0200,1959.995,MW,DK2,DK_2,actual_load,Actual Load,2026-08-23T20:35:02Z
2026-08-23T20:28:12Z,2026-08-23T22:28:12+0200,1243fdd6-9494-4890-9bf2-14ad2f41f059,2026-08-19T15:00:00Z,2026-08-19T17:00:00+0200,1937.4025,MW,DK2,DK_2,actual_load,Actual Load,2026-08-23T20:35:02Z
2026-08-23T20:28:12Z,2026-08-23T22:28:12+0200,1243fdd6-9494-4890-9bf2-14ad2f41f059,2026-08-19T16:00:00Z,2026-08-19T18:00:00+0200,1800.545,MW,DK2,DK_2,actual_load,Actual Load,2026-08-23T20:35:02Z
2026-08-23T20:28:12Z,2026-08-23T22:28:12+0200,1243fdd6-9494-4890-9bf2-14ad2f41f059,2026-08-19T17:00:00Z,2026-08-19T19:00:00+0200,1678.72,MW,DK2,DK_2,actual_load,Actual Load,2026-08-23T20:35:02Z
2026-08-23T20:28:12Z,2026-08-23T22:28:12+0200,1243fdd6-9494-4890-9bf2-14ad2f41f059,2026-08-19T18:00:00Z,2026-08-19T20:00:00+0200,1568.34,MW,DK2,DK_2,actual_load,Actual Load,2026-08-23T20:35:02Z
2026-08-23T20:28:12Z,2026-08-23T22:28:12+0200,1243fdd6-9494-4890-9bf2-14ad2f41f059,2026-08-19T19:00:00Z,2026-08-19T21:00:00+0200,1529.95,MW,DK2,DK_2,actual_load,Actual Load,2026-08-23T20:35:02Z
2026-08-23T20:28:12Z,2026-08-23T22:28:12+0200,1243fdd6-9494-4890-9bf2-14ad2f41f059,2026-08-19T21:00:00Z,2026-08-19T23:00:00+0200,1357.2025,MW,DK2,DK_2,actual_load,Actual Load,2026-08-23T20:35:02Z
2026-08-23T20:28:12Z,2026-08-23T22:28:12+0200,1243fdd6-9494-4890-9bf2-14ad2f41f059,2026-08-19T22:00:00Z,2026-08-20T00:00:00+0200,1309.53,MW,DK2,DK_2,actual_load,Actual Load,2026-08-23T20:35:02Z
2026-08-23T20:28:12Z,2026-08-23T22:28:12+0200,1243fdd6-9494-4890-9bf2-14ad2f41f059,2026-08-19T23:00:00Z,2026-08-20T01:00:00+0200,1310.065,MW,DK2,DK_2,actual_load,Actual Load,2026-08-23T20:35:02Z
2026-08-23T20:28:12Z,2026-08-23T22:28:12+0200,1243fdd6-9494-4890-9bf2-14ad2f41f059,2026-08-20T00:00:00Z,2026-08-20T02:00:00+0200,1293.825,MW,DK2,DK_2,actual_load,Actual Load,2026-08-23T20:35:02Z
2026-08-23T20:28:12Z,2026-08-23T22:28:12+0200,1243fdd6-9494-4890-9bf2-14ad2f41f059,2026-08-20T01:00:00Z,2026-08-20T03:00:00+0200,1303.1825,MW,DK2,DK_2,actual_load,Actual Load,2026-08-23T20:35:02Z
2026-08-23T20:28:12Z,2026-08-23T22:28:12+0200,1243fdd6-9494-4890-9bf2-14ad2f41f059,2026-08-20T02:00:00Z,2026-08-20T04:00:00+0200,1193.9225,MW,DK2,DK_2,actual_load,Actual Load,2026-08-23T20:35:02Z
2026-08-23T20:28:12Z,2026-08-23T22:28:12+0200,1243fdd6-9494-4890-9bf2-14ad2f41f059,2026-08-20T03:00:00Z,2026-08-20T05:00:00+0200,1246.1525,MW,DK2,DK_2,actual_load,Actual Load,2026-08-23T20:35:02Z
2026-08-23T20:28:12Z,2026-08-23T22:28:12+0200,1243fdd6-9494-4890-9bf2-14ad2f41f059,2026-08-20T04:00:00Z,2026-08-20T06:00:00+0200,1405.94,MW,DK2,DK_2,actual_load,Actual Load,2026-08-23T20:35:02Z
2026-08-23T20:28:12Z,2026-08-23T22:28:12+0200,1243fdd6-9494-4890-9bf2-14ad2f41f059,2026-08-20T05:00:00Z,2026-08-20T07:00:00+0200,1588.32,MW,DK2,DK_2,actual_load,Actual Load,2026-08-23T20:35:02Z
2026-08-23T20:28:12Z,2026-08-23T22:28:12+0200,1243fdd6-9494-4890-9bf2-14ad2f41f059,2026-08-20T06:00:00Z,2026-08-20T08:00:00+0200,1748.295,MW,DK2,DK_2,actual_load,Actual Load,2026-08-23T20:35:02Z
2026-08-23T20:28:12Z,2026-08-23T22:28:12+0200,1243fdd6-9494-4890-9bf2-14ad2f41f059,2026-08-20T07:00:00Z,2026-08-20T09:00:00+0200,1864.77,MW,DK2,DK_2,actual_load,Actual Load,2026-08-23T20:35:02Z
2026-08-23T20:28:12Z,2026-08-23T22:28:12+0200,1243fdd6-9494-4890-9bf2-14ad2f41f059,2026-08-20T08:00:00Z,2026-08-20T10:00:00+0200,1900.545,MW,DK2,DK_2,actual_load,Actual Load,2026-08-23T20:35:02Z
2026-08-23T20:28:12Z,2026-08-23T22:28:12+0200,1243fdd6-9494-4890-9bf2-14ad2f41f059,2026-08-20T09:00:00Z,2026-08-20T11:00:00+0200,1926.705,MW,DK2,DK_2,actual_load,Actual Load,2026-08-23T20:35:02Z
2026-08-23T20:28:12Z,2026-08-23T22:28:12+0200,1243fdd6-9494-4890-9bf2-14ad2f41f059,2026-08-20T10:00:00Z,2026-08-20T12:00:00+0200,1945.625,MW,DK2,DK_2,actual_load,Actual Load,2026-08-23T20:35:02Z
2026-08-23T20:28:12Z,2026-08-23T22:28:12+0200,1243fdd6-9494-4890-9bf2-14ad2f41f059,2026-08-20T11:00:00Z,2026-08-20T13:00:00+0200,1966.0325,MW,DK2,DK_2,actual_load,Actual Load,2026-08-23T20:35:02Z
2026-08-23T20:28:12Z,2026-08-23T22:28:12+0200,1243fdd6-9494-4890-9bf2-14ad2f41f059,2026-08-20T12:00:00Z,2026-08-20T14:00:00+0200,1890.9575,MW,DK2,DK_2,actual_load,Actual Load,2026-08-23T20:35:02Z
2026-08-23T20:28:12Z,2026-08-23T22:28:12+0200,1243fdd6-9494-4890-9bf2-14ad2f41f059,2026-08-20T13:00:00Z,2026-08-20T15:00:00+0200,1923.38,MW,DK2,DK_2,actual_load,Actual Load,2026-08-23T20:35:02Z
2026-08-23T20:28:12Z,2026-08-23T22:28:12+0200,1243fdd6-9494-4890-9bf2-14ad2f41f059,2026-08-20T14:00:00Z,2026-08-20T16:00:00+0200,1924.3425,MW,DK2,DK_2,actual_load,Actual Load,2026-08-23T20:35:02Z
2026-08-23T20:28:12Z,2026-08-23T22:28:12+0200,1243fdd6-9494-4890-9bf2-14ad2f41f059,2026-08-20T15:00:00Z,2026-08-20T17:00:00+0200,1871.9225,MW,DK2,DK_2,actual_load,Actual Load,2026-08-23T20:35:02Z
2026-08-23T20:28:12Z,2026-08-23T22:28:12+0200,1243fdd6-9494-4890-9bf2-14ad2f41f059,2026-08-20T16:00:00Z,2026-08-20T18:00:00+0200,1819.085,MW,DK2,DK_2,actual_load,Actual Load,2026-08-23T20:35:02Z
2026-08-23T20:28:12Z,2026-08-23T22:28:12+0200,1243fdd6-9494-4890-9bf2-14ad2f41f059,2026-08-20T17:00:00Z,2026-08-20T19:00:00+0200,1706.1575,MW,DK2,DK_2,actual_load,Actual Load,2026-08-23T20:35:02Z
2026-08-23T20:28:12Z,2026-08-23T22:28:12+0200,1243fdd6-9494-4890-9bf2-14ad2f41f059,2026-08-20T18:00:00Z,2026-08-20T20:00:00+0200,1570.9025,MW,DK2,DK_2,actual_load,Actual Load,2026-08-23T20:35:02Z
2026-08-23T20:28:12Z,2026-08-23T22:28:12+0200,1243fdd6-9494-4890-9bf2-14ad2f41f059,2026-08-20T19:00:00Z,2026-08-20T21:00:00+0200,1576.8975,MW,DK2,DK_2,actual_load,Actual Load,2026-08-23T20:35:02Z
2026-08-23T20:28:12Z,2026-08-23T22:28:12+0200,1243fdd6-9494-4890-9bf2-14ad2f41f059,2026-08-20T20:00:00Z,2026-08-20T22:00:00+0200,1442.4575,MW,DK2,DK_2,actual_load,Actual Load,2026-08-23T20:35:02Z
2026-08-23T20:28:12Z,2026-08-23T22:28:12+0200,1243fdd6-9494-4890-9bf2-14ad2f41f059,2026-08-20T21:00:00Z,2026-08-20T23:00:00+0200,1359.4575,MW,DK2,DK_2,actual_load,Actual Load,2026-08-23T20:35:02Z
2026-08-23T20:28:12Z,2026-08-23T22:28:12+0200,1243fdd6-9494-4890-9bf2-14ad2f41f059,2026-08-20T22:00:00Z,2026-08-21T00:00:00+0200,1315.665,MW,DK2,DK_2,actual_load,Actual Load,2026-08-23T20:35:02Z
2026-08-23T20:28:12Z,2026-08-23T22:28:12+0200,1243fdd6-9494-4890-9bf2-14ad2f41f059,2026-08-20T23:00:00Z,2026-08-21T01:00:00+0200,1318.82,MW,DK2,DK_2,actual_load,Actual Load,2026-08-23T20:35:02Z
2026-08-23T20:28:12Z,2026-08-23T22:28:12+0200,1243fdd6-9494-4890-9bf2-14ad2f41f059,2026-08-21T00:00:00Z,2026-08-21T02:00:00+0200,1318.645,MW,DK2,DK_2,actual_load,Actual Load,2026-08-23T20:35:02Z
2026-08-23T20:28:12Z,2026-08-23T22:28:12+0200,1243fdd6-9494-4890-9bf2-14ad2f41f059,2026-08-21T01:00:00Z,2026-08-21T03:00:00+0200,1287.53,MW,DK2,DK_2,actual_load,Actual Load,2026-08-23T20:35:02Z
2026-08-23T20:28:12Z,2026-08-23T22:28:12+0200,1243fdd6-9494-4890-9bf2-14ad2f41f059,2026-08-21T02:00:00Z,2026-08-21T04:00:00+0200,1239.035,MW,DK2,DK_2,actual_load,Actual Load,2026-08-23T20:35:02Z
2026-08-23T20:28:12Z,2026-08-23T22:28:12+0200,1243fdd6-9494-4890-9bf2-14ad2f41f059,2026-08-21T03:00:00Z,2026-08-21T05:00:00+0200,1257.98,MW,DK2,DK_2,actual_load,Actual Load,2026-08-23T20:35:02Z
2026-08-23T20:28:12Z,2026-08-23T22:28:12+0200,1243fdd6-9494-4890-9bf2-14ad2f41f059,2026-08-21T04:00:00Z,2026-08-21T06:00:00+0200,1387.0475,MW,DK2,DK_2,actual_load,Actual Load,2026-08-23T20:35:02Z
2026-08-23T20:28:12Z,2026-08-23T22:28:12+0200,1243fdd6-9494-4890-9bf2-14ad2f41f059,2026-08-21T05:00:00Z,2026-08-21T07:00:00+0200,1596.745,MW,DK2,DK_2,actual_load,Actual Load,2026-08-23T20:35:02Z
2026-08-23T20:28:12Z,2026-08-23T22:28:12+0200,1243fdd6-9494-4890-9bf2-14ad2f41f059,2026-08-21T06:00:00Z,2026-08-21T08:00:00+0200,1730.1275,MW,DK2,DK_2,actual_load,Actual Load,2026-08-23T20:35:02Z
2026-08-23T20:28:12Z,2026-08-23T22:28:12+0200,1243fdd6-9494-4890-9bf2-14ad2f41f059,2026-08-21T07:00:00Z,2026-08-21T09:00:00+0200,1841.8975,MW,DK2,DK_2,actual_load,Actual Load,2026-08-23T20:35:02Z
2026-08-23T20:28:12Z,2026-08-23T22:28:12+0200,1243fdd6-9494-4890-9bf2-14ad2f41f059,2026-08-21T08:00:00Z,2026-08-21T10:00:00+0200,1879.055,MW,DK2,DK_2,actual_load,Actual Load,2026-08-23T20:35:02Z
2026-08-23T20:28:12Z,2026-08-23T22:28:12+0200,1243fdd6-9494-4890-9bf2-14ad2f41f059,2026-08-21T09:00:00Z,2026-08-21T11:00:00+0200,1963.0025,MW,DK2,DK_2,actual_load,Actual Load,2026-08-23T20:35:02Z
2026-08-23T20:28:12Z,2026-08-23T22:28:12+0200,1243fdd6-9494-4890-9bf2-14ad2f41f059,2026-08-21T10:00:00Z,2026-08-21T12:00:00+0200,1954.2525,MW,DK2,DK_2,actual_load,Actual Load,2026-08-23T20:35:02Z
2026-08-23T20:28:12Z,2026-08-23T22:28:12+0200,1243fdd6-9494-4890-9bf2-14ad2f41f059,2026-08-21T11:00:00Z,2026-08-21T13:00:00+0200,1883.64,MW,DK2,DK_2,actual_load,Actual Load,2026-08-23T20:35:02Z
2026-08-23T20:28:12Z,2026-08-23T22:28:12+0200,1243fdd6-9494-4890-9bf2-14ad2f41f059,2026-08-21T12:00:00Z,2026-08-21T14:00:00+0200,1799.2175,MW,DK2,DK_2,actual_load,Actual Load,2026-08-23T20:35:02Z
2026-08-23T20:28:12Z,2026-08-23T22:28:12+0200,1243fdd6-9494-4890-9bf2-14ad2f41f059,2026-08-21T13:00:00Z,2026-08-21T15:00:00+0200,1783.79,MW,DK2,DK_2,actual_load,Actual Load,2026-08-23T20:35:02Z
2026-08-23T20:28:12Z,2026-08-23T22:28:12+0200,1243fdd6-9494-4890-9bf2-14ad2f41f059,2026-08-21T14:00:00Z,2026-08-21T16:00:00+0200,1764.2575,MW,DK2,DK_2,actual_load,Actual Load,2026-08-23T20:35:02Z
2026-08-23T20:28:12Z,2026-08-23T22:28:12+0200,1243fdd6-9494-4890-9bf2-14ad2f41f059,2026-08-21T15:00:00Z,2026-08-21T17:00:00+0200,1807.225,MW,DK2,DK_2,actual_load,Actual Load,2026-08-23T20:35:02Z
2026-08-23T20:28:12Z,2026-08-23T22:28:12+0200,1243fdd6-9494-4890-9bf2-14ad2f41f059,2026-08-21T16:00:00Z,2026-08-21T18:00:00+0200,1757.72,MW,DK2,DK_2,actual_load,Actual Load,2026-08-23T20:35:02Z
2026-08-23T20:28:12Z,2026-08-23T22:28:12+0200,1243fdd6-9494-4890-9bf2-14ad2f41f059,2026-08-21T17:00:00Z,2026-08-21T19:00:00+0200,1663.845,MW,DK2,DK_2,actual_load,Actual Load,2026-08-23T20:35:02Z
2026-08-23T20:28:12Z,2026-08-23T22:28:12+0200,1243fdd6-9494-4890-9bf2-14ad2f41f059,2026-08-21T18:00:00Z,2026-08-21T20:00:00+0200,1559.4275,MW,DK2,DK_2,actual_load,Actual Load,2026-08-23T20:35:02Z
2026-08-23T20:28:12Z,2026-08-23T22:28:12+0200,1243fdd6-9494-4890-9bf2-14ad2f41f059,2026-08-21T19:00:00Z,2026-08-21T21:00:00+0200,1503.7125,MW,DK2,DK_2,actual_load,Actual Load,2026-08-23T20:35:02Z
2026-08-23T20:28:12Z,2026-08-23T22:28:12+0200,1243fdd6-9494-4890-9bf2-14ad2f41f059,2026-08-21T20:00:00Z,2026-08-21T22:00:00+0200,1437.2225,MW,DK2,DK_2,actual_load,Actual Load,2026-08-23T20:35:02Z
2026-08-23T20:28:12Z,2026-08-23T22:28:12+0200,1243fdd6-9494-4890-9bf2-14ad2f41f059,2026-08-21T21:00:00Z,2026-08-21T23:00:00+0200,1364.0675,MW,DK2,DK_2,actual_load,Actual Load,2026-08-23T20:35:02Z
2026-08-23T20:28:12Z,2026-08-23T22:28:12+0200,1243fdd6-9494-4890-9bf2-14ad2f41f059,2026-08-21T22:00:00Z,2026-08-22T00:00:00+0200,1297.74,MW,DK2,DK_2,actual_load,Actual Load,2026-08-23T20:35:02Z
2026-08-23T20:28:12Z,2026-08-23T22:28:12+0200,1243fdd6-9494-4890-9bf2-14ad2f41f059,2026-08-21T23:00:00Z,2026-08-22T01:00:00+0200,1268.1325,MW,DK2,DK_2,actual_load,Actual Load,2026-08-23T20:35:02Z
2026-08-23T20:28:12Z,2026-08-23T22:28:12+0200,1243fdd6-9494-4890-9bf2-14ad2f41f059,2026-08-22T00:00:00Z,2026-08-22T02:00:00+0200,1233.9225,MW,DK2,DK_2,actual_load,Actual Load,2026-08-23T20:35:02Z
2026-08-23T20:28:12Z,2026-08-23T22:28:12+0200,1243fdd6-9494-4890-9bf2-14ad2f41f059,2026-08-22T01:00:00Z,2026-08-22T03:00:00+0200,1211.6875,MW,DK2,DK_2,actual_load,Actual Load,2026-08-23T20:35:02Z
2026-08-23T20:28:12Z,2026-08-23T22:28:12+0200,1243fdd6-9494-4890-9bf2-14ad2f41f059,2026-08-22T02:00:00Z,2026-08-22T04:00:00+0200,1186.5625,MW,DK2,DK_2,actual_load,Actual Load,2026-08-23T20:35:02Z
2026-08-23T20:28:12Z,2026-08-23T22:28:12+0200,1243fdd6-9494-4890-9bf2-14ad2f41f059,2026-08-22T03:00:00Z,2026-08-22T05:00:00+0200,1165.2325,MW,DK2,DK_2,actual_load,Actual Load,2026-08-23T20:35:02Z
2026-08-23T20:28:12Z,2026-08-23T22:28:12+0200,1243fdd6-9494-4890-9bf2-14ad2f41f059,2026-08-22T04:00:00Z,2026-08-22T06:00:00+0200,1140.2225,MW,DK2,DK_2,actual_load,Actual Load,2026-08-23T20:35:02Z
2026-08-23T20:28:12Z,2026-08-23T22:28:12+0200,1243fdd6-9494-4890-9bf2-14ad2f41f059,2026-08-22T05:00:00Z,2026-08-22T07:00:00+0200,1264.6675,MW,DK2,DK_2,actual_load,Actual Load,2026-08-23T20:35:02Z
2026-08-23T20:28:12Z,2026-08-23T22:28:12+0200,1243fdd6-9494-4890-9bf2-14ad2f41f059,2026-08-22T06:00:00Z,2026-08-22T08:00:00+0200,1416.9125,MW,DK2,DK_2,actual_load,Actual Load,2026-08-23T20:35:02Z
2026-08-23T20:28:12Z,2026-08-23T22:28:12+0200,1243fdd6-9494-4890-9bf2-14ad2f41f059,2026-08-22T07:00:00Z,2026-08-22T09:00:00+0200,1562.0,MW,DK2,DK_2,actual_load,Actual Load,2026-08-23T20:35:02Z
2026-08-23T20:28:12Z,2026-08-23T22:28:12+0200,1243fdd6-9494-4890-9bf2-14ad2f41f059,2026-08-22T08:00:00Z,2026-08-22T10:00:00+0200,1740.1625,MW,DK2,DK_2,actual_load,Actual Load,2026-08-23T20:35:02Z
2026-08-23T20:28:12Z,2026-08-23T22:28:12+0200,1243fdd6-9494-4890-9bf2-14ad2f41f059,2026-08-22T09:00:00Z,2026-08-22T11:00:00+0200,1909.4375,MW,DK2,DK_2,actual_load,Actual Load,2026-08-23T20:35:02Z
2026-08-23T20:28:12Z,2026-08-23T22:28:12+0200,1243fdd6-9494-4890-9bf2-14ad2f41f059,2026-08-22T10:00:00Z,2026-08-22T12:00:00+0200,2037.715,MW,DK2,DK_2,actual_load,Actual Load,2026-08-23T20:35:02Z
2026-08-23T20:28:12Z,2026-08-23T22:28:12+0200,1243fdd6-9494-4890-9bf2-14ad2f41f059,2026-08-22T11:00:00Z,2026-08-22T13:00:00+0200,2065.9975,MW,DK2,DK_2,actual_load,Actual Load,2026-08-23T20:35:02Z
2026-08-23T20:28:12Z,2026-08-23T22:28:12+0200,1243fdd6-9494-4890-9bf2-14ad2f41f059,2026-08-22T12:00:00Z,2026-08-22T14:00:00+0200,2028.9,MW,DK2,DK_2,actual_load,Actual Load,2026-08-23T20:35:02Z
2026-08-23T20:28:12Z,2026-08-23T22:28:12+0200,1243fdd6-9494-4890-9bf2-14ad2f41f059,2026-08-22T13:00:00Z,2026-08-22T15:00:00+0200,1957.03,MW,DK2,DK_2,actual_load,Actual Load,2026-08-23T20:35:02Z
2026-08-23T20:28:12Z,2026-08-23T22:28:12+0200,1243fdd6-9494-4890-9bf2-14ad2f41f059,2026-08-22T14:00:00Z,2026-08-22T16:00:00+0200,1889.34,MW,DK2,DK_2,actual_load,Actual Load,2026-08-23T20:35:02Z
2026-08-23T20:28:12Z,2026-08-23T22:28:12+0200,1243fdd6-9494-4890-9bf2-14ad2f41f059,2026-08-22T15:00:00Z,2026-08-22T17:00:00+0200,1791.875,MW,DK2,DK_2,actual_load,Actual Load,2026-08-23T20:35:02Z
2026-08-23T20:28:12Z,2026-08-23T22:28:12+0200,1243fdd6-9494-4890-9bf2-14ad2f41f059,2026-08-22T16:00:00Z,2026-08-22T18:00:00+0200,1707.94,MW,DK2,DK_2,actual_load,Actual Load,2026-08-23T20:35:02Z
2026-08-23T20:28:12Z,2026-08-23T22:28:12+0200,1243fdd6-9494-4890-9bf2-14ad2f41f059,2026-08-22T17:00:00Z,2026-08-22T19:00:00+0200,1650.24,MW,DK2,DK_2,actual_load,Actual Load,2026-08-23T20:35:02Z
2026-08-23T20:28:12Z,2026-08-23T22:28:12+0200,1243fdd6-9494-4890-9bf2-14ad2f41f059,2026-08-22T18:00:00Z,2026-08-22T20:00:00+0200,1518.165,MW,DK2,DK_2,actual_load,Actual Load,2026-08-23T20:35:02Z
2026-08-23T20:28:12Z,2026-08-23T22:28:12+0200,1243fdd6-9494-4890-9bf2-14ad2f41f059,2026-08-22T19:00:00Z,2026-08-22T21:00:00+0200,1472.89,MW,DK2,DK_2,actual_load,Actual Load,2026-08-23T20:35:02Z
2026-08-23T20:28:12Z,2026-08-23T22:28:12+0200,1243fdd6-9494-4890-9bf2-14ad2f41f059,2026-08-22T20:00:00Z,2026-08-22T22:00:00+0200,1368.725,MW,DK2,DK_2,actual_load,Actual Load,2026-08-23T20:35:02Z
2026-08-23T20:28:12Z,2026-08-23T22:28:12+0200,1243fdd6-9494-4890-9bf2-14ad2f41f059,2026-08-22T21:00:00Z,2026-08-22T23:00:00+0200,1333.4475,MW,DK2,DK_2,actual_load,Actual Load,2026-08-23T20:35:02Z
2026-08-23T20:28:12Z,2026-08-23T22:28:12+0200,1243fdd6-9494-4890-9bf2-14ad2f41f059,2026-08-22T22:00:00Z,2026-08-23T00:00:00+0200,1281.79,MW,DK2,DK_2,actual_load,Actual Load,2026-08-23T20:35:02Z
2026-08-23T20:28:12Z,2026-08-23T22:28:12+0200,1243fdd6-9494-4890-9bf2-14ad2f41f059,2026-08-22T23:00:00Z,2026-08-23T01:00:00+0200,1233.38,MW,DK2,DK_2,actual_load,Actual Load,2026-08-23T20:35:02Z
2026-08-23T20:28:12Z,2026-08-23T22:28:12+0200,1243fdd6-9494-4890-9bf2-14ad2f41f059,2026-08-23T00:00:00Z,2026-08-23T02:00:00+0200,1236.09,MW,DK2,DK_2,actual_load,Actual Load,2026-08-23T20:35:02Z
2026-08-23T20:28:12Z,2026-08-23T22:28:12+0200,1243fdd6-9494-4890-9bf2-14ad2f41f059,2026-08-23T01:00:00Z,2026-08-23T03:00:00+0200,1195.5075,MW,DK2,DK_2,actual_load,Actual Load,2026-08-23T20:35:02Z
2026-08-23T20:28:12Z,2026-08-23T22:28:12+0200,1243fdd6-9494-4890-9bf2-14ad2f41f059,2026-08-23T02:00:00Z,2026-08-23T04:00:00+0200,1168.225,MW,DK2,DK_2,actual_load,Actual Load,2026-08-23T20:35:02Z
2026-08-23T20:28:12Z,2026-08-23T22:28:12+0200,1243fdd6-9494-4890-9bf2-14ad2f41f059,2026-08-23T03:00:00Z,2026-08-23T05:00:00+0200,1161.9225,MW,DK2,DK_2,actual_load,Actual Load,2026-08-23T20:35:02Z
2026-08-23T20:28:12Z,2026-08-23T22:28:12+0200,1243fdd6-9494-4890-9bf2-14ad2f41f059,2026-08-23T04:00:00Z,2026-08-23T06:00:00+0200,1172.8,MW,DK2,DK_2,actual_load,Actual Load,2026-08-23T20:35:02Z
2026-08-23T20:28:12Z,2026-08-23T22:28:12+0200,1243fdd6-9494-4890-9bf2-14ad2f41f059,2026-08-23T05:00:00Z,2026-08-23T07:00:00+0200,1281.6125,MW,DK2,DK_2,actual_load,Actual Load,2026-08-23T20:35:02Z
2026-08-23T20:28:12Z,2026-08-23T22:28:12+0200,1243fdd6-9494-4890-9bf2-14ad2f41f059,2026-08-23T06:00:00Z,2026-08-23T08:00:00+0200,1453.86,MW,DK2,DK_2,actual_load,Actual Load,2026-08-23T20:35:02Z
2026-08-23T20:28:12Z,2026-08-23T22:28:12+0200,1243fdd6-9494-4890-9bf2-14ad2f41f059,2026-08-23T07:00:00Z,2026-08-23T09:00:00+0200,1686.4075,MW,DK2,DK_2,actual_load,Actual Load,2026-08-23T20:35:02Z
2026-08-23T20:28:12Z,2026-08-23T22:28:12+0200,1243fdd6-9494-4890-9bf2-14ad2f41f059,2026-08-23T08:00:00Z,2026-08-23T10:00:00+0200,1809.4475,MW,DK2,DK_2,actual_load,Actual Load,2026-08-23T20:35:02Z
2026-08-23T20:28:12Z,2026-08-23T22:28:12+0200,1243fdd6-9494-4890-9bf2-14ad2f41f059,2026-08-23T09:00:00Z,2026-08-23T11:00:00+0200,1914.2975,MW,DK2,DK_2,actual_load,Actual Load,2026-08-23T20:35:02Z
2026-08-23T20:28:12Z,2026-08-23T22:28:12+0200,1243fdd6-9494-4890-9bf2-14ad2f41f059,2026-08-23T10:00:00Z,2026-08-23T12:00:00+0200,1943.5075,MW,DK2,DK_2,actual_load,Actual Load,2026-08-23T20:35:02Z
2026-08-23T20:28:12Z,2026-08-23T22:28:12+0200,1243fdd6-9494-4890-9bf2-14ad2f41f059,2026-08-23T11:00:00Z,2026-08-23T13:00:00+0200,1921.845,MW,DK2,DK_2,actual_load,Actual Load,2026-08-23T20:35:02Z
2026-08-23T20:28:12Z,2026-08-23T22:28:12+0200,1243fdd6-9494-4890-9bf2-14ad2f41f059,2026-08-23T12:00:00Z,2026-08-23T14:00:00+0200,1879.9225,MW,DK2,DK_2,actual_load,Actual Load,2026-08-23T20:35:02Z
2026-08-23T20:28:12Z,2026-08-23T22:28:12+0200,1243fdd6-9494-4890-9bf2-14ad2f41f059,2026-08-23T13:00:00Z,2026-08-23T15:00:00+0200,1867.145,MW,DK2,DK_2,actual_load,Actual Load,2026-08-23T20:35:02Z
2026-08-23T20:28:12Z,2026-08-23T22:28:12+0200,1243fdd6-9494-4890-9bf2-14ad2f41f059,2026-08-23T14:00:00Z,2026-08-23T16:00:00+0200,1876.69,MW,DK2,DK_2,actual_load,Actual Load,2026-08-23T20:35:02Z
2026-08-23T20:28:12Z,2026-08-23T22:28:12+0200,1243fdd6-9494-4890-9bf2-14ad2f41f059,2026-08-23T15:00:00Z,2026-08-23T17:00:00+0200,1895.165,MW,DK2,DK_2,actual_load,Actual Load,2026-08-23T20:35:02Z
2026-08-23T20:28:12Z,2026-08-23T22:28:12+0200,1243fdd6-9494-4890-9bf2-14ad2f41f059,2026-08-23T16:00:00Z,2026-08-23T18:00:00+0200,1793.6475,MW,DK2,DK_2,actual_load,Actual Load,2026-08-23T20:35:02Z
2026-08-23T20:28:12Z,2026-08-23T22:28:12+0200,1243fdd6-9494-4890-9bf2-14ad2f41f059,2026-08-23T17:00:00Z,2026-08-23T19:00:00+0200,1658.9425,MW,DK2,DK_2,actual_load,Actual Load,2026-08-23T20:35:02Z
2026-08-23T20:28:12Z,2026-08-23T22:28:12+0200,1243fdd6-9494-4890-9bf2-14ad2f41f059,2026-08-23T18:00:00Z,2026-08-23T20:00:00+0200,1571.3425,MW,DK2,DK_2,actual_load,Actual Load,2026-08-23T20:35:02Z
2026-08-23T20:28:12Z,2026-08-23T22:28:12+0200,1243fdd6-9494-4890-9bf2-14ad2f41f059,2026-08-23T19:00:00Z,2026-08-23T21:00:00+0200,1521.395,MW,DK2,DK_2,actual_load,Actual Load,2026-08-23T20:35:02Z
