collection_time_utc,collection_time_local,run_id,timestamp_utc,timestamp_local,value,unit,country,entsoe_area,variable,source,updated_at_utc
2026-08-08T17:04:37Z,2026-08-08T19:04:37+0200,5520ccc5-4503-4071-9cae-28eeabcf3914,2026-07-08T18:00:00Z,2026-07-08T20:00:00+0200,7671.4,MW,PT,PT,actual_load,Actual Load,2026-08-08T17:10:43Z
2026-08-08T17:04:37Z,2026-08-08T19:04:37+0200,5520ccc5-4503-4071-9cae-28eeabcf3914,2026-07-08T19:00:00Z,2026-07-08T21:00:00+0200,7739.4,MW,PT,PT,actual_load,Actual Load,2026-08-08T17:10:43Z
2026-08-08T17:04:37Z,2026-08-08T19:04:37+0200,5520ccc5-4503-4071-9cae-28eeabcf3914,2026-07-08T20:00:00Z,2026-07-08T22:00:00+0200,7594.3,MW,PT,PT,actual_load,Actual Load,2026-08-08T17:10:43Z
2026-08-08T17:04:37Z,2026-08-08T19:04:37+0200,5520ccc5-4503-4071-9cae-28eeabcf3914,2026-07-08T21:00:00Z,2026-07-08T23:00:00+0200,7142.6,MW,PT,PT,actual_load,Actual Load,2026-08-08T17:10:43Z
2026-08-08T17:04:37Z,2026-08-08T19:04:37+0200,5520ccc5-4503-4071-9cae-28eeabcf3914,2026-07-08T22:00:00Z,2026-07-09T00:00:00+0200,6529.9,MW,PT,PT,actual_load,Actual Load,2026-08-08T17:10:43Z
2026-08-08T17:04:37Z,2026-08-08T19:04:37+0200,5520ccc5-4503-4071-9cae-28eeabcf3914,2026-07-08T23:00:00Z,2026-07-09T01:00:00+0200,6021.1,MW,PT,PT,actual_load,Actual Load,2026-08-08T17:10:43Z
2026-08-08T17:04:37Z,2026-08-08T19:04:37+0200,5520ccc5-4503-4071-9cae-28eeabcf3914,2026-07-09T00:00:00Z,2026-07-09T02:00:00+0200,5636.6,MW,PT,PT,actual_load,Actual Load,2026-08-08T17:10:43Z
2026-08-08T17:04:37Z,2026-08-08T19:04:37+0200,5520ccc5-4503-4071-9cae-28eeabcf3914,2026-07-09T01:00:00Z,2026-07-09T03:00:00+0200,5384.4,MW,PT,PT,actual_load,Actual Load,2026-08-08T17:10:43Z
2026-08-08T17:04:37Z,2026-08-08T19:04:37+0200,5520ccc5-4503-4071-9cae-28eeabcf3914,2026-07-09T02:00:00Z,2026-07-09T04:00:00+0200,5255.7,MW,PT,PT,actual_load,Actual Load,2026-08-08T17:10:43Z
2026-08-08T17:04:37Z,2026-08-08T19:04:37+0200,5520ccc5-4503-4071-9cae-28eeabcf3914,2026-07-09T03:00:00Z,2026-07-09T05:00:00+0200,5167.5,MW,PT,PT,actual_load,Actual Load,2026-08-08T17:10:43Z
2026-08-08T17:04:37Z,2026-08-08T19:04:37+0200,5520ccc5-4503-4071-9cae-28eeabcf3914,2026-07-09T04:00:00Z,2026-07-09T06:00:00+0200,5286.5,MW,PT,PT,actual_load,Actual Load,2026-08-08T17:10:43Z
2026-08-08T17:04:37Z,2026-08-08T19:04:37+0200,5520ccc5-4503-4071-9cae-28eeabcf3914,2026-07-09T05:00:00Z,2026-07-09T07:00:00+0200,5553.0,MW,PT,PT,actual_load,Actual Load,2026-08-08T17:10:43Z
2026-08-08T17:04:37Z,2026-08-08T19:04:37+0200,5520ccc5-4503-4071-9cae-28eeabcf3914,2026-07-09T06:00:00Z,2026-07-09T08:00:00+0200,6097.6,MW,PT,PT,actual_load,Actual Load,2026-08-08T17:10:43Z
2026-08-08T17:04:37Z,2026-08-08T19:04:37+0200,5520ccc5-4503-4071-9cae-28eeabcf3914,2026-07-09T07:00:00Z,2026-07-09T09:00:00+0200,6909.8,MW,PT,PT,actual_load,Actual Load,2026-08-08T17:10:43Z
2026-08-08T17:04:37Z,2026-08-08T19:04:37+0200,5520ccc5-4503-4071-9cae-28eeabcf3914,2026-07-09T08:00:00Z,2026-07-09T10:00:00+0200,7148.2,MW,PT,PT,actual_load,Actual Load,2026-08-08T17:10:43Z
2026-08-08T17:04:37Z,2026-08-08T19:04:37+0200,5520ccc5-4503-4071-9cae-28eeabcf3914,2026-07-09T09:00:00Z,2026-07-09T11:00:00+0200,7055.5,MW,PT,PT,actual_load,Actual Load,2026-08-08T17:10:43Z
2026-08-08T17:04:37Z,2026-08-08T19:04:37+0200,5520ccc5-4503-4071-9cae-28eeabcf3914,2026-07-09T10:00:00Z,2026-07-09T12:00:00+0200,7010.8,MW,PT,PT,actual_load,Actual Load,2026-08-08T17:10:43Z
2026-08-08T17:04:37Z,2026-08-08T19:04:37+0200,5520ccc5-4503-4071-9cae-28eeabcf3914,2026-07-09T11:00:00Z,2026-07-09T13:00:00+0200,6822.3,MW,PT,PT,actual_load,Actual Load,2026-08-08T17:10:43Z
2026-08-08T17:04:37Z,2026-08-08T19:04:37+0200,5520ccc5-4503-4071-9cae-28eeabcf3914,2026-07-09T12:00:00Z,2026-07-09T14:00:00+0200,6692.4,MW,PT,PT,actual_load,Actual Load,2026-08-08T17:10:43Z
2026-08-08T17:04:37Z,2026-08-08T19:04:37+0200,5520ccc5-4503-4071-9cae-28eeabcf3914,2026-07-09T13:00:00Z,2026-07-09T15:00:00+0200,6767.8,MW,PT,PT,actual_load,Actual Load,2026-08-08T17:10:43Z
2026-08-08T17:04:37Z,2026-08-08T19:04:37+0200,5520ccc5-4503-4071-9cae-28eeabcf3914,2026-07-09T14:00:00Z,2026-07-09T16:00:00+0200,6689.8,MW,PT,PT,actual_load,Actual Load,2026-08-08T17:10:43Z
2026-08-08T17:04:37Z,2026-08-08T19:04:37+0200,5520ccc5-4503-4071-9cae-28eeabcf3914,2026-07-09T15:00:00Z,2026-07-09T17:00:00+0200,6708.9,MW,PT,PT,actual_load,Actual Load,2026-08-08T17:10:43Z
2026-08-08T17:04:37Z,2026-08-08T19:04:37+0200,5520ccc5-4503-4071-9cae-28eeabcf3914,2026-07-09T16:00:00Z,2026-07-09T18:00:00+0200,6744.6,MW,PT,PT,actual_load,Actual Load,2026-08-08T17:10:43Z
2026-08-08T17:04:37Z,2026-08-08T19:04:37+0200,5520ccc5-4503-4071-9cae-28eeabcf3914,2026-07-09T17:00:00Z,2026-07-09T19:00:00+0200,6919.7,MW,PT,PT,actual_load,Actual Load,2026-08-08T17:10:43Z
2026-08-08T17:04:37Z,2026-08-08T19:04:37+0200,5520ccc5-4503-4071-9cae-28eeabcf3914,2026-07-09T18:00:00Z,2026-07-09T20:00:00+0200,7314.5,MW,PT,PT,actual_load,Actual Load,2026-08-08T17:10:43Z
2026-08-08T17:04:37Z,2026-08-08T19:04:37+0200,5520ccc5-4503-4071-9cae-28eeabcf3914,2026-07-09T19:00:00Z,2026-07-09T21:00:00+0200,7373.9,MW,PT,PT,actual_load,Actual Load,2026-08-08T17:10:43Z
2026-08-08T17:04:37Z,2026-08-08T19:04:37+0200,5520ccc5-4503-4071-9cae-28eeabcf3914,2026-07-09T20:00:00Z,2026-07-09T22:00:00+0200,7274.7,MW,PT,PT,actual_load,Actual Load,2026-08-08T17:10:43Z
2026-08-08T17:04:37Z,2026-08-08T19:04:37+0200,5520ccc5-4503-4071-9cae-28eeabcf3914,2026-07-09T21:00:00Z,2026-07-09T23:00:00+0200,6848.1,MW,PT,PT,actual_load,Actual Load,2026-08-08T17:10:43Z
2026-08-08T17:04:37Z,2026-08-08T19:04:37+0200,5520ccc5-4503-4071-9cae-28eeabcf3914,2026-07-09T22:00:00Z,2026-07-10T00:00:00+0200,6290.8,MW,PT,PT,actual_load,Actual Load,2026-08-08T17:10:43Z
2026-08-08T17:04:37Z,2026-08-08T19:04:37+0200,5520ccc5-4503-4071-9cae-28eeabcf3914,2026-07-09T23:00:00Z,2026-07-10T01:00:00+0200,5821.4,MW,PT,PT,actual_load,Actual Load,2026-08-08T17:10:43Z
2026-08-08T17:04:37Z,2026-08-08T19:04:37+0200,5520ccc5-4503-4071-9cae-28eeabcf3914,2026-07-10T00:00:00Z,2026-07-10T02:00:00+0200,5475.0,MW,PT,PT,actual_load,Actual Load,2026-08-08T17:10:43Z
2026-08-08T17:04:37Z,2026-08-08T19:04:37+0200,5520ccc5-4503-4071-9cae-28eeabcf3914,2026-07-10T01:00:00Z,2026-07-10T03:00:00+0200,5240.7,MW,PT,PT,actual_load,Actual Load,2026-08-08T17:10:43Z
2026-08-08T17:04:37Z,2026-08-08T19:04:37+0200,5520ccc5-4503-4071-9cae-28eeabcf3914,2026-07-10T02:00:00Z,2026-07-10T04:00:00+0200,5098.6,MW,PT,PT,actual_load,Actual Load,2026-08-08T17:10:43Z
2026-08-08T17:04:37Z,2026-08-08T19:04:37+0200,5520ccc5-4503-4071-9cae-28eeabcf3914,2026-07-10T03:00:00Z,2026-07-10T05:00:00+0200,5037.3,MW,PT,PT,actual_load,Actual Load,2026-08-08T17:10:43Z
2026-08-08T17:04:37Z,2026-08-08T19:04:37+0200,5520ccc5-4503-4071-9cae-28eeabcf3914,2026-07-10T04:00:00Z,2026-07-10T06:00:00+0200,5112.8,MW,PT,PT,actual_load,Actual Load,2026-08-08T17:10:43Z
2026-08-08T17:04:37Z,2026-08-08T19:04:37+0200,5520ccc5-4503-4071-9cae-28eeabcf3914,2026-07-10T05:00:00Z,2026-07-10T07:00:00+0200,5418.6,MW,PT,PT,actual_load,Actual Load,2026-08-08T17:10:43Z
2026-08-08T17:04:37Z,2026-08-08T19:04:37+0200,5520ccc5-4503-4071-9cae-28eeabcf3914,2026-07-10T06:00:00Z,2026-07-10T08:00:00+0200,5964.1,MW,PT,PT,actual_load,Actual Load,2026-08-08T17:10:43Z
2026-08-08T17:04:37Z,2026-08-08T19:04:37+0200,5520ccc5-4503-4071-9cae-28eeabcf3914,2026-07-10T07:00:00Z,2026-07-10T09:00:00+0200,6700.9,MW,PT,PT,actual_load,Actual Load,2026-08-08T17:10:43Z
2026-08-08T17:04:37Z,2026-08-08T19:04:37+0200,5520ccc5-4503-4071-9cae-28eeabcf3914,2026-07-10T08:00:00Z,2026-07-10T10:00:00+0200,7007.7,MW,PT,PT,actual_load,Actual Load,2026-08-08T17:10:43Z
2026-08-08T17:04:37Z,2026-08-08T19:04:37+0200,5520ccc5-4503-4071-9cae-28eeabcf3914,2026-07-10T09:00:00Z,2026-07-10T11:00:00+0200,6991.5,MW,PT,PT,actual_load,Actual Load,2026-08-08T17:10:43Z
2026-08-08T17:04:37Z,2026-08-08T19:04:37+0200,5520ccc5-4503-4071-9cae-28eeabcf3914,2026-07-10T10:00:00Z,2026-07-10T12:00:00+0200,7000.3,MW,PT,PT,actual_load,Actual Load,2026-08-08T17:10:43Z
2026-08-08T17:04:37Z,2026-08-08T19:04:37+0200,5520ccc5-4503-4071-9cae-28eeabcf3914,2026-07-10T11:00:00Z,2026-07-10T13:00:00+0200,6744.2,MW,PT,PT,actual_load,Actual Load,2026-08-08T17:10:43Z
2026-08-08T17:04:37Z,2026-08-08T19:04:37+0200,5520ccc5-4503-4071-9cae-28eeabcf3914,2026-07-10T12:00:00Z,2026-07-10T14:00:00+0200,6440.9,MW,PT,PT,actual_load,Actual Load,2026-08-08T17:10:43Z
2026-08-08T17:04:37Z,2026-08-08T19:04:37+0200,5520ccc5-4503-4071-9cae-28eeabcf3914,2026-07-10T13:00:00Z,2026-07-10T15:00:00+0200,6435.9,MW,PT,PT,actual_load,Actual Load,2026-08-08T17:10:43Z
2026-08-08T17:04:37Z,2026-08-08T19:04:37+0200,5520ccc5-4503-4071-9cae-28eeabcf3914,2026-07-10T14:00:00Z,2026-07-10T16:00:00+0200,6371.9,MW,PT,PT,actual_load,Actual Load,2026-08-08T17:10:43Z
2026-08-08T17:04:37Z,2026-08-08T19:04:37+0200,5520ccc5-4503-4071-9cae-28eeabcf3914,2026-07-10T15:00:00Z,2026-07-10T17:00:00+0200,6426.1,MW,PT,PT,actual_load,Actual Load,2026-08-08T17:10:43Z
2026-08-08T17:04:37Z,2026-08-08T19:04:37+0200,5520ccc5-4503-4071-9cae-28eeabcf3914,2026-07-10T16:00:00Z,2026-07-10T18:00:00+0200,6444.4,MW,PT,PT,actual_load,Actual Load,2026-08-08T17:10:43Z
2026-08-08T17:04:37Z,2026-08-08T19:04:37+0200,5520ccc5-4503-4071-9cae-28eeabcf3914,2026-07-10T17:00:00Z,2026-07-10T19:00:00+0200,6630.4,MW,PT,PT,actual_load,Actual Load,2026-08-08T17:10:43Z
2026-08-08T17:04:37Z,2026-08-08T19:04:37+0200,5520ccc5-4503-4071-9cae-28eeabcf3914,2026-07-10T18:00:00Z,2026-07-10T20:00:00+0200,7003.5,MW,PT,PT,actual_load,Actual Load,2026-08-08T17:10:43Z
2026-08-08T17:04:37Z,2026-08-08T19:04:37+0200,5520ccc5-4503-4071-9cae-28eeabcf3914,2026-07-10T19:00:00Z,2026-07-10T21:00:00+0200,7132.8,MW,PT,PT,actual_load,Actual Load,2026-08-08T17:10:43Z
2026-08-08T17:04:37Z,2026-08-08T19:04:37+0200,5520ccc5-4503-4071-9cae-28eeabcf3914,2026-07-10T20:00:00Z,2026-07-10T22:00:00+0200,7047.0,MW,PT,PT,actual_load,Actual Load,2026-08-08T17:10:43Z
2026-08-08T17:04:37Z,2026-08-08T19:04:37+0200,5520ccc5-4503-4071-9cae-28eeabcf3914,2026-07-10T21:00:00Z,2026-07-10T23:00:00+0200,6660.1,MW,PT,PT,actual_load,Actual Load,2026-08-08T17:10:43Z
2026-08-08T17:04:37Z,2026-08-08T19:04:37+0200,5520ccc5-4503-4071-9cae-28eeabcf3914,2026-07-10T22:00:00Z,2026-07-11T00:00:00+0200,6188.5,MW,PT,PT,actual_load,Actual Load,2026-08-08T17:10:43Z
2026-08-08T17:04:37Z,2026-08-08T19:04:37+0200,5520ccc5-4503-4071-9cae-28eeabcf3914,2026-07-10T23:00:00Z,2026-07-11T01:00:00+0200,5744.1,MW,PT,PT,actual_load,Actual Load,2026-08-08T17:10:43Z
2026-08-08T17:04:37Z,2026-08-08T19:04:37+0200,5520ccc5-4503-4071-9cae-28eeabcf3914,2026-07-11T00:00:00Z,2026-07-11T02:00:00+0200,5401.4,MW,PT,PT,actual_load,Actual Load,2026-08-08T17:10:43Z
2026-08-08T17:04:37Z,2026-08-08T19:04:37+0200,5520ccc5-4503-4071-9cae-28eeabcf3914,2026-07-11T01:00:00Z,2026-07-11T03:00:00+0200,5153.1,MW,PT,PT,actual_load,Actual Load,2026-08-08T17:10:43Z
2026-08-08T17:04:37Z,2026-08-08T19:04:37+0200,5520ccc5-4503-4071-9cae-28eeabcf3914,2026-07-11T02:00:00Z,2026-07-11T04:00:00+0200,5009.1,MW,PT,PT,actual_load,Actual Load,2026-08-08T17:10:43Z
2026-08-08T17:04:37Z,2026-08-08T19:04:37+0200,5520ccc5-4503-4071-9cae-28eeabcf3914,2026-07-11T03:00:00Z,2026-07-11T05:00:00+0200,4897.5,MW,PT,PT,actual_load,Actual Load,2026-08-08T17:10:43Z
2026-08-08T17:04:37Z,2026-08-08T19:04:37+0200,5520ccc5-4503-4071-9cae-28eeabcf3914,2026-07-11T04:00:00Z,2026-07-11T06:00:00+0200,4867.8,MW,PT,PT,actual_load,Actual Load,2026-08-08T17:10:43Z
2026-08-08T17:04:37Z,2026-08-08T19:04:37+0200,5520ccc5-4503-4071-9cae-28eeabcf3914,2026-07-11T05:00:00Z,2026-07-11T07:00:00+0200,4833.5,MW,PT,PT,actual_load,Actual Load,2026-08-08T17:10:43Z
2026-08-08T17:04:37Z,2026-08-08T19:04:37+0200,5520ccc5-4503-4071-9cae-28eeabcf3914,2026-07-11T06:00:00Z,2026-07-11T08:00:00+0200,4962.0,MW,PT,PT,actual_load,Actual Load,2026-08-08T17:10:43Z
2026-08-08T17:04:37Z,2026-08-08T19:04:37+0200,5520ccc5-4503-4071-9cae-28eeabcf3914,2026-07-11T07:00:00Z,2026-07-11T09:00:00+0200,5286.5,MW,PT,PT,actual_load,Actual Load,2026-08-08T17:10:43Z
2026-08-08T17:04:37Z,2026-08-08T19:04:37+0200,5520ccc5-4503-4071-9cae-28eeabcf3914,2026-07-11T08:00:00Z,2026-07-11T10:00:00+0200,5520.9,MW,PT,PT,actual_load,Actual Load,2026-08-08T17:10:43Z
2026-08-08T17:04:37Z,2026-08-08T19:04:37+0200,5520ccc5-4503-4071-9cae-28eeabcf3914,2026-07-11T09:00:00Z,2026-07-11T11:00:00+0200,5588.1,MW,PT,PT,actual_load,Actual Load,2026-08-08T17:10:43Z
2026-08-08T17:04:37Z,2026-08-08T19:04:37+0200,5520ccc5-4503-4071-9cae-28eeabcf3914,2026-07-11T10:00:00Z,2026-07-11T12:00:00+0200,5603.4,MW,PT,PT,actual_load,Actual Load,2026-08-08T17:10:43Z
2026-08-08T17:04:37Z,2026-08-08T19:04:37+0200,5520ccc5-4503-4071-9cae-28eeabcf3914,2026-07-11T11:00:00Z,2026-07-11T13:00:00+0200,5633.9,MW,PT,PT,actual_load,Actual Load,2026-08-08T17:10:43Z
2026-08-08T17:04:37Z,2026-08-08T19:04:37+0200,5520ccc5-4503-4071-9cae-28eeabcf3914,2026-07-11T12:00:00Z,2026-07-11T14:00:00+0200,5418.5,MW,PT,PT,actual_load,Actual Load,2026-08-08T17:10:43Z
2026-08-08T17:04:37Z,2026-08-08T19:04:37+0200,5520ccc5-4503-4071-9cae-28eeabcf3914,2026-07-11T13:00:00Z,2026-07-11T15:00:00+0200,5274.8,MW,PT,PT,actual_load,Actual Load,2026-08-08T17:10:43Z
2026-08-08T17:04:37Z,2026-08-08T19:04:37+0200,5520ccc5-4503-4071-9cae-28eeabcf3914,2026-07-11T14:00:00Z,2026-07-11T16:00:00+0200,5235.8,MW,PT,PT,actual_load,Actual Load,2026-08-08T17:10:43Z
2026-08-08T17:04:37Z,2026-08-08T19:04:37+0200,5520ccc5-4503-4071-9cae-28eeabcf3914,2026-07-11T15:00:00Z,2026-07-11T17:00:00+0200,5248.4,MW,PT,PT,actual_load,Actual Load,2026-08-08T17:10:43Z
2026-08-08T17:04:37Z,2026-08-08T19:04:37+0200,5520ccc5-4503-4071-9cae-28eeabcf3914,2026-07-11T16:00:00Z,2026-07-11T18:00:00+0200,5391.6,MW,PT,PT,actual_load,Actual Load,2026-08-08T17:10:43Z
2026-08-08T17:04:37Z,2026-08-08T19:04:37+0200,5520ccc5-4503-4071-9cae-28eeabcf3914,2026-07-11T17:00:00Z,2026-07-11T19:00:00+0200,5692.7,MW,PT,PT,actual_load,Actual Load,2026-08-08T17:10:43Z
2026-08-08T17:04:37Z,2026-08-08T19:04:37+0200,5520ccc5-4503-4071-9cae-28eeabcf3914,2026-07-11T18:00:00Z,2026-07-11T20:00:00+0200,5998.0,MW,PT,PT,actual_load,Actual Load,2026-08-08T17:10:43Z
2026-08-08T17:04:37Z,2026-08-08T19:04:37+0200,5520ccc5-4503-4071-9cae-28eeabcf3914,2026-07-11T19:00:00Z,2026-07-11T21:00:00+0200,6175.5,MW,PT,PT,actual_load,Actual Load,2026-08-08T17:10:43Z
2026-08-08T17:04:37Z,2026-08-08T19:04:37+0200,5520ccc5-4503-4071-9cae-28eeabcf3914,2026-07-11T20:00:00Z,2026-07-11T22:00:00+0200,6153.6,MW,PT,PT,actual_load,Actual Load,2026-08-08T17:10:43Z
2026-08-08T17:04:37Z,2026-08-08T19:04:37+0200,5520ccc5-4503-4071-9cae-28eeabcf3914,2026-07-11T21:00:00Z,2026-07-11T23:00:00+0200,5878.4,MW,PT,PT,actual_load,Actual Load,2026-08-08T17:10:43Z
2026-08-08T17:04:37Z,2026-08-08T19:04:37+0200,5520ccc5-4503-4071-9cae-28eeabcf3914,2026-07-11T22:00:00Z,2026-07-12T00:00:00+0200,5511.7,MW,PT,PT,actual_load,Actual Load,2026-08-08T17:10:43Z
2026-08-08T17:04:37Z,2026-08-08T19:04:37+0200,5520ccc5-4503-4071-9cae-28eeabcf3914,2026-07-11T23:00:00Z,2026-07-12T01:00:00+0200,5190.2,MW,PT,PT,actual_load,Actual Load,2026-08-08T17:10:43Z
2026-08-08T17:04:37Z,2026-08-08T19:04:37+0200,5520ccc5-4503-4071-9cae-28eeabcf3914,2026-07-12T00:00:00Z,2026-07-12T02:00:00+0200,4919.3,MW,PT,PT,actual_load,Actual Load,2026-08-08T17:10:43Z
2026-08-08T17:04:37Z,2026-08-08T19:04:37+0200,5520ccc5-4503-4071-9cae-28eeabcf3914,2026-07-12T01:00:00Z,2026-07-12T03:00:00+0200,4710.3,MW,PT,PT,actual_load,Actual Load,2026-08-08T17:10:43Z
2026-08-08T17:04:37Z,2026-08-08T19:04:37+0200,5520ccc5-4503-4071-9cae-28eeabcf3914,2026-07-12T02:00:00Z,2026-07-12T04:00:00+0200,4581.1,MW,PT,PT,actual_load,Actual Load,2026-08-08T17:10:43Z
2026-08-08T17:04:37Z,2026-08-08T19:04:37+0200,5520ccc5-4503-4071-9cae-28eeabcf3914,2026-07-12T03:00:00Z,2026-07-12T05:00:00+0200,4503.5,MW,PT,PT,actual_load,Actual Load,2026-08-08T17:10:43Z
2026-08-08T17:04:37Z,2026-08-08T19:04:37+0200,5520ccc5-4503-4071-9cae-28eeabcf3914,2026-07-12T04:00:00Z,2026-07-12T06:00:00+0200,4479.1,MW,PT,PT,actual_load,Actual Load,2026-08-08T17:10:43Z
2026-08-08T17:04:37Z,2026-08-08T19:04:37+0200,5520ccc5-4503-4071-9cae-28eeabcf3914,2026-07-12T05:00:00Z,2026-07-12T07:00:00+0200,4409.8,MW,PT,PT,actual_load,Actual Load,2026-08-08T17:10:43Z
2026-08-08T17:04:37Z,2026-08-08T19:04:37+0200,5520ccc5-4503-4071-9cae-28eeabcf3914,2026-07-12T06:00:00Z,2026-07-12T08:00:00+0200,4468.9,MW,PT,PT,actual_load,Actual Load,2026-08-08T17:10:43Z
2026-08-08T17:04:37Z,2026-08-08T19:04:37+0200,5520ccc5-4503-4071-9cae-28eeabcf3914,2026-07-12T07:00:00Z,2026-07-12T09:00:00+0200,4757.6,MW,PT,PT,actual_load,Actual Load,2026-08-08T17:10:43Z
2026-08-08T17:04:37Z,2026-08-08T19:04:37+0200,5520ccc5-4503-4071-9cae-28eeabcf3914,2026-07-12T08:00:00Z,2026-07-12T10:00:00+0200,4945.4,MW,PT,PT,actual_load,Actual Load,2026-08-08T17:10:43Z
2026-08-08T17:04:37Z,2026-08-08T19:04:37+0200,5520ccc5-4503-4071-9cae-28eeabcf3914,2026-07-12T09:00:00Z,2026-07-12T11:00:00+0200,5167.1,MW,PT,PT,actual_load,Actual Load,2026-08-08T17:10:43Z
2026-08-08T17:04:37Z,2026-08-08T19:04:37+0200,5520ccc5-4503-4071-9cae-28eeabcf3914,2026-07-12T10:00:00Z,2026-07-12T12:00:00+0200,5326.4,MW,PT,PT,actual_load,Actual Load,2026-08-08T17:10:43Z
2026-08-08T17:04:37Z,2026-08-08T19:04:37+0200,5520ccc5-4503-4071-9cae-28eeabcf3914,2026-07-12T11:00:00Z,2026-07-12T13:00:00+0200,5316.1,MW,PT,PT,actual_load,Actual Load,2026-08-08T17:10:43Z
2026-08-08T17:04:37Z,2026-08-08T19:04:37+0200,5520ccc5-4503-4071-9cae-28eeabcf3914,2026-07-12T12:00:00Z,2026-07-12T14:00:00+0200,5097.2,MW,PT,PT,actual_load,Actual Load,2026-08-08T17:10:43Z
2026-08-08T17:04:37Z,2026-08-08T19:04:37+0200,5520ccc5-4503-4071-9cae-28eeabcf3914,2026-07-12T13:00:00Z,2026-07-12T15:00:00+0200,4813.9,MW,PT,PT,actual_load,Actual Load,2026-08-08T17:10:43Z
2026-08-08T17:04:37Z,2026-08-08T19:04:37+0200,5520ccc5-4503-4071-9cae-28eeabcf3914,2026-07-12T14:00:00Z,2026-07-12T16:00:00+0200,4729.0,MW,PT,PT,actual_load,Actual Load,2026-08-08T17:10:43Z
2026-08-08T17:04:37Z,2026-08-08T19:04:37+0200,5520ccc5-4503-4071-9cae-28eeabcf3914,2026-07-12T15:00:00Z,2026-07-12T17:00:00+0200,4714.2,MW,PT,PT,actual_load,Actual Load,2026-08-08T17:10:43Z
2026-08-08T17:04:37Z,2026-08-08T19:04:37+0200,5520ccc5-4503-4071-9cae-28eeabcf3914,2026-07-12T16:00:00Z,2026-07-12T18:00:00+0200,4917.2,MW,PT,PT,actual_load,Actual Load,2026-08-08T17:10:43Z
2026-08-08T17:04:37Z,2026-08-08T19:04:37+0200,5520ccc5-4503-4071-9cae-28eeabcf3914,2026-07-12T17:00:00Z,2026-07-12T19:00:00+0200,5281.6,MW,PT,PT,actual_load,Actual Load,2026-08-08T17:10:43Z
2026-08-08T17:04:37Z,2026-08-08T19:04:37+0200,5520ccc5-4503-4071-9cae-28eeabcf3914,2026-07-12T18:00:00Z,2026-07-12T20:00:00+0200,5684.1,MW,PT,PT,actual_load,Actual Load,2026-08-08T17:10:43Z
2026-08-08T17:04:37Z,2026-08-08T19:04:37+0200,5520ccc5-4503-4071-9cae-28eeabcf3914,2026-07-12T19:00:00Z,2026-07-12T21:00:00+0200,5976.7,MW,PT,PT,actual_load,Actual Load,2026-08-08T17:10:43Z
2026-08-08T17:04:37Z,2026-08-08T19:04:37+0200,5520ccc5-4503-4071-9cae-28eeabcf3914,2026-07-12T20:00:00Z,2026-07-12T22:00:00+0200,6082.0,MW,PT,PT,actual_load,Actual Load,2026-08-08T17:10:43Z
2026-08-08T17:04:37Z,2026-08-08T19:04:37+0200,5520ccc5-4503-4071-9cae-28eeabcf3914,2026-07-12T21:00:00Z,2026-07-12T23:00:00+0200,5894.4,MW,PT,PT,actual_load,Actual Load,2026-08-08T17:10:43Z
2026-08-08T17:04:37Z,2026-08-08T19:04:37+0200,5520ccc5-4503-4071-9cae-28eeabcf3914,2026-07-12T22:00:00Z,2026-07-13T00:00:00+0200,5447.7,MW,PT,PT,actual_load,Actual Load,2026-08-08T17:10:43Z
2026-08-08T17:04:37Z,2026-08-08T19:04:37+0200,5520ccc5-4503-4071-9cae-28eeabcf3914,2026-07-12T23:00:00Z,2026-07-13T01:00:00+0200,5136.9,MW,PT,PT,actual_load,Actual Load,2026-08-08T17:10:43Z
2026-08-08T17:04:37Z,2026-08-08T19:04:37+0200,5520ccc5-4503-4071-9cae-28eeabcf3914,2026-07-13T00:00:00Z,2026-07-13T02:00:00+0200,4854.0,MW,PT,PT,actual_load,Actual Load,2026-08-08T17:10:43Z
2026-08-08T17:04:37Z,2026-08-08T19:04:37+0200,5520ccc5-4503-4071-9cae-28eeabcf3914,2026-07-13T01:00:00Z,2026-07-13T03:00:00+0200,4671.3,MW,PT,PT,actual_load,Actual Load,2026-08-08T17:10:43Z
2026-08-08T17:04:37Z,2026-08-08T19:04:37+0200,5520ccc5-4503-4071-9cae-28eeabcf3914,2026-07-13T02:00:00Z,2026-07-13T04:00:00+0200,4575.6,MW,PT,PT,actual_load,Actual Load,2026-08-08T17:10:43Z
2026-08-08T17:04:37Z,2026-08-08T19:04:37+0200,5520ccc5-4503-4071-9cae-28eeabcf3914,2026-07-13T03:00:00Z,2026-07-13T05:00:00+0200,4549.8,MW,PT,PT,actual_load,Actual Load,2026-08-08T17:10:43Z
2026-08-08T17:04:37Z,2026-08-08T19:04:37+0200,5520ccc5-4503-4071-9cae-28eeabcf3914,2026-07-13T04:00:00Z,2026-07-13T06:00:00+0200,4660.5,MW,PT,PT,actual_load,Actual Load,2026-08-08T17:10:43Z
2026-08-08T17:04:37Z,2026-08-08T19:04:37+0200,5520ccc5-4503-4071-9cae-28eeabcf3914,2026-07-13T05:00:00Z,2026-07-13T07:00:00+0200,5020.6,MW,PT,PT,actual_load,Actual Load,2026-08-08T17:10:43Z
2026-08-08T17:04:37Z,2026-08-08T19:04:37+0200,5520ccc5-4503-4071-9cae-28eeabcf3914,2026-07-13T06:00:00Z,2026-07-13T08:00:00+0200,5636.1,MW,PT,PT,actual_load,Actual Load,2026-08-08T17:10:43Z
2026-08-08T17:04:37Z,2026-08-08T19:04:37+0200,5520ccc5-4503-4071-9cae-28eeabcf3914,2026-07-13T07:00:00Z,2026-07-13T09:00:00+0200,6418.2,MW,PT,PT,actual_load,Actual Load,2026-08-08T17:10:43Z
2026-08-08T17:04:37Z,2026-08-08T19:04:37+0200,5520ccc5-4503-4071-9cae-28eeabcf3914,2026-07-13T08:00:00Z,2026-07-13T10:00:00+0200,6757.9,MW,PT,PT,actual_load,Actual Load,2026-08-08T17:10:43Z
2026-08-08T17:04:37Z,2026-08-08T19:04:37+0200,5520ccc5-4503-4071-9cae-28eeabcf3914,2026-07-13T09:00:00Z,2026-07-13T11:00:00+0200,6811.4,MW,PT,PT,actual_load,Actual Load,2026-08-08T17:10:43Z
2026-08-08T17:04:37Z,2026-08-08T19:04:37+0200,5520ccc5-4503-4071-9cae-28eeabcf3914,2026-07-13T10:00:00Z,2026-07-13T12:00:00+0200,6898.4,MW,PT,PT,actual_load,Actual Load,2026-08-08T17:10:43Z
2026-08-08T17:04:37Z,2026-08-08T19:04:37+0200,5520ccc5-4503-4071-9cae-28eeabcf3914,2026-07-13T11:00:00Z,2026-07-13T13:00:00+0200,6719.0,MW,PT,PT,actual_load,Actual Load,2026-08-08T17:10:43Z
2026-08-08T17:04:37Z,2026-08-08T19:04:37+0200,5520ccc5-4503-4071-9cae-28eeabcf3914,2026-07-13T12:00:00Z,2026-07-13T14:00:00+0200,6602.5,MW,PT,PT,actual_load,Actual Load,2026-08-08T17:10:43Z
2026-08-08T17:04:37Z,2026-08-08T19:04:37+0200,5520ccc5-4503-4071-9cae-28eeabcf3914,2026-07-13T13:00:00Z,2026-07-13T15:00:00+0200,6565.3,MW,PT,PT,actual_load,Actual Load,2026-08-08T17:10:43Z
2026-08-08T17:04:37Z,2026-08-08T19:04:37+0200,5520ccc5-4503-4071-9cae-28eeabcf3914,2026-07-13T14:00:00Z,2026-07-13T16:00:00+0200,6525.6,MW,PT,PT,actual_load,Actual Load,2026-08-08T17:10:43Z
2026-08-08T17:04:37Z,2026-08-08T19:04:37+0200,5520ccc5-4503-4071-9cae-28eeabcf3914,2026-07-13T15:00:00Z,2026-07-13T17:00:00+0200,6431.4,MW,PT,PT,actual_load,Actual Load,2026-08-08T17:10:43Z
2026-08-08T17:04:37Z,2026-08-08T19:04:37+0200,5520ccc5-4503-4071-9cae-28eeabcf3914,2026-07-13T16:00:00Z,2026-07-13T18:00:00+0200,6398.4,MW,PT,PT,actual_load,Actual Load,2026-08-08T17:10:43Z
2026-08-08T17:04:37Z,2026-08-08T19:04:37+0200,5520ccc5-4503-4071-9cae-28eeabcf3914,2026-07-13T17:00:00Z,2026-07-13T19:00:00+0200,6591.5,MW,PT,PT,actual_load,Actual Load,2026-08-08T17:10:43Z
2026-08-08T17:04:37Z,2026-08-08T19:04:37+0200,5520ccc5-4503-4071-9cae-28eeabcf3914,2026-07-13T18:00:00Z,2026-07-13T20:00:00+0200,7024.9,MW,PT,PT,actual_load,Actual Load,2026-08-08T17:10:43Z
2026-08-08T17:04:37Z,2026-08-08T19:04:37+0200,5520ccc5-4503-4071-9cae-28eeabcf3914,2026-07-13T19:00:00Z,2026-07-13T21:00:00+0200,7171.0,MW,PT,PT,actual_load,Actual Load,2026-08-08T17:10:43Z
2026-08-08T17:04:37Z,2026-08-08T19:04:37+0200,5520ccc5-4503-4071-9cae-28eeabcf3914,2026-07-13T20:00:00Z,2026-07-13T22:00:00+0200,7124.3,MW,PT,PT,actual_load,Actual Load,2026-08-08T17:10:43Z
2026-08-08T17:04:37Z,2026-08-08T19:04:37+0200,5520ccc5-4503-4071-9cae-28eeabcf3914,2026-07-13T21:00:00Z,2026-07-13T23:00:00+0200,6697.3,MW,PT,PT,actual_load,Actual Load,2026-08-08T17:10:43Z
2026-08-08T17:04:37Z,2026-08-08T19:04:37+0200,5520ccc5-4503-4071-9cae-28eeabcf3914,2026-07-13T22:00:00Z,2026-07-14T00:00:00+0200,6095.0,MW,PT,PT,actual_load,Actual Load,2026-08-08T17:10:43Z
2026-08-08T17:04:37Z,2026-08-08T19:04:37+0200,5520ccc5-4503-4071-9cae-28eeabcf3914,2026-07-13T23:00:00Z,2026-07-14T01:00:00+0200,5633.4,MW,PT,PT,actual_load,Actual Load,2026-08-08T17:10:43Z
2026-08-08T17:04:37Z,2026-08-08T19:04:37+0200,5520ccc5-4503-4071-9cae-28eeabcf3914,2026-07-14T00:00:00Z,2026-07-14T02:00:00+0200,5309.0,MW,PT,PT,actual_load,Actual Load,2026-08-08T17:10:43Z
2026-08-08T17:04:37Z,2026-08-08T19:04:37+0200,5520ccc5-4503-4071-9cae-28eeabcf3914,2026-07-14T01:00:00Z,2026-07-14T03:00:00+0200,5084.3,MW,PT,PT,actual_load,Actual Load,2026-08-08T17:10:43Z
2026-08-08T17:04:37Z,2026-08-08T19:04:37+0200,5520ccc5-4503-4071-9cae-28eeabcf3914,2026-07-14T02:00:00Z,2026-07-14T04:00:00+0200,4955.4,MW,PT,PT,actual_load,Actual Load,2026-08-08T17:10:43Z
2026-08-08T17:04:37Z,2026-08-08T19:04:37+0200,5520ccc5-4503-4071-9cae-28eeabcf3914,2026-07-14T03:00:00Z,2026-07-14T05:00:00+0200,4898.7,MW,PT,PT,actual_load,Actual Load,2026-08-08T17:10:43Z
2026-08-08T17:04:37Z,2026-08-08T19:04:37+0200,5520ccc5-4503-4071-9cae-28eeabcf3914,2026-07-14T04:00:00Z,2026-07-14T06:00:00+0200,4961.3,MW,PT,PT,actual_load,Actual Load,2026-08-08T17:10:43Z
2026-08-08T17:04:37Z,2026-08-08T19:04:37+0200,5520ccc5-4503-4071-9cae-28eeabcf3914,2026-07-14T05:00:00Z,2026-07-14T07:00:00+0200,5181.2,MW,PT,PT,actual_load,Actual Load,2026-08-08T17:10:43Z
2026-08-08T17:04:37Z,2026-08-08T19:04:37+0200,5520ccc5-4503-4071-9cae-28eeabcf3914,2026-07-14T06:00:00Z,2026-07-14T08:00:00+0200,5731.9,MW,PT,PT,actual_load,Actual Load,2026-08-08T17:10:43Z
2026-08-08T17:04:37Z,2026-08-08T19:04:37+0200,5520ccc5-4503-4071-9cae-28eeabcf3914,2026-07-14T07:00:00Z,2026-07-14T09:00:00+0200,6532.5,MW,PT,PT,actual_load,Actual Load,2026-08-08T17:10:43Z
2026-08-08T17:04:37Z,2026-08-08T19:04:37+0200,5520ccc5-4503-4071-9cae-28eeabcf3914,2026-07-14T08:00:00Z,2026-07-14T10:00:00+0200,6770.3,MW,PT,PT,actual_load,Actual Load,2026-08-08T17:10:43Z
2026-08-08T17:04:37Z,2026-08-08T19:04:37+0200,5520ccc5-4503-4071-9cae-28eeabcf3914,2026-07-14T09:00:00Z,2026-07-14T11:00:00+0200,6768.1,MW,PT,PT,actual_load,Actual Load,2026-08-08T17:10:43Z
2026-08-08T17:04:37Z,2026-08-08T19:04:37+0200,5520ccc5-4503-4071-9cae-28eeabcf3914,2026-07-14T10:00:00Z,2026-07-14T12:00:00+0200,6739.1,MW,PT,PT,actual_load,Actual Load,2026-08-08T17:10:43Z
2026-08-08T17:04:37Z,2026-08-08T19:04:37+0200,5520ccc5-4503-4071-9cae-28eeabcf3914,2026-07-14T11:00:00Z,2026-07-14T13:00:00+0200,6571.5,MW,PT,PT,actual_load,Actual Load,2026-08-08T17:10:43Z
2026-08-08T17:04:37Z,2026-08-08T19:04:37+0200,5520ccc5-4503-4071-9cae-28eeabcf3914,2026-07-14T12:00:00Z,2026-07-14T14:00:00+0200,6417.5,MW,PT,PT,actual_load,Actual Load,2026-08-08T17:10:43Z
2026-08-08T17:04:37Z,2026-08-08T19:04:37+0200,5520ccc5-4503-4071-9cae-28eeabcf3914,2026-07-14T13:00:00Z,2026-07-14T15:00:00+0200,6444.6,MW,PT,PT,actual_load,Actual Load,2026-08-08T17:10:43Z
2026-08-08T17:04:37Z,2026-08-08T19:04:37+0200,5520ccc5-4503-4071-9cae-28eeabcf3914,2026-07-14T14:00:00Z,2026-07-14T16:00:00+0200,6437.9,MW,PT,PT,actual_load,Actual Load,2026-08-08T17:10:43Z
2026-08-08T17:04:37Z,2026-08-08T19:04:37+0200,5520ccc5-4503-4071-9cae-28eeabcf3914,2026-07-14T15:00:00Z,2026-07-14T17:00:00+0200,6475.3,MW,PT,PT,actual_load,Actual Load,2026-08-08T17:10:43Z
2026-08-08T17:04:37Z,2026-08-08T19:04:37+0200,5520ccc5-4503-4071-9cae-28eeabcf3914,2026-07-14T16:00:00Z,2026-07-14T18:00:00+0200,6496.2,MW,PT,PT,actual_load,Actual Load,2026-08-08T17:10:43Z
2026-08-08T17:04:37Z,2026-08-08T19:04:37+0200,5520ccc5-4503-4071-9cae-28eeabcf3914,2026-07-14T17:00:00Z,2026-07-14T19:00:00+0200,6754.6,MW,PT,PT,actual_load,Actual Load,2026-08-08T17:10:43Z
2026-08-08T17:04:37Z,2026-08-08T19:04:37+0200,5520ccc5-4503-4071-9cae-28eeabcf3914,2026-07-14T18:00:00Z,2026-07-14T20:00:00+0200,7209.7,MW,PT,PT,actual_load,Actual Load,2026-08-08T17:10:43Z
2026-08-08T17:04:37Z,2026-08-08T19:04:37+0200,5520ccc5-4503-4071-9cae-28eeabcf3914,2026-07-14T19:00:00Z,2026-07-14T21:00:00+0200,7238.8,MW,PT,PT,actual_load,Actual Load,2026-08-08T17:10:43Z
2026-08-08T17:04:37Z,2026-08-08T19:04:37+0200,5520ccc5-4503-4071-9cae-28eeabcf3914,2026-07-14T20:00:00Z,2026-07-14T22:00:00+0200,7117.3,MW,PT,PT,actual_load,Actual Load,2026-08-08T17:10:43Z
2026-08-08T17:04:37Z,2026-08-08T19:04:37+0200,5520ccc5-4503-4071-9cae-28eeabcf3914,2026-07-14T21:00:00Z,2026-07-14T23:00:00+0200,6722.1,MW,PT,PT,actual_load,Actual Load,2026-08-08T17:10:43Z
2026-08-08T17:04:37Z,2026-08-08T19:04:37+0200,5520ccc5-4503-4071-9cae-28eeabcf3914,2026-07-14T22:00:00Z,2026-07-15T00:00:00+0200,6163.2,MW,PT,PT,actual_load,Actual Load,2026-08-08T17:10:43Z
2026-08-08T17:04:37Z,2026-08-08T19:04:37+0200,5520ccc5-4503-4071-9cae-28eeabcf3914,2026-07-14T23:00:00Z,2026-07-15T01:00:00+0200,5693.9,MW,PT,PT,actual_load,Actual Load,2026-08-08T17:10:43Z
2026-08-08T17:04:37Z,2026-08-08T19:04:37+0200,5520ccc5-4503-4071-9cae-28eeabcf3914,2026-07-15T00:00:00Z,2026-07-15T02:00:00+0200,5371.5,MW,PT,PT,actual_load,Actual Load,2026-08-08T17:10:43Z
2026-08-08T17:04:37Z,2026-08-08T19:04:37+0200,5520ccc5-4503-4071-9cae-28eeabcf3914,2026-07-15T01:00:00Z,2026-07-15T03:00:00+0200,5160.5,MW,PT,PT,actual_load,Actual Load,2026-08-08T17:10:43Z
2026-08-08T17:04:37Z,2026-08-08T19:04:37+0200,5520ccc5-4503-4071-9cae-28eeabcf3914,2026-07-15T02:00:00Z,2026-07-15T04:00:00+0200,5039.8,MW,PT,PT,actual_load,Actual Load,2026-08-08T17:10:43Z
2026-08-08T17:04:37Z,2026-08-08T19:04:37+0200,5520ccc5-4503-4071-9cae-28eeabcf3914,2026-07-15T03:00:00Z,2026-07-15T05:00:00+0200,4962.1,MW,PT,PT,actual_load,Actual Load,2026-08-08T17:10:43Z
2026-08-08T17:04:37Z,2026-08-08T19:04:37+0200,5520ccc5-4503-4071-9cae-28eeabcf3914,2026-07-15T04:00:00Z,2026-07-15T06:00:00+0200,5025.3,MW,PT,PT,actual_load,Actual Load,2026-08-08T17:10:43Z
2026-08-08T17:04:37Z,2026-08-08T19:04:37+0200,5520ccc5-4503-4071-9cae-28eeabcf3914,2026-07-15T05:00:00Z,2026-07-15T07:00:00+0200,5272.9,MW,PT,PT,actual_load,Actual Load,2026-08-08T17:10:43Z
2026-08-08T17:04:37Z,2026-08-08T19:04:37+0200,5520ccc5-4503-4071-9cae-28eeabcf3914,2026-07-15T06:00:00Z,2026-07-15T08:00:00+0200,5755.2,MW,PT,PT,actual_load,Actual Load,2026-08-08T17:10:43Z
2026-08-08T17:04:37Z,2026-08-08T19:04:37+0200,5520ccc5-4503-4071-9cae-28eeabcf3914,2026-07-15T07:00:00Z,2026-07-15T09:00:00+0200,6383.5,MW,PT,PT,actual_load,Actual Load,2026-08-08T17:10:43Z
2026-08-08T17:04:37Z,2026-08-08T19:04:37+0200,5520ccc5-4503-4071-9cae-28eeabcf3914,2026-07-15T08:00:00Z,2026-07-15T10:00:00+0200,6614.7,MW,PT,PT,actual_load,Actual Load,2026-08-08T17:10:43Z
2026-08-08T17:04:37Z,2026-08-08T19:04:37+0200,5520ccc5-4503-4071-9cae-28eeabcf3914,2026-07-15T09:00:00Z,2026-07-15T11:00:00+0200,6546.8,MW,PT,PT,actual_load,Actual Load,2026-08-08T17:10:43Z
2026-08-08T17:04:37Z,2026-08-08T19:04:37+0200,5520ccc5-4503-4071-9cae-28eeabcf3914,2026-07-15T10:00:00Z,2026-07-15T12:00:00+0200,6564.8,MW,PT,PT,actual_load,Actual Load,2026-08-08T17:10:43Z
2026-08-08T17:04:37Z,2026-08-08T19:04:37+0200,5520ccc5-4503-4071-9cae-28eeabcf3914,2026-07-15T11:00:00Z,2026-07-15T13:00:00+0200,6411.9,MW,PT,PT,actual_load,Actual Load,2026-08-08T17:10:43Z
2026-08-08T17:04:37Z,2026-08-08T19:04:37+0200,5520ccc5-4503-4071-9cae-28eeabcf3914,2026-07-15T12:00:00Z,2026-07-15T14:00:00+0200,6318.6,MW,PT,PT,actual_load,Actual Load,2026-08-08T17:10:43Z
2026-08-08T17:04:37Z,2026-08-08T19:04:37+0200,5520ccc5-4503-4071-9cae-28eeabcf3914,2026-07-15T13:00:00Z,2026-07-15T15:00:00+0200,6462.1,MW,PT,PT,actual_load,Actual Load,2026-08-08T17:10:43Z
2026-08-08T17:04:37Z,2026-08-08T19:04:37+0200,5520ccc5-4503-4071-9cae-28eeabcf3914,2026-07-15T14:00:00Z,2026-07-15T16:00:00+0200,6484.4,MW,PT,PT,actual_load,Actual Load,2026-08-08T17:10:43Z
2026-08-08T17:04:37Z,2026-08-08T19:04:37+0200,5520ccc5-4503-4071-9cae-28eeabcf3914,2026-07-15T15:00:00Z,2026-07-15T17:00:00+0200,6512.5,MW,PT,PT,actual_load,Actual Load,2026-08-08T17:10:43Z
2026-08-08T17:04:37Z,2026-08-08T19:04:37+0200,5520ccc5-4503-4071-9cae-28eeabcf3914,2026-07-15T16:00:00Z,2026-07-15T18:00:00+0200,6543.9,MW,PT,PT,actual_load,Actual Load,2026-08-08T17:10:43Z
2026-08-08T17:04:37Z,2026-08-08T19:04:37+0200,5520ccc5-4503-4071-9cae-28eeabcf3914,2026-07-15T17:00:00Z,2026-07-15T19:00:00+0200,6791.4,MW,PT,PT,actual_load,Actual Load,2026-08-08T17:10:43Z
2026-08-08T17:04:37Z,2026-08-08T19:04:37+0200,5520ccc5-4503-4071-9cae-28eeabcf3914,2026-07-15T18:00:00Z,2026-07-15T20:00:00+0200,7296.8,MW,PT,PT,actual_load,Actual Load,2026-08-08T17:10:43Z
2026-08-08T17:04:37Z,2026-08-08T19:04:37+0200,5520ccc5-4503-4071-9cae-28eeabcf3914,2026-07-15T19:00:00Z,2026-07-15T21:00:00+0200,7386.9,MW,PT,PT,actual_load,Actual Load,2026-08-08T17:10:43Z
2026-08-08T17:04:37Z,2026-08-08T19:04:37+0200,5520ccc5-4503-4071-9cae-28eeabcf3914,2026-07-15T20:00:00Z,2026-07-15T22:00:00+0200,7256.7,MW,PT,PT,actual_load,Actual Load,2026-08-08T17:10:43Z
2026-08-08T17:04:37Z,2026-08-08T19:04:37+0200,5520ccc5-4503-4071-9cae-28eeabcf3914,2026-07-15T21:00:00Z,2026-07-15T23:00:00+0200,6839.6,MW,PT,PT,actual_load,Actual Load,2026-08-08T17:10:43Z
2026-08-08T17:04:37Z,2026-08-08T19:04:37+0200,5520ccc5-4503-4071-9cae-28eeabcf3914,2026-07-15T22:00:00Z,2026-07-16T00:00:00+0200,6290.2,MW,PT,PT,actual_load,Actual Load,2026-08-08T17:10:43Z
2026-08-08T17:04:37Z,2026-08-08T19:04:37+0200,5520ccc5-4503-4071-9cae-28eeabcf3914,2026-07-15T23:00:00Z,2026-07-16T01:00:00+0200,5792.0,MW,PT,PT,actual_load,Actual Load,2026-08-08T17:10:43Z
2026-08-08T17:04:37Z,2026-08-08T19:04:37+0200,5520ccc5-4503-4071-9cae-28eeabcf3914,2026-07-16T00:00:00Z,2026-07-16T02:00:00+0200,5459.4,MW,PT,PT,actual_load,Actual Load,2026-08-08T17:10:43Z
2026-08-08T17:04:37Z,2026-08-08T19:04:37+0200,5520ccc5-4503-4071-9cae-28eeabcf3914,2026-07-16T01:00:00Z,2026-07-16T03:00:00+0200,5242.8,MW,PT,PT,actual_load,Actual Load,2026-08-08T17:10:43Z
2026-08-08T17:04:37Z,2026-08-08T19:04:37+0200,5520ccc5-4503-4071-9cae-28eeabcf3914,2026-07-16T02:00:00Z,2026-07-16T04:00:00+0200,5111.5,MW,PT,PT,actual_load,Actual Load,2026-08-08T17:10:43Z
2026-08-08T17:04:37Z,2026-08-08T19:04:37+0200,5520ccc5-4503-4071-9cae-28eeabcf3914,2026-07-16T03:00:00Z,2026-07-16T05:00:00+0200,5017.0,MW,PT,PT,actual_load,Actual Load,2026-08-08T17:10:43Z
2026-08-08T17:04:37Z,2026-08-08T19:04:37+0200,5520ccc5-4503-4071-9cae-28eeabcf3914,2026-07-16T04:00:00Z,2026-07-16T06:00:00+0200,5088.7,MW,PT,PT,actual_load,Actual Load,2026-08-08T17:10:43Z
2026-08-08T17:04:37Z,2026-08-08T19:04:37+0200,5520ccc5-4503-4071-9cae-28eeabcf3914,2026-07-16T05:00:00Z,2026-07-16T07:00:00+0200,5319.6,MW,PT,PT,actual_load,Actual Load,2026-08-08T17:10:43Z
2026-08-08T17:04:37Z,2026-08-08T19:04:37+0200,5520ccc5-4503-4071-9cae-28eeabcf3914,2026-07-16T06:00:00Z,2026-07-16T08:00:00+0200,5807.3,MW,PT,PT,actual_load,Actual Load,2026-08-08T17:10:43Z
2026-08-08T17:04:37Z,2026-08-08T19:04:37+0200,5520ccc5-4503-4071-9cae-28eeabcf3914,2026-07-16T07:00:00Z,2026-07-16T09:00:00+0200,6524.1,MW,PT,PT,actual_load,Actual Load,2026-08-08T17:10:43Z
2026-08-08T17:04:37Z,2026-08-08T19:04:37+0200,5520ccc5-4503-4071-9cae-28eeabcf3914,2026-07-16T08:00:00Z,2026-07-16T10:00:00+0200,6720.4,MW,PT,PT,actual_load,Actual Load,2026-08-08T17:10:43Z
2026-08-08T17:04:37Z,2026-08-08T19:04:37+0200,5520ccc5-4503-4071-9cae-28eeabcf3914,2026-07-16T09:00:00Z,2026-07-16T11:00:00+0200,6613.4,MW,PT,PT,actual_load,Actual Load,2026-08-08T17:10:43Z
2026-08-08T17:04:37Z,2026-08-08T19:04:37+0200,5520ccc5-4503-4071-9cae-28eeabcf3914,2026-07-16T10:00:00Z,2026-07-16T12:00:00+0200,6602.7,MW,PT,PT,actual_load,Actual Load,2026-08-08T17:10:43Z
2026-08-08T17:04:37Z,2026-08-08T19:04:37+0200,5520ccc5-4503-4071-9cae-28eeabcf3914,2026-07-16T11:00:00Z,2026-07-16T13:00:00+0200,6474.2,MW,PT,PT,actual_load,Actual Load,2026-08-08T17:10:43Z
2026-08-08T17:04:37Z,2026-08-08T19:04:37+0200,5520ccc5-4503-4071-9cae-28eeabcf3914,2026-07-16T12:00:00Z,2026-07-16T14:00:00+0200,6391.5,MW,PT,PT,actual_load,Actual Load,2026-08-08T17:10:43Z
2026-08-08T17:04:37Z,2026-08-08T19:04:37+0200,5520ccc5-4503-4071-9cae-28eeabcf3914,2026-07-16T13:00:00Z,2026-07-16T15:00:00+0200,6472.3,MW,PT,PT,actual_load,Actual Load,2026-08-08T17:10:43Z
2026-08-08T17:04:37Z,2026-08-08T19:04:37+0200,5520ccc5-4503-4071-9cae-28eeabcf3914,2026-07-16T14:00:00Z,2026-07-16T16:00:00+0200,6497.3,MW,PT,PT,actual_load,Actual Load,2026-08-08T17:10:43Z
2026-08-08T17:04:37Z,2026-08-08T19:04:37+0200,5520ccc5-4503-4071-9cae-28eeabcf3914,2026-07-16T15:00:00Z,2026-07-16T17:00:00+0200,6552.3,MW,PT,PT,actual_load,Actual Load,2026-08-08T17:10:43Z
2026-08-08T17:04:37Z,2026-08-08T19:04:37+0200,5520ccc5-4503-4071-9cae-28eeabcf3914,2026-07-16T16:00:00Z,2026-07-16T18:00:00+0200,6659.8,MW,PT,PT,actual_load,Actual Load,2026-08-08T17:10:43Z
2026-08-08T17:04:37Z,2026-08-08T19:04:37+0200,5520ccc5-4503-4071-9cae-28eeabcf3914,2026-07-16T17:00:00Z,2026-07-16T19:00:00+0200,6921.6,MW,PT,PT,actual_load,Actual Load,2026-08-08T17:10:43Z
2026-08-08T17:04:37Z,2026-08-08T19:04:37+0200,5520ccc5-4503-4071-9cae-28eeabcf3914,2026-07-16T18:00:00Z,2026-07-16T20:00:00+0200,7364.2,MW,PT,PT,actual_load,Actual Load,2026-08-08T17:10:43Z
2026-08-08T17:04:37Z,2026-08-08T19:04:37+0200,5520ccc5-4503-4071-9cae-28eeabcf3914,2026-07-16T19:00:00Z,2026-07-16T21:00:00+0200,7440.3,MW,PT,PT,actual_load,Actual Load,2026-08-08T17:10:43Z
2026-08-08T17:04:37Z,2026-08-08T19:04:37+0200,5520ccc5-4503-4071-9cae-28eeabcf3914,2026-07-16T20:00:00Z,2026-07-16T22:00:00+0200,7344.1,MW,PT,PT,actual_load,Actual Load,2026-08-08T17:10:43Z
2026-08-08T17:04:37Z,2026-08-08T19:04:37+0200,5520ccc5-4503-4071-9cae-28eeabcf3914,2026-07-16T21:00:00Z,2026-07-16T23:00:00+0200,6913.6,MW,PT,PT,actual_load,Actual Load,2026-08-08T17:10:43Z
2026-08-08T17:04:37Z,2026-08-08T19:04:37+0200,5520ccc5-4503-4071-9cae-28eeabcf3914,2026-07-16T22:00:00Z,2026-07-17T00:00:00+0200,6317.5,MW,PT,PT,actual_load,Actual Load,2026-08-08T17:10:43Z
2026-08-08T17:04:37Z,2026-08-08T19:04:37+0200,5520ccc5-4503-4071-9cae-28eeabcf3914,2026-07-16T23:00:00Z,2026-07-17T01:00:00+0200,5830.1,MW,PT,PT,actual_load,Actual Load,2026-08-08T17:10:43Z
2026-08-08T17:04:37Z,2026-08-08T19:04:37+0200,5520ccc5-4503-4071-9cae-28eeabcf3914,2026-07-17T00:00:00Z,2026-07-17T02:00:00+0200,5481.4,MW,PT,PT,actual_load,Actual Load,2026-08-08T17:10:43Z
2026-08-08T17:04:37Z,2026-08-08T19:04:37+0200,5520ccc5-4503-4071-9cae-28eeabcf3914,2026-07-17T01:00:00Z,2026-07-17T03:00:00+0200,5259.9,MW,PT,PT,actual_load,Actual Load,2026-08-08T17:10:43Z
2026-08-08T17:04:37Z,2026-08-08T19:04:37+0200,5520ccc5-4503-4071-9cae-28eeabcf3914,2026-07-17T02:00:00Z,2026-07-17T04:00:00+0200,5113.4,MW,PT,PT,actual_load,Actual Load,2026-08-08T17:10:43Z
2026-08-08T17:04:37Z,2026-08-08T19:04:37+0200,5520ccc5-4503-4071-9cae-28eeabcf3914,2026-07-17T03:00:00Z,2026-07-17T05:00:00+0200,5027.6,MW,PT,PT,actual_load,Actual Load,2026-08-08T17:10:43Z
2026-08-08T17:04:37Z,2026-08-08T19:04:37+0200,5520ccc5-4503-4071-9cae-28eeabcf3914,2026-07-17T04:00:00Z,2026-07-17T06:00:00+0200,5093.8,MW,PT,PT,actual_load,Actual Load,2026-08-08T17:10:43Z
2026-08-08T17:04:37Z,2026-08-08T19:04:37+0200,5520ccc5-4503-4071-9cae-28eeabcf3914,2026-07-17T05:00:00Z,2026-07-17T07:00:00+0200,5329.7,MW,PT,PT,actual_load,Actual Load,2026-08-08T17:10:43Z
2026-08-08T17:04:37Z,2026-08-08T19:04:37+0200,5520ccc5-4503-4071-9cae-28eeabcf3914,2026-07-17T06:00:00Z,2026-07-17T08:00:00+0200,5818.9,MW,PT,PT,actual_load,Actual Load,2026-08-08T17:10:43Z
2026-08-08T17:04:37Z,2026-08-08T19:04:37+0200,5520ccc5-4503-4071-9cae-28eeabcf3914,2026-07-17T07:00:00Z,2026-07-17T09:00:00+0200,6522.8,MW,PT,PT,actual_load,Actual Load,2026-08-08T17:10:43Z
2026-08-08T17:04:37Z,2026-08-08T19:04:37+0200,5520ccc5-4503-4071-9cae-28eeabcf3914,2026-07-17T08:00:00Z,2026-07-17T10:00:00+0200,6813.5,MW,PT,PT,actual_load,Actual Load,2026-08-08T17:10:43Z
2026-08-08T17:04:37Z,2026-08-08T19:04:37+0200,5520ccc5-4503-4071-9cae-28eeabcf3914,2026-07-17T09:00:00Z,2026-07-17T11:00:00+0200,6753.6,MW,PT,PT,actual_load,Actual Load,2026-08-08T17:10:43Z
2026-08-08T17:04:37Z,2026-08-08T19:04:37+0200,5520ccc5-4503-4071-9cae-28eeabcf3914,2026-07-17T10:00:00Z,2026-07-17T12:00:00+0200,6759.0,MW,PT,PT,actual_load,Actual Load,2026-08-08T17:10:43Z
2026-08-08T17:04:37Z,2026-08-08T19:04:37+0200,5520ccc5-4503-4071-9cae-28eeabcf3914,2026-07-17T11:00:00Z,2026-07-17T13:00:00+0200,6597.1,MW,PT,PT,actual_load,Actual Load,2026-08-08T17:10:43Z
2026-08-08T17:04:37Z,2026-08-08T19:04:37+0200,5520ccc5-4503-4071-9cae-28eeabcf3914,2026-07-17T12:00:00Z,2026-07-17T14:00:00+0200,6438.0,MW,PT,PT,actual_load,Actual Load,2026-08-08T17:10:43Z
2026-08-08T17:04:37Z,2026-08-08T19:04:37+0200,5520ccc5-4503-4071-9cae-28eeabcf3914,2026-07-17T13:00:00Z,2026-07-17T15:00:00+0200,6423.4,MW,PT,PT,actual_load,Actual Load,2026-08-08T17:10:43Z
2026-08-08T17:04:37Z,2026-08-08T19:04:37+0200,5520ccc5-4503-4071-9cae-28eeabcf3914,2026-07-17T14:00:00Z,2026-07-17T16:00:00+0200,6368.2,MW,PT,PT,actual_load,Actual Load,2026-08-08T17:10:43Z
2026-08-08T17:04:37Z,2026-08-08T19:04:37+0200,5520ccc5-4503-4071-9cae-28eeabcf3914,2026-07-17T15:00:00Z,2026-07-17T17:00:00+0200,6388.8,MW,PT,PT,actual_load,Actual Load,2026-08-08T17:10:43Z
2026-08-08T17:04:37Z,2026-08-08T19:04:37+0200,5520ccc5-4503-4071-9cae-28eeabcf3914,2026-07-17T16:00:00Z,2026-07-17T18:00:00+0200,6410.2,MW,PT,PT,actual_load,Actual Load,2026-08-08T17:10:43Z
2026-08-08T17:04:37Z,2026-08-08T19:04:37+0200,5520ccc5-4503-4071-9cae-28eeabcf3914,2026-07-17T17:00:00Z,2026-07-17T19:00:00+0200,6662.9,MW,PT,PT,actual_load,Actual Load,2026-08-08T17:10:43Z
2026-08-08T17:04:37Z,2026-08-08T19:04:37+0200,5520ccc5-4503-4071-9cae-28eeabcf3914,2026-07-17T18:00:00Z,2026-07-17T20:00:00+0200,7096.8,MW,PT,PT,actual_load,Actual Load,2026-08-08T17:10:43Z
2026-08-08T17:04:37Z,2026-08-08T19:04:37+0200,5520ccc5-4503-4071-9cae-28eeabcf3914,2026-07-17T19:00:00Z,2026-07-17T21:00:00+0200,7171.2,MW,PT,PT,actual_load,Actual Load,2026-08-08T17:10:43Z
2026-08-08T17:04:37Z,2026-08-08T19:04:37+0200,5520ccc5-4503-4071-9cae-28eeabcf3914,2026-07-17T20:00:00Z,2026-07-17T22:00:00+0200,7115.6,MW,PT,PT,actual_load,Actual Load,2026-08-08T17:10:43Z
2026-08-08T17:04:37Z,2026-08-08T19:04:37+0200,5520ccc5-4503-4071-9cae-28eeabcf3914,2026-07-17T21:00:00Z,2026-07-17T23:00:00+0200,6700.8,MW,PT,PT,actual_load,Actual Load,2026-08-08T17:10:43Z
2026-08-08T17:04:37Z,2026-08-08T19:04:37+0200,5520ccc5-4503-4071-9cae-28eeabcf3914,2026-07-17T22:00:00Z,2026-07-18T00:00:00+0200,6241.5,MW,PT,PT,actual_load,Actual Load,2026-08-08T17:10:43Z
2026-08-08T17:04:37Z,2026-08-08T19:04:37+0200,5520ccc5-4503-4071-9cae-28eeabcf3914,2026-07-17T23:00:00Z,2026-07-18T01:00:00+0200,5777.9,MW,PT,PT,actual_load,Actual Load,2026-08-08T17:10:43Z
2026-08-08T17:04:37Z,2026-08-08T19:04:37+0200,5520ccc5-4503-4071-9cae-28eeabcf3914,2026-07-18T00:00:00Z,2026-07-18T02:00:00+0200,5435.8,MW,PT,PT,actual_load,Actual Load,2026-08-08T17:10:43Z
2026-08-08T17:04:37Z,2026-08-08T19:04:37+0200,5520ccc5-4503-4071-9cae-28eeabcf3914,2026-07-18T01:00:00Z,2026-07-18T03:00:00+0200,5211.1,MW,PT,PT,actual_load,Actual Load,2026-08-08T17:10:43Z
2026-08-08T17:04:37Z,2026-08-08T19:04:37+0200,5520ccc5-4503-4071-9cae-28eeabcf3914,2026-07-18T02:00:00Z,2026-07-18T04:00:00+0200,5059.6,MW,PT,PT,actual_load,Actual Load,2026-08-08T17:10:43Z
2026-08-08T17:04:37Z,2026-08-08T19:04:37+0200,5520ccc5-4503-4071-9cae-28eeabcf3914,2026-07-18T03:00:00Z,2026-07-18T05:00:00+0200,4962.5,MW,PT,PT,actual_load,Actual Load,2026-08-08T17:10:43Z
2026-08-08T17:04:37Z,2026-08-08T19:04:37+0200,5520ccc5-4503-4071-9cae-28eeabcf3914,2026-07-18T04:00:00Z,2026-07-18T06:00:00+0200,4923.9,MW,PT,PT,actual_load,Actual Load,2026-08-08T17:10:43Z
2026-08-08T17:04:37Z,2026-08-08T19:04:37+0200,5520ccc5-4503-4071-9cae-28eeabcf3914,2026-07-18T05:00:00Z,2026-07-18T07:00:00+0200,4924.4,MW,PT,PT,actual_load,Actual Load,2026-08-08T17:10:43Z
2026-08-08T17:04:37Z,2026-08-08T19:04:37+0200,5520ccc5-4503-4071-9cae-28eeabcf3914,2026-07-18T06:00:00Z,2026-07-18T08:00:00+0200,5068.2,MW,PT,PT,actual_load,Actual Load,2026-08-08T17:10:43Z
2026-08-08T17:04:37Z,2026-08-08T19:04:37+0200,5520ccc5-4503-4071-9cae-28eeabcf3914,2026-07-18T07:00:00Z,2026-07-18T09:00:00+0200,5413.7,MW,PT,PT,actual_load,Actual Load,2026-08-08T17:10:43Z
2026-08-08T17:04:37Z,2026-08-08T19:04:37+0200,5520ccc5-4503-4071-9cae-28eeabcf3914,2026-07-18T08:00:00Z,2026-07-18T10:00:00+0200,5610.1,MW,PT,PT,actual_load,Actual Load,2026-08-08T17:10:43Z
2026-08-08T17:04:37Z,2026-08-08T19:04:37+0200,5520ccc5-4503-4071-9cae-28eeabcf3914,2026-07-18T09:00:00Z,2026-07-18T11:00:00+0200,5671.4,MW,PT,PT,actual_load,Actual Load,2026-08-08T17:10:43Z
2026-08-08T17:04:37Z,2026-08-08T19:04:37+0200,5520ccc5-4503-4071-9cae-28eeabcf3914,2026-07-18T10:00:00Z,2026-07-18T12:00:00+0200,5704.4,MW,PT,PT,actual_load,Actual Load,2026-08-08T17:10:43Z
2026-08-08T17:04:37Z,2026-08-08T19:04:37+0200,5520ccc5-4503-4071-9cae-28eeabcf3914,2026-07-18T11:00:00Z,2026-07-18T13:00:00+0200,5718.6,MW,PT,PT,actual_load,Actual Load,2026-08-08T17:10:43Z
2026-08-08T17:04:37Z,2026-08-08T19:04:37+0200,5520ccc5-4503-4071-9cae-28eeabcf3914,2026-07-18T12:00:00Z,2026-07-18T14:00:00+0200,5495.8,MW,PT,PT,actual_load,Actual Load,2026-08-08T17:10:43Z
2026-08-08T17:04:37Z,2026-08-08T19:04:37+0200,5520ccc5-4503-4071-9cae-28eeabcf3914,2026-07-18T13:00:00Z,2026-07-18T15:00:00+0200,5365.7,MW,PT,PT,actual_load,Actual Load,2026-08-08T17:10:43Z
2026-08-08T17:04:37Z,2026-08-08T19:04:37+0200,5520ccc5-4503-4071-9cae-28eeabcf3914,2026-07-18T14:00:00Z,2026-07-18T16:00:00+0200,5332.7,MW,PT,PT,actual_load,Actual Load,2026-08-08T17:10:43Z
2026-08-08T17:04:37Z,2026-08-08T19:04:37+0200,5520ccc5-4503-4071-9cae-28eeabcf3914,2026-07-18T15:00:00Z,2026-07-18T17:00:00+0200,5373.7,MW,PT,PT,actual_load,Actual Load,2026-08-08T17:10:43Z
2026-08-08T17:04:37Z,2026-08-08T19:04:37+0200,5520ccc5-4503-4071-9cae-28eeabcf3914,2026-07-18T16:00:00Z,2026-07-18T18:00:00+0200,5512.4,MW,PT,PT,actual_load,Actual Load,2026-08-08T17:10:43Z
2026-08-08T17:04:37Z,2026-08-08T19:04:37+0200,5520ccc5-4503-4071-9cae-28eeabcf3914,2026-07-18T17:00:00Z,2026-07-18T19:00:00+0200,5800.5,MW,PT,PT,actual_load,Actual Load,2026-08-08T17:10:43Z
2026-08-08T17:04:37Z,2026-08-08T19:04:37+0200,5520ccc5-4503-4071-9cae-28eeabcf3914,2026-07-18T18:00:00Z,2026-07-18T20:00:00+0200,6218.4,MW,PT,PT,actual_load,Actual Load,2026-08-08T17:10:43Z
2026-08-08T17:04:37Z,2026-08-08T19:04:37+0200,5520ccc5-4503-4071-9cae-28eeabcf3914,2026-07-18T19:00:00Z,2026-07-18T21:00:00+0200,6349.2,MW,PT,PT,actual_load,Actual Load,2026-08-08T17:10:43Z
2026-08-08T17:04:37Z,2026-08-08T19:04:37+0200,5520ccc5-4503-4071-9cae-28eeabcf3914,2026-07-18T20:00:00Z,2026-07-18T22:00:00+0200,6303.5,MW,PT,PT,actual_load,Actual Load,2026-08-08T17:10:43Z
2026-08-08T17:04:37Z,2026-08-08T19:04:37+0200,5520ccc5-4503-4071-9cae-28eeabcf3914,2026-07-18T21:00:00Z,2026-07-18T23:00:00+0200,5991.4,MW,PT,PT,actual_load,Actual Load,2026-08-08T17:10:43Z
2026-08-08T17:04:37Z,2026-08-08T19:04:37+0200,5520ccc5-4503-4071-9cae-28eeabcf3914,2026-07-18T22:00:00Z,2026-07-19T00:00:00+0200,5656.8,MW,PT,PT,actual_load,Actual Load,2026-08-08T17:10:43Z
2026-08-08T17:04:37Z,2026-08-08T19:04:37+0200,5520ccc5-4503-4071-9cae-28eeabcf3914,2026-07-18T23:00:00Z,2026-07-19T01:00:00+0200,5312.4,MW,PT,PT,actual_load,Actual Load,2026-08-08T17:10:43Z
2026-08-08T17:04:37Z,2026-08-08T19:04:37+0200,5520ccc5-4503-4071-9cae-28eeabcf3914,2026-07-19T00:00:00Z,2026-07-19T02:00:00+0200,4984.5,MW,PT,PT,actual_load,Actual Load,2026-08-08T17:10:43Z
2026-08-08T17:04:37Z,2026-08-08T19:04:37+0200,5520ccc5-4503-4071-9cae-28eeabcf3914,2026-07-19T01:00:00Z,2026-07-19T03:00:00+0200,4760.8,MW,PT,PT,actual_load,Actual Load,2026-08-08T17:10:43Z
2026-08-08T17:04:37Z,2026-08-08T19:04:37+0200,5520ccc5-4503-4071-9cae-28eeabcf3914,2026-07-19T02:00:00Z,2026-07-19T04:00:00+0200,4644.0,MW,PT,PT,actual_load,Actual Load,2026-08-08T17:10:43Z
2026-08-08T17:04:37Z,2026-08-08T19:04:37+0200,5520ccc5-4503-4071-9cae-28eeabcf3914,2026-07-19T03:00:00Z,2026-07-19T05:00:00+0200,4554.1,MW,PT,PT,actual_load,Actual Load,2026-08-08T17:10:43Z
2026-08-08T17:04:37Z,2026-08-08T19:04:37+0200,5520ccc5-4503-4071-9cae-28eeabcf3914,2026-07-19T04:00:00Z,2026-07-19T06:00:00+0200,4551.9,MW,PT,PT,actual_load,Actual Load,2026-08-08T17:10:43Z
2026-08-08T17:04:37Z,2026-08-08T19:04:37+0200,5520ccc5-4503-4071-9cae-28eeabcf3914,2026-07-19T05:00:00Z,2026-07-19T07:00:00+0200,4492.1,MW,PT,PT,actual_load,Actual Load,2026-08-08T17:10:43Z
2026-08-08T17:04:37Z,2026-08-08T19:04:37+0200,5520ccc5-4503-4071-9cae-28eeabcf3914,2026-07-19T06:00:00Z,2026-07-19T08:00:00+0200,4551.0,MW,PT,PT,actual_load,Actual Load,2026-08-08T17:10:43Z
2026-08-08T17:04:37Z,2026-08-08T19:04:37+0200,5520ccc5-4503-4071-9cae-28eeabcf3914,2026-07-19T07:00:00Z,2026-07-19T09:00:00+0200,4798.7,MW,PT,PT,actual_load,Actual Load,2026-08-08T17:10:43Z
2026-08-08T17:04:37Z,2026-08-08T19:04:37+0200,5520ccc5-4503-4071-9cae-28eeabcf3914,2026-07-19T08:00:00Z,2026-07-19T10:00:00+0200,5100.1,MW,PT,PT,actual_load,Actual Load,2026-08-08T17:10:43Z
2026-08-08T17:04:37Z,2026-08-08T19:04:37+0200,5520ccc5-4503-4071-9cae-28eeabcf3914,2026-07-19T09:00:00Z,2026-07-19T11:00:00+0200,5273.5,MW,PT,PT,actual_load,Actual Load,2026-08-08T17:10:43Z
2026-08-08T17:04:37Z,2026-08-08T19:04:37+0200,5520ccc5-4503-4071-9cae-28eeabcf3914,2026-07-19T10:00:00Z,2026-07-19T12:00:00+0200,5379.7,MW,PT,PT,actual_load,Actual Load,2026-08-08T17:10:43Z
2026-08-08T17:04:37Z,2026-08-08T19:04:37+0200,5520ccc5-4503-4071-9cae-28eeabcf3914,2026-07-19T11:00:00Z,2026-07-19T13:00:00+0200,5384.4,MW,PT,PT,actual_load,Actual Load,2026-08-08T17:10:43Z
2026-08-08T17:04:37Z,2026-08-08T19:04:37+0200,5520ccc5-4503-4071-9cae-28eeabcf3914,2026-07-19T12:00:00Z,2026-07-19T14:00:00+0200,5127.1,MW,PT,PT,actual_load,Actual Load,2026-08-08T17:10:43Z
2026-08-08T17:04:37Z,2026-08-08T19:04:37+0200,5520ccc5-4503-4071-9cae-28eeabcf3914,2026-07-19T13:00:00Z,2026-07-19T15:00:00+0200,4906.8,MW,PT,PT,actual_load,Actual Load,2026-08-08T17:10:43Z
2026-08-08T17:04:37Z,2026-08-08T19:04:37+0200,5520ccc5-4503-4071-9cae-28eeabcf3914,2026-07-19T14:00:00Z,2026-07-19T16:00:00+0200,4813.2,MW,PT,PT,actual_load,Actual Load,2026-08-08T17:10:43Z
2026-08-08T17:04:37Z,2026-08-08T19:04:37+0200,5520ccc5-4503-4071-9cae-28eeabcf3914,2026-07-19T15:00:00Z,2026-07-19T17:00:00+0200,4883.9,MW,PT,PT,actual_load,Actual Load,2026-08-08T17:10:43Z
2026-08-08T17:04:37Z,2026-08-08T19:04:37+0200,5520ccc5-4503-4071-9cae-28eeabcf3914,2026-07-19T16:00:00Z,2026-07-19T18:00:00+0200,5126.2,MW,PT,PT,actual_load,Actual Load,2026-08-08T17:10:43Z
2026-08-08T17:04:37Z,2026-08-08T19:04:37+0200,5520ccc5-4503-4071-9cae-28eeabcf3914,2026-07-19T17:00:00Z,2026-07-19T19:00:00+0200,5495.7,MW,PT,PT,actual_load,Actual Load,2026-08-08T17:10:43Z
2026-08-08T17:04:37Z,2026-08-08T19:04:37+0200,5520ccc5-4503-4071-9cae-28eeabcf3914,2026-07-19T18:00:00Z,2026-07-19T20:00:00+0200,5985.2,MW,PT,PT,actual_load,Actual Load,2026-08-08T17:10:43Z
2026-08-08T17:04:37Z,2026-08-08T19:04:37+0200,5520ccc5-4503-4071-9cae-28eeabcf3914,2026-07-19T19:00:00Z,2026-07-19T21:00:00+0200,6172.0,MW,PT,PT,actual_load,Actual Load,2026-08-08T17:10:43Z
2026-08-08T17:04:37Z,2026-08-08T19:04:37+0200,5520ccc5-4503-4071-9cae-28eeabcf3914,2026-07-19T20:00:00Z,2026-07-19T22:00:00+0200,6155.3,MW,PT,PT,actual_load,Actual Load,2026-08-08T17:10:43Z
2026-08-08T17:04:37Z,2026-08-08T19:04:37+0200,5520ccc5-4503-4071-9cae-28eeabcf3914,2026-07-19T21:00:00Z,2026-07-19T23:00:00+0200,5905.5,MW,PT,PT,actual_load,Actual Load,2026-08-08T17:10:43Z
2026-08-08T17:04:37Z,2026-08-08T19:04:37+0200,5520ccc5-4503-4071-9cae-28eeabcf3914,2026-07-19T22:00:00Z,2026-07-20T00:00:00+0200,5584.1,MW,PT,PT,actual_load,Actual Load,2026-08-08T17:10:43Z
2026-08-08T17:04:37Z,2026-08-08T19:04:37+0200,5520ccc5-4503-4071-9cae-28eeabcf3914,2026-07-19T23:00:00Z,2026-07-20T01:00:00+0200,5370.7,MW,PT,PT,actual_load,Actual Load,2026-08-08T17:10:43Z
2026-08-08T17:04:37Z,2026-08-08T19:04:37+0200,5520ccc5-4503-4071-9cae-28eeabcf3914,2026-07-20T00:00:00Z,2026-07-20T02:00:00+0200,5050.9,MW,PT,PT,actual_load,Actual Load,2026-08-08T17:10:43Z
2026-08-08T17:04:37Z,2026-08-08T19:04:37+0200,5520ccc5-4503-4071-9cae-28eeabcf3914,2026-07-20T01:00:00Z,2026-07-20T03:00:00+0200,4852.4,MW,PT,PT,actual_load,Actual Load,2026-08-08T17:10:43Z
2026-08-08T17:04:37Z,2026-08-08T19:04:37+0200,5520ccc5-4503-4071-9cae-28eeabcf3914,2026-07-20T02:00:00Z,2026-07-20T04:00:00+0200,4737.0,MW,PT,PT,actual_load,Actual Load,2026-08-08T17:10:43Z
2026-08-08T17:04:37Z,2026-08-08T19:04:37+0200,5520ccc5-4503-4071-9cae-28eeabcf3914,2026-07-20T03:00:00Z,2026-07-20T05:00:00+0200,4702.7,MW,PT,PT,actual_load,Actual Load,2026-08-08T17:10:43Z
2026-08-08T17:04:37Z,2026-08-08T19:04:37+0200,5520ccc5-4503-4071-9cae-28eeabcf3914,2026-07-20T04:00:00Z,2026-07-20T06:00:00+0200,4806.6,MW,PT,PT,actual_load,Actual Load,2026-08-08T17:10:43Z
2026-08-08T17:04:37Z,2026-08-08T19:04:37+0200,5520ccc5-4503-4071-9cae-28eeabcf3914,2026-07-20T05:00:00Z,2026-07-20T07:00:00+0200,5127.4,MW,PT,PT,actual_load,Actual Load,2026-08-08T17:10:43Z
2026-08-08T17:04:37Z,2026-08-08T19:04:37+0200,5520ccc5-4503-4071-9cae-28eeabcf3914,2026-07-20T06:00:00Z,2026-07-20T08:00:00+0200,5688.7,MW,PT,PT,actual_load,Actual Load,2026-08-08T17:10:43Z
2026-08-08T17:04:37Z,2026-08-08T19:04:37+0200,5520ccc5-4503-4071-9cae-28eeabcf3914,2026-07-20T07:00:00Z,2026-07-20T09:00:00+0200,6545.6,MW,PT,PT,actual_load,Actual Load,2026-08-08T17:10:43Z
2026-08-08T17:04:37Z,2026-08-08T19:04:37+0200,5520ccc5-4503-4071-9cae-28eeabcf3914,2026-07-20T08:00:00Z,2026-07-20T10:00:00+0200,6868.9,MW,PT,PT,actual_load,Actual Load,2026-08-08T17:10:43Z
2026-08-08T17:04:37Z,2026-08-08T19:04:37+0200,5520ccc5-4503-4071-9cae-28eeabcf3914,2026-07-20T09:00:00Z,2026-07-20T11:00:00+0200,6849.3,MW,PT,PT,actual_load,Actual Load,2026-08-08T17:10:43Z
2026-08-08T17:04:37Z,2026-08-08T19:04:37+0200,5520ccc5-4503-4071-9cae-28eeabcf3914,2026-07-20T10:00:00Z,2026-07-20T12:00:00+0200,6845.8,MW,PT,PT,actual_load,Actual Load,2026-08-08T17:10:43Z
2026-08-08T17:04:37Z,2026-08-08T19:04:37+0200,5520ccc5-4503-4071-9cae-28eeabcf3914,2026-07-20T11:00:00Z,2026-07-20T13:00:00+0200,6644.7,MW,PT,PT,actual_load,Actual Load,2026-08-08T17:10:43Z
2026-08-08T17:04:37Z,2026-08-08T19:04:37+0200,5520ccc5-4503-4071-9cae-28eeabcf3914,2026-07-20T12:00:00Z,2026-07-20T14:00:00+0200,6499.2,MW,PT,PT,actual_load,Actual Load,2026-08-08T17:10:43Z
2026-08-08T17:04:37Z,2026-08-08T19:04:37+0200,5520ccc5-4503-4071-9cae-28eeabcf3914,2026-07-20T13:00:00Z,2026-07-20T15:00:00+0200,6551.3,MW,PT,PT,actual_load,Actual Load,2026-08-08T17:10:43Z
2026-08-08T17:04:37Z,2026-08-08T19:04:37+0200,5520ccc5-4503-4071-9cae-28eeabcf3914,2026-07-20T14:00:00Z,2026-07-20T16:00:00+0200,6554.3,MW,PT,PT,actual_load,Actual Load,2026-08-08T17:10:43Z
2026-08-08T17:04:37Z,2026-08-08T19:04:37+0200,5520ccc5-4503-4071-9cae-28eeabcf3914,2026-07-20T15:00:00Z,2026-07-20T17:00:00+0200,6612.1,MW,PT,PT,actual_load,Actual Load,2026-08-08T17:10:43Z
2026-08-08T17:04:37Z,2026-08-08T19:04:37+0200,5520ccc5-4503-4071-9cae-28eeabcf3914,2026-07-20T16:00:00Z,2026-07-20T18:00:00+0200,6609.8,MW,PT,PT,actual_load,Actual Load,2026-08-08T17:10:43Z
2026-08-08T17:04:37Z,2026-08-08T19:04:37+0200,5520ccc5-4503-4071-9cae-28eeabcf3914,2026-07-20T17:00:00Z,2026-07-20T19:00:00+0200,6783.4,MW,PT,PT,actual_load,Actual Load,2026-08-08T17:10:43Z
2026-08-08T17:04:37Z,2026-08-08T19:04:37+0200,5520ccc5-4503-4071-9cae-28eeabcf3914,2026-07-20T18:00:00Z,2026-07-20T20:00:00+0200,7265.6,MW,PT,PT,actual_load,Actual Load,2026-08-08T17:10:43Z
2026-08-08T17:04:37Z,2026-08-08T19:04:37+0200,5520ccc5-4503-4071-9cae-28eeabcf3914,2026-07-20T19:00:00Z,2026-07-20T21:00:00+0200,7403.4,MW,PT,PT,actual_load,Actual Load,2026-08-08T17:10:43Z
2026-08-08T17:04:37Z,2026-08-08T19:04:37+0200,5520ccc5-4503-4071-9cae-28eeabcf3914,2026-07-20T20:00:00Z,2026-07-20T22:00:00+0200,7309.6,MW,PT,PT,actual_load,Actual Load,2026-08-08T17:10:43Z
2026-08-08T17:04:37Z,2026-08-08T19:04:37+0200,5520ccc5-4503-4071-9cae-28eeabcf3914,2026-07-20T21:00:00Z,2026-07-20T23:00:00+0200,6868.0,MW,PT,PT,actual_load,Actual Load,2026-08-08T17:10:43Z
2026-08-08T17:04:37Z,2026-08-08T19:04:37+0200,5520ccc5-4503-4071-9cae-28eeabcf3914,2026-07-20T22:00:00Z,2026-07-21T00:00:00+0200,6302.4,MW,PT,PT,actual_load,Actual Load,2026-08-08T17:10:43Z
2026-08-08T17:04:37Z,2026-08-08T19:04:37+0200,5520ccc5-4503-4071-9cae-28eeabcf3914,2026-07-20T23:00:00Z,2026-07-21T01:00:00+0200,5793.3,MW,PT,PT,actual_load,Actual Load,2026-08-08T17:10:43Z
2026-08-08T17:04:37Z,2026-08-08T19:04:37+0200,5520ccc5-4503-4071-9cae-28eeabcf3914,2026-07-21T00:00:00Z,2026-07-21T02:00:00+0200,5434.4,MW,PT,PT,actual_load,Actual Load,2026-08-08T17:10:43Z
2026-08-08T17:04:37Z,2026-08-08T19:04:37+0200,5520ccc5-4503-4071-9cae-28eeabcf3914,2026-07-21T01:00:00Z,2026-07-21T03:00:00+0200,5199.7,MW,PT,PT,actual_load,Actual Load,2026-08-08T17:10:43Z
2026-08-08T17:04:37Z,2026-08-08T19:04:37+0200,5520ccc5-4503-4071-9cae-28eeabcf3914,2026-07-21T02:00:00Z,2026-07-21T04:00:00+0200,5086.9,MW,PT,PT,actual_load,Actual Load,2026-08-08T17:10:43Z
2026-08-08T17:04:37Z,2026-08-08T19:04:37+0200,5520ccc5-4503-4071-9cae-28eeabcf3914,2026-07-21T03:00:00Z,2026-07-21T05:00:00+0200,5025.9,MW,PT,PT,actual_load,Actual Load,2026-08-08T17:10:43Z
2026-08-08T17:04:37Z,2026-08-08T19:04:37+0200,5520ccc5-4503-4071-9cae-28eeabcf3914,2026-07-21T04:00:00Z,2026-07-21T06:00:00+0200,5114.5,MW,PT,PT,actual_load,Actual Load,2026-08-08T17:10:43Z
2026-08-08T17:04:37Z,2026-08-08T19:04:37+0200,5520ccc5-4503-4071-9cae-28eeabcf3914,2026-07-21T05:00:00Z,2026-07-21T07:00:00+0200,5397.9,MW,PT,PT,actual_load,Actual Load,2026-08-08T17:10:43Z
2026-08-08T17:04:37Z,2026-08-08T19:04:37+0200,5520ccc5-4503-4071-9cae-28eeabcf3914,2026-07-21T06:00:00Z,2026-07-21T08:00:00+0200,5876.3,MW,PT,PT,actual_load,Actual Load,2026-08-08T17:10:43Z
2026-08-08T17:04:37Z,2026-08-08T19:04:37+0200,5520ccc5-4503-4071-9cae-28eeabcf3914,2026-07-21T07:00:00Z,2026-07-21T09:00:00+0200,6581.6,MW,PT,PT,actual_load,Actual Load,2026-08-08T17:10:43Z
2026-08-08T17:04:37Z,2026-08-08T19:04:37+0200,5520ccc5-4503-4071-9cae-28eeabcf3914,2026-07-21T08:00:00Z,2026-07-21T10:00:00+0200,6892.7,MW,PT,PT,actual_load,Actual Load,2026-08-08T17:10:43Z
2026-08-08T17:04:37Z,2026-08-08T19:04:37+0200,5520ccc5-4503-4071-9cae-28eeabcf3914,2026-07-21T09:00:00Z,2026-07-21T11:00:00+0200,6891.0,MW,PT,PT,actual_load,Actual Load,2026-08-08T17:10:43Z
2026-08-08T17:04:37Z,2026-08-08T19:04:37+0200,5520ccc5-4503-4071-9cae-28eeabcf3914,2026-07-21T10:00:00Z,2026-07-21T12:00:00+0200,6858.4,MW,PT,PT,actual_load,Actual Load,2026-08-08T17:10:43Z
2026-08-08T17:04:37Z,2026-08-08T19:04:37+0200,5520ccc5-4503-4071-9cae-28eeabcf3914,2026-07-21T11:00:00Z,2026-07-21T13:00:00+0200,6626.1,MW,PT,PT,actual_load,Actual Load,2026-08-08T17:10:43Z
2026-08-08T17:04:37Z,2026-08-08T19:04:37+0200,5520ccc5-4503-4071-9cae-28eeabcf3914,2026-07-21T12:00:00Z,2026-07-21T14:00:00+0200,6461.6,MW,PT,PT,actual_load,Actual Load,2026-08-08T17:10:43Z
2026-08-08T17:04:37Z,2026-08-08T19:04:37+0200,5520ccc5-4503-4071-9cae-28eeabcf3914,2026-07-21T13:00:00Z,2026-07-21T15:00:00+0200,6584.5,MW,PT,PT,actual_load,Actual Load,2026-08-08T17:10:43Z
2026-08-08T17:04:37Z,2026-08-08T19:04:37+0200,5520ccc5-4503-4071-9cae-28eeabcf3914,2026-07-21T14:00:00Z,2026-07-21T16:00:00+0200,6577.4,MW,PT,PT,actual_load,Actual Load,2026-08-08T17:10:43Z
2026-08-08T17:04:37Z,2026-08-08T19:04:37+0200,5520ccc5-4503-4071-9cae-28eeabcf3914,2026-07-21T15:00:00Z,2026-07-21T17:00:00+0200,6592.1,MW,PT,PT,actual_load,Actual Load,2026-08-08T17:10:43Z
2026-08-08T17:04:37Z,2026-08-08T19:04:37+0200,5520ccc5-4503-4071-9cae-28eeabcf3914,2026-07-21T16:00:00Z,2026-07-21T18:00:00+0200,6653.3,MW,PT,PT,actual_load,Actual Load,2026-08-08T17:10:43Z
2026-08-08T17:04:37Z,2026-08-08T19:04:37+0200,5520ccc5-4503-4071-9cae-28eeabcf3914,2026-07-21T17:00:00Z,2026-07-21T19:00:00+0200,6930.2,MW,PT,PT,actual_load,Actual Load,2026-08-08T17:10:43Z
2026-08-08T17:04:37Z,2026-08-08T19:04:37+0200,5520ccc5-4503-4071-9cae-28eeabcf3914,2026-07-21T18:00:00Z,2026-07-21T20:00:00+0200,7438.4,MW,PT,PT,actual_load,Actual Load,2026-08-08T17:10:43Z
2026-08-08T17:04:37Z,2026-08-08T19:04:37+0200,5520ccc5-4503-4071-9cae-28eeabcf3914,2026-07-21T19:00:00Z,2026-07-21T21:00:00+0200,7569.7,MW,PT,PT,actual_load,Actual Load,2026-08-08T17:10:43Z
2026-08-08T17:04:37Z,2026-08-08T19:04:37+0200,5520ccc5-4503-4071-9cae-28eeabcf3914,2026-07-21T20:00:00Z,2026-07-21T22:00:00+0200,7467.6,MW,PT,PT,actual_load,Actual Load,2026-08-08T17:10:43Z
2026-08-08T17:04:37Z,2026-08-08T19:04:37+0200,5520ccc5-4503-4071-9cae-28eeabcf3914,2026-07-21T21:00:00Z,2026-07-21T23:00:00+0200,7013.6,MW,PT,PT,actual_load,Actual Load,2026-08-08T17:10:43Z
2026-08-08T17:04:37Z,2026-08-08T19:04:37+0200,5520ccc5-4503-4071-9cae-28eeabcf3914,2026-07-21T22:00:00Z,2026-07-22T00:00:00+0200,6395.0,MW,PT,PT,actual_load,Actual Load,2026-08-08T17:10:43Z
2026-08-08T17:04:37Z,2026-08-08T19:04:37+0200,5520ccc5-4503-4071-9cae-28eeabcf3914,2026-07-21T23:00:00Z,2026-07-22T01:00:00+0200,5886.6,MW,PT,PT,actual_load,Actual Load,2026-08-08T17:10:43Z
2026-08-08T17:04:37Z,2026-08-08T19:04:37+0200,5520ccc5-4503-4071-9cae-28eeabcf3914,2026-07-22T00:00:00Z,2026-07-22T02:00:00+0200,5567.7,MW,PT,PT,actual_load,Actual Load,2026-08-08T17:10:43Z
2026-08-08T17:04:37Z,2026-08-08T19:04:37+0200,5520ccc5-4503-4071-9cae-28eeabcf3914,2026-07-22T01:00:00Z,2026-07-22T03:00:00+0200,5314.0,MW,PT,PT,actual_load,Actual Load,2026-08-08T17:10:43Z
2026-08-08T17:04:37Z,2026-08-08T19:04:37+0200,5520ccc5-4503-4071-9cae-28eeabcf3914,2026-07-22T02:00:00Z,2026-07-22T04:00:00+0200,5161.8,MW,PT,PT,actual_load,Actual Load,2026-08-08T17:10:43Z
2026-08-08T17:04:37Z,2026-08-08T19:04:37+0200,5520ccc5-4503-4071-9cae-28eeabcf3914,2026-07-22T03:00:00Z,2026-07-22T05:00:00+0200,5086.9,MW,PT,PT,actual_load,Actual Load,2026-08-08T17:10:43Z
2026-08-08T17:04:37Z,2026-08-08T19:04:37+0200,5520ccc5-4503-4071-9cae-28eeabcf3914,2026-07-22T04:00:00Z,2026-07-22T06:00:00+0200,5155.2,MW,PT,PT,actual_load,Actual Load,2026-08-08T17:10:43Z
2026-08-08T17:04:37Z,2026-08-08T19:04:37+0200,5520ccc5-4503-4071-9cae-28eeabcf3914,2026-07-22T05:00:00Z,2026-07-22T07:00:00+0200,5426.9,MW,PT,PT,actual_load,Actual Load,2026-08-08T17:10:43Z
2026-08-08T17:04:37Z,2026-08-08T19:04:37+0200,5520ccc5-4503-4071-9cae-28eeabcf3914,2026-07-22T06:00:00Z,2026-07-22T08:00:00+0200,5900.4,MW,PT,PT,actual_load,Actual Load,2026-08-08T17:10:43Z
2026-08-08T17:04:37Z,2026-08-08T19:04:37+0200,5520ccc5-4503-4071-9cae-28eeabcf3914,2026-07-22T07:00:00Z,2026-07-22T09:00:00+0200,6520.7,MW,PT,PT,actual_load,Actual Load,2026-08-08T17:10:43Z
2026-08-08T17:04:37Z,2026-08-08T19:04:37+0200,5520ccc5-4503-4071-9cae-28eeabcf3914,2026-07-22T08:00:00Z,2026-07-22T10:00:00+0200,6823.5,MW,PT,PT,actual_load,Actual Load,2026-08-08T17:10:43Z
2026-08-08T17:04:37Z,2026-08-08T19:04:37+0200,5520ccc5-4503-4071-9cae-28eeabcf3914,2026-07-22T09:00:00Z,2026-07-22T11:00:00+0200,6815.3,MW,PT,PT,actual_load,Actual Load,2026-08-08T17:10:43Z
2026-08-08T17:04:37Z,2026-08-08T19:04:37+0200,5520ccc5-4503-4071-9cae-28eeabcf3914,2026-07-22T10:00:00Z,2026-07-22T12:00:00+0200,6793.7,MW,PT,PT,actual_load,Actual Load,2026-08-08T17:10:43Z
2026-08-08T17:04:37Z,2026-08-08T19:04:37+0200,5520ccc5-4503-4071-9cae-28eeabcf3914,2026-07-22T11:00:00Z,2026-07-22T13:00:00+0200,6575.2,MW,PT,PT,actual_load,Actual Load,2026-08-08T17:10:43Z
2026-08-08T17:04:37Z,2026-08-08T19:04:37+0200,5520ccc5-4503-4071-9cae-28eeabcf3914,2026-07-22T12:00:00Z,2026-07-22T14:00:00+0200,6451.3,MW,PT,PT,actual_load,Actual Load,2026-08-08T17:10:43Z
2026-08-08T17:04:37Z,2026-08-08T19:04:37+0200,5520ccc5-4503-4071-9cae-28eeabcf3914,2026-07-22T13:00:00Z,2026-07-22T15:00:00+0200,6536.8,MW,PT,PT,actual_load,Actual Load,2026-08-08T17:10:43Z
2026-08-08T17:04:37Z,2026-08-08T19:04:37+0200,5520ccc5-4503-4071-9cae-28eeabcf3914,2026-07-22T14:00:00Z,2026-07-22T16:00:00+0200,6523.1,MW,PT,PT,actual_load,Actual Load,2026-08-08T17:10:43Z
2026-08-08T17:04:37Z,2026-08-08T19:04:37+0200,5520ccc5-4503-4071-9cae-28eeabcf3914,2026-07-22T15:00:00Z,2026-07-22T17:00:00+0200,6591.1,MW,PT,PT,actual_load,Actual Load,2026-08-08T17:10:43Z
2026-08-08T17:04:37Z,2026-08-08T19:04:37+0200,5520ccc5-4503-4071-9cae-28eeabcf3914,2026-07-22T16:00:00Z,2026-07-22T18:00:00+0200,6699.0,MW,PT,PT,actual_load,Actual Load,2026-08-08T17:10:43Z
2026-08-08T17:04:37Z,2026-08-08T19:04:37+0200,5520ccc5-4503-4071-9cae-28eeabcf3914,2026-07-22T17:00:00Z,2026-07-22T19:00:00+0200,6946.2,MW,PT,PT,actual_load,Actual Load,2026-08-08T17:10:43Z
2026-08-08T17:04:37Z,2026-08-08T19:04:37+0200,5520ccc5-4503-4071-9cae-28eeabcf3914,2026-07-22T18:00:00Z,2026-07-22T20:00:00+0200,7418.2,MW,PT,PT,actual_load,Actual Load,2026-08-08T17:10:43Z
2026-08-08T17:04:37Z,2026-08-08T19:04:37+0200,5520ccc5-4503-4071-9cae-28eeabcf3914,2026-07-22T19:00:00Z,2026-07-22T21:00:00+0200,7542.0,MW,PT,PT,actual_load,Actual Load,2026-08-08T17:10:43Z
2026-08-08T17:04:37Z,2026-08-08T19:04:37+0200,5520ccc5-4503-4071-9cae-28eeabcf3914,2026-07-22T20:00:00Z,2026-07-22T22:00:00+0200,7449.1,MW,PT,PT,actual_load,Actual Load,2026-08-08T17:10:43Z
2026-08-08T17:04:37Z,2026-08-08T19:04:37+0200,5520ccc5-4503-4071-9cae-28eeabcf3914,2026-07-22T21:00:00Z,2026-07-22T23:00:00+0200,6998.0,MW,PT,PT,actual_load,Actual Load,2026-08-08T17:10:43Z
2026-08-08T17:04:37Z,2026-08-08T19:04:37+0200,5520ccc5-4503-4071-9cae-28eeabcf3914,2026-07-22T22:00:00Z,2026-07-23T00:00:00+0200,6383.3,MW,PT,PT,actual_load,Actual Load,2026-08-08T17:10:43Z
2026-08-08T17:04:37Z,2026-08-08T19:04:37+0200,5520ccc5-4503-4071-9cae-28eeabcf3914,2026-07-22T23:00:00Z,2026-07-23T01:00:00+0200,5916.8,MW,PT,PT,actual_load,Actual Load,2026-08-08T17:10:43Z
2026-08-08T17:04:37Z,2026-08-08T19:04:37+0200,5520ccc5-4503-4071-9cae-28eeabcf3914,2026-07-23T00:00:00Z,2026-07-23T02:00:00+0200,5562.5,MW,PT,PT,actual_load,Actual Load,2026-08-08T17:10:43Z
2026-08-08T17:04:37Z,2026-08-08T19:04:37+0200,5520ccc5-4503-4071-9cae-28eeabcf3914,2026-07-23T01:00:00Z,2026-07-23T03:00:00+0200,5327.5,MW,PT,PT,actual_load,Actual Load,2026-08-08T17:10:43Z
2026-08-08T17:04:37Z,2026-08-08T19:04:37+0200,5520ccc5-4503-4071-9cae-28eeabcf3914,2026-07-23T02:00:00Z,2026-07-23T04:00:00+0200,5187.1,MW,PT,PT,actual_load,Actual Load,2026-08-08T17:10:43Z
2026-08-08T17:04:37Z,2026-08-08T19:04:37+0200,5520ccc5-4503-4071-9cae-28eeabcf3914,2026-07-23T03:00:00Z,2026-07-23T05:00:00+0200,5117.5,MW,PT,PT,actual_load,Actual Load,2026-08-08T17:10:43Z
2026-08-08T17:04:37Z,2026-08-08T19:04:37+0200,5520ccc5-4503-4071-9cae-28eeabcf3914,2026-07-23T04:00:00Z,2026-07-23T06:00:00+0200,5189.3,MW,PT,PT,actual_load,Actual Load,2026-08-08T17:10:43Z
2026-08-08T17:04:37Z,2026-08-08T19:04:37+0200,5520ccc5-4503-4071-9cae-28eeabcf3914,2026-07-23T05:00:00Z,2026-07-23T07:00:00+0200,5445.7,MW,PT,PT,actual_load,Actual Load,2026-08-08T17:10:43Z
2026-08-08T17:04:37Z,2026-08-08T19:04:37+0200,5520ccc5-4503-4071-9cae-28eeabcf3914,2026-07-23T06:00:00Z,2026-07-23T08:00:00+0200,5913.9,MW,PT,PT,actual_load,Actual Load,2026-08-08T17:10:43Z
2026-08-08T17:04:37Z,2026-08-08T19:04:37+0200,5520ccc5-4503-4071-9cae-28eeabcf3914,2026-07-23T07:00:00Z,2026-07-23T09:00:00+0200,6659.6,MW,PT,PT,actual_load,Actual Load,2026-08-08T17:10:43Z
2026-08-08T17:04:37Z,2026-08-08T19:04:37+0200,5520ccc5-4503-4071-9cae-28eeabcf3914,2026-07-23T08:00:00Z,2026-07-23T10:00:00+0200,6988.1,MW,PT,PT,actual_load,Actual Load,2026-08-08T17:10:43Z
2026-08-08T17:04:37Z,2026-08-08T19:04:37+0200,5520ccc5-4503-4071-9cae-28eeabcf3914,2026-07-23T09:00:00Z,2026-07-23T11:00:00+0200,6898.3,MW,PT,PT,actual_load,Actual Load,2026-08-08T17:10:43Z
2026-08-08T17:04:37Z,2026-08-08T19:04:37+0200,5520ccc5-4503-4071-9cae-28eeabcf3914,2026-07-23T10:00:00Z,2026-07-23T12:00:00+0200,6845.6,MW,PT,PT,actual_load,Actual Load,2026-08-08T17:10:43Z
2026-08-08T17:04:37Z,2026-08-08T19:04:37+0200,5520ccc5-4503-4071-9cae-28eeabcf3914,2026-07-23T11:00:00Z,2026-07-23T13:00:00+0200,6636.8,MW,PT,PT,actual_load,Actual Load,2026-08-08T17:10:43Z
2026-08-08T17:04:37Z,2026-08-08T19:04:37+0200,5520ccc5-4503-4071-9cae-28eeabcf3914,2026-07-23T12:00:00Z,2026-07-23T14:00:00+0200,6440.3,MW,PT,PT,actual_load,Actual Load,2026-08-08T17:10:43Z
2026-08-08T17:04:37Z,2026-08-08T19:04:37+0200,5520ccc5-4503-4071-9cae-28eeabcf3914,2026-07-23T13:00:00Z,2026-07-23T15:00:00+0200,6531.4,MW,PT,PT,actual_load,Actual Load,2026-08-08T17:10:43Z
2026-08-08T17:04:37Z,2026-08-08T19:04:37+0200,5520ccc5-4503-4071-9cae-28eeabcf3914,2026-07-23T14:00:00Z,2026-07-23T16:00:00+0200,6591.0,MW,PT,PT,actual_load,Actual Load,2026-08-08T17:10:43Z
2026-08-08T17:04:37Z,2026-08-08T19:04:37+0200,5520ccc5-4503-4071-9cae-28eeabcf3914,2026-07-23T15:00:00Z,2026-07-23T17:00:00+0200,6618.8,MW,PT,PT,actual_load,Actual Load,2026-08-08T17:10:43Z
2026-08-08T17:04:37Z,2026-08-08T19:04:37+0200,5520ccc5-4503-4071-9cae-28eeabcf3914,2026-07-23T16:00:00Z,2026-07-23T18:00:00+0200,6689.5,MW,PT,PT,actual_load,Actual Load,2026-08-08T17:10:43Z
2026-08-08T17:04:37Z,2026-08-08T19:04:37+0200,5520ccc5-4503-4071-9cae-28eeabcf3914,2026-07-23T17:00:00Z,2026-07-23T19:00:00+0200,6900.8,MW,PT,PT,actual_load,Actual Load,2026-08-08T17:10:43Z
2026-08-08T17:04:37Z,2026-08-08T19:04:37+0200,5520ccc5-4503-4071-9cae-28eeabcf3914,2026-07-23T18:00:00Z,2026-07-23T20:00:00+0200,7338.3,MW,PT,PT,actual_load,Actual Load,2026-08-08T17:10:43Z
2026-08-08T17:04:37Z,2026-08-08T19:04:37+0200,5520ccc5-4503-4071-9cae-28eeabcf3914,2026-07-23T19:00:00Z,2026-07-23T21:00:00+0200,7423.7,MW,PT,PT,actual_load,Actual Load,2026-08-08T17:10:43Z
2026-08-08T17:04:37Z,2026-08-08T19:04:37+0200,5520ccc5-4503-4071-9cae-28eeabcf3914,2026-07-23T20:00:00Z,2026-07-23T22:00:00+0200,7337.2,MW,PT,PT,actual_load,Actual Load,2026-08-08T17:10:43Z
2026-08-08T17:04:37Z,2026-08-08T19:04:37+0200,5520ccc5-4503-4071-9cae-28eeabcf3914,2026-07-23T21:00:00Z,2026-07-23T23:00:00+0200,6881.0,MW,PT,PT,actual_load,Actual Load,2026-08-08T17:10:43Z
2026-08-08T17:04:37Z,2026-08-08T19:04:37+0200,5520ccc5-4503-4071-9cae-28eeabcf3914,2026-07-23T22:00:00Z,2026-07-24T00:00:00+0200,6319.1,MW,PT,PT,actual_load,Actual Load,2026-08-08T17:10:43Z
2026-08-08T17:04:37Z,2026-08-08T19:04:37+0200,5520ccc5-4503-4071-9cae-28eeabcf3914,2026-07-23T23:00:00Z,2026-07-24T01:00:00+0200,5869.5,MW,PT,PT,actual_load,Actual Load,2026-08-08T17:10:43Z
2026-08-08T17:04:37Z,2026-08-08T19:04:37+0200,5520ccc5-4503-4071-9cae-28eeabcf3914,2026-07-24T00:00:00Z,2026-07-24T02:00:00+0200,5596.0,MW,PT,PT,actual_load,Actual Load,2026-08-08T17:10:43Z
2026-08-08T17:04:37Z,2026-08-08T19:04:37+0200,5520ccc5-4503-4071-9cae-28eeabcf3914,2026-07-24T01:00:00Z,2026-07-24T03:00:00+0200,5369.9,MW,PT,PT,actual_load,Actual Load,2026-08-08T17:10:43Z
2026-08-08T17:04:37Z,2026-08-08T19:04:37+0200,5520ccc5-4503-4071-9cae-28eeabcf3914,2026-07-24T02:00:00Z,2026-07-24T04:00:00+0200,5232.8,MW,PT,PT,actual_load,Actual Load,2026-08-08T17:10:43Z
2026-08-08T17:04:37Z,2026-08-08T19:04:37+0200,5520ccc5-4503-4071-9cae-28eeabcf3914,2026-07-24T03:00:00Z,2026-07-24T05:00:00+0200,5161.5,MW,PT,PT,actual_load,Actual Load,2026-08-08T17:10:43Z
2026-08-08T17:04:37Z,2026-08-08T19:04:37+0200,5520ccc5-4503-4071-9cae-28eeabcf3914,2026-07-24T04:00:00Z,2026-07-24T06:00:00+0200,5242.3,MW,PT,PT,actual_load,Actual Load,2026-08-08T17:10:43Z
2026-08-08T17:04:37Z,2026-08-08T19:04:37+0200,5520ccc5-4503-4071-9cae-28eeabcf3914,2026-07-24T05:00:00Z,2026-07-24T07:00:00+0200,5506.0,MW,PT,PT,actual_load,Actual Load,2026-08-08T17:10:43Z
2026-08-08T17:04:37Z,2026-08-08T19:04:37+0200,5520ccc5-4503-4071-9cae-28eeabcf3914,2026-07-24T06:00:00Z,2026-07-24T08:00:00+0200,5975.6,MW,PT,PT,actual_load,Actual Load,2026-08-08T17:10:43Z
2026-08-08T17:04:37Z,2026-08-08T19:04:37+0200,5520ccc5-4503-4071-9cae-28eeabcf3914,2026-07-24T07:00:00Z,2026-07-24T09:00:00+0200,6732.7,MW,PT,PT,actual_load,Actual Load,2026-08-08T17:10:43Z
2026-08-08T17:04:37Z,2026-08-08T19:04:37+0200,5520ccc5-4503-4071-9cae-28eeabcf3914,2026-07-24T08:00:00Z,2026-07-24T10:00:00+0200,7046.6,MW,PT,PT,actual_load,Actual Load,2026-08-08T17:10:43Z
2026-08-08T17:04:37Z,2026-08-08T19:04:37+0200,5520ccc5-4503-4071-9cae-28eeabcf3914,2026-07-24T09:00:00Z,2026-07-24T11:00:00+0200,7000.8,MW,PT,PT,actual_load,Actual Load,2026-08-08T17:10:43Z
2026-08-08T17:04:37Z,2026-08-08T19:04:37+0200,5520ccc5-4503-4071-9cae-28eeabcf3914,2026-07-24T10:00:00Z,2026-07-24T12:00:00+0200,6978.6,MW,PT,PT,actual_load,Actual Load,2026-08-08T17:10:43Z
2026-08-08T17:04:37Z,2026-08-08T19:04:37+0200,5520ccc5-4503-4071-9cae-28eeabcf3914,2026-07-24T11:00:00Z,2026-07-24T13:00:00+0200,6800.2,MW,PT,PT,actual_load,Actual Load,2026-08-08T17:10:43Z
2026-08-08T17:04:37Z,2026-08-08T19:04:37+0200,5520ccc5-4503-4071-9cae-28eeabcf3914,2026-07-24T12:00:00Z,2026-07-24T14:00:00+0200,6594.0,MW,PT,PT,actual_load,Actual Load,2026-08-08T17:10:43Z
2026-08-08T17:04:37Z,2026-08-08T19:04:37+0200,5520ccc5-4503-4071-9cae-28eeabcf3914,2026-07-24T13:00:00Z,2026-07-24T15:00:00+0200,6652.7,MW,PT,PT,actual_load,Actual Load,2026-08-08T17:10:43Z
2026-08-08T17:04:37Z,2026-08-08T19:04:37+0200,5520ccc5-4503-4071-9cae-28eeabcf3914,2026-07-24T14:00:00Z,2026-07-24T16:00:00+0200,6564.5,MW,PT,PT,actual_load,Actual Load,2026-08-08T17:10:43Z
2026-08-08T17:04:37Z,2026-08-08T19:04:37+0200,5520ccc5-4503-4071-9cae-28eeabcf3914,2026-07-24T15:00:00Z,2026-07-24T17:00:00+0200,6634.8,MW,PT,PT,actual_load,Actual Load,2026-08-08T17:10:43Z
2026-08-08T17:04:37Z,2026-08-08T19:04:37+0200,5520ccc5-4503-4071-9cae-28eeabcf3914,2026-07-24T16:00:00Z,2026-07-24T18:00:00+0200,6677.6,MW,PT,PT,actual_load,Actual Load,2026-08-08T17:10:43Z
2026-08-08T17:04:37Z,2026-08-08T19:04:37+0200,5520ccc5-4503-4071-9cae-28eeabcf3914,2026-07-24T17:00:00Z,2026-07-24T19:00:00+0200,6897.2,MW,PT,PT,actual_load,Actual Load,2026-08-08T17:10:43Z
2026-08-08T17:04:37Z,2026-08-08T19:04:37+0200,5520ccc5-4503-4071-9cae-28eeabcf3914,2026-07-24T18:00:00Z,2026-07-24T20:00:00+0200,7098.6,MW,PT,PT,actual_load,Actual Load,2026-08-08T17:10:43Z
2026-08-08T17:04:37Z,2026-08-08T19:04:37+0200,5520ccc5-4503-4071-9cae-28eeabcf3914,2026-07-24T19:00:00Z,2026-07-24T21:00:00+0200,7112.2,MW,PT,PT,actual_load,Actual Load,2026-08-08T17:10:43Z
2026-08-08T17:04:37Z,2026-08-08T19:04:37+0200,5520ccc5-4503-4071-9cae-28eeabcf3914,2026-07-24T20:00:00Z,2026-07-24T22:00:00+0200,7020.9,MW,PT,PT,actual_load,Actual Load,2026-08-08T17:10:43Z
2026-08-08T17:04:37Z,2026-08-08T19:04:37+0200,5520ccc5-4503-4071-9cae-28eeabcf3914,2026-07-24T21:00:00Z,2026-07-24T23:00:00+0200,6577.4,MW,PT,PT,actual_load,Actual Load,2026-08-08T17:10:43Z
2026-08-08T17:04:37Z,2026-08-08T19:04:37+0200,5520ccc5-4503-4071-9cae-28eeabcf3914,2026-07-24T22:00:00Z,2026-07-25T00:00:00+0200,6105.0,MW,PT,PT,actual_load,Actual Load,2026-08-08T17:10:43Z
2026-08-08T17:04:37Z,2026-08-08T19:04:37+0200,5520ccc5-4503-4071-9cae-28eeabcf3914,2026-07-24T23:00:00Z,2026-07-25T01:00:00+0200,5701.5,MW,PT,PT,actual_load,Actual Load,2026-08-08T17:10:43Z
2026-08-08T17:04:37Z,2026-08-08T19:04:37+0200,5520ccc5-4503-4071-9cae-28eeabcf3914,2026-07-25T00:00:00Z,2026-07-25T02:00:00+0200,5385.5,MW,PT,PT,actual_load,Actual Load,2026-08-08T17:10:43Z
2026-08-08T17:04:37Z,2026-08-08T19:04:37+0200,5520ccc5-4503-4071-9cae-28eeabcf3914,2026-07-25T01:00:00Z,2026-07-25T03:00:00+0200,5145.5,MW,PT,PT,actual_load,Actual Load,2026-08-08T17:10:43Z
2026-08-08T17:04:37Z,2026-08-08T19:04:37+0200,5520ccc5-4503-4071-9cae-28eeabcf3914,2026-07-25T02:00:00Z,2026-07-25T04:00:00+0200,4995.2,MW,PT,PT,actual_load,Actual Load,2026-08-08T17:10:43Z
2026-08-08T17:04:37Z,2026-08-08T19:04:37+0200,5520ccc5-4503-4071-9cae-28eeabcf3914,2026-07-25T03:00:00Z,2026-07-25T05:00:00+0200,4897.1,MW,PT,PT,actual_load,Actual Load,2026-08-08T17:10:43Z
2026-08-08T17:04:37Z,2026-08-08T19:04:37+0200,5520ccc5-4503-4071-9cae-28eeabcf3914,2026-07-25T04:00:00Z,2026-07-25T06:00:00+0200,4883.8,MW,PT,PT,actual_load,Actual Load,2026-08-08T17:10:43Z
2026-08-08T17:04:37Z,2026-08-08T19:04:37+0200,5520ccc5-4503-4071-9cae-28eeabcf3914,2026-07-25T05:00:00Z,2026-07-25T07:00:00+0200,4901.9,MW,PT,PT,actual_load,Actual Load,2026-08-08T17:10:43Z
2026-08-08T17:04:37Z,2026-08-08T19:04:37+0200,5520ccc5-4503-4071-9cae-28eeabcf3914,2026-07-25T06:00:00Z,2026-07-25T08:00:00+0200,5043.8,MW,PT,PT,actual_load,Actual Load,2026-08-08T17:10:43Z
2026-08-08T17:04:37Z,2026-08-08T19:04:37+0200,5520ccc5-4503-4071-9cae-28eeabcf3914,2026-07-25T07:00:00Z,2026-07-25T09:00:00+0200,5438.2,MW,PT,PT,actual_load,Actual Load,2026-08-08T17:10:43Z
2026-08-08T17:04:37Z,2026-08-08T19:04:37+0200,5520ccc5-4503-4071-9cae-28eeabcf3914,2026-07-25T08:00:00Z,2026-07-25T10:00:00+0200,5661.8,MW,PT,PT,actual_load,Actual Load,2026-08-08T17:10:43Z
2026-08-08T17:04:37Z,2026-08-08T19:04:37+0200,5520ccc5-4503-4071-9cae-28eeabcf3914,2026-07-25T09:00:00Z,2026-07-25T11:00:00+0200,5752.4,MW,PT,PT,actual_load,Actual Load,2026-08-08T17:10:43Z
2026-08-08T17:04:37Z,2026-08-08T19:04:37+0200,5520ccc5-4503-4071-9cae-28eeabcf3914,2026-07-25T10:00:00Z,2026-07-25T12:00:00+0200,5764.6,MW,PT,PT,actual_load,Actual Load,2026-08-08T17:10:43Z
2026-08-08T17:04:37Z,2026-08-08T19:04:37+0200,5520ccc5-4503-4071-9cae-28eeabcf3914,2026-07-25T11:00:00Z,2026-07-25T13:00:00+0200,5736.1,MW,PT,PT,actual_load,Actual Load,2026-08-08T17:10:43Z
2026-08-08T17:04:37Z,2026-08-08T19:04:37+0200,5520ccc5-4503-4071-9cae-28eeabcf3914,2026-07-25T12:00:00Z,2026-07-25T14:00:00+0200,5490.8,MW,PT,PT,actual_load,Actual Load,2026-08-08T17:10:43Z
2026-08-08T17:04:37Z,2026-08-08T19:04:37+0200,5520ccc5-4503-4071-9cae-28eeabcf3914,2026-07-25T13:00:00Z,2026-07-25T15:00:00+0200,5340.2,MW,PT,PT,actual_load,Actual Load,2026-08-08T17:10:43Z
2026-08-08T17:04:37Z,2026-08-08T19:04:37+0200,5520ccc5-4503-4071-9cae-28eeabcf3914,2026-07-25T14:00:00Z,2026-07-25T16:00:00+0200,5231.8,MW,PT,PT,actual_load,Actual Load,2026-08-08T17:10:43Z
2026-08-08T17:04:37Z,2026-08-08T19:04:37+0200,5520ccc5-4503-4071-9cae-28eeabcf3914,2026-07-25T15:00:00Z,2026-07-25T17:00:00+0200,5240.0,MW,PT,PT,actual_load,Actual Load,2026-08-08T17:10:43Z
2026-08-08T17:04:37Z,2026-08-08T19:04:37+0200,5520ccc5-4503-4071-9cae-28eeabcf3914,2026-07-25T16:00:00Z,2026-07-25T18:00:00+0200,5450.8,MW,PT,PT,actual_load,Actual Load,2026-08-08T17:10:43Z
2026-08-08T17:04:37Z,2026-08-08T19:04:37+0200,5520ccc5-4503-4071-9cae-28eeabcf3914,2026-07-25T17:00:00Z,2026-07-25T19:00:00+0200,5779.1,MW,PT,PT,actual_load,Actual Load,2026-08-08T17:10:43Z
2026-08-08T17:04:37Z,2026-08-08T19:04:37+0200,5520ccc5-4503-4071-9cae-28eeabcf3914,2026-07-25T18:00:00Z,2026-07-25T20:00:00+0200,6157.9,MW,PT,PT,actual_load,Actual Load,2026-08-08T17:10:43Z
2026-08-08T17:04:37Z,2026-08-08T19:04:37+0200,5520ccc5-4503-4071-9cae-28eeabcf3914,2026-07-25T19:00:00Z,2026-07-25T21:00:00+0200,6274.3,MW,PT,PT,actual_load,Actual Load,2026-08-08T17:10:43Z
2026-08-08T17:04:37Z,2026-08-08T19:04:37+0200,5520ccc5-4503-4071-9cae-28eeabcf3914,2026-07-25T20:00:00Z,2026-07-25T22:00:00+0200,6235.4,MW,PT,PT,actual_load,Actual Load,2026-08-08T17:10:43Z
2026-08-08T17:04:37Z,2026-08-08T19:04:37+0200,5520ccc5-4503-4071-9cae-28eeabcf3914,2026-07-25T21:00:00Z,2026-07-25T23:00:00+0200,5922.3,MW,PT,PT,actual_load,Actual Load,2026-08-08T17:10:43Z
2026-08-08T17:04:37Z,2026-08-08T19:04:37+0200,5520ccc5-4503-4071-9cae-28eeabcf3914,2026-07-25T22:00:00Z,2026-07-26T00:00:00+0200,5567.7,MW,PT,PT,actual_load,Actual Load,2026-08-08T17:10:43Z
2026-08-08T17:04:37Z,2026-08-08T19:04:37+0200,5520ccc5-4503-4071-9cae-28eeabcf3914,2026-07-25T23:00:00Z,2026-07-26T01:00:00+0200,5222.6,MW,PT,PT,actual_load,Actual Load,2026-08-08T17:10:43Z
2026-08-08T17:04:37Z,2026-08-08T19:04:37+0200,5520ccc5-4503-4071-9cae-28eeabcf3914,2026-07-26T00:00:00Z,2026-07-26T02:00:00+0200,4951.3,MW,PT,PT,actual_load,Actual Load,2026-08-08T17:10:43Z
2026-08-08T17:04:37Z,2026-08-08T19:04:37+0200,5520ccc5-4503-4071-9cae-28eeabcf3914,2026-07-26T01:00:00Z,2026-07-26T03:00:00+0200,4718.1,MW,PT,PT,actual_load,Actual Load,2026-08-08T17:10:43Z
2026-08-08T17:04:37Z,2026-08-08T19:04:37+0200,5520ccc5-4503-4071-9cae-28eeabcf3914,2026-07-26T02:00:00Z,2026-07-26T04:00:00+0200,4573.2,MW,PT,PT,actual_load,Actual Load,2026-08-08T17:10:43Z
2026-08-08T17:04:37Z,2026-08-08T19:04:37+0200,5520ccc5-4503-4071-9cae-28eeabcf3914,2026-07-26T03:00:00Z,2026-07-26T05:00:00+0200,4458.8,MW,PT,PT,actual_load,Actual Load,2026-08-08T17:10:43Z
2026-08-08T17:04:37Z,2026-08-08T19:04:37+0200,5520ccc5-4503-4071-9cae-28eeabcf3914,2026-07-26T04:00:00Z,2026-07-26T06:00:00+0200,4458.5,MW,PT,PT,actual_load,Actual Load,2026-08-08T17:10:43Z
2026-08-08T17:04:37Z,2026-08-08T19:04:37+0200,5520ccc5-4503-4071-9cae-28eeabcf3914,2026-07-26T05:00:00Z,2026-07-26T07:00:00+0200,4414.1,MW,PT,PT,actual_load,Actual Load,2026-08-08T17:10:43Z
2026-08-08T17:04:37Z,2026-08-08T19:04:37+0200,5520ccc5-4503-4071-9cae-28eeabcf3914,2026-07-26T06:00:00Z,2026-07-26T08:00:00+0200,4494.9,MW,PT,PT,actual_load,Actual Load,2026-08-08T17:10:43Z
2026-08-08T17:04:37Z,2026-08-08T19:04:37+0200,5520ccc5-4503-4071-9cae-28eeabcf3914,2026-07-26T07:00:00Z,2026-07-26T09:00:00+0200,4662.8,MW,PT,PT,actual_load,Actual Load,2026-08-08T17:10:43Z
2026-08-08T17:04:37Z,2026-08-08T19:04:37+0200,5520ccc5-4503-4071-9cae-28eeabcf3914,2026-07-26T08:00:00Z,2026-07-26T10:00:00+0200,4836.8,MW,PT,PT,actual_load,Actual Load,2026-08-08T17:10:43Z
2026-08-08T17:04:37Z,2026-08-08T19:04:37+0200,5520ccc5-4503-4071-9cae-28eeabcf3914,2026-07-26T09:00:00Z,2026-07-26T11:00:00+0200,4945.5,MW,PT,PT,actual_load,Actual Load,2026-08-08T17:10:43Z
2026-08-08T17:04:37Z,2026-08-08T19:04:37+0200,5520ccc5-4503-4071-9cae-28eeabcf3914,2026-07-26T10:00:00Z,2026-07-26T12:00:00+0200,5067.0,MW,PT,PT,actual_load,Actual Load,2026-08-08T17:10:43Z
2026-08-08T17:04:37Z,2026-08-08T19:04:37+0200,5520ccc5-4503-4071-9cae-28eeabcf3914,2026-07-26T11:00:00Z,2026-07-26T13:00:00+0200,5107.0,MW,PT,PT,actual_load,Actual Load,2026-08-08T17:10:43Z
2026-08-08T17:04:37Z,2026-08-08T19:04:37+0200,5520ccc5-4503-4071-9cae-28eeabcf3914,2026-07-26T12:00:00Z,2026-07-26T14:00:00+0200,4925.2,MW,PT,PT,actual_load,Actual Load,2026-08-08T17:10:43Z
2026-08-08T17:04:37Z,2026-08-08T19:04:37+0200,5520ccc5-4503-4071-9cae-28eeabcf3914,2026-07-26T13:00:00Z,2026-07-26T15:00:00+0200,4768.0,MW,PT,PT,actual_load,Actual Load,2026-08-08T17:10:43Z
2026-08-08T17:04:37Z,2026-08-08T19:04:37+0200,5520ccc5-4503-4071-9cae-28eeabcf3914,2026-07-26T14:00:00Z,2026-07-26T16:00:00+0200,4739.5,MW,PT,PT,actual_load,Actual Load,2026-08-08T17:10:43Z
2026-08-08T17:04:37Z,2026-08-08T19:04:37+0200,5520ccc5-4503-4071-9cae-28eeabcf3914,2026-07-26T15:00:00Z,2026-07-26T17:00:00+0200,4842.3,MW,PT,PT,actual_load,Actual Load,2026-08-08T17:10:43Z
2026-08-08T17:04:37Z,2026-08-08T19:04:37+0200,5520ccc5-4503-4071-9cae-28eeabcf3914,2026-07-26T16:00:00Z,2026-07-26T18:00:00+0200,5121.5,MW,PT,PT,actual_load,Actual Load,2026-08-08T17:10:43Z
2026-08-08T17:04:37Z,2026-08-08T19:04:37+0200,5520ccc5-4503-4071-9cae-28eeabcf3914,2026-07-26T17:00:00Z,2026-07-26T19:00:00+0200,5544.6,MW,PT,PT,actual_load,Actual Load,2026-08-08T17:10:43Z
2026-08-08T17:04:37Z,2026-08-08T19:04:37+0200,5520ccc5-4503-4071-9cae-28eeabcf3914,2026-07-26T18:00:00Z,2026-07-26T20:00:00+0200,6028.9,MW,PT,PT,actual_load,Actual Load,2026-08-08T17:10:43Z
2026-08-08T17:04:37Z,2026-08-08T19:04:37+0200,5520ccc5-4503-4071-9cae-28eeabcf3914,2026-07-26T19:00:00Z,2026-07-26T21:00:00+0200,6290.0,MW,PT,PT,actual_load,Actual Load,2026-08-08T17:10:43Z
2026-08-08T17:04:37Z,2026-08-08T19:04:37+0200,5520ccc5-4503-4071-9cae-28eeabcf3914,2026-07-26T20:00:00Z,2026-07-26T22:00:00+0200,6409.8,MW,PT,PT,actual_load,Actual Load,2026-08-08T17:10:43Z
2026-08-08T17:04:37Z,2026-08-08T19:04:37+0200,5520ccc5-4503-4071-9cae-28eeabcf3914,2026-07-26T21:00:00Z,2026-07-26T23:00:00+0200,6081.4,MW,PT,PT,actual_load,Actual Load,2026-08-08T17:10:43Z
2026-08-08T17:04:37Z,2026-08-08T19:04:37+0200,5520ccc5-4503-4071-9cae-28eeabcf3914,2026-07-26T22:00:00Z,2026-07-27T00:00:00+0200,5629.6,MW,PT,PT,actual_load,Actual Load,2026-08-08T17:10:43Z
2026-08-08T17:04:37Z,2026-08-08T19:04:37+0200,5520ccc5-4503-4071-9cae-28eeabcf3914,2026-07-26T23:00:00Z,2026-07-27T01:00:00+0200,5367.4,MW,PT,PT,actual_load,Actual Load,2026-08-08T17:10:43Z
2026-08-08T17:04:37Z,2026-08-08T19:04:37+0200,5520ccc5-4503-4071-9cae-28eeabcf3914,2026-07-27T00:00:00Z,2026-07-27T02:00:00+0200,5078.1,MW,PT,PT,actual_load,Actual Load,2026-08-08T17:10:43Z
2026-08-08T17:04:37Z,2026-08-08T19:04:37+0200,5520ccc5-4503-4071-9cae-28eeabcf3914,2026-07-27T01:00:00Z,2026-07-27T03:00:00+0200,4860.9,MW,PT,PT,actual_load,Actual Load,2026-08-08T17:10:43Z
2026-08-08T17:04:37Z,2026-08-08T19:04:37+0200,5520ccc5-4503-4071-9cae-28eeabcf3914,2026-07-27T02:00:00Z,2026-07-27T04:00:00+0200,4750.5,MW,PT,PT,actual_load,Actual Load,2026-08-08T17:10:43Z
2026-08-08T17:04:37Z,2026-08-08T19:04:37+0200,5520ccc5-4503-4071-9cae-28eeabcf3914,2026-07-27T03:00:00Z,2026-07-27T05:00:00+0200,4709.1,MW,PT,PT,actual_load,Actual Load,2026-08-08T17:10:43Z
2026-08-08T17:04:37Z,2026-08-08T19:04:37+0200,5520ccc5-4503-4071-9cae-28eeabcf3914,2026-07-27T04:00:00Z,2026-07-27T06:00:00+0200,4839.9,MW,PT,PT,actual_load,Actual Load,2026-08-08T17:10:43Z
2026-08-08T17:04:37Z,2026-08-08T19:04:37+0200,5520ccc5-4503-4071-9cae-28eeabcf3914,2026-07-27T05:00:00Z,2026-07-27T07:00:00+0200,5172.5,MW,PT,PT,actual_load,Actual Load,2026-08-08T17:10:43Z
2026-08-08T17:04:37Z,2026-08-08T19:04:37+0200,5520ccc5-4503-4071-9cae-28eeabcf3914,2026-07-27T06:00:00Z,2026-07-27T08:00:00+0200,5641.1,MW,PT,PT,actual_load,Actual Load,2026-08-08T17:10:43Z
2026-08-08T17:04:37Z,2026-08-08T19:04:37+0200,5520ccc5-4503-4071-9cae-28eeabcf3914,2026-07-27T07:00:00Z,2026-07-27T09:00:00+0200,6358.6,MW,PT,PT,actual_load,Actual Load,2026-08-08T17:10:43Z
2026-08-08T17:04:37Z,2026-08-08T19:04:37+0200,5520ccc5-4503-4071-9cae-28eeabcf3914,2026-07-27T08:00:00Z,2026-07-27T10:00:00+0200,6704.9,MW,PT,PT,actual_load,Actual Load,2026-08-08T17:10:43Z
2026-08-08T17:04:37Z,2026-08-08T19:04:37+0200,5520ccc5-4503-4071-9cae-28eeabcf3914,2026-07-27T09:00:00Z,2026-07-27T11:00:00+0200,6735.1,MW,PT,PT,actual_load,Actual Load,2026-08-08T17:10:43Z
2026-08-08T17:04:37Z,2026-08-08T19:04:37+0200,5520ccc5-4503-4071-9cae-28eeabcf3914,2026-07-27T10:00:00Z,2026-07-27T12:00:00+0200,6832.6,MW,PT,PT,actual_load,Actual Load,2026-08-08T17:10:43Z
2026-08-08T17:04:37Z,2026-08-08T19:04:37+0200,5520ccc5-4503-4071-9cae-28eeabcf3914,2026-07-27T11:00:00Z,2026-07-27T13:00:00+0200,6778.2,MW,PT,PT,actual_load,Actual Load,2026-08-08T17:10:43Z
2026-08-08T17:04:37Z,2026-08-08T19:04:37+0200,5520ccc5-4503-4071-9cae-28eeabcf3914,2026-07-27T12:00:00Z,2026-07-27T14:00:00+0200,6718.1,MW,PT,PT,actual_load,Actual Load,2026-08-08T17:10:43Z
2026-08-08T17:04:37Z,2026-08-08T19:04:37+0200,5520ccc5-4503-4071-9cae-28eeabcf3914,2026-07-27T13:00:00Z,2026-07-27T15:00:00+0200,6893.9,MW,PT,PT,actual_load,Actual Load,2026-08-08T17:10:43Z
2026-08-08T17:04:37Z,2026-08-08T19:04:37+0200,5520ccc5-4503-4071-9cae-28eeabcf3914,2026-07-27T14:00:00Z,2026-07-27T16:00:00+0200,6983.3,MW,PT,PT,actual_load,Actual Load,2026-08-08T17:10:43Z
2026-08-08T17:04:37Z,2026-08-08T19:04:37+0200,5520ccc5-4503-4071-9cae-28eeabcf3914,2026-07-27T15:00:00Z,2026-07-27T17:00:00+0200,7099.8,MW,PT,PT,actual_load,Actual Load,2026-08-08T17:10:43Z
2026-08-08T17:04:37Z,2026-08-08T19:04:37+0200,5520ccc5-4503-4071-9cae-28eeabcf3914,2026-07-27T16:00:00Z,2026-07-27T18:00:00+0200,7195.8,MW,PT,PT,actual_load,Actual Load,2026-08-08T17:10:43Z
2026-08-08T17:04:37Z,2026-08-08T19:04:37+0200,5520ccc5-4503-4071-9cae-28eeabcf3914,2026-07-27T17:00:00Z,2026-07-27T19:00:00+0200,7308.7,MW,PT,PT,actual_load,Actual Load,2026-08-08T17:10:43Z
2026-08-08T17:04:37Z,2026-08-08T19:04:37+0200,5520ccc5-4503-4071-9cae-28eeabcf3914,2026-07-27T18:00:00Z,2026-07-27T20:00:00+0200,7686.9,MW,PT,PT,actual_load,Actual Load,2026-08-08T17:10:43Z
2026-08-08T17:04:37Z,2026-08-08T19:04:37+0200,5520ccc5-4503-4071-9cae-28eeabcf3914,2026-07-27T19:00:00Z,2026-07-27T21:00:00+0200,7785.7,MW,PT,PT,actual_load,Actual Load,2026-08-08T17:10:43Z
2026-08-08T17:04:37Z,2026-08-08T19:04:37+0200,5520ccc5-4503-4071-9cae-28eeabcf3914,2026-07-27T20:00:00Z,2026-07-27T22:00:00+0200,7630.0,MW,PT,PT,actual_load,Actual Load,2026-08-08T17:10:43Z
2026-08-08T17:04:37Z,2026-08-08T19:04:37+0200,5520ccc5-4503-4071-9cae-28eeabcf3914,2026-07-27T21:00:00Z,2026-07-27T23:00:00+0200,7100.0,MW,PT,PT,actual_load,Actual Load,2026-08-08T17:10:43Z
2026-08-08T17:04:37Z,2026-08-08T19:04:37+0200,5520ccc5-4503-4071-9cae-28eeabcf3914,2026-07-27T22:00:00Z,2026-07-28T00:00:00+0200,6497.3,MW,PT,PT,actual_load,Actual Load,2026-08-08T17:10:43Z
2026-08-08T17:04:37Z,2026-08-08T19:04:37+0200,5520ccc5-4503-4071-9cae-28eeabcf3914,2026-07-27T23:00:00Z,2026-07-28T01:00:00+0200,6009.3,MW,PT,PT,actual_load,Actual Load,2026-08-08T17:10:43Z
2026-08-08T17:04:37Z,2026-08-08T19:04:37+0200,5520ccc5-4503-4071-9cae-28eeabcf3914,2026-07-28T00:00:00Z,2026-07-28T02:00:00+0200,5609.9,MW,PT,PT,actual_load,Actual Load,2026-08-08T17:10:43Z
2026-08-08T17:04:37Z,2026-08-08T19:04:37+0200,5520ccc5-4503-4071-9cae-28eeabcf3914,2026-07-28T01:00:00Z,2026-07-28T03:00:00+0200,5344.1,MW,PT,PT,actual_load,Actual Load,2026-08-08T17:10:43Z
2026-08-08T17:04:37Z,2026-08-08T19:04:37+0200,5520ccc5-4503-4071-9cae-28eeabcf3914,2026-07-28T02:00:00Z,2026-07-28T04:00:00+0200,5211.0,MW,PT,PT,actual_load,Actual Load,2026-08-08T17:10:43Z
2026-08-08T17:04:37Z,2026-08-08T19:04:37+0200,5520ccc5-4503-4071-9cae-28eeabcf3914,2026-07-28T03:00:00Z,2026-07-28T05:00:00+0200,5195.0,MW,PT,PT,actual_load,Actual Load,2026-08-08T17:10:43Z
2026-08-08T17:04:37Z,2026-08-08T19:04:37+0200,5520ccc5-4503-4071-9cae-28eeabcf3914,2026-07-28T04:00:00Z,2026-07-28T06:00:00+0200,5251.1,MW,PT,PT,actual_load,Actual Load,2026-08-08T17:10:43Z
2026-08-08T17:04:37Z,2026-08-08T19:04:37+0200,5520ccc5-4503-4071-9cae-28eeabcf3914,2026-07-28T05:00:00Z,2026-07-28T07:00:00+0200,5515.7,MW,PT,PT,actual_load,Actual Load,2026-08-08T17:10:43Z
2026-08-08T17:04:37Z,2026-08-08T19:04:37+0200,5520ccc5-4503-4071-9cae-28eeabcf3914,2026-07-28T06:00:00Z,2026-07-28T08:00:00+0200,5987.6,MW,PT,PT,actual_load,Actual Load,2026-08-08T17:10:43Z
2026-08-08T17:04:37Z,2026-08-08T19:04:37+0200,5520ccc5-4503-4071-9cae-28eeabcf3914,2026-07-28T07:00:00Z,2026-07-28T09:00:00+0200,6763.7,MW,PT,PT,actual_load,Actual Load,2026-08-08T17:10:43Z
2026-08-08T17:04:37Z,2026-08-08T19:04:37+0200,5520ccc5-4503-4071-9cae-28eeabcf3914,2026-07-28T08:00:00Z,2026-07-28T10:00:00+0200,7035.7,MW,PT,PT,actual_load,Actual Load,2026-08-08T17:10:43Z
2026-08-08T17:04:37Z,2026-08-08T19:04:37+0200,5520ccc5-4503-4071-9cae-28eeabcf3914,2026-07-28T09:00:00Z,2026-07-28T11:00:00+0200,6950.7,MW,PT,PT,actual_load,Actual Load,2026-08-08T17:10:43Z
2026-08-08T17:04:37Z,2026-08-08T19:04:37+0200,5520ccc5-4503-4071-9cae-28eeabcf3914,2026-07-28T10:00:00Z,2026-07-28T12:00:00+0200,6992.5,MW,PT,PT,actual_load,Actual Load,2026-08-08T17:10:43Z
2026-08-08T17:04:37Z,2026-08-08T19:04:37+0200,5520ccc5-4503-4071-9cae-28eeabcf3914,2026-07-28T11:00:00Z,2026-07-28T13:00:00+0200,6923.8,MW,PT,PT,actual_load,Actual Load,2026-08-08T17:10:43Z
2026-08-08T17:04:37Z,2026-08-08T19:04:37+0200,5520ccc5-4503-4071-9cae-28eeabcf3914,2026-07-28T12:00:00Z,2026-07-28T14:00:00+0200,6849.8,MW,PT,PT,actual_load,Actual Load,2026-08-08T17:10:43Z
2026-08-08T17:04:37Z,2026-08-08T19:04:37+0200,5520ccc5-4503-4071-9cae-28eeabcf3914,2026-07-28T13:00:00Z,2026-07-28T15:00:00+0200,6991.3,MW,PT,PT,actual_load,Actual Load,2026-08-08T17:10:43Z
2026-08-08T17:04:37Z,2026-08-08T19:04:37+0200,5520ccc5-4503-4071-9cae-28eeabcf3914,2026-07-28T14:00:00Z,2026-07-28T16:00:00+0200,7010.5,MW,PT,PT,actual_load,Actual Load,2026-08-08T17:10:43Z
2026-08-08T17:04:37Z,2026-08-08T19:04:37+0200,5520ccc5-4503-4071-9cae-28eeabcf3914,2026-07-28T15:00:00Z,2026-07-28T17:00:00+0200,7070.1,MW,PT,PT,actual_load,Actual Load,2026-08-08T17:10:43Z
2026-08-08T17:04:37Z,2026-08-08T19:04:37+0200,5520ccc5-4503-4071-9cae-28eeabcf3914,2026-07-28T16:00:00Z,2026-07-28T18:00:00+0200,7074.1,MW,PT,PT,actual_load,Actual Load,2026-08-08T17:10:43Z
2026-08-08T17:04:37Z,2026-08-08T19:04:37+0200,5520ccc5-4503-4071-9cae-28eeabcf3914,2026-07-28T17:00:00Z,2026-07-28T19:00:00+0200,7266.2,MW,PT,PT,actual_load,Actual Load,2026-08-08T17:10:43Z
2026-08-08T17:04:37Z,2026-08-08T19:04:37+0200,5520ccc5-4503-4071-9cae-28eeabcf3914,2026-07-28T18:00:00Z,2026-07-28T20:00:00+0200,7676.0,MW,PT,PT,actual_load,Actual Load,2026-08-08T17:10:43Z
2026-08-08T17:04:37Z,2026-08-08T19:04:37+0200,5520ccc5-4503-4071-9cae-28eeabcf3914,2026-07-28T19:00:00Z,2026-07-28T21:00:00+0200,7743.9,MW,PT,PT,actual_load,Actual Load,2026-08-08T17:10:43Z
2026-08-08T17:04:37Z,2026-08-08T19:04:37+0200,5520ccc5-4503-4071-9cae-28eeabcf3914,2026-07-28T20:00:00Z,2026-07-28T22:00:00+0200,7587.4,MW,PT,PT,actual_load,Actual Load,2026-08-08T17:10:43Z
2026-08-08T17:04:37Z,2026-08-08T19:04:37+0200,5520ccc5-4503-4071-9cae-28eeabcf3914,2026-07-28T21:00:00Z,2026-07-28T23:00:00+0200,7085.3,MW,PT,PT,actual_load,Actual Load,2026-08-08T17:10:43Z
2026-08-08T17:04:37Z,2026-08-08T19:04:37+0200,5520ccc5-4503-4071-9cae-28eeabcf3914,2026-07-28T22:00:00Z,2026-07-29T00:00:00+0200,6457.0,MW,PT,PT,actual_load,Actual Load,2026-08-08T17:10:43Z
2026-08-08T17:04:37Z,2026-08-08T19:04:37+0200,5520ccc5-4503-4071-9cae-28eeabcf3914,2026-07-28T23:00:00Z,2026-07-29T01:00:00+0200,5973.2,MW,PT,PT,actual_load,Actual Load,2026-08-08T17:10:43Z
2026-08-08T17:04:37Z,2026-08-08T19:04:37+0200,5520ccc5-4503-4071-9cae-28eeabcf3914,2026-07-29T00:00:00Z,2026-07-29T02:00:00+0200,5618.2,MW,PT,PT,actual_load,Actual Load,2026-08-08T17:10:43Z
2026-08-08T17:04:37Z,2026-08-08T19:04:37+0200,5520ccc5-4503-4071-9cae-28eeabcf3914,2026-07-29T01:00:00Z,2026-07-29T03:00:00+0200,5349.1,MW,PT,PT,actual_load,Actual Load,2026-08-08T17:10:43Z
2026-08-08T17:04:37Z,2026-08-08T19:04:37+0200,5520ccc5-4503-4071-9cae-28eeabcf3914,2026-07-29T02:00:00Z,2026-07-29T04:00:00+0200,5221.5,MW,PT,PT,actual_load,Actual Load,2026-08-08T17:10:43Z
2026-08-08T17:04:37Z,2026-08-08T19:04:37+0200,5520ccc5-4503-4071-9cae-28eeabcf3914,2026-07-29T03:00:00Z,2026-07-29T05:00:00+0200,5200.1,MW,PT,PT,actual_load,Actual Load,2026-08-08T17:10:43Z
2026-08-08T17:04:37Z,2026-08-08T19:04:37+0200,5520ccc5-4503-4071-9cae-28eeabcf3914,2026-07-29T04:00:00Z,2026-07-29T06:00:00+0200,5291.9,MW,PT,PT,actual_load,Actual Load,2026-08-08T17:10:43Z
2026-08-08T17:04:37Z,2026-08-08T19:04:37+0200,5520ccc5-4503-4071-9cae-28eeabcf3914,2026-07-29T05:00:00Z,2026-07-29T07:00:00+0200,5565.5,MW,PT,PT,actual_load,Actual Load,2026-08-08T17:10:43Z
2026-08-08T17:04:37Z,2026-08-08T19:04:37+0200,5520ccc5-4503-4071-9cae-28eeabcf3914,2026-07-29T06:00:00Z,2026-07-29T08:00:00+0200,6060.9,MW,PT,PT,actual_load,Actual Load,2026-08-08T17:10:43Z
2026-08-08T17:04:37Z,2026-08-08T19:04:37+0200,5520ccc5-4503-4071-9cae-28eeabcf3914,2026-07-29T07:00:00Z,2026-07-29T09:00:00+0200,6862.6,MW,PT,PT,actual_load,Actual Load,2026-08-08T17:10:43Z
2026-08-08T17:04:37Z,2026-08-08T19:04:37+0200,5520ccc5-4503-4071-9cae-28eeabcf3914,2026-07-29T08:00:00Z,2026-07-29T10:00:00+0200,7166.7,MW,PT,PT,actual_load,Actual Load,2026-08-08T17:10:43Z
2026-08-08T17:04:37Z,2026-08-08T19:04:37+0200,5520ccc5-4503-4071-9cae-28eeabcf3914,2026-07-29T09:00:00Z,2026-07-29T11:00:00+0200,7004.8,MW,PT,PT,actual_load,Actual Load,2026-08-08T17:10:43Z
2026-08-08T17:04:37Z,2026-08-08T19:04:37+0200,5520ccc5-4503-4071-9cae-28eeabcf3914,2026-07-29T10:00:00Z,2026-07-29T12:00:00+0200,6853.6,MW,PT,PT,actual_load,Actual Load,2026-08-08T17:10:43Z
2026-08-08T17:04:37Z,2026-08-08T19:04:37+0200,5520ccc5-4503-4071-9cae-28eeabcf3914,2026-07-29T11:00:00Z,2026-07-29T13:00:00+0200,6666.6,MW,PT,PT,actual_load,Actual Load,2026-08-08T17:10:43Z
2026-08-08T17:04:37Z,2026-08-08T19:04:37+0200,5520ccc5-4503-4071-9cae-28eeabcf3914,2026-07-29T12:00:00Z,2026-07-29T14:00:00+0200,6518.1,MW,PT,PT,actual_load,Actual Load,2026-08-08T17:10:43Z
2026-08-08T17:04:37Z,2026-08-08T19:04:37+0200,5520ccc5-4503-4071-9cae-28eeabcf3914,2026-07-29T13:00:00Z,2026-07-29T15:00:00+0200,6663.8,MW,PT,PT,actual_load,Actual Load,2026-08-08T17:10:43Z
2026-08-08T17:04:37Z,2026-08-08T19:04:37+0200,5520ccc5-4503-4071-9cae-28eeabcf3914,2026-07-29T14:00:00Z,2026-07-29T16:00:00+0200,6757.5,MW,PT,PT,actual_load,Actual Load,2026-08-08T17:10:43Z
2026-08-08T17:04:37Z,2026-08-08T19:04:37+0200,5520ccc5-4503-4071-9cae-28eeabcf3914,2026-07-29T15:00:00Z,2026-07-29T17:00:00+0200,6912.5,MW,PT,PT,actual_load,Actual Load,2026-08-08T17:10:43Z
2026-08-08T17:04:37Z,2026-08-08T19:04:37+0200,5520ccc5-4503-4071-9cae-28eeabcf3914,2026-07-29T16:00:00Z,2026-07-29T18:00:00+0200,7009.8,MW,PT,PT,actual_load,Actual Load,2026-08-08T17:10:43Z
2026-08-08T17:04:37Z,2026-08-08T19:04:37+0200,5520ccc5-4503-4071-9cae-28eeabcf3914,2026-07-29T17:00:00Z,2026-07-29T19:00:00+0200,7218.1,MW,PT,PT,actual_load,Actual Load,2026-08-08T17:10:43Z
2026-08-08T17:04:37Z,2026-08-08T19:04:37+0200,5520ccc5-4503-4071-9cae-28eeabcf3914,2026-07-29T18:00:00Z,2026-07-29T20:00:00+0200,7497.8,MW,PT,PT,actual_load,Actual Load,2026-08-08T17:10:43Z
2026-08-08T17:04:37Z,2026-08-08T19:04:37+0200,5520ccc5-4503-4071-9cae-28eeabcf3914,2026-07-29T19:00:00Z,2026-07-29T21:00:00+0200,7536.6,MW,PT,PT,actual_load,Actual Load,2026-08-08T17:10:43Z
2026-08-08T17:04:37Z,2026-08-08T19:04:37+0200,5520ccc5-4503-4071-9cae-28eeabcf3914,2026-07-29T20:00:00Z,2026-07-29T22:00:00+0200,7463.4,MW,PT,PT,actual_load,Actual Load,2026-08-08T17:10:43Z
2026-08-08T17:04:37Z,2026-08-08T19:04:37+0200,5520ccc5-4503-4071-9cae-28eeabcf3914,2026-07-29T21:00:00Z,2026-07-29T23:00:00+0200,7029.8,MW,PT,PT,actual_load,Actual Load,2026-08-08T17:10:43Z
2026-08-08T17:04:37Z,2026-08-08T19:04:37+0200,5520ccc5-4503-4071-9cae-28eeabcf3914,2026-07-29T22:00:00Z,2026-07-30T00:00:00+0200,6378.6,MW,PT,PT,actual_load,Actual Load,2026-08-08T17:10:43Z
2026-08-08T17:04:37Z,2026-08-08T19:04:37+0200,5520ccc5-4503-4071-9cae-28eeabcf3914,2026-07-29T23:00:00Z,2026-07-30T01:00:00+0200,5892.1,MW,PT,PT,actual_load,Actual Load,2026-08-08T17:10:43Z
2026-08-08T17:04:37Z,2026-08-08T19:04:37+0200,5520ccc5-4503-4071-9cae-28eeabcf3914,2026-07-30T00:00:00Z,2026-07-30T02:00:00+0200,5548.5,MW,PT,PT,actual_load,Actual Load,2026-08-08T17:10:43Z
2026-08-08T17:04:37Z,2026-08-08T19:04:37+0200,5520ccc5-4503-4071-9cae-28eeabcf3914,2026-07-30T01:00:00Z,2026-07-30T03:00:00+0200,5313.0,MW,PT,PT,actual_load,Actual Load,2026-08-08T17:10:43Z
2026-08-08T17:04:37Z,2026-08-08T19:04:37+0200,5520ccc5-4503-4071-9cae-28eeabcf3914,2026-07-30T02:00:00Z,2026-07-30T04:00:00+0200,5165.4,MW,PT,PT,actual_load,Actual Load,2026-08-08T17:10:43Z
2026-08-08T17:04:37Z,2026-08-08T19:04:37+0200,5520ccc5-4503-4071-9cae-28eeabcf3914,2026-07-30T03:00:00Z,2026-07-30T05:00:00+0200,5127.3,MW,PT,PT,actual_load,Actual Load,2026-08-08T17:10:43Z
2026-08-08T17:04:37Z,2026-08-08T19:04:37+0200,5520ccc5-4503-4071-9cae-28eeabcf3914,2026-07-30T04:00:00Z,2026-07-30T06:00:00+0200,5258.4,MW,PT,PT,actual_load,Actual Load,2026-08-08T17:10:43Z
2026-08-08T17:04:37Z,2026-08-08T19:04:37+0200,5520ccc5-4503-4071-9cae-28eeabcf3914,2026-07-30T05:00:00Z,2026-07-30T07:00:00+0200,5515.6,MW,PT,PT,actual_load,Actual Load,2026-08-08T17:10:43Z
2026-08-08T17:04:37Z,2026-08-08T19:04:37+0200,5520ccc5-4503-4071-9cae-28eeabcf3914,2026-07-30T06:00:00Z,2026-07-30T08:00:00+0200,5988.1,MW,PT,PT,actual_load,Actual Load,2026-08-08T17:10:43Z
2026-08-08T17:04:37Z,2026-08-08T19:04:37+0200,5520ccc5-4503-4071-9cae-28eeabcf3914,2026-07-30T07:00:00Z,2026-07-30T09:00:00+0200,6602.9,MW,PT,PT,actual_load,Actual Load,2026-08-08T17:10:43Z
2026-08-08T17:04:37Z,2026-08-08T19:04:37+0200,5520ccc5-4503-4071-9cae-28eeabcf3914,2026-07-30T08:00:00Z,2026-07-30T10:00:00+0200,6869.2,MW,PT,PT,actual_load,Actual Load,2026-08-08T17:10:43Z
2026-08-08T17:04:37Z,2026-08-08T19:04:37+0200,5520ccc5-4503-4071-9cae-28eeabcf3914,2026-07-30T09:00:00Z,2026-07-30T11:00:00+0200,6723.3,MW,PT,PT,actual_load,Actual Load,2026-08-08T17:10:43Z
2026-08-08T17:04:37Z,2026-08-08T19:04:37+0200,5520ccc5-4503-4071-9cae-28eeabcf3914,2026-07-30T10:00:00Z,2026-07-30T12:00:00+0200,6751.4,MW,PT,PT,actual_load,Actual Load,2026-08-08T17:10:43Z
2026-08-08T17:04:37Z,2026-08-08T19:04:37+0200,5520ccc5-4503-4071-9cae-28eeabcf3914,2026-07-30T11:00:00Z,2026-07-30T13:00:00+0200,6581.9,MW,PT,PT,actual_load,Actual Load,2026-08-08T17:10:43Z
2026-08-08T17:04:37Z,2026-08-08T19:04:37+0200,5520ccc5-4503-4071-9cae-28eeabcf3914,2026-07-30T12:00:00Z,2026-07-30T14:00:00+0200,6477.3,MW,PT,PT,actual_load,Actual Load,2026-08-08T17:10:43Z
2026-08-08T17:04:37Z,2026-08-08T19:04:37+0200,5520ccc5-4503-4071-9cae-28eeabcf3914,2026-07-30T13:00:00Z,2026-07-30T15:00:00+0200,6595.7,MW,PT,PT,actual_load,Actual Load,2026-08-08T17:10:43Z
2026-08-08T17:04:37Z,2026-08-08T19:04:37+0200,5520ccc5-4503-4071-9cae-28eeabcf3914,2026-07-30T14:00:00Z,2026-07-30T16:00:00+0200,6581.6,MW,PT,PT,actual_load,Actual Load,2026-08-08T17:10:43Z
2026-08-08T17:04:37Z,2026-08-08T19:04:37+0200,5520ccc5-4503-4071-9cae-28eeabcf3914,2026-07-30T15:00:00Z,2026-07-30T17:00:00+0200,6701.7,MW,PT,PT,actual_load,Actual Load,2026-08-08T17:10:43Z
2026-08-08T17:04:37Z,2026-08-08T19:04:37+0200,5520ccc5-4503-4071-9cae-28eeabcf3914,2026-07-30T16:00:00Z,2026-07-30T18:00:00+0200,6800.0,MW,PT,PT,actual_load,Actual Load,2026-08-08T17:10:43Z
2026-08-08T17:04:37Z,2026-08-08T19:04:37+0200,5520ccc5-4503-4071-9cae-28eeabcf3914,2026-07-30T17:00:00Z,2026-07-30T19:00:00+0200,7009.5,MW,PT,PT,actual_load,Actual Load,2026-08-08T17:10:43Z
2026-08-08T17:04:37Z,2026-08-08T19:04:37+0200,5520ccc5-4503-4071-9cae-28eeabcf3914,2026-07-30T18:00:00Z,2026-07-30T20:00:00+0200,7395.0,MW,PT,PT,actual_load,Actual Load,2026-08-08T17:10:43Z
2026-08-08T17:04:37Z,2026-08-08T19:04:37+0200,5520ccc5-4503-4071-9cae-28eeabcf3914,2026-07-30T19:00:00Z,2026-07-30T21:00:00+0200,7464.9,MW,PT,PT,actual_load,Actual Load,2026-08-08T17:10:43Z
2026-08-08T17:04:37Z,2026-08-08T19:04:37+0200,5520ccc5-4503-4071-9cae-28eeabcf3914,2026-07-30T20:00:00Z,2026-07-30T22:00:00+0200,7391.0,MW,PT,PT,actual_load,Actual Load,2026-08-08T17:10:43Z
2026-08-08T17:04:37Z,2026-08-08T19:04:37+0200,5520ccc5-4503-4071-9cae-28eeabcf3914,2026-07-30T21:00:00Z,2026-07-30T23:00:00+0200,6931.5,MW,PT,PT,actual_load,Actual Load,2026-08-08T17:10:43Z
2026-08-08T17:04:37Z,2026-08-08T19:04:37+0200,5520ccc5-4503-4071-9cae-28eeabcf3914,2026-07-30T22:00:00Z,2026-07-31T00:00:00+0200,6344.9,MW,PT,PT,actual_load,Actual Load,2026-08-08T17:10:43Z
2026-08-08T17:04:37Z,2026-08-08T19:04:37+0200,5520ccc5-4503-4071-9cae-28eeabcf3914,2026-07-30T23:00:00Z,2026-07-31T01:00:00+0200,5880.5,MW,PT,PT,actual_load,Actual Load,2026-08-08T17:10:43Z
2026-08-08T17:04:37Z,2026-08-08T19:04:37+0200,5520ccc5-4503-4071-9cae-28eeabcf3914,2026-07-31T00:00:00Z,2026-07-31T02:00:00+0200,5539.1,MW,PT,PT,actual_load,Actual Load,2026-08-08T17:10:43Z
2026-08-08T17:04:37Z,2026-08-08T19:04:37+0200,5520ccc5-4503-4071-9cae-28eeabcf3914,2026-07-31T01:00:00Z,2026-07-31T03:00:00+0200,5309.8,MW,PT,PT,actual_load,Actual Load,2026-08-08T17:10:43Z
2026-08-08T17:04:37Z,2026-08-08T19:04:37+0200,5520ccc5-4503-4071-9cae-28eeabcf3914,2026-07-31T02:00:00Z,2026-07-31T04:00:00+0200,5153.5,MW,PT,PT,actual_load,Actual Load,2026-08-08T17:10:43Z
2026-08-08T17:04:37Z,2026-08-08T19:04:37+0200,5520ccc5-4503-4071-9cae-28eeabcf3914,2026-07-31T03:00:00Z,2026-07-31T05:00:00+0200,5078.8,MW,PT,PT,actual_load,Actual Load,2026-08-08T17:10:43Z
2026-08-08T17:04:37Z,2026-08-08T19:04:37+0200,5520ccc5-4503-4071-9cae-28eeabcf3914,2026-07-31T04:00:00Z,2026-07-31T06:00:00+0200,5162.7,MW,PT,PT,actual_load,Actual Load,2026-08-08T17:10:43Z
2026-08-08T17:04:37Z,2026-08-08T19:04:37+0200,5520ccc5-4503-4071-9cae-28eeabcf3914,2026-07-31T05:00:00Z,2026-07-31T07:00:00+0200,5413.0,MW,PT,PT,actual_load,Actual Load,2026-08-08T17:10:43Z
2026-08-08T17:04:37Z,2026-08-08T19:04:37+0200,5520ccc5-4503-4071-9cae-28eeabcf3914,2026-07-31T06:00:00Z,2026-07-31T08:00:00+0200,5855.4,MW,PT,PT,actual_load,Actual Load,2026-08-08T17:10:43Z
2026-08-08T17:04:37Z,2026-08-08T19:04:37+0200,5520ccc5-4503-4071-9cae-28eeabcf3914,2026-07-31T07:00:00Z,2026-07-31T09:00:00+0200,6559.1,MW,PT,PT,actual_load,Actual Load,2026-08-08T17:10:43Z
2026-08-08T17:04:37Z,2026-08-08T19:04:37+0200,5520ccc5-4503-4071-9cae-28eeabcf3914,2026-07-31T08:00:00Z,2026-07-31T10:00:00+0200,6838.3,MW,PT,PT,actual_load,Actual Load,2026-08-08T17:10:43Z
2026-08-08T17:04:37Z,2026-08-08T19:04:37+0200,5520ccc5-4503-4071-9cae-28eeabcf3914,2026-07-31T09:00:00Z,2026-07-31T11:00:00+0200,6786.7,MW,PT,PT,actual_load,Actual Load,2026-08-08T17:10:43Z
2026-08-08T17:04:37Z,2026-08-08T19:04:37+0200,5520ccc5-4503-4071-9cae-28eeabcf3914,2026-07-31T10:00:00Z,2026-07-31T12:00:00+0200,6760.6,MW,PT,PT,actual_load,Actual Load,2026-08-08T17:10:43Z
2026-08-08T17:04:37Z,2026-08-08T19:04:37+0200,5520ccc5-4503-4071-9cae-28eeabcf3914,2026-07-31T11:00:00Z,2026-07-31T13:00:00+0200,6553.2,MW,PT,PT,actual_load,Actual Load,2026-08-08T17:10:43Z
2026-08-08T17:04:37Z,2026-08-08T19:04:37+0200,5520ccc5-4503-4071-9cae-28eeabcf3914,2026-07-31T12:00:00Z,2026-07-31T14:00:00+0200,6424.1,MW,PT,PT,actual_load,Actual Load,2026-08-08T17:10:43Z
2026-08-08T17:04:37Z,2026-08-08T19:04:37+0200,5520ccc5-4503-4071-9cae-28eeabcf3914,2026-07-31T13:00:00Z,2026-07-31T15:00:00+0200,6574.9,MW,PT,PT,actual_load,Actual Load,2026-08-08T17:10:43Z
2026-08-08T17:04:37Z,2026-08-08T19:04:37+0200,5520ccc5-4503-4071-9cae-28eeabcf3914,2026-07-31T14:00:00Z,2026-07-31T16:00:00+0200,6632.9,MW,PT,PT,actual_load,Actual Load,2026-08-08T17:10:43Z
2026-08-08T17:04:37Z,2026-08-08T19:04:37+0200,5520ccc5-4503-4071-9cae-28eeabcf3914,2026-07-31T15:00:00Z,2026-07-31T17:00:00+0200,6666.0,MW,PT,PT,actual_load,Actual Load,2026-08-08T17:10:43Z
2026-08-08T17:04:37Z,2026-08-08T19:04:37+0200,5520ccc5-4503-4071-9cae-28eeabcf3914,2026-07-31T16:00:00Z,2026-07-31T18:00:00+0200,6701.1,MW,PT,PT,actual_load,Actual Load,2026-08-08T17:10:43Z
2026-08-08T17:04:37Z,2026-08-08T19:04:37+0200,5520ccc5-4503-4071-9cae-28eeabcf3914,2026-07-31T17:00:00Z,2026-07-31T19:00:00+0200,6896.6,MW,PT,PT,actual_load,Actual Load,2026-08-08T17:10:43Z
2026-08-08T17:04:37Z,2026-08-08T19:04:37+0200,5520ccc5-4503-4071-9cae-28eeabcf3914,2026-07-31T18:00:00Z,2026-07-31T20:00:00+0200,7276.5,MW,PT,PT,actual_load,Actual Load,2026-08-08T17:10:43Z
2026-08-08T17:04:37Z,2026-08-08T19:04:37+0200,5520ccc5-4503-4071-9cae-28eeabcf3914,2026-07-31T19:00:00Z,2026-07-31T21:00:00+0200,7390.0,MW,PT,PT,actual_load,Actual Load,2026-08-08T17:10:43Z
2026-08-08T17:04:37Z,2026-08-08T19:04:37+0200,5520ccc5-4503-4071-9cae-28eeabcf3914,2026-07-31T20:00:00Z,2026-07-31T22:00:00+0200,7246.9,MW,PT,PT,actual_load,Actual Load,2026-08-08T17:10:43Z
2026-08-08T17:04:37Z,2026-08-08T19:04:37+0200,5520ccc5-4503-4071-9cae-28eeabcf3914,2026-07-31T21:00:00Z,2026-07-31T23:00:00+0200,6782.1,MW,PT,PT,actual_load,Actual Load,2026-08-08T17:10:43Z
2026-08-08T17:04:37Z,2026-08-08T19:04:37+0200,5520ccc5-4503-4071-9cae-28eeabcf3914,2026-07-31T22:00:00Z,2026-08-01T00:00:00+0200,6301.2,MW,PT,PT,actual_load,Actual Load,2026-08-08T17:10:43Z
2026-08-08T17:04:37Z,2026-08-08T19:04:37+0200,5520ccc5-4503-4071-9cae-28eeabcf3914,2026-07-31T23:00:00Z,2026-08-01T01:00:00+0200,5938.0,MW,PT,PT,actual_load,Actual Load,2026-08-08T17:10:43Z
2026-08-08T17:04:37Z,2026-08-08T19:04:37+0200,5520ccc5-4503-4071-9cae-28eeabcf3914,2026-08-01T00:00:00Z,2026-08-01T02:00:00+0200,5600.8,MW,PT,PT,actual_load,Actual Load,2026-08-08T17:10:43Z
2026-08-08T17:04:37Z,2026-08-08T19:04:37+0200,5520ccc5-4503-4071-9cae-28eeabcf3914,2026-08-01T01:00:00Z,2026-08-01T03:00:00+0200,5333.3,MW,PT,PT,actual_load,Actual Load,2026-08-08T17:10:43Z
2026-08-08T17:04:37Z,2026-08-08T19:04:37+0200,5520ccc5-4503-4071-9cae-28eeabcf3914,2026-08-01T02:00:00Z,2026-08-01T04:00:00+0200,5158.4,MW,PT,PT,actual_load,Actual Load,2026-08-08T17:10:43Z
2026-08-08T17:04:37Z,2026-08-08T19:04:37+0200,5520ccc5-4503-4071-9cae-28eeabcf3914,2026-08-01T03:00:00Z,2026-08-01T05:00:00+0200,5056.1,MW,PT,PT,actual_load,Actual Load,2026-08-08T17:10:43Z
2026-08-08T17:04:37Z,2026-08-08T19:04:37+0200,5520ccc5-4503-4071-9cae-28eeabcf3914,2026-08-01T04:00:00Z,2026-08-01T06:00:00+0200,5021.3,MW,PT,PT,actual_load,Actual Load,2026-08-08T17:10:43Z
2026-08-08T17:04:37Z,2026-08-08T19:04:37+0200,5520ccc5-4503-4071-9cae-28eeabcf3914,2026-08-01T05:00:00Z,2026-08-01T07:00:00+0200,5060.6,MW,PT,PT,actual_load,Actual Load,2026-08-08T17:10:43Z
2026-08-08T17:04:37Z,2026-08-08T19:04:37+0200,5520ccc5-4503-4071-9cae-28eeabcf3914,2026-08-01T06:00:00Z,2026-08-01T08:00:00+0200,5160.5,MW,PT,PT,actual_load,Actual Load,2026-08-08T17:10:43Z
2026-08-08T17:04:37Z,2026-08-08T19:04:37+0200,5520ccc5-4503-4071-9cae-28eeabcf3914,2026-08-01T07:00:00Z,2026-08-01T09:00:00+0200,5359.7,MW,PT,PT,actual_load,Actual Load,2026-08-08T17:10:43Z
2026-08-08T17:04:37Z,2026-08-08T19:04:37+0200,5520ccc5-4503-4071-9cae-28eeabcf3914,2026-08-01T08:00:00Z,2026-08-01T10:00:00+0200,5545.3,MW,PT,PT,actual_load,Actual Load,2026-08-08T17:10:43Z
2026-08-08T17:04:37Z,2026-08-08T19:04:37+0200,5520ccc5-4503-4071-9cae-28eeabcf3914,2026-08-01T09:00:00Z,2026-08-01T11:00:00+0200,5675.8,MW,PT,PT,actual_load,Actual Load,2026-08-08T17:10:43Z
2026-08-08T17:04:37Z,2026-08-08T19:04:37+0200,5520ccc5-4503-4071-9cae-28eeabcf3914,2026-08-01T10:00:00Z,2026-08-01T12:00:00+0200,5733.5,MW,PT,PT,actual_load,Actual Load,2026-08-08T17:10:43Z
2026-08-08T17:04:37Z,2026-08-08T19:04:37+0200,5520ccc5-4503-4071-9cae-28eeabcf3914,2026-08-01T11:00:00Z,2026-08-01T13:00:00+0200,5755.4,MW,PT,PT,actual_load,Actual Load,2026-08-08T17:10:43Z
2026-08-08T17:04:37Z,2026-08-08T19:04:37+0200,5520ccc5-4503-4071-9cae-28eeabcf3914,2026-08-01T12:00:00Z,2026-08-01T14:00:00+0200,5590.3,MW,PT,PT,actual_load,Actual Load,2026-08-08T17:10:43Z
2026-08-08T17:04:37Z,2026-08-08T19:04:37+0200,5520ccc5-4503-4071-9cae-28eeabcf3914,2026-08-01T13:00:00Z,2026-08-01T15:00:00+0200,5476.6,MW,PT,PT,actual_load,Actual Load,2026-08-08T17:10:43Z
2026-08-08T17:04:37Z,2026-08-08T19:04:37+0200,5520ccc5-4503-4071-9cae-28eeabcf3914,2026-08-01T14:00:00Z,2026-08-01T16:00:00+0200,5479.7,MW,PT,PT,actual_load,Actual Load,2026-08-08T17:10:43Z
2026-08-08T17:04:37Z,2026-08-08T19:04:37+0200,5520ccc5-4503-4071-9cae-28eeabcf3914,2026-08-01T15:00:00Z,2026-08-01T17:00:00+0200,5580.4,MW,PT,PT,actual_load,Actual Load,2026-08-08T17:10:43Z
2026-08-08T17:04:37Z,2026-08-08T19:04:37+0200,5520ccc5-4503-4071-9cae-28eeabcf3914,2026-08-01T16:00:00Z,2026-08-01T18:00:00+0200,5729.3,MW,PT,PT,actual_load,Actual Load,2026-08-08T17:10:43Z
2026-08-08T17:04:37Z,2026-08-08T19:04:37+0200,5520ccc5-4503-4071-9cae-28eeabcf3914,2026-08-01T17:00:00Z,2026-08-01T19:00:00+0200,6075.6,MW,PT,PT,actual_load,Actual Load,2026-08-08T17:10:43Z
2026-08-08T17:04:37Z,2026-08-08T19:04:37+0200,5520ccc5-4503-4071-9cae-28eeabcf3914,2026-08-01T18:00:00Z,2026-08-01T20:00:00+0200,6460.0,MW,PT,PT,actual_load,Actual Load,2026-08-08T17:10:43Z
2026-08-08T17:04:37Z,2026-08-08T19:04:37+0200,5520ccc5-4503-4071-9cae-28eeabcf3914,2026-08-01T19:00:00Z,2026-08-01T21:00:00+0200,6554.8,MW,PT,PT,actual_load,Actual Load,2026-08-08T17:10:43Z
2026-08-08T17:04:37Z,2026-08-08T19:04:37+0200,5520ccc5-4503-4071-9cae-28eeabcf3914,2026-08-01T20:00:00Z,2026-08-01T22:00:00+0200,6518.1,MW,PT,PT,actual_load,Actual Load,2026-08-08T17:10:43Z
2026-08-08T17:04:37Z,2026-08-08T19:04:37+0200,5520ccc5-4503-4071-9cae-28eeabcf3914,2026-08-01T21:00:00Z,2026-08-01T23:00:00+0200,6141.8,MW,PT,PT,actual_load,Actual Load,2026-08-08T17:10:43Z
2026-08-08T17:04:37Z,2026-08-08T19:04:37+0200,5520ccc5-4503-4071-9cae-28eeabcf3914,2026-08-01T22:00:00Z,2026-08-02T00:00:00+0200,5815.4,MW,PT,PT,actual_load,Actual Load,2026-08-08T17:10:43Z
2026-08-08T17:04:37Z,2026-08-08T19:04:37+0200,5520ccc5-4503-4071-9cae-28eeabcf3914,2026-08-01T23:00:00Z,2026-08-02T01:00:00+0200,5474.9,MW,PT,PT,actual_load,Actual Load,2026-08-08T17:10:43Z
2026-08-08T17:04:37Z,2026-08-08T19:04:37+0200,5520ccc5-4503-4071-9cae-28eeabcf3914,2026-08-02T00:00:00Z,2026-08-02T02:00:00+0200,5156.1,MW,PT,PT,actual_load,Actual Load,2026-08-08T17:10:43Z
2026-08-08T17:04:37Z,2026-08-08T19:04:37+0200,5520ccc5-4503-4071-9cae-28eeabcf3914,2026-08-02T01:00:00Z,2026-08-02T03:00:00+0200,4962.8,MW,PT,PT,actual_load,Actual Load,2026-08-08T17:10:43Z
2026-08-08T17:04:37Z,2026-08-08T19:04:37+0200,5520ccc5-4503-4071-9cae-28eeabcf3914,2026-08-02T02:00:00Z,2026-08-02T04:00:00+0200,4789.6,MW,PT,PT,actual_load,Actual Load,2026-08-08T17:10:43Z
2026-08-08T17:04:37Z,2026-08-08T19:04:37+0200,5520ccc5-4503-4071-9cae-28eeabcf3914,2026-08-02T03:00:00Z,2026-08-02T05:00:00+0200,4711.6,MW,PT,PT,actual_load,Actual Load,2026-08-08T17:10:43Z
2026-08-08T17:04:37Z,2026-08-08T19:04:37+0200,5520ccc5-4503-4071-9cae-28eeabcf3914,2026-08-02T04:00:00Z,2026-08-02T06:00:00+0200,4702.8,MW,PT,PT,actual_load,Actual Load,2026-08-08T17:10:43Z
2026-08-08T17:04:37Z,2026-08-08T19:04:37+0200,5520ccc5-4503-4071-9cae-28eeabcf3914,2026-08-02T05:00:00Z,2026-08-02T07:00:00+0200,4677.0,MW,PT,PT,actual_load,Actual Load,2026-08-08T17:10:43Z
2026-08-08T17:04:37Z,2026-08-08T19:04:37+0200,5520ccc5-4503-4071-9cae-28eeabcf3914,2026-08-02T06:00:00Z,2026-08-02T08:00:00+0200,4721.7,MW,PT,PT,actual_load,Actual Load,2026-08-08T17:10:43Z
2026-08-08T17:04:37Z,2026-08-08T19:04:37+0200,5520ccc5-4503-4071-9cae-28eeabcf3914,2026-08-02T07:00:00Z,2026-08-02T09:00:00+0200,4996.6,MW,PT,PT,actual_load,Actual Load,2026-08-08T17:10:43Z
2026-08-08T17:04:37Z,2026-08-08T19:04:37+0200,5520ccc5-4503-4071-9cae-28eeabcf3914,2026-08-02T08:00:00Z,2026-08-02T10:00:00+0200,5213.8,MW,PT,PT,actual_load,Actual Load,2026-08-08T17:10:43Z
2026-08-08T17:04:37Z,2026-08-08T19:04:37+0200,5520ccc5-4503-4071-9cae-28eeabcf3914,2026-08-02T09:00:00Z,2026-08-02T11:00:00+0200,5320.9,MW,PT,PT,actual_load,Actual Load,2026-08-08T17:10:43Z
2026-08-08T17:04:37Z,2026-08-08T19:04:37+0200,5520ccc5-4503-4071-9cae-28eeabcf3914,2026-08-02T10:00:00Z,2026-08-02T12:00:00+0200,5337.6,MW,PT,PT,actual_load,Actual Load,2026-08-08T17:10:43Z
2026-08-08T17:04:37Z,2026-08-08T19:04:37+0200,5520ccc5-4503-4071-9cae-28eeabcf3914,2026-08-02T11:00:00Z,2026-08-02T13:00:00+0200,5348.8,MW,PT,PT,actual_load,Actual Load,2026-08-08T17:10:43Z
2026-08-08T17:04:37Z,2026-08-08T19:04:37+0200,5520ccc5-4503-4071-9cae-28eeabcf3914,2026-08-02T12:00:00Z,2026-08-02T14:00:00+0200,5162.0,MW,PT,PT,actual_load,Actual Load,2026-08-08T17:10:43Z
2026-08-08T17:04:37Z,2026-08-08T19:04:37+0200,5520ccc5-4503-4071-9cae-28eeabcf3914,2026-08-02T13:00:00Z,2026-08-02T15:00:00+0200,5049.9,MW,PT,PT,actual_load,Actual Load,2026-08-08T17:10:43Z
2026-08-08T17:04:37Z,2026-08-08T19:04:37+0200,5520ccc5-4503-4071-9cae-28eeabcf3914,2026-08-02T14:00:00Z,2026-08-02T16:00:00+0200,5093.6,MW,PT,PT,actual_load,Actual Load,2026-08-08T17:10:43Z
2026-08-08T17:04:37Z,2026-08-08T19:04:37+0200,5520ccc5-4503-4071-9cae-28eeabcf3914,2026-08-02T15:00:00Z,2026-08-02T17:00:00+0200,5117.7,MW,PT,PT,actual_load,Actual Load,2026-08-08T17:10:43Z
2026-08-08T17:04:37Z,2026-08-08T19:04:37+0200,5520ccc5-4503-4071-9cae-28eeabcf3914,2026-08-02T16:00:00Z,2026-08-02T18:00:00+0200,5318.4,MW,PT,PT,actual_load,Actual Load,2026-08-08T17:10:43Z
2026-08-08T17:04:37Z,2026-08-08T19:04:37+0200,5520ccc5-4503-4071-9cae-28eeabcf3914,2026-08-02T17:00:00Z,2026-08-02T19:00:00+0200,5687.5,MW,PT,PT,actual_load,Actual Load,2026-08-08T17:10:43Z
2026-08-08T17:04:37Z,2026-08-08T19:04:37+0200,5520ccc5-4503-4071-9cae-28eeabcf3914,2026-08-02T18:00:00Z,2026-08-02T20:00:00+0200,6135.7,MW,PT,PT,actual_load,Actual Load,2026-08-08T17:10:43Z
2026-08-08T17:04:37Z,2026-08-08T19:04:37+0200,5520ccc5-4503-4071-9cae-28eeabcf3914,2026-08-02T19:00:00Z,2026-08-02T21:00:00+0200,6379.1,MW,PT,PT,actual_load,Actual Load,2026-08-08T17:10:43Z
2026-08-08T17:04:37Z,2026-08-08T19:04:37+0200,5520ccc5-4503-4071-9cae-28eeabcf3914,2026-08-02T20:00:00Z,2026-08-02T22:00:00+0200,6368.2,MW,PT,PT,actual_load,Actual Load,2026-08-08T17:10:43Z
2026-08-08T17:04:37Z,2026-08-08T19:04:37+0200,5520ccc5-4503-4071-9cae-28eeabcf3914,2026-08-02T21:00:00Z,2026-08-02T23:00:00+0200,6025.0,MW,PT,PT,actual_load,Actual Load,2026-08-08T17:10:43Z
2026-08-08T17:04:37Z,2026-08-08T19:04:37+0200,5520ccc5-4503-4071-9cae-28eeabcf3914,2026-08-02T22:00:00Z,2026-08-03T00:00:00+0200,5567.2,MW,PT,PT,actual_load,Actual Load,2026-08-08T17:10:43Z
2026-08-08T17:04:37Z,2026-08-08T19:04:37+0200,5520ccc5-4503-4071-9cae-28eeabcf3914,2026-08-02T23:00:00Z,2026-08-03T01:00:00+0200,5257.1,MW,PT,PT,actual_load,Actual Load,2026-08-08T17:10:43Z
2026-08-08T17:04:37Z,2026-08-08T19:04:37+0200,5520ccc5-4503-4071-9cae-28eeabcf3914,2026-08-03T00:00:00Z,2026-08-03T02:00:00+0200,4958.9,MW,PT,PT,actual_load,Actual Load,2026-08-08T17:10:43Z
2026-08-08T17:04:37Z,2026-08-08T19:04:37+0200,5520ccc5-4503-4071-9cae-28eeabcf3914,2026-08-03T01:00:00Z,2026-08-03T03:00:00+0200,4773.1,MW,PT,PT,actual_load,Actual Load,2026-08-08T17:10:43Z
2026-08-08T17:04:37Z,2026-08-08T19:04:37+0200,5520ccc5-4503-4071-9cae-28eeabcf3914,2026-08-03T02:00:00Z,2026-08-03T04:00:00+0200,4666.2,MW,PT,PT,actual_load,Actual Load,2026-08-08T17:10:43Z
2026-08-08T17:04:37Z,2026-08-08T19:04:37+0200,5520ccc5-4503-4071-9cae-28eeabcf3914,2026-08-03T03:00:00Z,2026-08-03T05:00:00+0200,4610.3,MW,PT,PT,actual_load,Actual Load,2026-08-08T17:10:43Z
2026-08-08T17:04:37Z,2026-08-08T19:04:37+0200,5520ccc5-4503-4071-9cae-28eeabcf3914,2026-08-03T04:00:00Z,2026-08-03T06:00:00+0200,4698.2,MW,PT,PT,actual_load,Actual Load,2026-08-08T17:10:43Z
2026-08-08T17:04:37Z,2026-08-08T19:04:37+0200,5520ccc5-4503-4071-9cae-28eeabcf3914,2026-08-03T05:00:00Z,2026-08-03T07:00:00+0200,5016.0,MW,PT,PT,actual_load,Actual Load,2026-08-08T17:10:43Z
2026-08-08T17:04:37Z,2026-08-08T19:04:37+0200,5520ccc5-4503-4071-9cae-28eeabcf3914,2026-08-03T06:00:00Z,2026-08-03T08:00:00+0200,5450.5,MW,PT,PT,actual_load,Actual Load,2026-08-08T17:10:43Z
2026-08-08T17:04:37Z,2026-08-08T19:04:37+0200,5520ccc5-4503-4071-9cae-28eeabcf3914,2026-08-03T07:00:00Z,2026-08-03T09:00:00+0200,6083.2,MW,PT,PT,actual_load,Actual Load,2026-08-08T17:10:43Z
2026-08-08T17:04:37Z,2026-08-08T19:04:37+0200,5520ccc5-4503-4071-9cae-28eeabcf3914,2026-08-03T08:00:00Z,2026-08-03T10:00:00+0200,6435.5,MW,PT,PT,actual_load,Actual Load,2026-08-08T17:10:43Z
2026-08-08T17:04:37Z,2026-08-08T19:04:37+0200,5520ccc5-4503-4071-9cae-28eeabcf3914,2026-08-03T09:00:00Z,2026-08-03T11:00:00+0200,6634.9,MW,PT,PT,actual_load,Actual Load,2026-08-08T17:10:43Z
2026-08-08T17:04:37Z,2026-08-08T19:04:37+0200,5520ccc5-4503-4071-9cae-28eeabcf3914,2026-08-03T10:00:00Z,2026-08-03T12:00:00+0200,6863.6,MW,PT,PT,actual_load,Actual Load,2026-08-08T17:10:43Z
2026-08-08T17:04:37Z,2026-08-08T19:04:37+0200,5520ccc5-4503-4071-9cae-28eeabcf3914,2026-08-03T11:00:00Z,2026-08-03T13:00:00+0200,6882.7,MW,PT,PT,actual_load,Actual Load,2026-08-08T17:10:43Z
2026-08-08T17:04:37Z,2026-08-08T19:04:37+0200,5520ccc5-4503-4071-9cae-28eeabcf3914,2026-08-03T12:00:00Z,2026-08-03T14:00:00+0200,6882.6,MW,PT,PT,actual_load,Actual Load,2026-08-08T17:10:43Z
2026-08-08T17:04:37Z,2026-08-08T19:04:37+0200,5520ccc5-4503-4071-9cae-28eeabcf3914,2026-08-03T13:00:00Z,2026-08-03T15:00:00+0200,7058.3,MW,PT,PT,actual_load,Actual Load,2026-08-08T17:10:43Z
2026-08-08T17:04:37Z,2026-08-08T19:04:37+0200,5520ccc5-4503-4071-9cae-28eeabcf3914,2026-08-03T14:00:00Z,2026-08-03T16:00:00+0200,6977.2,MW,PT,PT,actual_load,Actual Load,2026-08-08T17:10:43Z
2026-08-08T17:04:37Z,2026-08-08T19:04:37+0200,5520ccc5-4503-4071-9cae-28eeabcf3914,2026-08-03T15:00:00Z,2026-08-03T17:00:00+0200,6830.9,MW,PT,PT,actual_load,Actual Load,2026-08-08T17:10:43Z
2026-08-08T17:04:37Z,2026-08-08T19:04:37+0200,5520ccc5-4503-4071-9cae-28eeabcf3914,2026-08-03T16:00:00Z,2026-08-03T18:00:00+0200,6678.3,MW,PT,PT,actual_load,Actual Load,2026-08-08T17:10:43Z
2026-08-08T17:04:37Z,2026-08-08T19:04:37+0200,5520ccc5-4503-4071-9cae-28eeabcf3914,2026-08-03T17:00:00Z,2026-08-03T19:00:00+0200,6751.4,MW,PT,PT,actual_load,Actual Load,2026-08-08T17:10:43Z
2026-08-08T17:04:37Z,2026-08-08T19:04:37+0200,5520ccc5-4503-4071-9cae-28eeabcf3914,2026-08-03T18:00:00Z,2026-08-03T20:00:00+0200,7117.3,MW,PT,PT,actual_load,Actual Load,2026-08-08T17:10:43Z
2026-08-08T17:04:37Z,2026-08-08T19:04:37+0200,5520ccc5-4503-4071-9cae-28eeabcf3914,2026-08-03T19:00:00Z,2026-08-03T21:00:00+0200,7228.6,MW,PT,PT,actual_load,Actual Load,2026-08-08T17:10:43Z
2026-08-08T17:04:37Z,2026-08-08T19:04:37+0200,5520ccc5-4503-4071-9cae-28eeabcf3914,2026-08-03T20:00:00Z,2026-08-03T22:00:00+0200,7110.6,MW,PT,PT,actual_load,Actual Load,2026-08-08T17:10:43Z
2026-08-08T17:04:37Z,2026-08-08T19:04:37+0200,5520ccc5-4503-4071-9cae-28eeabcf3914,2026-08-03T21:00:00Z,2026-08-03T23:00:00+0200,6651.2,MW,PT,PT,actual_load,Actual Load,2026-08-08T17:10:43Z
2026-08-08T17:04:37Z,2026-08-08T19:04:37+0200,5520ccc5-4503-4071-9cae-28eeabcf3914,2026-08-03T22:00:00Z,2026-08-04T00:00:00+0200,6080.0,MW,PT,PT,actual_load,Actual Load,2026-08-08T17:10:43Z
2026-08-08T17:04:37Z,2026-08-08T19:04:37+0200,5520ccc5-4503-4071-9cae-28eeabcf3914,2026-08-03T23:00:00Z,2026-08-04T01:00:00+0200,5641.7,MW,PT,PT,actual_load,Actual Load,2026-08-08T17:10:43Z
2026-08-08T17:04:37Z,2026-08-08T19:04:37+0200,5520ccc5-4503-4071-9cae-28eeabcf3914,2026-08-04T00:00:00Z,2026-08-04T02:00:00+0200,5328.0,MW,PT,PT,actual_load,Actual Load,2026-08-08T17:10:43Z
2026-08-08T17:04:37Z,2026-08-08T19:04:37+0200,5520ccc5-4503-4071-9cae-28eeabcf3914,2026-08-04T01:00:00Z,2026-08-04T03:00:00+0200,5090.9,MW,PT,PT,actual_load,Actual Load,2026-08-08T17:10:43Z
2026-08-08T17:04:37Z,2026-08-08T19:04:37+0200,5520ccc5-4503-4071-9cae-28eeabcf3914,2026-08-04T02:00:00Z,2026-08-04T04:00:00+0200,4946.1,MW,PT,PT,actual_load,Actual Load,2026-08-08T17:10:43Z
2026-08-08T17:04:37Z,2026-08-08T19:04:37+0200,5520ccc5-4503-4071-9cae-28eeabcf3914,2026-08-04T03:00:00Z,2026-08-04T05:00:00+0200,4879.9,MW,PT,PT,actual_load,Actual Load,2026-08-08T17:10:43Z
2026-08-08T17:04:37Z,2026-08-08T19:04:37+0200,5520ccc5-4503-4071-9cae-28eeabcf3914,2026-08-04T04:00:00Z,2026-08-04T06:00:00+0200,4953.0,MW,PT,PT,actual_load,Actual Load,2026-08-08T17:10:43Z
2026-08-08T17:04:37Z,2026-08-08T19:04:37+0200,5520ccc5-4503-4071-9cae-28eeabcf3914,2026-08-04T05:00:00Z,2026-08-04T07:00:00+0200,5213.7,MW,PT,PT,actual_load,Actual Load,2026-08-08T17:10:43Z
2026-08-08T17:04:37Z,2026-08-08T19:04:37+0200,5520ccc5-4503-4071-9cae-28eeabcf3914,2026-08-04T06:00:00Z,2026-08-04T08:00:00+0200,5670.2,MW,PT,PT,actual_load,Actual Load,2026-08-08T17:10:43Z
2026-08-08T17:04:37Z,2026-08-08T19:04:37+0200,5520ccc5-4503-4071-9cae-28eeabcf3914,2026-08-04T07:00:00Z,2026-08-04T09:00:00+0200,6453.6,MW,PT,PT,actual_load,Actual Load,2026-08-08T17:10:43Z
2026-08-08T17:04:37Z,2026-08-08T19:04:37+0200,5520ccc5-4503-4071-9cae-28eeabcf3914,2026-08-04T08:00:00Z,2026-08-04T10:00:00+0200,6865.1,MW,PT,PT,actual_load,Actual Load,2026-08-08T17:10:43Z
2026-08-08T17:04:37Z,2026-08-08T19:04:37+0200,5520ccc5-4503-4071-9cae-28eeabcf3914,2026-08-04T09:00:00Z,2026-08-04T11:00:00+0200,6964.5,MW,PT,PT,actual_load,Actual Load,2026-08-08T17:10:43Z
2026-08-08T17:04:37Z,2026-08-08T19:04:37+0200,5520ccc5-4503-4071-9cae-28eeabcf3914,2026-08-04T10:00:00Z,2026-08-04T12:00:00+0200,7000.5,MW,PT,PT,actual_load,Actual Load,2026-08-08T17:10:43Z
2026-08-08T17:04:37Z,2026-08-08T19:04:37+0200,5520ccc5-4503-4071-9cae-28eeabcf3914,2026-08-04T11:00:00Z,2026-08-04T13:00:00+0200,6914.9,MW,PT,PT,actual_load,Actual Load,2026-08-08T17:10:43Z
2026-08-08T17:04:37Z,2026-08-08T19:04:37+0200,5520ccc5-4503-4071-9cae-28eeabcf3914,2026-08-04T12:00:00Z,2026-08-04T14:00:00+0200,6722.2,MW,PT,PT,actual_load,Actual Load,2026-08-08T17:10:43Z
2026-08-08T17:04:37Z,2026-08-08T19:04:37+0200,5520ccc5-4503-4071-9cae-28eeabcf3914,2026-08-04T13:00:00Z,2026-08-04T15:00:00+0200,6789.0,MW,PT,PT,actual_load,Actual Load,2026-08-08T17:10:43Z
2026-08-08T17:04:37Z,2026-08-08T19:04:37+0200,5520ccc5-4503-4071-9cae-28eeabcf3914,2026-08-04T14:00:00Z,2026-08-04T16:00:00+0200,6777.8,MW,PT,PT,actual_load,Actual Load,2026-08-08T17:10:43Z
2026-08-08T17:04:37Z,2026-08-08T19:04:37+0200,5520ccc5-4503-4071-9cae-28eeabcf3914,2026-08-04T15:00:00Z,2026-08-04T17:00:00+0200,6674.8,MW,PT,PT,actual_load,Actual Load,2026-08-08T17:10:43Z
2026-08-08T17:04:37Z,2026-08-08T19:04:37+0200,5520ccc5-4503-4071-9cae-28eeabcf3914,2026-08-04T16:00:00Z,2026-08-04T18:00:00+0200,6635.4,MW,PT,PT,actual_load,Actual Load,2026-08-08T17:10:43Z
2026-08-08T17:04:37Z,2026-08-08T19:04:37+0200,5520ccc5-4503-4071-9cae-28eeabcf3914,2026-08-04T17:00:00Z,2026-08-04T19:00:00+0200,6871.0,MW,PT,PT,actual_load,Actual Load,2026-08-08T17:10:43Z
2026-08-08T17:04:37Z,2026-08-08T19:04:37+0200,5520ccc5-4503-4071-9cae-28eeabcf3914,2026-08-04T18:00:00Z,2026-08-04T20:00:00+0200,7257.8,MW,PT,PT,actual_load,Actual Load,2026-08-08T17:10:43Z
2026-08-08T17:04:37Z,2026-08-08T19:04:37+0200,5520ccc5-4503-4071-9cae-28eeabcf3914,2026-08-04T19:00:00Z,2026-08-04T21:00:00+0200,7410.5,MW,PT,PT,actual_load,Actual Load,2026-08-08T17:10:43Z
2026-08-08T17:04:37Z,2026-08-08T19:04:37+0200,5520ccc5-4503-4071-9cae-28eeabcf3914,2026-08-04T20:00:00Z,2026-08-04T22:00:00+0200,7294.0,MW,PT,PT,actual_load,Actual Load,2026-08-08T17:10:43Z
2026-08-08T17:04:37Z,2026-08-08T19:04:37+0200,5520ccc5-4503-4071-9cae-28eeabcf3914,2026-08-04T21:00:00Z,2026-08-04T23:00:00+0200,6819.4,MW,PT,PT,actual_load,Actual Load,2026-08-08T17:10:43Z
2026-08-08T17:04:37Z,2026-08-08T19:04:37+0200,5520ccc5-4503-4071-9cae-28eeabcf3914,2026-08-04T22:00:00Z,2026-08-05T00:00:00+0200,6220.3,MW,PT,PT,actual_load,Actual Load,2026-08-08T17:10:43Z
2026-08-08T17:04:37Z,2026-08-08T19:04:37+0200,5520ccc5-4503-4071-9cae-28eeabcf3914,2026-08-04T23:00:00Z,2026-08-05T01:00:00+0200,5772.1,MW,PT,PT,actual_load,Actual Load,2026-08-08T17:10:43Z
2026-08-08T17:04:37Z,2026-08-08T19:04:37+0200,5520ccc5-4503-4071-9cae-28eeabcf3914,2026-08-05T00:00:00Z,2026-08-05T02:00:00+0200,5475.4,MW,PT,PT,actual_load,Actual Load,2026-08-08T17:10:43Z
2026-08-08T17:04:37Z,2026-08-08T19:04:37+0200,5520ccc5-4503-4071-9cae-28eeabcf3914,2026-08-05T01:00:00Z,2026-08-05T03:00:00+0200,5253.5,MW,PT,PT,actual_load,Actual Load,2026-08-08T17:10:43Z
2026-08-08T17:04:37Z,2026-08-08T19:04:37+0200,5520ccc5-4503-4071-9cae-28eeabcf3914,2026-08-05T02:00:00Z,2026-08-05T04:00:00+0200,5121.3,MW,PT,PT,actual_load,Actual Load,2026-08-08T17:10:43Z
2026-08-08T17:04:37Z,2026-08-08T19:04:37+0200,5520ccc5-4503-4071-9cae-28eeabcf3914,2026-08-05T03:00:00Z,2026-08-05T05:00:00+0200,5042.2,MW,PT,PT,actual_load,Actual Load,2026-08-08T17:10:43Z
2026-08-08T17:04:37Z,2026-08-08T19:04:37+0200,5520ccc5-4503-4071-9cae-28eeabcf3914,2026-08-05T04:00:00Z,2026-08-05T06:00:00+0200,5104.5,MW,PT,PT,actual_load,Actual Load,2026-08-08T17:10:43Z
2026-08-08T17:04:37Z,2026-08-08T19:04:37+0200,5520ccc5-4503-4071-9cae-28eeabcf3914,2026-08-05T05:00:00Z,2026-08-05T07:00:00+0200,5362.3,MW,PT,PT,actual_load,Actual Load,2026-08-08T17:10:43Z
2026-08-08T17:04:37Z,2026-08-08T19:04:37+0200,5520ccc5-4503-4071-9cae-28eeabcf3914,2026-08-05T06:00:00Z,2026-08-05T08:00:00+0200,5807.4,MW,PT,PT,actual_load,Actual Load,2026-08-08T17:10:43Z
2026-08-08T17:04:37Z,2026-08-08T19:04:37+0200,5520ccc5-4503-4071-9cae-28eeabcf3914,2026-08-05T07:00:00Z,2026-08-05T09:00:00+0200,6382.1,MW,PT,PT,actual_load,Actual Load,2026-08-08T17:10:43Z
2026-08-08T17:04:37Z,2026-08-08T19:04:37+0200,5520ccc5-4503-4071-9cae-28eeabcf3914,2026-08-05T08:00:00Z,2026-08-05T10:00:00+0200,6598.5,MW,PT,PT,actual_load,Actual Load,2026-08-08T17:10:43Z
2026-08-08T17:04:37Z,2026-08-08T19:04:37+0200,5520ccc5-4503-4071-9cae-28eeabcf3914,2026-08-05T09:00:00Z,2026-08-05T11:00:00+0200,6571.0,MW,PT,PT,actual_load,Actual Load,2026-08-08T17:10:43Z
2026-08-08T17:04:37Z,2026-08-08T19:04:37+0200,5520ccc5-4503-4071-9cae-28eeabcf3914,2026-08-05T10:00:00Z,2026-08-05T12:00:00+0200,6589.9,MW,PT,PT,actual_load,Actual Load,2026-08-08T17:10:43Z
2026-08-08T17:04:37Z,2026-08-08T19:04:37+0200,5520ccc5-4503-4071-9cae-28eeabcf3914,2026-08-05T11:00:00Z,2026-08-05T13:00:00+0200,6486.2,MW,PT,PT,actual_load,Actual Load,2026-08-08T17:10:43Z
2026-08-08T17:04:37Z,2026-08-08T19:04:37+0200,5520ccc5-4503-4071-9cae-28eeabcf3914,2026-08-05T12:00:00Z,2026-08-05T14:00:00+0200,6335.6,MW,PT,PT,actual_load,Actual Load,2026-08-08T17:10:43Z
2026-08-08T17:04:37Z,2026-08-08T19:04:37+0200,5520ccc5-4503-4071-9cae-28eeabcf3914,2026-08-05T13:00:00Z,2026-08-05T15:00:00+0200,6449.4,MW,PT,PT,actual_load,Actual Load,2026-08-08T17:10:43Z
2026-08-08T17:04:37Z,2026-08-08T19:04:37+0200,5520ccc5-4503-4071-9cae-28eeabcf3914,2026-08-05T14:00:00Z,2026-08-05T16:00:00+0200,6500.4,MW,PT,PT,actual_load,Actual Load,2026-08-08T17:10:43Z
2026-08-08T17:04:37Z,2026-08-08T19:04:37+0200,5520ccc5-4503-4071-9cae-28eeabcf3914,2026-08-05T15:00:00Z,2026-08-05T17:00:00+0200,6487.1,MW,PT,PT,actual_load,Actual Load,2026-08-08T17:10:43Z
2026-08-08T17:04:37Z,2026-08-08T19:04:37+0200,5520ccc5-4503-4071-9cae-28eeabcf3914,2026-08-05T16:00:00Z,2026-08-05T18:00:00+0200,6539.4,MW,PT,PT,actual_load,Actual Load,2026-08-08T17:10:43Z
2026-08-08T17:04:37Z,2026-08-08T19:04:37+0200,5520ccc5-4503-4071-9cae-28eeabcf3914,2026-08-05T17:00:00Z,2026-08-05T19:00:00+0200,6793.4,MW,PT,PT,actual_load,Actual Load,2026-08-08T17:10:43Z
2026-08-08T17:04:37Z,2026-08-08T19:04:37+0200,5520ccc5-4503-4071-9cae-28eeabcf3914,2026-08-05T18:00:00Z,2026-08-05T20:00:00+0200,7297.6,MW,PT,PT,actual_load,Actual Load,2026-08-08T17:10:43Z
2026-08-08T17:04:37Z,2026-08-08T19:04:37+0200,5520ccc5-4503-4071-9cae-28eeabcf3914,2026-08-05T19:00:00Z,2026-08-05T21:00:00+0200,7473.8,MW,PT,PT,actual_load,Actual Load,2026-08-08T17:10:43Z
2026-08-08T17:04:37Z,2026-08-08T19:04:37+0200,5520ccc5-4503-4071-9cae-28eeabcf3914,2026-08-05T20:00:00Z,2026-08-05T22:00:00+0200,7332.2,MW,PT,PT,actual_load,Actual Load,2026-08-08T17:10:43Z
2026-08-08T17:04:37Z,2026-08-08T19:04:37+0200,5520ccc5-4503-4071-9cae-28eeabcf3914,2026-08-05T21:00:00Z,2026-08-05T23:00:00+0200,6832.2,MW,PT,PT,actual_load,Actual Load,2026-08-08T17:10:43Z
2026-08-08T17:04:37Z,2026-08-08T19:04:37+0200,5520ccc5-4503-4071-9cae-28eeabcf3914,2026-08-05T22:00:00Z,2026-08-06T00:00:00+0200,6264.0,MW,PT,PT,actual_load,Actual Load,2026-08-08T17:10:43Z
2026-08-08T17:04:37Z,2026-08-08T19:04:37+0200,5520ccc5-4503-4071-9cae-28eeabcf3914,2026-08-05T23:00:00Z,2026-08-06T01:00:00+0200,5851.9,MW,PT,PT,actual_load,Actual Load,2026-08-08T17:10:43Z
2026-08-08T17:04:37Z,2026-08-08T19:04:37+0200,5520ccc5-4503-4071-9cae-28eeabcf3914,2026-08-06T00:00:00Z,2026-08-06T02:00:00+0200,5507.6,MW,PT,PT,actual_load,Actual Load,2026-08-08T17:10:43Z
2026-08-08T17:04:37Z,2026-08-08T19:04:37+0200,5520ccc5-4503-4071-9cae-28eeabcf3914,2026-08-06T01:00:00Z,2026-08-06T03:00:00+0200,5254.0,MW,PT,PT,actual_load,Actual Load,2026-08-08T17:10:43Z
2026-08-08T17:04:37Z,2026-08-08T19:04:37+0200,5520ccc5-4503-4071-9cae-28eeabcf3914,2026-08-06T02:00:00Z,2026-08-06T04:00:00+0200,5084.5,MW,PT,PT,actual_load,Actual Load,2026-08-08T17:10:43Z
2026-08-08T17:04:37Z,2026-08-08T19:04:37+0200,5520ccc5-4503-4071-9cae-28eeabcf3914,2026-08-06T03:00:00Z,2026-08-06T05:00:00+0200,4997.9,MW,PT,PT,actual_load,Actual Load,2026-08-08T17:10:43Z
2026-08-08T17:04:37Z,2026-08-08T19:04:37+0200,5520ccc5-4503-4071-9cae-28eeabcf3914,2026-08-06T04:00:00Z,2026-08-06T06:00:00+0200,5080.1,MW,PT,PT,actual_load,Actual Load,2026-08-08T17:10:43Z
2026-08-08T17:04:37Z,2026-08-08T19:04:37+0200,5520ccc5-4503-4071-9cae-28eeabcf3914,2026-08-06T05:00:00Z,2026-08-06T07:00:00+0200,5361.0,MW,PT,PT,actual_load,Actual Load,2026-08-08T17:10:43Z
2026-08-08T17:04:37Z,2026-08-08T19:04:37+0200,5520ccc5-4503-4071-9cae-28eeabcf3914,2026-08-06T06:00:00Z,2026-08-06T08:00:00+0200,5742.7,MW,PT,PT,actual_load,Actual Load,2026-08-08T17:10:43Z
2026-08-08T17:04:37Z,2026-08-08T19:04:37+0200,5520ccc5-4503-4071-9cae-28eeabcf3914,2026-08-06T07:00:00Z,2026-08-06T09:00:00+0200,6344.1,MW,PT,PT,actual_load,Actual Load,2026-08-08T17:10:43Z
2026-08-08T17:04:37Z,2026-08-08T19:04:37+0200,5520ccc5-4503-4071-9cae-28eeabcf3914,2026-08-06T08:00:00Z,2026-08-06T10:00:00+0200,6580.9,MW,PT,PT,actual_load,Actual Load,2026-08-08T17:10:43Z
2026-08-08T17:04:37Z,2026-08-08T19:04:37+0200,5520ccc5-4503-4071-9cae-28eeabcf3914,2026-08-06T09:00:00Z,2026-08-06T11:00:00+0200,6478.5,MW,PT,PT,actual_load,Actual Load,2026-08-08T17:10:43Z
2026-08-08T17:04:37Z,2026-08-08T19:04:37+0200,5520ccc5-4503-4071-9cae-28eeabcf3914,2026-08-06T10:00:00Z,2026-08-06T12:00:00+0200,6522.2,MW,PT,PT,actual_load,Actual Load,2026-08-08T17:10:43Z
2026-08-08T17:04:37Z,2026-08-08T19:04:37+0200,5520ccc5-4503-4071-9cae-28eeabcf3914,2026-08-06T11:00:00Z,2026-08-06T13:00:00+0200,6465.5,MW,PT,PT,actual_load,Actual Load,2026-08-08T17:10:43Z
2026-08-08T17:04:37Z,2026-08-08T19:04:37+0200,5520ccc5-4503-4071-9cae-28eeabcf3914,2026-08-06T12:00:00Z,2026-08-06T14:00:00+0200,6358.0,MW,PT,PT,actual_load,Actual Load,2026-08-08T17:10:43Z
2026-08-08T17:04:37Z,2026-08-08T19:04:37+0200,5520ccc5-4503-4071-9cae-28eeabcf3914,2026-08-06T13:00:00Z,2026-08-06T15:00:00+0200,6461.1,MW,PT,PT,actual_load,Actual Load,2026-08-08T17:10:43Z
2026-08-08T17:04:37Z,2026-08-08T19:04:37+0200,5520ccc5-4503-4071-9cae-28eeabcf3914,2026-08-06T14:00:00Z,2026-08-06T16:00:00+0200,6494.4,MW,PT,PT,actual_load,Actual Load,2026-08-08T17:10:43Z
2026-08-08T17:04:37Z,2026-08-08T19:04:37+0200,5520ccc5-4503-4071-9cae-28eeabcf3914,2026-08-06T15:00:00Z,2026-08-06T17:00:00+0200,6586.2,MW,PT,PT,actual_load,Actual Load,2026-08-08T17:10:43Z
2026-08-08T17:04:37Z,2026-08-08T19:04:37+0200,5520ccc5-4503-4071-9cae-28eeabcf3914,2026-08-06T16:00:00Z,2026-08-06T18:00:00+0200,6555.0,MW,PT,PT,actual_load,Actual Load,2026-08-08T17:10:43Z
2026-08-08T17:04:37Z,2026-08-08T19:04:37+0200,5520ccc5-4503-4071-9cae-28eeabcf3914,2026-08-06T17:00:00Z,2026-08-06T19:00:00+0200,6806.8,MW,PT,PT,actual_load,Actual Load,2026-08-08T17:10:43Z
2026-08-08T17:04:37Z,2026-08-08T19:04:37+0200,5520ccc5-4503-4071-9cae-28eeabcf3914,2026-08-06T18:00:00Z,2026-08-06T20:00:00+0200,7324.6,MW,PT,PT,actual_load,Actual Load,2026-08-08T17:10:43Z
2026-08-08T17:04:37Z,2026-08-08T19:04:37+0200,5520ccc5-4503-4071-9cae-28eeabcf3914,2026-08-06T19:00:00Z,2026-08-06T21:00:00+0200,7452.4,MW,PT,PT,actual_load,Actual Load,2026-08-08T17:10:43Z
2026-08-08T17:04:37Z,2026-08-08T19:04:37+0200,5520ccc5-4503-4071-9cae-28eeabcf3914,2026-08-06T20:00:00Z,2026-08-06T22:00:00+0200,7304.4,MW,PT,PT,actual_load,Actual Load,2026-08-08T17:10:43Z
2026-08-08T17:04:37Z,2026-08-08T19:04:37+0200,5520ccc5-4503-4071-9cae-28eeabcf3914,2026-08-06T21:00:00Z,2026-08-06T23:00:00+0200,6827.6,MW,PT,PT,actual_load,Actual Load,2026-08-08T17:10:43Z
2026-08-08T17:04:37Z,2026-08-08T19:04:37+0200,5520ccc5-4503-4071-9cae-28eeabcf3914,2026-08-06T22:00:00Z,2026-08-07T00:00:00+0200,6264.2,MW,PT,PT,actual_load,Actual Load,2026-08-08T17:10:43Z
2026-08-08T17:04:37Z,2026-08-08T19:04:37+0200,5520ccc5-4503-4071-9cae-28eeabcf3914,2026-08-06T23:00:00Z,2026-08-07T01:00:00+0200,5832.6,MW,PT,PT,actual_load,Actual Load,2026-08-08T17:10:43Z
2026-08-08T17:04:37Z,2026-08-08T19:04:37+0200,5520ccc5-4503-4071-9cae-28eeabcf3914,2026-08-07T00:00:00Z,2026-08-07T02:00:00+0200,5475.4,MW,PT,PT,actual_load,Actual Load,2026-08-08T17:10:43Z
2026-08-08T17:04:37Z,2026-08-08T19:04:37+0200,5520ccc5-4503-4071-9cae-28eeabcf3914,2026-08-07T01:00:00Z,2026-08-07T03:00:00+0200,5242.8,MW,PT,PT,actual_load,Actual Load,2026-08-08T17:10:43Z
2026-08-08T17:04:37Z,2026-08-08T19:04:37+0200,5520ccc5-4503-4071-9cae-28eeabcf3914,2026-08-07T02:00:00Z,2026-08-07T04:00:00+0200,5067.5,MW,PT,PT,actual_load,Actual Load,2026-08-08T17:10:43Z
2026-08-08T17:04:37Z,2026-08-08T19:04:37+0200,5520ccc5-4503-4071-9cae-28eeabcf3914,2026-08-07T03:00:00Z,2026-08-07T05:00:00+0200,4941.3,MW,PT,PT,actual_load,Actual Load,2026-08-08T17:10:43Z
2026-08-08T17:04:37Z,2026-08-08T19:04:37+0200,5520ccc5-4503-4071-9cae-28eeabcf3914,2026-08-07T04:00:00Z,2026-08-07T06:00:00+0200,5068.3,MW,PT,PT,actual_load,Actual Load,2026-08-08T17:10:43Z
2026-08-08T17:04:37Z,2026-08-08T19:04:37+0200,5520ccc5-4503-4071-9cae-28eeabcf3914,2026-08-07T05:00:00Z,2026-08-07T07:00:00+0200,5320.3,MW,PT,PT,actual_load,Actual Load,2026-08-08T17:10:43Z
2026-08-08T17:04:37Z,2026-08-08T19:04:37+0200,5520ccc5-4503-4071-9cae-28eeabcf3914,2026-08-07T06:00:00Z,2026-08-07T08:00:00+0200,5721.1,MW,PT,PT,actual_load,Actual Load,2026-08-08T17:10:43Z
2026-08-08T17:04:37Z,2026-08-08T19:04:37+0200,5520ccc5-4503-4071-9cae-28eeabcf3914,2026-08-07T07:00:00Z,2026-08-07T09:00:00+0200,6363.3,MW,PT,PT,actual_load,Actual Load,2026-08-08T17:10:43Z
2026-08-08T17:04:37Z,2026-08-08T19:04:37+0200,5520ccc5-4503-4071-9cae-28eeabcf3914,2026-08-07T08:00:00Z,2026-08-07T10:00:00+0200,6549.7,MW,PT,PT,actual_load,Actual Load,2026-08-08T17:10:43Z
2026-08-08T17:04:37Z,2026-08-08T19:04:37+0200,5520ccc5-4503-4071-9cae-28eeabcf3914,2026-08-07T09:00:00Z,2026-08-07T11:00:00+0200,6448.9,MW,PT,PT,actual_load,Actual Load,2026-08-08T17:10:43Z
2026-08-08T17:04:37Z,2026-08-08T19:04:37+0200,5520ccc5-4503-4071-9cae-28eeabcf3914,2026-08-07T10:00:00Z,2026-08-07T12:00:00+0200,6372.8,MW,PT,PT,actual_load,Actual Load,2026-08-08T17:10:43Z
2026-08-08T17:04:37Z,2026-08-08T19:04:37+0200,5520ccc5-4503-4071-9cae-28eeabcf3914,2026-08-07T11:00:00Z,2026-08-07T13:00:00+0200,6400.6,MW,PT,PT,actual_load,Actual Load,2026-08-08T17:10:43Z
2026-08-08T17:04:37Z,2026-08-08T19:04:37+0200,5520ccc5-4503-4071-9cae-28eeabcf3914,2026-08-07T12:00:00Z,2026-08-07T14:00:00+0200,6253.1,MW,PT,PT,actual_load,Actual Load,2026-08-08T17:10:43Z
2026-08-08T17:04:37Z,2026-08-08T19:04:37+0200,5520ccc5-4503-4071-9cae-28eeabcf3914,2026-08-07T13:00:00Z,2026-08-07T15:00:00+0200,6347.5,MW,PT,PT,actual_load,Actual Load,2026-08-08T17:10:43Z
2026-08-08T17:04:37Z,2026-08-08T19:04:37+0200,5520ccc5-4503-4071-9cae-28eeabcf3914,2026-08-07T14:00:00Z,2026-08-07T16:00:00+0200,6411.5,MW,PT,PT,actual_load,Actual Load,2026-08-08T17:10:43Z
2026-08-08T17:04:37Z,2026-08-08T19:04:37+0200,5520ccc5-4503-4071-9cae-28eeabcf3914,2026-08-07T15:00:00Z,2026-08-07T17:00:00+0200,6402.5,MW,PT,PT,actual_load,Actual Load,2026-08-08T17:10:43Z
2026-08-08T17:04:37Z,2026-08-08T19:04:37+0200,5520ccc5-4503-4071-9cae-28eeabcf3914,2026-08-07T16:00:00Z,2026-08-07T18:00:00+0200,6446.9,MW,PT,PT,actual_load,Actual Load,2026-08-08T17:10:43Z
2026-08-08T17:04:37Z,2026-08-08T19:04:37+0200,5520ccc5-4503-4071-9cae-28eeabcf3914,2026-08-07T17:00:00Z,2026-08-07T19:00:00+0200,6713.9,MW,PT,PT,actual_load,Actual Load,2026-08-08T17:10:43Z
2026-08-08T17:04:37Z,2026-08-08T19:04:37+0200,5520ccc5-4503-4071-9cae-28eeabcf3914,2026-08-07T18:00:00Z,2026-08-07T20:00:00+0200,7231.1,MW,PT,PT,actual_load,Actual Load,2026-08-08T17:10:43Z
2026-08-08T17:04:37Z,2026-08-08T19:04:37+0200,5520ccc5-4503-4071-9cae-28eeabcf3914,2026-08-07T19:00:00Z,2026-08-07T21:00:00+0200,7323.6,MW,PT,PT,actual_load,Actual Load,2026-08-08T17:10:43Z
2026-08-08T17:04:37Z,2026-08-08T19:04:37+0200,5520ccc5-4503-4071-9cae-28eeabcf3914,2026-08-07T20:00:00Z,2026-08-07T22:00:00+0200,7131.6,MW,PT,PT,actual_load,Actual Load,2026-08-08T17:10:43Z
2026-08-08T17:04:37Z,2026-08-08T19:04:37+0200,5520ccc5-4503-4071-9cae-28eeabcf3914,2026-08-07T21:00:00Z,2026-08-07T23:00:00+0200,6641.5,MW,PT,PT,actual_load,Actual Load,2026-08-08T17:10:43Z
2026-08-08T17:04:37Z,2026-08-08T19:04:37+0200,5520ccc5-4503-4071-9cae-28eeabcf3914,2026-08-07T22:00:00Z,2026-08-08T00:00:00+0200,6129.5,MW,PT,PT,actual_load,Actual Load,2026-08-08T17:10:43Z
2026-08-08T17:04:37Z,2026-08-08T19:04:37+0200,5520ccc5-4503-4071-9cae-28eeabcf3914,2026-08-07T23:00:00Z,2026-08-08T01:00:00+0200,5733.4,MW,PT,PT,actual_load,Actual Load,2026-08-08T17:10:43Z
2026-08-08T17:04:37Z,2026-08-08T19:04:37+0200,5520ccc5-4503-4071-9cae-28eeabcf3914,2026-08-08T00:00:00Z,2026-08-08T02:00:00+0200,5352.2,MW,PT,PT,actual_load,Actual Load,2026-08-08T17:10:43Z
2026-08-08T17:04:37Z,2026-08-08T19:04:37+0200,5520ccc5-4503-4071-9cae-28eeabcf3914,2026-08-08T01:00:00Z,2026-08-08T03:00:00+0200,5164.9,MW,PT,PT,actual_load,Actual Load,2026-08-08T17:10:43Z
2026-08-08T17:04:37Z,2026-08-08T19:04:37+0200,5520ccc5-4503-4071-9cae-28eeabcf3914,2026-08-08T02:00:00Z,2026-08-08T04:00:00+0200,5050.2,MW,PT,PT,actual_load,Actual Load,2026-08-08T17:10:43Z
2026-08-08T17:04:37Z,2026-08-08T19:04:37+0200,5520ccc5-4503-4071-9cae-28eeabcf3914,2026-08-08T03:00:00Z,2026-08-08T05:00:00+0200,4936.8,MW,PT,PT,actual_load,Actual Load,2026-08-08T17:10:43Z
2026-08-08T17:04:37Z,2026-08-08T19:04:37+0200,5520ccc5-4503-4071-9cae-28eeabcf3914,2026-08-08T04:00:00Z,2026-08-08T06:00:00+0200,4936.0,MW,PT,PT,actual_load,Actual Load,2026-08-08T17:10:43Z
2026-08-08T17:04:37Z,2026-08-08T19:04:37+0200,5520ccc5-4503-4071-9cae-28eeabcf3914,2026-08-08T05:00:00Z,2026-08-08T07:00:00+0200,4983.6,MW,PT,PT,actual_load,Actual Load,2026-08-08T17:10:43Z
2026-08-08T17:04:37Z,2026-08-08T19:04:37+0200,5520ccc5-4503-4071-9cae-28eeabcf3914,2026-08-08T06:00:00Z,2026-08-08T08:00:00+0200,5083.4,MW,PT,PT,actual_load,Actual Load,2026-08-08T17:10:43Z
2026-08-08T17:04:37Z,2026-08-08T19:04:37+0200,5520ccc5-4503-4071-9cae-28eeabcf3914,2026-08-08T07:00:00Z,2026-08-08T09:00:00+0200,5339.6,MW,PT,PT,actual_load,Actual Load,2026-08-08T17:10:43Z
2026-08-08T17:04:37Z,2026-08-08T19:04:37+0200,5520ccc5-4503-4071-9cae-28eeabcf3914,2026-08-08T08:00:00Z,2026-08-08T10:00:00+0200,5473.5,MW,PT,PT,actual_load,Actual Load,2026-08-08T17:10:43Z
2026-08-08T17:04:37Z,2026-08-08T19:04:37+0200,5520ccc5-4503-4071-9cae-28eeabcf3914,2026-08-08T09:00:00Z,2026-08-08T11:00:00+0200,5627.7,MW,PT,PT,actual_load,Actual Load,2026-08-08T17:10:43Z
2026-08-08T17:04:37Z,2026-08-08T19:04:37+0200,5520ccc5-4503-4071-9cae-28eeabcf3914,2026-08-08T10:00:00Z,2026-08-08T12:00:00+0200,5674.6,MW,PT,PT,actual_load,Actual Load,2026-08-08T17:10:43Z
2026-08-08T17:04:37Z,2026-08-08T19:04:37+0200,5520ccc5-4503-4071-9cae-28eeabcf3914,2026-08-08T11:00:00Z,2026-08-08T13:00:00+0200,5722.7,MW,PT,PT,actual_load,Actual Load,2026-08-08T17:10:43Z
2026-08-08T17:04:37Z,2026-08-08T19:04:37+0200,5520ccc5-4503-4071-9cae-28eeabcf3914,2026-08-08T12:00:00Z,2026-08-08T14:00:00+0200,5396.4,MW,PT,PT,actual_load,Actual Load,2026-08-08T17:10:43Z
2026-08-08T17:04:37Z,2026-08-08T19:04:37+0200,5520ccc5-4503-4071-9cae-28eeabcf3914,2026-08-08T13:00:00Z,2026-08-08T15:00:00+0200,5219.2,MW,PT,PT,actual_load,Actual Load,2026-08-08T17:10:43Z
2026-08-08T17:04:37Z,2026-08-08T19:04:37+0200,5520ccc5-4503-4071-9cae-28eeabcf3914,2026-08-08T14:00:00Z,2026-08-08T16:00:00+0200,5244.6,MW,PT,PT,actual_load,Actual Load,2026-08-08T17:10:43Z
2026-08-08T17:04:37Z,2026-08-08T19:04:37+0200,5520ccc5-4503-4071-9cae-28eeabcf3914,2026-08-08T15:00:00Z,2026-08-08T17:00:00+0200,5397.3,MW,PT,PT,actual_load,Actual Load,2026-08-08T17:10:43Z
