collection_time_utc,collection_time_local,run_id,timestamp_utc,timestamp_local,value,unit,country,entsoe_area,variable,source,updated_at_utc
2026-08-20T16:04:29Z,2026-08-20T18:04:29+0200,dd15a85f-2092-48e6-b6c0-eb82565d66bc,2026-07-20T17:00:00Z,2026-07-20T19:00:00+0200,6784.9,MW,PT,PT,actual_load,Actual Load,2026-08-20T16:15:20Z
2026-08-20T16:04:29Z,2026-08-20T18:04:29+0200,dd15a85f-2092-48e6-b6c0-eb82565d66bc,2026-07-20T18:00:00Z,2026-07-20T20:00:00+0200,7268.8,MW,PT,PT,actual_load,Actual Load,2026-08-20T16:15:20Z
2026-08-20T16:04:29Z,2026-08-20T18:04:29+0200,dd15a85f-2092-48e6-b6c0-eb82565d66bc,2026-07-20T19:00:00Z,2026-07-20T21:00:00+0200,7407.2,MW,PT,PT,actual_load,Actual Load,2026-08-20T16:15:20Z
2026-08-20T16:04:29Z,2026-08-20T18:04:29+0200,dd15a85f-2092-48e6-b6c0-eb82565d66bc,2026-07-20T20:00:00Z,2026-07-20T22:00:00+0200,7312.3,MW,PT,PT,actual_load,Actual Load,2026-08-20T16:15:20Z
2026-08-20T16:04:29Z,2026-08-20T18:04:29+0200,dd15a85f-2092-48e6-b6c0-eb82565d66bc,2026-07-20T21:00:00Z,2026-07-20T23:00:00+0200,6869.4,MW,PT,PT,actual_load,Actual Load,2026-08-20T16:15:20Z
2026-08-20T16:04:29Z,2026-08-20T18:04:29+0200,dd15a85f-2092-48e6-b6c0-eb82565d66bc,2026-07-20T22:00:00Z,2026-07-21T00:00:00+0200,6303.0,MW,PT,PT,actual_load,Actual Load,2026-08-20T16:15:20Z
2026-08-20T16:04:29Z,2026-08-20T18:04:29+0200,dd15a85f-2092-48e6-b6c0-eb82565d66bc,2026-07-20T23:00:00Z,2026-07-21T01:00:00+0200,5793.2,MW,PT,PT,actual_load,Actual Load,2026-08-20T16:15:20Z
2026-08-20T16:04:29Z,2026-08-20T18:04:29+0200,dd15a85f-2092-48e6-b6c0-eb82565d66bc,2026-07-21T00:00:00Z,2026-07-21T02:00:00+0200,5434.1,MW,PT,PT,actual_load,Actual Load,2026-08-20T16:15:20Z
2026-08-20T16:04:29Z,2026-08-20T18:04:29+0200,dd15a85f-2092-48e6-b6c0-eb82565d66bc,2026-07-21T01:00:00Z,2026-07-21T03:00:00+0200,5199.8,MW,PT,PT,actual_load,Actual Load,2026-08-20T16:15:20Z
2026-08-20T16:04:29Z,2026-08-20T18:04:29+0200,dd15a85f-2092-48e6-b6c0-eb82565d66bc,2026-07-21T02:00:00Z,2026-07-21T04:00:00+0200,5086.6,MW,PT,PT,actual_load,Actual Load,2026-08-20T16:15:20Z
2026-08-20T16:04:29Z,2026-08-20T18:04:29+0200,dd15a85f-2092-48e6-b6c0-eb82565d66bc,2026-07-21T03:00:00Z,2026-07-21T05:00:00+0200,5024.7,MW,PT,PT,actual_load,Actual Load,2026-08-20T16:15:20Z
2026-08-20T16:04:29Z,2026-08-20T18:04:29+0200,dd15a85f-2092-48e6-b6c0-eb82565d66bc,2026-07-21T04:00:00Z,2026-07-21T06:00:00+0200,5113.0,MW,PT,PT,actual_load,Actual Load,2026-08-20T16:15:20Z
2026-08-20T16:04:29Z,2026-08-20T18:04:29+0200,dd15a85f-2092-48e6-b6c0-eb82565d66bc,2026-07-21T05:00:00Z,2026-07-21T07:00:00+0200,5394.9,MW,PT,PT,actual_load,Actual Load,2026-08-20T16:15:20Z
2026-08-20T16:04:29Z,2026-08-20T18:04:29+0200,dd15a85f-2092-48e6-b6c0-eb82565d66bc,2026-07-21T06:00:00Z,2026-07-21T08:00:00+0200,5875.8,MW,PT,PT,actual_load,Actual Load,2026-08-20T16:15:20Z
2026-08-20T16:04:29Z,2026-08-20T18:04:29+0200,dd15a85f-2092-48e6-b6c0-eb82565d66bc,2026-07-21T07:00:00Z,2026-07-21T09:00:00+0200,6581.4,MW,PT,PT,actual_load,Actual Load,2026-08-20T16:15:20Z
2026-08-20T16:04:29Z,2026-08-20T18:04:29+0200,dd15a85f-2092-48e6-b6c0-eb82565d66bc,2026-07-21T08:00:00Z,2026-07-21T10:00:00+0200,6891.6,MW,PT,PT,actual_load,Actual Load,2026-08-20T16:15:20Z
2026-08-20T16:04:29Z,2026-08-20T18:04:29+0200,dd15a85f-2092-48e6-b6c0-eb82565d66bc,2026-07-21T09:00:00Z,2026-07-21T11:00:00+0200,6889.1,MW,PT,PT,actual_load,Actual Load,2026-08-20T16:15:20Z
2026-08-20T16:04:29Z,2026-08-20T18:04:29+0200,dd15a85f-2092-48e6-b6c0-eb82565d66bc,2026-07-21T10:00:00Z,2026-07-21T12:00:00+0200,6857.1,MW,PT,PT,actual_load,Actual Load,2026-08-20T16:15:20Z
2026-08-20T16:04:29Z,2026-08-20T18:04:29+0200,dd15a85f-2092-48e6-b6c0-eb82565d66bc,2026-07-21T11:00:00Z,2026-07-21T13:00:00+0200,6624.6,MW,PT,PT,actual_load,Actual Load,2026-08-20T16:15:20Z
2026-08-20T16:04:29Z,2026-08-20T18:04:29+0200,dd15a85f-2092-48e6-b6c0-eb82565d66bc,2026-07-21T12:00:00Z,2026-07-21T14:00:00+0200,6460.0,MW,PT,PT,actual_load,Actual Load,2026-08-20T16:15:20Z
2026-08-20T16:04:29Z,2026-08-20T18:04:29+0200,dd15a85f-2092-48e6-b6c0-eb82565d66bc,2026-07-21T13:00:00Z,2026-07-21T15:00:00+0200,6582.4,MW,PT,PT,actual_load,Actual Load,2026-08-20T16:15:20Z
2026-08-20T16:04:29Z,2026-08-20T18:04:29+0200,dd15a85f-2092-48e6-b6c0-eb82565d66bc,2026-07-21T14:00:00Z,2026-07-21T16:00:00+0200,6576.5,MW,PT,PT,actual_load,Actual Load,2026-08-20T16:15:20Z
2026-08-20T16:04:29Z,2026-08-20T18:04:29+0200,dd15a85f-2092-48e6-b6c0-eb82565d66bc,2026-07-21T15:00:00Z,2026-07-21T17:00:00+0200,6591.4,MW,PT,PT,actual_load,Actual Load,2026-08-20T16:15:20Z
2026-08-20T16:04:29Z,2026-08-20T18:04:29+0200,dd15a85f-2092-48e6-b6c0-eb82565d66bc,2026-07-21T16:00:00Z,2026-07-21T18:00:00+0200,6654.6,MW,PT,PT,actual_load,Actual Load,2026-08-20T16:15:20Z
2026-08-20T16:04:29Z,2026-08-20T18:04:29+0200,dd15a85f-2092-48e6-b6c0-eb82565d66bc,2026-07-21T17:00:00Z,2026-07-21T19:00:00+0200,6931.7,MW,PT,PT,actual_load,Actual Load,2026-08-20T16:15:20Z
2026-08-20T16:04:29Z,2026-08-20T18:04:29+0200,dd15a85f-2092-48e6-b6c0-eb82565d66bc,2026-07-21T18:00:00Z,2026-07-21T20:00:00+0200,7439.7,MW,PT,PT,actual_load,Actual Load,2026-08-20T16:15:20Z
2026-08-20T16:04:29Z,2026-08-20T18:04:29+0200,dd15a85f-2092-48e6-b6c0-eb82565d66bc,2026-07-21T19:00:00Z,2026-07-21T21:00:00+0200,7571.2,MW,PT,PT,actual_load,Actual Load,2026-08-20T16:15:20Z
2026-08-20T16:04:29Z,2026-08-20T18:04:29+0200,dd15a85f-2092-48e6-b6c0-eb82565d66bc,2026-07-21T20:00:00Z,2026-07-21T22:00:00+0200,7468.1,MW,PT,PT,actual_load,Actual Load,2026-08-20T16:15:20Z
2026-08-20T16:04:29Z,2026-08-20T18:04:29+0200,dd15a85f-2092-48e6-b6c0-eb82565d66bc,2026-07-21T21:00:00Z,2026-07-21T23:00:00+0200,7012.7,MW,PT,PT,actual_load,Actual Load,2026-08-20T16:15:20Z
2026-08-20T16:04:29Z,2026-08-20T18:04:29+0200,dd15a85f-2092-48e6-b6c0-eb82565d66bc,2026-07-21T22:00:00Z,2026-07-22T00:00:00+0200,6392.9,MW,PT,PT,actual_load,Actual Load,2026-08-20T16:15:20Z
2026-08-20T16:04:29Z,2026-08-20T18:04:29+0200,dd15a85f-2092-48e6-b6c0-eb82565d66bc,2026-07-21T23:00:00Z,2026-07-22T01:00:00+0200,5885.2,MW,PT,PT,actual_load,Actual Load,2026-08-20T16:15:20Z
2026-08-20T16:04:29Z,2026-08-20T18:04:29+0200,dd15a85f-2092-48e6-b6c0-eb82565d66bc,2026-07-22T00:00:00Z,2026-07-22T02:00:00+0200,5566.6,MW,PT,PT,actual_load,Actual Load,2026-08-20T16:15:20Z
2026-08-20T16:04:29Z,2026-08-20T18:04:29+0200,dd15a85f-2092-48e6-b6c0-eb82565d66bc,2026-07-22T01:00:00Z,2026-07-22T03:00:00+0200,5312.9,MW,PT,PT,actual_load,Actual Load,2026-08-20T16:15:20Z
2026-08-20T16:04:29Z,2026-08-20T18:04:29+0200,dd15a85f-2092-48e6-b6c0-eb82565d66bc,2026-07-22T02:00:00Z,2026-07-22T04:00:00+0200,5160.5,MW,PT,PT,actual_load,Actual Load,2026-08-20T16:15:20Z
2026-08-20T16:04:29Z,2026-08-20T18:04:29+0200,dd15a85f-2092-48e6-b6c0-eb82565d66bc,2026-07-22T03:00:00Z,2026-07-22T05:00:00+0200,5085.9,MW,PT,PT,actual_load,Actual Load,2026-08-20T16:15:20Z
2026-08-20T16:04:29Z,2026-08-20T18:04:29+0200,dd15a85f-2092-48e6-b6c0-eb82565d66bc,2026-07-22T04:00:00Z,2026-07-22T06:00:00+0200,5154.4,MW,PT,PT,actual_load,Actual Load,2026-08-20T16:15:20Z
2026-08-20T16:04:29Z,2026-08-20T18:04:29+0200,dd15a85f-2092-48e6-b6c0-eb82565d66bc,2026-07-22T05:00:00Z,2026-07-22T07:00:00+0200,5426.6,MW,PT,PT,actual_load,Actual Load,2026-08-20T16:15:20Z
2026-08-20T16:04:29Z,2026-08-20T18:04:29+0200,dd15a85f-2092-48e6-b6c0-eb82565d66bc,2026-07-22T06:00:00Z,2026-07-22T08:00:00+0200,5901.0,MW,PT,PT,actual_load,Actual Load,2026-08-20T16:15:20Z
2026-08-20T16:04:29Z,2026-08-20T18:04:29+0200,dd15a85f-2092-48e6-b6c0-eb82565d66bc,2026-07-22T07:00:00Z,2026-07-22T09:00:00+0200,6521.9,MW,PT,PT,actual_load,Actual Load,2026-08-20T16:15:20Z
2026-08-20T16:04:29Z,2026-08-20T18:04:29+0200,dd15a85f-2092-48e6-b6c0-eb82565d66bc,2026-07-22T08:00:00Z,2026-07-22T10:00:00+0200,6823.3,MW,PT,PT,actual_load,Actual Load,2026-08-20T16:15:20Z
2026-08-20T16:04:29Z,2026-08-20T18:04:29+0200,dd15a85f-2092-48e6-b6c0-eb82565d66bc,2026-07-22T09:00:00Z,2026-07-22T11:00:00+0200,6814.8,MW,PT,PT,actual_load,Actual Load,2026-08-20T16:15:20Z
2026-08-20T16:04:29Z,2026-08-20T18:04:29+0200,dd15a85f-2092-48e6-b6c0-eb82565d66bc,2026-07-22T10:00:00Z,2026-07-22T12:00:00+0200,6793.2,MW,PT,PT,actual_load,Actual Load,2026-08-20T16:15:20Z
2026-08-20T16:04:29Z,2026-08-20T18:04:29+0200,dd15a85f-2092-48e6-b6c0-eb82565d66bc,2026-07-22T11:00:00Z,2026-07-22T13:00:00+0200,6574.8,MW,PT,PT,actual_load,Actual Load,2026-08-20T16:15:20Z
2026-08-20T16:04:29Z,2026-08-20T18:04:29+0200,dd15a85f-2092-48e6-b6c0-eb82565d66bc,2026-07-22T12:00:00Z,2026-07-22T14:00:00+0200,6450.0,MW,PT,PT,actual_load,Actual Load,2026-08-20T16:15:20Z
2026-08-20T16:04:29Z,2026-08-20T18:04:29+0200,dd15a85f-2092-48e6-b6c0-eb82565d66bc,2026-07-22T13:00:00Z,2026-07-22T15:00:00+0200,6536.5,MW,PT,PT,actual_load,Actual Load,2026-08-20T16:15:20Z
2026-08-20T16:04:29Z,2026-08-20T18:04:29+0200,dd15a85f-2092-48e6-b6c0-eb82565d66bc,2026-07-22T14:00:00Z,2026-07-22T16:00:00+0200,6522.6,MW,PT,PT,actual_load,Actual Load,2026-08-20T16:15:20Z
2026-08-20T16:04:29Z,2026-08-20T18:04:29+0200,dd15a85f-2092-48e6-b6c0-eb82565d66bc,2026-07-22T15:00:00Z,2026-07-22T17:00:00+0200,6591.2,MW,PT,PT,actual_load,Actual Load,2026-08-20T16:15:20Z
2026-08-20T16:04:29Z,2026-08-20T18:04:29+0200,dd15a85f-2092-48e6-b6c0-eb82565d66bc,2026-07-22T16:00:00Z,2026-07-22T18:00:00+0200,6699.2,MW,PT,PT,actual_load,Actual Load,2026-08-20T16:15:20Z
2026-08-20T16:04:29Z,2026-08-20T18:04:29+0200,dd15a85f-2092-48e6-b6c0-eb82565d66bc,2026-07-22T17:00:00Z,2026-07-22T19:00:00+0200,6948.1,MW,PT,PT,actual_load,Actual Load,2026-08-20T16:15:20Z
2026-08-20T16:04:29Z,2026-08-20T18:04:29+0200,dd15a85f-2092-48e6-b6c0-eb82565d66bc,2026-07-22T18:00:00Z,2026-07-22T20:00:00+0200,7420.4,MW,PT,PT,actual_load,Actual Load,2026-08-20T16:15:20Z
2026-08-20T16:04:29Z,2026-08-20T18:04:29+0200,dd15a85f-2092-48e6-b6c0-eb82565d66bc,2026-07-22T19:00:00Z,2026-07-22T21:00:00+0200,7544.6,MW,PT,PT,actual_load,Actual Load,2026-08-20T16:15:20Z
2026-08-20T16:04:29Z,2026-08-20T18:04:29+0200,dd15a85f-2092-48e6-b6c0-eb82565d66bc,2026-07-22T20:00:00Z,2026-07-22T22:00:00+0200,7449.5,MW,PT,PT,actual_load,Actual Load,2026-08-20T16:15:20Z
2026-08-20T16:04:29Z,2026-08-20T18:04:29+0200,dd15a85f-2092-48e6-b6c0-eb82565d66bc,2026-07-22T21:00:00Z,2026-07-22T23:00:00+0200,6998.0,MW,PT,PT,actual_load,Actual Load,2026-08-20T16:15:20Z
2026-08-20T16:04:29Z,2026-08-20T18:04:29+0200,dd15a85f-2092-48e6-b6c0-eb82565d66bc,2026-07-22T22:00:00Z,2026-07-23T00:00:00+0200,6383.4,MW,PT,PT,actual_load,Actual Load,2026-08-20T16:15:20Z
2026-08-20T16:04:29Z,2026-08-20T18:04:29+0200,dd15a85f-2092-48e6-b6c0-eb82565d66bc,2026-07-22T23:00:00Z,2026-07-23T01:00:00+0200,5915.7,MW,PT,PT,actual_load,Actual Load,2026-08-20T16:15:20Z
2026-08-20T16:04:29Z,2026-08-20T18:04:29+0200,dd15a85f-2092-48e6-b6c0-eb82565d66bc,2026-07-23T00:00:00Z,2026-07-23T02:00:00+0200,5561.1,MW,PT,PT,actual_load,Actual Load,2026-08-20T16:15:20Z
2026-08-20T16:04:29Z,2026-08-20T18:04:29+0200,dd15a85f-2092-48e6-b6c0-eb82565d66bc,2026-07-23T01:00:00Z,2026-07-23T03:00:00+0200,5326.2,MW,PT,PT,actual_load,Actual Load,2026-08-20T16:15:20Z
2026-08-20T16:04:29Z,2026-08-20T18:04:29+0200,dd15a85f-2092-48e6-b6c0-eb82565d66bc,2026-07-23T02:00:00Z,2026-07-23T04:00:00+0200,5185.7,MW,PT,PT,actual_load,Actual Load,2026-08-20T16:15:20Z
2026-08-20T16:04:29Z,2026-08-20T18:04:29+0200,dd15a85f-2092-48e6-b6c0-eb82565d66bc,2026-07-23T03:00:00Z,2026-07-23T05:00:00+0200,5116.2,MW,PT,PT,actual_load,Actual Load,2026-08-20T16:15:20Z
2026-08-20T16:04:29Z,2026-08-20T18:04:29+0200,dd15a85f-2092-48e6-b6c0-eb82565d66bc,2026-07-23T04:00:00Z,2026-07-23T06:00:00+0200,5188.2,MW,PT,PT,actual_load,Actual Load,2026-08-20T16:15:20Z
2026-08-20T16:04:29Z,2026-08-20T18:04:29+0200,dd15a85f-2092-48e6-b6c0-eb82565d66bc,2026-07-23T05:00:00Z,2026-07-23T07:00:00+0200,5445.5,MW,PT,PT,actual_load,Actual Load,2026-08-20T16:15:20Z
2026-08-20T16:04:29Z,2026-08-20T18:04:29+0200,dd15a85f-2092-48e6-b6c0-eb82565d66bc,2026-07-23T06:00:00Z,2026-07-23T08:00:00+0200,5914.3,MW,PT,PT,actual_load,Actual Load,2026-08-20T16:15:20Z
2026-08-20T16:04:29Z,2026-08-20T18:04:29+0200,dd15a85f-2092-48e6-b6c0-eb82565d66bc,2026-07-23T07:00:00Z,2026-07-23T09:00:00+0200,6660.4,MW,PT,PT,actual_load,Actual Load,2026-08-20T16:15:20Z
2026-08-20T16:04:29Z,2026-08-20T18:04:29+0200,dd15a85f-2092-48e6-b6c0-eb82565d66bc,2026-07-23T08:00:00Z,2026-07-23T10:00:00+0200,6985.3,MW,PT,PT,actual_load,Actual Load,2026-08-20T16:15:20Z
2026-08-20T16:04:29Z,2026-08-20T18:04:29+0200,dd15a85f-2092-48e6-b6c0-eb82565d66bc,2026-07-23T09:00:00Z,2026-07-23T11:00:00+0200,6893.9,MW,PT,PT,actual_load,Actual Load,2026-08-20T16:15:20Z
2026-08-20T16:04:29Z,2026-08-20T18:04:29+0200,dd15a85f-2092-48e6-b6c0-eb82565d66bc,2026-07-23T10:00:00Z,2026-07-23T12:00:00+0200,6840.0,MW,PT,PT,actual_load,Actual Load,2026-08-20T16:15:20Z
2026-08-20T16:04:29Z,2026-08-20T18:04:29+0200,dd15a85f-2092-48e6-b6c0-eb82565d66bc,2026-07-23T11:00:00Z,2026-07-23T13:00:00+0200,6628.7,MW,PT,PT,actual_load,Actual Load,2026-08-20T16:15:20Z
2026-08-20T16:04:29Z,2026-08-20T18:04:29+0200,dd15a85f-2092-48e6-b6c0-eb82565d66bc,2026-07-23T12:00:00Z,2026-07-23T14:00:00+0200,6432.2,MW,PT,PT,actual_load,Actual Load,2026-08-20T16:15:20Z
2026-08-20T16:04:29Z,2026-08-20T18:04:29+0200,dd15a85f-2092-48e6-b6c0-eb82565d66bc,2026-07-23T13:00:00Z,2026-07-23T15:00:00+0200,6526.5,MW,PT,PT,actual_load,Actual Load,2026-08-20T16:15:20Z
2026-08-20T16:04:29Z,2026-08-20T18:04:29+0200,dd15a85f-2092-48e6-b6c0-eb82565d66bc,2026-07-23T14:00:00Z,2026-07-23T16:00:00+0200,6586.0,MW,PT,PT,actual_load,Actual Load,2026-08-20T16:15:20Z
2026-08-20T16:04:29Z,2026-08-20T18:04:29+0200,dd15a85f-2092-48e6-b6c0-eb82565d66bc,2026-07-23T15:00:00Z,2026-07-23T17:00:00+0200,6613.7,MW,PT,PT,actual_load,Actual Load,2026-08-20T16:15:20Z
2026-08-20T16:04:29Z,2026-08-20T18:04:29+0200,dd15a85f-2092-48e6-b6c0-eb82565d66bc,2026-07-23T16:00:00Z,2026-07-23T18:00:00+0200,6686.9,MW,PT,PT,actual_load,Actual Load,2026-08-20T16:15:20Z
2026-08-20T16:04:29Z,2026-08-20T18:04:29+0200,dd15a85f-2092-48e6-b6c0-eb82565d66bc,2026-07-23T17:00:00Z,2026-07-23T19:00:00+0200,6903.0,MW,PT,PT,actual_load,Actual Load,2026-08-20T16:15:20Z
2026-08-20T16:04:29Z,2026-08-20T18:04:29+0200,dd15a85f-2092-48e6-b6c0-eb82565d66bc,2026-07-23T18:00:00Z,2026-07-23T20:00:00+0200,7346.8,MW,PT,PT,actual_load,Actual Load,2026-08-20T16:15:20Z
2026-08-20T16:04:29Z,2026-08-20T18:04:29+0200,dd15a85f-2092-48e6-b6c0-eb82565d66bc,2026-07-23T19:00:00Z,2026-07-23T21:00:00+0200,7429.7,MW,PT,PT,actual_load,Actual Load,2026-08-20T16:15:20Z
2026-08-20T16:04:29Z,2026-08-20T18:04:29+0200,dd15a85f-2092-48e6-b6c0-eb82565d66bc,2026-07-23T20:00:00Z,2026-07-23T22:00:00+0200,7345.4,MW,PT,PT,actual_load,Actual Load,2026-08-20T16:15:20Z
2026-08-20T16:04:29Z,2026-08-20T18:04:29+0200,dd15a85f-2092-48e6-b6c0-eb82565d66bc,2026-07-23T21:00:00Z,2026-07-23T23:00:00+0200,6889.5,MW,PT,PT,actual_load,Actual Load,2026-08-20T16:15:20Z
2026-08-20T16:04:29Z,2026-08-20T18:04:29+0200,dd15a85f-2092-48e6-b6c0-eb82565d66bc,2026-07-23T22:00:00Z,2026-07-24T00:00:00+0200,6328.0,MW,PT,PT,actual_load,Actual Load,2026-08-20T16:15:20Z
2026-08-20T16:04:29Z,2026-08-20T18:04:29+0200,dd15a85f-2092-48e6-b6c0-eb82565d66bc,2026-07-23T23:00:00Z,2026-07-24T01:00:00+0200,5873.5,MW,PT,PT,actual_load,Actual Load,2026-08-20T16:15:20Z
2026-08-20T16:04:29Z,2026-08-20T18:04:29+0200,dd15a85f-2092-48e6-b6c0-eb82565d66bc,2026-07-24T00:00:00Z,2026-07-24T02:00:00+0200,5598.6,MW,PT,PT,actual_load,Actual Load,2026-08-20T16:15:20Z
2026-08-20T16:04:29Z,2026-08-20T18:04:29+0200,dd15a85f-2092-48e6-b6c0-eb82565d66bc,2026-07-24T01:00:00Z,2026-07-24T03:00:00+0200,5371.6,MW,PT,PT,actual_load,Actual Load,2026-08-20T16:15:20Z
2026-08-20T16:04:29Z,2026-08-20T18:04:29+0200,dd15a85f-2092-48e6-b6c0-eb82565d66bc,2026-07-24T02:00:00Z,2026-07-24T04:00:00+0200,5233.8,MW,PT,PT,actual_load,Actual Load,2026-08-20T16:15:20Z
2026-08-20T16:04:29Z,2026-08-20T18:04:29+0200,dd15a85f-2092-48e6-b6c0-eb82565d66bc,2026-07-24T03:00:00Z,2026-07-24T05:00:00+0200,5161.7,MW,PT,PT,actual_load,Actual Load,2026-08-20T16:15:20Z
2026-08-20T16:04:29Z,2026-08-20T18:04:29+0200,dd15a85f-2092-48e6-b6c0-eb82565d66bc,2026-07-24T04:00:00Z,2026-07-24T06:00:00+0200,5243.2,MW,PT,PT,actual_load,Actual Load,2026-08-20T16:15:20Z
2026-08-20T16:04:29Z,2026-08-20T18:04:29+0200,dd15a85f-2092-48e6-b6c0-eb82565d66bc,2026-07-24T05:00:00Z,2026-07-24T07:00:00+0200,5508.2,MW,PT,PT,actual_load,Actual Load,2026-08-20T16:15:20Z
2026-08-20T16:04:29Z,2026-08-20T18:04:29+0200,dd15a85f-2092-48e6-b6c0-eb82565d66bc,2026-07-24T06:00:00Z,2026-07-24T08:00:00+0200,5977.2,MW,PT,PT,actual_load,Actual Load,2026-08-20T16:15:20Z
2026-08-20T16:04:29Z,2026-08-20T18:04:29+0200,dd15a85f-2092-48e6-b6c0-eb82565d66bc,2026-07-24T07:00:00Z,2026-07-24T09:00:00+0200,6732.0,MW,PT,PT,actual_load,Actual Load,2026-08-20T16:15:20Z
2026-08-20T16:04:29Z,2026-08-20T18:04:29+0200,dd15a85f-2092-48e6-b6c0-eb82565d66bc,2026-07-24T08:00:00Z,2026-07-24T10:00:00+0200,7044.3,MW,PT,PT,actual_load,Actual Load,2026-08-20T16:15:20Z
2026-08-20T16:04:29Z,2026-08-20T18:04:29+0200,dd15a85f-2092-48e6-b6c0-eb82565d66bc,2026-07-24T09:00:00Z,2026-07-24T11:00:00+0200,6997.7,MW,PT,PT,actual_load,Actual Load,2026-08-20T16:15:20Z
2026-08-20T16:04:29Z,2026-08-20T18:04:29+0200,dd15a85f-2092-48e6-b6c0-eb82565d66bc,2026-07-24T10:00:00Z,2026-07-24T12:00:00+0200,6975.1,MW,PT,PT,actual_load,Actual Load,2026-08-20T16:15:20Z
2026-08-20T16:04:29Z,2026-08-20T18:04:29+0200,dd15a85f-2092-48e6-b6c0-eb82565d66bc,2026-07-24T11:00:00Z,2026-07-24T13:00:00+0200,6797.1,MW,PT,PT,actual_load,Actual Load,2026-08-20T16:15:20Z
2026-08-20T16:04:29Z,2026-08-20T18:04:29+0200,dd15a85f-2092-48e6-b6c0-eb82565d66bc,2026-07-24T12:00:00Z,2026-07-24T14:00:00+0200,6590.6,MW,PT,PT,actual_load,Actual Load,2026-08-20T16:15:20Z
2026-08-20T16:04:29Z,2026-08-20T18:04:29+0200,dd15a85f-2092-48e6-b6c0-eb82565d66bc,2026-07-24T13:00:00Z,2026-07-24T15:00:00+0200,6651.1,MW,PT,PT,actual_load,Actual Load,2026-08-20T16:15:20Z
2026-08-20T16:04:29Z,2026-08-20T18:04:29+0200,dd15a85f-2092-48e6-b6c0-eb82565d66bc,2026-07-24T14:00:00Z,2026-07-24T16:00:00+0200,6563.8,MW,PT,PT,actual_load,Actual Load,2026-08-20T16:15:20Z
2026-08-20T16:04:29Z,2026-08-20T18:04:29+0200,dd15a85f-2092-48e6-b6c0-eb82565d66bc,2026-07-24T15:00:00Z,2026-07-24T17:00:00+0200,6633.2,MW,PT,PT,actual_load,Actual Load,2026-08-20T16:15:20Z
2026-08-20T16:04:29Z,2026-08-20T18:04:29+0200,dd15a85f-2092-48e6-b6c0-eb82565d66bc,2026-07-24T16:00:00Z,2026-07-24T18:00:00+0200,6676.8,MW,PT,PT,actual_load,Actual Load,2026-08-20T16:15:20Z
2026-08-20T16:04:29Z,2026-08-20T18:04:29+0200,dd15a85f-2092-48e6-b6c0-eb82565d66bc,2026-07-24T17:00:00Z,2026-07-24T19:00:00+0200,6896.4,MW,PT,PT,actual_load,Actual Load,2026-08-20T16:15:20Z
2026-08-20T16:04:29Z,2026-08-20T18:04:29+0200,dd15a85f-2092-48e6-b6c0-eb82565d66bc,2026-07-24T18:00:00Z,2026-07-24T20:00:00+0200,7096.9,MW,PT,PT,actual_load,Actual Load,2026-08-20T16:15:20Z
2026-08-20T16:04:29Z,2026-08-20T18:04:29+0200,dd15a85f-2092-48e6-b6c0-eb82565d66bc,2026-07-24T19:00:00Z,2026-07-24T21:00:00+0200,7110.0,MW,PT,PT,actual_load,Actual Load,2026-08-20T16:15:20Z
2026-08-20T16:04:29Z,2026-08-20T18:04:29+0200,dd15a85f-2092-48e6-b6c0-eb82565d66bc,2026-07-24T20:00:00Z,2026-07-24T22:00:00+0200,7018.3,MW,PT,PT,actual_load,Actual Load,2026-08-20T16:15:20Z
2026-08-20T16:04:29Z,2026-08-20T18:04:29+0200,dd15a85f-2092-48e6-b6c0-eb82565d66bc,2026-07-24T21:00:00Z,2026-07-24T23:00:00+0200,6574.8,MW,PT,PT,actual_load,Actual Load,2026-08-20T16:15:20Z
2026-08-20T16:04:29Z,2026-08-20T18:04:29+0200,dd15a85f-2092-48e6-b6c0-eb82565d66bc,2026-07-24T22:00:00Z,2026-07-25T00:00:00+0200,6103.2,MW,PT,PT,actual_load,Actual Load,2026-08-20T16:15:20Z
2026-08-20T16:04:29Z,2026-08-20T18:04:29+0200,dd15a85f-2092-48e6-b6c0-eb82565d66bc,2026-07-24T23:00:00Z,2026-07-25T01:00:00+0200,5699.9,MW,PT,PT,actual_load,Actual Load,2026-08-20T16:15:20Z
2026-08-20T16:04:29Z,2026-08-20T18:04:29+0200,dd15a85f-2092-48e6-b6c0-eb82565d66bc,2026-07-25T00:00:00Z,2026-07-25T02:00:00+0200,5385.7,MW,PT,PT,actual_load,Actual Load,2026-08-20T16:15:20Z
2026-08-20T16:04:29Z,2026-08-20T18:04:29+0200,dd15a85f-2092-48e6-b6c0-eb82565d66bc,2026-07-25T01:00:00Z,2026-07-25T03:00:00+0200,5146.4,MW,PT,PT,actual_load,Actual Load,2026-08-20T16:15:20Z
2026-08-20T16:04:29Z,2026-08-20T18:04:29+0200,dd15a85f-2092-48e6-b6c0-eb82565d66bc,2026-07-25T02:00:00Z,2026-07-25T04:00:00+0200,4996.5,MW,PT,PT,actual_load,Actual Load,2026-08-20T16:15:20Z
2026-08-20T16:04:29Z,2026-08-20T18:04:29+0200,dd15a85f-2092-48e6-b6c0-eb82565d66bc,2026-07-25T03:00:00Z,2026-07-25T05:00:00+0200,4900.3,MW,PT,PT,actual_load,Actual Load,2026-08-20T16:15:20Z
2026-08-20T16:04:29Z,2026-08-20T18:04:29+0200,dd15a85f-2092-48e6-b6c0-eb82565d66bc,2026-07-25T04:00:00Z,2026-07-25T06:00:00+0200,4886.8,MW,PT,PT,actual_load,Actual Load,2026-08-20T16:15:20Z
2026-08-20T16:04:29Z,2026-08-20T18:04:29+0200,dd15a85f-2092-48e6-b6c0-eb82565d66bc,2026-07-25T05:00:00Z,2026-07-25T07:00:00+0200,4904.3,MW,PT,PT,actual_load,Actual Load,2026-08-20T16:15:20Z
2026-08-20T16:04:29Z,2026-08-20T18:04:29+0200,dd15a85f-2092-48e6-b6c0-eb82565d66bc,2026-07-25T06:00:00Z,2026-07-25T08:00:00+0200,5045.7,MW,PT,PT,actual_load,Actual Load,2026-08-20T16:15:20Z
2026-08-20T16:04:29Z,2026-08-20T18:04:29+0200,dd15a85f-2092-48e6-b6c0-eb82565d66bc,2026-07-25T07:00:00Z,2026-07-25T09:00:00+0200,5438.6,MW,PT,PT,actual_load,Actual Load,2026-08-20T16:15:20Z
2026-08-20T16:04:29Z,2026-08-20T18:04:29+0200,dd15a85f-2092-48e6-b6c0-eb82565d66bc,2026-07-25T08:00:00Z,2026-07-25T10:00:00+0200,5661.9,MW,PT,PT,actual_load,Actual Load,2026-08-20T16:15:20Z
2026-08-20T16:04:29Z,2026-08-20T18:04:29+0200,dd15a85f-2092-48e6-b6c0-eb82565d66bc,2026-07-25T09:00:00Z,2026-07-25T11:00:00+0200,5753.4,MW,PT,PT,actual_load,Actual Load,2026-08-20T16:15:20Z
2026-08-20T16:04:29Z,2026-08-20T18:04:29+0200,dd15a85f-2092-48e6-b6c0-eb82565d66bc,2026-07-25T10:00:00Z,2026-07-25T12:00:00+0200,5764.3,MW,PT,PT,actual_load,Actual Load,2026-08-20T16:15:20Z
2026-08-20T16:04:29Z,2026-08-20T18:04:29+0200,dd15a85f-2092-48e6-b6c0-eb82565d66bc,2026-07-25T11:00:00Z,2026-07-25T13:00:00+0200,5735.7,MW,PT,PT,actual_load,Actual Load,2026-08-20T16:15:20Z
2026-08-20T16:04:29Z,2026-08-20T18:04:29+0200,dd15a85f-2092-48e6-b6c0-eb82565d66bc,2026-07-25T12:00:00Z,2026-07-25T14:00:00+0200,5492.6,MW,PT,PT,actual_load,Actual Load,2026-08-20T16:15:20Z
2026-08-20T16:04:29Z,2026-08-20T18:04:29+0200,dd15a85f-2092-48e6-b6c0-eb82565d66bc,2026-07-25T13:00:00Z,2026-07-25T15:00:00+0200,5340.4,MW,PT,PT,actual_load,Actual Load,2026-08-20T16:15:20Z
2026-08-20T16:04:29Z,2026-08-20T18:04:29+0200,dd15a85f-2092-48e6-b6c0-eb82565d66bc,2026-07-25T14:00:00Z,2026-07-25T16:00:00+0200,5230.9,MW,PT,PT,actual_load,Actual Load,2026-08-20T16:15:20Z
2026-08-20T16:04:29Z,2026-08-20T18:04:29+0200,dd15a85f-2092-48e6-b6c0-eb82565d66bc,2026-07-25T15:00:00Z,2026-07-25T17:00:00+0200,5240.0,MW,PT,PT,actual_load,Actual Load,2026-08-20T16:15:20Z
2026-08-20T16:04:29Z,2026-08-20T18:04:29+0200,dd15a85f-2092-48e6-b6c0-eb82565d66bc,2026-07-25T16:00:00Z,2026-07-25T18:00:00+0200,5450.2,MW,PT,PT,actual_load,Actual Load,2026-08-20T16:15:20Z
2026-08-20T16:04:29Z,2026-08-20T18:04:29+0200,dd15a85f-2092-48e6-b6c0-eb82565d66bc,2026-07-25T17:00:00Z,2026-07-25T19:00:00+0200,5780.4,MW,PT,PT,actual_load,Actual Load,2026-08-20T16:15:20Z
2026-08-20T16:04:29Z,2026-08-20T18:04:29+0200,dd15a85f-2092-48e6-b6c0-eb82565d66bc,2026-07-25T18:00:00Z,2026-07-25T20:00:00+0200,6161.3,MW,PT,PT,actual_load,Actual Load,2026-08-20T16:15:20Z
2026-08-20T16:04:29Z,2026-08-20T18:04:29+0200,dd15a85f-2092-48e6-b6c0-eb82565d66bc,2026-07-25T19:00:00Z,2026-07-25T21:00:00+0200,6275.7,MW,PT,PT,actual_load,Actual Load,2026-08-20T16:15:20Z
2026-08-20T16:04:29Z,2026-08-20T18:04:29+0200,dd15a85f-2092-48e6-b6c0-eb82565d66bc,2026-07-25T20:00:00Z,2026-07-25T22:00:00+0200,6235.9,MW,PT,PT,actual_load,Actual Load,2026-08-20T16:15:20Z
2026-08-20T16:04:29Z,2026-08-20T18:04:29+0200,dd15a85f-2092-48e6-b6c0-eb82565d66bc,2026-07-25T21:00:00Z,2026-07-25T23:00:00+0200,5923.7,MW,PT,PT,actual_load,Actual Load,2026-08-20T16:15:20Z
2026-08-20T16:04:29Z,2026-08-20T18:04:29+0200,dd15a85f-2092-48e6-b6c0-eb82565d66bc,2026-07-25T22:00:00Z,2026-07-26T00:00:00+0200,5570.3,MW,PT,PT,actual_load,Actual Load,2026-08-20T16:15:20Z
2026-08-20T16:04:29Z,2026-08-20T18:04:29+0200,dd15a85f-2092-48e6-b6c0-eb82565d66bc,2026-07-25T23:00:00Z,2026-07-26T01:00:00+0200,5223.4,MW,PT,PT,actual_load,Actual Load,2026-08-20T16:15:20Z
2026-08-20T16:04:29Z,2026-08-20T18:04:29+0200,dd15a85f-2092-48e6-b6c0-eb82565d66bc,2026-07-26T00:00:00Z,2026-07-26T02:00:00+0200,4949.1,MW,PT,PT,actual_load,Actual Load,2026-08-20T16:15:20Z
2026-08-20T16:04:29Z,2026-08-20T18:04:29+0200,dd15a85f-2092-48e6-b6c0-eb82565d66bc,2026-07-26T01:00:00Z,2026-07-26T03:00:00+0200,4718.8,MW,PT,PT,actual_load,Actual Load,2026-08-20T16:15:20Z
2026-08-20T16:04:29Z,2026-08-20T18:04:29+0200,dd15a85f-2092-48e6-b6c0-eb82565d66bc,2026-07-26T02:00:00Z,2026-07-26T04:00:00+0200,4574.7,MW,PT,PT,actual_load,Actual Load,2026-08-20T16:15:20Z
2026-08-20T16:04:29Z,2026-08-20T18:04:29+0200,dd15a85f-2092-48e6-b6c0-eb82565d66bc,2026-07-26T03:00:00Z,2026-07-26T05:00:00+0200,4460.3,MW,PT,PT,actual_load,Actual Load,2026-08-20T16:15:20Z
2026-08-20T16:04:29Z,2026-08-20T18:04:29+0200,dd15a85f-2092-48e6-b6c0-eb82565d66bc,2026-07-26T04:00:00Z,2026-07-26T06:00:00+0200,4460.0,MW,PT,PT,actual_load,Actual Load,2026-08-20T16:15:20Z
2026-08-20T16:04:29Z,2026-08-20T18:04:29+0200,dd15a85f-2092-48e6-b6c0-eb82565d66bc,2026-07-26T05:00:00Z,2026-07-26T07:00:00+0200,4414.8,MW,PT,PT,actual_load,Actual Load,2026-08-20T16:15:20Z
2026-08-20T16:04:29Z,2026-08-20T18:04:29+0200,dd15a85f-2092-48e6-b6c0-eb82565d66bc,2026-07-26T06:00:00Z,2026-07-26T08:00:00+0200,4494.0,MW,PT,PT,actual_load,Actual Load,2026-08-20T16:15:20Z
2026-08-20T16:04:29Z,2026-08-20T18:04:29+0200,dd15a85f-2092-48e6-b6c0-eb82565d66bc,2026-07-26T07:00:00Z,2026-07-26T09:00:00+0200,4662.4,MW,PT,PT,actual_load,Actual Load,2026-08-20T16:15:20Z
2026-08-20T16:04:29Z,2026-08-20T18:04:29+0200,dd15a85f-2092-48e6-b6c0-eb82565d66bc,2026-07-26T08:00:00Z,2026-07-26T10:00:00+0200,4836.8,MW,PT,PT,actual_load,Actual Load,2026-08-20T16:15:20Z
2026-08-20T16:04:29Z,2026-08-20T18:04:29+0200,dd15a85f-2092-48e6-b6c0-eb82565d66bc,2026-07-26T09:00:00Z,2026-07-26T11:00:00+0200,4945.3,MW,PT,PT,actual_load,Actual Load,2026-08-20T16:15:20Z
2026-08-20T16:04:29Z,2026-08-20T18:04:29+0200,dd15a85f-2092-48e6-b6c0-eb82565d66bc,2026-07-26T10:00:00Z,2026-07-26T12:00:00+0200,5067.5,MW,PT,PT,actual_load,Actual Load,2026-08-20T16:15:20Z
2026-08-20T16:04:29Z,2026-08-20T18:04:29+0200,dd15a85f-2092-48e6-b6c0-eb82565d66bc,2026-07-26T11:00:00Z,2026-07-26T13:00:00+0200,5107.9,MW,PT,PT,actual_load,Actual Load,2026-08-20T16:15:20Z
2026-08-20T16:04:29Z,2026-08-20T18:04:29+0200,dd15a85f-2092-48e6-b6c0-eb82565d66bc,2026-07-26T12:00:00Z,2026-07-26T14:00:00+0200,4926.0,MW,PT,PT,actual_load,Actual Load,2026-08-20T16:15:20Z
2026-08-20T16:04:29Z,2026-08-20T18:04:29+0200,dd15a85f-2092-48e6-b6c0-eb82565d66bc,2026-07-26T13:00:00Z,2026-07-26T15:00:00+0200,4769.1,MW,PT,PT,actual_load,Actual Load,2026-08-20T16:15:20Z
2026-08-20T16:04:29Z,2026-08-20T18:04:29+0200,dd15a85f-2092-48e6-b6c0-eb82565d66bc,2026-07-26T14:00:00Z,2026-07-26T16:00:00+0200,4740.8,MW,PT,PT,actual_load,Actual Load,2026-08-20T16:15:20Z
2026-08-20T16:04:29Z,2026-08-20T18:04:29+0200,dd15a85f-2092-48e6-b6c0-eb82565d66bc,2026-07-26T15:00:00Z,2026-07-26T17:00:00+0200,4843.4,MW,PT,PT,actual_load,Actual Load,2026-08-20T16:15:20Z
2026-08-20T16:04:29Z,2026-08-20T18:04:29+0200,dd15a85f-2092-48e6-b6c0-eb82565d66bc,2026-07-26T16:00:00Z,2026-07-26T18:00:00+0200,5123.5,MW,PT,PT,actual_load,Actual Load,2026-08-20T16:15:20Z
2026-08-20T16:04:29Z,2026-08-20T18:04:29+0200,dd15a85f-2092-48e6-b6c0-eb82565d66bc,2026-07-26T17:00:00Z,2026-07-26T19:00:00+0200,5546.2,MW,PT,PT,actual_load,Actual Load,2026-08-20T16:15:20Z
2026-08-20T16:04:29Z,2026-08-20T18:04:29+0200,dd15a85f-2092-48e6-b6c0-eb82565d66bc,2026-07-26T18:00:00Z,2026-07-26T20:00:00+0200,6031.1,MW,PT,PT,actual_load,Actual Load,2026-08-20T16:15:20Z
2026-08-20T16:04:29Z,2026-08-20T18:04:29+0200,dd15a85f-2092-48e6-b6c0-eb82565d66bc,2026-07-26T19:00:00Z,2026-07-26T21:00:00+0200,6291.9,MW,PT,PT,actual_load,Actual Load,2026-08-20T16:15:20Z
2026-08-20T16:04:29Z,2026-08-20T18:04:29+0200,dd15a85f-2092-48e6-b6c0-eb82565d66bc,2026-07-26T20:00:00Z,2026-07-26T22:00:00+0200,6411.7,MW,PT,PT,actual_load,Actual Load,2026-08-20T16:15:20Z
2026-08-20T16:04:29Z,2026-08-20T18:04:29+0200,dd15a85f-2092-48e6-b6c0-eb82565d66bc,2026-07-26T21:00:00Z,2026-07-26T23:00:00+0200,6082.3,MW,PT,PT,actual_load,Actual Load,2026-08-20T16:15:20Z
2026-08-20T16:04:29Z,2026-08-20T18:04:29+0200,dd15a85f-2092-48e6-b6c0-eb82565d66bc,2026-07-26T22:00:00Z,2026-07-27T00:00:00+0200,5628.9,MW,PT,PT,actual_load,Actual Load,2026-08-20T16:15:20Z
2026-08-20T16:04:29Z,2026-08-20T18:04:29+0200,dd15a85f-2092-48e6-b6c0-eb82565d66bc,2026-07-26T23:00:00Z,2026-07-27T01:00:00+0200,5366.9,MW,PT,PT,actual_load,Actual Load,2026-08-20T16:15:20Z
2026-08-20T16:04:29Z,2026-08-20T18:04:29+0200,dd15a85f-2092-48e6-b6c0-eb82565d66bc,2026-07-27T00:00:00Z,2026-07-27T02:00:00+0200,5077.2,MW,PT,PT,actual_load,Actual Load,2026-08-20T16:15:20Z
2026-08-20T16:04:29Z,2026-08-20T18:04:29+0200,dd15a85f-2092-48e6-b6c0-eb82565d66bc,2026-07-27T01:00:00Z,2026-07-27T03:00:00+0200,4860.1,MW,PT,PT,actual_load,Actual Load,2026-08-20T16:15:20Z
2026-08-20T16:04:29Z,2026-08-20T18:04:29+0200,dd15a85f-2092-48e6-b6c0-eb82565d66bc,2026-07-27T02:00:00Z,2026-07-27T04:00:00+0200,4750.1,MW,PT,PT,actual_load,Actual Load,2026-08-20T16:15:20Z
2026-08-20T16:04:29Z,2026-08-20T18:04:29+0200,dd15a85f-2092-48e6-b6c0-eb82565d66bc,2026-07-27T03:00:00Z,2026-07-27T05:00:00+0200,4708.4,MW,PT,PT,actual_load,Actual Load,2026-08-20T16:15:20Z
2026-08-20T16:04:29Z,2026-08-20T18:04:29+0200,dd15a85f-2092-48e6-b6c0-eb82565d66bc,2026-07-27T04:00:00Z,2026-07-27T06:00:00+0200,4839.9,MW,PT,PT,actual_load,Actual Load,2026-08-20T16:15:20Z
2026-08-20T16:04:29Z,2026-08-20T18:04:29+0200,dd15a85f-2092-48e6-b6c0-eb82565d66bc,2026-07-27T05:00:00Z,2026-07-27T07:00:00+0200,5173.1,MW,PT,PT,actual_load,Actual Load,2026-08-20T16:15:20Z
2026-08-20T16:04:29Z,2026-08-20T18:04:29+0200,dd15a85f-2092-48e6-b6c0-eb82565d66bc,2026-07-27T06:00:00Z,2026-07-27T08:00:00+0200,5641.4,MW,PT,PT,actual_load,Actual Load,2026-08-20T16:15:20Z
2026-08-20T16:04:29Z,2026-08-20T18:04:29+0200,dd15a85f-2092-48e6-b6c0-eb82565d66bc,2026-07-27T07:00:00Z,2026-07-27T09:00:00+0200,6357.8,MW,PT,PT,actual_load,Actual Load,2026-08-20T16:15:20Z
2026-08-20T16:04:29Z,2026-08-20T18:04:29+0200,dd15a85f-2092-48e6-b6c0-eb82565d66bc,2026-07-27T08:00:00Z,2026-07-27T10:00:00+0200,6705.3,MW,PT,PT,actual_load,Actual Load,2026-08-20T16:15:20Z
2026-08-20T16:04:29Z,2026-08-20T18:04:29+0200,dd15a85f-2092-48e6-b6c0-eb82565d66bc,2026-07-27T09:00:00Z,2026-07-27T11:00:00+0200,6727.6,MW,PT,PT,actual_load,Actual Load,2026-08-20T16:15:20Z
2026-08-20T16:04:29Z,2026-08-20T18:04:29+0200,dd15a85f-2092-48e6-b6c0-eb82565d66bc,2026-07-27T10:00:00Z,2026-07-27T12:00:00+0200,6821.9,MW,PT,PT,actual_load,Actual Load,2026-08-20T16:15:20Z
2026-08-20T16:04:29Z,2026-08-20T18:04:29+0200,dd15a85f-2092-48e6-b6c0-eb82565d66bc,2026-07-27T11:00:00Z,2026-07-27T13:00:00+0200,6768.6,MW,PT,PT,actual_load,Actual Load,2026-08-20T16:15:20Z
2026-08-20T16:04:29Z,2026-08-20T18:04:29+0200,dd15a85f-2092-48e6-b6c0-eb82565d66bc,2026-07-27T12:00:00Z,2026-07-27T14:00:00+0200,6712.1,MW,PT,PT,actual_load,Actual Load,2026-08-20T16:15:20Z
2026-08-20T16:04:29Z,2026-08-20T18:04:29+0200,dd15a85f-2092-48e6-b6c0-eb82565d66bc,2026-07-27T13:00:00Z,2026-07-27T15:00:00+0200,6889.6,MW,PT,PT,actual_load,Actual Load,2026-08-20T16:15:20Z
2026-08-20T16:04:29Z,2026-08-20T18:04:29+0200,dd15a85f-2092-48e6-b6c0-eb82565d66bc,2026-07-27T14:00:00Z,2026-07-27T16:00:00+0200,6978.9,MW,PT,PT,actual_load,Actual Load,2026-08-20T16:15:20Z
2026-08-20T16:04:29Z,2026-08-20T18:04:29+0200,dd15a85f-2092-48e6-b6c0-eb82565d66bc,2026-07-27T15:00:00Z,2026-07-27T17:00:00+0200,7095.5,MW,PT,PT,actual_load,Actual Load,2026-08-20T16:15:20Z
2026-08-20T16:04:29Z,2026-08-20T18:04:29+0200,dd15a85f-2092-48e6-b6c0-eb82565d66bc,2026-07-27T16:00:00Z,2026-07-27T18:00:00+0200,7191.0,MW,PT,PT,actual_load,Actual Load,2026-08-20T16:15:20Z
2026-08-20T16:04:29Z,2026-08-20T18:04:29+0200,dd15a85f-2092-48e6-b6c0-eb82565d66bc,2026-07-27T17:00:00Z,2026-07-27T19:00:00+0200,7308.0,MW,PT,PT,actual_load,Actual Load,2026-08-20T16:15:20Z
2026-08-20T16:04:29Z,2026-08-20T18:04:29+0200,dd15a85f-2092-48e6-b6c0-eb82565d66bc,2026-07-27T18:00:00Z,2026-07-27T20:00:00+0200,7687.6,MW,PT,PT,actual_load,Actual Load,2026-08-20T16:15:20Z
2026-08-20T16:04:29Z,2026-08-20T18:04:29+0200,dd15a85f-2092-48e6-b6c0-eb82565d66bc,2026-07-27T19:00:00Z,2026-07-27T21:00:00+0200,7787.2,MW,PT,PT,actual_load,Actual Load,2026-08-20T16:15:20Z
2026-08-20T16:04:29Z,2026-08-20T18:04:29+0200,dd15a85f-2092-48e6-b6c0-eb82565d66bc,2026-07-27T20:00:00Z,2026-07-27T22:00:00+0200,7631.5,MW,PT,PT,actual_load,Actual Load,2026-08-20T16:15:20Z
2026-08-20T16:04:29Z,2026-08-20T18:04:29+0200,dd15a85f-2092-48e6-b6c0-eb82565d66bc,2026-07-27T21:00:00Z,2026-07-27T23:00:00+0200,7100.7,MW,PT,PT,actual_load,Actual Load,2026-08-20T16:15:20Z
2026-08-20T16:04:29Z,2026-08-20T18:04:29+0200,dd15a85f-2092-48e6-b6c0-eb82565d66bc,2026-07-27T22:00:00Z,2026-07-28T00:00:00+0200,6498.4,MW,PT,PT,actual_load,Actual Load,2026-08-20T16:15:20Z
2026-08-20T16:04:29Z,2026-08-20T18:04:29+0200,dd15a85f-2092-48e6-b6c0-eb82565d66bc,2026-07-27T23:00:00Z,2026-07-28T01:00:00+0200,6009.3,MW,PT,PT,actual_load,Actual Load,2026-08-20T16:15:20Z
2026-08-20T16:04:29Z,2026-08-20T18:04:29+0200,dd15a85f-2092-48e6-b6c0-eb82565d66bc,2026-07-28T00:00:00Z,2026-07-28T02:00:00+0200,5609.2,MW,PT,PT,actual_load,Actual Load,2026-08-20T16:15:20Z
2026-08-20T16:04:29Z,2026-08-20T18:04:29+0200,dd15a85f-2092-48e6-b6c0-eb82565d66bc,2026-07-28T01:00:00Z,2026-07-28T03:00:00+0200,5343.6,MW,PT,PT,actual_load,Actual Load,2026-08-20T16:15:20Z
2026-08-20T16:04:29Z,2026-08-20T18:04:29+0200,dd15a85f-2092-48e6-b6c0-eb82565d66bc,2026-07-28T02:00:00Z,2026-07-28T04:00:00+0200,5210.3,MW,PT,PT,actual_load,Actual Load,2026-08-20T16:15:20Z
2026-08-20T16:04:29Z,2026-08-20T18:04:29+0200,dd15a85f-2092-48e6-b6c0-eb82565d66bc,2026-07-28T03:00:00Z,2026-07-28T05:00:00+0200,5194.5,MW,PT,PT,actual_load,Actual Load,2026-08-20T16:15:20Z
2026-08-20T16:04:29Z,2026-08-20T18:04:29+0200,dd15a85f-2092-48e6-b6c0-eb82565d66bc,2026-07-28T04:00:00Z,2026-07-28T06:00:00+0200,5250.6,MW,PT,PT,actual_load,Actual Load,2026-08-20T16:15:20Z
2026-08-20T16:04:29Z,2026-08-20T18:04:29+0200,dd15a85f-2092-48e6-b6c0-eb82565d66bc,2026-07-28T05:00:00Z,2026-07-28T07:00:00+0200,5514.8,MW,PT,PT,actual_load,Actual Load,2026-08-20T16:15:20Z
2026-08-20T16:04:29Z,2026-08-20T18:04:29+0200,dd15a85f-2092-48e6-b6c0-eb82565d66bc,2026-07-28T06:00:00Z,2026-07-28T08:00:00+0200,5985.9,MW,PT,PT,actual_load,Actual Load,2026-08-20T16:15:20Z
2026-08-20T16:04:29Z,2026-08-20T18:04:29+0200,dd15a85f-2092-48e6-b6c0-eb82565d66bc,2026-07-28T07:00:00Z,2026-07-28T09:00:00+0200,6762.6,MW,PT,PT,actual_load,Actual Load,2026-08-20T16:15:20Z
2026-08-20T16:04:29Z,2026-08-20T18:04:29+0200,dd15a85f-2092-48e6-b6c0-eb82565d66bc,2026-07-28T08:00:00Z,2026-07-28T10:00:00+0200,7034.1,MW,PT,PT,actual_load,Actual Load,2026-08-20T16:15:20Z
2026-08-20T16:04:29Z,2026-08-20T18:04:29+0200,dd15a85f-2092-48e6-b6c0-eb82565d66bc,2026-07-28T09:00:00Z,2026-07-28T11:00:00+0200,6948.0,MW,PT,PT,actual_load,Actual Load,2026-08-20T16:15:20Z
2026-08-20T16:04:29Z,2026-08-20T18:04:29+0200,dd15a85f-2092-48e6-b6c0-eb82565d66bc,2026-07-28T10:00:00Z,2026-07-28T12:00:00+0200,6990.2,MW,PT,PT,actual_load,Actual Load,2026-08-20T16:15:20Z
2026-08-20T16:04:29Z,2026-08-20T18:04:29+0200,dd15a85f-2092-48e6-b6c0-eb82565d66bc,2026-07-28T11:00:00Z,2026-07-28T13:00:00+0200,6920.6,MW,PT,PT,actual_load,Actual Load,2026-08-20T16:15:20Z
2026-08-20T16:04:29Z,2026-08-20T18:04:29+0200,dd15a85f-2092-48e6-b6c0-eb82565d66bc,2026-07-28T12:00:00Z,2026-07-28T14:00:00+0200,6845.6,MW,PT,PT,actual_load,Actual Load,2026-08-20T16:15:20Z
2026-08-20T16:04:29Z,2026-08-20T18:04:29+0200,dd15a85f-2092-48e6-b6c0-eb82565d66bc,2026-07-28T13:00:00Z,2026-07-28T15:00:00+0200,6986.4,MW,PT,PT,actual_load,Actual Load,2026-08-20T16:15:20Z
2026-08-20T16:04:29Z,2026-08-20T18:04:29+0200,dd15a85f-2092-48e6-b6c0-eb82565d66bc,2026-07-28T14:00:00Z,2026-07-28T16:00:00+0200,7005.1,MW,PT,PT,actual_load,Actual Load,2026-08-20T16:15:20Z
2026-08-20T16:04:29Z,2026-08-20T18:04:29+0200,dd15a85f-2092-48e6-b6c0-eb82565d66bc,2026-07-28T15:00:00Z,2026-07-28T17:00:00+0200,7065.4,MW,PT,PT,actual_load,Actual Load,2026-08-20T16:15:20Z
2026-08-20T16:04:29Z,2026-08-20T18:04:29+0200,dd15a85f-2092-48e6-b6c0-eb82565d66bc,2026-07-28T16:00:00Z,2026-07-28T18:00:00+0200,7070.8,MW,PT,PT,actual_load,Actual Load,2026-08-20T16:15:20Z
2026-08-20T16:04:29Z,2026-08-20T18:04:29+0200,dd15a85f-2092-48e6-b6c0-eb82565d66bc,2026-07-28T17:00:00Z,2026-07-28T19:00:00+0200,7262.6,MW,PT,PT,actual_load,Actual Load,2026-08-20T16:15:20Z
2026-08-20T16:04:29Z,2026-08-20T18:04:29+0200,dd15a85f-2092-48e6-b6c0-eb82565d66bc,2026-07-28T18:00:00Z,2026-07-28T20:00:00+0200,7674.6,MW,PT,PT,actual_load,Actual Load,2026-08-20T16:15:20Z
2026-08-20T16:04:29Z,2026-08-20T18:04:29+0200,dd15a85f-2092-48e6-b6c0-eb82565d66bc,2026-07-28T19:00:00Z,2026-07-28T21:00:00+0200,7742.5,MW,PT,PT,actual_load,Actual Load,2026-08-20T16:15:20Z
2026-08-20T16:04:29Z,2026-08-20T18:04:29+0200,dd15a85f-2092-48e6-b6c0-eb82565d66bc,2026-07-28T20:00:00Z,2026-07-28T22:00:00+0200,7586.2,MW,PT,PT,actual_load,Actual Load,2026-08-20T16:15:20Z
2026-08-20T16:04:29Z,2026-08-20T18:04:29+0200,dd15a85f-2092-48e6-b6c0-eb82565d66bc,2026-07-28T21:00:00Z,2026-07-28T23:00:00+0200,7085.5,MW,PT,PT,actual_load,Actual Load,2026-08-20T16:15:20Z
2026-08-20T16:04:29Z,2026-08-20T18:04:29+0200,dd15a85f-2092-48e6-b6c0-eb82565d66bc,2026-07-28T22:00:00Z,2026-07-29T00:00:00+0200,6456.7,MW,PT,PT,actual_load,Actual Load,2026-08-20T16:15:20Z
2026-08-20T16:04:29Z,2026-08-20T18:04:29+0200,dd15a85f-2092-48e6-b6c0-eb82565d66bc,2026-07-28T23:00:00Z,2026-07-29T01:00:00+0200,5972.7,MW,PT,PT,actual_load,Actual Load,2026-08-20T16:15:20Z
2026-08-20T16:04:29Z,2026-08-20T18:04:29+0200,dd15a85f-2092-48e6-b6c0-eb82565d66bc,2026-07-29T00:00:00Z,2026-07-29T02:00:00+0200,5617.7,MW,PT,PT,actual_load,Actual Load,2026-08-20T16:15:20Z
2026-08-20T16:04:29Z,2026-08-20T18:04:29+0200,dd15a85f-2092-48e6-b6c0-eb82565d66bc,2026-07-29T01:00:00Z,2026-07-29T03:00:00+0200,5348.6,MW,PT,PT,actual_load,Actual Load,2026-08-20T16:15:20Z
2026-08-20T16:04:29Z,2026-08-20T18:04:29+0200,dd15a85f-2092-48e6-b6c0-eb82565d66bc,2026-07-29T02:00:00Z,2026-07-29T04:00:00+0200,5221.3,MW,PT,PT,actual_load,Actual Load,2026-08-20T16:15:20Z
2026-08-20T16:04:29Z,2026-08-20T18:04:29+0200,dd15a85f-2092-48e6-b6c0-eb82565d66bc,2026-07-29T03:00:00Z,2026-07-29T05:00:00+0200,5200.0,MW,PT,PT,actual_load,Actual Load,2026-08-20T16:15:20Z
2026-08-20T16:04:29Z,2026-08-20T18:04:29+0200,dd15a85f-2092-48e6-b6c0-eb82565d66bc,2026-07-29T04:00:00Z,2026-07-29T06:00:00+0200,5291.7,MW,PT,PT,actual_load,Actual Load,2026-08-20T16:15:20Z
2026-08-20T16:04:29Z,2026-08-20T18:04:29+0200,dd15a85f-2092-48e6-b6c0-eb82565d66bc,2026-07-29T05:00:00Z,2026-07-29T07:00:00+0200,5565.4,MW,PT,PT,actual_load,Actual Load,2026-08-20T16:15:20Z
2026-08-20T16:04:29Z,2026-08-20T18:04:29+0200,dd15a85f-2092-48e6-b6c0-eb82565d66bc,2026-07-29T06:00:00Z,2026-07-29T08:00:00+0200,6060.0,MW,PT,PT,actual_load,Actual Load,2026-08-20T16:15:20Z
2026-08-20T16:04:29Z,2026-08-20T18:04:29+0200,dd15a85f-2092-48e6-b6c0-eb82565d66bc,2026-07-29T07:00:00Z,2026-07-29T09:00:00+0200,6860.9,MW,PT,PT,actual_load,Actual Load,2026-08-20T16:15:20Z
2026-08-20T16:04:29Z,2026-08-20T18:04:29+0200,dd15a85f-2092-48e6-b6c0-eb82565d66bc,2026-07-29T08:00:00Z,2026-07-29T10:00:00+0200,7162.2,MW,PT,PT,actual_load,Actual Load,2026-08-20T16:15:20Z
2026-08-20T16:04:29Z,2026-08-20T18:04:29+0200,dd15a85f-2092-48e6-b6c0-eb82565d66bc,2026-07-29T09:00:00Z,2026-07-29T11:00:00+0200,6998.5,MW,PT,PT,actual_load,Actual Load,2026-08-20T16:15:20Z
2026-08-20T16:04:29Z,2026-08-20T18:04:29+0200,dd15a85f-2092-48e6-b6c0-eb82565d66bc,2026-07-29T10:00:00Z,2026-07-29T12:00:00+0200,6847.6,MW,PT,PT,actual_load,Actual Load,2026-08-20T16:15:20Z
2026-08-20T16:04:29Z,2026-08-20T18:04:29+0200,dd15a85f-2092-48e6-b6c0-eb82565d66bc,2026-07-29T11:00:00Z,2026-07-29T13:00:00+0200,6658.5,MW,PT,PT,actual_load,Actual Load,2026-08-20T16:15:20Z
2026-08-20T16:04:29Z,2026-08-20T18:04:29+0200,dd15a85f-2092-48e6-b6c0-eb82565d66bc,2026-07-29T12:00:00Z,2026-07-29T14:00:00+0200,6508.9,MW,PT,PT,actual_load,Actual Load,2026-08-20T16:15:20Z
2026-08-20T16:04:29Z,2026-08-20T18:04:29+0200,dd15a85f-2092-48e6-b6c0-eb82565d66bc,2026-07-29T13:00:00Z,2026-07-29T15:00:00+0200,6655.1,MW,PT,PT,actual_load,Actual Load,2026-08-20T16:15:20Z
2026-08-20T16:04:29Z,2026-08-20T18:04:29+0200,dd15a85f-2092-48e6-b6c0-eb82565d66bc,2026-07-29T14:00:00Z,2026-07-29T16:00:00+0200,6747.0,MW,PT,PT,actual_load,Actual Load,2026-08-20T16:15:20Z
2026-08-20T16:04:29Z,2026-08-20T18:04:29+0200,dd15a85f-2092-48e6-b6c0-eb82565d66bc,2026-07-29T15:00:00Z,2026-07-29T17:00:00+0200,6901.1,MW,PT,PT,actual_load,Actual Load,2026-08-20T16:15:20Z
2026-08-20T16:04:29Z,2026-08-20T18:04:29+0200,dd15a85f-2092-48e6-b6c0-eb82565d66bc,2026-07-29T16:00:00Z,2026-07-29T18:00:00+0200,7000.1,MW,PT,PT,actual_load,Actual Load,2026-08-20T16:15:20Z
2026-08-20T16:04:29Z,2026-08-20T18:04:29+0200,dd15a85f-2092-48e6-b6c0-eb82565d66bc,2026-07-29T17:00:00Z,2026-07-29T19:00:00+0200,7211.5,MW,PT,PT,actual_load,Actual Load,2026-08-20T16:15:20Z
2026-08-20T16:04:29Z,2026-08-20T18:04:29+0200,dd15a85f-2092-48e6-b6c0-eb82565d66bc,2026-07-29T18:00:00Z,2026-07-29T20:00:00+0200,7495.9,MW,PT,PT,actual_load,Actual Load,2026-08-20T16:15:20Z
2026-08-20T16:04:29Z,2026-08-20T18:04:29+0200,dd15a85f-2092-48e6-b6c0-eb82565d66bc,2026-07-29T19:00:00Z,2026-07-29T21:00:00+0200,7536.0,MW,PT,PT,actual_load,Actual Load,2026-08-20T16:15:20Z
2026-08-20T16:04:29Z,2026-08-20T18:04:29+0200,dd15a85f-2092-48e6-b6c0-eb82565d66bc,2026-07-29T20:00:00Z,2026-07-29T22:00:00+0200,7462.8,MW,PT,PT,actual_load,Actual Load,2026-08-20T16:15:20Z
2026-08-20T16:04:29Z,2026-08-20T18:04:29+0200,dd15a85f-2092-48e6-b6c0-eb82565d66bc,2026-07-29T21:00:00Z,2026-07-29T23:00:00+0200,7028.6,MW,PT,PT,actual_load,Actual Load,2026-08-20T16:15:20Z
2026-08-20T16:04:29Z,2026-08-20T18:04:29+0200,dd15a85f-2092-48e6-b6c0-eb82565d66bc,2026-07-29T22:00:00Z,2026-07-30T00:00:00+0200,6378.2,MW,PT,PT,actual_load,Actual Load,2026-08-20T16:15:20Z
2026-08-20T16:04:29Z,2026-08-20T18:04:29+0200,dd15a85f-2092-48e6-b6c0-eb82565d66bc,2026-07-29T23:00:00Z,2026-07-30T01:00:00+0200,5888.2,MW,PT,PT,actual_load,Actual Load,2026-08-20T16:15:20Z
2026-08-20T16:04:29Z,2026-08-20T18:04:29+0200,dd15a85f-2092-48e6-b6c0-eb82565d66bc,2026-07-30T00:00:00Z,2026-07-30T02:00:00+0200,5544.0,MW,PT,PT,actual_load,Actual Load,2026-08-20T16:15:20Z
2026-08-20T16:04:29Z,2026-08-20T18:04:29+0200,dd15a85f-2092-48e6-b6c0-eb82565d66bc,2026-07-30T01:00:00Z,2026-07-30T03:00:00+0200,5309.0,MW,PT,PT,actual_load,Actual Load,2026-08-20T16:15:20Z
2026-08-20T16:04:29Z,2026-08-20T18:04:29+0200,dd15a85f-2092-48e6-b6c0-eb82565d66bc,2026-07-30T02:00:00Z,2026-07-30T04:00:00+0200,5161.8,MW,PT,PT,actual_load,Actual Load,2026-08-20T16:15:20Z
2026-08-20T16:04:29Z,2026-08-20T18:04:29+0200,dd15a85f-2092-48e6-b6c0-eb82565d66bc,2026-07-30T03:00:00Z,2026-07-30T05:00:00+0200,5124.3,MW,PT,PT,actual_load,Actual Load,2026-08-20T16:15:20Z
2026-08-20T16:04:29Z,2026-08-20T18:04:29+0200,dd15a85f-2092-48e6-b6c0-eb82565d66bc,2026-07-30T04:00:00Z,2026-07-30T06:00:00+0200,5255.4,MW,PT,PT,actual_load,Actual Load,2026-08-20T16:15:20Z
2026-08-20T16:04:29Z,2026-08-20T18:04:29+0200,dd15a85f-2092-48e6-b6c0-eb82565d66bc,2026-07-30T05:00:00Z,2026-07-30T07:00:00+0200,5512.7,MW,PT,PT,actual_load,Actual Load,2026-08-20T16:15:20Z
2026-08-20T16:04:29Z,2026-08-20T18:04:29+0200,dd15a85f-2092-48e6-b6c0-eb82565d66bc,2026-07-30T06:00:00Z,2026-07-30T08:00:00+0200,5984.6,MW,PT,PT,actual_load,Actual Load,2026-08-20T16:15:20Z
2026-08-20T16:04:29Z,2026-08-20T18:04:29+0200,dd15a85f-2092-48e6-b6c0-eb82565d66bc,2026-07-30T07:00:00Z,2026-07-30T09:00:00+0200,6598.8,MW,PT,PT,actual_load,Actual Load,2026-08-20T16:15:20Z
2026-08-20T16:04:29Z,2026-08-20T18:04:29+0200,dd15a85f-2092-48e6-b6c0-eb82565d66bc,2026-07-30T08:00:00Z,2026-07-30T10:00:00+0200,6862.7,MW,PT,PT,actual_load,Actual Load,2026-08-20T16:15:20Z
2026-08-20T16:04:29Z,2026-08-20T18:04:29+0200,dd15a85f-2092-48e6-b6c0-eb82565d66bc,2026-07-30T09:00:00Z,2026-07-30T11:00:00+0200,6714.6,MW,PT,PT,actual_load,Actual Load,2026-08-20T16:15:20Z
2026-08-20T16:04:29Z,2026-08-20T18:04:29+0200,dd15a85f-2092-48e6-b6c0-eb82565d66bc,2026-07-30T10:00:00Z,2026-07-30T12:00:00+0200,6742.2,MW,PT,PT,actual_load,Actual Load,2026-08-20T16:15:20Z
2026-08-20T16:04:29Z,2026-08-20T18:04:29+0200,dd15a85f-2092-48e6-b6c0-eb82565d66bc,2026-07-30T11:00:00Z,2026-07-30T13:00:00+0200,6572.0,MW,PT,PT,actual_load,Actual Load,2026-08-20T16:15:20Z
2026-08-20T16:04:29Z,2026-08-20T18:04:29+0200,dd15a85f-2092-48e6-b6c0-eb82565d66bc,2026-07-30T12:00:00Z,2026-07-30T14:00:00+0200,6465.2,MW,PT,PT,actual_load,Actual Load,2026-08-20T16:15:20Z
2026-08-20T16:04:29Z,2026-08-20T18:04:29+0200,dd15a85f-2092-48e6-b6c0-eb82565d66bc,2026-07-30T13:00:00Z,2026-07-30T15:00:00+0200,6582.8,MW,PT,PT,actual_load,Actual Load,2026-08-20T16:15:20Z
2026-08-20T16:04:29Z,2026-08-20T18:04:29+0200,dd15a85f-2092-48e6-b6c0-eb82565d66bc,2026-07-30T14:00:00Z,2026-07-30T16:00:00+0200,6568.0,MW,PT,PT,actual_load,Actual Load,2026-08-20T16:15:20Z
2026-08-20T16:04:29Z,2026-08-20T18:04:29+0200,dd15a85f-2092-48e6-b6c0-eb82565d66bc,2026-07-30T15:00:00Z,2026-07-30T17:00:00+0200,6687.7,MW,PT,PT,actual_load,Actual Load,2026-08-20T16:15:20Z
2026-08-20T16:04:29Z,2026-08-20T18:04:29+0200,dd15a85f-2092-48e6-b6c0-eb82565d66bc,2026-07-30T16:00:00Z,2026-07-30T18:00:00+0200,6786.4,MW,PT,PT,actual_load,Actual Load,2026-08-20T16:15:20Z
2026-08-20T16:04:29Z,2026-08-20T18:04:29+0200,dd15a85f-2092-48e6-b6c0-eb82565d66bc,2026-07-30T17:00:00Z,2026-07-30T19:00:00+0200,7000.5,MW,PT,PT,actual_load,Actual Load,2026-08-20T16:15:20Z
2026-08-20T16:04:29Z,2026-08-20T18:04:29+0200,dd15a85f-2092-48e6-b6c0-eb82565d66bc,2026-07-30T18:00:00Z,2026-07-30T20:00:00+0200,7389.5,MW,PT,PT,actual_load,Actual Load,2026-08-20T16:15:20Z
2026-08-20T16:04:29Z,2026-08-20T18:04:29+0200,dd15a85f-2092-48e6-b6c0-eb82565d66bc,2026-07-30T19:00:00Z,2026-07-30T21:00:00+0200,7462.5,MW,PT,PT,actual_load,Actual Load,2026-08-20T16:15:20Z
2026-08-20T16:04:29Z,2026-08-20T18:04:29+0200,dd15a85f-2092-48e6-b6c0-eb82565d66bc,2026-07-30T20:00:00Z,2026-07-30T22:00:00+0200,7389.0,MW,PT,PT,actual_load,Actual Load,2026-08-20T16:15:20Z
2026-08-20T16:04:29Z,2026-08-20T18:04:29+0200,dd15a85f-2092-48e6-b6c0-eb82565d66bc,2026-07-30T21:00:00Z,2026-07-30T23:00:00+0200,6930.0,MW,PT,PT,actual_load,Actual Load,2026-08-20T16:15:20Z
2026-08-20T16:04:29Z,2026-08-20T18:04:29+0200,dd15a85f-2092-48e6-b6c0-eb82565d66bc,2026-07-30T22:00:00Z,2026-07-31T00:00:00+0200,6343.5,MW,PT,PT,actual_load,Actual Load,2026-08-20T16:15:20Z
2026-08-20T16:04:29Z,2026-08-20T18:04:29+0200,dd15a85f-2092-48e6-b6c0-eb82565d66bc,2026-07-30T23:00:00Z,2026-07-31T01:00:00+0200,5879.3,MW,PT,PT,actual_load,Actual Load,2026-08-20T16:15:20Z
2026-08-20T16:04:29Z,2026-08-20T18:04:29+0200,dd15a85f-2092-48e6-b6c0-eb82565d66bc,2026-07-31T00:00:00Z,2026-07-31T02:00:00+0200,5538.7,MW,PT,PT,actual_load,Actual Load,2026-08-20T16:15:20Z
2026-08-20T16:04:29Z,2026-08-20T18:04:29+0200,dd15a85f-2092-48e6-b6c0-eb82565d66bc,2026-07-31T01:00:00Z,2026-07-31T03:00:00+0200,5311.2,MW,PT,PT,actual_load,Actual Load,2026-08-20T16:15:20Z
2026-08-20T16:04:29Z,2026-08-20T18:04:29+0200,dd15a85f-2092-48e6-b6c0-eb82565d66bc,2026-07-31T02:00:00Z,2026-07-31T04:00:00+0200,5155.6,MW,PT,PT,actual_load,Actual Load,2026-08-20T16:15:20Z
2026-08-20T16:04:29Z,2026-08-20T18:04:29+0200,dd15a85f-2092-48e6-b6c0-eb82565d66bc,2026-07-31T03:00:00Z,2026-07-31T05:00:00+0200,5081.0,MW,PT,PT,actual_load,Actual Load,2026-08-20T16:15:20Z
2026-08-20T16:04:29Z,2026-08-20T18:04:29+0200,dd15a85f-2092-48e6-b6c0-eb82565d66bc,2026-07-31T04:00:00Z,2026-07-31T06:00:00+0200,5166.2,MW,PT,PT,actual_load,Actual Load,2026-08-20T16:15:20Z
2026-08-20T16:04:29Z,2026-08-20T18:04:29+0200,dd15a85f-2092-48e6-b6c0-eb82565d66bc,2026-07-31T05:00:00Z,2026-07-31T07:00:00+0200,5415.6,MW,PT,PT,actual_load,Actual Load,2026-08-20T16:15:20Z
2026-08-20T16:04:29Z,2026-08-20T18:04:29+0200,dd15a85f-2092-48e6-b6c0-eb82565d66bc,2026-07-31T06:00:00Z,2026-07-31T08:00:00+0200,5859.7,MW,PT,PT,actual_load,Actual Load,2026-08-20T16:15:20Z
2026-08-20T16:04:29Z,2026-08-20T18:04:29+0200,dd15a85f-2092-48e6-b6c0-eb82565d66bc,2026-07-31T07:00:00Z,2026-07-31T09:00:00+0200,6563.3,MW,PT,PT,actual_load,Actual Load,2026-08-20T16:15:20Z
2026-08-20T16:04:29Z,2026-08-20T18:04:29+0200,dd15a85f-2092-48e6-b6c0-eb82565d66bc,2026-07-31T08:00:00Z,2026-07-31T10:00:00+0200,6839.4,MW,PT,PT,actual_load,Actual Load,2026-08-20T16:15:20Z
2026-08-20T16:04:29Z,2026-08-20T18:04:29+0200,dd15a85f-2092-48e6-b6c0-eb82565d66bc,2026-07-31T09:00:00Z,2026-07-31T11:00:00+0200,6784.9,MW,PT,PT,actual_load,Actual Load,2026-08-20T16:15:20Z
2026-08-20T16:04:29Z,2026-08-20T18:04:29+0200,dd15a85f-2092-48e6-b6c0-eb82565d66bc,2026-07-31T10:00:00Z,2026-07-31T12:00:00+0200,6760.5,MW,PT,PT,actual_load,Actual Load,2026-08-20T16:15:20Z
2026-08-20T16:04:29Z,2026-08-20T18:04:29+0200,dd15a85f-2092-48e6-b6c0-eb82565d66bc,2026-07-31T11:00:00Z,2026-07-31T13:00:00+0200,6557.8,MW,PT,PT,actual_load,Actual Load,2026-08-20T16:15:20Z
2026-08-20T16:04:29Z,2026-08-20T18:04:29+0200,dd15a85f-2092-48e6-b6c0-eb82565d66bc,2026-07-31T12:00:00Z,2026-07-31T14:00:00+0200,6431.4,MW,PT,PT,actual_load,Actual Load,2026-08-20T16:15:20Z
2026-08-20T16:04:29Z,2026-08-20T18:04:29+0200,dd15a85f-2092-48e6-b6c0-eb82565d66bc,2026-07-31T13:00:00Z,2026-07-31T15:00:00+0200,6582.1,MW,PT,PT,actual_load,Actual Load,2026-08-20T16:15:20Z
2026-08-20T16:04:29Z,2026-08-20T18:04:29+0200,dd15a85f-2092-48e6-b6c0-eb82565d66bc,2026-07-31T14:00:00Z,2026-07-31T16:00:00+0200,6636.0,MW,PT,PT,actual_load,Actual Load,2026-08-20T16:15:20Z
2026-08-20T16:04:29Z,2026-08-20T18:04:29+0200,dd15a85f-2092-48e6-b6c0-eb82565d66bc,2026-07-31T15:00:00Z,2026-07-31T17:00:00+0200,6668.5,MW,PT,PT,actual_load,Actual Load,2026-08-20T16:15:20Z
2026-08-20T16:04:29Z,2026-08-20T18:04:29+0200,dd15a85f-2092-48e6-b6c0-eb82565d66bc,2026-07-31T16:00:00Z,2026-07-31T18:00:00+0200,6702.3,MW,PT,PT,actual_load,Actual Load,2026-08-20T16:15:20Z
2026-08-20T16:04:29Z,2026-08-20T18:04:29+0200,dd15a85f-2092-48e6-b6c0-eb82565d66bc,2026-07-31T17:00:00Z,2026-07-31T19:00:00+0200,6896.4,MW,PT,PT,actual_load,Actual Load,2026-08-20T16:15:20Z
2026-08-20T16:04:29Z,2026-08-20T18:04:29+0200,dd15a85f-2092-48e6-b6c0-eb82565d66bc,2026-07-31T18:00:00Z,2026-07-31T20:00:00+0200,7275.1,MW,PT,PT,actual_load,Actual Load,2026-08-20T16:15:20Z
2026-08-20T16:04:29Z,2026-08-20T18:04:29+0200,dd15a85f-2092-48e6-b6c0-eb82565d66bc,2026-07-31T19:00:00Z,2026-07-31T21:00:00+0200,7388.9,MW,PT,PT,actual_load,Actual Load,2026-08-20T16:15:20Z
2026-08-20T16:04:29Z,2026-08-20T18:04:29+0200,dd15a85f-2092-48e6-b6c0-eb82565d66bc,2026-07-31T20:00:00Z,2026-07-31T22:00:00+0200,7245.1,MW,PT,PT,actual_load,Actual Load,2026-08-20T16:15:20Z
2026-08-20T16:04:29Z,2026-08-20T18:04:29+0200,dd15a85f-2092-48e6-b6c0-eb82565d66bc,2026-07-31T21:00:00Z,2026-07-31T23:00:00+0200,6780.8,MW,PT,PT,actual_load,Actual Load,2026-08-20T16:15:20Z
2026-08-20T16:04:29Z,2026-08-20T18:04:29+0200,dd15a85f-2092-48e6-b6c0-eb82565d66bc,2026-07-31T22:00:00Z,2026-08-01T00:00:00+0200,6301.6,MW,PT,PT,actual_load,Actual Load,2026-08-20T16:15:20Z
2026-08-20T16:04:29Z,2026-08-20T18:04:29+0200,dd15a85f-2092-48e6-b6c0-eb82565d66bc,2026-07-31T23:00:00Z,2026-08-01T01:00:00+0200,5938.3,MW,PT,PT,actual_load,Actual Load,2026-08-20T16:15:20Z
2026-08-20T16:04:29Z,2026-08-20T18:04:29+0200,dd15a85f-2092-48e6-b6c0-eb82565d66bc,2026-08-01T00:00:00Z,2026-08-01T02:00:00+0200,5600.9,MW,PT,PT,actual_load,Actual Load,2026-08-20T16:15:20Z
2026-08-20T16:04:29Z,2026-08-20T18:04:29+0200,dd15a85f-2092-48e6-b6c0-eb82565d66bc,2026-08-01T01:00:00Z,2026-08-01T03:00:00+0200,5333.3,MW,PT,PT,actual_load,Actual Load,2026-08-20T16:15:20Z
2026-08-20T16:04:29Z,2026-08-20T18:04:29+0200,dd15a85f-2092-48e6-b6c0-eb82565d66bc,2026-08-01T02:00:00Z,2026-08-01T04:00:00+0200,5158.4,MW,PT,PT,actual_load,Actual Load,2026-08-20T16:15:20Z
2026-08-20T16:04:29Z,2026-08-20T18:04:29+0200,dd15a85f-2092-48e6-b6c0-eb82565d66bc,2026-08-01T03:00:00Z,2026-08-01T05:00:00+0200,5056.0,MW,PT,PT,actual_load,Actual Load,2026-08-20T16:15:20Z
2026-08-20T16:04:29Z,2026-08-20T18:04:29+0200,dd15a85f-2092-48e6-b6c0-eb82565d66bc,2026-08-01T04:00:00Z,2026-08-01T06:00:00+0200,5021.3,MW,PT,PT,actual_load,Actual Load,2026-08-20T16:15:20Z
2026-08-20T16:04:29Z,2026-08-20T18:04:29+0200,dd15a85f-2092-48e6-b6c0-eb82565d66bc,2026-08-01T05:00:00Z,2026-08-01T07:00:00+0200,5060.6,MW,PT,PT,actual_load,Actual Load,2026-08-20T16:15:20Z
2026-08-20T16:04:29Z,2026-08-20T18:04:29+0200,dd15a85f-2092-48e6-b6c0-eb82565d66bc,2026-08-01T06:00:00Z,2026-08-01T08:00:00+0200,5161.3,MW,PT,PT,actual_load,Actual Load,2026-08-20T16:15:20Z
2026-08-20T16:04:29Z,2026-08-20T18:04:29+0200,dd15a85f-2092-48e6-b6c0-eb82565d66bc,2026-08-01T07:00:00Z,2026-08-01T09:00:00+0200,5361.9,MW,PT,PT,actual_load,Actual Load,2026-08-20T16:15:20Z
2026-08-20T16:04:29Z,2026-08-20T18:04:29+0200,dd15a85f-2092-48e6-b6c0-eb82565d66bc,2026-08-01T08:00:00Z,2026-08-01T10:00:00+0200,5549.6,MW,PT,PT,actual_load,Actual Load,2026-08-20T16:15:20Z
2026-08-20T16:04:29Z,2026-08-20T18:04:29+0200,dd15a85f-2092-48e6-b6c0-eb82565d66bc,2026-08-01T09:00:00Z,2026-08-01T11:00:00+0200,5683.8,MW,PT,PT,actual_load,Actual Load,2026-08-20T16:15:20Z
2026-08-20T16:04:29Z,2026-08-20T18:04:29+0200,dd15a85f-2092-48e6-b6c0-eb82565d66bc,2026-08-01T10:00:00Z,2026-08-01T12:00:00+0200,5742.4,MW,PT,PT,actual_load,Actual Load,2026-08-20T16:15:20Z
2026-08-20T16:04:29Z,2026-08-20T18:04:29+0200,dd15a85f-2092-48e6-b6c0-eb82565d66bc,2026-08-01T11:00:00Z,2026-08-01T13:00:00+0200,5768.9,MW,PT,PT,actual_load,Actual Load,2026-08-20T16:15:20Z
2026-08-20T16:04:29Z,2026-08-20T18:04:29+0200,dd15a85f-2092-48e6-b6c0-eb82565d66bc,2026-08-01T12:00:00Z,2026-08-01T14:00:00+0200,5604.9,MW,PT,PT,actual_load,Actual Load,2026-08-20T16:15:20Z
2026-08-20T16:04:29Z,2026-08-20T18:04:29+0200,dd15a85f-2092-48e6-b6c0-eb82565d66bc,2026-08-01T13:00:00Z,2026-08-01T15:00:00+0200,5491.8,MW,PT,PT,actual_load,Actual Load,2026-08-20T16:15:20Z
2026-08-20T16:04:29Z,2026-08-20T18:04:29+0200,dd15a85f-2092-48e6-b6c0-eb82565d66bc,2026-08-01T14:00:00Z,2026-08-01T16:00:00+0200,5491.9,MW,PT,PT,actual_load,Actual Load,2026-08-20T16:15:20Z
2026-08-20T16:04:29Z,2026-08-20T18:04:29+0200,dd15a85f-2092-48e6-b6c0-eb82565d66bc,2026-08-01T15:00:00Z,2026-08-01T17:00:00+0200,5587.7,MW,PT,PT,actual_load,Actual Load,2026-08-20T16:15:20Z
2026-08-20T16:04:29Z,2026-08-20T18:04:29+0200,dd15a85f-2092-48e6-b6c0-eb82565d66bc,2026-08-01T16:00:00Z,2026-08-01T18:00:00+0200,5733.2,MW,PT,PT,actual_load,Actual Load,2026-08-20T16:15:20Z
2026-08-20T16:04:29Z,2026-08-20T18:04:29+0200,dd15a85f-2092-48e6-b6c0-eb82565d66bc,2026-08-01T17:00:00Z,2026-08-01T19:00:00+0200,6078.2,MW,PT,PT,actual_load,Actual Load,2026-08-20T16:15:20Z
2026-08-20T16:04:29Z,2026-08-20T18:04:29+0200,dd15a85f-2092-48e6-b6c0-eb82565d66bc,2026-08-01T18:00:00Z,2026-08-01T20:00:00+0200,6460.6,MW,PT,PT,actual_load,Actual Load,2026-08-20T16:15:20Z
2026-08-20T16:04:29Z,2026-08-20T18:04:29+0200,dd15a85f-2092-48e6-b6c0-eb82565d66bc,2026-08-01T19:00:00Z,2026-08-01T21:00:00+0200,6554.9,MW,PT,PT,actual_load,Actual Load,2026-08-20T16:15:20Z
2026-08-20T16:04:29Z,2026-08-20T18:04:29+0200,dd15a85f-2092-48e6-b6c0-eb82565d66bc,2026-08-01T20:00:00Z,2026-08-01T22:00:00+0200,6517.9,MW,PT,PT,actual_load,Actual Load,2026-08-20T16:15:20Z
2026-08-20T16:04:29Z,2026-08-20T18:04:29+0200,dd15a85f-2092-48e6-b6c0-eb82565d66bc,2026-08-01T21:00:00Z,2026-08-01T23:00:00+0200,6141.6,MW,PT,PT,actual_load,Actual Load,2026-08-20T16:15:20Z
2026-08-20T16:04:29Z,2026-08-20T18:04:29+0200,dd15a85f-2092-48e6-b6c0-eb82565d66bc,2026-08-01T22:00:00Z,2026-08-02T00:00:00+0200,5815.6,MW,PT,PT,actual_load,Actual Load,2026-08-20T16:15:20Z
2026-08-20T16:04:29Z,2026-08-20T18:04:29+0200,dd15a85f-2092-48e6-b6c0-eb82565d66bc,2026-08-01T23:00:00Z,2026-08-02T01:00:00+0200,5465.5,MW,PT,PT,actual_load,Actual Load,2026-08-20T16:15:20Z
2026-08-20T16:04:29Z,2026-08-20T18:04:29+0200,dd15a85f-2092-48e6-b6c0-eb82565d66bc,2026-08-02T00:00:00Z,2026-08-02T02:00:00+0200,5150.0,MW,PT,PT,actual_load,Actual Load,2026-08-20T16:15:20Z
2026-08-20T16:04:29Z,2026-08-20T18:04:29+0200,dd15a85f-2092-48e6-b6c0-eb82565d66bc,2026-08-02T01:00:00Z,2026-08-02T03:00:00+0200,4952.1,MW,PT,PT,actual_load,Actual Load,2026-08-20T16:15:20Z
2026-08-20T16:04:29Z,2026-08-20T18:04:29+0200,dd15a85f-2092-48e6-b6c0-eb82565d66bc,2026-08-02T02:00:00Z,2026-08-02T04:00:00+0200,4779.2,MW,PT,PT,actual_load,Actual Load,2026-08-20T16:15:20Z
2026-08-20T16:04:29Z,2026-08-20T18:04:29+0200,dd15a85f-2092-48e6-b6c0-eb82565d66bc,2026-08-02T03:00:00Z,2026-08-02T05:00:00+0200,4701.2,MW,PT,PT,actual_load,Actual Load,2026-08-20T16:15:20Z
2026-08-20T16:04:29Z,2026-08-20T18:04:29+0200,dd15a85f-2092-48e6-b6c0-eb82565d66bc,2026-08-02T04:00:00Z,2026-08-02T06:00:00+0200,4702.1,MW,PT,PT,actual_load,Actual Load,2026-08-20T16:15:20Z
2026-08-20T16:04:29Z,2026-08-20T18:04:29+0200,dd15a85f-2092-48e6-b6c0-eb82565d66bc,2026-08-02T05:00:00Z,2026-08-02T07:00:00+0200,4676.3,MW,PT,PT,actual_load,Actual Load,2026-08-20T16:15:20Z
2026-08-20T16:04:29Z,2026-08-20T18:04:29+0200,dd15a85f-2092-48e6-b6c0-eb82565d66bc,2026-08-02T06:00:00Z,2026-08-02T08:00:00+0200,4719.1,MW,PT,PT,actual_load,Actual Load,2026-08-20T16:15:20Z
2026-08-20T16:04:29Z,2026-08-20T18:04:29+0200,dd15a85f-2092-48e6-b6c0-eb82565d66bc,2026-08-02T07:00:00Z,2026-08-02T09:00:00+0200,4996.2,MW,PT,PT,actual_load,Actual Load,2026-08-20T16:15:20Z
2026-08-20T16:04:29Z,2026-08-20T18:04:29+0200,dd15a85f-2092-48e6-b6c0-eb82565d66bc,2026-08-02T08:00:00Z,2026-08-02T10:00:00+0200,5215.2,MW,PT,PT,actual_load,Actual Load,2026-08-20T16:15:20Z
2026-08-20T16:04:29Z,2026-08-20T18:04:29+0200,dd15a85f-2092-48e6-b6c0-eb82565d66bc,2026-08-02T09:00:00Z,2026-08-02T11:00:00+0200,5327.2,MW,PT,PT,actual_load,Actual Load,2026-08-20T16:15:20Z
2026-08-20T16:04:29Z,2026-08-20T18:04:29+0200,dd15a85f-2092-48e6-b6c0-eb82565d66bc,2026-08-02T10:00:00Z,2026-08-02T12:00:00+0200,5349.3,MW,PT,PT,actual_load,Actual Load,2026-08-20T16:15:20Z
2026-08-20T16:04:29Z,2026-08-20T18:04:29+0200,dd15a85f-2092-48e6-b6c0-eb82565d66bc,2026-08-02T11:00:00Z,2026-08-02T13:00:00+0200,5364.9,MW,PT,PT,actual_load,Actual Load,2026-08-20T16:15:20Z
2026-08-20T16:04:29Z,2026-08-20T18:04:29+0200,dd15a85f-2092-48e6-b6c0-eb82565d66bc,2026-08-02T12:00:00Z,2026-08-02T14:00:00+0200,5180.3,MW,PT,PT,actual_load,Actual Load,2026-08-20T16:15:20Z
2026-08-20T16:04:29Z,2026-08-20T18:04:29+0200,dd15a85f-2092-48e6-b6c0-eb82565d66bc,2026-08-02T13:00:00Z,2026-08-02T15:00:00+0200,5071.8,MW,PT,PT,actual_load,Actual Load,2026-08-20T16:15:20Z
2026-08-20T16:04:29Z,2026-08-20T18:04:29+0200,dd15a85f-2092-48e6-b6c0-eb82565d66bc,2026-08-02T14:00:00Z,2026-08-02T16:00:00+0200,5113.1,MW,PT,PT,actual_load,Actual Load,2026-08-20T16:15:20Z
2026-08-20T16:04:29Z,2026-08-20T18:04:29+0200,dd15a85f-2092-48e6-b6c0-eb82565d66bc,2026-08-02T15:00:00Z,2026-08-02T17:00:00+0200,5130.5,MW,PT,PT,actual_load,Actual Load,2026-08-20T16:15:20Z
2026-08-20T16:04:29Z,2026-08-20T18:04:29+0200,dd15a85f-2092-48e6-b6c0-eb82565d66bc,2026-08-02T16:00:00Z,2026-08-02T18:00:00+0200,5323.5,MW,PT,PT,actual_load,Actual Load,2026-08-20T16:15:20Z
2026-08-20T16:04:29Z,2026-08-20T18:04:29+0200,dd15a85f-2092-48e6-b6c0-eb82565d66bc,2026-08-02T17:00:00Z,2026-08-02T19:00:00+0200,5685.4,MW,PT,PT,actual_load,Actual Load,2026-08-20T16:15:20Z
2026-08-20T16:04:29Z,2026-08-20T18:04:29+0200,dd15a85f-2092-48e6-b6c0-eb82565d66bc,2026-08-02T18:00:00Z,2026-08-02T20:00:00+0200,6125.6,MW,PT,PT,actual_load,Actual Load,2026-08-20T16:15:20Z
2026-08-20T16:04:29Z,2026-08-20T18:04:29+0200,dd15a85f-2092-48e6-b6c0-eb82565d66bc,2026-08-02T19:00:00Z,2026-08-02T21:00:00+0200,6369.2,MW,PT,PT,actual_load,Actual Load,2026-08-20T16:15:20Z
2026-08-20T16:04:29Z,2026-08-20T18:04:29+0200,dd15a85f-2092-48e6-b6c0-eb82565d66bc,2026-08-02T20:00:00Z,2026-08-02T22:00:00+0200,6358.4,MW,PT,PT,actual_load,Actual Load,2026-08-20T16:15:20Z
2026-08-20T16:04:29Z,2026-08-20T18:04:29+0200,dd15a85f-2092-48e6-b6c0-eb82565d66bc,2026-08-02T21:00:00Z,2026-08-02T23:00:00+0200,6016.7,MW,PT,PT,actual_load,Actual Load,2026-08-20T16:15:20Z
2026-08-20T16:04:29Z,2026-08-20T18:04:29+0200,dd15a85f-2092-48e6-b6c0-eb82565d66bc,2026-08-02T22:00:00Z,2026-08-03T00:00:00+0200,5556.8,MW,PT,PT,actual_load,Actual Load,2026-08-20T16:15:20Z
2026-08-20T16:04:29Z,2026-08-20T18:04:29+0200,dd15a85f-2092-48e6-b6c0-eb82565d66bc,2026-08-02T23:00:00Z,2026-08-03T01:00:00+0200,5235.3,MW,PT,PT,actual_load,Actual Load,2026-08-20T16:15:20Z
2026-08-20T16:04:29Z,2026-08-20T18:04:29+0200,dd15a85f-2092-48e6-b6c0-eb82565d66bc,2026-08-03T00:00:00Z,2026-08-03T02:00:00+0200,4937.1,MW,PT,PT,actual_load,Actual Load,2026-08-20T16:15:20Z
2026-08-20T16:04:29Z,2026-08-20T18:04:29+0200,dd15a85f-2092-48e6-b6c0-eb82565d66bc,2026-08-03T01:00:00Z,2026-08-03T03:00:00+0200,4751.1,MW,PT,PT,actual_load,Actual Load,2026-08-20T16:15:20Z
2026-08-20T16:04:29Z,2026-08-20T18:04:29+0200,dd15a85f-2092-48e6-b6c0-eb82565d66bc,2026-08-03T02:00:00Z,2026-08-03T04:00:00+0200,4644.4,MW,PT,PT,actual_load,Actual Load,2026-08-20T16:15:20Z
2026-08-20T16:04:29Z,2026-08-20T18:04:29+0200,dd15a85f-2092-48e6-b6c0-eb82565d66bc,2026-08-03T03:00:00Z,2026-08-03T05:00:00+0200,4591.8,MW,PT,PT,actual_load,Actual Load,2026-08-20T16:15:20Z
2026-08-20T16:04:29Z,2026-08-20T18:04:29+0200,dd15a85f-2092-48e6-b6c0-eb82565d66bc,2026-08-03T04:00:00Z,2026-08-03T06:00:00+0200,4682.7,MW,PT,PT,actual_load,Actual Load,2026-08-20T16:15:20Z
2026-08-20T16:04:29Z,2026-08-20T18:04:29+0200,dd15a85f-2092-48e6-b6c0-eb82565d66bc,2026-08-03T05:00:00Z,2026-08-03T07:00:00+0200,5000.7,MW,PT,PT,actual_load,Actual Load,2026-08-20T16:15:20Z
2026-08-20T16:04:29Z,2026-08-20T18:04:29+0200,dd15a85f-2092-48e6-b6c0-eb82565d66bc,2026-08-03T06:00:00Z,2026-08-03T08:00:00+0200,5453.4,MW,PT,PT,actual_load,Actual Load,2026-08-20T16:15:20Z
2026-08-20T16:04:29Z,2026-08-20T18:04:29+0200,dd15a85f-2092-48e6-b6c0-eb82565d66bc,2026-08-03T07:00:00Z,2026-08-03T09:00:00+0200,6103.0,MW,PT,PT,actual_load,Actual Load,2026-08-20T16:15:20Z
2026-08-20T16:04:29Z,2026-08-20T18:04:29+0200,dd15a85f-2092-48e6-b6c0-eb82565d66bc,2026-08-03T08:00:00Z,2026-08-03T10:00:00+0200,6451.5,MW,PT,PT,actual_load,Actual Load,2026-08-20T16:15:20Z
2026-08-20T16:04:29Z,2026-08-20T18:04:29+0200,dd15a85f-2092-48e6-b6c0-eb82565d66bc,2026-08-03T09:00:00Z,2026-08-03T11:00:00+0200,6638.7,MW,PT,PT,actual_load,Actual Load,2026-08-20T16:15:20Z
2026-08-20T16:04:29Z,2026-08-20T18:04:29+0200,dd15a85f-2092-48e6-b6c0-eb82565d66bc,2026-08-03T10:00:00Z,2026-08-03T12:00:00+0200,6859.8,MW,PT,PT,actual_load,Actual Load,2026-08-20T16:15:20Z
2026-08-20T16:04:29Z,2026-08-20T18:04:29+0200,dd15a85f-2092-48e6-b6c0-eb82565d66bc,2026-08-03T11:00:00Z,2026-08-03T13:00:00+0200,6878.5,MW,PT,PT,actual_load,Actual Load,2026-08-20T16:15:20Z
2026-08-20T16:04:29Z,2026-08-20T18:04:29+0200,dd15a85f-2092-48e6-b6c0-eb82565d66bc,2026-08-03T12:00:00Z,2026-08-03T14:00:00+0200,6873.0,MW,PT,PT,actual_load,Actual Load,2026-08-20T16:15:20Z
2026-08-20T16:04:29Z,2026-08-20T18:04:29+0200,dd15a85f-2092-48e6-b6c0-eb82565d66bc,2026-08-03T13:00:00Z,2026-08-03T15:00:00+0200,7046.4,MW,PT,PT,actual_load,Actual Load,2026-08-20T16:15:20Z
2026-08-20T16:04:29Z,2026-08-20T18:04:29+0200,dd15a85f-2092-48e6-b6c0-eb82565d66bc,2026-08-03T14:00:00Z,2026-08-03T16:00:00+0200,6973.1,MW,PT,PT,actual_load,Actual Load,2026-08-20T16:15:20Z
2026-08-20T16:04:29Z,2026-08-20T18:04:29+0200,dd15a85f-2092-48e6-b6c0-eb82565d66bc,2026-08-03T15:00:00Z,2026-08-03T17:00:00+0200,6832.2,MW,PT,PT,actual_load,Actual Load,2026-08-20T16:15:20Z
2026-08-20T16:04:29Z,2026-08-20T18:04:29+0200,dd15a85f-2092-48e6-b6c0-eb82565d66bc,2026-08-03T16:00:00Z,2026-08-03T18:00:00+0200,6684.6,MW,PT,PT,actual_load,Actual Load,2026-08-20T16:15:20Z
2026-08-20T16:04:29Z,2026-08-20T18:04:29+0200,dd15a85f-2092-48e6-b6c0-eb82565d66bc,2026-08-03T17:00:00Z,2026-08-03T19:00:00+0200,6745.2,MW,PT,PT,actual_load,Actual Load,2026-08-20T16:15:20Z
2026-08-20T16:04:29Z,2026-08-20T18:04:29+0200,dd15a85f-2092-48e6-b6c0-eb82565d66bc,2026-08-03T18:00:00Z,2026-08-03T20:00:00+0200,7111.2,MW,PT,PT,actual_load,Actual Load,2026-08-20T16:15:20Z
2026-08-20T16:04:29Z,2026-08-20T18:04:29+0200,dd15a85f-2092-48e6-b6c0-eb82565d66bc,2026-08-03T19:00:00Z,2026-08-03T21:00:00+0200,7215.0,MW,PT,PT,actual_load,Actual Load,2026-08-20T16:15:20Z
2026-08-20T16:04:29Z,2026-08-20T18:04:29+0200,dd15a85f-2092-48e6-b6c0-eb82565d66bc,2026-08-03T20:00:00Z,2026-08-03T22:00:00+0200,7097.9,MW,PT,PT,actual_load,Actual Load,2026-08-20T16:15:20Z
2026-08-20T16:04:29Z,2026-08-20T18:04:29+0200,dd15a85f-2092-48e6-b6c0-eb82565d66bc,2026-08-03T21:00:00Z,2026-08-03T23:00:00+0200,6639.1,MW,PT,PT,actual_load,Actual Load,2026-08-20T16:15:20Z
2026-08-20T16:04:29Z,2026-08-20T18:04:29+0200,dd15a85f-2092-48e6-b6c0-eb82565d66bc,2026-08-03T22:00:00Z,2026-08-04T00:00:00+0200,6072.3,MW,PT,PT,actual_load,Actual Load,2026-08-20T16:15:20Z
2026-08-20T16:04:29Z,2026-08-20T18:04:29+0200,dd15a85f-2092-48e6-b6c0-eb82565d66bc,2026-08-03T23:00:00Z,2026-08-04T01:00:00+0200,5640.9,MW,PT,PT,actual_load,Actual Load,2026-08-20T16:15:20Z
2026-08-20T16:04:29Z,2026-08-20T18:04:29+0200,dd15a85f-2092-48e6-b6c0-eb82565d66bc,2026-08-04T00:00:00Z,2026-08-04T02:00:00+0200,5324.1,MW,PT,PT,actual_load,Actual Load,2026-08-20T16:15:20Z
2026-08-20T16:04:29Z,2026-08-20T18:04:29+0200,dd15a85f-2092-48e6-b6c0-eb82565d66bc,2026-08-04T01:00:00Z,2026-08-04T03:00:00+0200,5098.8,MW,PT,PT,actual_load,Actual Load,2026-08-20T16:15:20Z
2026-08-20T16:04:29Z,2026-08-20T18:04:29+0200,dd15a85f-2092-48e6-b6c0-eb82565d66bc,2026-08-04T02:00:00Z,2026-08-04T04:00:00+0200,4955.7,MW,PT,PT,actual_load,Actual Load,2026-08-20T16:15:20Z
2026-08-20T16:04:29Z,2026-08-20T18:04:29+0200,dd15a85f-2092-48e6-b6c0-eb82565d66bc,2026-08-04T03:00:00Z,2026-08-04T05:00:00+0200,4892.8,MW,PT,PT,actual_load,Actual Load,2026-08-20T16:15:20Z
2026-08-20T16:04:29Z,2026-08-20T18:04:29+0200,dd15a85f-2092-48e6-b6c0-eb82565d66bc,2026-08-04T04:00:00Z,2026-08-04T06:00:00+0200,4965.6,MW,PT,PT,actual_load,Actual Load,2026-08-20T16:15:20Z
2026-08-20T16:04:29Z,2026-08-20T18:04:29+0200,dd15a85f-2092-48e6-b6c0-eb82565d66bc,2026-08-04T05:00:00Z,2026-08-04T07:00:00+0200,5223.7,MW,PT,PT,actual_load,Actual Load,2026-08-20T16:15:20Z
2026-08-20T16:04:29Z,2026-08-20T18:04:29+0200,dd15a85f-2092-48e6-b6c0-eb82565d66bc,2026-08-04T06:00:00Z,2026-08-04T08:00:00+0200,5681.9,MW,PT,PT,actual_load,Actual Load,2026-08-20T16:15:20Z
2026-08-20T16:04:29Z,2026-08-20T18:04:29+0200,dd15a85f-2092-48e6-b6c0-eb82565d66bc,2026-08-04T07:00:00Z,2026-08-04T09:00:00+0200,6476.6,MW,PT,PT,actual_load,Actual Load,2026-08-20T16:15:20Z
2026-08-20T16:04:29Z,2026-08-20T18:04:29+0200,dd15a85f-2092-48e6-b6c0-eb82565d66bc,2026-08-04T08:00:00Z,2026-08-04T10:00:00+0200,6884.4,MW,PT,PT,actual_load,Actual Load,2026-08-20T16:15:20Z
2026-08-20T16:04:29Z,2026-08-20T18:04:29+0200,dd15a85f-2092-48e6-b6c0-eb82565d66bc,2026-08-04T09:00:00Z,2026-08-04T11:00:00+0200,6983.4,MW,PT,PT,actual_load,Actual Load,2026-08-20T16:15:20Z
2026-08-20T16:04:29Z,2026-08-20T18:04:29+0200,dd15a85f-2092-48e6-b6c0-eb82565d66bc,2026-08-04T10:00:00Z,2026-08-04T12:00:00+0200,7018.5,MW,PT,PT,actual_load,Actual Load,2026-08-20T16:15:20Z
2026-08-20T16:04:29Z,2026-08-20T18:04:29+0200,dd15a85f-2092-48e6-b6c0-eb82565d66bc,2026-08-04T11:00:00Z,2026-08-04T13:00:00+0200,6929.5,MW,PT,PT,actual_load,Actual Load,2026-08-20T16:15:20Z
2026-08-20T16:04:29Z,2026-08-20T18:04:29+0200,dd15a85f-2092-48e6-b6c0-eb82565d66bc,2026-08-04T12:00:00Z,2026-08-04T14:00:00+0200,6739.3,MW,PT,PT,actual_load,Actual Load,2026-08-20T16:15:20Z
2026-08-20T16:04:29Z,2026-08-20T18:04:29+0200,dd15a85f-2092-48e6-b6c0-eb82565d66bc,2026-08-04T13:00:00Z,2026-08-04T15:00:00+0200,6805.0,MW,PT,PT,actual_load,Actual Load,2026-08-20T16:15:20Z
2026-08-20T16:04:29Z,2026-08-20T18:04:29+0200,dd15a85f-2092-48e6-b6c0-eb82565d66bc,2026-08-04T14:00:00Z,2026-08-04T16:00:00+0200,6784.3,MW,PT,PT,actual_load,Actual Load,2026-08-20T16:15:20Z
2026-08-20T16:04:29Z,2026-08-20T18:04:29+0200,dd15a85f-2092-48e6-b6c0-eb82565d66bc,2026-08-04T15:00:00Z,2026-08-04T17:00:00+0200,6680.9,MW,PT,PT,actual_load,Actual Load,2026-08-20T16:15:20Z
2026-08-20T16:04:29Z,2026-08-20T18:04:29+0200,dd15a85f-2092-48e6-b6c0-eb82565d66bc,2026-08-04T16:00:00Z,2026-08-04T18:00:00+0200,6654.2,MW,PT,PT,actual_load,Actual Load,2026-08-20T16:15:20Z
2026-08-20T16:04:29Z,2026-08-20T18:04:29+0200,dd15a85f-2092-48e6-b6c0-eb82565d66bc,2026-08-04T17:00:00Z,2026-08-04T19:00:00+0200,6873.8,MW,PT,PT,actual_load,Actual Load,2026-08-20T16:15:20Z
2026-08-20T16:04:29Z,2026-08-20T18:04:29+0200,dd15a85f-2092-48e6-b6c0-eb82565d66bc,2026-08-04T18:00:00Z,2026-08-04T20:00:00+0200,7247.4,MW,PT,PT,actual_load,Actual Load,2026-08-20T16:15:20Z
2026-08-20T16:04:29Z,2026-08-20T18:04:29+0200,dd15a85f-2092-48e6-b6c0-eb82565d66bc,2026-08-04T19:00:00Z,2026-08-04T21:00:00+0200,7390.1,MW,PT,PT,actual_load,Actual Load,2026-08-20T16:15:20Z
2026-08-20T16:04:29Z,2026-08-20T18:04:29+0200,dd15a85f-2092-48e6-b6c0-eb82565d66bc,2026-08-04T20:00:00Z,2026-08-04T22:00:00+0200,7270.2,MW,PT,PT,actual_load,Actual Load,2026-08-20T16:15:20Z
2026-08-20T16:04:29Z,2026-08-20T18:04:29+0200,dd15a85f-2092-48e6-b6c0-eb82565d66bc,2026-08-04T21:00:00Z,2026-08-04T23:00:00+0200,6794.7,MW,PT,PT,actual_load,Actual Load,2026-08-20T16:15:20Z
2026-08-20T16:04:29Z,2026-08-20T18:04:29+0200,dd15a85f-2092-48e6-b6c0-eb82565d66bc,2026-08-04T22:00:00Z,2026-08-05T00:00:00+0200,6196.9,MW,PT,PT,actual_load,Actual Load,2026-08-20T16:15:20Z
2026-08-20T16:04:29Z,2026-08-20T18:04:29+0200,dd15a85f-2092-48e6-b6c0-eb82565d66bc,2026-08-04T23:00:00Z,2026-08-05T01:00:00+0200,5721.7,MW,PT,PT,actual_load,Actual Load,2026-08-20T16:15:20Z
2026-08-20T16:04:29Z,2026-08-20T18:04:29+0200,dd15a85f-2092-48e6-b6c0-eb82565d66bc,2026-08-05T00:00:00Z,2026-08-05T02:00:00+0200,5428.1,MW,PT,PT,actual_load,Actual Load,2026-08-20T16:15:20Z
2026-08-20T16:04:29Z,2026-08-20T18:04:29+0200,dd15a85f-2092-48e6-b6c0-eb82565d66bc,2026-08-05T01:00:00Z,2026-08-05T03:00:00+0200,5211.3,MW,PT,PT,actual_load,Actual Load,2026-08-20T16:15:20Z
2026-08-20T16:04:29Z,2026-08-20T18:04:29+0200,dd15a85f-2092-48e6-b6c0-eb82565d66bc,2026-08-05T02:00:00Z,2026-08-05T04:00:00+0200,5078.0,MW,PT,PT,actual_load,Actual Load,2026-08-20T16:15:20Z
2026-08-20T16:04:29Z,2026-08-20T18:04:29+0200,dd15a85f-2092-48e6-b6c0-eb82565d66bc,2026-08-05T03:00:00Z,2026-08-05T05:00:00+0200,4998.8,MW,PT,PT,actual_load,Actual Load,2026-08-20T16:15:20Z
2026-08-20T16:04:29Z,2026-08-20T18:04:29+0200,dd15a85f-2092-48e6-b6c0-eb82565d66bc,2026-08-05T04:00:00Z,2026-08-05T06:00:00+0200,5069.5,MW,PT,PT,actual_load,Actual Load,2026-08-20T16:15:20Z
2026-08-20T16:04:29Z,2026-08-20T18:04:29+0200,dd15a85f-2092-48e6-b6c0-eb82565d66bc,2026-08-05T05:00:00Z,2026-08-05T07:00:00+0200,5330.9,MW,PT,PT,actual_load,Actual Load,2026-08-20T16:15:20Z
2026-08-20T16:04:29Z,2026-08-20T18:04:29+0200,dd15a85f-2092-48e6-b6c0-eb82565d66bc,2026-08-05T06:00:00Z,2026-08-05T08:00:00+0200,5779.6,MW,PT,PT,actual_load,Actual Load,2026-08-20T16:15:20Z
2026-08-20T16:04:29Z,2026-08-20T18:04:29+0200,dd15a85f-2092-48e6-b6c0-eb82565d66bc,2026-08-05T07:00:00Z,2026-08-05T09:00:00+0200,6390.8,MW,PT,PT,actual_load,Actual Load,2026-08-20T16:15:20Z
2026-08-20T16:04:29Z,2026-08-20T18:04:29+0200,dd15a85f-2092-48e6-b6c0-eb82565d66bc,2026-08-05T08:00:00Z,2026-08-05T10:00:00+0200,6607.7,MW,PT,PT,actual_load,Actual Load,2026-08-20T16:15:20Z
2026-08-20T16:04:29Z,2026-08-20T18:04:29+0200,dd15a85f-2092-48e6-b6c0-eb82565d66bc,2026-08-05T09:00:00Z,2026-08-05T11:00:00+0200,6590.8,MW,PT,PT,actual_load,Actual Load,2026-08-20T16:15:20Z
2026-08-20T16:04:29Z,2026-08-20T18:04:29+0200,dd15a85f-2092-48e6-b6c0-eb82565d66bc,2026-08-05T10:00:00Z,2026-08-05T12:00:00+0200,6602.1,MW,PT,PT,actual_load,Actual Load,2026-08-20T16:15:20Z
2026-08-20T16:04:29Z,2026-08-20T18:04:29+0200,dd15a85f-2092-48e6-b6c0-eb82565d66bc,2026-08-05T11:00:00Z,2026-08-05T13:00:00+0200,6468.6,MW,PT,PT,actual_load,Actual Load,2026-08-20T16:15:20Z
2026-08-20T16:04:29Z,2026-08-20T18:04:29+0200,dd15a85f-2092-48e6-b6c0-eb82565d66bc,2026-08-05T12:00:00Z,2026-08-05T14:00:00+0200,6297.5,MW,PT,PT,actual_load,Actual Load,2026-08-20T16:15:20Z
2026-08-20T16:04:29Z,2026-08-20T18:04:29+0200,dd15a85f-2092-48e6-b6c0-eb82565d66bc,2026-08-05T13:00:00Z,2026-08-05T15:00:00+0200,6397.2,MW,PT,PT,actual_load,Actual Load,2026-08-20T16:15:20Z
2026-08-20T16:04:29Z,2026-08-20T18:04:29+0200,dd15a85f-2092-48e6-b6c0-eb82565d66bc,2026-08-05T14:00:00Z,2026-08-05T16:00:00+0200,6434.8,MW,PT,PT,actual_load,Actual Load,2026-08-20T16:15:20Z
2026-08-20T16:04:29Z,2026-08-20T18:04:29+0200,dd15a85f-2092-48e6-b6c0-eb82565d66bc,2026-08-05T15:00:00Z,2026-08-05T17:00:00+0200,6417.5,MW,PT,PT,actual_load,Actual Load,2026-08-20T16:15:20Z
2026-08-20T16:04:29Z,2026-08-20T18:04:29+0200,dd15a85f-2092-48e6-b6c0-eb82565d66bc,2026-08-05T16:00:00Z,2026-08-05T18:00:00+0200,6498.4,MW,PT,PT,actual_load,Actual Load,2026-08-20T16:15:20Z
2026-08-20T16:04:29Z,2026-08-20T18:04:29+0200,dd15a85f-2092-48e6-b6c0-eb82565d66bc,2026-08-05T17:00:00Z,2026-08-05T19:00:00+0200,6750.2,MW,PT,PT,actual_load,Actual Load,2026-08-20T16:15:20Z
2026-08-20T16:04:29Z,2026-08-20T18:04:29+0200,dd15a85f-2092-48e6-b6c0-eb82565d66bc,2026-08-05T18:00:00Z,2026-08-05T20:00:00+0200,7225.9,MW,PT,PT,actual_load,Actual Load,2026-08-20T16:15:20Z
2026-08-20T16:04:29Z,2026-08-20T18:04:29+0200,dd15a85f-2092-48e6-b6c0-eb82565d66bc,2026-08-05T19:00:00Z,2026-08-05T21:00:00+0200,7398.0,MW,PT,PT,actual_load,Actual Load,2026-08-20T16:15:20Z
2026-08-20T16:04:29Z,2026-08-20T18:04:29+0200,dd15a85f-2092-48e6-b6c0-eb82565d66bc,2026-08-05T20:00:00Z,2026-08-05T22:00:00+0200,7259.7,MW,PT,PT,actual_load,Actual Load,2026-08-20T16:15:20Z
2026-08-20T16:04:29Z,2026-08-20T18:04:29+0200,dd15a85f-2092-48e6-b6c0-eb82565d66bc,2026-08-05T21:00:00Z,2026-08-05T23:00:00+0200,6753.4,MW,PT,PT,actual_load,Actual Load,2026-08-20T16:15:20Z
2026-08-20T16:04:29Z,2026-08-20T18:04:29+0200,dd15a85f-2092-48e6-b6c0-eb82565d66bc,2026-08-05T22:00:00Z,2026-08-06T00:00:00+0200,6185.7,MW,PT,PT,actual_load,Actual Load,2026-08-20T16:15:20Z
2026-08-20T16:04:29Z,2026-08-20T18:04:29+0200,dd15a85f-2092-48e6-b6c0-eb82565d66bc,2026-08-05T23:00:00Z,2026-08-06T01:00:00+0200,5828.2,MW,PT,PT,actual_load,Actual Load,2026-08-20T16:15:20Z
2026-08-20T16:04:29Z,2026-08-20T18:04:29+0200,dd15a85f-2092-48e6-b6c0-eb82565d66bc,2026-08-06T00:00:00Z,2026-08-06T02:00:00+0200,5493.4,MW,PT,PT,actual_load,Actual Load,2026-08-20T16:15:20Z
2026-08-20T16:04:29Z,2026-08-20T18:04:29+0200,dd15a85f-2092-48e6-b6c0-eb82565d66bc,2026-08-06T01:00:00Z,2026-08-06T03:00:00+0200,5248.4,MW,PT,PT,actual_load,Actual Load,2026-08-20T16:15:20Z
2026-08-20T16:04:29Z,2026-08-20T18:04:29+0200,dd15a85f-2092-48e6-b6c0-eb82565d66bc,2026-08-06T02:00:00Z,2026-08-06T04:00:00+0200,5079.4,MW,PT,PT,actual_load,Actual Load,2026-08-20T16:15:20Z
2026-08-20T16:04:29Z,2026-08-20T18:04:29+0200,dd15a85f-2092-48e6-b6c0-eb82565d66bc,2026-08-06T03:00:00Z,2026-08-06T05:00:00+0200,5000.3,MW,PT,PT,actual_load,Actual Load,2026-08-20T16:15:20Z
2026-08-20T16:04:29Z,2026-08-20T18:04:29+0200,dd15a85f-2092-48e6-b6c0-eb82565d66bc,2026-08-06T04:00:00Z,2026-08-06T06:00:00+0200,5076.1,MW,PT,PT,actual_load,Actual Load,2026-08-20T16:15:20Z
2026-08-20T16:04:29Z,2026-08-20T18:04:29+0200,dd15a85f-2092-48e6-b6c0-eb82565d66bc,2026-08-06T05:00:00Z,2026-08-06T07:00:00+0200,5358.6,MW,PT,PT,actual_load,Actual Load,2026-08-20T16:15:20Z
2026-08-20T16:04:29Z,2026-08-20T18:04:29+0200,dd15a85f-2092-48e6-b6c0-eb82565d66bc,2026-08-06T06:00:00Z,2026-08-06T08:00:00+0200,5752.4,MW,PT,PT,actual_load,Actual Load,2026-08-20T16:15:20Z
2026-08-20T16:04:29Z,2026-08-20T18:04:29+0200,dd15a85f-2092-48e6-b6c0-eb82565d66bc,2026-08-06T07:00:00Z,2026-08-06T09:00:00+0200,6395.0,MW,PT,PT,actual_load,Actual Load,2026-08-20T16:15:20Z
2026-08-20T16:04:29Z,2026-08-20T18:04:29+0200,dd15a85f-2092-48e6-b6c0-eb82565d66bc,2026-08-06T08:00:00Z,2026-08-06T10:00:00+0200,6646.1,MW,PT,PT,actual_load,Actual Load,2026-08-20T16:15:20Z
2026-08-20T16:04:29Z,2026-08-20T18:04:29+0200,dd15a85f-2092-48e6-b6c0-eb82565d66bc,2026-08-06T09:00:00Z,2026-08-06T11:00:00+0200,6532.6,MW,PT,PT,actual_load,Actual Load,2026-08-20T16:15:20Z
2026-08-20T16:04:29Z,2026-08-20T18:04:29+0200,dd15a85f-2092-48e6-b6c0-eb82565d66bc,2026-08-06T10:00:00Z,2026-08-06T12:00:00+0200,6563.6,MW,PT,PT,actual_load,Actual Load,2026-08-20T16:15:20Z
2026-08-20T16:04:29Z,2026-08-20T18:04:29+0200,dd15a85f-2092-48e6-b6c0-eb82565d66bc,2026-08-06T11:00:00Z,2026-08-06T13:00:00+0200,6501.9,MW,PT,PT,actual_load,Actual Load,2026-08-20T16:15:20Z
2026-08-20T16:04:29Z,2026-08-20T18:04:29+0200,dd15a85f-2092-48e6-b6c0-eb82565d66bc,2026-08-06T12:00:00Z,2026-08-06T14:00:00+0200,6413.8,MW,PT,PT,actual_load,Actual Load,2026-08-20T16:15:20Z
2026-08-20T16:04:29Z,2026-08-20T18:04:29+0200,dd15a85f-2092-48e6-b6c0-eb82565d66bc,2026-08-06T13:00:00Z,2026-08-06T15:00:00+0200,6510.8,MW,PT,PT,actual_load,Actual Load,2026-08-20T16:15:20Z
2026-08-20T16:04:29Z,2026-08-20T18:04:29+0200,dd15a85f-2092-48e6-b6c0-eb82565d66bc,2026-08-06T14:00:00Z,2026-08-06T16:00:00+0200,6539.1,MW,PT,PT,actual_load,Actual Load,2026-08-20T16:15:20Z
2026-08-20T16:04:29Z,2026-08-20T18:04:29+0200,dd15a85f-2092-48e6-b6c0-eb82565d66bc,2026-08-06T15:00:00Z,2026-08-06T17:00:00+0200,6613.5,MW,PT,PT,actual_load,Actual Load,2026-08-20T16:15:20Z
2026-08-20T16:04:29Z,2026-08-20T18:04:29+0200,dd15a85f-2092-48e6-b6c0-eb82565d66bc,2026-08-06T16:00:00Z,2026-08-06T18:00:00+0200,6597.2,MW,PT,PT,actual_load,Actual Load,2026-08-20T16:15:20Z
2026-08-20T16:04:29Z,2026-08-20T18:04:29+0200,dd15a85f-2092-48e6-b6c0-eb82565d66bc,2026-08-06T17:00:00Z,2026-08-06T19:00:00+0200,6861.6,MW,PT,PT,actual_load,Actual Load,2026-08-20T16:15:20Z
2026-08-20T16:04:29Z,2026-08-20T18:04:29+0200,dd15a85f-2092-48e6-b6c0-eb82565d66bc,2026-08-06T18:00:00Z,2026-08-06T20:00:00+0200,7351.7,MW,PT,PT,actual_load,Actual Load,2026-08-20T16:15:20Z
2026-08-20T16:04:29Z,2026-08-20T18:04:29+0200,dd15a85f-2092-48e6-b6c0-eb82565d66bc,2026-08-06T19:00:00Z,2026-08-06T21:00:00+0200,7463.9,MW,PT,PT,actual_load,Actual Load,2026-08-20T16:15:20Z
2026-08-20T16:04:29Z,2026-08-20T18:04:29+0200,dd15a85f-2092-48e6-b6c0-eb82565d66bc,2026-08-06T20:00:00Z,2026-08-06T22:00:00+0200,7319.8,MW,PT,PT,actual_load,Actual Load,2026-08-20T16:15:20Z
2026-08-20T16:04:29Z,2026-08-20T18:04:29+0200,dd15a85f-2092-48e6-b6c0-eb82565d66bc,2026-08-06T21:00:00Z,2026-08-06T23:00:00+0200,6853.7,MW,PT,PT,actual_load,Actual Load,2026-08-20T16:15:20Z
2026-08-20T16:04:29Z,2026-08-20T18:04:29+0200,dd15a85f-2092-48e6-b6c0-eb82565d66bc,2026-08-06T22:00:00Z,2026-08-07T00:00:00+0200,6278.6,MW,PT,PT,actual_load,Actual Load,2026-08-20T16:15:20Z
2026-08-20T16:04:29Z,2026-08-20T18:04:29+0200,dd15a85f-2092-48e6-b6c0-eb82565d66bc,2026-08-06T23:00:00Z,2026-08-07T01:00:00+0200,5853.8,MW,PT,PT,actual_load,Actual Load,2026-08-20T16:15:20Z
2026-08-20T16:04:29Z,2026-08-20T18:04:29+0200,dd15a85f-2092-48e6-b6c0-eb82565d66bc,2026-08-07T00:00:00Z,2026-08-07T02:00:00+0200,5496.9,MW,PT,PT,actual_load,Actual Load,2026-08-20T16:15:20Z
2026-08-20T16:04:29Z,2026-08-20T18:04:29+0200,dd15a85f-2092-48e6-b6c0-eb82565d66bc,2026-08-07T01:00:00Z,2026-08-07T03:00:00+0200,5267.1,MW,PT,PT,actual_load,Actual Load,2026-08-20T16:15:20Z
2026-08-20T16:04:29Z,2026-08-20T18:04:29+0200,dd15a85f-2092-48e6-b6c0-eb82565d66bc,2026-08-07T02:00:00Z,2026-08-07T04:00:00+0200,5077.4,MW,PT,PT,actual_load,Actual Load,2026-08-20T16:15:20Z
2026-08-20T16:04:29Z,2026-08-20T18:04:29+0200,dd15a85f-2092-48e6-b6c0-eb82565d66bc,2026-08-07T03:00:00Z,2026-08-07T05:00:00+0200,4941.8,MW,PT,PT,actual_load,Actual Load,2026-08-20T16:15:20Z
2026-08-20T16:04:29Z,2026-08-20T18:04:29+0200,dd15a85f-2092-48e6-b6c0-eb82565d66bc,2026-08-07T04:00:00Z,2026-08-07T06:00:00+0200,5068.3,MW,PT,PT,actual_load,Actual Load,2026-08-20T16:15:20Z
2026-08-20T16:04:29Z,2026-08-20T18:04:29+0200,dd15a85f-2092-48e6-b6c0-eb82565d66bc,2026-08-07T05:00:00Z,2026-08-07T07:00:00+0200,5337.4,MW,PT,PT,actual_load,Actual Load,2026-08-20T16:15:20Z
2026-08-20T16:04:29Z,2026-08-20T18:04:29+0200,dd15a85f-2092-48e6-b6c0-eb82565d66bc,2026-08-07T06:00:00Z,2026-08-07T08:00:00+0200,5761.7,MW,PT,PT,actual_load,Actual Load,2026-08-20T16:15:20Z
2026-08-20T16:04:29Z,2026-08-20T18:04:29+0200,dd15a85f-2092-48e6-b6c0-eb82565d66bc,2026-08-07T07:00:00Z,2026-08-07T09:00:00+0200,6464.3,MW,PT,PT,actual_load,Actual Load,2026-08-20T16:15:20Z
2026-08-20T16:04:29Z,2026-08-20T18:04:29+0200,dd15a85f-2092-48e6-b6c0-eb82565d66bc,2026-08-07T08:00:00Z,2026-08-07T10:00:00+0200,6689.5,MW,PT,PT,actual_load,Actual Load,2026-08-20T16:15:20Z
2026-08-20T16:04:29Z,2026-08-20T18:04:29+0200,dd15a85f-2092-48e6-b6c0-eb82565d66bc,2026-08-07T09:00:00Z,2026-08-07T11:00:00+0200,6536.9,MW,PT,PT,actual_load,Actual Load,2026-08-20T16:15:20Z
2026-08-20T16:04:29Z,2026-08-20T18:04:29+0200,dd15a85f-2092-48e6-b6c0-eb82565d66bc,2026-08-07T10:00:00Z,2026-08-07T12:00:00+0200,6482.7,MW,PT,PT,actual_load,Actual Load,2026-08-20T16:15:20Z
2026-08-20T16:04:29Z,2026-08-20T18:04:29+0200,dd15a85f-2092-48e6-b6c0-eb82565d66bc,2026-08-07T11:00:00Z,2026-08-07T13:00:00+0200,6487.6,MW,PT,PT,actual_load,Actual Load,2026-08-20T16:15:20Z
2026-08-20T16:04:29Z,2026-08-20T18:04:29+0200,dd15a85f-2092-48e6-b6c0-eb82565d66bc,2026-08-07T12:00:00Z,2026-08-07T14:00:00+0200,6366.4,MW,PT,PT,actual_load,Actual Load,2026-08-20T16:15:20Z
2026-08-20T16:04:29Z,2026-08-20T18:04:29+0200,dd15a85f-2092-48e6-b6c0-eb82565d66bc,2026-08-07T13:00:00Z,2026-08-07T15:00:00+0200,6487.9,MW,PT,PT,actual_load,Actual Load,2026-08-20T16:15:20Z
2026-08-20T16:04:29Z,2026-08-20T18:04:29+0200,dd15a85f-2092-48e6-b6c0-eb82565d66bc,2026-08-07T14:00:00Z,2026-08-07T16:00:00+0200,6552.5,MW,PT,PT,actual_load,Actual Load,2026-08-20T16:15:20Z
2026-08-20T16:04:29Z,2026-08-20T18:04:29+0200,dd15a85f-2092-48e6-b6c0-eb82565d66bc,2026-08-07T15:00:00Z,2026-08-07T17:00:00+0200,6631.3,MW,PT,PT,actual_load,Actual Load,2026-08-20T16:15:20Z
2026-08-20T16:04:29Z,2026-08-20T18:04:29+0200,dd15a85f-2092-48e6-b6c0-eb82565d66bc,2026-08-07T16:00:00Z,2026-08-07T18:00:00+0200,6708.5,MW,PT,PT,actual_load,Actual Load,2026-08-20T16:15:20Z
2026-08-20T16:04:29Z,2026-08-20T18:04:29+0200,dd15a85f-2092-48e6-b6c0-eb82565d66bc,2026-08-07T17:00:00Z,2026-08-07T19:00:00+0200,6934.6,MW,PT,PT,actual_load,Actual Load,2026-08-20T16:15:20Z
2026-08-20T16:04:29Z,2026-08-20T18:04:29+0200,dd15a85f-2092-48e6-b6c0-eb82565d66bc,2026-08-07T18:00:00Z,2026-08-07T20:00:00+0200,7332.3,MW,PT,PT,actual_load,Actual Load,2026-08-20T16:15:20Z
2026-08-20T16:04:29Z,2026-08-20T18:04:29+0200,dd15a85f-2092-48e6-b6c0-eb82565d66bc,2026-08-07T19:00:00Z,2026-08-07T21:00:00+0200,7370.7,MW,PT,PT,actual_load,Actual Load,2026-08-20T16:15:20Z
2026-08-20T16:04:29Z,2026-08-20T18:04:29+0200,dd15a85f-2092-48e6-b6c0-eb82565d66bc,2026-08-07T20:00:00Z,2026-08-07T22:00:00+0200,7206.4,MW,PT,PT,actual_load,Actual Load,2026-08-20T16:15:20Z
2026-08-20T16:04:29Z,2026-08-20T18:04:29+0200,dd15a85f-2092-48e6-b6c0-eb82565d66bc,2026-08-07T21:00:00Z,2026-08-07T23:00:00+0200,6718.1,MW,PT,PT,actual_load,Actual Load,2026-08-20T16:15:20Z
2026-08-20T16:04:29Z,2026-08-20T18:04:29+0200,dd15a85f-2092-48e6-b6c0-eb82565d66bc,2026-08-07T22:00:00Z,2026-08-08T00:00:00+0200,6185.1,MW,PT,PT,actual_load,Actual Load,2026-08-20T16:15:20Z
2026-08-20T16:04:29Z,2026-08-20T18:04:29+0200,dd15a85f-2092-48e6-b6c0-eb82565d66bc,2026-08-07T23:00:00Z,2026-08-08T01:00:00+0200,5805.2,MW,PT,PT,actual_load,Actual Load,2026-08-20T16:15:20Z
2026-08-20T16:04:29Z,2026-08-20T18:04:29+0200,dd15a85f-2092-48e6-b6c0-eb82565d66bc,2026-08-08T00:00:00Z,2026-08-08T02:00:00+0200,5408.4,MW,PT,PT,actual_load,Actual Load,2026-08-20T16:15:20Z
2026-08-20T16:04:29Z,2026-08-20T18:04:29+0200,dd15a85f-2092-48e6-b6c0-eb82565d66bc,2026-08-08T01:00:00Z,2026-08-08T03:00:00+0200,5177.1,MW,PT,PT,actual_load,Actual Load,2026-08-20T16:15:20Z
2026-08-20T16:04:29Z,2026-08-20T18:04:29+0200,dd15a85f-2092-48e6-b6c0-eb82565d66bc,2026-08-08T02:00:00Z,2026-08-08T04:00:00+0200,5038.4,MW,PT,PT,actual_load,Actual Load,2026-08-20T16:15:20Z
2026-08-20T16:04:29Z,2026-08-20T18:04:29+0200,dd15a85f-2092-48e6-b6c0-eb82565d66bc,2026-08-08T03:00:00Z,2026-08-08T05:00:00+0200,4932.6,MW,PT,PT,actual_load,Actual Load,2026-08-20T16:15:20Z
2026-08-20T16:04:29Z,2026-08-20T18:04:29+0200,dd15a85f-2092-48e6-b6c0-eb82565d66bc,2026-08-08T04:00:00Z,2026-08-08T06:00:00+0200,4916.1,MW,PT,PT,actual_load,Actual Load,2026-08-20T16:15:20Z
2026-08-20T16:04:29Z,2026-08-20T18:04:29+0200,dd15a85f-2092-48e6-b6c0-eb82565d66bc,2026-08-08T05:00:00Z,2026-08-08T07:00:00+0200,4958.4,MW,PT,PT,actual_load,Actual Load,2026-08-20T16:15:20Z
2026-08-20T16:04:29Z,2026-08-20T18:04:29+0200,dd15a85f-2092-48e6-b6c0-eb82565d66bc,2026-08-08T06:00:00Z,2026-08-08T08:00:00+0200,5059.9,MW,PT,PT,actual_load,Actual Load,2026-08-20T16:15:20Z
2026-08-20T16:04:29Z,2026-08-20T18:04:29+0200,dd15a85f-2092-48e6-b6c0-eb82565d66bc,2026-08-08T07:00:00Z,2026-08-08T09:00:00+0200,5374.6,MW,PT,PT,actual_load,Actual Load,2026-08-20T16:15:20Z
2026-08-20T16:04:29Z,2026-08-20T18:04:29+0200,dd15a85f-2092-48e6-b6c0-eb82565d66bc,2026-08-08T08:00:00Z,2026-08-08T10:00:00+0200,5662.5,MW,PT,PT,actual_load,Actual Load,2026-08-20T16:15:20Z
2026-08-20T16:04:29Z,2026-08-20T18:04:29+0200,dd15a85f-2092-48e6-b6c0-eb82565d66bc,2026-08-08T09:00:00Z,2026-08-08T11:00:00+0200,5734.0,MW,PT,PT,actual_load,Actual Load,2026-08-20T16:15:20Z
2026-08-20T16:04:29Z,2026-08-20T18:04:29+0200,dd15a85f-2092-48e6-b6c0-eb82565d66bc,2026-08-08T10:00:00Z,2026-08-08T12:00:00+0200,5788.2,MW,PT,PT,actual_load,Actual Load,2026-08-20T16:15:20Z
2026-08-20T16:04:29Z,2026-08-20T18:04:29+0200,dd15a85f-2092-48e6-b6c0-eb82565d66bc,2026-08-08T11:00:00Z,2026-08-08T13:00:00+0200,5848.7,MW,PT,PT,actual_load,Actual Load,2026-08-20T16:15:20Z
2026-08-20T16:04:29Z,2026-08-20T18:04:29+0200,dd15a85f-2092-48e6-b6c0-eb82565d66bc,2026-08-08T12:00:00Z,2026-08-08T14:00:00+0200,5631.7,MW,PT,PT,actual_load,Actual Load,2026-08-20T16:15:20Z
2026-08-20T16:04:29Z,2026-08-20T18:04:29+0200,dd15a85f-2092-48e6-b6c0-eb82565d66bc,2026-08-08T13:00:00Z,2026-08-08T15:00:00+0200,5537.2,MW,PT,PT,actual_load,Actual Load,2026-08-20T16:15:20Z
2026-08-20T16:04:29Z,2026-08-20T18:04:29+0200,dd15a85f-2092-48e6-b6c0-eb82565d66bc,2026-08-08T14:00:00Z,2026-08-08T16:00:00+0200,5505.3,MW,PT,PT,actual_load,Actual Load,2026-08-20T16:15:20Z
2026-08-20T16:04:29Z,2026-08-20T18:04:29+0200,dd15a85f-2092-48e6-b6c0-eb82565d66bc,2026-08-08T15:00:00Z,2026-08-08T17:00:00+0200,5565.3,MW,PT,PT,actual_load,Actual Load,2026-08-20T16:15:20Z
2026-08-20T16:04:29Z,2026-08-20T18:04:29+0200,dd15a85f-2092-48e6-b6c0-eb82565d66bc,2026-08-08T16:00:00Z,2026-08-08T18:00:00+0200,5838.0,MW,PT,PT,actual_load,Actual Load,2026-08-20T16:15:20Z
2026-08-20T16:04:29Z,2026-08-20T18:04:29+0200,dd15a85f-2092-48e6-b6c0-eb82565d66bc,2026-08-08T17:00:00Z,2026-08-08T19:00:00+0200,6248.3,MW,PT,PT,actual_load,Actual Load,2026-08-20T16:15:20Z
2026-08-20T16:04:29Z,2026-08-20T18:04:29+0200,dd15a85f-2092-48e6-b6c0-eb82565d66bc,2026-08-08T18:00:00Z,2026-08-08T20:00:00+0200,6588.8,MW,PT,PT,actual_load,Actual Load,2026-08-20T16:15:20Z
2026-08-20T16:04:29Z,2026-08-20T18:04:29+0200,dd15a85f-2092-48e6-b6c0-eb82565d66bc,2026-08-08T19:00:00Z,2026-08-08T21:00:00+0200,6692.1,MW,PT,PT,actual_load,Actual Load,2026-08-20T16:15:20Z
2026-08-20T16:04:29Z,2026-08-20T18:04:29+0200,dd15a85f-2092-48e6-b6c0-eb82565d66bc,2026-08-08T20:00:00Z,2026-08-08T22:00:00+0200,6613.4,MW,PT,PT,actual_load,Actual Load,2026-08-20T16:15:20Z
2026-08-20T16:04:29Z,2026-08-20T18:04:29+0200,dd15a85f-2092-48e6-b6c0-eb82565d66bc,2026-08-08T21:00:00Z,2026-08-08T23:00:00+0200,6245.9,MW,PT,PT,actual_load,Actual Load,2026-08-20T16:15:20Z
2026-08-20T16:04:29Z,2026-08-20T18:04:29+0200,dd15a85f-2092-48e6-b6c0-eb82565d66bc,2026-08-08T22:00:00Z,2026-08-09T00:00:00+0200,5867.0,MW,PT,PT,actual_load,Actual Load,2026-08-20T16:15:20Z
2026-08-20T16:04:29Z,2026-08-20T18:04:29+0200,dd15a85f-2092-48e6-b6c0-eb82565d66bc,2026-08-08T23:00:00Z,2026-08-09T01:00:00+0200,5480.5,MW,PT,PT,actual_load,Actual Load,2026-08-20T16:15:20Z
2026-08-20T16:04:29Z,2026-08-20T18:04:29+0200,dd15a85f-2092-48e6-b6c0-eb82565d66bc,2026-08-09T00:00:00Z,2026-08-09T02:00:00+0200,5152.3,MW,PT,PT,actual_load,Actual Load,2026-08-20T16:15:20Z
2026-08-20T16:04:29Z,2026-08-20T18:04:29+0200,dd15a85f-2092-48e6-b6c0-eb82565d66bc,2026-08-09T01:00:00Z,2026-08-09T03:00:00+0200,4940.5,MW,PT,PT,actual_load,Actual Load,2026-08-20T16:15:20Z
2026-08-20T16:04:29Z,2026-08-20T18:04:29+0200,dd15a85f-2092-48e6-b6c0-eb82565d66bc,2026-08-09T02:00:00Z,2026-08-09T04:00:00+0200,4789.3,MW,PT,PT,actual_load,Actual Load,2026-08-20T16:15:20Z
2026-08-20T16:04:29Z,2026-08-20T18:04:29+0200,dd15a85f-2092-48e6-b6c0-eb82565d66bc,2026-08-09T03:00:00Z,2026-08-09T05:00:00+0200,4695.6,MW,PT,PT,actual_load,Actual Load,2026-08-20T16:15:20Z
2026-08-20T16:04:29Z,2026-08-20T18:04:29+0200,dd15a85f-2092-48e6-b6c0-eb82565d66bc,2026-08-09T04:00:00Z,2026-08-09T06:00:00+0200,4670.4,MW,PT,PT,actual_load,Actual Load,2026-08-20T16:15:20Z
2026-08-20T16:04:29Z,2026-08-20T18:04:29+0200,dd15a85f-2092-48e6-b6c0-eb82565d66bc,2026-08-09T05:00:00Z,2026-08-09T07:00:00+0200,4660.6,MW,PT,PT,actual_load,Actual Load,2026-08-20T16:15:20Z
2026-08-20T16:04:29Z,2026-08-20T18:04:29+0200,dd15a85f-2092-48e6-b6c0-eb82565d66bc,2026-08-09T06:00:00Z,2026-08-09T08:00:00+0200,4670.1,MW,PT,PT,actual_load,Actual Load,2026-08-20T16:15:20Z
2026-08-20T16:04:29Z,2026-08-20T18:04:29+0200,dd15a85f-2092-48e6-b6c0-eb82565d66bc,2026-08-09T07:00:00Z,2026-08-09T09:00:00+0200,4866.2,MW,PT,PT,actual_load,Actual Load,2026-08-20T16:15:20Z
2026-08-20T16:04:29Z,2026-08-20T18:04:29+0200,dd15a85f-2092-48e6-b6c0-eb82565d66bc,2026-08-09T08:00:00Z,2026-08-09T10:00:00+0200,5108.0,MW,PT,PT,actual_load,Actual Load,2026-08-20T16:15:20Z
2026-08-20T16:04:29Z,2026-08-20T18:04:29+0200,dd15a85f-2092-48e6-b6c0-eb82565d66bc,2026-08-09T09:00:00Z,2026-08-09T11:00:00+0200,5231.6,MW,PT,PT,actual_load,Actual Load,2026-08-20T16:15:20Z
2026-08-20T16:04:29Z,2026-08-20T18:04:29+0200,dd15a85f-2092-48e6-b6c0-eb82565d66bc,2026-08-09T10:00:00Z,2026-08-09T12:00:00+0200,5298.4,MW,PT,PT,actual_load,Actual Load,2026-08-20T16:15:20Z
2026-08-20T16:04:29Z,2026-08-20T18:04:29+0200,dd15a85f-2092-48e6-b6c0-eb82565d66bc,2026-08-09T11:00:00Z,2026-08-09T13:00:00+0200,5347.5,MW,PT,PT,actual_load,Actual Load,2026-08-20T16:15:20Z
2026-08-20T16:04:29Z,2026-08-20T18:04:29+0200,dd15a85f-2092-48e6-b6c0-eb82565d66bc,2026-08-09T12:00:00Z,2026-08-09T14:00:00+0200,5101.4,MW,PT,PT,actual_load,Actual Load,2026-08-20T16:15:20Z
2026-08-20T16:04:29Z,2026-08-20T18:04:29+0200,dd15a85f-2092-48e6-b6c0-eb82565d66bc,2026-08-09T13:00:00Z,2026-08-09T15:00:00+0200,4924.6,MW,PT,PT,actual_load,Actual Load,2026-08-20T16:15:20Z
2026-08-20T16:04:29Z,2026-08-20T18:04:29+0200,dd15a85f-2092-48e6-b6c0-eb82565d66bc,2026-08-09T14:00:00Z,2026-08-09T16:00:00+0200,4860.9,MW,PT,PT,actual_load,Actual Load,2026-08-20T16:15:20Z
2026-08-20T16:04:29Z,2026-08-20T18:04:29+0200,dd15a85f-2092-48e6-b6c0-eb82565d66bc,2026-08-09T15:00:00Z,2026-08-09T17:00:00+0200,4969.4,MW,PT,PT,actual_load,Actual Load,2026-08-20T16:15:20Z
2026-08-20T16:04:29Z,2026-08-20T18:04:29+0200,dd15a85f-2092-48e6-b6c0-eb82565d66bc,2026-08-09T16:00:00Z,2026-08-09T18:00:00+0200,5254.1,MW,PT,PT,actual_load,Actual Load,2026-08-20T16:15:20Z
2026-08-20T16:04:29Z,2026-08-20T18:04:29+0200,dd15a85f-2092-48e6-b6c0-eb82565d66bc,2026-08-09T17:00:00Z,2026-08-09T19:00:00+0200,5649.0,MW,PT,PT,actual_load,Actual Load,2026-08-20T16:15:20Z
2026-08-20T16:04:29Z,2026-08-20T18:04:29+0200,dd15a85f-2092-48e6-b6c0-eb82565d66bc,2026-08-09T18:00:00Z,2026-08-09T20:00:00+0200,6132.1,MW,PT,PT,actual_load,Actual Load,2026-08-20T16:15:20Z
2026-08-20T16:04:29Z,2026-08-20T18:04:29+0200,dd15a85f-2092-48e6-b6c0-eb82565d66bc,2026-08-09T19:00:00Z,2026-08-09T21:00:00+0200,6447.4,MW,PT,PT,actual_load,Actual Load,2026-08-20T16:15:20Z
2026-08-20T16:04:29Z,2026-08-20T18:04:29+0200,dd15a85f-2092-48e6-b6c0-eb82565d66bc,2026-08-09T20:00:00Z,2026-08-09T22:00:00+0200,6493.1,MW,PT,PT,actual_load,Actual Load,2026-08-20T16:15:20Z
2026-08-20T16:04:29Z,2026-08-20T18:04:29+0200,dd15a85f-2092-48e6-b6c0-eb82565d66bc,2026-08-09T21:00:00Z,2026-08-09T23:00:00+0200,6180.3,MW,PT,PT,actual_load,Actual Load,2026-08-20T16:15:20Z
2026-08-20T16:04:29Z,2026-08-20T18:04:29+0200,dd15a85f-2092-48e6-b6c0-eb82565d66bc,2026-08-09T22:00:00Z,2026-08-10T00:00:00+0200,5729.8,MW,PT,PT,actual_load,Actual Load,2026-08-20T16:15:20Z
2026-08-20T16:04:29Z,2026-08-20T18:04:29+0200,dd15a85f-2092-48e6-b6c0-eb82565d66bc,2026-08-09T23:00:00Z,2026-08-10T01:00:00+0200,5312.5,MW,PT,PT,actual_load,Actual Load,2026-08-20T16:15:20Z
2026-08-20T16:04:29Z,2026-08-20T18:04:29+0200,dd15a85f-2092-48e6-b6c0-eb82565d66bc,2026-08-10T00:00:00Z,2026-08-10T02:00:00+0200,4975.7,MW,PT,PT,actual_load,Actual Load,2026-08-20T16:15:20Z
2026-08-20T16:04:29Z,2026-08-20T18:04:29+0200,dd15a85f-2092-48e6-b6c0-eb82565d66bc,2026-08-10T01:00:00Z,2026-08-10T03:00:00+0200,4774.4,MW,PT,PT,actual_load,Actual Load,2026-08-20T16:15:20Z
2026-08-20T16:04:29Z,2026-08-20T18:04:29+0200,dd15a85f-2092-48e6-b6c0-eb82565d66bc,2026-08-10T02:00:00Z,2026-08-10T04:00:00+0200,4624.5,MW,PT,PT,actual_load,Actual Load,2026-08-20T16:15:20Z
2026-08-20T16:04:29Z,2026-08-20T18:04:29+0200,dd15a85f-2092-48e6-b6c0-eb82565d66bc,2026-08-10T03:00:00Z,2026-08-10T05:00:00+0200,4576.1,MW,PT,PT,actual_load,Actual Load,2026-08-20T16:15:20Z
2026-08-20T16:04:29Z,2026-08-20T18:04:29+0200,dd15a85f-2092-48e6-b6c0-eb82565d66bc,2026-08-10T04:00:00Z,2026-08-10T06:00:00+0200,4717.1,MW,PT,PT,actual_load,Actual Load,2026-08-20T16:15:20Z
2026-08-20T16:04:29Z,2026-08-20T18:04:29+0200,dd15a85f-2092-48e6-b6c0-eb82565d66bc,2026-08-10T05:00:00Z,2026-08-10T07:00:00+0200,4992.0,MW,PT,PT,actual_load,Actual Load,2026-08-20T16:15:20Z
2026-08-20T16:04:29Z,2026-08-20T18:04:29+0200,dd15a85f-2092-48e6-b6c0-eb82565d66bc,2026-08-10T06:00:00Z,2026-08-10T08:00:00+0200,5382.6,MW,PT,PT,actual_load,Actual Load,2026-08-20T16:15:20Z
2026-08-20T16:04:29Z,2026-08-20T18:04:29+0200,dd15a85f-2092-48e6-b6c0-eb82565d66bc,2026-08-10T07:00:00Z,2026-08-10T09:00:00+0200,6012.0,MW,PT,PT,actual_load,Actual Load,2026-08-20T16:15:20Z
2026-08-20T16:04:29Z,2026-08-20T18:04:29+0200,dd15a85f-2092-48e6-b6c0-eb82565d66bc,2026-08-10T08:00:00Z,2026-08-10T10:00:00+0200,6302.2,MW,PT,PT,actual_load,Actual Load,2026-08-20T16:15:20Z
2026-08-20T16:04:29Z,2026-08-20T18:04:29+0200,dd15a85f-2092-48e6-b6c0-eb82565d66bc,2026-08-10T09:00:00Z,2026-08-10T11:00:00+0200,6289.1,MW,PT,PT,actual_load,Actual Load,2026-08-20T16:15:20Z
2026-08-20T16:04:29Z,2026-08-20T18:04:29+0200,dd15a85f-2092-48e6-b6c0-eb82565d66bc,2026-08-10T10:00:00Z,2026-08-10T12:00:00+0200,6276.5,MW,PT,PT,actual_load,Actual Load,2026-08-20T16:15:20Z
2026-08-20T16:04:29Z,2026-08-20T18:04:29+0200,dd15a85f-2092-48e6-b6c0-eb82565d66bc,2026-08-10T11:00:00Z,2026-08-10T13:00:00+0200,6191.7,MW,PT,PT,actual_load,Actual Load,2026-08-20T16:15:20Z
2026-08-20T16:04:29Z,2026-08-20T18:04:29+0200,dd15a85f-2092-48e6-b6c0-eb82565d66bc,2026-08-10T12:00:00Z,2026-08-10T14:00:00+0200,6073.8,MW,PT,PT,actual_load,Actual Load,2026-08-20T16:15:20Z
2026-08-20T16:04:29Z,2026-08-20T18:04:29+0200,dd15a85f-2092-48e6-b6c0-eb82565d66bc,2026-08-10T13:00:00Z,2026-08-10T15:00:00+0200,6158.7,MW,PT,PT,actual_load,Actual Load,2026-08-20T16:15:20Z
2026-08-20T16:04:29Z,2026-08-20T18:04:29+0200,dd15a85f-2092-48e6-b6c0-eb82565d66bc,2026-08-10T14:00:00Z,2026-08-10T16:00:00+0200,6219.9,MW,PT,PT,actual_load,Actual Load,2026-08-20T16:15:20Z
2026-08-20T16:04:29Z,2026-08-20T18:04:29+0200,dd15a85f-2092-48e6-b6c0-eb82565d66bc,2026-08-10T15:00:00Z,2026-08-10T17:00:00+0200,6302.3,MW,PT,PT,actual_load,Actual Load,2026-08-20T16:15:20Z
2026-08-20T16:04:29Z,2026-08-20T18:04:29+0200,dd15a85f-2092-48e6-b6c0-eb82565d66bc,2026-08-10T16:00:00Z,2026-08-10T18:00:00+0200,6414.3,MW,PT,PT,actual_load,Actual Load,2026-08-20T16:15:20Z
2026-08-20T16:04:29Z,2026-08-20T18:04:29+0200,dd15a85f-2092-48e6-b6c0-eb82565d66bc,2026-08-10T17:00:00Z,2026-08-10T19:00:00+0200,6655.6,MW,PT,PT,actual_load,Actual Load,2026-08-20T16:15:20Z
2026-08-20T16:04:29Z,2026-08-20T18:04:29+0200,dd15a85f-2092-48e6-b6c0-eb82565d66bc,2026-08-10T18:00:00Z,2026-08-10T20:00:00+0200,7089.3,MW,PT,PT,actual_load,Actual Load,2026-08-20T16:15:20Z
2026-08-20T16:04:29Z,2026-08-20T18:04:29+0200,dd15a85f-2092-48e6-b6c0-eb82565d66bc,2026-08-10T19:00:00Z,2026-08-10T21:00:00+0200,7241.5,MW,PT,PT,actual_load,Actual Load,2026-08-20T16:15:20Z
2026-08-20T16:04:29Z,2026-08-20T18:04:29+0200,dd15a85f-2092-48e6-b6c0-eb82565d66bc,2026-08-10T20:00:00Z,2026-08-10T22:00:00+0200,7091.5,MW,PT,PT,actual_load,Actual Load,2026-08-20T16:15:20Z
2026-08-20T16:04:29Z,2026-08-20T18:04:29+0200,dd15a85f-2092-48e6-b6c0-eb82565d66bc,2026-08-10T21:00:00Z,2026-08-10T23:00:00+0200,6587.1,MW,PT,PT,actual_load,Actual Load,2026-08-20T16:15:20Z
2026-08-20T16:04:29Z,2026-08-20T18:04:29+0200,dd15a85f-2092-48e6-b6c0-eb82565d66bc,2026-08-10T22:00:00Z,2026-08-11T00:00:00+0200,6025.3,MW,PT,PT,actual_load,Actual Load,2026-08-20T16:15:20Z
2026-08-20T16:04:29Z,2026-08-20T18:04:29+0200,dd15a85f-2092-48e6-b6c0-eb82565d66bc,2026-08-10T23:00:00Z,2026-08-11T01:00:00+0200,5574.3,MW,PT,PT,actual_load,Actual Load,2026-08-20T16:15:20Z
2026-08-20T16:04:29Z,2026-08-20T18:04:29+0200,dd15a85f-2092-48e6-b6c0-eb82565d66bc,2026-08-11T00:00:00Z,2026-08-11T02:00:00+0200,5222.9,MW,PT,PT,actual_load,Actual Load,2026-08-20T16:15:20Z
2026-08-20T16:04:29Z,2026-08-20T18:04:29+0200,dd15a85f-2092-48e6-b6c0-eb82565d66bc,2026-08-11T01:00:00Z,2026-08-11T03:00:00+0200,4997.6,MW,PT,PT,actual_load,Actual Load,2026-08-20T16:15:20Z
2026-08-20T16:04:29Z,2026-08-20T18:04:29+0200,dd15a85f-2092-48e6-b6c0-eb82565d66bc,2026-08-11T02:00:00Z,2026-08-11T04:00:00+0200,4842.4,MW,PT,PT,actual_load,Actual Load,2026-08-20T16:15:20Z
2026-08-20T16:04:29Z,2026-08-20T18:04:29+0200,dd15a85f-2092-48e6-b6c0-eb82565d66bc,2026-08-11T03:00:00Z,2026-08-11T05:00:00+0200,4771.8,MW,PT,PT,actual_load,Actual Load,2026-08-20T16:15:20Z
2026-08-20T16:04:29Z,2026-08-20T18:04:29+0200,dd15a85f-2092-48e6-b6c0-eb82565d66bc,2026-08-11T04:00:00Z,2026-08-11T06:00:00+0200,4834.7,MW,PT,PT,actual_load,Actual Load,2026-08-20T16:15:20Z
2026-08-20T16:04:29Z,2026-08-20T18:04:29+0200,dd15a85f-2092-48e6-b6c0-eb82565d66bc,2026-08-11T05:00:00Z,2026-08-11T07:00:00+0200,5073.1,MW,PT,PT,actual_load,Actual Load,2026-08-20T16:15:20Z
2026-08-20T16:04:29Z,2026-08-20T18:04:29+0200,dd15a85f-2092-48e6-b6c0-eb82565d66bc,2026-08-11T06:00:00Z,2026-08-11T08:00:00+0200,5555.7,MW,PT,PT,actual_load,Actual Load,2026-08-20T16:15:20Z
2026-08-20T16:04:29Z,2026-08-20T18:04:29+0200,dd15a85f-2092-48e6-b6c0-eb82565d66bc,2026-08-11T07:00:00Z,2026-08-11T09:00:00+0200,6254.3,MW,PT,PT,actual_load,Actual Load,2026-08-20T16:15:20Z
2026-08-20T16:04:29Z,2026-08-20T18:04:29+0200,dd15a85f-2092-48e6-b6c0-eb82565d66bc,2026-08-11T08:00:00Z,2026-08-11T10:00:00+0200,6509.5,MW,PT,PT,actual_load,Actual Load,2026-08-20T16:15:20Z
2026-08-20T16:04:29Z,2026-08-20T18:04:29+0200,dd15a85f-2092-48e6-b6c0-eb82565d66bc,2026-08-11T09:00:00Z,2026-08-11T11:00:00+0200,6420.6,MW,PT,PT,actual_load,Actual Load,2026-08-20T16:15:20Z
2026-08-20T16:04:29Z,2026-08-20T18:04:29+0200,dd15a85f-2092-48e6-b6c0-eb82565d66bc,2026-08-11T10:00:00Z,2026-08-11T12:00:00+0200,6377.7,MW,PT,PT,actual_load,Actual Load,2026-08-20T16:15:20Z
2026-08-20T16:04:29Z,2026-08-20T18:04:29+0200,dd15a85f-2092-48e6-b6c0-eb82565d66bc,2026-08-11T11:00:00Z,2026-08-11T13:00:00+0200,6283.1,MW,PT,PT,actual_load,Actual Load,2026-08-20T16:15:20Z
2026-08-20T16:04:29Z,2026-08-20T18:04:29+0200,dd15a85f-2092-48e6-b6c0-eb82565d66bc,2026-08-11T12:00:00Z,2026-08-11T14:00:00+0200,6143.8,MW,PT,PT,actual_load,Actual Load,2026-08-20T16:15:20Z
2026-08-20T16:04:29Z,2026-08-20T18:04:29+0200,dd15a85f-2092-48e6-b6c0-eb82565d66bc,2026-08-11T13:00:00Z,2026-08-11T15:00:00+0200,6249.4,MW,PT,PT,actual_load,Actual Load,2026-08-20T16:15:20Z
2026-08-20T16:04:29Z,2026-08-20T18:04:29+0200,dd15a85f-2092-48e6-b6c0-eb82565d66bc,2026-08-11T14:00:00Z,2026-08-11T16:00:00+0200,6380.7,MW,PT,PT,actual_load,Actual Load,2026-08-20T16:15:20Z
2026-08-20T16:04:29Z,2026-08-20T18:04:29+0200,dd15a85f-2092-48e6-b6c0-eb82565d66bc,2026-08-11T15:00:00Z,2026-08-11T17:00:00+0200,6472.0,MW,PT,PT,actual_load,Actual Load,2026-08-20T16:15:20Z
2026-08-20T16:04:29Z,2026-08-20T18:04:29+0200,dd15a85f-2092-48e6-b6c0-eb82565d66bc,2026-08-11T16:00:00Z,2026-08-11T18:00:00+0200,6617.2,MW,PT,PT,actual_load,Actual Load,2026-08-20T16:15:20Z
2026-08-20T16:04:29Z,2026-08-20T18:04:29+0200,dd15a85f-2092-48e6-b6c0-eb82565d66bc,2026-08-11T17:00:00Z,2026-08-11T19:00:00+0200,6850.4,MW,PT,PT,actual_load,Actual Load,2026-08-20T16:15:20Z
2026-08-20T16:04:29Z,2026-08-20T18:04:29+0200,dd15a85f-2092-48e6-b6c0-eb82565d66bc,2026-08-11T18:00:00Z,2026-08-11T20:00:00+0200,7240.8,MW,PT,PT,actual_load,Actual Load,2026-08-20T16:15:20Z
2026-08-20T16:04:29Z,2026-08-20T18:04:29+0200,dd15a85f-2092-48e6-b6c0-eb82565d66bc,2026-08-11T19:00:00Z,2026-08-11T21:00:00+0200,7332.9,MW,PT,PT,actual_load,Actual Load,2026-08-20T16:15:20Z
2026-08-20T16:04:29Z,2026-08-20T18:04:29+0200,dd15a85f-2092-48e6-b6c0-eb82565d66bc,2026-08-11T20:00:00Z,2026-08-11T22:00:00+0200,7165.5,MW,PT,PT,actual_load,Actual Load,2026-08-20T16:15:20Z
2026-08-20T16:04:29Z,2026-08-20T18:04:29+0200,dd15a85f-2092-48e6-b6c0-eb82565d66bc,2026-08-11T21:00:00Z,2026-08-11T23:00:00+0200,6690.3,MW,PT,PT,actual_load,Actual Load,2026-08-20T16:15:20Z
2026-08-20T16:04:29Z,2026-08-20T18:04:29+0200,dd15a85f-2092-48e6-b6c0-eb82565d66bc,2026-08-11T22:00:00Z,2026-08-12T00:00:00+0200,6124.6,MW,PT,PT,actual_load,Actual Load,2026-08-20T16:15:20Z
2026-08-20T16:04:29Z,2026-08-20T18:04:29+0200,dd15a85f-2092-48e6-b6c0-eb82565d66bc,2026-08-11T23:00:00Z,2026-08-12T01:00:00+0200,5672.7,MW,PT,PT,actual_load,Actual Load,2026-08-20T16:15:20Z
2026-08-20T16:04:29Z,2026-08-20T18:04:29+0200,dd15a85f-2092-48e6-b6c0-eb82565d66bc,2026-08-12T00:00:00Z,2026-08-12T02:00:00+0200,5313.2,MW,PT,PT,actual_load,Actual Load,2026-08-20T16:15:20Z
2026-08-20T16:04:29Z,2026-08-20T18:04:29+0200,dd15a85f-2092-48e6-b6c0-eb82565d66bc,2026-08-12T01:00:00Z,2026-08-12T03:00:00+0200,5063.3,MW,PT,PT,actual_load,Actual Load,2026-08-20T16:15:20Z
2026-08-20T16:04:29Z,2026-08-20T18:04:29+0200,dd15a85f-2092-48e6-b6c0-eb82565d66bc,2026-08-12T02:00:00Z,2026-08-12T04:00:00+0200,4911.7,MW,PT,PT,actual_load,Actual Load,2026-08-20T16:15:20Z
2026-08-20T16:04:29Z,2026-08-20T18:04:29+0200,dd15a85f-2092-48e6-b6c0-eb82565d66bc,2026-08-12T03:00:00Z,2026-08-12T05:00:00+0200,4828.1,MW,PT,PT,actual_load,Actual Load,2026-08-20T16:15:20Z
2026-08-20T16:04:29Z,2026-08-20T18:04:29+0200,dd15a85f-2092-48e6-b6c0-eb82565d66bc,2026-08-12T04:00:00Z,2026-08-12T06:00:00+0200,4887.6,MW,PT,PT,actual_load,Actual Load,2026-08-20T16:15:20Z
2026-08-20T16:04:29Z,2026-08-20T18:04:29+0200,dd15a85f-2092-48e6-b6c0-eb82565d66bc,2026-08-12T05:00:00Z,2026-08-12T07:00:00+0200,5115.3,MW,PT,PT,actual_load,Actual Load,2026-08-20T16:15:20Z
2026-08-20T16:04:29Z,2026-08-20T18:04:29+0200,dd15a85f-2092-48e6-b6c0-eb82565d66bc,2026-08-12T06:00:00Z,2026-08-12T08:00:00+0200,5597.5,MW,PT,PT,actual_load,Actual Load,2026-08-20T16:15:20Z
2026-08-20T16:04:29Z,2026-08-20T18:04:29+0200,dd15a85f-2092-48e6-b6c0-eb82565d66bc,2026-08-12T07:00:00Z,2026-08-12T09:00:00+0200,6242.6,MW,PT,PT,actual_load,Actual Load,2026-08-20T16:15:20Z
2026-08-20T16:04:29Z,2026-08-20T18:04:29+0200,dd15a85f-2092-48e6-b6c0-eb82565d66bc,2026-08-12T08:00:00Z,2026-08-12T10:00:00+0200,6465.7,MW,PT,PT,actual_load,Actual Load,2026-08-20T16:15:20Z
2026-08-20T16:04:29Z,2026-08-20T18:04:29+0200,dd15a85f-2092-48e6-b6c0-eb82565d66bc,2026-08-12T09:00:00Z,2026-08-12T11:00:00+0200,6398.1,MW,PT,PT,actual_load,Actual Load,2026-08-20T16:15:20Z
2026-08-20T16:04:29Z,2026-08-20T18:04:29+0200,dd15a85f-2092-48e6-b6c0-eb82565d66bc,2026-08-12T10:00:00Z,2026-08-12T12:00:00+0200,6377.8,MW,PT,PT,actual_load,Actual Load,2026-08-20T16:15:20Z
2026-08-20T16:04:29Z,2026-08-20T18:04:29+0200,dd15a85f-2092-48e6-b6c0-eb82565d66bc,2026-08-12T11:00:00Z,2026-08-12T13:00:00+0200,6382.0,MW,PT,PT,actual_load,Actual Load,2026-08-20T16:15:20Z
2026-08-20T16:04:29Z,2026-08-20T18:04:29+0200,dd15a85f-2092-48e6-b6c0-eb82565d66bc,2026-08-12T12:00:00Z,2026-08-12T14:00:00+0200,6319.0,MW,PT,PT,actual_load,Actual Load,2026-08-20T16:15:20Z
2026-08-20T16:04:29Z,2026-08-20T18:04:29+0200,dd15a85f-2092-48e6-b6c0-eb82565d66bc,2026-08-12T13:00:00Z,2026-08-12T15:00:00+0200,6396.2,MW,PT,PT,actual_load,Actual Load,2026-08-20T16:15:20Z
2026-08-20T16:04:29Z,2026-08-20T18:04:29+0200,dd15a85f-2092-48e6-b6c0-eb82565d66bc,2026-08-12T14:00:00Z,2026-08-12T16:00:00+0200,6446.3,MW,PT,PT,actual_load,Actual Load,2026-08-20T16:15:20Z
2026-08-20T16:04:29Z,2026-08-20T18:04:29+0200,dd15a85f-2092-48e6-b6c0-eb82565d66bc,2026-08-12T15:00:00Z,2026-08-12T17:00:00+0200,6569.9,MW,PT,PT,actual_load,Actual Load,2026-08-20T16:15:20Z
2026-08-20T16:04:29Z,2026-08-20T18:04:29+0200,dd15a85f-2092-48e6-b6c0-eb82565d66bc,2026-08-12T16:00:00Z,2026-08-12T18:00:00+0200,6602.3,MW,PT,PT,actual_load,Actual Load,2026-08-20T16:15:20Z
2026-08-20T16:04:29Z,2026-08-20T18:04:29+0200,dd15a85f-2092-48e6-b6c0-eb82565d66bc,2026-08-12T17:00:00Z,2026-08-12T19:00:00+0200,6824.6,MW,PT,PT,actual_load,Actual Load,2026-08-20T16:15:20Z
2026-08-20T16:04:29Z,2026-08-20T18:04:29+0200,dd15a85f-2092-48e6-b6c0-eb82565d66bc,2026-08-12T18:00:00Z,2026-08-12T20:00:00+0200,7240.0,MW,PT,PT,actual_load,Actual Load,2026-08-20T16:15:20Z
2026-08-20T16:04:29Z,2026-08-20T18:04:29+0200,dd15a85f-2092-48e6-b6c0-eb82565d66bc,2026-08-12T19:00:00Z,2026-08-12T21:00:00+0200,7271.6,MW,PT,PT,actual_load,Actual Load,2026-08-20T16:15:20Z
2026-08-20T16:04:29Z,2026-08-20T18:04:29+0200,dd15a85f-2092-48e6-b6c0-eb82565d66bc,2026-08-12T20:00:00Z,2026-08-12T22:00:00+0200,7161.8,MW,PT,PT,actual_load,Actual Load,2026-08-20T16:15:20Z
2026-08-20T16:04:29Z,2026-08-20T18:04:29+0200,dd15a85f-2092-48e6-b6c0-eb82565d66bc,2026-08-12T21:00:00Z,2026-08-12T23:00:00+0200,6694.3,MW,PT,PT,actual_load,Actual Load,2026-08-20T16:15:20Z
2026-08-20T16:04:29Z,2026-08-20T18:04:29+0200,dd15a85f-2092-48e6-b6c0-eb82565d66bc,2026-08-12T22:00:00Z,2026-08-13T00:00:00+0200,6154.5,MW,PT,PT,actual_load,Actual Load,2026-08-20T16:15:20Z
2026-08-20T16:04:29Z,2026-08-20T18:04:29+0200,dd15a85f-2092-48e6-b6c0-eb82565d66bc,2026-08-12T23:00:00Z,2026-08-13T01:00:00+0200,5696.0,MW,PT,PT,actual_load,Actual Load,2026-08-20T16:15:20Z
2026-08-20T16:04:29Z,2026-08-20T18:04:29+0200,dd15a85f-2092-48e6-b6c0-eb82565d66bc,2026-08-13T00:00:00Z,2026-08-13T02:00:00+0200,5338.8,MW,PT,PT,actual_load,Actual Load,2026-08-20T16:15:20Z
2026-08-20T16:04:29Z,2026-08-20T18:04:29+0200,dd15a85f-2092-48e6-b6c0-eb82565d66bc,2026-08-13T01:00:00Z,2026-08-13T03:00:00+0200,5107.6,MW,PT,PT,actual_load,Actual Load,2026-08-20T16:15:20Z
2026-08-20T16:04:29Z,2026-08-20T18:04:29+0200,dd15a85f-2092-48e6-b6c0-eb82565d66bc,2026-08-13T02:00:00Z,2026-08-13T04:00:00+0200,4946.5,MW,PT,PT,actual_load,Actual Load,2026-08-20T16:15:20Z
2026-08-20T16:04:29Z,2026-08-20T18:04:29+0200,dd15a85f-2092-48e6-b6c0-eb82565d66bc,2026-08-13T03:00:00Z,2026-08-13T05:00:00+0200,4858.5,MW,PT,PT,actual_load,Actual Load,2026-08-20T16:15:20Z
2026-08-20T16:04:29Z,2026-08-20T18:04:29+0200,dd15a85f-2092-48e6-b6c0-eb82565d66bc,2026-08-13T04:00:00Z,2026-08-13T06:00:00+0200,4916.9,MW,PT,PT,actual_load,Actual Load,2026-08-20T16:15:20Z
2026-08-20T16:04:29Z,2026-08-20T18:04:29+0200,dd15a85f-2092-48e6-b6c0-eb82565d66bc,2026-08-13T05:00:00Z,2026-08-13T07:00:00+0200,5232.0,MW,PT,PT,actual_load,Actual Load,2026-08-20T16:15:20Z
2026-08-20T16:04:29Z,2026-08-20T18:04:29+0200,dd15a85f-2092-48e6-b6c0-eb82565d66bc,2026-08-13T06:00:00Z,2026-08-13T08:00:00+0200,5614.1,MW,PT,PT,actual_load,Actual Load,2026-08-20T16:15:20Z
2026-08-20T16:04:29Z,2026-08-20T18:04:29+0200,dd15a85f-2092-48e6-b6c0-eb82565d66bc,2026-08-13T07:00:00Z,2026-08-13T09:00:00+0200,6294.2,MW,PT,PT,actual_load,Actual Load,2026-08-20T16:15:20Z
2026-08-20T16:04:29Z,2026-08-20T18:04:29+0200,dd15a85f-2092-48e6-b6c0-eb82565d66bc,2026-08-13T08:00:00Z,2026-08-13T10:00:00+0200,6640.9,MW,PT,PT,actual_load,Actual Load,2026-08-20T16:15:20Z
2026-08-20T16:04:29Z,2026-08-20T18:04:29+0200,dd15a85f-2092-48e6-b6c0-eb82565d66bc,2026-08-13T09:00:00Z,2026-08-13T11:00:00+0200,6697.1,MW,PT,PT,actual_load,Actual Load,2026-08-20T16:15:20Z
2026-08-20T16:04:29Z,2026-08-20T18:04:29+0200,dd15a85f-2092-48e6-b6c0-eb82565d66bc,2026-08-13T10:00:00Z,2026-08-13T12:00:00+0200,6598.4,MW,PT,PT,actual_load,Actual Load,2026-08-20T16:15:20Z
2026-08-20T16:04:29Z,2026-08-20T18:04:29+0200,dd15a85f-2092-48e6-b6c0-eb82565d66bc,2026-08-13T11:00:00Z,2026-08-13T13:00:00+0200,6436.8,MW,PT,PT,actual_load,Actual Load,2026-08-20T16:15:20Z
2026-08-20T16:04:29Z,2026-08-20T18:04:29+0200,dd15a85f-2092-48e6-b6c0-eb82565d66bc,2026-08-13T12:00:00Z,2026-08-13T14:00:00+0200,6380.9,MW,PT,PT,actual_load,Actual Load,2026-08-20T16:15:20Z
2026-08-20T16:04:29Z,2026-08-20T18:04:29+0200,dd15a85f-2092-48e6-b6c0-eb82565d66bc,2026-08-13T13:00:00Z,2026-08-13T15:00:00+0200,6474.8,MW,PT,PT,actual_load,Actual Load,2026-08-20T16:15:20Z
2026-08-20T16:04:29Z,2026-08-20T18:04:29+0200,dd15a85f-2092-48e6-b6c0-eb82565d66bc,2026-08-13T14:00:00Z,2026-08-13T16:00:00+0200,6478.9,MW,PT,PT,actual_load,Actual Load,2026-08-20T16:15:20Z
2026-08-20T16:04:29Z,2026-08-20T18:04:29+0200,dd15a85f-2092-48e6-b6c0-eb82565d66bc,2026-08-13T15:00:00Z,2026-08-13T17:00:00+0200,6647.9,MW,PT,PT,actual_load,Actual Load,2026-08-20T16:15:20Z
2026-08-20T16:04:29Z,2026-08-20T18:04:29+0200,dd15a85f-2092-48e6-b6c0-eb82565d66bc,2026-08-13T16:00:00Z,2026-08-13T18:00:00+0200,6730.2,MW,PT,PT,actual_load,Actual Load,2026-08-20T16:15:20Z
2026-08-20T16:04:29Z,2026-08-20T18:04:29+0200,dd15a85f-2092-48e6-b6c0-eb82565d66bc,2026-08-13T17:00:00Z,2026-08-13T19:00:00+0200,6984.6,MW,PT,PT,actual_load,Actual Load,2026-08-20T16:15:20Z
2026-08-20T16:04:29Z,2026-08-20T18:04:29+0200,dd15a85f-2092-48e6-b6c0-eb82565d66bc,2026-08-13T18:00:00Z,2026-08-13T20:00:00+0200,7349.6,MW,PT,PT,actual_load,Actual Load,2026-08-20T16:15:20Z
2026-08-20T16:04:29Z,2026-08-20T18:04:29+0200,dd15a85f-2092-48e6-b6c0-eb82565d66bc,2026-08-13T19:00:00Z,2026-08-13T21:00:00+0200,7401.9,MW,PT,PT,actual_load,Actual Load,2026-08-20T16:15:20Z
2026-08-20T16:04:29Z,2026-08-20T18:04:29+0200,dd15a85f-2092-48e6-b6c0-eb82565d66bc,2026-08-13T20:00:00Z,2026-08-13T22:00:00+0200,7226.6,MW,PT,PT,actual_load,Actual Load,2026-08-20T16:15:20Z
2026-08-20T16:04:29Z,2026-08-20T18:04:29+0200,dd15a85f-2092-48e6-b6c0-eb82565d66bc,2026-08-13T21:00:00Z,2026-08-13T23:00:00+0200,6722.8,MW,PT,PT,actual_load,Actual Load,2026-08-20T16:15:20Z
2026-08-20T16:04:29Z,2026-08-20T18:04:29+0200,dd15a85f-2092-48e6-b6c0-eb82565d66bc,2026-08-13T22:00:00Z,2026-08-14T00:00:00+0200,6153.6,MW,PT,PT,actual_load,Actual Load,2026-08-20T16:15:20Z
2026-08-20T16:04:29Z,2026-08-20T18:04:29+0200,dd15a85f-2092-48e6-b6c0-eb82565d66bc,2026-08-13T23:00:00Z,2026-08-14T01:00:00+0200,5677.9,MW,PT,PT,actual_load,Actual Load,2026-08-20T16:15:20Z
2026-08-20T16:04:29Z,2026-08-20T18:04:29+0200,dd15a85f-2092-48e6-b6c0-eb82565d66bc,2026-08-14T00:00:00Z,2026-08-14T02:00:00+0200,5313.8,MW,PT,PT,actual_load,Actual Load,2026-08-20T16:15:20Z
2026-08-20T16:04:29Z,2026-08-20T18:04:29+0200,dd15a85f-2092-48e6-b6c0-eb82565d66bc,2026-08-14T01:00:00Z,2026-08-14T03:00:00+0200,5061.4,MW,PT,PT,actual_load,Actual Load,2026-08-20T16:15:20Z
2026-08-20T16:04:29Z,2026-08-20T18:04:29+0200,dd15a85f-2092-48e6-b6c0-eb82565d66bc,2026-08-14T02:00:00Z,2026-08-14T04:00:00+0200,4918.8,MW,PT,PT,actual_load,Actual Load,2026-08-20T16:15:20Z
2026-08-20T16:04:29Z,2026-08-20T18:04:29+0200,dd15a85f-2092-48e6-b6c0-eb82565d66bc,2026-08-14T03:00:00Z,2026-08-14T05:00:00+0200,4826.4,MW,PT,PT,actual_load,Actual Load,2026-08-20T16:15:20Z
2026-08-20T16:04:29Z,2026-08-20T18:04:29+0200,dd15a85f-2092-48e6-b6c0-eb82565d66bc,2026-08-14T04:00:00Z,2026-08-14T06:00:00+0200,4880.3,MW,PT,PT,actual_load,Actual Load,2026-08-20T16:15:20Z
2026-08-20T16:04:29Z,2026-08-20T18:04:29+0200,dd15a85f-2092-48e6-b6c0-eb82565d66bc,2026-08-14T05:00:00Z,2026-08-14T07:00:00+0200,5113.2,MW,PT,PT,actual_load,Actual Load,2026-08-20T16:15:20Z
2026-08-20T16:04:29Z,2026-08-20T18:04:29+0200,dd15a85f-2092-48e6-b6c0-eb82565d66bc,2026-08-14T06:00:00Z,2026-08-14T08:00:00+0200,5545.6,MW,PT,PT,actual_load,Actual Load,2026-08-20T16:15:20Z
2026-08-20T16:04:29Z,2026-08-20T18:04:29+0200,dd15a85f-2092-48e6-b6c0-eb82565d66bc,2026-08-14T07:00:00Z,2026-08-14T09:00:00+0200,6263.6,MW,PT,PT,actual_load,Actual Load,2026-08-20T16:15:20Z
2026-08-20T16:04:29Z,2026-08-20T18:04:29+0200,dd15a85f-2092-48e6-b6c0-eb82565d66bc,2026-08-14T08:00:00Z,2026-08-14T10:00:00+0200,6680.2,MW,PT,PT,actual_load,Actual Load,2026-08-20T16:15:20Z
2026-08-20T16:04:29Z,2026-08-20T18:04:29+0200,dd15a85f-2092-48e6-b6c0-eb82565d66bc,2026-08-14T09:00:00Z,2026-08-14T11:00:00+0200,6808.0,MW,PT,PT,actual_load,Actual Load,2026-08-20T16:15:20Z
2026-08-20T16:04:29Z,2026-08-20T18:04:29+0200,dd15a85f-2092-48e6-b6c0-eb82565d66bc,2026-08-14T10:00:00Z,2026-08-14T12:00:00+0200,6889.8,MW,PT,PT,actual_load,Actual Load,2026-08-20T16:15:20Z
2026-08-20T16:04:29Z,2026-08-20T18:04:29+0200,dd15a85f-2092-48e6-b6c0-eb82565d66bc,2026-08-14T11:00:00Z,2026-08-14T13:00:00+0200,6831.1,MW,PT,PT,actual_load,Actual Load,2026-08-20T16:15:20Z
2026-08-20T16:04:29Z,2026-08-20T18:04:29+0200,dd15a85f-2092-48e6-b6c0-eb82565d66bc,2026-08-14T12:00:00Z,2026-08-14T14:00:00+0200,6739.9,MW,PT,PT,actual_load,Actual Load,2026-08-20T16:15:20Z
2026-08-20T16:04:29Z,2026-08-20T18:04:29+0200,dd15a85f-2092-48e6-b6c0-eb82565d66bc,2026-08-14T13:00:00Z,2026-08-14T15:00:00+0200,6693.8,MW,PT,PT,actual_load,Actual Load,2026-08-20T16:15:20Z
2026-08-20T16:04:29Z,2026-08-20T18:04:29+0200,dd15a85f-2092-48e6-b6c0-eb82565d66bc,2026-08-14T14:00:00Z,2026-08-14T16:00:00+0200,6525.9,MW,PT,PT,actual_load,Actual Load,2026-08-20T16:15:20Z
2026-08-20T16:04:29Z,2026-08-20T18:04:29+0200,dd15a85f-2092-48e6-b6c0-eb82565d66bc,2026-08-14T15:00:00Z,2026-08-14T17:00:00+0200,6345.3,MW,PT,PT,actual_load,Actual Load,2026-08-20T16:15:20Z
2026-08-20T16:04:29Z,2026-08-20T18:04:29+0200,dd15a85f-2092-48e6-b6c0-eb82565d66bc,2026-08-14T16:00:00Z,2026-08-14T18:00:00+0200,6414.3,MW,PT,PT,actual_load,Actual Load,2026-08-20T16:15:20Z
2026-08-20T16:04:29Z,2026-08-20T18:04:29+0200,dd15a85f-2092-48e6-b6c0-eb82565d66bc,2026-08-14T17:00:00Z,2026-08-14T19:00:00+0200,6695.0,MW,PT,PT,actual_load,Actual Load,2026-08-20T16:15:20Z
2026-08-20T16:04:29Z,2026-08-20T18:04:29+0200,dd15a85f-2092-48e6-b6c0-eb82565d66bc,2026-08-14T18:00:00Z,2026-08-14T20:00:00+0200,7024.4,MW,PT,PT,actual_load,Actual Load,2026-08-20T16:15:20Z
2026-08-20T16:04:29Z,2026-08-20T18:04:29+0200,dd15a85f-2092-48e6-b6c0-eb82565d66bc,2026-08-14T19:00:00Z,2026-08-14T21:00:00+0200,7094.6,MW,PT,PT,actual_load,Actual Load,2026-08-20T16:15:20Z
2026-08-20T16:04:29Z,2026-08-20T18:04:29+0200,dd15a85f-2092-48e6-b6c0-eb82565d66bc,2026-08-14T20:00:00Z,2026-08-14T22:00:00+0200,6959.3,MW,PT,PT,actual_load,Actual Load,2026-08-20T16:15:20Z
2026-08-20T16:04:29Z,2026-08-20T18:04:29+0200,dd15a85f-2092-48e6-b6c0-eb82565d66bc,2026-08-14T21:00:00Z,2026-08-14T23:00:00+0200,6497.0,MW,PT,PT,actual_load,Actual Load,2026-08-20T16:15:20Z
2026-08-20T16:04:29Z,2026-08-20T18:04:29+0200,dd15a85f-2092-48e6-b6c0-eb82565d66bc,2026-08-14T22:00:00Z,2026-08-15T00:00:00+0200,5948.3,MW,PT,PT,actual_load,Actual Load,2026-08-20T16:15:20Z
2026-08-20T16:04:29Z,2026-08-20T18:04:29+0200,dd15a85f-2092-48e6-b6c0-eb82565d66bc,2026-08-14T23:00:00Z,2026-08-15T01:00:00+0200,5492.0,MW,PT,PT,actual_load,Actual Load,2026-08-20T16:15:20Z
2026-08-20T16:04:29Z,2026-08-20T18:04:29+0200,dd15a85f-2092-48e6-b6c0-eb82565d66bc,2026-08-15T00:00:00Z,2026-08-15T02:00:00+0200,5202.0,MW,PT,PT,actual_load,Actual Load,2026-08-20T16:15:20Z
2026-08-20T16:04:29Z,2026-08-20T18:04:29+0200,dd15a85f-2092-48e6-b6c0-eb82565d66bc,2026-08-15T01:00:00Z,2026-08-15T03:00:00+0200,4970.7,MW,PT,PT,actual_load,Actual Load,2026-08-20T16:15:20Z
2026-08-20T16:04:29Z,2026-08-20T18:04:29+0200,dd15a85f-2092-48e6-b6c0-eb82565d66bc,2026-08-15T02:00:00Z,2026-08-15T04:00:00+0200,4827.6,MW,PT,PT,actual_load,Actual Load,2026-08-20T16:15:20Z
2026-08-20T16:04:29Z,2026-08-20T18:04:29+0200,dd15a85f-2092-48e6-b6c0-eb82565d66bc,2026-08-15T03:00:00Z,2026-08-15T05:00:00+0200,4738.8,MW,PT,PT,actual_load,Actual Load,2026-08-20T16:15:20Z
2026-08-20T16:04:29Z,2026-08-20T18:04:29+0200,dd15a85f-2092-48e6-b6c0-eb82565d66bc,2026-08-15T04:00:00Z,2026-08-15T06:00:00+0200,4707.1,MW,PT,PT,actual_load,Actual Load,2026-08-20T16:15:20Z
2026-08-20T16:04:29Z,2026-08-20T18:04:29+0200,dd15a85f-2092-48e6-b6c0-eb82565d66bc,2026-08-15T05:00:00Z,2026-08-15T07:00:00+0200,4766.4,MW,PT,PT,actual_load,Actual Load,2026-08-20T16:15:20Z
2026-08-20T16:04:29Z,2026-08-20T18:04:29+0200,dd15a85f-2092-48e6-b6c0-eb82565d66bc,2026-08-15T06:00:00Z,2026-08-15T08:00:00+0200,4837.4,MW,PT,PT,actual_load,Actual Load,2026-08-20T16:15:20Z
2026-08-20T16:04:29Z,2026-08-20T18:04:29+0200,dd15a85f-2092-48e6-b6c0-eb82565d66bc,2026-08-15T07:00:00Z,2026-08-15T09:00:00+0200,5083.7,MW,PT,PT,actual_load,Actual Load,2026-08-20T16:15:20Z
2026-08-20T16:04:29Z,2026-08-20T18:04:29+0200,dd15a85f-2092-48e6-b6c0-eb82565d66bc,2026-08-15T08:00:00Z,2026-08-15T10:00:00+0200,5311.3,MW,PT,PT,actual_load,Actual Load,2026-08-20T16:15:20Z
2026-08-20T16:04:29Z,2026-08-20T18:04:29+0200,dd15a85f-2092-48e6-b6c0-eb82565d66bc,2026-08-15T09:00:00Z,2026-08-15T11:00:00+0200,5455.1,MW,PT,PT,actual_load,Actual Load,2026-08-20T16:15:20Z
2026-08-20T16:04:29Z,2026-08-20T18:04:29+0200,dd15a85f-2092-48e6-b6c0-eb82565d66bc,2026-08-15T10:00:00Z,2026-08-15T12:00:00+0200,5501.5,MW,PT,PT,actual_load,Actual Load,2026-08-20T16:15:20Z
2026-08-20T16:04:29Z,2026-08-20T18:04:29+0200,dd15a85f-2092-48e6-b6c0-eb82565d66bc,2026-08-15T11:00:00Z,2026-08-15T13:00:00+0200,5604.6,MW,PT,PT,actual_load,Actual Load,2026-08-20T16:15:20Z
2026-08-20T16:04:29Z,2026-08-20T18:04:29+0200,dd15a85f-2092-48e6-b6c0-eb82565d66bc,2026-08-15T12:00:00Z,2026-08-15T14:00:00+0200,5398.6,MW,PT,PT,actual_load,Actual Load,2026-08-20T16:15:20Z
2026-08-20T16:04:29Z,2026-08-20T18:04:29+0200,dd15a85f-2092-48e6-b6c0-eb82565d66bc,2026-08-15T13:00:00Z,2026-08-15T15:00:00+0200,5169.6,MW,PT,PT,actual_load,Actual Load,2026-08-20T16:15:20Z
2026-08-20T16:04:29Z,2026-08-20T18:04:29+0200,dd15a85f-2092-48e6-b6c0-eb82565d66bc,2026-08-15T14:00:00Z,2026-08-15T16:00:00+0200,5025.0,MW,PT,PT,actual_load,Actual Load,2026-08-20T16:15:20Z
2026-08-20T16:04:29Z,2026-08-20T18:04:29+0200,dd15a85f-2092-48e6-b6c0-eb82565d66bc,2026-08-15T15:00:00Z,2026-08-15T17:00:00+0200,5112.8,MW,PT,PT,actual_load,Actual Load,2026-08-20T16:15:20Z
2026-08-20T16:04:29Z,2026-08-20T18:04:29+0200,dd15a85f-2092-48e6-b6c0-eb82565d66bc,2026-08-15T16:00:00Z,2026-08-15T18:00:00+0200,5361.8,MW,PT,PT,actual_load,Actual Load,2026-08-20T16:15:20Z
2026-08-20T16:04:29Z,2026-08-20T18:04:29+0200,dd15a85f-2092-48e6-b6c0-eb82565d66bc,2026-08-15T17:00:00Z,2026-08-15T19:00:00+0200,5761.3,MW,PT,PT,actual_load,Actual Load,2026-08-20T16:15:20Z
2026-08-20T16:04:29Z,2026-08-20T18:04:29+0200,dd15a85f-2092-48e6-b6c0-eb82565d66bc,2026-08-15T18:00:00Z,2026-08-15T20:00:00+0200,6179.0,MW,PT,PT,actual_load,Actual Load,2026-08-20T16:15:20Z
2026-08-20T16:04:29Z,2026-08-20T18:04:29+0200,dd15a85f-2092-48e6-b6c0-eb82565d66bc,2026-08-15T19:00:00Z,2026-08-15T21:00:00+0200,6405.4,MW,PT,PT,actual_load,Actual Load,2026-08-20T16:15:20Z
2026-08-20T16:04:29Z,2026-08-20T18:04:29+0200,dd15a85f-2092-48e6-b6c0-eb82565d66bc,2026-08-15T20:00:00Z,2026-08-15T22:00:00+0200,6371.3,MW,PT,PT,actual_load,Actual Load,2026-08-20T16:15:20Z
2026-08-20T16:04:29Z,2026-08-20T18:04:29+0200,dd15a85f-2092-48e6-b6c0-eb82565d66bc,2026-08-15T21:00:00Z,2026-08-15T23:00:00+0200,6021.6,MW,PT,PT,actual_load,Actual Load,2026-08-20T16:15:20Z
2026-08-20T16:04:29Z,2026-08-20T18:04:29+0200,dd15a85f-2092-48e6-b6c0-eb82565d66bc,2026-08-15T22:00:00Z,2026-08-16T00:00:00+0200,5627.2,MW,PT,PT,actual_load,Actual Load,2026-08-20T16:15:20Z
2026-08-20T16:04:29Z,2026-08-20T18:04:29+0200,dd15a85f-2092-48e6-b6c0-eb82565d66bc,2026-08-15T23:00:00Z,2026-08-16T01:00:00+0200,5302.0,MW,PT,PT,actual_load,Actual Load,2026-08-20T16:15:20Z
2026-08-20T16:04:29Z,2026-08-20T18:04:29+0200,dd15a85f-2092-48e6-b6c0-eb82565d66bc,2026-08-16T00:00:00Z,2026-08-16T02:00:00+0200,5005.2,MW,PT,PT,actual_load,Actual Load,2026-08-20T16:15:20Z
2026-08-20T16:04:29Z,2026-08-20T18:04:29+0200,dd15a85f-2092-48e6-b6c0-eb82565d66bc,2026-08-16T01:00:00Z,2026-08-16T03:00:00+0200,4761.0,MW,PT,PT,actual_load,Actual Load,2026-08-20T16:15:20Z
2026-08-20T16:04:29Z,2026-08-20T18:04:29+0200,dd15a85f-2092-48e6-b6c0-eb82565d66bc,2026-08-16T02:00:00Z,2026-08-16T04:00:00+0200,4588.5,MW,PT,PT,actual_load,Actual Load,2026-08-20T16:15:20Z
2026-08-20T16:04:29Z,2026-08-20T18:04:29+0200,dd15a85f-2092-48e6-b6c0-eb82565d66bc,2026-08-16T03:00:00Z,2026-08-16T05:00:00+0200,4514.1,MW,PT,PT,actual_load,Actual Load,2026-08-20T16:15:20Z
2026-08-20T16:04:29Z,2026-08-20T18:04:29+0200,dd15a85f-2092-48e6-b6c0-eb82565d66bc,2026-08-16T04:00:00Z,2026-08-16T06:00:00+0200,4501.1,MW,PT,PT,actual_load,Actual Load,2026-08-20T16:15:20Z
2026-08-20T16:04:29Z,2026-08-20T18:04:29+0200,dd15a85f-2092-48e6-b6c0-eb82565d66bc,2026-08-16T05:00:00Z,2026-08-16T07:00:00+0200,4518.9,MW,PT,PT,actual_load,Actual Load,2026-08-20T16:15:20Z
2026-08-20T16:04:29Z,2026-08-20T18:04:29+0200,dd15a85f-2092-48e6-b6c0-eb82565d66bc,2026-08-16T06:00:00Z,2026-08-16T08:00:00+0200,4535.3,MW,PT,PT,actual_load,Actual Load,2026-08-20T16:15:20Z
2026-08-20T16:04:29Z,2026-08-20T18:04:29+0200,dd15a85f-2092-48e6-b6c0-eb82565d66bc,2026-08-16T07:00:00Z,2026-08-16T09:00:00+0200,4734.8,MW,PT,PT,actual_load,Actual Load,2026-08-20T16:15:20Z
2026-08-20T16:04:29Z,2026-08-20T18:04:29+0200,dd15a85f-2092-48e6-b6c0-eb82565d66bc,2026-08-16T08:00:00Z,2026-08-16T10:00:00+0200,4921.1,MW,PT,PT,actual_load,Actual Load,2026-08-20T16:15:20Z
2026-08-20T16:04:29Z,2026-08-20T18:04:29+0200,dd15a85f-2092-48e6-b6c0-eb82565d66bc,2026-08-16T09:00:00Z,2026-08-16T11:00:00+0200,5099.3,MW,PT,PT,actual_load,Actual Load,2026-08-20T16:15:20Z
2026-08-20T16:04:29Z,2026-08-20T18:04:29+0200,dd15a85f-2092-48e6-b6c0-eb82565d66bc,2026-08-16T10:00:00Z,2026-08-16T12:00:00+0200,5198.2,MW,PT,PT,actual_load,Actual Load,2026-08-20T16:15:20Z
2026-08-20T16:04:29Z,2026-08-20T18:04:29+0200,dd15a85f-2092-48e6-b6c0-eb82565d66bc,2026-08-16T11:00:00Z,2026-08-16T13:00:00+0200,5300.0,MW,PT,PT,actual_load,Actual Load,2026-08-20T16:15:20Z
2026-08-20T16:04:29Z,2026-08-20T18:04:29+0200,dd15a85f-2092-48e6-b6c0-eb82565d66bc,2026-08-16T12:00:00Z,2026-08-16T14:00:00+0200,5244.2,MW,PT,PT,actual_load,Actual Load,2026-08-20T16:15:20Z
2026-08-20T16:04:29Z,2026-08-20T18:04:29+0200,dd15a85f-2092-48e6-b6c0-eb82565d66bc,2026-08-16T13:00:00Z,2026-08-16T15:00:00+0200,5189.3,MW,PT,PT,actual_load,Actual Load,2026-08-20T16:15:20Z
2026-08-20T16:04:29Z,2026-08-20T18:04:29+0200,dd15a85f-2092-48e6-b6c0-eb82565d66bc,2026-08-16T14:00:00Z,2026-08-16T16:00:00+0200,5225.8,MW,PT,PT,actual_load,Actual Load,2026-08-20T16:15:20Z
2026-08-20T16:04:29Z,2026-08-20T18:04:29+0200,dd15a85f-2092-48e6-b6c0-eb82565d66bc,2026-08-16T15:00:00Z,2026-08-16T17:00:00+0200,5286.2,MW,PT,PT,actual_load,Actual Load,2026-08-20T16:15:20Z
2026-08-20T16:04:29Z,2026-08-20T18:04:29+0200,dd15a85f-2092-48e6-b6c0-eb82565d66bc,2026-08-16T16:00:00Z,2026-08-16T18:00:00+0200,5528.8,MW,PT,PT,actual_load,Actual Load,2026-08-20T16:15:20Z
2026-08-20T16:04:29Z,2026-08-20T18:04:29+0200,dd15a85f-2092-48e6-b6c0-eb82565d66bc,2026-08-16T17:00:00Z,2026-08-16T19:00:00+0200,5911.8,MW,PT,PT,actual_load,Actual Load,2026-08-20T16:15:20Z
2026-08-20T16:04:29Z,2026-08-20T18:04:29+0200,dd15a85f-2092-48e6-b6c0-eb82565d66bc,2026-08-16T18:00:00Z,2026-08-16T20:00:00+0200,6295.3,MW,PT,PT,actual_load,Actual Load,2026-08-20T16:15:20Z
2026-08-20T16:04:29Z,2026-08-20T18:04:29+0200,dd15a85f-2092-48e6-b6c0-eb82565d66bc,2026-08-16T19:00:00Z,2026-08-16T21:00:00+0200,6620.9,MW,PT,PT,actual_load,Actual Load,2026-08-20T16:15:20Z
2026-08-20T16:04:29Z,2026-08-20T18:04:29+0200,dd15a85f-2092-48e6-b6c0-eb82565d66bc,2026-08-16T20:00:00Z,2026-08-16T22:00:00+0200,6591.7,MW,PT,PT,actual_load,Actual Load,2026-08-20T16:15:20Z
2026-08-20T16:04:29Z,2026-08-20T18:04:29+0200,dd15a85f-2092-48e6-b6c0-eb82565d66bc,2026-08-16T21:00:00Z,2026-08-16T23:00:00+0200,6227.4,MW,PT,PT,actual_load,Actual Load,2026-08-20T16:15:20Z
2026-08-20T16:04:29Z,2026-08-20T18:04:29+0200,dd15a85f-2092-48e6-b6c0-eb82565d66bc,2026-08-16T22:00:00Z,2026-08-17T00:00:00+0200,5739.8,MW,PT,PT,actual_load,Actual Load,2026-08-20T16:15:20Z
2026-08-20T16:04:29Z,2026-08-20T18:04:29+0200,dd15a85f-2092-48e6-b6c0-eb82565d66bc,2026-08-16T23:00:00Z,2026-08-17T01:00:00+0200,5354.6,MW,PT,PT,actual_load,Actual Load,2026-08-20T16:15:20Z
2026-08-20T16:04:29Z,2026-08-20T18:04:29+0200,dd15a85f-2092-48e6-b6c0-eb82565d66bc,2026-08-17T00:00:00Z,2026-08-17T02:00:00+0200,5025.0,MW,PT,PT,actual_load,Actual Load,2026-08-20T16:15:20Z
2026-08-20T16:04:29Z,2026-08-20T18:04:29+0200,dd15a85f-2092-48e6-b6c0-eb82565d66bc,2026-08-17T01:00:00Z,2026-08-17T03:00:00+0200,4814.5,MW,PT,PT,actual_load,Actual Load,2026-08-20T16:15:20Z
2026-08-20T16:04:29Z,2026-08-20T18:04:29+0200,dd15a85f-2092-48e6-b6c0-eb82565d66bc,2026-08-17T02:00:00Z,2026-08-17T04:00:00+0200,4672.6,MW,PT,PT,actual_load,Actual Load,2026-08-20T16:15:20Z
2026-08-20T16:04:29Z,2026-08-20T18:04:29+0200,dd15a85f-2092-48e6-b6c0-eb82565d66bc,2026-08-17T03:00:00Z,2026-08-17T05:00:00+0200,4590.9,MW,PT,PT,actual_load,Actual Load,2026-08-20T16:15:20Z
2026-08-20T16:04:29Z,2026-08-20T18:04:29+0200,dd15a85f-2092-48e6-b6c0-eb82565d66bc,2026-08-17T04:00:00Z,2026-08-17T06:00:00+0200,4663.6,MW,PT,PT,actual_load,Actual Load,2026-08-20T16:15:20Z
2026-08-20T16:04:29Z,2026-08-20T18:04:29+0200,dd15a85f-2092-48e6-b6c0-eb82565d66bc,2026-08-17T05:00:00Z,2026-08-17T07:00:00+0200,4866.8,MW,PT,PT,actual_load,Actual Load,2026-08-20T16:15:20Z
2026-08-20T16:04:29Z,2026-08-20T18:04:29+0200,dd15a85f-2092-48e6-b6c0-eb82565d66bc,2026-08-17T06:00:00Z,2026-08-17T08:00:00+0200,5185.5,MW,PT,PT,actual_load,Actual Load,2026-08-20T16:15:20Z
2026-08-20T16:04:29Z,2026-08-20T18:04:29+0200,dd15a85f-2092-48e6-b6c0-eb82565d66bc,2026-08-17T07:00:00Z,2026-08-17T09:00:00+0200,5694.7,MW,PT,PT,actual_load,Actual Load,2026-08-20T16:15:20Z
2026-08-20T16:04:29Z,2026-08-20T18:04:29+0200,dd15a85f-2092-48e6-b6c0-eb82565d66bc,2026-08-17T08:00:00Z,2026-08-17T10:00:00+0200,6051.5,MW,PT,PT,actual_load,Actual Load,2026-08-20T16:15:20Z
2026-08-20T16:04:29Z,2026-08-20T18:04:29+0200,dd15a85f-2092-48e6-b6c0-eb82565d66bc,2026-08-17T09:00:00Z,2026-08-17T11:00:00+0200,6181.9,MW,PT,PT,actual_load,Actual Load,2026-08-20T16:15:20Z
2026-08-20T16:04:29Z,2026-08-20T18:04:29+0200,dd15a85f-2092-48e6-b6c0-eb82565d66bc,2026-08-17T10:00:00Z,2026-08-17T12:00:00+0200,6317.0,MW,PT,PT,actual_load,Actual Load,2026-08-20T16:15:20Z
2026-08-20T16:04:29Z,2026-08-20T18:04:29+0200,dd15a85f-2092-48e6-b6c0-eb82565d66bc,2026-08-17T11:00:00Z,2026-08-17T13:00:00+0200,6435.4,MW,PT,PT,actual_load,Actual Load,2026-08-20T16:15:20Z
2026-08-20T16:04:29Z,2026-08-20T18:04:29+0200,dd15a85f-2092-48e6-b6c0-eb82565d66bc,2026-08-17T12:00:00Z,2026-08-17T14:00:00+0200,6415.1,MW,PT,PT,actual_load,Actual Load,2026-08-20T16:15:20Z
2026-08-20T16:04:29Z,2026-08-20T18:04:29+0200,dd15a85f-2092-48e6-b6c0-eb82565d66bc,2026-08-17T13:00:00Z,2026-08-17T15:00:00+0200,6504.1,MW,PT,PT,actual_load,Actual Load,2026-08-20T16:15:20Z
2026-08-20T16:04:29Z,2026-08-20T18:04:29+0200,dd15a85f-2092-48e6-b6c0-eb82565d66bc,2026-08-17T14:00:00Z,2026-08-17T16:00:00+0200,6558.9,MW,PT,PT,actual_load,Actual Load,2026-08-20T16:15:20Z
2026-08-20T16:04:29Z,2026-08-20T18:04:29+0200,dd15a85f-2092-48e6-b6c0-eb82565d66bc,2026-08-17T15:00:00Z,2026-08-17T17:00:00+0200,6616.0,MW,PT,PT,actual_load,Actual Load,2026-08-20T16:15:20Z
2026-08-20T16:04:29Z,2026-08-20T18:04:29+0200,dd15a85f-2092-48e6-b6c0-eb82565d66bc,2026-08-17T16:00:00Z,2026-08-17T18:00:00+0200,6772.2,MW,PT,PT,actual_load,Actual Load,2026-08-20T16:15:20Z
2026-08-20T16:04:29Z,2026-08-20T18:04:29+0200,dd15a85f-2092-48e6-b6c0-eb82565d66bc,2026-08-17T17:00:00Z,2026-08-17T19:00:00+0200,7056.5,MW,PT,PT,actual_load,Actual Load,2026-08-20T16:15:20Z
2026-08-20T16:04:29Z,2026-08-20T18:04:29+0200,dd15a85f-2092-48e6-b6c0-eb82565d66bc,2026-08-17T18:00:00Z,2026-08-17T20:00:00+0200,7502.8,MW,PT,PT,actual_load,Actual Load,2026-08-20T16:15:20Z
2026-08-20T16:04:29Z,2026-08-20T18:04:29+0200,dd15a85f-2092-48e6-b6c0-eb82565d66bc,2026-08-17T19:00:00Z,2026-08-17T21:00:00+0200,7664.1,MW,PT,PT,actual_load,Actual Load,2026-08-20T16:15:20Z
2026-08-20T16:04:29Z,2026-08-20T18:04:29+0200,dd15a85f-2092-48e6-b6c0-eb82565d66bc,2026-08-17T20:00:00Z,2026-08-17T22:00:00+0200,7451.7,MW,PT,PT,actual_load,Actual Load,2026-08-20T16:15:20Z
2026-08-20T16:04:29Z,2026-08-20T18:04:29+0200,dd15a85f-2092-48e6-b6c0-eb82565d66bc,2026-08-17T21:00:00Z,2026-08-17T23:00:00+0200,6926.7,MW,PT,PT,actual_load,Actual Load,2026-08-20T16:15:20Z
2026-08-20T16:04:29Z,2026-08-20T18:04:29+0200,dd15a85f-2092-48e6-b6c0-eb82565d66bc,2026-08-17T22:00:00Z,2026-08-18T00:00:00+0200,6320.9,MW,PT,PT,actual_load,Actual Load,2026-08-20T16:15:20Z
2026-08-20T16:04:29Z,2026-08-20T18:04:29+0200,dd15a85f-2092-48e6-b6c0-eb82565d66bc,2026-08-17T23:00:00Z,2026-08-18T01:00:00+0200,5746.8,MW,PT,PT,actual_load,Actual Load,2026-08-20T16:15:20Z
2026-08-20T16:04:29Z,2026-08-20T18:04:29+0200,dd15a85f-2092-48e6-b6c0-eb82565d66bc,2026-08-18T00:00:00Z,2026-08-18T02:00:00+0200,5341.9,MW,PT,PT,actual_load,Actual Load,2026-08-20T16:15:20Z
2026-08-20T16:04:29Z,2026-08-20T18:04:29+0200,dd15a85f-2092-48e6-b6c0-eb82565d66bc,2026-08-18T01:00:00Z,2026-08-18T03:00:00+0200,5079.5,MW,PT,PT,actual_load,Actual Load,2026-08-20T16:15:20Z
2026-08-20T16:04:29Z,2026-08-20T18:04:29+0200,dd15a85f-2092-48e6-b6c0-eb82565d66bc,2026-08-18T02:00:00Z,2026-08-18T04:00:00+0200,4908.2,MW,PT,PT,actual_load,Actual Load,2026-08-20T16:15:20Z
2026-08-20T16:04:29Z,2026-08-20T18:04:29+0200,dd15a85f-2092-48e6-b6c0-eb82565d66bc,2026-08-18T03:00:00Z,2026-08-18T05:00:00+0200,4846.6,MW,PT,PT,actual_load,Actual Load,2026-08-20T16:15:20Z
2026-08-20T16:04:29Z,2026-08-20T18:04:29+0200,dd15a85f-2092-48e6-b6c0-eb82565d66bc,2026-08-18T04:00:00Z,2026-08-18T06:00:00+0200,4818.0,MW,PT,PT,actual_load,Actual Load,2026-08-20T16:15:20Z
2026-08-20T16:04:29Z,2026-08-20T18:04:29+0200,dd15a85f-2092-48e6-b6c0-eb82565d66bc,2026-08-18T05:00:00Z,2026-08-18T07:00:00+0200,5077.0,MW,PT,PT,actual_load,Actual Load,2026-08-20T16:15:20Z
2026-08-20T16:04:29Z,2026-08-20T18:04:29+0200,dd15a85f-2092-48e6-b6c0-eb82565d66bc,2026-08-18T06:00:00Z,2026-08-18T08:00:00+0200,5397.6,MW,PT,PT,actual_load,Actual Load,2026-08-20T16:15:20Z
2026-08-20T16:04:29Z,2026-08-20T18:04:29+0200,dd15a85f-2092-48e6-b6c0-eb82565d66bc,2026-08-18T07:00:00Z,2026-08-18T09:00:00+0200,5965.1,MW,PT,PT,actual_load,Actual Load,2026-08-20T16:15:20Z
2026-08-20T16:04:29Z,2026-08-20T18:04:29+0200,dd15a85f-2092-48e6-b6c0-eb82565d66bc,2026-08-18T08:00:00Z,2026-08-18T10:00:00+0200,6279.2,MW,PT,PT,actual_load,Actual Load,2026-08-20T16:15:20Z
2026-08-20T16:04:29Z,2026-08-20T18:04:29+0200,dd15a85f-2092-48e6-b6c0-eb82565d66bc,2026-08-18T09:00:00Z,2026-08-18T11:00:00+0200,6297.5,MW,PT,PT,actual_load,Actual Load,2026-08-20T16:15:20Z
2026-08-20T16:04:29Z,2026-08-20T18:04:29+0200,dd15a85f-2092-48e6-b6c0-eb82565d66bc,2026-08-18T10:00:00Z,2026-08-18T12:00:00+0200,6353.3,MW,PT,PT,actual_load,Actual Load,2026-08-20T16:15:20Z
2026-08-20T16:04:29Z,2026-08-20T18:04:29+0200,dd15a85f-2092-48e6-b6c0-eb82565d66bc,2026-08-18T11:00:00Z,2026-08-18T13:00:00+0200,6429.5,MW,PT,PT,actual_load,Actual Load,2026-08-20T16:15:20Z
2026-08-20T16:04:29Z,2026-08-20T18:04:29+0200,dd15a85f-2092-48e6-b6c0-eb82565d66bc,2026-08-18T12:00:00Z,2026-08-18T14:00:00+0200,6320.8,MW,PT,PT,actual_load,Actual Load,2026-08-20T16:15:20Z
2026-08-20T16:04:29Z,2026-08-20T18:04:29+0200,dd15a85f-2092-48e6-b6c0-eb82565d66bc,2026-08-18T13:00:00Z,2026-08-18T15:00:00+0200,6515.4,MW,PT,PT,actual_load,Actual Load,2026-08-20T16:15:20Z
2026-08-20T16:04:29Z,2026-08-20T18:04:29+0200,dd15a85f-2092-48e6-b6c0-eb82565d66bc,2026-08-18T14:00:00Z,2026-08-18T16:00:00+0200,6553.5,MW,PT,PT,actual_load,Actual Load,2026-08-20T16:15:20Z
2026-08-20T16:04:29Z,2026-08-20T18:04:29+0200,dd15a85f-2092-48e6-b6c0-eb82565d66bc,2026-08-18T15:00:00Z,2026-08-18T17:00:00+0200,6584.8,MW,PT,PT,actual_load,Actual Load,2026-08-20T16:15:20Z
2026-08-20T16:04:29Z,2026-08-20T18:04:29+0200,dd15a85f-2092-48e6-b6c0-eb82565d66bc,2026-08-18T16:00:00Z,2026-08-18T18:00:00+0200,6754.4,MW,PT,PT,actual_load,Actual Load,2026-08-20T16:15:20Z
2026-08-20T16:04:29Z,2026-08-20T18:04:29+0200,dd15a85f-2092-48e6-b6c0-eb82565d66bc,2026-08-18T17:00:00Z,2026-08-18T19:00:00+0200,7056.1,MW,PT,PT,actual_load,Actual Load,2026-08-20T16:15:20Z
2026-08-20T16:04:29Z,2026-08-20T18:04:29+0200,dd15a85f-2092-48e6-b6c0-eb82565d66bc,2026-08-18T18:00:00Z,2026-08-18T20:00:00+0200,7424.8,MW,PT,PT,actual_load,Actual Load,2026-08-20T16:15:20Z
2026-08-20T16:04:29Z,2026-08-20T18:04:29+0200,dd15a85f-2092-48e6-b6c0-eb82565d66bc,2026-08-18T19:00:00Z,2026-08-18T21:00:00+0200,7512.8,MW,PT,PT,actual_load,Actual Load,2026-08-20T16:15:20Z
2026-08-20T16:04:29Z,2026-08-20T18:04:29+0200,dd15a85f-2092-48e6-b6c0-eb82565d66bc,2026-08-18T20:00:00Z,2026-08-18T22:00:00+0200,7318.9,MW,PT,PT,actual_load,Actual Load,2026-08-20T16:15:20Z
2026-08-20T16:04:29Z,2026-08-20T18:04:29+0200,dd15a85f-2092-48e6-b6c0-eb82565d66bc,2026-08-18T21:00:00Z,2026-08-18T23:00:00+0200,6830.5,MW,PT,PT,actual_load,Actual Load,2026-08-20T16:15:20Z
2026-08-20T16:04:29Z,2026-08-20T18:04:29+0200,dd15a85f-2092-48e6-b6c0-eb82565d66bc,2026-08-18T22:00:00Z,2026-08-19T00:00:00+0200,6248.0,MW,PT,PT,actual_load,Actual Load,2026-08-20T16:15:20Z
2026-08-20T16:04:29Z,2026-08-20T18:04:29+0200,dd15a85f-2092-48e6-b6c0-eb82565d66bc,2026-08-18T23:00:00Z,2026-08-19T01:00:00+0200,5754.4,MW,PT,PT,actual_load,Actual Load,2026-08-20T16:15:20Z
2026-08-20T16:04:29Z,2026-08-20T18:04:29+0200,dd15a85f-2092-48e6-b6c0-eb82565d66bc,2026-08-19T00:00:00Z,2026-08-19T02:00:00+0200,5403.7,MW,PT,PT,actual_load,Actual Load,2026-08-20T16:15:20Z
2026-08-20T16:04:29Z,2026-08-20T18:04:29+0200,dd15a85f-2092-48e6-b6c0-eb82565d66bc,2026-08-19T01:00:00Z,2026-08-19T03:00:00+0200,5128.4,MW,PT,PT,actual_load,Actual Load,2026-08-20T16:15:20Z
2026-08-20T16:04:29Z,2026-08-20T18:04:29+0200,dd15a85f-2092-48e6-b6c0-eb82565d66bc,2026-08-19T02:00:00Z,2026-08-19T04:00:00+0200,4992.9,MW,PT,PT,actual_load,Actual Load,2026-08-20T16:15:20Z
2026-08-20T16:04:29Z,2026-08-20T18:04:29+0200,dd15a85f-2092-48e6-b6c0-eb82565d66bc,2026-08-19T03:00:00Z,2026-08-19T05:00:00+0200,4874.1,MW,PT,PT,actual_load,Actual Load,2026-08-20T16:15:20Z
2026-08-20T16:04:29Z,2026-08-20T18:04:29+0200,dd15a85f-2092-48e6-b6c0-eb82565d66bc,2026-08-19T04:00:00Z,2026-08-19T06:00:00+0200,5049.5,MW,PT,PT,actual_load,Actual Load,2026-08-20T16:15:20Z
2026-08-20T16:04:29Z,2026-08-20T18:04:29+0200,dd15a85f-2092-48e6-b6c0-eb82565d66bc,2026-08-19T05:00:00Z,2026-08-19T07:00:00+0200,5183.5,MW,PT,PT,actual_load,Actual Load,2026-08-20T16:15:20Z
2026-08-20T16:04:29Z,2026-08-20T18:04:29+0200,dd15a85f-2092-48e6-b6c0-eb82565d66bc,2026-08-19T06:00:00Z,2026-08-19T08:00:00+0200,5534.7,MW,PT,PT,actual_load,Actual Load,2026-08-20T16:15:20Z
2026-08-20T16:04:29Z,2026-08-20T18:04:29+0200,dd15a85f-2092-48e6-b6c0-eb82565d66bc,2026-08-19T07:00:00Z,2026-08-19T09:00:00+0200,6136.4,MW,PT,PT,actual_load,Actual Load,2026-08-20T16:15:20Z
2026-08-20T16:04:29Z,2026-08-20T18:04:29+0200,dd15a85f-2092-48e6-b6c0-eb82565d66bc,2026-08-19T08:00:00Z,2026-08-19T10:00:00+0200,6503.7,MW,PT,PT,actual_load,Actual Load,2026-08-20T16:15:20Z
2026-08-20T16:04:29Z,2026-08-20T18:04:29+0200,dd15a85f-2092-48e6-b6c0-eb82565d66bc,2026-08-19T09:00:00Z,2026-08-19T11:00:00+0200,6588.2,MW,PT,PT,actual_load,Actual Load,2026-08-20T16:15:20Z
2026-08-20T16:04:29Z,2026-08-20T18:04:29+0200,dd15a85f-2092-48e6-b6c0-eb82565d66bc,2026-08-19T10:00:00Z,2026-08-19T12:00:00+0200,6630.0,MW,PT,PT,actual_load,Actual Load,2026-08-20T16:15:20Z
2026-08-20T16:04:29Z,2026-08-20T18:04:29+0200,dd15a85f-2092-48e6-b6c0-eb82565d66bc,2026-08-19T11:00:00Z,2026-08-19T13:00:00+0200,6511.8,MW,PT,PT,actual_load,Actual Load,2026-08-20T16:15:20Z
2026-08-20T16:04:29Z,2026-08-20T18:04:29+0200,dd15a85f-2092-48e6-b6c0-eb82565d66bc,2026-08-19T12:00:00Z,2026-08-19T14:00:00+0200,6252.2,MW,PT,PT,actual_load,Actual Load,2026-08-20T16:15:20Z
2026-08-20T16:04:29Z,2026-08-20T18:04:29+0200,dd15a85f-2092-48e6-b6c0-eb82565d66bc,2026-08-19T13:00:00Z,2026-08-19T15:00:00+0200,6310.8,MW,PT,PT,actual_load,Actual Load,2026-08-20T16:15:20Z
2026-08-20T16:04:29Z,2026-08-20T18:04:29+0200,dd15a85f-2092-48e6-b6c0-eb82565d66bc,2026-08-19T14:00:00Z,2026-08-19T16:00:00+0200,6329.1,MW,PT,PT,actual_load,Actual Load,2026-08-20T16:15:20Z
2026-08-20T16:04:29Z,2026-08-20T18:04:29+0200,dd15a85f-2092-48e6-b6c0-eb82565d66bc,2026-08-19T15:00:00Z,2026-08-19T17:00:00+0200,6270.2,MW,PT,PT,actual_load,Actual Load,2026-08-20T16:15:20Z
2026-08-20T16:04:29Z,2026-08-20T18:04:29+0200,dd15a85f-2092-48e6-b6c0-eb82565d66bc,2026-08-19T16:00:00Z,2026-08-19T18:00:00+0200,6416.3,MW,PT,PT,actual_load,Actual Load,2026-08-20T16:15:20Z
2026-08-20T16:04:29Z,2026-08-20T18:04:29+0200,dd15a85f-2092-48e6-b6c0-eb82565d66bc,2026-08-19T17:00:00Z,2026-08-19T19:00:00+0200,6702.7,MW,PT,PT,actual_load,Actual Load,2026-08-20T16:15:20Z
2026-08-20T16:04:29Z,2026-08-20T18:04:29+0200,dd15a85f-2092-48e6-b6c0-eb82565d66bc,2026-08-19T18:00:00Z,2026-08-19T20:00:00+0200,7157.8,MW,PT,PT,actual_load,Actual Load,2026-08-20T16:15:20Z
2026-08-20T16:04:29Z,2026-08-20T18:04:29+0200,dd15a85f-2092-48e6-b6c0-eb82565d66bc,2026-08-19T19:00:00Z,2026-08-19T21:00:00+0200,7338.8,MW,PT,PT,actual_load,Actual Load,2026-08-20T16:15:20Z
2026-08-20T16:04:29Z,2026-08-20T18:04:29+0200,dd15a85f-2092-48e6-b6c0-eb82565d66bc,2026-08-19T20:00:00Z,2026-08-19T22:00:00+0200,7162.2,MW,PT,PT,actual_load,Actual Load,2026-08-20T16:15:20Z
2026-08-20T16:04:29Z,2026-08-20T18:04:29+0200,dd15a85f-2092-48e6-b6c0-eb82565d66bc,2026-08-19T21:00:00Z,2026-08-19T23:00:00+0200,6687.3,MW,PT,PT,actual_load,Actual Load,2026-08-20T16:15:20Z
2026-08-20T16:04:29Z,2026-08-20T18:04:29+0200,dd15a85f-2092-48e6-b6c0-eb82565d66bc,2026-08-19T22:00:00Z,2026-08-20T00:00:00+0200,6119.5,MW,PT,PT,actual_load,Actual Load,2026-08-20T16:15:20Z
2026-08-20T16:04:29Z,2026-08-20T18:04:29+0200,dd15a85f-2092-48e6-b6c0-eb82565d66bc,2026-08-19T23:00:00Z,2026-08-20T01:00:00+0200,5668.7,MW,PT,PT,actual_load,Actual Load,2026-08-20T16:15:20Z
2026-08-20T16:04:29Z,2026-08-20T18:04:29+0200,dd15a85f-2092-48e6-b6c0-eb82565d66bc,2026-08-20T00:00:00Z,2026-08-20T02:00:00+0200,5338.8,MW,PT,PT,actual_load,Actual Load,2026-08-20T16:15:20Z
2026-08-20T16:04:29Z,2026-08-20T18:04:29+0200,dd15a85f-2092-48e6-b6c0-eb82565d66bc,2026-08-20T01:00:00Z,2026-08-20T03:00:00+0200,5074.0,MW,PT,PT,actual_load,Actual Load,2026-08-20T16:15:20Z
2026-08-20T16:04:29Z,2026-08-20T18:04:29+0200,dd15a85f-2092-48e6-b6c0-eb82565d66bc,2026-08-20T02:00:00Z,2026-08-20T04:00:00+0200,4947.3,MW,PT,PT,actual_load,Actual Load,2026-08-20T16:15:20Z
2026-08-20T16:04:29Z,2026-08-20T18:04:29+0200,dd15a85f-2092-48e6-b6c0-eb82565d66bc,2026-08-20T03:00:00Z,2026-08-20T05:00:00+0200,4910.2,MW,PT,PT,actual_load,Actual Load,2026-08-20T16:15:20Z
2026-08-20T16:04:29Z,2026-08-20T18:04:29+0200,dd15a85f-2092-48e6-b6c0-eb82565d66bc,2026-08-20T04:00:00Z,2026-08-20T06:00:00+0200,4962.7,MW,PT,PT,actual_load,Actual Load,2026-08-20T16:15:20Z
2026-08-20T16:04:29Z,2026-08-20T18:04:29+0200,dd15a85f-2092-48e6-b6c0-eb82565d66bc,2026-08-20T05:00:00Z,2026-08-20T07:00:00+0200,5173.9,MW,PT,PT,actual_load,Actual Load,2026-08-20T16:15:20Z
2026-08-20T16:04:29Z,2026-08-20T18:04:29+0200,dd15a85f-2092-48e6-b6c0-eb82565d66bc,2026-08-20T06:00:00Z,2026-08-20T08:00:00+0200,5472.4,MW,PT,PT,actual_load,Actual Load,2026-08-20T16:15:20Z
2026-08-20T16:04:29Z,2026-08-20T18:04:29+0200,dd15a85f-2092-48e6-b6c0-eb82565d66bc,2026-08-20T07:00:00Z,2026-08-20T09:00:00+0200,6027.1,MW,PT,PT,actual_load,Actual Load,2026-08-20T16:15:20Z
2026-08-20T16:04:29Z,2026-08-20T18:04:29+0200,dd15a85f-2092-48e6-b6c0-eb82565d66bc,2026-08-20T08:00:00Z,2026-08-20T10:00:00+0200,6664.3,MW,PT,PT,actual_load,Actual Load,2026-08-20T16:15:20Z
2026-08-20T16:04:29Z,2026-08-20T18:04:29+0200,dd15a85f-2092-48e6-b6c0-eb82565d66bc,2026-08-20T09:00:00Z,2026-08-20T11:00:00+0200,6954.5,MW,PT,PT,actual_load,Actual Load,2026-08-20T16:15:20Z
2026-08-20T16:04:29Z,2026-08-20T18:04:29+0200,dd15a85f-2092-48e6-b6c0-eb82565d66bc,2026-08-20T10:00:00Z,2026-08-20T12:00:00+0200,7124.6,MW,PT,PT,actual_load,Actual Load,2026-08-20T16:15:20Z
2026-08-20T16:04:29Z,2026-08-20T18:04:29+0200,dd15a85f-2092-48e6-b6c0-eb82565d66bc,2026-08-20T11:00:00Z,2026-08-20T13:00:00+0200,7116.3,MW,PT,PT,actual_load,Actual Load,2026-08-20T16:15:20Z
2026-08-20T16:04:29Z,2026-08-20T18:04:29+0200,dd15a85f-2092-48e6-b6c0-eb82565d66bc,2026-08-20T12:00:00Z,2026-08-20T14:00:00+0200,6818.2,MW,PT,PT,actual_load,Actual Load,2026-08-20T16:15:20Z
2026-08-20T16:04:29Z,2026-08-20T18:04:29+0200,dd15a85f-2092-48e6-b6c0-eb82565d66bc,2026-08-20T13:00:00Z,2026-08-20T15:00:00+0200,6668.9,MW,PT,PT,actual_load,Actual Load,2026-08-20T16:15:20Z
2026-08-20T16:04:29Z,2026-08-20T18:04:29+0200,dd15a85f-2092-48e6-b6c0-eb82565d66bc,2026-08-20T14:00:00Z,2026-08-20T16:00:00+0200,6575.9,MW,PT,PT,actual_load,Actual Load,2026-08-20T16:15:20Z
2026-08-20T16:04:29Z,2026-08-20T18:04:29+0200,dd15a85f-2092-48e6-b6c0-eb82565d66bc,2026-08-20T15:00:00Z,2026-08-20T17:00:00+0200,6391.3,MW,PT,PT,actual_load,Actual Load,2026-08-20T16:15:20Z
