collection_time_utc,collection_time_local,run_id,timestamp_utc,timestamp_local,value,unit,country,entsoe_area,variable,source,updated_at_utc
2026-06-13T19:05:16Z,2026-06-13T21:05:16+0200,9460a2c8-fa12-4ac2-aa07-8ee932688218,2026-05-13T19:15:00Z,2026-05-13T21:15:00+0200,556.85,MW,DE,DE_LU,forecast_offshore_wind_generation,Wind Offshore,2026-06-13T19:07:25Z
2026-06-13T19:05:16Z,2026-06-13T21:05:16+0200,9460a2c8-fa12-4ac2-aa07-8ee932688218,2026-05-13T19:30:00Z,2026-05-13T21:30:00+0200,549.44,MW,DE,DE_LU,forecast_offshore_wind_generation,Wind Offshore,2026-06-13T19:07:25Z
2026-06-13T19:05:16Z,2026-06-13T21:05:16+0200,9460a2c8-fa12-4ac2-aa07-8ee932688218,2026-05-13T19:45:00Z,2026-05-13T21:45:00+0200,548.54,MW,DE,DE_LU,forecast_offshore_wind_generation,Wind Offshore,2026-06-13T19:07:25Z
2026-06-13T19:05:16Z,2026-06-13T21:05:16+0200,9460a2c8-fa12-4ac2-aa07-8ee932688218,2026-05-13T20:00:00Z,2026-05-13T22:00:00+0200,540.2,MW,DE,DE_LU,forecast_offshore_wind_generation,Wind Offshore,2026-06-13T19:07:25Z
2026-06-13T19:05:16Z,2026-06-13T21:05:16+0200,9460a2c8-fa12-4ac2-aa07-8ee932688218,2026-05-13T20:15:00Z,2026-05-13T22:15:00+0200,547.16,MW,DE,DE_LU,forecast_offshore_wind_generation,Wind Offshore,2026-06-13T19:07:25Z
2026-06-13T19:05:16Z,2026-06-13T21:05:16+0200,9460a2c8-fa12-4ac2-aa07-8ee932688218,2026-05-13T20:30:00Z,2026-05-13T22:30:00+0200,544.12,MW,DE,DE_LU,forecast_offshore_wind_generation,Wind Offshore,2026-06-13T19:07:25Z
2026-06-13T19:05:16Z,2026-06-13T21:05:16+0200,9460a2c8-fa12-4ac2-aa07-8ee932688218,2026-05-13T20:45:00Z,2026-05-13T22:45:00+0200,548.71,MW,DE,DE_LU,forecast_offshore_wind_generation,Wind Offshore,2026-06-13T19:07:25Z
2026-06-13T19:05:16Z,2026-06-13T21:05:16+0200,9460a2c8-fa12-4ac2-aa07-8ee932688218,2026-05-13T21:00:00Z,2026-05-13T23:00:00+0200,551.48,MW,DE,DE_LU,forecast_offshore_wind_generation,Wind Offshore,2026-06-13T19:07:25Z
2026-06-13T19:05:16Z,2026-06-13T21:05:16+0200,9460a2c8-fa12-4ac2-aa07-8ee932688218,2026-05-13T21:15:00Z,2026-05-13T23:15:00+0200,568.6,MW,DE,DE_LU,forecast_offshore_wind_generation,Wind Offshore,2026-06-13T19:07:25Z
2026-06-13T19:05:16Z,2026-06-13T21:05:16+0200,9460a2c8-fa12-4ac2-aa07-8ee932688218,2026-05-13T21:30:00Z,2026-05-13T23:30:00+0200,582.02,MW,DE,DE_LU,forecast_offshore_wind_generation,Wind Offshore,2026-06-13T19:07:25Z
2026-06-13T19:05:16Z,2026-06-13T21:05:16+0200,9460a2c8-fa12-4ac2-aa07-8ee932688218,2026-05-13T21:45:00Z,2026-05-13T23:45:00+0200,597.26,MW,DE,DE_LU,forecast_offshore_wind_generation,Wind Offshore,2026-06-13T19:07:25Z
2026-06-13T19:05:16Z,2026-06-13T21:05:16+0200,9460a2c8-fa12-4ac2-aa07-8ee932688218,2026-05-13T22:00:00Z,2026-05-14T00:00:00+0200,571.78,MW,DE,DE_LU,forecast_offshore_wind_generation,Wind Offshore,2026-06-13T19:07:25Z
2026-06-13T19:05:16Z,2026-06-13T21:05:16+0200,9460a2c8-fa12-4ac2-aa07-8ee932688218,2026-05-13T22:15:00Z,2026-05-14T00:15:00+0200,567.11,MW,DE,DE_LU,forecast_offshore_wind_generation,Wind Offshore,2026-06-13T19:07:25Z
2026-06-13T19:05:16Z,2026-06-13T21:05:16+0200,9460a2c8-fa12-4ac2-aa07-8ee932688218,2026-05-13T22:30:00Z,2026-05-14T00:30:00+0200,566.57,MW,DE,DE_LU,forecast_offshore_wind_generation,Wind Offshore,2026-06-13T19:07:25Z
2026-06-13T19:05:16Z,2026-06-13T21:05:16+0200,9460a2c8-fa12-4ac2-aa07-8ee932688218,2026-05-13T22:45:00Z,2026-05-14T00:45:00+0200,561.14,MW,DE,DE_LU,forecast_offshore_wind_generation,Wind Offshore,2026-06-13T19:07:25Z
2026-06-13T19:05:16Z,2026-06-13T21:05:16+0200,9460a2c8-fa12-4ac2-aa07-8ee932688218,2026-05-13T23:00:00Z,2026-05-14T01:00:00+0200,558.93,MW,DE,DE_LU,forecast_offshore_wind_generation,Wind Offshore,2026-06-13T19:07:25Z
2026-06-13T19:05:16Z,2026-06-13T21:05:16+0200,9460a2c8-fa12-4ac2-aa07-8ee932688218,2026-05-13T23:15:00Z,2026-05-14T01:15:00+0200,555.67,MW,DE,DE_LU,forecast_offshore_wind_generation,Wind Offshore,2026-06-13T19:07:25Z
2026-06-13T19:05:16Z,2026-06-13T21:05:16+0200,9460a2c8-fa12-4ac2-aa07-8ee932688218,2026-05-13T23:30:00Z,2026-05-14T01:30:00+0200,553.42,MW,DE,DE_LU,forecast_offshore_wind_generation,Wind Offshore,2026-06-13T19:07:25Z
2026-06-13T19:05:16Z,2026-06-13T21:05:16+0200,9460a2c8-fa12-4ac2-aa07-8ee932688218,2026-05-13T23:45:00Z,2026-05-14T01:45:00+0200,554.27,MW,DE,DE_LU,forecast_offshore_wind_generation,Wind Offshore,2026-06-13T19:07:25Z
2026-06-13T19:05:16Z,2026-06-13T21:05:16+0200,9460a2c8-fa12-4ac2-aa07-8ee932688218,2026-05-14T00:00:00Z,2026-05-14T02:00:00+0200,555.44,MW,DE,DE_LU,forecast_offshore_wind_generation,Wind Offshore,2026-06-13T19:07:25Z
2026-06-13T19:05:16Z,2026-06-13T21:05:16+0200,9460a2c8-fa12-4ac2-aa07-8ee932688218,2026-05-14T00:15:00Z,2026-05-14T02:15:00+0200,569.66,MW,DE,DE_LU,forecast_offshore_wind_generation,Wind Offshore,2026-06-13T19:07:25Z
2026-06-13T19:05:16Z,2026-06-13T21:05:16+0200,9460a2c8-fa12-4ac2-aa07-8ee932688218,2026-05-14T00:30:00Z,2026-05-14T02:30:00+0200,585.97,MW,DE,DE_LU,forecast_offshore_wind_generation,Wind Offshore,2026-06-13T19:07:25Z
2026-06-13T19:05:16Z,2026-06-13T21:05:16+0200,9460a2c8-fa12-4ac2-aa07-8ee932688218,2026-05-14T00:45:00Z,2026-05-14T02:45:00+0200,602.32,MW,DE,DE_LU,forecast_offshore_wind_generation,Wind Offshore,2026-06-13T19:07:25Z
2026-06-13T19:05:16Z,2026-06-13T21:05:16+0200,9460a2c8-fa12-4ac2-aa07-8ee932688218,2026-05-14T01:00:00Z,2026-05-14T03:00:00+0200,626.39,MW,DE,DE_LU,forecast_offshore_wind_generation,Wind Offshore,2026-06-13T19:07:25Z
2026-06-13T19:05:16Z,2026-06-13T21:05:16+0200,9460a2c8-fa12-4ac2-aa07-8ee932688218,2026-05-14T01:15:00Z,2026-05-14T03:15:00+0200,657.75,MW,DE,DE_LU,forecast_offshore_wind_generation,Wind Offshore,2026-06-13T19:07:25Z
2026-06-13T19:05:16Z,2026-06-13T21:05:16+0200,9460a2c8-fa12-4ac2-aa07-8ee932688218,2026-05-14T01:30:00Z,2026-05-14T03:30:00+0200,689.41,MW,DE,DE_LU,forecast_offshore_wind_generation,Wind Offshore,2026-06-13T19:07:25Z
2026-06-13T19:05:16Z,2026-06-13T21:05:16+0200,9460a2c8-fa12-4ac2-aa07-8ee932688218,2026-05-14T01:45:00Z,2026-05-14T03:45:00+0200,721.18,MW,DE,DE_LU,forecast_offshore_wind_generation,Wind Offshore,2026-06-13T19:07:25Z
2026-06-13T19:05:16Z,2026-06-13T21:05:16+0200,9460a2c8-fa12-4ac2-aa07-8ee932688218,2026-05-14T02:00:00Z,2026-05-14T04:00:00+0200,760.57,MW,DE,DE_LU,forecast_offshore_wind_generation,Wind Offshore,2026-06-13T19:07:25Z
2026-06-13T19:05:16Z,2026-06-13T21:05:16+0200,9460a2c8-fa12-4ac2-aa07-8ee932688218,2026-05-14T02:15:00Z,2026-05-14T04:15:00+0200,810.77,MW,DE,DE_LU,forecast_offshore_wind_generation,Wind Offshore,2026-06-13T19:07:25Z
2026-06-13T19:05:16Z,2026-06-13T21:05:16+0200,9460a2c8-fa12-4ac2-aa07-8ee932688218,2026-05-14T02:30:00Z,2026-05-14T04:30:00+0200,863.02,MW,DE,DE_LU,forecast_offshore_wind_generation,Wind Offshore,2026-06-13T19:07:25Z
2026-06-13T19:05:16Z,2026-06-13T21:05:16+0200,9460a2c8-fa12-4ac2-aa07-8ee932688218,2026-05-14T02:45:00Z,2026-05-14T04:45:00+0200,921.38,MW,DE,DE_LU,forecast_offshore_wind_generation,Wind Offshore,2026-06-13T19:07:25Z
2026-06-13T19:05:16Z,2026-06-13T21:05:16+0200,9460a2c8-fa12-4ac2-aa07-8ee932688218,2026-05-14T03:00:00Z,2026-05-14T05:00:00+0200,982.34,MW,DE,DE_LU,forecast_offshore_wind_generation,Wind Offshore,2026-06-13T19:07:25Z
2026-06-13T19:05:16Z,2026-06-13T21:05:16+0200,9460a2c8-fa12-4ac2-aa07-8ee932688218,2026-05-14T03:15:00Z,2026-05-14T05:15:00+0200,1053.13,MW,DE,DE_LU,forecast_offshore_wind_generation,Wind Offshore,2026-06-13T19:07:25Z
2026-06-13T19:05:16Z,2026-06-13T21:05:16+0200,9460a2c8-fa12-4ac2-aa07-8ee932688218,2026-05-14T03:30:00Z,2026-05-14T05:30:00+0200,1125.2,MW,DE,DE_LU,forecast_offshore_wind_generation,Wind Offshore,2026-06-13T19:07:25Z
2026-06-13T19:05:16Z,2026-06-13T21:05:16+0200,9460a2c8-fa12-4ac2-aa07-8ee932688218,2026-05-14T03:45:00Z,2026-05-14T05:45:00+0200,1198.29,MW,DE,DE_LU,forecast_offshore_wind_generation,Wind Offshore,2026-06-13T19:07:25Z
2026-06-13T19:05:16Z,2026-06-13T21:05:16+0200,9460a2c8-fa12-4ac2-aa07-8ee932688218,2026-05-14T04:00:00Z,2026-05-14T06:00:00+0200,1268.87,MW,DE,DE_LU,forecast_offshore_wind_generation,Wind Offshore,2026-06-13T19:07:25Z
2026-06-13T19:05:16Z,2026-06-13T21:05:16+0200,9460a2c8-fa12-4ac2-aa07-8ee932688218,2026-05-14T04:15:00Z,2026-05-14T06:15:00+0200,1319.84,MW,DE,DE_LU,forecast_offshore_wind_generation,Wind Offshore,2026-06-13T19:07:25Z
2026-06-13T19:05:16Z,2026-06-13T21:05:16+0200,9460a2c8-fa12-4ac2-aa07-8ee932688218,2026-05-14T04:30:00Z,2026-05-14T06:30:00+0200,1371.04,MW,DE,DE_LU,forecast_offshore_wind_generation,Wind Offshore,2026-06-13T19:07:25Z
2026-06-13T19:05:16Z,2026-06-13T21:05:16+0200,9460a2c8-fa12-4ac2-aa07-8ee932688218,2026-05-14T04:45:00Z,2026-05-14T06:45:00+0200,1426.17,MW,DE,DE_LU,forecast_offshore_wind_generation,Wind Offshore,2026-06-13T19:07:25Z
2026-06-13T19:05:16Z,2026-06-13T21:05:16+0200,9460a2c8-fa12-4ac2-aa07-8ee932688218,2026-05-14T05:00:00Z,2026-05-14T07:00:00+0200,1473.84,MW,DE,DE_LU,forecast_offshore_wind_generation,Wind Offshore,2026-06-13T19:07:25Z
2026-06-13T19:05:16Z,2026-06-13T21:05:16+0200,9460a2c8-fa12-4ac2-aa07-8ee932688218,2026-05-14T05:15:00Z,2026-05-14T07:15:00+0200,1496.02,MW,DE,DE_LU,forecast_offshore_wind_generation,Wind Offshore,2026-06-13T19:07:25Z
2026-06-13T19:05:16Z,2026-06-13T21:05:16+0200,9460a2c8-fa12-4ac2-aa07-8ee932688218,2026-05-14T05:30:00Z,2026-05-14T07:30:00+0200,1521.28,MW,DE,DE_LU,forecast_offshore_wind_generation,Wind Offshore,2026-06-13T19:07:25Z
2026-06-13T19:05:16Z,2026-06-13T21:05:16+0200,9460a2c8-fa12-4ac2-aa07-8ee932688218,2026-05-14T05:45:00Z,2026-05-14T07:45:00+0200,1545.46,MW,DE,DE_LU,forecast_offshore_wind_generation,Wind Offshore,2026-06-13T19:07:25Z
2026-06-13T19:05:16Z,2026-06-13T21:05:16+0200,9460a2c8-fa12-4ac2-aa07-8ee932688218,2026-05-14T06:00:00Z,2026-05-14T08:00:00+0200,1564.05,MW,DE,DE_LU,forecast_offshore_wind_generation,Wind Offshore,2026-06-13T19:07:25Z
2026-06-13T19:05:16Z,2026-06-13T21:05:16+0200,9460a2c8-fa12-4ac2-aa07-8ee932688218,2026-05-14T06:15:00Z,2026-05-14T08:15:00+0200,1564.9,MW,DE,DE_LU,forecast_offshore_wind_generation,Wind Offshore,2026-06-13T19:07:25Z
2026-06-13T19:05:16Z,2026-06-13T21:05:16+0200,9460a2c8-fa12-4ac2-aa07-8ee932688218,2026-05-14T06:30:00Z,2026-05-14T08:30:00+0200,1564.87,MW,DE,DE_LU,forecast_offshore_wind_generation,Wind Offshore,2026-06-13T19:07:25Z
2026-06-13T19:05:16Z,2026-06-13T21:05:16+0200,9460a2c8-fa12-4ac2-aa07-8ee932688218,2026-05-14T06:45:00Z,2026-05-14T08:45:00+0200,1564.9,MW,DE,DE_LU,forecast_offshore_wind_generation,Wind Offshore,2026-06-13T19:07:25Z
2026-06-13T19:05:16Z,2026-06-13T21:05:16+0200,9460a2c8-fa12-4ac2-aa07-8ee932688218,2026-05-14T07:00:00Z,2026-05-14T09:00:00+0200,1555.57,MW,DE,DE_LU,forecast_offshore_wind_generation,Wind Offshore,2026-06-13T19:07:25Z
2026-06-13T19:05:16Z,2026-06-13T21:05:16+0200,9460a2c8-fa12-4ac2-aa07-8ee932688218,2026-05-14T07:15:00Z,2026-05-14T09:15:00+0200,1533.52,MW,DE,DE_LU,forecast_offshore_wind_generation,Wind Offshore,2026-06-13T19:07:25Z
2026-06-13T19:05:16Z,2026-06-13T21:05:16+0200,9460a2c8-fa12-4ac2-aa07-8ee932688218,2026-05-14T07:30:00Z,2026-05-14T09:30:00+0200,1513.51,MW,DE,DE_LU,forecast_offshore_wind_generation,Wind Offshore,2026-06-13T19:07:25Z
2026-06-13T19:05:16Z,2026-06-13T21:05:16+0200,9460a2c8-fa12-4ac2-aa07-8ee932688218,2026-05-14T07:45:00Z,2026-05-14T09:45:00+0200,1495.71,MW,DE,DE_LU,forecast_offshore_wind_generation,Wind Offshore,2026-06-13T19:07:25Z
2026-06-13T19:05:16Z,2026-06-13T21:05:16+0200,9460a2c8-fa12-4ac2-aa07-8ee932688218,2026-05-14T08:00:00Z,2026-05-14T10:00:00+0200,1480.36,MW,DE,DE_LU,forecast_offshore_wind_generation,Wind Offshore,2026-06-13T19:07:25Z
2026-06-13T19:05:16Z,2026-06-13T21:05:16+0200,9460a2c8-fa12-4ac2-aa07-8ee932688218,2026-05-14T08:15:00Z,2026-05-14T10:15:00+0200,1463.92,MW,DE,DE_LU,forecast_offshore_wind_generation,Wind Offshore,2026-06-13T19:07:25Z
2026-06-13T19:05:16Z,2026-06-13T21:05:16+0200,9460a2c8-fa12-4ac2-aa07-8ee932688218,2026-05-14T08:30:00Z,2026-05-14T10:30:00+0200,1450.51,MW,DE,DE_LU,forecast_offshore_wind_generation,Wind Offshore,2026-06-13T19:07:25Z
2026-06-13T19:05:16Z,2026-06-13T21:05:16+0200,9460a2c8-fa12-4ac2-aa07-8ee932688218,2026-05-14T08:45:00Z,2026-05-14T10:45:00+0200,1420.27,MW,DE,DE_LU,forecast_offshore_wind_generation,Wind Offshore,2026-06-13T19:07:25Z
2026-06-13T19:05:16Z,2026-06-13T21:05:16+0200,9460a2c8-fa12-4ac2-aa07-8ee932688218,2026-05-14T09:00:00Z,2026-05-14T11:00:00+0200,1405.41,MW,DE,DE_LU,forecast_offshore_wind_generation,Wind Offshore,2026-06-13T19:07:25Z
2026-06-13T19:05:16Z,2026-06-13T21:05:16+0200,9460a2c8-fa12-4ac2-aa07-8ee932688218,2026-05-14T09:15:00Z,2026-05-14T11:15:00+0200,1416.88,MW,DE,DE_LU,forecast_offshore_wind_generation,Wind Offshore,2026-06-13T19:07:25Z
2026-06-13T19:05:16Z,2026-06-13T21:05:16+0200,9460a2c8-fa12-4ac2-aa07-8ee932688218,2026-05-14T09:30:00Z,2026-05-14T11:30:00+0200,1431.35,MW,DE,DE_LU,forecast_offshore_wind_generation,Wind Offshore,2026-06-13T19:07:25Z
2026-06-13T19:05:16Z,2026-06-13T21:05:16+0200,9460a2c8-fa12-4ac2-aa07-8ee932688218,2026-05-14T09:45:00Z,2026-05-14T11:45:00+0200,1441.84,MW,DE,DE_LU,forecast_offshore_wind_generation,Wind Offshore,2026-06-13T19:07:25Z
2026-06-13T19:05:16Z,2026-06-13T21:05:16+0200,9460a2c8-fa12-4ac2-aa07-8ee932688218,2026-05-14T10:00:00Z,2026-05-14T12:00:00+0200,1465.92,MW,DE,DE_LU,forecast_offshore_wind_generation,Wind Offshore,2026-06-13T19:07:25Z
2026-06-13T19:05:16Z,2026-06-13T21:05:16+0200,9460a2c8-fa12-4ac2-aa07-8ee932688218,2026-05-14T10:15:00Z,2026-05-14T12:15:00+0200,1495.4,MW,DE,DE_LU,forecast_offshore_wind_generation,Wind Offshore,2026-06-13T19:07:25Z
2026-06-13T19:05:16Z,2026-06-13T21:05:16+0200,9460a2c8-fa12-4ac2-aa07-8ee932688218,2026-05-14T10:30:00Z,2026-05-14T12:30:00+0200,1532.14,MW,DE,DE_LU,forecast_offshore_wind_generation,Wind Offshore,2026-06-13T19:07:25Z
2026-06-13T19:05:16Z,2026-06-13T21:05:16+0200,9460a2c8-fa12-4ac2-aa07-8ee932688218,2026-05-14T10:45:00Z,2026-05-14T12:45:00+0200,1561.87,MW,DE,DE_LU,forecast_offshore_wind_generation,Wind Offshore,2026-06-13T19:07:25Z
2026-06-13T19:05:16Z,2026-06-13T21:05:16+0200,9460a2c8-fa12-4ac2-aa07-8ee932688218,2026-05-14T11:00:00Z,2026-05-14T13:00:00+0200,1602.03,MW,DE,DE_LU,forecast_offshore_wind_generation,Wind Offshore,2026-06-13T19:07:25Z
2026-06-13T19:05:16Z,2026-06-13T21:05:16+0200,9460a2c8-fa12-4ac2-aa07-8ee932688218,2026-05-14T11:15:00Z,2026-05-14T13:15:00+0200,1639.98,MW,DE,DE_LU,forecast_offshore_wind_generation,Wind Offshore,2026-06-13T19:07:25Z
2026-06-13T19:05:16Z,2026-06-13T21:05:16+0200,9460a2c8-fa12-4ac2-aa07-8ee932688218,2026-05-14T11:30:00Z,2026-05-14T13:30:00+0200,1676.95,MW,DE,DE_LU,forecast_offshore_wind_generation,Wind Offshore,2026-06-13T19:07:25Z
2026-06-13T19:05:16Z,2026-06-13T21:05:16+0200,9460a2c8-fa12-4ac2-aa07-8ee932688218,2026-05-14T11:45:00Z,2026-05-14T13:45:00+0200,1711.86,MW,DE,DE_LU,forecast_offshore_wind_generation,Wind Offshore,2026-06-13T19:07:25Z
2026-06-13T19:05:16Z,2026-06-13T21:05:16+0200,9460a2c8-fa12-4ac2-aa07-8ee932688218,2026-05-14T12:00:00Z,2026-05-14T14:00:00+0200,1748.67,MW,DE,DE_LU,forecast_offshore_wind_generation,Wind Offshore,2026-06-13T19:07:25Z
2026-06-13T19:05:16Z,2026-06-13T21:05:16+0200,9460a2c8-fa12-4ac2-aa07-8ee932688218,2026-05-14T12:15:00Z,2026-05-14T14:15:00+0200,1794.58,MW,DE,DE_LU,forecast_offshore_wind_generation,Wind Offshore,2026-06-13T19:07:25Z
2026-06-13T19:05:16Z,2026-06-13T21:05:16+0200,9460a2c8-fa12-4ac2-aa07-8ee932688218,2026-05-14T12:30:00Z,2026-05-14T14:30:00+0200,1842.5,MW,DE,DE_LU,forecast_offshore_wind_generation,Wind Offshore,2026-06-13T19:07:25Z
2026-06-13T19:05:16Z,2026-06-13T21:05:16+0200,9460a2c8-fa12-4ac2-aa07-8ee932688218,2026-05-14T12:45:00Z,2026-05-14T14:45:00+0200,1889.32,MW,DE,DE_LU,forecast_offshore_wind_generation,Wind Offshore,2026-06-13T19:07:25Z
2026-06-13T19:05:16Z,2026-06-13T21:05:16+0200,9460a2c8-fa12-4ac2-aa07-8ee932688218,2026-05-14T13:00:00Z,2026-05-14T15:00:00+0200,1934.41,MW,DE,DE_LU,forecast_offshore_wind_generation,Wind Offshore,2026-06-13T19:07:25Z
2026-06-13T19:05:16Z,2026-06-13T21:05:16+0200,9460a2c8-fa12-4ac2-aa07-8ee932688218,2026-05-14T13:15:00Z,2026-05-14T15:15:00+0200,2003.8,MW,DE,DE_LU,forecast_offshore_wind_generation,Wind Offshore,2026-06-13T19:07:25Z
2026-06-13T19:05:16Z,2026-06-13T21:05:16+0200,9460a2c8-fa12-4ac2-aa07-8ee932688218,2026-05-14T13:30:00Z,2026-05-14T15:30:00+0200,2083.17,MW,DE,DE_LU,forecast_offshore_wind_generation,Wind Offshore,2026-06-13T19:07:25Z
2026-06-13T19:05:16Z,2026-06-13T21:05:16+0200,9460a2c8-fa12-4ac2-aa07-8ee932688218,2026-05-14T13:45:00Z,2026-05-14T15:45:00+0200,2133.77,MW,DE,DE_LU,forecast_offshore_wind_generation,Wind Offshore,2026-06-13T19:07:25Z
2026-06-13T19:05:16Z,2026-06-13T21:05:16+0200,9460a2c8-fa12-4ac2-aa07-8ee932688218,2026-05-14T14:00:00Z,2026-05-14T16:00:00+0200,2190.45,MW,DE,DE_LU,forecast_offshore_wind_generation,Wind Offshore,2026-06-13T19:07:25Z
2026-06-13T19:05:16Z,2026-06-13T21:05:16+0200,9460a2c8-fa12-4ac2-aa07-8ee932688218,2026-05-14T14:15:00Z,2026-05-14T16:15:00+0200,2220.44,MW,DE,DE_LU,forecast_offshore_wind_generation,Wind Offshore,2026-06-13T19:07:25Z
2026-06-13T19:05:16Z,2026-06-13T21:05:16+0200,9460a2c8-fa12-4ac2-aa07-8ee932688218,2026-05-14T14:30:00Z,2026-05-14T16:30:00+0200,2245.43,MW,DE,DE_LU,forecast_offshore_wind_generation,Wind Offshore,2026-06-13T19:07:25Z
2026-06-13T19:05:16Z,2026-06-13T21:05:16+0200,9460a2c8-fa12-4ac2-aa07-8ee932688218,2026-05-14T14:45:00Z,2026-05-14T16:45:00+0200,2273.4,MW,DE,DE_LU,forecast_offshore_wind_generation,Wind Offshore,2026-06-13T19:07:25Z
2026-06-13T19:05:16Z,2026-06-13T21:05:16+0200,9460a2c8-fa12-4ac2-aa07-8ee932688218,2026-05-14T15:00:00Z,2026-05-14T17:00:00+0200,2303.84,MW,DE,DE_LU,forecast_offshore_wind_generation,Wind Offshore,2026-06-13T19:07:25Z
2026-06-13T19:05:16Z,2026-06-13T21:05:16+0200,9460a2c8-fa12-4ac2-aa07-8ee932688218,2026-05-14T15:15:00Z,2026-05-14T17:15:00+0200,2319.98,MW,DE,DE_LU,forecast_offshore_wind_generation,Wind Offshore,2026-06-13T19:07:25Z
2026-06-13T19:05:16Z,2026-06-13T21:05:16+0200,9460a2c8-fa12-4ac2-aa07-8ee932688218,2026-05-14T15:30:00Z,2026-05-14T17:30:00+0200,2350.06,MW,DE,DE_LU,forecast_offshore_wind_generation,Wind Offshore,2026-06-13T19:07:25Z
2026-06-13T19:05:16Z,2026-06-13T21:05:16+0200,9460a2c8-fa12-4ac2-aa07-8ee932688218,2026-05-14T15:45:00Z,2026-05-14T17:45:00+0200,2392.17,MW,DE,DE_LU,forecast_offshore_wind_generation,Wind Offshore,2026-06-13T19:07:25Z
2026-06-13T19:05:16Z,2026-06-13T21:05:16+0200,9460a2c8-fa12-4ac2-aa07-8ee932688218,2026-05-14T16:00:00Z,2026-05-14T18:00:00+0200,2399.72,MW,DE,DE_LU,forecast_offshore_wind_generation,Wind Offshore,2026-06-13T19:07:25Z
2026-06-13T19:05:16Z,2026-06-13T21:05:16+0200,9460a2c8-fa12-4ac2-aa07-8ee932688218,2026-05-14T16:15:00Z,2026-05-14T18:15:00+0200,2394.27,MW,DE,DE_LU,forecast_offshore_wind_generation,Wind Offshore,2026-06-13T19:07:25Z
2026-06-13T19:05:16Z,2026-06-13T21:05:16+0200,9460a2c8-fa12-4ac2-aa07-8ee932688218,2026-05-14T16:30:00Z,2026-05-14T18:30:00+0200,2386.8,MW,DE,DE_LU,forecast_offshore_wind_generation,Wind Offshore,2026-06-13T19:07:25Z
2026-06-13T19:05:16Z,2026-06-13T21:05:16+0200,9460a2c8-fa12-4ac2-aa07-8ee932688218,2026-05-14T16:45:00Z,2026-05-14T18:45:00+0200,2380.08,MW,DE,DE_LU,forecast_offshore_wind_generation,Wind Offshore,2026-06-13T19:07:25Z
2026-06-13T19:05:16Z,2026-06-13T21:05:16+0200,9460a2c8-fa12-4ac2-aa07-8ee932688218,2026-05-14T17:00:00Z,2026-05-14T19:00:00+0200,2369.97,MW,DE,DE_LU,forecast_offshore_wind_generation,Wind Offshore,2026-06-13T19:07:25Z
2026-06-13T19:05:16Z,2026-06-13T21:05:16+0200,9460a2c8-fa12-4ac2-aa07-8ee932688218,2026-05-14T17:15:00Z,2026-05-14T19:15:00+0200,2359.44,MW,DE,DE_LU,forecast_offshore_wind_generation,Wind Offshore,2026-06-13T19:07:25Z
2026-06-13T19:05:16Z,2026-06-13T21:05:16+0200,9460a2c8-fa12-4ac2-aa07-8ee932688218,2026-05-14T17:30:00Z,2026-05-14T19:30:00+0200,2352.13,MW,DE,DE_LU,forecast_offshore_wind_generation,Wind Offshore,2026-06-13T19:07:25Z
2026-06-13T19:05:16Z,2026-06-13T21:05:16+0200,9460a2c8-fa12-4ac2-aa07-8ee932688218,2026-05-14T17:45:00Z,2026-05-14T19:45:00+0200,2344.05,MW,DE,DE_LU,forecast_offshore_wind_generation,Wind Offshore,2026-06-13T19:07:25Z
2026-06-13T19:05:16Z,2026-06-13T21:05:16+0200,9460a2c8-fa12-4ac2-aa07-8ee932688218,2026-05-14T18:00:00Z,2026-05-14T20:00:00+0200,2325.74,MW,DE,DE_LU,forecast_offshore_wind_generation,Wind Offshore,2026-06-13T19:07:25Z
2026-06-13T19:05:16Z,2026-06-13T21:05:16+0200,9460a2c8-fa12-4ac2-aa07-8ee932688218,2026-05-14T18:15:00Z,2026-05-14T20:15:00+0200,2319.16,MW,DE,DE_LU,forecast_offshore_wind_generation,Wind Offshore,2026-06-13T19:07:25Z
2026-06-13T19:05:16Z,2026-06-13T21:05:16+0200,9460a2c8-fa12-4ac2-aa07-8ee932688218,2026-05-14T18:30:00Z,2026-05-14T20:30:00+0200,2306.57,MW,DE,DE_LU,forecast_offshore_wind_generation,Wind Offshore,2026-06-13T19:07:25Z
2026-06-13T19:05:16Z,2026-06-13T21:05:16+0200,9460a2c8-fa12-4ac2-aa07-8ee932688218,2026-05-14T18:45:00Z,2026-05-14T20:45:00+0200,2292.12,MW,DE,DE_LU,forecast_offshore_wind_generation,Wind Offshore,2026-06-13T19:07:25Z
2026-06-13T19:05:16Z,2026-06-13T21:05:16+0200,9460a2c8-fa12-4ac2-aa07-8ee932688218,2026-05-14T19:00:00Z,2026-05-14T21:00:00+0200,2277.29,MW,DE,DE_LU,forecast_offshore_wind_generation,Wind Offshore,2026-06-13T19:07:25Z
2026-06-13T19:05:16Z,2026-06-13T21:05:16+0200,9460a2c8-fa12-4ac2-aa07-8ee932688218,2026-05-14T19:15:00Z,2026-05-14T21:15:00+0200,2225.79,MW,DE,DE_LU,forecast_offshore_wind_generation,Wind Offshore,2026-06-13T19:07:25Z
2026-06-13T19:05:16Z,2026-06-13T21:05:16+0200,9460a2c8-fa12-4ac2-aa07-8ee932688218,2026-05-14T19:30:00Z,2026-05-14T21:30:00+0200,2173.3,MW,DE,DE_LU,forecast_offshore_wind_generation,Wind Offshore,2026-06-13T19:07:25Z
2026-06-13T19:05:16Z,2026-06-13T21:05:16+0200,9460a2c8-fa12-4ac2-aa07-8ee932688218,2026-05-14T19:45:00Z,2026-05-14T21:45:00+0200,2123.22,MW,DE,DE_LU,forecast_offshore_wind_generation,Wind Offshore,2026-06-13T19:07:25Z
2026-06-13T19:05:16Z,2026-06-13T21:05:16+0200,9460a2c8-fa12-4ac2-aa07-8ee932688218,2026-05-14T20:00:00Z,2026-05-14T22:00:00+0200,2084.01,MW,DE,DE_LU,forecast_offshore_wind_generation,Wind Offshore,2026-06-13T19:07:25Z
2026-06-13T19:05:16Z,2026-06-13T21:05:16+0200,9460a2c8-fa12-4ac2-aa07-8ee932688218,2026-05-14T20:15:00Z,2026-05-14T22:15:00+0200,2071.54,MW,DE,DE_LU,forecast_offshore_wind_generation,Wind Offshore,2026-06-13T19:07:25Z
2026-06-13T19:05:16Z,2026-06-13T21:05:16+0200,9460a2c8-fa12-4ac2-aa07-8ee932688218,2026-05-14T20:30:00Z,2026-05-14T22:30:00+0200,2064.06,MW,DE,DE_LU,forecast_offshore_wind_generation,Wind Offshore,2026-06-13T19:07:25Z
2026-06-13T19:05:16Z,2026-06-13T21:05:16+0200,9460a2c8-fa12-4ac2-aa07-8ee932688218,2026-05-14T20:45:00Z,2026-05-14T22:45:00+0200,2048.58,MW,DE,DE_LU,forecast_offshore_wind_generation,Wind Offshore,2026-06-13T19:07:25Z
2026-06-13T19:05:16Z,2026-06-13T21:05:16+0200,9460a2c8-fa12-4ac2-aa07-8ee932688218,2026-05-14T21:00:00Z,2026-05-14T23:00:00+0200,2043.41,MW,DE,DE_LU,forecast_offshore_wind_generation,Wind Offshore,2026-06-13T19:07:25Z
2026-06-13T19:05:16Z,2026-06-13T21:05:16+0200,9460a2c8-fa12-4ac2-aa07-8ee932688218,2026-05-14T21:15:00Z,2026-05-14T23:15:00+0200,2059.38,MW,DE,DE_LU,forecast_offshore_wind_generation,Wind Offshore,2026-06-13T19:07:25Z
2026-06-13T19:05:16Z,2026-06-13T21:05:16+0200,9460a2c8-fa12-4ac2-aa07-8ee932688218,2026-05-14T21:30:00Z,2026-05-14T23:30:00+0200,2068.32,MW,DE,DE_LU,forecast_offshore_wind_generation,Wind Offshore,2026-06-13T19:07:25Z
2026-06-13T19:05:16Z,2026-06-13T21:05:16+0200,9460a2c8-fa12-4ac2-aa07-8ee932688218,2026-05-14T21:45:00Z,2026-05-14T23:45:00+0200,2083.87,MW,DE,DE_LU,forecast_offshore_wind_generation,Wind Offshore,2026-06-13T19:07:25Z
2026-06-13T19:05:16Z,2026-06-13T21:05:16+0200,9460a2c8-fa12-4ac2-aa07-8ee932688218,2026-05-14T22:00:00Z,2026-05-15T00:00:00+0200,1666.56,MW,DE,DE_LU,forecast_offshore_wind_generation,Wind Offshore,2026-06-13T19:07:25Z
2026-06-13T19:05:16Z,2026-06-13T21:05:16+0200,9460a2c8-fa12-4ac2-aa07-8ee932688218,2026-05-14T22:15:00Z,2026-05-15T00:15:00+0200,1694.5,MW,DE,DE_LU,forecast_offshore_wind_generation,Wind Offshore,2026-06-13T19:07:25Z
2026-06-13T19:05:16Z,2026-06-13T21:05:16+0200,9460a2c8-fa12-4ac2-aa07-8ee932688218,2026-05-14T22:30:00Z,2026-05-15T00:30:00+0200,1719.43,MW,DE,DE_LU,forecast_offshore_wind_generation,Wind Offshore,2026-06-13T19:07:25Z
2026-06-13T19:05:16Z,2026-06-13T21:05:16+0200,9460a2c8-fa12-4ac2-aa07-8ee932688218,2026-05-14T22:45:00Z,2026-05-15T00:45:00+0200,1757.4,MW,DE,DE_LU,forecast_offshore_wind_generation,Wind Offshore,2026-06-13T19:07:25Z
2026-06-13T19:05:16Z,2026-06-13T21:05:16+0200,9460a2c8-fa12-4ac2-aa07-8ee932688218,2026-05-14T23:00:00Z,2026-05-15T01:00:00+0200,1792.53,MW,DE,DE_LU,forecast_offshore_wind_generation,Wind Offshore,2026-06-13T19:07:25Z
2026-06-13T19:05:16Z,2026-06-13T21:05:16+0200,9460a2c8-fa12-4ac2-aa07-8ee932688218,2026-05-14T23:15:00Z,2026-05-15T01:15:00+0200,1842.13,MW,DE,DE_LU,forecast_offshore_wind_generation,Wind Offshore,2026-06-13T19:07:25Z
2026-06-13T19:05:16Z,2026-06-13T21:05:16+0200,9460a2c8-fa12-4ac2-aa07-8ee932688218,2026-05-14T23:30:00Z,2026-05-15T01:30:00+0200,1891.72,MW,DE,DE_LU,forecast_offshore_wind_generation,Wind Offshore,2026-06-13T19:07:25Z
2026-06-13T19:05:16Z,2026-06-13T21:05:16+0200,9460a2c8-fa12-4ac2-aa07-8ee932688218,2026-05-14T23:45:00Z,2026-05-15T01:45:00+0200,1938.36,MW,DE,DE_LU,forecast_offshore_wind_generation,Wind Offshore,2026-06-13T19:07:25Z
2026-06-13T19:05:16Z,2026-06-13T21:05:16+0200,9460a2c8-fa12-4ac2-aa07-8ee932688218,2026-05-15T00:00:00Z,2026-05-15T02:00:00+0200,1991.29,MW,DE,DE_LU,forecast_offshore_wind_generation,Wind Offshore,2026-06-13T19:07:25Z
2026-06-13T19:05:16Z,2026-06-13T21:05:16+0200,9460a2c8-fa12-4ac2-aa07-8ee932688218,2026-05-15T00:15:00Z,2026-05-15T02:15:00+0200,2061.53,MW,DE,DE_LU,forecast_offshore_wind_generation,Wind Offshore,2026-06-13T19:07:25Z
2026-06-13T19:05:16Z,2026-06-13T21:05:16+0200,9460a2c8-fa12-4ac2-aa07-8ee932688218,2026-05-15T00:30:00Z,2026-05-15T02:30:00+0200,2138.8,MW,DE,DE_LU,forecast_offshore_wind_generation,Wind Offshore,2026-06-13T19:07:25Z
2026-06-13T19:05:16Z,2026-06-13T21:05:16+0200,9460a2c8-fa12-4ac2-aa07-8ee932688218,2026-05-15T00:45:00Z,2026-05-15T02:45:00+0200,2212.07,MW,DE,DE_LU,forecast_offshore_wind_generation,Wind Offshore,2026-06-13T19:07:25Z
2026-06-13T19:05:16Z,2026-06-13T21:05:16+0200,9460a2c8-fa12-4ac2-aa07-8ee932688218,2026-05-15T01:00:00Z,2026-05-15T03:00:00+0200,2286.0,MW,DE,DE_LU,forecast_offshore_wind_generation,Wind Offshore,2026-06-13T19:07:25Z
2026-06-13T19:05:16Z,2026-06-13T21:05:16+0200,9460a2c8-fa12-4ac2-aa07-8ee932688218,2026-05-15T01:15:00Z,2026-05-15T03:15:00+0200,2374.76,MW,DE,DE_LU,forecast_offshore_wind_generation,Wind Offshore,2026-06-13T19:07:25Z
2026-06-13T19:05:16Z,2026-06-13T21:05:16+0200,9460a2c8-fa12-4ac2-aa07-8ee932688218,2026-05-15T01:30:00Z,2026-05-15T03:30:00+0200,2460.52,MW,DE,DE_LU,forecast_offshore_wind_generation,Wind Offshore,2026-06-13T19:07:25Z
2026-06-13T19:05:16Z,2026-06-13T21:05:16+0200,9460a2c8-fa12-4ac2-aa07-8ee932688218,2026-05-15T01:45:00Z,2026-05-15T03:45:00+0200,2537.26,MW,DE,DE_LU,forecast_offshore_wind_generation,Wind Offshore,2026-06-13T19:07:25Z
2026-06-13T19:05:16Z,2026-06-13T21:05:16+0200,9460a2c8-fa12-4ac2-aa07-8ee932688218,2026-05-15T02:00:00Z,2026-05-15T04:00:00+0200,2605.28,MW,DE,DE_LU,forecast_offshore_wind_generation,Wind Offshore,2026-06-13T19:07:25Z
2026-06-13T19:05:16Z,2026-06-13T21:05:16+0200,9460a2c8-fa12-4ac2-aa07-8ee932688218,2026-05-15T02:15:00Z,2026-05-15T04:15:00+0200,2659.88,MW,DE,DE_LU,forecast_offshore_wind_generation,Wind Offshore,2026-06-13T19:07:25Z
2026-06-13T19:05:16Z,2026-06-13T21:05:16+0200,9460a2c8-fa12-4ac2-aa07-8ee932688218,2026-05-15T02:30:00Z,2026-05-15T04:30:00+0200,2719.49,MW,DE,DE_LU,forecast_offshore_wind_generation,Wind Offshore,2026-06-13T19:07:25Z
2026-06-13T19:05:16Z,2026-06-13T21:05:16+0200,9460a2c8-fa12-4ac2-aa07-8ee932688218,2026-05-15T02:45:00Z,2026-05-15T04:45:00+0200,2775.09,MW,DE,DE_LU,forecast_offshore_wind_generation,Wind Offshore,2026-06-13T19:07:25Z
2026-06-13T19:05:16Z,2026-06-13T21:05:16+0200,9460a2c8-fa12-4ac2-aa07-8ee932688218,2026-05-15T03:00:00Z,2026-05-15T05:00:00+0200,2825.66,MW,DE,DE_LU,forecast_offshore_wind_generation,Wind Offshore,2026-06-13T19:07:25Z
2026-06-13T19:05:16Z,2026-06-13T21:05:16+0200,9460a2c8-fa12-4ac2-aa07-8ee932688218,2026-05-15T03:15:00Z,2026-05-15T05:15:00+0200,2885.38,MW,DE,DE_LU,forecast_offshore_wind_generation,Wind Offshore,2026-06-13T19:07:25Z
2026-06-13T19:05:16Z,2026-06-13T21:05:16+0200,9460a2c8-fa12-4ac2-aa07-8ee932688218,2026-05-15T03:30:00Z,2026-05-15T05:30:00+0200,2930.11,MW,DE,DE_LU,forecast_offshore_wind_generation,Wind Offshore,2026-06-13T19:07:25Z
2026-06-13T19:05:16Z,2026-06-13T21:05:16+0200,9460a2c8-fa12-4ac2-aa07-8ee932688218,2026-05-15T03:45:00Z,2026-05-15T05:45:00+0200,2968.84,MW,DE,DE_LU,forecast_offshore_wind_generation,Wind Offshore,2026-06-13T19:07:25Z
2026-06-13T19:05:16Z,2026-06-13T21:05:16+0200,9460a2c8-fa12-4ac2-aa07-8ee932688218,2026-05-15T04:00:00Z,2026-05-15T06:00:00+0200,2994.92,MW,DE,DE_LU,forecast_offshore_wind_generation,Wind Offshore,2026-06-13T19:07:25Z
2026-06-13T19:05:16Z,2026-06-13T21:05:16+0200,9460a2c8-fa12-4ac2-aa07-8ee932688218,2026-05-15T04:15:00Z,2026-05-15T06:15:00+0200,3029.16,MW,DE,DE_LU,forecast_offshore_wind_generation,Wind Offshore,2026-06-13T19:07:25Z
2026-06-13T19:05:16Z,2026-06-13T21:05:16+0200,9460a2c8-fa12-4ac2-aa07-8ee932688218,2026-05-15T04:30:00Z,2026-05-15T06:30:00+0200,3051.45,MW,DE,DE_LU,forecast_offshore_wind_generation,Wind Offshore,2026-06-13T19:07:25Z
2026-06-13T19:05:16Z,2026-06-13T21:05:16+0200,9460a2c8-fa12-4ac2-aa07-8ee932688218,2026-05-15T04:45:00Z,2026-05-15T06:45:00+0200,3079.78,MW,DE,DE_LU,forecast_offshore_wind_generation,Wind Offshore,2026-06-13T19:07:25Z
2026-06-13T19:05:16Z,2026-06-13T21:05:16+0200,9460a2c8-fa12-4ac2-aa07-8ee932688218,2026-05-15T05:00:00Z,2026-05-15T07:00:00+0200,3091.03,MW,DE,DE_LU,forecast_offshore_wind_generation,Wind Offshore,2026-06-13T19:07:25Z
2026-06-13T19:05:16Z,2026-06-13T21:05:16+0200,9460a2c8-fa12-4ac2-aa07-8ee932688218,2026-05-15T05:15:00Z,2026-05-15T07:15:00+0200,3112.5,MW,DE,DE_LU,forecast_offshore_wind_generation,Wind Offshore,2026-06-13T19:07:25Z
2026-06-13T19:05:16Z,2026-06-13T21:05:16+0200,9460a2c8-fa12-4ac2-aa07-8ee932688218,2026-05-15T05:30:00Z,2026-05-15T07:30:00+0200,3128.98,MW,DE,DE_LU,forecast_offshore_wind_generation,Wind Offshore,2026-06-13T19:07:25Z
2026-06-13T19:05:16Z,2026-06-13T21:05:16+0200,9460a2c8-fa12-4ac2-aa07-8ee932688218,2026-05-15T05:45:00Z,2026-05-15T07:45:00+0200,3142.45,MW,DE,DE_LU,forecast_offshore_wind_generation,Wind Offshore,2026-06-13T19:07:25Z
2026-06-13T19:05:16Z,2026-06-13T21:05:16+0200,9460a2c8-fa12-4ac2-aa07-8ee932688218,2026-05-15T06:00:00Z,2026-05-15T08:00:00+0200,3158.02,MW,DE,DE_LU,forecast_offshore_wind_generation,Wind Offshore,2026-06-13T19:07:25Z
2026-06-13T19:05:16Z,2026-06-13T21:05:16+0200,9460a2c8-fa12-4ac2-aa07-8ee932688218,2026-05-15T06:15:00Z,2026-05-15T08:15:00+0200,3180.46,MW,DE,DE_LU,forecast_offshore_wind_generation,Wind Offshore,2026-06-13T19:07:25Z
2026-06-13T19:05:16Z,2026-06-13T21:05:16+0200,9460a2c8-fa12-4ac2-aa07-8ee932688218,2026-05-15T06:30:00Z,2026-05-15T08:30:00+0200,3200.75,MW,DE,DE_LU,forecast_offshore_wind_generation,Wind Offshore,2026-06-13T19:07:25Z
2026-06-13T19:05:16Z,2026-06-13T21:05:16+0200,9460a2c8-fa12-4ac2-aa07-8ee932688218,2026-05-15T06:45:00Z,2026-05-15T08:45:00+0200,3168.35,MW,DE,DE_LU,forecast_offshore_wind_generation,Wind Offshore,2026-06-13T19:07:25Z
2026-06-13T19:05:16Z,2026-06-13T21:05:16+0200,9460a2c8-fa12-4ac2-aa07-8ee932688218,2026-05-15T07:00:00Z,2026-05-15T09:00:00+0200,3147.17,MW,DE,DE_LU,forecast_offshore_wind_generation,Wind Offshore,2026-06-13T19:07:25Z
2026-06-13T19:05:16Z,2026-06-13T21:05:16+0200,9460a2c8-fa12-4ac2-aa07-8ee932688218,2026-05-15T07:15:00Z,2026-05-15T09:15:00+0200,3163.21,MW,DE,DE_LU,forecast_offshore_wind_generation,Wind Offshore,2026-06-13T19:07:25Z
2026-06-13T19:05:16Z,2026-06-13T21:05:16+0200,9460a2c8-fa12-4ac2-aa07-8ee932688218,2026-05-15T07:30:00Z,2026-05-15T09:30:00+0200,3169.26,MW,DE,DE_LU,forecast_offshore_wind_generation,Wind Offshore,2026-06-13T19:07:25Z
2026-06-13T19:05:16Z,2026-06-13T21:05:16+0200,9460a2c8-fa12-4ac2-aa07-8ee932688218,2026-05-15T07:45:00Z,2026-05-15T09:45:00+0200,3174.36,MW,DE,DE_LU,forecast_offshore_wind_generation,Wind Offshore,2026-06-13T19:07:25Z
2026-06-13T19:05:16Z,2026-06-13T21:05:16+0200,9460a2c8-fa12-4ac2-aa07-8ee932688218,2026-05-15T08:00:00Z,2026-05-15T10:00:00+0200,3182.63,MW,DE,DE_LU,forecast_offshore_wind_generation,Wind Offshore,2026-06-13T19:07:25Z
2026-06-13T19:05:16Z,2026-06-13T21:05:16+0200,9460a2c8-fa12-4ac2-aa07-8ee932688218,2026-05-15T08:15:00Z,2026-05-15T10:15:00+0200,3214.2,MW,DE,DE_LU,forecast_offshore_wind_generation,Wind Offshore,2026-06-13T19:07:25Z
2026-06-13T19:05:16Z,2026-06-13T21:05:16+0200,9460a2c8-fa12-4ac2-aa07-8ee932688218,2026-05-15T08:30:00Z,2026-05-15T10:30:00+0200,3247.77,MW,DE,DE_LU,forecast_offshore_wind_generation,Wind Offshore,2026-06-13T19:07:25Z
2026-06-13T19:05:16Z,2026-06-13T21:05:16+0200,9460a2c8-fa12-4ac2-aa07-8ee932688218,2026-05-15T08:45:00Z,2026-05-15T10:45:00+0200,3266.34,MW,DE,DE_LU,forecast_offshore_wind_generation,Wind Offshore,2026-06-13T19:07:25Z
2026-06-13T19:05:16Z,2026-06-13T21:05:16+0200,9460a2c8-fa12-4ac2-aa07-8ee932688218,2026-05-15T09:00:00Z,2026-05-15T11:00:00+0200,3292.94,MW,DE,DE_LU,forecast_offshore_wind_generation,Wind Offshore,2026-06-13T19:07:25Z
2026-06-13T19:05:16Z,2026-06-13T21:05:16+0200,9460a2c8-fa12-4ac2-aa07-8ee932688218,2026-05-15T09:15:00Z,2026-05-15T11:15:00+0200,3305.65,MW,DE,DE_LU,forecast_offshore_wind_generation,Wind Offshore,2026-06-13T19:07:25Z
2026-06-13T19:05:16Z,2026-06-13T21:05:16+0200,9460a2c8-fa12-4ac2-aa07-8ee932688218,2026-05-15T09:30:00Z,2026-05-15T11:30:00+0200,3312.36,MW,DE,DE_LU,forecast_offshore_wind_generation,Wind Offshore,2026-06-13T19:07:25Z
2026-06-13T19:05:16Z,2026-06-13T21:05:16+0200,9460a2c8-fa12-4ac2-aa07-8ee932688218,2026-05-15T09:45:00Z,2026-05-15T11:45:00+0200,3329.07,MW,DE,DE_LU,forecast_offshore_wind_generation,Wind Offshore,2026-06-13T19:07:25Z
2026-06-13T19:05:16Z,2026-06-13T21:05:16+0200,9460a2c8-fa12-4ac2-aa07-8ee932688218,2026-05-15T10:00:00Z,2026-05-15T12:00:00+0200,3339.83,MW,DE,DE_LU,forecast_offshore_wind_generation,Wind Offshore,2026-06-13T19:07:25Z
2026-06-13T19:05:16Z,2026-06-13T21:05:16+0200,9460a2c8-fa12-4ac2-aa07-8ee932688218,2026-05-15T10:15:00Z,2026-05-15T12:15:00+0200,3364.66,MW,DE,DE_LU,forecast_offshore_wind_generation,Wind Offshore,2026-06-13T19:07:25Z
2026-06-13T19:05:16Z,2026-06-13T21:05:16+0200,9460a2c8-fa12-4ac2-aa07-8ee932688218,2026-05-15T10:30:00Z,2026-05-15T12:30:00+0200,3386.5,MW,DE,DE_LU,forecast_offshore_wind_generation,Wind Offshore,2026-06-13T19:07:25Z
2026-06-13T19:05:16Z,2026-06-13T21:05:16+0200,9460a2c8-fa12-4ac2-aa07-8ee932688218,2026-05-15T10:45:00Z,2026-05-15T12:45:00+0200,3412.33,MW,DE,DE_LU,forecast_offshore_wind_generation,Wind Offshore,2026-06-13T19:07:25Z
2026-06-13T19:05:16Z,2026-06-13T21:05:16+0200,9460a2c8-fa12-4ac2-aa07-8ee932688218,2026-05-15T11:00:00Z,2026-05-15T13:00:00+0200,3436.23,MW,DE,DE_LU,forecast_offshore_wind_generation,Wind Offshore,2026-06-13T19:07:25Z
2026-06-13T19:05:16Z,2026-06-13T21:05:16+0200,9460a2c8-fa12-4ac2-aa07-8ee932688218,2026-05-15T11:15:00Z,2026-05-15T13:15:00+0200,3461.37,MW,DE,DE_LU,forecast_offshore_wind_generation,Wind Offshore,2026-06-13T19:07:25Z
2026-06-13T19:05:16Z,2026-06-13T21:05:16+0200,9460a2c8-fa12-4ac2-aa07-8ee932688218,2026-05-15T11:30:00Z,2026-05-15T13:30:00+0200,3483.5,MW,DE,DE_LU,forecast_offshore_wind_generation,Wind Offshore,2026-06-13T19:07:25Z
2026-06-13T19:05:16Z,2026-06-13T21:05:16+0200,9460a2c8-fa12-4ac2-aa07-8ee932688218,2026-05-15T11:45:00Z,2026-05-15T13:45:00+0200,3501.66,MW,DE,DE_LU,forecast_offshore_wind_generation,Wind Offshore,2026-06-13T19:07:25Z
2026-06-13T19:05:16Z,2026-06-13T21:05:16+0200,9460a2c8-fa12-4ac2-aa07-8ee932688218,2026-05-15T12:00:00Z,2026-05-15T14:00:00+0200,3527.77,MW,DE,DE_LU,forecast_offshore_wind_generation,Wind Offshore,2026-06-13T19:07:25Z
2026-06-13T19:05:16Z,2026-06-13T21:05:16+0200,9460a2c8-fa12-4ac2-aa07-8ee932688218,2026-05-15T12:15:00Z,2026-05-15T14:15:00+0200,3544.88,MW,DE,DE_LU,forecast_offshore_wind_generation,Wind Offshore,2026-06-13T19:07:25Z
2026-06-13T19:05:16Z,2026-06-13T21:05:16+0200,9460a2c8-fa12-4ac2-aa07-8ee932688218,2026-05-15T12:30:00Z,2026-05-15T14:30:00+0200,3559.01,MW,DE,DE_LU,forecast_offshore_wind_generation,Wind Offshore,2026-06-13T19:07:25Z
2026-06-13T19:05:16Z,2026-06-13T21:05:16+0200,9460a2c8-fa12-4ac2-aa07-8ee932688218,2026-05-15T12:45:00Z,2026-05-15T14:45:00+0200,3571.11,MW,DE,DE_LU,forecast_offshore_wind_generation,Wind Offshore,2026-06-13T19:07:25Z
2026-06-13T19:05:16Z,2026-06-13T21:05:16+0200,9460a2c8-fa12-4ac2-aa07-8ee932688218,2026-05-15T13:00:00Z,2026-05-15T15:00:00+0200,3592.25,MW,DE,DE_LU,forecast_offshore_wind_generation,Wind Offshore,2026-06-13T19:07:25Z
2026-06-13T19:05:16Z,2026-06-13T21:05:16+0200,9460a2c8-fa12-4ac2-aa07-8ee932688218,2026-05-15T13:15:00Z,2026-05-15T15:15:00+0200,3607.34,MW,DE,DE_LU,forecast_offshore_wind_generation,Wind Offshore,2026-06-13T19:07:25Z
2026-06-13T19:05:16Z,2026-06-13T21:05:16+0200,9460a2c8-fa12-4ac2-aa07-8ee932688218,2026-05-15T13:30:00Z,2026-05-15T15:30:00+0200,3762.42,MW,DE,DE_LU,forecast_offshore_wind_generation,Wind Offshore,2026-06-13T19:07:25Z
2026-06-13T19:05:16Z,2026-06-13T21:05:16+0200,9460a2c8-fa12-4ac2-aa07-8ee932688218,2026-05-15T13:45:00Z,2026-05-15T15:45:00+0200,3782.53,MW,DE,DE_LU,forecast_offshore_wind_generation,Wind Offshore,2026-06-13T19:07:25Z
2026-06-13T19:05:16Z,2026-06-13T21:05:16+0200,9460a2c8-fa12-4ac2-aa07-8ee932688218,2026-05-15T14:00:00Z,2026-05-15T16:00:00+0200,3837.71,MW,DE,DE_LU,forecast_offshore_wind_generation,Wind Offshore,2026-06-13T19:07:25Z
2026-06-13T19:05:16Z,2026-06-13T21:05:16+0200,9460a2c8-fa12-4ac2-aa07-8ee932688218,2026-05-15T14:15:00Z,2026-05-15T16:15:00+0200,3859.92,MW,DE,DE_LU,forecast_offshore_wind_generation,Wind Offshore,2026-06-13T19:07:25Z
2026-06-13T19:05:16Z,2026-06-13T21:05:16+0200,9460a2c8-fa12-4ac2-aa07-8ee932688218,2026-05-15T14:30:00Z,2026-05-15T16:30:00+0200,3879.14,MW,DE,DE_LU,forecast_offshore_wind_generation,Wind Offshore,2026-06-13T19:07:25Z
2026-06-13T19:05:16Z,2026-06-13T21:05:16+0200,9460a2c8-fa12-4ac2-aa07-8ee932688218,2026-05-15T14:45:00Z,2026-05-15T16:45:00+0200,3908.35,MW,DE,DE_LU,forecast_offshore_wind_generation,Wind Offshore,2026-06-13T19:07:25Z
2026-06-13T19:05:16Z,2026-06-13T21:05:16+0200,9460a2c8-fa12-4ac2-aa07-8ee932688218,2026-05-15T15:00:00Z,2026-05-15T17:00:00+0200,3939.73,MW,DE,DE_LU,forecast_offshore_wind_generation,Wind Offshore,2026-06-13T19:07:25Z
2026-06-13T19:05:16Z,2026-06-13T21:05:16+0200,9460a2c8-fa12-4ac2-aa07-8ee932688218,2026-05-15T15:15:00Z,2026-05-15T17:15:00+0200,3980.4,MW,DE,DE_LU,forecast_offshore_wind_generation,Wind Offshore,2026-06-13T19:07:25Z
2026-06-13T19:05:16Z,2026-06-13T21:05:16+0200,9460a2c8-fa12-4ac2-aa07-8ee932688218,2026-05-15T15:30:00Z,2026-05-15T17:30:00+0200,4013.15,MW,DE,DE_LU,forecast_offshore_wind_generation,Wind Offshore,2026-06-13T19:07:25Z
2026-06-13T19:05:16Z,2026-06-13T21:05:16+0200,9460a2c8-fa12-4ac2-aa07-8ee932688218,2026-05-15T15:45:00Z,2026-05-15T17:45:00+0200,4054.85,MW,DE,DE_LU,forecast_offshore_wind_generation,Wind Offshore,2026-06-13T19:07:25Z
2026-06-13T19:05:16Z,2026-06-13T21:05:16+0200,9460a2c8-fa12-4ac2-aa07-8ee932688218,2026-05-15T16:00:00Z,2026-05-15T18:00:00+0200,4123.61,MW,DE,DE_LU,forecast_offshore_wind_generation,Wind Offshore,2026-06-13T19:07:25Z
2026-06-13T19:05:16Z,2026-06-13T21:05:16+0200,9460a2c8-fa12-4ac2-aa07-8ee932688218,2026-05-15T16:15:00Z,2026-05-15T18:15:00+0200,4191.54,MW,DE,DE_LU,forecast_offshore_wind_generation,Wind Offshore,2026-06-13T19:07:25Z
2026-06-13T19:05:16Z,2026-06-13T21:05:16+0200,9460a2c8-fa12-4ac2-aa07-8ee932688218,2026-05-15T16:30:00Z,2026-05-15T18:30:00+0200,4213.52,MW,DE,DE_LU,forecast_offshore_wind_generation,Wind Offshore,2026-06-13T19:07:25Z
2026-06-13T19:05:16Z,2026-06-13T21:05:16+0200,9460a2c8-fa12-4ac2-aa07-8ee932688218,2026-05-15T16:45:00Z,2026-05-15T18:45:00+0200,4234.5,MW,DE,DE_LU,forecast_offshore_wind_generation,Wind Offshore,2026-06-13T19:07:25Z
2026-06-13T19:05:16Z,2026-06-13T21:05:16+0200,9460a2c8-fa12-4ac2-aa07-8ee932688218,2026-05-15T17:00:00Z,2026-05-15T19:00:00+0200,4250.57,MW,DE,DE_LU,forecast_offshore_wind_generation,Wind Offshore,2026-06-13T19:07:25Z
2026-06-13T19:05:16Z,2026-06-13T21:05:16+0200,9460a2c8-fa12-4ac2-aa07-8ee932688218,2026-05-15T17:15:00Z,2026-05-15T19:15:00+0200,4235.23,MW,DE,DE_LU,forecast_offshore_wind_generation,Wind Offshore,2026-06-13T19:07:25Z
2026-06-13T19:05:16Z,2026-06-13T21:05:16+0200,9460a2c8-fa12-4ac2-aa07-8ee932688218,2026-05-15T17:30:00Z,2026-05-15T19:30:00+0200,4227.89,MW,DE,DE_LU,forecast_offshore_wind_generation,Wind Offshore,2026-06-13T19:07:25Z
2026-06-13T19:05:16Z,2026-06-13T21:05:16+0200,9460a2c8-fa12-4ac2-aa07-8ee932688218,2026-05-15T17:45:00Z,2026-05-15T19:45:00+0200,4215.55,MW,DE,DE_LU,forecast_offshore_wind_generation,Wind Offshore,2026-06-13T19:07:25Z
2026-06-13T19:05:16Z,2026-06-13T21:05:16+0200,9460a2c8-fa12-4ac2-aa07-8ee932688218,2026-05-15T18:00:00Z,2026-05-15T20:00:00+0200,4195.68,MW,DE,DE_LU,forecast_offshore_wind_generation,Wind Offshore,2026-06-13T19:07:25Z
2026-06-13T19:05:16Z,2026-06-13T21:05:16+0200,9460a2c8-fa12-4ac2-aa07-8ee932688218,2026-05-15T18:15:00Z,2026-05-15T20:15:00+0200,4170.58,MW,DE,DE_LU,forecast_offshore_wind_generation,Wind Offshore,2026-06-13T19:07:25Z
2026-06-13T19:05:16Z,2026-06-13T21:05:16+0200,9460a2c8-fa12-4ac2-aa07-8ee932688218,2026-05-15T18:30:00Z,2026-05-15T20:30:00+0200,4140.5,MW,DE,DE_LU,forecast_offshore_wind_generation,Wind Offshore,2026-06-13T19:07:25Z
2026-06-13T19:05:16Z,2026-06-13T21:05:16+0200,9460a2c8-fa12-4ac2-aa07-8ee932688218,2026-05-15T18:45:00Z,2026-05-15T20:45:00+0200,4107.47,MW,DE,DE_LU,forecast_offshore_wind_generation,Wind Offshore,2026-06-13T19:07:25Z
2026-06-13T19:05:16Z,2026-06-13T21:05:16+0200,9460a2c8-fa12-4ac2-aa07-8ee932688218,2026-05-15T19:00:00Z,2026-05-15T21:00:00+0200,4082.14,MW,DE,DE_LU,forecast_offshore_wind_generation,Wind Offshore,2026-06-13T19:07:25Z
2026-06-13T19:05:16Z,2026-06-13T21:05:16+0200,9460a2c8-fa12-4ac2-aa07-8ee932688218,2026-05-15T19:15:00Z,2026-05-15T21:15:00+0200,4075.63,MW,DE,DE_LU,forecast_offshore_wind_generation,Wind Offshore,2026-06-13T19:07:25Z
2026-06-13T19:05:16Z,2026-06-13T21:05:16+0200,9460a2c8-fa12-4ac2-aa07-8ee932688218,2026-05-15T19:30:00Z,2026-05-15T21:30:00+0200,4065.32,MW,DE,DE_LU,forecast_offshore_wind_generation,Wind Offshore,2026-06-13T19:07:25Z
2026-06-13T19:05:16Z,2026-06-13T21:05:16+0200,9460a2c8-fa12-4ac2-aa07-8ee932688218,2026-05-15T19:45:00Z,2026-05-15T21:45:00+0200,4054.95,MW,DE,DE_LU,forecast_offshore_wind_generation,Wind Offshore,2026-06-13T19:07:25Z
2026-06-13T19:05:16Z,2026-06-13T21:05:16+0200,9460a2c8-fa12-4ac2-aa07-8ee932688218,2026-05-15T20:00:00Z,2026-05-15T22:00:00+0200,4047.57,MW,DE,DE_LU,forecast_offshore_wind_generation,Wind Offshore,2026-06-13T19:07:25Z
2026-06-13T19:05:16Z,2026-06-13T21:05:16+0200,9460a2c8-fa12-4ac2-aa07-8ee932688218,2026-05-15T20:15:00Z,2026-05-15T22:15:00+0200,4066.74,MW,DE,DE_LU,forecast_offshore_wind_generation,Wind Offshore,2026-06-13T19:07:25Z
2026-06-13T19:05:16Z,2026-06-13T21:05:16+0200,9460a2c8-fa12-4ac2-aa07-8ee932688218,2026-05-15T20:30:00Z,2026-05-15T22:30:00+0200,4087.0,MW,DE,DE_LU,forecast_offshore_wind_generation,Wind Offshore,2026-06-13T19:07:25Z
2026-06-13T19:05:16Z,2026-06-13T21:05:16+0200,9460a2c8-fa12-4ac2-aa07-8ee932688218,2026-05-15T20:45:00Z,2026-05-15T22:45:00+0200,4106.44,MW,DE,DE_LU,forecast_offshore_wind_generation,Wind Offshore,2026-06-13T19:07:25Z
2026-06-13T19:05:16Z,2026-06-13T21:05:16+0200,9460a2c8-fa12-4ac2-aa07-8ee932688218,2026-05-15T21:00:00Z,2026-05-15T23:00:00+0200,4135.12,MW,DE,DE_LU,forecast_offshore_wind_generation,Wind Offshore,2026-06-13T19:07:25Z
2026-06-13T19:05:16Z,2026-06-13T21:05:16+0200,9460a2c8-fa12-4ac2-aa07-8ee932688218,2026-05-15T21:15:00Z,2026-05-15T23:15:00+0200,4163.82,MW,DE,DE_LU,forecast_offshore_wind_generation,Wind Offshore,2026-06-13T19:07:25Z
2026-06-13T19:05:16Z,2026-06-13T21:05:16+0200,9460a2c8-fa12-4ac2-aa07-8ee932688218,2026-05-15T21:30:00Z,2026-05-15T23:30:00+0200,4194.64,MW,DE,DE_LU,forecast_offshore_wind_generation,Wind Offshore,2026-06-13T19:07:25Z
2026-06-13T19:05:16Z,2026-06-13T21:05:16+0200,9460a2c8-fa12-4ac2-aa07-8ee932688218,2026-05-15T21:45:00Z,2026-05-15T23:45:00+0200,4218.5,MW,DE,DE_LU,forecast_offshore_wind_generation,Wind Offshore,2026-06-13T19:07:25Z
2026-06-13T19:05:16Z,2026-06-13T21:05:16+0200,9460a2c8-fa12-4ac2-aa07-8ee932688218,2026-05-15T22:00:00Z,2026-05-16T00:00:00+0200,4941.07,MW,DE,DE_LU,forecast_offshore_wind_generation,Wind Offshore,2026-06-13T19:07:25Z
2026-06-13T19:05:16Z,2026-06-13T21:05:16+0200,9460a2c8-fa12-4ac2-aa07-8ee932688218,2026-05-15T22:15:00Z,2026-05-16T00:15:00+0200,4977.46,MW,DE,DE_LU,forecast_offshore_wind_generation,Wind Offshore,2026-06-13T19:07:25Z
2026-06-13T19:05:16Z,2026-06-13T21:05:16+0200,9460a2c8-fa12-4ac2-aa07-8ee932688218,2026-05-15T22:30:00Z,2026-05-16T00:30:00+0200,5013.91,MW,DE,DE_LU,forecast_offshore_wind_generation,Wind Offshore,2026-06-13T19:07:25Z
2026-06-13T19:05:16Z,2026-06-13T21:05:16+0200,9460a2c8-fa12-4ac2-aa07-8ee932688218,2026-05-15T22:45:00Z,2026-05-16T00:45:00+0200,5047.55,MW,DE,DE_LU,forecast_offshore_wind_generation,Wind Offshore,2026-06-13T19:07:25Z
2026-06-13T19:05:16Z,2026-06-13T21:05:16+0200,9460a2c8-fa12-4ac2-aa07-8ee932688218,2026-05-15T23:00:00Z,2026-05-16T01:00:00+0200,5081.53,MW,DE,DE_LU,forecast_offshore_wind_generation,Wind Offshore,2026-06-13T19:07:25Z
2026-06-13T19:05:16Z,2026-06-13T21:05:16+0200,9460a2c8-fa12-4ac2-aa07-8ee932688218,2026-05-15T23:15:00Z,2026-05-16T01:15:00+0200,5117.08,MW,DE,DE_LU,forecast_offshore_wind_generation,Wind Offshore,2026-06-13T19:07:25Z
2026-06-13T19:05:16Z,2026-06-13T21:05:16+0200,9460a2c8-fa12-4ac2-aa07-8ee932688218,2026-05-15T23:30:00Z,2026-05-16T01:30:00+0200,5152.82,MW,DE,DE_LU,forecast_offshore_wind_generation,Wind Offshore,2026-06-13T19:07:25Z
2026-06-13T19:05:16Z,2026-06-13T21:05:16+0200,9460a2c8-fa12-4ac2-aa07-8ee932688218,2026-05-15T23:45:00Z,2026-05-16T01:45:00+0200,5178.46,MW,DE,DE_LU,forecast_offshore_wind_generation,Wind Offshore,2026-06-13T19:07:25Z
2026-06-13T19:05:16Z,2026-06-13T21:05:16+0200,9460a2c8-fa12-4ac2-aa07-8ee932688218,2026-05-16T00:00:00Z,2026-05-16T02:00:00+0200,5207.29,MW,DE,DE_LU,forecast_offshore_wind_generation,Wind Offshore,2026-06-13T19:07:25Z
2026-06-13T19:05:16Z,2026-06-13T21:05:16+0200,9460a2c8-fa12-4ac2-aa07-8ee932688218,2026-05-16T00:15:00Z,2026-05-16T02:15:00+0200,5218.67,MW,DE,DE_LU,forecast_offshore_wind_generation,Wind Offshore,2026-06-13T19:07:25Z
2026-06-13T19:05:16Z,2026-06-13T21:05:16+0200,9460a2c8-fa12-4ac2-aa07-8ee932688218,2026-05-16T00:30:00Z,2026-05-16T02:30:00+0200,5236.05,MW,DE,DE_LU,forecast_offshore_wind_generation,Wind Offshore,2026-06-13T19:07:25Z
2026-06-13T19:05:16Z,2026-06-13T21:05:16+0200,9460a2c8-fa12-4ac2-aa07-8ee932688218,2026-05-16T00:45:00Z,2026-05-16T02:45:00+0200,5250.53,MW,DE,DE_LU,forecast_offshore_wind_generation,Wind Offshore,2026-06-13T19:07:25Z
2026-06-13T19:05:16Z,2026-06-13T21:05:16+0200,9460a2c8-fa12-4ac2-aa07-8ee932688218,2026-05-16T01:00:00Z,2026-05-16T03:00:00+0200,5267.55,MW,DE,DE_LU,forecast_offshore_wind_generation,Wind Offshore,2026-06-13T19:07:25Z
2026-06-13T19:05:16Z,2026-06-13T21:05:16+0200,9460a2c8-fa12-4ac2-aa07-8ee932688218,2026-05-16T01:15:00Z,2026-05-16T03:15:00+0200,5261.65,MW,DE,DE_LU,forecast_offshore_wind_generation,Wind Offshore,2026-06-13T19:07:25Z
2026-06-13T19:05:16Z,2026-06-13T21:05:16+0200,9460a2c8-fa12-4ac2-aa07-8ee932688218,2026-05-16T01:30:00Z,2026-05-16T03:30:00+0200,5307.76,MW,DE,DE_LU,forecast_offshore_wind_generation,Wind Offshore,2026-06-13T19:07:25Z
2026-06-13T19:05:16Z,2026-06-13T21:05:16+0200,9460a2c8-fa12-4ac2-aa07-8ee932688218,2026-05-16T01:45:00Z,2026-05-16T03:45:00+0200,5361.31,MW,DE,DE_LU,forecast_offshore_wind_generation,Wind Offshore,2026-06-13T19:07:25Z
2026-06-13T19:05:16Z,2026-06-13T21:05:16+0200,9460a2c8-fa12-4ac2-aa07-8ee932688218,2026-05-16T02:00:00Z,2026-05-16T04:00:00+0200,5397.42,MW,DE,DE_LU,forecast_offshore_wind_generation,Wind Offshore,2026-06-13T19:07:25Z
2026-06-13T19:05:16Z,2026-06-13T21:05:16+0200,9460a2c8-fa12-4ac2-aa07-8ee932688218,2026-05-16T02:15:00Z,2026-05-16T04:15:00+0200,5414.27,MW,DE,DE_LU,forecast_offshore_wind_generation,Wind Offshore,2026-06-13T19:07:25Z
2026-06-13T19:05:16Z,2026-06-13T21:05:16+0200,9460a2c8-fa12-4ac2-aa07-8ee932688218,2026-05-16T02:30:00Z,2026-05-16T04:30:00+0200,5432.12,MW,DE,DE_LU,forecast_offshore_wind_generation,Wind Offshore,2026-06-13T19:07:25Z
2026-06-13T19:05:16Z,2026-06-13T21:05:16+0200,9460a2c8-fa12-4ac2-aa07-8ee932688218,2026-05-16T02:45:00Z,2026-05-16T04:45:00+0200,5445.95,MW,DE,DE_LU,forecast_offshore_wind_generation,Wind Offshore,2026-06-13T19:07:25Z
2026-06-13T19:05:16Z,2026-06-13T21:05:16+0200,9460a2c8-fa12-4ac2-aa07-8ee932688218,2026-05-16T03:00:00Z,2026-05-16T05:00:00+0200,5457.65,MW,DE,DE_LU,forecast_offshore_wind_generation,Wind Offshore,2026-06-13T19:07:25Z
2026-06-13T19:05:16Z,2026-06-13T21:05:16+0200,9460a2c8-fa12-4ac2-aa07-8ee932688218,2026-05-16T03:15:00Z,2026-05-16T05:15:00+0200,5473.01,MW,DE,DE_LU,forecast_offshore_wind_generation,Wind Offshore,2026-06-13T19:07:25Z
2026-06-13T19:05:16Z,2026-06-13T21:05:16+0200,9460a2c8-fa12-4ac2-aa07-8ee932688218,2026-05-16T03:30:00Z,2026-05-16T05:30:00+0200,5484.27,MW,DE,DE_LU,forecast_offshore_wind_generation,Wind Offshore,2026-06-13T19:07:25Z
2026-06-13T19:05:16Z,2026-06-13T21:05:16+0200,9460a2c8-fa12-4ac2-aa07-8ee932688218,2026-05-16T03:45:00Z,2026-05-16T05:45:00+0200,5489.52,MW,DE,DE_LU,forecast_offshore_wind_generation,Wind Offshore,2026-06-13T19:07:25Z
2026-06-13T19:05:16Z,2026-06-13T21:05:16+0200,9460a2c8-fa12-4ac2-aa07-8ee932688218,2026-05-16T04:00:00Z,2026-05-16T06:00:00+0200,5500.82,MW,DE,DE_LU,forecast_offshore_wind_generation,Wind Offshore,2026-06-13T19:07:25Z
2026-06-13T19:05:16Z,2026-06-13T21:05:16+0200,9460a2c8-fa12-4ac2-aa07-8ee932688218,2026-05-16T04:15:00Z,2026-05-16T06:15:00+0200,5524.46,MW,DE,DE_LU,forecast_offshore_wind_generation,Wind Offshore,2026-06-13T19:07:25Z
2026-06-13T19:05:16Z,2026-06-13T21:05:16+0200,9460a2c8-fa12-4ac2-aa07-8ee932688218,2026-05-16T04:30:00Z,2026-05-16T06:30:00+0200,5537.16,MW,DE,DE_LU,forecast_offshore_wind_generation,Wind Offshore,2026-06-13T19:07:25Z
2026-06-13T19:05:16Z,2026-06-13T21:05:16+0200,9460a2c8-fa12-4ac2-aa07-8ee932688218,2026-05-16T04:45:00Z,2026-05-16T06:45:00+0200,5558.05,MW,DE,DE_LU,forecast_offshore_wind_generation,Wind Offshore,2026-06-13T19:07:25Z
2026-06-13T19:05:16Z,2026-06-13T21:05:16+0200,9460a2c8-fa12-4ac2-aa07-8ee932688218,2026-05-16T05:00:00Z,2026-05-16T07:00:00+0200,4919.47,MW,DE,DE_LU,forecast_offshore_wind_generation,Wind Offshore,2026-06-13T19:07:25Z
2026-06-13T19:05:16Z,2026-06-13T21:05:16+0200,9460a2c8-fa12-4ac2-aa07-8ee932688218,2026-05-16T05:15:00Z,2026-05-16T07:15:00+0200,4914.15,MW,DE,DE_LU,forecast_offshore_wind_generation,Wind Offshore,2026-06-13T19:07:25Z
2026-06-13T19:05:16Z,2026-06-13T21:05:16+0200,9460a2c8-fa12-4ac2-aa07-8ee932688218,2026-05-16T05:30:00Z,2026-05-16T07:30:00+0200,4680.95,MW,DE,DE_LU,forecast_offshore_wind_generation,Wind Offshore,2026-06-13T19:07:25Z
2026-06-13T19:05:16Z,2026-06-13T21:05:16+0200,9460a2c8-fa12-4ac2-aa07-8ee932688218,2026-05-16T05:45:00Z,2026-05-16T07:45:00+0200,4693.68,MW,DE,DE_LU,forecast_offshore_wind_generation,Wind Offshore,2026-06-13T19:07:25Z
2026-06-13T19:05:16Z,2026-06-13T21:05:16+0200,9460a2c8-fa12-4ac2-aa07-8ee932688218,2026-05-16T06:00:00Z,2026-05-16T08:00:00+0200,4700.4,MW,DE,DE_LU,forecast_offshore_wind_generation,Wind Offshore,2026-06-13T19:07:25Z
2026-06-13T19:05:16Z,2026-06-13T21:05:16+0200,9460a2c8-fa12-4ac2-aa07-8ee932688218,2026-05-16T06:15:00Z,2026-05-16T08:15:00+0200,4697.81,MW,DE,DE_LU,forecast_offshore_wind_generation,Wind Offshore,2026-06-13T19:07:25Z
2026-06-13T19:05:16Z,2026-06-13T21:05:16+0200,9460a2c8-fa12-4ac2-aa07-8ee932688218,2026-05-16T06:30:00Z,2026-05-16T08:30:00+0200,4720.21,MW,DE,DE_LU,forecast_offshore_wind_generation,Wind Offshore,2026-06-13T19:07:25Z
2026-06-13T19:05:16Z,2026-06-13T21:05:16+0200,9460a2c8-fa12-4ac2-aa07-8ee932688218,2026-05-16T06:45:00Z,2026-05-16T08:45:00+0200,4715.75,MW,DE,DE_LU,forecast_offshore_wind_generation,Wind Offshore,2026-06-13T19:07:25Z
2026-06-13T19:05:16Z,2026-06-13T21:05:16+0200,9460a2c8-fa12-4ac2-aa07-8ee932688218,2026-05-16T07:00:00Z,2026-05-16T09:00:00+0200,4271.14,MW,DE,DE_LU,forecast_offshore_wind_generation,Wind Offshore,2026-06-13T19:07:25Z
2026-06-13T19:05:16Z,2026-06-13T21:05:16+0200,9460a2c8-fa12-4ac2-aa07-8ee932688218,2026-05-16T07:15:00Z,2026-05-16T09:15:00+0200,4265.91,MW,DE,DE_LU,forecast_offshore_wind_generation,Wind Offshore,2026-06-13T19:07:25Z
2026-06-13T19:05:16Z,2026-06-13T21:05:16+0200,9460a2c8-fa12-4ac2-aa07-8ee932688218,2026-05-16T07:30:00Z,2026-05-16T09:30:00+0200,4254.67,MW,DE,DE_LU,forecast_offshore_wind_generation,Wind Offshore,2026-06-13T19:07:25Z
2026-06-13T19:05:16Z,2026-06-13T21:05:16+0200,9460a2c8-fa12-4ac2-aa07-8ee932688218,2026-05-16T07:45:00Z,2026-05-16T09:45:00+0200,4246.45,MW,DE,DE_LU,forecast_offshore_wind_generation,Wind Offshore,2026-06-13T19:07:25Z
2026-06-13T19:05:16Z,2026-06-13T21:05:16+0200,9460a2c8-fa12-4ac2-aa07-8ee932688218,2026-05-16T08:00:00Z,2026-05-16T10:00:00+0200,4170.77,MW,DE,DE_LU,forecast_offshore_wind_generation,Wind Offshore,2026-06-13T19:07:25Z
2026-06-13T19:05:16Z,2026-06-13T21:05:16+0200,9460a2c8-fa12-4ac2-aa07-8ee932688218,2026-05-16T08:15:00Z,2026-05-16T10:15:00+0200,4155.34,MW,DE,DE_LU,forecast_offshore_wind_generation,Wind Offshore,2026-06-13T19:07:25Z
2026-06-13T19:05:16Z,2026-06-13T21:05:16+0200,9460a2c8-fa12-4ac2-aa07-8ee932688218,2026-05-16T08:30:00Z,2026-05-16T10:30:00+0200,4147.94,MW,DE,DE_LU,forecast_offshore_wind_generation,Wind Offshore,2026-06-13T19:07:25Z
2026-06-13T19:05:16Z,2026-06-13T21:05:16+0200,9460a2c8-fa12-4ac2-aa07-8ee932688218,2026-05-16T08:45:00Z,2026-05-16T10:45:00+0200,4134.56,MW,DE,DE_LU,forecast_offshore_wind_generation,Wind Offshore,2026-06-13T19:07:25Z
2026-06-13T19:05:16Z,2026-06-13T21:05:16+0200,9460a2c8-fa12-4ac2-aa07-8ee932688218,2026-05-16T09:00:00Z,2026-05-16T11:00:00+0200,4123.66,MW,DE,DE_LU,forecast_offshore_wind_generation,Wind Offshore,2026-06-13T19:07:25Z
2026-06-13T19:05:16Z,2026-06-13T21:05:16+0200,9460a2c8-fa12-4ac2-aa07-8ee932688218,2026-05-16T09:15:00Z,2026-05-16T11:15:00+0200,4111.51,MW,DE,DE_LU,forecast_offshore_wind_generation,Wind Offshore,2026-06-13T19:07:25Z
2026-06-13T19:05:16Z,2026-06-13T21:05:16+0200,9460a2c8-fa12-4ac2-aa07-8ee932688218,2026-05-16T09:30:00Z,2026-05-16T11:30:00+0200,4091.38,MW,DE,DE_LU,forecast_offshore_wind_generation,Wind Offshore,2026-06-13T19:07:25Z
2026-06-13T19:05:16Z,2026-06-13T21:05:16+0200,9460a2c8-fa12-4ac2-aa07-8ee932688218,2026-05-16T09:45:00Z,2026-05-16T11:45:00+0200,4078.45,MW,DE,DE_LU,forecast_offshore_wind_generation,Wind Offshore,2026-06-13T19:07:25Z
2026-06-13T19:05:16Z,2026-06-13T21:05:16+0200,9460a2c8-fa12-4ac2-aa07-8ee932688218,2026-05-16T10:00:00Z,2026-05-16T12:00:00+0200,4061.43,MW,DE,DE_LU,forecast_offshore_wind_generation,Wind Offshore,2026-06-13T19:07:25Z
2026-06-13T19:05:16Z,2026-06-13T21:05:16+0200,9460a2c8-fa12-4ac2-aa07-8ee932688218,2026-05-16T10:15:00Z,2026-05-16T12:15:00+0200,4039.62,MW,DE,DE_LU,forecast_offshore_wind_generation,Wind Offshore,2026-06-13T19:07:25Z
2026-06-13T19:05:16Z,2026-06-13T21:05:16+0200,9460a2c8-fa12-4ac2-aa07-8ee932688218,2026-05-16T10:30:00Z,2026-05-16T12:30:00+0200,4024.83,MW,DE,DE_LU,forecast_offshore_wind_generation,Wind Offshore,2026-06-13T19:07:25Z
2026-06-13T19:05:16Z,2026-06-13T21:05:16+0200,9460a2c8-fa12-4ac2-aa07-8ee932688218,2026-05-16T10:45:00Z,2026-05-16T12:45:00+0200,4013.15,MW,DE,DE_LU,forecast_offshore_wind_generation,Wind Offshore,2026-06-13T19:07:25Z
2026-06-13T19:05:16Z,2026-06-13T21:05:16+0200,9460a2c8-fa12-4ac2-aa07-8ee932688218,2026-05-16T11:00:00Z,2026-05-16T13:00:00+0200,4001.05,MW,DE,DE_LU,forecast_offshore_wind_generation,Wind Offshore,2026-06-13T19:07:25Z
2026-06-13T19:05:16Z,2026-06-13T21:05:16+0200,9460a2c8-fa12-4ac2-aa07-8ee932688218,2026-05-16T11:15:00Z,2026-05-16T13:15:00+0200,3985.07,MW,DE,DE_LU,forecast_offshore_wind_generation,Wind Offshore,2026-06-13T19:07:25Z
2026-06-13T19:05:16Z,2026-06-13T21:05:16+0200,9460a2c8-fa12-4ac2-aa07-8ee932688218,2026-05-16T11:30:00Z,2026-05-16T13:30:00+0200,3974.14,MW,DE,DE_LU,forecast_offshore_wind_generation,Wind Offshore,2026-06-13T19:07:25Z
2026-06-13T19:05:16Z,2026-06-13T21:05:16+0200,9460a2c8-fa12-4ac2-aa07-8ee932688218,2026-05-16T11:45:00Z,2026-05-16T13:45:00+0200,3965.29,MW,DE,DE_LU,forecast_offshore_wind_generation,Wind Offshore,2026-06-13T19:07:25Z
2026-06-13T19:05:16Z,2026-06-13T21:05:16+0200,9460a2c8-fa12-4ac2-aa07-8ee932688218,2026-05-16T12:00:00Z,2026-05-16T14:00:00+0200,3954.75,MW,DE,DE_LU,forecast_offshore_wind_generation,Wind Offshore,2026-06-13T19:07:25Z
2026-06-13T19:05:16Z,2026-06-13T21:05:16+0200,9460a2c8-fa12-4ac2-aa07-8ee932688218,2026-05-16T12:15:00Z,2026-05-16T14:15:00+0200,3941.28,MW,DE,DE_LU,forecast_offshore_wind_generation,Wind Offshore,2026-06-13T19:07:25Z
2026-06-13T19:05:16Z,2026-06-13T21:05:16+0200,9460a2c8-fa12-4ac2-aa07-8ee932688218,2026-05-16T12:30:00Z,2026-05-16T14:30:00+0200,3928.91,MW,DE,DE_LU,forecast_offshore_wind_generation,Wind Offshore,2026-06-13T19:07:25Z
2026-06-13T19:05:16Z,2026-06-13T21:05:16+0200,9460a2c8-fa12-4ac2-aa07-8ee932688218,2026-05-16T12:45:00Z,2026-05-16T14:45:00+0200,3919.43,MW,DE,DE_LU,forecast_offshore_wind_generation,Wind Offshore,2026-06-13T19:07:25Z
2026-06-13T19:05:16Z,2026-06-13T21:05:16+0200,9460a2c8-fa12-4ac2-aa07-8ee932688218,2026-05-16T13:00:00Z,2026-05-16T15:00:00+0200,3909.72,MW,DE,DE_LU,forecast_offshore_wind_generation,Wind Offshore,2026-06-13T19:07:25Z
2026-06-13T19:05:16Z,2026-06-13T21:05:16+0200,9460a2c8-fa12-4ac2-aa07-8ee932688218,2026-05-16T13:15:00Z,2026-05-16T15:15:00+0200,3899.81,MW,DE,DE_LU,forecast_offshore_wind_generation,Wind Offshore,2026-06-13T19:07:25Z
2026-06-13T19:05:16Z,2026-06-13T21:05:16+0200,9460a2c8-fa12-4ac2-aa07-8ee932688218,2026-05-16T13:30:00Z,2026-05-16T15:30:00+0200,3885.93,MW,DE,DE_LU,forecast_offshore_wind_generation,Wind Offshore,2026-06-13T19:07:25Z
2026-06-13T19:05:16Z,2026-06-13T21:05:16+0200,9460a2c8-fa12-4ac2-aa07-8ee932688218,2026-05-16T13:45:00Z,2026-05-16T15:45:00+0200,3875.19,MW,DE,DE_LU,forecast_offshore_wind_generation,Wind Offshore,2026-06-13T19:07:25Z
2026-06-13T19:05:16Z,2026-06-13T21:05:16+0200,9460a2c8-fa12-4ac2-aa07-8ee932688218,2026-05-16T14:00:00Z,2026-05-16T16:00:00+0200,3855.6,MW,DE,DE_LU,forecast_offshore_wind_generation,Wind Offshore,2026-06-13T19:07:25Z
2026-06-13T19:05:16Z,2026-06-13T21:05:16+0200,9460a2c8-fa12-4ac2-aa07-8ee932688218,2026-05-16T14:15:00Z,2026-05-16T16:15:00+0200,3869.06,MW,DE,DE_LU,forecast_offshore_wind_generation,Wind Offshore,2026-06-13T19:07:25Z
2026-06-13T19:05:16Z,2026-06-13T21:05:16+0200,9460a2c8-fa12-4ac2-aa07-8ee932688218,2026-05-16T14:30:00Z,2026-05-16T16:30:00+0200,3840.73,MW,DE,DE_LU,forecast_offshore_wind_generation,Wind Offshore,2026-06-13T19:07:25Z
2026-06-13T19:05:16Z,2026-06-13T21:05:16+0200,9460a2c8-fa12-4ac2-aa07-8ee932688218,2026-05-16T14:45:00Z,2026-05-16T16:45:00+0200,3808.81,MW,DE,DE_LU,forecast_offshore_wind_generation,Wind Offshore,2026-06-13T19:07:25Z
2026-06-13T19:05:16Z,2026-06-13T21:05:16+0200,9460a2c8-fa12-4ac2-aa07-8ee932688218,2026-05-16T15:00:00Z,2026-05-16T17:00:00+0200,3834.09,MW,DE,DE_LU,forecast_offshore_wind_generation,Wind Offshore,2026-06-13T19:07:25Z
2026-06-13T19:05:16Z,2026-06-13T21:05:16+0200,9460a2c8-fa12-4ac2-aa07-8ee932688218,2026-05-16T15:15:00Z,2026-05-16T17:15:00+0200,3778.68,MW,DE,DE_LU,forecast_offshore_wind_generation,Wind Offshore,2026-06-13T19:07:25Z
2026-06-13T19:05:16Z,2026-06-13T21:05:16+0200,9460a2c8-fa12-4ac2-aa07-8ee932688218,2026-05-16T15:30:00Z,2026-05-16T17:30:00+0200,3873.79,MW,DE,DE_LU,forecast_offshore_wind_generation,Wind Offshore,2026-06-13T19:07:25Z
2026-06-13T19:05:16Z,2026-06-13T21:05:16+0200,9460a2c8-fa12-4ac2-aa07-8ee932688218,2026-05-16T15:45:00Z,2026-05-16T17:45:00+0200,3809.93,MW,DE,DE_LU,forecast_offshore_wind_generation,Wind Offshore,2026-06-13T19:07:25Z
2026-06-13T19:05:16Z,2026-06-13T21:05:16+0200,9460a2c8-fa12-4ac2-aa07-8ee932688218,2026-05-16T16:00:00Z,2026-05-16T18:00:00+0200,3738.87,MW,DE,DE_LU,forecast_offshore_wind_generation,Wind Offshore,2026-06-13T19:07:25Z
2026-06-13T19:05:16Z,2026-06-13T21:05:16+0200,9460a2c8-fa12-4ac2-aa07-8ee932688218,2026-05-16T16:15:00Z,2026-05-16T18:15:00+0200,3663.13,MW,DE,DE_LU,forecast_offshore_wind_generation,Wind Offshore,2026-06-13T19:07:25Z
2026-06-13T19:05:16Z,2026-06-13T21:05:16+0200,9460a2c8-fa12-4ac2-aa07-8ee932688218,2026-05-16T16:30:00Z,2026-05-16T18:30:00+0200,3722.25,MW,DE,DE_LU,forecast_offshore_wind_generation,Wind Offshore,2026-06-13T19:07:25Z
2026-06-13T19:05:16Z,2026-06-13T21:05:16+0200,9460a2c8-fa12-4ac2-aa07-8ee932688218,2026-05-16T16:45:00Z,2026-05-16T18:45:00+0200,3642.6,MW,DE,DE_LU,forecast_offshore_wind_generation,Wind Offshore,2026-06-13T19:07:25Z
2026-06-13T19:05:16Z,2026-06-13T21:05:16+0200,9460a2c8-fa12-4ac2-aa07-8ee932688218,2026-05-16T17:00:00Z,2026-05-16T19:00:00+0200,3537.98,MW,DE,DE_LU,forecast_offshore_wind_generation,Wind Offshore,2026-06-13T19:07:25Z
2026-06-13T19:05:16Z,2026-06-13T21:05:16+0200,9460a2c8-fa12-4ac2-aa07-8ee932688218,2026-05-16T17:15:00Z,2026-05-16T19:15:00+0200,3456.34,MW,DE,DE_LU,forecast_offshore_wind_generation,Wind Offshore,2026-06-13T19:07:25Z
2026-06-13T19:05:16Z,2026-06-13T21:05:16+0200,9460a2c8-fa12-4ac2-aa07-8ee932688218,2026-05-16T17:30:00Z,2026-05-16T19:30:00+0200,3351.72,MW,DE,DE_LU,forecast_offshore_wind_generation,Wind Offshore,2026-06-13T19:07:25Z
2026-06-13T19:05:16Z,2026-06-13T21:05:16+0200,9460a2c8-fa12-4ac2-aa07-8ee932688218,2026-05-16T17:45:00Z,2026-05-16T19:45:00+0200,3248.41,MW,DE,DE_LU,forecast_offshore_wind_generation,Wind Offshore,2026-06-13T19:07:25Z
2026-06-13T19:05:16Z,2026-06-13T21:05:16+0200,9460a2c8-fa12-4ac2-aa07-8ee932688218,2026-05-16T18:00:00Z,2026-05-16T20:00:00+0200,3143.5,MW,DE,DE_LU,forecast_offshore_wind_generation,Wind Offshore,2026-06-13T19:07:25Z
2026-06-13T19:05:16Z,2026-06-13T21:05:16+0200,9460a2c8-fa12-4ac2-aa07-8ee932688218,2026-05-16T18:15:00Z,2026-05-16T20:15:00+0200,3031.85,MW,DE,DE_LU,forecast_offshore_wind_generation,Wind Offshore,2026-06-13T19:07:25Z
2026-06-13T19:05:16Z,2026-06-13T21:05:16+0200,9460a2c8-fa12-4ac2-aa07-8ee932688218,2026-05-16T18:30:00Z,2026-05-16T20:30:00+0200,2922.25,MW,DE,DE_LU,forecast_offshore_wind_generation,Wind Offshore,2026-06-13T19:07:25Z
2026-06-13T19:05:16Z,2026-06-13T21:05:16+0200,9460a2c8-fa12-4ac2-aa07-8ee932688218,2026-05-16T18:45:00Z,2026-05-16T20:45:00+0200,2829.16,MW,DE,DE_LU,forecast_offshore_wind_generation,Wind Offshore,2026-06-13T19:07:25Z
2026-06-13T19:05:16Z,2026-06-13T21:05:16+0200,9460a2c8-fa12-4ac2-aa07-8ee932688218,2026-05-16T19:00:00Z,2026-05-16T21:00:00+0200,2716.22,MW,DE,DE_LU,forecast_offshore_wind_generation,Wind Offshore,2026-06-13T19:07:25Z
2026-06-13T19:05:16Z,2026-06-13T21:05:16+0200,9460a2c8-fa12-4ac2-aa07-8ee932688218,2026-05-16T19:15:00Z,2026-05-16T21:15:00+0200,2625.83,MW,DE,DE_LU,forecast_offshore_wind_generation,Wind Offshore,2026-06-13T19:07:25Z
2026-06-13T19:05:16Z,2026-06-13T21:05:16+0200,9460a2c8-fa12-4ac2-aa07-8ee932688218,2026-05-16T19:30:00Z,2026-05-16T21:30:00+0200,2535.5,MW,DE,DE_LU,forecast_offshore_wind_generation,Wind Offshore,2026-06-13T19:07:25Z
2026-06-13T19:05:16Z,2026-06-13T21:05:16+0200,9460a2c8-fa12-4ac2-aa07-8ee932688218,2026-05-16T19:45:00Z,2026-05-16T21:45:00+0200,2448.53,MW,DE,DE_LU,forecast_offshore_wind_generation,Wind Offshore,2026-06-13T19:07:25Z
2026-06-13T19:05:16Z,2026-06-13T21:05:16+0200,9460a2c8-fa12-4ac2-aa07-8ee932688218,2026-05-16T20:00:00Z,2026-05-16T22:00:00+0200,2366.73,MW,DE,DE_LU,forecast_offshore_wind_generation,Wind Offshore,2026-06-13T19:07:25Z
2026-06-13T19:05:16Z,2026-06-13T21:05:16+0200,9460a2c8-fa12-4ac2-aa07-8ee932688218,2026-05-16T20:15:00Z,2026-05-16T22:15:00+0200,2298.29,MW,DE,DE_LU,forecast_offshore_wind_generation,Wind Offshore,2026-06-13T19:07:25Z
2026-06-13T19:05:16Z,2026-06-13T21:05:16+0200,9460a2c8-fa12-4ac2-aa07-8ee932688218,2026-05-16T20:30:00Z,2026-05-16T22:30:00+0200,2226.88,MW,DE,DE_LU,forecast_offshore_wind_generation,Wind Offshore,2026-06-13T19:07:25Z
2026-06-13T19:05:16Z,2026-06-13T21:05:16+0200,9460a2c8-fa12-4ac2-aa07-8ee932688218,2026-05-16T20:45:00Z,2026-05-16T22:45:00+0200,2162.5,MW,DE,DE_LU,forecast_offshore_wind_generation,Wind Offshore,2026-06-13T19:07:25Z
2026-06-13T19:05:16Z,2026-06-13T21:05:16+0200,9460a2c8-fa12-4ac2-aa07-8ee932688218,2026-05-16T21:00:00Z,2026-05-16T23:00:00+0200,2092.54,MW,DE,DE_LU,forecast_offshore_wind_generation,Wind Offshore,2026-06-13T19:07:25Z
2026-06-13T19:05:16Z,2026-06-13T21:05:16+0200,9460a2c8-fa12-4ac2-aa07-8ee932688218,2026-05-16T21:15:00Z,2026-05-16T23:15:00+0200,2042.92,MW,DE,DE_LU,forecast_offshore_wind_generation,Wind Offshore,2026-06-13T19:07:25Z
2026-06-13T19:05:16Z,2026-06-13T21:05:16+0200,9460a2c8-fa12-4ac2-aa07-8ee932688218,2026-05-16T21:30:00Z,2026-05-16T23:30:00+0200,1994.34,MW,DE,DE_LU,forecast_offshore_wind_generation,Wind Offshore,2026-06-13T19:07:25Z
2026-06-13T19:05:16Z,2026-06-13T21:05:16+0200,9460a2c8-fa12-4ac2-aa07-8ee932688218,2026-05-16T21:45:00Z,2026-05-16T23:45:00+0200,1942.92,MW,DE,DE_LU,forecast_offshore_wind_generation,Wind Offshore,2026-06-13T19:07:25Z
2026-06-13T19:05:16Z,2026-06-13T21:05:16+0200,9460a2c8-fa12-4ac2-aa07-8ee932688218,2026-05-16T22:00:00Z,2026-05-17T00:00:00+0200,1674.24,MW,DE,DE_LU,forecast_offshore_wind_generation,Wind Offshore,2026-06-13T19:07:25Z
2026-06-13T19:05:16Z,2026-06-13T21:05:16+0200,9460a2c8-fa12-4ac2-aa07-8ee932688218,2026-05-16T22:15:00Z,2026-05-17T00:15:00+0200,1645.0,MW,DE,DE_LU,forecast_offshore_wind_generation,Wind Offshore,2026-06-13T19:07:25Z
2026-06-13T19:05:16Z,2026-06-13T21:05:16+0200,9460a2c8-fa12-4ac2-aa07-8ee932688218,2026-05-16T22:30:00Z,2026-05-17T00:30:00+0200,1613.78,MW,DE,DE_LU,forecast_offshore_wind_generation,Wind Offshore,2026-06-13T19:07:25Z
2026-06-13T19:05:16Z,2026-06-13T21:05:16+0200,9460a2c8-fa12-4ac2-aa07-8ee932688218,2026-05-16T22:45:00Z,2026-05-17T00:45:00+0200,1585.3,MW,DE,DE_LU,forecast_offshore_wind_generation,Wind Offshore,2026-06-13T19:07:25Z
2026-06-13T19:05:16Z,2026-06-13T21:05:16+0200,9460a2c8-fa12-4ac2-aa07-8ee932688218,2026-05-16T23:00:00Z,2026-05-17T01:00:00+0200,1555.81,MW,DE,DE_LU,forecast_offshore_wind_generation,Wind Offshore,2026-06-13T19:07:25Z
2026-06-13T19:05:16Z,2026-06-13T21:05:16+0200,9460a2c8-fa12-4ac2-aa07-8ee932688218,2026-05-16T23:15:00Z,2026-05-17T01:15:00+0200,1534.18,MW,DE,DE_LU,forecast_offshore_wind_generation,Wind Offshore,2026-06-13T19:07:25Z
2026-06-13T19:05:16Z,2026-06-13T21:05:16+0200,9460a2c8-fa12-4ac2-aa07-8ee932688218,2026-05-16T23:30:00Z,2026-05-17T01:30:00+0200,1510.5,MW,DE,DE_LU,forecast_offshore_wind_generation,Wind Offshore,2026-06-13T19:07:25Z
2026-06-13T19:05:16Z,2026-06-13T21:05:16+0200,9460a2c8-fa12-4ac2-aa07-8ee932688218,2026-05-16T23:45:00Z,2026-05-17T01:45:00+0200,1490.69,MW,DE,DE_LU,forecast_offshore_wind_generation,Wind Offshore,2026-06-13T19:07:25Z
2026-06-13T19:05:16Z,2026-06-13T21:05:16+0200,9460a2c8-fa12-4ac2-aa07-8ee932688218,2026-05-17T00:00:00Z,2026-05-17T02:00:00+0200,1461.87,MW,DE,DE_LU,forecast_offshore_wind_generation,Wind Offshore,2026-06-13T19:07:25Z
2026-06-13T19:05:16Z,2026-06-13T21:05:16+0200,9460a2c8-fa12-4ac2-aa07-8ee932688218,2026-05-17T00:15:00Z,2026-05-17T02:15:00+0200,1418.12,MW,DE,DE_LU,forecast_offshore_wind_generation,Wind Offshore,2026-06-13T19:07:25Z
2026-06-13T19:05:16Z,2026-06-13T21:05:16+0200,9460a2c8-fa12-4ac2-aa07-8ee932688218,2026-05-17T00:30:00Z,2026-05-17T02:30:00+0200,1378.46,MW,DE,DE_LU,forecast_offshore_wind_generation,Wind Offshore,2026-06-13T19:07:25Z
2026-06-13T19:05:16Z,2026-06-13T21:05:16+0200,9460a2c8-fa12-4ac2-aa07-8ee932688218,2026-05-17T00:45:00Z,2026-05-17T02:45:00+0200,1330.75,MW,DE,DE_LU,forecast_offshore_wind_generation,Wind Offshore,2026-06-13T19:07:25Z
2026-06-13T19:05:16Z,2026-06-13T21:05:16+0200,9460a2c8-fa12-4ac2-aa07-8ee932688218,2026-05-17T01:00:00Z,2026-05-17T03:00:00+0200,1284.63,MW,DE,DE_LU,forecast_offshore_wind_generation,Wind Offshore,2026-06-13T19:07:25Z
2026-06-13T19:05:16Z,2026-06-13T21:05:16+0200,9460a2c8-fa12-4ac2-aa07-8ee932688218,2026-05-17T01:15:00Z,2026-05-17T03:15:00+0200,1253.15,MW,DE,DE_LU,forecast_offshore_wind_generation,Wind Offshore,2026-06-13T19:07:25Z
2026-06-13T19:05:16Z,2026-06-13T21:05:16+0200,9460a2c8-fa12-4ac2-aa07-8ee932688218,2026-05-17T01:30:00Z,2026-05-17T03:30:00+0200,1221.7,MW,DE,DE_LU,forecast_offshore_wind_generation,Wind Offshore,2026-06-13T19:07:25Z
2026-06-13T19:05:16Z,2026-06-13T21:05:16+0200,9460a2c8-fa12-4ac2-aa07-8ee932688218,2026-05-17T01:45:00Z,2026-05-17T03:45:00+0200,1185.36,MW,DE,DE_LU,forecast_offshore_wind_generation,Wind Offshore,2026-06-13T19:07:25Z
2026-06-13T19:05:16Z,2026-06-13T21:05:16+0200,9460a2c8-fa12-4ac2-aa07-8ee932688218,2026-05-17T02:00:00Z,2026-05-17T04:00:00+0200,1173.21,MW,DE,DE_LU,forecast_offshore_wind_generation,Wind Offshore,2026-06-13T19:07:25Z
2026-06-13T19:05:16Z,2026-06-13T21:05:16+0200,9460a2c8-fa12-4ac2-aa07-8ee932688218,2026-05-17T02:15:00Z,2026-05-17T04:15:00+0200,1203.81,MW,DE,DE_LU,forecast_offshore_wind_generation,Wind Offshore,2026-06-13T19:07:25Z
2026-06-13T19:05:16Z,2026-06-13T21:05:16+0200,9460a2c8-fa12-4ac2-aa07-8ee932688218,2026-05-17T02:30:00Z,2026-05-17T04:30:00+0200,1241.45,MW,DE,DE_LU,forecast_offshore_wind_generation,Wind Offshore,2026-06-13T19:07:25Z
2026-06-13T19:05:16Z,2026-06-13T21:05:16+0200,9460a2c8-fa12-4ac2-aa07-8ee932688218,2026-05-17T02:45:00Z,2026-05-17T04:45:00+0200,1275.3,MW,DE,DE_LU,forecast_offshore_wind_generation,Wind Offshore,2026-06-13T19:07:25Z
2026-06-13T19:05:16Z,2026-06-13T21:05:16+0200,9460a2c8-fa12-4ac2-aa07-8ee932688218,2026-05-17T03:00:00Z,2026-05-17T05:00:00+0200,1322.45,MW,DE,DE_LU,forecast_offshore_wind_generation,Wind Offshore,2026-06-13T19:07:25Z
2026-06-13T19:05:16Z,2026-06-13T21:05:16+0200,9460a2c8-fa12-4ac2-aa07-8ee932688218,2026-05-17T03:15:00Z,2026-05-17T05:15:00+0200,1430.05,MW,DE,DE_LU,forecast_offshore_wind_generation,Wind Offshore,2026-06-13T19:07:25Z
2026-06-13T19:05:16Z,2026-06-13T21:05:16+0200,9460a2c8-fa12-4ac2-aa07-8ee932688218,2026-05-17T03:30:00Z,2026-05-17T05:30:00+0200,1530.57,MW,DE,DE_LU,forecast_offshore_wind_generation,Wind Offshore,2026-06-13T19:07:25Z
2026-06-13T19:05:16Z,2026-06-13T21:05:16+0200,9460a2c8-fa12-4ac2-aa07-8ee932688218,2026-05-17T03:45:00Z,2026-05-17T05:45:00+0200,1644.29,MW,DE,DE_LU,forecast_offshore_wind_generation,Wind Offshore,2026-06-13T19:07:25Z
2026-06-13T19:05:16Z,2026-06-13T21:05:16+0200,9460a2c8-fa12-4ac2-aa07-8ee932688218,2026-05-17T04:00:00Z,2026-05-17T06:00:00+0200,1749.72,MW,DE,DE_LU,forecast_offshore_wind_generation,Wind Offshore,2026-06-13T19:07:25Z
2026-06-13T19:05:16Z,2026-06-13T21:05:16+0200,9460a2c8-fa12-4ac2-aa07-8ee932688218,2026-05-17T04:15:00Z,2026-05-17T06:15:00+0200,1843.8,MW,DE,DE_LU,forecast_offshore_wind_generation,Wind Offshore,2026-06-13T19:07:25Z
2026-06-13T19:05:16Z,2026-06-13T21:05:16+0200,9460a2c8-fa12-4ac2-aa07-8ee932688218,2026-05-17T04:30:00Z,2026-05-17T06:30:00+0200,1936.04,MW,DE,DE_LU,forecast_offshore_wind_generation,Wind Offshore,2026-06-13T19:07:25Z
2026-06-13T19:05:16Z,2026-06-13T21:05:16+0200,9460a2c8-fa12-4ac2-aa07-8ee932688218,2026-05-17T04:45:00Z,2026-05-17T06:45:00+0200,2020.27,MW,DE,DE_LU,forecast_offshore_wind_generation,Wind Offshore,2026-06-13T19:07:25Z
2026-06-13T19:05:16Z,2026-06-13T21:05:16+0200,9460a2c8-fa12-4ac2-aa07-8ee932688218,2026-05-17T05:00:00Z,2026-05-17T07:00:00+0200,2104.91,MW,DE,DE_LU,forecast_offshore_wind_generation,Wind Offshore,2026-06-13T19:07:25Z
2026-06-13T19:05:16Z,2026-06-13T21:05:16+0200,9460a2c8-fa12-4ac2-aa07-8ee932688218,2026-05-17T05:15:00Z,2026-05-17T07:15:00+0200,2191.76,MW,DE,DE_LU,forecast_offshore_wind_generation,Wind Offshore,2026-06-13T19:07:25Z
2026-06-13T19:05:16Z,2026-06-13T21:05:16+0200,9460a2c8-fa12-4ac2-aa07-8ee932688218,2026-05-17T05:30:00Z,2026-05-17T07:30:00+0200,2276.63,MW,DE,DE_LU,forecast_offshore_wind_generation,Wind Offshore,2026-06-13T19:07:25Z
2026-06-13T19:05:16Z,2026-06-13T21:05:16+0200,9460a2c8-fa12-4ac2-aa07-8ee932688218,2026-05-17T05:45:00Z,2026-05-17T07:45:00+0200,2363.83,MW,DE,DE_LU,forecast_offshore_wind_generation,Wind Offshore,2026-06-13T19:07:25Z
2026-06-13T19:05:16Z,2026-06-13T21:05:16+0200,9460a2c8-fa12-4ac2-aa07-8ee932688218,2026-05-17T06:00:00Z,2026-05-17T08:00:00+0200,2450.78,MW,DE,DE_LU,forecast_offshore_wind_generation,Wind Offshore,2026-06-13T19:07:25Z
2026-06-13T19:05:16Z,2026-06-13T21:05:16+0200,9460a2c8-fa12-4ac2-aa07-8ee932688218,2026-05-17T06:15:00Z,2026-05-17T08:15:00+0200,2550.3,MW,DE,DE_LU,forecast_offshore_wind_generation,Wind Offshore,2026-06-13T19:07:25Z
2026-06-13T19:05:16Z,2026-06-13T21:05:16+0200,9460a2c8-fa12-4ac2-aa07-8ee932688218,2026-05-17T06:30:00Z,2026-05-17T08:30:00+0200,2648.81,MW,DE,DE_LU,forecast_offshore_wind_generation,Wind Offshore,2026-06-13T19:07:25Z
2026-06-13T19:05:16Z,2026-06-13T21:05:16+0200,9460a2c8-fa12-4ac2-aa07-8ee932688218,2026-05-17T06:45:00Z,2026-05-17T08:45:00+0200,2712.38,MW,DE,DE_LU,forecast_offshore_wind_generation,Wind Offshore,2026-06-13T19:07:25Z
2026-06-13T19:05:16Z,2026-06-13T21:05:16+0200,9460a2c8-fa12-4ac2-aa07-8ee932688218,2026-05-17T07:00:00Z,2026-05-17T09:00:00+0200,2789.54,MW,DE,DE_LU,forecast_offshore_wind_generation,Wind Offshore,2026-06-13T19:07:25Z
2026-06-13T19:05:16Z,2026-06-13T21:05:16+0200,9460a2c8-fa12-4ac2-aa07-8ee932688218,2026-05-17T07:15:00Z,2026-05-17T09:15:00+0200,2853.81,MW,DE,DE_LU,forecast_offshore_wind_generation,Wind Offshore,2026-06-13T19:07:25Z
2026-06-13T19:05:16Z,2026-06-13T21:05:16+0200,9460a2c8-fa12-4ac2-aa07-8ee932688218,2026-05-17T07:30:00Z,2026-05-17T09:30:00+0200,2919.16,MW,DE,DE_LU,forecast_offshore_wind_generation,Wind Offshore,2026-06-13T19:07:25Z
2026-06-13T19:05:16Z,2026-06-13T21:05:16+0200,9460a2c8-fa12-4ac2-aa07-8ee932688218,2026-05-17T07:45:00Z,2026-05-17T09:45:00+0200,2979.56,MW,DE,DE_LU,forecast_offshore_wind_generation,Wind Offshore,2026-06-13T19:07:25Z
2026-06-13T19:05:16Z,2026-06-13T21:05:16+0200,9460a2c8-fa12-4ac2-aa07-8ee932688218,2026-05-17T08:00:00Z,2026-05-17T10:00:00+0200,3030.18,MW,DE,DE_LU,forecast_offshore_wind_generation,Wind Offshore,2026-06-13T19:07:25Z
2026-06-13T19:05:16Z,2026-06-13T21:05:16+0200,9460a2c8-fa12-4ac2-aa07-8ee932688218,2026-05-17T08:15:00Z,2026-05-17T10:15:00+0200,3046.61,MW,DE,DE_LU,forecast_offshore_wind_generation,Wind Offshore,2026-06-13T19:07:25Z
2026-06-13T19:05:16Z,2026-06-13T21:05:16+0200,9460a2c8-fa12-4ac2-aa07-8ee932688218,2026-05-17T08:30:00Z,2026-05-17T10:30:00+0200,3059.07,MW,DE,DE_LU,forecast_offshore_wind_generation,Wind Offshore,2026-06-13T19:07:25Z
2026-06-13T19:05:16Z,2026-06-13T21:05:16+0200,9460a2c8-fa12-4ac2-aa07-8ee932688218,2026-05-17T08:45:00Z,2026-05-17T10:45:00+0200,3072.53,MW,DE,DE_LU,forecast_offshore_wind_generation,Wind Offshore,2026-06-13T19:07:25Z
2026-06-13T19:05:16Z,2026-06-13T21:05:16+0200,9460a2c8-fa12-4ac2-aa07-8ee932688218,2026-05-17T09:00:00Z,2026-05-17T11:00:00+0200,3075.71,MW,DE,DE_LU,forecast_offshore_wind_generation,Wind Offshore,2026-06-13T19:07:25Z
2026-06-13T19:05:16Z,2026-06-13T21:05:16+0200,9460a2c8-fa12-4ac2-aa07-8ee932688218,2026-05-17T09:15:00Z,2026-05-17T11:15:00+0200,3042.61,MW,DE,DE_LU,forecast_offshore_wind_generation,Wind Offshore,2026-06-13T19:07:25Z
2026-06-13T19:05:16Z,2026-06-13T21:05:16+0200,9460a2c8-fa12-4ac2-aa07-8ee932688218,2026-05-17T09:30:00Z,2026-05-17T11:30:00+0200,3014.51,MW,DE,DE_LU,forecast_offshore_wind_generation,Wind Offshore,2026-06-13T19:07:25Z
2026-06-13T19:05:16Z,2026-06-13T21:05:16+0200,9460a2c8-fa12-4ac2-aa07-8ee932688218,2026-05-17T09:45:00Z,2026-05-17T11:45:00+0200,2983.44,MW,DE,DE_LU,forecast_offshore_wind_generation,Wind Offshore,2026-06-13T19:07:25Z
2026-06-13T19:05:16Z,2026-06-13T21:05:16+0200,9460a2c8-fa12-4ac2-aa07-8ee932688218,2026-05-17T10:00:00Z,2026-05-17T12:00:00+0200,2943.08,MW,DE,DE_LU,forecast_offshore_wind_generation,Wind Offshore,2026-06-13T19:07:25Z
2026-06-13T19:05:16Z,2026-06-13T21:05:16+0200,9460a2c8-fa12-4ac2-aa07-8ee932688218,2026-05-17T10:15:00Z,2026-05-17T12:15:00+0200,2885.68,MW,DE,DE_LU,forecast_offshore_wind_generation,Wind Offshore,2026-06-13T19:07:25Z
2026-06-13T19:05:16Z,2026-06-13T21:05:16+0200,9460a2c8-fa12-4ac2-aa07-8ee932688218,2026-05-17T10:30:00Z,2026-05-17T12:30:00+0200,2823.36,MW,DE,DE_LU,forecast_offshore_wind_generation,Wind Offshore,2026-06-13T19:07:25Z
2026-06-13T19:05:16Z,2026-06-13T21:05:16+0200,9460a2c8-fa12-4ac2-aa07-8ee932688218,2026-05-17T10:45:00Z,2026-05-17T12:45:00+0200,2764.2,MW,DE,DE_LU,forecast_offshore_wind_generation,Wind Offshore,2026-06-13T19:07:25Z
2026-06-13T19:05:16Z,2026-06-13T21:05:16+0200,9460a2c8-fa12-4ac2-aa07-8ee932688218,2026-05-17T11:00:00Z,2026-05-17T13:00:00+0200,2698.32,MW,DE,DE_LU,forecast_offshore_wind_generation,Wind Offshore,2026-06-13T19:07:25Z
2026-06-13T19:05:16Z,2026-06-13T21:05:16+0200,9460a2c8-fa12-4ac2-aa07-8ee932688218,2026-05-17T11:15:00Z,2026-05-17T13:15:00+0200,2604.87,MW,DE,DE_LU,forecast_offshore_wind_generation,Wind Offshore,2026-06-13T19:07:25Z
2026-06-13T19:05:16Z,2026-06-13T21:05:16+0200,9460a2c8-fa12-4ac2-aa07-8ee932688218,2026-05-17T11:30:00Z,2026-05-17T13:30:00+0200,2499.4,MW,DE,DE_LU,forecast_offshore_wind_generation,Wind Offshore,2026-06-13T19:07:25Z
2026-06-13T19:05:16Z,2026-06-13T21:05:16+0200,9460a2c8-fa12-4ac2-aa07-8ee932688218,2026-05-17T11:45:00Z,2026-05-17T13:45:00+0200,2392.06,MW,DE,DE_LU,forecast_offshore_wind_generation,Wind Offshore,2026-06-13T19:07:25Z
2026-06-13T19:05:16Z,2026-06-13T21:05:16+0200,9460a2c8-fa12-4ac2-aa07-8ee932688218,2026-05-17T12:00:00Z,2026-05-17T14:00:00+0200,2275.75,MW,DE,DE_LU,forecast_offshore_wind_generation,Wind Offshore,2026-06-13T19:07:25Z
2026-06-13T19:05:16Z,2026-06-13T21:05:16+0200,9460a2c8-fa12-4ac2-aa07-8ee932688218,2026-05-17T12:15:00Z,2026-05-17T14:15:00+0200,2172.41,MW,DE,DE_LU,forecast_offshore_wind_generation,Wind Offshore,2026-06-13T19:07:25Z
2026-06-13T19:05:16Z,2026-06-13T21:05:16+0200,9460a2c8-fa12-4ac2-aa07-8ee932688218,2026-05-17T12:30:00Z,2026-05-17T14:30:00+0200,2058.23,MW,DE,DE_LU,forecast_offshore_wind_generation,Wind Offshore,2026-06-13T19:07:25Z
2026-06-13T19:05:16Z,2026-06-13T21:05:16+0200,9460a2c8-fa12-4ac2-aa07-8ee932688218,2026-05-17T12:45:00Z,2026-05-17T14:45:00+0200,1950.95,MW,DE,DE_LU,forecast_offshore_wind_generation,Wind Offshore,2026-06-13T19:07:25Z
2026-06-13T19:05:16Z,2026-06-13T21:05:16+0200,9460a2c8-fa12-4ac2-aa07-8ee932688218,2026-05-17T13:00:00Z,2026-05-17T15:00:00+0200,1845.08,MW,DE,DE_LU,forecast_offshore_wind_generation,Wind Offshore,2026-06-13T19:07:25Z
2026-06-13T19:05:16Z,2026-06-13T21:05:16+0200,9460a2c8-fa12-4ac2-aa07-8ee932688218,2026-05-17T13:15:00Z,2026-05-17T15:15:00+0200,1710.59,MW,DE,DE_LU,forecast_offshore_wind_generation,Wind Offshore,2026-06-13T19:07:25Z
2026-06-13T19:05:16Z,2026-06-13T21:05:16+0200,9460a2c8-fa12-4ac2-aa07-8ee932688218,2026-05-17T13:30:00Z,2026-05-17T15:30:00+0200,1609.09,MW,DE,DE_LU,forecast_offshore_wind_generation,Wind Offshore,2026-06-13T19:07:25Z
2026-06-13T19:05:16Z,2026-06-13T21:05:16+0200,9460a2c8-fa12-4ac2-aa07-8ee932688218,2026-05-17T13:45:00Z,2026-05-17T15:45:00+0200,1512.63,MW,DE,DE_LU,forecast_offshore_wind_generation,Wind Offshore,2026-06-13T19:07:25Z
2026-06-13T19:05:16Z,2026-06-13T21:05:16+0200,9460a2c8-fa12-4ac2-aa07-8ee932688218,2026-05-17T14:00:00Z,2026-05-17T16:00:00+0200,1424.6,MW,DE,DE_LU,forecast_offshore_wind_generation,Wind Offshore,2026-06-13T19:07:25Z
2026-06-13T19:05:16Z,2026-06-13T21:05:16+0200,9460a2c8-fa12-4ac2-aa07-8ee932688218,2026-05-17T14:15:00Z,2026-05-17T16:15:00+0200,1356.49,MW,DE,DE_LU,forecast_offshore_wind_generation,Wind Offshore,2026-06-13T19:07:25Z
2026-06-13T19:05:16Z,2026-06-13T21:05:16+0200,9460a2c8-fa12-4ac2-aa07-8ee932688218,2026-05-17T14:30:00Z,2026-05-17T16:30:00+0200,1288.34,MW,DE,DE_LU,forecast_offshore_wind_generation,Wind Offshore,2026-06-13T19:07:25Z
2026-06-13T19:05:16Z,2026-06-13T21:05:16+0200,9460a2c8-fa12-4ac2-aa07-8ee932688218,2026-05-17T14:45:00Z,2026-05-17T16:45:00+0200,1206.44,MW,DE,DE_LU,forecast_offshore_wind_generation,Wind Offshore,2026-06-13T19:07:25Z
2026-06-13T19:05:16Z,2026-06-13T21:05:16+0200,9460a2c8-fa12-4ac2-aa07-8ee932688218,2026-05-17T15:00:00Z,2026-05-17T17:00:00+0200,1146.5,MW,DE,DE_LU,forecast_offshore_wind_generation,Wind Offshore,2026-06-13T19:07:25Z
2026-06-13T19:05:16Z,2026-06-13T21:05:16+0200,9460a2c8-fa12-4ac2-aa07-8ee932688218,2026-05-17T15:15:00Z,2026-05-17T17:15:00+0200,1097.27,MW,DE,DE_LU,forecast_offshore_wind_generation,Wind Offshore,2026-06-13T19:07:25Z
2026-06-13T19:05:16Z,2026-06-13T21:05:16+0200,9460a2c8-fa12-4ac2-aa07-8ee932688218,2026-05-17T15:30:00Z,2026-05-17T17:30:00+0200,1053.14,MW,DE,DE_LU,forecast_offshore_wind_generation,Wind Offshore,2026-06-13T19:07:25Z
2026-06-13T19:05:16Z,2026-06-13T21:05:16+0200,9460a2c8-fa12-4ac2-aa07-8ee932688218,2026-05-17T15:45:00Z,2026-05-17T17:45:00+0200,997.1,MW,DE,DE_LU,forecast_offshore_wind_generation,Wind Offshore,2026-06-13T19:07:25Z
2026-06-13T19:05:16Z,2026-06-13T21:05:16+0200,9460a2c8-fa12-4ac2-aa07-8ee932688218,2026-05-17T16:00:00Z,2026-05-17T18:00:00+0200,951.48,MW,DE,DE_LU,forecast_offshore_wind_generation,Wind Offshore,2026-06-13T19:07:25Z
2026-06-13T19:05:16Z,2026-06-13T21:05:16+0200,9460a2c8-fa12-4ac2-aa07-8ee932688218,2026-05-17T16:15:00Z,2026-05-17T18:15:00+0200,917.02,MW,DE,DE_LU,forecast_offshore_wind_generation,Wind Offshore,2026-06-13T19:07:25Z
2026-06-13T19:05:16Z,2026-06-13T21:05:16+0200,9460a2c8-fa12-4ac2-aa07-8ee932688218,2026-05-17T16:30:00Z,2026-05-17T18:30:00+0200,883.83,MW,DE,DE_LU,forecast_offshore_wind_generation,Wind Offshore,2026-06-13T19:07:25Z
2026-06-13T19:05:16Z,2026-06-13T21:05:16+0200,9460a2c8-fa12-4ac2-aa07-8ee932688218,2026-05-17T16:45:00Z,2026-05-17T18:45:00+0200,849.4,MW,DE,DE_LU,forecast_offshore_wind_generation,Wind Offshore,2026-06-13T19:07:25Z
2026-06-13T19:05:16Z,2026-06-13T21:05:16+0200,9460a2c8-fa12-4ac2-aa07-8ee932688218,2026-05-17T17:00:00Z,2026-05-17T19:00:00+0200,822.28,MW,DE,DE_LU,forecast_offshore_wind_generation,Wind Offshore,2026-06-13T19:07:25Z
2026-06-13T19:05:16Z,2026-06-13T21:05:16+0200,9460a2c8-fa12-4ac2-aa07-8ee932688218,2026-05-17T17:15:00Z,2026-05-17T19:15:00+0200,805.05,MW,DE,DE_LU,forecast_offshore_wind_generation,Wind Offshore,2026-06-13T19:07:25Z
2026-06-13T19:05:16Z,2026-06-13T21:05:16+0200,9460a2c8-fa12-4ac2-aa07-8ee932688218,2026-05-17T17:30:00Z,2026-05-17T19:30:00+0200,788.95,MW,DE,DE_LU,forecast_offshore_wind_generation,Wind Offshore,2026-06-13T19:07:25Z
2026-06-13T19:05:16Z,2026-06-13T21:05:16+0200,9460a2c8-fa12-4ac2-aa07-8ee932688218,2026-05-17T17:45:00Z,2026-05-17T19:45:00+0200,767.46,MW,DE,DE_LU,forecast_offshore_wind_generation,Wind Offshore,2026-06-13T19:07:25Z
2026-06-13T19:05:16Z,2026-06-13T21:05:16+0200,9460a2c8-fa12-4ac2-aa07-8ee932688218,2026-05-17T18:00:00Z,2026-05-17T20:00:00+0200,756.08,MW,DE,DE_LU,forecast_offshore_wind_generation,Wind Offshore,2026-06-13T19:07:25Z
2026-06-13T19:05:16Z,2026-06-13T21:05:16+0200,9460a2c8-fa12-4ac2-aa07-8ee932688218,2026-05-17T18:15:00Z,2026-05-17T20:15:00+0200,757.62,MW,DE,DE_LU,forecast_offshore_wind_generation,Wind Offshore,2026-06-13T19:07:25Z
2026-06-13T19:05:16Z,2026-06-13T21:05:16+0200,9460a2c8-fa12-4ac2-aa07-8ee932688218,2026-05-17T18:30:00Z,2026-05-17T20:30:00+0200,756.53,MW,DE,DE_LU,forecast_offshore_wind_generation,Wind Offshore,2026-06-13T19:07:25Z
2026-06-13T19:05:16Z,2026-06-13T21:05:16+0200,9460a2c8-fa12-4ac2-aa07-8ee932688218,2026-05-17T18:45:00Z,2026-05-17T20:45:00+0200,758.81,MW,DE,DE_LU,forecast_offshore_wind_generation,Wind Offshore,2026-06-13T19:07:25Z
2026-06-13T19:05:16Z,2026-06-13T21:05:16+0200,9460a2c8-fa12-4ac2-aa07-8ee932688218,2026-05-17T19:00:00Z,2026-05-17T21:00:00+0200,766.13,MW,DE,DE_LU,forecast_offshore_wind_generation,Wind Offshore,2026-06-13T19:07:25Z
2026-06-13T19:05:16Z,2026-06-13T21:05:16+0200,9460a2c8-fa12-4ac2-aa07-8ee932688218,2026-05-17T19:15:00Z,2026-05-17T21:15:00+0200,776.04,MW,DE,DE_LU,forecast_offshore_wind_generation,Wind Offshore,2026-06-13T19:07:25Z
2026-06-13T19:05:16Z,2026-06-13T21:05:16+0200,9460a2c8-fa12-4ac2-aa07-8ee932688218,2026-05-17T19:30:00Z,2026-05-17T21:30:00+0200,782.91,MW,DE,DE_LU,forecast_offshore_wind_generation,Wind Offshore,2026-06-13T19:07:25Z
2026-06-13T19:05:16Z,2026-06-13T21:05:16+0200,9460a2c8-fa12-4ac2-aa07-8ee932688218,2026-05-17T19:45:00Z,2026-05-17T21:45:00+0200,798.79,MW,DE,DE_LU,forecast_offshore_wind_generation,Wind Offshore,2026-06-13T19:07:25Z
2026-06-13T19:05:16Z,2026-06-13T21:05:16+0200,9460a2c8-fa12-4ac2-aa07-8ee932688218,2026-05-17T20:00:00Z,2026-05-17T22:00:00+0200,812.29,MW,DE,DE_LU,forecast_offshore_wind_generation,Wind Offshore,2026-06-13T19:07:25Z
2026-06-13T19:05:16Z,2026-06-13T21:05:16+0200,9460a2c8-fa12-4ac2-aa07-8ee932688218,2026-05-17T20:15:00Z,2026-05-17T22:15:00+0200,821.02,MW,DE,DE_LU,forecast_offshore_wind_generation,Wind Offshore,2026-06-13T19:07:25Z
2026-06-13T19:05:16Z,2026-06-13T21:05:16+0200,9460a2c8-fa12-4ac2-aa07-8ee932688218,2026-05-17T20:30:00Z,2026-05-17T22:30:00+0200,830.74,MW,DE,DE_LU,forecast_offshore_wind_generation,Wind Offshore,2026-06-13T19:07:25Z
2026-06-13T19:05:16Z,2026-06-13T21:05:16+0200,9460a2c8-fa12-4ac2-aa07-8ee932688218,2026-05-17T20:45:00Z,2026-05-17T22:45:00+0200,845.31,MW,DE,DE_LU,forecast_offshore_wind_generation,Wind Offshore,2026-06-13T19:07:25Z
2026-06-13T19:05:16Z,2026-06-13T21:05:16+0200,9460a2c8-fa12-4ac2-aa07-8ee932688218,2026-05-17T21:00:00Z,2026-05-17T23:00:00+0200,859.54,MW,DE,DE_LU,forecast_offshore_wind_generation,Wind Offshore,2026-06-13T19:07:25Z
2026-06-13T19:05:16Z,2026-06-13T21:05:16+0200,9460a2c8-fa12-4ac2-aa07-8ee932688218,2026-05-17T21:15:00Z,2026-05-17T23:15:00+0200,866.91,MW,DE,DE_LU,forecast_offshore_wind_generation,Wind Offshore,2026-06-13T19:07:25Z
2026-06-13T19:05:16Z,2026-06-13T21:05:16+0200,9460a2c8-fa12-4ac2-aa07-8ee932688218,2026-05-17T21:30:00Z,2026-05-17T23:30:00+0200,873.27,MW,DE,DE_LU,forecast_offshore_wind_generation,Wind Offshore,2026-06-13T19:07:25Z
2026-06-13T19:05:16Z,2026-06-13T21:05:16+0200,9460a2c8-fa12-4ac2-aa07-8ee932688218,2026-05-17T21:45:00Z,2026-05-17T23:45:00+0200,881.49,MW,DE,DE_LU,forecast_offshore_wind_generation,Wind Offshore,2026-06-13T19:07:25Z
2026-06-13T19:05:16Z,2026-06-13T21:05:16+0200,9460a2c8-fa12-4ac2-aa07-8ee932688218,2026-05-17T22:00:00Z,2026-05-18T00:00:00+0200,1162.2,MW,DE,DE_LU,forecast_offshore_wind_generation,Wind Offshore,2026-06-13T19:07:25Z
2026-06-13T19:05:16Z,2026-06-13T21:05:16+0200,9460a2c8-fa12-4ac2-aa07-8ee932688218,2026-05-17T22:15:00Z,2026-05-18T00:15:00+0200,1135.28,MW,DE,DE_LU,forecast_offshore_wind_generation,Wind Offshore,2026-06-13T19:07:25Z
2026-06-13T19:05:16Z,2026-06-13T21:05:16+0200,9460a2c8-fa12-4ac2-aa07-8ee932688218,2026-05-17T22:30:00Z,2026-05-18T00:30:00+0200,1107.31,MW,DE,DE_LU,forecast_offshore_wind_generation,Wind Offshore,2026-06-13T19:07:25Z
2026-06-13T19:05:16Z,2026-06-13T21:05:16+0200,9460a2c8-fa12-4ac2-aa07-8ee932688218,2026-05-17T22:45:00Z,2026-05-18T00:45:00+0200,1079.32,MW,DE,DE_LU,forecast_offshore_wind_generation,Wind Offshore,2026-06-13T19:07:25Z
2026-06-13T19:05:16Z,2026-06-13T21:05:16+0200,9460a2c8-fa12-4ac2-aa07-8ee932688218,2026-05-17T23:00:00Z,2026-05-18T01:00:00+0200,1055.77,MW,DE,DE_LU,forecast_offshore_wind_generation,Wind Offshore,2026-06-13T19:07:25Z
2026-06-13T19:05:16Z,2026-06-13T21:05:16+0200,9460a2c8-fa12-4ac2-aa07-8ee932688218,2026-05-17T23:15:00Z,2026-05-18T01:15:00+0200,1021.74,MW,DE,DE_LU,forecast_offshore_wind_generation,Wind Offshore,2026-06-13T19:07:25Z
2026-06-13T19:05:16Z,2026-06-13T21:05:16+0200,9460a2c8-fa12-4ac2-aa07-8ee932688218,2026-05-17T23:30:00Z,2026-05-18T01:30:00+0200,991.75,MW,DE,DE_LU,forecast_offshore_wind_generation,Wind Offshore,2026-06-13T19:07:25Z
2026-06-13T19:05:16Z,2026-06-13T21:05:16+0200,9460a2c8-fa12-4ac2-aa07-8ee932688218,2026-05-17T23:45:00Z,2026-05-18T01:45:00+0200,954.56,MW,DE,DE_LU,forecast_offshore_wind_generation,Wind Offshore,2026-06-13T19:07:25Z
2026-06-13T19:05:16Z,2026-06-13T21:05:16+0200,9460a2c8-fa12-4ac2-aa07-8ee932688218,2026-05-18T00:00:00Z,2026-05-18T02:00:00+0200,918.72,MW,DE,DE_LU,forecast_offshore_wind_generation,Wind Offshore,2026-06-13T19:07:25Z
2026-06-13T19:05:16Z,2026-06-13T21:05:16+0200,9460a2c8-fa12-4ac2-aa07-8ee932688218,2026-05-18T00:15:00Z,2026-05-18T02:15:00+0200,881.09,MW,DE,DE_LU,forecast_offshore_wind_generation,Wind Offshore,2026-06-13T19:07:25Z
2026-06-13T19:05:16Z,2026-06-13T21:05:16+0200,9460a2c8-fa12-4ac2-aa07-8ee932688218,2026-05-18T00:30:00Z,2026-05-18T02:30:00+0200,838.48,MW,DE,DE_LU,forecast_offshore_wind_generation,Wind Offshore,2026-06-13T19:07:25Z
2026-06-13T19:05:16Z,2026-06-13T21:05:16+0200,9460a2c8-fa12-4ac2-aa07-8ee932688218,2026-05-18T00:45:00Z,2026-05-18T02:45:00+0200,802.67,MW,DE,DE_LU,forecast_offshore_wind_generation,Wind Offshore,2026-06-13T19:07:25Z
2026-06-13T19:05:16Z,2026-06-13T21:05:16+0200,9460a2c8-fa12-4ac2-aa07-8ee932688218,2026-05-18T01:00:00Z,2026-05-18T03:00:00+0200,761.96,MW,DE,DE_LU,forecast_offshore_wind_generation,Wind Offshore,2026-06-13T19:07:25Z
2026-06-13T19:05:16Z,2026-06-13T21:05:16+0200,9460a2c8-fa12-4ac2-aa07-8ee932688218,2026-05-18T01:15:00Z,2026-05-18T03:15:00+0200,723.42,MW,DE,DE_LU,forecast_offshore_wind_generation,Wind Offshore,2026-06-13T19:07:25Z
2026-06-13T19:05:16Z,2026-06-13T21:05:16+0200,9460a2c8-fa12-4ac2-aa07-8ee932688218,2026-05-18T01:30:00Z,2026-05-18T03:30:00+0200,682.88,MW,DE,DE_LU,forecast_offshore_wind_generation,Wind Offshore,2026-06-13T19:07:25Z
2026-06-13T19:05:16Z,2026-06-13T21:05:16+0200,9460a2c8-fa12-4ac2-aa07-8ee932688218,2026-05-18T01:45:00Z,2026-05-18T03:45:00+0200,645.8,MW,DE,DE_LU,forecast_offshore_wind_generation,Wind Offshore,2026-06-13T19:07:25Z
2026-06-13T19:05:16Z,2026-06-13T21:05:16+0200,9460a2c8-fa12-4ac2-aa07-8ee932688218,2026-05-18T02:00:00Z,2026-05-18T04:00:00+0200,610.62,MW,DE,DE_LU,forecast_offshore_wind_generation,Wind Offshore,2026-06-13T19:07:25Z
2026-06-13T19:05:16Z,2026-06-13T21:05:16+0200,9460a2c8-fa12-4ac2-aa07-8ee932688218,2026-05-18T02:15:00Z,2026-05-18T04:15:00+0200,580.82,MW,DE,DE_LU,forecast_offshore_wind_generation,Wind Offshore,2026-06-13T19:07:25Z
2026-06-13T19:05:16Z,2026-06-13T21:05:16+0200,9460a2c8-fa12-4ac2-aa07-8ee932688218,2026-05-18T02:30:00Z,2026-05-18T04:30:00+0200,552.08,MW,DE,DE_LU,forecast_offshore_wind_generation,Wind Offshore,2026-06-13T19:07:25Z
2026-06-13T19:05:16Z,2026-06-13T21:05:16+0200,9460a2c8-fa12-4ac2-aa07-8ee932688218,2026-05-18T02:45:00Z,2026-05-18T04:45:00+0200,524.41,MW,DE,DE_LU,forecast_offshore_wind_generation,Wind Offshore,2026-06-13T19:07:25Z
2026-06-13T19:05:16Z,2026-06-13T21:05:16+0200,9460a2c8-fa12-4ac2-aa07-8ee932688218,2026-05-18T03:00:00Z,2026-05-18T05:00:00+0200,500.02,MW,DE,DE_LU,forecast_offshore_wind_generation,Wind Offshore,2026-06-13T19:07:25Z
2026-06-13T19:05:16Z,2026-06-13T21:05:16+0200,9460a2c8-fa12-4ac2-aa07-8ee932688218,2026-05-18T03:15:00Z,2026-05-18T05:15:00+0200,483.8,MW,DE,DE_LU,forecast_offshore_wind_generation,Wind Offshore,2026-06-13T19:07:25Z
2026-06-13T19:05:16Z,2026-06-13T21:05:16+0200,9460a2c8-fa12-4ac2-aa07-8ee932688218,2026-05-18T03:30:00Z,2026-05-18T05:30:00+0200,466.54,MW,DE,DE_LU,forecast_offshore_wind_generation,Wind Offshore,2026-06-13T19:07:25Z
2026-06-13T19:05:16Z,2026-06-13T21:05:16+0200,9460a2c8-fa12-4ac2-aa07-8ee932688218,2026-05-18T03:45:00Z,2026-05-18T05:45:00+0200,452.33,MW,DE,DE_LU,forecast_offshore_wind_generation,Wind Offshore,2026-06-13T19:07:25Z
2026-06-13T19:05:16Z,2026-06-13T21:05:16+0200,9460a2c8-fa12-4ac2-aa07-8ee932688218,2026-05-18T04:00:00Z,2026-05-18T06:00:00+0200,443.02,MW,DE,DE_LU,forecast_offshore_wind_generation,Wind Offshore,2026-06-13T19:07:25Z
2026-06-13T19:05:16Z,2026-06-13T21:05:16+0200,9460a2c8-fa12-4ac2-aa07-8ee932688218,2026-05-18T04:15:00Z,2026-05-18T06:15:00+0200,448.31,MW,DE,DE_LU,forecast_offshore_wind_generation,Wind Offshore,2026-06-13T19:07:25Z
2026-06-13T19:05:16Z,2026-06-13T21:05:16+0200,9460a2c8-fa12-4ac2-aa07-8ee932688218,2026-05-18T04:30:00Z,2026-05-18T06:30:00+0200,445.56,MW,DE,DE_LU,forecast_offshore_wind_generation,Wind Offshore,2026-06-13T19:07:25Z
2026-06-13T19:05:16Z,2026-06-13T21:05:16+0200,9460a2c8-fa12-4ac2-aa07-8ee932688218,2026-05-18T04:45:00Z,2026-05-18T06:45:00+0200,444.93,MW,DE,DE_LU,forecast_offshore_wind_generation,Wind Offshore,2026-06-13T19:07:25Z
2026-06-13T19:05:16Z,2026-06-13T21:05:16+0200,9460a2c8-fa12-4ac2-aa07-8ee932688218,2026-05-18T05:00:00Z,2026-05-18T07:00:00+0200,445.5,MW,DE,DE_LU,forecast_offshore_wind_generation,Wind Offshore,2026-06-13T19:07:25Z
2026-06-13T19:05:16Z,2026-06-13T21:05:16+0200,9460a2c8-fa12-4ac2-aa07-8ee932688218,2026-05-18T05:15:00Z,2026-05-18T07:15:00+0200,456.78,MW,DE,DE_LU,forecast_offshore_wind_generation,Wind Offshore,2026-06-13T19:07:25Z
2026-06-13T19:05:16Z,2026-06-13T21:05:16+0200,9460a2c8-fa12-4ac2-aa07-8ee932688218,2026-05-18T05:30:00Z,2026-05-18T07:30:00+0200,468.11,MW,DE,DE_LU,forecast_offshore_wind_generation,Wind Offshore,2026-06-13T19:07:25Z
2026-06-13T19:05:16Z,2026-06-13T21:05:16+0200,9460a2c8-fa12-4ac2-aa07-8ee932688218,2026-05-18T05:45:00Z,2026-05-18T07:45:00+0200,477.4,MW,DE,DE_LU,forecast_offshore_wind_generation,Wind Offshore,2026-06-13T19:07:25Z
2026-06-13T19:05:16Z,2026-06-13T21:05:16+0200,9460a2c8-fa12-4ac2-aa07-8ee932688218,2026-05-18T06:00:00Z,2026-05-18T08:00:00+0200,483.31,MW,DE,DE_LU,forecast_offshore_wind_generation,Wind Offshore,2026-06-13T19:07:25Z
2026-06-13T19:05:16Z,2026-06-13T21:05:16+0200,9460a2c8-fa12-4ac2-aa07-8ee932688218,2026-05-18T06:15:00Z,2026-05-18T08:15:00+0200,504.55,MW,DE,DE_LU,forecast_offshore_wind_generation,Wind Offshore,2026-06-13T19:07:25Z
2026-06-13T19:05:16Z,2026-06-13T21:05:16+0200,9460a2c8-fa12-4ac2-aa07-8ee932688218,2026-05-18T06:30:00Z,2026-05-18T08:30:00+0200,520.84,MW,DE,DE_LU,forecast_offshore_wind_generation,Wind Offshore,2026-06-13T19:07:25Z
2026-06-13T19:05:16Z,2026-06-13T21:05:16+0200,9460a2c8-fa12-4ac2-aa07-8ee932688218,2026-05-18T06:45:00Z,2026-05-18T08:45:00+0200,536.09,MW,DE,DE_LU,forecast_offshore_wind_generation,Wind Offshore,2026-06-13T19:07:25Z
2026-06-13T19:05:16Z,2026-06-13T21:05:16+0200,9460a2c8-fa12-4ac2-aa07-8ee932688218,2026-05-18T07:00:00Z,2026-05-18T09:00:00+0200,552.14,MW,DE,DE_LU,forecast_offshore_wind_generation,Wind Offshore,2026-06-13T19:07:25Z
2026-06-13T19:05:16Z,2026-06-13T21:05:16+0200,9460a2c8-fa12-4ac2-aa07-8ee932688218,2026-05-18T07:15:00Z,2026-05-18T09:15:00+0200,567.76,MW,DE,DE_LU,forecast_offshore_wind_generation,Wind Offshore,2026-06-13T19:07:25Z
2026-06-13T19:05:16Z,2026-06-13T21:05:16+0200,9460a2c8-fa12-4ac2-aa07-8ee932688218,2026-05-18T07:30:00Z,2026-05-18T09:30:00+0200,583.41,MW,DE,DE_LU,forecast_offshore_wind_generation,Wind Offshore,2026-06-13T19:07:25Z
2026-06-13T19:05:16Z,2026-06-13T21:05:16+0200,9460a2c8-fa12-4ac2-aa07-8ee932688218,2026-05-18T07:45:00Z,2026-05-18T09:45:00+0200,599.09,MW,DE,DE_LU,forecast_offshore_wind_generation,Wind Offshore,2026-06-13T19:07:25Z
2026-06-13T19:05:16Z,2026-06-13T21:05:16+0200,9460a2c8-fa12-4ac2-aa07-8ee932688218,2026-05-18T08:00:00Z,2026-05-18T10:00:00+0200,613.47,MW,DE,DE_LU,forecast_offshore_wind_generation,Wind Offshore,2026-06-13T19:07:25Z
2026-06-13T19:05:16Z,2026-06-13T21:05:16+0200,9460a2c8-fa12-4ac2-aa07-8ee932688218,2026-05-18T08:15:00Z,2026-05-18T10:15:00+0200,618.86,MW,DE,DE_LU,forecast_offshore_wind_generation,Wind Offshore,2026-06-13T19:07:25Z
2026-06-13T19:05:16Z,2026-06-13T21:05:16+0200,9460a2c8-fa12-4ac2-aa07-8ee932688218,2026-05-18T08:30:00Z,2026-05-18T10:30:00+0200,631.25,MW,DE,DE_LU,forecast_offshore_wind_generation,Wind Offshore,2026-06-13T19:07:25Z
2026-06-13T19:05:16Z,2026-06-13T21:05:16+0200,9460a2c8-fa12-4ac2-aa07-8ee932688218,2026-05-18T08:45:00Z,2026-05-18T10:45:00+0200,634.54,MW,DE,DE_LU,forecast_offshore_wind_generation,Wind Offshore,2026-06-13T19:07:25Z
2026-06-13T19:05:16Z,2026-06-13T21:05:16+0200,9460a2c8-fa12-4ac2-aa07-8ee932688218,2026-05-18T09:00:00Z,2026-05-18T11:00:00+0200,638.52,MW,DE,DE_LU,forecast_offshore_wind_generation,Wind Offshore,2026-06-13T19:07:25Z
2026-06-13T19:05:16Z,2026-06-13T21:05:16+0200,9460a2c8-fa12-4ac2-aa07-8ee932688218,2026-05-18T09:15:00Z,2026-05-18T11:15:00+0200,650.98,MW,DE,DE_LU,forecast_offshore_wind_generation,Wind Offshore,2026-06-13T19:07:25Z
2026-06-13T19:05:16Z,2026-06-13T21:05:16+0200,9460a2c8-fa12-4ac2-aa07-8ee932688218,2026-05-18T09:30:00Z,2026-05-18T11:30:00+0200,664.45,MW,DE,DE_LU,forecast_offshore_wind_generation,Wind Offshore,2026-06-13T19:07:25Z
2026-06-13T19:05:16Z,2026-06-13T21:05:16+0200,9460a2c8-fa12-4ac2-aa07-8ee932688218,2026-05-18T09:45:00Z,2026-05-18T11:45:00+0200,687.24,MW,DE,DE_LU,forecast_offshore_wind_generation,Wind Offshore,2026-06-13T19:07:25Z
2026-06-13T19:05:16Z,2026-06-13T21:05:16+0200,9460a2c8-fa12-4ac2-aa07-8ee932688218,2026-05-18T10:00:00Z,2026-05-18T12:00:00+0200,696.99,MW,DE,DE_LU,forecast_offshore_wind_generation,Wind Offshore,2026-06-13T19:07:25Z
2026-06-13T19:05:16Z,2026-06-13T21:05:16+0200,9460a2c8-fa12-4ac2-aa07-8ee932688218,2026-05-18T10:15:00Z,2026-05-18T12:15:00+0200,709.27,MW,DE,DE_LU,forecast_offshore_wind_generation,Wind Offshore,2026-06-13T19:07:25Z
2026-06-13T19:05:16Z,2026-06-13T21:05:16+0200,9460a2c8-fa12-4ac2-aa07-8ee932688218,2026-05-18T10:30:00Z,2026-05-18T12:30:00+0200,724.63,MW,DE,DE_LU,forecast_offshore_wind_generation,Wind Offshore,2026-06-13T19:07:25Z
2026-06-13T19:05:16Z,2026-06-13T21:05:16+0200,9460a2c8-fa12-4ac2-aa07-8ee932688218,2026-05-18T10:45:00Z,2026-05-18T12:45:00+0200,743.13,MW,DE,DE_LU,forecast_offshore_wind_generation,Wind Offshore,2026-06-13T19:07:25Z
2026-06-13T19:05:16Z,2026-06-13T21:05:16+0200,9460a2c8-fa12-4ac2-aa07-8ee932688218,2026-05-18T11:00:00Z,2026-05-18T13:00:00+0200,752.75,MW,DE,DE_LU,forecast_offshore_wind_generation,Wind Offshore,2026-06-13T19:07:25Z
2026-06-13T19:05:16Z,2026-06-13T21:05:16+0200,9460a2c8-fa12-4ac2-aa07-8ee932688218,2026-05-18T11:15:00Z,2026-05-18T13:15:00+0200,748.53,MW,DE,DE_LU,forecast_offshore_wind_generation,Wind Offshore,2026-06-13T19:07:25Z
2026-06-13T19:05:16Z,2026-06-13T21:05:16+0200,9460a2c8-fa12-4ac2-aa07-8ee932688218,2026-05-18T11:30:00Z,2026-05-18T13:30:00+0200,740.39,MW,DE,DE_LU,forecast_offshore_wind_generation,Wind Offshore,2026-06-13T19:07:25Z
2026-06-13T19:05:16Z,2026-06-13T21:05:16+0200,9460a2c8-fa12-4ac2-aa07-8ee932688218,2026-05-18T11:45:00Z,2026-05-18T13:45:00+0200,732.65,MW,DE,DE_LU,forecast_offshore_wind_generation,Wind Offshore,2026-06-13T19:07:25Z
2026-06-13T19:05:16Z,2026-06-13T21:05:16+0200,9460a2c8-fa12-4ac2-aa07-8ee932688218,2026-05-18T12:00:00Z,2026-05-18T14:00:00+0200,725.29,MW,DE,DE_LU,forecast_offshore_wind_generation,Wind Offshore,2026-06-13T19:07:25Z
2026-06-13T19:05:16Z,2026-06-13T21:05:16+0200,9460a2c8-fa12-4ac2-aa07-8ee932688218,2026-05-18T12:15:00Z,2026-05-18T14:15:00+0200,713.99,MW,DE,DE_LU,forecast_offshore_wind_generation,Wind Offshore,2026-06-13T19:07:25Z
2026-06-13T19:05:16Z,2026-06-13T21:05:16+0200,9460a2c8-fa12-4ac2-aa07-8ee932688218,2026-05-18T12:30:00Z,2026-05-18T14:30:00+0200,700.79,MW,DE,DE_LU,forecast_offshore_wind_generation,Wind Offshore,2026-06-13T19:07:25Z
2026-06-13T19:05:16Z,2026-06-13T21:05:16+0200,9460a2c8-fa12-4ac2-aa07-8ee932688218,2026-05-18T12:45:00Z,2026-05-18T14:45:00+0200,685.41,MW,DE,DE_LU,forecast_offshore_wind_generation,Wind Offshore,2026-06-13T19:07:25Z
2026-06-13T19:05:16Z,2026-06-13T21:05:16+0200,9460a2c8-fa12-4ac2-aa07-8ee932688218,2026-05-18T13:00:00Z,2026-05-18T15:00:00+0200,673.26,MW,DE,DE_LU,forecast_offshore_wind_generation,Wind Offshore,2026-06-13T19:07:25Z
2026-06-13T19:05:16Z,2026-06-13T21:05:16+0200,9460a2c8-fa12-4ac2-aa07-8ee932688218,2026-05-18T13:15:00Z,2026-05-18T15:15:00+0200,659.43,MW,DE,DE_LU,forecast_offshore_wind_generation,Wind Offshore,2026-06-13T19:07:25Z
2026-06-13T19:05:16Z,2026-06-13T21:05:16+0200,9460a2c8-fa12-4ac2-aa07-8ee932688218,2026-05-18T13:30:00Z,2026-05-18T15:30:00+0200,642.56,MW,DE,DE_LU,forecast_offshore_wind_generation,Wind Offshore,2026-06-13T19:07:25Z
2026-06-13T19:05:16Z,2026-06-13T21:05:16+0200,9460a2c8-fa12-4ac2-aa07-8ee932688218,2026-05-18T13:45:00Z,2026-05-18T15:45:00+0200,629.75,MW,DE,DE_LU,forecast_offshore_wind_generation,Wind Offshore,2026-06-13T19:07:25Z
2026-06-13T19:05:16Z,2026-06-13T21:05:16+0200,9460a2c8-fa12-4ac2-aa07-8ee932688218,2026-05-18T14:00:00Z,2026-05-18T16:00:00+0200,616.65,MW,DE,DE_LU,forecast_offshore_wind_generation,Wind Offshore,2026-06-13T19:07:25Z
2026-06-13T19:05:16Z,2026-06-13T21:05:16+0200,9460a2c8-fa12-4ac2-aa07-8ee932688218,2026-05-18T14:15:00Z,2026-05-18T16:15:00+0200,611.46,MW,DE,DE_LU,forecast_offshore_wind_generation,Wind Offshore,2026-06-13T19:07:25Z
2026-06-13T19:05:16Z,2026-06-13T21:05:16+0200,9460a2c8-fa12-4ac2-aa07-8ee932688218,2026-05-18T14:30:00Z,2026-05-18T16:30:00+0200,604.3,MW,DE,DE_LU,forecast_offshore_wind_generation,Wind Offshore,2026-06-13T19:07:25Z
2026-06-13T19:05:16Z,2026-06-13T21:05:16+0200,9460a2c8-fa12-4ac2-aa07-8ee932688218,2026-05-18T14:45:00Z,2026-05-18T16:45:00+0200,595.2,MW,DE,DE_LU,forecast_offshore_wind_generation,Wind Offshore,2026-06-13T19:07:25Z
2026-06-13T19:05:16Z,2026-06-13T21:05:16+0200,9460a2c8-fa12-4ac2-aa07-8ee932688218,2026-05-18T15:00:00Z,2026-05-18T17:00:00+0200,590.35,MW,DE,DE_LU,forecast_offshore_wind_generation,Wind Offshore,2026-06-13T19:07:25Z
2026-06-13T19:05:16Z,2026-06-13T21:05:16+0200,9460a2c8-fa12-4ac2-aa07-8ee932688218,2026-05-18T15:15:00Z,2026-05-18T17:15:00+0200,580.07,MW,DE,DE_LU,forecast_offshore_wind_generation,Wind Offshore,2026-06-13T19:07:25Z
2026-06-13T19:05:16Z,2026-06-13T21:05:16+0200,9460a2c8-fa12-4ac2-aa07-8ee932688218,2026-05-18T15:30:00Z,2026-05-18T17:30:00+0200,579.8,MW,DE,DE_LU,forecast_offshore_wind_generation,Wind Offshore,2026-06-13T19:07:25Z
2026-06-13T19:05:16Z,2026-06-13T21:05:16+0200,9460a2c8-fa12-4ac2-aa07-8ee932688218,2026-05-18T15:45:00Z,2026-05-18T17:45:00+0200,572.41,MW,DE,DE_LU,forecast_offshore_wind_generation,Wind Offshore,2026-06-13T19:07:25Z
2026-06-13T19:05:16Z,2026-06-13T21:05:16+0200,9460a2c8-fa12-4ac2-aa07-8ee932688218,2026-05-18T16:00:00Z,2026-05-18T18:00:00+0200,562.49,MW,DE,DE_LU,forecast_offshore_wind_generation,Wind Offshore,2026-06-13T19:07:25Z
2026-06-13T19:05:16Z,2026-06-13T21:05:16+0200,9460a2c8-fa12-4ac2-aa07-8ee932688218,2026-05-18T16:15:00Z,2026-05-18T18:15:00+0200,553.39,MW,DE,DE_LU,forecast_offshore_wind_generation,Wind Offshore,2026-06-13T19:07:25Z
2026-06-13T19:05:16Z,2026-06-13T21:05:16+0200,9460a2c8-fa12-4ac2-aa07-8ee932688218,2026-05-18T16:30:00Z,2026-05-18T18:30:00+0200,541.31,MW,DE,DE_LU,forecast_offshore_wind_generation,Wind Offshore,2026-06-13T19:07:25Z
2026-06-13T19:05:16Z,2026-06-13T21:05:16+0200,9460a2c8-fa12-4ac2-aa07-8ee932688218,2026-05-18T16:45:00Z,2026-05-18T18:45:00+0200,534.29,MW,DE,DE_LU,forecast_offshore_wind_generation,Wind Offshore,2026-06-13T19:07:25Z
2026-06-13T19:05:16Z,2026-06-13T21:05:16+0200,9460a2c8-fa12-4ac2-aa07-8ee932688218,2026-05-18T17:00:00Z,2026-05-18T19:00:00+0200,517.98,MW,DE,DE_LU,forecast_offshore_wind_generation,Wind Offshore,2026-06-13T19:07:25Z
2026-06-13T19:05:16Z,2026-06-13T21:05:16+0200,9460a2c8-fa12-4ac2-aa07-8ee932688218,2026-05-18T17:15:00Z,2026-05-18T19:15:00+0200,506.35,MW,DE,DE_LU,forecast_offshore_wind_generation,Wind Offshore,2026-06-13T19:07:25Z
2026-06-13T19:05:16Z,2026-06-13T21:05:16+0200,9460a2c8-fa12-4ac2-aa07-8ee932688218,2026-05-18T17:30:00Z,2026-05-18T19:30:00+0200,489.85,MW,DE,DE_LU,forecast_offshore_wind_generation,Wind Offshore,2026-06-13T19:07:25Z
2026-06-13T19:05:16Z,2026-06-13T21:05:16+0200,9460a2c8-fa12-4ac2-aa07-8ee932688218,2026-05-18T17:45:00Z,2026-05-18T19:45:00+0200,478.38,MW,DE,DE_LU,forecast_offshore_wind_generation,Wind Offshore,2026-06-13T19:07:25Z
2026-06-13T19:05:16Z,2026-06-13T21:05:16+0200,9460a2c8-fa12-4ac2-aa07-8ee932688218,2026-05-18T18:00:00Z,2026-05-18T20:00:00+0200,467.71,MW,DE,DE_LU,forecast_offshore_wind_generation,Wind Offshore,2026-06-13T19:07:25Z
2026-06-13T19:05:16Z,2026-06-13T21:05:16+0200,9460a2c8-fa12-4ac2-aa07-8ee932688218,2026-05-18T18:15:00Z,2026-05-18T20:15:00+0200,454.24,MW,DE,DE_LU,forecast_offshore_wind_generation,Wind Offshore,2026-06-13T19:07:25Z
2026-06-13T19:05:16Z,2026-06-13T21:05:16+0200,9460a2c8-fa12-4ac2-aa07-8ee932688218,2026-05-18T18:30:00Z,2026-05-18T20:30:00+0200,437.82,MW,DE,DE_LU,forecast_offshore_wind_generation,Wind Offshore,2026-06-13T19:07:25Z
2026-06-13T19:05:16Z,2026-06-13T21:05:16+0200,9460a2c8-fa12-4ac2-aa07-8ee932688218,2026-05-18T18:45:00Z,2026-05-18T20:45:00+0200,419.69,MW,DE,DE_LU,forecast_offshore_wind_generation,Wind Offshore,2026-06-13T19:07:25Z
2026-06-13T19:05:16Z,2026-06-13T21:05:16+0200,9460a2c8-fa12-4ac2-aa07-8ee932688218,2026-05-18T19:00:00Z,2026-05-18T21:00:00+0200,407.59,MW,DE,DE_LU,forecast_offshore_wind_generation,Wind Offshore,2026-06-13T19:07:25Z
2026-06-13T19:05:16Z,2026-06-13T21:05:16+0200,9460a2c8-fa12-4ac2-aa07-8ee932688218,2026-05-18T19:15:00Z,2026-05-18T21:15:00+0200,395.11,MW,DE,DE_LU,forecast_offshore_wind_generation,Wind Offshore,2026-06-13T19:07:25Z
2026-06-13T19:05:16Z,2026-06-13T21:05:16+0200,9460a2c8-fa12-4ac2-aa07-8ee932688218,2026-05-18T19:30:00Z,2026-05-18T21:30:00+0200,387.54,MW,DE,DE_LU,forecast_offshore_wind_generation,Wind Offshore,2026-06-13T19:07:25Z
2026-06-13T19:05:16Z,2026-06-13T21:05:16+0200,9460a2c8-fa12-4ac2-aa07-8ee932688218,2026-05-18T19:45:00Z,2026-05-18T21:45:00+0200,373.99,MW,DE,DE_LU,forecast_offshore_wind_generation,Wind Offshore,2026-06-13T19:07:25Z
2026-06-13T19:05:16Z,2026-06-13T21:05:16+0200,9460a2c8-fa12-4ac2-aa07-8ee932688218,2026-05-18T20:00:00Z,2026-05-18T22:00:00+0200,363.8,MW,DE,DE_LU,forecast_offshore_wind_generation,Wind Offshore,2026-06-13T19:07:25Z
2026-06-13T19:05:16Z,2026-06-13T21:05:16+0200,9460a2c8-fa12-4ac2-aa07-8ee932688218,2026-05-18T20:15:00Z,2026-05-18T22:15:00+0200,351.64,MW,DE,DE_LU,forecast_offshore_wind_generation,Wind Offshore,2026-06-13T19:07:25Z
2026-06-13T19:05:16Z,2026-06-13T21:05:16+0200,9460a2c8-fa12-4ac2-aa07-8ee932688218,2026-05-18T20:30:00Z,2026-05-18T22:30:00+0200,338.81,MW,DE,DE_LU,forecast_offshore_wind_generation,Wind Offshore,2026-06-13T19:07:25Z
2026-06-13T19:05:16Z,2026-06-13T21:05:16+0200,9460a2c8-fa12-4ac2-aa07-8ee932688218,2026-05-18T20:45:00Z,2026-05-18T22:45:00+0200,328.93,MW,DE,DE_LU,forecast_offshore_wind_generation,Wind Offshore,2026-06-13T19:07:25Z
2026-06-13T19:05:16Z,2026-06-13T21:05:16+0200,9460a2c8-fa12-4ac2-aa07-8ee932688218,2026-05-18T21:00:00Z,2026-05-18T23:00:00+0200,317.66,MW,DE,DE_LU,forecast_offshore_wind_generation,Wind Offshore,2026-06-13T19:07:25Z
2026-06-13T19:05:16Z,2026-06-13T21:05:16+0200,9460a2c8-fa12-4ac2-aa07-8ee932688218,2026-05-18T21:15:00Z,2026-05-18T23:15:00+0200,311.88,MW,DE,DE_LU,forecast_offshore_wind_generation,Wind Offshore,2026-06-13T19:07:25Z
2026-06-13T19:05:16Z,2026-06-13T21:05:16+0200,9460a2c8-fa12-4ac2-aa07-8ee932688218,2026-05-18T21:30:00Z,2026-05-18T23:30:00+0200,301.12,MW,DE,DE_LU,forecast_offshore_wind_generation,Wind Offshore,2026-06-13T19:07:25Z
2026-06-13T19:05:16Z,2026-06-13T21:05:16+0200,9460a2c8-fa12-4ac2-aa07-8ee932688218,2026-05-18T21:45:00Z,2026-05-18T23:45:00+0200,294.44,MW,DE,DE_LU,forecast_offshore_wind_generation,Wind Offshore,2026-06-13T19:07:25Z
2026-06-13T19:05:16Z,2026-06-13T21:05:16+0200,9460a2c8-fa12-4ac2-aa07-8ee932688218,2026-05-18T22:00:00Z,2026-05-19T00:00:00+0200,297.94,MW,DE,DE_LU,forecast_offshore_wind_generation,Wind Offshore,2026-06-13T19:07:25Z
2026-06-13T19:05:16Z,2026-06-13T21:05:16+0200,9460a2c8-fa12-4ac2-aa07-8ee932688218,2026-05-18T22:15:00Z,2026-05-19T00:15:00+0200,288.59,MW,DE,DE_LU,forecast_offshore_wind_generation,Wind Offshore,2026-06-13T19:07:25Z
2026-06-13T19:05:16Z,2026-06-13T21:05:16+0200,9460a2c8-fa12-4ac2-aa07-8ee932688218,2026-05-18T22:30:00Z,2026-05-19T00:30:00+0200,279.28,MW,DE,DE_LU,forecast_offshore_wind_generation,Wind Offshore,2026-06-13T19:07:25Z
2026-06-13T19:05:16Z,2026-06-13T21:05:16+0200,9460a2c8-fa12-4ac2-aa07-8ee932688218,2026-05-18T22:45:00Z,2026-05-19T00:45:00+0200,268.09,MW,DE,DE_LU,forecast_offshore_wind_generation,Wind Offshore,2026-06-13T19:07:25Z
2026-06-13T19:05:16Z,2026-06-13T21:05:16+0200,9460a2c8-fa12-4ac2-aa07-8ee932688218,2026-05-18T23:00:00Z,2026-05-19T01:00:00+0200,259.84,MW,DE,DE_LU,forecast_offshore_wind_generation,Wind Offshore,2026-06-13T19:07:25Z
2026-06-13T19:05:16Z,2026-06-13T21:05:16+0200,9460a2c8-fa12-4ac2-aa07-8ee932688218,2026-05-18T23:15:00Z,2026-05-19T01:15:00+0200,250.48,MW,DE,DE_LU,forecast_offshore_wind_generation,Wind Offshore,2026-06-13T19:07:25Z
2026-06-13T19:05:16Z,2026-06-13T21:05:16+0200,9460a2c8-fa12-4ac2-aa07-8ee932688218,2026-05-18T23:30:00Z,2026-05-19T01:30:00+0200,244.12,MW,DE,DE_LU,forecast_offshore_wind_generation,Wind Offshore,2026-06-13T19:07:25Z
2026-06-13T19:05:16Z,2026-06-13T21:05:16+0200,9460a2c8-fa12-4ac2-aa07-8ee932688218,2026-05-18T23:45:00Z,2026-05-19T01:45:00+0200,234.78,MW,DE,DE_LU,forecast_offshore_wind_generation,Wind Offshore,2026-06-13T19:07:25Z
2026-06-13T19:05:16Z,2026-06-13T21:05:16+0200,9460a2c8-fa12-4ac2-aa07-8ee932688218,2026-05-19T00:00:00Z,2026-05-19T02:00:00+0200,230.92,MW,DE,DE_LU,forecast_offshore_wind_generation,Wind Offshore,2026-06-13T19:07:25Z
2026-06-13T19:05:16Z,2026-06-13T21:05:16+0200,9460a2c8-fa12-4ac2-aa07-8ee932688218,2026-05-19T00:15:00Z,2026-05-19T02:15:00+0200,225.86,MW,DE,DE_LU,forecast_offshore_wind_generation,Wind Offshore,2026-06-13T19:07:25Z
2026-06-13T19:05:16Z,2026-06-13T21:05:16+0200,9460a2c8-fa12-4ac2-aa07-8ee932688218,2026-05-19T00:30:00Z,2026-05-19T02:30:00+0200,225.96,MW,DE,DE_LU,forecast_offshore_wind_generation,Wind Offshore,2026-06-13T19:07:25Z
2026-06-13T19:05:16Z,2026-06-13T21:05:16+0200,9460a2c8-fa12-4ac2-aa07-8ee932688218,2026-05-19T00:45:00Z,2026-05-19T02:45:00+0200,221.2,MW,DE,DE_LU,forecast_offshore_wind_generation,Wind Offshore,2026-06-13T19:07:25Z
2026-06-13T19:05:16Z,2026-06-13T21:05:16+0200,9460a2c8-fa12-4ac2-aa07-8ee932688218,2026-05-19T01:00:00Z,2026-05-19T03:00:00+0200,218.69,MW,DE,DE_LU,forecast_offshore_wind_generation,Wind Offshore,2026-06-13T19:07:25Z
2026-06-13T19:05:16Z,2026-06-13T21:05:16+0200,9460a2c8-fa12-4ac2-aa07-8ee932688218,2026-05-19T01:15:00Z,2026-05-19T03:15:00+0200,222.44,MW,DE,DE_LU,forecast_offshore_wind_generation,Wind Offshore,2026-06-13T19:07:25Z
2026-06-13T19:05:16Z,2026-06-13T21:05:16+0200,9460a2c8-fa12-4ac2-aa07-8ee932688218,2026-05-19T01:30:00Z,2026-05-19T03:30:00+0200,224.2,MW,DE,DE_LU,forecast_offshore_wind_generation,Wind Offshore,2026-06-13T19:07:25Z
2026-06-13T19:05:16Z,2026-06-13T21:05:16+0200,9460a2c8-fa12-4ac2-aa07-8ee932688218,2026-05-19T01:45:00Z,2026-05-19T03:45:00+0200,227.02,MW,DE,DE_LU,forecast_offshore_wind_generation,Wind Offshore,2026-06-13T19:07:25Z
2026-06-13T19:05:16Z,2026-06-13T21:05:16+0200,9460a2c8-fa12-4ac2-aa07-8ee932688218,2026-05-19T02:00:00Z,2026-05-19T04:00:00+0200,232.37,MW,DE,DE_LU,forecast_offshore_wind_generation,Wind Offshore,2026-06-13T19:07:25Z
2026-06-13T19:05:16Z,2026-06-13T21:05:16+0200,9460a2c8-fa12-4ac2-aa07-8ee932688218,2026-05-19T02:15:00Z,2026-05-19T04:15:00+0200,239.97,MW,DE,DE_LU,forecast_offshore_wind_generation,Wind Offshore,2026-06-13T19:07:25Z
2026-06-13T19:05:16Z,2026-06-13T21:05:16+0200,9460a2c8-fa12-4ac2-aa07-8ee932688218,2026-05-19T02:30:00Z,2026-05-19T04:30:00+0200,252.58,MW,DE,DE_LU,forecast_offshore_wind_generation,Wind Offshore,2026-06-13T19:07:25Z
2026-06-13T19:05:16Z,2026-06-13T21:05:16+0200,9460a2c8-fa12-4ac2-aa07-8ee932688218,2026-05-19T02:45:00Z,2026-05-19T04:45:00+0200,257.21,MW,DE,DE_LU,forecast_offshore_wind_generation,Wind Offshore,2026-06-13T19:07:25Z
2026-06-13T19:05:16Z,2026-06-13T21:05:16+0200,9460a2c8-fa12-4ac2-aa07-8ee932688218,2026-05-19T03:00:00Z,2026-05-19T05:00:00+0200,266.6,MW,DE,DE_LU,forecast_offshore_wind_generation,Wind Offshore,2026-06-13T19:07:25Z
2026-06-13T19:05:16Z,2026-06-13T21:05:16+0200,9460a2c8-fa12-4ac2-aa07-8ee932688218,2026-05-19T03:15:00Z,2026-05-19T05:15:00+0200,275.11,MW,DE,DE_LU,forecast_offshore_wind_generation,Wind Offshore,2026-06-13T19:07:25Z
2026-06-13T19:05:16Z,2026-06-13T21:05:16+0200,9460a2c8-fa12-4ac2-aa07-8ee932688218,2026-05-19T03:30:00Z,2026-05-19T05:30:00+0200,278.83,MW,DE,DE_LU,forecast_offshore_wind_generation,Wind Offshore,2026-06-13T19:07:25Z
2026-06-13T19:05:16Z,2026-06-13T21:05:16+0200,9460a2c8-fa12-4ac2-aa07-8ee932688218,2026-05-19T03:45:00Z,2026-05-19T05:45:00+0200,285.56,MW,DE,DE_LU,forecast_offshore_wind_generation,Wind Offshore,2026-06-13T19:07:25Z
2026-06-13T19:05:16Z,2026-06-13T21:05:16+0200,9460a2c8-fa12-4ac2-aa07-8ee932688218,2026-05-19T04:00:00Z,2026-05-19T06:00:00+0200,289.16,MW,DE,DE_LU,forecast_offshore_wind_generation,Wind Offshore,2026-06-13T19:07:25Z
2026-06-13T19:05:16Z,2026-06-13T21:05:16+0200,9460a2c8-fa12-4ac2-aa07-8ee932688218,2026-05-19T04:15:00Z,2026-05-19T06:15:00+0200,305.11,MW,DE,DE_LU,forecast_offshore_wind_generation,Wind Offshore,2026-06-13T19:07:25Z
2026-06-13T19:05:16Z,2026-06-13T21:05:16+0200,9460a2c8-fa12-4ac2-aa07-8ee932688218,2026-05-19T04:30:00Z,2026-05-19T06:30:00+0200,319.05,MW,DE,DE_LU,forecast_offshore_wind_generation,Wind Offshore,2026-06-13T19:07:25Z
2026-06-13T19:05:16Z,2026-06-13T21:05:16+0200,9460a2c8-fa12-4ac2-aa07-8ee932688218,2026-05-19T04:45:00Z,2026-05-19T06:45:00+0200,330.28,MW,DE,DE_LU,forecast_offshore_wind_generation,Wind Offshore,2026-06-13T19:07:25Z
2026-06-13T19:05:16Z,2026-06-13T21:05:16+0200,9460a2c8-fa12-4ac2-aa07-8ee932688218,2026-05-19T05:00:00Z,2026-05-19T07:00:00+0200,346.48,MW,DE,DE_LU,forecast_offshore_wind_generation,Wind Offshore,2026-06-13T19:07:25Z
2026-06-13T19:05:16Z,2026-06-13T21:05:16+0200,9460a2c8-fa12-4ac2-aa07-8ee932688218,2026-05-19T05:15:00Z,2026-05-19T07:15:00+0200,360.86,MW,DE,DE_LU,forecast_offshore_wind_generation,Wind Offshore,2026-06-13T19:07:25Z
2026-06-13T19:05:16Z,2026-06-13T21:05:16+0200,9460a2c8-fa12-4ac2-aa07-8ee932688218,2026-05-19T05:30:00Z,2026-05-19T07:30:00+0200,373.3,MW,DE,DE_LU,forecast_offshore_wind_generation,Wind Offshore,2026-06-13T19:07:25Z
2026-06-13T19:05:16Z,2026-06-13T21:05:16+0200,9460a2c8-fa12-4ac2-aa07-8ee932688218,2026-05-19T05:45:00Z,2026-05-19T07:45:00+0200,390.72,MW,DE,DE_LU,forecast_offshore_wind_generation,Wind Offshore,2026-06-13T19:07:25Z
2026-06-13T19:05:16Z,2026-06-13T21:05:16+0200,9460a2c8-fa12-4ac2-aa07-8ee932688218,2026-05-19T06:00:00Z,2026-05-19T08:00:00+0200,410.26,MW,DE,DE_LU,forecast_offshore_wind_generation,Wind Offshore,2026-06-13T19:07:25Z
2026-06-13T19:05:16Z,2026-06-13T21:05:16+0200,9460a2c8-fa12-4ac2-aa07-8ee932688218,2026-05-19T06:15:00Z,2026-05-19T08:15:00+0200,428.93,MW,DE,DE_LU,forecast_offshore_wind_generation,Wind Offshore,2026-06-13T19:07:25Z
2026-06-13T19:05:16Z,2026-06-13T21:05:16+0200,9460a2c8-fa12-4ac2-aa07-8ee932688218,2026-05-19T06:30:00Z,2026-05-19T08:30:00+0200,448.65,MW,DE,DE_LU,forecast_offshore_wind_generation,Wind Offshore,2026-06-13T19:07:25Z
2026-06-13T19:05:16Z,2026-06-13T21:05:16+0200,9460a2c8-fa12-4ac2-aa07-8ee932688218,2026-05-19T06:45:00Z,2026-05-19T08:45:00+0200,470.38,MW,DE,DE_LU,forecast_offshore_wind_generation,Wind Offshore,2026-06-13T19:07:25Z
2026-06-13T19:05:16Z,2026-06-13T21:05:16+0200,9460a2c8-fa12-4ac2-aa07-8ee932688218,2026-05-19T07:00:00Z,2026-05-19T09:00:00+0200,480.24,MW,DE,DE_LU,forecast_offshore_wind_generation,Wind Offshore,2026-06-13T19:07:25Z
2026-06-13T19:05:16Z,2026-06-13T21:05:16+0200,9460a2c8-fa12-4ac2-aa07-8ee932688218,2026-05-19T07:15:00Z,2026-05-19T09:15:00+0200,499.87,MW,DE,DE_LU,forecast_offshore_wind_generation,Wind Offshore,2026-06-13T19:07:25Z
2026-06-13T19:05:16Z,2026-06-13T21:05:16+0200,9460a2c8-fa12-4ac2-aa07-8ee932688218,2026-05-19T07:30:00Z,2026-05-19T09:30:00+0200,515.5,MW,DE,DE_LU,forecast_offshore_wind_generation,Wind Offshore,2026-06-13T19:07:25Z
2026-06-13T19:05:16Z,2026-06-13T21:05:16+0200,9460a2c8-fa12-4ac2-aa07-8ee932688218,2026-05-19T07:45:00Z,2026-05-19T09:45:00+0200,536.18,MW,DE,DE_LU,forecast_offshore_wind_generation,Wind Offshore,2026-06-13T19:07:25Z
2026-06-13T19:05:16Z,2026-06-13T21:05:16+0200,9460a2c8-fa12-4ac2-aa07-8ee932688218,2026-05-19T08:00:00Z,2026-05-19T10:00:00+0200,554.92,MW,DE,DE_LU,forecast_offshore_wind_generation,Wind Offshore,2026-06-13T19:07:25Z
2026-06-13T19:05:16Z,2026-06-13T21:05:16+0200,9460a2c8-fa12-4ac2-aa07-8ee932688218,2026-05-19T08:15:00Z,2026-05-19T10:15:00+0200,574.9,MW,DE,DE_LU,forecast_offshore_wind_generation,Wind Offshore,2026-06-13T19:07:25Z
2026-06-13T19:05:16Z,2026-06-13T21:05:16+0200,9460a2c8-fa12-4ac2-aa07-8ee932688218,2026-05-19T08:30:00Z,2026-05-19T10:30:00+0200,602.94,MW,DE,DE_LU,forecast_offshore_wind_generation,Wind Offshore,2026-06-13T19:07:25Z
2026-06-13T19:05:16Z,2026-06-13T21:05:16+0200,9460a2c8-fa12-4ac2-aa07-8ee932688218,2026-05-19T08:45:00Z,2026-05-19T10:45:00+0200,623.92,MW,DE,DE_LU,forecast_offshore_wind_generation,Wind Offshore,2026-06-13T19:07:25Z
2026-06-13T19:05:16Z,2026-06-13T21:05:16+0200,9460a2c8-fa12-4ac2-aa07-8ee932688218,2026-05-19T09:00:00Z,2026-05-19T11:00:00+0200,677.06,MW,DE,DE_LU,forecast_offshore_wind_generation,Wind Offshore,2026-06-13T19:07:25Z
2026-06-13T19:05:16Z,2026-06-13T21:05:16+0200,9460a2c8-fa12-4ac2-aa07-8ee932688218,2026-05-19T09:15:00Z,2026-05-19T11:15:00+0200,709.78,MW,DE,DE_LU,forecast_offshore_wind_generation,Wind Offshore,2026-06-13T19:07:25Z
2026-06-13T19:05:16Z,2026-06-13T21:05:16+0200,9460a2c8-fa12-4ac2-aa07-8ee932688218,2026-05-19T09:30:00Z,2026-05-19T11:30:00+0200,748.48,MW,DE,DE_LU,forecast_offshore_wind_generation,Wind Offshore,2026-06-13T19:07:25Z
2026-06-13T19:05:16Z,2026-06-13T21:05:16+0200,9460a2c8-fa12-4ac2-aa07-8ee932688218,2026-05-19T09:45:00Z,2026-05-19T11:45:00+0200,777.17,MW,DE,DE_LU,forecast_offshore_wind_generation,Wind Offshore,2026-06-13T19:07:25Z
2026-06-13T19:05:16Z,2026-06-13T21:05:16+0200,9460a2c8-fa12-4ac2-aa07-8ee932688218,2026-05-19T10:00:00Z,2026-05-19T12:00:00+0200,815.81,MW,DE,DE_LU,forecast_offshore_wind_generation,Wind Offshore,2026-06-13T19:07:25Z
2026-06-13T19:05:16Z,2026-06-13T21:05:16+0200,9460a2c8-fa12-4ac2-aa07-8ee932688218,2026-05-19T10:15:00Z,2026-05-19T12:15:00+0200,852.17,MW,DE,DE_LU,forecast_offshore_wind_generation,Wind Offshore,2026-06-13T19:07:25Z
2026-06-13T19:05:16Z,2026-06-13T21:05:16+0200,9460a2c8-fa12-4ac2-aa07-8ee932688218,2026-05-19T10:30:00Z,2026-05-19T12:30:00+0200,888.55,MW,DE,DE_LU,forecast_offshore_wind_generation,Wind Offshore,2026-06-13T19:07:25Z
2026-06-13T19:05:16Z,2026-06-13T21:05:16+0200,9460a2c8-fa12-4ac2-aa07-8ee932688218,2026-05-19T10:45:00Z,2026-05-19T12:45:00+0200,923.95,MW,DE,DE_LU,forecast_offshore_wind_generation,Wind Offshore,2026-06-13T19:07:25Z
2026-06-13T19:05:16Z,2026-06-13T21:05:16+0200,9460a2c8-fa12-4ac2-aa07-8ee932688218,2026-05-19T11:00:00Z,2026-05-19T13:00:00+0200,958.34,MW,DE,DE_LU,forecast_offshore_wind_generation,Wind Offshore,2026-06-13T19:07:25Z
2026-06-13T19:05:16Z,2026-06-13T21:05:16+0200,9460a2c8-fa12-4ac2-aa07-8ee932688218,2026-05-19T11:15:00Z,2026-05-19T13:15:00+0200,994.77,MW,DE,DE_LU,forecast_offshore_wind_generation,Wind Offshore,2026-06-13T19:07:25Z
2026-06-13T19:05:16Z,2026-06-13T21:05:16+0200,9460a2c8-fa12-4ac2-aa07-8ee932688218,2026-05-19T11:30:00Z,2026-05-19T13:30:00+0200,1031.19,MW,DE,DE_LU,forecast_offshore_wind_generation,Wind Offshore,2026-06-13T19:07:25Z
2026-06-13T19:05:16Z,2026-06-13T21:05:16+0200,9460a2c8-fa12-4ac2-aa07-8ee932688218,2026-05-19T11:45:00Z,2026-05-19T13:45:00+0200,1066.6,MW,DE,DE_LU,forecast_offshore_wind_generation,Wind Offshore,2026-06-13T19:07:25Z
2026-06-13T19:05:16Z,2026-06-13T21:05:16+0200,9460a2c8-fa12-4ac2-aa07-8ee932688218,2026-05-19T12:00:00Z,2026-05-19T14:00:00+0200,1101.05,MW,DE,DE_LU,forecast_offshore_wind_generation,Wind Offshore,2026-06-13T19:07:25Z
2026-06-13T19:05:16Z,2026-06-13T21:05:16+0200,9460a2c8-fa12-4ac2-aa07-8ee932688218,2026-05-19T12:15:00Z,2026-05-19T14:15:00+0200,1124.38,MW,DE,DE_LU,forecast_offshore_wind_generation,Wind Offshore,2026-06-13T19:07:25Z
2026-06-13T19:05:16Z,2026-06-13T21:05:16+0200,9460a2c8-fa12-4ac2-aa07-8ee932688218,2026-05-19T12:30:00Z,2026-05-19T14:30:00+0200,1151.73,MW,DE,DE_LU,forecast_offshore_wind_generation,Wind Offshore,2026-06-13T19:07:25Z
2026-06-13T19:05:16Z,2026-06-13T21:05:16+0200,9460a2c8-fa12-4ac2-aa07-8ee932688218,2026-05-19T12:45:00Z,2026-05-19T14:45:00+0200,1177.05,MW,DE,DE_LU,forecast_offshore_wind_generation,Wind Offshore,2026-06-13T19:07:25Z
2026-06-13T19:05:16Z,2026-06-13T21:05:16+0200,9460a2c8-fa12-4ac2-aa07-8ee932688218,2026-05-19T13:00:00Z,2026-05-19T15:00:00+0200,1214.51,MW,DE,DE_LU,forecast_offshore_wind_generation,Wind Offshore,2026-06-13T19:07:25Z
2026-06-13T19:05:16Z,2026-06-13T21:05:16+0200,9460a2c8-fa12-4ac2-aa07-8ee932688218,2026-05-19T13:15:00Z,2026-05-19T15:15:00+0200,1246.55,MW,DE,DE_LU,forecast_offshore_wind_generation,Wind Offshore,2026-06-13T19:07:25Z
2026-06-13T19:05:16Z,2026-06-13T21:05:16+0200,9460a2c8-fa12-4ac2-aa07-8ee932688218,2026-05-19T13:30:00Z,2026-05-19T15:30:00+0200,1279.6,MW,DE,DE_LU,forecast_offshore_wind_generation,Wind Offshore,2026-06-13T19:07:25Z
2026-06-13T19:05:16Z,2026-06-13T21:05:16+0200,9460a2c8-fa12-4ac2-aa07-8ee932688218,2026-05-19T13:45:00Z,2026-05-19T15:45:00+0200,1318.65,MW,DE,DE_LU,forecast_offshore_wind_generation,Wind Offshore,2026-06-13T19:07:25Z
2026-06-13T19:05:16Z,2026-06-13T21:05:16+0200,9460a2c8-fa12-4ac2-aa07-8ee932688218,2026-05-19T14:00:00Z,2026-05-19T16:00:00+0200,1360.93,MW,DE,DE_LU,forecast_offshore_wind_generation,Wind Offshore,2026-06-13T19:07:25Z
2026-06-13T19:05:16Z,2026-06-13T21:05:16+0200,9460a2c8-fa12-4ac2-aa07-8ee932688218,2026-05-19T14:15:00Z,2026-05-19T16:15:00+0200,1409.47,MW,DE,DE_LU,forecast_offshore_wind_generation,Wind Offshore,2026-06-13T19:07:25Z
2026-06-13T19:05:16Z,2026-06-13T21:05:16+0200,9460a2c8-fa12-4ac2-aa07-8ee932688218,2026-05-19T14:30:00Z,2026-05-19T16:30:00+0200,1453.01,MW,DE,DE_LU,forecast_offshore_wind_generation,Wind Offshore,2026-06-13T19:07:25Z
2026-06-13T19:05:16Z,2026-06-13T21:05:16+0200,9460a2c8-fa12-4ac2-aa07-8ee932688218,2026-05-19T14:45:00Z,2026-05-19T16:45:00+0200,1529.52,MW,DE,DE_LU,forecast_offshore_wind_generation,Wind Offshore,2026-06-13T19:07:25Z
2026-06-13T19:05:16Z,2026-06-13T21:05:16+0200,9460a2c8-fa12-4ac2-aa07-8ee932688218,2026-05-19T15:00:00Z,2026-05-19T17:00:00+0200,1571.39,MW,DE,DE_LU,forecast_offshore_wind_generation,Wind Offshore,2026-06-13T19:07:25Z
2026-06-13T19:05:16Z,2026-06-13T21:05:16+0200,9460a2c8-fa12-4ac2-aa07-8ee932688218,2026-05-19T15:15:00Z,2026-05-19T17:15:00+0200,1625.63,MW,DE,DE_LU,forecast_offshore_wind_generation,Wind Offshore,2026-06-13T19:07:25Z
2026-06-13T19:05:16Z,2026-06-13T21:05:16+0200,9460a2c8-fa12-4ac2-aa07-8ee932688218,2026-05-19T15:30:00Z,2026-05-19T17:30:00+0200,1672.76,MW,DE,DE_LU,forecast_offshore_wind_generation,Wind Offshore,2026-06-13T19:07:25Z
2026-06-13T19:05:16Z,2026-06-13T21:05:16+0200,9460a2c8-fa12-4ac2-aa07-8ee932688218,2026-05-19T15:45:00Z,2026-05-19T17:45:00+0200,1720.97,MW,DE,DE_LU,forecast_offshore_wind_generation,Wind Offshore,2026-06-13T19:07:25Z
2026-06-13T19:05:16Z,2026-06-13T21:05:16+0200,9460a2c8-fa12-4ac2-aa07-8ee932688218,2026-05-19T16:00:00Z,2026-05-19T18:00:00+0200,1773.64,MW,DE,DE_LU,forecast_offshore_wind_generation,Wind Offshore,2026-06-13T19:07:25Z
2026-06-13T19:05:16Z,2026-06-13T21:05:16+0200,9460a2c8-fa12-4ac2-aa07-8ee932688218,2026-05-19T16:15:00Z,2026-05-19T18:15:00+0200,1847.3,MW,DE,DE_LU,forecast_offshore_wind_generation,Wind Offshore,2026-06-13T19:07:25Z
2026-06-13T19:05:16Z,2026-06-13T21:05:16+0200,9460a2c8-fa12-4ac2-aa07-8ee932688218,2026-05-19T16:30:00Z,2026-05-19T18:30:00+0200,1919.0,MW,DE,DE_LU,forecast_offshore_wind_generation,Wind Offshore,2026-06-13T19:07:25Z
2026-06-13T19:05:16Z,2026-06-13T21:05:16+0200,9460a2c8-fa12-4ac2-aa07-8ee932688218,2026-05-19T16:45:00Z,2026-05-19T18:45:00+0200,1989.71,MW,DE,DE_LU,forecast_offshore_wind_generation,Wind Offshore,2026-06-13T19:07:25Z
2026-06-13T19:05:16Z,2026-06-13T21:05:16+0200,9460a2c8-fa12-4ac2-aa07-8ee932688218,2026-05-19T17:00:00Z,2026-05-19T19:00:00+0200,2063.28,MW,DE,DE_LU,forecast_offshore_wind_generation,Wind Offshore,2026-06-13T19:07:25Z
2026-06-13T19:05:16Z,2026-06-13T21:05:16+0200,9460a2c8-fa12-4ac2-aa07-8ee932688218,2026-05-19T17:15:00Z,2026-05-19T19:15:00+0200,2157.22,MW,DE,DE_LU,forecast_offshore_wind_generation,Wind Offshore,2026-06-13T19:07:25Z
2026-06-13T19:05:16Z,2026-06-13T21:05:16+0200,9460a2c8-fa12-4ac2-aa07-8ee932688218,2026-05-19T17:30:00Z,2026-05-19T19:30:00+0200,2244.23,MW,DE,DE_LU,forecast_offshore_wind_generation,Wind Offshore,2026-06-13T19:07:25Z
2026-06-13T19:05:16Z,2026-06-13T21:05:16+0200,9460a2c8-fa12-4ac2-aa07-8ee932688218,2026-05-19T17:45:00Z,2026-05-19T19:45:00+0200,2329.25,MW,DE,DE_LU,forecast_offshore_wind_generation,Wind Offshore,2026-06-13T19:07:25Z
2026-06-13T19:05:16Z,2026-06-13T21:05:16+0200,9460a2c8-fa12-4ac2-aa07-8ee932688218,2026-05-19T18:00:00Z,2026-05-19T20:00:00+0200,2418.75,MW,DE,DE_LU,forecast_offshore_wind_generation,Wind Offshore,2026-06-13T19:07:25Z
2026-06-13T19:05:16Z,2026-06-13T21:05:16+0200,9460a2c8-fa12-4ac2-aa07-8ee932688218,2026-05-19T18:15:00Z,2026-05-19T20:15:00+0200,2552.16,MW,DE,DE_LU,forecast_offshore_wind_generation,Wind Offshore,2026-06-13T19:07:25Z
2026-06-13T19:05:16Z,2026-06-13T21:05:16+0200,9460a2c8-fa12-4ac2-aa07-8ee932688218,2026-05-19T18:30:00Z,2026-05-19T20:30:00+0200,2684.61,MW,DE,DE_LU,forecast_offshore_wind_generation,Wind Offshore,2026-06-13T19:07:25Z
2026-06-13T19:05:16Z,2026-06-13T21:05:16+0200,9460a2c8-fa12-4ac2-aa07-8ee932688218,2026-05-19T18:45:00Z,2026-05-19T20:45:00+0200,2817.25,MW,DE,DE_LU,forecast_offshore_wind_generation,Wind Offshore,2026-06-13T19:07:25Z
2026-06-13T19:05:16Z,2026-06-13T21:05:16+0200,9460a2c8-fa12-4ac2-aa07-8ee932688218,2026-05-19T19:00:00Z,2026-05-19T21:00:00+0200,2943.05,MW,DE,DE_LU,forecast_offshore_wind_generation,Wind Offshore,2026-06-13T19:07:25Z
2026-06-13T19:05:16Z,2026-06-13T21:05:16+0200,9460a2c8-fa12-4ac2-aa07-8ee932688218,2026-05-19T19:15:00Z,2026-05-19T21:15:00+0200,3080.8,MW,DE,DE_LU,forecast_offshore_wind_generation,Wind Offshore,2026-06-13T19:07:25Z
2026-06-13T19:05:16Z,2026-06-13T21:05:16+0200,9460a2c8-fa12-4ac2-aa07-8ee932688218,2026-05-19T19:30:00Z,2026-05-19T21:30:00+0200,3213.55,MW,DE,DE_LU,forecast_offshore_wind_generation,Wind Offshore,2026-06-13T19:07:25Z
2026-06-13T19:05:16Z,2026-06-13T21:05:16+0200,9460a2c8-fa12-4ac2-aa07-8ee932688218,2026-05-19T19:45:00Z,2026-05-19T21:45:00+0200,3350.24,MW,DE,DE_LU,forecast_offshore_wind_generation,Wind Offshore,2026-06-13T19:07:25Z
2026-06-13T19:05:16Z,2026-06-13T21:05:16+0200,9460a2c8-fa12-4ac2-aa07-8ee932688218,2026-05-19T20:00:00Z,2026-05-19T22:00:00+0200,3478.36,MW,DE,DE_LU,forecast_offshore_wind_generation,Wind Offshore,2026-06-13T19:07:25Z
2026-06-13T19:05:16Z,2026-06-13T21:05:16+0200,9460a2c8-fa12-4ac2-aa07-8ee932688218,2026-05-19T20:15:00Z,2026-05-19T22:15:00+0200,3579.2,MW,DE,DE_LU,forecast_offshore_wind_generation,Wind Offshore,2026-06-13T19:07:25Z
2026-06-13T19:05:16Z,2026-06-13T21:05:16+0200,9460a2c8-fa12-4ac2-aa07-8ee932688218,2026-05-19T20:30:00Z,2026-05-19T22:30:00+0200,3678.03,MW,DE,DE_LU,forecast_offshore_wind_generation,Wind Offshore,2026-06-13T19:07:25Z
2026-06-13T19:05:16Z,2026-06-13T21:05:16+0200,9460a2c8-fa12-4ac2-aa07-8ee932688218,2026-05-19T20:45:00Z,2026-05-19T22:45:00+0200,3776.9,MW,DE,DE_LU,forecast_offshore_wind_generation,Wind Offshore,2026-06-13T19:07:25Z
2026-06-13T19:05:16Z,2026-06-13T21:05:16+0200,9460a2c8-fa12-4ac2-aa07-8ee932688218,2026-05-19T21:00:00Z,2026-05-19T23:00:00+0200,3871.23,MW,DE,DE_LU,forecast_offshore_wind_generation,Wind Offshore,2026-06-13T19:07:25Z
2026-06-13T19:05:16Z,2026-06-13T21:05:16+0200,9460a2c8-fa12-4ac2-aa07-8ee932688218,2026-05-19T21:15:00Z,2026-05-19T23:15:00+0200,3946.99,MW,DE,DE_LU,forecast_offshore_wind_generation,Wind Offshore,2026-06-13T19:07:25Z
2026-06-13T19:05:16Z,2026-06-13T21:05:16+0200,9460a2c8-fa12-4ac2-aa07-8ee932688218,2026-05-19T21:30:00Z,2026-05-19T23:30:00+0200,4028.75,MW,DE,DE_LU,forecast_offshore_wind_generation,Wind Offshore,2026-06-13T19:07:25Z
2026-06-13T19:05:16Z,2026-06-13T21:05:16+0200,9460a2c8-fa12-4ac2-aa07-8ee932688218,2026-05-19T21:45:00Z,2026-05-19T23:45:00+0200,4099.56,MW,DE,DE_LU,forecast_offshore_wind_generation,Wind Offshore,2026-06-13T19:07:25Z
2026-06-13T19:05:16Z,2026-06-13T21:05:16+0200,9460a2c8-fa12-4ac2-aa07-8ee932688218,2026-05-19T22:00:00Z,2026-05-20T00:00:00+0200,4316.66,MW,DE,DE_LU,forecast_offshore_wind_generation,Wind Offshore,2026-06-13T19:07:25Z
2026-06-13T19:05:16Z,2026-06-13T21:05:16+0200,9460a2c8-fa12-4ac2-aa07-8ee932688218,2026-05-19T22:15:00Z,2026-05-20T00:15:00+0200,4343.33,MW,DE,DE_LU,forecast_offshore_wind_generation,Wind Offshore,2026-06-13T19:07:25Z
2026-06-13T19:05:16Z,2026-06-13T21:05:16+0200,9460a2c8-fa12-4ac2-aa07-8ee932688218,2026-05-19T22:30:00Z,2026-05-20T00:30:00+0200,4373.0,MW,DE,DE_LU,forecast_offshore_wind_generation,Wind Offshore,2026-06-13T19:07:25Z
2026-06-13T19:05:16Z,2026-06-13T21:05:16+0200,9460a2c8-fa12-4ac2-aa07-8ee932688218,2026-05-19T22:45:00Z,2026-05-20T00:45:00+0200,4397.66,MW,DE,DE_LU,forecast_offshore_wind_generation,Wind Offshore,2026-06-13T19:07:25Z
2026-06-13T19:05:16Z,2026-06-13T21:05:16+0200,9460a2c8-fa12-4ac2-aa07-8ee932688218,2026-05-19T23:00:00Z,2026-05-20T01:00:00+0200,4418.4,MW,DE,DE_LU,forecast_offshore_wind_generation,Wind Offshore,2026-06-13T19:07:25Z
2026-06-13T19:05:16Z,2026-06-13T21:05:16+0200,9460a2c8-fa12-4ac2-aa07-8ee932688218,2026-05-19T23:15:00Z,2026-05-20T01:15:00+0200,4437.26,MW,DE,DE_LU,forecast_offshore_wind_generation,Wind Offshore,2026-06-13T19:07:25Z
2026-06-13T19:05:16Z,2026-06-13T21:05:16+0200,9460a2c8-fa12-4ac2-aa07-8ee932688218,2026-05-19T23:30:00Z,2026-05-20T01:30:00+0200,4451.22,MW,DE,DE_LU,forecast_offshore_wind_generation,Wind Offshore,2026-06-13T19:07:25Z
2026-06-13T19:05:16Z,2026-06-13T21:05:16+0200,9460a2c8-fa12-4ac2-aa07-8ee932688218,2026-05-19T23:45:00Z,2026-05-20T01:45:00+0200,4460.24,MW,DE,DE_LU,forecast_offshore_wind_generation,Wind Offshore,2026-06-13T19:07:25Z
2026-06-13T19:05:16Z,2026-06-13T21:05:16+0200,9460a2c8-fa12-4ac2-aa07-8ee932688218,2026-05-20T00:00:00Z,2026-05-20T02:00:00+0200,4462.33,MW,DE,DE_LU,forecast_offshore_wind_generation,Wind Offshore,2026-06-13T19:07:25Z
2026-06-13T19:05:16Z,2026-06-13T21:05:16+0200,9460a2c8-fa12-4ac2-aa07-8ee932688218,2026-05-20T00:15:00Z,2026-05-20T02:15:00+0200,4475.27,MW,DE,DE_LU,forecast_offshore_wind_generation,Wind Offshore,2026-06-13T19:07:25Z
2026-06-13T19:05:16Z,2026-06-13T21:05:16+0200,9460a2c8-fa12-4ac2-aa07-8ee932688218,2026-05-20T00:30:00Z,2026-05-20T02:30:00+0200,4484.21,MW,DE,DE_LU,forecast_offshore_wind_generation,Wind Offshore,2026-06-13T19:07:25Z
2026-06-13T19:05:16Z,2026-06-13T21:05:16+0200,9460a2c8-fa12-4ac2-aa07-8ee932688218,2026-05-20T00:45:00Z,2026-05-20T02:45:00+0200,4497.22,MW,DE,DE_LU,forecast_offshore_wind_generation,Wind Offshore,2026-06-13T19:07:25Z
2026-06-13T19:05:16Z,2026-06-13T21:05:16+0200,9460a2c8-fa12-4ac2-aa07-8ee932688218,2026-05-20T01:00:00Z,2026-05-20T03:00:00+0200,4501.83,MW,DE,DE_LU,forecast_offshore_wind_generation,Wind Offshore,2026-06-13T19:07:25Z
2026-06-13T19:05:16Z,2026-06-13T21:05:16+0200,9460a2c8-fa12-4ac2-aa07-8ee932688218,2026-05-20T01:15:00Z,2026-05-20T03:15:00+0200,4481.19,MW,DE,DE_LU,forecast_offshore_wind_generation,Wind Offshore,2026-06-13T19:07:25Z
2026-06-13T19:05:16Z,2026-06-13T21:05:16+0200,9460a2c8-fa12-4ac2-aa07-8ee932688218,2026-05-20T01:30:00Z,2026-05-20T03:30:00+0200,4464.57,MW,DE,DE_LU,forecast_offshore_wind_generation,Wind Offshore,2026-06-13T19:07:25Z
2026-06-13T19:05:16Z,2026-06-13T21:05:16+0200,9460a2c8-fa12-4ac2-aa07-8ee932688218,2026-05-20T01:45:00Z,2026-05-20T03:45:00+0200,4442.92,MW,DE,DE_LU,forecast_offshore_wind_generation,Wind Offshore,2026-06-13T19:07:25Z
2026-06-13T19:05:16Z,2026-06-13T21:05:16+0200,9460a2c8-fa12-4ac2-aa07-8ee932688218,2026-05-20T02:00:00Z,2026-05-20T04:00:00+0200,4414.34,MW,DE,DE_LU,forecast_offshore_wind_generation,Wind Offshore,2026-06-13T19:07:25Z
2026-06-13T19:05:16Z,2026-06-13T21:05:16+0200,9460a2c8-fa12-4ac2-aa07-8ee932688218,2026-05-20T02:15:00Z,2026-05-20T04:15:00+0200,4378.78,MW,DE,DE_LU,forecast_offshore_wind_generation,Wind Offshore,2026-06-13T19:07:25Z
2026-06-13T19:05:16Z,2026-06-13T21:05:16+0200,9460a2c8-fa12-4ac2-aa07-8ee932688218,2026-05-20T02:30:00Z,2026-05-20T04:30:00+0200,4341.24,MW,DE,DE_LU,forecast_offshore_wind_generation,Wind Offshore,2026-06-13T19:07:25Z
2026-06-13T19:05:16Z,2026-06-13T21:05:16+0200,9460a2c8-fa12-4ac2-aa07-8ee932688218,2026-05-20T02:45:00Z,2026-05-20T04:45:00+0200,4303.83,MW,DE,DE_LU,forecast_offshore_wind_generation,Wind Offshore,2026-06-13T19:07:25Z
2026-06-13T19:05:16Z,2026-06-13T21:05:16+0200,9460a2c8-fa12-4ac2-aa07-8ee932688218,2026-05-20T03:00:00Z,2026-05-20T05:00:00+0200,4267.41,MW,DE,DE_LU,forecast_offshore_wind_generation,Wind Offshore,2026-06-13T19:07:25Z
2026-06-13T19:05:16Z,2026-06-13T21:05:16+0200,9460a2c8-fa12-4ac2-aa07-8ee932688218,2026-05-20T03:15:00Z,2026-05-20T05:15:00+0200,4228.17,MW,DE,DE_LU,forecast_offshore_wind_generation,Wind Offshore,2026-06-13T19:07:25Z
2026-06-13T19:05:16Z,2026-06-13T21:05:16+0200,9460a2c8-fa12-4ac2-aa07-8ee932688218,2026-05-20T03:30:00Z,2026-05-20T05:30:00+0200,4192.94,MW,DE,DE_LU,forecast_offshore_wind_generation,Wind Offshore,2026-06-13T19:07:25Z
2026-06-13T19:05:16Z,2026-06-13T21:05:16+0200,9460a2c8-fa12-4ac2-aa07-8ee932688218,2026-05-20T03:45:00Z,2026-05-20T05:45:00+0200,4151.77,MW,DE,DE_LU,forecast_offshore_wind_generation,Wind Offshore,2026-06-13T19:07:25Z
2026-06-13T19:05:16Z,2026-06-13T21:05:16+0200,9460a2c8-fa12-4ac2-aa07-8ee932688218,2026-05-20T04:00:00Z,2026-05-20T06:00:00+0200,4121.27,MW,DE,DE_LU,forecast_offshore_wind_generation,Wind Offshore,2026-06-13T19:07:25Z
2026-06-13T19:05:16Z,2026-06-13T21:05:16+0200,9460a2c8-fa12-4ac2-aa07-8ee932688218,2026-05-20T04:15:00Z,2026-05-20T06:15:00+0200,4096.06,MW,DE,DE_LU,forecast_offshore_wind_generation,Wind Offshore,2026-06-13T19:07:25Z
2026-06-13T19:05:16Z,2026-06-13T21:05:16+0200,9460a2c8-fa12-4ac2-aa07-8ee932688218,2026-05-20T04:30:00Z,2026-05-20T06:30:00+0200,4071.89,MW,DE,DE_LU,forecast_offshore_wind_generation,Wind Offshore,2026-06-13T19:07:25Z
2026-06-13T19:05:16Z,2026-06-13T21:05:16+0200,9460a2c8-fa12-4ac2-aa07-8ee932688218,2026-05-20T04:45:00Z,2026-05-20T06:45:00+0200,4045.21,MW,DE,DE_LU,forecast_offshore_wind_generation,Wind Offshore,2026-06-13T19:07:25Z
2026-06-13T19:05:16Z,2026-06-13T21:05:16+0200,9460a2c8-fa12-4ac2-aa07-8ee932688218,2026-05-20T05:00:00Z,2026-05-20T07:00:00+0200,4012.65,MW,DE,DE_LU,forecast_offshore_wind_generation,Wind Offshore,2026-06-13T19:07:25Z
2026-06-13T19:05:16Z,2026-06-13T21:05:16+0200,9460a2c8-fa12-4ac2-aa07-8ee932688218,2026-05-20T05:15:00Z,2026-05-20T07:15:00+0200,4000.44,MW,DE,DE_LU,forecast_offshore_wind_generation,Wind Offshore,2026-06-13T19:07:25Z
2026-06-13T19:05:16Z,2026-06-13T21:05:16+0200,9460a2c8-fa12-4ac2-aa07-8ee932688218,2026-05-20T05:30:00Z,2026-05-20T07:30:00+0200,3982.24,MW,DE,DE_LU,forecast_offshore_wind_generation,Wind Offshore,2026-06-13T19:07:25Z
2026-06-13T19:05:16Z,2026-06-13T21:05:16+0200,9460a2c8-fa12-4ac2-aa07-8ee932688218,2026-05-20T05:45:00Z,2026-05-20T07:45:00+0200,3967.38,MW,DE,DE_LU,forecast_offshore_wind_generation,Wind Offshore,2026-06-13T19:07:25Z
2026-06-13T19:05:16Z,2026-06-13T21:05:16+0200,9460a2c8-fa12-4ac2-aa07-8ee932688218,2026-05-20T06:00:00Z,2026-05-20T08:00:00+0200,3933.5,MW,DE,DE_LU,forecast_offshore_wind_generation,Wind Offshore,2026-06-13T19:07:25Z
2026-06-13T19:05:16Z,2026-06-13T21:05:16+0200,9460a2c8-fa12-4ac2-aa07-8ee932688218,2026-05-20T06:15:00Z,2026-05-20T08:15:00+0200,3883.61,MW,DE,DE_LU,forecast_offshore_wind_generation,Wind Offshore,2026-06-13T19:07:25Z
2026-06-13T19:05:16Z,2026-06-13T21:05:16+0200,9460a2c8-fa12-4ac2-aa07-8ee932688218,2026-05-20T06:30:00Z,2026-05-20T08:30:00+0200,3835.72,MW,DE,DE_LU,forecast_offshore_wind_generation,Wind Offshore,2026-06-13T19:07:25Z
2026-06-13T19:05:16Z,2026-06-13T21:05:16+0200,9460a2c8-fa12-4ac2-aa07-8ee932688218,2026-05-20T06:45:00Z,2026-05-20T08:45:00+0200,3786.73,MW,DE,DE_LU,forecast_offshore_wind_generation,Wind Offshore,2026-06-13T19:07:25Z
2026-06-13T19:05:16Z,2026-06-13T21:05:16+0200,9460a2c8-fa12-4ac2-aa07-8ee932688218,2026-05-20T07:00:00Z,2026-05-20T09:00:00+0200,3715.83,MW,DE,DE_LU,forecast_offshore_wind_generation,Wind Offshore,2026-06-13T19:07:25Z
2026-06-13T19:05:16Z,2026-06-13T21:05:16+0200,9460a2c8-fa12-4ac2-aa07-8ee932688218,2026-05-20T07:15:00Z,2026-05-20T09:15:00+0200,3651.74,MW,DE,DE_LU,forecast_offshore_wind_generation,Wind Offshore,2026-06-13T19:07:25Z
2026-06-13T19:05:16Z,2026-06-13T21:05:16+0200,9460a2c8-fa12-4ac2-aa07-8ee932688218,2026-05-20T07:30:00Z,2026-05-20T09:30:00+0200,3590.67,MW,DE,DE_LU,forecast_offshore_wind_generation,Wind Offshore,2026-06-13T19:07:25Z
2026-06-13T19:05:16Z,2026-06-13T21:05:16+0200,9460a2c8-fa12-4ac2-aa07-8ee932688218,2026-05-20T07:45:00Z,2026-05-20T09:45:00+0200,3525.47,MW,DE,DE_LU,forecast_offshore_wind_generation,Wind Offshore,2026-06-13T19:07:25Z
2026-06-13T19:05:16Z,2026-06-13T21:05:16+0200,9460a2c8-fa12-4ac2-aa07-8ee932688218,2026-05-20T08:00:00Z,2026-05-20T10:00:00+0200,3455.87,MW,DE,DE_LU,forecast_offshore_wind_generation,Wind Offshore,2026-06-13T19:07:25Z
2026-06-13T19:05:16Z,2026-06-13T21:05:16+0200,9460a2c8-fa12-4ac2-aa07-8ee932688218,2026-05-20T08:15:00Z,2026-05-20T10:15:00+0200,3379.16,MW,DE,DE_LU,forecast_offshore_wind_generation,Wind Offshore,2026-06-13T19:07:25Z
2026-06-13T19:05:16Z,2026-06-13T21:05:16+0200,9460a2c8-fa12-4ac2-aa07-8ee932688218,2026-05-20T08:30:00Z,2026-05-20T10:30:00+0200,3297.49,MW,DE,DE_LU,forecast_offshore_wind_generation,Wind Offshore,2026-06-13T19:07:25Z
2026-06-13T19:05:16Z,2026-06-13T21:05:16+0200,9460a2c8-fa12-4ac2-aa07-8ee932688218,2026-05-20T08:45:00Z,2026-05-20T10:45:00+0200,3216.7,MW,DE,DE_LU,forecast_offshore_wind_generation,Wind Offshore,2026-06-13T19:07:25Z
2026-06-13T19:05:16Z,2026-06-13T21:05:16+0200,9460a2c8-fa12-4ac2-aa07-8ee932688218,2026-05-20T09:00:00Z,2026-05-20T11:00:00+0200,3138.99,MW,DE,DE_LU,forecast_offshore_wind_generation,Wind Offshore,2026-06-13T19:07:25Z
2026-06-13T19:05:16Z,2026-06-13T21:05:16+0200,9460a2c8-fa12-4ac2-aa07-8ee932688218,2026-05-20T09:15:00Z,2026-05-20T11:15:00+0200,3058.3,MW,DE,DE_LU,forecast_offshore_wind_generation,Wind Offshore,2026-06-13T19:07:25Z
2026-06-13T19:05:16Z,2026-06-13T21:05:16+0200,9460a2c8-fa12-4ac2-aa07-8ee932688218,2026-05-20T09:30:00Z,2026-05-20T11:30:00+0200,2971.62,MW,DE,DE_LU,forecast_offshore_wind_generation,Wind Offshore,2026-06-13T19:07:25Z
2026-06-13T19:05:16Z,2026-06-13T21:05:16+0200,9460a2c8-fa12-4ac2-aa07-8ee932688218,2026-05-20T09:45:00Z,2026-05-20T11:45:00+0200,2866.97,MW,DE,DE_LU,forecast_offshore_wind_generation,Wind Offshore,2026-06-13T19:07:25Z
2026-06-13T19:05:16Z,2026-06-13T21:05:16+0200,9460a2c8-fa12-4ac2-aa07-8ee932688218,2026-05-20T10:00:00Z,2026-05-20T12:00:00+0200,2792.74,MW,DE,DE_LU,forecast_offshore_wind_generation,Wind Offshore,2026-06-13T19:07:25Z
2026-06-13T19:05:16Z,2026-06-13T21:05:16+0200,9460a2c8-fa12-4ac2-aa07-8ee932688218,2026-05-20T10:15:00Z,2026-05-20T12:15:00+0200,2736.61,MW,DE,DE_LU,forecast_offshore_wind_generation,Wind Offshore,2026-06-13T19:07:25Z
2026-06-13T19:05:16Z,2026-06-13T21:05:16+0200,9460a2c8-fa12-4ac2-aa07-8ee932688218,2026-05-20T10:30:00Z,2026-05-20T12:30:00+0200,2683.49,MW,DE,DE_LU,forecast_offshore_wind_generation,Wind Offshore,2026-06-13T19:07:25Z
2026-06-13T19:05:16Z,2026-06-13T21:05:16+0200,9460a2c8-fa12-4ac2-aa07-8ee932688218,2026-05-20T10:45:00Z,2026-05-20T12:45:00+0200,2624.6,MW,DE,DE_LU,forecast_offshore_wind_generation,Wind Offshore,2026-06-13T19:07:25Z
2026-06-13T19:05:16Z,2026-06-13T21:05:16+0200,9460a2c8-fa12-4ac2-aa07-8ee932688218,2026-05-20T11:00:00Z,2026-05-20T13:00:00+0200,2571.1,MW,DE,DE_LU,forecast_offshore_wind_generation,Wind Offshore,2026-06-13T19:07:25Z
2026-06-13T19:05:16Z,2026-06-13T21:05:16+0200,9460a2c8-fa12-4ac2-aa07-8ee932688218,2026-05-20T11:15:00Z,2026-05-20T13:15:00+0200,2510.28,MW,DE,DE_LU,forecast_offshore_wind_generation,Wind Offshore,2026-06-13T19:07:25Z
2026-06-13T19:05:16Z,2026-06-13T21:05:16+0200,9460a2c8-fa12-4ac2-aa07-8ee932688218,2026-05-20T11:30:00Z,2026-05-20T13:30:00+0200,2471.48,MW,DE,DE_LU,forecast_offshore_wind_generation,Wind Offshore,2026-06-13T19:07:25Z
2026-06-13T19:05:16Z,2026-06-13T21:05:16+0200,9460a2c8-fa12-4ac2-aa07-8ee932688218,2026-05-20T11:45:00Z,2026-05-20T13:45:00+0200,2431.69,MW,DE,DE_LU,forecast_offshore_wind_generation,Wind Offshore,2026-06-13T19:07:25Z
2026-06-13T19:05:16Z,2026-06-13T21:05:16+0200,9460a2c8-fa12-4ac2-aa07-8ee932688218,2026-05-20T12:00:00Z,2026-05-20T14:00:00+0200,2404.23,MW,DE,DE_LU,forecast_offshore_wind_generation,Wind Offshore,2026-06-13T19:07:25Z
2026-06-13T19:05:16Z,2026-06-13T21:05:16+0200,9460a2c8-fa12-4ac2-aa07-8ee932688218,2026-05-20T12:15:00Z,2026-05-20T14:15:00+0200,2413.33,MW,DE,DE_LU,forecast_offshore_wind_generation,Wind Offshore,2026-06-13T19:07:25Z
2026-06-13T19:05:16Z,2026-06-13T21:05:16+0200,9460a2c8-fa12-4ac2-aa07-8ee932688218,2026-05-20T12:30:00Z,2026-05-20T14:30:00+0200,2418.54,MW,DE,DE_LU,forecast_offshore_wind_generation,Wind Offshore,2026-06-13T19:07:25Z
2026-06-13T19:05:16Z,2026-06-13T21:05:16+0200,9460a2c8-fa12-4ac2-aa07-8ee932688218,2026-05-20T12:45:00Z,2026-05-20T14:45:00+0200,2426.86,MW,DE,DE_LU,forecast_offshore_wind_generation,Wind Offshore,2026-06-13T19:07:25Z
2026-06-13T19:05:16Z,2026-06-13T21:05:16+0200,9460a2c8-fa12-4ac2-aa07-8ee932688218,2026-05-20T13:00:00Z,2026-05-20T15:00:00+0200,2446.79,MW,DE,DE_LU,forecast_offshore_wind_generation,Wind Offshore,2026-06-13T19:07:25Z
2026-06-13T19:05:16Z,2026-06-13T21:05:16+0200,9460a2c8-fa12-4ac2-aa07-8ee932688218,2026-05-20T13:15:00Z,2026-05-20T15:15:00+0200,2474.66,MW,DE,DE_LU,forecast_offshore_wind_generation,Wind Offshore,2026-06-13T19:07:25Z
2026-06-13T19:05:16Z,2026-06-13T21:05:16+0200,9460a2c8-fa12-4ac2-aa07-8ee932688218,2026-05-20T13:30:00Z,2026-05-20T15:30:00+0200,2505.56,MW,DE,DE_LU,forecast_offshore_wind_generation,Wind Offshore,2026-06-13T19:07:25Z
2026-06-13T19:05:16Z,2026-06-13T21:05:16+0200,9460a2c8-fa12-4ac2-aa07-8ee932688218,2026-05-20T13:45:00Z,2026-05-20T15:45:00+0200,2541.42,MW,DE,DE_LU,forecast_offshore_wind_generation,Wind Offshore,2026-06-13T19:07:25Z
2026-06-13T19:05:16Z,2026-06-13T21:05:16+0200,9460a2c8-fa12-4ac2-aa07-8ee932688218,2026-05-20T14:00:00Z,2026-05-20T16:00:00+0200,2565.37,MW,DE,DE_LU,forecast_offshore_wind_generation,Wind Offshore,2026-06-13T19:07:25Z
2026-06-13T19:05:16Z,2026-06-13T21:05:16+0200,9460a2c8-fa12-4ac2-aa07-8ee932688218,2026-05-20T14:15:00Z,2026-05-20T16:15:00+0200,2573.5,MW,DE,DE_LU,forecast_offshore_wind_generation,Wind Offshore,2026-06-13T19:07:25Z
2026-06-13T19:05:16Z,2026-06-13T21:05:16+0200,9460a2c8-fa12-4ac2-aa07-8ee932688218,2026-05-20T14:30:00Z,2026-05-20T16:30:00+0200,2581.58,MW,DE,DE_LU,forecast_offshore_wind_generation,Wind Offshore,2026-06-13T19:07:25Z
2026-06-13T19:05:16Z,2026-06-13T21:05:16+0200,9460a2c8-fa12-4ac2-aa07-8ee932688218,2026-05-20T14:45:00Z,2026-05-20T16:45:00+0200,2584.91,MW,DE,DE_LU,forecast_offshore_wind_generation,Wind Offshore,2026-06-13T19:07:25Z
2026-06-13T19:05:16Z,2026-06-13T21:05:16+0200,9460a2c8-fa12-4ac2-aa07-8ee932688218,2026-05-20T15:00:00Z,2026-05-20T17:00:00+0200,2582.38,MW,DE,DE_LU,forecast_offshore_wind_generation,Wind Offshore,2026-06-13T19:07:25Z
2026-06-13T19:05:16Z,2026-06-13T21:05:16+0200,9460a2c8-fa12-4ac2-aa07-8ee932688218,2026-05-20T15:15:00Z,2026-05-20T17:15:00+0200,2556.81,MW,DE,DE_LU,forecast_offshore_wind_generation,Wind Offshore,2026-06-13T19:07:25Z
2026-06-13T19:05:16Z,2026-06-13T21:05:16+0200,9460a2c8-fa12-4ac2-aa07-8ee932688218,2026-05-20T15:30:00Z,2026-05-20T17:30:00+0200,2550.3,MW,DE,DE_LU,forecast_offshore_wind_generation,Wind Offshore,2026-06-13T19:07:25Z
2026-06-13T19:05:16Z,2026-06-13T21:05:16+0200,9460a2c8-fa12-4ac2-aa07-8ee932688218,2026-05-20T15:45:00Z,2026-05-20T17:45:00+0200,2513.94,MW,DE,DE_LU,forecast_offshore_wind_generation,Wind Offshore,2026-06-13T19:07:25Z
2026-06-13T19:05:16Z,2026-06-13T21:05:16+0200,9460a2c8-fa12-4ac2-aa07-8ee932688218,2026-05-20T16:00:00Z,2026-05-20T18:00:00+0200,2472.04,MW,DE,DE_LU,forecast_offshore_wind_generation,Wind Offshore,2026-06-13T19:07:25Z
2026-06-13T19:05:16Z,2026-06-13T21:05:16+0200,9460a2c8-fa12-4ac2-aa07-8ee932688218,2026-05-20T16:15:00Z,2026-05-20T18:15:00+0200,2447.13,MW,DE,DE_LU,forecast_offshore_wind_generation,Wind Offshore,2026-06-13T19:07:25Z
2026-06-13T19:05:16Z,2026-06-13T21:05:16+0200,9460a2c8-fa12-4ac2-aa07-8ee932688218,2026-05-20T16:30:00Z,2026-05-20T18:30:00+0200,2415.19,MW,DE,DE_LU,forecast_offshore_wind_generation,Wind Offshore,2026-06-13T19:07:25Z
2026-06-13T19:05:16Z,2026-06-13T21:05:16+0200,9460a2c8-fa12-4ac2-aa07-8ee932688218,2026-05-20T16:45:00Z,2026-05-20T18:45:00+0200,2388.07,MW,DE,DE_LU,forecast_offshore_wind_generation,Wind Offshore,2026-06-13T19:07:25Z
2026-06-13T19:05:16Z,2026-06-13T21:05:16+0200,9460a2c8-fa12-4ac2-aa07-8ee932688218,2026-05-20T17:00:00Z,2026-05-20T19:00:00+0200,2366.44,MW,DE,DE_LU,forecast_offshore_wind_generation,Wind Offshore,2026-06-13T19:07:25Z
2026-06-13T19:05:16Z,2026-06-13T21:05:16+0200,9460a2c8-fa12-4ac2-aa07-8ee932688218,2026-05-20T17:15:00Z,2026-05-20T19:15:00+0200,2369.42,MW,DE,DE_LU,forecast_offshore_wind_generation,Wind Offshore,2026-06-13T19:07:25Z
2026-06-13T19:05:16Z,2026-06-13T21:05:16+0200,9460a2c8-fa12-4ac2-aa07-8ee932688218,2026-05-20T17:30:00Z,2026-05-20T19:30:00+0200,2370.36,MW,DE,DE_LU,forecast_offshore_wind_generation,Wind Offshore,2026-06-13T19:07:25Z
2026-06-13T19:05:16Z,2026-06-13T21:05:16+0200,9460a2c8-fa12-4ac2-aa07-8ee932688218,2026-05-20T17:45:00Z,2026-05-20T19:45:00+0200,2371.38,MW,DE,DE_LU,forecast_offshore_wind_generation,Wind Offshore,2026-06-13T19:07:25Z
2026-06-13T19:05:16Z,2026-06-13T21:05:16+0200,9460a2c8-fa12-4ac2-aa07-8ee932688218,2026-05-20T18:00:00Z,2026-05-20T20:00:00+0200,2379.38,MW,DE,DE_LU,forecast_offshore_wind_generation,Wind Offshore,2026-06-13T19:07:25Z
2026-06-13T19:05:16Z,2026-06-13T21:05:16+0200,9460a2c8-fa12-4ac2-aa07-8ee932688218,2026-05-20T18:15:00Z,2026-05-20T20:15:00+0200,2371.28,MW,DE,DE_LU,forecast_offshore_wind_generation,Wind Offshore,2026-06-13T19:07:25Z
2026-06-13T19:05:16Z,2026-06-13T21:05:16+0200,9460a2c8-fa12-4ac2-aa07-8ee932688218,2026-05-20T18:30:00Z,2026-05-20T20:30:00+0200,2357.19,MW,DE,DE_LU,forecast_offshore_wind_generation,Wind Offshore,2026-06-13T19:07:25Z
2026-06-13T19:05:16Z,2026-06-13T21:05:16+0200,9460a2c8-fa12-4ac2-aa07-8ee932688218,2026-05-20T18:45:00Z,2026-05-20T20:45:00+0200,2347.18,MW,DE,DE_LU,forecast_offshore_wind_generation,Wind Offshore,2026-06-13T19:07:25Z
2026-06-13T19:05:16Z,2026-06-13T21:05:16+0200,9460a2c8-fa12-4ac2-aa07-8ee932688218,2026-05-20T19:00:00Z,2026-05-20T21:00:00+0200,2337.11,MW,DE,DE_LU,forecast_offshore_wind_generation,Wind Offshore,2026-06-13T19:07:25Z
2026-06-13T19:05:16Z,2026-06-13T21:05:16+0200,9460a2c8-fa12-4ac2-aa07-8ee932688218,2026-05-20T19:15:00Z,2026-05-20T21:15:00+0200,2334.8,MW,DE,DE_LU,forecast_offshore_wind_generation,Wind Offshore,2026-06-13T19:07:25Z
2026-06-13T19:05:16Z,2026-06-13T21:05:16+0200,9460a2c8-fa12-4ac2-aa07-8ee932688218,2026-05-20T19:30:00Z,2026-05-20T21:30:00+0200,2327.5,MW,DE,DE_LU,forecast_offshore_wind_generation,Wind Offshore,2026-06-13T19:07:25Z
2026-06-13T19:05:16Z,2026-06-13T21:05:16+0200,9460a2c8-fa12-4ac2-aa07-8ee932688218,2026-05-20T19:45:00Z,2026-05-20T21:45:00+0200,2319.22,MW,DE,DE_LU,forecast_offshore_wind_generation,Wind Offshore,2026-06-13T19:07:25Z
2026-06-13T19:05:16Z,2026-06-13T21:05:16+0200,9460a2c8-fa12-4ac2-aa07-8ee932688218,2026-05-20T20:00:00Z,2026-05-20T22:00:00+0200,2317.6,MW,DE,DE_LU,forecast_offshore_wind_generation,Wind Offshore,2026-06-13T19:07:25Z
2026-06-13T19:05:16Z,2026-06-13T21:05:16+0200,9460a2c8-fa12-4ac2-aa07-8ee932688218,2026-05-20T20:15:00Z,2026-05-20T22:15:00+0200,2359.02,MW,DE,DE_LU,forecast_offshore_wind_generation,Wind Offshore,2026-06-13T19:07:25Z
2026-06-13T19:05:16Z,2026-06-13T21:05:16+0200,9460a2c8-fa12-4ac2-aa07-8ee932688218,2026-05-20T20:30:00Z,2026-05-20T22:30:00+0200,2397.46,MW,DE,DE_LU,forecast_offshore_wind_generation,Wind Offshore,2026-06-13T19:07:25Z
2026-06-13T19:05:16Z,2026-06-13T21:05:16+0200,9460a2c8-fa12-4ac2-aa07-8ee932688218,2026-05-20T20:45:00Z,2026-05-20T22:45:00+0200,2437.94,MW,DE,DE_LU,forecast_offshore_wind_generation,Wind Offshore,2026-06-13T19:07:25Z
2026-06-13T19:05:16Z,2026-06-13T21:05:16+0200,9460a2c8-fa12-4ac2-aa07-8ee932688218,2026-05-20T21:00:00Z,2026-05-20T23:00:00+0200,2479.08,MW,DE,DE_LU,forecast_offshore_wind_generation,Wind Offshore,2026-06-13T19:07:25Z
2026-06-13T19:05:16Z,2026-06-13T21:05:16+0200,9460a2c8-fa12-4ac2-aa07-8ee932688218,2026-05-20T21:15:00Z,2026-05-20T23:15:00+0200,2536.8,MW,DE,DE_LU,forecast_offshore_wind_generation,Wind Offshore,2026-06-13T19:07:25Z
2026-06-13T19:05:16Z,2026-06-13T21:05:16+0200,9460a2c8-fa12-4ac2-aa07-8ee932688218,2026-05-20T21:30:00Z,2026-05-20T23:30:00+0200,2593.59,MW,DE,DE_LU,forecast_offshore_wind_generation,Wind Offshore,2026-06-13T19:07:25Z
2026-06-13T19:05:16Z,2026-06-13T21:05:16+0200,9460a2c8-fa12-4ac2-aa07-8ee932688218,2026-05-20T21:45:00Z,2026-05-20T23:45:00+0200,2647.54,MW,DE,DE_LU,forecast_offshore_wind_generation,Wind Offshore,2026-06-13T19:07:25Z
2026-06-13T19:05:16Z,2026-06-13T21:05:16+0200,9460a2c8-fa12-4ac2-aa07-8ee932688218,2026-05-20T22:00:00Z,2026-05-21T00:00:00+0200,2367.23,MW,DE,DE_LU,forecast_offshore_wind_generation,Wind Offshore,2026-06-13T19:07:25Z
2026-06-13T19:05:16Z,2026-06-13T21:05:16+0200,9460a2c8-fa12-4ac2-aa07-8ee932688218,2026-05-20T22:15:00Z,2026-05-21T00:15:00+0200,2381.47,MW,DE,DE_LU,forecast_offshore_wind_generation,Wind Offshore,2026-06-13T19:07:25Z
2026-06-13T19:05:16Z,2026-06-13T21:05:16+0200,9460a2c8-fa12-4ac2-aa07-8ee932688218,2026-05-20T22:30:00Z,2026-05-21T00:30:00+0200,2394.96,MW,DE,DE_LU,forecast_offshore_wind_generation,Wind Offshore,2026-06-13T19:07:25Z
2026-06-13T19:05:16Z,2026-06-13T21:05:16+0200,9460a2c8-fa12-4ac2-aa07-8ee932688218,2026-05-20T22:45:00Z,2026-05-21T00:45:00+0200,2410.44,MW,DE,DE_LU,forecast_offshore_wind_generation,Wind Offshore,2026-06-13T19:07:25Z
2026-06-13T19:05:16Z,2026-06-13T21:05:16+0200,9460a2c8-fa12-4ac2-aa07-8ee932688218,2026-05-20T23:00:00Z,2026-05-21T01:00:00+0200,2428.4,MW,DE,DE_LU,forecast_offshore_wind_generation,Wind Offshore,2026-06-13T19:07:25Z
2026-06-13T19:05:16Z,2026-06-13T21:05:16+0200,9460a2c8-fa12-4ac2-aa07-8ee932688218,2026-05-20T23:15:00Z,2026-05-21T01:15:00+0200,2448.9,MW,DE,DE_LU,forecast_offshore_wind_generation,Wind Offshore,2026-06-13T19:07:25Z
2026-06-13T19:05:16Z,2026-06-13T21:05:16+0200,9460a2c8-fa12-4ac2-aa07-8ee932688218,2026-05-20T23:30:00Z,2026-05-21T01:30:00+0200,2462.52,MW,DE,DE_LU,forecast_offshore_wind_generation,Wind Offshore,2026-06-13T19:07:25Z
2026-06-13T19:05:16Z,2026-06-13T21:05:16+0200,9460a2c8-fa12-4ac2-aa07-8ee932688218,2026-05-20T23:45:00Z,2026-05-21T01:45:00+0200,2488.07,MW,DE,DE_LU,forecast_offshore_wind_generation,Wind Offshore,2026-06-13T19:07:25Z
2026-06-13T19:05:16Z,2026-06-13T21:05:16+0200,9460a2c8-fa12-4ac2-aa07-8ee932688218,2026-05-21T00:00:00Z,2026-05-21T02:00:00+0200,2502.01,MW,DE,DE_LU,forecast_offshore_wind_generation,Wind Offshore,2026-06-13T19:07:25Z
2026-06-13T19:05:16Z,2026-06-13T21:05:16+0200,9460a2c8-fa12-4ac2-aa07-8ee932688218,2026-05-21T00:15:00Z,2026-05-21T02:15:00+0200,2501.37,MW,DE,DE_LU,forecast_offshore_wind_generation,Wind Offshore,2026-06-13T19:07:25Z
2026-06-13T19:05:16Z,2026-06-13T21:05:16+0200,9460a2c8-fa12-4ac2-aa07-8ee932688218,2026-05-21T00:30:00Z,2026-05-21T02:30:00+0200,2496.71,MW,DE,DE_LU,forecast_offshore_wind_generation,Wind Offshore,2026-06-13T19:07:25Z
2026-06-13T19:05:16Z,2026-06-13T21:05:16+0200,9460a2c8-fa12-4ac2-aa07-8ee932688218,2026-05-21T00:45:00Z,2026-05-21T02:45:00+0200,2495.14,MW,DE,DE_LU,forecast_offshore_wind_generation,Wind Offshore,2026-06-13T19:07:25Z
2026-06-13T19:05:16Z,2026-06-13T21:05:16+0200,9460a2c8-fa12-4ac2-aa07-8ee932688218,2026-05-21T01:00:00Z,2026-05-21T03:00:00+0200,2490.17,MW,DE,DE_LU,forecast_offshore_wind_generation,Wind Offshore,2026-06-13T19:07:25Z
2026-06-13T19:05:16Z,2026-06-13T21:05:16+0200,9460a2c8-fa12-4ac2-aa07-8ee932688218,2026-05-21T01:15:00Z,2026-05-21T03:15:00+0200,2464.29,MW,DE,DE_LU,forecast_offshore_wind_generation,Wind Offshore,2026-06-13T19:07:25Z
2026-06-13T19:05:16Z,2026-06-13T21:05:16+0200,9460a2c8-fa12-4ac2-aa07-8ee932688218,2026-05-21T01:30:00Z,2026-05-21T03:30:00+0200,2436.46,MW,DE,DE_LU,forecast_offshore_wind_generation,Wind Offshore,2026-06-13T19:07:25Z
2026-06-13T19:05:16Z,2026-06-13T21:05:16+0200,9460a2c8-fa12-4ac2-aa07-8ee932688218,2026-05-21T01:45:00Z,2026-05-21T03:45:00+0200,2407.56,MW,DE,DE_LU,forecast_offshore_wind_generation,Wind Offshore,2026-06-13T19:07:25Z
2026-06-13T19:05:16Z,2026-06-13T21:05:16+0200,9460a2c8-fa12-4ac2-aa07-8ee932688218,2026-05-21T02:00:00Z,2026-05-21T04:00:00+0200,2376.61,MW,DE,DE_LU,forecast_offshore_wind_generation,Wind Offshore,2026-06-13T19:07:25Z
2026-06-13T19:05:16Z,2026-06-13T21:05:16+0200,9460a2c8-fa12-4ac2-aa07-8ee932688218,2026-05-21T02:15:00Z,2026-05-21T04:15:00+0200,2329.26,MW,DE,DE_LU,forecast_offshore_wind_generation,Wind Offshore,2026-06-13T19:07:25Z
2026-06-13T19:05:16Z,2026-06-13T21:05:16+0200,9460a2c8-fa12-4ac2-aa07-8ee932688218,2026-05-21T02:30:00Z,2026-05-21T04:30:00+0200,2277.93,MW,DE,DE_LU,forecast_offshore_wind_generation,Wind Offshore,2026-06-13T19:07:25Z
2026-06-13T19:05:16Z,2026-06-13T21:05:16+0200,9460a2c8-fa12-4ac2-aa07-8ee932688218,2026-05-21T02:45:00Z,2026-05-21T04:45:00+0200,2228.61,MW,DE,DE_LU,forecast_offshore_wind_generation,Wind Offshore,2026-06-13T19:07:25Z
2026-06-13T19:05:16Z,2026-06-13T21:05:16+0200,9460a2c8-fa12-4ac2-aa07-8ee932688218,2026-05-21T03:00:00Z,2026-05-21T05:00:00+0200,2181.65,MW,DE,DE_LU,forecast_offshore_wind_generation,Wind Offshore,2026-06-13T19:07:25Z
2026-06-13T19:05:16Z,2026-06-13T21:05:16+0200,9460a2c8-fa12-4ac2-aa07-8ee932688218,2026-05-21T03:15:00Z,2026-05-21T05:15:00+0200,2120.75,MW,DE,DE_LU,forecast_offshore_wind_generation,Wind Offshore,2026-06-13T19:07:25Z
2026-06-13T19:05:16Z,2026-06-13T21:05:16+0200,9460a2c8-fa12-4ac2-aa07-8ee932688218,2026-05-21T03:30:00Z,2026-05-21T05:30:00+0200,2066.84,MW,DE,DE_LU,forecast_offshore_wind_generation,Wind Offshore,2026-06-13T19:07:25Z
2026-06-13T19:05:16Z,2026-06-13T21:05:16+0200,9460a2c8-fa12-4ac2-aa07-8ee932688218,2026-05-21T03:45:00Z,2026-05-21T05:45:00+0200,2008.76,MW,DE,DE_LU,forecast_offshore_wind_generation,Wind Offshore,2026-06-13T19:07:25Z
2026-06-13T19:05:16Z,2026-06-13T21:05:16+0200,9460a2c8-fa12-4ac2-aa07-8ee932688218,2026-05-21T04:00:00Z,2026-05-21T06:00:00+0200,1949.64,MW,DE,DE_LU,forecast_offshore_wind_generation,Wind Offshore,2026-06-13T19:07:25Z
2026-06-13T19:05:16Z,2026-06-13T21:05:16+0200,9460a2c8-fa12-4ac2-aa07-8ee932688218,2026-05-21T04:15:00Z,2026-05-21T06:15:00+0200,1905.72,MW,DE,DE_LU,forecast_offshore_wind_generation,Wind Offshore,2026-06-13T19:07:25Z
2026-06-13T19:05:16Z,2026-06-13T21:05:16+0200,9460a2c8-fa12-4ac2-aa07-8ee932688218,2026-05-21T04:30:00Z,2026-05-21T06:30:00+0200,1868.78,MW,DE,DE_LU,forecast_offshore_wind_generation,Wind Offshore,2026-06-13T19:07:25Z
2026-06-13T19:05:16Z,2026-06-13T21:05:16+0200,9460a2c8-fa12-4ac2-aa07-8ee932688218,2026-05-21T04:45:00Z,2026-05-21T06:45:00+0200,1828.74,MW,DE,DE_LU,forecast_offshore_wind_generation,Wind Offshore,2026-06-13T19:07:25Z
2026-06-13T19:05:16Z,2026-06-13T21:05:16+0200,9460a2c8-fa12-4ac2-aa07-8ee932688218,2026-05-21T05:00:00Z,2026-05-21T07:00:00+0200,1785.06,MW,DE,DE_LU,forecast_offshore_wind_generation,Wind Offshore,2026-06-13T19:07:25Z
2026-06-13T19:05:16Z,2026-06-13T21:05:16+0200,9460a2c8-fa12-4ac2-aa07-8ee932688218,2026-05-21T05:15:00Z,2026-05-21T07:15:00+0200,1749.53,MW,DE,DE_LU,forecast_offshore_wind_generation,Wind Offshore,2026-06-13T19:07:25Z
2026-06-13T19:05:16Z,2026-06-13T21:05:16+0200,9460a2c8-fa12-4ac2-aa07-8ee932688218,2026-05-21T05:30:00Z,2026-05-21T07:30:00+0200,1708.99,MW,DE,DE_LU,forecast_offshore_wind_generation,Wind Offshore,2026-06-13T19:07:25Z
2026-06-13T19:05:16Z,2026-06-13T21:05:16+0200,9460a2c8-fa12-4ac2-aa07-8ee932688218,2026-05-21T05:45:00Z,2026-05-21T07:45:00+0200,1672.65,MW,DE,DE_LU,forecast_offshore_wind_generation,Wind Offshore,2026-06-13T19:07:25Z
2026-06-13T19:05:16Z,2026-06-13T21:05:16+0200,9460a2c8-fa12-4ac2-aa07-8ee932688218,2026-05-21T06:00:00Z,2026-05-21T08:00:00+0200,1617.23,MW,DE,DE_LU,forecast_offshore_wind_generation,Wind Offshore,2026-06-13T19:07:25Z
2026-06-13T19:05:16Z,2026-06-13T21:05:16+0200,9460a2c8-fa12-4ac2-aa07-8ee932688218,2026-05-21T06:15:00Z,2026-05-21T08:15:00+0200,1570.72,MW,DE,DE_LU,forecast_offshore_wind_generation,Wind Offshore,2026-06-13T19:07:25Z
2026-06-13T19:05:16Z,2026-06-13T21:05:16+0200,9460a2c8-fa12-4ac2-aa07-8ee932688218,2026-05-21T06:30:00Z,2026-05-21T08:30:00+0200,1524.13,MW,DE,DE_LU,forecast_offshore_wind_generation,Wind Offshore,2026-06-13T19:07:25Z
2026-06-13T19:05:16Z,2026-06-13T21:05:16+0200,9460a2c8-fa12-4ac2-aa07-8ee932688218,2026-05-21T06:45:00Z,2026-05-21T08:45:00+0200,1483.85,MW,DE,DE_LU,forecast_offshore_wind_generation,Wind Offshore,2026-06-13T19:07:25Z
2026-06-13T19:05:16Z,2026-06-13T21:05:16+0200,9460a2c8-fa12-4ac2-aa07-8ee932688218,2026-05-21T07:00:00Z,2026-05-21T09:00:00+0200,1429.44,MW,DE,DE_LU,forecast_offshore_wind_generation,Wind Offshore,2026-06-13T19:07:25Z
2026-06-13T19:05:16Z,2026-06-13T21:05:16+0200,9460a2c8-fa12-4ac2-aa07-8ee932688218,2026-05-21T07:15:00Z,2026-05-21T09:15:00+0200,1344.89,MW,DE,DE_LU,forecast_offshore_wind_generation,Wind Offshore,2026-06-13T19:07:25Z
2026-06-13T19:05:16Z,2026-06-13T21:05:16+0200,9460a2c8-fa12-4ac2-aa07-8ee932688218,2026-05-21T07:30:00Z,2026-05-21T09:30:00+0200,1289.41,MW,DE,DE_LU,forecast_offshore_wind_generation,Wind Offshore,2026-06-13T19:07:25Z
2026-06-13T19:05:16Z,2026-06-13T21:05:16+0200,9460a2c8-fa12-4ac2-aa07-8ee932688218,2026-05-21T07:45:00Z,2026-05-21T09:45:00+0200,1233.0,MW,DE,DE_LU,forecast_offshore_wind_generation,Wind Offshore,2026-06-13T19:07:25Z
2026-06-13T19:05:16Z,2026-06-13T21:05:16+0200,9460a2c8-fa12-4ac2-aa07-8ee932688218,2026-05-21T08:00:00Z,2026-05-21T10:00:00+0200,1183.71,MW,DE,DE_LU,forecast_offshore_wind_generation,Wind Offshore,2026-06-13T19:07:25Z
2026-06-13T19:05:16Z,2026-06-13T21:05:16+0200,9460a2c8-fa12-4ac2-aa07-8ee932688218,2026-05-21T08:15:00Z,2026-05-21T10:15:00+0200,1132.4,MW,DE,DE_LU,forecast_offshore_wind_generation,Wind Offshore,2026-06-13T19:07:25Z
2026-06-13T19:05:16Z,2026-06-13T21:05:16+0200,9460a2c8-fa12-4ac2-aa07-8ee932688218,2026-05-21T08:30:00Z,2026-05-21T10:30:00+0200,1082.11,MW,DE,DE_LU,forecast_offshore_wind_generation,Wind Offshore,2026-06-13T19:07:25Z
2026-06-13T19:05:16Z,2026-06-13T21:05:16+0200,9460a2c8-fa12-4ac2-aa07-8ee932688218,2026-05-21T08:45:00Z,2026-05-21T10:45:00+0200,1037.78,MW,DE,DE_LU,forecast_offshore_wind_generation,Wind Offshore,2026-06-13T19:07:25Z
2026-06-13T19:05:16Z,2026-06-13T21:05:16+0200,9460a2c8-fa12-4ac2-aa07-8ee932688218,2026-05-21T09:00:00Z,2026-05-21T11:00:00+0200,993.47,MW,DE,DE_LU,forecast_offshore_wind_generation,Wind Offshore,2026-06-13T19:07:25Z
2026-06-13T19:05:16Z,2026-06-13T21:05:16+0200,9460a2c8-fa12-4ac2-aa07-8ee932688218,2026-05-21T09:15:00Z,2026-05-21T11:15:00+0200,956.6,MW,DE,DE_LU,forecast_offshore_wind_generation,Wind Offshore,2026-06-13T19:07:25Z
2026-06-13T19:05:16Z,2026-06-13T21:05:16+0200,9460a2c8-fa12-4ac2-aa07-8ee932688218,2026-05-21T09:30:00Z,2026-05-21T11:30:00+0200,938.76,MW,DE,DE_LU,forecast_offshore_wind_generation,Wind Offshore,2026-06-13T19:07:25Z
2026-06-13T19:05:16Z,2026-06-13T21:05:16+0200,9460a2c8-fa12-4ac2-aa07-8ee932688218,2026-05-21T09:45:00Z,2026-05-21T11:45:00+0200,923.97,MW,DE,DE_LU,forecast_offshore_wind_generation,Wind Offshore,2026-06-13T19:07:25Z
2026-06-13T19:05:16Z,2026-06-13T21:05:16+0200,9460a2c8-fa12-4ac2-aa07-8ee932688218,2026-05-21T10:00:00Z,2026-05-21T12:00:00+0200,884.16,MW,DE,DE_LU,forecast_offshore_wind_generation,Wind Offshore,2026-06-13T19:07:25Z
2026-06-13T19:05:16Z,2026-06-13T21:05:16+0200,9460a2c8-fa12-4ac2-aa07-8ee932688218,2026-05-21T10:15:00Z,2026-05-21T12:15:00+0200,910.3,MW,DE,DE_LU,forecast_offshore_wind_generation,Wind Offshore,2026-06-13T19:07:25Z
2026-06-13T19:05:16Z,2026-06-13T21:05:16+0200,9460a2c8-fa12-4ac2-aa07-8ee932688218,2026-05-21T10:30:00Z,2026-05-21T12:30:00+0200,933.45,MW,DE,DE_LU,forecast_offshore_wind_generation,Wind Offshore,2026-06-13T19:07:25Z
2026-06-13T19:05:16Z,2026-06-13T21:05:16+0200,9460a2c8-fa12-4ac2-aa07-8ee932688218,2026-05-21T10:45:00Z,2026-05-21T12:45:00+0200,963.71,MW,DE,DE_LU,forecast_offshore_wind_generation,Wind Offshore,2026-06-13T19:07:25Z
2026-06-13T19:05:16Z,2026-06-13T21:05:16+0200,9460a2c8-fa12-4ac2-aa07-8ee932688218,2026-05-21T11:00:00Z,2026-05-21T13:00:00+0200,993.95,MW,DE,DE_LU,forecast_offshore_wind_generation,Wind Offshore,2026-06-13T19:07:25Z
2026-06-13T19:05:16Z,2026-06-13T21:05:16+0200,9460a2c8-fa12-4ac2-aa07-8ee932688218,2026-05-21T11:15:00Z,2026-05-21T13:15:00+0200,1032.79,MW,DE,DE_LU,forecast_offshore_wind_generation,Wind Offshore,2026-06-13T19:07:25Z
2026-06-13T19:05:16Z,2026-06-13T21:05:16+0200,9460a2c8-fa12-4ac2-aa07-8ee932688218,2026-05-21T11:30:00Z,2026-05-21T13:30:00+0200,1076.8,MW,DE,DE_LU,forecast_offshore_wind_generation,Wind Offshore,2026-06-13T19:07:25Z
2026-06-13T19:05:16Z,2026-06-13T21:05:16+0200,9460a2c8-fa12-4ac2-aa07-8ee932688218,2026-05-21T11:45:00Z,2026-05-21T13:45:00+0200,1121.75,MW,DE,DE_LU,forecast_offshore_wind_generation,Wind Offshore,2026-06-13T19:07:25Z
2026-06-13T19:05:16Z,2026-06-13T21:05:16+0200,9460a2c8-fa12-4ac2-aa07-8ee932688218,2026-05-21T12:00:00Z,2026-05-21T14:00:00+0200,1162.52,MW,DE,DE_LU,forecast_offshore_wind_generation,Wind Offshore,2026-06-13T19:07:25Z
2026-06-13T19:05:16Z,2026-06-13T21:05:16+0200,9460a2c8-fa12-4ac2-aa07-8ee932688218,2026-05-21T12:15:00Z,2026-05-21T14:15:00+0200,1185.83,MW,DE,DE_LU,forecast_offshore_wind_generation,Wind Offshore,2026-06-13T19:07:25Z
2026-06-13T19:05:16Z,2026-06-13T21:05:16+0200,9460a2c8-fa12-4ac2-aa07-8ee932688218,2026-05-21T12:30:00Z,2026-05-21T14:30:00+0200,1210.19,MW,DE,DE_LU,forecast_offshore_wind_generation,Wind Offshore,2026-06-13T19:07:25Z
2026-06-13T19:05:16Z,2026-06-13T21:05:16+0200,9460a2c8-fa12-4ac2-aa07-8ee932688218,2026-05-21T12:45:00Z,2026-05-21T14:45:00+0200,1230.76,MW,DE,DE_LU,forecast_offshore_wind_generation,Wind Offshore,2026-06-13T19:07:25Z
2026-06-13T19:05:16Z,2026-06-13T21:05:16+0200,9460a2c8-fa12-4ac2-aa07-8ee932688218,2026-05-21T13:00:00Z,2026-05-21T15:00:00+0200,1255.28,MW,DE,DE_LU,forecast_offshore_wind_generation,Wind Offshore,2026-06-13T19:07:25Z
2026-06-13T19:05:16Z,2026-06-13T21:05:16+0200,9460a2c8-fa12-4ac2-aa07-8ee932688218,2026-05-21T13:15:00Z,2026-05-21T15:15:00+0200,1281.65,MW,DE,DE_LU,forecast_offshore_wind_generation,Wind Offshore,2026-06-13T19:07:25Z
2026-06-13T19:05:16Z,2026-06-13T21:05:16+0200,9460a2c8-fa12-4ac2-aa07-8ee932688218,2026-05-21T13:30:00Z,2026-05-21T15:30:00+0200,1312.04,MW,DE,DE_LU,forecast_offshore_wind_generation,Wind Offshore,2026-06-13T19:07:25Z
2026-06-13T19:05:16Z,2026-06-13T21:05:16+0200,9460a2c8-fa12-4ac2-aa07-8ee932688218,2026-05-21T13:45:00Z,2026-05-21T15:45:00+0200,1336.63,MW,DE,DE_LU,forecast_offshore_wind_generation,Wind Offshore,2026-06-13T19:07:25Z
2026-06-13T19:05:16Z,2026-06-13T21:05:16+0200,9460a2c8-fa12-4ac2-aa07-8ee932688218,2026-05-21T14:00:00Z,2026-05-21T16:00:00+0200,1341.3,MW,DE,DE_LU,forecast_offshore_wind_generation,Wind Offshore,2026-06-13T19:07:25Z
2026-06-13T19:05:16Z,2026-06-13T21:05:16+0200,9460a2c8-fa12-4ac2-aa07-8ee932688218,2026-05-21T14:15:00Z,2026-05-21T16:15:00+0200,1379.64,MW,DE,DE_LU,forecast_offshore_wind_generation,Wind Offshore,2026-06-13T19:07:25Z
2026-06-13T19:05:16Z,2026-06-13T21:05:16+0200,9460a2c8-fa12-4ac2-aa07-8ee932688218,2026-05-21T14:30:00Z,2026-05-21T16:30:00+0200,1419.1,MW,DE,DE_LU,forecast_offshore_wind_generation,Wind Offshore,2026-06-13T19:07:25Z
2026-06-13T19:05:16Z,2026-06-13T21:05:16+0200,9460a2c8-fa12-4ac2-aa07-8ee932688218,2026-05-21T14:45:00Z,2026-05-21T16:45:00+0200,1457.71,MW,DE,DE_LU,forecast_offshore_wind_generation,Wind Offshore,2026-06-13T19:07:25Z
2026-06-13T19:05:16Z,2026-06-13T21:05:16+0200,9460a2c8-fa12-4ac2-aa07-8ee932688218,2026-05-21T15:00:00Z,2026-05-21T17:00:00+0200,1585.93,MW,DE,DE_LU,forecast_offshore_wind_generation,Wind Offshore,2026-06-13T19:07:25Z
2026-06-13T19:05:16Z,2026-06-13T21:05:16+0200,9460a2c8-fa12-4ac2-aa07-8ee932688218,2026-05-21T15:15:00Z,2026-05-21T17:15:00+0200,1642.63,MW,DE,DE_LU,forecast_offshore_wind_generation,Wind Offshore,2026-06-13T19:07:25Z
2026-06-13T19:05:16Z,2026-06-13T21:05:16+0200,9460a2c8-fa12-4ac2-aa07-8ee932688218,2026-05-21T15:30:00Z,2026-05-21T17:30:00+0200,1702.85,MW,DE,DE_LU,forecast_offshore_wind_generation,Wind Offshore,2026-06-13T19:07:25Z
2026-06-13T19:05:16Z,2026-06-13T21:05:16+0200,9460a2c8-fa12-4ac2-aa07-8ee932688218,2026-05-21T15:45:00Z,2026-05-21T17:45:00+0200,1752.04,MW,DE,DE_LU,forecast_offshore_wind_generation,Wind Offshore,2026-06-13T19:07:25Z
2026-06-13T19:05:16Z,2026-06-13T21:05:16+0200,9460a2c8-fa12-4ac2-aa07-8ee932688218,2026-05-21T16:00:00Z,2026-05-21T18:00:00+0200,1831.9,MW,DE,DE_LU,forecast_offshore_wind_generation,Wind Offshore,2026-06-13T19:07:25Z
2026-06-13T19:05:16Z,2026-06-13T21:05:16+0200,9460a2c8-fa12-4ac2-aa07-8ee932688218,2026-05-21T16:15:00Z,2026-05-21T18:15:00+0200,1869.6,MW,DE,DE_LU,forecast_offshore_wind_generation,Wind Offshore,2026-06-13T19:07:25Z
2026-06-13T19:05:16Z,2026-06-13T21:05:16+0200,9460a2c8-fa12-4ac2-aa07-8ee932688218,2026-05-21T16:30:00Z,2026-05-21T18:30:00+0200,1907.4,MW,DE,DE_LU,forecast_offshore_wind_generation,Wind Offshore,2026-06-13T19:07:25Z
2026-06-13T19:05:16Z,2026-06-13T21:05:16+0200,9460a2c8-fa12-4ac2-aa07-8ee932688218,2026-05-21T16:45:00Z,2026-05-21T18:45:00+0200,1944.35,MW,DE,DE_LU,forecast_offshore_wind_generation,Wind Offshore,2026-06-13T19:07:25Z
2026-06-13T19:05:16Z,2026-06-13T21:05:16+0200,9460a2c8-fa12-4ac2-aa07-8ee932688218,2026-05-21T17:00:00Z,2026-05-21T19:00:00+0200,1977.58,MW,DE,DE_LU,forecast_offshore_wind_generation,Wind Offshore,2026-06-13T19:07:25Z
2026-06-13T19:05:16Z,2026-06-13T21:05:16+0200,9460a2c8-fa12-4ac2-aa07-8ee932688218,2026-05-21T17:15:00Z,2026-05-21T19:15:00+0200,1990.79,MW,DE,DE_LU,forecast_offshore_wind_generation,Wind Offshore,2026-06-13T19:07:25Z
2026-06-13T19:05:16Z,2026-06-13T21:05:16+0200,9460a2c8-fa12-4ac2-aa07-8ee932688218,2026-05-21T17:30:00Z,2026-05-21T19:30:00+0200,2008.04,MW,DE,DE_LU,forecast_offshore_wind_generation,Wind Offshore,2026-06-13T19:07:25Z
2026-06-13T19:05:16Z,2026-06-13T21:05:16+0200,9460a2c8-fa12-4ac2-aa07-8ee932688218,2026-05-21T17:45:00Z,2026-05-21T19:45:00+0200,2019.65,MW,DE,DE_LU,forecast_offshore_wind_generation,Wind Offshore,2026-06-13T19:07:25Z
2026-06-13T19:05:16Z,2026-06-13T21:05:16+0200,9460a2c8-fa12-4ac2-aa07-8ee932688218,2026-05-21T18:00:00Z,2026-05-21T20:00:00+0200,2028.59,MW,DE,DE_LU,forecast_offshore_wind_generation,Wind Offshore,2026-06-13T19:07:25Z
2026-06-13T19:05:16Z,2026-06-13T21:05:16+0200,9460a2c8-fa12-4ac2-aa07-8ee932688218,2026-05-21T18:15:00Z,2026-05-21T20:15:00+0200,2005.35,MW,DE,DE_LU,forecast_offshore_wind_generation,Wind Offshore,2026-06-13T19:07:25Z
2026-06-13T19:05:16Z,2026-06-13T21:05:16+0200,9460a2c8-fa12-4ac2-aa07-8ee932688218,2026-05-21T18:30:00Z,2026-05-21T20:30:00+0200,1980.94,MW,DE,DE_LU,forecast_offshore_wind_generation,Wind Offshore,2026-06-13T19:07:25Z
2026-06-13T19:05:16Z,2026-06-13T21:05:16+0200,9460a2c8-fa12-4ac2-aa07-8ee932688218,2026-05-21T18:45:00Z,2026-05-21T20:45:00+0200,1957.12,MW,DE,DE_LU,forecast_offshore_wind_generation,Wind Offshore,2026-06-13T19:07:25Z
2026-06-13T19:05:16Z,2026-06-13T21:05:16+0200,9460a2c8-fa12-4ac2-aa07-8ee932688218,2026-05-21T19:00:00Z,2026-05-21T21:00:00+0200,1932.05,MW,DE,DE_LU,forecast_offshore_wind_generation,Wind Offshore,2026-06-13T19:07:25Z
2026-06-13T19:05:16Z,2026-06-13T21:05:16+0200,9460a2c8-fa12-4ac2-aa07-8ee932688218,2026-05-21T19:15:00Z,2026-05-21T21:15:00+0200,1914.35,MW,DE,DE_LU,forecast_offshore_wind_generation,Wind Offshore,2026-06-13T19:07:25Z
2026-06-13T19:05:16Z,2026-06-13T21:05:16+0200,9460a2c8-fa12-4ac2-aa07-8ee932688218,2026-05-21T19:30:00Z,2026-05-21T21:30:00+0200,1892.39,MW,DE,DE_LU,forecast_offshore_wind_generation,Wind Offshore,2026-06-13T19:07:25Z
2026-06-13T19:05:16Z,2026-06-13T21:05:16+0200,9460a2c8-fa12-4ac2-aa07-8ee932688218,2026-05-21T19:45:00Z,2026-05-21T21:45:00+0200,1869.73,MW,DE,DE_LU,forecast_offshore_wind_generation,Wind Offshore,2026-06-13T19:07:25Z
2026-06-13T19:05:16Z,2026-06-13T21:05:16+0200,9460a2c8-fa12-4ac2-aa07-8ee932688218,2026-05-21T20:00:00Z,2026-05-21T22:00:00+0200,1853.64,MW,DE,DE_LU,forecast_offshore_wind_generation,Wind Offshore,2026-06-13T19:07:25Z
2026-06-13T19:05:16Z,2026-06-13T21:05:16+0200,9460a2c8-fa12-4ac2-aa07-8ee932688218,2026-05-21T20:15:00Z,2026-05-21T22:15:00+0200,1824.73,MW,DE,DE_LU,forecast_offshore_wind_generation,Wind Offshore,2026-06-13T19:07:25Z
2026-06-13T19:05:16Z,2026-06-13T21:05:16+0200,9460a2c8-fa12-4ac2-aa07-8ee932688218,2026-05-21T20:30:00Z,2026-05-21T22:30:00+0200,1798.85,MW,DE,DE_LU,forecast_offshore_wind_generation,Wind Offshore,2026-06-13T19:07:25Z
2026-06-13T19:05:16Z,2026-06-13T21:05:16+0200,9460a2c8-fa12-4ac2-aa07-8ee932688218,2026-05-21T20:45:00Z,2026-05-21T22:45:00+0200,1774.49,MW,DE,DE_LU,forecast_offshore_wind_generation,Wind Offshore,2026-06-13T19:07:25Z
2026-06-13T19:05:16Z,2026-06-13T21:05:16+0200,9460a2c8-fa12-4ac2-aa07-8ee932688218,2026-05-21T21:00:00Z,2026-05-21T23:00:00+0200,1749.88,MW,DE,DE_LU,forecast_offshore_wind_generation,Wind Offshore,2026-06-13T19:07:25Z
2026-06-13T19:05:16Z,2026-06-13T21:05:16+0200,9460a2c8-fa12-4ac2-aa07-8ee932688218,2026-05-21T21:15:00Z,2026-05-21T23:15:00+0200,1704.05,MW,DE,DE_LU,forecast_offshore_wind_generation,Wind Offshore,2026-06-13T19:07:25Z
2026-06-13T19:05:16Z,2026-06-13T21:05:16+0200,9460a2c8-fa12-4ac2-aa07-8ee932688218,2026-05-21T21:30:00Z,2026-05-21T23:30:00+0200,1661.29,MW,DE,DE_LU,forecast_offshore_wind_generation,Wind Offshore,2026-06-13T19:07:25Z
2026-06-13T19:05:16Z,2026-06-13T21:05:16+0200,9460a2c8-fa12-4ac2-aa07-8ee932688218,2026-05-21T21:45:00Z,2026-05-21T23:45:00+0200,1613.84,MW,DE,DE_LU,forecast_offshore_wind_generation,Wind Offshore,2026-06-13T19:07:25Z
2026-06-13T19:05:16Z,2026-06-13T21:05:16+0200,9460a2c8-fa12-4ac2-aa07-8ee932688218,2026-05-21T22:00:00Z,2026-05-22T00:00:00+0200,1672.28,MW,DE,DE_LU,forecast_offshore_wind_generation,Wind Offshore,2026-06-13T19:07:25Z
2026-06-13T19:05:16Z,2026-06-13T21:05:16+0200,9460a2c8-fa12-4ac2-aa07-8ee932688218,2026-05-21T22:15:00Z,2026-05-22T00:15:00+0200,1624.18,MW,DE,DE_LU,forecast_offshore_wind_generation,Wind Offshore,2026-06-13T19:07:25Z
2026-06-13T19:05:16Z,2026-06-13T21:05:16+0200,9460a2c8-fa12-4ac2-aa07-8ee932688218,2026-05-21T22:30:00Z,2026-05-22T00:30:00+0200,1576.95,MW,DE,DE_LU,forecast_offshore_wind_generation,Wind Offshore,2026-06-13T19:07:25Z
2026-06-13T19:05:16Z,2026-06-13T21:05:16+0200,9460a2c8-fa12-4ac2-aa07-8ee932688218,2026-05-21T22:45:00Z,2026-05-22T00:45:00+0200,1533.03,MW,DE,DE_LU,forecast_offshore_wind_generation,Wind Offshore,2026-06-13T19:07:25Z
2026-06-13T19:05:16Z,2026-06-13T21:05:16+0200,9460a2c8-fa12-4ac2-aa07-8ee932688218,2026-05-21T23:00:00Z,2026-05-22T01:00:00+0200,1483.09,MW,DE,DE_LU,forecast_offshore_wind_generation,Wind Offshore,2026-06-13T19:07:25Z
2026-06-13T19:05:16Z,2026-06-13T21:05:16+0200,9460a2c8-fa12-4ac2-aa07-8ee932688218,2026-05-21T23:15:00Z,2026-05-22T01:15:00+0200,1424.22,MW,DE,DE_LU,forecast_offshore_wind_generation,Wind Offshore,2026-06-13T19:07:25Z
2026-06-13T19:05:16Z,2026-06-13T21:05:16+0200,9460a2c8-fa12-4ac2-aa07-8ee932688218,2026-05-21T23:30:00Z,2026-05-22T01:30:00+0200,1370.48,MW,DE,DE_LU,forecast_offshore_wind_generation,Wind Offshore,2026-06-13T19:07:25Z
2026-06-13T19:05:16Z,2026-06-13T21:05:16+0200,9460a2c8-fa12-4ac2-aa07-8ee932688218,2026-05-21T23:45:00Z,2026-05-22T01:45:00+0200,1317.08,MW,DE,DE_LU,forecast_offshore_wind_generation,Wind Offshore,2026-06-13T19:07:25Z
2026-06-13T19:05:16Z,2026-06-13T21:05:16+0200,9460a2c8-fa12-4ac2-aa07-8ee932688218,2026-05-22T00:00:00Z,2026-05-22T02:00:00+0200,1272.9,MW,DE,DE_LU,forecast_offshore_wind_generation,Wind Offshore,2026-06-13T19:07:25Z
2026-06-13T19:05:16Z,2026-06-13T21:05:16+0200,9460a2c8-fa12-4ac2-aa07-8ee932688218,2026-05-22T00:15:00Z,2026-05-22T02:15:00+0200,1233.56,MW,DE,DE_LU,forecast_offshore_wind_generation,Wind Offshore,2026-06-13T19:07:25Z
2026-06-13T19:05:16Z,2026-06-13T21:05:16+0200,9460a2c8-fa12-4ac2-aa07-8ee932688218,2026-05-22T00:30:00Z,2026-05-22T02:30:00+0200,1192.58,MW,DE,DE_LU,forecast_offshore_wind_generation,Wind Offshore,2026-06-13T19:07:25Z
2026-06-13T19:05:16Z,2026-06-13T21:05:16+0200,9460a2c8-fa12-4ac2-aa07-8ee932688218,2026-05-22T00:45:00Z,2026-05-22T02:45:00+0200,1161.02,MW,DE,DE_LU,forecast_offshore_wind_generation,Wind Offshore,2026-06-13T19:07:25Z
2026-06-13T19:05:16Z,2026-06-13T21:05:16+0200,9460a2c8-fa12-4ac2-aa07-8ee932688218,2026-05-22T01:00:00Z,2026-05-22T03:00:00+0200,1128.13,MW,DE,DE_LU,forecast_offshore_wind_generation,Wind Offshore,2026-06-13T19:07:25Z
2026-06-13T19:05:16Z,2026-06-13T21:05:16+0200,9460a2c8-fa12-4ac2-aa07-8ee932688218,2026-05-22T01:15:00Z,2026-05-22T03:15:00+0200,1112.88,MW,DE,DE_LU,forecast_offshore_wind_generation,Wind Offshore,2026-06-13T19:07:25Z
2026-06-13T19:05:16Z,2026-06-13T21:05:16+0200,9460a2c8-fa12-4ac2-aa07-8ee932688218,2026-05-22T01:30:00Z,2026-05-22T03:30:00+0200,1097.84,MW,DE,DE_LU,forecast_offshore_wind_generation,Wind Offshore,2026-06-13T19:07:25Z
2026-06-13T19:05:16Z,2026-06-13T21:05:16+0200,9460a2c8-fa12-4ac2-aa07-8ee932688218,2026-05-22T01:45:00Z,2026-05-22T03:45:00+0200,1083.09,MW,DE,DE_LU,forecast_offshore_wind_generation,Wind Offshore,2026-06-13T19:07:25Z
2026-06-13T19:05:16Z,2026-06-13T21:05:16+0200,9460a2c8-fa12-4ac2-aa07-8ee932688218,2026-05-22T02:00:00Z,2026-05-22T04:00:00+0200,1066.17,MW,DE,DE_LU,forecast_offshore_wind_generation,Wind Offshore,2026-06-13T19:07:25Z
2026-06-13T19:05:16Z,2026-06-13T21:05:16+0200,9460a2c8-fa12-4ac2-aa07-8ee932688218,2026-05-22T02:15:00Z,2026-05-22T04:15:00+0200,1054.81,MW,DE,DE_LU,forecast_offshore_wind_generation,Wind Offshore,2026-06-13T19:07:25Z
2026-06-13T19:05:16Z,2026-06-13T21:05:16+0200,9460a2c8-fa12-4ac2-aa07-8ee932688218,2026-05-22T02:30:00Z,2026-05-22T04:30:00+0200,1042.32,MW,DE,DE_LU,forecast_offshore_wind_generation,Wind Offshore,2026-06-13T19:07:25Z
2026-06-13T19:05:16Z,2026-06-13T21:05:16+0200,9460a2c8-fa12-4ac2-aa07-8ee932688218,2026-05-22T02:45:00Z,2026-05-22T04:45:00+0200,1021.76,MW,DE,DE_LU,forecast_offshore_wind_generation,Wind Offshore,2026-06-13T19:07:25Z
2026-06-13T19:05:16Z,2026-06-13T21:05:16+0200,9460a2c8-fa12-4ac2-aa07-8ee932688218,2026-05-22T03:00:00Z,2026-05-22T05:00:00+0200,1012.53,MW,DE,DE_LU,forecast_offshore_wind_generation,Wind Offshore,2026-06-13T19:07:25Z
2026-06-13T19:05:16Z,2026-06-13T21:05:16+0200,9460a2c8-fa12-4ac2-aa07-8ee932688218,2026-05-22T03:15:00Z,2026-05-22T05:15:00+0200,1012.93,MW,DE,DE_LU,forecast_offshore_wind_generation,Wind Offshore,2026-06-13T19:07:25Z
2026-06-13T19:05:16Z,2026-06-13T21:05:16+0200,9460a2c8-fa12-4ac2-aa07-8ee932688218,2026-05-22T03:30:00Z,2026-05-22T05:30:00+0200,1011.27,MW,DE,DE_LU,forecast_offshore_wind_generation,Wind Offshore,2026-06-13T19:07:25Z
2026-06-13T19:05:16Z,2026-06-13T21:05:16+0200,9460a2c8-fa12-4ac2-aa07-8ee932688218,2026-05-22T03:45:00Z,2026-05-22T05:45:00+0200,1005.98,MW,DE,DE_LU,forecast_offshore_wind_generation,Wind Offshore,2026-06-13T19:07:25Z
2026-06-13T19:05:16Z,2026-06-13T21:05:16+0200,9460a2c8-fa12-4ac2-aa07-8ee932688218,2026-05-22T04:00:00Z,2026-05-22T06:00:00+0200,997.11,MW,DE,DE_LU,forecast_offshore_wind_generation,Wind Offshore,2026-06-13T19:07:25Z
2026-06-13T19:05:16Z,2026-06-13T21:05:16+0200,9460a2c8-fa12-4ac2-aa07-8ee932688218,2026-05-22T04:15:00Z,2026-05-22T06:15:00+0200,994.38,MW,DE,DE_LU,forecast_offshore_wind_generation,Wind Offshore,2026-06-13T19:07:25Z
2026-06-13T19:05:16Z,2026-06-13T21:05:16+0200,9460a2c8-fa12-4ac2-aa07-8ee932688218,2026-05-22T04:30:00Z,2026-05-22T06:30:00+0200,999.27,MW,DE,DE_LU,forecast_offshore_wind_generation,Wind Offshore,2026-06-13T19:07:25Z
2026-06-13T19:05:16Z,2026-06-13T21:05:16+0200,9460a2c8-fa12-4ac2-aa07-8ee932688218,2026-05-22T04:45:00Z,2026-05-22T06:45:00+0200,1001.6,MW,DE,DE_LU,forecast_offshore_wind_generation,Wind Offshore,2026-06-13T19:07:25Z
2026-06-13T19:05:16Z,2026-06-13T21:05:16+0200,9460a2c8-fa12-4ac2-aa07-8ee932688218,2026-05-22T05:00:00Z,2026-05-22T07:00:00+0200,1002.47,MW,DE,DE_LU,forecast_offshore_wind_generation,Wind Offshore,2026-06-13T19:07:25Z
2026-06-13T19:05:16Z,2026-06-13T21:05:16+0200,9460a2c8-fa12-4ac2-aa07-8ee932688218,2026-05-22T05:15:00Z,2026-05-22T07:15:00+0200,1005.78,MW,DE,DE_LU,forecast_offshore_wind_generation,Wind Offshore,2026-06-13T19:07:25Z
2026-06-13T19:05:16Z,2026-06-13T21:05:16+0200,9460a2c8-fa12-4ac2-aa07-8ee932688218,2026-05-22T05:30:00Z,2026-05-22T07:30:00+0200,1010.11,MW,DE,DE_LU,forecast_offshore_wind_generation,Wind Offshore,2026-06-13T19:07:25Z
2026-06-13T19:05:16Z,2026-06-13T21:05:16+0200,9460a2c8-fa12-4ac2-aa07-8ee932688218,2026-05-22T05:45:00Z,2026-05-22T07:45:00+0200,1013.43,MW,DE,DE_LU,forecast_offshore_wind_generation,Wind Offshore,2026-06-13T19:07:25Z
2026-06-13T19:05:16Z,2026-06-13T21:05:16+0200,9460a2c8-fa12-4ac2-aa07-8ee932688218,2026-05-22T06:00:00Z,2026-05-22T08:00:00+0200,1016.94,MW,DE,DE_LU,forecast_offshore_wind_generation,Wind Offshore,2026-06-13T19:07:25Z
2026-06-13T19:05:16Z,2026-06-13T21:05:16+0200,9460a2c8-fa12-4ac2-aa07-8ee932688218,2026-05-22T06:15:00Z,2026-05-22T08:15:00+0200,1029.71,MW,DE,DE_LU,forecast_offshore_wind_generation,Wind Offshore,2026-06-13T19:07:25Z
2026-06-13T19:05:16Z,2026-06-13T21:05:16+0200,9460a2c8-fa12-4ac2-aa07-8ee932688218,2026-05-22T06:30:00Z,2026-05-22T08:30:00+0200,1039.09,MW,DE,DE_LU,forecast_offshore_wind_generation,Wind Offshore,2026-06-13T19:07:25Z
2026-06-13T19:05:16Z,2026-06-13T21:05:16+0200,9460a2c8-fa12-4ac2-aa07-8ee932688218,2026-05-22T06:45:00Z,2026-05-22T08:45:00+0200,1054.44,MW,DE,DE_LU,forecast_offshore_wind_generation,Wind Offshore,2026-06-13T19:07:25Z
2026-06-13T19:05:16Z,2026-06-13T21:05:16+0200,9460a2c8-fa12-4ac2-aa07-8ee932688218,2026-05-22T07:00:00Z,2026-05-22T09:00:00+0200,1060.96,MW,DE,DE_LU,forecast_offshore_wind_generation,Wind Offshore,2026-06-13T19:07:25Z
2026-06-13T19:05:16Z,2026-06-13T21:05:16+0200,9460a2c8-fa12-4ac2-aa07-8ee932688218,2026-05-22T07:15:00Z,2026-05-22T09:15:00+0200,1056.1,MW,DE,DE_LU,forecast_offshore_wind_generation,Wind Offshore,2026-06-13T19:07:25Z
2026-06-13T19:05:16Z,2026-06-13T21:05:16+0200,9460a2c8-fa12-4ac2-aa07-8ee932688218,2026-05-22T07:30:00Z,2026-05-22T09:30:00+0200,1058.31,MW,DE,DE_LU,forecast_offshore_wind_generation,Wind Offshore,2026-06-13T19:07:25Z
2026-06-13T19:05:16Z,2026-06-13T21:05:16+0200,9460a2c8-fa12-4ac2-aa07-8ee932688218,2026-05-22T07:45:00Z,2026-05-22T09:45:00+0200,1057.63,MW,DE,DE_LU,forecast_offshore_wind_generation,Wind Offshore,2026-06-13T19:07:25Z
2026-06-13T19:05:16Z,2026-06-13T21:05:16+0200,9460a2c8-fa12-4ac2-aa07-8ee932688218,2026-05-22T08:00:00Z,2026-05-22T10:00:00+0200,1055.01,MW,DE,DE_LU,forecast_offshore_wind_generation,Wind Offshore,2026-06-13T19:07:25Z
2026-06-13T19:05:16Z,2026-06-13T21:05:16+0200,9460a2c8-fa12-4ac2-aa07-8ee932688218,2026-05-22T08:15:00Z,2026-05-22T10:15:00+0200,1040.81,MW,DE,DE_LU,forecast_offshore_wind_generation,Wind Offshore,2026-06-13T19:07:25Z
2026-06-13T19:05:16Z,2026-06-13T21:05:16+0200,9460a2c8-fa12-4ac2-aa07-8ee932688218,2026-05-22T08:30:00Z,2026-05-22T10:30:00+0200,1026.74,MW,DE,DE_LU,forecast_offshore_wind_generation,Wind Offshore,2026-06-13T19:07:25Z
2026-06-13T19:05:16Z,2026-06-13T21:05:16+0200,9460a2c8-fa12-4ac2-aa07-8ee932688218,2026-05-22T08:45:00Z,2026-05-22T10:45:00+0200,961.6,MW,DE,DE_LU,forecast_offshore_wind_generation,Wind Offshore,2026-06-13T19:07:25Z
2026-06-13T19:05:16Z,2026-06-13T21:05:16+0200,9460a2c8-fa12-4ac2-aa07-8ee932688218,2026-05-22T09:00:00Z,2026-05-22T11:00:00+0200,949.63,MW,DE,DE_LU,forecast_offshore_wind_generation,Wind Offshore,2026-06-13T19:07:25Z
2026-06-13T19:05:16Z,2026-06-13T21:05:16+0200,9460a2c8-fa12-4ac2-aa07-8ee932688218,2026-05-22T09:15:00Z,2026-05-22T11:15:00+0200,928.59,MW,DE,DE_LU,forecast_offshore_wind_generation,Wind Offshore,2026-06-13T19:07:25Z
2026-06-13T19:05:16Z,2026-06-13T21:05:16+0200,9460a2c8-fa12-4ac2-aa07-8ee932688218,2026-05-22T09:30:00Z,2026-05-22T11:30:00+0200,908.71,MW,DE,DE_LU,forecast_offshore_wind_generation,Wind Offshore,2026-06-13T19:07:25Z
2026-06-13T19:05:16Z,2026-06-13T21:05:16+0200,9460a2c8-fa12-4ac2-aa07-8ee932688218,2026-05-22T09:45:00Z,2026-05-22T11:45:00+0200,885.08,MW,DE,DE_LU,forecast_offshore_wind_generation,Wind Offshore,2026-06-13T19:07:25Z
2026-06-13T19:05:16Z,2026-06-13T21:05:16+0200,9460a2c8-fa12-4ac2-aa07-8ee932688218,2026-05-22T10:00:00Z,2026-05-22T12:00:00+0200,866.36,MW,DE,DE_LU,forecast_offshore_wind_generation,Wind Offshore,2026-06-13T19:07:25Z
2026-06-13T19:05:16Z,2026-06-13T21:05:16+0200,9460a2c8-fa12-4ac2-aa07-8ee932688218,2026-05-22T10:15:00Z,2026-05-22T12:15:00+0200,847.98,MW,DE,DE_LU,forecast_offshore_wind_generation,Wind Offshore,2026-06-13T19:07:25Z
2026-06-13T19:05:16Z,2026-06-13T21:05:16+0200,9460a2c8-fa12-4ac2-aa07-8ee932688218,2026-05-22T10:30:00Z,2026-05-22T12:30:00+0200,827.67,MW,DE,DE_LU,forecast_offshore_wind_generation,Wind Offshore,2026-06-13T19:07:25Z
2026-06-13T19:05:16Z,2026-06-13T21:05:16+0200,9460a2c8-fa12-4ac2-aa07-8ee932688218,2026-05-22T10:45:00Z,2026-05-22T12:45:00+0200,804.16,MW,DE,DE_LU,forecast_offshore_wind_generation,Wind Offshore,2026-06-13T19:07:25Z
2026-06-13T19:05:16Z,2026-06-13T21:05:16+0200,9460a2c8-fa12-4ac2-aa07-8ee932688218,2026-05-22T11:00:00Z,2026-05-22T13:00:00+0200,790.41,MW,DE,DE_LU,forecast_offshore_wind_generation,Wind Offshore,2026-06-13T19:07:25Z
2026-06-13T19:05:16Z,2026-06-13T21:05:16+0200,9460a2c8-fa12-4ac2-aa07-8ee932688218,2026-05-22T11:15:00Z,2026-05-22T13:15:00+0200,770.77,MW,DE,DE_LU,forecast_offshore_wind_generation,Wind Offshore,2026-06-13T19:07:25Z
2026-06-13T19:05:16Z,2026-06-13T21:05:16+0200,9460a2c8-fa12-4ac2-aa07-8ee932688218,2026-05-22T11:30:00Z,2026-05-22T13:30:00+0200,749.3,MW,DE,DE_LU,forecast_offshore_wind_generation,Wind Offshore,2026-06-13T19:07:25Z
2026-06-13T19:05:16Z,2026-06-13T21:05:16+0200,9460a2c8-fa12-4ac2-aa07-8ee932688218,2026-05-22T11:45:00Z,2026-05-22T13:45:00+0200,732.28,MW,DE,DE_LU,forecast_offshore_wind_generation,Wind Offshore,2026-06-13T19:07:25Z
2026-06-13T19:05:16Z,2026-06-13T21:05:16+0200,9460a2c8-fa12-4ac2-aa07-8ee932688218,2026-05-22T12:00:00Z,2026-05-22T14:00:00+0200,713.82,MW,DE,DE_LU,forecast_offshore_wind_generation,Wind Offshore,2026-06-13T19:07:25Z
2026-06-13T19:05:16Z,2026-06-13T21:05:16+0200,9460a2c8-fa12-4ac2-aa07-8ee932688218,2026-05-22T12:15:00Z,2026-05-22T14:15:00+0200,694.86,MW,DE,DE_LU,forecast_offshore_wind_generation,Wind Offshore,2026-06-13T19:07:25Z
2026-06-13T19:05:16Z,2026-06-13T21:05:16+0200,9460a2c8-fa12-4ac2-aa07-8ee932688218,2026-05-22T12:30:00Z,2026-05-22T14:30:00+0200,677.92,MW,DE,DE_LU,forecast_offshore_wind_generation,Wind Offshore,2026-06-13T19:07:25Z
2026-06-13T19:05:16Z,2026-06-13T21:05:16+0200,9460a2c8-fa12-4ac2-aa07-8ee932688218,2026-05-22T12:45:00Z,2026-05-22T14:45:00+0200,659.06,MW,DE,DE_LU,forecast_offshore_wind_generation,Wind Offshore,2026-06-13T19:07:25Z
2026-06-13T19:05:16Z,2026-06-13T21:05:16+0200,9460a2c8-fa12-4ac2-aa07-8ee932688218,2026-05-22T13:00:00Z,2026-05-22T15:00:00+0200,641.64,MW,DE,DE_LU,forecast_offshore_wind_generation,Wind Offshore,2026-06-13T19:07:25Z
2026-06-13T19:05:16Z,2026-06-13T21:05:16+0200,9460a2c8-fa12-4ac2-aa07-8ee932688218,2026-05-22T13:15:00Z,2026-05-22T15:15:00+0200,621.84,MW,DE,DE_LU,forecast_offshore_wind_generation,Wind Offshore,2026-06-13T19:07:25Z
2026-06-13T19:05:16Z,2026-06-13T21:05:16+0200,9460a2c8-fa12-4ac2-aa07-8ee932688218,2026-05-22T13:30:00Z,2026-05-22T15:30:00+0200,602.48,MW,DE,DE_LU,forecast_offshore_wind_generation,Wind Offshore,2026-06-13T19:07:25Z
2026-06-13T19:05:16Z,2026-06-13T21:05:16+0200,9460a2c8-fa12-4ac2-aa07-8ee932688218,2026-05-22T13:45:00Z,2026-05-22T15:45:00+0200,577.78,MW,DE,DE_LU,forecast_offshore_wind_generation,Wind Offshore,2026-06-13T19:07:25Z
2026-06-13T19:05:16Z,2026-06-13T21:05:16+0200,9460a2c8-fa12-4ac2-aa07-8ee932688218,2026-05-22T14:00:00Z,2026-05-22T16:00:00+0200,565.78,MW,DE,DE_LU,forecast_offshore_wind_generation,Wind Offshore,2026-06-13T19:07:25Z
2026-06-13T19:05:16Z,2026-06-13T21:05:16+0200,9460a2c8-fa12-4ac2-aa07-8ee932688218,2026-05-22T14:15:00Z,2026-05-22T16:15:00+0200,552.0,MW,DE,DE_LU,forecast_offshore_wind_generation,Wind Offshore,2026-06-13T19:07:25Z
2026-06-13T19:05:16Z,2026-06-13T21:05:16+0200,9460a2c8-fa12-4ac2-aa07-8ee932688218,2026-05-22T14:30:00Z,2026-05-22T16:30:00+0200,536.26,MW,DE,DE_LU,forecast_offshore_wind_generation,Wind Offshore,2026-06-13T19:07:25Z
2026-06-13T19:05:16Z,2026-06-13T21:05:16+0200,9460a2c8-fa12-4ac2-aa07-8ee932688218,2026-05-22T14:45:00Z,2026-05-22T16:45:00+0200,519.33,MW,DE,DE_LU,forecast_offshore_wind_generation,Wind Offshore,2026-06-13T19:07:25Z
2026-06-13T19:05:16Z,2026-06-13T21:05:16+0200,9460a2c8-fa12-4ac2-aa07-8ee932688218,2026-05-22T15:00:00Z,2026-05-22T17:00:00+0200,508.83,MW,DE,DE_LU,forecast_offshore_wind_generation,Wind Offshore,2026-06-13T19:07:25Z
2026-06-13T19:05:16Z,2026-06-13T21:05:16+0200,9460a2c8-fa12-4ac2-aa07-8ee932688218,2026-05-22T15:15:00Z,2026-05-22T17:15:00+0200,490.32,MW,DE,DE_LU,forecast_offshore_wind_generation,Wind Offshore,2026-06-13T19:07:25Z
2026-06-13T19:05:16Z,2026-06-13T21:05:16+0200,9460a2c8-fa12-4ac2-aa07-8ee932688218,2026-05-22T15:30:00Z,2026-05-22T17:30:00+0200,475.81,MW,DE,DE_LU,forecast_offshore_wind_generation,Wind Offshore,2026-06-13T19:07:25Z
2026-06-13T19:05:16Z,2026-06-13T21:05:16+0200,9460a2c8-fa12-4ac2-aa07-8ee932688218,2026-05-22T15:45:00Z,2026-05-22T17:45:00+0200,455.68,MW,DE,DE_LU,forecast_offshore_wind_generation,Wind Offshore,2026-06-13T19:07:25Z
2026-06-13T19:05:16Z,2026-06-13T21:05:16+0200,9460a2c8-fa12-4ac2-aa07-8ee932688218,2026-05-22T16:00:00Z,2026-05-22T18:00:00+0200,439.63,MW,DE,DE_LU,forecast_offshore_wind_generation,Wind Offshore,2026-06-13T19:07:25Z
2026-06-13T19:05:16Z,2026-06-13T21:05:16+0200,9460a2c8-fa12-4ac2-aa07-8ee932688218,2026-05-22T16:15:00Z,2026-05-22T18:15:00+0200,424.64,MW,DE,DE_LU,forecast_offshore_wind_generation,Wind Offshore,2026-06-13T19:07:25Z
2026-06-13T19:05:16Z,2026-06-13T21:05:16+0200,9460a2c8-fa12-4ac2-aa07-8ee932688218,2026-05-22T16:30:00Z,2026-05-22T18:30:00+0200,414.79,MW,DE,DE_LU,forecast_offshore_wind_generation,Wind Offshore,2026-06-13T19:07:25Z
2026-06-13T19:05:16Z,2026-06-13T21:05:16+0200,9460a2c8-fa12-4ac2-aa07-8ee932688218,2026-05-22T16:45:00Z,2026-05-22T18:45:00+0200,404.49,MW,DE,DE_LU,forecast_offshore_wind_generation,Wind Offshore,2026-06-13T19:07:25Z
2026-06-13T19:05:16Z,2026-06-13T21:05:16+0200,9460a2c8-fa12-4ac2-aa07-8ee932688218,2026-05-22T17:00:00Z,2026-05-22T19:00:00+0200,398.3,MW,DE,DE_LU,forecast_offshore_wind_generation,Wind Offshore,2026-06-13T19:07:25Z
2026-06-13T19:05:16Z,2026-06-13T21:05:16+0200,9460a2c8-fa12-4ac2-aa07-8ee932688218,2026-05-22T17:15:00Z,2026-05-22T19:15:00+0200,403.46,MW,DE,DE_LU,forecast_offshore_wind_generation,Wind Offshore,2026-06-13T19:07:25Z
2026-06-13T19:05:16Z,2026-06-13T21:05:16+0200,9460a2c8-fa12-4ac2-aa07-8ee932688218,2026-05-22T17:30:00Z,2026-05-22T19:30:00+0200,409.61,MW,DE,DE_LU,forecast_offshore_wind_generation,Wind Offshore,2026-06-13T19:07:25Z
2026-06-13T19:05:16Z,2026-06-13T21:05:16+0200,9460a2c8-fa12-4ac2-aa07-8ee932688218,2026-05-22T17:45:00Z,2026-05-22T19:45:00+0200,420.86,MW,DE,DE_LU,forecast_offshore_wind_generation,Wind Offshore,2026-06-13T19:07:25Z
2026-06-13T19:05:16Z,2026-06-13T21:05:16+0200,9460a2c8-fa12-4ac2-aa07-8ee932688218,2026-05-22T18:00:00Z,2026-05-22T20:00:00+0200,433.82,MW,DE,DE_LU,forecast_offshore_wind_generation,Wind Offshore,2026-06-13T19:07:25Z
2026-06-13T19:05:16Z,2026-06-13T21:05:16+0200,9460a2c8-fa12-4ac2-aa07-8ee932688218,2026-05-22T18:15:00Z,2026-05-22T20:15:00+0200,464.97,MW,DE,DE_LU,forecast_offshore_wind_generation,Wind Offshore,2026-06-13T19:07:25Z
2026-06-13T19:05:16Z,2026-06-13T21:05:16+0200,9460a2c8-fa12-4ac2-aa07-8ee932688218,2026-05-22T18:30:00Z,2026-05-22T20:30:00+0200,491.11,MW,DE,DE_LU,forecast_offshore_wind_generation,Wind Offshore,2026-06-13T19:07:25Z
2026-06-13T19:05:16Z,2026-06-13T21:05:16+0200,9460a2c8-fa12-4ac2-aa07-8ee932688218,2026-05-22T18:45:00Z,2026-05-22T20:45:00+0200,522.28,MW,DE,DE_LU,forecast_offshore_wind_generation,Wind Offshore,2026-06-13T19:07:25Z
2026-06-13T19:05:16Z,2026-06-13T21:05:16+0200,9460a2c8-fa12-4ac2-aa07-8ee932688218,2026-05-22T19:00:00Z,2026-05-22T21:00:00+0200,564.49,MW,DE,DE_LU,forecast_offshore_wind_generation,Wind Offshore,2026-06-13T19:07:25Z
2026-06-13T19:05:16Z,2026-06-13T21:05:16+0200,9460a2c8-fa12-4ac2-aa07-8ee932688218,2026-05-22T19:15:00Z,2026-05-22T21:15:00+0200,621.53,MW,DE,DE_LU,forecast_offshore_wind_generation,Wind Offshore,2026-06-13T19:07:25Z
2026-06-13T19:05:16Z,2026-06-13T21:05:16+0200,9460a2c8-fa12-4ac2-aa07-8ee932688218,2026-05-22T19:30:00Z,2026-05-22T21:30:00+0200,684.22,MW,DE,DE_LU,forecast_offshore_wind_generation,Wind Offshore,2026-06-13T19:07:25Z
2026-06-13T19:05:16Z,2026-06-13T21:05:16+0200,9460a2c8-fa12-4ac2-aa07-8ee932688218,2026-05-22T19:45:00Z,2026-05-22T21:45:00+0200,744.85,MW,DE,DE_LU,forecast_offshore_wind_generation,Wind Offshore,2026-06-13T19:07:25Z
2026-06-13T19:05:16Z,2026-06-13T21:05:16+0200,9460a2c8-fa12-4ac2-aa07-8ee932688218,2026-05-22T20:00:00Z,2026-05-22T22:00:00+0200,827.22,MW,DE,DE_LU,forecast_offshore_wind_generation,Wind Offshore,2026-06-13T19:07:25Z
2026-06-13T19:05:16Z,2026-06-13T21:05:16+0200,9460a2c8-fa12-4ac2-aa07-8ee932688218,2026-05-22T20:15:00Z,2026-05-22T22:15:00+0200,927.74,MW,DE,DE_LU,forecast_offshore_wind_generation,Wind Offshore,2026-06-13T19:07:25Z
2026-06-13T19:05:16Z,2026-06-13T21:05:16+0200,9460a2c8-fa12-4ac2-aa07-8ee932688218,2026-05-22T20:30:00Z,2026-05-22T22:30:00+0200,1031.39,MW,DE,DE_LU,forecast_offshore_wind_generation,Wind Offshore,2026-06-13T19:07:25Z
2026-06-13T19:05:16Z,2026-06-13T21:05:16+0200,9460a2c8-fa12-4ac2-aa07-8ee932688218,2026-05-22T20:45:00Z,2026-05-22T22:45:00+0200,1137.2,MW,DE,DE_LU,forecast_offshore_wind_generation,Wind Offshore,2026-06-13T19:07:25Z
2026-06-13T19:05:16Z,2026-06-13T21:05:16+0200,9460a2c8-fa12-4ac2-aa07-8ee932688218,2026-05-22T21:00:00Z,2026-05-22T23:00:00+0200,1258.1,MW,DE,DE_LU,forecast_offshore_wind_generation,Wind Offshore,2026-06-13T19:07:25Z
2026-06-13T19:05:16Z,2026-06-13T21:05:16+0200,9460a2c8-fa12-4ac2-aa07-8ee932688218,2026-05-22T21:15:00Z,2026-05-22T23:15:00+0200,1393.46,MW,DE,DE_LU,forecast_offshore_wind_generation,Wind Offshore,2026-06-13T19:07:25Z
2026-06-13T19:05:16Z,2026-06-13T21:05:16+0200,9460a2c8-fa12-4ac2-aa07-8ee932688218,2026-05-22T21:30:00Z,2026-05-22T23:30:00+0200,1527.52,MW,DE,DE_LU,forecast_offshore_wind_generation,Wind Offshore,2026-06-13T19:07:25Z
2026-06-13T19:05:16Z,2026-06-13T21:05:16+0200,9460a2c8-fa12-4ac2-aa07-8ee932688218,2026-05-22T21:45:00Z,2026-05-22T23:45:00+0200,1667.51,MW,DE,DE_LU,forecast_offshore_wind_generation,Wind Offshore,2026-06-13T19:07:25Z
2026-06-13T19:05:16Z,2026-06-13T21:05:16+0200,9460a2c8-fa12-4ac2-aa07-8ee932688218,2026-05-22T22:00:00Z,2026-05-23T00:00:00+0200,1989.67,MW,DE,DE_LU,forecast_offshore_wind_generation,Wind Offshore,2026-06-13T19:07:25Z
2026-06-13T19:05:16Z,2026-06-13T21:05:16+0200,9460a2c8-fa12-4ac2-aa07-8ee932688218,2026-05-22T22:15:00Z,2026-05-23T00:15:00+0200,2110.25,MW,DE,DE_LU,forecast_offshore_wind_generation,Wind Offshore,2026-06-13T19:07:25Z
2026-06-13T19:05:16Z,2026-06-13T21:05:16+0200,9460a2c8-fa12-4ac2-aa07-8ee932688218,2026-05-22T22:30:00Z,2026-05-23T00:30:00+0200,2227.97,MW,DE,DE_LU,forecast_offshore_wind_generation,Wind Offshore,2026-06-13T19:07:25Z
2026-06-13T19:05:16Z,2026-06-13T21:05:16+0200,9460a2c8-fa12-4ac2-aa07-8ee932688218,2026-05-22T22:45:00Z,2026-05-23T00:45:00+0200,2338.82,MW,DE,DE_LU,forecast_offshore_wind_generation,Wind Offshore,2026-06-13T19:07:25Z
2026-06-13T19:05:16Z,2026-06-13T21:05:16+0200,9460a2c8-fa12-4ac2-aa07-8ee932688218,2026-05-22T23:00:00Z,2026-05-23T01:00:00+0200,2442.65,MW,DE,DE_LU,forecast_offshore_wind_generation,Wind Offshore,2026-06-13T19:07:25Z
2026-06-13T19:05:16Z,2026-06-13T21:05:16+0200,9460a2c8-fa12-4ac2-aa07-8ee932688218,2026-05-22T23:15:00Z,2026-05-23T01:15:00+0200,2525.76,MW,DE,DE_LU,forecast_offshore_wind_generation,Wind Offshore,2026-06-13T19:07:25Z
2026-06-13T19:05:16Z,2026-06-13T21:05:16+0200,9460a2c8-fa12-4ac2-aa07-8ee932688218,2026-05-22T23:30:00Z,2026-05-23T01:30:00+0200,2608.96,MW,DE,DE_LU,forecast_offshore_wind_generation,Wind Offshore,2026-06-13T19:07:25Z
2026-06-13T19:05:16Z,2026-06-13T21:05:16+0200,9460a2c8-fa12-4ac2-aa07-8ee932688218,2026-05-22T23:45:00Z,2026-05-23T01:45:00+0200,2689.23,MW,DE,DE_LU,forecast_offshore_wind_generation,Wind Offshore,2026-06-13T19:07:25Z
2026-06-13T19:05:16Z,2026-06-13T21:05:16+0200,9460a2c8-fa12-4ac2-aa07-8ee932688218,2026-05-23T00:00:00Z,2026-05-23T02:00:00+0200,2768.86,MW,DE,DE_LU,forecast_offshore_wind_generation,Wind Offshore,2026-06-13T19:07:25Z
2026-06-13T19:05:16Z,2026-06-13T21:05:16+0200,9460a2c8-fa12-4ac2-aa07-8ee932688218,2026-05-23T00:15:00Z,2026-05-23T02:15:00+0200,2831.53,MW,DE,DE_LU,forecast_offshore_wind_generation,Wind Offshore,2026-06-13T19:07:25Z
2026-06-13T19:05:16Z,2026-06-13T21:05:16+0200,9460a2c8-fa12-4ac2-aa07-8ee932688218,2026-05-23T00:30:00Z,2026-05-23T02:30:00+0200,2892.32,MW,DE,DE_LU,forecast_offshore_wind_generation,Wind Offshore,2026-06-13T19:07:25Z
2026-06-13T19:05:16Z,2026-06-13T21:05:16+0200,9460a2c8-fa12-4ac2-aa07-8ee932688218,2026-05-23T00:45:00Z,2026-05-23T02:45:00+0200,2961.36,MW,DE,DE_LU,forecast_offshore_wind_generation,Wind Offshore,2026-06-13T19:07:25Z
2026-06-13T19:05:16Z,2026-06-13T21:05:16+0200,9460a2c8-fa12-4ac2-aa07-8ee932688218,2026-05-23T01:00:00Z,2026-05-23T03:00:00+0200,3020.23,MW,DE,DE_LU,forecast_offshore_wind_generation,Wind Offshore,2026-06-13T19:07:25Z
2026-06-13T19:05:16Z,2026-06-13T21:05:16+0200,9460a2c8-fa12-4ac2-aa07-8ee932688218,2026-05-23T01:15:00Z,2026-05-23T03:15:00+0200,3094.82,MW,DE,DE_LU,forecast_offshore_wind_generation,Wind Offshore,2026-06-13T19:07:25Z
2026-06-13T19:05:16Z,2026-06-13T21:05:16+0200,9460a2c8-fa12-4ac2-aa07-8ee932688218,2026-05-23T01:30:00Z,2026-05-23T03:30:00+0200,3168.57,MW,DE,DE_LU,forecast_offshore_wind_generation,Wind Offshore,2026-06-13T19:07:25Z
2026-06-13T19:05:16Z,2026-06-13T21:05:16+0200,9460a2c8-fa12-4ac2-aa07-8ee932688218,2026-05-23T01:45:00Z,2026-05-23T03:45:00+0200,3238.33,MW,DE,DE_LU,forecast_offshore_wind_generation,Wind Offshore,2026-06-13T19:07:25Z
2026-06-13T19:05:16Z,2026-06-13T21:05:16+0200,9460a2c8-fa12-4ac2-aa07-8ee932688218,2026-05-23T02:00:00Z,2026-05-23T04:00:00+0200,3304.27,MW,DE,DE_LU,forecast_offshore_wind_generation,Wind Offshore,2026-06-13T19:07:25Z
2026-06-13T19:05:16Z,2026-06-13T21:05:16+0200,9460a2c8-fa12-4ac2-aa07-8ee932688218,2026-05-23T02:15:00Z,2026-05-23T04:15:00+0200,3371.33,MW,DE,DE_LU,forecast_offshore_wind_generation,Wind Offshore,2026-06-13T19:07:25Z
2026-06-13T19:05:16Z,2026-06-13T21:05:16+0200,9460a2c8-fa12-4ac2-aa07-8ee932688218,2026-05-23T02:30:00Z,2026-05-23T04:30:00+0200,3428.39,MW,DE,DE_LU,forecast_offshore_wind_generation,Wind Offshore,2026-06-13T19:07:25Z
2026-06-13T19:05:16Z,2026-06-13T21:05:16+0200,9460a2c8-fa12-4ac2-aa07-8ee932688218,2026-05-23T02:45:00Z,2026-05-23T04:45:00+0200,3486.4,MW,DE,DE_LU,forecast_offshore_wind_generation,Wind Offshore,2026-06-13T19:07:25Z
2026-06-13T19:05:16Z,2026-06-13T21:05:16+0200,9460a2c8-fa12-4ac2-aa07-8ee932688218,2026-05-23T03:00:00Z,2026-05-23T05:00:00+0200,3544.09,MW,DE,DE_LU,forecast_offshore_wind_generation,Wind Offshore,2026-06-13T19:07:25Z
2026-06-13T19:05:16Z,2026-06-13T21:05:16+0200,9460a2c8-fa12-4ac2-aa07-8ee932688218,2026-05-23T03:15:00Z,2026-05-23T05:15:00+0200,3604.18,MW,DE,DE_LU,forecast_offshore_wind_generation,Wind Offshore,2026-06-13T19:07:25Z
2026-06-13T19:05:16Z,2026-06-13T21:05:16+0200,9460a2c8-fa12-4ac2-aa07-8ee932688218,2026-05-23T03:30:00Z,2026-05-23T05:30:00+0200,3657.67,MW,DE,DE_LU,forecast_offshore_wind_generation,Wind Offshore,2026-06-13T19:07:25Z
2026-06-13T19:05:16Z,2026-06-13T21:05:16+0200,9460a2c8-fa12-4ac2-aa07-8ee932688218,2026-05-23T03:45:00Z,2026-05-23T05:45:00+0200,3713.27,MW,DE,DE_LU,forecast_offshore_wind_generation,Wind Offshore,2026-06-13T19:07:25Z
2026-06-13T19:05:16Z,2026-06-13T21:05:16+0200,9460a2c8-fa12-4ac2-aa07-8ee932688218,2026-05-23T04:00:00Z,2026-05-23T06:00:00+0200,3766.7,MW,DE,DE_LU,forecast_offshore_wind_generation,Wind Offshore,2026-06-13T19:07:25Z
2026-06-13T19:05:16Z,2026-06-13T21:05:16+0200,9460a2c8-fa12-4ac2-aa07-8ee932688218,2026-05-23T04:15:00Z,2026-05-23T06:15:00+0200,3777.38,MW,DE,DE_LU,forecast_offshore_wind_generation,Wind Offshore,2026-06-13T19:07:25Z
2026-06-13T19:05:16Z,2026-06-13T21:05:16+0200,9460a2c8-fa12-4ac2-aa07-8ee932688218,2026-05-23T04:30:00Z,2026-05-23T06:30:00+0200,3789.09,MW,DE,DE_LU,forecast_offshore_wind_generation,Wind Offshore,2026-06-13T19:07:25Z
2026-06-13T19:05:16Z,2026-06-13T21:05:16+0200,9460a2c8-fa12-4ac2-aa07-8ee932688218,2026-05-23T04:45:00Z,2026-05-23T06:45:00+0200,3795.91,MW,DE,DE_LU,forecast_offshore_wind_generation,Wind Offshore,2026-06-13T19:07:25Z
2026-06-13T19:05:16Z,2026-06-13T21:05:16+0200,9460a2c8-fa12-4ac2-aa07-8ee932688218,2026-05-23T05:00:00Z,2026-05-23T07:00:00+0200,3791.55,MW,DE,DE_LU,forecast_offshore_wind_generation,Wind Offshore,2026-06-13T19:07:25Z
2026-06-13T19:05:16Z,2026-06-13T21:05:16+0200,9460a2c8-fa12-4ac2-aa07-8ee932688218,2026-05-23T05:15:00Z,2026-05-23T07:15:00+0200,3764.13,MW,DE,DE_LU,forecast_offshore_wind_generation,Wind Offshore,2026-06-13T19:07:25Z
2026-06-13T19:05:16Z,2026-06-13T21:05:16+0200,9460a2c8-fa12-4ac2-aa07-8ee932688218,2026-05-23T05:30:00Z,2026-05-23T07:30:00+0200,3735.72,MW,DE,DE_LU,forecast_offshore_wind_generation,Wind Offshore,2026-06-13T19:07:25Z
2026-06-13T19:05:16Z,2026-06-13T21:05:16+0200,9460a2c8-fa12-4ac2-aa07-8ee932688218,2026-05-23T05:45:00Z,2026-05-23T07:45:00+0200,3710.32,MW,DE,DE_LU,forecast_offshore_wind_generation,Wind Offshore,2026-06-13T19:07:25Z
2026-06-13T19:05:16Z,2026-06-13T21:05:16+0200,9460a2c8-fa12-4ac2-aa07-8ee932688218,2026-05-23T06:00:00Z,2026-05-23T08:00:00+0200,3656.93,MW,DE,DE_LU,forecast_offshore_wind_generation,Wind Offshore,2026-06-13T19:07:25Z
2026-06-13T19:05:16Z,2026-06-13T21:05:16+0200,9460a2c8-fa12-4ac2-aa07-8ee932688218,2026-05-23T06:15:00Z,2026-05-23T08:15:00+0200,3553.51,MW,DE,DE_LU,forecast_offshore_wind_generation,Wind Offshore,2026-06-13T19:07:25Z
2026-06-13T19:05:16Z,2026-06-13T21:05:16+0200,9460a2c8-fa12-4ac2-aa07-8ee932688218,2026-05-23T06:30:00Z,2026-05-23T08:30:00+0200,3351.18,MW,DE,DE_LU,forecast_offshore_wind_generation,Wind Offshore,2026-06-13T19:07:25Z
2026-06-13T19:05:16Z,2026-06-13T21:05:16+0200,9460a2c8-fa12-4ac2-aa07-8ee932688218,2026-05-23T06:45:00Z,2026-05-23T08:45:00+0200,3215.99,MW,DE,DE_LU,forecast_offshore_wind_generation,Wind Offshore,2026-06-13T19:07:25Z
2026-06-13T19:05:16Z,2026-06-13T21:05:16+0200,9460a2c8-fa12-4ac2-aa07-8ee932688218,2026-05-23T07:00:00Z,2026-05-23T09:00:00+0200,3107.54,MW,DE,DE_LU,forecast_offshore_wind_generation,Wind Offshore,2026-06-13T19:07:25Z
2026-06-13T19:05:16Z,2026-06-13T21:05:16+0200,9460a2c8-fa12-4ac2-aa07-8ee932688218,2026-05-23T07:15:00Z,2026-05-23T09:15:00+0200,2985.44,MW,DE,DE_LU,forecast_offshore_wind_generation,Wind Offshore,2026-06-13T19:07:25Z
2026-06-13T19:05:16Z,2026-06-13T21:05:16+0200,9460a2c8-fa12-4ac2-aa07-8ee932688218,2026-05-23T07:30:00Z,2026-05-23T09:30:00+0200,2859.25,MW,DE,DE_LU,forecast_offshore_wind_generation,Wind Offshore,2026-06-13T19:07:25Z
2026-06-13T19:05:16Z,2026-06-13T21:05:16+0200,9460a2c8-fa12-4ac2-aa07-8ee932688218,2026-05-23T07:45:00Z,2026-05-23T09:45:00+0200,2731.06,MW,DE,DE_LU,forecast_offshore_wind_generation,Wind Offshore,2026-06-13T19:07:25Z
2026-06-13T19:05:16Z,2026-06-13T21:05:16+0200,9460a2c8-fa12-4ac2-aa07-8ee932688218,2026-05-23T08:00:00Z,2026-05-23T10:00:00+0200,1109.2,MW,DE,DE_LU,forecast_offshore_wind_generation,Wind Offshore,2026-06-13T19:07:25Z
2026-06-13T19:05:16Z,2026-06-13T21:05:16+0200,9460a2c8-fa12-4ac2-aa07-8ee932688218,2026-05-23T08:15:00Z,2026-05-23T10:15:00+0200,1050.43,MW,DE,DE_LU,forecast_offshore_wind_generation,Wind Offshore,2026-06-13T19:07:25Z
2026-06-13T19:05:16Z,2026-06-13T21:05:16+0200,9460a2c8-fa12-4ac2-aa07-8ee932688218,2026-05-23T08:30:00Z,2026-05-23T10:30:00+0200,995.93,MW,DE,DE_LU,forecast_offshore_wind_generation,Wind Offshore,2026-06-13T19:07:25Z
2026-06-13T19:05:16Z,2026-06-13T21:05:16+0200,9460a2c8-fa12-4ac2-aa07-8ee932688218,2026-05-23T08:45:00Z,2026-05-23T10:45:00+0200,942.02,MW,DE,DE_LU,forecast_offshore_wind_generation,Wind Offshore,2026-06-13T19:07:25Z
2026-06-13T19:05:16Z,2026-06-13T21:05:16+0200,9460a2c8-fa12-4ac2-aa07-8ee932688218,2026-05-23T09:00:00Z,2026-05-23T11:00:00+0200,872.18,MW,DE,DE_LU,forecast_offshore_wind_generation,Wind Offshore,2026-06-13T19:07:25Z
2026-06-13T19:05:16Z,2026-06-13T21:05:16+0200,9460a2c8-fa12-4ac2-aa07-8ee932688218,2026-05-23T09:15:00Z,2026-05-23T11:15:00+0200,822.49,MW,DE,DE_LU,forecast_offshore_wind_generation,Wind Offshore,2026-06-13T19:07:25Z
2026-06-13T19:05:16Z,2026-06-13T21:05:16+0200,9460a2c8-fa12-4ac2-aa07-8ee932688218,2026-05-23T09:30:00Z,2026-05-23T11:30:00+0200,772.93,MW,DE,DE_LU,forecast_offshore_wind_generation,Wind Offshore,2026-06-13T19:07:25Z
2026-06-13T19:05:16Z,2026-06-13T21:05:16+0200,9460a2c8-fa12-4ac2-aa07-8ee932688218,2026-05-23T09:45:00Z,2026-05-23T11:45:00+0200,720.59,MW,DE,DE_LU,forecast_offshore_wind_generation,Wind Offshore,2026-06-13T19:07:25Z
2026-06-13T19:05:16Z,2026-06-13T21:05:16+0200,9460a2c8-fa12-4ac2-aa07-8ee932688218,2026-05-23T10:00:00Z,2026-05-23T12:00:00+0200,674.83,MW,DE,DE_LU,forecast_offshore_wind_generation,Wind Offshore,2026-06-13T19:07:25Z
2026-06-13T19:05:16Z,2026-06-13T21:05:16+0200,9460a2c8-fa12-4ac2-aa07-8ee932688218,2026-05-23T10:15:00Z,2026-05-23T12:15:00+0200,638.04,MW,DE,DE_LU,forecast_offshore_wind_generation,Wind Offshore,2026-06-13T19:07:25Z
2026-06-13T19:05:16Z,2026-06-13T21:05:16+0200,9460a2c8-fa12-4ac2-aa07-8ee932688218,2026-05-23T10:30:00Z,2026-05-23T12:30:00+0200,598.26,MW,DE,DE_LU,forecast_offshore_wind_generation,Wind Offshore,2026-06-13T19:07:25Z
2026-06-13T19:05:16Z,2026-06-13T21:05:16+0200,9460a2c8-fa12-4ac2-aa07-8ee932688218,2026-05-23T10:45:00Z,2026-05-23T12:45:00+0200,561.49,MW,DE,DE_LU,forecast_offshore_wind_generation,Wind Offshore,2026-06-13T19:07:25Z
2026-06-13T19:05:16Z,2026-06-13T21:05:16+0200,9460a2c8-fa12-4ac2-aa07-8ee932688218,2026-05-23T11:00:00Z,2026-05-23T13:00:00+0200,529.83,MW,DE,DE_LU,forecast_offshore_wind_generation,Wind Offshore,2026-06-13T19:07:25Z
2026-06-13T19:05:16Z,2026-06-13T21:05:16+0200,9460a2c8-fa12-4ac2-aa07-8ee932688218,2026-05-23T11:15:00Z,2026-05-23T13:15:00+0200,513.21,MW,DE,DE_LU,forecast_offshore_wind_generation,Wind Offshore,2026-06-13T19:07:25Z
2026-06-13T19:05:16Z,2026-06-13T21:05:16+0200,9460a2c8-fa12-4ac2-aa07-8ee932688218,2026-05-23T11:30:00Z,2026-05-23T13:30:00+0200,494.7,MW,DE,DE_LU,forecast_offshore_wind_generation,Wind Offshore,2026-06-13T19:07:25Z
2026-06-13T19:05:16Z,2026-06-13T21:05:16+0200,9460a2c8-fa12-4ac2-aa07-8ee932688218,2026-05-23T11:45:00Z,2026-05-23T13:45:00+0200,476.37,MW,DE,DE_LU,forecast_offshore_wind_generation,Wind Offshore,2026-06-13T19:07:25Z
2026-06-13T19:05:16Z,2026-06-13T21:05:16+0200,9460a2c8-fa12-4ac2-aa07-8ee932688218,2026-05-23T12:00:00Z,2026-05-23T14:00:00+0200,461.07,MW,DE,DE_LU,forecast_offshore_wind_generation,Wind Offshore,2026-06-13T19:07:25Z
2026-06-13T19:05:16Z,2026-06-13T21:05:16+0200,9460a2c8-fa12-4ac2-aa07-8ee932688218,2026-05-23T12:15:00Z,2026-05-23T14:15:00+0200,442.16,MW,DE,DE_LU,forecast_offshore_wind_generation,Wind Offshore,2026-06-13T19:07:25Z
2026-06-13T19:05:16Z,2026-06-13T21:05:16+0200,9460a2c8-fa12-4ac2-aa07-8ee932688218,2026-05-23T12:30:00Z,2026-05-23T14:30:00+0200,423.34,MW,DE,DE_LU,forecast_offshore_wind_generation,Wind Offshore,2026-06-13T19:07:25Z
2026-06-13T19:05:16Z,2026-06-13T21:05:16+0200,9460a2c8-fa12-4ac2-aa07-8ee932688218,2026-05-23T12:45:00Z,2026-05-23T14:45:00+0200,402.39,MW,DE,DE_LU,forecast_offshore_wind_generation,Wind Offshore,2026-06-13T19:07:25Z
2026-06-13T19:05:16Z,2026-06-13T21:05:16+0200,9460a2c8-fa12-4ac2-aa07-8ee932688218,2026-05-23T13:00:00Z,2026-05-23T15:00:00+0200,384.65,MW,DE,DE_LU,forecast_offshore_wind_generation,Wind Offshore,2026-06-13T19:07:25Z
2026-06-13T19:05:16Z,2026-06-13T21:05:16+0200,9460a2c8-fa12-4ac2-aa07-8ee932688218,2026-05-23T13:15:00Z,2026-05-23T15:15:00+0200,373.28,MW,DE,DE_LU,forecast_offshore_wind_generation,Wind Offshore,2026-06-13T19:07:25Z
2026-06-13T19:05:16Z,2026-06-13T21:05:16+0200,9460a2c8-fa12-4ac2-aa07-8ee932688218,2026-05-23T13:30:00Z,2026-05-23T15:30:00+0200,357.94,MW,DE,DE_LU,forecast_offshore_wind_generation,Wind Offshore,2026-06-13T19:07:25Z
2026-06-13T19:05:16Z,2026-06-13T21:05:16+0200,9460a2c8-fa12-4ac2-aa07-8ee932688218,2026-05-23T13:45:00Z,2026-05-23T15:45:00+0200,344.67,MW,DE,DE_LU,forecast_offshore_wind_generation,Wind Offshore,2026-06-13T19:07:25Z
2026-06-13T19:05:16Z,2026-06-13T21:05:16+0200,9460a2c8-fa12-4ac2-aa07-8ee932688218,2026-05-23T14:00:00Z,2026-05-23T16:00:00+0200,337.32,MW,DE,DE_LU,forecast_offshore_wind_generation,Wind Offshore,2026-06-13T19:07:25Z
2026-06-13T19:05:16Z,2026-06-13T21:05:16+0200,9460a2c8-fa12-4ac2-aa07-8ee932688218,2026-05-23T14:15:00Z,2026-05-23T16:15:00+0200,338.91,MW,DE,DE_LU,forecast_offshore_wind_generation,Wind Offshore,2026-06-13T19:07:25Z
2026-06-13T19:05:16Z,2026-06-13T21:05:16+0200,9460a2c8-fa12-4ac2-aa07-8ee932688218,2026-05-23T14:30:00Z,2026-05-23T16:30:00+0200,343.53,MW,DE,DE_LU,forecast_offshore_wind_generation,Wind Offshore,2026-06-13T19:07:25Z
2026-06-13T19:05:16Z,2026-06-13T21:05:16+0200,9460a2c8-fa12-4ac2-aa07-8ee932688218,2026-05-23T14:45:00Z,2026-05-23T16:45:00+0200,345.22,MW,DE,DE_LU,forecast_offshore_wind_generation,Wind Offshore,2026-06-13T19:07:25Z
2026-06-13T19:05:16Z,2026-06-13T21:05:16+0200,9460a2c8-fa12-4ac2-aa07-8ee932688218,2026-05-23T15:00:00Z,2026-05-23T17:00:00+0200,675.22,MW,DE,DE_LU,forecast_offshore_wind_generation,Wind Offshore,2026-06-13T19:07:25Z
2026-06-13T19:05:16Z,2026-06-13T21:05:16+0200,9460a2c8-fa12-4ac2-aa07-8ee932688218,2026-05-23T15:15:00Z,2026-05-23T17:15:00+0200,671.88,MW,DE,DE_LU,forecast_offshore_wind_generation,Wind Offshore,2026-06-13T19:07:25Z
2026-06-13T19:05:16Z,2026-06-13T21:05:16+0200,9460a2c8-fa12-4ac2-aa07-8ee932688218,2026-05-23T15:30:00Z,2026-05-23T17:30:00+0200,661.85,MW,DE,DE_LU,forecast_offshore_wind_generation,Wind Offshore,2026-06-13T19:07:25Z
2026-06-13T19:05:16Z,2026-06-13T21:05:16+0200,9460a2c8-fa12-4ac2-aa07-8ee932688218,2026-05-23T15:45:00Z,2026-05-23T17:45:00+0200,656.5,MW,DE,DE_LU,forecast_offshore_wind_generation,Wind Offshore,2026-06-13T19:07:25Z
2026-06-13T19:05:16Z,2026-06-13T21:05:16+0200,9460a2c8-fa12-4ac2-aa07-8ee932688218,2026-05-23T16:00:00Z,2026-05-23T18:00:00+0200,649.19,MW,DE,DE_LU,forecast_offshore_wind_generation,Wind Offshore,2026-06-13T19:07:25Z
2026-06-13T19:05:16Z,2026-06-13T21:05:16+0200,9460a2c8-fa12-4ac2-aa07-8ee932688218,2026-05-23T16:15:00Z,2026-05-23T18:15:00+0200,648.94,MW,DE,DE_LU,forecast_offshore_wind_generation,Wind Offshore,2026-06-13T19:07:25Z
2026-06-13T19:05:16Z,2026-06-13T21:05:16+0200,9460a2c8-fa12-4ac2-aa07-8ee932688218,2026-05-23T16:30:00Z,2026-05-23T18:30:00+0200,640.15,MW,DE,DE_LU,forecast_offshore_wind_generation,Wind Offshore,2026-06-13T19:07:25Z
2026-06-13T19:05:16Z,2026-06-13T21:05:16+0200,9460a2c8-fa12-4ac2-aa07-8ee932688218,2026-05-23T16:45:00Z,2026-05-23T18:45:00+0200,626.75,MW,DE,DE_LU,forecast_offshore_wind_generation,Wind Offshore,2026-06-13T19:07:25Z
2026-06-13T19:05:16Z,2026-06-13T21:05:16+0200,9460a2c8-fa12-4ac2-aa07-8ee932688218,2026-05-23T17:00:00Z,2026-05-23T19:00:00+0200,624.6,MW,DE,DE_LU,forecast_offshore_wind_generation,Wind Offshore,2026-06-13T19:07:25Z
2026-06-13T19:05:16Z,2026-06-13T21:05:16+0200,9460a2c8-fa12-4ac2-aa07-8ee932688218,2026-05-23T17:15:00Z,2026-05-23T19:15:00+0200,625.23,MW,DE,DE_LU,forecast_offshore_wind_generation,Wind Offshore,2026-06-13T19:07:25Z
2026-06-13T19:05:16Z,2026-06-13T21:05:16+0200,9460a2c8-fa12-4ac2-aa07-8ee932688218,2026-05-23T17:30:00Z,2026-05-23T19:30:00+0200,623.9,MW,DE,DE_LU,forecast_offshore_wind_generation,Wind Offshore,2026-06-13T19:07:25Z
2026-06-13T19:05:16Z,2026-06-13T21:05:16+0200,9460a2c8-fa12-4ac2-aa07-8ee932688218,2026-05-23T17:45:00Z,2026-05-23T19:45:00+0200,620.67,MW,DE,DE_LU,forecast_offshore_wind_generation,Wind Offshore,2026-06-13T19:07:25Z
2026-06-13T19:05:16Z,2026-06-13T21:05:16+0200,9460a2c8-fa12-4ac2-aa07-8ee932688218,2026-05-23T18:00:00Z,2026-05-23T20:00:00+0200,628.98,MW,DE,DE_LU,forecast_offshore_wind_generation,Wind Offshore,2026-06-13T19:07:25Z
2026-06-13T19:05:16Z,2026-06-13T21:05:16+0200,9460a2c8-fa12-4ac2-aa07-8ee932688218,2026-05-23T18:15:00Z,2026-05-23T20:15:00+0200,633.47,MW,DE,DE_LU,forecast_offshore_wind_generation,Wind Offshore,2026-06-13T19:07:25Z
2026-06-13T19:05:16Z,2026-06-13T21:05:16+0200,9460a2c8-fa12-4ac2-aa07-8ee932688218,2026-05-23T18:30:00Z,2026-05-23T20:30:00+0200,643.78,MW,DE,DE_LU,forecast_offshore_wind_generation,Wind Offshore,2026-06-13T19:07:25Z
2026-06-13T19:05:16Z,2026-06-13T21:05:16+0200,9460a2c8-fa12-4ac2-aa07-8ee932688218,2026-05-23T18:45:00Z,2026-05-23T20:45:00+0200,658.21,MW,DE,DE_LU,forecast_offshore_wind_generation,Wind Offshore,2026-06-13T19:07:25Z
2026-06-13T19:05:16Z,2026-06-13T21:05:16+0200,9460a2c8-fa12-4ac2-aa07-8ee932688218,2026-05-23T19:00:00Z,2026-05-23T21:00:00+0200,671.64,MW,DE,DE_LU,forecast_offshore_wind_generation,Wind Offshore,2026-06-13T19:07:25Z
2026-06-13T19:05:16Z,2026-06-13T21:05:16+0200,9460a2c8-fa12-4ac2-aa07-8ee932688218,2026-05-23T19:15:00Z,2026-05-23T21:15:00+0200,686.23,MW,DE,DE_LU,forecast_offshore_wind_generation,Wind Offshore,2026-06-13T19:07:25Z
2026-06-13T19:05:16Z,2026-06-13T21:05:16+0200,9460a2c8-fa12-4ac2-aa07-8ee932688218,2026-05-23T19:30:00Z,2026-05-23T21:30:00+0200,697.41,MW,DE,DE_LU,forecast_offshore_wind_generation,Wind Offshore,2026-06-13T19:07:25Z
2026-06-13T19:05:16Z,2026-06-13T21:05:16+0200,9460a2c8-fa12-4ac2-aa07-8ee932688218,2026-05-23T19:45:00Z,2026-05-23T21:45:00+0200,711.77,MW,DE,DE_LU,forecast_offshore_wind_generation,Wind Offshore,2026-06-13T19:07:25Z
2026-06-13T19:05:16Z,2026-06-13T21:05:16+0200,9460a2c8-fa12-4ac2-aa07-8ee932688218,2026-05-23T20:00:00Z,2026-05-23T22:00:00+0200,732.39,MW,DE,DE_LU,forecast_offshore_wind_generation,Wind Offshore,2026-06-13T19:07:25Z
2026-06-13T19:05:16Z,2026-06-13T21:05:16+0200,9460a2c8-fa12-4ac2-aa07-8ee932688218,2026-05-23T20:15:00Z,2026-05-23T22:15:00+0200,743.3,MW,DE,DE_LU,forecast_offshore_wind_generation,Wind Offshore,2026-06-13T19:07:25Z
2026-06-13T19:05:16Z,2026-06-13T21:05:16+0200,9460a2c8-fa12-4ac2-aa07-8ee932688218,2026-05-23T20:30:00Z,2026-05-23T22:30:00+0200,754.92,MW,DE,DE_LU,forecast_offshore_wind_generation,Wind Offshore,2026-06-13T19:07:25Z
2026-06-13T19:05:16Z,2026-06-13T21:05:16+0200,9460a2c8-fa12-4ac2-aa07-8ee932688218,2026-05-23T20:45:00Z,2026-05-23T22:45:00+0200,762.35,MW,DE,DE_LU,forecast_offshore_wind_generation,Wind Offshore,2026-06-13T19:07:25Z
2026-06-13T19:05:16Z,2026-06-13T21:05:16+0200,9460a2c8-fa12-4ac2-aa07-8ee932688218,2026-05-23T21:00:00Z,2026-05-23T23:00:00+0200,777.64,MW,DE,DE_LU,forecast_offshore_wind_generation,Wind Offshore,2026-06-13T19:07:25Z
2026-06-13T19:05:16Z,2026-06-13T21:05:16+0200,9460a2c8-fa12-4ac2-aa07-8ee932688218,2026-05-23T21:15:00Z,2026-05-23T23:15:00+0200,773.99,MW,DE,DE_LU,forecast_offshore_wind_generation,Wind Offshore,2026-06-13T19:07:25Z
2026-06-13T19:05:16Z,2026-06-13T21:05:16+0200,9460a2c8-fa12-4ac2-aa07-8ee932688218,2026-05-23T21:30:00Z,2026-05-23T23:30:00+0200,773.92,MW,DE,DE_LU,forecast_offshore_wind_generation,Wind Offshore,2026-06-13T19:07:25Z
2026-06-13T19:05:16Z,2026-06-13T21:05:16+0200,9460a2c8-fa12-4ac2-aa07-8ee932688218,2026-05-23T21:45:00Z,2026-05-23T23:45:00+0200,771.48,MW,DE,DE_LU,forecast_offshore_wind_generation,Wind Offshore,2026-06-13T19:07:25Z
2026-06-13T19:05:16Z,2026-06-13T21:05:16+0200,9460a2c8-fa12-4ac2-aa07-8ee932688218,2026-05-23T22:00:00Z,2026-05-24T00:00:00+0200,629.85,MW,DE,DE_LU,forecast_offshore_wind_generation,Wind Offshore,2026-06-13T19:07:25Z
2026-06-13T19:05:16Z,2026-06-13T21:05:16+0200,9460a2c8-fa12-4ac2-aa07-8ee932688218,2026-05-23T22:15:00Z,2026-05-24T00:15:00+0200,640.06,MW,DE,DE_LU,forecast_offshore_wind_generation,Wind Offshore,2026-06-13T19:07:25Z
2026-06-13T19:05:16Z,2026-06-13T21:05:16+0200,9460a2c8-fa12-4ac2-aa07-8ee932688218,2026-05-23T22:30:00Z,2026-05-24T00:30:00+0200,650.85,MW,DE,DE_LU,forecast_offshore_wind_generation,Wind Offshore,2026-06-13T19:07:25Z
2026-06-13T19:05:16Z,2026-06-13T21:05:16+0200,9460a2c8-fa12-4ac2-aa07-8ee932688218,2026-05-23T22:45:00Z,2026-05-24T00:45:00+0200,659.89,MW,DE,DE_LU,forecast_offshore_wind_generation,Wind Offshore,2026-06-13T19:07:25Z
2026-06-13T19:05:16Z,2026-06-13T21:05:16+0200,9460a2c8-fa12-4ac2-aa07-8ee932688218,2026-05-23T23:00:00Z,2026-05-24T01:00:00+0200,670.35,MW,DE,DE_LU,forecast_offshore_wind_generation,Wind Offshore,2026-06-13T19:07:25Z
2026-06-13T19:05:16Z,2026-06-13T21:05:16+0200,9460a2c8-fa12-4ac2-aa07-8ee932688218,2026-05-23T23:15:00Z,2026-05-24T01:15:00+0200,665.43,MW,DE,DE_LU,forecast_offshore_wind_generation,Wind Offshore,2026-06-13T19:07:25Z
2026-06-13T19:05:16Z,2026-06-13T21:05:16+0200,9460a2c8-fa12-4ac2-aa07-8ee932688218,2026-05-23T23:30:00Z,2026-05-24T01:30:00+0200,661.81,MW,DE,DE_LU,forecast_offshore_wind_generation,Wind Offshore,2026-06-13T19:07:25Z
2026-06-13T19:05:16Z,2026-06-13T21:05:16+0200,9460a2c8-fa12-4ac2-aa07-8ee932688218,2026-05-23T23:45:00Z,2026-05-24T01:45:00+0200,658.73,MW,DE,DE_LU,forecast_offshore_wind_generation,Wind Offshore,2026-06-13T19:07:25Z
2026-06-13T19:05:16Z,2026-06-13T21:05:16+0200,9460a2c8-fa12-4ac2-aa07-8ee932688218,2026-05-24T00:00:00Z,2026-05-24T02:00:00+0200,657.53,MW,DE,DE_LU,forecast_offshore_wind_generation,Wind Offshore,2026-06-13T19:07:25Z
2026-06-13T19:05:16Z,2026-06-13T21:05:16+0200,9460a2c8-fa12-4ac2-aa07-8ee932688218,2026-05-24T00:15:00Z,2026-05-24T02:15:00+0200,658.42,MW,DE,DE_LU,forecast_offshore_wind_generation,Wind Offshore,2026-06-13T19:07:25Z
2026-06-13T19:05:16Z,2026-06-13T21:05:16+0200,9460a2c8-fa12-4ac2-aa07-8ee932688218,2026-05-24T00:30:00Z,2026-05-24T02:30:00+0200,658.4,MW,DE,DE_LU,forecast_offshore_wind_generation,Wind Offshore,2026-06-13T19:07:25Z
2026-06-13T19:05:16Z,2026-06-13T21:05:16+0200,9460a2c8-fa12-4ac2-aa07-8ee932688218,2026-05-24T00:45:00Z,2026-05-24T02:45:00+0200,664.6,MW,DE,DE_LU,forecast_offshore_wind_generation,Wind Offshore,2026-06-13T19:07:25Z
2026-06-13T19:05:16Z,2026-06-13T21:05:16+0200,9460a2c8-fa12-4ac2-aa07-8ee932688218,2026-05-24T01:00:00Z,2026-05-24T03:00:00+0200,658.6,MW,DE,DE_LU,forecast_offshore_wind_generation,Wind Offshore,2026-06-13T19:07:25Z
2026-06-13T19:05:16Z,2026-06-13T21:05:16+0200,9460a2c8-fa12-4ac2-aa07-8ee932688218,2026-05-24T01:15:00Z,2026-05-24T03:15:00+0200,639.28,MW,DE,DE_LU,forecast_offshore_wind_generation,Wind Offshore,2026-06-13T19:07:25Z
2026-06-13T19:05:16Z,2026-06-13T21:05:16+0200,9460a2c8-fa12-4ac2-aa07-8ee932688218,2026-05-24T01:30:00Z,2026-05-24T03:30:00+0200,627.4,MW,DE,DE_LU,forecast_offshore_wind_generation,Wind Offshore,2026-06-13T19:07:25Z
2026-06-13T19:05:16Z,2026-06-13T21:05:16+0200,9460a2c8-fa12-4ac2-aa07-8ee932688218,2026-05-24T01:45:00Z,2026-05-24T03:45:00+0200,613.61,MW,DE,DE_LU,forecast_offshore_wind_generation,Wind Offshore,2026-06-13T19:07:25Z
2026-06-13T19:05:16Z,2026-06-13T21:05:16+0200,9460a2c8-fa12-4ac2-aa07-8ee932688218,2026-05-24T02:00:00Z,2026-05-24T04:00:00+0200,600.03,MW,DE,DE_LU,forecast_offshore_wind_generation,Wind Offshore,2026-06-13T19:07:25Z
2026-06-13T19:05:16Z,2026-06-13T21:05:16+0200,9460a2c8-fa12-4ac2-aa07-8ee932688218,2026-05-24T02:15:00Z,2026-05-24T04:15:00+0200,581.07,MW,DE,DE_LU,forecast_offshore_wind_generation,Wind Offshore,2026-06-13T19:07:25Z
2026-06-13T19:05:16Z,2026-06-13T21:05:16+0200,9460a2c8-fa12-4ac2-aa07-8ee932688218,2026-05-24T02:30:00Z,2026-05-24T04:30:00+0200,556.42,MW,DE,DE_LU,forecast_offshore_wind_generation,Wind Offshore,2026-06-13T19:07:25Z
2026-06-13T19:05:16Z,2026-06-13T21:05:16+0200,9460a2c8-fa12-4ac2-aa07-8ee932688218,2026-05-24T02:45:00Z,2026-05-24T04:45:00+0200,541.1,MW,DE,DE_LU,forecast_offshore_wind_generation,Wind Offshore,2026-06-13T19:07:25Z
2026-06-13T19:05:16Z,2026-06-13T21:05:16+0200,9460a2c8-fa12-4ac2-aa07-8ee932688218,2026-05-24T03:00:00Z,2026-05-24T05:00:00+0200,516.04,MW,DE,DE_LU,forecast_offshore_wind_generation,Wind Offshore,2026-06-13T19:07:25Z
2026-06-13T19:05:16Z,2026-06-13T21:05:16+0200,9460a2c8-fa12-4ac2-aa07-8ee932688218,2026-05-24T03:15:00Z,2026-05-24T05:15:00+0200,502.33,MW,DE,DE_LU,forecast_offshore_wind_generation,Wind Offshore,2026-06-13T19:07:25Z
2026-06-13T19:05:16Z,2026-06-13T21:05:16+0200,9460a2c8-fa12-4ac2-aa07-8ee932688218,2026-05-24T03:30:00Z,2026-05-24T05:30:00+0200,483.52,MW,DE,DE_LU,forecast_offshore_wind_generation,Wind Offshore,2026-06-13T19:07:25Z
2026-06-13T19:05:16Z,2026-06-13T21:05:16+0200,9460a2c8-fa12-4ac2-aa07-8ee932688218,2026-05-24T03:45:00Z,2026-05-24T05:45:00+0200,469.01,MW,DE,DE_LU,forecast_offshore_wind_generation,Wind Offshore,2026-06-13T19:07:25Z
2026-06-13T19:05:16Z,2026-06-13T21:05:16+0200,9460a2c8-fa12-4ac2-aa07-8ee932688218,2026-05-24T04:00:00Z,2026-05-24T06:00:00+0200,444.26,MW,DE,DE_LU,forecast_offshore_wind_generation,Wind Offshore,2026-06-13T19:07:25Z
2026-06-13T19:05:16Z,2026-06-13T21:05:16+0200,9460a2c8-fa12-4ac2-aa07-8ee932688218,2026-05-24T04:15:00Z,2026-05-24T06:15:00+0200,429.22,MW,DE,DE_LU,forecast_offshore_wind_generation,Wind Offshore,2026-06-13T19:07:25Z
2026-06-13T19:05:16Z,2026-06-13T21:05:16+0200,9460a2c8-fa12-4ac2-aa07-8ee932688218,2026-05-24T04:30:00Z,2026-05-24T06:30:00+0200,413.14,MW,DE,DE_LU,forecast_offshore_wind_generation,Wind Offshore,2026-06-13T19:07:25Z
2026-06-13T19:05:16Z,2026-06-13T21:05:16+0200,9460a2c8-fa12-4ac2-aa07-8ee932688218,2026-05-24T04:45:00Z,2026-05-24T06:45:00+0200,399.9,MW,DE,DE_LU,forecast_offshore_wind_generation,Wind Offshore,2026-06-13T19:07:25Z
2026-06-13T19:05:16Z,2026-06-13T21:05:16+0200,9460a2c8-fa12-4ac2-aa07-8ee932688218,2026-05-24T05:00:00Z,2026-05-24T07:00:00+0200,385.67,MW,DE,DE_LU,forecast_offshore_wind_generation,Wind Offshore,2026-06-13T19:07:25Z
2026-06-13T19:05:16Z,2026-06-13T21:05:16+0200,9460a2c8-fa12-4ac2-aa07-8ee932688218,2026-05-24T05:15:00Z,2026-05-24T07:15:00+0200,374.39,MW,DE,DE_LU,forecast_offshore_wind_generation,Wind Offshore,2026-06-13T19:07:25Z
2026-06-13T19:05:16Z,2026-06-13T21:05:16+0200,9460a2c8-fa12-4ac2-aa07-8ee932688218,2026-05-24T05:30:00Z,2026-05-24T07:30:00+0200,365.18,MW,DE,DE_LU,forecast_offshore_wind_generation,Wind Offshore,2026-06-13T19:07:25Z
2026-06-13T19:05:16Z,2026-06-13T21:05:16+0200,9460a2c8-fa12-4ac2-aa07-8ee932688218,2026-05-24T05:45:00Z,2026-05-24T07:45:00+0200,357.21,MW,DE,DE_LU,forecast_offshore_wind_generation,Wind Offshore,2026-06-13T19:07:25Z
2026-06-13T19:05:16Z,2026-06-13T21:05:16+0200,9460a2c8-fa12-4ac2-aa07-8ee932688218,2026-05-24T06:00:00Z,2026-05-24T08:00:00+0200,341.98,MW,DE,DE_LU,forecast_offshore_wind_generation,Wind Offshore,2026-06-13T19:07:25Z
2026-06-13T19:05:16Z,2026-06-13T21:05:16+0200,9460a2c8-fa12-4ac2-aa07-8ee932688218,2026-05-24T06:15:00Z,2026-05-24T08:15:00+0200,336.1,MW,DE,DE_LU,forecast_offshore_wind_generation,Wind Offshore,2026-06-13T19:07:25Z
2026-06-13T19:05:16Z,2026-06-13T21:05:16+0200,9460a2c8-fa12-4ac2-aa07-8ee932688218,2026-05-24T06:30:00Z,2026-05-24T08:30:00+0200,325.27,MW,DE,DE_LU,forecast_offshore_wind_generation,Wind Offshore,2026-06-13T19:07:25Z
2026-06-13T19:05:16Z,2026-06-13T21:05:16+0200,9460a2c8-fa12-4ac2-aa07-8ee932688218,2026-05-24T06:45:00Z,2026-05-24T08:45:00+0200,319.31,MW,DE,DE_LU,forecast_offshore_wind_generation,Wind Offshore,2026-06-13T19:07:25Z
2026-06-13T19:05:16Z,2026-06-13T21:05:16+0200,9460a2c8-fa12-4ac2-aa07-8ee932688218,2026-05-24T07:00:00Z,2026-05-24T09:00:00+0200,293.51,MW,DE,DE_LU,forecast_offshore_wind_generation,Wind Offshore,2026-06-13T19:07:25Z
2026-06-13T19:05:16Z,2026-06-13T21:05:16+0200,9460a2c8-fa12-4ac2-aa07-8ee932688218,2026-05-24T07:15:00Z,2026-05-24T09:15:00+0200,296.76,MW,DE,DE_LU,forecast_offshore_wind_generation,Wind Offshore,2026-06-13T19:07:25Z
2026-06-13T19:05:16Z,2026-06-13T21:05:16+0200,9460a2c8-fa12-4ac2-aa07-8ee932688218,2026-05-24T07:30:00Z,2026-05-24T09:30:00+0200,297.34,MW,DE,DE_LU,forecast_offshore_wind_generation,Wind Offshore,2026-06-13T19:07:25Z
2026-06-13T19:05:16Z,2026-06-13T21:05:16+0200,9460a2c8-fa12-4ac2-aa07-8ee932688218,2026-05-24T07:45:00Z,2026-05-24T09:45:00+0200,299.27,MW,DE,DE_LU,forecast_offshore_wind_generation,Wind Offshore,2026-06-13T19:07:25Z
2026-06-13T19:05:16Z,2026-06-13T21:05:16+0200,9460a2c8-fa12-4ac2-aa07-8ee932688218,2026-05-24T08:00:00Z,2026-05-24T10:00:00+0200,302.24,MW,DE,DE_LU,forecast_offshore_wind_generation,Wind Offshore,2026-06-13T19:07:25Z
2026-06-13T19:05:16Z,2026-06-13T21:05:16+0200,9460a2c8-fa12-4ac2-aa07-8ee932688218,2026-05-24T08:15:00Z,2026-05-24T10:15:00+0200,310.28,MW,DE,DE_LU,forecast_offshore_wind_generation,Wind Offshore,2026-06-13T19:07:25Z
2026-06-13T19:05:16Z,2026-06-13T21:05:16+0200,9460a2c8-fa12-4ac2-aa07-8ee932688218,2026-05-24T08:30:00Z,2026-05-24T10:30:00+0200,318.6,MW,DE,DE_LU,forecast_offshore_wind_generation,Wind Offshore,2026-06-13T19:07:25Z
2026-06-13T19:05:16Z,2026-06-13T21:05:16+0200,9460a2c8-fa12-4ac2-aa07-8ee932688218,2026-05-24T08:45:00Z,2026-05-24T10:45:00+0200,326.13,MW,DE,DE_LU,forecast_offshore_wind_generation,Wind Offshore,2026-06-13T19:07:25Z
2026-06-13T19:05:16Z,2026-06-13T21:05:16+0200,9460a2c8-fa12-4ac2-aa07-8ee932688218,2026-05-24T09:00:00Z,2026-05-24T11:00:00+0200,335.25,MW,DE,DE_LU,forecast_offshore_wind_generation,Wind Offshore,2026-06-13T19:07:25Z
2026-06-13T19:05:16Z,2026-06-13T21:05:16+0200,9460a2c8-fa12-4ac2-aa07-8ee932688218,2026-05-24T09:15:00Z,2026-05-24T11:15:00+0200,347.41,MW,DE,DE_LU,forecast_offshore_wind_generation,Wind Offshore,2026-06-13T19:07:25Z
2026-06-13T19:05:16Z,2026-06-13T21:05:16+0200,9460a2c8-fa12-4ac2-aa07-8ee932688218,2026-05-24T09:30:00Z,2026-05-24T11:30:00+0200,359.84,MW,DE,DE_LU,forecast_offshore_wind_generation,Wind Offshore,2026-06-13T19:07:25Z
2026-06-13T19:05:16Z,2026-06-13T21:05:16+0200,9460a2c8-fa12-4ac2-aa07-8ee932688218,2026-05-24T09:45:00Z,2026-05-24T11:45:00+0200,371.56,MW,DE,DE_LU,forecast_offshore_wind_generation,Wind Offshore,2026-06-13T19:07:25Z
2026-06-13T19:05:16Z,2026-06-13T21:05:16+0200,9460a2c8-fa12-4ac2-aa07-8ee932688218,2026-05-24T10:00:00Z,2026-05-24T12:00:00+0200,389.0,MW,DE,DE_LU,forecast_offshore_wind_generation,Wind Offshore,2026-06-13T19:07:25Z
2026-06-13T19:05:16Z,2026-06-13T21:05:16+0200,9460a2c8-fa12-4ac2-aa07-8ee932688218,2026-05-24T10:15:00Z,2026-05-24T12:15:00+0200,396.69,MW,DE,DE_LU,forecast_offshore_wind_generation,Wind Offshore,2026-06-13T19:07:25Z
2026-06-13T19:05:16Z,2026-06-13T21:05:16+0200,9460a2c8-fa12-4ac2-aa07-8ee932688218,2026-05-24T10:30:00Z,2026-05-24T12:30:00+0200,403.54,MW,DE,DE_LU,forecast_offshore_wind_generation,Wind Offshore,2026-06-13T19:07:25Z
2026-06-13T19:05:16Z,2026-06-13T21:05:16+0200,9460a2c8-fa12-4ac2-aa07-8ee932688218,2026-05-24T10:45:00Z,2026-05-24T12:45:00+0200,411.15,MW,DE,DE_LU,forecast_offshore_wind_generation,Wind Offshore,2026-06-13T19:07:25Z
2026-06-13T19:05:16Z,2026-06-13T21:05:16+0200,9460a2c8-fa12-4ac2-aa07-8ee932688218,2026-05-24T11:00:00Z,2026-05-24T13:00:00+0200,417.93,MW,DE,DE_LU,forecast_offshore_wind_generation,Wind Offshore,2026-06-13T19:07:25Z
2026-06-13T19:05:16Z,2026-06-13T21:05:16+0200,9460a2c8-fa12-4ac2-aa07-8ee932688218,2026-05-24T11:15:00Z,2026-05-24T13:15:00+0200,426.3,MW,DE,DE_LU,forecast_offshore_wind_generation,Wind Offshore,2026-06-13T19:07:25Z
2026-06-13T19:05:16Z,2026-06-13T21:05:16+0200,9460a2c8-fa12-4ac2-aa07-8ee932688218,2026-05-24T11:30:00Z,2026-05-24T13:30:00+0200,432.78,MW,DE,DE_LU,forecast_offshore_wind_generation,Wind Offshore,2026-06-13T19:07:25Z
2026-06-13T19:05:16Z,2026-06-13T21:05:16+0200,9460a2c8-fa12-4ac2-aa07-8ee932688218,2026-05-24T11:45:00Z,2026-05-24T13:45:00+0200,442.71,MW,DE,DE_LU,forecast_offshore_wind_generation,Wind Offshore,2026-06-13T19:07:25Z
2026-06-13T19:05:16Z,2026-06-13T21:05:16+0200,9460a2c8-fa12-4ac2-aa07-8ee932688218,2026-05-24T12:00:00Z,2026-05-24T14:00:00+0200,448.98,MW,DE,DE_LU,forecast_offshore_wind_generation,Wind Offshore,2026-06-13T19:07:25Z
2026-06-13T19:05:16Z,2026-06-13T21:05:16+0200,9460a2c8-fa12-4ac2-aa07-8ee932688218,2026-05-24T12:15:00Z,2026-05-24T14:15:00+0200,448.98,MW,DE,DE_LU,forecast_offshore_wind_generation,Wind Offshore,2026-06-13T19:07:25Z
2026-06-13T19:05:16Z,2026-06-13T21:05:16+0200,9460a2c8-fa12-4ac2-aa07-8ee932688218,2026-05-24T12:30:00Z,2026-05-24T14:30:00+0200,448.08,MW,DE,DE_LU,forecast_offshore_wind_generation,Wind Offshore,2026-06-13T19:07:25Z
2026-06-13T19:05:16Z,2026-06-13T21:05:16+0200,9460a2c8-fa12-4ac2-aa07-8ee932688218,2026-05-24T12:45:00Z,2026-05-24T14:45:00+0200,448.25,MW,DE,DE_LU,forecast_offshore_wind_generation,Wind Offshore,2026-06-13T19:07:25Z
2026-06-13T19:05:16Z,2026-06-13T21:05:16+0200,9460a2c8-fa12-4ac2-aa07-8ee932688218,2026-05-24T13:00:00Z,2026-05-24T15:00:00+0200,446.49,MW,DE,DE_LU,forecast_offshore_wind_generation,Wind Offshore,2026-06-13T19:07:25Z
2026-06-13T19:05:16Z,2026-06-13T21:05:16+0200,9460a2c8-fa12-4ac2-aa07-8ee932688218,2026-05-24T13:15:00Z,2026-05-24T15:15:00+0200,443.93,MW,DE,DE_LU,forecast_offshore_wind_generation,Wind Offshore,2026-06-13T19:07:25Z
2026-06-13T19:05:16Z,2026-06-13T21:05:16+0200,9460a2c8-fa12-4ac2-aa07-8ee932688218,2026-05-24T13:30:00Z,2026-05-24T15:30:00+0200,443.49,MW,DE,DE_LU,forecast_offshore_wind_generation,Wind Offshore,2026-06-13T19:07:25Z
2026-06-13T19:05:16Z,2026-06-13T21:05:16+0200,9460a2c8-fa12-4ac2-aa07-8ee932688218,2026-05-24T13:45:00Z,2026-05-24T15:45:00+0200,442.0,MW,DE,DE_LU,forecast_offshore_wind_generation,Wind Offshore,2026-06-13T19:07:25Z
2026-06-13T19:05:16Z,2026-06-13T21:05:16+0200,9460a2c8-fa12-4ac2-aa07-8ee932688218,2026-05-24T14:00:00Z,2026-05-24T16:00:00+0200,446.12,MW,DE,DE_LU,forecast_offshore_wind_generation,Wind Offshore,2026-06-13T19:07:25Z
2026-06-13T19:05:16Z,2026-06-13T21:05:16+0200,9460a2c8-fa12-4ac2-aa07-8ee932688218,2026-05-24T14:15:00Z,2026-05-24T16:15:00+0200,451.05,MW,DE,DE_LU,forecast_offshore_wind_generation,Wind Offshore,2026-06-13T19:07:25Z
2026-06-13T19:05:16Z,2026-06-13T21:05:16+0200,9460a2c8-fa12-4ac2-aa07-8ee932688218,2026-05-24T14:30:00Z,2026-05-24T16:30:00+0200,459.96,MW,DE,DE_LU,forecast_offshore_wind_generation,Wind Offshore,2026-06-13T19:07:25Z
2026-06-13T19:05:16Z,2026-06-13T21:05:16+0200,9460a2c8-fa12-4ac2-aa07-8ee932688218,2026-05-24T14:45:00Z,2026-05-24T16:45:00+0200,463.97,MW,DE,DE_LU,forecast_offshore_wind_generation,Wind Offshore,2026-06-13T19:07:25Z
2026-06-13T19:05:16Z,2026-06-13T21:05:16+0200,9460a2c8-fa12-4ac2-aa07-8ee932688218,2026-05-24T15:00:00Z,2026-05-24T17:00:00+0200,547.46,MW,DE,DE_LU,forecast_offshore_wind_generation,Wind Offshore,2026-06-13T19:07:25Z
2026-06-13T19:05:16Z,2026-06-13T21:05:16+0200,9460a2c8-fa12-4ac2-aa07-8ee932688218,2026-05-24T15:15:00Z,2026-05-24T17:15:00+0200,546.58,MW,DE,DE_LU,forecast_offshore_wind_generation,Wind Offshore,2026-06-13T19:07:25Z
2026-06-13T19:05:16Z,2026-06-13T21:05:16+0200,9460a2c8-fa12-4ac2-aa07-8ee932688218,2026-05-24T15:30:00Z,2026-05-24T17:30:00+0200,559.62,MW,DE,DE_LU,forecast_offshore_wind_generation,Wind Offshore,2026-06-13T19:07:25Z
2026-06-13T19:05:16Z,2026-06-13T21:05:16+0200,9460a2c8-fa12-4ac2-aa07-8ee932688218,2026-05-24T15:45:00Z,2026-05-24T17:45:00+0200,561.03,MW,DE,DE_LU,forecast_offshore_wind_generation,Wind Offshore,2026-06-13T19:07:25Z
2026-06-13T19:05:16Z,2026-06-13T21:05:16+0200,9460a2c8-fa12-4ac2-aa07-8ee932688218,2026-05-24T16:00:00Z,2026-05-24T18:00:00+0200,560.49,MW,DE,DE_LU,forecast_offshore_wind_generation,Wind Offshore,2026-06-13T19:07:25Z
2026-06-13T19:05:16Z,2026-06-13T21:05:16+0200,9460a2c8-fa12-4ac2-aa07-8ee932688218,2026-05-24T16:15:00Z,2026-05-24T18:15:00+0200,543.8,MW,DE,DE_LU,forecast_offshore_wind_generation,Wind Offshore,2026-06-13T19:07:25Z
2026-06-13T19:05:16Z,2026-06-13T21:05:16+0200,9460a2c8-fa12-4ac2-aa07-8ee932688218,2026-05-24T16:30:00Z,2026-05-24T18:30:00+0200,530.1,MW,DE,DE_LU,forecast_offshore_wind_generation,Wind Offshore,2026-06-13T19:07:25Z
2026-06-13T19:05:16Z,2026-06-13T21:05:16+0200,9460a2c8-fa12-4ac2-aa07-8ee932688218,2026-05-24T16:45:00Z,2026-05-24T18:45:00+0200,512.24,MW,DE,DE_LU,forecast_offshore_wind_generation,Wind Offshore,2026-06-13T19:07:25Z
2026-06-13T19:05:16Z,2026-06-13T21:05:16+0200,9460a2c8-fa12-4ac2-aa07-8ee932688218,2026-05-24T17:00:00Z,2026-05-24T19:00:00+0200,497.97,MW,DE,DE_LU,forecast_offshore_wind_generation,Wind Offshore,2026-06-13T19:07:25Z
2026-06-13T19:05:16Z,2026-06-13T21:05:16+0200,9460a2c8-fa12-4ac2-aa07-8ee932688218,2026-05-24T17:15:00Z,2026-05-24T19:15:00+0200,481.36,MW,DE,DE_LU,forecast_offshore_wind_generation,Wind Offshore,2026-06-13T19:07:25Z
2026-06-13T19:05:16Z,2026-06-13T21:05:16+0200,9460a2c8-fa12-4ac2-aa07-8ee932688218,2026-05-24T17:30:00Z,2026-05-24T19:30:00+0200,464.8,MW,DE,DE_LU,forecast_offshore_wind_generation,Wind Offshore,2026-06-13T19:07:25Z
2026-06-13T19:05:16Z,2026-06-13T21:05:16+0200,9460a2c8-fa12-4ac2-aa07-8ee932688218,2026-05-24T17:45:00Z,2026-05-24T19:45:00+0200,448.26,MW,DE,DE_LU,forecast_offshore_wind_generation,Wind Offshore,2026-06-13T19:07:25Z
2026-06-13T19:05:16Z,2026-06-13T21:05:16+0200,9460a2c8-fa12-4ac2-aa07-8ee932688218,2026-05-24T18:00:00Z,2026-05-24T20:00:00+0200,432.91,MW,DE,DE_LU,forecast_offshore_wind_generation,Wind Offshore,2026-06-13T19:07:25Z
2026-06-13T19:05:16Z,2026-06-13T21:05:16+0200,9460a2c8-fa12-4ac2-aa07-8ee932688218,2026-05-24T18:15:00Z,2026-05-24T20:15:00+0200,418.47,MW,DE,DE_LU,forecast_offshore_wind_generation,Wind Offshore,2026-06-13T19:07:25Z
2026-06-13T19:05:16Z,2026-06-13T21:05:16+0200,9460a2c8-fa12-4ac2-aa07-8ee932688218,2026-05-24T18:30:00Z,2026-05-24T20:30:00+0200,406.57,MW,DE,DE_LU,forecast_offshore_wind_generation,Wind Offshore,2026-06-13T19:07:25Z
2026-06-13T19:05:16Z,2026-06-13T21:05:16+0200,9460a2c8-fa12-4ac2-aa07-8ee932688218,2026-05-24T18:45:00Z,2026-05-24T20:45:00+0200,393.0,MW,DE,DE_LU,forecast_offshore_wind_generation,Wind Offshore,2026-06-13T19:07:25Z
2026-06-13T19:05:16Z,2026-06-13T21:05:16+0200,9460a2c8-fa12-4ac2-aa07-8ee932688218,2026-05-24T19:00:00Z,2026-05-24T21:00:00+0200,381.22,MW,DE,DE_LU,forecast_offshore_wind_generation,Wind Offshore,2026-06-13T19:07:25Z
2026-06-13T19:05:16Z,2026-06-13T21:05:16+0200,9460a2c8-fa12-4ac2-aa07-8ee932688218,2026-05-24T19:15:00Z,2026-05-24T21:15:00+0200,387.11,MW,DE,DE_LU,forecast_offshore_wind_generation,Wind Offshore,2026-06-13T19:07:25Z
2026-06-13T19:05:16Z,2026-06-13T21:05:16+0200,9460a2c8-fa12-4ac2-aa07-8ee932688218,2026-05-24T19:30:00Z,2026-05-24T21:30:00+0200,391.62,MW,DE,DE_LU,forecast_offshore_wind_generation,Wind Offshore,2026-06-13T19:07:25Z
2026-06-13T19:05:16Z,2026-06-13T21:05:16+0200,9460a2c8-fa12-4ac2-aa07-8ee932688218,2026-05-24T19:45:00Z,2026-05-24T21:45:00+0200,393.55,MW,DE,DE_LU,forecast_offshore_wind_generation,Wind Offshore,2026-06-13T19:07:25Z
2026-06-13T19:05:16Z,2026-06-13T21:05:16+0200,9460a2c8-fa12-4ac2-aa07-8ee932688218,2026-05-24T20:00:00Z,2026-05-24T22:00:00+0200,409.49,MW,DE,DE_LU,forecast_offshore_wind_generation,Wind Offshore,2026-06-13T19:07:25Z
2026-06-13T19:05:16Z,2026-06-13T21:05:16+0200,9460a2c8-fa12-4ac2-aa07-8ee932688218,2026-05-24T20:15:00Z,2026-05-24T22:15:00+0200,432.88,MW,DE,DE_LU,forecast_offshore_wind_generation,Wind Offshore,2026-06-13T19:07:25Z
2026-06-13T19:05:16Z,2026-06-13T21:05:16+0200,9460a2c8-fa12-4ac2-aa07-8ee932688218,2026-05-24T20:30:00Z,2026-05-24T22:30:00+0200,461.37,MW,DE,DE_LU,forecast_offshore_wind_generation,Wind Offshore,2026-06-13T19:07:25Z
2026-06-13T19:05:16Z,2026-06-13T21:05:16+0200,9460a2c8-fa12-4ac2-aa07-8ee932688218,2026-05-24T20:45:00Z,2026-05-24T22:45:00+0200,487.83,MW,DE,DE_LU,forecast_offshore_wind_generation,Wind Offshore,2026-06-13T19:07:25Z
2026-06-13T19:05:16Z,2026-06-13T21:05:16+0200,9460a2c8-fa12-4ac2-aa07-8ee932688218,2026-05-24T21:00:00Z,2026-05-24T23:00:00+0200,519.33,MW,DE,DE_LU,forecast_offshore_wind_generation,Wind Offshore,2026-06-13T19:07:25Z
2026-06-13T19:05:16Z,2026-06-13T21:05:16+0200,9460a2c8-fa12-4ac2-aa07-8ee932688218,2026-05-24T21:15:00Z,2026-05-24T23:15:00+0200,544.42,MW,DE,DE_LU,forecast_offshore_wind_generation,Wind Offshore,2026-06-13T19:07:25Z
2026-06-13T19:05:16Z,2026-06-13T21:05:16+0200,9460a2c8-fa12-4ac2-aa07-8ee932688218,2026-05-24T21:30:00Z,2026-05-24T23:30:00+0200,570.48,MW,DE,DE_LU,forecast_offshore_wind_generation,Wind Offshore,2026-06-13T19:07:25Z
2026-06-13T19:05:16Z,2026-06-13T21:05:16+0200,9460a2c8-fa12-4ac2-aa07-8ee932688218,2026-05-24T21:45:00Z,2026-05-24T23:45:00+0200,598.54,MW,DE,DE_LU,forecast_offshore_wind_generation,Wind Offshore,2026-06-13T19:07:25Z
2026-06-13T19:05:16Z,2026-06-13T21:05:16+0200,9460a2c8-fa12-4ac2-aa07-8ee932688218,2026-05-24T22:00:00Z,2026-05-25T00:00:00+0200,342.53,MW,DE,DE_LU,forecast_offshore_wind_generation,Wind Offshore,2026-06-13T19:07:25Z
2026-06-13T19:05:16Z,2026-06-13T21:05:16+0200,9460a2c8-fa12-4ac2-aa07-8ee932688218,2026-05-24T22:15:00Z,2026-05-25T00:15:00+0200,356.14,MW,DE,DE_LU,forecast_offshore_wind_generation,Wind Offshore,2026-06-13T19:07:25Z
2026-06-13T19:05:16Z,2026-06-13T21:05:16+0200,9460a2c8-fa12-4ac2-aa07-8ee932688218,2026-05-24T22:30:00Z,2026-05-25T00:30:00+0200,375.64,MW,DE,DE_LU,forecast_offshore_wind_generation,Wind Offshore,2026-06-13T19:07:25Z
2026-06-13T19:05:16Z,2026-06-13T21:05:16+0200,9460a2c8-fa12-4ac2-aa07-8ee932688218,2026-05-24T22:45:00Z,2026-05-25T00:45:00+0200,392.88,MW,DE,DE_LU,forecast_offshore_wind_generation,Wind Offshore,2026-06-13T19:07:25Z
2026-06-13T19:05:16Z,2026-06-13T21:05:16+0200,9460a2c8-fa12-4ac2-aa07-8ee932688218,2026-05-24T23:00:00Z,2026-05-25T01:00:00+0200,409.16,MW,DE,DE_LU,forecast_offshore_wind_generation,Wind Offshore,2026-06-13T19:07:25Z
2026-06-13T19:05:16Z,2026-06-13T21:05:16+0200,9460a2c8-fa12-4ac2-aa07-8ee932688218,2026-05-24T23:15:00Z,2026-05-25T01:15:00+0200,428.02,MW,DE,DE_LU,forecast_offshore_wind_generation,Wind Offshore,2026-06-13T19:07:25Z
2026-06-13T19:05:16Z,2026-06-13T21:05:16+0200,9460a2c8-fa12-4ac2-aa07-8ee932688218,2026-05-24T23:30:00Z,2026-05-25T01:30:00+0200,441.69,MW,DE,DE_LU,forecast_offshore_wind_generation,Wind Offshore,2026-06-13T19:07:25Z
2026-06-13T19:05:16Z,2026-06-13T21:05:16+0200,9460a2c8-fa12-4ac2-aa07-8ee932688218,2026-05-24T23:45:00Z,2026-05-25T01:45:00+0200,458.26,MW,DE,DE_LU,forecast_offshore_wind_generation,Wind Offshore,2026-06-13T19:07:25Z
2026-06-13T19:05:16Z,2026-06-13T21:05:16+0200,9460a2c8-fa12-4ac2-aa07-8ee932688218,2026-05-25T00:00:00Z,2026-05-25T02:00:00+0200,471.47,MW,DE,DE_LU,forecast_offshore_wind_generation,Wind Offshore,2026-06-13T19:07:25Z
2026-06-13T19:05:16Z,2026-06-13T21:05:16+0200,9460a2c8-fa12-4ac2-aa07-8ee932688218,2026-05-25T00:15:00Z,2026-05-25T02:15:00+0200,477.06,MW,DE,DE_LU,forecast_offshore_wind_generation,Wind Offshore,2026-06-13T19:07:25Z
2026-06-13T19:05:16Z,2026-06-13T21:05:16+0200,9460a2c8-fa12-4ac2-aa07-8ee932688218,2026-05-25T00:30:00Z,2026-05-25T02:30:00+0200,484.9,MW,DE,DE_LU,forecast_offshore_wind_generation,Wind Offshore,2026-06-13T19:07:25Z
2026-06-13T19:05:16Z,2026-06-13T21:05:16+0200,9460a2c8-fa12-4ac2-aa07-8ee932688218,2026-05-25T00:45:00Z,2026-05-25T02:45:00+0200,490.99,MW,DE,DE_LU,forecast_offshore_wind_generation,Wind Offshore,2026-06-13T19:07:25Z
2026-06-13T19:05:16Z,2026-06-13T21:05:16+0200,9460a2c8-fa12-4ac2-aa07-8ee932688218,2026-05-25T01:00:00Z,2026-05-25T03:00:00+0200,494.95,MW,DE,DE_LU,forecast_offshore_wind_generation,Wind Offshore,2026-06-13T19:07:25Z
2026-06-13T19:05:16Z,2026-06-13T21:05:16+0200,9460a2c8-fa12-4ac2-aa07-8ee932688218,2026-05-25T01:15:00Z,2026-05-25T03:15:00+0200,500.85,MW,DE,DE_LU,forecast_offshore_wind_generation,Wind Offshore,2026-06-13T19:07:25Z
2026-06-13T19:05:16Z,2026-06-13T21:05:16+0200,9460a2c8-fa12-4ac2-aa07-8ee932688218,2026-05-25T01:30:00Z,2026-05-25T03:30:00+0200,506.79,MW,DE,DE_LU,forecast_offshore_wind_generation,Wind Offshore,2026-06-13T19:07:25Z
2026-06-13T19:05:16Z,2026-06-13T21:05:16+0200,9460a2c8-fa12-4ac2-aa07-8ee932688218,2026-05-25T01:45:00Z,2026-05-25T03:45:00+0200,511.39,MW,DE,DE_LU,forecast_offshore_wind_generation,Wind Offshore,2026-06-13T19:07:25Z
2026-06-13T19:05:16Z,2026-06-13T21:05:16+0200,9460a2c8-fa12-4ac2-aa07-8ee932688218,2026-05-25T02:00:00Z,2026-05-25T04:00:00+0200,509.86,MW,DE,DE_LU,forecast_offshore_wind_generation,Wind Offshore,2026-06-13T19:07:25Z
2026-06-13T19:05:16Z,2026-06-13T21:05:16+0200,9460a2c8-fa12-4ac2-aa07-8ee932688218,2026-05-25T02:15:00Z,2026-05-25T04:15:00+0200,525.11,MW,DE,DE_LU,forecast_offshore_wind_generation,Wind Offshore,2026-06-13T19:07:25Z
2026-06-13T19:05:16Z,2026-06-13T21:05:16+0200,9460a2c8-fa12-4ac2-aa07-8ee932688218,2026-05-25T02:30:00Z,2026-05-25T04:30:00+0200,534.39,MW,DE,DE_LU,forecast_offshore_wind_generation,Wind Offshore,2026-06-13T19:07:25Z
2026-06-13T19:05:16Z,2026-06-13T21:05:16+0200,9460a2c8-fa12-4ac2-aa07-8ee932688218,2026-05-25T02:45:00Z,2026-05-25T04:45:00+0200,546.01,MW,DE,DE_LU,forecast_offshore_wind_generation,Wind Offshore,2026-06-13T19:07:25Z
2026-06-13T19:05:16Z,2026-06-13T21:05:16+0200,9460a2c8-fa12-4ac2-aa07-8ee932688218,2026-05-25T03:00:00Z,2026-05-25T05:00:00+0200,560.73,MW,DE,DE_LU,forecast_offshore_wind_generation,Wind Offshore,2026-06-13T19:07:25Z
2026-06-13T19:05:16Z,2026-06-13T21:05:16+0200,9460a2c8-fa12-4ac2-aa07-8ee932688218,2026-05-25T03:15:00Z,2026-05-25T05:15:00+0200,582.12,MW,DE,DE_LU,forecast_offshore_wind_generation,Wind Offshore,2026-06-13T19:07:25Z
2026-06-13T19:05:16Z,2026-06-13T21:05:16+0200,9460a2c8-fa12-4ac2-aa07-8ee932688218,2026-05-25T03:30:00Z,2026-05-25T05:30:00+0200,606.47,MW,DE,DE_LU,forecast_offshore_wind_generation,Wind Offshore,2026-06-13T19:07:25Z
2026-06-13T19:05:16Z,2026-06-13T21:05:16+0200,9460a2c8-fa12-4ac2-aa07-8ee932688218,2026-05-25T03:45:00Z,2026-05-25T05:45:00+0200,626.65,MW,DE,DE_LU,forecast_offshore_wind_generation,Wind Offshore,2026-06-13T19:07:25Z
2026-06-13T19:05:16Z,2026-06-13T21:05:16+0200,9460a2c8-fa12-4ac2-aa07-8ee932688218,2026-05-25T04:00:00Z,2026-05-25T06:00:00+0200,644.86,MW,DE,DE_LU,forecast_offshore_wind_generation,Wind Offshore,2026-06-13T19:07:25Z
2026-06-13T19:05:16Z,2026-06-13T21:05:16+0200,9460a2c8-fa12-4ac2-aa07-8ee932688218,2026-05-25T04:15:00Z,2026-05-25T06:15:00+0200,673.84,MW,DE,DE_LU,forecast_offshore_wind_generation,Wind Offshore,2026-06-13T19:07:25Z
2026-06-13T19:05:16Z,2026-06-13T21:05:16+0200,9460a2c8-fa12-4ac2-aa07-8ee932688218,2026-05-25T04:30:00Z,2026-05-25T06:30:00+0200,706.84,MW,DE,DE_LU,forecast_offshore_wind_generation,Wind Offshore,2026-06-13T19:07:25Z
2026-06-13T19:05:16Z,2026-06-13T21:05:16+0200,9460a2c8-fa12-4ac2-aa07-8ee932688218,2026-05-25T04:45:00Z,2026-05-25T06:45:00+0200,740.92,MW,DE,DE_LU,forecast_offshore_wind_generation,Wind Offshore,2026-06-13T19:07:25Z
2026-06-13T19:05:16Z,2026-06-13T21:05:16+0200,9460a2c8-fa12-4ac2-aa07-8ee932688218,2026-05-25T05:00:00Z,2026-05-25T07:00:00+0200,777.32,MW,DE,DE_LU,forecast_offshore_wind_generation,Wind Offshore,2026-06-13T19:07:25Z
2026-06-13T19:05:16Z,2026-06-13T21:05:16+0200,9460a2c8-fa12-4ac2-aa07-8ee932688218,2026-05-25T05:15:00Z,2026-05-25T07:15:00+0200,812.8,MW,DE,DE_LU,forecast_offshore_wind_generation,Wind Offshore,2026-06-13T19:07:25Z
2026-06-13T19:05:16Z,2026-06-13T21:05:16+0200,9460a2c8-fa12-4ac2-aa07-8ee932688218,2026-05-25T05:30:00Z,2026-05-25T07:30:00+0200,855.4,MW,DE,DE_LU,forecast_offshore_wind_generation,Wind Offshore,2026-06-13T19:07:25Z
2026-06-13T19:05:16Z,2026-06-13T21:05:16+0200,9460a2c8-fa12-4ac2-aa07-8ee932688218,2026-05-25T05:45:00Z,2026-05-25T07:45:00+0200,894.16,MW,DE,DE_LU,forecast_offshore_wind_generation,Wind Offshore,2026-06-13T19:07:25Z
2026-06-13T19:05:16Z,2026-06-13T21:05:16+0200,9460a2c8-fa12-4ac2-aa07-8ee932688218,2026-05-25T06:00:00Z,2026-05-25T08:00:00+0200,928.03,MW,DE,DE_LU,forecast_offshore_wind_generation,Wind Offshore,2026-06-13T19:07:25Z
2026-06-13T19:05:16Z,2026-06-13T21:05:16+0200,9460a2c8-fa12-4ac2-aa07-8ee932688218,2026-05-25T06:15:00Z,2026-05-25T08:15:00+0200,974.63,MW,DE,DE_LU,forecast_offshore_wind_generation,Wind Offshore,2026-06-13T19:07:25Z
2026-06-13T19:05:16Z,2026-06-13T21:05:16+0200,9460a2c8-fa12-4ac2-aa07-8ee932688218,2026-05-25T06:30:00Z,2026-05-25T08:30:00+0200,1015.38,MW,DE,DE_LU,forecast_offshore_wind_generation,Wind Offshore,2026-06-13T19:07:25Z
2026-06-13T19:05:16Z,2026-06-13T21:05:16+0200,9460a2c8-fa12-4ac2-aa07-8ee932688218,2026-05-25T06:45:00Z,2026-05-25T08:45:00+0200,1053.3,MW,DE,DE_LU,forecast_offshore_wind_generation,Wind Offshore,2026-06-13T19:07:25Z
2026-06-13T19:05:16Z,2026-06-13T21:05:16+0200,9460a2c8-fa12-4ac2-aa07-8ee932688218,2026-05-25T07:00:00Z,2026-05-25T09:00:00+0200,1086.08,MW,DE,DE_LU,forecast_offshore_wind_generation,Wind Offshore,2026-06-13T19:07:25Z
2026-06-13T19:05:16Z,2026-06-13T21:05:16+0200,9460a2c8-fa12-4ac2-aa07-8ee932688218,2026-05-25T07:15:00Z,2026-05-25T09:15:00+0200,1114.41,MW,DE,DE_LU,forecast_offshore_wind_generation,Wind Offshore,2026-06-13T19:07:25Z
2026-06-13T19:05:16Z,2026-06-13T21:05:16+0200,9460a2c8-fa12-4ac2-aa07-8ee932688218,2026-05-25T07:30:00Z,2026-05-25T09:30:00+0200,1143.36,MW,DE,DE_LU,forecast_offshore_wind_generation,Wind Offshore,2026-06-13T19:07:25Z
2026-06-13T19:05:16Z,2026-06-13T21:05:16+0200,9460a2c8-fa12-4ac2-aa07-8ee932688218,2026-05-25T07:45:00Z,2026-05-25T09:45:00+0200,1173.66,MW,DE,DE_LU,forecast_offshore_wind_generation,Wind Offshore,2026-06-13T19:07:25Z
2026-06-13T19:05:16Z,2026-06-13T21:05:16+0200,9460a2c8-fa12-4ac2-aa07-8ee932688218,2026-05-25T08:00:00Z,2026-05-25T10:00:00+0200,716.18,MW,DE,DE_LU,forecast_offshore_wind_generation,Wind Offshore,2026-06-13T19:07:25Z
2026-06-13T19:05:16Z,2026-06-13T21:05:16+0200,9460a2c8-fa12-4ac2-aa07-8ee932688218,2026-05-25T08:15:00Z,2026-05-25T10:15:00+0200,724.45,MW,DE,DE_LU,forecast_offshore_wind_generation,Wind Offshore,2026-06-13T19:07:25Z
2026-06-13T19:05:16Z,2026-06-13T21:05:16+0200,9460a2c8-fa12-4ac2-aa07-8ee932688218,2026-05-25T08:30:00Z,2026-05-25T10:30:00+0200,738.66,MW,DE,DE_LU,forecast_offshore_wind_generation,Wind Offshore,2026-06-13T19:07:25Z
2026-06-13T19:05:16Z,2026-06-13T21:05:16+0200,9460a2c8-fa12-4ac2-aa07-8ee932688218,2026-05-25T08:45:00Z,2026-05-25T10:45:00+0200,751.08,MW,DE,DE_LU,forecast_offshore_wind_generation,Wind Offshore,2026-06-13T19:07:25Z
2026-06-13T19:05:16Z,2026-06-13T21:05:16+0200,9460a2c8-fa12-4ac2-aa07-8ee932688218,2026-05-25T09:00:00Z,2026-05-25T11:00:00+0200,764.08,MW,DE,DE_LU,forecast_offshore_wind_generation,Wind Offshore,2026-06-13T19:07:25Z
2026-06-13T19:05:16Z,2026-06-13T21:05:16+0200,9460a2c8-fa12-4ac2-aa07-8ee932688218,2026-05-25T09:15:00Z,2026-05-25T11:15:00+0200,776.48,MW,DE,DE_LU,forecast_offshore_wind_generation,Wind Offshore,2026-06-13T19:07:25Z
2026-06-13T19:05:16Z,2026-06-13T21:05:16+0200,9460a2c8-fa12-4ac2-aa07-8ee932688218,2026-05-25T09:30:00Z,2026-05-25T11:30:00+0200,791.03,MW,DE,DE_LU,forecast_offshore_wind_generation,Wind Offshore,2026-06-13T19:07:25Z
2026-06-13T19:05:16Z,2026-06-13T21:05:16+0200,9460a2c8-fa12-4ac2-aa07-8ee932688218,2026-05-25T09:45:00Z,2026-05-25T11:45:00+0200,804.78,MW,DE,DE_LU,forecast_offshore_wind_generation,Wind Offshore,2026-06-13T19:07:25Z
2026-06-13T19:05:16Z,2026-06-13T21:05:16+0200,9460a2c8-fa12-4ac2-aa07-8ee932688218,2026-05-25T10:00:00Z,2026-05-25T12:00:00+0200,820.14,MW,DE,DE_LU,forecast_offshore_wind_generation,Wind Offshore,2026-06-13T19:07:25Z
2026-06-13T19:05:16Z,2026-06-13T21:05:16+0200,9460a2c8-fa12-4ac2-aa07-8ee932688218,2026-05-25T10:15:00Z,2026-05-25T12:15:00+0200,832.73,MW,DE,DE_LU,forecast_offshore_wind_generation,Wind Offshore,2026-06-13T19:07:25Z
2026-06-13T19:05:16Z,2026-06-13T21:05:16+0200,9460a2c8-fa12-4ac2-aa07-8ee932688218,2026-05-25T10:30:00Z,2026-05-25T12:30:00+0200,847.48,MW,DE,DE_LU,forecast_offshore_wind_generation,Wind Offshore,2026-06-13T19:07:25Z
2026-06-13T19:05:16Z,2026-06-13T21:05:16+0200,9460a2c8-fa12-4ac2-aa07-8ee932688218,2026-05-25T10:45:00Z,2026-05-25T12:45:00+0200,848.48,MW,DE,DE_LU,forecast_offshore_wind_generation,Wind Offshore,2026-06-13T19:07:25Z
2026-06-13T19:05:16Z,2026-06-13T21:05:16+0200,9460a2c8-fa12-4ac2-aa07-8ee932688218,2026-05-25T11:00:00Z,2026-05-25T13:00:00+0200,861.87,MW,DE,DE_LU,forecast_offshore_wind_generation,Wind Offshore,2026-06-13T19:07:25Z
2026-06-13T19:05:16Z,2026-06-13T21:05:16+0200,9460a2c8-fa12-4ac2-aa07-8ee932688218,2026-05-25T11:15:00Z,2026-05-25T13:15:00+0200,875.25,MW,DE,DE_LU,forecast_offshore_wind_generation,Wind Offshore,2026-06-13T19:07:25Z
2026-06-13T19:05:16Z,2026-06-13T21:05:16+0200,9460a2c8-fa12-4ac2-aa07-8ee932688218,2026-05-25T11:30:00Z,2026-05-25T13:30:00+0200,891.94,MW,DE,DE_LU,forecast_offshore_wind_generation,Wind Offshore,2026-06-13T19:07:25Z
2026-06-13T19:05:16Z,2026-06-13T21:05:16+0200,9460a2c8-fa12-4ac2-aa07-8ee932688218,2026-05-25T11:45:00Z,2026-05-25T13:45:00+0200,906.16,MW,DE,DE_LU,forecast_offshore_wind_generation,Wind Offshore,2026-06-13T19:07:25Z
2026-06-13T19:05:16Z,2026-06-13T21:05:16+0200,9460a2c8-fa12-4ac2-aa07-8ee932688218,2026-05-25T12:00:00Z,2026-05-25T14:00:00+0200,923.2,MW,DE,DE_LU,forecast_offshore_wind_generation,Wind Offshore,2026-06-13T19:07:25Z
2026-06-13T19:05:16Z,2026-06-13T21:05:16+0200,9460a2c8-fa12-4ac2-aa07-8ee932688218,2026-05-25T12:15:00Z,2026-05-25T14:15:00+0200,932.83,MW,DE,DE_LU,forecast_offshore_wind_generation,Wind Offshore,2026-06-13T19:07:25Z
2026-06-13T19:05:16Z,2026-06-13T21:05:16+0200,9460a2c8-fa12-4ac2-aa07-8ee932688218,2026-05-25T12:30:00Z,2026-05-25T14:30:00+0200,943.43,MW,DE,DE_LU,forecast_offshore_wind_generation,Wind Offshore,2026-06-13T19:07:25Z
2026-06-13T19:05:16Z,2026-06-13T21:05:16+0200,9460a2c8-fa12-4ac2-aa07-8ee932688218,2026-05-25T12:45:00Z,2026-05-25T14:45:00+0200,950.97,MW,DE,DE_LU,forecast_offshore_wind_generation,Wind Offshore,2026-06-13T19:07:25Z
2026-06-13T19:05:16Z,2026-06-13T21:05:16+0200,9460a2c8-fa12-4ac2-aa07-8ee932688218,2026-05-25T13:00:00Z,2026-05-25T15:00:00+0200,946.61,MW,DE,DE_LU,forecast_offshore_wind_generation,Wind Offshore,2026-06-13T19:07:25Z
2026-06-13T19:05:16Z,2026-06-13T21:05:16+0200,9460a2c8-fa12-4ac2-aa07-8ee932688218,2026-05-25T13:15:00Z,2026-05-25T15:15:00+0200,958.29,MW,DE,DE_LU,forecast_offshore_wind_generation,Wind Offshore,2026-06-13T19:07:25Z
2026-06-13T19:05:16Z,2026-06-13T21:05:16+0200,9460a2c8-fa12-4ac2-aa07-8ee932688218,2026-05-25T13:30:00Z,2026-05-25T15:30:00+0200,971.9,MW,DE,DE_LU,forecast_offshore_wind_generation,Wind Offshore,2026-06-13T19:07:25Z
2026-06-13T19:05:16Z,2026-06-13T21:05:16+0200,9460a2c8-fa12-4ac2-aa07-8ee932688218,2026-05-25T13:45:00Z,2026-05-25T15:45:00+0200,982.52,MW,DE,DE_LU,forecast_offshore_wind_generation,Wind Offshore,2026-06-13T19:07:25Z
2026-06-13T19:05:16Z,2026-06-13T21:05:16+0200,9460a2c8-fa12-4ac2-aa07-8ee932688218,2026-05-25T14:00:00Z,2026-05-25T16:00:00+0200,999.09,MW,DE,DE_LU,forecast_offshore_wind_generation,Wind Offshore,2026-06-13T19:07:25Z
2026-06-13T19:05:16Z,2026-06-13T21:05:16+0200,9460a2c8-fa12-4ac2-aa07-8ee932688218,2026-05-25T14:15:00Z,2026-05-25T16:15:00+0200,1015.11,MW,DE,DE_LU,forecast_offshore_wind_generation,Wind Offshore,2026-06-13T19:07:25Z
2026-06-13T19:05:16Z,2026-06-13T21:05:16+0200,9460a2c8-fa12-4ac2-aa07-8ee932688218,2026-05-25T14:30:00Z,2026-05-25T16:30:00+0200,1024.86,MW,DE,DE_LU,forecast_offshore_wind_generation,Wind Offshore,2026-06-13T19:07:25Z
2026-06-13T19:05:16Z,2026-06-13T21:05:16+0200,9460a2c8-fa12-4ac2-aa07-8ee932688218,2026-05-25T14:45:00Z,2026-05-25T16:45:00+0200,1033.24,MW,DE,DE_LU,forecast_offshore_wind_generation,Wind Offshore,2026-06-13T19:07:25Z
2026-06-13T19:05:16Z,2026-06-13T21:05:16+0200,9460a2c8-fa12-4ac2-aa07-8ee932688218,2026-05-25T15:00:00Z,2026-05-25T17:00:00+0200,1336.25,MW,DE,DE_LU,forecast_offshore_wind_generation,Wind Offshore,2026-06-13T19:07:25Z
2026-06-13T19:05:16Z,2026-06-13T21:05:16+0200,9460a2c8-fa12-4ac2-aa07-8ee932688218,2026-05-25T15:15:00Z,2026-05-25T17:15:00+0200,1315.56,MW,DE,DE_LU,forecast_offshore_wind_generation,Wind Offshore,2026-06-13T19:07:25Z
2026-06-13T19:05:16Z,2026-06-13T21:05:16+0200,9460a2c8-fa12-4ac2-aa07-8ee932688218,2026-05-25T15:30:00Z,2026-05-25T17:30:00+0200,1314.94,MW,DE,DE_LU,forecast_offshore_wind_generation,Wind Offshore,2026-06-13T19:07:25Z
2026-06-13T19:05:16Z,2026-06-13T21:05:16+0200,9460a2c8-fa12-4ac2-aa07-8ee932688218,2026-05-25T15:45:00Z,2026-05-25T17:45:00+0200,1292.52,MW,DE,DE_LU,forecast_offshore_wind_generation,Wind Offshore,2026-06-13T19:07:25Z
2026-06-13T19:05:16Z,2026-06-13T21:05:16+0200,9460a2c8-fa12-4ac2-aa07-8ee932688218,2026-05-25T16:00:00Z,2026-05-25T18:00:00+0200,1278.39,MW,DE,DE_LU,forecast_offshore_wind_generation,Wind Offshore,2026-06-13T19:07:25Z
2026-06-13T19:05:16Z,2026-06-13T21:05:16+0200,9460a2c8-fa12-4ac2-aa07-8ee932688218,2026-05-25T16:15:00Z,2026-05-25T18:15:00+0200,1265.14,MW,DE,DE_LU,forecast_offshore_wind_generation,Wind Offshore,2026-06-13T19:07:25Z
2026-06-13T19:05:16Z,2026-06-13T21:05:16+0200,9460a2c8-fa12-4ac2-aa07-8ee932688218,2026-05-25T16:30:00Z,2026-05-25T18:30:00+0200,1247.2,MW,DE,DE_LU,forecast_offshore_wind_generation,Wind Offshore,2026-06-13T19:07:25Z
2026-06-13T19:05:16Z,2026-06-13T21:05:16+0200,9460a2c8-fa12-4ac2-aa07-8ee932688218,2026-05-25T16:45:00Z,2026-05-25T18:45:00+0200,1230.43,MW,DE,DE_LU,forecast_offshore_wind_generation,Wind Offshore,2026-06-13T19:07:25Z
2026-06-13T19:05:16Z,2026-06-13T21:05:16+0200,9460a2c8-fa12-4ac2-aa07-8ee932688218,2026-05-25T17:00:00Z,2026-05-25T19:00:00+0200,1216.16,MW,DE,DE_LU,forecast_offshore_wind_generation,Wind Offshore,2026-06-13T19:07:25Z
2026-06-13T19:05:16Z,2026-06-13T21:05:16+0200,9460a2c8-fa12-4ac2-aa07-8ee932688218,2026-05-25T17:15:00Z,2026-05-25T19:15:00+0200,1215.47,MW,DE,DE_LU,forecast_offshore_wind_generation,Wind Offshore,2026-06-13T19:07:25Z
2026-06-13T19:05:16Z,2026-06-13T21:05:16+0200,9460a2c8-fa12-4ac2-aa07-8ee932688218,2026-05-25T17:30:00Z,2026-05-25T19:30:00+0200,1220.95,MW,DE,DE_LU,forecast_offshore_wind_generation,Wind Offshore,2026-06-13T19:07:25Z
2026-06-13T19:05:16Z,2026-06-13T21:05:16+0200,9460a2c8-fa12-4ac2-aa07-8ee932688218,2026-05-25T17:45:00Z,2026-05-25T19:45:00+0200,1219.85,MW,DE,DE_LU,forecast_offshore_wind_generation,Wind Offshore,2026-06-13T19:07:25Z
2026-06-13T19:05:16Z,2026-06-13T21:05:16+0200,9460a2c8-fa12-4ac2-aa07-8ee932688218,2026-05-25T18:00:00Z,2026-05-25T20:00:00+0200,1220.55,MW,DE,DE_LU,forecast_offshore_wind_generation,Wind Offshore,2026-06-13T19:07:25Z
2026-06-13T19:05:16Z,2026-06-13T21:05:16+0200,9460a2c8-fa12-4ac2-aa07-8ee932688218,2026-05-25T18:15:00Z,2026-05-25T20:15:00+0200,1233.66,MW,DE,DE_LU,forecast_offshore_wind_generation,Wind Offshore,2026-06-13T19:07:25Z
2026-06-13T19:05:16Z,2026-06-13T21:05:16+0200,9460a2c8-fa12-4ac2-aa07-8ee932688218,2026-05-25T18:30:00Z,2026-05-25T20:30:00+0200,1243.76,MW,DE,DE_LU,forecast_offshore_wind_generation,Wind Offshore,2026-06-13T19:07:25Z
2026-06-13T19:05:16Z,2026-06-13T21:05:16+0200,9460a2c8-fa12-4ac2-aa07-8ee932688218,2026-05-25T18:45:00Z,2026-05-25T20:45:00+0200,1252.52,MW,DE,DE_LU,forecast_offshore_wind_generation,Wind Offshore,2026-06-13T19:07:25Z
2026-06-13T19:05:16Z,2026-06-13T21:05:16+0200,9460a2c8-fa12-4ac2-aa07-8ee932688218,2026-05-25T19:00:00Z,2026-05-25T21:00:00+0200,1262.52,MW,DE,DE_LU,forecast_offshore_wind_generation,Wind Offshore,2026-06-13T19:07:25Z
2026-06-13T19:05:16Z,2026-06-13T21:05:16+0200,9460a2c8-fa12-4ac2-aa07-8ee932688218,2026-05-25T19:15:00Z,2026-05-25T21:15:00+0200,1284.09,MW,DE,DE_LU,forecast_offshore_wind_generation,Wind Offshore,2026-06-13T19:07:25Z
2026-06-13T19:05:16Z,2026-06-13T21:05:16+0200,9460a2c8-fa12-4ac2-aa07-8ee932688218,2026-05-25T19:30:00Z,2026-05-25T21:30:00+0200,1301.69,MW,DE,DE_LU,forecast_offshore_wind_generation,Wind Offshore,2026-06-13T19:07:25Z
2026-06-13T19:05:16Z,2026-06-13T21:05:16+0200,9460a2c8-fa12-4ac2-aa07-8ee932688218,2026-05-25T19:45:00Z,2026-05-25T21:45:00+0200,1323.14,MW,DE,DE_LU,forecast_offshore_wind_generation,Wind Offshore,2026-06-13T19:07:25Z
2026-06-13T19:05:16Z,2026-06-13T21:05:16+0200,9460a2c8-fa12-4ac2-aa07-8ee932688218,2026-05-25T20:00:00Z,2026-05-25T22:00:00+0200,1345.34,MW,DE,DE_LU,forecast_offshore_wind_generation,Wind Offshore,2026-06-13T19:07:25Z
2026-06-13T19:05:16Z,2026-06-13T21:05:16+0200,9460a2c8-fa12-4ac2-aa07-8ee932688218,2026-05-25T20:15:00Z,2026-05-25T22:15:00+0200,1368.11,MW,DE,DE_LU,forecast_offshore_wind_generation,Wind Offshore,2026-06-13T19:07:25Z
2026-06-13T19:05:16Z,2026-06-13T21:05:16+0200,9460a2c8-fa12-4ac2-aa07-8ee932688218,2026-05-25T20:30:00Z,2026-05-25T22:30:00+0200,1399.45,MW,DE,DE_LU,forecast_offshore_wind_generation,Wind Offshore,2026-06-13T19:07:25Z
2026-06-13T19:05:16Z,2026-06-13T21:05:16+0200,9460a2c8-fa12-4ac2-aa07-8ee932688218,2026-05-25T20:45:00Z,2026-05-25T22:45:00+0200,1422.63,MW,DE,DE_LU,forecast_offshore_wind_generation,Wind Offshore,2026-06-13T19:07:25Z
2026-06-13T19:05:16Z,2026-06-13T21:05:16+0200,9460a2c8-fa12-4ac2-aa07-8ee932688218,2026-05-25T21:00:00Z,2026-05-25T23:00:00+0200,1452.61,MW,DE,DE_LU,forecast_offshore_wind_generation,Wind Offshore,2026-06-13T19:07:25Z
2026-06-13T19:05:16Z,2026-06-13T21:05:16+0200,9460a2c8-fa12-4ac2-aa07-8ee932688218,2026-05-25T21:15:00Z,2026-05-25T23:15:00+0200,1486.73,MW,DE,DE_LU,forecast_offshore_wind_generation,Wind Offshore,2026-06-13T19:07:25Z
2026-06-13T19:05:16Z,2026-06-13T21:05:16+0200,9460a2c8-fa12-4ac2-aa07-8ee932688218,2026-05-25T21:30:00Z,2026-05-25T23:30:00+0200,1518.88,MW,DE,DE_LU,forecast_offshore_wind_generation,Wind Offshore,2026-06-13T19:07:25Z
2026-06-13T19:05:16Z,2026-06-13T21:05:16+0200,9460a2c8-fa12-4ac2-aa07-8ee932688218,2026-05-25T21:45:00Z,2026-05-25T23:45:00+0200,1552.91,MW,DE,DE_LU,forecast_offshore_wind_generation,Wind Offshore,2026-06-13T19:07:25Z
2026-06-13T19:05:16Z,2026-06-13T21:05:16+0200,9460a2c8-fa12-4ac2-aa07-8ee932688218,2026-05-25T22:00:00Z,2026-05-26T00:00:00+0200,1767.92,MW,DE,DE_LU,forecast_offshore_wind_generation,Wind Offshore,2026-06-13T19:07:25Z
2026-06-13T19:05:16Z,2026-06-13T21:05:16+0200,9460a2c8-fa12-4ac2-aa07-8ee932688218,2026-05-25T22:15:00Z,2026-05-26T00:15:00+0200,1796.33,MW,DE,DE_LU,forecast_offshore_wind_generation,Wind Offshore,2026-06-13T19:07:25Z
2026-06-13T19:05:16Z,2026-06-13T21:05:16+0200,9460a2c8-fa12-4ac2-aa07-8ee932688218,2026-05-25T22:30:00Z,2026-05-26T00:30:00+0200,1816.53,MW,DE,DE_LU,forecast_offshore_wind_generation,Wind Offshore,2026-06-13T19:07:25Z
2026-06-13T19:05:16Z,2026-06-13T21:05:16+0200,9460a2c8-fa12-4ac2-aa07-8ee932688218,2026-05-25T22:45:00Z,2026-05-26T00:45:00+0200,1841.59,MW,DE,DE_LU,forecast_offshore_wind_generation,Wind Offshore,2026-06-13T19:07:25Z
2026-06-13T19:05:16Z,2026-06-13T21:05:16+0200,9460a2c8-fa12-4ac2-aa07-8ee932688218,2026-05-25T23:00:00Z,2026-05-26T01:00:00+0200,1858.84,MW,DE,DE_LU,forecast_offshore_wind_generation,Wind Offshore,2026-06-13T19:07:25Z
2026-06-13T19:05:16Z,2026-06-13T21:05:16+0200,9460a2c8-fa12-4ac2-aa07-8ee932688218,2026-05-25T23:15:00Z,2026-05-26T01:15:00+0200,1864.41,MW,DE,DE_LU,forecast_offshore_wind_generation,Wind Offshore,2026-06-13T19:07:25Z
2026-06-13T19:05:16Z,2026-06-13T21:05:16+0200,9460a2c8-fa12-4ac2-aa07-8ee932688218,2026-05-25T23:30:00Z,2026-05-26T01:30:00+0200,1863.17,MW,DE,DE_LU,forecast_offshore_wind_generation,Wind Offshore,2026-06-13T19:07:25Z
2026-06-13T19:05:16Z,2026-06-13T21:05:16+0200,9460a2c8-fa12-4ac2-aa07-8ee932688218,2026-05-25T23:45:00Z,2026-05-26T01:45:00+0200,1866.66,MW,DE,DE_LU,forecast_offshore_wind_generation,Wind Offshore,2026-06-13T19:07:25Z
2026-06-13T19:05:16Z,2026-06-13T21:05:16+0200,9460a2c8-fa12-4ac2-aa07-8ee932688218,2026-05-26T00:00:00Z,2026-05-26T02:00:00+0200,1864.51,MW,DE,DE_LU,forecast_offshore_wind_generation,Wind Offshore,2026-06-13T19:07:25Z
2026-06-13T19:05:16Z,2026-06-13T21:05:16+0200,9460a2c8-fa12-4ac2-aa07-8ee932688218,2026-05-26T00:15:00Z,2026-05-26T02:15:00+0200,1845.96,MW,DE,DE_LU,forecast_offshore_wind_generation,Wind Offshore,2026-06-13T19:07:25Z
2026-06-13T19:05:16Z,2026-06-13T21:05:16+0200,9460a2c8-fa12-4ac2-aa07-8ee932688218,2026-05-26T00:30:00Z,2026-05-26T02:30:00+0200,1829.21,MW,DE,DE_LU,forecast_offshore_wind_generation,Wind Offshore,2026-06-13T19:07:25Z
2026-06-13T19:05:16Z,2026-06-13T21:05:16+0200,9460a2c8-fa12-4ac2-aa07-8ee932688218,2026-05-26T00:45:00Z,2026-05-26T02:45:00+0200,1809.34,MW,DE,DE_LU,forecast_offshore_wind_generation,Wind Offshore,2026-06-13T19:07:25Z
2026-06-13T19:05:16Z,2026-06-13T21:05:16+0200,9460a2c8-fa12-4ac2-aa07-8ee932688218,2026-05-26T01:00:00Z,2026-05-26T03:00:00+0200,1784.64,MW,DE,DE_LU,forecast_offshore_wind_generation,Wind Offshore,2026-06-13T19:07:25Z
2026-06-13T19:05:16Z,2026-06-13T21:05:16+0200,9460a2c8-fa12-4ac2-aa07-8ee932688218,2026-05-26T01:15:00Z,2026-05-26T03:15:00+0200,1761.25,MW,DE,DE_LU,forecast_offshore_wind_generation,Wind Offshore,2026-06-13T19:07:25Z
2026-06-13T19:05:16Z,2026-06-13T21:05:16+0200,9460a2c8-fa12-4ac2-aa07-8ee932688218,2026-05-26T01:30:00Z,2026-05-26T03:30:00+0200,1738.82,MW,DE,DE_LU,forecast_offshore_wind_generation,Wind Offshore,2026-06-13T19:07:25Z
2026-06-13T19:05:16Z,2026-06-13T21:05:16+0200,9460a2c8-fa12-4ac2-aa07-8ee932688218,2026-05-26T01:45:00Z,2026-05-26T03:45:00+0200,1714.39,MW,DE,DE_LU,forecast_offshore_wind_generation,Wind Offshore,2026-06-13T19:07:25Z
2026-06-13T19:05:16Z,2026-06-13T21:05:16+0200,9460a2c8-fa12-4ac2-aa07-8ee932688218,2026-05-26T02:00:00Z,2026-05-26T04:00:00+0200,1687.89,MW,DE,DE_LU,forecast_offshore_wind_generation,Wind Offshore,2026-06-13T19:07:25Z
2026-06-13T19:05:16Z,2026-06-13T21:05:16+0200,9460a2c8-fa12-4ac2-aa07-8ee932688218,2026-05-26T02:15:00Z,2026-05-26T04:15:00+0200,1661.28,MW,DE,DE_LU,forecast_offshore_wind_generation,Wind Offshore,2026-06-13T19:07:25Z
2026-06-13T19:05:16Z,2026-06-13T21:05:16+0200,9460a2c8-fa12-4ac2-aa07-8ee932688218,2026-05-26T02:30:00Z,2026-05-26T04:30:00+0200,1630.76,MW,DE,DE_LU,forecast_offshore_wind_generation,Wind Offshore,2026-06-13T19:07:25Z
2026-06-13T19:05:16Z,2026-06-13T21:05:16+0200,9460a2c8-fa12-4ac2-aa07-8ee932688218,2026-05-26T02:45:00Z,2026-05-26T04:45:00+0200,1603.42,MW,DE,DE_LU,forecast_offshore_wind_generation,Wind Offshore,2026-06-13T19:07:25Z
2026-06-13T19:05:16Z,2026-06-13T21:05:16+0200,9460a2c8-fa12-4ac2-aa07-8ee932688218,2026-05-26T03:00:00Z,2026-05-26T05:00:00+0200,1571.72,MW,DE,DE_LU,forecast_offshore_wind_generation,Wind Offshore,2026-06-13T19:07:25Z
2026-06-13T19:05:16Z,2026-06-13T21:05:16+0200,9460a2c8-fa12-4ac2-aa07-8ee932688218,2026-05-26T03:15:00Z,2026-05-26T05:15:00+0200,1553.72,MW,DE,DE_LU,forecast_offshore_wind_generation,Wind Offshore,2026-06-13T19:07:25Z
2026-06-13T19:05:16Z,2026-06-13T21:05:16+0200,9460a2c8-fa12-4ac2-aa07-8ee932688218,2026-05-26T03:30:00Z,2026-05-26T05:30:00+0200,1537.51,MW,DE,DE_LU,forecast_offshore_wind_generation,Wind Offshore,2026-06-13T19:07:25Z
2026-06-13T19:05:16Z,2026-06-13T21:05:16+0200,9460a2c8-fa12-4ac2-aa07-8ee932688218,2026-05-26T03:45:00Z,2026-05-26T05:45:00+0200,1523.03,MW,DE,DE_LU,forecast_offshore_wind_generation,Wind Offshore,2026-06-13T19:07:25Z
2026-06-13T19:05:16Z,2026-06-13T21:05:16+0200,9460a2c8-fa12-4ac2-aa07-8ee932688218,2026-05-26T04:00:00Z,2026-05-26T06:00:00+0200,1495.48,MW,DE,DE_LU,forecast_offshore_wind_generation,Wind Offshore,2026-06-13T19:07:25Z
2026-06-13T19:05:16Z,2026-06-13T21:05:16+0200,9460a2c8-fa12-4ac2-aa07-8ee932688218,2026-05-26T04:15:00Z,2026-05-26T06:15:00+0200,1503.37,MW,DE,DE_LU,forecast_offshore_wind_generation,Wind Offshore,2026-06-13T19:07:25Z
2026-06-13T19:05:16Z,2026-06-13T21:05:16+0200,9460a2c8-fa12-4ac2-aa07-8ee932688218,2026-05-26T04:30:00Z,2026-05-26T06:30:00+0200,1516.23,MW,DE,DE_LU,forecast_offshore_wind_generation,Wind Offshore,2026-06-13T19:07:25Z
2026-06-13T19:05:16Z,2026-06-13T21:05:16+0200,9460a2c8-fa12-4ac2-aa07-8ee932688218,2026-05-26T04:45:00Z,2026-05-26T06:45:00+0200,1526.02,MW,DE,DE_LU,forecast_offshore_wind_generation,Wind Offshore,2026-06-13T19:07:25Z
2026-06-13T19:05:16Z,2026-06-13T21:05:16+0200,9460a2c8-fa12-4ac2-aa07-8ee932688218,2026-05-26T05:00:00Z,2026-05-26T07:00:00+0200,1536.08,MW,DE,DE_LU,forecast_offshore_wind_generation,Wind Offshore,2026-06-13T19:07:25Z
2026-06-13T19:05:16Z,2026-06-13T21:05:16+0200,9460a2c8-fa12-4ac2-aa07-8ee932688218,2026-05-26T05:15:00Z,2026-05-26T07:15:00+0200,1625.84,MW,DE,DE_LU,forecast_offshore_wind_generation,Wind Offshore,2026-06-13T19:07:25Z
2026-06-13T19:05:16Z,2026-06-13T21:05:16+0200,9460a2c8-fa12-4ac2-aa07-8ee932688218,2026-05-26T05:30:00Z,2026-05-26T07:30:00+0200,1709.86,MW,DE,DE_LU,forecast_offshore_wind_generation,Wind Offshore,2026-06-13T19:07:25Z
2026-06-13T19:05:16Z,2026-06-13T21:05:16+0200,9460a2c8-fa12-4ac2-aa07-8ee932688218,2026-05-26T05:45:00Z,2026-05-26T07:45:00+0200,1797.01,MW,DE,DE_LU,forecast_offshore_wind_generation,Wind Offshore,2026-06-13T19:07:25Z
2026-06-13T19:05:16Z,2026-06-13T21:05:16+0200,9460a2c8-fa12-4ac2-aa07-8ee932688218,2026-05-26T06:00:00Z,2026-05-26T08:00:00+0200,1885.25,MW,DE,DE_LU,forecast_offshore_wind_generation,Wind Offshore,2026-06-13T19:07:25Z
2026-06-13T19:05:16Z,2026-06-13T21:05:16+0200,9460a2c8-fa12-4ac2-aa07-8ee932688218,2026-05-26T06:15:00Z,2026-05-26T08:15:00+0200,2045.44,MW,DE,DE_LU,forecast_offshore_wind_generation,Wind Offshore,2026-06-13T19:07:25Z
2026-06-13T19:05:16Z,2026-06-13T21:05:16+0200,9460a2c8-fa12-4ac2-aa07-8ee932688218,2026-05-26T06:30:00Z,2026-05-26T08:30:00+0200,2202.67,MW,DE,DE_LU,forecast_offshore_wind_generation,Wind Offshore,2026-06-13T19:07:25Z
2026-06-13T19:05:16Z,2026-06-13T21:05:16+0200,9460a2c8-fa12-4ac2-aa07-8ee932688218,2026-05-26T06:45:00Z,2026-05-26T08:45:00+0200,2368.13,MW,DE,DE_LU,forecast_offshore_wind_generation,Wind Offshore,2026-06-13T19:07:25Z
2026-06-13T19:05:16Z,2026-06-13T21:05:16+0200,9460a2c8-fa12-4ac2-aa07-8ee932688218,2026-05-26T07:00:00Z,2026-05-26T09:00:00+0200,2523.37,MW,DE,DE_LU,forecast_offshore_wind_generation,Wind Offshore,2026-06-13T19:07:25Z
2026-06-13T19:05:16Z,2026-06-13T21:05:16+0200,9460a2c8-fa12-4ac2-aa07-8ee932688218,2026-05-26T07:15:00Z,2026-05-26T09:15:00+0200,2679.13,MW,DE,DE_LU,forecast_offshore_wind_generation,Wind Offshore,2026-06-13T19:07:25Z
2026-06-13T19:05:16Z,2026-06-13T21:05:16+0200,9460a2c8-fa12-4ac2-aa07-8ee932688218,2026-05-26T07:30:00Z,2026-05-26T09:30:00+0200,2847.97,MW,DE,DE_LU,forecast_offshore_wind_generation,Wind Offshore,2026-06-13T19:07:25Z
2026-06-13T19:05:16Z,2026-06-13T21:05:16+0200,9460a2c8-fa12-4ac2-aa07-8ee932688218,2026-05-26T07:45:00Z,2026-05-26T09:45:00+0200,3012.68,MW,DE,DE_LU,forecast_offshore_wind_generation,Wind Offshore,2026-06-13T19:07:25Z
2026-06-13T19:05:16Z,2026-06-13T21:05:16+0200,9460a2c8-fa12-4ac2-aa07-8ee932688218,2026-05-26T08:00:00Z,2026-05-26T10:00:00+0200,3156.21,MW,DE,DE_LU,forecast_offshore_wind_generation,Wind Offshore,2026-06-13T19:07:25Z
2026-06-13T19:05:16Z,2026-06-13T21:05:16+0200,9460a2c8-fa12-4ac2-aa07-8ee932688218,2026-05-26T08:15:00Z,2026-05-26T10:15:00+0200,3254.2,MW,DE,DE_LU,forecast_offshore_wind_generation,Wind Offshore,2026-06-13T19:07:25Z
2026-06-13T19:05:16Z,2026-06-13T21:05:16+0200,9460a2c8-fa12-4ac2-aa07-8ee932688218,2026-05-26T08:30:00Z,2026-05-26T10:30:00+0200,3348.22,MW,DE,DE_LU,forecast_offshore_wind_generation,Wind Offshore,2026-06-13T19:07:25Z
2026-06-13T19:05:16Z,2026-06-13T21:05:16+0200,9460a2c8-fa12-4ac2-aa07-8ee932688218,2026-05-26T08:45:00Z,2026-05-26T10:45:00+0200,3437.24,MW,DE,DE_LU,forecast_offshore_wind_generation,Wind Offshore,2026-06-13T19:07:25Z
2026-06-13T19:05:16Z,2026-06-13T21:05:16+0200,9460a2c8-fa12-4ac2-aa07-8ee932688218,2026-05-26T09:00:00Z,2026-05-26T11:00:00+0200,3496.5,MW,DE,DE_LU,forecast_offshore_wind_generation,Wind Offshore,2026-06-13T19:07:25Z
2026-06-13T19:05:16Z,2026-06-13T21:05:16+0200,9460a2c8-fa12-4ac2-aa07-8ee932688218,2026-05-26T09:15:00Z,2026-05-26T11:15:00+0200,3504.53,MW,DE,DE_LU,forecast_offshore_wind_generation,Wind Offshore,2026-06-13T19:07:25Z
2026-06-13T19:05:16Z,2026-06-13T21:05:16+0200,9460a2c8-fa12-4ac2-aa07-8ee932688218,2026-05-26T09:30:00Z,2026-05-26T11:30:00+0200,3516.72,MW,DE,DE_LU,forecast_offshore_wind_generation,Wind Offshore,2026-06-13T19:07:25Z
2026-06-13T19:05:16Z,2026-06-13T21:05:16+0200,9460a2c8-fa12-4ac2-aa07-8ee932688218,2026-05-26T09:45:00Z,2026-05-26T11:45:00+0200,3528.61,MW,DE,DE_LU,forecast_offshore_wind_generation,Wind Offshore,2026-06-13T19:07:25Z
2026-06-13T19:05:16Z,2026-06-13T21:05:16+0200,9460a2c8-fa12-4ac2-aa07-8ee932688218,2026-05-26T10:00:00Z,2026-05-26T12:00:00+0200,3522.47,MW,DE,DE_LU,forecast_offshore_wind_generation,Wind Offshore,2026-06-13T19:07:25Z
2026-06-13T19:05:16Z,2026-06-13T21:05:16+0200,9460a2c8-fa12-4ac2-aa07-8ee932688218,2026-05-26T10:15:00Z,2026-05-26T12:15:00+0200,3483.76,MW,DE,DE_LU,forecast_offshore_wind_generation,Wind Offshore,2026-06-13T19:07:25Z
2026-06-13T19:05:16Z,2026-06-13T21:05:16+0200,9460a2c8-fa12-4ac2-aa07-8ee932688218,2026-05-26T10:30:00Z,2026-05-26T12:30:00+0200,3444.26,MW,DE,DE_LU,forecast_offshore_wind_generation,Wind Offshore,2026-06-13T19:07:25Z
2026-06-13T19:05:16Z,2026-06-13T21:05:16+0200,9460a2c8-fa12-4ac2-aa07-8ee932688218,2026-05-26T10:45:00Z,2026-05-26T12:45:00+0200,3402.91,MW,DE,DE_LU,forecast_offshore_wind_generation,Wind Offshore,2026-06-13T19:07:25Z
2026-06-13T19:05:16Z,2026-06-13T21:05:16+0200,9460a2c8-fa12-4ac2-aa07-8ee932688218,2026-05-26T11:00:00Z,2026-05-26T13:00:00+0200,3338.28,MW,DE,DE_LU,forecast_offshore_wind_generation,Wind Offshore,2026-06-13T19:07:25Z
2026-06-13T19:05:16Z,2026-06-13T21:05:16+0200,9460a2c8-fa12-4ac2-aa07-8ee932688218,2026-05-26T11:15:00Z,2026-05-26T13:15:00+0200,3232.4,MW,DE,DE_LU,forecast_offshore_wind_generation,Wind Offshore,2026-06-13T19:07:25Z
2026-06-13T19:05:16Z,2026-06-13T21:05:16+0200,9460a2c8-fa12-4ac2-aa07-8ee932688218,2026-05-26T11:30:00Z,2026-05-26T13:30:00+0200,3125.1,MW,DE,DE_LU,forecast_offshore_wind_generation,Wind Offshore,2026-06-13T19:07:25Z
2026-06-13T19:05:16Z,2026-06-13T21:05:16+0200,9460a2c8-fa12-4ac2-aa07-8ee932688218,2026-05-26T11:45:00Z,2026-05-26T13:45:00+0200,3014.97,MW,DE,DE_LU,forecast_offshore_wind_generation,Wind Offshore,2026-06-13T19:07:25Z
2026-06-13T19:05:16Z,2026-06-13T21:05:16+0200,9460a2c8-fa12-4ac2-aa07-8ee932688218,2026-05-26T12:00:00Z,2026-05-26T14:00:00+0200,2894.72,MW,DE,DE_LU,forecast_offshore_wind_generation,Wind Offshore,2026-06-13T19:07:25Z
2026-06-13T19:05:16Z,2026-06-13T21:05:16+0200,9460a2c8-fa12-4ac2-aa07-8ee932688218,2026-05-26T12:15:00Z,2026-05-26T14:15:00+0200,2777.85,MW,DE,DE_LU,forecast_offshore_wind_generation,Wind Offshore,2026-06-13T19:07:25Z
2026-06-13T19:05:16Z,2026-06-13T21:05:16+0200,9460a2c8-fa12-4ac2-aa07-8ee932688218,2026-05-26T12:30:00Z,2026-05-26T14:30:00+0200,2648.74,MW,DE,DE_LU,forecast_offshore_wind_generation,Wind Offshore,2026-06-13T19:07:25Z
2026-06-13T19:05:16Z,2026-06-13T21:05:16+0200,9460a2c8-fa12-4ac2-aa07-8ee932688218,2026-05-26T12:45:00Z,2026-05-26T14:45:00+0200,2512.58,MW,DE,DE_LU,forecast_offshore_wind_generation,Wind Offshore,2026-06-13T19:07:25Z
2026-06-13T19:05:16Z,2026-06-13T21:05:16+0200,9460a2c8-fa12-4ac2-aa07-8ee932688218,2026-05-26T13:00:00Z,2026-05-26T15:00:00+0200,2361.49,MW,DE,DE_LU,forecast_offshore_wind_generation,Wind Offshore,2026-06-13T19:07:25Z
2026-06-13T19:05:16Z,2026-06-13T21:05:16+0200,9460a2c8-fa12-4ac2-aa07-8ee932688218,2026-05-26T13:15:00Z,2026-05-26T15:15:00+0200,2248.58,MW,DE,DE_LU,forecast_offshore_wind_generation,Wind Offshore,2026-06-13T19:07:25Z
2026-06-13T19:05:16Z,2026-06-13T21:05:16+0200,9460a2c8-fa12-4ac2-aa07-8ee932688218,2026-05-26T13:30:00Z,2026-05-26T15:30:00+0200,2134.53,MW,DE,DE_LU,forecast_offshore_wind_generation,Wind Offshore,2026-06-13T19:07:25Z
2026-06-13T19:05:16Z,2026-06-13T21:05:16+0200,9460a2c8-fa12-4ac2-aa07-8ee932688218,2026-05-26T13:45:00Z,2026-05-26T15:45:00+0200,2010.66,MW,DE,DE_LU,forecast_offshore_wind_generation,Wind Offshore,2026-06-13T19:07:25Z
2026-06-13T19:05:16Z,2026-06-13T21:05:16+0200,9460a2c8-fa12-4ac2-aa07-8ee932688218,2026-05-26T14:00:00Z,2026-05-26T16:00:00+0200,1865.29,MW,DE,DE_LU,forecast_offshore_wind_generation,Wind Offshore,2026-06-13T19:07:25Z
2026-06-13T19:05:16Z,2026-06-13T21:05:16+0200,9460a2c8-fa12-4ac2-aa07-8ee932688218,2026-05-26T14:15:00Z,2026-05-26T16:15:00+0200,1827.0,MW,DE,DE_LU,forecast_offshore_wind_generation,Wind Offshore,2026-06-13T19:07:25Z
2026-06-13T19:05:16Z,2026-06-13T21:05:16+0200,9460a2c8-fa12-4ac2-aa07-8ee932688218,2026-05-26T14:30:00Z,2026-05-26T16:30:00+0200,1779.99,MW,DE,DE_LU,forecast_offshore_wind_generation,Wind Offshore,2026-06-13T19:07:25Z
2026-06-13T19:05:16Z,2026-06-13T21:05:16+0200,9460a2c8-fa12-4ac2-aa07-8ee932688218,2026-05-26T14:45:00Z,2026-05-26T16:45:00+0200,1734.63,MW,DE,DE_LU,forecast_offshore_wind_generation,Wind Offshore,2026-06-13T19:07:25Z
2026-06-13T19:05:16Z,2026-06-13T21:05:16+0200,9460a2c8-fa12-4ac2-aa07-8ee932688218,2026-05-26T15:00:00Z,2026-05-26T17:00:00+0200,1711.46,MW,DE,DE_LU,forecast_offshore_wind_generation,Wind Offshore,2026-06-13T19:07:25Z
2026-06-13T19:05:16Z,2026-06-13T21:05:16+0200,9460a2c8-fa12-4ac2-aa07-8ee932688218,2026-05-26T15:15:00Z,2026-05-26T17:15:00+0200,1742.74,MW,DE,DE_LU,forecast_offshore_wind_generation,Wind Offshore,2026-06-13T19:07:25Z
2026-06-13T19:05:16Z,2026-06-13T21:05:16+0200,9460a2c8-fa12-4ac2-aa07-8ee932688218,2026-05-26T15:30:00Z,2026-05-26T17:30:00+0200,1789.11,MW,DE,DE_LU,forecast_offshore_wind_generation,Wind Offshore,2026-06-13T19:07:25Z
2026-06-13T19:05:16Z,2026-06-13T21:05:16+0200,9460a2c8-fa12-4ac2-aa07-8ee932688218,2026-05-26T15:45:00Z,2026-05-26T17:45:00+0200,1813.6,MW,DE,DE_LU,forecast_offshore_wind_generation,Wind Offshore,2026-06-13T19:07:25Z
2026-06-13T19:05:16Z,2026-06-13T21:05:16+0200,9460a2c8-fa12-4ac2-aa07-8ee932688218,2026-05-26T16:00:00Z,2026-05-26T18:00:00+0200,1854.95,MW,DE,DE_LU,forecast_offshore_wind_generation,Wind Offshore,2026-06-13T19:07:25Z
2026-06-13T19:05:16Z,2026-06-13T21:05:16+0200,9460a2c8-fa12-4ac2-aa07-8ee932688218,2026-05-26T16:15:00Z,2026-05-26T18:15:00+0200,1941.96,MW,DE,DE_LU,forecast_offshore_wind_generation,Wind Offshore,2026-06-13T19:07:25Z
2026-06-13T19:05:16Z,2026-06-13T21:05:16+0200,9460a2c8-fa12-4ac2-aa07-8ee932688218,2026-05-26T16:30:00Z,2026-05-26T18:30:00+0200,2052.72,MW,DE,DE_LU,forecast_offshore_wind_generation,Wind Offshore,2026-06-13T19:07:25Z
2026-06-13T19:05:16Z,2026-06-13T21:05:16+0200,9460a2c8-fa12-4ac2-aa07-8ee932688218,2026-05-26T16:45:00Z,2026-05-26T18:45:00+0200,2131.7,MW,DE,DE_LU,forecast_offshore_wind_generation,Wind Offshore,2026-06-13T19:07:25Z
2026-06-13T19:05:16Z,2026-06-13T21:05:16+0200,9460a2c8-fa12-4ac2-aa07-8ee932688218,2026-05-26T17:00:00Z,2026-05-26T19:00:00+0200,2217.08,MW,DE,DE_LU,forecast_offshore_wind_generation,Wind Offshore,2026-06-13T19:07:25Z
2026-06-13T19:05:16Z,2026-06-13T21:05:16+0200,9460a2c8-fa12-4ac2-aa07-8ee932688218,2026-05-26T17:15:00Z,2026-05-26T19:15:00+0200,2324.45,MW,DE,DE_LU,forecast_offshore_wind_generation,Wind Offshore,2026-06-13T19:07:25Z
2026-06-13T19:05:16Z,2026-06-13T21:05:16+0200,9460a2c8-fa12-4ac2-aa07-8ee932688218,2026-05-26T17:30:00Z,2026-05-26T19:30:00+0200,2429.83,MW,DE,DE_LU,forecast_offshore_wind_generation,Wind Offshore,2026-06-13T19:07:25Z
2026-06-13T19:05:16Z,2026-06-13T21:05:16+0200,9460a2c8-fa12-4ac2-aa07-8ee932688218,2026-05-26T17:45:00Z,2026-05-26T19:45:00+0200,2532.44,MW,DE,DE_LU,forecast_offshore_wind_generation,Wind Offshore,2026-06-13T19:07:25Z
2026-06-13T19:05:16Z,2026-06-13T21:05:16+0200,9460a2c8-fa12-4ac2-aa07-8ee932688218,2026-05-26T18:00:00Z,2026-05-26T20:00:00+0200,2640.84,MW,DE,DE_LU,forecast_offshore_wind_generation,Wind Offshore,2026-06-13T19:07:25Z
2026-06-13T19:05:16Z,2026-06-13T21:05:16+0200,9460a2c8-fa12-4ac2-aa07-8ee932688218,2026-05-26T18:15:00Z,2026-05-26T20:15:00+0200,2761.38,MW,DE,DE_LU,forecast_offshore_wind_generation,Wind Offshore,2026-06-13T19:07:25Z
2026-06-13T19:05:16Z,2026-06-13T21:05:16+0200,9460a2c8-fa12-4ac2-aa07-8ee932688218,2026-05-26T18:30:00Z,2026-05-26T20:30:00+0200,2878.13,MW,DE,DE_LU,forecast_offshore_wind_generation,Wind Offshore,2026-06-13T19:07:25Z
2026-06-13T19:05:16Z,2026-06-13T21:05:16+0200,9460a2c8-fa12-4ac2-aa07-8ee932688218,2026-05-26T18:45:00Z,2026-05-26T20:45:00+0200,2995.4,MW,DE,DE_LU,forecast_offshore_wind_generation,Wind Offshore,2026-06-13T19:07:25Z
2026-06-13T19:05:16Z,2026-06-13T21:05:16+0200,9460a2c8-fa12-4ac2-aa07-8ee932688218,2026-05-26T19:00:00Z,2026-05-26T21:00:00+0200,3103.98,MW,DE,DE_LU,forecast_offshore_wind_generation,Wind Offshore,2026-06-13T19:07:25Z
2026-06-13T19:05:16Z,2026-06-13T21:05:16+0200,9460a2c8-fa12-4ac2-aa07-8ee932688218,2026-05-26T19:15:00Z,2026-05-26T21:15:00+0200,3204.03,MW,DE,DE_LU,forecast_offshore_wind_generation,Wind Offshore,2026-06-13T19:07:25Z
2026-06-13T19:05:16Z,2026-06-13T21:05:16+0200,9460a2c8-fa12-4ac2-aa07-8ee932688218,2026-05-26T19:30:00Z,2026-05-26T21:30:00+0200,3301.18,MW,DE,DE_LU,forecast_offshore_wind_generation,Wind Offshore,2026-06-13T19:07:25Z
2026-06-13T19:05:16Z,2026-06-13T21:05:16+0200,9460a2c8-fa12-4ac2-aa07-8ee932688218,2026-05-26T19:45:00Z,2026-05-26T21:45:00+0200,3398.69,MW,DE,DE_LU,forecast_offshore_wind_generation,Wind Offshore,2026-06-13T19:07:25Z
2026-06-13T19:05:16Z,2026-06-13T21:05:16+0200,9460a2c8-fa12-4ac2-aa07-8ee932688218,2026-05-26T20:00:00Z,2026-05-26T22:00:00+0200,3480.88,MW,DE,DE_LU,forecast_offshore_wind_generation,Wind Offshore,2026-06-13T19:07:25Z
2026-06-13T19:05:16Z,2026-06-13T21:05:16+0200,9460a2c8-fa12-4ac2-aa07-8ee932688218,2026-05-26T20:15:00Z,2026-05-26T22:15:00+0200,3458.63,MW,DE,DE_LU,forecast_offshore_wind_generation,Wind Offshore,2026-06-13T19:07:25Z
2026-06-13T19:05:16Z,2026-06-13T21:05:16+0200,9460a2c8-fa12-4ac2-aa07-8ee932688218,2026-05-26T20:30:00Z,2026-05-26T22:30:00+0200,3437.13,MW,DE,DE_LU,forecast_offshore_wind_generation,Wind Offshore,2026-06-13T19:07:25Z
2026-06-13T19:05:16Z,2026-06-13T21:05:16+0200,9460a2c8-fa12-4ac2-aa07-8ee932688218,2026-05-26T20:45:00Z,2026-05-26T22:45:00+0200,3404.21,MW,DE,DE_LU,forecast_offshore_wind_generation,Wind Offshore,2026-06-13T19:07:25Z
2026-06-13T19:05:16Z,2026-06-13T21:05:16+0200,9460a2c8-fa12-4ac2-aa07-8ee932688218,2026-05-26T21:00:00Z,2026-05-26T23:00:00+0200,3378.54,MW,DE,DE_LU,forecast_offshore_wind_generation,Wind Offshore,2026-06-13T19:07:25Z
2026-06-13T19:05:16Z,2026-06-13T21:05:16+0200,9460a2c8-fa12-4ac2-aa07-8ee932688218,2026-05-26T21:15:00Z,2026-05-26T23:15:00+0200,3352.31,MW,DE,DE_LU,forecast_offshore_wind_generation,Wind Offshore,2026-06-13T19:07:25Z
2026-06-13T19:05:16Z,2026-06-13T21:05:16+0200,9460a2c8-fa12-4ac2-aa07-8ee932688218,2026-05-26T21:30:00Z,2026-05-26T23:30:00+0200,3322.63,MW,DE,DE_LU,forecast_offshore_wind_generation,Wind Offshore,2026-06-13T19:07:25Z
2026-06-13T19:05:16Z,2026-06-13T21:05:16+0200,9460a2c8-fa12-4ac2-aa07-8ee932688218,2026-05-26T21:45:00Z,2026-05-26T23:45:00+0200,3295.7,MW,DE,DE_LU,forecast_offshore_wind_generation,Wind Offshore,2026-06-13T19:07:25Z
2026-06-13T19:05:16Z,2026-06-13T21:05:16+0200,9460a2c8-fa12-4ac2-aa07-8ee932688218,2026-05-26T22:00:00Z,2026-05-27T00:00:00+0200,3134.37,MW,DE,DE_LU,forecast_offshore_wind_generation,Wind Offshore,2026-06-13T19:07:25Z
2026-06-13T19:05:16Z,2026-06-13T21:05:16+0200,9460a2c8-fa12-4ac2-aa07-8ee932688218,2026-05-26T22:15:00Z,2026-05-27T00:15:00+0200,3145.25,MW,DE,DE_LU,forecast_offshore_wind_generation,Wind Offshore,2026-06-13T19:07:25Z
2026-06-13T19:05:16Z,2026-06-13T21:05:16+0200,9460a2c8-fa12-4ac2-aa07-8ee932688218,2026-05-26T22:30:00Z,2026-05-27T00:30:00+0200,3152.23,MW,DE,DE_LU,forecast_offshore_wind_generation,Wind Offshore,2026-06-13T19:07:25Z
2026-06-13T19:05:16Z,2026-06-13T21:05:16+0200,9460a2c8-fa12-4ac2-aa07-8ee932688218,2026-05-26T22:45:00Z,2026-05-27T00:45:00+0200,3164.36,MW,DE,DE_LU,forecast_offshore_wind_generation,Wind Offshore,2026-06-13T19:07:25Z
2026-06-13T19:05:16Z,2026-06-13T21:05:16+0200,9460a2c8-fa12-4ac2-aa07-8ee932688218,2026-05-26T23:00:00Z,2026-05-27T01:00:00+0200,3177.58,MW,DE,DE_LU,forecast_offshore_wind_generation,Wind Offshore,2026-06-13T19:07:25Z
2026-06-13T19:05:16Z,2026-06-13T21:05:16+0200,9460a2c8-fa12-4ac2-aa07-8ee932688218,2026-05-26T23:15:00Z,2026-05-27T01:15:00+0200,3205.41,MW,DE,DE_LU,forecast_offshore_wind_generation,Wind Offshore,2026-06-13T19:07:25Z
2026-06-13T19:05:16Z,2026-06-13T21:05:16+0200,9460a2c8-fa12-4ac2-aa07-8ee932688218,2026-05-26T23:30:00Z,2026-05-27T01:30:00+0200,3235.2,MW,DE,DE_LU,forecast_offshore_wind_generation,Wind Offshore,2026-06-13T19:07:25Z
2026-06-13T19:05:16Z,2026-06-13T21:05:16+0200,9460a2c8-fa12-4ac2-aa07-8ee932688218,2026-05-26T23:45:00Z,2026-05-27T01:45:00+0200,3260.95,MW,DE,DE_LU,forecast_offshore_wind_generation,Wind Offshore,2026-06-13T19:07:25Z
2026-06-13T19:05:16Z,2026-06-13T21:05:16+0200,9460a2c8-fa12-4ac2-aa07-8ee932688218,2026-05-27T00:00:00Z,2026-05-27T02:00:00+0200,3288.4,MW,DE,DE_LU,forecast_offshore_wind_generation,Wind Offshore,2026-06-13T19:07:25Z
2026-06-13T19:05:16Z,2026-06-13T21:05:16+0200,9460a2c8-fa12-4ac2-aa07-8ee932688218,2026-05-27T00:15:00Z,2026-05-27T02:15:00+0200,3326.83,MW,DE,DE_LU,forecast_offshore_wind_generation,Wind Offshore,2026-06-13T19:07:25Z
2026-06-13T19:05:16Z,2026-06-13T21:05:16+0200,9460a2c8-fa12-4ac2-aa07-8ee932688218,2026-05-27T00:30:00Z,2026-05-27T02:30:00+0200,3363.13,MW,DE,DE_LU,forecast_offshore_wind_generation,Wind Offshore,2026-06-13T19:07:25Z
2026-06-13T19:05:16Z,2026-06-13T21:05:16+0200,9460a2c8-fa12-4ac2-aa07-8ee932688218,2026-05-27T00:45:00Z,2026-05-27T02:45:00+0200,3400.19,MW,DE,DE_LU,forecast_offshore_wind_generation,Wind Offshore,2026-06-13T19:07:25Z
2026-06-13T19:05:16Z,2026-06-13T21:05:16+0200,9460a2c8-fa12-4ac2-aa07-8ee932688218,2026-05-27T01:00:00Z,2026-05-27T03:00:00+0200,3430.54,MW,DE,DE_LU,forecast_offshore_wind_generation,Wind Offshore,2026-06-13T19:07:25Z
2026-06-13T19:05:16Z,2026-06-13T21:05:16+0200,9460a2c8-fa12-4ac2-aa07-8ee932688218,2026-05-27T01:15:00Z,2026-05-27T03:15:00+0200,3470.19,MW,DE,DE_LU,forecast_offshore_wind_generation,Wind Offshore,2026-06-13T19:07:25Z
2026-06-13T19:05:16Z,2026-06-13T21:05:16+0200,9460a2c8-fa12-4ac2-aa07-8ee932688218,2026-05-27T01:30:00Z,2026-05-27T03:30:00+0200,3504.87,MW,DE,DE_LU,forecast_offshore_wind_generation,Wind Offshore,2026-06-13T19:07:25Z
2026-06-13T19:05:16Z,2026-06-13T21:05:16+0200,9460a2c8-fa12-4ac2-aa07-8ee932688218,2026-05-27T01:45:00Z,2026-05-27T03:45:00+0200,3535.61,MW,DE,DE_LU,forecast_offshore_wind_generation,Wind Offshore,2026-06-13T19:07:25Z
2026-06-13T19:05:16Z,2026-06-13T21:05:16+0200,9460a2c8-fa12-4ac2-aa07-8ee932688218,2026-05-27T02:00:00Z,2026-05-27T04:00:00+0200,3576.38,MW,DE,DE_LU,forecast_offshore_wind_generation,Wind Offshore,2026-06-13T19:07:25Z
2026-06-13T19:05:16Z,2026-06-13T21:05:16+0200,9460a2c8-fa12-4ac2-aa07-8ee932688218,2026-05-27T02:15:00Z,2026-05-27T04:15:00+0200,3623.9,MW,DE,DE_LU,forecast_offshore_wind_generation,Wind Offshore,2026-06-13T19:07:25Z
2026-06-13T19:05:16Z,2026-06-13T21:05:16+0200,9460a2c8-fa12-4ac2-aa07-8ee932688218,2026-05-27T02:30:00Z,2026-05-27T04:30:00+0200,3671.42,MW,DE,DE_LU,forecast_offshore_wind_generation,Wind Offshore,2026-06-13T19:07:25Z
2026-06-13T19:05:16Z,2026-06-13T21:05:16+0200,9460a2c8-fa12-4ac2-aa07-8ee932688218,2026-05-27T02:45:00Z,2026-05-27T04:45:00+0200,3724.96,MW,DE,DE_LU,forecast_offshore_wind_generation,Wind Offshore,2026-06-13T19:07:25Z
2026-06-13T19:05:16Z,2026-06-13T21:05:16+0200,9460a2c8-fa12-4ac2-aa07-8ee932688218,2026-05-27T03:00:00Z,2026-05-27T05:00:00+0200,3764.87,MW,DE,DE_LU,forecast_offshore_wind_generation,Wind Offshore,2026-06-13T19:07:25Z
2026-06-13T19:05:16Z,2026-06-13T21:05:16+0200,9460a2c8-fa12-4ac2-aa07-8ee932688218,2026-05-27T03:15:00Z,2026-05-27T05:15:00+0200,3789.2,MW,DE,DE_LU,forecast_offshore_wind_generation,Wind Offshore,2026-06-13T19:07:25Z
2026-06-13T19:05:16Z,2026-06-13T21:05:16+0200,9460a2c8-fa12-4ac2-aa07-8ee932688218,2026-05-27T03:30:00Z,2026-05-27T05:30:00+0200,3814.46,MW,DE,DE_LU,forecast_offshore_wind_generation,Wind Offshore,2026-06-13T19:07:25Z
2026-06-13T19:05:16Z,2026-06-13T21:05:16+0200,9460a2c8-fa12-4ac2-aa07-8ee932688218,2026-05-27T03:45:00Z,2026-05-27T05:45:00+0200,3825.71,MW,DE,DE_LU,forecast_offshore_wind_generation,Wind Offshore,2026-06-13T19:07:25Z
2026-06-13T19:05:16Z,2026-06-13T21:05:16+0200,9460a2c8-fa12-4ac2-aa07-8ee932688218,2026-05-27T04:00:00Z,2026-05-27T06:00:00+0200,3829.29,MW,DE,DE_LU,forecast_offshore_wind_generation,Wind Offshore,2026-06-13T19:07:25Z
2026-06-13T19:05:16Z,2026-06-13T21:05:16+0200,9460a2c8-fa12-4ac2-aa07-8ee932688218,2026-05-27T04:15:00Z,2026-05-27T06:15:00+0200,3823.63,MW,DE,DE_LU,forecast_offshore_wind_generation,Wind Offshore,2026-06-13T19:07:25Z
2026-06-13T19:05:16Z,2026-06-13T21:05:16+0200,9460a2c8-fa12-4ac2-aa07-8ee932688218,2026-05-27T04:30:00Z,2026-05-27T06:30:00+0200,3815.15,MW,DE,DE_LU,forecast_offshore_wind_generation,Wind Offshore,2026-06-13T19:07:25Z
2026-06-13T19:05:16Z,2026-06-13T21:05:16+0200,9460a2c8-fa12-4ac2-aa07-8ee932688218,2026-05-27T04:45:00Z,2026-05-27T06:45:00+0200,3811.46,MW,DE,DE_LU,forecast_offshore_wind_generation,Wind Offshore,2026-06-13T19:07:25Z
2026-06-13T19:05:16Z,2026-06-13T21:05:16+0200,9460a2c8-fa12-4ac2-aa07-8ee932688218,2026-05-27T05:00:00Z,2026-05-27T07:00:00+0200,3793.85,MW,DE,DE_LU,forecast_offshore_wind_generation,Wind Offshore,2026-06-13T19:07:25Z
2026-06-13T19:05:16Z,2026-06-13T21:05:16+0200,9460a2c8-fa12-4ac2-aa07-8ee932688218,2026-05-27T05:15:00Z,2026-05-27T07:15:00+0200,3747.97,MW,DE,DE_LU,forecast_offshore_wind_generation,Wind Offshore,2026-06-13T19:07:25Z
2026-06-13T19:05:16Z,2026-06-13T21:05:16+0200,9460a2c8-fa12-4ac2-aa07-8ee932688218,2026-05-27T05:30:00Z,2026-05-27T07:30:00+0200,3697.96,MW,DE,DE_LU,forecast_offshore_wind_generation,Wind Offshore,2026-06-13T19:07:25Z
2026-06-13T19:05:16Z,2026-06-13T21:05:16+0200,9460a2c8-fa12-4ac2-aa07-8ee932688218,2026-05-27T05:45:00Z,2026-05-27T07:45:00+0200,3653.97,MW,DE,DE_LU,forecast_offshore_wind_generation,Wind Offshore,2026-06-13T19:07:25Z
2026-06-13T19:05:16Z,2026-06-13T21:05:16+0200,9460a2c8-fa12-4ac2-aa07-8ee932688218,2026-05-27T06:00:00Z,2026-05-27T08:00:00+0200,3539.14,MW,DE,DE_LU,forecast_offshore_wind_generation,Wind Offshore,2026-06-13T19:07:25Z
2026-06-13T19:05:16Z,2026-06-13T21:05:16+0200,9460a2c8-fa12-4ac2-aa07-8ee932688218,2026-05-27T06:15:00Z,2026-05-27T08:15:00+0200,3477.82,MW,DE,DE_LU,forecast_offshore_wind_generation,Wind Offshore,2026-06-13T19:07:25Z
2026-06-13T19:05:16Z,2026-06-13T21:05:16+0200,9460a2c8-fa12-4ac2-aa07-8ee932688218,2026-05-27T06:30:00Z,2026-05-27T08:30:00+0200,3390.73,MW,DE,DE_LU,forecast_offshore_wind_generation,Wind Offshore,2026-06-13T19:07:25Z
2026-06-13T19:05:16Z,2026-06-13T21:05:16+0200,9460a2c8-fa12-4ac2-aa07-8ee932688218,2026-05-27T06:45:00Z,2026-05-27T08:45:00+0200,3327.06,MW,DE,DE_LU,forecast_offshore_wind_generation,Wind Offshore,2026-06-13T19:07:25Z
2026-06-13T19:05:16Z,2026-06-13T21:05:16+0200,9460a2c8-fa12-4ac2-aa07-8ee932688218,2026-05-27T07:00:00Z,2026-05-27T09:00:00+0200,3259.02,MW,DE,DE_LU,forecast_offshore_wind_generation,Wind Offshore,2026-06-13T19:07:25Z
2026-06-13T19:05:16Z,2026-06-13T21:05:16+0200,9460a2c8-fa12-4ac2-aa07-8ee932688218,2026-05-27T07:15:00Z,2026-05-27T09:15:00+0200,3173.32,MW,DE,DE_LU,forecast_offshore_wind_generation,Wind Offshore,2026-06-13T19:07:25Z
2026-06-13T19:05:16Z,2026-06-13T21:05:16+0200,9460a2c8-fa12-4ac2-aa07-8ee932688218,2026-05-27T07:30:00Z,2026-05-27T09:30:00+0200,3056.78,MW,DE,DE_LU,forecast_offshore_wind_generation,Wind Offshore,2026-06-13T19:07:25Z
2026-06-13T19:05:16Z,2026-06-13T21:05:16+0200,9460a2c8-fa12-4ac2-aa07-8ee932688218,2026-05-27T07:45:00Z,2026-05-27T09:45:00+0200,2974.06,MW,DE,DE_LU,forecast_offshore_wind_generation,Wind Offshore,2026-06-13T19:07:25Z
2026-06-13T19:05:16Z,2026-06-13T21:05:16+0200,9460a2c8-fa12-4ac2-aa07-8ee932688218,2026-05-27T08:00:00Z,2026-05-27T10:00:00+0200,2887.1,MW,DE,DE_LU,forecast_offshore_wind_generation,Wind Offshore,2026-06-13T19:07:25Z
2026-06-13T19:05:16Z,2026-06-13T21:05:16+0200,9460a2c8-fa12-4ac2-aa07-8ee932688218,2026-05-27T08:15:00Z,2026-05-27T10:15:00+0200,2784.07,MW,DE,DE_LU,forecast_offshore_wind_generation,Wind Offshore,2026-06-13T19:07:25Z
2026-06-13T19:05:16Z,2026-06-13T21:05:16+0200,9460a2c8-fa12-4ac2-aa07-8ee932688218,2026-05-27T08:30:00Z,2026-05-27T10:30:00+0200,2687.2,MW,DE,DE_LU,forecast_offshore_wind_generation,Wind Offshore,2026-06-13T19:07:25Z
2026-06-13T19:05:16Z,2026-06-13T21:05:16+0200,9460a2c8-fa12-4ac2-aa07-8ee932688218,2026-05-27T08:45:00Z,2026-05-27T10:45:00+0200,2539.74,MW,DE,DE_LU,forecast_offshore_wind_generation,Wind Offshore,2026-06-13T19:07:25Z
2026-06-13T19:05:16Z,2026-06-13T21:05:16+0200,9460a2c8-fa12-4ac2-aa07-8ee932688218,2026-05-27T09:00:00Z,2026-05-27T11:00:00+0200,1611.71,MW,DE,DE_LU,forecast_offshore_wind_generation,Wind Offshore,2026-06-13T19:07:25Z
2026-06-13T19:05:16Z,2026-06-13T21:05:16+0200,9460a2c8-fa12-4ac2-aa07-8ee932688218,2026-05-27T09:15:00Z,2026-05-27T11:15:00+0200,1575.04,MW,DE,DE_LU,forecast_offshore_wind_generation,Wind Offshore,2026-06-13T19:07:25Z
2026-06-13T19:05:16Z,2026-06-13T21:05:16+0200,9460a2c8-fa12-4ac2-aa07-8ee932688218,2026-05-27T09:30:00Z,2026-05-27T11:30:00+0200,1535.77,MW,DE,DE_LU,forecast_offshore_wind_generation,Wind Offshore,2026-06-13T19:07:25Z
2026-06-13T19:05:16Z,2026-06-13T21:05:16+0200,9460a2c8-fa12-4ac2-aa07-8ee932688218,2026-05-27T09:45:00Z,2026-05-27T11:45:00+0200,1494.84,MW,DE,DE_LU,forecast_offshore_wind_generation,Wind Offshore,2026-06-13T19:07:25Z
2026-06-13T19:05:16Z,2026-06-13T21:05:16+0200,9460a2c8-fa12-4ac2-aa07-8ee932688218,2026-05-27T10:00:00Z,2026-05-27T12:00:00+0200,1456.57,MW,DE,DE_LU,forecast_offshore_wind_generation,Wind Offshore,2026-06-13T19:07:25Z
2026-06-13T19:05:16Z,2026-06-13T21:05:16+0200,9460a2c8-fa12-4ac2-aa07-8ee932688218,2026-05-27T10:15:00Z,2026-05-27T12:15:00+0200,1431.17,MW,DE,DE_LU,forecast_offshore_wind_generation,Wind Offshore,2026-06-13T19:07:25Z
2026-06-13T19:05:16Z,2026-06-13T21:05:16+0200,9460a2c8-fa12-4ac2-aa07-8ee932688218,2026-05-27T10:30:00Z,2026-05-27T12:30:00+0200,1406.43,MW,DE,DE_LU,forecast_offshore_wind_generation,Wind Offshore,2026-06-13T19:07:25Z
2026-06-13T19:05:16Z,2026-06-13T21:05:16+0200,9460a2c8-fa12-4ac2-aa07-8ee932688218,2026-05-27T10:45:00Z,2026-05-27T12:45:00+0200,1362.75,MW,DE,DE_LU,forecast_offshore_wind_generation,Wind Offshore,2026-06-13T19:07:25Z
2026-06-13T19:05:16Z,2026-06-13T21:05:16+0200,9460a2c8-fa12-4ac2-aa07-8ee932688218,2026-05-27T11:00:00Z,2026-05-27T13:00:00+0200,1345.59,MW,DE,DE_LU,forecast_offshore_wind_generation,Wind Offshore,2026-06-13T19:07:25Z
2026-06-13T19:05:16Z,2026-06-13T21:05:16+0200,9460a2c8-fa12-4ac2-aa07-8ee932688218,2026-05-27T11:15:00Z,2026-05-27T13:15:00+0200,1336.72,MW,DE,DE_LU,forecast_offshore_wind_generation,Wind Offshore,2026-06-13T19:07:25Z
2026-06-13T19:05:16Z,2026-06-13T21:05:16+0200,9460a2c8-fa12-4ac2-aa07-8ee932688218,2026-05-27T11:30:00Z,2026-05-27T13:30:00+0200,1329.33,MW,DE,DE_LU,forecast_offshore_wind_generation,Wind Offshore,2026-06-13T19:07:25Z
2026-06-13T19:05:16Z,2026-06-13T21:05:16+0200,9460a2c8-fa12-4ac2-aa07-8ee932688218,2026-05-27T11:45:00Z,2026-05-27T13:45:00+0200,1317.53,MW,DE,DE_LU,forecast_offshore_wind_generation,Wind Offshore,2026-06-13T19:07:25Z
2026-06-13T19:05:16Z,2026-06-13T21:05:16+0200,9460a2c8-fa12-4ac2-aa07-8ee932688218,2026-05-27T12:00:00Z,2026-05-27T14:00:00+0200,1313.53,MW,DE,DE_LU,forecast_offshore_wind_generation,Wind Offshore,2026-06-13T19:07:25Z
2026-06-13T19:05:16Z,2026-06-13T21:05:16+0200,9460a2c8-fa12-4ac2-aa07-8ee932688218,2026-05-27T12:15:00Z,2026-05-27T14:15:00+0200,1316.82,MW,DE,DE_LU,forecast_offshore_wind_generation,Wind Offshore,2026-06-13T19:07:25Z
2026-06-13T19:05:16Z,2026-06-13T21:05:16+0200,9460a2c8-fa12-4ac2-aa07-8ee932688218,2026-05-27T12:30:00Z,2026-05-27T14:30:00+0200,1320.65,MW,DE,DE_LU,forecast_offshore_wind_generation,Wind Offshore,2026-06-13T19:07:25Z
2026-06-13T19:05:16Z,2026-06-13T21:05:16+0200,9460a2c8-fa12-4ac2-aa07-8ee932688218,2026-05-27T12:45:00Z,2026-05-27T14:45:00+0200,1320.65,MW,DE,DE_LU,forecast_offshore_wind_generation,Wind Offshore,2026-06-13T19:07:25Z
2026-06-13T19:05:16Z,2026-06-13T21:05:16+0200,9460a2c8-fa12-4ac2-aa07-8ee932688218,2026-05-27T13:00:00Z,2026-05-27T15:00:00+0200,1324.31,MW,DE,DE_LU,forecast_offshore_wind_generation,Wind Offshore,2026-06-13T19:07:25Z
2026-06-13T19:05:16Z,2026-06-13T21:05:16+0200,9460a2c8-fa12-4ac2-aa07-8ee932688218,2026-05-27T13:15:00Z,2026-05-27T15:15:00+0200,1343.21,MW,DE,DE_LU,forecast_offshore_wind_generation,Wind Offshore,2026-06-13T19:07:25Z
2026-06-13T19:05:16Z,2026-06-13T21:05:16+0200,9460a2c8-fa12-4ac2-aa07-8ee932688218,2026-05-27T13:30:00Z,2026-05-27T15:30:00+0200,1360.39,MW,DE,DE_LU,forecast_offshore_wind_generation,Wind Offshore,2026-06-13T19:07:25Z
2026-06-13T19:05:16Z,2026-06-13T21:05:16+0200,9460a2c8-fa12-4ac2-aa07-8ee932688218,2026-05-27T13:45:00Z,2026-05-27T15:45:00+0200,1378.15,MW,DE,DE_LU,forecast_offshore_wind_generation,Wind Offshore,2026-06-13T19:07:25Z
2026-06-13T19:05:16Z,2026-06-13T21:05:16+0200,9460a2c8-fa12-4ac2-aa07-8ee932688218,2026-05-27T14:00:00Z,2026-05-27T16:00:00+0200,1400.02,MW,DE,DE_LU,forecast_offshore_wind_generation,Wind Offshore,2026-06-13T19:07:25Z
2026-06-13T19:05:16Z,2026-06-13T21:05:16+0200,9460a2c8-fa12-4ac2-aa07-8ee932688218,2026-05-27T14:15:00Z,2026-05-27T16:15:00+0200,1433.27,MW,DE,DE_LU,forecast_offshore_wind_generation,Wind Offshore,2026-06-13T19:07:25Z
2026-06-13T19:05:16Z,2026-06-13T21:05:16+0200,9460a2c8-fa12-4ac2-aa07-8ee932688218,2026-05-27T14:30:00Z,2026-05-27T16:30:00+0200,1464.61,MW,DE,DE_LU,forecast_offshore_wind_generation,Wind Offshore,2026-06-13T19:07:25Z
2026-06-13T19:05:16Z,2026-06-13T21:05:16+0200,9460a2c8-fa12-4ac2-aa07-8ee932688218,2026-05-27T14:45:00Z,2026-05-27T16:45:00+0200,1498.8,MW,DE,DE_LU,forecast_offshore_wind_generation,Wind Offshore,2026-06-13T19:07:25Z
2026-06-13T19:05:16Z,2026-06-13T21:05:16+0200,9460a2c8-fa12-4ac2-aa07-8ee932688218,2026-05-27T15:00:00Z,2026-05-27T17:00:00+0200,2100.7,MW,DE,DE_LU,forecast_offshore_wind_generation,Wind Offshore,2026-06-13T19:07:25Z
2026-06-13T19:05:16Z,2026-06-13T21:05:16+0200,9460a2c8-fa12-4ac2-aa07-8ee932688218,2026-05-27T15:15:00Z,2026-05-27T17:15:00+0200,2139.17,MW,DE,DE_LU,forecast_offshore_wind_generation,Wind Offshore,2026-06-13T19:07:25Z
2026-06-13T19:05:16Z,2026-06-13T21:05:16+0200,9460a2c8-fa12-4ac2-aa07-8ee932688218,2026-05-27T15:30:00Z,2026-05-27T17:30:00+0200,2177.47,MW,DE,DE_LU,forecast_offshore_wind_generation,Wind Offshore,2026-06-13T19:07:25Z
2026-06-13T19:05:16Z,2026-06-13T21:05:16+0200,9460a2c8-fa12-4ac2-aa07-8ee932688218,2026-05-27T15:45:00Z,2026-05-27T17:45:00+0200,2210.65,MW,DE,DE_LU,forecast_offshore_wind_generation,Wind Offshore,2026-06-13T19:07:25Z
2026-06-13T19:05:16Z,2026-06-13T21:05:16+0200,9460a2c8-fa12-4ac2-aa07-8ee932688218,2026-05-27T16:00:00Z,2026-05-27T18:00:00+0200,2246.19,MW,DE,DE_LU,forecast_offshore_wind_generation,Wind Offshore,2026-06-13T19:07:25Z
2026-06-13T19:05:16Z,2026-06-13T21:05:16+0200,9460a2c8-fa12-4ac2-aa07-8ee932688218,2026-05-27T16:15:00Z,2026-05-27T18:15:00+0200,2273.23,MW,DE,DE_LU,forecast_offshore_wind_generation,Wind Offshore,2026-06-13T19:07:25Z
2026-06-13T19:05:16Z,2026-06-13T21:05:16+0200,9460a2c8-fa12-4ac2-aa07-8ee932688218,2026-05-27T16:30:00Z,2026-05-27T18:30:00+0200,2305.26,MW,DE,DE_LU,forecast_offshore_wind_generation,Wind Offshore,2026-06-13T19:07:25Z
2026-06-13T19:05:16Z,2026-06-13T21:05:16+0200,9460a2c8-fa12-4ac2-aa07-8ee932688218,2026-05-27T16:45:00Z,2026-05-27T18:45:00+0200,2335.53,MW,DE,DE_LU,forecast_offshore_wind_generation,Wind Offshore,2026-06-13T19:07:25Z
2026-06-13T19:05:16Z,2026-06-13T21:05:16+0200,9460a2c8-fa12-4ac2-aa07-8ee932688218,2026-05-27T17:00:00Z,2026-05-27T19:00:00+0200,2357.74,MW,DE,DE_LU,forecast_offshore_wind_generation,Wind Offshore,2026-06-13T19:07:25Z
2026-06-13T19:05:16Z,2026-06-13T21:05:16+0200,9460a2c8-fa12-4ac2-aa07-8ee932688218,2026-05-27T17:15:00Z,2026-05-27T19:15:00+0200,2376.59,MW,DE,DE_LU,forecast_offshore_wind_generation,Wind Offshore,2026-06-13T19:07:25Z
2026-06-13T19:05:16Z,2026-06-13T21:05:16+0200,9460a2c8-fa12-4ac2-aa07-8ee932688218,2026-05-27T17:30:00Z,2026-05-27T19:30:00+0200,2415.52,MW,DE,DE_LU,forecast_offshore_wind_generation,Wind Offshore,2026-06-13T19:07:25Z
2026-06-13T19:05:16Z,2026-06-13T21:05:16+0200,9460a2c8-fa12-4ac2-aa07-8ee932688218,2026-05-27T17:45:00Z,2026-05-27T19:45:00+0200,2431.42,MW,DE,DE_LU,forecast_offshore_wind_generation,Wind Offshore,2026-06-13T19:07:25Z
2026-06-13T19:05:16Z,2026-06-13T21:05:16+0200,9460a2c8-fa12-4ac2-aa07-8ee932688218,2026-05-27T18:00:00Z,2026-05-27T20:00:00+0200,2435.37,MW,DE,DE_LU,forecast_offshore_wind_generation,Wind Offshore,2026-06-13T19:07:25Z
2026-06-13T19:05:16Z,2026-06-13T21:05:16+0200,9460a2c8-fa12-4ac2-aa07-8ee932688218,2026-05-27T18:15:00Z,2026-05-27T20:15:00+0200,2409.41,MW,DE,DE_LU,forecast_offshore_wind_generation,Wind Offshore,2026-06-13T19:07:25Z
2026-06-13T19:05:16Z,2026-06-13T21:05:16+0200,9460a2c8-fa12-4ac2-aa07-8ee932688218,2026-05-27T18:30:00Z,2026-05-27T20:30:00+0200,2379.21,MW,DE,DE_LU,forecast_offshore_wind_generation,Wind Offshore,2026-06-13T19:07:25Z
2026-06-13T19:05:16Z,2026-06-13T21:05:16+0200,9460a2c8-fa12-4ac2-aa07-8ee932688218,2026-05-27T18:45:00Z,2026-05-27T20:45:00+0200,2342.23,MW,DE,DE_LU,forecast_offshore_wind_generation,Wind Offshore,2026-06-13T19:07:25Z
2026-06-13T19:05:16Z,2026-06-13T21:05:16+0200,9460a2c8-fa12-4ac2-aa07-8ee932688218,2026-05-27T19:00:00Z,2026-05-27T21:00:00+0200,2305.57,MW,DE,DE_LU,forecast_offshore_wind_generation,Wind Offshore,2026-06-13T19:07:25Z
2026-06-13T19:05:16Z,2026-06-13T21:05:16+0200,9460a2c8-fa12-4ac2-aa07-8ee932688218,2026-05-27T19:15:00Z,2026-05-27T21:15:00+0200,2266.78,MW,DE,DE_LU,forecast_offshore_wind_generation,Wind Offshore,2026-06-13T19:07:25Z
2026-06-13T19:05:16Z,2026-06-13T21:05:16+0200,9460a2c8-fa12-4ac2-aa07-8ee932688218,2026-05-27T19:30:00Z,2026-05-27T21:30:00+0200,2227.19,MW,DE,DE_LU,forecast_offshore_wind_generation,Wind Offshore,2026-06-13T19:07:25Z
2026-06-13T19:05:16Z,2026-06-13T21:05:16+0200,9460a2c8-fa12-4ac2-aa07-8ee932688218,2026-05-27T19:45:00Z,2026-05-27T21:45:00+0200,2183.07,MW,DE,DE_LU,forecast_offshore_wind_generation,Wind Offshore,2026-06-13T19:07:25Z
2026-06-13T19:05:16Z,2026-06-13T21:05:16+0200,9460a2c8-fa12-4ac2-aa07-8ee932688218,2026-05-27T20:00:00Z,2026-05-27T22:00:00+0200,2149.91,MW,DE,DE_LU,forecast_offshore_wind_generation,Wind Offshore,2026-06-13T19:07:25Z
2026-06-13T19:05:16Z,2026-06-13T21:05:16+0200,9460a2c8-fa12-4ac2-aa07-8ee932688218,2026-05-27T20:15:00Z,2026-05-27T22:15:00+0200,2103.48,MW,DE,DE_LU,forecast_offshore_wind_generation,Wind Offshore,2026-06-13T19:07:25Z
2026-06-13T19:05:16Z,2026-06-13T21:05:16+0200,9460a2c8-fa12-4ac2-aa07-8ee932688218,2026-05-27T20:30:00Z,2026-05-27T22:30:00+0200,2062.24,MW,DE,DE_LU,forecast_offshore_wind_generation,Wind Offshore,2026-06-13T19:07:25Z
2026-06-13T19:05:16Z,2026-06-13T21:05:16+0200,9460a2c8-fa12-4ac2-aa07-8ee932688218,2026-05-27T20:45:00Z,2026-05-27T22:45:00+0200,2017.12,MW,DE,DE_LU,forecast_offshore_wind_generation,Wind Offshore,2026-06-13T19:07:25Z
2026-06-13T19:05:16Z,2026-06-13T21:05:16+0200,9460a2c8-fa12-4ac2-aa07-8ee932688218,2026-05-27T21:00:00Z,2026-05-27T23:00:00+0200,1975.06,MW,DE,DE_LU,forecast_offshore_wind_generation,Wind Offshore,2026-06-13T19:07:25Z
2026-06-13T19:05:16Z,2026-06-13T21:05:16+0200,9460a2c8-fa12-4ac2-aa07-8ee932688218,2026-05-27T21:15:00Z,2026-05-27T23:15:00+0200,1917.83,MW,DE,DE_LU,forecast_offshore_wind_generation,Wind Offshore,2026-06-13T19:07:25Z
2026-06-13T19:05:16Z,2026-06-13T21:05:16+0200,9460a2c8-fa12-4ac2-aa07-8ee932688218,2026-05-27T21:30:00Z,2026-05-27T23:30:00+0200,1862.7,MW,DE,DE_LU,forecast_offshore_wind_generation,Wind Offshore,2026-06-13T19:07:25Z
2026-06-13T19:05:16Z,2026-06-13T21:05:16+0200,9460a2c8-fa12-4ac2-aa07-8ee932688218,2026-05-27T21:45:00Z,2026-05-27T23:45:00+0200,1803.59,MW,DE,DE_LU,forecast_offshore_wind_generation,Wind Offshore,2026-06-13T19:07:25Z
2026-06-13T19:05:16Z,2026-06-13T21:05:16+0200,9460a2c8-fa12-4ac2-aa07-8ee932688218,2026-05-27T22:00:00Z,2026-05-28T00:00:00+0200,1707.82,MW,DE,DE_LU,forecast_offshore_wind_generation,Wind Offshore,2026-06-13T19:07:25Z
2026-06-13T19:05:16Z,2026-06-13T21:05:16+0200,9460a2c8-fa12-4ac2-aa07-8ee932688218,2026-05-27T22:15:00Z,2026-05-28T00:15:00+0200,1649.71,MW,DE,DE_LU,forecast_offshore_wind_generation,Wind Offshore,2026-06-13T19:07:25Z
2026-06-13T19:05:16Z,2026-06-13T21:05:16+0200,9460a2c8-fa12-4ac2-aa07-8ee932688218,2026-05-27T22:30:00Z,2026-05-28T00:30:00+0200,1592.63,MW,DE,DE_LU,forecast_offshore_wind_generation,Wind Offshore,2026-06-13T19:07:25Z
2026-06-13T19:05:16Z,2026-06-13T21:05:16+0200,9460a2c8-fa12-4ac2-aa07-8ee932688218,2026-05-27T22:45:00Z,2026-05-28T00:45:00+0200,1540.1,MW,DE,DE_LU,forecast_offshore_wind_generation,Wind Offshore,2026-06-13T19:07:25Z
2026-06-13T19:05:16Z,2026-06-13T21:05:16+0200,9460a2c8-fa12-4ac2-aa07-8ee932688218,2026-05-27T23:00:00Z,2026-05-28T01:00:00+0200,1482.64,MW,DE,DE_LU,forecast_offshore_wind_generation,Wind Offshore,2026-06-13T19:07:25Z
2026-06-13T19:05:16Z,2026-06-13T21:05:16+0200,9460a2c8-fa12-4ac2-aa07-8ee932688218,2026-05-27T23:15:00Z,2026-05-28T01:15:00+0200,1440.46,MW,DE,DE_LU,forecast_offshore_wind_generation,Wind Offshore,2026-06-13T19:07:25Z
2026-06-13T19:05:16Z,2026-06-13T21:05:16+0200,9460a2c8-fa12-4ac2-aa07-8ee932688218,2026-05-27T23:30:00Z,2026-05-28T01:30:00+0200,1395.34,MW,DE,DE_LU,forecast_offshore_wind_generation,Wind Offshore,2026-06-13T19:07:25Z
2026-06-13T19:05:16Z,2026-06-13T21:05:16+0200,9460a2c8-fa12-4ac2-aa07-8ee932688218,2026-05-27T23:45:00Z,2026-05-28T01:45:00+0200,1351.12,MW,DE,DE_LU,forecast_offshore_wind_generation,Wind Offshore,2026-06-13T19:07:25Z
2026-06-13T19:05:16Z,2026-06-13T21:05:16+0200,9460a2c8-fa12-4ac2-aa07-8ee932688218,2026-05-28T00:00:00Z,2026-05-28T02:00:00+0200,1309.48,MW,DE,DE_LU,forecast_offshore_wind_generation,Wind Offshore,2026-06-13T19:07:25Z
2026-06-13T19:05:16Z,2026-06-13T21:05:16+0200,9460a2c8-fa12-4ac2-aa07-8ee932688218,2026-05-28T00:15:00Z,2026-05-28T02:15:00+0200,1261.35,MW,DE,DE_LU,forecast_offshore_wind_generation,Wind Offshore,2026-06-13T19:07:25Z
2026-06-13T19:05:16Z,2026-06-13T21:05:16+0200,9460a2c8-fa12-4ac2-aa07-8ee932688218,2026-05-28T00:30:00Z,2026-05-28T02:30:00+0200,1217.33,MW,DE,DE_LU,forecast_offshore_wind_generation,Wind Offshore,2026-06-13T19:07:25Z
2026-06-13T19:05:16Z,2026-06-13T21:05:16+0200,9460a2c8-fa12-4ac2-aa07-8ee932688218,2026-05-28T00:45:00Z,2026-05-28T02:45:00+0200,1172.37,MW,DE,DE_LU,forecast_offshore_wind_generation,Wind Offshore,2026-06-13T19:07:25Z
2026-06-13T19:05:16Z,2026-06-13T21:05:16+0200,9460a2c8-fa12-4ac2-aa07-8ee932688218,2026-05-28T01:00:00Z,2026-05-28T03:00:00+0200,1130.7,MW,DE,DE_LU,forecast_offshore_wind_generation,Wind Offshore,2026-06-13T19:07:25Z
2026-06-13T19:05:16Z,2026-06-13T21:05:16+0200,9460a2c8-fa12-4ac2-aa07-8ee932688218,2026-05-28T01:15:00Z,2026-05-28T03:15:00+0200,1091.58,MW,DE,DE_LU,forecast_offshore_wind_generation,Wind Offshore,2026-06-13T19:07:25Z
2026-06-13T19:05:16Z,2026-06-13T21:05:16+0200,9460a2c8-fa12-4ac2-aa07-8ee932688218,2026-05-28T01:30:00Z,2026-05-28T03:30:00+0200,1058.6,MW,DE,DE_LU,forecast_offshore_wind_generation,Wind Offshore,2026-06-13T19:07:25Z
2026-06-13T19:05:16Z,2026-06-13T21:05:16+0200,9460a2c8-fa12-4ac2-aa07-8ee932688218,2026-05-28T01:45:00Z,2026-05-28T03:45:00+0200,1020.39,MW,DE,DE_LU,forecast_offshore_wind_generation,Wind Offshore,2026-06-13T19:07:25Z
2026-06-13T19:05:16Z,2026-06-13T21:05:16+0200,9460a2c8-fa12-4ac2-aa07-8ee932688218,2026-05-28T02:00:00Z,2026-05-28T04:00:00+0200,984.74,MW,DE,DE_LU,forecast_offshore_wind_generation,Wind Offshore,2026-06-13T19:07:25Z
2026-06-13T19:05:16Z,2026-06-13T21:05:16+0200,9460a2c8-fa12-4ac2-aa07-8ee932688218,2026-05-28T02:15:00Z,2026-05-28T04:15:00+0200,957.95,MW,DE,DE_LU,forecast_offshore_wind_generation,Wind Offshore,2026-06-13T19:07:25Z
2026-06-13T19:05:16Z,2026-06-13T21:05:16+0200,9460a2c8-fa12-4ac2-aa07-8ee932688218,2026-05-28T02:30:00Z,2026-05-28T04:30:00+0200,925.36,MW,DE,DE_LU,forecast_offshore_wind_generation,Wind Offshore,2026-06-13T19:07:25Z
2026-06-13T19:05:16Z,2026-06-13T21:05:16+0200,9460a2c8-fa12-4ac2-aa07-8ee932688218,2026-05-28T02:45:00Z,2026-05-28T04:45:00+0200,895.09,MW,DE,DE_LU,forecast_offshore_wind_generation,Wind Offshore,2026-06-13T19:07:25Z
2026-06-13T19:05:16Z,2026-06-13T21:05:16+0200,9460a2c8-fa12-4ac2-aa07-8ee932688218,2026-05-28T03:00:00Z,2026-05-28T05:00:00+0200,866.41,MW,DE,DE_LU,forecast_offshore_wind_generation,Wind Offshore,2026-06-13T19:07:25Z
2026-06-13T19:05:16Z,2026-06-13T21:05:16+0200,9460a2c8-fa12-4ac2-aa07-8ee932688218,2026-05-28T03:15:00Z,2026-05-28T05:15:00+0200,849.33,MW,DE,DE_LU,forecast_offshore_wind_generation,Wind Offshore,2026-06-13T19:07:25Z
2026-06-13T19:05:16Z,2026-06-13T21:05:16+0200,9460a2c8-fa12-4ac2-aa07-8ee932688218,2026-05-28T03:30:00Z,2026-05-28T05:30:00+0200,825.14,MW,DE,DE_LU,forecast_offshore_wind_generation,Wind Offshore,2026-06-13T19:07:25Z
2026-06-13T19:05:16Z,2026-06-13T21:05:16+0200,9460a2c8-fa12-4ac2-aa07-8ee932688218,2026-05-28T03:45:00Z,2026-05-28T05:45:00+0200,806.03,MW,DE,DE_LU,forecast_offshore_wind_generation,Wind Offshore,2026-06-13T19:07:25Z
2026-06-13T19:05:16Z,2026-06-13T21:05:16+0200,9460a2c8-fa12-4ac2-aa07-8ee932688218,2026-05-28T04:00:00Z,2026-05-28T06:00:00+0200,778.16,MW,DE,DE_LU,forecast_offshore_wind_generation,Wind Offshore,2026-06-13T19:07:25Z
2026-06-13T19:05:16Z,2026-06-13T21:05:16+0200,9460a2c8-fa12-4ac2-aa07-8ee932688218,2026-05-28T04:15:00Z,2026-05-28T06:15:00+0200,751.81,MW,DE,DE_LU,forecast_offshore_wind_generation,Wind Offshore,2026-06-13T19:07:25Z
2026-06-13T19:05:16Z,2026-06-13T21:05:16+0200,9460a2c8-fa12-4ac2-aa07-8ee932688218,2026-05-28T04:30:00Z,2026-05-28T06:30:00+0200,731.45,MW,DE,DE_LU,forecast_offshore_wind_generation,Wind Offshore,2026-06-13T19:07:25Z
2026-06-13T19:05:16Z,2026-06-13T21:05:16+0200,9460a2c8-fa12-4ac2-aa07-8ee932688218,2026-05-28T04:45:00Z,2026-05-28T06:45:00+0200,709.11,MW,DE,DE_LU,forecast_offshore_wind_generation,Wind Offshore,2026-06-13T19:07:25Z
2026-06-13T19:05:16Z,2026-06-13T21:05:16+0200,9460a2c8-fa12-4ac2-aa07-8ee932688218,2026-05-28T05:00:00Z,2026-05-28T07:00:00+0200,682.47,MW,DE,DE_LU,forecast_offshore_wind_generation,Wind Offshore,2026-06-13T19:07:25Z
2026-06-13T19:05:16Z,2026-06-13T21:05:16+0200,9460a2c8-fa12-4ac2-aa07-8ee932688218,2026-05-28T05:15:00Z,2026-05-28T07:15:00+0200,649.56,MW,DE,DE_LU,forecast_offshore_wind_generation,Wind Offshore,2026-06-13T19:07:25Z
2026-06-13T19:05:16Z,2026-06-13T21:05:16+0200,9460a2c8-fa12-4ac2-aa07-8ee932688218,2026-05-28T05:30:00Z,2026-05-28T07:30:00+0200,620.69,MW,DE,DE_LU,forecast_offshore_wind_generation,Wind Offshore,2026-06-13T19:07:25Z
2026-06-13T19:05:16Z,2026-06-13T21:05:16+0200,9460a2c8-fa12-4ac2-aa07-8ee932688218,2026-05-28T05:45:00Z,2026-05-28T07:45:00+0200,591.87,MW,DE,DE_LU,forecast_offshore_wind_generation,Wind Offshore,2026-06-13T19:07:25Z
2026-06-13T19:05:16Z,2026-06-13T21:05:16+0200,9460a2c8-fa12-4ac2-aa07-8ee932688218,2026-05-28T06:00:00Z,2026-05-28T08:00:00+0200,559.76,MW,DE,DE_LU,forecast_offshore_wind_generation,Wind Offshore,2026-06-13T19:07:25Z
2026-06-13T19:05:16Z,2026-06-13T21:05:16+0200,9460a2c8-fa12-4ac2-aa07-8ee932688218,2026-05-28T06:15:00Z,2026-05-28T08:15:00+0200,526.9,MW,DE,DE_LU,forecast_offshore_wind_generation,Wind Offshore,2026-06-13T19:07:25Z
2026-06-13T19:05:16Z,2026-06-13T21:05:16+0200,9460a2c8-fa12-4ac2-aa07-8ee932688218,2026-05-28T06:30:00Z,2026-05-28T08:30:00+0200,498.05,MW,DE,DE_LU,forecast_offshore_wind_generation,Wind Offshore,2026-06-13T19:07:25Z
2026-06-13T19:05:16Z,2026-06-13T21:05:16+0200,9460a2c8-fa12-4ac2-aa07-8ee932688218,2026-05-28T06:45:00Z,2026-05-28T08:45:00+0200,460.01,MW,DE,DE_LU,forecast_offshore_wind_generation,Wind Offshore,2026-06-13T19:07:25Z
2026-06-13T19:05:16Z,2026-06-13T21:05:16+0200,9460a2c8-fa12-4ac2-aa07-8ee932688218,2026-05-28T07:00:00Z,2026-05-28T09:00:00+0200,430.67,MW,DE,DE_LU,forecast_offshore_wind_generation,Wind Offshore,2026-06-13T19:07:25Z
2026-06-13T19:05:16Z,2026-06-13T21:05:16+0200,9460a2c8-fa12-4ac2-aa07-8ee932688218,2026-05-28T07:15:00Z,2026-05-28T09:15:00+0200,406.22,MW,DE,DE_LU,forecast_offshore_wind_generation,Wind Offshore,2026-06-13T19:07:25Z
2026-06-13T19:05:16Z,2026-06-13T21:05:16+0200,9460a2c8-fa12-4ac2-aa07-8ee932688218,2026-05-28T07:30:00Z,2026-05-28T09:30:00+0200,376.79,MW,DE,DE_LU,forecast_offshore_wind_generation,Wind Offshore,2026-06-13T19:07:25Z
2026-06-13T19:05:16Z,2026-06-13T21:05:16+0200,9460a2c8-fa12-4ac2-aa07-8ee932688218,2026-05-28T07:45:00Z,2026-05-28T09:45:00+0200,351.45,MW,DE,DE_LU,forecast_offshore_wind_generation,Wind Offshore,2026-06-13T19:07:25Z
2026-06-13T19:05:16Z,2026-06-13T21:05:16+0200,9460a2c8-fa12-4ac2-aa07-8ee932688218,2026-05-28T08:00:00Z,2026-05-28T10:00:00+0200,331.91,MW,DE,DE_LU,forecast_offshore_wind_generation,Wind Offshore,2026-06-13T19:07:25Z
2026-06-13T19:05:16Z,2026-06-13T21:05:16+0200,9460a2c8-fa12-4ac2-aa07-8ee932688218,2026-05-28T08:15:00Z,2026-05-28T10:15:00+0200,315.35,MW,DE,DE_LU,forecast_offshore_wind_generation,Wind Offshore,2026-06-13T19:07:25Z
2026-06-13T19:05:16Z,2026-06-13T21:05:16+0200,9460a2c8-fa12-4ac2-aa07-8ee932688218,2026-05-28T08:30:00Z,2026-05-28T10:30:00+0200,300.83,MW,DE,DE_LU,forecast_offshore_wind_generation,Wind Offshore,2026-06-13T19:07:25Z
2026-06-13T19:05:16Z,2026-06-13T21:05:16+0200,9460a2c8-fa12-4ac2-aa07-8ee932688218,2026-05-28T08:45:00Z,2026-05-28T10:45:00+0200,283.4,MW,DE,DE_LU,forecast_offshore_wind_generation,Wind Offshore,2026-06-13T19:07:25Z
2026-06-13T19:05:16Z,2026-06-13T21:05:16+0200,9460a2c8-fa12-4ac2-aa07-8ee932688218,2026-05-28T09:00:00Z,2026-05-28T11:00:00+0200,271.97,MW,DE,DE_LU,forecast_offshore_wind_generation,Wind Offshore,2026-06-13T19:07:25Z
2026-06-13T19:05:16Z,2026-06-13T21:05:16+0200,9460a2c8-fa12-4ac2-aa07-8ee932688218,2026-05-28T09:15:00Z,2026-05-28T11:15:00+0200,263.73,MW,DE,DE_LU,forecast_offshore_wind_generation,Wind Offshore,2026-06-13T19:07:25Z
2026-06-13T19:05:16Z,2026-06-13T21:05:16+0200,9460a2c8-fa12-4ac2-aa07-8ee932688218,2026-05-28T09:30:00Z,2026-05-28T11:30:00+0200,254.7,MW,DE,DE_LU,forecast_offshore_wind_generation,Wind Offshore,2026-06-13T19:07:25Z
2026-06-13T19:05:16Z,2026-06-13T21:05:16+0200,9460a2c8-fa12-4ac2-aa07-8ee932688218,2026-05-28T09:45:00Z,2026-05-28T11:45:00+0200,248.78,MW,DE,DE_LU,forecast_offshore_wind_generation,Wind Offshore,2026-06-13T19:07:25Z
2026-06-13T19:05:16Z,2026-06-13T21:05:16+0200,9460a2c8-fa12-4ac2-aa07-8ee932688218,2026-05-28T10:00:00Z,2026-05-28T12:00:00+0200,245.3,MW,DE,DE_LU,forecast_offshore_wind_generation,Wind Offshore,2026-06-13T19:07:25Z
2026-06-13T19:05:16Z,2026-06-13T21:05:16+0200,9460a2c8-fa12-4ac2-aa07-8ee932688218,2026-05-28T10:15:00Z,2026-05-28T12:15:00+0200,245.28,MW,DE,DE_LU,forecast_offshore_wind_generation,Wind Offshore,2026-06-13T19:07:25Z
2026-06-13T19:05:16Z,2026-06-13T21:05:16+0200,9460a2c8-fa12-4ac2-aa07-8ee932688218,2026-05-28T10:30:00Z,2026-05-28T12:30:00+0200,248.47,MW,DE,DE_LU,forecast_offshore_wind_generation,Wind Offshore,2026-06-13T19:07:25Z
2026-06-13T19:05:16Z,2026-06-13T21:05:16+0200,9460a2c8-fa12-4ac2-aa07-8ee932688218,2026-05-28T10:45:00Z,2026-05-28T12:45:00+0200,249.8,MW,DE,DE_LU,forecast_offshore_wind_generation,Wind Offshore,2026-06-13T19:07:25Z
2026-06-13T19:05:16Z,2026-06-13T21:05:16+0200,9460a2c8-fa12-4ac2-aa07-8ee932688218,2026-05-28T11:00:00Z,2026-05-28T13:00:00+0200,255.38,MW,DE,DE_LU,forecast_offshore_wind_generation,Wind Offshore,2026-06-13T19:07:25Z
2026-06-13T19:05:16Z,2026-06-13T21:05:16+0200,9460a2c8-fa12-4ac2-aa07-8ee932688218,2026-05-28T11:15:00Z,2026-05-28T13:15:00+0200,262.34,MW,DE,DE_LU,forecast_offshore_wind_generation,Wind Offshore,2026-06-13T19:07:25Z
2026-06-13T19:05:16Z,2026-06-13T21:05:16+0200,9460a2c8-fa12-4ac2-aa07-8ee932688218,2026-05-28T11:30:00Z,2026-05-28T13:30:00+0200,266.26,MW,DE,DE_LU,forecast_offshore_wind_generation,Wind Offshore,2026-06-13T19:07:25Z
2026-06-13T19:05:16Z,2026-06-13T21:05:16+0200,9460a2c8-fa12-4ac2-aa07-8ee932688218,2026-05-28T11:45:00Z,2026-05-28T13:45:00+0200,277.54,MW,DE,DE_LU,forecast_offshore_wind_generation,Wind Offshore,2026-06-13T19:07:25Z
2026-06-13T19:05:16Z,2026-06-13T21:05:16+0200,9460a2c8-fa12-4ac2-aa07-8ee932688218,2026-05-28T12:00:00Z,2026-05-28T14:00:00+0200,283.32,MW,DE,DE_LU,forecast_offshore_wind_generation,Wind Offshore,2026-06-13T19:07:25Z
2026-06-13T19:05:16Z,2026-06-13T21:05:16+0200,9460a2c8-fa12-4ac2-aa07-8ee932688218,2026-05-28T12:15:00Z,2026-05-28T14:15:00+0200,295.87,MW,DE,DE_LU,forecast_offshore_wind_generation,Wind Offshore,2026-06-13T19:07:25Z
2026-06-13T19:05:16Z,2026-06-13T21:05:16+0200,9460a2c8-fa12-4ac2-aa07-8ee932688218,2026-05-28T12:30:00Z,2026-05-28T14:30:00+0200,310.09,MW,DE,DE_LU,forecast_offshore_wind_generation,Wind Offshore,2026-06-13T19:07:25Z
2026-06-13T19:05:16Z,2026-06-13T21:05:16+0200,9460a2c8-fa12-4ac2-aa07-8ee932688218,2026-05-28T12:45:00Z,2026-05-28T14:45:00+0200,323.08,MW,DE,DE_LU,forecast_offshore_wind_generation,Wind Offshore,2026-06-13T19:07:25Z
2026-06-13T19:05:16Z,2026-06-13T21:05:16+0200,9460a2c8-fa12-4ac2-aa07-8ee932688218,2026-05-28T13:00:00Z,2026-05-28T15:00:00+0200,335.75,MW,DE,DE_LU,forecast_offshore_wind_generation,Wind Offshore,2026-06-13T19:07:25Z
2026-06-13T19:05:16Z,2026-06-13T21:05:16+0200,9460a2c8-fa12-4ac2-aa07-8ee932688218,2026-05-28T13:15:00Z,2026-05-28T15:15:00+0200,344.66,MW,DE,DE_LU,forecast_offshore_wind_generation,Wind Offshore,2026-06-13T19:07:25Z
2026-06-13T19:05:16Z,2026-06-13T21:05:16+0200,9460a2c8-fa12-4ac2-aa07-8ee932688218,2026-05-28T13:30:00Z,2026-05-28T15:30:00+0200,360.65,MW,DE,DE_LU,forecast_offshore_wind_generation,Wind Offshore,2026-06-13T19:07:25Z
2026-06-13T19:05:16Z,2026-06-13T21:05:16+0200,9460a2c8-fa12-4ac2-aa07-8ee932688218,2026-05-28T13:45:00Z,2026-05-28T15:45:00+0200,372.79,MW,DE,DE_LU,forecast_offshore_wind_generation,Wind Offshore,2026-06-13T19:07:25Z
2026-06-13T19:05:16Z,2026-06-13T21:05:16+0200,9460a2c8-fa12-4ac2-aa07-8ee932688218,2026-05-28T14:00:00Z,2026-05-28T16:00:00+0200,383.9,MW,DE,DE_LU,forecast_offshore_wind_generation,Wind Offshore,2026-06-13T19:07:25Z
2026-06-13T19:05:16Z,2026-06-13T21:05:16+0200,9460a2c8-fa12-4ac2-aa07-8ee932688218,2026-05-28T14:15:00Z,2026-05-28T16:15:00+0200,394.71,MW,DE,DE_LU,forecast_offshore_wind_generation,Wind Offshore,2026-06-13T19:07:25Z
2026-06-13T19:05:16Z,2026-06-13T21:05:16+0200,9460a2c8-fa12-4ac2-aa07-8ee932688218,2026-05-28T14:30:00Z,2026-05-28T16:30:00+0200,403.55,MW,DE,DE_LU,forecast_offshore_wind_generation,Wind Offshore,2026-06-13T19:07:25Z
2026-06-13T19:05:16Z,2026-06-13T21:05:16+0200,9460a2c8-fa12-4ac2-aa07-8ee932688218,2026-05-28T14:45:00Z,2026-05-28T16:45:00+0200,412.59,MW,DE,DE_LU,forecast_offshore_wind_generation,Wind Offshore,2026-06-13T19:07:25Z
2026-06-13T19:05:16Z,2026-06-13T21:05:16+0200,9460a2c8-fa12-4ac2-aa07-8ee932688218,2026-05-28T15:00:00Z,2026-05-28T17:00:00+0200,423.18,MW,DE,DE_LU,forecast_offshore_wind_generation,Wind Offshore,2026-06-13T19:07:25Z
2026-06-13T19:05:16Z,2026-06-13T21:05:16+0200,9460a2c8-fa12-4ac2-aa07-8ee932688218,2026-05-28T15:15:00Z,2026-05-28T17:15:00+0200,428.18,MW,DE,DE_LU,forecast_offshore_wind_generation,Wind Offshore,2026-06-13T19:07:25Z
2026-06-13T19:05:16Z,2026-06-13T21:05:16+0200,9460a2c8-fa12-4ac2-aa07-8ee932688218,2026-05-28T15:30:00Z,2026-05-28T17:30:00+0200,431.2,MW,DE,DE_LU,forecast_offshore_wind_generation,Wind Offshore,2026-06-13T19:07:25Z
2026-06-13T19:05:16Z,2026-06-13T21:05:16+0200,9460a2c8-fa12-4ac2-aa07-8ee932688218,2026-05-28T15:45:00Z,2026-05-28T17:45:00+0200,437.34,MW,DE,DE_LU,forecast_offshore_wind_generation,Wind Offshore,2026-06-13T19:07:25Z
2026-06-13T19:05:16Z,2026-06-13T21:05:16+0200,9460a2c8-fa12-4ac2-aa07-8ee932688218,2026-05-28T16:00:00Z,2026-05-28T18:00:00+0200,437.0,MW,DE,DE_LU,forecast_offshore_wind_generation,Wind Offshore,2026-06-13T19:07:25Z
2026-06-13T19:05:16Z,2026-06-13T21:05:16+0200,9460a2c8-fa12-4ac2-aa07-8ee932688218,2026-05-28T16:15:00Z,2026-05-28T18:15:00+0200,438.11,MW,DE,DE_LU,forecast_offshore_wind_generation,Wind Offshore,2026-06-13T19:07:25Z
2026-06-13T19:05:16Z,2026-06-13T21:05:16+0200,9460a2c8-fa12-4ac2-aa07-8ee932688218,2026-05-28T16:30:00Z,2026-05-28T18:30:00+0200,442.92,MW,DE,DE_LU,forecast_offshore_wind_generation,Wind Offshore,2026-06-13T19:07:25Z
2026-06-13T19:05:16Z,2026-06-13T21:05:16+0200,9460a2c8-fa12-4ac2-aa07-8ee932688218,2026-05-28T16:45:00Z,2026-05-28T18:45:00+0200,440.83,MW,DE,DE_LU,forecast_offshore_wind_generation,Wind Offshore,2026-06-13T19:07:25Z
2026-06-13T19:05:16Z,2026-06-13T21:05:16+0200,9460a2c8-fa12-4ac2-aa07-8ee932688218,2026-05-28T17:00:00Z,2026-05-28T19:00:00+0200,446.72,MW,DE,DE_LU,forecast_offshore_wind_generation,Wind Offshore,2026-06-13T19:07:25Z
2026-06-13T19:05:16Z,2026-06-13T21:05:16+0200,9460a2c8-fa12-4ac2-aa07-8ee932688218,2026-05-28T17:15:00Z,2026-05-28T19:15:00+0200,449.41,MW,DE,DE_LU,forecast_offshore_wind_generation,Wind Offshore,2026-06-13T19:07:25Z
2026-06-13T19:05:16Z,2026-06-13T21:05:16+0200,9460a2c8-fa12-4ac2-aa07-8ee932688218,2026-05-28T17:30:00Z,2026-05-28T19:30:00+0200,458.13,MW,DE,DE_LU,forecast_offshore_wind_generation,Wind Offshore,2026-06-13T19:07:25Z
2026-06-13T19:05:16Z,2026-06-13T21:05:16+0200,9460a2c8-fa12-4ac2-aa07-8ee932688218,2026-05-28T17:45:00Z,2026-05-28T19:45:00+0200,468.85,MW,DE,DE_LU,forecast_offshore_wind_generation,Wind Offshore,2026-06-13T19:07:25Z
2026-06-13T19:05:16Z,2026-06-13T21:05:16+0200,9460a2c8-fa12-4ac2-aa07-8ee932688218,2026-05-28T18:00:00Z,2026-05-28T20:00:00+0200,481.13,MW,DE,DE_LU,forecast_offshore_wind_generation,Wind Offshore,2026-06-13T19:07:25Z
2026-06-13T19:05:16Z,2026-06-13T21:05:16+0200,9460a2c8-fa12-4ac2-aa07-8ee932688218,2026-05-28T18:15:00Z,2026-05-28T20:15:00+0200,495.62,MW,DE,DE_LU,forecast_offshore_wind_generation,Wind Offshore,2026-06-13T19:07:25Z
2026-06-13T19:05:16Z,2026-06-13T21:05:16+0200,9460a2c8-fa12-4ac2-aa07-8ee932688218,2026-05-28T18:30:00Z,2026-05-28T20:30:00+0200,505.17,MW,DE,DE_LU,forecast_offshore_wind_generation,Wind Offshore,2026-06-13T19:07:25Z
2026-06-13T19:05:16Z,2026-06-13T21:05:16+0200,9460a2c8-fa12-4ac2-aa07-8ee932688218,2026-05-28T18:45:00Z,2026-05-28T20:45:00+0200,517.68,MW,DE,DE_LU,forecast_offshore_wind_generation,Wind Offshore,2026-06-13T19:07:25Z
2026-06-13T19:05:16Z,2026-06-13T21:05:16+0200,9460a2c8-fa12-4ac2-aa07-8ee932688218,2026-05-28T19:00:00Z,2026-05-28T21:00:00+0200,536.69,MW,DE,DE_LU,forecast_offshore_wind_generation,Wind Offshore,2026-06-13T19:07:25Z
2026-06-13T19:05:16Z,2026-06-13T21:05:16+0200,9460a2c8-fa12-4ac2-aa07-8ee932688218,2026-05-28T19:15:00Z,2026-05-28T21:15:00+0200,545.89,MW,DE,DE_LU,forecast_offshore_wind_generation,Wind Offshore,2026-06-13T19:07:25Z
2026-06-13T19:05:16Z,2026-06-13T21:05:16+0200,9460a2c8-fa12-4ac2-aa07-8ee932688218,2026-05-28T19:30:00Z,2026-05-28T21:30:00+0200,557.23,MW,DE,DE_LU,forecast_offshore_wind_generation,Wind Offshore,2026-06-13T19:07:25Z
2026-06-13T19:05:16Z,2026-06-13T21:05:16+0200,9460a2c8-fa12-4ac2-aa07-8ee932688218,2026-05-28T19:45:00Z,2026-05-28T21:45:00+0200,569.53,MW,DE,DE_LU,forecast_offshore_wind_generation,Wind Offshore,2026-06-13T19:07:25Z
2026-06-13T19:05:16Z,2026-06-13T21:05:16+0200,9460a2c8-fa12-4ac2-aa07-8ee932688218,2026-05-28T20:00:00Z,2026-05-28T22:00:00+0200,586.51,MW,DE,DE_LU,forecast_offshore_wind_generation,Wind Offshore,2026-06-13T19:07:25Z
2026-06-13T19:05:16Z,2026-06-13T21:05:16+0200,9460a2c8-fa12-4ac2-aa07-8ee932688218,2026-05-28T20:15:00Z,2026-05-28T22:15:00+0200,606.6,MW,DE,DE_LU,forecast_offshore_wind_generation,Wind Offshore,2026-06-13T19:07:25Z
2026-06-13T19:05:16Z,2026-06-13T21:05:16+0200,9460a2c8-fa12-4ac2-aa07-8ee932688218,2026-05-28T20:30:00Z,2026-05-28T22:30:00+0200,626.78,MW,DE,DE_LU,forecast_offshore_wind_generation,Wind Offshore,2026-06-13T19:07:25Z
2026-06-13T19:05:16Z,2026-06-13T21:05:16+0200,9460a2c8-fa12-4ac2-aa07-8ee932688218,2026-05-28T20:45:00Z,2026-05-28T22:45:00+0200,646.11,MW,DE,DE_LU,forecast_offshore_wind_generation,Wind Offshore,2026-06-13T19:07:25Z
2026-06-13T19:05:16Z,2026-06-13T21:05:16+0200,9460a2c8-fa12-4ac2-aa07-8ee932688218,2026-05-28T21:00:00Z,2026-05-28T23:00:00+0200,674.08,MW,DE,DE_LU,forecast_offshore_wind_generation,Wind Offshore,2026-06-13T19:07:25Z
2026-06-13T19:05:16Z,2026-06-13T21:05:16+0200,9460a2c8-fa12-4ac2-aa07-8ee932688218,2026-05-28T21:15:00Z,2026-05-28T23:15:00+0200,713.16,MW,DE,DE_LU,forecast_offshore_wind_generation,Wind Offshore,2026-06-13T19:07:25Z
2026-06-13T19:05:16Z,2026-06-13T21:05:16+0200,9460a2c8-fa12-4ac2-aa07-8ee932688218,2026-05-28T21:30:00Z,2026-05-28T23:30:00+0200,759.84,MW,DE,DE_LU,forecast_offshore_wind_generation,Wind Offshore,2026-06-13T19:07:25Z
2026-06-13T19:05:16Z,2026-06-13T21:05:16+0200,9460a2c8-fa12-4ac2-aa07-8ee932688218,2026-05-28T21:45:00Z,2026-05-28T23:45:00+0200,806.81,MW,DE,DE_LU,forecast_offshore_wind_generation,Wind Offshore,2026-06-13T19:07:25Z
2026-06-13T19:05:16Z,2026-06-13T21:05:16+0200,9460a2c8-fa12-4ac2-aa07-8ee932688218,2026-05-28T22:00:00Z,2026-05-29T00:00:00+0200,917.74,MW,DE,DE_LU,forecast_offshore_wind_generation,Wind Offshore,2026-06-13T19:07:25Z
2026-06-13T19:05:16Z,2026-06-13T21:05:16+0200,9460a2c8-fa12-4ac2-aa07-8ee932688218,2026-05-28T22:15:00Z,2026-05-29T00:15:00+0200,1010.6,MW,DE,DE_LU,forecast_offshore_wind_generation,Wind Offshore,2026-06-13T19:07:25Z
2026-06-13T19:05:16Z,2026-06-13T21:05:16+0200,9460a2c8-fa12-4ac2-aa07-8ee932688218,2026-05-28T22:30:00Z,2026-05-29T00:30:00+0200,1104.95,MW,DE,DE_LU,forecast_offshore_wind_generation,Wind Offshore,2026-06-13T19:07:25Z
2026-06-13T19:05:16Z,2026-06-13T21:05:16+0200,9460a2c8-fa12-4ac2-aa07-8ee932688218,2026-05-28T22:45:00Z,2026-05-29T00:45:00+0200,1193.39,MW,DE,DE_LU,forecast_offshore_wind_generation,Wind Offshore,2026-06-13T19:07:25Z
2026-06-13T19:05:16Z,2026-06-13T21:05:16+0200,9460a2c8-fa12-4ac2-aa07-8ee932688218,2026-05-28T23:00:00Z,2026-05-29T01:00:00+0200,1296.4,MW,DE,DE_LU,forecast_offshore_wind_generation,Wind Offshore,2026-06-13T19:07:25Z
2026-06-13T19:05:16Z,2026-06-13T21:05:16+0200,9460a2c8-fa12-4ac2-aa07-8ee932688218,2026-05-28T23:15:00Z,2026-05-29T01:15:00+0200,1427.44,MW,DE,DE_LU,forecast_offshore_wind_generation,Wind Offshore,2026-06-13T19:07:25Z
2026-06-13T19:05:16Z,2026-06-13T21:05:16+0200,9460a2c8-fa12-4ac2-aa07-8ee932688218,2026-05-28T23:30:00Z,2026-05-29T01:30:00+0200,1558.46,MW,DE,DE_LU,forecast_offshore_wind_generation,Wind Offshore,2026-06-13T19:07:25Z
2026-06-13T19:05:16Z,2026-06-13T21:05:16+0200,9460a2c8-fa12-4ac2-aa07-8ee932688218,2026-05-28T23:45:00Z,2026-05-29T01:45:00+0200,1680.96,MW,DE,DE_LU,forecast_offshore_wind_generation,Wind Offshore,2026-06-13T19:07:25Z
2026-06-13T19:05:16Z,2026-06-13T21:05:16+0200,9460a2c8-fa12-4ac2-aa07-8ee932688218,2026-05-29T00:00:00Z,2026-05-29T02:00:00+0200,1807.47,MW,DE,DE_LU,forecast_offshore_wind_generation,Wind Offshore,2026-06-13T19:07:25Z
2026-06-13T19:05:16Z,2026-06-13T21:05:16+0200,9460a2c8-fa12-4ac2-aa07-8ee932688218,2026-05-29T00:15:00Z,2026-05-29T02:15:00+0200,1941.51,MW,DE,DE_LU,forecast_offshore_wind_generation,Wind Offshore,2026-06-13T19:07:25Z
2026-06-13T19:05:16Z,2026-06-13T21:05:16+0200,9460a2c8-fa12-4ac2-aa07-8ee932688218,2026-05-29T00:30:00Z,2026-05-29T02:30:00+0200,2065.46,MW,DE,DE_LU,forecast_offshore_wind_generation,Wind Offshore,2026-06-13T19:07:25Z
2026-06-13T19:05:16Z,2026-06-13T21:05:16+0200,9460a2c8-fa12-4ac2-aa07-8ee932688218,2026-05-29T00:45:00Z,2026-05-29T02:45:00+0200,2194.23,MW,DE,DE_LU,forecast_offshore_wind_generation,Wind Offshore,2026-06-13T19:07:25Z
2026-06-13T19:05:16Z,2026-06-13T21:05:16+0200,9460a2c8-fa12-4ac2-aa07-8ee932688218,2026-05-29T01:00:00Z,2026-05-29T03:00:00+0200,2323.75,MW,DE,DE_LU,forecast_offshore_wind_generation,Wind Offshore,2026-06-13T19:07:25Z
2026-06-13T19:05:16Z,2026-06-13T21:05:16+0200,9460a2c8-fa12-4ac2-aa07-8ee932688218,2026-05-29T01:15:00Z,2026-05-29T03:15:00+0200,2447.68,MW,DE,DE_LU,forecast_offshore_wind_generation,Wind Offshore,2026-06-13T19:07:25Z
2026-06-13T19:05:16Z,2026-06-13T21:05:16+0200,9460a2c8-fa12-4ac2-aa07-8ee932688218,2026-05-29T01:30:00Z,2026-05-29T03:30:00+0200,2565.14,MW,DE,DE_LU,forecast_offshore_wind_generation,Wind Offshore,2026-06-13T19:07:25Z
2026-06-13T19:05:16Z,2026-06-13T21:05:16+0200,9460a2c8-fa12-4ac2-aa07-8ee932688218,2026-05-29T01:45:00Z,2026-05-29T03:45:00+0200,2680.03,MW,DE,DE_LU,forecast_offshore_wind_generation,Wind Offshore,2026-06-13T19:07:25Z
2026-06-13T19:05:16Z,2026-06-13T21:05:16+0200,9460a2c8-fa12-4ac2-aa07-8ee932688218,2026-05-29T02:00:00Z,2026-05-29T04:00:00+0200,2794.31,MW,DE,DE_LU,forecast_offshore_wind_generation,Wind Offshore,2026-06-13T19:07:25Z
2026-06-13T19:05:16Z,2026-06-13T21:05:16+0200,9460a2c8-fa12-4ac2-aa07-8ee932688218,2026-05-29T02:15:00Z,2026-05-29T04:15:00+0200,2910.02,MW,DE,DE_LU,forecast_offshore_wind_generation,Wind Offshore,2026-06-13T19:07:25Z
2026-06-13T19:05:16Z,2026-06-13T21:05:16+0200,9460a2c8-fa12-4ac2-aa07-8ee932688218,2026-05-29T02:30:00Z,2026-05-29T04:30:00+0200,3028.72,MW,DE,DE_LU,forecast_offshore_wind_generation,Wind Offshore,2026-06-13T19:07:25Z
2026-06-13T19:05:16Z,2026-06-13T21:05:16+0200,9460a2c8-fa12-4ac2-aa07-8ee932688218,2026-05-29T02:45:00Z,2026-05-29T04:45:00+0200,3147.31,MW,DE,DE_LU,forecast_offshore_wind_generation,Wind Offshore,2026-06-13T19:07:25Z
2026-06-13T19:05:16Z,2026-06-13T21:05:16+0200,9460a2c8-fa12-4ac2-aa07-8ee932688218,2026-05-29T03:00:00Z,2026-05-29T05:00:00+0200,3259.36,MW,DE,DE_LU,forecast_offshore_wind_generation,Wind Offshore,2026-06-13T19:07:25Z
2026-06-13T19:05:16Z,2026-06-13T21:05:16+0200,9460a2c8-fa12-4ac2-aa07-8ee932688218,2026-05-29T03:15:00Z,2026-05-29T05:15:00+0200,3355.97,MW,DE,DE_LU,forecast_offshore_wind_generation,Wind Offshore,2026-06-13T19:07:25Z
2026-06-13T19:05:16Z,2026-06-13T21:05:16+0200,9460a2c8-fa12-4ac2-aa07-8ee932688218,2026-05-29T03:30:00Z,2026-05-29T05:30:00+0200,3455.58,MW,DE,DE_LU,forecast_offshore_wind_generation,Wind Offshore,2026-06-13T19:07:25Z
2026-06-13T19:05:16Z,2026-06-13T21:05:16+0200,9460a2c8-fa12-4ac2-aa07-8ee932688218,2026-05-29T03:45:00Z,2026-05-29T05:45:00+0200,3554.34,MW,DE,DE_LU,forecast_offshore_wind_generation,Wind Offshore,2026-06-13T19:07:25Z
2026-06-13T19:05:16Z,2026-06-13T21:05:16+0200,9460a2c8-fa12-4ac2-aa07-8ee932688218,2026-05-29T04:00:00Z,2026-05-29T06:00:00+0200,3646.57,MW,DE,DE_LU,forecast_offshore_wind_generation,Wind Offshore,2026-06-13T19:07:25Z
2026-06-13T19:05:16Z,2026-06-13T21:05:16+0200,9460a2c8-fa12-4ac2-aa07-8ee932688218,2026-05-29T04:15:00Z,2026-05-29T06:15:00+0200,3716.0,MW,DE,DE_LU,forecast_offshore_wind_generation,Wind Offshore,2026-06-13T19:07:25Z
2026-06-13T19:05:16Z,2026-06-13T21:05:16+0200,9460a2c8-fa12-4ac2-aa07-8ee932688218,2026-05-29T04:30:00Z,2026-05-29T06:30:00+0200,3788.47,MW,DE,DE_LU,forecast_offshore_wind_generation,Wind Offshore,2026-06-13T19:07:25Z
2026-06-13T19:05:16Z,2026-06-13T21:05:16+0200,9460a2c8-fa12-4ac2-aa07-8ee932688218,2026-05-29T04:45:00Z,2026-05-29T06:45:00+0200,3853.05,MW,DE,DE_LU,forecast_offshore_wind_generation,Wind Offshore,2026-06-13T19:07:25Z
2026-06-13T19:05:16Z,2026-06-13T21:05:16+0200,9460a2c8-fa12-4ac2-aa07-8ee932688218,2026-05-29T05:00:00Z,2026-05-29T07:00:00+0200,3915.57,MW,DE,DE_LU,forecast_offshore_wind_generation,Wind Offshore,2026-06-13T19:07:25Z
2026-06-13T19:05:16Z,2026-06-13T21:05:16+0200,9460a2c8-fa12-4ac2-aa07-8ee932688218,2026-05-29T05:15:00Z,2026-05-29T07:15:00+0200,3973.86,MW,DE,DE_LU,forecast_offshore_wind_generation,Wind Offshore,2026-06-13T19:07:25Z
2026-06-13T19:05:16Z,2026-06-13T21:05:16+0200,9460a2c8-fa12-4ac2-aa07-8ee932688218,2026-05-29T05:30:00Z,2026-05-29T07:30:00+0200,4027.31,MW,DE,DE_LU,forecast_offshore_wind_generation,Wind Offshore,2026-06-13T19:07:25Z
2026-06-13T19:05:16Z,2026-06-13T21:05:16+0200,9460a2c8-fa12-4ac2-aa07-8ee932688218,2026-05-29T05:45:00Z,2026-05-29T07:45:00+0200,4082.01,MW,DE,DE_LU,forecast_offshore_wind_generation,Wind Offshore,2026-06-13T19:07:25Z
2026-06-13T19:05:16Z,2026-06-13T21:05:16+0200,9460a2c8-fa12-4ac2-aa07-8ee932688218,2026-05-29T06:00:00Z,2026-05-29T08:00:00+0200,4114.8,MW,DE,DE_LU,forecast_offshore_wind_generation,Wind Offshore,2026-06-13T19:07:25Z
2026-06-13T19:05:16Z,2026-06-13T21:05:16+0200,9460a2c8-fa12-4ac2-aa07-8ee932688218,2026-05-29T06:15:00Z,2026-05-29T08:15:00+0200,4151.18,MW,DE,DE_LU,forecast_offshore_wind_generation,Wind Offshore,2026-06-13T19:07:25Z
2026-06-13T19:05:16Z,2026-06-13T21:05:16+0200,9460a2c8-fa12-4ac2-aa07-8ee932688218,2026-05-29T06:30:00Z,2026-05-29T08:30:00+0200,4180.55,MW,DE,DE_LU,forecast_offshore_wind_generation,Wind Offshore,2026-06-13T19:07:25Z
2026-06-13T19:05:16Z,2026-06-13T21:05:16+0200,9460a2c8-fa12-4ac2-aa07-8ee932688218,2026-05-29T06:45:00Z,2026-05-29T08:45:00+0200,4208.76,MW,DE,DE_LU,forecast_offshore_wind_generation,Wind Offshore,2026-06-13T19:07:25Z
2026-06-13T19:05:16Z,2026-06-13T21:05:16+0200,9460a2c8-fa12-4ac2-aa07-8ee932688218,2026-05-29T07:00:00Z,2026-05-29T09:00:00+0200,4210.29,MW,DE,DE_LU,forecast_offshore_wind_generation,Wind Offshore,2026-06-13T19:07:25Z
2026-06-13T19:05:16Z,2026-06-13T21:05:16+0200,9460a2c8-fa12-4ac2-aa07-8ee932688218,2026-05-29T07:15:00Z,2026-05-29T09:15:00+0200,4165.49,MW,DE,DE_LU,forecast_offshore_wind_generation,Wind Offshore,2026-06-13T19:07:25Z
2026-06-13T19:05:16Z,2026-06-13T21:05:16+0200,9460a2c8-fa12-4ac2-aa07-8ee932688218,2026-05-29T07:30:00Z,2026-05-29T09:30:00+0200,4144.6,MW,DE,DE_LU,forecast_offshore_wind_generation,Wind Offshore,2026-06-13T19:07:25Z
2026-06-13T19:05:16Z,2026-06-13T21:05:16+0200,9460a2c8-fa12-4ac2-aa07-8ee932688218,2026-05-29T07:45:00Z,2026-05-29T09:45:00+0200,4117.09,MW,DE,DE_LU,forecast_offshore_wind_generation,Wind Offshore,2026-06-13T19:07:25Z
2026-06-13T19:05:16Z,2026-06-13T21:05:16+0200,9460a2c8-fa12-4ac2-aa07-8ee932688218,2026-05-29T08:00:00Z,2026-05-29T10:00:00+0200,3884.78,MW,DE,DE_LU,forecast_offshore_wind_generation,Wind Offshore,2026-06-13T19:07:25Z
2026-06-13T19:05:16Z,2026-06-13T21:05:16+0200,9460a2c8-fa12-4ac2-aa07-8ee932688218,2026-05-29T08:15:00Z,2026-05-29T10:15:00+0200,3812.96,MW,DE,DE_LU,forecast_offshore_wind_generation,Wind Offshore,2026-06-13T19:07:25Z
2026-06-13T19:05:16Z,2026-06-13T21:05:16+0200,9460a2c8-fa12-4ac2-aa07-8ee932688218,2026-05-29T08:30:00Z,2026-05-29T10:30:00+0200,3739.34,MW,DE,DE_LU,forecast_offshore_wind_generation,Wind Offshore,2026-06-13T19:07:25Z
2026-06-13T19:05:16Z,2026-06-13T21:05:16+0200,9460a2c8-fa12-4ac2-aa07-8ee932688218,2026-05-29T08:45:00Z,2026-05-29T10:45:00+0200,3665.84,MW,DE,DE_LU,forecast_offshore_wind_generation,Wind Offshore,2026-06-13T19:07:25Z
2026-06-13T19:05:16Z,2026-06-13T21:05:16+0200,9460a2c8-fa12-4ac2-aa07-8ee932688218,2026-05-29T09:00:00Z,2026-05-29T11:00:00+0200,3584.7,MW,DE,DE_LU,forecast_offshore_wind_generation,Wind Offshore,2026-06-13T19:07:25Z
2026-06-13T19:05:16Z,2026-06-13T21:05:16+0200,9460a2c8-fa12-4ac2-aa07-8ee932688218,2026-05-29T09:15:00Z,2026-05-29T11:15:00+0200,3484.6,MW,DE,DE_LU,forecast_offshore_wind_generation,Wind Offshore,2026-06-13T19:07:25Z
2026-06-13T19:05:16Z,2026-06-13T21:05:16+0200,9460a2c8-fa12-4ac2-aa07-8ee932688218,2026-05-29T09:30:00Z,2026-05-29T11:30:00+0200,3383.61,MW,DE,DE_LU,forecast_offshore_wind_generation,Wind Offshore,2026-06-13T19:07:25Z
2026-06-13T19:05:16Z,2026-06-13T21:05:16+0200,9460a2c8-fa12-4ac2-aa07-8ee932688218,2026-05-29T09:45:00Z,2026-05-29T11:45:00+0200,3266.59,MW,DE,DE_LU,forecast_offshore_wind_generation,Wind Offshore,2026-06-13T19:07:25Z
2026-06-13T19:05:16Z,2026-06-13T21:05:16+0200,9460a2c8-fa12-4ac2-aa07-8ee932688218,2026-05-29T10:00:00Z,2026-05-29T12:00:00+0200,3136.22,MW,DE,DE_LU,forecast_offshore_wind_generation,Wind Offshore,2026-06-13T19:07:25Z
2026-06-13T19:05:16Z,2026-06-13T21:05:16+0200,9460a2c8-fa12-4ac2-aa07-8ee932688218,2026-05-29T10:15:00Z,2026-05-29T12:15:00+0200,3007.88,MW,DE,DE_LU,forecast_offshore_wind_generation,Wind Offshore,2026-06-13T19:07:25Z
2026-06-13T19:05:16Z,2026-06-13T21:05:16+0200,9460a2c8-fa12-4ac2-aa07-8ee932688218,2026-05-29T10:30:00Z,2026-05-29T12:30:00+0200,2878.68,MW,DE,DE_LU,forecast_offshore_wind_generation,Wind Offshore,2026-06-13T19:07:25Z
2026-06-13T19:05:16Z,2026-06-13T21:05:16+0200,9460a2c8-fa12-4ac2-aa07-8ee932688218,2026-05-29T10:45:00Z,2026-05-29T12:45:00+0200,2748.89,MW,DE,DE_LU,forecast_offshore_wind_generation,Wind Offshore,2026-06-13T19:07:25Z
2026-06-13T19:05:16Z,2026-06-13T21:05:16+0200,9460a2c8-fa12-4ac2-aa07-8ee932688218,2026-05-29T11:00:00Z,2026-05-29T13:00:00+0200,2595.39,MW,DE,DE_LU,forecast_offshore_wind_generation,Wind Offshore,2026-06-13T19:07:25Z
2026-06-13T19:05:16Z,2026-06-13T21:05:16+0200,9460a2c8-fa12-4ac2-aa07-8ee932688218,2026-05-29T11:15:00Z,2026-05-29T13:15:00+0200,2379.95,MW,DE,DE_LU,forecast_offshore_wind_generation,Wind Offshore,2026-06-13T19:07:25Z
2026-06-13T19:05:16Z,2026-06-13T21:05:16+0200,9460a2c8-fa12-4ac2-aa07-8ee932688218,2026-05-29T11:30:00Z,2026-05-29T13:30:00+0200,2262.53,MW,DE,DE_LU,forecast_offshore_wind_generation,Wind Offshore,2026-06-13T19:07:25Z
2026-06-13T19:05:16Z,2026-06-13T21:05:16+0200,9460a2c8-fa12-4ac2-aa07-8ee932688218,2026-05-29T11:45:00Z,2026-05-29T13:45:00+0200,2136.48,MW,DE,DE_LU,forecast_offshore_wind_generation,Wind Offshore,2026-06-13T19:07:25Z
2026-06-13T19:05:16Z,2026-06-13T21:05:16+0200,9460a2c8-fa12-4ac2-aa07-8ee932688218,2026-05-29T12:00:00Z,2026-05-29T14:00:00+0200,2009.49,MW,DE,DE_LU,forecast_offshore_wind_generation,Wind Offshore,2026-06-13T19:07:25Z
2026-06-13T19:05:16Z,2026-06-13T21:05:16+0200,9460a2c8-fa12-4ac2-aa07-8ee932688218,2026-05-29T12:15:00Z,2026-05-29T14:15:00+0200,1899.67,MW,DE,DE_LU,forecast_offshore_wind_generation,Wind Offshore,2026-06-13T19:07:25Z
2026-06-13T19:05:16Z,2026-06-13T21:05:16+0200,9460a2c8-fa12-4ac2-aa07-8ee932688218,2026-05-29T12:30:00Z,2026-05-29T14:30:00+0200,1781.84,MW,DE,DE_LU,forecast_offshore_wind_generation,Wind Offshore,2026-06-13T19:07:25Z
2026-06-13T19:05:16Z,2026-06-13T21:05:16+0200,9460a2c8-fa12-4ac2-aa07-8ee932688218,2026-05-29T12:45:00Z,2026-05-29T14:45:00+0200,1667.86,MW,DE,DE_LU,forecast_offshore_wind_generation,Wind Offshore,2026-06-13T19:07:25Z
2026-06-13T19:05:16Z,2026-06-13T21:05:16+0200,9460a2c8-fa12-4ac2-aa07-8ee932688218,2026-05-29T13:00:00Z,2026-05-29T15:00:00+0200,1551.47,MW,DE,DE_LU,forecast_offshore_wind_generation,Wind Offshore,2026-06-13T19:07:25Z
2026-06-13T19:05:16Z,2026-06-13T21:05:16+0200,9460a2c8-fa12-4ac2-aa07-8ee932688218,2026-05-29T13:15:00Z,2026-05-29T15:15:00+0200,1468.23,MW,DE,DE_LU,forecast_offshore_wind_generation,Wind Offshore,2026-06-13T19:07:25Z
2026-06-13T19:05:16Z,2026-06-13T21:05:16+0200,9460a2c8-fa12-4ac2-aa07-8ee932688218,2026-05-29T13:30:00Z,2026-05-29T15:30:00+0200,1385.0,MW,DE,DE_LU,forecast_offshore_wind_generation,Wind Offshore,2026-06-13T19:07:25Z
2026-06-13T19:05:16Z,2026-06-13T21:05:16+0200,9460a2c8-fa12-4ac2-aa07-8ee932688218,2026-05-29T13:45:00Z,2026-05-29T15:45:00+0200,1301.92,MW,DE,DE_LU,forecast_offshore_wind_generation,Wind Offshore,2026-06-13T19:07:25Z
2026-06-13T19:05:16Z,2026-06-13T21:05:16+0200,9460a2c8-fa12-4ac2-aa07-8ee932688218,2026-05-29T14:00:00Z,2026-05-29T16:00:00+0200,1227.75,MW,DE,DE_LU,forecast_offshore_wind_generation,Wind Offshore,2026-06-13T19:07:25Z
2026-06-13T19:05:16Z,2026-06-13T21:05:16+0200,9460a2c8-fa12-4ac2-aa07-8ee932688218,2026-05-29T14:15:00Z,2026-05-29T16:15:00+0200,1191.66,MW,DE,DE_LU,forecast_offshore_wind_generation,Wind Offshore,2026-06-13T19:07:25Z
2026-06-13T19:05:16Z,2026-06-13T21:05:16+0200,9460a2c8-fa12-4ac2-aa07-8ee932688218,2026-05-29T14:30:00Z,2026-05-29T16:30:00+0200,1149.51,MW,DE,DE_LU,forecast_offshore_wind_generation,Wind Offshore,2026-06-13T19:07:25Z
2026-06-13T19:05:16Z,2026-06-13T21:05:16+0200,9460a2c8-fa12-4ac2-aa07-8ee932688218,2026-05-29T14:45:00Z,2026-05-29T16:45:00+0200,1116.28,MW,DE,DE_LU,forecast_offshore_wind_generation,Wind Offshore,2026-06-13T19:07:25Z
2026-06-13T19:05:16Z,2026-06-13T21:05:16+0200,9460a2c8-fa12-4ac2-aa07-8ee932688218,2026-05-29T15:00:00Z,2026-05-29T17:00:00+0200,1088.0,MW,DE,DE_LU,forecast_offshore_wind_generation,Wind Offshore,2026-06-13T19:07:25Z
2026-06-13T19:05:16Z,2026-06-13T21:05:16+0200,9460a2c8-fa12-4ac2-aa07-8ee932688218,2026-05-29T15:15:00Z,2026-05-29T17:15:00+0200,1058.78,MW,DE,DE_LU,forecast_offshore_wind_generation,Wind Offshore,2026-06-13T19:07:25Z
2026-06-13T19:05:16Z,2026-06-13T21:05:16+0200,9460a2c8-fa12-4ac2-aa07-8ee932688218,2026-05-29T15:30:00Z,2026-05-29T17:30:00+0200,1028.87,MW,DE,DE_LU,forecast_offshore_wind_generation,Wind Offshore,2026-06-13T19:07:25Z
2026-06-13T19:05:16Z,2026-06-13T21:05:16+0200,9460a2c8-fa12-4ac2-aa07-8ee932688218,2026-05-29T15:45:00Z,2026-05-29T17:45:00+0200,993.25,MW,DE,DE_LU,forecast_offshore_wind_generation,Wind Offshore,2026-06-13T19:07:25Z
2026-06-13T19:05:16Z,2026-06-13T21:05:16+0200,9460a2c8-fa12-4ac2-aa07-8ee932688218,2026-05-29T16:00:00Z,2026-05-29T18:00:00+0200,967.41,MW,DE,DE_LU,forecast_offshore_wind_generation,Wind Offshore,2026-06-13T19:07:25Z
2026-06-13T19:05:16Z,2026-06-13T21:05:16+0200,9460a2c8-fa12-4ac2-aa07-8ee932688218,2026-05-29T16:15:00Z,2026-05-29T18:15:00+0200,977.54,MW,DE,DE_LU,forecast_offshore_wind_generation,Wind Offshore,2026-06-13T19:07:25Z
2026-06-13T19:05:16Z,2026-06-13T21:05:16+0200,9460a2c8-fa12-4ac2-aa07-8ee932688218,2026-05-29T16:30:00Z,2026-05-29T18:30:00+0200,989.33,MW,DE,DE_LU,forecast_offshore_wind_generation,Wind Offshore,2026-06-13T19:07:25Z
2026-06-13T19:05:16Z,2026-06-13T21:05:16+0200,9460a2c8-fa12-4ac2-aa07-8ee932688218,2026-05-29T16:45:00Z,2026-05-29T18:45:00+0200,996.18,MW,DE,DE_LU,forecast_offshore_wind_generation,Wind Offshore,2026-06-13T19:07:25Z
2026-06-13T19:05:16Z,2026-06-13T21:05:16+0200,9460a2c8-fa12-4ac2-aa07-8ee932688218,2026-05-29T17:00:00Z,2026-05-29T19:00:00+0200,1012.79,MW,DE,DE_LU,forecast_offshore_wind_generation,Wind Offshore,2026-06-13T19:07:25Z
2026-06-13T19:05:16Z,2026-06-13T21:05:16+0200,9460a2c8-fa12-4ac2-aa07-8ee932688218,2026-05-29T17:15:00Z,2026-05-29T19:15:00+0200,1032.11,MW,DE,DE_LU,forecast_offshore_wind_generation,Wind Offshore,2026-06-13T19:07:25Z
2026-06-13T19:05:16Z,2026-06-13T21:05:16+0200,9460a2c8-fa12-4ac2-aa07-8ee932688218,2026-05-29T17:30:00Z,2026-05-29T19:30:00+0200,1056.37,MW,DE,DE_LU,forecast_offshore_wind_generation,Wind Offshore,2026-06-13T19:07:25Z
2026-06-13T19:05:16Z,2026-06-13T21:05:16+0200,9460a2c8-fa12-4ac2-aa07-8ee932688218,2026-05-29T17:45:00Z,2026-05-29T19:45:00+0200,1079.58,MW,DE,DE_LU,forecast_offshore_wind_generation,Wind Offshore,2026-06-13T19:07:25Z
2026-06-13T19:05:16Z,2026-06-13T21:05:16+0200,9460a2c8-fa12-4ac2-aa07-8ee932688218,2026-05-29T18:00:00Z,2026-05-29T20:00:00+0200,1104.88,MW,DE,DE_LU,forecast_offshore_wind_generation,Wind Offshore,2026-06-13T19:07:25Z
2026-06-13T19:05:16Z,2026-06-13T21:05:16+0200,9460a2c8-fa12-4ac2-aa07-8ee932688218,2026-05-29T18:15:00Z,2026-05-29T20:15:00+0200,1164.22,MW,DE,DE_LU,forecast_offshore_wind_generation,Wind Offshore,2026-06-13T19:07:25Z
2026-06-13T19:05:16Z,2026-06-13T21:05:16+0200,9460a2c8-fa12-4ac2-aa07-8ee932688218,2026-05-29T18:30:00Z,2026-05-29T20:30:00+0200,1224.96,MW,DE,DE_LU,forecast_offshore_wind_generation,Wind Offshore,2026-06-13T19:07:25Z
2026-06-13T19:05:16Z,2026-06-13T21:05:16+0200,9460a2c8-fa12-4ac2-aa07-8ee932688218,2026-05-29T18:45:00Z,2026-05-29T20:45:00+0200,1277.04,MW,DE,DE_LU,forecast_offshore_wind_generation,Wind Offshore,2026-06-13T19:07:25Z
2026-06-13T19:05:16Z,2026-06-13T21:05:16+0200,9460a2c8-fa12-4ac2-aa07-8ee932688218,2026-05-29T19:00:00Z,2026-05-29T21:00:00+0200,1336.7,MW,DE,DE_LU,forecast_offshore_wind_generation,Wind Offshore,2026-06-13T19:07:25Z
2026-06-13T19:05:16Z,2026-06-13T21:05:16+0200,9460a2c8-fa12-4ac2-aa07-8ee932688218,2026-05-29T19:15:00Z,2026-05-29T21:15:00+0200,1386.19,MW,DE,DE_LU,forecast_offshore_wind_generation,Wind Offshore,2026-06-13T19:07:25Z
2026-06-13T19:05:16Z,2026-06-13T21:05:16+0200,9460a2c8-fa12-4ac2-aa07-8ee932688218,2026-05-29T19:30:00Z,2026-05-29T21:30:00+0200,1436.35,MW,DE,DE_LU,forecast_offshore_wind_generation,Wind Offshore,2026-06-13T19:07:25Z
2026-06-13T19:05:16Z,2026-06-13T21:05:16+0200,9460a2c8-fa12-4ac2-aa07-8ee932688218,2026-05-29T19:45:00Z,2026-05-29T21:45:00+0200,1483.88,MW,DE,DE_LU,forecast_offshore_wind_generation,Wind Offshore,2026-06-13T19:07:25Z
2026-06-13T19:05:16Z,2026-06-13T21:05:16+0200,9460a2c8-fa12-4ac2-aa07-8ee932688218,2026-05-29T20:00:00Z,2026-05-29T22:00:00+0200,1531.11,MW,DE,DE_LU,forecast_offshore_wind_generation,Wind Offshore,2026-06-13T19:07:25Z
2026-06-13T19:05:16Z,2026-06-13T21:05:16+0200,9460a2c8-fa12-4ac2-aa07-8ee932688218,2026-05-29T20:15:00Z,2026-05-29T22:15:00+0200,1555.04,MW,DE,DE_LU,forecast_offshore_wind_generation,Wind Offshore,2026-06-13T19:07:25Z
2026-06-13T19:05:16Z,2026-06-13T21:05:16+0200,9460a2c8-fa12-4ac2-aa07-8ee932688218,2026-05-29T20:30:00Z,2026-05-29T22:30:00+0200,1579.34,MW,DE,DE_LU,forecast_offshore_wind_generation,Wind Offshore,2026-06-13T19:07:25Z
2026-06-13T19:05:16Z,2026-06-13T21:05:16+0200,9460a2c8-fa12-4ac2-aa07-8ee932688218,2026-05-29T20:45:00Z,2026-05-29T22:45:00+0200,1603.59,MW,DE,DE_LU,forecast_offshore_wind_generation,Wind Offshore,2026-06-13T19:07:25Z
2026-06-13T19:05:16Z,2026-06-13T21:05:16+0200,9460a2c8-fa12-4ac2-aa07-8ee932688218,2026-05-29T21:00:00Z,2026-05-29T23:00:00+0200,1638.67,MW,DE,DE_LU,forecast_offshore_wind_generation,Wind Offshore,2026-06-13T19:07:25Z
2026-06-13T19:05:16Z,2026-06-13T21:05:16+0200,9460a2c8-fa12-4ac2-aa07-8ee932688218,2026-05-29T21:15:00Z,2026-05-29T23:15:00+0200,1675.89,MW,DE,DE_LU,forecast_offshore_wind_generation,Wind Offshore,2026-06-13T19:07:25Z
2026-06-13T19:05:16Z,2026-06-13T21:05:16+0200,9460a2c8-fa12-4ac2-aa07-8ee932688218,2026-05-29T21:30:00Z,2026-05-29T23:30:00+0200,1713.16,MW,DE,DE_LU,forecast_offshore_wind_generation,Wind Offshore,2026-06-13T19:07:25Z
2026-06-13T19:05:16Z,2026-06-13T21:05:16+0200,9460a2c8-fa12-4ac2-aa07-8ee932688218,2026-05-29T21:45:00Z,2026-05-29T23:45:00+0200,1748.16,MW,DE,DE_LU,forecast_offshore_wind_generation,Wind Offshore,2026-06-13T19:07:25Z
2026-06-13T19:05:16Z,2026-06-13T21:05:16+0200,9460a2c8-fa12-4ac2-aa07-8ee932688218,2026-05-29T22:00:00Z,2026-05-30T00:00:00+0200,2363.26,MW,DE,DE_LU,forecast_offshore_wind_generation,Wind Offshore,2026-06-13T19:07:25Z
2026-06-13T19:05:16Z,2026-06-13T21:05:16+0200,9460a2c8-fa12-4ac2-aa07-8ee932688218,2026-05-29T22:15:00Z,2026-05-30T00:15:00+0200,2475.46,MW,DE,DE_LU,forecast_offshore_wind_generation,Wind Offshore,2026-06-13T19:07:25Z
2026-06-13T19:05:16Z,2026-06-13T21:05:16+0200,9460a2c8-fa12-4ac2-aa07-8ee932688218,2026-05-29T22:30:00Z,2026-05-30T00:30:00+0200,2576.06,MW,DE,DE_LU,forecast_offshore_wind_generation,Wind Offshore,2026-06-13T19:07:25Z
2026-06-13T19:05:16Z,2026-06-13T21:05:16+0200,9460a2c8-fa12-4ac2-aa07-8ee932688218,2026-05-29T22:45:00Z,2026-05-30T00:45:00+0200,2687.32,MW,DE,DE_LU,forecast_offshore_wind_generation,Wind Offshore,2026-06-13T19:07:25Z
2026-06-13T19:05:16Z,2026-06-13T21:05:16+0200,9460a2c8-fa12-4ac2-aa07-8ee932688218,2026-05-29T23:00:00Z,2026-05-30T01:00:00+0200,2789.57,MW,DE,DE_LU,forecast_offshore_wind_generation,Wind Offshore,2026-06-13T19:07:25Z
2026-06-13T19:05:16Z,2026-06-13T21:05:16+0200,9460a2c8-fa12-4ac2-aa07-8ee932688218,2026-05-29T23:15:00Z,2026-05-30T01:15:00+0200,2872.84,MW,DE,DE_LU,forecast_offshore_wind_generation,Wind Offshore,2026-06-13T19:07:25Z
2026-06-13T19:05:16Z,2026-06-13T21:05:16+0200,9460a2c8-fa12-4ac2-aa07-8ee932688218,2026-05-29T23:30:00Z,2026-05-30T01:30:00+0200,2955.65,MW,DE,DE_LU,forecast_offshore_wind_generation,Wind Offshore,2026-06-13T19:07:25Z
2026-06-13T19:05:16Z,2026-06-13T21:05:16+0200,9460a2c8-fa12-4ac2-aa07-8ee932688218,2026-05-29T23:45:00Z,2026-05-30T01:45:00+0200,3031.98,MW,DE,DE_LU,forecast_offshore_wind_generation,Wind Offshore,2026-06-13T19:07:25Z
2026-06-13T19:05:16Z,2026-06-13T21:05:16+0200,9460a2c8-fa12-4ac2-aa07-8ee932688218,2026-05-30T00:00:00Z,2026-05-30T02:00:00+0200,3100.22,MW,DE,DE_LU,forecast_offshore_wind_generation,Wind Offshore,2026-06-13T19:07:25Z
2026-06-13T19:05:16Z,2026-06-13T21:05:16+0200,9460a2c8-fa12-4ac2-aa07-8ee932688218,2026-05-30T00:15:00Z,2026-05-30T02:15:00+0200,3162.25,MW,DE,DE_LU,forecast_offshore_wind_generation,Wind Offshore,2026-06-13T19:07:25Z
2026-06-13T19:05:16Z,2026-06-13T21:05:16+0200,9460a2c8-fa12-4ac2-aa07-8ee932688218,2026-05-30T00:30:00Z,2026-05-30T02:30:00+0200,3213.87,MW,DE,DE_LU,forecast_offshore_wind_generation,Wind Offshore,2026-06-13T19:07:25Z
2026-06-13T19:05:16Z,2026-06-13T21:05:16+0200,9460a2c8-fa12-4ac2-aa07-8ee932688218,2026-05-30T00:45:00Z,2026-05-30T02:45:00+0200,3267.62,MW,DE,DE_LU,forecast_offshore_wind_generation,Wind Offshore,2026-06-13T19:07:25Z
2026-06-13T19:05:16Z,2026-06-13T21:05:16+0200,9460a2c8-fa12-4ac2-aa07-8ee932688218,2026-05-30T01:00:00Z,2026-05-30T03:00:00+0200,3317.05,MW,DE,DE_LU,forecast_offshore_wind_generation,Wind Offshore,2026-06-13T19:07:25Z
2026-06-13T19:05:16Z,2026-06-13T21:05:16+0200,9460a2c8-fa12-4ac2-aa07-8ee932688218,2026-05-30T01:15:00Z,2026-05-30T03:15:00+0200,3339.1,MW,DE,DE_LU,forecast_offshore_wind_generation,Wind Offshore,2026-06-13T19:07:25Z
2026-06-13T19:05:16Z,2026-06-13T21:05:16+0200,9460a2c8-fa12-4ac2-aa07-8ee932688218,2026-05-30T01:30:00Z,2026-05-30T03:30:00+0200,3370.15,MW,DE,DE_LU,forecast_offshore_wind_generation,Wind Offshore,2026-06-13T19:07:25Z
2026-06-13T19:05:16Z,2026-06-13T21:05:16+0200,9460a2c8-fa12-4ac2-aa07-8ee932688218,2026-05-30T01:45:00Z,2026-05-30T03:45:00+0200,3398.14,MW,DE,DE_LU,forecast_offshore_wind_generation,Wind Offshore,2026-06-13T19:07:25Z
2026-06-13T19:05:16Z,2026-06-13T21:05:16+0200,9460a2c8-fa12-4ac2-aa07-8ee932688218,2026-05-30T02:00:00Z,2026-05-30T04:00:00+0200,3405.36,MW,DE,DE_LU,forecast_offshore_wind_generation,Wind Offshore,2026-06-13T19:07:25Z
2026-06-13T19:05:16Z,2026-06-13T21:05:16+0200,9460a2c8-fa12-4ac2-aa07-8ee932688218,2026-05-30T02:15:00Z,2026-05-30T04:15:00+0200,3343.53,MW,DE,DE_LU,forecast_offshore_wind_generation,Wind Offshore,2026-06-13T19:07:25Z
2026-06-13T19:05:16Z,2026-06-13T21:05:16+0200,9460a2c8-fa12-4ac2-aa07-8ee932688218,2026-05-30T02:30:00Z,2026-05-30T04:30:00+0200,3279.71,MW,DE,DE_LU,forecast_offshore_wind_generation,Wind Offshore,2026-06-13T19:07:25Z
2026-06-13T19:05:16Z,2026-06-13T21:05:16+0200,9460a2c8-fa12-4ac2-aa07-8ee932688218,2026-05-30T02:45:00Z,2026-05-30T04:45:00+0200,3211.43,MW,DE,DE_LU,forecast_offshore_wind_generation,Wind Offshore,2026-06-13T19:07:25Z
2026-06-13T19:05:16Z,2026-06-13T21:05:16+0200,9460a2c8-fa12-4ac2-aa07-8ee932688218,2026-05-30T03:00:00Z,2026-05-30T05:00:00+0200,3136.22,MW,DE,DE_LU,forecast_offshore_wind_generation,Wind Offshore,2026-06-13T19:07:25Z
2026-06-13T19:05:16Z,2026-06-13T21:05:16+0200,9460a2c8-fa12-4ac2-aa07-8ee932688218,2026-05-30T03:15:00Z,2026-05-30T05:15:00+0200,3022.78,MW,DE,DE_LU,forecast_offshore_wind_generation,Wind Offshore,2026-06-13T19:07:25Z
2026-06-13T19:05:16Z,2026-06-13T21:05:16+0200,9460a2c8-fa12-4ac2-aa07-8ee932688218,2026-05-30T03:30:00Z,2026-05-30T05:30:00+0200,2917.38,MW,DE,DE_LU,forecast_offshore_wind_generation,Wind Offshore,2026-06-13T19:07:25Z
2026-06-13T19:05:16Z,2026-06-13T21:05:16+0200,9460a2c8-fa12-4ac2-aa07-8ee932688218,2026-05-30T03:45:00Z,2026-05-30T05:45:00+0200,2802.71,MW,DE,DE_LU,forecast_offshore_wind_generation,Wind Offshore,2026-06-13T19:07:25Z
2026-06-13T19:05:16Z,2026-06-13T21:05:16+0200,9460a2c8-fa12-4ac2-aa07-8ee932688218,2026-05-30T04:00:00Z,2026-05-30T06:00:00+0200,2673.58,MW,DE,DE_LU,forecast_offshore_wind_generation,Wind Offshore,2026-06-13T19:07:25Z
2026-06-13T19:05:16Z,2026-06-13T21:05:16+0200,9460a2c8-fa12-4ac2-aa07-8ee932688218,2026-05-30T04:15:00Z,2026-05-30T06:15:00+0200,2548.42,MW,DE,DE_LU,forecast_offshore_wind_generation,Wind Offshore,2026-06-13T19:07:25Z
2026-06-13T19:05:16Z,2026-06-13T21:05:16+0200,9460a2c8-fa12-4ac2-aa07-8ee932688218,2026-05-30T04:30:00Z,2026-05-30T06:30:00+0200,2426.43,MW,DE,DE_LU,forecast_offshore_wind_generation,Wind Offshore,2026-06-13T19:07:25Z
2026-06-13T19:05:16Z,2026-06-13T21:05:16+0200,9460a2c8-fa12-4ac2-aa07-8ee932688218,2026-05-30T04:45:00Z,2026-05-30T06:45:00+0200,2305.45,MW,DE,DE_LU,forecast_offshore_wind_generation,Wind Offshore,2026-06-13T19:07:25Z
2026-06-13T19:05:16Z,2026-06-13T21:05:16+0200,9460a2c8-fa12-4ac2-aa07-8ee932688218,2026-05-30T05:00:00Z,2026-05-30T07:00:00+0200,2188.72,MW,DE,DE_LU,forecast_offshore_wind_generation,Wind Offshore,2026-06-13T19:07:25Z
2026-06-13T19:05:16Z,2026-06-13T21:05:16+0200,9460a2c8-fa12-4ac2-aa07-8ee932688218,2026-05-30T05:15:00Z,2026-05-30T07:15:00+0200,2079.0,MW,DE,DE_LU,forecast_offshore_wind_generation,Wind Offshore,2026-06-13T19:07:25Z
2026-06-13T19:05:16Z,2026-06-13T21:05:16+0200,9460a2c8-fa12-4ac2-aa07-8ee932688218,2026-05-30T05:30:00Z,2026-05-30T07:30:00+0200,1960.98,MW,DE,DE_LU,forecast_offshore_wind_generation,Wind Offshore,2026-06-13T19:07:25Z
2026-06-13T19:05:16Z,2026-06-13T21:05:16+0200,9460a2c8-fa12-4ac2-aa07-8ee932688218,2026-05-30T05:45:00Z,2026-05-30T07:45:00+0200,1848.34,MW,DE,DE_LU,forecast_offshore_wind_generation,Wind Offshore,2026-06-13T19:07:25Z
2026-06-13T19:05:16Z,2026-06-13T21:05:16+0200,9460a2c8-fa12-4ac2-aa07-8ee932688218,2026-05-30T06:00:00Z,2026-05-30T08:00:00+0200,1701.93,MW,DE,DE_LU,forecast_offshore_wind_generation,Wind Offshore,2026-06-13T19:07:25Z
2026-06-13T19:05:16Z,2026-06-13T21:05:16+0200,9460a2c8-fa12-4ac2-aa07-8ee932688218,2026-05-30T06:15:00Z,2026-05-30T08:15:00+0200,1632.59,MW,DE,DE_LU,forecast_offshore_wind_generation,Wind Offshore,2026-06-13T19:07:25Z
2026-06-13T19:05:16Z,2026-06-13T21:05:16+0200,9460a2c8-fa12-4ac2-aa07-8ee932688218,2026-05-30T06:30:00Z,2026-05-30T08:30:00+0200,1519.37,MW,DE,DE_LU,forecast_offshore_wind_generation,Wind Offshore,2026-06-13T19:07:25Z
2026-06-13T19:05:16Z,2026-06-13T21:05:16+0200,9460a2c8-fa12-4ac2-aa07-8ee932688218,2026-05-30T06:45:00Z,2026-05-30T08:45:00+0200,1444.92,MW,DE,DE_LU,forecast_offshore_wind_generation,Wind Offshore,2026-06-13T19:07:25Z
2026-06-13T19:05:16Z,2026-06-13T21:05:16+0200,9460a2c8-fa12-4ac2-aa07-8ee932688218,2026-05-30T07:00:00Z,2026-05-30T09:00:00+0200,1378.42,MW,DE,DE_LU,forecast_offshore_wind_generation,Wind Offshore,2026-06-13T19:07:25Z
2026-06-13T19:05:16Z,2026-06-13T21:05:16+0200,9460a2c8-fa12-4ac2-aa07-8ee932688218,2026-05-30T07:15:00Z,2026-05-30T09:15:00+0200,1343.67,MW,DE,DE_LU,forecast_offshore_wind_generation,Wind Offshore,2026-06-13T19:07:25Z
2026-06-13T19:05:16Z,2026-06-13T21:05:16+0200,9460a2c8-fa12-4ac2-aa07-8ee932688218,2026-05-30T07:30:00Z,2026-05-30T09:30:00+0200,1281.99,MW,DE,DE_LU,forecast_offshore_wind_generation,Wind Offshore,2026-06-13T19:07:25Z
2026-06-13T19:05:16Z,2026-06-13T21:05:16+0200,9460a2c8-fa12-4ac2-aa07-8ee932688218,2026-05-30T07:45:00Z,2026-05-30T09:45:00+0200,1244.31,MW,DE,DE_LU,forecast_offshore_wind_generation,Wind Offshore,2026-06-13T19:07:25Z
2026-06-13T19:05:16Z,2026-06-13T21:05:16+0200,9460a2c8-fa12-4ac2-aa07-8ee932688218,2026-05-30T08:00:00Z,2026-05-30T10:00:00+0200,1209.49,MW,DE,DE_LU,forecast_offshore_wind_generation,Wind Offshore,2026-06-13T19:07:25Z
2026-06-13T19:05:16Z,2026-06-13T21:05:16+0200,9460a2c8-fa12-4ac2-aa07-8ee932688218,2026-05-30T08:15:00Z,2026-05-30T10:15:00+0200,1197.34,MW,DE,DE_LU,forecast_offshore_wind_generation,Wind Offshore,2026-06-13T19:07:25Z
2026-06-13T19:05:16Z,2026-06-13T21:05:16+0200,9460a2c8-fa12-4ac2-aa07-8ee932688218,2026-05-30T08:30:00Z,2026-05-30T10:30:00+0200,1191.28,MW,DE,DE_LU,forecast_offshore_wind_generation,Wind Offshore,2026-06-13T19:07:25Z
2026-06-13T19:05:16Z,2026-06-13T21:05:16+0200,9460a2c8-fa12-4ac2-aa07-8ee932688218,2026-05-30T08:45:00Z,2026-05-30T10:45:00+0200,1178.91,MW,DE,DE_LU,forecast_offshore_wind_generation,Wind Offshore,2026-06-13T19:07:25Z
2026-06-13T19:05:16Z,2026-06-13T21:05:16+0200,9460a2c8-fa12-4ac2-aa07-8ee932688218,2026-05-30T09:00:00Z,2026-05-30T11:00:00+0200,1172.0,MW,DE,DE_LU,forecast_offshore_wind_generation,Wind Offshore,2026-06-13T19:07:25Z
2026-06-13T19:05:16Z,2026-06-13T21:05:16+0200,9460a2c8-fa12-4ac2-aa07-8ee932688218,2026-05-30T09:15:00Z,2026-05-30T11:15:00+0200,1184.92,MW,DE,DE_LU,forecast_offshore_wind_generation,Wind Offshore,2026-06-13T19:07:25Z
2026-06-13T19:05:16Z,2026-06-13T21:05:16+0200,9460a2c8-fa12-4ac2-aa07-8ee932688218,2026-05-30T09:30:00Z,2026-05-30T11:30:00+0200,1199.05,MW,DE,DE_LU,forecast_offshore_wind_generation,Wind Offshore,2026-06-13T19:07:25Z
2026-06-13T19:05:16Z,2026-06-13T21:05:16+0200,9460a2c8-fa12-4ac2-aa07-8ee932688218,2026-05-30T09:45:00Z,2026-05-30T11:45:00+0200,1211.03,MW,DE,DE_LU,forecast_offshore_wind_generation,Wind Offshore,2026-06-13T19:07:25Z
2026-06-13T19:05:16Z,2026-06-13T21:05:16+0200,9460a2c8-fa12-4ac2-aa07-8ee932688218,2026-05-30T10:00:00Z,2026-05-30T12:00:00+0200,1225.04,MW,DE,DE_LU,forecast_offshore_wind_generation,Wind Offshore,2026-06-13T19:07:25Z
2026-06-13T19:05:16Z,2026-06-13T21:05:16+0200,9460a2c8-fa12-4ac2-aa07-8ee932688218,2026-05-30T10:15:00Z,2026-05-30T12:15:00+0200,1224.54,MW,DE,DE_LU,forecast_offshore_wind_generation,Wind Offshore,2026-06-13T19:07:25Z
2026-06-13T19:05:16Z,2026-06-13T21:05:16+0200,9460a2c8-fa12-4ac2-aa07-8ee932688218,2026-05-30T10:30:00Z,2026-05-30T12:30:00+0200,1226.45,MW,DE,DE_LU,forecast_offshore_wind_generation,Wind Offshore,2026-06-13T19:07:25Z
2026-06-13T19:05:16Z,2026-06-13T21:05:16+0200,9460a2c8-fa12-4ac2-aa07-8ee932688218,2026-05-30T10:45:00Z,2026-05-30T12:45:00+0200,1229.42,MW,DE,DE_LU,forecast_offshore_wind_generation,Wind Offshore,2026-06-13T19:07:25Z
2026-06-13T19:05:16Z,2026-06-13T21:05:16+0200,9460a2c8-fa12-4ac2-aa07-8ee932688218,2026-05-30T11:00:00Z,2026-05-30T13:00:00+0200,1228.6,MW,DE,DE_LU,forecast_offshore_wind_generation,Wind Offshore,2026-06-13T19:07:25Z
2026-06-13T19:05:16Z,2026-06-13T21:05:16+0200,9460a2c8-fa12-4ac2-aa07-8ee932688218,2026-05-30T11:15:00Z,2026-05-30T13:15:00+0200,1207.74,MW,DE,DE_LU,forecast_offshore_wind_generation,Wind Offshore,2026-06-13T19:07:25Z
2026-06-13T19:05:16Z,2026-06-13T21:05:16+0200,9460a2c8-fa12-4ac2-aa07-8ee932688218,2026-05-30T11:30:00Z,2026-05-30T13:30:00+0200,1187.05,MW,DE,DE_LU,forecast_offshore_wind_generation,Wind Offshore,2026-06-13T19:07:25Z
2026-06-13T19:05:16Z,2026-06-13T21:05:16+0200,9460a2c8-fa12-4ac2-aa07-8ee932688218,2026-05-30T11:45:00Z,2026-05-30T13:45:00+0200,1168.35,MW,DE,DE_LU,forecast_offshore_wind_generation,Wind Offshore,2026-06-13T19:07:25Z
2026-06-13T19:05:16Z,2026-06-13T21:05:16+0200,9460a2c8-fa12-4ac2-aa07-8ee932688218,2026-05-30T12:00:00Z,2026-05-30T14:00:00+0200,1146.37,MW,DE,DE_LU,forecast_offshore_wind_generation,Wind Offshore,2026-06-13T19:07:25Z
2026-06-13T19:05:16Z,2026-06-13T21:05:16+0200,9460a2c8-fa12-4ac2-aa07-8ee932688218,2026-05-30T12:15:00Z,2026-05-30T14:15:00+0200,1129.56,MW,DE,DE_LU,forecast_offshore_wind_generation,Wind Offshore,2026-06-13T19:07:25Z
2026-06-13T19:05:16Z,2026-06-13T21:05:16+0200,9460a2c8-fa12-4ac2-aa07-8ee932688218,2026-05-30T12:30:00Z,2026-05-30T14:30:00+0200,1114.33,MW,DE,DE_LU,forecast_offshore_wind_generation,Wind Offshore,2026-06-13T19:07:25Z
2026-06-13T19:05:16Z,2026-06-13T21:05:16+0200,9460a2c8-fa12-4ac2-aa07-8ee932688218,2026-05-30T12:45:00Z,2026-05-30T14:45:00+0200,1094.99,MW,DE,DE_LU,forecast_offshore_wind_generation,Wind Offshore,2026-06-13T19:07:25Z
2026-06-13T19:05:16Z,2026-06-13T21:05:16+0200,9460a2c8-fa12-4ac2-aa07-8ee932688218,2026-05-30T13:00:00Z,2026-05-30T15:00:00+0200,1083.22,MW,DE,DE_LU,forecast_offshore_wind_generation,Wind Offshore,2026-06-13T19:07:25Z
2026-06-13T19:05:16Z,2026-06-13T21:05:16+0200,9460a2c8-fa12-4ac2-aa07-8ee932688218,2026-05-30T13:15:00Z,2026-05-30T15:15:00+0200,1069.89,MW,DE,DE_LU,forecast_offshore_wind_generation,Wind Offshore,2026-06-13T19:07:25Z
2026-06-13T19:05:16Z,2026-06-13T21:05:16+0200,9460a2c8-fa12-4ac2-aa07-8ee932688218,2026-05-30T13:30:00Z,2026-05-30T15:30:00+0200,1062.72,MW,DE,DE_LU,forecast_offshore_wind_generation,Wind Offshore,2026-06-13T19:07:25Z
2026-06-13T19:05:16Z,2026-06-13T21:05:16+0200,9460a2c8-fa12-4ac2-aa07-8ee932688218,2026-05-30T13:45:00Z,2026-05-30T15:45:00+0200,1051.53,MW,DE,DE_LU,forecast_offshore_wind_generation,Wind Offshore,2026-06-13T19:07:25Z
2026-06-13T19:05:16Z,2026-06-13T21:05:16+0200,9460a2c8-fa12-4ac2-aa07-8ee932688218,2026-05-30T14:00:00Z,2026-05-30T16:00:00+0200,1040.77,MW,DE,DE_LU,forecast_offshore_wind_generation,Wind Offshore,2026-06-13T19:07:25Z
2026-06-13T19:05:16Z,2026-06-13T21:05:16+0200,9460a2c8-fa12-4ac2-aa07-8ee932688218,2026-05-30T14:15:00Z,2026-05-30T16:15:00+0200,1034.35,MW,DE,DE_LU,forecast_offshore_wind_generation,Wind Offshore,2026-06-13T19:07:25Z
2026-06-13T19:05:16Z,2026-06-13T21:05:16+0200,9460a2c8-fa12-4ac2-aa07-8ee932688218,2026-05-30T14:30:00Z,2026-05-30T16:30:00+0200,1024.05,MW,DE,DE_LU,forecast_offshore_wind_generation,Wind Offshore,2026-06-13T19:07:25Z
2026-06-13T19:05:16Z,2026-06-13T21:05:16+0200,9460a2c8-fa12-4ac2-aa07-8ee932688218,2026-05-30T14:45:00Z,2026-05-30T16:45:00+0200,1018.05,MW,DE,DE_LU,forecast_offshore_wind_generation,Wind Offshore,2026-06-13T19:07:25Z
2026-06-13T19:05:16Z,2026-06-13T21:05:16+0200,9460a2c8-fa12-4ac2-aa07-8ee932688218,2026-05-30T15:00:00Z,2026-05-30T17:00:00+0200,1018.07,MW,DE,DE_LU,forecast_offshore_wind_generation,Wind Offshore,2026-06-13T19:07:25Z
2026-06-13T19:05:16Z,2026-06-13T21:05:16+0200,9460a2c8-fa12-4ac2-aa07-8ee932688218,2026-05-30T15:15:00Z,2026-05-30T17:15:00+0200,991.75,MW,DE,DE_LU,forecast_offshore_wind_generation,Wind Offshore,2026-06-13T19:07:25Z
2026-06-13T19:05:16Z,2026-06-13T21:05:16+0200,9460a2c8-fa12-4ac2-aa07-8ee932688218,2026-05-30T15:30:00Z,2026-05-30T17:30:00+0200,971.41,MW,DE,DE_LU,forecast_offshore_wind_generation,Wind Offshore,2026-06-13T19:07:25Z
2026-06-13T19:05:16Z,2026-06-13T21:05:16+0200,9460a2c8-fa12-4ac2-aa07-8ee932688218,2026-05-30T15:45:00Z,2026-05-30T17:45:00+0200,950.29,MW,DE,DE_LU,forecast_offshore_wind_generation,Wind Offshore,2026-06-13T19:07:25Z
2026-06-13T19:05:16Z,2026-06-13T21:05:16+0200,9460a2c8-fa12-4ac2-aa07-8ee932688218,2026-05-30T16:00:00Z,2026-05-30T18:00:00+0200,928.56,MW,DE,DE_LU,forecast_offshore_wind_generation,Wind Offshore,2026-06-13T19:07:25Z
2026-06-13T19:05:16Z,2026-06-13T21:05:16+0200,9460a2c8-fa12-4ac2-aa07-8ee932688218,2026-05-30T16:15:00Z,2026-05-30T18:15:00+0200,906.54,MW,DE,DE_LU,forecast_offshore_wind_generation,Wind Offshore,2026-06-13T19:07:25Z
2026-06-13T19:05:16Z,2026-06-13T21:05:16+0200,9460a2c8-fa12-4ac2-aa07-8ee932688218,2026-05-30T16:30:00Z,2026-05-30T18:30:00+0200,885.41,MW,DE,DE_LU,forecast_offshore_wind_generation,Wind Offshore,2026-06-13T19:07:25Z
2026-06-13T19:05:16Z,2026-06-13T21:05:16+0200,9460a2c8-fa12-4ac2-aa07-8ee932688218,2026-05-30T16:45:00Z,2026-05-30T18:45:00+0200,860.22,MW,DE,DE_LU,forecast_offshore_wind_generation,Wind Offshore,2026-06-13T19:07:25Z
2026-06-13T19:05:16Z,2026-06-13T21:05:16+0200,9460a2c8-fa12-4ac2-aa07-8ee932688218,2026-05-30T17:00:00Z,2026-05-30T19:00:00+0200,840.79,MW,DE,DE_LU,forecast_offshore_wind_generation,Wind Offshore,2026-06-13T19:07:25Z
2026-06-13T19:05:16Z,2026-06-13T21:05:16+0200,9460a2c8-fa12-4ac2-aa07-8ee932688218,2026-05-30T17:15:00Z,2026-05-30T19:15:00+0200,822.55,MW,DE,DE_LU,forecast_offshore_wind_generation,Wind Offshore,2026-06-13T19:07:25Z
2026-06-13T19:05:16Z,2026-06-13T21:05:16+0200,9460a2c8-fa12-4ac2-aa07-8ee932688218,2026-05-30T17:30:00Z,2026-05-30T19:30:00+0200,806.66,MW,DE,DE_LU,forecast_offshore_wind_generation,Wind Offshore,2026-06-13T19:07:25Z
2026-06-13T19:05:16Z,2026-06-13T21:05:16+0200,9460a2c8-fa12-4ac2-aa07-8ee932688218,2026-05-30T17:45:00Z,2026-05-30T19:45:00+0200,796.2,MW,DE,DE_LU,forecast_offshore_wind_generation,Wind Offshore,2026-06-13T19:07:25Z
2026-06-13T19:05:16Z,2026-06-13T21:05:16+0200,9460a2c8-fa12-4ac2-aa07-8ee932688218,2026-05-30T18:00:00Z,2026-05-30T20:00:00+0200,777.16,MW,DE,DE_LU,forecast_offshore_wind_generation,Wind Offshore,2026-06-13T19:07:25Z
2026-06-13T19:05:16Z,2026-06-13T21:05:16+0200,9460a2c8-fa12-4ac2-aa07-8ee932688218,2026-05-30T18:15:00Z,2026-05-30T20:15:00+0200,773.21,MW,DE,DE_LU,forecast_offshore_wind_generation,Wind Offshore,2026-06-13T19:07:25Z
2026-06-13T19:05:16Z,2026-06-13T21:05:16+0200,9460a2c8-fa12-4ac2-aa07-8ee932688218,2026-05-30T18:30:00Z,2026-05-30T20:30:00+0200,768.21,MW,DE,DE_LU,forecast_offshore_wind_generation,Wind Offshore,2026-06-13T19:07:25Z
2026-06-13T19:05:16Z,2026-06-13T21:05:16+0200,9460a2c8-fa12-4ac2-aa07-8ee932688218,2026-05-30T18:45:00Z,2026-05-30T20:45:00+0200,763.45,MW,DE,DE_LU,forecast_offshore_wind_generation,Wind Offshore,2026-06-13T19:07:25Z
2026-06-13T19:05:16Z,2026-06-13T21:05:16+0200,9460a2c8-fa12-4ac2-aa07-8ee932688218,2026-05-30T19:00:00Z,2026-05-30T21:00:00+0200,758.36,MW,DE,DE_LU,forecast_offshore_wind_generation,Wind Offshore,2026-06-13T19:07:25Z
2026-06-13T19:05:16Z,2026-06-13T21:05:16+0200,9460a2c8-fa12-4ac2-aa07-8ee932688218,2026-05-30T19:15:00Z,2026-05-30T21:15:00+0200,741.85,MW,DE,DE_LU,forecast_offshore_wind_generation,Wind Offshore,2026-06-13T19:07:25Z
2026-06-13T19:05:16Z,2026-06-13T21:05:16+0200,9460a2c8-fa12-4ac2-aa07-8ee932688218,2026-05-30T19:30:00Z,2026-05-30T21:30:00+0200,727.59,MW,DE,DE_LU,forecast_offshore_wind_generation,Wind Offshore,2026-06-13T19:07:25Z
2026-06-13T19:05:16Z,2026-06-13T21:05:16+0200,9460a2c8-fa12-4ac2-aa07-8ee932688218,2026-05-30T19:45:00Z,2026-05-30T21:45:00+0200,708.6,MW,DE,DE_LU,forecast_offshore_wind_generation,Wind Offshore,2026-06-13T19:07:25Z
2026-06-13T19:05:16Z,2026-06-13T21:05:16+0200,9460a2c8-fa12-4ac2-aa07-8ee932688218,2026-05-30T20:00:00Z,2026-05-30T22:00:00+0200,698.6,MW,DE,DE_LU,forecast_offshore_wind_generation,Wind Offshore,2026-06-13T19:07:25Z
2026-06-13T19:05:16Z,2026-06-13T21:05:16+0200,9460a2c8-fa12-4ac2-aa07-8ee932688218,2026-05-30T20:15:00Z,2026-05-30T22:15:00+0200,693.42,MW,DE,DE_LU,forecast_offshore_wind_generation,Wind Offshore,2026-06-13T19:07:25Z
2026-06-13T19:05:16Z,2026-06-13T21:05:16+0200,9460a2c8-fa12-4ac2-aa07-8ee932688218,2026-05-30T20:30:00Z,2026-05-30T22:30:00+0200,692.3,MW,DE,DE_LU,forecast_offshore_wind_generation,Wind Offshore,2026-06-13T19:07:25Z
2026-06-13T19:05:16Z,2026-06-13T21:05:16+0200,9460a2c8-fa12-4ac2-aa07-8ee932688218,2026-05-30T20:45:00Z,2026-05-30T22:45:00+0200,689.71,MW,DE,DE_LU,forecast_offshore_wind_generation,Wind Offshore,2026-06-13T19:07:25Z
2026-06-13T19:05:16Z,2026-06-13T21:05:16+0200,9460a2c8-fa12-4ac2-aa07-8ee932688218,2026-05-30T21:00:00Z,2026-05-30T23:00:00+0200,690.58,MW,DE,DE_LU,forecast_offshore_wind_generation,Wind Offshore,2026-06-13T19:07:25Z
2026-06-13T19:05:16Z,2026-06-13T21:05:16+0200,9460a2c8-fa12-4ac2-aa07-8ee932688218,2026-05-30T21:15:00Z,2026-05-30T23:15:00+0200,690.07,MW,DE,DE_LU,forecast_offshore_wind_generation,Wind Offshore,2026-06-13T19:07:25Z
2026-06-13T19:05:16Z,2026-06-13T21:05:16+0200,9460a2c8-fa12-4ac2-aa07-8ee932688218,2026-05-30T21:30:00Z,2026-05-30T23:30:00+0200,685.82,MW,DE,DE_LU,forecast_offshore_wind_generation,Wind Offshore,2026-06-13T19:07:25Z
2026-06-13T19:05:16Z,2026-06-13T21:05:16+0200,9460a2c8-fa12-4ac2-aa07-8ee932688218,2026-05-30T21:45:00Z,2026-05-30T23:45:00+0200,680.47,MW,DE,DE_LU,forecast_offshore_wind_generation,Wind Offshore,2026-06-13T19:07:25Z
2026-06-13T19:05:16Z,2026-06-13T21:05:16+0200,9460a2c8-fa12-4ac2-aa07-8ee932688218,2026-05-30T22:00:00Z,2026-05-31T00:00:00+0200,639.84,MW,DE,DE_LU,forecast_offshore_wind_generation,Wind Offshore,2026-06-13T19:07:25Z
2026-06-13T19:05:16Z,2026-06-13T21:05:16+0200,9460a2c8-fa12-4ac2-aa07-8ee932688218,2026-05-30T22:15:00Z,2026-05-31T00:15:00+0200,630.92,MW,DE,DE_LU,forecast_offshore_wind_generation,Wind Offshore,2026-06-13T19:07:25Z
2026-06-13T19:05:16Z,2026-06-13T21:05:16+0200,9460a2c8-fa12-4ac2-aa07-8ee932688218,2026-05-30T22:30:00Z,2026-05-31T00:30:00+0200,620.02,MW,DE,DE_LU,forecast_offshore_wind_generation,Wind Offshore,2026-06-13T19:07:25Z
2026-06-13T19:05:16Z,2026-06-13T21:05:16+0200,9460a2c8-fa12-4ac2-aa07-8ee932688218,2026-05-30T22:45:00Z,2026-05-31T00:45:00+0200,607.87,MW,DE,DE_LU,forecast_offshore_wind_generation,Wind Offshore,2026-06-13T19:07:25Z
2026-06-13T19:05:16Z,2026-06-13T21:05:16+0200,9460a2c8-fa12-4ac2-aa07-8ee932688218,2026-05-30T23:00:00Z,2026-05-31T01:00:00+0200,598.2,MW,DE,DE_LU,forecast_offshore_wind_generation,Wind Offshore,2026-06-13T19:07:25Z
2026-06-13T19:05:16Z,2026-06-13T21:05:16+0200,9460a2c8-fa12-4ac2-aa07-8ee932688218,2026-05-30T23:15:00Z,2026-05-31T01:15:00+0200,583.03,MW,DE,DE_LU,forecast_offshore_wind_generation,Wind Offshore,2026-06-13T19:07:25Z
2026-06-13T19:05:16Z,2026-06-13T21:05:16+0200,9460a2c8-fa12-4ac2-aa07-8ee932688218,2026-05-30T23:30:00Z,2026-05-31T01:30:00+0200,566.04,MW,DE,DE_LU,forecast_offshore_wind_generation,Wind Offshore,2026-06-13T19:07:25Z
2026-06-13T19:05:16Z,2026-06-13T21:05:16+0200,9460a2c8-fa12-4ac2-aa07-8ee932688218,2026-05-30T23:45:00Z,2026-05-31T01:45:00+0200,547.47,MW,DE,DE_LU,forecast_offshore_wind_generation,Wind Offshore,2026-06-13T19:07:25Z
2026-06-13T19:05:16Z,2026-06-13T21:05:16+0200,9460a2c8-fa12-4ac2-aa07-8ee932688218,2026-05-31T00:00:00Z,2026-05-31T02:00:00+0200,531.57,MW,DE,DE_LU,forecast_offshore_wind_generation,Wind Offshore,2026-06-13T19:07:25Z
2026-06-13T19:05:16Z,2026-06-13T21:05:16+0200,9460a2c8-fa12-4ac2-aa07-8ee932688218,2026-05-31T00:15:00Z,2026-05-31T02:15:00+0200,518.82,MW,DE,DE_LU,forecast_offshore_wind_generation,Wind Offshore,2026-06-13T19:07:25Z
2026-06-13T19:05:16Z,2026-06-13T21:05:16+0200,9460a2c8-fa12-4ac2-aa07-8ee932688218,2026-05-31T00:30:00Z,2026-05-31T02:30:00+0200,504.16,MW,DE,DE_LU,forecast_offshore_wind_generation,Wind Offshore,2026-06-13T19:07:25Z
2026-06-13T19:05:16Z,2026-06-13T21:05:16+0200,9460a2c8-fa12-4ac2-aa07-8ee932688218,2026-05-31T00:45:00Z,2026-05-31T02:45:00+0200,493.3,MW,DE,DE_LU,forecast_offshore_wind_generation,Wind Offshore,2026-06-13T19:07:25Z
2026-06-13T19:05:16Z,2026-06-13T21:05:16+0200,9460a2c8-fa12-4ac2-aa07-8ee932688218,2026-05-31T01:00:00Z,2026-05-31T03:00:00+0200,478.87,MW,DE,DE_LU,forecast_offshore_wind_generation,Wind Offshore,2026-06-13T19:07:25Z
2026-06-13T19:05:16Z,2026-06-13T21:05:16+0200,9460a2c8-fa12-4ac2-aa07-8ee932688218,2026-05-31T01:15:00Z,2026-05-31T03:15:00+0200,458.65,MW,DE,DE_LU,forecast_offshore_wind_generation,Wind Offshore,2026-06-13T19:07:25Z
2026-06-13T19:05:16Z,2026-06-13T21:05:16+0200,9460a2c8-fa12-4ac2-aa07-8ee932688218,2026-05-31T01:30:00Z,2026-05-31T03:30:00+0200,439.48,MW,DE,DE_LU,forecast_offshore_wind_generation,Wind Offshore,2026-06-13T19:07:25Z
2026-06-13T19:05:16Z,2026-06-13T21:05:16+0200,9460a2c8-fa12-4ac2-aa07-8ee932688218,2026-05-31T01:45:00Z,2026-05-31T03:45:00+0200,420.29,MW,DE,DE_LU,forecast_offshore_wind_generation,Wind Offshore,2026-06-13T19:07:25Z
2026-06-13T19:05:16Z,2026-06-13T21:05:16+0200,9460a2c8-fa12-4ac2-aa07-8ee932688218,2026-05-31T02:00:00Z,2026-05-31T04:00:00+0200,399.79,MW,DE,DE_LU,forecast_offshore_wind_generation,Wind Offshore,2026-06-13T19:07:25Z
2026-06-13T19:05:16Z,2026-06-13T21:05:16+0200,9460a2c8-fa12-4ac2-aa07-8ee932688218,2026-05-31T02:15:00Z,2026-05-31T04:15:00+0200,378.69,MW,DE,DE_LU,forecast_offshore_wind_generation,Wind Offshore,2026-06-13T19:07:25Z
2026-06-13T19:05:16Z,2026-06-13T21:05:16+0200,9460a2c8-fa12-4ac2-aa07-8ee932688218,2026-05-31T02:30:00Z,2026-05-31T04:30:00+0200,354.73,MW,DE,DE_LU,forecast_offshore_wind_generation,Wind Offshore,2026-06-13T19:07:25Z
2026-06-13T19:05:16Z,2026-06-13T21:05:16+0200,9460a2c8-fa12-4ac2-aa07-8ee932688218,2026-05-31T02:45:00Z,2026-05-31T04:45:00+0200,333.5,MW,DE,DE_LU,forecast_offshore_wind_generation,Wind Offshore,2026-06-13T19:07:25Z
2026-06-13T19:05:16Z,2026-06-13T21:05:16+0200,9460a2c8-fa12-4ac2-aa07-8ee932688218,2026-05-31T03:00:00Z,2026-05-31T05:00:00+0200,312.6,MW,DE,DE_LU,forecast_offshore_wind_generation,Wind Offshore,2026-06-13T19:07:25Z
2026-06-13T19:05:16Z,2026-06-13T21:05:16+0200,9460a2c8-fa12-4ac2-aa07-8ee932688218,2026-05-31T03:15:00Z,2026-05-31T05:15:00+0200,296.44,MW,DE,DE_LU,forecast_offshore_wind_generation,Wind Offshore,2026-06-13T19:07:25Z
2026-06-13T19:05:16Z,2026-06-13T21:05:16+0200,9460a2c8-fa12-4ac2-aa07-8ee932688218,2026-05-31T03:30:00Z,2026-05-31T05:30:00+0200,282.38,MW,DE,DE_LU,forecast_offshore_wind_generation,Wind Offshore,2026-06-13T19:07:25Z
2026-06-13T19:05:16Z,2026-06-13T21:05:16+0200,9460a2c8-fa12-4ac2-aa07-8ee932688218,2026-05-31T03:45:00Z,2026-05-31T05:45:00+0200,265.66,MW,DE,DE_LU,forecast_offshore_wind_generation,Wind Offshore,2026-06-13T19:07:25Z
2026-06-13T19:05:16Z,2026-06-13T21:05:16+0200,9460a2c8-fa12-4ac2-aa07-8ee932688218,2026-05-31T04:00:00Z,2026-05-31T06:00:00+0200,247.48,MW,DE,DE_LU,forecast_offshore_wind_generation,Wind Offshore,2026-06-13T19:07:25Z
2026-06-13T19:05:16Z,2026-06-13T21:05:16+0200,9460a2c8-fa12-4ac2-aa07-8ee932688218,2026-05-31T04:15:00Z,2026-05-31T06:15:00+0200,236.62,MW,DE,DE_LU,forecast_offshore_wind_generation,Wind Offshore,2026-06-13T19:07:25Z
2026-06-13T19:05:16Z,2026-06-13T21:05:16+0200,9460a2c8-fa12-4ac2-aa07-8ee932688218,2026-05-31T04:30:00Z,2026-05-31T06:30:00+0200,223.88,MW,DE,DE_LU,forecast_offshore_wind_generation,Wind Offshore,2026-06-13T19:07:25Z
2026-06-13T19:05:16Z,2026-06-13T21:05:16+0200,9460a2c8-fa12-4ac2-aa07-8ee932688218,2026-05-31T04:45:00Z,2026-05-31T06:45:00+0200,212.38,MW,DE,DE_LU,forecast_offshore_wind_generation,Wind Offshore,2026-06-13T19:07:25Z
2026-06-13T19:05:16Z,2026-06-13T21:05:16+0200,9460a2c8-fa12-4ac2-aa07-8ee932688218,2026-05-31T05:00:00Z,2026-05-31T07:00:00+0200,203.78,MW,DE,DE_LU,forecast_offshore_wind_generation,Wind Offshore,2026-06-13T19:07:25Z
2026-06-13T19:05:16Z,2026-06-13T21:05:16+0200,9460a2c8-fa12-4ac2-aa07-8ee932688218,2026-05-31T05:15:00Z,2026-05-31T07:15:00+0200,194.0,MW,DE,DE_LU,forecast_offshore_wind_generation,Wind Offshore,2026-06-13T19:07:25Z
2026-06-13T19:05:16Z,2026-06-13T21:05:16+0200,9460a2c8-fa12-4ac2-aa07-8ee932688218,2026-05-31T05:30:00Z,2026-05-31T07:30:00+0200,184.55,MW,DE,DE_LU,forecast_offshore_wind_generation,Wind Offshore,2026-06-13T19:07:25Z
2026-06-13T19:05:16Z,2026-06-13T21:05:16+0200,9460a2c8-fa12-4ac2-aa07-8ee932688218,2026-05-31T05:45:00Z,2026-05-31T07:45:00+0200,177.51,MW,DE,DE_LU,forecast_offshore_wind_generation,Wind Offshore,2026-06-13T19:07:25Z
2026-06-13T19:05:16Z,2026-06-13T21:05:16+0200,9460a2c8-fa12-4ac2-aa07-8ee932688218,2026-05-31T06:00:00Z,2026-05-31T08:00:00+0200,167.52,MW,DE,DE_LU,forecast_offshore_wind_generation,Wind Offshore,2026-06-13T19:07:25Z
2026-06-13T19:05:16Z,2026-06-13T21:05:16+0200,9460a2c8-fa12-4ac2-aa07-8ee932688218,2026-05-31T06:15:00Z,2026-05-31T08:15:00+0200,156.13,MW,DE,DE_LU,forecast_offshore_wind_generation,Wind Offshore,2026-06-13T19:07:25Z
2026-06-13T19:05:16Z,2026-06-13T21:05:16+0200,9460a2c8-fa12-4ac2-aa07-8ee932688218,2026-05-31T06:30:00Z,2026-05-31T08:30:00+0200,145.96,MW,DE,DE_LU,forecast_offshore_wind_generation,Wind Offshore,2026-06-13T19:07:25Z
2026-06-13T19:05:16Z,2026-06-13T21:05:16+0200,9460a2c8-fa12-4ac2-aa07-8ee932688218,2026-05-31T06:45:00Z,2026-05-31T08:45:00+0200,134.87,MW,DE,DE_LU,forecast_offshore_wind_generation,Wind Offshore,2026-06-13T19:07:25Z
2026-06-13T19:05:16Z,2026-06-13T21:05:16+0200,9460a2c8-fa12-4ac2-aa07-8ee932688218,2026-05-31T07:00:00Z,2026-05-31T09:00:00+0200,123.77,MW,DE,DE_LU,forecast_offshore_wind_generation,Wind Offshore,2026-06-13T19:07:25Z
2026-06-13T19:05:16Z,2026-06-13T21:05:16+0200,9460a2c8-fa12-4ac2-aa07-8ee932688218,2026-05-31T07:15:00Z,2026-05-31T09:15:00+0200,114.04,MW,DE,DE_LU,forecast_offshore_wind_generation,Wind Offshore,2026-06-13T19:07:25Z
2026-06-13T19:05:16Z,2026-06-13T21:05:16+0200,9460a2c8-fa12-4ac2-aa07-8ee932688218,2026-05-31T07:30:00Z,2026-05-31T09:30:00+0200,105.32,MW,DE,DE_LU,forecast_offshore_wind_generation,Wind Offshore,2026-06-13T19:07:25Z
2026-06-13T19:05:16Z,2026-06-13T21:05:16+0200,9460a2c8-fa12-4ac2-aa07-8ee932688218,2026-05-31T07:45:00Z,2026-05-31T09:45:00+0200,96.48,MW,DE,DE_LU,forecast_offshore_wind_generation,Wind Offshore,2026-06-13T19:07:25Z
2026-06-13T19:05:16Z,2026-06-13T21:05:16+0200,9460a2c8-fa12-4ac2-aa07-8ee932688218,2026-05-31T08:00:00Z,2026-05-31T10:00:00+0200,90.31,MW,DE,DE_LU,forecast_offshore_wind_generation,Wind Offshore,2026-06-13T19:07:25Z
2026-06-13T19:05:16Z,2026-06-13T21:05:16+0200,9460a2c8-fa12-4ac2-aa07-8ee932688218,2026-05-31T08:15:00Z,2026-05-31T10:15:00+0200,83.5,MW,DE,DE_LU,forecast_offshore_wind_generation,Wind Offshore,2026-06-13T19:07:25Z
2026-06-13T19:05:16Z,2026-06-13T21:05:16+0200,9460a2c8-fa12-4ac2-aa07-8ee932688218,2026-05-31T08:30:00Z,2026-05-31T10:30:00+0200,77.93,MW,DE,DE_LU,forecast_offshore_wind_generation,Wind Offshore,2026-06-13T19:07:25Z
2026-06-13T19:05:16Z,2026-06-13T21:05:16+0200,9460a2c8-fa12-4ac2-aa07-8ee932688218,2026-05-31T08:45:00Z,2026-05-31T10:45:00+0200,74.09,MW,DE,DE_LU,forecast_offshore_wind_generation,Wind Offshore,2026-06-13T19:07:25Z
2026-06-13T19:05:16Z,2026-06-13T21:05:16+0200,9460a2c8-fa12-4ac2-aa07-8ee932688218,2026-05-31T09:00:00Z,2026-05-31T11:00:00+0200,70.62,MW,DE,DE_LU,forecast_offshore_wind_generation,Wind Offshore,2026-06-13T19:07:25Z
2026-06-13T19:05:16Z,2026-06-13T21:05:16+0200,9460a2c8-fa12-4ac2-aa07-8ee932688218,2026-05-31T09:15:00Z,2026-05-31T11:15:00+0200,68.36,MW,DE,DE_LU,forecast_offshore_wind_generation,Wind Offshore,2026-06-13T19:07:25Z
2026-06-13T19:05:16Z,2026-06-13T21:05:16+0200,9460a2c8-fa12-4ac2-aa07-8ee932688218,2026-05-31T09:30:00Z,2026-05-31T11:30:00+0200,64.1,MW,DE,DE_LU,forecast_offshore_wind_generation,Wind Offshore,2026-06-13T19:07:25Z
2026-06-13T19:05:16Z,2026-06-13T21:05:16+0200,9460a2c8-fa12-4ac2-aa07-8ee932688218,2026-05-31T09:45:00Z,2026-05-31T11:45:00+0200,60.88,MW,DE,DE_LU,forecast_offshore_wind_generation,Wind Offshore,2026-06-13T19:07:25Z
2026-06-13T19:05:16Z,2026-06-13T21:05:16+0200,9460a2c8-fa12-4ac2-aa07-8ee932688218,2026-05-31T10:00:00Z,2026-05-31T12:00:00+0200,57.44,MW,DE,DE_LU,forecast_offshore_wind_generation,Wind Offshore,2026-06-13T19:07:25Z
2026-06-13T19:05:16Z,2026-06-13T21:05:16+0200,9460a2c8-fa12-4ac2-aa07-8ee932688218,2026-05-31T10:15:00Z,2026-05-31T12:15:00+0200,55.92,MW,DE,DE_LU,forecast_offshore_wind_generation,Wind Offshore,2026-06-13T19:07:25Z
2026-06-13T19:05:16Z,2026-06-13T21:05:16+0200,9460a2c8-fa12-4ac2-aa07-8ee932688218,2026-05-31T10:30:00Z,2026-05-31T12:30:00+0200,56.59,MW,DE,DE_LU,forecast_offshore_wind_generation,Wind Offshore,2026-06-13T19:07:25Z
2026-06-13T19:05:16Z,2026-06-13T21:05:16+0200,9460a2c8-fa12-4ac2-aa07-8ee932688218,2026-05-31T10:45:00Z,2026-05-31T12:45:00+0200,54.36,MW,DE,DE_LU,forecast_offshore_wind_generation,Wind Offshore,2026-06-13T19:07:25Z
2026-06-13T19:05:16Z,2026-06-13T21:05:16+0200,9460a2c8-fa12-4ac2-aa07-8ee932688218,2026-05-31T11:00:00Z,2026-05-31T13:00:00+0200,54.12,MW,DE,DE_LU,forecast_offshore_wind_generation,Wind Offshore,2026-06-13T19:07:25Z
2026-06-13T19:05:16Z,2026-06-13T21:05:16+0200,9460a2c8-fa12-4ac2-aa07-8ee932688218,2026-05-31T11:15:00Z,2026-05-31T13:15:00+0200,52.93,MW,DE,DE_LU,forecast_offshore_wind_generation,Wind Offshore,2026-06-13T19:07:25Z
2026-06-13T19:05:16Z,2026-06-13T21:05:16+0200,9460a2c8-fa12-4ac2-aa07-8ee932688218,2026-05-31T11:30:00Z,2026-05-31T13:30:00+0200,53.77,MW,DE,DE_LU,forecast_offshore_wind_generation,Wind Offshore,2026-06-13T19:07:25Z
2026-06-13T19:05:16Z,2026-06-13T21:05:16+0200,9460a2c8-fa12-4ac2-aa07-8ee932688218,2026-05-31T11:45:00Z,2026-05-31T13:45:00+0200,53.59,MW,DE,DE_LU,forecast_offshore_wind_generation,Wind Offshore,2026-06-13T19:07:25Z
2026-06-13T19:05:16Z,2026-06-13T21:05:16+0200,9460a2c8-fa12-4ac2-aa07-8ee932688218,2026-05-31T12:00:00Z,2026-05-31T14:00:00+0200,52.09,MW,DE,DE_LU,forecast_offshore_wind_generation,Wind Offshore,2026-06-13T19:07:25Z
2026-06-13T19:05:16Z,2026-06-13T21:05:16+0200,9460a2c8-fa12-4ac2-aa07-8ee932688218,2026-05-31T12:15:00Z,2026-05-31T14:15:00+0200,51.21,MW,DE,DE_LU,forecast_offshore_wind_generation,Wind Offshore,2026-06-13T19:07:25Z
2026-06-13T19:05:16Z,2026-06-13T21:05:16+0200,9460a2c8-fa12-4ac2-aa07-8ee932688218,2026-05-31T12:30:00Z,2026-05-31T14:30:00+0200,50.28,MW,DE,DE_LU,forecast_offshore_wind_generation,Wind Offshore,2026-06-13T19:07:25Z
2026-06-13T19:05:16Z,2026-06-13T21:05:16+0200,9460a2c8-fa12-4ac2-aa07-8ee932688218,2026-05-31T12:45:00Z,2026-05-31T14:45:00+0200,49.25,MW,DE,DE_LU,forecast_offshore_wind_generation,Wind Offshore,2026-06-13T19:07:25Z
2026-06-13T19:05:16Z,2026-06-13T21:05:16+0200,9460a2c8-fa12-4ac2-aa07-8ee932688218,2026-05-31T13:00:00Z,2026-05-31T15:00:00+0200,49.18,MW,DE,DE_LU,forecast_offshore_wind_generation,Wind Offshore,2026-06-13T19:07:25Z
2026-06-13T19:05:16Z,2026-06-13T21:05:16+0200,9460a2c8-fa12-4ac2-aa07-8ee932688218,2026-05-31T13:15:00Z,2026-05-31T15:15:00+0200,48.25,MW,DE,DE_LU,forecast_offshore_wind_generation,Wind Offshore,2026-06-13T19:07:25Z
2026-06-13T19:05:16Z,2026-06-13T21:05:16+0200,9460a2c8-fa12-4ac2-aa07-8ee932688218,2026-05-31T13:30:00Z,2026-05-31T15:30:00+0200,49.37,MW,DE,DE_LU,forecast_offshore_wind_generation,Wind Offshore,2026-06-13T19:07:25Z
2026-06-13T19:05:16Z,2026-06-13T21:05:16+0200,9460a2c8-fa12-4ac2-aa07-8ee932688218,2026-05-31T13:45:00Z,2026-05-31T15:45:00+0200,49.52,MW,DE,DE_LU,forecast_offshore_wind_generation,Wind Offshore,2026-06-13T19:07:25Z
2026-06-13T19:05:16Z,2026-06-13T21:05:16+0200,9460a2c8-fa12-4ac2-aa07-8ee932688218,2026-05-31T14:00:00Z,2026-05-31T16:00:00+0200,52.23,MW,DE,DE_LU,forecast_offshore_wind_generation,Wind Offshore,2026-06-13T19:07:25Z
2026-06-13T19:05:16Z,2026-06-13T21:05:16+0200,9460a2c8-fa12-4ac2-aa07-8ee932688218,2026-05-31T14:15:00Z,2026-05-31T16:15:00+0200,55.86,MW,DE,DE_LU,forecast_offshore_wind_generation,Wind Offshore,2026-06-13T19:07:25Z
2026-06-13T19:05:16Z,2026-06-13T21:05:16+0200,9460a2c8-fa12-4ac2-aa07-8ee932688218,2026-05-31T14:30:00Z,2026-05-31T16:30:00+0200,55.49,MW,DE,DE_LU,forecast_offshore_wind_generation,Wind Offshore,2026-06-13T19:07:25Z
2026-06-13T19:05:16Z,2026-06-13T21:05:16+0200,9460a2c8-fa12-4ac2-aa07-8ee932688218,2026-05-31T14:45:00Z,2026-05-31T16:45:00+0200,59.16,MW,DE,DE_LU,forecast_offshore_wind_generation,Wind Offshore,2026-06-13T19:07:25Z
2026-06-13T19:05:16Z,2026-06-13T21:05:16+0200,9460a2c8-fa12-4ac2-aa07-8ee932688218,2026-05-31T15:00:00Z,2026-05-31T17:00:00+0200,61.88,MW,DE,DE_LU,forecast_offshore_wind_generation,Wind Offshore,2026-06-13T19:07:25Z
2026-06-13T19:05:16Z,2026-06-13T21:05:16+0200,9460a2c8-fa12-4ac2-aa07-8ee932688218,2026-05-31T15:15:00Z,2026-05-31T17:15:00+0200,63.4,MW,DE,DE_LU,forecast_offshore_wind_generation,Wind Offshore,2026-06-13T19:07:25Z
2026-06-13T19:05:16Z,2026-06-13T21:05:16+0200,9460a2c8-fa12-4ac2-aa07-8ee932688218,2026-05-31T15:30:00Z,2026-05-31T17:30:00+0200,67.7,MW,DE,DE_LU,forecast_offshore_wind_generation,Wind Offshore,2026-06-13T19:07:25Z
2026-06-13T19:05:16Z,2026-06-13T21:05:16+0200,9460a2c8-fa12-4ac2-aa07-8ee932688218,2026-05-31T15:45:00Z,2026-05-31T17:45:00+0200,68.02,MW,DE,DE_LU,forecast_offshore_wind_generation,Wind Offshore,2026-06-13T19:07:25Z
2026-06-13T19:05:16Z,2026-06-13T21:05:16+0200,9460a2c8-fa12-4ac2-aa07-8ee932688218,2026-05-31T16:00:00Z,2026-05-31T18:00:00+0200,71.7,MW,DE,DE_LU,forecast_offshore_wind_generation,Wind Offshore,2026-06-13T19:07:25Z
2026-06-13T19:05:16Z,2026-06-13T21:05:16+0200,9460a2c8-fa12-4ac2-aa07-8ee932688218,2026-05-31T16:15:00Z,2026-05-31T18:15:00+0200,77.65,MW,DE,DE_LU,forecast_offshore_wind_generation,Wind Offshore,2026-06-13T19:07:25Z
2026-06-13T19:05:16Z,2026-06-13T21:05:16+0200,9460a2c8-fa12-4ac2-aa07-8ee932688218,2026-05-31T16:30:00Z,2026-05-31T18:30:00+0200,79.63,MW,DE,DE_LU,forecast_offshore_wind_generation,Wind Offshore,2026-06-13T19:07:25Z
2026-06-13T19:05:16Z,2026-06-13T21:05:16+0200,9460a2c8-fa12-4ac2-aa07-8ee932688218,2026-05-31T16:45:00Z,2026-05-31T18:45:00+0200,84.82,MW,DE,DE_LU,forecast_offshore_wind_generation,Wind Offshore,2026-06-13T19:07:25Z
2026-06-13T19:05:16Z,2026-06-13T21:05:16+0200,9460a2c8-fa12-4ac2-aa07-8ee932688218,2026-05-31T17:00:00Z,2026-05-31T19:00:00+0200,89.21,MW,DE,DE_LU,forecast_offshore_wind_generation,Wind Offshore,2026-06-13T19:07:25Z
2026-06-13T19:05:16Z,2026-06-13T21:05:16+0200,9460a2c8-fa12-4ac2-aa07-8ee932688218,2026-05-31T17:15:00Z,2026-05-31T19:15:00+0200,95.84,MW,DE,DE_LU,forecast_offshore_wind_generation,Wind Offshore,2026-06-13T19:07:25Z
2026-06-13T19:05:16Z,2026-06-13T21:05:16+0200,9460a2c8-fa12-4ac2-aa07-8ee932688218,2026-05-31T17:30:00Z,2026-05-31T19:30:00+0200,102.68,MW,DE,DE_LU,forecast_offshore_wind_generation,Wind Offshore,2026-06-13T19:07:25Z
2026-06-13T19:05:16Z,2026-06-13T21:05:16+0200,9460a2c8-fa12-4ac2-aa07-8ee932688218,2026-05-31T17:45:00Z,2026-05-31T19:45:00+0200,107.6,MW,DE,DE_LU,forecast_offshore_wind_generation,Wind Offshore,2026-06-13T19:07:25Z
2026-06-13T19:05:16Z,2026-06-13T21:05:16+0200,9460a2c8-fa12-4ac2-aa07-8ee932688218,2026-05-31T18:00:00Z,2026-05-31T20:00:00+0200,116.71,MW,DE,DE_LU,forecast_offshore_wind_generation,Wind Offshore,2026-06-13T19:07:25Z
2026-06-13T19:05:16Z,2026-06-13T21:05:16+0200,9460a2c8-fa12-4ac2-aa07-8ee932688218,2026-05-31T18:15:00Z,2026-05-31T20:15:00+0200,116.81,MW,DE,DE_LU,forecast_offshore_wind_generation,Wind Offshore,2026-06-13T19:07:25Z
2026-06-13T19:05:16Z,2026-06-13T21:05:16+0200,9460a2c8-fa12-4ac2-aa07-8ee932688218,2026-05-31T18:30:00Z,2026-05-31T20:30:00+0200,122.96,MW,DE,DE_LU,forecast_offshore_wind_generation,Wind Offshore,2026-06-13T19:07:25Z
2026-06-13T19:05:16Z,2026-06-13T21:05:16+0200,9460a2c8-fa12-4ac2-aa07-8ee932688218,2026-05-31T18:45:00Z,2026-05-31T20:45:00+0200,123.14,MW,DE,DE_LU,forecast_offshore_wind_generation,Wind Offshore,2026-06-13T19:07:25Z
2026-06-13T19:05:16Z,2026-06-13T21:05:16+0200,9460a2c8-fa12-4ac2-aa07-8ee932688218,2026-05-31T19:00:00Z,2026-05-31T21:00:00+0200,129.42,MW,DE,DE_LU,forecast_offshore_wind_generation,Wind Offshore,2026-06-13T19:07:25Z
2026-06-13T19:05:16Z,2026-06-13T21:05:16+0200,9460a2c8-fa12-4ac2-aa07-8ee932688218,2026-05-31T19:15:00Z,2026-05-31T21:15:00+0200,131.35,MW,DE,DE_LU,forecast_offshore_wind_generation,Wind Offshore,2026-06-13T19:07:25Z
2026-06-13T19:05:16Z,2026-06-13T21:05:16+0200,9460a2c8-fa12-4ac2-aa07-8ee932688218,2026-05-31T19:30:00Z,2026-05-31T21:30:00+0200,131.17,MW,DE,DE_LU,forecast_offshore_wind_generation,Wind Offshore,2026-06-13T19:07:25Z
2026-06-13T19:05:16Z,2026-06-13T21:05:16+0200,9460a2c8-fa12-4ac2-aa07-8ee932688218,2026-05-31T19:45:00Z,2026-05-31T21:45:00+0200,138.41,MW,DE,DE_LU,forecast_offshore_wind_generation,Wind Offshore,2026-06-13T19:07:25Z
2026-06-13T19:05:16Z,2026-06-13T21:05:16+0200,9460a2c8-fa12-4ac2-aa07-8ee932688218,2026-05-31T20:00:00Z,2026-05-31T22:00:00+0200,143.81,MW,DE,DE_LU,forecast_offshore_wind_generation,Wind Offshore,2026-06-13T19:07:25Z
2026-06-13T19:05:16Z,2026-06-13T21:05:16+0200,9460a2c8-fa12-4ac2-aa07-8ee932688218,2026-05-31T20:15:00Z,2026-05-31T22:15:00+0200,154.14,MW,DE,DE_LU,forecast_offshore_wind_generation,Wind Offshore,2026-06-13T19:07:25Z
2026-06-13T19:05:16Z,2026-06-13T21:05:16+0200,9460a2c8-fa12-4ac2-aa07-8ee932688218,2026-05-31T20:30:00Z,2026-05-31T22:30:00+0200,166.58,MW,DE,DE_LU,forecast_offshore_wind_generation,Wind Offshore,2026-06-13T19:07:25Z
2026-06-13T19:05:16Z,2026-06-13T21:05:16+0200,9460a2c8-fa12-4ac2-aa07-8ee932688218,2026-05-31T20:45:00Z,2026-05-31T22:45:00+0200,172.5,MW,DE,DE_LU,forecast_offshore_wind_generation,Wind Offshore,2026-06-13T19:07:25Z
2026-06-13T19:05:16Z,2026-06-13T21:05:16+0200,9460a2c8-fa12-4ac2-aa07-8ee932688218,2026-05-31T21:00:00Z,2026-05-31T23:00:00+0200,190.8,MW,DE,DE_LU,forecast_offshore_wind_generation,Wind Offshore,2026-06-13T19:07:25Z
2026-06-13T19:05:16Z,2026-06-13T21:05:16+0200,9460a2c8-fa12-4ac2-aa07-8ee932688218,2026-05-31T21:15:00Z,2026-05-31T23:15:00+0200,219.24,MW,DE,DE_LU,forecast_offshore_wind_generation,Wind Offshore,2026-06-13T19:07:25Z
2026-06-13T19:05:16Z,2026-06-13T21:05:16+0200,9460a2c8-fa12-4ac2-aa07-8ee932688218,2026-05-31T21:30:00Z,2026-05-31T23:30:00+0200,248.84,MW,DE,DE_LU,forecast_offshore_wind_generation,Wind Offshore,2026-06-13T19:07:25Z
2026-06-13T19:05:16Z,2026-06-13T21:05:16+0200,9460a2c8-fa12-4ac2-aa07-8ee932688218,2026-05-31T21:45:00Z,2026-05-31T23:45:00+0200,270.54,MW,DE,DE_LU,forecast_offshore_wind_generation,Wind Offshore,2026-06-13T19:07:25Z
2026-06-13T19:05:16Z,2026-06-13T21:05:16+0200,9460a2c8-fa12-4ac2-aa07-8ee932688218,2026-05-31T22:00:00Z,2026-06-01T00:00:00+0200,66.03,MW,DE,DE_LU,forecast_offshore_wind_generation,Wind Offshore,2026-06-13T19:07:25Z
2026-06-13T19:05:16Z,2026-06-13T21:05:16+0200,9460a2c8-fa12-4ac2-aa07-8ee932688218,2026-05-31T22:15:00Z,2026-06-01T00:15:00+0200,79.04,MW,DE,DE_LU,forecast_offshore_wind_generation,Wind Offshore,2026-06-13T19:07:25Z
2026-06-13T19:05:16Z,2026-06-13T21:05:16+0200,9460a2c8-fa12-4ac2-aa07-8ee932688218,2026-05-31T22:30:00Z,2026-06-01T00:30:00+0200,92.06,MW,DE,DE_LU,forecast_offshore_wind_generation,Wind Offshore,2026-06-13T19:07:25Z
2026-06-13T19:05:16Z,2026-06-13T21:05:16+0200,9460a2c8-fa12-4ac2-aa07-8ee932688218,2026-05-31T22:45:00Z,2026-06-01T00:45:00+0200,109.09,MW,DE,DE_LU,forecast_offshore_wind_generation,Wind Offshore,2026-06-13T19:07:25Z
2026-06-13T19:05:16Z,2026-06-13T21:05:16+0200,9460a2c8-fa12-4ac2-aa07-8ee932688218,2026-05-31T23:00:00Z,2026-06-01T01:00:00+0200,127.09,MW,DE,DE_LU,forecast_offshore_wind_generation,Wind Offshore,2026-06-13T19:07:25Z
2026-06-13T19:05:16Z,2026-06-13T21:05:16+0200,9460a2c8-fa12-4ac2-aa07-8ee932688218,2026-05-31T23:15:00Z,2026-06-01T01:15:00+0200,147.66,MW,DE,DE_LU,forecast_offshore_wind_generation,Wind Offshore,2026-06-13T19:07:25Z
2026-06-13T19:05:16Z,2026-06-13T21:05:16+0200,9460a2c8-fa12-4ac2-aa07-8ee932688218,2026-05-31T23:30:00Z,2026-06-01T01:30:00+0200,176.22,MW,DE,DE_LU,forecast_offshore_wind_generation,Wind Offshore,2026-06-13T19:07:25Z
2026-06-13T19:05:16Z,2026-06-13T21:05:16+0200,9460a2c8-fa12-4ac2-aa07-8ee932688218,2026-05-31T23:45:00Z,2026-06-01T01:45:00+0200,198.91,MW,DE,DE_LU,forecast_offshore_wind_generation,Wind Offshore,2026-06-13T19:07:25Z
2026-06-13T19:05:16Z,2026-06-13T21:05:16+0200,9460a2c8-fa12-4ac2-aa07-8ee932688218,2026-06-01T00:00:00Z,2026-06-01T02:00:00+0200,222.77,MW,DE,DE_LU,forecast_offshore_wind_generation,Wind Offshore,2026-06-13T19:07:25Z
2026-06-13T19:05:16Z,2026-06-13T21:05:16+0200,9460a2c8-fa12-4ac2-aa07-8ee932688218,2026-06-01T00:15:00Z,2026-06-01T02:15:00+0200,252.87,MW,DE,DE_LU,forecast_offshore_wind_generation,Wind Offshore,2026-06-13T19:07:25Z
2026-06-13T19:05:16Z,2026-06-13T21:05:16+0200,9460a2c8-fa12-4ac2-aa07-8ee932688218,2026-06-01T00:30:00Z,2026-06-01T02:30:00+0200,282.96,MW,DE,DE_LU,forecast_offshore_wind_generation,Wind Offshore,2026-06-13T19:07:25Z
2026-06-13T19:05:16Z,2026-06-13T21:05:16+0200,9460a2c8-fa12-4ac2-aa07-8ee932688218,2026-06-01T00:45:00Z,2026-06-01T02:45:00+0200,316.06,MW,DE,DE_LU,forecast_offshore_wind_generation,Wind Offshore,2026-06-13T19:07:25Z
2026-06-13T19:05:16Z,2026-06-13T21:05:16+0200,9460a2c8-fa12-4ac2-aa07-8ee932688218,2026-06-01T01:00:00Z,2026-06-01T03:00:00+0200,343.26,MW,DE,DE_LU,forecast_offshore_wind_generation,Wind Offshore,2026-06-13T19:07:25Z
2026-06-13T19:05:16Z,2026-06-13T21:05:16+0200,9460a2c8-fa12-4ac2-aa07-8ee932688218,2026-06-01T01:15:00Z,2026-06-01T03:15:00+0200,362.72,MW,DE,DE_LU,forecast_offshore_wind_generation,Wind Offshore,2026-06-13T19:07:25Z
2026-06-13T19:05:16Z,2026-06-13T21:05:16+0200,9460a2c8-fa12-4ac2-aa07-8ee932688218,2026-06-01T01:30:00Z,2026-06-01T03:30:00+0200,381.19,MW,DE,DE_LU,forecast_offshore_wind_generation,Wind Offshore,2026-06-13T19:07:25Z
2026-06-13T19:05:16Z,2026-06-13T21:05:16+0200,9460a2c8-fa12-4ac2-aa07-8ee932688218,2026-06-01T01:45:00Z,2026-06-01T03:45:00+0200,401.72,MW,DE,DE_LU,forecast_offshore_wind_generation,Wind Offshore,2026-06-13T19:07:25Z
2026-06-13T19:05:16Z,2026-06-13T21:05:16+0200,9460a2c8-fa12-4ac2-aa07-8ee932688218,2026-06-01T02:00:00Z,2026-06-01T04:00:00+0200,414.3,MW,DE,DE_LU,forecast_offshore_wind_generation,Wind Offshore,2026-06-13T19:07:25Z
2026-06-13T19:05:16Z,2026-06-13T21:05:16+0200,9460a2c8-fa12-4ac2-aa07-8ee932688218,2026-06-01T02:15:00Z,2026-06-01T04:15:00+0200,411.57,MW,DE,DE_LU,forecast_offshore_wind_generation,Wind Offshore,2026-06-13T19:07:25Z
2026-06-13T19:05:16Z,2026-06-13T21:05:16+0200,9460a2c8-fa12-4ac2-aa07-8ee932688218,2026-06-01T02:30:00Z,2026-06-01T04:30:00+0200,407.08,MW,DE,DE_LU,forecast_offshore_wind_generation,Wind Offshore,2026-06-13T19:07:25Z
2026-06-13T19:05:16Z,2026-06-13T21:05:16+0200,9460a2c8-fa12-4ac2-aa07-8ee932688218,2026-06-01T02:45:00Z,2026-06-01T04:45:00+0200,409.47,MW,DE,DE_LU,forecast_offshore_wind_generation,Wind Offshore,2026-06-13T19:07:25Z
2026-06-13T19:05:16Z,2026-06-13T21:05:16+0200,9460a2c8-fa12-4ac2-aa07-8ee932688218,2026-06-01T03:00:00Z,2026-06-01T05:00:00+0200,400.71,MW,DE,DE_LU,forecast_offshore_wind_generation,Wind Offshore,2026-06-13T19:07:25Z
2026-06-13T19:05:16Z,2026-06-13T21:05:16+0200,9460a2c8-fa12-4ac2-aa07-8ee932688218,2026-06-01T03:15:00Z,2026-06-01T05:15:00+0200,389.36,MW,DE,DE_LU,forecast_offshore_wind_generation,Wind Offshore,2026-06-13T19:07:25Z
2026-06-13T19:05:16Z,2026-06-13T21:05:16+0200,9460a2c8-fa12-4ac2-aa07-8ee932688218,2026-06-01T03:30:00Z,2026-06-01T05:30:00+0200,378.95,MW,DE,DE_LU,forecast_offshore_wind_generation,Wind Offshore,2026-06-13T19:07:25Z
2026-06-13T19:05:16Z,2026-06-13T21:05:16+0200,9460a2c8-fa12-4ac2-aa07-8ee932688218,2026-06-01T03:45:00Z,2026-06-01T05:45:00+0200,364.55,MW,DE,DE_LU,forecast_offshore_wind_generation,Wind Offshore,2026-06-13T19:07:25Z
2026-06-13T19:05:16Z,2026-06-13T21:05:16+0200,9460a2c8-fa12-4ac2-aa07-8ee932688218,2026-06-01T04:00:00Z,2026-06-01T06:00:00+0200,348.15,MW,DE,DE_LU,forecast_offshore_wind_generation,Wind Offshore,2026-06-13T19:07:25Z
2026-06-13T19:05:16Z,2026-06-13T21:05:16+0200,9460a2c8-fa12-4ac2-aa07-8ee932688218,2026-06-01T04:15:00Z,2026-06-01T06:15:00+0200,335.63,MW,DE,DE_LU,forecast_offshore_wind_generation,Wind Offshore,2026-06-13T19:07:25Z
2026-06-13T19:05:16Z,2026-06-13T21:05:16+0200,9460a2c8-fa12-4ac2-aa07-8ee932688218,2026-06-01T04:30:00Z,2026-06-01T06:30:00+0200,321.12,MW,DE,DE_LU,forecast_offshore_wind_generation,Wind Offshore,2026-06-13T19:07:25Z
2026-06-13T19:05:16Z,2026-06-13T21:05:16+0200,9460a2c8-fa12-4ac2-aa07-8ee932688218,2026-06-01T04:45:00Z,2026-06-01T06:45:00+0200,303.6,MW,DE,DE_LU,forecast_offshore_wind_generation,Wind Offshore,2026-06-13T19:07:25Z
2026-06-13T19:05:16Z,2026-06-13T21:05:16+0200,9460a2c8-fa12-4ac2-aa07-8ee932688218,2026-06-01T05:00:00Z,2026-06-01T07:00:00+0200,285.16,MW,DE,DE_LU,forecast_offshore_wind_generation,Wind Offshore,2026-06-13T19:07:25Z
2026-06-13T19:05:16Z,2026-06-13T21:05:16+0200,9460a2c8-fa12-4ac2-aa07-8ee932688218,2026-06-01T05:15:00Z,2026-06-01T07:15:00+0200,272.21,MW,DE,DE_LU,forecast_offshore_wind_generation,Wind Offshore,2026-06-13T19:07:25Z
2026-06-13T19:05:16Z,2026-06-13T21:05:16+0200,9460a2c8-fa12-4ac2-aa07-8ee932688218,2026-06-01T05:30:00Z,2026-06-01T07:30:00+0200,262.34,MW,DE,DE_LU,forecast_offshore_wind_generation,Wind Offshore,2026-06-13T19:07:25Z
2026-06-13T19:05:16Z,2026-06-13T21:05:16+0200,9460a2c8-fa12-4ac2-aa07-8ee932688218,2026-06-01T05:45:00Z,2026-06-01T07:45:00+0200,251.66,MW,DE,DE_LU,forecast_offshore_wind_generation,Wind Offshore,2026-06-13T19:07:25Z
2026-06-13T19:05:16Z,2026-06-13T21:05:16+0200,9460a2c8-fa12-4ac2-aa07-8ee932688218,2026-06-01T06:00:00Z,2026-06-01T08:00:00+0200,239.59,MW,DE,DE_LU,forecast_offshore_wind_generation,Wind Offshore,2026-06-13T19:07:25Z
2026-06-13T19:05:16Z,2026-06-13T21:05:16+0200,9460a2c8-fa12-4ac2-aa07-8ee932688218,2026-06-01T06:15:00Z,2026-06-01T08:15:00+0200,228.92,MW,DE,DE_LU,forecast_offshore_wind_generation,Wind Offshore,2026-06-13T19:07:25Z
2026-06-13T19:05:16Z,2026-06-13T21:05:16+0200,9460a2c8-fa12-4ac2-aa07-8ee932688218,2026-06-01T06:30:00Z,2026-06-01T08:30:00+0200,222.3,MW,DE,DE_LU,forecast_offshore_wind_generation,Wind Offshore,2026-06-13T19:07:25Z
2026-06-13T19:05:16Z,2026-06-13T21:05:16+0200,9460a2c8-fa12-4ac2-aa07-8ee932688218,2026-06-01T06:45:00Z,2026-06-01T08:45:00+0200,216.67,MW,DE,DE_LU,forecast_offshore_wind_generation,Wind Offshore,2026-06-13T19:07:25Z
2026-06-13T19:05:16Z,2026-06-13T21:05:16+0200,9460a2c8-fa12-4ac2-aa07-8ee932688218,2026-06-01T07:00:00Z,2026-06-01T09:00:00+0200,207.9,MW,DE,DE_LU,forecast_offshore_wind_generation,Wind Offshore,2026-06-13T19:07:25Z
2026-06-13T19:05:16Z,2026-06-13T21:05:16+0200,9460a2c8-fa12-4ac2-aa07-8ee932688218,2026-06-01T07:15:00Z,2026-06-01T09:15:00+0200,204.52,MW,DE,DE_LU,forecast_offshore_wind_generation,Wind Offshore,2026-06-13T19:07:25Z
2026-06-13T19:05:16Z,2026-06-13T21:05:16+0200,9460a2c8-fa12-4ac2-aa07-8ee932688218,2026-06-01T07:30:00Z,2026-06-01T09:30:00+0200,198.08,MW,DE,DE_LU,forecast_offshore_wind_generation,Wind Offshore,2026-06-13T19:07:25Z
2026-06-13T19:05:16Z,2026-06-13T21:05:16+0200,9460a2c8-fa12-4ac2-aa07-8ee932688218,2026-06-01T07:45:00Z,2026-06-01T09:45:00+0200,194.67,MW,DE,DE_LU,forecast_offshore_wind_generation,Wind Offshore,2026-06-13T19:07:25Z
2026-06-13T19:05:16Z,2026-06-13T21:05:16+0200,9460a2c8-fa12-4ac2-aa07-8ee932688218,2026-06-01T08:00:00Z,2026-06-01T10:00:00+0200,197.26,MW,DE,DE_LU,forecast_offshore_wind_generation,Wind Offshore,2026-06-13T19:07:25Z
2026-06-13T19:05:16Z,2026-06-13T21:05:16+0200,9460a2c8-fa12-4ac2-aa07-8ee932688218,2026-06-01T08:15:00Z,2026-06-01T10:15:00+0200,200.62,MW,DE,DE_LU,forecast_offshore_wind_generation,Wind Offshore,2026-06-13T19:07:25Z
2026-06-13T19:05:16Z,2026-06-13T21:05:16+0200,9460a2c8-fa12-4ac2-aa07-8ee932688218,2026-06-01T08:30:00Z,2026-06-01T10:30:00+0200,204.12,MW,DE,DE_LU,forecast_offshore_wind_generation,Wind Offshore,2026-06-13T19:07:25Z
2026-06-13T19:05:16Z,2026-06-13T21:05:16+0200,9460a2c8-fa12-4ac2-aa07-8ee932688218,2026-06-01T08:45:00Z,2026-06-01T10:45:00+0200,205.63,MW,DE,DE_LU,forecast_offshore_wind_generation,Wind Offshore,2026-06-13T19:07:25Z
2026-06-13T19:05:16Z,2026-06-13T21:05:16+0200,9460a2c8-fa12-4ac2-aa07-8ee932688218,2026-06-01T09:00:00Z,2026-06-01T11:00:00+0200,208.38,MW,DE,DE_LU,forecast_offshore_wind_generation,Wind Offshore,2026-06-13T19:07:25Z
2026-06-13T19:05:16Z,2026-06-13T21:05:16+0200,9460a2c8-fa12-4ac2-aa07-8ee932688218,2026-06-01T09:15:00Z,2026-06-01T11:15:00+0200,222.38,MW,DE,DE_LU,forecast_offshore_wind_generation,Wind Offshore,2026-06-13T19:07:25Z
2026-06-13T19:05:16Z,2026-06-13T21:05:16+0200,9460a2c8-fa12-4ac2-aa07-8ee932688218,2026-06-01T09:30:00Z,2026-06-01T11:30:00+0200,239.5,MW,DE,DE_LU,forecast_offshore_wind_generation,Wind Offshore,2026-06-13T19:07:25Z
2026-06-13T19:05:16Z,2026-06-13T21:05:16+0200,9460a2c8-fa12-4ac2-aa07-8ee932688218,2026-06-01T09:45:00Z,2026-06-01T11:45:00+0200,254.71,MW,DE,DE_LU,forecast_offshore_wind_generation,Wind Offshore,2026-06-13T19:07:25Z
2026-06-13T19:05:16Z,2026-06-13T21:05:16+0200,9460a2c8-fa12-4ac2-aa07-8ee932688218,2026-06-01T10:00:00Z,2026-06-01T12:00:00+0200,270.47,MW,DE,DE_LU,forecast_offshore_wind_generation,Wind Offshore,2026-06-13T19:07:25Z
2026-06-13T19:05:16Z,2026-06-13T21:05:16+0200,9460a2c8-fa12-4ac2-aa07-8ee932688218,2026-06-01T10:15:00Z,2026-06-01T12:15:00+0200,289.65,MW,DE,DE_LU,forecast_offshore_wind_generation,Wind Offshore,2026-06-13T19:07:25Z
2026-06-13T19:05:16Z,2026-06-13T21:05:16+0200,9460a2c8-fa12-4ac2-aa07-8ee932688218,2026-06-01T10:30:00Z,2026-06-01T12:30:00+0200,313.75,MW,DE,DE_LU,forecast_offshore_wind_generation,Wind Offshore,2026-06-13T19:07:25Z
2026-06-13T19:05:16Z,2026-06-13T21:05:16+0200,9460a2c8-fa12-4ac2-aa07-8ee932688218,2026-06-01T10:45:00Z,2026-06-01T12:45:00+0200,337.73,MW,DE,DE_LU,forecast_offshore_wind_generation,Wind Offshore,2026-06-13T19:07:25Z
2026-06-13T19:05:16Z,2026-06-13T21:05:16+0200,9460a2c8-fa12-4ac2-aa07-8ee932688218,2026-06-01T11:00:00Z,2026-06-01T13:00:00+0200,353.06,MW,DE,DE_LU,forecast_offshore_wind_generation,Wind Offshore,2026-06-13T19:07:25Z
2026-06-13T19:05:16Z,2026-06-13T21:05:16+0200,9460a2c8-fa12-4ac2-aa07-8ee932688218,2026-06-01T11:15:00Z,2026-06-01T13:15:00+0200,359.64,MW,DE,DE_LU,forecast_offshore_wind_generation,Wind Offshore,2026-06-13T19:07:25Z
2026-06-13T19:05:16Z,2026-06-13T21:05:16+0200,9460a2c8-fa12-4ac2-aa07-8ee932688218,2026-06-01T11:30:00Z,2026-06-01T13:30:00+0200,371.43,MW,DE,DE_LU,forecast_offshore_wind_generation,Wind Offshore,2026-06-13T19:07:25Z
2026-06-13T19:05:16Z,2026-06-13T21:05:16+0200,9460a2c8-fa12-4ac2-aa07-8ee932688218,2026-06-01T11:45:00Z,2026-06-01T13:45:00+0200,379.21,MW,DE,DE_LU,forecast_offshore_wind_generation,Wind Offshore,2026-06-13T19:07:25Z
2026-06-13T19:05:16Z,2026-06-13T21:05:16+0200,9460a2c8-fa12-4ac2-aa07-8ee932688218,2026-06-01T12:00:00Z,2026-06-01T14:00:00+0200,385.0,MW,DE,DE_LU,forecast_offshore_wind_generation,Wind Offshore,2026-06-13T19:07:25Z
2026-06-13T19:05:16Z,2026-06-13T21:05:16+0200,9460a2c8-fa12-4ac2-aa07-8ee932688218,2026-06-01T12:15:00Z,2026-06-01T14:15:00+0200,379.58,MW,DE,DE_LU,forecast_offshore_wind_generation,Wind Offshore,2026-06-13T19:07:25Z
2026-06-13T19:05:16Z,2026-06-13T21:05:16+0200,9460a2c8-fa12-4ac2-aa07-8ee932688218,2026-06-01T12:30:00Z,2026-06-01T14:30:00+0200,380.26,MW,DE,DE_LU,forecast_offshore_wind_generation,Wind Offshore,2026-06-13T19:07:25Z
2026-06-13T19:05:16Z,2026-06-13T21:05:16+0200,9460a2c8-fa12-4ac2-aa07-8ee932688218,2026-06-01T12:45:00Z,2026-06-01T14:45:00+0200,381.08,MW,DE,DE_LU,forecast_offshore_wind_generation,Wind Offshore,2026-06-13T19:07:25Z
2026-06-13T19:05:16Z,2026-06-13T21:05:16+0200,9460a2c8-fa12-4ac2-aa07-8ee932688218,2026-06-01T13:00:00Z,2026-06-01T15:00:00+0200,380.1,MW,DE,DE_LU,forecast_offshore_wind_generation,Wind Offshore,2026-06-13T19:07:25Z
2026-06-13T19:05:16Z,2026-06-13T21:05:16+0200,9460a2c8-fa12-4ac2-aa07-8ee932688218,2026-06-01T13:15:00Z,2026-06-01T15:15:00+0200,371.91,MW,DE,DE_LU,forecast_offshore_wind_generation,Wind Offshore,2026-06-13T19:07:25Z
2026-06-13T19:05:16Z,2026-06-13T21:05:16+0200,9460a2c8-fa12-4ac2-aa07-8ee932688218,2026-06-01T13:30:00Z,2026-06-01T15:30:00+0200,364.54,MW,DE,DE_LU,forecast_offshore_wind_generation,Wind Offshore,2026-06-13T19:07:25Z
2026-06-13T19:05:16Z,2026-06-13T21:05:16+0200,9460a2c8-fa12-4ac2-aa07-8ee932688218,2026-06-01T13:45:00Z,2026-06-01T15:45:00+0200,358.2,MW,DE,DE_LU,forecast_offshore_wind_generation,Wind Offshore,2026-06-13T19:07:25Z
2026-06-13T19:05:16Z,2026-06-13T21:05:16+0200,9460a2c8-fa12-4ac2-aa07-8ee932688218,2026-06-01T14:00:00Z,2026-06-01T16:00:00+0200,355.1,MW,DE,DE_LU,forecast_offshore_wind_generation,Wind Offshore,2026-06-13T19:07:25Z
2026-06-13T19:05:16Z,2026-06-13T21:05:16+0200,9460a2c8-fa12-4ac2-aa07-8ee932688218,2026-06-01T14:15:00Z,2026-06-01T16:15:00+0200,336.09,MW,DE,DE_LU,forecast_offshore_wind_generation,Wind Offshore,2026-06-13T19:07:25Z
2026-06-13T19:05:16Z,2026-06-13T21:05:16+0200,9460a2c8-fa12-4ac2-aa07-8ee932688218,2026-06-01T14:30:00Z,2026-06-01T16:30:00+0200,325.51,MW,DE,DE_LU,forecast_offshore_wind_generation,Wind Offshore,2026-06-13T19:07:25Z
2026-06-13T19:05:16Z,2026-06-13T21:05:16+0200,9460a2c8-fa12-4ac2-aa07-8ee932688218,2026-06-01T14:45:00Z,2026-06-01T16:45:00+0200,310.32,MW,DE,DE_LU,forecast_offshore_wind_generation,Wind Offshore,2026-06-13T19:07:25Z
2026-06-13T19:05:16Z,2026-06-13T21:05:16+0200,9460a2c8-fa12-4ac2-aa07-8ee932688218,2026-06-01T15:00:00Z,2026-06-01T17:00:00+0200,300.56,MW,DE,DE_LU,forecast_offshore_wind_generation,Wind Offshore,2026-06-13T19:07:25Z
2026-06-13T19:05:16Z,2026-06-13T21:05:16+0200,9460a2c8-fa12-4ac2-aa07-8ee932688218,2026-06-01T15:15:00Z,2026-06-01T17:15:00+0200,288.6,MW,DE,DE_LU,forecast_offshore_wind_generation,Wind Offshore,2026-06-13T19:07:25Z
2026-06-13T19:05:16Z,2026-06-13T21:05:16+0200,9460a2c8-fa12-4ac2-aa07-8ee932688218,2026-06-01T15:30:00Z,2026-06-01T17:30:00+0200,283.68,MW,DE,DE_LU,forecast_offshore_wind_generation,Wind Offshore,2026-06-13T19:07:25Z
2026-06-13T19:05:16Z,2026-06-13T21:05:16+0200,9460a2c8-fa12-4ac2-aa07-8ee932688218,2026-06-01T15:45:00Z,2026-06-01T17:45:00+0200,274.52,MW,DE,DE_LU,forecast_offshore_wind_generation,Wind Offshore,2026-06-13T19:07:25Z
2026-06-13T19:05:16Z,2026-06-13T21:05:16+0200,9460a2c8-fa12-4ac2-aa07-8ee932688218,2026-06-01T16:00:00Z,2026-06-01T18:00:00+0200,262.86,MW,DE,DE_LU,forecast_offshore_wind_generation,Wind Offshore,2026-06-13T19:07:25Z
2026-06-13T19:05:16Z,2026-06-13T21:05:16+0200,9460a2c8-fa12-4ac2-aa07-8ee932688218,2026-06-01T16:15:00Z,2026-06-01T18:15:00+0200,256.57,MW,DE,DE_LU,forecast_offshore_wind_generation,Wind Offshore,2026-06-13T19:07:25Z
2026-06-13T19:05:16Z,2026-06-13T21:05:16+0200,9460a2c8-fa12-4ac2-aa07-8ee932688218,2026-06-01T16:30:00Z,2026-06-01T18:30:00+0200,247.73,MW,DE,DE_LU,forecast_offshore_wind_generation,Wind Offshore,2026-06-13T19:07:25Z
2026-06-13T19:05:16Z,2026-06-13T21:05:16+0200,9460a2c8-fa12-4ac2-aa07-8ee932688218,2026-06-01T16:45:00Z,2026-06-01T18:45:00+0200,239.45,MW,DE,DE_LU,forecast_offshore_wind_generation,Wind Offshore,2026-06-13T19:07:25Z
2026-06-13T19:05:16Z,2026-06-13T21:05:16+0200,9460a2c8-fa12-4ac2-aa07-8ee932688218,2026-06-01T17:00:00Z,2026-06-01T19:00:00+0200,233.04,MW,DE,DE_LU,forecast_offshore_wind_generation,Wind Offshore,2026-06-13T19:07:25Z
2026-06-13T19:05:16Z,2026-06-13T21:05:16+0200,9460a2c8-fa12-4ac2-aa07-8ee932688218,2026-06-01T17:15:00Z,2026-06-01T19:15:00+0200,227.68,MW,DE,DE_LU,forecast_offshore_wind_generation,Wind Offshore,2026-06-13T19:07:25Z
2026-06-13T19:05:16Z,2026-06-13T21:05:16+0200,9460a2c8-fa12-4ac2-aa07-8ee932688218,2026-06-01T17:30:00Z,2026-06-01T19:30:00+0200,222.29,MW,DE,DE_LU,forecast_offshore_wind_generation,Wind Offshore,2026-06-13T19:07:25Z
2026-06-13T19:05:16Z,2026-06-13T21:05:16+0200,9460a2c8-fa12-4ac2-aa07-8ee932688218,2026-06-01T17:45:00Z,2026-06-01T19:45:00+0200,217.85,MW,DE,DE_LU,forecast_offshore_wind_generation,Wind Offshore,2026-06-13T19:07:25Z
2026-06-13T19:05:16Z,2026-06-13T21:05:16+0200,9460a2c8-fa12-4ac2-aa07-8ee932688218,2026-06-01T18:00:00Z,2026-06-01T20:00:00+0200,212.08,MW,DE,DE_LU,forecast_offshore_wind_generation,Wind Offshore,2026-06-13T19:07:25Z
2026-06-13T19:05:16Z,2026-06-13T21:05:16+0200,9460a2c8-fa12-4ac2-aa07-8ee932688218,2026-06-01T18:15:00Z,2026-06-01T20:15:00+0200,215.77,MW,DE,DE_LU,forecast_offshore_wind_generation,Wind Offshore,2026-06-13T19:07:25Z
2026-06-13T19:05:16Z,2026-06-13T21:05:16+0200,9460a2c8-fa12-4ac2-aa07-8ee932688218,2026-06-01T18:30:00Z,2026-06-01T20:30:00+0200,225.42,MW,DE,DE_LU,forecast_offshore_wind_generation,Wind Offshore,2026-06-13T19:07:25Z
2026-06-13T19:05:16Z,2026-06-13T21:05:16+0200,9460a2c8-fa12-4ac2-aa07-8ee932688218,2026-06-01T18:45:00Z,2026-06-01T20:45:00+0200,230.84,MW,DE,DE_LU,forecast_offshore_wind_generation,Wind Offshore,2026-06-13T19:07:25Z
2026-06-13T19:05:16Z,2026-06-13T21:05:16+0200,9460a2c8-fa12-4ac2-aa07-8ee932688218,2026-06-01T19:00:00Z,2026-06-01T21:00:00+0200,239.93,MW,DE,DE_LU,forecast_offshore_wind_generation,Wind Offshore,2026-06-13T19:07:25Z
2026-06-13T19:05:16Z,2026-06-13T21:05:16+0200,9460a2c8-fa12-4ac2-aa07-8ee932688218,2026-06-01T19:15:00Z,2026-06-01T21:15:00+0200,251.87,MW,DE,DE_LU,forecast_offshore_wind_generation,Wind Offshore,2026-06-13T19:07:25Z
2026-06-13T19:05:16Z,2026-06-13T21:05:16+0200,9460a2c8-fa12-4ac2-aa07-8ee932688218,2026-06-01T19:30:00Z,2026-06-01T21:30:00+0200,277.61,MW,DE,DE_LU,forecast_offshore_wind_generation,Wind Offshore,2026-06-13T19:07:25Z
2026-06-13T19:05:16Z,2026-06-13T21:05:16+0200,9460a2c8-fa12-4ac2-aa07-8ee932688218,2026-06-01T19:45:00Z,2026-06-01T21:45:00+0200,294.81,MW,DE,DE_LU,forecast_offshore_wind_generation,Wind Offshore,2026-06-13T19:07:25Z
2026-06-13T19:05:16Z,2026-06-13T21:05:16+0200,9460a2c8-fa12-4ac2-aa07-8ee932688218,2026-06-01T20:00:00Z,2026-06-01T22:00:00+0200,324.92,MW,DE,DE_LU,forecast_offshore_wind_generation,Wind Offshore,2026-06-13T19:07:25Z
2026-06-13T19:05:16Z,2026-06-13T21:05:16+0200,9460a2c8-fa12-4ac2-aa07-8ee932688218,2026-06-01T20:15:00Z,2026-06-01T22:15:00+0200,383.25,MW,DE,DE_LU,forecast_offshore_wind_generation,Wind Offshore,2026-06-13T19:07:25Z
2026-06-13T19:05:16Z,2026-06-13T21:05:16+0200,9460a2c8-fa12-4ac2-aa07-8ee932688218,2026-06-01T20:30:00Z,2026-06-01T22:30:00+0200,433.51,MW,DE,DE_LU,forecast_offshore_wind_generation,Wind Offshore,2026-06-13T19:07:25Z
2026-06-13T19:05:16Z,2026-06-13T21:05:16+0200,9460a2c8-fa12-4ac2-aa07-8ee932688218,2026-06-01T20:45:00Z,2026-06-01T22:45:00+0200,488.83,MW,DE,DE_LU,forecast_offshore_wind_generation,Wind Offshore,2026-06-13T19:07:25Z
2026-06-13T19:05:16Z,2026-06-13T21:05:16+0200,9460a2c8-fa12-4ac2-aa07-8ee932688218,2026-06-01T21:00:00Z,2026-06-01T23:00:00+0200,546.89,MW,DE,DE_LU,forecast_offshore_wind_generation,Wind Offshore,2026-06-13T19:07:25Z
2026-06-13T19:05:16Z,2026-06-13T21:05:16+0200,9460a2c8-fa12-4ac2-aa07-8ee932688218,2026-06-01T21:15:00Z,2026-06-01T23:15:00+0200,615.26,MW,DE,DE_LU,forecast_offshore_wind_generation,Wind Offshore,2026-06-13T19:07:25Z
2026-06-13T19:05:16Z,2026-06-13T21:05:16+0200,9460a2c8-fa12-4ac2-aa07-8ee932688218,2026-06-01T21:30:00Z,2026-06-01T23:30:00+0200,685.06,MW,DE,DE_LU,forecast_offshore_wind_generation,Wind Offshore,2026-06-13T19:07:25Z
2026-06-13T19:05:16Z,2026-06-13T21:05:16+0200,9460a2c8-fa12-4ac2-aa07-8ee932688218,2026-06-01T21:45:00Z,2026-06-01T23:45:00+0200,760.18,MW,DE,DE_LU,forecast_offshore_wind_generation,Wind Offshore,2026-06-13T19:07:25Z
2026-06-13T19:05:16Z,2026-06-13T21:05:16+0200,9460a2c8-fa12-4ac2-aa07-8ee932688218,2026-06-01T22:00:00Z,2026-06-02T00:00:00+0200,1431.92,MW,DE,DE_LU,forecast_offshore_wind_generation,Wind Offshore,2026-06-13T19:07:25Z
2026-06-13T19:05:16Z,2026-06-13T21:05:16+0200,9460a2c8-fa12-4ac2-aa07-8ee932688218,2026-06-01T22:15:00Z,2026-06-02T00:15:00+0200,1536.84,MW,DE,DE_LU,forecast_offshore_wind_generation,Wind Offshore,2026-06-13T19:07:25Z
2026-06-13T19:05:16Z,2026-06-13T21:05:16+0200,9460a2c8-fa12-4ac2-aa07-8ee932688218,2026-06-01T22:30:00Z,2026-06-02T00:30:00+0200,1639.72,MW,DE,DE_LU,forecast_offshore_wind_generation,Wind Offshore,2026-06-13T19:07:25Z
2026-06-13T19:05:16Z,2026-06-13T21:05:16+0200,9460a2c8-fa12-4ac2-aa07-8ee932688218,2026-06-01T22:45:00Z,2026-06-02T00:45:00+0200,1739.7,MW,DE,DE_LU,forecast_offshore_wind_generation,Wind Offshore,2026-06-13T19:07:25Z
2026-06-13T19:05:16Z,2026-06-13T21:05:16+0200,9460a2c8-fa12-4ac2-aa07-8ee932688218,2026-06-01T23:00:00Z,2026-06-02T01:00:00+0200,1842.6,MW,DE,DE_LU,forecast_offshore_wind_generation,Wind Offshore,2026-06-13T19:07:25Z
2026-06-13T19:05:16Z,2026-06-13T21:05:16+0200,9460a2c8-fa12-4ac2-aa07-8ee932688218,2026-06-01T23:15:00Z,2026-06-02T01:15:00+0200,1937.4,MW,DE,DE_LU,forecast_offshore_wind_generation,Wind Offshore,2026-06-13T19:07:25Z
2026-06-13T19:05:16Z,2026-06-13T21:05:16+0200,9460a2c8-fa12-4ac2-aa07-8ee932688218,2026-06-01T23:30:00Z,2026-06-02T01:30:00+0200,2036.22,MW,DE,DE_LU,forecast_offshore_wind_generation,Wind Offshore,2026-06-13T19:07:25Z
2026-06-13T19:05:16Z,2026-06-13T21:05:16+0200,9460a2c8-fa12-4ac2-aa07-8ee932688218,2026-06-01T23:45:00Z,2026-06-02T01:45:00+0200,2126.92,MW,DE,DE_LU,forecast_offshore_wind_generation,Wind Offshore,2026-06-13T19:07:25Z
2026-06-13T19:05:16Z,2026-06-13T21:05:16+0200,9460a2c8-fa12-4ac2-aa07-8ee932688218,2026-06-02T00:00:00Z,2026-06-02T02:00:00+0200,2213.31,MW,DE,DE_LU,forecast_offshore_wind_generation,Wind Offshore,2026-06-13T19:07:25Z
2026-06-13T19:05:16Z,2026-06-13T21:05:16+0200,9460a2c8-fa12-4ac2-aa07-8ee932688218,2026-06-02T00:15:00Z,2026-06-02T02:15:00+0200,2279.02,MW,DE,DE_LU,forecast_offshore_wind_generation,Wind Offshore,2026-06-13T19:07:25Z
2026-06-13T19:05:16Z,2026-06-13T21:05:16+0200,9460a2c8-fa12-4ac2-aa07-8ee932688218,2026-06-02T00:30:00Z,2026-06-02T02:30:00+0200,2347.79,MW,DE,DE_LU,forecast_offshore_wind_generation,Wind Offshore,2026-06-13T19:07:25Z
2026-06-13T19:05:16Z,2026-06-13T21:05:16+0200,9460a2c8-fa12-4ac2-aa07-8ee932688218,2026-06-02T00:45:00Z,2026-06-02T02:45:00+0200,2424.57,MW,DE,DE_LU,forecast_offshore_wind_generation,Wind Offshore,2026-06-13T19:07:25Z
2026-06-13T19:05:16Z,2026-06-13T21:05:16+0200,9460a2c8-fa12-4ac2-aa07-8ee932688218,2026-06-02T01:00:00Z,2026-06-02T03:00:00+0200,2496.1,MW,DE,DE_LU,forecast_offshore_wind_generation,Wind Offshore,2026-06-13T19:07:25Z
2026-06-13T19:05:16Z,2026-06-13T21:05:16+0200,9460a2c8-fa12-4ac2-aa07-8ee932688218,2026-06-02T01:15:00Z,2026-06-02T03:15:00+0200,2548.6,MW,DE,DE_LU,forecast_offshore_wind_generation,Wind Offshore,2026-06-13T19:07:25Z
2026-06-13T19:05:16Z,2026-06-13T21:05:16+0200,9460a2c8-fa12-4ac2-aa07-8ee932688218,2026-06-02T01:30:00Z,2026-06-02T03:30:00+0200,2598.07,MW,DE,DE_LU,forecast_offshore_wind_generation,Wind Offshore,2026-06-13T19:07:25Z
2026-06-13T19:05:16Z,2026-06-13T21:05:16+0200,9460a2c8-fa12-4ac2-aa07-8ee932688218,2026-06-02T01:45:00Z,2026-06-02T03:45:00+0200,2641.33,MW,DE,DE_LU,forecast_offshore_wind_generation,Wind Offshore,2026-06-13T19:07:25Z
2026-06-13T19:05:16Z,2026-06-13T21:05:16+0200,9460a2c8-fa12-4ac2-aa07-8ee932688218,2026-06-02T02:00:00Z,2026-06-02T04:00:00+0200,2693.51,MW,DE,DE_LU,forecast_offshore_wind_generation,Wind Offshore,2026-06-13T19:07:25Z
2026-06-13T19:05:16Z,2026-06-13T21:05:16+0200,9460a2c8-fa12-4ac2-aa07-8ee932688218,2026-06-02T02:15:00Z,2026-06-02T04:15:00+0200,2736.81,MW,DE,DE_LU,forecast_offshore_wind_generation,Wind Offshore,2026-06-13T19:07:25Z
2026-06-13T19:05:16Z,2026-06-13T21:05:16+0200,9460a2c8-fa12-4ac2-aa07-8ee932688218,2026-06-02T02:30:00Z,2026-06-02T04:30:00+0200,2774.15,MW,DE,DE_LU,forecast_offshore_wind_generation,Wind Offshore,2026-06-13T19:07:25Z
2026-06-13T19:05:16Z,2026-06-13T21:05:16+0200,9460a2c8-fa12-4ac2-aa07-8ee932688218,2026-06-02T02:45:00Z,2026-06-02T04:45:00+0200,2816.66,MW,DE,DE_LU,forecast_offshore_wind_generation,Wind Offshore,2026-06-13T19:07:25Z
2026-06-13T19:05:16Z,2026-06-13T21:05:16+0200,9460a2c8-fa12-4ac2-aa07-8ee932688218,2026-06-02T03:00:00Z,2026-06-02T05:00:00+0200,2858.95,MW,DE,DE_LU,forecast_offshore_wind_generation,Wind Offshore,2026-06-13T19:07:25Z
2026-06-13T19:05:16Z,2026-06-13T21:05:16+0200,9460a2c8-fa12-4ac2-aa07-8ee932688218,2026-06-02T03:15:00Z,2026-06-02T05:15:00+0200,2910.29,MW,DE,DE_LU,forecast_offshore_wind_generation,Wind Offshore,2026-06-13T19:07:25Z
2026-06-13T19:05:16Z,2026-06-13T21:05:16+0200,9460a2c8-fa12-4ac2-aa07-8ee932688218,2026-06-02T03:30:00Z,2026-06-02T05:30:00+0200,2955.65,MW,DE,DE_LU,forecast_offshore_wind_generation,Wind Offshore,2026-06-13T19:07:25Z
2026-06-13T19:05:16Z,2026-06-13T21:05:16+0200,9460a2c8-fa12-4ac2-aa07-8ee932688218,2026-06-02T03:45:00Z,2026-06-02T05:45:00+0200,3000.9,MW,DE,DE_LU,forecast_offshore_wind_generation,Wind Offshore,2026-06-13T19:07:25Z
2026-06-13T19:05:16Z,2026-06-13T21:05:16+0200,9460a2c8-fa12-4ac2-aa07-8ee932688218,2026-06-02T04:00:00Z,2026-06-02T06:00:00+0200,3029.32,MW,DE,DE_LU,forecast_offshore_wind_generation,Wind Offshore,2026-06-13T19:07:25Z
2026-06-13T19:05:16Z,2026-06-13T21:05:16+0200,9460a2c8-fa12-4ac2-aa07-8ee932688218,2026-06-02T04:15:00Z,2026-06-02T06:15:00+0200,3050.03,MW,DE,DE_LU,forecast_offshore_wind_generation,Wind Offshore,2026-06-13T19:07:25Z
2026-06-13T19:05:16Z,2026-06-13T21:05:16+0200,9460a2c8-fa12-4ac2-aa07-8ee932688218,2026-06-02T04:30:00Z,2026-06-02T06:30:00+0200,3074.92,MW,DE,DE_LU,forecast_offshore_wind_generation,Wind Offshore,2026-06-13T19:07:25Z
2026-06-13T19:05:16Z,2026-06-13T21:05:16+0200,9460a2c8-fa12-4ac2-aa07-8ee932688218,2026-06-02T04:45:00Z,2026-06-02T06:45:00+0200,3096.75,MW,DE,DE_LU,forecast_offshore_wind_generation,Wind Offshore,2026-06-13T19:07:25Z
2026-06-13T19:05:16Z,2026-06-13T21:05:16+0200,9460a2c8-fa12-4ac2-aa07-8ee932688218,2026-06-02T05:00:00Z,2026-06-02T07:00:00+0200,3098.76,MW,DE,DE_LU,forecast_offshore_wind_generation,Wind Offshore,2026-06-13T19:07:25Z
2026-06-13T19:05:16Z,2026-06-13T21:05:16+0200,9460a2c8-fa12-4ac2-aa07-8ee932688218,2026-06-02T05:15:00Z,2026-06-02T07:15:00+0200,3056.32,MW,DE,DE_LU,forecast_offshore_wind_generation,Wind Offshore,2026-06-13T19:07:25Z
2026-06-13T19:05:16Z,2026-06-13T21:05:16+0200,9460a2c8-fa12-4ac2-aa07-8ee932688218,2026-06-02T05:30:00Z,2026-06-02T07:30:00+0200,3008.91,MW,DE,DE_LU,forecast_offshore_wind_generation,Wind Offshore,2026-06-13T19:07:25Z
2026-06-13T19:05:16Z,2026-06-13T21:05:16+0200,9460a2c8-fa12-4ac2-aa07-8ee932688218,2026-06-02T05:45:00Z,2026-06-02T07:45:00+0200,2967.79,MW,DE,DE_LU,forecast_offshore_wind_generation,Wind Offshore,2026-06-13T19:07:25Z
2026-06-13T19:05:16Z,2026-06-13T21:05:16+0200,9460a2c8-fa12-4ac2-aa07-8ee932688218,2026-06-02T06:00:00Z,2026-06-02T08:00:00+0200,2909.73,MW,DE,DE_LU,forecast_offshore_wind_generation,Wind Offshore,2026-06-13T19:07:25Z
2026-06-13T19:05:16Z,2026-06-13T21:05:16+0200,9460a2c8-fa12-4ac2-aa07-8ee932688218,2026-06-02T06:15:00Z,2026-06-02T08:15:00+0200,2809.67,MW,DE,DE_LU,forecast_offshore_wind_generation,Wind Offshore,2026-06-13T19:07:25Z
2026-06-13T19:05:16Z,2026-06-13T21:05:16+0200,9460a2c8-fa12-4ac2-aa07-8ee932688218,2026-06-02T06:30:00Z,2026-06-02T08:30:00+0200,2707.67,MW,DE,DE_LU,forecast_offshore_wind_generation,Wind Offshore,2026-06-13T19:07:25Z
2026-06-13T19:05:16Z,2026-06-13T21:05:16+0200,9460a2c8-fa12-4ac2-aa07-8ee932688218,2026-06-02T06:45:00Z,2026-06-02T08:45:00+0200,2604.77,MW,DE,DE_LU,forecast_offshore_wind_generation,Wind Offshore,2026-06-13T19:07:25Z
2026-06-13T19:05:16Z,2026-06-13T21:05:16+0200,9460a2c8-fa12-4ac2-aa07-8ee932688218,2026-06-02T07:00:00Z,2026-06-02T09:00:00+0200,2487.78,MW,DE,DE_LU,forecast_offshore_wind_generation,Wind Offshore,2026-06-13T19:07:25Z
2026-06-13T19:05:16Z,2026-06-13T21:05:16+0200,9460a2c8-fa12-4ac2-aa07-8ee932688218,2026-06-02T07:15:00Z,2026-06-02T09:15:00+0200,2394.07,MW,DE,DE_LU,forecast_offshore_wind_generation,Wind Offshore,2026-06-13T19:07:25Z
2026-06-13T19:05:16Z,2026-06-13T21:05:16+0200,9460a2c8-fa12-4ac2-aa07-8ee932688218,2026-06-02T07:30:00Z,2026-06-02T09:30:00+0200,2298.34,MW,DE,DE_LU,forecast_offshore_wind_generation,Wind Offshore,2026-06-13T19:07:25Z
2026-06-13T19:05:16Z,2026-06-13T21:05:16+0200,9460a2c8-fa12-4ac2-aa07-8ee932688218,2026-06-02T07:45:00Z,2026-06-02T09:45:00+0200,2150.63,MW,DE,DE_LU,forecast_offshore_wind_generation,Wind Offshore,2026-06-13T19:07:25Z
2026-06-13T19:05:16Z,2026-06-13T21:05:16+0200,9460a2c8-fa12-4ac2-aa07-8ee932688218,2026-06-02T08:00:00Z,2026-06-02T10:00:00+0200,2053.49,MW,DE,DE_LU,forecast_offshore_wind_generation,Wind Offshore,2026-06-13T19:07:25Z
2026-06-13T19:05:16Z,2026-06-13T21:05:16+0200,9460a2c8-fa12-4ac2-aa07-8ee932688218,2026-06-02T08:15:00Z,2026-06-02T10:15:00+0200,1982.58,MW,DE,DE_LU,forecast_offshore_wind_generation,Wind Offshore,2026-06-13T19:07:25Z
2026-06-13T19:05:16Z,2026-06-13T21:05:16+0200,9460a2c8-fa12-4ac2-aa07-8ee932688218,2026-06-02T08:30:00Z,2026-06-02T10:30:00+0200,1892.67,MW,DE,DE_LU,forecast_offshore_wind_generation,Wind Offshore,2026-06-13T19:07:25Z
2026-06-13T19:05:16Z,2026-06-13T21:05:16+0200,9460a2c8-fa12-4ac2-aa07-8ee932688218,2026-06-02T08:45:00Z,2026-06-02T10:45:00+0200,1816.78,MW,DE,DE_LU,forecast_offshore_wind_generation,Wind Offshore,2026-06-13T19:07:25Z
2026-06-13T19:05:16Z,2026-06-13T21:05:16+0200,9460a2c8-fa12-4ac2-aa07-8ee932688218,2026-06-02T09:00:00Z,2026-06-02T11:00:00+0200,1749.96,MW,DE,DE_LU,forecast_offshore_wind_generation,Wind Offshore,2026-06-13T19:07:25Z
2026-06-13T19:05:16Z,2026-06-13T21:05:16+0200,9460a2c8-fa12-4ac2-aa07-8ee932688218,2026-06-02T09:15:00Z,2026-06-02T11:15:00+0200,1683.79,MW,DE,DE_LU,forecast_offshore_wind_generation,Wind Offshore,2026-06-13T19:07:25Z
2026-06-13T19:05:16Z,2026-06-13T21:05:16+0200,9460a2c8-fa12-4ac2-aa07-8ee932688218,2026-06-02T09:30:00Z,2026-06-02T11:30:00+0200,1613.17,MW,DE,DE_LU,forecast_offshore_wind_generation,Wind Offshore,2026-06-13T19:07:25Z
2026-06-13T19:05:16Z,2026-06-13T21:05:16+0200,9460a2c8-fa12-4ac2-aa07-8ee932688218,2026-06-02T09:45:00Z,2026-06-02T11:45:00+0200,1540.47,MW,DE,DE_LU,forecast_offshore_wind_generation,Wind Offshore,2026-06-13T19:07:25Z
2026-06-13T19:05:16Z,2026-06-13T21:05:16+0200,9460a2c8-fa12-4ac2-aa07-8ee932688218,2026-06-02T10:00:00Z,2026-06-02T12:00:00+0200,1484.61,MW,DE,DE_LU,forecast_offshore_wind_generation,Wind Offshore,2026-06-13T19:07:25Z
2026-06-13T19:05:16Z,2026-06-13T21:05:16+0200,9460a2c8-fa12-4ac2-aa07-8ee932688218,2026-06-02T10:15:00Z,2026-06-02T12:15:00+0200,1456.27,MW,DE,DE_LU,forecast_offshore_wind_generation,Wind Offshore,2026-06-13T19:07:25Z
2026-06-13T19:05:16Z,2026-06-13T21:05:16+0200,9460a2c8-fa12-4ac2-aa07-8ee932688218,2026-06-02T10:30:00Z,2026-06-02T12:30:00+0200,1431.06,MW,DE,DE_LU,forecast_offshore_wind_generation,Wind Offshore,2026-06-13T19:07:25Z
2026-06-13T19:05:16Z,2026-06-13T21:05:16+0200,9460a2c8-fa12-4ac2-aa07-8ee932688218,2026-06-02T10:45:00Z,2026-06-02T12:45:00+0200,1406.19,MW,DE,DE_LU,forecast_offshore_wind_generation,Wind Offshore,2026-06-13T19:07:25Z
2026-06-13T19:05:16Z,2026-06-13T21:05:16+0200,9460a2c8-fa12-4ac2-aa07-8ee932688218,2026-06-02T11:00:00Z,2026-06-02T13:00:00+0200,1388.03,MW,DE,DE_LU,forecast_offshore_wind_generation,Wind Offshore,2026-06-13T19:07:25Z
2026-06-13T19:05:16Z,2026-06-13T21:05:16+0200,9460a2c8-fa12-4ac2-aa07-8ee932688218,2026-06-02T11:15:00Z,2026-06-02T13:15:00+0200,1287.21,MW,DE,DE_LU,forecast_offshore_wind_generation,Wind Offshore,2026-06-13T19:07:25Z
2026-06-13T19:05:16Z,2026-06-13T21:05:16+0200,9460a2c8-fa12-4ac2-aa07-8ee932688218,2026-06-02T11:30:00Z,2026-06-02T13:30:00+0200,1265.35,MW,DE,DE_LU,forecast_offshore_wind_generation,Wind Offshore,2026-06-13T19:07:25Z
2026-06-13T19:05:16Z,2026-06-13T21:05:16+0200,9460a2c8-fa12-4ac2-aa07-8ee932688218,2026-06-02T11:45:00Z,2026-06-02T13:45:00+0200,1241.91,MW,DE,DE_LU,forecast_offshore_wind_generation,Wind Offshore,2026-06-13T19:07:25Z
2026-06-13T19:05:16Z,2026-06-13T21:05:16+0200,9460a2c8-fa12-4ac2-aa07-8ee932688218,2026-06-02T12:00:00Z,2026-06-02T14:00:00+0200,1214.1,MW,DE,DE_LU,forecast_offshore_wind_generation,Wind Offshore,2026-06-13T19:07:25Z
2026-06-13T19:05:16Z,2026-06-13T21:05:16+0200,9460a2c8-fa12-4ac2-aa07-8ee932688218,2026-06-02T12:15:00Z,2026-06-02T14:15:00+0200,1186.07,MW,DE,DE_LU,forecast_offshore_wind_generation,Wind Offshore,2026-06-13T19:07:25Z
2026-06-13T19:05:16Z,2026-06-13T21:05:16+0200,9460a2c8-fa12-4ac2-aa07-8ee932688218,2026-06-02T12:30:00Z,2026-06-02T14:30:00+0200,1157.16,MW,DE,DE_LU,forecast_offshore_wind_generation,Wind Offshore,2026-06-13T19:07:25Z
2026-06-13T19:05:16Z,2026-06-13T21:05:16+0200,9460a2c8-fa12-4ac2-aa07-8ee932688218,2026-06-02T12:45:00Z,2026-06-02T14:45:00+0200,1125.69,MW,DE,DE_LU,forecast_offshore_wind_generation,Wind Offshore,2026-06-13T19:07:25Z
2026-06-13T19:05:16Z,2026-06-13T21:05:16+0200,9460a2c8-fa12-4ac2-aa07-8ee932688218,2026-06-02T13:00:00Z,2026-06-02T15:00:00+0200,1087.47,MW,DE,DE_LU,forecast_offshore_wind_generation,Wind Offshore,2026-06-13T19:07:25Z
2026-06-13T19:05:16Z,2026-06-13T21:05:16+0200,9460a2c8-fa12-4ac2-aa07-8ee932688218,2026-06-02T13:15:00Z,2026-06-02T15:15:00+0200,1068.03,MW,DE,DE_LU,forecast_offshore_wind_generation,Wind Offshore,2026-06-13T19:07:25Z
2026-06-13T19:05:16Z,2026-06-13T21:05:16+0200,9460a2c8-fa12-4ac2-aa07-8ee932688218,2026-06-02T13:30:00Z,2026-06-02T15:30:00+0200,1048.01,MW,DE,DE_LU,forecast_offshore_wind_generation,Wind Offshore,2026-06-13T19:07:25Z
2026-06-13T19:05:16Z,2026-06-13T21:05:16+0200,9460a2c8-fa12-4ac2-aa07-8ee932688218,2026-06-02T13:45:00Z,2026-06-02T15:45:00+0200,1033.47,MW,DE,DE_LU,forecast_offshore_wind_generation,Wind Offshore,2026-06-13T19:07:25Z
2026-06-13T19:05:16Z,2026-06-13T21:05:16+0200,9460a2c8-fa12-4ac2-aa07-8ee932688218,2026-06-02T14:00:00Z,2026-06-02T16:00:00+0200,1020.19,MW,DE,DE_LU,forecast_offshore_wind_generation,Wind Offshore,2026-06-13T19:07:25Z
2026-06-13T19:05:16Z,2026-06-13T21:05:16+0200,9460a2c8-fa12-4ac2-aa07-8ee932688218,2026-06-02T14:15:00Z,2026-06-02T16:15:00+0200,1026.34,MW,DE,DE_LU,forecast_offshore_wind_generation,Wind Offshore,2026-06-13T19:07:25Z
2026-06-13T19:05:16Z,2026-06-13T21:05:16+0200,9460a2c8-fa12-4ac2-aa07-8ee932688218,2026-06-02T14:30:00Z,2026-06-02T16:30:00+0200,1023.33,MW,DE,DE_LU,forecast_offshore_wind_generation,Wind Offshore,2026-06-13T19:07:25Z
2026-06-13T19:05:16Z,2026-06-13T21:05:16+0200,9460a2c8-fa12-4ac2-aa07-8ee932688218,2026-06-02T14:45:00Z,2026-06-02T16:45:00+0200,1016.5,MW,DE,DE_LU,forecast_offshore_wind_generation,Wind Offshore,2026-06-13T19:07:25Z
2026-06-13T19:05:16Z,2026-06-13T21:05:16+0200,9460a2c8-fa12-4ac2-aa07-8ee932688218,2026-06-02T15:00:00Z,2026-06-02T17:00:00+0200,1017.09,MW,DE,DE_LU,forecast_offshore_wind_generation,Wind Offshore,2026-06-13T19:07:25Z
2026-06-13T19:05:16Z,2026-06-13T21:05:16+0200,9460a2c8-fa12-4ac2-aa07-8ee932688218,2026-06-02T15:15:00Z,2026-06-02T17:15:00+0200,1029.63,MW,DE,DE_LU,forecast_offshore_wind_generation,Wind Offshore,2026-06-13T19:07:25Z
2026-06-13T19:05:16Z,2026-06-13T21:05:16+0200,9460a2c8-fa12-4ac2-aa07-8ee932688218,2026-06-02T15:30:00Z,2026-06-02T17:30:00+0200,1051.63,MW,DE,DE_LU,forecast_offshore_wind_generation,Wind Offshore,2026-06-13T19:07:25Z
2026-06-13T19:05:16Z,2026-06-13T21:05:16+0200,9460a2c8-fa12-4ac2-aa07-8ee932688218,2026-06-02T15:45:00Z,2026-06-02T17:45:00+0200,1074.42,MW,DE,DE_LU,forecast_offshore_wind_generation,Wind Offshore,2026-06-13T19:07:25Z
2026-06-13T19:05:16Z,2026-06-13T21:05:16+0200,9460a2c8-fa12-4ac2-aa07-8ee932688218,2026-06-02T16:00:00Z,2026-06-02T18:00:00+0200,1098.01,MW,DE,DE_LU,forecast_offshore_wind_generation,Wind Offshore,2026-06-13T19:07:25Z
2026-06-13T19:05:16Z,2026-06-13T21:05:16+0200,9460a2c8-fa12-4ac2-aa07-8ee932688218,2026-06-02T16:15:00Z,2026-06-02T18:15:00+0200,1134.49,MW,DE,DE_LU,forecast_offshore_wind_generation,Wind Offshore,2026-06-13T19:07:25Z
2026-06-13T19:05:16Z,2026-06-13T21:05:16+0200,9460a2c8-fa12-4ac2-aa07-8ee932688218,2026-06-02T16:30:00Z,2026-06-02T18:30:00+0200,1166.93,MW,DE,DE_LU,forecast_offshore_wind_generation,Wind Offshore,2026-06-13T19:07:25Z
2026-06-13T19:05:16Z,2026-06-13T21:05:16+0200,9460a2c8-fa12-4ac2-aa07-8ee932688218,2026-06-02T16:45:00Z,2026-06-02T18:45:00+0200,1200.02,MW,DE,DE_LU,forecast_offshore_wind_generation,Wind Offshore,2026-06-13T19:07:25Z
2026-06-13T19:05:16Z,2026-06-13T21:05:16+0200,9460a2c8-fa12-4ac2-aa07-8ee932688218,2026-06-02T17:00:00Z,2026-06-02T19:00:00+0200,1228.69,MW,DE,DE_LU,forecast_offshore_wind_generation,Wind Offshore,2026-06-13T19:07:25Z
2026-06-13T19:05:16Z,2026-06-13T21:05:16+0200,9460a2c8-fa12-4ac2-aa07-8ee932688218,2026-06-02T17:15:00Z,2026-06-02T19:15:00+0200,1263.53,MW,DE,DE_LU,forecast_offshore_wind_generation,Wind Offshore,2026-06-13T19:07:25Z
2026-06-13T19:05:16Z,2026-06-13T21:05:16+0200,9460a2c8-fa12-4ac2-aa07-8ee932688218,2026-06-02T17:30:00Z,2026-06-02T19:30:00+0200,1292.24,MW,DE,DE_LU,forecast_offshore_wind_generation,Wind Offshore,2026-06-13T19:07:25Z
2026-06-13T19:05:16Z,2026-06-13T21:05:16+0200,9460a2c8-fa12-4ac2-aa07-8ee932688218,2026-06-02T17:45:00Z,2026-06-02T19:45:00+0200,1313.9,MW,DE,DE_LU,forecast_offshore_wind_generation,Wind Offshore,2026-06-13T19:07:25Z
2026-06-13T19:05:16Z,2026-06-13T21:05:16+0200,9460a2c8-fa12-4ac2-aa07-8ee932688218,2026-06-02T18:00:00Z,2026-06-02T20:00:00+0200,1332.32,MW,DE,DE_LU,forecast_offshore_wind_generation,Wind Offshore,2026-06-13T19:07:25Z
2026-06-13T19:05:16Z,2026-06-13T21:05:16+0200,9460a2c8-fa12-4ac2-aa07-8ee932688218,2026-06-02T18:15:00Z,2026-06-02T20:15:00+0200,1352.44,MW,DE,DE_LU,forecast_offshore_wind_generation,Wind Offshore,2026-06-13T19:07:25Z
2026-06-13T19:05:16Z,2026-06-13T21:05:16+0200,9460a2c8-fa12-4ac2-aa07-8ee932688218,2026-06-02T18:30:00Z,2026-06-02T20:30:00+0200,1365.29,MW,DE,DE_LU,forecast_offshore_wind_generation,Wind Offshore,2026-06-13T19:07:25Z
2026-06-13T19:05:16Z,2026-06-13T21:05:16+0200,9460a2c8-fa12-4ac2-aa07-8ee932688218,2026-06-02T18:45:00Z,2026-06-02T20:45:00+0200,1384.12,MW,DE,DE_LU,forecast_offshore_wind_generation,Wind Offshore,2026-06-13T19:07:25Z
2026-06-13T19:05:16Z,2026-06-13T21:05:16+0200,9460a2c8-fa12-4ac2-aa07-8ee932688218,2026-06-02T19:00:00Z,2026-06-02T21:00:00+0200,1396.03,MW,DE,DE_LU,forecast_offshore_wind_generation,Wind Offshore,2026-06-13T19:07:25Z
2026-06-13T19:05:16Z,2026-06-13T21:05:16+0200,9460a2c8-fa12-4ac2-aa07-8ee932688218,2026-06-02T19:15:00Z,2026-06-02T21:15:00+0200,1399.66,MW,DE,DE_LU,forecast_offshore_wind_generation,Wind Offshore,2026-06-13T19:07:25Z
2026-06-13T19:05:16Z,2026-06-13T21:05:16+0200,9460a2c8-fa12-4ac2-aa07-8ee932688218,2026-06-02T19:30:00Z,2026-06-02T21:30:00+0200,1405.53,MW,DE,DE_LU,forecast_offshore_wind_generation,Wind Offshore,2026-06-13T19:07:25Z
2026-06-13T19:05:16Z,2026-06-13T21:05:16+0200,9460a2c8-fa12-4ac2-aa07-8ee932688218,2026-06-02T19:45:00Z,2026-06-02T21:45:00+0200,1403.42,MW,DE,DE_LU,forecast_offshore_wind_generation,Wind Offshore,2026-06-13T19:07:25Z
2026-06-13T19:05:16Z,2026-06-13T21:05:16+0200,9460a2c8-fa12-4ac2-aa07-8ee932688218,2026-06-02T20:00:00Z,2026-06-02T22:00:00+0200,1396.21,MW,DE,DE_LU,forecast_offshore_wind_generation,Wind Offshore,2026-06-13T19:07:25Z
2026-06-13T19:05:16Z,2026-06-13T21:05:16+0200,9460a2c8-fa12-4ac2-aa07-8ee932688218,2026-06-02T20:15:00Z,2026-06-02T22:15:00+0200,1395.58,MW,DE,DE_LU,forecast_offshore_wind_generation,Wind Offshore,2026-06-13T19:07:25Z
2026-06-13T19:05:16Z,2026-06-13T21:05:16+0200,9460a2c8-fa12-4ac2-aa07-8ee932688218,2026-06-02T20:30:00Z,2026-06-02T22:30:00+0200,1392.67,MW,DE,DE_LU,forecast_offshore_wind_generation,Wind Offshore,2026-06-13T19:07:25Z
2026-06-13T19:05:16Z,2026-06-13T21:05:16+0200,9460a2c8-fa12-4ac2-aa07-8ee932688218,2026-06-02T20:45:00Z,2026-06-02T22:45:00+0200,1390.32,MW,DE,DE_LU,forecast_offshore_wind_generation,Wind Offshore,2026-06-13T19:07:25Z
2026-06-13T19:05:16Z,2026-06-13T21:05:16+0200,9460a2c8-fa12-4ac2-aa07-8ee932688218,2026-06-02T21:00:00Z,2026-06-02T23:00:00+0200,1389.56,MW,DE,DE_LU,forecast_offshore_wind_generation,Wind Offshore,2026-06-13T19:07:25Z
2026-06-13T19:05:16Z,2026-06-13T21:05:16+0200,9460a2c8-fa12-4ac2-aa07-8ee932688218,2026-06-02T21:15:00Z,2026-06-02T23:15:00+0200,1394.66,MW,DE,DE_LU,forecast_offshore_wind_generation,Wind Offshore,2026-06-13T19:07:25Z
2026-06-13T19:05:16Z,2026-06-13T21:05:16+0200,9460a2c8-fa12-4ac2-aa07-8ee932688218,2026-06-02T21:30:00Z,2026-06-02T23:30:00+0200,1397.6,MW,DE,DE_LU,forecast_offshore_wind_generation,Wind Offshore,2026-06-13T19:07:25Z
2026-06-13T19:05:16Z,2026-06-13T21:05:16+0200,9460a2c8-fa12-4ac2-aa07-8ee932688218,2026-06-02T21:45:00Z,2026-06-02T23:45:00+0200,1401.06,MW,DE,DE_LU,forecast_offshore_wind_generation,Wind Offshore,2026-06-13T19:07:25Z
2026-06-13T19:05:16Z,2026-06-13T21:05:16+0200,9460a2c8-fa12-4ac2-aa07-8ee932688218,2026-06-02T22:00:00Z,2026-06-03T00:00:00+0200,2336.01,MW,DE,DE_LU,forecast_offshore_wind_generation,Wind Offshore,2026-06-13T19:07:25Z
2026-06-13T19:05:16Z,2026-06-13T21:05:16+0200,9460a2c8-fa12-4ac2-aa07-8ee932688218,2026-06-02T22:15:00Z,2026-06-03T00:15:00+0200,2294.77,MW,DE,DE_LU,forecast_offshore_wind_generation,Wind Offshore,2026-06-13T19:07:25Z
2026-06-13T19:05:16Z,2026-06-13T21:05:16+0200,9460a2c8-fa12-4ac2-aa07-8ee932688218,2026-06-02T22:30:00Z,2026-06-03T00:30:00+0200,2258.48,MW,DE,DE_LU,forecast_offshore_wind_generation,Wind Offshore,2026-06-13T19:07:25Z
2026-06-13T19:05:16Z,2026-06-13T21:05:16+0200,9460a2c8-fa12-4ac2-aa07-8ee932688218,2026-06-02T22:45:00Z,2026-06-03T00:45:00+0200,2228.93,MW,DE,DE_LU,forecast_offshore_wind_generation,Wind Offshore,2026-06-13T19:07:25Z
2026-06-13T19:05:16Z,2026-06-13T21:05:16+0200,9460a2c8-fa12-4ac2-aa07-8ee932688218,2026-06-02T23:00:00Z,2026-06-03T01:00:00+0200,2193.59,MW,DE,DE_LU,forecast_offshore_wind_generation,Wind Offshore,2026-06-13T19:07:25Z
2026-06-13T19:05:16Z,2026-06-13T21:05:16+0200,9460a2c8-fa12-4ac2-aa07-8ee932688218,2026-06-02T23:15:00Z,2026-06-03T01:15:00+0200,2181.09,MW,DE,DE_LU,forecast_offshore_wind_generation,Wind Offshore,2026-06-13T19:07:25Z
2026-06-13T19:05:16Z,2026-06-13T21:05:16+0200,9460a2c8-fa12-4ac2-aa07-8ee932688218,2026-06-02T23:30:00Z,2026-06-03T01:30:00+0200,2166.27,MW,DE,DE_LU,forecast_offshore_wind_generation,Wind Offshore,2026-06-13T19:07:25Z
2026-06-13T19:05:16Z,2026-06-13T21:05:16+0200,9460a2c8-fa12-4ac2-aa07-8ee932688218,2026-06-02T23:45:00Z,2026-06-03T01:45:00+0200,2159.34,MW,DE,DE_LU,forecast_offshore_wind_generation,Wind Offshore,2026-06-13T19:07:25Z
2026-06-13T19:05:16Z,2026-06-13T21:05:16+0200,9460a2c8-fa12-4ac2-aa07-8ee932688218,2026-06-03T00:00:00Z,2026-06-03T02:00:00+0200,2148.38,MW,DE,DE_LU,forecast_offshore_wind_generation,Wind Offshore,2026-06-13T19:07:25Z
2026-06-13T19:05:16Z,2026-06-13T21:05:16+0200,9460a2c8-fa12-4ac2-aa07-8ee932688218,2026-06-03T00:15:00Z,2026-06-03T02:15:00+0200,2153.6,MW,DE,DE_LU,forecast_offshore_wind_generation,Wind Offshore,2026-06-13T19:07:25Z
2026-06-13T19:05:16Z,2026-06-13T21:05:16+0200,9460a2c8-fa12-4ac2-aa07-8ee932688218,2026-06-03T00:30:00Z,2026-06-03T02:30:00+0200,2162.87,MW,DE,DE_LU,forecast_offshore_wind_generation,Wind Offshore,2026-06-13T19:07:25Z
2026-06-13T19:05:16Z,2026-06-13T21:05:16+0200,9460a2c8-fa12-4ac2-aa07-8ee932688218,2026-06-03T00:45:00Z,2026-06-03T02:45:00+0200,2168.12,MW,DE,DE_LU,forecast_offshore_wind_generation,Wind Offshore,2026-06-13T19:07:25Z
2026-06-13T19:05:16Z,2026-06-13T21:05:16+0200,9460a2c8-fa12-4ac2-aa07-8ee932688218,2026-06-03T01:00:00Z,2026-06-03T03:00:00+0200,2172.75,MW,DE,DE_LU,forecast_offshore_wind_generation,Wind Offshore,2026-06-13T19:07:25Z
2026-06-13T19:05:16Z,2026-06-13T21:05:16+0200,9460a2c8-fa12-4ac2-aa07-8ee932688218,2026-06-03T01:15:00Z,2026-06-03T03:15:00+0200,2182.6,MW,DE,DE_LU,forecast_offshore_wind_generation,Wind Offshore,2026-06-13T19:07:25Z
2026-06-13T19:05:16Z,2026-06-13T21:05:16+0200,9460a2c8-fa12-4ac2-aa07-8ee932688218,2026-06-03T01:30:00Z,2026-06-03T03:30:00+0200,2190.5,MW,DE,DE_LU,forecast_offshore_wind_generation,Wind Offshore,2026-06-13T19:07:25Z
2026-06-13T19:05:16Z,2026-06-13T21:05:16+0200,9460a2c8-fa12-4ac2-aa07-8ee932688218,2026-06-03T01:45:00Z,2026-06-03T03:45:00+0200,2209.66,MW,DE,DE_LU,forecast_offshore_wind_generation,Wind Offshore,2026-06-13T19:07:25Z
2026-06-13T19:05:16Z,2026-06-13T21:05:16+0200,9460a2c8-fa12-4ac2-aa07-8ee932688218,2026-06-03T02:00:00Z,2026-06-03T04:00:00+0200,2225.65,MW,DE,DE_LU,forecast_offshore_wind_generation,Wind Offshore,2026-06-13T19:07:25Z
2026-06-13T19:05:16Z,2026-06-13T21:05:16+0200,9460a2c8-fa12-4ac2-aa07-8ee932688218,2026-06-03T02:15:00Z,2026-06-03T04:15:00+0200,2249.5,MW,DE,DE_LU,forecast_offshore_wind_generation,Wind Offshore,2026-06-13T19:07:25Z
2026-06-13T19:05:16Z,2026-06-13T21:05:16+0200,9460a2c8-fa12-4ac2-aa07-8ee932688218,2026-06-03T02:30:00Z,2026-06-03T04:30:00+0200,2269.33,MW,DE,DE_LU,forecast_offshore_wind_generation,Wind Offshore,2026-06-13T19:07:25Z
2026-06-13T19:05:16Z,2026-06-13T21:05:16+0200,9460a2c8-fa12-4ac2-aa07-8ee932688218,2026-06-03T02:45:00Z,2026-06-03T04:45:00+0200,2291.79,MW,DE,DE_LU,forecast_offshore_wind_generation,Wind Offshore,2026-06-13T19:07:25Z
2026-06-13T19:05:16Z,2026-06-13T21:05:16+0200,9460a2c8-fa12-4ac2-aa07-8ee932688218,2026-06-03T03:00:00Z,2026-06-03T05:00:00+0200,2316.24,MW,DE,DE_LU,forecast_offshore_wind_generation,Wind Offshore,2026-06-13T19:07:25Z
2026-06-13T19:05:16Z,2026-06-13T21:05:16+0200,9460a2c8-fa12-4ac2-aa07-8ee932688218,2026-06-03T03:15:00Z,2026-06-03T05:15:00+0200,2349.57,MW,DE,DE_LU,forecast_offshore_wind_generation,Wind Offshore,2026-06-13T19:07:25Z
2026-06-13T19:05:16Z,2026-06-13T21:05:16+0200,9460a2c8-fa12-4ac2-aa07-8ee932688218,2026-06-03T03:30:00Z,2026-06-03T05:30:00+0200,2380.98,MW,DE,DE_LU,forecast_offshore_wind_generation,Wind Offshore,2026-06-13T19:07:25Z
2026-06-13T19:05:16Z,2026-06-13T21:05:16+0200,9460a2c8-fa12-4ac2-aa07-8ee932688218,2026-06-03T03:45:00Z,2026-06-03T05:45:00+0200,2419.09,MW,DE,DE_LU,forecast_offshore_wind_generation,Wind Offshore,2026-06-13T19:07:25Z
2026-06-13T19:05:16Z,2026-06-13T21:05:16+0200,9460a2c8-fa12-4ac2-aa07-8ee932688218,2026-06-03T04:00:00Z,2026-06-03T06:00:00+0200,2443.92,MW,DE,DE_LU,forecast_offshore_wind_generation,Wind Offshore,2026-06-13T19:07:25Z
2026-06-13T19:05:16Z,2026-06-13T21:05:16+0200,9460a2c8-fa12-4ac2-aa07-8ee932688218,2026-06-03T04:15:00Z,2026-06-03T06:15:00+0200,2459.83,MW,DE,DE_LU,forecast_offshore_wind_generation,Wind Offshore,2026-06-13T19:07:25Z
2026-06-13T19:05:16Z,2026-06-13T21:05:16+0200,9460a2c8-fa12-4ac2-aa07-8ee932688218,2026-06-03T04:30:00Z,2026-06-03T06:30:00+0200,2483.85,MW,DE,DE_LU,forecast_offshore_wind_generation,Wind Offshore,2026-06-13T19:07:25Z
2026-06-13T19:05:16Z,2026-06-13T21:05:16+0200,9460a2c8-fa12-4ac2-aa07-8ee932688218,2026-06-03T04:45:00Z,2026-06-03T06:45:00+0200,2505.17,MW,DE,DE_LU,forecast_offshore_wind_generation,Wind Offshore,2026-06-13T19:07:25Z
2026-06-13T19:05:16Z,2026-06-13T21:05:16+0200,9460a2c8-fa12-4ac2-aa07-8ee932688218,2026-06-03T05:00:00Z,2026-06-03T07:00:00+0200,2527.14,MW,DE,DE_LU,forecast_offshore_wind_generation,Wind Offshore,2026-06-13T19:07:25Z
2026-06-13T19:05:16Z,2026-06-13T21:05:16+0200,9460a2c8-fa12-4ac2-aa07-8ee932688218,2026-06-03T05:15:00Z,2026-06-03T07:15:00+0200,2536.28,MW,DE,DE_LU,forecast_offshore_wind_generation,Wind Offshore,2026-06-13T19:07:25Z
2026-06-13T19:05:16Z,2026-06-13T21:05:16+0200,9460a2c8-fa12-4ac2-aa07-8ee932688218,2026-06-03T05:30:00Z,2026-06-03T07:30:00+0200,2522.6,MW,DE,DE_LU,forecast_offshore_wind_generation,Wind Offshore,2026-06-13T19:07:25Z
2026-06-13T19:05:16Z,2026-06-13T21:05:16+0200,9460a2c8-fa12-4ac2-aa07-8ee932688218,2026-06-03T05:45:00Z,2026-06-03T07:45:00+0200,2534.78,MW,DE,DE_LU,forecast_offshore_wind_generation,Wind Offshore,2026-06-13T19:07:25Z
2026-06-13T19:05:16Z,2026-06-13T21:05:16+0200,9460a2c8-fa12-4ac2-aa07-8ee932688218,2026-06-03T06:00:00Z,2026-06-03T08:00:00+0200,2470.16,MW,DE,DE_LU,forecast_offshore_wind_generation,Wind Offshore,2026-06-13T19:07:25Z
2026-06-13T19:05:16Z,2026-06-13T21:05:16+0200,9460a2c8-fa12-4ac2-aa07-8ee932688218,2026-06-03T06:15:00Z,2026-06-03T08:15:00+0200,2461.62,MW,DE,DE_LU,forecast_offshore_wind_generation,Wind Offshore,2026-06-13T19:07:25Z
2026-06-13T19:05:16Z,2026-06-13T21:05:16+0200,9460a2c8-fa12-4ac2-aa07-8ee932688218,2026-06-03T06:30:00Z,2026-06-03T08:30:00+0200,2435.24,MW,DE,DE_LU,forecast_offshore_wind_generation,Wind Offshore,2026-06-13T19:07:25Z
2026-06-13T19:05:16Z,2026-06-13T21:05:16+0200,9460a2c8-fa12-4ac2-aa07-8ee932688218,2026-06-03T06:45:00Z,2026-06-03T08:45:00+0200,2430.68,MW,DE,DE_LU,forecast_offshore_wind_generation,Wind Offshore,2026-06-13T19:07:25Z
2026-06-13T19:05:16Z,2026-06-13T21:05:16+0200,9460a2c8-fa12-4ac2-aa07-8ee932688218,2026-06-03T07:00:00Z,2026-06-03T09:00:00+0200,2413.17,MW,DE,DE_LU,forecast_offshore_wind_generation,Wind Offshore,2026-06-13T19:07:25Z
2026-06-13T19:05:16Z,2026-06-13T21:05:16+0200,9460a2c8-fa12-4ac2-aa07-8ee932688218,2026-06-03T07:15:00Z,2026-06-03T09:15:00+0200,2421.78,MW,DE,DE_LU,forecast_offshore_wind_generation,Wind Offshore,2026-06-13T19:07:25Z
2026-06-13T19:05:16Z,2026-06-13T21:05:16+0200,9460a2c8-fa12-4ac2-aa07-8ee932688218,2026-06-03T07:30:00Z,2026-06-03T09:30:00+0200,2422.55,MW,DE,DE_LU,forecast_offshore_wind_generation,Wind Offshore,2026-06-13T19:07:25Z
2026-06-13T19:05:16Z,2026-06-13T21:05:16+0200,9460a2c8-fa12-4ac2-aa07-8ee932688218,2026-06-03T07:45:00Z,2026-06-03T09:45:00+0200,2430.86,MW,DE,DE_LU,forecast_offshore_wind_generation,Wind Offshore,2026-06-13T19:07:25Z
2026-06-13T19:05:16Z,2026-06-13T21:05:16+0200,9460a2c8-fa12-4ac2-aa07-8ee932688218,2026-06-03T08:00:00Z,2026-06-03T10:00:00+0200,2438.38,MW,DE,DE_LU,forecast_offshore_wind_generation,Wind Offshore,2026-06-13T19:07:25Z
2026-06-13T19:05:16Z,2026-06-13T21:05:16+0200,9460a2c8-fa12-4ac2-aa07-8ee932688218,2026-06-03T08:15:00Z,2026-06-03T10:15:00+0200,2459.32,MW,DE,DE_LU,forecast_offshore_wind_generation,Wind Offshore,2026-06-13T19:07:25Z
2026-06-13T19:05:16Z,2026-06-13T21:05:16+0200,9460a2c8-fa12-4ac2-aa07-8ee932688218,2026-06-03T08:30:00Z,2026-06-03T10:30:00+0200,2480.31,MW,DE,DE_LU,forecast_offshore_wind_generation,Wind Offshore,2026-06-13T19:07:25Z
2026-06-13T19:05:16Z,2026-06-13T21:05:16+0200,9460a2c8-fa12-4ac2-aa07-8ee932688218,2026-06-03T08:45:00Z,2026-06-03T10:45:00+0200,2501.74,MW,DE,DE_LU,forecast_offshore_wind_generation,Wind Offshore,2026-06-13T19:07:25Z
2026-06-13T19:05:16Z,2026-06-13T21:05:16+0200,9460a2c8-fa12-4ac2-aa07-8ee932688218,2026-06-03T09:00:00Z,2026-06-03T11:00:00+0200,2529.49,MW,DE,DE_LU,forecast_offshore_wind_generation,Wind Offshore,2026-06-13T19:07:25Z
2026-06-13T19:05:16Z,2026-06-13T21:05:16+0200,9460a2c8-fa12-4ac2-aa07-8ee932688218,2026-06-03T09:15:00Z,2026-06-03T11:15:00+0200,2572.15,MW,DE,DE_LU,forecast_offshore_wind_generation,Wind Offshore,2026-06-13T19:07:25Z
2026-06-13T19:05:16Z,2026-06-13T21:05:16+0200,9460a2c8-fa12-4ac2-aa07-8ee932688218,2026-06-03T09:30:00Z,2026-06-03T11:30:00+0200,2611.6,MW,DE,DE_LU,forecast_offshore_wind_generation,Wind Offshore,2026-06-13T19:07:25Z
2026-06-13T19:05:16Z,2026-06-13T21:05:16+0200,9460a2c8-fa12-4ac2-aa07-8ee932688218,2026-06-03T09:45:00Z,2026-06-03T11:45:00+0200,2655.84,MW,DE,DE_LU,forecast_offshore_wind_generation,Wind Offshore,2026-06-13T19:07:25Z
2026-06-13T19:05:16Z,2026-06-13T21:05:16+0200,9460a2c8-fa12-4ac2-aa07-8ee932688218,2026-06-03T10:00:00Z,2026-06-03T12:00:00+0200,2698.91,MW,DE,DE_LU,forecast_offshore_wind_generation,Wind Offshore,2026-06-13T19:07:25Z
2026-06-13T19:05:16Z,2026-06-13T21:05:16+0200,9460a2c8-fa12-4ac2-aa07-8ee932688218,2026-06-03T10:15:00Z,2026-06-03T12:15:00+0200,2750.11,MW,DE,DE_LU,forecast_offshore_wind_generation,Wind Offshore,2026-06-13T19:07:25Z
2026-06-13T19:05:16Z,2026-06-13T21:05:16+0200,9460a2c8-fa12-4ac2-aa07-8ee932688218,2026-06-03T10:30:00Z,2026-06-03T12:30:00+0200,2798.41,MW,DE,DE_LU,forecast_offshore_wind_generation,Wind Offshore,2026-06-13T19:07:25Z
2026-06-13T19:05:16Z,2026-06-13T21:05:16+0200,9460a2c8-fa12-4ac2-aa07-8ee932688218,2026-06-03T10:45:00Z,2026-06-03T12:45:00+0200,2851.42,MW,DE,DE_LU,forecast_offshore_wind_generation,Wind Offshore,2026-06-13T19:07:25Z
2026-06-13T19:05:16Z,2026-06-13T21:05:16+0200,9460a2c8-fa12-4ac2-aa07-8ee932688218,2026-06-03T11:00:00Z,2026-06-03T13:00:00+0200,2872.82,MW,DE,DE_LU,forecast_offshore_wind_generation,Wind Offshore,2026-06-13T19:07:25Z
2026-06-13T19:05:16Z,2026-06-13T21:05:16+0200,9460a2c8-fa12-4ac2-aa07-8ee932688218,2026-06-03T11:15:00Z,2026-06-03T13:15:00+0200,2892.12,MW,DE,DE_LU,forecast_offshore_wind_generation,Wind Offshore,2026-06-13T19:07:25Z
2026-06-13T19:05:16Z,2026-06-13T21:05:16+0200,9460a2c8-fa12-4ac2-aa07-8ee932688218,2026-06-03T11:30:00Z,2026-06-03T13:30:00+0200,2916.99,MW,DE,DE_LU,forecast_offshore_wind_generation,Wind Offshore,2026-06-13T19:07:25Z
2026-06-13T19:05:16Z,2026-06-13T21:05:16+0200,9460a2c8-fa12-4ac2-aa07-8ee932688218,2026-06-03T11:45:00Z,2026-06-03T13:45:00+0200,2926.95,MW,DE,DE_LU,forecast_offshore_wind_generation,Wind Offshore,2026-06-13T19:07:25Z
2026-06-13T19:05:16Z,2026-06-13T21:05:16+0200,9460a2c8-fa12-4ac2-aa07-8ee932688218,2026-06-03T12:00:00Z,2026-06-03T14:00:00+0200,2940.33,MW,DE,DE_LU,forecast_offshore_wind_generation,Wind Offshore,2026-06-13T19:07:25Z
2026-06-13T19:05:16Z,2026-06-13T21:05:16+0200,9460a2c8-fa12-4ac2-aa07-8ee932688218,2026-06-03T12:15:00Z,2026-06-03T14:15:00+0200,2926.73,MW,DE,DE_LU,forecast_offshore_wind_generation,Wind Offshore,2026-06-13T19:07:25Z
2026-06-13T19:05:16Z,2026-06-13T21:05:16+0200,9460a2c8-fa12-4ac2-aa07-8ee932688218,2026-06-03T12:30:00Z,2026-06-03T14:30:00+0200,2909.82,MW,DE,DE_LU,forecast_offshore_wind_generation,Wind Offshore,2026-06-13T19:07:25Z
2026-06-13T19:05:16Z,2026-06-13T21:05:16+0200,9460a2c8-fa12-4ac2-aa07-8ee932688218,2026-06-03T12:45:00Z,2026-06-03T14:45:00+0200,2886.9,MW,DE,DE_LU,forecast_offshore_wind_generation,Wind Offshore,2026-06-13T19:07:25Z
2026-06-13T19:05:16Z,2026-06-13T21:05:16+0200,9460a2c8-fa12-4ac2-aa07-8ee932688218,2026-06-03T13:00:00Z,2026-06-03T15:00:00+0200,2863.63,MW,DE,DE_LU,forecast_offshore_wind_generation,Wind Offshore,2026-06-13T19:07:25Z
2026-06-13T19:05:16Z,2026-06-13T21:05:16+0200,9460a2c8-fa12-4ac2-aa07-8ee932688218,2026-06-03T13:15:00Z,2026-06-03T15:15:00+0200,2852.22,MW,DE,DE_LU,forecast_offshore_wind_generation,Wind Offshore,2026-06-13T19:07:25Z
2026-06-13T19:05:16Z,2026-06-13T21:05:16+0200,9460a2c8-fa12-4ac2-aa07-8ee932688218,2026-06-03T13:30:00Z,2026-06-03T15:30:00+0200,2841.03,MW,DE,DE_LU,forecast_offshore_wind_generation,Wind Offshore,2026-06-13T19:07:25Z
2026-06-13T19:05:16Z,2026-06-13T21:05:16+0200,9460a2c8-fa12-4ac2-aa07-8ee932688218,2026-06-03T13:45:00Z,2026-06-03T15:45:00+0200,2834.91,MW,DE,DE_LU,forecast_offshore_wind_generation,Wind Offshore,2026-06-13T19:07:25Z
2026-06-13T19:05:16Z,2026-06-13T21:05:16+0200,9460a2c8-fa12-4ac2-aa07-8ee932688218,2026-06-03T14:00:00Z,2026-06-03T16:00:00+0200,2831.9,MW,DE,DE_LU,forecast_offshore_wind_generation,Wind Offshore,2026-06-13T19:07:25Z
2026-06-13T19:05:16Z,2026-06-13T21:05:16+0200,9460a2c8-fa12-4ac2-aa07-8ee932688218,2026-06-03T14:15:00Z,2026-06-03T16:15:00+0200,2804.75,MW,DE,DE_LU,forecast_offshore_wind_generation,Wind Offshore,2026-06-13T19:07:25Z
2026-06-13T19:05:16Z,2026-06-13T21:05:16+0200,9460a2c8-fa12-4ac2-aa07-8ee932688218,2026-06-03T14:30:00Z,2026-06-03T16:30:00+0200,2781.44,MW,DE,DE_LU,forecast_offshore_wind_generation,Wind Offshore,2026-06-13T19:07:25Z
2026-06-13T19:05:16Z,2026-06-13T21:05:16+0200,9460a2c8-fa12-4ac2-aa07-8ee932688218,2026-06-03T14:45:00Z,2026-06-03T16:45:00+0200,2760.33,MW,DE,DE_LU,forecast_offshore_wind_generation,Wind Offshore,2026-06-13T19:07:25Z
2026-06-13T19:05:16Z,2026-06-13T21:05:16+0200,9460a2c8-fa12-4ac2-aa07-8ee932688218,2026-06-03T15:00:00Z,2026-06-03T17:00:00+0200,2928.32,MW,DE,DE_LU,forecast_offshore_wind_generation,Wind Offshore,2026-06-13T19:07:25Z
2026-06-13T19:05:16Z,2026-06-13T21:05:16+0200,9460a2c8-fa12-4ac2-aa07-8ee932688218,2026-06-03T15:15:00Z,2026-06-03T17:15:00+0200,2956.82,MW,DE,DE_LU,forecast_offshore_wind_generation,Wind Offshore,2026-06-13T19:07:25Z
2026-06-13T19:05:16Z,2026-06-13T21:05:16+0200,9460a2c8-fa12-4ac2-aa07-8ee932688218,2026-06-03T15:30:00Z,2026-06-03T17:30:00+0200,3070.61,MW,DE,DE_LU,forecast_offshore_wind_generation,Wind Offshore,2026-06-13T19:07:25Z
2026-06-13T19:05:16Z,2026-06-13T21:05:16+0200,9460a2c8-fa12-4ac2-aa07-8ee932688218,2026-06-03T15:45:00Z,2026-06-03T17:45:00+0200,3107.78,MW,DE,DE_LU,forecast_offshore_wind_generation,Wind Offshore,2026-06-13T19:07:25Z
2026-06-13T19:05:16Z,2026-06-13T21:05:16+0200,9460a2c8-fa12-4ac2-aa07-8ee932688218,2026-06-03T16:00:00Z,2026-06-03T18:00:00+0200,3138.41,MW,DE,DE_LU,forecast_offshore_wind_generation,Wind Offshore,2026-06-13T19:07:25Z
2026-06-13T19:05:16Z,2026-06-13T21:05:16+0200,9460a2c8-fa12-4ac2-aa07-8ee932688218,2026-06-03T16:15:00Z,2026-06-03T18:15:00+0200,3223.45,MW,DE,DE_LU,forecast_offshore_wind_generation,Wind Offshore,2026-06-13T19:07:25Z
2026-06-13T19:05:16Z,2026-06-13T21:05:16+0200,9460a2c8-fa12-4ac2-aa07-8ee932688218,2026-06-03T16:30:00Z,2026-06-03T18:30:00+0200,3281.82,MW,DE,DE_LU,forecast_offshore_wind_generation,Wind Offshore,2026-06-13T19:07:25Z
2026-06-13T19:05:16Z,2026-06-13T21:05:16+0200,9460a2c8-fa12-4ac2-aa07-8ee932688218,2026-06-03T16:45:00Z,2026-06-03T18:45:00+0200,3331.42,MW,DE,DE_LU,forecast_offshore_wind_generation,Wind Offshore,2026-06-13T19:07:25Z
2026-06-13T19:05:16Z,2026-06-13T21:05:16+0200,9460a2c8-fa12-4ac2-aa07-8ee932688218,2026-06-03T17:00:00Z,2026-06-03T19:00:00+0200,3370.41,MW,DE,DE_LU,forecast_offshore_wind_generation,Wind Offshore,2026-06-13T19:07:25Z
2026-06-13T19:05:16Z,2026-06-13T21:05:16+0200,9460a2c8-fa12-4ac2-aa07-8ee932688218,2026-06-03T17:15:00Z,2026-06-03T19:15:00+0200,3353.1,MW,DE,DE_LU,forecast_offshore_wind_generation,Wind Offshore,2026-06-13T19:07:25Z
2026-06-13T19:05:16Z,2026-06-13T21:05:16+0200,9460a2c8-fa12-4ac2-aa07-8ee932688218,2026-06-03T17:30:00Z,2026-06-03T19:30:00+0200,3326.48,MW,DE,DE_LU,forecast_offshore_wind_generation,Wind Offshore,2026-06-13T19:07:25Z
2026-06-13T19:05:16Z,2026-06-13T21:05:16+0200,9460a2c8-fa12-4ac2-aa07-8ee932688218,2026-06-03T17:45:00Z,2026-06-03T19:45:00+0200,3294.91,MW,DE,DE_LU,forecast_offshore_wind_generation,Wind Offshore,2026-06-13T19:07:25Z
2026-06-13T19:05:16Z,2026-06-13T21:05:16+0200,9460a2c8-fa12-4ac2-aa07-8ee932688218,2026-06-03T18:00:00Z,2026-06-03T20:00:00+0200,3281.92,MW,DE,DE_LU,forecast_offshore_wind_generation,Wind Offshore,2026-06-13T19:07:25Z
2026-06-13T19:05:16Z,2026-06-13T21:05:16+0200,9460a2c8-fa12-4ac2-aa07-8ee932688218,2026-06-03T18:15:00Z,2026-06-03T20:15:00+0200,3347.11,MW,DE,DE_LU,forecast_offshore_wind_generation,Wind Offshore,2026-06-13T19:07:25Z
2026-06-13T19:05:16Z,2026-06-13T21:05:16+0200,9460a2c8-fa12-4ac2-aa07-8ee932688218,2026-06-03T18:30:00Z,2026-06-03T20:30:00+0200,3419.05,MW,DE,DE_LU,forecast_offshore_wind_generation,Wind Offshore,2026-06-13T19:07:25Z
2026-06-13T19:05:16Z,2026-06-13T21:05:16+0200,9460a2c8-fa12-4ac2-aa07-8ee932688218,2026-06-03T18:45:00Z,2026-06-03T20:45:00+0200,3486.22,MW,DE,DE_LU,forecast_offshore_wind_generation,Wind Offshore,2026-06-13T19:07:25Z
2026-06-13T19:05:16Z,2026-06-13T21:05:16+0200,9460a2c8-fa12-4ac2-aa07-8ee932688218,2026-06-03T19:00:00Z,2026-06-03T21:00:00+0200,3572.84,MW,DE,DE_LU,forecast_offshore_wind_generation,Wind Offshore,2026-06-13T19:07:25Z
2026-06-13T19:05:16Z,2026-06-13T21:05:16+0200,9460a2c8-fa12-4ac2-aa07-8ee932688218,2026-06-03T19:15:00Z,2026-06-03T21:15:00+0200,3893.62,MW,DE,DE_LU,forecast_offshore_wind_generation,Wind Offshore,2026-06-13T19:07:25Z
2026-06-13T19:05:16Z,2026-06-13T21:05:16+0200,9460a2c8-fa12-4ac2-aa07-8ee932688218,2026-06-03T19:30:00Z,2026-06-03T21:30:00+0200,4197.19,MW,DE,DE_LU,forecast_offshore_wind_generation,Wind Offshore,2026-06-13T19:07:25Z
2026-06-13T19:05:16Z,2026-06-13T21:05:16+0200,9460a2c8-fa12-4ac2-aa07-8ee932688218,2026-06-03T19:45:00Z,2026-06-03T21:45:00+0200,4494.65,MW,DE,DE_LU,forecast_offshore_wind_generation,Wind Offshore,2026-06-13T19:07:25Z
2026-06-13T19:05:16Z,2026-06-13T21:05:16+0200,9460a2c8-fa12-4ac2-aa07-8ee932688218,2026-06-03T20:00:00Z,2026-06-03T22:00:00+0200,4793.01,MW,DE,DE_LU,forecast_offshore_wind_generation,Wind Offshore,2026-06-13T19:07:25Z
2026-06-13T19:05:16Z,2026-06-13T21:05:16+0200,9460a2c8-fa12-4ac2-aa07-8ee932688218,2026-06-03T20:15:00Z,2026-06-03T22:15:00+0200,5062.05,MW,DE,DE_LU,forecast_offshore_wind_generation,Wind Offshore,2026-06-13T19:07:25Z
2026-06-13T19:05:16Z,2026-06-13T21:05:16+0200,9460a2c8-fa12-4ac2-aa07-8ee932688218,2026-06-03T20:30:00Z,2026-06-03T22:30:00+0200,5340.03,MW,DE,DE_LU,forecast_offshore_wind_generation,Wind Offshore,2026-06-13T19:07:25Z
2026-06-13T19:05:16Z,2026-06-13T21:05:16+0200,9460a2c8-fa12-4ac2-aa07-8ee932688218,2026-06-03T20:45:00Z,2026-06-03T22:45:00+0200,5597.43,MW,DE,DE_LU,forecast_offshore_wind_generation,Wind Offshore,2026-06-13T19:07:25Z
2026-06-13T19:05:16Z,2026-06-13T21:05:16+0200,9460a2c8-fa12-4ac2-aa07-8ee932688218,2026-06-03T21:00:00Z,2026-06-03T23:00:00+0200,5805.09,MW,DE,DE_LU,forecast_offshore_wind_generation,Wind Offshore,2026-06-13T19:07:25Z
2026-06-13T19:05:16Z,2026-06-13T21:05:16+0200,9460a2c8-fa12-4ac2-aa07-8ee932688218,2026-06-03T21:15:00Z,2026-06-03T23:15:00+0200,5895.23,MW,DE,DE_LU,forecast_offshore_wind_generation,Wind Offshore,2026-06-13T19:07:25Z
2026-06-13T19:05:16Z,2026-06-13T21:05:16+0200,9460a2c8-fa12-4ac2-aa07-8ee932688218,2026-06-03T21:30:00Z,2026-06-03T23:30:00+0200,5991.66,MW,DE,DE_LU,forecast_offshore_wind_generation,Wind Offshore,2026-06-13T19:07:25Z
2026-06-13T19:05:16Z,2026-06-13T21:05:16+0200,9460a2c8-fa12-4ac2-aa07-8ee932688218,2026-06-03T21:45:00Z,2026-06-03T23:45:00+0200,6083.89,MW,DE,DE_LU,forecast_offshore_wind_generation,Wind Offshore,2026-06-13T19:07:25Z
2026-06-13T19:05:16Z,2026-06-13T21:05:16+0200,9460a2c8-fa12-4ac2-aa07-8ee932688218,2026-06-03T22:00:00Z,2026-06-04T00:00:00+0200,6350.33,MW,DE,DE_LU,forecast_offshore_wind_generation,Wind Offshore,2026-06-13T19:07:25Z
2026-06-13T19:05:16Z,2026-06-13T21:05:16+0200,9460a2c8-fa12-4ac2-aa07-8ee932688218,2026-06-03T22:15:00Z,2026-06-04T00:15:00+0200,6351.77,MW,DE,DE_LU,forecast_offshore_wind_generation,Wind Offshore,2026-06-13T19:07:25Z
2026-06-13T19:05:16Z,2026-06-13T21:05:16+0200,9460a2c8-fa12-4ac2-aa07-8ee932688218,2026-06-03T22:30:00Z,2026-06-04T00:30:00+0200,6342.27,MW,DE,DE_LU,forecast_offshore_wind_generation,Wind Offshore,2026-06-13T19:07:25Z
2026-06-13T19:05:16Z,2026-06-13T21:05:16+0200,9460a2c8-fa12-4ac2-aa07-8ee932688218,2026-06-03T22:45:00Z,2026-06-04T00:45:00+0200,6342.86,MW,DE,DE_LU,forecast_offshore_wind_generation,Wind Offshore,2026-06-13T19:07:25Z
2026-06-13T19:05:16Z,2026-06-13T21:05:16+0200,9460a2c8-fa12-4ac2-aa07-8ee932688218,2026-06-03T23:00:00Z,2026-06-04T01:00:00+0200,6302.51,MW,DE,DE_LU,forecast_offshore_wind_generation,Wind Offshore,2026-06-13T19:07:25Z
2026-06-13T19:05:16Z,2026-06-13T21:05:16+0200,9460a2c8-fa12-4ac2-aa07-8ee932688218,2026-06-03T23:15:00Z,2026-06-04T01:15:00+0200,6305.5,MW,DE,DE_LU,forecast_offshore_wind_generation,Wind Offshore,2026-06-13T19:07:25Z
2026-06-13T19:05:16Z,2026-06-13T21:05:16+0200,9460a2c8-fa12-4ac2-aa07-8ee932688218,2026-06-03T23:30:00Z,2026-06-04T01:30:00+0200,6304.47,MW,DE,DE_LU,forecast_offshore_wind_generation,Wind Offshore,2026-06-13T19:07:25Z
2026-06-13T19:05:16Z,2026-06-13T21:05:16+0200,9460a2c8-fa12-4ac2-aa07-8ee932688218,2026-06-03T23:45:00Z,2026-06-04T01:45:00+0200,6302.04,MW,DE,DE_LU,forecast_offshore_wind_generation,Wind Offshore,2026-06-13T19:07:25Z
2026-06-13T19:05:16Z,2026-06-13T21:05:16+0200,9460a2c8-fa12-4ac2-aa07-8ee932688218,2026-06-04T00:00:00Z,2026-06-04T02:00:00+0200,6300.35,MW,DE,DE_LU,forecast_offshore_wind_generation,Wind Offshore,2026-06-13T19:07:25Z
2026-06-13T19:05:16Z,2026-06-13T21:05:16+0200,9460a2c8-fa12-4ac2-aa07-8ee932688218,2026-06-04T00:15:00Z,2026-06-04T02:15:00+0200,6262.53,MW,DE,DE_LU,forecast_offshore_wind_generation,Wind Offshore,2026-06-13T19:07:25Z
2026-06-13T19:05:16Z,2026-06-13T21:05:16+0200,9460a2c8-fa12-4ac2-aa07-8ee932688218,2026-06-04T00:30:00Z,2026-06-04T02:30:00+0200,6238.15,MW,DE,DE_LU,forecast_offshore_wind_generation,Wind Offshore,2026-06-13T19:07:25Z
2026-06-13T19:05:16Z,2026-06-13T21:05:16+0200,9460a2c8-fa12-4ac2-aa07-8ee932688218,2026-06-04T00:45:00Z,2026-06-04T02:45:00+0200,6143.94,MW,DE,DE_LU,forecast_offshore_wind_generation,Wind Offshore,2026-06-13T19:07:25Z
2026-06-13T19:05:16Z,2026-06-13T21:05:16+0200,9460a2c8-fa12-4ac2-aa07-8ee932688218,2026-06-04T01:00:00Z,2026-06-04T03:00:00+0200,6124.42,MW,DE,DE_LU,forecast_offshore_wind_generation,Wind Offshore,2026-06-13T19:07:25Z
2026-06-13T19:05:16Z,2026-06-13T21:05:16+0200,9460a2c8-fa12-4ac2-aa07-8ee932688218,2026-06-04T01:15:00Z,2026-06-04T03:15:00+0200,6111.43,MW,DE,DE_LU,forecast_offshore_wind_generation,Wind Offshore,2026-06-13T19:07:25Z
2026-06-13T19:05:16Z,2026-06-13T21:05:16+0200,9460a2c8-fa12-4ac2-aa07-8ee932688218,2026-06-04T01:30:00Z,2026-06-04T03:30:00+0200,6096.34,MW,DE,DE_LU,forecast_offshore_wind_generation,Wind Offshore,2026-06-13T19:07:25Z
2026-06-13T19:05:16Z,2026-06-13T21:05:16+0200,9460a2c8-fa12-4ac2-aa07-8ee932688218,2026-06-04T01:45:00Z,2026-06-04T03:45:00+0200,6081.41,MW,DE,DE_LU,forecast_offshore_wind_generation,Wind Offshore,2026-06-13T19:07:25Z
2026-06-13T19:05:16Z,2026-06-13T21:05:16+0200,9460a2c8-fa12-4ac2-aa07-8ee932688218,2026-06-04T02:00:00Z,2026-06-04T04:00:00+0200,6065.48,MW,DE,DE_LU,forecast_offshore_wind_generation,Wind Offshore,2026-06-13T19:07:25Z
2026-06-13T19:05:16Z,2026-06-13T21:05:16+0200,9460a2c8-fa12-4ac2-aa07-8ee932688218,2026-06-04T02:15:00Z,2026-06-04T04:15:00+0200,6030.06,MW,DE,DE_LU,forecast_offshore_wind_generation,Wind Offshore,2026-06-13T19:07:25Z
2026-06-13T19:05:16Z,2026-06-13T21:05:16+0200,9460a2c8-fa12-4ac2-aa07-8ee932688218,2026-06-04T02:30:00Z,2026-06-04T04:30:00+0200,6019.81,MW,DE,DE_LU,forecast_offshore_wind_generation,Wind Offshore,2026-06-13T19:07:25Z
2026-06-13T19:05:16Z,2026-06-13T21:05:16+0200,9460a2c8-fa12-4ac2-aa07-8ee932688218,2026-06-04T02:45:00Z,2026-06-04T04:45:00+0200,6011.96,MW,DE,DE_LU,forecast_offshore_wind_generation,Wind Offshore,2026-06-13T19:07:25Z
2026-06-13T19:05:16Z,2026-06-13T21:05:16+0200,9460a2c8-fa12-4ac2-aa07-8ee932688218,2026-06-04T03:00:00Z,2026-06-04T05:00:00+0200,6007.82,MW,DE,DE_LU,forecast_offshore_wind_generation,Wind Offshore,2026-06-13T19:07:25Z
2026-06-13T19:05:16Z,2026-06-13T21:05:16+0200,9460a2c8-fa12-4ac2-aa07-8ee932688218,2026-06-04T03:15:00Z,2026-06-04T05:15:00+0200,6021.0,MW,DE,DE_LU,forecast_offshore_wind_generation,Wind Offshore,2026-06-13T19:07:25Z
2026-06-13T19:05:16Z,2026-06-13T21:05:16+0200,9460a2c8-fa12-4ac2-aa07-8ee932688218,2026-06-04T03:30:00Z,2026-06-04T05:30:00+0200,6031.13,MW,DE,DE_LU,forecast_offshore_wind_generation,Wind Offshore,2026-06-13T19:07:25Z
2026-06-13T19:05:16Z,2026-06-13T21:05:16+0200,9460a2c8-fa12-4ac2-aa07-8ee932688218,2026-06-04T03:45:00Z,2026-06-04T05:45:00+0200,6042.07,MW,DE,DE_LU,forecast_offshore_wind_generation,Wind Offshore,2026-06-13T19:07:25Z
2026-06-13T19:05:16Z,2026-06-13T21:05:16+0200,9460a2c8-fa12-4ac2-aa07-8ee932688218,2026-06-04T04:00:00Z,2026-06-04T06:00:00+0200,6045.83,MW,DE,DE_LU,forecast_offshore_wind_generation,Wind Offshore,2026-06-13T19:07:25Z
2026-06-13T19:05:16Z,2026-06-13T21:05:16+0200,9460a2c8-fa12-4ac2-aa07-8ee932688218,2026-06-04T04:15:00Z,2026-06-04T06:15:00+0200,6042.33,MW,DE,DE_LU,forecast_offshore_wind_generation,Wind Offshore,2026-06-13T19:07:25Z
2026-06-13T19:05:16Z,2026-06-13T21:05:16+0200,9460a2c8-fa12-4ac2-aa07-8ee932688218,2026-06-04T04:30:00Z,2026-06-04T06:30:00+0200,6039.63,MW,DE,DE_LU,forecast_offshore_wind_generation,Wind Offshore,2026-06-13T19:07:25Z
2026-06-13T19:05:16Z,2026-06-13T21:05:16+0200,9460a2c8-fa12-4ac2-aa07-8ee932688218,2026-06-04T04:45:00Z,2026-06-04T06:45:00+0200,6033.92,MW,DE,DE_LU,forecast_offshore_wind_generation,Wind Offshore,2026-06-13T19:07:25Z
2026-06-13T19:05:16Z,2026-06-13T21:05:16+0200,9460a2c8-fa12-4ac2-aa07-8ee932688218,2026-06-04T05:00:00Z,2026-06-04T07:00:00+0200,6027.95,MW,DE,DE_LU,forecast_offshore_wind_generation,Wind Offshore,2026-06-13T19:07:25Z
2026-06-13T19:05:16Z,2026-06-13T21:05:16+0200,9460a2c8-fa12-4ac2-aa07-8ee932688218,2026-06-04T05:15:00Z,2026-06-04T07:15:00+0200,6028.4,MW,DE,DE_LU,forecast_offshore_wind_generation,Wind Offshore,2026-06-13T19:07:25Z
2026-06-13T19:05:16Z,2026-06-13T21:05:16+0200,9460a2c8-fa12-4ac2-aa07-8ee932688218,2026-06-04T05:30:00Z,2026-06-04T07:30:00+0200,6028.21,MW,DE,DE_LU,forecast_offshore_wind_generation,Wind Offshore,2026-06-13T19:07:25Z
2026-06-13T19:05:16Z,2026-06-13T21:05:16+0200,9460a2c8-fa12-4ac2-aa07-8ee932688218,2026-06-04T05:45:00Z,2026-06-04T07:45:00+0200,6027.32,MW,DE,DE_LU,forecast_offshore_wind_generation,Wind Offshore,2026-06-13T19:07:25Z
2026-06-13T19:05:16Z,2026-06-13T21:05:16+0200,9460a2c8-fa12-4ac2-aa07-8ee932688218,2026-06-04T06:00:00Z,2026-06-04T08:00:00+0200,6000.52,MW,DE,DE_LU,forecast_offshore_wind_generation,Wind Offshore,2026-06-13T19:07:25Z
2026-06-13T19:05:16Z,2026-06-13T21:05:16+0200,9460a2c8-fa12-4ac2-aa07-8ee932688218,2026-06-04T06:15:00Z,2026-06-04T08:15:00+0200,5937.98,MW,DE,DE_LU,forecast_offshore_wind_generation,Wind Offshore,2026-06-13T19:07:25Z
2026-06-13T19:05:16Z,2026-06-13T21:05:16+0200,9460a2c8-fa12-4ac2-aa07-8ee932688218,2026-06-04T06:30:00Z,2026-06-04T08:30:00+0200,5770.62,MW,DE,DE_LU,forecast_offshore_wind_generation,Wind Offshore,2026-06-13T19:07:25Z
2026-06-13T19:05:16Z,2026-06-13T21:05:16+0200,9460a2c8-fa12-4ac2-aa07-8ee932688218,2026-06-04T06:45:00Z,2026-06-04T08:45:00+0200,5759.57,MW,DE,DE_LU,forecast_offshore_wind_generation,Wind Offshore,2026-06-13T19:07:25Z
2026-06-13T19:05:16Z,2026-06-13T21:05:16+0200,9460a2c8-fa12-4ac2-aa07-8ee932688218,2026-06-04T07:00:00Z,2026-06-04T09:00:00+0200,5743.5,MW,DE,DE_LU,forecast_offshore_wind_generation,Wind Offshore,2026-06-13T19:07:25Z
2026-06-13T19:05:16Z,2026-06-13T21:05:16+0200,9460a2c8-fa12-4ac2-aa07-8ee932688218,2026-06-04T07:15:00Z,2026-06-04T09:15:00+0200,5726.16,MW,DE,DE_LU,forecast_offshore_wind_generation,Wind Offshore,2026-06-13T19:07:25Z
2026-06-13T19:05:16Z,2026-06-13T21:05:16+0200,9460a2c8-fa12-4ac2-aa07-8ee932688218,2026-06-04T07:30:00Z,2026-06-04T09:30:00+0200,5705.84,MW,DE,DE_LU,forecast_offshore_wind_generation,Wind Offshore,2026-06-13T19:07:25Z
2026-06-13T19:05:16Z,2026-06-13T21:05:16+0200,9460a2c8-fa12-4ac2-aa07-8ee932688218,2026-06-04T07:45:00Z,2026-06-04T09:45:00+0200,5688.87,MW,DE,DE_LU,forecast_offshore_wind_generation,Wind Offshore,2026-06-13T19:07:25Z
2026-06-13T19:05:16Z,2026-06-13T21:05:16+0200,9460a2c8-fa12-4ac2-aa07-8ee932688218,2026-06-04T08:00:00Z,2026-06-04T10:00:00+0200,5597.96,MW,DE,DE_LU,forecast_offshore_wind_generation,Wind Offshore,2026-06-13T19:07:25Z
2026-06-13T19:05:16Z,2026-06-13T21:05:16+0200,9460a2c8-fa12-4ac2-aa07-8ee932688218,2026-06-04T08:15:00Z,2026-06-04T10:15:00+0200,5552.49,MW,DE,DE_LU,forecast_offshore_wind_generation,Wind Offshore,2026-06-13T19:07:25Z
2026-06-13T19:05:16Z,2026-06-13T21:05:16+0200,9460a2c8-fa12-4ac2-aa07-8ee932688218,2026-06-04T08:30:00Z,2026-06-04T10:30:00+0200,5506.07,MW,DE,DE_LU,forecast_offshore_wind_generation,Wind Offshore,2026-06-13T19:07:25Z
2026-06-13T19:05:16Z,2026-06-13T21:05:16+0200,9460a2c8-fa12-4ac2-aa07-8ee932688218,2026-06-04T08:45:00Z,2026-06-04T10:45:00+0200,5460.0,MW,DE,DE_LU,forecast_offshore_wind_generation,Wind Offshore,2026-06-13T19:07:25Z
2026-06-13T19:05:16Z,2026-06-13T21:05:16+0200,9460a2c8-fa12-4ac2-aa07-8ee932688218,2026-06-04T09:00:00Z,2026-06-04T11:00:00+0200,5416.52,MW,DE,DE_LU,forecast_offshore_wind_generation,Wind Offshore,2026-06-13T19:07:25Z
2026-06-13T19:05:16Z,2026-06-13T21:05:16+0200,9460a2c8-fa12-4ac2-aa07-8ee932688218,2026-06-04T09:15:00Z,2026-06-04T11:15:00+0200,5354.6,MW,DE,DE_LU,forecast_offshore_wind_generation,Wind Offshore,2026-06-13T19:07:25Z
2026-06-13T19:05:16Z,2026-06-13T21:05:16+0200,9460a2c8-fa12-4ac2-aa07-8ee932688218,2026-06-04T09:30:00Z,2026-06-04T11:30:00+0200,5297.82,MW,DE,DE_LU,forecast_offshore_wind_generation,Wind Offshore,2026-06-13T19:07:25Z
2026-06-13T19:05:16Z,2026-06-13T21:05:16+0200,9460a2c8-fa12-4ac2-aa07-8ee932688218,2026-06-04T09:45:00Z,2026-06-04T11:45:00+0200,5229.96,MW,DE,DE_LU,forecast_offshore_wind_generation,Wind Offshore,2026-06-13T19:07:25Z
2026-06-13T19:05:16Z,2026-06-13T21:05:16+0200,9460a2c8-fa12-4ac2-aa07-8ee932688218,2026-06-04T10:00:00Z,2026-06-04T12:00:00+0200,5221.89,MW,DE,DE_LU,forecast_offshore_wind_generation,Wind Offshore,2026-06-13T19:07:25Z
2026-06-13T19:05:16Z,2026-06-13T21:05:16+0200,9460a2c8-fa12-4ac2-aa07-8ee932688218,2026-06-04T10:15:00Z,2026-06-04T12:15:00+0200,5167.84,MW,DE,DE_LU,forecast_offshore_wind_generation,Wind Offshore,2026-06-13T19:07:25Z
2026-06-13T19:05:16Z,2026-06-13T21:05:16+0200,9460a2c8-fa12-4ac2-aa07-8ee932688218,2026-06-04T10:30:00Z,2026-06-04T12:30:00+0200,5123.13,MW,DE,DE_LU,forecast_offshore_wind_generation,Wind Offshore,2026-06-13T19:07:25Z
2026-06-13T19:05:16Z,2026-06-13T21:05:16+0200,9460a2c8-fa12-4ac2-aa07-8ee932688218,2026-06-04T10:45:00Z,2026-06-04T12:45:00+0200,5058.83,MW,DE,DE_LU,forecast_offshore_wind_generation,Wind Offshore,2026-06-13T19:07:25Z
2026-06-13T19:05:16Z,2026-06-13T21:05:16+0200,9460a2c8-fa12-4ac2-aa07-8ee932688218,2026-06-04T11:00:00Z,2026-06-04T13:00:00+0200,4997.35,MW,DE,DE_LU,forecast_offshore_wind_generation,Wind Offshore,2026-06-13T19:07:25Z
2026-06-13T19:05:16Z,2026-06-13T21:05:16+0200,9460a2c8-fa12-4ac2-aa07-8ee932688218,2026-06-04T11:15:00Z,2026-06-04T13:15:00+0200,4929.73,MW,DE,DE_LU,forecast_offshore_wind_generation,Wind Offshore,2026-06-13T19:07:25Z
2026-06-13T19:05:16Z,2026-06-13T21:05:16+0200,9460a2c8-fa12-4ac2-aa07-8ee932688218,2026-06-04T11:30:00Z,2026-06-04T13:30:00+0200,4868.46,MW,DE,DE_LU,forecast_offshore_wind_generation,Wind Offshore,2026-06-13T19:07:25Z
2026-06-13T19:05:16Z,2026-06-13T21:05:16+0200,9460a2c8-fa12-4ac2-aa07-8ee932688218,2026-06-04T11:45:00Z,2026-06-04T13:45:00+0200,4800.9,MW,DE,DE_LU,forecast_offshore_wind_generation,Wind Offshore,2026-06-13T19:07:25Z
2026-06-13T19:05:16Z,2026-06-13T21:05:16+0200,9460a2c8-fa12-4ac2-aa07-8ee932688218,2026-06-04T12:00:00Z,2026-06-04T14:00:00+0200,4741.12,MW,DE,DE_LU,forecast_offshore_wind_generation,Wind Offshore,2026-06-13T19:07:25Z
2026-06-13T19:05:16Z,2026-06-13T21:05:16+0200,9460a2c8-fa12-4ac2-aa07-8ee932688218,2026-06-04T12:15:00Z,2026-06-04T14:15:00+0200,4663.84,MW,DE,DE_LU,forecast_offshore_wind_generation,Wind Offshore,2026-06-13T19:07:25Z
2026-06-13T19:05:16Z,2026-06-13T21:05:16+0200,9460a2c8-fa12-4ac2-aa07-8ee932688218,2026-06-04T12:30:00Z,2026-06-04T14:30:00+0200,4581.3,MW,DE,DE_LU,forecast_offshore_wind_generation,Wind Offshore,2026-06-13T19:07:25Z
2026-06-13T19:05:16Z,2026-06-13T21:05:16+0200,9460a2c8-fa12-4ac2-aa07-8ee932688218,2026-06-04T12:45:00Z,2026-06-04T14:45:00+0200,4509.19,MW,DE,DE_LU,forecast_offshore_wind_generation,Wind Offshore,2026-06-13T19:07:25Z
2026-06-13T19:05:16Z,2026-06-13T21:05:16+0200,9460a2c8-fa12-4ac2-aa07-8ee932688218,2026-06-04T13:00:00Z,2026-06-04T15:00:00+0200,4449.16,MW,DE,DE_LU,forecast_offshore_wind_generation,Wind Offshore,2026-06-13T19:07:25Z
2026-06-13T19:05:16Z,2026-06-13T21:05:16+0200,9460a2c8-fa12-4ac2-aa07-8ee932688218,2026-06-04T13:15:00Z,2026-06-04T15:15:00+0200,4447.83,MW,DE,DE_LU,forecast_offshore_wind_generation,Wind Offshore,2026-06-13T19:07:25Z
2026-06-13T19:05:16Z,2026-06-13T21:05:16+0200,9460a2c8-fa12-4ac2-aa07-8ee932688218,2026-06-04T13:30:00Z,2026-06-04T15:30:00+0200,4450.77,MW,DE,DE_LU,forecast_offshore_wind_generation,Wind Offshore,2026-06-13T19:07:25Z
2026-06-13T19:05:16Z,2026-06-13T21:05:16+0200,9460a2c8-fa12-4ac2-aa07-8ee932688218,2026-06-04T13:45:00Z,2026-06-04T15:45:00+0200,4440.35,MW,DE,DE_LU,forecast_offshore_wind_generation,Wind Offshore,2026-06-13T19:07:25Z
2026-06-13T19:05:16Z,2026-06-13T21:05:16+0200,9460a2c8-fa12-4ac2-aa07-8ee932688218,2026-06-04T14:00:00Z,2026-06-04T16:00:00+0200,4440.34,MW,DE,DE_LU,forecast_offshore_wind_generation,Wind Offshore,2026-06-13T19:07:25Z
2026-06-13T19:05:16Z,2026-06-13T21:05:16+0200,9460a2c8-fa12-4ac2-aa07-8ee932688218,2026-06-04T14:15:00Z,2026-06-04T16:15:00+0200,4456.59,MW,DE,DE_LU,forecast_offshore_wind_generation,Wind Offshore,2026-06-13T19:07:25Z
2026-06-13T19:05:16Z,2026-06-13T21:05:16+0200,9460a2c8-fa12-4ac2-aa07-8ee932688218,2026-06-04T14:30:00Z,2026-06-04T16:30:00+0200,4466.69,MW,DE,DE_LU,forecast_offshore_wind_generation,Wind Offshore,2026-06-13T19:07:25Z
2026-06-13T19:05:16Z,2026-06-13T21:05:16+0200,9460a2c8-fa12-4ac2-aa07-8ee932688218,2026-06-04T14:45:00Z,2026-06-04T16:45:00+0200,4480.74,MW,DE,DE_LU,forecast_offshore_wind_generation,Wind Offshore,2026-06-13T19:07:25Z
2026-06-13T19:05:16Z,2026-06-13T21:05:16+0200,9460a2c8-fa12-4ac2-aa07-8ee932688218,2026-06-04T15:00:00Z,2026-06-04T17:00:00+0200,4504.89,MW,DE,DE_LU,forecast_offshore_wind_generation,Wind Offshore,2026-06-13T19:07:25Z
2026-06-13T19:05:16Z,2026-06-13T21:05:16+0200,9460a2c8-fa12-4ac2-aa07-8ee932688218,2026-06-04T15:15:00Z,2026-06-04T17:15:00+0200,4536.7,MW,DE,DE_LU,forecast_offshore_wind_generation,Wind Offshore,2026-06-13T19:07:25Z
2026-06-13T19:05:16Z,2026-06-13T21:05:16+0200,9460a2c8-fa12-4ac2-aa07-8ee932688218,2026-06-04T15:30:00Z,2026-06-04T17:30:00+0200,4565.24,MW,DE,DE_LU,forecast_offshore_wind_generation,Wind Offshore,2026-06-13T19:07:25Z
2026-06-13T19:05:16Z,2026-06-13T21:05:16+0200,9460a2c8-fa12-4ac2-aa07-8ee932688218,2026-06-04T15:45:00Z,2026-06-04T17:45:00+0200,4673.37,MW,DE,DE_LU,forecast_offshore_wind_generation,Wind Offshore,2026-06-13T19:07:25Z
2026-06-13T19:05:16Z,2026-06-13T21:05:16+0200,9460a2c8-fa12-4ac2-aa07-8ee932688218,2026-06-04T16:00:00Z,2026-06-04T18:00:00+0200,4716.88,MW,DE,DE_LU,forecast_offshore_wind_generation,Wind Offshore,2026-06-13T19:07:25Z
2026-06-13T19:05:16Z,2026-06-13T21:05:16+0200,9460a2c8-fa12-4ac2-aa07-8ee932688218,2026-06-04T16:15:00Z,2026-06-04T18:15:00+0200,4773.44,MW,DE,DE_LU,forecast_offshore_wind_generation,Wind Offshore,2026-06-13T19:07:25Z
2026-06-13T19:05:16Z,2026-06-13T21:05:16+0200,9460a2c8-fa12-4ac2-aa07-8ee932688218,2026-06-04T16:30:00Z,2026-06-04T18:30:00+0200,4832.6,MW,DE,DE_LU,forecast_offshore_wind_generation,Wind Offshore,2026-06-13T19:07:25Z
2026-06-13T19:05:16Z,2026-06-13T21:05:16+0200,9460a2c8-fa12-4ac2-aa07-8ee932688218,2026-06-04T16:45:00Z,2026-06-04T18:45:00+0200,4882.87,MW,DE,DE_LU,forecast_offshore_wind_generation,Wind Offshore,2026-06-13T19:07:25Z
2026-06-13T19:05:16Z,2026-06-13T21:05:16+0200,9460a2c8-fa12-4ac2-aa07-8ee932688218,2026-06-04T17:00:00Z,2026-06-04T19:00:00+0200,4923.06,MW,DE,DE_LU,forecast_offshore_wind_generation,Wind Offshore,2026-06-13T19:07:25Z
2026-06-13T19:05:16Z,2026-06-13T21:05:16+0200,9460a2c8-fa12-4ac2-aa07-8ee932688218,2026-06-04T17:15:00Z,2026-06-04T19:15:00+0200,4962.41,MW,DE,DE_LU,forecast_offshore_wind_generation,Wind Offshore,2026-06-13T19:07:25Z
2026-06-13T19:05:16Z,2026-06-13T21:05:16+0200,9460a2c8-fa12-4ac2-aa07-8ee932688218,2026-06-04T17:30:00Z,2026-06-04T19:30:00+0200,5000.09,MW,DE,DE_LU,forecast_offshore_wind_generation,Wind Offshore,2026-06-13T19:07:25Z
2026-06-13T19:05:16Z,2026-06-13T21:05:16+0200,9460a2c8-fa12-4ac2-aa07-8ee932688218,2026-06-04T17:45:00Z,2026-06-04T19:45:00+0200,5029.3,MW,DE,DE_LU,forecast_offshore_wind_generation,Wind Offshore,2026-06-13T19:07:25Z
2026-06-13T19:05:16Z,2026-06-13T21:05:16+0200,9460a2c8-fa12-4ac2-aa07-8ee932688218,2026-06-04T18:00:00Z,2026-06-04T20:00:00+0200,5061.05,MW,DE,DE_LU,forecast_offshore_wind_generation,Wind Offshore,2026-06-13T19:07:25Z
2026-06-13T19:05:16Z,2026-06-13T21:05:16+0200,9460a2c8-fa12-4ac2-aa07-8ee932688218,2026-06-04T18:15:00Z,2026-06-04T20:15:00+0200,5133.03,MW,DE,DE_LU,forecast_offshore_wind_generation,Wind Offshore,2026-06-13T19:07:25Z
2026-06-13T19:05:16Z,2026-06-13T21:05:16+0200,9460a2c8-fa12-4ac2-aa07-8ee932688218,2026-06-04T18:30:00Z,2026-06-04T20:30:00+0200,5203.98,MW,DE,DE_LU,forecast_offshore_wind_generation,Wind Offshore,2026-06-13T19:07:25Z
2026-06-13T19:05:16Z,2026-06-13T21:05:16+0200,9460a2c8-fa12-4ac2-aa07-8ee932688218,2026-06-04T18:45:00Z,2026-06-04T20:45:00+0200,5273.58,MW,DE,DE_LU,forecast_offshore_wind_generation,Wind Offshore,2026-06-13T19:07:25Z
2026-06-13T19:05:16Z,2026-06-13T21:05:16+0200,9460a2c8-fa12-4ac2-aa07-8ee932688218,2026-06-04T19:00:00Z,2026-06-04T21:00:00+0200,5349.49,MW,DE,DE_LU,forecast_offshore_wind_generation,Wind Offshore,2026-06-13T19:07:25Z
2026-06-13T19:05:16Z,2026-06-13T21:05:16+0200,9460a2c8-fa12-4ac2-aa07-8ee932688218,2026-06-04T19:15:00Z,2026-06-04T21:15:00+0200,5416.35,MW,DE,DE_LU,forecast_offshore_wind_generation,Wind Offshore,2026-06-13T19:07:25Z
2026-06-13T19:05:16Z,2026-06-13T21:05:16+0200,9460a2c8-fa12-4ac2-aa07-8ee932688218,2026-06-04T19:30:00Z,2026-06-04T21:30:00+0200,5485.75,MW,DE,DE_LU,forecast_offshore_wind_generation,Wind Offshore,2026-06-13T19:07:25Z
2026-06-13T19:05:16Z,2026-06-13T21:05:16+0200,9460a2c8-fa12-4ac2-aa07-8ee932688218,2026-06-04T19:45:00Z,2026-06-04T21:45:00+0200,5553.73,MW,DE,DE_LU,forecast_offshore_wind_generation,Wind Offshore,2026-06-13T19:07:25Z
2026-06-13T19:05:16Z,2026-06-13T21:05:16+0200,9460a2c8-fa12-4ac2-aa07-8ee932688218,2026-06-04T20:00:00Z,2026-06-04T22:00:00+0200,5610.05,MW,DE,DE_LU,forecast_offshore_wind_generation,Wind Offshore,2026-06-13T19:07:25Z
2026-06-13T19:05:16Z,2026-06-13T21:05:16+0200,9460a2c8-fa12-4ac2-aa07-8ee932688218,2026-06-04T20:15:00Z,2026-06-04T22:15:00+0200,5660.59,MW,DE,DE_LU,forecast_offshore_wind_generation,Wind Offshore,2026-06-13T19:07:25Z
2026-06-13T19:05:16Z,2026-06-13T21:05:16+0200,9460a2c8-fa12-4ac2-aa07-8ee932688218,2026-06-04T20:30:00Z,2026-06-04T22:30:00+0200,5707.55,MW,DE,DE_LU,forecast_offshore_wind_generation,Wind Offshore,2026-06-13T19:07:25Z
2026-06-13T19:05:16Z,2026-06-13T21:05:16+0200,9460a2c8-fa12-4ac2-aa07-8ee932688218,2026-06-04T20:45:00Z,2026-06-04T22:45:00+0200,5751.09,MW,DE,DE_LU,forecast_offshore_wind_generation,Wind Offshore,2026-06-13T19:07:25Z
2026-06-13T19:05:16Z,2026-06-13T21:05:16+0200,9460a2c8-fa12-4ac2-aa07-8ee932688218,2026-06-04T21:00:00Z,2026-06-04T23:00:00+0200,5795.67,MW,DE,DE_LU,forecast_offshore_wind_generation,Wind Offshore,2026-06-13T19:07:25Z
2026-06-13T19:05:16Z,2026-06-13T21:05:16+0200,9460a2c8-fa12-4ac2-aa07-8ee932688218,2026-06-04T21:15:00Z,2026-06-04T23:15:00+0200,5826.41,MW,DE,DE_LU,forecast_offshore_wind_generation,Wind Offshore,2026-06-13T19:07:25Z
2026-06-13T19:05:16Z,2026-06-13T21:05:16+0200,9460a2c8-fa12-4ac2-aa07-8ee932688218,2026-06-04T21:30:00Z,2026-06-04T23:30:00+0200,5860.18,MW,DE,DE_LU,forecast_offshore_wind_generation,Wind Offshore,2026-06-13T19:07:25Z
2026-06-13T19:05:16Z,2026-06-13T21:05:16+0200,9460a2c8-fa12-4ac2-aa07-8ee932688218,2026-06-04T21:45:00Z,2026-06-04T23:45:00+0200,5892.65,MW,DE,DE_LU,forecast_offshore_wind_generation,Wind Offshore,2026-06-13T19:07:25Z
2026-06-13T19:05:16Z,2026-06-13T21:05:16+0200,9460a2c8-fa12-4ac2-aa07-8ee932688218,2026-06-04T22:00:00Z,2026-06-05T00:00:00+0200,6171.06,MW,DE,DE_LU,forecast_offshore_wind_generation,Wind Offshore,2026-06-13T19:07:25Z
2026-06-13T19:05:16Z,2026-06-13T21:05:16+0200,9460a2c8-fa12-4ac2-aa07-8ee932688218,2026-06-04T22:15:00Z,2026-06-05T00:15:00+0200,6192.43,MW,DE,DE_LU,forecast_offshore_wind_generation,Wind Offshore,2026-06-13T19:07:25Z
2026-06-13T19:05:16Z,2026-06-13T21:05:16+0200,9460a2c8-fa12-4ac2-aa07-8ee932688218,2026-06-04T22:30:00Z,2026-06-05T00:30:00+0200,6212.92,MW,DE,DE_LU,forecast_offshore_wind_generation,Wind Offshore,2026-06-13T19:07:25Z
2026-06-13T19:05:16Z,2026-06-13T21:05:16+0200,9460a2c8-fa12-4ac2-aa07-8ee932688218,2026-06-04T22:45:00Z,2026-06-05T00:45:00+0200,6237.52,MW,DE,DE_LU,forecast_offshore_wind_generation,Wind Offshore,2026-06-13T19:07:25Z
2026-06-13T19:05:16Z,2026-06-13T21:05:16+0200,9460a2c8-fa12-4ac2-aa07-8ee932688218,2026-06-04T23:00:00Z,2026-06-05T01:00:00+0200,6245.78,MW,DE,DE_LU,forecast_offshore_wind_generation,Wind Offshore,2026-06-13T19:07:25Z
2026-06-13T19:05:16Z,2026-06-13T21:05:16+0200,9460a2c8-fa12-4ac2-aa07-8ee932688218,2026-06-04T23:15:00Z,2026-06-05T01:15:00+0200,6210.03,MW,DE,DE_LU,forecast_offshore_wind_generation,Wind Offshore,2026-06-13T19:07:25Z
2026-06-13T19:05:16Z,2026-06-13T21:05:16+0200,9460a2c8-fa12-4ac2-aa07-8ee932688218,2026-06-04T23:30:00Z,2026-06-05T01:30:00+0200,6178.28,MW,DE,DE_LU,forecast_offshore_wind_generation,Wind Offshore,2026-06-13T19:07:25Z
2026-06-13T19:05:16Z,2026-06-13T21:05:16+0200,9460a2c8-fa12-4ac2-aa07-8ee932688218,2026-06-04T23:45:00Z,2026-06-05T01:45:00+0200,6150.31,MW,DE,DE_LU,forecast_offshore_wind_generation,Wind Offshore,2026-06-13T19:07:25Z
2026-06-13T19:05:16Z,2026-06-13T21:05:16+0200,9460a2c8-fa12-4ac2-aa07-8ee932688218,2026-06-05T00:00:00Z,2026-06-05T02:00:00+0200,6113.64,MW,DE,DE_LU,forecast_offshore_wind_generation,Wind Offshore,2026-06-13T19:07:25Z
2026-06-13T19:05:16Z,2026-06-13T21:05:16+0200,9460a2c8-fa12-4ac2-aa07-8ee932688218,2026-06-05T00:15:00Z,2026-06-05T02:15:00+0200,6091.82,MW,DE,DE_LU,forecast_offshore_wind_generation,Wind Offshore,2026-06-13T19:07:25Z
2026-06-13T19:05:16Z,2026-06-13T21:05:16+0200,9460a2c8-fa12-4ac2-aa07-8ee932688218,2026-06-05T00:30:00Z,2026-06-05T02:30:00+0200,6061.44,MW,DE,DE_LU,forecast_offshore_wind_generation,Wind Offshore,2026-06-13T19:07:25Z
2026-06-13T19:05:16Z,2026-06-13T21:05:16+0200,9460a2c8-fa12-4ac2-aa07-8ee932688218,2026-06-05T00:45:00Z,2026-06-05T02:45:00+0200,6033.55,MW,DE,DE_LU,forecast_offshore_wind_generation,Wind Offshore,2026-06-13T19:07:25Z
2026-06-13T19:05:16Z,2026-06-13T21:05:16+0200,9460a2c8-fa12-4ac2-aa07-8ee932688218,2026-06-05T01:00:00Z,2026-06-05T03:00:00+0200,5994.95,MW,DE,DE_LU,forecast_offshore_wind_generation,Wind Offshore,2026-06-13T19:07:25Z
2026-06-13T19:05:16Z,2026-06-13T21:05:16+0200,9460a2c8-fa12-4ac2-aa07-8ee932688218,2026-06-05T01:15:00Z,2026-06-05T03:15:00+0200,5919.53,MW,DE,DE_LU,forecast_offshore_wind_generation,Wind Offshore,2026-06-13T19:07:25Z
2026-06-13T19:05:16Z,2026-06-13T21:05:16+0200,9460a2c8-fa12-4ac2-aa07-8ee932688218,2026-06-05T01:30:00Z,2026-06-05T03:30:00+0200,5841.2,MW,DE,DE_LU,forecast_offshore_wind_generation,Wind Offshore,2026-06-13T19:07:25Z
2026-06-13T19:05:16Z,2026-06-13T21:05:16+0200,9460a2c8-fa12-4ac2-aa07-8ee932688218,2026-06-05T01:45:00Z,2026-06-05T03:45:00+0200,5759.64,MW,DE,DE_LU,forecast_offshore_wind_generation,Wind Offshore,2026-06-13T19:07:25Z
2026-06-13T19:05:16Z,2026-06-13T21:05:16+0200,9460a2c8-fa12-4ac2-aa07-8ee932688218,2026-06-05T02:00:00Z,2026-06-05T04:00:00+0200,5676.15,MW,DE,DE_LU,forecast_offshore_wind_generation,Wind Offshore,2026-06-13T19:07:25Z
2026-06-13T19:05:16Z,2026-06-13T21:05:16+0200,9460a2c8-fa12-4ac2-aa07-8ee932688218,2026-06-05T02:15:00Z,2026-06-05T04:15:00+0200,5587.97,MW,DE,DE_LU,forecast_offshore_wind_generation,Wind Offshore,2026-06-13T19:07:25Z
2026-06-13T19:05:16Z,2026-06-13T21:05:16+0200,9460a2c8-fa12-4ac2-aa07-8ee932688218,2026-06-05T02:30:00Z,2026-06-05T04:30:00+0200,5501.05,MW,DE,DE_LU,forecast_offshore_wind_generation,Wind Offshore,2026-06-13T19:07:25Z
2026-06-13T19:05:16Z,2026-06-13T21:05:16+0200,9460a2c8-fa12-4ac2-aa07-8ee932688218,2026-06-05T02:45:00Z,2026-06-05T04:45:00+0200,5409.07,MW,DE,DE_LU,forecast_offshore_wind_generation,Wind Offshore,2026-06-13T19:07:25Z
2026-06-13T19:05:16Z,2026-06-13T21:05:16+0200,9460a2c8-fa12-4ac2-aa07-8ee932688218,2026-06-05T03:00:00Z,2026-06-05T05:00:00+0200,5320.35,MW,DE,DE_LU,forecast_offshore_wind_generation,Wind Offshore,2026-06-13T19:07:25Z
2026-06-13T19:05:16Z,2026-06-13T21:05:16+0200,9460a2c8-fa12-4ac2-aa07-8ee932688218,2026-06-05T03:15:00Z,2026-06-05T05:15:00+0200,5213.49,MW,DE,DE_LU,forecast_offshore_wind_generation,Wind Offshore,2026-06-13T19:07:25Z
2026-06-13T19:05:16Z,2026-06-13T21:05:16+0200,9460a2c8-fa12-4ac2-aa07-8ee932688218,2026-06-05T03:30:00Z,2026-06-05T05:30:00+0200,5106.73,MW,DE,DE_LU,forecast_offshore_wind_generation,Wind Offshore,2026-06-13T19:07:25Z
2026-06-13T19:05:16Z,2026-06-13T21:05:16+0200,9460a2c8-fa12-4ac2-aa07-8ee932688218,2026-06-05T03:45:00Z,2026-06-05T05:45:00+0200,4992.89,MW,DE,DE_LU,forecast_offshore_wind_generation,Wind Offshore,2026-06-13T19:07:25Z
2026-06-13T19:05:16Z,2026-06-13T21:05:16+0200,9460a2c8-fa12-4ac2-aa07-8ee932688218,2026-06-05T04:00:00Z,2026-06-05T06:00:00+0200,4873.87,MW,DE,DE_LU,forecast_offshore_wind_generation,Wind Offshore,2026-06-13T19:07:25Z
2026-06-13T19:05:16Z,2026-06-13T21:05:16+0200,9460a2c8-fa12-4ac2-aa07-8ee932688218,2026-06-05T04:15:00Z,2026-06-05T06:15:00+0200,4757.51,MW,DE,DE_LU,forecast_offshore_wind_generation,Wind Offshore,2026-06-13T19:07:25Z
2026-06-13T19:05:16Z,2026-06-13T21:05:16+0200,9460a2c8-fa12-4ac2-aa07-8ee932688218,2026-06-05T04:30:00Z,2026-06-05T06:30:00+0200,4645.08,MW,DE,DE_LU,forecast_offshore_wind_generation,Wind Offshore,2026-06-13T19:07:25Z
2026-06-13T19:05:16Z,2026-06-13T21:05:16+0200,9460a2c8-fa12-4ac2-aa07-8ee932688218,2026-06-05T04:45:00Z,2026-06-05T06:45:00+0200,4530.3,MW,DE,DE_LU,forecast_offshore_wind_generation,Wind Offshore,2026-06-13T19:07:25Z
2026-06-13T19:05:16Z,2026-06-13T21:05:16+0200,9460a2c8-fa12-4ac2-aa07-8ee932688218,2026-06-05T05:00:00Z,2026-06-05T07:00:00+0200,4409.14,MW,DE,DE_LU,forecast_offshore_wind_generation,Wind Offshore,2026-06-13T19:07:25Z
2026-06-13T19:05:16Z,2026-06-13T21:05:16+0200,9460a2c8-fa12-4ac2-aa07-8ee932688218,2026-06-05T05:15:00Z,2026-06-05T07:15:00+0200,4315.3,MW,DE,DE_LU,forecast_offshore_wind_generation,Wind Offshore,2026-06-13T19:07:25Z
2026-06-13T19:05:16Z,2026-06-13T21:05:16+0200,9460a2c8-fa12-4ac2-aa07-8ee932688218,2026-06-05T05:30:00Z,2026-06-05T07:30:00+0200,4224.5,MW,DE,DE_LU,forecast_offshore_wind_generation,Wind Offshore,2026-06-13T19:07:25Z
2026-06-13T19:05:16Z,2026-06-13T21:05:16+0200,9460a2c8-fa12-4ac2-aa07-8ee932688218,2026-06-05T05:45:00Z,2026-06-05T07:45:00+0200,4087.2,MW,DE,DE_LU,forecast_offshore_wind_generation,Wind Offshore,2026-06-13T19:07:25Z
2026-06-13T19:05:16Z,2026-06-13T21:05:16+0200,9460a2c8-fa12-4ac2-aa07-8ee932688218,2026-06-05T06:00:00Z,2026-06-05T08:00:00+0200,3984.7,MW,DE,DE_LU,forecast_offshore_wind_generation,Wind Offshore,2026-06-13T19:07:25Z
2026-06-13T19:05:16Z,2026-06-13T21:05:16+0200,9460a2c8-fa12-4ac2-aa07-8ee932688218,2026-06-05T06:15:00Z,2026-06-05T08:15:00+0200,3920.07,MW,DE,DE_LU,forecast_offshore_wind_generation,Wind Offshore,2026-06-13T19:07:25Z
2026-06-13T19:05:16Z,2026-06-13T21:05:16+0200,9460a2c8-fa12-4ac2-aa07-8ee932688218,2026-06-05T06:30:00Z,2026-06-05T08:30:00+0200,3846.66,MW,DE,DE_LU,forecast_offshore_wind_generation,Wind Offshore,2026-06-13T19:07:25Z
2026-06-13T19:05:16Z,2026-06-13T21:05:16+0200,9460a2c8-fa12-4ac2-aa07-8ee932688218,2026-06-05T06:45:00Z,2026-06-05T08:45:00+0200,3779.18,MW,DE,DE_LU,forecast_offshore_wind_generation,Wind Offshore,2026-06-13T19:07:25Z
2026-06-13T19:05:16Z,2026-06-13T21:05:16+0200,9460a2c8-fa12-4ac2-aa07-8ee932688218,2026-06-05T07:00:00Z,2026-06-05T09:00:00+0200,3713.92,MW,DE,DE_LU,forecast_offshore_wind_generation,Wind Offshore,2026-06-13T19:07:25Z
2026-06-13T19:05:16Z,2026-06-13T21:05:16+0200,9460a2c8-fa12-4ac2-aa07-8ee932688218,2026-06-05T07:15:00Z,2026-06-05T09:15:00+0200,3656.44,MW,DE,DE_LU,forecast_offshore_wind_generation,Wind Offshore,2026-06-13T19:07:25Z
2026-06-13T19:05:16Z,2026-06-13T21:05:16+0200,9460a2c8-fa12-4ac2-aa07-8ee932688218,2026-06-05T07:30:00Z,2026-06-05T09:30:00+0200,3620.29,MW,DE,DE_LU,forecast_offshore_wind_generation,Wind Offshore,2026-06-13T19:07:25Z
2026-06-13T19:05:16Z,2026-06-13T21:05:16+0200,9460a2c8-fa12-4ac2-aa07-8ee932688218,2026-06-05T07:45:00Z,2026-06-05T09:45:00+0200,3563.52,MW,DE,DE_LU,forecast_offshore_wind_generation,Wind Offshore,2026-06-13T19:07:25Z
2026-06-13T19:05:16Z,2026-06-13T21:05:16+0200,9460a2c8-fa12-4ac2-aa07-8ee932688218,2026-06-05T08:00:00Z,2026-06-05T10:00:00+0200,3507.47,MW,DE,DE_LU,forecast_offshore_wind_generation,Wind Offshore,2026-06-13T19:07:25Z
2026-06-13T19:05:16Z,2026-06-13T21:05:16+0200,9460a2c8-fa12-4ac2-aa07-8ee932688218,2026-06-05T08:15:00Z,2026-06-05T10:15:00+0200,3439.49,MW,DE,DE_LU,forecast_offshore_wind_generation,Wind Offshore,2026-06-13T19:07:25Z
2026-06-13T19:05:16Z,2026-06-13T21:05:16+0200,9460a2c8-fa12-4ac2-aa07-8ee932688218,2026-06-05T08:30:00Z,2026-06-05T10:30:00+0200,3368.96,MW,DE,DE_LU,forecast_offshore_wind_generation,Wind Offshore,2026-06-13T19:07:25Z
2026-06-13T19:05:16Z,2026-06-13T21:05:16+0200,9460a2c8-fa12-4ac2-aa07-8ee932688218,2026-06-05T08:45:00Z,2026-06-05T10:45:00+0200,3296.35,MW,DE,DE_LU,forecast_offshore_wind_generation,Wind Offshore,2026-06-13T19:07:25Z
2026-06-13T19:05:16Z,2026-06-13T21:05:16+0200,9460a2c8-fa12-4ac2-aa07-8ee932688218,2026-06-05T09:00:00Z,2026-06-05T11:00:00+0200,3189.52,MW,DE,DE_LU,forecast_offshore_wind_generation,Wind Offshore,2026-06-13T19:07:25Z
2026-06-13T19:05:16Z,2026-06-13T21:05:16+0200,9460a2c8-fa12-4ac2-aa07-8ee932688218,2026-06-05T09:15:00Z,2026-06-05T11:15:00+0200,3118.67,MW,DE,DE_LU,forecast_offshore_wind_generation,Wind Offshore,2026-06-13T19:07:25Z
2026-06-13T19:05:16Z,2026-06-13T21:05:16+0200,9460a2c8-fa12-4ac2-aa07-8ee932688218,2026-06-05T09:30:00Z,2026-06-05T11:30:00+0200,3036.53,MW,DE,DE_LU,forecast_offshore_wind_generation,Wind Offshore,2026-06-13T19:07:25Z
2026-06-13T19:05:16Z,2026-06-13T21:05:16+0200,9460a2c8-fa12-4ac2-aa07-8ee932688218,2026-06-05T09:45:00Z,2026-06-05T11:45:00+0200,2965.01,MW,DE,DE_LU,forecast_offshore_wind_generation,Wind Offshore,2026-06-13T19:07:25Z
2026-06-13T19:05:16Z,2026-06-13T21:05:16+0200,9460a2c8-fa12-4ac2-aa07-8ee932688218,2026-06-05T10:00:00Z,2026-06-05T12:00:00+0200,2833.07,MW,DE,DE_LU,forecast_offshore_wind_generation,Wind Offshore,2026-06-13T19:07:25Z
2026-06-13T19:05:16Z,2026-06-13T21:05:16+0200,9460a2c8-fa12-4ac2-aa07-8ee932688218,2026-06-05T10:15:00Z,2026-06-05T12:15:00+0200,2785.91,MW,DE,DE_LU,forecast_offshore_wind_generation,Wind Offshore,2026-06-13T19:07:25Z
2026-06-13T19:05:16Z,2026-06-13T21:05:16+0200,9460a2c8-fa12-4ac2-aa07-8ee932688218,2026-06-05T10:30:00Z,2026-06-05T12:30:00+0200,2736.8,MW,DE,DE_LU,forecast_offshore_wind_generation,Wind Offshore,2026-06-13T19:07:25Z
2026-06-13T19:05:16Z,2026-06-13T21:05:16+0200,9460a2c8-fa12-4ac2-aa07-8ee932688218,2026-06-05T10:45:00Z,2026-06-05T12:45:00+0200,2685.9,MW,DE,DE_LU,forecast_offshore_wind_generation,Wind Offshore,2026-06-13T19:07:25Z
2026-06-13T19:05:16Z,2026-06-13T21:05:16+0200,9460a2c8-fa12-4ac2-aa07-8ee932688218,2026-06-05T11:00:00Z,2026-06-05T13:00:00+0200,2639.89,MW,DE,DE_LU,forecast_offshore_wind_generation,Wind Offshore,2026-06-13T19:07:25Z
2026-06-13T19:05:16Z,2026-06-13T21:05:16+0200,9460a2c8-fa12-4ac2-aa07-8ee932688218,2026-06-05T11:15:00Z,2026-06-05T13:15:00+0200,2614.16,MW,DE,DE_LU,forecast_offshore_wind_generation,Wind Offshore,2026-06-13T19:07:25Z
2026-06-13T19:05:16Z,2026-06-13T21:05:16+0200,9460a2c8-fa12-4ac2-aa07-8ee932688218,2026-06-05T11:30:00Z,2026-06-05T13:30:00+0200,2577.33,MW,DE,DE_LU,forecast_offshore_wind_generation,Wind Offshore,2026-06-13T19:07:25Z
2026-06-13T19:05:16Z,2026-06-13T21:05:16+0200,9460a2c8-fa12-4ac2-aa07-8ee932688218,2026-06-05T11:45:00Z,2026-06-05T13:45:00+0200,2541.74,MW,DE,DE_LU,forecast_offshore_wind_generation,Wind Offshore,2026-06-13T19:07:25Z
2026-06-13T19:05:16Z,2026-06-13T21:05:16+0200,9460a2c8-fa12-4ac2-aa07-8ee932688218,2026-06-05T12:00:00Z,2026-06-05T14:00:00+0200,2508.22,MW,DE,DE_LU,forecast_offshore_wind_generation,Wind Offshore,2026-06-13T19:07:25Z
2026-06-13T19:05:16Z,2026-06-13T21:05:16+0200,9460a2c8-fa12-4ac2-aa07-8ee932688218,2026-06-05T12:15:00Z,2026-06-05T14:15:00+0200,2472.98,MW,DE,DE_LU,forecast_offshore_wind_generation,Wind Offshore,2026-06-13T19:07:25Z
2026-06-13T19:05:16Z,2026-06-13T21:05:16+0200,9460a2c8-fa12-4ac2-aa07-8ee932688218,2026-06-05T12:30:00Z,2026-06-05T14:30:00+0200,2440.8,MW,DE,DE_LU,forecast_offshore_wind_generation,Wind Offshore,2026-06-13T19:07:25Z
2026-06-13T19:05:16Z,2026-06-13T21:05:16+0200,9460a2c8-fa12-4ac2-aa07-8ee932688218,2026-06-05T12:45:00Z,2026-06-05T14:45:00+0200,2405.77,MW,DE,DE_LU,forecast_offshore_wind_generation,Wind Offshore,2026-06-13T19:07:25Z
2026-06-13T19:05:16Z,2026-06-13T21:05:16+0200,9460a2c8-fa12-4ac2-aa07-8ee932688218,2026-06-05T13:00:00Z,2026-06-05T15:00:00+0200,2372.62,MW,DE,DE_LU,forecast_offshore_wind_generation,Wind Offshore,2026-06-13T19:07:25Z
2026-06-13T19:05:16Z,2026-06-13T21:05:16+0200,9460a2c8-fa12-4ac2-aa07-8ee932688218,2026-06-05T13:15:00Z,2026-06-05T15:15:00+0200,2326.49,MW,DE,DE_LU,forecast_offshore_wind_generation,Wind Offshore,2026-06-13T19:07:25Z
2026-06-13T19:05:16Z,2026-06-13T21:05:16+0200,9460a2c8-fa12-4ac2-aa07-8ee932688218,2026-06-05T13:30:00Z,2026-06-05T15:30:00+0200,2284.44,MW,DE,DE_LU,forecast_offshore_wind_generation,Wind Offshore,2026-06-13T19:07:25Z
2026-06-13T19:05:16Z,2026-06-13T21:05:16+0200,9460a2c8-fa12-4ac2-aa07-8ee932688218,2026-06-05T13:45:00Z,2026-06-05T15:45:00+0200,2239.76,MW,DE,DE_LU,forecast_offshore_wind_generation,Wind Offshore,2026-06-13T19:07:25Z
2026-06-13T19:05:16Z,2026-06-13T21:05:16+0200,9460a2c8-fa12-4ac2-aa07-8ee932688218,2026-06-05T14:00:00Z,2026-06-05T16:00:00+0200,2181.45,MW,DE,DE_LU,forecast_offshore_wind_generation,Wind Offshore,2026-06-13T19:07:25Z
2026-06-13T19:05:16Z,2026-06-13T21:05:16+0200,9460a2c8-fa12-4ac2-aa07-8ee932688218,2026-06-05T14:15:00Z,2026-06-05T16:15:00+0200,2101.76,MW,DE,DE_LU,forecast_offshore_wind_generation,Wind Offshore,2026-06-13T19:07:25Z
2026-06-13T19:05:16Z,2026-06-13T21:05:16+0200,9460a2c8-fa12-4ac2-aa07-8ee932688218,2026-06-05T14:30:00Z,2026-06-05T16:30:00+0200,2028.12,MW,DE,DE_LU,forecast_offshore_wind_generation,Wind Offshore,2026-06-13T19:07:25Z
2026-06-13T19:05:16Z,2026-06-13T21:05:16+0200,9460a2c8-fa12-4ac2-aa07-8ee932688218,2026-06-05T14:45:00Z,2026-06-05T16:45:00+0200,1935.96,MW,DE,DE_LU,forecast_offshore_wind_generation,Wind Offshore,2026-06-13T19:07:25Z
2026-06-13T19:05:16Z,2026-06-13T21:05:16+0200,9460a2c8-fa12-4ac2-aa07-8ee932688218,2026-06-05T15:00:00Z,2026-06-05T17:00:00+0200,1852.75,MW,DE,DE_LU,forecast_offshore_wind_generation,Wind Offshore,2026-06-13T19:07:25Z
2026-06-13T19:05:16Z,2026-06-13T21:05:16+0200,9460a2c8-fa12-4ac2-aa07-8ee932688218,2026-06-05T15:15:00Z,2026-06-05T17:15:00+0200,1750.24,MW,DE,DE_LU,forecast_offshore_wind_generation,Wind Offshore,2026-06-13T19:07:25Z
2026-06-13T19:05:16Z,2026-06-13T21:05:16+0200,9460a2c8-fa12-4ac2-aa07-8ee932688218,2026-06-05T15:30:00Z,2026-06-05T17:30:00+0200,1643.29,MW,DE,DE_LU,forecast_offshore_wind_generation,Wind Offshore,2026-06-13T19:07:25Z
2026-06-13T19:05:16Z,2026-06-13T21:05:16+0200,9460a2c8-fa12-4ac2-aa07-8ee932688218,2026-06-05T15:45:00Z,2026-06-05T17:45:00+0200,1540.95,MW,DE,DE_LU,forecast_offshore_wind_generation,Wind Offshore,2026-06-13T19:07:25Z
2026-06-13T19:05:16Z,2026-06-13T21:05:16+0200,9460a2c8-fa12-4ac2-aa07-8ee932688218,2026-06-05T16:00:00Z,2026-06-05T18:00:00+0200,1426.83,MW,DE,DE_LU,forecast_offshore_wind_generation,Wind Offshore,2026-06-13T19:07:25Z
2026-06-13T19:05:16Z,2026-06-13T21:05:16+0200,9460a2c8-fa12-4ac2-aa07-8ee932688218,2026-06-05T16:15:00Z,2026-06-05T18:15:00+0200,1321.75,MW,DE,DE_LU,forecast_offshore_wind_generation,Wind Offshore,2026-06-13T19:07:25Z
2026-06-13T19:05:16Z,2026-06-13T21:05:16+0200,9460a2c8-fa12-4ac2-aa07-8ee932688218,2026-06-05T16:30:00Z,2026-06-05T18:30:00+0200,1214.8,MW,DE,DE_LU,forecast_offshore_wind_generation,Wind Offshore,2026-06-13T19:07:25Z
2026-06-13T19:05:16Z,2026-06-13T21:05:16+0200,9460a2c8-fa12-4ac2-aa07-8ee932688218,2026-06-05T16:45:00Z,2026-06-05T18:45:00+0200,1102.94,MW,DE,DE_LU,forecast_offshore_wind_generation,Wind Offshore,2026-06-13T19:07:25Z
2026-06-13T19:05:16Z,2026-06-13T21:05:16+0200,9460a2c8-fa12-4ac2-aa07-8ee932688218,2026-06-05T17:00:00Z,2026-06-05T19:00:00+0200,1000.38,MW,DE,DE_LU,forecast_offshore_wind_generation,Wind Offshore,2026-06-13T19:07:25Z
2026-06-13T19:05:16Z,2026-06-13T21:05:16+0200,9460a2c8-fa12-4ac2-aa07-8ee932688218,2026-06-05T17:15:00Z,2026-06-05T19:15:00+0200,909.96,MW,DE,DE_LU,forecast_offshore_wind_generation,Wind Offshore,2026-06-13T19:07:25Z
2026-06-13T19:05:16Z,2026-06-13T21:05:16+0200,9460a2c8-fa12-4ac2-aa07-8ee932688218,2026-06-05T17:30:00Z,2026-06-05T19:30:00+0200,822.5,MW,DE,DE_LU,forecast_offshore_wind_generation,Wind Offshore,2026-06-13T19:07:25Z
2026-06-13T19:05:16Z,2026-06-13T21:05:16+0200,9460a2c8-fa12-4ac2-aa07-8ee932688218,2026-06-05T17:45:00Z,2026-06-05T19:45:00+0200,743.1,MW,DE,DE_LU,forecast_offshore_wind_generation,Wind Offshore,2026-06-13T19:07:25Z
2026-06-13T19:05:16Z,2026-06-13T21:05:16+0200,9460a2c8-fa12-4ac2-aa07-8ee932688218,2026-06-05T18:00:00Z,2026-06-05T20:00:00+0200,670.18,MW,DE,DE_LU,forecast_offshore_wind_generation,Wind Offshore,2026-06-13T19:07:25Z
2026-06-13T19:05:16Z,2026-06-13T21:05:16+0200,9460a2c8-fa12-4ac2-aa07-8ee932688218,2026-06-05T18:15:00Z,2026-06-05T20:15:00+0200,625.13,MW,DE,DE_LU,forecast_offshore_wind_generation,Wind Offshore,2026-06-13T19:07:25Z
2026-06-13T19:05:16Z,2026-06-13T21:05:16+0200,9460a2c8-fa12-4ac2-aa07-8ee932688218,2026-06-05T18:30:00Z,2026-06-05T20:30:00+0200,583.33,MW,DE,DE_LU,forecast_offshore_wind_generation,Wind Offshore,2026-06-13T19:07:25Z
2026-06-13T19:05:16Z,2026-06-13T21:05:16+0200,9460a2c8-fa12-4ac2-aa07-8ee932688218,2026-06-05T18:45:00Z,2026-06-05T20:45:00+0200,537.82,MW,DE,DE_LU,forecast_offshore_wind_generation,Wind Offshore,2026-06-13T19:07:25Z
2026-06-13T19:05:16Z,2026-06-13T21:05:16+0200,9460a2c8-fa12-4ac2-aa07-8ee932688218,2026-06-05T19:00:00Z,2026-06-05T21:00:00+0200,504.46,MW,DE,DE_LU,forecast_offshore_wind_generation,Wind Offshore,2026-06-13T19:07:25Z
2026-06-13T19:05:16Z,2026-06-13T21:05:16+0200,9460a2c8-fa12-4ac2-aa07-8ee932688218,2026-06-05T19:15:00Z,2026-06-05T21:15:00+0200,496.05,MW,DE,DE_LU,forecast_offshore_wind_generation,Wind Offshore,2026-06-13T19:07:25Z
2026-06-13T19:05:16Z,2026-06-13T21:05:16+0200,9460a2c8-fa12-4ac2-aa07-8ee932688218,2026-06-05T19:30:00Z,2026-06-05T21:30:00+0200,489.37,MW,DE,DE_LU,forecast_offshore_wind_generation,Wind Offshore,2026-06-13T19:07:25Z
2026-06-13T19:05:16Z,2026-06-13T21:05:16+0200,9460a2c8-fa12-4ac2-aa07-8ee932688218,2026-06-05T19:45:00Z,2026-06-05T21:45:00+0200,480.32,MW,DE,DE_LU,forecast_offshore_wind_generation,Wind Offshore,2026-06-13T19:07:25Z
2026-06-13T19:05:16Z,2026-06-13T21:05:16+0200,9460a2c8-fa12-4ac2-aa07-8ee932688218,2026-06-05T20:00:00Z,2026-06-05T22:00:00+0200,482.4,MW,DE,DE_LU,forecast_offshore_wind_generation,Wind Offshore,2026-06-13T19:07:25Z
2026-06-13T19:05:16Z,2026-06-13T21:05:16+0200,9460a2c8-fa12-4ac2-aa07-8ee932688218,2026-06-05T20:15:00Z,2026-06-05T22:15:00+0200,489.21,MW,DE,DE_LU,forecast_offshore_wind_generation,Wind Offshore,2026-06-13T19:07:25Z
2026-06-13T19:05:16Z,2026-06-13T21:05:16+0200,9460a2c8-fa12-4ac2-aa07-8ee932688218,2026-06-05T20:30:00Z,2026-06-05T22:30:00+0200,493.11,MW,DE,DE_LU,forecast_offshore_wind_generation,Wind Offshore,2026-06-13T19:07:25Z
2026-06-13T19:05:16Z,2026-06-13T21:05:16+0200,9460a2c8-fa12-4ac2-aa07-8ee932688218,2026-06-05T20:45:00Z,2026-06-05T22:45:00+0200,499.53,MW,DE,DE_LU,forecast_offshore_wind_generation,Wind Offshore,2026-06-13T19:07:25Z
2026-06-13T19:05:16Z,2026-06-13T21:05:16+0200,9460a2c8-fa12-4ac2-aa07-8ee932688218,2026-06-05T21:00:00Z,2026-06-05T23:00:00+0200,508.57,MW,DE,DE_LU,forecast_offshore_wind_generation,Wind Offshore,2026-06-13T19:07:25Z
2026-06-13T19:05:16Z,2026-06-13T21:05:16+0200,9460a2c8-fa12-4ac2-aa07-8ee932688218,2026-06-05T21:15:00Z,2026-06-05T23:15:00+0200,507.69,MW,DE,DE_LU,forecast_offshore_wind_generation,Wind Offshore,2026-06-13T19:07:25Z
2026-06-13T19:05:16Z,2026-06-13T21:05:16+0200,9460a2c8-fa12-4ac2-aa07-8ee932688218,2026-06-05T21:30:00Z,2026-06-05T23:30:00+0200,511.81,MW,DE,DE_LU,forecast_offshore_wind_generation,Wind Offshore,2026-06-13T19:07:25Z
2026-06-13T19:05:16Z,2026-06-13T21:05:16+0200,9460a2c8-fa12-4ac2-aa07-8ee932688218,2026-06-05T21:45:00Z,2026-06-05T23:45:00+0200,509.6,MW,DE,DE_LU,forecast_offshore_wind_generation,Wind Offshore,2026-06-13T19:07:25Z
2026-06-13T19:05:16Z,2026-06-13T21:05:16+0200,9460a2c8-fa12-4ac2-aa07-8ee932688218,2026-06-05T22:00:00Z,2026-06-06T00:00:00+0200,401.78,MW,DE,DE_LU,forecast_offshore_wind_generation,Wind Offshore,2026-06-13T19:07:25Z
2026-06-13T19:05:16Z,2026-06-13T21:05:16+0200,9460a2c8-fa12-4ac2-aa07-8ee932688218,2026-06-05T22:15:00Z,2026-06-06T00:15:00+0200,397.62,MW,DE,DE_LU,forecast_offshore_wind_generation,Wind Offshore,2026-06-13T19:07:25Z
2026-06-13T19:05:16Z,2026-06-13T21:05:16+0200,9460a2c8-fa12-4ac2-aa07-8ee932688218,2026-06-05T22:30:00Z,2026-06-06T00:30:00+0200,392.51,MW,DE,DE_LU,forecast_offshore_wind_generation,Wind Offshore,2026-06-13T19:07:25Z
2026-06-13T19:05:16Z,2026-06-13T21:05:16+0200,9460a2c8-fa12-4ac2-aa07-8ee932688218,2026-06-05T22:45:00Z,2026-06-06T00:45:00+0200,386.31,MW,DE,DE_LU,forecast_offshore_wind_generation,Wind Offshore,2026-06-13T19:07:25Z
2026-06-13T19:05:16Z,2026-06-13T21:05:16+0200,9460a2c8-fa12-4ac2-aa07-8ee932688218,2026-06-05T23:00:00Z,2026-06-06T01:00:00+0200,381.01,MW,DE,DE_LU,forecast_offshore_wind_generation,Wind Offshore,2026-06-13T19:07:25Z
2026-06-13T19:05:16Z,2026-06-13T21:05:16+0200,9460a2c8-fa12-4ac2-aa07-8ee932688218,2026-06-05T23:15:00Z,2026-06-06T01:15:00+0200,375.67,MW,DE,DE_LU,forecast_offshore_wind_generation,Wind Offshore,2026-06-13T19:07:25Z
2026-06-13T19:05:16Z,2026-06-13T21:05:16+0200,9460a2c8-fa12-4ac2-aa07-8ee932688218,2026-06-05T23:30:00Z,2026-06-06T01:30:00+0200,373.34,MW,DE,DE_LU,forecast_offshore_wind_generation,Wind Offshore,2026-06-13T19:07:25Z
2026-06-13T19:05:16Z,2026-06-13T21:05:16+0200,9460a2c8-fa12-4ac2-aa07-8ee932688218,2026-06-05T23:45:00Z,2026-06-06T01:45:00+0200,370.11,MW,DE,DE_LU,forecast_offshore_wind_generation,Wind Offshore,2026-06-13T19:07:25Z
2026-06-13T19:05:16Z,2026-06-13T21:05:16+0200,9460a2c8-fa12-4ac2-aa07-8ee932688218,2026-06-06T00:00:00Z,2026-06-06T02:00:00+0200,366.84,MW,DE,DE_LU,forecast_offshore_wind_generation,Wind Offshore,2026-06-13T19:07:25Z
2026-06-13T19:05:16Z,2026-06-13T21:05:16+0200,9460a2c8-fa12-4ac2-aa07-8ee932688218,2026-06-06T00:15:00Z,2026-06-06T02:15:00+0200,366.79,MW,DE,DE_LU,forecast_offshore_wind_generation,Wind Offshore,2026-06-13T19:07:25Z
2026-06-13T19:05:16Z,2026-06-13T21:05:16+0200,9460a2c8-fa12-4ac2-aa07-8ee932688218,2026-06-06T00:30:00Z,2026-06-06T02:30:00+0200,369.85,MW,DE,DE_LU,forecast_offshore_wind_generation,Wind Offshore,2026-06-13T19:07:25Z
2026-06-13T19:05:16Z,2026-06-13T21:05:16+0200,9460a2c8-fa12-4ac2-aa07-8ee932688218,2026-06-06T00:45:00Z,2026-06-06T02:45:00+0200,370.23,MW,DE,DE_LU,forecast_offshore_wind_generation,Wind Offshore,2026-06-13T19:07:25Z
2026-06-13T19:05:16Z,2026-06-13T21:05:16+0200,9460a2c8-fa12-4ac2-aa07-8ee932688218,2026-06-06T01:00:00Z,2026-06-06T03:00:00+0200,368.95,MW,DE,DE_LU,forecast_offshore_wind_generation,Wind Offshore,2026-06-13T19:07:25Z
2026-06-13T19:05:16Z,2026-06-13T21:05:16+0200,9460a2c8-fa12-4ac2-aa07-8ee932688218,2026-06-06T01:15:00Z,2026-06-06T03:15:00+0200,382.86,MW,DE,DE_LU,forecast_offshore_wind_generation,Wind Offshore,2026-06-13T19:07:25Z
2026-06-13T19:05:16Z,2026-06-13T21:05:16+0200,9460a2c8-fa12-4ac2-aa07-8ee932688218,2026-06-06T01:30:00Z,2026-06-06T03:30:00+0200,389.93,MW,DE,DE_LU,forecast_offshore_wind_generation,Wind Offshore,2026-06-13T19:07:25Z
2026-06-13T19:05:16Z,2026-06-13T21:05:16+0200,9460a2c8-fa12-4ac2-aa07-8ee932688218,2026-06-06T01:45:00Z,2026-06-06T03:45:00+0200,405.05,MW,DE,DE_LU,forecast_offshore_wind_generation,Wind Offshore,2026-06-13T19:07:25Z
2026-06-13T19:05:16Z,2026-06-13T21:05:16+0200,9460a2c8-fa12-4ac2-aa07-8ee932688218,2026-06-06T02:00:00Z,2026-06-06T04:00:00+0200,418.31,MW,DE,DE_LU,forecast_offshore_wind_generation,Wind Offshore,2026-06-13T19:07:25Z
2026-06-13T19:05:16Z,2026-06-13T21:05:16+0200,9460a2c8-fa12-4ac2-aa07-8ee932688218,2026-06-06T02:15:00Z,2026-06-06T04:15:00+0200,441.76,MW,DE,DE_LU,forecast_offshore_wind_generation,Wind Offshore,2026-06-13T19:07:25Z
2026-06-13T19:05:16Z,2026-06-13T21:05:16+0200,9460a2c8-fa12-4ac2-aa07-8ee932688218,2026-06-06T02:30:00Z,2026-06-06T04:30:00+0200,462.38,MW,DE,DE_LU,forecast_offshore_wind_generation,Wind Offshore,2026-06-13T19:07:25Z
2026-06-13T19:05:16Z,2026-06-13T21:05:16+0200,9460a2c8-fa12-4ac2-aa07-8ee932688218,2026-06-06T02:45:00Z,2026-06-06T04:45:00+0200,479.73,MW,DE,DE_LU,forecast_offshore_wind_generation,Wind Offshore,2026-06-13T19:07:25Z
2026-06-13T19:05:16Z,2026-06-13T21:05:16+0200,9460a2c8-fa12-4ac2-aa07-8ee932688218,2026-06-06T03:00:00Z,2026-06-06T05:00:00+0200,505.45,MW,DE,DE_LU,forecast_offshore_wind_generation,Wind Offshore,2026-06-13T19:07:25Z
2026-06-13T19:05:16Z,2026-06-13T21:05:16+0200,9460a2c8-fa12-4ac2-aa07-8ee932688218,2026-06-06T03:15:00Z,2026-06-06T05:15:00+0200,542.47,MW,DE,DE_LU,forecast_offshore_wind_generation,Wind Offshore,2026-06-13T19:07:25Z
2026-06-13T19:05:16Z,2026-06-13T21:05:16+0200,9460a2c8-fa12-4ac2-aa07-8ee932688218,2026-06-06T03:30:00Z,2026-06-06T05:30:00+0200,574.58,MW,DE,DE_LU,forecast_offshore_wind_generation,Wind Offshore,2026-06-13T19:07:25Z
2026-06-13T19:05:16Z,2026-06-13T21:05:16+0200,9460a2c8-fa12-4ac2-aa07-8ee932688218,2026-06-06T03:45:00Z,2026-06-06T05:45:00+0200,607.79,MW,DE,DE_LU,forecast_offshore_wind_generation,Wind Offshore,2026-06-13T19:07:25Z
2026-06-13T19:05:16Z,2026-06-13T21:05:16+0200,9460a2c8-fa12-4ac2-aa07-8ee932688218,2026-06-06T04:00:00Z,2026-06-06T06:00:00+0200,640.83,MW,DE,DE_LU,forecast_offshore_wind_generation,Wind Offshore,2026-06-13T19:07:25Z
2026-06-13T19:05:16Z,2026-06-13T21:05:16+0200,9460a2c8-fa12-4ac2-aa07-8ee932688218,2026-06-06T04:15:00Z,2026-06-06T06:15:00+0200,674.72,MW,DE,DE_LU,forecast_offshore_wind_generation,Wind Offshore,2026-06-13T19:07:25Z
2026-06-13T19:05:16Z,2026-06-13T21:05:16+0200,9460a2c8-fa12-4ac2-aa07-8ee932688218,2026-06-06T04:30:00Z,2026-06-06T06:30:00+0200,712.84,MW,DE,DE_LU,forecast_offshore_wind_generation,Wind Offshore,2026-06-13T19:07:25Z
2026-06-13T19:05:16Z,2026-06-13T21:05:16+0200,9460a2c8-fa12-4ac2-aa07-8ee932688218,2026-06-06T04:45:00Z,2026-06-06T06:45:00+0200,745.13,MW,DE,DE_LU,forecast_offshore_wind_generation,Wind Offshore,2026-06-13T19:07:25Z
2026-06-13T19:05:16Z,2026-06-13T21:05:16+0200,9460a2c8-fa12-4ac2-aa07-8ee932688218,2026-06-06T05:00:00Z,2026-06-06T07:00:00+0200,780.65,MW,DE,DE_LU,forecast_offshore_wind_generation,Wind Offshore,2026-06-13T19:07:25Z
2026-06-13T19:05:16Z,2026-06-13T21:05:16+0200,9460a2c8-fa12-4ac2-aa07-8ee932688218,2026-06-06T05:15:00Z,2026-06-06T07:15:00+0200,791.28,MW,DE,DE_LU,forecast_offshore_wind_generation,Wind Offshore,2026-06-13T19:07:25Z
2026-06-13T19:05:16Z,2026-06-13T21:05:16+0200,9460a2c8-fa12-4ac2-aa07-8ee932688218,2026-06-06T05:30:00Z,2026-06-06T07:30:00+0200,798.93,MW,DE,DE_LU,forecast_offshore_wind_generation,Wind Offshore,2026-06-13T19:07:25Z
2026-06-13T19:05:16Z,2026-06-13T21:05:16+0200,9460a2c8-fa12-4ac2-aa07-8ee932688218,2026-06-06T05:45:00Z,2026-06-06T07:45:00+0200,814.58,MW,DE,DE_LU,forecast_offshore_wind_generation,Wind Offshore,2026-06-13T19:07:25Z
2026-06-13T19:05:16Z,2026-06-13T21:05:16+0200,9460a2c8-fa12-4ac2-aa07-8ee932688218,2026-06-06T06:00:00Z,2026-06-06T08:00:00+0200,814.6,MW,DE,DE_LU,forecast_offshore_wind_generation,Wind Offshore,2026-06-13T19:07:25Z
2026-06-13T19:05:16Z,2026-06-13T21:05:16+0200,9460a2c8-fa12-4ac2-aa07-8ee932688218,2026-06-06T06:15:00Z,2026-06-06T08:15:00+0200,806.71,MW,DE,DE_LU,forecast_offshore_wind_generation,Wind Offshore,2026-06-13T19:07:25Z
2026-06-13T19:05:16Z,2026-06-13T21:05:16+0200,9460a2c8-fa12-4ac2-aa07-8ee932688218,2026-06-06T06:30:00Z,2026-06-06T08:30:00+0200,762.0,MW,DE,DE_LU,forecast_offshore_wind_generation,Wind Offshore,2026-06-13T19:07:25Z
2026-06-13T19:05:16Z,2026-06-13T21:05:16+0200,9460a2c8-fa12-4ac2-aa07-8ee932688218,2026-06-06T06:45:00Z,2026-06-06T08:45:00+0200,755.49,MW,DE,DE_LU,forecast_offshore_wind_generation,Wind Offshore,2026-06-13T19:07:25Z
2026-06-13T19:05:16Z,2026-06-13T21:05:16+0200,9460a2c8-fa12-4ac2-aa07-8ee932688218,2026-06-06T07:00:00Z,2026-06-06T09:00:00+0200,742.43,MW,DE,DE_LU,forecast_offshore_wind_generation,Wind Offshore,2026-06-13T19:07:25Z
2026-06-13T19:05:16Z,2026-06-13T21:05:16+0200,9460a2c8-fa12-4ac2-aa07-8ee932688218,2026-06-06T07:15:00Z,2026-06-06T09:15:00+0200,739.64,MW,DE,DE_LU,forecast_offshore_wind_generation,Wind Offshore,2026-06-13T19:07:25Z
2026-06-13T19:05:16Z,2026-06-13T21:05:16+0200,9460a2c8-fa12-4ac2-aa07-8ee932688218,2026-06-06T07:30:00Z,2026-06-06T09:30:00+0200,730.76,MW,DE,DE_LU,forecast_offshore_wind_generation,Wind Offshore,2026-06-13T19:07:25Z
2026-06-13T19:05:16Z,2026-06-13T21:05:16+0200,9460a2c8-fa12-4ac2-aa07-8ee932688218,2026-06-06T07:45:00Z,2026-06-06T09:45:00+0200,727.76,MW,DE,DE_LU,forecast_offshore_wind_generation,Wind Offshore,2026-06-13T19:07:25Z
2026-06-13T19:05:16Z,2026-06-13T21:05:16+0200,9460a2c8-fa12-4ac2-aa07-8ee932688218,2026-06-06T08:00:00Z,2026-06-06T10:00:00+0200,724.09,MW,DE,DE_LU,forecast_offshore_wind_generation,Wind Offshore,2026-06-13T19:07:25Z
2026-06-13T19:05:16Z,2026-06-13T21:05:16+0200,9460a2c8-fa12-4ac2-aa07-8ee932688218,2026-06-06T08:15:00Z,2026-06-06T10:15:00+0200,728.7,MW,DE,DE_LU,forecast_offshore_wind_generation,Wind Offshore,2026-06-13T19:07:25Z
2026-06-13T19:05:16Z,2026-06-13T21:05:16+0200,9460a2c8-fa12-4ac2-aa07-8ee932688218,2026-06-06T08:30:00Z,2026-06-06T10:30:00+0200,737.32,MW,DE,DE_LU,forecast_offshore_wind_generation,Wind Offshore,2026-06-13T19:07:25Z
2026-06-13T19:05:16Z,2026-06-13T21:05:16+0200,9460a2c8-fa12-4ac2-aa07-8ee932688218,2026-06-06T08:45:00Z,2026-06-06T10:45:00+0200,740.92,MW,DE,DE_LU,forecast_offshore_wind_generation,Wind Offshore,2026-06-13T19:07:25Z
2026-06-13T19:05:16Z,2026-06-13T21:05:16+0200,9460a2c8-fa12-4ac2-aa07-8ee932688218,2026-06-06T09:00:00Z,2026-06-06T11:00:00+0200,751.49,MW,DE,DE_LU,forecast_offshore_wind_generation,Wind Offshore,2026-06-13T19:07:25Z
2026-06-13T19:05:16Z,2026-06-13T21:05:16+0200,9460a2c8-fa12-4ac2-aa07-8ee932688218,2026-06-06T09:15:00Z,2026-06-06T11:15:00+0200,756.86,MW,DE,DE_LU,forecast_offshore_wind_generation,Wind Offshore,2026-06-13T19:07:25Z
2026-06-13T19:05:16Z,2026-06-13T21:05:16+0200,9460a2c8-fa12-4ac2-aa07-8ee932688218,2026-06-06T09:30:00Z,2026-06-06T11:30:00+0200,766.27,MW,DE,DE_LU,forecast_offshore_wind_generation,Wind Offshore,2026-06-13T19:07:25Z
2026-06-13T19:05:16Z,2026-06-13T21:05:16+0200,9460a2c8-fa12-4ac2-aa07-8ee932688218,2026-06-06T09:45:00Z,2026-06-06T11:45:00+0200,777.66,MW,DE,DE_LU,forecast_offshore_wind_generation,Wind Offshore,2026-06-13T19:07:25Z
2026-06-13T19:05:16Z,2026-06-13T21:05:16+0200,9460a2c8-fa12-4ac2-aa07-8ee932688218,2026-06-06T10:00:00Z,2026-06-06T12:00:00+0200,784.04,MW,DE,DE_LU,forecast_offshore_wind_generation,Wind Offshore,2026-06-13T19:07:25Z
2026-06-13T19:05:16Z,2026-06-13T21:05:16+0200,9460a2c8-fa12-4ac2-aa07-8ee932688218,2026-06-06T10:15:00Z,2026-06-06T12:15:00+0200,794.27,MW,DE,DE_LU,forecast_offshore_wind_generation,Wind Offshore,2026-06-13T19:07:25Z
2026-06-13T19:05:16Z,2026-06-13T21:05:16+0200,9460a2c8-fa12-4ac2-aa07-8ee932688218,2026-06-06T10:30:00Z,2026-06-06T12:30:00+0200,805.72,MW,DE,DE_LU,forecast_offshore_wind_generation,Wind Offshore,2026-06-13T19:07:25Z
2026-06-13T19:05:16Z,2026-06-13T21:05:16+0200,9460a2c8-fa12-4ac2-aa07-8ee932688218,2026-06-06T10:45:00Z,2026-06-06T12:45:00+0200,814.26,MW,DE,DE_LU,forecast_offshore_wind_generation,Wind Offshore,2026-06-13T19:07:25Z
2026-06-13T19:05:16Z,2026-06-13T21:05:16+0200,9460a2c8-fa12-4ac2-aa07-8ee932688218,2026-06-06T11:00:00Z,2026-06-06T13:00:00+0200,823.99,MW,DE,DE_LU,forecast_offshore_wind_generation,Wind Offshore,2026-06-13T19:07:25Z
2026-06-13T19:05:16Z,2026-06-13T21:05:16+0200,9460a2c8-fa12-4ac2-aa07-8ee932688218,2026-06-06T11:15:00Z,2026-06-06T13:15:00+0200,820.94,MW,DE,DE_LU,forecast_offshore_wind_generation,Wind Offshore,2026-06-13T19:07:25Z
2026-06-13T19:05:16Z,2026-06-13T21:05:16+0200,9460a2c8-fa12-4ac2-aa07-8ee932688218,2026-06-06T11:30:00Z,2026-06-06T13:30:00+0200,817.93,MW,DE,DE_LU,forecast_offshore_wind_generation,Wind Offshore,2026-06-13T19:07:25Z
2026-06-13T19:05:16Z,2026-06-13T21:05:16+0200,9460a2c8-fa12-4ac2-aa07-8ee932688218,2026-06-06T11:45:00Z,2026-06-06T13:45:00+0200,816.96,MW,DE,DE_LU,forecast_offshore_wind_generation,Wind Offshore,2026-06-13T19:07:25Z
2026-06-13T19:05:16Z,2026-06-13T21:05:16+0200,9460a2c8-fa12-4ac2-aa07-8ee932688218,2026-06-06T12:00:00Z,2026-06-06T14:00:00+0200,813.96,MW,DE,DE_LU,forecast_offshore_wind_generation,Wind Offshore,2026-06-13T19:07:25Z
2026-06-13T19:05:16Z,2026-06-13T21:05:16+0200,9460a2c8-fa12-4ac2-aa07-8ee932688218,2026-06-06T12:15:00Z,2026-06-06T14:15:00+0200,806.96,MW,DE,DE_LU,forecast_offshore_wind_generation,Wind Offshore,2026-06-13T19:07:25Z
2026-06-13T19:05:16Z,2026-06-13T21:05:16+0200,9460a2c8-fa12-4ac2-aa07-8ee932688218,2026-06-06T12:30:00Z,2026-06-06T14:30:00+0200,790.97,MW,DE,DE_LU,forecast_offshore_wind_generation,Wind Offshore,2026-06-13T19:07:25Z
2026-06-13T19:05:16Z,2026-06-13T21:05:16+0200,9460a2c8-fa12-4ac2-aa07-8ee932688218,2026-06-06T12:45:00Z,2026-06-06T14:45:00+0200,784.97,MW,DE,DE_LU,forecast_offshore_wind_generation,Wind Offshore,2026-06-13T19:07:25Z
2026-06-13T19:05:16Z,2026-06-13T21:05:16+0200,9460a2c8-fa12-4ac2-aa07-8ee932688218,2026-06-06T13:00:00Z,2026-06-06T15:00:00+0200,778.08,MW,DE,DE_LU,forecast_offshore_wind_generation,Wind Offshore,2026-06-13T19:07:25Z
2026-06-13T19:05:16Z,2026-06-13T21:05:16+0200,9460a2c8-fa12-4ac2-aa07-8ee932688218,2026-06-06T13:15:00Z,2026-06-06T15:15:00+0200,773.52,MW,DE,DE_LU,forecast_offshore_wind_generation,Wind Offshore,2026-06-13T19:07:25Z
2026-06-13T19:05:16Z,2026-06-13T21:05:16+0200,9460a2c8-fa12-4ac2-aa07-8ee932688218,2026-06-06T13:30:00Z,2026-06-06T15:30:00+0200,770.98,MW,DE,DE_LU,forecast_offshore_wind_generation,Wind Offshore,2026-06-13T19:07:25Z
2026-06-13T19:05:16Z,2026-06-13T21:05:16+0200,9460a2c8-fa12-4ac2-aa07-8ee932688218,2026-06-06T13:45:00Z,2026-06-06T15:45:00+0200,771.49,MW,DE,DE_LU,forecast_offshore_wind_generation,Wind Offshore,2026-06-13T19:07:25Z
2026-06-13T19:05:16Z,2026-06-13T21:05:16+0200,9460a2c8-fa12-4ac2-aa07-8ee932688218,2026-06-06T14:00:00Z,2026-06-06T16:00:00+0200,768.17,MW,DE,DE_LU,forecast_offshore_wind_generation,Wind Offshore,2026-06-13T19:07:25Z
2026-06-13T19:05:16Z,2026-06-13T21:05:16+0200,9460a2c8-fa12-4ac2-aa07-8ee932688218,2026-06-06T14:15:00Z,2026-06-06T16:15:00+0200,777.96,MW,DE,DE_LU,forecast_offshore_wind_generation,Wind Offshore,2026-06-13T19:07:25Z
2026-06-13T19:05:16Z,2026-06-13T21:05:16+0200,9460a2c8-fa12-4ac2-aa07-8ee932688218,2026-06-06T14:30:00Z,2026-06-06T16:30:00+0200,777.76,MW,DE,DE_LU,forecast_offshore_wind_generation,Wind Offshore,2026-06-13T19:07:25Z
2026-06-13T19:05:16Z,2026-06-13T21:05:16+0200,9460a2c8-fa12-4ac2-aa07-8ee932688218,2026-06-06T14:45:00Z,2026-06-06T16:45:00+0200,780.62,MW,DE,DE_LU,forecast_offshore_wind_generation,Wind Offshore,2026-06-13T19:07:25Z
2026-06-13T19:05:16Z,2026-06-13T21:05:16+0200,9460a2c8-fa12-4ac2-aa07-8ee932688218,2026-06-06T15:00:00Z,2026-06-06T17:00:00+0200,778.84,MW,DE,DE_LU,forecast_offshore_wind_generation,Wind Offshore,2026-06-13T19:07:25Z
2026-06-13T19:05:16Z,2026-06-13T21:05:16+0200,9460a2c8-fa12-4ac2-aa07-8ee932688218,2026-06-06T15:15:00Z,2026-06-06T17:15:00+0200,786.22,MW,DE,DE_LU,forecast_offshore_wind_generation,Wind Offshore,2026-06-13T19:07:25Z
2026-06-13T19:05:16Z,2026-06-13T21:05:16+0200,9460a2c8-fa12-4ac2-aa07-8ee932688218,2026-06-06T15:30:00Z,2026-06-06T17:30:00+0200,798.01,MW,DE,DE_LU,forecast_offshore_wind_generation,Wind Offshore,2026-06-13T19:07:25Z
2026-06-13T19:05:16Z,2026-06-13T21:05:16+0200,9460a2c8-fa12-4ac2-aa07-8ee932688218,2026-06-06T15:45:00Z,2026-06-06T17:45:00+0200,800.03,MW,DE,DE_LU,forecast_offshore_wind_generation,Wind Offshore,2026-06-13T19:07:25Z
2026-06-13T19:05:16Z,2026-06-13T21:05:16+0200,9460a2c8-fa12-4ac2-aa07-8ee932688218,2026-06-06T16:00:00Z,2026-06-06T18:00:00+0200,808.58,MW,DE,DE_LU,forecast_offshore_wind_generation,Wind Offshore,2026-06-13T19:07:25Z
2026-06-13T19:05:16Z,2026-06-13T21:05:16+0200,9460a2c8-fa12-4ac2-aa07-8ee932688218,2026-06-06T16:15:00Z,2026-06-06T18:15:00+0200,853.95,MW,DE,DE_LU,forecast_offshore_wind_generation,Wind Offshore,2026-06-13T19:07:25Z
2026-06-13T19:05:16Z,2026-06-13T21:05:16+0200,9460a2c8-fa12-4ac2-aa07-8ee932688218,2026-06-06T16:30:00Z,2026-06-06T18:30:00+0200,891.34,MW,DE,DE_LU,forecast_offshore_wind_generation,Wind Offshore,2026-06-13T19:07:25Z
2026-06-13T19:05:16Z,2026-06-13T21:05:16+0200,9460a2c8-fa12-4ac2-aa07-8ee932688218,2026-06-06T16:45:00Z,2026-06-06T18:45:00+0200,931.26,MW,DE,DE_LU,forecast_offshore_wind_generation,Wind Offshore,2026-06-13T19:07:25Z
2026-06-13T19:05:16Z,2026-06-13T21:05:16+0200,9460a2c8-fa12-4ac2-aa07-8ee932688218,2026-06-06T17:00:00Z,2026-06-06T19:00:00+0200,984.8,MW,DE,DE_LU,forecast_offshore_wind_generation,Wind Offshore,2026-06-13T19:07:25Z
2026-06-13T19:05:16Z,2026-06-13T21:05:16+0200,9460a2c8-fa12-4ac2-aa07-8ee932688218,2026-06-06T17:15:00Z,2026-06-06T19:15:00+0200,1096.0,MW,DE,DE_LU,forecast_offshore_wind_generation,Wind Offshore,2026-06-13T19:07:25Z
2026-06-13T19:05:16Z,2026-06-13T21:05:16+0200,9460a2c8-fa12-4ac2-aa07-8ee932688218,2026-06-06T17:30:00Z,2026-06-06T19:30:00+0200,1202.25,MW,DE,DE_LU,forecast_offshore_wind_generation,Wind Offshore,2026-06-13T19:07:25Z
2026-06-13T19:05:16Z,2026-06-13T21:05:16+0200,9460a2c8-fa12-4ac2-aa07-8ee932688218,2026-06-06T17:45:00Z,2026-06-06T19:45:00+0200,1313.24,MW,DE,DE_LU,forecast_offshore_wind_generation,Wind Offshore,2026-06-13T19:07:25Z
2026-06-13T19:05:16Z,2026-06-13T21:05:16+0200,9460a2c8-fa12-4ac2-aa07-8ee932688218,2026-06-06T18:00:00Z,2026-06-06T20:00:00+0200,1427.63,MW,DE,DE_LU,forecast_offshore_wind_generation,Wind Offshore,2026-06-13T19:07:25Z
2026-06-13T19:05:16Z,2026-06-13T21:05:16+0200,9460a2c8-fa12-4ac2-aa07-8ee932688218,2026-06-06T18:15:00Z,2026-06-06T20:15:00+0200,1535.45,MW,DE,DE_LU,forecast_offshore_wind_generation,Wind Offshore,2026-06-13T19:07:25Z
2026-06-13T19:05:16Z,2026-06-13T21:05:16+0200,9460a2c8-fa12-4ac2-aa07-8ee932688218,2026-06-06T18:30:00Z,2026-06-06T20:30:00+0200,1641.01,MW,DE,DE_LU,forecast_offshore_wind_generation,Wind Offshore,2026-06-13T19:07:25Z
2026-06-13T19:05:16Z,2026-06-13T21:05:16+0200,9460a2c8-fa12-4ac2-aa07-8ee932688218,2026-06-06T18:45:00Z,2026-06-06T20:45:00+0200,1750.42,MW,DE,DE_LU,forecast_offshore_wind_generation,Wind Offshore,2026-06-13T19:07:25Z
2026-06-13T19:05:16Z,2026-06-13T21:05:16+0200,9460a2c8-fa12-4ac2-aa07-8ee932688218,2026-06-06T19:00:00Z,2026-06-06T21:00:00+0200,1851.55,MW,DE,DE_LU,forecast_offshore_wind_generation,Wind Offshore,2026-06-13T19:07:25Z
2026-06-13T19:05:16Z,2026-06-13T21:05:16+0200,9460a2c8-fa12-4ac2-aa07-8ee932688218,2026-06-06T19:15:00Z,2026-06-06T21:15:00+0200,1965.01,MW,DE,DE_LU,forecast_offshore_wind_generation,Wind Offshore,2026-06-13T19:07:25Z
2026-06-13T19:05:16Z,2026-06-13T21:05:16+0200,9460a2c8-fa12-4ac2-aa07-8ee932688218,2026-06-06T19:30:00Z,2026-06-06T21:30:00+0200,2072.1,MW,DE,DE_LU,forecast_offshore_wind_generation,Wind Offshore,2026-06-13T19:07:25Z
2026-06-13T19:05:16Z,2026-06-13T21:05:16+0200,9460a2c8-fa12-4ac2-aa07-8ee932688218,2026-06-06T19:45:00Z,2026-06-06T21:45:00+0200,2168.26,MW,DE,DE_LU,forecast_offshore_wind_generation,Wind Offshore,2026-06-13T19:07:25Z
2026-06-13T19:05:16Z,2026-06-13T21:05:16+0200,9460a2c8-fa12-4ac2-aa07-8ee932688218,2026-06-06T20:00:00Z,2026-06-06T22:00:00+0200,2259.91,MW,DE,DE_LU,forecast_offshore_wind_generation,Wind Offshore,2026-06-13T19:07:25Z
2026-06-13T19:05:16Z,2026-06-13T21:05:16+0200,9460a2c8-fa12-4ac2-aa07-8ee932688218,2026-06-06T20:15:00Z,2026-06-06T22:15:00+0200,2380.29,MW,DE,DE_LU,forecast_offshore_wind_generation,Wind Offshore,2026-06-13T19:07:25Z
2026-06-13T19:05:16Z,2026-06-13T21:05:16+0200,9460a2c8-fa12-4ac2-aa07-8ee932688218,2026-06-06T20:30:00Z,2026-06-06T22:30:00+0200,2501.63,MW,DE,DE_LU,forecast_offshore_wind_generation,Wind Offshore,2026-06-13T19:07:25Z
2026-06-13T19:05:16Z,2026-06-13T21:05:16+0200,9460a2c8-fa12-4ac2-aa07-8ee932688218,2026-06-06T20:45:00Z,2026-06-06T22:45:00+0200,2618.66,MW,DE,DE_LU,forecast_offshore_wind_generation,Wind Offshore,2026-06-13T19:07:25Z
2026-06-13T19:05:16Z,2026-06-13T21:05:16+0200,9460a2c8-fa12-4ac2-aa07-8ee932688218,2026-06-06T21:00:00Z,2026-06-06T23:00:00+0200,2725.4,MW,DE,DE_LU,forecast_offshore_wind_generation,Wind Offshore,2026-06-13T19:07:25Z
2026-06-13T19:05:16Z,2026-06-13T21:05:16+0200,9460a2c8-fa12-4ac2-aa07-8ee932688218,2026-06-06T21:15:00Z,2026-06-06T23:15:00+0200,2836.38,MW,DE,DE_LU,forecast_offshore_wind_generation,Wind Offshore,2026-06-13T19:07:25Z
2026-06-13T19:05:16Z,2026-06-13T21:05:16+0200,9460a2c8-fa12-4ac2-aa07-8ee932688218,2026-06-06T21:30:00Z,2026-06-06T23:30:00+0200,2939.18,MW,DE,DE_LU,forecast_offshore_wind_generation,Wind Offshore,2026-06-13T19:07:25Z
2026-06-13T19:05:16Z,2026-06-13T21:05:16+0200,9460a2c8-fa12-4ac2-aa07-8ee932688218,2026-06-06T21:45:00Z,2026-06-06T23:45:00+0200,3034.51,MW,DE,DE_LU,forecast_offshore_wind_generation,Wind Offshore,2026-06-13T19:07:25Z
2026-06-13T19:05:16Z,2026-06-13T21:05:16+0200,9460a2c8-fa12-4ac2-aa07-8ee932688218,2026-06-06T22:00:00Z,2026-06-07T00:00:00+0200,3557.5,MW,DE,DE_LU,forecast_offshore_wind_generation,Wind Offshore,2026-06-13T19:07:25Z
2026-06-13T19:05:16Z,2026-06-13T21:05:16+0200,9460a2c8-fa12-4ac2-aa07-8ee932688218,2026-06-06T22:15:00Z,2026-06-07T00:15:00+0200,3654.52,MW,DE,DE_LU,forecast_offshore_wind_generation,Wind Offshore,2026-06-13T19:07:25Z
2026-06-13T19:05:16Z,2026-06-13T21:05:16+0200,9460a2c8-fa12-4ac2-aa07-8ee932688218,2026-06-06T22:30:00Z,2026-06-07T00:30:00+0200,3763.97,MW,DE,DE_LU,forecast_offshore_wind_generation,Wind Offshore,2026-06-13T19:07:25Z
2026-06-13T19:05:16Z,2026-06-13T21:05:16+0200,9460a2c8-fa12-4ac2-aa07-8ee932688218,2026-06-06T22:45:00Z,2026-06-07T00:45:00+0200,3861.72,MW,DE,DE_LU,forecast_offshore_wind_generation,Wind Offshore,2026-06-13T19:07:25Z
2026-06-13T19:05:16Z,2026-06-13T21:05:16+0200,9460a2c8-fa12-4ac2-aa07-8ee932688218,2026-06-06T23:00:00Z,2026-06-07T01:00:00+0200,3954.44,MW,DE,DE_LU,forecast_offshore_wind_generation,Wind Offshore,2026-06-13T19:07:25Z
2026-06-13T19:05:16Z,2026-06-13T21:05:16+0200,9460a2c8-fa12-4ac2-aa07-8ee932688218,2026-06-06T23:15:00Z,2026-06-07T01:15:00+0200,4018.19,MW,DE,DE_LU,forecast_offshore_wind_generation,Wind Offshore,2026-06-13T19:07:25Z
2026-06-13T19:05:16Z,2026-06-13T21:05:16+0200,9460a2c8-fa12-4ac2-aa07-8ee932688218,2026-06-06T23:30:00Z,2026-06-07T01:30:00+0200,4082.94,MW,DE,DE_LU,forecast_offshore_wind_generation,Wind Offshore,2026-06-13T19:07:25Z
2026-06-13T19:05:16Z,2026-06-13T21:05:16+0200,9460a2c8-fa12-4ac2-aa07-8ee932688218,2026-06-06T23:45:00Z,2026-06-07T01:45:00+0200,4146.67,MW,DE,DE_LU,forecast_offshore_wind_generation,Wind Offshore,2026-06-13T19:07:25Z
2026-06-13T19:05:16Z,2026-06-13T21:05:16+0200,9460a2c8-fa12-4ac2-aa07-8ee932688218,2026-06-07T00:00:00Z,2026-06-07T02:00:00+0200,4218.25,MW,DE,DE_LU,forecast_offshore_wind_generation,Wind Offshore,2026-06-13T19:07:25Z
2026-06-13T19:05:16Z,2026-06-13T21:05:16+0200,9460a2c8-fa12-4ac2-aa07-8ee932688218,2026-06-07T00:15:00Z,2026-06-07T02:15:00+0200,4313.32,MW,DE,DE_LU,forecast_offshore_wind_generation,Wind Offshore,2026-06-13T19:07:25Z
2026-06-13T19:05:16Z,2026-06-13T21:05:16+0200,9460a2c8-fa12-4ac2-aa07-8ee932688218,2026-06-07T00:30:00Z,2026-06-07T02:30:00+0200,4402.55,MW,DE,DE_LU,forecast_offshore_wind_generation,Wind Offshore,2026-06-13T19:07:25Z
2026-06-13T19:05:16Z,2026-06-13T21:05:16+0200,9460a2c8-fa12-4ac2-aa07-8ee932688218,2026-06-07T00:45:00Z,2026-06-07T02:45:00+0200,4502.99,MW,DE,DE_LU,forecast_offshore_wind_generation,Wind Offshore,2026-06-13T19:07:25Z
2026-06-13T19:05:16Z,2026-06-13T21:05:16+0200,9460a2c8-fa12-4ac2-aa07-8ee932688218,2026-06-07T01:00:00Z,2026-06-07T03:00:00+0200,4596.89,MW,DE,DE_LU,forecast_offshore_wind_generation,Wind Offshore,2026-06-13T19:07:25Z
2026-06-13T19:05:16Z,2026-06-13T21:05:16+0200,9460a2c8-fa12-4ac2-aa07-8ee932688218,2026-06-07T01:15:00Z,2026-06-07T03:15:00+0200,4706.42,MW,DE,DE_LU,forecast_offshore_wind_generation,Wind Offshore,2026-06-13T19:07:25Z
2026-06-13T19:05:16Z,2026-06-13T21:05:16+0200,9460a2c8-fa12-4ac2-aa07-8ee932688218,2026-06-07T01:30:00Z,2026-06-07T03:30:00+0200,4812.79,MW,DE,DE_LU,forecast_offshore_wind_generation,Wind Offshore,2026-06-13T19:07:25Z
2026-06-13T19:05:16Z,2026-06-13T21:05:16+0200,9460a2c8-fa12-4ac2-aa07-8ee932688218,2026-06-07T01:45:00Z,2026-06-07T03:45:00+0200,4910.34,MW,DE,DE_LU,forecast_offshore_wind_generation,Wind Offshore,2026-06-13T19:07:25Z
2026-06-13T19:05:16Z,2026-06-13T21:05:16+0200,9460a2c8-fa12-4ac2-aa07-8ee932688218,2026-06-07T02:00:00Z,2026-06-07T04:00:00+0200,4990.53,MW,DE,DE_LU,forecast_offshore_wind_generation,Wind Offshore,2026-06-13T19:07:25Z
2026-06-13T19:05:16Z,2026-06-13T21:05:16+0200,9460a2c8-fa12-4ac2-aa07-8ee932688218,2026-06-07T02:15:00Z,2026-06-07T04:15:00+0200,5026.94,MW,DE,DE_LU,forecast_offshore_wind_generation,Wind Offshore,2026-06-13T19:07:25Z
2026-06-13T19:05:16Z,2026-06-13T21:05:16+0200,9460a2c8-fa12-4ac2-aa07-8ee932688218,2026-06-07T02:30:00Z,2026-06-07T04:30:00+0200,5064.19,MW,DE,DE_LU,forecast_offshore_wind_generation,Wind Offshore,2026-06-13T19:07:25Z
2026-06-13T19:05:16Z,2026-06-13T21:05:16+0200,9460a2c8-fa12-4ac2-aa07-8ee932688218,2026-06-07T02:45:00Z,2026-06-07T04:45:00+0200,5097.49,MW,DE,DE_LU,forecast_offshore_wind_generation,Wind Offshore,2026-06-13T19:07:25Z
2026-06-13T19:05:16Z,2026-06-13T21:05:16+0200,9460a2c8-fa12-4ac2-aa07-8ee932688218,2026-06-07T03:00:00Z,2026-06-07T05:00:00+0200,5101.32,MW,DE,DE_LU,forecast_offshore_wind_generation,Wind Offshore,2026-06-13T19:07:25Z
2026-06-13T19:05:16Z,2026-06-13T21:05:16+0200,9460a2c8-fa12-4ac2-aa07-8ee932688218,2026-06-07T03:15:00Z,2026-06-07T05:15:00+0200,5071.19,MW,DE,DE_LU,forecast_offshore_wind_generation,Wind Offshore,2026-06-13T19:07:25Z
2026-06-13T19:05:16Z,2026-06-13T21:05:16+0200,9460a2c8-fa12-4ac2-aa07-8ee932688218,2026-06-07T03:30:00Z,2026-06-07T05:30:00+0200,5040.78,MW,DE,DE_LU,forecast_offshore_wind_generation,Wind Offshore,2026-06-13T19:07:25Z
2026-06-13T19:05:16Z,2026-06-13T21:05:16+0200,9460a2c8-fa12-4ac2-aa07-8ee932688218,2026-06-07T03:45:00Z,2026-06-07T05:45:00+0200,5002.61,MW,DE,DE_LU,forecast_offshore_wind_generation,Wind Offshore,2026-06-13T19:07:25Z
2026-06-13T19:05:16Z,2026-06-13T21:05:16+0200,9460a2c8-fa12-4ac2-aa07-8ee932688218,2026-06-07T04:00:00Z,2026-06-07T06:00:00+0200,4948.6,MW,DE,DE_LU,forecast_offshore_wind_generation,Wind Offshore,2026-06-13T19:07:25Z
2026-06-13T19:05:16Z,2026-06-13T21:05:16+0200,9460a2c8-fa12-4ac2-aa07-8ee932688218,2026-06-07T04:15:00Z,2026-06-07T06:15:00+0200,4848.49,MW,DE,DE_LU,forecast_offshore_wind_generation,Wind Offshore,2026-06-13T19:07:25Z
2026-06-13T19:05:16Z,2026-06-13T21:05:16+0200,9460a2c8-fa12-4ac2-aa07-8ee932688218,2026-06-07T04:30:00Z,2026-06-07T06:30:00+0200,4740.52,MW,DE,DE_LU,forecast_offshore_wind_generation,Wind Offshore,2026-06-13T19:07:25Z
2026-06-13T19:05:16Z,2026-06-13T21:05:16+0200,9460a2c8-fa12-4ac2-aa07-8ee932688218,2026-06-07T04:45:00Z,2026-06-07T06:45:00+0200,4626.33,MW,DE,DE_LU,forecast_offshore_wind_generation,Wind Offshore,2026-06-13T19:07:25Z
2026-06-13T19:05:16Z,2026-06-13T21:05:16+0200,9460a2c8-fa12-4ac2-aa07-8ee932688218,2026-06-07T05:00:00Z,2026-06-07T07:00:00+0200,4358.41,MW,DE,DE_LU,forecast_offshore_wind_generation,Wind Offshore,2026-06-13T19:07:25Z
2026-06-13T19:05:16Z,2026-06-13T21:05:16+0200,9460a2c8-fa12-4ac2-aa07-8ee932688218,2026-06-07T05:15:00Z,2026-06-07T07:15:00+0200,4333.44,MW,DE,DE_LU,forecast_offshore_wind_generation,Wind Offshore,2026-06-13T19:07:25Z
2026-06-13T19:05:16Z,2026-06-13T21:05:16+0200,9460a2c8-fa12-4ac2-aa07-8ee932688218,2026-06-07T05:30:00Z,2026-06-07T07:30:00+0200,4303.05,MW,DE,DE_LU,forecast_offshore_wind_generation,Wind Offshore,2026-06-13T19:07:25Z
2026-06-13T19:05:16Z,2026-06-13T21:05:16+0200,9460a2c8-fa12-4ac2-aa07-8ee932688218,2026-06-07T05:45:00Z,2026-06-07T07:45:00+0200,4277.02,MW,DE,DE_LU,forecast_offshore_wind_generation,Wind Offshore,2026-06-13T19:07:25Z
2026-06-13T19:05:16Z,2026-06-13T21:05:16+0200,9460a2c8-fa12-4ac2-aa07-8ee932688218,2026-06-07T06:00:00Z,2026-06-07T08:00:00+0200,2091.61,MW,DE,DE_LU,forecast_offshore_wind_generation,Wind Offshore,2026-06-13T19:07:25Z
2026-06-13T19:05:16Z,2026-06-13T21:05:16+0200,9460a2c8-fa12-4ac2-aa07-8ee932688218,2026-06-07T06:15:00Z,2026-06-07T08:15:00+0200,2076.11,MW,DE,DE_LU,forecast_offshore_wind_generation,Wind Offshore,2026-06-13T19:07:25Z
2026-06-13T19:05:16Z,2026-06-13T21:05:16+0200,9460a2c8-fa12-4ac2-aa07-8ee932688218,2026-06-07T06:30:00Z,2026-06-07T08:30:00+0200,2078.86,MW,DE,DE_LU,forecast_offshore_wind_generation,Wind Offshore,2026-06-13T19:07:25Z
2026-06-13T19:05:16Z,2026-06-13T21:05:16+0200,9460a2c8-fa12-4ac2-aa07-8ee932688218,2026-06-07T06:45:00Z,2026-06-07T08:45:00+0200,2077.17,MW,DE,DE_LU,forecast_offshore_wind_generation,Wind Offshore,2026-06-13T19:07:25Z
2026-06-13T19:05:16Z,2026-06-13T21:05:16+0200,9460a2c8-fa12-4ac2-aa07-8ee932688218,2026-06-07T07:00:00Z,2026-06-07T09:00:00+0200,2073.37,MW,DE,DE_LU,forecast_offshore_wind_generation,Wind Offshore,2026-06-13T19:07:25Z
2026-06-13T19:05:16Z,2026-06-13T21:05:16+0200,9460a2c8-fa12-4ac2-aa07-8ee932688218,2026-06-07T07:15:00Z,2026-06-07T09:15:00+0200,2073.49,MW,DE,DE_LU,forecast_offshore_wind_generation,Wind Offshore,2026-06-13T19:07:25Z
2026-06-13T19:05:16Z,2026-06-13T21:05:16+0200,9460a2c8-fa12-4ac2-aa07-8ee932688218,2026-06-07T07:30:00Z,2026-06-07T09:30:00+0200,2072.75,MW,DE,DE_LU,forecast_offshore_wind_generation,Wind Offshore,2026-06-13T19:07:25Z
2026-06-13T19:05:16Z,2026-06-13T21:05:16+0200,9460a2c8-fa12-4ac2-aa07-8ee932688218,2026-06-07T07:45:00Z,2026-06-07T09:45:00+0200,2072.77,MW,DE,DE_LU,forecast_offshore_wind_generation,Wind Offshore,2026-06-13T19:07:25Z
2026-06-13T19:05:16Z,2026-06-13T21:05:16+0200,9460a2c8-fa12-4ac2-aa07-8ee932688218,2026-06-07T08:00:00Z,2026-06-07T10:00:00+0200,2080.7,MW,DE,DE_LU,forecast_offshore_wind_generation,Wind Offshore,2026-06-13T19:07:25Z
2026-06-13T19:05:16Z,2026-06-13T21:05:16+0200,9460a2c8-fa12-4ac2-aa07-8ee932688218,2026-06-07T08:15:00Z,2026-06-07T10:15:00+0200,2100.0,MW,DE,DE_LU,forecast_offshore_wind_generation,Wind Offshore,2026-06-13T19:07:25Z
2026-06-13T19:05:16Z,2026-06-13T21:05:16+0200,9460a2c8-fa12-4ac2-aa07-8ee932688218,2026-06-07T08:30:00Z,2026-06-07T10:30:00+0200,2119.06,MW,DE,DE_LU,forecast_offshore_wind_generation,Wind Offshore,2026-06-13T19:07:25Z
2026-06-13T19:05:16Z,2026-06-13T21:05:16+0200,9460a2c8-fa12-4ac2-aa07-8ee932688218,2026-06-07T08:45:00Z,2026-06-07T10:45:00+0200,2135.72,MW,DE,DE_LU,forecast_offshore_wind_generation,Wind Offshore,2026-06-13T19:07:25Z
2026-06-13T19:05:16Z,2026-06-13T21:05:16+0200,9460a2c8-fa12-4ac2-aa07-8ee932688218,2026-06-07T09:00:00Z,2026-06-07T11:00:00+0200,2152.29,MW,DE,DE_LU,forecast_offshore_wind_generation,Wind Offshore,2026-06-13T19:07:25Z
2026-06-13T19:05:16Z,2026-06-13T21:05:16+0200,9460a2c8-fa12-4ac2-aa07-8ee932688218,2026-06-07T09:15:00Z,2026-06-07T11:15:00+0200,2162.94,MW,DE,DE_LU,forecast_offshore_wind_generation,Wind Offshore,2026-06-13T19:07:25Z
2026-06-13T19:05:16Z,2026-06-13T21:05:16+0200,9460a2c8-fa12-4ac2-aa07-8ee932688218,2026-06-07T09:30:00Z,2026-06-07T11:30:00+0200,2145.08,MW,DE,DE_LU,forecast_offshore_wind_generation,Wind Offshore,2026-06-13T19:07:25Z
2026-06-13T19:05:16Z,2026-06-13T21:05:16+0200,9460a2c8-fa12-4ac2-aa07-8ee932688218,2026-06-07T09:45:00Z,2026-06-07T11:45:00+0200,2159.75,MW,DE,DE_LU,forecast_offshore_wind_generation,Wind Offshore,2026-06-13T19:07:25Z
2026-06-13T19:05:16Z,2026-06-13T21:05:16+0200,9460a2c8-fa12-4ac2-aa07-8ee932688218,2026-06-07T10:00:00Z,2026-06-07T12:00:00+0200,2172.75,MW,DE,DE_LU,forecast_offshore_wind_generation,Wind Offshore,2026-06-13T19:07:25Z
2026-06-13T19:05:16Z,2026-06-13T21:05:16+0200,9460a2c8-fa12-4ac2-aa07-8ee932688218,2026-06-07T10:15:00Z,2026-06-07T12:15:00+0200,2191.62,MW,DE,DE_LU,forecast_offshore_wind_generation,Wind Offshore,2026-06-13T19:07:25Z
2026-06-13T19:05:16Z,2026-06-13T21:05:16+0200,9460a2c8-fa12-4ac2-aa07-8ee932688218,2026-06-07T10:30:00Z,2026-06-07T12:30:00+0200,2209.83,MW,DE,DE_LU,forecast_offshore_wind_generation,Wind Offshore,2026-06-13T19:07:25Z
2026-06-13T19:05:16Z,2026-06-13T21:05:16+0200,9460a2c8-fa12-4ac2-aa07-8ee932688218,2026-06-07T10:45:00Z,2026-06-07T12:45:00+0200,2229.26,MW,DE,DE_LU,forecast_offshore_wind_generation,Wind Offshore,2026-06-13T19:07:25Z
2026-06-13T19:05:16Z,2026-06-13T21:05:16+0200,9460a2c8-fa12-4ac2-aa07-8ee932688218,2026-06-07T11:00:00Z,2026-06-07T13:00:00+0200,2249.77,MW,DE,DE_LU,forecast_offshore_wind_generation,Wind Offshore,2026-06-13T19:07:25Z
2026-06-13T19:05:16Z,2026-06-13T21:05:16+0200,9460a2c8-fa12-4ac2-aa07-8ee932688218,2026-06-07T11:15:00Z,2026-06-07T13:15:00+0200,2255.91,MW,DE,DE_LU,forecast_offshore_wind_generation,Wind Offshore,2026-06-13T19:07:25Z
2026-06-13T19:05:16Z,2026-06-13T21:05:16+0200,9460a2c8-fa12-4ac2-aa07-8ee932688218,2026-06-07T11:30:00Z,2026-06-07T13:30:00+0200,2265.85,MW,DE,DE_LU,forecast_offshore_wind_generation,Wind Offshore,2026-06-13T19:07:25Z
2026-06-13T19:05:16Z,2026-06-13T21:05:16+0200,9460a2c8-fa12-4ac2-aa07-8ee932688218,2026-06-07T11:45:00Z,2026-06-07T13:45:00+0200,2278.6,MW,DE,DE_LU,forecast_offshore_wind_generation,Wind Offshore,2026-06-13T19:07:25Z
2026-06-13T19:05:16Z,2026-06-13T21:05:16+0200,9460a2c8-fa12-4ac2-aa07-8ee932688218,2026-06-07T12:00:00Z,2026-06-07T14:00:00+0200,2290.89,MW,DE,DE_LU,forecast_offshore_wind_generation,Wind Offshore,2026-06-13T19:07:25Z
2026-06-13T19:05:16Z,2026-06-13T21:05:16+0200,9460a2c8-fa12-4ac2-aa07-8ee932688218,2026-06-07T12:15:00Z,2026-06-07T14:15:00+0200,2310.42,MW,DE,DE_LU,forecast_offshore_wind_generation,Wind Offshore,2026-06-13T19:07:25Z
2026-06-13T19:05:16Z,2026-06-13T21:05:16+0200,9460a2c8-fa12-4ac2-aa07-8ee932688218,2026-06-07T12:30:00Z,2026-06-07T14:30:00+0200,2329.88,MW,DE,DE_LU,forecast_offshore_wind_generation,Wind Offshore,2026-06-13T19:07:25Z
2026-06-13T19:05:16Z,2026-06-13T21:05:16+0200,9460a2c8-fa12-4ac2-aa07-8ee932688218,2026-06-07T12:45:00Z,2026-06-07T14:45:00+0200,2350.41,MW,DE,DE_LU,forecast_offshore_wind_generation,Wind Offshore,2026-06-13T19:07:25Z
2026-06-13T19:05:16Z,2026-06-13T21:05:16+0200,9460a2c8-fa12-4ac2-aa07-8ee932688218,2026-06-07T13:00:00Z,2026-06-07T15:00:00+0200,2368.09,MW,DE,DE_LU,forecast_offshore_wind_generation,Wind Offshore,2026-06-13T19:07:25Z
2026-06-13T19:05:16Z,2026-06-13T21:05:16+0200,9460a2c8-fa12-4ac2-aa07-8ee932688218,2026-06-07T13:15:00Z,2026-06-07T15:15:00+0200,2375.89,MW,DE,DE_LU,forecast_offshore_wind_generation,Wind Offshore,2026-06-13T19:07:25Z
2026-06-13T19:05:16Z,2026-06-13T21:05:16+0200,9460a2c8-fa12-4ac2-aa07-8ee932688218,2026-06-07T13:30:00Z,2026-06-07T15:30:00+0200,2364.17,MW,DE,DE_LU,forecast_offshore_wind_generation,Wind Offshore,2026-06-13T19:07:25Z
2026-06-13T19:05:16Z,2026-06-13T21:05:16+0200,9460a2c8-fa12-4ac2-aa07-8ee932688218,2026-06-07T13:45:00Z,2026-06-07T15:45:00+0200,2373.6,MW,DE,DE_LU,forecast_offshore_wind_generation,Wind Offshore,2026-06-13T19:07:25Z
2026-06-13T19:05:16Z,2026-06-13T21:05:16+0200,9460a2c8-fa12-4ac2-aa07-8ee932688218,2026-06-07T14:00:00Z,2026-06-07T16:00:00+0200,2361.89,MW,DE,DE_LU,forecast_offshore_wind_generation,Wind Offshore,2026-06-13T19:07:25Z
2026-06-13T19:05:16Z,2026-06-13T21:05:16+0200,9460a2c8-fa12-4ac2-aa07-8ee932688218,2026-06-07T14:15:00Z,2026-06-07T16:15:00+0200,2358.9,MW,DE,DE_LU,forecast_offshore_wind_generation,Wind Offshore,2026-06-13T19:07:25Z
2026-06-13T19:05:16Z,2026-06-13T21:05:16+0200,9460a2c8-fa12-4ac2-aa07-8ee932688218,2026-06-07T14:30:00Z,2026-06-07T16:30:00+0200,2327.08,MW,DE,DE_LU,forecast_offshore_wind_generation,Wind Offshore,2026-06-13T19:07:25Z
2026-06-13T19:05:16Z,2026-06-13T21:05:16+0200,9460a2c8-fa12-4ac2-aa07-8ee932688218,2026-06-07T14:45:00Z,2026-06-07T16:45:00+0200,2325.86,MW,DE,DE_LU,forecast_offshore_wind_generation,Wind Offshore,2026-06-13T19:07:25Z
2026-06-13T19:05:16Z,2026-06-13T21:05:16+0200,9460a2c8-fa12-4ac2-aa07-8ee932688218,2026-06-07T15:00:00Z,2026-06-07T17:00:00+0200,2325.26,MW,DE,DE_LU,forecast_offshore_wind_generation,Wind Offshore,2026-06-13T19:07:25Z
2026-06-13T19:05:16Z,2026-06-13T21:05:16+0200,9460a2c8-fa12-4ac2-aa07-8ee932688218,2026-06-07T15:15:00Z,2026-06-07T17:15:00+0200,2294.11,MW,DE,DE_LU,forecast_offshore_wind_generation,Wind Offshore,2026-06-13T19:07:25Z
2026-06-13T19:05:16Z,2026-06-13T21:05:16+0200,9460a2c8-fa12-4ac2-aa07-8ee932688218,2026-06-07T15:30:00Z,2026-06-07T17:30:00+0200,2255.92,MW,DE,DE_LU,forecast_offshore_wind_generation,Wind Offshore,2026-06-13T19:07:25Z
2026-06-13T19:05:16Z,2026-06-13T21:05:16+0200,9460a2c8-fa12-4ac2-aa07-8ee932688218,2026-06-07T15:45:00Z,2026-06-07T17:45:00+0200,2222.82,MW,DE,DE_LU,forecast_offshore_wind_generation,Wind Offshore,2026-06-13T19:07:25Z
2026-06-13T19:05:16Z,2026-06-13T21:05:16+0200,9460a2c8-fa12-4ac2-aa07-8ee932688218,2026-06-07T16:00:00Z,2026-06-07T18:00:00+0200,4188.14,MW,DE,DE_LU,forecast_offshore_wind_generation,Wind Offshore,2026-06-13T19:07:25Z
2026-06-13T19:05:16Z,2026-06-13T21:05:16+0200,9460a2c8-fa12-4ac2-aa07-8ee932688218,2026-06-07T16:15:00Z,2026-06-07T18:15:00+0200,4110.99,MW,DE,DE_LU,forecast_offshore_wind_generation,Wind Offshore,2026-06-13T19:07:25Z
2026-06-13T19:05:16Z,2026-06-13T21:05:16+0200,9460a2c8-fa12-4ac2-aa07-8ee932688218,2026-06-07T16:30:00Z,2026-06-07T18:30:00+0200,4035.03,MW,DE,DE_LU,forecast_offshore_wind_generation,Wind Offshore,2026-06-13T19:07:25Z
2026-06-13T19:05:16Z,2026-06-13T21:05:16+0200,9460a2c8-fa12-4ac2-aa07-8ee932688218,2026-06-07T16:45:00Z,2026-06-07T18:45:00+0200,3947.48,MW,DE,DE_LU,forecast_offshore_wind_generation,Wind Offshore,2026-06-13T19:07:25Z
2026-06-13T19:05:16Z,2026-06-13T21:05:16+0200,9460a2c8-fa12-4ac2-aa07-8ee932688218,2026-06-07T17:00:00Z,2026-06-07T19:00:00+0200,3870.97,MW,DE,DE_LU,forecast_offshore_wind_generation,Wind Offshore,2026-06-13T19:07:25Z
2026-06-13T19:05:16Z,2026-06-13T21:05:16+0200,9460a2c8-fa12-4ac2-aa07-8ee932688218,2026-06-07T17:15:00Z,2026-06-07T19:15:00+0200,3833.88,MW,DE,DE_LU,forecast_offshore_wind_generation,Wind Offshore,2026-06-13T19:07:25Z
2026-06-13T19:05:16Z,2026-06-13T21:05:16+0200,9460a2c8-fa12-4ac2-aa07-8ee932688218,2026-06-07T17:30:00Z,2026-06-07T19:30:00+0200,3795.36,MW,DE,DE_LU,forecast_offshore_wind_generation,Wind Offshore,2026-06-13T19:07:25Z
2026-06-13T19:05:16Z,2026-06-13T21:05:16+0200,9460a2c8-fa12-4ac2-aa07-8ee932688218,2026-06-07T17:45:00Z,2026-06-07T19:45:00+0200,3778.48,MW,DE,DE_LU,forecast_offshore_wind_generation,Wind Offshore,2026-06-13T19:07:25Z
2026-06-13T19:05:16Z,2026-06-13T21:05:16+0200,9460a2c8-fa12-4ac2-aa07-8ee932688218,2026-06-07T18:00:00Z,2026-06-07T20:00:00+0200,3742.27,MW,DE,DE_LU,forecast_offshore_wind_generation,Wind Offshore,2026-06-13T19:07:25Z
2026-06-13T19:05:16Z,2026-06-13T21:05:16+0200,9460a2c8-fa12-4ac2-aa07-8ee932688218,2026-06-07T18:15:00Z,2026-06-07T20:15:00+0200,3698.53,MW,DE,DE_LU,forecast_offshore_wind_generation,Wind Offshore,2026-06-13T19:07:25Z
2026-06-13T19:05:16Z,2026-06-13T21:05:16+0200,9460a2c8-fa12-4ac2-aa07-8ee932688218,2026-06-07T18:30:00Z,2026-06-07T20:30:00+0200,3660.63,MW,DE,DE_LU,forecast_offshore_wind_generation,Wind Offshore,2026-06-13T19:07:25Z
2026-06-13T19:05:16Z,2026-06-13T21:05:16+0200,9460a2c8-fa12-4ac2-aa07-8ee932688218,2026-06-07T18:45:00Z,2026-06-07T20:45:00+0200,3631.88,MW,DE,DE_LU,forecast_offshore_wind_generation,Wind Offshore,2026-06-13T19:07:25Z
2026-06-13T19:05:16Z,2026-06-13T21:05:16+0200,9460a2c8-fa12-4ac2-aa07-8ee932688218,2026-06-07T19:00:00Z,2026-06-07T21:00:00+0200,3580.93,MW,DE,DE_LU,forecast_offshore_wind_generation,Wind Offshore,2026-06-13T19:07:25Z
2026-06-13T19:05:16Z,2026-06-13T21:05:16+0200,9460a2c8-fa12-4ac2-aa07-8ee932688218,2026-06-07T19:15:00Z,2026-06-07T21:15:00+0200,3541.44,MW,DE,DE_LU,forecast_offshore_wind_generation,Wind Offshore,2026-06-13T19:07:25Z
2026-06-13T19:05:16Z,2026-06-13T21:05:16+0200,9460a2c8-fa12-4ac2-aa07-8ee932688218,2026-06-07T19:30:00Z,2026-06-07T21:30:00+0200,3507.66,MW,DE,DE_LU,forecast_offshore_wind_generation,Wind Offshore,2026-06-13T19:07:25Z
2026-06-13T19:05:16Z,2026-06-13T21:05:16+0200,9460a2c8-fa12-4ac2-aa07-8ee932688218,2026-06-07T19:45:00Z,2026-06-07T21:45:00+0200,3469.26,MW,DE,DE_LU,forecast_offshore_wind_generation,Wind Offshore,2026-06-13T19:07:25Z
2026-06-13T19:05:16Z,2026-06-13T21:05:16+0200,9460a2c8-fa12-4ac2-aa07-8ee932688218,2026-06-07T20:00:00Z,2026-06-07T22:00:00+0200,3444.39,MW,DE,DE_LU,forecast_offshore_wind_generation,Wind Offshore,2026-06-13T19:07:25Z
2026-06-13T19:05:16Z,2026-06-13T21:05:16+0200,9460a2c8-fa12-4ac2-aa07-8ee932688218,2026-06-07T20:15:00Z,2026-06-07T22:15:00+0200,3437.41,MW,DE,DE_LU,forecast_offshore_wind_generation,Wind Offshore,2026-06-13T19:07:25Z
2026-06-13T19:05:16Z,2026-06-13T21:05:16+0200,9460a2c8-fa12-4ac2-aa07-8ee932688218,2026-06-07T20:30:00Z,2026-06-07T22:30:00+0200,3430.59,MW,DE,DE_LU,forecast_offshore_wind_generation,Wind Offshore,2026-06-13T19:07:25Z
2026-06-13T19:05:16Z,2026-06-13T21:05:16+0200,9460a2c8-fa12-4ac2-aa07-8ee932688218,2026-06-07T20:45:00Z,2026-06-07T22:45:00+0200,3419.64,MW,DE,DE_LU,forecast_offshore_wind_generation,Wind Offshore,2026-06-13T19:07:25Z
2026-06-13T19:05:16Z,2026-06-13T21:05:16+0200,9460a2c8-fa12-4ac2-aa07-8ee932688218,2026-06-07T21:00:00Z,2026-06-07T23:00:00+0200,3416.29,MW,DE,DE_LU,forecast_offshore_wind_generation,Wind Offshore,2026-06-13T19:07:25Z
2026-06-13T19:05:16Z,2026-06-13T21:05:16+0200,9460a2c8-fa12-4ac2-aa07-8ee932688218,2026-06-07T21:15:00Z,2026-06-07T23:15:00+0200,3428.78,MW,DE,DE_LU,forecast_offshore_wind_generation,Wind Offshore,2026-06-13T19:07:25Z
2026-06-13T19:05:16Z,2026-06-13T21:05:16+0200,9460a2c8-fa12-4ac2-aa07-8ee932688218,2026-06-07T21:30:00Z,2026-06-07T23:30:00+0200,3432.67,MW,DE,DE_LU,forecast_offshore_wind_generation,Wind Offshore,2026-06-13T19:07:25Z
2026-06-13T19:05:16Z,2026-06-13T21:05:16+0200,9460a2c8-fa12-4ac2-aa07-8ee932688218,2026-06-07T21:45:00Z,2026-06-07T23:45:00+0200,3443.39,MW,DE,DE_LU,forecast_offshore_wind_generation,Wind Offshore,2026-06-13T19:07:25Z
2026-06-13T19:05:16Z,2026-06-13T21:05:16+0200,9460a2c8-fa12-4ac2-aa07-8ee932688218,2026-06-07T22:00:00Z,2026-06-08T00:00:00+0200,3023.17,MW,DE,DE_LU,forecast_offshore_wind_generation,Wind Offshore,2026-06-13T19:07:25Z
2026-06-13T19:05:16Z,2026-06-13T21:05:16+0200,9460a2c8-fa12-4ac2-aa07-8ee932688218,2026-06-07T22:15:00Z,2026-06-08T00:15:00+0200,3006.28,MW,DE,DE_LU,forecast_offshore_wind_generation,Wind Offshore,2026-06-13T19:07:25Z
2026-06-13T19:05:16Z,2026-06-13T21:05:16+0200,9460a2c8-fa12-4ac2-aa07-8ee932688218,2026-06-07T22:30:00Z,2026-06-08T00:30:00+0200,2978.35,MW,DE,DE_LU,forecast_offshore_wind_generation,Wind Offshore,2026-06-13T19:07:25Z
2026-06-13T19:05:16Z,2026-06-13T21:05:16+0200,9460a2c8-fa12-4ac2-aa07-8ee932688218,2026-06-07T22:45:00Z,2026-06-08T00:45:00+0200,2950.47,MW,DE,DE_LU,forecast_offshore_wind_generation,Wind Offshore,2026-06-13T19:07:25Z
2026-06-13T19:05:16Z,2026-06-13T21:05:16+0200,9460a2c8-fa12-4ac2-aa07-8ee932688218,2026-06-07T23:00:00Z,2026-06-08T01:00:00+0200,2922.57,MW,DE,DE_LU,forecast_offshore_wind_generation,Wind Offshore,2026-06-13T19:07:25Z
2026-06-13T19:05:16Z,2026-06-13T21:05:16+0200,9460a2c8-fa12-4ac2-aa07-8ee932688218,2026-06-07T23:15:00Z,2026-06-08T01:15:00+0200,2907.08,MW,DE,DE_LU,forecast_offshore_wind_generation,Wind Offshore,2026-06-13T19:07:25Z
2026-06-13T19:05:16Z,2026-06-13T21:05:16+0200,9460a2c8-fa12-4ac2-aa07-8ee932688218,2026-06-07T23:30:00Z,2026-06-08T01:30:00+0200,2889.64,MW,DE,DE_LU,forecast_offshore_wind_generation,Wind Offshore,2026-06-13T19:07:25Z
2026-06-13T19:05:16Z,2026-06-13T21:05:16+0200,9460a2c8-fa12-4ac2-aa07-8ee932688218,2026-06-07T23:45:00Z,2026-06-08T01:45:00+0200,2871.23,MW,DE,DE_LU,forecast_offshore_wind_generation,Wind Offshore,2026-06-13T19:07:25Z
2026-06-13T19:05:16Z,2026-06-13T21:05:16+0200,9460a2c8-fa12-4ac2-aa07-8ee932688218,2026-06-08T00:00:00Z,2026-06-08T02:00:00+0200,2860.25,MW,DE,DE_LU,forecast_offshore_wind_generation,Wind Offshore,2026-06-13T19:07:25Z
2026-06-13T19:05:16Z,2026-06-13T21:05:16+0200,9460a2c8-fa12-4ac2-aa07-8ee932688218,2026-06-08T00:15:00Z,2026-06-08T02:15:00+0200,2875.0,MW,DE,DE_LU,forecast_offshore_wind_generation,Wind Offshore,2026-06-13T19:07:25Z
2026-06-13T19:05:16Z,2026-06-13T21:05:16+0200,9460a2c8-fa12-4ac2-aa07-8ee932688218,2026-06-08T00:30:00Z,2026-06-08T02:30:00+0200,2890.9,MW,DE,DE_LU,forecast_offshore_wind_generation,Wind Offshore,2026-06-13T19:07:25Z
2026-06-13T19:05:16Z,2026-06-13T21:05:16+0200,9460a2c8-fa12-4ac2-aa07-8ee932688218,2026-06-08T00:45:00Z,2026-06-08T02:45:00+0200,2907.04,MW,DE,DE_LU,forecast_offshore_wind_generation,Wind Offshore,2026-06-13T19:07:25Z
2026-06-13T19:05:16Z,2026-06-13T21:05:16+0200,9460a2c8-fa12-4ac2-aa07-8ee932688218,2026-06-08T01:00:00Z,2026-06-08T03:00:00+0200,2925.73,MW,DE,DE_LU,forecast_offshore_wind_generation,Wind Offshore,2026-06-13T19:07:25Z
2026-06-13T19:05:16Z,2026-06-13T21:05:16+0200,9460a2c8-fa12-4ac2-aa07-8ee932688218,2026-06-08T01:15:00Z,2026-06-08T03:15:00+0200,2958.89,MW,DE,DE_LU,forecast_offshore_wind_generation,Wind Offshore,2026-06-13T19:07:25Z
2026-06-13T19:05:16Z,2026-06-13T21:05:16+0200,9460a2c8-fa12-4ac2-aa07-8ee932688218,2026-06-08T01:30:00Z,2026-06-08T03:30:00+0200,2990.03,MW,DE,DE_LU,forecast_offshore_wind_generation,Wind Offshore,2026-06-13T19:07:25Z
2026-06-13T19:05:16Z,2026-06-13T21:05:16+0200,9460a2c8-fa12-4ac2-aa07-8ee932688218,2026-06-08T01:45:00Z,2026-06-08T03:45:00+0200,3024.48,MW,DE,DE_LU,forecast_offshore_wind_generation,Wind Offshore,2026-06-13T19:07:25Z
2026-06-13T19:05:16Z,2026-06-13T21:05:16+0200,9460a2c8-fa12-4ac2-aa07-8ee932688218,2026-06-08T02:00:00Z,2026-06-08T04:00:00+0200,3052.88,MW,DE,DE_LU,forecast_offshore_wind_generation,Wind Offshore,2026-06-13T19:07:25Z
2026-06-13T19:05:16Z,2026-06-13T21:05:16+0200,9460a2c8-fa12-4ac2-aa07-8ee932688218,2026-06-08T02:15:00Z,2026-06-08T04:15:00+0200,3058.76,MW,DE,DE_LU,forecast_offshore_wind_generation,Wind Offshore,2026-06-13T19:07:25Z
2026-06-13T19:05:16Z,2026-06-13T21:05:16+0200,9460a2c8-fa12-4ac2-aa07-8ee932688218,2026-06-08T02:30:00Z,2026-06-08T04:30:00+0200,3068.7,MW,DE,DE_LU,forecast_offshore_wind_generation,Wind Offshore,2026-06-13T19:07:25Z
2026-06-13T19:05:16Z,2026-06-13T21:05:16+0200,9460a2c8-fa12-4ac2-aa07-8ee932688218,2026-06-08T02:45:00Z,2026-06-08T04:45:00+0200,3072.22,MW,DE,DE_LU,forecast_offshore_wind_generation,Wind Offshore,2026-06-13T19:07:25Z
2026-06-13T19:05:16Z,2026-06-13T21:05:16+0200,9460a2c8-fa12-4ac2-aa07-8ee932688218,2026-06-08T03:00:00Z,2026-06-08T05:00:00+0200,3079.04,MW,DE,DE_LU,forecast_offshore_wind_generation,Wind Offshore,2026-06-13T19:07:25Z
2026-06-13T19:05:16Z,2026-06-13T21:05:16+0200,9460a2c8-fa12-4ac2-aa07-8ee932688218,2026-06-08T03:15:00Z,2026-06-08T05:15:00+0200,3084.46,MW,DE,DE_LU,forecast_offshore_wind_generation,Wind Offshore,2026-06-13T19:07:25Z
2026-06-13T19:05:16Z,2026-06-13T21:05:16+0200,9460a2c8-fa12-4ac2-aa07-8ee932688218,2026-06-08T03:30:00Z,2026-06-08T05:30:00+0200,3092.5,MW,DE,DE_LU,forecast_offshore_wind_generation,Wind Offshore,2026-06-13T19:07:25Z
2026-06-13T19:05:16Z,2026-06-13T21:05:16+0200,9460a2c8-fa12-4ac2-aa07-8ee932688218,2026-06-08T03:45:00Z,2026-06-08T05:45:00+0200,3101.27,MW,DE,DE_LU,forecast_offshore_wind_generation,Wind Offshore,2026-06-13T19:07:25Z
2026-06-13T19:05:16Z,2026-06-13T21:05:16+0200,9460a2c8-fa12-4ac2-aa07-8ee932688218,2026-06-08T04:00:00Z,2026-06-08T06:00:00+0200,3099.07,MW,DE,DE_LU,forecast_offshore_wind_generation,Wind Offshore,2026-06-13T19:07:25Z
2026-06-13T19:05:16Z,2026-06-13T21:05:16+0200,9460a2c8-fa12-4ac2-aa07-8ee932688218,2026-06-08T04:15:00Z,2026-06-08T06:15:00+0200,3058.0,MW,DE,DE_LU,forecast_offshore_wind_generation,Wind Offshore,2026-06-13T19:07:25Z
2026-06-13T19:05:16Z,2026-06-13T21:05:16+0200,9460a2c8-fa12-4ac2-aa07-8ee932688218,2026-06-08T04:30:00Z,2026-06-08T06:30:00+0200,3019.88,MW,DE,DE_LU,forecast_offshore_wind_generation,Wind Offshore,2026-06-13T19:07:25Z
2026-06-13T19:05:16Z,2026-06-13T21:05:16+0200,9460a2c8-fa12-4ac2-aa07-8ee932688218,2026-06-08T04:45:00Z,2026-06-08T06:45:00+0200,2980.57,MW,DE,DE_LU,forecast_offshore_wind_generation,Wind Offshore,2026-06-13T19:07:25Z
2026-06-13T19:05:16Z,2026-06-13T21:05:16+0200,9460a2c8-fa12-4ac2-aa07-8ee932688218,2026-06-08T05:00:00Z,2026-06-08T07:00:00+0200,2937.05,MW,DE,DE_LU,forecast_offshore_wind_generation,Wind Offshore,2026-06-13T19:07:25Z
2026-06-13T19:05:16Z,2026-06-13T21:05:16+0200,9460a2c8-fa12-4ac2-aa07-8ee932688218,2026-06-08T05:15:00Z,2026-06-08T07:15:00+0200,2914.14,MW,DE,DE_LU,forecast_offshore_wind_generation,Wind Offshore,2026-06-13T19:07:25Z
2026-06-13T19:05:16Z,2026-06-13T21:05:16+0200,9460a2c8-fa12-4ac2-aa07-8ee932688218,2026-06-08T05:30:00Z,2026-06-08T07:30:00+0200,2870.42,MW,DE,DE_LU,forecast_offshore_wind_generation,Wind Offshore,2026-06-13T19:07:25Z
2026-06-13T19:05:16Z,2026-06-13T21:05:16+0200,9460a2c8-fa12-4ac2-aa07-8ee932688218,2026-06-08T05:45:00Z,2026-06-08T07:45:00+0200,2847.85,MW,DE,DE_LU,forecast_offshore_wind_generation,Wind Offshore,2026-06-13T19:07:25Z
2026-06-13T19:05:16Z,2026-06-13T21:05:16+0200,9460a2c8-fa12-4ac2-aa07-8ee932688218,2026-06-08T06:00:00Z,2026-06-08T08:00:00+0200,2812.9,MW,DE,DE_LU,forecast_offshore_wind_generation,Wind Offshore,2026-06-13T19:07:25Z
2026-06-13T19:05:16Z,2026-06-13T21:05:16+0200,9460a2c8-fa12-4ac2-aa07-8ee932688218,2026-06-08T06:15:00Z,2026-06-08T08:15:00+0200,2773.74,MW,DE,DE_LU,forecast_offshore_wind_generation,Wind Offshore,2026-06-13T19:07:25Z
2026-06-13T19:05:16Z,2026-06-13T21:05:16+0200,9460a2c8-fa12-4ac2-aa07-8ee932688218,2026-06-08T06:30:00Z,2026-06-08T08:30:00+0200,2739.11,MW,DE,DE_LU,forecast_offshore_wind_generation,Wind Offshore,2026-06-13T19:07:25Z
2026-06-13T19:05:16Z,2026-06-13T21:05:16+0200,9460a2c8-fa12-4ac2-aa07-8ee932688218,2026-06-08T06:45:00Z,2026-06-08T08:45:00+0200,2701.48,MW,DE,DE_LU,forecast_offshore_wind_generation,Wind Offshore,2026-06-13T19:07:25Z
2026-06-13T19:05:16Z,2026-06-13T21:05:16+0200,9460a2c8-fa12-4ac2-aa07-8ee932688218,2026-06-08T07:00:00Z,2026-06-08T09:00:00+0200,2656.84,MW,DE,DE_LU,forecast_offshore_wind_generation,Wind Offshore,2026-06-13T19:07:25Z
2026-06-13T19:05:16Z,2026-06-13T21:05:16+0200,9460a2c8-fa12-4ac2-aa07-8ee932688218,2026-06-08T07:15:00Z,2026-06-08T09:15:00+0200,2583.34,MW,DE,DE_LU,forecast_offshore_wind_generation,Wind Offshore,2026-06-13T19:07:25Z
2026-06-13T19:05:16Z,2026-06-13T21:05:16+0200,9460a2c8-fa12-4ac2-aa07-8ee932688218,2026-06-08T07:30:00Z,2026-06-08T09:30:00+0200,2445.1,MW,DE,DE_LU,forecast_offshore_wind_generation,Wind Offshore,2026-06-13T19:07:25Z
2026-06-13T19:05:16Z,2026-06-13T21:05:16+0200,9460a2c8-fa12-4ac2-aa07-8ee932688218,2026-06-08T07:45:00Z,2026-06-08T09:45:00+0200,2379.98,MW,DE,DE_LU,forecast_offshore_wind_generation,Wind Offshore,2026-06-13T19:07:25Z
2026-06-13T19:05:16Z,2026-06-13T21:05:16+0200,9460a2c8-fa12-4ac2-aa07-8ee932688218,2026-06-08T08:00:00Z,2026-06-08T10:00:00+0200,2313.83,MW,DE,DE_LU,forecast_offshore_wind_generation,Wind Offshore,2026-06-13T19:07:25Z
2026-06-13T19:05:16Z,2026-06-13T21:05:16+0200,9460a2c8-fa12-4ac2-aa07-8ee932688218,2026-06-08T08:15:00Z,2026-06-08T10:15:00+0200,2239.29,MW,DE,DE_LU,forecast_offshore_wind_generation,Wind Offshore,2026-06-13T19:07:25Z
2026-06-13T19:05:16Z,2026-06-13T21:05:16+0200,9460a2c8-fa12-4ac2-aa07-8ee932688218,2026-06-08T08:30:00Z,2026-06-08T10:30:00+0200,2157.92,MW,DE,DE_LU,forecast_offshore_wind_generation,Wind Offshore,2026-06-13T19:07:25Z
2026-06-13T19:05:16Z,2026-06-13T21:05:16+0200,9460a2c8-fa12-4ac2-aa07-8ee932688218,2026-06-08T08:45:00Z,2026-06-08T10:45:00+0200,2077.0,MW,DE,DE_LU,forecast_offshore_wind_generation,Wind Offshore,2026-06-13T19:07:25Z
2026-06-13T19:05:16Z,2026-06-13T21:05:16+0200,9460a2c8-fa12-4ac2-aa07-8ee932688218,2026-06-08T09:00:00Z,2026-06-08T11:00:00+0200,1994.68,MW,DE,DE_LU,forecast_offshore_wind_generation,Wind Offshore,2026-06-13T19:07:25Z
2026-06-13T19:05:16Z,2026-06-13T21:05:16+0200,9460a2c8-fa12-4ac2-aa07-8ee932688218,2026-06-08T09:15:00Z,2026-06-08T11:15:00+0200,1913.63,MW,DE,DE_LU,forecast_offshore_wind_generation,Wind Offshore,2026-06-13T19:07:25Z
2026-06-13T19:05:16Z,2026-06-13T21:05:16+0200,9460a2c8-fa12-4ac2-aa07-8ee932688218,2026-06-08T09:30:00Z,2026-06-08T11:30:00+0200,1756.91,MW,DE,DE_LU,forecast_offshore_wind_generation,Wind Offshore,2026-06-13T19:07:25Z
2026-06-13T19:05:16Z,2026-06-13T21:05:16+0200,9460a2c8-fa12-4ac2-aa07-8ee932688218,2026-06-08T09:45:00Z,2026-06-08T11:45:00+0200,1669.18,MW,DE,DE_LU,forecast_offshore_wind_generation,Wind Offshore,2026-06-13T19:07:25Z
2026-06-13T19:05:16Z,2026-06-13T21:05:16+0200,9460a2c8-fa12-4ac2-aa07-8ee932688218,2026-06-08T10:00:00Z,2026-06-08T12:00:00+0200,1605.51,MW,DE,DE_LU,forecast_offshore_wind_generation,Wind Offshore,2026-06-13T19:07:25Z
2026-06-13T19:05:16Z,2026-06-13T21:05:16+0200,9460a2c8-fa12-4ac2-aa07-8ee932688218,2026-06-08T10:15:00Z,2026-06-08T12:15:00+0200,1554.93,MW,DE,DE_LU,forecast_offshore_wind_generation,Wind Offshore,2026-06-13T19:07:25Z
2026-06-13T19:05:16Z,2026-06-13T21:05:16+0200,9460a2c8-fa12-4ac2-aa07-8ee932688218,2026-06-08T10:30:00Z,2026-06-08T12:30:00+0200,1505.99,MW,DE,DE_LU,forecast_offshore_wind_generation,Wind Offshore,2026-06-13T19:07:25Z
2026-06-13T19:05:16Z,2026-06-13T21:05:16+0200,9460a2c8-fa12-4ac2-aa07-8ee932688218,2026-06-08T10:45:00Z,2026-06-08T12:45:00+0200,1457.18,MW,DE,DE_LU,forecast_offshore_wind_generation,Wind Offshore,2026-06-13T19:07:25Z
2026-06-13T19:05:16Z,2026-06-13T21:05:16+0200,9460a2c8-fa12-4ac2-aa07-8ee932688218,2026-06-08T11:00:00Z,2026-06-08T13:00:00+0200,1413.47,MW,DE,DE_LU,forecast_offshore_wind_generation,Wind Offshore,2026-06-13T19:07:25Z
2026-06-13T19:05:16Z,2026-06-13T21:05:16+0200,9460a2c8-fa12-4ac2-aa07-8ee932688218,2026-06-08T11:15:00Z,2026-06-08T13:15:00+0200,1397.77,MW,DE,DE_LU,forecast_offshore_wind_generation,Wind Offshore,2026-06-13T19:07:25Z
2026-06-13T19:05:16Z,2026-06-13T21:05:16+0200,9460a2c8-fa12-4ac2-aa07-8ee932688218,2026-06-08T11:30:00Z,2026-06-08T13:30:00+0200,1376.03,MW,DE,DE_LU,forecast_offshore_wind_generation,Wind Offshore,2026-06-13T19:07:25Z
2026-06-13T19:05:16Z,2026-06-13T21:05:16+0200,9460a2c8-fa12-4ac2-aa07-8ee932688218,2026-06-08T11:45:00Z,2026-06-08T13:45:00+0200,1360.03,MW,DE,DE_LU,forecast_offshore_wind_generation,Wind Offshore,2026-06-13T19:07:25Z
2026-06-13T19:05:16Z,2026-06-13T21:05:16+0200,9460a2c8-fa12-4ac2-aa07-8ee932688218,2026-06-08T12:00:00Z,2026-06-08T14:00:00+0200,1342.27,MW,DE,DE_LU,forecast_offshore_wind_generation,Wind Offshore,2026-06-13T19:07:25Z
2026-06-13T19:05:16Z,2026-06-13T21:05:16+0200,9460a2c8-fa12-4ac2-aa07-8ee932688218,2026-06-08T12:15:00Z,2026-06-08T14:15:00+0200,1317.38,MW,DE,DE_LU,forecast_offshore_wind_generation,Wind Offshore,2026-06-13T19:07:25Z
2026-06-13T19:05:16Z,2026-06-13T21:05:16+0200,9460a2c8-fa12-4ac2-aa07-8ee932688218,2026-06-08T12:30:00Z,2026-06-08T14:30:00+0200,1291.28,MW,DE,DE_LU,forecast_offshore_wind_generation,Wind Offshore,2026-06-13T19:07:25Z
2026-06-13T19:05:16Z,2026-06-13T21:05:16+0200,9460a2c8-fa12-4ac2-aa07-8ee932688218,2026-06-08T12:45:00Z,2026-06-08T14:45:00+0200,1261.7,MW,DE,DE_LU,forecast_offshore_wind_generation,Wind Offshore,2026-06-13T19:07:25Z
2026-06-13T19:05:16Z,2026-06-13T21:05:16+0200,9460a2c8-fa12-4ac2-aa07-8ee932688218,2026-06-08T13:00:00Z,2026-06-08T15:00:00+0200,1241.1,MW,DE,DE_LU,forecast_offshore_wind_generation,Wind Offshore,2026-06-13T19:07:25Z
2026-06-13T19:05:16Z,2026-06-13T21:05:16+0200,9460a2c8-fa12-4ac2-aa07-8ee932688218,2026-06-08T13:15:00Z,2026-06-08T15:15:00+0200,1244.97,MW,DE,DE_LU,forecast_offshore_wind_generation,Wind Offshore,2026-06-13T19:07:25Z
2026-06-13T19:05:16Z,2026-06-13T21:05:16+0200,9460a2c8-fa12-4ac2-aa07-8ee932688218,2026-06-08T13:30:00Z,2026-06-08T15:30:00+0200,1243.02,MW,DE,DE_LU,forecast_offshore_wind_generation,Wind Offshore,2026-06-13T19:07:25Z
2026-06-13T19:05:16Z,2026-06-13T21:05:16+0200,9460a2c8-fa12-4ac2-aa07-8ee932688218,2026-06-08T13:45:00Z,2026-06-08T15:45:00+0200,1244.24,MW,DE,DE_LU,forecast_offshore_wind_generation,Wind Offshore,2026-06-13T19:07:25Z
2026-06-13T19:05:16Z,2026-06-13T21:05:16+0200,9460a2c8-fa12-4ac2-aa07-8ee932688218,2026-06-08T14:00:00Z,2026-06-08T16:00:00+0200,1263.88,MW,DE,DE_LU,forecast_offshore_wind_generation,Wind Offshore,2026-06-13T19:07:25Z
2026-06-13T19:05:16Z,2026-06-13T21:05:16+0200,9460a2c8-fa12-4ac2-aa07-8ee932688218,2026-06-08T14:15:00Z,2026-06-08T16:15:00+0200,1276.22,MW,DE,DE_LU,forecast_offshore_wind_generation,Wind Offshore,2026-06-13T19:07:25Z
2026-06-13T19:05:16Z,2026-06-13T21:05:16+0200,9460a2c8-fa12-4ac2-aa07-8ee932688218,2026-06-08T14:30:00Z,2026-06-08T16:30:00+0200,1293.58,MW,DE,DE_LU,forecast_offshore_wind_generation,Wind Offshore,2026-06-13T19:07:25Z
2026-06-13T19:05:16Z,2026-06-13T21:05:16+0200,9460a2c8-fa12-4ac2-aa07-8ee932688218,2026-06-08T14:45:00Z,2026-06-08T16:45:00+0200,1305.04,MW,DE,DE_LU,forecast_offshore_wind_generation,Wind Offshore,2026-06-13T19:07:25Z
2026-06-13T19:05:16Z,2026-06-13T21:05:16+0200,9460a2c8-fa12-4ac2-aa07-8ee932688218,2026-06-08T15:00:00Z,2026-06-08T17:00:00+0200,1326.03,MW,DE,DE_LU,forecast_offshore_wind_generation,Wind Offshore,2026-06-13T19:07:25Z
2026-06-13T19:05:16Z,2026-06-13T21:05:16+0200,9460a2c8-fa12-4ac2-aa07-8ee932688218,2026-06-08T15:15:00Z,2026-06-08T17:15:00+0200,1337.33,MW,DE,DE_LU,forecast_offshore_wind_generation,Wind Offshore,2026-06-13T19:07:25Z
2026-06-13T19:05:16Z,2026-06-13T21:05:16+0200,9460a2c8-fa12-4ac2-aa07-8ee932688218,2026-06-08T15:30:00Z,2026-06-08T17:30:00+0200,1346.75,MW,DE,DE_LU,forecast_offshore_wind_generation,Wind Offshore,2026-06-13T19:07:25Z
2026-06-13T19:05:16Z,2026-06-13T21:05:16+0200,9460a2c8-fa12-4ac2-aa07-8ee932688218,2026-06-08T15:45:00Z,2026-06-08T17:45:00+0200,1350.56,MW,DE,DE_LU,forecast_offshore_wind_generation,Wind Offshore,2026-06-13T19:07:25Z
2026-06-13T19:05:16Z,2026-06-13T21:05:16+0200,9460a2c8-fa12-4ac2-aa07-8ee932688218,2026-06-08T16:00:00Z,2026-06-08T18:00:00+0200,1361.87,MW,DE,DE_LU,forecast_offshore_wind_generation,Wind Offshore,2026-06-13T19:07:25Z
2026-06-13T19:05:16Z,2026-06-13T21:05:16+0200,9460a2c8-fa12-4ac2-aa07-8ee932688218,2026-06-08T16:15:00Z,2026-06-08T18:15:00+0200,1373.69,MW,DE,DE_LU,forecast_offshore_wind_generation,Wind Offshore,2026-06-13T19:07:25Z
2026-06-13T19:05:16Z,2026-06-13T21:05:16+0200,9460a2c8-fa12-4ac2-aa07-8ee932688218,2026-06-08T16:30:00Z,2026-06-08T18:30:00+0200,1384.84,MW,DE,DE_LU,forecast_offshore_wind_generation,Wind Offshore,2026-06-13T19:07:25Z
2026-06-13T19:05:16Z,2026-06-13T21:05:16+0200,9460a2c8-fa12-4ac2-aa07-8ee932688218,2026-06-08T16:45:00Z,2026-06-08T18:45:00+0200,1409.49,MW,DE,DE_LU,forecast_offshore_wind_generation,Wind Offshore,2026-06-13T19:07:25Z
2026-06-13T19:05:16Z,2026-06-13T21:05:16+0200,9460a2c8-fa12-4ac2-aa07-8ee932688218,2026-06-08T17:00:00Z,2026-06-08T19:00:00+0200,1416.0,MW,DE,DE_LU,forecast_offshore_wind_generation,Wind Offshore,2026-06-13T19:07:25Z
2026-06-13T19:05:16Z,2026-06-13T21:05:16+0200,9460a2c8-fa12-4ac2-aa07-8ee932688218,2026-06-08T17:15:00Z,2026-06-08T19:15:00+0200,1410.75,MW,DE,DE_LU,forecast_offshore_wind_generation,Wind Offshore,2026-06-13T19:07:25Z
2026-06-13T19:05:16Z,2026-06-13T21:05:16+0200,9460a2c8-fa12-4ac2-aa07-8ee932688218,2026-06-08T17:30:00Z,2026-06-08T19:30:00+0200,1401.54,MW,DE,DE_LU,forecast_offshore_wind_generation,Wind Offshore,2026-06-13T19:07:25Z
2026-06-13T19:05:16Z,2026-06-13T21:05:16+0200,9460a2c8-fa12-4ac2-aa07-8ee932688218,2026-06-08T17:45:00Z,2026-06-08T19:45:00+0200,1391.74,MW,DE,DE_LU,forecast_offshore_wind_generation,Wind Offshore,2026-06-13T19:07:25Z
2026-06-13T19:05:16Z,2026-06-13T21:05:16+0200,9460a2c8-fa12-4ac2-aa07-8ee932688218,2026-06-08T18:00:00Z,2026-06-08T20:00:00+0200,1376.12,MW,DE,DE_LU,forecast_offshore_wind_generation,Wind Offshore,2026-06-13T19:07:25Z
2026-06-13T19:05:16Z,2026-06-13T21:05:16+0200,9460a2c8-fa12-4ac2-aa07-8ee932688218,2026-06-08T18:15:00Z,2026-06-08T20:15:00+0200,1358.47,MW,DE,DE_LU,forecast_offshore_wind_generation,Wind Offshore,2026-06-13T19:07:25Z
2026-06-13T19:05:16Z,2026-06-13T21:05:16+0200,9460a2c8-fa12-4ac2-aa07-8ee932688218,2026-06-08T18:30:00Z,2026-06-08T20:30:00+0200,1344.1,MW,DE,DE_LU,forecast_offshore_wind_generation,Wind Offshore,2026-06-13T19:07:25Z
2026-06-13T19:05:16Z,2026-06-13T21:05:16+0200,9460a2c8-fa12-4ac2-aa07-8ee932688218,2026-06-08T18:45:00Z,2026-06-08T20:45:00+0200,1328.25,MW,DE,DE_LU,forecast_offshore_wind_generation,Wind Offshore,2026-06-13T19:07:25Z
2026-06-13T19:05:16Z,2026-06-13T21:05:16+0200,9460a2c8-fa12-4ac2-aa07-8ee932688218,2026-06-08T19:00:00Z,2026-06-08T21:00:00+0200,1316.41,MW,DE,DE_LU,forecast_offshore_wind_generation,Wind Offshore,2026-06-13T19:07:25Z
2026-06-13T19:05:16Z,2026-06-13T21:05:16+0200,9460a2c8-fa12-4ac2-aa07-8ee932688218,2026-06-08T19:15:00Z,2026-06-08T21:15:00+0200,1317.13,MW,DE,DE_LU,forecast_offshore_wind_generation,Wind Offshore,2026-06-13T19:07:25Z
2026-06-13T19:05:16Z,2026-06-13T21:05:16+0200,9460a2c8-fa12-4ac2-aa07-8ee932688218,2026-06-08T19:30:00Z,2026-06-08T21:30:00+0200,1310.63,MW,DE,DE_LU,forecast_offshore_wind_generation,Wind Offshore,2026-06-13T19:07:25Z
2026-06-13T19:05:16Z,2026-06-13T21:05:16+0200,9460a2c8-fa12-4ac2-aa07-8ee932688218,2026-06-08T19:45:00Z,2026-06-08T21:45:00+0200,1309.08,MW,DE,DE_LU,forecast_offshore_wind_generation,Wind Offshore,2026-06-13T19:07:25Z
2026-06-13T19:05:16Z,2026-06-13T21:05:16+0200,9460a2c8-fa12-4ac2-aa07-8ee932688218,2026-06-08T20:00:00Z,2026-06-08T22:00:00+0200,1321.12,MW,DE,DE_LU,forecast_offshore_wind_generation,Wind Offshore,2026-06-13T19:07:25Z
2026-06-13T19:05:16Z,2026-06-13T21:05:16+0200,9460a2c8-fa12-4ac2-aa07-8ee932688218,2026-06-08T20:15:00Z,2026-06-08T22:15:00+0200,1387.65,MW,DE,DE_LU,forecast_offshore_wind_generation,Wind Offshore,2026-06-13T19:07:25Z
2026-06-13T19:05:16Z,2026-06-13T21:05:16+0200,9460a2c8-fa12-4ac2-aa07-8ee932688218,2026-06-08T20:30:00Z,2026-06-08T22:30:00+0200,1461.05,MW,DE,DE_LU,forecast_offshore_wind_generation,Wind Offshore,2026-06-13T19:07:25Z
2026-06-13T19:05:16Z,2026-06-13T21:05:16+0200,9460a2c8-fa12-4ac2-aa07-8ee932688218,2026-06-08T20:45:00Z,2026-06-08T22:45:00+0200,1527.39,MW,DE,DE_LU,forecast_offshore_wind_generation,Wind Offshore,2026-06-13T19:07:25Z
2026-06-13T19:05:16Z,2026-06-13T21:05:16+0200,9460a2c8-fa12-4ac2-aa07-8ee932688218,2026-06-08T21:00:00Z,2026-06-08T23:00:00+0200,1608.72,MW,DE,DE_LU,forecast_offshore_wind_generation,Wind Offshore,2026-06-13T19:07:25Z
2026-06-13T19:05:16Z,2026-06-13T21:05:16+0200,9460a2c8-fa12-4ac2-aa07-8ee932688218,2026-06-08T21:15:00Z,2026-06-08T23:15:00+0200,1734.23,MW,DE,DE_LU,forecast_offshore_wind_generation,Wind Offshore,2026-06-13T19:07:25Z
2026-06-13T19:05:16Z,2026-06-13T21:05:16+0200,9460a2c8-fa12-4ac2-aa07-8ee932688218,2026-06-08T21:30:00Z,2026-06-08T23:30:00+0200,1855.05,MW,DE,DE_LU,forecast_offshore_wind_generation,Wind Offshore,2026-06-13T19:07:25Z
2026-06-13T19:05:16Z,2026-06-13T21:05:16+0200,9460a2c8-fa12-4ac2-aa07-8ee932688218,2026-06-08T21:45:00Z,2026-06-08T23:45:00+0200,1977.99,MW,DE,DE_LU,forecast_offshore_wind_generation,Wind Offshore,2026-06-13T19:07:25Z
2026-06-13T19:05:16Z,2026-06-13T21:05:16+0200,9460a2c8-fa12-4ac2-aa07-8ee932688218,2026-06-08T22:00:00Z,2026-06-09T00:00:00+0200,1968.88,MW,DE,DE_LU,forecast_offshore_wind_generation,Wind Offshore,2026-06-13T19:07:25Z
2026-06-13T19:05:16Z,2026-06-13T21:05:16+0200,9460a2c8-fa12-4ac2-aa07-8ee932688218,2026-06-08T22:15:00Z,2026-06-09T00:15:00+0200,2108.96,MW,DE,DE_LU,forecast_offshore_wind_generation,Wind Offshore,2026-06-13T19:07:25Z
2026-06-13T19:05:16Z,2026-06-13T21:05:16+0200,9460a2c8-fa12-4ac2-aa07-8ee932688218,2026-06-08T22:30:00Z,2026-06-09T00:30:00+0200,2241.84,MW,DE,DE_LU,forecast_offshore_wind_generation,Wind Offshore,2026-06-13T19:07:25Z
2026-06-13T19:05:16Z,2026-06-13T21:05:16+0200,9460a2c8-fa12-4ac2-aa07-8ee932688218,2026-06-08T22:45:00Z,2026-06-09T00:45:00+0200,2380.04,MW,DE,DE_LU,forecast_offshore_wind_generation,Wind Offshore,2026-06-13T19:07:25Z
2026-06-13T19:05:16Z,2026-06-13T21:05:16+0200,9460a2c8-fa12-4ac2-aa07-8ee932688218,2026-06-08T23:00:00Z,2026-06-09T01:00:00+0200,2519.72,MW,DE,DE_LU,forecast_offshore_wind_generation,Wind Offshore,2026-06-13T19:07:25Z
2026-06-13T19:05:16Z,2026-06-13T21:05:16+0200,9460a2c8-fa12-4ac2-aa07-8ee932688218,2026-06-08T23:15:00Z,2026-06-09T01:15:00+0200,2658.36,MW,DE,DE_LU,forecast_offshore_wind_generation,Wind Offshore,2026-06-13T19:07:25Z
2026-06-13T19:05:16Z,2026-06-13T21:05:16+0200,9460a2c8-fa12-4ac2-aa07-8ee932688218,2026-06-08T23:30:00Z,2026-06-09T01:30:00+0200,2791.81,MW,DE,DE_LU,forecast_offshore_wind_generation,Wind Offshore,2026-06-13T19:07:25Z
2026-06-13T19:05:16Z,2026-06-13T21:05:16+0200,9460a2c8-fa12-4ac2-aa07-8ee932688218,2026-06-08T23:45:00Z,2026-06-09T01:45:00+0200,2924.6,MW,DE,DE_LU,forecast_offshore_wind_generation,Wind Offshore,2026-06-13T19:07:25Z
2026-06-13T19:05:16Z,2026-06-13T21:05:16+0200,9460a2c8-fa12-4ac2-aa07-8ee932688218,2026-06-09T00:00:00Z,2026-06-09T02:00:00+0200,3053.45,MW,DE,DE_LU,forecast_offshore_wind_generation,Wind Offshore,2026-06-13T19:07:25Z
2026-06-13T19:05:16Z,2026-06-13T21:05:16+0200,9460a2c8-fa12-4ac2-aa07-8ee932688218,2026-06-09T00:15:00Z,2026-06-09T02:15:00+0200,3169.29,MW,DE,DE_LU,forecast_offshore_wind_generation,Wind Offshore,2026-06-13T19:07:25Z
2026-06-13T19:05:16Z,2026-06-13T21:05:16+0200,9460a2c8-fa12-4ac2-aa07-8ee932688218,2026-06-09T00:30:00Z,2026-06-09T02:30:00+0200,3278.99,MW,DE,DE_LU,forecast_offshore_wind_generation,Wind Offshore,2026-06-13T19:07:25Z
2026-06-13T19:05:16Z,2026-06-13T21:05:16+0200,9460a2c8-fa12-4ac2-aa07-8ee932688218,2026-06-09T00:45:00Z,2026-06-09T02:45:00+0200,3390.11,MW,DE,DE_LU,forecast_offshore_wind_generation,Wind Offshore,2026-06-13T19:07:25Z
2026-06-13T19:05:16Z,2026-06-13T21:05:16+0200,9460a2c8-fa12-4ac2-aa07-8ee932688218,2026-06-09T01:00:00Z,2026-06-09T03:00:00+0200,3501.17,MW,DE,DE_LU,forecast_offshore_wind_generation,Wind Offshore,2026-06-13T19:07:25Z
2026-06-13T19:05:16Z,2026-06-13T21:05:16+0200,9460a2c8-fa12-4ac2-aa07-8ee932688218,2026-06-09T01:15:00Z,2026-06-09T03:15:00+0200,3592.36,MW,DE,DE_LU,forecast_offshore_wind_generation,Wind Offshore,2026-06-13T19:07:25Z
2026-06-13T19:05:16Z,2026-06-13T21:05:16+0200,9460a2c8-fa12-4ac2-aa07-8ee932688218,2026-06-09T01:30:00Z,2026-06-09T03:30:00+0200,3683.54,MW,DE,DE_LU,forecast_offshore_wind_generation,Wind Offshore,2026-06-13T19:07:25Z
2026-06-13T19:05:16Z,2026-06-13T21:05:16+0200,9460a2c8-fa12-4ac2-aa07-8ee932688218,2026-06-09T01:45:00Z,2026-06-09T03:45:00+0200,3757.3,MW,DE,DE_LU,forecast_offshore_wind_generation,Wind Offshore,2026-06-13T19:07:25Z
2026-06-13T19:05:16Z,2026-06-13T21:05:16+0200,9460a2c8-fa12-4ac2-aa07-8ee932688218,2026-06-09T02:00:00Z,2026-06-09T04:00:00+0200,3826.77,MW,DE,DE_LU,forecast_offshore_wind_generation,Wind Offshore,2026-06-13T19:07:25Z
2026-06-13T19:05:16Z,2026-06-13T21:05:16+0200,9460a2c8-fa12-4ac2-aa07-8ee932688218,2026-06-09T02:15:00Z,2026-06-09T04:15:00+0200,3892.97,MW,DE,DE_LU,forecast_offshore_wind_generation,Wind Offshore,2026-06-13T19:07:25Z
2026-06-13T19:05:16Z,2026-06-13T21:05:16+0200,9460a2c8-fa12-4ac2-aa07-8ee932688218,2026-06-09T02:30:00Z,2026-06-09T04:30:00+0200,3955.25,MW,DE,DE_LU,forecast_offshore_wind_generation,Wind Offshore,2026-06-13T19:07:25Z
2026-06-13T19:05:16Z,2026-06-13T21:05:16+0200,9460a2c8-fa12-4ac2-aa07-8ee932688218,2026-06-09T02:45:00Z,2026-06-09T04:45:00+0200,4021.97,MW,DE,DE_LU,forecast_offshore_wind_generation,Wind Offshore,2026-06-13T19:07:25Z
2026-06-13T19:05:16Z,2026-06-13T21:05:16+0200,9460a2c8-fa12-4ac2-aa07-8ee932688218,2026-06-09T03:00:00Z,2026-06-09T05:00:00+0200,4065.34,MW,DE,DE_LU,forecast_offshore_wind_generation,Wind Offshore,2026-06-13T19:07:25Z
2026-06-13T19:05:16Z,2026-06-13T21:05:16+0200,9460a2c8-fa12-4ac2-aa07-8ee932688218,2026-06-09T03:15:00Z,2026-06-09T05:15:00+0200,4029.15,MW,DE,DE_LU,forecast_offshore_wind_generation,Wind Offshore,2026-06-13T19:07:25Z
2026-06-13T19:05:16Z,2026-06-13T21:05:16+0200,9460a2c8-fa12-4ac2-aa07-8ee932688218,2026-06-09T03:30:00Z,2026-06-09T05:30:00+0200,3993.18,MW,DE,DE_LU,forecast_offshore_wind_generation,Wind Offshore,2026-06-13T19:07:25Z
2026-06-13T19:05:16Z,2026-06-13T21:05:16+0200,9460a2c8-fa12-4ac2-aa07-8ee932688218,2026-06-09T03:45:00Z,2026-06-09T05:45:00+0200,3949.3,MW,DE,DE_LU,forecast_offshore_wind_generation,Wind Offshore,2026-06-13T19:07:25Z
2026-06-13T19:05:16Z,2026-06-13T21:05:16+0200,9460a2c8-fa12-4ac2-aa07-8ee932688218,2026-06-09T04:00:00Z,2026-06-09T06:00:00+0200,3895.83,MW,DE,DE_LU,forecast_offshore_wind_generation,Wind Offshore,2026-06-13T19:07:25Z
2026-06-13T19:05:16Z,2026-06-13T21:05:16+0200,9460a2c8-fa12-4ac2-aa07-8ee932688218,2026-06-09T04:15:00Z,2026-06-09T06:15:00+0200,3838.1,MW,DE,DE_LU,forecast_offshore_wind_generation,Wind Offshore,2026-06-13T19:07:25Z
2026-06-13T19:05:16Z,2026-06-13T21:05:16+0200,9460a2c8-fa12-4ac2-aa07-8ee932688218,2026-06-09T04:30:00Z,2026-06-09T06:30:00+0200,3770.65,MW,DE,DE_LU,forecast_offshore_wind_generation,Wind Offshore,2026-06-13T19:07:25Z
2026-06-13T19:05:16Z,2026-06-13T21:05:16+0200,9460a2c8-fa12-4ac2-aa07-8ee932688218,2026-06-09T04:45:00Z,2026-06-09T06:45:00+0200,3705.44,MW,DE,DE_LU,forecast_offshore_wind_generation,Wind Offshore,2026-06-13T19:07:25Z
2026-06-13T19:05:16Z,2026-06-13T21:05:16+0200,9460a2c8-fa12-4ac2-aa07-8ee932688218,2026-06-09T05:00:00Z,2026-06-09T07:00:00+0200,3635.5,MW,DE,DE_LU,forecast_offshore_wind_generation,Wind Offshore,2026-06-13T19:07:25Z
2026-06-13T19:05:16Z,2026-06-13T21:05:16+0200,9460a2c8-fa12-4ac2-aa07-8ee932688218,2026-06-09T05:15:00Z,2026-06-09T07:15:00+0200,3546.9,MW,DE,DE_LU,forecast_offshore_wind_generation,Wind Offshore,2026-06-13T19:07:25Z
2026-06-13T19:05:16Z,2026-06-13T21:05:16+0200,9460a2c8-fa12-4ac2-aa07-8ee932688218,2026-06-09T05:30:00Z,2026-06-09T07:30:00+0200,3416.94,MW,DE,DE_LU,forecast_offshore_wind_generation,Wind Offshore,2026-06-13T19:07:25Z
2026-06-13T19:05:16Z,2026-06-13T21:05:16+0200,9460a2c8-fa12-4ac2-aa07-8ee932688218,2026-06-09T05:45:00Z,2026-06-09T07:45:00+0200,3327.17,MW,DE,DE_LU,forecast_offshore_wind_generation,Wind Offshore,2026-06-13T19:07:25Z
2026-06-13T19:05:16Z,2026-06-13T21:05:16+0200,9460a2c8-fa12-4ac2-aa07-8ee932688218,2026-06-09T06:00:00Z,2026-06-09T08:00:00+0200,3158.08,MW,DE,DE_LU,forecast_offshore_wind_generation,Wind Offshore,2026-06-13T19:07:25Z
2026-06-13T19:05:16Z,2026-06-13T21:05:16+0200,9460a2c8-fa12-4ac2-aa07-8ee932688218,2026-06-09T06:15:00Z,2026-06-09T08:15:00+0200,3109.75,MW,DE,DE_LU,forecast_offshore_wind_generation,Wind Offshore,2026-06-13T19:07:25Z
2026-06-13T19:05:16Z,2026-06-13T21:05:16+0200,9460a2c8-fa12-4ac2-aa07-8ee932688218,2026-06-09T06:30:00Z,2026-06-09T08:30:00+0200,3062.17,MW,DE,DE_LU,forecast_offshore_wind_generation,Wind Offshore,2026-06-13T19:07:25Z
2026-06-13T19:05:16Z,2026-06-13T21:05:16+0200,9460a2c8-fa12-4ac2-aa07-8ee932688218,2026-06-09T06:45:00Z,2026-06-09T08:45:00+0200,3021.1,MW,DE,DE_LU,forecast_offshore_wind_generation,Wind Offshore,2026-06-13T19:07:25Z
2026-06-13T19:05:16Z,2026-06-13T21:05:16+0200,9460a2c8-fa12-4ac2-aa07-8ee932688218,2026-06-09T07:00:00Z,2026-06-09T09:00:00+0200,2969.56,MW,DE,DE_LU,forecast_offshore_wind_generation,Wind Offshore,2026-06-13T19:07:25Z
2026-06-13T19:05:16Z,2026-06-13T21:05:16+0200,9460a2c8-fa12-4ac2-aa07-8ee932688218,2026-06-09T07:15:00Z,2026-06-09T09:15:00+0200,2873.15,MW,DE,DE_LU,forecast_offshore_wind_generation,Wind Offshore,2026-06-13T19:07:25Z
2026-06-13T19:05:16Z,2026-06-13T21:05:16+0200,9460a2c8-fa12-4ac2-aa07-8ee932688218,2026-06-09T07:30:00Z,2026-06-09T09:30:00+0200,2837.44,MW,DE,DE_LU,forecast_offshore_wind_generation,Wind Offshore,2026-06-13T19:07:25Z
2026-06-13T19:05:16Z,2026-06-13T21:05:16+0200,9460a2c8-fa12-4ac2-aa07-8ee932688218,2026-06-09T07:45:00Z,2026-06-09T09:45:00+0200,2795.61,MW,DE,DE_LU,forecast_offshore_wind_generation,Wind Offshore,2026-06-13T19:07:25Z
2026-06-13T19:05:16Z,2026-06-13T21:05:16+0200,9460a2c8-fa12-4ac2-aa07-8ee932688218,2026-06-09T08:00:00Z,2026-06-09T10:00:00+0200,2774.17,MW,DE,DE_LU,forecast_offshore_wind_generation,Wind Offshore,2026-06-13T19:07:25Z
2026-06-13T19:05:16Z,2026-06-13T21:05:16+0200,9460a2c8-fa12-4ac2-aa07-8ee932688218,2026-06-09T08:15:00Z,2026-06-09T10:15:00+0200,2830.38,MW,DE,DE_LU,forecast_offshore_wind_generation,Wind Offshore,2026-06-13T19:07:25Z
2026-06-13T19:05:16Z,2026-06-13T21:05:16+0200,9460a2c8-fa12-4ac2-aa07-8ee932688218,2026-06-09T08:30:00Z,2026-06-09T10:30:00+0200,2861.84,MW,DE,DE_LU,forecast_offshore_wind_generation,Wind Offshore,2026-06-13T19:07:25Z
2026-06-13T19:05:16Z,2026-06-13T21:05:16+0200,9460a2c8-fa12-4ac2-aa07-8ee932688218,2026-06-09T08:45:00Z,2026-06-09T10:45:00+0200,2915.54,MW,DE,DE_LU,forecast_offshore_wind_generation,Wind Offshore,2026-06-13T19:07:25Z
2026-06-13T19:05:16Z,2026-06-13T21:05:16+0200,9460a2c8-fa12-4ac2-aa07-8ee932688218,2026-06-09T09:00:00Z,2026-06-09T11:00:00+0200,2978.7,MW,DE,DE_LU,forecast_offshore_wind_generation,Wind Offshore,2026-06-13T19:07:25Z
2026-06-13T19:05:16Z,2026-06-13T21:05:16+0200,9460a2c8-fa12-4ac2-aa07-8ee932688218,2026-06-09T09:15:00Z,2026-06-09T11:15:00+0200,3087.13,MW,DE,DE_LU,forecast_offshore_wind_generation,Wind Offshore,2026-06-13T19:07:25Z
2026-06-13T19:05:16Z,2026-06-13T21:05:16+0200,9460a2c8-fa12-4ac2-aa07-8ee932688218,2026-06-09T09:30:00Z,2026-06-09T11:30:00+0200,3183.5,MW,DE,DE_LU,forecast_offshore_wind_generation,Wind Offshore,2026-06-13T19:07:25Z
2026-06-13T19:05:16Z,2026-06-13T21:05:16+0200,9460a2c8-fa12-4ac2-aa07-8ee932688218,2026-06-09T09:45:00Z,2026-06-09T11:45:00+0200,3253.57,MW,DE,DE_LU,forecast_offshore_wind_generation,Wind Offshore,2026-06-13T19:07:25Z
2026-06-13T19:05:16Z,2026-06-13T21:05:16+0200,9460a2c8-fa12-4ac2-aa07-8ee932688218,2026-06-09T10:00:00Z,2026-06-09T12:00:00+0200,3329.93,MW,DE,DE_LU,forecast_offshore_wind_generation,Wind Offshore,2026-06-13T19:07:25Z
2026-06-13T19:05:16Z,2026-06-13T21:05:16+0200,9460a2c8-fa12-4ac2-aa07-8ee932688218,2026-06-09T10:15:00Z,2026-06-09T12:15:00+0200,3386.23,MW,DE,DE_LU,forecast_offshore_wind_generation,Wind Offshore,2026-06-13T19:07:25Z
2026-06-13T19:05:16Z,2026-06-13T21:05:16+0200,9460a2c8-fa12-4ac2-aa07-8ee932688218,2026-06-09T10:30:00Z,2026-06-09T12:30:00+0200,3446.29,MW,DE,DE_LU,forecast_offshore_wind_generation,Wind Offshore,2026-06-13T19:07:25Z
2026-06-13T19:05:16Z,2026-06-13T21:05:16+0200,9460a2c8-fa12-4ac2-aa07-8ee932688218,2026-06-09T10:45:00Z,2026-06-09T12:45:00+0200,3505.16,MW,DE,DE_LU,forecast_offshore_wind_generation,Wind Offshore,2026-06-13T19:07:25Z
2026-06-13T19:05:16Z,2026-06-13T21:05:16+0200,9460a2c8-fa12-4ac2-aa07-8ee932688218,2026-06-09T11:00:00Z,2026-06-09T13:00:00+0200,3549.26,MW,DE,DE_LU,forecast_offshore_wind_generation,Wind Offshore,2026-06-13T19:07:25Z
2026-06-13T19:05:16Z,2026-06-13T21:05:16+0200,9460a2c8-fa12-4ac2-aa07-8ee932688218,2026-06-09T11:15:00Z,2026-06-09T13:15:00+0200,3584.71,MW,DE,DE_LU,forecast_offshore_wind_generation,Wind Offshore,2026-06-13T19:07:25Z
2026-06-13T19:05:16Z,2026-06-13T21:05:16+0200,9460a2c8-fa12-4ac2-aa07-8ee932688218,2026-06-09T11:30:00Z,2026-06-09T13:30:00+0200,3615.57,MW,DE,DE_LU,forecast_offshore_wind_generation,Wind Offshore,2026-06-13T19:07:25Z
2026-06-13T19:05:16Z,2026-06-13T21:05:16+0200,9460a2c8-fa12-4ac2-aa07-8ee932688218,2026-06-09T11:45:00Z,2026-06-09T13:45:00+0200,3645.57,MW,DE,DE_LU,forecast_offshore_wind_generation,Wind Offshore,2026-06-13T19:07:25Z
2026-06-13T19:05:16Z,2026-06-13T21:05:16+0200,9460a2c8-fa12-4ac2-aa07-8ee932688218,2026-06-09T12:00:00Z,2026-06-09T14:00:00+0200,3666.38,MW,DE,DE_LU,forecast_offshore_wind_generation,Wind Offshore,2026-06-13T19:07:25Z
2026-06-13T19:05:16Z,2026-06-13T21:05:16+0200,9460a2c8-fa12-4ac2-aa07-8ee932688218,2026-06-09T12:15:00Z,2026-06-09T14:15:00+0200,3678.85,MW,DE,DE_LU,forecast_offshore_wind_generation,Wind Offshore,2026-06-13T19:07:25Z
2026-06-13T19:05:16Z,2026-06-13T21:05:16+0200,9460a2c8-fa12-4ac2-aa07-8ee932688218,2026-06-09T12:30:00Z,2026-06-09T14:30:00+0200,3696.08,MW,DE,DE_LU,forecast_offshore_wind_generation,Wind Offshore,2026-06-13T19:07:25Z
2026-06-13T19:05:16Z,2026-06-13T21:05:16+0200,9460a2c8-fa12-4ac2-aa07-8ee932688218,2026-06-09T12:45:00Z,2026-06-09T14:45:00+0200,3715.45,MW,DE,DE_LU,forecast_offshore_wind_generation,Wind Offshore,2026-06-13T19:07:25Z
2026-06-13T19:05:16Z,2026-06-13T21:05:16+0200,9460a2c8-fa12-4ac2-aa07-8ee932688218,2026-06-09T13:00:00Z,2026-06-09T15:00:00+0200,3771.33,MW,DE,DE_LU,forecast_offshore_wind_generation,Wind Offshore,2026-06-13T19:07:25Z
2026-06-13T19:05:16Z,2026-06-13T21:05:16+0200,9460a2c8-fa12-4ac2-aa07-8ee932688218,2026-06-09T13:15:00Z,2026-06-09T15:15:00+0200,3777.62,MW,DE,DE_LU,forecast_offshore_wind_generation,Wind Offshore,2026-06-13T19:07:25Z
2026-06-13T19:05:16Z,2026-06-13T21:05:16+0200,9460a2c8-fa12-4ac2-aa07-8ee932688218,2026-06-09T13:30:00Z,2026-06-09T15:30:00+0200,3787.95,MW,DE,DE_LU,forecast_offshore_wind_generation,Wind Offshore,2026-06-13T19:07:25Z
2026-06-13T19:05:16Z,2026-06-13T21:05:16+0200,9460a2c8-fa12-4ac2-aa07-8ee932688218,2026-06-09T13:45:00Z,2026-06-09T15:45:00+0200,3800.11,MW,DE,DE_LU,forecast_offshore_wind_generation,Wind Offshore,2026-06-13T19:07:25Z
2026-06-13T19:05:16Z,2026-06-13T21:05:16+0200,9460a2c8-fa12-4ac2-aa07-8ee932688218,2026-06-09T14:00:00Z,2026-06-09T16:00:00+0200,3826.85,MW,DE,DE_LU,forecast_offshore_wind_generation,Wind Offshore,2026-06-13T19:07:25Z
2026-06-13T19:05:16Z,2026-06-13T21:05:16+0200,9460a2c8-fa12-4ac2-aa07-8ee932688218,2026-06-09T14:15:00Z,2026-06-09T16:15:00+0200,3814.45,MW,DE,DE_LU,forecast_offshore_wind_generation,Wind Offshore,2026-06-13T19:07:25Z
2026-06-13T19:05:16Z,2026-06-13T21:05:16+0200,9460a2c8-fa12-4ac2-aa07-8ee932688218,2026-06-09T14:30:00Z,2026-06-09T16:30:00+0200,3802.52,MW,DE,DE_LU,forecast_offshore_wind_generation,Wind Offshore,2026-06-13T19:07:25Z
2026-06-13T19:05:16Z,2026-06-13T21:05:16+0200,9460a2c8-fa12-4ac2-aa07-8ee932688218,2026-06-09T14:45:00Z,2026-06-09T16:45:00+0200,3789.16,MW,DE,DE_LU,forecast_offshore_wind_generation,Wind Offshore,2026-06-13T19:07:25Z
2026-06-13T19:05:16Z,2026-06-13T21:05:16+0200,9460a2c8-fa12-4ac2-aa07-8ee932688218,2026-06-09T15:00:00Z,2026-06-09T17:00:00+0200,3801.18,MW,DE,DE_LU,forecast_offshore_wind_generation,Wind Offshore,2026-06-13T19:07:25Z
2026-06-13T19:05:16Z,2026-06-13T21:05:16+0200,9460a2c8-fa12-4ac2-aa07-8ee932688218,2026-06-09T15:15:00Z,2026-06-09T17:15:00+0200,3752.68,MW,DE,DE_LU,forecast_offshore_wind_generation,Wind Offshore,2026-06-13T19:07:25Z
2026-06-13T19:05:16Z,2026-06-13T21:05:16+0200,9460a2c8-fa12-4ac2-aa07-8ee932688218,2026-06-09T15:30:00Z,2026-06-09T17:30:00+0200,3697.86,MW,DE,DE_LU,forecast_offshore_wind_generation,Wind Offshore,2026-06-13T19:07:25Z
2026-06-13T19:05:16Z,2026-06-13T21:05:16+0200,9460a2c8-fa12-4ac2-aa07-8ee932688218,2026-06-09T15:45:00Z,2026-06-09T17:45:00+0200,3630.04,MW,DE,DE_LU,forecast_offshore_wind_generation,Wind Offshore,2026-06-13T19:07:25Z
2026-06-13T19:05:16Z,2026-06-13T21:05:16+0200,9460a2c8-fa12-4ac2-aa07-8ee932688218,2026-06-09T16:00:00Z,2026-06-09T18:00:00+0200,3576.67,MW,DE,DE_LU,forecast_offshore_wind_generation,Wind Offshore,2026-06-13T19:07:25Z
2026-06-13T19:05:16Z,2026-06-13T21:05:16+0200,9460a2c8-fa12-4ac2-aa07-8ee932688218,2026-06-09T16:15:00Z,2026-06-09T18:15:00+0200,3518.72,MW,DE,DE_LU,forecast_offshore_wind_generation,Wind Offshore,2026-06-13T19:07:25Z
2026-06-13T19:05:16Z,2026-06-13T21:05:16+0200,9460a2c8-fa12-4ac2-aa07-8ee932688218,2026-06-09T16:30:00Z,2026-06-09T18:30:00+0200,3448.02,MW,DE,DE_LU,forecast_offshore_wind_generation,Wind Offshore,2026-06-13T19:07:25Z
2026-06-13T19:05:16Z,2026-06-13T21:05:16+0200,9460a2c8-fa12-4ac2-aa07-8ee932688218,2026-06-09T16:45:00Z,2026-06-09T18:45:00+0200,3419.81,MW,DE,DE_LU,forecast_offshore_wind_generation,Wind Offshore,2026-06-13T19:07:25Z
2026-06-13T19:05:16Z,2026-06-13T21:05:16+0200,9460a2c8-fa12-4ac2-aa07-8ee932688218,2026-06-09T17:00:00Z,2026-06-09T19:00:00+0200,3357.53,MW,DE,DE_LU,forecast_offshore_wind_generation,Wind Offshore,2026-06-13T19:07:25Z
2026-06-13T19:05:16Z,2026-06-13T21:05:16+0200,9460a2c8-fa12-4ac2-aa07-8ee932688218,2026-06-09T17:15:00Z,2026-06-09T19:15:00+0200,3330.43,MW,DE,DE_LU,forecast_offshore_wind_generation,Wind Offshore,2026-06-13T19:07:25Z
2026-06-13T19:05:16Z,2026-06-13T21:05:16+0200,9460a2c8-fa12-4ac2-aa07-8ee932688218,2026-06-09T17:30:00Z,2026-06-09T19:30:00+0200,3303.25,MW,DE,DE_LU,forecast_offshore_wind_generation,Wind Offshore,2026-06-13T19:07:25Z
2026-06-13T19:05:16Z,2026-06-13T21:05:16+0200,9460a2c8-fa12-4ac2-aa07-8ee932688218,2026-06-09T17:45:00Z,2026-06-09T19:45:00+0200,3244.94,MW,DE,DE_LU,forecast_offshore_wind_generation,Wind Offshore,2026-06-13T19:07:25Z
2026-06-13T19:05:16Z,2026-06-13T21:05:16+0200,9460a2c8-fa12-4ac2-aa07-8ee932688218,2026-06-09T18:00:00Z,2026-06-09T20:00:00+0200,3192.82,MW,DE,DE_LU,forecast_offshore_wind_generation,Wind Offshore,2026-06-13T19:07:25Z
2026-06-13T19:05:16Z,2026-06-13T21:05:16+0200,9460a2c8-fa12-4ac2-aa07-8ee932688218,2026-06-09T18:15:00Z,2026-06-09T20:15:00+0200,3157.44,MW,DE,DE_LU,forecast_offshore_wind_generation,Wind Offshore,2026-06-13T19:07:25Z
2026-06-13T19:05:16Z,2026-06-13T21:05:16+0200,9460a2c8-fa12-4ac2-aa07-8ee932688218,2026-06-09T18:30:00Z,2026-06-09T20:30:00+0200,3131.11,MW,DE,DE_LU,forecast_offshore_wind_generation,Wind Offshore,2026-06-13T19:07:25Z
2026-06-13T19:05:16Z,2026-06-13T21:05:16+0200,9460a2c8-fa12-4ac2-aa07-8ee932688218,2026-06-09T18:45:00Z,2026-06-09T20:45:00+0200,3113.15,MW,DE,DE_LU,forecast_offshore_wind_generation,Wind Offshore,2026-06-13T19:07:25Z
2026-06-13T19:05:16Z,2026-06-13T21:05:16+0200,9460a2c8-fa12-4ac2-aa07-8ee932688218,2026-06-09T19:00:00Z,2026-06-09T21:00:00+0200,3114.53,MW,DE,DE_LU,forecast_offshore_wind_generation,Wind Offshore,2026-06-13T19:07:25Z
2026-06-13T19:05:16Z,2026-06-13T21:05:16+0200,9460a2c8-fa12-4ac2-aa07-8ee932688218,2026-06-09T19:15:00Z,2026-06-09T21:15:00+0200,3140.67,MW,DE,DE_LU,forecast_offshore_wind_generation,Wind Offshore,2026-06-13T19:07:25Z
2026-06-13T19:05:16Z,2026-06-13T21:05:16+0200,9460a2c8-fa12-4ac2-aa07-8ee932688218,2026-06-09T19:30:00Z,2026-06-09T21:30:00+0200,3160.27,MW,DE,DE_LU,forecast_offshore_wind_generation,Wind Offshore,2026-06-13T19:07:25Z
2026-06-13T19:05:16Z,2026-06-13T21:05:16+0200,9460a2c8-fa12-4ac2-aa07-8ee932688218,2026-06-09T19:45:00Z,2026-06-09T21:45:00+0200,3169.22,MW,DE,DE_LU,forecast_offshore_wind_generation,Wind Offshore,2026-06-13T19:07:25Z
2026-06-13T19:05:16Z,2026-06-13T21:05:16+0200,9460a2c8-fa12-4ac2-aa07-8ee932688218,2026-06-09T20:00:00Z,2026-06-09T22:00:00+0200,3195.69,MW,DE,DE_LU,forecast_offshore_wind_generation,Wind Offshore,2026-06-13T19:07:25Z
2026-06-13T19:05:16Z,2026-06-13T21:05:16+0200,9460a2c8-fa12-4ac2-aa07-8ee932688218,2026-06-09T20:15:00Z,2026-06-09T22:15:00+0200,3244.04,MW,DE,DE_LU,forecast_offshore_wind_generation,Wind Offshore,2026-06-13T19:07:25Z
2026-06-13T19:05:16Z,2026-06-13T21:05:16+0200,9460a2c8-fa12-4ac2-aa07-8ee932688218,2026-06-09T20:30:00Z,2026-06-09T22:30:00+0200,3287.4,MW,DE,DE_LU,forecast_offshore_wind_generation,Wind Offshore,2026-06-13T19:07:25Z
2026-06-13T19:05:16Z,2026-06-13T21:05:16+0200,9460a2c8-fa12-4ac2-aa07-8ee932688218,2026-06-09T20:45:00Z,2026-06-09T22:45:00+0200,3328.91,MW,DE,DE_LU,forecast_offshore_wind_generation,Wind Offshore,2026-06-13T19:07:25Z
2026-06-13T19:05:16Z,2026-06-13T21:05:16+0200,9460a2c8-fa12-4ac2-aa07-8ee932688218,2026-06-09T21:00:00Z,2026-06-09T23:00:00+0200,3378.48,MW,DE,DE_LU,forecast_offshore_wind_generation,Wind Offshore,2026-06-13T19:07:25Z
2026-06-13T19:05:16Z,2026-06-13T21:05:16+0200,9460a2c8-fa12-4ac2-aa07-8ee932688218,2026-06-09T21:15:00Z,2026-06-09T23:15:00+0200,3429.0,MW,DE,DE_LU,forecast_offshore_wind_generation,Wind Offshore,2026-06-13T19:07:25Z
2026-06-13T19:05:16Z,2026-06-13T21:05:16+0200,9460a2c8-fa12-4ac2-aa07-8ee932688218,2026-06-09T21:30:00Z,2026-06-09T23:30:00+0200,3483.74,MW,DE,DE_LU,forecast_offshore_wind_generation,Wind Offshore,2026-06-13T19:07:25Z
2026-06-13T19:05:16Z,2026-06-13T21:05:16+0200,9460a2c8-fa12-4ac2-aa07-8ee932688218,2026-06-09T21:45:00Z,2026-06-09T23:45:00+0200,3532.91,MW,DE,DE_LU,forecast_offshore_wind_generation,Wind Offshore,2026-06-13T19:07:25Z
2026-06-13T19:05:16Z,2026-06-13T21:05:16+0200,9460a2c8-fa12-4ac2-aa07-8ee932688218,2026-06-09T22:00:00Z,2026-06-10T00:00:00+0200,4372.0,MW,DE,DE_LU,forecast_offshore_wind_generation,Wind Offshore,2026-06-13T19:07:25Z
2026-06-13T19:05:16Z,2026-06-13T21:05:16+0200,9460a2c8-fa12-4ac2-aa07-8ee932688218,2026-06-09T22:15:00Z,2026-06-10T00:15:00+0200,4422.46,MW,DE,DE_LU,forecast_offshore_wind_generation,Wind Offshore,2026-06-13T19:07:25Z
2026-06-13T19:05:16Z,2026-06-13T21:05:16+0200,9460a2c8-fa12-4ac2-aa07-8ee932688218,2026-06-09T22:30:00Z,2026-06-10T00:30:00+0200,4470.36,MW,DE,DE_LU,forecast_offshore_wind_generation,Wind Offshore,2026-06-13T19:07:25Z
2026-06-13T19:05:16Z,2026-06-13T21:05:16+0200,9460a2c8-fa12-4ac2-aa07-8ee932688218,2026-06-09T22:45:00Z,2026-06-10T00:45:00+0200,4514.69,MW,DE,DE_LU,forecast_offshore_wind_generation,Wind Offshore,2026-06-13T19:07:25Z
2026-06-13T19:05:16Z,2026-06-13T21:05:16+0200,9460a2c8-fa12-4ac2-aa07-8ee932688218,2026-06-09T23:00:00Z,2026-06-10T01:00:00+0200,4556.17,MW,DE,DE_LU,forecast_offshore_wind_generation,Wind Offshore,2026-06-13T19:07:25Z
2026-06-13T19:05:16Z,2026-06-13T21:05:16+0200,9460a2c8-fa12-4ac2-aa07-8ee932688218,2026-06-09T23:15:00Z,2026-06-10T01:15:00+0200,4591.57,MW,DE,DE_LU,forecast_offshore_wind_generation,Wind Offshore,2026-06-13T19:07:25Z
2026-06-13T19:05:16Z,2026-06-13T21:05:16+0200,9460a2c8-fa12-4ac2-aa07-8ee932688218,2026-06-09T23:30:00Z,2026-06-10T01:30:00+0200,4626.48,MW,DE,DE_LU,forecast_offshore_wind_generation,Wind Offshore,2026-06-13T19:07:25Z
2026-06-13T19:05:16Z,2026-06-13T21:05:16+0200,9460a2c8-fa12-4ac2-aa07-8ee932688218,2026-06-09T23:45:00Z,2026-06-10T01:45:00+0200,4656.23,MW,DE,DE_LU,forecast_offshore_wind_generation,Wind Offshore,2026-06-13T19:07:25Z
2026-06-13T19:05:16Z,2026-06-13T21:05:16+0200,9460a2c8-fa12-4ac2-aa07-8ee932688218,2026-06-10T00:00:00Z,2026-06-10T02:00:00+0200,4684.87,MW,DE,DE_LU,forecast_offshore_wind_generation,Wind Offshore,2026-06-13T19:07:25Z
2026-06-13T19:05:16Z,2026-06-13T21:05:16+0200,9460a2c8-fa12-4ac2-aa07-8ee932688218,2026-06-10T00:15:00Z,2026-06-10T02:15:00+0200,4724.11,MW,DE,DE_LU,forecast_offshore_wind_generation,Wind Offshore,2026-06-13T19:07:25Z
2026-06-13T19:05:16Z,2026-06-13T21:05:16+0200,9460a2c8-fa12-4ac2-aa07-8ee932688218,2026-06-10T00:30:00Z,2026-06-10T02:30:00+0200,4760.41,MW,DE,DE_LU,forecast_offshore_wind_generation,Wind Offshore,2026-06-13T19:07:25Z
2026-06-13T19:05:16Z,2026-06-13T21:05:16+0200,9460a2c8-fa12-4ac2-aa07-8ee932688218,2026-06-10T00:45:00Z,2026-06-10T02:45:00+0200,4794.57,MW,DE,DE_LU,forecast_offshore_wind_generation,Wind Offshore,2026-06-13T19:07:25Z
2026-06-13T19:05:16Z,2026-06-13T21:05:16+0200,9460a2c8-fa12-4ac2-aa07-8ee932688218,2026-06-10T01:00:00Z,2026-06-10T03:00:00+0200,4823.78,MW,DE,DE_LU,forecast_offshore_wind_generation,Wind Offshore,2026-06-13T19:07:25Z
2026-06-13T19:05:16Z,2026-06-13T21:05:16+0200,9460a2c8-fa12-4ac2-aa07-8ee932688218,2026-06-10T01:15:00Z,2026-06-10T03:15:00+0200,4834.14,MW,DE,DE_LU,forecast_offshore_wind_generation,Wind Offshore,2026-06-13T19:07:25Z
2026-06-13T19:05:16Z,2026-06-13T21:05:16+0200,9460a2c8-fa12-4ac2-aa07-8ee932688218,2026-06-10T01:30:00Z,2026-06-10T03:30:00+0200,4847.56,MW,DE,DE_LU,forecast_offshore_wind_generation,Wind Offshore,2026-06-13T19:07:25Z
2026-06-13T19:05:16Z,2026-06-13T21:05:16+0200,9460a2c8-fa12-4ac2-aa07-8ee932688218,2026-06-10T01:45:00Z,2026-06-10T03:45:00+0200,4858.82,MW,DE,DE_LU,forecast_offshore_wind_generation,Wind Offshore,2026-06-13T19:07:25Z
2026-06-13T19:05:16Z,2026-06-13T21:05:16+0200,9460a2c8-fa12-4ac2-aa07-8ee932688218,2026-06-10T02:00:00Z,2026-06-10T04:00:00+0200,4868.67,MW,DE,DE_LU,forecast_offshore_wind_generation,Wind Offshore,2026-06-13T19:07:25Z
2026-06-13T19:05:16Z,2026-06-13T21:05:16+0200,9460a2c8-fa12-4ac2-aa07-8ee932688218,2026-06-10T02:15:00Z,2026-06-10T04:15:00+0200,4873.75,MW,DE,DE_LU,forecast_offshore_wind_generation,Wind Offshore,2026-06-13T19:07:25Z
2026-06-13T19:05:16Z,2026-06-13T21:05:16+0200,9460a2c8-fa12-4ac2-aa07-8ee932688218,2026-06-10T02:30:00Z,2026-06-10T04:30:00+0200,4882.35,MW,DE,DE_LU,forecast_offshore_wind_generation,Wind Offshore,2026-06-13T19:07:25Z
2026-06-13T19:05:16Z,2026-06-13T21:05:16+0200,9460a2c8-fa12-4ac2-aa07-8ee932688218,2026-06-10T02:45:00Z,2026-06-10T04:45:00+0200,4891.19,MW,DE,DE_LU,forecast_offshore_wind_generation,Wind Offshore,2026-06-13T19:07:25Z
2026-06-13T19:05:16Z,2026-06-13T21:05:16+0200,9460a2c8-fa12-4ac2-aa07-8ee932688218,2026-06-10T03:00:00Z,2026-06-10T05:00:00+0200,4903.17,MW,DE,DE_LU,forecast_offshore_wind_generation,Wind Offshore,2026-06-13T19:07:25Z
2026-06-13T19:05:16Z,2026-06-13T21:05:16+0200,9460a2c8-fa12-4ac2-aa07-8ee932688218,2026-06-10T03:15:00Z,2026-06-10T05:15:00+0200,4942.96,MW,DE,DE_LU,forecast_offshore_wind_generation,Wind Offshore,2026-06-13T19:07:25Z
2026-06-13T19:05:16Z,2026-06-13T21:05:16+0200,9460a2c8-fa12-4ac2-aa07-8ee932688218,2026-06-10T03:30:00Z,2026-06-10T05:30:00+0200,4987.18,MW,DE,DE_LU,forecast_offshore_wind_generation,Wind Offshore,2026-06-13T19:07:25Z
2026-06-13T19:05:16Z,2026-06-13T21:05:16+0200,9460a2c8-fa12-4ac2-aa07-8ee932688218,2026-06-10T03:45:00Z,2026-06-10T05:45:00+0200,5026.16,MW,DE,DE_LU,forecast_offshore_wind_generation,Wind Offshore,2026-06-13T19:07:25Z
2026-06-13T19:05:16Z,2026-06-13T21:05:16+0200,9460a2c8-fa12-4ac2-aa07-8ee932688218,2026-06-10T04:00:00Z,2026-06-10T06:00:00+0200,5052.21,MW,DE,DE_LU,forecast_offshore_wind_generation,Wind Offshore,2026-06-13T19:07:25Z
2026-06-13T19:05:16Z,2026-06-13T21:05:16+0200,9460a2c8-fa12-4ac2-aa07-8ee932688218,2026-06-10T04:15:00Z,2026-06-10T06:15:00+0200,5087.49,MW,DE,DE_LU,forecast_offshore_wind_generation,Wind Offshore,2026-06-13T19:07:25Z
2026-06-13T19:05:16Z,2026-06-13T21:05:16+0200,9460a2c8-fa12-4ac2-aa07-8ee932688218,2026-06-10T04:30:00Z,2026-06-10T06:30:00+0200,5120.89,MW,DE,DE_LU,forecast_offshore_wind_generation,Wind Offshore,2026-06-13T19:07:25Z
2026-06-13T19:05:16Z,2026-06-13T21:05:16+0200,9460a2c8-fa12-4ac2-aa07-8ee932688218,2026-06-10T04:45:00Z,2026-06-10T06:45:00+0200,5158.25,MW,DE,DE_LU,forecast_offshore_wind_generation,Wind Offshore,2026-06-13T19:07:25Z
2026-06-13T19:05:16Z,2026-06-13T21:05:16+0200,9460a2c8-fa12-4ac2-aa07-8ee932688218,2026-06-10T05:00:00Z,2026-06-10T07:00:00+0200,5184.09,MW,DE,DE_LU,forecast_offshore_wind_generation,Wind Offshore,2026-06-13T19:07:25Z
2026-06-13T19:05:16Z,2026-06-13T21:05:16+0200,9460a2c8-fa12-4ac2-aa07-8ee932688218,2026-06-10T05:15:00Z,2026-06-10T07:15:00+0200,5229.96,MW,DE,DE_LU,forecast_offshore_wind_generation,Wind Offshore,2026-06-13T19:07:25Z
2026-06-13T19:05:16Z,2026-06-13T21:05:16+0200,9460a2c8-fa12-4ac2-aa07-8ee932688218,2026-06-10T05:30:00Z,2026-06-10T07:30:00+0200,5203.98,MW,DE,DE_LU,forecast_offshore_wind_generation,Wind Offshore,2026-06-13T19:07:25Z
2026-06-13T19:05:16Z,2026-06-13T21:05:16+0200,9460a2c8-fa12-4ac2-aa07-8ee932688218,2026-06-10T05:45:00Z,2026-06-10T07:45:00+0200,5239.52,MW,DE,DE_LU,forecast_offshore_wind_generation,Wind Offshore,2026-06-13T19:07:25Z
2026-06-13T19:05:16Z,2026-06-13T21:05:16+0200,9460a2c8-fa12-4ac2-aa07-8ee932688218,2026-06-10T06:00:00Z,2026-06-10T08:00:00+0200,5228.23,MW,DE,DE_LU,forecast_offshore_wind_generation,Wind Offshore,2026-06-13T19:07:25Z
2026-06-13T19:05:16Z,2026-06-13T21:05:16+0200,9460a2c8-fa12-4ac2-aa07-8ee932688218,2026-06-10T06:15:00Z,2026-06-10T08:15:00+0200,5204.87,MW,DE,DE_LU,forecast_offshore_wind_generation,Wind Offshore,2026-06-13T19:07:25Z
2026-06-13T19:05:16Z,2026-06-13T21:05:16+0200,9460a2c8-fa12-4ac2-aa07-8ee932688218,2026-06-10T06:30:00Z,2026-06-10T08:30:00+0200,5180.22,MW,DE,DE_LU,forecast_offshore_wind_generation,Wind Offshore,2026-06-13T19:07:25Z
2026-06-13T19:05:16Z,2026-06-13T21:05:16+0200,9460a2c8-fa12-4ac2-aa07-8ee932688218,2026-06-10T06:45:00Z,2026-06-10T08:45:00+0200,5158.88,MW,DE,DE_LU,forecast_offshore_wind_generation,Wind Offshore,2026-06-13T19:07:25Z
2026-06-13T19:05:16Z,2026-06-13T21:05:16+0200,9460a2c8-fa12-4ac2-aa07-8ee932688218,2026-06-10T07:00:00Z,2026-06-10T09:00:00+0200,5069.88,MW,DE,DE_LU,forecast_offshore_wind_generation,Wind Offshore,2026-06-13T19:07:25Z
2026-06-13T19:05:16Z,2026-06-13T21:05:16+0200,9460a2c8-fa12-4ac2-aa07-8ee932688218,2026-06-10T07:15:00Z,2026-06-10T09:15:00+0200,4933.13,MW,DE,DE_LU,forecast_offshore_wind_generation,Wind Offshore,2026-06-13T19:07:25Z
2026-06-13T19:05:16Z,2026-06-13T21:05:16+0200,9460a2c8-fa12-4ac2-aa07-8ee932688218,2026-06-10T07:30:00Z,2026-06-10T09:30:00+0200,4872.51,MW,DE,DE_LU,forecast_offshore_wind_generation,Wind Offshore,2026-06-13T19:07:25Z
2026-06-13T19:05:16Z,2026-06-13T21:05:16+0200,9460a2c8-fa12-4ac2-aa07-8ee932688218,2026-06-10T07:45:00Z,2026-06-10T09:45:00+0200,4812.78,MW,DE,DE_LU,forecast_offshore_wind_generation,Wind Offshore,2026-06-13T19:07:25Z
2026-06-13T19:05:16Z,2026-06-13T21:05:16+0200,9460a2c8-fa12-4ac2-aa07-8ee932688218,2026-06-10T08:00:00Z,2026-06-10T10:00:00+0200,4743.71,MW,DE,DE_LU,forecast_offshore_wind_generation,Wind Offshore,2026-06-13T19:07:25Z
2026-06-13T19:05:16Z,2026-06-13T21:05:16+0200,9460a2c8-fa12-4ac2-aa07-8ee932688218,2026-06-10T08:15:00Z,2026-06-10T10:15:00+0200,4380.22,MW,DE,DE_LU,forecast_offshore_wind_generation,Wind Offshore,2026-06-13T19:07:25Z
2026-06-13T19:05:16Z,2026-06-13T21:05:16+0200,9460a2c8-fa12-4ac2-aa07-8ee932688218,2026-06-10T08:30:00Z,2026-06-10T10:30:00+0200,4300.89,MW,DE,DE_LU,forecast_offshore_wind_generation,Wind Offshore,2026-06-13T19:07:25Z
2026-06-13T19:05:16Z,2026-06-13T21:05:16+0200,9460a2c8-fa12-4ac2-aa07-8ee932688218,2026-06-10T08:45:00Z,2026-06-10T10:45:00+0200,4226.49,MW,DE,DE_LU,forecast_offshore_wind_generation,Wind Offshore,2026-06-13T19:07:25Z
2026-06-13T19:05:16Z,2026-06-13T21:05:16+0200,9460a2c8-fa12-4ac2-aa07-8ee932688218,2026-06-10T09:00:00Z,2026-06-10T11:00:00+0200,4145.51,MW,DE,DE_LU,forecast_offshore_wind_generation,Wind Offshore,2026-06-13T19:07:25Z
2026-06-13T19:05:16Z,2026-06-13T21:05:16+0200,9460a2c8-fa12-4ac2-aa07-8ee932688218,2026-06-10T09:15:00Z,2026-06-10T11:15:00+0200,4061.14,MW,DE,DE_LU,forecast_offshore_wind_generation,Wind Offshore,2026-06-13T19:07:25Z
2026-06-13T19:05:16Z,2026-06-13T21:05:16+0200,9460a2c8-fa12-4ac2-aa07-8ee932688218,2026-06-10T09:30:00Z,2026-06-10T11:30:00+0200,3975.85,MW,DE,DE_LU,forecast_offshore_wind_generation,Wind Offshore,2026-06-13T19:07:25Z
2026-06-13T19:05:16Z,2026-06-13T21:05:16+0200,9460a2c8-fa12-4ac2-aa07-8ee932688218,2026-06-10T09:45:00Z,2026-06-10T11:45:00+0200,3890.1,MW,DE,DE_LU,forecast_offshore_wind_generation,Wind Offshore,2026-06-13T19:07:25Z
2026-06-13T19:05:16Z,2026-06-13T21:05:16+0200,9460a2c8-fa12-4ac2-aa07-8ee932688218,2026-06-10T10:00:00Z,2026-06-10T12:00:00+0200,3810.64,MW,DE,DE_LU,forecast_offshore_wind_generation,Wind Offshore,2026-06-13T19:07:25Z
2026-06-13T19:05:16Z,2026-06-13T21:05:16+0200,9460a2c8-fa12-4ac2-aa07-8ee932688218,2026-06-10T10:15:00Z,2026-06-10T12:15:00+0200,3710.27,MW,DE,DE_LU,forecast_offshore_wind_generation,Wind Offshore,2026-06-13T19:07:25Z
2026-06-13T19:05:16Z,2026-06-13T21:05:16+0200,9460a2c8-fa12-4ac2-aa07-8ee932688218,2026-06-10T10:30:00Z,2026-06-10T12:30:00+0200,3606.12,MW,DE,DE_LU,forecast_offshore_wind_generation,Wind Offshore,2026-06-13T19:07:25Z
2026-06-13T19:05:16Z,2026-06-13T21:05:16+0200,9460a2c8-fa12-4ac2-aa07-8ee932688218,2026-06-10T10:45:00Z,2026-06-10T12:45:00+0200,3501.1,MW,DE,DE_LU,forecast_offshore_wind_generation,Wind Offshore,2026-06-13T19:07:25Z
2026-06-13T19:05:16Z,2026-06-13T21:05:16+0200,9460a2c8-fa12-4ac2-aa07-8ee932688218,2026-06-10T11:00:00Z,2026-06-10T13:00:00+0200,3395.48,MW,DE,DE_LU,forecast_offshore_wind_generation,Wind Offshore,2026-06-13T19:07:25Z
2026-06-13T19:05:16Z,2026-06-13T21:05:16+0200,9460a2c8-fa12-4ac2-aa07-8ee932688218,2026-06-10T11:15:00Z,2026-06-10T13:15:00+0200,3343.34,MW,DE,DE_LU,forecast_offshore_wind_generation,Wind Offshore,2026-06-13T19:07:25Z
2026-06-13T19:05:16Z,2026-06-13T21:05:16+0200,9460a2c8-fa12-4ac2-aa07-8ee932688218,2026-06-10T11:30:00Z,2026-06-10T13:30:00+0200,3241.4,MW,DE,DE_LU,forecast_offshore_wind_generation,Wind Offshore,2026-06-13T19:07:25Z
2026-06-13T19:05:16Z,2026-06-13T21:05:16+0200,9460a2c8-fa12-4ac2-aa07-8ee932688218,2026-06-10T11:45:00Z,2026-06-10T13:45:00+0200,3112.84,MW,DE,DE_LU,forecast_offshore_wind_generation,Wind Offshore,2026-06-13T19:07:25Z
2026-06-13T19:05:16Z,2026-06-13T21:05:16+0200,9460a2c8-fa12-4ac2-aa07-8ee932688218,2026-06-10T12:00:00Z,2026-06-10T14:00:00+0200,2989.56,MW,DE,DE_LU,forecast_offshore_wind_generation,Wind Offshore,2026-06-13T19:07:25Z
2026-06-13T19:05:16Z,2026-06-13T21:05:16+0200,9460a2c8-fa12-4ac2-aa07-8ee932688218,2026-06-10T12:15:00Z,2026-06-10T14:15:00+0200,2875.45,MW,DE,DE_LU,forecast_offshore_wind_generation,Wind Offshore,2026-06-13T19:07:25Z
2026-06-13T19:05:16Z,2026-06-13T21:05:16+0200,9460a2c8-fa12-4ac2-aa07-8ee932688218,2026-06-10T12:30:00Z,2026-06-10T14:30:00+0200,2757.73,MW,DE,DE_LU,forecast_offshore_wind_generation,Wind Offshore,2026-06-13T19:07:25Z
2026-06-13T19:05:16Z,2026-06-13T21:05:16+0200,9460a2c8-fa12-4ac2-aa07-8ee932688218,2026-06-10T12:45:00Z,2026-06-10T14:45:00+0200,2642.62,MW,DE,DE_LU,forecast_offshore_wind_generation,Wind Offshore,2026-06-13T19:07:25Z
2026-06-13T19:05:16Z,2026-06-13T21:05:16+0200,9460a2c8-fa12-4ac2-aa07-8ee932688218,2026-06-10T13:00:00Z,2026-06-10T15:00:00+0200,2526.39,MW,DE,DE_LU,forecast_offshore_wind_generation,Wind Offshore,2026-06-13T19:07:25Z
2026-06-13T19:05:16Z,2026-06-13T21:05:16+0200,9460a2c8-fa12-4ac2-aa07-8ee932688218,2026-06-10T13:15:00Z,2026-06-10T15:15:00+0200,2410.12,MW,DE,DE_LU,forecast_offshore_wind_generation,Wind Offshore,2026-06-13T19:07:25Z
2026-06-13T19:05:16Z,2026-06-13T21:05:16+0200,9460a2c8-fa12-4ac2-aa07-8ee932688218,2026-06-10T13:30:00Z,2026-06-10T15:30:00+0200,2294.63,MW,DE,DE_LU,forecast_offshore_wind_generation,Wind Offshore,2026-06-13T19:07:25Z
2026-06-13T19:05:16Z,2026-06-13T21:05:16+0200,9460a2c8-fa12-4ac2-aa07-8ee932688218,2026-06-10T13:45:00Z,2026-06-10T15:45:00+0200,2180.02,MW,DE,DE_LU,forecast_offshore_wind_generation,Wind Offshore,2026-06-13T19:07:25Z
2026-06-13T19:05:16Z,2026-06-13T21:05:16+0200,9460a2c8-fa12-4ac2-aa07-8ee932688218,2026-06-10T14:00:00Z,2026-06-10T16:00:00+0200,2063.99,MW,DE,DE_LU,forecast_offshore_wind_generation,Wind Offshore,2026-06-13T19:07:25Z
2026-06-13T19:05:16Z,2026-06-13T21:05:16+0200,9460a2c8-fa12-4ac2-aa07-8ee932688218,2026-06-10T14:15:00Z,2026-06-10T16:15:00+0200,1938.45,MW,DE,DE_LU,forecast_offshore_wind_generation,Wind Offshore,2026-06-13T19:07:25Z
2026-06-13T19:05:16Z,2026-06-13T21:05:16+0200,9460a2c8-fa12-4ac2-aa07-8ee932688218,2026-06-10T14:30:00Z,2026-06-10T16:30:00+0200,1816.54,MW,DE,DE_LU,forecast_offshore_wind_generation,Wind Offshore,2026-06-13T19:07:25Z
2026-06-13T19:05:16Z,2026-06-13T21:05:16+0200,9460a2c8-fa12-4ac2-aa07-8ee932688218,2026-06-10T14:45:00Z,2026-06-10T16:45:00+0200,1695.07,MW,DE,DE_LU,forecast_offshore_wind_generation,Wind Offshore,2026-06-13T19:07:25Z
2026-06-13T19:05:16Z,2026-06-13T21:05:16+0200,9460a2c8-fa12-4ac2-aa07-8ee932688218,2026-06-10T15:00:00Z,2026-06-10T17:00:00+0200,1573.08,MW,DE,DE_LU,forecast_offshore_wind_generation,Wind Offshore,2026-06-13T19:07:25Z
2026-06-13T19:05:16Z,2026-06-13T21:05:16+0200,9460a2c8-fa12-4ac2-aa07-8ee932688218,2026-06-10T15:15:00Z,2026-06-10T17:15:00+0200,1470.59,MW,DE,DE_LU,forecast_offshore_wind_generation,Wind Offshore,2026-06-13T19:07:25Z
2026-06-13T19:05:16Z,2026-06-13T21:05:16+0200,9460a2c8-fa12-4ac2-aa07-8ee932688218,2026-06-10T15:30:00Z,2026-06-10T17:30:00+0200,1359.95,MW,DE,DE_LU,forecast_offshore_wind_generation,Wind Offshore,2026-06-13T19:07:25Z
2026-06-13T19:05:16Z,2026-06-13T21:05:16+0200,9460a2c8-fa12-4ac2-aa07-8ee932688218,2026-06-10T15:45:00Z,2026-06-10T17:45:00+0200,1255.36,MW,DE,DE_LU,forecast_offshore_wind_generation,Wind Offshore,2026-06-13T19:07:25Z
2026-06-13T19:05:16Z,2026-06-13T21:05:16+0200,9460a2c8-fa12-4ac2-aa07-8ee932688218,2026-06-10T16:00:00Z,2026-06-10T18:00:00+0200,1146.3,MW,DE,DE_LU,forecast_offshore_wind_generation,Wind Offshore,2026-06-13T19:07:25Z
2026-06-13T19:05:16Z,2026-06-13T21:05:16+0200,9460a2c8-fa12-4ac2-aa07-8ee932688218,2026-06-10T16:15:00Z,2026-06-10T18:15:00+0200,1052.29,MW,DE,DE_LU,forecast_offshore_wind_generation,Wind Offshore,2026-06-13T19:07:25Z
2026-06-13T19:05:16Z,2026-06-13T21:05:16+0200,9460a2c8-fa12-4ac2-aa07-8ee932688218,2026-06-10T16:30:00Z,2026-06-10T18:30:00+0200,961.51,MW,DE,DE_LU,forecast_offshore_wind_generation,Wind Offshore,2026-06-13T19:07:25Z
2026-06-13T19:05:16Z,2026-06-13T21:05:16+0200,9460a2c8-fa12-4ac2-aa07-8ee932688218,2026-06-10T16:45:00Z,2026-06-10T18:45:00+0200,870.9,MW,DE,DE_LU,forecast_offshore_wind_generation,Wind Offshore,2026-06-13T19:07:25Z
2026-06-13T19:05:16Z,2026-06-13T21:05:16+0200,9460a2c8-fa12-4ac2-aa07-8ee932688218,2026-06-10T17:00:00Z,2026-06-10T19:00:00+0200,790.99,MW,DE,DE_LU,forecast_offshore_wind_generation,Wind Offshore,2026-06-13T19:07:25Z
2026-06-13T19:05:16Z,2026-06-13T21:05:16+0200,9460a2c8-fa12-4ac2-aa07-8ee932688218,2026-06-10T17:15:00Z,2026-06-10T19:15:00+0200,722.74,MW,DE,DE_LU,forecast_offshore_wind_generation,Wind Offshore,2026-06-13T19:07:25Z
2026-06-13T19:05:16Z,2026-06-13T21:05:16+0200,9460a2c8-fa12-4ac2-aa07-8ee932688218,2026-06-10T17:30:00Z,2026-06-10T19:30:00+0200,656.39,MW,DE,DE_LU,forecast_offshore_wind_generation,Wind Offshore,2026-06-13T19:07:25Z
2026-06-13T19:05:16Z,2026-06-13T21:05:16+0200,9460a2c8-fa12-4ac2-aa07-8ee932688218,2026-06-10T17:45:00Z,2026-06-10T19:45:00+0200,594.64,MW,DE,DE_LU,forecast_offshore_wind_generation,Wind Offshore,2026-06-13T19:07:25Z
2026-06-13T19:05:16Z,2026-06-13T21:05:16+0200,9460a2c8-fa12-4ac2-aa07-8ee932688218,2026-06-10T18:00:00Z,2026-06-10T20:00:00+0200,535.19,MW,DE,DE_LU,forecast_offshore_wind_generation,Wind Offshore,2026-06-13T19:07:25Z
2026-06-13T19:05:16Z,2026-06-13T21:05:16+0200,9460a2c8-fa12-4ac2-aa07-8ee932688218,2026-06-10T18:15:00Z,2026-06-10T20:15:00+0200,489.47,MW,DE,DE_LU,forecast_offshore_wind_generation,Wind Offshore,2026-06-13T19:07:25Z
2026-06-13T19:05:16Z,2026-06-13T21:05:16+0200,9460a2c8-fa12-4ac2-aa07-8ee932688218,2026-06-10T18:30:00Z,2026-06-10T20:30:00+0200,447.76,MW,DE,DE_LU,forecast_offshore_wind_generation,Wind Offshore,2026-06-13T19:07:25Z
2026-06-13T19:05:16Z,2026-06-13T21:05:16+0200,9460a2c8-fa12-4ac2-aa07-8ee932688218,2026-06-10T18:45:00Z,2026-06-10T20:45:00+0200,403.14,MW,DE,DE_LU,forecast_offshore_wind_generation,Wind Offshore,2026-06-13T19:07:25Z
2026-06-13T19:05:16Z,2026-06-13T21:05:16+0200,9460a2c8-fa12-4ac2-aa07-8ee932688218,2026-06-10T19:00:00Z,2026-06-10T21:00:00+0200,367.51,MW,DE,DE_LU,forecast_offshore_wind_generation,Wind Offshore,2026-06-13T19:07:25Z
2026-06-13T19:05:16Z,2026-06-13T21:05:16+0200,9460a2c8-fa12-4ac2-aa07-8ee932688218,2026-06-10T19:15:00Z,2026-06-10T21:15:00+0200,339.99,MW,DE,DE_LU,forecast_offshore_wind_generation,Wind Offshore,2026-06-13T19:07:25Z
2026-06-13T19:05:16Z,2026-06-13T21:05:16+0200,9460a2c8-fa12-4ac2-aa07-8ee932688218,2026-06-10T19:30:00Z,2026-06-10T21:30:00+0200,320.49,MW,DE,DE_LU,forecast_offshore_wind_generation,Wind Offshore,2026-06-13T19:07:25Z
2026-06-13T19:05:16Z,2026-06-13T21:05:16+0200,9460a2c8-fa12-4ac2-aa07-8ee932688218,2026-06-10T19:45:00Z,2026-06-10T21:45:00+0200,294.98,MW,DE,DE_LU,forecast_offshore_wind_generation,Wind Offshore,2026-06-13T19:07:25Z
2026-06-13T19:05:16Z,2026-06-13T21:05:16+0200,9460a2c8-fa12-4ac2-aa07-8ee932688218,2026-06-10T20:00:00Z,2026-06-10T22:00:00+0200,276.0,MW,DE,DE_LU,forecast_offshore_wind_generation,Wind Offshore,2026-06-13T19:07:25Z
2026-06-13T19:05:16Z,2026-06-13T21:05:16+0200,9460a2c8-fa12-4ac2-aa07-8ee932688218,2026-06-10T20:15:00Z,2026-06-10T22:15:00+0200,271.8,MW,DE,DE_LU,forecast_offshore_wind_generation,Wind Offshore,2026-06-13T19:07:25Z
2026-06-13T19:05:16Z,2026-06-13T21:05:16+0200,9460a2c8-fa12-4ac2-aa07-8ee932688218,2026-06-10T20:30:00Z,2026-06-10T22:30:00+0200,270.74,MW,DE,DE_LU,forecast_offshore_wind_generation,Wind Offshore,2026-06-13T19:07:25Z
2026-06-13T19:05:16Z,2026-06-13T21:05:16+0200,9460a2c8-fa12-4ac2-aa07-8ee932688218,2026-06-10T20:45:00Z,2026-06-10T22:45:00+0200,264.99,MW,DE,DE_LU,forecast_offshore_wind_generation,Wind Offshore,2026-06-13T19:07:25Z
2026-06-13T19:05:16Z,2026-06-13T21:05:16+0200,9460a2c8-fa12-4ac2-aa07-8ee932688218,2026-06-10T21:00:00Z,2026-06-10T23:00:00+0200,257.73,MW,DE,DE_LU,forecast_offshore_wind_generation,Wind Offshore,2026-06-13T19:07:25Z
2026-06-13T19:05:16Z,2026-06-13T21:05:16+0200,9460a2c8-fa12-4ac2-aa07-8ee932688218,2026-06-10T21:15:00Z,2026-06-10T23:15:00+0200,264.58,MW,DE,DE_LU,forecast_offshore_wind_generation,Wind Offshore,2026-06-13T19:07:25Z
2026-06-13T19:05:16Z,2026-06-13T21:05:16+0200,9460a2c8-fa12-4ac2-aa07-8ee932688218,2026-06-10T21:30:00Z,2026-06-10T23:30:00+0200,264.67,MW,DE,DE_LU,forecast_offshore_wind_generation,Wind Offshore,2026-06-13T19:07:25Z
2026-06-13T19:05:16Z,2026-06-13T21:05:16+0200,9460a2c8-fa12-4ac2-aa07-8ee932688218,2026-06-10T21:45:00Z,2026-06-10T23:45:00+0200,266.94,MW,DE,DE_LU,forecast_offshore_wind_generation,Wind Offshore,2026-06-13T19:07:25Z
2026-06-13T19:05:16Z,2026-06-13T21:05:16+0200,9460a2c8-fa12-4ac2-aa07-8ee932688218,2026-06-10T22:00:00Z,2026-06-11T00:00:00+0200,207.52,MW,DE,DE_LU,forecast_offshore_wind_generation,Wind Offshore,2026-06-13T19:07:25Z
2026-06-13T19:05:16Z,2026-06-13T21:05:16+0200,9460a2c8-fa12-4ac2-aa07-8ee932688218,2026-06-10T22:15:00Z,2026-06-11T00:15:00+0200,208.21,MW,DE,DE_LU,forecast_offshore_wind_generation,Wind Offshore,2026-06-13T19:07:25Z
2026-06-13T19:05:16Z,2026-06-13T21:05:16+0200,9460a2c8-fa12-4ac2-aa07-8ee932688218,2026-06-10T22:30:00Z,2026-06-11T00:30:00+0200,212.09,MW,DE,DE_LU,forecast_offshore_wind_generation,Wind Offshore,2026-06-13T19:07:25Z
2026-06-13T19:05:16Z,2026-06-13T21:05:16+0200,9460a2c8-fa12-4ac2-aa07-8ee932688218,2026-06-10T22:45:00Z,2026-06-11T00:45:00+0200,210.95,MW,DE,DE_LU,forecast_offshore_wind_generation,Wind Offshore,2026-06-13T19:07:25Z
2026-06-13T19:05:16Z,2026-06-13T21:05:16+0200,9460a2c8-fa12-4ac2-aa07-8ee932688218,2026-06-10T23:00:00Z,2026-06-11T01:00:00+0200,209.85,MW,DE,DE_LU,forecast_offshore_wind_generation,Wind Offshore,2026-06-13T19:07:25Z
2026-06-13T19:05:16Z,2026-06-13T21:05:16+0200,9460a2c8-fa12-4ac2-aa07-8ee932688218,2026-06-10T23:15:00Z,2026-06-11T01:15:00+0200,214.67,MW,DE,DE_LU,forecast_offshore_wind_generation,Wind Offshore,2026-06-13T19:07:25Z
2026-06-13T19:05:16Z,2026-06-13T21:05:16+0200,9460a2c8-fa12-4ac2-aa07-8ee932688218,2026-06-10T23:30:00Z,2026-06-11T01:30:00+0200,212.47,MW,DE,DE_LU,forecast_offshore_wind_generation,Wind Offshore,2026-06-13T19:07:25Z
2026-06-13T19:05:16Z,2026-06-13T21:05:16+0200,9460a2c8-fa12-4ac2-aa07-8ee932688218,2026-06-10T23:45:00Z,2026-06-11T01:45:00+0200,211.29,MW,DE,DE_LU,forecast_offshore_wind_generation,Wind Offshore,2026-06-13T19:07:25Z
2026-06-13T19:05:16Z,2026-06-13T21:05:16+0200,9460a2c8-fa12-4ac2-aa07-8ee932688218,2026-06-11T00:00:00Z,2026-06-11T02:00:00+0200,207.66,MW,DE,DE_LU,forecast_offshore_wind_generation,Wind Offshore,2026-06-13T19:07:25Z
2026-06-13T19:05:16Z,2026-06-13T21:05:16+0200,9460a2c8-fa12-4ac2-aa07-8ee932688218,2026-06-11T00:15:00Z,2026-06-11T02:15:00+0200,201.06,MW,DE,DE_LU,forecast_offshore_wind_generation,Wind Offshore,2026-06-13T19:07:25Z
2026-06-13T19:05:16Z,2026-06-13T21:05:16+0200,9460a2c8-fa12-4ac2-aa07-8ee932688218,2026-06-11T00:30:00Z,2026-06-11T02:30:00+0200,192.52,MW,DE,DE_LU,forecast_offshore_wind_generation,Wind Offshore,2026-06-13T19:07:25Z
2026-06-13T19:05:16Z,2026-06-13T21:05:16+0200,9460a2c8-fa12-4ac2-aa07-8ee932688218,2026-06-11T00:45:00Z,2026-06-11T02:45:00+0200,183.65,MW,DE,DE_LU,forecast_offshore_wind_generation,Wind Offshore,2026-06-13T19:07:25Z
2026-06-13T19:05:16Z,2026-06-13T21:05:16+0200,9460a2c8-fa12-4ac2-aa07-8ee932688218,2026-06-11T01:00:00Z,2026-06-11T03:00:00+0200,179.75,MW,DE,DE_LU,forecast_offshore_wind_generation,Wind Offshore,2026-06-13T19:07:25Z
2026-06-13T19:05:16Z,2026-06-13T21:05:16+0200,9460a2c8-fa12-4ac2-aa07-8ee932688218,2026-06-11T01:15:00Z,2026-06-11T03:15:00+0200,179.03,MW,DE,DE_LU,forecast_offshore_wind_generation,Wind Offshore,2026-06-13T19:07:25Z
2026-06-13T19:05:16Z,2026-06-13T21:05:16+0200,9460a2c8-fa12-4ac2-aa07-8ee932688218,2026-06-11T01:30:00Z,2026-06-11T03:30:00+0200,181.65,MW,DE,DE_LU,forecast_offshore_wind_generation,Wind Offshore,2026-06-13T19:07:25Z
2026-06-13T19:05:16Z,2026-06-13T21:05:16+0200,9460a2c8-fa12-4ac2-aa07-8ee932688218,2026-06-11T01:45:00Z,2026-06-11T03:45:00+0200,179.2,MW,DE,DE_LU,forecast_offshore_wind_generation,Wind Offshore,2026-06-13T19:07:25Z
2026-06-13T19:05:16Z,2026-06-13T21:05:16+0200,9460a2c8-fa12-4ac2-aa07-8ee932688218,2026-06-11T02:00:00Z,2026-06-11T04:00:00+0200,180.28,MW,DE,DE_LU,forecast_offshore_wind_generation,Wind Offshore,2026-06-13T19:07:25Z
2026-06-13T19:05:16Z,2026-06-13T21:05:16+0200,9460a2c8-fa12-4ac2-aa07-8ee932688218,2026-06-11T02:15:00Z,2026-06-11T04:15:00+0200,177.34,MW,DE,DE_LU,forecast_offshore_wind_generation,Wind Offshore,2026-06-13T19:07:25Z
2026-06-13T19:05:16Z,2026-06-13T21:05:16+0200,9460a2c8-fa12-4ac2-aa07-8ee932688218,2026-06-11T02:30:00Z,2026-06-11T04:30:00+0200,177.36,MW,DE,DE_LU,forecast_offshore_wind_generation,Wind Offshore,2026-06-13T19:07:25Z
2026-06-13T19:05:16Z,2026-06-13T21:05:16+0200,9460a2c8-fa12-4ac2-aa07-8ee932688218,2026-06-11T02:45:00Z,2026-06-11T04:45:00+0200,177.46,MW,DE,DE_LU,forecast_offshore_wind_generation,Wind Offshore,2026-06-13T19:07:25Z
2026-06-13T19:05:16Z,2026-06-13T21:05:16+0200,9460a2c8-fa12-4ac2-aa07-8ee932688218,2026-06-11T03:00:00Z,2026-06-11T05:00:00+0200,176.31,MW,DE,DE_LU,forecast_offshore_wind_generation,Wind Offshore,2026-06-13T19:07:25Z
2026-06-13T19:05:16Z,2026-06-13T21:05:16+0200,9460a2c8-fa12-4ac2-aa07-8ee932688218,2026-06-11T03:15:00Z,2026-06-11T05:15:00+0200,173.72,MW,DE,DE_LU,forecast_offshore_wind_generation,Wind Offshore,2026-06-13T19:07:25Z
2026-06-13T19:05:16Z,2026-06-13T21:05:16+0200,9460a2c8-fa12-4ac2-aa07-8ee932688218,2026-06-11T03:30:00Z,2026-06-11T05:30:00+0200,171.26,MW,DE,DE_LU,forecast_offshore_wind_generation,Wind Offshore,2026-06-13T19:07:25Z
2026-06-13T19:05:16Z,2026-06-13T21:05:16+0200,9460a2c8-fa12-4ac2-aa07-8ee932688218,2026-06-11T03:45:00Z,2026-06-11T05:45:00+0200,167.76,MW,DE,DE_LU,forecast_offshore_wind_generation,Wind Offshore,2026-06-13T19:07:25Z
2026-06-13T19:05:16Z,2026-06-13T21:05:16+0200,9460a2c8-fa12-4ac2-aa07-8ee932688218,2026-06-11T04:00:00Z,2026-06-11T06:00:00+0200,165.76,MW,DE,DE_LU,forecast_offshore_wind_generation,Wind Offshore,2026-06-13T19:07:25Z
2026-06-13T19:05:16Z,2026-06-13T21:05:16+0200,9460a2c8-fa12-4ac2-aa07-8ee932688218,2026-06-11T04:15:00Z,2026-06-11T06:15:00+0200,164.33,MW,DE,DE_LU,forecast_offshore_wind_generation,Wind Offshore,2026-06-13T19:07:25Z
2026-06-13T19:05:16Z,2026-06-13T21:05:16+0200,9460a2c8-fa12-4ac2-aa07-8ee932688218,2026-06-11T04:30:00Z,2026-06-11T06:30:00+0200,159.99,MW,DE,DE_LU,forecast_offshore_wind_generation,Wind Offshore,2026-06-13T19:07:25Z
2026-06-13T19:05:16Z,2026-06-13T21:05:16+0200,9460a2c8-fa12-4ac2-aa07-8ee932688218,2026-06-11T04:45:00Z,2026-06-11T06:45:00+0200,153.56,MW,DE,DE_LU,forecast_offshore_wind_generation,Wind Offshore,2026-06-13T19:07:25Z
2026-06-13T19:05:16Z,2026-06-13T21:05:16+0200,9460a2c8-fa12-4ac2-aa07-8ee932688218,2026-06-11T05:00:00Z,2026-06-11T07:00:00+0200,153.65,MW,DE,DE_LU,forecast_offshore_wind_generation,Wind Offshore,2026-06-13T19:07:25Z
2026-06-13T19:05:16Z,2026-06-13T21:05:16+0200,9460a2c8-fa12-4ac2-aa07-8ee932688218,2026-06-11T05:15:00Z,2026-06-11T07:15:00+0200,153.21,MW,DE,DE_LU,forecast_offshore_wind_generation,Wind Offshore,2026-06-13T19:07:25Z
2026-06-13T19:05:16Z,2026-06-13T21:05:16+0200,9460a2c8-fa12-4ac2-aa07-8ee932688218,2026-06-11T05:30:00Z,2026-06-11T07:30:00+0200,151.84,MW,DE,DE_LU,forecast_offshore_wind_generation,Wind Offshore,2026-06-13T19:07:25Z
2026-06-13T19:05:16Z,2026-06-13T21:05:16+0200,9460a2c8-fa12-4ac2-aa07-8ee932688218,2026-06-11T05:45:00Z,2026-06-11T07:45:00+0200,150.5,MW,DE,DE_LU,forecast_offshore_wind_generation,Wind Offshore,2026-06-13T19:07:25Z
2026-06-13T19:05:16Z,2026-06-13T21:05:16+0200,9460a2c8-fa12-4ac2-aa07-8ee932688218,2026-06-11T06:00:00Z,2026-06-11T08:00:00+0200,153.11,MW,DE,DE_LU,forecast_offshore_wind_generation,Wind Offshore,2026-06-13T19:07:25Z
2026-06-13T19:05:16Z,2026-06-13T21:05:16+0200,9460a2c8-fa12-4ac2-aa07-8ee932688218,2026-06-11T06:15:00Z,2026-06-11T08:15:00+0200,152.92,MW,DE,DE_LU,forecast_offshore_wind_generation,Wind Offshore,2026-06-13T19:07:25Z
2026-06-13T19:05:16Z,2026-06-13T21:05:16+0200,9460a2c8-fa12-4ac2-aa07-8ee932688218,2026-06-11T06:30:00Z,2026-06-11T08:30:00+0200,154.79,MW,DE,DE_LU,forecast_offshore_wind_generation,Wind Offshore,2026-06-13T19:07:25Z
2026-06-13T19:05:16Z,2026-06-13T21:05:16+0200,9460a2c8-fa12-4ac2-aa07-8ee932688218,2026-06-11T06:45:00Z,2026-06-11T08:45:00+0200,156.61,MW,DE,DE_LU,forecast_offshore_wind_generation,Wind Offshore,2026-06-13T19:07:25Z
2026-06-13T19:05:16Z,2026-06-13T21:05:16+0200,9460a2c8-fa12-4ac2-aa07-8ee932688218,2026-06-11T07:00:00Z,2026-06-11T09:00:00+0200,159.46,MW,DE,DE_LU,forecast_offshore_wind_generation,Wind Offshore,2026-06-13T19:07:25Z
2026-06-13T19:05:16Z,2026-06-13T21:05:16+0200,9460a2c8-fa12-4ac2-aa07-8ee932688218,2026-06-11T07:15:00Z,2026-06-11T09:15:00+0200,165.41,MW,DE,DE_LU,forecast_offshore_wind_generation,Wind Offshore,2026-06-13T19:07:25Z
2026-06-13T19:05:16Z,2026-06-13T21:05:16+0200,9460a2c8-fa12-4ac2-aa07-8ee932688218,2026-06-11T07:30:00Z,2026-06-11T09:30:00+0200,173.62,MW,DE,DE_LU,forecast_offshore_wind_generation,Wind Offshore,2026-06-13T19:07:25Z
2026-06-13T19:05:16Z,2026-06-13T21:05:16+0200,9460a2c8-fa12-4ac2-aa07-8ee932688218,2026-06-11T07:45:00Z,2026-06-11T09:45:00+0200,178.93,MW,DE,DE_LU,forecast_offshore_wind_generation,Wind Offshore,2026-06-13T19:07:25Z
2026-06-13T19:05:16Z,2026-06-13T21:05:16+0200,9460a2c8-fa12-4ac2-aa07-8ee932688218,2026-06-11T08:00:00Z,2026-06-11T10:00:00+0200,185.52,MW,DE,DE_LU,forecast_offshore_wind_generation,Wind Offshore,2026-06-13T19:07:25Z
2026-06-13T19:05:16Z,2026-06-13T21:05:16+0200,9460a2c8-fa12-4ac2-aa07-8ee932688218,2026-06-11T08:15:00Z,2026-06-11T10:15:00+0200,202.5,MW,DE,DE_LU,forecast_offshore_wind_generation,Wind Offshore,2026-06-13T19:07:25Z
2026-06-13T19:05:16Z,2026-06-13T21:05:16+0200,9460a2c8-fa12-4ac2-aa07-8ee932688218,2026-06-11T08:30:00Z,2026-06-11T10:30:00+0200,214.5,MW,DE,DE_LU,forecast_offshore_wind_generation,Wind Offshore,2026-06-13T19:07:25Z
2026-06-13T19:05:16Z,2026-06-13T21:05:16+0200,9460a2c8-fa12-4ac2-aa07-8ee932688218,2026-06-11T08:45:00Z,2026-06-11T10:45:00+0200,227.75,MW,DE,DE_LU,forecast_offshore_wind_generation,Wind Offshore,2026-06-13T19:07:25Z
2026-06-13T19:05:16Z,2026-06-13T21:05:16+0200,9460a2c8-fa12-4ac2-aa07-8ee932688218,2026-06-11T09:00:00Z,2026-06-11T11:00:00+0200,246.8,MW,DE,DE_LU,forecast_offshore_wind_generation,Wind Offshore,2026-06-13T19:07:25Z
2026-06-13T19:05:16Z,2026-06-13T21:05:16+0200,9460a2c8-fa12-4ac2-aa07-8ee932688218,2026-06-11T09:15:00Z,2026-06-11T11:15:00+0200,271.17,MW,DE,DE_LU,forecast_offshore_wind_generation,Wind Offshore,2026-06-13T19:07:25Z
2026-06-13T19:05:16Z,2026-06-13T21:05:16+0200,9460a2c8-fa12-4ac2-aa07-8ee932688218,2026-06-11T09:30:00Z,2026-06-11T11:30:00+0200,292.54,MW,DE,DE_LU,forecast_offshore_wind_generation,Wind Offshore,2026-06-13T19:07:25Z
2026-06-13T19:05:16Z,2026-06-13T21:05:16+0200,9460a2c8-fa12-4ac2-aa07-8ee932688218,2026-06-11T09:45:00Z,2026-06-11T11:45:00+0200,314.06,MW,DE,DE_LU,forecast_offshore_wind_generation,Wind Offshore,2026-06-13T19:07:25Z
2026-06-13T19:05:16Z,2026-06-13T21:05:16+0200,9460a2c8-fa12-4ac2-aa07-8ee932688218,2026-06-11T10:00:00Z,2026-06-11T12:00:00+0200,342.09,MW,DE,DE_LU,forecast_offshore_wind_generation,Wind Offshore,2026-06-13T19:07:25Z
2026-06-13T19:05:16Z,2026-06-13T21:05:16+0200,9460a2c8-fa12-4ac2-aa07-8ee932688218,2026-06-11T10:15:00Z,2026-06-11T12:15:00+0200,382.71,MW,DE,DE_LU,forecast_offshore_wind_generation,Wind Offshore,2026-06-13T19:07:25Z
2026-06-13T19:05:16Z,2026-06-13T21:05:16+0200,9460a2c8-fa12-4ac2-aa07-8ee932688218,2026-06-11T10:30:00Z,2026-06-11T12:30:00+0200,415.06,MW,DE,DE_LU,forecast_offshore_wind_generation,Wind Offshore,2026-06-13T19:07:25Z
2026-06-13T19:05:16Z,2026-06-13T21:05:16+0200,9460a2c8-fa12-4ac2-aa07-8ee932688218,2026-06-11T10:45:00Z,2026-06-11T12:45:00+0200,451.28,MW,DE,DE_LU,forecast_offshore_wind_generation,Wind Offshore,2026-06-13T19:07:25Z
2026-06-13T19:05:16Z,2026-06-13T21:05:16+0200,9460a2c8-fa12-4ac2-aa07-8ee932688218,2026-06-11T11:00:00Z,2026-06-11T13:00:00+0200,500.36,MW,DE,DE_LU,forecast_offshore_wind_generation,Wind Offshore,2026-06-13T19:07:25Z
2026-06-13T19:05:16Z,2026-06-13T21:05:16+0200,9460a2c8-fa12-4ac2-aa07-8ee932688218,2026-06-11T11:15:00Z,2026-06-11T13:15:00+0200,552.03,MW,DE,DE_LU,forecast_offshore_wind_generation,Wind Offshore,2026-06-13T19:07:25Z
2026-06-13T19:05:16Z,2026-06-13T21:05:16+0200,9460a2c8-fa12-4ac2-aa07-8ee932688218,2026-06-11T11:30:00Z,2026-06-11T13:30:00+0200,609.75,MW,DE,DE_LU,forecast_offshore_wind_generation,Wind Offshore,2026-06-13T19:07:25Z
2026-06-13T19:05:16Z,2026-06-13T21:05:16+0200,9460a2c8-fa12-4ac2-aa07-8ee932688218,2026-06-11T11:45:00Z,2026-06-11T13:45:00+0200,662.57,MW,DE,DE_LU,forecast_offshore_wind_generation,Wind Offshore,2026-06-13T19:07:25Z
2026-06-13T19:05:16Z,2026-06-13T21:05:16+0200,9460a2c8-fa12-4ac2-aa07-8ee932688218,2026-06-11T12:00:00Z,2026-06-11T14:00:00+0200,723.74,MW,DE,DE_LU,forecast_offshore_wind_generation,Wind Offshore,2026-06-13T19:07:25Z
2026-06-13T19:05:16Z,2026-06-13T21:05:16+0200,9460a2c8-fa12-4ac2-aa07-8ee932688218,2026-06-11T12:15:00Z,2026-06-11T14:15:00+0200,791.06,MW,DE,DE_LU,forecast_offshore_wind_generation,Wind Offshore,2026-06-13T19:07:25Z
2026-06-13T19:05:16Z,2026-06-13T21:05:16+0200,9460a2c8-fa12-4ac2-aa07-8ee932688218,2026-06-11T12:30:00Z,2026-06-11T14:30:00+0200,863.32,MW,DE,DE_LU,forecast_offshore_wind_generation,Wind Offshore,2026-06-13T19:07:25Z
2026-06-13T19:05:16Z,2026-06-13T21:05:16+0200,9460a2c8-fa12-4ac2-aa07-8ee932688218,2026-06-11T12:45:00Z,2026-06-11T14:45:00+0200,935.56,MW,DE,DE_LU,forecast_offshore_wind_generation,Wind Offshore,2026-06-13T19:07:25Z
2026-06-13T19:05:16Z,2026-06-13T21:05:16+0200,9460a2c8-fa12-4ac2-aa07-8ee932688218,2026-06-11T13:00:00Z,2026-06-11T15:00:00+0200,1005.22,MW,DE,DE_LU,forecast_offshore_wind_generation,Wind Offshore,2026-06-13T19:07:25Z
2026-06-13T19:05:16Z,2026-06-13T21:05:16+0200,9460a2c8-fa12-4ac2-aa07-8ee932688218,2026-06-11T13:15:00Z,2026-06-11T15:15:00+0200,1078.58,MW,DE,DE_LU,forecast_offshore_wind_generation,Wind Offshore,2026-06-13T19:07:25Z
2026-06-13T19:05:16Z,2026-06-13T21:05:16+0200,9460a2c8-fa12-4ac2-aa07-8ee932688218,2026-06-11T13:30:00Z,2026-06-11T15:30:00+0200,1194.88,MW,DE,DE_LU,forecast_offshore_wind_generation,Wind Offshore,2026-06-13T19:07:25Z
2026-06-13T19:05:16Z,2026-06-13T21:05:16+0200,9460a2c8-fa12-4ac2-aa07-8ee932688218,2026-06-11T13:45:00Z,2026-06-11T15:45:00+0200,1279.6,MW,DE,DE_LU,forecast_offshore_wind_generation,Wind Offshore,2026-06-13T19:07:25Z
2026-06-13T19:05:16Z,2026-06-13T21:05:16+0200,9460a2c8-fa12-4ac2-aa07-8ee932688218,2026-06-11T14:00:00Z,2026-06-11T16:00:00+0200,1355.93,MW,DE,DE_LU,forecast_offshore_wind_generation,Wind Offshore,2026-06-13T19:07:25Z
2026-06-13T19:05:16Z,2026-06-13T21:05:16+0200,9460a2c8-fa12-4ac2-aa07-8ee932688218,2026-06-11T14:15:00Z,2026-06-11T16:15:00+0200,1422.69,MW,DE,DE_LU,forecast_offshore_wind_generation,Wind Offshore,2026-06-13T19:07:25Z
2026-06-13T19:05:16Z,2026-06-13T21:05:16+0200,9460a2c8-fa12-4ac2-aa07-8ee932688218,2026-06-11T14:30:00Z,2026-06-11T16:30:00+0200,1485.64,MW,DE,DE_LU,forecast_offshore_wind_generation,Wind Offshore,2026-06-13T19:07:25Z
2026-06-13T19:05:16Z,2026-06-13T21:05:16+0200,9460a2c8-fa12-4ac2-aa07-8ee932688218,2026-06-11T14:45:00Z,2026-06-11T16:45:00+0200,1553.02,MW,DE,DE_LU,forecast_offshore_wind_generation,Wind Offshore,2026-06-13T19:07:25Z
2026-06-13T19:05:16Z,2026-06-13T21:05:16+0200,9460a2c8-fa12-4ac2-aa07-8ee932688218,2026-06-11T15:00:00Z,2026-06-11T17:00:00+0200,1610.95,MW,DE,DE_LU,forecast_offshore_wind_generation,Wind Offshore,2026-06-13T19:07:25Z
2026-06-13T19:05:16Z,2026-06-13T21:05:16+0200,9460a2c8-fa12-4ac2-aa07-8ee932688218,2026-06-11T15:15:00Z,2026-06-11T17:15:00+0200,1637.69,MW,DE,DE_LU,forecast_offshore_wind_generation,Wind Offshore,2026-06-13T19:07:25Z
2026-06-13T19:05:16Z,2026-06-13T21:05:16+0200,9460a2c8-fa12-4ac2-aa07-8ee932688218,2026-06-11T15:30:00Z,2026-06-11T17:30:00+0200,1735.55,MW,DE,DE_LU,forecast_offshore_wind_generation,Wind Offshore,2026-06-13T19:07:25Z
2026-06-13T19:05:16Z,2026-06-13T21:05:16+0200,9460a2c8-fa12-4ac2-aa07-8ee932688218,2026-06-11T15:45:00Z,2026-06-11T17:45:00+0200,1766.45,MW,DE,DE_LU,forecast_offshore_wind_generation,Wind Offshore,2026-06-13T19:07:25Z
2026-06-13T19:05:16Z,2026-06-13T21:05:16+0200,9460a2c8-fa12-4ac2-aa07-8ee932688218,2026-06-11T16:00:00Z,2026-06-11T18:00:00+0200,1791.61,MW,DE,DE_LU,forecast_offshore_wind_generation,Wind Offshore,2026-06-13T19:07:25Z
2026-06-13T19:05:16Z,2026-06-13T21:05:16+0200,9460a2c8-fa12-4ac2-aa07-8ee932688218,2026-06-11T16:15:00Z,2026-06-11T18:15:00+0200,1797.26,MW,DE,DE_LU,forecast_offshore_wind_generation,Wind Offshore,2026-06-13T19:07:25Z
2026-06-13T19:05:16Z,2026-06-13T21:05:16+0200,9460a2c8-fa12-4ac2-aa07-8ee932688218,2026-06-11T16:30:00Z,2026-06-11T18:30:00+0200,1804.89,MW,DE,DE_LU,forecast_offshore_wind_generation,Wind Offshore,2026-06-13T19:07:25Z
2026-06-13T19:05:16Z,2026-06-13T21:05:16+0200,9460a2c8-fa12-4ac2-aa07-8ee932688218,2026-06-11T16:45:00Z,2026-06-11T18:45:00+0200,1816.69,MW,DE,DE_LU,forecast_offshore_wind_generation,Wind Offshore,2026-06-13T19:07:25Z
2026-06-13T19:05:16Z,2026-06-13T21:05:16+0200,9460a2c8-fa12-4ac2-aa07-8ee932688218,2026-06-11T17:00:00Z,2026-06-11T19:00:00+0200,1819.5,MW,DE,DE_LU,forecast_offshore_wind_generation,Wind Offshore,2026-06-13T19:07:25Z
2026-06-13T19:05:16Z,2026-06-13T21:05:16+0200,9460a2c8-fa12-4ac2-aa07-8ee932688218,2026-06-11T17:15:00Z,2026-06-11T19:15:00+0200,1805.38,MW,DE,DE_LU,forecast_offshore_wind_generation,Wind Offshore,2026-06-13T19:07:25Z
2026-06-13T19:05:16Z,2026-06-13T21:05:16+0200,9460a2c8-fa12-4ac2-aa07-8ee932688218,2026-06-11T17:30:00Z,2026-06-11T19:30:00+0200,1787.35,MW,DE,DE_LU,forecast_offshore_wind_generation,Wind Offshore,2026-06-13T19:07:25Z
2026-06-13T19:05:16Z,2026-06-13T21:05:16+0200,9460a2c8-fa12-4ac2-aa07-8ee932688218,2026-06-11T17:45:00Z,2026-06-11T19:45:00+0200,1775.73,MW,DE,DE_LU,forecast_offshore_wind_generation,Wind Offshore,2026-06-13T19:07:25Z
2026-06-13T19:05:16Z,2026-06-13T21:05:16+0200,9460a2c8-fa12-4ac2-aa07-8ee932688218,2026-06-11T18:00:00Z,2026-06-11T20:00:00+0200,1765.0,MW,DE,DE_LU,forecast_offshore_wind_generation,Wind Offshore,2026-06-13T19:07:25Z
2026-06-13T19:05:16Z,2026-06-13T21:05:16+0200,9460a2c8-fa12-4ac2-aa07-8ee932688218,2026-06-11T18:15:00Z,2026-06-11T20:15:00+0200,1716.3,MW,DE,DE_LU,forecast_offshore_wind_generation,Wind Offshore,2026-06-13T19:07:25Z
2026-06-13T19:05:16Z,2026-06-13T21:05:16+0200,9460a2c8-fa12-4ac2-aa07-8ee932688218,2026-06-11T18:30:00Z,2026-06-11T20:30:00+0200,1671.65,MW,DE,DE_LU,forecast_offshore_wind_generation,Wind Offshore,2026-06-13T19:07:25Z
2026-06-13T19:05:16Z,2026-06-13T21:05:16+0200,9460a2c8-fa12-4ac2-aa07-8ee932688218,2026-06-11T18:45:00Z,2026-06-11T20:45:00+0200,1620.62,MW,DE,DE_LU,forecast_offshore_wind_generation,Wind Offshore,2026-06-13T19:07:25Z
2026-06-13T19:05:16Z,2026-06-13T21:05:16+0200,9460a2c8-fa12-4ac2-aa07-8ee932688218,2026-06-11T19:00:00Z,2026-06-11T21:00:00+0200,1586.95,MW,DE,DE_LU,forecast_offshore_wind_generation,Wind Offshore,2026-06-13T19:07:25Z
2026-06-13T19:05:16Z,2026-06-13T21:05:16+0200,9460a2c8-fa12-4ac2-aa07-8ee932688218,2026-06-11T19:15:00Z,2026-06-11T21:15:00+0200,1612.97,MW,DE,DE_LU,forecast_offshore_wind_generation,Wind Offshore,2026-06-13T19:07:25Z
2026-06-13T19:05:16Z,2026-06-13T21:05:16+0200,9460a2c8-fa12-4ac2-aa07-8ee932688218,2026-06-11T19:30:00Z,2026-06-11T21:30:00+0200,1641.36,MW,DE,DE_LU,forecast_offshore_wind_generation,Wind Offshore,2026-06-13T19:07:25Z
2026-06-13T19:05:16Z,2026-06-13T21:05:16+0200,9460a2c8-fa12-4ac2-aa07-8ee932688218,2026-06-11T19:45:00Z,2026-06-11T21:45:00+0200,1669.02,MW,DE,DE_LU,forecast_offshore_wind_generation,Wind Offshore,2026-06-13T19:07:25Z
2026-06-13T19:05:16Z,2026-06-13T21:05:16+0200,9460a2c8-fa12-4ac2-aa07-8ee932688218,2026-06-11T20:00:00Z,2026-06-11T22:00:00+0200,1719.13,MW,DE,DE_LU,forecast_offshore_wind_generation,Wind Offshore,2026-06-13T19:07:25Z
2026-06-13T19:05:16Z,2026-06-13T21:05:16+0200,9460a2c8-fa12-4ac2-aa07-8ee932688218,2026-06-11T20:15:00Z,2026-06-11T22:15:00+0200,1872.64,MW,DE,DE_LU,forecast_offshore_wind_generation,Wind Offshore,2026-06-13T19:07:25Z
2026-06-13T19:05:16Z,2026-06-13T21:05:16+0200,9460a2c8-fa12-4ac2-aa07-8ee932688218,2026-06-11T20:30:00Z,2026-06-11T22:30:00+0200,2018.15,MW,DE,DE_LU,forecast_offshore_wind_generation,Wind Offshore,2026-06-13T19:07:25Z
2026-06-13T19:05:16Z,2026-06-13T21:05:16+0200,9460a2c8-fa12-4ac2-aa07-8ee932688218,2026-06-11T20:45:00Z,2026-06-11T22:45:00+0200,2169.83,MW,DE,DE_LU,forecast_offshore_wind_generation,Wind Offshore,2026-06-13T19:07:25Z
2026-06-13T19:05:16Z,2026-06-13T21:05:16+0200,9460a2c8-fa12-4ac2-aa07-8ee932688218,2026-06-11T21:00:00Z,2026-06-11T23:00:00+0200,2331.38,MW,DE,DE_LU,forecast_offshore_wind_generation,Wind Offshore,2026-06-13T19:07:25Z
2026-06-13T19:05:16Z,2026-06-13T21:05:16+0200,9460a2c8-fa12-4ac2-aa07-8ee932688218,2026-06-11T21:15:00Z,2026-06-11T23:15:00+0200,2552.82,MW,DE,DE_LU,forecast_offshore_wind_generation,Wind Offshore,2026-06-13T19:07:25Z
2026-06-13T19:05:16Z,2026-06-13T21:05:16+0200,9460a2c8-fa12-4ac2-aa07-8ee932688218,2026-06-11T21:30:00Z,2026-06-11T23:30:00+0200,2777.27,MW,DE,DE_LU,forecast_offshore_wind_generation,Wind Offshore,2026-06-13T19:07:25Z
2026-06-13T19:05:16Z,2026-06-13T21:05:16+0200,9460a2c8-fa12-4ac2-aa07-8ee932688218,2026-06-11T21:45:00Z,2026-06-11T23:45:00+0200,2994.81,MW,DE,DE_LU,forecast_offshore_wind_generation,Wind Offshore,2026-06-13T19:07:25Z
2026-06-13T19:05:16Z,2026-06-13T21:05:16+0200,9460a2c8-fa12-4ac2-aa07-8ee932688218,2026-06-11T22:00:00Z,2026-06-12T00:00:00+0200,2551.29,MW,DE,DE_LU,forecast_offshore_wind_generation,Wind Offshore,2026-06-13T19:07:25Z
2026-06-13T19:05:16Z,2026-06-13T21:05:16+0200,9460a2c8-fa12-4ac2-aa07-8ee932688218,2026-06-11T22:15:00Z,2026-06-12T00:15:00+0200,2756.71,MW,DE,DE_LU,forecast_offshore_wind_generation,Wind Offshore,2026-06-13T19:07:25Z
2026-06-13T19:05:16Z,2026-06-13T21:05:16+0200,9460a2c8-fa12-4ac2-aa07-8ee932688218,2026-06-11T22:30:00Z,2026-06-12T00:30:00+0200,2966.22,MW,DE,DE_LU,forecast_offshore_wind_generation,Wind Offshore,2026-06-13T19:07:25Z
2026-06-13T19:05:16Z,2026-06-13T21:05:16+0200,9460a2c8-fa12-4ac2-aa07-8ee932688218,2026-06-11T22:45:00Z,2026-06-12T00:45:00+0200,3151.6,MW,DE,DE_LU,forecast_offshore_wind_generation,Wind Offshore,2026-06-13T19:07:25Z
2026-06-13T19:05:16Z,2026-06-13T21:05:16+0200,9460a2c8-fa12-4ac2-aa07-8ee932688218,2026-06-11T23:00:00Z,2026-06-12T01:00:00+0200,3322.87,MW,DE,DE_LU,forecast_offshore_wind_generation,Wind Offshore,2026-06-13T19:07:25Z
2026-06-13T19:05:16Z,2026-06-13T21:05:16+0200,9460a2c8-fa12-4ac2-aa07-8ee932688218,2026-06-11T23:15:00Z,2026-06-12T01:15:00+0200,3469.61,MW,DE,DE_LU,forecast_offshore_wind_generation,Wind Offshore,2026-06-13T19:07:25Z
2026-06-13T19:05:16Z,2026-06-13T21:05:16+0200,9460a2c8-fa12-4ac2-aa07-8ee932688218,2026-06-11T23:30:00Z,2026-06-12T01:30:00+0200,3608.37,MW,DE,DE_LU,forecast_offshore_wind_generation,Wind Offshore,2026-06-13T19:07:25Z
2026-06-13T19:05:16Z,2026-06-13T21:05:16+0200,9460a2c8-fa12-4ac2-aa07-8ee932688218,2026-06-11T23:45:00Z,2026-06-12T01:45:00+0200,3750.27,MW,DE,DE_LU,forecast_offshore_wind_generation,Wind Offshore,2026-06-13T19:07:25Z
2026-06-13T19:05:16Z,2026-06-13T21:05:16+0200,9460a2c8-fa12-4ac2-aa07-8ee932688218,2026-06-12T00:00:00Z,2026-06-12T02:00:00+0200,3866.92,MW,DE,DE_LU,forecast_offshore_wind_generation,Wind Offshore,2026-06-13T19:07:25Z
2026-06-13T19:05:16Z,2026-06-13T21:05:16+0200,9460a2c8-fa12-4ac2-aa07-8ee932688218,2026-06-12T00:15:00Z,2026-06-12T02:15:00+0200,3924.9,MW,DE,DE_LU,forecast_offshore_wind_generation,Wind Offshore,2026-06-13T19:07:25Z
2026-06-13T19:05:16Z,2026-06-13T21:05:16+0200,9460a2c8-fa12-4ac2-aa07-8ee932688218,2026-06-12T00:30:00Z,2026-06-12T02:30:00+0200,3973.84,MW,DE,DE_LU,forecast_offshore_wind_generation,Wind Offshore,2026-06-13T19:07:25Z
2026-06-13T19:05:16Z,2026-06-13T21:05:16+0200,9460a2c8-fa12-4ac2-aa07-8ee932688218,2026-06-12T00:45:00Z,2026-06-12T02:45:00+0200,4011.59,MW,DE,DE_LU,forecast_offshore_wind_generation,Wind Offshore,2026-06-13T19:07:25Z
2026-06-13T19:05:16Z,2026-06-13T21:05:16+0200,9460a2c8-fa12-4ac2-aa07-8ee932688218,2026-06-12T01:00:00Z,2026-06-12T03:00:00+0200,4027.68,MW,DE,DE_LU,forecast_offshore_wind_generation,Wind Offshore,2026-06-13T19:07:25Z
2026-06-13T19:05:16Z,2026-06-13T21:05:16+0200,9460a2c8-fa12-4ac2-aa07-8ee932688218,2026-06-12T01:15:00Z,2026-06-12T03:15:00+0200,3999.63,MW,DE,DE_LU,forecast_offshore_wind_generation,Wind Offshore,2026-06-13T19:07:25Z
2026-06-13T19:05:16Z,2026-06-13T21:05:16+0200,9460a2c8-fa12-4ac2-aa07-8ee932688218,2026-06-12T01:30:00Z,2026-06-12T03:30:00+0200,3973.89,MW,DE,DE_LU,forecast_offshore_wind_generation,Wind Offshore,2026-06-13T19:07:25Z
2026-06-13T19:05:16Z,2026-06-13T21:05:16+0200,9460a2c8-fa12-4ac2-aa07-8ee932688218,2026-06-12T01:45:00Z,2026-06-12T03:45:00+0200,3944.89,MW,DE,DE_LU,forecast_offshore_wind_generation,Wind Offshore,2026-06-13T19:07:25Z
2026-06-13T19:05:16Z,2026-06-13T21:05:16+0200,9460a2c8-fa12-4ac2-aa07-8ee932688218,2026-06-12T02:00:00Z,2026-06-12T04:00:00+0200,3892.38,MW,DE,DE_LU,forecast_offshore_wind_generation,Wind Offshore,2026-06-13T19:07:25Z
2026-06-13T19:05:16Z,2026-06-13T21:05:16+0200,9460a2c8-fa12-4ac2-aa07-8ee932688218,2026-06-12T02:15:00Z,2026-06-12T04:15:00+0200,3781.33,MW,DE,DE_LU,forecast_offshore_wind_generation,Wind Offshore,2026-06-13T19:07:25Z
2026-06-13T19:05:16Z,2026-06-13T21:05:16+0200,9460a2c8-fa12-4ac2-aa07-8ee932688218,2026-06-12T02:30:00Z,2026-06-12T04:30:00+0200,3646.33,MW,DE,DE_LU,forecast_offshore_wind_generation,Wind Offshore,2026-06-13T19:07:25Z
2026-06-13T19:05:16Z,2026-06-13T21:05:16+0200,9460a2c8-fa12-4ac2-aa07-8ee932688218,2026-06-12T02:45:00Z,2026-06-12T04:45:00+0200,3512.22,MW,DE,DE_LU,forecast_offshore_wind_generation,Wind Offshore,2026-06-13T19:07:25Z
2026-06-13T19:05:16Z,2026-06-13T21:05:16+0200,9460a2c8-fa12-4ac2-aa07-8ee932688218,2026-06-12T03:00:00Z,2026-06-12T05:00:00+0200,3380.45,MW,DE,DE_LU,forecast_offshore_wind_generation,Wind Offshore,2026-06-13T19:07:25Z
2026-06-13T19:05:16Z,2026-06-13T21:05:16+0200,9460a2c8-fa12-4ac2-aa07-8ee932688218,2026-06-12T03:15:00Z,2026-06-12T05:15:00+0200,3266.53,MW,DE,DE_LU,forecast_offshore_wind_generation,Wind Offshore,2026-06-13T19:07:25Z
2026-06-13T19:05:16Z,2026-06-13T21:05:16+0200,9460a2c8-fa12-4ac2-aa07-8ee932688218,2026-06-12T03:30:00Z,2026-06-12T05:30:00+0200,3153.55,MW,DE,DE_LU,forecast_offshore_wind_generation,Wind Offshore,2026-06-13T19:07:25Z
2026-06-13T19:05:16Z,2026-06-13T21:05:16+0200,9460a2c8-fa12-4ac2-aa07-8ee932688218,2026-06-12T03:45:00Z,2026-06-12T05:45:00+0200,3045.3,MW,DE,DE_LU,forecast_offshore_wind_generation,Wind Offshore,2026-06-13T19:07:25Z
2026-06-13T19:05:16Z,2026-06-13T21:05:16+0200,9460a2c8-fa12-4ac2-aa07-8ee932688218,2026-06-12T04:00:00Z,2026-06-12T06:00:00+0200,2930.58,MW,DE,DE_LU,forecast_offshore_wind_generation,Wind Offshore,2026-06-13T19:07:25Z
2026-06-13T19:05:16Z,2026-06-13T21:05:16+0200,9460a2c8-fa12-4ac2-aa07-8ee932688218,2026-06-12T04:15:00Z,2026-06-12T06:15:00+0200,2886.13,MW,DE,DE_LU,forecast_offshore_wind_generation,Wind Offshore,2026-06-13T19:07:25Z
2026-06-13T19:05:16Z,2026-06-13T21:05:16+0200,9460a2c8-fa12-4ac2-aa07-8ee932688218,2026-06-12T04:30:00Z,2026-06-12T06:30:00+0200,2845.68,MW,DE,DE_LU,forecast_offshore_wind_generation,Wind Offshore,2026-06-13T19:07:25Z
2026-06-13T19:05:16Z,2026-06-13T21:05:16+0200,9460a2c8-fa12-4ac2-aa07-8ee932688218,2026-06-12T04:45:00Z,2026-06-12T06:45:00+0200,2806.22,MW,DE,DE_LU,forecast_offshore_wind_generation,Wind Offshore,2026-06-13T19:07:25Z
2026-06-13T19:05:16Z,2026-06-13T21:05:16+0200,9460a2c8-fa12-4ac2-aa07-8ee932688218,2026-06-12T05:00:00Z,2026-06-12T07:00:00+0200,2783.62,MW,DE,DE_LU,forecast_offshore_wind_generation,Wind Offshore,2026-06-13T19:07:25Z
2026-06-13T19:05:16Z,2026-06-13T21:05:16+0200,9460a2c8-fa12-4ac2-aa07-8ee932688218,2026-06-12T05:15:00Z,2026-06-12T07:15:00+0200,2812.63,MW,DE,DE_LU,forecast_offshore_wind_generation,Wind Offshore,2026-06-13T19:07:25Z
2026-06-13T19:05:16Z,2026-06-13T21:05:16+0200,9460a2c8-fa12-4ac2-aa07-8ee932688218,2026-06-12T05:30:00Z,2026-06-12T07:30:00+0200,2844.58,MW,DE,DE_LU,forecast_offshore_wind_generation,Wind Offshore,2026-06-13T19:07:25Z
2026-06-13T19:05:16Z,2026-06-13T21:05:16+0200,9460a2c8-fa12-4ac2-aa07-8ee932688218,2026-06-12T05:45:00Z,2026-06-12T07:45:00+0200,2872.62,MW,DE,DE_LU,forecast_offshore_wind_generation,Wind Offshore,2026-06-13T19:07:25Z
2026-06-13T19:05:16Z,2026-06-13T21:05:16+0200,9460a2c8-fa12-4ac2-aa07-8ee932688218,2026-06-12T06:00:00Z,2026-06-12T08:00:00+0200,2899.36,MW,DE,DE_LU,forecast_offshore_wind_generation,Wind Offshore,2026-06-13T19:07:25Z
2026-06-13T19:05:16Z,2026-06-13T21:05:16+0200,9460a2c8-fa12-4ac2-aa07-8ee932688218,2026-06-12T06:15:00Z,2026-06-12T08:15:00+0200,2907.47,MW,DE,DE_LU,forecast_offshore_wind_generation,Wind Offshore,2026-06-13T19:07:25Z
2026-06-13T19:05:16Z,2026-06-13T21:05:16+0200,9460a2c8-fa12-4ac2-aa07-8ee932688218,2026-06-12T06:30:00Z,2026-06-12T08:30:00+0200,2903.76,MW,DE,DE_LU,forecast_offshore_wind_generation,Wind Offshore,2026-06-13T19:07:25Z
2026-06-13T19:05:16Z,2026-06-13T21:05:16+0200,9460a2c8-fa12-4ac2-aa07-8ee932688218,2026-06-12T06:45:00Z,2026-06-12T08:45:00+0200,2907.2,MW,DE,DE_LU,forecast_offshore_wind_generation,Wind Offshore,2026-06-13T19:07:25Z
2026-06-13T19:05:16Z,2026-06-13T21:05:16+0200,9460a2c8-fa12-4ac2-aa07-8ee932688218,2026-06-12T07:00:00Z,2026-06-12T09:00:00+0200,2911.68,MW,DE,DE_LU,forecast_offshore_wind_generation,Wind Offshore,2026-06-13T19:07:25Z
2026-06-13T19:05:16Z,2026-06-13T21:05:16+0200,9460a2c8-fa12-4ac2-aa07-8ee932688218,2026-06-12T07:15:00Z,2026-06-12T09:15:00+0200,2991.99,MW,DE,DE_LU,forecast_offshore_wind_generation,Wind Offshore,2026-06-13T19:07:25Z
2026-06-13T19:05:16Z,2026-06-13T21:05:16+0200,9460a2c8-fa12-4ac2-aa07-8ee932688218,2026-06-12T07:30:00Z,2026-06-12T09:30:00+0200,3073.39,MW,DE,DE_LU,forecast_offshore_wind_generation,Wind Offshore,2026-06-13T19:07:25Z
2026-06-13T19:05:16Z,2026-06-13T21:05:16+0200,9460a2c8-fa12-4ac2-aa07-8ee932688218,2026-06-12T07:45:00Z,2026-06-12T09:45:00+0200,3149.86,MW,DE,DE_LU,forecast_offshore_wind_generation,Wind Offshore,2026-06-13T19:07:25Z
2026-06-13T19:05:16Z,2026-06-13T21:05:16+0200,9460a2c8-fa12-4ac2-aa07-8ee932688218,2026-06-12T08:00:00Z,2026-06-12T10:00:00+0200,3232.09,MW,DE,DE_LU,forecast_offshore_wind_generation,Wind Offshore,2026-06-13T19:07:25Z
2026-06-13T19:05:16Z,2026-06-13T21:05:16+0200,9460a2c8-fa12-4ac2-aa07-8ee932688218,2026-06-12T08:15:00Z,2026-06-12T10:15:00+0200,3320.65,MW,DE,DE_LU,forecast_offshore_wind_generation,Wind Offshore,2026-06-13T19:07:25Z
2026-06-13T19:05:16Z,2026-06-13T21:05:16+0200,9460a2c8-fa12-4ac2-aa07-8ee932688218,2026-06-12T08:30:00Z,2026-06-12T10:30:00+0200,3402.38,MW,DE,DE_LU,forecast_offshore_wind_generation,Wind Offshore,2026-06-13T19:07:25Z
2026-06-13T19:05:16Z,2026-06-13T21:05:16+0200,9460a2c8-fa12-4ac2-aa07-8ee932688218,2026-06-12T08:45:00Z,2026-06-12T10:45:00+0200,3487.16,MW,DE,DE_LU,forecast_offshore_wind_generation,Wind Offshore,2026-06-13T19:07:25Z
2026-06-13T19:05:16Z,2026-06-13T21:05:16+0200,9460a2c8-fa12-4ac2-aa07-8ee932688218,2026-06-12T09:00:00Z,2026-06-12T11:00:00+0200,3568.73,MW,DE,DE_LU,forecast_offshore_wind_generation,Wind Offshore,2026-06-13T19:07:25Z
2026-06-13T19:05:16Z,2026-06-13T21:05:16+0200,9460a2c8-fa12-4ac2-aa07-8ee932688218,2026-06-12T09:15:00Z,2026-06-12T11:15:00+0200,3652.69,MW,DE,DE_LU,forecast_offshore_wind_generation,Wind Offshore,2026-06-13T19:07:25Z
2026-06-13T19:05:16Z,2026-06-13T21:05:16+0200,9460a2c8-fa12-4ac2-aa07-8ee932688218,2026-06-12T09:30:00Z,2026-06-12T11:30:00+0200,3727.03,MW,DE,DE_LU,forecast_offshore_wind_generation,Wind Offshore,2026-06-13T19:07:25Z
2026-06-13T19:05:16Z,2026-06-13T21:05:16+0200,9460a2c8-fa12-4ac2-aa07-8ee932688218,2026-06-12T09:45:00Z,2026-06-12T11:45:00+0200,3796.79,MW,DE,DE_LU,forecast_offshore_wind_generation,Wind Offshore,2026-06-13T19:07:25Z
2026-06-13T19:05:16Z,2026-06-13T21:05:16+0200,9460a2c8-fa12-4ac2-aa07-8ee932688218,2026-06-12T10:00:00Z,2026-06-12T12:00:00+0200,3863.27,MW,DE,DE_LU,forecast_offshore_wind_generation,Wind Offshore,2026-06-13T19:07:25Z
2026-06-13T19:05:16Z,2026-06-13T21:05:16+0200,9460a2c8-fa12-4ac2-aa07-8ee932688218,2026-06-12T10:15:00Z,2026-06-12T12:15:00+0200,3702.78,MW,DE,DE_LU,forecast_offshore_wind_generation,Wind Offshore,2026-06-13T19:07:25Z
2026-06-13T19:05:16Z,2026-06-13T21:05:16+0200,9460a2c8-fa12-4ac2-aa07-8ee932688218,2026-06-12T10:30:00Z,2026-06-12T12:30:00+0200,3759.28,MW,DE,DE_LU,forecast_offshore_wind_generation,Wind Offshore,2026-06-13T19:07:25Z
2026-06-13T19:05:16Z,2026-06-13T21:05:16+0200,9460a2c8-fa12-4ac2-aa07-8ee932688218,2026-06-12T10:45:00Z,2026-06-12T12:45:00+0200,3809.26,MW,DE,DE_LU,forecast_offshore_wind_generation,Wind Offshore,2026-06-13T19:07:25Z
2026-06-13T19:05:16Z,2026-06-13T21:05:16+0200,9460a2c8-fa12-4ac2-aa07-8ee932688218,2026-06-12T11:00:00Z,2026-06-12T13:00:00+0200,3862.16,MW,DE,DE_LU,forecast_offshore_wind_generation,Wind Offshore,2026-06-13T19:07:25Z
2026-06-13T19:05:16Z,2026-06-13T21:05:16+0200,9460a2c8-fa12-4ac2-aa07-8ee932688218,2026-06-12T11:15:00Z,2026-06-12T13:15:00+0200,3925.67,MW,DE,DE_LU,forecast_offshore_wind_generation,Wind Offshore,2026-06-13T19:07:25Z
2026-06-13T19:05:16Z,2026-06-13T21:05:16+0200,9460a2c8-fa12-4ac2-aa07-8ee932688218,2026-06-12T11:30:00Z,2026-06-12T13:30:00+0200,3970.38,MW,DE,DE_LU,forecast_offshore_wind_generation,Wind Offshore,2026-06-13T19:07:25Z
2026-06-13T19:05:16Z,2026-06-13T21:05:16+0200,9460a2c8-fa12-4ac2-aa07-8ee932688218,2026-06-12T11:45:00Z,2026-06-12T13:45:00+0200,4026.03,MW,DE,DE_LU,forecast_offshore_wind_generation,Wind Offshore,2026-06-13T19:07:25Z
2026-06-13T19:05:16Z,2026-06-13T21:05:16+0200,9460a2c8-fa12-4ac2-aa07-8ee932688218,2026-06-12T12:00:00Z,2026-06-12T14:00:00+0200,4078.42,MW,DE,DE_LU,forecast_offshore_wind_generation,Wind Offshore,2026-06-13T19:07:25Z
2026-06-13T19:05:16Z,2026-06-13T21:05:16+0200,9460a2c8-fa12-4ac2-aa07-8ee932688218,2026-06-12T12:15:00Z,2026-06-12T14:15:00+0200,4142.79,MW,DE,DE_LU,forecast_offshore_wind_generation,Wind Offshore,2026-06-13T19:07:25Z
2026-06-13T19:05:16Z,2026-06-13T21:05:16+0200,9460a2c8-fa12-4ac2-aa07-8ee932688218,2026-06-12T12:30:00Z,2026-06-12T14:30:00+0200,4162.38,MW,DE,DE_LU,forecast_offshore_wind_generation,Wind Offshore,2026-06-13T19:07:25Z
2026-06-13T19:05:16Z,2026-06-13T21:05:16+0200,9460a2c8-fa12-4ac2-aa07-8ee932688218,2026-06-12T12:45:00Z,2026-06-12T14:45:00+0200,4213.07,MW,DE,DE_LU,forecast_offshore_wind_generation,Wind Offshore,2026-06-13T19:07:25Z
2026-06-13T19:05:16Z,2026-06-13T21:05:16+0200,9460a2c8-fa12-4ac2-aa07-8ee932688218,2026-06-12T13:00:00Z,2026-06-12T15:00:00+0200,4243.75,MW,DE,DE_LU,forecast_offshore_wind_generation,Wind Offshore,2026-06-13T19:07:25Z
2026-06-13T19:05:16Z,2026-06-13T21:05:16+0200,9460a2c8-fa12-4ac2-aa07-8ee932688218,2026-06-12T13:15:00Z,2026-06-12T15:15:00+0200,4256.16,MW,DE,DE_LU,forecast_offshore_wind_generation,Wind Offshore,2026-06-13T19:07:25Z
2026-06-13T19:05:16Z,2026-06-13T21:05:16+0200,9460a2c8-fa12-4ac2-aa07-8ee932688218,2026-06-12T13:30:00Z,2026-06-12T15:30:00+0200,4258.72,MW,DE,DE_LU,forecast_offshore_wind_generation,Wind Offshore,2026-06-13T19:07:25Z
2026-06-13T19:05:16Z,2026-06-13T21:05:16+0200,9460a2c8-fa12-4ac2-aa07-8ee932688218,2026-06-12T13:45:00Z,2026-06-12T15:45:00+0200,4256.0,MW,DE,DE_LU,forecast_offshore_wind_generation,Wind Offshore,2026-06-13T19:07:25Z
2026-06-13T19:05:16Z,2026-06-13T21:05:16+0200,9460a2c8-fa12-4ac2-aa07-8ee932688218,2026-06-12T14:00:00Z,2026-06-12T16:00:00+0200,4256.19,MW,DE,DE_LU,forecast_offshore_wind_generation,Wind Offshore,2026-06-13T19:07:25Z
2026-06-13T19:05:16Z,2026-06-13T21:05:16+0200,9460a2c8-fa12-4ac2-aa07-8ee932688218,2026-06-12T14:15:00Z,2026-06-12T16:15:00+0200,4206.04,MW,DE,DE_LU,forecast_offshore_wind_generation,Wind Offshore,2026-06-13T19:07:25Z
2026-06-13T19:05:16Z,2026-06-13T21:05:16+0200,9460a2c8-fa12-4ac2-aa07-8ee932688218,2026-06-12T14:30:00Z,2026-06-12T16:30:00+0200,4151.78,MW,DE,DE_LU,forecast_offshore_wind_generation,Wind Offshore,2026-06-13T19:07:25Z
2026-06-13T19:05:16Z,2026-06-13T21:05:16+0200,9460a2c8-fa12-4ac2-aa07-8ee932688218,2026-06-12T14:45:00Z,2026-06-12T16:45:00+0200,4179.12,MW,DE,DE_LU,forecast_offshore_wind_generation,Wind Offshore,2026-06-13T19:07:25Z
2026-06-13T19:05:16Z,2026-06-13T21:05:16+0200,9460a2c8-fa12-4ac2-aa07-8ee932688218,2026-06-12T15:00:00Z,2026-06-12T17:00:00+0200,4107.26,MW,DE,DE_LU,forecast_offshore_wind_generation,Wind Offshore,2026-06-13T19:07:25Z
2026-06-13T19:05:16Z,2026-06-13T21:05:16+0200,9460a2c8-fa12-4ac2-aa07-8ee932688218,2026-06-12T15:15:00Z,2026-06-12T17:15:00+0200,4005.96,MW,DE,DE_LU,forecast_offshore_wind_generation,Wind Offshore,2026-06-13T19:07:25Z
2026-06-13T19:05:16Z,2026-06-13T21:05:16+0200,9460a2c8-fa12-4ac2-aa07-8ee932688218,2026-06-12T15:30:00Z,2026-06-12T17:30:00+0200,3902.93,MW,DE,DE_LU,forecast_offshore_wind_generation,Wind Offshore,2026-06-13T19:07:25Z
2026-06-13T19:05:16Z,2026-06-13T21:05:16+0200,9460a2c8-fa12-4ac2-aa07-8ee932688218,2026-06-12T15:45:00Z,2026-06-12T17:45:00+0200,3789.31,MW,DE,DE_LU,forecast_offshore_wind_generation,Wind Offshore,2026-06-13T19:07:25Z
2026-06-13T19:05:16Z,2026-06-13T21:05:16+0200,9460a2c8-fa12-4ac2-aa07-8ee932688218,2026-06-12T16:00:00Z,2026-06-12T18:00:00+0200,3665.21,MW,DE,DE_LU,forecast_offshore_wind_generation,Wind Offshore,2026-06-13T19:07:25Z
2026-06-13T19:05:16Z,2026-06-13T21:05:16+0200,9460a2c8-fa12-4ac2-aa07-8ee932688218,2026-06-12T16:15:00Z,2026-06-12T18:15:00+0200,3561.32,MW,DE,DE_LU,forecast_offshore_wind_generation,Wind Offshore,2026-06-13T19:07:25Z
2026-06-13T19:05:16Z,2026-06-13T21:05:16+0200,9460a2c8-fa12-4ac2-aa07-8ee932688218,2026-06-12T16:30:00Z,2026-06-12T18:30:00+0200,3450.63,MW,DE,DE_LU,forecast_offshore_wind_generation,Wind Offshore,2026-06-13T19:07:25Z
2026-06-13T19:05:16Z,2026-06-13T21:05:16+0200,9460a2c8-fa12-4ac2-aa07-8ee932688218,2026-06-12T16:45:00Z,2026-06-12T18:45:00+0200,3331.89,MW,DE,DE_LU,forecast_offshore_wind_generation,Wind Offshore,2026-06-13T19:07:25Z
2026-06-13T19:05:16Z,2026-06-13T21:05:16+0200,9460a2c8-fa12-4ac2-aa07-8ee932688218,2026-06-12T17:00:00Z,2026-06-12T19:00:00+0200,3215.22,MW,DE,DE_LU,forecast_offshore_wind_generation,Wind Offshore,2026-06-13T19:07:25Z
2026-06-13T19:05:16Z,2026-06-13T21:05:16+0200,9460a2c8-fa12-4ac2-aa07-8ee932688218,2026-06-12T17:15:00Z,2026-06-12T19:15:00+0200,3138.44,MW,DE,DE_LU,forecast_offshore_wind_generation,Wind Offshore,2026-06-13T19:07:25Z
2026-06-13T19:05:16Z,2026-06-13T21:05:16+0200,9460a2c8-fa12-4ac2-aa07-8ee932688218,2026-06-12T17:30:00Z,2026-06-12T19:30:00+0200,3048.5,MW,DE,DE_LU,forecast_offshore_wind_generation,Wind Offshore,2026-06-13T19:07:25Z
2026-06-13T19:05:16Z,2026-06-13T21:05:16+0200,9460a2c8-fa12-4ac2-aa07-8ee932688218,2026-06-12T17:45:00Z,2026-06-12T19:45:00+0200,2942.97,MW,DE,DE_LU,forecast_offshore_wind_generation,Wind Offshore,2026-06-13T19:07:25Z
2026-06-13T19:05:16Z,2026-06-13T21:05:16+0200,9460a2c8-fa12-4ac2-aa07-8ee932688218,2026-06-12T18:00:00Z,2026-06-12T20:00:00+0200,2851.99,MW,DE,DE_LU,forecast_offshore_wind_generation,Wind Offshore,2026-06-13T19:07:25Z
2026-06-13T19:05:16Z,2026-06-13T21:05:16+0200,9460a2c8-fa12-4ac2-aa07-8ee932688218,2026-06-12T18:15:00Z,2026-06-12T20:15:00+0200,2781.61,MW,DE,DE_LU,forecast_offshore_wind_generation,Wind Offshore,2026-06-13T19:07:25Z
2026-06-13T19:05:16Z,2026-06-13T21:05:16+0200,9460a2c8-fa12-4ac2-aa07-8ee932688218,2026-06-12T18:30:00Z,2026-06-12T20:30:00+0200,2744.61,MW,DE,DE_LU,forecast_offshore_wind_generation,Wind Offshore,2026-06-13T19:07:25Z
2026-06-13T19:05:16Z,2026-06-13T21:05:16+0200,9460a2c8-fa12-4ac2-aa07-8ee932688218,2026-06-12T18:45:00Z,2026-06-12T20:45:00+0200,2677.32,MW,DE,DE_LU,forecast_offshore_wind_generation,Wind Offshore,2026-06-13T19:07:25Z
2026-06-13T19:05:16Z,2026-06-13T21:05:16+0200,9460a2c8-fa12-4ac2-aa07-8ee932688218,2026-06-12T19:00:00Z,2026-06-12T21:00:00+0200,2612.57,MW,DE,DE_LU,forecast_offshore_wind_generation,Wind Offshore,2026-06-13T19:07:25Z
2026-06-13T19:05:16Z,2026-06-13T21:05:16+0200,9460a2c8-fa12-4ac2-aa07-8ee932688218,2026-06-12T19:15:00Z,2026-06-12T21:15:00+0200,2633.98,MW,DE,DE_LU,forecast_offshore_wind_generation,Wind Offshore,2026-06-13T19:07:25Z
2026-06-13T19:05:16Z,2026-06-13T21:05:16+0200,9460a2c8-fa12-4ac2-aa07-8ee932688218,2026-06-12T19:30:00Z,2026-06-12T21:30:00+0200,2653.54,MW,DE,DE_LU,forecast_offshore_wind_generation,Wind Offshore,2026-06-13T19:07:25Z
2026-06-13T19:05:16Z,2026-06-13T21:05:16+0200,9460a2c8-fa12-4ac2-aa07-8ee932688218,2026-06-12T19:45:00Z,2026-06-12T21:45:00+0200,2670.69,MW,DE,DE_LU,forecast_offshore_wind_generation,Wind Offshore,2026-06-13T19:07:25Z
2026-06-13T19:05:16Z,2026-06-13T21:05:16+0200,9460a2c8-fa12-4ac2-aa07-8ee932688218,2026-06-12T20:00:00Z,2026-06-12T22:00:00+0200,2717.86,MW,DE,DE_LU,forecast_offshore_wind_generation,Wind Offshore,2026-06-13T19:07:25Z
2026-06-13T19:05:16Z,2026-06-13T21:05:16+0200,9460a2c8-fa12-4ac2-aa07-8ee932688218,2026-06-12T20:15:00Z,2026-06-12T22:15:00+0200,2767.92,MW,DE,DE_LU,forecast_offshore_wind_generation,Wind Offshore,2026-06-13T19:07:25Z
2026-06-13T19:05:16Z,2026-06-13T21:05:16+0200,9460a2c8-fa12-4ac2-aa07-8ee932688218,2026-06-12T20:30:00Z,2026-06-12T22:30:00+0200,2815.05,MW,DE,DE_LU,forecast_offshore_wind_generation,Wind Offshore,2026-06-13T19:07:25Z
2026-06-13T19:05:16Z,2026-06-13T21:05:16+0200,9460a2c8-fa12-4ac2-aa07-8ee932688218,2026-06-12T20:45:00Z,2026-06-12T22:45:00+0200,2866.84,MW,DE,DE_LU,forecast_offshore_wind_generation,Wind Offshore,2026-06-13T19:07:25Z
2026-06-13T19:05:16Z,2026-06-13T21:05:16+0200,9460a2c8-fa12-4ac2-aa07-8ee932688218,2026-06-12T21:00:00Z,2026-06-12T23:00:00+0200,2912.96,MW,DE,DE_LU,forecast_offshore_wind_generation,Wind Offshore,2026-06-13T19:07:25Z
2026-06-13T19:05:16Z,2026-06-13T21:05:16+0200,9460a2c8-fa12-4ac2-aa07-8ee932688218,2026-06-12T21:15:00Z,2026-06-12T23:15:00+0200,2972.99,MW,DE,DE_LU,forecast_offshore_wind_generation,Wind Offshore,2026-06-13T19:07:25Z
2026-06-13T19:05:16Z,2026-06-13T21:05:16+0200,9460a2c8-fa12-4ac2-aa07-8ee932688218,2026-06-12T21:30:00Z,2026-06-12T23:30:00+0200,3027.6,MW,DE,DE_LU,forecast_offshore_wind_generation,Wind Offshore,2026-06-13T19:07:25Z
2026-06-13T19:05:16Z,2026-06-13T21:05:16+0200,9460a2c8-fa12-4ac2-aa07-8ee932688218,2026-06-12T21:45:00Z,2026-06-12T23:45:00+0200,3083.27,MW,DE,DE_LU,forecast_offshore_wind_generation,Wind Offshore,2026-06-13T19:07:25Z
2026-06-13T19:05:16Z,2026-06-13T21:05:16+0200,9460a2c8-fa12-4ac2-aa07-8ee932688218,2026-06-12T22:00:00Z,2026-06-13T00:00:00+0200,2980.9,MW,DE,DE_LU,forecast_offshore_wind_generation,Wind Offshore,2026-06-13T19:07:25Z
2026-06-13T19:05:16Z,2026-06-13T21:05:16+0200,9460a2c8-fa12-4ac2-aa07-8ee932688218,2026-06-12T22:15:00Z,2026-06-13T00:15:00+0200,3128.24,MW,DE,DE_LU,forecast_offshore_wind_generation,Wind Offshore,2026-06-13T19:07:25Z
2026-06-13T19:05:16Z,2026-06-13T21:05:16+0200,9460a2c8-fa12-4ac2-aa07-8ee932688218,2026-06-12T22:30:00Z,2026-06-13T00:30:00+0200,3269.79,MW,DE,DE_LU,forecast_offshore_wind_generation,Wind Offshore,2026-06-13T19:07:25Z
2026-06-13T19:05:16Z,2026-06-13T21:05:16+0200,9460a2c8-fa12-4ac2-aa07-8ee932688218,2026-06-12T22:45:00Z,2026-06-13T00:45:00+0200,3413.32,MW,DE,DE_LU,forecast_offshore_wind_generation,Wind Offshore,2026-06-13T19:07:25Z
2026-06-13T19:05:16Z,2026-06-13T21:05:16+0200,9460a2c8-fa12-4ac2-aa07-8ee932688218,2026-06-12T23:00:00Z,2026-06-13T01:00:00+0200,3582.04,MW,DE,DE_LU,forecast_offshore_wind_generation,Wind Offshore,2026-06-13T19:07:25Z
2026-06-13T19:05:16Z,2026-06-13T21:05:16+0200,9460a2c8-fa12-4ac2-aa07-8ee932688218,2026-06-12T23:15:00Z,2026-06-13T01:15:00+0200,3767.16,MW,DE,DE_LU,forecast_offshore_wind_generation,Wind Offshore,2026-06-13T19:07:25Z
2026-06-13T19:05:16Z,2026-06-13T21:05:16+0200,9460a2c8-fa12-4ac2-aa07-8ee932688218,2026-06-12T23:30:00Z,2026-06-13T01:30:00+0200,3948.34,MW,DE,DE_LU,forecast_offshore_wind_generation,Wind Offshore,2026-06-13T19:07:25Z
2026-06-13T19:05:16Z,2026-06-13T21:05:16+0200,9460a2c8-fa12-4ac2-aa07-8ee932688218,2026-06-12T23:45:00Z,2026-06-13T01:45:00+0200,4130.72,MW,DE,DE_LU,forecast_offshore_wind_generation,Wind Offshore,2026-06-13T19:07:25Z
2026-06-13T19:05:16Z,2026-06-13T21:05:16+0200,9460a2c8-fa12-4ac2-aa07-8ee932688218,2026-06-13T00:00:00Z,2026-06-13T02:00:00+0200,4310.31,MW,DE,DE_LU,forecast_offshore_wind_generation,Wind Offshore,2026-06-13T19:07:25Z
2026-06-13T19:05:16Z,2026-06-13T21:05:16+0200,9460a2c8-fa12-4ac2-aa07-8ee932688218,2026-06-13T00:15:00Z,2026-06-13T02:15:00+0200,4494.69,MW,DE,DE_LU,forecast_offshore_wind_generation,Wind Offshore,2026-06-13T19:07:25Z
2026-06-13T19:05:16Z,2026-06-13T21:05:16+0200,9460a2c8-fa12-4ac2-aa07-8ee932688218,2026-06-13T00:30:00Z,2026-06-13T02:30:00+0200,4674.89,MW,DE,DE_LU,forecast_offshore_wind_generation,Wind Offshore,2026-06-13T19:07:25Z
2026-06-13T19:05:16Z,2026-06-13T21:05:16+0200,9460a2c8-fa12-4ac2-aa07-8ee932688218,2026-06-13T00:45:00Z,2026-06-13T02:45:00+0200,4853.74,MW,DE,DE_LU,forecast_offshore_wind_generation,Wind Offshore,2026-06-13T19:07:25Z
2026-06-13T19:05:16Z,2026-06-13T21:05:16+0200,9460a2c8-fa12-4ac2-aa07-8ee932688218,2026-06-13T01:00:00Z,2026-06-13T03:00:00+0200,5013.59,MW,DE,DE_LU,forecast_offshore_wind_generation,Wind Offshore,2026-06-13T19:07:25Z
2026-06-13T19:05:16Z,2026-06-13T21:05:16+0200,9460a2c8-fa12-4ac2-aa07-8ee932688218,2026-06-13T01:15:00Z,2026-06-13T03:15:00+0200,5123.39,MW,DE,DE_LU,forecast_offshore_wind_generation,Wind Offshore,2026-06-13T19:07:25Z
2026-06-13T19:05:16Z,2026-06-13T21:05:16+0200,9460a2c8-fa12-4ac2-aa07-8ee932688218,2026-06-13T01:30:00Z,2026-06-13T03:30:00+0200,5193.19,MW,DE,DE_LU,forecast_offshore_wind_generation,Wind Offshore,2026-06-13T19:07:25Z
2026-06-13T19:05:16Z,2026-06-13T21:05:16+0200,9460a2c8-fa12-4ac2-aa07-8ee932688218,2026-06-13T01:45:00Z,2026-06-13T03:45:00+0200,5238.5,MW,DE,DE_LU,forecast_offshore_wind_generation,Wind Offshore,2026-06-13T19:07:25Z
2026-06-13T19:05:16Z,2026-06-13T21:05:16+0200,9460a2c8-fa12-4ac2-aa07-8ee932688218,2026-06-13T02:00:00Z,2026-06-13T04:00:00+0200,5322.82,MW,DE,DE_LU,forecast_offshore_wind_generation,Wind Offshore,2026-06-13T19:07:25Z
2026-06-13T19:05:16Z,2026-06-13T21:05:16+0200,9460a2c8-fa12-4ac2-aa07-8ee932688218,2026-06-13T02:15:00Z,2026-06-13T04:15:00+0200,5389.69,MW,DE,DE_LU,forecast_offshore_wind_generation,Wind Offshore,2026-06-13T19:07:25Z
2026-06-13T19:05:16Z,2026-06-13T21:05:16+0200,9460a2c8-fa12-4ac2-aa07-8ee932688218,2026-06-13T02:30:00Z,2026-06-13T04:30:00+0200,5444.78,MW,DE,DE_LU,forecast_offshore_wind_generation,Wind Offshore,2026-06-13T19:07:25Z
2026-06-13T19:05:16Z,2026-06-13T21:05:16+0200,9460a2c8-fa12-4ac2-aa07-8ee932688218,2026-06-13T02:45:00Z,2026-06-13T04:45:00+0200,5498.89,MW,DE,DE_LU,forecast_offshore_wind_generation,Wind Offshore,2026-06-13T19:07:25Z
2026-06-13T19:05:16Z,2026-06-13T21:05:16+0200,9460a2c8-fa12-4ac2-aa07-8ee932688218,2026-06-13T03:00:00Z,2026-06-13T05:00:00+0200,5480.68,MW,DE,DE_LU,forecast_offshore_wind_generation,Wind Offshore,2026-06-13T19:07:25Z
2026-06-13T19:05:16Z,2026-06-13T21:05:16+0200,9460a2c8-fa12-4ac2-aa07-8ee932688218,2026-06-13T03:15:00Z,2026-06-13T05:15:00+0200,5467.87,MW,DE,DE_LU,forecast_offshore_wind_generation,Wind Offshore,2026-06-13T19:07:25Z
2026-06-13T19:05:16Z,2026-06-13T21:05:16+0200,9460a2c8-fa12-4ac2-aa07-8ee932688218,2026-06-13T03:30:00Z,2026-06-13T05:30:00+0200,5518.3,MW,DE,DE_LU,forecast_offshore_wind_generation,Wind Offshore,2026-06-13T19:07:25Z
2026-06-13T19:05:16Z,2026-06-13T21:05:16+0200,9460a2c8-fa12-4ac2-aa07-8ee932688218,2026-06-13T03:45:00Z,2026-06-13T05:45:00+0200,5565.11,MW,DE,DE_LU,forecast_offshore_wind_generation,Wind Offshore,2026-06-13T19:07:25Z
2026-06-13T19:05:16Z,2026-06-13T21:05:16+0200,9460a2c8-fa12-4ac2-aa07-8ee932688218,2026-06-13T04:00:00Z,2026-06-13T06:00:00+0200,5597.61,MW,DE,DE_LU,forecast_offshore_wind_generation,Wind Offshore,2026-06-13T19:07:25Z
2026-06-13T19:05:16Z,2026-06-13T21:05:16+0200,9460a2c8-fa12-4ac2-aa07-8ee932688218,2026-06-13T04:15:00Z,2026-06-13T06:15:00+0200,5600.48,MW,DE,DE_LU,forecast_offshore_wind_generation,Wind Offshore,2026-06-13T19:07:25Z
2026-06-13T19:05:16Z,2026-06-13T21:05:16+0200,9460a2c8-fa12-4ac2-aa07-8ee932688218,2026-06-13T04:30:00Z,2026-06-13T06:30:00+0200,5639.55,MW,DE,DE_LU,forecast_offshore_wind_generation,Wind Offshore,2026-06-13T19:07:25Z
2026-06-13T19:05:16Z,2026-06-13T21:05:16+0200,9460a2c8-fa12-4ac2-aa07-8ee932688218,2026-06-13T04:45:00Z,2026-06-13T06:45:00+0200,5670.76,MW,DE,DE_LU,forecast_offshore_wind_generation,Wind Offshore,2026-06-13T19:07:25Z
2026-06-13T19:05:16Z,2026-06-13T21:05:16+0200,9460a2c8-fa12-4ac2-aa07-8ee932688218,2026-06-13T05:00:00Z,2026-06-13T07:00:00+0200,5659.09,MW,DE,DE_LU,forecast_offshore_wind_generation,Wind Offshore,2026-06-13T19:07:25Z
2026-06-13T19:05:16Z,2026-06-13T21:05:16+0200,9460a2c8-fa12-4ac2-aa07-8ee932688218,2026-06-13T05:15:00Z,2026-06-13T07:15:00+0200,5645.87,MW,DE,DE_LU,forecast_offshore_wind_generation,Wind Offshore,2026-06-13T19:07:25Z
2026-06-13T19:05:16Z,2026-06-13T21:05:16+0200,9460a2c8-fa12-4ac2-aa07-8ee932688218,2026-06-13T05:30:00Z,2026-06-13T07:30:00+0200,5653.44,MW,DE,DE_LU,forecast_offshore_wind_generation,Wind Offshore,2026-06-13T19:07:25Z
2026-06-13T19:05:16Z,2026-06-13T21:05:16+0200,9460a2c8-fa12-4ac2-aa07-8ee932688218,2026-06-13T05:45:00Z,2026-06-13T07:45:00+0200,5674.91,MW,DE,DE_LU,forecast_offshore_wind_generation,Wind Offshore,2026-06-13T19:07:25Z
2026-06-13T19:05:16Z,2026-06-13T21:05:16+0200,9460a2c8-fa12-4ac2-aa07-8ee932688218,2026-06-13T06:00:00Z,2026-06-13T08:00:00+0200,5400.59,MW,DE,DE_LU,forecast_offshore_wind_generation,Wind Offshore,2026-06-13T19:07:25Z
2026-06-13T19:05:16Z,2026-06-13T21:05:16+0200,9460a2c8-fa12-4ac2-aa07-8ee932688218,2026-06-13T06:15:00Z,2026-06-13T08:15:00+0200,5376.64,MW,DE,DE_LU,forecast_offshore_wind_generation,Wind Offshore,2026-06-13T19:07:25Z
2026-06-13T19:05:16Z,2026-06-13T21:05:16+0200,9460a2c8-fa12-4ac2-aa07-8ee932688218,2026-06-13T06:30:00Z,2026-06-13T08:30:00+0200,5304.96,MW,DE,DE_LU,forecast_offshore_wind_generation,Wind Offshore,2026-06-13T19:07:25Z
2026-06-13T19:05:16Z,2026-06-13T21:05:16+0200,9460a2c8-fa12-4ac2-aa07-8ee932688218,2026-06-13T06:45:00Z,2026-06-13T08:45:00+0200,5285.35,MW,DE,DE_LU,forecast_offshore_wind_generation,Wind Offshore,2026-06-13T19:07:25Z
2026-06-13T19:05:16Z,2026-06-13T21:05:16+0200,9460a2c8-fa12-4ac2-aa07-8ee932688218,2026-06-13T07:00:00Z,2026-06-13T09:00:00+0200,2709.27,MW,DE,DE_LU,forecast_offshore_wind_generation,Wind Offshore,2026-06-13T19:07:25Z
2026-06-13T19:05:16Z,2026-06-13T21:05:16+0200,9460a2c8-fa12-4ac2-aa07-8ee932688218,2026-06-13T07:15:00Z,2026-06-13T09:15:00+0200,2699.61,MW,DE,DE_LU,forecast_offshore_wind_generation,Wind Offshore,2026-06-13T19:07:25Z
2026-06-13T19:05:16Z,2026-06-13T21:05:16+0200,9460a2c8-fa12-4ac2-aa07-8ee932688218,2026-06-13T07:30:00Z,2026-06-13T09:30:00+0200,2679.99,MW,DE,DE_LU,forecast_offshore_wind_generation,Wind Offshore,2026-06-13T19:07:25Z
2026-06-13T19:05:16Z,2026-06-13T21:05:16+0200,9460a2c8-fa12-4ac2-aa07-8ee932688218,2026-06-13T07:45:00Z,2026-06-13T09:45:00+0200,2662.62,MW,DE,DE_LU,forecast_offshore_wind_generation,Wind Offshore,2026-06-13T19:07:25Z
2026-06-13T19:05:16Z,2026-06-13T21:05:16+0200,9460a2c8-fa12-4ac2-aa07-8ee932688218,2026-06-13T08:00:00Z,2026-06-13T10:00:00+0200,2645.91,MW,DE,DE_LU,forecast_offshore_wind_generation,Wind Offshore,2026-06-13T19:07:25Z
2026-06-13T19:05:16Z,2026-06-13T21:05:16+0200,9460a2c8-fa12-4ac2-aa07-8ee932688218,2026-06-13T08:15:00Z,2026-06-13T10:15:00+0200,2634.94,MW,DE,DE_LU,forecast_offshore_wind_generation,Wind Offshore,2026-06-13T19:07:25Z
2026-06-13T19:05:16Z,2026-06-13T21:05:16+0200,9460a2c8-fa12-4ac2-aa07-8ee932688218,2026-06-13T08:30:00Z,2026-06-13T10:30:00+0200,2623.99,MW,DE,DE_LU,forecast_offshore_wind_generation,Wind Offshore,2026-06-13T19:07:25Z
2026-06-13T19:05:16Z,2026-06-13T21:05:16+0200,9460a2c8-fa12-4ac2-aa07-8ee932688218,2026-06-13T08:45:00Z,2026-06-13T10:45:00+0200,2620.55,MW,DE,DE_LU,forecast_offshore_wind_generation,Wind Offshore,2026-06-13T19:07:25Z
2026-06-13T19:05:16Z,2026-06-13T21:05:16+0200,9460a2c8-fa12-4ac2-aa07-8ee932688218,2026-06-13T09:00:00Z,2026-06-13T11:00:00+0200,2597.04,MW,DE,DE_LU,forecast_offshore_wind_generation,Wind Offshore,2026-06-13T19:07:25Z
2026-06-13T19:05:16Z,2026-06-13T21:05:16+0200,9460a2c8-fa12-4ac2-aa07-8ee932688218,2026-06-13T09:15:00Z,2026-06-13T11:15:00+0200,2606.97,MW,DE,DE_LU,forecast_offshore_wind_generation,Wind Offshore,2026-06-13T19:07:25Z
2026-06-13T19:05:16Z,2026-06-13T21:05:16+0200,9460a2c8-fa12-4ac2-aa07-8ee932688218,2026-06-13T09:30:00Z,2026-06-13T11:30:00+0200,2572.29,MW,DE,DE_LU,forecast_offshore_wind_generation,Wind Offshore,2026-06-13T19:07:25Z
2026-06-13T19:05:16Z,2026-06-13T21:05:16+0200,9460a2c8-fa12-4ac2-aa07-8ee932688218,2026-06-13T09:45:00Z,2026-06-13T11:45:00+0200,2585.5,MW,DE,DE_LU,forecast_offshore_wind_generation,Wind Offshore,2026-06-13T19:07:25Z
2026-06-13T19:05:16Z,2026-06-13T21:05:16+0200,9460a2c8-fa12-4ac2-aa07-8ee932688218,2026-06-13T10:00:00Z,2026-06-13T12:00:00+0200,2598.43,MW,DE,DE_LU,forecast_offshore_wind_generation,Wind Offshore,2026-06-13T19:07:25Z
2026-06-13T19:05:16Z,2026-06-13T21:05:16+0200,9460a2c8-fa12-4ac2-aa07-8ee932688218,2026-06-13T10:15:00Z,2026-06-13T12:15:00+0200,2642.51,MW,DE,DE_LU,forecast_offshore_wind_generation,Wind Offshore,2026-06-13T19:07:25Z
2026-06-13T19:05:16Z,2026-06-13T21:05:16+0200,9460a2c8-fa12-4ac2-aa07-8ee932688218,2026-06-13T10:30:00Z,2026-06-13T12:30:00+0200,2681.81,MW,DE,DE_LU,forecast_offshore_wind_generation,Wind Offshore,2026-06-13T19:07:25Z
2026-06-13T19:05:16Z,2026-06-13T21:05:16+0200,9460a2c8-fa12-4ac2-aa07-8ee932688218,2026-06-13T10:45:00Z,2026-06-13T12:45:00+0200,2722.63,MW,DE,DE_LU,forecast_offshore_wind_generation,Wind Offshore,2026-06-13T19:07:25Z
2026-06-13T19:05:16Z,2026-06-13T21:05:16+0200,9460a2c8-fa12-4ac2-aa07-8ee932688218,2026-06-13T11:00:00Z,2026-06-13T13:00:00+0200,2804.02,MW,DE,DE_LU,forecast_offshore_wind_generation,Wind Offshore,2026-06-13T19:07:25Z
2026-06-13T19:05:16Z,2026-06-13T21:05:16+0200,9460a2c8-fa12-4ac2-aa07-8ee932688218,2026-06-13T11:15:00Z,2026-06-13T13:15:00+0200,2826.88,MW,DE,DE_LU,forecast_offshore_wind_generation,Wind Offshore,2026-06-13T19:07:25Z
2026-06-13T19:05:16Z,2026-06-13T21:05:16+0200,9460a2c8-fa12-4ac2-aa07-8ee932688218,2026-06-13T11:30:00Z,2026-06-13T13:30:00+0200,2842.97,MW,DE,DE_LU,forecast_offshore_wind_generation,Wind Offshore,2026-06-13T19:07:25Z
2026-06-13T19:05:16Z,2026-06-13T21:05:16+0200,9460a2c8-fa12-4ac2-aa07-8ee932688218,2026-06-13T11:45:00Z,2026-06-13T13:45:00+0200,2862.66,MW,DE,DE_LU,forecast_offshore_wind_generation,Wind Offshore,2026-06-13T19:07:25Z
2026-06-13T19:05:16Z,2026-06-13T21:05:16+0200,9460a2c8-fa12-4ac2-aa07-8ee932688218,2026-06-13T12:00:00Z,2026-06-13T14:00:00+0200,2882.39,MW,DE,DE_LU,forecast_offshore_wind_generation,Wind Offshore,2026-06-13T19:07:25Z
2026-06-13T19:05:16Z,2026-06-13T21:05:16+0200,9460a2c8-fa12-4ac2-aa07-8ee932688218,2026-06-13T12:15:00Z,2026-06-13T14:15:00+0200,2893.79,MW,DE,DE_LU,forecast_offshore_wind_generation,Wind Offshore,2026-06-13T19:07:25Z
2026-06-13T19:05:16Z,2026-06-13T21:05:16+0200,9460a2c8-fa12-4ac2-aa07-8ee932688218,2026-06-13T12:30:00Z,2026-06-13T14:30:00+0200,2898.45,MW,DE,DE_LU,forecast_offshore_wind_generation,Wind Offshore,2026-06-13T19:07:25Z
2026-06-13T19:05:16Z,2026-06-13T21:05:16+0200,9460a2c8-fa12-4ac2-aa07-8ee932688218,2026-06-13T12:45:00Z,2026-06-13T14:45:00+0200,2911.68,MW,DE,DE_LU,forecast_offshore_wind_generation,Wind Offshore,2026-06-13T19:07:25Z
2026-06-13T19:05:16Z,2026-06-13T21:05:16+0200,9460a2c8-fa12-4ac2-aa07-8ee932688218,2026-06-13T13:00:00Z,2026-06-13T15:00:00+0200,2918.85,MW,DE,DE_LU,forecast_offshore_wind_generation,Wind Offshore,2026-06-13T19:07:25Z
2026-06-13T19:05:16Z,2026-06-13T21:05:16+0200,9460a2c8-fa12-4ac2-aa07-8ee932688218,2026-06-13T13:15:00Z,2026-06-13T15:15:00+0200,2895.19,MW,DE,DE_LU,forecast_offshore_wind_generation,Wind Offshore,2026-06-13T19:07:25Z
2026-06-13T19:05:16Z,2026-06-13T21:05:16+0200,9460a2c8-fa12-4ac2-aa07-8ee932688218,2026-06-13T13:30:00Z,2026-06-13T15:30:00+0200,2911.33,MW,DE,DE_LU,forecast_offshore_wind_generation,Wind Offshore,2026-06-13T19:07:25Z
2026-06-13T19:05:16Z,2026-06-13T21:05:16+0200,9460a2c8-fa12-4ac2-aa07-8ee932688218,2026-06-13T13:45:00Z,2026-06-13T15:45:00+0200,2925.07,MW,DE,DE_LU,forecast_offshore_wind_generation,Wind Offshore,2026-06-13T19:07:25Z
2026-06-13T19:05:16Z,2026-06-13T21:05:16+0200,9460a2c8-fa12-4ac2-aa07-8ee932688218,2026-06-13T14:00:00Z,2026-06-13T16:00:00+0200,2941.03,MW,DE,DE_LU,forecast_offshore_wind_generation,Wind Offshore,2026-06-13T19:07:25Z
2026-06-13T19:05:16Z,2026-06-13T21:05:16+0200,9460a2c8-fa12-4ac2-aa07-8ee932688218,2026-06-13T14:15:00Z,2026-06-13T16:15:00+0200,2953.71,MW,DE,DE_LU,forecast_offshore_wind_generation,Wind Offshore,2026-06-13T19:07:25Z
2026-06-13T19:05:16Z,2026-06-13T21:05:16+0200,9460a2c8-fa12-4ac2-aa07-8ee932688218,2026-06-13T14:30:00Z,2026-06-13T16:30:00+0200,2964.7,MW,DE,DE_LU,forecast_offshore_wind_generation,Wind Offshore,2026-06-13T19:07:25Z
2026-06-13T19:05:16Z,2026-06-13T21:05:16+0200,9460a2c8-fa12-4ac2-aa07-8ee932688218,2026-06-13T14:45:00Z,2026-06-13T16:45:00+0200,3020.26,MW,DE,DE_LU,forecast_offshore_wind_generation,Wind Offshore,2026-06-13T19:07:25Z
2026-06-13T19:05:16Z,2026-06-13T21:05:16+0200,9460a2c8-fa12-4ac2-aa07-8ee932688218,2026-06-13T15:00:00Z,2026-06-13T17:00:00+0200,3283.46,MW,DE,DE_LU,forecast_offshore_wind_generation,Wind Offshore,2026-06-13T19:07:25Z
2026-06-13T19:05:16Z,2026-06-13T21:05:16+0200,9460a2c8-fa12-4ac2-aa07-8ee932688218,2026-06-13T15:15:00Z,2026-06-13T17:15:00+0200,3300.15,MW,DE,DE_LU,forecast_offshore_wind_generation,Wind Offshore,2026-06-13T19:07:25Z
2026-06-13T19:05:16Z,2026-06-13T21:05:16+0200,9460a2c8-fa12-4ac2-aa07-8ee932688218,2026-06-13T15:30:00Z,2026-06-13T17:30:00+0200,3308.61,MW,DE,DE_LU,forecast_offshore_wind_generation,Wind Offshore,2026-06-13T19:07:25Z
2026-06-13T19:05:16Z,2026-06-13T21:05:16+0200,9460a2c8-fa12-4ac2-aa07-8ee932688218,2026-06-13T15:45:00Z,2026-06-13T17:45:00+0200,3327.31,MW,DE,DE_LU,forecast_offshore_wind_generation,Wind Offshore,2026-06-13T19:07:25Z
2026-06-13T19:05:16Z,2026-06-13T21:05:16+0200,9460a2c8-fa12-4ac2-aa07-8ee932688218,2026-06-13T16:00:00Z,2026-06-13T18:00:00+0200,3348.48,MW,DE,DE_LU,forecast_offshore_wind_generation,Wind Offshore,2026-06-13T19:07:25Z
2026-06-13T19:05:16Z,2026-06-13T21:05:16+0200,9460a2c8-fa12-4ac2-aa07-8ee932688218,2026-06-13T16:15:00Z,2026-06-13T18:15:00+0200,3356.2,MW,DE,DE_LU,forecast_offshore_wind_generation,Wind Offshore,2026-06-13T19:07:25Z
2026-06-13T19:05:16Z,2026-06-13T21:05:16+0200,9460a2c8-fa12-4ac2-aa07-8ee932688218,2026-06-13T16:30:00Z,2026-06-13T18:30:00+0200,3377.37,MW,DE,DE_LU,forecast_offshore_wind_generation,Wind Offshore,2026-06-13T19:07:25Z
2026-06-13T19:05:16Z,2026-06-13T21:05:16+0200,9460a2c8-fa12-4ac2-aa07-8ee932688218,2026-06-13T16:45:00Z,2026-06-13T18:45:00+0200,3381.34,MW,DE,DE_LU,forecast_offshore_wind_generation,Wind Offshore,2026-06-13T19:07:25Z
2026-06-13T19:05:16Z,2026-06-13T21:05:16+0200,9460a2c8-fa12-4ac2-aa07-8ee932688218,2026-06-13T17:00:00Z,2026-06-13T19:00:00+0200,6066.28,MW,DE,DE_LU,forecast_offshore_wind_generation,Wind Offshore,2026-06-13T19:07:25Z
2026-06-13T19:05:16Z,2026-06-13T21:05:16+0200,9460a2c8-fa12-4ac2-aa07-8ee932688218,2026-06-13T17:15:00Z,2026-06-13T19:15:00+0200,6080.66,MW,DE,DE_LU,forecast_offshore_wind_generation,Wind Offshore,2026-06-13T19:07:25Z
2026-06-13T19:05:16Z,2026-06-13T21:05:16+0200,9460a2c8-fa12-4ac2-aa07-8ee932688218,2026-06-13T17:30:00Z,2026-06-13T19:30:00+0200,6094.16,MW,DE,DE_LU,forecast_offshore_wind_generation,Wind Offshore,2026-06-13T19:07:25Z
2026-06-13T19:05:16Z,2026-06-13T21:05:16+0200,9460a2c8-fa12-4ac2-aa07-8ee932688218,2026-06-13T17:45:00Z,2026-06-13T19:45:00+0200,6107.42,MW,DE,DE_LU,forecast_offshore_wind_generation,Wind Offshore,2026-06-13T19:07:25Z
2026-06-13T19:05:16Z,2026-06-13T21:05:16+0200,9460a2c8-fa12-4ac2-aa07-8ee932688218,2026-06-13T18:00:00Z,2026-06-13T20:00:00+0200,6115.81,MW,DE,DE_LU,forecast_offshore_wind_generation,Wind Offshore,2026-06-13T19:07:25Z
2026-06-13T19:05:16Z,2026-06-13T21:05:16+0200,9460a2c8-fa12-4ac2-aa07-8ee932688218,2026-06-13T18:15:00Z,2026-06-13T20:15:00+0200,6122.94,MW,DE,DE_LU,forecast_offshore_wind_generation,Wind Offshore,2026-06-13T19:07:25Z
2026-06-13T19:05:16Z,2026-06-13T21:05:16+0200,9460a2c8-fa12-4ac2-aa07-8ee932688218,2026-06-13T18:30:00Z,2026-06-13T20:30:00+0200,6127.86,MW,DE,DE_LU,forecast_offshore_wind_generation,Wind Offshore,2026-06-13T19:07:25Z
2026-06-13T19:05:16Z,2026-06-13T21:05:16+0200,9460a2c8-fa12-4ac2-aa07-8ee932688218,2026-06-13T18:45:00Z,2026-06-13T20:45:00+0200,6127.06,MW,DE,DE_LU,forecast_offshore_wind_generation,Wind Offshore,2026-06-13T19:07:25Z
