collection_time_utc,collection_time_local,run_id,timestamp_utc,timestamp_local,value,unit,country,entsoe_area,variable,source,updated_at_utc
2026-08-17T08:43:25Z,2026-08-17T10:43:25+0200,5f9ba03d-f545-4cd2-8996-d770f48fc74d,2026-07-17T09:00:00Z,2026-07-17T11:00:00+0200,76.666666,MW,DK2,DK_2,forecast_offshore_wind_generation,Wind Offshore,2026-08-17T08:52:17Z
2026-08-17T08:43:25Z,2026-08-17T10:43:25+0200,5f9ba03d-f545-4cd2-8996-d770f48fc74d,2026-07-17T09:15:00Z,2026-07-17T11:15:00+0200,78.833333,MW,DK2,DK_2,forecast_offshore_wind_generation,Wind Offshore,2026-08-17T08:52:17Z
2026-08-17T08:43:25Z,2026-08-17T10:43:25+0200,5f9ba03d-f545-4cd2-8996-d770f48fc74d,2026-07-17T09:30:00Z,2026-07-17T11:30:00+0200,82.5,MW,DK2,DK_2,forecast_offshore_wind_generation,Wind Offshore,2026-08-17T08:52:17Z
2026-08-17T08:43:25Z,2026-08-17T10:43:25+0200,5f9ba03d-f545-4cd2-8996-d770f48fc74d,2026-07-17T09:45:00Z,2026-07-17T11:45:00+0200,86.0,MW,DK2,DK_2,forecast_offshore_wind_generation,Wind Offshore,2026-08-17T08:52:17Z
2026-08-17T08:43:25Z,2026-08-17T10:43:25+0200,5f9ba03d-f545-4cd2-8996-d770f48fc74d,2026-07-17T10:00:00Z,2026-07-17T12:00:00+0200,91.166666,MW,DK2,DK_2,forecast_offshore_wind_generation,Wind Offshore,2026-08-17T08:52:17Z
2026-08-17T08:43:25Z,2026-08-17T10:43:25+0200,5f9ba03d-f545-4cd2-8996-d770f48fc74d,2026-07-17T10:15:00Z,2026-07-17T12:15:00+0200,101.333333,MW,DK2,DK_2,forecast_offshore_wind_generation,Wind Offshore,2026-08-17T08:52:17Z
2026-08-17T08:43:25Z,2026-08-17T10:43:25+0200,5f9ba03d-f545-4cd2-8996-d770f48fc74d,2026-07-17T10:30:00Z,2026-07-17T12:30:00+0200,118.0,MW,DK2,DK_2,forecast_offshore_wind_generation,Wind Offshore,2026-08-17T08:52:17Z
2026-08-17T08:43:25Z,2026-08-17T10:43:25+0200,5f9ba03d-f545-4cd2-8996-d770f48fc74d,2026-07-17T10:45:00Z,2026-07-17T12:45:00+0200,134.333333,MW,DK2,DK_2,forecast_offshore_wind_generation,Wind Offshore,2026-08-17T08:52:17Z
2026-08-17T08:43:25Z,2026-08-17T10:43:25+0200,5f9ba03d-f545-4cd2-8996-d770f48fc74d,2026-07-17T11:00:00Z,2026-07-17T13:00:00+0200,142.0,MW,DK2,DK_2,forecast_offshore_wind_generation,Wind Offshore,2026-08-17T08:52:17Z
2026-08-17T08:43:25Z,2026-08-17T10:43:25+0200,5f9ba03d-f545-4cd2-8996-d770f48fc74d,2026-07-17T11:15:00Z,2026-07-17T13:15:00+0200,147.0,MW,DK2,DK_2,forecast_offshore_wind_generation,Wind Offshore,2026-08-17T08:52:17Z
2026-08-17T08:43:25Z,2026-08-17T10:43:25+0200,5f9ba03d-f545-4cd2-8996-d770f48fc74d,2026-07-17T11:30:00Z,2026-07-17T13:30:00+0200,151.0,MW,DK2,DK_2,forecast_offshore_wind_generation,Wind Offshore,2026-08-17T08:52:17Z
2026-08-17T08:43:25Z,2026-08-17T10:43:25+0200,5f9ba03d-f545-4cd2-8996-d770f48fc74d,2026-07-17T11:45:00Z,2026-07-17T13:45:00+0200,154.5,MW,DK2,DK_2,forecast_offshore_wind_generation,Wind Offshore,2026-08-17T08:52:17Z
2026-08-17T08:43:25Z,2026-08-17T10:43:25+0200,5f9ba03d-f545-4cd2-8996-d770f48fc74d,2026-07-17T12:00:00Z,2026-07-17T14:00:00+0200,156.0,MW,DK2,DK_2,forecast_offshore_wind_generation,Wind Offshore,2026-08-17T08:52:17Z
2026-08-17T08:43:25Z,2026-08-17T10:43:25+0200,5f9ba03d-f545-4cd2-8996-d770f48fc74d,2026-07-17T12:15:00Z,2026-07-17T14:15:00+0200,155.0,MW,DK2,DK_2,forecast_offshore_wind_generation,Wind Offshore,2026-08-17T08:52:17Z
2026-08-17T08:43:25Z,2026-08-17T10:43:25+0200,5f9ba03d-f545-4cd2-8996-d770f48fc74d,2026-07-17T12:30:00Z,2026-07-17T14:30:00+0200,151.5,MW,DK2,DK_2,forecast_offshore_wind_generation,Wind Offshore,2026-08-17T08:52:17Z
2026-08-17T08:43:25Z,2026-08-17T10:43:25+0200,5f9ba03d-f545-4cd2-8996-d770f48fc74d,2026-07-17T12:45:00Z,2026-07-17T14:45:00+0200,147.5,MW,DK2,DK_2,forecast_offshore_wind_generation,Wind Offshore,2026-08-17T08:52:17Z
2026-08-17T08:43:25Z,2026-08-17T10:43:25+0200,5f9ba03d-f545-4cd2-8996-d770f48fc74d,2026-07-17T13:00:00Z,2026-07-17T15:00:00+0200,143.5,MW,DK2,DK_2,forecast_offshore_wind_generation,Wind Offshore,2026-08-17T08:52:17Z
2026-08-17T08:43:25Z,2026-08-17T10:43:25+0200,5f9ba03d-f545-4cd2-8996-d770f48fc74d,2026-07-17T13:15:00Z,2026-07-17T15:15:00+0200,137.833333,MW,DK2,DK_2,forecast_offshore_wind_generation,Wind Offshore,2026-08-17T08:52:17Z
2026-08-17T08:43:25Z,2026-08-17T10:43:25+0200,5f9ba03d-f545-4cd2-8996-d770f48fc74d,2026-07-17T13:30:00Z,2026-07-17T15:30:00+0200,131.0,MW,DK2,DK_2,forecast_offshore_wind_generation,Wind Offshore,2026-08-17T08:52:17Z
2026-08-17T08:43:25Z,2026-08-17T10:43:25+0200,5f9ba03d-f545-4cd2-8996-d770f48fc74d,2026-07-17T13:45:00Z,2026-07-17T15:45:00+0200,126.666666,MW,DK2,DK_2,forecast_offshore_wind_generation,Wind Offshore,2026-08-17T08:52:17Z
2026-08-17T08:43:25Z,2026-08-17T10:43:25+0200,5f9ba03d-f545-4cd2-8996-d770f48fc74d,2026-07-17T14:00:00Z,2026-07-17T16:00:00+0200,129.0,MW,DK2,DK_2,forecast_offshore_wind_generation,Wind Offshore,2026-08-17T08:52:17Z
2026-08-17T08:43:25Z,2026-08-17T10:43:25+0200,5f9ba03d-f545-4cd2-8996-d770f48fc74d,2026-07-17T14:15:00Z,2026-07-17T16:15:00+0200,142.0,MW,DK2,DK_2,forecast_offshore_wind_generation,Wind Offshore,2026-08-17T08:52:17Z
2026-08-17T08:43:25Z,2026-08-17T10:43:25+0200,5f9ba03d-f545-4cd2-8996-d770f48fc74d,2026-07-17T14:30:00Z,2026-07-17T16:30:00+0200,157.333333,MW,DK2,DK_2,forecast_offshore_wind_generation,Wind Offshore,2026-08-17T08:52:17Z
2026-08-17T08:43:25Z,2026-08-17T10:43:25+0200,5f9ba03d-f545-4cd2-8996-d770f48fc74d,2026-07-17T14:45:00Z,2026-07-17T16:45:00+0200,167.666666,MW,DK2,DK_2,forecast_offshore_wind_generation,Wind Offshore,2026-08-17T08:52:17Z
2026-08-17T08:43:25Z,2026-08-17T10:43:25+0200,5f9ba03d-f545-4cd2-8996-d770f48fc74d,2026-07-17T15:00:00Z,2026-07-17T17:00:00+0200,168.5,MW,DK2,DK_2,forecast_offshore_wind_generation,Wind Offshore,2026-08-17T08:52:17Z
2026-08-17T08:43:25Z,2026-08-17T10:43:25+0200,5f9ba03d-f545-4cd2-8996-d770f48fc74d,2026-07-17T15:15:00Z,2026-07-17T17:15:00+0200,164.666666,MW,DK2,DK_2,forecast_offshore_wind_generation,Wind Offshore,2026-08-17T08:52:17Z
2026-08-17T08:43:25Z,2026-08-17T10:43:25+0200,5f9ba03d-f545-4cd2-8996-d770f48fc74d,2026-07-17T15:30:00Z,2026-07-17T17:30:00+0200,158.166666,MW,DK2,DK_2,forecast_offshore_wind_generation,Wind Offshore,2026-08-17T08:52:17Z
2026-08-17T08:43:25Z,2026-08-17T10:43:25+0200,5f9ba03d-f545-4cd2-8996-d770f48fc74d,2026-07-17T15:45:00Z,2026-07-17T17:45:00+0200,154.5,MW,DK2,DK_2,forecast_offshore_wind_generation,Wind Offshore,2026-08-17T08:52:17Z
2026-08-17T08:43:25Z,2026-08-17T10:43:25+0200,5f9ba03d-f545-4cd2-8996-d770f48fc74d,2026-07-17T16:00:00Z,2026-07-17T18:00:00+0200,150.666666,MW,DK2,DK_2,forecast_offshore_wind_generation,Wind Offshore,2026-08-17T08:52:17Z
2026-08-17T08:43:25Z,2026-08-17T10:43:25+0200,5f9ba03d-f545-4cd2-8996-d770f48fc74d,2026-07-17T16:15:00Z,2026-07-17T18:15:00+0200,141.5,MW,DK2,DK_2,forecast_offshore_wind_generation,Wind Offshore,2026-08-17T08:52:17Z
2026-08-17T08:43:25Z,2026-08-17T10:43:25+0200,5f9ba03d-f545-4cd2-8996-d770f48fc74d,2026-07-17T16:30:00Z,2026-07-17T18:30:00+0200,130.666666,MW,DK2,DK_2,forecast_offshore_wind_generation,Wind Offshore,2026-08-17T08:52:17Z
2026-08-17T08:43:25Z,2026-08-17T10:43:25+0200,5f9ba03d-f545-4cd2-8996-d770f48fc74d,2026-07-17T16:45:00Z,2026-07-17T18:45:00+0200,122.333333,MW,DK2,DK_2,forecast_offshore_wind_generation,Wind Offshore,2026-08-17T08:52:17Z
2026-08-17T08:43:25Z,2026-08-17T10:43:25+0200,5f9ba03d-f545-4cd2-8996-d770f48fc74d,2026-07-17T17:00:00Z,2026-07-17T19:00:00+0200,120.666666,MW,DK2,DK_2,forecast_offshore_wind_generation,Wind Offshore,2026-08-17T08:52:17Z
2026-08-17T08:43:25Z,2026-08-17T10:43:25+0200,5f9ba03d-f545-4cd2-8996-d770f48fc74d,2026-07-17T17:15:00Z,2026-07-17T19:15:00+0200,127.5,MW,DK2,DK_2,forecast_offshore_wind_generation,Wind Offshore,2026-08-17T08:52:17Z
2026-08-17T08:43:25Z,2026-08-17T10:43:25+0200,5f9ba03d-f545-4cd2-8996-d770f48fc74d,2026-07-17T17:30:00Z,2026-07-17T19:30:00+0200,138.833333,MW,DK2,DK_2,forecast_offshore_wind_generation,Wind Offshore,2026-08-17T08:52:17Z
2026-08-17T08:43:25Z,2026-08-17T10:43:25+0200,5f9ba03d-f545-4cd2-8996-d770f48fc74d,2026-07-17T17:45:00Z,2026-07-17T19:45:00+0200,146.666666,MW,DK2,DK_2,forecast_offshore_wind_generation,Wind Offshore,2026-08-17T08:52:17Z
2026-08-17T08:43:25Z,2026-08-17T10:43:25+0200,5f9ba03d-f545-4cd2-8996-d770f48fc74d,2026-07-17T18:00:00Z,2026-07-17T20:00:00+0200,148.833333,MW,DK2,DK_2,forecast_offshore_wind_generation,Wind Offshore,2026-08-17T08:52:17Z
2026-08-17T08:43:25Z,2026-08-17T10:43:25+0200,5f9ba03d-f545-4cd2-8996-d770f48fc74d,2026-07-17T18:15:00Z,2026-07-17T20:15:00+0200,155.5,MW,DK2,DK_2,forecast_offshore_wind_generation,Wind Offshore,2026-08-17T08:52:17Z
2026-08-17T08:43:25Z,2026-08-17T10:43:25+0200,5f9ba03d-f545-4cd2-8996-d770f48fc74d,2026-07-17T18:30:00Z,2026-07-17T20:30:00+0200,165.833333,MW,DK2,DK_2,forecast_offshore_wind_generation,Wind Offshore,2026-08-17T08:52:17Z
2026-08-17T08:43:25Z,2026-08-17T10:43:25+0200,5f9ba03d-f545-4cd2-8996-d770f48fc74d,2026-07-17T18:45:00Z,2026-07-17T20:45:00+0200,172.333333,MW,DK2,DK_2,forecast_offshore_wind_generation,Wind Offshore,2026-08-17T08:52:17Z
2026-08-17T08:43:25Z,2026-08-17T10:43:25+0200,5f9ba03d-f545-4cd2-8996-d770f48fc74d,2026-07-17T19:00:00Z,2026-07-17T21:00:00+0200,166.333333,MW,DK2,DK_2,forecast_offshore_wind_generation,Wind Offshore,2026-08-17T08:52:17Z
2026-08-17T08:43:25Z,2026-08-17T10:43:25+0200,5f9ba03d-f545-4cd2-8996-d770f48fc74d,2026-07-17T19:15:00Z,2026-07-17T21:15:00+0200,150.0,MW,DK2,DK_2,forecast_offshore_wind_generation,Wind Offshore,2026-08-17T08:52:17Z
2026-08-17T08:43:25Z,2026-08-17T10:43:25+0200,5f9ba03d-f545-4cd2-8996-d770f48fc74d,2026-07-17T19:30:00Z,2026-07-17T21:30:00+0200,133.0,MW,DK2,DK_2,forecast_offshore_wind_generation,Wind Offshore,2026-08-17T08:52:17Z
2026-08-17T08:43:25Z,2026-08-17T10:43:25+0200,5f9ba03d-f545-4cd2-8996-d770f48fc74d,2026-07-17T19:45:00Z,2026-07-17T21:45:00+0200,123.166666,MW,DK2,DK_2,forecast_offshore_wind_generation,Wind Offshore,2026-08-17T08:52:17Z
2026-08-17T08:43:25Z,2026-08-17T10:43:25+0200,5f9ba03d-f545-4cd2-8996-d770f48fc74d,2026-07-17T20:00:00Z,2026-07-17T22:00:00+0200,113.166666,MW,DK2,DK_2,forecast_offshore_wind_generation,Wind Offshore,2026-08-17T08:52:17Z
2026-08-17T08:43:25Z,2026-08-17T10:43:25+0200,5f9ba03d-f545-4cd2-8996-d770f48fc74d,2026-07-17T20:15:00Z,2026-07-17T22:15:00+0200,97.0,MW,DK2,DK_2,forecast_offshore_wind_generation,Wind Offshore,2026-08-17T08:52:17Z
2026-08-17T08:43:25Z,2026-08-17T10:43:25+0200,5f9ba03d-f545-4cd2-8996-d770f48fc74d,2026-07-17T20:30:00Z,2026-07-17T22:30:00+0200,88.0,MW,DK2,DK_2,forecast_offshore_wind_generation,Wind Offshore,2026-08-17T08:52:17Z
2026-08-17T08:43:25Z,2026-08-17T10:43:25+0200,5f9ba03d-f545-4cd2-8996-d770f48fc74d,2026-07-17T20:45:00Z,2026-07-17T22:45:00+0200,84.333333,MW,DK2,DK_2,forecast_offshore_wind_generation,Wind Offshore,2026-08-17T08:52:17Z
2026-08-17T08:43:25Z,2026-08-17T10:43:25+0200,5f9ba03d-f545-4cd2-8996-d770f48fc74d,2026-07-17T21:00:00Z,2026-07-17T23:00:00+0200,87.5,MW,DK2,DK_2,forecast_offshore_wind_generation,Wind Offshore,2026-08-17T08:52:17Z
2026-08-17T08:43:25Z,2026-08-17T10:43:25+0200,5f9ba03d-f545-4cd2-8996-d770f48fc74d,2026-07-17T21:15:00Z,2026-07-17T23:15:00+0200,98.5,MW,DK2,DK_2,forecast_offshore_wind_generation,Wind Offshore,2026-08-17T08:52:17Z
2026-08-17T08:43:25Z,2026-08-17T10:43:25+0200,5f9ba03d-f545-4cd2-8996-d770f48fc74d,2026-07-17T21:30:00Z,2026-07-17T23:30:00+0200,113.833333,MW,DK2,DK_2,forecast_offshore_wind_generation,Wind Offshore,2026-08-17T08:52:17Z
2026-08-17T08:43:25Z,2026-08-17T10:43:25+0200,5f9ba03d-f545-4cd2-8996-d770f48fc74d,2026-07-17T21:45:00Z,2026-07-17T23:45:00+0200,130.166666,MW,DK2,DK_2,forecast_offshore_wind_generation,Wind Offshore,2026-08-17T08:52:17Z
2026-08-17T08:43:25Z,2026-08-17T10:43:25+0200,5f9ba03d-f545-4cd2-8996-d770f48fc74d,2026-07-17T22:00:00Z,2026-07-18T00:00:00+0200,117.5,MW,DK2,DK_2,forecast_offshore_wind_generation,Wind Offshore,2026-08-17T08:52:17Z
2026-08-17T08:43:25Z,2026-08-17T10:43:25+0200,5f9ba03d-f545-4cd2-8996-d770f48fc74d,2026-07-17T22:15:00Z,2026-07-18T00:15:00+0200,121.5,MW,DK2,DK_2,forecast_offshore_wind_generation,Wind Offshore,2026-08-17T08:52:17Z
2026-08-17T08:43:25Z,2026-08-17T10:43:25+0200,5f9ba03d-f545-4cd2-8996-d770f48fc74d,2026-07-17T22:30:00Z,2026-07-18T00:30:00+0200,126.0,MW,DK2,DK_2,forecast_offshore_wind_generation,Wind Offshore,2026-08-17T08:52:17Z
2026-08-17T08:43:25Z,2026-08-17T10:43:25+0200,5f9ba03d-f545-4cd2-8996-d770f48fc74d,2026-07-17T22:45:00Z,2026-07-18T00:45:00+0200,134.0,MW,DK2,DK_2,forecast_offshore_wind_generation,Wind Offshore,2026-08-17T08:52:17Z
2026-08-17T08:43:25Z,2026-08-17T10:43:25+0200,5f9ba03d-f545-4cd2-8996-d770f48fc74d,2026-07-17T23:00:00Z,2026-07-18T01:00:00+0200,146.0,MW,DK2,DK_2,forecast_offshore_wind_generation,Wind Offshore,2026-08-17T08:52:17Z
2026-08-17T08:43:25Z,2026-08-17T10:43:25+0200,5f9ba03d-f545-4cd2-8996-d770f48fc74d,2026-07-17T23:15:00Z,2026-07-18T01:15:00+0200,166.666666,MW,DK2,DK_2,forecast_offshore_wind_generation,Wind Offshore,2026-08-17T08:52:17Z
2026-08-17T08:43:25Z,2026-08-17T10:43:25+0200,5f9ba03d-f545-4cd2-8996-d770f48fc74d,2026-07-17T23:30:00Z,2026-07-18T01:30:00+0200,191.0,MW,DK2,DK_2,forecast_offshore_wind_generation,Wind Offshore,2026-08-17T08:52:17Z
2026-08-17T08:43:25Z,2026-08-17T10:43:25+0200,5f9ba03d-f545-4cd2-8996-d770f48fc74d,2026-07-17T23:45:00Z,2026-07-18T01:45:00+0200,213.166666,MW,DK2,DK_2,forecast_offshore_wind_generation,Wind Offshore,2026-08-17T08:52:17Z
2026-08-17T08:43:25Z,2026-08-17T10:43:25+0200,5f9ba03d-f545-4cd2-8996-d770f48fc74d,2026-07-18T00:00:00Z,2026-07-18T02:00:00+0200,230.333333,MW,DK2,DK_2,forecast_offshore_wind_generation,Wind Offshore,2026-08-17T08:52:17Z
2026-08-17T08:43:25Z,2026-08-17T10:43:25+0200,5f9ba03d-f545-4cd2-8996-d770f48fc74d,2026-07-18T00:15:00Z,2026-07-18T02:15:00+0200,245.333333,MW,DK2,DK_2,forecast_offshore_wind_generation,Wind Offshore,2026-08-17T08:52:17Z
2026-08-17T08:43:25Z,2026-08-17T10:43:25+0200,5f9ba03d-f545-4cd2-8996-d770f48fc74d,2026-07-18T00:30:00Z,2026-07-18T02:30:00+0200,259.333333,MW,DK2,DK_2,forecast_offshore_wind_generation,Wind Offshore,2026-08-17T08:52:17Z
2026-08-17T08:43:25Z,2026-08-17T10:43:25+0200,5f9ba03d-f545-4cd2-8996-d770f48fc74d,2026-07-18T00:45:00Z,2026-07-18T02:45:00+0200,271.833333,MW,DK2,DK_2,forecast_offshore_wind_generation,Wind Offshore,2026-08-17T08:52:17Z
2026-08-17T08:43:25Z,2026-08-17T10:43:25+0200,5f9ba03d-f545-4cd2-8996-d770f48fc74d,2026-07-18T01:00:00Z,2026-07-18T03:00:00+0200,282.166666,MW,DK2,DK_2,forecast_offshore_wind_generation,Wind Offshore,2026-08-17T08:52:17Z
2026-08-17T08:43:25Z,2026-08-17T10:43:25+0200,5f9ba03d-f545-4cd2-8996-d770f48fc74d,2026-07-18T01:15:00Z,2026-07-18T03:15:00+0200,295.0,MW,DK2,DK_2,forecast_offshore_wind_generation,Wind Offshore,2026-08-17T08:52:17Z
2026-08-17T08:43:25Z,2026-08-17T10:43:25+0200,5f9ba03d-f545-4cd2-8996-d770f48fc74d,2026-07-18T01:30:00Z,2026-07-18T03:30:00+0200,311.5,MW,DK2,DK_2,forecast_offshore_wind_generation,Wind Offshore,2026-08-17T08:52:17Z
2026-08-17T08:43:25Z,2026-08-17T10:43:25+0200,5f9ba03d-f545-4cd2-8996-d770f48fc74d,2026-07-18T01:45:00Z,2026-07-18T03:45:00+0200,329.0,MW,DK2,DK_2,forecast_offshore_wind_generation,Wind Offshore,2026-08-17T08:52:17Z
2026-08-17T08:43:25Z,2026-08-17T10:43:25+0200,5f9ba03d-f545-4cd2-8996-d770f48fc74d,2026-07-18T02:00:00Z,2026-07-18T04:00:00+0200,347.5,MW,DK2,DK_2,forecast_offshore_wind_generation,Wind Offshore,2026-08-17T08:52:17Z
2026-08-17T08:43:25Z,2026-08-17T10:43:25+0200,5f9ba03d-f545-4cd2-8996-d770f48fc74d,2026-07-18T02:15:00Z,2026-07-18T04:15:00+0200,371.0,MW,DK2,DK_2,forecast_offshore_wind_generation,Wind Offshore,2026-08-17T08:52:17Z
2026-08-17T08:43:25Z,2026-08-17T10:43:25+0200,5f9ba03d-f545-4cd2-8996-d770f48fc74d,2026-07-18T02:30:00Z,2026-07-18T04:30:00+0200,397.0,MW,DK2,DK_2,forecast_offshore_wind_generation,Wind Offshore,2026-08-17T08:52:17Z
2026-08-17T08:43:25Z,2026-08-17T10:43:25+0200,5f9ba03d-f545-4cd2-8996-d770f48fc74d,2026-07-18T02:45:00Z,2026-07-18T04:45:00+0200,423.0,MW,DK2,DK_2,forecast_offshore_wind_generation,Wind Offshore,2026-08-17T08:52:17Z
2026-08-17T08:43:25Z,2026-08-17T10:43:25+0200,5f9ba03d-f545-4cd2-8996-d770f48fc74d,2026-07-18T03:00:00Z,2026-07-18T05:00:00+0200,443.833333,MW,DK2,DK_2,forecast_offshore_wind_generation,Wind Offshore,2026-08-17T08:52:17Z
2026-08-17T08:43:25Z,2026-08-17T10:43:25+0200,5f9ba03d-f545-4cd2-8996-d770f48fc74d,2026-07-18T03:15:00Z,2026-07-18T05:15:00+0200,462.666666,MW,DK2,DK_2,forecast_offshore_wind_generation,Wind Offshore,2026-08-17T08:52:17Z
2026-08-17T08:43:25Z,2026-08-17T10:43:25+0200,5f9ba03d-f545-4cd2-8996-d770f48fc74d,2026-07-18T03:30:00Z,2026-07-18T05:30:00+0200,479.333333,MW,DK2,DK_2,forecast_offshore_wind_generation,Wind Offshore,2026-08-17T08:52:17Z
2026-08-17T08:43:25Z,2026-08-17T10:43:25+0200,5f9ba03d-f545-4cd2-8996-d770f48fc74d,2026-07-18T03:45:00Z,2026-07-18T05:45:00+0200,494.333333,MW,DK2,DK_2,forecast_offshore_wind_generation,Wind Offshore,2026-08-17T08:52:17Z
2026-08-17T08:43:25Z,2026-08-17T10:43:25+0200,5f9ba03d-f545-4cd2-8996-d770f48fc74d,2026-07-18T04:00:00Z,2026-07-18T06:00:00+0200,507.666666,MW,DK2,DK_2,forecast_offshore_wind_generation,Wind Offshore,2026-08-17T08:52:17Z
2026-08-17T08:43:25Z,2026-08-17T10:43:25+0200,5f9ba03d-f545-4cd2-8996-d770f48fc74d,2026-07-18T04:15:00Z,2026-07-18T06:15:00+0200,518.333333,MW,DK2,DK_2,forecast_offshore_wind_generation,Wind Offshore,2026-08-17T08:52:17Z
2026-08-17T08:43:25Z,2026-08-17T10:43:25+0200,5f9ba03d-f545-4cd2-8996-d770f48fc74d,2026-07-18T04:30:00Z,2026-07-18T06:30:00+0200,527.5,MW,DK2,DK_2,forecast_offshore_wind_generation,Wind Offshore,2026-08-17T08:52:17Z
2026-08-17T08:43:25Z,2026-08-17T10:43:25+0200,5f9ba03d-f545-4cd2-8996-d770f48fc74d,2026-07-18T04:45:00Z,2026-07-18T06:45:00+0200,535.5,MW,DK2,DK_2,forecast_offshore_wind_generation,Wind Offshore,2026-08-17T08:52:17Z
2026-08-17T08:43:25Z,2026-08-17T10:43:25+0200,5f9ba03d-f545-4cd2-8996-d770f48fc74d,2026-07-18T05:00:00Z,2026-07-18T07:00:00+0200,544.0,MW,DK2,DK_2,forecast_offshore_wind_generation,Wind Offshore,2026-08-17T08:52:17Z
2026-08-17T08:43:25Z,2026-08-17T10:43:25+0200,5f9ba03d-f545-4cd2-8996-d770f48fc74d,2026-07-18T05:15:00Z,2026-07-18T07:15:00+0200,554.833333,MW,DK2,DK_2,forecast_offshore_wind_generation,Wind Offshore,2026-08-17T08:52:17Z
2026-08-17T08:43:25Z,2026-08-17T10:43:25+0200,5f9ba03d-f545-4cd2-8996-d770f48fc74d,2026-07-18T05:30:00Z,2026-07-18T07:30:00+0200,565.833333,MW,DK2,DK_2,forecast_offshore_wind_generation,Wind Offshore,2026-08-17T08:52:17Z
2026-08-17T08:43:25Z,2026-08-17T10:43:25+0200,5f9ba03d-f545-4cd2-8996-d770f48fc74d,2026-07-18T05:45:00Z,2026-07-18T07:45:00+0200,575.0,MW,DK2,DK_2,forecast_offshore_wind_generation,Wind Offshore,2026-08-17T08:52:17Z
2026-08-17T08:43:25Z,2026-08-17T10:43:25+0200,5f9ba03d-f545-4cd2-8996-d770f48fc74d,2026-07-18T06:00:00Z,2026-07-18T08:00:00+0200,582.5,MW,DK2,DK_2,forecast_offshore_wind_generation,Wind Offshore,2026-08-17T08:52:17Z
2026-08-17T08:43:25Z,2026-08-17T10:43:25+0200,5f9ba03d-f545-4cd2-8996-d770f48fc74d,2026-07-18T06:15:00Z,2026-07-18T08:15:00+0200,589.0,MW,DK2,DK_2,forecast_offshore_wind_generation,Wind Offshore,2026-08-17T08:52:17Z
2026-08-17T08:43:25Z,2026-08-17T10:43:25+0200,5f9ba03d-f545-4cd2-8996-d770f48fc74d,2026-07-18T06:30:00Z,2026-07-18T08:30:00+0200,595.0,MW,DK2,DK_2,forecast_offshore_wind_generation,Wind Offshore,2026-08-17T08:52:17Z
2026-08-17T08:43:25Z,2026-08-17T10:43:25+0200,5f9ba03d-f545-4cd2-8996-d770f48fc74d,2026-07-18T06:45:00Z,2026-07-18T08:45:00+0200,600.0,MW,DK2,DK_2,forecast_offshore_wind_generation,Wind Offshore,2026-08-17T08:52:17Z
2026-08-17T08:43:25Z,2026-08-17T10:43:25+0200,5f9ba03d-f545-4cd2-8996-d770f48fc74d,2026-07-18T07:00:00Z,2026-07-18T09:00:00+0200,602.0,MW,DK2,DK_2,forecast_offshore_wind_generation,Wind Offshore,2026-08-17T08:52:17Z
2026-08-17T08:43:25Z,2026-08-17T10:43:25+0200,5f9ba03d-f545-4cd2-8996-d770f48fc74d,2026-07-18T07:15:00Z,2026-07-18T09:15:00+0200,601.5,MW,DK2,DK_2,forecast_offshore_wind_generation,Wind Offshore,2026-08-17T08:52:17Z
2026-08-17T08:43:25Z,2026-08-17T10:43:25+0200,5f9ba03d-f545-4cd2-8996-d770f48fc74d,2026-07-18T07:30:00Z,2026-07-18T09:30:00+0200,599.666666,MW,DK2,DK_2,forecast_offshore_wind_generation,Wind Offshore,2026-08-17T08:52:17Z
2026-08-17T08:43:25Z,2026-08-17T10:43:25+0200,5f9ba03d-f545-4cd2-8996-d770f48fc74d,2026-07-18T07:45:00Z,2026-07-18T09:45:00+0200,598.166666,MW,DK2,DK_2,forecast_offshore_wind_generation,Wind Offshore,2026-08-17T08:52:17Z
2026-08-17T08:43:25Z,2026-08-17T10:43:25+0200,5f9ba03d-f545-4cd2-8996-d770f48fc74d,2026-07-18T08:00:00Z,2026-07-18T10:00:00+0200,598.5,MW,DK2,DK_2,forecast_offshore_wind_generation,Wind Offshore,2026-08-17T08:52:17Z
2026-08-17T08:43:25Z,2026-08-17T10:43:25+0200,5f9ba03d-f545-4cd2-8996-d770f48fc74d,2026-07-18T08:15:00Z,2026-07-18T10:15:00+0200,600.5,MW,DK2,DK_2,forecast_offshore_wind_generation,Wind Offshore,2026-08-17T08:52:17Z
2026-08-17T08:43:25Z,2026-08-17T10:43:25+0200,5f9ba03d-f545-4cd2-8996-d770f48fc74d,2026-07-18T08:30:00Z,2026-07-18T10:30:00+0200,602.5,MW,DK2,DK_2,forecast_offshore_wind_generation,Wind Offshore,2026-08-17T08:52:17Z
2026-08-17T08:43:25Z,2026-08-17T10:43:25+0200,5f9ba03d-f545-4cd2-8996-d770f48fc74d,2026-07-18T08:45:00Z,2026-07-18T10:45:00+0200,604.333333,MW,DK2,DK_2,forecast_offshore_wind_generation,Wind Offshore,2026-08-17T08:52:17Z
2026-08-17T08:43:25Z,2026-08-17T10:43:25+0200,5f9ba03d-f545-4cd2-8996-d770f48fc74d,2026-07-18T09:00:00Z,2026-07-18T11:00:00+0200,605.833333,MW,DK2,DK_2,forecast_offshore_wind_generation,Wind Offshore,2026-08-17T08:52:17Z
2026-08-17T08:43:25Z,2026-08-17T10:43:25+0200,5f9ba03d-f545-4cd2-8996-d770f48fc74d,2026-07-18T09:15:00Z,2026-07-18T11:15:00+0200,606.0,MW,DK2,DK_2,forecast_offshore_wind_generation,Wind Offshore,2026-08-17T08:52:17Z
2026-08-17T08:43:25Z,2026-08-17T10:43:25+0200,5f9ba03d-f545-4cd2-8996-d770f48fc74d,2026-07-18T09:30:00Z,2026-07-18T11:30:00+0200,605.166666,MW,DK2,DK_2,forecast_offshore_wind_generation,Wind Offshore,2026-08-17T08:52:17Z
2026-08-17T08:43:25Z,2026-08-17T10:43:25+0200,5f9ba03d-f545-4cd2-8996-d770f48fc74d,2026-07-18T09:45:00Z,2026-07-18T11:45:00+0200,605.0,MW,DK2,DK_2,forecast_offshore_wind_generation,Wind Offshore,2026-08-17T08:52:17Z
2026-08-17T08:43:25Z,2026-08-17T10:43:25+0200,5f9ba03d-f545-4cd2-8996-d770f48fc74d,2026-07-18T10:00:00Z,2026-07-18T12:00:00+0200,603.833333,MW,DK2,DK_2,forecast_offshore_wind_generation,Wind Offshore,2026-08-17T08:52:17Z
2026-08-17T08:43:25Z,2026-08-17T10:43:25+0200,5f9ba03d-f545-4cd2-8996-d770f48fc74d,2026-07-18T10:15:00Z,2026-07-18T12:15:00+0200,599.833333,MW,DK2,DK_2,forecast_offshore_wind_generation,Wind Offshore,2026-08-17T08:52:17Z
2026-08-17T08:43:25Z,2026-08-17T10:43:25+0200,5f9ba03d-f545-4cd2-8996-d770f48fc74d,2026-07-18T10:30:00Z,2026-07-18T12:30:00+0200,593.666666,MW,DK2,DK_2,forecast_offshore_wind_generation,Wind Offshore,2026-08-17T08:52:17Z
2026-08-17T08:43:25Z,2026-08-17T10:43:25+0200,5f9ba03d-f545-4cd2-8996-d770f48fc74d,2026-07-18T10:45:00Z,2026-07-18T12:45:00+0200,589.333333,MW,DK2,DK_2,forecast_offshore_wind_generation,Wind Offshore,2026-08-17T08:52:17Z
2026-08-17T08:43:25Z,2026-08-17T10:43:25+0200,5f9ba03d-f545-4cd2-8996-d770f48fc74d,2026-07-18T11:00:00Z,2026-07-18T13:00:00+0200,592.0,MW,DK2,DK_2,forecast_offshore_wind_generation,Wind Offshore,2026-08-17T08:52:17Z
2026-08-17T08:43:25Z,2026-08-17T10:43:25+0200,5f9ba03d-f545-4cd2-8996-d770f48fc74d,2026-07-18T11:15:00Z,2026-07-18T13:15:00+0200,606.166666,MW,DK2,DK_2,forecast_offshore_wind_generation,Wind Offshore,2026-08-17T08:52:17Z
2026-08-17T08:43:25Z,2026-08-17T10:43:25+0200,5f9ba03d-f545-4cd2-8996-d770f48fc74d,2026-07-18T11:30:00Z,2026-07-18T13:30:00+0200,625.833333,MW,DK2,DK_2,forecast_offshore_wind_generation,Wind Offshore,2026-08-17T08:52:17Z
2026-08-17T08:43:25Z,2026-08-17T10:43:25+0200,5f9ba03d-f545-4cd2-8996-d770f48fc74d,2026-07-18T11:45:00Z,2026-07-18T13:45:00+0200,641.833333,MW,DK2,DK_2,forecast_offshore_wind_generation,Wind Offshore,2026-08-17T08:52:17Z
2026-08-17T08:43:25Z,2026-08-17T10:43:25+0200,5f9ba03d-f545-4cd2-8996-d770f48fc74d,2026-07-18T12:00:00Z,2026-07-18T14:00:00+0200,652.333333,MW,DK2,DK_2,forecast_offshore_wind_generation,Wind Offshore,2026-08-17T08:52:17Z
2026-08-17T08:43:25Z,2026-08-17T10:43:25+0200,5f9ba03d-f545-4cd2-8996-d770f48fc74d,2026-07-18T12:15:00Z,2026-07-18T14:15:00+0200,664.5,MW,DK2,DK_2,forecast_offshore_wind_generation,Wind Offshore,2026-08-17T08:52:17Z
2026-08-17T08:43:25Z,2026-08-17T10:43:25+0200,5f9ba03d-f545-4cd2-8996-d770f48fc74d,2026-07-18T12:30:00Z,2026-07-18T14:30:00+0200,677.5,MW,DK2,DK_2,forecast_offshore_wind_generation,Wind Offshore,2026-08-17T08:52:17Z
2026-08-17T08:43:25Z,2026-08-17T10:43:25+0200,5f9ba03d-f545-4cd2-8996-d770f48fc74d,2026-07-18T12:45:00Z,2026-07-18T14:45:00+0200,688.5,MW,DK2,DK_2,forecast_offshore_wind_generation,Wind Offshore,2026-08-17T08:52:17Z
2026-08-17T08:43:25Z,2026-08-17T10:43:25+0200,5f9ba03d-f545-4cd2-8996-d770f48fc74d,2026-07-18T13:00:00Z,2026-07-18T15:00:00+0200,698.166666,MW,DK2,DK_2,forecast_offshore_wind_generation,Wind Offshore,2026-08-17T08:52:17Z
2026-08-17T08:43:25Z,2026-08-17T10:43:25+0200,5f9ba03d-f545-4cd2-8996-d770f48fc74d,2026-07-18T13:15:00Z,2026-07-18T15:15:00+0200,710.5,MW,DK2,DK_2,forecast_offshore_wind_generation,Wind Offshore,2026-08-17T08:52:17Z
2026-08-17T08:43:25Z,2026-08-17T10:43:25+0200,5f9ba03d-f545-4cd2-8996-d770f48fc74d,2026-07-18T13:30:00Z,2026-07-18T15:30:00+0200,724.166666,MW,DK2,DK_2,forecast_offshore_wind_generation,Wind Offshore,2026-08-17T08:52:17Z
2026-08-17T08:43:25Z,2026-08-17T10:43:25+0200,5f9ba03d-f545-4cd2-8996-d770f48fc74d,2026-07-18T13:45:00Z,2026-07-18T15:45:00+0200,735.333333,MW,DK2,DK_2,forecast_offshore_wind_generation,Wind Offshore,2026-08-17T08:52:17Z
2026-08-17T08:43:25Z,2026-08-17T10:43:25+0200,5f9ba03d-f545-4cd2-8996-d770f48fc74d,2026-07-18T14:00:00Z,2026-07-18T16:00:00+0200,744.0,MW,DK2,DK_2,forecast_offshore_wind_generation,Wind Offshore,2026-08-17T08:52:17Z
2026-08-17T08:43:25Z,2026-08-17T10:43:25+0200,5f9ba03d-f545-4cd2-8996-d770f48fc74d,2026-07-18T14:15:00Z,2026-07-18T16:15:00+0200,752.333333,MW,DK2,DK_2,forecast_offshore_wind_generation,Wind Offshore,2026-08-17T08:52:17Z
2026-08-17T08:43:25Z,2026-08-17T10:43:25+0200,5f9ba03d-f545-4cd2-8996-d770f48fc74d,2026-07-18T14:30:00Z,2026-07-18T16:30:00+0200,759.833333,MW,DK2,DK_2,forecast_offshore_wind_generation,Wind Offshore,2026-08-17T08:52:17Z
2026-08-17T08:43:25Z,2026-08-17T10:43:25+0200,5f9ba03d-f545-4cd2-8996-d770f48fc74d,2026-07-18T14:45:00Z,2026-07-18T16:45:00+0200,765.833333,MW,DK2,DK_2,forecast_offshore_wind_generation,Wind Offshore,2026-08-17T08:52:17Z
2026-08-17T08:43:25Z,2026-08-17T10:43:25+0200,5f9ba03d-f545-4cd2-8996-d770f48fc74d,2026-07-18T15:00:00Z,2026-07-18T17:00:00+0200,768.5,MW,DK2,DK_2,forecast_offshore_wind_generation,Wind Offshore,2026-08-17T08:52:17Z
2026-08-17T08:43:25Z,2026-08-17T10:43:25+0200,5f9ba03d-f545-4cd2-8996-d770f48fc74d,2026-07-18T15:15:00Z,2026-07-18T17:15:00+0200,769.333333,MW,DK2,DK_2,forecast_offshore_wind_generation,Wind Offshore,2026-08-17T08:52:17Z
2026-08-17T08:43:25Z,2026-08-17T10:43:25+0200,5f9ba03d-f545-4cd2-8996-d770f48fc74d,2026-07-18T15:30:00Z,2026-07-18T17:30:00+0200,768.833333,MW,DK2,DK_2,forecast_offshore_wind_generation,Wind Offshore,2026-08-17T08:52:17Z
2026-08-17T08:43:25Z,2026-08-17T10:43:25+0200,5f9ba03d-f545-4cd2-8996-d770f48fc74d,2026-07-18T15:45:00Z,2026-07-18T17:45:00+0200,767.5,MW,DK2,DK_2,forecast_offshore_wind_generation,Wind Offshore,2026-08-17T08:52:17Z
2026-08-17T08:43:25Z,2026-08-17T10:43:25+0200,5f9ba03d-f545-4cd2-8996-d770f48fc74d,2026-07-18T16:00:00Z,2026-07-18T18:00:00+0200,766.0,MW,DK2,DK_2,forecast_offshore_wind_generation,Wind Offshore,2026-08-17T08:52:17Z
2026-08-17T08:43:25Z,2026-08-17T10:43:25+0200,5f9ba03d-f545-4cd2-8996-d770f48fc74d,2026-07-18T16:15:00Z,2026-07-18T18:15:00+0200,763.5,MW,DK2,DK_2,forecast_offshore_wind_generation,Wind Offshore,2026-08-17T08:52:17Z
2026-08-17T08:43:25Z,2026-08-17T10:43:25+0200,5f9ba03d-f545-4cd2-8996-d770f48fc74d,2026-07-18T16:30:00Z,2026-07-18T18:30:00+0200,761.333333,MW,DK2,DK_2,forecast_offshore_wind_generation,Wind Offshore,2026-08-17T08:52:17Z
2026-08-17T08:43:25Z,2026-08-17T10:43:25+0200,5f9ba03d-f545-4cd2-8996-d770f48fc74d,2026-07-18T16:45:00Z,2026-07-18T18:45:00+0200,759.5,MW,DK2,DK_2,forecast_offshore_wind_generation,Wind Offshore,2026-08-17T08:52:17Z
2026-08-17T08:43:25Z,2026-08-17T10:43:25+0200,5f9ba03d-f545-4cd2-8996-d770f48fc74d,2026-07-18T17:00:00Z,2026-07-18T19:00:00+0200,757.833333,MW,DK2,DK_2,forecast_offshore_wind_generation,Wind Offshore,2026-08-17T08:52:17Z
2026-08-17T08:43:25Z,2026-08-17T10:43:25+0200,5f9ba03d-f545-4cd2-8996-d770f48fc74d,2026-07-18T17:15:00Z,2026-07-18T19:15:00+0200,754.0,MW,DK2,DK_2,forecast_offshore_wind_generation,Wind Offshore,2026-08-17T08:52:17Z
2026-08-17T08:43:25Z,2026-08-17T10:43:25+0200,5f9ba03d-f545-4cd2-8996-d770f48fc74d,2026-07-18T17:30:00Z,2026-07-18T19:30:00+0200,747.666666,MW,DK2,DK_2,forecast_offshore_wind_generation,Wind Offshore,2026-08-17T08:52:17Z
2026-08-17T08:43:25Z,2026-08-17T10:43:25+0200,5f9ba03d-f545-4cd2-8996-d770f48fc74d,2026-07-18T17:45:00Z,2026-07-18T19:45:00+0200,741.833333,MW,DK2,DK_2,forecast_offshore_wind_generation,Wind Offshore,2026-08-17T08:52:17Z
2026-08-17T08:43:25Z,2026-08-17T10:43:25+0200,5f9ba03d-f545-4cd2-8996-d770f48fc74d,2026-07-18T18:00:00Z,2026-07-18T20:00:00+0200,741.666666,MW,DK2,DK_2,forecast_offshore_wind_generation,Wind Offshore,2026-08-17T08:52:17Z
2026-08-17T08:43:25Z,2026-08-17T10:43:25+0200,5f9ba03d-f545-4cd2-8996-d770f48fc74d,2026-07-18T18:15:00Z,2026-07-18T20:15:00+0200,745.166666,MW,DK2,DK_2,forecast_offshore_wind_generation,Wind Offshore,2026-08-17T08:52:17Z
2026-08-17T08:43:25Z,2026-08-17T10:43:25+0200,5f9ba03d-f545-4cd2-8996-d770f48fc74d,2026-07-18T18:30:00Z,2026-07-18T20:30:00+0200,750.0,MW,DK2,DK_2,forecast_offshore_wind_generation,Wind Offshore,2026-08-17T08:52:17Z
2026-08-17T08:43:25Z,2026-08-17T10:43:25+0200,5f9ba03d-f545-4cd2-8996-d770f48fc74d,2026-07-18T18:45:00Z,2026-07-18T20:45:00+0200,753.5,MW,DK2,DK_2,forecast_offshore_wind_generation,Wind Offshore,2026-08-17T08:52:17Z
2026-08-17T08:43:25Z,2026-08-17T10:43:25+0200,5f9ba03d-f545-4cd2-8996-d770f48fc74d,2026-07-18T19:00:00Z,2026-07-18T21:00:00+0200,755.0,MW,DK2,DK_2,forecast_offshore_wind_generation,Wind Offshore,2026-08-17T08:52:17Z
2026-08-17T08:43:25Z,2026-08-17T10:43:25+0200,5f9ba03d-f545-4cd2-8996-d770f48fc74d,2026-07-18T19:15:00Z,2026-07-18T21:15:00+0200,754.833333,MW,DK2,DK_2,forecast_offshore_wind_generation,Wind Offshore,2026-08-17T08:52:17Z
2026-08-17T08:43:25Z,2026-08-17T10:43:25+0200,5f9ba03d-f545-4cd2-8996-d770f48fc74d,2026-07-18T19:30:00Z,2026-07-18T21:30:00+0200,754.0,MW,DK2,DK_2,forecast_offshore_wind_generation,Wind Offshore,2026-08-17T08:52:17Z
2026-08-17T08:43:25Z,2026-08-17T10:43:25+0200,5f9ba03d-f545-4cd2-8996-d770f48fc74d,2026-07-18T19:45:00Z,2026-07-18T21:45:00+0200,753.166666,MW,DK2,DK_2,forecast_offshore_wind_generation,Wind Offshore,2026-08-17T08:52:17Z
2026-08-17T08:43:25Z,2026-08-17T10:43:25+0200,5f9ba03d-f545-4cd2-8996-d770f48fc74d,2026-07-18T20:00:00Z,2026-07-18T22:00:00+0200,752.833333,MW,DK2,DK_2,forecast_offshore_wind_generation,Wind Offshore,2026-08-17T08:52:17Z
2026-08-17T08:43:25Z,2026-08-17T10:43:25+0200,5f9ba03d-f545-4cd2-8996-d770f48fc74d,2026-07-18T20:15:00Z,2026-07-18T22:15:00+0200,752.0,MW,DK2,DK_2,forecast_offshore_wind_generation,Wind Offshore,2026-08-17T08:52:17Z
2026-08-17T08:43:25Z,2026-08-17T10:43:25+0200,5f9ba03d-f545-4cd2-8996-d770f48fc74d,2026-07-18T20:30:00Z,2026-07-18T22:30:00+0200,751.0,MW,DK2,DK_2,forecast_offshore_wind_generation,Wind Offshore,2026-08-17T08:52:17Z
2026-08-17T08:43:25Z,2026-08-17T10:43:25+0200,5f9ba03d-f545-4cd2-8996-d770f48fc74d,2026-07-18T20:45:00Z,2026-07-18T22:45:00+0200,749.833333,MW,DK2,DK_2,forecast_offshore_wind_generation,Wind Offshore,2026-08-17T08:52:17Z
2026-08-17T08:43:25Z,2026-08-17T10:43:25+0200,5f9ba03d-f545-4cd2-8996-d770f48fc74d,2026-07-18T21:00:00Z,2026-07-18T23:00:00+0200,746.833333,MW,DK2,DK_2,forecast_offshore_wind_generation,Wind Offshore,2026-08-17T08:52:17Z
2026-08-17T08:43:25Z,2026-08-17T10:43:25+0200,5f9ba03d-f545-4cd2-8996-d770f48fc74d,2026-07-18T21:15:00Z,2026-07-18T23:15:00+0200,740.333333,MW,DK2,DK_2,forecast_offshore_wind_generation,Wind Offshore,2026-08-17T08:52:17Z
2026-08-17T08:43:25Z,2026-08-17T10:43:25+0200,5f9ba03d-f545-4cd2-8996-d770f48fc74d,2026-07-18T21:30:00Z,2026-07-18T23:30:00+0200,732.5,MW,DK2,DK_2,forecast_offshore_wind_generation,Wind Offshore,2026-08-17T08:52:17Z
2026-08-17T08:43:25Z,2026-08-17T10:43:25+0200,5f9ba03d-f545-4cd2-8996-d770f48fc74d,2026-07-18T21:45:00Z,2026-07-18T23:45:00+0200,725.5,MW,DK2,DK_2,forecast_offshore_wind_generation,Wind Offshore,2026-08-17T08:52:17Z
2026-08-17T08:43:25Z,2026-08-17T10:43:25+0200,5f9ba03d-f545-4cd2-8996-d770f48fc74d,2026-07-18T22:00:00Z,2026-07-19T00:00:00+0200,704.0,MW,DK2,DK_2,forecast_offshore_wind_generation,Wind Offshore,2026-08-17T08:52:17Z
2026-08-17T08:43:25Z,2026-08-17T10:43:25+0200,5f9ba03d-f545-4cd2-8996-d770f48fc74d,2026-07-18T22:15:00Z,2026-07-19T00:15:00+0200,702.833333,MW,DK2,DK_2,forecast_offshore_wind_generation,Wind Offshore,2026-08-17T08:52:17Z
2026-08-17T08:43:25Z,2026-08-17T10:43:25+0200,5f9ba03d-f545-4cd2-8996-d770f48fc74d,2026-07-18T22:30:00Z,2026-07-19T00:30:00+0200,701.5,MW,DK2,DK_2,forecast_offshore_wind_generation,Wind Offshore,2026-08-17T08:52:17Z
2026-08-17T08:43:25Z,2026-08-17T10:43:25+0200,5f9ba03d-f545-4cd2-8996-d770f48fc74d,2026-07-18T22:45:00Z,2026-07-19T00:45:00+0200,700.0,MW,DK2,DK_2,forecast_offshore_wind_generation,Wind Offshore,2026-08-17T08:52:17Z
2026-08-17T08:43:25Z,2026-08-17T10:43:25+0200,5f9ba03d-f545-4cd2-8996-d770f48fc74d,2026-07-18T23:00:00Z,2026-07-19T01:00:00+0200,697.333333,MW,DK2,DK_2,forecast_offshore_wind_generation,Wind Offshore,2026-08-17T08:52:17Z
2026-08-17T08:43:25Z,2026-08-17T10:43:25+0200,5f9ba03d-f545-4cd2-8996-d770f48fc74d,2026-07-18T23:15:00Z,2026-07-19T01:15:00+0200,692.0,MW,DK2,DK_2,forecast_offshore_wind_generation,Wind Offshore,2026-08-17T08:52:17Z
2026-08-17T08:43:25Z,2026-08-17T10:43:25+0200,5f9ba03d-f545-4cd2-8996-d770f48fc74d,2026-07-18T23:30:00Z,2026-07-19T01:30:00+0200,686.0,MW,DK2,DK_2,forecast_offshore_wind_generation,Wind Offshore,2026-08-17T08:52:17Z
2026-08-17T08:43:25Z,2026-08-17T10:43:25+0200,5f9ba03d-f545-4cd2-8996-d770f48fc74d,2026-07-18T23:45:00Z,2026-07-19T01:45:00+0200,680.666666,MW,DK2,DK_2,forecast_offshore_wind_generation,Wind Offshore,2026-08-17T08:52:17Z
2026-08-17T08:43:25Z,2026-08-17T10:43:25+0200,5f9ba03d-f545-4cd2-8996-d770f48fc74d,2026-07-19T00:00:00Z,2026-07-19T02:00:00+0200,677.666666,MW,DK2,DK_2,forecast_offshore_wind_generation,Wind Offshore,2026-08-17T08:52:17Z
2026-08-17T08:43:25Z,2026-08-17T10:43:25+0200,5f9ba03d-f545-4cd2-8996-d770f48fc74d,2026-07-19T00:15:00Z,2026-07-19T02:15:00+0200,676.166666,MW,DK2,DK_2,forecast_offshore_wind_generation,Wind Offshore,2026-08-17T08:52:17Z
2026-08-17T08:43:25Z,2026-08-17T10:43:25+0200,5f9ba03d-f545-4cd2-8996-d770f48fc74d,2026-07-19T00:30:00Z,2026-07-19T02:30:00+0200,675.0,MW,DK2,DK_2,forecast_offshore_wind_generation,Wind Offshore,2026-08-17T08:52:17Z
2026-08-17T08:43:25Z,2026-08-17T10:43:25+0200,5f9ba03d-f545-4cd2-8996-d770f48fc74d,2026-07-19T00:45:00Z,2026-07-19T02:45:00+0200,672.0,MW,DK2,DK_2,forecast_offshore_wind_generation,Wind Offshore,2026-08-17T08:52:17Z
2026-08-17T08:43:25Z,2026-08-17T10:43:25+0200,5f9ba03d-f545-4cd2-8996-d770f48fc74d,2026-07-19T01:00:00Z,2026-07-19T03:00:00+0200,666.5,MW,DK2,DK_2,forecast_offshore_wind_generation,Wind Offshore,2026-08-17T08:52:17Z
2026-08-17T08:43:25Z,2026-08-17T10:43:25+0200,5f9ba03d-f545-4cd2-8996-d770f48fc74d,2026-07-19T01:15:00Z,2026-07-19T03:15:00+0200,659.0,MW,DK2,DK_2,forecast_offshore_wind_generation,Wind Offshore,2026-08-17T08:52:17Z
2026-08-17T08:43:25Z,2026-08-17T10:43:25+0200,5f9ba03d-f545-4cd2-8996-d770f48fc74d,2026-07-19T01:30:00Z,2026-07-19T03:30:00+0200,650.5,MW,DK2,DK_2,forecast_offshore_wind_generation,Wind Offshore,2026-08-17T08:52:17Z
2026-08-17T08:43:25Z,2026-08-17T10:43:25+0200,5f9ba03d-f545-4cd2-8996-d770f48fc74d,2026-07-19T01:45:00Z,2026-07-19T03:45:00+0200,641.333333,MW,DK2,DK_2,forecast_offshore_wind_generation,Wind Offshore,2026-08-17T08:52:17Z
2026-08-17T08:43:25Z,2026-08-17T10:43:25+0200,5f9ba03d-f545-4cd2-8996-d770f48fc74d,2026-07-19T02:00:00Z,2026-07-19T04:00:00+0200,630.333333,MW,DK2,DK_2,forecast_offshore_wind_generation,Wind Offshore,2026-08-17T08:52:17Z
2026-08-17T08:43:25Z,2026-08-17T10:43:25+0200,5f9ba03d-f545-4cd2-8996-d770f48fc74d,2026-07-19T02:15:00Z,2026-07-19T04:15:00+0200,616.0,MW,DK2,DK_2,forecast_offshore_wind_generation,Wind Offshore,2026-08-17T08:52:17Z
2026-08-17T08:43:25Z,2026-08-17T10:43:25+0200,5f9ba03d-f545-4cd2-8996-d770f48fc74d,2026-07-19T02:30:00Z,2026-07-19T04:30:00+0200,599.5,MW,DK2,DK_2,forecast_offshore_wind_generation,Wind Offshore,2026-08-17T08:52:17Z
2026-08-17T08:43:25Z,2026-08-17T10:43:25+0200,5f9ba03d-f545-4cd2-8996-d770f48fc74d,2026-07-19T02:45:00Z,2026-07-19T04:45:00+0200,579.833333,MW,DK2,DK_2,forecast_offshore_wind_generation,Wind Offshore,2026-08-17T08:52:17Z
2026-08-17T08:43:25Z,2026-08-17T10:43:25+0200,5f9ba03d-f545-4cd2-8996-d770f48fc74d,2026-07-19T03:00:00Z,2026-07-19T05:00:00+0200,559.333333,MW,DK2,DK_2,forecast_offshore_wind_generation,Wind Offshore,2026-08-17T08:52:17Z
2026-08-17T08:43:25Z,2026-08-17T10:43:25+0200,5f9ba03d-f545-4cd2-8996-d770f48fc74d,2026-07-19T03:15:00Z,2026-07-19T05:15:00+0200,536.0,MW,DK2,DK_2,forecast_offshore_wind_generation,Wind Offshore,2026-08-17T08:52:17Z
2026-08-17T08:43:25Z,2026-08-17T10:43:25+0200,5f9ba03d-f545-4cd2-8996-d770f48fc74d,2026-07-19T03:30:00Z,2026-07-19T05:30:00+0200,512.166666,MW,DK2,DK_2,forecast_offshore_wind_generation,Wind Offshore,2026-08-17T08:52:17Z
2026-08-17T08:43:25Z,2026-08-17T10:43:25+0200,5f9ba03d-f545-4cd2-8996-d770f48fc74d,2026-07-19T03:45:00Z,2026-07-19T05:45:00+0200,490.5,MW,DK2,DK_2,forecast_offshore_wind_generation,Wind Offshore,2026-08-17T08:52:17Z
2026-08-17T08:43:25Z,2026-08-17T10:43:25+0200,5f9ba03d-f545-4cd2-8996-d770f48fc74d,2026-07-19T04:00:00Z,2026-07-19T06:00:00+0200,472.166666,MW,DK2,DK_2,forecast_offshore_wind_generation,Wind Offshore,2026-08-17T08:52:17Z
2026-08-17T08:43:25Z,2026-08-17T10:43:25+0200,5f9ba03d-f545-4cd2-8996-d770f48fc74d,2026-07-19T04:15:00Z,2026-07-19T06:15:00+0200,458.333333,MW,DK2,DK_2,forecast_offshore_wind_generation,Wind Offshore,2026-08-17T08:52:17Z
2026-08-17T08:43:25Z,2026-08-17T10:43:25+0200,5f9ba03d-f545-4cd2-8996-d770f48fc74d,2026-07-19T04:30:00Z,2026-07-19T06:30:00+0200,448.5,MW,DK2,DK_2,forecast_offshore_wind_generation,Wind Offshore,2026-08-17T08:52:17Z
2026-08-17T08:43:25Z,2026-08-17T10:43:25+0200,5f9ba03d-f545-4cd2-8996-d770f48fc74d,2026-07-19T04:45:00Z,2026-07-19T06:45:00+0200,440.5,MW,DK2,DK_2,forecast_offshore_wind_generation,Wind Offshore,2026-08-17T08:52:17Z
2026-08-17T08:43:25Z,2026-08-17T10:43:25+0200,5f9ba03d-f545-4cd2-8996-d770f48fc74d,2026-07-19T05:00:00Z,2026-07-19T07:00:00+0200,435.666666,MW,DK2,DK_2,forecast_offshore_wind_generation,Wind Offshore,2026-08-17T08:52:17Z
2026-08-17T08:43:25Z,2026-08-17T10:43:25+0200,5f9ba03d-f545-4cd2-8996-d770f48fc74d,2026-07-19T05:15:00Z,2026-07-19T07:15:00+0200,434.0,MW,DK2,DK_2,forecast_offshore_wind_generation,Wind Offshore,2026-08-17T08:52:17Z
2026-08-17T08:43:25Z,2026-08-17T10:43:25+0200,5f9ba03d-f545-4cd2-8996-d770f48fc74d,2026-07-19T05:30:00Z,2026-07-19T07:30:00+0200,433.833333,MW,DK2,DK_2,forecast_offshore_wind_generation,Wind Offshore,2026-08-17T08:52:17Z
2026-08-17T08:43:25Z,2026-08-17T10:43:25+0200,5f9ba03d-f545-4cd2-8996-d770f48fc74d,2026-07-19T05:45:00Z,2026-07-19T07:45:00+0200,435.5,MW,DK2,DK_2,forecast_offshore_wind_generation,Wind Offshore,2026-08-17T08:52:17Z
2026-08-17T08:43:25Z,2026-08-17T10:43:25+0200,5f9ba03d-f545-4cd2-8996-d770f48fc74d,2026-07-19T06:00:00Z,2026-07-19T08:00:00+0200,440.0,MW,DK2,DK_2,forecast_offshore_wind_generation,Wind Offshore,2026-08-17T08:52:17Z
2026-08-17T08:43:25Z,2026-08-17T10:43:25+0200,5f9ba03d-f545-4cd2-8996-d770f48fc74d,2026-07-19T06:15:00Z,2026-07-19T08:15:00+0200,447.0,MW,DK2,DK_2,forecast_offshore_wind_generation,Wind Offshore,2026-08-17T08:52:17Z
2026-08-17T08:43:25Z,2026-08-17T10:43:25+0200,5f9ba03d-f545-4cd2-8996-d770f48fc74d,2026-07-19T06:30:00Z,2026-07-19T08:30:00+0200,455.5,MW,DK2,DK_2,forecast_offshore_wind_generation,Wind Offshore,2026-08-17T08:52:17Z
2026-08-17T08:43:25Z,2026-08-17T10:43:25+0200,5f9ba03d-f545-4cd2-8996-d770f48fc74d,2026-07-19T06:45:00Z,2026-07-19T08:45:00+0200,463.833333,MW,DK2,DK_2,forecast_offshore_wind_generation,Wind Offshore,2026-08-17T08:52:17Z
2026-08-17T08:43:25Z,2026-08-17T10:43:25+0200,5f9ba03d-f545-4cd2-8996-d770f48fc74d,2026-07-19T07:00:00Z,2026-07-19T09:00:00+0200,470.166666,MW,DK2,DK_2,forecast_offshore_wind_generation,Wind Offshore,2026-08-17T08:52:17Z
2026-08-17T08:43:25Z,2026-08-17T10:43:25+0200,5f9ba03d-f545-4cd2-8996-d770f48fc74d,2026-07-19T07:15:00Z,2026-07-19T09:15:00+0200,478.5,MW,DK2,DK_2,forecast_offshore_wind_generation,Wind Offshore,2026-08-17T08:52:17Z
2026-08-17T08:43:25Z,2026-08-17T10:43:25+0200,5f9ba03d-f545-4cd2-8996-d770f48fc74d,2026-07-19T07:30:00Z,2026-07-19T09:30:00+0200,488.333333,MW,DK2,DK_2,forecast_offshore_wind_generation,Wind Offshore,2026-08-17T08:52:17Z
2026-08-17T08:43:25Z,2026-08-17T10:43:25+0200,5f9ba03d-f545-4cd2-8996-d770f48fc74d,2026-07-19T07:45:00Z,2026-07-19T09:45:00+0200,496.833333,MW,DK2,DK_2,forecast_offshore_wind_generation,Wind Offshore,2026-08-17T08:52:17Z
2026-08-17T08:43:25Z,2026-08-17T10:43:25+0200,5f9ba03d-f545-4cd2-8996-d770f48fc74d,2026-07-19T08:00:00Z,2026-07-19T10:00:00+0200,502.333333,MW,DK2,DK_2,forecast_offshore_wind_generation,Wind Offshore,2026-08-17T08:52:17Z
2026-08-17T08:43:25Z,2026-08-17T10:43:25+0200,5f9ba03d-f545-4cd2-8996-d770f48fc74d,2026-07-19T08:15:00Z,2026-07-19T10:15:00+0200,505.5,MW,DK2,DK_2,forecast_offshore_wind_generation,Wind Offshore,2026-08-17T08:52:17Z
2026-08-17T08:43:25Z,2026-08-17T10:43:25+0200,5f9ba03d-f545-4cd2-8996-d770f48fc74d,2026-07-19T08:30:00Z,2026-07-19T10:30:00+0200,508.5,MW,DK2,DK_2,forecast_offshore_wind_generation,Wind Offshore,2026-08-17T08:52:17Z
2026-08-17T08:43:25Z,2026-08-17T10:43:25+0200,5f9ba03d-f545-4cd2-8996-d770f48fc74d,2026-07-19T08:45:00Z,2026-07-19T10:45:00+0200,512.333333,MW,DK2,DK_2,forecast_offshore_wind_generation,Wind Offshore,2026-08-17T08:52:17Z
2026-08-17T08:43:25Z,2026-08-17T10:43:25+0200,5f9ba03d-f545-4cd2-8996-d770f48fc74d,2026-07-19T09:00:00Z,2026-07-19T11:00:00+0200,517.0,MW,DK2,DK_2,forecast_offshore_wind_generation,Wind Offshore,2026-08-17T08:52:17Z
2026-08-17T08:43:25Z,2026-08-17T10:43:25+0200,5f9ba03d-f545-4cd2-8996-d770f48fc74d,2026-07-19T09:15:00Z,2026-07-19T11:15:00+0200,524.166666,MW,DK2,DK_2,forecast_offshore_wind_generation,Wind Offshore,2026-08-17T08:52:17Z
2026-08-17T08:43:25Z,2026-08-17T10:43:25+0200,5f9ba03d-f545-4cd2-8996-d770f48fc74d,2026-07-19T09:30:00Z,2026-07-19T11:30:00+0200,534.0,MW,DK2,DK_2,forecast_offshore_wind_generation,Wind Offshore,2026-08-17T08:52:17Z
2026-08-17T08:43:25Z,2026-08-17T10:43:25+0200,5f9ba03d-f545-4cd2-8996-d770f48fc74d,2026-07-19T09:45:00Z,2026-07-19T11:45:00+0200,543.666666,MW,DK2,DK_2,forecast_offshore_wind_generation,Wind Offshore,2026-08-17T08:52:17Z
2026-08-17T08:43:25Z,2026-08-17T10:43:25+0200,5f9ba03d-f545-4cd2-8996-d770f48fc74d,2026-07-19T10:00:00Z,2026-07-19T12:00:00+0200,550.166666,MW,DK2,DK_2,forecast_offshore_wind_generation,Wind Offshore,2026-08-17T08:52:17Z
2026-08-17T08:43:25Z,2026-08-17T10:43:25+0200,5f9ba03d-f545-4cd2-8996-d770f48fc74d,2026-07-19T10:15:00Z,2026-07-19T12:15:00+0200,557.666666,MW,DK2,DK_2,forecast_offshore_wind_generation,Wind Offshore,2026-08-17T08:52:17Z
2026-08-17T08:43:25Z,2026-08-17T10:43:25+0200,5f9ba03d-f545-4cd2-8996-d770f48fc74d,2026-07-19T10:30:00Z,2026-07-19T12:30:00+0200,566.0,MW,DK2,DK_2,forecast_offshore_wind_generation,Wind Offshore,2026-08-17T08:52:17Z
2026-08-17T08:43:25Z,2026-08-17T10:43:25+0200,5f9ba03d-f545-4cd2-8996-d770f48fc74d,2026-07-19T10:45:00Z,2026-07-19T12:45:00+0200,573.0,MW,DK2,DK_2,forecast_offshore_wind_generation,Wind Offshore,2026-08-17T08:52:17Z
2026-08-17T08:43:25Z,2026-08-17T10:43:25+0200,5f9ba03d-f545-4cd2-8996-d770f48fc74d,2026-07-19T11:00:00Z,2026-07-19T13:00:00+0200,577.5,MW,DK2,DK_2,forecast_offshore_wind_generation,Wind Offshore,2026-08-17T08:52:17Z
2026-08-17T08:43:25Z,2026-08-17T10:43:25+0200,5f9ba03d-f545-4cd2-8996-d770f48fc74d,2026-07-19T11:15:00Z,2026-07-19T13:15:00+0200,575.0,MW,DK2,DK_2,forecast_offshore_wind_generation,Wind Offshore,2026-08-17T08:52:17Z
2026-08-17T08:43:25Z,2026-08-17T10:43:25+0200,5f9ba03d-f545-4cd2-8996-d770f48fc74d,2026-07-19T11:30:00Z,2026-07-19T13:30:00+0200,571.5,MW,DK2,DK_2,forecast_offshore_wind_generation,Wind Offshore,2026-08-17T08:52:17Z
2026-08-17T08:43:25Z,2026-08-17T10:43:25+0200,5f9ba03d-f545-4cd2-8996-d770f48fc74d,2026-07-19T11:45:00Z,2026-07-19T13:45:00+0200,569.166666,MW,DK2,DK_2,forecast_offshore_wind_generation,Wind Offshore,2026-08-17T08:52:17Z
2026-08-17T08:43:25Z,2026-08-17T10:43:25+0200,5f9ba03d-f545-4cd2-8996-d770f48fc74d,2026-07-19T12:00:00Z,2026-07-19T14:00:00+0200,569.5,MW,DK2,DK_2,forecast_offshore_wind_generation,Wind Offshore,2026-08-17T08:52:17Z
2026-08-17T08:43:25Z,2026-08-17T10:43:25+0200,5f9ba03d-f545-4cd2-8996-d770f48fc74d,2026-07-19T12:15:00Z,2026-07-19T14:15:00+0200,571.333333,MW,DK2,DK_2,forecast_offshore_wind_generation,Wind Offshore,2026-08-17T08:52:17Z
2026-08-17T08:43:25Z,2026-08-17T10:43:25+0200,5f9ba03d-f545-4cd2-8996-d770f48fc74d,2026-07-19T12:30:00Z,2026-07-19T14:30:00+0200,573.5,MW,DK2,DK_2,forecast_offshore_wind_generation,Wind Offshore,2026-08-17T08:52:17Z
2026-08-17T08:43:25Z,2026-08-17T10:43:25+0200,5f9ba03d-f545-4cd2-8996-d770f48fc74d,2026-07-19T12:45:00Z,2026-07-19T14:45:00+0200,578.0,MW,DK2,DK_2,forecast_offshore_wind_generation,Wind Offshore,2026-08-17T08:52:17Z
2026-08-17T08:43:25Z,2026-08-17T10:43:25+0200,5f9ba03d-f545-4cd2-8996-d770f48fc74d,2026-07-19T13:00:00Z,2026-07-19T15:00:00+0200,587.833333,MW,DK2,DK_2,forecast_offshore_wind_generation,Wind Offshore,2026-08-17T08:52:17Z
2026-08-17T08:43:25Z,2026-08-17T10:43:25+0200,5f9ba03d-f545-4cd2-8996-d770f48fc74d,2026-07-19T13:15:00Z,2026-07-19T15:15:00+0200,607.0,MW,DK2,DK_2,forecast_offshore_wind_generation,Wind Offshore,2026-08-17T08:52:17Z
2026-08-17T08:43:25Z,2026-08-17T10:43:25+0200,5f9ba03d-f545-4cd2-8996-d770f48fc74d,2026-07-19T13:30:00Z,2026-07-19T15:30:00+0200,627.666666,MW,DK2,DK_2,forecast_offshore_wind_generation,Wind Offshore,2026-08-17T08:52:17Z
2026-08-17T08:43:25Z,2026-08-17T10:43:25+0200,5f9ba03d-f545-4cd2-8996-d770f48fc74d,2026-07-19T13:45:00Z,2026-07-19T15:45:00+0200,641.166666,MW,DK2,DK_2,forecast_offshore_wind_generation,Wind Offshore,2026-08-17T08:52:17Z
2026-08-17T08:43:25Z,2026-08-17T10:43:25+0200,5f9ba03d-f545-4cd2-8996-d770f48fc74d,2026-07-19T14:00:00Z,2026-07-19T16:00:00+0200,645.333333,MW,DK2,DK_2,forecast_offshore_wind_generation,Wind Offshore,2026-08-17T08:52:17Z
2026-08-17T08:43:25Z,2026-08-17T10:43:25+0200,5f9ba03d-f545-4cd2-8996-d770f48fc74d,2026-07-19T14:15:00Z,2026-07-19T16:15:00+0200,644.333333,MW,DK2,DK_2,forecast_offshore_wind_generation,Wind Offshore,2026-08-17T08:52:17Z
2026-08-17T08:43:25Z,2026-08-17T10:43:25+0200,5f9ba03d-f545-4cd2-8996-d770f48fc74d,2026-07-19T14:30:00Z,2026-07-19T16:30:00+0200,641.0,MW,DK2,DK_2,forecast_offshore_wind_generation,Wind Offshore,2026-08-17T08:52:17Z
2026-08-17T08:43:25Z,2026-08-17T10:43:25+0200,5f9ba03d-f545-4cd2-8996-d770f48fc74d,2026-07-19T14:45:00Z,2026-07-19T16:45:00+0200,636.666666,MW,DK2,DK_2,forecast_offshore_wind_generation,Wind Offshore,2026-08-17T08:52:17Z
2026-08-17T08:43:25Z,2026-08-17T10:43:25+0200,5f9ba03d-f545-4cd2-8996-d770f48fc74d,2026-07-19T15:00:00Z,2026-07-19T17:00:00+0200,631.833333,MW,DK2,DK_2,forecast_offshore_wind_generation,Wind Offshore,2026-08-17T08:52:17Z
2026-08-17T08:43:25Z,2026-08-17T10:43:25+0200,5f9ba03d-f545-4cd2-8996-d770f48fc74d,2026-07-19T15:15:00Z,2026-07-19T17:15:00+0200,623.0,MW,DK2,DK_2,forecast_offshore_wind_generation,Wind Offshore,2026-08-17T08:52:17Z
2026-08-17T08:43:25Z,2026-08-17T10:43:25+0200,5f9ba03d-f545-4cd2-8996-d770f48fc74d,2026-07-19T15:30:00Z,2026-07-19T17:30:00+0200,612.666666,MW,DK2,DK_2,forecast_offshore_wind_generation,Wind Offshore,2026-08-17T08:52:17Z
2026-08-17T08:43:25Z,2026-08-17T10:43:25+0200,5f9ba03d-f545-4cd2-8996-d770f48fc74d,2026-07-19T15:45:00Z,2026-07-19T17:45:00+0200,604.166666,MW,DK2,DK_2,forecast_offshore_wind_generation,Wind Offshore,2026-08-17T08:52:17Z
2026-08-17T08:43:25Z,2026-08-17T10:43:25+0200,5f9ba03d-f545-4cd2-8996-d770f48fc74d,2026-07-19T16:00:00Z,2026-07-19T18:00:00+0200,597.0,MW,DK2,DK_2,forecast_offshore_wind_generation,Wind Offshore,2026-08-17T08:52:17Z
2026-08-17T08:43:25Z,2026-08-17T10:43:25+0200,5f9ba03d-f545-4cd2-8996-d770f48fc74d,2026-07-19T16:15:00Z,2026-07-19T18:15:00+0200,589.0,MW,DK2,DK_2,forecast_offshore_wind_generation,Wind Offshore,2026-08-17T08:52:17Z
2026-08-17T08:43:25Z,2026-08-17T10:43:25+0200,5f9ba03d-f545-4cd2-8996-d770f48fc74d,2026-07-19T16:30:00Z,2026-07-19T18:30:00+0200,581.0,MW,DK2,DK_2,forecast_offshore_wind_generation,Wind Offshore,2026-08-17T08:52:17Z
2026-08-17T08:43:25Z,2026-08-17T10:43:25+0200,5f9ba03d-f545-4cd2-8996-d770f48fc74d,2026-07-19T16:45:00Z,2026-07-19T18:45:00+0200,573.5,MW,DK2,DK_2,forecast_offshore_wind_generation,Wind Offshore,2026-08-17T08:52:17Z
2026-08-17T08:43:25Z,2026-08-17T10:43:25+0200,5f9ba03d-f545-4cd2-8996-d770f48fc74d,2026-07-19T17:00:00Z,2026-07-19T19:00:00+0200,568.0,MW,DK2,DK_2,forecast_offshore_wind_generation,Wind Offshore,2026-08-17T08:52:17Z
2026-08-17T08:43:25Z,2026-08-17T10:43:25+0200,5f9ba03d-f545-4cd2-8996-d770f48fc74d,2026-07-19T17:15:00Z,2026-07-19T19:15:00+0200,565.333333,MW,DK2,DK_2,forecast_offshore_wind_generation,Wind Offshore,2026-08-17T08:52:17Z
2026-08-17T08:43:25Z,2026-08-17T10:43:25+0200,5f9ba03d-f545-4cd2-8996-d770f48fc74d,2026-07-19T17:30:00Z,2026-07-19T19:30:00+0200,562.333333,MW,DK2,DK_2,forecast_offshore_wind_generation,Wind Offshore,2026-08-17T08:52:17Z
2026-08-17T08:43:25Z,2026-08-17T10:43:25+0200,5f9ba03d-f545-4cd2-8996-d770f48fc74d,2026-07-19T17:45:00Z,2026-07-19T19:45:00+0200,556.833333,MW,DK2,DK_2,forecast_offshore_wind_generation,Wind Offshore,2026-08-17T08:52:17Z
2026-08-17T08:43:25Z,2026-08-17T10:43:25+0200,5f9ba03d-f545-4cd2-8996-d770f48fc74d,2026-07-19T18:00:00Z,2026-07-19T20:00:00+0200,546.833333,MW,DK2,DK_2,forecast_offshore_wind_generation,Wind Offshore,2026-08-17T08:52:17Z
2026-08-17T08:43:25Z,2026-08-17T10:43:25+0200,5f9ba03d-f545-4cd2-8996-d770f48fc74d,2026-07-19T18:15:00Z,2026-07-19T20:15:00+0200,532.833333,MW,DK2,DK_2,forecast_offshore_wind_generation,Wind Offshore,2026-08-17T08:52:17Z
2026-08-17T08:43:25Z,2026-08-17T10:43:25+0200,5f9ba03d-f545-4cd2-8996-d770f48fc74d,2026-07-19T18:30:00Z,2026-07-19T20:30:00+0200,515.5,MW,DK2,DK_2,forecast_offshore_wind_generation,Wind Offshore,2026-08-17T08:52:17Z
2026-08-17T08:43:25Z,2026-08-17T10:43:25+0200,5f9ba03d-f545-4cd2-8996-d770f48fc74d,2026-07-19T18:45:00Z,2026-07-19T20:45:00+0200,496.166666,MW,DK2,DK_2,forecast_offshore_wind_generation,Wind Offshore,2026-08-17T08:52:17Z
2026-08-17T08:43:25Z,2026-08-17T10:43:25+0200,5f9ba03d-f545-4cd2-8996-d770f48fc74d,2026-07-19T19:00:00Z,2026-07-19T21:00:00+0200,479.5,MW,DK2,DK_2,forecast_offshore_wind_generation,Wind Offshore,2026-08-17T08:52:17Z
2026-08-17T08:43:25Z,2026-08-17T10:43:25+0200,5f9ba03d-f545-4cd2-8996-d770f48fc74d,2026-07-19T19:15:00Z,2026-07-19T21:15:00+0200,465.833333,MW,DK2,DK_2,forecast_offshore_wind_generation,Wind Offshore,2026-08-17T08:52:17Z
2026-08-17T08:43:25Z,2026-08-17T10:43:25+0200,5f9ba03d-f545-4cd2-8996-d770f48fc74d,2026-07-19T19:30:00Z,2026-07-19T21:30:00+0200,453.166666,MW,DK2,DK_2,forecast_offshore_wind_generation,Wind Offshore,2026-08-17T08:52:17Z
2026-08-17T08:43:25Z,2026-08-17T10:43:25+0200,5f9ba03d-f545-4cd2-8996-d770f48fc74d,2026-07-19T19:45:00Z,2026-07-19T21:45:00+0200,443.5,MW,DK2,DK_2,forecast_offshore_wind_generation,Wind Offshore,2026-08-17T08:52:17Z
2026-08-17T08:43:25Z,2026-08-17T10:43:25+0200,5f9ba03d-f545-4cd2-8996-d770f48fc74d,2026-07-19T20:00:00Z,2026-07-19T22:00:00+0200,435.166666,MW,DK2,DK_2,forecast_offshore_wind_generation,Wind Offshore,2026-08-17T08:52:17Z
2026-08-17T08:43:25Z,2026-08-17T10:43:25+0200,5f9ba03d-f545-4cd2-8996-d770f48fc74d,2026-07-19T20:15:00Z,2026-07-19T22:15:00+0200,430.0,MW,DK2,DK_2,forecast_offshore_wind_generation,Wind Offshore,2026-08-17T08:52:17Z
2026-08-17T08:43:25Z,2026-08-17T10:43:25+0200,5f9ba03d-f545-4cd2-8996-d770f48fc74d,2026-07-19T20:30:00Z,2026-07-19T22:30:00+0200,426.5,MW,DK2,DK_2,forecast_offshore_wind_generation,Wind Offshore,2026-08-17T08:52:17Z
2026-08-17T08:43:25Z,2026-08-17T10:43:25+0200,5f9ba03d-f545-4cd2-8996-d770f48fc74d,2026-07-19T20:45:00Z,2026-07-19T22:45:00+0200,422.5,MW,DK2,DK_2,forecast_offshore_wind_generation,Wind Offshore,2026-08-17T08:52:17Z
2026-08-17T08:43:25Z,2026-08-17T10:43:25+0200,5f9ba03d-f545-4cd2-8996-d770f48fc74d,2026-07-19T21:00:00Z,2026-07-19T23:00:00+0200,415.5,MW,DK2,DK_2,forecast_offshore_wind_generation,Wind Offshore,2026-08-17T08:52:17Z
2026-08-17T08:43:25Z,2026-08-17T10:43:25+0200,5f9ba03d-f545-4cd2-8996-d770f48fc74d,2026-07-19T21:15:00Z,2026-07-19T23:15:00+0200,404.0,MW,DK2,DK_2,forecast_offshore_wind_generation,Wind Offshore,2026-08-17T08:52:17Z
2026-08-17T08:43:25Z,2026-08-17T10:43:25+0200,5f9ba03d-f545-4cd2-8996-d770f48fc74d,2026-07-19T21:30:00Z,2026-07-19T23:30:00+0200,390.666666,MW,DK2,DK_2,forecast_offshore_wind_generation,Wind Offshore,2026-08-17T08:52:17Z
2026-08-17T08:43:25Z,2026-08-17T10:43:25+0200,5f9ba03d-f545-4cd2-8996-d770f48fc74d,2026-07-19T21:45:00Z,2026-07-19T23:45:00+0200,381.166666,MW,DK2,DK_2,forecast_offshore_wind_generation,Wind Offshore,2026-08-17T08:52:17Z
2026-08-17T08:43:25Z,2026-08-17T10:43:25+0200,5f9ba03d-f545-4cd2-8996-d770f48fc74d,2026-07-19T22:00:00Z,2026-07-20T00:00:00+0200,589.166666,MW,DK2,DK_2,forecast_offshore_wind_generation,Wind Offshore,2026-08-17T08:52:17Z
2026-08-17T08:43:25Z,2026-08-17T10:43:25+0200,5f9ba03d-f545-4cd2-8996-d770f48fc74d,2026-07-19T22:15:00Z,2026-07-20T00:15:00+0200,583.666666,MW,DK2,DK_2,forecast_offshore_wind_generation,Wind Offshore,2026-08-17T08:52:17Z
2026-08-17T08:43:25Z,2026-08-17T10:43:25+0200,5f9ba03d-f545-4cd2-8996-d770f48fc74d,2026-07-19T22:30:00Z,2026-07-20T00:30:00+0200,572.0,MW,DK2,DK_2,forecast_offshore_wind_generation,Wind Offshore,2026-08-17T08:52:17Z
2026-08-17T08:43:25Z,2026-08-17T10:43:25+0200,5f9ba03d-f545-4cd2-8996-d770f48fc74d,2026-07-19T22:45:00Z,2026-07-20T00:45:00+0200,559.5,MW,DK2,DK_2,forecast_offshore_wind_generation,Wind Offshore,2026-08-17T08:52:17Z
2026-08-17T08:43:25Z,2026-08-17T10:43:25+0200,5f9ba03d-f545-4cd2-8996-d770f48fc74d,2026-07-19T23:00:00Z,2026-07-20T01:00:00+0200,543.333333,MW,DK2,DK_2,forecast_offshore_wind_generation,Wind Offshore,2026-08-17T08:52:17Z
2026-08-17T08:43:25Z,2026-08-17T10:43:25+0200,5f9ba03d-f545-4cd2-8996-d770f48fc74d,2026-07-19T23:15:00Z,2026-07-20T01:15:00+0200,520.833333,MW,DK2,DK_2,forecast_offshore_wind_generation,Wind Offshore,2026-08-17T08:52:17Z
2026-08-17T08:43:25Z,2026-08-17T10:43:25+0200,5f9ba03d-f545-4cd2-8996-d770f48fc74d,2026-07-19T23:30:00Z,2026-07-20T01:30:00+0200,496.833333,MW,DK2,DK_2,forecast_offshore_wind_generation,Wind Offshore,2026-08-17T08:52:17Z
2026-08-17T08:43:25Z,2026-08-17T10:43:25+0200,5f9ba03d-f545-4cd2-8996-d770f48fc74d,2026-07-19T23:45:00Z,2026-07-20T01:45:00+0200,481.0,MW,DK2,DK_2,forecast_offshore_wind_generation,Wind Offshore,2026-08-17T08:52:17Z
2026-08-17T08:43:25Z,2026-08-17T10:43:25+0200,5f9ba03d-f545-4cd2-8996-d770f48fc74d,2026-07-20T00:00:00Z,2026-07-20T02:00:00+0200,477.166666,MW,DK2,DK_2,forecast_offshore_wind_generation,Wind Offshore,2026-08-17T08:52:17Z
2026-08-17T08:43:25Z,2026-08-17T10:43:25+0200,5f9ba03d-f545-4cd2-8996-d770f48fc74d,2026-07-20T00:15:00Z,2026-07-20T02:15:00+0200,480.166666,MW,DK2,DK_2,forecast_offshore_wind_generation,Wind Offshore,2026-08-17T08:52:17Z
2026-08-17T08:43:25Z,2026-08-17T10:43:25+0200,5f9ba03d-f545-4cd2-8996-d770f48fc74d,2026-07-20T00:30:00Z,2026-07-20T02:30:00+0200,486.0,MW,DK2,DK_2,forecast_offshore_wind_generation,Wind Offshore,2026-08-17T08:52:17Z
2026-08-17T08:43:25Z,2026-08-17T10:43:25+0200,5f9ba03d-f545-4cd2-8996-d770f48fc74d,2026-07-20T00:45:00Z,2026-07-20T02:45:00+0200,491.166666,MW,DK2,DK_2,forecast_offshore_wind_generation,Wind Offshore,2026-08-17T08:52:17Z
2026-08-17T08:43:25Z,2026-08-17T10:43:25+0200,5f9ba03d-f545-4cd2-8996-d770f48fc74d,2026-07-20T01:00:00Z,2026-07-20T03:00:00+0200,492.0,MW,DK2,DK_2,forecast_offshore_wind_generation,Wind Offshore,2026-08-17T08:52:17Z
2026-08-17T08:43:25Z,2026-08-17T10:43:25+0200,5f9ba03d-f545-4cd2-8996-d770f48fc74d,2026-07-20T01:15:00Z,2026-07-20T03:15:00+0200,492.0,MW,DK2,DK_2,forecast_offshore_wind_generation,Wind Offshore,2026-08-17T08:52:17Z
2026-08-17T08:43:25Z,2026-08-17T10:43:25+0200,5f9ba03d-f545-4cd2-8996-d770f48fc74d,2026-07-20T01:30:00Z,2026-07-20T03:30:00+0200,491.0,MW,DK2,DK_2,forecast_offshore_wind_generation,Wind Offshore,2026-08-17T08:52:17Z
2026-08-17T08:43:25Z,2026-08-17T10:43:25+0200,5f9ba03d-f545-4cd2-8996-d770f48fc74d,2026-07-20T01:45:00Z,2026-07-20T03:45:00+0200,488.5,MW,DK2,DK_2,forecast_offshore_wind_generation,Wind Offshore,2026-08-17T08:52:17Z
2026-08-17T08:43:25Z,2026-08-17T10:43:25+0200,5f9ba03d-f545-4cd2-8996-d770f48fc74d,2026-07-20T02:00:00Z,2026-07-20T04:00:00+0200,485.333333,MW,DK2,DK_2,forecast_offshore_wind_generation,Wind Offshore,2026-08-17T08:52:17Z
2026-08-17T08:43:25Z,2026-08-17T10:43:25+0200,5f9ba03d-f545-4cd2-8996-d770f48fc74d,2026-07-20T02:15:00Z,2026-07-20T04:15:00+0200,480.833333,MW,DK2,DK_2,forecast_offshore_wind_generation,Wind Offshore,2026-08-17T08:52:17Z
2026-08-17T08:43:25Z,2026-08-17T10:43:25+0200,5f9ba03d-f545-4cd2-8996-d770f48fc74d,2026-07-20T02:30:00Z,2026-07-20T04:30:00+0200,475.833333,MW,DK2,DK_2,forecast_offshore_wind_generation,Wind Offshore,2026-08-17T08:52:17Z
2026-08-17T08:43:25Z,2026-08-17T10:43:25+0200,5f9ba03d-f545-4cd2-8996-d770f48fc74d,2026-07-20T02:45:00Z,2026-07-20T04:45:00+0200,471.666666,MW,DK2,DK_2,forecast_offshore_wind_generation,Wind Offshore,2026-08-17T08:52:17Z
2026-08-17T08:43:25Z,2026-08-17T10:43:25+0200,5f9ba03d-f545-4cd2-8996-d770f48fc74d,2026-07-20T03:00:00Z,2026-07-20T05:00:00+0200,470.166666,MW,DK2,DK_2,forecast_offshore_wind_generation,Wind Offshore,2026-08-17T08:52:17Z
2026-08-17T08:43:25Z,2026-08-17T10:43:25+0200,5f9ba03d-f545-4cd2-8996-d770f48fc74d,2026-07-20T03:15:00Z,2026-07-20T05:15:00+0200,470.5,MW,DK2,DK_2,forecast_offshore_wind_generation,Wind Offshore,2026-08-17T08:52:17Z
2026-08-17T08:43:25Z,2026-08-17T10:43:25+0200,5f9ba03d-f545-4cd2-8996-d770f48fc74d,2026-07-20T03:30:00Z,2026-07-20T05:30:00+0200,472.333333,MW,DK2,DK_2,forecast_offshore_wind_generation,Wind Offshore,2026-08-17T08:52:17Z
2026-08-17T08:43:25Z,2026-08-17T10:43:25+0200,5f9ba03d-f545-4cd2-8996-d770f48fc74d,2026-07-20T03:45:00Z,2026-07-20T05:45:00+0200,474.0,MW,DK2,DK_2,forecast_offshore_wind_generation,Wind Offshore,2026-08-17T08:52:17Z
2026-08-17T08:43:25Z,2026-08-17T10:43:25+0200,5f9ba03d-f545-4cd2-8996-d770f48fc74d,2026-07-20T04:00:00Z,2026-07-20T06:00:00+0200,475.0,MW,DK2,DK_2,forecast_offshore_wind_generation,Wind Offshore,2026-08-17T08:52:17Z
2026-08-17T08:43:25Z,2026-08-17T10:43:25+0200,5f9ba03d-f545-4cd2-8996-d770f48fc74d,2026-07-20T04:15:00Z,2026-07-20T06:15:00+0200,475.166666,MW,DK2,DK_2,forecast_offshore_wind_generation,Wind Offshore,2026-08-17T08:52:17Z
2026-08-17T08:43:25Z,2026-08-17T10:43:25+0200,5f9ba03d-f545-4cd2-8996-d770f48fc74d,2026-07-20T04:30:00Z,2026-07-20T06:30:00+0200,476.0,MW,DK2,DK_2,forecast_offshore_wind_generation,Wind Offshore,2026-08-17T08:52:17Z
2026-08-17T08:43:25Z,2026-08-17T10:43:25+0200,5f9ba03d-f545-4cd2-8996-d770f48fc74d,2026-07-20T04:45:00Z,2026-07-20T06:45:00+0200,476.5,MW,DK2,DK_2,forecast_offshore_wind_generation,Wind Offshore,2026-08-17T08:52:17Z
2026-08-17T08:43:25Z,2026-08-17T10:43:25+0200,5f9ba03d-f545-4cd2-8996-d770f48fc74d,2026-07-20T05:00:00Z,2026-07-20T07:00:00+0200,477.833333,MW,DK2,DK_2,forecast_offshore_wind_generation,Wind Offshore,2026-08-17T08:52:17Z
2026-08-17T08:43:25Z,2026-08-17T10:43:25+0200,5f9ba03d-f545-4cd2-8996-d770f48fc74d,2026-07-20T05:15:00Z,2026-07-20T07:15:00+0200,482.0,MW,DK2,DK_2,forecast_offshore_wind_generation,Wind Offshore,2026-08-17T08:52:17Z
2026-08-17T08:43:25Z,2026-08-17T10:43:25+0200,5f9ba03d-f545-4cd2-8996-d770f48fc74d,2026-07-20T05:30:00Z,2026-07-20T07:30:00+0200,486.833333,MW,DK2,DK_2,forecast_offshore_wind_generation,Wind Offshore,2026-08-17T08:52:17Z
2026-08-17T08:43:25Z,2026-08-17T10:43:25+0200,5f9ba03d-f545-4cd2-8996-d770f48fc74d,2026-07-20T05:45:00Z,2026-07-20T07:45:00+0200,491.0,MW,DK2,DK_2,forecast_offshore_wind_generation,Wind Offshore,2026-08-17T08:52:17Z
2026-08-17T08:43:25Z,2026-08-17T10:43:25+0200,5f9ba03d-f545-4cd2-8996-d770f48fc74d,2026-07-20T06:00:00Z,2026-07-20T08:00:00+0200,495.0,MW,DK2,DK_2,forecast_offshore_wind_generation,Wind Offshore,2026-08-17T08:52:17Z
2026-08-17T08:43:25Z,2026-08-17T10:43:25+0200,5f9ba03d-f545-4cd2-8996-d770f48fc74d,2026-07-20T06:15:00Z,2026-07-20T08:15:00+0200,498.0,MW,DK2,DK_2,forecast_offshore_wind_generation,Wind Offshore,2026-08-17T08:52:17Z
2026-08-17T08:43:25Z,2026-08-17T10:43:25+0200,5f9ba03d-f545-4cd2-8996-d770f48fc74d,2026-07-20T06:30:00Z,2026-07-20T08:30:00+0200,501.0,MW,DK2,DK_2,forecast_offshore_wind_generation,Wind Offshore,2026-08-17T08:52:17Z
2026-08-17T08:43:25Z,2026-08-17T10:43:25+0200,5f9ba03d-f545-4cd2-8996-d770f48fc74d,2026-07-20T06:45:00Z,2026-07-20T08:45:00+0200,504.666666,MW,DK2,DK_2,forecast_offshore_wind_generation,Wind Offshore,2026-08-17T08:52:17Z
2026-08-17T08:43:25Z,2026-08-17T10:43:25+0200,5f9ba03d-f545-4cd2-8996-d770f48fc74d,2026-07-20T07:00:00Z,2026-07-20T09:00:00+0200,508.666666,MW,DK2,DK_2,forecast_offshore_wind_generation,Wind Offshore,2026-08-17T08:52:17Z
2026-08-17T08:43:25Z,2026-08-17T10:43:25+0200,5f9ba03d-f545-4cd2-8996-d770f48fc74d,2026-07-20T07:15:00Z,2026-07-20T09:15:00+0200,513.166666,MW,DK2,DK_2,forecast_offshore_wind_generation,Wind Offshore,2026-08-17T08:52:17Z
2026-08-17T08:43:25Z,2026-08-17T10:43:25+0200,5f9ba03d-f545-4cd2-8996-d770f48fc74d,2026-07-20T07:30:00Z,2026-07-20T09:30:00+0200,518.166666,MW,DK2,DK_2,forecast_offshore_wind_generation,Wind Offshore,2026-08-17T08:52:17Z
2026-08-17T08:43:25Z,2026-08-17T10:43:25+0200,5f9ba03d-f545-4cd2-8996-d770f48fc74d,2026-07-20T07:45:00Z,2026-07-20T09:45:00+0200,524.0,MW,DK2,DK_2,forecast_offshore_wind_generation,Wind Offshore,2026-08-17T08:52:17Z
2026-08-17T08:43:25Z,2026-08-17T10:43:25+0200,5f9ba03d-f545-4cd2-8996-d770f48fc74d,2026-07-20T08:00:00Z,2026-07-20T10:00:00+0200,530.166666,MW,DK2,DK_2,forecast_offshore_wind_generation,Wind Offshore,2026-08-17T08:52:17Z
2026-08-17T08:43:25Z,2026-08-17T10:43:25+0200,5f9ba03d-f545-4cd2-8996-d770f48fc74d,2026-07-20T08:15:00Z,2026-07-20T10:15:00+0200,538.5,MW,DK2,DK_2,forecast_offshore_wind_generation,Wind Offshore,2026-08-17T08:52:17Z
2026-08-17T08:43:25Z,2026-08-17T10:43:25+0200,5f9ba03d-f545-4cd2-8996-d770f48fc74d,2026-07-20T08:30:00Z,2026-07-20T10:30:00+0200,548.0,MW,DK2,DK_2,forecast_offshore_wind_generation,Wind Offshore,2026-08-17T08:52:17Z
2026-08-17T08:43:25Z,2026-08-17T10:43:25+0200,5f9ba03d-f545-4cd2-8996-d770f48fc74d,2026-07-20T08:45:00Z,2026-07-20T10:45:00+0200,558.166666,MW,DK2,DK_2,forecast_offshore_wind_generation,Wind Offshore,2026-08-17T08:52:17Z
2026-08-17T08:43:25Z,2026-08-17T10:43:25+0200,5f9ba03d-f545-4cd2-8996-d770f48fc74d,2026-07-20T09:00:00Z,2026-07-20T11:00:00+0200,566.5,MW,DK2,DK_2,forecast_offshore_wind_generation,Wind Offshore,2026-08-17T08:52:17Z
2026-08-17T08:43:25Z,2026-08-17T10:43:25+0200,5f9ba03d-f545-4cd2-8996-d770f48fc74d,2026-07-20T09:15:00Z,2026-07-20T11:15:00+0200,576.0,MW,DK2,DK_2,forecast_offshore_wind_generation,Wind Offshore,2026-08-17T08:52:17Z
2026-08-17T08:43:25Z,2026-08-17T10:43:25+0200,5f9ba03d-f545-4cd2-8996-d770f48fc74d,2026-07-20T09:30:00Z,2026-07-20T11:30:00+0200,586.333333,MW,DK2,DK_2,forecast_offshore_wind_generation,Wind Offshore,2026-08-17T08:52:17Z
2026-08-17T08:43:25Z,2026-08-17T10:43:25+0200,5f9ba03d-f545-4cd2-8996-d770f48fc74d,2026-07-20T09:45:00Z,2026-07-20T11:45:00+0200,594.0,MW,DK2,DK_2,forecast_offshore_wind_generation,Wind Offshore,2026-08-17T08:52:17Z
2026-08-17T08:43:25Z,2026-08-17T10:43:25+0200,5f9ba03d-f545-4cd2-8996-d770f48fc74d,2026-07-20T10:00:00Z,2026-07-20T12:00:00+0200,596.833333,MW,DK2,DK_2,forecast_offshore_wind_generation,Wind Offshore,2026-08-17T08:52:17Z
2026-08-17T08:43:25Z,2026-08-17T10:43:25+0200,5f9ba03d-f545-4cd2-8996-d770f48fc74d,2026-07-20T10:15:00Z,2026-07-20T12:15:00+0200,594.5,MW,DK2,DK_2,forecast_offshore_wind_generation,Wind Offshore,2026-08-17T08:52:17Z
2026-08-17T08:43:25Z,2026-08-17T10:43:25+0200,5f9ba03d-f545-4cd2-8996-d770f48fc74d,2026-07-20T10:30:00Z,2026-07-20T12:30:00+0200,591.5,MW,DK2,DK_2,forecast_offshore_wind_generation,Wind Offshore,2026-08-17T08:52:17Z
2026-08-17T08:43:25Z,2026-08-17T10:43:25+0200,5f9ba03d-f545-4cd2-8996-d770f48fc74d,2026-07-20T10:45:00Z,2026-07-20T12:45:00+0200,589.666666,MW,DK2,DK_2,forecast_offshore_wind_generation,Wind Offshore,2026-08-17T08:52:17Z
2026-08-17T08:43:25Z,2026-08-17T10:43:25+0200,5f9ba03d-f545-4cd2-8996-d770f48fc74d,2026-07-20T11:00:00Z,2026-07-20T13:00:00+0200,592.333333,MW,DK2,DK_2,forecast_offshore_wind_generation,Wind Offshore,2026-08-17T08:52:17Z
2026-08-17T08:43:25Z,2026-08-17T10:43:25+0200,5f9ba03d-f545-4cd2-8996-d770f48fc74d,2026-07-20T11:15:00Z,2026-07-20T13:15:00+0200,601.166666,MW,DK2,DK_2,forecast_offshore_wind_generation,Wind Offshore,2026-08-17T08:52:17Z
2026-08-17T08:43:25Z,2026-08-17T10:43:25+0200,5f9ba03d-f545-4cd2-8996-d770f48fc74d,2026-07-20T11:30:00Z,2026-07-20T13:30:00+0200,613.666666,MW,DK2,DK_2,forecast_offshore_wind_generation,Wind Offshore,2026-08-17T08:52:17Z
2026-08-17T08:43:25Z,2026-08-17T10:43:25+0200,5f9ba03d-f545-4cd2-8996-d770f48fc74d,2026-07-20T11:45:00Z,2026-07-20T13:45:00+0200,622.5,MW,DK2,DK_2,forecast_offshore_wind_generation,Wind Offshore,2026-08-17T08:52:17Z
2026-08-17T08:43:25Z,2026-08-17T10:43:25+0200,5f9ba03d-f545-4cd2-8996-d770f48fc74d,2026-07-20T12:00:00Z,2026-07-20T14:00:00+0200,620.833333,MW,DK2,DK_2,forecast_offshore_wind_generation,Wind Offshore,2026-08-17T08:52:17Z
2026-08-17T08:43:25Z,2026-08-17T10:43:25+0200,5f9ba03d-f545-4cd2-8996-d770f48fc74d,2026-07-20T12:15:00Z,2026-07-20T14:15:00+0200,604.166666,MW,DK2,DK_2,forecast_offshore_wind_generation,Wind Offshore,2026-08-17T08:52:17Z
2026-08-17T08:43:25Z,2026-08-17T10:43:25+0200,5f9ba03d-f545-4cd2-8996-d770f48fc74d,2026-07-20T12:30:00Z,2026-07-20T14:30:00+0200,580.0,MW,DK2,DK_2,forecast_offshore_wind_generation,Wind Offshore,2026-08-17T08:52:17Z
2026-08-17T08:43:25Z,2026-08-17T10:43:25+0200,5f9ba03d-f545-4cd2-8996-d770f48fc74d,2026-07-20T12:45:00Z,2026-07-20T14:45:00+0200,557.666666,MW,DK2,DK_2,forecast_offshore_wind_generation,Wind Offshore,2026-08-17T08:52:17Z
2026-08-17T08:43:25Z,2026-08-17T10:43:25+0200,5f9ba03d-f545-4cd2-8996-d770f48fc74d,2026-07-20T13:00:00Z,2026-07-20T15:00:00+0200,541.333333,MW,DK2,DK_2,forecast_offshore_wind_generation,Wind Offshore,2026-08-17T08:52:17Z
2026-08-17T08:43:25Z,2026-08-17T10:43:25+0200,5f9ba03d-f545-4cd2-8996-d770f48fc74d,2026-07-20T13:15:00Z,2026-07-20T15:15:00+0200,527.166666,MW,DK2,DK_2,forecast_offshore_wind_generation,Wind Offshore,2026-08-17T08:52:17Z
2026-08-17T08:43:25Z,2026-08-17T10:43:25+0200,5f9ba03d-f545-4cd2-8996-d770f48fc74d,2026-07-20T13:30:00Z,2026-07-20T15:30:00+0200,515.5,MW,DK2,DK_2,forecast_offshore_wind_generation,Wind Offshore,2026-08-17T08:52:17Z
2026-08-17T08:43:25Z,2026-08-17T10:43:25+0200,5f9ba03d-f545-4cd2-8996-d770f48fc74d,2026-07-20T13:45:00Z,2026-07-20T15:45:00+0200,506.5,MW,DK2,DK_2,forecast_offshore_wind_generation,Wind Offshore,2026-08-17T08:52:17Z
2026-08-17T08:43:25Z,2026-08-17T10:43:25+0200,5f9ba03d-f545-4cd2-8996-d770f48fc74d,2026-07-20T14:00:00Z,2026-07-20T16:00:00+0200,501.0,MW,DK2,DK_2,forecast_offshore_wind_generation,Wind Offshore,2026-08-17T08:52:17Z
2026-08-17T08:43:25Z,2026-08-17T10:43:25+0200,5f9ba03d-f545-4cd2-8996-d770f48fc74d,2026-07-20T14:15:00Z,2026-07-20T16:15:00+0200,497.666666,MW,DK2,DK_2,forecast_offshore_wind_generation,Wind Offshore,2026-08-17T08:52:17Z
2026-08-17T08:43:25Z,2026-08-17T10:43:25+0200,5f9ba03d-f545-4cd2-8996-d770f48fc74d,2026-07-20T14:30:00Z,2026-07-20T16:30:00+0200,496.0,MW,DK2,DK_2,forecast_offshore_wind_generation,Wind Offshore,2026-08-17T08:52:17Z
2026-08-17T08:43:25Z,2026-08-17T10:43:25+0200,5f9ba03d-f545-4cd2-8996-d770f48fc74d,2026-07-20T14:45:00Z,2026-07-20T16:45:00+0200,494.833333,MW,DK2,DK_2,forecast_offshore_wind_generation,Wind Offshore,2026-08-17T08:52:17Z
2026-08-17T08:43:25Z,2026-08-17T10:43:25+0200,5f9ba03d-f545-4cd2-8996-d770f48fc74d,2026-07-20T15:00:00Z,2026-07-20T17:00:00+0200,493.166666,MW,DK2,DK_2,forecast_offshore_wind_generation,Wind Offshore,2026-08-17T08:52:17Z
2026-08-17T08:43:25Z,2026-08-17T10:43:25+0200,5f9ba03d-f545-4cd2-8996-d770f48fc74d,2026-07-20T15:15:00Z,2026-07-20T17:15:00+0200,493.0,MW,DK2,DK_2,forecast_offshore_wind_generation,Wind Offshore,2026-08-17T08:52:17Z
2026-08-17T08:43:25Z,2026-08-17T10:43:25+0200,5f9ba03d-f545-4cd2-8996-d770f48fc74d,2026-07-20T15:30:00Z,2026-07-20T17:30:00+0200,492.833333,MW,DK2,DK_2,forecast_offshore_wind_generation,Wind Offshore,2026-08-17T08:52:17Z
2026-08-17T08:43:25Z,2026-08-17T10:43:25+0200,5f9ba03d-f545-4cd2-8996-d770f48fc74d,2026-07-20T15:45:00Z,2026-07-20T17:45:00+0200,490.333333,MW,DK2,DK_2,forecast_offshore_wind_generation,Wind Offshore,2026-08-17T08:52:17Z
2026-08-17T08:43:25Z,2026-08-17T10:43:25+0200,5f9ba03d-f545-4cd2-8996-d770f48fc74d,2026-07-20T16:00:00Z,2026-07-20T18:00:00+0200,482.5,MW,DK2,DK_2,forecast_offshore_wind_generation,Wind Offshore,2026-08-17T08:52:17Z
2026-08-17T08:43:25Z,2026-08-17T10:43:25+0200,5f9ba03d-f545-4cd2-8996-d770f48fc74d,2026-07-20T16:15:00Z,2026-07-20T18:15:00+0200,464.333333,MW,DK2,DK_2,forecast_offshore_wind_generation,Wind Offshore,2026-08-17T08:52:17Z
2026-08-17T08:43:25Z,2026-08-17T10:43:25+0200,5f9ba03d-f545-4cd2-8996-d770f48fc74d,2026-07-20T16:30:00Z,2026-07-20T18:30:00+0200,443.166666,MW,DK2,DK_2,forecast_offshore_wind_generation,Wind Offshore,2026-08-17T08:52:17Z
2026-08-17T08:43:25Z,2026-08-17T10:43:25+0200,5f9ba03d-f545-4cd2-8996-d770f48fc74d,2026-07-20T16:45:00Z,2026-07-20T18:45:00+0200,428.5,MW,DK2,DK_2,forecast_offshore_wind_generation,Wind Offshore,2026-08-17T08:52:17Z
2026-08-17T08:43:25Z,2026-08-17T10:43:25+0200,5f9ba03d-f545-4cd2-8996-d770f48fc74d,2026-07-20T17:00:00Z,2026-07-20T19:00:00+0200,423.666666,MW,DK2,DK_2,forecast_offshore_wind_generation,Wind Offshore,2026-08-17T08:52:17Z
2026-08-17T08:43:25Z,2026-08-17T10:43:25+0200,5f9ba03d-f545-4cd2-8996-d770f48fc74d,2026-07-20T17:15:00Z,2026-07-20T19:15:00+0200,423.5,MW,DK2,DK_2,forecast_offshore_wind_generation,Wind Offshore,2026-08-17T08:52:17Z
2026-08-17T08:43:25Z,2026-08-17T10:43:25+0200,5f9ba03d-f545-4cd2-8996-d770f48fc74d,2026-07-20T17:30:00Z,2026-07-20T19:30:00+0200,425.5,MW,DK2,DK_2,forecast_offshore_wind_generation,Wind Offshore,2026-08-17T08:52:17Z
2026-08-17T08:43:25Z,2026-08-17T10:43:25+0200,5f9ba03d-f545-4cd2-8996-d770f48fc74d,2026-07-20T17:45:00Z,2026-07-20T19:45:00+0200,428.5,MW,DK2,DK_2,forecast_offshore_wind_generation,Wind Offshore,2026-08-17T08:52:17Z
2026-08-17T08:43:25Z,2026-08-17T10:43:25+0200,5f9ba03d-f545-4cd2-8996-d770f48fc74d,2026-07-20T18:00:00Z,2026-07-20T20:00:00+0200,434.5,MW,DK2,DK_2,forecast_offshore_wind_generation,Wind Offshore,2026-08-17T08:52:17Z
2026-08-17T08:43:25Z,2026-08-17T10:43:25+0200,5f9ba03d-f545-4cd2-8996-d770f48fc74d,2026-07-20T18:15:00Z,2026-07-20T20:15:00+0200,450.0,MW,DK2,DK_2,forecast_offshore_wind_generation,Wind Offshore,2026-08-17T08:52:17Z
2026-08-17T08:43:25Z,2026-08-17T10:43:25+0200,5f9ba03d-f545-4cd2-8996-d770f48fc74d,2026-07-20T18:30:00Z,2026-07-20T20:30:00+0200,468.833333,MW,DK2,DK_2,forecast_offshore_wind_generation,Wind Offshore,2026-08-17T08:52:17Z
2026-08-17T08:43:25Z,2026-08-17T10:43:25+0200,5f9ba03d-f545-4cd2-8996-d770f48fc74d,2026-07-20T18:45:00Z,2026-07-20T20:45:00+0200,482.5,MW,DK2,DK_2,forecast_offshore_wind_generation,Wind Offshore,2026-08-17T08:52:17Z
2026-08-17T08:43:25Z,2026-08-17T10:43:25+0200,5f9ba03d-f545-4cd2-8996-d770f48fc74d,2026-07-20T19:00:00Z,2026-07-20T21:00:00+0200,491.0,MW,DK2,DK_2,forecast_offshore_wind_generation,Wind Offshore,2026-08-17T08:52:17Z
2026-08-17T08:43:25Z,2026-08-17T10:43:25+0200,5f9ba03d-f545-4cd2-8996-d770f48fc74d,2026-07-20T19:15:00Z,2026-07-20T21:15:00+0200,499.5,MW,DK2,DK_2,forecast_offshore_wind_generation,Wind Offshore,2026-08-17T08:52:17Z
2026-08-17T08:43:25Z,2026-08-17T10:43:25+0200,5f9ba03d-f545-4cd2-8996-d770f48fc74d,2026-07-20T19:30:00Z,2026-07-20T21:30:00+0200,508.666666,MW,DK2,DK_2,forecast_offshore_wind_generation,Wind Offshore,2026-08-17T08:52:17Z
2026-08-17T08:43:25Z,2026-08-17T10:43:25+0200,5f9ba03d-f545-4cd2-8996-d770f48fc74d,2026-07-20T19:45:00Z,2026-07-20T21:45:00+0200,514.166666,MW,DK2,DK_2,forecast_offshore_wind_generation,Wind Offshore,2026-08-17T08:52:17Z
2026-08-17T08:43:25Z,2026-08-17T10:43:25+0200,5f9ba03d-f545-4cd2-8996-d770f48fc74d,2026-07-20T20:00:00Z,2026-07-20T22:00:00+0200,516.666666,MW,DK2,DK_2,forecast_offshore_wind_generation,Wind Offshore,2026-08-17T08:52:17Z
2026-08-17T08:43:25Z,2026-08-17T10:43:25+0200,5f9ba03d-f545-4cd2-8996-d770f48fc74d,2026-07-20T20:15:00Z,2026-07-20T22:15:00+0200,522.0,MW,DK2,DK_2,forecast_offshore_wind_generation,Wind Offshore,2026-08-17T08:52:17Z
2026-08-17T08:43:25Z,2026-08-17T10:43:25+0200,5f9ba03d-f545-4cd2-8996-d770f48fc74d,2026-07-20T20:30:00Z,2026-07-20T22:30:00+0200,527.833333,MW,DK2,DK_2,forecast_offshore_wind_generation,Wind Offshore,2026-08-17T08:52:17Z
2026-08-17T08:43:25Z,2026-08-17T10:43:25+0200,5f9ba03d-f545-4cd2-8996-d770f48fc74d,2026-07-20T20:45:00Z,2026-07-20T22:45:00+0200,531.5,MW,DK2,DK_2,forecast_offshore_wind_generation,Wind Offshore,2026-08-17T08:52:17Z
2026-08-17T08:43:25Z,2026-08-17T10:43:25+0200,5f9ba03d-f545-4cd2-8996-d770f48fc74d,2026-07-20T21:00:00Z,2026-07-20T23:00:00+0200,527.666666,MW,DK2,DK_2,forecast_offshore_wind_generation,Wind Offshore,2026-08-17T08:52:17Z
2026-08-17T08:43:25Z,2026-08-17T10:43:25+0200,5f9ba03d-f545-4cd2-8996-d770f48fc74d,2026-07-20T21:15:00Z,2026-07-20T23:15:00+0200,515.333333,MW,DK2,DK_2,forecast_offshore_wind_generation,Wind Offshore,2026-08-17T08:52:17Z
2026-08-17T08:43:25Z,2026-08-17T10:43:25+0200,5f9ba03d-f545-4cd2-8996-d770f48fc74d,2026-07-20T21:30:00Z,2026-07-20T23:30:00+0200,498.0,MW,DK2,DK_2,forecast_offshore_wind_generation,Wind Offshore,2026-08-17T08:52:17Z
2026-08-17T08:43:25Z,2026-08-17T10:43:25+0200,5f9ba03d-f545-4cd2-8996-d770f48fc74d,2026-07-20T21:45:00Z,2026-07-20T23:45:00+0200,481.5,MW,DK2,DK_2,forecast_offshore_wind_generation,Wind Offshore,2026-08-17T08:52:17Z
2026-08-17T08:43:25Z,2026-08-17T10:43:25+0200,5f9ba03d-f545-4cd2-8996-d770f48fc74d,2026-07-20T22:00:00Z,2026-07-21T00:00:00+0200,419.166666,MW,DK2,DK_2,forecast_offshore_wind_generation,Wind Offshore,2026-08-17T08:52:17Z
2026-08-17T08:43:25Z,2026-08-17T10:43:25+0200,5f9ba03d-f545-4cd2-8996-d770f48fc74d,2026-07-20T22:15:00Z,2026-07-21T00:15:00+0200,403.0,MW,DK2,DK_2,forecast_offshore_wind_generation,Wind Offshore,2026-08-17T08:52:17Z
2026-08-17T08:43:25Z,2026-08-17T10:43:25+0200,5f9ba03d-f545-4cd2-8996-d770f48fc74d,2026-07-20T22:30:00Z,2026-07-21T00:30:00+0200,380.166666,MW,DK2,DK_2,forecast_offshore_wind_generation,Wind Offshore,2026-08-17T08:52:17Z
2026-08-17T08:43:25Z,2026-08-17T10:43:25+0200,5f9ba03d-f545-4cd2-8996-d770f48fc74d,2026-07-20T22:45:00Z,2026-07-21T00:45:00+0200,359.833333,MW,DK2,DK_2,forecast_offshore_wind_generation,Wind Offshore,2026-08-17T08:52:17Z
2026-08-17T08:43:25Z,2026-08-17T10:43:25+0200,5f9ba03d-f545-4cd2-8996-d770f48fc74d,2026-07-20T23:00:00Z,2026-07-21T01:00:00+0200,345.333333,MW,DK2,DK_2,forecast_offshore_wind_generation,Wind Offshore,2026-08-17T08:52:17Z
2026-08-17T08:43:25Z,2026-08-17T10:43:25+0200,5f9ba03d-f545-4cd2-8996-d770f48fc74d,2026-07-20T23:15:00Z,2026-07-21T01:15:00+0200,330.5,MW,DK2,DK_2,forecast_offshore_wind_generation,Wind Offshore,2026-08-17T08:52:17Z
2026-08-17T08:43:25Z,2026-08-17T10:43:25+0200,5f9ba03d-f545-4cd2-8996-d770f48fc74d,2026-07-20T23:30:00Z,2026-07-21T01:30:00+0200,316.833333,MW,DK2,DK_2,forecast_offshore_wind_generation,Wind Offshore,2026-08-17T08:52:17Z
2026-08-17T08:43:25Z,2026-08-17T10:43:25+0200,5f9ba03d-f545-4cd2-8996-d770f48fc74d,2026-07-20T23:45:00Z,2026-07-21T01:45:00+0200,309.0,MW,DK2,DK_2,forecast_offshore_wind_generation,Wind Offshore,2026-08-17T08:52:17Z
2026-08-17T08:43:25Z,2026-08-17T10:43:25+0200,5f9ba03d-f545-4cd2-8996-d770f48fc74d,2026-07-21T00:00:00Z,2026-07-21T02:00:00+0200,308.0,MW,DK2,DK_2,forecast_offshore_wind_generation,Wind Offshore,2026-08-17T08:52:17Z
2026-08-17T08:43:25Z,2026-08-17T10:43:25+0200,5f9ba03d-f545-4cd2-8996-d770f48fc74d,2026-07-21T00:15:00Z,2026-07-21T02:15:00+0200,309.5,MW,DK2,DK_2,forecast_offshore_wind_generation,Wind Offshore,2026-08-17T08:52:17Z
2026-08-17T08:43:25Z,2026-08-17T10:43:25+0200,5f9ba03d-f545-4cd2-8996-d770f48fc74d,2026-07-21T00:30:00Z,2026-07-21T02:30:00+0200,313.0,MW,DK2,DK_2,forecast_offshore_wind_generation,Wind Offshore,2026-08-17T08:52:17Z
2026-08-17T08:43:25Z,2026-08-17T10:43:25+0200,5f9ba03d-f545-4cd2-8996-d770f48fc74d,2026-07-21T00:45:00Z,2026-07-21T02:45:00+0200,318.0,MW,DK2,DK_2,forecast_offshore_wind_generation,Wind Offshore,2026-08-17T08:52:17Z
2026-08-17T08:43:25Z,2026-08-17T10:43:25+0200,5f9ba03d-f545-4cd2-8996-d770f48fc74d,2026-07-21T01:00:00Z,2026-07-21T03:00:00+0200,325.666666,MW,DK2,DK_2,forecast_offshore_wind_generation,Wind Offshore,2026-08-17T08:52:17Z
2026-08-17T08:43:25Z,2026-08-17T10:43:25+0200,5f9ba03d-f545-4cd2-8996-d770f48fc74d,2026-07-21T01:15:00Z,2026-07-21T03:15:00+0200,338.0,MW,DK2,DK_2,forecast_offshore_wind_generation,Wind Offshore,2026-08-17T08:52:17Z
2026-08-17T08:43:25Z,2026-08-17T10:43:25+0200,5f9ba03d-f545-4cd2-8996-d770f48fc74d,2026-07-21T01:30:00Z,2026-07-21T03:30:00+0200,351.666666,MW,DK2,DK_2,forecast_offshore_wind_generation,Wind Offshore,2026-08-17T08:52:17Z
2026-08-17T08:43:25Z,2026-08-17T10:43:25+0200,5f9ba03d-f545-4cd2-8996-d770f48fc74d,2026-07-21T01:45:00Z,2026-07-21T03:45:00+0200,364.833333,MW,DK2,DK_2,forecast_offshore_wind_generation,Wind Offshore,2026-08-17T08:52:17Z
2026-08-17T08:43:25Z,2026-08-17T10:43:25+0200,5f9ba03d-f545-4cd2-8996-d770f48fc74d,2026-07-21T02:00:00Z,2026-07-21T04:00:00+0200,376.666666,MW,DK2,DK_2,forecast_offshore_wind_generation,Wind Offshore,2026-08-17T08:52:17Z
2026-08-17T08:43:25Z,2026-08-17T10:43:25+0200,5f9ba03d-f545-4cd2-8996-d770f48fc74d,2026-07-21T02:15:00Z,2026-07-21T04:15:00+0200,393.166666,MW,DK2,DK_2,forecast_offshore_wind_generation,Wind Offshore,2026-08-17T08:52:17Z
2026-08-17T08:43:25Z,2026-08-17T10:43:25+0200,5f9ba03d-f545-4cd2-8996-d770f48fc74d,2026-07-21T02:30:00Z,2026-07-21T04:30:00+0200,411.333333,MW,DK2,DK_2,forecast_offshore_wind_generation,Wind Offshore,2026-08-17T08:52:17Z
2026-08-17T08:43:25Z,2026-08-17T10:43:25+0200,5f9ba03d-f545-4cd2-8996-d770f48fc74d,2026-07-21T02:45:00Z,2026-07-21T04:45:00+0200,417.833333,MW,DK2,DK_2,forecast_offshore_wind_generation,Wind Offshore,2026-08-17T08:52:17Z
2026-08-17T08:43:25Z,2026-08-17T10:43:25+0200,5f9ba03d-f545-4cd2-8996-d770f48fc74d,2026-07-21T03:00:00Z,2026-07-21T05:00:00+0200,416.666666,MW,DK2,DK_2,forecast_offshore_wind_generation,Wind Offshore,2026-08-17T08:52:17Z
2026-08-17T08:43:25Z,2026-08-17T10:43:25+0200,5f9ba03d-f545-4cd2-8996-d770f48fc74d,2026-07-21T03:15:00Z,2026-07-21T05:15:00+0200,409.333333,MW,DK2,DK_2,forecast_offshore_wind_generation,Wind Offshore,2026-08-17T08:52:17Z
2026-08-17T08:43:25Z,2026-08-17T10:43:25+0200,5f9ba03d-f545-4cd2-8996-d770f48fc74d,2026-07-21T03:30:00Z,2026-07-21T05:30:00+0200,398.0,MW,DK2,DK_2,forecast_offshore_wind_generation,Wind Offshore,2026-08-17T08:52:17Z
2026-08-17T08:43:25Z,2026-08-17T10:43:25+0200,5f9ba03d-f545-4cd2-8996-d770f48fc74d,2026-07-21T03:45:00Z,2026-07-21T05:45:00+0200,387.0,MW,DK2,DK_2,forecast_offshore_wind_generation,Wind Offshore,2026-08-17T08:52:17Z
2026-08-17T08:43:25Z,2026-08-17T10:43:25+0200,5f9ba03d-f545-4cd2-8996-d770f48fc74d,2026-07-21T04:00:00Z,2026-07-21T06:00:00+0200,377.5,MW,DK2,DK_2,forecast_offshore_wind_generation,Wind Offshore,2026-08-17T08:52:17Z
2026-08-17T08:43:25Z,2026-08-17T10:43:25+0200,5f9ba03d-f545-4cd2-8996-d770f48fc74d,2026-07-21T04:15:00Z,2026-07-21T06:15:00+0200,370.0,MW,DK2,DK_2,forecast_offshore_wind_generation,Wind Offshore,2026-08-17T08:52:17Z
2026-08-17T08:43:25Z,2026-08-17T10:43:25+0200,5f9ba03d-f545-4cd2-8996-d770f48fc74d,2026-07-21T04:30:00Z,2026-07-21T06:30:00+0200,364.666666,MW,DK2,DK_2,forecast_offshore_wind_generation,Wind Offshore,2026-08-17T08:52:17Z
2026-08-17T08:43:25Z,2026-08-17T10:43:25+0200,5f9ba03d-f545-4cd2-8996-d770f48fc74d,2026-07-21T04:45:00Z,2026-07-21T06:45:00+0200,360.5,MW,DK2,DK_2,forecast_offshore_wind_generation,Wind Offshore,2026-08-17T08:52:17Z
2026-08-17T08:43:25Z,2026-08-17T10:43:25+0200,5f9ba03d-f545-4cd2-8996-d770f48fc74d,2026-07-21T05:00:00Z,2026-07-21T07:00:00+0200,358.666666,MW,DK2,DK_2,forecast_offshore_wind_generation,Wind Offshore,2026-08-17T08:52:17Z
2026-08-17T08:43:25Z,2026-08-17T10:43:25+0200,5f9ba03d-f545-4cd2-8996-d770f48fc74d,2026-07-21T05:15:00Z,2026-07-21T07:15:00+0200,362.333333,MW,DK2,DK_2,forecast_offshore_wind_generation,Wind Offshore,2026-08-17T08:52:17Z
2026-08-17T08:43:25Z,2026-08-17T10:43:25+0200,5f9ba03d-f545-4cd2-8996-d770f48fc74d,2026-07-21T05:30:00Z,2026-07-21T07:30:00+0200,370.833333,MW,DK2,DK_2,forecast_offshore_wind_generation,Wind Offshore,2026-08-17T08:52:17Z
2026-08-17T08:43:25Z,2026-08-17T10:43:25+0200,5f9ba03d-f545-4cd2-8996-d770f48fc74d,2026-07-21T05:45:00Z,2026-07-21T07:45:00+0200,377.166666,MW,DK2,DK_2,forecast_offshore_wind_generation,Wind Offshore,2026-08-17T08:52:17Z
2026-08-17T08:43:25Z,2026-08-17T10:43:25+0200,5f9ba03d-f545-4cd2-8996-d770f48fc74d,2026-07-21T06:00:00Z,2026-07-21T08:00:00+0200,375.0,MW,DK2,DK_2,forecast_offshore_wind_generation,Wind Offshore,2026-08-17T08:52:17Z
2026-08-17T08:43:25Z,2026-08-17T10:43:25+0200,5f9ba03d-f545-4cd2-8996-d770f48fc74d,2026-07-21T06:15:00Z,2026-07-21T08:15:00+0200,363.833333,MW,DK2,DK_2,forecast_offshore_wind_generation,Wind Offshore,2026-08-17T08:52:17Z
2026-08-17T08:43:25Z,2026-08-17T10:43:25+0200,5f9ba03d-f545-4cd2-8996-d770f48fc74d,2026-07-21T06:30:00Z,2026-07-21T08:30:00+0200,348.833333,MW,DK2,DK_2,forecast_offshore_wind_generation,Wind Offshore,2026-08-17T08:52:17Z
2026-08-17T08:43:25Z,2026-08-17T10:43:25+0200,5f9ba03d-f545-4cd2-8996-d770f48fc74d,2026-07-21T06:45:00Z,2026-07-21T08:45:00+0200,336.666666,MW,DK2,DK_2,forecast_offshore_wind_generation,Wind Offshore,2026-08-17T08:52:17Z
2026-08-17T08:43:25Z,2026-08-17T10:43:25+0200,5f9ba03d-f545-4cd2-8996-d770f48fc74d,2026-07-21T07:00:00Z,2026-07-21T09:00:00+0200,328.833333,MW,DK2,DK_2,forecast_offshore_wind_generation,Wind Offshore,2026-08-17T08:52:17Z
2026-08-17T08:43:25Z,2026-08-17T10:43:25+0200,5f9ba03d-f545-4cd2-8996-d770f48fc74d,2026-07-21T07:15:00Z,2026-07-21T09:15:00+0200,320.5,MW,DK2,DK_2,forecast_offshore_wind_generation,Wind Offshore,2026-08-17T08:52:17Z
2026-08-17T08:43:25Z,2026-08-17T10:43:25+0200,5f9ba03d-f545-4cd2-8996-d770f48fc74d,2026-07-21T07:30:00Z,2026-07-21T09:30:00+0200,311.5,MW,DK2,DK_2,forecast_offshore_wind_generation,Wind Offshore,2026-08-17T08:52:17Z
2026-08-17T08:43:25Z,2026-08-17T10:43:25+0200,5f9ba03d-f545-4cd2-8996-d770f48fc74d,2026-07-21T07:45:00Z,2026-07-21T09:45:00+0200,302.666666,MW,DK2,DK_2,forecast_offshore_wind_generation,Wind Offshore,2026-08-17T08:52:17Z
2026-08-17T08:43:25Z,2026-08-17T10:43:25+0200,5f9ba03d-f545-4cd2-8996-d770f48fc74d,2026-07-21T08:00:00Z,2026-07-21T10:00:00+0200,295.166666,MW,DK2,DK_2,forecast_offshore_wind_generation,Wind Offshore,2026-08-17T08:52:17Z
2026-08-17T08:43:25Z,2026-08-17T10:43:25+0200,5f9ba03d-f545-4cd2-8996-d770f48fc74d,2026-07-21T08:15:00Z,2026-07-21T10:15:00+0200,288.166666,MW,DK2,DK_2,forecast_offshore_wind_generation,Wind Offshore,2026-08-17T08:52:17Z
2026-08-17T08:43:25Z,2026-08-17T10:43:25+0200,5f9ba03d-f545-4cd2-8996-d770f48fc74d,2026-07-21T08:30:00Z,2026-07-21T10:30:00+0200,280.666666,MW,DK2,DK_2,forecast_offshore_wind_generation,Wind Offshore,2026-08-17T08:52:17Z
2026-08-17T08:43:25Z,2026-08-17T10:43:25+0200,5f9ba03d-f545-4cd2-8996-d770f48fc74d,2026-07-21T08:45:00Z,2026-07-21T10:45:00+0200,272.5,MW,DK2,DK_2,forecast_offshore_wind_generation,Wind Offshore,2026-08-17T08:52:17Z
2026-08-17T08:43:25Z,2026-08-17T10:43:25+0200,5f9ba03d-f545-4cd2-8996-d770f48fc74d,2026-07-21T09:00:00Z,2026-07-21T11:00:00+0200,263.333333,MW,DK2,DK_2,forecast_offshore_wind_generation,Wind Offshore,2026-08-17T08:52:17Z
2026-08-17T08:43:25Z,2026-08-17T10:43:25+0200,5f9ba03d-f545-4cd2-8996-d770f48fc74d,2026-07-21T09:15:00Z,2026-07-21T11:15:00+0200,252.5,MW,DK2,DK_2,forecast_offshore_wind_generation,Wind Offshore,2026-08-17T08:52:17Z
2026-08-17T08:43:25Z,2026-08-17T10:43:25+0200,5f9ba03d-f545-4cd2-8996-d770f48fc74d,2026-07-21T09:30:00Z,2026-07-21T11:30:00+0200,241.666666,MW,DK2,DK_2,forecast_offshore_wind_generation,Wind Offshore,2026-08-17T08:52:17Z
2026-08-17T08:43:25Z,2026-08-17T10:43:25+0200,5f9ba03d-f545-4cd2-8996-d770f48fc74d,2026-07-21T09:45:00Z,2026-07-21T11:45:00+0200,234.166666,MW,DK2,DK_2,forecast_offshore_wind_generation,Wind Offshore,2026-08-17T08:52:17Z
2026-08-17T08:43:25Z,2026-08-17T10:43:25+0200,5f9ba03d-f545-4cd2-8996-d770f48fc74d,2026-07-21T10:00:00Z,2026-07-21T12:00:00+0200,230.166666,MW,DK2,DK_2,forecast_offshore_wind_generation,Wind Offshore,2026-08-17T08:52:17Z
2026-08-17T08:43:25Z,2026-08-17T10:43:25+0200,5f9ba03d-f545-4cd2-8996-d770f48fc74d,2026-07-21T10:15:00Z,2026-07-21T12:15:00+0200,229.0,MW,DK2,DK_2,forecast_offshore_wind_generation,Wind Offshore,2026-08-17T08:52:17Z
2026-08-17T08:43:25Z,2026-08-17T10:43:25+0200,5f9ba03d-f545-4cd2-8996-d770f48fc74d,2026-07-21T10:30:00Z,2026-07-21T12:30:00+0200,229.5,MW,DK2,DK_2,forecast_offshore_wind_generation,Wind Offshore,2026-08-17T08:52:17Z
2026-08-17T08:43:25Z,2026-08-17T10:43:25+0200,5f9ba03d-f545-4cd2-8996-d770f48fc74d,2026-07-21T10:45:00Z,2026-07-21T12:45:00+0200,231.333333,MW,DK2,DK_2,forecast_offshore_wind_generation,Wind Offshore,2026-08-17T08:52:17Z
2026-08-17T08:43:25Z,2026-08-17T10:43:25+0200,5f9ba03d-f545-4cd2-8996-d770f48fc74d,2026-07-21T11:00:00Z,2026-07-21T13:00:00+0200,232.5,MW,DK2,DK_2,forecast_offshore_wind_generation,Wind Offshore,2026-08-17T08:52:17Z
2026-08-17T08:43:25Z,2026-08-17T10:43:25+0200,5f9ba03d-f545-4cd2-8996-d770f48fc74d,2026-07-21T11:15:00Z,2026-07-21T13:15:00+0200,234.333333,MW,DK2,DK_2,forecast_offshore_wind_generation,Wind Offshore,2026-08-17T08:52:17Z
2026-08-17T08:43:25Z,2026-08-17T10:43:25+0200,5f9ba03d-f545-4cd2-8996-d770f48fc74d,2026-07-21T11:30:00Z,2026-07-21T13:30:00+0200,235.833333,MW,DK2,DK_2,forecast_offshore_wind_generation,Wind Offshore,2026-08-17T08:52:17Z
2026-08-17T08:43:25Z,2026-08-17T10:43:25+0200,5f9ba03d-f545-4cd2-8996-d770f48fc74d,2026-07-21T11:45:00Z,2026-07-21T13:45:00+0200,235.833333,MW,DK2,DK_2,forecast_offshore_wind_generation,Wind Offshore,2026-08-17T08:52:17Z
2026-08-17T08:43:25Z,2026-08-17T10:43:25+0200,5f9ba03d-f545-4cd2-8996-d770f48fc74d,2026-07-21T12:00:00Z,2026-07-21T14:00:00+0200,234.5,MW,DK2,DK_2,forecast_offshore_wind_generation,Wind Offshore,2026-08-17T08:52:17Z
2026-08-17T08:43:25Z,2026-08-17T10:43:25+0200,5f9ba03d-f545-4cd2-8996-d770f48fc74d,2026-07-21T12:15:00Z,2026-07-21T14:15:00+0200,232.5,MW,DK2,DK_2,forecast_offshore_wind_generation,Wind Offshore,2026-08-17T08:52:17Z
2026-08-17T08:43:25Z,2026-08-17T10:43:25+0200,5f9ba03d-f545-4cd2-8996-d770f48fc74d,2026-07-21T12:30:00Z,2026-07-21T14:30:00+0200,230.333333,MW,DK2,DK_2,forecast_offshore_wind_generation,Wind Offshore,2026-08-17T08:52:17Z
2026-08-17T08:43:25Z,2026-08-17T10:43:25+0200,5f9ba03d-f545-4cd2-8996-d770f48fc74d,2026-07-21T12:45:00Z,2026-07-21T14:45:00+0200,227.833333,MW,DK2,DK_2,forecast_offshore_wind_generation,Wind Offshore,2026-08-17T08:52:17Z
2026-08-17T08:43:25Z,2026-08-17T10:43:25+0200,5f9ba03d-f545-4cd2-8996-d770f48fc74d,2026-07-21T13:00:00Z,2026-07-21T15:00:00+0200,223.833333,MW,DK2,DK_2,forecast_offshore_wind_generation,Wind Offshore,2026-08-17T08:52:17Z
2026-08-17T08:43:25Z,2026-08-17T10:43:25+0200,5f9ba03d-f545-4cd2-8996-d770f48fc74d,2026-07-21T13:15:00Z,2026-07-21T15:15:00+0200,218.0,MW,DK2,DK_2,forecast_offshore_wind_generation,Wind Offshore,2026-08-17T08:52:17Z
2026-08-17T08:43:25Z,2026-08-17T10:43:25+0200,5f9ba03d-f545-4cd2-8996-d770f48fc74d,2026-07-21T13:30:00Z,2026-07-21T15:30:00+0200,212.0,MW,DK2,DK_2,forecast_offshore_wind_generation,Wind Offshore,2026-08-17T08:52:17Z
2026-08-17T08:43:25Z,2026-08-17T10:43:25+0200,5f9ba03d-f545-4cd2-8996-d770f48fc74d,2026-07-21T13:45:00Z,2026-07-21T15:45:00+0200,207.666666,MW,DK2,DK_2,forecast_offshore_wind_generation,Wind Offshore,2026-08-17T08:52:17Z
2026-08-17T08:43:25Z,2026-08-17T10:43:25+0200,5f9ba03d-f545-4cd2-8996-d770f48fc74d,2026-07-21T14:00:00Z,2026-07-21T16:00:00+0200,206.166666,MW,DK2,DK_2,forecast_offshore_wind_generation,Wind Offshore,2026-08-17T08:52:17Z
2026-08-17T08:43:25Z,2026-08-17T10:43:25+0200,5f9ba03d-f545-4cd2-8996-d770f48fc74d,2026-07-21T14:15:00Z,2026-07-21T16:15:00+0200,206.166666,MW,DK2,DK_2,forecast_offshore_wind_generation,Wind Offshore,2026-08-17T08:52:17Z
2026-08-17T08:43:25Z,2026-08-17T10:43:25+0200,5f9ba03d-f545-4cd2-8996-d770f48fc74d,2026-07-21T14:30:00Z,2026-07-21T16:30:00+0200,207.5,MW,DK2,DK_2,forecast_offshore_wind_generation,Wind Offshore,2026-08-17T08:52:17Z
2026-08-17T08:43:25Z,2026-08-17T10:43:25+0200,5f9ba03d-f545-4cd2-8996-d770f48fc74d,2026-07-21T14:45:00Z,2026-07-21T16:45:00+0200,208.833333,MW,DK2,DK_2,forecast_offshore_wind_generation,Wind Offshore,2026-08-17T08:52:17Z
2026-08-17T08:43:25Z,2026-08-17T10:43:25+0200,5f9ba03d-f545-4cd2-8996-d770f48fc74d,2026-07-21T15:00:00Z,2026-07-21T17:00:00+0200,208.833333,MW,DK2,DK_2,forecast_offshore_wind_generation,Wind Offshore,2026-08-17T08:52:17Z
2026-08-17T08:43:25Z,2026-08-17T10:43:25+0200,5f9ba03d-f545-4cd2-8996-d770f48fc74d,2026-07-21T15:15:00Z,2026-07-21T17:15:00+0200,208.166666,MW,DK2,DK_2,forecast_offshore_wind_generation,Wind Offshore,2026-08-17T08:52:17Z
2026-08-17T08:43:25Z,2026-08-17T10:43:25+0200,5f9ba03d-f545-4cd2-8996-d770f48fc74d,2026-07-21T15:30:00Z,2026-07-21T17:30:00+0200,209.5,MW,DK2,DK_2,forecast_offshore_wind_generation,Wind Offshore,2026-08-17T08:52:17Z
2026-08-17T08:43:25Z,2026-08-17T10:43:25+0200,5f9ba03d-f545-4cd2-8996-d770f48fc74d,2026-07-21T15:45:00Z,2026-07-21T17:45:00+0200,212.333333,MW,DK2,DK_2,forecast_offshore_wind_generation,Wind Offshore,2026-08-17T08:52:17Z
2026-08-17T08:43:25Z,2026-08-17T10:43:25+0200,5f9ba03d-f545-4cd2-8996-d770f48fc74d,2026-07-21T16:00:00Z,2026-07-21T18:00:00+0200,217.0,MW,DK2,DK_2,forecast_offshore_wind_generation,Wind Offshore,2026-08-17T08:52:17Z
2026-08-17T08:43:25Z,2026-08-17T10:43:25+0200,5f9ba03d-f545-4cd2-8996-d770f48fc74d,2026-07-21T16:15:00Z,2026-07-21T18:15:00+0200,224.0,MW,DK2,DK_2,forecast_offshore_wind_generation,Wind Offshore,2026-08-17T08:52:17Z
2026-08-17T08:43:25Z,2026-08-17T10:43:25+0200,5f9ba03d-f545-4cd2-8996-d770f48fc74d,2026-07-21T16:30:00Z,2026-07-21T18:30:00+0200,232.5,MW,DK2,DK_2,forecast_offshore_wind_generation,Wind Offshore,2026-08-17T08:52:17Z
2026-08-17T08:43:25Z,2026-08-17T10:43:25+0200,5f9ba03d-f545-4cd2-8996-d770f48fc74d,2026-07-21T16:45:00Z,2026-07-21T18:45:00+0200,240.666666,MW,DK2,DK_2,forecast_offshore_wind_generation,Wind Offshore,2026-08-17T08:52:17Z
2026-08-17T08:43:25Z,2026-08-17T10:43:25+0200,5f9ba03d-f545-4cd2-8996-d770f48fc74d,2026-07-21T17:00:00Z,2026-07-21T19:00:00+0200,249.666666,MW,DK2,DK_2,forecast_offshore_wind_generation,Wind Offshore,2026-08-17T08:52:17Z
2026-08-17T08:43:25Z,2026-08-17T10:43:25+0200,5f9ba03d-f545-4cd2-8996-d770f48fc74d,2026-07-21T17:15:00Z,2026-07-21T19:15:00+0200,260.166666,MW,DK2,DK_2,forecast_offshore_wind_generation,Wind Offshore,2026-08-17T08:52:17Z
2026-08-17T08:43:25Z,2026-08-17T10:43:25+0200,5f9ba03d-f545-4cd2-8996-d770f48fc74d,2026-07-21T17:30:00Z,2026-07-21T19:30:00+0200,272.0,MW,DK2,DK_2,forecast_offshore_wind_generation,Wind Offshore,2026-08-17T08:52:17Z
2026-08-17T08:43:25Z,2026-08-17T10:43:25+0200,5f9ba03d-f545-4cd2-8996-d770f48fc74d,2026-07-21T17:45:00Z,2026-07-21T19:45:00+0200,282.333333,MW,DK2,DK_2,forecast_offshore_wind_generation,Wind Offshore,2026-08-17T08:52:17Z
2026-08-17T08:43:25Z,2026-08-17T10:43:25+0200,5f9ba03d-f545-4cd2-8996-d770f48fc74d,2026-07-21T18:00:00Z,2026-07-21T20:00:00+0200,288.0,MW,DK2,DK_2,forecast_offshore_wind_generation,Wind Offshore,2026-08-17T08:52:17Z
2026-08-17T08:43:25Z,2026-08-17T10:43:25+0200,5f9ba03d-f545-4cd2-8996-d770f48fc74d,2026-07-21T18:15:00Z,2026-07-21T20:15:00+0200,293.0,MW,DK2,DK_2,forecast_offshore_wind_generation,Wind Offshore,2026-08-17T08:52:17Z
2026-08-17T08:43:25Z,2026-08-17T10:43:25+0200,5f9ba03d-f545-4cd2-8996-d770f48fc74d,2026-07-21T18:30:00Z,2026-07-21T20:30:00+0200,299.0,MW,DK2,DK_2,forecast_offshore_wind_generation,Wind Offshore,2026-08-17T08:52:17Z
2026-08-17T08:43:25Z,2026-08-17T10:43:25+0200,5f9ba03d-f545-4cd2-8996-d770f48fc74d,2026-07-21T18:45:00Z,2026-07-21T20:45:00+0200,306.0,MW,DK2,DK_2,forecast_offshore_wind_generation,Wind Offshore,2026-08-17T08:52:17Z
2026-08-17T08:43:25Z,2026-08-17T10:43:25+0200,5f9ba03d-f545-4cd2-8996-d770f48fc74d,2026-07-21T19:00:00Z,2026-07-21T21:00:00+0200,316.333333,MW,DK2,DK_2,forecast_offshore_wind_generation,Wind Offshore,2026-08-17T08:52:17Z
2026-08-17T08:43:25Z,2026-08-17T10:43:25+0200,5f9ba03d-f545-4cd2-8996-d770f48fc74d,2026-07-21T19:15:00Z,2026-07-21T21:15:00+0200,332.166666,MW,DK2,DK_2,forecast_offshore_wind_generation,Wind Offshore,2026-08-17T08:52:17Z
2026-08-17T08:43:25Z,2026-08-17T10:43:25+0200,5f9ba03d-f545-4cd2-8996-d770f48fc74d,2026-07-21T19:30:00Z,2026-07-21T21:30:00+0200,351.833333,MW,DK2,DK_2,forecast_offshore_wind_generation,Wind Offshore,2026-08-17T08:52:17Z
2026-08-17T08:43:25Z,2026-08-17T10:43:25+0200,5f9ba03d-f545-4cd2-8996-d770f48fc74d,2026-07-21T19:45:00Z,2026-07-21T21:45:00+0200,370.333333,MW,DK2,DK_2,forecast_offshore_wind_generation,Wind Offshore,2026-08-17T08:52:17Z
2026-08-17T08:43:25Z,2026-08-17T10:43:25+0200,5f9ba03d-f545-4cd2-8996-d770f48fc74d,2026-07-21T20:00:00Z,2026-07-21T22:00:00+0200,387.0,MW,DK2,DK_2,forecast_offshore_wind_generation,Wind Offshore,2026-08-17T08:52:17Z
2026-08-17T08:43:25Z,2026-08-17T10:43:25+0200,5f9ba03d-f545-4cd2-8996-d770f48fc74d,2026-07-21T20:15:00Z,2026-07-21T22:15:00+0200,415.333333,MW,DK2,DK_2,forecast_offshore_wind_generation,Wind Offshore,2026-08-17T08:52:17Z
2026-08-17T08:43:25Z,2026-08-17T10:43:25+0200,5f9ba03d-f545-4cd2-8996-d770f48fc74d,2026-07-21T20:30:00Z,2026-07-21T22:30:00+0200,455.833333,MW,DK2,DK_2,forecast_offshore_wind_generation,Wind Offshore,2026-08-17T08:52:17Z
2026-08-17T08:43:25Z,2026-08-17T10:43:25+0200,5f9ba03d-f545-4cd2-8996-d770f48fc74d,2026-07-21T20:45:00Z,2026-07-21T22:45:00+0200,491.0,MW,DK2,DK_2,forecast_offshore_wind_generation,Wind Offshore,2026-08-17T08:52:17Z
2026-08-17T08:43:25Z,2026-08-17T10:43:25+0200,5f9ba03d-f545-4cd2-8996-d770f48fc74d,2026-07-21T21:00:00Z,2026-07-21T23:00:00+0200,503.666666,MW,DK2,DK_2,forecast_offshore_wind_generation,Wind Offshore,2026-08-17T08:52:17Z
2026-08-17T08:43:25Z,2026-08-17T10:43:25+0200,5f9ba03d-f545-4cd2-8996-d770f48fc74d,2026-07-21T21:15:00Z,2026-07-21T23:15:00+0200,514.166666,MW,DK2,DK_2,forecast_offshore_wind_generation,Wind Offshore,2026-08-17T08:52:17Z
2026-08-17T08:43:25Z,2026-08-17T10:43:25+0200,5f9ba03d-f545-4cd2-8996-d770f48fc74d,2026-07-21T21:30:00Z,2026-07-21T23:30:00+0200,525.0,MW,DK2,DK_2,forecast_offshore_wind_generation,Wind Offshore,2026-08-17T08:52:17Z
2026-08-17T08:43:25Z,2026-08-17T10:43:25+0200,5f9ba03d-f545-4cd2-8996-d770f48fc74d,2026-07-21T21:45:00Z,2026-07-21T23:45:00+0200,534.333333,MW,DK2,DK_2,forecast_offshore_wind_generation,Wind Offshore,2026-08-17T08:52:17Z
2026-08-17T08:43:25Z,2026-08-17T10:43:25+0200,5f9ba03d-f545-4cd2-8996-d770f48fc74d,2026-07-21T22:00:00Z,2026-07-22T00:00:00+0200,487.0,MW,DK2,DK_2,forecast_offshore_wind_generation,Wind Offshore,2026-08-17T08:52:17Z
2026-08-17T08:43:25Z,2026-08-17T10:43:25+0200,5f9ba03d-f545-4cd2-8996-d770f48fc74d,2026-07-21T22:15:00Z,2026-07-22T00:15:00+0200,499.166666,MW,DK2,DK_2,forecast_offshore_wind_generation,Wind Offshore,2026-08-17T08:52:17Z
2026-08-17T08:43:25Z,2026-08-17T10:43:25+0200,5f9ba03d-f545-4cd2-8996-d770f48fc74d,2026-07-21T22:30:00Z,2026-07-22T00:30:00+0200,511.5,MW,DK2,DK_2,forecast_offshore_wind_generation,Wind Offshore,2026-08-17T08:52:17Z
2026-08-17T08:43:25Z,2026-08-17T10:43:25+0200,5f9ba03d-f545-4cd2-8996-d770f48fc74d,2026-07-21T22:45:00Z,2026-07-22T00:45:00+0200,521.333333,MW,DK2,DK_2,forecast_offshore_wind_generation,Wind Offshore,2026-08-17T08:52:17Z
2026-08-17T08:43:25Z,2026-08-17T10:43:25+0200,5f9ba03d-f545-4cd2-8996-d770f48fc74d,2026-07-21T23:00:00Z,2026-07-22T01:00:00+0200,528.166666,MW,DK2,DK_2,forecast_offshore_wind_generation,Wind Offshore,2026-08-17T08:52:17Z
2026-08-17T08:43:25Z,2026-08-17T10:43:25+0200,5f9ba03d-f545-4cd2-8996-d770f48fc74d,2026-07-21T23:15:00Z,2026-07-22T01:15:00+0200,535.0,MW,DK2,DK_2,forecast_offshore_wind_generation,Wind Offshore,2026-08-17T08:52:17Z
2026-08-17T08:43:25Z,2026-08-17T10:43:25+0200,5f9ba03d-f545-4cd2-8996-d770f48fc74d,2026-07-21T23:30:00Z,2026-07-22T01:30:00+0200,541.0,MW,DK2,DK_2,forecast_offshore_wind_generation,Wind Offshore,2026-08-17T08:52:17Z
2026-08-17T08:43:25Z,2026-08-17T10:43:25+0200,5f9ba03d-f545-4cd2-8996-d770f48fc74d,2026-07-21T23:45:00Z,2026-07-22T01:45:00+0200,547.0,MW,DK2,DK_2,forecast_offshore_wind_generation,Wind Offshore,2026-08-17T08:52:17Z
2026-08-17T08:43:25Z,2026-08-17T10:43:25+0200,5f9ba03d-f545-4cd2-8996-d770f48fc74d,2026-07-22T00:00:00Z,2026-07-22T02:00:00+0200,553.0,MW,DK2,DK_2,forecast_offshore_wind_generation,Wind Offshore,2026-08-17T08:52:17Z
2026-08-17T08:43:25Z,2026-08-17T10:43:25+0200,5f9ba03d-f545-4cd2-8996-d770f48fc74d,2026-07-22T00:15:00Z,2026-07-22T02:15:00+0200,557.5,MW,DK2,DK_2,forecast_offshore_wind_generation,Wind Offshore,2026-08-17T08:52:17Z
2026-08-17T08:43:25Z,2026-08-17T10:43:25+0200,5f9ba03d-f545-4cd2-8996-d770f48fc74d,2026-07-22T00:30:00Z,2026-07-22T02:30:00+0200,560.333333,MW,DK2,DK_2,forecast_offshore_wind_generation,Wind Offshore,2026-08-17T08:52:17Z
2026-08-17T08:43:25Z,2026-08-17T10:43:25+0200,5f9ba03d-f545-4cd2-8996-d770f48fc74d,2026-07-22T00:45:00Z,2026-07-22T02:45:00+0200,562.5,MW,DK2,DK_2,forecast_offshore_wind_generation,Wind Offshore,2026-08-17T08:52:17Z
2026-08-17T08:43:25Z,2026-08-17T10:43:25+0200,5f9ba03d-f545-4cd2-8996-d770f48fc74d,2026-07-22T01:00:00Z,2026-07-22T03:00:00+0200,565.666666,MW,DK2,DK_2,forecast_offshore_wind_generation,Wind Offshore,2026-08-17T08:52:17Z
2026-08-17T08:43:25Z,2026-08-17T10:43:25+0200,5f9ba03d-f545-4cd2-8996-d770f48fc74d,2026-07-22T01:15:00Z,2026-07-22T03:15:00+0200,569.666666,MW,DK2,DK_2,forecast_offshore_wind_generation,Wind Offshore,2026-08-17T08:52:17Z
2026-08-17T08:43:25Z,2026-08-17T10:43:25+0200,5f9ba03d-f545-4cd2-8996-d770f48fc74d,2026-07-22T01:30:00Z,2026-07-22T03:30:00+0200,574.5,MW,DK2,DK_2,forecast_offshore_wind_generation,Wind Offshore,2026-08-17T08:52:17Z
2026-08-17T08:43:25Z,2026-08-17T10:43:25+0200,5f9ba03d-f545-4cd2-8996-d770f48fc74d,2026-07-22T01:45:00Z,2026-07-22T03:45:00+0200,578.333333,MW,DK2,DK_2,forecast_offshore_wind_generation,Wind Offshore,2026-08-17T08:52:17Z
2026-08-17T08:43:25Z,2026-08-17T10:43:25+0200,5f9ba03d-f545-4cd2-8996-d770f48fc74d,2026-07-22T02:00:00Z,2026-07-22T04:00:00+0200,579.0,MW,DK2,DK_2,forecast_offshore_wind_generation,Wind Offshore,2026-08-17T08:52:17Z
2026-08-17T08:43:25Z,2026-08-17T10:43:25+0200,5f9ba03d-f545-4cd2-8996-d770f48fc74d,2026-07-22T02:15:00Z,2026-07-22T04:15:00+0200,579.0,MW,DK2,DK_2,forecast_offshore_wind_generation,Wind Offshore,2026-08-17T08:52:17Z
2026-08-17T08:43:25Z,2026-08-17T10:43:25+0200,5f9ba03d-f545-4cd2-8996-d770f48fc74d,2026-07-22T02:30:00Z,2026-07-22T04:30:00+0200,578.166666,MW,DK2,DK_2,forecast_offshore_wind_generation,Wind Offshore,2026-08-17T08:52:17Z
2026-08-17T08:43:25Z,2026-08-17T10:43:25+0200,5f9ba03d-f545-4cd2-8996-d770f48fc74d,2026-07-22T02:45:00Z,2026-07-22T04:45:00+0200,577.5,MW,DK2,DK_2,forecast_offshore_wind_generation,Wind Offshore,2026-08-17T08:52:17Z
2026-08-17T08:43:25Z,2026-08-17T10:43:25+0200,5f9ba03d-f545-4cd2-8996-d770f48fc74d,2026-07-22T03:00:00Z,2026-07-22T05:00:00+0200,577.0,MW,DK2,DK_2,forecast_offshore_wind_generation,Wind Offshore,2026-08-17T08:52:17Z
2026-08-17T08:43:25Z,2026-08-17T10:43:25+0200,5f9ba03d-f545-4cd2-8996-d770f48fc74d,2026-07-22T03:15:00Z,2026-07-22T05:15:00+0200,577.166666,MW,DK2,DK_2,forecast_offshore_wind_generation,Wind Offshore,2026-08-17T08:52:17Z
2026-08-17T08:43:25Z,2026-08-17T10:43:25+0200,5f9ba03d-f545-4cd2-8996-d770f48fc74d,2026-07-22T03:30:00Z,2026-07-22T05:30:00+0200,578.166666,MW,DK2,DK_2,forecast_offshore_wind_generation,Wind Offshore,2026-08-17T08:52:17Z
2026-08-17T08:43:25Z,2026-08-17T10:43:25+0200,5f9ba03d-f545-4cd2-8996-d770f48fc74d,2026-07-22T03:45:00Z,2026-07-22T05:45:00+0200,579.5,MW,DK2,DK_2,forecast_offshore_wind_generation,Wind Offshore,2026-08-17T08:52:17Z
2026-08-17T08:43:25Z,2026-08-17T10:43:25+0200,5f9ba03d-f545-4cd2-8996-d770f48fc74d,2026-07-22T04:00:00Z,2026-07-22T06:00:00+0200,581.0,MW,DK2,DK_2,forecast_offshore_wind_generation,Wind Offshore,2026-08-17T08:52:17Z
2026-08-17T08:43:25Z,2026-08-17T10:43:25+0200,5f9ba03d-f545-4cd2-8996-d770f48fc74d,2026-07-22T04:15:00Z,2026-07-22T06:15:00+0200,582.5,MW,DK2,DK_2,forecast_offshore_wind_generation,Wind Offshore,2026-08-17T08:52:17Z
2026-08-17T08:43:25Z,2026-08-17T10:43:25+0200,5f9ba03d-f545-4cd2-8996-d770f48fc74d,2026-07-22T04:30:00Z,2026-07-22T06:30:00+0200,584.333333,MW,DK2,DK_2,forecast_offshore_wind_generation,Wind Offshore,2026-08-17T08:52:17Z
2026-08-17T08:43:25Z,2026-08-17T10:43:25+0200,5f9ba03d-f545-4cd2-8996-d770f48fc74d,2026-07-22T04:45:00Z,2026-07-22T06:45:00+0200,585.833333,MW,DK2,DK_2,forecast_offshore_wind_generation,Wind Offshore,2026-08-17T08:52:17Z
2026-08-17T08:43:25Z,2026-08-17T10:43:25+0200,5f9ba03d-f545-4cd2-8996-d770f48fc74d,2026-07-22T05:00:00Z,2026-07-22T07:00:00+0200,587.0,MW,DK2,DK_2,forecast_offshore_wind_generation,Wind Offshore,2026-08-17T08:52:17Z
2026-08-17T08:43:25Z,2026-08-17T10:43:25+0200,5f9ba03d-f545-4cd2-8996-d770f48fc74d,2026-07-22T05:15:00Z,2026-07-22T07:15:00+0200,588.0,MW,DK2,DK_2,forecast_offshore_wind_generation,Wind Offshore,2026-08-17T08:52:17Z
2026-08-17T08:43:25Z,2026-08-17T10:43:25+0200,5f9ba03d-f545-4cd2-8996-d770f48fc74d,2026-07-22T05:30:00Z,2026-07-22T07:30:00+0200,588.833333,MW,DK2,DK_2,forecast_offshore_wind_generation,Wind Offshore,2026-08-17T08:52:17Z
2026-08-17T08:43:25Z,2026-08-17T10:43:25+0200,5f9ba03d-f545-4cd2-8996-d770f48fc74d,2026-07-22T05:45:00Z,2026-07-22T07:45:00+0200,589.5,MW,DK2,DK_2,forecast_offshore_wind_generation,Wind Offshore,2026-08-17T08:52:17Z
2026-08-17T08:43:25Z,2026-08-17T10:43:25+0200,5f9ba03d-f545-4cd2-8996-d770f48fc74d,2026-07-22T06:00:00Z,2026-07-22T08:00:00+0200,591.333333,MW,DK2,DK_2,forecast_offshore_wind_generation,Wind Offshore,2026-08-17T08:52:17Z
2026-08-17T08:43:25Z,2026-08-17T10:43:25+0200,5f9ba03d-f545-4cd2-8996-d770f48fc74d,2026-07-22T06:15:00Z,2026-07-22T08:15:00+0200,593.0,MW,DK2,DK_2,forecast_offshore_wind_generation,Wind Offshore,2026-08-17T08:52:17Z
2026-08-17T08:43:25Z,2026-08-17T10:43:25+0200,5f9ba03d-f545-4cd2-8996-d770f48fc74d,2026-07-22T06:30:00Z,2026-07-22T08:30:00+0200,595.0,MW,DK2,DK_2,forecast_offshore_wind_generation,Wind Offshore,2026-08-17T08:52:17Z
2026-08-17T08:43:25Z,2026-08-17T10:43:25+0200,5f9ba03d-f545-4cd2-8996-d770f48fc74d,2026-07-22T06:45:00Z,2026-07-22T08:45:00+0200,597.5,MW,DK2,DK_2,forecast_offshore_wind_generation,Wind Offshore,2026-08-17T08:52:17Z
2026-08-17T08:43:25Z,2026-08-17T10:43:25+0200,5f9ba03d-f545-4cd2-8996-d770f48fc74d,2026-07-22T07:00:00Z,2026-07-22T09:00:00+0200,602.666666,MW,DK2,DK_2,forecast_offshore_wind_generation,Wind Offshore,2026-08-17T08:52:17Z
2026-08-17T08:43:25Z,2026-08-17T10:43:25+0200,5f9ba03d-f545-4cd2-8996-d770f48fc74d,2026-07-22T07:15:00Z,2026-07-22T09:15:00+0200,614.5,MW,DK2,DK_2,forecast_offshore_wind_generation,Wind Offshore,2026-08-17T08:52:17Z
2026-08-17T08:43:25Z,2026-08-17T10:43:25+0200,5f9ba03d-f545-4cd2-8996-d770f48fc74d,2026-07-22T07:30:00Z,2026-07-22T09:30:00+0200,629.0,MW,DK2,DK_2,forecast_offshore_wind_generation,Wind Offshore,2026-08-17T08:52:17Z
2026-08-17T08:43:25Z,2026-08-17T10:43:25+0200,5f9ba03d-f545-4cd2-8996-d770f48fc74d,2026-07-22T07:45:00Z,2026-07-22T09:45:00+0200,642.333333,MW,DK2,DK_2,forecast_offshore_wind_generation,Wind Offshore,2026-08-17T08:52:17Z
2026-08-17T08:43:25Z,2026-08-17T10:43:25+0200,5f9ba03d-f545-4cd2-8996-d770f48fc74d,2026-07-22T08:00:00Z,2026-07-22T10:00:00+0200,654.166666,MW,DK2,DK_2,forecast_offshore_wind_generation,Wind Offshore,2026-08-17T08:52:17Z
2026-08-17T08:43:25Z,2026-08-17T10:43:25+0200,5f9ba03d-f545-4cd2-8996-d770f48fc74d,2026-07-22T08:15:00Z,2026-07-22T10:15:00+0200,667.5,MW,DK2,DK_2,forecast_offshore_wind_generation,Wind Offshore,2026-08-17T08:52:17Z
2026-08-17T08:43:25Z,2026-08-17T10:43:25+0200,5f9ba03d-f545-4cd2-8996-d770f48fc74d,2026-07-22T08:30:00Z,2026-07-22T10:30:00+0200,680.0,MW,DK2,DK_2,forecast_offshore_wind_generation,Wind Offshore,2026-08-17T08:52:17Z
2026-08-17T08:43:25Z,2026-08-17T10:43:25+0200,5f9ba03d-f545-4cd2-8996-d770f48fc74d,2026-07-22T08:45:00Z,2026-07-22T10:45:00+0200,689.0,MW,DK2,DK_2,forecast_offshore_wind_generation,Wind Offshore,2026-08-17T08:52:17Z
2026-08-17T08:43:25Z,2026-08-17T10:43:25+0200,5f9ba03d-f545-4cd2-8996-d770f48fc74d,2026-07-22T09:00:00Z,2026-07-22T11:00:00+0200,694.0,MW,DK2,DK_2,forecast_offshore_wind_generation,Wind Offshore,2026-08-17T08:52:17Z
2026-08-17T08:43:25Z,2026-08-17T10:43:25+0200,5f9ba03d-f545-4cd2-8996-d770f48fc74d,2026-07-22T09:15:00Z,2026-07-22T11:15:00+0200,698.0,MW,DK2,DK_2,forecast_offshore_wind_generation,Wind Offshore,2026-08-17T08:52:17Z
2026-08-17T08:43:25Z,2026-08-17T10:43:25+0200,5f9ba03d-f545-4cd2-8996-d770f48fc74d,2026-07-22T09:30:00Z,2026-07-22T11:30:00+0200,702.0,MW,DK2,DK_2,forecast_offshore_wind_generation,Wind Offshore,2026-08-17T08:52:17Z
2026-08-17T08:43:25Z,2026-08-17T10:43:25+0200,5f9ba03d-f545-4cd2-8996-d770f48fc74d,2026-07-22T09:45:00Z,2026-07-22T11:45:00+0200,705.0,MW,DK2,DK_2,forecast_offshore_wind_generation,Wind Offshore,2026-08-17T08:52:17Z
2026-08-17T08:43:25Z,2026-08-17T10:43:25+0200,5f9ba03d-f545-4cd2-8996-d770f48fc74d,2026-07-22T10:00:00Z,2026-07-22T12:00:00+0200,706.666666,MW,DK2,DK_2,forecast_offshore_wind_generation,Wind Offshore,2026-08-17T08:52:17Z
2026-08-17T08:43:25Z,2026-08-17T10:43:25+0200,5f9ba03d-f545-4cd2-8996-d770f48fc74d,2026-07-22T10:15:00Z,2026-07-22T12:15:00+0200,704.5,MW,DK2,DK_2,forecast_offshore_wind_generation,Wind Offshore,2026-08-17T08:52:17Z
2026-08-17T08:43:25Z,2026-08-17T10:43:25+0200,5f9ba03d-f545-4cd2-8996-d770f48fc74d,2026-07-22T10:30:00Z,2026-07-22T12:30:00+0200,701.666666,MW,DK2,DK_2,forecast_offshore_wind_generation,Wind Offshore,2026-08-17T08:52:17Z
2026-08-17T08:43:25Z,2026-08-17T10:43:25+0200,5f9ba03d-f545-4cd2-8996-d770f48fc74d,2026-07-22T10:45:00Z,2026-07-22T12:45:00+0200,700.166666,MW,DK2,DK_2,forecast_offshore_wind_generation,Wind Offshore,2026-08-17T08:52:17Z
2026-08-17T08:43:25Z,2026-08-17T10:43:25+0200,5f9ba03d-f545-4cd2-8996-d770f48fc74d,2026-07-22T11:00:00Z,2026-07-22T13:00:00+0200,700.5,MW,DK2,DK_2,forecast_offshore_wind_generation,Wind Offshore,2026-08-17T08:52:17Z
2026-08-17T08:43:25Z,2026-08-17T10:43:25+0200,5f9ba03d-f545-4cd2-8996-d770f48fc74d,2026-07-22T11:15:00Z,2026-07-22T13:15:00+0200,701.5,MW,DK2,DK_2,forecast_offshore_wind_generation,Wind Offshore,2026-08-17T08:52:17Z
2026-08-17T08:43:25Z,2026-08-17T10:43:25+0200,5f9ba03d-f545-4cd2-8996-d770f48fc74d,2026-07-22T11:30:00Z,2026-07-22T13:30:00+0200,703.0,MW,DK2,DK_2,forecast_offshore_wind_generation,Wind Offshore,2026-08-17T08:52:17Z
2026-08-17T08:43:25Z,2026-08-17T10:43:25+0200,5f9ba03d-f545-4cd2-8996-d770f48fc74d,2026-07-22T11:45:00Z,2026-07-22T13:45:00+0200,704.0,MW,DK2,DK_2,forecast_offshore_wind_generation,Wind Offshore,2026-08-17T08:52:17Z
2026-08-17T08:43:25Z,2026-08-17T10:43:25+0200,5f9ba03d-f545-4cd2-8996-d770f48fc74d,2026-07-22T12:00:00Z,2026-07-22T14:00:00+0200,703.333333,MW,DK2,DK_2,forecast_offshore_wind_generation,Wind Offshore,2026-08-17T08:52:17Z
2026-08-17T08:43:25Z,2026-08-17T10:43:25+0200,5f9ba03d-f545-4cd2-8996-d770f48fc74d,2026-07-22T12:15:00Z,2026-07-22T14:15:00+0200,699.0,MW,DK2,DK_2,forecast_offshore_wind_generation,Wind Offshore,2026-08-17T08:52:17Z
2026-08-17T08:43:25Z,2026-08-17T10:43:25+0200,5f9ba03d-f545-4cd2-8996-d770f48fc74d,2026-07-22T12:30:00Z,2026-07-22T14:30:00+0200,693.0,MW,DK2,DK_2,forecast_offshore_wind_generation,Wind Offshore,2026-08-17T08:52:17Z
2026-08-17T08:43:25Z,2026-08-17T10:43:25+0200,5f9ba03d-f545-4cd2-8996-d770f48fc74d,2026-07-22T12:45:00Z,2026-07-22T14:45:00+0200,687.666666,MW,DK2,DK_2,forecast_offshore_wind_generation,Wind Offshore,2026-08-17T08:52:17Z
2026-08-17T08:43:25Z,2026-08-17T10:43:25+0200,5f9ba03d-f545-4cd2-8996-d770f48fc74d,2026-07-22T13:00:00Z,2026-07-22T15:00:00+0200,686.166666,MW,DK2,DK_2,forecast_offshore_wind_generation,Wind Offshore,2026-08-17T08:52:17Z
2026-08-17T08:43:25Z,2026-08-17T10:43:25+0200,5f9ba03d-f545-4cd2-8996-d770f48fc74d,2026-07-22T13:15:00Z,2026-07-22T15:15:00+0200,690.166666,MW,DK2,DK_2,forecast_offshore_wind_generation,Wind Offshore,2026-08-17T08:52:17Z
2026-08-17T08:43:25Z,2026-08-17T10:43:25+0200,5f9ba03d-f545-4cd2-8996-d770f48fc74d,2026-07-22T13:30:00Z,2026-07-22T15:30:00+0200,697.0,MW,DK2,DK_2,forecast_offshore_wind_generation,Wind Offshore,2026-08-17T08:52:17Z
2026-08-17T08:43:25Z,2026-08-17T10:43:25+0200,5f9ba03d-f545-4cd2-8996-d770f48fc74d,2026-07-22T13:45:00Z,2026-07-22T15:45:00+0200,702.166666,MW,DK2,DK_2,forecast_offshore_wind_generation,Wind Offshore,2026-08-17T08:52:17Z
2026-08-17T08:43:25Z,2026-08-17T10:43:25+0200,5f9ba03d-f545-4cd2-8996-d770f48fc74d,2026-07-22T14:00:00Z,2026-07-22T16:00:00+0200,703.0,MW,DK2,DK_2,forecast_offshore_wind_generation,Wind Offshore,2026-08-17T08:52:17Z
2026-08-17T08:43:25Z,2026-08-17T10:43:25+0200,5f9ba03d-f545-4cd2-8996-d770f48fc74d,2026-07-22T14:15:00Z,2026-07-22T16:15:00+0200,701.666666,MW,DK2,DK_2,forecast_offshore_wind_generation,Wind Offshore,2026-08-17T08:52:17Z
2026-08-17T08:43:25Z,2026-08-17T10:43:25+0200,5f9ba03d-f545-4cd2-8996-d770f48fc74d,2026-07-22T14:30:00Z,2026-07-22T16:30:00+0200,699.5,MW,DK2,DK_2,forecast_offshore_wind_generation,Wind Offshore,2026-08-17T08:52:17Z
2026-08-17T08:43:25Z,2026-08-17T10:43:25+0200,5f9ba03d-f545-4cd2-8996-d770f48fc74d,2026-07-22T14:45:00Z,2026-07-22T16:45:00+0200,697.5,MW,DK2,DK_2,forecast_offshore_wind_generation,Wind Offshore,2026-08-17T08:52:17Z
2026-08-17T08:43:25Z,2026-08-17T10:43:25+0200,5f9ba03d-f545-4cd2-8996-d770f48fc74d,2026-07-22T15:00:00Z,2026-07-22T17:00:00+0200,697.666666,MW,DK2,DK_2,forecast_offshore_wind_generation,Wind Offshore,2026-08-17T08:52:17Z
2026-08-17T08:43:25Z,2026-08-17T10:43:25+0200,5f9ba03d-f545-4cd2-8996-d770f48fc74d,2026-07-22T15:15:00Z,2026-07-22T17:15:00+0200,702.0,MW,DK2,DK_2,forecast_offshore_wind_generation,Wind Offshore,2026-08-17T08:52:17Z
2026-08-17T08:43:25Z,2026-08-17T10:43:25+0200,5f9ba03d-f545-4cd2-8996-d770f48fc74d,2026-07-22T15:30:00Z,2026-07-22T17:30:00+0200,707.0,MW,DK2,DK_2,forecast_offshore_wind_generation,Wind Offshore,2026-08-17T08:52:17Z
2026-08-17T08:43:25Z,2026-08-17T10:43:25+0200,5f9ba03d-f545-4cd2-8996-d770f48fc74d,2026-07-22T15:45:00Z,2026-07-22T17:45:00+0200,708.5,MW,DK2,DK_2,forecast_offshore_wind_generation,Wind Offshore,2026-08-17T08:52:17Z
2026-08-17T08:43:25Z,2026-08-17T10:43:25+0200,5f9ba03d-f545-4cd2-8996-d770f48fc74d,2026-07-22T16:00:00Z,2026-07-22T18:00:00+0200,704.833333,MW,DK2,DK_2,forecast_offshore_wind_generation,Wind Offshore,2026-08-17T08:52:17Z
2026-08-17T08:43:25Z,2026-08-17T10:43:25+0200,5f9ba03d-f545-4cd2-8996-d770f48fc74d,2026-07-22T16:15:00Z,2026-07-22T18:15:00+0200,695.0,MW,DK2,DK_2,forecast_offshore_wind_generation,Wind Offshore,2026-08-17T08:52:17Z
2026-08-17T08:43:25Z,2026-08-17T10:43:25+0200,5f9ba03d-f545-4cd2-8996-d770f48fc74d,2026-07-22T16:30:00Z,2026-07-22T18:30:00+0200,682.666666,MW,DK2,DK_2,forecast_offshore_wind_generation,Wind Offshore,2026-08-17T08:52:17Z
2026-08-17T08:43:25Z,2026-08-17T10:43:25+0200,5f9ba03d-f545-4cd2-8996-d770f48fc74d,2026-07-22T16:45:00Z,2026-07-22T18:45:00+0200,672.333333,MW,DK2,DK_2,forecast_offshore_wind_generation,Wind Offshore,2026-08-17T08:52:17Z
2026-08-17T08:43:25Z,2026-08-17T10:43:25+0200,5f9ba03d-f545-4cd2-8996-d770f48fc74d,2026-07-22T17:00:00Z,2026-07-22T19:00:00+0200,669.666666,MW,DK2,DK_2,forecast_offshore_wind_generation,Wind Offshore,2026-08-17T08:52:17Z
2026-08-17T08:43:25Z,2026-08-17T10:43:25+0200,5f9ba03d-f545-4cd2-8996-d770f48fc74d,2026-07-22T17:15:00Z,2026-07-22T19:15:00+0200,673.0,MW,DK2,DK_2,forecast_offshore_wind_generation,Wind Offshore,2026-08-17T08:52:17Z
2026-08-17T08:43:25Z,2026-08-17T10:43:25+0200,5f9ba03d-f545-4cd2-8996-d770f48fc74d,2026-07-22T17:30:00Z,2026-07-22T19:30:00+0200,674.833333,MW,DK2,DK_2,forecast_offshore_wind_generation,Wind Offshore,2026-08-17T08:52:17Z
2026-08-17T08:43:25Z,2026-08-17T10:43:25+0200,5f9ba03d-f545-4cd2-8996-d770f48fc74d,2026-07-22T17:45:00Z,2026-07-22T19:45:00+0200,672.333333,MW,DK2,DK_2,forecast_offshore_wind_generation,Wind Offshore,2026-08-17T08:52:17Z
2026-08-17T08:43:25Z,2026-08-17T10:43:25+0200,5f9ba03d-f545-4cd2-8996-d770f48fc74d,2026-07-22T18:00:00Z,2026-07-22T20:00:00+0200,667.166666,MW,DK2,DK_2,forecast_offshore_wind_generation,Wind Offshore,2026-08-17T08:52:17Z
2026-08-17T08:43:25Z,2026-08-17T10:43:25+0200,5f9ba03d-f545-4cd2-8996-d770f48fc74d,2026-07-22T18:15:00Z,2026-07-22T20:15:00+0200,657.833333,MW,DK2,DK_2,forecast_offshore_wind_generation,Wind Offshore,2026-08-17T08:52:17Z
2026-08-17T08:43:25Z,2026-08-17T10:43:25+0200,5f9ba03d-f545-4cd2-8996-d770f48fc74d,2026-07-22T18:30:00Z,2026-07-22T20:30:00+0200,646.0,MW,DK2,DK_2,forecast_offshore_wind_generation,Wind Offshore,2026-08-17T08:52:17Z
2026-08-17T08:43:25Z,2026-08-17T10:43:25+0200,5f9ba03d-f545-4cd2-8996-d770f48fc74d,2026-07-22T18:45:00Z,2026-07-22T20:45:00+0200,635.0,MW,DK2,DK_2,forecast_offshore_wind_generation,Wind Offshore,2026-08-17T08:52:17Z
2026-08-17T08:43:25Z,2026-08-17T10:43:25+0200,5f9ba03d-f545-4cd2-8996-d770f48fc74d,2026-07-22T19:00:00Z,2026-07-22T21:00:00+0200,626.5,MW,DK2,DK_2,forecast_offshore_wind_generation,Wind Offshore,2026-08-17T08:52:17Z
2026-08-17T08:43:25Z,2026-08-17T10:43:25+0200,5f9ba03d-f545-4cd2-8996-d770f48fc74d,2026-07-22T19:15:00Z,2026-07-22T21:15:00+0200,620.0,MW,DK2,DK_2,forecast_offshore_wind_generation,Wind Offshore,2026-08-17T08:52:17Z
2026-08-17T08:43:25Z,2026-08-17T10:43:25+0200,5f9ba03d-f545-4cd2-8996-d770f48fc74d,2026-07-22T19:30:00Z,2026-07-22T21:30:00+0200,614.666666,MW,DK2,DK_2,forecast_offshore_wind_generation,Wind Offshore,2026-08-17T08:52:17Z
2026-08-17T08:43:25Z,2026-08-17T10:43:25+0200,5f9ba03d-f545-4cd2-8996-d770f48fc74d,2026-07-22T19:45:00Z,2026-07-22T21:45:00+0200,607.0,MW,DK2,DK_2,forecast_offshore_wind_generation,Wind Offshore,2026-08-17T08:52:17Z
2026-08-17T08:43:25Z,2026-08-17T10:43:25+0200,5f9ba03d-f545-4cd2-8996-d770f48fc74d,2026-07-22T20:00:00Z,2026-07-22T22:00:00+0200,600.666666,MW,DK2,DK_2,forecast_offshore_wind_generation,Wind Offshore,2026-08-17T08:52:17Z
2026-08-17T08:43:25Z,2026-08-17T10:43:25+0200,5f9ba03d-f545-4cd2-8996-d770f48fc74d,2026-07-22T20:15:00Z,2026-07-22T22:15:00+0200,599.166666,MW,DK2,DK_2,forecast_offshore_wind_generation,Wind Offshore,2026-08-17T08:52:17Z
2026-08-17T08:43:25Z,2026-08-17T10:43:25+0200,5f9ba03d-f545-4cd2-8996-d770f48fc74d,2026-07-22T20:30:00Z,2026-07-22T22:30:00+0200,600.666666,MW,DK2,DK_2,forecast_offshore_wind_generation,Wind Offshore,2026-08-17T08:52:17Z
2026-08-17T08:43:25Z,2026-08-17T10:43:25+0200,5f9ba03d-f545-4cd2-8996-d770f48fc74d,2026-07-22T20:45:00Z,2026-07-22T22:45:00+0200,603.666666,MW,DK2,DK_2,forecast_offshore_wind_generation,Wind Offshore,2026-08-17T08:52:17Z
2026-08-17T08:43:25Z,2026-08-17T10:43:25+0200,5f9ba03d-f545-4cd2-8996-d770f48fc74d,2026-07-22T21:00:00Z,2026-07-22T23:00:00+0200,609.666666,MW,DK2,DK_2,forecast_offshore_wind_generation,Wind Offshore,2026-08-17T08:52:17Z
2026-08-17T08:43:25Z,2026-08-17T10:43:25+0200,5f9ba03d-f545-4cd2-8996-d770f48fc74d,2026-07-22T21:15:00Z,2026-07-22T23:15:00+0200,625.666666,MW,DK2,DK_2,forecast_offshore_wind_generation,Wind Offshore,2026-08-17T08:52:17Z
2026-08-17T08:43:25Z,2026-08-17T10:43:25+0200,5f9ba03d-f545-4cd2-8996-d770f48fc74d,2026-07-22T21:30:00Z,2026-07-22T23:30:00+0200,649.0,MW,DK2,DK_2,forecast_offshore_wind_generation,Wind Offshore,2026-08-17T08:52:17Z
2026-08-17T08:43:25Z,2026-08-17T10:43:25+0200,5f9ba03d-f545-4cd2-8996-d770f48fc74d,2026-07-22T21:45:00Z,2026-07-22T23:45:00+0200,671.333333,MW,DK2,DK_2,forecast_offshore_wind_generation,Wind Offshore,2026-08-17T08:52:17Z
2026-08-17T08:43:25Z,2026-08-17T10:43:25+0200,5f9ba03d-f545-4cd2-8996-d770f48fc74d,2026-07-22T22:00:00Z,2026-07-23T00:00:00+0200,628.833333,MW,DK2,DK_2,forecast_offshore_wind_generation,Wind Offshore,2026-08-17T08:52:17Z
2026-08-17T08:43:25Z,2026-08-17T10:43:25+0200,5f9ba03d-f545-4cd2-8996-d770f48fc74d,2026-07-22T22:15:00Z,2026-07-23T00:15:00+0200,634.0,MW,DK2,DK_2,forecast_offshore_wind_generation,Wind Offshore,2026-08-17T08:52:17Z
2026-08-17T08:43:25Z,2026-08-17T10:43:25+0200,5f9ba03d-f545-4cd2-8996-d770f48fc74d,2026-07-22T22:30:00Z,2026-07-23T00:30:00+0200,640.5,MW,DK2,DK_2,forecast_offshore_wind_generation,Wind Offshore,2026-08-17T08:52:17Z
2026-08-17T08:43:25Z,2026-08-17T10:43:25+0200,5f9ba03d-f545-4cd2-8996-d770f48fc74d,2026-07-22T22:45:00Z,2026-07-23T00:45:00+0200,647.0,MW,DK2,DK_2,forecast_offshore_wind_generation,Wind Offshore,2026-08-17T08:52:17Z
2026-08-17T08:43:25Z,2026-08-17T10:43:25+0200,5f9ba03d-f545-4cd2-8996-d770f48fc74d,2026-07-22T23:00:00Z,2026-07-23T01:00:00+0200,652.833333,MW,DK2,DK_2,forecast_offshore_wind_generation,Wind Offshore,2026-08-17T08:52:17Z
2026-08-17T08:43:25Z,2026-08-17T10:43:25+0200,5f9ba03d-f545-4cd2-8996-d770f48fc74d,2026-07-22T23:15:00Z,2026-07-23T01:15:00+0200,662.0,MW,DK2,DK_2,forecast_offshore_wind_generation,Wind Offshore,2026-08-17T08:52:17Z
2026-08-17T08:43:25Z,2026-08-17T10:43:25+0200,5f9ba03d-f545-4cd2-8996-d770f48fc74d,2026-07-22T23:30:00Z,2026-07-23T01:30:00+0200,672.833333,MW,DK2,DK_2,forecast_offshore_wind_generation,Wind Offshore,2026-08-17T08:52:17Z
2026-08-17T08:43:25Z,2026-08-17T10:43:25+0200,5f9ba03d-f545-4cd2-8996-d770f48fc74d,2026-07-22T23:45:00Z,2026-07-23T01:45:00+0200,680.666666,MW,DK2,DK_2,forecast_offshore_wind_generation,Wind Offshore,2026-08-17T08:52:17Z
2026-08-17T08:43:25Z,2026-08-17T10:43:25+0200,5f9ba03d-f545-4cd2-8996-d770f48fc74d,2026-07-23T00:00:00Z,2026-07-23T02:00:00+0200,682.333333,MW,DK2,DK_2,forecast_offshore_wind_generation,Wind Offshore,2026-08-17T08:52:17Z
2026-08-17T08:43:25Z,2026-08-17T10:43:25+0200,5f9ba03d-f545-4cd2-8996-d770f48fc74d,2026-07-23T00:15:00Z,2026-07-23T02:15:00+0200,681.0,MW,DK2,DK_2,forecast_offshore_wind_generation,Wind Offshore,2026-08-17T08:52:17Z
2026-08-17T08:43:25Z,2026-08-17T10:43:25+0200,5f9ba03d-f545-4cd2-8996-d770f48fc74d,2026-07-23T00:30:00Z,2026-07-23T02:30:00+0200,677.666666,MW,DK2,DK_2,forecast_offshore_wind_generation,Wind Offshore,2026-08-17T08:52:17Z
2026-08-17T08:43:25Z,2026-08-17T10:43:25+0200,5f9ba03d-f545-4cd2-8996-d770f48fc74d,2026-07-23T00:45:00Z,2026-07-23T02:45:00+0200,674.0,MW,DK2,DK_2,forecast_offshore_wind_generation,Wind Offshore,2026-08-17T08:52:17Z
2026-08-17T08:43:25Z,2026-08-17T10:43:25+0200,5f9ba03d-f545-4cd2-8996-d770f48fc74d,2026-07-23T01:00:00Z,2026-07-23T03:00:00+0200,668.333333,MW,DK2,DK_2,forecast_offshore_wind_generation,Wind Offshore,2026-08-17T08:52:17Z
2026-08-17T08:43:25Z,2026-08-17T10:43:25+0200,5f9ba03d-f545-4cd2-8996-d770f48fc74d,2026-07-23T01:15:00Z,2026-07-23T03:15:00+0200,656.333333,MW,DK2,DK_2,forecast_offshore_wind_generation,Wind Offshore,2026-08-17T08:52:17Z
2026-08-17T08:43:25Z,2026-08-17T10:43:25+0200,5f9ba03d-f545-4cd2-8996-d770f48fc74d,2026-07-23T01:30:00Z,2026-07-23T03:30:00+0200,640.5,MW,DK2,DK_2,forecast_offshore_wind_generation,Wind Offshore,2026-08-17T08:52:17Z
2026-08-17T08:43:25Z,2026-08-17T10:43:25+0200,5f9ba03d-f545-4cd2-8996-d770f48fc74d,2026-07-23T01:45:00Z,2026-07-23T03:45:00+0200,627.0,MW,DK2,DK_2,forecast_offshore_wind_generation,Wind Offshore,2026-08-17T08:52:17Z
2026-08-17T08:43:25Z,2026-08-17T10:43:25+0200,5f9ba03d-f545-4cd2-8996-d770f48fc74d,2026-07-23T02:00:00Z,2026-07-23T04:00:00+0200,622.333333,MW,DK2,DK_2,forecast_offshore_wind_generation,Wind Offshore,2026-08-17T08:52:17Z
2026-08-17T08:43:25Z,2026-08-17T10:43:25+0200,5f9ba03d-f545-4cd2-8996-d770f48fc74d,2026-07-23T02:15:00Z,2026-07-23T04:15:00+0200,625.0,MW,DK2,DK_2,forecast_offshore_wind_generation,Wind Offshore,2026-08-17T08:52:17Z
2026-08-17T08:43:25Z,2026-08-17T10:43:25+0200,5f9ba03d-f545-4cd2-8996-d770f48fc74d,2026-07-23T02:30:00Z,2026-07-23T04:30:00+0200,629.333333,MW,DK2,DK_2,forecast_offshore_wind_generation,Wind Offshore,2026-08-17T08:52:17Z
2026-08-17T08:43:25Z,2026-08-17T10:43:25+0200,5f9ba03d-f545-4cd2-8996-d770f48fc74d,2026-07-23T02:45:00Z,2026-07-23T04:45:00+0200,625.333333,MW,DK2,DK_2,forecast_offshore_wind_generation,Wind Offshore,2026-08-17T08:52:17Z
2026-08-17T08:43:25Z,2026-08-17T10:43:25+0200,5f9ba03d-f545-4cd2-8996-d770f48fc74d,2026-07-23T03:00:00Z,2026-07-23T05:00:00+0200,614.166666,MW,DK2,DK_2,forecast_offshore_wind_generation,Wind Offshore,2026-08-17T08:52:17Z
2026-08-17T08:43:25Z,2026-08-17T10:43:25+0200,5f9ba03d-f545-4cd2-8996-d770f48fc74d,2026-07-23T03:15:00Z,2026-07-23T05:15:00+0200,595.833333,MW,DK2,DK_2,forecast_offshore_wind_generation,Wind Offshore,2026-08-17T08:52:17Z
2026-08-17T08:43:25Z,2026-08-17T10:43:25+0200,5f9ba03d-f545-4cd2-8996-d770f48fc74d,2026-07-23T03:30:00Z,2026-07-23T05:30:00+0200,573.0,MW,DK2,DK_2,forecast_offshore_wind_generation,Wind Offshore,2026-08-17T08:52:17Z
2026-08-17T08:43:25Z,2026-08-17T10:43:25+0200,5f9ba03d-f545-4cd2-8996-d770f48fc74d,2026-07-23T03:45:00Z,2026-07-23T05:45:00+0200,551.0,MW,DK2,DK_2,forecast_offshore_wind_generation,Wind Offshore,2026-08-17T08:52:17Z
2026-08-17T08:43:25Z,2026-08-17T10:43:25+0200,5f9ba03d-f545-4cd2-8996-d770f48fc74d,2026-07-23T04:00:00Z,2026-07-23T06:00:00+0200,533.666666,MW,DK2,DK_2,forecast_offshore_wind_generation,Wind Offshore,2026-08-17T08:52:17Z
2026-08-17T08:43:25Z,2026-08-17T10:43:25+0200,5f9ba03d-f545-4cd2-8996-d770f48fc74d,2026-07-23T04:15:00Z,2026-07-23T06:15:00+0200,521.666666,MW,DK2,DK_2,forecast_offshore_wind_generation,Wind Offshore,2026-08-17T08:52:17Z
2026-08-17T08:43:25Z,2026-08-17T10:43:25+0200,5f9ba03d-f545-4cd2-8996-d770f48fc74d,2026-07-23T04:30:00Z,2026-07-23T06:30:00+0200,512.666666,MW,DK2,DK_2,forecast_offshore_wind_generation,Wind Offshore,2026-08-17T08:52:17Z
2026-08-17T08:43:25Z,2026-08-17T10:43:25+0200,5f9ba03d-f545-4cd2-8996-d770f48fc74d,2026-07-23T04:45:00Z,2026-07-23T06:45:00+0200,505.5,MW,DK2,DK_2,forecast_offshore_wind_generation,Wind Offshore,2026-08-17T08:52:17Z
2026-08-17T08:43:25Z,2026-08-17T10:43:25+0200,5f9ba03d-f545-4cd2-8996-d770f48fc74d,2026-07-23T05:00:00Z,2026-07-23T07:00:00+0200,500.666666,MW,DK2,DK_2,forecast_offshore_wind_generation,Wind Offshore,2026-08-17T08:52:17Z
2026-08-17T08:43:25Z,2026-08-17T10:43:25+0200,5f9ba03d-f545-4cd2-8996-d770f48fc74d,2026-07-23T05:15:00Z,2026-07-23T07:15:00+0200,499.666666,MW,DK2,DK_2,forecast_offshore_wind_generation,Wind Offshore,2026-08-17T08:52:17Z
2026-08-17T08:43:25Z,2026-08-17T10:43:25+0200,5f9ba03d-f545-4cd2-8996-d770f48fc74d,2026-07-23T05:30:00Z,2026-07-23T07:30:00+0200,500.0,MW,DK2,DK_2,forecast_offshore_wind_generation,Wind Offshore,2026-08-17T08:52:17Z
2026-08-17T08:43:25Z,2026-08-17T10:43:25+0200,5f9ba03d-f545-4cd2-8996-d770f48fc74d,2026-07-23T05:45:00Z,2026-07-23T07:45:00+0200,499.166666,MW,DK2,DK_2,forecast_offshore_wind_generation,Wind Offshore,2026-08-17T08:52:17Z
2026-08-17T08:43:25Z,2026-08-17T10:43:25+0200,5f9ba03d-f545-4cd2-8996-d770f48fc74d,2026-07-23T06:00:00Z,2026-07-23T08:00:00+0200,493.833333,MW,DK2,DK_2,forecast_offshore_wind_generation,Wind Offshore,2026-08-17T08:52:17Z
2026-08-17T08:43:25Z,2026-08-17T10:43:25+0200,5f9ba03d-f545-4cd2-8996-d770f48fc74d,2026-07-23T06:15:00Z,2026-07-23T08:15:00+0200,485.5,MW,DK2,DK_2,forecast_offshore_wind_generation,Wind Offshore,2026-08-17T08:52:17Z
2026-08-17T08:43:25Z,2026-08-17T10:43:25+0200,5f9ba03d-f545-4cd2-8996-d770f48fc74d,2026-07-23T06:30:00Z,2026-07-23T08:30:00+0200,476.333333,MW,DK2,DK_2,forecast_offshore_wind_generation,Wind Offshore,2026-08-17T08:52:17Z
2026-08-17T08:43:25Z,2026-08-17T10:43:25+0200,5f9ba03d-f545-4cd2-8996-d770f48fc74d,2026-07-23T06:45:00Z,2026-07-23T08:45:00+0200,467.0,MW,DK2,DK_2,forecast_offshore_wind_generation,Wind Offshore,2026-08-17T08:52:17Z
2026-08-17T08:43:25Z,2026-08-17T10:43:25+0200,5f9ba03d-f545-4cd2-8996-d770f48fc74d,2026-07-23T07:00:00Z,2026-07-23T09:00:00+0200,462.5,MW,DK2,DK_2,forecast_offshore_wind_generation,Wind Offshore,2026-08-17T08:52:17Z
2026-08-17T08:43:25Z,2026-08-17T10:43:25+0200,5f9ba03d-f545-4cd2-8996-d770f48fc74d,2026-07-23T07:15:00Z,2026-07-23T09:15:00+0200,470.833333,MW,DK2,DK_2,forecast_offshore_wind_generation,Wind Offshore,2026-08-17T08:52:17Z
2026-08-17T08:43:25Z,2026-08-17T10:43:25+0200,5f9ba03d-f545-4cd2-8996-d770f48fc74d,2026-07-23T07:30:00Z,2026-07-23T09:30:00+0200,482.833333,MW,DK2,DK_2,forecast_offshore_wind_generation,Wind Offshore,2026-08-17T08:52:17Z
2026-08-17T08:43:25Z,2026-08-17T10:43:25+0200,5f9ba03d-f545-4cd2-8996-d770f48fc74d,2026-07-23T07:45:00Z,2026-07-23T09:45:00+0200,486.666666,MW,DK2,DK_2,forecast_offshore_wind_generation,Wind Offshore,2026-08-17T08:52:17Z
2026-08-17T08:43:25Z,2026-08-17T10:43:25+0200,5f9ba03d-f545-4cd2-8996-d770f48fc74d,2026-07-23T08:00:00Z,2026-07-23T10:00:00+0200,476.666666,MW,DK2,DK_2,forecast_offshore_wind_generation,Wind Offshore,2026-08-17T08:52:17Z
2026-08-17T08:43:25Z,2026-08-17T10:43:25+0200,5f9ba03d-f545-4cd2-8996-d770f48fc74d,2026-07-23T08:15:00Z,2026-07-23T10:15:00+0200,447.0,MW,DK2,DK_2,forecast_offshore_wind_generation,Wind Offshore,2026-08-17T08:52:17Z
2026-08-17T08:43:25Z,2026-08-17T10:43:25+0200,5f9ba03d-f545-4cd2-8996-d770f48fc74d,2026-07-23T08:30:00Z,2026-07-23T10:30:00+0200,409.833333,MW,DK2,DK_2,forecast_offshore_wind_generation,Wind Offshore,2026-08-17T08:52:17Z
2026-08-17T08:43:25Z,2026-08-17T10:43:25+0200,5f9ba03d-f545-4cd2-8996-d770f48fc74d,2026-07-23T08:45:00Z,2026-07-23T10:45:00+0200,384.666666,MW,DK2,DK_2,forecast_offshore_wind_generation,Wind Offshore,2026-08-17T08:52:17Z
2026-08-17T08:43:25Z,2026-08-17T10:43:25+0200,5f9ba03d-f545-4cd2-8996-d770f48fc74d,2026-07-23T09:00:00Z,2026-07-23T11:00:00+0200,376.166666,MW,DK2,DK_2,forecast_offshore_wind_generation,Wind Offshore,2026-08-17T08:52:17Z
2026-08-17T08:43:25Z,2026-08-17T10:43:25+0200,5f9ba03d-f545-4cd2-8996-d770f48fc74d,2026-07-23T09:15:00Z,2026-07-23T11:15:00+0200,372.666666,MW,DK2,DK_2,forecast_offshore_wind_generation,Wind Offshore,2026-08-17T08:52:17Z
2026-08-17T08:43:25Z,2026-08-17T10:43:25+0200,5f9ba03d-f545-4cd2-8996-d770f48fc74d,2026-07-23T09:30:00Z,2026-07-23T11:30:00+0200,370.5,MW,DK2,DK_2,forecast_offshore_wind_generation,Wind Offshore,2026-08-17T08:52:17Z
2026-08-17T08:43:25Z,2026-08-17T10:43:25+0200,5f9ba03d-f545-4cd2-8996-d770f48fc74d,2026-07-23T09:45:00Z,2026-07-23T11:45:00+0200,367.833333,MW,DK2,DK_2,forecast_offshore_wind_generation,Wind Offshore,2026-08-17T08:52:17Z
2026-08-17T08:43:25Z,2026-08-17T10:43:25+0200,5f9ba03d-f545-4cd2-8996-d770f48fc74d,2026-07-23T10:00:00Z,2026-07-23T12:00:00+0200,363.833333,MW,DK2,DK_2,forecast_offshore_wind_generation,Wind Offshore,2026-08-17T08:52:17Z
2026-08-17T08:43:25Z,2026-08-17T10:43:25+0200,5f9ba03d-f545-4cd2-8996-d770f48fc74d,2026-07-23T10:15:00Z,2026-07-23T12:15:00+0200,358.5,MW,DK2,DK_2,forecast_offshore_wind_generation,Wind Offshore,2026-08-17T08:52:17Z
2026-08-17T08:43:25Z,2026-08-17T10:43:25+0200,5f9ba03d-f545-4cd2-8996-d770f48fc74d,2026-07-23T10:30:00Z,2026-07-23T12:30:00+0200,353.166666,MW,DK2,DK_2,forecast_offshore_wind_generation,Wind Offshore,2026-08-17T08:52:17Z
2026-08-17T08:43:25Z,2026-08-17T10:43:25+0200,5f9ba03d-f545-4cd2-8996-d770f48fc74d,2026-07-23T10:45:00Z,2026-07-23T12:45:00+0200,349.5,MW,DK2,DK_2,forecast_offshore_wind_generation,Wind Offshore,2026-08-17T08:52:17Z
2026-08-17T08:43:25Z,2026-08-17T10:43:25+0200,5f9ba03d-f545-4cd2-8996-d770f48fc74d,2026-07-23T11:00:00Z,2026-07-23T13:00:00+0200,345.666666,MW,DK2,DK_2,forecast_offshore_wind_generation,Wind Offshore,2026-08-17T08:52:17Z
2026-08-17T08:43:25Z,2026-08-17T10:43:25+0200,5f9ba03d-f545-4cd2-8996-d770f48fc74d,2026-07-23T11:15:00Z,2026-07-23T13:15:00+0200,341.166666,MW,DK2,DK_2,forecast_offshore_wind_generation,Wind Offshore,2026-08-17T08:52:17Z
2026-08-17T08:43:25Z,2026-08-17T10:43:25+0200,5f9ba03d-f545-4cd2-8996-d770f48fc74d,2026-07-23T11:30:00Z,2026-07-23T13:30:00+0200,336.166666,MW,DK2,DK_2,forecast_offshore_wind_generation,Wind Offshore,2026-08-17T08:52:17Z
2026-08-17T08:43:25Z,2026-08-17T10:43:25+0200,5f9ba03d-f545-4cd2-8996-d770f48fc74d,2026-07-23T11:45:00Z,2026-07-23T13:45:00+0200,331.833333,MW,DK2,DK_2,forecast_offshore_wind_generation,Wind Offshore,2026-08-17T08:52:17Z
2026-08-17T08:43:25Z,2026-08-17T10:43:25+0200,5f9ba03d-f545-4cd2-8996-d770f48fc74d,2026-07-23T12:00:00Z,2026-07-23T14:00:00+0200,329.666666,MW,DK2,DK_2,forecast_offshore_wind_generation,Wind Offshore,2026-08-17T08:52:17Z
2026-08-17T08:43:25Z,2026-08-17T10:43:25+0200,5f9ba03d-f545-4cd2-8996-d770f48fc74d,2026-07-23T12:15:00Z,2026-07-23T14:15:00+0200,327.666666,MW,DK2,DK_2,forecast_offshore_wind_generation,Wind Offshore,2026-08-17T08:52:17Z
2026-08-17T08:43:25Z,2026-08-17T10:43:25+0200,5f9ba03d-f545-4cd2-8996-d770f48fc74d,2026-07-23T12:30:00Z,2026-07-23T14:30:00+0200,326.0,MW,DK2,DK_2,forecast_offshore_wind_generation,Wind Offshore,2026-08-17T08:52:17Z
2026-08-17T08:43:25Z,2026-08-17T10:43:25+0200,5f9ba03d-f545-4cd2-8996-d770f48fc74d,2026-07-23T12:45:00Z,2026-07-23T14:45:00+0200,324.5,MW,DK2,DK_2,forecast_offshore_wind_generation,Wind Offshore,2026-08-17T08:52:17Z
2026-08-17T08:43:25Z,2026-08-17T10:43:25+0200,5f9ba03d-f545-4cd2-8996-d770f48fc74d,2026-07-23T13:00:00Z,2026-07-23T15:00:00+0200,324.666666,MW,DK2,DK_2,forecast_offshore_wind_generation,Wind Offshore,2026-08-17T08:52:17Z
2026-08-17T08:43:25Z,2026-08-17T10:43:25+0200,5f9ba03d-f545-4cd2-8996-d770f48fc74d,2026-07-23T13:15:00Z,2026-07-23T15:15:00+0200,327.666666,MW,DK2,DK_2,forecast_offshore_wind_generation,Wind Offshore,2026-08-17T08:52:17Z
2026-08-17T08:43:25Z,2026-08-17T10:43:25+0200,5f9ba03d-f545-4cd2-8996-d770f48fc74d,2026-07-23T13:30:00Z,2026-07-23T15:30:00+0200,332.5,MW,DK2,DK_2,forecast_offshore_wind_generation,Wind Offshore,2026-08-17T08:52:17Z
2026-08-17T08:43:25Z,2026-08-17T10:43:25+0200,5f9ba03d-f545-4cd2-8996-d770f48fc74d,2026-07-23T13:45:00Z,2026-07-23T15:45:00+0200,337.333333,MW,DK2,DK_2,forecast_offshore_wind_generation,Wind Offshore,2026-08-17T08:52:17Z
2026-08-17T08:43:25Z,2026-08-17T10:43:25+0200,5f9ba03d-f545-4cd2-8996-d770f48fc74d,2026-07-23T14:00:00Z,2026-07-23T16:00:00+0200,341.333333,MW,DK2,DK_2,forecast_offshore_wind_generation,Wind Offshore,2026-08-17T08:52:17Z
2026-08-17T08:43:25Z,2026-08-17T10:43:25+0200,5f9ba03d-f545-4cd2-8996-d770f48fc74d,2026-07-23T14:15:00Z,2026-07-23T16:15:00+0200,345.333333,MW,DK2,DK_2,forecast_offshore_wind_generation,Wind Offshore,2026-08-17T08:52:17Z
2026-08-17T08:43:25Z,2026-08-17T10:43:25+0200,5f9ba03d-f545-4cd2-8996-d770f48fc74d,2026-07-23T14:30:00Z,2026-07-23T16:30:00+0200,349.333333,MW,DK2,DK_2,forecast_offshore_wind_generation,Wind Offshore,2026-08-17T08:52:17Z
2026-08-17T08:43:25Z,2026-08-17T10:43:25+0200,5f9ba03d-f545-4cd2-8996-d770f48fc74d,2026-07-23T14:45:00Z,2026-07-23T16:45:00+0200,351.0,MW,DK2,DK_2,forecast_offshore_wind_generation,Wind Offshore,2026-08-17T08:52:17Z
2026-08-17T08:43:25Z,2026-08-17T10:43:25+0200,5f9ba03d-f545-4cd2-8996-d770f48fc74d,2026-07-23T15:00:00Z,2026-07-23T17:00:00+0200,347.166666,MW,DK2,DK_2,forecast_offshore_wind_generation,Wind Offshore,2026-08-17T08:52:17Z
2026-08-17T08:43:25Z,2026-08-17T10:43:25+0200,5f9ba03d-f545-4cd2-8996-d770f48fc74d,2026-07-23T15:15:00Z,2026-07-23T17:15:00+0200,334.333333,MW,DK2,DK_2,forecast_offshore_wind_generation,Wind Offshore,2026-08-17T08:52:17Z
2026-08-17T08:43:25Z,2026-08-17T10:43:25+0200,5f9ba03d-f545-4cd2-8996-d770f48fc74d,2026-07-23T15:30:00Z,2026-07-23T17:30:00+0200,316.5,MW,DK2,DK_2,forecast_offshore_wind_generation,Wind Offshore,2026-08-17T08:52:17Z
2026-08-17T08:43:25Z,2026-08-17T10:43:25+0200,5f9ba03d-f545-4cd2-8996-d770f48fc74d,2026-07-23T15:45:00Z,2026-07-23T17:45:00+0200,298.833333,MW,DK2,DK_2,forecast_offshore_wind_generation,Wind Offshore,2026-08-17T08:52:17Z
2026-08-17T08:43:25Z,2026-08-17T10:43:25+0200,5f9ba03d-f545-4cd2-8996-d770f48fc74d,2026-07-23T16:00:00Z,2026-07-23T18:00:00+0200,287.333333,MW,DK2,DK_2,forecast_offshore_wind_generation,Wind Offshore,2026-08-17T08:52:17Z
2026-08-17T08:43:25Z,2026-08-17T10:43:25+0200,5f9ba03d-f545-4cd2-8996-d770f48fc74d,2026-07-23T16:15:00Z,2026-07-23T18:15:00+0200,277.5,MW,DK2,DK_2,forecast_offshore_wind_generation,Wind Offshore,2026-08-17T08:52:17Z
2026-08-17T08:43:25Z,2026-08-17T10:43:25+0200,5f9ba03d-f545-4cd2-8996-d770f48fc74d,2026-07-23T16:30:00Z,2026-07-23T18:30:00+0200,269.333333,MW,DK2,DK_2,forecast_offshore_wind_generation,Wind Offshore,2026-08-17T08:52:17Z
2026-08-17T08:43:25Z,2026-08-17T10:43:25+0200,5f9ba03d-f545-4cd2-8996-d770f48fc74d,2026-07-23T16:45:00Z,2026-07-23T18:45:00+0200,260.333333,MW,DK2,DK_2,forecast_offshore_wind_generation,Wind Offshore,2026-08-17T08:52:17Z
2026-08-17T08:43:25Z,2026-08-17T10:43:25+0200,5f9ba03d-f545-4cd2-8996-d770f48fc74d,2026-07-23T17:00:00Z,2026-07-23T19:00:00+0200,249.666666,MW,DK2,DK_2,forecast_offshore_wind_generation,Wind Offshore,2026-08-17T08:52:17Z
2026-08-17T08:43:25Z,2026-08-17T10:43:25+0200,5f9ba03d-f545-4cd2-8996-d770f48fc74d,2026-07-23T17:15:00Z,2026-07-23T19:15:00+0200,236.5,MW,DK2,DK_2,forecast_offshore_wind_generation,Wind Offshore,2026-08-17T08:52:17Z
2026-08-17T08:43:25Z,2026-08-17T10:43:25+0200,5f9ba03d-f545-4cd2-8996-d770f48fc74d,2026-07-23T17:30:00Z,2026-07-23T19:30:00+0200,223.166666,MW,DK2,DK_2,forecast_offshore_wind_generation,Wind Offshore,2026-08-17T08:52:17Z
2026-08-17T08:43:25Z,2026-08-17T10:43:25+0200,5f9ba03d-f545-4cd2-8996-d770f48fc74d,2026-07-23T17:45:00Z,2026-07-23T19:45:00+0200,211.666666,MW,DK2,DK_2,forecast_offshore_wind_generation,Wind Offshore,2026-08-17T08:52:17Z
2026-08-17T08:43:25Z,2026-08-17T10:43:25+0200,5f9ba03d-f545-4cd2-8996-d770f48fc74d,2026-07-23T18:00:00Z,2026-07-23T20:00:00+0200,204.0,MW,DK2,DK_2,forecast_offshore_wind_generation,Wind Offshore,2026-08-17T08:52:17Z
2026-08-17T08:43:25Z,2026-08-17T10:43:25+0200,5f9ba03d-f545-4cd2-8996-d770f48fc74d,2026-07-23T18:15:00Z,2026-07-23T20:15:00+0200,199.5,MW,DK2,DK_2,forecast_offshore_wind_generation,Wind Offshore,2026-08-17T08:52:17Z
2026-08-17T08:43:25Z,2026-08-17T10:43:25+0200,5f9ba03d-f545-4cd2-8996-d770f48fc74d,2026-07-23T18:30:00Z,2026-07-23T20:30:00+0200,196.5,MW,DK2,DK_2,forecast_offshore_wind_generation,Wind Offshore,2026-08-17T08:52:17Z
2026-08-17T08:43:25Z,2026-08-17T10:43:25+0200,5f9ba03d-f545-4cd2-8996-d770f48fc74d,2026-07-23T18:45:00Z,2026-07-23T20:45:00+0200,194.333333,MW,DK2,DK_2,forecast_offshore_wind_generation,Wind Offshore,2026-08-17T08:52:17Z
2026-08-17T08:43:25Z,2026-08-17T10:43:25+0200,5f9ba03d-f545-4cd2-8996-d770f48fc74d,2026-07-23T19:00:00Z,2026-07-23T21:00:00+0200,191.333333,MW,DK2,DK_2,forecast_offshore_wind_generation,Wind Offshore,2026-08-17T08:52:17Z
2026-08-17T08:43:25Z,2026-08-17T10:43:25+0200,5f9ba03d-f545-4cd2-8996-d770f48fc74d,2026-07-23T19:15:00Z,2026-07-23T21:15:00+0200,187.5,MW,DK2,DK_2,forecast_offshore_wind_generation,Wind Offshore,2026-08-17T08:52:17Z
2026-08-17T08:43:25Z,2026-08-17T10:43:25+0200,5f9ba03d-f545-4cd2-8996-d770f48fc74d,2026-07-23T19:30:00Z,2026-07-23T21:30:00+0200,185.166666,MW,DK2,DK_2,forecast_offshore_wind_generation,Wind Offshore,2026-08-17T08:52:17Z
2026-08-17T08:43:25Z,2026-08-17T10:43:25+0200,5f9ba03d-f545-4cd2-8996-d770f48fc74d,2026-07-23T19:45:00Z,2026-07-23T21:45:00+0200,185.0,MW,DK2,DK_2,forecast_offshore_wind_generation,Wind Offshore,2026-08-17T08:52:17Z
2026-08-17T08:43:25Z,2026-08-17T10:43:25+0200,5f9ba03d-f545-4cd2-8996-d770f48fc74d,2026-07-23T20:00:00Z,2026-07-23T22:00:00+0200,186.5,MW,DK2,DK_2,forecast_offshore_wind_generation,Wind Offshore,2026-08-17T08:52:17Z
2026-08-17T08:43:25Z,2026-08-17T10:43:25+0200,5f9ba03d-f545-4cd2-8996-d770f48fc74d,2026-07-23T20:15:00Z,2026-07-23T22:15:00+0200,192.0,MW,DK2,DK_2,forecast_offshore_wind_generation,Wind Offshore,2026-08-17T08:52:17Z
2026-08-17T08:43:25Z,2026-08-17T10:43:25+0200,5f9ba03d-f545-4cd2-8996-d770f48fc74d,2026-07-23T20:30:00Z,2026-07-23T22:30:00+0200,199.5,MW,DK2,DK_2,forecast_offshore_wind_generation,Wind Offshore,2026-08-17T08:52:17Z
2026-08-17T08:43:25Z,2026-08-17T10:43:25+0200,5f9ba03d-f545-4cd2-8996-d770f48fc74d,2026-07-23T20:45:00Z,2026-07-23T22:45:00+0200,204.333333,MW,DK2,DK_2,forecast_offshore_wind_generation,Wind Offshore,2026-08-17T08:52:17Z
2026-08-17T08:43:25Z,2026-08-17T10:43:25+0200,5f9ba03d-f545-4cd2-8996-d770f48fc74d,2026-07-23T21:00:00Z,2026-07-23T23:00:00+0200,204.833333,MW,DK2,DK_2,forecast_offshore_wind_generation,Wind Offshore,2026-08-17T08:52:17Z
2026-08-17T08:43:25Z,2026-08-17T10:43:25+0200,5f9ba03d-f545-4cd2-8996-d770f48fc74d,2026-07-23T21:15:00Z,2026-07-23T23:15:00+0200,203.5,MW,DK2,DK_2,forecast_offshore_wind_generation,Wind Offshore,2026-08-17T08:52:17Z
2026-08-17T08:43:25Z,2026-08-17T10:43:25+0200,5f9ba03d-f545-4cd2-8996-d770f48fc74d,2026-07-23T21:30:00Z,2026-07-23T23:30:00+0200,202.5,MW,DK2,DK_2,forecast_offshore_wind_generation,Wind Offshore,2026-08-17T08:52:17Z
2026-08-17T08:43:25Z,2026-08-17T10:43:25+0200,5f9ba03d-f545-4cd2-8996-d770f48fc74d,2026-07-23T21:45:00Z,2026-07-23T23:45:00+0200,201.5,MW,DK2,DK_2,forecast_offshore_wind_generation,Wind Offshore,2026-08-17T08:52:17Z
2026-08-17T08:43:25Z,2026-08-17T10:43:25+0200,5f9ba03d-f545-4cd2-8996-d770f48fc74d,2026-07-23T22:00:00Z,2026-07-24T00:00:00+0200,281.5,MW,DK2,DK_2,forecast_offshore_wind_generation,Wind Offshore,2026-08-17T08:52:17Z
2026-08-17T08:43:25Z,2026-08-17T10:43:25+0200,5f9ba03d-f545-4cd2-8996-d770f48fc74d,2026-07-23T22:15:00Z,2026-07-24T00:15:00+0200,291.666666,MW,DK2,DK_2,forecast_offshore_wind_generation,Wind Offshore,2026-08-17T08:52:17Z
2026-08-17T08:43:25Z,2026-08-17T10:43:25+0200,5f9ba03d-f545-4cd2-8996-d770f48fc74d,2026-07-23T22:30:00Z,2026-07-24T00:30:00+0200,306.333333,MW,DK2,DK_2,forecast_offshore_wind_generation,Wind Offshore,2026-08-17T08:52:17Z
2026-08-17T08:43:25Z,2026-08-17T10:43:25+0200,5f9ba03d-f545-4cd2-8996-d770f48fc74d,2026-07-23T22:45:00Z,2026-07-24T00:45:00+0200,321.333333,MW,DK2,DK_2,forecast_offshore_wind_generation,Wind Offshore,2026-08-17T08:52:17Z
2026-08-17T08:43:25Z,2026-08-17T10:43:25+0200,5f9ba03d-f545-4cd2-8996-d770f48fc74d,2026-07-23T23:00:00Z,2026-07-24T01:00:00+0200,333.5,MW,DK2,DK_2,forecast_offshore_wind_generation,Wind Offshore,2026-08-17T08:52:17Z
2026-08-17T08:43:25Z,2026-08-17T10:43:25+0200,5f9ba03d-f545-4cd2-8996-d770f48fc74d,2026-07-23T23:15:00Z,2026-07-24T01:15:00+0200,350.833333,MW,DK2,DK_2,forecast_offshore_wind_generation,Wind Offshore,2026-08-17T08:52:17Z
2026-08-17T08:43:25Z,2026-08-17T10:43:25+0200,5f9ba03d-f545-4cd2-8996-d770f48fc74d,2026-07-23T23:30:00Z,2026-07-24T01:30:00+0200,368.0,MW,DK2,DK_2,forecast_offshore_wind_generation,Wind Offshore,2026-08-17T08:52:17Z
2026-08-17T08:43:25Z,2026-08-17T10:43:25+0200,5f9ba03d-f545-4cd2-8996-d770f48fc74d,2026-07-23T23:45:00Z,2026-07-24T01:45:00+0200,376.833333,MW,DK2,DK_2,forecast_offshore_wind_generation,Wind Offshore,2026-08-17T08:52:17Z
2026-08-17T08:43:25Z,2026-08-17T10:43:25+0200,5f9ba03d-f545-4cd2-8996-d770f48fc74d,2026-07-24T00:00:00Z,2026-07-24T02:00:00+0200,379.0,MW,DK2,DK_2,forecast_offshore_wind_generation,Wind Offshore,2026-08-17T08:52:17Z
2026-08-17T08:43:25Z,2026-08-17T10:43:25+0200,5f9ba03d-f545-4cd2-8996-d770f48fc74d,2026-07-24T00:15:00Z,2026-07-24T02:15:00+0200,378.333333,MW,DK2,DK_2,forecast_offshore_wind_generation,Wind Offshore,2026-08-17T08:52:17Z
2026-08-17T08:43:25Z,2026-08-17T10:43:25+0200,5f9ba03d-f545-4cd2-8996-d770f48fc74d,2026-07-24T00:30:00Z,2026-07-24T02:30:00+0200,375.5,MW,DK2,DK_2,forecast_offshore_wind_generation,Wind Offshore,2026-08-17T08:52:17Z
2026-08-17T08:43:25Z,2026-08-17T10:43:25+0200,5f9ba03d-f545-4cd2-8996-d770f48fc74d,2026-07-24T00:45:00Z,2026-07-24T02:45:00+0200,372.5,MW,DK2,DK_2,forecast_offshore_wind_generation,Wind Offshore,2026-08-17T08:52:17Z
2026-08-17T08:43:25Z,2026-08-17T10:43:25+0200,5f9ba03d-f545-4cd2-8996-d770f48fc74d,2026-07-24T01:00:00Z,2026-07-24T03:00:00+0200,368.833333,MW,DK2,DK_2,forecast_offshore_wind_generation,Wind Offshore,2026-08-17T08:52:17Z
2026-08-17T08:43:25Z,2026-08-17T10:43:25+0200,5f9ba03d-f545-4cd2-8996-d770f48fc74d,2026-07-24T01:15:00Z,2026-07-24T03:15:00+0200,361.5,MW,DK2,DK_2,forecast_offshore_wind_generation,Wind Offshore,2026-08-17T08:52:17Z
2026-08-17T08:43:25Z,2026-08-17T10:43:25+0200,5f9ba03d-f545-4cd2-8996-d770f48fc74d,2026-07-24T01:30:00Z,2026-07-24T03:30:00+0200,352.666666,MW,DK2,DK_2,forecast_offshore_wind_generation,Wind Offshore,2026-08-17T08:52:17Z
2026-08-17T08:43:25Z,2026-08-17T10:43:25+0200,5f9ba03d-f545-4cd2-8996-d770f48fc74d,2026-07-24T01:45:00Z,2026-07-24T03:45:00+0200,346.166666,MW,DK2,DK_2,forecast_offshore_wind_generation,Wind Offshore,2026-08-17T08:52:17Z
2026-08-17T08:43:25Z,2026-08-17T10:43:25+0200,5f9ba03d-f545-4cd2-8996-d770f48fc74d,2026-07-24T02:00:00Z,2026-07-24T04:00:00+0200,342.5,MW,DK2,DK_2,forecast_offshore_wind_generation,Wind Offshore,2026-08-17T08:52:17Z
2026-08-17T08:43:25Z,2026-08-17T10:43:25+0200,5f9ba03d-f545-4cd2-8996-d770f48fc74d,2026-07-24T02:15:00Z,2026-07-24T04:15:00+0200,340.333333,MW,DK2,DK_2,forecast_offshore_wind_generation,Wind Offshore,2026-08-17T08:52:17Z
2026-08-17T08:43:25Z,2026-08-17T10:43:25+0200,5f9ba03d-f545-4cd2-8996-d770f48fc74d,2026-07-24T02:30:00Z,2026-07-24T04:30:00+0200,342.5,MW,DK2,DK_2,forecast_offshore_wind_generation,Wind Offshore,2026-08-17T08:52:17Z
2026-08-17T08:43:25Z,2026-08-17T10:43:25+0200,5f9ba03d-f545-4cd2-8996-d770f48fc74d,2026-07-24T02:45:00Z,2026-07-24T04:45:00+0200,348.666666,MW,DK2,DK_2,forecast_offshore_wind_generation,Wind Offshore,2026-08-17T08:52:17Z
2026-08-17T08:43:25Z,2026-08-17T10:43:25+0200,5f9ba03d-f545-4cd2-8996-d770f48fc74d,2026-07-24T03:00:00Z,2026-07-24T05:00:00+0200,356.0,MW,DK2,DK_2,forecast_offshore_wind_generation,Wind Offshore,2026-08-17T08:52:17Z
2026-08-17T08:43:25Z,2026-08-17T10:43:25+0200,5f9ba03d-f545-4cd2-8996-d770f48fc74d,2026-07-24T03:15:00Z,2026-07-24T05:15:00+0200,364.666666,MW,DK2,DK_2,forecast_offshore_wind_generation,Wind Offshore,2026-08-17T08:52:17Z
2026-08-17T08:43:25Z,2026-08-17T10:43:25+0200,5f9ba03d-f545-4cd2-8996-d770f48fc74d,2026-07-24T03:30:00Z,2026-07-24T05:30:00+0200,374.5,MW,DK2,DK_2,forecast_offshore_wind_generation,Wind Offshore,2026-08-17T08:52:17Z
2026-08-17T08:43:25Z,2026-08-17T10:43:25+0200,5f9ba03d-f545-4cd2-8996-d770f48fc74d,2026-07-24T03:45:00Z,2026-07-24T05:45:00+0200,383.5,MW,DK2,DK_2,forecast_offshore_wind_generation,Wind Offshore,2026-08-17T08:52:17Z
2026-08-17T08:43:25Z,2026-08-17T10:43:25+0200,5f9ba03d-f545-4cd2-8996-d770f48fc74d,2026-07-24T04:00:00Z,2026-07-24T06:00:00+0200,392.5,MW,DK2,DK_2,forecast_offshore_wind_generation,Wind Offshore,2026-08-17T08:52:17Z
2026-08-17T08:43:25Z,2026-08-17T10:43:25+0200,5f9ba03d-f545-4cd2-8996-d770f48fc74d,2026-07-24T04:15:00Z,2026-07-24T06:15:00+0200,400.5,MW,DK2,DK_2,forecast_offshore_wind_generation,Wind Offshore,2026-08-17T08:52:17Z
2026-08-17T08:43:25Z,2026-08-17T10:43:25+0200,5f9ba03d-f545-4cd2-8996-d770f48fc74d,2026-07-24T04:30:00Z,2026-07-24T06:30:00+0200,406.833333,MW,DK2,DK_2,forecast_offshore_wind_generation,Wind Offshore,2026-08-17T08:52:17Z
2026-08-17T08:43:25Z,2026-08-17T10:43:25+0200,5f9ba03d-f545-4cd2-8996-d770f48fc74d,2026-07-24T04:45:00Z,2026-07-24T06:45:00+0200,411.833333,MW,DK2,DK_2,forecast_offshore_wind_generation,Wind Offshore,2026-08-17T08:52:17Z
2026-08-17T08:43:25Z,2026-08-17T10:43:25+0200,5f9ba03d-f545-4cd2-8996-d770f48fc74d,2026-07-24T05:00:00Z,2026-07-24T07:00:00+0200,413.166666,MW,DK2,DK_2,forecast_offshore_wind_generation,Wind Offshore,2026-08-17T08:52:17Z
2026-08-17T08:43:25Z,2026-08-17T10:43:25+0200,5f9ba03d-f545-4cd2-8996-d770f48fc74d,2026-07-24T05:15:00Z,2026-07-24T07:15:00+0200,407.833333,MW,DK2,DK_2,forecast_offshore_wind_generation,Wind Offshore,2026-08-17T08:52:17Z
2026-08-17T08:43:25Z,2026-08-17T10:43:25+0200,5f9ba03d-f545-4cd2-8996-d770f48fc74d,2026-07-24T05:30:00Z,2026-07-24T07:30:00+0200,399.5,MW,DK2,DK_2,forecast_offshore_wind_generation,Wind Offshore,2026-08-17T08:52:17Z
2026-08-17T08:43:25Z,2026-08-17T10:43:25+0200,5f9ba03d-f545-4cd2-8996-d770f48fc74d,2026-07-24T05:45:00Z,2026-07-24T07:45:00+0200,390.666666,MW,DK2,DK_2,forecast_offshore_wind_generation,Wind Offshore,2026-08-17T08:52:17Z
2026-08-17T08:43:25Z,2026-08-17T10:43:25+0200,5f9ba03d-f545-4cd2-8996-d770f48fc74d,2026-07-24T06:00:00Z,2026-07-24T08:00:00+0200,383.333333,MW,DK2,DK_2,forecast_offshore_wind_generation,Wind Offshore,2026-08-17T08:52:17Z
2026-08-17T08:43:25Z,2026-08-17T10:43:25+0200,5f9ba03d-f545-4cd2-8996-d770f48fc74d,2026-07-24T06:15:00Z,2026-07-24T08:15:00+0200,374.333333,MW,DK2,DK_2,forecast_offshore_wind_generation,Wind Offshore,2026-08-17T08:52:17Z
2026-08-17T08:43:25Z,2026-08-17T10:43:25+0200,5f9ba03d-f545-4cd2-8996-d770f48fc74d,2026-07-24T06:30:00Z,2026-07-24T08:30:00+0200,364.0,MW,DK2,DK_2,forecast_offshore_wind_generation,Wind Offshore,2026-08-17T08:52:17Z
2026-08-17T08:43:25Z,2026-08-17T10:43:25+0200,5f9ba03d-f545-4cd2-8996-d770f48fc74d,2026-07-24T06:45:00Z,2026-07-24T08:45:00+0200,355.166666,MW,DK2,DK_2,forecast_offshore_wind_generation,Wind Offshore,2026-08-17T08:52:17Z
2026-08-17T08:43:25Z,2026-08-17T10:43:25+0200,5f9ba03d-f545-4cd2-8996-d770f48fc74d,2026-07-24T07:00:00Z,2026-07-24T09:00:00+0200,347.5,MW,DK2,DK_2,forecast_offshore_wind_generation,Wind Offshore,2026-08-17T08:52:17Z
2026-08-17T08:43:25Z,2026-08-17T10:43:25+0200,5f9ba03d-f545-4cd2-8996-d770f48fc74d,2026-07-24T07:15:00Z,2026-07-24T09:15:00+0200,337.166666,MW,DK2,DK_2,forecast_offshore_wind_generation,Wind Offshore,2026-08-17T08:52:17Z
2026-08-17T08:43:25Z,2026-08-17T10:43:25+0200,5f9ba03d-f545-4cd2-8996-d770f48fc74d,2026-07-24T07:30:00Z,2026-07-24T09:30:00+0200,326.666666,MW,DK2,DK_2,forecast_offshore_wind_generation,Wind Offshore,2026-08-17T08:52:17Z
2026-08-17T08:43:25Z,2026-08-17T10:43:25+0200,5f9ba03d-f545-4cd2-8996-d770f48fc74d,2026-07-24T07:45:00Z,2026-07-24T09:45:00+0200,319.666666,MW,DK2,DK_2,forecast_offshore_wind_generation,Wind Offshore,2026-08-17T08:52:17Z
2026-08-17T08:43:25Z,2026-08-17T10:43:25+0200,5f9ba03d-f545-4cd2-8996-d770f48fc74d,2026-07-24T08:00:00Z,2026-07-24T10:00:00+0200,319.5,MW,DK2,DK_2,forecast_offshore_wind_generation,Wind Offshore,2026-08-17T08:52:17Z
2026-08-17T08:43:25Z,2026-08-17T10:43:25+0200,5f9ba03d-f545-4cd2-8996-d770f48fc74d,2026-07-24T08:15:00Z,2026-07-24T10:15:00+0200,323.5,MW,DK2,DK_2,forecast_offshore_wind_generation,Wind Offshore,2026-08-17T08:52:17Z
2026-08-17T08:43:25Z,2026-08-17T10:43:25+0200,5f9ba03d-f545-4cd2-8996-d770f48fc74d,2026-07-24T08:30:00Z,2026-07-24T10:30:00+0200,329.666666,MW,DK2,DK_2,forecast_offshore_wind_generation,Wind Offshore,2026-08-17T08:52:17Z
2026-08-17T08:43:25Z,2026-08-17T10:43:25+0200,5f9ba03d-f545-4cd2-8996-d770f48fc74d,2026-07-24T08:45:00Z,2026-07-24T10:45:00+0200,334.833333,MW,DK2,DK_2,forecast_offshore_wind_generation,Wind Offshore,2026-08-17T08:52:17Z
2026-08-17T08:43:25Z,2026-08-17T10:43:25+0200,5f9ba03d-f545-4cd2-8996-d770f48fc74d,2026-07-24T09:00:00Z,2026-07-24T11:00:00+0200,337.5,MW,DK2,DK_2,forecast_offshore_wind_generation,Wind Offshore,2026-08-17T08:52:17Z
2026-08-17T08:43:25Z,2026-08-17T10:43:25+0200,5f9ba03d-f545-4cd2-8996-d770f48fc74d,2026-07-24T09:15:00Z,2026-07-24T11:15:00+0200,339.0,MW,DK2,DK_2,forecast_offshore_wind_generation,Wind Offshore,2026-08-17T08:52:17Z
2026-08-17T08:43:25Z,2026-08-17T10:43:25+0200,5f9ba03d-f545-4cd2-8996-d770f48fc74d,2026-07-24T09:30:00Z,2026-07-24T11:30:00+0200,340.166666,MW,DK2,DK_2,forecast_offshore_wind_generation,Wind Offshore,2026-08-17T08:52:17Z
2026-08-17T08:43:25Z,2026-08-17T10:43:25+0200,5f9ba03d-f545-4cd2-8996-d770f48fc74d,2026-07-24T09:45:00Z,2026-07-24T11:45:00+0200,341.0,MW,DK2,DK_2,forecast_offshore_wind_generation,Wind Offshore,2026-08-17T08:52:17Z
2026-08-17T08:43:25Z,2026-08-17T10:43:25+0200,5f9ba03d-f545-4cd2-8996-d770f48fc74d,2026-07-24T10:00:00Z,2026-07-24T12:00:00+0200,342.666666,MW,DK2,DK_2,forecast_offshore_wind_generation,Wind Offshore,2026-08-17T08:52:17Z
2026-08-17T08:43:25Z,2026-08-17T10:43:25+0200,5f9ba03d-f545-4cd2-8996-d770f48fc74d,2026-07-24T10:15:00Z,2026-07-24T12:15:00+0200,347.166666,MW,DK2,DK_2,forecast_offshore_wind_generation,Wind Offshore,2026-08-17T08:52:17Z
2026-08-17T08:43:25Z,2026-08-17T10:43:25+0200,5f9ba03d-f545-4cd2-8996-d770f48fc74d,2026-07-24T10:30:00Z,2026-07-24T12:30:00+0200,352.333333,MW,DK2,DK_2,forecast_offshore_wind_generation,Wind Offshore,2026-08-17T08:52:17Z
2026-08-17T08:43:25Z,2026-08-17T10:43:25+0200,5f9ba03d-f545-4cd2-8996-d770f48fc74d,2026-07-24T10:45:00Z,2026-07-24T12:45:00+0200,355.333333,MW,DK2,DK_2,forecast_offshore_wind_generation,Wind Offshore,2026-08-17T08:52:17Z
2026-08-17T08:43:25Z,2026-08-17T10:43:25+0200,5f9ba03d-f545-4cd2-8996-d770f48fc74d,2026-07-24T11:00:00Z,2026-07-24T13:00:00+0200,357.5,MW,DK2,DK_2,forecast_offshore_wind_generation,Wind Offshore,2026-08-17T08:52:17Z
2026-08-17T08:43:25Z,2026-08-17T10:43:25+0200,5f9ba03d-f545-4cd2-8996-d770f48fc74d,2026-07-24T11:15:00Z,2026-07-24T13:15:00+0200,367.166666,MW,DK2,DK_2,forecast_offshore_wind_generation,Wind Offshore,2026-08-17T08:52:17Z
2026-08-17T08:43:25Z,2026-08-17T10:43:25+0200,5f9ba03d-f545-4cd2-8996-d770f48fc74d,2026-07-24T11:30:00Z,2026-07-24T13:30:00+0200,385.666666,MW,DK2,DK_2,forecast_offshore_wind_generation,Wind Offshore,2026-08-17T08:52:17Z
2026-08-17T08:43:25Z,2026-08-17T10:43:25+0200,5f9ba03d-f545-4cd2-8996-d770f48fc74d,2026-07-24T11:45:00Z,2026-07-24T13:45:00+0200,397.666666,MW,DK2,DK_2,forecast_offshore_wind_generation,Wind Offshore,2026-08-17T08:52:17Z
2026-08-17T08:43:25Z,2026-08-17T10:43:25+0200,5f9ba03d-f545-4cd2-8996-d770f48fc74d,2026-07-24T12:00:00Z,2026-07-24T14:00:00+0200,398.333333,MW,DK2,DK_2,forecast_offshore_wind_generation,Wind Offshore,2026-08-17T08:52:17Z
2026-08-17T08:43:25Z,2026-08-17T10:43:25+0200,5f9ba03d-f545-4cd2-8996-d770f48fc74d,2026-07-24T12:15:00Z,2026-07-24T14:15:00+0200,392.0,MW,DK2,DK_2,forecast_offshore_wind_generation,Wind Offshore,2026-08-17T08:52:17Z
2026-08-17T08:43:25Z,2026-08-17T10:43:25+0200,5f9ba03d-f545-4cd2-8996-d770f48fc74d,2026-07-24T12:30:00Z,2026-07-24T14:30:00+0200,383.5,MW,DK2,DK_2,forecast_offshore_wind_generation,Wind Offshore,2026-08-17T08:52:17Z
2026-08-17T08:43:25Z,2026-08-17T10:43:25+0200,5f9ba03d-f545-4cd2-8996-d770f48fc74d,2026-07-24T12:45:00Z,2026-07-24T14:45:00+0200,376.166666,MW,DK2,DK_2,forecast_offshore_wind_generation,Wind Offshore,2026-08-17T08:52:17Z
2026-08-17T08:43:25Z,2026-08-17T10:43:25+0200,5f9ba03d-f545-4cd2-8996-d770f48fc74d,2026-07-24T13:00:00Z,2026-07-24T15:00:00+0200,372.333333,MW,DK2,DK_2,forecast_offshore_wind_generation,Wind Offshore,2026-08-17T08:52:17Z
2026-08-17T08:43:25Z,2026-08-17T10:43:25+0200,5f9ba03d-f545-4cd2-8996-d770f48fc74d,2026-07-24T13:15:00Z,2026-07-24T15:15:00+0200,366.833333,MW,DK2,DK_2,forecast_offshore_wind_generation,Wind Offshore,2026-08-17T08:52:17Z
2026-08-17T08:43:25Z,2026-08-17T10:43:25+0200,5f9ba03d-f545-4cd2-8996-d770f48fc74d,2026-07-24T13:30:00Z,2026-07-24T15:30:00+0200,361.0,MW,DK2,DK_2,forecast_offshore_wind_generation,Wind Offshore,2026-08-17T08:52:17Z
2026-08-17T08:43:25Z,2026-08-17T10:43:25+0200,5f9ba03d-f545-4cd2-8996-d770f48fc74d,2026-07-24T13:45:00Z,2026-07-24T15:45:00+0200,358.166666,MW,DK2,DK_2,forecast_offshore_wind_generation,Wind Offshore,2026-08-17T08:52:17Z
2026-08-17T08:43:25Z,2026-08-17T10:43:25+0200,5f9ba03d-f545-4cd2-8996-d770f48fc74d,2026-07-24T14:00:00Z,2026-07-24T16:00:00+0200,359.166666,MW,DK2,DK_2,forecast_offshore_wind_generation,Wind Offshore,2026-08-17T08:52:17Z
2026-08-17T08:43:25Z,2026-08-17T10:43:25+0200,5f9ba03d-f545-4cd2-8996-d770f48fc74d,2026-07-24T14:15:00Z,2026-07-24T16:15:00+0200,364.833333,MW,DK2,DK_2,forecast_offshore_wind_generation,Wind Offshore,2026-08-17T08:52:17Z
2026-08-17T08:43:25Z,2026-08-17T10:43:25+0200,5f9ba03d-f545-4cd2-8996-d770f48fc74d,2026-07-24T14:30:00Z,2026-07-24T16:30:00+0200,371.833333,MW,DK2,DK_2,forecast_offshore_wind_generation,Wind Offshore,2026-08-17T08:52:17Z
2026-08-17T08:43:25Z,2026-08-17T10:43:25+0200,5f9ba03d-f545-4cd2-8996-d770f48fc74d,2026-07-24T14:45:00Z,2026-07-24T16:45:00+0200,376.333333,MW,DK2,DK_2,forecast_offshore_wind_generation,Wind Offshore,2026-08-17T08:52:17Z
2026-08-17T08:43:25Z,2026-08-17T10:43:25+0200,5f9ba03d-f545-4cd2-8996-d770f48fc74d,2026-07-24T15:00:00Z,2026-07-24T17:00:00+0200,377.666666,MW,DK2,DK_2,forecast_offshore_wind_generation,Wind Offshore,2026-08-17T08:52:17Z
2026-08-17T08:43:25Z,2026-08-17T10:43:25+0200,5f9ba03d-f545-4cd2-8996-d770f48fc74d,2026-07-24T15:15:00Z,2026-07-24T17:15:00+0200,383.0,MW,DK2,DK_2,forecast_offshore_wind_generation,Wind Offshore,2026-08-17T08:52:17Z
2026-08-17T08:43:25Z,2026-08-17T10:43:25+0200,5f9ba03d-f545-4cd2-8996-d770f48fc74d,2026-07-24T15:30:00Z,2026-07-24T17:30:00+0200,389.833333,MW,DK2,DK_2,forecast_offshore_wind_generation,Wind Offshore,2026-08-17T08:52:17Z
2026-08-17T08:43:25Z,2026-08-17T10:43:25+0200,5f9ba03d-f545-4cd2-8996-d770f48fc74d,2026-07-24T15:45:00Z,2026-07-24T17:45:00+0200,391.166666,MW,DK2,DK_2,forecast_offshore_wind_generation,Wind Offshore,2026-08-17T08:52:17Z
2026-08-17T08:43:25Z,2026-08-17T10:43:25+0200,5f9ba03d-f545-4cd2-8996-d770f48fc74d,2026-07-24T16:00:00Z,2026-07-24T18:00:00+0200,384.666666,MW,DK2,DK_2,forecast_offshore_wind_generation,Wind Offshore,2026-08-17T08:52:17Z
2026-08-17T08:43:25Z,2026-08-17T10:43:25+0200,5f9ba03d-f545-4cd2-8996-d770f48fc74d,2026-07-24T16:15:00Z,2026-07-24T18:15:00+0200,370.333333,MW,DK2,DK_2,forecast_offshore_wind_generation,Wind Offshore,2026-08-17T08:52:17Z
2026-08-17T08:43:25Z,2026-08-17T10:43:25+0200,5f9ba03d-f545-4cd2-8996-d770f48fc74d,2026-07-24T16:30:00Z,2026-07-24T18:30:00+0200,351.666666,MW,DK2,DK_2,forecast_offshore_wind_generation,Wind Offshore,2026-08-17T08:52:17Z
2026-08-17T08:43:25Z,2026-08-17T10:43:25+0200,5f9ba03d-f545-4cd2-8996-d770f48fc74d,2026-07-24T16:45:00Z,2026-07-24T18:45:00+0200,336.166666,MW,DK2,DK_2,forecast_offshore_wind_generation,Wind Offshore,2026-08-17T08:52:17Z
2026-08-17T08:43:25Z,2026-08-17T10:43:25+0200,5f9ba03d-f545-4cd2-8996-d770f48fc74d,2026-07-24T17:00:00Z,2026-07-24T19:00:00+0200,324.166666,MW,DK2,DK_2,forecast_offshore_wind_generation,Wind Offshore,2026-08-17T08:52:17Z
2026-08-17T08:43:25Z,2026-08-17T10:43:25+0200,5f9ba03d-f545-4cd2-8996-d770f48fc74d,2026-07-24T17:15:00Z,2026-07-24T19:15:00+0200,308.0,MW,DK2,DK_2,forecast_offshore_wind_generation,Wind Offshore,2026-08-17T08:52:17Z
2026-08-17T08:43:25Z,2026-08-17T10:43:25+0200,5f9ba03d-f545-4cd2-8996-d770f48fc74d,2026-07-24T17:30:00Z,2026-07-24T19:30:00+0200,291.0,MW,DK2,DK_2,forecast_offshore_wind_generation,Wind Offshore,2026-08-17T08:52:17Z
2026-08-17T08:43:25Z,2026-08-17T10:43:25+0200,5f9ba03d-f545-4cd2-8996-d770f48fc74d,2026-07-24T17:45:00Z,2026-07-24T19:45:00+0200,277.833333,MW,DK2,DK_2,forecast_offshore_wind_generation,Wind Offshore,2026-08-17T08:52:17Z
2026-08-17T08:43:25Z,2026-08-17T10:43:25+0200,5f9ba03d-f545-4cd2-8996-d770f48fc74d,2026-07-24T18:00:00Z,2026-07-24T20:00:00+0200,274.166666,MW,DK2,DK_2,forecast_offshore_wind_generation,Wind Offshore,2026-08-17T08:52:17Z
2026-08-17T08:43:25Z,2026-08-17T10:43:25+0200,5f9ba03d-f545-4cd2-8996-d770f48fc74d,2026-07-24T18:15:00Z,2026-07-24T20:15:00+0200,277.166666,MW,DK2,DK_2,forecast_offshore_wind_generation,Wind Offshore,2026-08-17T08:52:17Z
2026-08-17T08:43:25Z,2026-08-17T10:43:25+0200,5f9ba03d-f545-4cd2-8996-d770f48fc74d,2026-07-24T18:30:00Z,2026-07-24T20:30:00+0200,282.833333,MW,DK2,DK_2,forecast_offshore_wind_generation,Wind Offshore,2026-08-17T08:52:17Z
2026-08-17T08:43:25Z,2026-08-17T10:43:25+0200,5f9ba03d-f545-4cd2-8996-d770f48fc74d,2026-07-24T18:45:00Z,2026-07-24T20:45:00+0200,286.333333,MW,DK2,DK_2,forecast_offshore_wind_generation,Wind Offshore,2026-08-17T08:52:17Z
2026-08-17T08:43:25Z,2026-08-17T10:43:25+0200,5f9ba03d-f545-4cd2-8996-d770f48fc74d,2026-07-24T19:00:00Z,2026-07-24T21:00:00+0200,286.833333,MW,DK2,DK_2,forecast_offshore_wind_generation,Wind Offshore,2026-08-17T08:52:17Z
2026-08-17T08:43:25Z,2026-08-17T10:43:25+0200,5f9ba03d-f545-4cd2-8996-d770f48fc74d,2026-07-24T19:15:00Z,2026-07-24T21:15:00+0200,285.166666,MW,DK2,DK_2,forecast_offshore_wind_generation,Wind Offshore,2026-08-17T08:52:17Z
2026-08-17T08:43:25Z,2026-08-17T10:43:25+0200,5f9ba03d-f545-4cd2-8996-d770f48fc74d,2026-07-24T19:30:00Z,2026-07-24T21:30:00+0200,284.166666,MW,DK2,DK_2,forecast_offshore_wind_generation,Wind Offshore,2026-08-17T08:52:17Z
2026-08-17T08:43:25Z,2026-08-17T10:43:25+0200,5f9ba03d-f545-4cd2-8996-d770f48fc74d,2026-07-24T19:45:00Z,2026-07-24T21:45:00+0200,284.5,MW,DK2,DK_2,forecast_offshore_wind_generation,Wind Offshore,2026-08-17T08:52:17Z
2026-08-17T08:43:25Z,2026-08-17T10:43:25+0200,5f9ba03d-f545-4cd2-8996-d770f48fc74d,2026-07-24T20:00:00Z,2026-07-24T22:00:00+0200,286.666666,MW,DK2,DK_2,forecast_offshore_wind_generation,Wind Offshore,2026-08-17T08:52:17Z
2026-08-17T08:43:25Z,2026-08-17T10:43:25+0200,5f9ba03d-f545-4cd2-8996-d770f48fc74d,2026-07-24T20:15:00Z,2026-07-24T22:15:00+0200,292.166666,MW,DK2,DK_2,forecast_offshore_wind_generation,Wind Offshore,2026-08-17T08:52:17Z
2026-08-17T08:43:25Z,2026-08-17T10:43:25+0200,5f9ba03d-f545-4cd2-8996-d770f48fc74d,2026-07-24T20:30:00Z,2026-07-24T22:30:00+0200,300.0,MW,DK2,DK_2,forecast_offshore_wind_generation,Wind Offshore,2026-08-17T08:52:17Z
2026-08-17T08:43:25Z,2026-08-17T10:43:25+0200,5f9ba03d-f545-4cd2-8996-d770f48fc74d,2026-07-24T20:45:00Z,2026-07-24T22:45:00+0200,307.0,MW,DK2,DK_2,forecast_offshore_wind_generation,Wind Offshore,2026-08-17T08:52:17Z
2026-08-17T08:43:25Z,2026-08-17T10:43:25+0200,5f9ba03d-f545-4cd2-8996-d770f48fc74d,2026-07-24T21:00:00Z,2026-07-24T23:00:00+0200,312.0,MW,DK2,DK_2,forecast_offshore_wind_generation,Wind Offshore,2026-08-17T08:52:17Z
2026-08-17T08:43:25Z,2026-08-17T10:43:25+0200,5f9ba03d-f545-4cd2-8996-d770f48fc74d,2026-07-24T21:15:00Z,2026-07-24T23:15:00+0200,316.333333,MW,DK2,DK_2,forecast_offshore_wind_generation,Wind Offshore,2026-08-17T08:52:17Z
2026-08-17T08:43:25Z,2026-08-17T10:43:25+0200,5f9ba03d-f545-4cd2-8996-d770f48fc74d,2026-07-24T21:30:00Z,2026-07-24T23:30:00+0200,320.0,MW,DK2,DK_2,forecast_offshore_wind_generation,Wind Offshore,2026-08-17T08:52:17Z
2026-08-17T08:43:25Z,2026-08-17T10:43:25+0200,5f9ba03d-f545-4cd2-8996-d770f48fc74d,2026-07-24T21:45:00Z,2026-07-24T23:45:00+0200,323.333333,MW,DK2,DK_2,forecast_offshore_wind_generation,Wind Offshore,2026-08-17T08:52:17Z
2026-08-17T08:43:25Z,2026-08-17T10:43:25+0200,5f9ba03d-f545-4cd2-8996-d770f48fc74d,2026-07-24T22:00:00Z,2026-07-25T00:00:00+0200,324.833333,MW,DK2,DK_2,forecast_offshore_wind_generation,Wind Offshore,2026-08-17T08:52:17Z
2026-08-17T08:43:25Z,2026-08-17T10:43:25+0200,5f9ba03d-f545-4cd2-8996-d770f48fc74d,2026-07-24T22:15:00Z,2026-07-25T00:15:00+0200,325.0,MW,DK2,DK_2,forecast_offshore_wind_generation,Wind Offshore,2026-08-17T08:52:17Z
2026-08-17T08:43:25Z,2026-08-17T10:43:25+0200,5f9ba03d-f545-4cd2-8996-d770f48fc74d,2026-07-24T22:30:00Z,2026-07-25T00:30:00+0200,324.0,MW,DK2,DK_2,forecast_offshore_wind_generation,Wind Offshore,2026-08-17T08:52:17Z
2026-08-17T08:43:25Z,2026-08-17T10:43:25+0200,5f9ba03d-f545-4cd2-8996-d770f48fc74d,2026-07-24T22:45:00Z,2026-07-25T00:45:00+0200,322.333333,MW,DK2,DK_2,forecast_offshore_wind_generation,Wind Offshore,2026-08-17T08:52:17Z
2026-08-17T08:43:25Z,2026-08-17T10:43:25+0200,5f9ba03d-f545-4cd2-8996-d770f48fc74d,2026-07-24T23:00:00Z,2026-07-25T01:00:00+0200,320.333333,MW,DK2,DK_2,forecast_offshore_wind_generation,Wind Offshore,2026-08-17T08:52:17Z
2026-08-17T08:43:25Z,2026-08-17T10:43:25+0200,5f9ba03d-f545-4cd2-8996-d770f48fc74d,2026-07-24T23:15:00Z,2026-07-25T01:15:00+0200,317.666666,MW,DK2,DK_2,forecast_offshore_wind_generation,Wind Offshore,2026-08-17T08:52:17Z
2026-08-17T08:43:25Z,2026-08-17T10:43:25+0200,5f9ba03d-f545-4cd2-8996-d770f48fc74d,2026-07-24T23:30:00Z,2026-07-25T01:30:00+0200,315.666666,MW,DK2,DK_2,forecast_offshore_wind_generation,Wind Offshore,2026-08-17T08:52:17Z
2026-08-17T08:43:25Z,2026-08-17T10:43:25+0200,5f9ba03d-f545-4cd2-8996-d770f48fc74d,2026-07-24T23:45:00Z,2026-07-25T01:45:00+0200,313.666666,MW,DK2,DK_2,forecast_offshore_wind_generation,Wind Offshore,2026-08-17T08:52:17Z
2026-08-17T08:43:25Z,2026-08-17T10:43:25+0200,5f9ba03d-f545-4cd2-8996-d770f48fc74d,2026-07-25T00:00:00Z,2026-07-25T02:00:00+0200,313.0,MW,DK2,DK_2,forecast_offshore_wind_generation,Wind Offshore,2026-08-17T08:52:17Z
2026-08-17T08:43:25Z,2026-08-17T10:43:25+0200,5f9ba03d-f545-4cd2-8996-d770f48fc74d,2026-07-25T00:15:00Z,2026-07-25T02:15:00+0200,312.166666,MW,DK2,DK_2,forecast_offshore_wind_generation,Wind Offshore,2026-08-17T08:52:17Z
2026-08-17T08:43:25Z,2026-08-17T10:43:25+0200,5f9ba03d-f545-4cd2-8996-d770f48fc74d,2026-07-25T00:30:00Z,2026-07-25T02:30:00+0200,312.0,MW,DK2,DK_2,forecast_offshore_wind_generation,Wind Offshore,2026-08-17T08:52:17Z
2026-08-17T08:43:25Z,2026-08-17T10:43:25+0200,5f9ba03d-f545-4cd2-8996-d770f48fc74d,2026-07-25T00:45:00Z,2026-07-25T02:45:00+0200,311.166666,MW,DK2,DK_2,forecast_offshore_wind_generation,Wind Offshore,2026-08-17T08:52:17Z
2026-08-17T08:43:25Z,2026-08-17T10:43:25+0200,5f9ba03d-f545-4cd2-8996-d770f48fc74d,2026-07-25T01:00:00Z,2026-07-25T03:00:00+0200,311.0,MW,DK2,DK_2,forecast_offshore_wind_generation,Wind Offshore,2026-08-17T08:52:17Z
2026-08-17T08:43:25Z,2026-08-17T10:43:25+0200,5f9ba03d-f545-4cd2-8996-d770f48fc74d,2026-07-25T01:15:00Z,2026-07-25T03:15:00+0200,311.0,MW,DK2,DK_2,forecast_offshore_wind_generation,Wind Offshore,2026-08-17T08:52:17Z
2026-08-17T08:43:25Z,2026-08-17T10:43:25+0200,5f9ba03d-f545-4cd2-8996-d770f48fc74d,2026-07-25T01:30:00Z,2026-07-25T03:30:00+0200,312.5,MW,DK2,DK_2,forecast_offshore_wind_generation,Wind Offshore,2026-08-17T08:52:17Z
2026-08-17T08:43:25Z,2026-08-17T10:43:25+0200,5f9ba03d-f545-4cd2-8996-d770f48fc74d,2026-07-25T01:45:00Z,2026-07-25T03:45:00+0200,315.0,MW,DK2,DK_2,forecast_offshore_wind_generation,Wind Offshore,2026-08-17T08:52:17Z
2026-08-17T08:43:25Z,2026-08-17T10:43:25+0200,5f9ba03d-f545-4cd2-8996-d770f48fc74d,2026-07-25T02:00:00Z,2026-07-25T04:00:00+0200,319.0,MW,DK2,DK_2,forecast_offshore_wind_generation,Wind Offshore,2026-08-17T08:52:17Z
2026-08-17T08:43:25Z,2026-08-17T10:43:25+0200,5f9ba03d-f545-4cd2-8996-d770f48fc74d,2026-07-25T02:15:00Z,2026-07-25T04:15:00+0200,325.166666,MW,DK2,DK_2,forecast_offshore_wind_generation,Wind Offshore,2026-08-17T08:52:17Z
2026-08-17T08:43:25Z,2026-08-17T10:43:25+0200,5f9ba03d-f545-4cd2-8996-d770f48fc74d,2026-07-25T02:30:00Z,2026-07-25T04:30:00+0200,333.5,MW,DK2,DK_2,forecast_offshore_wind_generation,Wind Offshore,2026-08-17T08:52:17Z
2026-08-17T08:43:25Z,2026-08-17T10:43:25+0200,5f9ba03d-f545-4cd2-8996-d770f48fc74d,2026-07-25T02:45:00Z,2026-07-25T04:45:00+0200,344.833333,MW,DK2,DK_2,forecast_offshore_wind_generation,Wind Offshore,2026-08-17T08:52:17Z
2026-08-17T08:43:25Z,2026-08-17T10:43:25+0200,5f9ba03d-f545-4cd2-8996-d770f48fc74d,2026-07-25T03:00:00Z,2026-07-25T05:00:00+0200,358.5,MW,DK2,DK_2,forecast_offshore_wind_generation,Wind Offshore,2026-08-17T08:52:17Z
2026-08-17T08:43:25Z,2026-08-17T10:43:25+0200,5f9ba03d-f545-4cd2-8996-d770f48fc74d,2026-07-25T03:15:00Z,2026-07-25T05:15:00+0200,374.166666,MW,DK2,DK_2,forecast_offshore_wind_generation,Wind Offshore,2026-08-17T08:52:17Z
2026-08-17T08:43:25Z,2026-08-17T10:43:25+0200,5f9ba03d-f545-4cd2-8996-d770f48fc74d,2026-07-25T03:30:00Z,2026-07-25T05:30:00+0200,392.0,MW,DK2,DK_2,forecast_offshore_wind_generation,Wind Offshore,2026-08-17T08:52:17Z
2026-08-17T08:43:25Z,2026-08-17T10:43:25+0200,5f9ba03d-f545-4cd2-8996-d770f48fc74d,2026-07-25T03:45:00Z,2026-07-25T05:45:00+0200,410.833333,MW,DK2,DK_2,forecast_offshore_wind_generation,Wind Offshore,2026-08-17T08:52:17Z
2026-08-17T08:43:25Z,2026-08-17T10:43:25+0200,5f9ba03d-f545-4cd2-8996-d770f48fc74d,2026-07-25T04:00:00Z,2026-07-25T06:00:00+0200,430.0,MW,DK2,DK_2,forecast_offshore_wind_generation,Wind Offshore,2026-08-17T08:52:17Z
2026-08-17T08:43:25Z,2026-08-17T10:43:25+0200,5f9ba03d-f545-4cd2-8996-d770f48fc74d,2026-07-25T04:15:00Z,2026-07-25T06:15:00+0200,449.166666,MW,DK2,DK_2,forecast_offshore_wind_generation,Wind Offshore,2026-08-17T08:52:17Z
2026-08-17T08:43:25Z,2026-08-17T10:43:25+0200,5f9ba03d-f545-4cd2-8996-d770f48fc74d,2026-07-25T04:30:00Z,2026-07-25T06:30:00+0200,467.5,MW,DK2,DK_2,forecast_offshore_wind_generation,Wind Offshore,2026-08-17T08:52:17Z
2026-08-17T08:43:25Z,2026-08-17T10:43:25+0200,5f9ba03d-f545-4cd2-8996-d770f48fc74d,2026-07-25T04:45:00Z,2026-07-25T06:45:00+0200,483.833333,MW,DK2,DK_2,forecast_offshore_wind_generation,Wind Offshore,2026-08-17T08:52:17Z
2026-08-17T08:43:25Z,2026-08-17T10:43:25+0200,5f9ba03d-f545-4cd2-8996-d770f48fc74d,2026-07-25T05:00:00Z,2026-07-25T07:00:00+0200,496.5,MW,DK2,DK_2,forecast_offshore_wind_generation,Wind Offshore,2026-08-17T08:52:17Z
2026-08-17T08:43:25Z,2026-08-17T10:43:25+0200,5f9ba03d-f545-4cd2-8996-d770f48fc74d,2026-07-25T05:15:00Z,2026-07-25T07:15:00+0200,507.833333,MW,DK2,DK_2,forecast_offshore_wind_generation,Wind Offshore,2026-08-17T08:52:17Z
2026-08-17T08:43:25Z,2026-08-17T10:43:25+0200,5f9ba03d-f545-4cd2-8996-d770f48fc74d,2026-07-25T05:30:00Z,2026-07-25T07:30:00+0200,518.333333,MW,DK2,DK_2,forecast_offshore_wind_generation,Wind Offshore,2026-08-17T08:52:17Z
2026-08-17T08:43:25Z,2026-08-17T10:43:25+0200,5f9ba03d-f545-4cd2-8996-d770f48fc74d,2026-07-25T05:45:00Z,2026-07-25T07:45:00+0200,526.5,MW,DK2,DK_2,forecast_offshore_wind_generation,Wind Offshore,2026-08-17T08:52:17Z
2026-08-17T08:43:25Z,2026-08-17T10:43:25+0200,5f9ba03d-f545-4cd2-8996-d770f48fc74d,2026-07-25T06:00:00Z,2026-07-25T08:00:00+0200,532.166666,MW,DK2,DK_2,forecast_offshore_wind_generation,Wind Offshore,2026-08-17T08:52:17Z
2026-08-17T08:43:25Z,2026-08-17T10:43:25+0200,5f9ba03d-f545-4cd2-8996-d770f48fc74d,2026-07-25T06:15:00Z,2026-07-25T08:15:00+0200,533.666666,MW,DK2,DK_2,forecast_offshore_wind_generation,Wind Offshore,2026-08-17T08:52:17Z
2026-08-17T08:43:25Z,2026-08-17T10:43:25+0200,5f9ba03d-f545-4cd2-8996-d770f48fc74d,2026-07-25T06:30:00Z,2026-07-25T08:30:00+0200,532.5,MW,DK2,DK_2,forecast_offshore_wind_generation,Wind Offshore,2026-08-17T08:52:17Z
2026-08-17T08:43:25Z,2026-08-17T10:43:25+0200,5f9ba03d-f545-4cd2-8996-d770f48fc74d,2026-07-25T06:45:00Z,2026-07-25T08:45:00+0200,530.5,MW,DK2,DK_2,forecast_offshore_wind_generation,Wind Offshore,2026-08-17T08:52:17Z
2026-08-17T08:43:25Z,2026-08-17T10:43:25+0200,5f9ba03d-f545-4cd2-8996-d770f48fc74d,2026-07-25T07:00:00Z,2026-07-25T09:00:00+0200,527.333333,MW,DK2,DK_2,forecast_offshore_wind_generation,Wind Offshore,2026-08-17T08:52:17Z
2026-08-17T08:43:25Z,2026-08-17T10:43:25+0200,5f9ba03d-f545-4cd2-8996-d770f48fc74d,2026-07-25T07:15:00Z,2026-07-25T09:15:00+0200,521.166666,MW,DK2,DK_2,forecast_offshore_wind_generation,Wind Offshore,2026-08-17T08:52:17Z
2026-08-17T08:43:25Z,2026-08-17T10:43:25+0200,5f9ba03d-f545-4cd2-8996-d770f48fc74d,2026-07-25T07:30:00Z,2026-07-25T09:30:00+0200,514.166666,MW,DK2,DK_2,forecast_offshore_wind_generation,Wind Offshore,2026-08-17T08:52:17Z
2026-08-17T08:43:25Z,2026-08-17T10:43:25+0200,5f9ba03d-f545-4cd2-8996-d770f48fc74d,2026-07-25T07:45:00Z,2026-07-25T09:45:00+0200,508.666666,MW,DK2,DK_2,forecast_offshore_wind_generation,Wind Offshore,2026-08-17T08:52:17Z
2026-08-17T08:43:25Z,2026-08-17T10:43:25+0200,5f9ba03d-f545-4cd2-8996-d770f48fc74d,2026-07-25T08:00:00Z,2026-07-25T10:00:00+0200,505.666666,MW,DK2,DK_2,forecast_offshore_wind_generation,Wind Offshore,2026-08-17T08:52:17Z
2026-08-17T08:43:25Z,2026-08-17T10:43:25+0200,5f9ba03d-f545-4cd2-8996-d770f48fc74d,2026-07-25T08:15:00Z,2026-07-25T10:15:00+0200,504.0,MW,DK2,DK_2,forecast_offshore_wind_generation,Wind Offshore,2026-08-17T08:52:17Z
2026-08-17T08:43:25Z,2026-08-17T10:43:25+0200,5f9ba03d-f545-4cd2-8996-d770f48fc74d,2026-07-25T08:30:00Z,2026-07-25T10:30:00+0200,502.0,MW,DK2,DK_2,forecast_offshore_wind_generation,Wind Offshore,2026-08-17T08:52:17Z
2026-08-17T08:43:25Z,2026-08-17T10:43:25+0200,5f9ba03d-f545-4cd2-8996-d770f48fc74d,2026-07-25T08:45:00Z,2026-07-25T10:45:00+0200,500.0,MW,DK2,DK_2,forecast_offshore_wind_generation,Wind Offshore,2026-08-17T08:52:17Z
2026-08-17T08:43:25Z,2026-08-17T10:43:25+0200,5f9ba03d-f545-4cd2-8996-d770f48fc74d,2026-07-25T09:00:00Z,2026-07-25T11:00:00+0200,497.333333,MW,DK2,DK_2,forecast_offshore_wind_generation,Wind Offshore,2026-08-17T08:52:17Z
2026-08-17T08:43:25Z,2026-08-17T10:43:25+0200,5f9ba03d-f545-4cd2-8996-d770f48fc74d,2026-07-25T09:15:00Z,2026-07-25T11:15:00+0200,493.5,MW,DK2,DK_2,forecast_offshore_wind_generation,Wind Offshore,2026-08-17T08:52:17Z
2026-08-17T08:43:25Z,2026-08-17T10:43:25+0200,5f9ba03d-f545-4cd2-8996-d770f48fc74d,2026-07-25T09:30:00Z,2026-07-25T11:30:00+0200,491.0,MW,DK2,DK_2,forecast_offshore_wind_generation,Wind Offshore,2026-08-17T08:52:17Z
2026-08-17T08:43:25Z,2026-08-17T10:43:25+0200,5f9ba03d-f545-4cd2-8996-d770f48fc74d,2026-07-25T09:45:00Z,2026-07-25T11:45:00+0200,489.0,MW,DK2,DK_2,forecast_offshore_wind_generation,Wind Offshore,2026-08-17T08:52:17Z
2026-08-17T08:43:25Z,2026-08-17T10:43:25+0200,5f9ba03d-f545-4cd2-8996-d770f48fc74d,2026-07-25T10:00:00Z,2026-07-25T12:00:00+0200,488.0,MW,DK2,DK_2,forecast_offshore_wind_generation,Wind Offshore,2026-08-17T08:52:17Z
2026-08-17T08:43:25Z,2026-08-17T10:43:25+0200,5f9ba03d-f545-4cd2-8996-d770f48fc74d,2026-07-25T10:15:00Z,2026-07-25T12:15:00+0200,488.0,MW,DK2,DK_2,forecast_offshore_wind_generation,Wind Offshore,2026-08-17T08:52:17Z
2026-08-17T08:43:25Z,2026-08-17T10:43:25+0200,5f9ba03d-f545-4cd2-8996-d770f48fc74d,2026-07-25T10:30:00Z,2026-07-25T12:30:00+0200,488.833333,MW,DK2,DK_2,forecast_offshore_wind_generation,Wind Offshore,2026-08-17T08:52:17Z
2026-08-17T08:43:25Z,2026-08-17T10:43:25+0200,5f9ba03d-f545-4cd2-8996-d770f48fc74d,2026-07-25T10:45:00Z,2026-07-25T12:45:00+0200,488.833333,MW,DK2,DK_2,forecast_offshore_wind_generation,Wind Offshore,2026-08-17T08:52:17Z
2026-08-17T08:43:25Z,2026-08-17T10:43:25+0200,5f9ba03d-f545-4cd2-8996-d770f48fc74d,2026-07-25T11:00:00Z,2026-07-25T13:00:00+0200,485.333333,MW,DK2,DK_2,forecast_offshore_wind_generation,Wind Offshore,2026-08-17T08:52:17Z
2026-08-17T08:43:25Z,2026-08-17T10:43:25+0200,5f9ba03d-f545-4cd2-8996-d770f48fc74d,2026-07-25T11:15:00Z,2026-07-25T13:15:00+0200,478.833333,MW,DK2,DK_2,forecast_offshore_wind_generation,Wind Offshore,2026-08-17T08:52:17Z
2026-08-17T08:43:25Z,2026-08-17T10:43:25+0200,5f9ba03d-f545-4cd2-8996-d770f48fc74d,2026-07-25T11:30:00Z,2026-07-25T13:30:00+0200,472.0,MW,DK2,DK_2,forecast_offshore_wind_generation,Wind Offshore,2026-08-17T08:52:17Z
2026-08-17T08:43:25Z,2026-08-17T10:43:25+0200,5f9ba03d-f545-4cd2-8996-d770f48fc74d,2026-07-25T11:45:00Z,2026-07-25T13:45:00+0200,466.166666,MW,DK2,DK_2,forecast_offshore_wind_generation,Wind Offshore,2026-08-17T08:52:17Z
2026-08-17T08:43:25Z,2026-08-17T10:43:25+0200,5f9ba03d-f545-4cd2-8996-d770f48fc74d,2026-07-25T12:00:00Z,2026-07-25T14:00:00+0200,461.666666,MW,DK2,DK_2,forecast_offshore_wind_generation,Wind Offshore,2026-08-17T08:52:17Z
2026-08-17T08:43:25Z,2026-08-17T10:43:25+0200,5f9ba03d-f545-4cd2-8996-d770f48fc74d,2026-07-25T12:15:00Z,2026-07-25T14:15:00+0200,458.5,MW,DK2,DK_2,forecast_offshore_wind_generation,Wind Offshore,2026-08-17T08:52:17Z
2026-08-17T08:43:25Z,2026-08-17T10:43:25+0200,5f9ba03d-f545-4cd2-8996-d770f48fc74d,2026-07-25T12:30:00Z,2026-07-25T14:30:00+0200,455.5,MW,DK2,DK_2,forecast_offshore_wind_generation,Wind Offshore,2026-08-17T08:52:17Z
2026-08-17T08:43:25Z,2026-08-17T10:43:25+0200,5f9ba03d-f545-4cd2-8996-d770f48fc74d,2026-07-25T12:45:00Z,2026-07-25T14:45:00+0200,451.833333,MW,DK2,DK_2,forecast_offshore_wind_generation,Wind Offshore,2026-08-17T08:52:17Z
2026-08-17T08:43:25Z,2026-08-17T10:43:25+0200,5f9ba03d-f545-4cd2-8996-d770f48fc74d,2026-07-25T13:00:00Z,2026-07-25T15:00:00+0200,446.833333,MW,DK2,DK_2,forecast_offshore_wind_generation,Wind Offshore,2026-08-17T08:52:17Z
2026-08-17T08:43:25Z,2026-08-17T10:43:25+0200,5f9ba03d-f545-4cd2-8996-d770f48fc74d,2026-07-25T13:15:00Z,2026-07-25T15:15:00+0200,441.0,MW,DK2,DK_2,forecast_offshore_wind_generation,Wind Offshore,2026-08-17T08:52:17Z
2026-08-17T08:43:25Z,2026-08-17T10:43:25+0200,5f9ba03d-f545-4cd2-8996-d770f48fc74d,2026-07-25T13:30:00Z,2026-07-25T15:30:00+0200,434.5,MW,DK2,DK_2,forecast_offshore_wind_generation,Wind Offshore,2026-08-17T08:52:17Z
2026-08-17T08:43:25Z,2026-08-17T10:43:25+0200,5f9ba03d-f545-4cd2-8996-d770f48fc74d,2026-07-25T13:45:00Z,2026-07-25T15:45:00+0200,428.833333,MW,DK2,DK_2,forecast_offshore_wind_generation,Wind Offshore,2026-08-17T08:52:17Z
2026-08-17T08:43:25Z,2026-08-17T10:43:25+0200,5f9ba03d-f545-4cd2-8996-d770f48fc74d,2026-07-25T14:00:00Z,2026-07-25T16:00:00+0200,424.5,MW,DK2,DK_2,forecast_offshore_wind_generation,Wind Offshore,2026-08-17T08:52:17Z
2026-08-17T08:43:25Z,2026-08-17T10:43:25+0200,5f9ba03d-f545-4cd2-8996-d770f48fc74d,2026-07-25T14:15:00Z,2026-07-25T16:15:00+0200,420.666666,MW,DK2,DK_2,forecast_offshore_wind_generation,Wind Offshore,2026-08-17T08:52:17Z
2026-08-17T08:43:25Z,2026-08-17T10:43:25+0200,5f9ba03d-f545-4cd2-8996-d770f48fc74d,2026-07-25T14:30:00Z,2026-07-25T16:30:00+0200,417.0,MW,DK2,DK_2,forecast_offshore_wind_generation,Wind Offshore,2026-08-17T08:52:17Z
2026-08-17T08:43:25Z,2026-08-17T10:43:25+0200,5f9ba03d-f545-4cd2-8996-d770f48fc74d,2026-07-25T14:45:00Z,2026-07-25T16:45:00+0200,414.333333,MW,DK2,DK_2,forecast_offshore_wind_generation,Wind Offshore,2026-08-17T08:52:17Z
2026-08-17T08:43:25Z,2026-08-17T10:43:25+0200,5f9ba03d-f545-4cd2-8996-d770f48fc74d,2026-07-25T15:00:00Z,2026-07-25T17:00:00+0200,410.0,MW,DK2,DK_2,forecast_offshore_wind_generation,Wind Offshore,2026-08-17T08:52:17Z
2026-08-17T08:43:25Z,2026-08-17T10:43:25+0200,5f9ba03d-f545-4cd2-8996-d770f48fc74d,2026-07-25T15:15:00Z,2026-07-25T17:15:00+0200,396.0,MW,DK2,DK_2,forecast_offshore_wind_generation,Wind Offshore,2026-08-17T08:52:17Z
2026-08-17T08:43:25Z,2026-08-17T10:43:25+0200,5f9ba03d-f545-4cd2-8996-d770f48fc74d,2026-07-25T15:30:00Z,2026-07-25T17:30:00+0200,379.0,MW,DK2,DK_2,forecast_offshore_wind_generation,Wind Offshore,2026-08-17T08:52:17Z
2026-08-17T08:43:25Z,2026-08-17T10:43:25+0200,5f9ba03d-f545-4cd2-8996-d770f48fc74d,2026-07-25T15:45:00Z,2026-07-25T17:45:00+0200,366.0,MW,DK2,DK_2,forecast_offshore_wind_generation,Wind Offshore,2026-08-17T08:52:17Z
2026-08-17T08:43:25Z,2026-08-17T10:43:25+0200,5f9ba03d-f545-4cd2-8996-d770f48fc74d,2026-07-25T16:00:00Z,2026-07-25T18:00:00+0200,363.833333,MW,DK2,DK_2,forecast_offshore_wind_generation,Wind Offshore,2026-08-17T08:52:17Z
2026-08-17T08:43:25Z,2026-08-17T10:43:25+0200,5f9ba03d-f545-4cd2-8996-d770f48fc74d,2026-07-25T16:15:00Z,2026-07-25T18:15:00+0200,370.5,MW,DK2,DK_2,forecast_offshore_wind_generation,Wind Offshore,2026-08-17T08:52:17Z
2026-08-17T08:43:25Z,2026-08-17T10:43:25+0200,5f9ba03d-f545-4cd2-8996-d770f48fc74d,2026-07-25T16:30:00Z,2026-07-25T18:30:00+0200,379.5,MW,DK2,DK_2,forecast_offshore_wind_generation,Wind Offshore,2026-08-17T08:52:17Z
2026-08-17T08:43:25Z,2026-08-17T10:43:25+0200,5f9ba03d-f545-4cd2-8996-d770f48fc74d,2026-07-25T16:45:00Z,2026-07-25T18:45:00+0200,385.333333,MW,DK2,DK_2,forecast_offshore_wind_generation,Wind Offshore,2026-08-17T08:52:17Z
2026-08-17T08:43:25Z,2026-08-17T10:43:25+0200,5f9ba03d-f545-4cd2-8996-d770f48fc74d,2026-07-25T17:00:00Z,2026-07-25T19:00:00+0200,383.0,MW,DK2,DK_2,forecast_offshore_wind_generation,Wind Offshore,2026-08-17T08:52:17Z
2026-08-17T08:43:25Z,2026-08-17T10:43:25+0200,5f9ba03d-f545-4cd2-8996-d770f48fc74d,2026-07-25T17:15:00Z,2026-07-25T19:15:00+0200,375.5,MW,DK2,DK_2,forecast_offshore_wind_generation,Wind Offshore,2026-08-17T08:52:17Z
2026-08-17T08:43:25Z,2026-08-17T10:43:25+0200,5f9ba03d-f545-4cd2-8996-d770f48fc74d,2026-07-25T17:30:00Z,2026-07-25T19:30:00+0200,367.166666,MW,DK2,DK_2,forecast_offshore_wind_generation,Wind Offshore,2026-08-17T08:52:17Z
2026-08-17T08:43:25Z,2026-08-17T10:43:25+0200,5f9ba03d-f545-4cd2-8996-d770f48fc74d,2026-07-25T17:45:00Z,2026-07-25T19:45:00+0200,361.833333,MW,DK2,DK_2,forecast_offshore_wind_generation,Wind Offshore,2026-08-17T08:52:17Z
2026-08-17T08:43:25Z,2026-08-17T10:43:25+0200,5f9ba03d-f545-4cd2-8996-d770f48fc74d,2026-07-25T18:00:00Z,2026-07-25T20:00:00+0200,361.666666,MW,DK2,DK_2,forecast_offshore_wind_generation,Wind Offshore,2026-08-17T08:52:17Z
2026-08-17T08:43:25Z,2026-08-17T10:43:25+0200,5f9ba03d-f545-4cd2-8996-d770f48fc74d,2026-07-25T18:15:00Z,2026-07-25T20:15:00+0200,365.5,MW,DK2,DK_2,forecast_offshore_wind_generation,Wind Offshore,2026-08-17T08:52:17Z
2026-08-17T08:43:25Z,2026-08-17T10:43:25+0200,5f9ba03d-f545-4cd2-8996-d770f48fc74d,2026-07-25T18:30:00Z,2026-07-25T20:30:00+0200,371.0,MW,DK2,DK_2,forecast_offshore_wind_generation,Wind Offshore,2026-08-17T08:52:17Z
2026-08-17T08:43:25Z,2026-08-17T10:43:25+0200,5f9ba03d-f545-4cd2-8996-d770f48fc74d,2026-07-25T18:45:00Z,2026-07-25T20:45:00+0200,376.833333,MW,DK2,DK_2,forecast_offshore_wind_generation,Wind Offshore,2026-08-17T08:52:17Z
2026-08-17T08:43:25Z,2026-08-17T10:43:25+0200,5f9ba03d-f545-4cd2-8996-d770f48fc74d,2026-07-25T19:00:00Z,2026-07-25T21:00:00+0200,381.166666,MW,DK2,DK_2,forecast_offshore_wind_generation,Wind Offshore,2026-08-17T08:52:17Z
2026-08-17T08:43:25Z,2026-08-17T10:43:25+0200,5f9ba03d-f545-4cd2-8996-d770f48fc74d,2026-07-25T19:15:00Z,2026-07-25T21:15:00+0200,388.0,MW,DK2,DK_2,forecast_offshore_wind_generation,Wind Offshore,2026-08-17T08:52:17Z
2026-08-17T08:43:25Z,2026-08-17T10:43:25+0200,5f9ba03d-f545-4cd2-8996-d770f48fc74d,2026-07-25T19:30:00Z,2026-07-25T21:30:00+0200,396.333333,MW,DK2,DK_2,forecast_offshore_wind_generation,Wind Offshore,2026-08-17T08:52:17Z
2026-08-17T08:43:25Z,2026-08-17T10:43:25+0200,5f9ba03d-f545-4cd2-8996-d770f48fc74d,2026-07-25T19:45:00Z,2026-07-25T21:45:00+0200,402.833333,MW,DK2,DK_2,forecast_offshore_wind_generation,Wind Offshore,2026-08-17T08:52:17Z
2026-08-17T08:43:25Z,2026-08-17T10:43:25+0200,5f9ba03d-f545-4cd2-8996-d770f48fc74d,2026-07-25T20:00:00Z,2026-07-25T22:00:00+0200,405.666666,MW,DK2,DK_2,forecast_offshore_wind_generation,Wind Offshore,2026-08-17T08:52:17Z
2026-08-17T08:43:25Z,2026-08-17T10:43:25+0200,5f9ba03d-f545-4cd2-8996-d770f48fc74d,2026-07-25T20:15:00Z,2026-07-25T22:15:00+0200,408.5,MW,DK2,DK_2,forecast_offshore_wind_generation,Wind Offshore,2026-08-17T08:52:17Z
2026-08-17T08:43:25Z,2026-08-17T10:43:25+0200,5f9ba03d-f545-4cd2-8996-d770f48fc74d,2026-07-25T20:30:00Z,2026-07-25T22:30:00+0200,412.5,MW,DK2,DK_2,forecast_offshore_wind_generation,Wind Offshore,2026-08-17T08:52:17Z
2026-08-17T08:43:25Z,2026-08-17T10:43:25+0200,5f9ba03d-f545-4cd2-8996-d770f48fc74d,2026-07-25T20:45:00Z,2026-07-25T22:45:00+0200,417.0,MW,DK2,DK_2,forecast_offshore_wind_generation,Wind Offshore,2026-08-17T08:52:17Z
2026-08-17T08:43:25Z,2026-08-17T10:43:25+0200,5f9ba03d-f545-4cd2-8996-d770f48fc74d,2026-07-25T21:00:00Z,2026-07-25T23:00:00+0200,422.166666,MW,DK2,DK_2,forecast_offshore_wind_generation,Wind Offshore,2026-08-17T08:52:17Z
2026-08-17T08:43:25Z,2026-08-17T10:43:25+0200,5f9ba03d-f545-4cd2-8996-d770f48fc74d,2026-07-25T21:15:00Z,2026-07-25T23:15:00+0200,431.166666,MW,DK2,DK_2,forecast_offshore_wind_generation,Wind Offshore,2026-08-17T08:52:17Z
2026-08-17T08:43:25Z,2026-08-17T10:43:25+0200,5f9ba03d-f545-4cd2-8996-d770f48fc74d,2026-07-25T21:30:00Z,2026-07-25T23:30:00+0200,442.0,MW,DK2,DK_2,forecast_offshore_wind_generation,Wind Offshore,2026-08-17T08:52:17Z
2026-08-17T08:43:25Z,2026-08-17T10:43:25+0200,5f9ba03d-f545-4cd2-8996-d770f48fc74d,2026-07-25T21:45:00Z,2026-07-25T23:45:00+0200,451.166666,MW,DK2,DK_2,forecast_offshore_wind_generation,Wind Offshore,2026-08-17T08:52:17Z
2026-08-17T08:43:25Z,2026-08-17T10:43:25+0200,5f9ba03d-f545-4cd2-8996-d770f48fc74d,2026-07-25T22:00:00Z,2026-07-26T00:00:00+0200,379.5,MW,DK2,DK_2,forecast_offshore_wind_generation,Wind Offshore,2026-08-17T08:52:17Z
2026-08-17T08:43:25Z,2026-08-17T10:43:25+0200,5f9ba03d-f545-4cd2-8996-d770f48fc74d,2026-07-25T22:15:00Z,2026-07-26T00:15:00+0200,390.166666,MW,DK2,DK_2,forecast_offshore_wind_generation,Wind Offshore,2026-08-17T08:52:17Z
2026-08-17T08:43:25Z,2026-08-17T10:43:25+0200,5f9ba03d-f545-4cd2-8996-d770f48fc74d,2026-07-25T22:30:00Z,2026-07-26T00:30:00+0200,403.166666,MW,DK2,DK_2,forecast_offshore_wind_generation,Wind Offshore,2026-08-17T08:52:17Z
2026-08-17T08:43:25Z,2026-08-17T10:43:25+0200,5f9ba03d-f545-4cd2-8996-d770f48fc74d,2026-07-25T22:45:00Z,2026-07-26T00:45:00+0200,416.833333,MW,DK2,DK_2,forecast_offshore_wind_generation,Wind Offshore,2026-08-17T08:52:17Z
2026-08-17T08:43:25Z,2026-08-17T10:43:25+0200,5f9ba03d-f545-4cd2-8996-d770f48fc74d,2026-07-25T23:00:00Z,2026-07-26T01:00:00+0200,429.0,MW,DK2,DK_2,forecast_offshore_wind_generation,Wind Offshore,2026-08-17T08:52:17Z
2026-08-17T08:43:25Z,2026-08-17T10:43:25+0200,5f9ba03d-f545-4cd2-8996-d770f48fc74d,2026-07-25T23:15:00Z,2026-07-26T01:15:00+0200,441.833333,MW,DK2,DK_2,forecast_offshore_wind_generation,Wind Offshore,2026-08-17T08:52:17Z
2026-08-17T08:43:25Z,2026-08-17T10:43:25+0200,5f9ba03d-f545-4cd2-8996-d770f48fc74d,2026-07-25T23:30:00Z,2026-07-26T01:30:00+0200,453.5,MW,DK2,DK_2,forecast_offshore_wind_generation,Wind Offshore,2026-08-17T08:52:17Z
2026-08-17T08:43:25Z,2026-08-17T10:43:25+0200,5f9ba03d-f545-4cd2-8996-d770f48fc74d,2026-07-25T23:45:00Z,2026-07-26T01:45:00+0200,464.833333,MW,DK2,DK_2,forecast_offshore_wind_generation,Wind Offshore,2026-08-17T08:52:17Z
2026-08-17T08:43:25Z,2026-08-17T10:43:25+0200,5f9ba03d-f545-4cd2-8996-d770f48fc74d,2026-07-26T00:00:00Z,2026-07-26T02:00:00+0200,475.0,MW,DK2,DK_2,forecast_offshore_wind_generation,Wind Offshore,2026-08-17T08:52:17Z
2026-08-17T08:43:25Z,2026-08-17T10:43:25+0200,5f9ba03d-f545-4cd2-8996-d770f48fc74d,2026-07-26T00:15:00Z,2026-07-26T02:15:00+0200,485.833333,MW,DK2,DK_2,forecast_offshore_wind_generation,Wind Offshore,2026-08-17T08:52:17Z
2026-08-17T08:43:25Z,2026-08-17T10:43:25+0200,5f9ba03d-f545-4cd2-8996-d770f48fc74d,2026-07-26T00:30:00Z,2026-07-26T02:30:00+0200,494.5,MW,DK2,DK_2,forecast_offshore_wind_generation,Wind Offshore,2026-08-17T08:52:17Z
2026-08-17T08:43:25Z,2026-08-17T10:43:25+0200,5f9ba03d-f545-4cd2-8996-d770f48fc74d,2026-07-26T00:45:00Z,2026-07-26T02:45:00+0200,500.166666,MW,DK2,DK_2,forecast_offshore_wind_generation,Wind Offshore,2026-08-17T08:52:17Z
2026-08-17T08:43:25Z,2026-08-17T10:43:25+0200,5f9ba03d-f545-4cd2-8996-d770f48fc74d,2026-07-26T01:00:00Z,2026-07-26T03:00:00+0200,498.666666,MW,DK2,DK_2,forecast_offshore_wind_generation,Wind Offshore,2026-08-17T08:52:17Z
2026-08-17T08:43:25Z,2026-08-17T10:43:25+0200,5f9ba03d-f545-4cd2-8996-d770f48fc74d,2026-07-26T01:15:00Z,2026-07-26T03:15:00+0200,488.833333,MW,DK2,DK_2,forecast_offshore_wind_generation,Wind Offshore,2026-08-17T08:52:17Z
2026-08-17T08:43:25Z,2026-08-17T10:43:25+0200,5f9ba03d-f545-4cd2-8996-d770f48fc74d,2026-07-26T01:30:00Z,2026-07-26T03:30:00+0200,473.166666,MW,DK2,DK_2,forecast_offshore_wind_generation,Wind Offshore,2026-08-17T08:52:17Z
2026-08-17T08:43:25Z,2026-08-17T10:43:25+0200,5f9ba03d-f545-4cd2-8996-d770f48fc74d,2026-07-26T01:45:00Z,2026-07-26T03:45:00+0200,460.0,MW,DK2,DK_2,forecast_offshore_wind_generation,Wind Offshore,2026-08-17T08:52:17Z
2026-08-17T08:43:25Z,2026-08-17T10:43:25+0200,5f9ba03d-f545-4cd2-8996-d770f48fc74d,2026-07-26T02:00:00Z,2026-07-26T04:00:00+0200,458.666666,MW,DK2,DK_2,forecast_offshore_wind_generation,Wind Offshore,2026-08-17T08:52:17Z
2026-08-17T08:43:25Z,2026-08-17T10:43:25+0200,5f9ba03d-f545-4cd2-8996-d770f48fc74d,2026-07-26T02:15:00Z,2026-07-26T04:15:00+0200,464.166666,MW,DK2,DK_2,forecast_offshore_wind_generation,Wind Offshore,2026-08-17T08:52:17Z
2026-08-17T08:43:25Z,2026-08-17T10:43:25+0200,5f9ba03d-f545-4cd2-8996-d770f48fc74d,2026-07-26T02:30:00Z,2026-07-26T04:30:00+0200,471.833333,MW,DK2,DK_2,forecast_offshore_wind_generation,Wind Offshore,2026-08-17T08:52:17Z
2026-08-17T08:43:25Z,2026-08-17T10:43:25+0200,5f9ba03d-f545-4cd2-8996-d770f48fc74d,2026-07-26T02:45:00Z,2026-07-26T04:45:00+0200,477.166666,MW,DK2,DK_2,forecast_offshore_wind_generation,Wind Offshore,2026-08-17T08:52:17Z
2026-08-17T08:43:25Z,2026-08-17T10:43:25+0200,5f9ba03d-f545-4cd2-8996-d770f48fc74d,2026-07-26T03:00:00Z,2026-07-26T05:00:00+0200,482.5,MW,DK2,DK_2,forecast_offshore_wind_generation,Wind Offshore,2026-08-17T08:52:17Z
2026-08-17T08:43:25Z,2026-08-17T10:43:25+0200,5f9ba03d-f545-4cd2-8996-d770f48fc74d,2026-07-26T03:15:00Z,2026-07-26T05:15:00+0200,487.166666,MW,DK2,DK_2,forecast_offshore_wind_generation,Wind Offshore,2026-08-17T08:52:17Z
2026-08-17T08:43:25Z,2026-08-17T10:43:25+0200,5f9ba03d-f545-4cd2-8996-d770f48fc74d,2026-07-26T03:30:00Z,2026-07-26T05:30:00+0200,492.166666,MW,DK2,DK_2,forecast_offshore_wind_generation,Wind Offshore,2026-08-17T08:52:17Z
2026-08-17T08:43:25Z,2026-08-17T10:43:25+0200,5f9ba03d-f545-4cd2-8996-d770f48fc74d,2026-07-26T03:45:00Z,2026-07-26T05:45:00+0200,498.166666,MW,DK2,DK_2,forecast_offshore_wind_generation,Wind Offshore,2026-08-17T08:52:17Z
2026-08-17T08:43:25Z,2026-08-17T10:43:25+0200,5f9ba03d-f545-4cd2-8996-d770f48fc74d,2026-07-26T04:00:00Z,2026-07-26T06:00:00+0200,505.0,MW,DK2,DK_2,forecast_offshore_wind_generation,Wind Offshore,2026-08-17T08:52:17Z
2026-08-17T08:43:25Z,2026-08-17T10:43:25+0200,5f9ba03d-f545-4cd2-8996-d770f48fc74d,2026-07-26T04:15:00Z,2026-07-26T06:15:00+0200,511.0,MW,DK2,DK_2,forecast_offshore_wind_generation,Wind Offshore,2026-08-17T08:52:17Z
2026-08-17T08:43:25Z,2026-08-17T10:43:25+0200,5f9ba03d-f545-4cd2-8996-d770f48fc74d,2026-07-26T04:30:00Z,2026-07-26T06:30:00+0200,515.833333,MW,DK2,DK_2,forecast_offshore_wind_generation,Wind Offshore,2026-08-17T08:52:17Z
2026-08-17T08:43:25Z,2026-08-17T10:43:25+0200,5f9ba03d-f545-4cd2-8996-d770f48fc74d,2026-07-26T04:45:00Z,2026-07-26T06:45:00+0200,519.166666,MW,DK2,DK_2,forecast_offshore_wind_generation,Wind Offshore,2026-08-17T08:52:17Z
2026-08-17T08:43:25Z,2026-08-17T10:43:25+0200,5f9ba03d-f545-4cd2-8996-d770f48fc74d,2026-07-26T05:00:00Z,2026-07-26T07:00:00+0200,516.666666,MW,DK2,DK_2,forecast_offshore_wind_generation,Wind Offshore,2026-08-17T08:52:17Z
2026-08-17T08:43:25Z,2026-08-17T10:43:25+0200,5f9ba03d-f545-4cd2-8996-d770f48fc74d,2026-07-26T05:15:00Z,2026-07-26T07:15:00+0200,505.333333,MW,DK2,DK_2,forecast_offshore_wind_generation,Wind Offshore,2026-08-17T08:52:17Z
2026-08-17T08:43:25Z,2026-08-17T10:43:25+0200,5f9ba03d-f545-4cd2-8996-d770f48fc74d,2026-07-26T05:30:00Z,2026-07-26T07:30:00+0200,490.5,MW,DK2,DK_2,forecast_offshore_wind_generation,Wind Offshore,2026-08-17T08:52:17Z
2026-08-17T08:43:25Z,2026-08-17T10:43:25+0200,5f9ba03d-f545-4cd2-8996-d770f48fc74d,2026-07-26T05:45:00Z,2026-07-26T07:45:00+0200,476.666666,MW,DK2,DK_2,forecast_offshore_wind_generation,Wind Offshore,2026-08-17T08:52:17Z
2026-08-17T08:43:25Z,2026-08-17T10:43:25+0200,5f9ba03d-f545-4cd2-8996-d770f48fc74d,2026-07-26T06:00:00Z,2026-07-26T08:00:00+0200,465.833333,MW,DK2,DK_2,forecast_offshore_wind_generation,Wind Offshore,2026-08-17T08:52:17Z
2026-08-17T08:43:25Z,2026-08-17T10:43:25+0200,5f9ba03d-f545-4cd2-8996-d770f48fc74d,2026-07-26T06:15:00Z,2026-07-26T08:15:00+0200,453.833333,MW,DK2,DK_2,forecast_offshore_wind_generation,Wind Offshore,2026-08-17T08:52:17Z
2026-08-17T08:43:25Z,2026-08-17T10:43:25+0200,5f9ba03d-f545-4cd2-8996-d770f48fc74d,2026-07-26T06:30:00Z,2026-07-26T08:30:00+0200,441.166666,MW,DK2,DK_2,forecast_offshore_wind_generation,Wind Offshore,2026-08-17T08:52:17Z
2026-08-17T08:43:25Z,2026-08-17T10:43:25+0200,5f9ba03d-f545-4cd2-8996-d770f48fc74d,2026-07-26T06:45:00Z,2026-07-26T08:45:00+0200,430.666666,MW,DK2,DK_2,forecast_offshore_wind_generation,Wind Offshore,2026-08-17T08:52:17Z
2026-08-17T08:43:25Z,2026-08-17T10:43:25+0200,5f9ba03d-f545-4cd2-8996-d770f48fc74d,2026-07-26T07:00:00Z,2026-07-26T09:00:00+0200,421.833333,MW,DK2,DK_2,forecast_offshore_wind_generation,Wind Offshore,2026-08-17T08:52:17Z
2026-08-17T08:43:25Z,2026-08-17T10:43:25+0200,5f9ba03d-f545-4cd2-8996-d770f48fc74d,2026-07-26T07:15:00Z,2026-07-26T09:15:00+0200,412.5,MW,DK2,DK_2,forecast_offshore_wind_generation,Wind Offshore,2026-08-17T08:52:17Z
2026-08-17T08:43:25Z,2026-08-17T10:43:25+0200,5f9ba03d-f545-4cd2-8996-d770f48fc74d,2026-07-26T07:30:00Z,2026-07-26T09:30:00+0200,403.333333,MW,DK2,DK_2,forecast_offshore_wind_generation,Wind Offshore,2026-08-17T08:52:17Z
2026-08-17T08:43:25Z,2026-08-17T10:43:25+0200,5f9ba03d-f545-4cd2-8996-d770f48fc74d,2026-07-26T07:45:00Z,2026-07-26T09:45:00+0200,391.833333,MW,DK2,DK_2,forecast_offshore_wind_generation,Wind Offshore,2026-08-17T08:52:17Z
2026-08-17T08:43:25Z,2026-08-17T10:43:25+0200,5f9ba03d-f545-4cd2-8996-d770f48fc74d,2026-07-26T08:00:00Z,2026-07-26T10:00:00+0200,376.666666,MW,DK2,DK_2,forecast_offshore_wind_generation,Wind Offshore,2026-08-17T08:52:17Z
2026-08-17T08:43:25Z,2026-08-17T10:43:25+0200,5f9ba03d-f545-4cd2-8996-d770f48fc74d,2026-07-26T08:15:00Z,2026-07-26T10:15:00+0200,355.666666,MW,DK2,DK_2,forecast_offshore_wind_generation,Wind Offshore,2026-08-17T08:52:17Z
2026-08-17T08:43:25Z,2026-08-17T10:43:25+0200,5f9ba03d-f545-4cd2-8996-d770f48fc74d,2026-07-26T08:30:00Z,2026-07-26T10:30:00+0200,329.166666,MW,DK2,DK_2,forecast_offshore_wind_generation,Wind Offshore,2026-08-17T08:52:17Z
2026-08-17T08:43:25Z,2026-08-17T10:43:25+0200,5f9ba03d-f545-4cd2-8996-d770f48fc74d,2026-07-26T08:45:00Z,2026-07-26T10:45:00+0200,309.833333,MW,DK2,DK_2,forecast_offshore_wind_generation,Wind Offshore,2026-08-17T08:52:17Z
2026-08-17T08:43:25Z,2026-08-17T10:43:25+0200,5f9ba03d-f545-4cd2-8996-d770f48fc74d,2026-07-26T09:00:00Z,2026-07-26T11:00:00+0200,297.833333,MW,DK2,DK_2,forecast_offshore_wind_generation,Wind Offshore,2026-08-17T08:52:17Z
2026-08-17T08:43:25Z,2026-08-17T10:43:25+0200,5f9ba03d-f545-4cd2-8996-d770f48fc74d,2026-07-26T09:15:00Z,2026-07-26T11:15:00+0200,287.666666,MW,DK2,DK_2,forecast_offshore_wind_generation,Wind Offshore,2026-08-17T08:52:17Z
2026-08-17T08:43:25Z,2026-08-17T10:43:25+0200,5f9ba03d-f545-4cd2-8996-d770f48fc74d,2026-07-26T09:30:00Z,2026-07-26T11:30:00+0200,279.5,MW,DK2,DK_2,forecast_offshore_wind_generation,Wind Offshore,2026-08-17T08:52:17Z
2026-08-17T08:43:25Z,2026-08-17T10:43:25+0200,5f9ba03d-f545-4cd2-8996-d770f48fc74d,2026-07-26T09:45:00Z,2026-07-26T11:45:00+0200,269.0,MW,DK2,DK_2,forecast_offshore_wind_generation,Wind Offshore,2026-08-17T08:52:17Z
2026-08-17T08:43:25Z,2026-08-17T10:43:25+0200,5f9ba03d-f545-4cd2-8996-d770f48fc74d,2026-07-26T10:00:00Z,2026-07-26T12:00:00+0200,256.166666,MW,DK2,DK_2,forecast_offshore_wind_generation,Wind Offshore,2026-08-17T08:52:17Z
2026-08-17T08:43:25Z,2026-08-17T10:43:25+0200,5f9ba03d-f545-4cd2-8996-d770f48fc74d,2026-07-26T10:15:00Z,2026-07-26T12:15:00+0200,236.0,MW,DK2,DK_2,forecast_offshore_wind_generation,Wind Offshore,2026-08-17T08:52:17Z
2026-08-17T08:43:25Z,2026-08-17T10:43:25+0200,5f9ba03d-f545-4cd2-8996-d770f48fc74d,2026-07-26T10:30:00Z,2026-07-26T12:30:00+0200,211.5,MW,DK2,DK_2,forecast_offshore_wind_generation,Wind Offshore,2026-08-17T08:52:17Z
2026-08-17T08:43:25Z,2026-08-17T10:43:25+0200,5f9ba03d-f545-4cd2-8996-d770f48fc74d,2026-07-26T10:45:00Z,2026-07-26T12:45:00+0200,190.5,MW,DK2,DK_2,forecast_offshore_wind_generation,Wind Offshore,2026-08-17T08:52:17Z
2026-08-17T08:43:25Z,2026-08-17T10:43:25+0200,5f9ba03d-f545-4cd2-8996-d770f48fc74d,2026-07-26T11:00:00Z,2026-07-26T13:00:00+0200,179.666666,MW,DK2,DK_2,forecast_offshore_wind_generation,Wind Offshore,2026-08-17T08:52:17Z
2026-08-17T08:43:25Z,2026-08-17T10:43:25+0200,5f9ba03d-f545-4cd2-8996-d770f48fc74d,2026-07-26T11:15:00Z,2026-07-26T13:15:00+0200,172.166666,MW,DK2,DK_2,forecast_offshore_wind_generation,Wind Offshore,2026-08-17T08:52:17Z
2026-08-17T08:43:25Z,2026-08-17T10:43:25+0200,5f9ba03d-f545-4cd2-8996-d770f48fc74d,2026-07-26T11:30:00Z,2026-07-26T13:30:00+0200,166.0,MW,DK2,DK_2,forecast_offshore_wind_generation,Wind Offshore,2026-08-17T08:52:17Z
2026-08-17T08:43:25Z,2026-08-17T10:43:25+0200,5f9ba03d-f545-4cd2-8996-d770f48fc74d,2026-07-26T11:45:00Z,2026-07-26T13:45:00+0200,159.333333,MW,DK2,DK_2,forecast_offshore_wind_generation,Wind Offshore,2026-08-17T08:52:17Z
2026-08-17T08:43:25Z,2026-08-17T10:43:25+0200,5f9ba03d-f545-4cd2-8996-d770f48fc74d,2026-07-26T12:00:00Z,2026-07-26T14:00:00+0200,146.833333,MW,DK2,DK_2,forecast_offshore_wind_generation,Wind Offshore,2026-08-17T08:52:17Z
2026-08-17T08:43:25Z,2026-08-17T10:43:25+0200,5f9ba03d-f545-4cd2-8996-d770f48fc74d,2026-07-26T12:15:00Z,2026-07-26T14:15:00+0200,121.0,MW,DK2,DK_2,forecast_offshore_wind_generation,Wind Offshore,2026-08-17T08:52:17Z
2026-08-17T08:43:25Z,2026-08-17T10:43:25+0200,5f9ba03d-f545-4cd2-8996-d770f48fc74d,2026-07-26T12:30:00Z,2026-07-26T14:30:00+0200,92.5,MW,DK2,DK_2,forecast_offshore_wind_generation,Wind Offshore,2026-08-17T08:52:17Z
2026-08-17T08:43:25Z,2026-08-17T10:43:25+0200,5f9ba03d-f545-4cd2-8996-d770f48fc74d,2026-07-26T12:45:00Z,2026-07-26T14:45:00+0200,69.5,MW,DK2,DK_2,forecast_offshore_wind_generation,Wind Offshore,2026-08-17T08:52:17Z
2026-08-17T08:43:25Z,2026-08-17T10:43:25+0200,5f9ba03d-f545-4cd2-8996-d770f48fc74d,2026-07-26T13:00:00Z,2026-07-26T15:00:00+0200,56.0,MW,DK2,DK_2,forecast_offshore_wind_generation,Wind Offshore,2026-08-17T08:52:17Z
2026-08-17T08:43:25Z,2026-08-17T10:43:25+0200,5f9ba03d-f545-4cd2-8996-d770f48fc74d,2026-07-26T13:15:00Z,2026-07-26T15:15:00+0200,45.333333,MW,DK2,DK_2,forecast_offshore_wind_generation,Wind Offshore,2026-08-17T08:52:17Z
2026-08-17T08:43:25Z,2026-08-17T10:43:25+0200,5f9ba03d-f545-4cd2-8996-d770f48fc74d,2026-07-26T13:30:00Z,2026-07-26T15:30:00+0200,37.666666,MW,DK2,DK_2,forecast_offshore_wind_generation,Wind Offshore,2026-08-17T08:52:17Z
2026-08-17T08:43:25Z,2026-08-17T10:43:25+0200,5f9ba03d-f545-4cd2-8996-d770f48fc74d,2026-07-26T13:45:00Z,2026-07-26T15:45:00+0200,35.333333,MW,DK2,DK_2,forecast_offshore_wind_generation,Wind Offshore,2026-08-17T08:52:17Z
2026-08-17T08:43:25Z,2026-08-17T10:43:25+0200,5f9ba03d-f545-4cd2-8996-d770f48fc74d,2026-07-26T14:00:00Z,2026-07-26T16:00:00+0200,32.5,MW,DK2,DK_2,forecast_offshore_wind_generation,Wind Offshore,2026-08-17T08:52:17Z
2026-08-17T08:43:25Z,2026-08-17T10:43:25+0200,5f9ba03d-f545-4cd2-8996-d770f48fc74d,2026-07-26T14:15:00Z,2026-07-26T16:15:00+0200,29.5,MW,DK2,DK_2,forecast_offshore_wind_generation,Wind Offshore,2026-08-17T08:52:17Z
2026-08-17T08:43:25Z,2026-08-17T10:43:25+0200,5f9ba03d-f545-4cd2-8996-d770f48fc74d,2026-07-26T14:30:00Z,2026-07-26T16:30:00+0200,27.0,MW,DK2,DK_2,forecast_offshore_wind_generation,Wind Offshore,2026-08-17T08:52:17Z
2026-08-17T08:43:25Z,2026-08-17T10:43:25+0200,5f9ba03d-f545-4cd2-8996-d770f48fc74d,2026-07-26T14:45:00Z,2026-07-26T16:45:00+0200,25.0,MW,DK2,DK_2,forecast_offshore_wind_generation,Wind Offshore,2026-08-17T08:52:17Z
2026-08-17T08:43:25Z,2026-08-17T10:43:25+0200,5f9ba03d-f545-4cd2-8996-d770f48fc74d,2026-07-26T15:00:00Z,2026-07-26T17:00:00+0200,24.0,MW,DK2,DK_2,forecast_offshore_wind_generation,Wind Offshore,2026-08-17T08:52:17Z
2026-08-17T08:43:25Z,2026-08-17T10:43:25+0200,5f9ba03d-f545-4cd2-8996-d770f48fc74d,2026-07-26T15:15:00Z,2026-07-26T17:15:00+0200,22.666666,MW,DK2,DK_2,forecast_offshore_wind_generation,Wind Offshore,2026-08-17T08:52:17Z
2026-08-17T08:43:25Z,2026-08-17T10:43:25+0200,5f9ba03d-f545-4cd2-8996-d770f48fc74d,2026-07-26T15:30:00Z,2026-07-26T17:30:00+0200,20.666666,MW,DK2,DK_2,forecast_offshore_wind_generation,Wind Offshore,2026-08-17T08:52:17Z
2026-08-17T08:43:25Z,2026-08-17T10:43:25+0200,5f9ba03d-f545-4cd2-8996-d770f48fc74d,2026-07-26T15:45:00Z,2026-07-26T17:45:00+0200,19.166666,MW,DK2,DK_2,forecast_offshore_wind_generation,Wind Offshore,2026-08-17T08:52:17Z
2026-08-17T08:43:25Z,2026-08-17T10:43:25+0200,5f9ba03d-f545-4cd2-8996-d770f48fc74d,2026-07-26T16:00:00Z,2026-07-26T18:00:00+0200,19.0,MW,DK2,DK_2,forecast_offshore_wind_generation,Wind Offshore,2026-08-17T08:52:17Z
2026-08-17T08:43:25Z,2026-08-17T10:43:25+0200,5f9ba03d-f545-4cd2-8996-d770f48fc74d,2026-07-26T16:15:00Z,2026-07-26T18:15:00+0200,19.666666,MW,DK2,DK_2,forecast_offshore_wind_generation,Wind Offshore,2026-08-17T08:52:17Z
2026-08-17T08:43:25Z,2026-08-17T10:43:25+0200,5f9ba03d-f545-4cd2-8996-d770f48fc74d,2026-07-26T16:30:00Z,2026-07-26T18:30:00+0200,22.0,MW,DK2,DK_2,forecast_offshore_wind_generation,Wind Offshore,2026-08-17T08:52:17Z
2026-08-17T08:43:25Z,2026-08-17T10:43:25+0200,5f9ba03d-f545-4cd2-8996-d770f48fc74d,2026-07-26T16:45:00Z,2026-07-26T18:45:00+0200,24.833333,MW,DK2,DK_2,forecast_offshore_wind_generation,Wind Offshore,2026-08-17T08:52:17Z
2026-08-17T08:43:25Z,2026-08-17T10:43:25+0200,5f9ba03d-f545-4cd2-8996-d770f48fc74d,2026-07-26T17:00:00Z,2026-07-26T19:00:00+0200,26.0,MW,DK2,DK_2,forecast_offshore_wind_generation,Wind Offshore,2026-08-17T08:52:17Z
2026-08-17T08:43:25Z,2026-08-17T10:43:25+0200,5f9ba03d-f545-4cd2-8996-d770f48fc74d,2026-07-26T17:15:00Z,2026-07-26T19:15:00+0200,25.833333,MW,DK2,DK_2,forecast_offshore_wind_generation,Wind Offshore,2026-08-17T08:52:17Z
2026-08-17T08:43:25Z,2026-08-17T10:43:25+0200,5f9ba03d-f545-4cd2-8996-d770f48fc74d,2026-07-26T17:30:00Z,2026-07-26T19:30:00+0200,25.0,MW,DK2,DK_2,forecast_offshore_wind_generation,Wind Offshore,2026-08-17T08:52:17Z
2026-08-17T08:43:25Z,2026-08-17T10:43:25+0200,5f9ba03d-f545-4cd2-8996-d770f48fc74d,2026-07-26T17:45:00Z,2026-07-26T19:45:00+0200,25.0,MW,DK2,DK_2,forecast_offshore_wind_generation,Wind Offshore,2026-08-17T08:52:17Z
2026-08-17T08:43:25Z,2026-08-17T10:43:25+0200,5f9ba03d-f545-4cd2-8996-d770f48fc74d,2026-07-26T18:00:00Z,2026-07-26T20:00:00+0200,25.666666,MW,DK2,DK_2,forecast_offshore_wind_generation,Wind Offshore,2026-08-17T08:52:17Z
2026-08-17T08:43:25Z,2026-08-17T10:43:25+0200,5f9ba03d-f545-4cd2-8996-d770f48fc74d,2026-07-26T18:15:00Z,2026-07-26T20:15:00+0200,29.166666,MW,DK2,DK_2,forecast_offshore_wind_generation,Wind Offshore,2026-08-17T08:52:17Z
2026-08-17T08:43:25Z,2026-08-17T10:43:25+0200,5f9ba03d-f545-4cd2-8996-d770f48fc74d,2026-07-26T18:30:00Z,2026-07-26T20:30:00+0200,35.5,MW,DK2,DK_2,forecast_offshore_wind_generation,Wind Offshore,2026-08-17T08:52:17Z
2026-08-17T08:43:25Z,2026-08-17T10:43:25+0200,5f9ba03d-f545-4cd2-8996-d770f48fc74d,2026-07-26T18:45:00Z,2026-07-26T20:45:00+0200,42.0,MW,DK2,DK_2,forecast_offshore_wind_generation,Wind Offshore,2026-08-17T08:52:17Z
2026-08-17T08:43:25Z,2026-08-17T10:43:25+0200,5f9ba03d-f545-4cd2-8996-d770f48fc74d,2026-07-26T19:00:00Z,2026-07-26T21:00:00+0200,48.0,MW,DK2,DK_2,forecast_offshore_wind_generation,Wind Offshore,2026-08-17T08:52:17Z
2026-08-17T08:43:25Z,2026-08-17T10:43:25+0200,5f9ba03d-f545-4cd2-8996-d770f48fc74d,2026-07-26T19:15:00Z,2026-07-26T21:15:00+0200,54.666666,MW,DK2,DK_2,forecast_offshore_wind_generation,Wind Offshore,2026-08-17T08:52:17Z
2026-08-17T08:43:25Z,2026-08-17T10:43:25+0200,5f9ba03d-f545-4cd2-8996-d770f48fc74d,2026-07-26T19:30:00Z,2026-07-26T21:30:00+0200,63.5,MW,DK2,DK_2,forecast_offshore_wind_generation,Wind Offshore,2026-08-17T08:52:17Z
2026-08-17T08:43:25Z,2026-08-17T10:43:25+0200,5f9ba03d-f545-4cd2-8996-d770f48fc74d,2026-07-26T19:45:00Z,2026-07-26T21:45:00+0200,71.0,MW,DK2,DK_2,forecast_offshore_wind_generation,Wind Offshore,2026-08-17T08:52:17Z
2026-08-17T08:43:25Z,2026-08-17T10:43:25+0200,5f9ba03d-f545-4cd2-8996-d770f48fc74d,2026-07-26T20:00:00Z,2026-07-26T22:00:00+0200,76.833333,MW,DK2,DK_2,forecast_offshore_wind_generation,Wind Offshore,2026-08-17T08:52:17Z
2026-08-17T08:43:25Z,2026-08-17T10:43:25+0200,5f9ba03d-f545-4cd2-8996-d770f48fc74d,2026-07-26T20:15:00Z,2026-07-26T22:15:00+0200,82.833333,MW,DK2,DK_2,forecast_offshore_wind_generation,Wind Offshore,2026-08-17T08:52:17Z
2026-08-17T08:43:25Z,2026-08-17T10:43:25+0200,5f9ba03d-f545-4cd2-8996-d770f48fc74d,2026-07-26T20:30:00Z,2026-07-26T22:30:00+0200,89.0,MW,DK2,DK_2,forecast_offshore_wind_generation,Wind Offshore,2026-08-17T08:52:17Z
2026-08-17T08:43:25Z,2026-08-17T10:43:25+0200,5f9ba03d-f545-4cd2-8996-d770f48fc74d,2026-07-26T20:45:00Z,2026-07-26T22:45:00+0200,96.0,MW,DK2,DK_2,forecast_offshore_wind_generation,Wind Offshore,2026-08-17T08:52:17Z
2026-08-17T08:43:25Z,2026-08-17T10:43:25+0200,5f9ba03d-f545-4cd2-8996-d770f48fc74d,2026-07-26T21:00:00Z,2026-07-26T23:00:00+0200,104.666666,MW,DK2,DK_2,forecast_offshore_wind_generation,Wind Offshore,2026-08-17T08:52:17Z
2026-08-17T08:43:25Z,2026-08-17T10:43:25+0200,5f9ba03d-f545-4cd2-8996-d770f48fc74d,2026-07-26T21:15:00Z,2026-07-26T23:15:00+0200,116.166666,MW,DK2,DK_2,forecast_offshore_wind_generation,Wind Offshore,2026-08-17T08:52:17Z
2026-08-17T08:43:25Z,2026-08-17T10:43:25+0200,5f9ba03d-f545-4cd2-8996-d770f48fc74d,2026-07-26T21:30:00Z,2026-07-26T23:30:00+0200,129.5,MW,DK2,DK_2,forecast_offshore_wind_generation,Wind Offshore,2026-08-17T08:52:17Z
2026-08-17T08:43:25Z,2026-08-17T10:43:25+0200,5f9ba03d-f545-4cd2-8996-d770f48fc74d,2026-07-26T21:45:00Z,2026-07-26T23:45:00+0200,141.833333,MW,DK2,DK_2,forecast_offshore_wind_generation,Wind Offshore,2026-08-17T08:52:17Z
2026-08-17T08:43:25Z,2026-08-17T10:43:25+0200,5f9ba03d-f545-4cd2-8996-d770f48fc74d,2026-07-26T22:00:00Z,2026-07-27T00:00:00+0200,450.833333,MW,DK2,DK_2,forecast_offshore_wind_generation,Wind Offshore,2026-08-17T08:52:17Z
2026-08-17T08:43:25Z,2026-08-17T10:43:25+0200,5f9ba03d-f545-4cd2-8996-d770f48fc74d,2026-07-26T22:15:00Z,2026-07-27T00:15:00+0200,467.333333,MW,DK2,DK_2,forecast_offshore_wind_generation,Wind Offshore,2026-08-17T08:52:17Z
2026-08-17T08:43:25Z,2026-08-17T10:43:25+0200,5f9ba03d-f545-4cd2-8996-d770f48fc74d,2026-07-26T22:30:00Z,2026-07-27T00:30:00+0200,480.0,MW,DK2,DK_2,forecast_offshore_wind_generation,Wind Offshore,2026-08-17T08:52:17Z
2026-08-17T08:43:25Z,2026-08-17T10:43:25+0200,5f9ba03d-f545-4cd2-8996-d770f48fc74d,2026-07-26T22:45:00Z,2026-07-27T00:45:00+0200,491.166666,MW,DK2,DK_2,forecast_offshore_wind_generation,Wind Offshore,2026-08-17T08:52:17Z
2026-08-17T08:43:25Z,2026-08-17T10:43:25+0200,5f9ba03d-f545-4cd2-8996-d770f48fc74d,2026-07-26T23:00:00Z,2026-07-27T01:00:00+0200,500.166666,MW,DK2,DK_2,forecast_offshore_wind_generation,Wind Offshore,2026-08-17T08:52:17Z
2026-08-17T08:43:25Z,2026-08-17T10:43:25+0200,5f9ba03d-f545-4cd2-8996-d770f48fc74d,2026-07-26T23:15:00Z,2026-07-27T01:15:00+0200,514.5,MW,DK2,DK_2,forecast_offshore_wind_generation,Wind Offshore,2026-08-17T08:52:17Z
2026-08-17T08:43:25Z,2026-08-17T10:43:25+0200,5f9ba03d-f545-4cd2-8996-d770f48fc74d,2026-07-26T23:30:00Z,2026-07-27T01:30:00+0200,530.5,MW,DK2,DK_2,forecast_offshore_wind_generation,Wind Offshore,2026-08-17T08:52:17Z
2026-08-17T08:43:25Z,2026-08-17T10:43:25+0200,5f9ba03d-f545-4cd2-8996-d770f48fc74d,2026-07-26T23:45:00Z,2026-07-27T01:45:00+0200,543.166666,MW,DK2,DK_2,forecast_offshore_wind_generation,Wind Offshore,2026-08-17T08:52:17Z
2026-08-17T08:43:25Z,2026-08-17T10:43:25+0200,5f9ba03d-f545-4cd2-8996-d770f48fc74d,2026-07-27T00:00:00Z,2026-07-27T02:00:00+0200,550.5,MW,DK2,DK_2,forecast_offshore_wind_generation,Wind Offshore,2026-08-17T08:52:17Z
2026-08-17T08:43:25Z,2026-08-17T10:43:25+0200,5f9ba03d-f545-4cd2-8996-d770f48fc74d,2026-07-27T00:15:00Z,2026-07-27T02:15:00+0200,559.5,MW,DK2,DK_2,forecast_offshore_wind_generation,Wind Offshore,2026-08-17T08:52:17Z
2026-08-17T08:43:25Z,2026-08-17T10:43:25+0200,5f9ba03d-f545-4cd2-8996-d770f48fc74d,2026-07-27T00:30:00Z,2026-07-27T02:30:00+0200,570.0,MW,DK2,DK_2,forecast_offshore_wind_generation,Wind Offshore,2026-08-17T08:52:17Z
2026-08-17T08:43:25Z,2026-08-17T10:43:25+0200,5f9ba03d-f545-4cd2-8996-d770f48fc74d,2026-07-27T00:45:00Z,2026-07-27T02:45:00+0200,578.333333,MW,DK2,DK_2,forecast_offshore_wind_generation,Wind Offshore,2026-08-17T08:52:17Z
2026-08-17T08:43:25Z,2026-08-17T10:43:25+0200,5f9ba03d-f545-4cd2-8996-d770f48fc74d,2026-07-27T01:00:00Z,2026-07-27T03:00:00+0200,583.833333,MW,DK2,DK_2,forecast_offshore_wind_generation,Wind Offshore,2026-08-17T08:52:17Z
2026-08-17T08:43:25Z,2026-08-17T10:43:25+0200,5f9ba03d-f545-4cd2-8996-d770f48fc74d,2026-07-27T01:15:00Z,2026-07-27T03:15:00+0200,588.5,MW,DK2,DK_2,forecast_offshore_wind_generation,Wind Offshore,2026-08-17T08:52:17Z
2026-08-17T08:43:25Z,2026-08-17T10:43:25+0200,5f9ba03d-f545-4cd2-8996-d770f48fc74d,2026-07-27T01:30:00Z,2026-07-27T03:30:00+0200,594.0,MW,DK2,DK_2,forecast_offshore_wind_generation,Wind Offshore,2026-08-17T08:52:17Z
2026-08-17T08:43:25Z,2026-08-17T10:43:25+0200,5f9ba03d-f545-4cd2-8996-d770f48fc74d,2026-07-27T01:45:00Z,2026-07-27T03:45:00+0200,600.166666,MW,DK2,DK_2,forecast_offshore_wind_generation,Wind Offshore,2026-08-17T08:52:17Z
2026-08-17T08:43:25Z,2026-08-17T10:43:25+0200,5f9ba03d-f545-4cd2-8996-d770f48fc74d,2026-07-27T02:00:00Z,2026-07-27T04:00:00+0200,613.0,MW,DK2,DK_2,forecast_offshore_wind_generation,Wind Offshore,2026-08-17T08:52:17Z
2026-08-17T08:43:25Z,2026-08-17T10:43:25+0200,5f9ba03d-f545-4cd2-8996-d770f48fc74d,2026-07-27T02:15:00Z,2026-07-27T04:15:00+0200,642.666666,MW,DK2,DK_2,forecast_offshore_wind_generation,Wind Offshore,2026-08-17T08:52:17Z
2026-08-17T08:43:25Z,2026-08-17T10:43:25+0200,5f9ba03d-f545-4cd2-8996-d770f48fc74d,2026-07-27T02:30:00Z,2026-07-27T04:30:00+0200,672.333333,MW,DK2,DK_2,forecast_offshore_wind_generation,Wind Offshore,2026-08-17T08:52:17Z
2026-08-17T08:43:25Z,2026-08-17T10:43:25+0200,5f9ba03d-f545-4cd2-8996-d770f48fc74d,2026-07-27T02:45:00Z,2026-07-27T04:45:00+0200,689.5,MW,DK2,DK_2,forecast_offshore_wind_generation,Wind Offshore,2026-08-17T08:52:17Z
2026-08-17T08:43:25Z,2026-08-17T10:43:25+0200,5f9ba03d-f545-4cd2-8996-d770f48fc74d,2026-07-27T03:00:00Z,2026-07-27T05:00:00+0200,702.833333,MW,DK2,DK_2,forecast_offshore_wind_generation,Wind Offshore,2026-08-17T08:52:17Z
2026-08-17T08:43:25Z,2026-08-17T10:43:25+0200,5f9ba03d-f545-4cd2-8996-d770f48fc74d,2026-07-27T03:15:00Z,2026-07-27T05:15:00+0200,711.833333,MW,DK2,DK_2,forecast_offshore_wind_generation,Wind Offshore,2026-08-17T08:52:17Z
2026-08-17T08:43:25Z,2026-08-17T10:43:25+0200,5f9ba03d-f545-4cd2-8996-d770f48fc74d,2026-07-27T03:30:00Z,2026-07-27T05:30:00+0200,717.833333,MW,DK2,DK_2,forecast_offshore_wind_generation,Wind Offshore,2026-08-17T08:52:17Z
2026-08-17T08:43:25Z,2026-08-17T10:43:25+0200,5f9ba03d-f545-4cd2-8996-d770f48fc74d,2026-07-27T03:45:00Z,2026-07-27T05:45:00+0200,721.333333,MW,DK2,DK_2,forecast_offshore_wind_generation,Wind Offshore,2026-08-17T08:52:17Z
2026-08-17T08:43:25Z,2026-08-17T10:43:25+0200,5f9ba03d-f545-4cd2-8996-d770f48fc74d,2026-07-27T04:00:00Z,2026-07-27T06:00:00+0200,722.0,MW,DK2,DK_2,forecast_offshore_wind_generation,Wind Offshore,2026-08-17T08:52:17Z
2026-08-17T08:43:25Z,2026-08-17T10:43:25+0200,5f9ba03d-f545-4cd2-8996-d770f48fc74d,2026-07-27T04:15:00Z,2026-07-27T06:15:00+0200,721.5,MW,DK2,DK_2,forecast_offshore_wind_generation,Wind Offshore,2026-08-17T08:52:17Z
2026-08-17T08:43:25Z,2026-08-17T10:43:25+0200,5f9ba03d-f545-4cd2-8996-d770f48fc74d,2026-07-27T04:30:00Z,2026-07-27T06:30:00+0200,721.166666,MW,DK2,DK_2,forecast_offshore_wind_generation,Wind Offshore,2026-08-17T08:52:17Z
2026-08-17T08:43:25Z,2026-08-17T10:43:25+0200,5f9ba03d-f545-4cd2-8996-d770f48fc74d,2026-07-27T04:45:00Z,2026-07-27T06:45:00+0200,720.166666,MW,DK2,DK_2,forecast_offshore_wind_generation,Wind Offshore,2026-08-17T08:52:17Z
2026-08-17T08:43:25Z,2026-08-17T10:43:25+0200,5f9ba03d-f545-4cd2-8996-d770f48fc74d,2026-07-27T05:00:00Z,2026-07-27T07:00:00+0200,722.833333,MW,DK2,DK_2,forecast_offshore_wind_generation,Wind Offshore,2026-08-17T08:52:17Z
2026-08-17T08:43:25Z,2026-08-17T10:43:25+0200,5f9ba03d-f545-4cd2-8996-d770f48fc74d,2026-07-27T05:15:00Z,2026-07-27T07:15:00+0200,734.0,MW,DK2,DK_2,forecast_offshore_wind_generation,Wind Offshore,2026-08-17T08:52:17Z
2026-08-17T08:43:25Z,2026-08-17T10:43:25+0200,5f9ba03d-f545-4cd2-8996-d770f48fc74d,2026-07-27T05:30:00Z,2026-07-27T07:30:00+0200,744.833333,MW,DK2,DK_2,forecast_offshore_wind_generation,Wind Offshore,2026-08-17T08:52:17Z
2026-08-17T08:43:25Z,2026-08-17T10:43:25+0200,5f9ba03d-f545-4cd2-8996-d770f48fc74d,2026-07-27T05:45:00Z,2026-07-27T07:45:00+0200,750.5,MW,DK2,DK_2,forecast_offshore_wind_generation,Wind Offshore,2026-08-17T08:52:17Z
2026-08-17T08:43:25Z,2026-08-17T10:43:25+0200,5f9ba03d-f545-4cd2-8996-d770f48fc74d,2026-07-27T06:00:00Z,2026-07-27T08:00:00+0200,751.5,MW,DK2,DK_2,forecast_offshore_wind_generation,Wind Offshore,2026-08-17T08:52:17Z
2026-08-17T08:43:25Z,2026-08-17T10:43:25+0200,5f9ba03d-f545-4cd2-8996-d770f48fc74d,2026-07-27T06:15:00Z,2026-07-27T08:15:00+0200,751.0,MW,DK2,DK_2,forecast_offshore_wind_generation,Wind Offshore,2026-08-17T08:52:17Z
2026-08-17T08:43:25Z,2026-08-17T10:43:25+0200,5f9ba03d-f545-4cd2-8996-d770f48fc74d,2026-07-27T06:30:00Z,2026-07-27T08:30:00+0200,751.0,MW,DK2,DK_2,forecast_offshore_wind_generation,Wind Offshore,2026-08-17T08:52:17Z
2026-08-17T08:43:25Z,2026-08-17T10:43:25+0200,5f9ba03d-f545-4cd2-8996-d770f48fc74d,2026-07-27T06:45:00Z,2026-07-27T08:45:00+0200,751.833333,MW,DK2,DK_2,forecast_offshore_wind_generation,Wind Offshore,2026-08-17T08:52:17Z
2026-08-17T08:43:25Z,2026-08-17T10:43:25+0200,5f9ba03d-f545-4cd2-8996-d770f48fc74d,2026-07-27T07:00:00Z,2026-07-27T09:00:00+0200,752.5,MW,DK2,DK_2,forecast_offshore_wind_generation,Wind Offshore,2026-08-17T08:52:17Z
2026-08-17T08:43:25Z,2026-08-17T10:43:25+0200,5f9ba03d-f545-4cd2-8996-d770f48fc74d,2026-07-27T07:15:00Z,2026-07-27T09:15:00+0200,753.5,MW,DK2,DK_2,forecast_offshore_wind_generation,Wind Offshore,2026-08-17T08:52:17Z
2026-08-17T08:43:25Z,2026-08-17T10:43:25+0200,5f9ba03d-f545-4cd2-8996-d770f48fc74d,2026-07-27T07:30:00Z,2026-07-27T09:30:00+0200,755.0,MW,DK2,DK_2,forecast_offshore_wind_generation,Wind Offshore,2026-08-17T08:52:17Z
2026-08-17T08:43:25Z,2026-08-17T10:43:25+0200,5f9ba03d-f545-4cd2-8996-d770f48fc74d,2026-07-27T07:45:00Z,2026-07-27T09:45:00+0200,756.166666,MW,DK2,DK_2,forecast_offshore_wind_generation,Wind Offshore,2026-08-17T08:52:17Z
2026-08-17T08:43:25Z,2026-08-17T10:43:25+0200,5f9ba03d-f545-4cd2-8996-d770f48fc74d,2026-07-27T08:00:00Z,2026-07-27T10:00:00+0200,756.333333,MW,DK2,DK_2,forecast_offshore_wind_generation,Wind Offshore,2026-08-17T08:52:17Z
2026-08-17T08:43:25Z,2026-08-17T10:43:25+0200,5f9ba03d-f545-4cd2-8996-d770f48fc74d,2026-07-27T08:15:00Z,2026-07-27T10:15:00+0200,753.333333,MW,DK2,DK_2,forecast_offshore_wind_generation,Wind Offshore,2026-08-17T08:52:17Z
2026-08-17T08:43:25Z,2026-08-17T10:43:25+0200,5f9ba03d-f545-4cd2-8996-d770f48fc74d,2026-07-27T08:30:00Z,2026-07-27T10:30:00+0200,748.666666,MW,DK2,DK_2,forecast_offshore_wind_generation,Wind Offshore,2026-08-17T08:52:17Z
2026-08-17T08:43:25Z,2026-08-17T10:43:25+0200,5f9ba03d-f545-4cd2-8996-d770f48fc74d,2026-07-27T08:45:00Z,2026-07-27T10:45:00+0200,745.666666,MW,DK2,DK_2,forecast_offshore_wind_generation,Wind Offshore,2026-08-17T08:52:17Z
2026-08-17T08:43:25Z,2026-08-17T10:43:25+0200,5f9ba03d-f545-4cd2-8996-d770f48fc74d,2026-07-27T09:00:00Z,2026-07-27T11:00:00+0200,746.666666,MW,DK2,DK_2,forecast_offshore_wind_generation,Wind Offshore,2026-08-17T08:52:17Z
2026-08-17T08:43:25Z,2026-08-17T10:43:25+0200,5f9ba03d-f545-4cd2-8996-d770f48fc74d,2026-07-27T09:15:00Z,2026-07-27T11:15:00+0200,752.5,MW,DK2,DK_2,forecast_offshore_wind_generation,Wind Offshore,2026-08-17T08:52:17Z
2026-08-17T08:43:25Z,2026-08-17T10:43:25+0200,5f9ba03d-f545-4cd2-8996-d770f48fc74d,2026-07-27T09:30:00Z,2026-07-27T11:30:00+0200,759.5,MW,DK2,DK_2,forecast_offshore_wind_generation,Wind Offshore,2026-08-17T08:52:17Z
2026-08-17T08:43:25Z,2026-08-17T10:43:25+0200,5f9ba03d-f545-4cd2-8996-d770f48fc74d,2026-07-27T09:45:00Z,2026-07-27T11:45:00+0200,766.833333,MW,DK2,DK_2,forecast_offshore_wind_generation,Wind Offshore,2026-08-17T08:52:17Z
2026-08-17T08:43:25Z,2026-08-17T10:43:25+0200,5f9ba03d-f545-4cd2-8996-d770f48fc74d,2026-07-27T10:00:00Z,2026-07-27T12:00:00+0200,772.833333,MW,DK2,DK_2,forecast_offshore_wind_generation,Wind Offshore,2026-08-17T08:52:17Z
2026-08-17T08:43:25Z,2026-08-17T10:43:25+0200,5f9ba03d-f545-4cd2-8996-d770f48fc74d,2026-07-27T10:15:00Z,2026-07-27T12:15:00+0200,778.0,MW,DK2,DK_2,forecast_offshore_wind_generation,Wind Offshore,2026-08-17T08:52:17Z
2026-08-17T08:43:25Z,2026-08-17T10:43:25+0200,5f9ba03d-f545-4cd2-8996-d770f48fc74d,2026-07-27T10:30:00Z,2026-07-27T12:30:00+0200,784.0,MW,DK2,DK_2,forecast_offshore_wind_generation,Wind Offshore,2026-08-17T08:52:17Z
2026-08-17T08:43:25Z,2026-08-17T10:43:25+0200,5f9ba03d-f545-4cd2-8996-d770f48fc74d,2026-07-27T10:45:00Z,2026-07-27T12:45:00+0200,789.166666,MW,DK2,DK_2,forecast_offshore_wind_generation,Wind Offshore,2026-08-17T08:52:17Z
2026-08-17T08:43:25Z,2026-08-17T10:43:25+0200,5f9ba03d-f545-4cd2-8996-d770f48fc74d,2026-07-27T11:00:00Z,2026-07-27T13:00:00+0200,794.0,MW,DK2,DK_2,forecast_offshore_wind_generation,Wind Offshore,2026-08-17T08:52:17Z
2026-08-17T08:43:25Z,2026-08-17T10:43:25+0200,5f9ba03d-f545-4cd2-8996-d770f48fc74d,2026-07-27T11:15:00Z,2026-07-27T13:15:00+0200,798.0,MW,DK2,DK_2,forecast_offshore_wind_generation,Wind Offshore,2026-08-17T08:52:17Z
2026-08-17T08:43:25Z,2026-08-17T10:43:25+0200,5f9ba03d-f545-4cd2-8996-d770f48fc74d,2026-07-27T11:30:00Z,2026-07-27T13:30:00+0200,801.5,MW,DK2,DK_2,forecast_offshore_wind_generation,Wind Offshore,2026-08-17T08:52:17Z
2026-08-17T08:43:25Z,2026-08-17T10:43:25+0200,5f9ba03d-f545-4cd2-8996-d770f48fc74d,2026-07-27T11:45:00Z,2026-07-27T13:45:00+0200,804.5,MW,DK2,DK_2,forecast_offshore_wind_generation,Wind Offshore,2026-08-17T08:52:17Z
2026-08-17T08:43:25Z,2026-08-17T10:43:25+0200,5f9ba03d-f545-4cd2-8996-d770f48fc74d,2026-07-27T12:00:00Z,2026-07-27T14:00:00+0200,807.666666,MW,DK2,DK_2,forecast_offshore_wind_generation,Wind Offshore,2026-08-17T08:52:17Z
2026-08-17T08:43:25Z,2026-08-17T10:43:25+0200,5f9ba03d-f545-4cd2-8996-d770f48fc74d,2026-07-27T12:15:00Z,2026-07-27T14:15:00+0200,811.666666,MW,DK2,DK_2,forecast_offshore_wind_generation,Wind Offshore,2026-08-17T08:52:17Z
2026-08-17T08:43:25Z,2026-08-17T10:43:25+0200,5f9ba03d-f545-4cd2-8996-d770f48fc74d,2026-07-27T12:30:00Z,2026-07-27T14:30:00+0200,816.0,MW,DK2,DK_2,forecast_offshore_wind_generation,Wind Offshore,2026-08-17T08:52:17Z
2026-08-17T08:43:25Z,2026-08-17T10:43:25+0200,5f9ba03d-f545-4cd2-8996-d770f48fc74d,2026-07-27T12:45:00Z,2026-07-27T14:45:00+0200,819.0,MW,DK2,DK_2,forecast_offshore_wind_generation,Wind Offshore,2026-08-17T08:52:17Z
2026-08-17T08:43:25Z,2026-08-17T10:43:25+0200,5f9ba03d-f545-4cd2-8996-d770f48fc74d,2026-07-27T13:00:00Z,2026-07-27T15:00:00+0200,820.166666,MW,DK2,DK_2,forecast_offshore_wind_generation,Wind Offshore,2026-08-17T08:52:17Z
2026-08-17T08:43:25Z,2026-08-17T10:43:25+0200,5f9ba03d-f545-4cd2-8996-d770f48fc74d,2026-07-27T13:15:00Z,2026-07-27T15:15:00+0200,821.0,MW,DK2,DK_2,forecast_offshore_wind_generation,Wind Offshore,2026-08-17T08:52:17Z
2026-08-17T08:43:25Z,2026-08-17T10:43:25+0200,5f9ba03d-f545-4cd2-8996-d770f48fc74d,2026-07-27T13:30:00Z,2026-07-27T15:30:00+0200,821.0,MW,DK2,DK_2,forecast_offshore_wind_generation,Wind Offshore,2026-08-17T08:52:17Z
2026-08-17T08:43:25Z,2026-08-17T10:43:25+0200,5f9ba03d-f545-4cd2-8996-d770f48fc74d,2026-07-27T13:45:00Z,2026-07-27T15:45:00+0200,821.166666,MW,DK2,DK_2,forecast_offshore_wind_generation,Wind Offshore,2026-08-17T08:52:17Z
2026-08-17T08:43:25Z,2026-08-17T10:43:25+0200,5f9ba03d-f545-4cd2-8996-d770f48fc74d,2026-07-27T14:00:00Z,2026-07-27T16:00:00+0200,822.666666,MW,DK2,DK_2,forecast_offshore_wind_generation,Wind Offshore,2026-08-17T08:52:17Z
2026-08-17T08:43:25Z,2026-08-17T10:43:25+0200,5f9ba03d-f545-4cd2-8996-d770f48fc74d,2026-07-27T14:15:00Z,2026-07-27T16:15:00+0200,826.833333,MW,DK2,DK_2,forecast_offshore_wind_generation,Wind Offshore,2026-08-17T08:52:17Z
2026-08-17T08:43:25Z,2026-08-17T10:43:25+0200,5f9ba03d-f545-4cd2-8996-d770f48fc74d,2026-07-27T14:30:00Z,2026-07-27T16:30:00+0200,831.333333,MW,DK2,DK_2,forecast_offshore_wind_generation,Wind Offshore,2026-08-17T08:52:17Z
2026-08-17T08:43:25Z,2026-08-17T10:43:25+0200,5f9ba03d-f545-4cd2-8996-d770f48fc74d,2026-07-27T14:45:00Z,2026-07-27T16:45:00+0200,833.833333,MW,DK2,DK_2,forecast_offshore_wind_generation,Wind Offshore,2026-08-17T08:52:17Z
2026-08-17T08:43:25Z,2026-08-17T10:43:25+0200,5f9ba03d-f545-4cd2-8996-d770f48fc74d,2026-07-27T15:00:00Z,2026-07-27T17:00:00+0200,834.5,MW,DK2,DK_2,forecast_offshore_wind_generation,Wind Offshore,2026-08-17T08:52:17Z
2026-08-17T08:43:25Z,2026-08-17T10:43:25+0200,5f9ba03d-f545-4cd2-8996-d770f48fc74d,2026-07-27T15:15:00Z,2026-07-27T17:15:00+0200,835.5,MW,DK2,DK_2,forecast_offshore_wind_generation,Wind Offshore,2026-08-17T08:52:17Z
2026-08-17T08:43:25Z,2026-08-17T10:43:25+0200,5f9ba03d-f545-4cd2-8996-d770f48fc74d,2026-07-27T15:30:00Z,2026-07-27T17:30:00+0200,836.5,MW,DK2,DK_2,forecast_offshore_wind_generation,Wind Offshore,2026-08-17T08:52:17Z
2026-08-17T08:43:25Z,2026-08-17T10:43:25+0200,5f9ba03d-f545-4cd2-8996-d770f48fc74d,2026-07-27T15:45:00Z,2026-07-27T17:45:00+0200,837.833333,MW,DK2,DK_2,forecast_offshore_wind_generation,Wind Offshore,2026-08-17T08:52:17Z
2026-08-17T08:43:25Z,2026-08-17T10:43:25+0200,5f9ba03d-f545-4cd2-8996-d770f48fc74d,2026-07-27T16:00:00Z,2026-07-27T18:00:00+0200,839.0,MW,DK2,DK_2,forecast_offshore_wind_generation,Wind Offshore,2026-08-17T08:52:17Z
2026-08-17T08:43:25Z,2026-08-17T10:43:25+0200,5f9ba03d-f545-4cd2-8996-d770f48fc74d,2026-07-27T16:15:00Z,2026-07-27T18:15:00+0200,840.5,MW,DK2,DK_2,forecast_offshore_wind_generation,Wind Offshore,2026-08-17T08:52:17Z
2026-08-17T08:43:25Z,2026-08-17T10:43:25+0200,5f9ba03d-f545-4cd2-8996-d770f48fc74d,2026-07-27T16:30:00Z,2026-07-27T18:30:00+0200,841.5,MW,DK2,DK_2,forecast_offshore_wind_generation,Wind Offshore,2026-08-17T08:52:17Z
2026-08-17T08:43:25Z,2026-08-17T10:43:25+0200,5f9ba03d-f545-4cd2-8996-d770f48fc74d,2026-07-27T16:45:00Z,2026-07-27T18:45:00+0200,842.0,MW,DK2,DK_2,forecast_offshore_wind_generation,Wind Offshore,2026-08-17T08:52:17Z
2026-08-17T08:43:25Z,2026-08-17T10:43:25+0200,5f9ba03d-f545-4cd2-8996-d770f48fc74d,2026-07-27T17:00:00Z,2026-07-27T19:00:00+0200,841.833333,MW,DK2,DK_2,forecast_offshore_wind_generation,Wind Offshore,2026-08-17T08:52:17Z
2026-08-17T08:43:25Z,2026-08-17T10:43:25+0200,5f9ba03d-f545-4cd2-8996-d770f48fc74d,2026-07-27T17:15:00Z,2026-07-27T19:15:00+0200,840.333333,MW,DK2,DK_2,forecast_offshore_wind_generation,Wind Offshore,2026-08-17T08:52:17Z
2026-08-17T08:43:25Z,2026-08-17T10:43:25+0200,5f9ba03d-f545-4cd2-8996-d770f48fc74d,2026-07-27T17:30:00Z,2026-07-27T19:30:00+0200,837.666666,MW,DK2,DK_2,forecast_offshore_wind_generation,Wind Offshore,2026-08-17T08:52:17Z
2026-08-17T08:43:25Z,2026-08-17T10:43:25+0200,5f9ba03d-f545-4cd2-8996-d770f48fc74d,2026-07-27T17:45:00Z,2026-07-27T19:45:00+0200,836.166666,MW,DK2,DK_2,forecast_offshore_wind_generation,Wind Offshore,2026-08-17T08:52:17Z
2026-08-17T08:43:25Z,2026-08-17T10:43:25+0200,5f9ba03d-f545-4cd2-8996-d770f48fc74d,2026-07-27T18:00:00Z,2026-07-27T20:00:00+0200,835.166666,MW,DK2,DK_2,forecast_offshore_wind_generation,Wind Offshore,2026-08-17T08:52:17Z
2026-08-17T08:43:25Z,2026-08-17T10:43:25+0200,5f9ba03d-f545-4cd2-8996-d770f48fc74d,2026-07-27T18:15:00Z,2026-07-27T20:15:00+0200,835.0,MW,DK2,DK_2,forecast_offshore_wind_generation,Wind Offshore,2026-08-17T08:52:17Z
2026-08-17T08:43:25Z,2026-08-17T10:43:25+0200,5f9ba03d-f545-4cd2-8996-d770f48fc74d,2026-07-27T18:30:00Z,2026-07-27T20:30:00+0200,835.5,MW,DK2,DK_2,forecast_offshore_wind_generation,Wind Offshore,2026-08-17T08:52:17Z
2026-08-17T08:43:25Z,2026-08-17T10:43:25+0200,5f9ba03d-f545-4cd2-8996-d770f48fc74d,2026-07-27T18:45:00Z,2026-07-27T20:45:00+0200,835.833333,MW,DK2,DK_2,forecast_offshore_wind_generation,Wind Offshore,2026-08-17T08:52:17Z
2026-08-17T08:43:25Z,2026-08-17T10:43:25+0200,5f9ba03d-f545-4cd2-8996-d770f48fc74d,2026-07-27T19:00:00Z,2026-07-27T21:00:00+0200,835.0,MW,DK2,DK_2,forecast_offshore_wind_generation,Wind Offshore,2026-08-17T08:52:17Z
2026-08-17T08:43:25Z,2026-08-17T10:43:25+0200,5f9ba03d-f545-4cd2-8996-d770f48fc74d,2026-07-27T19:15:00Z,2026-07-27T21:15:00+0200,834.0,MW,DK2,DK_2,forecast_offshore_wind_generation,Wind Offshore,2026-08-17T08:52:17Z
2026-08-17T08:43:25Z,2026-08-17T10:43:25+0200,5f9ba03d-f545-4cd2-8996-d770f48fc74d,2026-07-27T19:30:00Z,2026-07-27T21:30:00+0200,832.5,MW,DK2,DK_2,forecast_offshore_wind_generation,Wind Offshore,2026-08-17T08:52:17Z
2026-08-17T08:43:25Z,2026-08-17T10:43:25+0200,5f9ba03d-f545-4cd2-8996-d770f48fc74d,2026-07-27T19:45:00Z,2026-07-27T21:45:00+0200,831.0,MW,DK2,DK_2,forecast_offshore_wind_generation,Wind Offshore,2026-08-17T08:52:17Z
2026-08-17T08:43:25Z,2026-08-17T10:43:25+0200,5f9ba03d-f545-4cd2-8996-d770f48fc74d,2026-07-27T20:00:00Z,2026-07-27T22:00:00+0200,829.5,MW,DK2,DK_2,forecast_offshore_wind_generation,Wind Offshore,2026-08-17T08:52:17Z
2026-08-17T08:43:25Z,2026-08-17T10:43:25+0200,5f9ba03d-f545-4cd2-8996-d770f48fc74d,2026-07-27T20:15:00Z,2026-07-27T22:15:00+0200,828.0,MW,DK2,DK_2,forecast_offshore_wind_generation,Wind Offshore,2026-08-17T08:52:17Z
2026-08-17T08:43:25Z,2026-08-17T10:43:25+0200,5f9ba03d-f545-4cd2-8996-d770f48fc74d,2026-07-27T20:30:00Z,2026-07-27T22:30:00+0200,826.333333,MW,DK2,DK_2,forecast_offshore_wind_generation,Wind Offshore,2026-08-17T08:52:17Z
2026-08-17T08:43:25Z,2026-08-17T10:43:25+0200,5f9ba03d-f545-4cd2-8996-d770f48fc74d,2026-07-27T20:45:00Z,2026-07-27T22:45:00+0200,823.5,MW,DK2,DK_2,forecast_offshore_wind_generation,Wind Offshore,2026-08-17T08:52:17Z
2026-08-17T08:43:25Z,2026-08-17T10:43:25+0200,5f9ba03d-f545-4cd2-8996-d770f48fc74d,2026-07-27T21:00:00Z,2026-07-27T23:00:00+0200,819.833333,MW,DK2,DK_2,forecast_offshore_wind_generation,Wind Offshore,2026-08-17T08:52:17Z
2026-08-17T08:43:25Z,2026-08-17T10:43:25+0200,5f9ba03d-f545-4cd2-8996-d770f48fc74d,2026-07-27T21:15:00Z,2026-07-27T23:15:00+0200,812.5,MW,DK2,DK_2,forecast_offshore_wind_generation,Wind Offshore,2026-08-17T08:52:17Z
2026-08-17T08:43:25Z,2026-08-17T10:43:25+0200,5f9ba03d-f545-4cd2-8996-d770f48fc74d,2026-07-27T21:30:00Z,2026-07-27T23:30:00+0200,804.333333,MW,DK2,DK_2,forecast_offshore_wind_generation,Wind Offshore,2026-08-17T08:52:17Z
2026-08-17T08:43:25Z,2026-08-17T10:43:25+0200,5f9ba03d-f545-4cd2-8996-d770f48fc74d,2026-07-27T21:45:00Z,2026-07-27T23:45:00+0200,796.833333,MW,DK2,DK_2,forecast_offshore_wind_generation,Wind Offshore,2026-08-17T08:52:17Z
2026-08-17T08:43:25Z,2026-08-17T10:43:25+0200,5f9ba03d-f545-4cd2-8996-d770f48fc74d,2026-07-27T22:00:00Z,2026-07-28T00:00:00+0200,787.833333,MW,DK2,DK_2,forecast_offshore_wind_generation,Wind Offshore,2026-08-17T08:52:17Z
2026-08-17T08:43:25Z,2026-08-17T10:43:25+0200,5f9ba03d-f545-4cd2-8996-d770f48fc74d,2026-07-27T22:15:00Z,2026-07-28T00:15:00+0200,786.333333,MW,DK2,DK_2,forecast_offshore_wind_generation,Wind Offshore,2026-08-17T08:52:17Z
2026-08-17T08:43:25Z,2026-08-17T10:43:25+0200,5f9ba03d-f545-4cd2-8996-d770f48fc74d,2026-07-27T22:30:00Z,2026-07-28T00:30:00+0200,782.833333,MW,DK2,DK_2,forecast_offshore_wind_generation,Wind Offshore,2026-08-17T08:52:17Z
2026-08-17T08:43:25Z,2026-08-17T10:43:25+0200,5f9ba03d-f545-4cd2-8996-d770f48fc74d,2026-07-27T22:45:00Z,2026-07-28T00:45:00+0200,778.5,MW,DK2,DK_2,forecast_offshore_wind_generation,Wind Offshore,2026-08-17T08:52:17Z
2026-08-17T08:43:25Z,2026-08-17T10:43:25+0200,5f9ba03d-f545-4cd2-8996-d770f48fc74d,2026-07-27T23:00:00Z,2026-07-28T01:00:00+0200,775.5,MW,DK2,DK_2,forecast_offshore_wind_generation,Wind Offshore,2026-08-17T08:52:17Z
2026-08-17T08:43:25Z,2026-08-17T10:43:25+0200,5f9ba03d-f545-4cd2-8996-d770f48fc74d,2026-07-27T23:15:00Z,2026-07-28T01:15:00+0200,772.5,MW,DK2,DK_2,forecast_offshore_wind_generation,Wind Offshore,2026-08-17T08:52:17Z
2026-08-17T08:43:25Z,2026-08-17T10:43:25+0200,5f9ba03d-f545-4cd2-8996-d770f48fc74d,2026-07-27T23:30:00Z,2026-07-28T01:30:00+0200,768.666666,MW,DK2,DK_2,forecast_offshore_wind_generation,Wind Offshore,2026-08-17T08:52:17Z
2026-08-17T08:43:25Z,2026-08-17T10:43:25+0200,5f9ba03d-f545-4cd2-8996-d770f48fc74d,2026-07-27T23:45:00Z,2026-07-28T01:45:00+0200,764.666666,MW,DK2,DK_2,forecast_offshore_wind_generation,Wind Offshore,2026-08-17T08:52:17Z
2026-08-17T08:43:25Z,2026-08-17T10:43:25+0200,5f9ba03d-f545-4cd2-8996-d770f48fc74d,2026-07-28T00:00:00Z,2026-07-28T02:00:00+0200,762.333333,MW,DK2,DK_2,forecast_offshore_wind_generation,Wind Offshore,2026-08-17T08:52:17Z
2026-08-17T08:43:25Z,2026-08-17T10:43:25+0200,5f9ba03d-f545-4cd2-8996-d770f48fc74d,2026-07-28T00:15:00Z,2026-07-28T02:15:00+0200,759.0,MW,DK2,DK_2,forecast_offshore_wind_generation,Wind Offshore,2026-08-17T08:52:17Z
2026-08-17T08:43:25Z,2026-08-17T10:43:25+0200,5f9ba03d-f545-4cd2-8996-d770f48fc74d,2026-07-28T00:30:00Z,2026-07-28T02:30:00+0200,755.0,MW,DK2,DK_2,forecast_offshore_wind_generation,Wind Offshore,2026-08-17T08:52:17Z
2026-08-17T08:43:25Z,2026-08-17T10:43:25+0200,5f9ba03d-f545-4cd2-8996-d770f48fc74d,2026-07-28T00:45:00Z,2026-07-28T02:45:00+0200,750.166666,MW,DK2,DK_2,forecast_offshore_wind_generation,Wind Offshore,2026-08-17T08:52:17Z
2026-08-17T08:43:25Z,2026-08-17T10:43:25+0200,5f9ba03d-f545-4cd2-8996-d770f48fc74d,2026-07-28T01:00:00Z,2026-07-28T03:00:00+0200,745.0,MW,DK2,DK_2,forecast_offshore_wind_generation,Wind Offshore,2026-08-17T08:52:17Z
2026-08-17T08:43:25Z,2026-08-17T10:43:25+0200,5f9ba03d-f545-4cd2-8996-d770f48fc74d,2026-07-28T01:15:00Z,2026-07-28T03:15:00+0200,738.166666,MW,DK2,DK_2,forecast_offshore_wind_generation,Wind Offshore,2026-08-17T08:52:17Z
2026-08-17T08:43:25Z,2026-08-17T10:43:25+0200,5f9ba03d-f545-4cd2-8996-d770f48fc74d,2026-07-28T01:30:00Z,2026-07-28T03:30:00+0200,730.5,MW,DK2,DK_2,forecast_offshore_wind_generation,Wind Offshore,2026-08-17T08:52:17Z
2026-08-17T08:43:25Z,2026-08-17T10:43:25+0200,5f9ba03d-f545-4cd2-8996-d770f48fc74d,2026-07-28T01:45:00Z,2026-07-28T03:45:00+0200,722.333333,MW,DK2,DK_2,forecast_offshore_wind_generation,Wind Offshore,2026-08-17T08:52:17Z
2026-08-17T08:43:25Z,2026-08-17T10:43:25+0200,5f9ba03d-f545-4cd2-8996-d770f48fc74d,2026-07-28T02:00:00Z,2026-07-28T04:00:00+0200,713.666666,MW,DK2,DK_2,forecast_offshore_wind_generation,Wind Offshore,2026-08-17T08:52:17Z
2026-08-17T08:43:25Z,2026-08-17T10:43:25+0200,5f9ba03d-f545-4cd2-8996-d770f48fc74d,2026-07-28T02:15:00Z,2026-07-28T04:15:00+0200,702.166666,MW,DK2,DK_2,forecast_offshore_wind_generation,Wind Offshore,2026-08-17T08:52:17Z
2026-08-17T08:43:25Z,2026-08-17T10:43:25+0200,5f9ba03d-f545-4cd2-8996-d770f48fc74d,2026-07-28T02:30:00Z,2026-07-28T04:30:00+0200,691.166666,MW,DK2,DK_2,forecast_offshore_wind_generation,Wind Offshore,2026-08-17T08:52:17Z
2026-08-17T08:43:25Z,2026-08-17T10:43:25+0200,5f9ba03d-f545-4cd2-8996-d770f48fc74d,2026-07-28T02:45:00Z,2026-07-28T04:45:00+0200,681.5,MW,DK2,DK_2,forecast_offshore_wind_generation,Wind Offshore,2026-08-17T08:52:17Z
2026-08-17T08:43:25Z,2026-08-17T10:43:25+0200,5f9ba03d-f545-4cd2-8996-d770f48fc74d,2026-07-28T03:00:00Z,2026-07-28T05:00:00+0200,672.666666,MW,DK2,DK_2,forecast_offshore_wind_generation,Wind Offshore,2026-08-17T08:52:17Z
2026-08-17T08:43:25Z,2026-08-17T10:43:25+0200,5f9ba03d-f545-4cd2-8996-d770f48fc74d,2026-07-28T03:15:00Z,2026-07-28T05:15:00+0200,665.0,MW,DK2,DK_2,forecast_offshore_wind_generation,Wind Offshore,2026-08-17T08:52:17Z
2026-08-17T08:43:25Z,2026-08-17T10:43:25+0200,5f9ba03d-f545-4cd2-8996-d770f48fc74d,2026-07-28T03:30:00Z,2026-07-28T05:30:00+0200,657.5,MW,DK2,DK_2,forecast_offshore_wind_generation,Wind Offshore,2026-08-17T08:52:17Z
2026-08-17T08:43:25Z,2026-08-17T10:43:25+0200,5f9ba03d-f545-4cd2-8996-d770f48fc74d,2026-07-28T03:45:00Z,2026-07-28T05:45:00+0200,650.0,MW,DK2,DK_2,forecast_offshore_wind_generation,Wind Offshore,2026-08-17T08:52:17Z
2026-08-17T08:43:25Z,2026-08-17T10:43:25+0200,5f9ba03d-f545-4cd2-8996-d770f48fc74d,2026-07-28T04:00:00Z,2026-07-28T06:00:00+0200,641.666666,MW,DK2,DK_2,forecast_offshore_wind_generation,Wind Offshore,2026-08-17T08:52:17Z
2026-08-17T08:43:25Z,2026-08-17T10:43:25+0200,5f9ba03d-f545-4cd2-8996-d770f48fc74d,2026-07-28T04:15:00Z,2026-07-28T06:15:00+0200,633.666666,MW,DK2,DK_2,forecast_offshore_wind_generation,Wind Offshore,2026-08-17T08:52:17Z
2026-08-17T08:43:25Z,2026-08-17T10:43:25+0200,5f9ba03d-f545-4cd2-8996-d770f48fc74d,2026-07-28T04:30:00Z,2026-07-28T06:30:00+0200,625.666666,MW,DK2,DK_2,forecast_offshore_wind_generation,Wind Offshore,2026-08-17T08:52:17Z
2026-08-17T08:43:25Z,2026-08-17T10:43:25+0200,5f9ba03d-f545-4cd2-8996-d770f48fc74d,2026-07-28T04:45:00Z,2026-07-28T06:45:00+0200,618.166666,MW,DK2,DK_2,forecast_offshore_wind_generation,Wind Offshore,2026-08-17T08:52:17Z
2026-08-17T08:43:25Z,2026-08-17T10:43:25+0200,5f9ba03d-f545-4cd2-8996-d770f48fc74d,2026-07-28T05:00:00Z,2026-07-28T07:00:00+0200,611.833333,MW,DK2,DK_2,forecast_offshore_wind_generation,Wind Offshore,2026-08-17T08:52:17Z
2026-08-17T08:43:25Z,2026-08-17T10:43:25+0200,5f9ba03d-f545-4cd2-8996-d770f48fc74d,2026-07-28T05:15:00Z,2026-07-28T07:15:00+0200,604.5,MW,DK2,DK_2,forecast_offshore_wind_generation,Wind Offshore,2026-08-17T08:52:17Z
2026-08-17T08:43:25Z,2026-08-17T10:43:25+0200,5f9ba03d-f545-4cd2-8996-d770f48fc74d,2026-07-28T05:30:00Z,2026-07-28T07:30:00+0200,596.666666,MW,DK2,DK_2,forecast_offshore_wind_generation,Wind Offshore,2026-08-17T08:52:17Z
2026-08-17T08:43:25Z,2026-08-17T10:43:25+0200,5f9ba03d-f545-4cd2-8996-d770f48fc74d,2026-07-28T05:45:00Z,2026-07-28T07:45:00+0200,589.166666,MW,DK2,DK_2,forecast_offshore_wind_generation,Wind Offshore,2026-08-17T08:52:17Z
2026-08-17T08:43:25Z,2026-08-17T10:43:25+0200,5f9ba03d-f545-4cd2-8996-d770f48fc74d,2026-07-28T06:00:00Z,2026-07-28T08:00:00+0200,582.0,MW,DK2,DK_2,forecast_offshore_wind_generation,Wind Offshore,2026-08-17T08:52:17Z
2026-08-17T08:43:25Z,2026-08-17T10:43:25+0200,5f9ba03d-f545-4cd2-8996-d770f48fc74d,2026-07-28T06:15:00Z,2026-07-28T08:15:00+0200,574.5,MW,DK2,DK_2,forecast_offshore_wind_generation,Wind Offshore,2026-08-17T08:52:17Z
2026-08-17T08:43:25Z,2026-08-17T10:43:25+0200,5f9ba03d-f545-4cd2-8996-d770f48fc74d,2026-07-28T06:30:00Z,2026-07-28T08:30:00+0200,567.5,MW,DK2,DK_2,forecast_offshore_wind_generation,Wind Offshore,2026-08-17T08:52:17Z
2026-08-17T08:43:25Z,2026-08-17T10:43:25+0200,5f9ba03d-f545-4cd2-8996-d770f48fc74d,2026-07-28T06:45:00Z,2026-07-28T08:45:00+0200,561.0,MW,DK2,DK_2,forecast_offshore_wind_generation,Wind Offshore,2026-08-17T08:52:17Z
2026-08-17T08:43:25Z,2026-08-17T10:43:25+0200,5f9ba03d-f545-4cd2-8996-d770f48fc74d,2026-07-28T07:00:00Z,2026-07-28T09:00:00+0200,556.0,MW,DK2,DK_2,forecast_offshore_wind_generation,Wind Offshore,2026-08-17T08:52:17Z
2026-08-17T08:43:25Z,2026-08-17T10:43:25+0200,5f9ba03d-f545-4cd2-8996-d770f48fc74d,2026-07-28T07:15:00Z,2026-07-28T09:15:00+0200,551.5,MW,DK2,DK_2,forecast_offshore_wind_generation,Wind Offshore,2026-08-17T08:52:17Z
2026-08-17T08:43:25Z,2026-08-17T10:43:25+0200,5f9ba03d-f545-4cd2-8996-d770f48fc74d,2026-07-28T07:30:00Z,2026-07-28T09:30:00+0200,547.0,MW,DK2,DK_2,forecast_offshore_wind_generation,Wind Offshore,2026-08-17T08:52:17Z
2026-08-17T08:43:25Z,2026-08-17T10:43:25+0200,5f9ba03d-f545-4cd2-8996-d770f48fc74d,2026-07-28T07:45:00Z,2026-07-28T09:45:00+0200,543.0,MW,DK2,DK_2,forecast_offshore_wind_generation,Wind Offshore,2026-08-17T08:52:17Z
2026-08-17T08:43:25Z,2026-08-17T10:43:25+0200,5f9ba03d-f545-4cd2-8996-d770f48fc74d,2026-07-28T08:00:00Z,2026-07-28T10:00:00+0200,539.5,MW,DK2,DK_2,forecast_offshore_wind_generation,Wind Offshore,2026-08-17T08:52:17Z
2026-08-17T08:43:25Z,2026-08-17T10:43:25+0200,5f9ba03d-f545-4cd2-8996-d770f48fc74d,2026-07-28T08:15:00Z,2026-07-28T10:15:00+0200,536.0,MW,DK2,DK_2,forecast_offshore_wind_generation,Wind Offshore,2026-08-17T08:52:17Z
2026-08-17T08:43:25Z,2026-08-17T10:43:25+0200,5f9ba03d-f545-4cd2-8996-d770f48fc74d,2026-07-28T08:30:00Z,2026-07-28T10:30:00+0200,531.833333,MW,DK2,DK_2,forecast_offshore_wind_generation,Wind Offshore,2026-08-17T08:52:17Z
2026-08-17T08:43:25Z,2026-08-17T10:43:25+0200,5f9ba03d-f545-4cd2-8996-d770f48fc74d,2026-07-28T08:45:00Z,2026-07-28T10:45:00+0200,527.0,MW,DK2,DK_2,forecast_offshore_wind_generation,Wind Offshore,2026-08-17T08:52:17Z
2026-08-17T08:43:25Z,2026-08-17T10:43:25+0200,5f9ba03d-f545-4cd2-8996-d770f48fc74d,2026-07-28T09:00:00Z,2026-07-28T11:00:00+0200,522.666666,MW,DK2,DK_2,forecast_offshore_wind_generation,Wind Offshore,2026-08-17T08:52:17Z
2026-08-17T08:43:25Z,2026-08-17T10:43:25+0200,5f9ba03d-f545-4cd2-8996-d770f48fc74d,2026-07-28T09:15:00Z,2026-07-28T11:15:00+0200,519.333333,MW,DK2,DK_2,forecast_offshore_wind_generation,Wind Offshore,2026-08-17T08:52:17Z
2026-08-17T08:43:25Z,2026-08-17T10:43:25+0200,5f9ba03d-f545-4cd2-8996-d770f48fc74d,2026-07-28T09:30:00Z,2026-07-28T11:30:00+0200,515.333333,MW,DK2,DK_2,forecast_offshore_wind_generation,Wind Offshore,2026-08-17T08:52:17Z
2026-08-17T08:43:25Z,2026-08-17T10:43:25+0200,5f9ba03d-f545-4cd2-8996-d770f48fc74d,2026-07-28T09:45:00Z,2026-07-28T11:45:00+0200,510.833333,MW,DK2,DK_2,forecast_offshore_wind_generation,Wind Offshore,2026-08-17T08:52:17Z
2026-08-17T08:43:25Z,2026-08-17T10:43:25+0200,5f9ba03d-f545-4cd2-8996-d770f48fc74d,2026-07-28T10:00:00Z,2026-07-28T12:00:00+0200,504.666666,MW,DK2,DK_2,forecast_offshore_wind_generation,Wind Offshore,2026-08-17T08:52:17Z
2026-08-17T08:43:25Z,2026-08-17T10:43:25+0200,5f9ba03d-f545-4cd2-8996-d770f48fc74d,2026-07-28T10:15:00Z,2026-07-28T12:15:00+0200,494.666666,MW,DK2,DK_2,forecast_offshore_wind_generation,Wind Offshore,2026-08-17T08:52:17Z
2026-08-17T08:43:25Z,2026-08-17T10:43:25+0200,5f9ba03d-f545-4cd2-8996-d770f48fc74d,2026-07-28T10:30:00Z,2026-07-28T12:30:00+0200,480.5,MW,DK2,DK_2,forecast_offshore_wind_generation,Wind Offshore,2026-08-17T08:52:17Z
2026-08-17T08:43:25Z,2026-08-17T10:43:25+0200,5f9ba03d-f545-4cd2-8996-d770f48fc74d,2026-07-28T10:45:00Z,2026-07-28T12:45:00+0200,467.0,MW,DK2,DK_2,forecast_offshore_wind_generation,Wind Offshore,2026-08-17T08:52:17Z
2026-08-17T08:43:25Z,2026-08-17T10:43:25+0200,5f9ba03d-f545-4cd2-8996-d770f48fc74d,2026-07-28T11:00:00Z,2026-07-28T13:00:00+0200,452.0,MW,DK2,DK_2,forecast_offshore_wind_generation,Wind Offshore,2026-08-17T08:52:17Z
2026-08-17T08:43:25Z,2026-08-17T10:43:25+0200,5f9ba03d-f545-4cd2-8996-d770f48fc74d,2026-07-28T11:15:00Z,2026-07-28T13:15:00+0200,432.166666,MW,DK2,DK_2,forecast_offshore_wind_generation,Wind Offshore,2026-08-17T08:52:17Z
2026-08-17T08:43:25Z,2026-08-17T10:43:25+0200,5f9ba03d-f545-4cd2-8996-d770f48fc74d,2026-07-28T11:30:00Z,2026-07-28T13:30:00+0200,413.666666,MW,DK2,DK_2,forecast_offshore_wind_generation,Wind Offshore,2026-08-17T08:52:17Z
2026-08-17T08:43:25Z,2026-08-17T10:43:25+0200,5f9ba03d-f545-4cd2-8996-d770f48fc74d,2026-07-28T11:45:00Z,2026-07-28T13:45:00+0200,400.833333,MW,DK2,DK_2,forecast_offshore_wind_generation,Wind Offshore,2026-08-17T08:52:17Z
2026-08-17T08:43:25Z,2026-08-17T10:43:25+0200,5f9ba03d-f545-4cd2-8996-d770f48fc74d,2026-07-28T12:00:00Z,2026-07-28T14:00:00+0200,395.333333,MW,DK2,DK_2,forecast_offshore_wind_generation,Wind Offshore,2026-08-17T08:52:17Z
2026-08-17T08:43:25Z,2026-08-17T10:43:25+0200,5f9ba03d-f545-4cd2-8996-d770f48fc74d,2026-07-28T12:15:00Z,2026-07-28T14:15:00+0200,395.5,MW,DK2,DK_2,forecast_offshore_wind_generation,Wind Offshore,2026-08-17T08:52:17Z
2026-08-17T08:43:25Z,2026-08-17T10:43:25+0200,5f9ba03d-f545-4cd2-8996-d770f48fc74d,2026-07-28T12:30:00Z,2026-07-28T14:30:00+0200,397.333333,MW,DK2,DK_2,forecast_offshore_wind_generation,Wind Offshore,2026-08-17T08:52:17Z
2026-08-17T08:43:25Z,2026-08-17T10:43:25+0200,5f9ba03d-f545-4cd2-8996-d770f48fc74d,2026-07-28T12:45:00Z,2026-07-28T14:45:00+0200,398.333333,MW,DK2,DK_2,forecast_offshore_wind_generation,Wind Offshore,2026-08-17T08:52:17Z
2026-08-17T08:43:25Z,2026-08-17T10:43:25+0200,5f9ba03d-f545-4cd2-8996-d770f48fc74d,2026-07-28T13:00:00Z,2026-07-28T15:00:00+0200,394.833333,MW,DK2,DK_2,forecast_offshore_wind_generation,Wind Offshore,2026-08-17T08:52:17Z
2026-08-17T08:43:25Z,2026-08-17T10:43:25+0200,5f9ba03d-f545-4cd2-8996-d770f48fc74d,2026-07-28T13:15:00Z,2026-07-28T15:15:00+0200,385.833333,MW,DK2,DK_2,forecast_offshore_wind_generation,Wind Offshore,2026-08-17T08:52:17Z
2026-08-17T08:43:25Z,2026-08-17T10:43:25+0200,5f9ba03d-f545-4cd2-8996-d770f48fc74d,2026-07-28T13:30:00Z,2026-07-28T15:30:00+0200,374.166666,MW,DK2,DK_2,forecast_offshore_wind_generation,Wind Offshore,2026-08-17T08:52:17Z
2026-08-17T08:43:25Z,2026-08-17T10:43:25+0200,5f9ba03d-f545-4cd2-8996-d770f48fc74d,2026-07-28T13:45:00Z,2026-07-28T15:45:00+0200,365.333333,MW,DK2,DK_2,forecast_offshore_wind_generation,Wind Offshore,2026-08-17T08:52:17Z
2026-08-17T08:43:25Z,2026-08-17T10:43:25+0200,5f9ba03d-f545-4cd2-8996-d770f48fc74d,2026-07-28T14:00:00Z,2026-07-28T16:00:00+0200,363.0,MW,DK2,DK_2,forecast_offshore_wind_generation,Wind Offshore,2026-08-17T08:52:17Z
2026-08-17T08:43:25Z,2026-08-17T10:43:25+0200,5f9ba03d-f545-4cd2-8996-d770f48fc74d,2026-07-28T14:15:00Z,2026-07-28T16:15:00+0200,371.0,MW,DK2,DK_2,forecast_offshore_wind_generation,Wind Offshore,2026-08-17T08:52:17Z
2026-08-17T08:43:25Z,2026-08-17T10:43:25+0200,5f9ba03d-f545-4cd2-8996-d770f48fc74d,2026-07-28T14:30:00Z,2026-07-28T16:30:00+0200,384.333333,MW,DK2,DK_2,forecast_offshore_wind_generation,Wind Offshore,2026-08-17T08:52:17Z
2026-08-17T08:43:25Z,2026-08-17T10:43:25+0200,5f9ba03d-f545-4cd2-8996-d770f48fc74d,2026-07-28T14:45:00Z,2026-07-28T16:45:00+0200,395.333333,MW,DK2,DK_2,forecast_offshore_wind_generation,Wind Offshore,2026-08-17T08:52:17Z
2026-08-17T08:43:25Z,2026-08-17T10:43:25+0200,5f9ba03d-f545-4cd2-8996-d770f48fc74d,2026-07-28T15:00:00Z,2026-07-28T17:00:00+0200,393.833333,MW,DK2,DK_2,forecast_offshore_wind_generation,Wind Offshore,2026-08-17T08:52:17Z
2026-08-17T08:43:25Z,2026-08-17T10:43:25+0200,5f9ba03d-f545-4cd2-8996-d770f48fc74d,2026-07-28T15:15:00Z,2026-07-28T17:15:00+0200,385.333333,MW,DK2,DK_2,forecast_offshore_wind_generation,Wind Offshore,2026-08-17T08:52:17Z
2026-08-17T08:43:25Z,2026-08-17T10:43:25+0200,5f9ba03d-f545-4cd2-8996-d770f48fc74d,2026-07-28T15:30:00Z,2026-07-28T17:30:00+0200,375.333333,MW,DK2,DK_2,forecast_offshore_wind_generation,Wind Offshore,2026-08-17T08:52:17Z
2026-08-17T08:43:25Z,2026-08-17T10:43:25+0200,5f9ba03d-f545-4cd2-8996-d770f48fc74d,2026-07-28T15:45:00Z,2026-07-28T17:45:00+0200,366.5,MW,DK2,DK_2,forecast_offshore_wind_generation,Wind Offshore,2026-08-17T08:52:17Z
2026-08-17T08:43:25Z,2026-08-17T10:43:25+0200,5f9ba03d-f545-4cd2-8996-d770f48fc74d,2026-07-28T16:00:00Z,2026-07-28T18:00:00+0200,359.833333,MW,DK2,DK_2,forecast_offshore_wind_generation,Wind Offshore,2026-08-17T08:52:17Z
2026-08-17T08:43:25Z,2026-08-17T10:43:25+0200,5f9ba03d-f545-4cd2-8996-d770f48fc74d,2026-07-28T16:15:00Z,2026-07-28T18:15:00+0200,351.666666,MW,DK2,DK_2,forecast_offshore_wind_generation,Wind Offshore,2026-08-17T08:52:17Z
2026-08-17T08:43:25Z,2026-08-17T10:43:25+0200,5f9ba03d-f545-4cd2-8996-d770f48fc74d,2026-07-28T16:30:00Z,2026-07-28T18:30:00+0200,345.0,MW,DK2,DK_2,forecast_offshore_wind_generation,Wind Offshore,2026-08-17T08:52:17Z
2026-08-17T08:43:25Z,2026-08-17T10:43:25+0200,5f9ba03d-f545-4cd2-8996-d770f48fc74d,2026-07-28T16:45:00Z,2026-07-28T18:45:00+0200,339.166666,MW,DK2,DK_2,forecast_offshore_wind_generation,Wind Offshore,2026-08-17T08:52:17Z
2026-08-17T08:43:25Z,2026-08-17T10:43:25+0200,5f9ba03d-f545-4cd2-8996-d770f48fc74d,2026-07-28T17:00:00Z,2026-07-28T19:00:00+0200,334.833333,MW,DK2,DK_2,forecast_offshore_wind_generation,Wind Offshore,2026-08-17T08:52:17Z
2026-08-17T08:43:25Z,2026-08-17T10:43:25+0200,5f9ba03d-f545-4cd2-8996-d770f48fc74d,2026-07-28T17:15:00Z,2026-07-28T19:15:00+0200,334.166666,MW,DK2,DK_2,forecast_offshore_wind_generation,Wind Offshore,2026-08-17T08:52:17Z
2026-08-17T08:43:25Z,2026-08-17T10:43:25+0200,5f9ba03d-f545-4cd2-8996-d770f48fc74d,2026-07-28T17:30:00Z,2026-07-28T19:30:00+0200,335.0,MW,DK2,DK_2,forecast_offshore_wind_generation,Wind Offshore,2026-08-17T08:52:17Z
2026-08-17T08:43:25Z,2026-08-17T10:43:25+0200,5f9ba03d-f545-4cd2-8996-d770f48fc74d,2026-07-28T17:45:00Z,2026-07-28T19:45:00+0200,333.5,MW,DK2,DK_2,forecast_offshore_wind_generation,Wind Offshore,2026-08-17T08:52:17Z
2026-08-17T08:43:25Z,2026-08-17T10:43:25+0200,5f9ba03d-f545-4cd2-8996-d770f48fc74d,2026-07-28T18:00:00Z,2026-07-28T20:00:00+0200,327.5,MW,DK2,DK_2,forecast_offshore_wind_generation,Wind Offshore,2026-08-17T08:52:17Z
2026-08-17T08:43:25Z,2026-08-17T10:43:25+0200,5f9ba03d-f545-4cd2-8996-d770f48fc74d,2026-07-28T18:15:00Z,2026-07-28T20:15:00+0200,317.0,MW,DK2,DK_2,forecast_offshore_wind_generation,Wind Offshore,2026-08-17T08:52:17Z
2026-08-17T08:43:25Z,2026-08-17T10:43:25+0200,5f9ba03d-f545-4cd2-8996-d770f48fc74d,2026-07-28T18:30:00Z,2026-07-28T20:30:00+0200,305.0,MW,DK2,DK_2,forecast_offshore_wind_generation,Wind Offshore,2026-08-17T08:52:17Z
2026-08-17T08:43:25Z,2026-08-17T10:43:25+0200,5f9ba03d-f545-4cd2-8996-d770f48fc74d,2026-07-28T18:45:00Z,2026-07-28T20:45:00+0200,296.0,MW,DK2,DK_2,forecast_offshore_wind_generation,Wind Offshore,2026-08-17T08:52:17Z
2026-08-17T08:43:25Z,2026-08-17T10:43:25+0200,5f9ba03d-f545-4cd2-8996-d770f48fc74d,2026-07-28T19:00:00Z,2026-07-28T21:00:00+0200,290.833333,MW,DK2,DK_2,forecast_offshore_wind_generation,Wind Offshore,2026-08-17T08:52:17Z
2026-08-17T08:43:25Z,2026-08-17T10:43:25+0200,5f9ba03d-f545-4cd2-8996-d770f48fc74d,2026-07-28T19:15:00Z,2026-07-28T21:15:00+0200,285.5,MW,DK2,DK_2,forecast_offshore_wind_generation,Wind Offshore,2026-08-17T08:52:17Z
2026-08-17T08:43:25Z,2026-08-17T10:43:25+0200,5f9ba03d-f545-4cd2-8996-d770f48fc74d,2026-07-28T19:30:00Z,2026-07-28T21:30:00+0200,280.5,MW,DK2,DK_2,forecast_offshore_wind_generation,Wind Offshore,2026-08-17T08:52:17Z
2026-08-17T08:43:25Z,2026-08-17T10:43:25+0200,5f9ba03d-f545-4cd2-8996-d770f48fc74d,2026-07-28T19:45:00Z,2026-07-28T21:45:00+0200,276.5,MW,DK2,DK_2,forecast_offshore_wind_generation,Wind Offshore,2026-08-17T08:52:17Z
2026-08-17T08:43:25Z,2026-08-17T10:43:25+0200,5f9ba03d-f545-4cd2-8996-d770f48fc74d,2026-07-28T20:00:00Z,2026-07-28T22:00:00+0200,273.666666,MW,DK2,DK_2,forecast_offshore_wind_generation,Wind Offshore,2026-08-17T08:52:17Z
2026-08-17T08:43:25Z,2026-08-17T10:43:25+0200,5f9ba03d-f545-4cd2-8996-d770f48fc74d,2026-07-28T20:15:00Z,2026-07-28T22:15:00+0200,271.666666,MW,DK2,DK_2,forecast_offshore_wind_generation,Wind Offshore,2026-08-17T08:52:17Z
2026-08-17T08:43:25Z,2026-08-17T10:43:25+0200,5f9ba03d-f545-4cd2-8996-d770f48fc74d,2026-07-28T20:30:00Z,2026-07-28T22:30:00+0200,269.5,MW,DK2,DK_2,forecast_offshore_wind_generation,Wind Offshore,2026-08-17T08:52:17Z
2026-08-17T08:43:25Z,2026-08-17T10:43:25+0200,5f9ba03d-f545-4cd2-8996-d770f48fc74d,2026-07-28T20:45:00Z,2026-07-28T22:45:00+0200,267.0,MW,DK2,DK_2,forecast_offshore_wind_generation,Wind Offshore,2026-08-17T08:52:17Z
2026-08-17T08:43:25Z,2026-08-17T10:43:25+0200,5f9ba03d-f545-4cd2-8996-d770f48fc74d,2026-07-28T21:00:00Z,2026-07-28T23:00:00+0200,265.166666,MW,DK2,DK_2,forecast_offshore_wind_generation,Wind Offshore,2026-08-17T08:52:17Z
2026-08-17T08:43:25Z,2026-08-17T10:43:25+0200,5f9ba03d-f545-4cd2-8996-d770f48fc74d,2026-07-28T21:15:00Z,2026-07-28T23:15:00+0200,264.666666,MW,DK2,DK_2,forecast_offshore_wind_generation,Wind Offshore,2026-08-17T08:52:17Z
2026-08-17T08:43:25Z,2026-08-17T10:43:25+0200,5f9ba03d-f545-4cd2-8996-d770f48fc74d,2026-07-28T21:30:00Z,2026-07-28T23:30:00+0200,265.0,MW,DK2,DK_2,forecast_offshore_wind_generation,Wind Offshore,2026-08-17T08:52:17Z
2026-08-17T08:43:25Z,2026-08-17T10:43:25+0200,5f9ba03d-f545-4cd2-8996-d770f48fc74d,2026-07-28T21:45:00Z,2026-07-28T23:45:00+0200,265.0,MW,DK2,DK_2,forecast_offshore_wind_generation,Wind Offshore,2026-08-17T08:52:17Z
2026-08-17T08:43:25Z,2026-08-17T10:43:25+0200,5f9ba03d-f545-4cd2-8996-d770f48fc74d,2026-07-28T22:00:00Z,2026-07-29T00:00:00+0200,308.666666,MW,DK2,DK_2,forecast_offshore_wind_generation,Wind Offshore,2026-08-17T08:52:17Z
2026-08-17T08:43:25Z,2026-08-17T10:43:25+0200,5f9ba03d-f545-4cd2-8996-d770f48fc74d,2026-07-28T22:15:00Z,2026-07-29T00:15:00+0200,326.0,MW,DK2,DK_2,forecast_offshore_wind_generation,Wind Offshore,2026-08-17T08:52:17Z
2026-08-17T08:43:25Z,2026-08-17T10:43:25+0200,5f9ba03d-f545-4cd2-8996-d770f48fc74d,2026-07-28T22:30:00Z,2026-07-29T00:30:00+0200,344.0,MW,DK2,DK_2,forecast_offshore_wind_generation,Wind Offshore,2026-08-17T08:52:17Z
2026-08-17T08:43:25Z,2026-08-17T10:43:25+0200,5f9ba03d-f545-4cd2-8996-d770f48fc74d,2026-07-28T22:45:00Z,2026-07-29T00:45:00+0200,360.5,MW,DK2,DK_2,forecast_offshore_wind_generation,Wind Offshore,2026-08-17T08:52:17Z
2026-08-17T08:43:25Z,2026-08-17T10:43:25+0200,5f9ba03d-f545-4cd2-8996-d770f48fc74d,2026-07-28T23:00:00Z,2026-07-29T01:00:00+0200,375.666666,MW,DK2,DK_2,forecast_offshore_wind_generation,Wind Offshore,2026-08-17T08:52:17Z
2026-08-17T08:43:25Z,2026-08-17T10:43:25+0200,5f9ba03d-f545-4cd2-8996-d770f48fc74d,2026-07-28T23:15:00Z,2026-07-29T01:15:00+0200,392.833333,MW,DK2,DK_2,forecast_offshore_wind_generation,Wind Offshore,2026-08-17T08:52:17Z
2026-08-17T08:43:25Z,2026-08-17T10:43:25+0200,5f9ba03d-f545-4cd2-8996-d770f48fc74d,2026-07-28T23:30:00Z,2026-07-29T01:30:00+0200,408.833333,MW,DK2,DK_2,forecast_offshore_wind_generation,Wind Offshore,2026-08-17T08:52:17Z
2026-08-17T08:43:25Z,2026-08-17T10:43:25+0200,5f9ba03d-f545-4cd2-8996-d770f48fc74d,2026-07-28T23:45:00Z,2026-07-29T01:45:00+0200,420.333333,MW,DK2,DK_2,forecast_offshore_wind_generation,Wind Offshore,2026-08-17T08:52:17Z
2026-08-17T08:43:25Z,2026-08-17T10:43:25+0200,5f9ba03d-f545-4cd2-8996-d770f48fc74d,2026-07-29T00:00:00Z,2026-07-29T02:00:00+0200,424.833333,MW,DK2,DK_2,forecast_offshore_wind_generation,Wind Offshore,2026-08-17T08:52:17Z
2026-08-17T08:43:25Z,2026-08-17T10:43:25+0200,5f9ba03d-f545-4cd2-8996-d770f48fc74d,2026-07-29T00:15:00Z,2026-07-29T02:15:00+0200,425.0,MW,DK2,DK_2,forecast_offshore_wind_generation,Wind Offshore,2026-08-17T08:52:17Z
2026-08-17T08:43:25Z,2026-08-17T10:43:25+0200,5f9ba03d-f545-4cd2-8996-d770f48fc74d,2026-07-29T00:30:00Z,2026-07-29T02:30:00+0200,423.5,MW,DK2,DK_2,forecast_offshore_wind_generation,Wind Offshore,2026-08-17T08:52:17Z
2026-08-17T08:43:25Z,2026-08-17T10:43:25+0200,5f9ba03d-f545-4cd2-8996-d770f48fc74d,2026-07-29T00:45:00Z,2026-07-29T02:45:00+0200,420.5,MW,DK2,DK_2,forecast_offshore_wind_generation,Wind Offshore,2026-08-17T08:52:17Z
2026-08-17T08:43:25Z,2026-08-17T10:43:25+0200,5f9ba03d-f545-4cd2-8996-d770f48fc74d,2026-07-29T01:00:00Z,2026-07-29T03:00:00+0200,416.833333,MW,DK2,DK_2,forecast_offshore_wind_generation,Wind Offshore,2026-08-17T08:52:17Z
2026-08-17T08:43:25Z,2026-08-17T10:43:25+0200,5f9ba03d-f545-4cd2-8996-d770f48fc74d,2026-07-29T01:15:00Z,2026-07-29T03:15:00+0200,411.0,MW,DK2,DK_2,forecast_offshore_wind_generation,Wind Offshore,2026-08-17T08:52:17Z
2026-08-17T08:43:25Z,2026-08-17T10:43:25+0200,5f9ba03d-f545-4cd2-8996-d770f48fc74d,2026-07-29T01:30:00Z,2026-07-29T03:30:00+0200,404.5,MW,DK2,DK_2,forecast_offshore_wind_generation,Wind Offshore,2026-08-17T08:52:17Z
2026-08-17T08:43:25Z,2026-08-17T10:43:25+0200,5f9ba03d-f545-4cd2-8996-d770f48fc74d,2026-07-29T01:45:00Z,2026-07-29T03:45:00+0200,396.5,MW,DK2,DK_2,forecast_offshore_wind_generation,Wind Offshore,2026-08-17T08:52:17Z
2026-08-17T08:43:25Z,2026-08-17T10:43:25+0200,5f9ba03d-f545-4cd2-8996-d770f48fc74d,2026-07-29T02:00:00Z,2026-07-29T04:00:00+0200,386.666666,MW,DK2,DK_2,forecast_offshore_wind_generation,Wind Offshore,2026-08-17T08:52:17Z
2026-08-17T08:43:25Z,2026-08-17T10:43:25+0200,5f9ba03d-f545-4cd2-8996-d770f48fc74d,2026-07-29T02:15:00Z,2026-07-29T04:15:00+0200,371.0,MW,DK2,DK_2,forecast_offshore_wind_generation,Wind Offshore,2026-08-17T08:52:17Z
2026-08-17T08:43:25Z,2026-08-17T10:43:25+0200,5f9ba03d-f545-4cd2-8996-d770f48fc74d,2026-07-29T02:30:00Z,2026-07-29T04:30:00+0200,353.0,MW,DK2,DK_2,forecast_offshore_wind_generation,Wind Offshore,2026-08-17T08:52:17Z
2026-08-17T08:43:25Z,2026-08-17T10:43:25+0200,5f9ba03d-f545-4cd2-8996-d770f48fc74d,2026-07-29T02:45:00Z,2026-07-29T04:45:00+0200,333.833333,MW,DK2,DK_2,forecast_offshore_wind_generation,Wind Offshore,2026-08-17T08:52:17Z
2026-08-17T08:43:25Z,2026-08-17T10:43:25+0200,5f9ba03d-f545-4cd2-8996-d770f48fc74d,2026-07-29T03:00:00Z,2026-07-29T05:00:00+0200,317.0,MW,DK2,DK_2,forecast_offshore_wind_generation,Wind Offshore,2026-08-17T08:52:17Z
2026-08-17T08:43:25Z,2026-08-17T10:43:25+0200,5f9ba03d-f545-4cd2-8996-d770f48fc74d,2026-07-29T03:15:00Z,2026-07-29T05:15:00+0200,301.5,MW,DK2,DK_2,forecast_offshore_wind_generation,Wind Offshore,2026-08-17T08:52:17Z
2026-08-17T08:43:25Z,2026-08-17T10:43:25+0200,5f9ba03d-f545-4cd2-8996-d770f48fc74d,2026-07-29T03:30:00Z,2026-07-29T05:30:00+0200,287.166666,MW,DK2,DK_2,forecast_offshore_wind_generation,Wind Offshore,2026-08-17T08:52:17Z
2026-08-17T08:43:25Z,2026-08-17T10:43:25+0200,5f9ba03d-f545-4cd2-8996-d770f48fc74d,2026-07-29T03:45:00Z,2026-07-29T05:45:00+0200,275.166666,MW,DK2,DK_2,forecast_offshore_wind_generation,Wind Offshore,2026-08-17T08:52:17Z
2026-08-17T08:43:25Z,2026-08-17T10:43:25+0200,5f9ba03d-f545-4cd2-8996-d770f48fc74d,2026-07-29T04:00:00Z,2026-07-29T06:00:00+0200,266.166666,MW,DK2,DK_2,forecast_offshore_wind_generation,Wind Offshore,2026-08-17T08:52:17Z
2026-08-17T08:43:25Z,2026-08-17T10:43:25+0200,5f9ba03d-f545-4cd2-8996-d770f48fc74d,2026-07-29T04:15:00Z,2026-07-29T06:15:00+0200,260.0,MW,DK2,DK_2,forecast_offshore_wind_generation,Wind Offshore,2026-08-17T08:52:17Z
2026-08-17T08:43:25Z,2026-08-17T10:43:25+0200,5f9ba03d-f545-4cd2-8996-d770f48fc74d,2026-07-29T04:30:00Z,2026-07-29T06:30:00+0200,255.0,MW,DK2,DK_2,forecast_offshore_wind_generation,Wind Offshore,2026-08-17T08:52:17Z
2026-08-17T08:43:25Z,2026-08-17T10:43:25+0200,5f9ba03d-f545-4cd2-8996-d770f48fc74d,2026-07-29T04:45:00Z,2026-07-29T06:45:00+0200,251.166666,MW,DK2,DK_2,forecast_offshore_wind_generation,Wind Offshore,2026-08-17T08:52:17Z
2026-08-17T08:43:25Z,2026-08-17T10:43:25+0200,5f9ba03d-f545-4cd2-8996-d770f48fc74d,2026-07-29T05:00:00Z,2026-07-29T07:00:00+0200,246.833333,MW,DK2,DK_2,forecast_offshore_wind_generation,Wind Offshore,2026-08-17T08:52:17Z
2026-08-17T08:43:25Z,2026-08-17T10:43:25+0200,5f9ba03d-f545-4cd2-8996-d770f48fc74d,2026-07-29T05:15:00Z,2026-07-29T07:15:00+0200,239.0,MW,DK2,DK_2,forecast_offshore_wind_generation,Wind Offshore,2026-08-17T08:52:17Z
2026-08-17T08:43:25Z,2026-08-17T10:43:25+0200,5f9ba03d-f545-4cd2-8996-d770f48fc74d,2026-07-29T05:30:00Z,2026-07-29T07:30:00+0200,230.666666,MW,DK2,DK_2,forecast_offshore_wind_generation,Wind Offshore,2026-08-17T08:52:17Z
2026-08-17T08:43:25Z,2026-08-17T10:43:25+0200,5f9ba03d-f545-4cd2-8996-d770f48fc74d,2026-07-29T05:45:00Z,2026-07-29T07:45:00+0200,224.5,MW,DK2,DK_2,forecast_offshore_wind_generation,Wind Offshore,2026-08-17T08:52:17Z
2026-08-17T08:43:25Z,2026-08-17T10:43:25+0200,5f9ba03d-f545-4cd2-8996-d770f48fc74d,2026-07-29T06:00:00Z,2026-07-29T08:00:00+0200,220.0,MW,DK2,DK_2,forecast_offshore_wind_generation,Wind Offshore,2026-08-17T08:52:17Z
2026-08-17T08:43:25Z,2026-08-17T10:43:25+0200,5f9ba03d-f545-4cd2-8996-d770f48fc74d,2026-07-29T06:15:00Z,2026-07-29T08:15:00+0200,216.5,MW,DK2,DK_2,forecast_offshore_wind_generation,Wind Offshore,2026-08-17T08:52:17Z
2026-08-17T08:43:25Z,2026-08-17T10:43:25+0200,5f9ba03d-f545-4cd2-8996-d770f48fc74d,2026-07-29T06:30:00Z,2026-07-29T08:30:00+0200,212.666666,MW,DK2,DK_2,forecast_offshore_wind_generation,Wind Offshore,2026-08-17T08:52:17Z
2026-08-17T08:43:25Z,2026-08-17T10:43:25+0200,5f9ba03d-f545-4cd2-8996-d770f48fc74d,2026-07-29T06:45:00Z,2026-07-29T08:45:00+0200,209.333333,MW,DK2,DK_2,forecast_offshore_wind_generation,Wind Offshore,2026-08-17T08:52:17Z
2026-08-17T08:43:25Z,2026-08-17T10:43:25+0200,5f9ba03d-f545-4cd2-8996-d770f48fc74d,2026-07-29T07:00:00Z,2026-07-29T09:00:00+0200,203.833333,MW,DK2,DK_2,forecast_offshore_wind_generation,Wind Offshore,2026-08-17T08:52:17Z
2026-08-17T08:43:25Z,2026-08-17T10:43:25+0200,5f9ba03d-f545-4cd2-8996-d770f48fc74d,2026-07-29T07:15:00Z,2026-07-29T09:15:00+0200,195.5,MW,DK2,DK_2,forecast_offshore_wind_generation,Wind Offshore,2026-08-17T08:52:17Z
2026-08-17T08:43:25Z,2026-08-17T10:43:25+0200,5f9ba03d-f545-4cd2-8996-d770f48fc74d,2026-07-29T07:30:00Z,2026-07-29T09:30:00+0200,188.0,MW,DK2,DK_2,forecast_offshore_wind_generation,Wind Offshore,2026-08-17T08:52:17Z
2026-08-17T08:43:25Z,2026-08-17T10:43:25+0200,5f9ba03d-f545-4cd2-8996-d770f48fc74d,2026-07-29T07:45:00Z,2026-07-29T09:45:00+0200,183.5,MW,DK2,DK_2,forecast_offshore_wind_generation,Wind Offshore,2026-08-17T08:52:17Z
2026-08-17T08:43:25Z,2026-08-17T10:43:25+0200,5f9ba03d-f545-4cd2-8996-d770f48fc74d,2026-07-29T08:00:00Z,2026-07-29T10:00:00+0200,182.0,MW,DK2,DK_2,forecast_offshore_wind_generation,Wind Offshore,2026-08-17T08:52:17Z
2026-08-17T08:43:25Z,2026-08-17T10:43:25+0200,5f9ba03d-f545-4cd2-8996-d770f48fc74d,2026-07-29T08:15:00Z,2026-07-29T10:15:00+0200,183.0,MW,DK2,DK_2,forecast_offshore_wind_generation,Wind Offshore,2026-08-17T08:52:17Z
2026-08-17T08:43:25Z,2026-08-17T10:43:25+0200,5f9ba03d-f545-4cd2-8996-d770f48fc74d,2026-07-29T08:30:00Z,2026-07-29T10:30:00+0200,185.0,MW,DK2,DK_2,forecast_offshore_wind_generation,Wind Offshore,2026-08-17T08:52:17Z
2026-08-17T08:43:25Z,2026-08-17T10:43:25+0200,5f9ba03d-f545-4cd2-8996-d770f48fc74d,2026-07-29T08:45:00Z,2026-07-29T10:45:00+0200,186.833333,MW,DK2,DK_2,forecast_offshore_wind_generation,Wind Offshore,2026-08-17T08:52:17Z
2026-08-17T08:43:25Z,2026-08-17T10:43:25+0200,5f9ba03d-f545-4cd2-8996-d770f48fc74d,2026-07-29T09:00:00Z,2026-07-29T11:00:00+0200,186.5,MW,DK2,DK_2,forecast_offshore_wind_generation,Wind Offshore,2026-08-17T08:52:17Z
2026-08-17T08:43:25Z,2026-08-17T10:43:25+0200,5f9ba03d-f545-4cd2-8996-d770f48fc74d,2026-07-29T09:15:00Z,2026-07-29T11:15:00+0200,184.5,MW,DK2,DK_2,forecast_offshore_wind_generation,Wind Offshore,2026-08-17T08:52:17Z
2026-08-17T08:43:25Z,2026-08-17T10:43:25+0200,5f9ba03d-f545-4cd2-8996-d770f48fc74d,2026-07-29T09:30:00Z,2026-07-29T11:30:00+0200,181.5,MW,DK2,DK_2,forecast_offshore_wind_generation,Wind Offshore,2026-08-17T08:52:17Z
2026-08-17T08:43:25Z,2026-08-17T10:43:25+0200,5f9ba03d-f545-4cd2-8996-d770f48fc74d,2026-07-29T09:45:00Z,2026-07-29T11:45:00+0200,178.333333,MW,DK2,DK_2,forecast_offshore_wind_generation,Wind Offshore,2026-08-17T08:52:17Z
2026-08-17T08:43:25Z,2026-08-17T10:43:25+0200,5f9ba03d-f545-4cd2-8996-d770f48fc74d,2026-07-29T10:00:00Z,2026-07-29T12:00:00+0200,174.5,MW,DK2,DK_2,forecast_offshore_wind_generation,Wind Offshore,2026-08-17T08:52:17Z
2026-08-17T08:43:25Z,2026-08-17T10:43:25+0200,5f9ba03d-f545-4cd2-8996-d770f48fc74d,2026-07-29T10:15:00Z,2026-07-29T12:15:00+0200,170.666666,MW,DK2,DK_2,forecast_offshore_wind_generation,Wind Offshore,2026-08-17T08:52:17Z
2026-08-17T08:43:25Z,2026-08-17T10:43:25+0200,5f9ba03d-f545-4cd2-8996-d770f48fc74d,2026-07-29T10:30:00Z,2026-07-29T12:30:00+0200,166.5,MW,DK2,DK_2,forecast_offshore_wind_generation,Wind Offshore,2026-08-17T08:52:17Z
2026-08-17T08:43:25Z,2026-08-17T10:43:25+0200,5f9ba03d-f545-4cd2-8996-d770f48fc74d,2026-07-29T10:45:00Z,2026-07-29T12:45:00+0200,161.833333,MW,DK2,DK_2,forecast_offshore_wind_generation,Wind Offshore,2026-08-17T08:52:17Z
2026-08-17T08:43:25Z,2026-08-17T10:43:25+0200,5f9ba03d-f545-4cd2-8996-d770f48fc74d,2026-07-29T11:00:00Z,2026-07-29T13:00:00+0200,155.833333,MW,DK2,DK_2,forecast_offshore_wind_generation,Wind Offshore,2026-08-17T08:52:17Z
2026-08-17T08:43:25Z,2026-08-17T10:43:25+0200,5f9ba03d-f545-4cd2-8996-d770f48fc74d,2026-07-29T11:15:00Z,2026-07-29T13:15:00+0200,147.5,MW,DK2,DK_2,forecast_offshore_wind_generation,Wind Offshore,2026-08-17T08:52:17Z
2026-08-17T08:43:25Z,2026-08-17T10:43:25+0200,5f9ba03d-f545-4cd2-8996-d770f48fc74d,2026-07-29T11:30:00Z,2026-07-29T13:30:00+0200,138.5,MW,DK2,DK_2,forecast_offshore_wind_generation,Wind Offshore,2026-08-17T08:52:17Z
2026-08-17T08:43:25Z,2026-08-17T10:43:25+0200,5f9ba03d-f545-4cd2-8996-d770f48fc74d,2026-07-29T11:45:00Z,2026-07-29T13:45:00+0200,128.666666,MW,DK2,DK_2,forecast_offshore_wind_generation,Wind Offshore,2026-08-17T08:52:17Z
2026-08-17T08:43:25Z,2026-08-17T10:43:25+0200,5f9ba03d-f545-4cd2-8996-d770f48fc74d,2026-07-29T12:00:00Z,2026-07-29T14:00:00+0200,118.833333,MW,DK2,DK_2,forecast_offshore_wind_generation,Wind Offshore,2026-08-17T08:52:17Z
2026-08-17T08:43:25Z,2026-08-17T10:43:25+0200,5f9ba03d-f545-4cd2-8996-d770f48fc74d,2026-07-29T12:15:00Z,2026-07-29T14:15:00+0200,106.333333,MW,DK2,DK_2,forecast_offshore_wind_generation,Wind Offshore,2026-08-17T08:52:17Z
2026-08-17T08:43:25Z,2026-08-17T10:43:25+0200,5f9ba03d-f545-4cd2-8996-d770f48fc74d,2026-07-29T12:30:00Z,2026-07-29T14:30:00+0200,94.5,MW,DK2,DK_2,forecast_offshore_wind_generation,Wind Offshore,2026-08-17T08:52:17Z
2026-08-17T08:43:25Z,2026-08-17T10:43:25+0200,5f9ba03d-f545-4cd2-8996-d770f48fc74d,2026-07-29T12:45:00Z,2026-07-29T14:45:00+0200,86.333333,MW,DK2,DK_2,forecast_offshore_wind_generation,Wind Offshore,2026-08-17T08:52:17Z
2026-08-17T08:43:25Z,2026-08-17T10:43:25+0200,5f9ba03d-f545-4cd2-8996-d770f48fc74d,2026-07-29T13:00:00Z,2026-07-29T15:00:00+0200,82.5,MW,DK2,DK_2,forecast_offshore_wind_generation,Wind Offshore,2026-08-17T08:52:17Z
2026-08-17T08:43:25Z,2026-08-17T10:43:25+0200,5f9ba03d-f545-4cd2-8996-d770f48fc74d,2026-07-29T13:15:00Z,2026-07-29T15:15:00+0200,80.166666,MW,DK2,DK_2,forecast_offshore_wind_generation,Wind Offshore,2026-08-17T08:52:17Z
2026-08-17T08:43:25Z,2026-08-17T10:43:25+0200,5f9ba03d-f545-4cd2-8996-d770f48fc74d,2026-07-29T13:30:00Z,2026-07-29T15:30:00+0200,80.666666,MW,DK2,DK_2,forecast_offshore_wind_generation,Wind Offshore,2026-08-17T08:52:17Z
2026-08-17T08:43:25Z,2026-08-17T10:43:25+0200,5f9ba03d-f545-4cd2-8996-d770f48fc74d,2026-07-29T13:45:00Z,2026-07-29T15:45:00+0200,82.833333,MW,DK2,DK_2,forecast_offshore_wind_generation,Wind Offshore,2026-08-17T08:52:17Z
2026-08-17T08:43:25Z,2026-08-17T10:43:25+0200,5f9ba03d-f545-4cd2-8996-d770f48fc74d,2026-07-29T14:00:00Z,2026-07-29T16:00:00+0200,87.166666,MW,DK2,DK_2,forecast_offshore_wind_generation,Wind Offshore,2026-08-17T08:52:17Z
2026-08-17T08:43:25Z,2026-08-17T10:43:25+0200,5f9ba03d-f545-4cd2-8996-d770f48fc74d,2026-07-29T14:15:00Z,2026-07-29T16:15:00+0200,93.0,MW,DK2,DK_2,forecast_offshore_wind_generation,Wind Offshore,2026-08-17T08:52:17Z
2026-08-17T08:43:25Z,2026-08-17T10:43:25+0200,5f9ba03d-f545-4cd2-8996-d770f48fc74d,2026-07-29T14:30:00Z,2026-07-29T16:30:00+0200,100.5,MW,DK2,DK_2,forecast_offshore_wind_generation,Wind Offshore,2026-08-17T08:52:17Z
2026-08-17T08:43:25Z,2026-08-17T10:43:25+0200,5f9ba03d-f545-4cd2-8996-d770f48fc74d,2026-07-29T14:45:00Z,2026-07-29T16:45:00+0200,109.333333,MW,DK2,DK_2,forecast_offshore_wind_generation,Wind Offshore,2026-08-17T08:52:17Z
2026-08-17T08:43:25Z,2026-08-17T10:43:25+0200,5f9ba03d-f545-4cd2-8996-d770f48fc74d,2026-07-29T15:00:00Z,2026-07-29T17:00:00+0200,117.166666,MW,DK2,DK_2,forecast_offshore_wind_generation,Wind Offshore,2026-08-17T08:52:17Z
2026-08-17T08:43:25Z,2026-08-17T10:43:25+0200,5f9ba03d-f545-4cd2-8996-d770f48fc74d,2026-07-29T15:15:00Z,2026-07-29T17:15:00+0200,127.166666,MW,DK2,DK_2,forecast_offshore_wind_generation,Wind Offshore,2026-08-17T08:52:17Z
2026-08-17T08:43:25Z,2026-08-17T10:43:25+0200,5f9ba03d-f545-4cd2-8996-d770f48fc74d,2026-07-29T15:30:00Z,2026-07-29T17:30:00+0200,140.333333,MW,DK2,DK_2,forecast_offshore_wind_generation,Wind Offshore,2026-08-17T08:52:17Z
2026-08-17T08:43:25Z,2026-08-17T10:43:25+0200,5f9ba03d-f545-4cd2-8996-d770f48fc74d,2026-07-29T15:45:00Z,2026-07-29T17:45:00+0200,152.833333,MW,DK2,DK_2,forecast_offshore_wind_generation,Wind Offshore,2026-08-17T08:52:17Z
2026-08-17T08:43:25Z,2026-08-17T10:43:25+0200,5f9ba03d-f545-4cd2-8996-d770f48fc74d,2026-07-29T16:00:00Z,2026-07-29T18:00:00+0200,163.166666,MW,DK2,DK_2,forecast_offshore_wind_generation,Wind Offshore,2026-08-17T08:52:17Z
2026-08-17T08:43:25Z,2026-08-17T10:43:25+0200,5f9ba03d-f545-4cd2-8996-d770f48fc74d,2026-07-29T16:15:00Z,2026-07-29T18:15:00+0200,176.5,MW,DK2,DK_2,forecast_offshore_wind_generation,Wind Offshore,2026-08-17T08:52:17Z
2026-08-17T08:43:25Z,2026-08-17T10:43:25+0200,5f9ba03d-f545-4cd2-8996-d770f48fc74d,2026-07-29T16:30:00Z,2026-07-29T18:30:00+0200,191.5,MW,DK2,DK_2,forecast_offshore_wind_generation,Wind Offshore,2026-08-17T08:52:17Z
2026-08-17T08:43:25Z,2026-08-17T10:43:25+0200,5f9ba03d-f545-4cd2-8996-d770f48fc74d,2026-07-29T16:45:00Z,2026-07-29T18:45:00+0200,205.0,MW,DK2,DK_2,forecast_offshore_wind_generation,Wind Offshore,2026-08-17T08:52:17Z
2026-08-17T08:43:25Z,2026-08-17T10:43:25+0200,5f9ba03d-f545-4cd2-8996-d770f48fc74d,2026-07-29T17:00:00Z,2026-07-29T19:00:00+0200,216.166666,MW,DK2,DK_2,forecast_offshore_wind_generation,Wind Offshore,2026-08-17T08:52:17Z
2026-08-17T08:43:25Z,2026-08-17T10:43:25+0200,5f9ba03d-f545-4cd2-8996-d770f48fc74d,2026-07-29T17:15:00Z,2026-07-29T19:15:00+0200,228.666666,MW,DK2,DK_2,forecast_offshore_wind_generation,Wind Offshore,2026-08-17T08:52:17Z
2026-08-17T08:43:25Z,2026-08-17T10:43:25+0200,5f9ba03d-f545-4cd2-8996-d770f48fc74d,2026-07-29T17:30:00Z,2026-07-29T19:30:00+0200,243.333333,MW,DK2,DK_2,forecast_offshore_wind_generation,Wind Offshore,2026-08-17T08:52:17Z
2026-08-17T08:43:25Z,2026-08-17T10:43:25+0200,5f9ba03d-f545-4cd2-8996-d770f48fc74d,2026-07-29T17:45:00Z,2026-07-29T19:45:00+0200,255.666666,MW,DK2,DK_2,forecast_offshore_wind_generation,Wind Offshore,2026-08-17T08:52:17Z
2026-08-17T08:43:25Z,2026-08-17T10:43:25+0200,5f9ba03d-f545-4cd2-8996-d770f48fc74d,2026-07-29T18:00:00Z,2026-07-29T20:00:00+0200,264.5,MW,DK2,DK_2,forecast_offshore_wind_generation,Wind Offshore,2026-08-17T08:52:17Z
2026-08-17T08:43:25Z,2026-08-17T10:43:25+0200,5f9ba03d-f545-4cd2-8996-d770f48fc74d,2026-07-29T18:15:00Z,2026-07-29T20:15:00+0200,273.666666,MW,DK2,DK_2,forecast_offshore_wind_generation,Wind Offshore,2026-08-17T08:52:17Z
2026-08-17T08:43:25Z,2026-08-17T10:43:25+0200,5f9ba03d-f545-4cd2-8996-d770f48fc74d,2026-07-29T18:30:00Z,2026-07-29T20:30:00+0200,285.0,MW,DK2,DK_2,forecast_offshore_wind_generation,Wind Offshore,2026-08-17T08:52:17Z
2026-08-17T08:43:25Z,2026-08-17T10:43:25+0200,5f9ba03d-f545-4cd2-8996-d770f48fc74d,2026-07-29T18:45:00Z,2026-07-29T20:45:00+0200,297.166666,MW,DK2,DK_2,forecast_offshore_wind_generation,Wind Offshore,2026-08-17T08:52:17Z
2026-08-17T08:43:25Z,2026-08-17T10:43:25+0200,5f9ba03d-f545-4cd2-8996-d770f48fc74d,2026-07-29T19:00:00Z,2026-07-29T21:00:00+0200,311.333333,MW,DK2,DK_2,forecast_offshore_wind_generation,Wind Offshore,2026-08-17T08:52:17Z
2026-08-17T08:43:25Z,2026-08-17T10:43:25+0200,5f9ba03d-f545-4cd2-8996-d770f48fc74d,2026-07-29T19:15:00Z,2026-07-29T21:15:00+0200,330.833333,MW,DK2,DK_2,forecast_offshore_wind_generation,Wind Offshore,2026-08-17T08:52:17Z
2026-08-17T08:43:25Z,2026-08-17T10:43:25+0200,5f9ba03d-f545-4cd2-8996-d770f48fc74d,2026-07-29T19:30:00Z,2026-07-29T21:30:00+0200,357.0,MW,DK2,DK_2,forecast_offshore_wind_generation,Wind Offshore,2026-08-17T08:52:17Z
2026-08-17T08:43:25Z,2026-08-17T10:43:25+0200,5f9ba03d-f545-4cd2-8996-d770f48fc74d,2026-07-29T19:45:00Z,2026-07-29T21:45:00+0200,385.666666,MW,DK2,DK_2,forecast_offshore_wind_generation,Wind Offshore,2026-08-17T08:52:17Z
2026-08-17T08:43:25Z,2026-08-17T10:43:25+0200,5f9ba03d-f545-4cd2-8996-d770f48fc74d,2026-07-29T20:00:00Z,2026-07-29T22:00:00+0200,410.5,MW,DK2,DK_2,forecast_offshore_wind_generation,Wind Offshore,2026-08-17T08:52:17Z
2026-08-17T08:43:25Z,2026-08-17T10:43:25+0200,5f9ba03d-f545-4cd2-8996-d770f48fc74d,2026-07-29T20:15:00Z,2026-07-29T22:15:00+0200,433.5,MW,DK2,DK_2,forecast_offshore_wind_generation,Wind Offshore,2026-08-17T08:52:17Z
2026-08-17T08:43:25Z,2026-08-17T10:43:25+0200,5f9ba03d-f545-4cd2-8996-d770f48fc74d,2026-07-29T20:30:00Z,2026-07-29T22:30:00+0200,456.333333,MW,DK2,DK_2,forecast_offshore_wind_generation,Wind Offshore,2026-08-17T08:52:17Z
2026-08-17T08:43:25Z,2026-08-17T10:43:25+0200,5f9ba03d-f545-4cd2-8996-d770f48fc74d,2026-07-29T20:45:00Z,2026-07-29T22:45:00+0200,475.166666,MW,DK2,DK_2,forecast_offshore_wind_generation,Wind Offshore,2026-08-17T08:52:17Z
2026-08-17T08:43:25Z,2026-08-17T10:43:25+0200,5f9ba03d-f545-4cd2-8996-d770f48fc74d,2026-07-29T21:00:00Z,2026-07-29T23:00:00+0200,486.5,MW,DK2,DK_2,forecast_offshore_wind_generation,Wind Offshore,2026-08-17T08:52:17Z
2026-08-17T08:43:25Z,2026-08-17T10:43:25+0200,5f9ba03d-f545-4cd2-8996-d770f48fc74d,2026-07-29T21:15:00Z,2026-07-29T23:15:00+0200,494.5,MW,DK2,DK_2,forecast_offshore_wind_generation,Wind Offshore,2026-08-17T08:52:17Z
2026-08-17T08:43:25Z,2026-08-17T10:43:25+0200,5f9ba03d-f545-4cd2-8996-d770f48fc74d,2026-07-29T21:30:00Z,2026-07-29T23:30:00+0200,500.5,MW,DK2,DK_2,forecast_offshore_wind_generation,Wind Offshore,2026-08-17T08:52:17Z
2026-08-17T08:43:25Z,2026-08-17T10:43:25+0200,5f9ba03d-f545-4cd2-8996-d770f48fc74d,2026-07-29T21:45:00Z,2026-07-29T23:45:00+0200,505.166666,MW,DK2,DK_2,forecast_offshore_wind_generation,Wind Offshore,2026-08-17T08:52:17Z
2026-08-17T08:43:25Z,2026-08-17T10:43:25+0200,5f9ba03d-f545-4cd2-8996-d770f48fc74d,2026-07-29T22:00:00Z,2026-07-30T00:00:00+0200,491.5,MW,DK2,DK_2,forecast_offshore_wind_generation,Wind Offshore,2026-08-17T08:52:17Z
2026-08-17T08:43:25Z,2026-08-17T10:43:25+0200,5f9ba03d-f545-4cd2-8996-d770f48fc74d,2026-07-29T22:15:00Z,2026-07-30T00:15:00+0200,493.166666,MW,DK2,DK_2,forecast_offshore_wind_generation,Wind Offshore,2026-08-17T08:52:17Z
2026-08-17T08:43:25Z,2026-08-17T10:43:25+0200,5f9ba03d-f545-4cd2-8996-d770f48fc74d,2026-07-29T22:30:00Z,2026-07-30T00:30:00+0200,494.0,MW,DK2,DK_2,forecast_offshore_wind_generation,Wind Offshore,2026-08-17T08:52:17Z
2026-08-17T08:43:25Z,2026-08-17T10:43:25+0200,5f9ba03d-f545-4cd2-8996-d770f48fc74d,2026-07-29T22:45:00Z,2026-07-30T00:45:00+0200,494.0,MW,DK2,DK_2,forecast_offshore_wind_generation,Wind Offshore,2026-08-17T08:52:17Z
2026-08-17T08:43:25Z,2026-08-17T10:43:25+0200,5f9ba03d-f545-4cd2-8996-d770f48fc74d,2026-07-29T23:00:00Z,2026-07-30T01:00:00+0200,494.166666,MW,DK2,DK_2,forecast_offshore_wind_generation,Wind Offshore,2026-08-17T08:52:17Z
2026-08-17T08:43:25Z,2026-08-17T10:43:25+0200,5f9ba03d-f545-4cd2-8996-d770f48fc74d,2026-07-29T23:15:00Z,2026-07-30T01:15:00+0200,495.0,MW,DK2,DK_2,forecast_offshore_wind_generation,Wind Offshore,2026-08-17T08:52:17Z
2026-08-17T08:43:25Z,2026-08-17T10:43:25+0200,5f9ba03d-f545-4cd2-8996-d770f48fc74d,2026-07-29T23:30:00Z,2026-07-30T01:30:00+0200,494.5,MW,DK2,DK_2,forecast_offshore_wind_generation,Wind Offshore,2026-08-17T08:52:17Z
2026-08-17T08:43:25Z,2026-08-17T10:43:25+0200,5f9ba03d-f545-4cd2-8996-d770f48fc74d,2026-07-29T23:45:00Z,2026-07-30T01:45:00+0200,492.5,MW,DK2,DK_2,forecast_offshore_wind_generation,Wind Offshore,2026-08-17T08:52:17Z
2026-08-17T08:43:25Z,2026-08-17T10:43:25+0200,5f9ba03d-f545-4cd2-8996-d770f48fc74d,2026-07-30T00:00:00Z,2026-07-30T02:00:00+0200,489.333333,MW,DK2,DK_2,forecast_offshore_wind_generation,Wind Offshore,2026-08-17T08:52:17Z
2026-08-17T08:43:25Z,2026-08-17T10:43:25+0200,5f9ba03d-f545-4cd2-8996-d770f48fc74d,2026-07-30T00:15:00Z,2026-07-30T02:15:00+0200,484.5,MW,DK2,DK_2,forecast_offshore_wind_generation,Wind Offshore,2026-08-17T08:52:17Z
2026-08-17T08:43:25Z,2026-08-17T10:43:25+0200,5f9ba03d-f545-4cd2-8996-d770f48fc74d,2026-07-30T00:30:00Z,2026-07-30T02:30:00+0200,479.0,MW,DK2,DK_2,forecast_offshore_wind_generation,Wind Offshore,2026-08-17T08:52:17Z
2026-08-17T08:43:25Z,2026-08-17T10:43:25+0200,5f9ba03d-f545-4cd2-8996-d770f48fc74d,2026-07-30T00:45:00Z,2026-07-30T02:45:00+0200,473.0,MW,DK2,DK_2,forecast_offshore_wind_generation,Wind Offshore,2026-08-17T08:52:17Z
2026-08-17T08:43:25Z,2026-08-17T10:43:25+0200,5f9ba03d-f545-4cd2-8996-d770f48fc74d,2026-07-30T01:00:00Z,2026-07-30T03:00:00+0200,466.0,MW,DK2,DK_2,forecast_offshore_wind_generation,Wind Offshore,2026-08-17T08:52:17Z
2026-08-17T08:43:25Z,2026-08-17T10:43:25+0200,5f9ba03d-f545-4cd2-8996-d770f48fc74d,2026-07-30T01:15:00Z,2026-07-30T03:15:00+0200,457.5,MW,DK2,DK_2,forecast_offshore_wind_generation,Wind Offshore,2026-08-17T08:52:17Z
2026-08-17T08:43:25Z,2026-08-17T10:43:25+0200,5f9ba03d-f545-4cd2-8996-d770f48fc74d,2026-07-30T01:30:00Z,2026-07-30T03:30:00+0200,448.5,MW,DK2,DK_2,forecast_offshore_wind_generation,Wind Offshore,2026-08-17T08:52:17Z
2026-08-17T08:43:25Z,2026-08-17T10:43:25+0200,5f9ba03d-f545-4cd2-8996-d770f48fc74d,2026-07-30T01:45:00Z,2026-07-30T03:45:00+0200,439.5,MW,DK2,DK_2,forecast_offshore_wind_generation,Wind Offshore,2026-08-17T08:52:17Z
2026-08-17T08:43:25Z,2026-08-17T10:43:25+0200,5f9ba03d-f545-4cd2-8996-d770f48fc74d,2026-07-30T02:00:00Z,2026-07-30T04:00:00+0200,429.833333,MW,DK2,DK_2,forecast_offshore_wind_generation,Wind Offshore,2026-08-17T08:52:17Z
2026-08-17T08:43:25Z,2026-08-17T10:43:25+0200,5f9ba03d-f545-4cd2-8996-d770f48fc74d,2026-07-30T02:15:00Z,2026-07-30T04:15:00+0200,418.833333,MW,DK2,DK_2,forecast_offshore_wind_generation,Wind Offshore,2026-08-17T08:52:17Z
2026-08-17T08:43:25Z,2026-08-17T10:43:25+0200,5f9ba03d-f545-4cd2-8996-d770f48fc74d,2026-07-30T02:30:00Z,2026-07-30T04:30:00+0200,407.0,MW,DK2,DK_2,forecast_offshore_wind_generation,Wind Offshore,2026-08-17T08:52:17Z
2026-08-17T08:43:25Z,2026-08-17T10:43:25+0200,5f9ba03d-f545-4cd2-8996-d770f48fc74d,2026-07-30T02:45:00Z,2026-07-30T04:45:00+0200,396.5,MW,DK2,DK_2,forecast_offshore_wind_generation,Wind Offshore,2026-08-17T08:52:17Z
2026-08-17T08:43:25Z,2026-08-17T10:43:25+0200,5f9ba03d-f545-4cd2-8996-d770f48fc74d,2026-07-30T03:00:00Z,2026-07-30T05:00:00+0200,387.5,MW,DK2,DK_2,forecast_offshore_wind_generation,Wind Offshore,2026-08-17T08:52:17Z
2026-08-17T08:43:25Z,2026-08-17T10:43:25+0200,5f9ba03d-f545-4cd2-8996-d770f48fc74d,2026-07-30T03:15:00Z,2026-07-30T05:15:00+0200,379.833333,MW,DK2,DK_2,forecast_offshore_wind_generation,Wind Offshore,2026-08-17T08:52:17Z
2026-08-17T08:43:25Z,2026-08-17T10:43:25+0200,5f9ba03d-f545-4cd2-8996-d770f48fc74d,2026-07-30T03:30:00Z,2026-07-30T05:30:00+0200,373.0,MW,DK2,DK_2,forecast_offshore_wind_generation,Wind Offshore,2026-08-17T08:52:17Z
2026-08-17T08:43:25Z,2026-08-17T10:43:25+0200,5f9ba03d-f545-4cd2-8996-d770f48fc74d,2026-07-30T03:45:00Z,2026-07-30T05:45:00+0200,367.166666,MW,DK2,DK_2,forecast_offshore_wind_generation,Wind Offshore,2026-08-17T08:52:17Z
2026-08-17T08:43:25Z,2026-08-17T10:43:25+0200,5f9ba03d-f545-4cd2-8996-d770f48fc74d,2026-07-30T04:00:00Z,2026-07-30T06:00:00+0200,362.666666,MW,DK2,DK_2,forecast_offshore_wind_generation,Wind Offshore,2026-08-17T08:52:17Z
2026-08-17T08:43:25Z,2026-08-17T10:43:25+0200,5f9ba03d-f545-4cd2-8996-d770f48fc74d,2026-07-30T04:15:00Z,2026-07-30T06:15:00+0200,359.5,MW,DK2,DK_2,forecast_offshore_wind_generation,Wind Offshore,2026-08-17T08:52:17Z
2026-08-17T08:43:25Z,2026-08-17T10:43:25+0200,5f9ba03d-f545-4cd2-8996-d770f48fc74d,2026-07-30T04:30:00Z,2026-07-30T06:30:00+0200,357.333333,MW,DK2,DK_2,forecast_offshore_wind_generation,Wind Offshore,2026-08-17T08:52:17Z
2026-08-17T08:43:25Z,2026-08-17T10:43:25+0200,5f9ba03d-f545-4cd2-8996-d770f48fc74d,2026-07-30T04:45:00Z,2026-07-30T06:45:00+0200,355.5,MW,DK2,DK_2,forecast_offshore_wind_generation,Wind Offshore,2026-08-17T08:52:17Z
2026-08-17T08:43:25Z,2026-08-17T10:43:25+0200,5f9ba03d-f545-4cd2-8996-d770f48fc74d,2026-07-30T05:00:00Z,2026-07-30T07:00:00+0200,351.833333,MW,DK2,DK_2,forecast_offshore_wind_generation,Wind Offshore,2026-08-17T08:52:17Z
2026-08-17T08:43:25Z,2026-08-17T10:43:25+0200,5f9ba03d-f545-4cd2-8996-d770f48fc74d,2026-07-30T05:15:00Z,2026-07-30T07:15:00+0200,343.833333,MW,DK2,DK_2,forecast_offshore_wind_generation,Wind Offshore,2026-08-17T08:52:17Z
2026-08-17T08:43:25Z,2026-08-17T10:43:25+0200,5f9ba03d-f545-4cd2-8996-d770f48fc74d,2026-07-30T05:30:00Z,2026-07-30T07:30:00+0200,333.5,MW,DK2,DK_2,forecast_offshore_wind_generation,Wind Offshore,2026-08-17T08:52:17Z
2026-08-17T08:43:25Z,2026-08-17T10:43:25+0200,5f9ba03d-f545-4cd2-8996-d770f48fc74d,2026-07-30T05:45:00Z,2026-07-30T07:45:00+0200,323.5,MW,DK2,DK_2,forecast_offshore_wind_generation,Wind Offshore,2026-08-17T08:52:17Z
2026-08-17T08:43:25Z,2026-08-17T10:43:25+0200,5f9ba03d-f545-4cd2-8996-d770f48fc74d,2026-07-30T06:00:00Z,2026-07-30T08:00:00+0200,313.5,MW,DK2,DK_2,forecast_offshore_wind_generation,Wind Offshore,2026-08-17T08:52:17Z
2026-08-17T08:43:25Z,2026-08-17T10:43:25+0200,5f9ba03d-f545-4cd2-8996-d770f48fc74d,2026-07-30T06:15:00Z,2026-07-30T08:15:00+0200,301.5,MW,DK2,DK_2,forecast_offshore_wind_generation,Wind Offshore,2026-08-17T08:52:17Z
2026-08-17T08:43:25Z,2026-08-17T10:43:25+0200,5f9ba03d-f545-4cd2-8996-d770f48fc74d,2026-07-30T06:30:00Z,2026-07-30T08:30:00+0200,288.333333,MW,DK2,DK_2,forecast_offshore_wind_generation,Wind Offshore,2026-08-17T08:52:17Z
2026-08-17T08:43:25Z,2026-08-17T10:43:25+0200,5f9ba03d-f545-4cd2-8996-d770f48fc74d,2026-07-30T06:45:00Z,2026-07-30T08:45:00+0200,277.166666,MW,DK2,DK_2,forecast_offshore_wind_generation,Wind Offshore,2026-08-17T08:52:17Z
2026-08-17T08:43:25Z,2026-08-17T10:43:25+0200,5f9ba03d-f545-4cd2-8996-d770f48fc74d,2026-07-30T07:00:00Z,2026-07-30T09:00:00+0200,267.666666,MW,DK2,DK_2,forecast_offshore_wind_generation,Wind Offshore,2026-08-17T08:52:17Z
2026-08-17T08:43:25Z,2026-08-17T10:43:25+0200,5f9ba03d-f545-4cd2-8996-d770f48fc74d,2026-07-30T07:15:00Z,2026-07-30T09:15:00+0200,259.666666,MW,DK2,DK_2,forecast_offshore_wind_generation,Wind Offshore,2026-08-17T08:52:17Z
2026-08-17T08:43:25Z,2026-08-17T10:43:25+0200,5f9ba03d-f545-4cd2-8996-d770f48fc74d,2026-07-30T07:30:00Z,2026-07-30T09:30:00+0200,252.5,MW,DK2,DK_2,forecast_offshore_wind_generation,Wind Offshore,2026-08-17T08:52:17Z
2026-08-17T08:43:25Z,2026-08-17T10:43:25+0200,5f9ba03d-f545-4cd2-8996-d770f48fc74d,2026-07-30T07:45:00Z,2026-07-30T09:45:00+0200,246.0,MW,DK2,DK_2,forecast_offshore_wind_generation,Wind Offshore,2026-08-17T08:52:17Z
2026-08-17T08:43:25Z,2026-08-17T10:43:25+0200,5f9ba03d-f545-4cd2-8996-d770f48fc74d,2026-07-30T08:00:00Z,2026-07-30T10:00:00+0200,239.333333,MW,DK2,DK_2,forecast_offshore_wind_generation,Wind Offshore,2026-08-17T08:52:17Z
2026-08-17T08:43:25Z,2026-08-17T10:43:25+0200,5f9ba03d-f545-4cd2-8996-d770f48fc74d,2026-07-30T08:15:00Z,2026-07-30T10:15:00+0200,231.0,MW,DK2,DK_2,forecast_offshore_wind_generation,Wind Offshore,2026-08-17T08:52:17Z
2026-08-17T08:43:25Z,2026-08-17T10:43:25+0200,5f9ba03d-f545-4cd2-8996-d770f48fc74d,2026-07-30T08:30:00Z,2026-07-30T10:30:00+0200,223.0,MW,DK2,DK_2,forecast_offshore_wind_generation,Wind Offshore,2026-08-17T08:52:17Z
2026-08-17T08:43:25Z,2026-08-17T10:43:25+0200,5f9ba03d-f545-4cd2-8996-d770f48fc74d,2026-07-30T08:45:00Z,2026-07-30T10:45:00+0200,216.5,MW,DK2,DK_2,forecast_offshore_wind_generation,Wind Offshore,2026-08-17T08:52:17Z
2026-08-17T08:43:25Z,2026-08-17T10:43:25+0200,5f9ba03d-f545-4cd2-8996-d770f48fc74d,2026-07-30T09:00:00Z,2026-07-30T11:00:00+0200,212.666666,MW,DK2,DK_2,forecast_offshore_wind_generation,Wind Offshore,2026-08-17T08:52:17Z
2026-08-17T08:43:25Z,2026-08-17T10:43:25+0200,5f9ba03d-f545-4cd2-8996-d770f48fc74d,2026-07-30T09:15:00Z,2026-07-30T11:15:00+0200,211.166666,MW,DK2,DK_2,forecast_offshore_wind_generation,Wind Offshore,2026-08-17T08:52:17Z
2026-08-17T08:43:25Z,2026-08-17T10:43:25+0200,5f9ba03d-f545-4cd2-8996-d770f48fc74d,2026-07-30T09:30:00Z,2026-07-30T11:30:00+0200,210.5,MW,DK2,DK_2,forecast_offshore_wind_generation,Wind Offshore,2026-08-17T08:52:17Z
2026-08-17T08:43:25Z,2026-08-17T10:43:25+0200,5f9ba03d-f545-4cd2-8996-d770f48fc74d,2026-07-30T09:45:00Z,2026-07-30T11:45:00+0200,210.0,MW,DK2,DK_2,forecast_offshore_wind_generation,Wind Offshore,2026-08-17T08:52:17Z
2026-08-17T08:43:25Z,2026-08-17T10:43:25+0200,5f9ba03d-f545-4cd2-8996-d770f48fc74d,2026-07-30T10:00:00Z,2026-07-30T12:00:00+0200,209.166666,MW,DK2,DK_2,forecast_offshore_wind_generation,Wind Offshore,2026-08-17T08:52:17Z
2026-08-17T08:43:25Z,2026-08-17T10:43:25+0200,5f9ba03d-f545-4cd2-8996-d770f48fc74d,2026-07-30T10:15:00Z,2026-07-30T12:15:00+0200,208.0,MW,DK2,DK_2,forecast_offshore_wind_generation,Wind Offshore,2026-08-17T08:52:17Z
2026-08-17T08:43:25Z,2026-08-17T10:43:25+0200,5f9ba03d-f545-4cd2-8996-d770f48fc74d,2026-07-30T10:30:00Z,2026-07-30T12:30:00+0200,207.0,MW,DK2,DK_2,forecast_offshore_wind_generation,Wind Offshore,2026-08-17T08:52:17Z
2026-08-17T08:43:25Z,2026-08-17T10:43:25+0200,5f9ba03d-f545-4cd2-8996-d770f48fc74d,2026-07-30T10:45:00Z,2026-07-30T12:45:00+0200,207.166666,MW,DK2,DK_2,forecast_offshore_wind_generation,Wind Offshore,2026-08-17T08:52:17Z
2026-08-17T08:43:25Z,2026-08-17T10:43:25+0200,5f9ba03d-f545-4cd2-8996-d770f48fc74d,2026-07-30T11:00:00Z,2026-07-30T13:00:00+0200,208.666666,MW,DK2,DK_2,forecast_offshore_wind_generation,Wind Offshore,2026-08-17T08:52:17Z
2026-08-17T08:43:25Z,2026-08-17T10:43:25+0200,5f9ba03d-f545-4cd2-8996-d770f48fc74d,2026-07-30T11:15:00Z,2026-07-30T13:15:00+0200,212.0,MW,DK2,DK_2,forecast_offshore_wind_generation,Wind Offshore,2026-08-17T08:52:17Z
2026-08-17T08:43:25Z,2026-08-17T10:43:25+0200,5f9ba03d-f545-4cd2-8996-d770f48fc74d,2026-07-30T11:30:00Z,2026-07-30T13:30:00+0200,216.833333,MW,DK2,DK_2,forecast_offshore_wind_generation,Wind Offshore,2026-08-17T08:52:17Z
2026-08-17T08:43:25Z,2026-08-17T10:43:25+0200,5f9ba03d-f545-4cd2-8996-d770f48fc74d,2026-07-30T11:45:00Z,2026-07-30T13:45:00+0200,221.333333,MW,DK2,DK_2,forecast_offshore_wind_generation,Wind Offshore,2026-08-17T08:52:17Z
2026-08-17T08:43:25Z,2026-08-17T10:43:25+0200,5f9ba03d-f545-4cd2-8996-d770f48fc74d,2026-07-30T12:00:00Z,2026-07-30T14:00:00+0200,225.0,MW,DK2,DK_2,forecast_offshore_wind_generation,Wind Offshore,2026-08-17T08:52:17Z
2026-08-17T08:43:25Z,2026-08-17T10:43:25+0200,5f9ba03d-f545-4cd2-8996-d770f48fc74d,2026-07-30T12:15:00Z,2026-07-30T14:15:00+0200,229.0,MW,DK2,DK_2,forecast_offshore_wind_generation,Wind Offshore,2026-08-17T08:52:17Z
2026-08-17T08:43:25Z,2026-08-17T10:43:25+0200,5f9ba03d-f545-4cd2-8996-d770f48fc74d,2026-07-30T12:30:00Z,2026-07-30T14:30:00+0200,232.5,MW,DK2,DK_2,forecast_offshore_wind_generation,Wind Offshore,2026-08-17T08:52:17Z
2026-08-17T08:43:25Z,2026-08-17T10:43:25+0200,5f9ba03d-f545-4cd2-8996-d770f48fc74d,2026-07-30T12:45:00Z,2026-07-30T14:45:00+0200,235.5,MW,DK2,DK_2,forecast_offshore_wind_generation,Wind Offshore,2026-08-17T08:52:17Z
2026-08-17T08:43:25Z,2026-08-17T10:43:25+0200,5f9ba03d-f545-4cd2-8996-d770f48fc74d,2026-07-30T13:00:00Z,2026-07-30T15:00:00+0200,237.5,MW,DK2,DK_2,forecast_offshore_wind_generation,Wind Offshore,2026-08-17T08:52:17Z
2026-08-17T08:43:25Z,2026-08-17T10:43:25+0200,5f9ba03d-f545-4cd2-8996-d770f48fc74d,2026-07-30T13:15:00Z,2026-07-30T15:15:00+0200,237.833333,MW,DK2,DK_2,forecast_offshore_wind_generation,Wind Offshore,2026-08-17T08:52:17Z
2026-08-17T08:43:25Z,2026-08-17T10:43:25+0200,5f9ba03d-f545-4cd2-8996-d770f48fc74d,2026-07-30T13:30:00Z,2026-07-30T15:30:00+0200,237.0,MW,DK2,DK_2,forecast_offshore_wind_generation,Wind Offshore,2026-08-17T08:52:17Z
2026-08-17T08:43:25Z,2026-08-17T10:43:25+0200,5f9ba03d-f545-4cd2-8996-d770f48fc74d,2026-07-30T13:45:00Z,2026-07-30T15:45:00+0200,236.5,MW,DK2,DK_2,forecast_offshore_wind_generation,Wind Offshore,2026-08-17T08:52:17Z
2026-08-17T08:43:25Z,2026-08-17T10:43:25+0200,5f9ba03d-f545-4cd2-8996-d770f48fc74d,2026-07-30T14:00:00Z,2026-07-30T16:00:00+0200,234.5,MW,DK2,DK_2,forecast_offshore_wind_generation,Wind Offshore,2026-08-17T08:52:17Z
2026-08-17T08:43:25Z,2026-08-17T10:43:25+0200,5f9ba03d-f545-4cd2-8996-d770f48fc74d,2026-07-30T14:15:00Z,2026-07-30T16:15:00+0200,231.5,MW,DK2,DK_2,forecast_offshore_wind_generation,Wind Offshore,2026-08-17T08:52:17Z
2026-08-17T08:43:25Z,2026-08-17T10:43:25+0200,5f9ba03d-f545-4cd2-8996-d770f48fc74d,2026-07-30T14:30:00Z,2026-07-30T16:30:00+0200,227.666666,MW,DK2,DK_2,forecast_offshore_wind_generation,Wind Offshore,2026-08-17T08:52:17Z
2026-08-17T08:43:25Z,2026-08-17T10:43:25+0200,5f9ba03d-f545-4cd2-8996-d770f48fc74d,2026-07-30T14:45:00Z,2026-07-30T16:45:00+0200,224.0,MW,DK2,DK_2,forecast_offshore_wind_generation,Wind Offshore,2026-08-17T08:52:17Z
2026-08-17T08:43:25Z,2026-08-17T10:43:25+0200,5f9ba03d-f545-4cd2-8996-d770f48fc74d,2026-07-30T15:00:00Z,2026-07-30T17:00:00+0200,219.833333,MW,DK2,DK_2,forecast_offshore_wind_generation,Wind Offshore,2026-08-17T08:52:17Z
2026-08-17T08:43:25Z,2026-08-17T10:43:25+0200,5f9ba03d-f545-4cd2-8996-d770f48fc74d,2026-07-30T15:15:00Z,2026-07-30T17:15:00+0200,214.166666,MW,DK2,DK_2,forecast_offshore_wind_generation,Wind Offshore,2026-08-17T08:52:17Z
2026-08-17T08:43:25Z,2026-08-17T10:43:25+0200,5f9ba03d-f545-4cd2-8996-d770f48fc74d,2026-07-30T15:30:00Z,2026-07-30T17:30:00+0200,210.666666,MW,DK2,DK_2,forecast_offshore_wind_generation,Wind Offshore,2026-08-17T08:52:17Z
2026-08-17T08:43:25Z,2026-08-17T10:43:25+0200,5f9ba03d-f545-4cd2-8996-d770f48fc74d,2026-07-30T15:45:00Z,2026-07-30T17:45:00+0200,212.333333,MW,DK2,DK_2,forecast_offshore_wind_generation,Wind Offshore,2026-08-17T08:52:17Z
2026-08-17T08:43:25Z,2026-08-17T10:43:25+0200,5f9ba03d-f545-4cd2-8996-d770f48fc74d,2026-07-30T16:00:00Z,2026-07-30T18:00:00+0200,222.833333,MW,DK2,DK_2,forecast_offshore_wind_generation,Wind Offshore,2026-08-17T08:52:17Z
2026-08-17T08:43:25Z,2026-08-17T10:43:25+0200,5f9ba03d-f545-4cd2-8996-d770f48fc74d,2026-07-30T16:15:00Z,2026-07-30T18:15:00+0200,241.333333,MW,DK2,DK_2,forecast_offshore_wind_generation,Wind Offshore,2026-08-17T08:52:17Z
2026-08-17T08:43:25Z,2026-08-17T10:43:25+0200,5f9ba03d-f545-4cd2-8996-d770f48fc74d,2026-07-30T16:30:00Z,2026-07-30T18:30:00+0200,266.5,MW,DK2,DK_2,forecast_offshore_wind_generation,Wind Offshore,2026-08-17T08:52:17Z
2026-08-17T08:43:25Z,2026-08-17T10:43:25+0200,5f9ba03d-f545-4cd2-8996-d770f48fc74d,2026-07-30T16:45:00Z,2026-07-30T18:45:00+0200,295.166666,MW,DK2,DK_2,forecast_offshore_wind_generation,Wind Offshore,2026-08-17T08:52:17Z
2026-08-17T08:43:25Z,2026-08-17T10:43:25+0200,5f9ba03d-f545-4cd2-8996-d770f48fc74d,2026-07-30T17:00:00Z,2026-07-30T19:00:00+0200,327.666666,MW,DK2,DK_2,forecast_offshore_wind_generation,Wind Offshore,2026-08-17T08:52:17Z
2026-08-17T08:43:25Z,2026-08-17T10:43:25+0200,5f9ba03d-f545-4cd2-8996-d770f48fc74d,2026-07-30T17:15:00Z,2026-07-30T19:15:00+0200,380.833333,MW,DK2,DK_2,forecast_offshore_wind_generation,Wind Offshore,2026-08-17T08:52:17Z
2026-08-17T08:43:25Z,2026-08-17T10:43:25+0200,5f9ba03d-f545-4cd2-8996-d770f48fc74d,2026-07-30T17:30:00Z,2026-07-30T19:30:00+0200,439.166666,MW,DK2,DK_2,forecast_offshore_wind_generation,Wind Offshore,2026-08-17T08:52:17Z
2026-08-17T08:43:25Z,2026-08-17T10:43:25+0200,5f9ba03d-f545-4cd2-8996-d770f48fc74d,2026-07-30T17:45:00Z,2026-07-30T19:45:00+0200,474.166666,MW,DK2,DK_2,forecast_offshore_wind_generation,Wind Offshore,2026-08-17T08:52:17Z
2026-08-17T08:43:25Z,2026-08-17T10:43:25+0200,5f9ba03d-f545-4cd2-8996-d770f48fc74d,2026-07-30T18:00:00Z,2026-07-30T20:00:00+0200,490.5,MW,DK2,DK_2,forecast_offshore_wind_generation,Wind Offshore,2026-08-17T08:52:17Z
2026-08-17T08:43:25Z,2026-08-17T10:43:25+0200,5f9ba03d-f545-4cd2-8996-d770f48fc74d,2026-07-30T18:15:00Z,2026-07-30T20:15:00+0200,499.666666,MW,DK2,DK_2,forecast_offshore_wind_generation,Wind Offshore,2026-08-17T08:52:17Z
2026-08-17T08:43:25Z,2026-08-17T10:43:25+0200,5f9ba03d-f545-4cd2-8996-d770f48fc74d,2026-07-30T18:30:00Z,2026-07-30T20:30:00+0200,486.333333,MW,DK2,DK_2,forecast_offshore_wind_generation,Wind Offshore,2026-08-17T08:52:17Z
2026-08-17T08:43:25Z,2026-08-17T10:43:25+0200,5f9ba03d-f545-4cd2-8996-d770f48fc74d,2026-07-30T18:45:00Z,2026-07-30T20:45:00+0200,465.666666,MW,DK2,DK_2,forecast_offshore_wind_generation,Wind Offshore,2026-08-17T08:52:17Z
2026-08-17T08:43:25Z,2026-08-17T10:43:25+0200,5f9ba03d-f545-4cd2-8996-d770f48fc74d,2026-07-30T19:00:00Z,2026-07-30T21:00:00+0200,460.5,MW,DK2,DK_2,forecast_offshore_wind_generation,Wind Offshore,2026-08-17T08:52:17Z
2026-08-17T08:43:25Z,2026-08-17T10:43:25+0200,5f9ba03d-f545-4cd2-8996-d770f48fc74d,2026-07-30T19:15:00Z,2026-07-30T21:15:00+0200,466.166666,MW,DK2,DK_2,forecast_offshore_wind_generation,Wind Offshore,2026-08-17T08:52:17Z
2026-08-17T08:43:25Z,2026-08-17T10:43:25+0200,5f9ba03d-f545-4cd2-8996-d770f48fc74d,2026-07-30T19:30:00Z,2026-07-30T21:30:00+0200,472.666666,MW,DK2,DK_2,forecast_offshore_wind_generation,Wind Offshore,2026-08-17T08:52:17Z
2026-08-17T08:43:25Z,2026-08-17T10:43:25+0200,5f9ba03d-f545-4cd2-8996-d770f48fc74d,2026-07-30T19:45:00Z,2026-07-30T21:45:00+0200,477.333333,MW,DK2,DK_2,forecast_offshore_wind_generation,Wind Offshore,2026-08-17T08:52:17Z
2026-08-17T08:43:25Z,2026-08-17T10:43:25+0200,5f9ba03d-f545-4cd2-8996-d770f48fc74d,2026-07-30T20:00:00Z,2026-07-30T22:00:00+0200,482.833333,MW,DK2,DK_2,forecast_offshore_wind_generation,Wind Offshore,2026-08-17T08:52:17Z
2026-08-17T08:43:25Z,2026-08-17T10:43:25+0200,5f9ba03d-f545-4cd2-8996-d770f48fc74d,2026-07-30T20:15:00Z,2026-07-30T22:15:00+0200,494.0,MW,DK2,DK_2,forecast_offshore_wind_generation,Wind Offshore,2026-08-17T08:52:17Z
2026-08-17T08:43:25Z,2026-08-17T10:43:25+0200,5f9ba03d-f545-4cd2-8996-d770f48fc74d,2026-07-30T20:30:00Z,2026-07-30T22:30:00+0200,502.5,MW,DK2,DK_2,forecast_offshore_wind_generation,Wind Offshore,2026-08-17T08:52:17Z
2026-08-17T08:43:25Z,2026-08-17T10:43:25+0200,5f9ba03d-f545-4cd2-8996-d770f48fc74d,2026-07-30T20:45:00Z,2026-07-30T22:45:00+0200,510.5,MW,DK2,DK_2,forecast_offshore_wind_generation,Wind Offshore,2026-08-17T08:52:17Z
2026-08-17T08:43:25Z,2026-08-17T10:43:25+0200,5f9ba03d-f545-4cd2-8996-d770f48fc74d,2026-07-30T21:00:00Z,2026-07-30T23:00:00+0200,517.333333,MW,DK2,DK_2,forecast_offshore_wind_generation,Wind Offshore,2026-08-17T08:52:17Z
2026-08-17T08:43:25Z,2026-08-17T10:43:25+0200,5f9ba03d-f545-4cd2-8996-d770f48fc74d,2026-07-30T21:15:00Z,2026-07-30T23:15:00+0200,522.833333,MW,DK2,DK_2,forecast_offshore_wind_generation,Wind Offshore,2026-08-17T08:52:17Z
2026-08-17T08:43:25Z,2026-08-17T10:43:25+0200,5f9ba03d-f545-4cd2-8996-d770f48fc74d,2026-07-30T21:30:00Z,2026-07-30T23:30:00+0200,527.666666,MW,DK2,DK_2,forecast_offshore_wind_generation,Wind Offshore,2026-08-17T08:52:17Z
2026-08-17T08:43:25Z,2026-08-17T10:43:25+0200,5f9ba03d-f545-4cd2-8996-d770f48fc74d,2026-07-30T21:45:00Z,2026-07-30T23:45:00+0200,535.5,MW,DK2,DK_2,forecast_offshore_wind_generation,Wind Offshore,2026-08-17T08:52:17Z
2026-08-17T08:43:25Z,2026-08-17T10:43:25+0200,5f9ba03d-f545-4cd2-8996-d770f48fc74d,2026-07-30T22:00:00Z,2026-07-31T00:00:00+0200,489.166666,MW,DK2,DK_2,forecast_offshore_wind_generation,Wind Offshore,2026-08-17T08:52:17Z
2026-08-17T08:43:25Z,2026-08-17T10:43:25+0200,5f9ba03d-f545-4cd2-8996-d770f48fc74d,2026-07-30T22:15:00Z,2026-07-31T00:15:00+0200,483.0,MW,DK2,DK_2,forecast_offshore_wind_generation,Wind Offshore,2026-08-17T08:52:17Z
2026-08-17T08:43:25Z,2026-08-17T10:43:25+0200,5f9ba03d-f545-4cd2-8996-d770f48fc74d,2026-07-30T22:30:00Z,2026-07-31T00:30:00+0200,477.5,MW,DK2,DK_2,forecast_offshore_wind_generation,Wind Offshore,2026-08-17T08:52:17Z
2026-08-17T08:43:25Z,2026-08-17T10:43:25+0200,5f9ba03d-f545-4cd2-8996-d770f48fc74d,2026-07-30T22:45:00Z,2026-07-31T00:45:00+0200,475.5,MW,DK2,DK_2,forecast_offshore_wind_generation,Wind Offshore,2026-08-17T08:52:17Z
2026-08-17T08:43:25Z,2026-08-17T10:43:25+0200,5f9ba03d-f545-4cd2-8996-d770f48fc74d,2026-07-30T23:00:00Z,2026-07-31T01:00:00+0200,479.666666,MW,DK2,DK_2,forecast_offshore_wind_generation,Wind Offshore,2026-08-17T08:52:17Z
2026-08-17T08:43:25Z,2026-08-17T10:43:25+0200,5f9ba03d-f545-4cd2-8996-d770f48fc74d,2026-07-30T23:15:00Z,2026-07-31T01:15:00+0200,472.166666,MW,DK2,DK_2,forecast_offshore_wind_generation,Wind Offshore,2026-08-17T08:52:17Z
2026-08-17T08:43:25Z,2026-08-17T10:43:25+0200,5f9ba03d-f545-4cd2-8996-d770f48fc74d,2026-07-30T23:30:00Z,2026-07-31T01:30:00+0200,455.333333,MW,DK2,DK_2,forecast_offshore_wind_generation,Wind Offshore,2026-08-17T08:52:17Z
2026-08-17T08:43:25Z,2026-08-17T10:43:25+0200,5f9ba03d-f545-4cd2-8996-d770f48fc74d,2026-07-30T23:45:00Z,2026-07-31T01:45:00+0200,437.833333,MW,DK2,DK_2,forecast_offshore_wind_generation,Wind Offshore,2026-08-17T08:52:17Z
2026-08-17T08:43:25Z,2026-08-17T10:43:25+0200,5f9ba03d-f545-4cd2-8996-d770f48fc74d,2026-07-31T00:00:00Z,2026-07-31T02:00:00+0200,427.5,MW,DK2,DK_2,forecast_offshore_wind_generation,Wind Offshore,2026-08-17T08:52:17Z
2026-08-17T08:43:25Z,2026-08-17T10:43:25+0200,5f9ba03d-f545-4cd2-8996-d770f48fc74d,2026-07-31T00:15:00Z,2026-07-31T02:15:00+0200,417.166666,MW,DK2,DK_2,forecast_offshore_wind_generation,Wind Offshore,2026-08-17T08:52:17Z
2026-08-17T08:43:25Z,2026-08-17T10:43:25+0200,5f9ba03d-f545-4cd2-8996-d770f48fc74d,2026-07-31T00:30:00Z,2026-07-31T02:30:00+0200,400.166666,MW,DK2,DK_2,forecast_offshore_wind_generation,Wind Offshore,2026-08-17T08:52:17Z
2026-08-17T08:43:25Z,2026-08-17T10:43:25+0200,5f9ba03d-f545-4cd2-8996-d770f48fc74d,2026-07-31T00:45:00Z,2026-07-31T02:45:00+0200,377.0,MW,DK2,DK_2,forecast_offshore_wind_generation,Wind Offshore,2026-08-17T08:52:17Z
2026-08-17T08:43:25Z,2026-08-17T10:43:25+0200,5f9ba03d-f545-4cd2-8996-d770f48fc74d,2026-07-31T01:00:00Z,2026-07-31T03:00:00+0200,364.5,MW,DK2,DK_2,forecast_offshore_wind_generation,Wind Offshore,2026-08-17T08:52:17Z
2026-08-17T08:43:25Z,2026-08-17T10:43:25+0200,5f9ba03d-f545-4cd2-8996-d770f48fc74d,2026-07-31T01:15:00Z,2026-07-31T03:15:00+0200,354.5,MW,DK2,DK_2,forecast_offshore_wind_generation,Wind Offshore,2026-08-17T08:52:17Z
2026-08-17T08:43:25Z,2026-08-17T10:43:25+0200,5f9ba03d-f545-4cd2-8996-d770f48fc74d,2026-07-31T01:30:00Z,2026-07-31T03:30:00+0200,344.5,MW,DK2,DK_2,forecast_offshore_wind_generation,Wind Offshore,2026-08-17T08:52:17Z
2026-08-17T08:43:25Z,2026-08-17T10:43:25+0200,5f9ba03d-f545-4cd2-8996-d770f48fc74d,2026-07-31T01:45:00Z,2026-07-31T03:45:00+0200,335.666666,MW,DK2,DK_2,forecast_offshore_wind_generation,Wind Offshore,2026-08-17T08:52:17Z
2026-08-17T08:43:25Z,2026-08-17T10:43:25+0200,5f9ba03d-f545-4cd2-8996-d770f48fc74d,2026-07-31T02:00:00Z,2026-07-31T04:00:00+0200,329.0,MW,DK2,DK_2,forecast_offshore_wind_generation,Wind Offshore,2026-08-17T08:52:17Z
2026-08-17T08:43:25Z,2026-08-17T10:43:25+0200,5f9ba03d-f545-4cd2-8996-d770f48fc74d,2026-07-31T02:15:00Z,2026-07-31T04:15:00+0200,322.333333,MW,DK2,DK_2,forecast_offshore_wind_generation,Wind Offshore,2026-08-17T08:52:17Z
2026-08-17T08:43:25Z,2026-08-17T10:43:25+0200,5f9ba03d-f545-4cd2-8996-d770f48fc74d,2026-07-31T02:30:00Z,2026-07-31T04:30:00+0200,318.5,MW,DK2,DK_2,forecast_offshore_wind_generation,Wind Offshore,2026-08-17T08:52:17Z
2026-08-17T08:43:25Z,2026-08-17T10:43:25+0200,5f9ba03d-f545-4cd2-8996-d770f48fc74d,2026-07-31T02:45:00Z,2026-07-31T04:45:00+0200,314.5,MW,DK2,DK_2,forecast_offshore_wind_generation,Wind Offshore,2026-08-17T08:52:17Z
2026-08-17T08:43:25Z,2026-08-17T10:43:25+0200,5f9ba03d-f545-4cd2-8996-d770f48fc74d,2026-07-31T03:00:00Z,2026-07-31T05:00:00+0200,308.0,MW,DK2,DK_2,forecast_offshore_wind_generation,Wind Offshore,2026-08-17T08:52:17Z
2026-08-17T08:43:25Z,2026-08-17T10:43:25+0200,5f9ba03d-f545-4cd2-8996-d770f48fc74d,2026-07-31T03:15:00Z,2026-07-31T05:15:00+0200,298.833333,MW,DK2,DK_2,forecast_offshore_wind_generation,Wind Offshore,2026-08-17T08:52:17Z
2026-08-17T08:43:25Z,2026-08-17T10:43:25+0200,5f9ba03d-f545-4cd2-8996-d770f48fc74d,2026-07-31T03:30:00Z,2026-07-31T05:30:00+0200,287.166666,MW,DK2,DK_2,forecast_offshore_wind_generation,Wind Offshore,2026-08-17T08:52:17Z
2026-08-17T08:43:25Z,2026-08-17T10:43:25+0200,5f9ba03d-f545-4cd2-8996-d770f48fc74d,2026-07-31T03:45:00Z,2026-07-31T05:45:00+0200,276.666666,MW,DK2,DK_2,forecast_offshore_wind_generation,Wind Offshore,2026-08-17T08:52:17Z
2026-08-17T08:43:25Z,2026-08-17T10:43:25+0200,5f9ba03d-f545-4cd2-8996-d770f48fc74d,2026-07-31T04:00:00Z,2026-07-31T06:00:00+0200,268.166666,MW,DK2,DK_2,forecast_offshore_wind_generation,Wind Offshore,2026-08-17T08:52:17Z
2026-08-17T08:43:25Z,2026-08-17T10:43:25+0200,5f9ba03d-f545-4cd2-8996-d770f48fc74d,2026-07-31T04:15:00Z,2026-07-31T06:15:00+0200,263.0,MW,DK2,DK_2,forecast_offshore_wind_generation,Wind Offshore,2026-08-17T08:52:17Z
2026-08-17T08:43:25Z,2026-08-17T10:43:25+0200,5f9ba03d-f545-4cd2-8996-d770f48fc74d,2026-07-31T04:30:00Z,2026-07-31T06:30:00+0200,259.0,MW,DK2,DK_2,forecast_offshore_wind_generation,Wind Offshore,2026-08-17T08:52:17Z
2026-08-17T08:43:25Z,2026-08-17T10:43:25+0200,5f9ba03d-f545-4cd2-8996-d770f48fc74d,2026-07-31T04:45:00Z,2026-07-31T06:45:00+0200,255.833333,MW,DK2,DK_2,forecast_offshore_wind_generation,Wind Offshore,2026-08-17T08:52:17Z
2026-08-17T08:43:25Z,2026-08-17T10:43:25+0200,5f9ba03d-f545-4cd2-8996-d770f48fc74d,2026-07-31T05:00:00Z,2026-07-31T07:00:00+0200,249.0,MW,DK2,DK_2,forecast_offshore_wind_generation,Wind Offshore,2026-08-17T08:52:17Z
2026-08-17T08:43:25Z,2026-08-17T10:43:25+0200,5f9ba03d-f545-4cd2-8996-d770f48fc74d,2026-07-31T05:15:00Z,2026-07-31T07:15:00+0200,238.166666,MW,DK2,DK_2,forecast_offshore_wind_generation,Wind Offshore,2026-08-17T08:52:17Z
2026-08-17T08:43:25Z,2026-08-17T10:43:25+0200,5f9ba03d-f545-4cd2-8996-d770f48fc74d,2026-07-31T05:30:00Z,2026-07-31T07:30:00+0200,227.5,MW,DK2,DK_2,forecast_offshore_wind_generation,Wind Offshore,2026-08-17T08:52:17Z
2026-08-17T08:43:25Z,2026-08-17T10:43:25+0200,5f9ba03d-f545-4cd2-8996-d770f48fc74d,2026-07-31T05:45:00Z,2026-07-31T07:45:00+0200,217.5,MW,DK2,DK_2,forecast_offshore_wind_generation,Wind Offshore,2026-08-17T08:52:17Z
2026-08-17T08:43:25Z,2026-08-17T10:43:25+0200,5f9ba03d-f545-4cd2-8996-d770f48fc74d,2026-07-31T06:00:00Z,2026-07-31T08:00:00+0200,210.0,MW,DK2,DK_2,forecast_offshore_wind_generation,Wind Offshore,2026-08-17T08:52:17Z
2026-08-17T08:43:25Z,2026-08-17T10:43:25+0200,5f9ba03d-f545-4cd2-8996-d770f48fc74d,2026-07-31T06:15:00Z,2026-07-31T08:15:00+0200,205.0,MW,DK2,DK_2,forecast_offshore_wind_generation,Wind Offshore,2026-08-17T08:52:17Z
2026-08-17T08:43:25Z,2026-08-17T10:43:25+0200,5f9ba03d-f545-4cd2-8996-d770f48fc74d,2026-07-31T06:30:00Z,2026-07-31T08:30:00+0200,201.5,MW,DK2,DK_2,forecast_offshore_wind_generation,Wind Offshore,2026-08-17T08:52:17Z
2026-08-17T08:43:25Z,2026-08-17T10:43:25+0200,5f9ba03d-f545-4cd2-8996-d770f48fc74d,2026-07-31T06:45:00Z,2026-07-31T08:45:00+0200,197.833333,MW,DK2,DK_2,forecast_offshore_wind_generation,Wind Offshore,2026-08-17T08:52:17Z
2026-08-17T08:43:25Z,2026-08-17T10:43:25+0200,5f9ba03d-f545-4cd2-8996-d770f48fc74d,2026-07-31T07:00:00Z,2026-07-31T09:00:00+0200,189.0,MW,DK2,DK_2,forecast_offshore_wind_generation,Wind Offshore,2026-08-17T08:52:17Z
2026-08-17T08:43:25Z,2026-08-17T10:43:25+0200,5f9ba03d-f545-4cd2-8996-d770f48fc74d,2026-07-31T07:15:00Z,2026-07-31T09:15:00+0200,171.333333,MW,DK2,DK_2,forecast_offshore_wind_generation,Wind Offshore,2026-08-17T08:52:17Z
2026-08-17T08:43:25Z,2026-08-17T10:43:25+0200,5f9ba03d-f545-4cd2-8996-d770f48fc74d,2026-07-31T07:30:00Z,2026-07-31T09:30:00+0200,150.833333,MW,DK2,DK_2,forecast_offshore_wind_generation,Wind Offshore,2026-08-17T08:52:17Z
2026-08-17T08:43:25Z,2026-08-17T10:43:25+0200,5f9ba03d-f545-4cd2-8996-d770f48fc74d,2026-07-31T07:45:00Z,2026-07-31T09:45:00+0200,133.833333,MW,DK2,DK_2,forecast_offshore_wind_generation,Wind Offshore,2026-08-17T08:52:17Z
2026-08-17T08:43:25Z,2026-08-17T10:43:25+0200,5f9ba03d-f545-4cd2-8996-d770f48fc74d,2026-07-31T08:00:00Z,2026-07-31T10:00:00+0200,120.833333,MW,DK2,DK_2,forecast_offshore_wind_generation,Wind Offshore,2026-08-17T08:52:17Z
2026-08-17T08:43:25Z,2026-08-17T10:43:25+0200,5f9ba03d-f545-4cd2-8996-d770f48fc74d,2026-07-31T08:15:00Z,2026-07-31T10:15:00+0200,108.0,MW,DK2,DK_2,forecast_offshore_wind_generation,Wind Offshore,2026-08-17T08:52:17Z
2026-08-17T08:43:25Z,2026-08-17T10:43:25+0200,5f9ba03d-f545-4cd2-8996-d770f48fc74d,2026-07-31T08:30:00Z,2026-07-31T10:30:00+0200,94.666666,MW,DK2,DK_2,forecast_offshore_wind_generation,Wind Offshore,2026-08-17T08:52:17Z
2026-08-17T08:43:25Z,2026-08-17T10:43:25+0200,5f9ba03d-f545-4cd2-8996-d770f48fc74d,2026-07-31T08:45:00Z,2026-07-31T10:45:00+0200,83.5,MW,DK2,DK_2,forecast_offshore_wind_generation,Wind Offshore,2026-08-17T08:52:17Z
2026-08-17T08:43:25Z,2026-08-17T10:43:25+0200,5f9ba03d-f545-4cd2-8996-d770f48fc74d,2026-07-31T09:00:00Z,2026-07-31T11:00:00+0200,75.333333,MW,DK2,DK_2,forecast_offshore_wind_generation,Wind Offshore,2026-08-17T08:52:17Z
2026-08-17T08:43:25Z,2026-08-17T10:43:25+0200,5f9ba03d-f545-4cd2-8996-d770f48fc74d,2026-07-31T09:15:00Z,2026-07-31T11:15:00+0200,67.333333,MW,DK2,DK_2,forecast_offshore_wind_generation,Wind Offshore,2026-08-17T08:52:17Z
2026-08-17T08:43:25Z,2026-08-17T10:43:25+0200,5f9ba03d-f545-4cd2-8996-d770f48fc74d,2026-07-31T09:30:00Z,2026-07-31T11:30:00+0200,58.5,MW,DK2,DK_2,forecast_offshore_wind_generation,Wind Offshore,2026-08-17T08:52:17Z
2026-08-17T08:43:25Z,2026-08-17T10:43:25+0200,5f9ba03d-f545-4cd2-8996-d770f48fc74d,2026-07-31T09:45:00Z,2026-07-31T11:45:00+0200,50.0,MW,DK2,DK_2,forecast_offshore_wind_generation,Wind Offshore,2026-08-17T08:52:17Z
2026-08-17T08:43:25Z,2026-08-17T10:43:25+0200,5f9ba03d-f545-4cd2-8996-d770f48fc74d,2026-07-31T10:00:00Z,2026-07-31T12:00:00+0200,43.833333,MW,DK2,DK_2,forecast_offshore_wind_generation,Wind Offshore,2026-08-17T08:52:17Z
2026-08-17T08:43:25Z,2026-08-17T10:43:25+0200,5f9ba03d-f545-4cd2-8996-d770f48fc74d,2026-07-31T10:15:00Z,2026-07-31T12:15:00+0200,38.5,MW,DK2,DK_2,forecast_offshore_wind_generation,Wind Offshore,2026-08-17T08:52:17Z
2026-08-17T08:43:25Z,2026-08-17T10:43:25+0200,5f9ba03d-f545-4cd2-8996-d770f48fc74d,2026-07-31T10:30:00Z,2026-07-31T12:30:00+0200,34.0,MW,DK2,DK_2,forecast_offshore_wind_generation,Wind Offshore,2026-08-17T08:52:17Z
2026-08-17T08:43:25Z,2026-08-17T10:43:25+0200,5f9ba03d-f545-4cd2-8996-d770f48fc74d,2026-07-31T10:45:00Z,2026-07-31T12:45:00+0200,30.5,MW,DK2,DK_2,forecast_offshore_wind_generation,Wind Offshore,2026-08-17T08:52:17Z
2026-08-17T08:43:25Z,2026-08-17T10:43:25+0200,5f9ba03d-f545-4cd2-8996-d770f48fc74d,2026-07-31T11:00:00Z,2026-07-31T13:00:00+0200,26.666666,MW,DK2,DK_2,forecast_offshore_wind_generation,Wind Offshore,2026-08-17T08:52:17Z
2026-08-17T08:43:25Z,2026-08-17T10:43:25+0200,5f9ba03d-f545-4cd2-8996-d770f48fc74d,2026-07-31T11:15:00Z,2026-07-31T13:15:00+0200,23.5,MW,DK2,DK_2,forecast_offshore_wind_generation,Wind Offshore,2026-08-17T08:52:17Z
2026-08-17T08:43:25Z,2026-08-17T10:43:25+0200,5f9ba03d-f545-4cd2-8996-d770f48fc74d,2026-07-31T11:30:00Z,2026-07-31T13:30:00+0200,19.666666,MW,DK2,DK_2,forecast_offshore_wind_generation,Wind Offshore,2026-08-17T08:52:17Z
2026-08-17T08:43:25Z,2026-08-17T10:43:25+0200,5f9ba03d-f545-4cd2-8996-d770f48fc74d,2026-07-31T11:45:00Z,2026-07-31T13:45:00+0200,16.5,MW,DK2,DK_2,forecast_offshore_wind_generation,Wind Offshore,2026-08-17T08:52:17Z
2026-08-17T08:43:25Z,2026-08-17T10:43:25+0200,5f9ba03d-f545-4cd2-8996-d770f48fc74d,2026-07-31T12:00:00Z,2026-07-31T14:00:00+0200,13.5,MW,DK2,DK_2,forecast_offshore_wind_generation,Wind Offshore,2026-08-17T08:52:17Z
2026-08-17T08:43:25Z,2026-08-17T10:43:25+0200,5f9ba03d-f545-4cd2-8996-d770f48fc74d,2026-07-31T12:15:00Z,2026-07-31T14:15:00+0200,10.5,MW,DK2,DK_2,forecast_offshore_wind_generation,Wind Offshore,2026-08-17T08:52:17Z
2026-08-17T08:43:25Z,2026-08-17T10:43:25+0200,5f9ba03d-f545-4cd2-8996-d770f48fc74d,2026-07-31T12:30:00Z,2026-07-31T14:30:00+0200,8.5,MW,DK2,DK_2,forecast_offshore_wind_generation,Wind Offshore,2026-08-17T08:52:17Z
2026-08-17T08:43:25Z,2026-08-17T10:43:25+0200,5f9ba03d-f545-4cd2-8996-d770f48fc74d,2026-07-31T12:45:00Z,2026-07-31T14:45:00+0200,7.0,MW,DK2,DK_2,forecast_offshore_wind_generation,Wind Offshore,2026-08-17T08:52:17Z
2026-08-17T08:43:25Z,2026-08-17T10:43:25+0200,5f9ba03d-f545-4cd2-8996-d770f48fc74d,2026-07-31T13:00:00Z,2026-07-31T15:00:00+0200,6.0,MW,DK2,DK_2,forecast_offshore_wind_generation,Wind Offshore,2026-08-17T08:52:17Z
2026-08-17T08:43:25Z,2026-08-17T10:43:25+0200,5f9ba03d-f545-4cd2-8996-d770f48fc74d,2026-07-31T13:15:00Z,2026-07-31T15:15:00+0200,5.166666,MW,DK2,DK_2,forecast_offshore_wind_generation,Wind Offshore,2026-08-17T08:52:17Z
2026-08-17T08:43:25Z,2026-08-17T10:43:25+0200,5f9ba03d-f545-4cd2-8996-d770f48fc74d,2026-07-31T13:30:00Z,2026-07-31T15:30:00+0200,4.5,MW,DK2,DK_2,forecast_offshore_wind_generation,Wind Offshore,2026-08-17T08:52:17Z
2026-08-17T08:43:25Z,2026-08-17T10:43:25+0200,5f9ba03d-f545-4cd2-8996-d770f48fc74d,2026-07-31T13:45:00Z,2026-07-31T15:45:00+0200,4.0,MW,DK2,DK_2,forecast_offshore_wind_generation,Wind Offshore,2026-08-17T08:52:17Z
2026-08-17T08:43:25Z,2026-08-17T10:43:25+0200,5f9ba03d-f545-4cd2-8996-d770f48fc74d,2026-07-31T14:00:00Z,2026-07-31T16:00:00+0200,4.166666,MW,DK2,DK_2,forecast_offshore_wind_generation,Wind Offshore,2026-08-17T08:52:17Z
2026-08-17T08:43:25Z,2026-08-17T10:43:25+0200,5f9ba03d-f545-4cd2-8996-d770f48fc74d,2026-07-31T14:15:00Z,2026-07-31T16:15:00+0200,5.5,MW,DK2,DK_2,forecast_offshore_wind_generation,Wind Offshore,2026-08-17T08:52:17Z
2026-08-17T08:43:25Z,2026-08-17T10:43:25+0200,5f9ba03d-f545-4cd2-8996-d770f48fc74d,2026-07-31T14:30:00Z,2026-07-31T16:30:00+0200,7.333333,MW,DK2,DK_2,forecast_offshore_wind_generation,Wind Offshore,2026-08-17T08:52:17Z
2026-08-17T08:43:25Z,2026-08-17T10:43:25+0200,5f9ba03d-f545-4cd2-8996-d770f48fc74d,2026-07-31T14:45:00Z,2026-07-31T16:45:00+0200,9.5,MW,DK2,DK_2,forecast_offshore_wind_generation,Wind Offshore,2026-08-17T08:52:17Z
2026-08-17T08:43:25Z,2026-08-17T10:43:25+0200,5f9ba03d-f545-4cd2-8996-d770f48fc74d,2026-07-31T15:00:00Z,2026-07-31T17:00:00+0200,12.0,MW,DK2,DK_2,forecast_offshore_wind_generation,Wind Offshore,2026-08-17T08:52:17Z
2026-08-17T08:43:25Z,2026-08-17T10:43:25+0200,5f9ba03d-f545-4cd2-8996-d770f48fc74d,2026-07-31T15:15:00Z,2026-07-31T17:15:00+0200,14.5,MW,DK2,DK_2,forecast_offshore_wind_generation,Wind Offshore,2026-08-17T08:52:17Z
2026-08-17T08:43:25Z,2026-08-17T10:43:25+0200,5f9ba03d-f545-4cd2-8996-d770f48fc74d,2026-07-31T15:30:00Z,2026-07-31T17:30:00+0200,17.0,MW,DK2,DK_2,forecast_offshore_wind_generation,Wind Offshore,2026-08-17T08:52:17Z
2026-08-17T08:43:25Z,2026-08-17T10:43:25+0200,5f9ba03d-f545-4cd2-8996-d770f48fc74d,2026-07-31T15:45:00Z,2026-07-31T17:45:00+0200,19.5,MW,DK2,DK_2,forecast_offshore_wind_generation,Wind Offshore,2026-08-17T08:52:17Z
2026-08-17T08:43:25Z,2026-08-17T10:43:25+0200,5f9ba03d-f545-4cd2-8996-d770f48fc74d,2026-07-31T16:00:00Z,2026-07-31T18:00:00+0200,22.5,MW,DK2,DK_2,forecast_offshore_wind_generation,Wind Offshore,2026-08-17T08:52:17Z
2026-08-17T08:43:25Z,2026-08-17T10:43:25+0200,5f9ba03d-f545-4cd2-8996-d770f48fc74d,2026-07-31T16:15:00Z,2026-07-31T18:15:00+0200,24.666666,MW,DK2,DK_2,forecast_offshore_wind_generation,Wind Offshore,2026-08-17T08:52:17Z
2026-08-17T08:43:25Z,2026-08-17T10:43:25+0200,5f9ba03d-f545-4cd2-8996-d770f48fc74d,2026-07-31T16:30:00Z,2026-07-31T18:30:00+0200,27.833333,MW,DK2,DK_2,forecast_offshore_wind_generation,Wind Offshore,2026-08-17T08:52:17Z
2026-08-17T08:43:25Z,2026-08-17T10:43:25+0200,5f9ba03d-f545-4cd2-8996-d770f48fc74d,2026-07-31T16:45:00Z,2026-07-31T18:45:00+0200,34.0,MW,DK2,DK_2,forecast_offshore_wind_generation,Wind Offshore,2026-08-17T08:52:17Z
2026-08-17T08:43:25Z,2026-08-17T10:43:25+0200,5f9ba03d-f545-4cd2-8996-d770f48fc74d,2026-07-31T17:00:00Z,2026-07-31T19:00:00+0200,39.333333,MW,DK2,DK_2,forecast_offshore_wind_generation,Wind Offshore,2026-08-17T08:52:17Z
2026-08-17T08:43:25Z,2026-08-17T10:43:25+0200,5f9ba03d-f545-4cd2-8996-d770f48fc74d,2026-07-31T17:15:00Z,2026-07-31T19:15:00+0200,46.666666,MW,DK2,DK_2,forecast_offshore_wind_generation,Wind Offshore,2026-08-17T08:52:17Z
2026-08-17T08:43:25Z,2026-08-17T10:43:25+0200,5f9ba03d-f545-4cd2-8996-d770f48fc74d,2026-07-31T17:30:00Z,2026-07-31T19:30:00+0200,56.333333,MW,DK2,DK_2,forecast_offshore_wind_generation,Wind Offshore,2026-08-17T08:52:17Z
2026-08-17T08:43:25Z,2026-08-17T10:43:25+0200,5f9ba03d-f545-4cd2-8996-d770f48fc74d,2026-07-31T17:45:00Z,2026-07-31T19:45:00+0200,64.833333,MW,DK2,DK_2,forecast_offshore_wind_generation,Wind Offshore,2026-08-17T08:52:17Z
2026-08-17T08:43:25Z,2026-08-17T10:43:25+0200,5f9ba03d-f545-4cd2-8996-d770f48fc74d,2026-07-31T18:00:00Z,2026-07-31T20:00:00+0200,71.166666,MW,DK2,DK_2,forecast_offshore_wind_generation,Wind Offshore,2026-08-17T08:52:17Z
2026-08-17T08:43:25Z,2026-08-17T10:43:25+0200,5f9ba03d-f545-4cd2-8996-d770f48fc74d,2026-07-31T18:15:00Z,2026-07-31T20:15:00+0200,79.5,MW,DK2,DK_2,forecast_offshore_wind_generation,Wind Offshore,2026-08-17T08:52:17Z
2026-08-17T08:43:25Z,2026-08-17T10:43:25+0200,5f9ba03d-f545-4cd2-8996-d770f48fc74d,2026-07-31T18:30:00Z,2026-07-31T20:30:00+0200,89.0,MW,DK2,DK_2,forecast_offshore_wind_generation,Wind Offshore,2026-08-17T08:52:17Z
2026-08-17T08:43:25Z,2026-08-17T10:43:25+0200,5f9ba03d-f545-4cd2-8996-d770f48fc74d,2026-07-31T18:45:00Z,2026-07-31T20:45:00+0200,98.333333,MW,DK2,DK_2,forecast_offshore_wind_generation,Wind Offshore,2026-08-17T08:52:17Z
2026-08-17T08:43:25Z,2026-08-17T10:43:25+0200,5f9ba03d-f545-4cd2-8996-d770f48fc74d,2026-07-31T19:00:00Z,2026-07-31T21:00:00+0200,103.666666,MW,DK2,DK_2,forecast_offshore_wind_generation,Wind Offshore,2026-08-17T08:52:17Z
2026-08-17T08:43:25Z,2026-08-17T10:43:25+0200,5f9ba03d-f545-4cd2-8996-d770f48fc74d,2026-07-31T19:15:00Z,2026-07-31T21:15:00+0200,109.0,MW,DK2,DK_2,forecast_offshore_wind_generation,Wind Offshore,2026-08-17T08:52:17Z
2026-08-17T08:43:25Z,2026-08-17T10:43:25+0200,5f9ba03d-f545-4cd2-8996-d770f48fc74d,2026-07-31T19:30:00Z,2026-07-31T21:30:00+0200,115.0,MW,DK2,DK_2,forecast_offshore_wind_generation,Wind Offshore,2026-08-17T08:52:17Z
2026-08-17T08:43:25Z,2026-08-17T10:43:25+0200,5f9ba03d-f545-4cd2-8996-d770f48fc74d,2026-07-31T19:45:00Z,2026-07-31T21:45:00+0200,120.333333,MW,DK2,DK_2,forecast_offshore_wind_generation,Wind Offshore,2026-08-17T08:52:17Z
2026-08-17T08:43:25Z,2026-08-17T10:43:25+0200,5f9ba03d-f545-4cd2-8996-d770f48fc74d,2026-07-31T20:00:00Z,2026-07-31T22:00:00+0200,124.5,MW,DK2,DK_2,forecast_offshore_wind_generation,Wind Offshore,2026-08-17T08:52:17Z
2026-08-17T08:43:25Z,2026-08-17T10:43:25+0200,5f9ba03d-f545-4cd2-8996-d770f48fc74d,2026-07-31T20:15:00Z,2026-07-31T22:15:00+0200,130.5,MW,DK2,DK_2,forecast_offshore_wind_generation,Wind Offshore,2026-08-17T08:52:17Z
2026-08-17T08:43:25Z,2026-08-17T10:43:25+0200,5f9ba03d-f545-4cd2-8996-d770f48fc74d,2026-07-31T20:30:00Z,2026-07-31T22:30:00+0200,138.0,MW,DK2,DK_2,forecast_offshore_wind_generation,Wind Offshore,2026-08-17T08:52:17Z
2026-08-17T08:43:25Z,2026-08-17T10:43:25+0200,5f9ba03d-f545-4cd2-8996-d770f48fc74d,2026-07-31T20:45:00Z,2026-07-31T22:45:00+0200,146.0,MW,DK2,DK_2,forecast_offshore_wind_generation,Wind Offshore,2026-08-17T08:52:17Z
2026-08-17T08:43:25Z,2026-08-17T10:43:25+0200,5f9ba03d-f545-4cd2-8996-d770f48fc74d,2026-07-31T21:00:00Z,2026-07-31T23:00:00+0200,153.666666,MW,DK2,DK_2,forecast_offshore_wind_generation,Wind Offshore,2026-08-17T08:52:17Z
2026-08-17T08:43:25Z,2026-08-17T10:43:25+0200,5f9ba03d-f545-4cd2-8996-d770f48fc74d,2026-07-31T21:15:00Z,2026-07-31T23:15:00+0200,163.333333,MW,DK2,DK_2,forecast_offshore_wind_generation,Wind Offshore,2026-08-17T08:52:17Z
2026-08-17T08:43:25Z,2026-08-17T10:43:25+0200,5f9ba03d-f545-4cd2-8996-d770f48fc74d,2026-07-31T21:30:00Z,2026-07-31T23:30:00+0200,173.0,MW,DK2,DK_2,forecast_offshore_wind_generation,Wind Offshore,2026-08-17T08:52:17Z
2026-08-17T08:43:25Z,2026-08-17T10:43:25+0200,5f9ba03d-f545-4cd2-8996-d770f48fc74d,2026-07-31T21:45:00Z,2026-07-31T23:45:00+0200,181.666666,MW,DK2,DK_2,forecast_offshore_wind_generation,Wind Offshore,2026-08-17T08:52:17Z
2026-08-17T08:43:25Z,2026-08-17T10:43:25+0200,5f9ba03d-f545-4cd2-8996-d770f48fc74d,2026-07-31T22:00:00Z,2026-08-01T00:00:00+0200,97.666666,MW,DK2,DK_2,forecast_offshore_wind_generation,Wind Offshore,2026-08-17T08:52:17Z
2026-08-17T08:43:25Z,2026-08-17T10:43:25+0200,5f9ba03d-f545-4cd2-8996-d770f48fc74d,2026-07-31T22:15:00Z,2026-08-01T00:15:00+0200,90.166666,MW,DK2,DK_2,forecast_offshore_wind_generation,Wind Offshore,2026-08-17T08:52:17Z
2026-08-17T08:43:25Z,2026-08-17T10:43:25+0200,5f9ba03d-f545-4cd2-8996-d770f48fc74d,2026-07-31T22:30:00Z,2026-08-01T00:30:00+0200,83.166666,MW,DK2,DK_2,forecast_offshore_wind_generation,Wind Offshore,2026-08-17T08:52:17Z
2026-08-17T08:43:25Z,2026-08-17T10:43:25+0200,5f9ba03d-f545-4cd2-8996-d770f48fc74d,2026-07-31T22:45:00Z,2026-08-01T00:45:00+0200,81.166666,MW,DK2,DK_2,forecast_offshore_wind_generation,Wind Offshore,2026-08-17T08:52:17Z
2026-08-17T08:43:25Z,2026-08-17T10:43:25+0200,5f9ba03d-f545-4cd2-8996-d770f48fc74d,2026-07-31T23:00:00Z,2026-08-01T01:00:00+0200,86.666666,MW,DK2,DK_2,forecast_offshore_wind_generation,Wind Offshore,2026-08-17T08:52:17Z
2026-08-17T08:43:25Z,2026-08-17T10:43:25+0200,5f9ba03d-f545-4cd2-8996-d770f48fc74d,2026-07-31T23:15:00Z,2026-08-01T01:15:00+0200,98.5,MW,DK2,DK_2,forecast_offshore_wind_generation,Wind Offshore,2026-08-17T08:52:17Z
2026-08-17T08:43:25Z,2026-08-17T10:43:25+0200,5f9ba03d-f545-4cd2-8996-d770f48fc74d,2026-07-31T23:30:00Z,2026-08-01T01:30:00+0200,111.833333,MW,DK2,DK_2,forecast_offshore_wind_generation,Wind Offshore,2026-08-17T08:52:17Z
2026-08-17T08:43:25Z,2026-08-17T10:43:25+0200,5f9ba03d-f545-4cd2-8996-d770f48fc74d,2026-07-31T23:45:00Z,2026-08-01T01:45:00+0200,123.0,MW,DK2,DK_2,forecast_offshore_wind_generation,Wind Offshore,2026-08-17T08:52:17Z
2026-08-17T08:43:25Z,2026-08-17T10:43:25+0200,5f9ba03d-f545-4cd2-8996-d770f48fc74d,2026-08-01T00:00:00Z,2026-08-01T02:00:00+0200,126.666666,MW,DK2,DK_2,forecast_offshore_wind_generation,Wind Offshore,2026-08-17T08:52:17Z
2026-08-17T08:43:25Z,2026-08-17T10:43:25+0200,5f9ba03d-f545-4cd2-8996-d770f48fc74d,2026-08-01T00:15:00Z,2026-08-01T02:15:00+0200,128.666666,MW,DK2,DK_2,forecast_offshore_wind_generation,Wind Offshore,2026-08-17T08:52:17Z
2026-08-17T08:43:25Z,2026-08-17T10:43:25+0200,5f9ba03d-f545-4cd2-8996-d770f48fc74d,2026-08-01T00:30:00Z,2026-08-01T02:30:00+0200,132.0,MW,DK2,DK_2,forecast_offshore_wind_generation,Wind Offshore,2026-08-17T08:52:17Z
2026-08-17T08:43:25Z,2026-08-17T10:43:25+0200,5f9ba03d-f545-4cd2-8996-d770f48fc74d,2026-08-01T00:45:00Z,2026-08-01T02:45:00+0200,134.5,MW,DK2,DK_2,forecast_offshore_wind_generation,Wind Offshore,2026-08-17T08:52:17Z
2026-08-17T08:43:25Z,2026-08-17T10:43:25+0200,5f9ba03d-f545-4cd2-8996-d770f48fc74d,2026-08-01T01:00:00Z,2026-08-01T03:00:00+0200,135.0,MW,DK2,DK_2,forecast_offshore_wind_generation,Wind Offshore,2026-08-17T08:52:17Z
2026-08-17T08:43:25Z,2026-08-17T10:43:25+0200,5f9ba03d-f545-4cd2-8996-d770f48fc74d,2026-08-01T01:15:00Z,2026-08-01T03:15:00+0200,135.666666,MW,DK2,DK_2,forecast_offshore_wind_generation,Wind Offshore,2026-08-17T08:52:17Z
2026-08-17T08:43:25Z,2026-08-17T10:43:25+0200,5f9ba03d-f545-4cd2-8996-d770f48fc74d,2026-08-01T01:30:00Z,2026-08-01T03:30:00+0200,138.5,MW,DK2,DK_2,forecast_offshore_wind_generation,Wind Offshore,2026-08-17T08:52:17Z
2026-08-17T08:43:25Z,2026-08-17T10:43:25+0200,5f9ba03d-f545-4cd2-8996-d770f48fc74d,2026-08-01T01:45:00Z,2026-08-01T03:45:00+0200,142.0,MW,DK2,DK_2,forecast_offshore_wind_generation,Wind Offshore,2026-08-17T08:52:17Z
2026-08-17T08:43:25Z,2026-08-17T10:43:25+0200,5f9ba03d-f545-4cd2-8996-d770f48fc74d,2026-08-01T02:00:00Z,2026-08-01T04:00:00+0200,147.0,MW,DK2,DK_2,forecast_offshore_wind_generation,Wind Offshore,2026-08-17T08:52:17Z
2026-08-17T08:43:25Z,2026-08-17T10:43:25+0200,5f9ba03d-f545-4cd2-8996-d770f48fc74d,2026-08-01T02:15:00Z,2026-08-01T04:15:00+0200,154.5,MW,DK2,DK_2,forecast_offshore_wind_generation,Wind Offshore,2026-08-17T08:52:17Z
2026-08-17T08:43:25Z,2026-08-17T10:43:25+0200,5f9ba03d-f545-4cd2-8996-d770f48fc74d,2026-08-01T02:30:00Z,2026-08-01T04:30:00+0200,163.666666,MW,DK2,DK_2,forecast_offshore_wind_generation,Wind Offshore,2026-08-17T08:52:17Z
2026-08-17T08:43:25Z,2026-08-17T10:43:25+0200,5f9ba03d-f545-4cd2-8996-d770f48fc74d,2026-08-01T02:45:00Z,2026-08-01T04:45:00+0200,170.166666,MW,DK2,DK_2,forecast_offshore_wind_generation,Wind Offshore,2026-08-17T08:52:17Z
2026-08-17T08:43:25Z,2026-08-17T10:43:25+0200,5f9ba03d-f545-4cd2-8996-d770f48fc74d,2026-08-01T03:00:00Z,2026-08-01T05:00:00+0200,173.0,MW,DK2,DK_2,forecast_offshore_wind_generation,Wind Offshore,2026-08-17T08:52:17Z
2026-08-17T08:43:25Z,2026-08-17T10:43:25+0200,5f9ba03d-f545-4cd2-8996-d770f48fc74d,2026-08-01T03:15:00Z,2026-08-01T05:15:00+0200,174.0,MW,DK2,DK_2,forecast_offshore_wind_generation,Wind Offshore,2026-08-17T08:52:17Z
2026-08-17T08:43:25Z,2026-08-17T10:43:25+0200,5f9ba03d-f545-4cd2-8996-d770f48fc74d,2026-08-01T03:30:00Z,2026-08-01T05:30:00+0200,173.5,MW,DK2,DK_2,forecast_offshore_wind_generation,Wind Offshore,2026-08-17T08:52:17Z
2026-08-17T08:43:25Z,2026-08-17T10:43:25+0200,5f9ba03d-f545-4cd2-8996-d770f48fc74d,2026-08-01T03:45:00Z,2026-08-01T05:45:00+0200,173.0,MW,DK2,DK_2,forecast_offshore_wind_generation,Wind Offshore,2026-08-17T08:52:17Z
2026-08-17T08:43:25Z,2026-08-17T10:43:25+0200,5f9ba03d-f545-4cd2-8996-d770f48fc74d,2026-08-01T04:00:00Z,2026-08-01T06:00:00+0200,173.833333,MW,DK2,DK_2,forecast_offshore_wind_generation,Wind Offshore,2026-08-17T08:52:17Z
2026-08-17T08:43:25Z,2026-08-17T10:43:25+0200,5f9ba03d-f545-4cd2-8996-d770f48fc74d,2026-08-01T04:15:00Z,2026-08-01T06:15:00+0200,174.5,MW,DK2,DK_2,forecast_offshore_wind_generation,Wind Offshore,2026-08-17T08:52:17Z
2026-08-17T08:43:25Z,2026-08-17T10:43:25+0200,5f9ba03d-f545-4cd2-8996-d770f48fc74d,2026-08-01T04:30:00Z,2026-08-01T06:30:00+0200,175.833333,MW,DK2,DK_2,forecast_offshore_wind_generation,Wind Offshore,2026-08-17T08:52:17Z
2026-08-17T08:43:25Z,2026-08-17T10:43:25+0200,5f9ba03d-f545-4cd2-8996-d770f48fc74d,2026-08-01T04:45:00Z,2026-08-01T06:45:00+0200,176.833333,MW,DK2,DK_2,forecast_offshore_wind_generation,Wind Offshore,2026-08-17T08:52:17Z
2026-08-17T08:43:25Z,2026-08-17T10:43:25+0200,5f9ba03d-f545-4cd2-8996-d770f48fc74d,2026-08-01T05:00:00Z,2026-08-01T07:00:00+0200,177.666666,MW,DK2,DK_2,forecast_offshore_wind_generation,Wind Offshore,2026-08-17T08:52:17Z
2026-08-17T08:43:25Z,2026-08-17T10:43:25+0200,5f9ba03d-f545-4cd2-8996-d770f48fc74d,2026-08-01T05:15:00Z,2026-08-01T07:15:00+0200,180.0,MW,DK2,DK_2,forecast_offshore_wind_generation,Wind Offshore,2026-08-17T08:52:17Z
2026-08-17T08:43:25Z,2026-08-17T10:43:25+0200,5f9ba03d-f545-4cd2-8996-d770f48fc74d,2026-08-01T05:30:00Z,2026-08-01T07:30:00+0200,183.0,MW,DK2,DK_2,forecast_offshore_wind_generation,Wind Offshore,2026-08-17T08:52:17Z
2026-08-17T08:43:25Z,2026-08-17T10:43:25+0200,5f9ba03d-f545-4cd2-8996-d770f48fc74d,2026-08-01T05:45:00Z,2026-08-01T07:45:00+0200,186.5,MW,DK2,DK_2,forecast_offshore_wind_generation,Wind Offshore,2026-08-17T08:52:17Z
2026-08-17T08:43:25Z,2026-08-17T10:43:25+0200,5f9ba03d-f545-4cd2-8996-d770f48fc74d,2026-08-01T06:00:00Z,2026-08-01T08:00:00+0200,189.5,MW,DK2,DK_2,forecast_offshore_wind_generation,Wind Offshore,2026-08-17T08:52:17Z
2026-08-17T08:43:25Z,2026-08-17T10:43:25+0200,5f9ba03d-f545-4cd2-8996-d770f48fc74d,2026-08-01T06:15:00Z,2026-08-01T08:15:00+0200,192.666666,MW,DK2,DK_2,forecast_offshore_wind_generation,Wind Offshore,2026-08-17T08:52:17Z
2026-08-17T08:43:25Z,2026-08-17T10:43:25+0200,5f9ba03d-f545-4cd2-8996-d770f48fc74d,2026-08-01T06:30:00Z,2026-08-01T08:30:00+0200,197.333333,MW,DK2,DK_2,forecast_offshore_wind_generation,Wind Offshore,2026-08-17T08:52:17Z
2026-08-17T08:43:25Z,2026-08-17T10:43:25+0200,5f9ba03d-f545-4cd2-8996-d770f48fc74d,2026-08-01T06:45:00Z,2026-08-01T08:45:00+0200,200.333333,MW,DK2,DK_2,forecast_offshore_wind_generation,Wind Offshore,2026-08-17T08:52:17Z
2026-08-17T08:43:25Z,2026-08-17T10:43:25+0200,5f9ba03d-f545-4cd2-8996-d770f48fc74d,2026-08-01T07:00:00Z,2026-08-01T09:00:00+0200,200.833333,MW,DK2,DK_2,forecast_offshore_wind_generation,Wind Offshore,2026-08-17T08:52:17Z
2026-08-17T08:43:25Z,2026-08-17T10:43:25+0200,5f9ba03d-f545-4cd2-8996-d770f48fc74d,2026-08-01T07:15:00Z,2026-08-01T09:15:00+0200,199.5,MW,DK2,DK_2,forecast_offshore_wind_generation,Wind Offshore,2026-08-17T08:52:17Z
2026-08-17T08:43:25Z,2026-08-17T10:43:25+0200,5f9ba03d-f545-4cd2-8996-d770f48fc74d,2026-08-01T07:30:00Z,2026-08-01T09:30:00+0200,198.166666,MW,DK2,DK_2,forecast_offshore_wind_generation,Wind Offshore,2026-08-17T08:52:17Z
2026-08-17T08:43:25Z,2026-08-17T10:43:25+0200,5f9ba03d-f545-4cd2-8996-d770f48fc74d,2026-08-01T07:45:00Z,2026-08-01T09:45:00+0200,197.0,MW,DK2,DK_2,forecast_offshore_wind_generation,Wind Offshore,2026-08-17T08:52:17Z
2026-08-17T08:43:25Z,2026-08-17T10:43:25+0200,5f9ba03d-f545-4cd2-8996-d770f48fc74d,2026-08-01T08:00:00Z,2026-08-01T10:00:00+0200,196.5,MW,DK2,DK_2,forecast_offshore_wind_generation,Wind Offshore,2026-08-17T08:52:17Z
2026-08-17T08:43:25Z,2026-08-17T10:43:25+0200,5f9ba03d-f545-4cd2-8996-d770f48fc74d,2026-08-01T08:15:00Z,2026-08-01T10:15:00+0200,198.5,MW,DK2,DK_2,forecast_offshore_wind_generation,Wind Offshore,2026-08-17T08:52:17Z
2026-08-17T08:43:25Z,2026-08-17T10:43:25+0200,5f9ba03d-f545-4cd2-8996-d770f48fc74d,2026-08-01T08:30:00Z,2026-08-01T10:30:00+0200,202.0,MW,DK2,DK_2,forecast_offshore_wind_generation,Wind Offshore,2026-08-17T08:52:17Z
2026-08-17T08:43:25Z,2026-08-17T10:43:25+0200,5f9ba03d-f545-4cd2-8996-d770f48fc74d,2026-08-01T08:45:00Z,2026-08-01T10:45:00+0200,203.833333,MW,DK2,DK_2,forecast_offshore_wind_generation,Wind Offshore,2026-08-17T08:52:17Z
2026-08-17T08:43:25Z,2026-08-17T10:43:25+0200,5f9ba03d-f545-4cd2-8996-d770f48fc74d,2026-08-01T09:00:00Z,2026-08-01T11:00:00+0200,200.0,MW,DK2,DK_2,forecast_offshore_wind_generation,Wind Offshore,2026-08-17T08:52:17Z
2026-08-17T08:43:25Z,2026-08-17T10:43:25+0200,5f9ba03d-f545-4cd2-8996-d770f48fc74d,2026-08-01T09:15:00Z,2026-08-01T11:15:00+0200,193.166666,MW,DK2,DK_2,forecast_offshore_wind_generation,Wind Offshore,2026-08-17T08:52:17Z
2026-08-17T08:43:25Z,2026-08-17T10:43:25+0200,5f9ba03d-f545-4cd2-8996-d770f48fc74d,2026-08-01T09:30:00Z,2026-08-01T11:30:00+0200,187.0,MW,DK2,DK_2,forecast_offshore_wind_generation,Wind Offshore,2026-08-17T08:52:17Z
2026-08-17T08:43:25Z,2026-08-17T10:43:25+0200,5f9ba03d-f545-4cd2-8996-d770f48fc74d,2026-08-01T09:45:00Z,2026-08-01T11:45:00+0200,181.5,MW,DK2,DK_2,forecast_offshore_wind_generation,Wind Offshore,2026-08-17T08:52:17Z
2026-08-17T08:43:25Z,2026-08-17T10:43:25+0200,5f9ba03d-f545-4cd2-8996-d770f48fc74d,2026-08-01T10:00:00Z,2026-08-01T12:00:00+0200,177.0,MW,DK2,DK_2,forecast_offshore_wind_generation,Wind Offshore,2026-08-17T08:52:17Z
2026-08-17T08:43:25Z,2026-08-17T10:43:25+0200,5f9ba03d-f545-4cd2-8996-d770f48fc74d,2026-08-01T10:15:00Z,2026-08-01T12:15:00+0200,172.666666,MW,DK2,DK_2,forecast_offshore_wind_generation,Wind Offshore,2026-08-17T08:52:17Z
2026-08-17T08:43:25Z,2026-08-17T10:43:25+0200,5f9ba03d-f545-4cd2-8996-d770f48fc74d,2026-08-01T10:30:00Z,2026-08-01T12:30:00+0200,169.333333,MW,DK2,DK_2,forecast_offshore_wind_generation,Wind Offshore,2026-08-17T08:52:17Z
2026-08-17T08:43:25Z,2026-08-17T10:43:25+0200,5f9ba03d-f545-4cd2-8996-d770f48fc74d,2026-08-01T10:45:00Z,2026-08-01T12:45:00+0200,166.0,MW,DK2,DK_2,forecast_offshore_wind_generation,Wind Offshore,2026-08-17T08:52:17Z
2026-08-17T08:43:25Z,2026-08-17T10:43:25+0200,5f9ba03d-f545-4cd2-8996-d770f48fc74d,2026-08-01T11:00:00Z,2026-08-01T13:00:00+0200,164.166666,MW,DK2,DK_2,forecast_offshore_wind_generation,Wind Offshore,2026-08-17T08:52:17Z
2026-08-17T08:43:25Z,2026-08-17T10:43:25+0200,5f9ba03d-f545-4cd2-8996-d770f48fc74d,2026-08-01T11:15:00Z,2026-08-01T13:15:00+0200,164.5,MW,DK2,DK_2,forecast_offshore_wind_generation,Wind Offshore,2026-08-17T08:52:17Z
2026-08-17T08:43:25Z,2026-08-17T10:43:25+0200,5f9ba03d-f545-4cd2-8996-d770f48fc74d,2026-08-01T11:30:00Z,2026-08-01T13:30:00+0200,165.5,MW,DK2,DK_2,forecast_offshore_wind_generation,Wind Offshore,2026-08-17T08:52:17Z
2026-08-17T08:43:25Z,2026-08-17T10:43:25+0200,5f9ba03d-f545-4cd2-8996-d770f48fc74d,2026-08-01T11:45:00Z,2026-08-01T13:45:00+0200,166.0,MW,DK2,DK_2,forecast_offshore_wind_generation,Wind Offshore,2026-08-17T08:52:17Z
2026-08-17T08:43:25Z,2026-08-17T10:43:25+0200,5f9ba03d-f545-4cd2-8996-d770f48fc74d,2026-08-01T12:00:00Z,2026-08-01T14:00:00+0200,164.666666,MW,DK2,DK_2,forecast_offshore_wind_generation,Wind Offshore,2026-08-17T08:52:17Z
2026-08-17T08:43:25Z,2026-08-17T10:43:25+0200,5f9ba03d-f545-4cd2-8996-d770f48fc74d,2026-08-01T12:15:00Z,2026-08-01T14:15:00+0200,162.5,MW,DK2,DK_2,forecast_offshore_wind_generation,Wind Offshore,2026-08-17T08:52:17Z
2026-08-17T08:43:25Z,2026-08-17T10:43:25+0200,5f9ba03d-f545-4cd2-8996-d770f48fc74d,2026-08-01T12:30:00Z,2026-08-01T14:30:00+0200,160.0,MW,DK2,DK_2,forecast_offshore_wind_generation,Wind Offshore,2026-08-17T08:52:17Z
2026-08-17T08:43:25Z,2026-08-17T10:43:25+0200,5f9ba03d-f545-4cd2-8996-d770f48fc74d,2026-08-01T12:45:00Z,2026-08-01T14:45:00+0200,159.0,MW,DK2,DK_2,forecast_offshore_wind_generation,Wind Offshore,2026-08-17T08:52:17Z
2026-08-17T08:43:25Z,2026-08-17T10:43:25+0200,5f9ba03d-f545-4cd2-8996-d770f48fc74d,2026-08-01T13:00:00Z,2026-08-01T15:00:00+0200,158.5,MW,DK2,DK_2,forecast_offshore_wind_generation,Wind Offshore,2026-08-17T08:52:17Z
2026-08-17T08:43:25Z,2026-08-17T10:43:25+0200,5f9ba03d-f545-4cd2-8996-d770f48fc74d,2026-08-01T13:15:00Z,2026-08-01T15:15:00+0200,159.0,MW,DK2,DK_2,forecast_offshore_wind_generation,Wind Offshore,2026-08-17T08:52:17Z
2026-08-17T08:43:25Z,2026-08-17T10:43:25+0200,5f9ba03d-f545-4cd2-8996-d770f48fc74d,2026-08-01T13:30:00Z,2026-08-01T15:30:00+0200,160.833333,MW,DK2,DK_2,forecast_offshore_wind_generation,Wind Offshore,2026-08-17T08:52:17Z
2026-08-17T08:43:25Z,2026-08-17T10:43:25+0200,5f9ba03d-f545-4cd2-8996-d770f48fc74d,2026-08-01T13:45:00Z,2026-08-01T15:45:00+0200,164.5,MW,DK2,DK_2,forecast_offshore_wind_generation,Wind Offshore,2026-08-17T08:52:17Z
2026-08-17T08:43:25Z,2026-08-17T10:43:25+0200,5f9ba03d-f545-4cd2-8996-d770f48fc74d,2026-08-01T14:00:00Z,2026-08-01T16:00:00+0200,169.0,MW,DK2,DK_2,forecast_offshore_wind_generation,Wind Offshore,2026-08-17T08:52:17Z
2026-08-17T08:43:25Z,2026-08-17T10:43:25+0200,5f9ba03d-f545-4cd2-8996-d770f48fc74d,2026-08-01T14:15:00Z,2026-08-01T16:15:00+0200,175.5,MW,DK2,DK_2,forecast_offshore_wind_generation,Wind Offshore,2026-08-17T08:52:17Z
2026-08-17T08:43:25Z,2026-08-17T10:43:25+0200,5f9ba03d-f545-4cd2-8996-d770f48fc74d,2026-08-01T14:30:00Z,2026-08-01T16:30:00+0200,182.5,MW,DK2,DK_2,forecast_offshore_wind_generation,Wind Offshore,2026-08-17T08:52:17Z
2026-08-17T08:43:25Z,2026-08-17T10:43:25+0200,5f9ba03d-f545-4cd2-8996-d770f48fc74d,2026-08-01T14:45:00Z,2026-08-01T16:45:00+0200,187.833333,MW,DK2,DK_2,forecast_offshore_wind_generation,Wind Offshore,2026-08-17T08:52:17Z
2026-08-17T08:43:25Z,2026-08-17T10:43:25+0200,5f9ba03d-f545-4cd2-8996-d770f48fc74d,2026-08-01T15:00:00Z,2026-08-01T17:00:00+0200,190.833333,MW,DK2,DK_2,forecast_offshore_wind_generation,Wind Offshore,2026-08-17T08:52:17Z
2026-08-17T08:43:25Z,2026-08-17T10:43:25+0200,5f9ba03d-f545-4cd2-8996-d770f48fc74d,2026-08-01T15:15:00Z,2026-08-01T17:15:00+0200,198.5,MW,DK2,DK_2,forecast_offshore_wind_generation,Wind Offshore,2026-08-17T08:52:17Z
2026-08-17T08:43:25Z,2026-08-17T10:43:25+0200,5f9ba03d-f545-4cd2-8996-d770f48fc74d,2026-08-01T15:30:00Z,2026-08-01T17:30:00+0200,206.666666,MW,DK2,DK_2,forecast_offshore_wind_generation,Wind Offshore,2026-08-17T08:52:17Z
2026-08-17T08:43:25Z,2026-08-17T10:43:25+0200,5f9ba03d-f545-4cd2-8996-d770f48fc74d,2026-08-01T15:45:00Z,2026-08-01T17:45:00+0200,213.833333,MW,DK2,DK_2,forecast_offshore_wind_generation,Wind Offshore,2026-08-17T08:52:17Z
2026-08-17T08:43:25Z,2026-08-17T10:43:25+0200,5f9ba03d-f545-4cd2-8996-d770f48fc74d,2026-08-01T16:00:00Z,2026-08-01T18:00:00+0200,217.5,MW,DK2,DK_2,forecast_offshore_wind_generation,Wind Offshore,2026-08-17T08:52:17Z
2026-08-17T08:43:25Z,2026-08-17T10:43:25+0200,5f9ba03d-f545-4cd2-8996-d770f48fc74d,2026-08-01T16:15:00Z,2026-08-01T18:15:00+0200,221.5,MW,DK2,DK_2,forecast_offshore_wind_generation,Wind Offshore,2026-08-17T08:52:17Z
2026-08-17T08:43:25Z,2026-08-17T10:43:25+0200,5f9ba03d-f545-4cd2-8996-d770f48fc74d,2026-08-01T16:30:00Z,2026-08-01T18:30:00+0200,228.0,MW,DK2,DK_2,forecast_offshore_wind_generation,Wind Offshore,2026-08-17T08:52:17Z
2026-08-17T08:43:25Z,2026-08-17T10:43:25+0200,5f9ba03d-f545-4cd2-8996-d770f48fc74d,2026-08-01T16:45:00Z,2026-08-01T18:45:00+0200,234.333333,MW,DK2,DK_2,forecast_offshore_wind_generation,Wind Offshore,2026-08-17T08:52:17Z
2026-08-17T08:43:25Z,2026-08-17T10:43:25+0200,5f9ba03d-f545-4cd2-8996-d770f48fc74d,2026-08-01T17:00:00Z,2026-08-01T19:00:00+0200,236.666666,MW,DK2,DK_2,forecast_offshore_wind_generation,Wind Offshore,2026-08-17T08:52:17Z
2026-08-17T08:43:25Z,2026-08-17T10:43:25+0200,5f9ba03d-f545-4cd2-8996-d770f48fc74d,2026-08-01T17:15:00Z,2026-08-01T19:15:00+0200,238.666666,MW,DK2,DK_2,forecast_offshore_wind_generation,Wind Offshore,2026-08-17T08:52:17Z
2026-08-17T08:43:25Z,2026-08-17T10:43:25+0200,5f9ba03d-f545-4cd2-8996-d770f48fc74d,2026-08-01T17:30:00Z,2026-08-01T19:30:00+0200,241.0,MW,DK2,DK_2,forecast_offshore_wind_generation,Wind Offshore,2026-08-17T08:52:17Z
2026-08-17T08:43:25Z,2026-08-17T10:43:25+0200,5f9ba03d-f545-4cd2-8996-d770f48fc74d,2026-08-01T17:45:00Z,2026-08-01T19:45:00+0200,242.833333,MW,DK2,DK_2,forecast_offshore_wind_generation,Wind Offshore,2026-08-17T08:52:17Z
2026-08-17T08:43:25Z,2026-08-17T10:43:25+0200,5f9ba03d-f545-4cd2-8996-d770f48fc74d,2026-08-01T18:00:00Z,2026-08-01T20:00:00+0200,244.0,MW,DK2,DK_2,forecast_offshore_wind_generation,Wind Offshore,2026-08-17T08:52:17Z
2026-08-17T08:43:25Z,2026-08-17T10:43:25+0200,5f9ba03d-f545-4cd2-8996-d770f48fc74d,2026-08-01T18:15:00Z,2026-08-01T20:15:00+0200,245.666666,MW,DK2,DK_2,forecast_offshore_wind_generation,Wind Offshore,2026-08-17T08:52:17Z
2026-08-17T08:43:25Z,2026-08-17T10:43:25+0200,5f9ba03d-f545-4cd2-8996-d770f48fc74d,2026-08-01T18:30:00Z,2026-08-01T20:30:00+0200,248.5,MW,DK2,DK_2,forecast_offshore_wind_generation,Wind Offshore,2026-08-17T08:52:17Z
2026-08-17T08:43:25Z,2026-08-17T10:43:25+0200,5f9ba03d-f545-4cd2-8996-d770f48fc74d,2026-08-01T18:45:00Z,2026-08-01T20:45:00+0200,250.666666,MW,DK2,DK_2,forecast_offshore_wind_generation,Wind Offshore,2026-08-17T08:52:17Z
2026-08-17T08:43:25Z,2026-08-17T10:43:25+0200,5f9ba03d-f545-4cd2-8996-d770f48fc74d,2026-08-01T19:00:00Z,2026-08-01T21:00:00+0200,252.833333,MW,DK2,DK_2,forecast_offshore_wind_generation,Wind Offshore,2026-08-17T08:52:17Z
2026-08-17T08:43:25Z,2026-08-17T10:43:25+0200,5f9ba03d-f545-4cd2-8996-d770f48fc74d,2026-08-01T19:15:00Z,2026-08-01T21:15:00+0200,256.666666,MW,DK2,DK_2,forecast_offshore_wind_generation,Wind Offshore,2026-08-17T08:52:17Z
2026-08-17T08:43:25Z,2026-08-17T10:43:25+0200,5f9ba03d-f545-4cd2-8996-d770f48fc74d,2026-08-01T19:30:00Z,2026-08-01T21:30:00+0200,260.5,MW,DK2,DK_2,forecast_offshore_wind_generation,Wind Offshore,2026-08-17T08:52:17Z
2026-08-17T08:43:25Z,2026-08-17T10:43:25+0200,5f9ba03d-f545-4cd2-8996-d770f48fc74d,2026-08-01T19:45:00Z,2026-08-01T21:45:00+0200,262.833333,MW,DK2,DK_2,forecast_offshore_wind_generation,Wind Offshore,2026-08-17T08:52:17Z
2026-08-17T08:43:25Z,2026-08-17T10:43:25+0200,5f9ba03d-f545-4cd2-8996-d770f48fc74d,2026-08-01T20:00:00Z,2026-08-01T22:00:00+0200,261.333333,MW,DK2,DK_2,forecast_offshore_wind_generation,Wind Offshore,2026-08-17T08:52:17Z
2026-08-17T08:43:25Z,2026-08-17T10:43:25+0200,5f9ba03d-f545-4cd2-8996-d770f48fc74d,2026-08-01T20:15:00Z,2026-08-01T22:15:00+0200,254.5,MW,DK2,DK_2,forecast_offshore_wind_generation,Wind Offshore,2026-08-17T08:52:17Z
2026-08-17T08:43:25Z,2026-08-17T10:43:25+0200,5f9ba03d-f545-4cd2-8996-d770f48fc74d,2026-08-01T20:30:00Z,2026-08-01T22:30:00+0200,247.0,MW,DK2,DK_2,forecast_offshore_wind_generation,Wind Offshore,2026-08-17T08:52:17Z
2026-08-17T08:43:25Z,2026-08-17T10:43:25+0200,5f9ba03d-f545-4cd2-8996-d770f48fc74d,2026-08-01T20:45:00Z,2026-08-01T22:45:00+0200,242.666666,MW,DK2,DK_2,forecast_offshore_wind_generation,Wind Offshore,2026-08-17T08:52:17Z
2026-08-17T08:43:25Z,2026-08-17T10:43:25+0200,5f9ba03d-f545-4cd2-8996-d770f48fc74d,2026-08-01T21:00:00Z,2026-08-01T23:00:00+0200,245.166666,MW,DK2,DK_2,forecast_offshore_wind_generation,Wind Offshore,2026-08-17T08:52:17Z
2026-08-17T08:43:25Z,2026-08-17T10:43:25+0200,5f9ba03d-f545-4cd2-8996-d770f48fc74d,2026-08-01T21:15:00Z,2026-08-01T23:15:00+0200,254.0,MW,DK2,DK_2,forecast_offshore_wind_generation,Wind Offshore,2026-08-17T08:52:17Z
2026-08-17T08:43:25Z,2026-08-17T10:43:25+0200,5f9ba03d-f545-4cd2-8996-d770f48fc74d,2026-08-01T21:30:00Z,2026-08-01T23:30:00+0200,264.833333,MW,DK2,DK_2,forecast_offshore_wind_generation,Wind Offshore,2026-08-17T08:52:17Z
2026-08-17T08:43:25Z,2026-08-17T10:43:25+0200,5f9ba03d-f545-4cd2-8996-d770f48fc74d,2026-08-01T21:45:00Z,2026-08-01T23:45:00+0200,273.833333,MW,DK2,DK_2,forecast_offshore_wind_generation,Wind Offshore,2026-08-17T08:52:17Z
2026-08-17T08:43:25Z,2026-08-17T10:43:25+0200,5f9ba03d-f545-4cd2-8996-d770f48fc74d,2026-08-01T22:00:00Z,2026-08-02T00:00:00+0200,257.166666,MW,DK2,DK_2,forecast_offshore_wind_generation,Wind Offshore,2026-08-17T08:52:17Z
2026-08-17T08:43:25Z,2026-08-17T10:43:25+0200,5f9ba03d-f545-4cd2-8996-d770f48fc74d,2026-08-01T22:15:00Z,2026-08-02T00:15:00+0200,262.0,MW,DK2,DK_2,forecast_offshore_wind_generation,Wind Offshore,2026-08-17T08:52:17Z
2026-08-17T08:43:25Z,2026-08-17T10:43:25+0200,5f9ba03d-f545-4cd2-8996-d770f48fc74d,2026-08-01T22:30:00Z,2026-08-02T00:30:00+0200,266.5,MW,DK2,DK_2,forecast_offshore_wind_generation,Wind Offshore,2026-08-17T08:52:17Z
2026-08-17T08:43:25Z,2026-08-17T10:43:25+0200,5f9ba03d-f545-4cd2-8996-d770f48fc74d,2026-08-01T22:45:00Z,2026-08-02T00:45:00+0200,270.333333,MW,DK2,DK_2,forecast_offshore_wind_generation,Wind Offshore,2026-08-17T08:52:17Z
2026-08-17T08:43:25Z,2026-08-17T10:43:25+0200,5f9ba03d-f545-4cd2-8996-d770f48fc74d,2026-08-01T23:00:00Z,2026-08-02T01:00:00+0200,272.333333,MW,DK2,DK_2,forecast_offshore_wind_generation,Wind Offshore,2026-08-17T08:52:17Z
2026-08-17T08:43:25Z,2026-08-17T10:43:25+0200,5f9ba03d-f545-4cd2-8996-d770f48fc74d,2026-08-01T23:15:00Z,2026-08-02T01:15:00+0200,274.5,MW,DK2,DK_2,forecast_offshore_wind_generation,Wind Offshore,2026-08-17T08:52:17Z
2026-08-17T08:43:25Z,2026-08-17T10:43:25+0200,5f9ba03d-f545-4cd2-8996-d770f48fc74d,2026-08-01T23:30:00Z,2026-08-02T01:30:00+0200,277.5,MW,DK2,DK_2,forecast_offshore_wind_generation,Wind Offshore,2026-08-17T08:52:17Z
2026-08-17T08:43:25Z,2026-08-17T10:43:25+0200,5f9ba03d-f545-4cd2-8996-d770f48fc74d,2026-08-01T23:45:00Z,2026-08-02T01:45:00+0200,279.833333,MW,DK2,DK_2,forecast_offshore_wind_generation,Wind Offshore,2026-08-17T08:52:17Z
2026-08-17T08:43:25Z,2026-08-17T10:43:25+0200,5f9ba03d-f545-4cd2-8996-d770f48fc74d,2026-08-02T00:00:00Z,2026-08-02T02:00:00+0200,279.5,MW,DK2,DK_2,forecast_offshore_wind_generation,Wind Offshore,2026-08-17T08:52:17Z
2026-08-17T08:43:25Z,2026-08-17T10:43:25+0200,5f9ba03d-f545-4cd2-8996-d770f48fc74d,2026-08-02T00:15:00Z,2026-08-02T02:15:00+0200,277.333333,MW,DK2,DK_2,forecast_offshore_wind_generation,Wind Offshore,2026-08-17T08:52:17Z
2026-08-17T08:43:25Z,2026-08-17T10:43:25+0200,5f9ba03d-f545-4cd2-8996-d770f48fc74d,2026-08-02T00:30:00Z,2026-08-02T02:30:00+0200,273.5,MW,DK2,DK_2,forecast_offshore_wind_generation,Wind Offshore,2026-08-17T08:52:17Z
2026-08-17T08:43:25Z,2026-08-17T10:43:25+0200,5f9ba03d-f545-4cd2-8996-d770f48fc74d,2026-08-02T00:45:00Z,2026-08-02T02:45:00+0200,271.5,MW,DK2,DK_2,forecast_offshore_wind_generation,Wind Offshore,2026-08-17T08:52:17Z
2026-08-17T08:43:25Z,2026-08-17T10:43:25+0200,5f9ba03d-f545-4cd2-8996-d770f48fc74d,2026-08-02T01:00:00Z,2026-08-02T03:00:00+0200,270.0,MW,DK2,DK_2,forecast_offshore_wind_generation,Wind Offshore,2026-08-17T08:52:17Z
2026-08-17T08:43:25Z,2026-08-17T10:43:25+0200,5f9ba03d-f545-4cd2-8996-d770f48fc74d,2026-08-02T01:15:00Z,2026-08-02T03:15:00+0200,267.666666,MW,DK2,DK_2,forecast_offshore_wind_generation,Wind Offshore,2026-08-17T08:52:17Z
2026-08-17T08:43:25Z,2026-08-17T10:43:25+0200,5f9ba03d-f545-4cd2-8996-d770f48fc74d,2026-08-02T01:30:00Z,2026-08-02T03:30:00+0200,265.5,MW,DK2,DK_2,forecast_offshore_wind_generation,Wind Offshore,2026-08-17T08:52:17Z
2026-08-17T08:43:25Z,2026-08-17T10:43:25+0200,5f9ba03d-f545-4cd2-8996-d770f48fc74d,2026-08-02T01:45:00Z,2026-08-02T03:45:00+0200,262.5,MW,DK2,DK_2,forecast_offshore_wind_generation,Wind Offshore,2026-08-17T08:52:17Z
2026-08-17T08:43:25Z,2026-08-17T10:43:25+0200,5f9ba03d-f545-4cd2-8996-d770f48fc74d,2026-08-02T02:00:00Z,2026-08-02T04:00:00+0200,259.5,MW,DK2,DK_2,forecast_offshore_wind_generation,Wind Offshore,2026-08-17T08:52:17Z
2026-08-17T08:43:25Z,2026-08-17T10:43:25+0200,5f9ba03d-f545-4cd2-8996-d770f48fc74d,2026-08-02T02:15:00Z,2026-08-02T04:15:00+0200,257.0,MW,DK2,DK_2,forecast_offshore_wind_generation,Wind Offshore,2026-08-17T08:52:17Z
2026-08-17T08:43:25Z,2026-08-17T10:43:25+0200,5f9ba03d-f545-4cd2-8996-d770f48fc74d,2026-08-02T02:30:00Z,2026-08-02T04:30:00+0200,255.333333,MW,DK2,DK_2,forecast_offshore_wind_generation,Wind Offshore,2026-08-17T08:52:17Z
2026-08-17T08:43:25Z,2026-08-17T10:43:25+0200,5f9ba03d-f545-4cd2-8996-d770f48fc74d,2026-08-02T02:45:00Z,2026-08-02T04:45:00+0200,252.0,MW,DK2,DK_2,forecast_offshore_wind_generation,Wind Offshore,2026-08-17T08:52:17Z
2026-08-17T08:43:25Z,2026-08-17T10:43:25+0200,5f9ba03d-f545-4cd2-8996-d770f48fc74d,2026-08-02T03:00:00Z,2026-08-02T05:00:00+0200,248.333333,MW,DK2,DK_2,forecast_offshore_wind_generation,Wind Offshore,2026-08-17T08:52:17Z
2026-08-17T08:43:25Z,2026-08-17T10:43:25+0200,5f9ba03d-f545-4cd2-8996-d770f48fc74d,2026-08-02T03:15:00Z,2026-08-02T05:15:00+0200,243.833333,MW,DK2,DK_2,forecast_offshore_wind_generation,Wind Offshore,2026-08-17T08:52:17Z
2026-08-17T08:43:25Z,2026-08-17T10:43:25+0200,5f9ba03d-f545-4cd2-8996-d770f48fc74d,2026-08-02T03:30:00Z,2026-08-02T05:30:00+0200,238.0,MW,DK2,DK_2,forecast_offshore_wind_generation,Wind Offshore,2026-08-17T08:52:17Z
2026-08-17T08:43:25Z,2026-08-17T10:43:25+0200,5f9ba03d-f545-4cd2-8996-d770f48fc74d,2026-08-02T03:45:00Z,2026-08-02T05:45:00+0200,231.333333,MW,DK2,DK_2,forecast_offshore_wind_generation,Wind Offshore,2026-08-17T08:52:17Z
2026-08-17T08:43:25Z,2026-08-17T10:43:25+0200,5f9ba03d-f545-4cd2-8996-d770f48fc74d,2026-08-02T04:00:00Z,2026-08-02T06:00:00+0200,222.5,MW,DK2,DK_2,forecast_offshore_wind_generation,Wind Offshore,2026-08-17T08:52:17Z
2026-08-17T08:43:25Z,2026-08-17T10:43:25+0200,5f9ba03d-f545-4cd2-8996-d770f48fc74d,2026-08-02T04:15:00Z,2026-08-02T06:15:00+0200,213.5,MW,DK2,DK_2,forecast_offshore_wind_generation,Wind Offshore,2026-08-17T08:52:17Z
2026-08-17T08:43:25Z,2026-08-17T10:43:25+0200,5f9ba03d-f545-4cd2-8996-d770f48fc74d,2026-08-02T04:30:00Z,2026-08-02T06:30:00+0200,204.5,MW,DK2,DK_2,forecast_offshore_wind_generation,Wind Offshore,2026-08-17T08:52:17Z
2026-08-17T08:43:25Z,2026-08-17T10:43:25+0200,5f9ba03d-f545-4cd2-8996-d770f48fc74d,2026-08-02T04:45:00Z,2026-08-02T06:45:00+0200,196.833333,MW,DK2,DK_2,forecast_offshore_wind_generation,Wind Offshore,2026-08-17T08:52:17Z
2026-08-17T08:43:25Z,2026-08-17T10:43:25+0200,5f9ba03d-f545-4cd2-8996-d770f48fc74d,2026-08-02T05:00:00Z,2026-08-02T07:00:00+0200,191.0,MW,DK2,DK_2,forecast_offshore_wind_generation,Wind Offshore,2026-08-17T08:52:17Z
2026-08-17T08:43:25Z,2026-08-17T10:43:25+0200,5f9ba03d-f545-4cd2-8996-d770f48fc74d,2026-08-02T05:15:00Z,2026-08-02T07:15:00+0200,186.0,MW,DK2,DK_2,forecast_offshore_wind_generation,Wind Offshore,2026-08-17T08:52:17Z
2026-08-17T08:43:25Z,2026-08-17T10:43:25+0200,5f9ba03d-f545-4cd2-8996-d770f48fc74d,2026-08-02T05:30:00Z,2026-08-02T07:30:00+0200,181.5,MW,DK2,DK_2,forecast_offshore_wind_generation,Wind Offshore,2026-08-17T08:52:17Z
2026-08-17T08:43:25Z,2026-08-17T10:43:25+0200,5f9ba03d-f545-4cd2-8996-d770f48fc74d,2026-08-02T05:45:00Z,2026-08-02T07:45:00+0200,179.0,MW,DK2,DK_2,forecast_offshore_wind_generation,Wind Offshore,2026-08-17T08:52:17Z
2026-08-17T08:43:25Z,2026-08-17T10:43:25+0200,5f9ba03d-f545-4cd2-8996-d770f48fc74d,2026-08-02T06:00:00Z,2026-08-02T08:00:00+0200,176.5,MW,DK2,DK_2,forecast_offshore_wind_generation,Wind Offshore,2026-08-17T08:52:17Z
2026-08-17T08:43:25Z,2026-08-17T10:43:25+0200,5f9ba03d-f545-4cd2-8996-d770f48fc74d,2026-08-02T06:15:00Z,2026-08-02T08:15:00+0200,173.5,MW,DK2,DK_2,forecast_offshore_wind_generation,Wind Offshore,2026-08-17T08:52:17Z
2026-08-17T08:43:25Z,2026-08-17T10:43:25+0200,5f9ba03d-f545-4cd2-8996-d770f48fc74d,2026-08-02T06:30:00Z,2026-08-02T08:30:00+0200,170.5,MW,DK2,DK_2,forecast_offshore_wind_generation,Wind Offshore,2026-08-17T08:52:17Z
2026-08-17T08:43:25Z,2026-08-17T10:43:25+0200,5f9ba03d-f545-4cd2-8996-d770f48fc74d,2026-08-02T06:45:00Z,2026-08-02T08:45:00+0200,167.5,MW,DK2,DK_2,forecast_offshore_wind_generation,Wind Offshore,2026-08-17T08:52:17Z
2026-08-17T08:43:25Z,2026-08-17T10:43:25+0200,5f9ba03d-f545-4cd2-8996-d770f48fc74d,2026-08-02T07:00:00Z,2026-08-02T09:00:00+0200,164.5,MW,DK2,DK_2,forecast_offshore_wind_generation,Wind Offshore,2026-08-17T08:52:17Z
2026-08-17T08:43:25Z,2026-08-17T10:43:25+0200,5f9ba03d-f545-4cd2-8996-d770f48fc74d,2026-08-02T07:15:00Z,2026-08-02T09:15:00+0200,160.666666,MW,DK2,DK_2,forecast_offshore_wind_generation,Wind Offshore,2026-08-17T08:52:17Z
2026-08-17T08:43:25Z,2026-08-17T10:43:25+0200,5f9ba03d-f545-4cd2-8996-d770f48fc74d,2026-08-02T07:30:00Z,2026-08-02T09:30:00+0200,156.666666,MW,DK2,DK_2,forecast_offshore_wind_generation,Wind Offshore,2026-08-17T08:52:17Z
2026-08-17T08:43:25Z,2026-08-17T10:43:25+0200,5f9ba03d-f545-4cd2-8996-d770f48fc74d,2026-08-02T07:45:00Z,2026-08-02T09:45:00+0200,153.333333,MW,DK2,DK_2,forecast_offshore_wind_generation,Wind Offshore,2026-08-17T08:52:17Z
2026-08-17T08:43:25Z,2026-08-17T10:43:25+0200,5f9ba03d-f545-4cd2-8996-d770f48fc74d,2026-08-02T08:00:00Z,2026-08-02T10:00:00+0200,149.5,MW,DK2,DK_2,forecast_offshore_wind_generation,Wind Offshore,2026-08-17T08:52:17Z
2026-08-17T08:43:25Z,2026-08-17T10:43:25+0200,5f9ba03d-f545-4cd2-8996-d770f48fc74d,2026-08-02T08:15:00Z,2026-08-02T10:15:00+0200,147.5,MW,DK2,DK_2,forecast_offshore_wind_generation,Wind Offshore,2026-08-17T08:52:17Z
2026-08-17T08:43:25Z,2026-08-17T10:43:25+0200,5f9ba03d-f545-4cd2-8996-d770f48fc74d,2026-08-02T08:30:00Z,2026-08-02T10:30:00+0200,146.833333,MW,DK2,DK_2,forecast_offshore_wind_generation,Wind Offshore,2026-08-17T08:52:17Z
2026-08-17T08:43:25Z,2026-08-17T10:43:25+0200,5f9ba03d-f545-4cd2-8996-d770f48fc74d,2026-08-02T08:45:00Z,2026-08-02T10:45:00+0200,145.833333,MW,DK2,DK_2,forecast_offshore_wind_generation,Wind Offshore,2026-08-17T08:52:17Z
2026-08-17T08:43:25Z,2026-08-17T10:43:25+0200,5f9ba03d-f545-4cd2-8996-d770f48fc74d,2026-08-02T09:00:00Z,2026-08-02T11:00:00+0200,144.5,MW,DK2,DK_2,forecast_offshore_wind_generation,Wind Offshore,2026-08-17T08:52:17Z
2026-08-17T08:43:25Z,2026-08-17T10:43:25+0200,5f9ba03d-f545-4cd2-8996-d770f48fc74d,2026-08-02T09:15:00Z,2026-08-02T11:15:00+0200,144.0,MW,DK2,DK_2,forecast_offshore_wind_generation,Wind Offshore,2026-08-17T08:52:17Z
2026-08-17T08:43:25Z,2026-08-17T10:43:25+0200,5f9ba03d-f545-4cd2-8996-d770f48fc74d,2026-08-02T09:30:00Z,2026-08-02T11:30:00+0200,144.666666,MW,DK2,DK_2,forecast_offshore_wind_generation,Wind Offshore,2026-08-17T08:52:17Z
2026-08-17T08:43:25Z,2026-08-17T10:43:25+0200,5f9ba03d-f545-4cd2-8996-d770f48fc74d,2026-08-02T09:45:00Z,2026-08-02T11:45:00+0200,147.0,MW,DK2,DK_2,forecast_offshore_wind_generation,Wind Offshore,2026-08-17T08:52:17Z
2026-08-17T08:43:25Z,2026-08-17T10:43:25+0200,5f9ba03d-f545-4cd2-8996-d770f48fc74d,2026-08-02T10:00:00Z,2026-08-02T12:00:00+0200,149.0,MW,DK2,DK_2,forecast_offshore_wind_generation,Wind Offshore,2026-08-17T08:52:17Z
2026-08-17T08:43:25Z,2026-08-17T10:43:25+0200,5f9ba03d-f545-4cd2-8996-d770f48fc74d,2026-08-02T10:15:00Z,2026-08-02T12:15:00+0200,150.666666,MW,DK2,DK_2,forecast_offshore_wind_generation,Wind Offshore,2026-08-17T08:52:17Z
2026-08-17T08:43:25Z,2026-08-17T10:43:25+0200,5f9ba03d-f545-4cd2-8996-d770f48fc74d,2026-08-02T10:30:00Z,2026-08-02T12:30:00+0200,152.5,MW,DK2,DK_2,forecast_offshore_wind_generation,Wind Offshore,2026-08-17T08:52:17Z
2026-08-17T08:43:25Z,2026-08-17T10:43:25+0200,5f9ba03d-f545-4cd2-8996-d770f48fc74d,2026-08-02T10:45:00Z,2026-08-02T12:45:00+0200,154.0,MW,DK2,DK_2,forecast_offshore_wind_generation,Wind Offshore,2026-08-17T08:52:17Z
2026-08-17T08:43:25Z,2026-08-17T10:43:25+0200,5f9ba03d-f545-4cd2-8996-d770f48fc74d,2026-08-02T11:00:00Z,2026-08-02T13:00:00+0200,156.5,MW,DK2,DK_2,forecast_offshore_wind_generation,Wind Offshore,2026-08-17T08:52:17Z
2026-08-17T08:43:25Z,2026-08-17T10:43:25+0200,5f9ba03d-f545-4cd2-8996-d770f48fc74d,2026-08-02T11:15:00Z,2026-08-02T13:15:00+0200,159.666666,MW,DK2,DK_2,forecast_offshore_wind_generation,Wind Offshore,2026-08-17T08:52:17Z
2026-08-17T08:43:25Z,2026-08-17T10:43:25+0200,5f9ba03d-f545-4cd2-8996-d770f48fc74d,2026-08-02T11:30:00Z,2026-08-02T13:30:00+0200,163.0,MW,DK2,DK_2,forecast_offshore_wind_generation,Wind Offshore,2026-08-17T08:52:17Z
2026-08-17T08:43:25Z,2026-08-17T10:43:25+0200,5f9ba03d-f545-4cd2-8996-d770f48fc74d,2026-08-02T11:45:00Z,2026-08-02T13:45:00+0200,163.833333,MW,DK2,DK_2,forecast_offshore_wind_generation,Wind Offshore,2026-08-17T08:52:17Z
2026-08-17T08:43:25Z,2026-08-17T10:43:25+0200,5f9ba03d-f545-4cd2-8996-d770f48fc74d,2026-08-02T12:00:00Z,2026-08-02T14:00:00+0200,160.0,MW,DK2,DK_2,forecast_offshore_wind_generation,Wind Offshore,2026-08-17T08:52:17Z
2026-08-17T08:43:25Z,2026-08-17T10:43:25+0200,5f9ba03d-f545-4cd2-8996-d770f48fc74d,2026-08-02T12:15:00Z,2026-08-02T14:15:00+0200,152.5,MW,DK2,DK_2,forecast_offshore_wind_generation,Wind Offshore,2026-08-17T08:52:17Z
2026-08-17T08:43:25Z,2026-08-17T10:43:25+0200,5f9ba03d-f545-4cd2-8996-d770f48fc74d,2026-08-02T12:30:00Z,2026-08-02T14:30:00+0200,144.0,MW,DK2,DK_2,forecast_offshore_wind_generation,Wind Offshore,2026-08-17T08:52:17Z
2026-08-17T08:43:25Z,2026-08-17T10:43:25+0200,5f9ba03d-f545-4cd2-8996-d770f48fc74d,2026-08-02T12:45:00Z,2026-08-02T14:45:00+0200,137.5,MW,DK2,DK_2,forecast_offshore_wind_generation,Wind Offshore,2026-08-17T08:52:17Z
2026-08-17T08:43:25Z,2026-08-17T10:43:25+0200,5f9ba03d-f545-4cd2-8996-d770f48fc74d,2026-08-02T13:00:00Z,2026-08-02T15:00:00+0200,133.0,MW,DK2,DK_2,forecast_offshore_wind_generation,Wind Offshore,2026-08-17T08:52:17Z
2026-08-17T08:43:25Z,2026-08-17T10:43:25+0200,5f9ba03d-f545-4cd2-8996-d770f48fc74d,2026-08-02T13:15:00Z,2026-08-02T15:15:00+0200,129.5,MW,DK2,DK_2,forecast_offshore_wind_generation,Wind Offshore,2026-08-17T08:52:17Z
2026-08-17T08:43:25Z,2026-08-17T10:43:25+0200,5f9ba03d-f545-4cd2-8996-d770f48fc74d,2026-08-02T13:30:00Z,2026-08-02T15:30:00+0200,126.5,MW,DK2,DK_2,forecast_offshore_wind_generation,Wind Offshore,2026-08-17T08:52:17Z
2026-08-17T08:43:25Z,2026-08-17T10:43:25+0200,5f9ba03d-f545-4cd2-8996-d770f48fc74d,2026-08-02T13:45:00Z,2026-08-02T15:45:00+0200,123.5,MW,DK2,DK_2,forecast_offshore_wind_generation,Wind Offshore,2026-08-17T08:52:17Z
2026-08-17T08:43:25Z,2026-08-17T10:43:25+0200,5f9ba03d-f545-4cd2-8996-d770f48fc74d,2026-08-02T14:00:00Z,2026-08-02T16:00:00+0200,120.0,MW,DK2,DK_2,forecast_offshore_wind_generation,Wind Offshore,2026-08-17T08:52:17Z
2026-08-17T08:43:25Z,2026-08-17T10:43:25+0200,5f9ba03d-f545-4cd2-8996-d770f48fc74d,2026-08-02T14:15:00Z,2026-08-02T16:15:00+0200,115.0,MW,DK2,DK_2,forecast_offshore_wind_generation,Wind Offshore,2026-08-17T08:52:17Z
2026-08-17T08:43:25Z,2026-08-17T10:43:25+0200,5f9ba03d-f545-4cd2-8996-d770f48fc74d,2026-08-02T14:30:00Z,2026-08-02T16:30:00+0200,109.166666,MW,DK2,DK_2,forecast_offshore_wind_generation,Wind Offshore,2026-08-17T08:52:17Z
2026-08-17T08:43:25Z,2026-08-17T10:43:25+0200,5f9ba03d-f545-4cd2-8996-d770f48fc74d,2026-08-02T14:45:00Z,2026-08-02T16:45:00+0200,104.0,MW,DK2,DK_2,forecast_offshore_wind_generation,Wind Offshore,2026-08-17T08:52:17Z
2026-08-17T08:43:25Z,2026-08-17T10:43:25+0200,5f9ba03d-f545-4cd2-8996-d770f48fc74d,2026-08-02T15:00:00Z,2026-08-02T17:00:00+0200,96.833333,MW,DK2,DK_2,forecast_offshore_wind_generation,Wind Offshore,2026-08-17T08:52:17Z
2026-08-17T08:43:25Z,2026-08-17T10:43:25+0200,5f9ba03d-f545-4cd2-8996-d770f48fc74d,2026-08-02T15:15:00Z,2026-08-02T17:15:00+0200,86.166666,MW,DK2,DK_2,forecast_offshore_wind_generation,Wind Offshore,2026-08-17T08:52:17Z
2026-08-17T08:43:25Z,2026-08-17T10:43:25+0200,5f9ba03d-f545-4cd2-8996-d770f48fc74d,2026-08-02T15:30:00Z,2026-08-02T17:30:00+0200,75.5,MW,DK2,DK_2,forecast_offshore_wind_generation,Wind Offshore,2026-08-17T08:52:17Z
2026-08-17T08:43:25Z,2026-08-17T10:43:25+0200,5f9ba03d-f545-4cd2-8996-d770f48fc74d,2026-08-02T15:45:00Z,2026-08-02T17:45:00+0200,65.0,MW,DK2,DK_2,forecast_offshore_wind_generation,Wind Offshore,2026-08-17T08:52:17Z
2026-08-17T08:43:25Z,2026-08-17T10:43:25+0200,5f9ba03d-f545-4cd2-8996-d770f48fc74d,2026-08-02T16:00:00Z,2026-08-02T18:00:00+0200,56.0,MW,DK2,DK_2,forecast_offshore_wind_generation,Wind Offshore,2026-08-17T08:52:17Z
2026-08-17T08:43:25Z,2026-08-17T10:43:25+0200,5f9ba03d-f545-4cd2-8996-d770f48fc74d,2026-08-02T16:15:00Z,2026-08-02T18:15:00+0200,48.5,MW,DK2,DK_2,forecast_offshore_wind_generation,Wind Offshore,2026-08-17T08:52:17Z
2026-08-17T08:43:25Z,2026-08-17T10:43:25+0200,5f9ba03d-f545-4cd2-8996-d770f48fc74d,2026-08-02T16:30:00Z,2026-08-02T18:30:00+0200,42.0,MW,DK2,DK_2,forecast_offshore_wind_generation,Wind Offshore,2026-08-17T08:52:17Z
2026-08-17T08:43:25Z,2026-08-17T10:43:25+0200,5f9ba03d-f545-4cd2-8996-d770f48fc74d,2026-08-02T16:45:00Z,2026-08-02T18:45:00+0200,37.0,MW,DK2,DK_2,forecast_offshore_wind_generation,Wind Offshore,2026-08-17T08:52:17Z
2026-08-17T08:43:25Z,2026-08-17T10:43:25+0200,5f9ba03d-f545-4cd2-8996-d770f48fc74d,2026-08-02T17:00:00Z,2026-08-02T19:00:00+0200,32.666666,MW,DK2,DK_2,forecast_offshore_wind_generation,Wind Offshore,2026-08-17T08:52:17Z
2026-08-17T08:43:25Z,2026-08-17T10:43:25+0200,5f9ba03d-f545-4cd2-8996-d770f48fc74d,2026-08-02T17:15:00Z,2026-08-02T19:15:00+0200,29.5,MW,DK2,DK_2,forecast_offshore_wind_generation,Wind Offshore,2026-08-17T08:52:17Z
2026-08-17T08:43:25Z,2026-08-17T10:43:25+0200,5f9ba03d-f545-4cd2-8996-d770f48fc74d,2026-08-02T17:30:00Z,2026-08-02T19:30:00+0200,28.0,MW,DK2,DK_2,forecast_offshore_wind_generation,Wind Offshore,2026-08-17T08:52:17Z
2026-08-17T08:43:25Z,2026-08-17T10:43:25+0200,5f9ba03d-f545-4cd2-8996-d770f48fc74d,2026-08-02T17:45:00Z,2026-08-02T19:45:00+0200,28.666666,MW,DK2,DK_2,forecast_offshore_wind_generation,Wind Offshore,2026-08-17T08:52:17Z
2026-08-17T08:43:25Z,2026-08-17T10:43:25+0200,5f9ba03d-f545-4cd2-8996-d770f48fc74d,2026-08-02T18:00:00Z,2026-08-02T20:00:00+0200,30.666666,MW,DK2,DK_2,forecast_offshore_wind_generation,Wind Offshore,2026-08-17T08:52:17Z
2026-08-17T08:43:25Z,2026-08-17T10:43:25+0200,5f9ba03d-f545-4cd2-8996-d770f48fc74d,2026-08-02T18:15:00Z,2026-08-02T20:15:00+0200,34.0,MW,DK2,DK_2,forecast_offshore_wind_generation,Wind Offshore,2026-08-17T08:52:17Z
2026-08-17T08:43:25Z,2026-08-17T10:43:25+0200,5f9ba03d-f545-4cd2-8996-d770f48fc74d,2026-08-02T18:30:00Z,2026-08-02T20:30:00+0200,38.166666,MW,DK2,DK_2,forecast_offshore_wind_generation,Wind Offshore,2026-08-17T08:52:17Z
2026-08-17T08:43:25Z,2026-08-17T10:43:25+0200,5f9ba03d-f545-4cd2-8996-d770f48fc74d,2026-08-02T18:45:00Z,2026-08-02T20:45:00+0200,44.0,MW,DK2,DK_2,forecast_offshore_wind_generation,Wind Offshore,2026-08-17T08:52:17Z
2026-08-17T08:43:25Z,2026-08-17T10:43:25+0200,5f9ba03d-f545-4cd2-8996-d770f48fc74d,2026-08-02T19:00:00Z,2026-08-02T21:00:00+0200,51.0,MW,DK2,DK_2,forecast_offshore_wind_generation,Wind Offshore,2026-08-17T08:52:17Z
2026-08-17T08:43:25Z,2026-08-17T10:43:25+0200,5f9ba03d-f545-4cd2-8996-d770f48fc74d,2026-08-02T19:15:00Z,2026-08-02T21:15:00+0200,59.5,MW,DK2,DK_2,forecast_offshore_wind_generation,Wind Offshore,2026-08-17T08:52:17Z
2026-08-17T08:43:25Z,2026-08-17T10:43:25+0200,5f9ba03d-f545-4cd2-8996-d770f48fc74d,2026-08-02T19:30:00Z,2026-08-02T21:30:00+0200,68.5,MW,DK2,DK_2,forecast_offshore_wind_generation,Wind Offshore,2026-08-17T08:52:17Z
2026-08-17T08:43:25Z,2026-08-17T10:43:25+0200,5f9ba03d-f545-4cd2-8996-d770f48fc74d,2026-08-02T19:45:00Z,2026-08-02T21:45:00+0200,78.5,MW,DK2,DK_2,forecast_offshore_wind_generation,Wind Offshore,2026-08-17T08:52:17Z
2026-08-17T08:43:25Z,2026-08-17T10:43:25+0200,5f9ba03d-f545-4cd2-8996-d770f48fc74d,2026-08-02T20:00:00Z,2026-08-02T22:00:00+0200,89.166666,MW,DK2,DK_2,forecast_offshore_wind_generation,Wind Offshore,2026-08-17T08:52:17Z
2026-08-17T08:43:25Z,2026-08-17T10:43:25+0200,5f9ba03d-f545-4cd2-8996-d770f48fc74d,2026-08-02T20:15:00Z,2026-08-02T22:15:00+0200,100.666666,MW,DK2,DK_2,forecast_offshore_wind_generation,Wind Offshore,2026-08-17T08:52:17Z
2026-08-17T08:43:25Z,2026-08-17T10:43:25+0200,5f9ba03d-f545-4cd2-8996-d770f48fc74d,2026-08-02T20:30:00Z,2026-08-02T22:30:00+0200,115.5,MW,DK2,DK_2,forecast_offshore_wind_generation,Wind Offshore,2026-08-17T08:52:17Z
2026-08-17T08:43:25Z,2026-08-17T10:43:25+0200,5f9ba03d-f545-4cd2-8996-d770f48fc74d,2026-08-02T20:45:00Z,2026-08-02T22:45:00+0200,131.333333,MW,DK2,DK_2,forecast_offshore_wind_generation,Wind Offshore,2026-08-17T08:52:17Z
2026-08-17T08:43:25Z,2026-08-17T10:43:25+0200,5f9ba03d-f545-4cd2-8996-d770f48fc74d,2026-08-02T21:00:00Z,2026-08-02T23:00:00+0200,145.666666,MW,DK2,DK_2,forecast_offshore_wind_generation,Wind Offshore,2026-08-17T08:52:17Z
2026-08-17T08:43:25Z,2026-08-17T10:43:25+0200,5f9ba03d-f545-4cd2-8996-d770f48fc74d,2026-08-02T21:15:00Z,2026-08-02T23:15:00+0200,163.666666,MW,DK2,DK_2,forecast_offshore_wind_generation,Wind Offshore,2026-08-17T08:52:17Z
2026-08-17T08:43:25Z,2026-08-17T10:43:25+0200,5f9ba03d-f545-4cd2-8996-d770f48fc74d,2026-08-02T21:30:00Z,2026-08-02T23:30:00+0200,184.166666,MW,DK2,DK_2,forecast_offshore_wind_generation,Wind Offshore,2026-08-17T08:52:17Z
2026-08-17T08:43:25Z,2026-08-17T10:43:25+0200,5f9ba03d-f545-4cd2-8996-d770f48fc74d,2026-08-02T21:45:00Z,2026-08-02T23:45:00+0200,199.0,MW,DK2,DK_2,forecast_offshore_wind_generation,Wind Offshore,2026-08-17T08:52:17Z
2026-08-17T08:43:25Z,2026-08-17T10:43:25+0200,5f9ba03d-f545-4cd2-8996-d770f48fc74d,2026-08-02T22:00:00Z,2026-08-03T00:00:00+0200,74.0,MW,DK2,DK_2,forecast_offshore_wind_generation,Wind Offshore,2026-08-17T08:52:17Z
2026-08-17T08:43:25Z,2026-08-17T10:43:25+0200,5f9ba03d-f545-4cd2-8996-d770f48fc74d,2026-08-02T22:15:00Z,2026-08-03T00:15:00+0200,76.0,MW,DK2,DK_2,forecast_offshore_wind_generation,Wind Offshore,2026-08-17T08:52:17Z
2026-08-17T08:43:25Z,2026-08-17T10:43:25+0200,5f9ba03d-f545-4cd2-8996-d770f48fc74d,2026-08-02T22:30:00Z,2026-08-03T00:30:00+0200,79.5,MW,DK2,DK_2,forecast_offshore_wind_generation,Wind Offshore,2026-08-17T08:52:17Z
2026-08-17T08:43:25Z,2026-08-17T10:43:25+0200,5f9ba03d-f545-4cd2-8996-d770f48fc74d,2026-08-02T22:45:00Z,2026-08-03T00:45:00+0200,84.166666,MW,DK2,DK_2,forecast_offshore_wind_generation,Wind Offshore,2026-08-17T08:52:17Z
2026-08-17T08:43:25Z,2026-08-17T10:43:25+0200,5f9ba03d-f545-4cd2-8996-d770f48fc74d,2026-08-02T23:00:00Z,2026-08-03T01:00:00+0200,90.333333,MW,DK2,DK_2,forecast_offshore_wind_generation,Wind Offshore,2026-08-17T08:52:17Z
2026-08-17T08:43:25Z,2026-08-17T10:43:25+0200,5f9ba03d-f545-4cd2-8996-d770f48fc74d,2026-08-02T23:15:00Z,2026-08-03T01:15:00+0200,101.166666,MW,DK2,DK_2,forecast_offshore_wind_generation,Wind Offshore,2026-08-17T08:52:17Z
2026-08-17T08:43:25Z,2026-08-17T10:43:25+0200,5f9ba03d-f545-4cd2-8996-d770f48fc74d,2026-08-02T23:30:00Z,2026-08-03T01:30:00+0200,115.333333,MW,DK2,DK_2,forecast_offshore_wind_generation,Wind Offshore,2026-08-17T08:52:17Z
2026-08-17T08:43:25Z,2026-08-17T10:43:25+0200,5f9ba03d-f545-4cd2-8996-d770f48fc74d,2026-08-02T23:45:00Z,2026-08-03T01:45:00+0200,128.5,MW,DK2,DK_2,forecast_offshore_wind_generation,Wind Offshore,2026-08-17T08:52:17Z
2026-08-17T08:43:25Z,2026-08-17T10:43:25+0200,5f9ba03d-f545-4cd2-8996-d770f48fc74d,2026-08-03T00:00:00Z,2026-08-03T02:00:00+0200,133.833333,MW,DK2,DK_2,forecast_offshore_wind_generation,Wind Offshore,2026-08-17T08:52:17Z
2026-08-17T08:43:25Z,2026-08-17T10:43:25+0200,5f9ba03d-f545-4cd2-8996-d770f48fc74d,2026-08-03T00:15:00Z,2026-08-03T02:15:00+0200,132.833333,MW,DK2,DK_2,forecast_offshore_wind_generation,Wind Offshore,2026-08-17T08:52:17Z
2026-08-17T08:43:25Z,2026-08-17T10:43:25+0200,5f9ba03d-f545-4cd2-8996-d770f48fc74d,2026-08-03T00:30:00Z,2026-08-03T02:30:00+0200,129.5,MW,DK2,DK_2,forecast_offshore_wind_generation,Wind Offshore,2026-08-17T08:52:17Z
2026-08-17T08:43:25Z,2026-08-17T10:43:25+0200,5f9ba03d-f545-4cd2-8996-d770f48fc74d,2026-08-03T00:45:00Z,2026-08-03T02:45:00+0200,127.5,MW,DK2,DK_2,forecast_offshore_wind_generation,Wind Offshore,2026-08-17T08:52:17Z
2026-08-17T08:43:25Z,2026-08-17T10:43:25+0200,5f9ba03d-f545-4cd2-8996-d770f48fc74d,2026-08-03T01:00:00Z,2026-08-03T03:00:00+0200,125.333333,MW,DK2,DK_2,forecast_offshore_wind_generation,Wind Offshore,2026-08-17T08:52:17Z
2026-08-17T08:43:25Z,2026-08-17T10:43:25+0200,5f9ba03d-f545-4cd2-8996-d770f48fc74d,2026-08-03T01:15:00Z,2026-08-03T03:15:00+0200,120.666666,MW,DK2,DK_2,forecast_offshore_wind_generation,Wind Offshore,2026-08-17T08:52:17Z
2026-08-17T08:43:25Z,2026-08-17T10:43:25+0200,5f9ba03d-f545-4cd2-8996-d770f48fc74d,2026-08-03T01:30:00Z,2026-08-03T03:30:00+0200,114.166666,MW,DK2,DK_2,forecast_offshore_wind_generation,Wind Offshore,2026-08-17T08:52:17Z
2026-08-17T08:43:25Z,2026-08-17T10:43:25+0200,5f9ba03d-f545-4cd2-8996-d770f48fc74d,2026-08-03T01:45:00Z,2026-08-03T03:45:00+0200,110.166666,MW,DK2,DK_2,forecast_offshore_wind_generation,Wind Offshore,2026-08-17T08:52:17Z
2026-08-17T08:43:25Z,2026-08-17T10:43:25+0200,5f9ba03d-f545-4cd2-8996-d770f48fc74d,2026-08-03T02:00:00Z,2026-08-03T04:00:00+0200,109.666666,MW,DK2,DK_2,forecast_offshore_wind_generation,Wind Offshore,2026-08-17T08:52:17Z
2026-08-17T08:43:25Z,2026-08-17T10:43:25+0200,5f9ba03d-f545-4cd2-8996-d770f48fc74d,2026-08-03T02:15:00Z,2026-08-03T04:15:00+0200,112.5,MW,DK2,DK_2,forecast_offshore_wind_generation,Wind Offshore,2026-08-17T08:52:17Z
2026-08-17T08:43:25Z,2026-08-17T10:43:25+0200,5f9ba03d-f545-4cd2-8996-d770f48fc74d,2026-08-03T02:30:00Z,2026-08-03T04:30:00+0200,115.5,MW,DK2,DK_2,forecast_offshore_wind_generation,Wind Offshore,2026-08-17T08:52:17Z
2026-08-17T08:43:25Z,2026-08-17T10:43:25+0200,5f9ba03d-f545-4cd2-8996-d770f48fc74d,2026-08-03T02:45:00Z,2026-08-03T04:45:00+0200,117.0,MW,DK2,DK_2,forecast_offshore_wind_generation,Wind Offshore,2026-08-17T08:52:17Z
2026-08-17T08:43:25Z,2026-08-17T10:43:25+0200,5f9ba03d-f545-4cd2-8996-d770f48fc74d,2026-08-03T03:00:00Z,2026-08-03T05:00:00+0200,116.833333,MW,DK2,DK_2,forecast_offshore_wind_generation,Wind Offshore,2026-08-17T08:52:17Z
2026-08-17T08:43:25Z,2026-08-17T10:43:25+0200,5f9ba03d-f545-4cd2-8996-d770f48fc74d,2026-08-03T03:15:00Z,2026-08-03T05:15:00+0200,115.333333,MW,DK2,DK_2,forecast_offshore_wind_generation,Wind Offshore,2026-08-17T08:52:17Z
2026-08-17T08:43:25Z,2026-08-17T10:43:25+0200,5f9ba03d-f545-4cd2-8996-d770f48fc74d,2026-08-03T03:30:00Z,2026-08-03T05:30:00+0200,112.666666,MW,DK2,DK_2,forecast_offshore_wind_generation,Wind Offshore,2026-08-17T08:52:17Z
2026-08-17T08:43:25Z,2026-08-17T10:43:25+0200,5f9ba03d-f545-4cd2-8996-d770f48fc74d,2026-08-03T03:45:00Z,2026-08-03T05:45:00+0200,110.666666,MW,DK2,DK_2,forecast_offshore_wind_generation,Wind Offshore,2026-08-17T08:52:17Z
2026-08-17T08:43:25Z,2026-08-17T10:43:25+0200,5f9ba03d-f545-4cd2-8996-d770f48fc74d,2026-08-03T04:00:00Z,2026-08-03T06:00:00+0200,109.0,MW,DK2,DK_2,forecast_offshore_wind_generation,Wind Offshore,2026-08-17T08:52:17Z
2026-08-17T08:43:25Z,2026-08-17T10:43:25+0200,5f9ba03d-f545-4cd2-8996-d770f48fc74d,2026-08-03T04:15:00Z,2026-08-03T06:15:00+0200,107.833333,MW,DK2,DK_2,forecast_offshore_wind_generation,Wind Offshore,2026-08-17T08:52:17Z
2026-08-17T08:43:25Z,2026-08-17T10:43:25+0200,5f9ba03d-f545-4cd2-8996-d770f48fc74d,2026-08-03T04:30:00Z,2026-08-03T06:30:00+0200,106.833333,MW,DK2,DK_2,forecast_offshore_wind_generation,Wind Offshore,2026-08-17T08:52:17Z
2026-08-17T08:43:25Z,2026-08-17T10:43:25+0200,5f9ba03d-f545-4cd2-8996-d770f48fc74d,2026-08-03T04:45:00Z,2026-08-03T06:45:00+0200,106.333333,MW,DK2,DK_2,forecast_offshore_wind_generation,Wind Offshore,2026-08-17T08:52:17Z
2026-08-17T08:43:25Z,2026-08-17T10:43:25+0200,5f9ba03d-f545-4cd2-8996-d770f48fc74d,2026-08-03T05:00:00Z,2026-08-03T07:00:00+0200,104.833333,MW,DK2,DK_2,forecast_offshore_wind_generation,Wind Offshore,2026-08-17T08:52:17Z
2026-08-17T08:43:25Z,2026-08-17T10:43:25+0200,5f9ba03d-f545-4cd2-8996-d770f48fc74d,2026-08-03T05:15:00Z,2026-08-03T07:15:00+0200,100.5,MW,DK2,DK_2,forecast_offshore_wind_generation,Wind Offshore,2026-08-17T08:52:17Z
2026-08-17T08:43:25Z,2026-08-17T10:43:25+0200,5f9ba03d-f545-4cd2-8996-d770f48fc74d,2026-08-03T05:30:00Z,2026-08-03T07:30:00+0200,95.166666,MW,DK2,DK_2,forecast_offshore_wind_generation,Wind Offshore,2026-08-17T08:52:17Z
2026-08-17T08:43:25Z,2026-08-17T10:43:25+0200,5f9ba03d-f545-4cd2-8996-d770f48fc74d,2026-08-03T05:45:00Z,2026-08-03T07:45:00+0200,90.666666,MW,DK2,DK_2,forecast_offshore_wind_generation,Wind Offshore,2026-08-17T08:52:17Z
2026-08-17T08:43:25Z,2026-08-17T10:43:25+0200,5f9ba03d-f545-4cd2-8996-d770f48fc74d,2026-08-03T06:00:00Z,2026-08-03T08:00:00+0200,88.0,MW,DK2,DK_2,forecast_offshore_wind_generation,Wind Offshore,2026-08-17T08:52:17Z
2026-08-17T08:43:25Z,2026-08-17T10:43:25+0200,5f9ba03d-f545-4cd2-8996-d770f48fc74d,2026-08-03T06:15:00Z,2026-08-03T08:15:00+0200,85.5,MW,DK2,DK_2,forecast_offshore_wind_generation,Wind Offshore,2026-08-17T08:52:17Z
2026-08-17T08:43:25Z,2026-08-17T10:43:25+0200,5f9ba03d-f545-4cd2-8996-d770f48fc74d,2026-08-03T06:30:00Z,2026-08-03T08:30:00+0200,81.666666,MW,DK2,DK_2,forecast_offshore_wind_generation,Wind Offshore,2026-08-17T08:52:17Z
2026-08-17T08:43:25Z,2026-08-17T10:43:25+0200,5f9ba03d-f545-4cd2-8996-d770f48fc74d,2026-08-03T06:45:00Z,2026-08-03T08:45:00+0200,78.0,MW,DK2,DK_2,forecast_offshore_wind_generation,Wind Offshore,2026-08-17T08:52:17Z
2026-08-17T08:43:25Z,2026-08-17T10:43:25+0200,5f9ba03d-f545-4cd2-8996-d770f48fc74d,2026-08-03T07:00:00Z,2026-08-03T09:00:00+0200,74.5,MW,DK2,DK_2,forecast_offshore_wind_generation,Wind Offshore,2026-08-17T08:52:17Z
2026-08-17T08:43:25Z,2026-08-17T10:43:25+0200,5f9ba03d-f545-4cd2-8996-d770f48fc74d,2026-08-03T07:15:00Z,2026-08-03T09:15:00+0200,71.0,MW,DK2,DK_2,forecast_offshore_wind_generation,Wind Offshore,2026-08-17T08:52:17Z
2026-08-17T08:43:25Z,2026-08-17T10:43:25+0200,5f9ba03d-f545-4cd2-8996-d770f48fc74d,2026-08-03T07:30:00Z,2026-08-03T09:30:00+0200,67.0,MW,DK2,DK_2,forecast_offshore_wind_generation,Wind Offshore,2026-08-17T08:52:17Z
2026-08-17T08:43:25Z,2026-08-17T10:43:25+0200,5f9ba03d-f545-4cd2-8996-d770f48fc74d,2026-08-03T07:45:00Z,2026-08-03T09:45:00+0200,62.666666,MW,DK2,DK_2,forecast_offshore_wind_generation,Wind Offshore,2026-08-17T08:52:17Z
2026-08-17T08:43:25Z,2026-08-17T10:43:25+0200,5f9ba03d-f545-4cd2-8996-d770f48fc74d,2026-08-03T08:00:00Z,2026-08-03T10:00:00+0200,59.5,MW,DK2,DK_2,forecast_offshore_wind_generation,Wind Offshore,2026-08-17T08:52:17Z
2026-08-17T08:43:25Z,2026-08-17T10:43:25+0200,5f9ba03d-f545-4cd2-8996-d770f48fc74d,2026-08-03T08:15:00Z,2026-08-03T10:15:00+0200,55.666666,MW,DK2,DK_2,forecast_offshore_wind_generation,Wind Offshore,2026-08-17T08:52:17Z
2026-08-17T08:43:25Z,2026-08-17T10:43:25+0200,5f9ba03d-f545-4cd2-8996-d770f48fc74d,2026-08-03T08:30:00Z,2026-08-03T10:30:00+0200,51.666666,MW,DK2,DK_2,forecast_offshore_wind_generation,Wind Offshore,2026-08-17T08:52:17Z
2026-08-17T08:43:25Z,2026-08-17T10:43:25+0200,5f9ba03d-f545-4cd2-8996-d770f48fc74d,2026-08-03T08:45:00Z,2026-08-03T10:45:00+0200,48.666666,MW,DK2,DK_2,forecast_offshore_wind_generation,Wind Offshore,2026-08-17T08:52:17Z
2026-08-17T08:43:25Z,2026-08-17T10:43:25+0200,5f9ba03d-f545-4cd2-8996-d770f48fc74d,2026-08-03T09:00:00Z,2026-08-03T11:00:00+0200,46.666666,MW,DK2,DK_2,forecast_offshore_wind_generation,Wind Offshore,2026-08-17T08:52:17Z
2026-08-17T08:43:25Z,2026-08-17T10:43:25+0200,5f9ba03d-f545-4cd2-8996-d770f48fc74d,2026-08-03T09:15:00Z,2026-08-03T11:15:00+0200,45.0,MW,DK2,DK_2,forecast_offshore_wind_generation,Wind Offshore,2026-08-17T08:52:17Z
2026-08-17T08:43:25Z,2026-08-17T10:43:25+0200,5f9ba03d-f545-4cd2-8996-d770f48fc74d,2026-08-03T09:30:00Z,2026-08-03T11:30:00+0200,43.5,MW,DK2,DK_2,forecast_offshore_wind_generation,Wind Offshore,2026-08-17T08:52:17Z
2026-08-17T08:43:25Z,2026-08-17T10:43:25+0200,5f9ba03d-f545-4cd2-8996-d770f48fc74d,2026-08-03T09:45:00Z,2026-08-03T11:45:00+0200,43.5,MW,DK2,DK_2,forecast_offshore_wind_generation,Wind Offshore,2026-08-17T08:52:17Z
2026-08-17T08:43:25Z,2026-08-17T10:43:25+0200,5f9ba03d-f545-4cd2-8996-d770f48fc74d,2026-08-03T10:00:00Z,2026-08-03T12:00:00+0200,45.5,MW,DK2,DK_2,forecast_offshore_wind_generation,Wind Offshore,2026-08-17T08:52:17Z
2026-08-17T08:43:25Z,2026-08-17T10:43:25+0200,5f9ba03d-f545-4cd2-8996-d770f48fc74d,2026-08-03T10:15:00Z,2026-08-03T12:15:00+0200,49.166666,MW,DK2,DK_2,forecast_offshore_wind_generation,Wind Offshore,2026-08-17T08:52:17Z
2026-08-17T08:43:25Z,2026-08-17T10:43:25+0200,5f9ba03d-f545-4cd2-8996-d770f48fc74d,2026-08-03T10:30:00Z,2026-08-03T12:30:00+0200,55.166666,MW,DK2,DK_2,forecast_offshore_wind_generation,Wind Offshore,2026-08-17T08:52:17Z
2026-08-17T08:43:25Z,2026-08-17T10:43:25+0200,5f9ba03d-f545-4cd2-8996-d770f48fc74d,2026-08-03T10:45:00Z,2026-08-03T12:45:00+0200,62.166666,MW,DK2,DK_2,forecast_offshore_wind_generation,Wind Offshore,2026-08-17T08:52:17Z
2026-08-17T08:43:25Z,2026-08-17T10:43:25+0200,5f9ba03d-f545-4cd2-8996-d770f48fc74d,2026-08-03T11:00:00Z,2026-08-03T13:00:00+0200,71.333333,MW,DK2,DK_2,forecast_offshore_wind_generation,Wind Offshore,2026-08-17T08:52:17Z
2026-08-17T08:43:25Z,2026-08-17T10:43:25+0200,5f9ba03d-f545-4cd2-8996-d770f48fc74d,2026-08-03T11:15:00Z,2026-08-03T13:15:00+0200,85.666666,MW,DK2,DK_2,forecast_offshore_wind_generation,Wind Offshore,2026-08-17T08:52:17Z
2026-08-17T08:43:25Z,2026-08-17T10:43:25+0200,5f9ba03d-f545-4cd2-8996-d770f48fc74d,2026-08-03T11:30:00Z,2026-08-03T13:30:00+0200,102.166666,MW,DK2,DK_2,forecast_offshore_wind_generation,Wind Offshore,2026-08-17T08:52:17Z
2026-08-17T08:43:25Z,2026-08-17T10:43:25+0200,5f9ba03d-f545-4cd2-8996-d770f48fc74d,2026-08-03T11:45:00Z,2026-08-03T13:45:00+0200,119.166666,MW,DK2,DK_2,forecast_offshore_wind_generation,Wind Offshore,2026-08-17T08:52:17Z
2026-08-17T08:43:25Z,2026-08-17T10:43:25+0200,5f9ba03d-f545-4cd2-8996-d770f48fc74d,2026-08-03T12:00:00Z,2026-08-03T14:00:00+0200,133.166666,MW,DK2,DK_2,forecast_offshore_wind_generation,Wind Offshore,2026-08-17T08:52:17Z
2026-08-17T08:43:25Z,2026-08-17T10:43:25+0200,5f9ba03d-f545-4cd2-8996-d770f48fc74d,2026-08-03T12:15:00Z,2026-08-03T14:15:00+0200,148.5,MW,DK2,DK_2,forecast_offshore_wind_generation,Wind Offshore,2026-08-17T08:52:17Z
2026-08-17T08:43:25Z,2026-08-17T10:43:25+0200,5f9ba03d-f545-4cd2-8996-d770f48fc74d,2026-08-03T12:30:00Z,2026-08-03T14:30:00+0200,164.5,MW,DK2,DK_2,forecast_offshore_wind_generation,Wind Offshore,2026-08-17T08:52:17Z
2026-08-17T08:43:25Z,2026-08-17T10:43:25+0200,5f9ba03d-f545-4cd2-8996-d770f48fc74d,2026-08-03T12:45:00Z,2026-08-03T14:45:00+0200,180.5,MW,DK2,DK_2,forecast_offshore_wind_generation,Wind Offshore,2026-08-17T08:52:17Z
2026-08-17T08:43:25Z,2026-08-17T10:43:25+0200,5f9ba03d-f545-4cd2-8996-d770f48fc74d,2026-08-03T13:00:00Z,2026-08-03T15:00:00+0200,195.5,MW,DK2,DK_2,forecast_offshore_wind_generation,Wind Offshore,2026-08-17T08:52:17Z
2026-08-17T08:43:25Z,2026-08-17T10:43:25+0200,5f9ba03d-f545-4cd2-8996-d770f48fc74d,2026-08-03T13:15:00Z,2026-08-03T15:15:00+0200,211.5,MW,DK2,DK_2,forecast_offshore_wind_generation,Wind Offshore,2026-08-17T08:52:17Z
2026-08-17T08:43:25Z,2026-08-17T10:43:25+0200,5f9ba03d-f545-4cd2-8996-d770f48fc74d,2026-08-03T13:30:00Z,2026-08-03T15:30:00+0200,228.833333,MW,DK2,DK_2,forecast_offshore_wind_generation,Wind Offshore,2026-08-17T08:52:17Z
2026-08-17T08:43:25Z,2026-08-17T10:43:25+0200,5f9ba03d-f545-4cd2-8996-d770f48fc74d,2026-08-03T13:45:00Z,2026-08-03T15:45:00+0200,244.833333,MW,DK2,DK_2,forecast_offshore_wind_generation,Wind Offshore,2026-08-17T08:52:17Z
2026-08-17T08:43:25Z,2026-08-17T10:43:25+0200,5f9ba03d-f545-4cd2-8996-d770f48fc74d,2026-08-03T14:00:00Z,2026-08-03T16:00:00+0200,259.0,MW,DK2,DK_2,forecast_offshore_wind_generation,Wind Offshore,2026-08-17T08:52:17Z
2026-08-17T08:43:25Z,2026-08-17T10:43:25+0200,5f9ba03d-f545-4cd2-8996-d770f48fc74d,2026-08-03T14:15:00Z,2026-08-03T16:15:00+0200,272.5,MW,DK2,DK_2,forecast_offshore_wind_generation,Wind Offshore,2026-08-17T08:52:17Z
2026-08-17T08:43:25Z,2026-08-17T10:43:25+0200,5f9ba03d-f545-4cd2-8996-d770f48fc74d,2026-08-03T14:30:00Z,2026-08-03T16:30:00+0200,286.0,MW,DK2,DK_2,forecast_offshore_wind_generation,Wind Offshore,2026-08-17T08:52:17Z
2026-08-17T08:43:25Z,2026-08-17T10:43:25+0200,5f9ba03d-f545-4cd2-8996-d770f48fc74d,2026-08-03T14:45:00Z,2026-08-03T16:45:00+0200,298.333333,MW,DK2,DK_2,forecast_offshore_wind_generation,Wind Offshore,2026-08-17T08:52:17Z
2026-08-17T08:43:25Z,2026-08-17T10:43:25+0200,5f9ba03d-f545-4cd2-8996-d770f48fc74d,2026-08-03T15:00:00Z,2026-08-03T17:00:00+0200,307.0,MW,DK2,DK_2,forecast_offshore_wind_generation,Wind Offshore,2026-08-17T08:52:17Z
2026-08-17T08:43:25Z,2026-08-17T10:43:25+0200,5f9ba03d-f545-4cd2-8996-d770f48fc74d,2026-08-03T15:15:00Z,2026-08-03T17:15:00+0200,314.166666,MW,DK2,DK_2,forecast_offshore_wind_generation,Wind Offshore,2026-08-17T08:52:17Z
2026-08-17T08:43:25Z,2026-08-17T10:43:25+0200,5f9ba03d-f545-4cd2-8996-d770f48fc74d,2026-08-03T15:30:00Z,2026-08-03T17:30:00+0200,321.0,MW,DK2,DK_2,forecast_offshore_wind_generation,Wind Offshore,2026-08-17T08:52:17Z
2026-08-17T08:43:25Z,2026-08-17T10:43:25+0200,5f9ba03d-f545-4cd2-8996-d770f48fc74d,2026-08-03T15:45:00Z,2026-08-03T17:45:00+0200,328.0,MW,DK2,DK_2,forecast_offshore_wind_generation,Wind Offshore,2026-08-17T08:52:17Z
2026-08-17T08:43:25Z,2026-08-17T10:43:25+0200,5f9ba03d-f545-4cd2-8996-d770f48fc74d,2026-08-03T16:00:00Z,2026-08-03T18:00:00+0200,335.833333,MW,DK2,DK_2,forecast_offshore_wind_generation,Wind Offshore,2026-08-17T08:52:17Z
2026-08-17T08:43:25Z,2026-08-17T10:43:25+0200,5f9ba03d-f545-4cd2-8996-d770f48fc74d,2026-08-03T16:15:00Z,2026-08-03T18:15:00+0200,346.333333,MW,DK2,DK_2,forecast_offshore_wind_generation,Wind Offshore,2026-08-17T08:52:17Z
2026-08-17T08:43:25Z,2026-08-17T10:43:25+0200,5f9ba03d-f545-4cd2-8996-d770f48fc74d,2026-08-03T16:30:00Z,2026-08-03T18:30:00+0200,359.166666,MW,DK2,DK_2,forecast_offshore_wind_generation,Wind Offshore,2026-08-17T08:52:17Z
2026-08-17T08:43:25Z,2026-08-17T10:43:25+0200,5f9ba03d-f545-4cd2-8996-d770f48fc74d,2026-08-03T16:45:00Z,2026-08-03T18:45:00+0200,371.5,MW,DK2,DK_2,forecast_offshore_wind_generation,Wind Offshore,2026-08-17T08:52:17Z
2026-08-17T08:43:25Z,2026-08-17T10:43:25+0200,5f9ba03d-f545-4cd2-8996-d770f48fc74d,2026-08-03T17:00:00Z,2026-08-03T19:00:00+0200,381.5,MW,DK2,DK_2,forecast_offshore_wind_generation,Wind Offshore,2026-08-17T08:52:17Z
2026-08-17T08:43:25Z,2026-08-17T10:43:25+0200,5f9ba03d-f545-4cd2-8996-d770f48fc74d,2026-08-03T17:15:00Z,2026-08-03T19:15:00+0200,391.333333,MW,DK2,DK_2,forecast_offshore_wind_generation,Wind Offshore,2026-08-17T08:52:17Z
2026-08-17T08:43:25Z,2026-08-17T10:43:25+0200,5f9ba03d-f545-4cd2-8996-d770f48fc74d,2026-08-03T17:30:00Z,2026-08-03T19:30:00+0200,400.0,MW,DK2,DK_2,forecast_offshore_wind_generation,Wind Offshore,2026-08-17T08:52:17Z
2026-08-17T08:43:25Z,2026-08-17T10:43:25+0200,5f9ba03d-f545-4cd2-8996-d770f48fc74d,2026-08-03T17:45:00Z,2026-08-03T19:45:00+0200,408.333333,MW,DK2,DK_2,forecast_offshore_wind_generation,Wind Offshore,2026-08-17T08:52:17Z
2026-08-17T08:43:25Z,2026-08-17T10:43:25+0200,5f9ba03d-f545-4cd2-8996-d770f48fc74d,2026-08-03T18:00:00Z,2026-08-03T20:00:00+0200,416.666666,MW,DK2,DK_2,forecast_offshore_wind_generation,Wind Offshore,2026-08-17T08:52:17Z
2026-08-17T08:43:25Z,2026-08-17T10:43:25+0200,5f9ba03d-f545-4cd2-8996-d770f48fc74d,2026-08-03T18:15:00Z,2026-08-03T20:15:00+0200,427.166666,MW,DK2,DK_2,forecast_offshore_wind_generation,Wind Offshore,2026-08-17T08:52:17Z
2026-08-17T08:43:25Z,2026-08-17T10:43:25+0200,5f9ba03d-f545-4cd2-8996-d770f48fc74d,2026-08-03T18:30:00Z,2026-08-03T20:30:00+0200,439.0,MW,DK2,DK_2,forecast_offshore_wind_generation,Wind Offshore,2026-08-17T08:52:17Z
2026-08-17T08:43:25Z,2026-08-17T10:43:25+0200,5f9ba03d-f545-4cd2-8996-d770f48fc74d,2026-08-03T18:45:00Z,2026-08-03T20:45:00+0200,450.166666,MW,DK2,DK_2,forecast_offshore_wind_generation,Wind Offshore,2026-08-17T08:52:17Z
2026-08-17T08:43:25Z,2026-08-17T10:43:25+0200,5f9ba03d-f545-4cd2-8996-d770f48fc74d,2026-08-03T19:00:00Z,2026-08-03T21:00:00+0200,457.5,MW,DK2,DK_2,forecast_offshore_wind_generation,Wind Offshore,2026-08-17T08:52:17Z
2026-08-17T08:43:25Z,2026-08-17T10:43:25+0200,5f9ba03d-f545-4cd2-8996-d770f48fc74d,2026-08-03T19:15:00Z,2026-08-03T21:15:00+0200,464.0,MW,DK2,DK_2,forecast_offshore_wind_generation,Wind Offshore,2026-08-17T08:52:17Z
2026-08-17T08:43:25Z,2026-08-17T10:43:25+0200,5f9ba03d-f545-4cd2-8996-d770f48fc74d,2026-08-03T19:30:00Z,2026-08-03T21:30:00+0200,470.0,MW,DK2,DK_2,forecast_offshore_wind_generation,Wind Offshore,2026-08-17T08:52:17Z
2026-08-17T08:43:25Z,2026-08-17T10:43:25+0200,5f9ba03d-f545-4cd2-8996-d770f48fc74d,2026-08-03T19:45:00Z,2026-08-03T21:45:00+0200,475.0,MW,DK2,DK_2,forecast_offshore_wind_generation,Wind Offshore,2026-08-17T08:52:17Z
2026-08-17T08:43:25Z,2026-08-17T10:43:25+0200,5f9ba03d-f545-4cd2-8996-d770f48fc74d,2026-08-03T20:00:00Z,2026-08-03T22:00:00+0200,479.333333,MW,DK2,DK_2,forecast_offshore_wind_generation,Wind Offshore,2026-08-17T08:52:17Z
2026-08-17T08:43:25Z,2026-08-17T10:43:25+0200,5f9ba03d-f545-4cd2-8996-d770f48fc74d,2026-08-03T20:15:00Z,2026-08-03T22:15:00+0200,482.0,MW,DK2,DK_2,forecast_offshore_wind_generation,Wind Offshore,2026-08-17T08:52:17Z
2026-08-17T08:43:25Z,2026-08-17T10:43:25+0200,5f9ba03d-f545-4cd2-8996-d770f48fc74d,2026-08-03T20:30:00Z,2026-08-03T22:30:00+0200,484.5,MW,DK2,DK_2,forecast_offshore_wind_generation,Wind Offshore,2026-08-17T08:52:17Z
2026-08-17T08:43:25Z,2026-08-17T10:43:25+0200,5f9ba03d-f545-4cd2-8996-d770f48fc74d,2026-08-03T20:45:00Z,2026-08-03T22:45:00+0200,487.0,MW,DK2,DK_2,forecast_offshore_wind_generation,Wind Offshore,2026-08-17T08:52:17Z
2026-08-17T08:43:25Z,2026-08-17T10:43:25+0200,5f9ba03d-f545-4cd2-8996-d770f48fc74d,2026-08-03T21:00:00Z,2026-08-03T23:00:00+0200,488.5,MW,DK2,DK_2,forecast_offshore_wind_generation,Wind Offshore,2026-08-17T08:52:17Z
2026-08-17T08:43:25Z,2026-08-17T10:43:25+0200,5f9ba03d-f545-4cd2-8996-d770f48fc74d,2026-08-03T21:15:00Z,2026-08-03T23:15:00+0200,489.5,MW,DK2,DK_2,forecast_offshore_wind_generation,Wind Offshore,2026-08-17T08:52:17Z
2026-08-17T08:43:25Z,2026-08-17T10:43:25+0200,5f9ba03d-f545-4cd2-8996-d770f48fc74d,2026-08-03T21:30:00Z,2026-08-03T23:30:00+0200,490.833333,MW,DK2,DK_2,forecast_offshore_wind_generation,Wind Offshore,2026-08-17T08:52:17Z
2026-08-17T08:43:25Z,2026-08-17T10:43:25+0200,5f9ba03d-f545-4cd2-8996-d770f48fc74d,2026-08-03T21:45:00Z,2026-08-03T23:45:00+0200,491.0,MW,DK2,DK_2,forecast_offshore_wind_generation,Wind Offshore,2026-08-17T08:52:17Z
2026-08-17T08:43:25Z,2026-08-17T10:43:25+0200,5f9ba03d-f545-4cd2-8996-d770f48fc74d,2026-08-03T22:00:00Z,2026-08-04T00:00:00+0200,437.0,MW,DK2,DK_2,forecast_offshore_wind_generation,Wind Offshore,2026-08-17T08:52:17Z
2026-08-17T08:43:25Z,2026-08-17T10:43:25+0200,5f9ba03d-f545-4cd2-8996-d770f48fc74d,2026-08-03T22:15:00Z,2026-08-04T00:15:00+0200,437.0,MW,DK2,DK_2,forecast_offshore_wind_generation,Wind Offshore,2026-08-17T08:52:17Z
2026-08-17T08:43:25Z,2026-08-17T10:43:25+0200,5f9ba03d-f545-4cd2-8996-d770f48fc74d,2026-08-03T22:30:00Z,2026-08-04T00:30:00+0200,437.0,MW,DK2,DK_2,forecast_offshore_wind_generation,Wind Offshore,2026-08-17T08:52:17Z
2026-08-17T08:43:25Z,2026-08-17T10:43:25+0200,5f9ba03d-f545-4cd2-8996-d770f48fc74d,2026-08-03T22:45:00Z,2026-08-04T00:45:00+0200,437.0,MW,DK2,DK_2,forecast_offshore_wind_generation,Wind Offshore,2026-08-17T08:52:17Z
2026-08-17T08:43:25Z,2026-08-17T10:43:25+0200,5f9ba03d-f545-4cd2-8996-d770f48fc74d,2026-08-03T23:00:00Z,2026-08-04T01:00:00+0200,437.0,MW,DK2,DK_2,forecast_offshore_wind_generation,Wind Offshore,2026-08-17T08:52:17Z
2026-08-17T08:43:25Z,2026-08-17T10:43:25+0200,5f9ba03d-f545-4cd2-8996-d770f48fc74d,2026-08-03T23:15:00Z,2026-08-04T01:15:00+0200,436.166666,MW,DK2,DK_2,forecast_offshore_wind_generation,Wind Offshore,2026-08-17T08:52:17Z
2026-08-17T08:43:25Z,2026-08-17T10:43:25+0200,5f9ba03d-f545-4cd2-8996-d770f48fc74d,2026-08-03T23:30:00Z,2026-08-04T01:30:00+0200,435.5,MW,DK2,DK_2,forecast_offshore_wind_generation,Wind Offshore,2026-08-17T08:52:17Z
2026-08-17T08:43:25Z,2026-08-17T10:43:25+0200,5f9ba03d-f545-4cd2-8996-d770f48fc74d,2026-08-03T23:45:00Z,2026-08-04T01:45:00+0200,436.0,MW,DK2,DK_2,forecast_offshore_wind_generation,Wind Offshore,2026-08-17T08:52:17Z
2026-08-17T08:43:25Z,2026-08-17T10:43:25+0200,5f9ba03d-f545-4cd2-8996-d770f48fc74d,2026-08-04T00:00:00Z,2026-08-04T02:00:00+0200,439.0,MW,DK2,DK_2,forecast_offshore_wind_generation,Wind Offshore,2026-08-17T08:52:17Z
2026-08-17T08:43:25Z,2026-08-17T10:43:25+0200,5f9ba03d-f545-4cd2-8996-d770f48fc74d,2026-08-04T00:15:00Z,2026-08-04T02:15:00+0200,444.5,MW,DK2,DK_2,forecast_offshore_wind_generation,Wind Offshore,2026-08-17T08:52:17Z
2026-08-17T08:43:25Z,2026-08-17T10:43:25+0200,5f9ba03d-f545-4cd2-8996-d770f48fc74d,2026-08-04T00:30:00Z,2026-08-04T02:30:00+0200,451.0,MW,DK2,DK_2,forecast_offshore_wind_generation,Wind Offshore,2026-08-17T08:52:17Z
2026-08-17T08:43:25Z,2026-08-17T10:43:25+0200,5f9ba03d-f545-4cd2-8996-d770f48fc74d,2026-08-04T00:45:00Z,2026-08-04T02:45:00+0200,457.0,MW,DK2,DK_2,forecast_offshore_wind_generation,Wind Offshore,2026-08-17T08:52:17Z
2026-08-17T08:43:25Z,2026-08-17T10:43:25+0200,5f9ba03d-f545-4cd2-8996-d770f48fc74d,2026-08-04T01:00:00Z,2026-08-04T03:00:00+0200,460.833333,MW,DK2,DK_2,forecast_offshore_wind_generation,Wind Offshore,2026-08-17T08:52:17Z
2026-08-17T08:43:25Z,2026-08-17T10:43:25+0200,5f9ba03d-f545-4cd2-8996-d770f48fc74d,2026-08-04T01:15:00Z,2026-08-04T03:15:00+0200,460.333333,MW,DK2,DK_2,forecast_offshore_wind_generation,Wind Offshore,2026-08-17T08:52:17Z
2026-08-17T08:43:25Z,2026-08-17T10:43:25+0200,5f9ba03d-f545-4cd2-8996-d770f48fc74d,2026-08-04T01:30:00Z,2026-08-04T03:30:00+0200,457.5,MW,DK2,DK_2,forecast_offshore_wind_generation,Wind Offshore,2026-08-17T08:52:17Z
2026-08-17T08:43:25Z,2026-08-17T10:43:25+0200,5f9ba03d-f545-4cd2-8996-d770f48fc74d,2026-08-04T01:45:00Z,2026-08-04T03:45:00+0200,455.5,MW,DK2,DK_2,forecast_offshore_wind_generation,Wind Offshore,2026-08-17T08:52:17Z
2026-08-17T08:43:25Z,2026-08-17T10:43:25+0200,5f9ba03d-f545-4cd2-8996-d770f48fc74d,2026-08-04T02:00:00Z,2026-08-04T04:00:00+0200,456.5,MW,DK2,DK_2,forecast_offshore_wind_generation,Wind Offshore,2026-08-17T08:52:17Z
2026-08-17T08:43:25Z,2026-08-17T10:43:25+0200,5f9ba03d-f545-4cd2-8996-d770f48fc74d,2026-08-04T02:15:00Z,2026-08-04T04:15:00+0200,461.5,MW,DK2,DK_2,forecast_offshore_wind_generation,Wind Offshore,2026-08-17T08:52:17Z
2026-08-17T08:43:25Z,2026-08-17T10:43:25+0200,5f9ba03d-f545-4cd2-8996-d770f48fc74d,2026-08-04T02:30:00Z,2026-08-04T04:30:00+0200,468.833333,MW,DK2,DK_2,forecast_offshore_wind_generation,Wind Offshore,2026-08-17T08:52:17Z
2026-08-17T08:43:25Z,2026-08-17T10:43:25+0200,5f9ba03d-f545-4cd2-8996-d770f48fc74d,2026-08-04T02:45:00Z,2026-08-04T04:45:00+0200,470.666666,MW,DK2,DK_2,forecast_offshore_wind_generation,Wind Offshore,2026-08-17T08:52:17Z
2026-08-17T08:43:25Z,2026-08-17T10:43:25+0200,5f9ba03d-f545-4cd2-8996-d770f48fc74d,2026-08-04T03:00:00Z,2026-08-04T05:00:00+0200,467.0,MW,DK2,DK_2,forecast_offshore_wind_generation,Wind Offshore,2026-08-17T08:52:17Z
2026-08-17T08:43:25Z,2026-08-17T10:43:25+0200,5f9ba03d-f545-4cd2-8996-d770f48fc74d,2026-08-04T03:15:00Z,2026-08-04T05:15:00+0200,459.333333,MW,DK2,DK_2,forecast_offshore_wind_generation,Wind Offshore,2026-08-17T08:52:17Z
2026-08-17T08:43:25Z,2026-08-17T10:43:25+0200,5f9ba03d-f545-4cd2-8996-d770f48fc74d,2026-08-04T03:30:00Z,2026-08-04T05:30:00+0200,449.5,MW,DK2,DK_2,forecast_offshore_wind_generation,Wind Offshore,2026-08-17T08:52:17Z
2026-08-17T08:43:25Z,2026-08-17T10:43:25+0200,5f9ba03d-f545-4cd2-8996-d770f48fc74d,2026-08-04T03:45:00Z,2026-08-04T05:45:00+0200,441.333333,MW,DK2,DK_2,forecast_offshore_wind_generation,Wind Offshore,2026-08-17T08:52:17Z
2026-08-17T08:43:25Z,2026-08-17T10:43:25+0200,5f9ba03d-f545-4cd2-8996-d770f48fc74d,2026-08-04T04:00:00Z,2026-08-04T06:00:00+0200,437.666666,MW,DK2,DK_2,forecast_offshore_wind_generation,Wind Offshore,2026-08-17T08:52:17Z
2026-08-17T08:43:25Z,2026-08-17T10:43:25+0200,5f9ba03d-f545-4cd2-8996-d770f48fc74d,2026-08-04T04:15:00Z,2026-08-04T06:15:00+0200,438.0,MW,DK2,DK_2,forecast_offshore_wind_generation,Wind Offshore,2026-08-17T08:52:17Z
2026-08-17T08:43:25Z,2026-08-17T10:43:25+0200,5f9ba03d-f545-4cd2-8996-d770f48fc74d,2026-08-04T04:30:00Z,2026-08-04T06:30:00+0200,441.333333,MW,DK2,DK_2,forecast_offshore_wind_generation,Wind Offshore,2026-08-17T08:52:17Z
2026-08-17T08:43:25Z,2026-08-17T10:43:25+0200,5f9ba03d-f545-4cd2-8996-d770f48fc74d,2026-08-04T04:45:00Z,2026-08-04T06:45:00+0200,444.666666,MW,DK2,DK_2,forecast_offshore_wind_generation,Wind Offshore,2026-08-17T08:52:17Z
2026-08-17T08:43:25Z,2026-08-17T10:43:25+0200,5f9ba03d-f545-4cd2-8996-d770f48fc74d,2026-08-04T05:00:00Z,2026-08-04T07:00:00+0200,448.666666,MW,DK2,DK_2,forecast_offshore_wind_generation,Wind Offshore,2026-08-17T08:52:17Z
2026-08-17T08:43:25Z,2026-08-17T10:43:25+0200,5f9ba03d-f545-4cd2-8996-d770f48fc74d,2026-08-04T05:15:00Z,2026-08-04T07:15:00+0200,453.0,MW,DK2,DK_2,forecast_offshore_wind_generation,Wind Offshore,2026-08-17T08:52:17Z
2026-08-17T08:43:25Z,2026-08-17T10:43:25+0200,5f9ba03d-f545-4cd2-8996-d770f48fc74d,2026-08-04T05:30:00Z,2026-08-04T07:30:00+0200,457.5,MW,DK2,DK_2,forecast_offshore_wind_generation,Wind Offshore,2026-08-17T08:52:17Z
2026-08-17T08:43:25Z,2026-08-17T10:43:25+0200,5f9ba03d-f545-4cd2-8996-d770f48fc74d,2026-08-04T05:45:00Z,2026-08-04T07:45:00+0200,461.5,MW,DK2,DK_2,forecast_offshore_wind_generation,Wind Offshore,2026-08-17T08:52:17Z
2026-08-17T08:43:25Z,2026-08-17T10:43:25+0200,5f9ba03d-f545-4cd2-8996-d770f48fc74d,2026-08-04T06:00:00Z,2026-08-04T08:00:00+0200,465.166666,MW,DK2,DK_2,forecast_offshore_wind_generation,Wind Offshore,2026-08-17T08:52:17Z
2026-08-17T08:43:25Z,2026-08-17T10:43:25+0200,5f9ba03d-f545-4cd2-8996-d770f48fc74d,2026-08-04T06:15:00Z,2026-08-04T08:15:00+0200,470.166666,MW,DK2,DK_2,forecast_offshore_wind_generation,Wind Offshore,2026-08-17T08:52:17Z
2026-08-17T08:43:25Z,2026-08-17T10:43:25+0200,5f9ba03d-f545-4cd2-8996-d770f48fc74d,2026-08-04T06:30:00Z,2026-08-04T08:30:00+0200,477.333333,MW,DK2,DK_2,forecast_offshore_wind_generation,Wind Offshore,2026-08-17T08:52:17Z
2026-08-17T08:43:25Z,2026-08-17T10:43:25+0200,5f9ba03d-f545-4cd2-8996-d770f48fc74d,2026-08-04T06:45:00Z,2026-08-04T08:45:00+0200,483.833333,MW,DK2,DK_2,forecast_offshore_wind_generation,Wind Offshore,2026-08-17T08:52:17Z
2026-08-17T08:43:25Z,2026-08-17T10:43:25+0200,5f9ba03d-f545-4cd2-8996-d770f48fc74d,2026-08-04T07:00:00Z,2026-08-04T09:00:00+0200,487.333333,MW,DK2,DK_2,forecast_offshore_wind_generation,Wind Offshore,2026-08-17T08:52:17Z
2026-08-17T08:43:25Z,2026-08-17T10:43:25+0200,5f9ba03d-f545-4cd2-8996-d770f48fc74d,2026-08-04T07:15:00Z,2026-08-04T09:15:00+0200,487.0,MW,DK2,DK_2,forecast_offshore_wind_generation,Wind Offshore,2026-08-17T08:52:17Z
2026-08-17T08:43:25Z,2026-08-17T10:43:25+0200,5f9ba03d-f545-4cd2-8996-d770f48fc74d,2026-08-04T07:30:00Z,2026-08-04T09:30:00+0200,484.0,MW,DK2,DK_2,forecast_offshore_wind_generation,Wind Offshore,2026-08-17T08:52:17Z
2026-08-17T08:43:25Z,2026-08-17T10:43:25+0200,5f9ba03d-f545-4cd2-8996-d770f48fc74d,2026-08-04T07:45:00Z,2026-08-04T09:45:00+0200,480.666666,MW,DK2,DK_2,forecast_offshore_wind_generation,Wind Offshore,2026-08-17T08:52:17Z
2026-08-17T08:43:25Z,2026-08-17T10:43:25+0200,5f9ba03d-f545-4cd2-8996-d770f48fc74d,2026-08-04T08:00:00Z,2026-08-04T10:00:00+0200,479.0,MW,DK2,DK_2,forecast_offshore_wind_generation,Wind Offshore,2026-08-17T08:52:17Z
2026-08-17T08:43:25Z,2026-08-17T10:43:25+0200,5f9ba03d-f545-4cd2-8996-d770f48fc74d,2026-08-04T08:15:00Z,2026-08-04T10:15:00+0200,476.333333,MW,DK2,DK_2,forecast_offshore_wind_generation,Wind Offshore,2026-08-17T08:52:17Z
2026-08-17T08:43:25Z,2026-08-17T10:43:25+0200,5f9ba03d-f545-4cd2-8996-d770f48fc74d,2026-08-04T08:30:00Z,2026-08-04T10:30:00+0200,470.833333,MW,DK2,DK_2,forecast_offshore_wind_generation,Wind Offshore,2026-08-17T08:52:17Z
2026-08-17T08:43:25Z,2026-08-17T10:43:25+0200,5f9ba03d-f545-4cd2-8996-d770f48fc74d,2026-08-04T08:45:00Z,2026-08-04T10:45:00+0200,464.0,MW,DK2,DK_2,forecast_offshore_wind_generation,Wind Offshore,2026-08-17T08:52:17Z
2026-08-17T08:43:25Z,2026-08-17T10:43:25+0200,5f9ba03d-f545-4cd2-8996-d770f48fc74d,2026-08-04T09:00:00Z,2026-08-04T11:00:00+0200,458.166666,MW,DK2,DK_2,forecast_offshore_wind_generation,Wind Offshore,2026-08-17T08:52:17Z
2026-08-17T08:43:25Z,2026-08-17T10:43:25+0200,5f9ba03d-f545-4cd2-8996-d770f48fc74d,2026-08-04T09:15:00Z,2026-08-04T11:15:00+0200,456.0,MW,DK2,DK_2,forecast_offshore_wind_generation,Wind Offshore,2026-08-17T08:52:17Z
2026-08-17T08:43:25Z,2026-08-17T10:43:25+0200,5f9ba03d-f545-4cd2-8996-d770f48fc74d,2026-08-04T09:30:00Z,2026-08-04T11:30:00+0200,456.5,MW,DK2,DK_2,forecast_offshore_wind_generation,Wind Offshore,2026-08-17T08:52:17Z
2026-08-17T08:43:25Z,2026-08-17T10:43:25+0200,5f9ba03d-f545-4cd2-8996-d770f48fc74d,2026-08-04T09:45:00Z,2026-08-04T11:45:00+0200,458.666666,MW,DK2,DK_2,forecast_offshore_wind_generation,Wind Offshore,2026-08-17T08:52:17Z
2026-08-17T08:43:25Z,2026-08-17T10:43:25+0200,5f9ba03d-f545-4cd2-8996-d770f48fc74d,2026-08-04T10:00:00Z,2026-08-04T12:00:00+0200,464.0,MW,DK2,DK_2,forecast_offshore_wind_generation,Wind Offshore,2026-08-17T08:52:17Z
2026-08-17T08:43:25Z,2026-08-17T10:43:25+0200,5f9ba03d-f545-4cd2-8996-d770f48fc74d,2026-08-04T10:15:00Z,2026-08-04T12:15:00+0200,471.333333,MW,DK2,DK_2,forecast_offshore_wind_generation,Wind Offshore,2026-08-17T08:52:17Z
2026-08-17T08:43:25Z,2026-08-17T10:43:25+0200,5f9ba03d-f545-4cd2-8996-d770f48fc74d,2026-08-04T10:30:00Z,2026-08-04T12:30:00+0200,479.333333,MW,DK2,DK_2,forecast_offshore_wind_generation,Wind Offshore,2026-08-17T08:52:17Z
2026-08-17T08:43:25Z,2026-08-17T10:43:25+0200,5f9ba03d-f545-4cd2-8996-d770f48fc74d,2026-08-04T10:45:00Z,2026-08-04T12:45:00+0200,486.833333,MW,DK2,DK_2,forecast_offshore_wind_generation,Wind Offshore,2026-08-17T08:52:17Z
2026-08-17T08:43:25Z,2026-08-17T10:43:25+0200,5f9ba03d-f545-4cd2-8996-d770f48fc74d,2026-08-04T11:00:00Z,2026-08-04T13:00:00+0200,493.0,MW,DK2,DK_2,forecast_offshore_wind_generation,Wind Offshore,2026-08-17T08:52:17Z
2026-08-17T08:43:25Z,2026-08-17T10:43:25+0200,5f9ba03d-f545-4cd2-8996-d770f48fc74d,2026-08-04T11:15:00Z,2026-08-04T13:15:00+0200,499.0,MW,DK2,DK_2,forecast_offshore_wind_generation,Wind Offshore,2026-08-17T08:52:17Z
2026-08-17T08:43:25Z,2026-08-17T10:43:25+0200,5f9ba03d-f545-4cd2-8996-d770f48fc74d,2026-08-04T11:30:00Z,2026-08-04T13:30:00+0200,504.0,MW,DK2,DK_2,forecast_offshore_wind_generation,Wind Offshore,2026-08-17T08:52:17Z
2026-08-17T08:43:25Z,2026-08-17T10:43:25+0200,5f9ba03d-f545-4cd2-8996-d770f48fc74d,2026-08-04T11:45:00Z,2026-08-04T13:45:00+0200,506.5,MW,DK2,DK_2,forecast_offshore_wind_generation,Wind Offshore,2026-08-17T08:52:17Z
2026-08-17T08:43:25Z,2026-08-17T10:43:25+0200,5f9ba03d-f545-4cd2-8996-d770f48fc74d,2026-08-04T12:00:00Z,2026-08-04T14:00:00+0200,506.0,MW,DK2,DK_2,forecast_offshore_wind_generation,Wind Offshore,2026-08-17T08:52:17Z
2026-08-17T08:43:25Z,2026-08-17T10:43:25+0200,5f9ba03d-f545-4cd2-8996-d770f48fc74d,2026-08-04T12:15:00Z,2026-08-04T14:15:00+0200,502.833333,MW,DK2,DK_2,forecast_offshore_wind_generation,Wind Offshore,2026-08-17T08:52:17Z
2026-08-17T08:43:25Z,2026-08-17T10:43:25+0200,5f9ba03d-f545-4cd2-8996-d770f48fc74d,2026-08-04T12:30:00Z,2026-08-04T14:30:00+0200,497.5,MW,DK2,DK_2,forecast_offshore_wind_generation,Wind Offshore,2026-08-17T08:52:17Z
2026-08-17T08:43:25Z,2026-08-17T10:43:25+0200,5f9ba03d-f545-4cd2-8996-d770f48fc74d,2026-08-04T12:45:00Z,2026-08-04T14:45:00+0200,493.666666,MW,DK2,DK_2,forecast_offshore_wind_generation,Wind Offshore,2026-08-17T08:52:17Z
2026-08-17T08:43:25Z,2026-08-17T10:43:25+0200,5f9ba03d-f545-4cd2-8996-d770f48fc74d,2026-08-04T13:00:00Z,2026-08-04T15:00:00+0200,493.166666,MW,DK2,DK_2,forecast_offshore_wind_generation,Wind Offshore,2026-08-17T08:52:17Z
2026-08-17T08:43:25Z,2026-08-17T10:43:25+0200,5f9ba03d-f545-4cd2-8996-d770f48fc74d,2026-08-04T13:15:00Z,2026-08-04T15:15:00+0200,496.0,MW,DK2,DK_2,forecast_offshore_wind_generation,Wind Offshore,2026-08-17T08:52:17Z
2026-08-17T08:43:25Z,2026-08-17T10:43:25+0200,5f9ba03d-f545-4cd2-8996-d770f48fc74d,2026-08-04T13:30:00Z,2026-08-04T15:30:00+0200,500.833333,MW,DK2,DK_2,forecast_offshore_wind_generation,Wind Offshore,2026-08-17T08:52:17Z
2026-08-17T08:43:25Z,2026-08-17T10:43:25+0200,5f9ba03d-f545-4cd2-8996-d770f48fc74d,2026-08-04T13:45:00Z,2026-08-04T15:45:00+0200,505.333333,MW,DK2,DK_2,forecast_offshore_wind_generation,Wind Offshore,2026-08-17T08:52:17Z
2026-08-17T08:43:25Z,2026-08-17T10:43:25+0200,5f9ba03d-f545-4cd2-8996-d770f48fc74d,2026-08-04T14:00:00Z,2026-08-04T16:00:00+0200,507.0,MW,DK2,DK_2,forecast_offshore_wind_generation,Wind Offshore,2026-08-17T08:52:17Z
2026-08-17T08:43:25Z,2026-08-17T10:43:25+0200,5f9ba03d-f545-4cd2-8996-d770f48fc74d,2026-08-04T14:15:00Z,2026-08-04T16:15:00+0200,506.166666,MW,DK2,DK_2,forecast_offshore_wind_generation,Wind Offshore,2026-08-17T08:52:17Z
2026-08-17T08:43:25Z,2026-08-17T10:43:25+0200,5f9ba03d-f545-4cd2-8996-d770f48fc74d,2026-08-04T14:30:00Z,2026-08-04T16:30:00+0200,506.0,MW,DK2,DK_2,forecast_offshore_wind_generation,Wind Offshore,2026-08-17T08:52:17Z
2026-08-17T08:43:25Z,2026-08-17T10:43:25+0200,5f9ba03d-f545-4cd2-8996-d770f48fc74d,2026-08-04T14:45:00Z,2026-08-04T16:45:00+0200,506.166666,MW,DK2,DK_2,forecast_offshore_wind_generation,Wind Offshore,2026-08-17T08:52:17Z
2026-08-17T08:43:25Z,2026-08-17T10:43:25+0200,5f9ba03d-f545-4cd2-8996-d770f48fc74d,2026-08-04T15:00:00Z,2026-08-04T17:00:00+0200,505.333333,MW,DK2,DK_2,forecast_offshore_wind_generation,Wind Offshore,2026-08-17T08:52:17Z
2026-08-17T08:43:25Z,2026-08-17T10:43:25+0200,5f9ba03d-f545-4cd2-8996-d770f48fc74d,2026-08-04T15:15:00Z,2026-08-04T17:15:00+0200,499.166666,MW,DK2,DK_2,forecast_offshore_wind_generation,Wind Offshore,2026-08-17T08:52:17Z
2026-08-17T08:43:25Z,2026-08-17T10:43:25+0200,5f9ba03d-f545-4cd2-8996-d770f48fc74d,2026-08-04T15:30:00Z,2026-08-04T17:30:00+0200,489.666666,MW,DK2,DK_2,forecast_offshore_wind_generation,Wind Offshore,2026-08-17T08:52:17Z
2026-08-17T08:43:25Z,2026-08-17T10:43:25+0200,5f9ba03d-f545-4cd2-8996-d770f48fc74d,2026-08-04T15:45:00Z,2026-08-04T17:45:00+0200,482.333333,MW,DK2,DK_2,forecast_offshore_wind_generation,Wind Offshore,2026-08-17T08:52:17Z
2026-08-17T08:43:25Z,2026-08-17T10:43:25+0200,5f9ba03d-f545-4cd2-8996-d770f48fc74d,2026-08-04T16:00:00Z,2026-08-04T18:00:00+0200,479.0,MW,DK2,DK_2,forecast_offshore_wind_generation,Wind Offshore,2026-08-17T08:52:17Z
2026-08-17T08:43:25Z,2026-08-17T10:43:25+0200,5f9ba03d-f545-4cd2-8996-d770f48fc74d,2026-08-04T16:15:00Z,2026-08-04T18:15:00+0200,478.666666,MW,DK2,DK_2,forecast_offshore_wind_generation,Wind Offshore,2026-08-17T08:52:17Z
2026-08-17T08:43:25Z,2026-08-17T10:43:25+0200,5f9ba03d-f545-4cd2-8996-d770f48fc74d,2026-08-04T16:30:00Z,2026-08-04T18:30:00+0200,481.666666,MW,DK2,DK_2,forecast_offshore_wind_generation,Wind Offshore,2026-08-17T08:52:17Z
2026-08-17T08:43:25Z,2026-08-17T10:43:25+0200,5f9ba03d-f545-4cd2-8996-d770f48fc74d,2026-08-04T16:45:00Z,2026-08-04T18:45:00+0200,485.5,MW,DK2,DK_2,forecast_offshore_wind_generation,Wind Offshore,2026-08-17T08:52:17Z
2026-08-17T08:43:25Z,2026-08-17T10:43:25+0200,5f9ba03d-f545-4cd2-8996-d770f48fc74d,2026-08-04T17:00:00Z,2026-08-04T19:00:00+0200,491.0,MW,DK2,DK_2,forecast_offshore_wind_generation,Wind Offshore,2026-08-17T08:52:17Z
2026-08-17T08:43:25Z,2026-08-17T10:43:25+0200,5f9ba03d-f545-4cd2-8996-d770f48fc74d,2026-08-04T17:15:00Z,2026-08-04T19:15:00+0200,505.166666,MW,DK2,DK_2,forecast_offshore_wind_generation,Wind Offshore,2026-08-17T08:52:17Z
2026-08-17T08:43:25Z,2026-08-17T10:43:25+0200,5f9ba03d-f545-4cd2-8996-d770f48fc74d,2026-08-04T17:30:00Z,2026-08-04T19:30:00+0200,522.166666,MW,DK2,DK_2,forecast_offshore_wind_generation,Wind Offshore,2026-08-17T08:52:17Z
2026-08-17T08:43:25Z,2026-08-17T10:43:25+0200,5f9ba03d-f545-4cd2-8996-d770f48fc74d,2026-08-04T17:45:00Z,2026-08-04T19:45:00+0200,533.333333,MW,DK2,DK_2,forecast_offshore_wind_generation,Wind Offshore,2026-08-17T08:52:17Z
2026-08-17T08:43:25Z,2026-08-17T10:43:25+0200,5f9ba03d-f545-4cd2-8996-d770f48fc74d,2026-08-04T18:00:00Z,2026-08-04T20:00:00+0200,532.666666,MW,DK2,DK_2,forecast_offshore_wind_generation,Wind Offshore,2026-08-17T08:52:17Z
2026-08-17T08:43:25Z,2026-08-17T10:43:25+0200,5f9ba03d-f545-4cd2-8996-d770f48fc74d,2026-08-04T18:15:00Z,2026-08-04T20:15:00+0200,523.5,MW,DK2,DK_2,forecast_offshore_wind_generation,Wind Offshore,2026-08-17T08:52:17Z
2026-08-17T08:43:25Z,2026-08-17T10:43:25+0200,5f9ba03d-f545-4cd2-8996-d770f48fc74d,2026-08-04T18:30:00Z,2026-08-04T20:30:00+0200,511.833333,MW,DK2,DK_2,forecast_offshore_wind_generation,Wind Offshore,2026-08-17T08:52:17Z
2026-08-17T08:43:25Z,2026-08-17T10:43:25+0200,5f9ba03d-f545-4cd2-8996-d770f48fc74d,2026-08-04T18:45:00Z,2026-08-04T20:45:00+0200,499.5,MW,DK2,DK_2,forecast_offshore_wind_generation,Wind Offshore,2026-08-17T08:52:17Z
2026-08-17T08:43:25Z,2026-08-17T10:43:25+0200,5f9ba03d-f545-4cd2-8996-d770f48fc74d,2026-08-04T19:00:00Z,2026-08-04T21:00:00+0200,488.666666,MW,DK2,DK_2,forecast_offshore_wind_generation,Wind Offshore,2026-08-17T08:52:17Z
2026-08-17T08:43:25Z,2026-08-17T10:43:25+0200,5f9ba03d-f545-4cd2-8996-d770f48fc74d,2026-08-04T19:15:00Z,2026-08-04T21:15:00+0200,474.5,MW,DK2,DK_2,forecast_offshore_wind_generation,Wind Offshore,2026-08-17T08:52:17Z
2026-08-17T08:43:25Z,2026-08-17T10:43:25+0200,5f9ba03d-f545-4cd2-8996-d770f48fc74d,2026-08-04T19:30:00Z,2026-08-04T21:30:00+0200,458.5,MW,DK2,DK_2,forecast_offshore_wind_generation,Wind Offshore,2026-08-17T08:52:17Z
2026-08-17T08:43:25Z,2026-08-17T10:43:25+0200,5f9ba03d-f545-4cd2-8996-d770f48fc74d,2026-08-04T19:45:00Z,2026-08-04T21:45:00+0200,443.166666,MW,DK2,DK_2,forecast_offshore_wind_generation,Wind Offshore,2026-08-17T08:52:17Z
2026-08-17T08:43:25Z,2026-08-17T10:43:25+0200,5f9ba03d-f545-4cd2-8996-d770f48fc74d,2026-08-04T20:00:00Z,2026-08-04T22:00:00+0200,430.5,MW,DK2,DK_2,forecast_offshore_wind_generation,Wind Offshore,2026-08-17T08:52:17Z
2026-08-17T08:43:25Z,2026-08-17T10:43:25+0200,5f9ba03d-f545-4cd2-8996-d770f48fc74d,2026-08-04T20:15:00Z,2026-08-04T22:15:00+0200,417.0,MW,DK2,DK_2,forecast_offshore_wind_generation,Wind Offshore,2026-08-17T08:52:17Z
2026-08-17T08:43:25Z,2026-08-17T10:43:25+0200,5f9ba03d-f545-4cd2-8996-d770f48fc74d,2026-08-04T20:30:00Z,2026-08-04T22:30:00+0200,402.666666,MW,DK2,DK_2,forecast_offshore_wind_generation,Wind Offshore,2026-08-17T08:52:17Z
2026-08-17T08:43:25Z,2026-08-17T10:43:25+0200,5f9ba03d-f545-4cd2-8996-d770f48fc74d,2026-08-04T20:45:00Z,2026-08-04T22:45:00+0200,389.166666,MW,DK2,DK_2,forecast_offshore_wind_generation,Wind Offshore,2026-08-17T08:52:17Z
2026-08-17T08:43:25Z,2026-08-17T10:43:25+0200,5f9ba03d-f545-4cd2-8996-d770f48fc74d,2026-08-04T21:00:00Z,2026-08-04T23:00:00+0200,375.333333,MW,DK2,DK_2,forecast_offshore_wind_generation,Wind Offshore,2026-08-17T08:52:17Z
2026-08-17T08:43:25Z,2026-08-17T10:43:25+0200,5f9ba03d-f545-4cd2-8996-d770f48fc74d,2026-08-04T21:15:00Z,2026-08-04T23:15:00+0200,356.5,MW,DK2,DK_2,forecast_offshore_wind_generation,Wind Offshore,2026-08-17T08:52:17Z
2026-08-17T08:43:25Z,2026-08-17T10:43:25+0200,5f9ba03d-f545-4cd2-8996-d770f48fc74d,2026-08-04T21:30:00Z,2026-08-04T23:30:00+0200,336.166666,MW,DK2,DK_2,forecast_offshore_wind_generation,Wind Offshore,2026-08-17T08:52:17Z
2026-08-17T08:43:25Z,2026-08-17T10:43:25+0200,5f9ba03d-f545-4cd2-8996-d770f48fc74d,2026-08-04T21:45:00Z,2026-08-04T23:45:00+0200,318.666666,MW,DK2,DK_2,forecast_offshore_wind_generation,Wind Offshore,2026-08-17T08:52:17Z
2026-08-17T08:43:25Z,2026-08-17T10:43:25+0200,5f9ba03d-f545-4cd2-8996-d770f48fc74d,2026-08-04T22:00:00Z,2026-08-05T00:00:00+0200,375.666666,MW,DK2,DK_2,forecast_offshore_wind_generation,Wind Offshore,2026-08-17T08:52:17Z
2026-08-17T08:43:25Z,2026-08-17T10:43:25+0200,5f9ba03d-f545-4cd2-8996-d770f48fc74d,2026-08-04T22:15:00Z,2026-08-05T00:15:00+0200,382.5,MW,DK2,DK_2,forecast_offshore_wind_generation,Wind Offshore,2026-08-17T08:52:17Z
2026-08-17T08:43:25Z,2026-08-17T10:43:25+0200,5f9ba03d-f545-4cd2-8996-d770f48fc74d,2026-08-04T22:30:00Z,2026-08-05T00:30:00+0200,391.333333,MW,DK2,DK_2,forecast_offshore_wind_generation,Wind Offshore,2026-08-17T08:52:17Z
2026-08-17T08:43:25Z,2026-08-17T10:43:25+0200,5f9ba03d-f545-4cd2-8996-d770f48fc74d,2026-08-04T22:45:00Z,2026-08-05T00:45:00+0200,398.666666,MW,DK2,DK_2,forecast_offshore_wind_generation,Wind Offshore,2026-08-17T08:52:17Z
2026-08-17T08:43:25Z,2026-08-17T10:43:25+0200,5f9ba03d-f545-4cd2-8996-d770f48fc74d,2026-08-04T23:00:00Z,2026-08-05T01:00:00+0200,401.666666,MW,DK2,DK_2,forecast_offshore_wind_generation,Wind Offshore,2026-08-17T08:52:17Z
2026-08-17T08:43:25Z,2026-08-17T10:43:25+0200,5f9ba03d-f545-4cd2-8996-d770f48fc74d,2026-08-04T23:15:00Z,2026-08-05T01:15:00+0200,405.5,MW,DK2,DK_2,forecast_offshore_wind_generation,Wind Offshore,2026-08-17T08:52:17Z
2026-08-17T08:43:25Z,2026-08-17T10:43:25+0200,5f9ba03d-f545-4cd2-8996-d770f48fc74d,2026-08-04T23:30:00Z,2026-08-05T01:30:00+0200,409.5,MW,DK2,DK_2,forecast_offshore_wind_generation,Wind Offshore,2026-08-17T08:52:17Z
2026-08-17T08:43:25Z,2026-08-17T10:43:25+0200,5f9ba03d-f545-4cd2-8996-d770f48fc74d,2026-08-04T23:45:00Z,2026-08-05T01:45:00+0200,411.666666,MW,DK2,DK_2,forecast_offshore_wind_generation,Wind Offshore,2026-08-17T08:52:17Z
2026-08-17T08:43:25Z,2026-08-17T10:43:25+0200,5f9ba03d-f545-4cd2-8996-d770f48fc74d,2026-08-05T00:00:00Z,2026-08-05T02:00:00+0200,408.0,MW,DK2,DK_2,forecast_offshore_wind_generation,Wind Offshore,2026-08-17T08:52:17Z
2026-08-17T08:43:25Z,2026-08-17T10:43:25+0200,5f9ba03d-f545-4cd2-8996-d770f48fc74d,2026-08-05T00:15:00Z,2026-08-05T02:15:00+0200,395.166666,MW,DK2,DK_2,forecast_offshore_wind_generation,Wind Offshore,2026-08-17T08:52:17Z
2026-08-17T08:43:25Z,2026-08-17T10:43:25+0200,5f9ba03d-f545-4cd2-8996-d770f48fc74d,2026-08-05T00:30:00Z,2026-08-05T02:30:00+0200,376.5,MW,DK2,DK_2,forecast_offshore_wind_generation,Wind Offshore,2026-08-17T08:52:17Z
2026-08-17T08:43:25Z,2026-08-17T10:43:25+0200,5f9ba03d-f545-4cd2-8996-d770f48fc74d,2026-08-05T00:45:00Z,2026-08-05T02:45:00+0200,357.166666,MW,DK2,DK_2,forecast_offshore_wind_generation,Wind Offshore,2026-08-17T08:52:17Z
2026-08-17T08:43:25Z,2026-08-17T10:43:25+0200,5f9ba03d-f545-4cd2-8996-d770f48fc74d,2026-08-05T01:00:00Z,2026-08-05T03:00:00+0200,339.833333,MW,DK2,DK_2,forecast_offshore_wind_generation,Wind Offshore,2026-08-17T08:52:17Z
2026-08-17T08:43:25Z,2026-08-17T10:43:25+0200,5f9ba03d-f545-4cd2-8996-d770f48fc74d,2026-08-05T01:15:00Z,2026-08-05T03:15:00+0200,321.333333,MW,DK2,DK_2,forecast_offshore_wind_generation,Wind Offshore,2026-08-17T08:52:17Z
2026-08-17T08:43:25Z,2026-08-17T10:43:25+0200,5f9ba03d-f545-4cd2-8996-d770f48fc74d,2026-08-05T01:30:00Z,2026-08-05T03:30:00+0200,301.5,MW,DK2,DK_2,forecast_offshore_wind_generation,Wind Offshore,2026-08-17T08:52:17Z
2026-08-17T08:43:25Z,2026-08-17T10:43:25+0200,5f9ba03d-f545-4cd2-8996-d770f48fc74d,2026-08-05T01:45:00Z,2026-08-05T03:45:00+0200,283.0,MW,DK2,DK_2,forecast_offshore_wind_generation,Wind Offshore,2026-08-17T08:52:17Z
2026-08-17T08:43:25Z,2026-08-17T10:43:25+0200,5f9ba03d-f545-4cd2-8996-d770f48fc74d,2026-08-05T02:00:00Z,2026-08-05T04:00:00+0200,265.0,MW,DK2,DK_2,forecast_offshore_wind_generation,Wind Offshore,2026-08-17T08:52:17Z
2026-08-17T08:43:25Z,2026-08-17T10:43:25+0200,5f9ba03d-f545-4cd2-8996-d770f48fc74d,2026-08-05T02:15:00Z,2026-08-05T04:15:00+0200,245.666666,MW,DK2,DK_2,forecast_offshore_wind_generation,Wind Offshore,2026-08-17T08:52:17Z
2026-08-17T08:43:25Z,2026-08-17T10:43:25+0200,5f9ba03d-f545-4cd2-8996-d770f48fc74d,2026-08-05T02:30:00Z,2026-08-05T04:30:00+0200,227.166666,MW,DK2,DK_2,forecast_offshore_wind_generation,Wind Offshore,2026-08-17T08:52:17Z
2026-08-17T08:43:25Z,2026-08-17T10:43:25+0200,5f9ba03d-f545-4cd2-8996-d770f48fc74d,2026-08-05T02:45:00Z,2026-08-05T04:45:00+0200,216.333333,MW,DK2,DK_2,forecast_offshore_wind_generation,Wind Offshore,2026-08-17T08:52:17Z
2026-08-17T08:43:25Z,2026-08-17T10:43:25+0200,5f9ba03d-f545-4cd2-8996-d770f48fc74d,2026-08-05T03:00:00Z,2026-08-05T05:00:00+0200,210.166666,MW,DK2,DK_2,forecast_offshore_wind_generation,Wind Offshore,2026-08-17T08:52:17Z
2026-08-17T08:43:25Z,2026-08-17T10:43:25+0200,5f9ba03d-f545-4cd2-8996-d770f48fc74d,2026-08-05T03:15:00Z,2026-08-05T05:15:00+0200,206.666666,MW,DK2,DK_2,forecast_offshore_wind_generation,Wind Offshore,2026-08-17T08:52:17Z
2026-08-17T08:43:25Z,2026-08-17T10:43:25+0200,5f9ba03d-f545-4cd2-8996-d770f48fc74d,2026-08-05T03:30:00Z,2026-08-05T05:30:00+0200,205.0,MW,DK2,DK_2,forecast_offshore_wind_generation,Wind Offshore,2026-08-17T08:52:17Z
2026-08-17T08:43:25Z,2026-08-17T10:43:25+0200,5f9ba03d-f545-4cd2-8996-d770f48fc74d,2026-08-05T03:45:00Z,2026-08-05T05:45:00+0200,202.333333,MW,DK2,DK_2,forecast_offshore_wind_generation,Wind Offshore,2026-08-17T08:52:17Z
2026-08-17T08:43:25Z,2026-08-17T10:43:25+0200,5f9ba03d-f545-4cd2-8996-d770f48fc74d,2026-08-05T04:00:00Z,2026-08-05T06:00:00+0200,197.0,MW,DK2,DK_2,forecast_offshore_wind_generation,Wind Offshore,2026-08-17T08:52:17Z
2026-08-17T08:43:25Z,2026-08-17T10:43:25+0200,5f9ba03d-f545-4cd2-8996-d770f48fc74d,2026-08-05T04:15:00Z,2026-08-05T06:15:00+0200,190.5,MW,DK2,DK_2,forecast_offshore_wind_generation,Wind Offshore,2026-08-17T08:52:17Z
2026-08-17T08:43:25Z,2026-08-17T10:43:25+0200,5f9ba03d-f545-4cd2-8996-d770f48fc74d,2026-08-05T04:30:00Z,2026-08-05T06:30:00+0200,184.0,MW,DK2,DK_2,forecast_offshore_wind_generation,Wind Offshore,2026-08-17T08:52:17Z
2026-08-17T08:43:25Z,2026-08-17T10:43:25+0200,5f9ba03d-f545-4cd2-8996-d770f48fc74d,2026-08-05T04:45:00Z,2026-08-05T06:45:00+0200,177.666666,MW,DK2,DK_2,forecast_offshore_wind_generation,Wind Offshore,2026-08-17T08:52:17Z
2026-08-17T08:43:25Z,2026-08-17T10:43:25+0200,5f9ba03d-f545-4cd2-8996-d770f48fc74d,2026-08-05T05:00:00Z,2026-08-05T07:00:00+0200,175.833333,MW,DK2,DK_2,forecast_offshore_wind_generation,Wind Offshore,2026-08-17T08:52:17Z
2026-08-17T08:43:25Z,2026-08-17T10:43:25+0200,5f9ba03d-f545-4cd2-8996-d770f48fc74d,2026-08-05T05:15:00Z,2026-08-05T07:15:00+0200,180.666666,MW,DK2,DK_2,forecast_offshore_wind_generation,Wind Offshore,2026-08-17T08:52:17Z
2026-08-17T08:43:25Z,2026-08-17T10:43:25+0200,5f9ba03d-f545-4cd2-8996-d770f48fc74d,2026-08-05T05:30:00Z,2026-08-05T07:30:00+0200,188.0,MW,DK2,DK_2,forecast_offshore_wind_generation,Wind Offshore,2026-08-17T08:52:17Z
2026-08-17T08:43:25Z,2026-08-17T10:43:25+0200,5f9ba03d-f545-4cd2-8996-d770f48fc74d,2026-08-05T05:45:00Z,2026-08-05T07:45:00+0200,195.0,MW,DK2,DK_2,forecast_offshore_wind_generation,Wind Offshore,2026-08-17T08:52:17Z
2026-08-17T08:43:25Z,2026-08-17T10:43:25+0200,5f9ba03d-f545-4cd2-8996-d770f48fc74d,2026-08-05T06:00:00Z,2026-08-05T08:00:00+0200,200.166666,MW,DK2,DK_2,forecast_offshore_wind_generation,Wind Offshore,2026-08-17T08:52:17Z
2026-08-17T08:43:25Z,2026-08-17T10:43:25+0200,5f9ba03d-f545-4cd2-8996-d770f48fc74d,2026-08-05T06:15:00Z,2026-08-05T08:15:00+0200,206.5,MW,DK2,DK_2,forecast_offshore_wind_generation,Wind Offshore,2026-08-17T08:52:17Z
2026-08-17T08:43:25Z,2026-08-17T10:43:25+0200,5f9ba03d-f545-4cd2-8996-d770f48fc74d,2026-08-05T06:30:00Z,2026-08-05T08:30:00+0200,213.0,MW,DK2,DK_2,forecast_offshore_wind_generation,Wind Offshore,2026-08-17T08:52:17Z
2026-08-17T08:43:25Z,2026-08-17T10:43:25+0200,5f9ba03d-f545-4cd2-8996-d770f48fc74d,2026-08-05T06:45:00Z,2026-08-05T08:45:00+0200,219.5,MW,DK2,DK_2,forecast_offshore_wind_generation,Wind Offshore,2026-08-17T08:52:17Z
2026-08-17T08:43:25Z,2026-08-17T10:43:25+0200,5f9ba03d-f545-4cd2-8996-d770f48fc74d,2026-08-05T07:00:00Z,2026-08-05T09:00:00+0200,227.666666,MW,DK2,DK_2,forecast_offshore_wind_generation,Wind Offshore,2026-08-17T08:52:17Z
2026-08-17T08:43:25Z,2026-08-17T10:43:25+0200,5f9ba03d-f545-4cd2-8996-d770f48fc74d,2026-08-05T07:15:00Z,2026-08-05T09:15:00+0200,239.333333,MW,DK2,DK_2,forecast_offshore_wind_generation,Wind Offshore,2026-08-17T08:52:17Z
2026-08-17T08:43:25Z,2026-08-17T10:43:25+0200,5f9ba03d-f545-4cd2-8996-d770f48fc74d,2026-08-05T07:30:00Z,2026-08-05T09:30:00+0200,252.0,MW,DK2,DK_2,forecast_offshore_wind_generation,Wind Offshore,2026-08-17T08:52:17Z
2026-08-17T08:43:25Z,2026-08-17T10:43:25+0200,5f9ba03d-f545-4cd2-8996-d770f48fc74d,2026-08-05T07:45:00Z,2026-08-05T09:45:00+0200,266.5,MW,DK2,DK_2,forecast_offshore_wind_generation,Wind Offshore,2026-08-17T08:52:17Z
2026-08-17T08:43:25Z,2026-08-17T10:43:25+0200,5f9ba03d-f545-4cd2-8996-d770f48fc74d,2026-08-05T08:00:00Z,2026-08-05T10:00:00+0200,280.166666,MW,DK2,DK_2,forecast_offshore_wind_generation,Wind Offshore,2026-08-17T08:52:17Z
2026-08-17T08:43:25Z,2026-08-17T10:43:25+0200,5f9ba03d-f545-4cd2-8996-d770f48fc74d,2026-08-05T08:15:00Z,2026-08-05T10:15:00+0200,294.666666,MW,DK2,DK_2,forecast_offshore_wind_generation,Wind Offshore,2026-08-17T08:52:17Z
2026-08-17T08:43:25Z,2026-08-17T10:43:25+0200,5f9ba03d-f545-4cd2-8996-d770f48fc74d,2026-08-05T08:30:00Z,2026-08-05T10:30:00+0200,311.0,MW,DK2,DK_2,forecast_offshore_wind_generation,Wind Offshore,2026-08-17T08:52:17Z
2026-08-17T08:43:25Z,2026-08-17T10:43:25+0200,5f9ba03d-f545-4cd2-8996-d770f48fc74d,2026-08-05T08:45:00Z,2026-08-05T10:45:00+0200,324.833333,MW,DK2,DK_2,forecast_offshore_wind_generation,Wind Offshore,2026-08-17T08:52:17Z
2026-08-17T08:43:25Z,2026-08-17T10:43:25+0200,5f9ba03d-f545-4cd2-8996-d770f48fc74d,2026-08-05T09:00:00Z,2026-08-05T11:00:00+0200,334.0,MW,DK2,DK_2,forecast_offshore_wind_generation,Wind Offshore,2026-08-17T08:52:17Z
2026-08-17T08:43:25Z,2026-08-17T10:43:25+0200,5f9ba03d-f545-4cd2-8996-d770f48fc74d,2026-08-05T09:15:00Z,2026-08-05T11:15:00+0200,342.5,MW,DK2,DK_2,forecast_offshore_wind_generation,Wind Offshore,2026-08-17T08:52:17Z
2026-08-17T08:43:25Z,2026-08-17T10:43:25+0200,5f9ba03d-f545-4cd2-8996-d770f48fc74d,2026-08-05T09:30:00Z,2026-08-05T11:30:00+0200,351.666666,MW,DK2,DK_2,forecast_offshore_wind_generation,Wind Offshore,2026-08-17T08:52:17Z
2026-08-17T08:43:25Z,2026-08-17T10:43:25+0200,5f9ba03d-f545-4cd2-8996-d770f48fc74d,2026-08-05T09:45:00Z,2026-08-05T11:45:00+0200,361.5,MW,DK2,DK_2,forecast_offshore_wind_generation,Wind Offshore,2026-08-17T08:52:17Z
2026-08-17T08:43:25Z,2026-08-17T10:43:25+0200,5f9ba03d-f545-4cd2-8996-d770f48fc74d,2026-08-05T10:00:00Z,2026-08-05T12:00:00+0200,371.166666,MW,DK2,DK_2,forecast_offshore_wind_generation,Wind Offshore,2026-08-17T08:52:17Z
2026-08-17T08:43:25Z,2026-08-17T10:43:25+0200,5f9ba03d-f545-4cd2-8996-d770f48fc74d,2026-08-05T10:15:00Z,2026-08-05T12:15:00+0200,384.666666,MW,DK2,DK_2,forecast_offshore_wind_generation,Wind Offshore,2026-08-17T08:52:17Z
2026-08-17T08:43:25Z,2026-08-17T10:43:25+0200,5f9ba03d-f545-4cd2-8996-d770f48fc74d,2026-08-05T10:30:00Z,2026-08-05T12:30:00+0200,399.666666,MW,DK2,DK_2,forecast_offshore_wind_generation,Wind Offshore,2026-08-17T08:52:17Z
2026-08-17T08:43:25Z,2026-08-17T10:43:25+0200,5f9ba03d-f545-4cd2-8996-d770f48fc74d,2026-08-05T10:45:00Z,2026-08-05T12:45:00+0200,412.0,MW,DK2,DK_2,forecast_offshore_wind_generation,Wind Offshore,2026-08-17T08:52:17Z
2026-08-17T08:43:25Z,2026-08-17T10:43:25+0200,5f9ba03d-f545-4cd2-8996-d770f48fc74d,2026-08-05T11:00:00Z,2026-08-05T13:00:00+0200,422.166666,MW,DK2,DK_2,forecast_offshore_wind_generation,Wind Offshore,2026-08-17T08:52:17Z
2026-08-17T08:43:25Z,2026-08-17T10:43:25+0200,5f9ba03d-f545-4cd2-8996-d770f48fc74d,2026-08-05T11:15:00Z,2026-08-05T13:15:00+0200,436.5,MW,DK2,DK_2,forecast_offshore_wind_generation,Wind Offshore,2026-08-17T08:52:17Z
2026-08-17T08:43:25Z,2026-08-17T10:43:25+0200,5f9ba03d-f545-4cd2-8996-d770f48fc74d,2026-08-05T11:30:00Z,2026-08-05T13:30:00+0200,453.166666,MW,DK2,DK_2,forecast_offshore_wind_generation,Wind Offshore,2026-08-17T08:52:17Z
2026-08-17T08:43:25Z,2026-08-17T10:43:25+0200,5f9ba03d-f545-4cd2-8996-d770f48fc74d,2026-08-05T11:45:00Z,2026-08-05T13:45:00+0200,464.333333,MW,DK2,DK_2,forecast_offshore_wind_generation,Wind Offshore,2026-08-17T08:52:17Z
2026-08-17T08:43:25Z,2026-08-17T10:43:25+0200,5f9ba03d-f545-4cd2-8996-d770f48fc74d,2026-08-05T12:00:00Z,2026-08-05T14:00:00+0200,463.0,MW,DK2,DK_2,forecast_offshore_wind_generation,Wind Offshore,2026-08-17T08:52:17Z
2026-08-17T08:43:25Z,2026-08-17T10:43:25+0200,5f9ba03d-f545-4cd2-8996-d770f48fc74d,2026-08-05T12:15:00Z,2026-08-05T14:15:00+0200,449.0,MW,DK2,DK_2,forecast_offshore_wind_generation,Wind Offshore,2026-08-17T08:52:17Z
2026-08-17T08:43:25Z,2026-08-17T10:43:25+0200,5f9ba03d-f545-4cd2-8996-d770f48fc74d,2026-08-05T12:30:00Z,2026-08-05T14:30:00+0200,431.0,MW,DK2,DK_2,forecast_offshore_wind_generation,Wind Offshore,2026-08-17T08:52:17Z
2026-08-17T08:43:25Z,2026-08-17T10:43:25+0200,5f9ba03d-f545-4cd2-8996-d770f48fc74d,2026-08-05T12:45:00Z,2026-08-05T14:45:00+0200,414.5,MW,DK2,DK_2,forecast_offshore_wind_generation,Wind Offshore,2026-08-17T08:52:17Z
2026-08-17T08:43:25Z,2026-08-17T10:43:25+0200,5f9ba03d-f545-4cd2-8996-d770f48fc74d,2026-08-05T13:00:00Z,2026-08-05T15:00:00+0200,404.5,MW,DK2,DK_2,forecast_offshore_wind_generation,Wind Offshore,2026-08-17T08:52:17Z
2026-08-17T08:43:25Z,2026-08-17T10:43:25+0200,5f9ba03d-f545-4cd2-8996-d770f48fc74d,2026-08-05T13:15:00Z,2026-08-05T15:15:00+0200,395.5,MW,DK2,DK_2,forecast_offshore_wind_generation,Wind Offshore,2026-08-17T08:52:17Z
2026-08-17T08:43:25Z,2026-08-17T10:43:25+0200,5f9ba03d-f545-4cd2-8996-d770f48fc74d,2026-08-05T13:30:00Z,2026-08-05T15:30:00+0200,386.333333,MW,DK2,DK_2,forecast_offshore_wind_generation,Wind Offshore,2026-08-17T08:52:17Z
2026-08-17T08:43:25Z,2026-08-17T10:43:25+0200,5f9ba03d-f545-4cd2-8996-d770f48fc74d,2026-08-05T13:45:00Z,2026-08-05T15:45:00+0200,375.333333,MW,DK2,DK_2,forecast_offshore_wind_generation,Wind Offshore,2026-08-17T08:52:17Z
2026-08-17T08:43:25Z,2026-08-17T10:43:25+0200,5f9ba03d-f545-4cd2-8996-d770f48fc74d,2026-08-05T14:00:00Z,2026-08-05T16:00:00+0200,362.333333,MW,DK2,DK_2,forecast_offshore_wind_generation,Wind Offshore,2026-08-17T08:52:17Z
2026-08-17T08:43:25Z,2026-08-17T10:43:25+0200,5f9ba03d-f545-4cd2-8996-d770f48fc74d,2026-08-05T14:15:00Z,2026-08-05T16:15:00+0200,347.0,MW,DK2,DK_2,forecast_offshore_wind_generation,Wind Offshore,2026-08-17T08:52:17Z
2026-08-17T08:43:25Z,2026-08-17T10:43:25+0200,5f9ba03d-f545-4cd2-8996-d770f48fc74d,2026-08-05T14:30:00Z,2026-08-05T16:30:00+0200,330.833333,MW,DK2,DK_2,forecast_offshore_wind_generation,Wind Offshore,2026-08-17T08:52:17Z
2026-08-17T08:43:25Z,2026-08-17T10:43:25+0200,5f9ba03d-f545-4cd2-8996-d770f48fc74d,2026-08-05T14:45:00Z,2026-08-05T16:45:00+0200,317.0,MW,DK2,DK_2,forecast_offshore_wind_generation,Wind Offshore,2026-08-17T08:52:17Z
2026-08-17T08:43:25Z,2026-08-17T10:43:25+0200,5f9ba03d-f545-4cd2-8996-d770f48fc74d,2026-08-05T15:00:00Z,2026-08-05T17:00:00+0200,302.666666,MW,DK2,DK_2,forecast_offshore_wind_generation,Wind Offshore,2026-08-17T08:52:17Z
2026-08-17T08:43:25Z,2026-08-17T10:43:25+0200,5f9ba03d-f545-4cd2-8996-d770f48fc74d,2026-08-05T15:15:00Z,2026-08-05T17:15:00+0200,284.833333,MW,DK2,DK_2,forecast_offshore_wind_generation,Wind Offshore,2026-08-17T08:52:17Z
2026-08-17T08:43:25Z,2026-08-17T10:43:25+0200,5f9ba03d-f545-4cd2-8996-d770f48fc74d,2026-08-05T15:30:00Z,2026-08-05T17:30:00+0200,263.666666,MW,DK2,DK_2,forecast_offshore_wind_generation,Wind Offshore,2026-08-17T08:52:17Z
2026-08-17T08:43:25Z,2026-08-17T10:43:25+0200,5f9ba03d-f545-4cd2-8996-d770f48fc74d,2026-08-05T15:45:00Z,2026-08-05T17:45:00+0200,242.5,MW,DK2,DK_2,forecast_offshore_wind_generation,Wind Offshore,2026-08-17T08:52:17Z
2026-08-17T08:43:25Z,2026-08-17T10:43:25+0200,5f9ba03d-f545-4cd2-8996-d770f48fc74d,2026-08-05T16:00:00Z,2026-08-05T18:00:00+0200,220.166666,MW,DK2,DK_2,forecast_offshore_wind_generation,Wind Offshore,2026-08-17T08:52:17Z
2026-08-17T08:43:25Z,2026-08-17T10:43:25+0200,5f9ba03d-f545-4cd2-8996-d770f48fc74d,2026-08-05T16:15:00Z,2026-08-05T18:15:00+0200,192.666666,MW,DK2,DK_2,forecast_offshore_wind_generation,Wind Offshore,2026-08-17T08:52:17Z
2026-08-17T08:43:25Z,2026-08-17T10:43:25+0200,5f9ba03d-f545-4cd2-8996-d770f48fc74d,2026-08-05T16:30:00Z,2026-08-05T18:30:00+0200,170.166666,MW,DK2,DK_2,forecast_offshore_wind_generation,Wind Offshore,2026-08-17T08:52:17Z
2026-08-17T08:43:25Z,2026-08-17T10:43:25+0200,5f9ba03d-f545-4cd2-8996-d770f48fc74d,2026-08-05T16:45:00Z,2026-08-05T18:45:00+0200,156.833333,MW,DK2,DK_2,forecast_offshore_wind_generation,Wind Offshore,2026-08-17T08:52:17Z
2026-08-17T08:43:25Z,2026-08-17T10:43:25+0200,5f9ba03d-f545-4cd2-8996-d770f48fc74d,2026-08-05T17:00:00Z,2026-08-05T19:00:00+0200,151.333333,MW,DK2,DK_2,forecast_offshore_wind_generation,Wind Offshore,2026-08-17T08:52:17Z
2026-08-17T08:43:25Z,2026-08-17T10:43:25+0200,5f9ba03d-f545-4cd2-8996-d770f48fc74d,2026-08-05T17:15:00Z,2026-08-05T19:15:00+0200,152.666666,MW,DK2,DK_2,forecast_offshore_wind_generation,Wind Offshore,2026-08-17T08:52:17Z
2026-08-17T08:43:25Z,2026-08-17T10:43:25+0200,5f9ba03d-f545-4cd2-8996-d770f48fc74d,2026-08-05T17:30:00Z,2026-08-05T19:30:00+0200,158.0,MW,DK2,DK_2,forecast_offshore_wind_generation,Wind Offshore,2026-08-17T08:52:17Z
2026-08-17T08:43:25Z,2026-08-17T10:43:25+0200,5f9ba03d-f545-4cd2-8996-d770f48fc74d,2026-08-05T17:45:00Z,2026-08-05T19:45:00+0200,163.333333,MW,DK2,DK_2,forecast_offshore_wind_generation,Wind Offshore,2026-08-17T08:52:17Z
2026-08-17T08:43:25Z,2026-08-17T10:43:25+0200,5f9ba03d-f545-4cd2-8996-d770f48fc74d,2026-08-05T18:00:00Z,2026-08-05T20:00:00+0200,167.166666,MW,DK2,DK_2,forecast_offshore_wind_generation,Wind Offshore,2026-08-17T08:52:17Z
2026-08-17T08:43:25Z,2026-08-17T10:43:25+0200,5f9ba03d-f545-4cd2-8996-d770f48fc74d,2026-08-05T18:15:00Z,2026-08-05T20:15:00+0200,172.5,MW,DK2,DK_2,forecast_offshore_wind_generation,Wind Offshore,2026-08-17T08:52:17Z
2026-08-17T08:43:25Z,2026-08-17T10:43:25+0200,5f9ba03d-f545-4cd2-8996-d770f48fc74d,2026-08-05T18:30:00Z,2026-08-05T20:30:00+0200,177.5,MW,DK2,DK_2,forecast_offshore_wind_generation,Wind Offshore,2026-08-17T08:52:17Z
2026-08-17T08:43:25Z,2026-08-17T10:43:25+0200,5f9ba03d-f545-4cd2-8996-d770f48fc74d,2026-08-05T18:45:00Z,2026-08-05T20:45:00+0200,182.333333,MW,DK2,DK_2,forecast_offshore_wind_generation,Wind Offshore,2026-08-17T08:52:17Z
2026-08-17T08:43:25Z,2026-08-17T10:43:25+0200,5f9ba03d-f545-4cd2-8996-d770f48fc74d,2026-08-05T19:00:00Z,2026-08-05T21:00:00+0200,185.666666,MW,DK2,DK_2,forecast_offshore_wind_generation,Wind Offshore,2026-08-17T08:52:17Z
2026-08-17T08:43:25Z,2026-08-17T10:43:25+0200,5f9ba03d-f545-4cd2-8996-d770f48fc74d,2026-08-05T19:15:00Z,2026-08-05T21:15:00+0200,189.666666,MW,DK2,DK_2,forecast_offshore_wind_generation,Wind Offshore,2026-08-17T08:52:17Z
2026-08-17T08:43:25Z,2026-08-17T10:43:25+0200,5f9ba03d-f545-4cd2-8996-d770f48fc74d,2026-08-05T19:30:00Z,2026-08-05T21:30:00+0200,195.666666,MW,DK2,DK_2,forecast_offshore_wind_generation,Wind Offshore,2026-08-17T08:52:17Z
2026-08-17T08:43:25Z,2026-08-17T10:43:25+0200,5f9ba03d-f545-4cd2-8996-d770f48fc74d,2026-08-05T19:45:00Z,2026-08-05T21:45:00+0200,202.833333,MW,DK2,DK_2,forecast_offshore_wind_generation,Wind Offshore,2026-08-17T08:52:17Z
2026-08-17T08:43:25Z,2026-08-17T10:43:25+0200,5f9ba03d-f545-4cd2-8996-d770f48fc74d,2026-08-05T20:00:00Z,2026-08-05T22:00:00+0200,206.5,MW,DK2,DK_2,forecast_offshore_wind_generation,Wind Offshore,2026-08-17T08:52:17Z
2026-08-17T08:43:25Z,2026-08-17T10:43:25+0200,5f9ba03d-f545-4cd2-8996-d770f48fc74d,2026-08-05T20:15:00Z,2026-08-05T22:15:00+0200,209.5,MW,DK2,DK_2,forecast_offshore_wind_generation,Wind Offshore,2026-08-17T08:52:17Z
2026-08-17T08:43:25Z,2026-08-17T10:43:25+0200,5f9ba03d-f545-4cd2-8996-d770f48fc74d,2026-08-05T20:30:00Z,2026-08-05T22:30:00+0200,212.5,MW,DK2,DK_2,forecast_offshore_wind_generation,Wind Offshore,2026-08-17T08:52:17Z
2026-08-17T08:43:25Z,2026-08-17T10:43:25+0200,5f9ba03d-f545-4cd2-8996-d770f48fc74d,2026-08-05T20:45:00Z,2026-08-05T22:45:00+0200,216.333333,MW,DK2,DK_2,forecast_offshore_wind_generation,Wind Offshore,2026-08-17T08:52:17Z
2026-08-17T08:43:25Z,2026-08-17T10:43:25+0200,5f9ba03d-f545-4cd2-8996-d770f48fc74d,2026-08-05T21:00:00Z,2026-08-05T23:00:00+0200,220.166666,MW,DK2,DK_2,forecast_offshore_wind_generation,Wind Offshore,2026-08-17T08:52:17Z
2026-08-17T08:43:25Z,2026-08-17T10:43:25+0200,5f9ba03d-f545-4cd2-8996-d770f48fc74d,2026-08-05T21:15:00Z,2026-08-05T23:15:00+0200,223.0,MW,DK2,DK_2,forecast_offshore_wind_generation,Wind Offshore,2026-08-17T08:52:17Z
2026-08-17T08:43:25Z,2026-08-17T10:43:25+0200,5f9ba03d-f545-4cd2-8996-d770f48fc74d,2026-08-05T21:30:00Z,2026-08-05T23:30:00+0200,229.666666,MW,DK2,DK_2,forecast_offshore_wind_generation,Wind Offshore,2026-08-17T08:52:17Z
2026-08-17T08:43:25Z,2026-08-17T10:43:25+0200,5f9ba03d-f545-4cd2-8996-d770f48fc74d,2026-08-05T21:45:00Z,2026-08-05T23:45:00+0200,239.5,MW,DK2,DK_2,forecast_offshore_wind_generation,Wind Offshore,2026-08-17T08:52:17Z
2026-08-17T08:43:25Z,2026-08-17T10:43:25+0200,5f9ba03d-f545-4cd2-8996-d770f48fc74d,2026-08-05T22:00:00Z,2026-08-06T00:00:00+0200,98.833333,MW,DK2,DK_2,forecast_offshore_wind_generation,Wind Offshore,2026-08-17T08:52:17Z
2026-08-17T08:43:25Z,2026-08-17T10:43:25+0200,5f9ba03d-f545-4cd2-8996-d770f48fc74d,2026-08-05T22:15:00Z,2026-08-06T00:15:00+0200,105.0,MW,DK2,DK_2,forecast_offshore_wind_generation,Wind Offshore,2026-08-17T08:52:17Z
2026-08-17T08:43:25Z,2026-08-17T10:43:25+0200,5f9ba03d-f545-4cd2-8996-d770f48fc74d,2026-08-05T22:30:00Z,2026-08-06T00:30:00+0200,112.833333,MW,DK2,DK_2,forecast_offshore_wind_generation,Wind Offshore,2026-08-17T08:52:17Z
2026-08-17T08:43:25Z,2026-08-17T10:43:25+0200,5f9ba03d-f545-4cd2-8996-d770f48fc74d,2026-08-05T22:45:00Z,2026-08-06T00:45:00+0200,123.166666,MW,DK2,DK_2,forecast_offshore_wind_generation,Wind Offshore,2026-08-17T08:52:17Z
2026-08-17T08:43:25Z,2026-08-17T10:43:25+0200,5f9ba03d-f545-4cd2-8996-d770f48fc74d,2026-08-05T23:00:00Z,2026-08-06T01:00:00+0200,135.5,MW,DK2,DK_2,forecast_offshore_wind_generation,Wind Offshore,2026-08-17T08:52:17Z
2026-08-17T08:43:25Z,2026-08-17T10:43:25+0200,5f9ba03d-f545-4cd2-8996-d770f48fc74d,2026-08-05T23:15:00Z,2026-08-06T01:15:00+0200,150.0,MW,DK2,DK_2,forecast_offshore_wind_generation,Wind Offshore,2026-08-17T08:52:17Z
2026-08-17T08:43:25Z,2026-08-17T10:43:25+0200,5f9ba03d-f545-4cd2-8996-d770f48fc74d,2026-08-05T23:30:00Z,2026-08-06T01:30:00+0200,165.5,MW,DK2,DK_2,forecast_offshore_wind_generation,Wind Offshore,2026-08-17T08:52:17Z
2026-08-17T08:43:25Z,2026-08-17T10:43:25+0200,5f9ba03d-f545-4cd2-8996-d770f48fc74d,2026-08-05T23:45:00Z,2026-08-06T01:45:00+0200,178.166666,MW,DK2,DK_2,forecast_offshore_wind_generation,Wind Offshore,2026-08-17T08:52:17Z
2026-08-17T08:43:25Z,2026-08-17T10:43:25+0200,5f9ba03d-f545-4cd2-8996-d770f48fc74d,2026-08-06T00:00:00Z,2026-08-06T02:00:00+0200,183.666666,MW,DK2,DK_2,forecast_offshore_wind_generation,Wind Offshore,2026-08-17T08:52:17Z
2026-08-17T08:43:25Z,2026-08-17T10:43:25+0200,5f9ba03d-f545-4cd2-8996-d770f48fc74d,2026-08-06T00:15:00Z,2026-08-06T02:15:00+0200,183.833333,MW,DK2,DK_2,forecast_offshore_wind_generation,Wind Offshore,2026-08-17T08:52:17Z
2026-08-17T08:43:25Z,2026-08-17T10:43:25+0200,5f9ba03d-f545-4cd2-8996-d770f48fc74d,2026-08-06T00:30:00Z,2026-08-06T02:30:00+0200,183.0,MW,DK2,DK_2,forecast_offshore_wind_generation,Wind Offshore,2026-08-17T08:52:17Z
2026-08-17T08:43:25Z,2026-08-17T10:43:25+0200,5f9ba03d-f545-4cd2-8996-d770f48fc74d,2026-08-06T00:45:00Z,2026-08-06T02:45:00+0200,184.166666,MW,DK2,DK_2,forecast_offshore_wind_generation,Wind Offshore,2026-08-17T08:52:17Z
2026-08-17T08:43:25Z,2026-08-17T10:43:25+0200,5f9ba03d-f545-4cd2-8996-d770f48fc74d,2026-08-06T01:00:00Z,2026-08-06T03:00:00+0200,189.166666,MW,DK2,DK_2,forecast_offshore_wind_generation,Wind Offshore,2026-08-17T08:52:17Z
2026-08-17T08:43:25Z,2026-08-17T10:43:25+0200,5f9ba03d-f545-4cd2-8996-d770f48fc74d,2026-08-06T01:15:00Z,2026-08-06T03:15:00+0200,198.166666,MW,DK2,DK_2,forecast_offshore_wind_generation,Wind Offshore,2026-08-17T08:52:17Z
2026-08-17T08:43:25Z,2026-08-17T10:43:25+0200,5f9ba03d-f545-4cd2-8996-d770f48fc74d,2026-08-06T01:30:00Z,2026-08-06T03:30:00+0200,210.666666,MW,DK2,DK_2,forecast_offshore_wind_generation,Wind Offshore,2026-08-17T08:52:17Z
2026-08-17T08:43:25Z,2026-08-17T10:43:25+0200,5f9ba03d-f545-4cd2-8996-d770f48fc74d,2026-08-06T01:45:00Z,2026-08-06T03:45:00+0200,223.833333,MW,DK2,DK_2,forecast_offshore_wind_generation,Wind Offshore,2026-08-17T08:52:17Z
2026-08-17T08:43:25Z,2026-08-17T10:43:25+0200,5f9ba03d-f545-4cd2-8996-d770f48fc74d,2026-08-06T02:00:00Z,2026-08-06T04:00:00+0200,233.666666,MW,DK2,DK_2,forecast_offshore_wind_generation,Wind Offshore,2026-08-17T08:52:17Z
2026-08-17T08:43:25Z,2026-08-17T10:43:25+0200,5f9ba03d-f545-4cd2-8996-d770f48fc74d,2026-08-06T02:15:00Z,2026-08-06T04:15:00+0200,244.0,MW,DK2,DK_2,forecast_offshore_wind_generation,Wind Offshore,2026-08-17T08:52:17Z
2026-08-17T08:43:25Z,2026-08-17T10:43:25+0200,5f9ba03d-f545-4cd2-8996-d770f48fc74d,2026-08-06T02:30:00Z,2026-08-06T04:30:00+0200,254.833333,MW,DK2,DK_2,forecast_offshore_wind_generation,Wind Offshore,2026-08-17T08:52:17Z
2026-08-17T08:43:25Z,2026-08-17T10:43:25+0200,5f9ba03d-f545-4cd2-8996-d770f48fc74d,2026-08-06T02:45:00Z,2026-08-06T04:45:00+0200,265.833333,MW,DK2,DK_2,forecast_offshore_wind_generation,Wind Offshore,2026-08-17T08:52:17Z
2026-08-17T08:43:25Z,2026-08-17T10:43:25+0200,5f9ba03d-f545-4cd2-8996-d770f48fc74d,2026-08-06T03:00:00Z,2026-08-06T05:00:00+0200,277.0,MW,DK2,DK_2,forecast_offshore_wind_generation,Wind Offshore,2026-08-17T08:52:17Z
2026-08-17T08:43:25Z,2026-08-17T10:43:25+0200,5f9ba03d-f545-4cd2-8996-d770f48fc74d,2026-08-06T03:15:00Z,2026-08-06T05:15:00+0200,289.833333,MW,DK2,DK_2,forecast_offshore_wind_generation,Wind Offshore,2026-08-17T08:52:17Z
2026-08-17T08:43:25Z,2026-08-17T10:43:25+0200,5f9ba03d-f545-4cd2-8996-d770f48fc74d,2026-08-06T03:30:00Z,2026-08-06T05:30:00+0200,302.0,MW,DK2,DK_2,forecast_offshore_wind_generation,Wind Offshore,2026-08-17T08:52:17Z
2026-08-17T08:43:25Z,2026-08-17T10:43:25+0200,5f9ba03d-f545-4cd2-8996-d770f48fc74d,2026-08-06T03:45:00Z,2026-08-06T05:45:00+0200,312.333333,MW,DK2,DK_2,forecast_offshore_wind_generation,Wind Offshore,2026-08-17T08:52:17Z
2026-08-17T08:43:25Z,2026-08-17T10:43:25+0200,5f9ba03d-f545-4cd2-8996-d770f48fc74d,2026-08-06T04:00:00Z,2026-08-06T06:00:00+0200,318.333333,MW,DK2,DK_2,forecast_offshore_wind_generation,Wind Offshore,2026-08-17T08:52:17Z
2026-08-17T08:43:25Z,2026-08-17T10:43:25+0200,5f9ba03d-f545-4cd2-8996-d770f48fc74d,2026-08-06T04:15:00Z,2026-08-06T06:15:00+0200,320.5,MW,DK2,DK_2,forecast_offshore_wind_generation,Wind Offshore,2026-08-17T08:52:17Z
2026-08-17T08:43:25Z,2026-08-17T10:43:25+0200,5f9ba03d-f545-4cd2-8996-d770f48fc74d,2026-08-06T04:30:00Z,2026-08-06T06:30:00+0200,321.0,MW,DK2,DK_2,forecast_offshore_wind_generation,Wind Offshore,2026-08-17T08:52:17Z
2026-08-17T08:43:25Z,2026-08-17T10:43:25+0200,5f9ba03d-f545-4cd2-8996-d770f48fc74d,2026-08-06T04:45:00Z,2026-08-06T06:45:00+0200,320.5,MW,DK2,DK_2,forecast_offshore_wind_generation,Wind Offshore,2026-08-17T08:52:17Z
2026-08-17T08:43:25Z,2026-08-17T10:43:25+0200,5f9ba03d-f545-4cd2-8996-d770f48fc74d,2026-08-06T05:00:00Z,2026-08-06T07:00:00+0200,322.0,MW,DK2,DK_2,forecast_offshore_wind_generation,Wind Offshore,2026-08-17T08:52:17Z
2026-08-17T08:43:25Z,2026-08-17T10:43:25+0200,5f9ba03d-f545-4cd2-8996-d770f48fc74d,2026-08-06T05:15:00Z,2026-08-06T07:15:00+0200,327.5,MW,DK2,DK_2,forecast_offshore_wind_generation,Wind Offshore,2026-08-17T08:52:17Z
2026-08-17T08:43:25Z,2026-08-17T10:43:25+0200,5f9ba03d-f545-4cd2-8996-d770f48fc74d,2026-08-06T05:30:00Z,2026-08-06T07:30:00+0200,334.0,MW,DK2,DK_2,forecast_offshore_wind_generation,Wind Offshore,2026-08-17T08:52:17Z
2026-08-17T08:43:25Z,2026-08-17T10:43:25+0200,5f9ba03d-f545-4cd2-8996-d770f48fc74d,2026-08-06T05:45:00Z,2026-08-06T07:45:00+0200,339.333333,MW,DK2,DK_2,forecast_offshore_wind_generation,Wind Offshore,2026-08-17T08:52:17Z
2026-08-17T08:43:25Z,2026-08-17T10:43:25+0200,5f9ba03d-f545-4cd2-8996-d770f48fc74d,2026-08-06T06:00:00Z,2026-08-06T08:00:00+0200,340.333333,MW,DK2,DK_2,forecast_offshore_wind_generation,Wind Offshore,2026-08-17T08:52:17Z
2026-08-17T08:43:25Z,2026-08-17T10:43:25+0200,5f9ba03d-f545-4cd2-8996-d770f48fc74d,2026-08-06T06:15:00Z,2026-08-06T08:15:00+0200,336.166666,MW,DK2,DK_2,forecast_offshore_wind_generation,Wind Offshore,2026-08-17T08:52:17Z
2026-08-17T08:43:25Z,2026-08-17T10:43:25+0200,5f9ba03d-f545-4cd2-8996-d770f48fc74d,2026-08-06T06:30:00Z,2026-08-06T08:30:00+0200,331.666666,MW,DK2,DK_2,forecast_offshore_wind_generation,Wind Offshore,2026-08-17T08:52:17Z
2026-08-17T08:43:25Z,2026-08-17T10:43:25+0200,5f9ba03d-f545-4cd2-8996-d770f48fc74d,2026-08-06T06:45:00Z,2026-08-06T08:45:00+0200,330.666666,MW,DK2,DK_2,forecast_offshore_wind_generation,Wind Offshore,2026-08-17T08:52:17Z
2026-08-17T08:43:25Z,2026-08-17T10:43:25+0200,5f9ba03d-f545-4cd2-8996-d770f48fc74d,2026-08-06T07:00:00Z,2026-08-06T09:00:00+0200,334.166666,MW,DK2,DK_2,forecast_offshore_wind_generation,Wind Offshore,2026-08-17T08:52:17Z
2026-08-17T08:43:25Z,2026-08-17T10:43:25+0200,5f9ba03d-f545-4cd2-8996-d770f48fc74d,2026-08-06T07:15:00Z,2026-08-06T09:15:00+0200,341.0,MW,DK2,DK_2,forecast_offshore_wind_generation,Wind Offshore,2026-08-17T08:52:17Z
2026-08-17T08:43:25Z,2026-08-17T10:43:25+0200,5f9ba03d-f545-4cd2-8996-d770f48fc74d,2026-08-06T07:30:00Z,2026-08-06T09:30:00+0200,349.0,MW,DK2,DK_2,forecast_offshore_wind_generation,Wind Offshore,2026-08-17T08:52:17Z
2026-08-17T08:43:25Z,2026-08-17T10:43:25+0200,5f9ba03d-f545-4cd2-8996-d770f48fc74d,2026-08-06T07:45:00Z,2026-08-06T09:45:00+0200,356.666666,MW,DK2,DK_2,forecast_offshore_wind_generation,Wind Offshore,2026-08-17T08:52:17Z
2026-08-17T08:43:25Z,2026-08-17T10:43:25+0200,5f9ba03d-f545-4cd2-8996-d770f48fc74d,2026-08-06T08:00:00Z,2026-08-06T10:00:00+0200,363.833333,MW,DK2,DK_2,forecast_offshore_wind_generation,Wind Offshore,2026-08-17T08:52:17Z
2026-08-17T08:43:25Z,2026-08-17T10:43:25+0200,5f9ba03d-f545-4cd2-8996-d770f48fc74d,2026-08-06T08:15:00Z,2026-08-06T10:15:00+0200,368.333333,MW,DK2,DK_2,forecast_offshore_wind_generation,Wind Offshore,2026-08-17T08:52:17Z
2026-08-17T08:43:25Z,2026-08-17T10:43:25+0200,5f9ba03d-f545-4cd2-8996-d770f48fc74d,2026-08-06T08:30:00Z,2026-08-06T10:30:00+0200,372.166666,MW,DK2,DK_2,forecast_offshore_wind_generation,Wind Offshore,2026-08-17T08:52:17Z
2026-08-17T08:43:25Z,2026-08-17T10:43:25+0200,5f9ba03d-f545-4cd2-8996-d770f48fc74d,2026-08-06T08:45:00Z,2026-08-06T10:45:00+0200,378.833333,MW,DK2,DK_2,forecast_offshore_wind_generation,Wind Offshore,2026-08-17T08:52:17Z
2026-08-17T08:43:25Z,2026-08-17T10:43:25+0200,5f9ba03d-f545-4cd2-8996-d770f48fc74d,2026-08-06T09:00:00Z,2026-08-06T11:00:00+0200,391.5,MW,DK2,DK_2,forecast_offshore_wind_generation,Wind Offshore,2026-08-17T08:52:17Z
2026-08-17T08:43:25Z,2026-08-17T10:43:25+0200,5f9ba03d-f545-4cd2-8996-d770f48fc74d,2026-08-06T09:15:00Z,2026-08-06T11:15:00+0200,414.5,MW,DK2,DK_2,forecast_offshore_wind_generation,Wind Offshore,2026-08-17T08:52:17Z
2026-08-17T08:43:25Z,2026-08-17T10:43:25+0200,5f9ba03d-f545-4cd2-8996-d770f48fc74d,2026-08-06T09:30:00Z,2026-08-06T11:30:00+0200,442.5,MW,DK2,DK_2,forecast_offshore_wind_generation,Wind Offshore,2026-08-17T08:52:17Z
2026-08-17T08:43:25Z,2026-08-17T10:43:25+0200,5f9ba03d-f545-4cd2-8996-d770f48fc74d,2026-08-06T09:45:00Z,2026-08-06T11:45:00+0200,472.166666,MW,DK2,DK_2,forecast_offshore_wind_generation,Wind Offshore,2026-08-17T08:52:17Z
2026-08-17T08:43:25Z,2026-08-17T10:43:25+0200,5f9ba03d-f545-4cd2-8996-d770f48fc74d,2026-08-06T10:00:00Z,2026-08-06T12:00:00+0200,498.833333,MW,DK2,DK_2,forecast_offshore_wind_generation,Wind Offshore,2026-08-17T08:52:17Z
2026-08-17T08:43:25Z,2026-08-17T10:43:25+0200,5f9ba03d-f545-4cd2-8996-d770f48fc74d,2026-08-06T10:15:00Z,2026-08-06T12:15:00+0200,527.333333,MW,DK2,DK_2,forecast_offshore_wind_generation,Wind Offshore,2026-08-17T08:52:17Z
2026-08-17T08:43:25Z,2026-08-17T10:43:25+0200,5f9ba03d-f545-4cd2-8996-d770f48fc74d,2026-08-06T10:30:00Z,2026-08-06T12:30:00+0200,554.166666,MW,DK2,DK_2,forecast_offshore_wind_generation,Wind Offshore,2026-08-17T08:52:17Z
2026-08-17T08:43:25Z,2026-08-17T10:43:25+0200,5f9ba03d-f545-4cd2-8996-d770f48fc74d,2026-08-06T10:45:00Z,2026-08-06T12:45:00+0200,576.166666,MW,DK2,DK_2,forecast_offshore_wind_generation,Wind Offshore,2026-08-17T08:52:17Z
2026-08-17T08:43:25Z,2026-08-17T10:43:25+0200,5f9ba03d-f545-4cd2-8996-d770f48fc74d,2026-08-06T11:00:00Z,2026-08-06T13:00:00+0200,593.166666,MW,DK2,DK_2,forecast_offshore_wind_generation,Wind Offshore,2026-08-17T08:52:17Z
2026-08-17T08:43:25Z,2026-08-17T10:43:25+0200,5f9ba03d-f545-4cd2-8996-d770f48fc74d,2026-08-06T11:15:00Z,2026-08-06T13:15:00+0200,610.5,MW,DK2,DK_2,forecast_offshore_wind_generation,Wind Offshore,2026-08-17T08:52:17Z
2026-08-17T08:43:25Z,2026-08-17T10:43:25+0200,5f9ba03d-f545-4cd2-8996-d770f48fc74d,2026-08-06T11:30:00Z,2026-08-06T13:30:00+0200,626.833333,MW,DK2,DK_2,forecast_offshore_wind_generation,Wind Offshore,2026-08-17T08:52:17Z
2026-08-17T08:43:25Z,2026-08-17T10:43:25+0200,5f9ba03d-f545-4cd2-8996-d770f48fc74d,2026-08-06T11:45:00Z,2026-08-06T13:45:00+0200,641.0,MW,DK2,DK_2,forecast_offshore_wind_generation,Wind Offshore,2026-08-17T08:52:17Z
2026-08-17T08:43:25Z,2026-08-17T10:43:25+0200,5f9ba03d-f545-4cd2-8996-d770f48fc74d,2026-08-06T12:00:00Z,2026-08-06T14:00:00+0200,656.166666,MW,DK2,DK_2,forecast_offshore_wind_generation,Wind Offshore,2026-08-17T08:52:17Z
2026-08-17T08:43:25Z,2026-08-17T10:43:25+0200,5f9ba03d-f545-4cd2-8996-d770f48fc74d,2026-08-06T12:15:00Z,2026-08-06T14:15:00+0200,673.666666,MW,DK2,DK_2,forecast_offshore_wind_generation,Wind Offshore,2026-08-17T08:52:17Z
2026-08-17T08:43:25Z,2026-08-17T10:43:25+0200,5f9ba03d-f545-4cd2-8996-d770f48fc74d,2026-08-06T12:30:00Z,2026-08-06T14:30:00+0200,686.166666,MW,DK2,DK_2,forecast_offshore_wind_generation,Wind Offshore,2026-08-17T08:52:17Z
2026-08-17T08:43:25Z,2026-08-17T10:43:25+0200,5f9ba03d-f545-4cd2-8996-d770f48fc74d,2026-08-06T12:45:00Z,2026-08-06T14:45:00+0200,696.5,MW,DK2,DK_2,forecast_offshore_wind_generation,Wind Offshore,2026-08-17T08:52:17Z
2026-08-17T08:43:25Z,2026-08-17T10:43:25+0200,5f9ba03d-f545-4cd2-8996-d770f48fc74d,2026-08-06T13:00:00Z,2026-08-06T15:00:00+0200,704.166666,MW,DK2,DK_2,forecast_offshore_wind_generation,Wind Offshore,2026-08-17T08:52:17Z
2026-08-17T08:43:25Z,2026-08-17T10:43:25+0200,5f9ba03d-f545-4cd2-8996-d770f48fc74d,2026-08-06T13:15:00Z,2026-08-06T15:15:00+0200,712.5,MW,DK2,DK_2,forecast_offshore_wind_generation,Wind Offshore,2026-08-17T08:52:17Z
2026-08-17T08:43:25Z,2026-08-17T10:43:25+0200,5f9ba03d-f545-4cd2-8996-d770f48fc74d,2026-08-06T13:30:00Z,2026-08-06T15:30:00+0200,721.5,MW,DK2,DK_2,forecast_offshore_wind_generation,Wind Offshore,2026-08-17T08:52:17Z
2026-08-17T08:43:25Z,2026-08-17T10:43:25+0200,5f9ba03d-f545-4cd2-8996-d770f48fc74d,2026-08-06T13:45:00Z,2026-08-06T15:45:00+0200,730.0,MW,DK2,DK_2,forecast_offshore_wind_generation,Wind Offshore,2026-08-17T08:52:17Z
2026-08-17T08:43:25Z,2026-08-17T10:43:25+0200,5f9ba03d-f545-4cd2-8996-d770f48fc74d,2026-08-06T14:00:00Z,2026-08-06T16:00:00+0200,737.666666,MW,DK2,DK_2,forecast_offshore_wind_generation,Wind Offshore,2026-08-17T08:52:17Z
2026-08-17T08:43:25Z,2026-08-17T10:43:25+0200,5f9ba03d-f545-4cd2-8996-d770f48fc74d,2026-08-06T14:15:00Z,2026-08-06T16:15:00+0200,747.5,MW,DK2,DK_2,forecast_offshore_wind_generation,Wind Offshore,2026-08-17T08:52:17Z
2026-08-17T08:43:25Z,2026-08-17T10:43:25+0200,5f9ba03d-f545-4cd2-8996-d770f48fc74d,2026-08-06T14:30:00Z,2026-08-06T16:30:00+0200,757.333333,MW,DK2,DK_2,forecast_offshore_wind_generation,Wind Offshore,2026-08-17T08:52:17Z
2026-08-17T08:43:25Z,2026-08-17T10:43:25+0200,5f9ba03d-f545-4cd2-8996-d770f48fc74d,2026-08-06T14:45:00Z,2026-08-06T16:45:00+0200,763.833333,MW,DK2,DK_2,forecast_offshore_wind_generation,Wind Offshore,2026-08-17T08:52:17Z
2026-08-17T08:43:25Z,2026-08-17T10:43:25+0200,5f9ba03d-f545-4cd2-8996-d770f48fc74d,2026-08-06T15:00:00Z,2026-08-06T17:00:00+0200,768.0,MW,DK2,DK_2,forecast_offshore_wind_generation,Wind Offshore,2026-08-17T08:52:17Z
2026-08-17T08:43:25Z,2026-08-17T10:43:25+0200,5f9ba03d-f545-4cd2-8996-d770f48fc74d,2026-08-06T15:15:00Z,2026-08-06T17:15:00+0200,771.666666,MW,DK2,DK_2,forecast_offshore_wind_generation,Wind Offshore,2026-08-17T08:52:17Z
2026-08-17T08:43:25Z,2026-08-17T10:43:25+0200,5f9ba03d-f545-4cd2-8996-d770f48fc74d,2026-08-06T15:30:00Z,2026-08-06T17:30:00+0200,775.5,MW,DK2,DK_2,forecast_offshore_wind_generation,Wind Offshore,2026-08-17T08:52:17Z
2026-08-17T08:43:25Z,2026-08-17T10:43:25+0200,5f9ba03d-f545-4cd2-8996-d770f48fc74d,2026-08-06T15:45:00Z,2026-08-06T17:45:00+0200,778.833333,MW,DK2,DK_2,forecast_offshore_wind_generation,Wind Offshore,2026-08-17T08:52:17Z
2026-08-17T08:43:25Z,2026-08-17T10:43:25+0200,5f9ba03d-f545-4cd2-8996-d770f48fc74d,2026-08-06T16:00:00Z,2026-08-06T18:00:00+0200,780.833333,MW,DK2,DK_2,forecast_offshore_wind_generation,Wind Offshore,2026-08-17T08:52:17Z
2026-08-17T08:43:25Z,2026-08-17T10:43:25+0200,5f9ba03d-f545-4cd2-8996-d770f48fc74d,2026-08-06T16:15:00Z,2026-08-06T18:15:00+0200,780.833333,MW,DK2,DK_2,forecast_offshore_wind_generation,Wind Offshore,2026-08-17T08:52:17Z
2026-08-17T08:43:25Z,2026-08-17T10:43:25+0200,5f9ba03d-f545-4cd2-8996-d770f48fc74d,2026-08-06T16:30:00Z,2026-08-06T18:30:00+0200,779.5,MW,DK2,DK_2,forecast_offshore_wind_generation,Wind Offshore,2026-08-17T08:52:17Z
2026-08-17T08:43:25Z,2026-08-17T10:43:25+0200,5f9ba03d-f545-4cd2-8996-d770f48fc74d,2026-08-06T16:45:00Z,2026-08-06T18:45:00+0200,779.0,MW,DK2,DK_2,forecast_offshore_wind_generation,Wind Offshore,2026-08-17T08:52:17Z
2026-08-17T08:43:25Z,2026-08-17T10:43:25+0200,5f9ba03d-f545-4cd2-8996-d770f48fc74d,2026-08-06T17:00:00Z,2026-08-06T19:00:00+0200,780.5,MW,DK2,DK_2,forecast_offshore_wind_generation,Wind Offshore,2026-08-17T08:52:17Z
2026-08-17T08:43:25Z,2026-08-17T10:43:25+0200,5f9ba03d-f545-4cd2-8996-d770f48fc74d,2026-08-06T17:15:00Z,2026-08-06T19:15:00+0200,783.5,MW,DK2,DK_2,forecast_offshore_wind_generation,Wind Offshore,2026-08-17T08:52:17Z
2026-08-17T08:43:25Z,2026-08-17T10:43:25+0200,5f9ba03d-f545-4cd2-8996-d770f48fc74d,2026-08-06T17:30:00Z,2026-08-06T19:30:00+0200,786.5,MW,DK2,DK_2,forecast_offshore_wind_generation,Wind Offshore,2026-08-17T08:52:17Z
2026-08-17T08:43:25Z,2026-08-17T10:43:25+0200,5f9ba03d-f545-4cd2-8996-d770f48fc74d,2026-08-06T17:45:00Z,2026-08-06T19:45:00+0200,788.5,MW,DK2,DK_2,forecast_offshore_wind_generation,Wind Offshore,2026-08-17T08:52:17Z
2026-08-17T08:43:25Z,2026-08-17T10:43:25+0200,5f9ba03d-f545-4cd2-8996-d770f48fc74d,2026-08-06T18:00:00Z,2026-08-06T20:00:00+0200,789.0,MW,DK2,DK_2,forecast_offshore_wind_generation,Wind Offshore,2026-08-17T08:52:17Z
2026-08-17T08:43:25Z,2026-08-17T10:43:25+0200,5f9ba03d-f545-4cd2-8996-d770f48fc74d,2026-08-06T18:15:00Z,2026-08-06T20:15:00+0200,788.5,MW,DK2,DK_2,forecast_offshore_wind_generation,Wind Offshore,2026-08-17T08:52:17Z
2026-08-17T08:43:25Z,2026-08-17T10:43:25+0200,5f9ba03d-f545-4cd2-8996-d770f48fc74d,2026-08-06T18:30:00Z,2026-08-06T20:30:00+0200,786.5,MW,DK2,DK_2,forecast_offshore_wind_generation,Wind Offshore,2026-08-17T08:52:17Z
2026-08-17T08:43:25Z,2026-08-17T10:43:25+0200,5f9ba03d-f545-4cd2-8996-d770f48fc74d,2026-08-06T18:45:00Z,2026-08-06T20:45:00+0200,784.0,MW,DK2,DK_2,forecast_offshore_wind_generation,Wind Offshore,2026-08-17T08:52:17Z
2026-08-17T08:43:25Z,2026-08-17T10:43:25+0200,5f9ba03d-f545-4cd2-8996-d770f48fc74d,2026-08-06T19:00:00Z,2026-08-06T21:00:00+0200,782.0,MW,DK2,DK_2,forecast_offshore_wind_generation,Wind Offshore,2026-08-17T08:52:17Z
2026-08-17T08:43:25Z,2026-08-17T10:43:25+0200,5f9ba03d-f545-4cd2-8996-d770f48fc74d,2026-08-06T19:15:00Z,2026-08-06T21:15:00+0200,780.333333,MW,DK2,DK_2,forecast_offshore_wind_generation,Wind Offshore,2026-08-17T08:52:17Z
2026-08-17T08:43:25Z,2026-08-17T10:43:25+0200,5f9ba03d-f545-4cd2-8996-d770f48fc74d,2026-08-06T19:30:00Z,2026-08-06T21:30:00+0200,778.333333,MW,DK2,DK_2,forecast_offshore_wind_generation,Wind Offshore,2026-08-17T08:52:17Z
2026-08-17T08:43:25Z,2026-08-17T10:43:25+0200,5f9ba03d-f545-4cd2-8996-d770f48fc74d,2026-08-06T19:45:00Z,2026-08-06T21:45:00+0200,776.5,MW,DK2,DK_2,forecast_offshore_wind_generation,Wind Offshore,2026-08-17T08:52:17Z
2026-08-17T08:43:25Z,2026-08-17T10:43:25+0200,5f9ba03d-f545-4cd2-8996-d770f48fc74d,2026-08-06T20:00:00Z,2026-08-06T22:00:00+0200,775.5,MW,DK2,DK_2,forecast_offshore_wind_generation,Wind Offshore,2026-08-17T08:52:17Z
2026-08-17T08:43:25Z,2026-08-17T10:43:25+0200,5f9ba03d-f545-4cd2-8996-d770f48fc74d,2026-08-06T20:15:00Z,2026-08-06T22:15:00+0200,775.0,MW,DK2,DK_2,forecast_offshore_wind_generation,Wind Offshore,2026-08-17T08:52:17Z
2026-08-17T08:43:25Z,2026-08-17T10:43:25+0200,5f9ba03d-f545-4cd2-8996-d770f48fc74d,2026-08-06T20:30:00Z,2026-08-06T22:30:00+0200,774.5,MW,DK2,DK_2,forecast_offshore_wind_generation,Wind Offshore,2026-08-17T08:52:17Z
2026-08-17T08:43:25Z,2026-08-17T10:43:25+0200,5f9ba03d-f545-4cd2-8996-d770f48fc74d,2026-08-06T20:45:00Z,2026-08-06T22:45:00+0200,774.0,MW,DK2,DK_2,forecast_offshore_wind_generation,Wind Offshore,2026-08-17T08:52:17Z
2026-08-17T08:43:25Z,2026-08-17T10:43:25+0200,5f9ba03d-f545-4cd2-8996-d770f48fc74d,2026-08-06T21:00:00Z,2026-08-06T23:00:00+0200,773.5,MW,DK2,DK_2,forecast_offshore_wind_generation,Wind Offshore,2026-08-17T08:52:17Z
2026-08-17T08:43:25Z,2026-08-17T10:43:25+0200,5f9ba03d-f545-4cd2-8996-d770f48fc74d,2026-08-06T21:15:00Z,2026-08-06T23:15:00+0200,772.833333,MW,DK2,DK_2,forecast_offshore_wind_generation,Wind Offshore,2026-08-17T08:52:17Z
2026-08-17T08:43:25Z,2026-08-17T10:43:25+0200,5f9ba03d-f545-4cd2-8996-d770f48fc74d,2026-08-06T21:30:00Z,2026-08-06T23:30:00+0200,772.0,MW,DK2,DK_2,forecast_offshore_wind_generation,Wind Offshore,2026-08-17T08:52:17Z
2026-08-17T08:43:25Z,2026-08-17T10:43:25+0200,5f9ba03d-f545-4cd2-8996-d770f48fc74d,2026-08-06T21:45:00Z,2026-08-06T23:45:00+0200,771.166666,MW,DK2,DK_2,forecast_offshore_wind_generation,Wind Offshore,2026-08-17T08:52:17Z
2026-08-17T08:43:25Z,2026-08-17T10:43:25+0200,5f9ba03d-f545-4cd2-8996-d770f48fc74d,2026-08-06T22:00:00Z,2026-08-07T00:00:00+0200,775.0,MW,DK2,DK_2,forecast_offshore_wind_generation,Wind Offshore,2026-08-17T08:52:17Z
2026-08-17T08:43:25Z,2026-08-17T10:43:25+0200,5f9ba03d-f545-4cd2-8996-d770f48fc74d,2026-08-06T22:15:00Z,2026-08-07T00:15:00+0200,773.833333,MW,DK2,DK_2,forecast_offshore_wind_generation,Wind Offshore,2026-08-17T08:52:17Z
2026-08-17T08:43:25Z,2026-08-17T10:43:25+0200,5f9ba03d-f545-4cd2-8996-d770f48fc74d,2026-08-06T22:30:00Z,2026-08-07T00:30:00+0200,772.833333,MW,DK2,DK_2,forecast_offshore_wind_generation,Wind Offshore,2026-08-17T08:52:17Z
2026-08-17T08:43:25Z,2026-08-17T10:43:25+0200,5f9ba03d-f545-4cd2-8996-d770f48fc74d,2026-08-06T22:45:00Z,2026-08-07T00:45:00+0200,771.5,MW,DK2,DK_2,forecast_offshore_wind_generation,Wind Offshore,2026-08-17T08:52:17Z
2026-08-17T08:43:25Z,2026-08-17T10:43:25+0200,5f9ba03d-f545-4cd2-8996-d770f48fc74d,2026-08-06T23:00:00Z,2026-08-07T01:00:00+0200,769.666666,MW,DK2,DK_2,forecast_offshore_wind_generation,Wind Offshore,2026-08-17T08:52:17Z
2026-08-17T08:43:25Z,2026-08-17T10:43:25+0200,5f9ba03d-f545-4cd2-8996-d770f48fc74d,2026-08-06T23:15:00Z,2026-08-07T01:15:00+0200,768.0,MW,DK2,DK_2,forecast_offshore_wind_generation,Wind Offshore,2026-08-17T08:52:17Z
2026-08-17T08:43:25Z,2026-08-17T10:43:25+0200,5f9ba03d-f545-4cd2-8996-d770f48fc74d,2026-08-06T23:30:00Z,2026-08-07T01:30:00+0200,766.5,MW,DK2,DK_2,forecast_offshore_wind_generation,Wind Offshore,2026-08-17T08:52:17Z
2026-08-17T08:43:25Z,2026-08-17T10:43:25+0200,5f9ba03d-f545-4cd2-8996-d770f48fc74d,2026-08-06T23:45:00Z,2026-08-07T01:45:00+0200,765.0,MW,DK2,DK_2,forecast_offshore_wind_generation,Wind Offshore,2026-08-17T08:52:17Z
2026-08-17T08:43:25Z,2026-08-17T10:43:25+0200,5f9ba03d-f545-4cd2-8996-d770f48fc74d,2026-08-07T00:00:00Z,2026-08-07T02:00:00+0200,763.166666,MW,DK2,DK_2,forecast_offshore_wind_generation,Wind Offshore,2026-08-17T08:52:17Z
2026-08-17T08:43:25Z,2026-08-17T10:43:25+0200,5f9ba03d-f545-4cd2-8996-d770f48fc74d,2026-08-07T00:15:00Z,2026-08-07T02:15:00+0200,758.166666,MW,DK2,DK_2,forecast_offshore_wind_generation,Wind Offshore,2026-08-17T08:52:17Z
2026-08-17T08:43:25Z,2026-08-17T10:43:25+0200,5f9ba03d-f545-4cd2-8996-d770f48fc74d,2026-08-07T00:30:00Z,2026-08-07T02:30:00+0200,749.5,MW,DK2,DK_2,forecast_offshore_wind_generation,Wind Offshore,2026-08-17T08:52:17Z
2026-08-17T08:43:25Z,2026-08-17T10:43:25+0200,5f9ba03d-f545-4cd2-8996-d770f48fc74d,2026-08-07T00:45:00Z,2026-08-07T02:45:00+0200,740.666666,MW,DK2,DK_2,forecast_offshore_wind_generation,Wind Offshore,2026-08-17T08:52:17Z
2026-08-17T08:43:25Z,2026-08-17T10:43:25+0200,5f9ba03d-f545-4cd2-8996-d770f48fc74d,2026-08-07T01:00:00Z,2026-08-07T03:00:00+0200,733.0,MW,DK2,DK_2,forecast_offshore_wind_generation,Wind Offshore,2026-08-17T08:52:17Z
2026-08-17T08:43:25Z,2026-08-17T10:43:25+0200,5f9ba03d-f545-4cd2-8996-d770f48fc74d,2026-08-07T01:15:00Z,2026-08-07T03:15:00+0200,724.5,MW,DK2,DK_2,forecast_offshore_wind_generation,Wind Offshore,2026-08-17T08:52:17Z
2026-08-17T08:43:25Z,2026-08-17T10:43:25+0200,5f9ba03d-f545-4cd2-8996-d770f48fc74d,2026-08-07T01:30:00Z,2026-08-07T03:30:00+0200,716.333333,MW,DK2,DK_2,forecast_offshore_wind_generation,Wind Offshore,2026-08-17T08:52:17Z
2026-08-17T08:43:25Z,2026-08-17T10:43:25+0200,5f9ba03d-f545-4cd2-8996-d770f48fc74d,2026-08-07T01:45:00Z,2026-08-07T03:45:00+0200,709.0,MW,DK2,DK_2,forecast_offshore_wind_generation,Wind Offshore,2026-08-17T08:52:17Z
2026-08-17T08:43:25Z,2026-08-17T10:43:25+0200,5f9ba03d-f545-4cd2-8996-d770f48fc74d,2026-08-07T02:00:00Z,2026-08-07T04:00:00+0200,704.0,MW,DK2,DK_2,forecast_offshore_wind_generation,Wind Offshore,2026-08-17T08:52:17Z
2026-08-17T08:43:25Z,2026-08-17T10:43:25+0200,5f9ba03d-f545-4cd2-8996-d770f48fc74d,2026-08-07T02:15:00Z,2026-08-07T04:15:00+0200,701.0,MW,DK2,DK_2,forecast_offshore_wind_generation,Wind Offshore,2026-08-17T08:52:17Z
2026-08-17T08:43:25Z,2026-08-17T10:43:25+0200,5f9ba03d-f545-4cd2-8996-d770f48fc74d,2026-08-07T02:30:00Z,2026-08-07T04:30:00+0200,699.0,MW,DK2,DK_2,forecast_offshore_wind_generation,Wind Offshore,2026-08-17T08:52:17Z
2026-08-17T08:43:25Z,2026-08-17T10:43:25+0200,5f9ba03d-f545-4cd2-8996-d770f48fc74d,2026-08-07T02:45:00Z,2026-08-07T04:45:00+0200,698.0,MW,DK2,DK_2,forecast_offshore_wind_generation,Wind Offshore,2026-08-17T08:52:17Z
2026-08-17T08:43:25Z,2026-08-17T10:43:25+0200,5f9ba03d-f545-4cd2-8996-d770f48fc74d,2026-08-07T03:00:00Z,2026-08-07T05:00:00+0200,698.166666,MW,DK2,DK_2,forecast_offshore_wind_generation,Wind Offshore,2026-08-17T08:52:17Z
2026-08-17T08:43:25Z,2026-08-17T10:43:25+0200,5f9ba03d-f545-4cd2-8996-d770f48fc74d,2026-08-07T03:15:00Z,2026-08-07T05:15:00+0200,699.5,MW,DK2,DK_2,forecast_offshore_wind_generation,Wind Offshore,2026-08-17T08:52:17Z
2026-08-17T08:43:25Z,2026-08-17T10:43:25+0200,5f9ba03d-f545-4cd2-8996-d770f48fc74d,2026-08-07T03:30:00Z,2026-08-07T05:30:00+0200,701.333333,MW,DK2,DK_2,forecast_offshore_wind_generation,Wind Offshore,2026-08-17T08:52:17Z
2026-08-17T08:43:25Z,2026-08-17T10:43:25+0200,5f9ba03d-f545-4cd2-8996-d770f48fc74d,2026-08-07T03:45:00Z,2026-08-07T05:45:00+0200,703.5,MW,DK2,DK_2,forecast_offshore_wind_generation,Wind Offshore,2026-08-17T08:52:17Z
2026-08-17T08:43:25Z,2026-08-17T10:43:25+0200,5f9ba03d-f545-4cd2-8996-d770f48fc74d,2026-08-07T04:00:00Z,2026-08-07T06:00:00+0200,705.666666,MW,DK2,DK_2,forecast_offshore_wind_generation,Wind Offshore,2026-08-17T08:52:17Z
2026-08-17T08:43:25Z,2026-08-17T10:43:25+0200,5f9ba03d-f545-4cd2-8996-d770f48fc74d,2026-08-07T04:15:00Z,2026-08-07T06:15:00+0200,707.5,MW,DK2,DK_2,forecast_offshore_wind_generation,Wind Offshore,2026-08-17T08:52:17Z
2026-08-17T08:43:25Z,2026-08-17T10:43:25+0200,5f9ba03d-f545-4cd2-8996-d770f48fc74d,2026-08-07T04:30:00Z,2026-08-07T06:30:00+0200,708.5,MW,DK2,DK_2,forecast_offshore_wind_generation,Wind Offshore,2026-08-17T08:52:17Z
2026-08-17T08:43:25Z,2026-08-17T10:43:25+0200,5f9ba03d-f545-4cd2-8996-d770f48fc74d,2026-08-07T04:45:00Z,2026-08-07T06:45:00+0200,709.5,MW,DK2,DK_2,forecast_offshore_wind_generation,Wind Offshore,2026-08-17T08:52:17Z
2026-08-17T08:43:25Z,2026-08-17T10:43:25+0200,5f9ba03d-f545-4cd2-8996-d770f48fc74d,2026-08-07T05:00:00Z,2026-08-07T07:00:00+0200,709.166666,MW,DK2,DK_2,forecast_offshore_wind_generation,Wind Offshore,2026-08-17T08:52:17Z
2026-08-17T08:43:25Z,2026-08-17T10:43:25+0200,5f9ba03d-f545-4cd2-8996-d770f48fc74d,2026-08-07T05:15:00Z,2026-08-07T07:15:00+0200,703.833333,MW,DK2,DK_2,forecast_offshore_wind_generation,Wind Offshore,2026-08-17T08:52:17Z
2026-08-17T08:43:25Z,2026-08-17T10:43:25+0200,5f9ba03d-f545-4cd2-8996-d770f48fc74d,2026-08-07T05:30:00Z,2026-08-07T07:30:00+0200,696.333333,MW,DK2,DK_2,forecast_offshore_wind_generation,Wind Offshore,2026-08-17T08:52:17Z
2026-08-17T08:43:25Z,2026-08-17T10:43:25+0200,5f9ba03d-f545-4cd2-8996-d770f48fc74d,2026-08-07T05:45:00Z,2026-08-07T07:45:00+0200,689.0,MW,DK2,DK_2,forecast_offshore_wind_generation,Wind Offshore,2026-08-17T08:52:17Z
2026-08-17T08:43:25Z,2026-08-17T10:43:25+0200,5f9ba03d-f545-4cd2-8996-d770f48fc74d,2026-08-07T06:00:00Z,2026-08-07T08:00:00+0200,683.833333,MW,DK2,DK_2,forecast_offshore_wind_generation,Wind Offshore,2026-08-17T08:52:17Z
2026-08-17T08:43:25Z,2026-08-17T10:43:25+0200,5f9ba03d-f545-4cd2-8996-d770f48fc74d,2026-08-07T06:15:00Z,2026-08-07T08:15:00+0200,678.0,MW,DK2,DK_2,forecast_offshore_wind_generation,Wind Offshore,2026-08-17T08:52:17Z
2026-08-17T08:43:25Z,2026-08-17T10:43:25+0200,5f9ba03d-f545-4cd2-8996-d770f48fc74d,2026-08-07T06:30:00Z,2026-08-07T08:30:00+0200,672.0,MW,DK2,DK_2,forecast_offshore_wind_generation,Wind Offshore,2026-08-17T08:52:17Z
2026-08-17T08:43:25Z,2026-08-17T10:43:25+0200,5f9ba03d-f545-4cd2-8996-d770f48fc74d,2026-08-07T06:45:00Z,2026-08-07T08:45:00+0200,667.5,MW,DK2,DK_2,forecast_offshore_wind_generation,Wind Offshore,2026-08-17T08:52:17Z
2026-08-17T08:43:25Z,2026-08-17T10:43:25+0200,5f9ba03d-f545-4cd2-8996-d770f48fc74d,2026-08-07T07:00:00Z,2026-08-07T09:00:00+0200,666.166666,MW,DK2,DK_2,forecast_offshore_wind_generation,Wind Offshore,2026-08-17T08:52:17Z
2026-08-17T08:43:25Z,2026-08-17T10:43:25+0200,5f9ba03d-f545-4cd2-8996-d770f48fc74d,2026-08-07T07:15:00Z,2026-08-07T09:15:00+0200,668.5,MW,DK2,DK_2,forecast_offshore_wind_generation,Wind Offshore,2026-08-17T08:52:17Z
2026-08-17T08:43:25Z,2026-08-17T10:43:25+0200,5f9ba03d-f545-4cd2-8996-d770f48fc74d,2026-08-07T07:30:00Z,2026-08-07T09:30:00+0200,671.5,MW,DK2,DK_2,forecast_offshore_wind_generation,Wind Offshore,2026-08-17T08:52:17Z
2026-08-17T08:43:25Z,2026-08-17T10:43:25+0200,5f9ba03d-f545-4cd2-8996-d770f48fc74d,2026-08-07T07:45:00Z,2026-08-07T09:45:00+0200,673.666666,MW,DK2,DK_2,forecast_offshore_wind_generation,Wind Offshore,2026-08-17T08:52:17Z
2026-08-17T08:43:25Z,2026-08-17T10:43:25+0200,5f9ba03d-f545-4cd2-8996-d770f48fc74d,2026-08-07T08:00:00Z,2026-08-07T10:00:00+0200,672.333333,MW,DK2,DK_2,forecast_offshore_wind_generation,Wind Offshore,2026-08-17T08:52:17Z
2026-08-17T08:43:25Z,2026-08-17T10:43:25+0200,5f9ba03d-f545-4cd2-8996-d770f48fc74d,2026-08-07T08:15:00Z,2026-08-07T10:15:00+0200,669.5,MW,DK2,DK_2,forecast_offshore_wind_generation,Wind Offshore,2026-08-17T08:52:17Z
2026-08-17T08:43:25Z,2026-08-17T10:43:25+0200,5f9ba03d-f545-4cd2-8996-d770f48fc74d,2026-08-07T08:30:00Z,2026-08-07T10:30:00+0200,666.5,MW,DK2,DK_2,forecast_offshore_wind_generation,Wind Offshore,2026-08-17T08:52:17Z
2026-08-17T08:43:25Z,2026-08-17T10:43:25+0200,5f9ba03d-f545-4cd2-8996-d770f48fc74d,2026-08-07T08:45:00Z,2026-08-07T10:45:00+0200,662.666666,MW,DK2,DK_2,forecast_offshore_wind_generation,Wind Offshore,2026-08-17T08:52:17Z
2026-08-17T08:43:25Z,2026-08-17T10:43:25+0200,5f9ba03d-f545-4cd2-8996-d770f48fc74d,2026-08-07T09:00:00Z,2026-08-07T11:00:00+0200,657.833333,MW,DK2,DK_2,forecast_offshore_wind_generation,Wind Offshore,2026-08-17T08:52:17Z
2026-08-17T08:43:25Z,2026-08-17T10:43:25+0200,5f9ba03d-f545-4cd2-8996-d770f48fc74d,2026-08-07T09:15:00Z,2026-08-07T11:15:00+0200,649.833333,MW,DK2,DK_2,forecast_offshore_wind_generation,Wind Offshore,2026-08-17T08:52:17Z
2026-08-17T08:43:25Z,2026-08-17T10:43:25+0200,5f9ba03d-f545-4cd2-8996-d770f48fc74d,2026-08-07T09:30:00Z,2026-08-07T11:30:00+0200,639.833333,MW,DK2,DK_2,forecast_offshore_wind_generation,Wind Offshore,2026-08-17T08:52:17Z
2026-08-17T08:43:25Z,2026-08-17T10:43:25+0200,5f9ba03d-f545-4cd2-8996-d770f48fc74d,2026-08-07T09:45:00Z,2026-08-07T11:45:00+0200,627.666666,MW,DK2,DK_2,forecast_offshore_wind_generation,Wind Offshore,2026-08-17T08:52:17Z
2026-08-17T08:43:25Z,2026-08-17T10:43:25+0200,5f9ba03d-f545-4cd2-8996-d770f48fc74d,2026-08-07T10:00:00Z,2026-08-07T12:00:00+0200,616.0,MW,DK2,DK_2,forecast_offshore_wind_generation,Wind Offshore,2026-08-17T08:52:17Z
2026-08-17T08:43:25Z,2026-08-17T10:43:25+0200,5f9ba03d-f545-4cd2-8996-d770f48fc74d,2026-08-07T10:15:00Z,2026-08-07T12:15:00+0200,604.166666,MW,DK2,DK_2,forecast_offshore_wind_generation,Wind Offshore,2026-08-17T08:52:17Z
2026-08-17T08:43:25Z,2026-08-17T10:43:25+0200,5f9ba03d-f545-4cd2-8996-d770f48fc74d,2026-08-07T10:30:00Z,2026-08-07T12:30:00+0200,593.666666,MW,DK2,DK_2,forecast_offshore_wind_generation,Wind Offshore,2026-08-17T08:52:17Z
2026-08-17T08:43:25Z,2026-08-17T10:43:25+0200,5f9ba03d-f545-4cd2-8996-d770f48fc74d,2026-08-07T10:45:00Z,2026-08-07T12:45:00+0200,586.166666,MW,DK2,DK_2,forecast_offshore_wind_generation,Wind Offshore,2026-08-17T08:52:17Z
2026-08-17T08:43:25Z,2026-08-17T10:43:25+0200,5f9ba03d-f545-4cd2-8996-d770f48fc74d,2026-08-07T11:00:00Z,2026-08-07T13:00:00+0200,582.5,MW,DK2,DK_2,forecast_offshore_wind_generation,Wind Offshore,2026-08-17T08:52:17Z
2026-08-17T08:43:25Z,2026-08-17T10:43:25+0200,5f9ba03d-f545-4cd2-8996-d770f48fc74d,2026-08-07T11:15:00Z,2026-08-07T13:15:00+0200,580.5,MW,DK2,DK_2,forecast_offshore_wind_generation,Wind Offshore,2026-08-17T08:52:17Z
2026-08-17T08:43:25Z,2026-08-17T10:43:25+0200,5f9ba03d-f545-4cd2-8996-d770f48fc74d,2026-08-07T11:30:00Z,2026-08-07T13:30:00+0200,579.5,MW,DK2,DK_2,forecast_offshore_wind_generation,Wind Offshore,2026-08-17T08:52:17Z
2026-08-17T08:43:25Z,2026-08-17T10:43:25+0200,5f9ba03d-f545-4cd2-8996-d770f48fc74d,2026-08-07T11:45:00Z,2026-08-07T13:45:00+0200,578.833333,MW,DK2,DK_2,forecast_offshore_wind_generation,Wind Offshore,2026-08-17T08:52:17Z
2026-08-17T08:43:25Z,2026-08-17T10:43:25+0200,5f9ba03d-f545-4cd2-8996-d770f48fc74d,2026-08-07T12:00:00Z,2026-08-07T14:00:00+0200,578.5,MW,DK2,DK_2,forecast_offshore_wind_generation,Wind Offshore,2026-08-17T08:52:17Z
2026-08-17T08:43:25Z,2026-08-17T10:43:25+0200,5f9ba03d-f545-4cd2-8996-d770f48fc74d,2026-08-07T12:15:00Z,2026-08-07T14:15:00+0200,579.666666,MW,DK2,DK_2,forecast_offshore_wind_generation,Wind Offshore,2026-08-17T08:52:17Z
2026-08-17T08:43:25Z,2026-08-17T10:43:25+0200,5f9ba03d-f545-4cd2-8996-d770f48fc74d,2026-08-07T12:30:00Z,2026-08-07T14:30:00+0200,581.666666,MW,DK2,DK_2,forecast_offshore_wind_generation,Wind Offshore,2026-08-17T08:52:17Z
2026-08-17T08:43:25Z,2026-08-17T10:43:25+0200,5f9ba03d-f545-4cd2-8996-d770f48fc74d,2026-08-07T12:45:00Z,2026-08-07T14:45:00+0200,583.0,MW,DK2,DK_2,forecast_offshore_wind_generation,Wind Offshore,2026-08-17T08:52:17Z
2026-08-17T08:43:25Z,2026-08-17T10:43:25+0200,5f9ba03d-f545-4cd2-8996-d770f48fc74d,2026-08-07T13:00:00Z,2026-08-07T15:00:00+0200,582.333333,MW,DK2,DK_2,forecast_offshore_wind_generation,Wind Offshore,2026-08-17T08:52:17Z
2026-08-17T08:43:25Z,2026-08-17T10:43:25+0200,5f9ba03d-f545-4cd2-8996-d770f48fc74d,2026-08-07T13:15:00Z,2026-08-07T15:15:00+0200,580.333333,MW,DK2,DK_2,forecast_offshore_wind_generation,Wind Offshore,2026-08-17T08:52:17Z
2026-08-17T08:43:25Z,2026-08-17T10:43:25+0200,5f9ba03d-f545-4cd2-8996-d770f48fc74d,2026-08-07T13:30:00Z,2026-08-07T15:30:00+0200,577.5,MW,DK2,DK_2,forecast_offshore_wind_generation,Wind Offshore,2026-08-17T08:52:17Z
2026-08-17T08:43:25Z,2026-08-17T10:43:25+0200,5f9ba03d-f545-4cd2-8996-d770f48fc74d,2026-08-07T13:45:00Z,2026-08-07T15:45:00+0200,575.333333,MW,DK2,DK_2,forecast_offshore_wind_generation,Wind Offshore,2026-08-17T08:52:17Z
2026-08-17T08:43:25Z,2026-08-17T10:43:25+0200,5f9ba03d-f545-4cd2-8996-d770f48fc74d,2026-08-07T14:00:00Z,2026-08-07T16:00:00+0200,572.5,MW,DK2,DK_2,forecast_offshore_wind_generation,Wind Offshore,2026-08-17T08:52:17Z
2026-08-17T08:43:25Z,2026-08-17T10:43:25+0200,5f9ba03d-f545-4cd2-8996-d770f48fc74d,2026-08-07T14:15:00Z,2026-08-07T16:15:00+0200,568.5,MW,DK2,DK_2,forecast_offshore_wind_generation,Wind Offshore,2026-08-17T08:52:17Z
2026-08-17T08:43:25Z,2026-08-17T10:43:25+0200,5f9ba03d-f545-4cd2-8996-d770f48fc74d,2026-08-07T14:30:00Z,2026-08-07T16:30:00+0200,563.5,MW,DK2,DK_2,forecast_offshore_wind_generation,Wind Offshore,2026-08-17T08:52:17Z
2026-08-17T08:43:25Z,2026-08-17T10:43:25+0200,5f9ba03d-f545-4cd2-8996-d770f48fc74d,2026-08-07T14:45:00Z,2026-08-07T16:45:00+0200,558.666666,MW,DK2,DK_2,forecast_offshore_wind_generation,Wind Offshore,2026-08-17T08:52:17Z
2026-08-17T08:43:25Z,2026-08-17T10:43:25+0200,5f9ba03d-f545-4cd2-8996-d770f48fc74d,2026-08-07T15:00:00Z,2026-08-07T17:00:00+0200,555.333333,MW,DK2,DK_2,forecast_offshore_wind_generation,Wind Offshore,2026-08-17T08:52:17Z
2026-08-17T08:43:25Z,2026-08-17T10:43:25+0200,5f9ba03d-f545-4cd2-8996-d770f48fc74d,2026-08-07T15:15:00Z,2026-08-07T17:15:00+0200,548.5,MW,DK2,DK_2,forecast_offshore_wind_generation,Wind Offshore,2026-08-17T08:52:17Z
2026-08-17T08:43:25Z,2026-08-17T10:43:25+0200,5f9ba03d-f545-4cd2-8996-d770f48fc74d,2026-08-07T15:30:00Z,2026-08-07T17:30:00+0200,539.5,MW,DK2,DK_2,forecast_offshore_wind_generation,Wind Offshore,2026-08-17T08:52:17Z
2026-08-17T08:43:25Z,2026-08-17T10:43:25+0200,5f9ba03d-f545-4cd2-8996-d770f48fc74d,2026-08-07T15:45:00Z,2026-08-07T17:45:00+0200,531.333333,MW,DK2,DK_2,forecast_offshore_wind_generation,Wind Offshore,2026-08-17T08:52:17Z
2026-08-17T08:43:25Z,2026-08-17T10:43:25+0200,5f9ba03d-f545-4cd2-8996-d770f48fc74d,2026-08-07T16:00:00Z,2026-08-07T18:00:00+0200,528.166666,MW,DK2,DK_2,forecast_offshore_wind_generation,Wind Offshore,2026-08-17T08:52:17Z
2026-08-17T08:43:25Z,2026-08-17T10:43:25+0200,5f9ba03d-f545-4cd2-8996-d770f48fc74d,2026-08-07T16:15:00Z,2026-08-07T18:15:00+0200,528.166666,MW,DK2,DK_2,forecast_offshore_wind_generation,Wind Offshore,2026-08-17T08:52:17Z
2026-08-17T08:43:25Z,2026-08-17T10:43:25+0200,5f9ba03d-f545-4cd2-8996-d770f48fc74d,2026-08-07T16:30:00Z,2026-08-07T18:30:00+0200,529.5,MW,DK2,DK_2,forecast_offshore_wind_generation,Wind Offshore,2026-08-17T08:52:17Z
2026-08-17T08:43:25Z,2026-08-17T10:43:25+0200,5f9ba03d-f545-4cd2-8996-d770f48fc74d,2026-08-07T16:45:00Z,2026-08-07T18:45:00+0200,529.833333,MW,DK2,DK_2,forecast_offshore_wind_generation,Wind Offshore,2026-08-17T08:52:17Z
2026-08-17T08:43:25Z,2026-08-17T10:43:25+0200,5f9ba03d-f545-4cd2-8996-d770f48fc74d,2026-08-07T17:00:00Z,2026-08-07T19:00:00+0200,527.666666,MW,DK2,DK_2,forecast_offshore_wind_generation,Wind Offshore,2026-08-17T08:52:17Z
2026-08-17T08:43:25Z,2026-08-17T10:43:25+0200,5f9ba03d-f545-4cd2-8996-d770f48fc74d,2026-08-07T17:15:00Z,2026-08-07T19:15:00+0200,525.0,MW,DK2,DK_2,forecast_offshore_wind_generation,Wind Offshore,2026-08-17T08:52:17Z
2026-08-17T08:43:25Z,2026-08-17T10:43:25+0200,5f9ba03d-f545-4cd2-8996-d770f48fc74d,2026-08-07T17:30:00Z,2026-08-07T19:30:00+0200,521.333333,MW,DK2,DK_2,forecast_offshore_wind_generation,Wind Offshore,2026-08-17T08:52:17Z
2026-08-17T08:43:25Z,2026-08-17T10:43:25+0200,5f9ba03d-f545-4cd2-8996-d770f48fc74d,2026-08-07T17:45:00Z,2026-08-07T19:45:00+0200,516.833333,MW,DK2,DK_2,forecast_offshore_wind_generation,Wind Offshore,2026-08-17T08:52:17Z
2026-08-17T08:43:25Z,2026-08-17T10:43:25+0200,5f9ba03d-f545-4cd2-8996-d770f48fc74d,2026-08-07T18:00:00Z,2026-08-07T20:00:00+0200,510.166666,MW,DK2,DK_2,forecast_offshore_wind_generation,Wind Offshore,2026-08-17T08:52:17Z
2026-08-17T08:43:25Z,2026-08-17T10:43:25+0200,5f9ba03d-f545-4cd2-8996-d770f48fc74d,2026-08-07T18:15:00Z,2026-08-07T20:15:00+0200,498.333333,MW,DK2,DK_2,forecast_offshore_wind_generation,Wind Offshore,2026-08-17T08:52:17Z
2026-08-17T08:43:25Z,2026-08-17T10:43:25+0200,5f9ba03d-f545-4cd2-8996-d770f48fc74d,2026-08-07T18:30:00Z,2026-08-07T20:30:00+0200,484.166666,MW,DK2,DK_2,forecast_offshore_wind_generation,Wind Offshore,2026-08-17T08:52:17Z
2026-08-17T08:43:25Z,2026-08-17T10:43:25+0200,5f9ba03d-f545-4cd2-8996-d770f48fc74d,2026-08-07T18:45:00Z,2026-08-07T20:45:00+0200,473.333333,MW,DK2,DK_2,forecast_offshore_wind_generation,Wind Offshore,2026-08-17T08:52:17Z
2026-08-17T08:43:25Z,2026-08-17T10:43:25+0200,5f9ba03d-f545-4cd2-8996-d770f48fc74d,2026-08-07T19:00:00Z,2026-08-07T21:00:00+0200,467.166666,MW,DK2,DK_2,forecast_offshore_wind_generation,Wind Offshore,2026-08-17T08:52:17Z
2026-08-17T08:43:25Z,2026-08-17T10:43:25+0200,5f9ba03d-f545-4cd2-8996-d770f48fc74d,2026-08-07T19:15:00Z,2026-08-07T21:15:00+0200,463.5,MW,DK2,DK_2,forecast_offshore_wind_generation,Wind Offshore,2026-08-17T08:52:17Z
2026-08-17T08:43:25Z,2026-08-17T10:43:25+0200,5f9ba03d-f545-4cd2-8996-d770f48fc74d,2026-08-07T19:30:00Z,2026-08-07T21:30:00+0200,460.5,MW,DK2,DK_2,forecast_offshore_wind_generation,Wind Offshore,2026-08-17T08:52:17Z
2026-08-17T08:43:25Z,2026-08-17T10:43:25+0200,5f9ba03d-f545-4cd2-8996-d770f48fc74d,2026-08-07T19:45:00Z,2026-08-07T21:45:00+0200,456.166666,MW,DK2,DK_2,forecast_offshore_wind_generation,Wind Offshore,2026-08-17T08:52:17Z
2026-08-17T08:43:25Z,2026-08-17T10:43:25+0200,5f9ba03d-f545-4cd2-8996-d770f48fc74d,2026-08-07T20:00:00Z,2026-08-07T22:00:00+0200,452.333333,MW,DK2,DK_2,forecast_offshore_wind_generation,Wind Offshore,2026-08-17T08:52:17Z
2026-08-17T08:43:25Z,2026-08-17T10:43:25+0200,5f9ba03d-f545-4cd2-8996-d770f48fc74d,2026-08-07T20:15:00Z,2026-08-07T22:15:00+0200,454.0,MW,DK2,DK_2,forecast_offshore_wind_generation,Wind Offshore,2026-08-17T08:52:17Z
2026-08-17T08:43:25Z,2026-08-17T10:43:25+0200,5f9ba03d-f545-4cd2-8996-d770f48fc74d,2026-08-07T20:30:00Z,2026-08-07T22:30:00+0200,457.166666,MW,DK2,DK_2,forecast_offshore_wind_generation,Wind Offshore,2026-08-17T08:52:17Z
2026-08-17T08:43:25Z,2026-08-17T10:43:25+0200,5f9ba03d-f545-4cd2-8996-d770f48fc74d,2026-08-07T20:45:00Z,2026-08-07T22:45:00+0200,455.5,MW,DK2,DK_2,forecast_offshore_wind_generation,Wind Offshore,2026-08-17T08:52:17Z
2026-08-17T08:43:25Z,2026-08-17T10:43:25+0200,5f9ba03d-f545-4cd2-8996-d770f48fc74d,2026-08-07T21:00:00Z,2026-08-07T23:00:00+0200,450.0,MW,DK2,DK_2,forecast_offshore_wind_generation,Wind Offshore,2026-08-17T08:52:17Z
2026-08-17T08:43:25Z,2026-08-17T10:43:25+0200,5f9ba03d-f545-4cd2-8996-d770f48fc74d,2026-08-07T21:15:00Z,2026-08-07T23:15:00+0200,441.5,MW,DK2,DK_2,forecast_offshore_wind_generation,Wind Offshore,2026-08-17T08:52:17Z
2026-08-17T08:43:25Z,2026-08-17T10:43:25+0200,5f9ba03d-f545-4cd2-8996-d770f48fc74d,2026-08-07T21:30:00Z,2026-08-07T23:30:00+0200,431.666666,MW,DK2,DK_2,forecast_offshore_wind_generation,Wind Offshore,2026-08-17T08:52:17Z
2026-08-17T08:43:25Z,2026-08-17T10:43:25+0200,5f9ba03d-f545-4cd2-8996-d770f48fc74d,2026-08-07T21:45:00Z,2026-08-07T23:45:00+0200,423.0,MW,DK2,DK_2,forecast_offshore_wind_generation,Wind Offshore,2026-08-17T08:52:17Z
2026-08-17T08:43:25Z,2026-08-17T10:43:25+0200,5f9ba03d-f545-4cd2-8996-d770f48fc74d,2026-08-07T22:00:00Z,2026-08-08T00:00:00+0200,410.666666,MW,DK2,DK_2,forecast_offshore_wind_generation,Wind Offshore,2026-08-17T08:52:17Z
2026-08-17T08:43:25Z,2026-08-17T10:43:25+0200,5f9ba03d-f545-4cd2-8996-d770f48fc74d,2026-08-07T22:15:00Z,2026-08-08T00:15:00+0200,415.166666,MW,DK2,DK_2,forecast_offshore_wind_generation,Wind Offshore,2026-08-17T08:52:17Z
2026-08-17T08:43:25Z,2026-08-17T10:43:25+0200,5f9ba03d-f545-4cd2-8996-d770f48fc74d,2026-08-07T22:30:00Z,2026-08-08T00:30:00+0200,421.0,MW,DK2,DK_2,forecast_offshore_wind_generation,Wind Offshore,2026-08-17T08:52:17Z
2026-08-17T08:43:25Z,2026-08-17T10:43:25+0200,5f9ba03d-f545-4cd2-8996-d770f48fc74d,2026-08-07T22:45:00Z,2026-08-08T00:45:00+0200,426.5,MW,DK2,DK_2,forecast_offshore_wind_generation,Wind Offshore,2026-08-17T08:52:17Z
2026-08-17T08:43:25Z,2026-08-17T10:43:25+0200,5f9ba03d-f545-4cd2-8996-d770f48fc74d,2026-08-07T23:00:00Z,2026-08-08T01:00:00+0200,431.0,MW,DK2,DK_2,forecast_offshore_wind_generation,Wind Offshore,2026-08-17T08:52:17Z
2026-08-17T08:43:25Z,2026-08-17T10:43:25+0200,5f9ba03d-f545-4cd2-8996-d770f48fc74d,2026-08-07T23:15:00Z,2026-08-08T01:15:00+0200,436.0,MW,DK2,DK_2,forecast_offshore_wind_generation,Wind Offshore,2026-08-17T08:52:17Z
2026-08-17T08:43:25Z,2026-08-17T10:43:25+0200,5f9ba03d-f545-4cd2-8996-d770f48fc74d,2026-08-07T23:30:00Z,2026-08-08T01:30:00+0200,441.5,MW,DK2,DK_2,forecast_offshore_wind_generation,Wind Offshore,2026-08-17T08:52:17Z
2026-08-17T08:43:25Z,2026-08-17T10:43:25+0200,5f9ba03d-f545-4cd2-8996-d770f48fc74d,2026-08-07T23:45:00Z,2026-08-08T01:45:00+0200,445.5,MW,DK2,DK_2,forecast_offshore_wind_generation,Wind Offshore,2026-08-17T08:52:17Z
2026-08-17T08:43:25Z,2026-08-17T10:43:25+0200,5f9ba03d-f545-4cd2-8996-d770f48fc74d,2026-08-08T00:00:00Z,2026-08-08T02:00:00+0200,447.0,MW,DK2,DK_2,forecast_offshore_wind_generation,Wind Offshore,2026-08-17T08:52:17Z
2026-08-17T08:43:25Z,2026-08-17T10:43:25+0200,5f9ba03d-f545-4cd2-8996-d770f48fc74d,2026-08-08T00:15:00Z,2026-08-08T02:15:00+0200,445.5,MW,DK2,DK_2,forecast_offshore_wind_generation,Wind Offshore,2026-08-17T08:52:17Z
2026-08-17T08:43:25Z,2026-08-17T10:43:25+0200,5f9ba03d-f545-4cd2-8996-d770f48fc74d,2026-08-08T00:30:00Z,2026-08-08T02:30:00+0200,442.0,MW,DK2,DK_2,forecast_offshore_wind_generation,Wind Offshore,2026-08-17T08:52:17Z
2026-08-17T08:43:25Z,2026-08-17T10:43:25+0200,5f9ba03d-f545-4cd2-8996-d770f48fc74d,2026-08-08T00:45:00Z,2026-08-08T02:45:00+0200,437.166666,MW,DK2,DK_2,forecast_offshore_wind_generation,Wind Offshore,2026-08-17T08:52:17Z
2026-08-17T08:43:25Z,2026-08-17T10:43:25+0200,5f9ba03d-f545-4cd2-8996-d770f48fc74d,2026-08-08T01:00:00Z,2026-08-08T03:00:00+0200,431.833333,MW,DK2,DK_2,forecast_offshore_wind_generation,Wind Offshore,2026-08-17T08:52:17Z
2026-08-17T08:43:25Z,2026-08-17T10:43:25+0200,5f9ba03d-f545-4cd2-8996-d770f48fc74d,2026-08-08T01:15:00Z,2026-08-08T03:15:00+0200,423.5,MW,DK2,DK_2,forecast_offshore_wind_generation,Wind Offshore,2026-08-17T08:52:17Z
2026-08-17T08:43:25Z,2026-08-17T10:43:25+0200,5f9ba03d-f545-4cd2-8996-d770f48fc74d,2026-08-08T01:30:00Z,2026-08-08T03:30:00+0200,414.166666,MW,DK2,DK_2,forecast_offshore_wind_generation,Wind Offshore,2026-08-17T08:52:17Z
2026-08-17T08:43:25Z,2026-08-17T10:43:25+0200,5f9ba03d-f545-4cd2-8996-d770f48fc74d,2026-08-08T01:45:00Z,2026-08-08T03:45:00+0200,405.833333,MW,DK2,DK_2,forecast_offshore_wind_generation,Wind Offshore,2026-08-17T08:52:17Z
2026-08-17T08:43:25Z,2026-08-17T10:43:25+0200,5f9ba03d-f545-4cd2-8996-d770f48fc74d,2026-08-08T02:00:00Z,2026-08-08T04:00:00+0200,400.666666,MW,DK2,DK_2,forecast_offshore_wind_generation,Wind Offshore,2026-08-17T08:52:17Z
2026-08-17T08:43:25Z,2026-08-17T10:43:25+0200,5f9ba03d-f545-4cd2-8996-d770f48fc74d,2026-08-08T02:15:00Z,2026-08-08T04:15:00+0200,398.0,MW,DK2,DK_2,forecast_offshore_wind_generation,Wind Offshore,2026-08-17T08:52:17Z
2026-08-17T08:43:25Z,2026-08-17T10:43:25+0200,5f9ba03d-f545-4cd2-8996-d770f48fc74d,2026-08-08T02:30:00Z,2026-08-08T04:30:00+0200,396.0,MW,DK2,DK_2,forecast_offshore_wind_generation,Wind Offshore,2026-08-17T08:52:17Z
2026-08-17T08:43:25Z,2026-08-17T10:43:25+0200,5f9ba03d-f545-4cd2-8996-d770f48fc74d,2026-08-08T02:45:00Z,2026-08-08T04:45:00+0200,391.833333,MW,DK2,DK_2,forecast_offshore_wind_generation,Wind Offshore,2026-08-17T08:52:17Z
2026-08-17T08:43:25Z,2026-08-17T10:43:25+0200,5f9ba03d-f545-4cd2-8996-d770f48fc74d,2026-08-08T03:00:00Z,2026-08-08T05:00:00+0200,387.166666,MW,DK2,DK_2,forecast_offshore_wind_generation,Wind Offshore,2026-08-17T08:52:17Z
2026-08-17T08:43:25Z,2026-08-17T10:43:25+0200,5f9ba03d-f545-4cd2-8996-d770f48fc74d,2026-08-08T03:15:00Z,2026-08-08T05:15:00+0200,382.0,MW,DK2,DK_2,forecast_offshore_wind_generation,Wind Offshore,2026-08-17T08:52:17Z
2026-08-17T08:43:25Z,2026-08-17T10:43:25+0200,5f9ba03d-f545-4cd2-8996-d770f48fc74d,2026-08-08T03:30:00Z,2026-08-08T05:30:00+0200,376.0,MW,DK2,DK_2,forecast_offshore_wind_generation,Wind Offshore,2026-08-17T08:52:17Z
2026-08-17T08:43:25Z,2026-08-17T10:43:25+0200,5f9ba03d-f545-4cd2-8996-d770f48fc74d,2026-08-08T03:45:00Z,2026-08-08T05:45:00+0200,370.0,MW,DK2,DK_2,forecast_offshore_wind_generation,Wind Offshore,2026-08-17T08:52:17Z
2026-08-17T08:43:25Z,2026-08-17T10:43:25+0200,5f9ba03d-f545-4cd2-8996-d770f48fc74d,2026-08-08T04:00:00Z,2026-08-08T06:00:00+0200,364.166666,MW,DK2,DK_2,forecast_offshore_wind_generation,Wind Offshore,2026-08-17T08:52:17Z
2026-08-17T08:43:25Z,2026-08-17T10:43:25+0200,5f9ba03d-f545-4cd2-8996-d770f48fc74d,2026-08-08T04:15:00Z,2026-08-08T06:15:00+0200,359.166666,MW,DK2,DK_2,forecast_offshore_wind_generation,Wind Offshore,2026-08-17T08:52:17Z
2026-08-17T08:43:25Z,2026-08-17T10:43:25+0200,5f9ba03d-f545-4cd2-8996-d770f48fc74d,2026-08-08T04:30:00Z,2026-08-08T06:30:00+0200,354.5,MW,DK2,DK_2,forecast_offshore_wind_generation,Wind Offshore,2026-08-17T08:52:17Z
2026-08-17T08:43:25Z,2026-08-17T10:43:25+0200,5f9ba03d-f545-4cd2-8996-d770f48fc74d,2026-08-08T04:45:00Z,2026-08-08T06:45:00+0200,350.0,MW,DK2,DK_2,forecast_offshore_wind_generation,Wind Offshore,2026-08-17T08:52:17Z
2026-08-17T08:43:25Z,2026-08-17T10:43:25+0200,5f9ba03d-f545-4cd2-8996-d770f48fc74d,2026-08-08T05:00:00Z,2026-08-08T07:00:00+0200,345.833333,MW,DK2,DK_2,forecast_offshore_wind_generation,Wind Offshore,2026-08-17T08:52:17Z
2026-08-17T08:43:25Z,2026-08-17T10:43:25+0200,5f9ba03d-f545-4cd2-8996-d770f48fc74d,2026-08-08T05:15:00Z,2026-08-08T07:15:00+0200,340.5,MW,DK2,DK_2,forecast_offshore_wind_generation,Wind Offshore,2026-08-17T08:52:17Z
2026-08-17T08:43:25Z,2026-08-17T10:43:25+0200,5f9ba03d-f545-4cd2-8996-d770f48fc74d,2026-08-08T05:30:00Z,2026-08-08T07:30:00+0200,335.0,MW,DK2,DK_2,forecast_offshore_wind_generation,Wind Offshore,2026-08-17T08:52:17Z
2026-08-17T08:43:25Z,2026-08-17T10:43:25+0200,5f9ba03d-f545-4cd2-8996-d770f48fc74d,2026-08-08T05:45:00Z,2026-08-08T07:45:00+0200,330.0,MW,DK2,DK_2,forecast_offshore_wind_generation,Wind Offshore,2026-08-17T08:52:17Z
2026-08-17T08:43:25Z,2026-08-17T10:43:25+0200,5f9ba03d-f545-4cd2-8996-d770f48fc74d,2026-08-08T06:00:00Z,2026-08-08T08:00:00+0200,325.5,MW,DK2,DK_2,forecast_offshore_wind_generation,Wind Offshore,2026-08-17T08:52:17Z
2026-08-17T08:43:25Z,2026-08-17T10:43:25+0200,5f9ba03d-f545-4cd2-8996-d770f48fc74d,2026-08-08T06:15:00Z,2026-08-08T08:15:00+0200,320.5,MW,DK2,DK_2,forecast_offshore_wind_generation,Wind Offshore,2026-08-17T08:52:17Z
2026-08-17T08:43:25Z,2026-08-17T10:43:25+0200,5f9ba03d-f545-4cd2-8996-d770f48fc74d,2026-08-08T06:30:00Z,2026-08-08T08:30:00+0200,314.833333,MW,DK2,DK_2,forecast_offshore_wind_generation,Wind Offshore,2026-08-17T08:52:17Z
2026-08-17T08:43:25Z,2026-08-17T10:43:25+0200,5f9ba03d-f545-4cd2-8996-d770f48fc74d,2026-08-08T06:45:00Z,2026-08-08T08:45:00+0200,307.5,MW,DK2,DK_2,forecast_offshore_wind_generation,Wind Offshore,2026-08-17T08:52:17Z
2026-08-17T08:43:25Z,2026-08-17T10:43:25+0200,5f9ba03d-f545-4cd2-8996-d770f48fc74d,2026-08-08T07:00:00Z,2026-08-08T09:00:00+0200,298.833333,MW,DK2,DK_2,forecast_offshore_wind_generation,Wind Offshore,2026-08-17T08:52:17Z
2026-08-17T08:43:25Z,2026-08-17T10:43:25+0200,5f9ba03d-f545-4cd2-8996-d770f48fc74d,2026-08-08T07:15:00Z,2026-08-08T09:15:00+0200,286.333333,MW,DK2,DK_2,forecast_offshore_wind_generation,Wind Offshore,2026-08-17T08:52:17Z
2026-08-17T08:43:25Z,2026-08-17T10:43:25+0200,5f9ba03d-f545-4cd2-8996-d770f48fc74d,2026-08-08T07:30:00Z,2026-08-08T09:30:00+0200,271.166666,MW,DK2,DK_2,forecast_offshore_wind_generation,Wind Offshore,2026-08-17T08:52:17Z
2026-08-17T08:43:25Z,2026-08-17T10:43:25+0200,5f9ba03d-f545-4cd2-8996-d770f48fc74d,2026-08-08T07:45:00Z,2026-08-08T09:45:00+0200,258.0,MW,DK2,DK_2,forecast_offshore_wind_generation,Wind Offshore,2026-08-17T08:52:17Z
2026-08-17T08:43:25Z,2026-08-17T10:43:25+0200,5f9ba03d-f545-4cd2-8996-d770f48fc74d,2026-08-08T08:00:00Z,2026-08-08T10:00:00+0200,245.833333,MW,DK2,DK_2,forecast_offshore_wind_generation,Wind Offshore,2026-08-17T08:52:17Z
2026-08-17T08:43:25Z,2026-08-17T10:43:25+0200,5f9ba03d-f545-4cd2-8996-d770f48fc74d,2026-08-08T08:15:00Z,2026-08-08T10:15:00+0200,231.5,MW,DK2,DK_2,forecast_offshore_wind_generation,Wind Offshore,2026-08-17T08:52:17Z
2026-08-17T08:43:25Z,2026-08-17T10:43:25+0200,5f9ba03d-f545-4cd2-8996-d770f48fc74d,2026-08-08T08:30:00Z,2026-08-08T10:30:00+0200,216.5,MW,DK2,DK_2,forecast_offshore_wind_generation,Wind Offshore,2026-08-17T08:52:17Z
2026-08-17T08:43:25Z,2026-08-17T10:43:25+0200,5f9ba03d-f545-4cd2-8996-d770f48fc74d,2026-08-08T08:45:00Z,2026-08-08T10:45:00+0200,203.166666,MW,DK2,DK_2,forecast_offshore_wind_generation,Wind Offshore,2026-08-17T08:52:17Z
2026-08-17T08:43:25Z,2026-08-17T10:43:25+0200,5f9ba03d-f545-4cd2-8996-d770f48fc74d,2026-08-08T09:00:00Z,2026-08-08T11:00:00+0200,193.666666,MW,DK2,DK_2,forecast_offshore_wind_generation,Wind Offshore,2026-08-17T08:52:17Z
2026-08-17T08:43:25Z,2026-08-17T10:43:25+0200,5f9ba03d-f545-4cd2-8996-d770f48fc74d,2026-08-08T09:15:00Z,2026-08-08T11:15:00+0200,186.166666,MW,DK2,DK_2,forecast_offshore_wind_generation,Wind Offshore,2026-08-17T08:52:17Z
2026-08-17T08:43:25Z,2026-08-17T10:43:25+0200,5f9ba03d-f545-4cd2-8996-d770f48fc74d,2026-08-08T09:30:00Z,2026-08-08T11:30:00+0200,179.166666,MW,DK2,DK_2,forecast_offshore_wind_generation,Wind Offshore,2026-08-17T08:52:17Z
2026-08-17T08:43:25Z,2026-08-17T10:43:25+0200,5f9ba03d-f545-4cd2-8996-d770f48fc74d,2026-08-08T09:45:00Z,2026-08-08T11:45:00+0200,173.0,MW,DK2,DK_2,forecast_offshore_wind_generation,Wind Offshore,2026-08-17T08:52:17Z
2026-08-17T08:43:25Z,2026-08-17T10:43:25+0200,5f9ba03d-f545-4cd2-8996-d770f48fc74d,2026-08-08T10:00:00Z,2026-08-08T12:00:00+0200,167.0,MW,DK2,DK_2,forecast_offshore_wind_generation,Wind Offshore,2026-08-17T08:52:17Z
2026-08-17T08:43:25Z,2026-08-17T10:43:25+0200,5f9ba03d-f545-4cd2-8996-d770f48fc74d,2026-08-08T10:15:00Z,2026-08-08T12:15:00+0200,161.666666,MW,DK2,DK_2,forecast_offshore_wind_generation,Wind Offshore,2026-08-17T08:52:17Z
2026-08-17T08:43:25Z,2026-08-17T10:43:25+0200,5f9ba03d-f545-4cd2-8996-d770f48fc74d,2026-08-08T10:30:00Z,2026-08-08T12:30:00+0200,157.5,MW,DK2,DK_2,forecast_offshore_wind_generation,Wind Offshore,2026-08-17T08:52:17Z
2026-08-17T08:43:25Z,2026-08-17T10:43:25+0200,5f9ba03d-f545-4cd2-8996-d770f48fc74d,2026-08-08T10:45:00Z,2026-08-08T12:45:00+0200,153.0,MW,DK2,DK_2,forecast_offshore_wind_generation,Wind Offshore,2026-08-17T08:52:17Z
2026-08-17T08:43:25Z,2026-08-17T10:43:25+0200,5f9ba03d-f545-4cd2-8996-d770f48fc74d,2026-08-08T11:00:00Z,2026-08-08T13:00:00+0200,148.0,MW,DK2,DK_2,forecast_offshore_wind_generation,Wind Offshore,2026-08-17T08:52:17Z
2026-08-17T08:43:25Z,2026-08-17T10:43:25+0200,5f9ba03d-f545-4cd2-8996-d770f48fc74d,2026-08-08T11:15:00Z,2026-08-08T13:15:00+0200,141.166666,MW,DK2,DK_2,forecast_offshore_wind_generation,Wind Offshore,2026-08-17T08:52:17Z
2026-08-17T08:43:25Z,2026-08-17T10:43:25+0200,5f9ba03d-f545-4cd2-8996-d770f48fc74d,2026-08-08T11:30:00Z,2026-08-08T13:30:00+0200,134.333333,MW,DK2,DK_2,forecast_offshore_wind_generation,Wind Offshore,2026-08-17T08:52:17Z
2026-08-17T08:43:25Z,2026-08-17T10:43:25+0200,5f9ba03d-f545-4cd2-8996-d770f48fc74d,2026-08-08T11:45:00Z,2026-08-08T13:45:00+0200,129.666666,MW,DK2,DK_2,forecast_offshore_wind_generation,Wind Offshore,2026-08-17T08:52:17Z
2026-08-17T08:43:25Z,2026-08-17T10:43:25+0200,5f9ba03d-f545-4cd2-8996-d770f48fc74d,2026-08-08T12:00:00Z,2026-08-08T14:00:00+0200,129.5,MW,DK2,DK_2,forecast_offshore_wind_generation,Wind Offshore,2026-08-17T08:52:17Z
2026-08-17T08:43:25Z,2026-08-17T10:43:25+0200,5f9ba03d-f545-4cd2-8996-d770f48fc74d,2026-08-08T12:15:00Z,2026-08-08T14:15:00+0200,134.166666,MW,DK2,DK_2,forecast_offshore_wind_generation,Wind Offshore,2026-08-17T08:52:17Z
2026-08-17T08:43:25Z,2026-08-17T10:43:25+0200,5f9ba03d-f545-4cd2-8996-d770f48fc74d,2026-08-08T12:30:00Z,2026-08-08T14:30:00+0200,145.166666,MW,DK2,DK_2,forecast_offshore_wind_generation,Wind Offshore,2026-08-17T08:52:17Z
2026-08-17T08:43:25Z,2026-08-17T10:43:25+0200,5f9ba03d-f545-4cd2-8996-d770f48fc74d,2026-08-08T12:45:00Z,2026-08-08T14:45:00+0200,160.166666,MW,DK2,DK_2,forecast_offshore_wind_generation,Wind Offshore,2026-08-17T08:52:17Z
2026-08-17T08:43:25Z,2026-08-17T10:43:25+0200,5f9ba03d-f545-4cd2-8996-d770f48fc74d,2026-08-08T13:00:00Z,2026-08-08T15:00:00+0200,170.666666,MW,DK2,DK_2,forecast_offshore_wind_generation,Wind Offshore,2026-08-17T08:52:17Z
2026-08-17T08:43:25Z,2026-08-17T10:43:25+0200,5f9ba03d-f545-4cd2-8996-d770f48fc74d,2026-08-08T13:15:00Z,2026-08-08T15:15:00+0200,181.166666,MW,DK2,DK_2,forecast_offshore_wind_generation,Wind Offshore,2026-08-17T08:52:17Z
2026-08-17T08:43:25Z,2026-08-17T10:43:25+0200,5f9ba03d-f545-4cd2-8996-d770f48fc74d,2026-08-08T13:30:00Z,2026-08-08T15:30:00+0200,192.0,MW,DK2,DK_2,forecast_offshore_wind_generation,Wind Offshore,2026-08-17T08:52:17Z
2026-08-17T08:43:25Z,2026-08-17T10:43:25+0200,5f9ba03d-f545-4cd2-8996-d770f48fc74d,2026-08-08T13:45:00Z,2026-08-08T15:45:00+0200,200.0,MW,DK2,DK_2,forecast_offshore_wind_generation,Wind Offshore,2026-08-17T08:52:17Z
2026-08-17T08:43:25Z,2026-08-17T10:43:25+0200,5f9ba03d-f545-4cd2-8996-d770f48fc74d,2026-08-08T14:00:00Z,2026-08-08T16:00:00+0200,204.333333,MW,DK2,DK_2,forecast_offshore_wind_generation,Wind Offshore,2026-08-17T08:52:17Z
2026-08-17T08:43:25Z,2026-08-17T10:43:25+0200,5f9ba03d-f545-4cd2-8996-d770f48fc74d,2026-08-08T14:15:00Z,2026-08-08T16:15:00+0200,205.833333,MW,DK2,DK_2,forecast_offshore_wind_generation,Wind Offshore,2026-08-17T08:52:17Z
2026-08-17T08:43:25Z,2026-08-17T10:43:25+0200,5f9ba03d-f545-4cd2-8996-d770f48fc74d,2026-08-08T14:30:00Z,2026-08-08T16:30:00+0200,206.0,MW,DK2,DK_2,forecast_offshore_wind_generation,Wind Offshore,2026-08-17T08:52:17Z
2026-08-17T08:43:25Z,2026-08-17T10:43:25+0200,5f9ba03d-f545-4cd2-8996-d770f48fc74d,2026-08-08T14:45:00Z,2026-08-08T16:45:00+0200,205.333333,MW,DK2,DK_2,forecast_offshore_wind_generation,Wind Offshore,2026-08-17T08:52:17Z
2026-08-17T08:43:25Z,2026-08-17T10:43:25+0200,5f9ba03d-f545-4cd2-8996-d770f48fc74d,2026-08-08T15:00:00Z,2026-08-08T17:00:00+0200,200.833333,MW,DK2,DK_2,forecast_offshore_wind_generation,Wind Offshore,2026-08-17T08:52:17Z
2026-08-17T08:43:25Z,2026-08-17T10:43:25+0200,5f9ba03d-f545-4cd2-8996-d770f48fc74d,2026-08-08T15:15:00Z,2026-08-08T17:15:00+0200,190.333333,MW,DK2,DK_2,forecast_offshore_wind_generation,Wind Offshore,2026-08-17T08:52:17Z
2026-08-17T08:43:25Z,2026-08-17T10:43:25+0200,5f9ba03d-f545-4cd2-8996-d770f48fc74d,2026-08-08T15:30:00Z,2026-08-08T17:30:00+0200,175.0,MW,DK2,DK_2,forecast_offshore_wind_generation,Wind Offshore,2026-08-17T08:52:17Z
2026-08-17T08:43:25Z,2026-08-17T10:43:25+0200,5f9ba03d-f545-4cd2-8996-d770f48fc74d,2026-08-08T15:45:00Z,2026-08-08T17:45:00+0200,160.5,MW,DK2,DK_2,forecast_offshore_wind_generation,Wind Offshore,2026-08-17T08:52:17Z
2026-08-17T08:43:25Z,2026-08-17T10:43:25+0200,5f9ba03d-f545-4cd2-8996-d770f48fc74d,2026-08-08T16:00:00Z,2026-08-08T18:00:00+0200,148.0,MW,DK2,DK_2,forecast_offshore_wind_generation,Wind Offshore,2026-08-17T08:52:17Z
2026-08-17T08:43:25Z,2026-08-17T10:43:25+0200,5f9ba03d-f545-4cd2-8996-d770f48fc74d,2026-08-08T16:15:00Z,2026-08-08T18:15:00+0200,135.0,MW,DK2,DK_2,forecast_offshore_wind_generation,Wind Offshore,2026-08-17T08:52:17Z
2026-08-17T08:43:25Z,2026-08-17T10:43:25+0200,5f9ba03d-f545-4cd2-8996-d770f48fc74d,2026-08-08T16:30:00Z,2026-08-08T18:30:00+0200,123.0,MW,DK2,DK_2,forecast_offshore_wind_generation,Wind Offshore,2026-08-17T08:52:17Z
2026-08-17T08:43:25Z,2026-08-17T10:43:25+0200,5f9ba03d-f545-4cd2-8996-d770f48fc74d,2026-08-08T16:45:00Z,2026-08-08T18:45:00+0200,114.166666,MW,DK2,DK_2,forecast_offshore_wind_generation,Wind Offshore,2026-08-17T08:52:17Z
2026-08-17T08:43:25Z,2026-08-17T10:43:25+0200,5f9ba03d-f545-4cd2-8996-d770f48fc74d,2026-08-08T17:00:00Z,2026-08-08T19:00:00+0200,108.0,MW,DK2,DK_2,forecast_offshore_wind_generation,Wind Offshore,2026-08-17T08:52:17Z
2026-08-17T08:43:25Z,2026-08-17T10:43:25+0200,5f9ba03d-f545-4cd2-8996-d770f48fc74d,2026-08-08T17:15:00Z,2026-08-08T19:15:00+0200,103.666666,MW,DK2,DK_2,forecast_offshore_wind_generation,Wind Offshore,2026-08-17T08:52:17Z
2026-08-17T08:43:25Z,2026-08-17T10:43:25+0200,5f9ba03d-f545-4cd2-8996-d770f48fc74d,2026-08-08T17:30:00Z,2026-08-08T19:30:00+0200,102.0,MW,DK2,DK_2,forecast_offshore_wind_generation,Wind Offshore,2026-08-17T08:52:17Z
2026-08-17T08:43:25Z,2026-08-17T10:43:25+0200,5f9ba03d-f545-4cd2-8996-d770f48fc74d,2026-08-08T17:45:00Z,2026-08-08T19:45:00+0200,100.5,MW,DK2,DK_2,forecast_offshore_wind_generation,Wind Offshore,2026-08-17T08:52:17Z
2026-08-17T08:43:25Z,2026-08-17T10:43:25+0200,5f9ba03d-f545-4cd2-8996-d770f48fc74d,2026-08-08T18:00:00Z,2026-08-08T20:00:00+0200,99.5,MW,DK2,DK_2,forecast_offshore_wind_generation,Wind Offshore,2026-08-17T08:52:17Z
2026-08-17T08:43:25Z,2026-08-17T10:43:25+0200,5f9ba03d-f545-4cd2-8996-d770f48fc74d,2026-08-08T18:15:00Z,2026-08-08T20:15:00+0200,99.0,MW,DK2,DK_2,forecast_offshore_wind_generation,Wind Offshore,2026-08-17T08:52:17Z
2026-08-17T08:43:25Z,2026-08-17T10:43:25+0200,5f9ba03d-f545-4cd2-8996-d770f48fc74d,2026-08-08T18:30:00Z,2026-08-08T20:30:00+0200,98.166666,MW,DK2,DK_2,forecast_offshore_wind_generation,Wind Offshore,2026-08-17T08:52:17Z
2026-08-17T08:43:25Z,2026-08-17T10:43:25+0200,5f9ba03d-f545-4cd2-8996-d770f48fc74d,2026-08-08T18:45:00Z,2026-08-08T20:45:00+0200,98.0,MW,DK2,DK_2,forecast_offshore_wind_generation,Wind Offshore,2026-08-17T08:52:17Z
2026-08-17T08:43:25Z,2026-08-17T10:43:25+0200,5f9ba03d-f545-4cd2-8996-d770f48fc74d,2026-08-08T19:00:00Z,2026-08-08T21:00:00+0200,97.5,MW,DK2,DK_2,forecast_offshore_wind_generation,Wind Offshore,2026-08-17T08:52:17Z
2026-08-17T08:43:25Z,2026-08-17T10:43:25+0200,5f9ba03d-f545-4cd2-8996-d770f48fc74d,2026-08-08T19:15:00Z,2026-08-08T21:15:00+0200,96.833333,MW,DK2,DK_2,forecast_offshore_wind_generation,Wind Offshore,2026-08-17T08:52:17Z
2026-08-17T08:43:25Z,2026-08-17T10:43:25+0200,5f9ba03d-f545-4cd2-8996-d770f48fc74d,2026-08-08T19:30:00Z,2026-08-08T21:30:00+0200,96.0,MW,DK2,DK_2,forecast_offshore_wind_generation,Wind Offshore,2026-08-17T08:52:17Z
2026-08-17T08:43:25Z,2026-08-17T10:43:25+0200,5f9ba03d-f545-4cd2-8996-d770f48fc74d,2026-08-08T19:45:00Z,2026-08-08T21:45:00+0200,96.5,MW,DK2,DK_2,forecast_offshore_wind_generation,Wind Offshore,2026-08-17T08:52:17Z
2026-08-17T08:43:25Z,2026-08-17T10:43:25+0200,5f9ba03d-f545-4cd2-8996-d770f48fc74d,2026-08-08T20:00:00Z,2026-08-08T22:00:00+0200,97.5,MW,DK2,DK_2,forecast_offshore_wind_generation,Wind Offshore,2026-08-17T08:52:17Z
2026-08-17T08:43:25Z,2026-08-17T10:43:25+0200,5f9ba03d-f545-4cd2-8996-d770f48fc74d,2026-08-08T20:15:00Z,2026-08-08T22:15:00+0200,99.0,MW,DK2,DK_2,forecast_offshore_wind_generation,Wind Offshore,2026-08-17T08:52:17Z
2026-08-17T08:43:25Z,2026-08-17T10:43:25+0200,5f9ba03d-f545-4cd2-8996-d770f48fc74d,2026-08-08T20:30:00Z,2026-08-08T22:30:00+0200,101.5,MW,DK2,DK_2,forecast_offshore_wind_generation,Wind Offshore,2026-08-17T08:52:17Z
2026-08-17T08:43:25Z,2026-08-17T10:43:25+0200,5f9ba03d-f545-4cd2-8996-d770f48fc74d,2026-08-08T20:45:00Z,2026-08-08T22:45:00+0200,105.0,MW,DK2,DK_2,forecast_offshore_wind_generation,Wind Offshore,2026-08-17T08:52:17Z
2026-08-17T08:43:25Z,2026-08-17T10:43:25+0200,5f9ba03d-f545-4cd2-8996-d770f48fc74d,2026-08-08T21:00:00Z,2026-08-08T23:00:00+0200,109.833333,MW,DK2,DK_2,forecast_offshore_wind_generation,Wind Offshore,2026-08-17T08:52:17Z
2026-08-17T08:43:25Z,2026-08-17T10:43:25+0200,5f9ba03d-f545-4cd2-8996-d770f48fc74d,2026-08-08T21:15:00Z,2026-08-08T23:15:00+0200,118.833333,MW,DK2,DK_2,forecast_offshore_wind_generation,Wind Offshore,2026-08-17T08:52:17Z
2026-08-17T08:43:25Z,2026-08-17T10:43:25+0200,5f9ba03d-f545-4cd2-8996-d770f48fc74d,2026-08-08T21:30:00Z,2026-08-08T23:30:00+0200,131.833333,MW,DK2,DK_2,forecast_offshore_wind_generation,Wind Offshore,2026-08-17T08:52:17Z
2026-08-17T08:43:25Z,2026-08-17T10:43:25+0200,5f9ba03d-f545-4cd2-8996-d770f48fc74d,2026-08-08T21:45:00Z,2026-08-08T23:45:00+0200,146.5,MW,DK2,DK_2,forecast_offshore_wind_generation,Wind Offshore,2026-08-17T08:52:17Z
2026-08-17T08:43:25Z,2026-08-17T10:43:25+0200,5f9ba03d-f545-4cd2-8996-d770f48fc74d,2026-08-08T22:00:00Z,2026-08-09T00:00:00+0200,160.833333,MW,DK2,DK_2,forecast_offshore_wind_generation,Wind Offshore,2026-08-17T08:52:17Z
2026-08-17T08:43:25Z,2026-08-17T10:43:25+0200,5f9ba03d-f545-4cd2-8996-d770f48fc74d,2026-08-08T22:15:00Z,2026-08-09T00:15:00+0200,176.0,MW,DK2,DK_2,forecast_offshore_wind_generation,Wind Offshore,2026-08-17T08:52:17Z
2026-08-17T08:43:25Z,2026-08-17T10:43:25+0200,5f9ba03d-f545-4cd2-8996-d770f48fc74d,2026-08-08T22:30:00Z,2026-08-09T00:30:00+0200,192.833333,MW,DK2,DK_2,forecast_offshore_wind_generation,Wind Offshore,2026-08-17T08:52:17Z
2026-08-17T08:43:25Z,2026-08-17T10:43:25+0200,5f9ba03d-f545-4cd2-8996-d770f48fc74d,2026-08-08T22:45:00Z,2026-08-09T00:45:00+0200,206.833333,MW,DK2,DK_2,forecast_offshore_wind_generation,Wind Offshore,2026-08-17T08:52:17Z
2026-08-17T08:43:25Z,2026-08-17T10:43:25+0200,5f9ba03d-f545-4cd2-8996-d770f48fc74d,2026-08-08T23:00:00Z,2026-08-09T01:00:00+0200,216.5,MW,DK2,DK_2,forecast_offshore_wind_generation,Wind Offshore,2026-08-17T08:52:17Z
2026-08-17T08:43:25Z,2026-08-17T10:43:25+0200,5f9ba03d-f545-4cd2-8996-d770f48fc74d,2026-08-08T23:15:00Z,2026-08-09T01:15:00+0200,226.5,MW,DK2,DK_2,forecast_offshore_wind_generation,Wind Offshore,2026-08-17T08:52:17Z
2026-08-17T08:43:25Z,2026-08-17T10:43:25+0200,5f9ba03d-f545-4cd2-8996-d770f48fc74d,2026-08-08T23:30:00Z,2026-08-09T01:30:00+0200,238.0,MW,DK2,DK_2,forecast_offshore_wind_generation,Wind Offshore,2026-08-17T08:52:17Z
2026-08-17T08:43:25Z,2026-08-17T10:43:25+0200,5f9ba03d-f545-4cd2-8996-d770f48fc74d,2026-08-08T23:45:00Z,2026-08-09T01:45:00+0200,249.333333,MW,DK2,DK_2,forecast_offshore_wind_generation,Wind Offshore,2026-08-17T08:52:17Z
2026-08-17T08:43:25Z,2026-08-17T10:43:25+0200,5f9ba03d-f545-4cd2-8996-d770f48fc74d,2026-08-09T00:00:00Z,2026-08-09T02:00:00+0200,258.5,MW,DK2,DK_2,forecast_offshore_wind_generation,Wind Offshore,2026-08-17T08:52:17Z
2026-08-17T08:43:25Z,2026-08-17T10:43:25+0200,5f9ba03d-f545-4cd2-8996-d770f48fc74d,2026-08-09T00:15:00Z,2026-08-09T02:15:00+0200,267.5,MW,DK2,DK_2,forecast_offshore_wind_generation,Wind Offshore,2026-08-17T08:52:17Z
2026-08-17T08:43:25Z,2026-08-17T10:43:25+0200,5f9ba03d-f545-4cd2-8996-d770f48fc74d,2026-08-09T00:30:00Z,2026-08-09T02:30:00+0200,276.0,MW,DK2,DK_2,forecast_offshore_wind_generation,Wind Offshore,2026-08-17T08:52:17Z
2026-08-17T08:43:25Z,2026-08-17T10:43:25+0200,5f9ba03d-f545-4cd2-8996-d770f48fc74d,2026-08-09T00:45:00Z,2026-08-09T02:45:00+0200,283.5,MW,DK2,DK_2,forecast_offshore_wind_generation,Wind Offshore,2026-08-17T08:52:17Z
2026-08-17T08:43:25Z,2026-08-17T10:43:25+0200,5f9ba03d-f545-4cd2-8996-d770f48fc74d,2026-08-09T01:00:00Z,2026-08-09T03:00:00+0200,291.833333,MW,DK2,DK_2,forecast_offshore_wind_generation,Wind Offshore,2026-08-17T08:52:17Z
2026-08-17T08:43:25Z,2026-08-17T10:43:25+0200,5f9ba03d-f545-4cd2-8996-d770f48fc74d,2026-08-09T01:15:00Z,2026-08-09T03:15:00+0200,305.166666,MW,DK2,DK_2,forecast_offshore_wind_generation,Wind Offshore,2026-08-17T08:52:17Z
2026-08-17T08:43:25Z,2026-08-17T10:43:25+0200,5f9ba03d-f545-4cd2-8996-d770f48fc74d,2026-08-09T01:30:00Z,2026-08-09T03:30:00+0200,322.333333,MW,DK2,DK_2,forecast_offshore_wind_generation,Wind Offshore,2026-08-17T08:52:17Z
2026-08-17T08:43:25Z,2026-08-17T10:43:25+0200,5f9ba03d-f545-4cd2-8996-d770f48fc74d,2026-08-09T01:45:00Z,2026-08-09T03:45:00+0200,336.666666,MW,DK2,DK_2,forecast_offshore_wind_generation,Wind Offshore,2026-08-17T08:52:17Z
2026-08-17T08:43:25Z,2026-08-17T10:43:25+0200,5f9ba03d-f545-4cd2-8996-d770f48fc74d,2026-08-09T02:00:00Z,2026-08-09T04:00:00+0200,343.333333,MW,DK2,DK_2,forecast_offshore_wind_generation,Wind Offshore,2026-08-17T08:52:17Z
2026-08-17T08:43:25Z,2026-08-17T10:43:25+0200,5f9ba03d-f545-4cd2-8996-d770f48fc74d,2026-08-09T02:15:00Z,2026-08-09T04:15:00+0200,345.5,MW,DK2,DK_2,forecast_offshore_wind_generation,Wind Offshore,2026-08-17T08:52:17Z
2026-08-17T08:43:25Z,2026-08-17T10:43:25+0200,5f9ba03d-f545-4cd2-8996-d770f48fc74d,2026-08-09T02:30:00Z,2026-08-09T04:30:00+0200,346.0,MW,DK2,DK_2,forecast_offshore_wind_generation,Wind Offshore,2026-08-17T08:52:17Z
2026-08-17T08:43:25Z,2026-08-17T10:43:25+0200,5f9ba03d-f545-4cd2-8996-d770f48fc74d,2026-08-09T02:45:00Z,2026-08-09T04:45:00+0200,347.833333,MW,DK2,DK_2,forecast_offshore_wind_generation,Wind Offshore,2026-08-17T08:52:17Z
2026-08-17T08:43:25Z,2026-08-17T10:43:25+0200,5f9ba03d-f545-4cd2-8996-d770f48fc74d,2026-08-09T03:00:00Z,2026-08-09T05:00:00+0200,350.5,MW,DK2,DK_2,forecast_offshore_wind_generation,Wind Offshore,2026-08-17T08:52:17Z
2026-08-17T08:43:25Z,2026-08-17T10:43:25+0200,5f9ba03d-f545-4cd2-8996-d770f48fc74d,2026-08-09T03:15:00Z,2026-08-09T05:15:00+0200,353.5,MW,DK2,DK_2,forecast_offshore_wind_generation,Wind Offshore,2026-08-17T08:52:17Z
2026-08-17T08:43:25Z,2026-08-17T10:43:25+0200,5f9ba03d-f545-4cd2-8996-d770f48fc74d,2026-08-09T03:30:00Z,2026-08-09T05:30:00+0200,356.666666,MW,DK2,DK_2,forecast_offshore_wind_generation,Wind Offshore,2026-08-17T08:52:17Z
2026-08-17T08:43:25Z,2026-08-17T10:43:25+0200,5f9ba03d-f545-4cd2-8996-d770f48fc74d,2026-08-09T03:45:00Z,2026-08-09T05:45:00+0200,361.166666,MW,DK2,DK_2,forecast_offshore_wind_generation,Wind Offshore,2026-08-17T08:52:17Z
2026-08-17T08:43:25Z,2026-08-17T10:43:25+0200,5f9ba03d-f545-4cd2-8996-d770f48fc74d,2026-08-09T04:00:00Z,2026-08-09T06:00:00+0200,367.166666,MW,DK2,DK_2,forecast_offshore_wind_generation,Wind Offshore,2026-08-17T08:52:17Z
2026-08-17T08:43:25Z,2026-08-17T10:43:25+0200,5f9ba03d-f545-4cd2-8996-d770f48fc74d,2026-08-09T04:15:00Z,2026-08-09T06:15:00+0200,374.166666,MW,DK2,DK_2,forecast_offshore_wind_generation,Wind Offshore,2026-08-17T08:52:17Z
2026-08-17T08:43:25Z,2026-08-17T10:43:25+0200,5f9ba03d-f545-4cd2-8996-d770f48fc74d,2026-08-09T04:30:00Z,2026-08-09T06:30:00+0200,381.0,MW,DK2,DK_2,forecast_offshore_wind_generation,Wind Offshore,2026-08-17T08:52:17Z
2026-08-17T08:43:25Z,2026-08-17T10:43:25+0200,5f9ba03d-f545-4cd2-8996-d770f48fc74d,2026-08-09T04:45:00Z,2026-08-09T06:45:00+0200,387.0,MW,DK2,DK_2,forecast_offshore_wind_generation,Wind Offshore,2026-08-17T08:52:17Z
2026-08-17T08:43:25Z,2026-08-17T10:43:25+0200,5f9ba03d-f545-4cd2-8996-d770f48fc74d,2026-08-09T05:00:00Z,2026-08-09T07:00:00+0200,389.833333,MW,DK2,DK_2,forecast_offshore_wind_generation,Wind Offshore,2026-08-17T08:52:17Z
2026-08-17T08:43:25Z,2026-08-17T10:43:25+0200,5f9ba03d-f545-4cd2-8996-d770f48fc74d,2026-08-09T05:15:00Z,2026-08-09T07:15:00+0200,387.5,MW,DK2,DK_2,forecast_offshore_wind_generation,Wind Offshore,2026-08-17T08:52:17Z
2026-08-17T08:43:25Z,2026-08-17T10:43:25+0200,5f9ba03d-f545-4cd2-8996-d770f48fc74d,2026-08-09T05:30:00Z,2026-08-09T07:30:00+0200,384.0,MW,DK2,DK_2,forecast_offshore_wind_generation,Wind Offshore,2026-08-17T08:52:17Z
2026-08-17T08:43:25Z,2026-08-17T10:43:25+0200,5f9ba03d-f545-4cd2-8996-d770f48fc74d,2026-08-09T05:45:00Z,2026-08-09T07:45:00+0200,379.5,MW,DK2,DK_2,forecast_offshore_wind_generation,Wind Offshore,2026-08-17T08:52:17Z
2026-08-17T08:43:25Z,2026-08-17T10:43:25+0200,5f9ba03d-f545-4cd2-8996-d770f48fc74d,2026-08-09T06:00:00Z,2026-08-09T08:00:00+0200,373.833333,MW,DK2,DK_2,forecast_offshore_wind_generation,Wind Offshore,2026-08-17T08:52:17Z
2026-08-17T08:43:25Z,2026-08-17T10:43:25+0200,5f9ba03d-f545-4cd2-8996-d770f48fc74d,2026-08-09T06:15:00Z,2026-08-09T08:15:00+0200,365.5,MW,DK2,DK_2,forecast_offshore_wind_generation,Wind Offshore,2026-08-17T08:52:17Z
2026-08-17T08:43:25Z,2026-08-17T10:43:25+0200,5f9ba03d-f545-4cd2-8996-d770f48fc74d,2026-08-09T06:30:00Z,2026-08-09T08:30:00+0200,355.166666,MW,DK2,DK_2,forecast_offshore_wind_generation,Wind Offshore,2026-08-17T08:52:17Z
2026-08-17T08:43:25Z,2026-08-17T10:43:25+0200,5f9ba03d-f545-4cd2-8996-d770f48fc74d,2026-08-09T06:45:00Z,2026-08-09T08:45:00+0200,344.5,MW,DK2,DK_2,forecast_offshore_wind_generation,Wind Offshore,2026-08-17T08:52:17Z
2026-08-17T08:43:25Z,2026-08-17T10:43:25+0200,5f9ba03d-f545-4cd2-8996-d770f48fc74d,2026-08-09T07:00:00Z,2026-08-09T09:00:00+0200,334.333333,MW,DK2,DK_2,forecast_offshore_wind_generation,Wind Offshore,2026-08-17T08:52:17Z
2026-08-17T08:43:25Z,2026-08-17T10:43:25+0200,5f9ba03d-f545-4cd2-8996-d770f48fc74d,2026-08-09T07:15:00Z,2026-08-09T09:15:00+0200,323.833333,MW,DK2,DK_2,forecast_offshore_wind_generation,Wind Offshore,2026-08-17T08:52:17Z
2026-08-17T08:43:25Z,2026-08-17T10:43:25+0200,5f9ba03d-f545-4cd2-8996-d770f48fc74d,2026-08-09T07:30:00Z,2026-08-09T09:30:00+0200,312.5,MW,DK2,DK_2,forecast_offshore_wind_generation,Wind Offshore,2026-08-17T08:52:17Z
2026-08-17T08:43:25Z,2026-08-17T10:43:25+0200,5f9ba03d-f545-4cd2-8996-d770f48fc74d,2026-08-09T07:45:00Z,2026-08-09T09:45:00+0200,302.666666,MW,DK2,DK_2,forecast_offshore_wind_generation,Wind Offshore,2026-08-17T08:52:17Z
2026-08-17T08:43:25Z,2026-08-17T10:43:25+0200,5f9ba03d-f545-4cd2-8996-d770f48fc74d,2026-08-09T08:00:00Z,2026-08-09T10:00:00+0200,294.666666,MW,DK2,DK_2,forecast_offshore_wind_generation,Wind Offshore,2026-08-17T08:52:17Z
2026-08-17T08:43:25Z,2026-08-17T10:43:25+0200,5f9ba03d-f545-4cd2-8996-d770f48fc74d,2026-08-09T08:15:00Z,2026-08-09T10:15:00+0200,286.5,MW,DK2,DK_2,forecast_offshore_wind_generation,Wind Offshore,2026-08-17T08:52:17Z
2026-08-17T08:43:25Z,2026-08-17T10:43:25+0200,5f9ba03d-f545-4cd2-8996-d770f48fc74d,2026-08-09T08:30:00Z,2026-08-09T10:30:00+0200,278.0,MW,DK2,DK_2,forecast_offshore_wind_generation,Wind Offshore,2026-08-17T08:52:17Z
2026-08-17T08:43:25Z,2026-08-17T10:43:25+0200,5f9ba03d-f545-4cd2-8996-d770f48fc74d,2026-08-09T08:45:00Z,2026-08-09T10:45:00+0200,271.666666,MW,DK2,DK_2,forecast_offshore_wind_generation,Wind Offshore,2026-08-17T08:52:17Z
2026-08-17T08:43:25Z,2026-08-17T10:43:25+0200,5f9ba03d-f545-4cd2-8996-d770f48fc74d,2026-08-09T09:00:00Z,2026-08-09T11:00:00+0200,268.166666,MW,DK2,DK_2,forecast_offshore_wind_generation,Wind Offshore,2026-08-17T08:52:17Z
2026-08-17T08:43:25Z,2026-08-17T10:43:25+0200,5f9ba03d-f545-4cd2-8996-d770f48fc74d,2026-08-09T09:15:00Z,2026-08-09T11:15:00+0200,266.0,MW,DK2,DK_2,forecast_offshore_wind_generation,Wind Offshore,2026-08-17T08:52:17Z
2026-08-17T08:43:25Z,2026-08-17T10:43:25+0200,5f9ba03d-f545-4cd2-8996-d770f48fc74d,2026-08-09T09:30:00Z,2026-08-09T11:30:00+0200,265.0,MW,DK2,DK_2,forecast_offshore_wind_generation,Wind Offshore,2026-08-17T08:52:17Z
2026-08-17T08:43:25Z,2026-08-17T10:43:25+0200,5f9ba03d-f545-4cd2-8996-d770f48fc74d,2026-08-09T09:45:00Z,2026-08-09T11:45:00+0200,265.5,MW,DK2,DK_2,forecast_offshore_wind_generation,Wind Offshore,2026-08-17T08:52:17Z
2026-08-17T08:43:25Z,2026-08-17T10:43:25+0200,5f9ba03d-f545-4cd2-8996-d770f48fc74d,2026-08-09T10:00:00Z,2026-08-09T12:00:00+0200,268.166666,MW,DK2,DK_2,forecast_offshore_wind_generation,Wind Offshore,2026-08-17T08:52:17Z
2026-08-17T08:43:25Z,2026-08-17T10:43:25+0200,5f9ba03d-f545-4cd2-8996-d770f48fc74d,2026-08-09T10:15:00Z,2026-08-09T12:15:00+0200,275.5,MW,DK2,DK_2,forecast_offshore_wind_generation,Wind Offshore,2026-08-17T08:52:17Z
2026-08-17T08:43:25Z,2026-08-17T10:43:25+0200,5f9ba03d-f545-4cd2-8996-d770f48fc74d,2026-08-09T10:30:00Z,2026-08-09T12:30:00+0200,285.5,MW,DK2,DK_2,forecast_offshore_wind_generation,Wind Offshore,2026-08-17T08:52:17Z
2026-08-17T08:43:25Z,2026-08-17T10:43:25+0200,5f9ba03d-f545-4cd2-8996-d770f48fc74d,2026-08-09T10:45:00Z,2026-08-09T12:45:00+0200,297.0,MW,DK2,DK_2,forecast_offshore_wind_generation,Wind Offshore,2026-08-17T08:52:17Z
2026-08-17T08:43:25Z,2026-08-17T10:43:25+0200,5f9ba03d-f545-4cd2-8996-d770f48fc74d,2026-08-09T11:00:00Z,2026-08-09T13:00:00+0200,309.666666,MW,DK2,DK_2,forecast_offshore_wind_generation,Wind Offshore,2026-08-17T08:52:17Z
2026-08-17T08:43:25Z,2026-08-17T10:43:25+0200,5f9ba03d-f545-4cd2-8996-d770f48fc74d,2026-08-09T11:15:00Z,2026-08-09T13:15:00+0200,324.666666,MW,DK2,DK_2,forecast_offshore_wind_generation,Wind Offshore,2026-08-17T08:52:17Z
2026-08-17T08:43:25Z,2026-08-17T10:43:25+0200,5f9ba03d-f545-4cd2-8996-d770f48fc74d,2026-08-09T11:30:00Z,2026-08-09T13:30:00+0200,339.833333,MW,DK2,DK_2,forecast_offshore_wind_generation,Wind Offshore,2026-08-17T08:52:17Z
2026-08-17T08:43:25Z,2026-08-17T10:43:25+0200,5f9ba03d-f545-4cd2-8996-d770f48fc74d,2026-08-09T11:45:00Z,2026-08-09T13:45:00+0200,350.833333,MW,DK2,DK_2,forecast_offshore_wind_generation,Wind Offshore,2026-08-17T08:52:17Z
2026-08-17T08:43:25Z,2026-08-17T10:43:25+0200,5f9ba03d-f545-4cd2-8996-d770f48fc74d,2026-08-09T12:00:00Z,2026-08-09T14:00:00+0200,359.0,MW,DK2,DK_2,forecast_offshore_wind_generation,Wind Offshore,2026-08-17T08:52:17Z
2026-08-17T08:43:25Z,2026-08-17T10:43:25+0200,5f9ba03d-f545-4cd2-8996-d770f48fc74d,2026-08-09T12:15:00Z,2026-08-09T14:15:00+0200,368.333333,MW,DK2,DK_2,forecast_offshore_wind_generation,Wind Offshore,2026-08-17T08:52:17Z
2026-08-17T08:43:25Z,2026-08-17T10:43:25+0200,5f9ba03d-f545-4cd2-8996-d770f48fc74d,2026-08-09T12:30:00Z,2026-08-09T14:30:00+0200,377.5,MW,DK2,DK_2,forecast_offshore_wind_generation,Wind Offshore,2026-08-17T08:52:17Z
2026-08-17T08:43:25Z,2026-08-17T10:43:25+0200,5f9ba03d-f545-4cd2-8996-d770f48fc74d,2026-08-09T12:45:00Z,2026-08-09T14:45:00+0200,385.666666,MW,DK2,DK_2,forecast_offshore_wind_generation,Wind Offshore,2026-08-17T08:52:17Z
2026-08-17T08:43:25Z,2026-08-17T10:43:25+0200,5f9ba03d-f545-4cd2-8996-d770f48fc74d,2026-08-09T13:00:00Z,2026-08-09T15:00:00+0200,389.333333,MW,DK2,DK_2,forecast_offshore_wind_generation,Wind Offshore,2026-08-17T08:52:17Z
2026-08-17T08:43:25Z,2026-08-17T10:43:25+0200,5f9ba03d-f545-4cd2-8996-d770f48fc74d,2026-08-09T13:15:00Z,2026-08-09T15:15:00+0200,390.833333,MW,DK2,DK_2,forecast_offshore_wind_generation,Wind Offshore,2026-08-17T08:52:17Z
2026-08-17T08:43:25Z,2026-08-17T10:43:25+0200,5f9ba03d-f545-4cd2-8996-d770f48fc74d,2026-08-09T13:30:00Z,2026-08-09T15:30:00+0200,391.0,MW,DK2,DK_2,forecast_offshore_wind_generation,Wind Offshore,2026-08-17T08:52:17Z
2026-08-17T08:43:25Z,2026-08-17T10:43:25+0200,5f9ba03d-f545-4cd2-8996-d770f48fc74d,2026-08-09T13:45:00Z,2026-08-09T15:45:00+0200,391.5,MW,DK2,DK_2,forecast_offshore_wind_generation,Wind Offshore,2026-08-17T08:52:17Z
2026-08-17T08:43:25Z,2026-08-17T10:43:25+0200,5f9ba03d-f545-4cd2-8996-d770f48fc74d,2026-08-09T14:00:00Z,2026-08-09T16:00:00+0200,393.666666,MW,DK2,DK_2,forecast_offshore_wind_generation,Wind Offshore,2026-08-17T08:52:17Z
2026-08-17T08:43:25Z,2026-08-17T10:43:25+0200,5f9ba03d-f545-4cd2-8996-d770f48fc74d,2026-08-09T14:15:00Z,2026-08-09T16:15:00+0200,398.166666,MW,DK2,DK_2,forecast_offshore_wind_generation,Wind Offshore,2026-08-17T08:52:17Z
2026-08-17T08:43:25Z,2026-08-17T10:43:25+0200,5f9ba03d-f545-4cd2-8996-d770f48fc74d,2026-08-09T14:30:00Z,2026-08-09T16:30:00+0200,403.0,MW,DK2,DK_2,forecast_offshore_wind_generation,Wind Offshore,2026-08-17T08:52:17Z
2026-08-17T08:43:25Z,2026-08-17T10:43:25+0200,5f9ba03d-f545-4cd2-8996-d770f48fc74d,2026-08-09T14:45:00Z,2026-08-09T16:45:00+0200,404.833333,MW,DK2,DK_2,forecast_offshore_wind_generation,Wind Offshore,2026-08-17T08:52:17Z
2026-08-17T08:43:25Z,2026-08-17T10:43:25+0200,5f9ba03d-f545-4cd2-8996-d770f48fc74d,2026-08-09T15:00:00Z,2026-08-09T17:00:00+0200,401.166666,MW,DK2,DK_2,forecast_offshore_wind_generation,Wind Offshore,2026-08-17T08:52:17Z
2026-08-17T08:43:25Z,2026-08-17T10:43:25+0200,5f9ba03d-f545-4cd2-8996-d770f48fc74d,2026-08-09T15:15:00Z,2026-08-09T17:15:00+0200,392.0,MW,DK2,DK_2,forecast_offshore_wind_generation,Wind Offshore,2026-08-17T08:52:17Z
2026-08-17T08:43:25Z,2026-08-17T10:43:25+0200,5f9ba03d-f545-4cd2-8996-d770f48fc74d,2026-08-09T15:30:00Z,2026-08-09T17:30:00+0200,382.666666,MW,DK2,DK_2,forecast_offshore_wind_generation,Wind Offshore,2026-08-17T08:52:17Z
2026-08-17T08:43:25Z,2026-08-17T10:43:25+0200,5f9ba03d-f545-4cd2-8996-d770f48fc74d,2026-08-09T15:45:00Z,2026-08-09T17:45:00+0200,375.666666,MW,DK2,DK_2,forecast_offshore_wind_generation,Wind Offshore,2026-08-17T08:52:17Z
2026-08-17T08:43:25Z,2026-08-17T10:43:25+0200,5f9ba03d-f545-4cd2-8996-d770f48fc74d,2026-08-09T16:00:00Z,2026-08-09T18:00:00+0200,370.5,MW,DK2,DK_2,forecast_offshore_wind_generation,Wind Offshore,2026-08-17T08:52:17Z
2026-08-17T08:43:25Z,2026-08-17T10:43:25+0200,5f9ba03d-f545-4cd2-8996-d770f48fc74d,2026-08-09T16:15:00Z,2026-08-09T18:15:00+0200,366.0,MW,DK2,DK_2,forecast_offshore_wind_generation,Wind Offshore,2026-08-17T08:52:17Z
2026-08-17T08:43:25Z,2026-08-17T10:43:25+0200,5f9ba03d-f545-4cd2-8996-d770f48fc74d,2026-08-09T16:30:00Z,2026-08-09T18:30:00+0200,361.5,MW,DK2,DK_2,forecast_offshore_wind_generation,Wind Offshore,2026-08-17T08:52:17Z
2026-08-17T08:43:25Z,2026-08-17T10:43:25+0200,5f9ba03d-f545-4cd2-8996-d770f48fc74d,2026-08-09T16:45:00Z,2026-08-09T18:45:00+0200,356.666666,MW,DK2,DK_2,forecast_offshore_wind_generation,Wind Offshore,2026-08-17T08:52:17Z
2026-08-17T08:43:25Z,2026-08-17T10:43:25+0200,5f9ba03d-f545-4cd2-8996-d770f48fc74d,2026-08-09T17:00:00Z,2026-08-09T19:00:00+0200,353.5,MW,DK2,DK_2,forecast_offshore_wind_generation,Wind Offshore,2026-08-17T08:52:17Z
2026-08-17T08:43:25Z,2026-08-17T10:43:25+0200,5f9ba03d-f545-4cd2-8996-d770f48fc74d,2026-08-09T17:15:00Z,2026-08-09T19:15:00+0200,350.5,MW,DK2,DK_2,forecast_offshore_wind_generation,Wind Offshore,2026-08-17T08:52:17Z
2026-08-17T08:43:25Z,2026-08-17T10:43:25+0200,5f9ba03d-f545-4cd2-8996-d770f48fc74d,2026-08-09T17:30:00Z,2026-08-09T19:30:00+0200,349.0,MW,DK2,DK_2,forecast_offshore_wind_generation,Wind Offshore,2026-08-17T08:52:17Z
2026-08-17T08:43:25Z,2026-08-17T10:43:25+0200,5f9ba03d-f545-4cd2-8996-d770f48fc74d,2026-08-09T17:45:00Z,2026-08-09T19:45:00+0200,349.0,MW,DK2,DK_2,forecast_offshore_wind_generation,Wind Offshore,2026-08-17T08:52:17Z
2026-08-17T08:43:25Z,2026-08-17T10:43:25+0200,5f9ba03d-f545-4cd2-8996-d770f48fc74d,2026-08-09T18:00:00Z,2026-08-09T20:00:00+0200,345.666666,MW,DK2,DK_2,forecast_offshore_wind_generation,Wind Offshore,2026-08-17T08:52:17Z
2026-08-17T08:43:25Z,2026-08-17T10:43:25+0200,5f9ba03d-f545-4cd2-8996-d770f48fc74d,2026-08-09T18:15:00Z,2026-08-09T20:15:00+0200,338.166666,MW,DK2,DK_2,forecast_offshore_wind_generation,Wind Offshore,2026-08-17T08:52:17Z
2026-08-17T08:43:25Z,2026-08-17T10:43:25+0200,5f9ba03d-f545-4cd2-8996-d770f48fc74d,2026-08-09T18:30:00Z,2026-08-09T20:30:00+0200,342.5,MW,DK2,DK_2,forecast_offshore_wind_generation,Wind Offshore,2026-08-17T08:52:17Z
2026-08-17T08:43:25Z,2026-08-17T10:43:25+0200,5f9ba03d-f545-4cd2-8996-d770f48fc74d,2026-08-09T18:45:00Z,2026-08-09T20:45:00+0200,349.166666,MW,DK2,DK_2,forecast_offshore_wind_generation,Wind Offshore,2026-08-17T08:52:17Z
2026-08-17T08:43:25Z,2026-08-17T10:43:25+0200,5f9ba03d-f545-4cd2-8996-d770f48fc74d,2026-08-09T19:00:00Z,2026-08-09T21:00:00+0200,348.333333,MW,DK2,DK_2,forecast_offshore_wind_generation,Wind Offshore,2026-08-17T08:52:17Z
2026-08-17T08:43:25Z,2026-08-17T10:43:25+0200,5f9ba03d-f545-4cd2-8996-d770f48fc74d,2026-08-09T19:15:00Z,2026-08-09T21:15:00+0200,342.0,MW,DK2,DK_2,forecast_offshore_wind_generation,Wind Offshore,2026-08-17T08:52:17Z
2026-08-17T08:43:25Z,2026-08-17T10:43:25+0200,5f9ba03d-f545-4cd2-8996-d770f48fc74d,2026-08-09T19:30:00Z,2026-08-09T21:30:00+0200,333.333333,MW,DK2,DK_2,forecast_offshore_wind_generation,Wind Offshore,2026-08-17T08:52:17Z
2026-08-17T08:43:25Z,2026-08-17T10:43:25+0200,5f9ba03d-f545-4cd2-8996-d770f48fc74d,2026-08-09T19:45:00Z,2026-08-09T21:45:00+0200,323.5,MW,DK2,DK_2,forecast_offshore_wind_generation,Wind Offshore,2026-08-17T08:52:17Z
2026-08-17T08:43:25Z,2026-08-17T10:43:25+0200,5f9ba03d-f545-4cd2-8996-d770f48fc74d,2026-08-09T20:00:00Z,2026-08-09T22:00:00+0200,316.166666,MW,DK2,DK_2,forecast_offshore_wind_generation,Wind Offshore,2026-08-17T08:52:17Z
2026-08-17T08:43:25Z,2026-08-17T10:43:25+0200,5f9ba03d-f545-4cd2-8996-d770f48fc74d,2026-08-09T20:15:00Z,2026-08-09T22:15:00+0200,313.666666,MW,DK2,DK_2,forecast_offshore_wind_generation,Wind Offshore,2026-08-17T08:52:17Z
2026-08-17T08:43:25Z,2026-08-17T10:43:25+0200,5f9ba03d-f545-4cd2-8996-d770f48fc74d,2026-08-09T20:30:00Z,2026-08-09T22:30:00+0200,311.833333,MW,DK2,DK_2,forecast_offshore_wind_generation,Wind Offshore,2026-08-17T08:52:17Z
2026-08-17T08:43:25Z,2026-08-17T10:43:25+0200,5f9ba03d-f545-4cd2-8996-d770f48fc74d,2026-08-09T20:45:00Z,2026-08-09T22:45:00+0200,305.333333,MW,DK2,DK_2,forecast_offshore_wind_generation,Wind Offshore,2026-08-17T08:52:17Z
2026-08-17T08:43:25Z,2026-08-17T10:43:25+0200,5f9ba03d-f545-4cd2-8996-d770f48fc74d,2026-08-09T21:00:00Z,2026-08-09T23:00:00+0200,292.333333,MW,DK2,DK_2,forecast_offshore_wind_generation,Wind Offshore,2026-08-17T08:52:17Z
2026-08-17T08:43:25Z,2026-08-17T10:43:25+0200,5f9ba03d-f545-4cd2-8996-d770f48fc74d,2026-08-09T21:15:00Z,2026-08-09T23:15:00+0200,266.0,MW,DK2,DK_2,forecast_offshore_wind_generation,Wind Offshore,2026-08-17T08:52:17Z
2026-08-17T08:43:25Z,2026-08-17T10:43:25+0200,5f9ba03d-f545-4cd2-8996-d770f48fc74d,2026-08-09T21:30:00Z,2026-08-09T23:30:00+0200,242.5,MW,DK2,DK_2,forecast_offshore_wind_generation,Wind Offshore,2026-08-17T08:52:17Z
2026-08-17T08:43:25Z,2026-08-17T10:43:25+0200,5f9ba03d-f545-4cd2-8996-d770f48fc74d,2026-08-09T21:45:00Z,2026-08-09T23:45:00+0200,232.166666,MW,DK2,DK_2,forecast_offshore_wind_generation,Wind Offshore,2026-08-17T08:52:17Z
2026-08-17T08:43:25Z,2026-08-17T10:43:25+0200,5f9ba03d-f545-4cd2-8996-d770f48fc74d,2026-08-09T22:00:00Z,2026-08-10T00:00:00+0200,278.5,MW,DK2,DK_2,forecast_offshore_wind_generation,Wind Offshore,2026-08-17T08:52:17Z
2026-08-17T08:43:25Z,2026-08-17T10:43:25+0200,5f9ba03d-f545-4cd2-8996-d770f48fc74d,2026-08-09T22:15:00Z,2026-08-10T00:15:00+0200,270.0,MW,DK2,DK_2,forecast_offshore_wind_generation,Wind Offshore,2026-08-17T08:52:17Z
2026-08-17T08:43:25Z,2026-08-17T10:43:25+0200,5f9ba03d-f545-4cd2-8996-d770f48fc74d,2026-08-09T22:30:00Z,2026-08-10T00:30:00+0200,263.333333,MW,DK2,DK_2,forecast_offshore_wind_generation,Wind Offshore,2026-08-17T08:52:17Z
2026-08-17T08:43:25Z,2026-08-17T10:43:25+0200,5f9ba03d-f545-4cd2-8996-d770f48fc74d,2026-08-09T22:45:00Z,2026-08-10T00:45:00+0200,262.0,MW,DK2,DK_2,forecast_offshore_wind_generation,Wind Offshore,2026-08-17T08:52:17Z
2026-08-17T08:43:25Z,2026-08-17T10:43:25+0200,5f9ba03d-f545-4cd2-8996-d770f48fc74d,2026-08-09T23:00:00Z,2026-08-10T01:00:00+0200,268.0,MW,DK2,DK_2,forecast_offshore_wind_generation,Wind Offshore,2026-08-17T08:52:17Z
2026-08-17T08:43:25Z,2026-08-17T10:43:25+0200,5f9ba03d-f545-4cd2-8996-d770f48fc74d,2026-08-09T23:15:00Z,2026-08-10T01:15:00+0200,289.666666,MW,DK2,DK_2,forecast_offshore_wind_generation,Wind Offshore,2026-08-17T08:52:17Z
2026-08-17T08:43:25Z,2026-08-17T10:43:25+0200,5f9ba03d-f545-4cd2-8996-d770f48fc74d,2026-08-09T23:30:00Z,2026-08-10T01:30:00+0200,321.5,MW,DK2,DK_2,forecast_offshore_wind_generation,Wind Offshore,2026-08-17T08:52:17Z
2026-08-17T08:43:25Z,2026-08-17T10:43:25+0200,5f9ba03d-f545-4cd2-8996-d770f48fc74d,2026-08-09T23:45:00Z,2026-08-10T01:45:00+0200,350.166666,MW,DK2,DK_2,forecast_offshore_wind_generation,Wind Offshore,2026-08-17T08:52:17Z
2026-08-17T08:43:25Z,2026-08-17T10:43:25+0200,5f9ba03d-f545-4cd2-8996-d770f48fc74d,2026-08-10T00:00:00Z,2026-08-10T02:00:00+0200,357.666666,MW,DK2,DK_2,forecast_offshore_wind_generation,Wind Offshore,2026-08-17T08:52:17Z
2026-08-17T08:43:25Z,2026-08-17T10:43:25+0200,5f9ba03d-f545-4cd2-8996-d770f48fc74d,2026-08-10T00:15:00Z,2026-08-10T02:15:00+0200,351.666666,MW,DK2,DK_2,forecast_offshore_wind_generation,Wind Offshore,2026-08-17T08:52:17Z
2026-08-17T08:43:25Z,2026-08-17T10:43:25+0200,5f9ba03d-f545-4cd2-8996-d770f48fc74d,2026-08-10T00:30:00Z,2026-08-10T02:30:00+0200,338.666666,MW,DK2,DK_2,forecast_offshore_wind_generation,Wind Offshore,2026-08-17T08:52:17Z
2026-08-17T08:43:25Z,2026-08-17T10:43:25+0200,5f9ba03d-f545-4cd2-8996-d770f48fc74d,2026-08-10T00:45:00Z,2026-08-10T02:45:00+0200,327.833333,MW,DK2,DK_2,forecast_offshore_wind_generation,Wind Offshore,2026-08-17T08:52:17Z
2026-08-17T08:43:25Z,2026-08-17T10:43:25+0200,5f9ba03d-f545-4cd2-8996-d770f48fc74d,2026-08-10T01:00:00Z,2026-08-10T03:00:00+0200,323.833333,MW,DK2,DK_2,forecast_offshore_wind_generation,Wind Offshore,2026-08-17T08:52:17Z
2026-08-17T08:43:25Z,2026-08-17T10:43:25+0200,5f9ba03d-f545-4cd2-8996-d770f48fc74d,2026-08-10T01:15:00Z,2026-08-10T03:15:00+0200,319.666666,MW,DK2,DK_2,forecast_offshore_wind_generation,Wind Offshore,2026-08-17T08:52:17Z
2026-08-17T08:43:25Z,2026-08-17T10:43:25+0200,5f9ba03d-f545-4cd2-8996-d770f48fc74d,2026-08-10T01:30:00Z,2026-08-10T03:30:00+0200,316.166666,MW,DK2,DK_2,forecast_offshore_wind_generation,Wind Offshore,2026-08-17T08:52:17Z
2026-08-17T08:43:25Z,2026-08-17T10:43:25+0200,5f9ba03d-f545-4cd2-8996-d770f48fc74d,2026-08-10T01:45:00Z,2026-08-10T03:45:00+0200,315.0,MW,DK2,DK_2,forecast_offshore_wind_generation,Wind Offshore,2026-08-17T08:52:17Z
2026-08-17T08:43:25Z,2026-08-17T10:43:25+0200,5f9ba03d-f545-4cd2-8996-d770f48fc74d,2026-08-10T02:00:00Z,2026-08-10T04:00:00+0200,318.333333,MW,DK2,DK_2,forecast_offshore_wind_generation,Wind Offshore,2026-08-17T08:52:17Z
2026-08-17T08:43:25Z,2026-08-17T10:43:25+0200,5f9ba03d-f545-4cd2-8996-d770f48fc74d,2026-08-10T02:15:00Z,2026-08-10T04:15:00+0200,329.666666,MW,DK2,DK_2,forecast_offshore_wind_generation,Wind Offshore,2026-08-17T08:52:17Z
2026-08-17T08:43:25Z,2026-08-17T10:43:25+0200,5f9ba03d-f545-4cd2-8996-d770f48fc74d,2026-08-10T02:30:00Z,2026-08-10T04:30:00+0200,345.5,MW,DK2,DK_2,forecast_offshore_wind_generation,Wind Offshore,2026-08-17T08:52:17Z
2026-08-17T08:43:25Z,2026-08-17T10:43:25+0200,5f9ba03d-f545-4cd2-8996-d770f48fc74d,2026-08-10T02:45:00Z,2026-08-10T04:45:00+0200,360.5,MW,DK2,DK_2,forecast_offshore_wind_generation,Wind Offshore,2026-08-17T08:52:17Z
2026-08-17T08:43:25Z,2026-08-17T10:43:25+0200,5f9ba03d-f545-4cd2-8996-d770f48fc74d,2026-08-10T03:00:00Z,2026-08-10T05:00:00+0200,373.0,MW,DK2,DK_2,forecast_offshore_wind_generation,Wind Offshore,2026-08-17T08:52:17Z
2026-08-17T08:43:25Z,2026-08-17T10:43:25+0200,5f9ba03d-f545-4cd2-8996-d770f48fc74d,2026-08-10T03:15:00Z,2026-08-10T05:15:00+0200,384.333333,MW,DK2,DK_2,forecast_offshore_wind_generation,Wind Offshore,2026-08-17T08:52:17Z
2026-08-17T08:43:25Z,2026-08-17T10:43:25+0200,5f9ba03d-f545-4cd2-8996-d770f48fc74d,2026-08-10T03:30:00Z,2026-08-10T05:30:00+0200,392.833333,MW,DK2,DK_2,forecast_offshore_wind_generation,Wind Offshore,2026-08-17T08:52:17Z
2026-08-17T08:43:25Z,2026-08-17T10:43:25+0200,5f9ba03d-f545-4cd2-8996-d770f48fc74d,2026-08-10T03:45:00Z,2026-08-10T05:45:00+0200,398.166666,MW,DK2,DK_2,forecast_offshore_wind_generation,Wind Offshore,2026-08-17T08:52:17Z
2026-08-17T08:43:25Z,2026-08-17T10:43:25+0200,5f9ba03d-f545-4cd2-8996-d770f48fc74d,2026-08-10T04:00:00Z,2026-08-10T06:00:00+0200,397.833333,MW,DK2,DK_2,forecast_offshore_wind_generation,Wind Offshore,2026-08-17T08:52:17Z
2026-08-17T08:43:25Z,2026-08-17T10:43:25+0200,5f9ba03d-f545-4cd2-8996-d770f48fc74d,2026-08-10T04:15:00Z,2026-08-10T06:15:00+0200,392.833333,MW,DK2,DK_2,forecast_offshore_wind_generation,Wind Offshore,2026-08-17T08:52:17Z
2026-08-17T08:43:25Z,2026-08-17T10:43:25+0200,5f9ba03d-f545-4cd2-8996-d770f48fc74d,2026-08-10T04:30:00Z,2026-08-10T06:30:00+0200,384.5,MW,DK2,DK_2,forecast_offshore_wind_generation,Wind Offshore,2026-08-17T08:52:17Z
2026-08-17T08:43:25Z,2026-08-17T10:43:25+0200,5f9ba03d-f545-4cd2-8996-d770f48fc74d,2026-08-10T04:45:00Z,2026-08-10T06:45:00+0200,376.0,MW,DK2,DK_2,forecast_offshore_wind_generation,Wind Offshore,2026-08-17T08:52:17Z
2026-08-17T08:43:25Z,2026-08-17T10:43:25+0200,5f9ba03d-f545-4cd2-8996-d770f48fc74d,2026-08-10T05:00:00Z,2026-08-10T07:00:00+0200,368.333333,MW,DK2,DK_2,forecast_offshore_wind_generation,Wind Offshore,2026-08-17T08:52:17Z
2026-08-17T08:43:25Z,2026-08-17T10:43:25+0200,5f9ba03d-f545-4cd2-8996-d770f48fc74d,2026-08-10T05:15:00Z,2026-08-10T07:15:00+0200,358.0,MW,DK2,DK_2,forecast_offshore_wind_generation,Wind Offshore,2026-08-17T08:52:17Z
2026-08-17T08:43:25Z,2026-08-17T10:43:25+0200,5f9ba03d-f545-4cd2-8996-d770f48fc74d,2026-08-10T05:30:00Z,2026-08-10T07:30:00+0200,345.166666,MW,DK2,DK_2,forecast_offshore_wind_generation,Wind Offshore,2026-08-17T08:52:17Z
2026-08-17T08:43:25Z,2026-08-17T10:43:25+0200,5f9ba03d-f545-4cd2-8996-d770f48fc74d,2026-08-10T05:45:00Z,2026-08-10T07:45:00+0200,333.833333,MW,DK2,DK_2,forecast_offshore_wind_generation,Wind Offshore,2026-08-17T08:52:17Z
2026-08-17T08:43:25Z,2026-08-17T10:43:25+0200,5f9ba03d-f545-4cd2-8996-d770f48fc74d,2026-08-10T06:00:00Z,2026-08-10T08:00:00+0200,323.666666,MW,DK2,DK_2,forecast_offshore_wind_generation,Wind Offshore,2026-08-17T08:52:17Z
2026-08-17T08:43:25Z,2026-08-17T10:43:25+0200,5f9ba03d-f545-4cd2-8996-d770f48fc74d,2026-08-10T06:15:00Z,2026-08-10T08:15:00+0200,306.333333,MW,DK2,DK_2,forecast_offshore_wind_generation,Wind Offshore,2026-08-17T08:52:17Z
2026-08-17T08:43:25Z,2026-08-17T10:43:25+0200,5f9ba03d-f545-4cd2-8996-d770f48fc74d,2026-08-10T06:30:00Z,2026-08-10T08:30:00+0200,285.166666,MW,DK2,DK_2,forecast_offshore_wind_generation,Wind Offshore,2026-08-17T08:52:17Z
2026-08-17T08:43:25Z,2026-08-17T10:43:25+0200,5f9ba03d-f545-4cd2-8996-d770f48fc74d,2026-08-10T06:45:00Z,2026-08-10T08:45:00+0200,266.833333,MW,DK2,DK_2,forecast_offshore_wind_generation,Wind Offshore,2026-08-17T08:52:17Z
2026-08-17T08:43:25Z,2026-08-17T10:43:25+0200,5f9ba03d-f545-4cd2-8996-d770f48fc74d,2026-08-10T07:00:00Z,2026-08-10T09:00:00+0200,256.0,MW,DK2,DK_2,forecast_offshore_wind_generation,Wind Offshore,2026-08-17T08:52:17Z
2026-08-17T08:43:25Z,2026-08-17T10:43:25+0200,5f9ba03d-f545-4cd2-8996-d770f48fc74d,2026-08-10T07:15:00Z,2026-08-10T09:15:00+0200,249.5,MW,DK2,DK_2,forecast_offshore_wind_generation,Wind Offshore,2026-08-17T08:52:17Z
2026-08-17T08:43:25Z,2026-08-17T10:43:25+0200,5f9ba03d-f545-4cd2-8996-d770f48fc74d,2026-08-10T07:30:00Z,2026-08-10T09:30:00+0200,245.0,MW,DK2,DK_2,forecast_offshore_wind_generation,Wind Offshore,2026-08-17T08:52:17Z
2026-08-17T08:43:25Z,2026-08-17T10:43:25+0200,5f9ba03d-f545-4cd2-8996-d770f48fc74d,2026-08-10T07:45:00Z,2026-08-10T09:45:00+0200,240.666666,MW,DK2,DK_2,forecast_offshore_wind_generation,Wind Offshore,2026-08-17T08:52:17Z
2026-08-17T08:43:25Z,2026-08-17T10:43:25+0200,5f9ba03d-f545-4cd2-8996-d770f48fc74d,2026-08-10T08:00:00Z,2026-08-10T10:00:00+0200,235.333333,MW,DK2,DK_2,forecast_offshore_wind_generation,Wind Offshore,2026-08-17T08:52:17Z
2026-08-17T08:43:25Z,2026-08-17T10:43:25+0200,5f9ba03d-f545-4cd2-8996-d770f48fc74d,2026-08-10T08:15:00Z,2026-08-10T10:15:00+0200,225.0,MW,DK2,DK_2,forecast_offshore_wind_generation,Wind Offshore,2026-08-17T08:52:17Z
2026-08-17T08:43:25Z,2026-08-17T10:43:25+0200,5f9ba03d-f545-4cd2-8996-d770f48fc74d,2026-08-10T08:30:00Z,2026-08-10T10:30:00+0200,213.333333,MW,DK2,DK_2,forecast_offshore_wind_generation,Wind Offshore,2026-08-17T08:52:17Z
2026-08-17T08:43:25Z,2026-08-17T10:43:25+0200,5f9ba03d-f545-4cd2-8996-d770f48fc74d,2026-08-10T08:45:00Z,2026-08-10T10:45:00+0200,206.166666,MW,DK2,DK_2,forecast_offshore_wind_generation,Wind Offshore,2026-08-17T08:52:17Z
2026-08-17T08:43:25Z,2026-08-17T10:43:25+0200,5f9ba03d-f545-4cd2-8996-d770f48fc74d,2026-08-10T09:00:00Z,2026-08-10T11:00:00+0200,200.333333,MW,DK2,DK_2,forecast_offshore_wind_generation,Wind Offshore,2026-08-17T08:52:17Z
2026-08-17T08:43:25Z,2026-08-17T10:43:25+0200,5f9ba03d-f545-4cd2-8996-d770f48fc74d,2026-08-10T09:15:00Z,2026-08-10T11:15:00+0200,192.833333,MW,DK2,DK_2,forecast_offshore_wind_generation,Wind Offshore,2026-08-17T08:52:17Z
2026-08-17T08:43:25Z,2026-08-17T10:43:25+0200,5f9ba03d-f545-4cd2-8996-d770f48fc74d,2026-08-10T09:30:00Z,2026-08-10T11:30:00+0200,191.0,MW,DK2,DK_2,forecast_offshore_wind_generation,Wind Offshore,2026-08-17T08:52:17Z
2026-08-17T08:43:25Z,2026-08-17T10:43:25+0200,5f9ba03d-f545-4cd2-8996-d770f48fc74d,2026-08-10T09:45:00Z,2026-08-10T11:45:00+0200,194.833333,MW,DK2,DK_2,forecast_offshore_wind_generation,Wind Offshore,2026-08-17T08:52:17Z
2026-08-17T08:43:25Z,2026-08-17T10:43:25+0200,5f9ba03d-f545-4cd2-8996-d770f48fc74d,2026-08-10T10:00:00Z,2026-08-10T12:00:00+0200,207.333333,MW,DK2,DK_2,forecast_offshore_wind_generation,Wind Offshore,2026-08-17T08:52:17Z
2026-08-17T08:43:25Z,2026-08-17T10:43:25+0200,5f9ba03d-f545-4cd2-8996-d770f48fc74d,2026-08-10T10:15:00Z,2026-08-10T12:15:00+0200,225.833333,MW,DK2,DK_2,forecast_offshore_wind_generation,Wind Offshore,2026-08-17T08:52:17Z
2026-08-17T08:43:25Z,2026-08-17T10:43:25+0200,5f9ba03d-f545-4cd2-8996-d770f48fc74d,2026-08-10T10:30:00Z,2026-08-10T12:30:00+0200,250.0,MW,DK2,DK_2,forecast_offshore_wind_generation,Wind Offshore,2026-08-17T08:52:17Z
2026-08-17T08:43:25Z,2026-08-17T10:43:25+0200,5f9ba03d-f545-4cd2-8996-d770f48fc74d,2026-08-10T10:45:00Z,2026-08-10T12:45:00+0200,274.333333,MW,DK2,DK_2,forecast_offshore_wind_generation,Wind Offshore,2026-08-17T08:52:17Z
2026-08-17T08:43:25Z,2026-08-17T10:43:25+0200,5f9ba03d-f545-4cd2-8996-d770f48fc74d,2026-08-10T11:00:00Z,2026-08-10T13:00:00+0200,295.833333,MW,DK2,DK_2,forecast_offshore_wind_generation,Wind Offshore,2026-08-17T08:52:17Z
2026-08-17T08:43:25Z,2026-08-17T10:43:25+0200,5f9ba03d-f545-4cd2-8996-d770f48fc74d,2026-08-10T11:15:00Z,2026-08-10T13:15:00+0200,323.666666,MW,DK2,DK_2,forecast_offshore_wind_generation,Wind Offshore,2026-08-17T08:52:17Z
2026-08-17T08:43:25Z,2026-08-17T10:43:25+0200,5f9ba03d-f545-4cd2-8996-d770f48fc74d,2026-08-10T11:30:00Z,2026-08-10T13:30:00+0200,355.166666,MW,DK2,DK_2,forecast_offshore_wind_generation,Wind Offshore,2026-08-17T08:52:17Z
2026-08-17T08:43:25Z,2026-08-17T10:43:25+0200,5f9ba03d-f545-4cd2-8996-d770f48fc74d,2026-08-10T11:45:00Z,2026-08-10T13:45:00+0200,382.166666,MW,DK2,DK_2,forecast_offshore_wind_generation,Wind Offshore,2026-08-17T08:52:17Z
2026-08-17T08:43:25Z,2026-08-17T10:43:25+0200,5f9ba03d-f545-4cd2-8996-d770f48fc74d,2026-08-10T12:00:00Z,2026-08-10T14:00:00+0200,403.666666,MW,DK2,DK_2,forecast_offshore_wind_generation,Wind Offshore,2026-08-17T08:52:17Z
2026-08-17T08:43:25Z,2026-08-17T10:43:25+0200,5f9ba03d-f545-4cd2-8996-d770f48fc74d,2026-08-10T12:15:00Z,2026-08-10T14:15:00+0200,419.5,MW,DK2,DK_2,forecast_offshore_wind_generation,Wind Offshore,2026-08-17T08:52:17Z
2026-08-17T08:43:25Z,2026-08-17T10:43:25+0200,5f9ba03d-f545-4cd2-8996-d770f48fc74d,2026-08-10T12:30:00Z,2026-08-10T14:30:00+0200,433.166666,MW,DK2,DK_2,forecast_offshore_wind_generation,Wind Offshore,2026-08-17T08:52:17Z
2026-08-17T08:43:25Z,2026-08-17T10:43:25+0200,5f9ba03d-f545-4cd2-8996-d770f48fc74d,2026-08-10T12:45:00Z,2026-08-10T14:45:00+0200,440.5,MW,DK2,DK_2,forecast_offshore_wind_generation,Wind Offshore,2026-08-17T08:52:17Z
2026-08-17T08:43:25Z,2026-08-17T10:43:25+0200,5f9ba03d-f545-4cd2-8996-d770f48fc74d,2026-08-10T13:00:00Z,2026-08-10T15:00:00+0200,435.666666,MW,DK2,DK_2,forecast_offshore_wind_generation,Wind Offshore,2026-08-17T08:52:17Z
2026-08-17T08:43:25Z,2026-08-17T10:43:25+0200,5f9ba03d-f545-4cd2-8996-d770f48fc74d,2026-08-10T13:15:00Z,2026-08-10T15:15:00+0200,414.333333,MW,DK2,DK_2,forecast_offshore_wind_generation,Wind Offshore,2026-08-17T08:52:17Z
2026-08-17T08:43:25Z,2026-08-17T10:43:25+0200,5f9ba03d-f545-4cd2-8996-d770f48fc74d,2026-08-10T13:30:00Z,2026-08-10T15:30:00+0200,387.0,MW,DK2,DK_2,forecast_offshore_wind_generation,Wind Offshore,2026-08-17T08:52:17Z
2026-08-17T08:43:25Z,2026-08-17T10:43:25+0200,5f9ba03d-f545-4cd2-8996-d770f48fc74d,2026-08-10T13:45:00Z,2026-08-10T15:45:00+0200,362.833333,MW,DK2,DK_2,forecast_offshore_wind_generation,Wind Offshore,2026-08-17T08:52:17Z
2026-08-17T08:43:25Z,2026-08-17T10:43:25+0200,5f9ba03d-f545-4cd2-8996-d770f48fc74d,2026-08-10T14:00:00Z,2026-08-10T16:00:00+0200,355.0,MW,DK2,DK_2,forecast_offshore_wind_generation,Wind Offshore,2026-08-17T08:52:17Z
2026-08-17T08:43:25Z,2026-08-17T10:43:25+0200,5f9ba03d-f545-4cd2-8996-d770f48fc74d,2026-08-10T14:15:00Z,2026-08-10T16:15:00+0200,359.833333,MW,DK2,DK_2,forecast_offshore_wind_generation,Wind Offshore,2026-08-17T08:52:17Z
2026-08-17T08:43:25Z,2026-08-17T10:43:25+0200,5f9ba03d-f545-4cd2-8996-d770f48fc74d,2026-08-10T14:30:00Z,2026-08-10T16:30:00+0200,370.0,MW,DK2,DK_2,forecast_offshore_wind_generation,Wind Offshore,2026-08-17T08:52:17Z
2026-08-17T08:43:25Z,2026-08-17T10:43:25+0200,5f9ba03d-f545-4cd2-8996-d770f48fc74d,2026-08-10T14:45:00Z,2026-08-10T16:45:00+0200,379.333333,MW,DK2,DK_2,forecast_offshore_wind_generation,Wind Offshore,2026-08-17T08:52:17Z
2026-08-17T08:43:25Z,2026-08-17T10:43:25+0200,5f9ba03d-f545-4cd2-8996-d770f48fc74d,2026-08-10T15:00:00Z,2026-08-10T17:00:00+0200,386.166666,MW,DK2,DK_2,forecast_offshore_wind_generation,Wind Offshore,2026-08-17T08:52:17Z
2026-08-17T08:43:25Z,2026-08-17T10:43:25+0200,5f9ba03d-f545-4cd2-8996-d770f48fc74d,2026-08-10T15:15:00Z,2026-08-10T17:15:00+0200,395.166666,MW,DK2,DK_2,forecast_offshore_wind_generation,Wind Offshore,2026-08-17T08:52:17Z
2026-08-17T08:43:25Z,2026-08-17T10:43:25+0200,5f9ba03d-f545-4cd2-8996-d770f48fc74d,2026-08-10T15:30:00Z,2026-08-10T17:30:00+0200,407.833333,MW,DK2,DK_2,forecast_offshore_wind_generation,Wind Offshore,2026-08-17T08:52:17Z
2026-08-17T08:43:25Z,2026-08-17T10:43:25+0200,5f9ba03d-f545-4cd2-8996-d770f48fc74d,2026-08-10T15:45:00Z,2026-08-10T17:45:00+0200,421.0,MW,DK2,DK_2,forecast_offshore_wind_generation,Wind Offshore,2026-08-17T08:52:17Z
2026-08-17T08:43:25Z,2026-08-17T10:43:25+0200,5f9ba03d-f545-4cd2-8996-d770f48fc74d,2026-08-10T16:00:00Z,2026-08-10T18:00:00+0200,437.833333,MW,DK2,DK_2,forecast_offshore_wind_generation,Wind Offshore,2026-08-17T08:52:17Z
2026-08-17T08:43:25Z,2026-08-17T10:43:25+0200,5f9ba03d-f545-4cd2-8996-d770f48fc74d,2026-08-10T16:15:00Z,2026-08-10T18:15:00+0200,468.333333,MW,DK2,DK_2,forecast_offshore_wind_generation,Wind Offshore,2026-08-17T08:52:17Z
2026-08-17T08:43:25Z,2026-08-17T10:43:25+0200,5f9ba03d-f545-4cd2-8996-d770f48fc74d,2026-08-10T16:30:00Z,2026-08-10T18:30:00+0200,511.166666,MW,DK2,DK_2,forecast_offshore_wind_generation,Wind Offshore,2026-08-17T08:52:17Z
2026-08-17T08:43:25Z,2026-08-17T10:43:25+0200,5f9ba03d-f545-4cd2-8996-d770f48fc74d,2026-08-10T16:45:00Z,2026-08-10T18:45:00+0200,546.833333,MW,DK2,DK_2,forecast_offshore_wind_generation,Wind Offshore,2026-08-17T08:52:17Z
2026-08-17T08:43:25Z,2026-08-17T10:43:25+0200,5f9ba03d-f545-4cd2-8996-d770f48fc74d,2026-08-10T17:00:00Z,2026-08-10T19:00:00+0200,568.0,MW,DK2,DK_2,forecast_offshore_wind_generation,Wind Offshore,2026-08-17T08:52:17Z
2026-08-17T08:43:25Z,2026-08-17T10:43:25+0200,5f9ba03d-f545-4cd2-8996-d770f48fc74d,2026-08-10T17:15:00Z,2026-08-10T19:15:00+0200,587.0,MW,DK2,DK_2,forecast_offshore_wind_generation,Wind Offshore,2026-08-17T08:52:17Z
2026-08-17T08:43:25Z,2026-08-17T10:43:25+0200,5f9ba03d-f545-4cd2-8996-d770f48fc74d,2026-08-10T17:30:00Z,2026-08-10T19:30:00+0200,606.5,MW,DK2,DK_2,forecast_offshore_wind_generation,Wind Offshore,2026-08-17T08:52:17Z
2026-08-17T08:43:25Z,2026-08-17T10:43:25+0200,5f9ba03d-f545-4cd2-8996-d770f48fc74d,2026-08-10T17:45:00Z,2026-08-10T19:45:00+0200,624.333333,MW,DK2,DK_2,forecast_offshore_wind_generation,Wind Offshore,2026-08-17T08:52:17Z
2026-08-17T08:43:25Z,2026-08-17T10:43:25+0200,5f9ba03d-f545-4cd2-8996-d770f48fc74d,2026-08-10T18:00:00Z,2026-08-10T20:00:00+0200,641.0,MW,DK2,DK_2,forecast_offshore_wind_generation,Wind Offshore,2026-08-17T08:52:17Z
2026-08-17T08:43:25Z,2026-08-17T10:43:25+0200,5f9ba03d-f545-4cd2-8996-d770f48fc74d,2026-08-10T18:15:00Z,2026-08-10T20:15:00+0200,660.0,MW,DK2,DK_2,forecast_offshore_wind_generation,Wind Offshore,2026-08-17T08:52:17Z
2026-08-17T08:43:25Z,2026-08-17T10:43:25+0200,5f9ba03d-f545-4cd2-8996-d770f48fc74d,2026-08-10T18:30:00Z,2026-08-10T20:30:00+0200,679.333333,MW,DK2,DK_2,forecast_offshore_wind_generation,Wind Offshore,2026-08-17T08:52:17Z
2026-08-17T08:43:25Z,2026-08-17T10:43:25+0200,5f9ba03d-f545-4cd2-8996-d770f48fc74d,2026-08-10T18:45:00Z,2026-08-10T20:45:00+0200,696.833333,MW,DK2,DK_2,forecast_offshore_wind_generation,Wind Offshore,2026-08-17T08:52:17Z
2026-08-17T08:43:25Z,2026-08-17T10:43:25+0200,5f9ba03d-f545-4cd2-8996-d770f48fc74d,2026-08-10T19:00:00Z,2026-08-10T21:00:00+0200,713.166666,MW,DK2,DK_2,forecast_offshore_wind_generation,Wind Offshore,2026-08-17T08:52:17Z
2026-08-17T08:43:25Z,2026-08-17T10:43:25+0200,5f9ba03d-f545-4cd2-8996-d770f48fc74d,2026-08-10T19:15:00Z,2026-08-10T21:15:00+0200,725.166666,MW,DK2,DK_2,forecast_offshore_wind_generation,Wind Offshore,2026-08-17T08:52:17Z
2026-08-17T08:43:25Z,2026-08-17T10:43:25+0200,5f9ba03d-f545-4cd2-8996-d770f48fc74d,2026-08-10T19:30:00Z,2026-08-10T21:30:00+0200,736.333333,MW,DK2,DK_2,forecast_offshore_wind_generation,Wind Offshore,2026-08-17T08:52:17Z
2026-08-17T08:43:25Z,2026-08-17T10:43:25+0200,5f9ba03d-f545-4cd2-8996-d770f48fc74d,2026-08-10T19:45:00Z,2026-08-10T21:45:00+0200,743.5,MW,DK2,DK_2,forecast_offshore_wind_generation,Wind Offshore,2026-08-17T08:52:17Z
2026-08-17T08:43:25Z,2026-08-17T10:43:25+0200,5f9ba03d-f545-4cd2-8996-d770f48fc74d,2026-08-10T20:00:00Z,2026-08-10T22:00:00+0200,747.5,MW,DK2,DK_2,forecast_offshore_wind_generation,Wind Offshore,2026-08-17T08:52:17Z
2026-08-17T08:43:25Z,2026-08-17T10:43:25+0200,5f9ba03d-f545-4cd2-8996-d770f48fc74d,2026-08-10T20:15:00Z,2026-08-10T22:15:00+0200,749.0,MW,DK2,DK_2,forecast_offshore_wind_generation,Wind Offshore,2026-08-17T08:52:17Z
2026-08-17T08:43:25Z,2026-08-17T10:43:25+0200,5f9ba03d-f545-4cd2-8996-d770f48fc74d,2026-08-10T20:30:00Z,2026-08-10T22:30:00+0200,748.5,MW,DK2,DK_2,forecast_offshore_wind_generation,Wind Offshore,2026-08-17T08:52:17Z
2026-08-17T08:43:25Z,2026-08-17T10:43:25+0200,5f9ba03d-f545-4cd2-8996-d770f48fc74d,2026-08-10T20:45:00Z,2026-08-10T22:45:00+0200,746.666666,MW,DK2,DK_2,forecast_offshore_wind_generation,Wind Offshore,2026-08-17T08:52:17Z
2026-08-17T08:43:25Z,2026-08-17T10:43:25+0200,5f9ba03d-f545-4cd2-8996-d770f48fc74d,2026-08-10T21:00:00Z,2026-08-10T23:00:00+0200,744.666666,MW,DK2,DK_2,forecast_offshore_wind_generation,Wind Offshore,2026-08-17T08:52:17Z
2026-08-17T08:43:25Z,2026-08-17T10:43:25+0200,5f9ba03d-f545-4cd2-8996-d770f48fc74d,2026-08-10T21:15:00Z,2026-08-10T23:15:00+0200,743.0,MW,DK2,DK_2,forecast_offshore_wind_generation,Wind Offshore,2026-08-17T08:52:17Z
2026-08-17T08:43:25Z,2026-08-17T10:43:25+0200,5f9ba03d-f545-4cd2-8996-d770f48fc74d,2026-08-10T21:30:00Z,2026-08-10T23:30:00+0200,740.5,MW,DK2,DK_2,forecast_offshore_wind_generation,Wind Offshore,2026-08-17T08:52:17Z
2026-08-17T08:43:25Z,2026-08-17T10:43:25+0200,5f9ba03d-f545-4cd2-8996-d770f48fc74d,2026-08-10T21:45:00Z,2026-08-10T23:45:00+0200,738.5,MW,DK2,DK_2,forecast_offshore_wind_generation,Wind Offshore,2026-08-17T08:52:17Z
2026-08-17T08:43:25Z,2026-08-17T10:43:25+0200,5f9ba03d-f545-4cd2-8996-d770f48fc74d,2026-08-10T22:00:00Z,2026-08-11T00:00:00+0200,732.0,MW,DK2,DK_2,forecast_offshore_wind_generation,Wind Offshore,2026-08-17T08:52:17Z
2026-08-17T08:43:25Z,2026-08-17T10:43:25+0200,5f9ba03d-f545-4cd2-8996-d770f48fc74d,2026-08-10T22:15:00Z,2026-08-11T00:15:00+0200,731.5,MW,DK2,DK_2,forecast_offshore_wind_generation,Wind Offshore,2026-08-17T08:52:17Z
2026-08-17T08:43:25Z,2026-08-17T10:43:25+0200,5f9ba03d-f545-4cd2-8996-d770f48fc74d,2026-08-10T22:30:00Z,2026-08-11T00:30:00+0200,729.666666,MW,DK2,DK_2,forecast_offshore_wind_generation,Wind Offshore,2026-08-17T08:52:17Z
2026-08-17T08:43:25Z,2026-08-17T10:43:25+0200,5f9ba03d-f545-4cd2-8996-d770f48fc74d,2026-08-10T22:45:00Z,2026-08-11T00:45:00+0200,728.166666,MW,DK2,DK_2,forecast_offshore_wind_generation,Wind Offshore,2026-08-17T08:52:17Z
2026-08-17T08:43:25Z,2026-08-17T10:43:25+0200,5f9ba03d-f545-4cd2-8996-d770f48fc74d,2026-08-10T23:00:00Z,2026-08-11T01:00:00+0200,728.5,MW,DK2,DK_2,forecast_offshore_wind_generation,Wind Offshore,2026-08-17T08:52:17Z
2026-08-17T08:43:25Z,2026-08-17T10:43:25+0200,5f9ba03d-f545-4cd2-8996-d770f48fc74d,2026-08-10T23:15:00Z,2026-08-11T01:15:00+0200,730.0,MW,DK2,DK_2,forecast_offshore_wind_generation,Wind Offshore,2026-08-17T08:52:17Z
2026-08-17T08:43:25Z,2026-08-17T10:43:25+0200,5f9ba03d-f545-4cd2-8996-d770f48fc74d,2026-08-10T23:30:00Z,2026-08-11T01:30:00+0200,731.5,MW,DK2,DK_2,forecast_offshore_wind_generation,Wind Offshore,2026-08-17T08:52:17Z
2026-08-17T08:43:25Z,2026-08-17T10:43:25+0200,5f9ba03d-f545-4cd2-8996-d770f48fc74d,2026-08-10T23:45:00Z,2026-08-11T01:45:00+0200,732.833333,MW,DK2,DK_2,forecast_offshore_wind_generation,Wind Offshore,2026-08-17T08:52:17Z
2026-08-17T08:43:25Z,2026-08-17T10:43:25+0200,5f9ba03d-f545-4cd2-8996-d770f48fc74d,2026-08-11T00:00:00Z,2026-08-11T02:00:00+0200,732.833333,MW,DK2,DK_2,forecast_offshore_wind_generation,Wind Offshore,2026-08-17T08:52:17Z
2026-08-17T08:43:25Z,2026-08-17T10:43:25+0200,5f9ba03d-f545-4cd2-8996-d770f48fc74d,2026-08-11T00:15:00Z,2026-08-11T02:15:00+0200,730.5,MW,DK2,DK_2,forecast_offshore_wind_generation,Wind Offshore,2026-08-17T08:52:17Z
2026-08-17T08:43:25Z,2026-08-17T10:43:25+0200,5f9ba03d-f545-4cd2-8996-d770f48fc74d,2026-08-11T00:30:00Z,2026-08-11T02:30:00+0200,727.5,MW,DK2,DK_2,forecast_offshore_wind_generation,Wind Offshore,2026-08-17T08:52:17Z
2026-08-17T08:43:25Z,2026-08-17T10:43:25+0200,5f9ba03d-f545-4cd2-8996-d770f48fc74d,2026-08-11T00:45:00Z,2026-08-11T02:45:00+0200,726.0,MW,DK2,DK_2,forecast_offshore_wind_generation,Wind Offshore,2026-08-17T08:52:17Z
2026-08-17T08:43:25Z,2026-08-17T10:43:25+0200,5f9ba03d-f545-4cd2-8996-d770f48fc74d,2026-08-11T01:00:00Z,2026-08-11T03:00:00+0200,728.0,MW,DK2,DK_2,forecast_offshore_wind_generation,Wind Offshore,2026-08-17T08:52:17Z
2026-08-17T08:43:25Z,2026-08-17T10:43:25+0200,5f9ba03d-f545-4cd2-8996-d770f48fc74d,2026-08-11T01:15:00Z,2026-08-11T03:15:00+0200,733.833333,MW,DK2,DK_2,forecast_offshore_wind_generation,Wind Offshore,2026-08-17T08:52:17Z
2026-08-17T08:43:25Z,2026-08-17T10:43:25+0200,5f9ba03d-f545-4cd2-8996-d770f48fc74d,2026-08-11T01:30:00Z,2026-08-11T03:30:00+0200,740.0,MW,DK2,DK_2,forecast_offshore_wind_generation,Wind Offshore,2026-08-17T08:52:17Z
2026-08-17T08:43:25Z,2026-08-17T10:43:25+0200,5f9ba03d-f545-4cd2-8996-d770f48fc74d,2026-08-11T01:45:00Z,2026-08-11T03:45:00+0200,745.833333,MW,DK2,DK_2,forecast_offshore_wind_generation,Wind Offshore,2026-08-17T08:52:17Z
2026-08-17T08:43:25Z,2026-08-17T10:43:25+0200,5f9ba03d-f545-4cd2-8996-d770f48fc74d,2026-08-11T02:00:00Z,2026-08-11T04:00:00+0200,749.5,MW,DK2,DK_2,forecast_offshore_wind_generation,Wind Offshore,2026-08-17T08:52:17Z
2026-08-17T08:43:25Z,2026-08-17T10:43:25+0200,5f9ba03d-f545-4cd2-8996-d770f48fc74d,2026-08-11T02:15:00Z,2026-08-11T04:15:00+0200,753.0,MW,DK2,DK_2,forecast_offshore_wind_generation,Wind Offshore,2026-08-17T08:52:17Z
2026-08-17T08:43:25Z,2026-08-17T10:43:25+0200,5f9ba03d-f545-4cd2-8996-d770f48fc74d,2026-08-11T02:30:00Z,2026-08-11T04:30:00+0200,757.0,MW,DK2,DK_2,forecast_offshore_wind_generation,Wind Offshore,2026-08-17T08:52:17Z
2026-08-17T08:43:25Z,2026-08-17T10:43:25+0200,5f9ba03d-f545-4cd2-8996-d770f48fc74d,2026-08-11T02:45:00Z,2026-08-11T04:45:00+0200,760.0,MW,DK2,DK_2,forecast_offshore_wind_generation,Wind Offshore,2026-08-17T08:52:17Z
2026-08-17T08:43:25Z,2026-08-17T10:43:25+0200,5f9ba03d-f545-4cd2-8996-d770f48fc74d,2026-08-11T03:00:00Z,2026-08-11T05:00:00+0200,761.5,MW,DK2,DK_2,forecast_offshore_wind_generation,Wind Offshore,2026-08-17T08:52:17Z
2026-08-17T08:43:25Z,2026-08-17T10:43:25+0200,5f9ba03d-f545-4cd2-8996-d770f48fc74d,2026-08-11T03:15:00Z,2026-08-11T05:15:00+0200,762.0,MW,DK2,DK_2,forecast_offshore_wind_generation,Wind Offshore,2026-08-17T08:52:17Z
2026-08-17T08:43:25Z,2026-08-17T10:43:25+0200,5f9ba03d-f545-4cd2-8996-d770f48fc74d,2026-08-11T03:30:00Z,2026-08-11T05:30:00+0200,761.833333,MW,DK2,DK_2,forecast_offshore_wind_generation,Wind Offshore,2026-08-17T08:52:17Z
2026-08-17T08:43:25Z,2026-08-17T10:43:25+0200,5f9ba03d-f545-4cd2-8996-d770f48fc74d,2026-08-11T03:45:00Z,2026-08-11T05:45:00+0200,760.5,MW,DK2,DK_2,forecast_offshore_wind_generation,Wind Offshore,2026-08-17T08:52:17Z
2026-08-17T08:43:25Z,2026-08-17T10:43:25+0200,5f9ba03d-f545-4cd2-8996-d770f48fc74d,2026-08-11T04:00:00Z,2026-08-11T06:00:00+0200,758.5,MW,DK2,DK_2,forecast_offshore_wind_generation,Wind Offshore,2026-08-17T08:52:17Z
2026-08-17T08:43:25Z,2026-08-17T10:43:25+0200,5f9ba03d-f545-4cd2-8996-d770f48fc74d,2026-08-11T04:15:00Z,2026-08-11T06:15:00+0200,755.5,MW,DK2,DK_2,forecast_offshore_wind_generation,Wind Offshore,2026-08-17T08:52:17Z
2026-08-17T08:43:25Z,2026-08-17T10:43:25+0200,5f9ba03d-f545-4cd2-8996-d770f48fc74d,2026-08-11T04:30:00Z,2026-08-11T06:30:00+0200,752.666666,MW,DK2,DK_2,forecast_offshore_wind_generation,Wind Offshore,2026-08-17T08:52:17Z
2026-08-17T08:43:25Z,2026-08-17T10:43:25+0200,5f9ba03d-f545-4cd2-8996-d770f48fc74d,2026-08-11T04:45:00Z,2026-08-11T06:45:00+0200,750.5,MW,DK2,DK_2,forecast_offshore_wind_generation,Wind Offshore,2026-08-17T08:52:17Z
2026-08-17T08:43:25Z,2026-08-17T10:43:25+0200,5f9ba03d-f545-4cd2-8996-d770f48fc74d,2026-08-11T05:00:00Z,2026-08-11T07:00:00+0200,749.0,MW,DK2,DK_2,forecast_offshore_wind_generation,Wind Offshore,2026-08-17T08:52:17Z
2026-08-17T08:43:25Z,2026-08-17T10:43:25+0200,5f9ba03d-f545-4cd2-8996-d770f48fc74d,2026-08-11T05:15:00Z,2026-08-11T07:15:00+0200,749.5,MW,DK2,DK_2,forecast_offshore_wind_generation,Wind Offshore,2026-08-17T08:52:17Z
2026-08-17T08:43:25Z,2026-08-17T10:43:25+0200,5f9ba03d-f545-4cd2-8996-d770f48fc74d,2026-08-11T05:30:00Z,2026-08-11T07:30:00+0200,750.5,MW,DK2,DK_2,forecast_offshore_wind_generation,Wind Offshore,2026-08-17T08:52:17Z
2026-08-17T08:43:25Z,2026-08-17T10:43:25+0200,5f9ba03d-f545-4cd2-8996-d770f48fc74d,2026-08-11T05:45:00Z,2026-08-11T07:45:00+0200,751.0,MW,DK2,DK_2,forecast_offshore_wind_generation,Wind Offshore,2026-08-17T08:52:17Z
2026-08-17T08:43:25Z,2026-08-17T10:43:25+0200,5f9ba03d-f545-4cd2-8996-d770f48fc74d,2026-08-11T06:00:00Z,2026-08-11T08:00:00+0200,750.833333,MW,DK2,DK_2,forecast_offshore_wind_generation,Wind Offshore,2026-08-17T08:52:17Z
2026-08-17T08:43:25Z,2026-08-17T10:43:25+0200,5f9ba03d-f545-4cd2-8996-d770f48fc74d,2026-08-11T06:15:00Z,2026-08-11T08:15:00+0200,749.333333,MW,DK2,DK_2,forecast_offshore_wind_generation,Wind Offshore,2026-08-17T08:52:17Z
2026-08-17T08:43:25Z,2026-08-17T10:43:25+0200,5f9ba03d-f545-4cd2-8996-d770f48fc74d,2026-08-11T06:30:00Z,2026-08-11T08:30:00+0200,746.333333,MW,DK2,DK_2,forecast_offshore_wind_generation,Wind Offshore,2026-08-17T08:52:17Z
2026-08-17T08:43:25Z,2026-08-17T10:43:25+0200,5f9ba03d-f545-4cd2-8996-d770f48fc74d,2026-08-11T06:45:00Z,2026-08-11T08:45:00+0200,741.666666,MW,DK2,DK_2,forecast_offshore_wind_generation,Wind Offshore,2026-08-17T08:52:17Z
2026-08-17T08:43:25Z,2026-08-17T10:43:25+0200,5f9ba03d-f545-4cd2-8996-d770f48fc74d,2026-08-11T07:00:00Z,2026-08-11T09:00:00+0200,733.833333,MW,DK2,DK_2,forecast_offshore_wind_generation,Wind Offshore,2026-08-17T08:52:17Z
2026-08-17T08:43:25Z,2026-08-17T10:43:25+0200,5f9ba03d-f545-4cd2-8996-d770f48fc74d,2026-08-11T07:15:00Z,2026-08-11T09:15:00+0200,722.833333,MW,DK2,DK_2,forecast_offshore_wind_generation,Wind Offshore,2026-08-17T08:52:17Z
2026-08-17T08:43:25Z,2026-08-17T10:43:25+0200,5f9ba03d-f545-4cd2-8996-d770f48fc74d,2026-08-11T07:30:00Z,2026-08-11T09:30:00+0200,709.333333,MW,DK2,DK_2,forecast_offshore_wind_generation,Wind Offshore,2026-08-17T08:52:17Z
2026-08-17T08:43:25Z,2026-08-17T10:43:25+0200,5f9ba03d-f545-4cd2-8996-d770f48fc74d,2026-08-11T07:45:00Z,2026-08-11T09:45:00+0200,695.333333,MW,DK2,DK_2,forecast_offshore_wind_generation,Wind Offshore,2026-08-17T08:52:17Z
2026-08-17T08:43:25Z,2026-08-17T10:43:25+0200,5f9ba03d-f545-4cd2-8996-d770f48fc74d,2026-08-11T08:00:00Z,2026-08-11T10:00:00+0200,681.0,MW,DK2,DK_2,forecast_offshore_wind_generation,Wind Offshore,2026-08-17T08:52:17Z
2026-08-17T08:43:25Z,2026-08-17T10:43:25+0200,5f9ba03d-f545-4cd2-8996-d770f48fc74d,2026-08-11T08:15:00Z,2026-08-11T10:15:00+0200,667.333333,MW,DK2,DK_2,forecast_offshore_wind_generation,Wind Offshore,2026-08-17T08:52:17Z
2026-08-17T08:43:25Z,2026-08-17T10:43:25+0200,5f9ba03d-f545-4cd2-8996-d770f48fc74d,2026-08-11T08:30:00Z,2026-08-11T10:30:00+0200,653.5,MW,DK2,DK_2,forecast_offshore_wind_generation,Wind Offshore,2026-08-17T08:52:17Z
2026-08-17T08:43:25Z,2026-08-17T10:43:25+0200,5f9ba03d-f545-4cd2-8996-d770f48fc74d,2026-08-11T08:45:00Z,2026-08-11T10:45:00+0200,641.166666,MW,DK2,DK_2,forecast_offshore_wind_generation,Wind Offshore,2026-08-17T08:52:17Z
2026-08-17T08:43:25Z,2026-08-17T10:43:25+0200,5f9ba03d-f545-4cd2-8996-d770f48fc74d,2026-08-11T09:00:00Z,2026-08-11T11:00:00+0200,631.666666,MW,DK2,DK_2,forecast_offshore_wind_generation,Wind Offshore,2026-08-17T08:52:17Z
2026-08-17T08:43:25Z,2026-08-17T10:43:25+0200,5f9ba03d-f545-4cd2-8996-d770f48fc74d,2026-08-11T09:15:00Z,2026-08-11T11:15:00+0200,624.5,MW,DK2,DK_2,forecast_offshore_wind_generation,Wind Offshore,2026-08-17T08:52:17Z
2026-08-17T08:43:25Z,2026-08-17T10:43:25+0200,5f9ba03d-f545-4cd2-8996-d770f48fc74d,2026-08-11T09:30:00Z,2026-08-11T11:30:00+0200,618.0,MW,DK2,DK_2,forecast_offshore_wind_generation,Wind Offshore,2026-08-17T08:52:17Z
2026-08-17T08:43:25Z,2026-08-17T10:43:25+0200,5f9ba03d-f545-4cd2-8996-d770f48fc74d,2026-08-11T09:45:00Z,2026-08-11T11:45:00+0200,612.0,MW,DK2,DK_2,forecast_offshore_wind_generation,Wind Offshore,2026-08-17T08:52:17Z
2026-08-17T08:43:25Z,2026-08-17T10:43:25+0200,5f9ba03d-f545-4cd2-8996-d770f48fc74d,2026-08-11T10:00:00Z,2026-08-11T12:00:00+0200,606.0,MW,DK2,DK_2,forecast_offshore_wind_generation,Wind Offshore,2026-08-17T08:52:17Z
2026-08-17T08:43:25Z,2026-08-17T10:43:25+0200,5f9ba03d-f545-4cd2-8996-d770f48fc74d,2026-08-11T10:15:00Z,2026-08-11T12:15:00+0200,600.833333,MW,DK2,DK_2,forecast_offshore_wind_generation,Wind Offshore,2026-08-17T08:52:17Z
2026-08-17T08:43:25Z,2026-08-17T10:43:25+0200,5f9ba03d-f545-4cd2-8996-d770f48fc74d,2026-08-11T10:30:00Z,2026-08-11T12:30:00+0200,595.0,MW,DK2,DK_2,forecast_offshore_wind_generation,Wind Offshore,2026-08-17T08:52:17Z
2026-08-17T08:43:25Z,2026-08-17T10:43:25+0200,5f9ba03d-f545-4cd2-8996-d770f48fc74d,2026-08-11T10:45:00Z,2026-08-11T12:45:00+0200,588.5,MW,DK2,DK_2,forecast_offshore_wind_generation,Wind Offshore,2026-08-17T08:52:17Z
2026-08-17T08:43:25Z,2026-08-17T10:43:25+0200,5f9ba03d-f545-4cd2-8996-d770f48fc74d,2026-08-11T11:00:00Z,2026-08-11T13:00:00+0200,580.5,MW,DK2,DK_2,forecast_offshore_wind_generation,Wind Offshore,2026-08-17T08:52:17Z
2026-08-17T08:43:25Z,2026-08-17T10:43:25+0200,5f9ba03d-f545-4cd2-8996-d770f48fc74d,2026-08-11T11:15:00Z,2026-08-11T13:15:00+0200,570.833333,MW,DK2,DK_2,forecast_offshore_wind_generation,Wind Offshore,2026-08-17T08:52:17Z
2026-08-17T08:43:25Z,2026-08-17T10:43:25+0200,5f9ba03d-f545-4cd2-8996-d770f48fc74d,2026-08-11T11:30:00Z,2026-08-11T13:30:00+0200,557.5,MW,DK2,DK_2,forecast_offshore_wind_generation,Wind Offshore,2026-08-17T08:52:17Z
2026-08-17T08:43:25Z,2026-08-17T10:43:25+0200,5f9ba03d-f545-4cd2-8996-d770f48fc74d,2026-08-11T11:45:00Z,2026-08-11T13:45:00+0200,543.166666,MW,DK2,DK_2,forecast_offshore_wind_generation,Wind Offshore,2026-08-17T08:52:17Z
2026-08-17T08:43:25Z,2026-08-17T10:43:25+0200,5f9ba03d-f545-4cd2-8996-d770f48fc74d,2026-08-11T12:00:00Z,2026-08-11T14:00:00+0200,531.166666,MW,DK2,DK_2,forecast_offshore_wind_generation,Wind Offshore,2026-08-17T08:52:17Z
2026-08-17T08:43:25Z,2026-08-17T10:43:25+0200,5f9ba03d-f545-4cd2-8996-d770f48fc74d,2026-08-11T12:15:00Z,2026-08-11T14:15:00+0200,521.5,MW,DK2,DK_2,forecast_offshore_wind_generation,Wind Offshore,2026-08-17T08:52:17Z
2026-08-17T08:43:25Z,2026-08-17T10:43:25+0200,5f9ba03d-f545-4cd2-8996-d770f48fc74d,2026-08-11T12:30:00Z,2026-08-11T14:30:00+0200,512.5,MW,DK2,DK_2,forecast_offshore_wind_generation,Wind Offshore,2026-08-17T08:52:17Z
2026-08-17T08:43:25Z,2026-08-17T10:43:25+0200,5f9ba03d-f545-4cd2-8996-d770f48fc74d,2026-08-11T12:45:00Z,2026-08-11T14:45:00+0200,502.666666,MW,DK2,DK_2,forecast_offshore_wind_generation,Wind Offshore,2026-08-17T08:52:17Z
2026-08-17T08:43:25Z,2026-08-17T10:43:25+0200,5f9ba03d-f545-4cd2-8996-d770f48fc74d,2026-08-11T13:00:00Z,2026-08-11T15:00:00+0200,492.5,MW,DK2,DK_2,forecast_offshore_wind_generation,Wind Offshore,2026-08-17T08:52:17Z
2026-08-17T08:43:25Z,2026-08-17T10:43:25+0200,5f9ba03d-f545-4cd2-8996-d770f48fc74d,2026-08-11T13:15:00Z,2026-08-11T15:15:00+0200,481.0,MW,DK2,DK_2,forecast_offshore_wind_generation,Wind Offshore,2026-08-17T08:52:17Z
2026-08-17T08:43:25Z,2026-08-17T10:43:25+0200,5f9ba03d-f545-4cd2-8996-d770f48fc74d,2026-08-11T13:30:00Z,2026-08-11T15:30:00+0200,469.0,MW,DK2,DK_2,forecast_offshore_wind_generation,Wind Offshore,2026-08-17T08:52:17Z
2026-08-17T08:43:25Z,2026-08-17T10:43:25+0200,5f9ba03d-f545-4cd2-8996-d770f48fc74d,2026-08-11T13:45:00Z,2026-08-11T15:45:00+0200,457.0,MW,DK2,DK_2,forecast_offshore_wind_generation,Wind Offshore,2026-08-17T08:52:17Z
2026-08-17T08:43:25Z,2026-08-17T10:43:25+0200,5f9ba03d-f545-4cd2-8996-d770f48fc74d,2026-08-11T14:00:00Z,2026-08-11T16:00:00+0200,445.666666,MW,DK2,DK_2,forecast_offshore_wind_generation,Wind Offshore,2026-08-17T08:52:17Z
2026-08-17T08:43:25Z,2026-08-17T10:43:25+0200,5f9ba03d-f545-4cd2-8996-d770f48fc74d,2026-08-11T14:15:00Z,2026-08-11T16:15:00+0200,432.0,MW,DK2,DK_2,forecast_offshore_wind_generation,Wind Offshore,2026-08-17T08:52:17Z
2026-08-17T08:43:25Z,2026-08-17T10:43:25+0200,5f9ba03d-f545-4cd2-8996-d770f48fc74d,2026-08-11T14:30:00Z,2026-08-11T16:30:00+0200,417.5,MW,DK2,DK_2,forecast_offshore_wind_generation,Wind Offshore,2026-08-17T08:52:17Z
2026-08-17T08:43:25Z,2026-08-17T10:43:25+0200,5f9ba03d-f545-4cd2-8996-d770f48fc74d,2026-08-11T14:45:00Z,2026-08-11T16:45:00+0200,402.166666,MW,DK2,DK_2,forecast_offshore_wind_generation,Wind Offshore,2026-08-17T08:52:17Z
2026-08-17T08:43:25Z,2026-08-17T10:43:25+0200,5f9ba03d-f545-4cd2-8996-d770f48fc74d,2026-08-11T15:00:00Z,2026-08-11T17:00:00+0200,389.0,MW,DK2,DK_2,forecast_offshore_wind_generation,Wind Offshore,2026-08-17T08:52:17Z
2026-08-17T08:43:25Z,2026-08-17T10:43:25+0200,5f9ba03d-f545-4cd2-8996-d770f48fc74d,2026-08-11T15:15:00Z,2026-08-11T17:15:00+0200,377.0,MW,DK2,DK_2,forecast_offshore_wind_generation,Wind Offshore,2026-08-17T08:52:17Z
2026-08-17T08:43:25Z,2026-08-17T10:43:25+0200,5f9ba03d-f545-4cd2-8996-d770f48fc74d,2026-08-11T15:30:00Z,2026-08-11T17:30:00+0200,365.833333,MW,DK2,DK_2,forecast_offshore_wind_generation,Wind Offshore,2026-08-17T08:52:17Z
2026-08-17T08:43:25Z,2026-08-17T10:43:25+0200,5f9ba03d-f545-4cd2-8996-d770f48fc74d,2026-08-11T15:45:00Z,2026-08-11T17:45:00+0200,355.5,MW,DK2,DK_2,forecast_offshore_wind_generation,Wind Offshore,2026-08-17T08:52:17Z
2026-08-17T08:43:25Z,2026-08-17T10:43:25+0200,5f9ba03d-f545-4cd2-8996-d770f48fc74d,2026-08-11T16:00:00Z,2026-08-11T18:00:00+0200,347.333333,MW,DK2,DK_2,forecast_offshore_wind_generation,Wind Offshore,2026-08-17T08:52:17Z
2026-08-17T08:43:25Z,2026-08-17T10:43:25+0200,5f9ba03d-f545-4cd2-8996-d770f48fc74d,2026-08-11T16:15:00Z,2026-08-11T18:15:00+0200,339.333333,MW,DK2,DK_2,forecast_offshore_wind_generation,Wind Offshore,2026-08-17T08:52:17Z
2026-08-17T08:43:25Z,2026-08-17T10:43:25+0200,5f9ba03d-f545-4cd2-8996-d770f48fc74d,2026-08-11T16:30:00Z,2026-08-11T18:30:00+0200,331.0,MW,DK2,DK_2,forecast_offshore_wind_generation,Wind Offshore,2026-08-17T08:52:17Z
2026-08-17T08:43:25Z,2026-08-17T10:43:25+0200,5f9ba03d-f545-4cd2-8996-d770f48fc74d,2026-08-11T16:45:00Z,2026-08-11T18:45:00+0200,323.166666,MW,DK2,DK_2,forecast_offshore_wind_generation,Wind Offshore,2026-08-17T08:52:17Z
2026-08-17T08:43:25Z,2026-08-17T10:43:25+0200,5f9ba03d-f545-4cd2-8996-d770f48fc74d,2026-08-11T17:00:00Z,2026-08-11T19:00:00+0200,317.666666,MW,DK2,DK_2,forecast_offshore_wind_generation,Wind Offshore,2026-08-17T08:52:17Z
2026-08-17T08:43:25Z,2026-08-17T10:43:25+0200,5f9ba03d-f545-4cd2-8996-d770f48fc74d,2026-08-11T17:15:00Z,2026-08-11T19:15:00+0200,313.666666,MW,DK2,DK_2,forecast_offshore_wind_generation,Wind Offshore,2026-08-17T08:52:17Z
2026-08-17T08:43:25Z,2026-08-17T10:43:25+0200,5f9ba03d-f545-4cd2-8996-d770f48fc74d,2026-08-11T17:30:00Z,2026-08-11T19:30:00+0200,310.5,MW,DK2,DK_2,forecast_offshore_wind_generation,Wind Offshore,2026-08-17T08:52:17Z
2026-08-17T08:43:25Z,2026-08-17T10:43:25+0200,5f9ba03d-f545-4cd2-8996-d770f48fc74d,2026-08-11T17:45:00Z,2026-08-11T19:45:00+0200,307.0,MW,DK2,DK_2,forecast_offshore_wind_generation,Wind Offshore,2026-08-17T08:52:17Z
2026-08-17T08:43:25Z,2026-08-17T10:43:25+0200,5f9ba03d-f545-4cd2-8996-d770f48fc74d,2026-08-11T18:00:00Z,2026-08-11T20:00:00+0200,301.833333,MW,DK2,DK_2,forecast_offshore_wind_generation,Wind Offshore,2026-08-17T08:52:17Z
2026-08-17T08:43:25Z,2026-08-17T10:43:25+0200,5f9ba03d-f545-4cd2-8996-d770f48fc74d,2026-08-11T18:15:00Z,2026-08-11T20:15:00+0200,294.333333,MW,DK2,DK_2,forecast_offshore_wind_generation,Wind Offshore,2026-08-17T08:52:17Z
2026-08-17T08:43:25Z,2026-08-17T10:43:25+0200,5f9ba03d-f545-4cd2-8996-d770f48fc74d,2026-08-11T18:30:00Z,2026-08-11T20:30:00+0200,286.0,MW,DK2,DK_2,forecast_offshore_wind_generation,Wind Offshore,2026-08-17T08:52:17Z
2026-08-17T08:43:25Z,2026-08-17T10:43:25+0200,5f9ba03d-f545-4cd2-8996-d770f48fc74d,2026-08-11T18:45:00Z,2026-08-11T20:45:00+0200,278.166666,MW,DK2,DK_2,forecast_offshore_wind_generation,Wind Offshore,2026-08-17T08:52:17Z
2026-08-17T08:43:25Z,2026-08-17T10:43:25+0200,5f9ba03d-f545-4cd2-8996-d770f48fc74d,2026-08-11T19:00:00Z,2026-08-11T21:00:00+0200,273.333333,MW,DK2,DK_2,forecast_offshore_wind_generation,Wind Offshore,2026-08-17T08:52:17Z
2026-08-17T08:43:25Z,2026-08-17T10:43:25+0200,5f9ba03d-f545-4cd2-8996-d770f48fc74d,2026-08-11T19:15:00Z,2026-08-11T21:15:00+0200,276.0,MW,DK2,DK_2,forecast_offshore_wind_generation,Wind Offshore,2026-08-17T08:52:17Z
2026-08-17T08:43:25Z,2026-08-17T10:43:25+0200,5f9ba03d-f545-4cd2-8996-d770f48fc74d,2026-08-11T19:30:00Z,2026-08-11T21:30:00+0200,281.166666,MW,DK2,DK_2,forecast_offshore_wind_generation,Wind Offshore,2026-08-17T08:52:17Z
2026-08-17T08:43:25Z,2026-08-17T10:43:25+0200,5f9ba03d-f545-4cd2-8996-d770f48fc74d,2026-08-11T19:45:00Z,2026-08-11T21:45:00+0200,284.5,MW,DK2,DK_2,forecast_offshore_wind_generation,Wind Offshore,2026-08-17T08:52:17Z
2026-08-17T08:43:25Z,2026-08-17T10:43:25+0200,5f9ba03d-f545-4cd2-8996-d770f48fc74d,2026-08-11T20:00:00Z,2026-08-11T22:00:00+0200,284.333333,MW,DK2,DK_2,forecast_offshore_wind_generation,Wind Offshore,2026-08-17T08:52:17Z
2026-08-17T08:43:25Z,2026-08-17T10:43:25+0200,5f9ba03d-f545-4cd2-8996-d770f48fc74d,2026-08-11T20:15:00Z,2026-08-11T22:15:00+0200,289.0,MW,DK2,DK_2,forecast_offshore_wind_generation,Wind Offshore,2026-08-17T08:52:17Z
2026-08-17T08:43:25Z,2026-08-17T10:43:25+0200,5f9ba03d-f545-4cd2-8996-d770f48fc74d,2026-08-11T20:30:00Z,2026-08-11T22:30:00+0200,298.166666,MW,DK2,DK_2,forecast_offshore_wind_generation,Wind Offshore,2026-08-17T08:52:17Z
2026-08-17T08:43:25Z,2026-08-17T10:43:25+0200,5f9ba03d-f545-4cd2-8996-d770f48fc74d,2026-08-11T20:45:00Z,2026-08-11T22:45:00+0200,306.666666,MW,DK2,DK_2,forecast_offshore_wind_generation,Wind Offshore,2026-08-17T08:52:17Z
2026-08-17T08:43:25Z,2026-08-17T10:43:25+0200,5f9ba03d-f545-4cd2-8996-d770f48fc74d,2026-08-11T21:00:00Z,2026-08-11T23:00:00+0200,307.5,MW,DK2,DK_2,forecast_offshore_wind_generation,Wind Offshore,2026-08-17T08:52:17Z
2026-08-17T08:43:25Z,2026-08-17T10:43:25+0200,5f9ba03d-f545-4cd2-8996-d770f48fc74d,2026-08-11T21:15:00Z,2026-08-11T23:15:00+0200,305.5,MW,DK2,DK_2,forecast_offshore_wind_generation,Wind Offshore,2026-08-17T08:52:17Z
2026-08-17T08:43:25Z,2026-08-17T10:43:25+0200,5f9ba03d-f545-4cd2-8996-d770f48fc74d,2026-08-11T21:30:00Z,2026-08-11T23:30:00+0200,302.5,MW,DK2,DK_2,forecast_offshore_wind_generation,Wind Offshore,2026-08-17T08:52:17Z
2026-08-17T08:43:25Z,2026-08-17T10:43:25+0200,5f9ba03d-f545-4cd2-8996-d770f48fc74d,2026-08-11T21:45:00Z,2026-08-11T23:45:00+0200,299.666666,MW,DK2,DK_2,forecast_offshore_wind_generation,Wind Offshore,2026-08-17T08:52:17Z
2026-08-17T08:43:25Z,2026-08-17T10:43:25+0200,5f9ba03d-f545-4cd2-8996-d770f48fc74d,2026-08-11T22:00:00Z,2026-08-12T00:00:00+0200,283.0,MW,DK2,DK_2,forecast_offshore_wind_generation,Wind Offshore,2026-08-17T08:52:17Z
2026-08-17T08:43:25Z,2026-08-17T10:43:25+0200,5f9ba03d-f545-4cd2-8996-d770f48fc74d,2026-08-11T22:15:00Z,2026-08-12T00:15:00+0200,276.833333,MW,DK2,DK_2,forecast_offshore_wind_generation,Wind Offshore,2026-08-17T08:52:17Z
2026-08-17T08:43:25Z,2026-08-17T10:43:25+0200,5f9ba03d-f545-4cd2-8996-d770f48fc74d,2026-08-11T22:30:00Z,2026-08-12T00:30:00+0200,269.0,MW,DK2,DK_2,forecast_offshore_wind_generation,Wind Offshore,2026-08-17T08:52:17Z
2026-08-17T08:43:25Z,2026-08-17T10:43:25+0200,5f9ba03d-f545-4cd2-8996-d770f48fc74d,2026-08-11T22:45:00Z,2026-08-12T00:45:00+0200,261.5,MW,DK2,DK_2,forecast_offshore_wind_generation,Wind Offshore,2026-08-17T08:52:17Z
2026-08-17T08:43:25Z,2026-08-17T10:43:25+0200,5f9ba03d-f545-4cd2-8996-d770f48fc74d,2026-08-11T23:00:00Z,2026-08-12T01:00:00+0200,253.0,MW,DK2,DK_2,forecast_offshore_wind_generation,Wind Offshore,2026-08-17T08:52:17Z
2026-08-17T08:43:25Z,2026-08-17T10:43:25+0200,5f9ba03d-f545-4cd2-8996-d770f48fc74d,2026-08-11T23:15:00Z,2026-08-12T01:15:00+0200,242.166666,MW,DK2,DK_2,forecast_offshore_wind_generation,Wind Offshore,2026-08-17T08:52:17Z
2026-08-17T08:43:25Z,2026-08-17T10:43:25+0200,5f9ba03d-f545-4cd2-8996-d770f48fc74d,2026-08-11T23:30:00Z,2026-08-12T01:30:00+0200,232.5,MW,DK2,DK_2,forecast_offshore_wind_generation,Wind Offshore,2026-08-17T08:52:17Z
2026-08-17T08:43:25Z,2026-08-17T10:43:25+0200,5f9ba03d-f545-4cd2-8996-d770f48fc74d,2026-08-11T23:45:00Z,2026-08-12T01:45:00+0200,224.333333,MW,DK2,DK_2,forecast_offshore_wind_generation,Wind Offshore,2026-08-17T08:52:17Z
2026-08-17T08:43:25Z,2026-08-17T10:43:25+0200,5f9ba03d-f545-4cd2-8996-d770f48fc74d,2026-08-12T00:00:00Z,2026-08-12T02:00:00+0200,219.5,MW,DK2,DK_2,forecast_offshore_wind_generation,Wind Offshore,2026-08-17T08:52:17Z
2026-08-17T08:43:25Z,2026-08-17T10:43:25+0200,5f9ba03d-f545-4cd2-8996-d770f48fc74d,2026-08-12T00:15:00Z,2026-08-12T02:15:00+0200,214.0,MW,DK2,DK_2,forecast_offshore_wind_generation,Wind Offshore,2026-08-17T08:52:17Z
2026-08-17T08:43:25Z,2026-08-17T10:43:25+0200,5f9ba03d-f545-4cd2-8996-d770f48fc74d,2026-08-12T00:30:00Z,2026-08-12T02:30:00+0200,208.833333,MW,DK2,DK_2,forecast_offshore_wind_generation,Wind Offshore,2026-08-17T08:52:17Z
2026-08-17T08:43:25Z,2026-08-17T10:43:25+0200,5f9ba03d-f545-4cd2-8996-d770f48fc74d,2026-08-12T00:45:00Z,2026-08-12T02:45:00+0200,203.5,MW,DK2,DK_2,forecast_offshore_wind_generation,Wind Offshore,2026-08-17T08:52:17Z
2026-08-17T08:43:25Z,2026-08-17T10:43:25+0200,5f9ba03d-f545-4cd2-8996-d770f48fc74d,2026-08-12T01:00:00Z,2026-08-12T03:00:00+0200,199.0,MW,DK2,DK_2,forecast_offshore_wind_generation,Wind Offshore,2026-08-17T08:52:17Z
2026-08-17T08:43:25Z,2026-08-17T10:43:25+0200,5f9ba03d-f545-4cd2-8996-d770f48fc74d,2026-08-12T01:15:00Z,2026-08-12T03:15:00+0200,194.166666,MW,DK2,DK_2,forecast_offshore_wind_generation,Wind Offshore,2026-08-17T08:52:17Z
2026-08-17T08:43:25Z,2026-08-17T10:43:25+0200,5f9ba03d-f545-4cd2-8996-d770f48fc74d,2026-08-12T01:30:00Z,2026-08-12T03:30:00+0200,189.5,MW,DK2,DK_2,forecast_offshore_wind_generation,Wind Offshore,2026-08-17T08:52:17Z
2026-08-17T08:43:25Z,2026-08-17T10:43:25+0200,5f9ba03d-f545-4cd2-8996-d770f48fc74d,2026-08-12T01:45:00Z,2026-08-12T03:45:00+0200,185.0,MW,DK2,DK_2,forecast_offshore_wind_generation,Wind Offshore,2026-08-17T08:52:17Z
2026-08-17T08:43:25Z,2026-08-17T10:43:25+0200,5f9ba03d-f545-4cd2-8996-d770f48fc74d,2026-08-12T02:00:00Z,2026-08-12T04:00:00+0200,180.666666,MW,DK2,DK_2,forecast_offshore_wind_generation,Wind Offshore,2026-08-17T08:52:17Z
2026-08-17T08:43:25Z,2026-08-17T10:43:25+0200,5f9ba03d-f545-4cd2-8996-d770f48fc74d,2026-08-12T02:15:00Z,2026-08-12T04:15:00+0200,177.5,MW,DK2,DK_2,forecast_offshore_wind_generation,Wind Offshore,2026-08-17T08:52:17Z
2026-08-17T08:43:25Z,2026-08-17T10:43:25+0200,5f9ba03d-f545-4cd2-8996-d770f48fc74d,2026-08-12T02:30:00Z,2026-08-12T04:30:00+0200,174.5,MW,DK2,DK_2,forecast_offshore_wind_generation,Wind Offshore,2026-08-17T08:52:17Z
2026-08-17T08:43:25Z,2026-08-17T10:43:25+0200,5f9ba03d-f545-4cd2-8996-d770f48fc74d,2026-08-12T02:45:00Z,2026-08-12T04:45:00+0200,169.333333,MW,DK2,DK_2,forecast_offshore_wind_generation,Wind Offshore,2026-08-17T08:52:17Z
2026-08-17T08:43:25Z,2026-08-17T10:43:25+0200,5f9ba03d-f545-4cd2-8996-d770f48fc74d,2026-08-12T03:00:00Z,2026-08-12T05:00:00+0200,163.833333,MW,DK2,DK_2,forecast_offshore_wind_generation,Wind Offshore,2026-08-17T08:52:17Z
2026-08-17T08:43:25Z,2026-08-17T10:43:25+0200,5f9ba03d-f545-4cd2-8996-d770f48fc74d,2026-08-12T03:15:00Z,2026-08-12T05:15:00+0200,156.5,MW,DK2,DK_2,forecast_offshore_wind_generation,Wind Offshore,2026-08-17T08:52:17Z
2026-08-17T08:43:25Z,2026-08-17T10:43:25+0200,5f9ba03d-f545-4cd2-8996-d770f48fc74d,2026-08-12T03:30:00Z,2026-08-12T05:30:00+0200,148.666666,MW,DK2,DK_2,forecast_offshore_wind_generation,Wind Offshore,2026-08-17T08:52:17Z
2026-08-17T08:43:25Z,2026-08-17T10:43:25+0200,5f9ba03d-f545-4cd2-8996-d770f48fc74d,2026-08-12T03:45:00Z,2026-08-12T05:45:00+0200,140.5,MW,DK2,DK_2,forecast_offshore_wind_generation,Wind Offshore,2026-08-17T08:52:17Z
2026-08-17T08:43:25Z,2026-08-17T10:43:25+0200,5f9ba03d-f545-4cd2-8996-d770f48fc74d,2026-08-12T04:00:00Z,2026-08-12T06:00:00+0200,131.5,MW,DK2,DK_2,forecast_offshore_wind_generation,Wind Offshore,2026-08-17T08:52:17Z
2026-08-17T08:43:25Z,2026-08-17T10:43:25+0200,5f9ba03d-f545-4cd2-8996-d770f48fc74d,2026-08-12T04:15:00Z,2026-08-12T06:15:00+0200,123.333333,MW,DK2,DK_2,forecast_offshore_wind_generation,Wind Offshore,2026-08-17T08:52:17Z
2026-08-17T08:43:25Z,2026-08-17T10:43:25+0200,5f9ba03d-f545-4cd2-8996-d770f48fc74d,2026-08-12T04:30:00Z,2026-08-12T06:30:00+0200,115.5,MW,DK2,DK_2,forecast_offshore_wind_generation,Wind Offshore,2026-08-17T08:52:17Z
2026-08-17T08:43:25Z,2026-08-17T10:43:25+0200,5f9ba03d-f545-4cd2-8996-d770f48fc74d,2026-08-12T04:45:00Z,2026-08-12T06:45:00+0200,108.333333,MW,DK2,DK_2,forecast_offshore_wind_generation,Wind Offshore,2026-08-17T08:52:17Z
2026-08-17T08:43:25Z,2026-08-17T10:43:25+0200,5f9ba03d-f545-4cd2-8996-d770f48fc74d,2026-08-12T05:00:00Z,2026-08-12T07:00:00+0200,103.0,MW,DK2,DK_2,forecast_offshore_wind_generation,Wind Offshore,2026-08-17T08:52:17Z
2026-08-17T08:43:25Z,2026-08-17T10:43:25+0200,5f9ba03d-f545-4cd2-8996-d770f48fc74d,2026-08-12T05:15:00Z,2026-08-12T07:15:00+0200,98.0,MW,DK2,DK_2,forecast_offshore_wind_generation,Wind Offshore,2026-08-17T08:52:17Z
2026-08-17T08:43:25Z,2026-08-17T10:43:25+0200,5f9ba03d-f545-4cd2-8996-d770f48fc74d,2026-08-12T05:30:00Z,2026-08-12T07:30:00+0200,93.5,MW,DK2,DK_2,forecast_offshore_wind_generation,Wind Offshore,2026-08-17T08:52:17Z
2026-08-17T08:43:25Z,2026-08-17T10:43:25+0200,5f9ba03d-f545-4cd2-8996-d770f48fc74d,2026-08-12T05:45:00Z,2026-08-12T07:45:00+0200,88.5,MW,DK2,DK_2,forecast_offshore_wind_generation,Wind Offshore,2026-08-17T08:52:17Z
2026-08-17T08:43:25Z,2026-08-17T10:43:25+0200,5f9ba03d-f545-4cd2-8996-d770f48fc74d,2026-08-12T06:00:00Z,2026-08-12T08:00:00+0200,83.0,MW,DK2,DK_2,forecast_offshore_wind_generation,Wind Offshore,2026-08-17T08:52:17Z
2026-08-17T08:43:25Z,2026-08-17T10:43:25+0200,5f9ba03d-f545-4cd2-8996-d770f48fc74d,2026-08-12T06:15:00Z,2026-08-12T08:15:00+0200,77.0,MW,DK2,DK_2,forecast_offshore_wind_generation,Wind Offshore,2026-08-17T08:52:17Z
2026-08-17T08:43:25Z,2026-08-17T10:43:25+0200,5f9ba03d-f545-4cd2-8996-d770f48fc74d,2026-08-12T06:30:00Z,2026-08-12T08:30:00+0200,71.0,MW,DK2,DK_2,forecast_offshore_wind_generation,Wind Offshore,2026-08-17T08:52:17Z
2026-08-17T08:43:25Z,2026-08-17T10:43:25+0200,5f9ba03d-f545-4cd2-8996-d770f48fc74d,2026-08-12T06:45:00Z,2026-08-12T08:45:00+0200,65.5,MW,DK2,DK_2,forecast_offshore_wind_generation,Wind Offshore,2026-08-17T08:52:17Z
2026-08-17T08:43:25Z,2026-08-17T10:43:25+0200,5f9ba03d-f545-4cd2-8996-d770f48fc74d,2026-08-12T07:00:00Z,2026-08-12T09:00:00+0200,61.666666,MW,DK2,DK_2,forecast_offshore_wind_generation,Wind Offshore,2026-08-17T08:52:17Z
2026-08-17T08:43:25Z,2026-08-17T10:43:25+0200,5f9ba03d-f545-4cd2-8996-d770f48fc74d,2026-08-12T07:15:00Z,2026-08-12T09:15:00+0200,60.0,MW,DK2,DK_2,forecast_offshore_wind_generation,Wind Offshore,2026-08-17T08:52:17Z
2026-08-17T08:43:25Z,2026-08-17T10:43:25+0200,5f9ba03d-f545-4cd2-8996-d770f48fc74d,2026-08-12T07:30:00Z,2026-08-12T09:30:00+0200,58.833333,MW,DK2,DK_2,forecast_offshore_wind_generation,Wind Offshore,2026-08-17T08:52:17Z
2026-08-17T08:43:25Z,2026-08-17T10:43:25+0200,5f9ba03d-f545-4cd2-8996-d770f48fc74d,2026-08-12T07:45:00Z,2026-08-12T09:45:00+0200,57.5,MW,DK2,DK_2,forecast_offshore_wind_generation,Wind Offshore,2026-08-17T08:52:17Z
2026-08-17T08:43:25Z,2026-08-17T10:43:25+0200,5f9ba03d-f545-4cd2-8996-d770f48fc74d,2026-08-12T08:00:00Z,2026-08-12T10:00:00+0200,55.5,MW,DK2,DK_2,forecast_offshore_wind_generation,Wind Offshore,2026-08-17T08:52:17Z
2026-08-17T08:43:25Z,2026-08-17T10:43:25+0200,5f9ba03d-f545-4cd2-8996-d770f48fc74d,2026-08-12T08:15:00Z,2026-08-12T10:15:00+0200,53.0,MW,DK2,DK_2,forecast_offshore_wind_generation,Wind Offshore,2026-08-17T08:52:17Z
2026-08-17T08:43:25Z,2026-08-17T10:43:25+0200,5f9ba03d-f545-4cd2-8996-d770f48fc74d,2026-08-12T08:30:00Z,2026-08-12T10:30:00+0200,50.5,MW,DK2,DK_2,forecast_offshore_wind_generation,Wind Offshore,2026-08-17T08:52:17Z
2026-08-17T08:43:25Z,2026-08-17T10:43:25+0200,5f9ba03d-f545-4cd2-8996-d770f48fc74d,2026-08-12T08:45:00Z,2026-08-12T10:45:00+0200,46.666666,MW,DK2,DK_2,forecast_offshore_wind_generation,Wind Offshore,2026-08-17T08:52:17Z
2026-08-17T08:43:25Z,2026-08-17T10:43:25+0200,5f9ba03d-f545-4cd2-8996-d770f48fc74d,2026-08-12T09:00:00Z,2026-08-12T11:00:00+0200,43.333333,MW,DK2,DK_2,forecast_offshore_wind_generation,Wind Offshore,2026-08-17T08:52:17Z
2026-08-17T08:43:25Z,2026-08-17T10:43:25+0200,5f9ba03d-f545-4cd2-8996-d770f48fc74d,2026-08-12T09:15:00Z,2026-08-12T11:15:00+0200,38.0,MW,DK2,DK_2,forecast_offshore_wind_generation,Wind Offshore,2026-08-17T08:52:17Z
2026-08-17T08:43:25Z,2026-08-17T10:43:25+0200,5f9ba03d-f545-4cd2-8996-d770f48fc74d,2026-08-12T09:30:00Z,2026-08-12T11:30:00+0200,32.833333,MW,DK2,DK_2,forecast_offshore_wind_generation,Wind Offshore,2026-08-17T08:52:17Z
2026-08-17T08:43:25Z,2026-08-17T10:43:25+0200,5f9ba03d-f545-4cd2-8996-d770f48fc74d,2026-08-12T09:45:00Z,2026-08-12T11:45:00+0200,27.666666,MW,DK2,DK_2,forecast_offshore_wind_generation,Wind Offshore,2026-08-17T08:52:17Z
2026-08-17T08:43:25Z,2026-08-17T10:43:25+0200,5f9ba03d-f545-4cd2-8996-d770f48fc74d,2026-08-12T10:00:00Z,2026-08-12T12:00:00+0200,24.5,MW,DK2,DK_2,forecast_offshore_wind_generation,Wind Offshore,2026-08-17T08:52:17Z
2026-08-17T08:43:25Z,2026-08-17T10:43:25+0200,5f9ba03d-f545-4cd2-8996-d770f48fc74d,2026-08-12T10:15:00Z,2026-08-12T12:15:00+0200,21.666666,MW,DK2,DK_2,forecast_offshore_wind_generation,Wind Offshore,2026-08-17T08:52:17Z
2026-08-17T08:43:25Z,2026-08-17T10:43:25+0200,5f9ba03d-f545-4cd2-8996-d770f48fc74d,2026-08-12T10:30:00Z,2026-08-12T12:30:00+0200,19.666666,MW,DK2,DK_2,forecast_offshore_wind_generation,Wind Offshore,2026-08-17T08:52:17Z
2026-08-17T08:43:25Z,2026-08-17T10:43:25+0200,5f9ba03d-f545-4cd2-8996-d770f48fc74d,2026-08-12T10:45:00Z,2026-08-12T12:45:00+0200,17.666666,MW,DK2,DK_2,forecast_offshore_wind_generation,Wind Offshore,2026-08-17T08:52:17Z
2026-08-17T08:43:25Z,2026-08-17T10:43:25+0200,5f9ba03d-f545-4cd2-8996-d770f48fc74d,2026-08-12T11:00:00Z,2026-08-12T13:00:00+0200,15.666666,MW,DK2,DK_2,forecast_offshore_wind_generation,Wind Offshore,2026-08-17T08:52:17Z
2026-08-17T08:43:25Z,2026-08-17T10:43:25+0200,5f9ba03d-f545-4cd2-8996-d770f48fc74d,2026-08-12T11:15:00Z,2026-08-12T13:15:00+0200,14.0,MW,DK2,DK_2,forecast_offshore_wind_generation,Wind Offshore,2026-08-17T08:52:17Z
2026-08-17T08:43:25Z,2026-08-17T10:43:25+0200,5f9ba03d-f545-4cd2-8996-d770f48fc74d,2026-08-12T11:30:00Z,2026-08-12T13:30:00+0200,13.0,MW,DK2,DK_2,forecast_offshore_wind_generation,Wind Offshore,2026-08-17T08:52:17Z
2026-08-17T08:43:25Z,2026-08-17T10:43:25+0200,5f9ba03d-f545-4cd2-8996-d770f48fc74d,2026-08-12T11:45:00Z,2026-08-12T13:45:00+0200,12.166666,MW,DK2,DK_2,forecast_offshore_wind_generation,Wind Offshore,2026-08-17T08:52:17Z
2026-08-17T08:43:25Z,2026-08-17T10:43:25+0200,5f9ba03d-f545-4cd2-8996-d770f48fc74d,2026-08-12T12:00:00Z,2026-08-12T14:00:00+0200,12.833333,MW,DK2,DK_2,forecast_offshore_wind_generation,Wind Offshore,2026-08-17T08:52:17Z
2026-08-17T08:43:25Z,2026-08-17T10:43:25+0200,5f9ba03d-f545-4cd2-8996-d770f48fc74d,2026-08-12T12:15:00Z,2026-08-12T14:15:00+0200,13.0,MW,DK2,DK_2,forecast_offshore_wind_generation,Wind Offshore,2026-08-17T08:52:17Z
2026-08-17T08:43:25Z,2026-08-17T10:43:25+0200,5f9ba03d-f545-4cd2-8996-d770f48fc74d,2026-08-12T12:30:00Z,2026-08-12T14:30:00+0200,13.833333,MW,DK2,DK_2,forecast_offshore_wind_generation,Wind Offshore,2026-08-17T08:52:17Z
2026-08-17T08:43:25Z,2026-08-17T10:43:25+0200,5f9ba03d-f545-4cd2-8996-d770f48fc74d,2026-08-12T12:45:00Z,2026-08-12T14:45:00+0200,14.0,MW,DK2,DK_2,forecast_offshore_wind_generation,Wind Offshore,2026-08-17T08:52:17Z
2026-08-17T08:43:25Z,2026-08-17T10:43:25+0200,5f9ba03d-f545-4cd2-8996-d770f48fc74d,2026-08-12T13:00:00Z,2026-08-12T15:00:00+0200,14.833333,MW,DK2,DK_2,forecast_offshore_wind_generation,Wind Offshore,2026-08-17T08:52:17Z
2026-08-17T08:43:25Z,2026-08-17T10:43:25+0200,5f9ba03d-f545-4cd2-8996-d770f48fc74d,2026-08-12T13:15:00Z,2026-08-12T15:15:00+0200,16.0,MW,DK2,DK_2,forecast_offshore_wind_generation,Wind Offshore,2026-08-17T08:52:17Z
2026-08-17T08:43:25Z,2026-08-17T10:43:25+0200,5f9ba03d-f545-4cd2-8996-d770f48fc74d,2026-08-12T13:30:00Z,2026-08-12T15:30:00+0200,18.5,MW,DK2,DK_2,forecast_offshore_wind_generation,Wind Offshore,2026-08-17T08:52:17Z
2026-08-17T08:43:25Z,2026-08-17T10:43:25+0200,5f9ba03d-f545-4cd2-8996-d770f48fc74d,2026-08-12T13:45:00Z,2026-08-12T15:45:00+0200,20.666666,MW,DK2,DK_2,forecast_offshore_wind_generation,Wind Offshore,2026-08-17T08:52:17Z
2026-08-17T08:43:25Z,2026-08-17T10:43:25+0200,5f9ba03d-f545-4cd2-8996-d770f48fc74d,2026-08-12T14:00:00Z,2026-08-12T16:00:00+0200,23.5,MW,DK2,DK_2,forecast_offshore_wind_generation,Wind Offshore,2026-08-17T08:52:17Z
2026-08-17T08:43:25Z,2026-08-17T10:43:25+0200,5f9ba03d-f545-4cd2-8996-d770f48fc74d,2026-08-12T14:15:00Z,2026-08-12T16:15:00+0200,26.666666,MW,DK2,DK_2,forecast_offshore_wind_generation,Wind Offshore,2026-08-17T08:52:17Z
2026-08-17T08:43:25Z,2026-08-17T10:43:25+0200,5f9ba03d-f545-4cd2-8996-d770f48fc74d,2026-08-12T14:30:00Z,2026-08-12T16:30:00+0200,30.333333,MW,DK2,DK_2,forecast_offshore_wind_generation,Wind Offshore,2026-08-17T08:52:17Z
2026-08-17T08:43:25Z,2026-08-17T10:43:25+0200,5f9ba03d-f545-4cd2-8996-d770f48fc74d,2026-08-12T14:45:00Z,2026-08-12T16:45:00+0200,32.333333,MW,DK2,DK_2,forecast_offshore_wind_generation,Wind Offshore,2026-08-17T08:52:17Z
2026-08-17T08:43:25Z,2026-08-17T10:43:25+0200,5f9ba03d-f545-4cd2-8996-d770f48fc74d,2026-08-12T15:00:00Z,2026-08-12T17:00:00+0200,33.0,MW,DK2,DK_2,forecast_offshore_wind_generation,Wind Offshore,2026-08-17T08:52:17Z
2026-08-17T08:43:25Z,2026-08-17T10:43:25+0200,5f9ba03d-f545-4cd2-8996-d770f48fc74d,2026-08-12T15:15:00Z,2026-08-12T17:15:00+0200,32.5,MW,DK2,DK_2,forecast_offshore_wind_generation,Wind Offshore,2026-08-17T08:52:17Z
2026-08-17T08:43:25Z,2026-08-17T10:43:25+0200,5f9ba03d-f545-4cd2-8996-d770f48fc74d,2026-08-12T15:30:00Z,2026-08-12T17:30:00+0200,31.5,MW,DK2,DK_2,forecast_offshore_wind_generation,Wind Offshore,2026-08-17T08:52:17Z
2026-08-17T08:43:25Z,2026-08-17T10:43:25+0200,5f9ba03d-f545-4cd2-8996-d770f48fc74d,2026-08-12T15:45:00Z,2026-08-12T17:45:00+0200,30.166666,MW,DK2,DK_2,forecast_offshore_wind_generation,Wind Offshore,2026-08-17T08:52:17Z
2026-08-17T08:43:25Z,2026-08-17T10:43:25+0200,5f9ba03d-f545-4cd2-8996-d770f48fc74d,2026-08-12T16:00:00Z,2026-08-12T18:00:00+0200,30.0,MW,DK2,DK_2,forecast_offshore_wind_generation,Wind Offshore,2026-08-17T08:52:17Z
2026-08-17T08:43:25Z,2026-08-17T10:43:25+0200,5f9ba03d-f545-4cd2-8996-d770f48fc74d,2026-08-12T16:15:00Z,2026-08-12T18:15:00+0200,30.833333,MW,DK2,DK_2,forecast_offshore_wind_generation,Wind Offshore,2026-08-17T08:52:17Z
2026-08-17T08:43:25Z,2026-08-17T10:43:25+0200,5f9ba03d-f545-4cd2-8996-d770f48fc74d,2026-08-12T16:30:00Z,2026-08-12T18:30:00+0200,31.5,MW,DK2,DK_2,forecast_offshore_wind_generation,Wind Offshore,2026-08-17T08:52:17Z
2026-08-17T08:43:25Z,2026-08-17T10:43:25+0200,5f9ba03d-f545-4cd2-8996-d770f48fc74d,2026-08-12T16:45:00Z,2026-08-12T18:45:00+0200,32.0,MW,DK2,DK_2,forecast_offshore_wind_generation,Wind Offshore,2026-08-17T08:52:17Z
2026-08-17T08:43:25Z,2026-08-17T10:43:25+0200,5f9ba03d-f545-4cd2-8996-d770f48fc74d,2026-08-12T17:00:00Z,2026-08-12T19:00:00+0200,32.0,MW,DK2,DK_2,forecast_offshore_wind_generation,Wind Offshore,2026-08-17T08:52:17Z
2026-08-17T08:43:25Z,2026-08-17T10:43:25+0200,5f9ba03d-f545-4cd2-8996-d770f48fc74d,2026-08-12T17:15:00Z,2026-08-12T19:15:00+0200,32.0,MW,DK2,DK_2,forecast_offshore_wind_generation,Wind Offshore,2026-08-17T08:52:17Z
2026-08-17T08:43:25Z,2026-08-17T10:43:25+0200,5f9ba03d-f545-4cd2-8996-d770f48fc74d,2026-08-12T17:30:00Z,2026-08-12T19:30:00+0200,32.0,MW,DK2,DK_2,forecast_offshore_wind_generation,Wind Offshore,2026-08-17T08:52:17Z
2026-08-17T08:43:25Z,2026-08-17T10:43:25+0200,5f9ba03d-f545-4cd2-8996-d770f48fc74d,2026-08-12T17:45:00Z,2026-08-12T19:45:00+0200,31.166666,MW,DK2,DK_2,forecast_offshore_wind_generation,Wind Offshore,2026-08-17T08:52:17Z
2026-08-17T08:43:25Z,2026-08-17T10:43:25+0200,5f9ba03d-f545-4cd2-8996-d770f48fc74d,2026-08-12T18:00:00Z,2026-08-12T20:00:00+0200,30.333333,MW,DK2,DK_2,forecast_offshore_wind_generation,Wind Offshore,2026-08-17T08:52:17Z
2026-08-17T08:43:25Z,2026-08-17T10:43:25+0200,5f9ba03d-f545-4cd2-8996-d770f48fc74d,2026-08-12T18:15:00Z,2026-08-12T20:15:00+0200,27.5,MW,DK2,DK_2,forecast_offshore_wind_generation,Wind Offshore,2026-08-17T08:52:17Z
2026-08-17T08:43:25Z,2026-08-17T10:43:25+0200,5f9ba03d-f545-4cd2-8996-d770f48fc74d,2026-08-12T18:30:00Z,2026-08-12T20:30:00+0200,24.5,MW,DK2,DK_2,forecast_offshore_wind_generation,Wind Offshore,2026-08-17T08:52:17Z
2026-08-17T08:43:25Z,2026-08-17T10:43:25+0200,5f9ba03d-f545-4cd2-8996-d770f48fc74d,2026-08-12T18:45:00Z,2026-08-12T20:45:00+0200,21.5,MW,DK2,DK_2,forecast_offshore_wind_generation,Wind Offshore,2026-08-17T08:52:17Z
2026-08-17T08:43:25Z,2026-08-17T10:43:25+0200,5f9ba03d-f545-4cd2-8996-d770f48fc74d,2026-08-12T19:00:00Z,2026-08-12T21:00:00+0200,19.5,MW,DK2,DK_2,forecast_offshore_wind_generation,Wind Offshore,2026-08-17T08:52:17Z
2026-08-17T08:43:25Z,2026-08-17T10:43:25+0200,5f9ba03d-f545-4cd2-8996-d770f48fc74d,2026-08-12T19:15:00Z,2026-08-12T21:15:00+0200,18.0,MW,DK2,DK_2,forecast_offshore_wind_generation,Wind Offshore,2026-08-17T08:52:17Z
2026-08-17T08:43:25Z,2026-08-17T10:43:25+0200,5f9ba03d-f545-4cd2-8996-d770f48fc74d,2026-08-12T19:30:00Z,2026-08-12T21:30:00+0200,16.5,MW,DK2,DK_2,forecast_offshore_wind_generation,Wind Offshore,2026-08-17T08:52:17Z
2026-08-17T08:43:25Z,2026-08-17T10:43:25+0200,5f9ba03d-f545-4cd2-8996-d770f48fc74d,2026-08-12T19:45:00Z,2026-08-12T21:45:00+0200,16.0,MW,DK2,DK_2,forecast_offshore_wind_generation,Wind Offshore,2026-08-17T08:52:17Z
2026-08-17T08:43:25Z,2026-08-17T10:43:25+0200,5f9ba03d-f545-4cd2-8996-d770f48fc74d,2026-08-12T20:00:00Z,2026-08-12T22:00:00+0200,16.0,MW,DK2,DK_2,forecast_offshore_wind_generation,Wind Offshore,2026-08-17T08:52:17Z
2026-08-17T08:43:25Z,2026-08-17T10:43:25+0200,5f9ba03d-f545-4cd2-8996-d770f48fc74d,2026-08-12T20:15:00Z,2026-08-12T22:15:00+0200,16.5,MW,DK2,DK_2,forecast_offshore_wind_generation,Wind Offshore,2026-08-17T08:52:17Z
2026-08-17T08:43:25Z,2026-08-17T10:43:25+0200,5f9ba03d-f545-4cd2-8996-d770f48fc74d,2026-08-12T20:30:00Z,2026-08-12T22:30:00+0200,18.5,MW,DK2,DK_2,forecast_offshore_wind_generation,Wind Offshore,2026-08-17T08:52:17Z
2026-08-17T08:43:25Z,2026-08-17T10:43:25+0200,5f9ba03d-f545-4cd2-8996-d770f48fc74d,2026-08-12T20:45:00Z,2026-08-12T22:45:00+0200,20.666666,MW,DK2,DK_2,forecast_offshore_wind_generation,Wind Offshore,2026-08-17T08:52:17Z
2026-08-17T08:43:25Z,2026-08-17T10:43:25+0200,5f9ba03d-f545-4cd2-8996-d770f48fc74d,2026-08-12T21:00:00Z,2026-08-12T23:00:00+0200,23.0,MW,DK2,DK_2,forecast_offshore_wind_generation,Wind Offshore,2026-08-17T08:52:17Z
2026-08-17T08:43:25Z,2026-08-17T10:43:25+0200,5f9ba03d-f545-4cd2-8996-d770f48fc74d,2026-08-12T21:15:00Z,2026-08-12T23:15:00+0200,25.5,MW,DK2,DK_2,forecast_offshore_wind_generation,Wind Offshore,2026-08-17T08:52:17Z
2026-08-17T08:43:25Z,2026-08-17T10:43:25+0200,5f9ba03d-f545-4cd2-8996-d770f48fc74d,2026-08-12T21:30:00Z,2026-08-12T23:30:00+0200,28.5,MW,DK2,DK_2,forecast_offshore_wind_generation,Wind Offshore,2026-08-17T08:52:17Z
2026-08-17T08:43:25Z,2026-08-17T10:43:25+0200,5f9ba03d-f545-4cd2-8996-d770f48fc74d,2026-08-12T21:45:00Z,2026-08-12T23:45:00+0200,31.333333,MW,DK2,DK_2,forecast_offshore_wind_generation,Wind Offshore,2026-08-17T08:52:17Z
2026-08-17T08:43:25Z,2026-08-17T10:43:25+0200,5f9ba03d-f545-4cd2-8996-d770f48fc74d,2026-08-12T22:00:00Z,2026-08-13T00:00:00+0200,43.166666,MW,DK2,DK_2,forecast_offshore_wind_generation,Wind Offshore,2026-08-17T08:52:17Z
2026-08-17T08:43:25Z,2026-08-17T10:43:25+0200,5f9ba03d-f545-4cd2-8996-d770f48fc74d,2026-08-12T22:15:00Z,2026-08-13T00:15:00+0200,49.0,MW,DK2,DK_2,forecast_offshore_wind_generation,Wind Offshore,2026-08-17T08:52:17Z
2026-08-17T08:43:25Z,2026-08-17T10:43:25+0200,5f9ba03d-f545-4cd2-8996-d770f48fc74d,2026-08-12T22:30:00Z,2026-08-13T00:30:00+0200,55.5,MW,DK2,DK_2,forecast_offshore_wind_generation,Wind Offshore,2026-08-17T08:52:17Z
2026-08-17T08:43:25Z,2026-08-17T10:43:25+0200,5f9ba03d-f545-4cd2-8996-d770f48fc74d,2026-08-12T22:45:00Z,2026-08-13T00:45:00+0200,61.333333,MW,DK2,DK_2,forecast_offshore_wind_generation,Wind Offshore,2026-08-17T08:52:17Z
2026-08-17T08:43:25Z,2026-08-17T10:43:25+0200,5f9ba03d-f545-4cd2-8996-d770f48fc74d,2026-08-12T23:00:00Z,2026-08-13T01:00:00+0200,65.333333,MW,DK2,DK_2,forecast_offshore_wind_generation,Wind Offshore,2026-08-17T08:52:17Z
2026-08-17T08:43:25Z,2026-08-17T10:43:25+0200,5f9ba03d-f545-4cd2-8996-d770f48fc74d,2026-08-12T23:15:00Z,2026-08-13T01:15:00+0200,68.0,MW,DK2,DK_2,forecast_offshore_wind_generation,Wind Offshore,2026-08-17T08:52:17Z
2026-08-17T08:43:25Z,2026-08-17T10:43:25+0200,5f9ba03d-f545-4cd2-8996-d770f48fc74d,2026-08-12T23:30:00Z,2026-08-13T01:30:00+0200,70.5,MW,DK2,DK_2,forecast_offshore_wind_generation,Wind Offshore,2026-08-17T08:52:17Z
2026-08-17T08:43:25Z,2026-08-17T10:43:25+0200,5f9ba03d-f545-4cd2-8996-d770f48fc74d,2026-08-12T23:45:00Z,2026-08-13T01:45:00+0200,73.333333,MW,DK2,DK_2,forecast_offshore_wind_generation,Wind Offshore,2026-08-17T08:52:17Z
2026-08-17T08:43:25Z,2026-08-17T10:43:25+0200,5f9ba03d-f545-4cd2-8996-d770f48fc74d,2026-08-13T00:00:00Z,2026-08-13T02:00:00+0200,74.0,MW,DK2,DK_2,forecast_offshore_wind_generation,Wind Offshore,2026-08-17T08:52:17Z
2026-08-17T08:43:25Z,2026-08-17T10:43:25+0200,5f9ba03d-f545-4cd2-8996-d770f48fc74d,2026-08-13T00:15:00Z,2026-08-13T02:15:00+0200,74.0,MW,DK2,DK_2,forecast_offshore_wind_generation,Wind Offshore,2026-08-17T08:52:17Z
2026-08-17T08:43:25Z,2026-08-17T10:43:25+0200,5f9ba03d-f545-4cd2-8996-d770f48fc74d,2026-08-13T00:30:00Z,2026-08-13T02:30:00+0200,74.0,MW,DK2,DK_2,forecast_offshore_wind_generation,Wind Offshore,2026-08-17T08:52:17Z
2026-08-17T08:43:25Z,2026-08-17T10:43:25+0200,5f9ba03d-f545-4cd2-8996-d770f48fc74d,2026-08-13T00:45:00Z,2026-08-13T02:45:00+0200,74.0,MW,DK2,DK_2,forecast_offshore_wind_generation,Wind Offshore,2026-08-17T08:52:17Z
2026-08-17T08:43:25Z,2026-08-17T10:43:25+0200,5f9ba03d-f545-4cd2-8996-d770f48fc74d,2026-08-13T01:00:00Z,2026-08-13T03:00:00+0200,74.5,MW,DK2,DK_2,forecast_offshore_wind_generation,Wind Offshore,2026-08-17T08:52:17Z
2026-08-17T08:43:25Z,2026-08-17T10:43:25+0200,5f9ba03d-f545-4cd2-8996-d770f48fc74d,2026-08-13T01:15:00Z,2026-08-13T03:15:00+0200,76.5,MW,DK2,DK_2,forecast_offshore_wind_generation,Wind Offshore,2026-08-17T08:52:17Z
2026-08-17T08:43:25Z,2026-08-17T10:43:25+0200,5f9ba03d-f545-4cd2-8996-d770f48fc74d,2026-08-13T01:30:00Z,2026-08-13T03:30:00+0200,79.5,MW,DK2,DK_2,forecast_offshore_wind_generation,Wind Offshore,2026-08-17T08:52:17Z
2026-08-17T08:43:25Z,2026-08-17T10:43:25+0200,5f9ba03d-f545-4cd2-8996-d770f48fc74d,2026-08-13T01:45:00Z,2026-08-13T03:45:00+0200,81.5,MW,DK2,DK_2,forecast_offshore_wind_generation,Wind Offshore,2026-08-17T08:52:17Z
2026-08-17T08:43:25Z,2026-08-17T10:43:25+0200,5f9ba03d-f545-4cd2-8996-d770f48fc74d,2026-08-13T02:00:00Z,2026-08-13T04:00:00+0200,81.833333,MW,DK2,DK_2,forecast_offshore_wind_generation,Wind Offshore,2026-08-17T08:52:17Z
2026-08-17T08:43:25Z,2026-08-17T10:43:25+0200,5f9ba03d-f545-4cd2-8996-d770f48fc74d,2026-08-13T02:15:00Z,2026-08-13T04:15:00+0200,80.5,MW,DK2,DK_2,forecast_offshore_wind_generation,Wind Offshore,2026-08-17T08:52:17Z
2026-08-17T08:43:25Z,2026-08-17T10:43:25+0200,5f9ba03d-f545-4cd2-8996-d770f48fc74d,2026-08-13T02:30:00Z,2026-08-13T04:30:00+0200,78.666666,MW,DK2,DK_2,forecast_offshore_wind_generation,Wind Offshore,2026-08-17T08:52:17Z
2026-08-17T08:43:25Z,2026-08-17T10:43:25+0200,5f9ba03d-f545-4cd2-8996-d770f48fc74d,2026-08-13T02:45:00Z,2026-08-13T04:45:00+0200,77.0,MW,DK2,DK_2,forecast_offshore_wind_generation,Wind Offshore,2026-08-17T08:52:17Z
2026-08-17T08:43:25Z,2026-08-17T10:43:25+0200,5f9ba03d-f545-4cd2-8996-d770f48fc74d,2026-08-13T03:00:00Z,2026-08-13T05:00:00+0200,75.5,MW,DK2,DK_2,forecast_offshore_wind_generation,Wind Offshore,2026-08-17T08:52:17Z
2026-08-17T08:43:25Z,2026-08-17T10:43:25+0200,5f9ba03d-f545-4cd2-8996-d770f48fc74d,2026-08-13T03:15:00Z,2026-08-13T05:15:00+0200,74.166666,MW,DK2,DK_2,forecast_offshore_wind_generation,Wind Offshore,2026-08-17T08:52:17Z
2026-08-17T08:43:25Z,2026-08-17T10:43:25+0200,5f9ba03d-f545-4cd2-8996-d770f48fc74d,2026-08-13T03:30:00Z,2026-08-13T05:30:00+0200,73.166666,MW,DK2,DK_2,forecast_offshore_wind_generation,Wind Offshore,2026-08-17T08:52:17Z
2026-08-17T08:43:25Z,2026-08-17T10:43:25+0200,5f9ba03d-f545-4cd2-8996-d770f48fc74d,2026-08-13T03:45:00Z,2026-08-13T05:45:00+0200,73.0,MW,DK2,DK_2,forecast_offshore_wind_generation,Wind Offshore,2026-08-17T08:52:17Z
2026-08-17T08:43:25Z,2026-08-17T10:43:25+0200,5f9ba03d-f545-4cd2-8996-d770f48fc74d,2026-08-13T04:00:00Z,2026-08-13T06:00:00+0200,73.0,MW,DK2,DK_2,forecast_offshore_wind_generation,Wind Offshore,2026-08-17T08:52:17Z
2026-08-17T08:43:25Z,2026-08-17T10:43:25+0200,5f9ba03d-f545-4cd2-8996-d770f48fc74d,2026-08-13T04:15:00Z,2026-08-13T06:15:00+0200,74.0,MW,DK2,DK_2,forecast_offshore_wind_generation,Wind Offshore,2026-08-17T08:52:17Z
2026-08-17T08:43:25Z,2026-08-17T10:43:25+0200,5f9ba03d-f545-4cd2-8996-d770f48fc74d,2026-08-13T04:30:00Z,2026-08-13T06:30:00+0200,75.5,MW,DK2,DK_2,forecast_offshore_wind_generation,Wind Offshore,2026-08-17T08:52:17Z
2026-08-17T08:43:25Z,2026-08-17T10:43:25+0200,5f9ba03d-f545-4cd2-8996-d770f48fc74d,2026-08-13T04:45:00Z,2026-08-13T06:45:00+0200,76.5,MW,DK2,DK_2,forecast_offshore_wind_generation,Wind Offshore,2026-08-17T08:52:17Z
2026-08-17T08:43:25Z,2026-08-17T10:43:25+0200,5f9ba03d-f545-4cd2-8996-d770f48fc74d,2026-08-13T05:00:00Z,2026-08-13T07:00:00+0200,77.833333,MW,DK2,DK_2,forecast_offshore_wind_generation,Wind Offshore,2026-08-17T08:52:17Z
2026-08-17T08:43:25Z,2026-08-17T10:43:25+0200,5f9ba03d-f545-4cd2-8996-d770f48fc74d,2026-08-13T05:15:00Z,2026-08-13T07:15:00+0200,78.833333,MW,DK2,DK_2,forecast_offshore_wind_generation,Wind Offshore,2026-08-17T08:52:17Z
2026-08-17T08:43:25Z,2026-08-17T10:43:25+0200,5f9ba03d-f545-4cd2-8996-d770f48fc74d,2026-08-13T05:30:00Z,2026-08-13T07:30:00+0200,79.5,MW,DK2,DK_2,forecast_offshore_wind_generation,Wind Offshore,2026-08-17T08:52:17Z
2026-08-17T08:43:25Z,2026-08-17T10:43:25+0200,5f9ba03d-f545-4cd2-8996-d770f48fc74d,2026-08-13T05:45:00Z,2026-08-13T07:45:00+0200,79.5,MW,DK2,DK_2,forecast_offshore_wind_generation,Wind Offshore,2026-08-17T08:52:17Z
2026-08-17T08:43:25Z,2026-08-17T10:43:25+0200,5f9ba03d-f545-4cd2-8996-d770f48fc74d,2026-08-13T06:00:00Z,2026-08-13T08:00:00+0200,78.333333,MW,DK2,DK_2,forecast_offshore_wind_generation,Wind Offshore,2026-08-17T08:52:17Z
2026-08-17T08:43:25Z,2026-08-17T10:43:25+0200,5f9ba03d-f545-4cd2-8996-d770f48fc74d,2026-08-13T06:15:00Z,2026-08-13T08:15:00+0200,75.5,MW,DK2,DK_2,forecast_offshore_wind_generation,Wind Offshore,2026-08-17T08:52:17Z
2026-08-17T08:43:25Z,2026-08-17T10:43:25+0200,5f9ba03d-f545-4cd2-8996-d770f48fc74d,2026-08-13T06:30:00Z,2026-08-13T08:30:00+0200,72.333333,MW,DK2,DK_2,forecast_offshore_wind_generation,Wind Offshore,2026-08-17T08:52:17Z
2026-08-17T08:43:25Z,2026-08-17T10:43:25+0200,5f9ba03d-f545-4cd2-8996-d770f48fc74d,2026-08-13T06:45:00Z,2026-08-13T08:45:00+0200,68.5,MW,DK2,DK_2,forecast_offshore_wind_generation,Wind Offshore,2026-08-17T08:52:17Z
2026-08-17T08:43:25Z,2026-08-17T10:43:25+0200,5f9ba03d-f545-4cd2-8996-d770f48fc74d,2026-08-13T07:00:00Z,2026-08-13T09:00:00+0200,65.0,MW,DK2,DK_2,forecast_offshore_wind_generation,Wind Offshore,2026-08-17T08:52:17Z
2026-08-17T08:43:25Z,2026-08-17T10:43:25+0200,5f9ba03d-f545-4cd2-8996-d770f48fc74d,2026-08-13T07:15:00Z,2026-08-13T09:15:00+0200,60.5,MW,DK2,DK_2,forecast_offshore_wind_generation,Wind Offshore,2026-08-17T08:52:17Z
2026-08-17T08:43:25Z,2026-08-17T10:43:25+0200,5f9ba03d-f545-4cd2-8996-d770f48fc74d,2026-08-13T07:30:00Z,2026-08-13T09:30:00+0200,56.5,MW,DK2,DK_2,forecast_offshore_wind_generation,Wind Offshore,2026-08-17T08:52:17Z
2026-08-17T08:43:25Z,2026-08-17T10:43:25+0200,5f9ba03d-f545-4cd2-8996-d770f48fc74d,2026-08-13T07:45:00Z,2026-08-13T09:45:00+0200,54.5,MW,DK2,DK_2,forecast_offshore_wind_generation,Wind Offshore,2026-08-17T08:52:17Z
2026-08-17T08:43:25Z,2026-08-17T10:43:25+0200,5f9ba03d-f545-4cd2-8996-d770f48fc74d,2026-08-13T08:00:00Z,2026-08-13T10:00:00+0200,53.166666,MW,DK2,DK_2,forecast_offshore_wind_generation,Wind Offshore,2026-08-17T08:52:17Z
2026-08-17T08:43:25Z,2026-08-17T10:43:25+0200,5f9ba03d-f545-4cd2-8996-d770f48fc74d,2026-08-13T08:15:00Z,2026-08-13T10:15:00+0200,53.0,MW,DK2,DK_2,forecast_offshore_wind_generation,Wind Offshore,2026-08-17T08:52:17Z
2026-08-17T08:43:25Z,2026-08-17T10:43:25+0200,5f9ba03d-f545-4cd2-8996-d770f48fc74d,2026-08-13T08:30:00Z,2026-08-13T10:30:00+0200,53.0,MW,DK2,DK_2,forecast_offshore_wind_generation,Wind Offshore,2026-08-17T08:52:17Z
2026-08-17T08:43:25Z,2026-08-17T10:43:25+0200,5f9ba03d-f545-4cd2-8996-d770f48fc74d,2026-08-13T08:45:00Z,2026-08-13T10:45:00+0200,53.0,MW,DK2,DK_2,forecast_offshore_wind_generation,Wind Offshore,2026-08-17T08:52:17Z
2026-08-17T08:43:25Z,2026-08-17T10:43:25+0200,5f9ba03d-f545-4cd2-8996-d770f48fc74d,2026-08-13T09:00:00Z,2026-08-13T11:00:00+0200,53.0,MW,DK2,DK_2,forecast_offshore_wind_generation,Wind Offshore,2026-08-17T08:52:17Z
2026-08-17T08:43:25Z,2026-08-17T10:43:25+0200,5f9ba03d-f545-4cd2-8996-d770f48fc74d,2026-08-13T09:15:00Z,2026-08-13T11:15:00+0200,53.0,MW,DK2,DK_2,forecast_offshore_wind_generation,Wind Offshore,2026-08-17T08:52:17Z
2026-08-17T08:43:25Z,2026-08-17T10:43:25+0200,5f9ba03d-f545-4cd2-8996-d770f48fc74d,2026-08-13T09:30:00Z,2026-08-13T11:30:00+0200,53.0,MW,DK2,DK_2,forecast_offshore_wind_generation,Wind Offshore,2026-08-17T08:52:17Z
2026-08-17T08:43:25Z,2026-08-17T10:43:25+0200,5f9ba03d-f545-4cd2-8996-d770f48fc74d,2026-08-13T09:45:00Z,2026-08-13T11:45:00+0200,53.833333,MW,DK2,DK_2,forecast_offshore_wind_generation,Wind Offshore,2026-08-17T08:52:17Z
2026-08-17T08:43:25Z,2026-08-17T10:43:25+0200,5f9ba03d-f545-4cd2-8996-d770f48fc74d,2026-08-13T10:00:00Z,2026-08-13T12:00:00+0200,55.0,MW,DK2,DK_2,forecast_offshore_wind_generation,Wind Offshore,2026-08-17T08:52:17Z
2026-08-17T08:43:25Z,2026-08-17T10:43:25+0200,5f9ba03d-f545-4cd2-8996-d770f48fc74d,2026-08-13T10:15:00Z,2026-08-13T12:15:00+0200,57.666666,MW,DK2,DK_2,forecast_offshore_wind_generation,Wind Offshore,2026-08-17T08:52:17Z
2026-08-17T08:43:25Z,2026-08-17T10:43:25+0200,5f9ba03d-f545-4cd2-8996-d770f48fc74d,2026-08-13T10:30:00Z,2026-08-13T12:30:00+0200,62.5,MW,DK2,DK_2,forecast_offshore_wind_generation,Wind Offshore,2026-08-17T08:52:17Z
2026-08-17T08:43:25Z,2026-08-17T10:43:25+0200,5f9ba03d-f545-4cd2-8996-d770f48fc74d,2026-08-13T10:45:00Z,2026-08-13T12:45:00+0200,67.0,MW,DK2,DK_2,forecast_offshore_wind_generation,Wind Offshore,2026-08-17T08:52:17Z
2026-08-17T08:43:25Z,2026-08-17T10:43:25+0200,5f9ba03d-f545-4cd2-8996-d770f48fc74d,2026-08-13T11:00:00Z,2026-08-13T13:00:00+0200,70.5,MW,DK2,DK_2,forecast_offshore_wind_generation,Wind Offshore,2026-08-17T08:52:17Z
2026-08-17T08:43:25Z,2026-08-17T10:43:25+0200,5f9ba03d-f545-4cd2-8996-d770f48fc74d,2026-08-13T11:15:00Z,2026-08-13T13:15:00+0200,73.5,MW,DK2,DK_2,forecast_offshore_wind_generation,Wind Offshore,2026-08-17T08:52:17Z
2026-08-17T08:43:25Z,2026-08-17T10:43:25+0200,5f9ba03d-f545-4cd2-8996-d770f48fc74d,2026-08-13T11:30:00Z,2026-08-13T13:30:00+0200,76.5,MW,DK2,DK_2,forecast_offshore_wind_generation,Wind Offshore,2026-08-17T08:52:17Z
2026-08-17T08:43:25Z,2026-08-17T10:43:25+0200,5f9ba03d-f545-4cd2-8996-d770f48fc74d,2026-08-13T11:45:00Z,2026-08-13T13:45:00+0200,80.333333,MW,DK2,DK_2,forecast_offshore_wind_generation,Wind Offshore,2026-08-17T08:52:17Z
2026-08-17T08:43:25Z,2026-08-17T10:43:25+0200,5f9ba03d-f545-4cd2-8996-d770f48fc74d,2026-08-13T12:00:00Z,2026-08-13T14:00:00+0200,84.0,MW,DK2,DK_2,forecast_offshore_wind_generation,Wind Offshore,2026-08-17T08:52:17Z
2026-08-17T08:43:25Z,2026-08-17T10:43:25+0200,5f9ba03d-f545-4cd2-8996-d770f48fc74d,2026-08-13T12:15:00Z,2026-08-13T14:15:00+0200,87.5,MW,DK2,DK_2,forecast_offshore_wind_generation,Wind Offshore,2026-08-17T08:52:17Z
2026-08-17T08:43:25Z,2026-08-17T10:43:25+0200,5f9ba03d-f545-4cd2-8996-d770f48fc74d,2026-08-13T12:30:00Z,2026-08-13T14:30:00+0200,90.666666,MW,DK2,DK_2,forecast_offshore_wind_generation,Wind Offshore,2026-08-17T08:52:17Z
2026-08-17T08:43:25Z,2026-08-17T10:43:25+0200,5f9ba03d-f545-4cd2-8996-d770f48fc74d,2026-08-13T12:45:00Z,2026-08-13T14:45:00+0200,94.5,MW,DK2,DK_2,forecast_offshore_wind_generation,Wind Offshore,2026-08-17T08:52:17Z
2026-08-17T08:43:25Z,2026-08-17T10:43:25+0200,5f9ba03d-f545-4cd2-8996-d770f48fc74d,2026-08-13T13:00:00Z,2026-08-13T15:00:00+0200,99.0,MW,DK2,DK_2,forecast_offshore_wind_generation,Wind Offshore,2026-08-17T08:52:17Z
2026-08-17T08:43:25Z,2026-08-17T10:43:25+0200,5f9ba03d-f545-4cd2-8996-d770f48fc74d,2026-08-13T13:15:00Z,2026-08-13T15:15:00+0200,104.333333,MW,DK2,DK_2,forecast_offshore_wind_generation,Wind Offshore,2026-08-17T08:52:17Z
2026-08-17T08:43:25Z,2026-08-17T10:43:25+0200,5f9ba03d-f545-4cd2-8996-d770f48fc74d,2026-08-13T13:30:00Z,2026-08-13T15:30:00+0200,111.0,MW,DK2,DK_2,forecast_offshore_wind_generation,Wind Offshore,2026-08-17T08:52:17Z
2026-08-17T08:43:25Z,2026-08-17T10:43:25+0200,5f9ba03d-f545-4cd2-8996-d770f48fc74d,2026-08-13T13:45:00Z,2026-08-13T15:45:00+0200,116.0,MW,DK2,DK_2,forecast_offshore_wind_generation,Wind Offshore,2026-08-17T08:52:17Z
2026-08-17T08:43:25Z,2026-08-17T10:43:25+0200,5f9ba03d-f545-4cd2-8996-d770f48fc74d,2026-08-13T14:00:00Z,2026-08-13T16:00:00+0200,120.333333,MW,DK2,DK_2,forecast_offshore_wind_generation,Wind Offshore,2026-08-17T08:52:17Z
2026-08-17T08:43:25Z,2026-08-17T10:43:25+0200,5f9ba03d-f545-4cd2-8996-d770f48fc74d,2026-08-13T14:15:00Z,2026-08-13T16:15:00+0200,124.5,MW,DK2,DK_2,forecast_offshore_wind_generation,Wind Offshore,2026-08-17T08:52:17Z
2026-08-17T08:43:25Z,2026-08-17T10:43:25+0200,5f9ba03d-f545-4cd2-8996-d770f48fc74d,2026-08-13T14:30:00Z,2026-08-13T16:30:00+0200,128.666666,MW,DK2,DK_2,forecast_offshore_wind_generation,Wind Offshore,2026-08-17T08:52:17Z
2026-08-17T08:43:25Z,2026-08-17T10:43:25+0200,5f9ba03d-f545-4cd2-8996-d770f48fc74d,2026-08-13T14:45:00Z,2026-08-13T16:45:00+0200,132.5,MW,DK2,DK_2,forecast_offshore_wind_generation,Wind Offshore,2026-08-17T08:52:17Z
2026-08-17T08:43:25Z,2026-08-17T10:43:25+0200,5f9ba03d-f545-4cd2-8996-d770f48fc74d,2026-08-13T15:00:00Z,2026-08-13T17:00:00+0200,135.0,MW,DK2,DK_2,forecast_offshore_wind_generation,Wind Offshore,2026-08-17T08:52:17Z
2026-08-17T08:43:25Z,2026-08-17T10:43:25+0200,5f9ba03d-f545-4cd2-8996-d770f48fc74d,2026-08-13T15:15:00Z,2026-08-13T17:15:00+0200,137.0,MW,DK2,DK_2,forecast_offshore_wind_generation,Wind Offshore,2026-08-17T08:52:17Z
2026-08-17T08:43:25Z,2026-08-17T10:43:25+0200,5f9ba03d-f545-4cd2-8996-d770f48fc74d,2026-08-13T15:30:00Z,2026-08-13T17:30:00+0200,139.5,MW,DK2,DK_2,forecast_offshore_wind_generation,Wind Offshore,2026-08-17T08:52:17Z
2026-08-17T08:43:25Z,2026-08-17T10:43:25+0200,5f9ba03d-f545-4cd2-8996-d770f48fc74d,2026-08-13T15:45:00Z,2026-08-13T17:45:00+0200,142.5,MW,DK2,DK_2,forecast_offshore_wind_generation,Wind Offshore,2026-08-17T08:52:17Z
2026-08-17T08:43:25Z,2026-08-17T10:43:25+0200,5f9ba03d-f545-4cd2-8996-d770f48fc74d,2026-08-13T16:00:00Z,2026-08-13T18:00:00+0200,146.166666,MW,DK2,DK_2,forecast_offshore_wind_generation,Wind Offshore,2026-08-17T08:52:17Z
2026-08-17T08:43:25Z,2026-08-17T10:43:25+0200,5f9ba03d-f545-4cd2-8996-d770f48fc74d,2026-08-13T16:15:00Z,2026-08-13T18:15:00+0200,152.0,MW,DK2,DK_2,forecast_offshore_wind_generation,Wind Offshore,2026-08-17T08:52:17Z
2026-08-17T08:43:25Z,2026-08-17T10:43:25+0200,5f9ba03d-f545-4cd2-8996-d770f48fc74d,2026-08-13T16:30:00Z,2026-08-13T18:30:00+0200,158.5,MW,DK2,DK_2,forecast_offshore_wind_generation,Wind Offshore,2026-08-17T08:52:17Z
2026-08-17T08:43:25Z,2026-08-17T10:43:25+0200,5f9ba03d-f545-4cd2-8996-d770f48fc74d,2026-08-13T16:45:00Z,2026-08-13T18:45:00+0200,165.5,MW,DK2,DK_2,forecast_offshore_wind_generation,Wind Offshore,2026-08-17T08:52:17Z
2026-08-17T08:43:25Z,2026-08-17T10:43:25+0200,5f9ba03d-f545-4cd2-8996-d770f48fc74d,2026-08-13T17:00:00Z,2026-08-13T19:00:00+0200,173.333333,MW,DK2,DK_2,forecast_offshore_wind_generation,Wind Offshore,2026-08-17T08:52:17Z
2026-08-17T08:43:25Z,2026-08-17T10:43:25+0200,5f9ba03d-f545-4cd2-8996-d770f48fc74d,2026-08-13T17:15:00Z,2026-08-13T19:15:00+0200,181.5,MW,DK2,DK_2,forecast_offshore_wind_generation,Wind Offshore,2026-08-17T08:52:17Z
2026-08-17T08:43:25Z,2026-08-17T10:43:25+0200,5f9ba03d-f545-4cd2-8996-d770f48fc74d,2026-08-13T17:30:00Z,2026-08-13T19:30:00+0200,190.5,MW,DK2,DK_2,forecast_offshore_wind_generation,Wind Offshore,2026-08-17T08:52:17Z
2026-08-17T08:43:25Z,2026-08-17T10:43:25+0200,5f9ba03d-f545-4cd2-8996-d770f48fc74d,2026-08-13T17:45:00Z,2026-08-13T19:45:00+0200,198.0,MW,DK2,DK_2,forecast_offshore_wind_generation,Wind Offshore,2026-08-17T08:52:17Z
2026-08-17T08:43:25Z,2026-08-17T10:43:25+0200,5f9ba03d-f545-4cd2-8996-d770f48fc74d,2026-08-13T18:00:00Z,2026-08-13T20:00:00+0200,204.0,MW,DK2,DK_2,forecast_offshore_wind_generation,Wind Offshore,2026-08-17T08:52:17Z
2026-08-17T08:43:25Z,2026-08-17T10:43:25+0200,5f9ba03d-f545-4cd2-8996-d770f48fc74d,2026-08-13T18:15:00Z,2026-08-13T20:15:00+0200,210.166666,MW,DK2,DK_2,forecast_offshore_wind_generation,Wind Offshore,2026-08-17T08:52:17Z
2026-08-17T08:43:25Z,2026-08-17T10:43:25+0200,5f9ba03d-f545-4cd2-8996-d770f48fc74d,2026-08-13T18:30:00Z,2026-08-13T20:30:00+0200,217.0,MW,DK2,DK_2,forecast_offshore_wind_generation,Wind Offshore,2026-08-17T08:52:17Z
2026-08-17T08:43:25Z,2026-08-17T10:43:25+0200,5f9ba03d-f545-4cd2-8996-d770f48fc74d,2026-08-13T18:45:00Z,2026-08-13T20:45:00+0200,222.833333,MW,DK2,DK_2,forecast_offshore_wind_generation,Wind Offshore,2026-08-17T08:52:17Z
2026-08-17T08:43:25Z,2026-08-17T10:43:25+0200,5f9ba03d-f545-4cd2-8996-d770f48fc74d,2026-08-13T19:00:00Z,2026-08-13T21:00:00+0200,227.833333,MW,DK2,DK_2,forecast_offshore_wind_generation,Wind Offshore,2026-08-17T08:52:17Z
2026-08-17T08:43:25Z,2026-08-17T10:43:25+0200,5f9ba03d-f545-4cd2-8996-d770f48fc74d,2026-08-13T19:15:00Z,2026-08-13T21:15:00+0200,233.0,MW,DK2,DK_2,forecast_offshore_wind_generation,Wind Offshore,2026-08-17T08:52:17Z
2026-08-17T08:43:25Z,2026-08-17T10:43:25+0200,5f9ba03d-f545-4cd2-8996-d770f48fc74d,2026-08-13T19:30:00Z,2026-08-13T21:30:00+0200,238.5,MW,DK2,DK_2,forecast_offshore_wind_generation,Wind Offshore,2026-08-17T08:52:17Z
2026-08-17T08:43:25Z,2026-08-17T10:43:25+0200,5f9ba03d-f545-4cd2-8996-d770f48fc74d,2026-08-13T19:45:00Z,2026-08-13T21:45:00+0200,244.0,MW,DK2,DK_2,forecast_offshore_wind_generation,Wind Offshore,2026-08-17T08:52:17Z
2026-08-17T08:43:25Z,2026-08-17T10:43:25+0200,5f9ba03d-f545-4cd2-8996-d770f48fc74d,2026-08-13T20:00:00Z,2026-08-13T22:00:00+0200,250.166666,MW,DK2,DK_2,forecast_offshore_wind_generation,Wind Offshore,2026-08-17T08:52:17Z
2026-08-17T08:43:25Z,2026-08-17T10:43:25+0200,5f9ba03d-f545-4cd2-8996-d770f48fc74d,2026-08-13T20:15:00Z,2026-08-13T22:15:00+0200,258.0,MW,DK2,DK_2,forecast_offshore_wind_generation,Wind Offshore,2026-08-17T08:52:17Z
2026-08-17T08:43:25Z,2026-08-17T10:43:25+0200,5f9ba03d-f545-4cd2-8996-d770f48fc74d,2026-08-13T20:30:00Z,2026-08-13T22:30:00+0200,266.333333,MW,DK2,DK_2,forecast_offshore_wind_generation,Wind Offshore,2026-08-17T08:52:17Z
2026-08-17T08:43:25Z,2026-08-17T10:43:25+0200,5f9ba03d-f545-4cd2-8996-d770f48fc74d,2026-08-13T20:45:00Z,2026-08-13T22:45:00+0200,273.833333,MW,DK2,DK_2,forecast_offshore_wind_generation,Wind Offshore,2026-08-17T08:52:17Z
2026-08-17T08:43:25Z,2026-08-17T10:43:25+0200,5f9ba03d-f545-4cd2-8996-d770f48fc74d,2026-08-13T21:00:00Z,2026-08-13T23:00:00+0200,280.0,MW,DK2,DK_2,forecast_offshore_wind_generation,Wind Offshore,2026-08-17T08:52:17Z
2026-08-17T08:43:25Z,2026-08-17T10:43:25+0200,5f9ba03d-f545-4cd2-8996-d770f48fc74d,2026-08-13T21:15:00Z,2026-08-13T23:15:00+0200,285.166666,MW,DK2,DK_2,forecast_offshore_wind_generation,Wind Offshore,2026-08-17T08:52:17Z
2026-08-17T08:43:25Z,2026-08-17T10:43:25+0200,5f9ba03d-f545-4cd2-8996-d770f48fc74d,2026-08-13T21:30:00Z,2026-08-13T23:30:00+0200,290.166666,MW,DK2,DK_2,forecast_offshore_wind_generation,Wind Offshore,2026-08-17T08:52:17Z
2026-08-17T08:43:25Z,2026-08-17T10:43:25+0200,5f9ba03d-f545-4cd2-8996-d770f48fc74d,2026-08-13T21:45:00Z,2026-08-13T23:45:00+0200,295.166666,MW,DK2,DK_2,forecast_offshore_wind_generation,Wind Offshore,2026-08-17T08:52:17Z
2026-08-17T08:43:25Z,2026-08-17T10:43:25+0200,5f9ba03d-f545-4cd2-8996-d770f48fc74d,2026-08-13T22:00:00Z,2026-08-14T00:00:00+0200,244.833333,MW,DK2,DK_2,forecast_offshore_wind_generation,Wind Offshore,2026-08-17T08:52:17Z
2026-08-17T08:43:25Z,2026-08-17T10:43:25+0200,5f9ba03d-f545-4cd2-8996-d770f48fc74d,2026-08-13T22:15:00Z,2026-08-14T00:15:00+0200,256.0,MW,DK2,DK_2,forecast_offshore_wind_generation,Wind Offshore,2026-08-17T08:52:17Z
2026-08-17T08:43:25Z,2026-08-17T10:43:25+0200,5f9ba03d-f545-4cd2-8996-d770f48fc74d,2026-08-13T22:30:00Z,2026-08-14T00:30:00+0200,270.333333,MW,DK2,DK_2,forecast_offshore_wind_generation,Wind Offshore,2026-08-17T08:52:17Z
2026-08-17T08:43:25Z,2026-08-17T10:43:25+0200,5f9ba03d-f545-4cd2-8996-d770f48fc74d,2026-08-13T22:45:00Z,2026-08-14T00:45:00+0200,284.833333,MW,DK2,DK_2,forecast_offshore_wind_generation,Wind Offshore,2026-08-17T08:52:17Z
2026-08-17T08:43:25Z,2026-08-17T10:43:25+0200,5f9ba03d-f545-4cd2-8996-d770f48fc74d,2026-08-13T23:00:00Z,2026-08-14T01:00:00+0200,296.5,MW,DK2,DK_2,forecast_offshore_wind_generation,Wind Offshore,2026-08-17T08:52:17Z
2026-08-17T08:43:25Z,2026-08-17T10:43:25+0200,5f9ba03d-f545-4cd2-8996-d770f48fc74d,2026-08-13T23:15:00Z,2026-08-14T01:15:00+0200,308.833333,MW,DK2,DK_2,forecast_offshore_wind_generation,Wind Offshore,2026-08-17T08:52:17Z
2026-08-17T08:43:25Z,2026-08-17T10:43:25+0200,5f9ba03d-f545-4cd2-8996-d770f48fc74d,2026-08-13T23:30:00Z,2026-08-14T01:30:00+0200,320.333333,MW,DK2,DK_2,forecast_offshore_wind_generation,Wind Offshore,2026-08-17T08:52:17Z
2026-08-17T08:43:25Z,2026-08-17T10:43:25+0200,5f9ba03d-f545-4cd2-8996-d770f48fc74d,2026-08-13T23:45:00Z,2026-08-14T01:45:00+0200,328.833333,MW,DK2,DK_2,forecast_offshore_wind_generation,Wind Offshore,2026-08-17T08:52:17Z
2026-08-17T08:43:25Z,2026-08-17T10:43:25+0200,5f9ba03d-f545-4cd2-8996-d770f48fc74d,2026-08-14T00:00:00Z,2026-08-14T02:00:00+0200,333.5,MW,DK2,DK_2,forecast_offshore_wind_generation,Wind Offshore,2026-08-17T08:52:17Z
2026-08-17T08:43:25Z,2026-08-17T10:43:25+0200,5f9ba03d-f545-4cd2-8996-d770f48fc74d,2026-08-14T00:15:00Z,2026-08-14T02:15:00+0200,336.0,MW,DK2,DK_2,forecast_offshore_wind_generation,Wind Offshore,2026-08-17T08:52:17Z
2026-08-17T08:43:25Z,2026-08-17T10:43:25+0200,5f9ba03d-f545-4cd2-8996-d770f48fc74d,2026-08-14T00:30:00Z,2026-08-14T02:30:00+0200,337.0,MW,DK2,DK_2,forecast_offshore_wind_generation,Wind Offshore,2026-08-17T08:52:17Z
2026-08-17T08:43:25Z,2026-08-17T10:43:25+0200,5f9ba03d-f545-4cd2-8996-d770f48fc74d,2026-08-14T00:45:00Z,2026-08-14T02:45:00+0200,337.833333,MW,DK2,DK_2,forecast_offshore_wind_generation,Wind Offshore,2026-08-17T08:52:17Z
2026-08-17T08:43:25Z,2026-08-17T10:43:25+0200,5f9ba03d-f545-4cd2-8996-d770f48fc74d,2026-08-14T01:00:00Z,2026-08-14T03:00:00+0200,338.0,MW,DK2,DK_2,forecast_offshore_wind_generation,Wind Offshore,2026-08-17T08:52:17Z
2026-08-17T08:43:25Z,2026-08-17T10:43:25+0200,5f9ba03d-f545-4cd2-8996-d770f48fc74d,2026-08-14T01:15:00Z,2026-08-14T03:15:00+0200,337.5,MW,DK2,DK_2,forecast_offshore_wind_generation,Wind Offshore,2026-08-17T08:52:17Z
2026-08-17T08:43:25Z,2026-08-17T10:43:25+0200,5f9ba03d-f545-4cd2-8996-d770f48fc74d,2026-08-14T01:30:00Z,2026-08-14T03:30:00+0200,336.833333,MW,DK2,DK_2,forecast_offshore_wind_generation,Wind Offshore,2026-08-17T08:52:17Z
2026-08-17T08:43:25Z,2026-08-17T10:43:25+0200,5f9ba03d-f545-4cd2-8996-d770f48fc74d,2026-08-14T01:45:00Z,2026-08-14T03:45:00+0200,335.5,MW,DK2,DK_2,forecast_offshore_wind_generation,Wind Offshore,2026-08-17T08:52:17Z
2026-08-17T08:43:25Z,2026-08-17T10:43:25+0200,5f9ba03d-f545-4cd2-8996-d770f48fc74d,2026-08-14T02:00:00Z,2026-08-14T04:00:00+0200,334.0,MW,DK2,DK_2,forecast_offshore_wind_generation,Wind Offshore,2026-08-17T08:52:17Z
2026-08-17T08:43:25Z,2026-08-17T10:43:25+0200,5f9ba03d-f545-4cd2-8996-d770f48fc74d,2026-08-14T02:15:00Z,2026-08-14T04:15:00+0200,332.833333,MW,DK2,DK_2,forecast_offshore_wind_generation,Wind Offshore,2026-08-17T08:52:17Z
2026-08-17T08:43:25Z,2026-08-17T10:43:25+0200,5f9ba03d-f545-4cd2-8996-d770f48fc74d,2026-08-14T02:30:00Z,2026-08-14T04:30:00+0200,331.5,MW,DK2,DK_2,forecast_offshore_wind_generation,Wind Offshore,2026-08-17T08:52:17Z
2026-08-17T08:43:25Z,2026-08-17T10:43:25+0200,5f9ba03d-f545-4cd2-8996-d770f48fc74d,2026-08-14T02:45:00Z,2026-08-14T04:45:00+0200,329.166666,MW,DK2,DK_2,forecast_offshore_wind_generation,Wind Offshore,2026-08-17T08:52:17Z
2026-08-17T08:43:25Z,2026-08-17T10:43:25+0200,5f9ba03d-f545-4cd2-8996-d770f48fc74d,2026-08-14T03:00:00Z,2026-08-14T05:00:00+0200,326.333333,MW,DK2,DK_2,forecast_offshore_wind_generation,Wind Offshore,2026-08-17T08:52:17Z
2026-08-17T08:43:25Z,2026-08-17T10:43:25+0200,5f9ba03d-f545-4cd2-8996-d770f48fc74d,2026-08-14T03:15:00Z,2026-08-14T05:15:00+0200,322.333333,MW,DK2,DK_2,forecast_offshore_wind_generation,Wind Offshore,2026-08-17T08:52:17Z
2026-08-17T08:43:25Z,2026-08-17T10:43:25+0200,5f9ba03d-f545-4cd2-8996-d770f48fc74d,2026-08-14T03:30:00Z,2026-08-14T05:30:00+0200,317.833333,MW,DK2,DK_2,forecast_offshore_wind_generation,Wind Offshore,2026-08-17T08:52:17Z
2026-08-17T08:43:25Z,2026-08-17T10:43:25+0200,5f9ba03d-f545-4cd2-8996-d770f48fc74d,2026-08-14T03:45:00Z,2026-08-14T05:45:00+0200,312.833333,MW,DK2,DK_2,forecast_offshore_wind_generation,Wind Offshore,2026-08-17T08:52:17Z
2026-08-17T08:43:25Z,2026-08-17T10:43:25+0200,5f9ba03d-f545-4cd2-8996-d770f48fc74d,2026-08-14T04:00:00Z,2026-08-14T06:00:00+0200,307.0,MW,DK2,DK_2,forecast_offshore_wind_generation,Wind Offshore,2026-08-17T08:52:17Z
2026-08-17T08:43:25Z,2026-08-17T10:43:25+0200,5f9ba03d-f545-4cd2-8996-d770f48fc74d,2026-08-14T04:15:00Z,2026-08-14T06:15:00+0200,301.0,MW,DK2,DK_2,forecast_offshore_wind_generation,Wind Offshore,2026-08-17T08:52:17Z
2026-08-17T08:43:25Z,2026-08-17T10:43:25+0200,5f9ba03d-f545-4cd2-8996-d770f48fc74d,2026-08-14T04:30:00Z,2026-08-14T06:30:00+0200,294.166666,MW,DK2,DK_2,forecast_offshore_wind_generation,Wind Offshore,2026-08-17T08:52:17Z
2026-08-17T08:43:25Z,2026-08-17T10:43:25+0200,5f9ba03d-f545-4cd2-8996-d770f48fc74d,2026-08-14T04:45:00Z,2026-08-14T06:45:00+0200,287.666666,MW,DK2,DK_2,forecast_offshore_wind_generation,Wind Offshore,2026-08-17T08:52:17Z
2026-08-17T08:43:25Z,2026-08-17T10:43:25+0200,5f9ba03d-f545-4cd2-8996-d770f48fc74d,2026-08-14T05:00:00Z,2026-08-14T07:00:00+0200,281.833333,MW,DK2,DK_2,forecast_offshore_wind_generation,Wind Offshore,2026-08-17T08:52:17Z
2026-08-17T08:43:25Z,2026-08-17T10:43:25+0200,5f9ba03d-f545-4cd2-8996-d770f48fc74d,2026-08-14T05:15:00Z,2026-08-14T07:15:00+0200,274.0,MW,DK2,DK_2,forecast_offshore_wind_generation,Wind Offshore,2026-08-17T08:52:17Z
2026-08-17T08:43:25Z,2026-08-17T10:43:25+0200,5f9ba03d-f545-4cd2-8996-d770f48fc74d,2026-08-14T05:30:00Z,2026-08-14T07:30:00+0200,266.0,MW,DK2,DK_2,forecast_offshore_wind_generation,Wind Offshore,2026-08-17T08:52:17Z
2026-08-17T08:43:25Z,2026-08-17T10:43:25+0200,5f9ba03d-f545-4cd2-8996-d770f48fc74d,2026-08-14T05:45:00Z,2026-08-14T07:45:00+0200,259.0,MW,DK2,DK_2,forecast_offshore_wind_generation,Wind Offshore,2026-08-17T08:52:17Z
2026-08-17T08:43:25Z,2026-08-17T10:43:25+0200,5f9ba03d-f545-4cd2-8996-d770f48fc74d,2026-08-14T06:00:00Z,2026-08-14T08:00:00+0200,253.166666,MW,DK2,DK_2,forecast_offshore_wind_generation,Wind Offshore,2026-08-17T08:52:17Z
2026-08-17T08:43:25Z,2026-08-17T10:43:25+0200,5f9ba03d-f545-4cd2-8996-d770f48fc74d,2026-08-14T06:15:00Z,2026-08-14T08:15:00+0200,248.166666,MW,DK2,DK_2,forecast_offshore_wind_generation,Wind Offshore,2026-08-17T08:52:17Z
2026-08-17T08:43:25Z,2026-08-17T10:43:25+0200,5f9ba03d-f545-4cd2-8996-d770f48fc74d,2026-08-14T06:30:00Z,2026-08-14T08:30:00+0200,243.166666,MW,DK2,DK_2,forecast_offshore_wind_generation,Wind Offshore,2026-08-17T08:52:17Z
2026-08-17T08:43:25Z,2026-08-17T10:43:25+0200,5f9ba03d-f545-4cd2-8996-d770f48fc74d,2026-08-14T06:45:00Z,2026-08-14T08:45:00+0200,238.5,MW,DK2,DK_2,forecast_offshore_wind_generation,Wind Offshore,2026-08-17T08:52:17Z
2026-08-17T08:43:25Z,2026-08-17T10:43:25+0200,5f9ba03d-f545-4cd2-8996-d770f48fc74d,2026-08-14T07:00:00Z,2026-08-14T09:00:00+0200,235.0,MW,DK2,DK_2,forecast_offshore_wind_generation,Wind Offshore,2026-08-17T08:52:17Z
2026-08-17T08:43:25Z,2026-08-17T10:43:25+0200,5f9ba03d-f545-4cd2-8996-d770f48fc74d,2026-08-14T07:15:00Z,2026-08-14T09:15:00+0200,233.0,MW,DK2,DK_2,forecast_offshore_wind_generation,Wind Offshore,2026-08-17T08:52:17Z
2026-08-17T08:43:25Z,2026-08-17T10:43:25+0200,5f9ba03d-f545-4cd2-8996-d770f48fc74d,2026-08-14T07:30:00Z,2026-08-14T09:30:00+0200,231.0,MW,DK2,DK_2,forecast_offshore_wind_generation,Wind Offshore,2026-08-17T08:52:17Z
2026-08-17T08:43:25Z,2026-08-17T10:43:25+0200,5f9ba03d-f545-4cd2-8996-d770f48fc74d,2026-08-14T07:45:00Z,2026-08-14T09:45:00+0200,229.5,MW,DK2,DK_2,forecast_offshore_wind_generation,Wind Offshore,2026-08-17T08:52:17Z
2026-08-17T08:43:25Z,2026-08-17T10:43:25+0200,5f9ba03d-f545-4cd2-8996-d770f48fc74d,2026-08-14T08:00:00Z,2026-08-14T10:00:00+0200,226.666666,MW,DK2,DK_2,forecast_offshore_wind_generation,Wind Offshore,2026-08-17T08:52:17Z
2026-08-17T08:43:25Z,2026-08-17T10:43:25+0200,5f9ba03d-f545-4cd2-8996-d770f48fc74d,2026-08-14T08:15:00Z,2026-08-14T10:15:00+0200,222.166666,MW,DK2,DK_2,forecast_offshore_wind_generation,Wind Offshore,2026-08-17T08:52:17Z
2026-08-17T08:43:25Z,2026-08-17T10:43:25+0200,5f9ba03d-f545-4cd2-8996-d770f48fc74d,2026-08-14T08:30:00Z,2026-08-14T10:30:00+0200,217.0,MW,DK2,DK_2,forecast_offshore_wind_generation,Wind Offshore,2026-08-17T08:52:17Z
2026-08-17T08:43:25Z,2026-08-17T10:43:25+0200,5f9ba03d-f545-4cd2-8996-d770f48fc74d,2026-08-14T08:45:00Z,2026-08-14T10:45:00+0200,211.666666,MW,DK2,DK_2,forecast_offshore_wind_generation,Wind Offshore,2026-08-17T08:52:17Z
2026-08-17T08:43:25Z,2026-08-17T10:43:25+0200,5f9ba03d-f545-4cd2-8996-d770f48fc74d,2026-08-14T09:00:00Z,2026-08-14T11:00:00+0200,207.833333,MW,DK2,DK_2,forecast_offshore_wind_generation,Wind Offshore,2026-08-17T08:52:17Z
2026-08-17T08:43:25Z,2026-08-17T10:43:25+0200,5f9ba03d-f545-4cd2-8996-d770f48fc74d,2026-08-14T09:15:00Z,2026-08-14T11:15:00+0200,201.5,MW,DK2,DK_2,forecast_offshore_wind_generation,Wind Offshore,2026-08-17T08:52:17Z
2026-08-17T08:43:25Z,2026-08-17T10:43:25+0200,5f9ba03d-f545-4cd2-8996-d770f48fc74d,2026-08-14T09:30:00Z,2026-08-14T11:30:00+0200,194.166666,MW,DK2,DK_2,forecast_offshore_wind_generation,Wind Offshore,2026-08-17T08:52:17Z
2026-08-17T08:43:25Z,2026-08-17T10:43:25+0200,5f9ba03d-f545-4cd2-8996-d770f48fc74d,2026-08-14T09:45:00Z,2026-08-14T11:45:00+0200,188.166666,MW,DK2,DK_2,forecast_offshore_wind_generation,Wind Offshore,2026-08-17T08:52:17Z
2026-08-17T08:43:25Z,2026-08-17T10:43:25+0200,5f9ba03d-f545-4cd2-8996-d770f48fc74d,2026-08-14T10:00:00Z,2026-08-14T12:00:00+0200,185.0,MW,DK2,DK_2,forecast_offshore_wind_generation,Wind Offshore,2026-08-17T08:52:17Z
2026-08-17T08:43:25Z,2026-08-17T10:43:25+0200,5f9ba03d-f545-4cd2-8996-d770f48fc74d,2026-08-14T10:15:00Z,2026-08-14T12:15:00+0200,182.666666,MW,DK2,DK_2,forecast_offshore_wind_generation,Wind Offshore,2026-08-17T08:52:17Z
2026-08-17T08:43:25Z,2026-08-17T10:43:25+0200,5f9ba03d-f545-4cd2-8996-d770f48fc74d,2026-08-14T10:30:00Z,2026-08-14T12:30:00+0200,181.166666,MW,DK2,DK_2,forecast_offshore_wind_generation,Wind Offshore,2026-08-17T08:52:17Z
2026-08-17T08:43:25Z,2026-08-17T10:43:25+0200,5f9ba03d-f545-4cd2-8996-d770f48fc74d,2026-08-14T10:45:00Z,2026-08-14T12:45:00+0200,181.166666,MW,DK2,DK_2,forecast_offshore_wind_generation,Wind Offshore,2026-08-17T08:52:17Z
2026-08-17T08:43:25Z,2026-08-17T10:43:25+0200,5f9ba03d-f545-4cd2-8996-d770f48fc74d,2026-08-14T11:00:00Z,2026-08-14T13:00:00+0200,183.5,MW,DK2,DK_2,forecast_offshore_wind_generation,Wind Offshore,2026-08-17T08:52:17Z
2026-08-17T08:43:25Z,2026-08-17T10:43:25+0200,5f9ba03d-f545-4cd2-8996-d770f48fc74d,2026-08-14T11:15:00Z,2026-08-14T13:15:00+0200,187.333333,MW,DK2,DK_2,forecast_offshore_wind_generation,Wind Offshore,2026-08-17T08:52:17Z
2026-08-17T08:43:25Z,2026-08-17T10:43:25+0200,5f9ba03d-f545-4cd2-8996-d770f48fc74d,2026-08-14T11:30:00Z,2026-08-14T13:30:00+0200,194.666666,MW,DK2,DK_2,forecast_offshore_wind_generation,Wind Offshore,2026-08-17T08:52:17Z
2026-08-17T08:43:25Z,2026-08-17T10:43:25+0200,5f9ba03d-f545-4cd2-8996-d770f48fc74d,2026-08-14T11:45:00Z,2026-08-14T13:45:00+0200,203.5,MW,DK2,DK_2,forecast_offshore_wind_generation,Wind Offshore,2026-08-17T08:52:17Z
2026-08-17T08:43:25Z,2026-08-17T10:43:25+0200,5f9ba03d-f545-4cd2-8996-d770f48fc74d,2026-08-14T12:00:00Z,2026-08-14T14:00:00+0200,213.166666,MW,DK2,DK_2,forecast_offshore_wind_generation,Wind Offshore,2026-08-17T08:52:17Z
2026-08-17T08:43:25Z,2026-08-17T10:43:25+0200,5f9ba03d-f545-4cd2-8996-d770f48fc74d,2026-08-14T12:15:00Z,2026-08-14T14:15:00+0200,227.166666,MW,DK2,DK_2,forecast_offshore_wind_generation,Wind Offshore,2026-08-17T08:52:17Z
2026-08-17T08:43:25Z,2026-08-17T10:43:25+0200,5f9ba03d-f545-4cd2-8996-d770f48fc74d,2026-08-14T12:30:00Z,2026-08-14T14:30:00+0200,246.333333,MW,DK2,DK_2,forecast_offshore_wind_generation,Wind Offshore,2026-08-17T08:52:17Z
2026-08-17T08:43:25Z,2026-08-17T10:43:25+0200,5f9ba03d-f545-4cd2-8996-d770f48fc74d,2026-08-14T12:45:00Z,2026-08-14T14:45:00+0200,265.5,MW,DK2,DK_2,forecast_offshore_wind_generation,Wind Offshore,2026-08-17T08:52:17Z
2026-08-17T08:43:25Z,2026-08-17T10:43:25+0200,5f9ba03d-f545-4cd2-8996-d770f48fc74d,2026-08-14T13:00:00Z,2026-08-14T15:00:00+0200,280.0,MW,DK2,DK_2,forecast_offshore_wind_generation,Wind Offshore,2026-08-17T08:52:17Z
2026-08-17T08:43:25Z,2026-08-17T10:43:25+0200,5f9ba03d-f545-4cd2-8996-d770f48fc74d,2026-08-14T13:15:00Z,2026-08-14T15:15:00+0200,294.333333,MW,DK2,DK_2,forecast_offshore_wind_generation,Wind Offshore,2026-08-17T08:52:17Z
2026-08-17T08:43:25Z,2026-08-17T10:43:25+0200,5f9ba03d-f545-4cd2-8996-d770f48fc74d,2026-08-14T13:30:00Z,2026-08-14T15:30:00+0200,308.5,MW,DK2,DK_2,forecast_offshore_wind_generation,Wind Offshore,2026-08-17T08:52:17Z
2026-08-17T08:43:25Z,2026-08-17T10:43:25+0200,5f9ba03d-f545-4cd2-8996-d770f48fc74d,2026-08-14T13:45:00Z,2026-08-14T15:45:00+0200,321.833333,MW,DK2,DK_2,forecast_offshore_wind_generation,Wind Offshore,2026-08-17T08:52:17Z
2026-08-17T08:43:25Z,2026-08-17T10:43:25+0200,5f9ba03d-f545-4cd2-8996-d770f48fc74d,2026-08-14T14:00:00Z,2026-08-14T16:00:00+0200,332.166666,MW,DK2,DK_2,forecast_offshore_wind_generation,Wind Offshore,2026-08-17T08:52:17Z
2026-08-17T08:43:25Z,2026-08-17T10:43:25+0200,5f9ba03d-f545-4cd2-8996-d770f48fc74d,2026-08-14T14:15:00Z,2026-08-14T16:15:00+0200,343.5,MW,DK2,DK_2,forecast_offshore_wind_generation,Wind Offshore,2026-08-17T08:52:17Z
2026-08-17T08:43:25Z,2026-08-17T10:43:25+0200,5f9ba03d-f545-4cd2-8996-d770f48fc74d,2026-08-14T14:30:00Z,2026-08-14T16:30:00+0200,353.5,MW,DK2,DK_2,forecast_offshore_wind_generation,Wind Offshore,2026-08-17T08:52:17Z
2026-08-17T08:43:25Z,2026-08-17T10:43:25+0200,5f9ba03d-f545-4cd2-8996-d770f48fc74d,2026-08-14T14:45:00Z,2026-08-14T16:45:00+0200,360.333333,MW,DK2,DK_2,forecast_offshore_wind_generation,Wind Offshore,2026-08-17T08:52:17Z
2026-08-17T08:43:25Z,2026-08-17T10:43:25+0200,5f9ba03d-f545-4cd2-8996-d770f48fc74d,2026-08-14T15:00:00Z,2026-08-14T17:00:00+0200,361.833333,MW,DK2,DK_2,forecast_offshore_wind_generation,Wind Offshore,2026-08-17T08:52:17Z
2026-08-17T08:43:25Z,2026-08-17T10:43:25+0200,5f9ba03d-f545-4cd2-8996-d770f48fc74d,2026-08-14T15:15:00Z,2026-08-14T17:15:00+0200,360.166666,MW,DK2,DK_2,forecast_offshore_wind_generation,Wind Offshore,2026-08-17T08:52:17Z
2026-08-17T08:43:25Z,2026-08-17T10:43:25+0200,5f9ba03d-f545-4cd2-8996-d770f48fc74d,2026-08-14T15:30:00Z,2026-08-14T17:30:00+0200,356.333333,MW,DK2,DK_2,forecast_offshore_wind_generation,Wind Offshore,2026-08-17T08:52:17Z
2026-08-17T08:43:25Z,2026-08-17T10:43:25+0200,5f9ba03d-f545-4cd2-8996-d770f48fc74d,2026-08-14T15:45:00Z,2026-08-14T17:45:00+0200,352.5,MW,DK2,DK_2,forecast_offshore_wind_generation,Wind Offshore,2026-08-17T08:52:17Z
2026-08-17T08:43:25Z,2026-08-17T10:43:25+0200,5f9ba03d-f545-4cd2-8996-d770f48fc74d,2026-08-14T16:00:00Z,2026-08-14T18:00:00+0200,348.833333,MW,DK2,DK_2,forecast_offshore_wind_generation,Wind Offshore,2026-08-17T08:52:17Z
2026-08-17T08:43:25Z,2026-08-17T10:43:25+0200,5f9ba03d-f545-4cd2-8996-d770f48fc74d,2026-08-14T16:15:00Z,2026-08-14T18:15:00+0200,342.833333,MW,DK2,DK_2,forecast_offshore_wind_generation,Wind Offshore,2026-08-17T08:52:17Z
2026-08-17T08:43:25Z,2026-08-17T10:43:25+0200,5f9ba03d-f545-4cd2-8996-d770f48fc74d,2026-08-14T16:30:00Z,2026-08-14T18:30:00+0200,336.5,MW,DK2,DK_2,forecast_offshore_wind_generation,Wind Offshore,2026-08-17T08:52:17Z
2026-08-17T08:43:25Z,2026-08-17T10:43:25+0200,5f9ba03d-f545-4cd2-8996-d770f48fc74d,2026-08-14T16:45:00Z,2026-08-14T18:45:00+0200,332.666666,MW,DK2,DK_2,forecast_offshore_wind_generation,Wind Offshore,2026-08-17T08:52:17Z
2026-08-17T08:43:25Z,2026-08-17T10:43:25+0200,5f9ba03d-f545-4cd2-8996-d770f48fc74d,2026-08-14T17:00:00Z,2026-08-14T19:00:00+0200,332.5,MW,DK2,DK_2,forecast_offshore_wind_generation,Wind Offshore,2026-08-17T08:52:17Z
2026-08-17T08:43:25Z,2026-08-17T10:43:25+0200,5f9ba03d-f545-4cd2-8996-d770f48fc74d,2026-08-14T17:15:00Z,2026-08-14T19:15:00+0200,334.5,MW,DK2,DK_2,forecast_offshore_wind_generation,Wind Offshore,2026-08-17T08:52:17Z
2026-08-17T08:43:25Z,2026-08-17T10:43:25+0200,5f9ba03d-f545-4cd2-8996-d770f48fc74d,2026-08-14T17:30:00Z,2026-08-14T19:30:00+0200,337.5,MW,DK2,DK_2,forecast_offshore_wind_generation,Wind Offshore,2026-08-17T08:52:17Z
2026-08-17T08:43:25Z,2026-08-17T10:43:25+0200,5f9ba03d-f545-4cd2-8996-d770f48fc74d,2026-08-14T17:45:00Z,2026-08-14T19:45:00+0200,341.333333,MW,DK2,DK_2,forecast_offshore_wind_generation,Wind Offshore,2026-08-17T08:52:17Z
2026-08-17T08:43:25Z,2026-08-17T10:43:25+0200,5f9ba03d-f545-4cd2-8996-d770f48fc74d,2026-08-14T18:00:00Z,2026-08-14T20:00:00+0200,346.0,MW,DK2,DK_2,forecast_offshore_wind_generation,Wind Offshore,2026-08-17T08:52:17Z
2026-08-17T08:43:25Z,2026-08-17T10:43:25+0200,5f9ba03d-f545-4cd2-8996-d770f48fc74d,2026-08-14T18:15:00Z,2026-08-14T20:15:00+0200,352.833333,MW,DK2,DK_2,forecast_offshore_wind_generation,Wind Offshore,2026-08-17T08:52:17Z
2026-08-17T08:43:25Z,2026-08-17T10:43:25+0200,5f9ba03d-f545-4cd2-8996-d770f48fc74d,2026-08-14T18:30:00Z,2026-08-14T20:30:00+0200,363.166666,MW,DK2,DK_2,forecast_offshore_wind_generation,Wind Offshore,2026-08-17T08:52:17Z
2026-08-17T08:43:25Z,2026-08-17T10:43:25+0200,5f9ba03d-f545-4cd2-8996-d770f48fc74d,2026-08-14T18:45:00Z,2026-08-14T20:45:00+0200,375.0,MW,DK2,DK_2,forecast_offshore_wind_generation,Wind Offshore,2026-08-17T08:52:17Z
2026-08-17T08:43:25Z,2026-08-17T10:43:25+0200,5f9ba03d-f545-4cd2-8996-d770f48fc74d,2026-08-14T19:00:00Z,2026-08-14T21:00:00+0200,387.0,MW,DK2,DK_2,forecast_offshore_wind_generation,Wind Offshore,2026-08-17T08:52:17Z
2026-08-17T08:43:25Z,2026-08-17T10:43:25+0200,5f9ba03d-f545-4cd2-8996-d770f48fc74d,2026-08-14T19:15:00Z,2026-08-14T21:15:00+0200,400.0,MW,DK2,DK_2,forecast_offshore_wind_generation,Wind Offshore,2026-08-17T08:52:17Z
2026-08-17T08:43:25Z,2026-08-17T10:43:25+0200,5f9ba03d-f545-4cd2-8996-d770f48fc74d,2026-08-14T19:30:00Z,2026-08-14T21:30:00+0200,413.666666,MW,DK2,DK_2,forecast_offshore_wind_generation,Wind Offshore,2026-08-17T08:52:17Z
2026-08-17T08:43:25Z,2026-08-17T10:43:25+0200,5f9ba03d-f545-4cd2-8996-d770f48fc74d,2026-08-14T19:45:00Z,2026-08-14T21:45:00+0200,427.666666,MW,DK2,DK_2,forecast_offshore_wind_generation,Wind Offshore,2026-08-17T08:52:17Z
2026-08-17T08:43:25Z,2026-08-17T10:43:25+0200,5f9ba03d-f545-4cd2-8996-d770f48fc74d,2026-08-14T20:00:00Z,2026-08-14T22:00:00+0200,442.666666,MW,DK2,DK_2,forecast_offshore_wind_generation,Wind Offshore,2026-08-17T08:52:17Z
2026-08-17T08:43:25Z,2026-08-17T10:43:25+0200,5f9ba03d-f545-4cd2-8996-d770f48fc74d,2026-08-14T20:15:00Z,2026-08-14T22:15:00+0200,461.0,MW,DK2,DK_2,forecast_offshore_wind_generation,Wind Offshore,2026-08-17T08:52:17Z
2026-08-17T08:43:25Z,2026-08-17T10:43:25+0200,5f9ba03d-f545-4cd2-8996-d770f48fc74d,2026-08-14T20:30:00Z,2026-08-14T22:30:00+0200,479.166666,MW,DK2,DK_2,forecast_offshore_wind_generation,Wind Offshore,2026-08-17T08:52:17Z
2026-08-17T08:43:25Z,2026-08-17T10:43:25+0200,5f9ba03d-f545-4cd2-8996-d770f48fc74d,2026-08-14T20:45:00Z,2026-08-14T22:45:00+0200,495.333333,MW,DK2,DK_2,forecast_offshore_wind_generation,Wind Offshore,2026-08-17T08:52:17Z
2026-08-17T08:43:25Z,2026-08-17T10:43:25+0200,5f9ba03d-f545-4cd2-8996-d770f48fc74d,2026-08-14T21:00:00Z,2026-08-14T23:00:00+0200,509.333333,MW,DK2,DK_2,forecast_offshore_wind_generation,Wind Offshore,2026-08-17T08:52:17Z
2026-08-17T08:43:25Z,2026-08-17T10:43:25+0200,5f9ba03d-f545-4cd2-8996-d770f48fc74d,2026-08-14T21:15:00Z,2026-08-14T23:15:00+0200,522.0,MW,DK2,DK_2,forecast_offshore_wind_generation,Wind Offshore,2026-08-17T08:52:17Z
2026-08-17T08:43:25Z,2026-08-17T10:43:25+0200,5f9ba03d-f545-4cd2-8996-d770f48fc74d,2026-08-14T21:30:00Z,2026-08-14T23:30:00+0200,533.833333,MW,DK2,DK_2,forecast_offshore_wind_generation,Wind Offshore,2026-08-17T08:52:17Z
2026-08-17T08:43:25Z,2026-08-17T10:43:25+0200,5f9ba03d-f545-4cd2-8996-d770f48fc74d,2026-08-14T21:45:00Z,2026-08-14T23:45:00+0200,543.333333,MW,DK2,DK_2,forecast_offshore_wind_generation,Wind Offshore,2026-08-17T08:52:17Z
2026-08-17T08:43:25Z,2026-08-17T10:43:25+0200,5f9ba03d-f545-4cd2-8996-d770f48fc74d,2026-08-14T22:00:00Z,2026-08-15T00:00:00+0200,528.0,MW,DK2,DK_2,forecast_offshore_wind_generation,Wind Offshore,2026-08-17T08:52:17Z
2026-08-17T08:43:25Z,2026-08-17T10:43:25+0200,5f9ba03d-f545-4cd2-8996-d770f48fc74d,2026-08-14T22:15:00Z,2026-08-15T00:15:00+0200,529.0,MW,DK2,DK_2,forecast_offshore_wind_generation,Wind Offshore,2026-08-17T08:52:17Z
2026-08-17T08:43:25Z,2026-08-17T10:43:25+0200,5f9ba03d-f545-4cd2-8996-d770f48fc74d,2026-08-14T22:30:00Z,2026-08-15T00:30:00+0200,529.0,MW,DK2,DK_2,forecast_offshore_wind_generation,Wind Offshore,2026-08-17T08:52:17Z
2026-08-17T08:43:25Z,2026-08-17T10:43:25+0200,5f9ba03d-f545-4cd2-8996-d770f48fc74d,2026-08-14T22:45:00Z,2026-08-15T00:45:00+0200,529.666666,MW,DK2,DK_2,forecast_offshore_wind_generation,Wind Offshore,2026-08-17T08:52:17Z
2026-08-17T08:43:25Z,2026-08-17T10:43:25+0200,5f9ba03d-f545-4cd2-8996-d770f48fc74d,2026-08-14T23:00:00Z,2026-08-15T01:00:00+0200,532.5,MW,DK2,DK_2,forecast_offshore_wind_generation,Wind Offshore,2026-08-17T08:52:17Z
2026-08-17T08:43:25Z,2026-08-17T10:43:25+0200,5f9ba03d-f545-4cd2-8996-d770f48fc74d,2026-08-14T23:15:00Z,2026-08-15T01:15:00+0200,535.5,MW,DK2,DK_2,forecast_offshore_wind_generation,Wind Offshore,2026-08-17T08:52:17Z
2026-08-17T08:43:25Z,2026-08-17T10:43:25+0200,5f9ba03d-f545-4cd2-8996-d770f48fc74d,2026-08-14T23:30:00Z,2026-08-15T01:30:00+0200,537.666666,MW,DK2,DK_2,forecast_offshore_wind_generation,Wind Offshore,2026-08-17T08:52:17Z
2026-08-17T08:43:25Z,2026-08-17T10:43:25+0200,5f9ba03d-f545-4cd2-8996-d770f48fc74d,2026-08-14T23:45:00Z,2026-08-15T01:45:00+0200,539.5,MW,DK2,DK_2,forecast_offshore_wind_generation,Wind Offshore,2026-08-17T08:52:17Z
2026-08-17T08:43:25Z,2026-08-17T10:43:25+0200,5f9ba03d-f545-4cd2-8996-d770f48fc74d,2026-08-15T00:00:00Z,2026-08-15T02:00:00+0200,539.5,MW,DK2,DK_2,forecast_offshore_wind_generation,Wind Offshore,2026-08-17T08:52:17Z
2026-08-17T08:43:25Z,2026-08-17T10:43:25+0200,5f9ba03d-f545-4cd2-8996-d770f48fc74d,2026-08-15T00:15:00Z,2026-08-15T02:15:00+0200,536.5,MW,DK2,DK_2,forecast_offshore_wind_generation,Wind Offshore,2026-08-17T08:52:17Z
2026-08-17T08:43:25Z,2026-08-17T10:43:25+0200,5f9ba03d-f545-4cd2-8996-d770f48fc74d,2026-08-15T00:30:00Z,2026-08-15T02:30:00+0200,530.833333,MW,DK2,DK_2,forecast_offshore_wind_generation,Wind Offshore,2026-08-17T08:52:17Z
2026-08-17T08:43:25Z,2026-08-17T10:43:25+0200,5f9ba03d-f545-4cd2-8996-d770f48fc74d,2026-08-15T00:45:00Z,2026-08-15T02:45:00+0200,524.166666,MW,DK2,DK_2,forecast_offshore_wind_generation,Wind Offshore,2026-08-17T08:52:17Z
2026-08-17T08:43:25Z,2026-08-17T10:43:25+0200,5f9ba03d-f545-4cd2-8996-d770f48fc74d,2026-08-15T01:00:00Z,2026-08-15T03:00:00+0200,519.166666,MW,DK2,DK_2,forecast_offshore_wind_generation,Wind Offshore,2026-08-17T08:52:17Z
2026-08-17T08:43:25Z,2026-08-17T10:43:25+0200,5f9ba03d-f545-4cd2-8996-d770f48fc74d,2026-08-15T01:15:00Z,2026-08-15T03:15:00+0200,514.0,MW,DK2,DK_2,forecast_offshore_wind_generation,Wind Offshore,2026-08-17T08:52:17Z
2026-08-17T08:43:25Z,2026-08-17T10:43:25+0200,5f9ba03d-f545-4cd2-8996-d770f48fc74d,2026-08-15T01:30:00Z,2026-08-15T03:30:00+0200,508.0,MW,DK2,DK_2,forecast_offshore_wind_generation,Wind Offshore,2026-08-17T08:52:17Z
2026-08-17T08:43:25Z,2026-08-17T10:43:25+0200,5f9ba03d-f545-4cd2-8996-d770f48fc74d,2026-08-15T01:45:00Z,2026-08-15T03:45:00+0200,501.5,MW,DK2,DK_2,forecast_offshore_wind_generation,Wind Offshore,2026-08-17T08:52:17Z
2026-08-17T08:43:25Z,2026-08-17T10:43:25+0200,5f9ba03d-f545-4cd2-8996-d770f48fc74d,2026-08-15T02:00:00Z,2026-08-15T04:00:00+0200,493.5,MW,DK2,DK_2,forecast_offshore_wind_generation,Wind Offshore,2026-08-17T08:52:17Z
2026-08-17T08:43:25Z,2026-08-17T10:43:25+0200,5f9ba03d-f545-4cd2-8996-d770f48fc74d,2026-08-15T02:15:00Z,2026-08-15T04:15:00+0200,484.333333,MW,DK2,DK_2,forecast_offshore_wind_generation,Wind Offshore,2026-08-17T08:52:17Z
2026-08-17T08:43:25Z,2026-08-17T10:43:25+0200,5f9ba03d-f545-4cd2-8996-d770f48fc74d,2026-08-15T02:30:00Z,2026-08-15T04:30:00+0200,474.0,MW,DK2,DK_2,forecast_offshore_wind_generation,Wind Offshore,2026-08-17T08:52:17Z
2026-08-17T08:43:25Z,2026-08-17T10:43:25+0200,5f9ba03d-f545-4cd2-8996-d770f48fc74d,2026-08-15T02:45:00Z,2026-08-15T04:45:00+0200,460.333333,MW,DK2,DK_2,forecast_offshore_wind_generation,Wind Offshore,2026-08-17T08:52:17Z
2026-08-17T08:43:25Z,2026-08-17T10:43:25+0200,5f9ba03d-f545-4cd2-8996-d770f48fc74d,2026-08-15T03:00:00Z,2026-08-15T05:00:00+0200,445.0,MW,DK2,DK_2,forecast_offshore_wind_generation,Wind Offshore,2026-08-17T08:52:17Z
2026-08-17T08:43:25Z,2026-08-17T10:43:25+0200,5f9ba03d-f545-4cd2-8996-d770f48fc74d,2026-08-15T03:15:00Z,2026-08-15T05:15:00+0200,427.166666,MW,DK2,DK_2,forecast_offshore_wind_generation,Wind Offshore,2026-08-17T08:52:17Z
2026-08-17T08:43:25Z,2026-08-17T10:43:25+0200,5f9ba03d-f545-4cd2-8996-d770f48fc74d,2026-08-15T03:30:00Z,2026-08-15T05:30:00+0200,407.666666,MW,DK2,DK_2,forecast_offshore_wind_generation,Wind Offshore,2026-08-17T08:52:17Z
2026-08-17T08:43:25Z,2026-08-17T10:43:25+0200,5f9ba03d-f545-4cd2-8996-d770f48fc74d,2026-08-15T03:45:00Z,2026-08-15T05:45:00+0200,388.166666,MW,DK2,DK_2,forecast_offshore_wind_generation,Wind Offshore,2026-08-17T08:52:17Z
2026-08-17T08:43:25Z,2026-08-17T10:43:25+0200,5f9ba03d-f545-4cd2-8996-d770f48fc74d,2026-08-15T04:00:00Z,2026-08-15T06:00:00+0200,370.5,MW,DK2,DK_2,forecast_offshore_wind_generation,Wind Offshore,2026-08-17T08:52:17Z
2026-08-17T08:43:25Z,2026-08-17T10:43:25+0200,5f9ba03d-f545-4cd2-8996-d770f48fc74d,2026-08-15T04:15:00Z,2026-08-15T06:15:00+0200,354.5,MW,DK2,DK_2,forecast_offshore_wind_generation,Wind Offshore,2026-08-17T08:52:17Z
2026-08-17T08:43:25Z,2026-08-17T10:43:25+0200,5f9ba03d-f545-4cd2-8996-d770f48fc74d,2026-08-15T04:30:00Z,2026-08-15T06:30:00+0200,340.0,MW,DK2,DK_2,forecast_offshore_wind_generation,Wind Offshore,2026-08-17T08:52:17Z
2026-08-17T08:43:25Z,2026-08-17T10:43:25+0200,5f9ba03d-f545-4cd2-8996-d770f48fc74d,2026-08-15T04:45:00Z,2026-08-15T06:45:00+0200,326.666666,MW,DK2,DK_2,forecast_offshore_wind_generation,Wind Offshore,2026-08-17T08:52:17Z
2026-08-17T08:43:25Z,2026-08-17T10:43:25+0200,5f9ba03d-f545-4cd2-8996-d770f48fc74d,2026-08-15T05:00:00Z,2026-08-15T07:00:00+0200,314.333333,MW,DK2,DK_2,forecast_offshore_wind_generation,Wind Offshore,2026-08-17T08:52:17Z
2026-08-17T08:43:25Z,2026-08-17T10:43:25+0200,5f9ba03d-f545-4cd2-8996-d770f48fc74d,2026-08-15T05:15:00Z,2026-08-15T07:15:00+0200,298.5,MW,DK2,DK_2,forecast_offshore_wind_generation,Wind Offshore,2026-08-17T08:52:17Z
2026-08-17T08:43:25Z,2026-08-17T10:43:25+0200,5f9ba03d-f545-4cd2-8996-d770f48fc74d,2026-08-15T05:30:00Z,2026-08-15T07:30:00+0200,283.5,MW,DK2,DK_2,forecast_offshore_wind_generation,Wind Offshore,2026-08-17T08:52:17Z
2026-08-17T08:43:25Z,2026-08-17T10:43:25+0200,5f9ba03d-f545-4cd2-8996-d770f48fc74d,2026-08-15T05:45:00Z,2026-08-15T07:45:00+0200,270.666666,MW,DK2,DK_2,forecast_offshore_wind_generation,Wind Offshore,2026-08-17T08:52:17Z
2026-08-17T08:43:25Z,2026-08-17T10:43:25+0200,5f9ba03d-f545-4cd2-8996-d770f48fc74d,2026-08-15T06:00:00Z,2026-08-15T08:00:00+0200,256.833333,MW,DK2,DK_2,forecast_offshore_wind_generation,Wind Offshore,2026-08-17T08:52:17Z
2026-08-17T08:43:25Z,2026-08-17T10:43:25+0200,5f9ba03d-f545-4cd2-8996-d770f48fc74d,2026-08-15T06:15:00Z,2026-08-15T08:15:00+0200,237.0,MW,DK2,DK_2,forecast_offshore_wind_generation,Wind Offshore,2026-08-17T08:52:17Z
2026-08-17T08:43:25Z,2026-08-17T10:43:25+0200,5f9ba03d-f545-4cd2-8996-d770f48fc74d,2026-08-15T06:30:00Z,2026-08-15T08:30:00+0200,216.166666,MW,DK2,DK_2,forecast_offshore_wind_generation,Wind Offshore,2026-08-17T08:52:17Z
2026-08-17T08:43:25Z,2026-08-17T10:43:25+0200,5f9ba03d-f545-4cd2-8996-d770f48fc74d,2026-08-15T06:45:00Z,2026-08-15T08:45:00+0200,198.833333,MW,DK2,DK_2,forecast_offshore_wind_generation,Wind Offshore,2026-08-17T08:52:17Z
2026-08-17T08:43:25Z,2026-08-17T10:43:25+0200,5f9ba03d-f545-4cd2-8996-d770f48fc74d,2026-08-15T07:00:00Z,2026-08-15T09:00:00+0200,186.0,MW,DK2,DK_2,forecast_offshore_wind_generation,Wind Offshore,2026-08-17T08:52:17Z
2026-08-17T08:43:25Z,2026-08-17T10:43:25+0200,5f9ba03d-f545-4cd2-8996-d770f48fc74d,2026-08-15T07:15:00Z,2026-08-15T09:15:00+0200,175.166666,MW,DK2,DK_2,forecast_offshore_wind_generation,Wind Offshore,2026-08-17T08:52:17Z
2026-08-17T08:43:25Z,2026-08-17T10:43:25+0200,5f9ba03d-f545-4cd2-8996-d770f48fc74d,2026-08-15T07:30:00Z,2026-08-15T09:30:00+0200,167.0,MW,DK2,DK_2,forecast_offshore_wind_generation,Wind Offshore,2026-08-17T08:52:17Z
2026-08-17T08:43:25Z,2026-08-17T10:43:25+0200,5f9ba03d-f545-4cd2-8996-d770f48fc74d,2026-08-15T07:45:00Z,2026-08-15T09:45:00+0200,160.833333,MW,DK2,DK_2,forecast_offshore_wind_generation,Wind Offshore,2026-08-17T08:52:17Z
2026-08-17T08:43:25Z,2026-08-17T10:43:25+0200,5f9ba03d-f545-4cd2-8996-d770f48fc74d,2026-08-15T08:00:00Z,2026-08-15T10:00:00+0200,157.166666,MW,DK2,DK_2,forecast_offshore_wind_generation,Wind Offshore,2026-08-17T08:52:17Z
2026-08-17T08:43:25Z,2026-08-17T10:43:25+0200,5f9ba03d-f545-4cd2-8996-d770f48fc74d,2026-08-15T08:15:00Z,2026-08-15T10:15:00+0200,159.166666,MW,DK2,DK_2,forecast_offshore_wind_generation,Wind Offshore,2026-08-17T08:52:17Z
2026-08-17T08:43:25Z,2026-08-17T10:43:25+0200,5f9ba03d-f545-4cd2-8996-d770f48fc74d,2026-08-15T08:30:00Z,2026-08-15T10:30:00+0200,165.166666,MW,DK2,DK_2,forecast_offshore_wind_generation,Wind Offshore,2026-08-17T08:52:17Z
2026-08-17T08:43:25Z,2026-08-17T10:43:25+0200,5f9ba03d-f545-4cd2-8996-d770f48fc74d,2026-08-15T08:45:00Z,2026-08-15T10:45:00+0200,171.333333,MW,DK2,DK_2,forecast_offshore_wind_generation,Wind Offshore,2026-08-17T08:52:17Z
2026-08-17T08:43:25Z,2026-08-17T10:43:25+0200,5f9ba03d-f545-4cd2-8996-d770f48fc74d,2026-08-15T09:00:00Z,2026-08-15T11:00:00+0200,174.5,MW,DK2,DK_2,forecast_offshore_wind_generation,Wind Offshore,2026-08-17T08:52:17Z
2026-08-17T08:43:25Z,2026-08-17T10:43:25+0200,5f9ba03d-f545-4cd2-8996-d770f48fc74d,2026-08-15T09:15:00Z,2026-08-15T11:15:00+0200,178.333333,MW,DK2,DK_2,forecast_offshore_wind_generation,Wind Offshore,2026-08-17T08:52:17Z
2026-08-17T08:43:25Z,2026-08-17T10:43:25+0200,5f9ba03d-f545-4cd2-8996-d770f48fc74d,2026-08-15T09:30:00Z,2026-08-15T11:30:00+0200,182.5,MW,DK2,DK_2,forecast_offshore_wind_generation,Wind Offshore,2026-08-17T08:52:17Z
2026-08-17T08:43:25Z,2026-08-17T10:43:25+0200,5f9ba03d-f545-4cd2-8996-d770f48fc74d,2026-08-15T09:45:00Z,2026-08-15T11:45:00+0200,187.833333,MW,DK2,DK_2,forecast_offshore_wind_generation,Wind Offshore,2026-08-17T08:52:17Z
2026-08-17T08:43:25Z,2026-08-17T10:43:25+0200,5f9ba03d-f545-4cd2-8996-d770f48fc74d,2026-08-15T10:00:00Z,2026-08-15T12:00:00+0200,193.0,MW,DK2,DK_2,forecast_offshore_wind_generation,Wind Offshore,2026-08-17T08:52:17Z
2026-08-17T08:43:25Z,2026-08-17T10:43:25+0200,5f9ba03d-f545-4cd2-8996-d770f48fc74d,2026-08-15T10:15:00Z,2026-08-15T12:15:00+0200,200.0,MW,DK2,DK_2,forecast_offshore_wind_generation,Wind Offshore,2026-08-17T08:52:17Z
2026-08-17T08:43:25Z,2026-08-17T10:43:25+0200,5f9ba03d-f545-4cd2-8996-d770f48fc74d,2026-08-15T10:30:00Z,2026-08-15T12:30:00+0200,208.333333,MW,DK2,DK_2,forecast_offshore_wind_generation,Wind Offshore,2026-08-17T08:52:17Z
2026-08-17T08:43:25Z,2026-08-17T10:43:25+0200,5f9ba03d-f545-4cd2-8996-d770f48fc74d,2026-08-15T10:45:00Z,2026-08-15T12:45:00+0200,215.666666,MW,DK2,DK_2,forecast_offshore_wind_generation,Wind Offshore,2026-08-17T08:52:17Z
2026-08-17T08:43:25Z,2026-08-17T10:43:25+0200,5f9ba03d-f545-4cd2-8996-d770f48fc74d,2026-08-15T11:00:00Z,2026-08-15T13:00:00+0200,219.833333,MW,DK2,DK_2,forecast_offshore_wind_generation,Wind Offshore,2026-08-17T08:52:17Z
2026-08-17T08:43:25Z,2026-08-17T10:43:25+0200,5f9ba03d-f545-4cd2-8996-d770f48fc74d,2026-08-15T11:15:00Z,2026-08-15T13:15:00+0200,221.0,MW,DK2,DK_2,forecast_offshore_wind_generation,Wind Offshore,2026-08-17T08:52:17Z
2026-08-17T08:43:25Z,2026-08-17T10:43:25+0200,5f9ba03d-f545-4cd2-8996-d770f48fc74d,2026-08-15T11:30:00Z,2026-08-15T13:30:00+0200,221.833333,MW,DK2,DK_2,forecast_offshore_wind_generation,Wind Offshore,2026-08-17T08:52:17Z
2026-08-17T08:43:25Z,2026-08-17T10:43:25+0200,5f9ba03d-f545-4cd2-8996-d770f48fc74d,2026-08-15T11:45:00Z,2026-08-15T13:45:00+0200,222.166666,MW,DK2,DK_2,forecast_offshore_wind_generation,Wind Offshore,2026-08-17T08:52:17Z
2026-08-17T08:43:25Z,2026-08-17T10:43:25+0200,5f9ba03d-f545-4cd2-8996-d770f48fc74d,2026-08-15T12:00:00Z,2026-08-15T14:00:00+0200,225.333333,MW,DK2,DK_2,forecast_offshore_wind_generation,Wind Offshore,2026-08-17T08:52:17Z
2026-08-17T08:43:25Z,2026-08-17T10:43:25+0200,5f9ba03d-f545-4cd2-8996-d770f48fc74d,2026-08-15T12:15:00Z,2026-08-15T14:15:00+0200,232.833333,MW,DK2,DK_2,forecast_offshore_wind_generation,Wind Offshore,2026-08-17T08:52:17Z
2026-08-17T08:43:25Z,2026-08-17T10:43:25+0200,5f9ba03d-f545-4cd2-8996-d770f48fc74d,2026-08-15T12:30:00Z,2026-08-15T14:30:00+0200,244.166666,MW,DK2,DK_2,forecast_offshore_wind_generation,Wind Offshore,2026-08-17T08:52:17Z
2026-08-17T08:43:25Z,2026-08-17T10:43:25+0200,5f9ba03d-f545-4cd2-8996-d770f48fc74d,2026-08-15T12:45:00Z,2026-08-15T14:45:00+0200,255.333333,MW,DK2,DK_2,forecast_offshore_wind_generation,Wind Offshore,2026-08-17T08:52:17Z
2026-08-17T08:43:25Z,2026-08-17T10:43:25+0200,5f9ba03d-f545-4cd2-8996-d770f48fc74d,2026-08-15T13:00:00Z,2026-08-15T15:00:00+0200,261.833333,MW,DK2,DK_2,forecast_offshore_wind_generation,Wind Offshore,2026-08-17T08:52:17Z
2026-08-17T08:43:25Z,2026-08-17T10:43:25+0200,5f9ba03d-f545-4cd2-8996-d770f48fc74d,2026-08-15T13:15:00Z,2026-08-15T15:15:00+0200,266.333333,MW,DK2,DK_2,forecast_offshore_wind_generation,Wind Offshore,2026-08-17T08:52:17Z
2026-08-17T08:43:25Z,2026-08-17T10:43:25+0200,5f9ba03d-f545-4cd2-8996-d770f48fc74d,2026-08-15T13:30:00Z,2026-08-15T15:30:00+0200,270.0,MW,DK2,DK_2,forecast_offshore_wind_generation,Wind Offshore,2026-08-17T08:52:17Z
2026-08-17T08:43:25Z,2026-08-17T10:43:25+0200,5f9ba03d-f545-4cd2-8996-d770f48fc74d,2026-08-15T13:45:00Z,2026-08-15T15:45:00+0200,275.0,MW,DK2,DK_2,forecast_offshore_wind_generation,Wind Offshore,2026-08-17T08:52:17Z
2026-08-17T08:43:25Z,2026-08-17T10:43:25+0200,5f9ba03d-f545-4cd2-8996-d770f48fc74d,2026-08-15T14:00:00Z,2026-08-15T16:00:00+0200,282.833333,MW,DK2,DK_2,forecast_offshore_wind_generation,Wind Offshore,2026-08-17T08:52:17Z
2026-08-17T08:43:25Z,2026-08-17T10:43:25+0200,5f9ba03d-f545-4cd2-8996-d770f48fc74d,2026-08-15T14:15:00Z,2026-08-15T16:15:00+0200,296.5,MW,DK2,DK_2,forecast_offshore_wind_generation,Wind Offshore,2026-08-17T08:52:17Z
2026-08-17T08:43:25Z,2026-08-17T10:43:25+0200,5f9ba03d-f545-4cd2-8996-d770f48fc74d,2026-08-15T14:30:00Z,2026-08-15T16:30:00+0200,312.0,MW,DK2,DK_2,forecast_offshore_wind_generation,Wind Offshore,2026-08-17T08:52:17Z
2026-08-17T08:43:25Z,2026-08-17T10:43:25+0200,5f9ba03d-f545-4cd2-8996-d770f48fc74d,2026-08-15T14:45:00Z,2026-08-15T16:45:00+0200,325.666666,MW,DK2,DK_2,forecast_offshore_wind_generation,Wind Offshore,2026-08-17T08:52:17Z
2026-08-17T08:43:25Z,2026-08-17T10:43:25+0200,5f9ba03d-f545-4cd2-8996-d770f48fc74d,2026-08-15T15:00:00Z,2026-08-15T17:00:00+0200,333.166666,MW,DK2,DK_2,forecast_offshore_wind_generation,Wind Offshore,2026-08-17T08:52:17Z
2026-08-17T08:43:25Z,2026-08-17T10:43:25+0200,5f9ba03d-f545-4cd2-8996-d770f48fc74d,2026-08-15T15:15:00Z,2026-08-15T17:15:00+0200,340.666666,MW,DK2,DK_2,forecast_offshore_wind_generation,Wind Offshore,2026-08-17T08:52:17Z
2026-08-17T08:43:25Z,2026-08-17T10:43:25+0200,5f9ba03d-f545-4cd2-8996-d770f48fc74d,2026-08-15T15:30:00Z,2026-08-15T17:30:00+0200,350.5,MW,DK2,DK_2,forecast_offshore_wind_generation,Wind Offshore,2026-08-17T08:52:17Z
2026-08-17T08:43:25Z,2026-08-17T10:43:25+0200,5f9ba03d-f545-4cd2-8996-d770f48fc74d,2026-08-15T15:45:00Z,2026-08-15T17:45:00+0200,361.166666,MW,DK2,DK_2,forecast_offshore_wind_generation,Wind Offshore,2026-08-17T08:52:17Z
2026-08-17T08:43:25Z,2026-08-17T10:43:25+0200,5f9ba03d-f545-4cd2-8996-d770f48fc74d,2026-08-15T16:00:00Z,2026-08-15T18:00:00+0200,369.666666,MW,DK2,DK_2,forecast_offshore_wind_generation,Wind Offshore,2026-08-17T08:52:17Z
2026-08-17T08:43:25Z,2026-08-17T10:43:25+0200,5f9ba03d-f545-4cd2-8996-d770f48fc74d,2026-08-15T16:15:00Z,2026-08-15T18:15:00+0200,380.833333,MW,DK2,DK_2,forecast_offshore_wind_generation,Wind Offshore,2026-08-17T08:52:17Z
2026-08-17T08:43:25Z,2026-08-17T10:43:25+0200,5f9ba03d-f545-4cd2-8996-d770f48fc74d,2026-08-15T16:30:00Z,2026-08-15T18:30:00+0200,391.833333,MW,DK2,DK_2,forecast_offshore_wind_generation,Wind Offshore,2026-08-17T08:52:17Z
2026-08-17T08:43:25Z,2026-08-17T10:43:25+0200,5f9ba03d-f545-4cd2-8996-d770f48fc74d,2026-08-15T16:45:00Z,2026-08-15T18:45:00+0200,401.333333,MW,DK2,DK_2,forecast_offshore_wind_generation,Wind Offshore,2026-08-17T08:52:17Z
2026-08-17T08:43:25Z,2026-08-17T10:43:25+0200,5f9ba03d-f545-4cd2-8996-d770f48fc74d,2026-08-15T17:00:00Z,2026-08-15T19:00:00+0200,407.166666,MW,DK2,DK_2,forecast_offshore_wind_generation,Wind Offshore,2026-08-17T08:52:17Z
2026-08-17T08:43:25Z,2026-08-17T10:43:25+0200,5f9ba03d-f545-4cd2-8996-d770f48fc74d,2026-08-15T17:15:00Z,2026-08-15T19:15:00+0200,413.833333,MW,DK2,DK_2,forecast_offshore_wind_generation,Wind Offshore,2026-08-17T08:52:17Z
2026-08-17T08:43:25Z,2026-08-17T10:43:25+0200,5f9ba03d-f545-4cd2-8996-d770f48fc74d,2026-08-15T17:30:00Z,2026-08-15T19:30:00+0200,419.833333,MW,DK2,DK_2,forecast_offshore_wind_generation,Wind Offshore,2026-08-17T08:52:17Z
2026-08-17T08:43:25Z,2026-08-17T10:43:25+0200,5f9ba03d-f545-4cd2-8996-d770f48fc74d,2026-08-15T17:45:00Z,2026-08-15T19:45:00+0200,423.5,MW,DK2,DK_2,forecast_offshore_wind_generation,Wind Offshore,2026-08-17T08:52:17Z
2026-08-17T08:43:25Z,2026-08-17T10:43:25+0200,5f9ba03d-f545-4cd2-8996-d770f48fc74d,2026-08-15T18:00:00Z,2026-08-15T20:00:00+0200,424.833333,MW,DK2,DK_2,forecast_offshore_wind_generation,Wind Offshore,2026-08-17T08:52:17Z
2026-08-17T08:43:25Z,2026-08-17T10:43:25+0200,5f9ba03d-f545-4cd2-8996-d770f48fc74d,2026-08-15T18:15:00Z,2026-08-15T20:15:00+0200,423.333333,MW,DK2,DK_2,forecast_offshore_wind_generation,Wind Offshore,2026-08-17T08:52:17Z
2026-08-17T08:43:25Z,2026-08-17T10:43:25+0200,5f9ba03d-f545-4cd2-8996-d770f48fc74d,2026-08-15T18:30:00Z,2026-08-15T20:30:00+0200,421.5,MW,DK2,DK_2,forecast_offshore_wind_generation,Wind Offshore,2026-08-17T08:52:17Z
2026-08-17T08:43:25Z,2026-08-17T10:43:25+0200,5f9ba03d-f545-4cd2-8996-d770f48fc74d,2026-08-15T18:45:00Z,2026-08-15T20:45:00+0200,421.666666,MW,DK2,DK_2,forecast_offshore_wind_generation,Wind Offshore,2026-08-17T08:52:17Z
2026-08-17T08:43:25Z,2026-08-17T10:43:25+0200,5f9ba03d-f545-4cd2-8996-d770f48fc74d,2026-08-15T19:00:00Z,2026-08-15T21:00:00+0200,425.333333,MW,DK2,DK_2,forecast_offshore_wind_generation,Wind Offshore,2026-08-17T08:52:17Z
2026-08-17T08:43:25Z,2026-08-17T10:43:25+0200,5f9ba03d-f545-4cd2-8996-d770f48fc74d,2026-08-15T19:15:00Z,2026-08-15T21:15:00+0200,433.5,MW,DK2,DK_2,forecast_offshore_wind_generation,Wind Offshore,2026-08-17T08:52:17Z
2026-08-17T08:43:25Z,2026-08-17T10:43:25+0200,5f9ba03d-f545-4cd2-8996-d770f48fc74d,2026-08-15T19:30:00Z,2026-08-15T21:30:00+0200,442.5,MW,DK2,DK_2,forecast_offshore_wind_generation,Wind Offshore,2026-08-17T08:52:17Z
2026-08-17T08:43:25Z,2026-08-17T10:43:25+0200,5f9ba03d-f545-4cd2-8996-d770f48fc74d,2026-08-15T19:45:00Z,2026-08-15T21:45:00+0200,449.833333,MW,DK2,DK_2,forecast_offshore_wind_generation,Wind Offshore,2026-08-17T08:52:17Z
2026-08-17T08:43:25Z,2026-08-17T10:43:25+0200,5f9ba03d-f545-4cd2-8996-d770f48fc74d,2026-08-15T20:00:00Z,2026-08-15T22:00:00+0200,453.5,MW,DK2,DK_2,forecast_offshore_wind_generation,Wind Offshore,2026-08-17T08:52:17Z
2026-08-17T08:43:25Z,2026-08-17T10:43:25+0200,5f9ba03d-f545-4cd2-8996-d770f48fc74d,2026-08-15T20:15:00Z,2026-08-15T22:15:00+0200,457.666666,MW,DK2,DK_2,forecast_offshore_wind_generation,Wind Offshore,2026-08-17T08:52:17Z
2026-08-17T08:43:25Z,2026-08-17T10:43:25+0200,5f9ba03d-f545-4cd2-8996-d770f48fc74d,2026-08-15T20:30:00Z,2026-08-15T22:30:00+0200,464.0,MW,DK2,DK_2,forecast_offshore_wind_generation,Wind Offshore,2026-08-17T08:52:17Z
2026-08-17T08:43:25Z,2026-08-17T10:43:25+0200,5f9ba03d-f545-4cd2-8996-d770f48fc74d,2026-08-15T20:45:00Z,2026-08-15T22:45:00+0200,470.0,MW,DK2,DK_2,forecast_offshore_wind_generation,Wind Offshore,2026-08-17T08:52:17Z
2026-08-17T08:43:25Z,2026-08-17T10:43:25+0200,5f9ba03d-f545-4cd2-8996-d770f48fc74d,2026-08-15T21:00:00Z,2026-08-15T23:00:00+0200,477.666666,MW,DK2,DK_2,forecast_offshore_wind_generation,Wind Offshore,2026-08-17T08:52:17Z
2026-08-17T08:43:25Z,2026-08-17T10:43:25+0200,5f9ba03d-f545-4cd2-8996-d770f48fc74d,2026-08-15T21:15:00Z,2026-08-15T23:15:00+0200,488.5,MW,DK2,DK_2,forecast_offshore_wind_generation,Wind Offshore,2026-08-17T08:52:17Z
2026-08-17T08:43:25Z,2026-08-17T10:43:25+0200,5f9ba03d-f545-4cd2-8996-d770f48fc74d,2026-08-15T21:30:00Z,2026-08-15T23:30:00+0200,499.5,MW,DK2,DK_2,forecast_offshore_wind_generation,Wind Offshore,2026-08-17T08:52:17Z
2026-08-17T08:43:25Z,2026-08-17T10:43:25+0200,5f9ba03d-f545-4cd2-8996-d770f48fc74d,2026-08-15T21:45:00Z,2026-08-15T23:45:00+0200,509.333333,MW,DK2,DK_2,forecast_offshore_wind_generation,Wind Offshore,2026-08-17T08:52:17Z
2026-08-17T08:43:25Z,2026-08-17T10:43:25+0200,5f9ba03d-f545-4cd2-8996-d770f48fc74d,2026-08-15T22:00:00Z,2026-08-16T00:00:00+0200,539.666666,MW,DK2,DK_2,forecast_offshore_wind_generation,Wind Offshore,2026-08-17T08:52:17Z
2026-08-17T08:43:25Z,2026-08-17T10:43:25+0200,5f9ba03d-f545-4cd2-8996-d770f48fc74d,2026-08-15T22:15:00Z,2026-08-16T00:15:00+0200,542.666666,MW,DK2,DK_2,forecast_offshore_wind_generation,Wind Offshore,2026-08-17T08:52:17Z
2026-08-17T08:43:25Z,2026-08-17T10:43:25+0200,5f9ba03d-f545-4cd2-8996-d770f48fc74d,2026-08-15T22:30:00Z,2026-08-16T00:30:00+0200,547.833333,MW,DK2,DK_2,forecast_offshore_wind_generation,Wind Offshore,2026-08-17T08:52:17Z
2026-08-17T08:43:25Z,2026-08-17T10:43:25+0200,5f9ba03d-f545-4cd2-8996-d770f48fc74d,2026-08-15T22:45:00Z,2026-08-16T00:45:00+0200,552.333333,MW,DK2,DK_2,forecast_offshore_wind_generation,Wind Offshore,2026-08-17T08:52:17Z
2026-08-17T08:43:25Z,2026-08-17T10:43:25+0200,5f9ba03d-f545-4cd2-8996-d770f48fc74d,2026-08-15T23:00:00Z,2026-08-16T01:00:00+0200,554.0,MW,DK2,DK_2,forecast_offshore_wind_generation,Wind Offshore,2026-08-17T08:52:17Z
2026-08-17T08:43:25Z,2026-08-17T10:43:25+0200,5f9ba03d-f545-4cd2-8996-d770f48fc74d,2026-08-15T23:15:00Z,2026-08-16T01:15:00+0200,553.833333,MW,DK2,DK_2,forecast_offshore_wind_generation,Wind Offshore,2026-08-17T08:52:17Z
2026-08-17T08:43:25Z,2026-08-17T10:43:25+0200,5f9ba03d-f545-4cd2-8996-d770f48fc74d,2026-08-15T23:30:00Z,2026-08-16T01:30:00+0200,550.666666,MW,DK2,DK_2,forecast_offshore_wind_generation,Wind Offshore,2026-08-17T08:52:17Z
2026-08-17T08:43:25Z,2026-08-17T10:43:25+0200,5f9ba03d-f545-4cd2-8996-d770f48fc74d,2026-08-15T23:45:00Z,2026-08-16T01:45:00+0200,546.666666,MW,DK2,DK_2,forecast_offshore_wind_generation,Wind Offshore,2026-08-17T08:52:17Z
2026-08-17T08:43:25Z,2026-08-17T10:43:25+0200,5f9ba03d-f545-4cd2-8996-d770f48fc74d,2026-08-16T00:00:00Z,2026-08-16T02:00:00+0200,543.333333,MW,DK2,DK_2,forecast_offshore_wind_generation,Wind Offshore,2026-08-17T08:52:17Z
2026-08-17T08:43:25Z,2026-08-17T10:43:25+0200,5f9ba03d-f545-4cd2-8996-d770f48fc74d,2026-08-16T00:15:00Z,2026-08-16T02:15:00+0200,539.0,MW,DK2,DK_2,forecast_offshore_wind_generation,Wind Offshore,2026-08-17T08:52:17Z
2026-08-17T08:43:25Z,2026-08-17T10:43:25+0200,5f9ba03d-f545-4cd2-8996-d770f48fc74d,2026-08-16T00:30:00Z,2026-08-16T02:30:00+0200,534.5,MW,DK2,DK_2,forecast_offshore_wind_generation,Wind Offshore,2026-08-17T08:52:17Z
2026-08-17T08:43:25Z,2026-08-17T10:43:25+0200,5f9ba03d-f545-4cd2-8996-d770f48fc74d,2026-08-16T00:45:00Z,2026-08-16T02:45:00+0200,530.5,MW,DK2,DK_2,forecast_offshore_wind_generation,Wind Offshore,2026-08-17T08:52:17Z
2026-08-17T08:43:25Z,2026-08-17T10:43:25+0200,5f9ba03d-f545-4cd2-8996-d770f48fc74d,2026-08-16T01:00:00Z,2026-08-16T03:00:00+0200,527.5,MW,DK2,DK_2,forecast_offshore_wind_generation,Wind Offshore,2026-08-17T08:52:17Z
2026-08-17T08:43:25Z,2026-08-17T10:43:25+0200,5f9ba03d-f545-4cd2-8996-d770f48fc74d,2026-08-16T01:15:00Z,2026-08-16T03:15:00+0200,524.5,MW,DK2,DK_2,forecast_offshore_wind_generation,Wind Offshore,2026-08-17T08:52:17Z
2026-08-17T08:43:25Z,2026-08-17T10:43:25+0200,5f9ba03d-f545-4cd2-8996-d770f48fc74d,2026-08-16T01:30:00Z,2026-08-16T03:30:00+0200,522.0,MW,DK2,DK_2,forecast_offshore_wind_generation,Wind Offshore,2026-08-17T08:52:17Z
2026-08-17T08:43:25Z,2026-08-17T10:43:25+0200,5f9ba03d-f545-4cd2-8996-d770f48fc74d,2026-08-16T01:45:00Z,2026-08-16T03:45:00+0200,520.166666,MW,DK2,DK_2,forecast_offshore_wind_generation,Wind Offshore,2026-08-17T08:52:17Z
2026-08-17T08:43:25Z,2026-08-17T10:43:25+0200,5f9ba03d-f545-4cd2-8996-d770f48fc74d,2026-08-16T02:00:00Z,2026-08-16T04:00:00+0200,520.0,MW,DK2,DK_2,forecast_offshore_wind_generation,Wind Offshore,2026-08-17T08:52:17Z
2026-08-17T08:43:25Z,2026-08-17T10:43:25+0200,5f9ba03d-f545-4cd2-8996-d770f48fc74d,2026-08-16T02:15:00Z,2026-08-16T04:15:00+0200,520.0,MW,DK2,DK_2,forecast_offshore_wind_generation,Wind Offshore,2026-08-17T08:52:17Z
2026-08-17T08:43:25Z,2026-08-17T10:43:25+0200,5f9ba03d-f545-4cd2-8996-d770f48fc74d,2026-08-16T02:30:00Z,2026-08-16T04:30:00+0200,519.166666,MW,DK2,DK_2,forecast_offshore_wind_generation,Wind Offshore,2026-08-17T08:52:17Z
2026-08-17T08:43:25Z,2026-08-17T10:43:25+0200,5f9ba03d-f545-4cd2-8996-d770f48fc74d,2026-08-16T02:45:00Z,2026-08-16T04:45:00+0200,520.333333,MW,DK2,DK_2,forecast_offshore_wind_generation,Wind Offshore,2026-08-17T08:52:17Z
2026-08-17T08:43:25Z,2026-08-17T10:43:25+0200,5f9ba03d-f545-4cd2-8996-d770f48fc74d,2026-08-16T03:00:00Z,2026-08-16T05:00:00+0200,522.0,MW,DK2,DK_2,forecast_offshore_wind_generation,Wind Offshore,2026-08-17T08:52:17Z
2026-08-17T08:43:25Z,2026-08-17T10:43:25+0200,5f9ba03d-f545-4cd2-8996-d770f48fc74d,2026-08-16T03:15:00Z,2026-08-16T05:15:00+0200,524.0,MW,DK2,DK_2,forecast_offshore_wind_generation,Wind Offshore,2026-08-17T08:52:17Z
2026-08-17T08:43:25Z,2026-08-17T10:43:25+0200,5f9ba03d-f545-4cd2-8996-d770f48fc74d,2026-08-16T03:30:00Z,2026-08-16T05:30:00+0200,525.5,MW,DK2,DK_2,forecast_offshore_wind_generation,Wind Offshore,2026-08-17T08:52:17Z
2026-08-17T08:43:25Z,2026-08-17T10:43:25+0200,5f9ba03d-f545-4cd2-8996-d770f48fc74d,2026-08-16T03:45:00Z,2026-08-16T05:45:00+0200,525.833333,MW,DK2,DK_2,forecast_offshore_wind_generation,Wind Offshore,2026-08-17T08:52:17Z
2026-08-17T08:43:25Z,2026-08-17T10:43:25+0200,5f9ba03d-f545-4cd2-8996-d770f48fc74d,2026-08-16T04:00:00Z,2026-08-16T06:00:00+0200,523.333333,MW,DK2,DK_2,forecast_offshore_wind_generation,Wind Offshore,2026-08-17T08:52:17Z
2026-08-17T08:43:25Z,2026-08-17T10:43:25+0200,5f9ba03d-f545-4cd2-8996-d770f48fc74d,2026-08-16T04:15:00Z,2026-08-16T06:15:00+0200,518.833333,MW,DK2,DK_2,forecast_offshore_wind_generation,Wind Offshore,2026-08-17T08:52:17Z
2026-08-17T08:43:25Z,2026-08-17T10:43:25+0200,5f9ba03d-f545-4cd2-8996-d770f48fc74d,2026-08-16T04:30:00Z,2026-08-16T06:30:00+0200,513.166666,MW,DK2,DK_2,forecast_offshore_wind_generation,Wind Offshore,2026-08-17T08:52:17Z
2026-08-17T08:43:25Z,2026-08-17T10:43:25+0200,5f9ba03d-f545-4cd2-8996-d770f48fc74d,2026-08-16T04:45:00Z,2026-08-16T06:45:00+0200,507.666666,MW,DK2,DK_2,forecast_offshore_wind_generation,Wind Offshore,2026-08-17T08:52:17Z
2026-08-17T08:43:25Z,2026-08-17T10:43:25+0200,5f9ba03d-f545-4cd2-8996-d770f48fc74d,2026-08-16T05:00:00Z,2026-08-16T07:00:00+0200,504.5,MW,DK2,DK_2,forecast_offshore_wind_generation,Wind Offshore,2026-08-17T08:52:17Z
2026-08-17T08:43:25Z,2026-08-17T10:43:25+0200,5f9ba03d-f545-4cd2-8996-d770f48fc74d,2026-08-16T05:15:00Z,2026-08-16T07:15:00+0200,503.166666,MW,DK2,DK_2,forecast_offshore_wind_generation,Wind Offshore,2026-08-17T08:52:17Z
2026-08-17T08:43:25Z,2026-08-17T10:43:25+0200,5f9ba03d-f545-4cd2-8996-d770f48fc74d,2026-08-16T05:30:00Z,2026-08-16T07:30:00+0200,503.0,MW,DK2,DK_2,forecast_offshore_wind_generation,Wind Offshore,2026-08-17T08:52:17Z
2026-08-17T08:43:25Z,2026-08-17T10:43:25+0200,5f9ba03d-f545-4cd2-8996-d770f48fc74d,2026-08-16T05:45:00Z,2026-08-16T07:45:00+0200,503.166666,MW,DK2,DK_2,forecast_offshore_wind_generation,Wind Offshore,2026-08-17T08:52:17Z
2026-08-17T08:43:25Z,2026-08-17T10:43:25+0200,5f9ba03d-f545-4cd2-8996-d770f48fc74d,2026-08-16T06:00:00Z,2026-08-16T08:00:00+0200,504.666666,MW,DK2,DK_2,forecast_offshore_wind_generation,Wind Offshore,2026-08-17T08:52:17Z
2026-08-17T08:43:25Z,2026-08-17T10:43:25+0200,5f9ba03d-f545-4cd2-8996-d770f48fc74d,2026-08-16T06:15:00Z,2026-08-16T08:15:00+0200,508.5,MW,DK2,DK_2,forecast_offshore_wind_generation,Wind Offshore,2026-08-17T08:52:17Z
2026-08-17T08:43:25Z,2026-08-17T10:43:25+0200,5f9ba03d-f545-4cd2-8996-d770f48fc74d,2026-08-16T06:30:00Z,2026-08-16T08:30:00+0200,513.5,MW,DK2,DK_2,forecast_offshore_wind_generation,Wind Offshore,2026-08-17T08:52:17Z
2026-08-17T08:43:25Z,2026-08-17T10:43:25+0200,5f9ba03d-f545-4cd2-8996-d770f48fc74d,2026-08-16T06:45:00Z,2026-08-16T08:45:00+0200,518.333333,MW,DK2,DK_2,forecast_offshore_wind_generation,Wind Offshore,2026-08-17T08:52:17Z
2026-08-17T08:43:25Z,2026-08-17T10:43:25+0200,5f9ba03d-f545-4cd2-8996-d770f48fc74d,2026-08-16T07:00:00Z,2026-08-16T09:00:00+0200,522.166666,MW,DK2,DK_2,forecast_offshore_wind_generation,Wind Offshore,2026-08-17T08:52:17Z
2026-08-17T08:43:25Z,2026-08-17T10:43:25+0200,5f9ba03d-f545-4cd2-8996-d770f48fc74d,2026-08-16T07:15:00Z,2026-08-16T09:15:00+0200,528.0,MW,DK2,DK_2,forecast_offshore_wind_generation,Wind Offshore,2026-08-17T08:52:17Z
2026-08-17T08:43:25Z,2026-08-17T10:43:25+0200,5f9ba03d-f545-4cd2-8996-d770f48fc74d,2026-08-16T07:30:00Z,2026-08-16T09:30:00+0200,534.0,MW,DK2,DK_2,forecast_offshore_wind_generation,Wind Offshore,2026-08-17T08:52:17Z
2026-08-17T08:43:25Z,2026-08-17T10:43:25+0200,5f9ba03d-f545-4cd2-8996-d770f48fc74d,2026-08-16T07:45:00Z,2026-08-16T09:45:00+0200,538.333333,MW,DK2,DK_2,forecast_offshore_wind_generation,Wind Offshore,2026-08-17T08:52:17Z
2026-08-17T08:43:25Z,2026-08-17T10:43:25+0200,5f9ba03d-f545-4cd2-8996-d770f48fc74d,2026-08-16T08:00:00Z,2026-08-16T10:00:00+0200,538.166666,MW,DK2,DK_2,forecast_offshore_wind_generation,Wind Offshore,2026-08-17T08:52:17Z
2026-08-17T08:43:25Z,2026-08-17T10:43:25+0200,5f9ba03d-f545-4cd2-8996-d770f48fc74d,2026-08-16T08:15:00Z,2026-08-16T10:15:00+0200,533.666666,MW,DK2,DK_2,forecast_offshore_wind_generation,Wind Offshore,2026-08-17T08:52:17Z
2026-08-17T08:43:25Z,2026-08-17T10:43:25+0200,5f9ba03d-f545-4cd2-8996-d770f48fc74d,2026-08-16T08:30:00Z,2026-08-16T10:30:00+0200,527.166666,MW,DK2,DK_2,forecast_offshore_wind_generation,Wind Offshore,2026-08-17T08:52:17Z
2026-08-17T08:43:25Z,2026-08-17T10:43:25+0200,5f9ba03d-f545-4cd2-8996-d770f48fc74d,2026-08-16T08:45:00Z,2026-08-16T10:45:00+0200,523.166666,MW,DK2,DK_2,forecast_offshore_wind_generation,Wind Offshore,2026-08-17T08:52:17Z
2026-08-17T08:43:25Z,2026-08-17T10:43:25+0200,5f9ba03d-f545-4cd2-8996-d770f48fc74d,2026-08-16T09:00:00Z,2026-08-16T11:00:00+0200,523.0,MW,DK2,DK_2,forecast_offshore_wind_generation,Wind Offshore,2026-08-17T08:52:17Z
2026-08-17T08:43:25Z,2026-08-17T10:43:25+0200,5f9ba03d-f545-4cd2-8996-d770f48fc74d,2026-08-16T09:15:00Z,2026-08-16T11:15:00+0200,525.0,MW,DK2,DK_2,forecast_offshore_wind_generation,Wind Offshore,2026-08-17T08:52:17Z
2026-08-17T08:43:25Z,2026-08-17T10:43:25+0200,5f9ba03d-f545-4cd2-8996-d770f48fc74d,2026-08-16T09:30:00Z,2026-08-16T11:30:00+0200,527.5,MW,DK2,DK_2,forecast_offshore_wind_generation,Wind Offshore,2026-08-17T08:52:17Z
2026-08-17T08:43:25Z,2026-08-17T10:43:25+0200,5f9ba03d-f545-4cd2-8996-d770f48fc74d,2026-08-16T09:45:00Z,2026-08-16T11:45:00+0200,530.5,MW,DK2,DK_2,forecast_offshore_wind_generation,Wind Offshore,2026-08-17T08:52:17Z
2026-08-17T08:43:25Z,2026-08-17T10:43:25+0200,5f9ba03d-f545-4cd2-8996-d770f48fc74d,2026-08-16T10:00:00Z,2026-08-16T12:00:00+0200,532.666666,MW,DK2,DK_2,forecast_offshore_wind_generation,Wind Offshore,2026-08-17T08:52:17Z
2026-08-17T08:43:25Z,2026-08-17T10:43:25+0200,5f9ba03d-f545-4cd2-8996-d770f48fc74d,2026-08-16T10:15:00Z,2026-08-16T12:15:00+0200,534.5,MW,DK2,DK_2,forecast_offshore_wind_generation,Wind Offshore,2026-08-17T08:52:17Z
2026-08-17T08:43:25Z,2026-08-17T10:43:25+0200,5f9ba03d-f545-4cd2-8996-d770f48fc74d,2026-08-16T10:30:00Z,2026-08-16T12:30:00+0200,536.333333,MW,DK2,DK_2,forecast_offshore_wind_generation,Wind Offshore,2026-08-17T08:52:17Z
2026-08-17T08:43:25Z,2026-08-17T10:43:25+0200,5f9ba03d-f545-4cd2-8996-d770f48fc74d,2026-08-16T10:45:00Z,2026-08-16T12:45:00+0200,538.5,MW,DK2,DK_2,forecast_offshore_wind_generation,Wind Offshore,2026-08-17T08:52:17Z
2026-08-17T08:43:25Z,2026-08-17T10:43:25+0200,5f9ba03d-f545-4cd2-8996-d770f48fc74d,2026-08-16T11:00:00Z,2026-08-16T13:00:00+0200,540.666666,MW,DK2,DK_2,forecast_offshore_wind_generation,Wind Offshore,2026-08-17T08:52:17Z
2026-08-17T08:43:25Z,2026-08-17T10:43:25+0200,5f9ba03d-f545-4cd2-8996-d770f48fc74d,2026-08-16T11:15:00Z,2026-08-16T13:15:00+0200,543.5,MW,DK2,DK_2,forecast_offshore_wind_generation,Wind Offshore,2026-08-17T08:52:17Z
2026-08-17T08:43:25Z,2026-08-17T10:43:25+0200,5f9ba03d-f545-4cd2-8996-d770f48fc74d,2026-08-16T11:30:00Z,2026-08-16T13:30:00+0200,545.0,MW,DK2,DK_2,forecast_offshore_wind_generation,Wind Offshore,2026-08-17T08:52:17Z
2026-08-17T08:43:25Z,2026-08-17T10:43:25+0200,5f9ba03d-f545-4cd2-8996-d770f48fc74d,2026-08-16T11:45:00Z,2026-08-16T13:45:00+0200,544.5,MW,DK2,DK_2,forecast_offshore_wind_generation,Wind Offshore,2026-08-17T08:52:17Z
2026-08-17T08:43:25Z,2026-08-17T10:43:25+0200,5f9ba03d-f545-4cd2-8996-d770f48fc74d,2026-08-16T12:00:00Z,2026-08-16T14:00:00+0200,541.666666,MW,DK2,DK_2,forecast_offshore_wind_generation,Wind Offshore,2026-08-17T08:52:17Z
2026-08-17T08:43:25Z,2026-08-17T10:43:25+0200,5f9ba03d-f545-4cd2-8996-d770f48fc74d,2026-08-16T12:15:00Z,2026-08-16T14:15:00+0200,533.5,MW,DK2,DK_2,forecast_offshore_wind_generation,Wind Offshore,2026-08-17T08:52:17Z
2026-08-17T08:43:25Z,2026-08-17T10:43:25+0200,5f9ba03d-f545-4cd2-8996-d770f48fc74d,2026-08-16T12:30:00Z,2026-08-16T14:30:00+0200,524.666666,MW,DK2,DK_2,forecast_offshore_wind_generation,Wind Offshore,2026-08-17T08:52:17Z
2026-08-17T08:43:25Z,2026-08-17T10:43:25+0200,5f9ba03d-f545-4cd2-8996-d770f48fc74d,2026-08-16T12:45:00Z,2026-08-16T14:45:00+0200,517.166666,MW,DK2,DK_2,forecast_offshore_wind_generation,Wind Offshore,2026-08-17T08:52:17Z
2026-08-17T08:43:25Z,2026-08-17T10:43:25+0200,5f9ba03d-f545-4cd2-8996-d770f48fc74d,2026-08-16T13:00:00Z,2026-08-16T15:00:00+0200,511.5,MW,DK2,DK_2,forecast_offshore_wind_generation,Wind Offshore,2026-08-17T08:52:17Z
2026-08-17T08:43:25Z,2026-08-17T10:43:25+0200,5f9ba03d-f545-4cd2-8996-d770f48fc74d,2026-08-16T13:15:00Z,2026-08-16T15:15:00+0200,507.0,MW,DK2,DK_2,forecast_offshore_wind_generation,Wind Offshore,2026-08-17T08:52:17Z
2026-08-17T08:43:25Z,2026-08-17T10:43:25+0200,5f9ba03d-f545-4cd2-8996-d770f48fc74d,2026-08-16T13:30:00Z,2026-08-16T15:30:00+0200,502.666666,MW,DK2,DK_2,forecast_offshore_wind_generation,Wind Offshore,2026-08-17T08:52:17Z
2026-08-17T08:43:25Z,2026-08-17T10:43:25+0200,5f9ba03d-f545-4cd2-8996-d770f48fc74d,2026-08-16T13:45:00Z,2026-08-16T15:45:00+0200,500.5,MW,DK2,DK_2,forecast_offshore_wind_generation,Wind Offshore,2026-08-17T08:52:17Z
2026-08-17T08:43:25Z,2026-08-17T10:43:25+0200,5f9ba03d-f545-4cd2-8996-d770f48fc74d,2026-08-16T14:00:00Z,2026-08-16T16:00:00+0200,501.5,MW,DK2,DK_2,forecast_offshore_wind_generation,Wind Offshore,2026-08-17T08:52:17Z
2026-08-17T08:43:25Z,2026-08-17T10:43:25+0200,5f9ba03d-f545-4cd2-8996-d770f48fc74d,2026-08-16T14:15:00Z,2026-08-16T16:15:00+0200,510.333333,MW,DK2,DK_2,forecast_offshore_wind_generation,Wind Offshore,2026-08-17T08:52:17Z
2026-08-17T08:43:25Z,2026-08-17T10:43:25+0200,5f9ba03d-f545-4cd2-8996-d770f48fc74d,2026-08-16T14:30:00Z,2026-08-16T16:30:00+0200,524.666666,MW,DK2,DK_2,forecast_offshore_wind_generation,Wind Offshore,2026-08-17T08:52:17Z
2026-08-17T08:43:25Z,2026-08-17T10:43:25+0200,5f9ba03d-f545-4cd2-8996-d770f48fc74d,2026-08-16T14:45:00Z,2026-08-16T16:45:00+0200,537.5,MW,DK2,DK_2,forecast_offshore_wind_generation,Wind Offshore,2026-08-17T08:52:17Z
2026-08-17T08:43:25Z,2026-08-17T10:43:25+0200,5f9ba03d-f545-4cd2-8996-d770f48fc74d,2026-08-16T15:00:00Z,2026-08-16T17:00:00+0200,538.5,MW,DK2,DK_2,forecast_offshore_wind_generation,Wind Offshore,2026-08-17T08:52:17Z
2026-08-17T08:43:25Z,2026-08-17T10:43:25+0200,5f9ba03d-f545-4cd2-8996-d770f48fc74d,2026-08-16T15:15:00Z,2026-08-16T17:15:00+0200,534.5,MW,DK2,DK_2,forecast_offshore_wind_generation,Wind Offshore,2026-08-17T08:52:17Z
2026-08-17T08:43:25Z,2026-08-17T10:43:25+0200,5f9ba03d-f545-4cd2-8996-d770f48fc74d,2026-08-16T15:30:00Z,2026-08-16T17:30:00+0200,529.166666,MW,DK2,DK_2,forecast_offshore_wind_generation,Wind Offshore,2026-08-17T08:52:17Z
2026-08-17T08:43:25Z,2026-08-17T10:43:25+0200,5f9ba03d-f545-4cd2-8996-d770f48fc74d,2026-08-16T15:45:00Z,2026-08-16T17:45:00+0200,524.666666,MW,DK2,DK_2,forecast_offshore_wind_generation,Wind Offshore,2026-08-17T08:52:17Z
2026-08-17T08:43:25Z,2026-08-17T10:43:25+0200,5f9ba03d-f545-4cd2-8996-d770f48fc74d,2026-08-16T16:00:00Z,2026-08-16T18:00:00+0200,522.833333,MW,DK2,DK_2,forecast_offshore_wind_generation,Wind Offshore,2026-08-17T08:52:17Z
2026-08-17T08:43:25Z,2026-08-17T10:43:25+0200,5f9ba03d-f545-4cd2-8996-d770f48fc74d,2026-08-16T16:15:00Z,2026-08-16T18:15:00+0200,522.0,MW,DK2,DK_2,forecast_offshore_wind_generation,Wind Offshore,2026-08-17T08:52:17Z
2026-08-17T08:43:25Z,2026-08-17T10:43:25+0200,5f9ba03d-f545-4cd2-8996-d770f48fc74d,2026-08-16T16:30:00Z,2026-08-16T18:30:00+0200,522.833333,MW,DK2,DK_2,forecast_offshore_wind_generation,Wind Offshore,2026-08-17T08:52:17Z
2026-08-17T08:43:25Z,2026-08-17T10:43:25+0200,5f9ba03d-f545-4cd2-8996-d770f48fc74d,2026-08-16T16:45:00Z,2026-08-16T18:45:00+0200,522.5,MW,DK2,DK_2,forecast_offshore_wind_generation,Wind Offshore,2026-08-17T08:52:17Z
2026-08-17T08:43:25Z,2026-08-17T10:43:25+0200,5f9ba03d-f545-4cd2-8996-d770f48fc74d,2026-08-16T17:00:00Z,2026-08-16T19:00:00+0200,521.333333,MW,DK2,DK_2,forecast_offshore_wind_generation,Wind Offshore,2026-08-17T08:52:17Z
2026-08-17T08:43:25Z,2026-08-17T10:43:25+0200,5f9ba03d-f545-4cd2-8996-d770f48fc74d,2026-08-16T17:15:00Z,2026-08-16T19:15:00+0200,518.5,MW,DK2,DK_2,forecast_offshore_wind_generation,Wind Offshore,2026-08-17T08:52:17Z
2026-08-17T08:43:25Z,2026-08-17T10:43:25+0200,5f9ba03d-f545-4cd2-8996-d770f48fc74d,2026-08-16T17:30:00Z,2026-08-16T19:30:00+0200,514.666666,MW,DK2,DK_2,forecast_offshore_wind_generation,Wind Offshore,2026-08-17T08:52:17Z
2026-08-17T08:43:25Z,2026-08-17T10:43:25+0200,5f9ba03d-f545-4cd2-8996-d770f48fc74d,2026-08-16T17:45:00Z,2026-08-16T19:45:00+0200,510.666666,MW,DK2,DK_2,forecast_offshore_wind_generation,Wind Offshore,2026-08-17T08:52:17Z
2026-08-17T08:43:25Z,2026-08-17T10:43:25+0200,5f9ba03d-f545-4cd2-8996-d770f48fc74d,2026-08-16T18:00:00Z,2026-08-16T20:00:00+0200,507.333333,MW,DK2,DK_2,forecast_offshore_wind_generation,Wind Offshore,2026-08-17T08:52:17Z
2026-08-17T08:43:25Z,2026-08-17T10:43:25+0200,5f9ba03d-f545-4cd2-8996-d770f48fc74d,2026-08-16T18:15:00Z,2026-08-16T20:15:00+0200,501.0,MW,DK2,DK_2,forecast_offshore_wind_generation,Wind Offshore,2026-08-17T08:52:17Z
2026-08-17T08:43:25Z,2026-08-17T10:43:25+0200,5f9ba03d-f545-4cd2-8996-d770f48fc74d,2026-08-16T18:30:00Z,2026-08-16T20:30:00+0200,493.166666,MW,DK2,DK_2,forecast_offshore_wind_generation,Wind Offshore,2026-08-17T08:52:17Z
2026-08-17T08:43:25Z,2026-08-17T10:43:25+0200,5f9ba03d-f545-4cd2-8996-d770f48fc74d,2026-08-16T18:45:00Z,2026-08-16T20:45:00+0200,487.5,MW,DK2,DK_2,forecast_offshore_wind_generation,Wind Offshore,2026-08-17T08:52:17Z
2026-08-17T08:43:25Z,2026-08-17T10:43:25+0200,5f9ba03d-f545-4cd2-8996-d770f48fc74d,2026-08-16T19:00:00Z,2026-08-16T21:00:00+0200,483.666666,MW,DK2,DK_2,forecast_offshore_wind_generation,Wind Offshore,2026-08-17T08:52:17Z
2026-08-17T08:43:25Z,2026-08-17T10:43:25+0200,5f9ba03d-f545-4cd2-8996-d770f48fc74d,2026-08-16T19:15:00Z,2026-08-16T21:15:00+0200,482.0,MW,DK2,DK_2,forecast_offshore_wind_generation,Wind Offshore,2026-08-17T08:52:17Z
2026-08-17T08:43:25Z,2026-08-17T10:43:25+0200,5f9ba03d-f545-4cd2-8996-d770f48fc74d,2026-08-16T19:30:00Z,2026-08-16T21:30:00+0200,481.0,MW,DK2,DK_2,forecast_offshore_wind_generation,Wind Offshore,2026-08-17T08:52:17Z
2026-08-17T08:43:25Z,2026-08-17T10:43:25+0200,5f9ba03d-f545-4cd2-8996-d770f48fc74d,2026-08-16T19:45:00Z,2026-08-16T21:45:00+0200,481.166666,MW,DK2,DK_2,forecast_offshore_wind_generation,Wind Offshore,2026-08-17T08:52:17Z
2026-08-17T08:43:25Z,2026-08-17T10:43:25+0200,5f9ba03d-f545-4cd2-8996-d770f48fc74d,2026-08-16T20:00:00Z,2026-08-16T22:00:00+0200,482.833333,MW,DK2,DK_2,forecast_offshore_wind_generation,Wind Offshore,2026-08-17T08:52:17Z
2026-08-17T08:43:25Z,2026-08-17T10:43:25+0200,5f9ba03d-f545-4cd2-8996-d770f48fc74d,2026-08-16T20:15:00Z,2026-08-16T22:15:00+0200,489.333333,MW,DK2,DK_2,forecast_offshore_wind_generation,Wind Offshore,2026-08-17T08:52:17Z
2026-08-17T08:43:25Z,2026-08-17T10:43:25+0200,5f9ba03d-f545-4cd2-8996-d770f48fc74d,2026-08-16T20:30:00Z,2026-08-16T22:30:00+0200,497.333333,MW,DK2,DK_2,forecast_offshore_wind_generation,Wind Offshore,2026-08-17T08:52:17Z
2026-08-17T08:43:25Z,2026-08-17T10:43:25+0200,5f9ba03d-f545-4cd2-8996-d770f48fc74d,2026-08-16T20:45:00Z,2026-08-16T22:45:00+0200,502.833333,MW,DK2,DK_2,forecast_offshore_wind_generation,Wind Offshore,2026-08-17T08:52:17Z
2026-08-17T08:43:25Z,2026-08-17T10:43:25+0200,5f9ba03d-f545-4cd2-8996-d770f48fc74d,2026-08-16T21:00:00Z,2026-08-16T23:00:00+0200,501.166666,MW,DK2,DK_2,forecast_offshore_wind_generation,Wind Offshore,2026-08-17T08:52:17Z
2026-08-17T08:43:25Z,2026-08-17T10:43:25+0200,5f9ba03d-f545-4cd2-8996-d770f48fc74d,2026-08-16T21:15:00Z,2026-08-16T23:15:00+0200,490.833333,MW,DK2,DK_2,forecast_offshore_wind_generation,Wind Offshore,2026-08-17T08:52:17Z
2026-08-17T08:43:25Z,2026-08-17T10:43:25+0200,5f9ba03d-f545-4cd2-8996-d770f48fc74d,2026-08-16T21:30:00Z,2026-08-16T23:30:00+0200,476.666666,MW,DK2,DK_2,forecast_offshore_wind_generation,Wind Offshore,2026-08-17T08:52:17Z
2026-08-17T08:43:25Z,2026-08-17T10:43:25+0200,5f9ba03d-f545-4cd2-8996-d770f48fc74d,2026-08-16T21:45:00Z,2026-08-16T23:45:00+0200,466.166666,MW,DK2,DK_2,forecast_offshore_wind_generation,Wind Offshore,2026-08-17T08:52:17Z
2026-08-17T08:43:25Z,2026-08-17T10:43:25+0200,5f9ba03d-f545-4cd2-8996-d770f48fc74d,2026-08-16T22:00:00Z,2026-08-17T00:00:00+0200,316.666666,MW,DK2,DK_2,forecast_offshore_wind_generation,Wind Offshore,2026-08-17T08:52:17Z
2026-08-17T08:43:25Z,2026-08-17T10:43:25+0200,5f9ba03d-f545-4cd2-8996-d770f48fc74d,2026-08-16T22:15:00Z,2026-08-17T00:15:00+0200,320.666666,MW,DK2,DK_2,forecast_offshore_wind_generation,Wind Offshore,2026-08-17T08:52:17Z
2026-08-17T08:43:25Z,2026-08-17T10:43:25+0200,5f9ba03d-f545-4cd2-8996-d770f48fc74d,2026-08-16T22:30:00Z,2026-08-17T00:30:00+0200,325.166666,MW,DK2,DK_2,forecast_offshore_wind_generation,Wind Offshore,2026-08-17T08:52:17Z
2026-08-17T08:43:25Z,2026-08-17T10:43:25+0200,5f9ba03d-f545-4cd2-8996-d770f48fc74d,2026-08-16T22:45:00Z,2026-08-17T00:45:00+0200,330.166666,MW,DK2,DK_2,forecast_offshore_wind_generation,Wind Offshore,2026-08-17T08:52:17Z
2026-08-17T08:43:25Z,2026-08-17T10:43:25+0200,5f9ba03d-f545-4cd2-8996-d770f48fc74d,2026-08-16T23:00:00Z,2026-08-17T01:00:00+0200,338.333333,MW,DK2,DK_2,forecast_offshore_wind_generation,Wind Offshore,2026-08-17T08:52:17Z
2026-08-17T08:43:25Z,2026-08-17T10:43:25+0200,5f9ba03d-f545-4cd2-8996-d770f48fc74d,2026-08-16T23:15:00Z,2026-08-17T01:15:00+0200,352.666666,MW,DK2,DK_2,forecast_offshore_wind_generation,Wind Offshore,2026-08-17T08:52:17Z
2026-08-17T08:43:25Z,2026-08-17T10:43:25+0200,5f9ba03d-f545-4cd2-8996-d770f48fc74d,2026-08-16T23:30:00Z,2026-08-17T01:30:00+0200,368.333333,MW,DK2,DK_2,forecast_offshore_wind_generation,Wind Offshore,2026-08-17T08:52:17Z
2026-08-17T08:43:25Z,2026-08-17T10:43:25+0200,5f9ba03d-f545-4cd2-8996-d770f48fc74d,2026-08-16T23:45:00Z,2026-08-17T01:45:00+0200,378.333333,MW,DK2,DK_2,forecast_offshore_wind_generation,Wind Offshore,2026-08-17T08:52:17Z
2026-08-17T08:43:25Z,2026-08-17T10:43:25+0200,5f9ba03d-f545-4cd2-8996-d770f48fc74d,2026-08-17T00:00:00Z,2026-08-17T02:00:00+0200,381.333333,MW,DK2,DK_2,forecast_offshore_wind_generation,Wind Offshore,2026-08-17T08:52:17Z
2026-08-17T08:43:25Z,2026-08-17T10:43:25+0200,5f9ba03d-f545-4cd2-8996-d770f48fc74d,2026-08-17T00:15:00Z,2026-08-17T02:15:00+0200,380.833333,MW,DK2,DK_2,forecast_offshore_wind_generation,Wind Offshore,2026-08-17T08:52:17Z
2026-08-17T08:43:25Z,2026-08-17T10:43:25+0200,5f9ba03d-f545-4cd2-8996-d770f48fc74d,2026-08-17T00:30:00Z,2026-08-17T02:30:00+0200,378.5,MW,DK2,DK_2,forecast_offshore_wind_generation,Wind Offshore,2026-08-17T08:52:17Z
2026-08-17T08:43:25Z,2026-08-17T10:43:25+0200,5f9ba03d-f545-4cd2-8996-d770f48fc74d,2026-08-17T00:45:00Z,2026-08-17T02:45:00+0200,375.5,MW,DK2,DK_2,forecast_offshore_wind_generation,Wind Offshore,2026-08-17T08:52:17Z
2026-08-17T08:43:25Z,2026-08-17T10:43:25+0200,5f9ba03d-f545-4cd2-8996-d770f48fc74d,2026-08-17T01:00:00Z,2026-08-17T03:00:00+0200,371.833333,MW,DK2,DK_2,forecast_offshore_wind_generation,Wind Offshore,2026-08-17T08:52:17Z
2026-08-17T08:43:25Z,2026-08-17T10:43:25+0200,5f9ba03d-f545-4cd2-8996-d770f48fc74d,2026-08-17T01:15:00Z,2026-08-17T03:15:00+0200,366.0,MW,DK2,DK_2,forecast_offshore_wind_generation,Wind Offshore,2026-08-17T08:52:17Z
2026-08-17T08:43:25Z,2026-08-17T10:43:25+0200,5f9ba03d-f545-4cd2-8996-d770f48fc74d,2026-08-17T01:30:00Z,2026-08-17T03:30:00+0200,359.166666,MW,DK2,DK_2,forecast_offshore_wind_generation,Wind Offshore,2026-08-17T08:52:17Z
2026-08-17T08:43:25Z,2026-08-17T10:43:25+0200,5f9ba03d-f545-4cd2-8996-d770f48fc74d,2026-08-17T01:45:00Z,2026-08-17T03:45:00+0200,351.833333,MW,DK2,DK_2,forecast_offshore_wind_generation,Wind Offshore,2026-08-17T08:52:17Z
2026-08-17T08:43:25Z,2026-08-17T10:43:25+0200,5f9ba03d-f545-4cd2-8996-d770f48fc74d,2026-08-17T02:00:00Z,2026-08-17T04:00:00+0200,345.833333,MW,DK2,DK_2,forecast_offshore_wind_generation,Wind Offshore,2026-08-17T08:52:17Z
2026-08-17T08:43:25Z,2026-08-17T10:43:25+0200,5f9ba03d-f545-4cd2-8996-d770f48fc74d,2026-08-17T02:15:00Z,2026-08-17T04:15:00+0200,338.5,MW,DK2,DK_2,forecast_offshore_wind_generation,Wind Offshore,2026-08-17T08:52:17Z
2026-08-17T08:43:25Z,2026-08-17T10:43:25+0200,5f9ba03d-f545-4cd2-8996-d770f48fc74d,2026-08-17T02:30:00Z,2026-08-17T04:30:00+0200,332.0,MW,DK2,DK_2,forecast_offshore_wind_generation,Wind Offshore,2026-08-17T08:52:17Z
2026-08-17T08:43:25Z,2026-08-17T10:43:25+0200,5f9ba03d-f545-4cd2-8996-d770f48fc74d,2026-08-17T02:45:00Z,2026-08-17T04:45:00+0200,327.333333,MW,DK2,DK_2,forecast_offshore_wind_generation,Wind Offshore,2026-08-17T08:52:17Z
2026-08-17T08:43:25Z,2026-08-17T10:43:25+0200,5f9ba03d-f545-4cd2-8996-d770f48fc74d,2026-08-17T03:00:00Z,2026-08-17T05:00:00+0200,323.0,MW,DK2,DK_2,forecast_offshore_wind_generation,Wind Offshore,2026-08-17T08:52:17Z
2026-08-17T08:43:25Z,2026-08-17T10:43:25+0200,5f9ba03d-f545-4cd2-8996-d770f48fc74d,2026-08-17T03:15:00Z,2026-08-17T05:15:00+0200,319.5,MW,DK2,DK_2,forecast_offshore_wind_generation,Wind Offshore,2026-08-17T08:52:17Z
2026-08-17T08:43:25Z,2026-08-17T10:43:25+0200,5f9ba03d-f545-4cd2-8996-d770f48fc74d,2026-08-17T03:30:00Z,2026-08-17T05:30:00+0200,316.5,MW,DK2,DK_2,forecast_offshore_wind_generation,Wind Offshore,2026-08-17T08:52:17Z
2026-08-17T08:43:25Z,2026-08-17T10:43:25+0200,5f9ba03d-f545-4cd2-8996-d770f48fc74d,2026-08-17T03:45:00Z,2026-08-17T05:45:00+0200,313.5,MW,DK2,DK_2,forecast_offshore_wind_generation,Wind Offshore,2026-08-17T08:52:17Z
2026-08-17T08:43:25Z,2026-08-17T10:43:25+0200,5f9ba03d-f545-4cd2-8996-d770f48fc74d,2026-08-17T04:00:00Z,2026-08-17T06:00:00+0200,310.666666,MW,DK2,DK_2,forecast_offshore_wind_generation,Wind Offshore,2026-08-17T08:52:17Z
2026-08-17T08:43:25Z,2026-08-17T10:43:25+0200,5f9ba03d-f545-4cd2-8996-d770f48fc74d,2026-08-17T04:15:00Z,2026-08-17T06:15:00+0200,308.5,MW,DK2,DK_2,forecast_offshore_wind_generation,Wind Offshore,2026-08-17T08:52:17Z
2026-08-17T08:43:25Z,2026-08-17T10:43:25+0200,5f9ba03d-f545-4cd2-8996-d770f48fc74d,2026-08-17T04:30:00Z,2026-08-17T06:30:00+0200,305.5,MW,DK2,DK_2,forecast_offshore_wind_generation,Wind Offshore,2026-08-17T08:52:17Z
2026-08-17T08:43:25Z,2026-08-17T10:43:25+0200,5f9ba03d-f545-4cd2-8996-d770f48fc74d,2026-08-17T04:45:00Z,2026-08-17T06:45:00+0200,302.833333,MW,DK2,DK_2,forecast_offshore_wind_generation,Wind Offshore,2026-08-17T08:52:17Z
2026-08-17T08:43:25Z,2026-08-17T10:43:25+0200,5f9ba03d-f545-4cd2-8996-d770f48fc74d,2026-08-17T05:00:00Z,2026-08-17T07:00:00+0200,301.0,MW,DK2,DK_2,forecast_offshore_wind_generation,Wind Offshore,2026-08-17T08:52:17Z
2026-08-17T08:43:25Z,2026-08-17T10:43:25+0200,5f9ba03d-f545-4cd2-8996-d770f48fc74d,2026-08-17T05:15:00Z,2026-08-17T07:15:00+0200,302.0,MW,DK2,DK_2,forecast_offshore_wind_generation,Wind Offshore,2026-08-17T08:52:17Z
2026-08-17T08:43:25Z,2026-08-17T10:43:25+0200,5f9ba03d-f545-4cd2-8996-d770f48fc74d,2026-08-17T05:30:00Z,2026-08-17T07:30:00+0200,304.5,MW,DK2,DK_2,forecast_offshore_wind_generation,Wind Offshore,2026-08-17T08:52:17Z
2026-08-17T08:43:25Z,2026-08-17T10:43:25+0200,5f9ba03d-f545-4cd2-8996-d770f48fc74d,2026-08-17T05:45:00Z,2026-08-17T07:45:00+0200,307.333333,MW,DK2,DK_2,forecast_offshore_wind_generation,Wind Offshore,2026-08-17T08:52:17Z
2026-08-17T08:43:25Z,2026-08-17T10:43:25+0200,5f9ba03d-f545-4cd2-8996-d770f48fc74d,2026-08-17T06:00:00Z,2026-08-17T08:00:00+0200,309.0,MW,DK2,DK_2,forecast_offshore_wind_generation,Wind Offshore,2026-08-17T08:52:17Z
2026-08-17T08:43:25Z,2026-08-17T10:43:25+0200,5f9ba03d-f545-4cd2-8996-d770f48fc74d,2026-08-17T06:15:00Z,2026-08-17T08:15:00+0200,311.5,MW,DK2,DK_2,forecast_offshore_wind_generation,Wind Offshore,2026-08-17T08:52:17Z
2026-08-17T08:43:25Z,2026-08-17T10:43:25+0200,5f9ba03d-f545-4cd2-8996-d770f48fc74d,2026-08-17T06:30:00Z,2026-08-17T08:30:00+0200,315.0,MW,DK2,DK_2,forecast_offshore_wind_generation,Wind Offshore,2026-08-17T08:52:17Z
2026-08-17T08:43:25Z,2026-08-17T10:43:25+0200,5f9ba03d-f545-4cd2-8996-d770f48fc74d,2026-08-17T06:45:00Z,2026-08-17T08:45:00+0200,318.333333,MW,DK2,DK_2,forecast_offshore_wind_generation,Wind Offshore,2026-08-17T08:52:17Z
2026-08-17T08:43:25Z,2026-08-17T10:43:25+0200,5f9ba03d-f545-4cd2-8996-d770f48fc74d,2026-08-17T07:00:00Z,2026-08-17T09:00:00+0200,320.0,MW,DK2,DK_2,forecast_offshore_wind_generation,Wind Offshore,2026-08-17T08:52:17Z
2026-08-17T08:43:25Z,2026-08-17T10:43:25+0200,5f9ba03d-f545-4cd2-8996-d770f48fc74d,2026-08-17T07:15:00Z,2026-08-17T09:15:00+0200,322.333333,MW,DK2,DK_2,forecast_offshore_wind_generation,Wind Offshore,2026-08-17T08:52:17Z
2026-08-17T08:43:25Z,2026-08-17T10:43:25+0200,5f9ba03d-f545-4cd2-8996-d770f48fc74d,2026-08-17T07:30:00Z,2026-08-17T09:30:00+0200,324.5,MW,DK2,DK_2,forecast_offshore_wind_generation,Wind Offshore,2026-08-17T08:52:17Z
2026-08-17T08:43:25Z,2026-08-17T10:43:25+0200,5f9ba03d-f545-4cd2-8996-d770f48fc74d,2026-08-17T07:45:00Z,2026-08-17T09:45:00+0200,327.5,MW,DK2,DK_2,forecast_offshore_wind_generation,Wind Offshore,2026-08-17T08:52:17Z
2026-08-17T08:43:25Z,2026-08-17T10:43:25+0200,5f9ba03d-f545-4cd2-8996-d770f48fc74d,2026-08-17T08:00:00Z,2026-08-17T10:00:00+0200,330.666666,MW,DK2,DK_2,forecast_offshore_wind_generation,Wind Offshore,2026-08-17T08:52:17Z
2026-08-17T08:43:25Z,2026-08-17T10:43:25+0200,5f9ba03d-f545-4cd2-8996-d770f48fc74d,2026-08-17T08:15:00Z,2026-08-17T10:15:00+0200,335.0,MW,DK2,DK_2,forecast_offshore_wind_generation,Wind Offshore,2026-08-17T08:52:17Z
2026-08-17T08:43:25Z,2026-08-17T10:43:25+0200,5f9ba03d-f545-4cd2-8996-d770f48fc74d,2026-08-17T08:30:00Z,2026-08-17T10:30:00+0200,339.333333,MW,DK2,DK_2,forecast_offshore_wind_generation,Wind Offshore,2026-08-17T08:52:17Z
2026-08-17T08:43:25Z,2026-08-17T10:43:25+0200,5f9ba03d-f545-4cd2-8996-d770f48fc74d,2026-08-17T08:45:00Z,2026-08-17T10:45:00+0200,342.5,MW,DK2,DK_2,forecast_offshore_wind_generation,Wind Offshore,2026-08-17T08:52:17Z
