collection_time_utc,collection_time_local,run_id,timestamp_utc,timestamp_local,value,unit,country,entsoe_area,variable,source,updated_at_utc
2026-08-23T05:46:44Z,2026-08-23T07:46:44+0200,442f0342-0040-4db4-ac3f-85a7f822bcbf,2026-07-23T06:00:00Z,2026-07-23T08:00:00+0200,85.41,EUR/MWh,DK1,DK_1,imbalance_price,Long,2026-08-23T05:51:55Z
2026-08-23T05:46:44Z,2026-08-23T07:46:44+0200,442f0342-0040-4db4-ac3f-85a7f822bcbf,2026-07-23T06:00:00Z,2026-07-23T08:00:00+0200,85.41,EUR/MWh,DK1,DK_1,imbalance_price,Short,2026-08-23T05:51:55Z
2026-08-23T05:46:44Z,2026-08-23T07:46:44+0200,442f0342-0040-4db4-ac3f-85a7f822bcbf,2026-07-23T06:15:00Z,2026-07-23T08:15:00+0200,162.8,EUR/MWh,DK1,DK_1,imbalance_price,Long,2026-08-23T05:51:55Z
2026-08-23T05:46:44Z,2026-08-23T07:46:44+0200,442f0342-0040-4db4-ac3f-85a7f822bcbf,2026-07-23T06:15:00Z,2026-07-23T08:15:00+0200,162.8,EUR/MWh,DK1,DK_1,imbalance_price,Short,2026-08-23T05:51:55Z
2026-08-23T05:46:44Z,2026-08-23T07:46:44+0200,442f0342-0040-4db4-ac3f-85a7f822bcbf,2026-07-23T06:30:00Z,2026-07-23T08:30:00+0200,45.0,EUR/MWh,DK1,DK_1,imbalance_price,Long,2026-08-23T05:51:55Z
2026-08-23T05:46:44Z,2026-08-23T07:46:44+0200,442f0342-0040-4db4-ac3f-85a7f822bcbf,2026-07-23T06:30:00Z,2026-07-23T08:30:00+0200,45.0,EUR/MWh,DK1,DK_1,imbalance_price,Short,2026-08-23T05:51:55Z
2026-08-23T05:46:44Z,2026-08-23T07:46:44+0200,442f0342-0040-4db4-ac3f-85a7f822bcbf,2026-07-23T06:45:00Z,2026-07-23T08:45:00+0200,267.55,EUR/MWh,DK1,DK_1,imbalance_price,Long,2026-08-23T05:51:55Z
2026-08-23T05:46:44Z,2026-08-23T07:46:44+0200,442f0342-0040-4db4-ac3f-85a7f822bcbf,2026-07-23T06:45:00Z,2026-07-23T08:45:00+0200,267.55,EUR/MWh,DK1,DK_1,imbalance_price,Short,2026-08-23T05:51:55Z
2026-08-23T05:46:44Z,2026-08-23T07:46:44+0200,442f0342-0040-4db4-ac3f-85a7f822bcbf,2026-07-23T07:00:00Z,2026-07-23T09:00:00+0200,20.42,EUR/MWh,DK1,DK_1,imbalance_price,Long,2026-08-23T05:51:55Z
2026-08-23T05:46:44Z,2026-08-23T07:46:44+0200,442f0342-0040-4db4-ac3f-85a7f822bcbf,2026-07-23T07:00:00Z,2026-07-23T09:00:00+0200,20.42,EUR/MWh,DK1,DK_1,imbalance_price,Short,2026-08-23T05:51:55Z
2026-08-23T05:46:44Z,2026-08-23T07:46:44+0200,442f0342-0040-4db4-ac3f-85a7f822bcbf,2026-07-23T07:15:00Z,2026-07-23T09:15:00+0200,50.42,EUR/MWh,DK1,DK_1,imbalance_price,Long,2026-08-23T05:51:55Z
2026-08-23T05:46:44Z,2026-08-23T07:46:44+0200,442f0342-0040-4db4-ac3f-85a7f822bcbf,2026-07-23T07:15:00Z,2026-07-23T09:15:00+0200,50.42,EUR/MWh,DK1,DK_1,imbalance_price,Short,2026-08-23T05:51:55Z
2026-08-23T05:46:44Z,2026-08-23T07:46:44+0200,442f0342-0040-4db4-ac3f-85a7f822bcbf,2026-07-23T07:30:00Z,2026-07-23T09:30:00+0200,87.28,EUR/MWh,DK1,DK_1,imbalance_price,Long,2026-08-23T05:51:55Z
2026-08-23T05:46:44Z,2026-08-23T07:46:44+0200,442f0342-0040-4db4-ac3f-85a7f822bcbf,2026-07-23T07:30:00Z,2026-07-23T09:30:00+0200,87.28,EUR/MWh,DK1,DK_1,imbalance_price,Short,2026-08-23T05:51:55Z
2026-08-23T05:46:44Z,2026-08-23T07:46:44+0200,442f0342-0040-4db4-ac3f-85a7f822bcbf,2026-07-23T07:45:00Z,2026-07-23T09:45:00+0200,77.3,EUR/MWh,DK1,DK_1,imbalance_price,Long,2026-08-23T05:51:55Z
2026-08-23T05:46:44Z,2026-08-23T07:46:44+0200,442f0342-0040-4db4-ac3f-85a7f822bcbf,2026-07-23T07:45:00Z,2026-07-23T09:45:00+0200,77.3,EUR/MWh,DK1,DK_1,imbalance_price,Short,2026-08-23T05:51:55Z
2026-08-23T05:46:44Z,2026-08-23T07:46:44+0200,442f0342-0040-4db4-ac3f-85a7f822bcbf,2026-07-23T08:00:00Z,2026-07-23T10:00:00+0200,117.45,EUR/MWh,DK1,DK_1,imbalance_price,Long,2026-08-23T05:51:55Z
2026-08-23T05:46:44Z,2026-08-23T07:46:44+0200,442f0342-0040-4db4-ac3f-85a7f822bcbf,2026-07-23T08:00:00Z,2026-07-23T10:00:00+0200,117.45,EUR/MWh,DK1,DK_1,imbalance_price,Short,2026-08-23T05:51:55Z
2026-08-23T05:46:44Z,2026-08-23T07:46:44+0200,442f0342-0040-4db4-ac3f-85a7f822bcbf,2026-07-23T08:15:00Z,2026-07-23T10:15:00+0200,108.82,EUR/MWh,DK1,DK_1,imbalance_price,Long,2026-08-23T05:51:55Z
2026-08-23T05:46:44Z,2026-08-23T07:46:44+0200,442f0342-0040-4db4-ac3f-85a7f822bcbf,2026-07-23T08:15:00Z,2026-07-23T10:15:00+0200,108.82,EUR/MWh,DK1,DK_1,imbalance_price,Short,2026-08-23T05:51:55Z
2026-08-23T05:46:44Z,2026-08-23T07:46:44+0200,442f0342-0040-4db4-ac3f-85a7f822bcbf,2026-07-23T08:30:00Z,2026-07-23T10:30:00+0200,92.55,EUR/MWh,DK1,DK_1,imbalance_price,Long,2026-08-23T05:51:55Z
2026-08-23T05:46:44Z,2026-08-23T07:46:44+0200,442f0342-0040-4db4-ac3f-85a7f822bcbf,2026-07-23T08:30:00Z,2026-07-23T10:30:00+0200,92.55,EUR/MWh,DK1,DK_1,imbalance_price,Short,2026-08-23T05:51:55Z
2026-08-23T05:46:44Z,2026-08-23T07:46:44+0200,442f0342-0040-4db4-ac3f-85a7f822bcbf,2026-07-23T08:45:00Z,2026-07-23T10:45:00+0200,81.07,EUR/MWh,DK1,DK_1,imbalance_price,Long,2026-08-23T05:51:55Z
2026-08-23T05:46:44Z,2026-08-23T07:46:44+0200,442f0342-0040-4db4-ac3f-85a7f822bcbf,2026-07-23T08:45:00Z,2026-07-23T10:45:00+0200,81.07,EUR/MWh,DK1,DK_1,imbalance_price,Short,2026-08-23T05:51:55Z
2026-08-23T05:46:44Z,2026-08-23T07:46:44+0200,442f0342-0040-4db4-ac3f-85a7f822bcbf,2026-07-23T09:00:00Z,2026-07-23T11:00:00+0200,79.2,EUR/MWh,DK1,DK_1,imbalance_price,Long,2026-08-23T05:51:55Z
2026-08-23T05:46:44Z,2026-08-23T07:46:44+0200,442f0342-0040-4db4-ac3f-85a7f822bcbf,2026-07-23T09:00:00Z,2026-07-23T11:00:00+0200,79.2,EUR/MWh,DK1,DK_1,imbalance_price,Short,2026-08-23T05:51:55Z
2026-08-23T05:46:44Z,2026-08-23T07:46:44+0200,442f0342-0040-4db4-ac3f-85a7f822bcbf,2026-07-23T09:15:00Z,2026-07-23T11:15:00+0200,63.89,EUR/MWh,DK1,DK_1,imbalance_price,Long,2026-08-23T05:51:55Z
2026-08-23T05:46:44Z,2026-08-23T07:46:44+0200,442f0342-0040-4db4-ac3f-85a7f822bcbf,2026-07-23T09:15:00Z,2026-07-23T11:15:00+0200,63.89,EUR/MWh,DK1,DK_1,imbalance_price,Short,2026-08-23T05:51:55Z
2026-08-23T05:46:44Z,2026-08-23T07:46:44+0200,442f0342-0040-4db4-ac3f-85a7f822bcbf,2026-07-23T09:30:00Z,2026-07-23T11:30:00+0200,45.02,EUR/MWh,DK1,DK_1,imbalance_price,Long,2026-08-23T05:51:55Z
2026-08-23T05:46:44Z,2026-08-23T07:46:44+0200,442f0342-0040-4db4-ac3f-85a7f822bcbf,2026-07-23T09:30:00Z,2026-07-23T11:30:00+0200,45.02,EUR/MWh,DK1,DK_1,imbalance_price,Short,2026-08-23T05:51:55Z
2026-08-23T05:46:44Z,2026-08-23T07:46:44+0200,442f0342-0040-4db4-ac3f-85a7f822bcbf,2026-07-23T09:45:00Z,2026-07-23T11:45:00+0200,65.02,EUR/MWh,DK1,DK_1,imbalance_price,Long,2026-08-23T05:51:55Z
2026-08-23T05:46:44Z,2026-08-23T07:46:44+0200,442f0342-0040-4db4-ac3f-85a7f822bcbf,2026-07-23T09:45:00Z,2026-07-23T11:45:00+0200,65.02,EUR/MWh,DK1,DK_1,imbalance_price,Short,2026-08-23T05:51:55Z
2026-08-23T05:46:44Z,2026-08-23T07:46:44+0200,442f0342-0040-4db4-ac3f-85a7f822bcbf,2026-07-23T10:00:00Z,2026-07-23T12:00:00+0200,129.9,EUR/MWh,DK1,DK_1,imbalance_price,Long,2026-08-23T05:51:55Z
2026-08-23T05:46:44Z,2026-08-23T07:46:44+0200,442f0342-0040-4db4-ac3f-85a7f822bcbf,2026-07-23T10:00:00Z,2026-07-23T12:00:00+0200,129.9,EUR/MWh,DK1,DK_1,imbalance_price,Short,2026-08-23T05:51:55Z
2026-08-23T05:46:44Z,2026-08-23T07:46:44+0200,442f0342-0040-4db4-ac3f-85a7f822bcbf,2026-07-23T10:15:00Z,2026-07-23T12:15:00+0200,144.42,EUR/MWh,DK1,DK_1,imbalance_price,Long,2026-08-23T05:51:55Z
2026-08-23T05:46:44Z,2026-08-23T07:46:44+0200,442f0342-0040-4db4-ac3f-85a7f822bcbf,2026-07-23T10:15:00Z,2026-07-23T12:15:00+0200,144.42,EUR/MWh,DK1,DK_1,imbalance_price,Short,2026-08-23T05:51:55Z
2026-08-23T05:46:44Z,2026-08-23T07:46:44+0200,442f0342-0040-4db4-ac3f-85a7f822bcbf,2026-07-23T10:30:00Z,2026-07-23T12:30:00+0200,142.53,EUR/MWh,DK1,DK_1,imbalance_price,Long,2026-08-23T05:51:55Z
2026-08-23T05:46:44Z,2026-08-23T07:46:44+0200,442f0342-0040-4db4-ac3f-85a7f822bcbf,2026-07-23T10:30:00Z,2026-07-23T12:30:00+0200,142.53,EUR/MWh,DK1,DK_1,imbalance_price,Short,2026-08-23T05:51:55Z
2026-08-23T05:46:44Z,2026-08-23T07:46:44+0200,442f0342-0040-4db4-ac3f-85a7f822bcbf,2026-07-23T10:45:00Z,2026-07-23T12:45:00+0200,109.91,EUR/MWh,DK1,DK_1,imbalance_price,Long,2026-08-23T05:51:55Z
2026-08-23T05:46:44Z,2026-08-23T07:46:44+0200,442f0342-0040-4db4-ac3f-85a7f822bcbf,2026-07-23T10:45:00Z,2026-07-23T12:45:00+0200,109.91,EUR/MWh,DK1,DK_1,imbalance_price,Short,2026-08-23T05:51:55Z
2026-08-23T05:46:44Z,2026-08-23T07:46:44+0200,442f0342-0040-4db4-ac3f-85a7f822bcbf,2026-07-23T11:00:00Z,2026-07-23T13:00:00+0200,0.96,EUR/MWh,DK1,DK_1,imbalance_price,Long,2026-08-23T05:51:55Z
2026-08-23T05:46:44Z,2026-08-23T07:46:44+0200,442f0342-0040-4db4-ac3f-85a7f822bcbf,2026-07-23T11:00:00Z,2026-07-23T13:00:00+0200,0.96,EUR/MWh,DK1,DK_1,imbalance_price,Short,2026-08-23T05:51:55Z
2026-08-23T05:46:44Z,2026-08-23T07:46:44+0200,442f0342-0040-4db4-ac3f-85a7f822bcbf,2026-07-23T11:15:00Z,2026-07-23T13:15:00+0200,93.64,EUR/MWh,DK1,DK_1,imbalance_price,Long,2026-08-23T05:51:55Z
2026-08-23T05:46:44Z,2026-08-23T07:46:44+0200,442f0342-0040-4db4-ac3f-85a7f822bcbf,2026-07-23T11:15:00Z,2026-07-23T13:15:00+0200,93.64,EUR/MWh,DK1,DK_1,imbalance_price,Short,2026-08-23T05:51:55Z
2026-08-23T05:46:44Z,2026-08-23T07:46:44+0200,442f0342-0040-4db4-ac3f-85a7f822bcbf,2026-07-23T11:30:00Z,2026-07-23T13:30:00+0200,84.04,EUR/MWh,DK1,DK_1,imbalance_price,Long,2026-08-23T05:51:55Z
2026-08-23T05:46:44Z,2026-08-23T07:46:44+0200,442f0342-0040-4db4-ac3f-85a7f822bcbf,2026-07-23T11:30:00Z,2026-07-23T13:30:00+0200,84.04,EUR/MWh,DK1,DK_1,imbalance_price,Short,2026-08-23T05:51:55Z
2026-08-23T05:46:44Z,2026-08-23T07:46:44+0200,442f0342-0040-4db4-ac3f-85a7f822bcbf,2026-07-23T11:45:00Z,2026-07-23T13:45:00+0200,29.44,EUR/MWh,DK1,DK_1,imbalance_price,Long,2026-08-23T05:51:55Z
2026-08-23T05:46:44Z,2026-08-23T07:46:44+0200,442f0342-0040-4db4-ac3f-85a7f822bcbf,2026-07-23T11:45:00Z,2026-07-23T13:45:00+0200,29.44,EUR/MWh,DK1,DK_1,imbalance_price,Short,2026-08-23T05:51:55Z
2026-08-23T05:46:44Z,2026-08-23T07:46:44+0200,442f0342-0040-4db4-ac3f-85a7f822bcbf,2026-07-23T12:00:00Z,2026-07-23T14:00:00+0200,3.46,EUR/MWh,DK1,DK_1,imbalance_price,Long,2026-08-23T05:51:55Z
2026-08-23T05:46:44Z,2026-08-23T07:46:44+0200,442f0342-0040-4db4-ac3f-85a7f822bcbf,2026-07-23T12:00:00Z,2026-07-23T14:00:00+0200,3.46,EUR/MWh,DK1,DK_1,imbalance_price,Short,2026-08-23T05:51:55Z
2026-08-23T05:46:44Z,2026-08-23T07:46:44+0200,442f0342-0040-4db4-ac3f-85a7f822bcbf,2026-07-23T12:15:00Z,2026-07-23T14:15:00+0200,3.75,EUR/MWh,DK1,DK_1,imbalance_price,Long,2026-08-23T05:51:55Z
2026-08-23T05:46:44Z,2026-08-23T07:46:44+0200,442f0342-0040-4db4-ac3f-85a7f822bcbf,2026-07-23T12:15:00Z,2026-07-23T14:15:00+0200,3.75,EUR/MWh,DK1,DK_1,imbalance_price,Short,2026-08-23T05:51:55Z
2026-08-23T05:46:44Z,2026-08-23T07:46:44+0200,442f0342-0040-4db4-ac3f-85a7f822bcbf,2026-07-23T12:30:00Z,2026-07-23T14:30:00+0200,-6.02,EUR/MWh,DK1,DK_1,imbalance_price,Long,2026-08-23T05:51:55Z
2026-08-23T05:46:44Z,2026-08-23T07:46:44+0200,442f0342-0040-4db4-ac3f-85a7f822bcbf,2026-07-23T12:30:00Z,2026-07-23T14:30:00+0200,-6.02,EUR/MWh,DK1,DK_1,imbalance_price,Short,2026-08-23T05:51:55Z
2026-08-23T05:46:44Z,2026-08-23T07:46:44+0200,442f0342-0040-4db4-ac3f-85a7f822bcbf,2026-07-23T12:45:00Z,2026-07-23T14:45:00+0200,-0.94,EUR/MWh,DK1,DK_1,imbalance_price,Long,2026-08-23T05:51:55Z
2026-08-23T05:46:44Z,2026-08-23T07:46:44+0200,442f0342-0040-4db4-ac3f-85a7f822bcbf,2026-07-23T12:45:00Z,2026-07-23T14:45:00+0200,-0.94,EUR/MWh,DK1,DK_1,imbalance_price,Short,2026-08-23T05:51:55Z
2026-08-23T05:46:44Z,2026-08-23T07:46:44+0200,442f0342-0040-4db4-ac3f-85a7f822bcbf,2026-07-23T13:00:00Z,2026-07-23T15:00:00+0200,-2.0,EUR/MWh,DK1,DK_1,imbalance_price,Long,2026-08-23T05:51:55Z
2026-08-23T05:46:44Z,2026-08-23T07:46:44+0200,442f0342-0040-4db4-ac3f-85a7f822bcbf,2026-07-23T13:00:00Z,2026-07-23T15:00:00+0200,-2.0,EUR/MWh,DK1,DK_1,imbalance_price,Short,2026-08-23T05:51:55Z
2026-08-23T05:46:44Z,2026-08-23T07:46:44+0200,442f0342-0040-4db4-ac3f-85a7f822bcbf,2026-07-23T13:15:00Z,2026-07-23T15:15:00+0200,7.01,EUR/MWh,DK1,DK_1,imbalance_price,Long,2026-08-23T05:51:55Z
2026-08-23T05:46:44Z,2026-08-23T07:46:44+0200,442f0342-0040-4db4-ac3f-85a7f822bcbf,2026-07-23T13:15:00Z,2026-07-23T15:15:00+0200,7.01,EUR/MWh,DK1,DK_1,imbalance_price,Short,2026-08-23T05:51:55Z
2026-08-23T05:46:44Z,2026-08-23T07:46:44+0200,442f0342-0040-4db4-ac3f-85a7f822bcbf,2026-07-23T13:30:00Z,2026-07-23T15:30:00+0200,-30.75,EUR/MWh,DK1,DK_1,imbalance_price,Long,2026-08-23T05:51:55Z
2026-08-23T05:46:44Z,2026-08-23T07:46:44+0200,442f0342-0040-4db4-ac3f-85a7f822bcbf,2026-07-23T13:30:00Z,2026-07-23T15:30:00+0200,-30.75,EUR/MWh,DK1,DK_1,imbalance_price,Short,2026-08-23T05:51:55Z
2026-08-23T05:46:44Z,2026-08-23T07:46:44+0200,442f0342-0040-4db4-ac3f-85a7f822bcbf,2026-07-23T13:45:00Z,2026-07-23T15:45:00+0200,0.51,EUR/MWh,DK1,DK_1,imbalance_price,Long,2026-08-23T05:51:55Z
2026-08-23T05:46:44Z,2026-08-23T07:46:44+0200,442f0342-0040-4db4-ac3f-85a7f822bcbf,2026-07-23T13:45:00Z,2026-07-23T15:45:00+0200,0.51,EUR/MWh,DK1,DK_1,imbalance_price,Short,2026-08-23T05:51:55Z
2026-08-23T05:46:44Z,2026-08-23T07:46:44+0200,442f0342-0040-4db4-ac3f-85a7f822bcbf,2026-07-23T14:00:00Z,2026-07-23T16:00:00+0200,3.73,EUR/MWh,DK1,DK_1,imbalance_price,Long,2026-08-23T05:51:55Z
2026-08-23T05:46:44Z,2026-08-23T07:46:44+0200,442f0342-0040-4db4-ac3f-85a7f822bcbf,2026-07-23T14:00:00Z,2026-07-23T16:00:00+0200,3.73,EUR/MWh,DK1,DK_1,imbalance_price,Short,2026-08-23T05:51:55Z
2026-08-23T05:46:44Z,2026-08-23T07:46:44+0200,442f0342-0040-4db4-ac3f-85a7f822bcbf,2026-07-23T14:15:00Z,2026-07-23T16:15:00+0200,-2.68,EUR/MWh,DK1,DK_1,imbalance_price,Long,2026-08-23T05:51:55Z
2026-08-23T05:46:44Z,2026-08-23T07:46:44+0200,442f0342-0040-4db4-ac3f-85a7f822bcbf,2026-07-23T14:15:00Z,2026-07-23T16:15:00+0200,-2.68,EUR/MWh,DK1,DK_1,imbalance_price,Short,2026-08-23T05:51:55Z
2026-08-23T05:46:44Z,2026-08-23T07:46:44+0200,442f0342-0040-4db4-ac3f-85a7f822bcbf,2026-07-23T14:30:00Z,2026-07-23T16:30:00+0200,-11.95,EUR/MWh,DK1,DK_1,imbalance_price,Long,2026-08-23T05:51:55Z
2026-08-23T05:46:44Z,2026-08-23T07:46:44+0200,442f0342-0040-4db4-ac3f-85a7f822bcbf,2026-07-23T14:30:00Z,2026-07-23T16:30:00+0200,-11.95,EUR/MWh,DK1,DK_1,imbalance_price,Short,2026-08-23T05:51:55Z
2026-08-23T05:46:44Z,2026-08-23T07:46:44+0200,442f0342-0040-4db4-ac3f-85a7f822bcbf,2026-07-23T14:45:00Z,2026-07-23T16:45:00+0200,-0.49,EUR/MWh,DK1,DK_1,imbalance_price,Long,2026-08-23T05:51:55Z
2026-08-23T05:46:44Z,2026-08-23T07:46:44+0200,442f0342-0040-4db4-ac3f-85a7f822bcbf,2026-07-23T14:45:00Z,2026-07-23T16:45:00+0200,-0.49,EUR/MWh,DK1,DK_1,imbalance_price,Short,2026-08-23T05:51:55Z
2026-08-23T05:46:44Z,2026-08-23T07:46:44+0200,442f0342-0040-4db4-ac3f-85a7f822bcbf,2026-07-23T15:00:00Z,2026-07-23T17:00:00+0200,104.01,EUR/MWh,DK1,DK_1,imbalance_price,Long,2026-08-23T05:51:55Z
2026-08-23T05:46:44Z,2026-08-23T07:46:44+0200,442f0342-0040-4db4-ac3f-85a7f822bcbf,2026-07-23T15:00:00Z,2026-07-23T17:00:00+0200,104.01,EUR/MWh,DK1,DK_1,imbalance_price,Short,2026-08-23T05:51:55Z
2026-08-23T05:46:44Z,2026-08-23T07:46:44+0200,442f0342-0040-4db4-ac3f-85a7f822bcbf,2026-07-23T15:15:00Z,2026-07-23T17:15:00+0200,94.78,EUR/MWh,DK1,DK_1,imbalance_price,Long,2026-08-23T05:51:55Z
2026-08-23T05:46:44Z,2026-08-23T07:46:44+0200,442f0342-0040-4db4-ac3f-85a7f822bcbf,2026-07-23T15:15:00Z,2026-07-23T17:15:00+0200,94.78,EUR/MWh,DK1,DK_1,imbalance_price,Short,2026-08-23T05:51:55Z
2026-08-23T05:46:44Z,2026-08-23T07:46:44+0200,442f0342-0040-4db4-ac3f-85a7f822bcbf,2026-07-23T15:30:00Z,2026-07-23T17:30:00+0200,33.0,EUR/MWh,DK1,DK_1,imbalance_price,Long,2026-08-23T05:51:55Z
2026-08-23T05:46:44Z,2026-08-23T07:46:44+0200,442f0342-0040-4db4-ac3f-85a7f822bcbf,2026-07-23T15:30:00Z,2026-07-23T17:30:00+0200,33.0,EUR/MWh,DK1,DK_1,imbalance_price,Short,2026-08-23T05:51:55Z
2026-08-23T05:46:44Z,2026-08-23T07:46:44+0200,442f0342-0040-4db4-ac3f-85a7f822bcbf,2026-07-23T15:45:00Z,2026-07-23T17:45:00+0200,125.4,EUR/MWh,DK1,DK_1,imbalance_price,Long,2026-08-23T05:51:55Z
2026-08-23T05:46:44Z,2026-08-23T07:46:44+0200,442f0342-0040-4db4-ac3f-85a7f822bcbf,2026-07-23T15:45:00Z,2026-07-23T17:45:00+0200,125.4,EUR/MWh,DK1,DK_1,imbalance_price,Short,2026-08-23T05:51:55Z
2026-08-23T05:46:44Z,2026-08-23T07:46:44+0200,442f0342-0040-4db4-ac3f-85a7f822bcbf,2026-07-23T16:00:00Z,2026-07-23T18:00:00+0200,187.15,EUR/MWh,DK1,DK_1,imbalance_price,Long,2026-08-23T05:51:55Z
2026-08-23T05:46:44Z,2026-08-23T07:46:44+0200,442f0342-0040-4db4-ac3f-85a7f822bcbf,2026-07-23T16:00:00Z,2026-07-23T18:00:00+0200,187.15,EUR/MWh,DK1,DK_1,imbalance_price,Short,2026-08-23T05:51:55Z
2026-08-23T05:46:44Z,2026-08-23T07:46:44+0200,442f0342-0040-4db4-ac3f-85a7f822bcbf,2026-07-23T16:15:00Z,2026-07-23T18:15:00+0200,144.4,EUR/MWh,DK1,DK_1,imbalance_price,Long,2026-08-23T05:51:55Z
2026-08-23T05:46:44Z,2026-08-23T07:46:44+0200,442f0342-0040-4db4-ac3f-85a7f822bcbf,2026-07-23T16:15:00Z,2026-07-23T18:15:00+0200,144.4,EUR/MWh,DK1,DK_1,imbalance_price,Short,2026-08-23T05:51:55Z
2026-08-23T05:46:44Z,2026-08-23T07:46:44+0200,442f0342-0040-4db4-ac3f-85a7f822bcbf,2026-07-23T16:30:00Z,2026-07-23T18:30:00+0200,193.08,EUR/MWh,DK1,DK_1,imbalance_price,Long,2026-08-23T05:51:55Z
2026-08-23T05:46:44Z,2026-08-23T07:46:44+0200,442f0342-0040-4db4-ac3f-85a7f822bcbf,2026-07-23T16:30:00Z,2026-07-23T18:30:00+0200,193.08,EUR/MWh,DK1,DK_1,imbalance_price,Short,2026-08-23T05:51:55Z
2026-08-23T05:46:44Z,2026-08-23T07:46:44+0200,442f0342-0040-4db4-ac3f-85a7f822bcbf,2026-07-23T16:45:00Z,2026-07-23T18:45:00+0200,347.88,EUR/MWh,DK1,DK_1,imbalance_price,Long,2026-08-23T05:51:55Z
2026-08-23T05:46:44Z,2026-08-23T07:46:44+0200,442f0342-0040-4db4-ac3f-85a7f822bcbf,2026-07-23T16:45:00Z,2026-07-23T18:45:00+0200,347.88,EUR/MWh,DK1,DK_1,imbalance_price,Short,2026-08-23T05:51:55Z
2026-08-23T05:46:44Z,2026-08-23T07:46:44+0200,442f0342-0040-4db4-ac3f-85a7f822bcbf,2026-07-23T17:00:00Z,2026-07-23T19:00:00+0200,260.87,EUR/MWh,DK1,DK_1,imbalance_price,Long,2026-08-23T05:51:55Z
2026-08-23T05:46:44Z,2026-08-23T07:46:44+0200,442f0342-0040-4db4-ac3f-85a7f822bcbf,2026-07-23T17:00:00Z,2026-07-23T19:00:00+0200,260.87,EUR/MWh,DK1,DK_1,imbalance_price,Short,2026-08-23T05:51:55Z
2026-08-23T05:46:44Z,2026-08-23T07:46:44+0200,442f0342-0040-4db4-ac3f-85a7f822bcbf,2026-07-23T17:15:00Z,2026-07-23T19:15:00+0200,280.79,EUR/MWh,DK1,DK_1,imbalance_price,Long,2026-08-23T05:51:55Z
2026-08-23T05:46:44Z,2026-08-23T07:46:44+0200,442f0342-0040-4db4-ac3f-85a7f822bcbf,2026-07-23T17:15:00Z,2026-07-23T19:15:00+0200,280.79,EUR/MWh,DK1,DK_1,imbalance_price,Short,2026-08-23T05:51:55Z
2026-08-23T05:46:44Z,2026-08-23T07:46:44+0200,442f0342-0040-4db4-ac3f-85a7f822bcbf,2026-07-23T17:30:00Z,2026-07-23T19:30:00+0200,267.55,EUR/MWh,DK1,DK_1,imbalance_price,Long,2026-08-23T05:51:55Z
2026-08-23T05:46:44Z,2026-08-23T07:46:44+0200,442f0342-0040-4db4-ac3f-85a7f822bcbf,2026-07-23T17:30:00Z,2026-07-23T19:30:00+0200,267.55,EUR/MWh,DK1,DK_1,imbalance_price,Short,2026-08-23T05:51:55Z
2026-08-23T05:46:44Z,2026-08-23T07:46:44+0200,442f0342-0040-4db4-ac3f-85a7f822bcbf,2026-07-23T17:45:00Z,2026-07-23T19:45:00+0200,334.43,EUR/MWh,DK1,DK_1,imbalance_price,Long,2026-08-23T05:51:55Z
2026-08-23T05:46:44Z,2026-08-23T07:46:44+0200,442f0342-0040-4db4-ac3f-85a7f822bcbf,2026-07-23T17:45:00Z,2026-07-23T19:45:00+0200,334.43,EUR/MWh,DK1,DK_1,imbalance_price,Short,2026-08-23T05:51:55Z
2026-08-23T05:46:44Z,2026-08-23T07:46:44+0200,442f0342-0040-4db4-ac3f-85a7f822bcbf,2026-07-23T18:00:00Z,2026-07-23T20:00:00+0200,206.63,EUR/MWh,DK1,DK_1,imbalance_price,Long,2026-08-23T05:51:55Z
2026-08-23T05:46:44Z,2026-08-23T07:46:44+0200,442f0342-0040-4db4-ac3f-85a7f822bcbf,2026-07-23T18:00:00Z,2026-07-23T20:00:00+0200,206.63,EUR/MWh,DK1,DK_1,imbalance_price,Short,2026-08-23T05:51:55Z
2026-08-23T05:46:44Z,2026-08-23T07:46:44+0200,442f0342-0040-4db4-ac3f-85a7f822bcbf,2026-07-23T18:15:00Z,2026-07-23T20:15:00+0200,347.81,EUR/MWh,DK1,DK_1,imbalance_price,Long,2026-08-23T05:51:55Z
2026-08-23T05:46:44Z,2026-08-23T07:46:44+0200,442f0342-0040-4db4-ac3f-85a7f822bcbf,2026-07-23T18:15:00Z,2026-07-23T20:15:00+0200,347.81,EUR/MWh,DK1,DK_1,imbalance_price,Short,2026-08-23T05:51:55Z
2026-08-23T05:46:44Z,2026-08-23T07:46:44+0200,442f0342-0040-4db4-ac3f-85a7f822bcbf,2026-07-23T18:30:00Z,2026-07-23T20:30:00+0200,334.43,EUR/MWh,DK1,DK_1,imbalance_price,Long,2026-08-23T05:51:55Z
2026-08-23T05:46:44Z,2026-08-23T07:46:44+0200,442f0342-0040-4db4-ac3f-85a7f822bcbf,2026-07-23T18:30:00Z,2026-07-23T20:30:00+0200,334.43,EUR/MWh,DK1,DK_1,imbalance_price,Short,2026-08-23T05:51:55Z
2026-08-23T05:46:44Z,2026-08-23T07:46:44+0200,442f0342-0040-4db4-ac3f-85a7f822bcbf,2026-07-23T18:45:00Z,2026-07-23T20:45:00+0200,240.84,EUR/MWh,DK1,DK_1,imbalance_price,Long,2026-08-23T05:51:55Z
2026-08-23T05:46:44Z,2026-08-23T07:46:44+0200,442f0342-0040-4db4-ac3f-85a7f822bcbf,2026-07-23T18:45:00Z,2026-07-23T20:45:00+0200,240.84,EUR/MWh,DK1,DK_1,imbalance_price,Short,2026-08-23T05:51:55Z
2026-08-23T05:46:44Z,2026-08-23T07:46:44+0200,442f0342-0040-4db4-ac3f-85a7f822bcbf,2026-07-23T19:00:00Z,2026-07-23T21:00:00+0200,192.84,EUR/MWh,DK1,DK_1,imbalance_price,Long,2026-08-23T05:51:55Z
2026-08-23T05:46:44Z,2026-08-23T07:46:44+0200,442f0342-0040-4db4-ac3f-85a7f822bcbf,2026-07-23T19:00:00Z,2026-07-23T21:00:00+0200,192.84,EUR/MWh,DK1,DK_1,imbalance_price,Short,2026-08-23T05:51:55Z
2026-08-23T05:46:44Z,2026-08-23T07:46:44+0200,442f0342-0040-4db4-ac3f-85a7f822bcbf,2026-07-23T19:15:00Z,2026-07-23T21:15:00+0200,105.51,EUR/MWh,DK1,DK_1,imbalance_price,Long,2026-08-23T05:51:55Z
2026-08-23T05:46:44Z,2026-08-23T07:46:44+0200,442f0342-0040-4db4-ac3f-85a7f822bcbf,2026-07-23T19:15:00Z,2026-07-23T21:15:00+0200,105.51,EUR/MWh,DK1,DK_1,imbalance_price,Short,2026-08-23T05:51:55Z
2026-08-23T05:46:44Z,2026-08-23T07:46:44+0200,442f0342-0040-4db4-ac3f-85a7f822bcbf,2026-07-23T19:30:00Z,2026-07-23T21:30:00+0200,102.32,EUR/MWh,DK1,DK_1,imbalance_price,Long,2026-08-23T05:51:55Z
2026-08-23T05:46:44Z,2026-08-23T07:46:44+0200,442f0342-0040-4db4-ac3f-85a7f822bcbf,2026-07-23T19:30:00Z,2026-07-23T21:30:00+0200,102.32,EUR/MWh,DK1,DK_1,imbalance_price,Short,2026-08-23T05:51:55Z
2026-08-23T05:46:44Z,2026-08-23T07:46:44+0200,442f0342-0040-4db4-ac3f-85a7f822bcbf,2026-07-23T19:45:00Z,2026-07-23T21:45:00+0200,185.67,EUR/MWh,DK1,DK_1,imbalance_price,Long,2026-08-23T05:51:55Z
2026-08-23T05:46:44Z,2026-08-23T07:46:44+0200,442f0342-0040-4db4-ac3f-85a7f822bcbf,2026-07-23T19:45:00Z,2026-07-23T21:45:00+0200,185.67,EUR/MWh,DK1,DK_1,imbalance_price,Short,2026-08-23T05:51:55Z
2026-08-23T05:46:44Z,2026-08-23T07:46:44+0200,442f0342-0040-4db4-ac3f-85a7f822bcbf,2026-07-23T20:00:00Z,2026-07-23T22:00:00+0200,267.6,EUR/MWh,DK1,DK_1,imbalance_price,Long,2026-08-23T05:51:55Z
2026-08-23T05:46:44Z,2026-08-23T07:46:44+0200,442f0342-0040-4db4-ac3f-85a7f822bcbf,2026-07-23T20:00:00Z,2026-07-23T22:00:00+0200,267.6,EUR/MWh,DK1,DK_1,imbalance_price,Short,2026-08-23T05:51:55Z
2026-08-23T05:46:44Z,2026-08-23T07:46:44+0200,442f0342-0040-4db4-ac3f-85a7f822bcbf,2026-07-23T20:15:00Z,2026-07-23T22:15:00+0200,334.43,EUR/MWh,DK1,DK_1,imbalance_price,Long,2026-08-23T05:51:55Z
2026-08-23T05:46:44Z,2026-08-23T07:46:44+0200,442f0342-0040-4db4-ac3f-85a7f822bcbf,2026-07-23T20:15:00Z,2026-07-23T22:15:00+0200,334.43,EUR/MWh,DK1,DK_1,imbalance_price,Short,2026-08-23T05:51:55Z
2026-08-23T05:46:44Z,2026-08-23T07:46:44+0200,442f0342-0040-4db4-ac3f-85a7f822bcbf,2026-07-23T20:30:00Z,2026-07-23T22:30:00+0200,334.43,EUR/MWh,DK1,DK_1,imbalance_price,Long,2026-08-23T05:51:55Z
2026-08-23T05:46:44Z,2026-08-23T07:46:44+0200,442f0342-0040-4db4-ac3f-85a7f822bcbf,2026-07-23T20:30:00Z,2026-07-23T22:30:00+0200,334.43,EUR/MWh,DK1,DK_1,imbalance_price,Short,2026-08-23T05:51:55Z
2026-08-23T05:46:44Z,2026-08-23T07:46:44+0200,442f0342-0040-4db4-ac3f-85a7f822bcbf,2026-07-23T20:45:00Z,2026-07-23T22:45:00+0200,267.6,EUR/MWh,DK1,DK_1,imbalance_price,Long,2026-08-23T05:51:55Z
2026-08-23T05:46:44Z,2026-08-23T07:46:44+0200,442f0342-0040-4db4-ac3f-85a7f822bcbf,2026-07-23T20:45:00Z,2026-07-23T22:45:00+0200,267.6,EUR/MWh,DK1,DK_1,imbalance_price,Short,2026-08-23T05:51:55Z
2026-08-23T05:46:44Z,2026-08-23T07:46:44+0200,442f0342-0040-4db4-ac3f-85a7f822bcbf,2026-07-23T21:00:00Z,2026-07-23T23:00:00+0200,108.08,EUR/MWh,DK1,DK_1,imbalance_price,Long,2026-08-23T05:51:55Z
2026-08-23T05:46:44Z,2026-08-23T07:46:44+0200,442f0342-0040-4db4-ac3f-85a7f822bcbf,2026-07-23T21:00:00Z,2026-07-23T23:00:00+0200,108.08,EUR/MWh,DK1,DK_1,imbalance_price,Short,2026-08-23T05:51:55Z
2026-08-23T05:46:44Z,2026-08-23T07:46:44+0200,442f0342-0040-4db4-ac3f-85a7f822bcbf,2026-07-23T21:15:00Z,2026-07-23T23:15:00+0200,107.31,EUR/MWh,DK1,DK_1,imbalance_price,Long,2026-08-23T05:51:55Z
2026-08-23T05:46:44Z,2026-08-23T07:46:44+0200,442f0342-0040-4db4-ac3f-85a7f822bcbf,2026-07-23T21:15:00Z,2026-07-23T23:15:00+0200,107.31,EUR/MWh,DK1,DK_1,imbalance_price,Short,2026-08-23T05:51:55Z
2026-08-23T05:46:44Z,2026-08-23T07:46:44+0200,442f0342-0040-4db4-ac3f-85a7f822bcbf,2026-07-23T21:30:00Z,2026-07-23T23:30:00+0200,267.6,EUR/MWh,DK1,DK_1,imbalance_price,Long,2026-08-23T05:51:55Z
2026-08-23T05:46:44Z,2026-08-23T07:46:44+0200,442f0342-0040-4db4-ac3f-85a7f822bcbf,2026-07-23T21:30:00Z,2026-07-23T23:30:00+0200,267.6,EUR/MWh,DK1,DK_1,imbalance_price,Short,2026-08-23T05:51:55Z
2026-08-23T05:46:44Z,2026-08-23T07:46:44+0200,442f0342-0040-4db4-ac3f-85a7f822bcbf,2026-07-23T21:45:00Z,2026-07-23T23:45:00+0200,280.92,EUR/MWh,DK1,DK_1,imbalance_price,Long,2026-08-23T05:51:55Z
2026-08-23T05:46:44Z,2026-08-23T07:46:44+0200,442f0342-0040-4db4-ac3f-85a7f822bcbf,2026-07-23T21:45:00Z,2026-07-23T23:45:00+0200,280.92,EUR/MWh,DK1,DK_1,imbalance_price,Short,2026-08-23T05:51:55Z
2026-08-23T05:46:44Z,2026-08-23T07:46:44+0200,442f0342-0040-4db4-ac3f-85a7f822bcbf,2026-07-23T22:00:00Z,2026-07-24T00:00:00+0200,207.65,EUR/MWh,DK1,DK_1,imbalance_price,Long,2026-08-23T05:51:55Z
2026-08-23T05:46:44Z,2026-08-23T07:46:44+0200,442f0342-0040-4db4-ac3f-85a7f822bcbf,2026-07-23T22:00:00Z,2026-07-24T00:00:00+0200,207.65,EUR/MWh,DK1,DK_1,imbalance_price,Short,2026-08-23T05:51:55Z
2026-08-23T05:46:44Z,2026-08-23T07:46:44+0200,442f0342-0040-4db4-ac3f-85a7f822bcbf,2026-07-23T22:15:00Z,2026-07-24T00:15:00+0200,267.6,EUR/MWh,DK1,DK_1,imbalance_price,Long,2026-08-23T05:51:55Z
2026-08-23T05:46:44Z,2026-08-23T07:46:44+0200,442f0342-0040-4db4-ac3f-85a7f822bcbf,2026-07-23T22:15:00Z,2026-07-24T00:15:00+0200,267.6,EUR/MWh,DK1,DK_1,imbalance_price,Short,2026-08-23T05:51:55Z
2026-08-23T05:46:44Z,2026-08-23T07:46:44+0200,442f0342-0040-4db4-ac3f-85a7f822bcbf,2026-07-23T22:30:00Z,2026-07-24T00:30:00+0200,334.43,EUR/MWh,DK1,DK_1,imbalance_price,Long,2026-08-23T05:51:55Z
2026-08-23T05:46:44Z,2026-08-23T07:46:44+0200,442f0342-0040-4db4-ac3f-85a7f822bcbf,2026-07-23T22:30:00Z,2026-07-24T00:30:00+0200,334.43,EUR/MWh,DK1,DK_1,imbalance_price,Short,2026-08-23T05:51:55Z
2026-08-23T05:46:44Z,2026-08-23T07:46:44+0200,442f0342-0040-4db4-ac3f-85a7f822bcbf,2026-07-23T22:45:00Z,2026-07-24T00:45:00+0200,220.46,EUR/MWh,DK1,DK_1,imbalance_price,Long,2026-08-23T05:51:55Z
2026-08-23T05:46:44Z,2026-08-23T07:46:44+0200,442f0342-0040-4db4-ac3f-85a7f822bcbf,2026-07-23T22:45:00Z,2026-07-24T00:45:00+0200,220.46,EUR/MWh,DK1,DK_1,imbalance_price,Short,2026-08-23T05:51:55Z
2026-08-23T05:46:44Z,2026-08-23T07:46:44+0200,442f0342-0040-4db4-ac3f-85a7f822bcbf,2026-07-23T23:00:00Z,2026-07-24T01:00:00+0200,165.5,EUR/MWh,DK1,DK_1,imbalance_price,Long,2026-08-23T05:51:55Z
2026-08-23T05:46:44Z,2026-08-23T07:46:44+0200,442f0342-0040-4db4-ac3f-85a7f822bcbf,2026-07-23T23:00:00Z,2026-07-24T01:00:00+0200,165.5,EUR/MWh,DK1,DK_1,imbalance_price,Short,2026-08-23T05:51:55Z
2026-08-23T05:46:44Z,2026-08-23T07:46:44+0200,442f0342-0040-4db4-ac3f-85a7f822bcbf,2026-07-23T23:15:00Z,2026-07-24T01:15:00+0200,157.97,EUR/MWh,DK1,DK_1,imbalance_price,Long,2026-08-23T05:51:55Z
2026-08-23T05:46:44Z,2026-08-23T07:46:44+0200,442f0342-0040-4db4-ac3f-85a7f822bcbf,2026-07-23T23:15:00Z,2026-07-24T01:15:00+0200,157.97,EUR/MWh,DK1,DK_1,imbalance_price,Short,2026-08-23T05:51:55Z
2026-08-23T05:46:44Z,2026-08-23T07:46:44+0200,442f0342-0040-4db4-ac3f-85a7f822bcbf,2026-07-23T23:30:00Z,2026-07-24T01:30:00+0200,155.89,EUR/MWh,DK1,DK_1,imbalance_price,Long,2026-08-23T05:51:55Z
2026-08-23T05:46:44Z,2026-08-23T07:46:44+0200,442f0342-0040-4db4-ac3f-85a7f822bcbf,2026-07-23T23:30:00Z,2026-07-24T01:30:00+0200,155.89,EUR/MWh,DK1,DK_1,imbalance_price,Short,2026-08-23T05:51:55Z
2026-08-23T05:46:44Z,2026-08-23T07:46:44+0200,442f0342-0040-4db4-ac3f-85a7f822bcbf,2026-07-23T23:45:00Z,2026-07-24T01:45:00+0200,112.67,EUR/MWh,DK1,DK_1,imbalance_price,Long,2026-08-23T05:51:55Z
2026-08-23T05:46:44Z,2026-08-23T07:46:44+0200,442f0342-0040-4db4-ac3f-85a7f822bcbf,2026-07-23T23:45:00Z,2026-07-24T01:45:00+0200,112.67,EUR/MWh,DK1,DK_1,imbalance_price,Short,2026-08-23T05:51:55Z
2026-08-23T05:46:44Z,2026-08-23T07:46:44+0200,442f0342-0040-4db4-ac3f-85a7f822bcbf,2026-07-24T00:00:00Z,2026-07-24T02:00:00+0200,113.63,EUR/MWh,DK1,DK_1,imbalance_price,Long,2026-08-23T05:51:55Z
2026-08-23T05:46:44Z,2026-08-23T07:46:44+0200,442f0342-0040-4db4-ac3f-85a7f822bcbf,2026-07-24T00:00:00Z,2026-07-24T02:00:00+0200,113.63,EUR/MWh,DK1,DK_1,imbalance_price,Short,2026-08-23T05:51:55Z
2026-08-23T05:46:44Z,2026-08-23T07:46:44+0200,442f0342-0040-4db4-ac3f-85a7f822bcbf,2026-07-24T00:15:00Z,2026-07-24T02:15:00+0200,113.17,EUR/MWh,DK1,DK_1,imbalance_price,Long,2026-08-23T05:51:55Z
2026-08-23T05:46:44Z,2026-08-23T07:46:44+0200,442f0342-0040-4db4-ac3f-85a7f822bcbf,2026-07-24T00:15:00Z,2026-07-24T02:15:00+0200,113.17,EUR/MWh,DK1,DK_1,imbalance_price,Short,2026-08-23T05:51:55Z
2026-08-23T05:46:44Z,2026-08-23T07:46:44+0200,442f0342-0040-4db4-ac3f-85a7f822bcbf,2026-07-24T00:30:00Z,2026-07-24T02:30:00+0200,115.97,EUR/MWh,DK1,DK_1,imbalance_price,Long,2026-08-23T05:51:55Z
2026-08-23T05:46:44Z,2026-08-23T07:46:44+0200,442f0342-0040-4db4-ac3f-85a7f822bcbf,2026-07-24T00:30:00Z,2026-07-24T02:30:00+0200,115.97,EUR/MWh,DK1,DK_1,imbalance_price,Short,2026-08-23T05:51:55Z
2026-08-23T05:46:44Z,2026-08-23T07:46:44+0200,442f0342-0040-4db4-ac3f-85a7f822bcbf,2026-07-24T00:45:00Z,2026-07-24T02:45:00+0200,107.07,EUR/MWh,DK1,DK_1,imbalance_price,Long,2026-08-23T05:51:55Z
2026-08-23T05:46:44Z,2026-08-23T07:46:44+0200,442f0342-0040-4db4-ac3f-85a7f822bcbf,2026-07-24T00:45:00Z,2026-07-24T02:45:00+0200,107.07,EUR/MWh,DK1,DK_1,imbalance_price,Short,2026-08-23T05:51:55Z
2026-08-23T05:46:44Z,2026-08-23T07:46:44+0200,442f0342-0040-4db4-ac3f-85a7f822bcbf,2026-07-24T01:00:00Z,2026-07-24T03:00:00+0200,113.65,EUR/MWh,DK1,DK_1,imbalance_price,Long,2026-08-23T05:51:55Z
2026-08-23T05:46:44Z,2026-08-23T07:46:44+0200,442f0342-0040-4db4-ac3f-85a7f822bcbf,2026-07-24T01:00:00Z,2026-07-24T03:00:00+0200,113.65,EUR/MWh,DK1,DK_1,imbalance_price,Short,2026-08-23T05:51:55Z
2026-08-23T05:46:44Z,2026-08-23T07:46:44+0200,442f0342-0040-4db4-ac3f-85a7f822bcbf,2026-07-24T01:15:00Z,2026-07-24T03:15:00+0200,112.17,EUR/MWh,DK1,DK_1,imbalance_price,Long,2026-08-23T05:51:55Z
2026-08-23T05:46:44Z,2026-08-23T07:46:44+0200,442f0342-0040-4db4-ac3f-85a7f822bcbf,2026-07-24T01:15:00Z,2026-07-24T03:15:00+0200,112.17,EUR/MWh,DK1,DK_1,imbalance_price,Short,2026-08-23T05:51:55Z
2026-08-23T05:46:44Z,2026-08-23T07:46:44+0200,442f0342-0040-4db4-ac3f-85a7f822bcbf,2026-07-24T01:30:00Z,2026-07-24T03:30:00+0200,267.6,EUR/MWh,DK1,DK_1,imbalance_price,Long,2026-08-23T05:51:55Z
2026-08-23T05:46:44Z,2026-08-23T07:46:44+0200,442f0342-0040-4db4-ac3f-85a7f822bcbf,2026-07-24T01:30:00Z,2026-07-24T03:30:00+0200,267.6,EUR/MWh,DK1,DK_1,imbalance_price,Short,2026-08-23T05:51:55Z
2026-08-23T05:46:44Z,2026-08-23T07:46:44+0200,442f0342-0040-4db4-ac3f-85a7f822bcbf,2026-07-24T01:45:00Z,2026-07-24T03:45:00+0200,141.02,EUR/MWh,DK1,DK_1,imbalance_price,Long,2026-08-23T05:51:55Z
2026-08-23T05:46:44Z,2026-08-23T07:46:44+0200,442f0342-0040-4db4-ac3f-85a7f822bcbf,2026-07-24T01:45:00Z,2026-07-24T03:45:00+0200,141.02,EUR/MWh,DK1,DK_1,imbalance_price,Short,2026-08-23T05:51:55Z
2026-08-23T05:46:44Z,2026-08-23T07:46:44+0200,442f0342-0040-4db4-ac3f-85a7f822bcbf,2026-07-24T02:00:00Z,2026-07-24T04:00:00+0200,142.07,EUR/MWh,DK1,DK_1,imbalance_price,Long,2026-08-23T05:51:55Z
2026-08-23T05:46:44Z,2026-08-23T07:46:44+0200,442f0342-0040-4db4-ac3f-85a7f822bcbf,2026-07-24T02:00:00Z,2026-07-24T04:00:00+0200,142.07,EUR/MWh,DK1,DK_1,imbalance_price,Short,2026-08-23T05:51:55Z
2026-08-23T05:46:44Z,2026-08-23T07:46:44+0200,442f0342-0040-4db4-ac3f-85a7f822bcbf,2026-07-24T02:15:00Z,2026-07-24T04:15:00+0200,141.69,EUR/MWh,DK1,DK_1,imbalance_price,Long,2026-08-23T05:51:55Z
2026-08-23T05:46:44Z,2026-08-23T07:46:44+0200,442f0342-0040-4db4-ac3f-85a7f822bcbf,2026-07-24T02:15:00Z,2026-07-24T04:15:00+0200,141.69,EUR/MWh,DK1,DK_1,imbalance_price,Short,2026-08-23T05:51:55Z
2026-08-23T05:46:44Z,2026-08-23T07:46:44+0200,442f0342-0040-4db4-ac3f-85a7f822bcbf,2026-07-24T02:30:00Z,2026-07-24T04:30:00+0200,142.21,EUR/MWh,DK1,DK_1,imbalance_price,Long,2026-08-23T05:51:55Z
2026-08-23T05:46:44Z,2026-08-23T07:46:44+0200,442f0342-0040-4db4-ac3f-85a7f822bcbf,2026-07-24T02:30:00Z,2026-07-24T04:30:00+0200,142.21,EUR/MWh,DK1,DK_1,imbalance_price,Short,2026-08-23T05:51:55Z
2026-08-23T05:46:44Z,2026-08-23T07:46:44+0200,442f0342-0040-4db4-ac3f-85a7f822bcbf,2026-07-24T02:45:00Z,2026-07-24T04:45:00+0200,119.51,EUR/MWh,DK1,DK_1,imbalance_price,Long,2026-08-23T05:51:55Z
2026-08-23T05:46:44Z,2026-08-23T07:46:44+0200,442f0342-0040-4db4-ac3f-85a7f822bcbf,2026-07-24T02:45:00Z,2026-07-24T04:45:00+0200,119.51,EUR/MWh,DK1,DK_1,imbalance_price,Short,2026-08-23T05:51:55Z
2026-08-23T05:46:44Z,2026-08-23T07:46:44+0200,442f0342-0040-4db4-ac3f-85a7f822bcbf,2026-07-24T03:00:00Z,2026-07-24T05:00:00+0200,149.67,EUR/MWh,DK1,DK_1,imbalance_price,Long,2026-08-23T05:51:55Z
2026-08-23T05:46:44Z,2026-08-23T07:46:44+0200,442f0342-0040-4db4-ac3f-85a7f822bcbf,2026-07-24T03:00:00Z,2026-07-24T05:00:00+0200,149.67,EUR/MWh,DK1,DK_1,imbalance_price,Short,2026-08-23T05:51:55Z
2026-08-23T05:46:44Z,2026-08-23T07:46:44+0200,442f0342-0040-4db4-ac3f-85a7f822bcbf,2026-07-24T03:15:00Z,2026-07-24T05:15:00+0200,127.5,EUR/MWh,DK1,DK_1,imbalance_price,Long,2026-08-23T05:51:55Z
2026-08-23T05:46:44Z,2026-08-23T07:46:44+0200,442f0342-0040-4db4-ac3f-85a7f822bcbf,2026-07-24T03:15:00Z,2026-07-24T05:15:00+0200,127.5,EUR/MWh,DK1,DK_1,imbalance_price,Short,2026-08-23T05:51:55Z
2026-08-23T05:46:44Z,2026-08-23T07:46:44+0200,442f0342-0040-4db4-ac3f-85a7f822bcbf,2026-07-24T03:30:00Z,2026-07-24T05:30:00+0200,216.18,EUR/MWh,DK1,DK_1,imbalance_price,Long,2026-08-23T05:51:55Z
2026-08-23T05:46:44Z,2026-08-23T07:46:44+0200,442f0342-0040-4db4-ac3f-85a7f822bcbf,2026-07-24T03:30:00Z,2026-07-24T05:30:00+0200,216.18,EUR/MWh,DK1,DK_1,imbalance_price,Short,2026-08-23T05:51:55Z
2026-08-23T05:46:44Z,2026-08-23T07:46:44+0200,442f0342-0040-4db4-ac3f-85a7f822bcbf,2026-07-24T03:45:00Z,2026-07-24T05:45:00+0200,334.44,EUR/MWh,DK1,DK_1,imbalance_price,Long,2026-08-23T05:51:55Z
2026-08-23T05:46:44Z,2026-08-23T07:46:44+0200,442f0342-0040-4db4-ac3f-85a7f822bcbf,2026-07-24T03:45:00Z,2026-07-24T05:45:00+0200,334.44,EUR/MWh,DK1,DK_1,imbalance_price,Short,2026-08-23T05:51:55Z
2026-08-23T05:46:44Z,2026-08-23T07:46:44+0200,442f0342-0040-4db4-ac3f-85a7f822bcbf,2026-07-24T04:00:00Z,2026-07-24T06:00:00+0200,157.32,EUR/MWh,DK1,DK_1,imbalance_price,Long,2026-08-23T05:51:55Z
2026-08-23T05:46:44Z,2026-08-23T07:46:44+0200,442f0342-0040-4db4-ac3f-85a7f822bcbf,2026-07-24T04:00:00Z,2026-07-24T06:00:00+0200,157.32,EUR/MWh,DK1,DK_1,imbalance_price,Short,2026-08-23T05:51:55Z
2026-08-23T05:46:44Z,2026-08-23T07:46:44+0200,442f0342-0040-4db4-ac3f-85a7f822bcbf,2026-07-24T04:15:00Z,2026-07-24T06:15:00+0200,190.95,EUR/MWh,DK1,DK_1,imbalance_price,Long,2026-08-23T05:51:55Z
2026-08-23T05:46:44Z,2026-08-23T07:46:44+0200,442f0342-0040-4db4-ac3f-85a7f822bcbf,2026-07-24T04:15:00Z,2026-07-24T06:15:00+0200,190.95,EUR/MWh,DK1,DK_1,imbalance_price,Short,2026-08-23T05:51:55Z
2026-08-23T05:46:44Z,2026-08-23T07:46:44+0200,442f0342-0040-4db4-ac3f-85a7f822bcbf,2026-07-24T04:30:00Z,2026-07-24T06:30:00+0200,267.55,EUR/MWh,DK1,DK_1,imbalance_price,Long,2026-08-23T05:51:55Z
2026-08-23T05:46:44Z,2026-08-23T07:46:44+0200,442f0342-0040-4db4-ac3f-85a7f822bcbf,2026-07-24T04:30:00Z,2026-07-24T06:30:00+0200,267.55,EUR/MWh,DK1,DK_1,imbalance_price,Short,2026-08-23T05:51:55Z
2026-08-23T05:46:44Z,2026-08-23T07:46:44+0200,442f0342-0040-4db4-ac3f-85a7f822bcbf,2026-07-24T04:45:00Z,2026-07-24T06:45:00+0200,159.65,EUR/MWh,DK1,DK_1,imbalance_price,Long,2026-08-23T05:51:55Z
2026-08-23T05:46:44Z,2026-08-23T07:46:44+0200,442f0342-0040-4db4-ac3f-85a7f822bcbf,2026-07-24T04:45:00Z,2026-07-24T06:45:00+0200,159.65,EUR/MWh,DK1,DK_1,imbalance_price,Short,2026-08-23T05:51:55Z
2026-08-23T05:46:44Z,2026-08-23T07:46:44+0200,442f0342-0040-4db4-ac3f-85a7f822bcbf,2026-07-24T05:00:00Z,2026-07-24T07:00:00+0200,194.58,EUR/MWh,DK1,DK_1,imbalance_price,Long,2026-08-23T05:51:55Z
2026-08-23T05:46:44Z,2026-08-23T07:46:44+0200,442f0342-0040-4db4-ac3f-85a7f822bcbf,2026-07-24T05:00:00Z,2026-07-24T07:00:00+0200,194.58,EUR/MWh,DK1,DK_1,imbalance_price,Short,2026-08-23T05:51:55Z
2026-08-23T05:46:44Z,2026-08-23T07:46:44+0200,442f0342-0040-4db4-ac3f-85a7f822bcbf,2026-07-24T05:15:00Z,2026-07-24T07:15:00+0200,267.6,EUR/MWh,DK1,DK_1,imbalance_price,Long,2026-08-23T05:51:55Z
2026-08-23T05:46:44Z,2026-08-23T07:46:44+0200,442f0342-0040-4db4-ac3f-85a7f822bcbf,2026-07-24T05:15:00Z,2026-07-24T07:15:00+0200,267.6,EUR/MWh,DK1,DK_1,imbalance_price,Short,2026-08-23T05:51:55Z
2026-08-23T05:46:44Z,2026-08-23T07:46:44+0200,442f0342-0040-4db4-ac3f-85a7f822bcbf,2026-07-24T05:30:00Z,2026-07-24T07:30:00+0200,267.6,EUR/MWh,DK1,DK_1,imbalance_price,Long,2026-08-23T05:51:55Z
2026-08-23T05:46:44Z,2026-08-23T07:46:44+0200,442f0342-0040-4db4-ac3f-85a7f822bcbf,2026-07-24T05:30:00Z,2026-07-24T07:30:00+0200,267.6,EUR/MWh,DK1,DK_1,imbalance_price,Short,2026-08-23T05:51:55Z
2026-08-23T05:46:44Z,2026-08-23T07:46:44+0200,442f0342-0040-4db4-ac3f-85a7f822bcbf,2026-07-24T05:45:00Z,2026-07-24T07:45:00+0200,208.45,EUR/MWh,DK1,DK_1,imbalance_price,Long,2026-08-23T05:51:55Z
2026-08-23T05:46:44Z,2026-08-23T07:46:44+0200,442f0342-0040-4db4-ac3f-85a7f822bcbf,2026-07-24T05:45:00Z,2026-07-24T07:45:00+0200,208.45,EUR/MWh,DK1,DK_1,imbalance_price,Short,2026-08-23T05:51:55Z
2026-08-23T05:46:44Z,2026-08-23T07:46:44+0200,442f0342-0040-4db4-ac3f-85a7f822bcbf,2026-07-24T06:00:00Z,2026-07-24T08:00:00+0200,561.86,EUR/MWh,DK1,DK_1,imbalance_price,Long,2026-08-23T05:51:55Z
2026-08-23T05:46:44Z,2026-08-23T07:46:44+0200,442f0342-0040-4db4-ac3f-85a7f822bcbf,2026-07-24T06:00:00Z,2026-07-24T08:00:00+0200,561.86,EUR/MWh,DK1,DK_1,imbalance_price,Short,2026-08-23T05:51:55Z
2026-08-23T05:46:44Z,2026-08-23T07:46:44+0200,442f0342-0040-4db4-ac3f-85a7f822bcbf,2026-07-24T06:15:00Z,2026-07-24T08:15:00+0200,347.88,EUR/MWh,DK1,DK_1,imbalance_price,Long,2026-08-23T05:51:55Z
2026-08-23T05:46:44Z,2026-08-23T07:46:44+0200,442f0342-0040-4db4-ac3f-85a7f822bcbf,2026-07-24T06:15:00Z,2026-07-24T08:15:00+0200,347.88,EUR/MWh,DK1,DK_1,imbalance_price,Short,2026-08-23T05:51:55Z
2026-08-23T05:46:44Z,2026-08-23T07:46:44+0200,442f0342-0040-4db4-ac3f-85a7f822bcbf,2026-07-24T06:30:00Z,2026-07-24T08:30:00+0200,170.31,EUR/MWh,DK1,DK_1,imbalance_price,Long,2026-08-23T05:51:55Z
2026-08-23T05:46:44Z,2026-08-23T07:46:44+0200,442f0342-0040-4db4-ac3f-85a7f822bcbf,2026-07-24T06:30:00Z,2026-07-24T08:30:00+0200,170.31,EUR/MWh,DK1,DK_1,imbalance_price,Short,2026-08-23T05:51:55Z
2026-08-23T05:46:44Z,2026-08-23T07:46:44+0200,442f0342-0040-4db4-ac3f-85a7f822bcbf,2026-07-24T06:45:00Z,2026-07-24T08:45:00+0200,193.54,EUR/MWh,DK1,DK_1,imbalance_price,Long,2026-08-23T05:51:55Z
2026-08-23T05:46:44Z,2026-08-23T07:46:44+0200,442f0342-0040-4db4-ac3f-85a7f822bcbf,2026-07-24T06:45:00Z,2026-07-24T08:45:00+0200,193.54,EUR/MWh,DK1,DK_1,imbalance_price,Short,2026-08-23T05:51:55Z
2026-08-23T05:46:44Z,2026-08-23T07:46:44+0200,442f0342-0040-4db4-ac3f-85a7f822bcbf,2026-07-24T07:00:00Z,2026-07-24T09:00:00+0200,210.75,EUR/MWh,DK1,DK_1,imbalance_price,Long,2026-08-23T05:51:55Z
2026-08-23T05:46:44Z,2026-08-23T07:46:44+0200,442f0342-0040-4db4-ac3f-85a7f822bcbf,2026-07-24T07:00:00Z,2026-07-24T09:00:00+0200,210.75,EUR/MWh,DK1,DK_1,imbalance_price,Short,2026-08-23T05:51:55Z
2026-08-23T05:46:44Z,2026-08-23T07:46:44+0200,442f0342-0040-4db4-ac3f-85a7f822bcbf,2026-07-24T07:15:00Z,2026-07-24T09:15:00+0200,97.31,EUR/MWh,DK1,DK_1,imbalance_price,Long,2026-08-23T05:51:55Z
2026-08-23T05:46:44Z,2026-08-23T07:46:44+0200,442f0342-0040-4db4-ac3f-85a7f822bcbf,2026-07-24T07:15:00Z,2026-07-24T09:15:00+0200,97.31,EUR/MWh,DK1,DK_1,imbalance_price,Short,2026-08-23T05:51:55Z
2026-08-23T05:46:44Z,2026-08-23T07:46:44+0200,442f0342-0040-4db4-ac3f-85a7f822bcbf,2026-07-24T07:30:00Z,2026-07-24T09:30:00+0200,64.34,EUR/MWh,DK1,DK_1,imbalance_price,Long,2026-08-23T05:51:55Z
2026-08-23T05:46:44Z,2026-08-23T07:46:44+0200,442f0342-0040-4db4-ac3f-85a7f822bcbf,2026-07-24T07:30:00Z,2026-07-24T09:30:00+0200,64.34,EUR/MWh,DK1,DK_1,imbalance_price,Short,2026-08-23T05:51:55Z
2026-08-23T05:46:44Z,2026-08-23T07:46:44+0200,442f0342-0040-4db4-ac3f-85a7f822bcbf,2026-07-24T07:45:00Z,2026-07-24T09:45:00+0200,78.4,EUR/MWh,DK1,DK_1,imbalance_price,Long,2026-08-23T05:51:55Z
2026-08-23T05:46:44Z,2026-08-23T07:46:44+0200,442f0342-0040-4db4-ac3f-85a7f822bcbf,2026-07-24T07:45:00Z,2026-07-24T09:45:00+0200,78.4,EUR/MWh,DK1,DK_1,imbalance_price,Short,2026-08-23T05:51:55Z
2026-08-23T05:46:44Z,2026-08-23T07:46:44+0200,442f0342-0040-4db4-ac3f-85a7f822bcbf,2026-07-24T08:00:00Z,2026-07-24T10:00:00+0200,118.45,EUR/MWh,DK1,DK_1,imbalance_price,Long,2026-08-23T05:51:55Z
2026-08-23T05:46:44Z,2026-08-23T07:46:44+0200,442f0342-0040-4db4-ac3f-85a7f822bcbf,2026-07-24T08:00:00Z,2026-07-24T10:00:00+0200,118.45,EUR/MWh,DK1,DK_1,imbalance_price,Short,2026-08-23T05:51:55Z
2026-08-23T05:46:44Z,2026-08-23T07:46:44+0200,442f0342-0040-4db4-ac3f-85a7f822bcbf,2026-07-24T08:15:00Z,2026-07-24T10:15:00+0200,226.71,EUR/MWh,DK1,DK_1,imbalance_price,Long,2026-08-23T05:51:55Z
2026-08-23T05:46:44Z,2026-08-23T07:46:44+0200,442f0342-0040-4db4-ac3f-85a7f822bcbf,2026-07-24T08:15:00Z,2026-07-24T10:15:00+0200,226.71,EUR/MWh,DK1,DK_1,imbalance_price,Short,2026-08-23T05:51:55Z
2026-08-23T05:46:44Z,2026-08-23T07:46:44+0200,442f0342-0040-4db4-ac3f-85a7f822bcbf,2026-07-24T08:30:00Z,2026-07-24T10:30:00+0200,200.66,EUR/MWh,DK1,DK_1,imbalance_price,Long,2026-08-23T05:51:55Z
2026-08-23T05:46:44Z,2026-08-23T07:46:44+0200,442f0342-0040-4db4-ac3f-85a7f822bcbf,2026-07-24T08:30:00Z,2026-07-24T10:30:00+0200,200.66,EUR/MWh,DK1,DK_1,imbalance_price,Short,2026-08-23T05:51:55Z
2026-08-23T05:46:44Z,2026-08-23T07:46:44+0200,442f0342-0040-4db4-ac3f-85a7f822bcbf,2026-07-24T08:45:00Z,2026-07-24T10:45:00+0200,334.44,EUR/MWh,DK1,DK_1,imbalance_price,Long,2026-08-23T05:51:55Z
2026-08-23T05:46:44Z,2026-08-23T07:46:44+0200,442f0342-0040-4db4-ac3f-85a7f822bcbf,2026-07-24T08:45:00Z,2026-07-24T10:45:00+0200,334.44,EUR/MWh,DK1,DK_1,imbalance_price,Short,2026-08-23T05:51:55Z
2026-08-23T05:46:44Z,2026-08-23T07:46:44+0200,442f0342-0040-4db4-ac3f-85a7f822bcbf,2026-07-24T09:00:00Z,2026-07-24T11:00:00+0200,334.5,EUR/MWh,DK1,DK_1,imbalance_price,Long,2026-08-23T05:51:55Z
2026-08-23T05:46:44Z,2026-08-23T07:46:44+0200,442f0342-0040-4db4-ac3f-85a7f822bcbf,2026-07-24T09:00:00Z,2026-07-24T11:00:00+0200,334.5,EUR/MWh,DK1,DK_1,imbalance_price,Short,2026-08-23T05:51:55Z
2026-08-23T05:46:44Z,2026-08-23T07:46:44+0200,442f0342-0040-4db4-ac3f-85a7f822bcbf,2026-07-24T09:15:00Z,2026-07-24T11:15:00+0200,134.95,EUR/MWh,DK1,DK_1,imbalance_price,Long,2026-08-23T05:51:55Z
2026-08-23T05:46:44Z,2026-08-23T07:46:44+0200,442f0342-0040-4db4-ac3f-85a7f822bcbf,2026-07-24T09:15:00Z,2026-07-24T11:15:00+0200,134.95,EUR/MWh,DK1,DK_1,imbalance_price,Short,2026-08-23T05:51:55Z
2026-08-23T05:46:44Z,2026-08-23T07:46:44+0200,442f0342-0040-4db4-ac3f-85a7f822bcbf,2026-07-24T09:30:00Z,2026-07-24T11:30:00+0200,118.62,EUR/MWh,DK1,DK_1,imbalance_price,Long,2026-08-23T05:51:55Z
2026-08-23T05:46:44Z,2026-08-23T07:46:44+0200,442f0342-0040-4db4-ac3f-85a7f822bcbf,2026-07-24T09:30:00Z,2026-07-24T11:30:00+0200,118.62,EUR/MWh,DK1,DK_1,imbalance_price,Short,2026-08-23T05:51:55Z
2026-08-23T05:46:44Z,2026-08-23T07:46:44+0200,442f0342-0040-4db4-ac3f-85a7f822bcbf,2026-07-24T09:45:00Z,2026-07-24T11:45:00+0200,65.19,EUR/MWh,DK1,DK_1,imbalance_price,Long,2026-08-23T05:51:55Z
2026-08-23T05:46:44Z,2026-08-23T07:46:44+0200,442f0342-0040-4db4-ac3f-85a7f822bcbf,2026-07-24T09:45:00Z,2026-07-24T11:45:00+0200,65.19,EUR/MWh,DK1,DK_1,imbalance_price,Short,2026-08-23T05:51:55Z
2026-08-23T05:46:44Z,2026-08-23T07:46:44+0200,442f0342-0040-4db4-ac3f-85a7f822bcbf,2026-07-24T10:00:00Z,2026-07-24T12:00:00+0200,14.04,EUR/MWh,DK1,DK_1,imbalance_price,Long,2026-08-23T05:51:55Z
2026-08-23T05:46:44Z,2026-08-23T07:46:44+0200,442f0342-0040-4db4-ac3f-85a7f822bcbf,2026-07-24T10:00:00Z,2026-07-24T12:00:00+0200,14.04,EUR/MWh,DK1,DK_1,imbalance_price,Short,2026-08-23T05:51:55Z
2026-08-23T05:46:44Z,2026-08-23T07:46:44+0200,442f0342-0040-4db4-ac3f-85a7f822bcbf,2026-07-24T10:15:00Z,2026-07-24T12:15:00+0200,57.56,EUR/MWh,DK1,DK_1,imbalance_price,Long,2026-08-23T05:51:55Z
2026-08-23T05:46:44Z,2026-08-23T07:46:44+0200,442f0342-0040-4db4-ac3f-85a7f822bcbf,2026-07-24T10:15:00Z,2026-07-24T12:15:00+0200,57.56,EUR/MWh,DK1,DK_1,imbalance_price,Short,2026-08-23T05:51:55Z
2026-08-23T05:46:44Z,2026-08-23T07:46:44+0200,442f0342-0040-4db4-ac3f-85a7f822bcbf,2026-07-24T10:30:00Z,2026-07-24T12:30:00+0200,42.68,EUR/MWh,DK1,DK_1,imbalance_price,Long,2026-08-23T05:51:55Z
2026-08-23T05:46:44Z,2026-08-23T07:46:44+0200,442f0342-0040-4db4-ac3f-85a7f822bcbf,2026-07-24T10:30:00Z,2026-07-24T12:30:00+0200,42.68,EUR/MWh,DK1,DK_1,imbalance_price,Short,2026-08-23T05:51:55Z
2026-08-23T05:46:44Z,2026-08-23T07:46:44+0200,442f0342-0040-4db4-ac3f-85a7f822bcbf,2026-07-24T10:45:00Z,2026-07-24T12:45:00+0200,28.24,EUR/MWh,DK1,DK_1,imbalance_price,Long,2026-08-23T05:51:55Z
2026-08-23T05:46:44Z,2026-08-23T07:46:44+0200,442f0342-0040-4db4-ac3f-85a7f822bcbf,2026-07-24T10:45:00Z,2026-07-24T12:45:00+0200,28.24,EUR/MWh,DK1,DK_1,imbalance_price,Short,2026-08-23T05:51:55Z
2026-08-23T05:46:44Z,2026-08-23T07:46:44+0200,442f0342-0040-4db4-ac3f-85a7f822bcbf,2026-07-24T11:00:00Z,2026-07-24T13:00:00+0200,41.13,EUR/MWh,DK1,DK_1,imbalance_price,Long,2026-08-23T05:51:55Z
2026-08-23T05:46:44Z,2026-08-23T07:46:44+0200,442f0342-0040-4db4-ac3f-85a7f822bcbf,2026-07-24T11:00:00Z,2026-07-24T13:00:00+0200,41.13,EUR/MWh,DK1,DK_1,imbalance_price,Short,2026-08-23T05:51:55Z
2026-08-23T05:46:44Z,2026-08-23T07:46:44+0200,442f0342-0040-4db4-ac3f-85a7f822bcbf,2026-07-24T11:15:00Z,2026-07-24T13:15:00+0200,-13.95,EUR/MWh,DK1,DK_1,imbalance_price,Long,2026-08-23T05:51:55Z
2026-08-23T05:46:44Z,2026-08-23T07:46:44+0200,442f0342-0040-4db4-ac3f-85a7f822bcbf,2026-07-24T11:15:00Z,2026-07-24T13:15:00+0200,-13.95,EUR/MWh,DK1,DK_1,imbalance_price,Short,2026-08-23T05:51:55Z
2026-08-23T05:46:44Z,2026-08-23T07:46:44+0200,442f0342-0040-4db4-ac3f-85a7f822bcbf,2026-07-24T11:30:00Z,2026-07-24T13:30:00+0200,-6.69,EUR/MWh,DK1,DK_1,imbalance_price,Long,2026-08-23T05:51:55Z
2026-08-23T05:46:44Z,2026-08-23T07:46:44+0200,442f0342-0040-4db4-ac3f-85a7f822bcbf,2026-07-24T11:30:00Z,2026-07-24T13:30:00+0200,-6.69,EUR/MWh,DK1,DK_1,imbalance_price,Short,2026-08-23T05:51:55Z
2026-08-23T05:46:44Z,2026-08-23T07:46:44+0200,442f0342-0040-4db4-ac3f-85a7f822bcbf,2026-07-24T11:45:00Z,2026-07-24T13:45:00+0200,-9.76,EUR/MWh,DK1,DK_1,imbalance_price,Long,2026-08-23T05:51:55Z
2026-08-23T05:46:44Z,2026-08-23T07:46:44+0200,442f0342-0040-4db4-ac3f-85a7f822bcbf,2026-07-24T11:45:00Z,2026-07-24T13:45:00+0200,-9.76,EUR/MWh,DK1,DK_1,imbalance_price,Short,2026-08-23T05:51:55Z
2026-08-23T05:46:44Z,2026-08-23T07:46:44+0200,442f0342-0040-4db4-ac3f-85a7f822bcbf,2026-07-24T12:00:00Z,2026-07-24T14:00:00+0200,-6.69,EUR/MWh,DK1,DK_1,imbalance_price,Long,2026-08-23T05:51:55Z
2026-08-23T05:46:44Z,2026-08-23T07:46:44+0200,442f0342-0040-4db4-ac3f-85a7f822bcbf,2026-07-24T12:00:00Z,2026-07-24T14:00:00+0200,-6.69,EUR/MWh,DK1,DK_1,imbalance_price,Short,2026-08-23T05:51:55Z
2026-08-23T05:46:44Z,2026-08-23T07:46:44+0200,442f0342-0040-4db4-ac3f-85a7f822bcbf,2026-07-24T12:15:00Z,2026-07-24T14:15:00+0200,6.58,EUR/MWh,DK1,DK_1,imbalance_price,Long,2026-08-23T05:51:55Z
2026-08-23T05:46:44Z,2026-08-23T07:46:44+0200,442f0342-0040-4db4-ac3f-85a7f822bcbf,2026-07-24T12:15:00Z,2026-07-24T14:15:00+0200,6.58,EUR/MWh,DK1,DK_1,imbalance_price,Short,2026-08-23T05:51:55Z
2026-08-23T05:46:44Z,2026-08-23T07:46:44+0200,442f0342-0040-4db4-ac3f-85a7f822bcbf,2026-07-24T12:30:00Z,2026-07-24T14:30:00+0200,7.27,EUR/MWh,DK1,DK_1,imbalance_price,Long,2026-08-23T05:51:55Z
2026-08-23T05:46:44Z,2026-08-23T07:46:44+0200,442f0342-0040-4db4-ac3f-85a7f822bcbf,2026-07-24T12:30:00Z,2026-07-24T14:30:00+0200,7.27,EUR/MWh,DK1,DK_1,imbalance_price,Short,2026-08-23T05:51:55Z
2026-08-23T05:46:44Z,2026-08-23T07:46:44+0200,442f0342-0040-4db4-ac3f-85a7f822bcbf,2026-07-24T12:45:00Z,2026-07-24T14:45:00+0200,-3.67,EUR/MWh,DK1,DK_1,imbalance_price,Long,2026-08-23T05:51:55Z
2026-08-23T05:46:44Z,2026-08-23T07:46:44+0200,442f0342-0040-4db4-ac3f-85a7f822bcbf,2026-07-24T12:45:00Z,2026-07-24T14:45:00+0200,-3.67,EUR/MWh,DK1,DK_1,imbalance_price,Short,2026-08-23T05:51:55Z
2026-08-23T05:46:44Z,2026-08-23T07:46:44+0200,442f0342-0040-4db4-ac3f-85a7f822bcbf,2026-07-24T13:00:00Z,2026-07-24T15:00:00+0200,10.0,EUR/MWh,DK1,DK_1,imbalance_price,Long,2026-08-23T05:51:55Z
2026-08-23T05:46:44Z,2026-08-23T07:46:44+0200,442f0342-0040-4db4-ac3f-85a7f822bcbf,2026-07-24T13:00:00Z,2026-07-24T15:00:00+0200,10.0,EUR/MWh,DK1,DK_1,imbalance_price,Short,2026-08-23T05:51:55Z
2026-08-23T05:46:44Z,2026-08-23T07:46:44+0200,442f0342-0040-4db4-ac3f-85a7f822bcbf,2026-07-24T13:15:00Z,2026-07-24T15:15:00+0200,26.0,EUR/MWh,DK1,DK_1,imbalance_price,Long,2026-08-23T05:51:55Z
2026-08-23T05:46:44Z,2026-08-23T07:46:44+0200,442f0342-0040-4db4-ac3f-85a7f822bcbf,2026-07-24T13:15:00Z,2026-07-24T15:15:00+0200,26.0,EUR/MWh,DK1,DK_1,imbalance_price,Short,2026-08-23T05:51:55Z
2026-08-23T05:46:44Z,2026-08-23T07:46:44+0200,442f0342-0040-4db4-ac3f-85a7f822bcbf,2026-07-24T13:30:00Z,2026-07-24T15:30:00+0200,24.6,EUR/MWh,DK1,DK_1,imbalance_price,Long,2026-08-23T05:51:55Z
2026-08-23T05:46:44Z,2026-08-23T07:46:44+0200,442f0342-0040-4db4-ac3f-85a7f822bcbf,2026-07-24T13:30:00Z,2026-07-24T15:30:00+0200,24.6,EUR/MWh,DK1,DK_1,imbalance_price,Short,2026-08-23T05:51:55Z
2026-08-23T05:46:44Z,2026-08-23T07:46:44+0200,442f0342-0040-4db4-ac3f-85a7f822bcbf,2026-07-24T13:45:00Z,2026-07-24T15:45:00+0200,0.0,EUR/MWh,DK1,DK_1,imbalance_price,Long,2026-08-23T05:51:55Z
2026-08-23T05:46:44Z,2026-08-23T07:46:44+0200,442f0342-0040-4db4-ac3f-85a7f822bcbf,2026-07-24T13:45:00Z,2026-07-24T15:45:00+0200,0.0,EUR/MWh,DK1,DK_1,imbalance_price,Short,2026-08-23T05:51:55Z
2026-08-23T05:46:44Z,2026-08-23T07:46:44+0200,442f0342-0040-4db4-ac3f-85a7f822bcbf,2026-07-24T14:00:00Z,2026-07-24T16:00:00+0200,-2.0,EUR/MWh,DK1,DK_1,imbalance_price,Long,2026-08-23T05:51:55Z
2026-08-23T05:46:44Z,2026-08-23T07:46:44+0200,442f0342-0040-4db4-ac3f-85a7f822bcbf,2026-07-24T14:00:00Z,2026-07-24T16:00:00+0200,-2.0,EUR/MWh,DK1,DK_1,imbalance_price,Short,2026-08-23T05:51:55Z
2026-08-23T05:46:44Z,2026-08-23T07:46:44+0200,442f0342-0040-4db4-ac3f-85a7f822bcbf,2026-07-24T14:15:00Z,2026-07-24T16:15:00+0200,0.0,EUR/MWh,DK1,DK_1,imbalance_price,Long,2026-08-23T05:51:55Z
2026-08-23T05:46:44Z,2026-08-23T07:46:44+0200,442f0342-0040-4db4-ac3f-85a7f822bcbf,2026-07-24T14:15:00Z,2026-07-24T16:15:00+0200,0.0,EUR/MWh,DK1,DK_1,imbalance_price,Short,2026-08-23T05:51:55Z
2026-08-23T05:46:44Z,2026-08-23T07:46:44+0200,442f0342-0040-4db4-ac3f-85a7f822bcbf,2026-07-24T14:30:00Z,2026-07-24T16:30:00+0200,13.56,EUR/MWh,DK1,DK_1,imbalance_price,Long,2026-08-23T05:51:55Z
2026-08-23T05:46:44Z,2026-08-23T07:46:44+0200,442f0342-0040-4db4-ac3f-85a7f822bcbf,2026-07-24T14:30:00Z,2026-07-24T16:30:00+0200,13.56,EUR/MWh,DK1,DK_1,imbalance_price,Short,2026-08-23T05:51:55Z
2026-08-23T05:46:44Z,2026-08-23T07:46:44+0200,442f0342-0040-4db4-ac3f-85a7f822bcbf,2026-07-24T14:45:00Z,2026-07-24T16:45:00+0200,317.78,EUR/MWh,DK1,DK_1,imbalance_price,Long,2026-08-23T05:51:55Z
2026-08-23T05:46:44Z,2026-08-23T07:46:44+0200,442f0342-0040-4db4-ac3f-85a7f822bcbf,2026-07-24T14:45:00Z,2026-07-24T16:45:00+0200,317.78,EUR/MWh,DK1,DK_1,imbalance_price,Short,2026-08-23T05:51:55Z
2026-08-23T05:46:44Z,2026-08-23T07:46:44+0200,442f0342-0040-4db4-ac3f-85a7f822bcbf,2026-07-24T15:00:00Z,2026-07-24T17:00:00+0200,735.76,EUR/MWh,DK1,DK_1,imbalance_price,Long,2026-08-23T05:51:55Z
2026-08-23T05:46:44Z,2026-08-23T07:46:44+0200,442f0342-0040-4db4-ac3f-85a7f822bcbf,2026-07-24T15:00:00Z,2026-07-24T17:00:00+0200,735.76,EUR/MWh,DK1,DK_1,imbalance_price,Short,2026-08-23T05:51:55Z
2026-08-23T05:46:44Z,2026-08-23T07:46:44+0200,442f0342-0040-4db4-ac3f-85a7f822bcbf,2026-07-24T15:15:00Z,2026-07-24T17:15:00+0200,3879.21,EUR/MWh,DK1,DK_1,imbalance_price,Long,2026-08-23T05:51:55Z
2026-08-23T05:46:44Z,2026-08-23T07:46:44+0200,442f0342-0040-4db4-ac3f-85a7f822bcbf,2026-07-24T15:15:00Z,2026-07-24T17:15:00+0200,3879.21,EUR/MWh,DK1,DK_1,imbalance_price,Short,2026-08-23T05:51:55Z
2026-08-23T05:46:44Z,2026-08-23T07:46:44+0200,442f0342-0040-4db4-ac3f-85a7f822bcbf,2026-07-24T15:30:00Z,2026-07-24T17:30:00+0200,378.28,EUR/MWh,DK1,DK_1,imbalance_price,Long,2026-08-23T05:51:55Z
2026-08-23T05:46:44Z,2026-08-23T07:46:44+0200,442f0342-0040-4db4-ac3f-85a7f822bcbf,2026-07-24T15:30:00Z,2026-07-24T17:30:00+0200,378.28,EUR/MWh,DK1,DK_1,imbalance_price,Short,2026-08-23T05:51:55Z
2026-08-23T05:46:44Z,2026-08-23T07:46:44+0200,442f0342-0040-4db4-ac3f-85a7f822bcbf,2026-07-24T15:45:00Z,2026-07-24T17:45:00+0200,186.82,EUR/MWh,DK1,DK_1,imbalance_price,Long,2026-08-23T05:51:55Z
2026-08-23T05:46:44Z,2026-08-23T07:46:44+0200,442f0342-0040-4db4-ac3f-85a7f822bcbf,2026-07-24T15:45:00Z,2026-07-24T17:45:00+0200,186.82,EUR/MWh,DK1,DK_1,imbalance_price,Short,2026-08-23T05:51:55Z
2026-08-23T05:46:44Z,2026-08-23T07:46:44+0200,442f0342-0040-4db4-ac3f-85a7f822bcbf,2026-07-24T16:00:00Z,2026-07-24T18:00:00+0200,160.09,EUR/MWh,DK1,DK_1,imbalance_price,Long,2026-08-23T05:51:55Z
2026-08-23T05:46:44Z,2026-08-23T07:46:44+0200,442f0342-0040-4db4-ac3f-85a7f822bcbf,2026-07-24T16:00:00Z,2026-07-24T18:00:00+0200,160.09,EUR/MWh,DK1,DK_1,imbalance_price,Short,2026-08-23T05:51:55Z
2026-08-23T05:46:44Z,2026-08-23T07:46:44+0200,442f0342-0040-4db4-ac3f-85a7f822bcbf,2026-07-24T16:15:00Z,2026-07-24T18:15:00+0200,332.43,EUR/MWh,DK1,DK_1,imbalance_price,Long,2026-08-23T05:51:55Z
2026-08-23T05:46:44Z,2026-08-23T07:46:44+0200,442f0342-0040-4db4-ac3f-85a7f822bcbf,2026-07-24T16:15:00Z,2026-07-24T18:15:00+0200,332.43,EUR/MWh,DK1,DK_1,imbalance_price,Short,2026-08-23T05:51:55Z
2026-08-23T05:46:44Z,2026-08-23T07:46:44+0200,442f0342-0040-4db4-ac3f-85a7f822bcbf,2026-07-24T16:30:00Z,2026-07-24T18:30:00+0200,467.94,EUR/MWh,DK1,DK_1,imbalance_price,Long,2026-08-23T05:51:55Z
2026-08-23T05:46:44Z,2026-08-23T07:46:44+0200,442f0342-0040-4db4-ac3f-85a7f822bcbf,2026-07-24T16:30:00Z,2026-07-24T18:30:00+0200,467.94,EUR/MWh,DK1,DK_1,imbalance_price,Short,2026-08-23T05:51:55Z
2026-08-23T05:46:44Z,2026-08-23T07:46:44+0200,442f0342-0040-4db4-ac3f-85a7f822bcbf,2026-07-24T16:45:00Z,2026-07-24T18:45:00+0200,75.15,EUR/MWh,DK1,DK_1,imbalance_price,Long,2026-08-23T05:51:55Z
2026-08-23T05:46:44Z,2026-08-23T07:46:44+0200,442f0342-0040-4db4-ac3f-85a7f822bcbf,2026-07-24T16:45:00Z,2026-07-24T18:45:00+0200,75.15,EUR/MWh,DK1,DK_1,imbalance_price,Short,2026-08-23T05:51:55Z
2026-08-23T05:46:44Z,2026-08-23T07:46:44+0200,442f0342-0040-4db4-ac3f-85a7f822bcbf,2026-07-24T17:00:00Z,2026-07-24T19:00:00+0200,118.76,EUR/MWh,DK1,DK_1,imbalance_price,Long,2026-08-23T05:51:55Z
2026-08-23T05:46:44Z,2026-08-23T07:46:44+0200,442f0342-0040-4db4-ac3f-85a7f822bcbf,2026-07-24T17:00:00Z,2026-07-24T19:00:00+0200,118.76,EUR/MWh,DK1,DK_1,imbalance_price,Short,2026-08-23T05:51:55Z
2026-08-23T05:46:44Z,2026-08-23T07:46:44+0200,442f0342-0040-4db4-ac3f-85a7f822bcbf,2026-07-24T17:15:00Z,2026-07-24T19:15:00+0200,102.74,EUR/MWh,DK1,DK_1,imbalance_price,Long,2026-08-23T05:51:55Z
2026-08-23T05:46:44Z,2026-08-23T07:46:44+0200,442f0342-0040-4db4-ac3f-85a7f822bcbf,2026-07-24T17:15:00Z,2026-07-24T19:15:00+0200,102.74,EUR/MWh,DK1,DK_1,imbalance_price,Short,2026-08-23T05:51:55Z
2026-08-23T05:46:44Z,2026-08-23T07:46:44+0200,442f0342-0040-4db4-ac3f-85a7f822bcbf,2026-07-24T17:30:00Z,2026-07-24T19:30:00+0200,186.81,EUR/MWh,DK1,DK_1,imbalance_price,Long,2026-08-23T05:51:55Z
2026-08-23T05:46:44Z,2026-08-23T07:46:44+0200,442f0342-0040-4db4-ac3f-85a7f822bcbf,2026-07-24T17:30:00Z,2026-07-24T19:30:00+0200,186.81,EUR/MWh,DK1,DK_1,imbalance_price,Short,2026-08-23T05:51:55Z
2026-08-23T05:46:44Z,2026-08-23T07:46:44+0200,442f0342-0040-4db4-ac3f-85a7f822bcbf,2026-07-24T17:45:00Z,2026-07-24T19:45:00+0200,468.21,EUR/MWh,DK1,DK_1,imbalance_price,Long,2026-08-23T05:51:55Z
2026-08-23T05:46:44Z,2026-08-23T07:46:44+0200,442f0342-0040-4db4-ac3f-85a7f822bcbf,2026-07-24T17:45:00Z,2026-07-24T19:45:00+0200,468.21,EUR/MWh,DK1,DK_1,imbalance_price,Short,2026-08-23T05:51:55Z
2026-08-23T05:46:44Z,2026-08-23T07:46:44+0200,442f0342-0040-4db4-ac3f-85a7f822bcbf,2026-07-24T18:00:00Z,2026-07-24T20:00:00+0200,101.52,EUR/MWh,DK1,DK_1,imbalance_price,Long,2026-08-23T05:51:55Z
2026-08-23T05:46:44Z,2026-08-23T07:46:44+0200,442f0342-0040-4db4-ac3f-85a7f822bcbf,2026-07-24T18:00:00Z,2026-07-24T20:00:00+0200,101.52,EUR/MWh,DK1,DK_1,imbalance_price,Short,2026-08-23T05:51:55Z
2026-08-23T05:46:44Z,2026-08-23T07:46:44+0200,442f0342-0040-4db4-ac3f-85a7f822bcbf,2026-07-24T18:15:00Z,2026-07-24T20:15:00+0200,115.78,EUR/MWh,DK1,DK_1,imbalance_price,Long,2026-08-23T05:51:55Z
2026-08-23T05:46:44Z,2026-08-23T07:46:44+0200,442f0342-0040-4db4-ac3f-85a7f822bcbf,2026-07-24T18:15:00Z,2026-07-24T20:15:00+0200,115.78,EUR/MWh,DK1,DK_1,imbalance_price,Short,2026-08-23T05:51:55Z
2026-08-23T05:46:44Z,2026-08-23T07:46:44+0200,442f0342-0040-4db4-ac3f-85a7f822bcbf,2026-07-24T18:30:00Z,2026-07-24T20:30:00+0200,123.06,EUR/MWh,DK1,DK_1,imbalance_price,Long,2026-08-23T05:51:55Z
2026-08-23T05:46:44Z,2026-08-23T07:46:44+0200,442f0342-0040-4db4-ac3f-85a7f822bcbf,2026-07-24T18:30:00Z,2026-07-24T20:30:00+0200,123.06,EUR/MWh,DK1,DK_1,imbalance_price,Short,2026-08-23T05:51:55Z
2026-08-23T05:46:44Z,2026-08-23T07:46:44+0200,442f0342-0040-4db4-ac3f-85a7f822bcbf,2026-07-24T18:45:00Z,2026-07-24T20:45:00+0200,116.48,EUR/MWh,DK1,DK_1,imbalance_price,Long,2026-08-23T05:51:55Z
2026-08-23T05:46:44Z,2026-08-23T07:46:44+0200,442f0342-0040-4db4-ac3f-85a7f822bcbf,2026-07-24T18:45:00Z,2026-07-24T20:45:00+0200,116.48,EUR/MWh,DK1,DK_1,imbalance_price,Short,2026-08-23T05:51:55Z
2026-08-23T05:46:44Z,2026-08-23T07:46:44+0200,442f0342-0040-4db4-ac3f-85a7f822bcbf,2026-07-24T19:00:00Z,2026-07-24T21:00:00+0200,98.0,EUR/MWh,DK1,DK_1,imbalance_price,Long,2026-08-23T05:51:55Z
2026-08-23T05:46:44Z,2026-08-23T07:46:44+0200,442f0342-0040-4db4-ac3f-85a7f822bcbf,2026-07-24T19:00:00Z,2026-07-24T21:00:00+0200,98.0,EUR/MWh,DK1,DK_1,imbalance_price,Short,2026-08-23T05:51:55Z
2026-08-23T05:46:44Z,2026-08-23T07:46:44+0200,442f0342-0040-4db4-ac3f-85a7f822bcbf,2026-07-24T19:15:00Z,2026-07-24T21:15:00+0200,110.81,EUR/MWh,DK1,DK_1,imbalance_price,Long,2026-08-23T05:51:55Z
2026-08-23T05:46:44Z,2026-08-23T07:46:44+0200,442f0342-0040-4db4-ac3f-85a7f822bcbf,2026-07-24T19:15:00Z,2026-07-24T21:15:00+0200,110.81,EUR/MWh,DK1,DK_1,imbalance_price,Short,2026-08-23T05:51:55Z
2026-08-23T05:46:44Z,2026-08-23T07:46:44+0200,442f0342-0040-4db4-ac3f-85a7f822bcbf,2026-07-24T19:30:00Z,2026-07-24T21:30:00+0200,113.97,EUR/MWh,DK1,DK_1,imbalance_price,Long,2026-08-23T05:51:55Z
2026-08-23T05:46:44Z,2026-08-23T07:46:44+0200,442f0342-0040-4db4-ac3f-85a7f822bcbf,2026-07-24T19:30:00Z,2026-07-24T21:30:00+0200,113.97,EUR/MWh,DK1,DK_1,imbalance_price,Short,2026-08-23T05:51:55Z
2026-08-23T05:46:44Z,2026-08-23T07:46:44+0200,442f0342-0040-4db4-ac3f-85a7f822bcbf,2026-07-24T19:45:00Z,2026-07-24T21:45:00+0200,105.91,EUR/MWh,DK1,DK_1,imbalance_price,Long,2026-08-23T05:51:55Z
2026-08-23T05:46:44Z,2026-08-23T07:46:44+0200,442f0342-0040-4db4-ac3f-85a7f822bcbf,2026-07-24T19:45:00Z,2026-07-24T21:45:00+0200,105.91,EUR/MWh,DK1,DK_1,imbalance_price,Short,2026-08-23T05:51:55Z
2026-08-23T05:46:44Z,2026-08-23T07:46:44+0200,442f0342-0040-4db4-ac3f-85a7f822bcbf,2026-07-24T20:00:00Z,2026-07-24T22:00:00+0200,125.93,EUR/MWh,DK1,DK_1,imbalance_price,Long,2026-08-23T05:51:55Z
2026-08-23T05:46:44Z,2026-08-23T07:46:44+0200,442f0342-0040-4db4-ac3f-85a7f822bcbf,2026-07-24T20:00:00Z,2026-07-24T22:00:00+0200,125.93,EUR/MWh,DK1,DK_1,imbalance_price,Short,2026-08-23T05:51:55Z
2026-08-23T05:46:44Z,2026-08-23T07:46:44+0200,442f0342-0040-4db4-ac3f-85a7f822bcbf,2026-07-24T20:15:00Z,2026-07-24T22:15:00+0200,198.01,EUR/MWh,DK1,DK_1,imbalance_price,Long,2026-08-23T05:51:55Z
2026-08-23T05:46:44Z,2026-08-23T07:46:44+0200,442f0342-0040-4db4-ac3f-85a7f822bcbf,2026-07-24T20:15:00Z,2026-07-24T22:15:00+0200,198.01,EUR/MWh,DK1,DK_1,imbalance_price,Short,2026-08-23T05:51:55Z
2026-08-23T05:46:44Z,2026-08-23T07:46:44+0200,442f0342-0040-4db4-ac3f-85a7f822bcbf,2026-07-24T20:30:00Z,2026-07-24T22:30:00+0200,189.76,EUR/MWh,DK1,DK_1,imbalance_price,Long,2026-08-23T05:51:55Z
2026-08-23T05:46:44Z,2026-08-23T07:46:44+0200,442f0342-0040-4db4-ac3f-85a7f822bcbf,2026-07-24T20:30:00Z,2026-07-24T22:30:00+0200,189.76,EUR/MWh,DK1,DK_1,imbalance_price,Short,2026-08-23T05:51:55Z
2026-08-23T05:46:44Z,2026-08-23T07:46:44+0200,442f0342-0040-4db4-ac3f-85a7f822bcbf,2026-07-24T20:45:00Z,2026-07-24T22:45:00+0200,294.31,EUR/MWh,DK1,DK_1,imbalance_price,Long,2026-08-23T05:51:55Z
2026-08-23T05:46:44Z,2026-08-23T07:46:44+0200,442f0342-0040-4db4-ac3f-85a7f822bcbf,2026-07-24T20:45:00Z,2026-07-24T22:45:00+0200,294.31,EUR/MWh,DK1,DK_1,imbalance_price,Short,2026-08-23T05:51:55Z
2026-08-23T05:46:44Z,2026-08-23T07:46:44+0200,442f0342-0040-4db4-ac3f-85a7f822bcbf,2026-07-24T21:00:00Z,2026-07-24T23:00:00+0200,294.31,EUR/MWh,DK1,DK_1,imbalance_price,Long,2026-08-23T05:51:55Z
2026-08-23T05:46:44Z,2026-08-23T07:46:44+0200,442f0342-0040-4db4-ac3f-85a7f822bcbf,2026-07-24T21:00:00Z,2026-07-24T23:00:00+0200,294.31,EUR/MWh,DK1,DK_1,imbalance_price,Short,2026-08-23T05:51:55Z
2026-08-23T05:46:44Z,2026-08-23T07:46:44+0200,442f0342-0040-4db4-ac3f-85a7f822bcbf,2026-07-24T21:15:00Z,2026-07-24T23:15:00+0200,183.0,EUR/MWh,DK1,DK_1,imbalance_price,Long,2026-08-23T05:51:55Z
2026-08-23T05:46:44Z,2026-08-23T07:46:44+0200,442f0342-0040-4db4-ac3f-85a7f822bcbf,2026-07-24T21:15:00Z,2026-07-24T23:15:00+0200,183.0,EUR/MWh,DK1,DK_1,imbalance_price,Short,2026-08-23T05:51:55Z
2026-08-23T05:46:44Z,2026-08-23T07:46:44+0200,442f0342-0040-4db4-ac3f-85a7f822bcbf,2026-07-24T21:30:00Z,2026-07-24T23:30:00+0200,96.31,EUR/MWh,DK1,DK_1,imbalance_price,Long,2026-08-23T05:51:55Z
2026-08-23T05:46:44Z,2026-08-23T07:46:44+0200,442f0342-0040-4db4-ac3f-85a7f822bcbf,2026-07-24T21:30:00Z,2026-07-24T23:30:00+0200,96.31,EUR/MWh,DK1,DK_1,imbalance_price,Short,2026-08-23T05:51:55Z
2026-08-23T05:46:44Z,2026-08-23T07:46:44+0200,442f0342-0040-4db4-ac3f-85a7f822bcbf,2026-07-24T21:45:00Z,2026-07-24T23:45:00+0200,97.46,EUR/MWh,DK1,DK_1,imbalance_price,Long,2026-08-23T05:51:55Z
2026-08-23T05:46:44Z,2026-08-23T07:46:44+0200,442f0342-0040-4db4-ac3f-85a7f822bcbf,2026-07-24T21:45:00Z,2026-07-24T23:45:00+0200,97.46,EUR/MWh,DK1,DK_1,imbalance_price,Short,2026-08-23T05:51:55Z
2026-08-23T05:46:44Z,2026-08-23T07:46:44+0200,442f0342-0040-4db4-ac3f-85a7f822bcbf,2026-07-24T22:00:00Z,2026-07-25T00:00:00+0200,175.92,EUR/MWh,DK1,DK_1,imbalance_price,Long,2026-08-23T05:51:55Z
2026-08-23T05:46:44Z,2026-08-23T07:46:44+0200,442f0342-0040-4db4-ac3f-85a7f822bcbf,2026-07-24T22:00:00Z,2026-07-25T00:00:00+0200,175.92,EUR/MWh,DK1,DK_1,imbalance_price,Short,2026-08-23T05:51:55Z
2026-08-23T05:46:44Z,2026-08-23T07:46:44+0200,442f0342-0040-4db4-ac3f-85a7f822bcbf,2026-07-24T22:15:00Z,2026-07-25T00:15:00+0200,98.17,EUR/MWh,DK1,DK_1,imbalance_price,Long,2026-08-23T05:51:55Z
2026-08-23T05:46:44Z,2026-08-23T07:46:44+0200,442f0342-0040-4db4-ac3f-85a7f822bcbf,2026-07-24T22:15:00Z,2026-07-25T00:15:00+0200,98.17,EUR/MWh,DK1,DK_1,imbalance_price,Short,2026-08-23T05:51:55Z
2026-08-23T05:46:44Z,2026-08-23T07:46:44+0200,442f0342-0040-4db4-ac3f-85a7f822bcbf,2026-07-24T22:30:00Z,2026-07-25T00:30:00+0200,107.05,EUR/MWh,DK1,DK_1,imbalance_price,Long,2026-08-23T05:51:55Z
2026-08-23T05:46:44Z,2026-08-23T07:46:44+0200,442f0342-0040-4db4-ac3f-85a7f822bcbf,2026-07-24T22:30:00Z,2026-07-25T00:30:00+0200,107.05,EUR/MWh,DK1,DK_1,imbalance_price,Short,2026-08-23T05:51:55Z
2026-08-23T05:46:44Z,2026-08-23T07:46:44+0200,442f0342-0040-4db4-ac3f-85a7f822bcbf,2026-07-24T22:45:00Z,2026-07-25T00:45:00+0200,102.7,EUR/MWh,DK1,DK_1,imbalance_price,Long,2026-08-23T05:51:55Z
2026-08-23T05:46:44Z,2026-08-23T07:46:44+0200,442f0342-0040-4db4-ac3f-85a7f822bcbf,2026-07-24T22:45:00Z,2026-07-25T00:45:00+0200,102.7,EUR/MWh,DK1,DK_1,imbalance_price,Short,2026-08-23T05:51:55Z
2026-08-23T05:46:44Z,2026-08-23T07:46:44+0200,442f0342-0040-4db4-ac3f-85a7f822bcbf,2026-07-24T23:00:00Z,2026-07-25T01:00:00+0200,98.54,EUR/MWh,DK1,DK_1,imbalance_price,Long,2026-08-23T05:51:55Z
2026-08-23T05:46:44Z,2026-08-23T07:46:44+0200,442f0342-0040-4db4-ac3f-85a7f822bcbf,2026-07-24T23:00:00Z,2026-07-25T01:00:00+0200,98.54,EUR/MWh,DK1,DK_1,imbalance_price,Short,2026-08-23T05:51:55Z
2026-08-23T05:46:44Z,2026-08-23T07:46:44+0200,442f0342-0040-4db4-ac3f-85a7f822bcbf,2026-07-24T23:15:00Z,2026-07-25T01:15:00+0200,97.79,EUR/MWh,DK1,DK_1,imbalance_price,Long,2026-08-23T05:51:55Z
2026-08-23T05:46:44Z,2026-08-23T07:46:44+0200,442f0342-0040-4db4-ac3f-85a7f822bcbf,2026-07-24T23:15:00Z,2026-07-25T01:15:00+0200,97.79,EUR/MWh,DK1,DK_1,imbalance_price,Short,2026-08-23T05:51:55Z
2026-08-23T05:46:44Z,2026-08-23T07:46:44+0200,442f0342-0040-4db4-ac3f-85a7f822bcbf,2026-07-24T23:30:00Z,2026-07-25T01:30:00+0200,214.06,EUR/MWh,DK1,DK_1,imbalance_price,Long,2026-08-23T05:51:55Z
2026-08-23T05:46:44Z,2026-08-23T07:46:44+0200,442f0342-0040-4db4-ac3f-85a7f822bcbf,2026-07-24T23:30:00Z,2026-07-25T01:30:00+0200,214.06,EUR/MWh,DK1,DK_1,imbalance_price,Short,2026-08-23T05:51:55Z
2026-08-23T05:46:44Z,2026-08-23T07:46:44+0200,442f0342-0040-4db4-ac3f-85a7f822bcbf,2026-07-24T23:45:00Z,2026-07-25T01:45:00+0200,99.71,EUR/MWh,DK1,DK_1,imbalance_price,Long,2026-08-23T05:51:55Z
2026-08-23T05:46:44Z,2026-08-23T07:46:44+0200,442f0342-0040-4db4-ac3f-85a7f822bcbf,2026-07-24T23:45:00Z,2026-07-25T01:45:00+0200,99.71,EUR/MWh,DK1,DK_1,imbalance_price,Short,2026-08-23T05:51:55Z
2026-08-23T05:46:44Z,2026-08-23T07:46:44+0200,442f0342-0040-4db4-ac3f-85a7f822bcbf,2026-07-25T00:00:00Z,2026-07-25T02:00:00+0200,97.83,EUR/MWh,DK1,DK_1,imbalance_price,Long,2026-08-23T05:51:55Z
2026-08-23T05:46:44Z,2026-08-23T07:46:44+0200,442f0342-0040-4db4-ac3f-85a7f822bcbf,2026-07-25T00:00:00Z,2026-07-25T02:00:00+0200,97.83,EUR/MWh,DK1,DK_1,imbalance_price,Short,2026-08-23T05:51:55Z
2026-08-23T05:46:44Z,2026-08-23T07:46:44+0200,442f0342-0040-4db4-ac3f-85a7f822bcbf,2026-07-25T00:15:00Z,2026-07-25T02:15:00+0200,100.02,EUR/MWh,DK1,DK_1,imbalance_price,Long,2026-08-23T05:51:55Z
2026-08-23T05:46:44Z,2026-08-23T07:46:44+0200,442f0342-0040-4db4-ac3f-85a7f822bcbf,2026-07-25T00:15:00Z,2026-07-25T02:15:00+0200,100.02,EUR/MWh,DK1,DK_1,imbalance_price,Short,2026-08-23T05:51:55Z
2026-08-23T05:46:44Z,2026-08-23T07:46:44+0200,442f0342-0040-4db4-ac3f-85a7f822bcbf,2026-07-25T00:30:00Z,2026-07-25T02:30:00+0200,100.39,EUR/MWh,DK1,DK_1,imbalance_price,Long,2026-08-23T05:51:55Z
2026-08-23T05:46:44Z,2026-08-23T07:46:44+0200,442f0342-0040-4db4-ac3f-85a7f822bcbf,2026-07-25T00:30:00Z,2026-07-25T02:30:00+0200,100.39,EUR/MWh,DK1,DK_1,imbalance_price,Short,2026-08-23T05:51:55Z
2026-08-23T05:46:44Z,2026-08-23T07:46:44+0200,442f0342-0040-4db4-ac3f-85a7f822bcbf,2026-07-25T00:45:00Z,2026-07-25T02:45:00+0200,104.97,EUR/MWh,DK1,DK_1,imbalance_price,Long,2026-08-23T05:51:55Z
2026-08-23T05:46:44Z,2026-08-23T07:46:44+0200,442f0342-0040-4db4-ac3f-85a7f822bcbf,2026-07-25T00:45:00Z,2026-07-25T02:45:00+0200,104.97,EUR/MWh,DK1,DK_1,imbalance_price,Short,2026-08-23T05:51:55Z
2026-08-23T05:46:44Z,2026-08-23T07:46:44+0200,442f0342-0040-4db4-ac3f-85a7f822bcbf,2026-07-25T01:00:00Z,2026-07-25T03:00:00+0200,97.09,EUR/MWh,DK1,DK_1,imbalance_price,Long,2026-08-23T05:51:55Z
2026-08-23T05:46:44Z,2026-08-23T07:46:44+0200,442f0342-0040-4db4-ac3f-85a7f822bcbf,2026-07-25T01:00:00Z,2026-07-25T03:00:00+0200,97.09,EUR/MWh,DK1,DK_1,imbalance_price,Short,2026-08-23T05:51:55Z
2026-08-23T05:46:44Z,2026-08-23T07:46:44+0200,442f0342-0040-4db4-ac3f-85a7f822bcbf,2026-07-25T01:15:00Z,2026-07-25T03:15:00+0200,98.75,EUR/MWh,DK1,DK_1,imbalance_price,Long,2026-08-23T05:51:55Z
2026-08-23T05:46:44Z,2026-08-23T07:46:44+0200,442f0342-0040-4db4-ac3f-85a7f822bcbf,2026-07-25T01:15:00Z,2026-07-25T03:15:00+0200,98.75,EUR/MWh,DK1,DK_1,imbalance_price,Short,2026-08-23T05:51:55Z
2026-08-23T05:46:44Z,2026-08-23T07:46:44+0200,442f0342-0040-4db4-ac3f-85a7f822bcbf,2026-07-25T01:30:00Z,2026-07-25T03:30:00+0200,97.09,EUR/MWh,DK1,DK_1,imbalance_price,Long,2026-08-23T05:51:55Z
2026-08-23T05:46:44Z,2026-08-23T07:46:44+0200,442f0342-0040-4db4-ac3f-85a7f822bcbf,2026-07-25T01:30:00Z,2026-07-25T03:30:00+0200,97.09,EUR/MWh,DK1,DK_1,imbalance_price,Short,2026-08-23T05:51:55Z
2026-08-23T05:46:44Z,2026-08-23T07:46:44+0200,442f0342-0040-4db4-ac3f-85a7f822bcbf,2026-07-25T01:45:00Z,2026-07-25T03:45:00+0200,96.99,EUR/MWh,DK1,DK_1,imbalance_price,Long,2026-08-23T05:51:55Z
2026-08-23T05:46:44Z,2026-08-23T07:46:44+0200,442f0342-0040-4db4-ac3f-85a7f822bcbf,2026-07-25T01:45:00Z,2026-07-25T03:45:00+0200,96.99,EUR/MWh,DK1,DK_1,imbalance_price,Short,2026-08-23T05:51:55Z
2026-08-23T05:46:44Z,2026-08-23T07:46:44+0200,442f0342-0040-4db4-ac3f-85a7f822bcbf,2026-07-25T02:00:00Z,2026-07-25T04:00:00+0200,97.08,EUR/MWh,DK1,DK_1,imbalance_price,Long,2026-08-23T05:51:55Z
2026-08-23T05:46:44Z,2026-08-23T07:46:44+0200,442f0342-0040-4db4-ac3f-85a7f822bcbf,2026-07-25T02:00:00Z,2026-07-25T04:00:00+0200,97.08,EUR/MWh,DK1,DK_1,imbalance_price,Short,2026-08-23T05:51:55Z
2026-08-23T05:46:44Z,2026-08-23T07:46:44+0200,442f0342-0040-4db4-ac3f-85a7f822bcbf,2026-07-25T02:15:00Z,2026-07-25T04:15:00+0200,97.0,EUR/MWh,DK1,DK_1,imbalance_price,Long,2026-08-23T05:51:55Z
2026-08-23T05:46:44Z,2026-08-23T07:46:44+0200,442f0342-0040-4db4-ac3f-85a7f822bcbf,2026-07-25T02:15:00Z,2026-07-25T04:15:00+0200,97.0,EUR/MWh,DK1,DK_1,imbalance_price,Short,2026-08-23T05:51:55Z
2026-08-23T05:46:44Z,2026-08-23T07:46:44+0200,442f0342-0040-4db4-ac3f-85a7f822bcbf,2026-07-25T02:30:00Z,2026-07-25T04:30:00+0200,84.08,EUR/MWh,DK1,DK_1,imbalance_price,Long,2026-08-23T05:51:55Z
2026-08-23T05:46:44Z,2026-08-23T07:46:44+0200,442f0342-0040-4db4-ac3f-85a7f822bcbf,2026-07-25T02:30:00Z,2026-07-25T04:30:00+0200,84.08,EUR/MWh,DK1,DK_1,imbalance_price,Short,2026-08-23T05:51:55Z
2026-08-23T05:46:44Z,2026-08-23T07:46:44+0200,442f0342-0040-4db4-ac3f-85a7f822bcbf,2026-07-25T02:45:00Z,2026-07-25T04:45:00+0200,85.2,EUR/MWh,DK1,DK_1,imbalance_price,Long,2026-08-23T05:51:55Z
2026-08-23T05:46:44Z,2026-08-23T07:46:44+0200,442f0342-0040-4db4-ac3f-85a7f822bcbf,2026-07-25T02:45:00Z,2026-07-25T04:45:00+0200,85.2,EUR/MWh,DK1,DK_1,imbalance_price,Short,2026-08-23T05:51:55Z
2026-08-23T05:46:44Z,2026-08-23T07:46:44+0200,442f0342-0040-4db4-ac3f-85a7f822bcbf,2026-07-25T03:00:00Z,2026-07-25T05:00:00+0200,97.09,EUR/MWh,DK1,DK_1,imbalance_price,Long,2026-08-23T05:51:55Z
2026-08-23T05:46:44Z,2026-08-23T07:46:44+0200,442f0342-0040-4db4-ac3f-85a7f822bcbf,2026-07-25T03:00:00Z,2026-07-25T05:00:00+0200,97.09,EUR/MWh,DK1,DK_1,imbalance_price,Short,2026-08-23T05:51:55Z
2026-08-23T05:46:44Z,2026-08-23T07:46:44+0200,442f0342-0040-4db4-ac3f-85a7f822bcbf,2026-07-25T03:15:00Z,2026-07-25T05:15:00+0200,70.3,EUR/MWh,DK1,DK_1,imbalance_price,Long,2026-08-23T05:51:55Z
2026-08-23T05:46:44Z,2026-08-23T07:46:44+0200,442f0342-0040-4db4-ac3f-85a7f822bcbf,2026-07-25T03:15:00Z,2026-07-25T05:15:00+0200,70.3,EUR/MWh,DK1,DK_1,imbalance_price,Short,2026-08-23T05:51:55Z
2026-08-23T05:46:44Z,2026-08-23T07:46:44+0200,442f0342-0040-4db4-ac3f-85a7f822bcbf,2026-07-25T03:30:00Z,2026-07-25T05:30:00+0200,17.64,EUR/MWh,DK1,DK_1,imbalance_price,Long,2026-08-23T05:51:55Z
2026-08-23T05:46:44Z,2026-08-23T07:46:44+0200,442f0342-0040-4db4-ac3f-85a7f822bcbf,2026-07-25T03:30:00Z,2026-07-25T05:30:00+0200,17.64,EUR/MWh,DK1,DK_1,imbalance_price,Short,2026-08-23T05:51:55Z
2026-08-23T05:46:44Z,2026-08-23T07:46:44+0200,442f0342-0040-4db4-ac3f-85a7f822bcbf,2026-07-25T03:45:00Z,2026-07-25T05:45:00+0200,31.51,EUR/MWh,DK1,DK_1,imbalance_price,Long,2026-08-23T05:51:55Z
2026-08-23T05:46:44Z,2026-08-23T07:46:44+0200,442f0342-0040-4db4-ac3f-85a7f822bcbf,2026-07-25T03:45:00Z,2026-07-25T05:45:00+0200,31.51,EUR/MWh,DK1,DK_1,imbalance_price,Short,2026-08-23T05:51:55Z
2026-08-23T05:46:44Z,2026-08-23T07:46:44+0200,442f0342-0040-4db4-ac3f-85a7f822bcbf,2026-07-25T04:00:00Z,2026-07-25T06:00:00+0200,46.85,EUR/MWh,DK1,DK_1,imbalance_price,Long,2026-08-23T05:51:55Z
2026-08-23T05:46:44Z,2026-08-23T07:46:44+0200,442f0342-0040-4db4-ac3f-85a7f822bcbf,2026-07-25T04:00:00Z,2026-07-25T06:00:00+0200,46.85,EUR/MWh,DK1,DK_1,imbalance_price,Short,2026-08-23T05:51:55Z
2026-08-23T05:46:44Z,2026-08-23T07:46:44+0200,442f0342-0040-4db4-ac3f-85a7f822bcbf,2026-07-25T04:15:00Z,2026-07-25T06:15:00+0200,57.65,EUR/MWh,DK1,DK_1,imbalance_price,Long,2026-08-23T05:51:55Z
2026-08-23T05:46:44Z,2026-08-23T07:46:44+0200,442f0342-0040-4db4-ac3f-85a7f822bcbf,2026-07-25T04:15:00Z,2026-07-25T06:15:00+0200,57.65,EUR/MWh,DK1,DK_1,imbalance_price,Short,2026-08-23T05:51:55Z
2026-08-23T05:46:44Z,2026-08-23T07:46:44+0200,442f0342-0040-4db4-ac3f-85a7f822bcbf,2026-07-25T04:30:00Z,2026-07-25T06:30:00+0200,97.09,EUR/MWh,DK1,DK_1,imbalance_price,Long,2026-08-23T05:51:55Z
2026-08-23T05:46:44Z,2026-08-23T07:46:44+0200,442f0342-0040-4db4-ac3f-85a7f822bcbf,2026-07-25T04:30:00Z,2026-07-25T06:30:00+0200,97.09,EUR/MWh,DK1,DK_1,imbalance_price,Short,2026-08-23T05:51:55Z
2026-08-23T05:46:44Z,2026-08-23T07:46:44+0200,442f0342-0040-4db4-ac3f-85a7f822bcbf,2026-07-25T04:45:00Z,2026-07-25T06:45:00+0200,117.54,EUR/MWh,DK1,DK_1,imbalance_price,Long,2026-08-23T05:51:55Z
2026-08-23T05:46:44Z,2026-08-23T07:46:44+0200,442f0342-0040-4db4-ac3f-85a7f822bcbf,2026-07-25T04:45:00Z,2026-07-25T06:45:00+0200,117.54,EUR/MWh,DK1,DK_1,imbalance_price,Short,2026-08-23T05:51:55Z
2026-08-23T05:46:44Z,2026-08-23T07:46:44+0200,442f0342-0040-4db4-ac3f-85a7f822bcbf,2026-07-25T05:00:00Z,2026-07-25T07:00:00+0200,144.31,EUR/MWh,DK1,DK_1,imbalance_price,Long,2026-08-23T05:51:55Z
2026-08-23T05:46:44Z,2026-08-23T07:46:44+0200,442f0342-0040-4db4-ac3f-85a7f822bcbf,2026-07-25T05:00:00Z,2026-07-25T07:00:00+0200,144.31,EUR/MWh,DK1,DK_1,imbalance_price,Short,2026-08-23T05:51:55Z
2026-08-23T05:46:44Z,2026-08-23T07:46:44+0200,442f0342-0040-4db4-ac3f-85a7f822bcbf,2026-07-25T05:15:00Z,2026-07-25T07:15:00+0200,144.27,EUR/MWh,DK1,DK_1,imbalance_price,Long,2026-08-23T05:51:55Z
2026-08-23T05:46:44Z,2026-08-23T07:46:44+0200,442f0342-0040-4db4-ac3f-85a7f822bcbf,2026-07-25T05:15:00Z,2026-07-25T07:15:00+0200,144.27,EUR/MWh,DK1,DK_1,imbalance_price,Short,2026-08-23T05:51:55Z
2026-08-23T05:46:44Z,2026-08-23T07:46:44+0200,442f0342-0040-4db4-ac3f-85a7f822bcbf,2026-07-25T05:30:00Z,2026-07-25T07:30:00+0200,45.3,EUR/MWh,DK1,DK_1,imbalance_price,Long,2026-08-23T05:51:55Z
2026-08-23T05:46:44Z,2026-08-23T07:46:44+0200,442f0342-0040-4db4-ac3f-85a7f822bcbf,2026-07-25T05:30:00Z,2026-07-25T07:30:00+0200,45.3,EUR/MWh,DK1,DK_1,imbalance_price,Short,2026-08-23T05:51:55Z
2026-08-23T05:46:44Z,2026-08-23T07:46:44+0200,442f0342-0040-4db4-ac3f-85a7f822bcbf,2026-07-25T05:45:00Z,2026-07-25T07:45:00+0200,113.7,EUR/MWh,DK1,DK_1,imbalance_price,Long,2026-08-23T05:51:55Z
2026-08-23T05:46:44Z,2026-08-23T07:46:44+0200,442f0342-0040-4db4-ac3f-85a7f822bcbf,2026-07-25T05:45:00Z,2026-07-25T07:45:00+0200,113.7,EUR/MWh,DK1,DK_1,imbalance_price,Short,2026-08-23T05:51:55Z
2026-08-23T05:46:44Z,2026-08-23T07:46:44+0200,442f0342-0040-4db4-ac3f-85a7f822bcbf,2026-07-25T06:00:00Z,2026-07-25T08:00:00+0200,122.44,EUR/MWh,DK1,DK_1,imbalance_price,Long,2026-08-23T05:51:55Z
2026-08-23T05:46:44Z,2026-08-23T07:46:44+0200,442f0342-0040-4db4-ac3f-85a7f822bcbf,2026-07-25T06:00:00Z,2026-07-25T08:00:00+0200,122.44,EUR/MWh,DK1,DK_1,imbalance_price,Short,2026-08-23T05:51:55Z
2026-08-23T05:46:44Z,2026-08-23T07:46:44+0200,442f0342-0040-4db4-ac3f-85a7f822bcbf,2026-07-25T06:15:00Z,2026-07-25T08:15:00+0200,102.51,EUR/MWh,DK1,DK_1,imbalance_price,Long,2026-08-23T05:51:55Z
2026-08-23T05:46:44Z,2026-08-23T07:46:44+0200,442f0342-0040-4db4-ac3f-85a7f822bcbf,2026-07-25T06:15:00Z,2026-07-25T08:15:00+0200,102.51,EUR/MWh,DK1,DK_1,imbalance_price,Short,2026-08-23T05:51:55Z
2026-08-23T05:46:44Z,2026-08-23T07:46:44+0200,442f0342-0040-4db4-ac3f-85a7f822bcbf,2026-07-25T06:30:00Z,2026-07-25T08:30:00+0200,21.92,EUR/MWh,DK1,DK_1,imbalance_price,Long,2026-08-23T05:51:55Z
2026-08-23T05:46:44Z,2026-08-23T07:46:44+0200,442f0342-0040-4db4-ac3f-85a7f822bcbf,2026-07-25T06:30:00Z,2026-07-25T08:30:00+0200,21.92,EUR/MWh,DK1,DK_1,imbalance_price,Short,2026-08-23T05:51:55Z
2026-08-23T05:46:44Z,2026-08-23T07:46:44+0200,442f0342-0040-4db4-ac3f-85a7f822bcbf,2026-07-25T06:45:00Z,2026-07-25T08:45:00+0200,3.83,EUR/MWh,DK1,DK_1,imbalance_price,Long,2026-08-23T05:51:55Z
2026-08-23T05:46:44Z,2026-08-23T07:46:44+0200,442f0342-0040-4db4-ac3f-85a7f822bcbf,2026-07-25T06:45:00Z,2026-07-25T08:45:00+0200,3.83,EUR/MWh,DK1,DK_1,imbalance_price,Short,2026-08-23T05:51:55Z
2026-08-23T05:46:44Z,2026-08-23T07:46:44+0200,442f0342-0040-4db4-ac3f-85a7f822bcbf,2026-07-25T07:00:00Z,2026-07-25T09:00:00+0200,-11.26,EUR/MWh,DK1,DK_1,imbalance_price,Long,2026-08-23T05:51:55Z
2026-08-23T05:46:44Z,2026-08-23T07:46:44+0200,442f0342-0040-4db4-ac3f-85a7f822bcbf,2026-07-25T07:00:00Z,2026-07-25T09:00:00+0200,-11.26,EUR/MWh,DK1,DK_1,imbalance_price,Short,2026-08-23T05:51:55Z
2026-08-23T05:46:44Z,2026-08-23T07:46:44+0200,442f0342-0040-4db4-ac3f-85a7f822bcbf,2026-07-25T07:15:00Z,2026-07-25T09:15:00+0200,-38.0,EUR/MWh,DK1,DK_1,imbalance_price,Long,2026-08-23T05:51:55Z
2026-08-23T05:46:44Z,2026-08-23T07:46:44+0200,442f0342-0040-4db4-ac3f-85a7f822bcbf,2026-07-25T07:15:00Z,2026-07-25T09:15:00+0200,-38.0,EUR/MWh,DK1,DK_1,imbalance_price,Short,2026-08-23T05:51:55Z
2026-08-23T05:46:44Z,2026-08-23T07:46:44+0200,442f0342-0040-4db4-ac3f-85a7f822bcbf,2026-07-25T07:30:00Z,2026-07-25T09:30:00+0200,-12.2,EUR/MWh,DK1,DK_1,imbalance_price,Long,2026-08-23T05:51:55Z
2026-08-23T05:46:44Z,2026-08-23T07:46:44+0200,442f0342-0040-4db4-ac3f-85a7f822bcbf,2026-07-25T07:30:00Z,2026-07-25T09:30:00+0200,-12.2,EUR/MWh,DK1,DK_1,imbalance_price,Short,2026-08-23T05:51:55Z
2026-08-23T05:46:44Z,2026-08-23T07:46:44+0200,442f0342-0040-4db4-ac3f-85a7f822bcbf,2026-07-25T07:45:00Z,2026-07-25T09:45:00+0200,-6.69,EUR/MWh,DK1,DK_1,imbalance_price,Long,2026-08-23T05:51:55Z
2026-08-23T05:46:44Z,2026-08-23T07:46:44+0200,442f0342-0040-4db4-ac3f-85a7f822bcbf,2026-07-25T07:45:00Z,2026-07-25T09:45:00+0200,-6.69,EUR/MWh,DK1,DK_1,imbalance_price,Short,2026-08-23T05:51:55Z
2026-08-23T05:46:44Z,2026-08-23T07:46:44+0200,442f0342-0040-4db4-ac3f-85a7f822bcbf,2026-07-25T08:00:00Z,2026-07-25T10:00:00+0200,0.0,EUR/MWh,DK1,DK_1,imbalance_price,Long,2026-08-23T05:51:55Z
2026-08-23T05:46:44Z,2026-08-23T07:46:44+0200,442f0342-0040-4db4-ac3f-85a7f822bcbf,2026-07-25T08:00:00Z,2026-07-25T10:00:00+0200,0.0,EUR/MWh,DK1,DK_1,imbalance_price,Short,2026-08-23T05:51:55Z
2026-08-23T05:46:44Z,2026-08-23T07:46:44+0200,442f0342-0040-4db4-ac3f-85a7f822bcbf,2026-07-25T08:15:00Z,2026-07-25T10:15:00+0200,-7.7,EUR/MWh,DK1,DK_1,imbalance_price,Long,2026-08-23T05:51:55Z
2026-08-23T05:46:44Z,2026-08-23T07:46:44+0200,442f0342-0040-4db4-ac3f-85a7f822bcbf,2026-07-25T08:15:00Z,2026-07-25T10:15:00+0200,-7.7,EUR/MWh,DK1,DK_1,imbalance_price,Short,2026-08-23T05:51:55Z
2026-08-23T05:46:44Z,2026-08-23T07:46:44+0200,442f0342-0040-4db4-ac3f-85a7f822bcbf,2026-07-25T08:30:00Z,2026-07-25T10:30:00+0200,4.82,EUR/MWh,DK1,DK_1,imbalance_price,Long,2026-08-23T05:51:55Z
2026-08-23T05:46:44Z,2026-08-23T07:46:44+0200,442f0342-0040-4db4-ac3f-85a7f822bcbf,2026-07-25T08:30:00Z,2026-07-25T10:30:00+0200,4.82,EUR/MWh,DK1,DK_1,imbalance_price,Short,2026-08-23T05:51:55Z
2026-08-23T05:46:44Z,2026-08-23T07:46:44+0200,442f0342-0040-4db4-ac3f-85a7f822bcbf,2026-07-25T08:45:00Z,2026-07-25T10:45:00+0200,6.72,EUR/MWh,DK1,DK_1,imbalance_price,Long,2026-08-23T05:51:55Z
2026-08-23T05:46:44Z,2026-08-23T07:46:44+0200,442f0342-0040-4db4-ac3f-85a7f822bcbf,2026-07-25T08:45:00Z,2026-07-25T10:45:00+0200,6.72,EUR/MWh,DK1,DK_1,imbalance_price,Short,2026-08-23T05:51:55Z
2026-08-23T05:46:44Z,2026-08-23T07:46:44+0200,442f0342-0040-4db4-ac3f-85a7f822bcbf,2026-07-25T09:00:00Z,2026-07-25T11:00:00+0200,8.75,EUR/MWh,DK1,DK_1,imbalance_price,Long,2026-08-23T05:51:55Z
2026-08-23T05:46:44Z,2026-08-23T07:46:44+0200,442f0342-0040-4db4-ac3f-85a7f822bcbf,2026-07-25T09:00:00Z,2026-07-25T11:00:00+0200,8.75,EUR/MWh,DK1,DK_1,imbalance_price,Short,2026-08-23T05:51:55Z
2026-08-23T05:46:44Z,2026-08-23T07:46:44+0200,442f0342-0040-4db4-ac3f-85a7f822bcbf,2026-07-25T09:15:00Z,2026-07-25T11:15:00+0200,10.39,EUR/MWh,DK1,DK_1,imbalance_price,Long,2026-08-23T05:51:55Z
2026-08-23T05:46:44Z,2026-08-23T07:46:44+0200,442f0342-0040-4db4-ac3f-85a7f822bcbf,2026-07-25T09:15:00Z,2026-07-25T11:15:00+0200,10.39,EUR/MWh,DK1,DK_1,imbalance_price,Short,2026-08-23T05:51:55Z
2026-08-23T05:46:44Z,2026-08-23T07:46:44+0200,442f0342-0040-4db4-ac3f-85a7f822bcbf,2026-07-25T09:30:00Z,2026-07-25T11:30:00+0200,-3.41,EUR/MWh,DK1,DK_1,imbalance_price,Long,2026-08-23T05:51:55Z
2026-08-23T05:46:44Z,2026-08-23T07:46:44+0200,442f0342-0040-4db4-ac3f-85a7f822bcbf,2026-07-25T09:30:00Z,2026-07-25T11:30:00+0200,-3.41,EUR/MWh,DK1,DK_1,imbalance_price,Short,2026-08-23T05:51:55Z
2026-08-23T05:46:44Z,2026-08-23T07:46:44+0200,442f0342-0040-4db4-ac3f-85a7f822bcbf,2026-07-25T09:45:00Z,2026-07-25T11:45:00+0200,29.11,EUR/MWh,DK1,DK_1,imbalance_price,Long,2026-08-23T05:51:55Z
2026-08-23T05:46:44Z,2026-08-23T07:46:44+0200,442f0342-0040-4db4-ac3f-85a7f822bcbf,2026-07-25T09:45:00Z,2026-07-25T11:45:00+0200,29.11,EUR/MWh,DK1,DK_1,imbalance_price,Short,2026-08-23T05:51:55Z
2026-08-23T05:46:44Z,2026-08-23T07:46:44+0200,442f0342-0040-4db4-ac3f-85a7f822bcbf,2026-07-25T10:00:00Z,2026-07-25T12:00:00+0200,4.84,EUR/MWh,DK1,DK_1,imbalance_price,Long,2026-08-23T05:51:55Z
2026-08-23T05:46:44Z,2026-08-23T07:46:44+0200,442f0342-0040-4db4-ac3f-85a7f822bcbf,2026-07-25T10:00:00Z,2026-07-25T12:00:00+0200,4.84,EUR/MWh,DK1,DK_1,imbalance_price,Short,2026-08-23T05:51:55Z
2026-08-23T05:46:44Z,2026-08-23T07:46:44+0200,442f0342-0040-4db4-ac3f-85a7f822bcbf,2026-07-25T10:15:00Z,2026-07-25T12:15:00+0200,7.15,EUR/MWh,DK1,DK_1,imbalance_price,Long,2026-08-23T05:51:55Z
2026-08-23T05:46:44Z,2026-08-23T07:46:44+0200,442f0342-0040-4db4-ac3f-85a7f822bcbf,2026-07-25T10:15:00Z,2026-07-25T12:15:00+0200,7.15,EUR/MWh,DK1,DK_1,imbalance_price,Short,2026-08-23T05:51:55Z
2026-08-23T05:46:44Z,2026-08-23T07:46:44+0200,442f0342-0040-4db4-ac3f-85a7f822bcbf,2026-07-25T10:30:00Z,2026-07-25T12:30:00+0200,5.35,EUR/MWh,DK1,DK_1,imbalance_price,Long,2026-08-23T05:51:55Z
2026-08-23T05:46:44Z,2026-08-23T07:46:44+0200,442f0342-0040-4db4-ac3f-85a7f822bcbf,2026-07-25T10:30:00Z,2026-07-25T12:30:00+0200,5.35,EUR/MWh,DK1,DK_1,imbalance_price,Short,2026-08-23T05:51:55Z
2026-08-23T05:46:44Z,2026-08-23T07:46:44+0200,442f0342-0040-4db4-ac3f-85a7f822bcbf,2026-07-25T10:45:00Z,2026-07-25T12:45:00+0200,-7.89,EUR/MWh,DK1,DK_1,imbalance_price,Long,2026-08-23T05:51:55Z
2026-08-23T05:46:44Z,2026-08-23T07:46:44+0200,442f0342-0040-4db4-ac3f-85a7f822bcbf,2026-07-25T10:45:00Z,2026-07-25T12:45:00+0200,-7.89,EUR/MWh,DK1,DK_1,imbalance_price,Short,2026-08-23T05:51:55Z
2026-08-23T05:46:44Z,2026-08-23T07:46:44+0200,442f0342-0040-4db4-ac3f-85a7f822bcbf,2026-07-25T11:00:00Z,2026-07-25T13:00:00+0200,-9.28,EUR/MWh,DK1,DK_1,imbalance_price,Long,2026-08-23T05:51:55Z
2026-08-23T05:46:44Z,2026-08-23T07:46:44+0200,442f0342-0040-4db4-ac3f-85a7f822bcbf,2026-07-25T11:00:00Z,2026-07-25T13:00:00+0200,-9.28,EUR/MWh,DK1,DK_1,imbalance_price,Short,2026-08-23T05:51:55Z
2026-08-23T05:46:44Z,2026-08-23T07:46:44+0200,442f0342-0040-4db4-ac3f-85a7f822bcbf,2026-07-25T11:15:00Z,2026-07-25T13:15:00+0200,-13.38,EUR/MWh,DK1,DK_1,imbalance_price,Long,2026-08-23T05:51:55Z
2026-08-23T05:46:44Z,2026-08-23T07:46:44+0200,442f0342-0040-4db4-ac3f-85a7f822bcbf,2026-07-25T11:15:00Z,2026-07-25T13:15:00+0200,-13.38,EUR/MWh,DK1,DK_1,imbalance_price,Short,2026-08-23T05:51:55Z
2026-08-23T05:46:44Z,2026-08-23T07:46:44+0200,442f0342-0040-4db4-ac3f-85a7f822bcbf,2026-07-25T11:30:00Z,2026-07-25T13:30:00+0200,8.29,EUR/MWh,DK1,DK_1,imbalance_price,Long,2026-08-23T05:51:55Z
2026-08-23T05:46:44Z,2026-08-23T07:46:44+0200,442f0342-0040-4db4-ac3f-85a7f822bcbf,2026-07-25T11:30:00Z,2026-07-25T13:30:00+0200,8.29,EUR/MWh,DK1,DK_1,imbalance_price,Short,2026-08-23T05:51:55Z
2026-08-23T05:46:44Z,2026-08-23T07:46:44+0200,442f0342-0040-4db4-ac3f-85a7f822bcbf,2026-07-25T11:45:00Z,2026-07-25T13:45:00+0200,-10.75,EUR/MWh,DK1,DK_1,imbalance_price,Long,2026-08-23T05:51:55Z
2026-08-23T05:46:44Z,2026-08-23T07:46:44+0200,442f0342-0040-4db4-ac3f-85a7f822bcbf,2026-07-25T11:45:00Z,2026-07-25T13:45:00+0200,-10.75,EUR/MWh,DK1,DK_1,imbalance_price,Short,2026-08-23T05:51:55Z
2026-08-23T05:46:44Z,2026-08-23T07:46:44+0200,442f0342-0040-4db4-ac3f-85a7f822bcbf,2026-07-25T12:00:00Z,2026-07-25T14:00:00+0200,6.92,EUR/MWh,DK1,DK_1,imbalance_price,Long,2026-08-23T05:51:55Z
2026-08-23T05:46:44Z,2026-08-23T07:46:44+0200,442f0342-0040-4db4-ac3f-85a7f822bcbf,2026-07-25T12:00:00Z,2026-07-25T14:00:00+0200,6.92,EUR/MWh,DK1,DK_1,imbalance_price,Short,2026-08-23T05:51:55Z
2026-08-23T05:46:44Z,2026-08-23T07:46:44+0200,442f0342-0040-4db4-ac3f-85a7f822bcbf,2026-07-25T12:15:00Z,2026-07-25T14:15:00+0200,2.9,EUR/MWh,DK1,DK_1,imbalance_price,Long,2026-08-23T05:51:55Z
2026-08-23T05:46:44Z,2026-08-23T07:46:44+0200,442f0342-0040-4db4-ac3f-85a7f822bcbf,2026-07-25T12:15:00Z,2026-07-25T14:15:00+0200,2.9,EUR/MWh,DK1,DK_1,imbalance_price,Short,2026-08-23T05:51:55Z
2026-08-23T05:46:44Z,2026-08-23T07:46:44+0200,442f0342-0040-4db4-ac3f-85a7f822bcbf,2026-07-25T12:30:00Z,2026-07-25T14:30:00+0200,17.19,EUR/MWh,DK1,DK_1,imbalance_price,Long,2026-08-23T05:51:55Z
2026-08-23T05:46:44Z,2026-08-23T07:46:44+0200,442f0342-0040-4db4-ac3f-85a7f822bcbf,2026-07-25T12:30:00Z,2026-07-25T14:30:00+0200,17.19,EUR/MWh,DK1,DK_1,imbalance_price,Short,2026-08-23T05:51:55Z
2026-08-23T05:46:44Z,2026-08-23T07:46:44+0200,442f0342-0040-4db4-ac3f-85a7f822bcbf,2026-07-25T12:45:00Z,2026-07-25T14:45:00+0200,11.04,EUR/MWh,DK1,DK_1,imbalance_price,Long,2026-08-23T05:51:55Z
2026-08-23T05:46:44Z,2026-08-23T07:46:44+0200,442f0342-0040-4db4-ac3f-85a7f822bcbf,2026-07-25T12:45:00Z,2026-07-25T14:45:00+0200,11.04,EUR/MWh,DK1,DK_1,imbalance_price,Short,2026-08-23T05:51:55Z
2026-08-23T05:46:44Z,2026-08-23T07:46:44+0200,442f0342-0040-4db4-ac3f-85a7f822bcbf,2026-07-25T13:00:00Z,2026-07-25T15:00:00+0200,6.44,EUR/MWh,DK1,DK_1,imbalance_price,Long,2026-08-23T05:51:55Z
2026-08-23T05:46:44Z,2026-08-23T07:46:44+0200,442f0342-0040-4db4-ac3f-85a7f822bcbf,2026-07-25T13:00:00Z,2026-07-25T15:00:00+0200,6.44,EUR/MWh,DK1,DK_1,imbalance_price,Short,2026-08-23T05:51:55Z
2026-08-23T05:46:44Z,2026-08-23T07:46:44+0200,442f0342-0040-4db4-ac3f-85a7f822bcbf,2026-07-25T13:15:00Z,2026-07-25T15:15:00+0200,6.69,EUR/MWh,DK1,DK_1,imbalance_price,Long,2026-08-23T05:51:55Z
2026-08-23T05:46:44Z,2026-08-23T07:46:44+0200,442f0342-0040-4db4-ac3f-85a7f822bcbf,2026-07-25T13:15:00Z,2026-07-25T15:15:00+0200,6.69,EUR/MWh,DK1,DK_1,imbalance_price,Short,2026-08-23T05:51:55Z
2026-08-23T05:46:44Z,2026-08-23T07:46:44+0200,442f0342-0040-4db4-ac3f-85a7f822bcbf,2026-07-25T13:30:00Z,2026-07-25T15:30:00+0200,11.42,EUR/MWh,DK1,DK_1,imbalance_price,Long,2026-08-23T05:51:55Z
2026-08-23T05:46:44Z,2026-08-23T07:46:44+0200,442f0342-0040-4db4-ac3f-85a7f822bcbf,2026-07-25T13:30:00Z,2026-07-25T15:30:00+0200,11.42,EUR/MWh,DK1,DK_1,imbalance_price,Short,2026-08-23T05:51:55Z
2026-08-23T05:46:44Z,2026-08-23T07:46:44+0200,442f0342-0040-4db4-ac3f-85a7f822bcbf,2026-07-25T13:45:00Z,2026-07-25T15:45:00+0200,-1.2,EUR/MWh,DK1,DK_1,imbalance_price,Long,2026-08-23T05:51:55Z
2026-08-23T05:46:44Z,2026-08-23T07:46:44+0200,442f0342-0040-4db4-ac3f-85a7f822bcbf,2026-07-25T13:45:00Z,2026-07-25T15:45:00+0200,-1.2,EUR/MWh,DK1,DK_1,imbalance_price,Short,2026-08-23T05:51:55Z
2026-08-23T05:46:44Z,2026-08-23T07:46:44+0200,442f0342-0040-4db4-ac3f-85a7f822bcbf,2026-07-25T14:00:00Z,2026-07-25T16:00:00+0200,-6.05,EUR/MWh,DK1,DK_1,imbalance_price,Long,2026-08-23T05:51:55Z
2026-08-23T05:46:44Z,2026-08-23T07:46:44+0200,442f0342-0040-4db4-ac3f-85a7f822bcbf,2026-07-25T14:00:00Z,2026-07-25T16:00:00+0200,-6.05,EUR/MWh,DK1,DK_1,imbalance_price,Short,2026-08-23T05:51:55Z
2026-08-23T05:46:44Z,2026-08-23T07:46:44+0200,442f0342-0040-4db4-ac3f-85a7f822bcbf,2026-07-25T14:15:00Z,2026-07-25T16:15:00+0200,-0.12,EUR/MWh,DK1,DK_1,imbalance_price,Long,2026-08-23T05:51:55Z
2026-08-23T05:46:44Z,2026-08-23T07:46:44+0200,442f0342-0040-4db4-ac3f-85a7f822bcbf,2026-07-25T14:15:00Z,2026-07-25T16:15:00+0200,-0.12,EUR/MWh,DK1,DK_1,imbalance_price,Short,2026-08-23T05:51:55Z
2026-08-23T05:46:44Z,2026-08-23T07:46:44+0200,442f0342-0040-4db4-ac3f-85a7f822bcbf,2026-07-25T14:30:00Z,2026-07-25T16:30:00+0200,9.32,EUR/MWh,DK1,DK_1,imbalance_price,Long,2026-08-23T05:51:55Z
2026-08-23T05:46:44Z,2026-08-23T07:46:44+0200,442f0342-0040-4db4-ac3f-85a7f822bcbf,2026-07-25T14:30:00Z,2026-07-25T16:30:00+0200,9.32,EUR/MWh,DK1,DK_1,imbalance_price,Short,2026-08-23T05:51:55Z
2026-08-23T05:46:44Z,2026-08-23T07:46:44+0200,442f0342-0040-4db4-ac3f-85a7f822bcbf,2026-07-25T14:45:00Z,2026-07-25T16:45:00+0200,6.74,EUR/MWh,DK1,DK_1,imbalance_price,Long,2026-08-23T05:51:55Z
2026-08-23T05:46:44Z,2026-08-23T07:46:44+0200,442f0342-0040-4db4-ac3f-85a7f822bcbf,2026-07-25T14:45:00Z,2026-07-25T16:45:00+0200,6.74,EUR/MWh,DK1,DK_1,imbalance_price,Short,2026-08-23T05:51:55Z
2026-08-23T05:46:44Z,2026-08-23T07:46:44+0200,442f0342-0040-4db4-ac3f-85a7f822bcbf,2026-07-25T15:00:00Z,2026-07-25T17:00:00+0200,15.43,EUR/MWh,DK1,DK_1,imbalance_price,Long,2026-08-23T05:51:55Z
2026-08-23T05:46:44Z,2026-08-23T07:46:44+0200,442f0342-0040-4db4-ac3f-85a7f822bcbf,2026-07-25T15:00:00Z,2026-07-25T17:00:00+0200,15.43,EUR/MWh,DK1,DK_1,imbalance_price,Short,2026-08-23T05:51:55Z
2026-08-23T05:46:44Z,2026-08-23T07:46:44+0200,442f0342-0040-4db4-ac3f-85a7f822bcbf,2026-07-25T15:15:00Z,2026-07-25T17:15:00+0200,25.61,EUR/MWh,DK1,DK_1,imbalance_price,Long,2026-08-23T05:51:55Z
2026-08-23T05:46:44Z,2026-08-23T07:46:44+0200,442f0342-0040-4db4-ac3f-85a7f822bcbf,2026-07-25T15:15:00Z,2026-07-25T17:15:00+0200,25.61,EUR/MWh,DK1,DK_1,imbalance_price,Short,2026-08-23T05:51:55Z
2026-08-23T05:46:44Z,2026-08-23T07:46:44+0200,442f0342-0040-4db4-ac3f-85a7f822bcbf,2026-07-25T15:30:00Z,2026-07-25T17:30:00+0200,2.69,EUR/MWh,DK1,DK_1,imbalance_price,Long,2026-08-23T05:51:55Z
2026-08-23T05:46:44Z,2026-08-23T07:46:44+0200,442f0342-0040-4db4-ac3f-85a7f822bcbf,2026-07-25T15:30:00Z,2026-07-25T17:30:00+0200,2.69,EUR/MWh,DK1,DK_1,imbalance_price,Short,2026-08-23T05:51:55Z
2026-08-23T05:46:44Z,2026-08-23T07:46:44+0200,442f0342-0040-4db4-ac3f-85a7f822bcbf,2026-07-25T15:45:00Z,2026-07-25T17:45:00+0200,6.56,EUR/MWh,DK1,DK_1,imbalance_price,Long,2026-08-23T05:51:55Z
2026-08-23T05:46:44Z,2026-08-23T07:46:44+0200,442f0342-0040-4db4-ac3f-85a7f822bcbf,2026-07-25T15:45:00Z,2026-07-25T17:45:00+0200,6.56,EUR/MWh,DK1,DK_1,imbalance_price,Short,2026-08-23T05:51:55Z
2026-08-23T05:46:44Z,2026-08-23T07:46:44+0200,442f0342-0040-4db4-ac3f-85a7f822bcbf,2026-07-25T16:00:00Z,2026-07-25T18:00:00+0200,146.29,EUR/MWh,DK1,DK_1,imbalance_price,Long,2026-08-23T05:51:55Z
2026-08-23T05:46:44Z,2026-08-23T07:46:44+0200,442f0342-0040-4db4-ac3f-85a7f822bcbf,2026-07-25T16:00:00Z,2026-07-25T18:00:00+0200,146.29,EUR/MWh,DK1,DK_1,imbalance_price,Short,2026-08-23T05:51:55Z
2026-08-23T05:46:44Z,2026-08-23T07:46:44+0200,442f0342-0040-4db4-ac3f-85a7f822bcbf,2026-07-25T16:15:00Z,2026-07-25T18:15:00+0200,98.16,EUR/MWh,DK1,DK_1,imbalance_price,Long,2026-08-23T05:51:55Z
2026-08-23T05:46:44Z,2026-08-23T07:46:44+0200,442f0342-0040-4db4-ac3f-85a7f822bcbf,2026-07-25T16:15:00Z,2026-07-25T18:15:00+0200,98.16,EUR/MWh,DK1,DK_1,imbalance_price,Short,2026-08-23T05:51:55Z
2026-08-23T05:46:44Z,2026-08-23T07:46:44+0200,442f0342-0040-4db4-ac3f-85a7f822bcbf,2026-07-25T16:30:00Z,2026-07-25T18:30:00+0200,294.18,EUR/MWh,DK1,DK_1,imbalance_price,Long,2026-08-23T05:51:55Z
2026-08-23T05:46:44Z,2026-08-23T07:46:44+0200,442f0342-0040-4db4-ac3f-85a7f822bcbf,2026-07-25T16:30:00Z,2026-07-25T18:30:00+0200,294.18,EUR/MWh,DK1,DK_1,imbalance_price,Short,2026-08-23T05:51:55Z
2026-08-23T05:46:44Z,2026-08-23T07:46:44+0200,442f0342-0040-4db4-ac3f-85a7f822bcbf,2026-07-25T16:45:00Z,2026-07-25T18:45:00+0200,191.48,EUR/MWh,DK1,DK_1,imbalance_price,Long,2026-08-23T05:51:55Z
2026-08-23T05:46:44Z,2026-08-23T07:46:44+0200,442f0342-0040-4db4-ac3f-85a7f822bcbf,2026-07-25T16:45:00Z,2026-07-25T18:45:00+0200,191.48,EUR/MWh,DK1,DK_1,imbalance_price,Short,2026-08-23T05:51:55Z
2026-08-23T05:46:44Z,2026-08-23T07:46:44+0200,442f0342-0040-4db4-ac3f-85a7f822bcbf,2026-07-25T17:00:00Z,2026-07-25T19:00:00+0200,202.73,EUR/MWh,DK1,DK_1,imbalance_price,Long,2026-08-23T05:51:55Z
2026-08-23T05:46:44Z,2026-08-23T07:46:44+0200,442f0342-0040-4db4-ac3f-85a7f822bcbf,2026-07-25T17:00:00Z,2026-07-25T19:00:00+0200,202.73,EUR/MWh,DK1,DK_1,imbalance_price,Short,2026-08-23T05:51:55Z
2026-08-23T05:46:44Z,2026-08-23T07:46:44+0200,442f0342-0040-4db4-ac3f-85a7f822bcbf,2026-07-25T17:15:00Z,2026-07-25T19:15:00+0200,153.47,EUR/MWh,DK1,DK_1,imbalance_price,Long,2026-08-23T05:51:55Z
2026-08-23T05:46:44Z,2026-08-23T07:46:44+0200,442f0342-0040-4db4-ac3f-85a7f822bcbf,2026-07-25T17:15:00Z,2026-07-25T19:15:00+0200,153.47,EUR/MWh,DK1,DK_1,imbalance_price,Short,2026-08-23T05:51:55Z
2026-08-23T05:46:44Z,2026-08-23T07:46:44+0200,442f0342-0040-4db4-ac3f-85a7f822bcbf,2026-07-25T17:30:00Z,2026-07-25T19:30:00+0200,334.43,EUR/MWh,DK1,DK_1,imbalance_price,Long,2026-08-23T05:51:55Z
2026-08-23T05:46:44Z,2026-08-23T07:46:44+0200,442f0342-0040-4db4-ac3f-85a7f822bcbf,2026-07-25T17:30:00Z,2026-07-25T19:30:00+0200,334.43,EUR/MWh,DK1,DK_1,imbalance_price,Short,2026-08-23T05:51:55Z
2026-08-23T05:46:44Z,2026-08-23T07:46:44+0200,442f0342-0040-4db4-ac3f-85a7f822bcbf,2026-07-25T17:45:00Z,2026-07-25T19:45:00+0200,151.01,EUR/MWh,DK1,DK_1,imbalance_price,Long,2026-08-23T05:51:55Z
2026-08-23T05:46:44Z,2026-08-23T07:46:44+0200,442f0342-0040-4db4-ac3f-85a7f822bcbf,2026-07-25T17:45:00Z,2026-07-25T19:45:00+0200,151.01,EUR/MWh,DK1,DK_1,imbalance_price,Short,2026-08-23T05:51:55Z
2026-08-23T05:46:44Z,2026-08-23T07:46:44+0200,442f0342-0040-4db4-ac3f-85a7f822bcbf,2026-07-25T18:00:00Z,2026-07-25T20:00:00+0200,159.63,EUR/MWh,DK1,DK_1,imbalance_price,Long,2026-08-23T05:51:55Z
2026-08-23T05:46:44Z,2026-08-23T07:46:44+0200,442f0342-0040-4db4-ac3f-85a7f822bcbf,2026-07-25T18:00:00Z,2026-07-25T20:00:00+0200,159.63,EUR/MWh,DK1,DK_1,imbalance_price,Short,2026-08-23T05:51:55Z
2026-08-23T05:46:44Z,2026-08-23T07:46:44+0200,442f0342-0040-4db4-ac3f-85a7f822bcbf,2026-07-25T18:15:00Z,2026-07-25T20:15:00+0200,155.81,EUR/MWh,DK1,DK_1,imbalance_price,Long,2026-08-23T05:51:55Z
2026-08-23T05:46:44Z,2026-08-23T07:46:44+0200,442f0342-0040-4db4-ac3f-85a7f822bcbf,2026-07-25T18:15:00Z,2026-07-25T20:15:00+0200,155.81,EUR/MWh,DK1,DK_1,imbalance_price,Short,2026-08-23T05:51:55Z
2026-08-23T05:46:44Z,2026-08-23T07:46:44+0200,442f0342-0040-4db4-ac3f-85a7f822bcbf,2026-07-25T18:30:00Z,2026-07-25T20:30:00+0200,159.51,EUR/MWh,DK1,DK_1,imbalance_price,Long,2026-08-23T05:51:55Z
2026-08-23T05:46:44Z,2026-08-23T07:46:44+0200,442f0342-0040-4db4-ac3f-85a7f822bcbf,2026-07-25T18:30:00Z,2026-07-25T20:30:00+0200,159.51,EUR/MWh,DK1,DK_1,imbalance_price,Short,2026-08-23T05:51:55Z
2026-08-23T05:46:44Z,2026-08-23T07:46:44+0200,442f0342-0040-4db4-ac3f-85a7f822bcbf,2026-07-25T18:45:00Z,2026-07-25T20:45:00+0200,529.18,EUR/MWh,DK1,DK_1,imbalance_price,Long,2026-08-23T05:51:55Z
2026-08-23T05:46:44Z,2026-08-23T07:46:44+0200,442f0342-0040-4db4-ac3f-85a7f822bcbf,2026-07-25T18:45:00Z,2026-07-25T20:45:00+0200,529.18,EUR/MWh,DK1,DK_1,imbalance_price,Short,2026-08-23T05:51:55Z
2026-08-23T05:46:44Z,2026-08-23T07:46:44+0200,442f0342-0040-4db4-ac3f-85a7f822bcbf,2026-07-25T19:00:00Z,2026-07-25T21:00:00+0200,435.72,EUR/MWh,DK1,DK_1,imbalance_price,Long,2026-08-23T05:51:55Z
2026-08-23T05:46:44Z,2026-08-23T07:46:44+0200,442f0342-0040-4db4-ac3f-85a7f822bcbf,2026-07-25T19:00:00Z,2026-07-25T21:00:00+0200,435.72,EUR/MWh,DK1,DK_1,imbalance_price,Short,2026-08-23T05:51:55Z
2026-08-23T05:46:44Z,2026-08-23T07:46:44+0200,442f0342-0040-4db4-ac3f-85a7f822bcbf,2026-07-25T19:15:00Z,2026-07-25T21:15:00+0200,535.07,EUR/MWh,DK1,DK_1,imbalance_price,Long,2026-08-23T05:51:55Z
2026-08-23T05:46:44Z,2026-08-23T07:46:44+0200,442f0342-0040-4db4-ac3f-85a7f822bcbf,2026-07-25T19:15:00Z,2026-07-25T21:15:00+0200,535.07,EUR/MWh,DK1,DK_1,imbalance_price,Short,2026-08-23T05:51:55Z
2026-08-23T05:46:44Z,2026-08-23T07:46:44+0200,442f0342-0040-4db4-ac3f-85a7f822bcbf,2026-07-25T19:30:00Z,2026-07-25T21:30:00+0200,334.45,EUR/MWh,DK1,DK_1,imbalance_price,Long,2026-08-23T05:51:55Z
2026-08-23T05:46:44Z,2026-08-23T07:46:44+0200,442f0342-0040-4db4-ac3f-85a7f822bcbf,2026-07-25T19:30:00Z,2026-07-25T21:30:00+0200,334.45,EUR/MWh,DK1,DK_1,imbalance_price,Short,2026-08-23T05:51:55Z
2026-08-23T05:46:44Z,2026-08-23T07:46:44+0200,442f0342-0040-4db4-ac3f-85a7f822bcbf,2026-07-25T19:45:00Z,2026-07-25T21:45:00+0200,164.78,EUR/MWh,DK1,DK_1,imbalance_price,Long,2026-08-23T05:51:55Z
2026-08-23T05:46:44Z,2026-08-23T07:46:44+0200,442f0342-0040-4db4-ac3f-85a7f822bcbf,2026-07-25T19:45:00Z,2026-07-25T21:45:00+0200,164.78,EUR/MWh,DK1,DK_1,imbalance_price,Short,2026-08-23T05:51:55Z
2026-08-23T05:46:44Z,2026-08-23T07:46:44+0200,442f0342-0040-4db4-ac3f-85a7f822bcbf,2026-07-25T20:00:00Z,2026-07-25T22:00:00+0200,51.37,EUR/MWh,DK1,DK_1,imbalance_price,Long,2026-08-23T05:51:55Z
2026-08-23T05:46:44Z,2026-08-23T07:46:44+0200,442f0342-0040-4db4-ac3f-85a7f822bcbf,2026-07-25T20:00:00Z,2026-07-25T22:00:00+0200,51.37,EUR/MWh,DK1,DK_1,imbalance_price,Short,2026-08-23T05:51:55Z
2026-08-23T05:46:44Z,2026-08-23T07:46:44+0200,442f0342-0040-4db4-ac3f-85a7f822bcbf,2026-07-25T20:15:00Z,2026-07-25T22:15:00+0200,97.09,EUR/MWh,DK1,DK_1,imbalance_price,Long,2026-08-23T05:51:55Z
2026-08-23T05:46:44Z,2026-08-23T07:46:44+0200,442f0342-0040-4db4-ac3f-85a7f822bcbf,2026-07-25T20:15:00Z,2026-07-25T22:15:00+0200,97.09,EUR/MWh,DK1,DK_1,imbalance_price,Short,2026-08-23T05:51:55Z
2026-08-23T05:46:44Z,2026-08-23T07:46:44+0200,442f0342-0040-4db4-ac3f-85a7f822bcbf,2026-07-25T20:30:00Z,2026-07-25T22:30:00+0200,97.09,EUR/MWh,DK1,DK_1,imbalance_price,Long,2026-08-23T05:51:55Z
2026-08-23T05:46:44Z,2026-08-23T07:46:44+0200,442f0342-0040-4db4-ac3f-85a7f822bcbf,2026-07-25T20:30:00Z,2026-07-25T22:30:00+0200,97.09,EUR/MWh,DK1,DK_1,imbalance_price,Short,2026-08-23T05:51:55Z
2026-08-23T05:46:44Z,2026-08-23T07:46:44+0200,442f0342-0040-4db4-ac3f-85a7f822bcbf,2026-07-25T20:45:00Z,2026-07-25T22:45:00+0200,158.56,EUR/MWh,DK1,DK_1,imbalance_price,Long,2026-08-23T05:51:55Z
2026-08-23T05:46:44Z,2026-08-23T07:46:44+0200,442f0342-0040-4db4-ac3f-85a7f822bcbf,2026-07-25T20:45:00Z,2026-07-25T22:45:00+0200,158.56,EUR/MWh,DK1,DK_1,imbalance_price,Short,2026-08-23T05:51:55Z
2026-08-23T05:46:44Z,2026-08-23T07:46:44+0200,442f0342-0040-4db4-ac3f-85a7f822bcbf,2026-07-25T21:00:00Z,2026-07-25T23:00:00+0200,96.09,EUR/MWh,DK1,DK_1,imbalance_price,Long,2026-08-23T05:51:55Z
2026-08-23T05:46:44Z,2026-08-23T07:46:44+0200,442f0342-0040-4db4-ac3f-85a7f822bcbf,2026-07-25T21:00:00Z,2026-07-25T23:00:00+0200,96.09,EUR/MWh,DK1,DK_1,imbalance_price,Short,2026-08-23T05:51:55Z
2026-08-23T05:46:44Z,2026-08-23T07:46:44+0200,442f0342-0040-4db4-ac3f-85a7f822bcbf,2026-07-25T21:15:00Z,2026-07-25T23:15:00+0200,240.84,EUR/MWh,DK1,DK_1,imbalance_price,Long,2026-08-23T05:51:55Z
2026-08-23T05:46:44Z,2026-08-23T07:46:44+0200,442f0342-0040-4db4-ac3f-85a7f822bcbf,2026-07-25T21:15:00Z,2026-07-25T23:15:00+0200,240.84,EUR/MWh,DK1,DK_1,imbalance_price,Short,2026-08-23T05:51:55Z
2026-08-23T05:46:44Z,2026-08-23T07:46:44+0200,442f0342-0040-4db4-ac3f-85a7f822bcbf,2026-07-25T21:30:00Z,2026-07-25T23:30:00+0200,267.42,EUR/MWh,DK1,DK_1,imbalance_price,Long,2026-08-23T05:51:55Z
2026-08-23T05:46:44Z,2026-08-23T07:46:44+0200,442f0342-0040-4db4-ac3f-85a7f822bcbf,2026-07-25T21:30:00Z,2026-07-25T23:30:00+0200,267.42,EUR/MWh,DK1,DK_1,imbalance_price,Short,2026-08-23T05:51:55Z
2026-08-23T05:46:44Z,2026-08-23T07:46:44+0200,442f0342-0040-4db4-ac3f-85a7f822bcbf,2026-07-25T21:45:00Z,2026-07-25T23:45:00+0200,152.19,EUR/MWh,DK1,DK_1,imbalance_price,Long,2026-08-23T05:51:55Z
2026-08-23T05:46:44Z,2026-08-23T07:46:44+0200,442f0342-0040-4db4-ac3f-85a7f822bcbf,2026-07-25T21:45:00Z,2026-07-25T23:45:00+0200,152.19,EUR/MWh,DK1,DK_1,imbalance_price,Short,2026-08-23T05:51:55Z
2026-08-23T05:46:44Z,2026-08-23T07:46:44+0200,442f0342-0040-4db4-ac3f-85a7f822bcbf,2026-07-25T22:00:00Z,2026-07-26T00:00:00+0200,100.43,EUR/MWh,DK1,DK_1,imbalance_price,Long,2026-08-23T05:51:55Z
2026-08-23T05:46:44Z,2026-08-23T07:46:44+0200,442f0342-0040-4db4-ac3f-85a7f822bcbf,2026-07-25T22:00:00Z,2026-07-26T00:00:00+0200,100.43,EUR/MWh,DK1,DK_1,imbalance_price,Short,2026-08-23T05:51:55Z
2026-08-23T05:46:44Z,2026-08-23T07:46:44+0200,442f0342-0040-4db4-ac3f-85a7f822bcbf,2026-07-25T22:15:00Z,2026-07-26T00:15:00+0200,95.82,EUR/MWh,DK1,DK_1,imbalance_price,Long,2026-08-23T05:51:55Z
2026-08-23T05:46:44Z,2026-08-23T07:46:44+0200,442f0342-0040-4db4-ac3f-85a7f822bcbf,2026-07-25T22:15:00Z,2026-07-26T00:15:00+0200,95.82,EUR/MWh,DK1,DK_1,imbalance_price,Short,2026-08-23T05:51:55Z
2026-08-23T05:46:44Z,2026-08-23T07:46:44+0200,442f0342-0040-4db4-ac3f-85a7f822bcbf,2026-07-25T22:30:00Z,2026-07-26T00:30:00+0200,97.13,EUR/MWh,DK1,DK_1,imbalance_price,Long,2026-08-23T05:51:55Z
2026-08-23T05:46:44Z,2026-08-23T07:46:44+0200,442f0342-0040-4db4-ac3f-85a7f822bcbf,2026-07-25T22:30:00Z,2026-07-26T00:30:00+0200,97.13,EUR/MWh,DK1,DK_1,imbalance_price,Short,2026-08-23T05:51:55Z
2026-08-23T05:46:44Z,2026-08-23T07:46:44+0200,442f0342-0040-4db4-ac3f-85a7f822bcbf,2026-07-25T22:45:00Z,2026-07-26T00:45:00+0200,130.74,EUR/MWh,DK1,DK_1,imbalance_price,Long,2026-08-23T05:51:55Z
2026-08-23T05:46:44Z,2026-08-23T07:46:44+0200,442f0342-0040-4db4-ac3f-85a7f822bcbf,2026-07-25T22:45:00Z,2026-07-26T00:45:00+0200,130.74,EUR/MWh,DK1,DK_1,imbalance_price,Short,2026-08-23T05:51:55Z
2026-08-23T05:46:44Z,2026-08-23T07:46:44+0200,442f0342-0040-4db4-ac3f-85a7f822bcbf,2026-07-25T23:00:00Z,2026-07-26T01:00:00+0200,100.53,EUR/MWh,DK1,DK_1,imbalance_price,Long,2026-08-23T05:51:55Z
2026-08-23T05:46:44Z,2026-08-23T07:46:44+0200,442f0342-0040-4db4-ac3f-85a7f822bcbf,2026-07-25T23:00:00Z,2026-07-26T01:00:00+0200,100.53,EUR/MWh,DK1,DK_1,imbalance_price,Short,2026-08-23T05:51:55Z
2026-08-23T05:46:44Z,2026-08-23T07:46:44+0200,442f0342-0040-4db4-ac3f-85a7f822bcbf,2026-07-25T23:15:00Z,2026-07-26T01:15:00+0200,99.24,EUR/MWh,DK1,DK_1,imbalance_price,Long,2026-08-23T05:51:55Z
2026-08-23T05:46:44Z,2026-08-23T07:46:44+0200,442f0342-0040-4db4-ac3f-85a7f822bcbf,2026-07-25T23:15:00Z,2026-07-26T01:15:00+0200,99.24,EUR/MWh,DK1,DK_1,imbalance_price,Short,2026-08-23T05:51:55Z
2026-08-23T05:46:44Z,2026-08-23T07:46:44+0200,442f0342-0040-4db4-ac3f-85a7f822bcbf,2026-07-25T23:30:00Z,2026-07-26T01:30:00+0200,144.81,EUR/MWh,DK1,DK_1,imbalance_price,Long,2026-08-23T05:51:55Z
2026-08-23T05:46:44Z,2026-08-23T07:46:44+0200,442f0342-0040-4db4-ac3f-85a7f822bcbf,2026-07-25T23:30:00Z,2026-07-26T01:30:00+0200,144.81,EUR/MWh,DK1,DK_1,imbalance_price,Short,2026-08-23T05:51:55Z
2026-08-23T05:46:44Z,2026-08-23T07:46:44+0200,442f0342-0040-4db4-ac3f-85a7f822bcbf,2026-07-25T23:45:00Z,2026-07-26T01:45:00+0200,144.52,EUR/MWh,DK1,DK_1,imbalance_price,Long,2026-08-23T05:51:55Z
2026-08-23T05:46:44Z,2026-08-23T07:46:44+0200,442f0342-0040-4db4-ac3f-85a7f822bcbf,2026-07-25T23:45:00Z,2026-07-26T01:45:00+0200,144.52,EUR/MWh,DK1,DK_1,imbalance_price,Short,2026-08-23T05:51:55Z
2026-08-23T05:46:44Z,2026-08-23T07:46:44+0200,442f0342-0040-4db4-ac3f-85a7f822bcbf,2026-07-26T00:00:00Z,2026-07-26T02:00:00+0200,97.09,EUR/MWh,DK1,DK_1,imbalance_price,Long,2026-08-23T05:51:55Z
2026-08-23T05:46:44Z,2026-08-23T07:46:44+0200,442f0342-0040-4db4-ac3f-85a7f822bcbf,2026-07-26T00:00:00Z,2026-07-26T02:00:00+0200,97.09,EUR/MWh,DK1,DK_1,imbalance_price,Short,2026-08-23T05:51:55Z
2026-08-23T05:46:44Z,2026-08-23T07:46:44+0200,442f0342-0040-4db4-ac3f-85a7f822bcbf,2026-07-26T00:15:00Z,2026-07-26T02:15:00+0200,97.04,EUR/MWh,DK1,DK_1,imbalance_price,Long,2026-08-23T05:51:55Z
2026-08-23T05:46:44Z,2026-08-23T07:46:44+0200,442f0342-0040-4db4-ac3f-85a7f822bcbf,2026-07-26T00:15:00Z,2026-07-26T02:15:00+0200,97.04,EUR/MWh,DK1,DK_1,imbalance_price,Short,2026-08-23T05:51:55Z
2026-08-23T05:46:44Z,2026-08-23T07:46:44+0200,442f0342-0040-4db4-ac3f-85a7f822bcbf,2026-07-26T00:30:00Z,2026-07-26T02:30:00+0200,97.13,EUR/MWh,DK1,DK_1,imbalance_price,Long,2026-08-23T05:51:55Z
2026-08-23T05:46:44Z,2026-08-23T07:46:44+0200,442f0342-0040-4db4-ac3f-85a7f822bcbf,2026-07-26T00:30:00Z,2026-07-26T02:30:00+0200,97.13,EUR/MWh,DK1,DK_1,imbalance_price,Short,2026-08-23T05:51:55Z
2026-08-23T05:46:44Z,2026-08-23T07:46:44+0200,442f0342-0040-4db4-ac3f-85a7f822bcbf,2026-07-26T00:45:00Z,2026-07-26T02:45:00+0200,97.13,EUR/MWh,DK1,DK_1,imbalance_price,Long,2026-08-23T05:51:55Z
2026-08-23T05:46:44Z,2026-08-23T07:46:44+0200,442f0342-0040-4db4-ac3f-85a7f822bcbf,2026-07-26T00:45:00Z,2026-07-26T02:45:00+0200,97.13,EUR/MWh,DK1,DK_1,imbalance_price,Short,2026-08-23T05:51:55Z
2026-08-23T05:46:44Z,2026-08-23T07:46:44+0200,442f0342-0040-4db4-ac3f-85a7f822bcbf,2026-07-26T01:00:00Z,2026-07-26T03:00:00+0200,97.13,EUR/MWh,DK1,DK_1,imbalance_price,Long,2026-08-23T05:51:55Z
2026-08-23T05:46:44Z,2026-08-23T07:46:44+0200,442f0342-0040-4db4-ac3f-85a7f822bcbf,2026-07-26T01:00:00Z,2026-07-26T03:00:00+0200,97.13,EUR/MWh,DK1,DK_1,imbalance_price,Short,2026-08-23T05:51:55Z
2026-08-23T05:46:44Z,2026-08-23T07:46:44+0200,442f0342-0040-4db4-ac3f-85a7f822bcbf,2026-07-26T01:15:00Z,2026-07-26T03:15:00+0200,96.95,EUR/MWh,DK1,DK_1,imbalance_price,Long,2026-08-23T05:51:55Z
2026-08-23T05:46:44Z,2026-08-23T07:46:44+0200,442f0342-0040-4db4-ac3f-85a7f822bcbf,2026-07-26T01:15:00Z,2026-07-26T03:15:00+0200,96.95,EUR/MWh,DK1,DK_1,imbalance_price,Short,2026-08-23T05:51:55Z
2026-08-23T05:46:44Z,2026-08-23T07:46:44+0200,442f0342-0040-4db4-ac3f-85a7f822bcbf,2026-07-26T01:30:00Z,2026-07-26T03:30:00+0200,95.99,EUR/MWh,DK1,DK_1,imbalance_price,Long,2026-08-23T05:51:55Z
2026-08-23T05:46:44Z,2026-08-23T07:46:44+0200,442f0342-0040-4db4-ac3f-85a7f822bcbf,2026-07-26T01:30:00Z,2026-07-26T03:30:00+0200,95.99,EUR/MWh,DK1,DK_1,imbalance_price,Short,2026-08-23T05:51:55Z
2026-08-23T05:46:44Z,2026-08-23T07:46:44+0200,442f0342-0040-4db4-ac3f-85a7f822bcbf,2026-07-26T01:45:00Z,2026-07-26T03:45:00+0200,97.13,EUR/MWh,DK1,DK_1,imbalance_price,Long,2026-08-23T05:51:55Z
2026-08-23T05:46:44Z,2026-08-23T07:46:44+0200,442f0342-0040-4db4-ac3f-85a7f822bcbf,2026-07-26T01:45:00Z,2026-07-26T03:45:00+0200,97.13,EUR/MWh,DK1,DK_1,imbalance_price,Short,2026-08-23T05:51:55Z
2026-08-23T05:46:44Z,2026-08-23T07:46:44+0200,442f0342-0040-4db4-ac3f-85a7f822bcbf,2026-07-26T02:00:00Z,2026-07-26T04:00:00+0200,97.13,EUR/MWh,DK1,DK_1,imbalance_price,Long,2026-08-23T05:51:55Z
2026-08-23T05:46:44Z,2026-08-23T07:46:44+0200,442f0342-0040-4db4-ac3f-85a7f822bcbf,2026-07-26T02:00:00Z,2026-07-26T04:00:00+0200,97.13,EUR/MWh,DK1,DK_1,imbalance_price,Short,2026-08-23T05:51:55Z
2026-08-23T05:46:44Z,2026-08-23T07:46:44+0200,442f0342-0040-4db4-ac3f-85a7f822bcbf,2026-07-26T02:15:00Z,2026-07-26T04:15:00+0200,97.13,EUR/MWh,DK1,DK_1,imbalance_price,Long,2026-08-23T05:51:55Z
2026-08-23T05:46:44Z,2026-08-23T07:46:44+0200,442f0342-0040-4db4-ac3f-85a7f822bcbf,2026-07-26T02:15:00Z,2026-07-26T04:15:00+0200,97.13,EUR/MWh,DK1,DK_1,imbalance_price,Short,2026-08-23T05:51:55Z
2026-08-23T05:46:44Z,2026-08-23T07:46:44+0200,442f0342-0040-4db4-ac3f-85a7f822bcbf,2026-07-26T02:30:00Z,2026-07-26T04:30:00+0200,96.95,EUR/MWh,DK1,DK_1,imbalance_price,Long,2026-08-23T05:51:55Z
2026-08-23T05:46:44Z,2026-08-23T07:46:44+0200,442f0342-0040-4db4-ac3f-85a7f822bcbf,2026-07-26T02:30:00Z,2026-07-26T04:30:00+0200,96.95,EUR/MWh,DK1,DK_1,imbalance_price,Short,2026-08-23T05:51:55Z
2026-08-23T05:46:44Z,2026-08-23T07:46:44+0200,442f0342-0040-4db4-ac3f-85a7f822bcbf,2026-07-26T02:45:00Z,2026-07-26T04:45:00+0200,82.29,EUR/MWh,DK1,DK_1,imbalance_price,Long,2026-08-23T05:51:55Z
2026-08-23T05:46:44Z,2026-08-23T07:46:44+0200,442f0342-0040-4db4-ac3f-85a7f822bcbf,2026-07-26T02:45:00Z,2026-07-26T04:45:00+0200,82.29,EUR/MWh,DK1,DK_1,imbalance_price,Short,2026-08-23T05:51:55Z
2026-08-23T05:46:44Z,2026-08-23T07:46:44+0200,442f0342-0040-4db4-ac3f-85a7f822bcbf,2026-07-26T03:00:00Z,2026-07-26T05:00:00+0200,88.71,EUR/MWh,DK1,DK_1,imbalance_price,Long,2026-08-23T05:51:55Z
2026-08-23T05:46:44Z,2026-08-23T07:46:44+0200,442f0342-0040-4db4-ac3f-85a7f822bcbf,2026-07-26T03:00:00Z,2026-07-26T05:00:00+0200,88.71,EUR/MWh,DK1,DK_1,imbalance_price,Short,2026-08-23T05:51:55Z
2026-08-23T05:46:44Z,2026-08-23T07:46:44+0200,442f0342-0040-4db4-ac3f-85a7f822bcbf,2026-07-26T03:15:00Z,2026-07-26T05:15:00+0200,97.13,EUR/MWh,DK1,DK_1,imbalance_price,Long,2026-08-23T05:51:55Z
2026-08-23T05:46:44Z,2026-08-23T07:46:44+0200,442f0342-0040-4db4-ac3f-85a7f822bcbf,2026-07-26T03:15:00Z,2026-07-26T05:15:00+0200,97.13,EUR/MWh,DK1,DK_1,imbalance_price,Short,2026-08-23T05:51:55Z
2026-08-23T05:46:44Z,2026-08-23T07:46:44+0200,442f0342-0040-4db4-ac3f-85a7f822bcbf,2026-07-26T03:30:00Z,2026-07-26T05:30:00+0200,93.09,EUR/MWh,DK1,DK_1,imbalance_price,Long,2026-08-23T05:51:55Z
2026-08-23T05:46:44Z,2026-08-23T07:46:44+0200,442f0342-0040-4db4-ac3f-85a7f822bcbf,2026-07-26T03:30:00Z,2026-07-26T05:30:00+0200,93.09,EUR/MWh,DK1,DK_1,imbalance_price,Short,2026-08-23T05:51:55Z
2026-08-23T05:46:44Z,2026-08-23T07:46:44+0200,442f0342-0040-4db4-ac3f-85a7f822bcbf,2026-07-26T03:45:00Z,2026-07-26T05:45:00+0200,134.0,EUR/MWh,DK1,DK_1,imbalance_price,Long,2026-08-23T05:51:55Z
2026-08-23T05:46:44Z,2026-08-23T07:46:44+0200,442f0342-0040-4db4-ac3f-85a7f822bcbf,2026-07-26T03:45:00Z,2026-07-26T05:45:00+0200,134.0,EUR/MWh,DK1,DK_1,imbalance_price,Short,2026-08-23T05:51:55Z
2026-08-23T05:46:44Z,2026-08-23T07:46:44+0200,442f0342-0040-4db4-ac3f-85a7f822bcbf,2026-07-26T04:00:00Z,2026-07-26T06:00:00+0200,70.31,EUR/MWh,DK1,DK_1,imbalance_price,Long,2026-08-23T05:51:55Z
2026-08-23T05:46:44Z,2026-08-23T07:46:44+0200,442f0342-0040-4db4-ac3f-85a7f822bcbf,2026-07-26T04:00:00Z,2026-07-26T06:00:00+0200,70.31,EUR/MWh,DK1,DK_1,imbalance_price,Short,2026-08-23T05:51:55Z
2026-08-23T05:46:44Z,2026-08-23T07:46:44+0200,442f0342-0040-4db4-ac3f-85a7f822bcbf,2026-07-26T04:15:00Z,2026-07-26T06:15:00+0200,102.1,EUR/MWh,DK1,DK_1,imbalance_price,Long,2026-08-23T05:51:55Z
2026-08-23T05:46:44Z,2026-08-23T07:46:44+0200,442f0342-0040-4db4-ac3f-85a7f822bcbf,2026-07-26T04:15:00Z,2026-07-26T06:15:00+0200,102.1,EUR/MWh,DK1,DK_1,imbalance_price,Short,2026-08-23T05:51:55Z
2026-08-23T05:46:44Z,2026-08-23T07:46:44+0200,442f0342-0040-4db4-ac3f-85a7f822bcbf,2026-07-26T04:30:00Z,2026-07-26T06:30:00+0200,46.83,EUR/MWh,DK1,DK_1,imbalance_price,Long,2026-08-23T05:51:55Z
2026-08-23T05:46:44Z,2026-08-23T07:46:44+0200,442f0342-0040-4db4-ac3f-85a7f822bcbf,2026-07-26T04:30:00Z,2026-07-26T06:30:00+0200,46.83,EUR/MWh,DK1,DK_1,imbalance_price,Short,2026-08-23T05:51:55Z
2026-08-23T05:46:44Z,2026-08-23T07:46:44+0200,442f0342-0040-4db4-ac3f-85a7f822bcbf,2026-07-26T04:45:00Z,2026-07-26T06:45:00+0200,47.59,EUR/MWh,DK1,DK_1,imbalance_price,Long,2026-08-23T05:51:55Z
2026-08-23T05:46:44Z,2026-08-23T07:46:44+0200,442f0342-0040-4db4-ac3f-85a7f822bcbf,2026-07-26T04:45:00Z,2026-07-26T06:45:00+0200,47.59,EUR/MWh,DK1,DK_1,imbalance_price,Short,2026-08-23T05:51:55Z
2026-08-23T05:46:44Z,2026-08-23T07:46:44+0200,442f0342-0040-4db4-ac3f-85a7f822bcbf,2026-07-26T05:00:00Z,2026-07-26T07:00:00+0200,46.83,EUR/MWh,DK1,DK_1,imbalance_price,Long,2026-08-23T05:51:55Z
2026-08-23T05:46:44Z,2026-08-23T07:46:44+0200,442f0342-0040-4db4-ac3f-85a7f822bcbf,2026-07-26T05:00:00Z,2026-07-26T07:00:00+0200,46.83,EUR/MWh,DK1,DK_1,imbalance_price,Short,2026-08-23T05:51:55Z
2026-08-23T05:46:44Z,2026-08-23T07:46:44+0200,442f0342-0040-4db4-ac3f-85a7f822bcbf,2026-07-26T05:15:00Z,2026-07-26T07:15:00+0200,112.82,EUR/MWh,DK1,DK_1,imbalance_price,Long,2026-08-23T05:51:55Z
2026-08-23T05:46:44Z,2026-08-23T07:46:44+0200,442f0342-0040-4db4-ac3f-85a7f822bcbf,2026-07-26T05:15:00Z,2026-07-26T07:15:00+0200,112.82,EUR/MWh,DK1,DK_1,imbalance_price,Short,2026-08-23T05:51:55Z
2026-08-23T05:46:44Z,2026-08-23T07:46:44+0200,442f0342-0040-4db4-ac3f-85a7f822bcbf,2026-07-26T05:30:00Z,2026-07-26T07:30:00+0200,10.65,EUR/MWh,DK1,DK_1,imbalance_price,Long,2026-08-23T05:51:55Z
2026-08-23T05:46:44Z,2026-08-23T07:46:44+0200,442f0342-0040-4db4-ac3f-85a7f822bcbf,2026-07-26T05:30:00Z,2026-07-26T07:30:00+0200,10.65,EUR/MWh,DK1,DK_1,imbalance_price,Short,2026-08-23T05:51:55Z
2026-08-23T05:46:44Z,2026-08-23T07:46:44+0200,442f0342-0040-4db4-ac3f-85a7f822bcbf,2026-07-26T05:45:00Z,2026-07-26T07:45:00+0200,0.0,EUR/MWh,DK1,DK_1,imbalance_price,Long,2026-08-23T05:51:55Z
2026-08-23T05:46:44Z,2026-08-23T07:46:44+0200,442f0342-0040-4db4-ac3f-85a7f822bcbf,2026-07-26T05:45:00Z,2026-07-26T07:45:00+0200,0.0,EUR/MWh,DK1,DK_1,imbalance_price,Short,2026-08-23T05:51:55Z
2026-08-23T05:46:44Z,2026-08-23T07:46:44+0200,442f0342-0040-4db4-ac3f-85a7f822bcbf,2026-07-26T06:00:00Z,2026-07-26T08:00:00+0200,1.86,EUR/MWh,DK1,DK_1,imbalance_price,Long,2026-08-23T05:51:55Z
2026-08-23T05:46:44Z,2026-08-23T07:46:44+0200,442f0342-0040-4db4-ac3f-85a7f822bcbf,2026-07-26T06:00:00Z,2026-07-26T08:00:00+0200,1.86,EUR/MWh,DK1,DK_1,imbalance_price,Short,2026-08-23T05:51:55Z
2026-08-23T05:46:44Z,2026-08-23T07:46:44+0200,442f0342-0040-4db4-ac3f-85a7f822bcbf,2026-07-26T06:15:00Z,2026-07-26T08:15:00+0200,8.18,EUR/MWh,DK1,DK_1,imbalance_price,Long,2026-08-23T05:51:55Z
2026-08-23T05:46:44Z,2026-08-23T07:46:44+0200,442f0342-0040-4db4-ac3f-85a7f822bcbf,2026-07-26T06:15:00Z,2026-07-26T08:15:00+0200,8.18,EUR/MWh,DK1,DK_1,imbalance_price,Short,2026-08-23T05:51:55Z
2026-08-23T05:46:44Z,2026-08-23T07:46:44+0200,442f0342-0040-4db4-ac3f-85a7f822bcbf,2026-07-26T06:30:00Z,2026-07-26T08:30:00+0200,0.0,EUR/MWh,DK1,DK_1,imbalance_price,Long,2026-08-23T05:51:55Z
2026-08-23T05:46:44Z,2026-08-23T07:46:44+0200,442f0342-0040-4db4-ac3f-85a7f822bcbf,2026-07-26T06:30:00Z,2026-07-26T08:30:00+0200,0.0,EUR/MWh,DK1,DK_1,imbalance_price,Short,2026-08-23T05:51:55Z
2026-08-23T05:46:44Z,2026-08-23T07:46:44+0200,442f0342-0040-4db4-ac3f-85a7f822bcbf,2026-07-26T06:45:00Z,2026-07-26T08:45:00+0200,-2.0,EUR/MWh,DK1,DK_1,imbalance_price,Long,2026-08-23T05:51:55Z
2026-08-23T05:46:44Z,2026-08-23T07:46:44+0200,442f0342-0040-4db4-ac3f-85a7f822bcbf,2026-07-26T06:45:00Z,2026-07-26T08:45:00+0200,-2.0,EUR/MWh,DK1,DK_1,imbalance_price,Short,2026-08-23T05:51:55Z
2026-08-23T05:46:44Z,2026-08-23T07:46:44+0200,442f0342-0040-4db4-ac3f-85a7f822bcbf,2026-07-26T07:00:00Z,2026-07-26T09:00:00+0200,-4.43,EUR/MWh,DK1,DK_1,imbalance_price,Long,2026-08-23T05:51:55Z
2026-08-23T05:46:44Z,2026-08-23T07:46:44+0200,442f0342-0040-4db4-ac3f-85a7f822bcbf,2026-07-26T07:00:00Z,2026-07-26T09:00:00+0200,-4.43,EUR/MWh,DK1,DK_1,imbalance_price,Short,2026-08-23T05:51:55Z
2026-08-23T05:46:44Z,2026-08-23T07:46:44+0200,442f0342-0040-4db4-ac3f-85a7f822bcbf,2026-07-26T07:15:00Z,2026-07-26T09:15:00+0200,-5.0,EUR/MWh,DK1,DK_1,imbalance_price,Long,2026-08-23T05:51:55Z
2026-08-23T05:46:44Z,2026-08-23T07:46:44+0200,442f0342-0040-4db4-ac3f-85a7f822bcbf,2026-07-26T07:15:00Z,2026-07-26T09:15:00+0200,-5.0,EUR/MWh,DK1,DK_1,imbalance_price,Short,2026-08-23T05:51:55Z
2026-08-23T05:46:44Z,2026-08-23T07:46:44+0200,442f0342-0040-4db4-ac3f-85a7f822bcbf,2026-07-26T07:30:00Z,2026-07-26T09:30:00+0200,-4.72,EUR/MWh,DK1,DK_1,imbalance_price,Long,2026-08-23T05:51:55Z
2026-08-23T05:46:44Z,2026-08-23T07:46:44+0200,442f0342-0040-4db4-ac3f-85a7f822bcbf,2026-07-26T07:30:00Z,2026-07-26T09:30:00+0200,-4.72,EUR/MWh,DK1,DK_1,imbalance_price,Short,2026-08-23T05:51:55Z
2026-08-23T05:46:44Z,2026-08-23T07:46:44+0200,442f0342-0040-4db4-ac3f-85a7f822bcbf,2026-07-26T07:45:00Z,2026-07-26T09:45:00+0200,-7.42,EUR/MWh,DK1,DK_1,imbalance_price,Long,2026-08-23T05:51:55Z
2026-08-23T05:46:44Z,2026-08-23T07:46:44+0200,442f0342-0040-4db4-ac3f-85a7f822bcbf,2026-07-26T07:45:00Z,2026-07-26T09:45:00+0200,-7.42,EUR/MWh,DK1,DK_1,imbalance_price,Short,2026-08-23T05:51:55Z
2026-08-23T05:46:44Z,2026-08-23T07:46:44+0200,442f0342-0040-4db4-ac3f-85a7f822bcbf,2026-07-26T08:00:00Z,2026-07-26T10:00:00+0200,-4.2,EUR/MWh,DK1,DK_1,imbalance_price,Long,2026-08-23T05:51:55Z
2026-08-23T05:46:44Z,2026-08-23T07:46:44+0200,442f0342-0040-4db4-ac3f-85a7f822bcbf,2026-07-26T08:00:00Z,2026-07-26T10:00:00+0200,-4.2,EUR/MWh,DK1,DK_1,imbalance_price,Short,2026-08-23T05:51:55Z
2026-08-23T05:46:44Z,2026-08-23T07:46:44+0200,442f0342-0040-4db4-ac3f-85a7f822bcbf,2026-07-26T08:15:00Z,2026-07-26T10:15:00+0200,9.1,EUR/MWh,DK1,DK_1,imbalance_price,Long,2026-08-23T05:51:55Z
2026-08-23T05:46:44Z,2026-08-23T07:46:44+0200,442f0342-0040-4db4-ac3f-85a7f822bcbf,2026-07-26T08:15:00Z,2026-07-26T10:15:00+0200,9.1,EUR/MWh,DK1,DK_1,imbalance_price,Short,2026-08-23T05:51:55Z
2026-08-23T05:46:44Z,2026-08-23T07:46:44+0200,442f0342-0040-4db4-ac3f-85a7f822bcbf,2026-07-26T08:30:00Z,2026-07-26T10:30:00+0200,-6.13,EUR/MWh,DK1,DK_1,imbalance_price,Long,2026-08-23T05:51:55Z
2026-08-23T05:46:44Z,2026-08-23T07:46:44+0200,442f0342-0040-4db4-ac3f-85a7f822bcbf,2026-07-26T08:30:00Z,2026-07-26T10:30:00+0200,-6.13,EUR/MWh,DK1,DK_1,imbalance_price,Short,2026-08-23T05:51:55Z
2026-08-23T05:46:44Z,2026-08-23T07:46:44+0200,442f0342-0040-4db4-ac3f-85a7f822bcbf,2026-07-26T08:45:00Z,2026-07-26T10:45:00+0200,-6.22,EUR/MWh,DK1,DK_1,imbalance_price,Long,2026-08-23T05:51:55Z
2026-08-23T05:46:44Z,2026-08-23T07:46:44+0200,442f0342-0040-4db4-ac3f-85a7f822bcbf,2026-07-26T08:45:00Z,2026-07-26T10:45:00+0200,-6.22,EUR/MWh,DK1,DK_1,imbalance_price,Short,2026-08-23T05:51:55Z
2026-08-23T05:46:44Z,2026-08-23T07:46:44+0200,442f0342-0040-4db4-ac3f-85a7f822bcbf,2026-07-26T09:00:00Z,2026-07-26T11:00:00+0200,0.0,EUR/MWh,DK1,DK_1,imbalance_price,Long,2026-08-23T05:51:55Z
2026-08-23T05:46:44Z,2026-08-23T07:46:44+0200,442f0342-0040-4db4-ac3f-85a7f822bcbf,2026-07-26T09:00:00Z,2026-07-26T11:00:00+0200,0.0,EUR/MWh,DK1,DK_1,imbalance_price,Short,2026-08-23T05:51:55Z
2026-08-23T05:46:44Z,2026-08-23T07:46:44+0200,442f0342-0040-4db4-ac3f-85a7f822bcbf,2026-07-26T09:15:00Z,2026-07-26T11:15:00+0200,15.12,EUR/MWh,DK1,DK_1,imbalance_price,Long,2026-08-23T05:51:55Z
2026-08-23T05:46:44Z,2026-08-23T07:46:44+0200,442f0342-0040-4db4-ac3f-85a7f822bcbf,2026-07-26T09:15:00Z,2026-07-26T11:15:00+0200,15.12,EUR/MWh,DK1,DK_1,imbalance_price,Short,2026-08-23T05:51:55Z
2026-08-23T05:46:44Z,2026-08-23T07:46:44+0200,442f0342-0040-4db4-ac3f-85a7f822bcbf,2026-07-26T09:30:00Z,2026-07-26T11:30:00+0200,52.1,EUR/MWh,DK1,DK_1,imbalance_price,Long,2026-08-23T05:51:55Z
2026-08-23T05:46:44Z,2026-08-23T07:46:44+0200,442f0342-0040-4db4-ac3f-85a7f822bcbf,2026-07-26T09:30:00Z,2026-07-26T11:30:00+0200,52.1,EUR/MWh,DK1,DK_1,imbalance_price,Short,2026-08-23T05:51:55Z
2026-08-23T05:46:44Z,2026-08-23T07:46:44+0200,442f0342-0040-4db4-ac3f-85a7f822bcbf,2026-07-26T09:45:00Z,2026-07-26T11:45:00+0200,38.59,EUR/MWh,DK1,DK_1,imbalance_price,Long,2026-08-23T05:51:55Z
2026-08-23T05:46:44Z,2026-08-23T07:46:44+0200,442f0342-0040-4db4-ac3f-85a7f822bcbf,2026-07-26T09:45:00Z,2026-07-26T11:45:00+0200,38.59,EUR/MWh,DK1,DK_1,imbalance_price,Short,2026-08-23T05:51:55Z
2026-08-23T05:46:44Z,2026-08-23T07:46:44+0200,442f0342-0040-4db4-ac3f-85a7f822bcbf,2026-07-26T10:00:00Z,2026-07-26T12:00:00+0200,-6.82,EUR/MWh,DK1,DK_1,imbalance_price,Long,2026-08-23T05:51:55Z
2026-08-23T05:46:44Z,2026-08-23T07:46:44+0200,442f0342-0040-4db4-ac3f-85a7f822bcbf,2026-07-26T10:00:00Z,2026-07-26T12:00:00+0200,-6.82,EUR/MWh,DK1,DK_1,imbalance_price,Short,2026-08-23T05:51:55Z
2026-08-23T05:46:44Z,2026-08-23T07:46:44+0200,442f0342-0040-4db4-ac3f-85a7f822bcbf,2026-07-26T10:15:00Z,2026-07-26T12:15:00+0200,-3.66,EUR/MWh,DK1,DK_1,imbalance_price,Long,2026-08-23T05:51:55Z
2026-08-23T05:46:44Z,2026-08-23T07:46:44+0200,442f0342-0040-4db4-ac3f-85a7f822bcbf,2026-07-26T10:15:00Z,2026-07-26T12:15:00+0200,-3.66,EUR/MWh,DK1,DK_1,imbalance_price,Short,2026-08-23T05:51:55Z
2026-08-23T05:46:44Z,2026-08-23T07:46:44+0200,442f0342-0040-4db4-ac3f-85a7f822bcbf,2026-07-26T10:30:00Z,2026-07-26T12:30:00+0200,38.77,EUR/MWh,DK1,DK_1,imbalance_price,Long,2026-08-23T05:51:55Z
2026-08-23T05:46:44Z,2026-08-23T07:46:44+0200,442f0342-0040-4db4-ac3f-85a7f822bcbf,2026-07-26T10:30:00Z,2026-07-26T12:30:00+0200,38.77,EUR/MWh,DK1,DK_1,imbalance_price,Short,2026-08-23T05:51:55Z
2026-08-23T05:46:44Z,2026-08-23T07:46:44+0200,442f0342-0040-4db4-ac3f-85a7f822bcbf,2026-07-26T10:45:00Z,2026-07-26T12:45:00+0200,5.91,EUR/MWh,DK1,DK_1,imbalance_price,Long,2026-08-23T05:51:55Z
2026-08-23T05:46:44Z,2026-08-23T07:46:44+0200,442f0342-0040-4db4-ac3f-85a7f822bcbf,2026-07-26T10:45:00Z,2026-07-26T12:45:00+0200,5.91,EUR/MWh,DK1,DK_1,imbalance_price,Short,2026-08-23T05:51:55Z
2026-08-23T05:46:44Z,2026-08-23T07:46:44+0200,442f0342-0040-4db4-ac3f-85a7f822bcbf,2026-07-26T11:00:00Z,2026-07-26T13:00:00+0200,67.81,EUR/MWh,DK1,DK_1,imbalance_price,Long,2026-08-23T05:51:55Z
2026-08-23T05:46:44Z,2026-08-23T07:46:44+0200,442f0342-0040-4db4-ac3f-85a7f822bcbf,2026-07-26T11:00:00Z,2026-07-26T13:00:00+0200,67.81,EUR/MWh,DK1,DK_1,imbalance_price,Short,2026-08-23T05:51:55Z
2026-08-23T05:46:44Z,2026-08-23T07:46:44+0200,442f0342-0040-4db4-ac3f-85a7f822bcbf,2026-07-26T11:15:00Z,2026-07-26T13:15:00+0200,-0.53,EUR/MWh,DK1,DK_1,imbalance_price,Long,2026-08-23T05:51:55Z
2026-08-23T05:46:44Z,2026-08-23T07:46:44+0200,442f0342-0040-4db4-ac3f-85a7f822bcbf,2026-07-26T11:15:00Z,2026-07-26T13:15:00+0200,-0.53,EUR/MWh,DK1,DK_1,imbalance_price,Short,2026-08-23T05:51:55Z
2026-08-23T05:46:44Z,2026-08-23T07:46:44+0200,442f0342-0040-4db4-ac3f-85a7f822bcbf,2026-07-26T11:30:00Z,2026-07-26T13:30:00+0200,-0.53,EUR/MWh,DK1,DK_1,imbalance_price,Long,2026-08-23T05:51:55Z
2026-08-23T05:46:44Z,2026-08-23T07:46:44+0200,442f0342-0040-4db4-ac3f-85a7f822bcbf,2026-07-26T11:30:00Z,2026-07-26T13:30:00+0200,-0.53,EUR/MWh,DK1,DK_1,imbalance_price,Short,2026-08-23T05:51:55Z
2026-08-23T05:46:44Z,2026-08-23T07:46:44+0200,442f0342-0040-4db4-ac3f-85a7f822bcbf,2026-07-26T11:45:00Z,2026-07-26T13:45:00+0200,0.0,EUR/MWh,DK1,DK_1,imbalance_price,Long,2026-08-23T05:51:55Z
2026-08-23T05:46:44Z,2026-08-23T07:46:44+0200,442f0342-0040-4db4-ac3f-85a7f822bcbf,2026-07-26T11:45:00Z,2026-07-26T13:45:00+0200,0.0,EUR/MWh,DK1,DK_1,imbalance_price,Short,2026-08-23T05:51:55Z
2026-08-23T05:46:44Z,2026-08-23T07:46:44+0200,442f0342-0040-4db4-ac3f-85a7f822bcbf,2026-07-26T12:00:00Z,2026-07-26T14:00:00+0200,-0.58,EUR/MWh,DK1,DK_1,imbalance_price,Long,2026-08-23T05:51:55Z
2026-08-23T05:46:44Z,2026-08-23T07:46:44+0200,442f0342-0040-4db4-ac3f-85a7f822bcbf,2026-07-26T12:00:00Z,2026-07-26T14:00:00+0200,-0.58,EUR/MWh,DK1,DK_1,imbalance_price,Short,2026-08-23T05:51:55Z
2026-08-23T05:46:44Z,2026-08-23T07:46:44+0200,442f0342-0040-4db4-ac3f-85a7f822bcbf,2026-07-26T12:15:00Z,2026-07-26T14:15:00+0200,-2.0,EUR/MWh,DK1,DK_1,imbalance_price,Long,2026-08-23T05:51:55Z
2026-08-23T05:46:44Z,2026-08-23T07:46:44+0200,442f0342-0040-4db4-ac3f-85a7f822bcbf,2026-07-26T12:15:00Z,2026-07-26T14:15:00+0200,-2.0,EUR/MWh,DK1,DK_1,imbalance_price,Short,2026-08-23T05:51:55Z
2026-08-23T05:46:44Z,2026-08-23T07:46:44+0200,442f0342-0040-4db4-ac3f-85a7f822bcbf,2026-07-26T12:30:00Z,2026-07-26T14:30:00+0200,0.24,EUR/MWh,DK1,DK_1,imbalance_price,Long,2026-08-23T05:51:55Z
2026-08-23T05:46:44Z,2026-08-23T07:46:44+0200,442f0342-0040-4db4-ac3f-85a7f822bcbf,2026-07-26T12:30:00Z,2026-07-26T14:30:00+0200,0.24,EUR/MWh,DK1,DK_1,imbalance_price,Short,2026-08-23T05:51:55Z
2026-08-23T05:46:44Z,2026-08-23T07:46:44+0200,442f0342-0040-4db4-ac3f-85a7f822bcbf,2026-07-26T12:45:00Z,2026-07-26T14:45:00+0200,0.25,EUR/MWh,DK1,DK_1,imbalance_price,Long,2026-08-23T05:51:55Z
2026-08-23T05:46:44Z,2026-08-23T07:46:44+0200,442f0342-0040-4db4-ac3f-85a7f822bcbf,2026-07-26T12:45:00Z,2026-07-26T14:45:00+0200,0.25,EUR/MWh,DK1,DK_1,imbalance_price,Short,2026-08-23T05:51:55Z
2026-08-23T05:46:44Z,2026-08-23T07:46:44+0200,442f0342-0040-4db4-ac3f-85a7f822bcbf,2026-07-26T13:00:00Z,2026-07-26T15:00:00+0200,0.82,EUR/MWh,DK1,DK_1,imbalance_price,Long,2026-08-23T05:51:55Z
2026-08-23T05:46:44Z,2026-08-23T07:46:44+0200,442f0342-0040-4db4-ac3f-85a7f822bcbf,2026-07-26T13:00:00Z,2026-07-26T15:00:00+0200,0.82,EUR/MWh,DK1,DK_1,imbalance_price,Short,2026-08-23T05:51:55Z
2026-08-23T05:46:44Z,2026-08-23T07:46:44+0200,442f0342-0040-4db4-ac3f-85a7f822bcbf,2026-07-26T13:15:00Z,2026-07-26T15:15:00+0200,0.42,EUR/MWh,DK1,DK_1,imbalance_price,Long,2026-08-23T05:51:55Z
2026-08-23T05:46:44Z,2026-08-23T07:46:44+0200,442f0342-0040-4db4-ac3f-85a7f822bcbf,2026-07-26T13:15:00Z,2026-07-26T15:15:00+0200,0.42,EUR/MWh,DK1,DK_1,imbalance_price,Short,2026-08-23T05:51:55Z
2026-08-23T05:46:44Z,2026-08-23T07:46:44+0200,442f0342-0040-4db4-ac3f-85a7f822bcbf,2026-07-26T13:30:00Z,2026-07-26T15:30:00+0200,0.5,EUR/MWh,DK1,DK_1,imbalance_price,Long,2026-08-23T05:51:55Z
2026-08-23T05:46:44Z,2026-08-23T07:46:44+0200,442f0342-0040-4db4-ac3f-85a7f822bcbf,2026-07-26T13:30:00Z,2026-07-26T15:30:00+0200,0.5,EUR/MWh,DK1,DK_1,imbalance_price,Short,2026-08-23T05:51:55Z
2026-08-23T05:46:44Z,2026-08-23T07:46:44+0200,442f0342-0040-4db4-ac3f-85a7f822bcbf,2026-07-26T13:45:00Z,2026-07-26T15:45:00+0200,-4.77,EUR/MWh,DK1,DK_1,imbalance_price,Long,2026-08-23T05:51:55Z
2026-08-23T05:46:44Z,2026-08-23T07:46:44+0200,442f0342-0040-4db4-ac3f-85a7f822bcbf,2026-07-26T13:45:00Z,2026-07-26T15:45:00+0200,-4.77,EUR/MWh,DK1,DK_1,imbalance_price,Short,2026-08-23T05:51:55Z
2026-08-23T05:46:44Z,2026-08-23T07:46:44+0200,442f0342-0040-4db4-ac3f-85a7f822bcbf,2026-07-26T14:00:00Z,2026-07-26T16:00:00+0200,-3.57,EUR/MWh,DK1,DK_1,imbalance_price,Long,2026-08-23T05:51:55Z
2026-08-23T05:46:44Z,2026-08-23T07:46:44+0200,442f0342-0040-4db4-ac3f-85a7f822bcbf,2026-07-26T14:00:00Z,2026-07-26T16:00:00+0200,-3.57,EUR/MWh,DK1,DK_1,imbalance_price,Short,2026-08-23T05:51:55Z
2026-08-23T05:46:44Z,2026-08-23T07:46:44+0200,442f0342-0040-4db4-ac3f-85a7f822bcbf,2026-07-26T14:15:00Z,2026-07-26T16:15:00+0200,-2.81,EUR/MWh,DK1,DK_1,imbalance_price,Long,2026-08-23T05:51:55Z
2026-08-23T05:46:44Z,2026-08-23T07:46:44+0200,442f0342-0040-4db4-ac3f-85a7f822bcbf,2026-07-26T14:15:00Z,2026-07-26T16:15:00+0200,-2.81,EUR/MWh,DK1,DK_1,imbalance_price,Short,2026-08-23T05:51:55Z
2026-08-23T05:46:44Z,2026-08-23T07:46:44+0200,442f0342-0040-4db4-ac3f-85a7f822bcbf,2026-07-26T14:30:00Z,2026-07-26T16:30:00+0200,5.74,EUR/MWh,DK1,DK_1,imbalance_price,Long,2026-08-23T05:51:55Z
2026-08-23T05:46:44Z,2026-08-23T07:46:44+0200,442f0342-0040-4db4-ac3f-85a7f822bcbf,2026-07-26T14:30:00Z,2026-07-26T16:30:00+0200,5.74,EUR/MWh,DK1,DK_1,imbalance_price,Short,2026-08-23T05:51:55Z
2026-08-23T05:46:44Z,2026-08-23T07:46:44+0200,442f0342-0040-4db4-ac3f-85a7f822bcbf,2026-07-26T14:45:00Z,2026-07-26T16:45:00+0200,-1.03,EUR/MWh,DK1,DK_1,imbalance_price,Long,2026-08-23T05:51:55Z
2026-08-23T05:46:44Z,2026-08-23T07:46:44+0200,442f0342-0040-4db4-ac3f-85a7f822bcbf,2026-07-26T14:45:00Z,2026-07-26T16:45:00+0200,-1.03,EUR/MWh,DK1,DK_1,imbalance_price,Short,2026-08-23T05:51:55Z
2026-08-23T05:46:44Z,2026-08-23T07:46:44+0200,442f0342-0040-4db4-ac3f-85a7f822bcbf,2026-07-26T15:00:00Z,2026-07-26T17:00:00+0200,2.69,EUR/MWh,DK1,DK_1,imbalance_price,Long,2026-08-23T05:51:55Z
2026-08-23T05:46:44Z,2026-08-23T07:46:44+0200,442f0342-0040-4db4-ac3f-85a7f822bcbf,2026-07-26T15:00:00Z,2026-07-26T17:00:00+0200,2.69,EUR/MWh,DK1,DK_1,imbalance_price,Short,2026-08-23T05:51:55Z
2026-08-23T05:46:44Z,2026-08-23T07:46:44+0200,442f0342-0040-4db4-ac3f-85a7f822bcbf,2026-07-26T15:15:00Z,2026-07-26T17:15:00+0200,12.04,EUR/MWh,DK1,DK_1,imbalance_price,Long,2026-08-23T05:51:55Z
2026-08-23T05:46:44Z,2026-08-23T07:46:44+0200,442f0342-0040-4db4-ac3f-85a7f822bcbf,2026-07-26T15:15:00Z,2026-07-26T17:15:00+0200,12.04,EUR/MWh,DK1,DK_1,imbalance_price,Short,2026-08-23T05:51:55Z
2026-08-23T05:46:44Z,2026-08-23T07:46:44+0200,442f0342-0040-4db4-ac3f-85a7f822bcbf,2026-07-26T15:30:00Z,2026-07-26T17:30:00+0200,3.0,EUR/MWh,DK1,DK_1,imbalance_price,Long,2026-08-23T05:51:55Z
2026-08-23T05:46:44Z,2026-08-23T07:46:44+0200,442f0342-0040-4db4-ac3f-85a7f822bcbf,2026-07-26T15:30:00Z,2026-07-26T17:30:00+0200,3.0,EUR/MWh,DK1,DK_1,imbalance_price,Short,2026-08-23T05:51:55Z
2026-08-23T05:46:44Z,2026-08-23T07:46:44+0200,442f0342-0040-4db4-ac3f-85a7f822bcbf,2026-07-26T15:45:00Z,2026-07-26T17:45:00+0200,14.0,EUR/MWh,DK1,DK_1,imbalance_price,Long,2026-08-23T05:51:55Z
2026-08-23T05:46:44Z,2026-08-23T07:46:44+0200,442f0342-0040-4db4-ac3f-85a7f822bcbf,2026-07-26T15:45:00Z,2026-07-26T17:45:00+0200,14.0,EUR/MWh,DK1,DK_1,imbalance_price,Short,2026-08-23T05:51:55Z
2026-08-23T05:46:44Z,2026-08-23T07:46:44+0200,442f0342-0040-4db4-ac3f-85a7f822bcbf,2026-07-26T16:00:00Z,2026-07-26T18:00:00+0200,374.6,EUR/MWh,DK1,DK_1,imbalance_price,Long,2026-08-23T05:51:55Z
2026-08-23T05:46:44Z,2026-08-23T07:46:44+0200,442f0342-0040-4db4-ac3f-85a7f822bcbf,2026-07-26T16:00:00Z,2026-07-26T18:00:00+0200,374.6,EUR/MWh,DK1,DK_1,imbalance_price,Short,2026-08-23T05:51:55Z
2026-08-23T05:46:44Z,2026-08-23T07:46:44+0200,442f0342-0040-4db4-ac3f-85a7f822bcbf,2026-07-26T16:15:00Z,2026-07-26T18:15:00+0200,211.68,EUR/MWh,DK1,DK_1,imbalance_price,Long,2026-08-23T05:51:55Z
2026-08-23T05:46:44Z,2026-08-23T07:46:44+0200,442f0342-0040-4db4-ac3f-85a7f822bcbf,2026-07-26T16:15:00Z,2026-07-26T18:15:00+0200,211.68,EUR/MWh,DK1,DK_1,imbalance_price,Short,2026-08-23T05:51:55Z
2026-08-23T05:46:44Z,2026-08-23T07:46:44+0200,442f0342-0040-4db4-ac3f-85a7f822bcbf,2026-07-26T16:30:00Z,2026-07-26T18:30:00+0200,118.73,EUR/MWh,DK1,DK_1,imbalance_price,Long,2026-08-23T05:51:55Z
2026-08-23T05:46:44Z,2026-08-23T07:46:44+0200,442f0342-0040-4db4-ac3f-85a7f822bcbf,2026-07-26T16:30:00Z,2026-07-26T18:30:00+0200,118.73,EUR/MWh,DK1,DK_1,imbalance_price,Short,2026-08-23T05:51:55Z
2026-08-23T05:46:44Z,2026-08-23T07:46:44+0200,442f0342-0040-4db4-ac3f-85a7f822bcbf,2026-07-26T16:45:00Z,2026-07-26T18:45:00+0200,86.55,EUR/MWh,DK1,DK_1,imbalance_price,Long,2026-08-23T05:51:55Z
2026-08-23T05:46:44Z,2026-08-23T07:46:44+0200,442f0342-0040-4db4-ac3f-85a7f822bcbf,2026-07-26T16:45:00Z,2026-07-26T18:45:00+0200,86.55,EUR/MWh,DK1,DK_1,imbalance_price,Short,2026-08-23T05:51:55Z
2026-08-23T05:46:44Z,2026-08-23T07:46:44+0200,442f0342-0040-4db4-ac3f-85a7f822bcbf,2026-07-26T17:00:00Z,2026-07-26T19:00:00+0200,118.1,EUR/MWh,DK1,DK_1,imbalance_price,Long,2026-08-23T05:51:55Z
2026-08-23T05:46:44Z,2026-08-23T07:46:44+0200,442f0342-0040-4db4-ac3f-85a7f822bcbf,2026-07-26T17:00:00Z,2026-07-26T19:00:00+0200,118.1,EUR/MWh,DK1,DK_1,imbalance_price,Short,2026-08-23T05:51:55Z
2026-08-23T05:46:44Z,2026-08-23T07:46:44+0200,442f0342-0040-4db4-ac3f-85a7f822bcbf,2026-07-26T17:15:00Z,2026-07-26T19:15:00+0200,124.66,EUR/MWh,DK1,DK_1,imbalance_price,Long,2026-08-23T05:51:55Z
2026-08-23T05:46:44Z,2026-08-23T07:46:44+0200,442f0342-0040-4db4-ac3f-85a7f822bcbf,2026-07-26T17:15:00Z,2026-07-26T19:15:00+0200,124.66,EUR/MWh,DK1,DK_1,imbalance_price,Short,2026-08-23T05:51:55Z
2026-08-23T05:46:44Z,2026-08-23T07:46:44+0200,442f0342-0040-4db4-ac3f-85a7f822bcbf,2026-07-26T17:30:00Z,2026-07-26T19:30:00+0200,131.71,EUR/MWh,DK1,DK_1,imbalance_price,Long,2026-08-23T05:51:55Z
2026-08-23T05:46:44Z,2026-08-23T07:46:44+0200,442f0342-0040-4db4-ac3f-85a7f822bcbf,2026-07-26T17:30:00Z,2026-07-26T19:30:00+0200,131.71,EUR/MWh,DK1,DK_1,imbalance_price,Short,2026-08-23T05:51:55Z
2026-08-23T05:46:44Z,2026-08-23T07:46:44+0200,442f0342-0040-4db4-ac3f-85a7f822bcbf,2026-07-26T17:45:00Z,2026-07-26T19:45:00+0200,145.45,EUR/MWh,DK1,DK_1,imbalance_price,Long,2026-08-23T05:51:55Z
2026-08-23T05:46:44Z,2026-08-23T07:46:44+0200,442f0342-0040-4db4-ac3f-85a7f822bcbf,2026-07-26T17:45:00Z,2026-07-26T19:45:00+0200,145.45,EUR/MWh,DK1,DK_1,imbalance_price,Short,2026-08-23T05:51:55Z
2026-08-23T05:46:44Z,2026-08-23T07:46:44+0200,442f0342-0040-4db4-ac3f-85a7f822bcbf,2026-07-26T18:00:00Z,2026-07-26T20:00:00+0200,129.96,EUR/MWh,DK1,DK_1,imbalance_price,Long,2026-08-23T05:51:55Z
2026-08-23T05:46:44Z,2026-08-23T07:46:44+0200,442f0342-0040-4db4-ac3f-85a7f822bcbf,2026-07-26T18:00:00Z,2026-07-26T20:00:00+0200,129.96,EUR/MWh,DK1,DK_1,imbalance_price,Short,2026-08-23T05:51:55Z
2026-08-23T05:46:44Z,2026-08-23T07:46:44+0200,442f0342-0040-4db4-ac3f-85a7f822bcbf,2026-07-26T18:15:00Z,2026-07-26T20:15:00+0200,157.28,EUR/MWh,DK1,DK_1,imbalance_price,Long,2026-08-23T05:51:55Z
2026-08-23T05:46:44Z,2026-08-23T07:46:44+0200,442f0342-0040-4db4-ac3f-85a7f822bcbf,2026-07-26T18:15:00Z,2026-07-26T20:15:00+0200,157.28,EUR/MWh,DK1,DK_1,imbalance_price,Short,2026-08-23T05:51:55Z
2026-08-23T05:46:44Z,2026-08-23T07:46:44+0200,442f0342-0040-4db4-ac3f-85a7f822bcbf,2026-07-26T18:30:00Z,2026-07-26T20:30:00+0200,53.76,EUR/MWh,DK1,DK_1,imbalance_price,Long,2026-08-23T05:51:55Z
2026-08-23T05:46:44Z,2026-08-23T07:46:44+0200,442f0342-0040-4db4-ac3f-85a7f822bcbf,2026-07-26T18:30:00Z,2026-07-26T20:30:00+0200,53.76,EUR/MWh,DK1,DK_1,imbalance_price,Short,2026-08-23T05:51:55Z
2026-08-23T05:46:44Z,2026-08-23T07:46:44+0200,442f0342-0040-4db4-ac3f-85a7f822bcbf,2026-07-26T18:45:00Z,2026-07-26T20:45:00+0200,47.54,EUR/MWh,DK1,DK_1,imbalance_price,Long,2026-08-23T05:51:55Z
2026-08-23T05:46:44Z,2026-08-23T07:46:44+0200,442f0342-0040-4db4-ac3f-85a7f822bcbf,2026-07-26T18:45:00Z,2026-07-26T20:45:00+0200,47.54,EUR/MWh,DK1,DK_1,imbalance_price,Short,2026-08-23T05:51:55Z
2026-08-23T05:46:44Z,2026-08-23T07:46:44+0200,442f0342-0040-4db4-ac3f-85a7f822bcbf,2026-07-26T19:00:00Z,2026-07-26T21:00:00+0200,159.86,EUR/MWh,DK1,DK_1,imbalance_price,Long,2026-08-23T05:51:55Z
2026-08-23T05:46:44Z,2026-08-23T07:46:44+0200,442f0342-0040-4db4-ac3f-85a7f822bcbf,2026-07-26T19:00:00Z,2026-07-26T21:00:00+0200,159.86,EUR/MWh,DK1,DK_1,imbalance_price,Short,2026-08-23T05:51:55Z
2026-08-23T05:46:44Z,2026-08-23T07:46:44+0200,442f0342-0040-4db4-ac3f-85a7f822bcbf,2026-07-26T19:15:00Z,2026-07-26T21:15:00+0200,70.71,EUR/MWh,DK1,DK_1,imbalance_price,Long,2026-08-23T05:51:55Z
2026-08-23T05:46:44Z,2026-08-23T07:46:44+0200,442f0342-0040-4db4-ac3f-85a7f822bcbf,2026-07-26T19:15:00Z,2026-07-26T21:15:00+0200,70.71,EUR/MWh,DK1,DK_1,imbalance_price,Short,2026-08-23T05:51:55Z
2026-08-23T05:46:44Z,2026-08-23T07:46:44+0200,442f0342-0040-4db4-ac3f-85a7f822bcbf,2026-07-26T19:30:00Z,2026-07-26T21:30:00+0200,47.49,EUR/MWh,DK1,DK_1,imbalance_price,Long,2026-08-23T05:51:55Z
2026-08-23T05:46:44Z,2026-08-23T07:46:44+0200,442f0342-0040-4db4-ac3f-85a7f822bcbf,2026-07-26T19:30:00Z,2026-07-26T21:30:00+0200,47.49,EUR/MWh,DK1,DK_1,imbalance_price,Short,2026-08-23T05:51:55Z
2026-08-23T05:46:44Z,2026-08-23T07:46:44+0200,442f0342-0040-4db4-ac3f-85a7f822bcbf,2026-07-26T19:45:00Z,2026-07-26T21:45:00+0200,147.71,EUR/MWh,DK1,DK_1,imbalance_price,Long,2026-08-23T05:51:55Z
2026-08-23T05:46:44Z,2026-08-23T07:46:44+0200,442f0342-0040-4db4-ac3f-85a7f822bcbf,2026-07-26T19:45:00Z,2026-07-26T21:45:00+0200,147.71,EUR/MWh,DK1,DK_1,imbalance_price,Short,2026-08-23T05:51:55Z
2026-08-23T05:46:44Z,2026-08-23T07:46:44+0200,442f0342-0040-4db4-ac3f-85a7f822bcbf,2026-07-26T20:00:00Z,2026-07-26T22:00:00+0200,57.91,EUR/MWh,DK1,DK_1,imbalance_price,Long,2026-08-23T05:51:55Z
2026-08-23T05:46:44Z,2026-08-23T07:46:44+0200,442f0342-0040-4db4-ac3f-85a7f822bcbf,2026-07-26T20:00:00Z,2026-07-26T22:00:00+0200,57.91,EUR/MWh,DK1,DK_1,imbalance_price,Short,2026-08-23T05:51:55Z
2026-08-23T05:46:44Z,2026-08-23T07:46:44+0200,442f0342-0040-4db4-ac3f-85a7f822bcbf,2026-07-26T20:15:00Z,2026-07-26T22:15:00+0200,50.89,EUR/MWh,DK1,DK_1,imbalance_price,Long,2026-08-23T05:51:55Z
2026-08-23T05:46:44Z,2026-08-23T07:46:44+0200,442f0342-0040-4db4-ac3f-85a7f822bcbf,2026-07-26T20:15:00Z,2026-07-26T22:15:00+0200,50.89,EUR/MWh,DK1,DK_1,imbalance_price,Short,2026-08-23T05:51:55Z
2026-08-23T05:46:44Z,2026-08-23T07:46:44+0200,442f0342-0040-4db4-ac3f-85a7f822bcbf,2026-07-26T20:30:00Z,2026-07-26T22:30:00+0200,64.72,EUR/MWh,DK1,DK_1,imbalance_price,Long,2026-08-23T05:51:55Z
2026-08-23T05:46:44Z,2026-08-23T07:46:44+0200,442f0342-0040-4db4-ac3f-85a7f822bcbf,2026-07-26T20:30:00Z,2026-07-26T22:30:00+0200,64.72,EUR/MWh,DK1,DK_1,imbalance_price,Short,2026-08-23T05:51:55Z
2026-08-23T05:46:44Z,2026-08-23T07:46:44+0200,442f0342-0040-4db4-ac3f-85a7f822bcbf,2026-07-26T20:45:00Z,2026-07-26T22:45:00+0200,65.13,EUR/MWh,DK1,DK_1,imbalance_price,Long,2026-08-23T05:51:55Z
2026-08-23T05:46:44Z,2026-08-23T07:46:44+0200,442f0342-0040-4db4-ac3f-85a7f822bcbf,2026-07-26T20:45:00Z,2026-07-26T22:45:00+0200,65.13,EUR/MWh,DK1,DK_1,imbalance_price,Short,2026-08-23T05:51:55Z
2026-08-23T05:46:44Z,2026-08-23T07:46:44+0200,442f0342-0040-4db4-ac3f-85a7f822bcbf,2026-07-26T21:00:00Z,2026-07-26T23:00:00+0200,42.24,EUR/MWh,DK1,DK_1,imbalance_price,Long,2026-08-23T05:51:55Z
2026-08-23T05:46:44Z,2026-08-23T07:46:44+0200,442f0342-0040-4db4-ac3f-85a7f822bcbf,2026-07-26T21:00:00Z,2026-07-26T23:00:00+0200,42.24,EUR/MWh,DK1,DK_1,imbalance_price,Short,2026-08-23T05:51:55Z
2026-08-23T05:46:44Z,2026-08-23T07:46:44+0200,442f0342-0040-4db4-ac3f-85a7f822bcbf,2026-07-26T21:15:00Z,2026-07-26T23:15:00+0200,44.83,EUR/MWh,DK1,DK_1,imbalance_price,Long,2026-08-23T05:51:55Z
2026-08-23T05:46:44Z,2026-08-23T07:46:44+0200,442f0342-0040-4db4-ac3f-85a7f822bcbf,2026-07-26T21:15:00Z,2026-07-26T23:15:00+0200,44.83,EUR/MWh,DK1,DK_1,imbalance_price,Short,2026-08-23T05:51:55Z
2026-08-23T05:46:44Z,2026-08-23T07:46:44+0200,442f0342-0040-4db4-ac3f-85a7f822bcbf,2026-07-26T21:30:00Z,2026-07-26T23:30:00+0200,52.1,EUR/MWh,DK1,DK_1,imbalance_price,Long,2026-08-23T05:51:55Z
2026-08-23T05:46:44Z,2026-08-23T07:46:44+0200,442f0342-0040-4db4-ac3f-85a7f822bcbf,2026-07-26T21:30:00Z,2026-07-26T23:30:00+0200,52.1,EUR/MWh,DK1,DK_1,imbalance_price,Short,2026-08-23T05:51:55Z
2026-08-23T05:46:44Z,2026-08-23T07:46:44+0200,442f0342-0040-4db4-ac3f-85a7f822bcbf,2026-07-26T21:45:00Z,2026-07-26T23:45:00+0200,127.01,EUR/MWh,DK1,DK_1,imbalance_price,Long,2026-08-23T05:51:55Z
2026-08-23T05:46:44Z,2026-08-23T07:46:44+0200,442f0342-0040-4db4-ac3f-85a7f822bcbf,2026-07-26T21:45:00Z,2026-07-26T23:45:00+0200,127.01,EUR/MWh,DK1,DK_1,imbalance_price,Short,2026-08-23T05:51:55Z
2026-08-23T05:46:44Z,2026-08-23T07:46:44+0200,442f0342-0040-4db4-ac3f-85a7f822bcbf,2026-07-26T22:00:00Z,2026-07-27T00:00:00+0200,29.75,EUR/MWh,DK1,DK_1,imbalance_price,Long,2026-08-23T05:51:55Z
2026-08-23T05:46:44Z,2026-08-23T07:46:44+0200,442f0342-0040-4db4-ac3f-85a7f822bcbf,2026-07-26T22:00:00Z,2026-07-27T00:00:00+0200,29.75,EUR/MWh,DK1,DK_1,imbalance_price,Short,2026-08-23T05:51:55Z
2026-08-23T05:46:44Z,2026-08-23T07:46:44+0200,442f0342-0040-4db4-ac3f-85a7f822bcbf,2026-07-26T22:15:00Z,2026-07-27T00:15:00+0200,87.14,EUR/MWh,DK1,DK_1,imbalance_price,Long,2026-08-23T05:51:55Z
2026-08-23T05:46:44Z,2026-08-23T07:46:44+0200,442f0342-0040-4db4-ac3f-85a7f822bcbf,2026-07-26T22:15:00Z,2026-07-27T00:15:00+0200,87.14,EUR/MWh,DK1,DK_1,imbalance_price,Short,2026-08-23T05:51:55Z
2026-08-23T05:46:44Z,2026-08-23T07:46:44+0200,442f0342-0040-4db4-ac3f-85a7f822bcbf,2026-07-26T22:30:00Z,2026-07-27T00:30:00+0200,107.52,EUR/MWh,DK1,DK_1,imbalance_price,Long,2026-08-23T05:51:55Z
2026-08-23T05:46:44Z,2026-08-23T07:46:44+0200,442f0342-0040-4db4-ac3f-85a7f822bcbf,2026-07-26T22:30:00Z,2026-07-27T00:30:00+0200,107.52,EUR/MWh,DK1,DK_1,imbalance_price,Short,2026-08-23T05:51:55Z
2026-08-23T05:46:44Z,2026-08-23T07:46:44+0200,442f0342-0040-4db4-ac3f-85a7f822bcbf,2026-07-26T22:45:00Z,2026-07-27T00:45:00+0200,87.71,EUR/MWh,DK1,DK_1,imbalance_price,Long,2026-08-23T05:51:55Z
2026-08-23T05:46:44Z,2026-08-23T07:46:44+0200,442f0342-0040-4db4-ac3f-85a7f822bcbf,2026-07-26T22:45:00Z,2026-07-27T00:45:00+0200,87.71,EUR/MWh,DK1,DK_1,imbalance_price,Short,2026-08-23T05:51:55Z
2026-08-23T05:46:44Z,2026-08-23T07:46:44+0200,442f0342-0040-4db4-ac3f-85a7f822bcbf,2026-07-26T23:00:00Z,2026-07-27T01:00:00+0200,114.33,EUR/MWh,DK1,DK_1,imbalance_price,Long,2026-08-23T05:51:55Z
2026-08-23T05:46:44Z,2026-08-23T07:46:44+0200,442f0342-0040-4db4-ac3f-85a7f822bcbf,2026-07-26T23:00:00Z,2026-07-27T01:00:00+0200,114.33,EUR/MWh,DK1,DK_1,imbalance_price,Short,2026-08-23T05:51:55Z
2026-08-23T05:46:44Z,2026-08-23T07:46:44+0200,442f0342-0040-4db4-ac3f-85a7f822bcbf,2026-07-26T23:15:00Z,2026-07-27T01:15:00+0200,103.17,EUR/MWh,DK1,DK_1,imbalance_price,Long,2026-08-23T05:51:55Z
2026-08-23T05:46:44Z,2026-08-23T07:46:44+0200,442f0342-0040-4db4-ac3f-85a7f822bcbf,2026-07-26T23:15:00Z,2026-07-27T01:15:00+0200,103.17,EUR/MWh,DK1,DK_1,imbalance_price,Short,2026-08-23T05:51:55Z
2026-08-23T05:46:44Z,2026-08-23T07:46:44+0200,442f0342-0040-4db4-ac3f-85a7f822bcbf,2026-07-26T23:30:00Z,2026-07-27T01:30:00+0200,102.37,EUR/MWh,DK1,DK_1,imbalance_price,Long,2026-08-23T05:51:55Z
2026-08-23T05:46:44Z,2026-08-23T07:46:44+0200,442f0342-0040-4db4-ac3f-85a7f822bcbf,2026-07-26T23:30:00Z,2026-07-27T01:30:00+0200,102.37,EUR/MWh,DK1,DK_1,imbalance_price,Short,2026-08-23T05:51:55Z
2026-08-23T05:46:44Z,2026-08-23T07:46:44+0200,442f0342-0040-4db4-ac3f-85a7f822bcbf,2026-07-26T23:45:00Z,2026-07-27T01:45:00+0200,115.41,EUR/MWh,DK1,DK_1,imbalance_price,Long,2026-08-23T05:51:55Z
2026-08-23T05:46:44Z,2026-08-23T07:46:44+0200,442f0342-0040-4db4-ac3f-85a7f822bcbf,2026-07-26T23:45:00Z,2026-07-27T01:45:00+0200,115.41,EUR/MWh,DK1,DK_1,imbalance_price,Short,2026-08-23T05:51:55Z
2026-08-23T05:46:44Z,2026-08-23T07:46:44+0200,442f0342-0040-4db4-ac3f-85a7f822bcbf,2026-07-27T00:00:00Z,2026-07-27T02:00:00+0200,60.36,EUR/MWh,DK1,DK_1,imbalance_price,Long,2026-08-23T05:51:55Z
2026-08-23T05:46:44Z,2026-08-23T07:46:44+0200,442f0342-0040-4db4-ac3f-85a7f822bcbf,2026-07-27T00:00:00Z,2026-07-27T02:00:00+0200,60.36,EUR/MWh,DK1,DK_1,imbalance_price,Short,2026-08-23T05:51:55Z
2026-08-23T05:46:44Z,2026-08-23T07:46:44+0200,442f0342-0040-4db4-ac3f-85a7f822bcbf,2026-07-27T00:15:00Z,2026-07-27T02:15:00+0200,115.18,EUR/MWh,DK1,DK_1,imbalance_price,Long,2026-08-23T05:51:55Z
2026-08-23T05:46:44Z,2026-08-23T07:46:44+0200,442f0342-0040-4db4-ac3f-85a7f822bcbf,2026-07-27T00:15:00Z,2026-07-27T02:15:00+0200,115.18,EUR/MWh,DK1,DK_1,imbalance_price,Short,2026-08-23T05:51:55Z
2026-08-23T05:46:44Z,2026-08-23T07:46:44+0200,442f0342-0040-4db4-ac3f-85a7f822bcbf,2026-07-27T00:30:00Z,2026-07-27T02:30:00+0200,110.0,EUR/MWh,DK1,DK_1,imbalance_price,Long,2026-08-23T05:51:55Z
2026-08-23T05:46:44Z,2026-08-23T07:46:44+0200,442f0342-0040-4db4-ac3f-85a7f822bcbf,2026-07-27T00:30:00Z,2026-07-27T02:30:00+0200,110.0,EUR/MWh,DK1,DK_1,imbalance_price,Short,2026-08-23T05:51:55Z
2026-08-23T05:46:44Z,2026-08-23T07:46:44+0200,442f0342-0040-4db4-ac3f-85a7f822bcbf,2026-07-27T00:45:00Z,2026-07-27T02:45:00+0200,119.72,EUR/MWh,DK1,DK_1,imbalance_price,Long,2026-08-23T05:51:55Z
2026-08-23T05:46:44Z,2026-08-23T07:46:44+0200,442f0342-0040-4db4-ac3f-85a7f822bcbf,2026-07-27T00:45:00Z,2026-07-27T02:45:00+0200,119.72,EUR/MWh,DK1,DK_1,imbalance_price,Short,2026-08-23T05:51:55Z
2026-08-23T05:46:44Z,2026-08-23T07:46:44+0200,442f0342-0040-4db4-ac3f-85a7f822bcbf,2026-07-27T01:00:00Z,2026-07-27T03:00:00+0200,67.88,EUR/MWh,DK1,DK_1,imbalance_price,Long,2026-08-23T05:51:55Z
2026-08-23T05:46:44Z,2026-08-23T07:46:44+0200,442f0342-0040-4db4-ac3f-85a7f822bcbf,2026-07-27T01:00:00Z,2026-07-27T03:00:00+0200,67.88,EUR/MWh,DK1,DK_1,imbalance_price,Short,2026-08-23T05:51:55Z
2026-08-23T05:46:44Z,2026-08-23T07:46:44+0200,442f0342-0040-4db4-ac3f-85a7f822bcbf,2026-07-27T01:15:00Z,2026-07-27T03:15:00+0200,55.76,EUR/MWh,DK1,DK_1,imbalance_price,Long,2026-08-23T05:51:55Z
2026-08-23T05:46:44Z,2026-08-23T07:46:44+0200,442f0342-0040-4db4-ac3f-85a7f822bcbf,2026-07-27T01:15:00Z,2026-07-27T03:15:00+0200,55.76,EUR/MWh,DK1,DK_1,imbalance_price,Short,2026-08-23T05:51:55Z
2026-08-23T05:46:44Z,2026-08-23T07:46:44+0200,442f0342-0040-4db4-ac3f-85a7f822bcbf,2026-07-27T01:30:00Z,2026-07-27T03:30:00+0200,41.77,EUR/MWh,DK1,DK_1,imbalance_price,Long,2026-08-23T05:51:55Z
2026-08-23T05:46:44Z,2026-08-23T07:46:44+0200,442f0342-0040-4db4-ac3f-85a7f822bcbf,2026-07-27T01:30:00Z,2026-07-27T03:30:00+0200,41.77,EUR/MWh,DK1,DK_1,imbalance_price,Short,2026-08-23T05:51:55Z
2026-08-23T05:46:44Z,2026-08-23T07:46:44+0200,442f0342-0040-4db4-ac3f-85a7f822bcbf,2026-07-27T01:45:00Z,2026-07-27T03:45:00+0200,111.72,EUR/MWh,DK1,DK_1,imbalance_price,Long,2026-08-23T05:51:55Z
2026-08-23T05:46:44Z,2026-08-23T07:46:44+0200,442f0342-0040-4db4-ac3f-85a7f822bcbf,2026-07-27T01:45:00Z,2026-07-27T03:45:00+0200,111.72,EUR/MWh,DK1,DK_1,imbalance_price,Short,2026-08-23T05:51:55Z
2026-08-23T05:46:44Z,2026-08-23T07:46:44+0200,442f0342-0040-4db4-ac3f-85a7f822bcbf,2026-07-27T02:00:00Z,2026-07-27T04:00:00+0200,65.69,EUR/MWh,DK1,DK_1,imbalance_price,Long,2026-08-23T05:51:55Z
2026-08-23T05:46:44Z,2026-08-23T07:46:44+0200,442f0342-0040-4db4-ac3f-85a7f822bcbf,2026-07-27T02:00:00Z,2026-07-27T04:00:00+0200,65.69,EUR/MWh,DK1,DK_1,imbalance_price,Short,2026-08-23T05:51:55Z
2026-08-23T05:46:44Z,2026-08-23T07:46:44+0200,442f0342-0040-4db4-ac3f-85a7f822bcbf,2026-07-27T02:15:00Z,2026-07-27T04:15:00+0200,68.63,EUR/MWh,DK1,DK_1,imbalance_price,Long,2026-08-23T05:51:55Z
2026-08-23T05:46:44Z,2026-08-23T07:46:44+0200,442f0342-0040-4db4-ac3f-85a7f822bcbf,2026-07-27T02:15:00Z,2026-07-27T04:15:00+0200,68.63,EUR/MWh,DK1,DK_1,imbalance_price,Short,2026-08-23T05:51:55Z
2026-08-23T05:46:44Z,2026-08-23T07:46:44+0200,442f0342-0040-4db4-ac3f-85a7f822bcbf,2026-07-27T02:30:00Z,2026-07-27T04:30:00+0200,80.5,EUR/MWh,DK1,DK_1,imbalance_price,Long,2026-08-23T05:51:55Z
2026-08-23T05:46:44Z,2026-08-23T07:46:44+0200,442f0342-0040-4db4-ac3f-85a7f822bcbf,2026-07-27T02:30:00Z,2026-07-27T04:30:00+0200,80.5,EUR/MWh,DK1,DK_1,imbalance_price,Short,2026-08-23T05:51:55Z
2026-08-23T05:46:44Z,2026-08-23T07:46:44+0200,442f0342-0040-4db4-ac3f-85a7f822bcbf,2026-07-27T02:45:00Z,2026-07-27T04:45:00+0200,83.44,EUR/MWh,DK1,DK_1,imbalance_price,Long,2026-08-23T05:51:55Z
2026-08-23T05:46:44Z,2026-08-23T07:46:44+0200,442f0342-0040-4db4-ac3f-85a7f822bcbf,2026-07-27T02:45:00Z,2026-07-27T04:45:00+0200,83.44,EUR/MWh,DK1,DK_1,imbalance_price,Short,2026-08-23T05:51:55Z
2026-08-23T05:46:44Z,2026-08-23T07:46:44+0200,442f0342-0040-4db4-ac3f-85a7f822bcbf,2026-07-27T03:00:00Z,2026-07-27T05:00:00+0200,58.69,EUR/MWh,DK1,DK_1,imbalance_price,Long,2026-08-23T05:51:55Z
2026-08-23T05:46:44Z,2026-08-23T07:46:44+0200,442f0342-0040-4db4-ac3f-85a7f822bcbf,2026-07-27T03:00:00Z,2026-07-27T05:00:00+0200,58.69,EUR/MWh,DK1,DK_1,imbalance_price,Short,2026-08-23T05:51:55Z
2026-08-23T05:46:44Z,2026-08-23T07:46:44+0200,442f0342-0040-4db4-ac3f-85a7f822bcbf,2026-07-27T03:15:00Z,2026-07-27T05:15:00+0200,60.0,EUR/MWh,DK1,DK_1,imbalance_price,Long,2026-08-23T05:51:55Z
2026-08-23T05:46:44Z,2026-08-23T07:46:44+0200,442f0342-0040-4db4-ac3f-85a7f822bcbf,2026-07-27T03:15:00Z,2026-07-27T05:15:00+0200,60.0,EUR/MWh,DK1,DK_1,imbalance_price,Short,2026-08-23T05:51:55Z
2026-08-23T05:46:44Z,2026-08-23T07:46:44+0200,442f0342-0040-4db4-ac3f-85a7f822bcbf,2026-07-27T03:30:00Z,2026-07-27T05:30:00+0200,159.5,EUR/MWh,DK1,DK_1,imbalance_price,Long,2026-08-23T05:51:55Z
2026-08-23T05:46:44Z,2026-08-23T07:46:44+0200,442f0342-0040-4db4-ac3f-85a7f822bcbf,2026-07-27T03:30:00Z,2026-07-27T05:30:00+0200,159.5,EUR/MWh,DK1,DK_1,imbalance_price,Short,2026-08-23T05:51:55Z
2026-08-23T05:46:44Z,2026-08-23T07:46:44+0200,442f0342-0040-4db4-ac3f-85a7f822bcbf,2026-07-27T03:45:00Z,2026-07-27T05:45:00+0200,145.5,EUR/MWh,DK1,DK_1,imbalance_price,Long,2026-08-23T05:51:55Z
2026-08-23T05:46:44Z,2026-08-23T07:46:44+0200,442f0342-0040-4db4-ac3f-85a7f822bcbf,2026-07-27T03:45:00Z,2026-07-27T05:45:00+0200,145.5,EUR/MWh,DK1,DK_1,imbalance_price,Short,2026-08-23T05:51:55Z
2026-08-23T05:46:44Z,2026-08-23T07:46:44+0200,442f0342-0040-4db4-ac3f-85a7f822bcbf,2026-07-27T04:00:00Z,2026-07-27T06:00:00+0200,101.82,EUR/MWh,DK1,DK_1,imbalance_price,Long,2026-08-23T05:51:55Z
2026-08-23T05:46:44Z,2026-08-23T07:46:44+0200,442f0342-0040-4db4-ac3f-85a7f822bcbf,2026-07-27T04:00:00Z,2026-07-27T06:00:00+0200,101.82,EUR/MWh,DK1,DK_1,imbalance_price,Short,2026-08-23T05:51:55Z
2026-08-23T05:46:44Z,2026-08-23T07:46:44+0200,442f0342-0040-4db4-ac3f-85a7f822bcbf,2026-07-27T04:15:00Z,2026-07-27T06:15:00+0200,55.55,EUR/MWh,DK1,DK_1,imbalance_price,Long,2026-08-23T05:51:55Z
2026-08-23T05:46:44Z,2026-08-23T07:46:44+0200,442f0342-0040-4db4-ac3f-85a7f822bcbf,2026-07-27T04:15:00Z,2026-07-27T06:15:00+0200,55.55,EUR/MWh,DK1,DK_1,imbalance_price,Short,2026-08-23T05:51:55Z
2026-08-23T05:46:44Z,2026-08-23T07:46:44+0200,442f0342-0040-4db4-ac3f-85a7f822bcbf,2026-07-27T04:30:00Z,2026-07-27T06:30:00+0200,25.25,EUR/MWh,DK1,DK_1,imbalance_price,Long,2026-08-23T05:51:55Z
2026-08-23T05:46:44Z,2026-08-23T07:46:44+0200,442f0342-0040-4db4-ac3f-85a7f822bcbf,2026-07-27T04:30:00Z,2026-07-27T06:30:00+0200,25.25,EUR/MWh,DK1,DK_1,imbalance_price,Short,2026-08-23T05:51:55Z
2026-08-23T05:46:44Z,2026-08-23T07:46:44+0200,442f0342-0040-4db4-ac3f-85a7f822bcbf,2026-07-27T04:45:00Z,2026-07-27T06:45:00+0200,240.69,EUR/MWh,DK1,DK_1,imbalance_price,Long,2026-08-23T05:51:55Z
2026-08-23T05:46:44Z,2026-08-23T07:46:44+0200,442f0342-0040-4db4-ac3f-85a7f822bcbf,2026-07-27T04:45:00Z,2026-07-27T06:45:00+0200,240.69,EUR/MWh,DK1,DK_1,imbalance_price,Short,2026-08-23T05:51:55Z
2026-08-23T05:46:44Z,2026-08-23T07:46:44+0200,442f0342-0040-4db4-ac3f-85a7f822bcbf,2026-07-27T05:00:00Z,2026-07-27T07:00:00+0200,140.0,EUR/MWh,DK1,DK_1,imbalance_price,Long,2026-08-23T05:51:55Z
2026-08-23T05:46:44Z,2026-08-23T07:46:44+0200,442f0342-0040-4db4-ac3f-85a7f822bcbf,2026-07-27T05:00:00Z,2026-07-27T07:00:00+0200,140.0,EUR/MWh,DK1,DK_1,imbalance_price,Short,2026-08-23T05:51:55Z
2026-08-23T05:46:44Z,2026-08-23T07:46:44+0200,442f0342-0040-4db4-ac3f-85a7f822bcbf,2026-07-27T05:15:00Z,2026-07-27T07:15:00+0200,267.54,EUR/MWh,DK1,DK_1,imbalance_price,Long,2026-08-23T05:51:55Z
2026-08-23T05:46:44Z,2026-08-23T07:46:44+0200,442f0342-0040-4db4-ac3f-85a7f822bcbf,2026-07-27T05:15:00Z,2026-07-27T07:15:00+0200,267.54,EUR/MWh,DK1,DK_1,imbalance_price,Short,2026-08-23T05:51:55Z
2026-08-23T05:46:44Z,2026-08-23T07:46:44+0200,442f0342-0040-4db4-ac3f-85a7f822bcbf,2026-07-27T05:30:00Z,2026-07-27T07:30:00+0200,252.83,EUR/MWh,DK1,DK_1,imbalance_price,Long,2026-08-23T05:51:55Z
2026-08-23T05:46:44Z,2026-08-23T07:46:44+0200,442f0342-0040-4db4-ac3f-85a7f822bcbf,2026-07-27T05:30:00Z,2026-07-27T07:30:00+0200,252.83,EUR/MWh,DK1,DK_1,imbalance_price,Short,2026-08-23T05:51:55Z
2026-08-23T05:46:44Z,2026-08-23T07:46:44+0200,442f0342-0040-4db4-ac3f-85a7f822bcbf,2026-07-27T05:45:00Z,2026-07-27T07:45:00+0200,132.37,EUR/MWh,DK1,DK_1,imbalance_price,Long,2026-08-23T05:51:55Z
2026-08-23T05:46:44Z,2026-08-23T07:46:44+0200,442f0342-0040-4db4-ac3f-85a7f822bcbf,2026-07-27T05:45:00Z,2026-07-27T07:45:00+0200,132.37,EUR/MWh,DK1,DK_1,imbalance_price,Short,2026-08-23T05:51:55Z
2026-08-23T05:46:44Z,2026-08-23T07:46:44+0200,442f0342-0040-4db4-ac3f-85a7f822bcbf,2026-07-27T06:00:00Z,2026-07-27T08:00:00+0200,400.0,EUR/MWh,DK1,DK_1,imbalance_price,Long,2026-08-23T05:51:55Z
2026-08-23T05:46:44Z,2026-08-23T07:46:44+0200,442f0342-0040-4db4-ac3f-85a7f822bcbf,2026-07-27T06:00:00Z,2026-07-27T08:00:00+0200,400.0,EUR/MWh,DK1,DK_1,imbalance_price,Short,2026-08-23T05:51:55Z
2026-08-23T05:46:44Z,2026-08-23T07:46:44+0200,442f0342-0040-4db4-ac3f-85a7f822bcbf,2026-07-27T06:15:00Z,2026-07-27T08:15:00+0200,334.47,EUR/MWh,DK1,DK_1,imbalance_price,Long,2026-08-23T05:51:55Z
2026-08-23T05:46:44Z,2026-08-23T07:46:44+0200,442f0342-0040-4db4-ac3f-85a7f822bcbf,2026-07-27T06:15:00Z,2026-07-27T08:15:00+0200,334.47,EUR/MWh,DK1,DK_1,imbalance_price,Short,2026-08-23T05:51:55Z
2026-08-23T05:46:44Z,2026-08-23T07:46:44+0200,442f0342-0040-4db4-ac3f-85a7f822bcbf,2026-07-27T06:30:00Z,2026-07-27T08:30:00+0200,214.42,EUR/MWh,DK1,DK_1,imbalance_price,Long,2026-08-23T05:51:55Z
2026-08-23T05:46:44Z,2026-08-23T07:46:44+0200,442f0342-0040-4db4-ac3f-85a7f822bcbf,2026-07-27T06:30:00Z,2026-07-27T08:30:00+0200,214.42,EUR/MWh,DK1,DK_1,imbalance_price,Short,2026-08-23T05:51:55Z
2026-08-23T05:46:44Z,2026-08-23T07:46:44+0200,442f0342-0040-4db4-ac3f-85a7f822bcbf,2026-07-27T06:45:00Z,2026-07-27T08:45:00+0200,154.67,EUR/MWh,DK1,DK_1,imbalance_price,Long,2026-08-23T05:51:55Z
2026-08-23T05:46:44Z,2026-08-23T07:46:44+0200,442f0342-0040-4db4-ac3f-85a7f822bcbf,2026-07-27T06:45:00Z,2026-07-27T08:45:00+0200,154.67,EUR/MWh,DK1,DK_1,imbalance_price,Short,2026-08-23T05:51:55Z
2026-08-23T05:46:44Z,2026-08-23T07:46:44+0200,442f0342-0040-4db4-ac3f-85a7f822bcbf,2026-07-27T07:00:00Z,2026-07-27T09:00:00+0200,107.62,EUR/MWh,DK1,DK_1,imbalance_price,Long,2026-08-23T05:51:55Z
2026-08-23T05:46:44Z,2026-08-23T07:46:44+0200,442f0342-0040-4db4-ac3f-85a7f822bcbf,2026-07-27T07:00:00Z,2026-07-27T09:00:00+0200,107.62,EUR/MWh,DK1,DK_1,imbalance_price,Short,2026-08-23T05:51:55Z
2026-08-23T05:46:44Z,2026-08-23T07:46:44+0200,442f0342-0040-4db4-ac3f-85a7f822bcbf,2026-07-27T07:15:00Z,2026-07-27T09:15:00+0200,84.63,EUR/MWh,DK1,DK_1,imbalance_price,Long,2026-08-23T05:51:55Z
2026-08-23T05:46:44Z,2026-08-23T07:46:44+0200,442f0342-0040-4db4-ac3f-85a7f822bcbf,2026-07-27T07:15:00Z,2026-07-27T09:15:00+0200,84.63,EUR/MWh,DK1,DK_1,imbalance_price,Short,2026-08-23T05:51:55Z
2026-08-23T05:46:44Z,2026-08-23T07:46:44+0200,442f0342-0040-4db4-ac3f-85a7f822bcbf,2026-07-27T07:30:00Z,2026-07-27T09:30:00+0200,72.2,EUR/MWh,DK1,DK_1,imbalance_price,Long,2026-08-23T05:51:55Z
2026-08-23T05:46:44Z,2026-08-23T07:46:44+0200,442f0342-0040-4db4-ac3f-85a7f822bcbf,2026-07-27T07:30:00Z,2026-07-27T09:30:00+0200,72.2,EUR/MWh,DK1,DK_1,imbalance_price,Short,2026-08-23T05:51:55Z
2026-08-23T05:46:44Z,2026-08-23T07:46:44+0200,442f0342-0040-4db4-ac3f-85a7f822bcbf,2026-07-27T07:45:00Z,2026-07-27T09:45:00+0200,203.91,EUR/MWh,DK1,DK_1,imbalance_price,Long,2026-08-23T05:51:55Z
2026-08-23T05:46:44Z,2026-08-23T07:46:44+0200,442f0342-0040-4db4-ac3f-85a7f822bcbf,2026-07-27T07:45:00Z,2026-07-27T09:45:00+0200,203.91,EUR/MWh,DK1,DK_1,imbalance_price,Short,2026-08-23T05:51:55Z
2026-08-23T05:46:44Z,2026-08-23T07:46:44+0200,442f0342-0040-4db4-ac3f-85a7f822bcbf,2026-07-27T08:00:00Z,2026-07-27T10:00:00+0200,491.54,EUR/MWh,DK1,DK_1,imbalance_price,Long,2026-08-23T05:51:55Z
2026-08-23T05:46:44Z,2026-08-23T07:46:44+0200,442f0342-0040-4db4-ac3f-85a7f822bcbf,2026-07-27T08:00:00Z,2026-07-27T10:00:00+0200,491.54,EUR/MWh,DK1,DK_1,imbalance_price,Short,2026-08-23T05:51:55Z
2026-08-23T05:46:44Z,2026-08-23T07:46:44+0200,442f0342-0040-4db4-ac3f-85a7f822bcbf,2026-07-27T08:15:00Z,2026-07-27T10:15:00+0200,19.44,EUR/MWh,DK1,DK_1,imbalance_price,Long,2026-08-23T05:51:55Z
2026-08-23T05:46:44Z,2026-08-23T07:46:44+0200,442f0342-0040-4db4-ac3f-85a7f822bcbf,2026-07-27T08:15:00Z,2026-07-27T10:15:00+0200,19.44,EUR/MWh,DK1,DK_1,imbalance_price,Short,2026-08-23T05:51:55Z
2026-08-23T05:46:44Z,2026-08-23T07:46:44+0200,442f0342-0040-4db4-ac3f-85a7f822bcbf,2026-07-27T08:30:00Z,2026-07-27T10:30:00+0200,79.15,EUR/MWh,DK1,DK_1,imbalance_price,Long,2026-08-23T05:51:55Z
2026-08-23T05:46:44Z,2026-08-23T07:46:44+0200,442f0342-0040-4db4-ac3f-85a7f822bcbf,2026-07-27T08:30:00Z,2026-07-27T10:30:00+0200,79.15,EUR/MWh,DK1,DK_1,imbalance_price,Short,2026-08-23T05:51:55Z
2026-08-23T05:46:44Z,2026-08-23T07:46:44+0200,442f0342-0040-4db4-ac3f-85a7f822bcbf,2026-07-27T08:45:00Z,2026-07-27T10:45:00+0200,53.01,EUR/MWh,DK1,DK_1,imbalance_price,Long,2026-08-23T05:51:55Z
2026-08-23T05:46:44Z,2026-08-23T07:46:44+0200,442f0342-0040-4db4-ac3f-85a7f822bcbf,2026-07-27T08:45:00Z,2026-07-27T10:45:00+0200,53.01,EUR/MWh,DK1,DK_1,imbalance_price,Short,2026-08-23T05:51:55Z
2026-08-23T05:46:44Z,2026-08-23T07:46:44+0200,442f0342-0040-4db4-ac3f-85a7f822bcbf,2026-07-27T09:00:00Z,2026-07-27T11:00:00+0200,79.87,EUR/MWh,DK1,DK_1,imbalance_price,Long,2026-08-23T05:51:55Z
2026-08-23T05:46:44Z,2026-08-23T07:46:44+0200,442f0342-0040-4db4-ac3f-85a7f822bcbf,2026-07-27T09:00:00Z,2026-07-27T11:00:00+0200,79.87,EUR/MWh,DK1,DK_1,imbalance_price,Short,2026-08-23T05:51:55Z
2026-08-23T05:46:44Z,2026-08-23T07:46:44+0200,442f0342-0040-4db4-ac3f-85a7f822bcbf,2026-07-27T09:15:00Z,2026-07-27T11:15:00+0200,79.9,EUR/MWh,DK1,DK_1,imbalance_price,Long,2026-08-23T05:51:55Z
2026-08-23T05:46:44Z,2026-08-23T07:46:44+0200,442f0342-0040-4db4-ac3f-85a7f822bcbf,2026-07-27T09:15:00Z,2026-07-27T11:15:00+0200,79.9,EUR/MWh,DK1,DK_1,imbalance_price,Short,2026-08-23T05:51:55Z
2026-08-23T05:46:44Z,2026-08-23T07:46:44+0200,442f0342-0040-4db4-ac3f-85a7f822bcbf,2026-07-27T09:30:00Z,2026-07-27T11:30:00+0200,153.86,EUR/MWh,DK1,DK_1,imbalance_price,Long,2026-08-23T05:51:55Z
2026-08-23T05:46:44Z,2026-08-23T07:46:44+0200,442f0342-0040-4db4-ac3f-85a7f822bcbf,2026-07-27T09:30:00Z,2026-07-27T11:30:00+0200,153.86,EUR/MWh,DK1,DK_1,imbalance_price,Short,2026-08-23T05:51:55Z
2026-08-23T05:46:44Z,2026-08-23T07:46:44+0200,442f0342-0040-4db4-ac3f-85a7f822bcbf,2026-07-27T09:45:00Z,2026-07-27T11:45:00+0200,27.7,EUR/MWh,DK1,DK_1,imbalance_price,Long,2026-08-23T05:51:55Z
2026-08-23T05:46:44Z,2026-08-23T07:46:44+0200,442f0342-0040-4db4-ac3f-85a7f822bcbf,2026-07-27T09:45:00Z,2026-07-27T11:45:00+0200,27.7,EUR/MWh,DK1,DK_1,imbalance_price,Short,2026-08-23T05:51:55Z
2026-08-23T05:46:44Z,2026-08-23T07:46:44+0200,442f0342-0040-4db4-ac3f-85a7f822bcbf,2026-07-27T10:00:00Z,2026-07-27T12:00:00+0200,-3.88,EUR/MWh,DK1,DK_1,imbalance_price,Long,2026-08-23T05:51:55Z
2026-08-23T05:46:44Z,2026-08-23T07:46:44+0200,442f0342-0040-4db4-ac3f-85a7f822bcbf,2026-07-27T10:00:00Z,2026-07-27T12:00:00+0200,-3.88,EUR/MWh,DK1,DK_1,imbalance_price,Short,2026-08-23T05:51:55Z
2026-08-23T05:46:44Z,2026-08-23T07:46:44+0200,442f0342-0040-4db4-ac3f-85a7f822bcbf,2026-07-27T10:15:00Z,2026-07-27T12:15:00+0200,19.96,EUR/MWh,DK1,DK_1,imbalance_price,Long,2026-08-23T05:51:55Z
2026-08-23T05:46:44Z,2026-08-23T07:46:44+0200,442f0342-0040-4db4-ac3f-85a7f822bcbf,2026-07-27T10:15:00Z,2026-07-27T12:15:00+0200,19.96,EUR/MWh,DK1,DK_1,imbalance_price,Short,2026-08-23T05:51:55Z
2026-08-23T05:46:44Z,2026-08-23T07:46:44+0200,442f0342-0040-4db4-ac3f-85a7f822bcbf,2026-07-27T10:30:00Z,2026-07-27T12:30:00+0200,0.46,EUR/MWh,DK1,DK_1,imbalance_price,Long,2026-08-23T05:51:55Z
2026-08-23T05:46:44Z,2026-08-23T07:46:44+0200,442f0342-0040-4db4-ac3f-85a7f822bcbf,2026-07-27T10:30:00Z,2026-07-27T12:30:00+0200,0.46,EUR/MWh,DK1,DK_1,imbalance_price,Short,2026-08-23T05:51:55Z
2026-08-23T05:46:44Z,2026-08-23T07:46:44+0200,442f0342-0040-4db4-ac3f-85a7f822bcbf,2026-07-27T10:45:00Z,2026-07-27T12:45:00+0200,-4.28,EUR/MWh,DK1,DK_1,imbalance_price,Long,2026-08-23T05:51:55Z
2026-08-23T05:46:44Z,2026-08-23T07:46:44+0200,442f0342-0040-4db4-ac3f-85a7f822bcbf,2026-07-27T10:45:00Z,2026-07-27T12:45:00+0200,-4.28,EUR/MWh,DK1,DK_1,imbalance_price,Short,2026-08-23T05:51:55Z
2026-08-23T05:46:44Z,2026-08-23T07:46:44+0200,442f0342-0040-4db4-ac3f-85a7f822bcbf,2026-07-27T11:00:00Z,2026-07-27T13:00:00+0200,1.35,EUR/MWh,DK1,DK_1,imbalance_price,Long,2026-08-23T05:51:55Z
2026-08-23T05:46:44Z,2026-08-23T07:46:44+0200,442f0342-0040-4db4-ac3f-85a7f822bcbf,2026-07-27T11:00:00Z,2026-07-27T13:00:00+0200,1.35,EUR/MWh,DK1,DK_1,imbalance_price,Short,2026-08-23T05:51:55Z
2026-08-23T05:46:44Z,2026-08-23T07:46:44+0200,442f0342-0040-4db4-ac3f-85a7f822bcbf,2026-07-27T11:15:00Z,2026-07-27T13:15:00+0200,1.34,EUR/MWh,DK1,DK_1,imbalance_price,Long,2026-08-23T05:51:55Z
2026-08-23T05:46:44Z,2026-08-23T07:46:44+0200,442f0342-0040-4db4-ac3f-85a7f822bcbf,2026-07-27T11:15:00Z,2026-07-27T13:15:00+0200,1.34,EUR/MWh,DK1,DK_1,imbalance_price,Short,2026-08-23T05:51:55Z
2026-08-23T05:46:44Z,2026-08-23T07:46:44+0200,442f0342-0040-4db4-ac3f-85a7f822bcbf,2026-07-27T11:30:00Z,2026-07-27T13:30:00+0200,0.98,EUR/MWh,DK1,DK_1,imbalance_price,Long,2026-08-23T05:51:55Z
2026-08-23T05:46:44Z,2026-08-23T07:46:44+0200,442f0342-0040-4db4-ac3f-85a7f822bcbf,2026-07-27T11:30:00Z,2026-07-27T13:30:00+0200,0.98,EUR/MWh,DK1,DK_1,imbalance_price,Short,2026-08-23T05:51:55Z
2026-08-23T05:46:44Z,2026-08-23T07:46:44+0200,442f0342-0040-4db4-ac3f-85a7f822bcbf,2026-07-27T11:45:00Z,2026-07-27T13:45:00+0200,10.03,EUR/MWh,DK1,DK_1,imbalance_price,Long,2026-08-23T05:51:55Z
2026-08-23T05:46:44Z,2026-08-23T07:46:44+0200,442f0342-0040-4db4-ac3f-85a7f822bcbf,2026-07-27T11:45:00Z,2026-07-27T13:45:00+0200,10.03,EUR/MWh,DK1,DK_1,imbalance_price,Short,2026-08-23T05:51:55Z
2026-08-23T05:46:44Z,2026-08-23T07:46:44+0200,442f0342-0040-4db4-ac3f-85a7f822bcbf,2026-07-27T12:00:00Z,2026-07-27T14:00:00+0200,-0.28,EUR/MWh,DK1,DK_1,imbalance_price,Long,2026-08-23T05:51:55Z
2026-08-23T05:46:44Z,2026-08-23T07:46:44+0200,442f0342-0040-4db4-ac3f-85a7f822bcbf,2026-07-27T12:00:00Z,2026-07-27T14:00:00+0200,-0.28,EUR/MWh,DK1,DK_1,imbalance_price,Short,2026-08-23T05:51:55Z
2026-08-23T05:46:44Z,2026-08-23T07:46:44+0200,442f0342-0040-4db4-ac3f-85a7f822bcbf,2026-07-27T12:15:00Z,2026-07-27T14:15:00+0200,17.35,EUR/MWh,DK1,DK_1,imbalance_price,Long,2026-08-23T05:51:55Z
2026-08-23T05:46:44Z,2026-08-23T07:46:44+0200,442f0342-0040-4db4-ac3f-85a7f822bcbf,2026-07-27T12:15:00Z,2026-07-27T14:15:00+0200,17.35,EUR/MWh,DK1,DK_1,imbalance_price,Short,2026-08-23T05:51:55Z
2026-08-23T05:46:44Z,2026-08-23T07:46:44+0200,442f0342-0040-4db4-ac3f-85a7f822bcbf,2026-07-27T12:30:00Z,2026-07-27T14:30:00+0200,42.07,EUR/MWh,DK1,DK_1,imbalance_price,Long,2026-08-23T05:51:55Z
2026-08-23T05:46:44Z,2026-08-23T07:46:44+0200,442f0342-0040-4db4-ac3f-85a7f822bcbf,2026-07-27T12:30:00Z,2026-07-27T14:30:00+0200,42.07,EUR/MWh,DK1,DK_1,imbalance_price,Short,2026-08-23T05:51:55Z
2026-08-23T05:46:44Z,2026-08-23T07:46:44+0200,442f0342-0040-4db4-ac3f-85a7f822bcbf,2026-07-27T12:45:00Z,2026-07-27T14:45:00+0200,11.64,EUR/MWh,DK1,DK_1,imbalance_price,Long,2026-08-23T05:51:55Z
2026-08-23T05:46:44Z,2026-08-23T07:46:44+0200,442f0342-0040-4db4-ac3f-85a7f822bcbf,2026-07-27T12:45:00Z,2026-07-27T14:45:00+0200,11.64,EUR/MWh,DK1,DK_1,imbalance_price,Short,2026-08-23T05:51:55Z
2026-08-23T05:46:44Z,2026-08-23T07:46:44+0200,442f0342-0040-4db4-ac3f-85a7f822bcbf,2026-07-27T13:00:00Z,2026-07-27T15:00:00+0200,11.37,EUR/MWh,DK1,DK_1,imbalance_price,Long,2026-08-23T05:51:55Z
2026-08-23T05:46:44Z,2026-08-23T07:46:44+0200,442f0342-0040-4db4-ac3f-85a7f822bcbf,2026-07-27T13:00:00Z,2026-07-27T15:00:00+0200,11.37,EUR/MWh,DK1,DK_1,imbalance_price,Short,2026-08-23T05:51:55Z
2026-08-23T05:46:44Z,2026-08-23T07:46:44+0200,442f0342-0040-4db4-ac3f-85a7f822bcbf,2026-07-27T13:15:00Z,2026-07-27T15:15:00+0200,-1.92,EUR/MWh,DK1,DK_1,imbalance_price,Long,2026-08-23T05:51:55Z
2026-08-23T05:46:44Z,2026-08-23T07:46:44+0200,442f0342-0040-4db4-ac3f-85a7f822bcbf,2026-07-27T13:15:00Z,2026-07-27T15:15:00+0200,-1.92,EUR/MWh,DK1,DK_1,imbalance_price,Short,2026-08-23T05:51:55Z
2026-08-23T05:46:44Z,2026-08-23T07:46:44+0200,442f0342-0040-4db4-ac3f-85a7f822bcbf,2026-07-27T13:30:00Z,2026-07-27T15:30:00+0200,7.76,EUR/MWh,DK1,DK_1,imbalance_price,Long,2026-08-23T05:51:55Z
2026-08-23T05:46:44Z,2026-08-23T07:46:44+0200,442f0342-0040-4db4-ac3f-85a7f822bcbf,2026-07-27T13:30:00Z,2026-07-27T15:30:00+0200,7.76,EUR/MWh,DK1,DK_1,imbalance_price,Short,2026-08-23T05:51:55Z
2026-08-23T05:46:44Z,2026-08-23T07:46:44+0200,442f0342-0040-4db4-ac3f-85a7f822bcbf,2026-07-27T13:45:00Z,2026-07-27T15:45:00+0200,13.38,EUR/MWh,DK1,DK_1,imbalance_price,Long,2026-08-23T05:51:55Z
2026-08-23T05:46:44Z,2026-08-23T07:46:44+0200,442f0342-0040-4db4-ac3f-85a7f822bcbf,2026-07-27T13:45:00Z,2026-07-27T15:45:00+0200,13.38,EUR/MWh,DK1,DK_1,imbalance_price,Short,2026-08-23T05:51:55Z
2026-08-23T05:46:44Z,2026-08-23T07:46:44+0200,442f0342-0040-4db4-ac3f-85a7f822bcbf,2026-07-27T14:00:00Z,2026-07-27T16:00:00+0200,9.0,EUR/MWh,DK1,DK_1,imbalance_price,Long,2026-08-23T05:51:55Z
2026-08-23T05:46:44Z,2026-08-23T07:46:44+0200,442f0342-0040-4db4-ac3f-85a7f822bcbf,2026-07-27T14:00:00Z,2026-07-27T16:00:00+0200,9.0,EUR/MWh,DK1,DK_1,imbalance_price,Short,2026-08-23T05:51:55Z
2026-08-23T05:46:44Z,2026-08-23T07:46:44+0200,442f0342-0040-4db4-ac3f-85a7f822bcbf,2026-07-27T14:15:00Z,2026-07-27T16:15:00+0200,0.0,EUR/MWh,DK1,DK_1,imbalance_price,Long,2026-08-23T05:51:55Z
2026-08-23T05:46:44Z,2026-08-23T07:46:44+0200,442f0342-0040-4db4-ac3f-85a7f822bcbf,2026-07-27T14:15:00Z,2026-07-27T16:15:00+0200,0.0,EUR/MWh,DK1,DK_1,imbalance_price,Short,2026-08-23T05:51:55Z
2026-08-23T05:46:44Z,2026-08-23T07:46:44+0200,442f0342-0040-4db4-ac3f-85a7f822bcbf,2026-07-27T14:30:00Z,2026-07-27T16:30:00+0200,11.11,EUR/MWh,DK1,DK_1,imbalance_price,Long,2026-08-23T05:51:55Z
2026-08-23T05:46:44Z,2026-08-23T07:46:44+0200,442f0342-0040-4db4-ac3f-85a7f822bcbf,2026-07-27T14:30:00Z,2026-07-27T16:30:00+0200,11.11,EUR/MWh,DK1,DK_1,imbalance_price,Short,2026-08-23T05:51:55Z
2026-08-23T05:46:44Z,2026-08-23T07:46:44+0200,442f0342-0040-4db4-ac3f-85a7f822bcbf,2026-07-27T14:45:00Z,2026-07-27T16:45:00+0200,47.49,EUR/MWh,DK1,DK_1,imbalance_price,Long,2026-08-23T05:51:55Z
2026-08-23T05:46:44Z,2026-08-23T07:46:44+0200,442f0342-0040-4db4-ac3f-85a7f822bcbf,2026-07-27T14:45:00Z,2026-07-27T16:45:00+0200,47.49,EUR/MWh,DK1,DK_1,imbalance_price,Short,2026-08-23T05:51:55Z
2026-08-23T05:46:44Z,2026-08-23T07:46:44+0200,442f0342-0040-4db4-ac3f-85a7f822bcbf,2026-07-27T15:00:00Z,2026-07-27T17:00:00+0200,0.0,EUR/MWh,DK1,DK_1,imbalance_price,Long,2026-08-23T05:51:55Z
2026-08-23T05:46:44Z,2026-08-23T07:46:44+0200,442f0342-0040-4db4-ac3f-85a7f822bcbf,2026-07-27T15:00:00Z,2026-07-27T17:00:00+0200,0.0,EUR/MWh,DK1,DK_1,imbalance_price,Short,2026-08-23T05:51:55Z
2026-08-23T05:46:44Z,2026-08-23T07:46:44+0200,442f0342-0040-4db4-ac3f-85a7f822bcbf,2026-07-27T15:15:00Z,2026-07-27T17:15:00+0200,29.97,EUR/MWh,DK1,DK_1,imbalance_price,Long,2026-08-23T05:51:55Z
2026-08-23T05:46:44Z,2026-08-23T07:46:44+0200,442f0342-0040-4db4-ac3f-85a7f822bcbf,2026-07-27T15:15:00Z,2026-07-27T17:15:00+0200,29.97,EUR/MWh,DK1,DK_1,imbalance_price,Short,2026-08-23T05:51:55Z
2026-08-23T05:46:44Z,2026-08-23T07:46:44+0200,442f0342-0040-4db4-ac3f-85a7f822bcbf,2026-07-27T15:30:00Z,2026-07-27T17:30:00+0200,97.79,EUR/MWh,DK1,DK_1,imbalance_price,Long,2026-08-23T05:51:55Z
2026-08-23T05:46:44Z,2026-08-23T07:46:44+0200,442f0342-0040-4db4-ac3f-85a7f822bcbf,2026-07-27T15:30:00Z,2026-07-27T17:30:00+0200,97.79,EUR/MWh,DK1,DK_1,imbalance_price,Short,2026-08-23T05:51:55Z
2026-08-23T05:46:44Z,2026-08-23T07:46:44+0200,442f0342-0040-4db4-ac3f-85a7f822bcbf,2026-07-27T15:45:00Z,2026-07-27T17:45:00+0200,110.81,EUR/MWh,DK1,DK_1,imbalance_price,Long,2026-08-23T05:51:55Z
2026-08-23T05:46:44Z,2026-08-23T07:46:44+0200,442f0342-0040-4db4-ac3f-85a7f822bcbf,2026-07-27T15:45:00Z,2026-07-27T17:45:00+0200,110.81,EUR/MWh,DK1,DK_1,imbalance_price,Short,2026-08-23T05:51:55Z
2026-08-23T05:46:44Z,2026-08-23T07:46:44+0200,442f0342-0040-4db4-ac3f-85a7f822bcbf,2026-07-27T16:00:00Z,2026-07-27T18:00:00+0200,20.07,EUR/MWh,DK1,DK_1,imbalance_price,Long,2026-08-23T05:51:55Z
2026-08-23T05:46:44Z,2026-08-23T07:46:44+0200,442f0342-0040-4db4-ac3f-85a7f822bcbf,2026-07-27T16:00:00Z,2026-07-27T18:00:00+0200,20.07,EUR/MWh,DK1,DK_1,imbalance_price,Short,2026-08-23T05:51:55Z
2026-08-23T05:46:44Z,2026-08-23T07:46:44+0200,442f0342-0040-4db4-ac3f-85a7f822bcbf,2026-07-27T16:15:00Z,2026-07-27T18:15:00+0200,-5.96,EUR/MWh,DK1,DK_1,imbalance_price,Long,2026-08-23T05:51:55Z
2026-08-23T05:46:44Z,2026-08-23T07:46:44+0200,442f0342-0040-4db4-ac3f-85a7f822bcbf,2026-07-27T16:15:00Z,2026-07-27T18:15:00+0200,-5.96,EUR/MWh,DK1,DK_1,imbalance_price,Short,2026-08-23T05:51:55Z
2026-08-23T05:46:44Z,2026-08-23T07:46:44+0200,442f0342-0040-4db4-ac3f-85a7f822bcbf,2026-07-27T16:30:00Z,2026-07-27T18:30:00+0200,-3.62,EUR/MWh,DK1,DK_1,imbalance_price,Long,2026-08-23T05:51:55Z
2026-08-23T05:46:44Z,2026-08-23T07:46:44+0200,442f0342-0040-4db4-ac3f-85a7f822bcbf,2026-07-27T16:30:00Z,2026-07-27T18:30:00+0200,-3.62,EUR/MWh,DK1,DK_1,imbalance_price,Short,2026-08-23T05:51:55Z
2026-08-23T05:46:44Z,2026-08-23T07:46:44+0200,442f0342-0040-4db4-ac3f-85a7f822bcbf,2026-07-27T16:45:00Z,2026-07-27T18:45:00+0200,-2.4,EUR/MWh,DK1,DK_1,imbalance_price,Long,2026-08-23T05:51:55Z
2026-08-23T05:46:44Z,2026-08-23T07:46:44+0200,442f0342-0040-4db4-ac3f-85a7f822bcbf,2026-07-27T16:45:00Z,2026-07-27T18:45:00+0200,-2.4,EUR/MWh,DK1,DK_1,imbalance_price,Short,2026-08-23T05:51:55Z
2026-08-23T05:46:44Z,2026-08-23T07:46:44+0200,442f0342-0040-4db4-ac3f-85a7f822bcbf,2026-07-27T17:00:00Z,2026-07-27T19:00:00+0200,-2.85,EUR/MWh,DK1,DK_1,imbalance_price,Long,2026-08-23T05:51:55Z
2026-08-23T05:46:44Z,2026-08-23T07:46:44+0200,442f0342-0040-4db4-ac3f-85a7f822bcbf,2026-07-27T17:00:00Z,2026-07-27T19:00:00+0200,-2.85,EUR/MWh,DK1,DK_1,imbalance_price,Short,2026-08-23T05:51:55Z
2026-08-23T05:46:44Z,2026-08-23T07:46:44+0200,442f0342-0040-4db4-ac3f-85a7f822bcbf,2026-07-27T17:15:00Z,2026-07-27T19:15:00+0200,118.1,EUR/MWh,DK1,DK_1,imbalance_price,Long,2026-08-23T05:51:55Z
2026-08-23T05:46:44Z,2026-08-23T07:46:44+0200,442f0342-0040-4db4-ac3f-85a7f822bcbf,2026-07-27T17:15:00Z,2026-07-27T19:15:00+0200,118.1,EUR/MWh,DK1,DK_1,imbalance_price,Short,2026-08-23T05:51:55Z
2026-08-23T05:46:44Z,2026-08-23T07:46:44+0200,442f0342-0040-4db4-ac3f-85a7f822bcbf,2026-07-27T17:30:00Z,2026-07-27T19:30:00+0200,3.52,EUR/MWh,DK1,DK_1,imbalance_price,Long,2026-08-23T05:51:55Z
2026-08-23T05:46:44Z,2026-08-23T07:46:44+0200,442f0342-0040-4db4-ac3f-85a7f822bcbf,2026-07-27T17:30:00Z,2026-07-27T19:30:00+0200,3.52,EUR/MWh,DK1,DK_1,imbalance_price,Short,2026-08-23T05:51:55Z
2026-08-23T05:46:44Z,2026-08-23T07:46:44+0200,442f0342-0040-4db4-ac3f-85a7f822bcbf,2026-07-27T17:45:00Z,2026-07-27T19:45:00+0200,33.0,EUR/MWh,DK1,DK_1,imbalance_price,Long,2026-08-23T05:51:55Z
2026-08-23T05:46:44Z,2026-08-23T07:46:44+0200,442f0342-0040-4db4-ac3f-85a7f822bcbf,2026-07-27T17:45:00Z,2026-07-27T19:45:00+0200,33.0,EUR/MWh,DK1,DK_1,imbalance_price,Short,2026-08-23T05:51:55Z
2026-08-23T05:46:44Z,2026-08-23T07:46:44+0200,442f0342-0040-4db4-ac3f-85a7f822bcbf,2026-07-27T18:00:00Z,2026-07-27T20:00:00+0200,80.7,EUR/MWh,DK1,DK_1,imbalance_price,Long,2026-08-23T05:51:55Z
2026-08-23T05:46:44Z,2026-08-23T07:46:44+0200,442f0342-0040-4db4-ac3f-85a7f822bcbf,2026-07-27T18:00:00Z,2026-07-27T20:00:00+0200,80.7,EUR/MWh,DK1,DK_1,imbalance_price,Short,2026-08-23T05:51:55Z
2026-08-23T05:46:44Z,2026-08-23T07:46:44+0200,442f0342-0040-4db4-ac3f-85a7f822bcbf,2026-07-27T18:15:00Z,2026-07-27T20:15:00+0200,125.2,EUR/MWh,DK1,DK_1,imbalance_price,Long,2026-08-23T05:51:55Z
2026-08-23T05:46:44Z,2026-08-23T07:46:44+0200,442f0342-0040-4db4-ac3f-85a7f822bcbf,2026-07-27T18:15:00Z,2026-07-27T20:15:00+0200,125.2,EUR/MWh,DK1,DK_1,imbalance_price,Short,2026-08-23T05:51:55Z
2026-08-23T05:46:44Z,2026-08-23T07:46:44+0200,442f0342-0040-4db4-ac3f-85a7f822bcbf,2026-07-27T18:30:00Z,2026-07-27T20:30:00+0200,334.5,EUR/MWh,DK1,DK_1,imbalance_price,Long,2026-08-23T05:51:55Z
2026-08-23T05:46:44Z,2026-08-23T07:46:44+0200,442f0342-0040-4db4-ac3f-85a7f822bcbf,2026-07-27T18:30:00Z,2026-07-27T20:30:00+0200,334.5,EUR/MWh,DK1,DK_1,imbalance_price,Short,2026-08-23T05:51:55Z
2026-08-23T05:46:44Z,2026-08-23T07:46:44+0200,442f0342-0040-4db4-ac3f-85a7f822bcbf,2026-07-27T18:45:00Z,2026-07-27T20:45:00+0200,14.69,EUR/MWh,DK1,DK_1,imbalance_price,Long,2026-08-23T05:51:55Z
2026-08-23T05:46:44Z,2026-08-23T07:46:44+0200,442f0342-0040-4db4-ac3f-85a7f822bcbf,2026-07-27T18:45:00Z,2026-07-27T20:45:00+0200,14.69,EUR/MWh,DK1,DK_1,imbalance_price,Short,2026-08-23T05:51:55Z
2026-08-23T05:46:44Z,2026-08-23T07:46:44+0200,442f0342-0040-4db4-ac3f-85a7f822bcbf,2026-07-27T19:00:00Z,2026-07-27T21:00:00+0200,97.13,EUR/MWh,DK1,DK_1,imbalance_price,Long,2026-08-23T05:51:55Z
2026-08-23T05:46:44Z,2026-08-23T07:46:44+0200,442f0342-0040-4db4-ac3f-85a7f822bcbf,2026-07-27T19:00:00Z,2026-07-27T21:00:00+0200,97.13,EUR/MWh,DK1,DK_1,imbalance_price,Short,2026-08-23T05:51:55Z
2026-08-23T05:46:44Z,2026-08-23T07:46:44+0200,442f0342-0040-4db4-ac3f-85a7f822bcbf,2026-07-27T19:15:00Z,2026-07-27T21:15:00+0200,267.6,EUR/MWh,DK1,DK_1,imbalance_price,Long,2026-08-23T05:51:55Z
2026-08-23T05:46:44Z,2026-08-23T07:46:44+0200,442f0342-0040-4db4-ac3f-85a7f822bcbf,2026-07-27T19:15:00Z,2026-07-27T21:15:00+0200,267.6,EUR/MWh,DK1,DK_1,imbalance_price,Short,2026-08-23T05:51:55Z
2026-08-23T05:46:44Z,2026-08-23T07:46:44+0200,442f0342-0040-4db4-ac3f-85a7f822bcbf,2026-07-27T19:30:00Z,2026-07-27T21:30:00+0200,159.77,EUR/MWh,DK1,DK_1,imbalance_price,Long,2026-08-23T05:51:55Z
2026-08-23T05:46:44Z,2026-08-23T07:46:44+0200,442f0342-0040-4db4-ac3f-85a7f822bcbf,2026-07-27T19:30:00Z,2026-07-27T21:30:00+0200,159.77,EUR/MWh,DK1,DK_1,imbalance_price,Short,2026-08-23T05:51:55Z
2026-08-23T05:46:44Z,2026-08-23T07:46:44+0200,442f0342-0040-4db4-ac3f-85a7f822bcbf,2026-07-27T19:45:00Z,2026-07-27T21:45:00+0200,334.47,EUR/MWh,DK1,DK_1,imbalance_price,Long,2026-08-23T05:51:55Z
2026-08-23T05:46:44Z,2026-08-23T07:46:44+0200,442f0342-0040-4db4-ac3f-85a7f822bcbf,2026-07-27T19:45:00Z,2026-07-27T21:45:00+0200,334.47,EUR/MWh,DK1,DK_1,imbalance_price,Short,2026-08-23T05:51:55Z
2026-08-23T05:46:44Z,2026-08-23T07:46:44+0200,442f0342-0040-4db4-ac3f-85a7f822bcbf,2026-07-27T20:00:00Z,2026-07-27T22:00:00+0200,468.26,EUR/MWh,DK1,DK_1,imbalance_price,Long,2026-08-23T05:51:55Z
2026-08-23T05:46:44Z,2026-08-23T07:46:44+0200,442f0342-0040-4db4-ac3f-85a7f822bcbf,2026-07-27T20:00:00Z,2026-07-27T22:00:00+0200,468.26,EUR/MWh,DK1,DK_1,imbalance_price,Short,2026-08-23T05:51:55Z
2026-08-23T05:46:44Z,2026-08-23T07:46:44+0200,442f0342-0040-4db4-ac3f-85a7f822bcbf,2026-07-27T20:15:00Z,2026-07-27T22:15:00+0200,294.34,EUR/MWh,DK1,DK_1,imbalance_price,Long,2026-08-23T05:51:55Z
2026-08-23T05:46:44Z,2026-08-23T07:46:44+0200,442f0342-0040-4db4-ac3f-85a7f822bcbf,2026-07-27T20:15:00Z,2026-07-27T22:15:00+0200,294.34,EUR/MWh,DK1,DK_1,imbalance_price,Short,2026-08-23T05:51:55Z
2026-08-23T05:46:44Z,2026-08-23T07:46:44+0200,442f0342-0040-4db4-ac3f-85a7f822bcbf,2026-07-27T20:30:00Z,2026-07-27T22:30:00+0200,240.84,EUR/MWh,DK1,DK_1,imbalance_price,Long,2026-08-23T05:51:55Z
2026-08-23T05:46:44Z,2026-08-23T07:46:44+0200,442f0342-0040-4db4-ac3f-85a7f822bcbf,2026-07-27T20:30:00Z,2026-07-27T22:30:00+0200,240.84,EUR/MWh,DK1,DK_1,imbalance_price,Short,2026-08-23T05:51:55Z
2026-08-23T05:46:44Z,2026-08-23T07:46:44+0200,442f0342-0040-4db4-ac3f-85a7f822bcbf,2026-07-27T20:45:00Z,2026-07-27T22:45:00+0200,88.38,EUR/MWh,DK1,DK_1,imbalance_price,Long,2026-08-23T05:51:55Z
2026-08-23T05:46:44Z,2026-08-23T07:46:44+0200,442f0342-0040-4db4-ac3f-85a7f822bcbf,2026-07-27T20:45:00Z,2026-07-27T22:45:00+0200,88.38,EUR/MWh,DK1,DK_1,imbalance_price,Short,2026-08-23T05:51:55Z
2026-08-23T05:46:44Z,2026-08-23T07:46:44+0200,442f0342-0040-4db4-ac3f-85a7f822bcbf,2026-07-27T21:00:00Z,2026-07-27T23:00:00+0200,5.95,EUR/MWh,DK1,DK_1,imbalance_price,Long,2026-08-23T05:51:55Z
2026-08-23T05:46:44Z,2026-08-23T07:46:44+0200,442f0342-0040-4db4-ac3f-85a7f822bcbf,2026-07-27T21:00:00Z,2026-07-27T23:00:00+0200,5.95,EUR/MWh,DK1,DK_1,imbalance_price,Short,2026-08-23T05:51:55Z
2026-08-23T05:46:44Z,2026-08-23T07:46:44+0200,442f0342-0040-4db4-ac3f-85a7f822bcbf,2026-07-27T21:15:00Z,2026-07-27T23:15:00+0200,41.58,EUR/MWh,DK1,DK_1,imbalance_price,Long,2026-08-23T05:51:55Z
2026-08-23T05:46:44Z,2026-08-23T07:46:44+0200,442f0342-0040-4db4-ac3f-85a7f822bcbf,2026-07-27T21:15:00Z,2026-07-27T23:15:00+0200,41.58,EUR/MWh,DK1,DK_1,imbalance_price,Short,2026-08-23T05:51:55Z
2026-08-23T05:46:44Z,2026-08-23T07:46:44+0200,442f0342-0040-4db4-ac3f-85a7f822bcbf,2026-07-27T21:30:00Z,2026-07-27T23:30:00+0200,33.2,EUR/MWh,DK1,DK_1,imbalance_price,Long,2026-08-23T05:51:55Z
2026-08-23T05:46:44Z,2026-08-23T07:46:44+0200,442f0342-0040-4db4-ac3f-85a7f822bcbf,2026-07-27T21:30:00Z,2026-07-27T23:30:00+0200,33.2,EUR/MWh,DK1,DK_1,imbalance_price,Short,2026-08-23T05:51:55Z
2026-08-23T05:46:44Z,2026-08-23T07:46:44+0200,442f0342-0040-4db4-ac3f-85a7f822bcbf,2026-07-27T21:45:00Z,2026-07-27T23:45:00+0200,17.33,EUR/MWh,DK1,DK_1,imbalance_price,Long,2026-08-23T05:51:55Z
2026-08-23T05:46:44Z,2026-08-23T07:46:44+0200,442f0342-0040-4db4-ac3f-85a7f822bcbf,2026-07-27T21:45:00Z,2026-07-27T23:45:00+0200,17.33,EUR/MWh,DK1,DK_1,imbalance_price,Short,2026-08-23T05:51:55Z
2026-08-23T05:46:44Z,2026-08-23T07:46:44+0200,442f0342-0040-4db4-ac3f-85a7f822bcbf,2026-07-27T22:00:00Z,2026-07-28T00:00:00+0200,6.97,EUR/MWh,DK1,DK_1,imbalance_price,Long,2026-08-23T05:51:55Z
2026-08-23T05:46:44Z,2026-08-23T07:46:44+0200,442f0342-0040-4db4-ac3f-85a7f822bcbf,2026-07-27T22:00:00Z,2026-07-28T00:00:00+0200,6.97,EUR/MWh,DK1,DK_1,imbalance_price,Short,2026-08-23T05:51:55Z
2026-08-23T05:46:44Z,2026-08-23T07:46:44+0200,442f0342-0040-4db4-ac3f-85a7f822bcbf,2026-07-27T22:15:00Z,2026-07-28T00:15:00+0200,5.62,EUR/MWh,DK1,DK_1,imbalance_price,Long,2026-08-23T05:51:55Z
2026-08-23T05:46:44Z,2026-08-23T07:46:44+0200,442f0342-0040-4db4-ac3f-85a7f822bcbf,2026-07-27T22:15:00Z,2026-07-28T00:15:00+0200,5.62,EUR/MWh,DK1,DK_1,imbalance_price,Short,2026-08-23T05:51:55Z
2026-08-23T05:46:44Z,2026-08-23T07:46:44+0200,442f0342-0040-4db4-ac3f-85a7f822bcbf,2026-07-27T22:30:00Z,2026-07-28T00:30:00+0200,53.96,EUR/MWh,DK1,DK_1,imbalance_price,Long,2026-08-23T05:51:55Z
2026-08-23T05:46:44Z,2026-08-23T07:46:44+0200,442f0342-0040-4db4-ac3f-85a7f822bcbf,2026-07-27T22:30:00Z,2026-07-28T00:30:00+0200,53.96,EUR/MWh,DK1,DK_1,imbalance_price,Short,2026-08-23T05:51:55Z
2026-08-23T05:46:44Z,2026-08-23T07:46:44+0200,442f0342-0040-4db4-ac3f-85a7f822bcbf,2026-07-27T22:45:00Z,2026-07-28T00:45:00+0200,26.7,EUR/MWh,DK1,DK_1,imbalance_price,Long,2026-08-23T05:51:55Z
2026-08-23T05:46:44Z,2026-08-23T07:46:44+0200,442f0342-0040-4db4-ac3f-85a7f822bcbf,2026-07-27T22:45:00Z,2026-07-28T00:45:00+0200,26.7,EUR/MWh,DK1,DK_1,imbalance_price,Short,2026-08-23T05:51:55Z
2026-08-23T05:46:44Z,2026-08-23T07:46:44+0200,442f0342-0040-4db4-ac3f-85a7f822bcbf,2026-07-27T23:00:00Z,2026-07-28T01:00:00+0200,38.2,EUR/MWh,DK1,DK_1,imbalance_price,Long,2026-08-23T05:51:55Z
2026-08-23T05:46:44Z,2026-08-23T07:46:44+0200,442f0342-0040-4db4-ac3f-85a7f822bcbf,2026-07-27T23:00:00Z,2026-07-28T01:00:00+0200,38.2,EUR/MWh,DK1,DK_1,imbalance_price,Short,2026-08-23T05:51:55Z
2026-08-23T05:46:44Z,2026-08-23T07:46:44+0200,442f0342-0040-4db4-ac3f-85a7f822bcbf,2026-07-27T23:15:00Z,2026-07-28T01:15:00+0200,55.91,EUR/MWh,DK1,DK_1,imbalance_price,Long,2026-08-23T05:51:55Z
2026-08-23T05:46:44Z,2026-08-23T07:46:44+0200,442f0342-0040-4db4-ac3f-85a7f822bcbf,2026-07-27T23:15:00Z,2026-07-28T01:15:00+0200,55.91,EUR/MWh,DK1,DK_1,imbalance_price,Short,2026-08-23T05:51:55Z
2026-08-23T05:46:44Z,2026-08-23T07:46:44+0200,442f0342-0040-4db4-ac3f-85a7f822bcbf,2026-07-27T23:30:00Z,2026-07-28T01:30:00+0200,68.85,EUR/MWh,DK1,DK_1,imbalance_price,Long,2026-08-23T05:51:55Z
2026-08-23T05:46:44Z,2026-08-23T07:46:44+0200,442f0342-0040-4db4-ac3f-85a7f822bcbf,2026-07-27T23:30:00Z,2026-07-28T01:30:00+0200,68.85,EUR/MWh,DK1,DK_1,imbalance_price,Short,2026-08-23T05:51:55Z
2026-08-23T05:46:44Z,2026-08-23T07:46:44+0200,442f0342-0040-4db4-ac3f-85a7f822bcbf,2026-07-27T23:45:00Z,2026-07-28T01:45:00+0200,97.23,EUR/MWh,DK1,DK_1,imbalance_price,Long,2026-08-23T05:51:55Z
2026-08-23T05:46:44Z,2026-08-23T07:46:44+0200,442f0342-0040-4db4-ac3f-85a7f822bcbf,2026-07-27T23:45:00Z,2026-07-28T01:45:00+0200,97.23,EUR/MWh,DK1,DK_1,imbalance_price,Short,2026-08-23T05:51:55Z
2026-08-23T05:46:44Z,2026-08-23T07:46:44+0200,442f0342-0040-4db4-ac3f-85a7f822bcbf,2026-07-28T00:00:00Z,2026-07-28T02:00:00+0200,97.24,EUR/MWh,DK1,DK_1,imbalance_price,Long,2026-08-23T05:51:55Z
2026-08-23T05:46:44Z,2026-08-23T07:46:44+0200,442f0342-0040-4db4-ac3f-85a7f822bcbf,2026-07-28T00:00:00Z,2026-07-28T02:00:00+0200,97.24,EUR/MWh,DK1,DK_1,imbalance_price,Short,2026-08-23T05:51:55Z
2026-08-23T05:46:44Z,2026-08-23T07:46:44+0200,442f0342-0040-4db4-ac3f-85a7f822bcbf,2026-07-28T00:15:00Z,2026-07-28T02:15:00+0200,79.5,EUR/MWh,DK1,DK_1,imbalance_price,Long,2026-08-23T05:51:55Z
2026-08-23T05:46:44Z,2026-08-23T07:46:44+0200,442f0342-0040-4db4-ac3f-85a7f822bcbf,2026-07-28T00:15:00Z,2026-07-28T02:15:00+0200,79.5,EUR/MWh,DK1,DK_1,imbalance_price,Short,2026-08-23T05:51:55Z
2026-08-23T05:46:44Z,2026-08-23T07:46:44+0200,442f0342-0040-4db4-ac3f-85a7f822bcbf,2026-07-28T00:30:00Z,2026-07-28T02:30:00+0200,17.73,EUR/MWh,DK1,DK_1,imbalance_price,Long,2026-08-23T05:51:55Z
2026-08-23T05:46:44Z,2026-08-23T07:46:44+0200,442f0342-0040-4db4-ac3f-85a7f822bcbf,2026-07-28T00:30:00Z,2026-07-28T02:30:00+0200,17.73,EUR/MWh,DK1,DK_1,imbalance_price,Short,2026-08-23T05:51:55Z
2026-08-23T05:46:44Z,2026-08-23T07:46:44+0200,442f0342-0040-4db4-ac3f-85a7f822bcbf,2026-07-28T00:45:00Z,2026-07-28T02:45:00+0200,15.52,EUR/MWh,DK1,DK_1,imbalance_price,Long,2026-08-23T05:51:55Z
2026-08-23T05:46:44Z,2026-08-23T07:46:44+0200,442f0342-0040-4db4-ac3f-85a7f822bcbf,2026-07-28T00:45:00Z,2026-07-28T02:45:00+0200,15.52,EUR/MWh,DK1,DK_1,imbalance_price,Short,2026-08-23T05:51:55Z
2026-08-23T05:46:44Z,2026-08-23T07:46:44+0200,442f0342-0040-4db4-ac3f-85a7f822bcbf,2026-07-28T01:00:00Z,2026-07-28T03:00:00+0200,88.45,EUR/MWh,DK1,DK_1,imbalance_price,Long,2026-08-23T05:51:55Z
2026-08-23T05:46:44Z,2026-08-23T07:46:44+0200,442f0342-0040-4db4-ac3f-85a7f822bcbf,2026-07-28T01:00:00Z,2026-07-28T03:00:00+0200,88.45,EUR/MWh,DK1,DK_1,imbalance_price,Short,2026-08-23T05:51:55Z
2026-08-23T05:46:44Z,2026-08-23T07:46:44+0200,442f0342-0040-4db4-ac3f-85a7f822bcbf,2026-07-28T01:15:00Z,2026-07-28T03:15:00+0200,97.24,EUR/MWh,DK1,DK_1,imbalance_price,Long,2026-08-23T05:51:55Z
2026-08-23T05:46:44Z,2026-08-23T07:46:44+0200,442f0342-0040-4db4-ac3f-85a7f822bcbf,2026-07-28T01:15:00Z,2026-07-28T03:15:00+0200,97.24,EUR/MWh,DK1,DK_1,imbalance_price,Short,2026-08-23T05:51:55Z
2026-08-23T05:46:44Z,2026-08-23T07:46:44+0200,442f0342-0040-4db4-ac3f-85a7f822bcbf,2026-07-28T01:30:00Z,2026-07-28T03:30:00+0200,134.05,EUR/MWh,DK1,DK_1,imbalance_price,Long,2026-08-23T05:51:55Z
2026-08-23T05:46:44Z,2026-08-23T07:46:44+0200,442f0342-0040-4db4-ac3f-85a7f822bcbf,2026-07-28T01:30:00Z,2026-07-28T03:30:00+0200,134.05,EUR/MWh,DK1,DK_1,imbalance_price,Short,2026-08-23T05:51:55Z
2026-08-23T05:46:44Z,2026-08-23T07:46:44+0200,442f0342-0040-4db4-ac3f-85a7f822bcbf,2026-07-28T01:45:00Z,2026-07-28T03:45:00+0200,267.6,EUR/MWh,DK1,DK_1,imbalance_price,Long,2026-08-23T05:51:55Z
2026-08-23T05:46:44Z,2026-08-23T07:46:44+0200,442f0342-0040-4db4-ac3f-85a7f822bcbf,2026-07-28T01:45:00Z,2026-07-28T03:45:00+0200,267.6,EUR/MWh,DK1,DK_1,imbalance_price,Short,2026-08-23T05:51:55Z
2026-08-23T05:46:44Z,2026-08-23T07:46:44+0200,442f0342-0040-4db4-ac3f-85a7f822bcbf,2026-07-28T02:00:00Z,2026-07-28T04:00:00+0200,307.72,EUR/MWh,DK1,DK_1,imbalance_price,Long,2026-08-23T05:51:55Z
2026-08-23T05:46:44Z,2026-08-23T07:46:44+0200,442f0342-0040-4db4-ac3f-85a7f822bcbf,2026-07-28T02:00:00Z,2026-07-28T04:00:00+0200,307.72,EUR/MWh,DK1,DK_1,imbalance_price,Short,2026-08-23T05:51:55Z
2026-08-23T05:46:44Z,2026-08-23T07:46:44+0200,442f0342-0040-4db4-ac3f-85a7f822bcbf,2026-07-28T02:15:00Z,2026-07-28T04:15:00+0200,27.16,EUR/MWh,DK1,DK_1,imbalance_price,Long,2026-08-23T05:51:55Z
2026-08-23T05:46:44Z,2026-08-23T07:46:44+0200,442f0342-0040-4db4-ac3f-85a7f822bcbf,2026-07-28T02:15:00Z,2026-07-28T04:15:00+0200,27.16,EUR/MWh,DK1,DK_1,imbalance_price,Short,2026-08-23T05:51:55Z
2026-08-23T05:46:44Z,2026-08-23T07:46:44+0200,442f0342-0040-4db4-ac3f-85a7f822bcbf,2026-07-28T02:30:00Z,2026-07-28T04:30:00+0200,6.5,EUR/MWh,DK1,DK_1,imbalance_price,Long,2026-08-23T05:51:55Z
2026-08-23T05:46:44Z,2026-08-23T07:46:44+0200,442f0342-0040-4db4-ac3f-85a7f822bcbf,2026-07-28T02:30:00Z,2026-07-28T04:30:00+0200,6.5,EUR/MWh,DK1,DK_1,imbalance_price,Short,2026-08-23T05:51:55Z
2026-08-23T05:46:44Z,2026-08-23T07:46:44+0200,442f0342-0040-4db4-ac3f-85a7f822bcbf,2026-07-28T02:45:00Z,2026-07-28T04:45:00+0200,30.83,EUR/MWh,DK1,DK_1,imbalance_price,Long,2026-08-23T05:51:55Z
2026-08-23T05:46:44Z,2026-08-23T07:46:44+0200,442f0342-0040-4db4-ac3f-85a7f822bcbf,2026-07-28T02:45:00Z,2026-07-28T04:45:00+0200,30.83,EUR/MWh,DK1,DK_1,imbalance_price,Short,2026-08-23T05:51:55Z
2026-08-23T05:46:44Z,2026-08-23T07:46:44+0200,442f0342-0040-4db4-ac3f-85a7f822bcbf,2026-07-28T03:00:00Z,2026-07-28T05:00:00+0200,87.76,EUR/MWh,DK1,DK_1,imbalance_price,Long,2026-08-23T05:51:55Z
2026-08-23T05:46:44Z,2026-08-23T07:46:44+0200,442f0342-0040-4db4-ac3f-85a7f822bcbf,2026-07-28T03:00:00Z,2026-07-28T05:00:00+0200,87.76,EUR/MWh,DK1,DK_1,imbalance_price,Short,2026-08-23T05:51:55Z
2026-08-23T05:46:44Z,2026-08-23T07:46:44+0200,442f0342-0040-4db4-ac3f-85a7f822bcbf,2026-07-28T03:15:00Z,2026-07-28T05:15:00+0200,50.33,EUR/MWh,DK1,DK_1,imbalance_price,Long,2026-08-23T05:51:55Z
2026-08-23T05:46:44Z,2026-08-23T07:46:44+0200,442f0342-0040-4db4-ac3f-85a7f822bcbf,2026-07-28T03:15:00Z,2026-07-28T05:15:00+0200,50.33,EUR/MWh,DK1,DK_1,imbalance_price,Short,2026-08-23T05:51:55Z
2026-08-23T05:46:44Z,2026-08-23T07:46:44+0200,442f0342-0040-4db4-ac3f-85a7f822bcbf,2026-07-28T03:30:00Z,2026-07-28T05:30:00+0200,94.33,EUR/MWh,DK1,DK_1,imbalance_price,Long,2026-08-23T05:51:55Z
2026-08-23T05:46:44Z,2026-08-23T07:46:44+0200,442f0342-0040-4db4-ac3f-85a7f822bcbf,2026-07-28T03:30:00Z,2026-07-28T05:30:00+0200,94.33,EUR/MWh,DK1,DK_1,imbalance_price,Short,2026-08-23T05:51:55Z
2026-08-23T05:46:44Z,2026-08-23T07:46:44+0200,442f0342-0040-4db4-ac3f-85a7f822bcbf,2026-07-28T03:45:00Z,2026-07-28T05:45:00+0200,133.7,EUR/MWh,DK1,DK_1,imbalance_price,Long,2026-08-23T05:51:55Z
2026-08-23T05:46:44Z,2026-08-23T07:46:44+0200,442f0342-0040-4db4-ac3f-85a7f822bcbf,2026-07-28T03:45:00Z,2026-07-28T05:45:00+0200,133.7,EUR/MWh,DK1,DK_1,imbalance_price,Short,2026-08-23T05:51:55Z
2026-08-23T05:46:44Z,2026-08-23T07:46:44+0200,442f0342-0040-4db4-ac3f-85a7f822bcbf,2026-07-28T04:00:00Z,2026-07-28T06:00:00+0200,141.68,EUR/MWh,DK1,DK_1,imbalance_price,Long,2026-08-23T05:51:55Z
2026-08-23T05:46:44Z,2026-08-23T07:46:44+0200,442f0342-0040-4db4-ac3f-85a7f822bcbf,2026-07-28T04:00:00Z,2026-07-28T06:00:00+0200,141.68,EUR/MWh,DK1,DK_1,imbalance_price,Short,2026-08-23T05:51:55Z
2026-08-23T05:46:44Z,2026-08-23T07:46:44+0200,442f0342-0040-4db4-ac3f-85a7f822bcbf,2026-07-28T04:15:00Z,2026-07-28T06:15:00+0200,149.0,EUR/MWh,DK1,DK_1,imbalance_price,Long,2026-08-23T05:51:55Z
2026-08-23T05:46:44Z,2026-08-23T07:46:44+0200,442f0342-0040-4db4-ac3f-85a7f822bcbf,2026-07-28T04:15:00Z,2026-07-28T06:15:00+0200,149.0,EUR/MWh,DK1,DK_1,imbalance_price,Short,2026-08-23T05:51:55Z
2026-08-23T05:46:44Z,2026-08-23T07:46:44+0200,442f0342-0040-4db4-ac3f-85a7f822bcbf,2026-07-28T04:30:00Z,2026-07-28T06:30:00+0200,294.21,EUR/MWh,DK1,DK_1,imbalance_price,Long,2026-08-23T05:51:55Z
2026-08-23T05:46:44Z,2026-08-23T07:46:44+0200,442f0342-0040-4db4-ac3f-85a7f822bcbf,2026-07-28T04:30:00Z,2026-07-28T06:30:00+0200,294.21,EUR/MWh,DK1,DK_1,imbalance_price,Short,2026-08-23T05:51:55Z
2026-08-23T05:46:44Z,2026-08-23T07:46:44+0200,442f0342-0040-4db4-ac3f-85a7f822bcbf,2026-07-28T04:45:00Z,2026-07-28T06:45:00+0200,334.48,EUR/MWh,DK1,DK_1,imbalance_price,Long,2026-08-23T05:51:55Z
2026-08-23T05:46:44Z,2026-08-23T07:46:44+0200,442f0342-0040-4db4-ac3f-85a7f822bcbf,2026-07-28T04:45:00Z,2026-07-28T06:45:00+0200,334.48,EUR/MWh,DK1,DK_1,imbalance_price,Short,2026-08-23T05:51:55Z
2026-08-23T05:46:44Z,2026-08-23T07:46:44+0200,442f0342-0040-4db4-ac3f-85a7f822bcbf,2026-07-28T05:00:00Z,2026-07-28T07:00:00+0200,374.61,EUR/MWh,DK1,DK_1,imbalance_price,Long,2026-08-23T05:51:55Z
2026-08-23T05:46:44Z,2026-08-23T07:46:44+0200,442f0342-0040-4db4-ac3f-85a7f822bcbf,2026-07-28T05:00:00Z,2026-07-28T07:00:00+0200,374.61,EUR/MWh,DK1,DK_1,imbalance_price,Short,2026-08-23T05:51:55Z
2026-08-23T05:46:44Z,2026-08-23T07:46:44+0200,442f0342-0040-4db4-ac3f-85a7f822bcbf,2026-07-28T05:15:00Z,2026-07-28T07:15:00+0200,401.37,EUR/MWh,DK1,DK_1,imbalance_price,Long,2026-08-23T05:51:55Z
2026-08-23T05:46:44Z,2026-08-23T07:46:44+0200,442f0342-0040-4db4-ac3f-85a7f822bcbf,2026-07-28T05:15:00Z,2026-07-28T07:15:00+0200,401.37,EUR/MWh,DK1,DK_1,imbalance_price,Short,2026-08-23T05:51:55Z
2026-08-23T05:46:44Z,2026-08-23T07:46:44+0200,442f0342-0040-4db4-ac3f-85a7f822bcbf,2026-07-28T05:30:00Z,2026-07-28T07:30:00+0200,314.37,EUR/MWh,DK1,DK_1,imbalance_price,Long,2026-08-23T05:51:55Z
2026-08-23T05:46:44Z,2026-08-23T07:46:44+0200,442f0342-0040-4db4-ac3f-85a7f822bcbf,2026-07-28T05:30:00Z,2026-07-28T07:30:00+0200,314.37,EUR/MWh,DK1,DK_1,imbalance_price,Short,2026-08-23T05:51:55Z
2026-08-23T05:46:44Z,2026-08-23T07:46:44+0200,442f0342-0040-4db4-ac3f-85a7f822bcbf,2026-07-28T05:45:00Z,2026-07-28T07:45:00+0200,147.76,EUR/MWh,DK1,DK_1,imbalance_price,Long,2026-08-23T05:51:55Z
2026-08-23T05:46:44Z,2026-08-23T07:46:44+0200,442f0342-0040-4db4-ac3f-85a7f822bcbf,2026-07-28T05:45:00Z,2026-07-28T07:45:00+0200,147.76,EUR/MWh,DK1,DK_1,imbalance_price,Short,2026-08-23T05:51:55Z
2026-08-23T05:46:44Z,2026-08-23T07:46:44+0200,442f0342-0040-4db4-ac3f-85a7f822bcbf,2026-07-28T06:00:00Z,2026-07-28T08:00:00+0200,61.0,EUR/MWh,DK1,DK_1,imbalance_price,Long,2026-08-23T05:51:55Z
2026-08-23T05:46:44Z,2026-08-23T07:46:44+0200,442f0342-0040-4db4-ac3f-85a7f822bcbf,2026-07-28T06:00:00Z,2026-07-28T08:00:00+0200,61.0,EUR/MWh,DK1,DK_1,imbalance_price,Short,2026-08-23T05:51:55Z
2026-08-23T05:46:44Z,2026-08-23T07:46:44+0200,442f0342-0040-4db4-ac3f-85a7f822bcbf,2026-07-28T06:15:00Z,2026-07-28T08:15:00+0200,30.94,EUR/MWh,DK1,DK_1,imbalance_price,Long,2026-08-23T05:51:55Z
2026-08-23T05:46:44Z,2026-08-23T07:46:44+0200,442f0342-0040-4db4-ac3f-85a7f822bcbf,2026-07-28T06:15:00Z,2026-07-28T08:15:00+0200,30.94,EUR/MWh,DK1,DK_1,imbalance_price,Short,2026-08-23T05:51:55Z
2026-08-23T05:46:44Z,2026-08-23T07:46:44+0200,442f0342-0040-4db4-ac3f-85a7f822bcbf,2026-07-28T06:30:00Z,2026-07-28T08:30:00+0200,18.18,EUR/MWh,DK1,DK_1,imbalance_price,Long,2026-08-23T05:51:55Z
2026-08-23T05:46:44Z,2026-08-23T07:46:44+0200,442f0342-0040-4db4-ac3f-85a7f822bcbf,2026-07-28T06:30:00Z,2026-07-28T08:30:00+0200,18.18,EUR/MWh,DK1,DK_1,imbalance_price,Short,2026-08-23T05:51:55Z
2026-08-23T05:46:44Z,2026-08-23T07:46:44+0200,442f0342-0040-4db4-ac3f-85a7f822bcbf,2026-07-28T06:45:00Z,2026-07-28T08:45:00+0200,116.72,EUR/MWh,DK1,DK_1,imbalance_price,Long,2026-08-23T05:51:55Z
2026-08-23T05:46:44Z,2026-08-23T07:46:44+0200,442f0342-0040-4db4-ac3f-85a7f822bcbf,2026-07-28T06:45:00Z,2026-07-28T08:45:00+0200,116.72,EUR/MWh,DK1,DK_1,imbalance_price,Short,2026-08-23T05:51:55Z
2026-08-23T05:46:44Z,2026-08-23T07:46:44+0200,442f0342-0040-4db4-ac3f-85a7f822bcbf,2026-07-28T07:00:00Z,2026-07-28T09:00:00+0200,158.44,EUR/MWh,DK1,DK_1,imbalance_price,Long,2026-08-23T05:51:55Z
2026-08-23T05:46:44Z,2026-08-23T07:46:44+0200,442f0342-0040-4db4-ac3f-85a7f822bcbf,2026-07-28T07:00:00Z,2026-07-28T09:00:00+0200,158.44,EUR/MWh,DK1,DK_1,imbalance_price,Short,2026-08-23T05:51:55Z
2026-08-23T05:46:44Z,2026-08-23T07:46:44+0200,442f0342-0040-4db4-ac3f-85a7f822bcbf,2026-07-28T07:15:00Z,2026-07-28T09:15:00+0200,-4.88,EUR/MWh,DK1,DK_1,imbalance_price,Long,2026-08-23T05:51:55Z
2026-08-23T05:46:44Z,2026-08-23T07:46:44+0200,442f0342-0040-4db4-ac3f-85a7f822bcbf,2026-07-28T07:15:00Z,2026-07-28T09:15:00+0200,-4.88,EUR/MWh,DK1,DK_1,imbalance_price,Short,2026-08-23T05:51:55Z
2026-08-23T05:46:44Z,2026-08-23T07:46:44+0200,442f0342-0040-4db4-ac3f-85a7f822bcbf,2026-07-28T07:30:00Z,2026-07-28T09:30:00+0200,8.0,EUR/MWh,DK1,DK_1,imbalance_price,Long,2026-08-23T05:51:55Z
2026-08-23T05:46:44Z,2026-08-23T07:46:44+0200,442f0342-0040-4db4-ac3f-85a7f822bcbf,2026-07-28T07:30:00Z,2026-07-28T09:30:00+0200,8.0,EUR/MWh,DK1,DK_1,imbalance_price,Short,2026-08-23T05:51:55Z
2026-08-23T05:46:44Z,2026-08-23T07:46:44+0200,442f0342-0040-4db4-ac3f-85a7f822bcbf,2026-07-28T07:45:00Z,2026-07-28T09:45:00+0200,15.82,EUR/MWh,DK1,DK_1,imbalance_price,Long,2026-08-23T05:51:55Z
2026-08-23T05:46:44Z,2026-08-23T07:46:44+0200,442f0342-0040-4db4-ac3f-85a7f822bcbf,2026-07-28T07:45:00Z,2026-07-28T09:45:00+0200,15.82,EUR/MWh,DK1,DK_1,imbalance_price,Short,2026-08-23T05:51:55Z
2026-08-23T05:46:44Z,2026-08-23T07:46:44+0200,442f0342-0040-4db4-ac3f-85a7f822bcbf,2026-07-28T08:00:00Z,2026-07-28T10:00:00+0200,-1.71,EUR/MWh,DK1,DK_1,imbalance_price,Long,2026-08-23T05:51:55Z
2026-08-23T05:46:44Z,2026-08-23T07:46:44+0200,442f0342-0040-4db4-ac3f-85a7f822bcbf,2026-07-28T08:00:00Z,2026-07-28T10:00:00+0200,-1.71,EUR/MWh,DK1,DK_1,imbalance_price,Short,2026-08-23T05:51:55Z
2026-08-23T05:46:44Z,2026-08-23T07:46:44+0200,442f0342-0040-4db4-ac3f-85a7f822bcbf,2026-07-28T08:15:00Z,2026-07-28T10:15:00+0200,-16.88,EUR/MWh,DK1,DK_1,imbalance_price,Long,2026-08-23T05:51:55Z
2026-08-23T05:46:44Z,2026-08-23T07:46:44+0200,442f0342-0040-4db4-ac3f-85a7f822bcbf,2026-07-28T08:15:00Z,2026-07-28T10:15:00+0200,-16.88,EUR/MWh,DK1,DK_1,imbalance_price,Short,2026-08-23T05:51:55Z
2026-08-23T05:46:44Z,2026-08-23T07:46:44+0200,442f0342-0040-4db4-ac3f-85a7f822bcbf,2026-07-28T08:30:00Z,2026-07-28T10:30:00+0200,-8.76,EUR/MWh,DK1,DK_1,imbalance_price,Long,2026-08-23T05:51:55Z
2026-08-23T05:46:44Z,2026-08-23T07:46:44+0200,442f0342-0040-4db4-ac3f-85a7f822bcbf,2026-07-28T08:30:00Z,2026-07-28T10:30:00+0200,-8.76,EUR/MWh,DK1,DK_1,imbalance_price,Short,2026-08-23T05:51:55Z
2026-08-23T05:46:44Z,2026-08-23T07:46:44+0200,442f0342-0040-4db4-ac3f-85a7f822bcbf,2026-07-28T08:45:00Z,2026-07-28T10:45:00+0200,-10.16,EUR/MWh,DK1,DK_1,imbalance_price,Long,2026-08-23T05:51:55Z
2026-08-23T05:46:44Z,2026-08-23T07:46:44+0200,442f0342-0040-4db4-ac3f-85a7f822bcbf,2026-07-28T08:45:00Z,2026-07-28T10:45:00+0200,-10.16,EUR/MWh,DK1,DK_1,imbalance_price,Short,2026-08-23T05:51:55Z
2026-08-23T05:46:44Z,2026-08-23T07:46:44+0200,442f0342-0040-4db4-ac3f-85a7f822bcbf,2026-07-28T09:00:00Z,2026-07-28T11:00:00+0200,7.17,EUR/MWh,DK1,DK_1,imbalance_price,Long,2026-08-23T05:51:55Z
2026-08-23T05:46:44Z,2026-08-23T07:46:44+0200,442f0342-0040-4db4-ac3f-85a7f822bcbf,2026-07-28T09:00:00Z,2026-07-28T11:00:00+0200,7.17,EUR/MWh,DK1,DK_1,imbalance_price,Short,2026-08-23T05:51:55Z
2026-08-23T05:46:44Z,2026-08-23T07:46:44+0200,442f0342-0040-4db4-ac3f-85a7f822bcbf,2026-07-28T09:15:00Z,2026-07-28T11:15:00+0200,11.24,EUR/MWh,DK1,DK_1,imbalance_price,Long,2026-08-23T05:51:55Z
2026-08-23T05:46:44Z,2026-08-23T07:46:44+0200,442f0342-0040-4db4-ac3f-85a7f822bcbf,2026-07-28T09:15:00Z,2026-07-28T11:15:00+0200,11.24,EUR/MWh,DK1,DK_1,imbalance_price,Short,2026-08-23T05:51:55Z
2026-08-23T05:46:44Z,2026-08-23T07:46:44+0200,442f0342-0040-4db4-ac3f-85a7f822bcbf,2026-07-28T09:30:00Z,2026-07-28T11:30:00+0200,4.28,EUR/MWh,DK1,DK_1,imbalance_price,Long,2026-08-23T05:51:55Z
2026-08-23T05:46:44Z,2026-08-23T07:46:44+0200,442f0342-0040-4db4-ac3f-85a7f822bcbf,2026-07-28T09:30:00Z,2026-07-28T11:30:00+0200,4.28,EUR/MWh,DK1,DK_1,imbalance_price,Short,2026-08-23T05:51:55Z
2026-08-23T05:46:44Z,2026-08-23T07:46:44+0200,442f0342-0040-4db4-ac3f-85a7f822bcbf,2026-07-28T09:45:00Z,2026-07-28T11:45:00+0200,0.44,EUR/MWh,DK1,DK_1,imbalance_price,Long,2026-08-23T05:51:55Z
2026-08-23T05:46:44Z,2026-08-23T07:46:44+0200,442f0342-0040-4db4-ac3f-85a7f822bcbf,2026-07-28T09:45:00Z,2026-07-28T11:45:00+0200,0.44,EUR/MWh,DK1,DK_1,imbalance_price,Short,2026-08-23T05:51:55Z
2026-08-23T05:46:44Z,2026-08-23T07:46:44+0200,442f0342-0040-4db4-ac3f-85a7f822bcbf,2026-07-28T10:00:00Z,2026-07-28T12:00:00+0200,-8.93,EUR/MWh,DK1,DK_1,imbalance_price,Long,2026-08-23T05:51:55Z
2026-08-23T05:46:44Z,2026-08-23T07:46:44+0200,442f0342-0040-4db4-ac3f-85a7f822bcbf,2026-07-28T10:00:00Z,2026-07-28T12:00:00+0200,-8.93,EUR/MWh,DK1,DK_1,imbalance_price,Short,2026-08-23T05:51:55Z
2026-08-23T05:46:44Z,2026-08-23T07:46:44+0200,442f0342-0040-4db4-ac3f-85a7f822bcbf,2026-07-28T10:15:00Z,2026-07-28T12:15:00+0200,45.96,EUR/MWh,DK1,DK_1,imbalance_price,Long,2026-08-23T05:51:55Z
2026-08-23T05:46:44Z,2026-08-23T07:46:44+0200,442f0342-0040-4db4-ac3f-85a7f822bcbf,2026-07-28T10:15:00Z,2026-07-28T12:15:00+0200,45.96,EUR/MWh,DK1,DK_1,imbalance_price,Short,2026-08-23T05:51:55Z
2026-08-23T05:46:44Z,2026-08-23T07:46:44+0200,442f0342-0040-4db4-ac3f-85a7f822bcbf,2026-07-28T10:30:00Z,2026-07-28T12:30:00+0200,-5.91,EUR/MWh,DK1,DK_1,imbalance_price,Long,2026-08-23T05:51:55Z
2026-08-23T05:46:44Z,2026-08-23T07:46:44+0200,442f0342-0040-4db4-ac3f-85a7f822bcbf,2026-07-28T10:30:00Z,2026-07-28T12:30:00+0200,-5.91,EUR/MWh,DK1,DK_1,imbalance_price,Short,2026-08-23T05:51:55Z
2026-08-23T05:46:44Z,2026-08-23T07:46:44+0200,442f0342-0040-4db4-ac3f-85a7f822bcbf,2026-07-28T10:45:00Z,2026-07-28T12:45:00+0200,-6.89,EUR/MWh,DK1,DK_1,imbalance_price,Long,2026-08-23T05:51:55Z
2026-08-23T05:46:44Z,2026-08-23T07:46:44+0200,442f0342-0040-4db4-ac3f-85a7f822bcbf,2026-07-28T10:45:00Z,2026-07-28T12:45:00+0200,-6.89,EUR/MWh,DK1,DK_1,imbalance_price,Short,2026-08-23T05:51:55Z
2026-08-23T05:46:44Z,2026-08-23T07:46:44+0200,442f0342-0040-4db4-ac3f-85a7f822bcbf,2026-07-28T11:00:00Z,2026-07-28T13:00:00+0200,-10.0,EUR/MWh,DK1,DK_1,imbalance_price,Long,2026-08-23T05:51:55Z
2026-08-23T05:46:44Z,2026-08-23T07:46:44+0200,442f0342-0040-4db4-ac3f-85a7f822bcbf,2026-07-28T11:00:00Z,2026-07-28T13:00:00+0200,-10.0,EUR/MWh,DK1,DK_1,imbalance_price,Short,2026-08-23T05:51:55Z
2026-08-23T05:46:44Z,2026-08-23T07:46:44+0200,442f0342-0040-4db4-ac3f-85a7f822bcbf,2026-07-28T11:15:00Z,2026-07-28T13:15:00+0200,-2.77,EUR/MWh,DK1,DK_1,imbalance_price,Long,2026-08-23T05:51:55Z
2026-08-23T05:46:44Z,2026-08-23T07:46:44+0200,442f0342-0040-4db4-ac3f-85a7f822bcbf,2026-07-28T11:15:00Z,2026-07-28T13:15:00+0200,-2.77,EUR/MWh,DK1,DK_1,imbalance_price,Short,2026-08-23T05:51:55Z
2026-08-23T05:46:44Z,2026-08-23T07:46:44+0200,442f0342-0040-4db4-ac3f-85a7f822bcbf,2026-07-28T11:30:00Z,2026-07-28T13:30:00+0200,-0.96,EUR/MWh,DK1,DK_1,imbalance_price,Long,2026-08-23T05:51:55Z
2026-08-23T05:46:44Z,2026-08-23T07:46:44+0200,442f0342-0040-4db4-ac3f-85a7f822bcbf,2026-07-28T11:30:00Z,2026-07-28T13:30:00+0200,-0.96,EUR/MWh,DK1,DK_1,imbalance_price,Short,2026-08-23T05:51:55Z
2026-08-23T05:46:44Z,2026-08-23T07:46:44+0200,442f0342-0040-4db4-ac3f-85a7f822bcbf,2026-07-28T11:45:00Z,2026-07-28T13:45:00+0200,1.29,EUR/MWh,DK1,DK_1,imbalance_price,Long,2026-08-23T05:51:55Z
2026-08-23T05:46:44Z,2026-08-23T07:46:44+0200,442f0342-0040-4db4-ac3f-85a7f822bcbf,2026-07-28T11:45:00Z,2026-07-28T13:45:00+0200,1.29,EUR/MWh,DK1,DK_1,imbalance_price,Short,2026-08-23T05:51:55Z
2026-08-23T05:46:44Z,2026-08-23T07:46:44+0200,442f0342-0040-4db4-ac3f-85a7f822bcbf,2026-07-28T12:00:00Z,2026-07-28T14:00:00+0200,1.27,EUR/MWh,DK1,DK_1,imbalance_price,Long,2026-08-23T05:51:55Z
2026-08-23T05:46:44Z,2026-08-23T07:46:44+0200,442f0342-0040-4db4-ac3f-85a7f822bcbf,2026-07-28T12:00:00Z,2026-07-28T14:00:00+0200,1.27,EUR/MWh,DK1,DK_1,imbalance_price,Short,2026-08-23T05:51:55Z
2026-08-23T05:46:44Z,2026-08-23T07:46:44+0200,442f0342-0040-4db4-ac3f-85a7f822bcbf,2026-07-28T12:15:00Z,2026-07-28T14:15:00+0200,-27.0,EUR/MWh,DK1,DK_1,imbalance_price,Long,2026-08-23T05:51:55Z
2026-08-23T05:46:44Z,2026-08-23T07:46:44+0200,442f0342-0040-4db4-ac3f-85a7f822bcbf,2026-07-28T12:15:00Z,2026-07-28T14:15:00+0200,-27.0,EUR/MWh,DK1,DK_1,imbalance_price,Short,2026-08-23T05:51:55Z
2026-08-23T05:46:44Z,2026-08-23T07:46:44+0200,442f0342-0040-4db4-ac3f-85a7f822bcbf,2026-07-28T12:30:00Z,2026-07-28T14:30:00+0200,-14.01,EUR/MWh,DK1,DK_1,imbalance_price,Long,2026-08-23T05:51:55Z
2026-08-23T05:46:44Z,2026-08-23T07:46:44+0200,442f0342-0040-4db4-ac3f-85a7f822bcbf,2026-07-28T12:30:00Z,2026-07-28T14:30:00+0200,-14.01,EUR/MWh,DK1,DK_1,imbalance_price,Short,2026-08-23T05:51:55Z
2026-08-23T05:46:44Z,2026-08-23T07:46:44+0200,442f0342-0040-4db4-ac3f-85a7f822bcbf,2026-07-28T12:45:00Z,2026-07-28T14:45:00+0200,-20.15,EUR/MWh,DK1,DK_1,imbalance_price,Long,2026-08-23T05:51:55Z
2026-08-23T05:46:44Z,2026-08-23T07:46:44+0200,442f0342-0040-4db4-ac3f-85a7f822bcbf,2026-07-28T12:45:00Z,2026-07-28T14:45:00+0200,-20.15,EUR/MWh,DK1,DK_1,imbalance_price,Short,2026-08-23T05:51:55Z
2026-08-23T05:46:44Z,2026-08-23T07:46:44+0200,442f0342-0040-4db4-ac3f-85a7f822bcbf,2026-07-28T13:00:00Z,2026-07-28T15:00:00+0200,-46.29,EUR/MWh,DK1,DK_1,imbalance_price,Long,2026-08-23T05:51:55Z
2026-08-23T05:46:44Z,2026-08-23T07:46:44+0200,442f0342-0040-4db4-ac3f-85a7f822bcbf,2026-07-28T13:00:00Z,2026-07-28T15:00:00+0200,-46.29,EUR/MWh,DK1,DK_1,imbalance_price,Short,2026-08-23T05:51:55Z
2026-08-23T05:46:44Z,2026-08-23T07:46:44+0200,442f0342-0040-4db4-ac3f-85a7f822bcbf,2026-07-28T13:15:00Z,2026-07-28T15:15:00+0200,-12.77,EUR/MWh,DK1,DK_1,imbalance_price,Long,2026-08-23T05:51:55Z
2026-08-23T05:46:44Z,2026-08-23T07:46:44+0200,442f0342-0040-4db4-ac3f-85a7f822bcbf,2026-07-28T13:15:00Z,2026-07-28T15:15:00+0200,-12.77,EUR/MWh,DK1,DK_1,imbalance_price,Short,2026-08-23T05:51:55Z
2026-08-23T05:46:44Z,2026-08-23T07:46:44+0200,442f0342-0040-4db4-ac3f-85a7f822bcbf,2026-07-28T13:30:00Z,2026-07-28T15:30:00+0200,-9.91,EUR/MWh,DK1,DK_1,imbalance_price,Long,2026-08-23T05:51:55Z
2026-08-23T05:46:44Z,2026-08-23T07:46:44+0200,442f0342-0040-4db4-ac3f-85a7f822bcbf,2026-07-28T13:30:00Z,2026-07-28T15:30:00+0200,-9.91,EUR/MWh,DK1,DK_1,imbalance_price,Short,2026-08-23T05:51:55Z
2026-08-23T05:46:44Z,2026-08-23T07:46:44+0200,442f0342-0040-4db4-ac3f-85a7f822bcbf,2026-07-28T13:45:00Z,2026-07-28T15:45:00+0200,-2.89,EUR/MWh,DK1,DK_1,imbalance_price,Long,2026-08-23T05:51:55Z
2026-08-23T05:46:44Z,2026-08-23T07:46:44+0200,442f0342-0040-4db4-ac3f-85a7f822bcbf,2026-07-28T13:45:00Z,2026-07-28T15:45:00+0200,-2.89,EUR/MWh,DK1,DK_1,imbalance_price,Short,2026-08-23T05:51:55Z
2026-08-23T05:46:44Z,2026-08-23T07:46:44+0200,442f0342-0040-4db4-ac3f-85a7f822bcbf,2026-07-28T14:00:00Z,2026-07-28T16:00:00+0200,-40.92,EUR/MWh,DK1,DK_1,imbalance_price,Long,2026-08-23T05:51:55Z
2026-08-23T05:46:44Z,2026-08-23T07:46:44+0200,442f0342-0040-4db4-ac3f-85a7f822bcbf,2026-07-28T14:00:00Z,2026-07-28T16:00:00+0200,-40.92,EUR/MWh,DK1,DK_1,imbalance_price,Short,2026-08-23T05:51:55Z
2026-08-23T05:46:44Z,2026-08-23T07:46:44+0200,442f0342-0040-4db4-ac3f-85a7f822bcbf,2026-07-28T14:15:00Z,2026-07-28T16:15:00+0200,-65.65,EUR/MWh,DK1,DK_1,imbalance_price,Long,2026-08-23T05:51:55Z
2026-08-23T05:46:44Z,2026-08-23T07:46:44+0200,442f0342-0040-4db4-ac3f-85a7f822bcbf,2026-07-28T14:15:00Z,2026-07-28T16:15:00+0200,-65.65,EUR/MWh,DK1,DK_1,imbalance_price,Short,2026-08-23T05:51:55Z
2026-08-23T05:46:44Z,2026-08-23T07:46:44+0200,442f0342-0040-4db4-ac3f-85a7f822bcbf,2026-07-28T14:30:00Z,2026-07-28T16:30:00+0200,-5.0,EUR/MWh,DK1,DK_1,imbalance_price,Long,2026-08-23T05:51:55Z
2026-08-23T05:46:44Z,2026-08-23T07:46:44+0200,442f0342-0040-4db4-ac3f-85a7f822bcbf,2026-07-28T14:30:00Z,2026-07-28T16:30:00+0200,-5.0,EUR/MWh,DK1,DK_1,imbalance_price,Short,2026-08-23T05:51:55Z
2026-08-23T05:46:44Z,2026-08-23T07:46:44+0200,442f0342-0040-4db4-ac3f-85a7f822bcbf,2026-07-28T14:45:00Z,2026-07-28T16:45:00+0200,-19.9,EUR/MWh,DK1,DK_1,imbalance_price,Long,2026-08-23T05:51:55Z
2026-08-23T05:46:44Z,2026-08-23T07:46:44+0200,442f0342-0040-4db4-ac3f-85a7f822bcbf,2026-07-28T14:45:00Z,2026-07-28T16:45:00+0200,-19.9,EUR/MWh,DK1,DK_1,imbalance_price,Short,2026-08-23T05:51:55Z
2026-08-23T05:46:44Z,2026-08-23T07:46:44+0200,442f0342-0040-4db4-ac3f-85a7f822bcbf,2026-07-28T15:00:00Z,2026-07-28T17:00:00+0200,-4.56,EUR/MWh,DK1,DK_1,imbalance_price,Long,2026-08-23T05:51:55Z
2026-08-23T05:46:44Z,2026-08-23T07:46:44+0200,442f0342-0040-4db4-ac3f-85a7f822bcbf,2026-07-28T15:00:00Z,2026-07-28T17:00:00+0200,-4.56,EUR/MWh,DK1,DK_1,imbalance_price,Short,2026-08-23T05:51:55Z
2026-08-23T05:46:44Z,2026-08-23T07:46:44+0200,442f0342-0040-4db4-ac3f-85a7f822bcbf,2026-07-28T15:15:00Z,2026-07-28T17:15:00+0200,0.22,EUR/MWh,DK1,DK_1,imbalance_price,Long,2026-08-23T05:51:55Z
2026-08-23T05:46:44Z,2026-08-23T07:46:44+0200,442f0342-0040-4db4-ac3f-85a7f822bcbf,2026-07-28T15:15:00Z,2026-07-28T17:15:00+0200,0.22,EUR/MWh,DK1,DK_1,imbalance_price,Short,2026-08-23T05:51:55Z
2026-08-23T05:46:44Z,2026-08-23T07:46:44+0200,442f0342-0040-4db4-ac3f-85a7f822bcbf,2026-07-28T15:30:00Z,2026-07-28T17:30:00+0200,7.4,EUR/MWh,DK1,DK_1,imbalance_price,Long,2026-08-23T05:51:55Z
2026-08-23T05:46:44Z,2026-08-23T07:46:44+0200,442f0342-0040-4db4-ac3f-85a7f822bcbf,2026-07-28T15:30:00Z,2026-07-28T17:30:00+0200,7.4,EUR/MWh,DK1,DK_1,imbalance_price,Short,2026-08-23T05:51:55Z
2026-08-23T05:46:44Z,2026-08-23T07:46:44+0200,442f0342-0040-4db4-ac3f-85a7f822bcbf,2026-07-28T15:45:00Z,2026-07-28T17:45:00+0200,5.69,EUR/MWh,DK1,DK_1,imbalance_price,Long,2026-08-23T05:51:55Z
2026-08-23T05:46:44Z,2026-08-23T07:46:44+0200,442f0342-0040-4db4-ac3f-85a7f822bcbf,2026-07-28T15:45:00Z,2026-07-28T17:45:00+0200,5.69,EUR/MWh,DK1,DK_1,imbalance_price,Short,2026-08-23T05:51:55Z
2026-08-23T05:46:44Z,2026-08-23T07:46:44+0200,442f0342-0040-4db4-ac3f-85a7f822bcbf,2026-07-28T16:00:00Z,2026-07-28T18:00:00+0200,14.28,EUR/MWh,DK1,DK_1,imbalance_price,Long,2026-08-23T05:51:55Z
2026-08-23T05:46:44Z,2026-08-23T07:46:44+0200,442f0342-0040-4db4-ac3f-85a7f822bcbf,2026-07-28T16:00:00Z,2026-07-28T18:00:00+0200,14.28,EUR/MWh,DK1,DK_1,imbalance_price,Short,2026-08-23T05:51:55Z
2026-08-23T05:46:44Z,2026-08-23T07:46:44+0200,442f0342-0040-4db4-ac3f-85a7f822bcbf,2026-07-28T16:15:00Z,2026-07-28T18:15:00+0200,60.0,EUR/MWh,DK1,DK_1,imbalance_price,Long,2026-08-23T05:51:55Z
2026-08-23T05:46:44Z,2026-08-23T07:46:44+0200,442f0342-0040-4db4-ac3f-85a7f822bcbf,2026-07-28T16:15:00Z,2026-07-28T18:15:00+0200,60.0,EUR/MWh,DK1,DK_1,imbalance_price,Short,2026-08-23T05:51:55Z
2026-08-23T05:46:44Z,2026-08-23T07:46:44+0200,442f0342-0040-4db4-ac3f-85a7f822bcbf,2026-07-28T16:30:00Z,2026-07-28T18:30:00+0200,97.59,EUR/MWh,DK1,DK_1,imbalance_price,Long,2026-08-23T05:51:55Z
2026-08-23T05:46:44Z,2026-08-23T07:46:44+0200,442f0342-0040-4db4-ac3f-85a7f822bcbf,2026-07-28T16:30:00Z,2026-07-28T18:30:00+0200,97.59,EUR/MWh,DK1,DK_1,imbalance_price,Short,2026-08-23T05:51:55Z
2026-08-23T05:46:44Z,2026-08-23T07:46:44+0200,442f0342-0040-4db4-ac3f-85a7f822bcbf,2026-07-28T16:45:00Z,2026-07-28T18:45:00+0200,97.24,EUR/MWh,DK1,DK_1,imbalance_price,Long,2026-08-23T05:51:55Z
2026-08-23T05:46:44Z,2026-08-23T07:46:44+0200,442f0342-0040-4db4-ac3f-85a7f822bcbf,2026-07-28T16:45:00Z,2026-07-28T18:45:00+0200,97.24,EUR/MWh,DK1,DK_1,imbalance_price,Short,2026-08-23T05:51:55Z
2026-08-23T05:46:44Z,2026-08-23T07:46:44+0200,442f0342-0040-4db4-ac3f-85a7f822bcbf,2026-07-28T17:00:00Z,2026-07-28T19:00:00+0200,97.24,EUR/MWh,DK1,DK_1,imbalance_price,Long,2026-08-23T05:51:55Z
2026-08-23T05:46:44Z,2026-08-23T07:46:44+0200,442f0342-0040-4db4-ac3f-85a7f822bcbf,2026-07-28T17:00:00Z,2026-07-28T19:00:00+0200,97.24,EUR/MWh,DK1,DK_1,imbalance_price,Short,2026-08-23T05:51:55Z
2026-08-23T05:46:44Z,2026-08-23T07:46:44+0200,442f0342-0040-4db4-ac3f-85a7f822bcbf,2026-07-28T17:15:00Z,2026-07-28T19:15:00+0200,76.35,EUR/MWh,DK1,DK_1,imbalance_price,Long,2026-08-23T05:51:55Z
2026-08-23T05:46:44Z,2026-08-23T07:46:44+0200,442f0342-0040-4db4-ac3f-85a7f822bcbf,2026-07-28T17:15:00Z,2026-07-28T19:15:00+0200,76.35,EUR/MWh,DK1,DK_1,imbalance_price,Short,2026-08-23T05:51:55Z
2026-08-23T05:46:44Z,2026-08-23T07:46:44+0200,442f0342-0040-4db4-ac3f-85a7f822bcbf,2026-07-28T17:30:00Z,2026-07-28T19:30:00+0200,110.02,EUR/MWh,DK1,DK_1,imbalance_price,Long,2026-08-23T05:51:55Z
2026-08-23T05:46:44Z,2026-08-23T07:46:44+0200,442f0342-0040-4db4-ac3f-85a7f822bcbf,2026-07-28T17:30:00Z,2026-07-28T19:30:00+0200,110.02,EUR/MWh,DK1,DK_1,imbalance_price,Short,2026-08-23T05:51:55Z
2026-08-23T05:46:44Z,2026-08-23T07:46:44+0200,442f0342-0040-4db4-ac3f-85a7f822bcbf,2026-07-28T17:45:00Z,2026-07-28T19:45:00+0200,129.3,EUR/MWh,DK1,DK_1,imbalance_price,Long,2026-08-23T05:51:55Z
2026-08-23T05:46:44Z,2026-08-23T07:46:44+0200,442f0342-0040-4db4-ac3f-85a7f822bcbf,2026-07-28T17:45:00Z,2026-07-28T19:45:00+0200,129.3,EUR/MWh,DK1,DK_1,imbalance_price,Short,2026-08-23T05:51:55Z
2026-08-23T05:46:44Z,2026-08-23T07:46:44+0200,442f0342-0040-4db4-ac3f-85a7f822bcbf,2026-07-28T18:00:00Z,2026-07-28T20:00:00+0200,374.56,EUR/MWh,DK1,DK_1,imbalance_price,Long,2026-08-23T05:51:55Z
2026-08-23T05:46:44Z,2026-08-23T07:46:44+0200,442f0342-0040-4db4-ac3f-85a7f822bcbf,2026-07-28T18:00:00Z,2026-07-28T20:00:00+0200,374.56,EUR/MWh,DK1,DK_1,imbalance_price,Short,2026-08-23T05:51:55Z
2026-08-23T05:46:44Z,2026-08-23T07:46:44+0200,442f0342-0040-4db4-ac3f-85a7f822bcbf,2026-07-28T18:15:00Z,2026-07-28T20:15:00+0200,206.77,EUR/MWh,DK1,DK_1,imbalance_price,Long,2026-08-23T05:51:55Z
2026-08-23T05:46:44Z,2026-08-23T07:46:44+0200,442f0342-0040-4db4-ac3f-85a7f822bcbf,2026-07-28T18:15:00Z,2026-07-28T20:15:00+0200,206.77,EUR/MWh,DK1,DK_1,imbalance_price,Short,2026-08-23T05:51:55Z
2026-08-23T05:46:44Z,2026-08-23T07:46:44+0200,442f0342-0040-4db4-ac3f-85a7f822bcbf,2026-07-28T18:30:00Z,2026-07-28T20:30:00+0200,387.99,EUR/MWh,DK1,DK_1,imbalance_price,Long,2026-08-23T05:51:55Z
2026-08-23T05:46:44Z,2026-08-23T07:46:44+0200,442f0342-0040-4db4-ac3f-85a7f822bcbf,2026-07-28T18:30:00Z,2026-07-28T20:30:00+0200,387.99,EUR/MWh,DK1,DK_1,imbalance_price,Short,2026-08-23T05:51:55Z
2026-08-23T05:46:44Z,2026-08-23T07:46:44+0200,442f0342-0040-4db4-ac3f-85a7f822bcbf,2026-07-28T18:45:00Z,2026-07-28T20:45:00+0200,254.07,EUR/MWh,DK1,DK_1,imbalance_price,Long,2026-08-23T05:51:55Z
2026-08-23T05:46:44Z,2026-08-23T07:46:44+0200,442f0342-0040-4db4-ac3f-85a7f822bcbf,2026-07-28T18:45:00Z,2026-07-28T20:45:00+0200,254.07,EUR/MWh,DK1,DK_1,imbalance_price,Short,2026-08-23T05:51:55Z
2026-08-23T05:46:44Z,2026-08-23T07:46:44+0200,442f0342-0040-4db4-ac3f-85a7f822bcbf,2026-07-28T19:00:00Z,2026-07-28T21:00:00+0200,267.55,EUR/MWh,DK1,DK_1,imbalance_price,Long,2026-08-23T05:51:55Z
2026-08-23T05:46:44Z,2026-08-23T07:46:44+0200,442f0342-0040-4db4-ac3f-85a7f822bcbf,2026-07-28T19:00:00Z,2026-07-28T21:00:00+0200,267.55,EUR/MWh,DK1,DK_1,imbalance_price,Short,2026-08-23T05:51:55Z
2026-08-23T05:46:44Z,2026-08-23T07:46:44+0200,442f0342-0040-4db4-ac3f-85a7f822bcbf,2026-07-28T19:15:00Z,2026-07-28T21:15:00+0200,374.61,EUR/MWh,DK1,DK_1,imbalance_price,Long,2026-08-23T05:51:55Z
2026-08-23T05:46:44Z,2026-08-23T07:46:44+0200,442f0342-0040-4db4-ac3f-85a7f822bcbf,2026-07-28T19:15:00Z,2026-07-28T21:15:00+0200,374.61,EUR/MWh,DK1,DK_1,imbalance_price,Short,2026-08-23T05:51:55Z
2026-08-23T05:46:44Z,2026-08-23T07:46:44+0200,442f0342-0040-4db4-ac3f-85a7f822bcbf,2026-07-28T19:30:00Z,2026-07-28T21:30:00+0200,329.3,EUR/MWh,DK1,DK_1,imbalance_price,Long,2026-08-23T05:51:55Z
2026-08-23T05:46:44Z,2026-08-23T07:46:44+0200,442f0342-0040-4db4-ac3f-85a7f822bcbf,2026-07-28T19:30:00Z,2026-07-28T21:30:00+0200,329.3,EUR/MWh,DK1,DK_1,imbalance_price,Short,2026-08-23T05:51:55Z
2026-08-23T05:46:44Z,2026-08-23T07:46:44+0200,442f0342-0040-4db4-ac3f-85a7f822bcbf,2026-07-28T19:45:00Z,2026-07-28T21:45:00+0200,4.24,EUR/MWh,DK1,DK_1,imbalance_price,Long,2026-08-23T05:51:55Z
2026-08-23T05:46:44Z,2026-08-23T07:46:44+0200,442f0342-0040-4db4-ac3f-85a7f822bcbf,2026-07-28T19:45:00Z,2026-07-28T21:45:00+0200,4.24,EUR/MWh,DK1,DK_1,imbalance_price,Short,2026-08-23T05:51:55Z
2026-08-23T05:46:44Z,2026-08-23T07:46:44+0200,442f0342-0040-4db4-ac3f-85a7f822bcbf,2026-07-28T20:00:00Z,2026-07-28T22:00:00+0200,16.3,EUR/MWh,DK1,DK_1,imbalance_price,Long,2026-08-23T05:51:55Z
2026-08-23T05:46:44Z,2026-08-23T07:46:44+0200,442f0342-0040-4db4-ac3f-85a7f822bcbf,2026-07-28T20:00:00Z,2026-07-28T22:00:00+0200,16.3,EUR/MWh,DK1,DK_1,imbalance_price,Short,2026-08-23T05:51:55Z
2026-08-23T05:46:44Z,2026-08-23T07:46:44+0200,442f0342-0040-4db4-ac3f-85a7f822bcbf,2026-07-28T20:15:00Z,2026-07-28T22:15:00+0200,100.16,EUR/MWh,DK1,DK_1,imbalance_price,Long,2026-08-23T05:51:55Z
2026-08-23T05:46:44Z,2026-08-23T07:46:44+0200,442f0342-0040-4db4-ac3f-85a7f822bcbf,2026-07-28T20:15:00Z,2026-07-28T22:15:00+0200,100.16,EUR/MWh,DK1,DK_1,imbalance_price,Short,2026-08-23T05:51:55Z
2026-08-23T05:46:44Z,2026-08-23T07:46:44+0200,442f0342-0040-4db4-ac3f-85a7f822bcbf,2026-07-28T20:30:00Z,2026-07-28T22:30:00+0200,104.32,EUR/MWh,DK1,DK_1,imbalance_price,Long,2026-08-23T05:51:55Z
2026-08-23T05:46:44Z,2026-08-23T07:46:44+0200,442f0342-0040-4db4-ac3f-85a7f822bcbf,2026-07-28T20:30:00Z,2026-07-28T22:30:00+0200,104.32,EUR/MWh,DK1,DK_1,imbalance_price,Short,2026-08-23T05:51:55Z
2026-08-23T05:46:44Z,2026-08-23T07:46:44+0200,442f0342-0040-4db4-ac3f-85a7f822bcbf,2026-07-28T20:45:00Z,2026-07-28T22:45:00+0200,97.11,EUR/MWh,DK1,DK_1,imbalance_price,Long,2026-08-23T05:51:55Z
2026-08-23T05:46:44Z,2026-08-23T07:46:44+0200,442f0342-0040-4db4-ac3f-85a7f822bcbf,2026-07-28T20:45:00Z,2026-07-28T22:45:00+0200,97.11,EUR/MWh,DK1,DK_1,imbalance_price,Short,2026-08-23T05:51:55Z
2026-08-23T05:46:44Z,2026-08-23T07:46:44+0200,442f0342-0040-4db4-ac3f-85a7f822bcbf,2026-07-28T21:00:00Z,2026-07-28T23:00:00+0200,97.87,EUR/MWh,DK1,DK_1,imbalance_price,Long,2026-08-23T05:51:55Z
2026-08-23T05:46:44Z,2026-08-23T07:46:44+0200,442f0342-0040-4db4-ac3f-85a7f822bcbf,2026-07-28T21:00:00Z,2026-07-28T23:00:00+0200,97.87,EUR/MWh,DK1,DK_1,imbalance_price,Short,2026-08-23T05:51:55Z
2026-08-23T05:46:44Z,2026-08-23T07:46:44+0200,442f0342-0040-4db4-ac3f-85a7f822bcbf,2026-07-28T21:15:00Z,2026-07-28T23:15:00+0200,98.32,EUR/MWh,DK1,DK_1,imbalance_price,Long,2026-08-23T05:51:55Z
2026-08-23T05:46:44Z,2026-08-23T07:46:44+0200,442f0342-0040-4db4-ac3f-85a7f822bcbf,2026-07-28T21:15:00Z,2026-07-28T23:15:00+0200,98.32,EUR/MWh,DK1,DK_1,imbalance_price,Short,2026-08-23T05:51:55Z
2026-08-23T05:46:44Z,2026-08-23T07:46:44+0200,442f0342-0040-4db4-ac3f-85a7f822bcbf,2026-07-28T21:30:00Z,2026-07-28T23:30:00+0200,98.65,EUR/MWh,DK1,DK_1,imbalance_price,Long,2026-08-23T05:51:55Z
2026-08-23T05:46:44Z,2026-08-23T07:46:44+0200,442f0342-0040-4db4-ac3f-85a7f822bcbf,2026-07-28T21:30:00Z,2026-07-28T23:30:00+0200,98.65,EUR/MWh,DK1,DK_1,imbalance_price,Short,2026-08-23T05:51:55Z
2026-08-23T05:46:44Z,2026-08-23T07:46:44+0200,442f0342-0040-4db4-ac3f-85a7f822bcbf,2026-07-28T21:45:00Z,2026-07-28T23:45:00+0200,208.8,EUR/MWh,DK1,DK_1,imbalance_price,Long,2026-08-23T05:51:55Z
2026-08-23T05:46:44Z,2026-08-23T07:46:44+0200,442f0342-0040-4db4-ac3f-85a7f822bcbf,2026-07-28T21:45:00Z,2026-07-28T23:45:00+0200,208.8,EUR/MWh,DK1,DK_1,imbalance_price,Short,2026-08-23T05:51:55Z
2026-08-23T05:46:44Z,2026-08-23T07:46:44+0200,442f0342-0040-4db4-ac3f-85a7f822bcbf,2026-07-28T22:00:00Z,2026-07-29T00:00:00+0200,267.6,EUR/MWh,DK1,DK_1,imbalance_price,Long,2026-08-23T05:51:55Z
2026-08-23T05:46:44Z,2026-08-23T07:46:44+0200,442f0342-0040-4db4-ac3f-85a7f822bcbf,2026-07-28T22:00:00Z,2026-07-29T00:00:00+0200,267.6,EUR/MWh,DK1,DK_1,imbalance_price,Short,2026-08-23T05:51:55Z
2026-08-23T05:46:44Z,2026-08-23T07:46:44+0200,442f0342-0040-4db4-ac3f-85a7f822bcbf,2026-07-28T22:15:00Z,2026-07-29T00:15:00+0200,267.6,EUR/MWh,DK1,DK_1,imbalance_price,Long,2026-08-23T05:51:55Z
2026-08-23T05:46:44Z,2026-08-23T07:46:44+0200,442f0342-0040-4db4-ac3f-85a7f822bcbf,2026-07-28T22:15:00Z,2026-07-29T00:15:00+0200,267.6,EUR/MWh,DK1,DK_1,imbalance_price,Short,2026-08-23T05:51:55Z
2026-08-23T05:46:44Z,2026-08-23T07:46:44+0200,442f0342-0040-4db4-ac3f-85a7f822bcbf,2026-07-28T22:30:00Z,2026-07-29T00:30:00+0200,316.24,EUR/MWh,DK1,DK_1,imbalance_price,Long,2026-08-23T05:51:55Z
2026-08-23T05:46:44Z,2026-08-23T07:46:44+0200,442f0342-0040-4db4-ac3f-85a7f822bcbf,2026-07-28T22:30:00Z,2026-07-29T00:30:00+0200,316.24,EUR/MWh,DK1,DK_1,imbalance_price,Short,2026-08-23T05:51:55Z
2026-08-23T05:46:44Z,2026-08-23T07:46:44+0200,442f0342-0040-4db4-ac3f-85a7f822bcbf,2026-07-28T22:45:00Z,2026-07-29T00:45:00+0200,144.1,EUR/MWh,DK1,DK_1,imbalance_price,Long,2026-08-23T05:51:55Z
2026-08-23T05:46:44Z,2026-08-23T07:46:44+0200,442f0342-0040-4db4-ac3f-85a7f822bcbf,2026-07-28T22:45:00Z,2026-07-29T00:45:00+0200,144.1,EUR/MWh,DK1,DK_1,imbalance_price,Short,2026-08-23T05:51:55Z
2026-08-23T05:46:44Z,2026-08-23T07:46:44+0200,442f0342-0040-4db4-ac3f-85a7f822bcbf,2026-07-28T23:00:00Z,2026-07-29T01:00:00+0200,97.25,EUR/MWh,DK1,DK_1,imbalance_price,Long,2026-08-23T05:51:55Z
2026-08-23T05:46:44Z,2026-08-23T07:46:44+0200,442f0342-0040-4db4-ac3f-85a7f822bcbf,2026-07-28T23:00:00Z,2026-07-29T01:00:00+0200,97.25,EUR/MWh,DK1,DK_1,imbalance_price,Short,2026-08-23T05:51:55Z
2026-08-23T05:46:44Z,2026-08-23T07:46:44+0200,442f0342-0040-4db4-ac3f-85a7f822bcbf,2026-07-28T23:15:00Z,2026-07-29T01:15:00+0200,97.42,EUR/MWh,DK1,DK_1,imbalance_price,Long,2026-08-23T05:51:55Z
2026-08-23T05:46:44Z,2026-08-23T07:46:44+0200,442f0342-0040-4db4-ac3f-85a7f822bcbf,2026-07-28T23:15:00Z,2026-07-29T01:15:00+0200,97.42,EUR/MWh,DK1,DK_1,imbalance_price,Short,2026-08-23T05:51:55Z
2026-08-23T05:46:44Z,2026-08-23T07:46:44+0200,442f0342-0040-4db4-ac3f-85a7f822bcbf,2026-07-28T23:30:00Z,2026-07-29T01:30:00+0200,97.36,EUR/MWh,DK1,DK_1,imbalance_price,Long,2026-08-23T05:51:55Z
2026-08-23T05:46:44Z,2026-08-23T07:46:44+0200,442f0342-0040-4db4-ac3f-85a7f822bcbf,2026-07-28T23:30:00Z,2026-07-29T01:30:00+0200,97.36,EUR/MWh,DK1,DK_1,imbalance_price,Short,2026-08-23T05:51:55Z
2026-08-23T05:46:44Z,2026-08-23T07:46:44+0200,442f0342-0040-4db4-ac3f-85a7f822bcbf,2026-07-28T23:45:00Z,2026-07-29T01:45:00+0200,139.72,EUR/MWh,DK1,DK_1,imbalance_price,Long,2026-08-23T05:51:55Z
2026-08-23T05:46:44Z,2026-08-23T07:46:44+0200,442f0342-0040-4db4-ac3f-85a7f822bcbf,2026-07-28T23:45:00Z,2026-07-29T01:45:00+0200,139.72,EUR/MWh,DK1,DK_1,imbalance_price,Short,2026-08-23T05:51:55Z
2026-08-23T05:46:44Z,2026-08-23T07:46:44+0200,442f0342-0040-4db4-ac3f-85a7f822bcbf,2026-07-29T00:00:00Z,2026-07-29T02:00:00+0200,305.31,EUR/MWh,DK1,DK_1,imbalance_price,Long,2026-08-23T05:51:55Z
2026-08-23T05:46:44Z,2026-08-23T07:46:44+0200,442f0342-0040-4db4-ac3f-85a7f822bcbf,2026-07-29T00:00:00Z,2026-07-29T02:00:00+0200,305.31,EUR/MWh,DK1,DK_1,imbalance_price,Short,2026-08-23T05:51:55Z
2026-08-23T05:46:44Z,2026-08-23T07:46:44+0200,442f0342-0040-4db4-ac3f-85a7f822bcbf,2026-07-29T00:15:00Z,2026-07-29T02:15:00+0200,334.47,EUR/MWh,DK1,DK_1,imbalance_price,Long,2026-08-23T05:51:55Z
2026-08-23T05:46:44Z,2026-08-23T07:46:44+0200,442f0342-0040-4db4-ac3f-85a7f822bcbf,2026-07-29T00:15:00Z,2026-07-29T02:15:00+0200,334.47,EUR/MWh,DK1,DK_1,imbalance_price,Short,2026-08-23T05:51:55Z
2026-08-23T05:46:44Z,2026-08-23T07:46:44+0200,442f0342-0040-4db4-ac3f-85a7f822bcbf,2026-07-29T00:30:00Z,2026-07-29T02:30:00+0200,468.3,EUR/MWh,DK1,DK_1,imbalance_price,Long,2026-08-23T05:51:55Z
2026-08-23T05:46:44Z,2026-08-23T07:46:44+0200,442f0342-0040-4db4-ac3f-85a7f822bcbf,2026-07-29T00:30:00Z,2026-07-29T02:30:00+0200,468.3,EUR/MWh,DK1,DK_1,imbalance_price,Short,2026-08-23T05:51:55Z
2026-08-23T05:46:44Z,2026-08-23T07:46:44+0200,442f0342-0040-4db4-ac3f-85a7f822bcbf,2026-07-29T00:45:00Z,2026-07-29T02:45:00+0200,468.3,EUR/MWh,DK1,DK_1,imbalance_price,Long,2026-08-23T05:51:55Z
2026-08-23T05:46:44Z,2026-08-23T07:46:44+0200,442f0342-0040-4db4-ac3f-85a7f822bcbf,2026-07-29T00:45:00Z,2026-07-29T02:45:00+0200,468.3,EUR/MWh,DK1,DK_1,imbalance_price,Short,2026-08-23T05:51:55Z
2026-08-23T05:46:44Z,2026-08-23T07:46:44+0200,442f0342-0040-4db4-ac3f-85a7f822bcbf,2026-07-29T01:00:00Z,2026-07-29T03:00:00+0200,334.47,EUR/MWh,DK1,DK_1,imbalance_price,Long,2026-08-23T05:51:55Z
2026-08-23T05:46:44Z,2026-08-23T07:46:44+0200,442f0342-0040-4db4-ac3f-85a7f822bcbf,2026-07-29T01:00:00Z,2026-07-29T03:00:00+0200,334.47,EUR/MWh,DK1,DK_1,imbalance_price,Short,2026-08-23T05:51:55Z
2026-08-23T05:46:44Z,2026-08-23T07:46:44+0200,442f0342-0040-4db4-ac3f-85a7f822bcbf,2026-07-29T01:15:00Z,2026-07-29T03:15:00+0200,334.31,EUR/MWh,DK1,DK_1,imbalance_price,Long,2026-08-23T05:51:55Z
2026-08-23T05:46:44Z,2026-08-23T07:46:44+0200,442f0342-0040-4db4-ac3f-85a7f822bcbf,2026-07-29T01:15:00Z,2026-07-29T03:15:00+0200,334.31,EUR/MWh,DK1,DK_1,imbalance_price,Short,2026-08-23T05:51:55Z
2026-08-23T05:46:44Z,2026-08-23T07:46:44+0200,442f0342-0040-4db4-ac3f-85a7f822bcbf,2026-07-29T01:30:00Z,2026-07-29T03:30:00+0200,334.5,EUR/MWh,DK1,DK_1,imbalance_price,Long,2026-08-23T05:51:55Z
2026-08-23T05:46:44Z,2026-08-23T07:46:44+0200,442f0342-0040-4db4-ac3f-85a7f822bcbf,2026-07-29T01:30:00Z,2026-07-29T03:30:00+0200,334.5,EUR/MWh,DK1,DK_1,imbalance_price,Short,2026-08-23T05:51:55Z
2026-08-23T05:46:44Z,2026-08-23T07:46:44+0200,442f0342-0040-4db4-ac3f-85a7f822bcbf,2026-07-29T01:45:00Z,2026-07-29T03:45:00+0200,334.47,EUR/MWh,DK1,DK_1,imbalance_price,Long,2026-08-23T05:51:55Z
2026-08-23T05:46:44Z,2026-08-23T07:46:44+0200,442f0342-0040-4db4-ac3f-85a7f822bcbf,2026-07-29T01:45:00Z,2026-07-29T03:45:00+0200,334.47,EUR/MWh,DK1,DK_1,imbalance_price,Short,2026-08-23T05:51:55Z
2026-08-23T05:46:44Z,2026-08-23T07:46:44+0200,442f0342-0040-4db4-ac3f-85a7f822bcbf,2026-07-29T02:00:00Z,2026-07-29T04:00:00+0200,267.6,EUR/MWh,DK1,DK_1,imbalance_price,Long,2026-08-23T05:51:55Z
2026-08-23T05:46:44Z,2026-08-23T07:46:44+0200,442f0342-0040-4db4-ac3f-85a7f822bcbf,2026-07-29T02:00:00Z,2026-07-29T04:00:00+0200,267.6,EUR/MWh,DK1,DK_1,imbalance_price,Short,2026-08-23T05:51:55Z
2026-08-23T05:46:44Z,2026-08-23T07:46:44+0200,442f0342-0040-4db4-ac3f-85a7f822bcbf,2026-07-29T02:15:00Z,2026-07-29T04:15:00+0200,138.06,EUR/MWh,DK1,DK_1,imbalance_price,Long,2026-08-23T05:51:55Z
2026-08-23T05:46:44Z,2026-08-23T07:46:44+0200,442f0342-0040-4db4-ac3f-85a7f822bcbf,2026-07-29T02:15:00Z,2026-07-29T04:15:00+0200,138.06,EUR/MWh,DK1,DK_1,imbalance_price,Short,2026-08-23T05:51:55Z
2026-08-23T05:46:44Z,2026-08-23T07:46:44+0200,442f0342-0040-4db4-ac3f-85a7f822bcbf,2026-07-29T02:30:00Z,2026-07-29T04:30:00+0200,132.15,EUR/MWh,DK1,DK_1,imbalance_price,Long,2026-08-23T05:51:55Z
2026-08-23T05:46:44Z,2026-08-23T07:46:44+0200,442f0342-0040-4db4-ac3f-85a7f822bcbf,2026-07-29T02:30:00Z,2026-07-29T04:30:00+0200,132.15,EUR/MWh,DK1,DK_1,imbalance_price,Short,2026-08-23T05:51:55Z
2026-08-23T05:46:44Z,2026-08-23T07:46:44+0200,442f0342-0040-4db4-ac3f-85a7f822bcbf,2026-07-29T02:45:00Z,2026-07-29T04:45:00+0200,130.15,EUR/MWh,DK1,DK_1,imbalance_price,Long,2026-08-23T05:51:55Z
2026-08-23T05:46:44Z,2026-08-23T07:46:44+0200,442f0342-0040-4db4-ac3f-85a7f822bcbf,2026-07-29T02:45:00Z,2026-07-29T04:45:00+0200,130.15,EUR/MWh,DK1,DK_1,imbalance_price,Short,2026-08-23T05:51:55Z
2026-08-23T05:46:44Z,2026-08-23T07:46:44+0200,442f0342-0040-4db4-ac3f-85a7f822bcbf,2026-07-29T03:00:00Z,2026-07-29T05:00:00+0200,88.84,EUR/MWh,DK1,DK_1,imbalance_price,Long,2026-08-23T05:51:55Z
2026-08-23T05:46:44Z,2026-08-23T07:46:44+0200,442f0342-0040-4db4-ac3f-85a7f822bcbf,2026-07-29T03:00:00Z,2026-07-29T05:00:00+0200,88.84,EUR/MWh,DK1,DK_1,imbalance_price,Short,2026-08-23T05:51:55Z
2026-08-23T05:46:44Z,2026-08-23T07:46:44+0200,442f0342-0040-4db4-ac3f-85a7f822bcbf,2026-07-29T03:15:00Z,2026-07-29T05:15:00+0200,100.6,EUR/MWh,DK1,DK_1,imbalance_price,Long,2026-08-23T05:51:55Z
2026-08-23T05:46:44Z,2026-08-23T07:46:44+0200,442f0342-0040-4db4-ac3f-85a7f822bcbf,2026-07-29T03:15:00Z,2026-07-29T05:15:00+0200,100.6,EUR/MWh,DK1,DK_1,imbalance_price,Short,2026-08-23T05:51:55Z
2026-08-23T05:46:44Z,2026-08-23T07:46:44+0200,442f0342-0040-4db4-ac3f-85a7f822bcbf,2026-07-29T03:30:00Z,2026-07-29T05:30:00+0200,150.04,EUR/MWh,DK1,DK_1,imbalance_price,Long,2026-08-23T05:51:55Z
2026-08-23T05:46:44Z,2026-08-23T07:46:44+0200,442f0342-0040-4db4-ac3f-85a7f822bcbf,2026-07-29T03:30:00Z,2026-07-29T05:30:00+0200,150.04,EUR/MWh,DK1,DK_1,imbalance_price,Short,2026-08-23T05:51:55Z
2026-08-23T05:46:44Z,2026-08-23T07:46:44+0200,442f0342-0040-4db4-ac3f-85a7f822bcbf,2026-07-29T03:45:00Z,2026-07-29T05:45:00+0200,101.51,EUR/MWh,DK1,DK_1,imbalance_price,Long,2026-08-23T05:51:55Z
2026-08-23T05:46:44Z,2026-08-23T07:46:44+0200,442f0342-0040-4db4-ac3f-85a7f822bcbf,2026-07-29T03:45:00Z,2026-07-29T05:45:00+0200,101.51,EUR/MWh,DK1,DK_1,imbalance_price,Short,2026-08-23T05:51:55Z
2026-08-23T05:46:44Z,2026-08-23T07:46:44+0200,442f0342-0040-4db4-ac3f-85a7f822bcbf,2026-07-29T04:00:00Z,2026-07-29T06:00:00+0200,108.87,EUR/MWh,DK1,DK_1,imbalance_price,Long,2026-08-23T05:51:55Z
2026-08-23T05:46:44Z,2026-08-23T07:46:44+0200,442f0342-0040-4db4-ac3f-85a7f822bcbf,2026-07-29T04:00:00Z,2026-07-29T06:00:00+0200,108.87,EUR/MWh,DK1,DK_1,imbalance_price,Short,2026-08-23T05:51:55Z
2026-08-23T05:46:44Z,2026-08-23T07:46:44+0200,442f0342-0040-4db4-ac3f-85a7f822bcbf,2026-07-29T04:15:00Z,2026-07-29T06:15:00+0200,169.31,EUR/MWh,DK1,DK_1,imbalance_price,Long,2026-08-23T05:51:55Z
2026-08-23T05:46:44Z,2026-08-23T07:46:44+0200,442f0342-0040-4db4-ac3f-85a7f822bcbf,2026-07-29T04:15:00Z,2026-07-29T06:15:00+0200,169.31,EUR/MWh,DK1,DK_1,imbalance_price,Short,2026-08-23T05:51:55Z
2026-08-23T05:46:44Z,2026-08-23T07:46:44+0200,442f0342-0040-4db4-ac3f-85a7f822bcbf,2026-07-29T04:30:00Z,2026-07-29T06:30:00+0200,168.84,EUR/MWh,DK1,DK_1,imbalance_price,Long,2026-08-23T05:51:55Z
2026-08-23T05:46:44Z,2026-08-23T07:46:44+0200,442f0342-0040-4db4-ac3f-85a7f822bcbf,2026-07-29T04:30:00Z,2026-07-29T06:30:00+0200,168.84,EUR/MWh,DK1,DK_1,imbalance_price,Short,2026-08-23T05:51:55Z
2026-08-23T05:46:44Z,2026-08-23T07:46:44+0200,442f0342-0040-4db4-ac3f-85a7f822bcbf,2026-07-29T04:45:00Z,2026-07-29T06:45:00+0200,267.6,EUR/MWh,DK1,DK_1,imbalance_price,Long,2026-08-23T05:51:55Z
2026-08-23T05:46:44Z,2026-08-23T07:46:44+0200,442f0342-0040-4db4-ac3f-85a7f822bcbf,2026-07-29T04:45:00Z,2026-07-29T06:45:00+0200,267.6,EUR/MWh,DK1,DK_1,imbalance_price,Short,2026-08-23T05:51:55Z
2026-08-23T05:46:44Z,2026-08-23T07:46:44+0200,442f0342-0040-4db4-ac3f-85a7f822bcbf,2026-07-29T05:00:00Z,2026-07-29T07:00:00+0200,170.82,EUR/MWh,DK1,DK_1,imbalance_price,Long,2026-08-23T05:51:55Z
2026-08-23T05:46:44Z,2026-08-23T07:46:44+0200,442f0342-0040-4db4-ac3f-85a7f822bcbf,2026-07-29T05:00:00Z,2026-07-29T07:00:00+0200,170.82,EUR/MWh,DK1,DK_1,imbalance_price,Short,2026-08-23T05:51:55Z
2026-08-23T05:46:44Z,2026-08-23T07:46:44+0200,442f0342-0040-4db4-ac3f-85a7f822bcbf,2026-07-29T05:15:00Z,2026-07-29T07:15:00+0200,97.24,EUR/MWh,DK1,DK_1,imbalance_price,Long,2026-08-23T05:51:55Z
2026-08-23T05:46:44Z,2026-08-23T07:46:44+0200,442f0342-0040-4db4-ac3f-85a7f822bcbf,2026-07-29T05:15:00Z,2026-07-29T07:15:00+0200,97.24,EUR/MWh,DK1,DK_1,imbalance_price,Short,2026-08-23T05:51:55Z
2026-08-23T05:46:44Z,2026-08-23T07:46:44+0200,442f0342-0040-4db4-ac3f-85a7f822bcbf,2026-07-29T05:30:00Z,2026-07-29T07:30:00+0200,97.24,EUR/MWh,DK1,DK_1,imbalance_price,Long,2026-08-23T05:51:55Z
2026-08-23T05:46:44Z,2026-08-23T07:46:44+0200,442f0342-0040-4db4-ac3f-85a7f822bcbf,2026-07-29T05:30:00Z,2026-07-29T07:30:00+0200,97.24,EUR/MWh,DK1,DK_1,imbalance_price,Short,2026-08-23T05:51:55Z
2026-08-23T05:46:44Z,2026-08-23T07:46:44+0200,442f0342-0040-4db4-ac3f-85a7f822bcbf,2026-07-29T05:45:00Z,2026-07-29T07:45:00+0200,97.24,EUR/MWh,DK1,DK_1,imbalance_price,Long,2026-08-23T05:51:55Z
2026-08-23T05:46:44Z,2026-08-23T07:46:44+0200,442f0342-0040-4db4-ac3f-85a7f822bcbf,2026-07-29T05:45:00Z,2026-07-29T07:45:00+0200,97.24,EUR/MWh,DK1,DK_1,imbalance_price,Short,2026-08-23T05:51:55Z
2026-08-23T05:46:44Z,2026-08-23T07:46:44+0200,442f0342-0040-4db4-ac3f-85a7f822bcbf,2026-07-29T06:00:00Z,2026-07-29T08:00:00+0200,75.63,EUR/MWh,DK1,DK_1,imbalance_price,Long,2026-08-23T05:51:55Z
2026-08-23T05:46:44Z,2026-08-23T07:46:44+0200,442f0342-0040-4db4-ac3f-85a7f822bcbf,2026-07-29T06:00:00Z,2026-07-29T08:00:00+0200,75.63,EUR/MWh,DK1,DK_1,imbalance_price,Short,2026-08-23T05:51:55Z
2026-08-23T05:46:44Z,2026-08-23T07:46:44+0200,442f0342-0040-4db4-ac3f-85a7f822bcbf,2026-07-29T06:15:00Z,2026-07-29T08:15:00+0200,267.6,EUR/MWh,DK1,DK_1,imbalance_price,Long,2026-08-23T05:51:55Z
2026-08-23T05:46:44Z,2026-08-23T07:46:44+0200,442f0342-0040-4db4-ac3f-85a7f822bcbf,2026-07-29T06:15:00Z,2026-07-29T08:15:00+0200,267.6,EUR/MWh,DK1,DK_1,imbalance_price,Short,2026-08-23T05:51:55Z
2026-08-23T05:46:44Z,2026-08-23T07:46:44+0200,442f0342-0040-4db4-ac3f-85a7f822bcbf,2026-07-29T06:30:00Z,2026-07-29T08:30:00+0200,254.19,EUR/MWh,DK1,DK_1,imbalance_price,Long,2026-08-23T05:51:55Z
2026-08-23T05:46:44Z,2026-08-23T07:46:44+0200,442f0342-0040-4db4-ac3f-85a7f822bcbf,2026-07-29T06:30:00Z,2026-07-29T08:30:00+0200,254.19,EUR/MWh,DK1,DK_1,imbalance_price,Short,2026-08-23T05:51:55Z
2026-08-23T05:46:44Z,2026-08-23T07:46:44+0200,442f0342-0040-4db4-ac3f-85a7f822bcbf,2026-07-29T06:45:00Z,2026-07-29T08:45:00+0200,135.04,EUR/MWh,DK1,DK_1,imbalance_price,Long,2026-08-23T05:51:55Z
2026-08-23T05:46:44Z,2026-08-23T07:46:44+0200,442f0342-0040-4db4-ac3f-85a7f822bcbf,2026-07-29T06:45:00Z,2026-07-29T08:45:00+0200,135.04,EUR/MWh,DK1,DK_1,imbalance_price,Short,2026-08-23T05:51:55Z
2026-08-23T05:46:44Z,2026-08-23T07:46:44+0200,442f0342-0040-4db4-ac3f-85a7f822bcbf,2026-07-29T07:00:00Z,2026-07-29T09:00:00+0200,535.1,EUR/MWh,DK1,DK_1,imbalance_price,Long,2026-08-23T05:51:55Z
2026-08-23T05:46:44Z,2026-08-23T07:46:44+0200,442f0342-0040-4db4-ac3f-85a7f822bcbf,2026-07-29T07:00:00Z,2026-07-29T09:00:00+0200,535.1,EUR/MWh,DK1,DK_1,imbalance_price,Short,2026-08-23T05:51:55Z
2026-08-23T05:46:44Z,2026-08-23T07:46:44+0200,442f0342-0040-4db4-ac3f-85a7f822bcbf,2026-07-29T07:15:00Z,2026-07-29T09:15:00+0200,12.71,EUR/MWh,DK1,DK_1,imbalance_price,Long,2026-08-23T05:51:55Z
2026-08-23T05:46:44Z,2026-08-23T07:46:44+0200,442f0342-0040-4db4-ac3f-85a7f822bcbf,2026-07-29T07:15:00Z,2026-07-29T09:15:00+0200,12.71,EUR/MWh,DK1,DK_1,imbalance_price,Short,2026-08-23T05:51:55Z
2026-08-23T05:46:44Z,2026-08-23T07:46:44+0200,442f0342-0040-4db4-ac3f-85a7f822bcbf,2026-07-29T07:30:00Z,2026-07-29T09:30:00+0200,18.19,EUR/MWh,DK1,DK_1,imbalance_price,Long,2026-08-23T05:51:55Z
2026-08-23T05:46:44Z,2026-08-23T07:46:44+0200,442f0342-0040-4db4-ac3f-85a7f822bcbf,2026-07-29T07:30:00Z,2026-07-29T09:30:00+0200,18.19,EUR/MWh,DK1,DK_1,imbalance_price,Short,2026-08-23T05:51:55Z
2026-08-23T05:46:44Z,2026-08-23T07:46:44+0200,442f0342-0040-4db4-ac3f-85a7f822bcbf,2026-07-29T07:45:00Z,2026-07-29T09:45:00+0200,29.78,EUR/MWh,DK1,DK_1,imbalance_price,Long,2026-08-23T05:51:55Z
2026-08-23T05:46:44Z,2026-08-23T07:46:44+0200,442f0342-0040-4db4-ac3f-85a7f822bcbf,2026-07-29T07:45:00Z,2026-07-29T09:45:00+0200,29.78,EUR/MWh,DK1,DK_1,imbalance_price,Short,2026-08-23T05:51:55Z
2026-08-23T05:46:44Z,2026-08-23T07:46:44+0200,442f0342-0040-4db4-ac3f-85a7f822bcbf,2026-07-29T08:00:00Z,2026-07-29T10:00:00+0200,40.4,EUR/MWh,DK1,DK_1,imbalance_price,Long,2026-08-23T05:51:55Z
2026-08-23T05:46:44Z,2026-08-23T07:46:44+0200,442f0342-0040-4db4-ac3f-85a7f822bcbf,2026-07-29T08:00:00Z,2026-07-29T10:00:00+0200,40.4,EUR/MWh,DK1,DK_1,imbalance_price,Short,2026-08-23T05:51:55Z
2026-08-23T05:46:44Z,2026-08-23T07:46:44+0200,442f0342-0040-4db4-ac3f-85a7f822bcbf,2026-07-29T08:15:00Z,2026-07-29T10:15:00+0200,8.0,EUR/MWh,DK1,DK_1,imbalance_price,Long,2026-08-23T05:51:55Z
2026-08-23T05:46:44Z,2026-08-23T07:46:44+0200,442f0342-0040-4db4-ac3f-85a7f822bcbf,2026-07-29T08:15:00Z,2026-07-29T10:15:00+0200,8.0,EUR/MWh,DK1,DK_1,imbalance_price,Short,2026-08-23T05:51:55Z
2026-08-23T05:46:44Z,2026-08-23T07:46:44+0200,442f0342-0040-4db4-ac3f-85a7f822bcbf,2026-07-29T08:30:00Z,2026-07-29T10:30:00+0200,0.3,EUR/MWh,DK1,DK_1,imbalance_price,Long,2026-08-23T05:51:55Z
2026-08-23T05:46:44Z,2026-08-23T07:46:44+0200,442f0342-0040-4db4-ac3f-85a7f822bcbf,2026-07-29T08:30:00Z,2026-07-29T10:30:00+0200,0.3,EUR/MWh,DK1,DK_1,imbalance_price,Short,2026-08-23T05:51:55Z
2026-08-23T05:46:44Z,2026-08-23T07:46:44+0200,442f0342-0040-4db4-ac3f-85a7f822bcbf,2026-07-29T08:45:00Z,2026-07-29T10:45:00+0200,1.86,EUR/MWh,DK1,DK_1,imbalance_price,Long,2026-08-23T05:51:55Z
2026-08-23T05:46:44Z,2026-08-23T07:46:44+0200,442f0342-0040-4db4-ac3f-85a7f822bcbf,2026-07-29T08:45:00Z,2026-07-29T10:45:00+0200,1.86,EUR/MWh,DK1,DK_1,imbalance_price,Short,2026-08-23T05:51:55Z
2026-08-23T05:46:44Z,2026-08-23T07:46:44+0200,442f0342-0040-4db4-ac3f-85a7f822bcbf,2026-07-29T09:00:00Z,2026-07-29T11:00:00+0200,62.23,EUR/MWh,DK1,DK_1,imbalance_price,Long,2026-08-23T05:51:55Z
2026-08-23T05:46:44Z,2026-08-23T07:46:44+0200,442f0342-0040-4db4-ac3f-85a7f822bcbf,2026-07-29T09:00:00Z,2026-07-29T11:00:00+0200,62.23,EUR/MWh,DK1,DK_1,imbalance_price,Short,2026-08-23T05:51:55Z
2026-08-23T05:46:44Z,2026-08-23T07:46:44+0200,442f0342-0040-4db4-ac3f-85a7f822bcbf,2026-07-29T09:15:00Z,2026-07-29T11:15:00+0200,3.23,EUR/MWh,DK1,DK_1,imbalance_price,Long,2026-08-23T05:51:55Z
2026-08-23T05:46:44Z,2026-08-23T07:46:44+0200,442f0342-0040-4db4-ac3f-85a7f822bcbf,2026-07-29T09:15:00Z,2026-07-29T11:15:00+0200,3.23,EUR/MWh,DK1,DK_1,imbalance_price,Short,2026-08-23T05:51:55Z
2026-08-23T05:46:44Z,2026-08-23T07:46:44+0200,442f0342-0040-4db4-ac3f-85a7f822bcbf,2026-07-29T09:30:00Z,2026-07-29T11:30:00+0200,12.68,EUR/MWh,DK1,DK_1,imbalance_price,Long,2026-08-23T05:51:55Z
2026-08-23T05:46:44Z,2026-08-23T07:46:44+0200,442f0342-0040-4db4-ac3f-85a7f822bcbf,2026-07-29T09:30:00Z,2026-07-29T11:30:00+0200,12.68,EUR/MWh,DK1,DK_1,imbalance_price,Short,2026-08-23T05:51:55Z
2026-08-23T05:46:44Z,2026-08-23T07:46:44+0200,442f0342-0040-4db4-ac3f-85a7f822bcbf,2026-07-29T09:45:00Z,2026-07-29T11:45:00+0200,8.43,EUR/MWh,DK1,DK_1,imbalance_price,Long,2026-08-23T05:51:55Z
2026-08-23T05:46:44Z,2026-08-23T07:46:44+0200,442f0342-0040-4db4-ac3f-85a7f822bcbf,2026-07-29T09:45:00Z,2026-07-29T11:45:00+0200,8.43,EUR/MWh,DK1,DK_1,imbalance_price,Short,2026-08-23T05:51:55Z
2026-08-23T05:46:44Z,2026-08-23T07:46:44+0200,442f0342-0040-4db4-ac3f-85a7f822bcbf,2026-07-29T10:00:00Z,2026-07-29T12:00:00+0200,5.47,EUR/MWh,DK1,DK_1,imbalance_price,Long,2026-08-23T05:51:55Z
2026-08-23T05:46:44Z,2026-08-23T07:46:44+0200,442f0342-0040-4db4-ac3f-85a7f822bcbf,2026-07-29T10:00:00Z,2026-07-29T12:00:00+0200,5.47,EUR/MWh,DK1,DK_1,imbalance_price,Short,2026-08-23T05:51:55Z
2026-08-23T05:46:44Z,2026-08-23T07:46:44+0200,442f0342-0040-4db4-ac3f-85a7f822bcbf,2026-07-29T10:15:00Z,2026-07-29T12:15:00+0200,-9.89,EUR/MWh,DK1,DK_1,imbalance_price,Long,2026-08-23T05:51:55Z
2026-08-23T05:46:44Z,2026-08-23T07:46:44+0200,442f0342-0040-4db4-ac3f-85a7f822bcbf,2026-07-29T10:15:00Z,2026-07-29T12:15:00+0200,-9.89,EUR/MWh,DK1,DK_1,imbalance_price,Short,2026-08-23T05:51:55Z
2026-08-23T05:46:44Z,2026-08-23T07:46:44+0200,442f0342-0040-4db4-ac3f-85a7f822bcbf,2026-07-29T10:30:00Z,2026-07-29T12:30:00+0200,-6.69,EUR/MWh,DK1,DK_1,imbalance_price,Long,2026-08-23T05:51:55Z
2026-08-23T05:46:44Z,2026-08-23T07:46:44+0200,442f0342-0040-4db4-ac3f-85a7f822bcbf,2026-07-29T10:30:00Z,2026-07-29T12:30:00+0200,-6.69,EUR/MWh,DK1,DK_1,imbalance_price,Short,2026-08-23T05:51:55Z
2026-08-23T05:46:44Z,2026-08-23T07:46:44+0200,442f0342-0040-4db4-ac3f-85a7f822bcbf,2026-07-29T10:45:00Z,2026-07-29T12:45:00+0200,22.72,EUR/MWh,DK1,DK_1,imbalance_price,Long,2026-08-23T05:51:55Z
2026-08-23T05:46:44Z,2026-08-23T07:46:44+0200,442f0342-0040-4db4-ac3f-85a7f822bcbf,2026-07-29T10:45:00Z,2026-07-29T12:45:00+0200,22.72,EUR/MWh,DK1,DK_1,imbalance_price,Short,2026-08-23T05:51:55Z
2026-08-23T05:46:44Z,2026-08-23T07:46:44+0200,442f0342-0040-4db4-ac3f-85a7f822bcbf,2026-07-29T11:00:00Z,2026-07-29T13:00:00+0200,5.85,EUR/MWh,DK1,DK_1,imbalance_price,Long,2026-08-23T05:51:55Z
2026-08-23T05:46:44Z,2026-08-23T07:46:44+0200,442f0342-0040-4db4-ac3f-85a7f822bcbf,2026-07-29T11:00:00Z,2026-07-29T13:00:00+0200,5.85,EUR/MWh,DK1,DK_1,imbalance_price,Short,2026-08-23T05:51:55Z
2026-08-23T05:46:44Z,2026-08-23T07:46:44+0200,442f0342-0040-4db4-ac3f-85a7f822bcbf,2026-07-29T11:15:00Z,2026-07-29T13:15:00+0200,1.0,EUR/MWh,DK1,DK_1,imbalance_price,Long,2026-08-23T05:51:55Z
2026-08-23T05:46:44Z,2026-08-23T07:46:44+0200,442f0342-0040-4db4-ac3f-85a7f822bcbf,2026-07-29T11:15:00Z,2026-07-29T13:15:00+0200,1.0,EUR/MWh,DK1,DK_1,imbalance_price,Short,2026-08-23T05:51:55Z
2026-08-23T05:46:44Z,2026-08-23T07:46:44+0200,442f0342-0040-4db4-ac3f-85a7f822bcbf,2026-07-29T11:30:00Z,2026-07-29T13:30:00+0200,2.41,EUR/MWh,DK1,DK_1,imbalance_price,Long,2026-08-23T05:51:55Z
2026-08-23T05:46:44Z,2026-08-23T07:46:44+0200,442f0342-0040-4db4-ac3f-85a7f822bcbf,2026-07-29T11:30:00Z,2026-07-29T13:30:00+0200,2.41,EUR/MWh,DK1,DK_1,imbalance_price,Short,2026-08-23T05:51:55Z
2026-08-23T05:46:44Z,2026-08-23T07:46:44+0200,442f0342-0040-4db4-ac3f-85a7f822bcbf,2026-07-29T11:45:00Z,2026-07-29T13:45:00+0200,2.0,EUR/MWh,DK1,DK_1,imbalance_price,Long,2026-08-23T05:51:55Z
2026-08-23T05:46:44Z,2026-08-23T07:46:44+0200,442f0342-0040-4db4-ac3f-85a7f822bcbf,2026-07-29T11:45:00Z,2026-07-29T13:45:00+0200,2.0,EUR/MWh,DK1,DK_1,imbalance_price,Short,2026-08-23T05:51:55Z
2026-08-23T05:46:44Z,2026-08-23T07:46:44+0200,442f0342-0040-4db4-ac3f-85a7f822bcbf,2026-07-29T12:00:00Z,2026-07-29T14:00:00+0200,1.33,EUR/MWh,DK1,DK_1,imbalance_price,Long,2026-08-23T05:51:55Z
2026-08-23T05:46:44Z,2026-08-23T07:46:44+0200,442f0342-0040-4db4-ac3f-85a7f822bcbf,2026-07-29T12:00:00Z,2026-07-29T14:00:00+0200,1.33,EUR/MWh,DK1,DK_1,imbalance_price,Short,2026-08-23T05:51:55Z
2026-08-23T05:46:44Z,2026-08-23T07:46:44+0200,442f0342-0040-4db4-ac3f-85a7f822bcbf,2026-07-29T12:15:00Z,2026-07-29T14:15:00+0200,-2.72,EUR/MWh,DK1,DK_1,imbalance_price,Long,2026-08-23T05:51:55Z
2026-08-23T05:46:44Z,2026-08-23T07:46:44+0200,442f0342-0040-4db4-ac3f-85a7f822bcbf,2026-07-29T12:15:00Z,2026-07-29T14:15:00+0200,-2.72,EUR/MWh,DK1,DK_1,imbalance_price,Short,2026-08-23T05:51:55Z
2026-08-23T05:46:44Z,2026-08-23T07:46:44+0200,442f0342-0040-4db4-ac3f-85a7f822bcbf,2026-07-29T12:30:00Z,2026-07-29T14:30:00+0200,-3.41,EUR/MWh,DK1,DK_1,imbalance_price,Long,2026-08-23T05:51:55Z
2026-08-23T05:46:44Z,2026-08-23T07:46:44+0200,442f0342-0040-4db4-ac3f-85a7f822bcbf,2026-07-29T12:30:00Z,2026-07-29T14:30:00+0200,-3.41,EUR/MWh,DK1,DK_1,imbalance_price,Short,2026-08-23T05:51:55Z
2026-08-23T05:46:44Z,2026-08-23T07:46:44+0200,442f0342-0040-4db4-ac3f-85a7f822bcbf,2026-07-29T12:45:00Z,2026-07-29T14:45:00+0200,-6.09,EUR/MWh,DK1,DK_1,imbalance_price,Long,2026-08-23T05:51:55Z
2026-08-23T05:46:44Z,2026-08-23T07:46:44+0200,442f0342-0040-4db4-ac3f-85a7f822bcbf,2026-07-29T12:45:00Z,2026-07-29T14:45:00+0200,-6.09,EUR/MWh,DK1,DK_1,imbalance_price,Short,2026-08-23T05:51:55Z
2026-08-23T05:46:44Z,2026-08-23T07:46:44+0200,442f0342-0040-4db4-ac3f-85a7f822bcbf,2026-07-29T13:00:00Z,2026-07-29T15:00:00+0200,-6.08,EUR/MWh,DK1,DK_1,imbalance_price,Long,2026-08-23T05:51:55Z
2026-08-23T05:46:44Z,2026-08-23T07:46:44+0200,442f0342-0040-4db4-ac3f-85a7f822bcbf,2026-07-29T13:00:00Z,2026-07-29T15:00:00+0200,-6.08,EUR/MWh,DK1,DK_1,imbalance_price,Short,2026-08-23T05:51:55Z
2026-08-23T05:46:44Z,2026-08-23T07:46:44+0200,442f0342-0040-4db4-ac3f-85a7f822bcbf,2026-07-29T13:15:00Z,2026-07-29T15:15:00+0200,3.87,EUR/MWh,DK1,DK_1,imbalance_price,Long,2026-08-23T05:51:55Z
2026-08-23T05:46:44Z,2026-08-23T07:46:44+0200,442f0342-0040-4db4-ac3f-85a7f822bcbf,2026-07-29T13:15:00Z,2026-07-29T15:15:00+0200,3.87,EUR/MWh,DK1,DK_1,imbalance_price,Short,2026-08-23T05:51:55Z
2026-08-23T05:46:44Z,2026-08-23T07:46:44+0200,442f0342-0040-4db4-ac3f-85a7f822bcbf,2026-07-29T13:30:00Z,2026-07-29T15:30:00+0200,11.0,EUR/MWh,DK1,DK_1,imbalance_price,Long,2026-08-23T05:51:55Z
2026-08-23T05:46:44Z,2026-08-23T07:46:44+0200,442f0342-0040-4db4-ac3f-85a7f822bcbf,2026-07-29T13:30:00Z,2026-07-29T15:30:00+0200,11.0,EUR/MWh,DK1,DK_1,imbalance_price,Short,2026-08-23T05:51:55Z
2026-08-23T05:46:44Z,2026-08-23T07:46:44+0200,442f0342-0040-4db4-ac3f-85a7f822bcbf,2026-07-29T13:45:00Z,2026-07-29T15:45:00+0200,3.36,EUR/MWh,DK1,DK_1,imbalance_price,Long,2026-08-23T05:51:55Z
2026-08-23T05:46:44Z,2026-08-23T07:46:44+0200,442f0342-0040-4db4-ac3f-85a7f822bcbf,2026-07-29T13:45:00Z,2026-07-29T15:45:00+0200,3.36,EUR/MWh,DK1,DK_1,imbalance_price,Short,2026-08-23T05:51:55Z
2026-08-23T05:46:44Z,2026-08-23T07:46:44+0200,442f0342-0040-4db4-ac3f-85a7f822bcbf,2026-07-29T14:00:00Z,2026-07-29T16:00:00+0200,10.26,EUR/MWh,DK1,DK_1,imbalance_price,Long,2026-08-23T05:51:55Z
2026-08-23T05:46:44Z,2026-08-23T07:46:44+0200,442f0342-0040-4db4-ac3f-85a7f822bcbf,2026-07-29T14:00:00Z,2026-07-29T16:00:00+0200,10.26,EUR/MWh,DK1,DK_1,imbalance_price,Short,2026-08-23T05:51:55Z
2026-08-23T05:46:44Z,2026-08-23T07:46:44+0200,442f0342-0040-4db4-ac3f-85a7f822bcbf,2026-07-29T14:15:00Z,2026-07-29T16:15:00+0200,20.75,EUR/MWh,DK1,DK_1,imbalance_price,Long,2026-08-23T05:51:55Z
2026-08-23T05:46:44Z,2026-08-23T07:46:44+0200,442f0342-0040-4db4-ac3f-85a7f822bcbf,2026-07-29T14:15:00Z,2026-07-29T16:15:00+0200,20.75,EUR/MWh,DK1,DK_1,imbalance_price,Short,2026-08-23T05:51:55Z
2026-08-23T05:46:44Z,2026-08-23T07:46:44+0200,442f0342-0040-4db4-ac3f-85a7f822bcbf,2026-07-29T14:30:00Z,2026-07-29T16:30:00+0200,468.25,EUR/MWh,DK1,DK_1,imbalance_price,Long,2026-08-23T05:51:55Z
2026-08-23T05:46:44Z,2026-08-23T07:46:44+0200,442f0342-0040-4db4-ac3f-85a7f822bcbf,2026-07-29T14:30:00Z,2026-07-29T16:30:00+0200,468.25,EUR/MWh,DK1,DK_1,imbalance_price,Short,2026-08-23T05:51:55Z
2026-08-23T05:46:44Z,2026-08-23T07:46:44+0200,442f0342-0040-4db4-ac3f-85a7f822bcbf,2026-07-29T14:45:00Z,2026-07-29T16:45:00+0200,334.47,EUR/MWh,DK1,DK_1,imbalance_price,Long,2026-08-23T05:51:55Z
2026-08-23T05:46:44Z,2026-08-23T07:46:44+0200,442f0342-0040-4db4-ac3f-85a7f822bcbf,2026-07-29T14:45:00Z,2026-07-29T16:45:00+0200,334.47,EUR/MWh,DK1,DK_1,imbalance_price,Short,2026-08-23T05:51:55Z
2026-08-23T05:46:44Z,2026-08-23T07:46:44+0200,442f0342-0040-4db4-ac3f-85a7f822bcbf,2026-07-29T15:00:00Z,2026-07-29T17:00:00+0200,125.4,EUR/MWh,DK1,DK_1,imbalance_price,Long,2026-08-23T05:51:55Z
2026-08-23T05:46:44Z,2026-08-23T07:46:44+0200,442f0342-0040-4db4-ac3f-85a7f822bcbf,2026-07-29T15:00:00Z,2026-07-29T17:00:00+0200,125.4,EUR/MWh,DK1,DK_1,imbalance_price,Short,2026-08-23T05:51:55Z
2026-08-23T05:46:44Z,2026-08-23T07:46:44+0200,442f0342-0040-4db4-ac3f-85a7f822bcbf,2026-07-29T15:15:00Z,2026-07-29T17:15:00+0200,114.61,EUR/MWh,DK1,DK_1,imbalance_price,Long,2026-08-23T05:51:55Z
2026-08-23T05:46:44Z,2026-08-23T07:46:44+0200,442f0342-0040-4db4-ac3f-85a7f822bcbf,2026-07-29T15:15:00Z,2026-07-29T17:15:00+0200,114.61,EUR/MWh,DK1,DK_1,imbalance_price,Short,2026-08-23T05:51:55Z
2026-08-23T05:46:44Z,2026-08-23T07:46:44+0200,442f0342-0040-4db4-ac3f-85a7f822bcbf,2026-07-29T15:30:00Z,2026-07-29T17:30:00+0200,135.04,EUR/MWh,DK1,DK_1,imbalance_price,Long,2026-08-23T05:51:55Z
2026-08-23T05:46:44Z,2026-08-23T07:46:44+0200,442f0342-0040-4db4-ac3f-85a7f822bcbf,2026-07-29T15:30:00Z,2026-07-29T17:30:00+0200,135.04,EUR/MWh,DK1,DK_1,imbalance_price,Short,2026-08-23T05:51:55Z
2026-08-23T05:46:44Z,2026-08-23T07:46:44+0200,442f0342-0040-4db4-ac3f-85a7f822bcbf,2026-07-29T15:45:00Z,2026-07-29T17:45:00+0200,82.86,EUR/MWh,DK1,DK_1,imbalance_price,Long,2026-08-23T05:51:55Z
2026-08-23T05:46:44Z,2026-08-23T07:46:44+0200,442f0342-0040-4db4-ac3f-85a7f822bcbf,2026-07-29T15:45:00Z,2026-07-29T17:45:00+0200,82.86,EUR/MWh,DK1,DK_1,imbalance_price,Short,2026-08-23T05:51:55Z
2026-08-23T05:46:44Z,2026-08-23T07:46:44+0200,442f0342-0040-4db4-ac3f-85a7f822bcbf,2026-07-29T16:00:00Z,2026-07-29T18:00:00+0200,307.69,EUR/MWh,DK1,DK_1,imbalance_price,Long,2026-08-23T05:51:55Z
2026-08-23T05:46:44Z,2026-08-23T07:46:44+0200,442f0342-0040-4db4-ac3f-85a7f822bcbf,2026-07-29T16:00:00Z,2026-07-29T18:00:00+0200,307.69,EUR/MWh,DK1,DK_1,imbalance_price,Short,2026-08-23T05:51:55Z
2026-08-23T05:46:44Z,2026-08-23T07:46:44+0200,442f0342-0040-4db4-ac3f-85a7f822bcbf,2026-07-29T16:15:00Z,2026-07-29T18:15:00+0200,148.96,EUR/MWh,DK1,DK_1,imbalance_price,Long,2026-08-23T05:51:55Z
2026-08-23T05:46:44Z,2026-08-23T07:46:44+0200,442f0342-0040-4db4-ac3f-85a7f822bcbf,2026-07-29T16:15:00Z,2026-07-29T18:15:00+0200,148.96,EUR/MWh,DK1,DK_1,imbalance_price,Short,2026-08-23T05:51:55Z
2026-08-23T05:46:44Z,2026-08-23T07:46:44+0200,442f0342-0040-4db4-ac3f-85a7f822bcbf,2026-07-29T16:30:00Z,2026-07-29T18:30:00+0200,233.5,EUR/MWh,DK1,DK_1,imbalance_price,Long,2026-08-23T05:51:55Z
2026-08-23T05:46:44Z,2026-08-23T07:46:44+0200,442f0342-0040-4db4-ac3f-85a7f822bcbf,2026-07-29T16:30:00Z,2026-07-29T18:30:00+0200,233.5,EUR/MWh,DK1,DK_1,imbalance_price,Short,2026-08-23T05:51:55Z
2026-08-23T05:46:44Z,2026-08-23T07:46:44+0200,442f0342-0040-4db4-ac3f-85a7f822bcbf,2026-07-29T16:45:00Z,2026-07-29T18:45:00+0200,202.56,EUR/MWh,DK1,DK_1,imbalance_price,Long,2026-08-23T05:51:55Z
2026-08-23T05:46:44Z,2026-08-23T07:46:44+0200,442f0342-0040-4db4-ac3f-85a7f822bcbf,2026-07-29T16:45:00Z,2026-07-29T18:45:00+0200,202.56,EUR/MWh,DK1,DK_1,imbalance_price,Short,2026-08-23T05:51:55Z
2026-08-23T05:46:44Z,2026-08-23T07:46:44+0200,442f0342-0040-4db4-ac3f-85a7f822bcbf,2026-07-29T17:00:00Z,2026-07-29T19:00:00+0200,172.81,EUR/MWh,DK1,DK_1,imbalance_price,Long,2026-08-23T05:51:55Z
2026-08-23T05:46:44Z,2026-08-23T07:46:44+0200,442f0342-0040-4db4-ac3f-85a7f822bcbf,2026-07-29T17:00:00Z,2026-07-29T19:00:00+0200,172.81,EUR/MWh,DK1,DK_1,imbalance_price,Short,2026-08-23T05:51:55Z
2026-08-23T05:46:44Z,2026-08-23T07:46:44+0200,442f0342-0040-4db4-ac3f-85a7f822bcbf,2026-07-29T17:15:00Z,2026-07-29T19:15:00+0200,100.73,EUR/MWh,DK1,DK_1,imbalance_price,Long,2026-08-23T05:51:55Z
2026-08-23T05:46:44Z,2026-08-23T07:46:44+0200,442f0342-0040-4db4-ac3f-85a7f822bcbf,2026-07-29T17:15:00Z,2026-07-29T19:15:00+0200,100.73,EUR/MWh,DK1,DK_1,imbalance_price,Short,2026-08-23T05:51:55Z
2026-08-23T05:46:44Z,2026-08-23T07:46:44+0200,442f0342-0040-4db4-ac3f-85a7f822bcbf,2026-07-29T17:30:00Z,2026-07-29T19:30:00+0200,121.01,EUR/MWh,DK1,DK_1,imbalance_price,Long,2026-08-23T05:51:55Z
2026-08-23T05:46:44Z,2026-08-23T07:46:44+0200,442f0342-0040-4db4-ac3f-85a7f822bcbf,2026-07-29T17:30:00Z,2026-07-29T19:30:00+0200,121.01,EUR/MWh,DK1,DK_1,imbalance_price,Short,2026-08-23T05:51:55Z
2026-08-23T05:46:44Z,2026-08-23T07:46:44+0200,442f0342-0040-4db4-ac3f-85a7f822bcbf,2026-07-29T17:45:00Z,2026-07-29T19:45:00+0200,348.95,EUR/MWh,DK1,DK_1,imbalance_price,Long,2026-08-23T05:51:55Z
2026-08-23T05:46:44Z,2026-08-23T07:46:44+0200,442f0342-0040-4db4-ac3f-85a7f822bcbf,2026-07-29T17:45:00Z,2026-07-29T19:45:00+0200,348.95,EUR/MWh,DK1,DK_1,imbalance_price,Short,2026-08-23T05:51:55Z
2026-08-23T05:46:44Z,2026-08-23T07:46:44+0200,442f0342-0040-4db4-ac3f-85a7f822bcbf,2026-07-29T18:00:00Z,2026-07-29T20:00:00+0200,524.1,EUR/MWh,DK1,DK_1,imbalance_price,Long,2026-08-23T05:51:55Z
2026-08-23T05:46:44Z,2026-08-23T07:46:44+0200,442f0342-0040-4db4-ac3f-85a7f822bcbf,2026-07-29T18:00:00Z,2026-07-29T20:00:00+0200,524.1,EUR/MWh,DK1,DK_1,imbalance_price,Short,2026-08-23T05:51:55Z
2026-08-23T05:46:44Z,2026-08-23T07:46:44+0200,442f0342-0040-4db4-ac3f-85a7f822bcbf,2026-07-29T18:15:00Z,2026-07-29T20:15:00+0200,263.73,EUR/MWh,DK1,DK_1,imbalance_price,Long,2026-08-23T05:51:55Z
2026-08-23T05:46:44Z,2026-08-23T07:46:44+0200,442f0342-0040-4db4-ac3f-85a7f822bcbf,2026-07-29T18:15:00Z,2026-07-29T20:15:00+0200,263.73,EUR/MWh,DK1,DK_1,imbalance_price,Short,2026-08-23T05:51:55Z
2026-08-23T05:46:44Z,2026-08-23T07:46:44+0200,442f0342-0040-4db4-ac3f-85a7f822bcbf,2026-07-29T18:30:00Z,2026-07-29T20:30:00+0200,274.2,EUR/MWh,DK1,DK_1,imbalance_price,Long,2026-08-23T05:51:55Z
2026-08-23T05:46:44Z,2026-08-23T07:46:44+0200,442f0342-0040-4db4-ac3f-85a7f822bcbf,2026-07-29T18:30:00Z,2026-07-29T20:30:00+0200,274.2,EUR/MWh,DK1,DK_1,imbalance_price,Short,2026-08-23T05:51:55Z
2026-08-23T05:46:44Z,2026-08-23T07:46:44+0200,442f0342-0040-4db4-ac3f-85a7f822bcbf,2026-07-29T18:45:00Z,2026-07-29T20:45:00+0200,259.48,EUR/MWh,DK1,DK_1,imbalance_price,Long,2026-08-23T05:51:55Z
2026-08-23T05:46:44Z,2026-08-23T07:46:44+0200,442f0342-0040-4db4-ac3f-85a7f822bcbf,2026-07-29T18:45:00Z,2026-07-29T20:45:00+0200,259.48,EUR/MWh,DK1,DK_1,imbalance_price,Short,2026-08-23T05:51:55Z
2026-08-23T05:46:44Z,2026-08-23T07:46:44+0200,442f0342-0040-4db4-ac3f-85a7f822bcbf,2026-07-29T19:00:00Z,2026-07-29T21:00:00+0200,253.2,EUR/MWh,DK1,DK_1,imbalance_price,Long,2026-08-23T05:51:55Z
2026-08-23T05:46:44Z,2026-08-23T07:46:44+0200,442f0342-0040-4db4-ac3f-85a7f822bcbf,2026-07-29T19:00:00Z,2026-07-29T21:00:00+0200,253.2,EUR/MWh,DK1,DK_1,imbalance_price,Short,2026-08-23T05:51:55Z
2026-08-23T05:46:44Z,2026-08-23T07:46:44+0200,442f0342-0040-4db4-ac3f-85a7f822bcbf,2026-07-29T19:15:00Z,2026-07-29T21:15:00+0200,535.1,EUR/MWh,DK1,DK_1,imbalance_price,Long,2026-08-23T05:51:55Z
2026-08-23T05:46:44Z,2026-08-23T07:46:44+0200,442f0342-0040-4db4-ac3f-85a7f822bcbf,2026-07-29T19:15:00Z,2026-07-29T21:15:00+0200,535.1,EUR/MWh,DK1,DK_1,imbalance_price,Short,2026-08-23T05:51:55Z
2026-08-23T05:46:44Z,2026-08-23T07:46:44+0200,442f0342-0040-4db4-ac3f-85a7f822bcbf,2026-07-29T19:30:00Z,2026-07-29T21:30:00+0200,283.37,EUR/MWh,DK1,DK_1,imbalance_price,Long,2026-08-23T05:51:55Z
2026-08-23T05:46:44Z,2026-08-23T07:46:44+0200,442f0342-0040-4db4-ac3f-85a7f822bcbf,2026-07-29T19:30:00Z,2026-07-29T21:30:00+0200,283.37,EUR/MWh,DK1,DK_1,imbalance_price,Short,2026-08-23T05:51:55Z
2026-08-23T05:46:44Z,2026-08-23T07:46:44+0200,442f0342-0040-4db4-ac3f-85a7f822bcbf,2026-07-29T19:45:00Z,2026-07-29T21:45:00+0200,247.58,EUR/MWh,DK1,DK_1,imbalance_price,Long,2026-08-23T05:51:55Z
2026-08-23T05:46:44Z,2026-08-23T07:46:44+0200,442f0342-0040-4db4-ac3f-85a7f822bcbf,2026-07-29T19:45:00Z,2026-07-29T21:45:00+0200,247.58,EUR/MWh,DK1,DK_1,imbalance_price,Short,2026-08-23T05:51:55Z
2026-08-23T05:46:44Z,2026-08-23T07:46:44+0200,442f0342-0040-4db4-ac3f-85a7f822bcbf,2026-07-29T20:00:00Z,2026-07-29T22:00:00+0200,218.82,EUR/MWh,DK1,DK_1,imbalance_price,Long,2026-08-23T05:51:55Z
2026-08-23T05:46:44Z,2026-08-23T07:46:44+0200,442f0342-0040-4db4-ac3f-85a7f822bcbf,2026-07-29T20:00:00Z,2026-07-29T22:00:00+0200,218.82,EUR/MWh,DK1,DK_1,imbalance_price,Short,2026-08-23T05:51:55Z
2026-08-23T05:46:44Z,2026-08-23T07:46:44+0200,442f0342-0040-4db4-ac3f-85a7f822bcbf,2026-07-29T20:15:00Z,2026-07-29T22:15:00+0200,198.3,EUR/MWh,DK1,DK_1,imbalance_price,Long,2026-08-23T05:51:55Z
2026-08-23T05:46:44Z,2026-08-23T07:46:44+0200,442f0342-0040-4db4-ac3f-85a7f822bcbf,2026-07-29T20:15:00Z,2026-07-29T22:15:00+0200,198.3,EUR/MWh,DK1,DK_1,imbalance_price,Short,2026-08-23T05:51:55Z
2026-08-23T05:46:44Z,2026-08-23T07:46:44+0200,442f0342-0040-4db4-ac3f-85a7f822bcbf,2026-07-29T20:30:00Z,2026-07-29T22:30:00+0200,190.39,EUR/MWh,DK1,DK_1,imbalance_price,Long,2026-08-23T05:51:55Z
2026-08-23T05:46:44Z,2026-08-23T07:46:44+0200,442f0342-0040-4db4-ac3f-85a7f822bcbf,2026-07-29T20:30:00Z,2026-07-29T22:30:00+0200,190.39,EUR/MWh,DK1,DK_1,imbalance_price,Short,2026-08-23T05:51:55Z
2026-08-23T05:46:44Z,2026-08-23T07:46:44+0200,442f0342-0040-4db4-ac3f-85a7f822bcbf,2026-07-29T20:45:00Z,2026-07-29T22:45:00+0200,210.32,EUR/MWh,DK1,DK_1,imbalance_price,Long,2026-08-23T05:51:55Z
2026-08-23T05:46:44Z,2026-08-23T07:46:44+0200,442f0342-0040-4db4-ac3f-85a7f822bcbf,2026-07-29T20:45:00Z,2026-07-29T22:45:00+0200,210.32,EUR/MWh,DK1,DK_1,imbalance_price,Short,2026-08-23T05:51:55Z
2026-08-23T05:46:44Z,2026-08-23T07:46:44+0200,442f0342-0040-4db4-ac3f-85a7f822bcbf,2026-07-29T21:00:00Z,2026-07-29T23:00:00+0200,178.83,EUR/MWh,DK1,DK_1,imbalance_price,Long,2026-08-23T05:51:55Z
2026-08-23T05:46:44Z,2026-08-23T07:46:44+0200,442f0342-0040-4db4-ac3f-85a7f822bcbf,2026-07-29T21:00:00Z,2026-07-29T23:00:00+0200,178.83,EUR/MWh,DK1,DK_1,imbalance_price,Short,2026-08-23T05:51:55Z
2026-08-23T05:46:44Z,2026-08-23T07:46:44+0200,442f0342-0040-4db4-ac3f-85a7f822bcbf,2026-07-29T21:15:00Z,2026-07-29T23:15:00+0200,72.68,EUR/MWh,DK1,DK_1,imbalance_price,Long,2026-08-23T05:51:55Z
2026-08-23T05:46:44Z,2026-08-23T07:46:44+0200,442f0342-0040-4db4-ac3f-85a7f822bcbf,2026-07-29T21:15:00Z,2026-07-29T23:15:00+0200,72.68,EUR/MWh,DK1,DK_1,imbalance_price,Short,2026-08-23T05:51:55Z
2026-08-23T05:46:44Z,2026-08-23T07:46:44+0200,442f0342-0040-4db4-ac3f-85a7f822bcbf,2026-07-29T21:30:00Z,2026-07-29T23:30:00+0200,80.69,EUR/MWh,DK1,DK_1,imbalance_price,Long,2026-08-23T05:51:55Z
2026-08-23T05:46:44Z,2026-08-23T07:46:44+0200,442f0342-0040-4db4-ac3f-85a7f822bcbf,2026-07-29T21:30:00Z,2026-07-29T23:30:00+0200,80.69,EUR/MWh,DK1,DK_1,imbalance_price,Short,2026-08-23T05:51:55Z
2026-08-23T05:46:44Z,2026-08-23T07:46:44+0200,442f0342-0040-4db4-ac3f-85a7f822bcbf,2026-07-29T21:45:00Z,2026-07-29T23:45:00+0200,98.15,EUR/MWh,DK1,DK_1,imbalance_price,Long,2026-08-23T05:51:55Z
2026-08-23T05:46:44Z,2026-08-23T07:46:44+0200,442f0342-0040-4db4-ac3f-85a7f822bcbf,2026-07-29T21:45:00Z,2026-07-29T23:45:00+0200,98.15,EUR/MWh,DK1,DK_1,imbalance_price,Short,2026-08-23T05:51:55Z
2026-08-23T05:46:44Z,2026-08-23T07:46:44+0200,442f0342-0040-4db4-ac3f-85a7f822bcbf,2026-07-29T22:00:00Z,2026-07-30T00:00:00+0200,101.82,EUR/MWh,DK1,DK_1,imbalance_price,Long,2026-08-23T05:51:55Z
2026-08-23T05:46:44Z,2026-08-23T07:46:44+0200,442f0342-0040-4db4-ac3f-85a7f822bcbf,2026-07-29T22:00:00Z,2026-07-30T00:00:00+0200,101.82,EUR/MWh,DK1,DK_1,imbalance_price,Short,2026-08-23T05:51:55Z
2026-08-23T05:46:44Z,2026-08-23T07:46:44+0200,442f0342-0040-4db4-ac3f-85a7f822bcbf,2026-07-29T22:15:00Z,2026-07-30T00:15:00+0200,98.67,EUR/MWh,DK1,DK_1,imbalance_price,Long,2026-08-23T05:51:55Z
2026-08-23T05:46:44Z,2026-08-23T07:46:44+0200,442f0342-0040-4db4-ac3f-85a7f822bcbf,2026-07-29T22:15:00Z,2026-07-30T00:15:00+0200,98.67,EUR/MWh,DK1,DK_1,imbalance_price,Short,2026-08-23T05:51:55Z
2026-08-23T05:46:44Z,2026-08-23T07:46:44+0200,442f0342-0040-4db4-ac3f-85a7f822bcbf,2026-07-29T22:30:00Z,2026-07-30T00:30:00+0200,100.36,EUR/MWh,DK1,DK_1,imbalance_price,Long,2026-08-23T05:51:55Z
2026-08-23T05:46:44Z,2026-08-23T07:46:44+0200,442f0342-0040-4db4-ac3f-85a7f822bcbf,2026-07-29T22:30:00Z,2026-07-30T00:30:00+0200,100.36,EUR/MWh,DK1,DK_1,imbalance_price,Short,2026-08-23T05:51:55Z
2026-08-23T05:46:44Z,2026-08-23T07:46:44+0200,442f0342-0040-4db4-ac3f-85a7f822bcbf,2026-07-29T22:45:00Z,2026-07-30T00:45:00+0200,150.0,EUR/MWh,DK1,DK_1,imbalance_price,Long,2026-08-23T05:51:55Z
2026-08-23T05:46:44Z,2026-08-23T07:46:44+0200,442f0342-0040-4db4-ac3f-85a7f822bcbf,2026-07-29T22:45:00Z,2026-07-30T00:45:00+0200,150.0,EUR/MWh,DK1,DK_1,imbalance_price,Short,2026-08-23T05:51:55Z
2026-08-23T05:46:44Z,2026-08-23T07:46:44+0200,442f0342-0040-4db4-ac3f-85a7f822bcbf,2026-07-29T23:00:00Z,2026-07-30T01:00:00+0200,144.05,EUR/MWh,DK1,DK_1,imbalance_price,Long,2026-08-23T05:51:55Z
2026-08-23T05:46:44Z,2026-08-23T07:46:44+0200,442f0342-0040-4db4-ac3f-85a7f822bcbf,2026-07-29T23:00:00Z,2026-07-30T01:00:00+0200,144.05,EUR/MWh,DK1,DK_1,imbalance_price,Short,2026-08-23T05:51:55Z
2026-08-23T05:46:44Z,2026-08-23T07:46:44+0200,442f0342-0040-4db4-ac3f-85a7f822bcbf,2026-07-29T23:15:00Z,2026-07-30T01:15:00+0200,100.25,EUR/MWh,DK1,DK_1,imbalance_price,Long,2026-08-23T05:51:55Z
2026-08-23T05:46:44Z,2026-08-23T07:46:44+0200,442f0342-0040-4db4-ac3f-85a7f822bcbf,2026-07-29T23:15:00Z,2026-07-30T01:15:00+0200,100.25,EUR/MWh,DK1,DK_1,imbalance_price,Short,2026-08-23T05:51:55Z
2026-08-23T05:46:44Z,2026-08-23T07:46:44+0200,442f0342-0040-4db4-ac3f-85a7f822bcbf,2026-07-29T23:30:00Z,2026-07-30T01:30:00+0200,145.61,EUR/MWh,DK1,DK_1,imbalance_price,Long,2026-08-23T05:51:55Z
2026-08-23T05:46:44Z,2026-08-23T07:46:44+0200,442f0342-0040-4db4-ac3f-85a7f822bcbf,2026-07-29T23:30:00Z,2026-07-30T01:30:00+0200,145.61,EUR/MWh,DK1,DK_1,imbalance_price,Short,2026-08-23T05:51:55Z
2026-08-23T05:46:44Z,2026-08-23T07:46:44+0200,442f0342-0040-4db4-ac3f-85a7f822bcbf,2026-07-29T23:45:00Z,2026-07-30T01:45:00+0200,138.0,EUR/MWh,DK1,DK_1,imbalance_price,Long,2026-08-23T05:51:55Z
2026-08-23T05:46:44Z,2026-08-23T07:46:44+0200,442f0342-0040-4db4-ac3f-85a7f822bcbf,2026-07-29T23:45:00Z,2026-07-30T01:45:00+0200,138.0,EUR/MWh,DK1,DK_1,imbalance_price,Short,2026-08-23T05:51:55Z
2026-08-23T05:46:44Z,2026-08-23T07:46:44+0200,442f0342-0040-4db4-ac3f-85a7f822bcbf,2026-07-30T00:00:00Z,2026-07-30T02:00:00+0200,156.6,EUR/MWh,DK1,DK_1,imbalance_price,Long,2026-08-23T05:51:55Z
2026-08-23T05:46:44Z,2026-08-23T07:46:44+0200,442f0342-0040-4db4-ac3f-85a7f822bcbf,2026-07-30T00:00:00Z,2026-07-30T02:00:00+0200,156.6,EUR/MWh,DK1,DK_1,imbalance_price,Short,2026-08-23T05:51:55Z
2026-08-23T05:46:44Z,2026-08-23T07:46:44+0200,442f0342-0040-4db4-ac3f-85a7f822bcbf,2026-07-30T00:15:00Z,2026-07-30T02:15:00+0200,142.63,EUR/MWh,DK1,DK_1,imbalance_price,Long,2026-08-23T05:51:55Z
2026-08-23T05:46:44Z,2026-08-23T07:46:44+0200,442f0342-0040-4db4-ac3f-85a7f822bcbf,2026-07-30T00:15:00Z,2026-07-30T02:15:00+0200,142.63,EUR/MWh,DK1,DK_1,imbalance_price,Short,2026-08-23T05:51:55Z
2026-08-23T05:46:44Z,2026-08-23T07:46:44+0200,442f0342-0040-4db4-ac3f-85a7f822bcbf,2026-07-30T00:30:00Z,2026-07-30T02:30:00+0200,141.62,EUR/MWh,DK1,DK_1,imbalance_price,Long,2026-08-23T05:51:55Z
2026-08-23T05:46:44Z,2026-08-23T07:46:44+0200,442f0342-0040-4db4-ac3f-85a7f822bcbf,2026-07-30T00:30:00Z,2026-07-30T02:30:00+0200,141.62,EUR/MWh,DK1,DK_1,imbalance_price,Short,2026-08-23T05:51:55Z
2026-08-23T05:46:44Z,2026-08-23T07:46:44+0200,442f0342-0040-4db4-ac3f-85a7f822bcbf,2026-07-30T00:45:00Z,2026-07-30T02:45:00+0200,136.37,EUR/MWh,DK1,DK_1,imbalance_price,Long,2026-08-23T05:51:55Z
2026-08-23T05:46:44Z,2026-08-23T07:46:44+0200,442f0342-0040-4db4-ac3f-85a7f822bcbf,2026-07-30T00:45:00Z,2026-07-30T02:45:00+0200,136.37,EUR/MWh,DK1,DK_1,imbalance_price,Short,2026-08-23T05:51:55Z
2026-08-23T05:46:44Z,2026-08-23T07:46:44+0200,442f0342-0040-4db4-ac3f-85a7f822bcbf,2026-07-30T01:00:00Z,2026-07-30T03:00:00+0200,97.17,EUR/MWh,DK1,DK_1,imbalance_price,Long,2026-08-23T05:51:55Z
2026-08-23T05:46:44Z,2026-08-23T07:46:44+0200,442f0342-0040-4db4-ac3f-85a7f822bcbf,2026-07-30T01:00:00Z,2026-07-30T03:00:00+0200,97.17,EUR/MWh,DK1,DK_1,imbalance_price,Short,2026-08-23T05:51:55Z
2026-08-23T05:46:44Z,2026-08-23T07:46:44+0200,442f0342-0040-4db4-ac3f-85a7f822bcbf,2026-07-30T01:15:00Z,2026-07-30T03:15:00+0200,98.71,EUR/MWh,DK1,DK_1,imbalance_price,Long,2026-08-23T05:51:55Z
2026-08-23T05:46:44Z,2026-08-23T07:46:44+0200,442f0342-0040-4db4-ac3f-85a7f822bcbf,2026-07-30T01:15:00Z,2026-07-30T03:15:00+0200,98.71,EUR/MWh,DK1,DK_1,imbalance_price,Short,2026-08-23T05:51:55Z
2026-08-23T05:46:44Z,2026-08-23T07:46:44+0200,442f0342-0040-4db4-ac3f-85a7f822bcbf,2026-07-30T01:30:00Z,2026-07-30T03:30:00+0200,97.72,EUR/MWh,DK1,DK_1,imbalance_price,Long,2026-08-23T05:51:55Z
2026-08-23T05:46:44Z,2026-08-23T07:46:44+0200,442f0342-0040-4db4-ac3f-85a7f822bcbf,2026-07-30T01:30:00Z,2026-07-30T03:30:00+0200,97.72,EUR/MWh,DK1,DK_1,imbalance_price,Short,2026-08-23T05:51:55Z
2026-08-23T05:46:44Z,2026-08-23T07:46:44+0200,442f0342-0040-4db4-ac3f-85a7f822bcbf,2026-07-30T01:45:00Z,2026-07-30T03:45:00+0200,97.17,EUR/MWh,DK1,DK_1,imbalance_price,Long,2026-08-23T05:51:55Z
2026-08-23T05:46:44Z,2026-08-23T07:46:44+0200,442f0342-0040-4db4-ac3f-85a7f822bcbf,2026-07-30T01:45:00Z,2026-07-30T03:45:00+0200,97.17,EUR/MWh,DK1,DK_1,imbalance_price,Short,2026-08-23T05:51:55Z
2026-08-23T05:46:44Z,2026-08-23T07:46:44+0200,442f0342-0040-4db4-ac3f-85a7f822bcbf,2026-07-30T02:00:00Z,2026-07-30T04:00:00+0200,97.17,EUR/MWh,DK1,DK_1,imbalance_price,Long,2026-08-23T05:51:55Z
2026-08-23T05:46:44Z,2026-08-23T07:46:44+0200,442f0342-0040-4db4-ac3f-85a7f822bcbf,2026-07-30T02:00:00Z,2026-07-30T04:00:00+0200,97.17,EUR/MWh,DK1,DK_1,imbalance_price,Short,2026-08-23T05:51:55Z
2026-08-23T05:46:44Z,2026-08-23T07:46:44+0200,442f0342-0040-4db4-ac3f-85a7f822bcbf,2026-07-30T02:15:00Z,2026-07-30T04:15:00+0200,98.4,EUR/MWh,DK1,DK_1,imbalance_price,Long,2026-08-23T05:51:55Z
2026-08-23T05:46:44Z,2026-08-23T07:46:44+0200,442f0342-0040-4db4-ac3f-85a7f822bcbf,2026-07-30T02:15:00Z,2026-07-30T04:15:00+0200,98.4,EUR/MWh,DK1,DK_1,imbalance_price,Short,2026-08-23T05:51:55Z
2026-08-23T05:46:44Z,2026-08-23T07:46:44+0200,442f0342-0040-4db4-ac3f-85a7f822bcbf,2026-07-30T02:30:00Z,2026-07-30T04:30:00+0200,132.8,EUR/MWh,DK1,DK_1,imbalance_price,Long,2026-08-23T05:51:55Z
2026-08-23T05:46:44Z,2026-08-23T07:46:44+0200,442f0342-0040-4db4-ac3f-85a7f822bcbf,2026-07-30T02:30:00Z,2026-07-30T04:30:00+0200,132.8,EUR/MWh,DK1,DK_1,imbalance_price,Short,2026-08-23T05:51:55Z
2026-08-23T05:46:44Z,2026-08-23T07:46:44+0200,442f0342-0040-4db4-ac3f-85a7f822bcbf,2026-07-30T02:45:00Z,2026-07-30T04:45:00+0200,132.88,EUR/MWh,DK1,DK_1,imbalance_price,Long,2026-08-23T05:51:55Z
2026-08-23T05:46:44Z,2026-08-23T07:46:44+0200,442f0342-0040-4db4-ac3f-85a7f822bcbf,2026-07-30T02:45:00Z,2026-07-30T04:45:00+0200,132.88,EUR/MWh,DK1,DK_1,imbalance_price,Short,2026-08-23T05:51:55Z
2026-08-23T05:46:44Z,2026-08-23T07:46:44+0200,442f0342-0040-4db4-ac3f-85a7f822bcbf,2026-07-30T03:00:00Z,2026-07-30T05:00:00+0200,132.49,EUR/MWh,DK1,DK_1,imbalance_price,Long,2026-08-23T05:51:55Z
2026-08-23T05:46:44Z,2026-08-23T07:46:44+0200,442f0342-0040-4db4-ac3f-85a7f822bcbf,2026-07-30T03:00:00Z,2026-07-30T05:00:00+0200,132.49,EUR/MWh,DK1,DK_1,imbalance_price,Short,2026-08-23T05:51:55Z
2026-08-23T05:46:44Z,2026-08-23T07:46:44+0200,442f0342-0040-4db4-ac3f-85a7f822bcbf,2026-07-30T03:15:00Z,2026-07-30T05:15:00+0200,132.23,EUR/MWh,DK1,DK_1,imbalance_price,Long,2026-08-23T05:51:55Z
2026-08-23T05:46:44Z,2026-08-23T07:46:44+0200,442f0342-0040-4db4-ac3f-85a7f822bcbf,2026-07-30T03:15:00Z,2026-07-30T05:15:00+0200,132.23,EUR/MWh,DK1,DK_1,imbalance_price,Short,2026-08-23T05:51:55Z
2026-08-23T05:46:44Z,2026-08-23T07:46:44+0200,442f0342-0040-4db4-ac3f-85a7f822bcbf,2026-07-30T03:30:00Z,2026-07-30T05:30:00+0200,138.22,EUR/MWh,DK1,DK_1,imbalance_price,Long,2026-08-23T05:51:55Z
2026-08-23T05:46:44Z,2026-08-23T07:46:44+0200,442f0342-0040-4db4-ac3f-85a7f822bcbf,2026-07-30T03:30:00Z,2026-07-30T05:30:00+0200,138.22,EUR/MWh,DK1,DK_1,imbalance_price,Short,2026-08-23T05:51:55Z
2026-08-23T05:46:44Z,2026-08-23T07:46:44+0200,442f0342-0040-4db4-ac3f-85a7f822bcbf,2026-07-30T03:45:00Z,2026-07-30T05:45:00+0200,78.85,EUR/MWh,DK1,DK_1,imbalance_price,Long,2026-08-23T05:51:55Z
2026-08-23T05:46:44Z,2026-08-23T07:46:44+0200,442f0342-0040-4db4-ac3f-85a7f822bcbf,2026-07-30T03:45:00Z,2026-07-30T05:45:00+0200,78.85,EUR/MWh,DK1,DK_1,imbalance_price,Short,2026-08-23T05:51:55Z
2026-08-23T05:46:44Z,2026-08-23T07:46:44+0200,442f0342-0040-4db4-ac3f-85a7f822bcbf,2026-07-30T04:00:00Z,2026-07-30T06:00:00+0200,97.42,EUR/MWh,DK1,DK_1,imbalance_price,Long,2026-08-23T05:51:55Z
2026-08-23T05:46:44Z,2026-08-23T07:46:44+0200,442f0342-0040-4db4-ac3f-85a7f822bcbf,2026-07-30T04:00:00Z,2026-07-30T06:00:00+0200,97.42,EUR/MWh,DK1,DK_1,imbalance_price,Short,2026-08-23T05:51:55Z
2026-08-23T05:46:44Z,2026-08-23T07:46:44+0200,442f0342-0040-4db4-ac3f-85a7f822bcbf,2026-07-30T04:15:00Z,2026-07-30T06:15:00+0200,105.64,EUR/MWh,DK1,DK_1,imbalance_price,Long,2026-08-23T05:51:55Z
2026-08-23T05:46:44Z,2026-08-23T07:46:44+0200,442f0342-0040-4db4-ac3f-85a7f822bcbf,2026-07-30T04:15:00Z,2026-07-30T06:15:00+0200,105.64,EUR/MWh,DK1,DK_1,imbalance_price,Short,2026-08-23T05:51:55Z
2026-08-23T05:46:44Z,2026-08-23T07:46:44+0200,442f0342-0040-4db4-ac3f-85a7f822bcbf,2026-07-30T04:30:00Z,2026-07-30T06:30:00+0200,100.42,EUR/MWh,DK1,DK_1,imbalance_price,Long,2026-08-23T05:51:55Z
2026-08-23T05:46:44Z,2026-08-23T07:46:44+0200,442f0342-0040-4db4-ac3f-85a7f822bcbf,2026-07-30T04:30:00Z,2026-07-30T06:30:00+0200,100.42,EUR/MWh,DK1,DK_1,imbalance_price,Short,2026-08-23T05:51:55Z
2026-08-23T05:46:44Z,2026-08-23T07:46:44+0200,442f0342-0040-4db4-ac3f-85a7f822bcbf,2026-07-30T04:45:00Z,2026-07-30T06:45:00+0200,98.02,EUR/MWh,DK1,DK_1,imbalance_price,Long,2026-08-23T05:51:55Z
2026-08-23T05:46:44Z,2026-08-23T07:46:44+0200,442f0342-0040-4db4-ac3f-85a7f822bcbf,2026-07-30T04:45:00Z,2026-07-30T06:45:00+0200,98.02,EUR/MWh,DK1,DK_1,imbalance_price,Short,2026-08-23T05:51:55Z
2026-08-23T05:46:44Z,2026-08-23T07:46:44+0200,442f0342-0040-4db4-ac3f-85a7f822bcbf,2026-07-30T05:00:00Z,2026-07-30T07:00:00+0200,97.08,EUR/MWh,DK1,DK_1,imbalance_price,Long,2026-08-23T05:51:55Z
2026-08-23T05:46:44Z,2026-08-23T07:46:44+0200,442f0342-0040-4db4-ac3f-85a7f822bcbf,2026-07-30T05:00:00Z,2026-07-30T07:00:00+0200,97.08,EUR/MWh,DK1,DK_1,imbalance_price,Short,2026-08-23T05:51:55Z
2026-08-23T05:46:44Z,2026-08-23T07:46:44+0200,442f0342-0040-4db4-ac3f-85a7f822bcbf,2026-07-30T05:15:00Z,2026-07-30T07:15:00+0200,153.88,EUR/MWh,DK1,DK_1,imbalance_price,Long,2026-08-23T05:51:55Z
2026-08-23T05:46:44Z,2026-08-23T07:46:44+0200,442f0342-0040-4db4-ac3f-85a7f822bcbf,2026-07-30T05:15:00Z,2026-07-30T07:15:00+0200,153.88,EUR/MWh,DK1,DK_1,imbalance_price,Short,2026-08-23T05:51:55Z
2026-08-23T05:46:44Z,2026-08-23T07:46:44+0200,442f0342-0040-4db4-ac3f-85a7f822bcbf,2026-07-30T05:30:00Z,2026-07-30T07:30:00+0200,158.22,EUR/MWh,DK1,DK_1,imbalance_price,Long,2026-08-23T05:51:55Z
2026-08-23T05:46:44Z,2026-08-23T07:46:44+0200,442f0342-0040-4db4-ac3f-85a7f822bcbf,2026-07-30T05:30:00Z,2026-07-30T07:30:00+0200,158.22,EUR/MWh,DK1,DK_1,imbalance_price,Short,2026-08-23T05:51:55Z
2026-08-23T05:46:44Z,2026-08-23T07:46:44+0200,442f0342-0040-4db4-ac3f-85a7f822bcbf,2026-07-30T05:45:00Z,2026-07-30T07:45:00+0200,267.6,EUR/MWh,DK1,DK_1,imbalance_price,Long,2026-08-23T05:51:55Z
2026-08-23T05:46:44Z,2026-08-23T07:46:44+0200,442f0342-0040-4db4-ac3f-85a7f822bcbf,2026-07-30T05:45:00Z,2026-07-30T07:45:00+0200,267.6,EUR/MWh,DK1,DK_1,imbalance_price,Short,2026-08-23T05:51:55Z
2026-08-23T05:46:44Z,2026-08-23T07:46:44+0200,442f0342-0040-4db4-ac3f-85a7f822bcbf,2026-07-30T06:00:00Z,2026-07-30T08:00:00+0200,306.56,EUR/MWh,DK1,DK_1,imbalance_price,Long,2026-08-23T05:51:55Z
2026-08-23T05:46:44Z,2026-08-23T07:46:44+0200,442f0342-0040-4db4-ac3f-85a7f822bcbf,2026-07-30T06:00:00Z,2026-07-30T08:00:00+0200,306.56,EUR/MWh,DK1,DK_1,imbalance_price,Short,2026-08-23T05:51:55Z
2026-08-23T05:46:44Z,2026-08-23T07:46:44+0200,442f0342-0040-4db4-ac3f-85a7f822bcbf,2026-07-30T06:15:00Z,2026-07-30T08:15:00+0200,267.6,EUR/MWh,DK1,DK_1,imbalance_price,Long,2026-08-23T05:51:55Z
2026-08-23T05:46:44Z,2026-08-23T07:46:44+0200,442f0342-0040-4db4-ac3f-85a7f822bcbf,2026-07-30T06:15:00Z,2026-07-30T08:15:00+0200,267.6,EUR/MWh,DK1,DK_1,imbalance_price,Short,2026-08-23T05:51:55Z
2026-08-23T05:46:44Z,2026-08-23T07:46:44+0200,442f0342-0040-4db4-ac3f-85a7f822bcbf,2026-07-30T06:30:00Z,2026-07-30T08:30:00+0200,130.33,EUR/MWh,DK1,DK_1,imbalance_price,Long,2026-08-23T05:51:55Z
2026-08-23T05:46:44Z,2026-08-23T07:46:44+0200,442f0342-0040-4db4-ac3f-85a7f822bcbf,2026-07-30T06:30:00Z,2026-07-30T08:30:00+0200,130.33,EUR/MWh,DK1,DK_1,imbalance_price,Short,2026-08-23T05:51:55Z
2026-08-23T05:46:44Z,2026-08-23T07:46:44+0200,442f0342-0040-4db4-ac3f-85a7f822bcbf,2026-07-30T06:45:00Z,2026-07-30T08:45:00+0200,181.85,EUR/MWh,DK1,DK_1,imbalance_price,Long,2026-08-23T05:51:55Z
2026-08-23T05:46:44Z,2026-08-23T07:46:44+0200,442f0342-0040-4db4-ac3f-85a7f822bcbf,2026-07-30T06:45:00Z,2026-07-30T08:45:00+0200,181.85,EUR/MWh,DK1,DK_1,imbalance_price,Short,2026-08-23T05:51:55Z
2026-08-23T05:46:44Z,2026-08-23T07:46:44+0200,442f0342-0040-4db4-ac3f-85a7f822bcbf,2026-07-30T07:00:00Z,2026-07-30T09:00:00+0200,254.18,EUR/MWh,DK1,DK_1,imbalance_price,Long,2026-08-23T05:51:55Z
2026-08-23T05:46:44Z,2026-08-23T07:46:44+0200,442f0342-0040-4db4-ac3f-85a7f822bcbf,2026-07-30T07:00:00Z,2026-07-30T09:00:00+0200,254.18,EUR/MWh,DK1,DK_1,imbalance_price,Short,2026-08-23T05:51:55Z
2026-08-23T05:46:44Z,2026-08-23T07:46:44+0200,442f0342-0040-4db4-ac3f-85a7f822bcbf,2026-07-30T07:15:00Z,2026-07-30T09:15:00+0200,347.88,EUR/MWh,DK1,DK_1,imbalance_price,Long,2026-08-23T05:51:55Z
2026-08-23T05:46:44Z,2026-08-23T07:46:44+0200,442f0342-0040-4db4-ac3f-85a7f822bcbf,2026-07-30T07:15:00Z,2026-07-30T09:15:00+0200,347.88,EUR/MWh,DK1,DK_1,imbalance_price,Short,2026-08-23T05:51:55Z
2026-08-23T05:46:44Z,2026-08-23T07:46:44+0200,442f0342-0040-4db4-ac3f-85a7f822bcbf,2026-07-30T07:30:00Z,2026-07-30T09:30:00+0200,202.69,EUR/MWh,DK1,DK_1,imbalance_price,Long,2026-08-23T05:51:55Z
2026-08-23T05:46:44Z,2026-08-23T07:46:44+0200,442f0342-0040-4db4-ac3f-85a7f822bcbf,2026-07-30T07:30:00Z,2026-07-30T09:30:00+0200,202.69,EUR/MWh,DK1,DK_1,imbalance_price,Short,2026-08-23T05:51:55Z
2026-08-23T05:46:44Z,2026-08-23T07:46:44+0200,442f0342-0040-4db4-ac3f-85a7f822bcbf,2026-07-30T07:45:00Z,2026-07-30T09:45:00+0200,256.25,EUR/MWh,DK1,DK_1,imbalance_price,Long,2026-08-23T05:51:55Z
2026-08-23T05:46:44Z,2026-08-23T07:46:44+0200,442f0342-0040-4db4-ac3f-85a7f822bcbf,2026-07-30T07:45:00Z,2026-07-30T09:45:00+0200,256.25,EUR/MWh,DK1,DK_1,imbalance_price,Short,2026-08-23T05:51:55Z
2026-08-23T05:46:44Z,2026-08-23T07:46:44+0200,442f0342-0040-4db4-ac3f-85a7f822bcbf,2026-07-30T08:00:00Z,2026-07-30T10:00:00+0200,112.2,EUR/MWh,DK1,DK_1,imbalance_price,Long,2026-08-23T05:51:55Z
2026-08-23T05:46:44Z,2026-08-23T07:46:44+0200,442f0342-0040-4db4-ac3f-85a7f822bcbf,2026-07-30T08:00:00Z,2026-07-30T10:00:00+0200,112.2,EUR/MWh,DK1,DK_1,imbalance_price,Short,2026-08-23T05:51:55Z
2026-08-23T05:46:44Z,2026-08-23T07:46:44+0200,442f0342-0040-4db4-ac3f-85a7f822bcbf,2026-07-30T08:15:00Z,2026-07-30T10:15:00+0200,93.64,EUR/MWh,DK1,DK_1,imbalance_price,Long,2026-08-23T05:51:55Z
2026-08-23T05:46:44Z,2026-08-23T07:46:44+0200,442f0342-0040-4db4-ac3f-85a7f822bcbf,2026-07-30T08:15:00Z,2026-07-30T10:15:00+0200,93.64,EUR/MWh,DK1,DK_1,imbalance_price,Short,2026-08-23T05:51:55Z
2026-08-23T05:46:44Z,2026-08-23T07:46:44+0200,442f0342-0040-4db4-ac3f-85a7f822bcbf,2026-07-30T08:30:00Z,2026-07-30T10:30:00+0200,10.7,EUR/MWh,DK1,DK_1,imbalance_price,Long,2026-08-23T05:51:55Z
2026-08-23T05:46:44Z,2026-08-23T07:46:44+0200,442f0342-0040-4db4-ac3f-85a7f822bcbf,2026-07-30T08:30:00Z,2026-07-30T10:30:00+0200,10.7,EUR/MWh,DK1,DK_1,imbalance_price,Short,2026-08-23T05:51:55Z
2026-08-23T05:46:44Z,2026-08-23T07:46:44+0200,442f0342-0040-4db4-ac3f-85a7f822bcbf,2026-07-30T08:45:00Z,2026-07-30T10:45:00+0200,111.2,EUR/MWh,DK1,DK_1,imbalance_price,Long,2026-08-23T05:51:55Z
2026-08-23T05:46:44Z,2026-08-23T07:46:44+0200,442f0342-0040-4db4-ac3f-85a7f822bcbf,2026-07-30T08:45:00Z,2026-07-30T10:45:00+0200,111.2,EUR/MWh,DK1,DK_1,imbalance_price,Short,2026-08-23T05:51:55Z
2026-08-23T05:46:44Z,2026-08-23T07:46:44+0200,442f0342-0040-4db4-ac3f-85a7f822bcbf,2026-07-30T09:00:00Z,2026-07-30T11:00:00+0200,116.78,EUR/MWh,DK1,DK_1,imbalance_price,Long,2026-08-23T05:51:55Z
2026-08-23T05:46:44Z,2026-08-23T07:46:44+0200,442f0342-0040-4db4-ac3f-85a7f822bcbf,2026-07-30T09:00:00Z,2026-07-30T11:00:00+0200,116.78,EUR/MWh,DK1,DK_1,imbalance_price,Short,2026-08-23T05:51:55Z
2026-08-23T05:46:44Z,2026-08-23T07:46:44+0200,442f0342-0040-4db4-ac3f-85a7f822bcbf,2026-07-30T09:15:00Z,2026-07-30T11:15:00+0200,93.64,EUR/MWh,DK1,DK_1,imbalance_price,Long,2026-08-23T05:51:55Z
2026-08-23T05:46:44Z,2026-08-23T07:46:44+0200,442f0342-0040-4db4-ac3f-85a7f822bcbf,2026-07-30T09:15:00Z,2026-07-30T11:15:00+0200,93.64,EUR/MWh,DK1,DK_1,imbalance_price,Short,2026-08-23T05:51:55Z
2026-08-23T05:46:44Z,2026-08-23T07:46:44+0200,442f0342-0040-4db4-ac3f-85a7f822bcbf,2026-07-30T09:30:00Z,2026-07-30T11:30:00+0200,3.88,EUR/MWh,DK1,DK_1,imbalance_price,Long,2026-08-23T05:51:55Z
2026-08-23T05:46:44Z,2026-08-23T07:46:44+0200,442f0342-0040-4db4-ac3f-85a7f822bcbf,2026-07-30T09:30:00Z,2026-07-30T11:30:00+0200,3.88,EUR/MWh,DK1,DK_1,imbalance_price,Short,2026-08-23T05:51:55Z
2026-08-23T05:46:44Z,2026-08-23T07:46:44+0200,442f0342-0040-4db4-ac3f-85a7f822bcbf,2026-07-30T09:45:00Z,2026-07-30T11:45:00+0200,1.86,EUR/MWh,DK1,DK_1,imbalance_price,Long,2026-08-23T05:51:55Z
2026-08-23T05:46:44Z,2026-08-23T07:46:44+0200,442f0342-0040-4db4-ac3f-85a7f822bcbf,2026-07-30T09:45:00Z,2026-07-30T11:45:00+0200,1.86,EUR/MWh,DK1,DK_1,imbalance_price,Short,2026-08-23T05:51:55Z
2026-08-23T05:46:44Z,2026-08-23T07:46:44+0200,442f0342-0040-4db4-ac3f-85a7f822bcbf,2026-07-30T10:00:00Z,2026-07-30T12:00:00+0200,-0.5,EUR/MWh,DK1,DK_1,imbalance_price,Long,2026-08-23T05:51:55Z
2026-08-23T05:46:44Z,2026-08-23T07:46:44+0200,442f0342-0040-4db4-ac3f-85a7f822bcbf,2026-07-30T10:00:00Z,2026-07-30T12:00:00+0200,-0.5,EUR/MWh,DK1,DK_1,imbalance_price,Short,2026-08-23T05:51:55Z
2026-08-23T05:46:44Z,2026-08-23T07:46:44+0200,442f0342-0040-4db4-ac3f-85a7f822bcbf,2026-07-30T10:15:00Z,2026-07-30T12:15:00+0200,16.05,EUR/MWh,DK1,DK_1,imbalance_price,Long,2026-08-23T05:51:55Z
2026-08-23T05:46:44Z,2026-08-23T07:46:44+0200,442f0342-0040-4db4-ac3f-85a7f822bcbf,2026-07-30T10:15:00Z,2026-07-30T12:15:00+0200,16.05,EUR/MWh,DK1,DK_1,imbalance_price,Short,2026-08-23T05:51:55Z
2026-08-23T05:46:44Z,2026-08-23T07:46:44+0200,442f0342-0040-4db4-ac3f-85a7f822bcbf,2026-07-30T10:30:00Z,2026-07-30T12:30:00+0200,50.96,EUR/MWh,DK1,DK_1,imbalance_price,Long,2026-08-23T05:51:55Z
2026-08-23T05:46:44Z,2026-08-23T07:46:44+0200,442f0342-0040-4db4-ac3f-85a7f822bcbf,2026-07-30T10:30:00Z,2026-07-30T12:30:00+0200,50.96,EUR/MWh,DK1,DK_1,imbalance_price,Short,2026-08-23T05:51:55Z
2026-08-23T05:46:44Z,2026-08-23T07:46:44+0200,442f0342-0040-4db4-ac3f-85a7f822bcbf,2026-07-30T10:45:00Z,2026-07-30T12:45:00+0200,-0.5,EUR/MWh,DK1,DK_1,imbalance_price,Long,2026-08-23T05:51:55Z
2026-08-23T05:46:44Z,2026-08-23T07:46:44+0200,442f0342-0040-4db4-ac3f-85a7f822bcbf,2026-07-30T10:45:00Z,2026-07-30T12:45:00+0200,-0.5,EUR/MWh,DK1,DK_1,imbalance_price,Short,2026-08-23T05:51:55Z
2026-08-23T05:46:44Z,2026-08-23T07:46:44+0200,442f0342-0040-4db4-ac3f-85a7f822bcbf,2026-07-30T11:00:00Z,2026-07-30T13:00:00+0200,0.0,EUR/MWh,DK1,DK_1,imbalance_price,Long,2026-08-23T05:51:55Z
2026-08-23T05:46:44Z,2026-08-23T07:46:44+0200,442f0342-0040-4db4-ac3f-85a7f822bcbf,2026-07-30T11:00:00Z,2026-07-30T13:00:00+0200,0.0,EUR/MWh,DK1,DK_1,imbalance_price,Short,2026-08-23T05:51:55Z
2026-08-23T05:46:44Z,2026-08-23T07:46:44+0200,442f0342-0040-4db4-ac3f-85a7f822bcbf,2026-07-30T11:15:00Z,2026-07-30T13:15:00+0200,6.69,EUR/MWh,DK1,DK_1,imbalance_price,Long,2026-08-23T05:51:55Z
2026-08-23T05:46:44Z,2026-08-23T07:46:44+0200,442f0342-0040-4db4-ac3f-85a7f822bcbf,2026-07-30T11:15:00Z,2026-07-30T13:15:00+0200,6.69,EUR/MWh,DK1,DK_1,imbalance_price,Short,2026-08-23T05:51:55Z
2026-08-23T05:46:44Z,2026-08-23T07:46:44+0200,442f0342-0040-4db4-ac3f-85a7f822bcbf,2026-07-30T11:30:00Z,2026-07-30T13:30:00+0200,4.59,EUR/MWh,DK1,DK_1,imbalance_price,Long,2026-08-23T05:51:55Z
2026-08-23T05:46:44Z,2026-08-23T07:46:44+0200,442f0342-0040-4db4-ac3f-85a7f822bcbf,2026-07-30T11:30:00Z,2026-07-30T13:30:00+0200,4.59,EUR/MWh,DK1,DK_1,imbalance_price,Short,2026-08-23T05:51:55Z
2026-08-23T05:46:44Z,2026-08-23T07:46:44+0200,442f0342-0040-4db4-ac3f-85a7f822bcbf,2026-07-30T11:45:00Z,2026-07-30T13:45:00+0200,5.2,EUR/MWh,DK1,DK_1,imbalance_price,Long,2026-08-23T05:51:55Z
2026-08-23T05:46:44Z,2026-08-23T07:46:44+0200,442f0342-0040-4db4-ac3f-85a7f822bcbf,2026-07-30T11:45:00Z,2026-07-30T13:45:00+0200,5.2,EUR/MWh,DK1,DK_1,imbalance_price,Short,2026-08-23T05:51:55Z
2026-08-23T05:46:44Z,2026-08-23T07:46:44+0200,442f0342-0040-4db4-ac3f-85a7f822bcbf,2026-07-30T12:00:00Z,2026-07-30T14:00:00+0200,2.69,EUR/MWh,DK1,DK_1,imbalance_price,Long,2026-08-23T05:51:55Z
2026-08-23T05:46:44Z,2026-08-23T07:46:44+0200,442f0342-0040-4db4-ac3f-85a7f822bcbf,2026-07-30T12:00:00Z,2026-07-30T14:00:00+0200,2.69,EUR/MWh,DK1,DK_1,imbalance_price,Short,2026-08-23T05:51:55Z
2026-08-23T05:46:44Z,2026-08-23T07:46:44+0200,442f0342-0040-4db4-ac3f-85a7f822bcbf,2026-07-30T12:15:00Z,2026-07-30T14:15:00+0200,1.0,EUR/MWh,DK1,DK_1,imbalance_price,Long,2026-08-23T05:51:55Z
2026-08-23T05:46:44Z,2026-08-23T07:46:44+0200,442f0342-0040-4db4-ac3f-85a7f822bcbf,2026-07-30T12:15:00Z,2026-07-30T14:15:00+0200,1.0,EUR/MWh,DK1,DK_1,imbalance_price,Short,2026-08-23T05:51:55Z
2026-08-23T05:46:44Z,2026-08-23T07:46:44+0200,442f0342-0040-4db4-ac3f-85a7f822bcbf,2026-07-30T12:30:00Z,2026-07-30T14:30:00+0200,4.13,EUR/MWh,DK1,DK_1,imbalance_price,Long,2026-08-23T05:51:55Z
2026-08-23T05:46:44Z,2026-08-23T07:46:44+0200,442f0342-0040-4db4-ac3f-85a7f822bcbf,2026-07-30T12:30:00Z,2026-07-30T14:30:00+0200,4.13,EUR/MWh,DK1,DK_1,imbalance_price,Short,2026-08-23T05:51:55Z
2026-08-23T05:46:44Z,2026-08-23T07:46:44+0200,442f0342-0040-4db4-ac3f-85a7f822bcbf,2026-07-30T12:45:00Z,2026-07-30T14:45:00+0200,-2.0,EUR/MWh,DK1,DK_1,imbalance_price,Long,2026-08-23T05:51:55Z
2026-08-23T05:46:44Z,2026-08-23T07:46:44+0200,442f0342-0040-4db4-ac3f-85a7f822bcbf,2026-07-30T12:45:00Z,2026-07-30T14:45:00+0200,-2.0,EUR/MWh,DK1,DK_1,imbalance_price,Short,2026-08-23T05:51:55Z
2026-08-23T05:46:44Z,2026-08-23T07:46:44+0200,442f0342-0040-4db4-ac3f-85a7f822bcbf,2026-07-30T13:00:00Z,2026-07-30T15:00:00+0200,0.0,EUR/MWh,DK1,DK_1,imbalance_price,Long,2026-08-23T05:51:55Z
2026-08-23T05:46:44Z,2026-08-23T07:46:44+0200,442f0342-0040-4db4-ac3f-85a7f822bcbf,2026-07-30T13:00:00Z,2026-07-30T15:00:00+0200,0.0,EUR/MWh,DK1,DK_1,imbalance_price,Short,2026-08-23T05:51:55Z
2026-08-23T05:46:44Z,2026-08-23T07:46:44+0200,442f0342-0040-4db4-ac3f-85a7f822bcbf,2026-07-30T13:15:00Z,2026-07-30T15:15:00+0200,39.63,EUR/MWh,DK1,DK_1,imbalance_price,Long,2026-08-23T05:51:55Z
2026-08-23T05:46:44Z,2026-08-23T07:46:44+0200,442f0342-0040-4db4-ac3f-85a7f822bcbf,2026-07-30T13:15:00Z,2026-07-30T15:15:00+0200,39.63,EUR/MWh,DK1,DK_1,imbalance_price,Short,2026-08-23T05:51:55Z
2026-08-23T05:46:44Z,2026-08-23T07:46:44+0200,442f0342-0040-4db4-ac3f-85a7f822bcbf,2026-07-30T13:30:00Z,2026-07-30T15:30:00+0200,134.73,EUR/MWh,DK1,DK_1,imbalance_price,Long,2026-08-23T05:51:55Z
2026-08-23T05:46:44Z,2026-08-23T07:46:44+0200,442f0342-0040-4db4-ac3f-85a7f822bcbf,2026-07-30T13:30:00Z,2026-07-30T15:30:00+0200,134.73,EUR/MWh,DK1,DK_1,imbalance_price,Short,2026-08-23T05:51:55Z
2026-08-23T05:46:44Z,2026-08-23T07:46:44+0200,442f0342-0040-4db4-ac3f-85a7f822bcbf,2026-07-30T13:45:00Z,2026-07-30T15:45:00+0200,89.44,EUR/MWh,DK1,DK_1,imbalance_price,Long,2026-08-23T05:51:55Z
2026-08-23T05:46:44Z,2026-08-23T07:46:44+0200,442f0342-0040-4db4-ac3f-85a7f822bcbf,2026-07-30T13:45:00Z,2026-07-30T15:45:00+0200,89.44,EUR/MWh,DK1,DK_1,imbalance_price,Short,2026-08-23T05:51:55Z
2026-08-23T05:46:44Z,2026-08-23T07:46:44+0200,442f0342-0040-4db4-ac3f-85a7f822bcbf,2026-07-30T14:00:00Z,2026-07-30T16:00:00+0200,8.0,EUR/MWh,DK1,DK_1,imbalance_price,Long,2026-08-23T05:51:55Z
2026-08-23T05:46:44Z,2026-08-23T07:46:44+0200,442f0342-0040-4db4-ac3f-85a7f822bcbf,2026-07-30T14:00:00Z,2026-07-30T16:00:00+0200,8.0,EUR/MWh,DK1,DK_1,imbalance_price,Short,2026-08-23T05:51:55Z
2026-08-23T05:46:44Z,2026-08-23T07:46:44+0200,442f0342-0040-4db4-ac3f-85a7f822bcbf,2026-07-30T14:15:00Z,2026-07-30T16:15:00+0200,11.12,EUR/MWh,DK1,DK_1,imbalance_price,Long,2026-08-23T05:51:55Z
2026-08-23T05:46:44Z,2026-08-23T07:46:44+0200,442f0342-0040-4db4-ac3f-85a7f822bcbf,2026-07-30T14:15:00Z,2026-07-30T16:15:00+0200,11.12,EUR/MWh,DK1,DK_1,imbalance_price,Short,2026-08-23T05:51:55Z
2026-08-23T05:46:44Z,2026-08-23T07:46:44+0200,442f0342-0040-4db4-ac3f-85a7f822bcbf,2026-07-30T14:30:00Z,2026-07-30T16:30:00+0200,31.35,EUR/MWh,DK1,DK_1,imbalance_price,Long,2026-08-23T05:51:55Z
2026-08-23T05:46:44Z,2026-08-23T07:46:44+0200,442f0342-0040-4db4-ac3f-85a7f822bcbf,2026-07-30T14:30:00Z,2026-07-30T16:30:00+0200,31.35,EUR/MWh,DK1,DK_1,imbalance_price,Short,2026-08-23T05:51:55Z
2026-08-23T05:46:44Z,2026-08-23T07:46:44+0200,442f0342-0040-4db4-ac3f-85a7f822bcbf,2026-07-30T14:45:00Z,2026-07-30T16:45:00+0200,320.14,EUR/MWh,DK1,DK_1,imbalance_price,Long,2026-08-23T05:51:55Z
2026-08-23T05:46:44Z,2026-08-23T07:46:44+0200,442f0342-0040-4db4-ac3f-85a7f822bcbf,2026-07-30T14:45:00Z,2026-07-30T16:45:00+0200,320.14,EUR/MWh,DK1,DK_1,imbalance_price,Short,2026-08-23T05:51:55Z
2026-08-23T05:46:44Z,2026-08-23T07:46:44+0200,442f0342-0040-4db4-ac3f-85a7f822bcbf,2026-07-30T15:00:00Z,2026-07-30T17:00:00+0200,347.82,EUR/MWh,DK1,DK_1,imbalance_price,Long,2026-08-23T05:51:55Z
2026-08-23T05:46:44Z,2026-08-23T07:46:44+0200,442f0342-0040-4db4-ac3f-85a7f822bcbf,2026-07-30T15:00:00Z,2026-07-30T17:00:00+0200,347.82,EUR/MWh,DK1,DK_1,imbalance_price,Short,2026-08-23T05:51:55Z
2026-08-23T05:46:44Z,2026-08-23T07:46:44+0200,442f0342-0040-4db4-ac3f-85a7f822bcbf,2026-07-30T15:15:00Z,2026-07-30T17:15:00+0200,468.09,EUR/MWh,DK1,DK_1,imbalance_price,Long,2026-08-23T05:51:55Z
2026-08-23T05:46:44Z,2026-08-23T07:46:44+0200,442f0342-0040-4db4-ac3f-85a7f822bcbf,2026-07-30T15:15:00Z,2026-07-30T17:15:00+0200,468.09,EUR/MWh,DK1,DK_1,imbalance_price,Short,2026-08-23T05:51:55Z
2026-08-23T05:46:44Z,2026-08-23T07:46:44+0200,442f0342-0040-4db4-ac3f-85a7f822bcbf,2026-07-30T15:30:00Z,2026-07-30T17:30:00+0200,334.45,EUR/MWh,DK1,DK_1,imbalance_price,Long,2026-08-23T05:51:55Z
2026-08-23T05:46:44Z,2026-08-23T07:46:44+0200,442f0342-0040-4db4-ac3f-85a7f822bcbf,2026-07-30T15:30:00Z,2026-07-30T17:30:00+0200,334.45,EUR/MWh,DK1,DK_1,imbalance_price,Short,2026-08-23T05:51:55Z
2026-08-23T05:46:44Z,2026-08-23T07:46:44+0200,442f0342-0040-4db4-ac3f-85a7f822bcbf,2026-07-30T15:45:00Z,2026-07-30T17:45:00+0200,200.0,EUR/MWh,DK1,DK_1,imbalance_price,Long,2026-08-23T05:51:55Z
2026-08-23T05:46:44Z,2026-08-23T07:46:44+0200,442f0342-0040-4db4-ac3f-85a7f822bcbf,2026-07-30T15:45:00Z,2026-07-30T17:45:00+0200,200.0,EUR/MWh,DK1,DK_1,imbalance_price,Short,2026-08-23T05:51:55Z
2026-08-23T05:46:44Z,2026-08-23T07:46:44+0200,442f0342-0040-4db4-ac3f-85a7f822bcbf,2026-07-30T16:00:00Z,2026-07-30T18:00:00+0200,130.04,EUR/MWh,DK1,DK_1,imbalance_price,Long,2026-08-23T05:51:55Z
2026-08-23T05:46:44Z,2026-08-23T07:46:44+0200,442f0342-0040-4db4-ac3f-85a7f822bcbf,2026-07-30T16:00:00Z,2026-07-30T18:00:00+0200,130.04,EUR/MWh,DK1,DK_1,imbalance_price,Short,2026-08-23T05:51:55Z
2026-08-23T05:46:44Z,2026-08-23T07:46:44+0200,442f0342-0040-4db4-ac3f-85a7f822bcbf,2026-07-30T16:15:00Z,2026-07-30T18:15:00+0200,130.3,EUR/MWh,DK1,DK_1,imbalance_price,Long,2026-08-23T05:51:55Z
2026-08-23T05:46:44Z,2026-08-23T07:46:44+0200,442f0342-0040-4db4-ac3f-85a7f822bcbf,2026-07-30T16:15:00Z,2026-07-30T18:15:00+0200,130.3,EUR/MWh,DK1,DK_1,imbalance_price,Short,2026-08-23T05:51:55Z
2026-08-23T05:46:44Z,2026-08-23T07:46:44+0200,442f0342-0040-4db4-ac3f-85a7f822bcbf,2026-07-30T16:30:00Z,2026-07-30T18:30:00+0200,159.52,EUR/MWh,DK1,DK_1,imbalance_price,Long,2026-08-23T05:51:55Z
2026-08-23T05:46:44Z,2026-08-23T07:46:44+0200,442f0342-0040-4db4-ac3f-85a7f822bcbf,2026-07-30T16:30:00Z,2026-07-30T18:30:00+0200,159.52,EUR/MWh,DK1,DK_1,imbalance_price,Short,2026-08-23T05:51:55Z
2026-08-23T05:46:44Z,2026-08-23T07:46:44+0200,442f0342-0040-4db4-ac3f-85a7f822bcbf,2026-07-30T16:45:00Z,2026-07-30T18:45:00+0200,105.79,EUR/MWh,DK1,DK_1,imbalance_price,Long,2026-08-23T05:51:55Z
2026-08-23T05:46:44Z,2026-08-23T07:46:44+0200,442f0342-0040-4db4-ac3f-85a7f822bcbf,2026-07-30T16:45:00Z,2026-07-30T18:45:00+0200,105.79,EUR/MWh,DK1,DK_1,imbalance_price,Short,2026-08-23T05:51:55Z
2026-08-23T05:46:44Z,2026-08-23T07:46:44+0200,442f0342-0040-4db4-ac3f-85a7f822bcbf,2026-07-30T17:00:00Z,2026-07-30T19:00:00+0200,7.39,EUR/MWh,DK1,DK_1,imbalance_price,Long,2026-08-23T05:51:55Z
2026-08-23T05:46:44Z,2026-08-23T07:46:44+0200,442f0342-0040-4db4-ac3f-85a7f822bcbf,2026-07-30T17:00:00Z,2026-07-30T19:00:00+0200,7.39,EUR/MWh,DK1,DK_1,imbalance_price,Short,2026-08-23T05:51:55Z
2026-08-23T05:46:44Z,2026-08-23T07:46:44+0200,442f0342-0040-4db4-ac3f-85a7f822bcbf,2026-07-30T17:15:00Z,2026-07-30T19:15:00+0200,-2.51,EUR/MWh,DK1,DK_1,imbalance_price,Long,2026-08-23T05:51:55Z
2026-08-23T05:46:44Z,2026-08-23T07:46:44+0200,442f0342-0040-4db4-ac3f-85a7f822bcbf,2026-07-30T17:15:00Z,2026-07-30T19:15:00+0200,-2.51,EUR/MWh,DK1,DK_1,imbalance_price,Short,2026-08-23T05:51:55Z
2026-08-23T05:46:44Z,2026-08-23T07:46:44+0200,442f0342-0040-4db4-ac3f-85a7f822bcbf,2026-07-30T17:30:00Z,2026-07-30T19:30:00+0200,128.57,EUR/MWh,DK1,DK_1,imbalance_price,Long,2026-08-23T05:51:55Z
2026-08-23T05:46:44Z,2026-08-23T07:46:44+0200,442f0342-0040-4db4-ac3f-85a7f822bcbf,2026-07-30T17:30:00Z,2026-07-30T19:30:00+0200,128.57,EUR/MWh,DK1,DK_1,imbalance_price,Short,2026-08-23T05:51:55Z
2026-08-23T05:46:44Z,2026-08-23T07:46:44+0200,442f0342-0040-4db4-ac3f-85a7f822bcbf,2026-07-30T17:45:00Z,2026-07-30T19:45:00+0200,132.2,EUR/MWh,DK1,DK_1,imbalance_price,Long,2026-08-23T05:51:55Z
2026-08-23T05:46:44Z,2026-08-23T07:46:44+0200,442f0342-0040-4db4-ac3f-85a7f822bcbf,2026-07-30T17:45:00Z,2026-07-30T19:45:00+0200,132.2,EUR/MWh,DK1,DK_1,imbalance_price,Short,2026-08-23T05:51:55Z
2026-08-23T05:46:44Z,2026-08-23T07:46:44+0200,442f0342-0040-4db4-ac3f-85a7f822bcbf,2026-07-30T18:00:00Z,2026-07-30T20:00:00+0200,327.62,EUR/MWh,DK1,DK_1,imbalance_price,Long,2026-08-23T05:51:55Z
2026-08-23T05:46:44Z,2026-08-23T07:46:44+0200,442f0342-0040-4db4-ac3f-85a7f822bcbf,2026-07-30T18:00:00Z,2026-07-30T20:00:00+0200,327.62,EUR/MWh,DK1,DK_1,imbalance_price,Short,2026-08-23T05:51:55Z
2026-08-23T05:46:44Z,2026-08-23T07:46:44+0200,442f0342-0040-4db4-ac3f-85a7f822bcbf,2026-07-30T18:15:00Z,2026-07-30T20:15:00+0200,452.44,EUR/MWh,DK1,DK_1,imbalance_price,Long,2026-08-23T05:51:55Z
2026-08-23T05:46:44Z,2026-08-23T07:46:44+0200,442f0342-0040-4db4-ac3f-85a7f822bcbf,2026-07-30T18:15:00Z,2026-07-30T20:15:00+0200,452.44,EUR/MWh,DK1,DK_1,imbalance_price,Short,2026-08-23T05:51:55Z
2026-08-23T05:46:44Z,2026-08-23T07:46:44+0200,442f0342-0040-4db4-ac3f-85a7f822bcbf,2026-07-30T18:30:00Z,2026-07-30T20:30:00+0200,294.32,EUR/MWh,DK1,DK_1,imbalance_price,Long,2026-08-23T05:51:55Z
2026-08-23T05:46:44Z,2026-08-23T07:46:44+0200,442f0342-0040-4db4-ac3f-85a7f822bcbf,2026-07-30T18:30:00Z,2026-07-30T20:30:00+0200,294.32,EUR/MWh,DK1,DK_1,imbalance_price,Short,2026-08-23T05:51:55Z
2026-08-23T05:46:44Z,2026-08-23T07:46:44+0200,442f0342-0040-4db4-ac3f-85a7f822bcbf,2026-07-30T18:45:00Z,2026-07-30T20:45:00+0200,104.38,EUR/MWh,DK1,DK_1,imbalance_price,Long,2026-08-23T05:51:55Z
2026-08-23T05:46:44Z,2026-08-23T07:46:44+0200,442f0342-0040-4db4-ac3f-85a7f822bcbf,2026-07-30T18:45:00Z,2026-07-30T20:45:00+0200,104.38,EUR/MWh,DK1,DK_1,imbalance_price,Short,2026-08-23T05:51:55Z
2026-08-23T05:46:44Z,2026-08-23T07:46:44+0200,442f0342-0040-4db4-ac3f-85a7f822bcbf,2026-07-30T19:00:00Z,2026-07-30T21:00:00+0200,108.92,EUR/MWh,DK1,DK_1,imbalance_price,Long,2026-08-23T05:51:55Z
2026-08-23T05:46:44Z,2026-08-23T07:46:44+0200,442f0342-0040-4db4-ac3f-85a7f822bcbf,2026-07-30T19:00:00Z,2026-07-30T21:00:00+0200,108.92,EUR/MWh,DK1,DK_1,imbalance_price,Short,2026-08-23T05:51:55Z
2026-08-23T05:46:44Z,2026-08-23T07:46:44+0200,442f0342-0040-4db4-ac3f-85a7f822bcbf,2026-07-30T19:15:00Z,2026-07-30T21:15:00+0200,80.16,EUR/MWh,DK1,DK_1,imbalance_price,Long,2026-08-23T05:51:55Z
2026-08-23T05:46:44Z,2026-08-23T07:46:44+0200,442f0342-0040-4db4-ac3f-85a7f822bcbf,2026-07-30T19:15:00Z,2026-07-30T21:15:00+0200,80.16,EUR/MWh,DK1,DK_1,imbalance_price,Short,2026-08-23T05:51:55Z
2026-08-23T05:46:44Z,2026-08-23T07:46:44+0200,442f0342-0040-4db4-ac3f-85a7f822bcbf,2026-07-30T19:30:00Z,2026-07-30T21:30:00+0200,52.88,EUR/MWh,DK1,DK_1,imbalance_price,Long,2026-08-23T05:51:55Z
2026-08-23T05:46:44Z,2026-08-23T07:46:44+0200,442f0342-0040-4db4-ac3f-85a7f822bcbf,2026-07-30T19:30:00Z,2026-07-30T21:30:00+0200,52.88,EUR/MWh,DK1,DK_1,imbalance_price,Short,2026-08-23T05:51:55Z
2026-08-23T05:46:44Z,2026-08-23T07:46:44+0200,442f0342-0040-4db4-ac3f-85a7f822bcbf,2026-07-30T19:45:00Z,2026-07-30T21:45:00+0200,88.8,EUR/MWh,DK1,DK_1,imbalance_price,Long,2026-08-23T05:51:55Z
2026-08-23T05:46:44Z,2026-08-23T07:46:44+0200,442f0342-0040-4db4-ac3f-85a7f822bcbf,2026-07-30T19:45:00Z,2026-07-30T21:45:00+0200,88.8,EUR/MWh,DK1,DK_1,imbalance_price,Short,2026-08-23T05:51:55Z
2026-08-23T05:46:44Z,2026-08-23T07:46:44+0200,442f0342-0040-4db4-ac3f-85a7f822bcbf,2026-07-30T20:00:00Z,2026-07-30T22:00:00+0200,107.78,EUR/MWh,DK1,DK_1,imbalance_price,Long,2026-08-23T05:51:55Z
2026-08-23T05:46:44Z,2026-08-23T07:46:44+0200,442f0342-0040-4db4-ac3f-85a7f822bcbf,2026-07-30T20:00:00Z,2026-07-30T22:00:00+0200,107.78,EUR/MWh,DK1,DK_1,imbalance_price,Short,2026-08-23T05:51:55Z
2026-08-23T05:46:44Z,2026-08-23T07:46:44+0200,442f0342-0040-4db4-ac3f-85a7f822bcbf,2026-07-30T20:15:00Z,2026-07-30T22:15:00+0200,103.38,EUR/MWh,DK1,DK_1,imbalance_price,Long,2026-08-23T05:51:55Z
2026-08-23T05:46:44Z,2026-08-23T07:46:44+0200,442f0342-0040-4db4-ac3f-85a7f822bcbf,2026-07-30T20:15:00Z,2026-07-30T22:15:00+0200,103.38,EUR/MWh,DK1,DK_1,imbalance_price,Short,2026-08-23T05:51:55Z
2026-08-23T05:46:44Z,2026-08-23T07:46:44+0200,442f0342-0040-4db4-ac3f-85a7f822bcbf,2026-07-30T20:30:00Z,2026-07-30T22:30:00+0200,99.51,EUR/MWh,DK1,DK_1,imbalance_price,Long,2026-08-23T05:51:55Z
2026-08-23T05:46:44Z,2026-08-23T07:46:44+0200,442f0342-0040-4db4-ac3f-85a7f822bcbf,2026-07-30T20:30:00Z,2026-07-30T22:30:00+0200,99.51,EUR/MWh,DK1,DK_1,imbalance_price,Short,2026-08-23T05:51:55Z
2026-08-23T05:46:44Z,2026-08-23T07:46:44+0200,442f0342-0040-4db4-ac3f-85a7f822bcbf,2026-07-30T20:45:00Z,2026-07-30T22:45:00+0200,98.86,EUR/MWh,DK1,DK_1,imbalance_price,Long,2026-08-23T05:51:55Z
2026-08-23T05:46:44Z,2026-08-23T07:46:44+0200,442f0342-0040-4db4-ac3f-85a7f822bcbf,2026-07-30T20:45:00Z,2026-07-30T22:45:00+0200,98.86,EUR/MWh,DK1,DK_1,imbalance_price,Short,2026-08-23T05:51:55Z
2026-08-23T05:46:44Z,2026-08-23T07:46:44+0200,442f0342-0040-4db4-ac3f-85a7f822bcbf,2026-07-30T21:00:00Z,2026-07-30T23:00:00+0200,104.35,EUR/MWh,DK1,DK_1,imbalance_price,Long,2026-08-23T05:51:55Z
2026-08-23T05:46:44Z,2026-08-23T07:46:44+0200,442f0342-0040-4db4-ac3f-85a7f822bcbf,2026-07-30T21:00:00Z,2026-07-30T23:00:00+0200,104.35,EUR/MWh,DK1,DK_1,imbalance_price,Short,2026-08-23T05:51:55Z
2026-08-23T05:46:44Z,2026-08-23T07:46:44+0200,442f0342-0040-4db4-ac3f-85a7f822bcbf,2026-07-30T21:15:00Z,2026-07-30T23:15:00+0200,101.46,EUR/MWh,DK1,DK_1,imbalance_price,Long,2026-08-23T05:51:55Z
2026-08-23T05:46:44Z,2026-08-23T07:46:44+0200,442f0342-0040-4db4-ac3f-85a7f822bcbf,2026-07-30T21:15:00Z,2026-07-30T23:15:00+0200,101.46,EUR/MWh,DK1,DK_1,imbalance_price,Short,2026-08-23T05:51:55Z
2026-08-23T05:46:44Z,2026-08-23T07:46:44+0200,442f0342-0040-4db4-ac3f-85a7f822bcbf,2026-07-30T21:30:00Z,2026-07-30T23:30:00+0200,97.25,EUR/MWh,DK1,DK_1,imbalance_price,Long,2026-08-23T05:51:55Z
2026-08-23T05:46:44Z,2026-08-23T07:46:44+0200,442f0342-0040-4db4-ac3f-85a7f822bcbf,2026-07-30T21:30:00Z,2026-07-30T23:30:00+0200,97.25,EUR/MWh,DK1,DK_1,imbalance_price,Short,2026-08-23T05:51:55Z
2026-08-23T05:46:44Z,2026-08-23T07:46:44+0200,442f0342-0040-4db4-ac3f-85a7f822bcbf,2026-07-30T21:45:00Z,2026-07-30T23:45:00+0200,97.17,EUR/MWh,DK1,DK_1,imbalance_price,Long,2026-08-23T05:51:55Z
2026-08-23T05:46:44Z,2026-08-23T07:46:44+0200,442f0342-0040-4db4-ac3f-85a7f822bcbf,2026-07-30T21:45:00Z,2026-07-30T23:45:00+0200,97.17,EUR/MWh,DK1,DK_1,imbalance_price,Short,2026-08-23T05:51:55Z
2026-08-23T05:46:44Z,2026-08-23T07:46:44+0200,442f0342-0040-4db4-ac3f-85a7f822bcbf,2026-07-30T22:00:00Z,2026-07-31T00:00:00+0200,97.46,EUR/MWh,DK1,DK_1,imbalance_price,Long,2026-08-23T05:51:55Z
2026-08-23T05:46:44Z,2026-08-23T07:46:44+0200,442f0342-0040-4db4-ac3f-85a7f822bcbf,2026-07-30T22:00:00Z,2026-07-31T00:00:00+0200,97.46,EUR/MWh,DK1,DK_1,imbalance_price,Short,2026-08-23T05:51:55Z
2026-08-23T05:46:44Z,2026-08-23T07:46:44+0200,442f0342-0040-4db4-ac3f-85a7f822bcbf,2026-07-30T22:15:00Z,2026-07-31T00:15:00+0200,118.16,EUR/MWh,DK1,DK_1,imbalance_price,Long,2026-08-23T05:51:55Z
2026-08-23T05:46:44Z,2026-08-23T07:46:44+0200,442f0342-0040-4db4-ac3f-85a7f822bcbf,2026-07-30T22:15:00Z,2026-07-31T00:15:00+0200,118.16,EUR/MWh,DK1,DK_1,imbalance_price,Short,2026-08-23T05:51:55Z
2026-08-23T05:46:44Z,2026-08-23T07:46:44+0200,442f0342-0040-4db4-ac3f-85a7f822bcbf,2026-07-30T22:30:00Z,2026-07-31T00:30:00+0200,97.28,EUR/MWh,DK1,DK_1,imbalance_price,Long,2026-08-23T05:51:55Z
2026-08-23T05:46:44Z,2026-08-23T07:46:44+0200,442f0342-0040-4db4-ac3f-85a7f822bcbf,2026-07-30T22:30:00Z,2026-07-31T00:30:00+0200,97.28,EUR/MWh,DK1,DK_1,imbalance_price,Short,2026-08-23T05:51:55Z
2026-08-23T05:46:44Z,2026-08-23T07:46:44+0200,442f0342-0040-4db4-ac3f-85a7f822bcbf,2026-07-30T22:45:00Z,2026-07-31T00:45:00+0200,107.51,EUR/MWh,DK1,DK_1,imbalance_price,Long,2026-08-23T05:51:55Z
2026-08-23T05:46:44Z,2026-08-23T07:46:44+0200,442f0342-0040-4db4-ac3f-85a7f822bcbf,2026-07-30T22:45:00Z,2026-07-31T00:45:00+0200,107.51,EUR/MWh,DK1,DK_1,imbalance_price,Short,2026-08-23T05:51:55Z
2026-08-23T05:46:44Z,2026-08-23T07:46:44+0200,442f0342-0040-4db4-ac3f-85a7f822bcbf,2026-07-30T23:00:00Z,2026-07-31T01:00:00+0200,114.46,EUR/MWh,DK1,DK_1,imbalance_price,Long,2026-08-23T05:51:55Z
2026-08-23T05:46:44Z,2026-08-23T07:46:44+0200,442f0342-0040-4db4-ac3f-85a7f822bcbf,2026-07-30T23:00:00Z,2026-07-31T01:00:00+0200,114.46,EUR/MWh,DK1,DK_1,imbalance_price,Short,2026-08-23T05:51:55Z
2026-08-23T05:46:44Z,2026-08-23T07:46:44+0200,442f0342-0040-4db4-ac3f-85a7f822bcbf,2026-07-30T23:15:00Z,2026-07-31T01:15:00+0200,80.76,EUR/MWh,DK1,DK_1,imbalance_price,Long,2026-08-23T05:51:55Z
2026-08-23T05:46:44Z,2026-08-23T07:46:44+0200,442f0342-0040-4db4-ac3f-85a7f822bcbf,2026-07-30T23:15:00Z,2026-07-31T01:15:00+0200,80.76,EUR/MWh,DK1,DK_1,imbalance_price,Short,2026-08-23T05:51:55Z
2026-08-23T05:46:44Z,2026-08-23T07:46:44+0200,442f0342-0040-4db4-ac3f-85a7f822bcbf,2026-07-30T23:30:00Z,2026-07-31T01:30:00+0200,106.52,EUR/MWh,DK1,DK_1,imbalance_price,Long,2026-08-23T05:51:55Z
2026-08-23T05:46:44Z,2026-08-23T07:46:44+0200,442f0342-0040-4db4-ac3f-85a7f822bcbf,2026-07-30T23:30:00Z,2026-07-31T01:30:00+0200,106.52,EUR/MWh,DK1,DK_1,imbalance_price,Short,2026-08-23T05:51:55Z
2026-08-23T05:46:44Z,2026-08-23T07:46:44+0200,442f0342-0040-4db4-ac3f-85a7f822bcbf,2026-07-30T23:45:00Z,2026-07-31T01:45:00+0200,97.41,EUR/MWh,DK1,DK_1,imbalance_price,Long,2026-08-23T05:51:55Z
2026-08-23T05:46:44Z,2026-08-23T07:46:44+0200,442f0342-0040-4db4-ac3f-85a7f822bcbf,2026-07-30T23:45:00Z,2026-07-31T01:45:00+0200,97.41,EUR/MWh,DK1,DK_1,imbalance_price,Short,2026-08-23T05:51:55Z
2026-08-23T05:46:44Z,2026-08-23T07:46:44+0200,442f0342-0040-4db4-ac3f-85a7f822bcbf,2026-07-31T00:00:00Z,2026-07-31T02:00:00+0200,113.34,EUR/MWh,DK1,DK_1,imbalance_price,Long,2026-08-23T05:51:55Z
2026-08-23T05:46:44Z,2026-08-23T07:46:44+0200,442f0342-0040-4db4-ac3f-85a7f822bcbf,2026-07-31T00:00:00Z,2026-07-31T02:00:00+0200,113.34,EUR/MWh,DK1,DK_1,imbalance_price,Short,2026-08-23T05:51:55Z
2026-08-23T05:46:44Z,2026-08-23T07:46:44+0200,442f0342-0040-4db4-ac3f-85a7f822bcbf,2026-07-31T00:15:00Z,2026-07-31T02:15:00+0200,117.12,EUR/MWh,DK1,DK_1,imbalance_price,Long,2026-08-23T05:51:55Z
2026-08-23T05:46:44Z,2026-08-23T07:46:44+0200,442f0342-0040-4db4-ac3f-85a7f822bcbf,2026-07-31T00:15:00Z,2026-07-31T02:15:00+0200,117.12,EUR/MWh,DK1,DK_1,imbalance_price,Short,2026-08-23T05:51:55Z
2026-08-23T05:46:44Z,2026-08-23T07:46:44+0200,442f0342-0040-4db4-ac3f-85a7f822bcbf,2026-07-31T00:30:00Z,2026-07-31T02:30:00+0200,153.79,EUR/MWh,DK1,DK_1,imbalance_price,Long,2026-08-23T05:51:55Z
2026-08-23T05:46:44Z,2026-08-23T07:46:44+0200,442f0342-0040-4db4-ac3f-85a7f822bcbf,2026-07-31T00:30:00Z,2026-07-31T02:30:00+0200,153.79,EUR/MWh,DK1,DK_1,imbalance_price,Short,2026-08-23T05:51:55Z
2026-08-23T05:46:44Z,2026-08-23T07:46:44+0200,442f0342-0040-4db4-ac3f-85a7f822bcbf,2026-07-31T00:45:00Z,2026-07-31T02:45:00+0200,113.96,EUR/MWh,DK1,DK_1,imbalance_price,Long,2026-08-23T05:51:55Z
2026-08-23T05:46:44Z,2026-08-23T07:46:44+0200,442f0342-0040-4db4-ac3f-85a7f822bcbf,2026-07-31T00:45:00Z,2026-07-31T02:45:00+0200,113.96,EUR/MWh,DK1,DK_1,imbalance_price,Short,2026-08-23T05:51:55Z
2026-08-23T05:46:44Z,2026-08-23T07:46:44+0200,442f0342-0040-4db4-ac3f-85a7f822bcbf,2026-07-31T01:00:00Z,2026-07-31T03:00:00+0200,106.47,EUR/MWh,DK1,DK_1,imbalance_price,Long,2026-08-23T05:51:55Z
2026-08-23T05:46:44Z,2026-08-23T07:46:44+0200,442f0342-0040-4db4-ac3f-85a7f822bcbf,2026-07-31T01:00:00Z,2026-07-31T03:00:00+0200,106.47,EUR/MWh,DK1,DK_1,imbalance_price,Short,2026-08-23T05:51:55Z
2026-08-23T05:46:44Z,2026-08-23T07:46:44+0200,442f0342-0040-4db4-ac3f-85a7f822bcbf,2026-07-31T01:15:00Z,2026-07-31T03:15:00+0200,96.09,EUR/MWh,DK1,DK_1,imbalance_price,Long,2026-08-23T05:51:55Z
2026-08-23T05:46:44Z,2026-08-23T07:46:44+0200,442f0342-0040-4db4-ac3f-85a7f822bcbf,2026-07-31T01:15:00Z,2026-07-31T03:15:00+0200,96.09,EUR/MWh,DK1,DK_1,imbalance_price,Short,2026-08-23T05:51:55Z
2026-08-23T05:46:44Z,2026-08-23T07:46:44+0200,442f0342-0040-4db4-ac3f-85a7f822bcbf,2026-07-31T01:30:00Z,2026-07-31T03:30:00+0200,108.96,EUR/MWh,DK1,DK_1,imbalance_price,Long,2026-08-23T05:51:55Z
2026-08-23T05:46:44Z,2026-08-23T07:46:44+0200,442f0342-0040-4db4-ac3f-85a7f822bcbf,2026-07-31T01:30:00Z,2026-07-31T03:30:00+0200,108.96,EUR/MWh,DK1,DK_1,imbalance_price,Short,2026-08-23T05:51:55Z
2026-08-23T05:46:44Z,2026-08-23T07:46:44+0200,442f0342-0040-4db4-ac3f-85a7f822bcbf,2026-07-31T01:45:00Z,2026-07-31T03:45:00+0200,92.9,EUR/MWh,DK1,DK_1,imbalance_price,Long,2026-08-23T05:51:55Z
2026-08-23T05:46:44Z,2026-08-23T07:46:44+0200,442f0342-0040-4db4-ac3f-85a7f822bcbf,2026-07-31T01:45:00Z,2026-07-31T03:45:00+0200,92.9,EUR/MWh,DK1,DK_1,imbalance_price,Short,2026-08-23T05:51:55Z
2026-08-23T05:46:44Z,2026-08-23T07:46:44+0200,442f0342-0040-4db4-ac3f-85a7f822bcbf,2026-07-31T02:00:00Z,2026-07-31T04:00:00+0200,98.41,EUR/MWh,DK1,DK_1,imbalance_price,Long,2026-08-23T05:51:55Z
2026-08-23T05:46:44Z,2026-08-23T07:46:44+0200,442f0342-0040-4db4-ac3f-85a7f822bcbf,2026-07-31T02:00:00Z,2026-07-31T04:00:00+0200,98.41,EUR/MWh,DK1,DK_1,imbalance_price,Short,2026-08-23T05:51:55Z
2026-08-23T05:46:44Z,2026-08-23T07:46:44+0200,442f0342-0040-4db4-ac3f-85a7f822bcbf,2026-07-31T02:15:00Z,2026-07-31T04:15:00+0200,114.26,EUR/MWh,DK1,DK_1,imbalance_price,Long,2026-08-23T05:51:55Z
2026-08-23T05:46:44Z,2026-08-23T07:46:44+0200,442f0342-0040-4db4-ac3f-85a7f822bcbf,2026-07-31T02:15:00Z,2026-07-31T04:15:00+0200,114.26,EUR/MWh,DK1,DK_1,imbalance_price,Short,2026-08-23T05:51:55Z
2026-08-23T05:46:44Z,2026-08-23T07:46:44+0200,442f0342-0040-4db4-ac3f-85a7f822bcbf,2026-07-31T02:30:00Z,2026-07-31T04:30:00+0200,111.93,EUR/MWh,DK1,DK_1,imbalance_price,Long,2026-08-23T05:51:55Z
2026-08-23T05:46:44Z,2026-08-23T07:46:44+0200,442f0342-0040-4db4-ac3f-85a7f822bcbf,2026-07-31T02:30:00Z,2026-07-31T04:30:00+0200,111.93,EUR/MWh,DK1,DK_1,imbalance_price,Short,2026-08-23T05:51:55Z
2026-08-23T05:46:44Z,2026-08-23T07:46:44+0200,442f0342-0040-4db4-ac3f-85a7f822bcbf,2026-07-31T02:45:00Z,2026-07-31T04:45:00+0200,161.39,EUR/MWh,DK1,DK_1,imbalance_price,Long,2026-08-23T05:51:55Z
2026-08-23T05:46:44Z,2026-08-23T07:46:44+0200,442f0342-0040-4db4-ac3f-85a7f822bcbf,2026-07-31T02:45:00Z,2026-07-31T04:45:00+0200,161.39,EUR/MWh,DK1,DK_1,imbalance_price,Short,2026-08-23T05:51:55Z
2026-08-23T05:46:44Z,2026-08-23T07:46:44+0200,442f0342-0040-4db4-ac3f-85a7f822bcbf,2026-07-31T03:00:00Z,2026-07-31T05:00:00+0200,151.62,EUR/MWh,DK1,DK_1,imbalance_price,Long,2026-08-23T05:51:55Z
2026-08-23T05:46:44Z,2026-08-23T07:46:44+0200,442f0342-0040-4db4-ac3f-85a7f822bcbf,2026-07-31T03:00:00Z,2026-07-31T05:00:00+0200,151.62,EUR/MWh,DK1,DK_1,imbalance_price,Short,2026-08-23T05:51:55Z
2026-08-23T05:46:44Z,2026-08-23T07:46:44+0200,442f0342-0040-4db4-ac3f-85a7f822bcbf,2026-07-31T03:15:00Z,2026-07-31T05:15:00+0200,157.26,EUR/MWh,DK1,DK_1,imbalance_price,Long,2026-08-23T05:51:55Z
2026-08-23T05:46:44Z,2026-08-23T07:46:44+0200,442f0342-0040-4db4-ac3f-85a7f822bcbf,2026-07-31T03:15:00Z,2026-07-31T05:15:00+0200,157.26,EUR/MWh,DK1,DK_1,imbalance_price,Short,2026-08-23T05:51:55Z
2026-08-23T05:46:44Z,2026-08-23T07:46:44+0200,442f0342-0040-4db4-ac3f-85a7f822bcbf,2026-07-31T03:30:00Z,2026-07-31T05:30:00+0200,267.57,EUR/MWh,DK1,DK_1,imbalance_price,Long,2026-08-23T05:51:55Z
2026-08-23T05:46:44Z,2026-08-23T07:46:44+0200,442f0342-0040-4db4-ac3f-85a7f822bcbf,2026-07-31T03:30:00Z,2026-07-31T05:30:00+0200,267.57,EUR/MWh,DK1,DK_1,imbalance_price,Short,2026-08-23T05:51:55Z
2026-08-23T05:46:44Z,2026-08-23T07:46:44+0200,442f0342-0040-4db4-ac3f-85a7f822bcbf,2026-07-31T03:45:00Z,2026-07-31T05:45:00+0200,267.6,EUR/MWh,DK1,DK_1,imbalance_price,Long,2026-08-23T05:51:55Z
2026-08-23T05:46:44Z,2026-08-23T07:46:44+0200,442f0342-0040-4db4-ac3f-85a7f822bcbf,2026-07-31T03:45:00Z,2026-07-31T05:45:00+0200,267.6,EUR/MWh,DK1,DK_1,imbalance_price,Short,2026-08-23T05:51:55Z
2026-08-23T05:46:44Z,2026-08-23T07:46:44+0200,442f0342-0040-4db4-ac3f-85a7f822bcbf,2026-07-31T04:00:00Z,2026-07-31T06:00:00+0200,266.23,EUR/MWh,DK1,DK_1,imbalance_price,Long,2026-08-23T05:51:55Z
2026-08-23T05:46:44Z,2026-08-23T07:46:44+0200,442f0342-0040-4db4-ac3f-85a7f822bcbf,2026-07-31T04:00:00Z,2026-07-31T06:00:00+0200,266.23,EUR/MWh,DK1,DK_1,imbalance_price,Short,2026-08-23T05:51:55Z
2026-08-23T05:46:44Z,2026-08-23T07:46:44+0200,442f0342-0040-4db4-ac3f-85a7f822bcbf,2026-07-31T04:15:00Z,2026-07-31T06:15:00+0200,267.6,EUR/MWh,DK1,DK_1,imbalance_price,Long,2026-08-23T05:51:55Z
2026-08-23T05:46:44Z,2026-08-23T07:46:44+0200,442f0342-0040-4db4-ac3f-85a7f822bcbf,2026-07-31T04:15:00Z,2026-07-31T06:15:00+0200,267.6,EUR/MWh,DK1,DK_1,imbalance_price,Short,2026-08-23T05:51:55Z
2026-08-23T05:46:44Z,2026-08-23T07:46:44+0200,442f0342-0040-4db4-ac3f-85a7f822bcbf,2026-07-31T04:30:00Z,2026-07-31T06:30:00+0200,103.53,EUR/MWh,DK1,DK_1,imbalance_price,Long,2026-08-23T05:51:55Z
2026-08-23T05:46:44Z,2026-08-23T07:46:44+0200,442f0342-0040-4db4-ac3f-85a7f822bcbf,2026-07-31T04:30:00Z,2026-07-31T06:30:00+0200,103.53,EUR/MWh,DK1,DK_1,imbalance_price,Short,2026-08-23T05:51:55Z
2026-08-23T05:46:44Z,2026-08-23T07:46:44+0200,442f0342-0040-4db4-ac3f-85a7f822bcbf,2026-07-31T04:45:00Z,2026-07-31T06:45:00+0200,107.18,EUR/MWh,DK1,DK_1,imbalance_price,Long,2026-08-23T05:51:55Z
2026-08-23T05:46:44Z,2026-08-23T07:46:44+0200,442f0342-0040-4db4-ac3f-85a7f822bcbf,2026-07-31T04:45:00Z,2026-07-31T06:45:00+0200,107.18,EUR/MWh,DK1,DK_1,imbalance_price,Short,2026-08-23T05:51:55Z
2026-08-23T05:46:44Z,2026-08-23T07:46:44+0200,442f0342-0040-4db4-ac3f-85a7f822bcbf,2026-07-31T05:00:00Z,2026-07-31T07:00:00+0200,18.48,EUR/MWh,DK1,DK_1,imbalance_price,Long,2026-08-23T05:51:55Z
2026-08-23T05:46:44Z,2026-08-23T07:46:44+0200,442f0342-0040-4db4-ac3f-85a7f822bcbf,2026-07-31T05:00:00Z,2026-07-31T07:00:00+0200,18.48,EUR/MWh,DK1,DK_1,imbalance_price,Short,2026-08-23T05:51:55Z
2026-08-23T05:46:44Z,2026-08-23T07:46:44+0200,442f0342-0040-4db4-ac3f-85a7f822bcbf,2026-07-31T05:15:00Z,2026-07-31T07:15:00+0200,74.74,EUR/MWh,DK1,DK_1,imbalance_price,Long,2026-08-23T05:51:55Z
2026-08-23T05:46:44Z,2026-08-23T07:46:44+0200,442f0342-0040-4db4-ac3f-85a7f822bcbf,2026-07-31T05:15:00Z,2026-07-31T07:15:00+0200,74.74,EUR/MWh,DK1,DK_1,imbalance_price,Short,2026-08-23T05:51:55Z
2026-08-23T05:46:44Z,2026-08-23T07:46:44+0200,442f0342-0040-4db4-ac3f-85a7f822bcbf,2026-07-31T05:30:00Z,2026-07-31T07:30:00+0200,97.01,EUR/MWh,DK1,DK_1,imbalance_price,Long,2026-08-23T05:51:55Z
2026-08-23T05:46:44Z,2026-08-23T07:46:44+0200,442f0342-0040-4db4-ac3f-85a7f822bcbf,2026-07-31T05:30:00Z,2026-07-31T07:30:00+0200,97.01,EUR/MWh,DK1,DK_1,imbalance_price,Short,2026-08-23T05:51:55Z
2026-08-23T05:46:44Z,2026-08-23T07:46:44+0200,442f0342-0040-4db4-ac3f-85a7f822bcbf,2026-07-31T05:45:00Z,2026-07-31T07:45:00+0200,97.01,EUR/MWh,DK1,DK_1,imbalance_price,Long,2026-08-23T05:51:55Z
2026-08-23T05:46:44Z,2026-08-23T07:46:44+0200,442f0342-0040-4db4-ac3f-85a7f822bcbf,2026-07-31T05:45:00Z,2026-07-31T07:45:00+0200,97.01,EUR/MWh,DK1,DK_1,imbalance_price,Short,2026-08-23T05:51:55Z
2026-08-23T05:46:44Z,2026-08-23T07:46:44+0200,442f0342-0040-4db4-ac3f-85a7f822bcbf,2026-07-31T06:00:00Z,2026-07-31T08:00:00+0200,97.01,EUR/MWh,DK1,DK_1,imbalance_price,Long,2026-08-23T05:51:55Z
2026-08-23T05:46:44Z,2026-08-23T07:46:44+0200,442f0342-0040-4db4-ac3f-85a7f822bcbf,2026-07-31T06:00:00Z,2026-07-31T08:00:00+0200,97.01,EUR/MWh,DK1,DK_1,imbalance_price,Short,2026-08-23T05:51:55Z
2026-08-23T05:46:44Z,2026-08-23T07:46:44+0200,442f0342-0040-4db4-ac3f-85a7f822bcbf,2026-07-31T06:15:00Z,2026-07-31T08:15:00+0200,334.46,EUR/MWh,DK1,DK_1,imbalance_price,Long,2026-08-23T05:51:55Z
2026-08-23T05:46:44Z,2026-08-23T07:46:44+0200,442f0342-0040-4db4-ac3f-85a7f822bcbf,2026-07-31T06:15:00Z,2026-07-31T08:15:00+0200,334.46,EUR/MWh,DK1,DK_1,imbalance_price,Short,2026-08-23T05:51:55Z
2026-08-23T05:46:44Z,2026-08-23T07:46:44+0200,442f0342-0040-4db4-ac3f-85a7f822bcbf,2026-07-31T06:30:00Z,2026-07-31T08:30:00+0200,75.95,EUR/MWh,DK1,DK_1,imbalance_price,Long,2026-08-23T05:51:55Z
2026-08-23T05:46:44Z,2026-08-23T07:46:44+0200,442f0342-0040-4db4-ac3f-85a7f822bcbf,2026-07-31T06:30:00Z,2026-07-31T08:30:00+0200,75.95,EUR/MWh,DK1,DK_1,imbalance_price,Short,2026-08-23T05:51:55Z
2026-08-23T05:46:44Z,2026-08-23T07:46:44+0200,442f0342-0040-4db4-ac3f-85a7f822bcbf,2026-07-31T06:45:00Z,2026-07-31T08:45:00+0200,82.59,EUR/MWh,DK1,DK_1,imbalance_price,Long,2026-08-23T05:51:55Z
2026-08-23T05:46:44Z,2026-08-23T07:46:44+0200,442f0342-0040-4db4-ac3f-85a7f822bcbf,2026-07-31T06:45:00Z,2026-07-31T08:45:00+0200,82.59,EUR/MWh,DK1,DK_1,imbalance_price,Short,2026-08-23T05:51:55Z
2026-08-23T05:46:44Z,2026-08-23T07:46:44+0200,442f0342-0040-4db4-ac3f-85a7f822bcbf,2026-07-31T07:00:00Z,2026-07-31T09:00:00+0200,95.64,EUR/MWh,DK1,DK_1,imbalance_price,Long,2026-08-23T05:51:55Z
2026-08-23T05:46:44Z,2026-08-23T07:46:44+0200,442f0342-0040-4db4-ac3f-85a7f822bcbf,2026-07-31T07:00:00Z,2026-07-31T09:00:00+0200,95.64,EUR/MWh,DK1,DK_1,imbalance_price,Short,2026-08-23T05:51:55Z
2026-08-23T05:46:44Z,2026-08-23T07:46:44+0200,442f0342-0040-4db4-ac3f-85a7f822bcbf,2026-07-31T07:15:00Z,2026-07-31T09:15:00+0200,97.01,EUR/MWh,DK1,DK_1,imbalance_price,Long,2026-08-23T05:51:55Z
2026-08-23T05:46:44Z,2026-08-23T07:46:44+0200,442f0342-0040-4db4-ac3f-85a7f822bcbf,2026-07-31T07:15:00Z,2026-07-31T09:15:00+0200,97.01,EUR/MWh,DK1,DK_1,imbalance_price,Short,2026-08-23T05:51:55Z
2026-08-23T05:46:44Z,2026-08-23T07:46:44+0200,442f0342-0040-4db4-ac3f-85a7f822bcbf,2026-07-31T07:30:00Z,2026-07-31T09:30:00+0200,119.64,EUR/MWh,DK1,DK_1,imbalance_price,Long,2026-08-23T05:51:55Z
2026-08-23T05:46:44Z,2026-08-23T07:46:44+0200,442f0342-0040-4db4-ac3f-85a7f822bcbf,2026-07-31T07:30:00Z,2026-07-31T09:30:00+0200,119.64,EUR/MWh,DK1,DK_1,imbalance_price,Short,2026-08-23T05:51:55Z
2026-08-23T05:46:44Z,2026-08-23T07:46:44+0200,442f0342-0040-4db4-ac3f-85a7f822bcbf,2026-07-31T07:45:00Z,2026-07-31T09:45:00+0200,97.01,EUR/MWh,DK1,DK_1,imbalance_price,Long,2026-08-23T05:51:55Z
2026-08-23T05:46:44Z,2026-08-23T07:46:44+0200,442f0342-0040-4db4-ac3f-85a7f822bcbf,2026-07-31T07:45:00Z,2026-07-31T09:45:00+0200,97.01,EUR/MWh,DK1,DK_1,imbalance_price,Short,2026-08-23T05:51:55Z
2026-08-23T05:46:44Z,2026-08-23T07:46:44+0200,442f0342-0040-4db4-ac3f-85a7f822bcbf,2026-07-31T08:00:00Z,2026-07-31T10:00:00+0200,83.81,EUR/MWh,DK1,DK_1,imbalance_price,Long,2026-08-23T05:51:55Z
2026-08-23T05:46:44Z,2026-08-23T07:46:44+0200,442f0342-0040-4db4-ac3f-85a7f822bcbf,2026-07-31T08:00:00Z,2026-07-31T10:00:00+0200,83.81,EUR/MWh,DK1,DK_1,imbalance_price,Short,2026-08-23T05:51:55Z
2026-08-23T05:46:44Z,2026-08-23T07:46:44+0200,442f0342-0040-4db4-ac3f-85a7f822bcbf,2026-07-31T08:15:00Z,2026-07-31T10:15:00+0200,62.4,EUR/MWh,DK1,DK_1,imbalance_price,Long,2026-08-23T05:51:55Z
2026-08-23T05:46:44Z,2026-08-23T07:46:44+0200,442f0342-0040-4db4-ac3f-85a7f822bcbf,2026-07-31T08:15:00Z,2026-07-31T10:15:00+0200,62.4,EUR/MWh,DK1,DK_1,imbalance_price,Short,2026-08-23T05:51:55Z
2026-08-23T05:46:44Z,2026-08-23T07:46:44+0200,442f0342-0040-4db4-ac3f-85a7f822bcbf,2026-07-31T08:30:00Z,2026-07-31T10:30:00+0200,97.01,EUR/MWh,DK1,DK_1,imbalance_price,Long,2026-08-23T05:51:55Z
2026-08-23T05:46:44Z,2026-08-23T07:46:44+0200,442f0342-0040-4db4-ac3f-85a7f822bcbf,2026-07-31T08:30:00Z,2026-07-31T10:30:00+0200,97.01,EUR/MWh,DK1,DK_1,imbalance_price,Short,2026-08-23T05:51:55Z
2026-08-23T05:46:44Z,2026-08-23T07:46:44+0200,442f0342-0040-4db4-ac3f-85a7f822bcbf,2026-07-31T08:45:00Z,2026-07-31T10:45:00+0200,16.72,EUR/MWh,DK1,DK_1,imbalance_price,Long,2026-08-23T05:51:55Z
2026-08-23T05:46:44Z,2026-08-23T07:46:44+0200,442f0342-0040-4db4-ac3f-85a7f822bcbf,2026-07-31T08:45:00Z,2026-07-31T10:45:00+0200,16.72,EUR/MWh,DK1,DK_1,imbalance_price,Short,2026-08-23T05:51:55Z
2026-08-23T05:46:44Z,2026-08-23T07:46:44+0200,442f0342-0040-4db4-ac3f-85a7f822bcbf,2026-07-31T09:00:00Z,2026-07-31T11:00:00+0200,0.0,EUR/MWh,DK1,DK_1,imbalance_price,Long,2026-08-23T05:51:55Z
2026-08-23T05:46:44Z,2026-08-23T07:46:44+0200,442f0342-0040-4db4-ac3f-85a7f822bcbf,2026-07-31T09:00:00Z,2026-07-31T11:00:00+0200,0.0,EUR/MWh,DK1,DK_1,imbalance_price,Short,2026-08-23T05:51:55Z
2026-08-23T05:46:44Z,2026-08-23T07:46:44+0200,442f0342-0040-4db4-ac3f-85a7f822bcbf,2026-07-31T09:15:00Z,2026-07-31T11:15:00+0200,2.06,EUR/MWh,DK1,DK_1,imbalance_price,Long,2026-08-23T05:51:55Z
2026-08-23T05:46:44Z,2026-08-23T07:46:44+0200,442f0342-0040-4db4-ac3f-85a7f822bcbf,2026-07-31T09:15:00Z,2026-07-31T11:15:00+0200,2.06,EUR/MWh,DK1,DK_1,imbalance_price,Short,2026-08-23T05:51:55Z
2026-08-23T05:46:44Z,2026-08-23T07:46:44+0200,442f0342-0040-4db4-ac3f-85a7f822bcbf,2026-07-31T09:30:00Z,2026-07-31T11:30:00+0200,4.01,EUR/MWh,DK1,DK_1,imbalance_price,Long,2026-08-23T05:51:55Z
2026-08-23T05:46:44Z,2026-08-23T07:46:44+0200,442f0342-0040-4db4-ac3f-85a7f822bcbf,2026-07-31T09:30:00Z,2026-07-31T11:30:00+0200,4.01,EUR/MWh,DK1,DK_1,imbalance_price,Short,2026-08-23T05:51:55Z
2026-08-23T05:46:44Z,2026-08-23T07:46:44+0200,442f0342-0040-4db4-ac3f-85a7f822bcbf,2026-07-31T09:45:00Z,2026-07-31T11:45:00+0200,2.47,EUR/MWh,DK1,DK_1,imbalance_price,Long,2026-08-23T05:51:55Z
2026-08-23T05:46:44Z,2026-08-23T07:46:44+0200,442f0342-0040-4db4-ac3f-85a7f822bcbf,2026-07-31T09:45:00Z,2026-07-31T11:45:00+0200,2.47,EUR/MWh,DK1,DK_1,imbalance_price,Short,2026-08-23T05:51:55Z
2026-08-23T05:46:44Z,2026-08-23T07:46:44+0200,442f0342-0040-4db4-ac3f-85a7f822bcbf,2026-07-31T10:00:00Z,2026-07-31T12:00:00+0200,8.0,EUR/MWh,DK1,DK_1,imbalance_price,Long,2026-08-23T05:51:55Z
2026-08-23T05:46:44Z,2026-08-23T07:46:44+0200,442f0342-0040-4db4-ac3f-85a7f822bcbf,2026-07-31T10:00:00Z,2026-07-31T12:00:00+0200,8.0,EUR/MWh,DK1,DK_1,imbalance_price,Short,2026-08-23T05:51:55Z
2026-08-23T05:46:44Z,2026-08-23T07:46:44+0200,442f0342-0040-4db4-ac3f-85a7f822bcbf,2026-07-31T10:15:00Z,2026-07-31T12:15:00+0200,8.0,EUR/MWh,DK1,DK_1,imbalance_price,Long,2026-08-23T05:51:55Z
2026-08-23T05:46:44Z,2026-08-23T07:46:44+0200,442f0342-0040-4db4-ac3f-85a7f822bcbf,2026-07-31T10:15:00Z,2026-07-31T12:15:00+0200,8.0,EUR/MWh,DK1,DK_1,imbalance_price,Short,2026-08-23T05:51:55Z
2026-08-23T05:46:44Z,2026-08-23T07:46:44+0200,442f0342-0040-4db4-ac3f-85a7f822bcbf,2026-07-31T10:30:00Z,2026-07-31T12:30:00+0200,17.68,EUR/MWh,DK1,DK_1,imbalance_price,Long,2026-08-23T05:51:55Z
2026-08-23T05:46:44Z,2026-08-23T07:46:44+0200,442f0342-0040-4db4-ac3f-85a7f822bcbf,2026-07-31T10:30:00Z,2026-07-31T12:30:00+0200,17.68,EUR/MWh,DK1,DK_1,imbalance_price,Short,2026-08-23T05:51:55Z
2026-08-23T05:46:44Z,2026-08-23T07:46:44+0200,442f0342-0040-4db4-ac3f-85a7f822bcbf,2026-07-31T10:45:00Z,2026-07-31T12:45:00+0200,2.64,EUR/MWh,DK1,DK_1,imbalance_price,Long,2026-08-23T05:51:55Z
2026-08-23T05:46:44Z,2026-08-23T07:46:44+0200,442f0342-0040-4db4-ac3f-85a7f822bcbf,2026-07-31T10:45:00Z,2026-07-31T12:45:00+0200,2.64,EUR/MWh,DK1,DK_1,imbalance_price,Short,2026-08-23T05:51:55Z
2026-08-23T05:46:44Z,2026-08-23T07:46:44+0200,442f0342-0040-4db4-ac3f-85a7f822bcbf,2026-07-31T11:00:00Z,2026-07-31T13:00:00+0200,6.02,EUR/MWh,DK1,DK_1,imbalance_price,Long,2026-08-23T05:51:55Z
2026-08-23T05:46:44Z,2026-08-23T07:46:44+0200,442f0342-0040-4db4-ac3f-85a7f822bcbf,2026-07-31T11:00:00Z,2026-07-31T13:00:00+0200,6.02,EUR/MWh,DK1,DK_1,imbalance_price,Short,2026-08-23T05:51:55Z
2026-08-23T05:46:44Z,2026-08-23T07:46:44+0200,442f0342-0040-4db4-ac3f-85a7f822bcbf,2026-07-31T11:15:00Z,2026-07-31T13:15:00+0200,2.67,EUR/MWh,DK1,DK_1,imbalance_price,Long,2026-08-23T05:51:55Z
2026-08-23T05:46:44Z,2026-08-23T07:46:44+0200,442f0342-0040-4db4-ac3f-85a7f822bcbf,2026-07-31T11:15:00Z,2026-07-31T13:15:00+0200,2.67,EUR/MWh,DK1,DK_1,imbalance_price,Short,2026-08-23T05:51:55Z
2026-08-23T05:46:44Z,2026-08-23T07:46:44+0200,442f0342-0040-4db4-ac3f-85a7f822bcbf,2026-07-31T11:30:00Z,2026-07-31T13:30:00+0200,1.0,EUR/MWh,DK1,DK_1,imbalance_price,Long,2026-08-23T05:51:55Z
2026-08-23T05:46:44Z,2026-08-23T07:46:44+0200,442f0342-0040-4db4-ac3f-85a7f822bcbf,2026-07-31T11:30:00Z,2026-07-31T13:30:00+0200,1.0,EUR/MWh,DK1,DK_1,imbalance_price,Short,2026-08-23T05:51:55Z
2026-08-23T05:46:44Z,2026-08-23T07:46:44+0200,442f0342-0040-4db4-ac3f-85a7f822bcbf,2026-07-31T11:45:00Z,2026-07-31T13:45:00+0200,0.0,EUR/MWh,DK1,DK_1,imbalance_price,Long,2026-08-23T05:51:55Z
2026-08-23T05:46:44Z,2026-08-23T07:46:44+0200,442f0342-0040-4db4-ac3f-85a7f822bcbf,2026-07-31T11:45:00Z,2026-07-31T13:45:00+0200,0.0,EUR/MWh,DK1,DK_1,imbalance_price,Short,2026-08-23T05:51:55Z
2026-08-23T05:46:44Z,2026-08-23T07:46:44+0200,442f0342-0040-4db4-ac3f-85a7f822bcbf,2026-07-31T12:00:00Z,2026-07-31T14:00:00+0200,11.37,EUR/MWh,DK1,DK_1,imbalance_price,Long,2026-08-23T05:51:55Z
2026-08-23T05:46:44Z,2026-08-23T07:46:44+0200,442f0342-0040-4db4-ac3f-85a7f822bcbf,2026-07-31T12:00:00Z,2026-07-31T14:00:00+0200,11.37,EUR/MWh,DK1,DK_1,imbalance_price,Short,2026-08-23T05:51:55Z
2026-08-23T05:46:44Z,2026-08-23T07:46:44+0200,442f0342-0040-4db4-ac3f-85a7f822bcbf,2026-07-31T12:15:00Z,2026-07-31T14:15:00+0200,28.58,EUR/MWh,DK1,DK_1,imbalance_price,Long,2026-08-23T05:51:55Z
2026-08-23T05:46:44Z,2026-08-23T07:46:44+0200,442f0342-0040-4db4-ac3f-85a7f822bcbf,2026-07-31T12:15:00Z,2026-07-31T14:15:00+0200,28.58,EUR/MWh,DK1,DK_1,imbalance_price,Short,2026-08-23T05:51:55Z
2026-08-23T05:46:44Z,2026-08-23T07:46:44+0200,442f0342-0040-4db4-ac3f-85a7f822bcbf,2026-07-31T12:30:00Z,2026-07-31T14:30:00+0200,36.68,EUR/MWh,DK1,DK_1,imbalance_price,Long,2026-08-23T05:51:55Z
2026-08-23T05:46:44Z,2026-08-23T07:46:44+0200,442f0342-0040-4db4-ac3f-85a7f822bcbf,2026-07-31T12:30:00Z,2026-07-31T14:30:00+0200,36.68,EUR/MWh,DK1,DK_1,imbalance_price,Short,2026-08-23T05:51:55Z
2026-08-23T05:46:44Z,2026-08-23T07:46:44+0200,442f0342-0040-4db4-ac3f-85a7f822bcbf,2026-07-31T12:45:00Z,2026-07-31T14:45:00+0200,36.68,EUR/MWh,DK1,DK_1,imbalance_price,Long,2026-08-23T05:51:55Z
2026-08-23T05:46:44Z,2026-08-23T07:46:44+0200,442f0342-0040-4db4-ac3f-85a7f822bcbf,2026-07-31T12:45:00Z,2026-07-31T14:45:00+0200,36.68,EUR/MWh,DK1,DK_1,imbalance_price,Short,2026-08-23T05:51:55Z
2026-08-23T05:46:44Z,2026-08-23T07:46:44+0200,442f0342-0040-4db4-ac3f-85a7f822bcbf,2026-07-31T13:00:00Z,2026-07-31T15:00:00+0200,152.32,EUR/MWh,DK1,DK_1,imbalance_price,Long,2026-08-23T05:51:55Z
2026-08-23T05:46:44Z,2026-08-23T07:46:44+0200,442f0342-0040-4db4-ac3f-85a7f822bcbf,2026-07-31T13:00:00Z,2026-07-31T15:00:00+0200,152.32,EUR/MWh,DK1,DK_1,imbalance_price,Short,2026-08-23T05:51:55Z
2026-08-23T05:46:44Z,2026-08-23T07:46:44+0200,442f0342-0040-4db4-ac3f-85a7f822bcbf,2026-07-31T13:15:00Z,2026-07-31T15:15:00+0200,175.92,EUR/MWh,DK1,DK_1,imbalance_price,Long,2026-08-23T05:51:55Z
2026-08-23T05:46:44Z,2026-08-23T07:46:44+0200,442f0342-0040-4db4-ac3f-85a7f822bcbf,2026-07-31T13:15:00Z,2026-07-31T15:15:00+0200,175.92,EUR/MWh,DK1,DK_1,imbalance_price,Short,2026-08-23T05:51:55Z
2026-08-23T05:46:44Z,2026-08-23T07:46:44+0200,442f0342-0040-4db4-ac3f-85a7f822bcbf,2026-07-31T13:30:00Z,2026-07-31T15:30:00+0200,174.5,EUR/MWh,DK1,DK_1,imbalance_price,Long,2026-08-23T05:51:55Z
2026-08-23T05:46:44Z,2026-08-23T07:46:44+0200,442f0342-0040-4db4-ac3f-85a7f822bcbf,2026-07-31T13:30:00Z,2026-07-31T15:30:00+0200,174.5,EUR/MWh,DK1,DK_1,imbalance_price,Short,2026-08-23T05:51:55Z
2026-08-23T05:46:44Z,2026-08-23T07:46:44+0200,442f0342-0040-4db4-ac3f-85a7f822bcbf,2026-07-31T13:45:00Z,2026-07-31T15:45:00+0200,167.91,EUR/MWh,DK1,DK_1,imbalance_price,Long,2026-08-23T05:51:55Z
2026-08-23T05:46:44Z,2026-08-23T07:46:44+0200,442f0342-0040-4db4-ac3f-85a7f822bcbf,2026-07-31T13:45:00Z,2026-07-31T15:45:00+0200,167.91,EUR/MWh,DK1,DK_1,imbalance_price,Short,2026-08-23T05:51:55Z
2026-08-23T05:46:44Z,2026-08-23T07:46:44+0200,442f0342-0040-4db4-ac3f-85a7f822bcbf,2026-07-31T14:00:00Z,2026-07-31T16:00:00+0200,81.07,EUR/MWh,DK1,DK_1,imbalance_price,Long,2026-08-23T05:51:55Z
2026-08-23T05:46:44Z,2026-08-23T07:46:44+0200,442f0342-0040-4db4-ac3f-85a7f822bcbf,2026-07-31T14:00:00Z,2026-07-31T16:00:00+0200,81.07,EUR/MWh,DK1,DK_1,imbalance_price,Short,2026-08-23T05:51:55Z
2026-08-23T05:46:44Z,2026-08-23T07:46:44+0200,442f0342-0040-4db4-ac3f-85a7f822bcbf,2026-07-31T14:15:00Z,2026-07-31T16:15:00+0200,81.07,EUR/MWh,DK1,DK_1,imbalance_price,Long,2026-08-23T05:51:55Z
2026-08-23T05:46:44Z,2026-08-23T07:46:44+0200,442f0342-0040-4db4-ac3f-85a7f822bcbf,2026-07-31T14:15:00Z,2026-07-31T16:15:00+0200,81.07,EUR/MWh,DK1,DK_1,imbalance_price,Short,2026-08-23T05:51:55Z
2026-08-23T05:46:44Z,2026-08-23T07:46:44+0200,442f0342-0040-4db4-ac3f-85a7f822bcbf,2026-07-31T14:30:00Z,2026-07-31T16:30:00+0200,70.92,EUR/MWh,DK1,DK_1,imbalance_price,Long,2026-08-23T05:51:55Z
2026-08-23T05:46:44Z,2026-08-23T07:46:44+0200,442f0342-0040-4db4-ac3f-85a7f822bcbf,2026-07-31T14:30:00Z,2026-07-31T16:30:00+0200,70.92,EUR/MWh,DK1,DK_1,imbalance_price,Short,2026-08-23T05:51:55Z
2026-08-23T05:46:44Z,2026-08-23T07:46:44+0200,442f0342-0040-4db4-ac3f-85a7f822bcbf,2026-07-31T14:45:00Z,2026-07-31T16:45:00+0200,118.72,EUR/MWh,DK1,DK_1,imbalance_price,Long,2026-08-23T05:51:55Z
2026-08-23T05:46:44Z,2026-08-23T07:46:44+0200,442f0342-0040-4db4-ac3f-85a7f822bcbf,2026-07-31T14:45:00Z,2026-07-31T16:45:00+0200,118.72,EUR/MWh,DK1,DK_1,imbalance_price,Short,2026-08-23T05:51:55Z
2026-08-23T05:46:44Z,2026-08-23T07:46:44+0200,442f0342-0040-4db4-ac3f-85a7f822bcbf,2026-07-31T15:00:00Z,2026-07-31T17:00:00+0200,428.1,EUR/MWh,DK1,DK_1,imbalance_price,Long,2026-08-23T05:51:55Z
2026-08-23T05:46:44Z,2026-08-23T07:46:44+0200,442f0342-0040-4db4-ac3f-85a7f822bcbf,2026-07-31T15:00:00Z,2026-07-31T17:00:00+0200,428.1,EUR/MWh,DK1,DK_1,imbalance_price,Short,2026-08-23T05:51:55Z
2026-08-23T05:46:44Z,2026-08-23T07:46:44+0200,442f0342-0040-4db4-ac3f-85a7f822bcbf,2026-07-31T15:15:00Z,2026-07-31T17:15:00+0200,401.4,EUR/MWh,DK1,DK_1,imbalance_price,Long,2026-08-23T05:51:55Z
2026-08-23T05:46:44Z,2026-08-23T07:46:44+0200,442f0342-0040-4db4-ac3f-85a7f822bcbf,2026-07-31T15:15:00Z,2026-07-31T17:15:00+0200,401.4,EUR/MWh,DK1,DK_1,imbalance_price,Short,2026-08-23T05:51:55Z
2026-08-23T05:46:44Z,2026-08-23T07:46:44+0200,442f0342-0040-4db4-ac3f-85a7f822bcbf,2026-07-31T15:30:00Z,2026-07-31T17:30:00+0200,230.78,EUR/MWh,DK1,DK_1,imbalance_price,Long,2026-08-23T05:51:55Z
2026-08-23T05:46:44Z,2026-08-23T07:46:44+0200,442f0342-0040-4db4-ac3f-85a7f822bcbf,2026-07-31T15:30:00Z,2026-07-31T17:30:00+0200,230.78,EUR/MWh,DK1,DK_1,imbalance_price,Short,2026-08-23T05:51:55Z
2026-08-23T05:46:44Z,2026-08-23T07:46:44+0200,442f0342-0040-4db4-ac3f-85a7f822bcbf,2026-07-31T15:45:00Z,2026-07-31T17:45:00+0200,204.5,EUR/MWh,DK1,DK_1,imbalance_price,Long,2026-08-23T05:51:55Z
2026-08-23T05:46:44Z,2026-08-23T07:46:44+0200,442f0342-0040-4db4-ac3f-85a7f822bcbf,2026-07-31T15:45:00Z,2026-07-31T17:45:00+0200,204.5,EUR/MWh,DK1,DK_1,imbalance_price,Short,2026-08-23T05:51:55Z
2026-08-23T05:46:44Z,2026-08-23T07:46:44+0200,442f0342-0040-4db4-ac3f-85a7f822bcbf,2026-07-31T16:00:00Z,2026-07-31T18:00:00+0200,129.1,EUR/MWh,DK1,DK_1,imbalance_price,Long,2026-08-23T05:51:55Z
2026-08-23T05:46:44Z,2026-08-23T07:46:44+0200,442f0342-0040-4db4-ac3f-85a7f822bcbf,2026-07-31T16:00:00Z,2026-07-31T18:00:00+0200,129.1,EUR/MWh,DK1,DK_1,imbalance_price,Short,2026-08-23T05:51:55Z
2026-08-23T05:46:44Z,2026-08-23T07:46:44+0200,442f0342-0040-4db4-ac3f-85a7f822bcbf,2026-07-31T16:15:00Z,2026-07-31T18:15:00+0200,105.92,EUR/MWh,DK1,DK_1,imbalance_price,Long,2026-08-23T05:51:55Z
2026-08-23T05:46:44Z,2026-08-23T07:46:44+0200,442f0342-0040-4db4-ac3f-85a7f822bcbf,2026-07-31T16:15:00Z,2026-07-31T18:15:00+0200,105.92,EUR/MWh,DK1,DK_1,imbalance_price,Short,2026-08-23T05:51:55Z
2026-08-23T05:46:44Z,2026-08-23T07:46:44+0200,442f0342-0040-4db4-ac3f-85a7f822bcbf,2026-07-31T16:30:00Z,2026-07-31T18:30:00+0200,115.46,EUR/MWh,DK1,DK_1,imbalance_price,Long,2026-08-23T05:51:55Z
2026-08-23T05:46:44Z,2026-08-23T07:46:44+0200,442f0342-0040-4db4-ac3f-85a7f822bcbf,2026-07-31T16:30:00Z,2026-07-31T18:30:00+0200,115.46,EUR/MWh,DK1,DK_1,imbalance_price,Short,2026-08-23T05:51:55Z
2026-08-23T05:46:44Z,2026-08-23T07:46:44+0200,442f0342-0040-4db4-ac3f-85a7f822bcbf,2026-07-31T16:45:00Z,2026-07-31T18:45:00+0200,93.69,EUR/MWh,DK1,DK_1,imbalance_price,Long,2026-08-23T05:51:55Z
2026-08-23T05:46:44Z,2026-08-23T07:46:44+0200,442f0342-0040-4db4-ac3f-85a7f822bcbf,2026-07-31T16:45:00Z,2026-07-31T18:45:00+0200,93.69,EUR/MWh,DK1,DK_1,imbalance_price,Short,2026-08-23T05:51:55Z
2026-08-23T05:46:44Z,2026-08-23T07:46:44+0200,442f0342-0040-4db4-ac3f-85a7f822bcbf,2026-07-31T17:00:00Z,2026-07-31T19:00:00+0200,107.02,EUR/MWh,DK1,DK_1,imbalance_price,Long,2026-08-23T05:51:55Z
2026-08-23T05:46:44Z,2026-08-23T07:46:44+0200,442f0342-0040-4db4-ac3f-85a7f822bcbf,2026-07-31T17:00:00Z,2026-07-31T19:00:00+0200,107.02,EUR/MWh,DK1,DK_1,imbalance_price,Short,2026-08-23T05:51:55Z
2026-08-23T05:46:44Z,2026-08-23T07:46:44+0200,442f0342-0040-4db4-ac3f-85a7f822bcbf,2026-07-31T17:15:00Z,2026-07-31T19:15:00+0200,77.4,EUR/MWh,DK1,DK_1,imbalance_price,Long,2026-08-23T05:51:55Z
2026-08-23T05:46:44Z,2026-08-23T07:46:44+0200,442f0342-0040-4db4-ac3f-85a7f822bcbf,2026-07-31T17:15:00Z,2026-07-31T19:15:00+0200,77.4,EUR/MWh,DK1,DK_1,imbalance_price,Short,2026-08-23T05:51:55Z
2026-08-23T05:46:44Z,2026-08-23T07:46:44+0200,442f0342-0040-4db4-ac3f-85a7f822bcbf,2026-07-31T17:30:00Z,2026-07-31T19:30:00+0200,93.94,EUR/MWh,DK1,DK_1,imbalance_price,Long,2026-08-23T05:51:55Z
2026-08-23T05:46:44Z,2026-08-23T07:46:44+0200,442f0342-0040-4db4-ac3f-85a7f822bcbf,2026-07-31T17:30:00Z,2026-07-31T19:30:00+0200,93.94,EUR/MWh,DK1,DK_1,imbalance_price,Short,2026-08-23T05:51:55Z
2026-08-23T05:46:44Z,2026-08-23T07:46:44+0200,442f0342-0040-4db4-ac3f-85a7f822bcbf,2026-07-31T17:45:00Z,2026-07-31T19:45:00+0200,98.83,EUR/MWh,DK1,DK_1,imbalance_price,Long,2026-08-23T05:51:55Z
2026-08-23T05:46:44Z,2026-08-23T07:46:44+0200,442f0342-0040-4db4-ac3f-85a7f822bcbf,2026-07-31T17:45:00Z,2026-07-31T19:45:00+0200,98.83,EUR/MWh,DK1,DK_1,imbalance_price,Short,2026-08-23T05:51:55Z
2026-08-23T05:46:44Z,2026-08-23T07:46:44+0200,442f0342-0040-4db4-ac3f-85a7f822bcbf,2026-07-31T18:00:00Z,2026-07-31T20:00:00+0200,187.7,EUR/MWh,DK1,DK_1,imbalance_price,Long,2026-08-23T05:51:55Z
2026-08-23T05:46:44Z,2026-08-23T07:46:44+0200,442f0342-0040-4db4-ac3f-85a7f822bcbf,2026-07-31T18:00:00Z,2026-07-31T20:00:00+0200,187.7,EUR/MWh,DK1,DK_1,imbalance_price,Short,2026-08-23T05:51:55Z
2026-08-23T05:46:44Z,2026-08-23T07:46:44+0200,442f0342-0040-4db4-ac3f-85a7f822bcbf,2026-07-31T18:15:00Z,2026-07-31T20:15:00+0200,214.4,EUR/MWh,DK1,DK_1,imbalance_price,Long,2026-08-23T05:51:55Z
2026-08-23T05:46:44Z,2026-08-23T07:46:44+0200,442f0342-0040-4db4-ac3f-85a7f822bcbf,2026-07-31T18:15:00Z,2026-07-31T20:15:00+0200,214.4,EUR/MWh,DK1,DK_1,imbalance_price,Short,2026-08-23T05:51:55Z
2026-08-23T05:46:44Z,2026-08-23T07:46:44+0200,442f0342-0040-4db4-ac3f-85a7f822bcbf,2026-07-31T18:30:00Z,2026-07-31T20:30:00+0200,197.99,EUR/MWh,DK1,DK_1,imbalance_price,Long,2026-08-23T05:51:55Z
2026-08-23T05:46:44Z,2026-08-23T07:46:44+0200,442f0342-0040-4db4-ac3f-85a7f822bcbf,2026-07-31T18:30:00Z,2026-07-31T20:30:00+0200,197.99,EUR/MWh,DK1,DK_1,imbalance_price,Short,2026-08-23T05:51:55Z
2026-08-23T05:46:44Z,2026-08-23T07:46:44+0200,442f0342-0040-4db4-ac3f-85a7f822bcbf,2026-07-31T18:45:00Z,2026-07-31T20:45:00+0200,347.83,EUR/MWh,DK1,DK_1,imbalance_price,Long,2026-08-23T05:51:55Z
2026-08-23T05:46:44Z,2026-08-23T07:46:44+0200,442f0342-0040-4db4-ac3f-85a7f822bcbf,2026-07-31T18:45:00Z,2026-07-31T20:45:00+0200,347.83,EUR/MWh,DK1,DK_1,imbalance_price,Short,2026-08-23T05:51:55Z
2026-08-23T05:46:44Z,2026-08-23T07:46:44+0200,442f0342-0040-4db4-ac3f-85a7f822bcbf,2026-07-31T19:00:00Z,2026-07-31T21:00:00+0200,334.45,EUR/MWh,DK1,DK_1,imbalance_price,Long,2026-08-23T05:51:55Z
2026-08-23T05:46:44Z,2026-08-23T07:46:44+0200,442f0342-0040-4db4-ac3f-85a7f822bcbf,2026-07-31T19:00:00Z,2026-07-31T21:00:00+0200,334.45,EUR/MWh,DK1,DK_1,imbalance_price,Short,2026-08-23T05:51:55Z
2026-08-23T05:46:44Z,2026-08-23T07:46:44+0200,442f0342-0040-4db4-ac3f-85a7f822bcbf,2026-07-31T19:15:00Z,2026-07-31T21:15:00+0200,374.59,EUR/MWh,DK1,DK_1,imbalance_price,Long,2026-08-23T05:51:55Z
2026-08-23T05:46:44Z,2026-08-23T07:46:44+0200,442f0342-0040-4db4-ac3f-85a7f822bcbf,2026-07-31T19:15:00Z,2026-07-31T21:15:00+0200,374.59,EUR/MWh,DK1,DK_1,imbalance_price,Short,2026-08-23T05:51:55Z
2026-08-23T05:46:44Z,2026-08-23T07:46:44+0200,442f0342-0040-4db4-ac3f-85a7f822bcbf,2026-07-31T19:30:00Z,2026-07-31T21:30:00+0200,334.32,EUR/MWh,DK1,DK_1,imbalance_price,Long,2026-08-23T05:51:55Z
2026-08-23T05:46:44Z,2026-08-23T07:46:44+0200,442f0342-0040-4db4-ac3f-85a7f822bcbf,2026-07-31T19:30:00Z,2026-07-31T21:30:00+0200,334.32,EUR/MWh,DK1,DK_1,imbalance_price,Short,2026-08-23T05:51:55Z
2026-08-23T05:46:44Z,2026-08-23T07:46:44+0200,442f0342-0040-4db4-ac3f-85a7f822bcbf,2026-07-31T19:45:00Z,2026-07-31T21:45:00+0200,205.36,EUR/MWh,DK1,DK_1,imbalance_price,Long,2026-08-23T05:51:55Z
2026-08-23T05:46:44Z,2026-08-23T07:46:44+0200,442f0342-0040-4db4-ac3f-85a7f822bcbf,2026-07-31T19:45:00Z,2026-07-31T21:45:00+0200,205.36,EUR/MWh,DK1,DK_1,imbalance_price,Short,2026-08-23T05:51:55Z
2026-08-23T05:46:44Z,2026-08-23T07:46:44+0200,442f0342-0040-4db4-ac3f-85a7f822bcbf,2026-07-31T20:00:00Z,2026-07-31T22:00:00+0200,116.61,EUR/MWh,DK1,DK_1,imbalance_price,Long,2026-08-23T05:51:55Z
2026-08-23T05:46:44Z,2026-08-23T07:46:44+0200,442f0342-0040-4db4-ac3f-85a7f822bcbf,2026-07-31T20:00:00Z,2026-07-31T22:00:00+0200,116.61,EUR/MWh,DK1,DK_1,imbalance_price,Short,2026-08-23T05:51:55Z
2026-08-23T05:46:44Z,2026-08-23T07:46:44+0200,442f0342-0040-4db4-ac3f-85a7f822bcbf,2026-07-31T20:15:00Z,2026-07-31T22:15:00+0200,115.28,EUR/MWh,DK1,DK_1,imbalance_price,Long,2026-08-23T05:51:55Z
2026-08-23T05:46:44Z,2026-08-23T07:46:44+0200,442f0342-0040-4db4-ac3f-85a7f822bcbf,2026-07-31T20:15:00Z,2026-07-31T22:15:00+0200,115.28,EUR/MWh,DK1,DK_1,imbalance_price,Short,2026-08-23T05:51:55Z
2026-08-23T05:46:44Z,2026-08-23T07:46:44+0200,442f0342-0040-4db4-ac3f-85a7f822bcbf,2026-07-31T20:30:00Z,2026-07-31T22:30:00+0200,113.16,EUR/MWh,DK1,DK_1,imbalance_price,Long,2026-08-23T05:51:55Z
2026-08-23T05:46:44Z,2026-08-23T07:46:44+0200,442f0342-0040-4db4-ac3f-85a7f822bcbf,2026-07-31T20:30:00Z,2026-07-31T22:30:00+0200,113.16,EUR/MWh,DK1,DK_1,imbalance_price,Short,2026-08-23T05:51:55Z
2026-08-23T05:46:44Z,2026-08-23T07:46:44+0200,442f0342-0040-4db4-ac3f-85a7f822bcbf,2026-07-31T20:45:00Z,2026-07-31T22:45:00+0200,109.33,EUR/MWh,DK1,DK_1,imbalance_price,Long,2026-08-23T05:51:55Z
2026-08-23T05:46:44Z,2026-08-23T07:46:44+0200,442f0342-0040-4db4-ac3f-85a7f822bcbf,2026-07-31T20:45:00Z,2026-07-31T22:45:00+0200,109.33,EUR/MWh,DK1,DK_1,imbalance_price,Short,2026-08-23T05:51:55Z
2026-08-23T05:46:44Z,2026-08-23T07:46:44+0200,442f0342-0040-4db4-ac3f-85a7f822bcbf,2026-07-31T21:00:00Z,2026-07-31T23:00:00+0200,130.2,EUR/MWh,DK1,DK_1,imbalance_price,Long,2026-08-23T05:51:55Z
2026-08-23T05:46:44Z,2026-08-23T07:46:44+0200,442f0342-0040-4db4-ac3f-85a7f822bcbf,2026-07-31T21:00:00Z,2026-07-31T23:00:00+0200,130.2,EUR/MWh,DK1,DK_1,imbalance_price,Short,2026-08-23T05:51:55Z
2026-08-23T05:46:44Z,2026-08-23T07:46:44+0200,442f0342-0040-4db4-ac3f-85a7f822bcbf,2026-07-31T21:15:00Z,2026-07-31T23:15:00+0200,130.1,EUR/MWh,DK1,DK_1,imbalance_price,Long,2026-08-23T05:51:55Z
2026-08-23T05:46:44Z,2026-08-23T07:46:44+0200,442f0342-0040-4db4-ac3f-85a7f822bcbf,2026-07-31T21:15:00Z,2026-07-31T23:15:00+0200,130.1,EUR/MWh,DK1,DK_1,imbalance_price,Short,2026-08-23T05:51:55Z
2026-08-23T05:46:44Z,2026-08-23T07:46:44+0200,442f0342-0040-4db4-ac3f-85a7f822bcbf,2026-07-31T21:30:00Z,2026-07-31T23:30:00+0200,167.36,EUR/MWh,DK1,DK_1,imbalance_price,Long,2026-08-23T05:51:55Z
2026-08-23T05:46:44Z,2026-08-23T07:46:44+0200,442f0342-0040-4db4-ac3f-85a7f822bcbf,2026-07-31T21:30:00Z,2026-07-31T23:30:00+0200,167.36,EUR/MWh,DK1,DK_1,imbalance_price,Short,2026-08-23T05:51:55Z
2026-08-23T05:46:44Z,2026-08-23T07:46:44+0200,442f0342-0040-4db4-ac3f-85a7f822bcbf,2026-07-31T21:45:00Z,2026-07-31T23:45:00+0200,165.13,EUR/MWh,DK1,DK_1,imbalance_price,Long,2026-08-23T05:51:55Z
2026-08-23T05:46:44Z,2026-08-23T07:46:44+0200,442f0342-0040-4db4-ac3f-85a7f822bcbf,2026-07-31T21:45:00Z,2026-07-31T23:45:00+0200,165.13,EUR/MWh,DK1,DK_1,imbalance_price,Short,2026-08-23T05:51:55Z
2026-08-23T05:46:44Z,2026-08-23T07:46:44+0200,442f0342-0040-4db4-ac3f-85a7f822bcbf,2026-07-31T22:00:00Z,2026-08-01T00:00:00+0200,131.39,EUR/MWh,DK1,DK_1,imbalance_price,Long,2026-08-23T05:51:55Z
2026-08-23T05:46:44Z,2026-08-23T07:46:44+0200,442f0342-0040-4db4-ac3f-85a7f822bcbf,2026-07-31T22:00:00Z,2026-08-01T00:00:00+0200,131.39,EUR/MWh,DK1,DK_1,imbalance_price,Short,2026-08-23T05:51:55Z
2026-08-23T05:46:44Z,2026-08-23T07:46:44+0200,442f0342-0040-4db4-ac3f-85a7f822bcbf,2026-07-31T22:15:00Z,2026-08-01T00:15:00+0200,128.85,EUR/MWh,DK1,DK_1,imbalance_price,Long,2026-08-23T05:51:55Z
2026-08-23T05:46:44Z,2026-08-23T07:46:44+0200,442f0342-0040-4db4-ac3f-85a7f822bcbf,2026-07-31T22:15:00Z,2026-08-01T00:15:00+0200,128.85,EUR/MWh,DK1,DK_1,imbalance_price,Short,2026-08-23T05:51:55Z
2026-08-23T05:46:44Z,2026-08-23T07:46:44+0200,442f0342-0040-4db4-ac3f-85a7f822bcbf,2026-07-31T22:30:00Z,2026-08-01T00:30:00+0200,120.0,EUR/MWh,DK1,DK_1,imbalance_price,Long,2026-08-23T05:51:55Z
2026-08-23T05:46:44Z,2026-08-23T07:46:44+0200,442f0342-0040-4db4-ac3f-85a7f822bcbf,2026-07-31T22:30:00Z,2026-08-01T00:30:00+0200,120.0,EUR/MWh,DK1,DK_1,imbalance_price,Short,2026-08-23T05:51:55Z
2026-08-23T05:46:44Z,2026-08-23T07:46:44+0200,442f0342-0040-4db4-ac3f-85a7f822bcbf,2026-07-31T22:45:00Z,2026-08-01T00:45:00+0200,155.63,EUR/MWh,DK1,DK_1,imbalance_price,Long,2026-08-23T05:51:55Z
2026-08-23T05:46:44Z,2026-08-23T07:46:44+0200,442f0342-0040-4db4-ac3f-85a7f822bcbf,2026-07-31T22:45:00Z,2026-08-01T00:45:00+0200,155.63,EUR/MWh,DK1,DK_1,imbalance_price,Short,2026-08-23T05:51:55Z
2026-08-23T05:46:44Z,2026-08-23T07:46:44+0200,442f0342-0040-4db4-ac3f-85a7f822bcbf,2026-07-31T23:00:00Z,2026-08-01T01:00:00+0200,129.99,EUR/MWh,DK1,DK_1,imbalance_price,Long,2026-08-23T05:51:55Z
2026-08-23T05:46:44Z,2026-08-23T07:46:44+0200,442f0342-0040-4db4-ac3f-85a7f822bcbf,2026-07-31T23:00:00Z,2026-08-01T01:00:00+0200,129.99,EUR/MWh,DK1,DK_1,imbalance_price,Short,2026-08-23T05:51:55Z
2026-08-23T05:46:44Z,2026-08-23T07:46:44+0200,442f0342-0040-4db4-ac3f-85a7f822bcbf,2026-07-31T23:15:00Z,2026-08-01T01:15:00+0200,120.0,EUR/MWh,DK1,DK_1,imbalance_price,Long,2026-08-23T05:51:55Z
2026-08-23T05:46:44Z,2026-08-23T07:46:44+0200,442f0342-0040-4db4-ac3f-85a7f822bcbf,2026-07-31T23:15:00Z,2026-08-01T01:15:00+0200,120.0,EUR/MWh,DK1,DK_1,imbalance_price,Short,2026-08-23T05:51:55Z
2026-08-23T05:46:44Z,2026-08-23T07:46:44+0200,442f0342-0040-4db4-ac3f-85a7f822bcbf,2026-07-31T23:30:00Z,2026-08-01T01:30:00+0200,120.0,EUR/MWh,DK1,DK_1,imbalance_price,Long,2026-08-23T05:51:55Z
2026-08-23T05:46:44Z,2026-08-23T07:46:44+0200,442f0342-0040-4db4-ac3f-85a7f822bcbf,2026-07-31T23:30:00Z,2026-08-01T01:30:00+0200,120.0,EUR/MWh,DK1,DK_1,imbalance_price,Short,2026-08-23T05:51:55Z
2026-08-23T05:46:44Z,2026-08-23T07:46:44+0200,442f0342-0040-4db4-ac3f-85a7f822bcbf,2026-07-31T23:45:00Z,2026-08-01T01:45:00+0200,119.28,EUR/MWh,DK1,DK_1,imbalance_price,Long,2026-08-23T05:51:55Z
2026-08-23T05:46:44Z,2026-08-23T07:46:44+0200,442f0342-0040-4db4-ac3f-85a7f822bcbf,2026-07-31T23:45:00Z,2026-08-01T01:45:00+0200,119.28,EUR/MWh,DK1,DK_1,imbalance_price,Short,2026-08-23T05:51:55Z
2026-08-23T05:46:44Z,2026-08-23T07:46:44+0200,442f0342-0040-4db4-ac3f-85a7f822bcbf,2026-08-01T00:00:00Z,2026-08-01T02:00:00+0200,120.0,EUR/MWh,DK1,DK_1,imbalance_price,Long,2026-08-23T05:51:55Z
2026-08-23T05:46:44Z,2026-08-23T07:46:44+0200,442f0342-0040-4db4-ac3f-85a7f822bcbf,2026-08-01T00:00:00Z,2026-08-01T02:00:00+0200,120.0,EUR/MWh,DK1,DK_1,imbalance_price,Short,2026-08-23T05:51:55Z
2026-08-23T05:46:44Z,2026-08-23T07:46:44+0200,442f0342-0040-4db4-ac3f-85a7f822bcbf,2026-08-01T00:15:00Z,2026-08-01T02:15:00+0200,97.04,EUR/MWh,DK1,DK_1,imbalance_price,Long,2026-08-23T05:51:55Z
2026-08-23T05:46:44Z,2026-08-23T07:46:44+0200,442f0342-0040-4db4-ac3f-85a7f822bcbf,2026-08-01T00:15:00Z,2026-08-01T02:15:00+0200,97.04,EUR/MWh,DK1,DK_1,imbalance_price,Short,2026-08-23T05:51:55Z
2026-08-23T05:46:44Z,2026-08-23T07:46:44+0200,442f0342-0040-4db4-ac3f-85a7f822bcbf,2026-08-01T00:30:00Z,2026-08-01T02:30:00+0200,97.04,EUR/MWh,DK1,DK_1,imbalance_price,Long,2026-08-23T05:51:55Z
2026-08-23T05:46:44Z,2026-08-23T07:46:44+0200,442f0342-0040-4db4-ac3f-85a7f822bcbf,2026-08-01T00:30:00Z,2026-08-01T02:30:00+0200,97.04,EUR/MWh,DK1,DK_1,imbalance_price,Short,2026-08-23T05:51:55Z
2026-08-23T05:46:44Z,2026-08-23T07:46:44+0200,442f0342-0040-4db4-ac3f-85a7f822bcbf,2026-08-01T00:45:00Z,2026-08-01T02:45:00+0200,97.22,EUR/MWh,DK1,DK_1,imbalance_price,Long,2026-08-23T05:51:55Z
2026-08-23T05:46:44Z,2026-08-23T07:46:44+0200,442f0342-0040-4db4-ac3f-85a7f822bcbf,2026-08-01T00:45:00Z,2026-08-01T02:45:00+0200,97.22,EUR/MWh,DK1,DK_1,imbalance_price,Short,2026-08-23T05:51:55Z
2026-08-23T05:46:44Z,2026-08-23T07:46:44+0200,442f0342-0040-4db4-ac3f-85a7f822bcbf,2026-08-01T01:00:00Z,2026-08-01T03:00:00+0200,97.21,EUR/MWh,DK1,DK_1,imbalance_price,Long,2026-08-23T05:51:55Z
2026-08-23T05:46:44Z,2026-08-23T07:46:44+0200,442f0342-0040-4db4-ac3f-85a7f822bcbf,2026-08-01T01:00:00Z,2026-08-01T03:00:00+0200,97.21,EUR/MWh,DK1,DK_1,imbalance_price,Short,2026-08-23T05:51:55Z
2026-08-23T05:46:44Z,2026-08-23T07:46:44+0200,442f0342-0040-4db4-ac3f-85a7f822bcbf,2026-08-01T01:15:00Z,2026-08-01T03:15:00+0200,126.77,EUR/MWh,DK1,DK_1,imbalance_price,Long,2026-08-23T05:51:55Z
2026-08-23T05:46:44Z,2026-08-23T07:46:44+0200,442f0342-0040-4db4-ac3f-85a7f822bcbf,2026-08-01T01:15:00Z,2026-08-01T03:15:00+0200,126.77,EUR/MWh,DK1,DK_1,imbalance_price,Short,2026-08-23T05:51:55Z
2026-08-23T05:46:44Z,2026-08-23T07:46:44+0200,442f0342-0040-4db4-ac3f-85a7f822bcbf,2026-08-01T01:30:00Z,2026-08-01T03:30:00+0200,126.9,EUR/MWh,DK1,DK_1,imbalance_price,Long,2026-08-23T05:51:55Z
2026-08-23T05:46:44Z,2026-08-23T07:46:44+0200,442f0342-0040-4db4-ac3f-85a7f822bcbf,2026-08-01T01:30:00Z,2026-08-01T03:30:00+0200,126.9,EUR/MWh,DK1,DK_1,imbalance_price,Short,2026-08-23T05:51:55Z
2026-08-23T05:46:44Z,2026-08-23T07:46:44+0200,442f0342-0040-4db4-ac3f-85a7f822bcbf,2026-08-01T01:45:00Z,2026-08-01T03:45:00+0200,109.67,EUR/MWh,DK1,DK_1,imbalance_price,Long,2026-08-23T05:51:55Z
2026-08-23T05:46:44Z,2026-08-23T07:46:44+0200,442f0342-0040-4db4-ac3f-85a7f822bcbf,2026-08-01T01:45:00Z,2026-08-01T03:45:00+0200,109.67,EUR/MWh,DK1,DK_1,imbalance_price,Short,2026-08-23T05:51:55Z
2026-08-23T05:46:44Z,2026-08-23T07:46:44+0200,442f0342-0040-4db4-ac3f-85a7f822bcbf,2026-08-01T02:00:00Z,2026-08-01T04:00:00+0200,97.4,EUR/MWh,DK1,DK_1,imbalance_price,Long,2026-08-23T05:51:55Z
2026-08-23T05:46:44Z,2026-08-23T07:46:44+0200,442f0342-0040-4db4-ac3f-85a7f822bcbf,2026-08-01T02:00:00Z,2026-08-01T04:00:00+0200,97.4,EUR/MWh,DK1,DK_1,imbalance_price,Short,2026-08-23T05:51:55Z
2026-08-23T05:46:44Z,2026-08-23T07:46:44+0200,442f0342-0040-4db4-ac3f-85a7f822bcbf,2026-08-01T02:15:00Z,2026-08-01T04:15:00+0200,98.99,EUR/MWh,DK1,DK_1,imbalance_price,Long,2026-08-23T05:51:55Z
2026-08-23T05:46:44Z,2026-08-23T07:46:44+0200,442f0342-0040-4db4-ac3f-85a7f822bcbf,2026-08-01T02:15:00Z,2026-08-01T04:15:00+0200,98.99,EUR/MWh,DK1,DK_1,imbalance_price,Short,2026-08-23T05:51:55Z
2026-08-23T05:46:44Z,2026-08-23T07:46:44+0200,442f0342-0040-4db4-ac3f-85a7f822bcbf,2026-08-01T02:30:00Z,2026-08-01T04:30:00+0200,97.04,EUR/MWh,DK1,DK_1,imbalance_price,Long,2026-08-23T05:51:55Z
2026-08-23T05:46:44Z,2026-08-23T07:46:44+0200,442f0342-0040-4db4-ac3f-85a7f822bcbf,2026-08-01T02:30:00Z,2026-08-01T04:30:00+0200,97.04,EUR/MWh,DK1,DK_1,imbalance_price,Short,2026-08-23T05:51:55Z
2026-08-23T05:46:44Z,2026-08-23T07:46:44+0200,442f0342-0040-4db4-ac3f-85a7f822bcbf,2026-08-01T02:45:00Z,2026-08-01T04:45:00+0200,97.04,EUR/MWh,DK1,DK_1,imbalance_price,Long,2026-08-23T05:51:55Z
2026-08-23T05:46:44Z,2026-08-23T07:46:44+0200,442f0342-0040-4db4-ac3f-85a7f822bcbf,2026-08-01T02:45:00Z,2026-08-01T04:45:00+0200,97.04,EUR/MWh,DK1,DK_1,imbalance_price,Short,2026-08-23T05:51:55Z
2026-08-23T05:46:44Z,2026-08-23T07:46:44+0200,442f0342-0040-4db4-ac3f-85a7f822bcbf,2026-08-01T03:00:00Z,2026-08-01T05:00:00+0200,126.75,EUR/MWh,DK1,DK_1,imbalance_price,Long,2026-08-23T05:51:55Z
2026-08-23T05:46:44Z,2026-08-23T07:46:44+0200,442f0342-0040-4db4-ac3f-85a7f822bcbf,2026-08-01T03:00:00Z,2026-08-01T05:00:00+0200,126.75,EUR/MWh,DK1,DK_1,imbalance_price,Short,2026-08-23T05:51:55Z
2026-08-23T05:46:44Z,2026-08-23T07:46:44+0200,442f0342-0040-4db4-ac3f-85a7f822bcbf,2026-08-01T03:15:00Z,2026-08-01T05:15:00+0200,108.89,EUR/MWh,DK1,DK_1,imbalance_price,Long,2026-08-23T05:51:55Z
2026-08-23T05:46:44Z,2026-08-23T07:46:44+0200,442f0342-0040-4db4-ac3f-85a7f822bcbf,2026-08-01T03:15:00Z,2026-08-01T05:15:00+0200,108.89,EUR/MWh,DK1,DK_1,imbalance_price,Short,2026-08-23T05:51:55Z
2026-08-23T05:46:44Z,2026-08-23T07:46:44+0200,442f0342-0040-4db4-ac3f-85a7f822bcbf,2026-08-01T03:30:00Z,2026-08-01T05:30:00+0200,107.5,EUR/MWh,DK1,DK_1,imbalance_price,Long,2026-08-23T05:51:55Z
2026-08-23T05:46:44Z,2026-08-23T07:46:44+0200,442f0342-0040-4db4-ac3f-85a7f822bcbf,2026-08-01T03:30:00Z,2026-08-01T05:30:00+0200,107.5,EUR/MWh,DK1,DK_1,imbalance_price,Short,2026-08-23T05:51:55Z
2026-08-23T05:46:44Z,2026-08-23T07:46:44+0200,442f0342-0040-4db4-ac3f-85a7f822bcbf,2026-08-01T03:45:00Z,2026-08-01T05:45:00+0200,156.56,EUR/MWh,DK1,DK_1,imbalance_price,Long,2026-08-23T05:51:55Z
2026-08-23T05:46:44Z,2026-08-23T07:46:44+0200,442f0342-0040-4db4-ac3f-85a7f822bcbf,2026-08-01T03:45:00Z,2026-08-01T05:45:00+0200,156.56,EUR/MWh,DK1,DK_1,imbalance_price,Short,2026-08-23T05:51:55Z
2026-08-23T05:46:44Z,2026-08-23T07:46:44+0200,442f0342-0040-4db4-ac3f-85a7f822bcbf,2026-08-01T04:00:00Z,2026-08-01T06:00:00+0200,159.68,EUR/MWh,DK1,DK_1,imbalance_price,Long,2026-08-23T05:51:55Z
2026-08-23T05:46:44Z,2026-08-23T07:46:44+0200,442f0342-0040-4db4-ac3f-85a7f822bcbf,2026-08-01T04:00:00Z,2026-08-01T06:00:00+0200,159.68,EUR/MWh,DK1,DK_1,imbalance_price,Short,2026-08-23T05:51:55Z
2026-08-23T05:46:44Z,2026-08-23T07:46:44+0200,442f0342-0040-4db4-ac3f-85a7f822bcbf,2026-08-01T04:15:00Z,2026-08-01T06:15:00+0200,111.0,EUR/MWh,DK1,DK_1,imbalance_price,Long,2026-08-23T05:51:55Z
2026-08-23T05:46:44Z,2026-08-23T07:46:44+0200,442f0342-0040-4db4-ac3f-85a7f822bcbf,2026-08-01T04:15:00Z,2026-08-01T06:15:00+0200,111.0,EUR/MWh,DK1,DK_1,imbalance_price,Short,2026-08-23T05:51:55Z
2026-08-23T05:46:44Z,2026-08-23T07:46:44+0200,442f0342-0040-4db4-ac3f-85a7f822bcbf,2026-08-01T04:30:00Z,2026-08-01T06:30:00+0200,107.29,EUR/MWh,DK1,DK_1,imbalance_price,Long,2026-08-23T05:51:55Z
2026-08-23T05:46:44Z,2026-08-23T07:46:44+0200,442f0342-0040-4db4-ac3f-85a7f822bcbf,2026-08-01T04:30:00Z,2026-08-01T06:30:00+0200,107.29,EUR/MWh,DK1,DK_1,imbalance_price,Short,2026-08-23T05:51:55Z
2026-08-23T05:46:44Z,2026-08-23T07:46:44+0200,442f0342-0040-4db4-ac3f-85a7f822bcbf,2026-08-01T04:45:00Z,2026-08-01T06:45:00+0200,267.59,EUR/MWh,DK1,DK_1,imbalance_price,Long,2026-08-23T05:51:55Z
2026-08-23T05:46:44Z,2026-08-23T07:46:44+0200,442f0342-0040-4db4-ac3f-85a7f822bcbf,2026-08-01T04:45:00Z,2026-08-01T06:45:00+0200,267.59,EUR/MWh,DK1,DK_1,imbalance_price,Short,2026-08-23T05:51:55Z
2026-08-23T05:46:44Z,2026-08-23T07:46:44+0200,442f0342-0040-4db4-ac3f-85a7f822bcbf,2026-08-01T05:00:00Z,2026-08-01T07:00:00+0200,332.26,EUR/MWh,DK1,DK_1,imbalance_price,Long,2026-08-23T05:51:55Z
2026-08-23T05:46:44Z,2026-08-23T07:46:44+0200,442f0342-0040-4db4-ac3f-85a7f822bcbf,2026-08-01T05:00:00Z,2026-08-01T07:00:00+0200,332.26,EUR/MWh,DK1,DK_1,imbalance_price,Short,2026-08-23T05:51:55Z
2026-08-23T05:46:44Z,2026-08-23T07:46:44+0200,442f0342-0040-4db4-ac3f-85a7f822bcbf,2026-08-01T05:15:00Z,2026-08-01T07:15:00+0200,334.49,EUR/MWh,DK1,DK_1,imbalance_price,Long,2026-08-23T05:51:55Z
2026-08-23T05:46:44Z,2026-08-23T07:46:44+0200,442f0342-0040-4db4-ac3f-85a7f822bcbf,2026-08-01T05:15:00Z,2026-08-01T07:15:00+0200,334.49,EUR/MWh,DK1,DK_1,imbalance_price,Short,2026-08-23T05:51:55Z
2026-08-23T05:46:44Z,2026-08-23T07:46:44+0200,442f0342-0040-4db4-ac3f-85a7f822bcbf,2026-08-01T05:30:00Z,2026-08-01T07:30:00+0200,267.59,EUR/MWh,DK1,DK_1,imbalance_price,Long,2026-08-23T05:51:55Z
2026-08-23T05:46:44Z,2026-08-23T07:46:44+0200,442f0342-0040-4db4-ac3f-85a7f822bcbf,2026-08-01T05:30:00Z,2026-08-01T07:30:00+0200,267.59,EUR/MWh,DK1,DK_1,imbalance_price,Short,2026-08-23T05:51:55Z
2026-08-23T05:46:44Z,2026-08-23T07:46:44+0200,442f0342-0040-4db4-ac3f-85a7f822bcbf,2026-08-01T05:45:00Z,2026-08-01T07:45:00+0200,134.0,EUR/MWh,DK1,DK_1,imbalance_price,Long,2026-08-23T05:51:55Z
2026-08-23T05:46:44Z,2026-08-23T07:46:44+0200,442f0342-0040-4db4-ac3f-85a7f822bcbf,2026-08-01T05:45:00Z,2026-08-01T07:45:00+0200,134.0,EUR/MWh,DK1,DK_1,imbalance_price,Short,2026-08-23T05:51:55Z
2026-08-23T05:46:44Z,2026-08-23T07:46:44+0200,442f0342-0040-4db4-ac3f-85a7f822bcbf,2026-08-01T06:00:00Z,2026-08-01T08:00:00+0200,107.91,EUR/MWh,DK1,DK_1,imbalance_price,Long,2026-08-23T05:51:55Z
2026-08-23T05:46:44Z,2026-08-23T07:46:44+0200,442f0342-0040-4db4-ac3f-85a7f822bcbf,2026-08-01T06:00:00Z,2026-08-01T08:00:00+0200,107.91,EUR/MWh,DK1,DK_1,imbalance_price,Short,2026-08-23T05:51:55Z
2026-08-23T05:46:44Z,2026-08-23T07:46:44+0200,442f0342-0040-4db4-ac3f-85a7f822bcbf,2026-08-01T06:15:00Z,2026-08-01T08:15:00+0200,143.7,EUR/MWh,DK1,DK_1,imbalance_price,Long,2026-08-23T05:51:55Z
2026-08-23T05:46:44Z,2026-08-23T07:46:44+0200,442f0342-0040-4db4-ac3f-85a7f822bcbf,2026-08-01T06:15:00Z,2026-08-01T08:15:00+0200,143.7,EUR/MWh,DK1,DK_1,imbalance_price,Short,2026-08-23T05:51:55Z
2026-08-23T05:46:44Z,2026-08-23T07:46:44+0200,442f0342-0040-4db4-ac3f-85a7f822bcbf,2026-08-01T06:30:00Z,2026-08-01T08:30:00+0200,173.64,EUR/MWh,DK1,DK_1,imbalance_price,Long,2026-08-23T05:51:55Z
2026-08-23T05:46:44Z,2026-08-23T07:46:44+0200,442f0342-0040-4db4-ac3f-85a7f822bcbf,2026-08-01T06:30:00Z,2026-08-01T08:30:00+0200,173.64,EUR/MWh,DK1,DK_1,imbalance_price,Short,2026-08-23T05:51:55Z
2026-08-23T05:46:44Z,2026-08-23T07:46:44+0200,442f0342-0040-4db4-ac3f-85a7f822bcbf,2026-08-01T06:45:00Z,2026-08-01T08:45:00+0200,212.15,EUR/MWh,DK1,DK_1,imbalance_price,Long,2026-08-23T05:51:55Z
2026-08-23T05:46:44Z,2026-08-23T07:46:44+0200,442f0342-0040-4db4-ac3f-85a7f822bcbf,2026-08-01T06:45:00Z,2026-08-01T08:45:00+0200,212.15,EUR/MWh,DK1,DK_1,imbalance_price,Short,2026-08-23T05:51:55Z
2026-08-23T05:46:44Z,2026-08-23T07:46:44+0200,442f0342-0040-4db4-ac3f-85a7f822bcbf,2026-08-01T07:00:00Z,2026-08-01T09:00:00+0200,192.28,EUR/MWh,DK1,DK_1,imbalance_price,Long,2026-08-23T05:51:55Z
2026-08-23T05:46:44Z,2026-08-23T07:46:44+0200,442f0342-0040-4db4-ac3f-85a7f822bcbf,2026-08-01T07:00:00Z,2026-08-01T09:00:00+0200,192.28,EUR/MWh,DK1,DK_1,imbalance_price,Short,2026-08-23T05:51:55Z
2026-08-23T05:46:44Z,2026-08-23T07:46:44+0200,442f0342-0040-4db4-ac3f-85a7f822bcbf,2026-08-01T07:15:00Z,2026-08-01T09:15:00+0200,151.59,EUR/MWh,DK1,DK_1,imbalance_price,Long,2026-08-23T05:51:55Z
2026-08-23T05:46:44Z,2026-08-23T07:46:44+0200,442f0342-0040-4db4-ac3f-85a7f822bcbf,2026-08-01T07:15:00Z,2026-08-01T09:15:00+0200,151.59,EUR/MWh,DK1,DK_1,imbalance_price,Short,2026-08-23T05:51:55Z
2026-08-23T05:46:44Z,2026-08-23T07:46:44+0200,442f0342-0040-4db4-ac3f-85a7f822bcbf,2026-08-01T07:30:00Z,2026-08-01T09:30:00+0200,117.07,EUR/MWh,DK1,DK_1,imbalance_price,Long,2026-08-23T05:51:55Z
2026-08-23T05:46:44Z,2026-08-23T07:46:44+0200,442f0342-0040-4db4-ac3f-85a7f822bcbf,2026-08-01T07:30:00Z,2026-08-01T09:30:00+0200,117.07,EUR/MWh,DK1,DK_1,imbalance_price,Short,2026-08-23T05:51:55Z
2026-08-23T05:46:44Z,2026-08-23T07:46:44+0200,442f0342-0040-4db4-ac3f-85a7f822bcbf,2026-08-01T07:45:00Z,2026-08-01T09:45:00+0200,136.79,EUR/MWh,DK1,DK_1,imbalance_price,Long,2026-08-23T05:51:55Z
2026-08-23T05:46:44Z,2026-08-23T07:46:44+0200,442f0342-0040-4db4-ac3f-85a7f822bcbf,2026-08-01T07:45:00Z,2026-08-01T09:45:00+0200,136.79,EUR/MWh,DK1,DK_1,imbalance_price,Short,2026-08-23T05:51:55Z
2026-08-23T05:46:44Z,2026-08-23T07:46:44+0200,442f0342-0040-4db4-ac3f-85a7f822bcbf,2026-08-01T08:00:00Z,2026-08-01T10:00:00+0200,60.49,EUR/MWh,DK1,DK_1,imbalance_price,Long,2026-08-23T05:51:55Z
2026-08-23T05:46:44Z,2026-08-23T07:46:44+0200,442f0342-0040-4db4-ac3f-85a7f822bcbf,2026-08-01T08:00:00Z,2026-08-01T10:00:00+0200,60.49,EUR/MWh,DK1,DK_1,imbalance_price,Short,2026-08-23T05:51:55Z
2026-08-23T05:46:44Z,2026-08-23T07:46:44+0200,442f0342-0040-4db4-ac3f-85a7f822bcbf,2026-08-01T08:15:00Z,2026-08-01T10:15:00+0200,90.23,EUR/MWh,DK1,DK_1,imbalance_price,Long,2026-08-23T05:51:55Z
2026-08-23T05:46:44Z,2026-08-23T07:46:44+0200,442f0342-0040-4db4-ac3f-85a7f822bcbf,2026-08-01T08:15:00Z,2026-08-01T10:15:00+0200,90.23,EUR/MWh,DK1,DK_1,imbalance_price,Short,2026-08-23T05:51:55Z
2026-08-23T05:46:44Z,2026-08-23T07:46:44+0200,442f0342-0040-4db4-ac3f-85a7f822bcbf,2026-08-01T08:30:00Z,2026-08-01T10:30:00+0200,34.42,EUR/MWh,DK1,DK_1,imbalance_price,Long,2026-08-23T05:51:55Z
2026-08-23T05:46:44Z,2026-08-23T07:46:44+0200,442f0342-0040-4db4-ac3f-85a7f822bcbf,2026-08-01T08:30:00Z,2026-08-01T10:30:00+0200,34.42,EUR/MWh,DK1,DK_1,imbalance_price,Short,2026-08-23T05:51:55Z
2026-08-23T05:46:44Z,2026-08-23T07:46:44+0200,442f0342-0040-4db4-ac3f-85a7f822bcbf,2026-08-01T08:45:00Z,2026-08-01T10:45:00+0200,39.79,EUR/MWh,DK1,DK_1,imbalance_price,Long,2026-08-23T05:51:55Z
2026-08-23T05:46:44Z,2026-08-23T07:46:44+0200,442f0342-0040-4db4-ac3f-85a7f822bcbf,2026-08-01T08:45:00Z,2026-08-01T10:45:00+0200,39.79,EUR/MWh,DK1,DK_1,imbalance_price,Short,2026-08-23T05:51:55Z
2026-08-23T05:46:44Z,2026-08-23T07:46:44+0200,442f0342-0040-4db4-ac3f-85a7f822bcbf,2026-08-01T09:00:00Z,2026-08-01T11:00:00+0200,79.26,EUR/MWh,DK1,DK_1,imbalance_price,Long,2026-08-23T05:51:55Z
2026-08-23T05:46:44Z,2026-08-23T07:46:44+0200,442f0342-0040-4db4-ac3f-85a7f822bcbf,2026-08-01T09:00:00Z,2026-08-01T11:00:00+0200,79.26,EUR/MWh,DK1,DK_1,imbalance_price,Short,2026-08-23T05:51:55Z
2026-08-23T05:46:44Z,2026-08-23T07:46:44+0200,442f0342-0040-4db4-ac3f-85a7f822bcbf,2026-08-01T09:15:00Z,2026-08-01T11:15:00+0200,267.59,EUR/MWh,DK1,DK_1,imbalance_price,Long,2026-08-23T05:51:55Z
2026-08-23T05:46:44Z,2026-08-23T07:46:44+0200,442f0342-0040-4db4-ac3f-85a7f822bcbf,2026-08-01T09:15:00Z,2026-08-01T11:15:00+0200,267.59,EUR/MWh,DK1,DK_1,imbalance_price,Short,2026-08-23T05:51:55Z
2026-08-23T05:46:44Z,2026-08-23T07:46:44+0200,442f0342-0040-4db4-ac3f-85a7f822bcbf,2026-08-01T09:30:00Z,2026-08-01T11:30:00+0200,91.8,EUR/MWh,DK1,DK_1,imbalance_price,Long,2026-08-23T05:51:55Z
2026-08-23T05:46:44Z,2026-08-23T07:46:44+0200,442f0342-0040-4db4-ac3f-85a7f822bcbf,2026-08-01T09:30:00Z,2026-08-01T11:30:00+0200,91.8,EUR/MWh,DK1,DK_1,imbalance_price,Short,2026-08-23T05:51:55Z
2026-08-23T05:46:44Z,2026-08-23T07:46:44+0200,442f0342-0040-4db4-ac3f-85a7f822bcbf,2026-08-01T09:45:00Z,2026-08-01T11:45:00+0200,74.43,EUR/MWh,DK1,DK_1,imbalance_price,Long,2026-08-23T05:51:55Z
2026-08-23T05:46:44Z,2026-08-23T07:46:44+0200,442f0342-0040-4db4-ac3f-85a7f822bcbf,2026-08-01T09:45:00Z,2026-08-01T11:45:00+0200,74.43,EUR/MWh,DK1,DK_1,imbalance_price,Short,2026-08-23T05:51:55Z
2026-08-23T05:46:44Z,2026-08-23T07:46:44+0200,442f0342-0040-4db4-ac3f-85a7f822bcbf,2026-08-01T10:00:00Z,2026-08-01T12:00:00+0200,35.96,EUR/MWh,DK1,DK_1,imbalance_price,Long,2026-08-23T05:51:55Z
2026-08-23T05:46:44Z,2026-08-23T07:46:44+0200,442f0342-0040-4db4-ac3f-85a7f822bcbf,2026-08-01T10:00:00Z,2026-08-01T12:00:00+0200,35.96,EUR/MWh,DK1,DK_1,imbalance_price,Short,2026-08-23T05:51:55Z
2026-08-23T05:46:44Z,2026-08-23T07:46:44+0200,442f0342-0040-4db4-ac3f-85a7f822bcbf,2026-08-01T10:15:00Z,2026-08-01T12:15:00+0200,20.78,EUR/MWh,DK1,DK_1,imbalance_price,Long,2026-08-23T05:51:55Z
2026-08-23T05:46:44Z,2026-08-23T07:46:44+0200,442f0342-0040-4db4-ac3f-85a7f822bcbf,2026-08-01T10:15:00Z,2026-08-01T12:15:00+0200,20.78,EUR/MWh,DK1,DK_1,imbalance_price,Short,2026-08-23T05:51:55Z
2026-08-23T05:46:44Z,2026-08-23T07:46:44+0200,442f0342-0040-4db4-ac3f-85a7f822bcbf,2026-08-01T10:30:00Z,2026-08-01T12:30:00+0200,16.49,EUR/MWh,DK1,DK_1,imbalance_price,Long,2026-08-23T05:51:55Z
2026-08-23T05:46:44Z,2026-08-23T07:46:44+0200,442f0342-0040-4db4-ac3f-85a7f822bcbf,2026-08-01T10:30:00Z,2026-08-01T12:30:00+0200,16.49,EUR/MWh,DK1,DK_1,imbalance_price,Short,2026-08-23T05:51:55Z
2026-08-23T05:46:44Z,2026-08-23T07:46:44+0200,442f0342-0040-4db4-ac3f-85a7f822bcbf,2026-08-01T10:45:00Z,2026-08-01T12:45:00+0200,9.2,EUR/MWh,DK1,DK_1,imbalance_price,Long,2026-08-23T05:51:55Z
2026-08-23T05:46:44Z,2026-08-23T07:46:44+0200,442f0342-0040-4db4-ac3f-85a7f822bcbf,2026-08-01T10:45:00Z,2026-08-01T12:45:00+0200,9.2,EUR/MWh,DK1,DK_1,imbalance_price,Short,2026-08-23T05:51:55Z
2026-08-23T05:46:44Z,2026-08-23T07:46:44+0200,442f0342-0040-4db4-ac3f-85a7f822bcbf,2026-08-01T11:00:00Z,2026-08-01T13:00:00+0200,5.04,EUR/MWh,DK1,DK_1,imbalance_price,Long,2026-08-23T05:51:55Z
2026-08-23T05:46:44Z,2026-08-23T07:46:44+0200,442f0342-0040-4db4-ac3f-85a7f822bcbf,2026-08-01T11:00:00Z,2026-08-01T13:00:00+0200,5.04,EUR/MWh,DK1,DK_1,imbalance_price,Short,2026-08-23T05:51:55Z
2026-08-23T05:46:44Z,2026-08-23T07:46:44+0200,442f0342-0040-4db4-ac3f-85a7f822bcbf,2026-08-01T11:15:00Z,2026-08-01T13:15:00+0200,10.13,EUR/MWh,DK1,DK_1,imbalance_price,Long,2026-08-23T05:51:55Z
2026-08-23T05:46:44Z,2026-08-23T07:46:44+0200,442f0342-0040-4db4-ac3f-85a7f822bcbf,2026-08-01T11:15:00Z,2026-08-01T13:15:00+0200,10.13,EUR/MWh,DK1,DK_1,imbalance_price,Short,2026-08-23T05:51:55Z
2026-08-23T05:46:44Z,2026-08-23T07:46:44+0200,442f0342-0040-4db4-ac3f-85a7f822bcbf,2026-08-01T11:30:00Z,2026-08-01T13:30:00+0200,4.66,EUR/MWh,DK1,DK_1,imbalance_price,Long,2026-08-23T05:51:55Z
2026-08-23T05:46:44Z,2026-08-23T07:46:44+0200,442f0342-0040-4db4-ac3f-85a7f822bcbf,2026-08-01T11:30:00Z,2026-08-01T13:30:00+0200,4.66,EUR/MWh,DK1,DK_1,imbalance_price,Short,2026-08-23T05:51:55Z
2026-08-23T05:46:44Z,2026-08-23T07:46:44+0200,442f0342-0040-4db4-ac3f-85a7f822bcbf,2026-08-01T11:45:00Z,2026-08-01T13:45:00+0200,6.0,EUR/MWh,DK1,DK_1,imbalance_price,Long,2026-08-23T05:51:55Z
2026-08-23T05:46:44Z,2026-08-23T07:46:44+0200,442f0342-0040-4db4-ac3f-85a7f822bcbf,2026-08-01T11:45:00Z,2026-08-01T13:45:00+0200,6.0,EUR/MWh,DK1,DK_1,imbalance_price,Short,2026-08-23T05:51:55Z
2026-08-23T05:46:44Z,2026-08-23T07:46:44+0200,442f0342-0040-4db4-ac3f-85a7f822bcbf,2026-08-01T12:00:00Z,2026-08-01T14:00:00+0200,6.69,EUR/MWh,DK1,DK_1,imbalance_price,Long,2026-08-23T05:51:55Z
2026-08-23T05:46:44Z,2026-08-23T07:46:44+0200,442f0342-0040-4db4-ac3f-85a7f822bcbf,2026-08-01T12:00:00Z,2026-08-01T14:00:00+0200,6.69,EUR/MWh,DK1,DK_1,imbalance_price,Short,2026-08-23T05:51:55Z
2026-08-23T05:46:44Z,2026-08-23T07:46:44+0200,442f0342-0040-4db4-ac3f-85a7f822bcbf,2026-08-01T12:15:00Z,2026-08-01T14:15:00+0200,6.0,EUR/MWh,DK1,DK_1,imbalance_price,Long,2026-08-23T05:51:55Z
2026-08-23T05:46:44Z,2026-08-23T07:46:44+0200,442f0342-0040-4db4-ac3f-85a7f822bcbf,2026-08-01T12:15:00Z,2026-08-01T14:15:00+0200,6.0,EUR/MWh,DK1,DK_1,imbalance_price,Short,2026-08-23T05:51:55Z
2026-08-23T05:46:44Z,2026-08-23T07:46:44+0200,442f0342-0040-4db4-ac3f-85a7f822bcbf,2026-08-01T12:30:00Z,2026-08-01T14:30:00+0200,16.32,EUR/MWh,DK1,DK_1,imbalance_price,Long,2026-08-23T05:51:55Z
2026-08-23T05:46:44Z,2026-08-23T07:46:44+0200,442f0342-0040-4db4-ac3f-85a7f822bcbf,2026-08-01T12:30:00Z,2026-08-01T14:30:00+0200,16.32,EUR/MWh,DK1,DK_1,imbalance_price,Short,2026-08-23T05:51:55Z
2026-08-23T05:46:44Z,2026-08-23T07:46:44+0200,442f0342-0040-4db4-ac3f-85a7f822bcbf,2026-08-01T12:45:00Z,2026-08-01T14:45:00+0200,11.37,EUR/MWh,DK1,DK_1,imbalance_price,Long,2026-08-23T05:51:55Z
2026-08-23T05:46:44Z,2026-08-23T07:46:44+0200,442f0342-0040-4db4-ac3f-85a7f822bcbf,2026-08-01T12:45:00Z,2026-08-01T14:45:00+0200,11.37,EUR/MWh,DK1,DK_1,imbalance_price,Short,2026-08-23T05:51:55Z
2026-08-23T05:46:44Z,2026-08-23T07:46:44+0200,442f0342-0040-4db4-ac3f-85a7f822bcbf,2026-08-01T13:00:00Z,2026-08-01T15:00:00+0200,38.48,EUR/MWh,DK1,DK_1,imbalance_price,Long,2026-08-23T05:51:55Z
2026-08-23T05:46:44Z,2026-08-23T07:46:44+0200,442f0342-0040-4db4-ac3f-85a7f822bcbf,2026-08-01T13:00:00Z,2026-08-01T15:00:00+0200,38.48,EUR/MWh,DK1,DK_1,imbalance_price,Short,2026-08-23T05:51:55Z
2026-08-23T05:46:44Z,2026-08-23T07:46:44+0200,442f0342-0040-4db4-ac3f-85a7f822bcbf,2026-08-01T13:15:00Z,2026-08-01T15:15:00+0200,59.6,EUR/MWh,DK1,DK_1,imbalance_price,Long,2026-08-23T05:51:55Z
2026-08-23T05:46:44Z,2026-08-23T07:46:44+0200,442f0342-0040-4db4-ac3f-85a7f822bcbf,2026-08-01T13:15:00Z,2026-08-01T15:15:00+0200,59.6,EUR/MWh,DK1,DK_1,imbalance_price,Short,2026-08-23T05:51:55Z
2026-08-23T05:46:44Z,2026-08-23T07:46:44+0200,442f0342-0040-4db4-ac3f-85a7f822bcbf,2026-08-01T13:30:00Z,2026-08-01T15:30:00+0200,4.12,EUR/MWh,DK1,DK_1,imbalance_price,Long,2026-08-23T05:51:55Z
2026-08-23T05:46:44Z,2026-08-23T07:46:44+0200,442f0342-0040-4db4-ac3f-85a7f822bcbf,2026-08-01T13:30:00Z,2026-08-01T15:30:00+0200,4.12,EUR/MWh,DK1,DK_1,imbalance_price,Short,2026-08-23T05:51:55Z
2026-08-23T05:46:44Z,2026-08-23T07:46:44+0200,442f0342-0040-4db4-ac3f-85a7f822bcbf,2026-08-01T13:45:00Z,2026-08-01T15:45:00+0200,105.82,EUR/MWh,DK1,DK_1,imbalance_price,Long,2026-08-23T05:51:55Z
2026-08-23T05:46:44Z,2026-08-23T07:46:44+0200,442f0342-0040-4db4-ac3f-85a7f822bcbf,2026-08-01T13:45:00Z,2026-08-01T15:45:00+0200,105.82,EUR/MWh,DK1,DK_1,imbalance_price,Short,2026-08-23T05:51:55Z
2026-08-23T05:46:44Z,2026-08-23T07:46:44+0200,442f0342-0040-4db4-ac3f-85a7f822bcbf,2026-08-01T14:00:00Z,2026-08-01T16:00:00+0200,58.26,EUR/MWh,DK1,DK_1,imbalance_price,Long,2026-08-23T05:51:55Z
2026-08-23T05:46:44Z,2026-08-23T07:46:44+0200,442f0342-0040-4db4-ac3f-85a7f822bcbf,2026-08-01T14:00:00Z,2026-08-01T16:00:00+0200,58.26,EUR/MWh,DK1,DK_1,imbalance_price,Short,2026-08-23T05:51:55Z
2026-08-23T05:46:44Z,2026-08-23T07:46:44+0200,442f0342-0040-4db4-ac3f-85a7f822bcbf,2026-08-01T14:15:00Z,2026-08-01T16:15:00+0200,3.54,EUR/MWh,DK1,DK_1,imbalance_price,Long,2026-08-23T05:51:55Z
2026-08-23T05:46:44Z,2026-08-23T07:46:44+0200,442f0342-0040-4db4-ac3f-85a7f822bcbf,2026-08-01T14:15:00Z,2026-08-01T16:15:00+0200,3.54,EUR/MWh,DK1,DK_1,imbalance_price,Short,2026-08-23T05:51:55Z
2026-08-23T05:46:44Z,2026-08-23T07:46:44+0200,442f0342-0040-4db4-ac3f-85a7f822bcbf,2026-08-01T14:30:00Z,2026-08-01T16:30:00+0200,8.8,EUR/MWh,DK1,DK_1,imbalance_price,Long,2026-08-23T05:51:55Z
2026-08-23T05:46:44Z,2026-08-23T07:46:44+0200,442f0342-0040-4db4-ac3f-85a7f822bcbf,2026-08-01T14:30:00Z,2026-08-01T16:30:00+0200,8.8,EUR/MWh,DK1,DK_1,imbalance_price,Short,2026-08-23T05:51:55Z
2026-08-23T05:46:44Z,2026-08-23T07:46:44+0200,442f0342-0040-4db4-ac3f-85a7f822bcbf,2026-08-01T14:45:00Z,2026-08-01T16:45:00+0200,18.0,EUR/MWh,DK1,DK_1,imbalance_price,Long,2026-08-23T05:51:55Z
2026-08-23T05:46:44Z,2026-08-23T07:46:44+0200,442f0342-0040-4db4-ac3f-85a7f822bcbf,2026-08-01T14:45:00Z,2026-08-01T16:45:00+0200,18.0,EUR/MWh,DK1,DK_1,imbalance_price,Short,2026-08-23T05:51:55Z
2026-08-23T05:46:44Z,2026-08-23T07:46:44+0200,442f0342-0040-4db4-ac3f-85a7f822bcbf,2026-08-01T15:00:00Z,2026-08-01T17:00:00+0200,166.71,EUR/MWh,DK1,DK_1,imbalance_price,Long,2026-08-23T05:51:55Z
2026-08-23T05:46:44Z,2026-08-23T07:46:44+0200,442f0342-0040-4db4-ac3f-85a7f822bcbf,2026-08-01T15:00:00Z,2026-08-01T17:00:00+0200,166.71,EUR/MWh,DK1,DK_1,imbalance_price,Short,2026-08-23T05:51:55Z
2026-08-23T05:46:44Z,2026-08-23T07:46:44+0200,442f0342-0040-4db4-ac3f-85a7f822bcbf,2026-08-01T15:15:00Z,2026-08-01T17:15:00+0200,165.46,EUR/MWh,DK1,DK_1,imbalance_price,Long,2026-08-23T05:51:55Z
2026-08-23T05:46:44Z,2026-08-23T07:46:44+0200,442f0342-0040-4db4-ac3f-85a7f822bcbf,2026-08-01T15:15:00Z,2026-08-01T17:15:00+0200,165.46,EUR/MWh,DK1,DK_1,imbalance_price,Short,2026-08-23T05:51:55Z
2026-08-23T05:46:44Z,2026-08-23T07:46:44+0200,442f0342-0040-4db4-ac3f-85a7f822bcbf,2026-08-01T15:30:00Z,2026-08-01T17:30:00+0200,334.49,EUR/MWh,DK1,DK_1,imbalance_price,Long,2026-08-23T05:51:55Z
2026-08-23T05:46:44Z,2026-08-23T07:46:44+0200,442f0342-0040-4db4-ac3f-85a7f822bcbf,2026-08-01T15:30:00Z,2026-08-01T17:30:00+0200,334.49,EUR/MWh,DK1,DK_1,imbalance_price,Short,2026-08-23T05:51:55Z
2026-08-23T05:46:44Z,2026-08-23T07:46:44+0200,442f0342-0040-4db4-ac3f-85a7f822bcbf,2026-08-01T15:45:00Z,2026-08-01T17:45:00+0200,159.6,EUR/MWh,DK1,DK_1,imbalance_price,Long,2026-08-23T05:51:55Z
2026-08-23T05:46:44Z,2026-08-23T07:46:44+0200,442f0342-0040-4db4-ac3f-85a7f822bcbf,2026-08-01T15:45:00Z,2026-08-01T17:45:00+0200,159.6,EUR/MWh,DK1,DK_1,imbalance_price,Short,2026-08-23T05:51:55Z
2026-08-23T05:46:44Z,2026-08-23T07:46:44+0200,442f0342-0040-4db4-ac3f-85a7f822bcbf,2026-08-01T16:00:00Z,2026-08-01T18:00:00+0200,124.8,EUR/MWh,DK1,DK_1,imbalance_price,Long,2026-08-23T05:51:55Z
2026-08-23T05:46:44Z,2026-08-23T07:46:44+0200,442f0342-0040-4db4-ac3f-85a7f822bcbf,2026-08-01T16:00:00Z,2026-08-01T18:00:00+0200,124.8,EUR/MWh,DK1,DK_1,imbalance_price,Short,2026-08-23T05:51:55Z
2026-08-23T05:46:44Z,2026-08-23T07:46:44+0200,442f0342-0040-4db4-ac3f-85a7f822bcbf,2026-08-01T16:15:00Z,2026-08-01T18:15:00+0200,234.15,EUR/MWh,DK1,DK_1,imbalance_price,Long,2026-08-23T05:51:55Z
2026-08-23T05:46:44Z,2026-08-23T07:46:44+0200,442f0342-0040-4db4-ac3f-85a7f822bcbf,2026-08-01T16:15:00Z,2026-08-01T18:15:00+0200,234.15,EUR/MWh,DK1,DK_1,imbalance_price,Short,2026-08-23T05:51:55Z
2026-08-23T05:46:44Z,2026-08-23T07:46:44+0200,442f0342-0040-4db4-ac3f-85a7f822bcbf,2026-08-01T16:30:00Z,2026-08-01T18:30:00+0200,435.01,EUR/MWh,DK1,DK_1,imbalance_price,Long,2026-08-23T05:51:55Z
2026-08-23T05:46:44Z,2026-08-23T07:46:44+0200,442f0342-0040-4db4-ac3f-85a7f822bcbf,2026-08-01T16:30:00Z,2026-08-01T18:30:00+0200,435.01,EUR/MWh,DK1,DK_1,imbalance_price,Short,2026-08-23T05:51:55Z
2026-08-23T05:46:44Z,2026-08-23T07:46:44+0200,442f0342-0040-4db4-ac3f-85a7f822bcbf,2026-08-01T16:45:00Z,2026-08-01T18:45:00+0200,187.29,EUR/MWh,DK1,DK_1,imbalance_price,Long,2026-08-23T05:51:55Z
2026-08-23T05:46:44Z,2026-08-23T07:46:44+0200,442f0342-0040-4db4-ac3f-85a7f822bcbf,2026-08-01T16:45:00Z,2026-08-01T18:45:00+0200,187.29,EUR/MWh,DK1,DK_1,imbalance_price,Short,2026-08-23T05:51:55Z
2026-08-23T05:46:44Z,2026-08-23T07:46:44+0200,442f0342-0040-4db4-ac3f-85a7f822bcbf,2026-08-01T17:00:00Z,2026-08-01T19:00:00+0200,294.35,EUR/MWh,DK1,DK_1,imbalance_price,Long,2026-08-23T05:51:55Z
2026-08-23T05:46:44Z,2026-08-23T07:46:44+0200,442f0342-0040-4db4-ac3f-85a7f822bcbf,2026-08-01T17:00:00Z,2026-08-01T19:00:00+0200,294.35,EUR/MWh,DK1,DK_1,imbalance_price,Short,2026-08-23T05:51:55Z
2026-08-23T05:46:44Z,2026-08-23T07:46:44+0200,442f0342-0040-4db4-ac3f-85a7f822bcbf,2026-08-01T17:15:00Z,2026-08-01T19:15:00+0200,109.85,EUR/MWh,DK1,DK_1,imbalance_price,Long,2026-08-23T05:51:55Z
2026-08-23T05:46:44Z,2026-08-23T07:46:44+0200,442f0342-0040-4db4-ac3f-85a7f822bcbf,2026-08-01T17:15:00Z,2026-08-01T19:15:00+0200,109.85,EUR/MWh,DK1,DK_1,imbalance_price,Short,2026-08-23T05:51:55Z
2026-08-23T05:46:44Z,2026-08-23T07:46:44+0200,442f0342-0040-4db4-ac3f-85a7f822bcbf,2026-08-01T17:30:00Z,2026-08-01T19:30:00+0200,108.21,EUR/MWh,DK1,DK_1,imbalance_price,Long,2026-08-23T05:51:55Z
2026-08-23T05:46:44Z,2026-08-23T07:46:44+0200,442f0342-0040-4db4-ac3f-85a7f822bcbf,2026-08-01T17:30:00Z,2026-08-01T19:30:00+0200,108.21,EUR/MWh,DK1,DK_1,imbalance_price,Short,2026-08-23T05:51:55Z
2026-08-23T05:46:44Z,2026-08-23T07:46:44+0200,442f0342-0040-4db4-ac3f-85a7f822bcbf,2026-08-01T17:45:00Z,2026-08-01T19:45:00+0200,116.61,EUR/MWh,DK1,DK_1,imbalance_price,Long,2026-08-23T05:51:55Z
2026-08-23T05:46:44Z,2026-08-23T07:46:44+0200,442f0342-0040-4db4-ac3f-85a7f822bcbf,2026-08-01T17:45:00Z,2026-08-01T19:45:00+0200,116.61,EUR/MWh,DK1,DK_1,imbalance_price,Short,2026-08-23T05:51:55Z
2026-08-23T05:46:44Z,2026-08-23T07:46:44+0200,442f0342-0040-4db4-ac3f-85a7f822bcbf,2026-08-01T18:00:00Z,2026-08-01T20:00:00+0200,109.0,EUR/MWh,DK1,DK_1,imbalance_price,Long,2026-08-23T05:51:55Z
2026-08-23T05:46:44Z,2026-08-23T07:46:44+0200,442f0342-0040-4db4-ac3f-85a7f822bcbf,2026-08-01T18:00:00Z,2026-08-01T20:00:00+0200,109.0,EUR/MWh,DK1,DK_1,imbalance_price,Short,2026-08-23T05:51:55Z
2026-08-23T05:46:44Z,2026-08-23T07:46:44+0200,442f0342-0040-4db4-ac3f-85a7f822bcbf,2026-08-01T18:15:00Z,2026-08-01T20:15:00+0200,113.61,EUR/MWh,DK1,DK_1,imbalance_price,Long,2026-08-23T05:51:55Z
2026-08-23T05:46:44Z,2026-08-23T07:46:44+0200,442f0342-0040-4db4-ac3f-85a7f822bcbf,2026-08-01T18:15:00Z,2026-08-01T20:15:00+0200,113.61,EUR/MWh,DK1,DK_1,imbalance_price,Short,2026-08-23T05:51:55Z
2026-08-23T05:46:44Z,2026-08-23T07:46:44+0200,442f0342-0040-4db4-ac3f-85a7f822bcbf,2026-08-01T18:30:00Z,2026-08-01T20:30:00+0200,132.5,EUR/MWh,DK1,DK_1,imbalance_price,Long,2026-08-23T05:51:55Z
2026-08-23T05:46:44Z,2026-08-23T07:46:44+0200,442f0342-0040-4db4-ac3f-85a7f822bcbf,2026-08-01T18:30:00Z,2026-08-01T20:30:00+0200,132.5,EUR/MWh,DK1,DK_1,imbalance_price,Short,2026-08-23T05:51:55Z
2026-08-23T05:46:44Z,2026-08-23T07:46:44+0200,442f0342-0040-4db4-ac3f-85a7f822bcbf,2026-08-01T18:45:00Z,2026-08-01T20:45:00+0200,132.48,EUR/MWh,DK1,DK_1,imbalance_price,Long,2026-08-23T05:51:55Z
2026-08-23T05:46:44Z,2026-08-23T07:46:44+0200,442f0342-0040-4db4-ac3f-85a7f822bcbf,2026-08-01T18:45:00Z,2026-08-01T20:45:00+0200,132.48,EUR/MWh,DK1,DK_1,imbalance_price,Short,2026-08-23T05:51:55Z
2026-08-23T05:46:44Z,2026-08-23T07:46:44+0200,442f0342-0040-4db4-ac3f-85a7f822bcbf,2026-08-01T19:00:00Z,2026-08-01T21:00:00+0200,132.4,EUR/MWh,DK1,DK_1,imbalance_price,Long,2026-08-23T05:51:55Z
2026-08-23T05:46:44Z,2026-08-23T07:46:44+0200,442f0342-0040-4db4-ac3f-85a7f822bcbf,2026-08-01T19:00:00Z,2026-08-01T21:00:00+0200,132.4,EUR/MWh,DK1,DK_1,imbalance_price,Short,2026-08-23T05:51:55Z
2026-08-23T05:46:44Z,2026-08-23T07:46:44+0200,442f0342-0040-4db4-ac3f-85a7f822bcbf,2026-08-01T19:15:00Z,2026-08-01T21:15:00+0200,133.82,EUR/MWh,DK1,DK_1,imbalance_price,Long,2026-08-23T05:51:55Z
2026-08-23T05:46:44Z,2026-08-23T07:46:44+0200,442f0342-0040-4db4-ac3f-85a7f822bcbf,2026-08-01T19:15:00Z,2026-08-01T21:15:00+0200,133.82,EUR/MWh,DK1,DK_1,imbalance_price,Short,2026-08-23T05:51:55Z
2026-08-23T05:46:44Z,2026-08-23T07:46:44+0200,442f0342-0040-4db4-ac3f-85a7f822bcbf,2026-08-01T19:30:00Z,2026-08-01T21:30:00+0200,212.51,EUR/MWh,DK1,DK_1,imbalance_price,Long,2026-08-23T05:51:55Z
2026-08-23T05:46:44Z,2026-08-23T07:46:44+0200,442f0342-0040-4db4-ac3f-85a7f822bcbf,2026-08-01T19:30:00Z,2026-08-01T21:30:00+0200,212.51,EUR/MWh,DK1,DK_1,imbalance_price,Short,2026-08-23T05:51:55Z
2026-08-23T05:46:44Z,2026-08-23T07:46:44+0200,442f0342-0040-4db4-ac3f-85a7f822bcbf,2026-08-01T19:45:00Z,2026-08-01T21:45:00+0200,210.88,EUR/MWh,DK1,DK_1,imbalance_price,Long,2026-08-23T05:51:55Z
2026-08-23T05:46:44Z,2026-08-23T07:46:44+0200,442f0342-0040-4db4-ac3f-85a7f822bcbf,2026-08-01T19:45:00Z,2026-08-01T21:45:00+0200,210.88,EUR/MWh,DK1,DK_1,imbalance_price,Short,2026-08-23T05:51:55Z
2026-08-23T05:46:44Z,2026-08-23T07:46:44+0200,442f0342-0040-4db4-ac3f-85a7f822bcbf,2026-08-01T20:00:00Z,2026-08-01T22:00:00+0200,190.2,EUR/MWh,DK1,DK_1,imbalance_price,Long,2026-08-23T05:51:55Z
2026-08-23T05:46:44Z,2026-08-23T07:46:44+0200,442f0342-0040-4db4-ac3f-85a7f822bcbf,2026-08-01T20:00:00Z,2026-08-01T22:00:00+0200,190.2,EUR/MWh,DK1,DK_1,imbalance_price,Short,2026-08-23T05:51:55Z
2026-08-23T05:46:44Z,2026-08-23T07:46:44+0200,442f0342-0040-4db4-ac3f-85a7f822bcbf,2026-08-01T20:15:00Z,2026-08-01T22:15:00+0200,121.55,EUR/MWh,DK1,DK_1,imbalance_price,Long,2026-08-23T05:51:55Z
2026-08-23T05:46:44Z,2026-08-23T07:46:44+0200,442f0342-0040-4db4-ac3f-85a7f822bcbf,2026-08-01T20:15:00Z,2026-08-01T22:15:00+0200,121.55,EUR/MWh,DK1,DK_1,imbalance_price,Short,2026-08-23T05:51:55Z
2026-08-23T05:46:44Z,2026-08-23T07:46:44+0200,442f0342-0040-4db4-ac3f-85a7f822bcbf,2026-08-01T20:30:00Z,2026-08-01T22:30:00+0200,112.96,EUR/MWh,DK1,DK_1,imbalance_price,Long,2026-08-23T05:51:55Z
2026-08-23T05:46:44Z,2026-08-23T07:46:44+0200,442f0342-0040-4db4-ac3f-85a7f822bcbf,2026-08-01T20:30:00Z,2026-08-01T22:30:00+0200,112.96,EUR/MWh,DK1,DK_1,imbalance_price,Short,2026-08-23T05:51:55Z
2026-08-23T05:46:44Z,2026-08-23T07:46:44+0200,442f0342-0040-4db4-ac3f-85a7f822bcbf,2026-08-01T20:45:00Z,2026-08-01T22:45:00+0200,105.53,EUR/MWh,DK1,DK_1,imbalance_price,Long,2026-08-23T05:51:55Z
2026-08-23T05:46:44Z,2026-08-23T07:46:44+0200,442f0342-0040-4db4-ac3f-85a7f822bcbf,2026-08-01T20:45:00Z,2026-08-01T22:45:00+0200,105.53,EUR/MWh,DK1,DK_1,imbalance_price,Short,2026-08-23T05:51:55Z
2026-08-23T05:46:44Z,2026-08-23T07:46:44+0200,442f0342-0040-4db4-ac3f-85a7f822bcbf,2026-08-01T21:00:00Z,2026-08-01T23:00:00+0200,105.57,EUR/MWh,DK1,DK_1,imbalance_price,Long,2026-08-23T05:51:55Z
2026-08-23T05:46:44Z,2026-08-23T07:46:44+0200,442f0342-0040-4db4-ac3f-85a7f822bcbf,2026-08-01T21:00:00Z,2026-08-01T23:00:00+0200,105.57,EUR/MWh,DK1,DK_1,imbalance_price,Short,2026-08-23T05:51:55Z
2026-08-23T05:46:44Z,2026-08-23T07:46:44+0200,442f0342-0040-4db4-ac3f-85a7f822bcbf,2026-08-01T21:15:00Z,2026-08-01T23:15:00+0200,108.18,EUR/MWh,DK1,DK_1,imbalance_price,Long,2026-08-23T05:51:55Z
2026-08-23T05:46:44Z,2026-08-23T07:46:44+0200,442f0342-0040-4db4-ac3f-85a7f822bcbf,2026-08-01T21:15:00Z,2026-08-01T23:15:00+0200,108.18,EUR/MWh,DK1,DK_1,imbalance_price,Short,2026-08-23T05:51:55Z
2026-08-23T05:46:44Z,2026-08-23T07:46:44+0200,442f0342-0040-4db4-ac3f-85a7f822bcbf,2026-08-01T21:30:00Z,2026-08-01T23:30:00+0200,334.49,EUR/MWh,DK1,DK_1,imbalance_price,Long,2026-08-23T05:51:55Z
2026-08-23T05:46:44Z,2026-08-23T07:46:44+0200,442f0342-0040-4db4-ac3f-85a7f822bcbf,2026-08-01T21:30:00Z,2026-08-01T23:30:00+0200,334.49,EUR/MWh,DK1,DK_1,imbalance_price,Short,2026-08-23T05:51:55Z
2026-08-23T05:46:44Z,2026-08-23T07:46:44+0200,442f0342-0040-4db4-ac3f-85a7f822bcbf,2026-08-01T21:45:00Z,2026-08-01T23:45:00+0200,428.15,EUR/MWh,DK1,DK_1,imbalance_price,Long,2026-08-23T05:51:55Z
2026-08-23T05:46:44Z,2026-08-23T07:46:44+0200,442f0342-0040-4db4-ac3f-85a7f822bcbf,2026-08-01T21:45:00Z,2026-08-01T23:45:00+0200,428.15,EUR/MWh,DK1,DK_1,imbalance_price,Short,2026-08-23T05:51:55Z
2026-08-23T05:46:44Z,2026-08-23T07:46:44+0200,442f0342-0040-4db4-ac3f-85a7f822bcbf,2026-08-01T22:00:00Z,2026-08-02T00:00:00+0200,188.18,EUR/MWh,DK1,DK_1,imbalance_price,Long,2026-08-23T05:51:55Z
2026-08-23T05:46:44Z,2026-08-23T07:46:44+0200,442f0342-0040-4db4-ac3f-85a7f822bcbf,2026-08-01T22:00:00Z,2026-08-02T00:00:00+0200,188.18,EUR/MWh,DK1,DK_1,imbalance_price,Short,2026-08-23T05:51:55Z
2026-08-23T05:46:44Z,2026-08-23T07:46:44+0200,442f0342-0040-4db4-ac3f-85a7f822bcbf,2026-08-01T22:15:00Z,2026-08-02T00:15:00+0200,132.0,EUR/MWh,DK1,DK_1,imbalance_price,Long,2026-08-23T05:51:55Z
2026-08-23T05:46:44Z,2026-08-23T07:46:44+0200,442f0342-0040-4db4-ac3f-85a7f822bcbf,2026-08-01T22:15:00Z,2026-08-02T00:15:00+0200,132.0,EUR/MWh,DK1,DK_1,imbalance_price,Short,2026-08-23T05:51:55Z
2026-08-23T05:46:44Z,2026-08-23T07:46:44+0200,442f0342-0040-4db4-ac3f-85a7f822bcbf,2026-08-01T22:30:00Z,2026-08-02T00:30:00+0200,114.07,EUR/MWh,DK1,DK_1,imbalance_price,Long,2026-08-23T05:51:55Z
2026-08-23T05:46:44Z,2026-08-23T07:46:44+0200,442f0342-0040-4db4-ac3f-85a7f822bcbf,2026-08-01T22:30:00Z,2026-08-02T00:30:00+0200,114.07,EUR/MWh,DK1,DK_1,imbalance_price,Short,2026-08-23T05:51:55Z
2026-08-23T05:46:44Z,2026-08-23T07:46:44+0200,442f0342-0040-4db4-ac3f-85a7f822bcbf,2026-08-01T22:45:00Z,2026-08-02T00:45:00+0200,97.17,EUR/MWh,DK1,DK_1,imbalance_price,Long,2026-08-23T05:51:55Z
2026-08-23T05:46:44Z,2026-08-23T07:46:44+0200,442f0342-0040-4db4-ac3f-85a7f822bcbf,2026-08-01T22:45:00Z,2026-08-02T00:45:00+0200,97.17,EUR/MWh,DK1,DK_1,imbalance_price,Short,2026-08-23T05:51:55Z
2026-08-23T05:46:44Z,2026-08-23T07:46:44+0200,442f0342-0040-4db4-ac3f-85a7f822bcbf,2026-08-01T23:00:00Z,2026-08-02T01:00:00+0200,160.86,EUR/MWh,DK1,DK_1,imbalance_price,Long,2026-08-23T05:51:55Z
2026-08-23T05:46:44Z,2026-08-23T07:46:44+0200,442f0342-0040-4db4-ac3f-85a7f822bcbf,2026-08-01T23:00:00Z,2026-08-02T01:00:00+0200,160.86,EUR/MWh,DK1,DK_1,imbalance_price,Short,2026-08-23T05:51:55Z
2026-08-23T05:46:44Z,2026-08-23T07:46:44+0200,442f0342-0040-4db4-ac3f-85a7f822bcbf,2026-08-01T23:15:00Z,2026-08-02T01:15:00+0200,296.81,EUR/MWh,DK1,DK_1,imbalance_price,Long,2026-08-23T05:51:55Z
2026-08-23T05:46:44Z,2026-08-23T07:46:44+0200,442f0342-0040-4db4-ac3f-85a7f822bcbf,2026-08-01T23:15:00Z,2026-08-02T01:15:00+0200,296.81,EUR/MWh,DK1,DK_1,imbalance_price,Short,2026-08-23T05:51:55Z
2026-08-23T05:46:44Z,2026-08-23T07:46:44+0200,442f0342-0040-4db4-ac3f-85a7f822bcbf,2026-08-01T23:30:00Z,2026-08-02T01:30:00+0200,136.0,EUR/MWh,DK1,DK_1,imbalance_price,Long,2026-08-23T05:51:55Z
2026-08-23T05:46:44Z,2026-08-23T07:46:44+0200,442f0342-0040-4db4-ac3f-85a7f822bcbf,2026-08-01T23:30:00Z,2026-08-02T01:30:00+0200,136.0,EUR/MWh,DK1,DK_1,imbalance_price,Short,2026-08-23T05:51:55Z
2026-08-23T05:46:44Z,2026-08-23T07:46:44+0200,442f0342-0040-4db4-ac3f-85a7f822bcbf,2026-08-01T23:45:00Z,2026-08-02T01:45:00+0200,159.8,EUR/MWh,DK1,DK_1,imbalance_price,Long,2026-08-23T05:51:55Z
2026-08-23T05:46:44Z,2026-08-23T07:46:44+0200,442f0342-0040-4db4-ac3f-85a7f822bcbf,2026-08-01T23:45:00Z,2026-08-02T01:45:00+0200,159.8,EUR/MWh,DK1,DK_1,imbalance_price,Short,2026-08-23T05:51:55Z
2026-08-23T05:46:44Z,2026-08-23T07:46:44+0200,442f0342-0040-4db4-ac3f-85a7f822bcbf,2026-08-02T00:00:00Z,2026-08-02T02:00:00+0200,267.55,EUR/MWh,DK1,DK_1,imbalance_price,Long,2026-08-23T05:51:55Z
2026-08-23T05:46:44Z,2026-08-23T07:46:44+0200,442f0342-0040-4db4-ac3f-85a7f822bcbf,2026-08-02T00:00:00Z,2026-08-02T02:00:00+0200,267.55,EUR/MWh,DK1,DK_1,imbalance_price,Short,2026-08-23T05:51:55Z
2026-08-23T05:46:44Z,2026-08-23T07:46:44+0200,442f0342-0040-4db4-ac3f-85a7f822bcbf,2026-08-02T00:15:00Z,2026-08-02T02:15:00+0200,254.22,EUR/MWh,DK1,DK_1,imbalance_price,Long,2026-08-23T05:51:55Z
2026-08-23T05:46:44Z,2026-08-23T07:46:44+0200,442f0342-0040-4db4-ac3f-85a7f822bcbf,2026-08-02T00:15:00Z,2026-08-02T02:15:00+0200,254.22,EUR/MWh,DK1,DK_1,imbalance_price,Short,2026-08-23T05:51:55Z
2026-08-23T05:46:44Z,2026-08-23T07:46:44+0200,442f0342-0040-4db4-ac3f-85a7f822bcbf,2026-08-02T00:30:00Z,2026-08-02T02:30:00+0200,296.81,EUR/MWh,DK1,DK_1,imbalance_price,Long,2026-08-23T05:51:55Z
2026-08-23T05:46:44Z,2026-08-23T07:46:44+0200,442f0342-0040-4db4-ac3f-85a7f822bcbf,2026-08-02T00:30:00Z,2026-08-02T02:30:00+0200,296.81,EUR/MWh,DK1,DK_1,imbalance_price,Short,2026-08-23T05:51:55Z
2026-08-23T05:46:44Z,2026-08-23T07:46:44+0200,442f0342-0040-4db4-ac3f-85a7f822bcbf,2026-08-02T00:45:00Z,2026-08-02T02:45:00+0200,154.8,EUR/MWh,DK1,DK_1,imbalance_price,Long,2026-08-23T05:51:55Z
2026-08-23T05:46:44Z,2026-08-23T07:46:44+0200,442f0342-0040-4db4-ac3f-85a7f822bcbf,2026-08-02T00:45:00Z,2026-08-02T02:45:00+0200,154.8,EUR/MWh,DK1,DK_1,imbalance_price,Short,2026-08-23T05:51:55Z
2026-08-23T05:46:44Z,2026-08-23T07:46:44+0200,442f0342-0040-4db4-ac3f-85a7f822bcbf,2026-08-02T01:00:00Z,2026-08-02T03:00:00+0200,129.7,EUR/MWh,DK1,DK_1,imbalance_price,Long,2026-08-23T05:51:55Z
2026-08-23T05:46:44Z,2026-08-23T07:46:44+0200,442f0342-0040-4db4-ac3f-85a7f822bcbf,2026-08-02T01:00:00Z,2026-08-02T03:00:00+0200,129.7,EUR/MWh,DK1,DK_1,imbalance_price,Short,2026-08-23T05:51:55Z
2026-08-23T05:46:44Z,2026-08-23T07:46:44+0200,442f0342-0040-4db4-ac3f-85a7f822bcbf,2026-08-02T01:15:00Z,2026-08-02T03:15:00+0200,129.7,EUR/MWh,DK1,DK_1,imbalance_price,Long,2026-08-23T05:51:55Z
2026-08-23T05:46:44Z,2026-08-23T07:46:44+0200,442f0342-0040-4db4-ac3f-85a7f822bcbf,2026-08-02T01:15:00Z,2026-08-02T03:15:00+0200,129.7,EUR/MWh,DK1,DK_1,imbalance_price,Short,2026-08-23T05:51:55Z
2026-08-23T05:46:44Z,2026-08-23T07:46:44+0200,442f0342-0040-4db4-ac3f-85a7f822bcbf,2026-08-02T01:30:00Z,2026-08-02T03:30:00+0200,153.62,EUR/MWh,DK1,DK_1,imbalance_price,Long,2026-08-23T05:51:55Z
2026-08-23T05:46:44Z,2026-08-23T07:46:44+0200,442f0342-0040-4db4-ac3f-85a7f822bcbf,2026-08-02T01:30:00Z,2026-08-02T03:30:00+0200,153.62,EUR/MWh,DK1,DK_1,imbalance_price,Short,2026-08-23T05:51:55Z
2026-08-23T05:46:44Z,2026-08-23T07:46:44+0200,442f0342-0040-4db4-ac3f-85a7f822bcbf,2026-08-02T01:45:00Z,2026-08-02T03:45:00+0200,129.5,EUR/MWh,DK1,DK_1,imbalance_price,Long,2026-08-23T05:51:55Z
2026-08-23T05:46:44Z,2026-08-23T07:46:44+0200,442f0342-0040-4db4-ac3f-85a7f822bcbf,2026-08-02T01:45:00Z,2026-08-02T03:45:00+0200,129.5,EUR/MWh,DK1,DK_1,imbalance_price,Short,2026-08-23T05:51:55Z
2026-08-23T05:46:44Z,2026-08-23T07:46:44+0200,442f0342-0040-4db4-ac3f-85a7f822bcbf,2026-08-02T02:00:00Z,2026-08-02T04:00:00+0200,154.32,EUR/MWh,DK1,DK_1,imbalance_price,Long,2026-08-23T05:51:55Z
2026-08-23T05:46:44Z,2026-08-23T07:46:44+0200,442f0342-0040-4db4-ac3f-85a7f822bcbf,2026-08-02T02:00:00Z,2026-08-02T04:00:00+0200,154.32,EUR/MWh,DK1,DK_1,imbalance_price,Short,2026-08-23T05:51:55Z
2026-08-23T05:46:44Z,2026-08-23T07:46:44+0200,442f0342-0040-4db4-ac3f-85a7f822bcbf,2026-08-02T02:15:00Z,2026-08-02T04:15:00+0200,112.78,EUR/MWh,DK1,DK_1,imbalance_price,Long,2026-08-23T05:51:55Z
2026-08-23T05:46:44Z,2026-08-23T07:46:44+0200,442f0342-0040-4db4-ac3f-85a7f822bcbf,2026-08-02T02:15:00Z,2026-08-02T04:15:00+0200,112.78,EUR/MWh,DK1,DK_1,imbalance_price,Short,2026-08-23T05:51:55Z
2026-08-23T05:46:44Z,2026-08-23T07:46:44+0200,442f0342-0040-4db4-ac3f-85a7f822bcbf,2026-08-02T02:30:00Z,2026-08-02T04:30:00+0200,108.91,EUR/MWh,DK1,DK_1,imbalance_price,Long,2026-08-23T05:51:55Z
2026-08-23T05:46:44Z,2026-08-23T07:46:44+0200,442f0342-0040-4db4-ac3f-85a7f822bcbf,2026-08-02T02:30:00Z,2026-08-02T04:30:00+0200,108.91,EUR/MWh,DK1,DK_1,imbalance_price,Short,2026-08-23T05:51:55Z
2026-08-23T05:46:44Z,2026-08-23T07:46:44+0200,442f0342-0040-4db4-ac3f-85a7f822bcbf,2026-08-02T02:45:00Z,2026-08-02T04:45:00+0200,129.3,EUR/MWh,DK1,DK_1,imbalance_price,Long,2026-08-23T05:51:55Z
2026-08-23T05:46:44Z,2026-08-23T07:46:44+0200,442f0342-0040-4db4-ac3f-85a7f822bcbf,2026-08-02T02:45:00Z,2026-08-02T04:45:00+0200,129.3,EUR/MWh,DK1,DK_1,imbalance_price,Short,2026-08-23T05:51:55Z
2026-08-23T05:46:44Z,2026-08-23T07:46:44+0200,442f0342-0040-4db4-ac3f-85a7f822bcbf,2026-08-02T03:00:00Z,2026-08-02T05:00:00+0200,158.62,EUR/MWh,DK1,DK_1,imbalance_price,Long,2026-08-23T05:51:55Z
2026-08-23T05:46:44Z,2026-08-23T07:46:44+0200,442f0342-0040-4db4-ac3f-85a7f822bcbf,2026-08-02T03:00:00Z,2026-08-02T05:00:00+0200,158.62,EUR/MWh,DK1,DK_1,imbalance_price,Short,2026-08-23T05:51:55Z
2026-08-23T05:46:44Z,2026-08-23T07:46:44+0200,442f0342-0040-4db4-ac3f-85a7f822bcbf,2026-08-02T03:15:00Z,2026-08-02T05:15:00+0200,117.03,EUR/MWh,DK1,DK_1,imbalance_price,Long,2026-08-23T05:51:55Z
2026-08-23T05:46:44Z,2026-08-23T07:46:44+0200,442f0342-0040-4db4-ac3f-85a7f822bcbf,2026-08-02T03:15:00Z,2026-08-02T05:15:00+0200,117.03,EUR/MWh,DK1,DK_1,imbalance_price,Short,2026-08-23T05:51:55Z
2026-08-23T05:46:44Z,2026-08-23T07:46:44+0200,442f0342-0040-4db4-ac3f-85a7f822bcbf,2026-08-02T03:30:00Z,2026-08-02T05:30:00+0200,130.67,EUR/MWh,DK1,DK_1,imbalance_price,Long,2026-08-23T05:51:55Z
2026-08-23T05:46:44Z,2026-08-23T07:46:44+0200,442f0342-0040-4db4-ac3f-85a7f822bcbf,2026-08-02T03:30:00Z,2026-08-02T05:30:00+0200,130.67,EUR/MWh,DK1,DK_1,imbalance_price,Short,2026-08-23T05:51:55Z
2026-08-23T05:46:44Z,2026-08-23T07:46:44+0200,442f0342-0040-4db4-ac3f-85a7f822bcbf,2026-08-02T03:45:00Z,2026-08-02T05:45:00+0200,100.51,EUR/MWh,DK1,DK_1,imbalance_price,Long,2026-08-23T05:51:55Z
2026-08-23T05:46:44Z,2026-08-23T07:46:44+0200,442f0342-0040-4db4-ac3f-85a7f822bcbf,2026-08-02T03:45:00Z,2026-08-02T05:45:00+0200,100.51,EUR/MWh,DK1,DK_1,imbalance_price,Short,2026-08-23T05:51:55Z
2026-08-23T05:46:44Z,2026-08-23T07:46:44+0200,442f0342-0040-4db4-ac3f-85a7f822bcbf,2026-08-02T04:00:00Z,2026-08-02T06:00:00+0200,100.49,EUR/MWh,DK1,DK_1,imbalance_price,Long,2026-08-23T05:51:55Z
2026-08-23T05:46:44Z,2026-08-23T07:46:44+0200,442f0342-0040-4db4-ac3f-85a7f822bcbf,2026-08-02T04:00:00Z,2026-08-02T06:00:00+0200,100.49,EUR/MWh,DK1,DK_1,imbalance_price,Short,2026-08-23T05:51:55Z
2026-08-23T05:46:44Z,2026-08-23T07:46:44+0200,442f0342-0040-4db4-ac3f-85a7f822bcbf,2026-08-02T04:15:00Z,2026-08-02T06:15:00+0200,98.37,EUR/MWh,DK1,DK_1,imbalance_price,Long,2026-08-23T05:51:55Z
2026-08-23T05:46:44Z,2026-08-23T07:46:44+0200,442f0342-0040-4db4-ac3f-85a7f822bcbf,2026-08-02T04:15:00Z,2026-08-02T06:15:00+0200,98.37,EUR/MWh,DK1,DK_1,imbalance_price,Short,2026-08-23T05:51:55Z
2026-08-23T05:46:44Z,2026-08-23T07:46:44+0200,442f0342-0040-4db4-ac3f-85a7f822bcbf,2026-08-02T04:30:00Z,2026-08-02T06:30:00+0200,126.68,EUR/MWh,DK1,DK_1,imbalance_price,Long,2026-08-23T05:51:55Z
2026-08-23T05:46:44Z,2026-08-23T07:46:44+0200,442f0342-0040-4db4-ac3f-85a7f822bcbf,2026-08-02T04:30:00Z,2026-08-02T06:30:00+0200,126.68,EUR/MWh,DK1,DK_1,imbalance_price,Short,2026-08-23T05:51:55Z
2026-08-23T05:46:44Z,2026-08-23T07:46:44+0200,442f0342-0040-4db4-ac3f-85a7f822bcbf,2026-08-02T04:45:00Z,2026-08-02T06:45:00+0200,19.94,EUR/MWh,DK1,DK_1,imbalance_price,Long,2026-08-23T05:51:55Z
2026-08-23T05:46:44Z,2026-08-23T07:46:44+0200,442f0342-0040-4db4-ac3f-85a7f822bcbf,2026-08-02T04:45:00Z,2026-08-02T06:45:00+0200,19.94,EUR/MWh,DK1,DK_1,imbalance_price,Short,2026-08-23T05:51:55Z
2026-08-23T05:46:44Z,2026-08-23T07:46:44+0200,442f0342-0040-4db4-ac3f-85a7f822bcbf,2026-08-02T05:00:00Z,2026-08-02T07:00:00+0200,97.03,EUR/MWh,DK1,DK_1,imbalance_price,Long,2026-08-23T05:51:55Z
2026-08-23T05:46:44Z,2026-08-23T07:46:44+0200,442f0342-0040-4db4-ac3f-85a7f822bcbf,2026-08-02T05:00:00Z,2026-08-02T07:00:00+0200,97.03,EUR/MWh,DK1,DK_1,imbalance_price,Short,2026-08-23T05:51:55Z
2026-08-23T05:46:44Z,2026-08-23T07:46:44+0200,442f0342-0040-4db4-ac3f-85a7f822bcbf,2026-08-02T05:15:00Z,2026-08-02T07:15:00+0200,535.09,EUR/MWh,DK1,DK_1,imbalance_price,Long,2026-08-23T05:51:55Z
2026-08-23T05:46:44Z,2026-08-23T07:46:44+0200,442f0342-0040-4db4-ac3f-85a7f822bcbf,2026-08-02T05:15:00Z,2026-08-02T07:15:00+0200,535.09,EUR/MWh,DK1,DK_1,imbalance_price,Short,2026-08-23T05:51:55Z
2026-08-23T05:46:44Z,2026-08-23T07:46:44+0200,442f0342-0040-4db4-ac3f-85a7f822bcbf,2026-08-02T05:30:00Z,2026-08-02T07:30:00+0200,535.09,EUR/MWh,DK1,DK_1,imbalance_price,Long,2026-08-23T05:51:55Z
2026-08-23T05:46:44Z,2026-08-23T07:46:44+0200,442f0342-0040-4db4-ac3f-85a7f822bcbf,2026-08-02T05:30:00Z,2026-08-02T07:30:00+0200,535.09,EUR/MWh,DK1,DK_1,imbalance_price,Short,2026-08-23T05:51:55Z
2026-08-23T05:46:44Z,2026-08-23T07:46:44+0200,442f0342-0040-4db4-ac3f-85a7f822bcbf,2026-08-02T05:45:00Z,2026-08-02T07:45:00+0200,317.78,EUR/MWh,DK1,DK_1,imbalance_price,Long,2026-08-23T05:51:55Z
2026-08-23T05:46:44Z,2026-08-23T07:46:44+0200,442f0342-0040-4db4-ac3f-85a7f822bcbf,2026-08-02T05:45:00Z,2026-08-02T07:45:00+0200,317.78,EUR/MWh,DK1,DK_1,imbalance_price,Short,2026-08-23T05:51:55Z
2026-08-23T05:46:44Z,2026-08-23T07:46:44+0200,442f0342-0040-4db4-ac3f-85a7f822bcbf,2026-08-02T06:00:00Z,2026-08-02T08:00:00+0200,425.88,EUR/MWh,DK1,DK_1,imbalance_price,Long,2026-08-23T05:51:55Z
2026-08-23T05:46:44Z,2026-08-23T07:46:44+0200,442f0342-0040-4db4-ac3f-85a7f822bcbf,2026-08-02T06:00:00Z,2026-08-02T08:00:00+0200,425.88,EUR/MWh,DK1,DK_1,imbalance_price,Short,2026-08-23T05:51:55Z
2026-08-23T05:46:44Z,2026-08-23T07:46:44+0200,442f0342-0040-4db4-ac3f-85a7f822bcbf,2026-08-02T06:15:00Z,2026-08-02T08:15:00+0200,401.39,EUR/MWh,DK1,DK_1,imbalance_price,Long,2026-08-23T05:51:55Z
2026-08-23T05:46:44Z,2026-08-23T07:46:44+0200,442f0342-0040-4db4-ac3f-85a7f822bcbf,2026-08-02T06:15:00Z,2026-08-02T08:15:00+0200,401.39,EUR/MWh,DK1,DK_1,imbalance_price,Short,2026-08-23T05:51:55Z
2026-08-23T05:46:44Z,2026-08-23T07:46:44+0200,442f0342-0040-4db4-ac3f-85a7f822bcbf,2026-08-02T06:30:00Z,2026-08-02T08:30:00+0200,285.39,EUR/MWh,DK1,DK_1,imbalance_price,Long,2026-08-23T05:51:55Z
2026-08-23T05:46:44Z,2026-08-23T07:46:44+0200,442f0342-0040-4db4-ac3f-85a7f822bcbf,2026-08-02T06:30:00Z,2026-08-02T08:30:00+0200,285.39,EUR/MWh,DK1,DK_1,imbalance_price,Short,2026-08-23T05:51:55Z
2026-08-23T05:46:44Z,2026-08-23T07:46:44+0200,442f0342-0040-4db4-ac3f-85a7f822bcbf,2026-08-02T06:45:00Z,2026-08-02T08:45:00+0200,158.12,EUR/MWh,DK1,DK_1,imbalance_price,Long,2026-08-23T05:51:55Z
2026-08-23T05:46:44Z,2026-08-23T07:46:44+0200,442f0342-0040-4db4-ac3f-85a7f822bcbf,2026-08-02T06:45:00Z,2026-08-02T08:45:00+0200,158.12,EUR/MWh,DK1,DK_1,imbalance_price,Short,2026-08-23T05:51:55Z
2026-08-23T05:46:44Z,2026-08-23T07:46:44+0200,442f0342-0040-4db4-ac3f-85a7f822bcbf,2026-08-02T07:00:00Z,2026-08-02T09:00:00+0200,140.7,EUR/MWh,DK1,DK_1,imbalance_price,Long,2026-08-23T05:51:55Z
2026-08-23T05:46:44Z,2026-08-23T07:46:44+0200,442f0342-0040-4db4-ac3f-85a7f822bcbf,2026-08-02T07:00:00Z,2026-08-02T09:00:00+0200,140.7,EUR/MWh,DK1,DK_1,imbalance_price,Short,2026-08-23T05:51:55Z
2026-08-23T05:46:44Z,2026-08-23T07:46:44+0200,442f0342-0040-4db4-ac3f-85a7f822bcbf,2026-08-02T07:15:00Z,2026-08-02T09:15:00+0200,83.99,EUR/MWh,DK1,DK_1,imbalance_price,Long,2026-08-23T05:51:55Z
2026-08-23T05:46:44Z,2026-08-23T07:46:44+0200,442f0342-0040-4db4-ac3f-85a7f822bcbf,2026-08-02T07:15:00Z,2026-08-02T09:15:00+0200,83.99,EUR/MWh,DK1,DK_1,imbalance_price,Short,2026-08-23T05:51:55Z
2026-08-23T05:46:44Z,2026-08-23T07:46:44+0200,442f0342-0040-4db4-ac3f-85a7f822bcbf,2026-08-02T07:30:00Z,2026-08-02T09:30:00+0200,-16.56,EUR/MWh,DK1,DK_1,imbalance_price,Long,2026-08-23T05:51:55Z
2026-08-23T05:46:44Z,2026-08-23T07:46:44+0200,442f0342-0040-4db4-ac3f-85a7f822bcbf,2026-08-02T07:30:00Z,2026-08-02T09:30:00+0200,-16.56,EUR/MWh,DK1,DK_1,imbalance_price,Short,2026-08-23T05:51:55Z
2026-08-23T05:46:44Z,2026-08-23T07:46:44+0200,442f0342-0040-4db4-ac3f-85a7f822bcbf,2026-08-02T07:45:00Z,2026-08-02T09:45:00+0200,-12.61,EUR/MWh,DK1,DK_1,imbalance_price,Long,2026-08-23T05:51:55Z
2026-08-23T05:46:44Z,2026-08-23T07:46:44+0200,442f0342-0040-4db4-ac3f-85a7f822bcbf,2026-08-02T07:45:00Z,2026-08-02T09:45:00+0200,-12.61,EUR/MWh,DK1,DK_1,imbalance_price,Short,2026-08-23T05:51:55Z
2026-08-23T05:46:44Z,2026-08-23T07:46:44+0200,442f0342-0040-4db4-ac3f-85a7f822bcbf,2026-08-02T08:00:00Z,2026-08-02T10:00:00+0200,-12.16,EUR/MWh,DK1,DK_1,imbalance_price,Long,2026-08-23T05:51:55Z
2026-08-23T05:46:44Z,2026-08-23T07:46:44+0200,442f0342-0040-4db4-ac3f-85a7f822bcbf,2026-08-02T08:00:00Z,2026-08-02T10:00:00+0200,-12.16,EUR/MWh,DK1,DK_1,imbalance_price,Short,2026-08-23T05:51:55Z
2026-08-23T05:46:44Z,2026-08-23T07:46:44+0200,442f0342-0040-4db4-ac3f-85a7f822bcbf,2026-08-02T08:15:00Z,2026-08-02T10:15:00+0200,55.64,EUR/MWh,DK1,DK_1,imbalance_price,Long,2026-08-23T05:51:55Z
2026-08-23T05:46:44Z,2026-08-23T07:46:44+0200,442f0342-0040-4db4-ac3f-85a7f822bcbf,2026-08-02T08:15:00Z,2026-08-02T10:15:00+0200,55.64,EUR/MWh,DK1,DK_1,imbalance_price,Short,2026-08-23T05:51:55Z
2026-08-23T05:46:44Z,2026-08-23T07:46:44+0200,442f0342-0040-4db4-ac3f-85a7f822bcbf,2026-08-02T08:30:00Z,2026-08-02T10:30:00+0200,5.0,EUR/MWh,DK1,DK_1,imbalance_price,Long,2026-08-23T05:51:55Z
2026-08-23T05:46:44Z,2026-08-23T07:46:44+0200,442f0342-0040-4db4-ac3f-85a7f822bcbf,2026-08-02T08:30:00Z,2026-08-02T10:30:00+0200,5.0,EUR/MWh,DK1,DK_1,imbalance_price,Short,2026-08-23T05:51:55Z
2026-08-23T05:46:44Z,2026-08-23T07:46:44+0200,442f0342-0040-4db4-ac3f-85a7f822bcbf,2026-08-02T08:45:00Z,2026-08-02T10:45:00+0200,-0.01,EUR/MWh,DK1,DK_1,imbalance_price,Long,2026-08-23T05:51:55Z
2026-08-23T05:46:44Z,2026-08-23T07:46:44+0200,442f0342-0040-4db4-ac3f-85a7f822bcbf,2026-08-02T08:45:00Z,2026-08-02T10:45:00+0200,-0.01,EUR/MWh,DK1,DK_1,imbalance_price,Short,2026-08-23T05:51:55Z
2026-08-23T05:46:44Z,2026-08-23T07:46:44+0200,442f0342-0040-4db4-ac3f-85a7f822bcbf,2026-08-02T09:00:00Z,2026-08-02T11:00:00+0200,41.46,EUR/MWh,DK1,DK_1,imbalance_price,Long,2026-08-23T05:51:55Z
2026-08-23T05:46:44Z,2026-08-23T07:46:44+0200,442f0342-0040-4db4-ac3f-85a7f822bcbf,2026-08-02T09:00:00Z,2026-08-02T11:00:00+0200,41.46,EUR/MWh,DK1,DK_1,imbalance_price,Short,2026-08-23T05:51:55Z
2026-08-23T05:46:44Z,2026-08-23T07:46:44+0200,442f0342-0040-4db4-ac3f-85a7f822bcbf,2026-08-02T09:15:00Z,2026-08-02T11:15:00+0200,-10.0,EUR/MWh,DK1,DK_1,imbalance_price,Long,2026-08-23T05:51:55Z
2026-08-23T05:46:44Z,2026-08-23T07:46:44+0200,442f0342-0040-4db4-ac3f-85a7f822bcbf,2026-08-02T09:15:00Z,2026-08-02T11:15:00+0200,-10.0,EUR/MWh,DK1,DK_1,imbalance_price,Short,2026-08-23T05:51:55Z
2026-08-23T05:46:44Z,2026-08-23T07:46:44+0200,442f0342-0040-4db4-ac3f-85a7f822bcbf,2026-08-02T09:30:00Z,2026-08-02T11:30:00+0200,32.18,EUR/MWh,DK1,DK_1,imbalance_price,Long,2026-08-23T05:51:55Z
2026-08-23T05:46:44Z,2026-08-23T07:46:44+0200,442f0342-0040-4db4-ac3f-85a7f822bcbf,2026-08-02T09:30:00Z,2026-08-02T11:30:00+0200,32.18,EUR/MWh,DK1,DK_1,imbalance_price,Short,2026-08-23T05:51:55Z
2026-08-23T05:46:44Z,2026-08-23T07:46:44+0200,442f0342-0040-4db4-ac3f-85a7f822bcbf,2026-08-02T09:45:00Z,2026-08-02T11:45:00+0200,0.99,EUR/MWh,DK1,DK_1,imbalance_price,Long,2026-08-23T05:51:55Z
2026-08-23T05:46:44Z,2026-08-23T07:46:44+0200,442f0342-0040-4db4-ac3f-85a7f822bcbf,2026-08-02T09:45:00Z,2026-08-02T11:45:00+0200,0.99,EUR/MWh,DK1,DK_1,imbalance_price,Short,2026-08-23T05:51:55Z
2026-08-23T05:46:44Z,2026-08-23T07:46:44+0200,442f0342-0040-4db4-ac3f-85a7f822bcbf,2026-08-02T10:00:00Z,2026-08-02T12:00:00+0200,2.1,EUR/MWh,DK1,DK_1,imbalance_price,Long,2026-08-23T05:51:55Z
2026-08-23T05:46:44Z,2026-08-23T07:46:44+0200,442f0342-0040-4db4-ac3f-85a7f822bcbf,2026-08-02T10:00:00Z,2026-08-02T12:00:00+0200,2.1,EUR/MWh,DK1,DK_1,imbalance_price,Short,2026-08-23T05:51:55Z
2026-08-23T05:46:44Z,2026-08-23T07:46:44+0200,442f0342-0040-4db4-ac3f-85a7f822bcbf,2026-08-02T10:15:00Z,2026-08-02T12:15:00+0200,67.35,EUR/MWh,DK1,DK_1,imbalance_price,Long,2026-08-23T05:51:55Z
2026-08-23T05:46:44Z,2026-08-23T07:46:44+0200,442f0342-0040-4db4-ac3f-85a7f822bcbf,2026-08-02T10:15:00Z,2026-08-02T12:15:00+0200,67.35,EUR/MWh,DK1,DK_1,imbalance_price,Short,2026-08-23T05:51:55Z
2026-08-23T05:46:44Z,2026-08-23T07:46:44+0200,442f0342-0040-4db4-ac3f-85a7f822bcbf,2026-08-02T10:30:00Z,2026-08-02T12:30:00+0200,2.0,EUR/MWh,DK1,DK_1,imbalance_price,Long,2026-08-23T05:51:55Z
2026-08-23T05:46:44Z,2026-08-23T07:46:44+0200,442f0342-0040-4db4-ac3f-85a7f822bcbf,2026-08-02T10:30:00Z,2026-08-02T12:30:00+0200,2.0,EUR/MWh,DK1,DK_1,imbalance_price,Short,2026-08-23T05:51:55Z
2026-08-23T05:46:44Z,2026-08-23T07:46:44+0200,442f0342-0040-4db4-ac3f-85a7f822bcbf,2026-08-02T10:45:00Z,2026-08-02T12:45:00+0200,27.95,EUR/MWh,DK1,DK_1,imbalance_price,Long,2026-08-23T05:51:55Z
2026-08-23T05:46:44Z,2026-08-23T07:46:44+0200,442f0342-0040-4db4-ac3f-85a7f822bcbf,2026-08-02T10:45:00Z,2026-08-02T12:45:00+0200,27.95,EUR/MWh,DK1,DK_1,imbalance_price,Short,2026-08-23T05:51:55Z
2026-08-23T05:46:44Z,2026-08-23T07:46:44+0200,442f0342-0040-4db4-ac3f-85a7f822bcbf,2026-08-02T11:00:00Z,2026-08-02T13:00:00+0200,-6.69,EUR/MWh,DK1,DK_1,imbalance_price,Long,2026-08-23T05:51:55Z
2026-08-23T05:46:44Z,2026-08-23T07:46:44+0200,442f0342-0040-4db4-ac3f-85a7f822bcbf,2026-08-02T11:00:00Z,2026-08-02T13:00:00+0200,-6.69,EUR/MWh,DK1,DK_1,imbalance_price,Short,2026-08-23T05:51:55Z
2026-08-23T05:46:44Z,2026-08-23T07:46:44+0200,442f0342-0040-4db4-ac3f-85a7f822bcbf,2026-08-02T11:15:00Z,2026-08-02T13:15:00+0200,93.09,EUR/MWh,DK1,DK_1,imbalance_price,Long,2026-08-23T05:51:55Z
2026-08-23T05:46:44Z,2026-08-23T07:46:44+0200,442f0342-0040-4db4-ac3f-85a7f822bcbf,2026-08-02T11:15:00Z,2026-08-02T13:15:00+0200,93.09,EUR/MWh,DK1,DK_1,imbalance_price,Short,2026-08-23T05:51:55Z
2026-08-23T05:46:44Z,2026-08-23T07:46:44+0200,442f0342-0040-4db4-ac3f-85a7f822bcbf,2026-08-02T11:30:00Z,2026-08-02T13:30:00+0200,25.38,EUR/MWh,DK1,DK_1,imbalance_price,Long,2026-08-23T05:51:55Z
2026-08-23T05:46:44Z,2026-08-23T07:46:44+0200,442f0342-0040-4db4-ac3f-85a7f822bcbf,2026-08-02T11:30:00Z,2026-08-02T13:30:00+0200,25.38,EUR/MWh,DK1,DK_1,imbalance_price,Short,2026-08-23T05:51:55Z
2026-08-23T05:46:44Z,2026-08-23T07:46:44+0200,442f0342-0040-4db4-ac3f-85a7f822bcbf,2026-08-02T11:45:00Z,2026-08-02T13:45:00+0200,13.89,EUR/MWh,DK1,DK_1,imbalance_price,Long,2026-08-23T05:51:55Z
2026-08-23T05:46:44Z,2026-08-23T07:46:44+0200,442f0342-0040-4db4-ac3f-85a7f822bcbf,2026-08-02T11:45:00Z,2026-08-02T13:45:00+0200,13.89,EUR/MWh,DK1,DK_1,imbalance_price,Short,2026-08-23T05:51:55Z
2026-08-23T05:46:44Z,2026-08-23T07:46:44+0200,442f0342-0040-4db4-ac3f-85a7f822bcbf,2026-08-02T12:00:00Z,2026-08-02T14:00:00+0200,2.0,EUR/MWh,DK1,DK_1,imbalance_price,Long,2026-08-23T05:51:55Z
2026-08-23T05:46:44Z,2026-08-23T07:46:44+0200,442f0342-0040-4db4-ac3f-85a7f822bcbf,2026-08-02T12:00:00Z,2026-08-02T14:00:00+0200,2.0,EUR/MWh,DK1,DK_1,imbalance_price,Short,2026-08-23T05:51:55Z
2026-08-23T05:46:44Z,2026-08-23T07:46:44+0200,442f0342-0040-4db4-ac3f-85a7f822bcbf,2026-08-02T12:15:00Z,2026-08-02T14:15:00+0200,2.0,EUR/MWh,DK1,DK_1,imbalance_price,Long,2026-08-23T05:51:55Z
2026-08-23T05:46:44Z,2026-08-23T07:46:44+0200,442f0342-0040-4db4-ac3f-85a7f822bcbf,2026-08-02T12:15:00Z,2026-08-02T14:15:00+0200,2.0,EUR/MWh,DK1,DK_1,imbalance_price,Short,2026-08-23T05:51:55Z
2026-08-23T05:46:44Z,2026-08-23T07:46:44+0200,442f0342-0040-4db4-ac3f-85a7f822bcbf,2026-08-02T12:30:00Z,2026-08-02T14:30:00+0200,-13.38,EUR/MWh,DK1,DK_1,imbalance_price,Long,2026-08-23T05:51:55Z
2026-08-23T05:46:44Z,2026-08-23T07:46:44+0200,442f0342-0040-4db4-ac3f-85a7f822bcbf,2026-08-02T12:30:00Z,2026-08-02T14:30:00+0200,-13.38,EUR/MWh,DK1,DK_1,imbalance_price,Short,2026-08-23T05:51:55Z
2026-08-23T05:46:44Z,2026-08-23T07:46:44+0200,442f0342-0040-4db4-ac3f-85a7f822bcbf,2026-08-02T12:45:00Z,2026-08-02T14:45:00+0200,-13.38,EUR/MWh,DK1,DK_1,imbalance_price,Long,2026-08-23T05:51:55Z
2026-08-23T05:46:44Z,2026-08-23T07:46:44+0200,442f0342-0040-4db4-ac3f-85a7f822bcbf,2026-08-02T12:45:00Z,2026-08-02T14:45:00+0200,-13.38,EUR/MWh,DK1,DK_1,imbalance_price,Short,2026-08-23T05:51:55Z
2026-08-23T05:46:44Z,2026-08-23T07:46:44+0200,442f0342-0040-4db4-ac3f-85a7f822bcbf,2026-08-02T13:00:00Z,2026-08-02T15:00:00+0200,-10.0,EUR/MWh,DK1,DK_1,imbalance_price,Long,2026-08-23T05:51:55Z
2026-08-23T05:46:44Z,2026-08-23T07:46:44+0200,442f0342-0040-4db4-ac3f-85a7f822bcbf,2026-08-02T13:00:00Z,2026-08-02T15:00:00+0200,-10.0,EUR/MWh,DK1,DK_1,imbalance_price,Short,2026-08-23T05:51:55Z
2026-08-23T05:46:44Z,2026-08-23T07:46:44+0200,442f0342-0040-4db4-ac3f-85a7f822bcbf,2026-08-02T13:15:00Z,2026-08-02T15:15:00+0200,-10.47,EUR/MWh,DK1,DK_1,imbalance_price,Long,2026-08-23T05:51:55Z
2026-08-23T05:46:44Z,2026-08-23T07:46:44+0200,442f0342-0040-4db4-ac3f-85a7f822bcbf,2026-08-02T13:15:00Z,2026-08-02T15:15:00+0200,-10.47,EUR/MWh,DK1,DK_1,imbalance_price,Short,2026-08-23T05:51:55Z
2026-08-23T05:46:44Z,2026-08-23T07:46:44+0200,442f0342-0040-4db4-ac3f-85a7f822bcbf,2026-08-02T13:30:00Z,2026-08-02T15:30:00+0200,-6.69,EUR/MWh,DK1,DK_1,imbalance_price,Long,2026-08-23T05:51:55Z
2026-08-23T05:46:44Z,2026-08-23T07:46:44+0200,442f0342-0040-4db4-ac3f-85a7f822bcbf,2026-08-02T13:30:00Z,2026-08-02T15:30:00+0200,-6.69,EUR/MWh,DK1,DK_1,imbalance_price,Short,2026-08-23T05:51:55Z
2026-08-23T05:46:44Z,2026-08-23T07:46:44+0200,442f0342-0040-4db4-ac3f-85a7f822bcbf,2026-08-02T13:45:00Z,2026-08-02T15:45:00+0200,-5.53,EUR/MWh,DK1,DK_1,imbalance_price,Long,2026-08-23T05:51:55Z
2026-08-23T05:46:44Z,2026-08-23T07:46:44+0200,442f0342-0040-4db4-ac3f-85a7f822bcbf,2026-08-02T13:45:00Z,2026-08-02T15:45:00+0200,-5.53,EUR/MWh,DK1,DK_1,imbalance_price,Short,2026-08-23T05:51:55Z
2026-08-23T05:46:44Z,2026-08-23T07:46:44+0200,442f0342-0040-4db4-ac3f-85a7f822bcbf,2026-08-02T14:00:00Z,2026-08-02T16:00:00+0200,-6.6,EUR/MWh,DK1,DK_1,imbalance_price,Long,2026-08-23T05:51:55Z
2026-08-23T05:46:44Z,2026-08-23T07:46:44+0200,442f0342-0040-4db4-ac3f-85a7f822bcbf,2026-08-02T14:00:00Z,2026-08-02T16:00:00+0200,-6.6,EUR/MWh,DK1,DK_1,imbalance_price,Short,2026-08-23T05:51:55Z
2026-08-23T05:46:44Z,2026-08-23T07:46:44+0200,442f0342-0040-4db4-ac3f-85a7f822bcbf,2026-08-02T14:15:00Z,2026-08-02T16:15:00+0200,0.0,EUR/MWh,DK1,DK_1,imbalance_price,Long,2026-08-23T05:51:55Z
2026-08-23T05:46:44Z,2026-08-23T07:46:44+0200,442f0342-0040-4db4-ac3f-85a7f822bcbf,2026-08-02T14:15:00Z,2026-08-02T16:15:00+0200,0.0,EUR/MWh,DK1,DK_1,imbalance_price,Short,2026-08-23T05:51:55Z
2026-08-23T05:46:44Z,2026-08-23T07:46:44+0200,442f0342-0040-4db4-ac3f-85a7f822bcbf,2026-08-02T14:30:00Z,2026-08-02T16:30:00+0200,-1.18,EUR/MWh,DK1,DK_1,imbalance_price,Long,2026-08-23T05:51:55Z
2026-08-23T05:46:44Z,2026-08-23T07:46:44+0200,442f0342-0040-4db4-ac3f-85a7f822bcbf,2026-08-02T14:30:00Z,2026-08-02T16:30:00+0200,-1.18,EUR/MWh,DK1,DK_1,imbalance_price,Short,2026-08-23T05:51:55Z
2026-08-23T05:46:44Z,2026-08-23T07:46:44+0200,442f0342-0040-4db4-ac3f-85a7f822bcbf,2026-08-02T14:45:00Z,2026-08-02T16:45:00+0200,-43.67,EUR/MWh,DK1,DK_1,imbalance_price,Long,2026-08-23T05:51:55Z
2026-08-23T05:46:44Z,2026-08-23T07:46:44+0200,442f0342-0040-4db4-ac3f-85a7f822bcbf,2026-08-02T14:45:00Z,2026-08-02T16:45:00+0200,-43.67,EUR/MWh,DK1,DK_1,imbalance_price,Short,2026-08-23T05:51:55Z
2026-08-23T05:46:44Z,2026-08-23T07:46:44+0200,442f0342-0040-4db4-ac3f-85a7f822bcbf,2026-08-02T15:00:00Z,2026-08-02T17:00:00+0200,40.7,EUR/MWh,DK1,DK_1,imbalance_price,Long,2026-08-23T05:51:55Z
2026-08-23T05:46:44Z,2026-08-23T07:46:44+0200,442f0342-0040-4db4-ac3f-85a7f822bcbf,2026-08-02T15:00:00Z,2026-08-02T17:00:00+0200,40.7,EUR/MWh,DK1,DK_1,imbalance_price,Short,2026-08-23T05:51:55Z
2026-08-23T05:46:44Z,2026-08-23T07:46:44+0200,442f0342-0040-4db4-ac3f-85a7f822bcbf,2026-08-02T15:15:00Z,2026-08-02T17:15:00+0200,89.45,EUR/MWh,DK1,DK_1,imbalance_price,Long,2026-08-23T05:51:55Z
2026-08-23T05:46:44Z,2026-08-23T07:46:44+0200,442f0342-0040-4db4-ac3f-85a7f822bcbf,2026-08-02T15:15:00Z,2026-08-02T17:15:00+0200,89.45,EUR/MWh,DK1,DK_1,imbalance_price,Short,2026-08-23T05:51:55Z
2026-08-23T05:46:44Z,2026-08-23T07:46:44+0200,442f0342-0040-4db4-ac3f-85a7f822bcbf,2026-08-02T15:30:00Z,2026-08-02T17:30:00+0200,-39.57,EUR/MWh,DK1,DK_1,imbalance_price,Long,2026-08-23T05:51:55Z
2026-08-23T05:46:44Z,2026-08-23T07:46:44+0200,442f0342-0040-4db4-ac3f-85a7f822bcbf,2026-08-02T15:30:00Z,2026-08-02T17:30:00+0200,-39.57,EUR/MWh,DK1,DK_1,imbalance_price,Short,2026-08-23T05:51:55Z
2026-08-23T05:46:44Z,2026-08-23T07:46:44+0200,442f0342-0040-4db4-ac3f-85a7f822bcbf,2026-08-02T15:45:00Z,2026-08-02T17:45:00+0200,160.29,EUR/MWh,DK1,DK_1,imbalance_price,Long,2026-08-23T05:51:55Z
2026-08-23T05:46:44Z,2026-08-23T07:46:44+0200,442f0342-0040-4db4-ac3f-85a7f822bcbf,2026-08-02T15:45:00Z,2026-08-02T17:45:00+0200,160.29,EUR/MWh,DK1,DK_1,imbalance_price,Short,2026-08-23T05:51:55Z
2026-08-23T05:46:44Z,2026-08-23T07:46:44+0200,442f0342-0040-4db4-ac3f-85a7f822bcbf,2026-08-02T16:00:00Z,2026-08-02T18:00:00+0200,114.71,EUR/MWh,DK1,DK_1,imbalance_price,Long,2026-08-23T05:51:55Z
2026-08-23T05:46:44Z,2026-08-23T07:46:44+0200,442f0342-0040-4db4-ac3f-85a7f822bcbf,2026-08-02T16:00:00Z,2026-08-02T18:00:00+0200,114.71,EUR/MWh,DK1,DK_1,imbalance_price,Short,2026-08-23T05:51:55Z
2026-08-23T05:46:44Z,2026-08-23T07:46:44+0200,442f0342-0040-4db4-ac3f-85a7f822bcbf,2026-08-02T16:15:00Z,2026-08-02T18:15:00+0200,107.04,EUR/MWh,DK1,DK_1,imbalance_price,Long,2026-08-23T05:51:55Z
2026-08-23T05:46:44Z,2026-08-23T07:46:44+0200,442f0342-0040-4db4-ac3f-85a7f822bcbf,2026-08-02T16:15:00Z,2026-08-02T18:15:00+0200,107.04,EUR/MWh,DK1,DK_1,imbalance_price,Short,2026-08-23T05:51:55Z
2026-08-23T05:46:44Z,2026-08-23T07:46:44+0200,442f0342-0040-4db4-ac3f-85a7f822bcbf,2026-08-02T16:30:00Z,2026-08-02T18:30:00+0200,155.98,EUR/MWh,DK1,DK_1,imbalance_price,Long,2026-08-23T05:51:55Z
2026-08-23T05:46:44Z,2026-08-23T07:46:44+0200,442f0342-0040-4db4-ac3f-85a7f822bcbf,2026-08-02T16:30:00Z,2026-08-02T18:30:00+0200,155.98,EUR/MWh,DK1,DK_1,imbalance_price,Short,2026-08-23T05:51:55Z
2026-08-23T05:46:44Z,2026-08-23T07:46:44+0200,442f0342-0040-4db4-ac3f-85a7f822bcbf,2026-08-02T16:45:00Z,2026-08-02T18:45:00+0200,172.59,EUR/MWh,DK1,DK_1,imbalance_price,Long,2026-08-23T05:51:55Z
2026-08-23T05:46:44Z,2026-08-23T07:46:44+0200,442f0342-0040-4db4-ac3f-85a7f822bcbf,2026-08-02T16:45:00Z,2026-08-02T18:45:00+0200,172.59,EUR/MWh,DK1,DK_1,imbalance_price,Short,2026-08-23T05:51:55Z
2026-08-23T05:46:44Z,2026-08-23T07:46:44+0200,442f0342-0040-4db4-ac3f-85a7f822bcbf,2026-08-02T17:00:00Z,2026-08-02T19:00:00+0200,317.78,EUR/MWh,DK1,DK_1,imbalance_price,Long,2026-08-23T05:51:55Z
2026-08-23T05:46:44Z,2026-08-23T07:46:44+0200,442f0342-0040-4db4-ac3f-85a7f822bcbf,2026-08-02T17:00:00Z,2026-08-02T19:00:00+0200,317.78,EUR/MWh,DK1,DK_1,imbalance_price,Short,2026-08-23T05:51:55Z
2026-08-23T05:46:44Z,2026-08-23T07:46:44+0200,442f0342-0040-4db4-ac3f-85a7f822bcbf,2026-08-02T17:15:00Z,2026-08-02T19:15:00+0200,169.93,EUR/MWh,DK1,DK_1,imbalance_price,Long,2026-08-23T05:51:55Z
2026-08-23T05:46:44Z,2026-08-23T07:46:44+0200,442f0342-0040-4db4-ac3f-85a7f822bcbf,2026-08-02T17:15:00Z,2026-08-02T19:15:00+0200,169.93,EUR/MWh,DK1,DK_1,imbalance_price,Short,2026-08-23T05:51:55Z
2026-08-23T05:46:44Z,2026-08-23T07:46:44+0200,442f0342-0040-4db4-ac3f-85a7f822bcbf,2026-08-02T17:30:00Z,2026-08-02T19:30:00+0200,154.5,EUR/MWh,DK1,DK_1,imbalance_price,Long,2026-08-23T05:51:55Z
2026-08-23T05:46:44Z,2026-08-23T07:46:44+0200,442f0342-0040-4db4-ac3f-85a7f822bcbf,2026-08-02T17:30:00Z,2026-08-02T19:30:00+0200,154.5,EUR/MWh,DK1,DK_1,imbalance_price,Short,2026-08-23T05:51:55Z
2026-08-23T05:46:44Z,2026-08-23T07:46:44+0200,442f0342-0040-4db4-ac3f-85a7f822bcbf,2026-08-02T17:45:00Z,2026-08-02T19:45:00+0200,165.38,EUR/MWh,DK1,DK_1,imbalance_price,Long,2026-08-23T05:51:55Z
2026-08-23T05:46:44Z,2026-08-23T07:46:44+0200,442f0342-0040-4db4-ac3f-85a7f822bcbf,2026-08-02T17:45:00Z,2026-08-02T19:45:00+0200,165.38,EUR/MWh,DK1,DK_1,imbalance_price,Short,2026-08-23T05:51:55Z
2026-08-23T05:46:44Z,2026-08-23T07:46:44+0200,442f0342-0040-4db4-ac3f-85a7f822bcbf,2026-08-02T18:00:00Z,2026-08-02T20:00:00+0200,107.32,EUR/MWh,DK1,DK_1,imbalance_price,Long,2026-08-23T05:51:55Z
2026-08-23T05:46:44Z,2026-08-23T07:46:44+0200,442f0342-0040-4db4-ac3f-85a7f822bcbf,2026-08-02T18:00:00Z,2026-08-02T20:00:00+0200,107.32,EUR/MWh,DK1,DK_1,imbalance_price,Short,2026-08-23T05:51:55Z
2026-08-23T05:46:44Z,2026-08-23T07:46:44+0200,442f0342-0040-4db4-ac3f-85a7f822bcbf,2026-08-02T18:15:00Z,2026-08-02T20:15:00+0200,246.65,EUR/MWh,DK1,DK_1,imbalance_price,Long,2026-08-23T05:51:55Z
2026-08-23T05:46:44Z,2026-08-23T07:46:44+0200,442f0342-0040-4db4-ac3f-85a7f822bcbf,2026-08-02T18:15:00Z,2026-08-02T20:15:00+0200,246.65,EUR/MWh,DK1,DK_1,imbalance_price,Short,2026-08-23T05:51:55Z
2026-08-23T05:46:44Z,2026-08-23T07:46:44+0200,442f0342-0040-4db4-ac3f-85a7f822bcbf,2026-08-02T18:30:00Z,2026-08-02T20:30:00+0200,111.62,EUR/MWh,DK1,DK_1,imbalance_price,Long,2026-08-23T05:51:55Z
2026-08-23T05:46:44Z,2026-08-23T07:46:44+0200,442f0342-0040-4db4-ac3f-85a7f822bcbf,2026-08-02T18:30:00Z,2026-08-02T20:30:00+0200,111.62,EUR/MWh,DK1,DK_1,imbalance_price,Short,2026-08-23T05:51:55Z
2026-08-23T05:46:44Z,2026-08-23T07:46:44+0200,442f0342-0040-4db4-ac3f-85a7f822bcbf,2026-08-02T18:45:00Z,2026-08-02T20:45:00+0200,98.41,EUR/MWh,DK1,DK_1,imbalance_price,Long,2026-08-23T05:51:55Z
2026-08-23T05:46:44Z,2026-08-23T07:46:44+0200,442f0342-0040-4db4-ac3f-85a7f822bcbf,2026-08-02T18:45:00Z,2026-08-02T20:45:00+0200,98.41,EUR/MWh,DK1,DK_1,imbalance_price,Short,2026-08-23T05:51:55Z
2026-08-23T05:46:44Z,2026-08-23T07:46:44+0200,442f0342-0040-4db4-ac3f-85a7f822bcbf,2026-08-02T19:00:00Z,2026-08-02T21:00:00+0200,131.11,EUR/MWh,DK1,DK_1,imbalance_price,Long,2026-08-23T05:51:55Z
2026-08-23T05:46:44Z,2026-08-23T07:46:44+0200,442f0342-0040-4db4-ac3f-85a7f822bcbf,2026-08-02T19:00:00Z,2026-08-02T21:00:00+0200,131.11,EUR/MWh,DK1,DK_1,imbalance_price,Short,2026-08-23T05:51:55Z
2026-08-23T05:46:44Z,2026-08-23T07:46:44+0200,442f0342-0040-4db4-ac3f-85a7f822bcbf,2026-08-02T19:15:00Z,2026-08-02T21:15:00+0200,111.43,EUR/MWh,DK1,DK_1,imbalance_price,Long,2026-08-23T05:51:55Z
2026-08-23T05:46:44Z,2026-08-23T07:46:44+0200,442f0342-0040-4db4-ac3f-85a7f822bcbf,2026-08-02T19:15:00Z,2026-08-02T21:15:00+0200,111.43,EUR/MWh,DK1,DK_1,imbalance_price,Short,2026-08-23T05:51:55Z
2026-08-23T05:46:44Z,2026-08-23T07:46:44+0200,442f0342-0040-4db4-ac3f-85a7f822bcbf,2026-08-02T19:30:00Z,2026-08-02T21:30:00+0200,267.6,EUR/MWh,DK1,DK_1,imbalance_price,Long,2026-08-23T05:51:55Z
2026-08-23T05:46:44Z,2026-08-23T07:46:44+0200,442f0342-0040-4db4-ac3f-85a7f822bcbf,2026-08-02T19:30:00Z,2026-08-02T21:30:00+0200,267.6,EUR/MWh,DK1,DK_1,imbalance_price,Short,2026-08-23T05:51:55Z
2026-08-23T05:46:44Z,2026-08-23T07:46:44+0200,442f0342-0040-4db4-ac3f-85a7f822bcbf,2026-08-02T19:45:00Z,2026-08-02T21:45:00+0200,248.73,EUR/MWh,DK1,DK_1,imbalance_price,Long,2026-08-23T05:51:55Z
2026-08-23T05:46:44Z,2026-08-23T07:46:44+0200,442f0342-0040-4db4-ac3f-85a7f822bcbf,2026-08-02T19:45:00Z,2026-08-02T21:45:00+0200,248.73,EUR/MWh,DK1,DK_1,imbalance_price,Short,2026-08-23T05:51:55Z
2026-08-23T05:46:44Z,2026-08-23T07:46:44+0200,442f0342-0040-4db4-ac3f-85a7f822bcbf,2026-08-02T20:00:00Z,2026-08-02T22:00:00+0200,181.14,EUR/MWh,DK1,DK_1,imbalance_price,Long,2026-08-23T05:51:55Z
2026-08-23T05:46:44Z,2026-08-23T07:46:44+0200,442f0342-0040-4db4-ac3f-85a7f822bcbf,2026-08-02T20:00:00Z,2026-08-02T22:00:00+0200,181.14,EUR/MWh,DK1,DK_1,imbalance_price,Short,2026-08-23T05:51:55Z
2026-08-23T05:46:44Z,2026-08-23T07:46:44+0200,442f0342-0040-4db4-ac3f-85a7f822bcbf,2026-08-02T20:15:00Z,2026-08-02T22:15:00+0200,254.22,EUR/MWh,DK1,DK_1,imbalance_price,Long,2026-08-23T05:51:55Z
2026-08-23T05:46:44Z,2026-08-23T07:46:44+0200,442f0342-0040-4db4-ac3f-85a7f822bcbf,2026-08-02T20:15:00Z,2026-08-02T22:15:00+0200,254.22,EUR/MWh,DK1,DK_1,imbalance_price,Short,2026-08-23T05:51:55Z
2026-08-23T05:46:44Z,2026-08-23T07:46:44+0200,442f0342-0040-4db4-ac3f-85a7f822bcbf,2026-08-02T20:30:00Z,2026-08-02T22:30:00+0200,248.73,EUR/MWh,DK1,DK_1,imbalance_price,Long,2026-08-23T05:51:55Z
2026-08-23T05:46:44Z,2026-08-23T07:46:44+0200,442f0342-0040-4db4-ac3f-85a7f822bcbf,2026-08-02T20:30:00Z,2026-08-02T22:30:00+0200,248.73,EUR/MWh,DK1,DK_1,imbalance_price,Short,2026-08-23T05:51:55Z
2026-08-23T05:46:44Z,2026-08-23T07:46:44+0200,442f0342-0040-4db4-ac3f-85a7f822bcbf,2026-08-02T20:45:00Z,2026-08-02T22:45:00+0200,200.0,EUR/MWh,DK1,DK_1,imbalance_price,Long,2026-08-23T05:51:55Z
2026-08-23T05:46:44Z,2026-08-23T07:46:44+0200,442f0342-0040-4db4-ac3f-85a7f822bcbf,2026-08-02T20:45:00Z,2026-08-02T22:45:00+0200,200.0,EUR/MWh,DK1,DK_1,imbalance_price,Short,2026-08-23T05:51:55Z
2026-08-23T05:46:44Z,2026-08-23T07:46:44+0200,442f0342-0040-4db4-ac3f-85a7f822bcbf,2026-08-02T21:00:00Z,2026-08-02T23:00:00+0200,248.73,EUR/MWh,DK1,DK_1,imbalance_price,Long,2026-08-23T05:51:55Z
2026-08-23T05:46:44Z,2026-08-23T07:46:44+0200,442f0342-0040-4db4-ac3f-85a7f822bcbf,2026-08-02T21:00:00Z,2026-08-02T23:00:00+0200,248.73,EUR/MWh,DK1,DK_1,imbalance_price,Short,2026-08-23T05:51:55Z
2026-08-23T05:46:44Z,2026-08-23T07:46:44+0200,442f0342-0040-4db4-ac3f-85a7f822bcbf,2026-08-02T21:15:00Z,2026-08-02T23:15:00+0200,247.53,EUR/MWh,DK1,DK_1,imbalance_price,Long,2026-08-23T05:51:55Z
2026-08-23T05:46:44Z,2026-08-23T07:46:44+0200,442f0342-0040-4db4-ac3f-85a7f822bcbf,2026-08-02T21:15:00Z,2026-08-02T23:15:00+0200,247.53,EUR/MWh,DK1,DK_1,imbalance_price,Short,2026-08-23T05:51:55Z
2026-08-23T05:46:44Z,2026-08-23T07:46:44+0200,442f0342-0040-4db4-ac3f-85a7f822bcbf,2026-08-02T21:30:00Z,2026-08-02T23:30:00+0200,267.6,EUR/MWh,DK1,DK_1,imbalance_price,Long,2026-08-23T05:51:55Z
2026-08-23T05:46:44Z,2026-08-23T07:46:44+0200,442f0342-0040-4db4-ac3f-85a7f822bcbf,2026-08-02T21:30:00Z,2026-08-02T23:30:00+0200,267.6,EUR/MWh,DK1,DK_1,imbalance_price,Short,2026-08-23T05:51:55Z
2026-08-23T05:46:44Z,2026-08-23T07:46:44+0200,442f0342-0040-4db4-ac3f-85a7f822bcbf,2026-08-02T21:45:00Z,2026-08-02T23:45:00+0200,252.2,EUR/MWh,DK1,DK_1,imbalance_price,Long,2026-08-23T05:51:55Z
2026-08-23T05:46:44Z,2026-08-23T07:46:44+0200,442f0342-0040-4db4-ac3f-85a7f822bcbf,2026-08-02T21:45:00Z,2026-08-02T23:45:00+0200,252.2,EUR/MWh,DK1,DK_1,imbalance_price,Short,2026-08-23T05:51:55Z
2026-08-23T05:46:44Z,2026-08-23T07:46:44+0200,442f0342-0040-4db4-ac3f-85a7f822bcbf,2026-08-02T22:00:00Z,2026-08-03T00:00:00+0200,97.03,EUR/MWh,DK1,DK_1,imbalance_price,Long,2026-08-23T05:51:55Z
2026-08-23T05:46:44Z,2026-08-23T07:46:44+0200,442f0342-0040-4db4-ac3f-85a7f822bcbf,2026-08-02T22:00:00Z,2026-08-03T00:00:00+0200,97.03,EUR/MWh,DK1,DK_1,imbalance_price,Short,2026-08-23T05:51:55Z
2026-08-23T05:46:44Z,2026-08-23T07:46:44+0200,442f0342-0040-4db4-ac3f-85a7f822bcbf,2026-08-02T22:15:00Z,2026-08-03T00:15:00+0200,97.03,EUR/MWh,DK1,DK_1,imbalance_price,Long,2026-08-23T05:51:55Z
2026-08-23T05:46:44Z,2026-08-23T07:46:44+0200,442f0342-0040-4db4-ac3f-85a7f822bcbf,2026-08-02T22:15:00Z,2026-08-03T00:15:00+0200,97.03,EUR/MWh,DK1,DK_1,imbalance_price,Short,2026-08-23T05:51:55Z
2026-08-23T05:46:44Z,2026-08-23T07:46:44+0200,442f0342-0040-4db4-ac3f-85a7f822bcbf,2026-08-02T22:30:00Z,2026-08-03T00:30:00+0200,97.03,EUR/MWh,DK1,DK_1,imbalance_price,Long,2026-08-23T05:51:55Z
2026-08-23T05:46:44Z,2026-08-23T07:46:44+0200,442f0342-0040-4db4-ac3f-85a7f822bcbf,2026-08-02T22:30:00Z,2026-08-03T00:30:00+0200,97.03,EUR/MWh,DK1,DK_1,imbalance_price,Short,2026-08-23T05:51:55Z
2026-08-23T05:46:44Z,2026-08-23T07:46:44+0200,442f0342-0040-4db4-ac3f-85a7f822bcbf,2026-08-02T22:45:00Z,2026-08-03T00:45:00+0200,132.98,EUR/MWh,DK1,DK_1,imbalance_price,Long,2026-08-23T05:51:55Z
2026-08-23T05:46:44Z,2026-08-23T07:46:44+0200,442f0342-0040-4db4-ac3f-85a7f822bcbf,2026-08-02T22:45:00Z,2026-08-03T00:45:00+0200,132.98,EUR/MWh,DK1,DK_1,imbalance_price,Short,2026-08-23T05:51:55Z
2026-08-23T05:46:44Z,2026-08-23T07:46:44+0200,442f0342-0040-4db4-ac3f-85a7f822bcbf,2026-08-02T23:00:00Z,2026-08-03T01:00:00+0200,137.0,EUR/MWh,DK1,DK_1,imbalance_price,Long,2026-08-23T05:51:55Z
2026-08-23T05:46:44Z,2026-08-23T07:46:44+0200,442f0342-0040-4db4-ac3f-85a7f822bcbf,2026-08-02T23:00:00Z,2026-08-03T01:00:00+0200,137.0,EUR/MWh,DK1,DK_1,imbalance_price,Short,2026-08-23T05:51:55Z
2026-08-23T05:46:44Z,2026-08-23T07:46:44+0200,442f0342-0040-4db4-ac3f-85a7f822bcbf,2026-08-02T23:15:00Z,2026-08-03T01:15:00+0200,97.88,EUR/MWh,DK1,DK_1,imbalance_price,Long,2026-08-23T05:51:55Z
2026-08-23T05:46:44Z,2026-08-23T07:46:44+0200,442f0342-0040-4db4-ac3f-85a7f822bcbf,2026-08-02T23:15:00Z,2026-08-03T01:15:00+0200,97.88,EUR/MWh,DK1,DK_1,imbalance_price,Short,2026-08-23T05:51:55Z
2026-08-23T05:46:44Z,2026-08-23T07:46:44+0200,442f0342-0040-4db4-ac3f-85a7f822bcbf,2026-08-02T23:30:00Z,2026-08-03T01:30:00+0200,134.66,EUR/MWh,DK1,DK_1,imbalance_price,Long,2026-08-23T05:51:55Z
2026-08-23T05:46:44Z,2026-08-23T07:46:44+0200,442f0342-0040-4db4-ac3f-85a7f822bcbf,2026-08-02T23:30:00Z,2026-08-03T01:30:00+0200,134.66,EUR/MWh,DK1,DK_1,imbalance_price,Short,2026-08-23T05:51:55Z
2026-08-23T05:46:44Z,2026-08-23T07:46:44+0200,442f0342-0040-4db4-ac3f-85a7f822bcbf,2026-08-02T23:45:00Z,2026-08-03T01:45:00+0200,131.87,EUR/MWh,DK1,DK_1,imbalance_price,Long,2026-08-23T05:51:55Z
2026-08-23T05:46:44Z,2026-08-23T07:46:44+0200,442f0342-0040-4db4-ac3f-85a7f822bcbf,2026-08-02T23:45:00Z,2026-08-03T01:45:00+0200,131.87,EUR/MWh,DK1,DK_1,imbalance_price,Short,2026-08-23T05:51:55Z
2026-08-23T05:46:44Z,2026-08-23T07:46:44+0200,442f0342-0040-4db4-ac3f-85a7f822bcbf,2026-08-03T00:00:00Z,2026-08-03T02:00:00+0200,97.03,EUR/MWh,DK1,DK_1,imbalance_price,Long,2026-08-23T05:51:55Z
2026-08-23T05:46:44Z,2026-08-23T07:46:44+0200,442f0342-0040-4db4-ac3f-85a7f822bcbf,2026-08-03T00:00:00Z,2026-08-03T02:00:00+0200,97.03,EUR/MWh,DK1,DK_1,imbalance_price,Short,2026-08-23T05:51:55Z
2026-08-23T05:46:44Z,2026-08-23T07:46:44+0200,442f0342-0040-4db4-ac3f-85a7f822bcbf,2026-08-03T00:15:00Z,2026-08-03T02:15:00+0200,98.61,EUR/MWh,DK1,DK_1,imbalance_price,Long,2026-08-23T05:51:55Z
2026-08-23T05:46:44Z,2026-08-23T07:46:44+0200,442f0342-0040-4db4-ac3f-85a7f822bcbf,2026-08-03T00:15:00Z,2026-08-03T02:15:00+0200,98.61,EUR/MWh,DK1,DK_1,imbalance_price,Short,2026-08-23T05:51:55Z
2026-08-23T05:46:44Z,2026-08-23T07:46:44+0200,442f0342-0040-4db4-ac3f-85a7f822bcbf,2026-08-03T00:30:00Z,2026-08-03T02:30:00+0200,130.73,EUR/MWh,DK1,DK_1,imbalance_price,Long,2026-08-23T05:51:55Z
2026-08-23T05:46:44Z,2026-08-23T07:46:44+0200,442f0342-0040-4db4-ac3f-85a7f822bcbf,2026-08-03T00:30:00Z,2026-08-03T02:30:00+0200,130.73,EUR/MWh,DK1,DK_1,imbalance_price,Short,2026-08-23T05:51:55Z
2026-08-23T05:46:44Z,2026-08-23T07:46:44+0200,442f0342-0040-4db4-ac3f-85a7f822bcbf,2026-08-03T00:45:00Z,2026-08-03T02:45:00+0200,96.08,EUR/MWh,DK1,DK_1,imbalance_price,Long,2026-08-23T05:51:55Z
2026-08-23T05:46:44Z,2026-08-23T07:46:44+0200,442f0342-0040-4db4-ac3f-85a7f822bcbf,2026-08-03T00:45:00Z,2026-08-03T02:45:00+0200,96.08,EUR/MWh,DK1,DK_1,imbalance_price,Short,2026-08-23T05:51:55Z
2026-08-23T05:46:44Z,2026-08-23T07:46:44+0200,442f0342-0040-4db4-ac3f-85a7f822bcbf,2026-08-03T01:00:00Z,2026-08-03T03:00:00+0200,97.41,EUR/MWh,DK1,DK_1,imbalance_price,Long,2026-08-23T05:51:55Z
2026-08-23T05:46:44Z,2026-08-23T07:46:44+0200,442f0342-0040-4db4-ac3f-85a7f822bcbf,2026-08-03T01:00:00Z,2026-08-03T03:00:00+0200,97.41,EUR/MWh,DK1,DK_1,imbalance_price,Short,2026-08-23T05:51:55Z
2026-08-23T05:46:44Z,2026-08-23T07:46:44+0200,442f0342-0040-4db4-ac3f-85a7f822bcbf,2026-08-03T01:15:00Z,2026-08-03T03:15:00+0200,102.42,EUR/MWh,DK1,DK_1,imbalance_price,Long,2026-08-23T05:51:55Z
2026-08-23T05:46:44Z,2026-08-23T07:46:44+0200,442f0342-0040-4db4-ac3f-85a7f822bcbf,2026-08-03T01:15:00Z,2026-08-03T03:15:00+0200,102.42,EUR/MWh,DK1,DK_1,imbalance_price,Short,2026-08-23T05:51:55Z
2026-08-23T05:46:44Z,2026-08-23T07:46:44+0200,442f0342-0040-4db4-ac3f-85a7f822bcbf,2026-08-03T01:30:00Z,2026-08-03T03:30:00+0200,104.99,EUR/MWh,DK1,DK_1,imbalance_price,Long,2026-08-23T05:51:55Z
2026-08-23T05:46:44Z,2026-08-23T07:46:44+0200,442f0342-0040-4db4-ac3f-85a7f822bcbf,2026-08-03T01:30:00Z,2026-08-03T03:30:00+0200,104.99,EUR/MWh,DK1,DK_1,imbalance_price,Short,2026-08-23T05:51:55Z
2026-08-23T05:46:44Z,2026-08-23T07:46:44+0200,442f0342-0040-4db4-ac3f-85a7f822bcbf,2026-08-03T01:45:00Z,2026-08-03T03:45:00+0200,131.15,EUR/MWh,DK1,DK_1,imbalance_price,Long,2026-08-23T05:51:55Z
2026-08-23T05:46:44Z,2026-08-23T07:46:44+0200,442f0342-0040-4db4-ac3f-85a7f822bcbf,2026-08-03T01:45:00Z,2026-08-03T03:45:00+0200,131.15,EUR/MWh,DK1,DK_1,imbalance_price,Short,2026-08-23T05:51:55Z
2026-08-23T05:46:44Z,2026-08-23T07:46:44+0200,442f0342-0040-4db4-ac3f-85a7f822bcbf,2026-08-03T02:00:00Z,2026-08-03T04:00:00+0200,128.24,EUR/MWh,DK1,DK_1,imbalance_price,Long,2026-08-23T05:51:55Z
2026-08-23T05:46:44Z,2026-08-23T07:46:44+0200,442f0342-0040-4db4-ac3f-85a7f822bcbf,2026-08-03T02:00:00Z,2026-08-03T04:00:00+0200,128.24,EUR/MWh,DK1,DK_1,imbalance_price,Short,2026-08-23T05:51:55Z
2026-08-23T05:46:44Z,2026-08-23T07:46:44+0200,442f0342-0040-4db4-ac3f-85a7f822bcbf,2026-08-03T02:15:00Z,2026-08-03T04:15:00+0200,142.47,EUR/MWh,DK1,DK_1,imbalance_price,Long,2026-08-23T05:51:55Z
2026-08-23T05:46:44Z,2026-08-23T07:46:44+0200,442f0342-0040-4db4-ac3f-85a7f822bcbf,2026-08-03T02:15:00Z,2026-08-03T04:15:00+0200,142.47,EUR/MWh,DK1,DK_1,imbalance_price,Short,2026-08-23T05:51:55Z
2026-08-23T05:46:44Z,2026-08-23T07:46:44+0200,442f0342-0040-4db4-ac3f-85a7f822bcbf,2026-08-03T02:30:00Z,2026-08-03T04:30:00+0200,132.75,EUR/MWh,DK1,DK_1,imbalance_price,Long,2026-08-23T05:51:55Z
2026-08-23T05:46:44Z,2026-08-23T07:46:44+0200,442f0342-0040-4db4-ac3f-85a7f822bcbf,2026-08-03T02:30:00Z,2026-08-03T04:30:00+0200,132.75,EUR/MWh,DK1,DK_1,imbalance_price,Short,2026-08-23T05:51:55Z
2026-08-23T05:46:44Z,2026-08-23T07:46:44+0200,442f0342-0040-4db4-ac3f-85a7f822bcbf,2026-08-03T02:45:00Z,2026-08-03T04:45:00+0200,136.59,EUR/MWh,DK1,DK_1,imbalance_price,Long,2026-08-23T05:51:55Z
2026-08-23T05:46:44Z,2026-08-23T07:46:44+0200,442f0342-0040-4db4-ac3f-85a7f822bcbf,2026-08-03T02:45:00Z,2026-08-03T04:45:00+0200,136.59,EUR/MWh,DK1,DK_1,imbalance_price,Short,2026-08-23T05:51:55Z
2026-08-23T05:46:44Z,2026-08-23T07:46:44+0200,442f0342-0040-4db4-ac3f-85a7f822bcbf,2026-08-03T03:00:00Z,2026-08-03T05:00:00+0200,97.02,EUR/MWh,DK1,DK_1,imbalance_price,Long,2026-08-23T05:51:55Z
2026-08-23T05:46:44Z,2026-08-23T07:46:44+0200,442f0342-0040-4db4-ac3f-85a7f822bcbf,2026-08-03T03:00:00Z,2026-08-03T05:00:00+0200,97.02,EUR/MWh,DK1,DK_1,imbalance_price,Short,2026-08-23T05:51:55Z
2026-08-23T05:46:44Z,2026-08-23T07:46:44+0200,442f0342-0040-4db4-ac3f-85a7f822bcbf,2026-08-03T03:15:00Z,2026-08-03T05:15:00+0200,140.24,EUR/MWh,DK1,DK_1,imbalance_price,Long,2026-08-23T05:51:55Z
2026-08-23T05:46:44Z,2026-08-23T07:46:44+0200,442f0342-0040-4db4-ac3f-85a7f822bcbf,2026-08-03T03:15:00Z,2026-08-03T05:15:00+0200,140.24,EUR/MWh,DK1,DK_1,imbalance_price,Short,2026-08-23T05:51:55Z
2026-08-23T05:46:44Z,2026-08-23T07:46:44+0200,442f0342-0040-4db4-ac3f-85a7f822bcbf,2026-08-03T03:30:00Z,2026-08-03T05:30:00+0200,154.85,EUR/MWh,DK1,DK_1,imbalance_price,Long,2026-08-23T05:51:55Z
2026-08-23T05:46:44Z,2026-08-23T07:46:44+0200,442f0342-0040-4db4-ac3f-85a7f822bcbf,2026-08-03T03:30:00Z,2026-08-03T05:30:00+0200,154.85,EUR/MWh,DK1,DK_1,imbalance_price,Short,2026-08-23T05:51:55Z
2026-08-23T05:46:44Z,2026-08-23T07:46:44+0200,442f0342-0040-4db4-ac3f-85a7f822bcbf,2026-08-03T03:45:00Z,2026-08-03T05:45:00+0200,150.26,EUR/MWh,DK1,DK_1,imbalance_price,Long,2026-08-23T05:51:55Z
2026-08-23T05:46:44Z,2026-08-23T07:46:44+0200,442f0342-0040-4db4-ac3f-85a7f822bcbf,2026-08-03T03:45:00Z,2026-08-03T05:45:00+0200,150.26,EUR/MWh,DK1,DK_1,imbalance_price,Short,2026-08-23T05:51:55Z
2026-08-23T05:46:44Z,2026-08-23T07:46:44+0200,442f0342-0040-4db4-ac3f-85a7f822bcbf,2026-08-03T04:00:00Z,2026-08-03T06:00:00+0200,163.46,EUR/MWh,DK1,DK_1,imbalance_price,Long,2026-08-23T05:51:55Z
2026-08-23T05:46:44Z,2026-08-23T07:46:44+0200,442f0342-0040-4db4-ac3f-85a7f822bcbf,2026-08-03T04:00:00Z,2026-08-03T06:00:00+0200,163.46,EUR/MWh,DK1,DK_1,imbalance_price,Short,2026-08-23T05:51:55Z
2026-08-23T05:46:44Z,2026-08-23T07:46:44+0200,442f0342-0040-4db4-ac3f-85a7f822bcbf,2026-08-03T04:15:00Z,2026-08-03T06:15:00+0200,105.35,EUR/MWh,DK1,DK_1,imbalance_price,Long,2026-08-23T05:51:55Z
2026-08-23T05:46:44Z,2026-08-23T07:46:44+0200,442f0342-0040-4db4-ac3f-85a7f822bcbf,2026-08-03T04:15:00Z,2026-08-03T06:15:00+0200,105.35,EUR/MWh,DK1,DK_1,imbalance_price,Short,2026-08-23T05:51:55Z
2026-08-23T05:46:44Z,2026-08-23T07:46:44+0200,442f0342-0040-4db4-ac3f-85a7f822bcbf,2026-08-03T04:30:00Z,2026-08-03T06:30:00+0200,97.61,EUR/MWh,DK1,DK_1,imbalance_price,Long,2026-08-23T05:51:55Z
2026-08-23T05:46:44Z,2026-08-23T07:46:44+0200,442f0342-0040-4db4-ac3f-85a7f822bcbf,2026-08-03T04:30:00Z,2026-08-03T06:30:00+0200,97.61,EUR/MWh,DK1,DK_1,imbalance_price,Short,2026-08-23T05:51:55Z
2026-08-23T05:46:44Z,2026-08-23T07:46:44+0200,442f0342-0040-4db4-ac3f-85a7f822bcbf,2026-08-03T04:45:00Z,2026-08-03T06:45:00+0200,334.5,EUR/MWh,DK1,DK_1,imbalance_price,Long,2026-08-23T05:51:55Z
2026-08-23T05:46:44Z,2026-08-23T07:46:44+0200,442f0342-0040-4db4-ac3f-85a7f822bcbf,2026-08-03T04:45:00Z,2026-08-03T06:45:00+0200,334.5,EUR/MWh,DK1,DK_1,imbalance_price,Short,2026-08-23T05:51:55Z
2026-08-23T05:46:44Z,2026-08-23T07:46:44+0200,442f0342-0040-4db4-ac3f-85a7f822bcbf,2026-08-03T05:00:00Z,2026-08-03T07:00:00+0200,280.98,EUR/MWh,DK1,DK_1,imbalance_price,Long,2026-08-23T05:51:55Z
2026-08-23T05:46:44Z,2026-08-23T07:46:44+0200,442f0342-0040-4db4-ac3f-85a7f822bcbf,2026-08-03T05:00:00Z,2026-08-03T07:00:00+0200,280.98,EUR/MWh,DK1,DK_1,imbalance_price,Short,2026-08-23T05:51:55Z
2026-08-23T05:46:44Z,2026-08-23T07:46:44+0200,442f0342-0040-4db4-ac3f-85a7f822bcbf,2026-08-03T05:15:00Z,2026-08-03T07:15:00+0200,267.6,EUR/MWh,DK1,DK_1,imbalance_price,Long,2026-08-23T05:51:55Z
2026-08-23T05:46:44Z,2026-08-23T07:46:44+0200,442f0342-0040-4db4-ac3f-85a7f822bcbf,2026-08-03T05:15:00Z,2026-08-03T07:15:00+0200,267.6,EUR/MWh,DK1,DK_1,imbalance_price,Short,2026-08-23T05:51:55Z
2026-08-23T05:46:44Z,2026-08-23T07:46:44+0200,442f0342-0040-4db4-ac3f-85a7f822bcbf,2026-08-03T05:30:00Z,2026-08-03T07:30:00+0200,161.83,EUR/MWh,DK1,DK_1,imbalance_price,Long,2026-08-23T05:51:55Z
2026-08-23T05:46:44Z,2026-08-23T07:46:44+0200,442f0342-0040-4db4-ac3f-85a7f822bcbf,2026-08-03T05:30:00Z,2026-08-03T07:30:00+0200,161.83,EUR/MWh,DK1,DK_1,imbalance_price,Short,2026-08-23T05:51:55Z
2026-08-23T05:46:44Z,2026-08-23T07:46:44+0200,442f0342-0040-4db4-ac3f-85a7f822bcbf,2026-08-03T05:45:00Z,2026-08-03T07:45:00+0200,155.63,EUR/MWh,DK1,DK_1,imbalance_price,Long,2026-08-23T05:51:55Z
2026-08-23T05:46:44Z,2026-08-23T07:46:44+0200,442f0342-0040-4db4-ac3f-85a7f822bcbf,2026-08-03T05:45:00Z,2026-08-03T07:45:00+0200,155.63,EUR/MWh,DK1,DK_1,imbalance_price,Short,2026-08-23T05:51:55Z
2026-08-23T05:46:44Z,2026-08-23T07:46:44+0200,442f0342-0040-4db4-ac3f-85a7f822bcbf,2026-08-03T06:00:00Z,2026-08-03T08:00:00+0200,245.02,EUR/MWh,DK1,DK_1,imbalance_price,Long,2026-08-23T05:51:55Z
2026-08-23T05:46:44Z,2026-08-23T07:46:44+0200,442f0342-0040-4db4-ac3f-85a7f822bcbf,2026-08-03T06:00:00Z,2026-08-03T08:00:00+0200,245.02,EUR/MWh,DK1,DK_1,imbalance_price,Short,2026-08-23T05:51:55Z
2026-08-23T05:46:44Z,2026-08-23T07:46:44+0200,442f0342-0040-4db4-ac3f-85a7f822bcbf,2026-08-03T06:15:00Z,2026-08-03T08:15:00+0200,267.6,EUR/MWh,DK1,DK_1,imbalance_price,Long,2026-08-23T05:51:55Z
2026-08-23T05:46:44Z,2026-08-23T07:46:44+0200,442f0342-0040-4db4-ac3f-85a7f822bcbf,2026-08-03T06:15:00Z,2026-08-03T08:15:00+0200,267.6,EUR/MWh,DK1,DK_1,imbalance_price,Short,2026-08-23T05:51:55Z
2026-08-23T05:46:44Z,2026-08-23T07:46:44+0200,442f0342-0040-4db4-ac3f-85a7f822bcbf,2026-08-03T06:30:00Z,2026-08-03T08:30:00+0200,150.23,EUR/MWh,DK1,DK_1,imbalance_price,Long,2026-08-23T05:51:55Z
2026-08-23T05:46:44Z,2026-08-23T07:46:44+0200,442f0342-0040-4db4-ac3f-85a7f822bcbf,2026-08-03T06:30:00Z,2026-08-03T08:30:00+0200,150.23,EUR/MWh,DK1,DK_1,imbalance_price,Short,2026-08-23T05:51:55Z
2026-08-23T05:46:44Z,2026-08-23T07:46:44+0200,442f0342-0040-4db4-ac3f-85a7f822bcbf,2026-08-03T06:45:00Z,2026-08-03T08:45:00+0200,81.04,EUR/MWh,DK1,DK_1,imbalance_price,Long,2026-08-23T05:51:55Z
2026-08-23T05:46:44Z,2026-08-23T07:46:44+0200,442f0342-0040-4db4-ac3f-85a7f822bcbf,2026-08-03T06:45:00Z,2026-08-03T08:45:00+0200,81.04,EUR/MWh,DK1,DK_1,imbalance_price,Short,2026-08-23T05:51:55Z
2026-08-23T05:46:44Z,2026-08-23T07:46:44+0200,442f0342-0040-4db4-ac3f-85a7f822bcbf,2026-08-03T07:00:00Z,2026-08-03T09:00:00+0200,137.67,EUR/MWh,DK1,DK_1,imbalance_price,Long,2026-08-23T05:51:55Z
2026-08-23T05:46:44Z,2026-08-23T07:46:44+0200,442f0342-0040-4db4-ac3f-85a7f822bcbf,2026-08-03T07:00:00Z,2026-08-03T09:00:00+0200,137.67,EUR/MWh,DK1,DK_1,imbalance_price,Short,2026-08-23T05:51:55Z
2026-08-23T05:46:44Z,2026-08-23T07:46:44+0200,442f0342-0040-4db4-ac3f-85a7f822bcbf,2026-08-03T07:15:00Z,2026-08-03T09:15:00+0200,131.4,EUR/MWh,DK1,DK_1,imbalance_price,Long,2026-08-23T05:51:55Z
2026-08-23T05:46:44Z,2026-08-23T07:46:44+0200,442f0342-0040-4db4-ac3f-85a7f822bcbf,2026-08-03T07:15:00Z,2026-08-03T09:15:00+0200,131.4,EUR/MWh,DK1,DK_1,imbalance_price,Short,2026-08-23T05:51:55Z
2026-08-23T05:46:44Z,2026-08-23T07:46:44+0200,442f0342-0040-4db4-ac3f-85a7f822bcbf,2026-08-03T07:30:00Z,2026-08-03T09:30:00+0200,55.74,EUR/MWh,DK1,DK_1,imbalance_price,Long,2026-08-23T05:51:55Z
2026-08-23T05:46:44Z,2026-08-23T07:46:44+0200,442f0342-0040-4db4-ac3f-85a7f822bcbf,2026-08-03T07:30:00Z,2026-08-03T09:30:00+0200,55.74,EUR/MWh,DK1,DK_1,imbalance_price,Short,2026-08-23T05:51:55Z
2026-08-23T05:46:44Z,2026-08-23T07:46:44+0200,442f0342-0040-4db4-ac3f-85a7f822bcbf,2026-08-03T07:45:00Z,2026-08-03T09:45:00+0200,179.4,EUR/MWh,DK1,DK_1,imbalance_price,Long,2026-08-23T05:51:55Z
2026-08-23T05:46:44Z,2026-08-23T07:46:44+0200,442f0342-0040-4db4-ac3f-85a7f822bcbf,2026-08-03T07:45:00Z,2026-08-03T09:45:00+0200,179.4,EUR/MWh,DK1,DK_1,imbalance_price,Short,2026-08-23T05:51:55Z
2026-08-23T05:46:44Z,2026-08-23T07:46:44+0200,442f0342-0040-4db4-ac3f-85a7f822bcbf,2026-08-03T08:00:00Z,2026-08-03T10:00:00+0200,139.8,EUR/MWh,DK1,DK_1,imbalance_price,Long,2026-08-23T05:51:55Z
2026-08-23T05:46:44Z,2026-08-23T07:46:44+0200,442f0342-0040-4db4-ac3f-85a7f822bcbf,2026-08-03T08:00:00Z,2026-08-03T10:00:00+0200,139.8,EUR/MWh,DK1,DK_1,imbalance_price,Short,2026-08-23T05:51:55Z
2026-08-23T05:46:44Z,2026-08-23T07:46:44+0200,442f0342-0040-4db4-ac3f-85a7f822bcbf,2026-08-03T08:15:00Z,2026-08-03T10:15:00+0200,116.77,EUR/MWh,DK1,DK_1,imbalance_price,Long,2026-08-23T05:51:55Z
2026-08-23T05:46:44Z,2026-08-23T07:46:44+0200,442f0342-0040-4db4-ac3f-85a7f822bcbf,2026-08-03T08:15:00Z,2026-08-03T10:15:00+0200,116.77,EUR/MWh,DK1,DK_1,imbalance_price,Short,2026-08-23T05:51:55Z
2026-08-23T05:46:44Z,2026-08-23T07:46:44+0200,442f0342-0040-4db4-ac3f-85a7f822bcbf,2026-08-03T08:30:00Z,2026-08-03T10:30:00+0200,159.07,EUR/MWh,DK1,DK_1,imbalance_price,Long,2026-08-23T05:51:55Z
2026-08-23T05:46:44Z,2026-08-23T07:46:44+0200,442f0342-0040-4db4-ac3f-85a7f822bcbf,2026-08-03T08:30:00Z,2026-08-03T10:30:00+0200,159.07,EUR/MWh,DK1,DK_1,imbalance_price,Short,2026-08-23T05:51:55Z
2026-08-23T05:46:44Z,2026-08-23T07:46:44+0200,442f0342-0040-4db4-ac3f-85a7f822bcbf,2026-08-03T08:45:00Z,2026-08-03T10:45:00+0200,88.44,EUR/MWh,DK1,DK_1,imbalance_price,Long,2026-08-23T05:51:55Z
2026-08-23T05:46:44Z,2026-08-23T07:46:44+0200,442f0342-0040-4db4-ac3f-85a7f822bcbf,2026-08-03T08:45:00Z,2026-08-03T10:45:00+0200,88.44,EUR/MWh,DK1,DK_1,imbalance_price,Short,2026-08-23T05:51:55Z
2026-08-23T05:46:44Z,2026-08-23T07:46:44+0200,442f0342-0040-4db4-ac3f-85a7f822bcbf,2026-08-03T09:00:00Z,2026-08-03T11:00:00+0200,151.6,EUR/MWh,DK1,DK_1,imbalance_price,Long,2026-08-23T05:51:55Z
2026-08-23T05:46:44Z,2026-08-23T07:46:44+0200,442f0342-0040-4db4-ac3f-85a7f822bcbf,2026-08-03T09:00:00Z,2026-08-03T11:00:00+0200,151.6,EUR/MWh,DK1,DK_1,imbalance_price,Short,2026-08-23T05:51:55Z
2026-08-23T05:46:44Z,2026-08-23T07:46:44+0200,442f0342-0040-4db4-ac3f-85a7f822bcbf,2026-08-03T09:15:00Z,2026-08-03T11:15:00+0200,223.62,EUR/MWh,DK1,DK_1,imbalance_price,Long,2026-08-23T05:51:55Z
2026-08-23T05:46:44Z,2026-08-23T07:46:44+0200,442f0342-0040-4db4-ac3f-85a7f822bcbf,2026-08-03T09:15:00Z,2026-08-03T11:15:00+0200,223.62,EUR/MWh,DK1,DK_1,imbalance_price,Short,2026-08-23T05:51:55Z
2026-08-23T05:46:44Z,2026-08-23T07:46:44+0200,442f0342-0040-4db4-ac3f-85a7f822bcbf,2026-08-03T09:30:00Z,2026-08-03T11:30:00+0200,180.87,EUR/MWh,DK1,DK_1,imbalance_price,Long,2026-08-23T05:51:55Z
2026-08-23T05:46:44Z,2026-08-23T07:46:44+0200,442f0342-0040-4db4-ac3f-85a7f822bcbf,2026-08-03T09:30:00Z,2026-08-03T11:30:00+0200,180.87,EUR/MWh,DK1,DK_1,imbalance_price,Short,2026-08-23T05:51:55Z
2026-08-23T05:46:44Z,2026-08-23T07:46:44+0200,442f0342-0040-4db4-ac3f-85a7f822bcbf,2026-08-03T09:45:00Z,2026-08-03T11:45:00+0200,185.45,EUR/MWh,DK1,DK_1,imbalance_price,Long,2026-08-23T05:51:55Z
2026-08-23T05:46:44Z,2026-08-23T07:46:44+0200,442f0342-0040-4db4-ac3f-85a7f822bcbf,2026-08-03T09:45:00Z,2026-08-03T11:45:00+0200,185.45,EUR/MWh,DK1,DK_1,imbalance_price,Short,2026-08-23T05:51:55Z
2026-08-23T05:46:44Z,2026-08-23T07:46:44+0200,442f0342-0040-4db4-ac3f-85a7f822bcbf,2026-08-03T10:00:00Z,2026-08-03T12:00:00+0200,216.85,EUR/MWh,DK1,DK_1,imbalance_price,Long,2026-08-23T05:51:55Z
2026-08-23T05:46:44Z,2026-08-23T07:46:44+0200,442f0342-0040-4db4-ac3f-85a7f822bcbf,2026-08-03T10:00:00Z,2026-08-03T12:00:00+0200,216.85,EUR/MWh,DK1,DK_1,imbalance_price,Short,2026-08-23T05:51:55Z
2026-08-23T05:46:44Z,2026-08-23T07:46:44+0200,442f0342-0040-4db4-ac3f-85a7f822bcbf,2026-08-03T10:15:00Z,2026-08-03T12:15:00+0200,182.67,EUR/MWh,DK1,DK_1,imbalance_price,Long,2026-08-23T05:51:55Z
2026-08-23T05:46:44Z,2026-08-23T07:46:44+0200,442f0342-0040-4db4-ac3f-85a7f822bcbf,2026-08-03T10:15:00Z,2026-08-03T12:15:00+0200,182.67,EUR/MWh,DK1,DK_1,imbalance_price,Short,2026-08-23T05:51:55Z
2026-08-23T05:46:44Z,2026-08-23T07:46:44+0200,442f0342-0040-4db4-ac3f-85a7f822bcbf,2026-08-03T10:30:00Z,2026-08-03T12:30:00+0200,6.82,EUR/MWh,DK1,DK_1,imbalance_price,Long,2026-08-23T05:51:55Z
2026-08-23T05:46:44Z,2026-08-23T07:46:44+0200,442f0342-0040-4db4-ac3f-85a7f822bcbf,2026-08-03T10:30:00Z,2026-08-03T12:30:00+0200,6.82,EUR/MWh,DK1,DK_1,imbalance_price,Short,2026-08-23T05:51:55Z
2026-08-23T05:46:44Z,2026-08-23T07:46:44+0200,442f0342-0040-4db4-ac3f-85a7f822bcbf,2026-08-03T10:45:00Z,2026-08-03T12:45:00+0200,13.5,EUR/MWh,DK1,DK_1,imbalance_price,Long,2026-08-23T05:51:55Z
2026-08-23T05:46:44Z,2026-08-23T07:46:44+0200,442f0342-0040-4db4-ac3f-85a7f822bcbf,2026-08-03T10:45:00Z,2026-08-03T12:45:00+0200,13.5,EUR/MWh,DK1,DK_1,imbalance_price,Short,2026-08-23T05:51:55Z
2026-08-23T05:46:44Z,2026-08-23T07:46:44+0200,442f0342-0040-4db4-ac3f-85a7f822bcbf,2026-08-03T11:00:00Z,2026-08-03T13:00:00+0200,16.87,EUR/MWh,DK1,DK_1,imbalance_price,Long,2026-08-23T05:51:55Z
2026-08-23T05:46:44Z,2026-08-23T07:46:44+0200,442f0342-0040-4db4-ac3f-85a7f822bcbf,2026-08-03T11:00:00Z,2026-08-03T13:00:00+0200,16.87,EUR/MWh,DK1,DK_1,imbalance_price,Short,2026-08-23T05:51:55Z
2026-08-23T05:46:44Z,2026-08-23T07:46:44+0200,442f0342-0040-4db4-ac3f-85a7f822bcbf,2026-08-03T11:15:00Z,2026-08-03T13:15:00+0200,0.32,EUR/MWh,DK1,DK_1,imbalance_price,Long,2026-08-23T05:51:55Z
2026-08-23T05:46:44Z,2026-08-23T07:46:44+0200,442f0342-0040-4db4-ac3f-85a7f822bcbf,2026-08-03T11:15:00Z,2026-08-03T13:15:00+0200,0.32,EUR/MWh,DK1,DK_1,imbalance_price,Short,2026-08-23T05:51:55Z
2026-08-23T05:46:44Z,2026-08-23T07:46:44+0200,442f0342-0040-4db4-ac3f-85a7f822bcbf,2026-08-03T11:30:00Z,2026-08-03T13:30:00+0200,8.0,EUR/MWh,DK1,DK_1,imbalance_price,Long,2026-08-23T05:51:55Z
2026-08-23T05:46:44Z,2026-08-23T07:46:44+0200,442f0342-0040-4db4-ac3f-85a7f822bcbf,2026-08-03T11:30:00Z,2026-08-03T13:30:00+0200,8.0,EUR/MWh,DK1,DK_1,imbalance_price,Short,2026-08-23T05:51:55Z
2026-08-23T05:46:44Z,2026-08-23T07:46:44+0200,442f0342-0040-4db4-ac3f-85a7f822bcbf,2026-08-03T11:45:00Z,2026-08-03T13:45:00+0200,8.0,EUR/MWh,DK1,DK_1,imbalance_price,Long,2026-08-23T05:51:55Z
2026-08-23T05:46:44Z,2026-08-23T07:46:44+0200,442f0342-0040-4db4-ac3f-85a7f822bcbf,2026-08-03T11:45:00Z,2026-08-03T13:45:00+0200,8.0,EUR/MWh,DK1,DK_1,imbalance_price,Short,2026-08-23T05:51:55Z
2026-08-23T05:46:44Z,2026-08-23T07:46:44+0200,442f0342-0040-4db4-ac3f-85a7f822bcbf,2026-08-03T12:00:00Z,2026-08-03T14:00:00+0200,8.83,EUR/MWh,DK1,DK_1,imbalance_price,Long,2026-08-23T05:51:55Z
2026-08-23T05:46:44Z,2026-08-23T07:46:44+0200,442f0342-0040-4db4-ac3f-85a7f822bcbf,2026-08-03T12:00:00Z,2026-08-03T14:00:00+0200,8.83,EUR/MWh,DK1,DK_1,imbalance_price,Short,2026-08-23T05:51:55Z
2026-08-23T05:46:44Z,2026-08-23T07:46:44+0200,442f0342-0040-4db4-ac3f-85a7f822bcbf,2026-08-03T12:15:00Z,2026-08-03T14:15:00+0200,13.69,EUR/MWh,DK1,DK_1,imbalance_price,Long,2026-08-23T05:51:55Z
2026-08-23T05:46:44Z,2026-08-23T07:46:44+0200,442f0342-0040-4db4-ac3f-85a7f822bcbf,2026-08-03T12:15:00Z,2026-08-03T14:15:00+0200,13.69,EUR/MWh,DK1,DK_1,imbalance_price,Short,2026-08-23T05:51:55Z
2026-08-23T05:46:44Z,2026-08-23T07:46:44+0200,442f0342-0040-4db4-ac3f-85a7f822bcbf,2026-08-03T12:30:00Z,2026-08-03T14:30:00+0200,24.4,EUR/MWh,DK1,DK_1,imbalance_price,Long,2026-08-23T05:51:55Z
2026-08-23T05:46:44Z,2026-08-23T07:46:44+0200,442f0342-0040-4db4-ac3f-85a7f822bcbf,2026-08-03T12:30:00Z,2026-08-03T14:30:00+0200,24.4,EUR/MWh,DK1,DK_1,imbalance_price,Short,2026-08-23T05:51:55Z
2026-08-23T05:46:44Z,2026-08-23T07:46:44+0200,442f0342-0040-4db4-ac3f-85a7f822bcbf,2026-08-03T12:45:00Z,2026-08-03T14:45:00+0200,160.7,EUR/MWh,DK1,DK_1,imbalance_price,Long,2026-08-23T05:51:55Z
2026-08-23T05:46:44Z,2026-08-23T07:46:44+0200,442f0342-0040-4db4-ac3f-85a7f822bcbf,2026-08-03T12:45:00Z,2026-08-03T14:45:00+0200,160.7,EUR/MWh,DK1,DK_1,imbalance_price,Short,2026-08-23T05:51:55Z
2026-08-23T05:46:44Z,2026-08-23T07:46:44+0200,442f0342-0040-4db4-ac3f-85a7f822bcbf,2026-08-03T13:00:00Z,2026-08-03T15:00:00+0200,89.92,EUR/MWh,DK1,DK_1,imbalance_price,Long,2026-08-23T05:51:55Z
2026-08-23T05:46:44Z,2026-08-23T07:46:44+0200,442f0342-0040-4db4-ac3f-85a7f822bcbf,2026-08-03T13:00:00Z,2026-08-03T15:00:00+0200,89.92,EUR/MWh,DK1,DK_1,imbalance_price,Short,2026-08-23T05:51:55Z
2026-08-23T05:46:44Z,2026-08-23T07:46:44+0200,442f0342-0040-4db4-ac3f-85a7f822bcbf,2026-08-03T13:15:00Z,2026-08-03T15:15:00+0200,57.61,EUR/MWh,DK1,DK_1,imbalance_price,Long,2026-08-23T05:51:55Z
2026-08-23T05:46:44Z,2026-08-23T07:46:44+0200,442f0342-0040-4db4-ac3f-85a7f822bcbf,2026-08-03T13:15:00Z,2026-08-03T15:15:00+0200,57.61,EUR/MWh,DK1,DK_1,imbalance_price,Short,2026-08-23T05:51:55Z
2026-08-23T05:46:44Z,2026-08-23T07:46:44+0200,442f0342-0040-4db4-ac3f-85a7f822bcbf,2026-08-03T13:30:00Z,2026-08-03T15:30:00+0200,181.84,EUR/MWh,DK1,DK_1,imbalance_price,Long,2026-08-23T05:51:55Z
2026-08-23T05:46:44Z,2026-08-23T07:46:44+0200,442f0342-0040-4db4-ac3f-85a7f822bcbf,2026-08-03T13:30:00Z,2026-08-03T15:30:00+0200,181.84,EUR/MWh,DK1,DK_1,imbalance_price,Short,2026-08-23T05:51:55Z
2026-08-23T05:46:44Z,2026-08-23T07:46:44+0200,442f0342-0040-4db4-ac3f-85a7f822bcbf,2026-08-03T13:45:00Z,2026-08-03T15:45:00+0200,200.23,EUR/MWh,DK1,DK_1,imbalance_price,Long,2026-08-23T05:51:55Z
2026-08-23T05:46:44Z,2026-08-23T07:46:44+0200,442f0342-0040-4db4-ac3f-85a7f822bcbf,2026-08-03T13:45:00Z,2026-08-03T15:45:00+0200,200.23,EUR/MWh,DK1,DK_1,imbalance_price,Short,2026-08-23T05:51:55Z
2026-08-23T05:46:44Z,2026-08-23T07:46:44+0200,442f0342-0040-4db4-ac3f-85a7f822bcbf,2026-08-03T14:00:00Z,2026-08-03T16:00:00+0200,193.04,EUR/MWh,DK1,DK_1,imbalance_price,Long,2026-08-23T05:51:55Z
2026-08-23T05:46:44Z,2026-08-23T07:46:44+0200,442f0342-0040-4db4-ac3f-85a7f822bcbf,2026-08-03T14:00:00Z,2026-08-03T16:00:00+0200,193.04,EUR/MWh,DK1,DK_1,imbalance_price,Short,2026-08-23T05:51:55Z
2026-08-23T05:46:44Z,2026-08-23T07:46:44+0200,442f0342-0040-4db4-ac3f-85a7f822bcbf,2026-08-03T14:15:00Z,2026-08-03T16:15:00+0200,96.17,EUR/MWh,DK1,DK_1,imbalance_price,Long,2026-08-23T05:51:55Z
2026-08-23T05:46:44Z,2026-08-23T07:46:44+0200,442f0342-0040-4db4-ac3f-85a7f822bcbf,2026-08-03T14:15:00Z,2026-08-03T16:15:00+0200,96.17,EUR/MWh,DK1,DK_1,imbalance_price,Short,2026-08-23T05:51:55Z
2026-08-23T05:46:44Z,2026-08-23T07:46:44+0200,442f0342-0040-4db4-ac3f-85a7f822bcbf,2026-08-03T14:30:00Z,2026-08-03T16:30:00+0200,-21.32,EUR/MWh,DK1,DK_1,imbalance_price,Long,2026-08-23T05:51:55Z
2026-08-23T05:46:44Z,2026-08-23T07:46:44+0200,442f0342-0040-4db4-ac3f-85a7f822bcbf,2026-08-03T14:30:00Z,2026-08-03T16:30:00+0200,-21.32,EUR/MWh,DK1,DK_1,imbalance_price,Short,2026-08-23T05:51:55Z
2026-08-23T05:46:44Z,2026-08-23T07:46:44+0200,442f0342-0040-4db4-ac3f-85a7f822bcbf,2026-08-03T14:45:00Z,2026-08-03T16:45:00+0200,1.9,EUR/MWh,DK1,DK_1,imbalance_price,Long,2026-08-23T05:51:55Z
2026-08-23T05:46:44Z,2026-08-23T07:46:44+0200,442f0342-0040-4db4-ac3f-85a7f822bcbf,2026-08-03T14:45:00Z,2026-08-03T16:45:00+0200,1.9,EUR/MWh,DK1,DK_1,imbalance_price,Short,2026-08-23T05:51:55Z
2026-08-23T05:46:44Z,2026-08-23T07:46:44+0200,442f0342-0040-4db4-ac3f-85a7f822bcbf,2026-08-03T15:00:00Z,2026-08-03T17:00:00+0200,61.55,EUR/MWh,DK1,DK_1,imbalance_price,Long,2026-08-23T05:51:55Z
2026-08-23T05:46:44Z,2026-08-23T07:46:44+0200,442f0342-0040-4db4-ac3f-85a7f822bcbf,2026-08-03T15:00:00Z,2026-08-03T17:00:00+0200,61.55,EUR/MWh,DK1,DK_1,imbalance_price,Short,2026-08-23T05:51:55Z
2026-08-23T05:46:44Z,2026-08-23T07:46:44+0200,442f0342-0040-4db4-ac3f-85a7f822bcbf,2026-08-03T15:15:00Z,2026-08-03T17:15:00+0200,81.02,EUR/MWh,DK1,DK_1,imbalance_price,Long,2026-08-23T05:51:55Z
2026-08-23T05:46:44Z,2026-08-23T07:46:44+0200,442f0342-0040-4db4-ac3f-85a7f822bcbf,2026-08-03T15:15:00Z,2026-08-03T17:15:00+0200,81.02,EUR/MWh,DK1,DK_1,imbalance_price,Short,2026-08-23T05:51:55Z
2026-08-23T05:46:44Z,2026-08-23T07:46:44+0200,442f0342-0040-4db4-ac3f-85a7f822bcbf,2026-08-03T15:30:00Z,2026-08-03T17:30:00+0200,42.68,EUR/MWh,DK1,DK_1,imbalance_price,Long,2026-08-23T05:51:55Z
2026-08-23T05:46:44Z,2026-08-23T07:46:44+0200,442f0342-0040-4db4-ac3f-85a7f822bcbf,2026-08-03T15:30:00Z,2026-08-03T17:30:00+0200,42.68,EUR/MWh,DK1,DK_1,imbalance_price,Short,2026-08-23T05:51:55Z
2026-08-23T05:46:44Z,2026-08-23T07:46:44+0200,442f0342-0040-4db4-ac3f-85a7f822bcbf,2026-08-03T15:45:00Z,2026-08-03T17:45:00+0200,71.45,EUR/MWh,DK1,DK_1,imbalance_price,Long,2026-08-23T05:51:55Z
2026-08-23T05:46:44Z,2026-08-23T07:46:44+0200,442f0342-0040-4db4-ac3f-85a7f822bcbf,2026-08-03T15:45:00Z,2026-08-03T17:45:00+0200,71.45,EUR/MWh,DK1,DK_1,imbalance_price,Short,2026-08-23T05:51:55Z
2026-08-23T05:46:44Z,2026-08-23T07:46:44+0200,442f0342-0040-4db4-ac3f-85a7f822bcbf,2026-08-03T16:00:00Z,2026-08-03T18:00:00+0200,84.93,EUR/MWh,DK1,DK_1,imbalance_price,Long,2026-08-23T05:51:55Z
2026-08-23T05:46:44Z,2026-08-23T07:46:44+0200,442f0342-0040-4db4-ac3f-85a7f822bcbf,2026-08-03T16:00:00Z,2026-08-03T18:00:00+0200,84.93,EUR/MWh,DK1,DK_1,imbalance_price,Short,2026-08-23T05:51:55Z
2026-08-23T05:46:44Z,2026-08-23T07:46:44+0200,442f0342-0040-4db4-ac3f-85a7f822bcbf,2026-08-03T16:15:00Z,2026-08-03T18:15:00+0200,71.45,EUR/MWh,DK1,DK_1,imbalance_price,Long,2026-08-23T05:51:55Z
2026-08-23T05:46:44Z,2026-08-23T07:46:44+0200,442f0342-0040-4db4-ac3f-85a7f822bcbf,2026-08-03T16:15:00Z,2026-08-03T18:15:00+0200,71.45,EUR/MWh,DK1,DK_1,imbalance_price,Short,2026-08-23T05:51:55Z
2026-08-23T05:46:44Z,2026-08-23T07:46:44+0200,442f0342-0040-4db4-ac3f-85a7f822bcbf,2026-08-03T16:30:00Z,2026-08-03T18:30:00+0200,71.45,EUR/MWh,DK1,DK_1,imbalance_price,Long,2026-08-23T05:51:55Z
2026-08-23T05:46:44Z,2026-08-23T07:46:44+0200,442f0342-0040-4db4-ac3f-85a7f822bcbf,2026-08-03T16:30:00Z,2026-08-03T18:30:00+0200,71.45,EUR/MWh,DK1,DK_1,imbalance_price,Short,2026-08-23T05:51:55Z
2026-08-23T05:46:44Z,2026-08-23T07:46:44+0200,442f0342-0040-4db4-ac3f-85a7f822bcbf,2026-08-03T16:45:00Z,2026-08-03T18:45:00+0200,216.11,EUR/MWh,DK1,DK_1,imbalance_price,Long,2026-08-23T05:51:55Z
2026-08-23T05:46:44Z,2026-08-23T07:46:44+0200,442f0342-0040-4db4-ac3f-85a7f822bcbf,2026-08-03T16:45:00Z,2026-08-03T18:45:00+0200,216.11,EUR/MWh,DK1,DK_1,imbalance_price,Short,2026-08-23T05:51:55Z
2026-08-23T05:46:44Z,2026-08-23T07:46:44+0200,442f0342-0040-4db4-ac3f-85a7f822bcbf,2026-08-03T17:00:00Z,2026-08-03T19:00:00+0200,174.42,EUR/MWh,DK1,DK_1,imbalance_price,Long,2026-08-23T05:51:55Z
2026-08-23T05:46:44Z,2026-08-23T07:46:44+0200,442f0342-0040-4db4-ac3f-85a7f822bcbf,2026-08-03T17:00:00Z,2026-08-03T19:00:00+0200,174.42,EUR/MWh,DK1,DK_1,imbalance_price,Short,2026-08-23T05:51:55Z
2026-08-23T05:46:44Z,2026-08-23T07:46:44+0200,442f0342-0040-4db4-ac3f-85a7f822bcbf,2026-08-03T17:15:00Z,2026-08-03T19:15:00+0200,334.5,EUR/MWh,DK1,DK_1,imbalance_price,Long,2026-08-23T05:51:55Z
2026-08-23T05:46:44Z,2026-08-23T07:46:44+0200,442f0342-0040-4db4-ac3f-85a7f822bcbf,2026-08-03T17:15:00Z,2026-08-03T19:15:00+0200,334.5,EUR/MWh,DK1,DK_1,imbalance_price,Short,2026-08-23T05:51:55Z
2026-08-23T05:46:44Z,2026-08-23T07:46:44+0200,442f0342-0040-4db4-ac3f-85a7f822bcbf,2026-08-03T17:30:00Z,2026-08-03T19:30:00+0200,334.5,EUR/MWh,DK1,DK_1,imbalance_price,Long,2026-08-23T05:51:55Z
2026-08-23T05:46:44Z,2026-08-23T07:46:44+0200,442f0342-0040-4db4-ac3f-85a7f822bcbf,2026-08-03T17:30:00Z,2026-08-03T19:30:00+0200,334.5,EUR/MWh,DK1,DK_1,imbalance_price,Short,2026-08-23T05:51:55Z
2026-08-23T05:46:44Z,2026-08-23T07:46:44+0200,442f0342-0040-4db4-ac3f-85a7f822bcbf,2026-08-03T17:45:00Z,2026-08-03T19:45:00+0200,281.56,EUR/MWh,DK1,DK_1,imbalance_price,Long,2026-08-23T05:51:55Z
2026-08-23T05:46:44Z,2026-08-23T07:46:44+0200,442f0342-0040-4db4-ac3f-85a7f822bcbf,2026-08-03T17:45:00Z,2026-08-03T19:45:00+0200,281.56,EUR/MWh,DK1,DK_1,imbalance_price,Short,2026-08-23T05:51:55Z
2026-08-23T05:46:44Z,2026-08-23T07:46:44+0200,442f0342-0040-4db4-ac3f-85a7f822bcbf,2026-08-03T18:00:00Z,2026-08-03T20:00:00+0200,334.37,EUR/MWh,DK1,DK_1,imbalance_price,Long,2026-08-23T05:51:55Z
2026-08-23T05:46:44Z,2026-08-23T07:46:44+0200,442f0342-0040-4db4-ac3f-85a7f822bcbf,2026-08-03T18:00:00Z,2026-08-03T20:00:00+0200,334.37,EUR/MWh,DK1,DK_1,imbalance_price,Short,2026-08-23T05:51:55Z
2026-08-23T05:46:44Z,2026-08-23T07:46:44+0200,442f0342-0040-4db4-ac3f-85a7f822bcbf,2026-08-03T18:15:00Z,2026-08-03T20:15:00+0200,334.5,EUR/MWh,DK1,DK_1,imbalance_price,Long,2026-08-23T05:51:55Z
2026-08-23T05:46:44Z,2026-08-23T07:46:44+0200,442f0342-0040-4db4-ac3f-85a7f822bcbf,2026-08-03T18:15:00Z,2026-08-03T20:15:00+0200,334.5,EUR/MWh,DK1,DK_1,imbalance_price,Short,2026-08-23T05:51:55Z
2026-08-23T05:46:44Z,2026-08-23T07:46:44+0200,442f0342-0040-4db4-ac3f-85a7f822bcbf,2026-08-03T18:30:00Z,2026-08-03T20:30:00+0200,67.44,EUR/MWh,DK1,DK_1,imbalance_price,Long,2026-08-23T05:51:55Z
2026-08-23T05:46:44Z,2026-08-23T07:46:44+0200,442f0342-0040-4db4-ac3f-85a7f822bcbf,2026-08-03T18:30:00Z,2026-08-03T20:30:00+0200,67.44,EUR/MWh,DK1,DK_1,imbalance_price,Short,2026-08-23T05:51:55Z
2026-08-23T05:46:44Z,2026-08-23T07:46:44+0200,442f0342-0040-4db4-ac3f-85a7f822bcbf,2026-08-03T18:45:00Z,2026-08-03T20:45:00+0200,200.9,EUR/MWh,DK1,DK_1,imbalance_price,Long,2026-08-23T05:51:55Z
2026-08-23T05:46:44Z,2026-08-23T07:46:44+0200,442f0342-0040-4db4-ac3f-85a7f822bcbf,2026-08-03T18:45:00Z,2026-08-03T20:45:00+0200,200.9,EUR/MWh,DK1,DK_1,imbalance_price,Short,2026-08-23T05:51:55Z
2026-08-23T05:46:44Z,2026-08-23T07:46:44+0200,442f0342-0040-4db4-ac3f-85a7f822bcbf,2026-08-03T19:00:00Z,2026-08-03T21:00:00+0200,107.89,EUR/MWh,DK1,DK_1,imbalance_price,Long,2026-08-23T05:51:55Z
2026-08-23T05:46:44Z,2026-08-23T07:46:44+0200,442f0342-0040-4db4-ac3f-85a7f822bcbf,2026-08-03T19:00:00Z,2026-08-03T21:00:00+0200,107.89,EUR/MWh,DK1,DK_1,imbalance_price,Short,2026-08-23T05:51:55Z
2026-08-23T05:46:44Z,2026-08-23T07:46:44+0200,442f0342-0040-4db4-ac3f-85a7f822bcbf,2026-08-03T19:15:00Z,2026-08-03T21:15:00+0200,114.61,EUR/MWh,DK1,DK_1,imbalance_price,Long,2026-08-23T05:51:55Z
2026-08-23T05:46:44Z,2026-08-23T07:46:44+0200,442f0342-0040-4db4-ac3f-85a7f822bcbf,2026-08-03T19:15:00Z,2026-08-03T21:15:00+0200,114.61,EUR/MWh,DK1,DK_1,imbalance_price,Short,2026-08-23T05:51:55Z
2026-08-23T05:46:44Z,2026-08-23T07:46:44+0200,442f0342-0040-4db4-ac3f-85a7f822bcbf,2026-08-03T19:30:00Z,2026-08-03T21:30:00+0200,188.16,EUR/MWh,DK1,DK_1,imbalance_price,Long,2026-08-23T05:51:55Z
2026-08-23T05:46:44Z,2026-08-23T07:46:44+0200,442f0342-0040-4db4-ac3f-85a7f822bcbf,2026-08-03T19:30:00Z,2026-08-03T21:30:00+0200,188.16,EUR/MWh,DK1,DK_1,imbalance_price,Short,2026-08-23T05:51:55Z
2026-08-23T05:46:44Z,2026-08-23T07:46:44+0200,442f0342-0040-4db4-ac3f-85a7f822bcbf,2026-08-03T19:45:00Z,2026-08-03T21:45:00+0200,172.64,EUR/MWh,DK1,DK_1,imbalance_price,Long,2026-08-23T05:51:55Z
2026-08-23T05:46:44Z,2026-08-23T07:46:44+0200,442f0342-0040-4db4-ac3f-85a7f822bcbf,2026-08-03T19:45:00Z,2026-08-03T21:45:00+0200,172.64,EUR/MWh,DK1,DK_1,imbalance_price,Short,2026-08-23T05:51:55Z
2026-08-23T05:46:44Z,2026-08-23T07:46:44+0200,442f0342-0040-4db4-ac3f-85a7f822bcbf,2026-08-03T20:00:00Z,2026-08-03T22:00:00+0200,182.11,EUR/MWh,DK1,DK_1,imbalance_price,Long,2026-08-23T05:51:55Z
2026-08-23T05:46:44Z,2026-08-23T07:46:44+0200,442f0342-0040-4db4-ac3f-85a7f822bcbf,2026-08-03T20:00:00Z,2026-08-03T22:00:00+0200,182.11,EUR/MWh,DK1,DK_1,imbalance_price,Short,2026-08-23T05:51:55Z
2026-08-23T05:46:44Z,2026-08-23T07:46:44+0200,442f0342-0040-4db4-ac3f-85a7f822bcbf,2026-08-03T20:15:00Z,2026-08-03T22:15:00+0200,230.17,EUR/MWh,DK1,DK_1,imbalance_price,Long,2026-08-23T05:51:55Z
2026-08-23T05:46:44Z,2026-08-23T07:46:44+0200,442f0342-0040-4db4-ac3f-85a7f822bcbf,2026-08-03T20:15:00Z,2026-08-03T22:15:00+0200,230.17,EUR/MWh,DK1,DK_1,imbalance_price,Short,2026-08-23T05:51:55Z
2026-08-23T05:46:44Z,2026-08-23T07:46:44+0200,442f0342-0040-4db4-ac3f-85a7f822bcbf,2026-08-03T20:30:00Z,2026-08-03T22:30:00+0200,471.14,EUR/MWh,DK1,DK_1,imbalance_price,Long,2026-08-23T05:51:55Z
2026-08-23T05:46:44Z,2026-08-23T07:46:44+0200,442f0342-0040-4db4-ac3f-85a7f822bcbf,2026-08-03T20:30:00Z,2026-08-03T22:30:00+0200,471.14,EUR/MWh,DK1,DK_1,imbalance_price,Short,2026-08-23T05:51:55Z
2026-08-23T05:46:44Z,2026-08-23T07:46:44+0200,442f0342-0040-4db4-ac3f-85a7f822bcbf,2026-08-03T20:45:00Z,2026-08-03T22:45:00+0200,481.77,EUR/MWh,DK1,DK_1,imbalance_price,Long,2026-08-23T05:51:55Z
2026-08-23T05:46:44Z,2026-08-23T07:46:44+0200,442f0342-0040-4db4-ac3f-85a7f822bcbf,2026-08-03T20:45:00Z,2026-08-03T22:45:00+0200,481.77,EUR/MWh,DK1,DK_1,imbalance_price,Short,2026-08-23T05:51:55Z
2026-08-23T05:46:44Z,2026-08-23T07:46:44+0200,442f0342-0040-4db4-ac3f-85a7f822bcbf,2026-08-03T21:00:00Z,2026-08-03T23:00:00+0200,468.3,EUR/MWh,DK1,DK_1,imbalance_price,Long,2026-08-23T05:51:55Z
2026-08-23T05:46:44Z,2026-08-23T07:46:44+0200,442f0342-0040-4db4-ac3f-85a7f822bcbf,2026-08-03T21:00:00Z,2026-08-03T23:00:00+0200,468.3,EUR/MWh,DK1,DK_1,imbalance_price,Short,2026-08-23T05:51:55Z
2026-08-23T05:46:44Z,2026-08-23T07:46:44+0200,442f0342-0040-4db4-ac3f-85a7f822bcbf,2026-08-03T21:15:00Z,2026-08-03T23:15:00+0200,401.4,EUR/MWh,DK1,DK_1,imbalance_price,Long,2026-08-23T05:51:55Z
2026-08-23T05:46:44Z,2026-08-23T07:46:44+0200,442f0342-0040-4db4-ac3f-85a7f822bcbf,2026-08-03T21:15:00Z,2026-08-03T23:15:00+0200,401.4,EUR/MWh,DK1,DK_1,imbalance_price,Short,2026-08-23T05:51:55Z
2026-08-23T05:46:44Z,2026-08-23T07:46:44+0200,442f0342-0040-4db4-ac3f-85a7f822bcbf,2026-08-03T21:30:00Z,2026-08-03T23:30:00+0200,365.29,EUR/MWh,DK1,DK_1,imbalance_price,Long,2026-08-23T05:51:55Z
2026-08-23T05:46:44Z,2026-08-23T07:46:44+0200,442f0342-0040-4db4-ac3f-85a7f822bcbf,2026-08-03T21:30:00Z,2026-08-03T23:30:00+0200,365.29,EUR/MWh,DK1,DK_1,imbalance_price,Short,2026-08-23T05:51:55Z
2026-08-23T05:46:44Z,2026-08-23T07:46:44+0200,442f0342-0040-4db4-ac3f-85a7f822bcbf,2026-08-03T21:45:00Z,2026-08-03T23:45:00+0200,347.88,EUR/MWh,DK1,DK_1,imbalance_price,Long,2026-08-23T05:51:55Z
2026-08-23T05:46:44Z,2026-08-23T07:46:44+0200,442f0342-0040-4db4-ac3f-85a7f822bcbf,2026-08-03T21:45:00Z,2026-08-03T23:45:00+0200,347.88,EUR/MWh,DK1,DK_1,imbalance_price,Short,2026-08-23T05:51:55Z
2026-08-23T05:46:44Z,2026-08-23T07:46:44+0200,442f0342-0040-4db4-ac3f-85a7f822bcbf,2026-08-03T22:00:00Z,2026-08-04T00:00:00+0200,317.78,EUR/MWh,DK1,DK_1,imbalance_price,Long,2026-08-23T05:51:55Z
2026-08-23T05:46:44Z,2026-08-23T07:46:44+0200,442f0342-0040-4db4-ac3f-85a7f822bcbf,2026-08-03T22:00:00Z,2026-08-04T00:00:00+0200,317.78,EUR/MWh,DK1,DK_1,imbalance_price,Short,2026-08-23T05:51:55Z
2026-08-23T05:46:44Z,2026-08-23T07:46:44+0200,442f0342-0040-4db4-ac3f-85a7f822bcbf,2026-08-03T22:15:00Z,2026-08-04T00:15:00+0200,224.4,EUR/MWh,DK1,DK_1,imbalance_price,Long,2026-08-23T05:51:55Z
2026-08-23T05:46:44Z,2026-08-23T07:46:44+0200,442f0342-0040-4db4-ac3f-85a7f822bcbf,2026-08-03T22:15:00Z,2026-08-04T00:15:00+0200,224.4,EUR/MWh,DK1,DK_1,imbalance_price,Short,2026-08-23T05:51:55Z
2026-08-23T05:46:44Z,2026-08-23T07:46:44+0200,442f0342-0040-4db4-ac3f-85a7f822bcbf,2026-08-03T22:30:00Z,2026-08-04T00:30:00+0200,334.5,EUR/MWh,DK1,DK_1,imbalance_price,Long,2026-08-23T05:51:55Z
2026-08-23T05:46:44Z,2026-08-23T07:46:44+0200,442f0342-0040-4db4-ac3f-85a7f822bcbf,2026-08-03T22:30:00Z,2026-08-04T00:30:00+0200,334.5,EUR/MWh,DK1,DK_1,imbalance_price,Short,2026-08-23T05:51:55Z
2026-08-23T05:46:44Z,2026-08-23T07:46:44+0200,442f0342-0040-4db4-ac3f-85a7f822bcbf,2026-08-03T22:45:00Z,2026-08-04T00:45:00+0200,334.5,EUR/MWh,DK1,DK_1,imbalance_price,Long,2026-08-23T05:51:55Z
2026-08-23T05:46:44Z,2026-08-23T07:46:44+0200,442f0342-0040-4db4-ac3f-85a7f822bcbf,2026-08-03T22:45:00Z,2026-08-04T00:45:00+0200,334.5,EUR/MWh,DK1,DK_1,imbalance_price,Short,2026-08-23T05:51:55Z
2026-08-23T05:46:44Z,2026-08-23T07:46:44+0200,442f0342-0040-4db4-ac3f-85a7f822bcbf,2026-08-03T23:00:00Z,2026-08-04T01:00:00+0200,334.5,EUR/MWh,DK1,DK_1,imbalance_price,Long,2026-08-23T05:51:55Z
2026-08-23T05:46:44Z,2026-08-23T07:46:44+0200,442f0342-0040-4db4-ac3f-85a7f822bcbf,2026-08-03T23:00:00Z,2026-08-04T01:00:00+0200,334.5,EUR/MWh,DK1,DK_1,imbalance_price,Short,2026-08-23T05:51:55Z
2026-08-23T05:46:44Z,2026-08-23T07:46:44+0200,442f0342-0040-4db4-ac3f-85a7f822bcbf,2026-08-03T23:15:00Z,2026-08-04T01:15:00+0200,334.45,EUR/MWh,DK1,DK_1,imbalance_price,Long,2026-08-23T05:51:55Z
2026-08-23T05:46:44Z,2026-08-23T07:46:44+0200,442f0342-0040-4db4-ac3f-85a7f822bcbf,2026-08-03T23:15:00Z,2026-08-04T01:15:00+0200,334.45,EUR/MWh,DK1,DK_1,imbalance_price,Short,2026-08-23T05:51:55Z
2026-08-23T05:46:44Z,2026-08-23T07:46:44+0200,442f0342-0040-4db4-ac3f-85a7f822bcbf,2026-08-03T23:30:00Z,2026-08-04T01:30:00+0200,535.11,EUR/MWh,DK1,DK_1,imbalance_price,Long,2026-08-23T05:51:55Z
2026-08-23T05:46:44Z,2026-08-23T07:46:44+0200,442f0342-0040-4db4-ac3f-85a7f822bcbf,2026-08-03T23:30:00Z,2026-08-04T01:30:00+0200,535.11,EUR/MWh,DK1,DK_1,imbalance_price,Short,2026-08-23T05:51:55Z
2026-08-23T05:46:44Z,2026-08-23T07:46:44+0200,442f0342-0040-4db4-ac3f-85a7f822bcbf,2026-08-03T23:45:00Z,2026-08-04T01:45:00+0200,535.11,EUR/MWh,DK1,DK_1,imbalance_price,Long,2026-08-23T05:51:55Z
2026-08-23T05:46:44Z,2026-08-23T07:46:44+0200,442f0342-0040-4db4-ac3f-85a7f822bcbf,2026-08-03T23:45:00Z,2026-08-04T01:45:00+0200,535.11,EUR/MWh,DK1,DK_1,imbalance_price,Short,2026-08-23T05:51:55Z
2026-08-23T05:46:44Z,2026-08-23T07:46:44+0200,442f0342-0040-4db4-ac3f-85a7f822bcbf,2026-08-04T00:00:00Z,2026-08-04T02:00:00+0200,267.61,EUR/MWh,DK1,DK_1,imbalance_price,Long,2026-08-23T05:51:55Z
2026-08-23T05:46:44Z,2026-08-23T07:46:44+0200,442f0342-0040-4db4-ac3f-85a7f822bcbf,2026-08-04T00:00:00Z,2026-08-04T02:00:00+0200,267.61,EUR/MWh,DK1,DK_1,imbalance_price,Short,2026-08-23T05:51:55Z
2026-08-23T05:46:44Z,2026-08-23T07:46:44+0200,442f0342-0040-4db4-ac3f-85a7f822bcbf,2026-08-04T00:15:00Z,2026-08-04T02:15:00+0200,102.91,EUR/MWh,DK1,DK_1,imbalance_price,Long,2026-08-23T05:51:55Z
2026-08-23T05:46:44Z,2026-08-23T07:46:44+0200,442f0342-0040-4db4-ac3f-85a7f822bcbf,2026-08-04T00:15:00Z,2026-08-04T02:15:00+0200,102.91,EUR/MWh,DK1,DK_1,imbalance_price,Short,2026-08-23T05:51:55Z
2026-08-23T05:46:44Z,2026-08-23T07:46:44+0200,442f0342-0040-4db4-ac3f-85a7f822bcbf,2026-08-04T00:30:00Z,2026-08-04T02:30:00+0200,334.5,EUR/MWh,DK1,DK_1,imbalance_price,Long,2026-08-23T05:51:55Z
2026-08-23T05:46:44Z,2026-08-23T07:46:44+0200,442f0342-0040-4db4-ac3f-85a7f822bcbf,2026-08-04T00:30:00Z,2026-08-04T02:30:00+0200,334.5,EUR/MWh,DK1,DK_1,imbalance_price,Short,2026-08-23T05:51:55Z
2026-08-23T05:46:44Z,2026-08-23T07:46:44+0200,442f0342-0040-4db4-ac3f-85a7f822bcbf,2026-08-04T00:45:00Z,2026-08-04T02:45:00+0200,224.92,EUR/MWh,DK1,DK_1,imbalance_price,Long,2026-08-23T05:51:55Z
2026-08-23T05:46:44Z,2026-08-23T07:46:44+0200,442f0342-0040-4db4-ac3f-85a7f822bcbf,2026-08-04T00:45:00Z,2026-08-04T02:45:00+0200,224.92,EUR/MWh,DK1,DK_1,imbalance_price,Short,2026-08-23T05:51:55Z
2026-08-23T05:46:44Z,2026-08-23T07:46:44+0200,442f0342-0040-4db4-ac3f-85a7f822bcbf,2026-08-04T01:00:00Z,2026-08-04T03:00:00+0200,187.45,EUR/MWh,DK1,DK_1,imbalance_price,Long,2026-08-23T05:51:55Z
2026-08-23T05:46:44Z,2026-08-23T07:46:44+0200,442f0342-0040-4db4-ac3f-85a7f822bcbf,2026-08-04T01:00:00Z,2026-08-04T03:00:00+0200,187.45,EUR/MWh,DK1,DK_1,imbalance_price,Short,2026-08-23T05:51:55Z
2026-08-23T05:46:44Z,2026-08-23T07:46:44+0200,442f0342-0040-4db4-ac3f-85a7f822bcbf,2026-08-04T01:15:00Z,2026-08-04T03:15:00+0200,97.36,EUR/MWh,DK1,DK_1,imbalance_price,Long,2026-08-23T05:51:55Z
2026-08-23T05:46:44Z,2026-08-23T07:46:44+0200,442f0342-0040-4db4-ac3f-85a7f822bcbf,2026-08-04T01:15:00Z,2026-08-04T03:15:00+0200,97.36,EUR/MWh,DK1,DK_1,imbalance_price,Short,2026-08-23T05:51:55Z
2026-08-23T05:46:44Z,2026-08-23T07:46:44+0200,442f0342-0040-4db4-ac3f-85a7f822bcbf,2026-08-04T01:30:00Z,2026-08-04T03:30:00+0200,95.79,EUR/MWh,DK1,DK_1,imbalance_price,Long,2026-08-23T05:51:55Z
2026-08-23T05:46:44Z,2026-08-23T07:46:44+0200,442f0342-0040-4db4-ac3f-85a7f822bcbf,2026-08-04T01:30:00Z,2026-08-04T03:30:00+0200,95.79,EUR/MWh,DK1,DK_1,imbalance_price,Short,2026-08-23T05:51:55Z
2026-08-23T05:46:44Z,2026-08-23T07:46:44+0200,442f0342-0040-4db4-ac3f-85a7f822bcbf,2026-08-04T01:45:00Z,2026-08-04T03:45:00+0200,96.84,EUR/MWh,DK1,DK_1,imbalance_price,Long,2026-08-23T05:51:55Z
2026-08-23T05:46:44Z,2026-08-23T07:46:44+0200,442f0342-0040-4db4-ac3f-85a7f822bcbf,2026-08-04T01:45:00Z,2026-08-04T03:45:00+0200,96.84,EUR/MWh,DK1,DK_1,imbalance_price,Short,2026-08-23T05:51:55Z
2026-08-23T05:46:44Z,2026-08-23T07:46:44+0200,442f0342-0040-4db4-ac3f-85a7f822bcbf,2026-08-04T02:00:00Z,2026-08-04T04:00:00+0200,97.15,EUR/MWh,DK1,DK_1,imbalance_price,Long,2026-08-23T05:51:55Z
2026-08-23T05:46:44Z,2026-08-23T07:46:44+0200,442f0342-0040-4db4-ac3f-85a7f822bcbf,2026-08-04T02:00:00Z,2026-08-04T04:00:00+0200,97.15,EUR/MWh,DK1,DK_1,imbalance_price,Short,2026-08-23T05:51:55Z
2026-08-23T05:46:44Z,2026-08-23T07:46:44+0200,442f0342-0040-4db4-ac3f-85a7f822bcbf,2026-08-04T02:15:00Z,2026-08-04T04:15:00+0200,139.1,EUR/MWh,DK1,DK_1,imbalance_price,Long,2026-08-23T05:51:55Z
2026-08-23T05:46:44Z,2026-08-23T07:46:44+0200,442f0342-0040-4db4-ac3f-85a7f822bcbf,2026-08-04T02:15:00Z,2026-08-04T04:15:00+0200,139.1,EUR/MWh,DK1,DK_1,imbalance_price,Short,2026-08-23T05:51:55Z
2026-08-23T05:46:44Z,2026-08-23T07:46:44+0200,442f0342-0040-4db4-ac3f-85a7f822bcbf,2026-08-04T02:30:00Z,2026-08-04T04:30:00+0200,141.79,EUR/MWh,DK1,DK_1,imbalance_price,Long,2026-08-23T05:51:55Z
2026-08-23T05:46:44Z,2026-08-23T07:46:44+0200,442f0342-0040-4db4-ac3f-85a7f822bcbf,2026-08-04T02:30:00Z,2026-08-04T04:30:00+0200,141.79,EUR/MWh,DK1,DK_1,imbalance_price,Short,2026-08-23T05:51:55Z
2026-08-23T05:46:44Z,2026-08-23T07:46:44+0200,442f0342-0040-4db4-ac3f-85a7f822bcbf,2026-08-04T02:45:00Z,2026-08-04T04:45:00+0200,149.64,EUR/MWh,DK1,DK_1,imbalance_price,Long,2026-08-23T05:51:55Z
2026-08-23T05:46:44Z,2026-08-23T07:46:44+0200,442f0342-0040-4db4-ac3f-85a7f822bcbf,2026-08-04T02:45:00Z,2026-08-04T04:45:00+0200,149.64,EUR/MWh,DK1,DK_1,imbalance_price,Short,2026-08-23T05:51:55Z
2026-08-23T05:46:44Z,2026-08-23T07:46:44+0200,442f0342-0040-4db4-ac3f-85a7f822bcbf,2026-08-04T03:00:00Z,2026-08-04T05:00:00+0200,150.58,EUR/MWh,DK1,DK_1,imbalance_price,Long,2026-08-23T05:51:55Z
2026-08-23T05:46:44Z,2026-08-23T07:46:44+0200,442f0342-0040-4db4-ac3f-85a7f822bcbf,2026-08-04T03:00:00Z,2026-08-04T05:00:00+0200,150.58,EUR/MWh,DK1,DK_1,imbalance_price,Short,2026-08-23T05:51:55Z
2026-08-23T05:46:44Z,2026-08-23T07:46:44+0200,442f0342-0040-4db4-ac3f-85a7f822bcbf,2026-08-04T03:15:00Z,2026-08-04T05:15:00+0200,151.32,EUR/MWh,DK1,DK_1,imbalance_price,Long,2026-08-23T05:51:55Z
2026-08-23T05:46:44Z,2026-08-23T07:46:44+0200,442f0342-0040-4db4-ac3f-85a7f822bcbf,2026-08-04T03:15:00Z,2026-08-04T05:15:00+0200,151.32,EUR/MWh,DK1,DK_1,imbalance_price,Short,2026-08-23T05:51:55Z
2026-08-23T05:46:44Z,2026-08-23T07:46:44+0200,442f0342-0040-4db4-ac3f-85a7f822bcbf,2026-08-04T03:30:00Z,2026-08-04T05:30:00+0200,21.24,EUR/MWh,DK1,DK_1,imbalance_price,Long,2026-08-23T05:51:55Z
2026-08-23T05:46:44Z,2026-08-23T07:46:44+0200,442f0342-0040-4db4-ac3f-85a7f822bcbf,2026-08-04T03:30:00Z,2026-08-04T05:30:00+0200,21.24,EUR/MWh,DK1,DK_1,imbalance_price,Short,2026-08-23T05:51:55Z
2026-08-23T05:46:44Z,2026-08-23T07:46:44+0200,442f0342-0040-4db4-ac3f-85a7f822bcbf,2026-08-04T03:45:00Z,2026-08-04T05:45:00+0200,20.06,EUR/MWh,DK1,DK_1,imbalance_price,Long,2026-08-23T05:51:55Z
2026-08-23T05:46:44Z,2026-08-23T07:46:44+0200,442f0342-0040-4db4-ac3f-85a7f822bcbf,2026-08-04T03:45:00Z,2026-08-04T05:45:00+0200,20.06,EUR/MWh,DK1,DK_1,imbalance_price,Short,2026-08-23T05:51:55Z
2026-08-23T05:46:44Z,2026-08-23T07:46:44+0200,442f0342-0040-4db4-ac3f-85a7f822bcbf,2026-08-04T04:00:00Z,2026-08-04T06:00:00+0200,34.72,EUR/MWh,DK1,DK_1,imbalance_price,Long,2026-08-23T05:51:55Z
2026-08-23T05:46:44Z,2026-08-23T07:46:44+0200,442f0342-0040-4db4-ac3f-85a7f822bcbf,2026-08-04T04:00:00Z,2026-08-04T06:00:00+0200,34.72,EUR/MWh,DK1,DK_1,imbalance_price,Short,2026-08-23T05:51:55Z
2026-08-23T05:46:44Z,2026-08-23T07:46:44+0200,442f0342-0040-4db4-ac3f-85a7f822bcbf,2026-08-04T04:15:00Z,2026-08-04T06:15:00+0200,44.24,EUR/MWh,DK1,DK_1,imbalance_price,Long,2026-08-23T05:51:55Z
2026-08-23T05:46:44Z,2026-08-23T07:46:44+0200,442f0342-0040-4db4-ac3f-85a7f822bcbf,2026-08-04T04:15:00Z,2026-08-04T06:15:00+0200,44.24,EUR/MWh,DK1,DK_1,imbalance_price,Short,2026-08-23T05:51:55Z
2026-08-23T05:46:44Z,2026-08-23T07:46:44+0200,442f0342-0040-4db4-ac3f-85a7f822bcbf,2026-08-04T04:30:00Z,2026-08-04T06:30:00+0200,97.03,EUR/MWh,DK1,DK_1,imbalance_price,Long,2026-08-23T05:51:55Z
2026-08-23T05:46:44Z,2026-08-23T07:46:44+0200,442f0342-0040-4db4-ac3f-85a7f822bcbf,2026-08-04T04:30:00Z,2026-08-04T06:30:00+0200,97.03,EUR/MWh,DK1,DK_1,imbalance_price,Short,2026-08-23T05:51:55Z
2026-08-23T05:46:44Z,2026-08-23T07:46:44+0200,442f0342-0040-4db4-ac3f-85a7f822bcbf,2026-08-04T04:45:00Z,2026-08-04T06:45:00+0200,82.96,EUR/MWh,DK1,DK_1,imbalance_price,Long,2026-08-23T05:51:55Z
2026-08-23T05:46:44Z,2026-08-23T07:46:44+0200,442f0342-0040-4db4-ac3f-85a7f822bcbf,2026-08-04T04:45:00Z,2026-08-04T06:45:00+0200,82.96,EUR/MWh,DK1,DK_1,imbalance_price,Short,2026-08-23T05:51:55Z
2026-08-23T05:46:44Z,2026-08-23T07:46:44+0200,442f0342-0040-4db4-ac3f-85a7f822bcbf,2026-08-04T05:00:00Z,2026-08-04T07:00:00+0200,177.78,EUR/MWh,DK1,DK_1,imbalance_price,Long,2026-08-23T05:51:55Z
2026-08-23T05:46:44Z,2026-08-23T07:46:44+0200,442f0342-0040-4db4-ac3f-85a7f822bcbf,2026-08-04T05:00:00Z,2026-08-04T07:00:00+0200,177.78,EUR/MWh,DK1,DK_1,imbalance_price,Short,2026-08-23T05:51:55Z
2026-08-23T05:46:44Z,2026-08-23T07:46:44+0200,442f0342-0040-4db4-ac3f-85a7f822bcbf,2026-08-04T05:15:00Z,2026-08-04T07:15:00+0200,248.32,EUR/MWh,DK1,DK_1,imbalance_price,Long,2026-08-23T05:51:55Z
2026-08-23T05:46:44Z,2026-08-23T07:46:44+0200,442f0342-0040-4db4-ac3f-85a7f822bcbf,2026-08-04T05:15:00Z,2026-08-04T07:15:00+0200,248.32,EUR/MWh,DK1,DK_1,imbalance_price,Short,2026-08-23T05:51:55Z
2026-08-23T05:46:44Z,2026-08-23T07:46:44+0200,442f0342-0040-4db4-ac3f-85a7f822bcbf,2026-08-04T05:30:00Z,2026-08-04T07:30:00+0200,299.15,EUR/MWh,DK1,DK_1,imbalance_price,Long,2026-08-23T05:51:55Z
2026-08-23T05:46:44Z,2026-08-23T07:46:44+0200,442f0342-0040-4db4-ac3f-85a7f822bcbf,2026-08-04T05:30:00Z,2026-08-04T07:30:00+0200,299.15,EUR/MWh,DK1,DK_1,imbalance_price,Short,2026-08-23T05:51:55Z
2026-08-23T05:46:44Z,2026-08-23T07:46:44+0200,442f0342-0040-4db4-ac3f-85a7f822bcbf,2026-08-04T05:45:00Z,2026-08-04T07:45:00+0200,334.51,EUR/MWh,DK1,DK_1,imbalance_price,Long,2026-08-23T05:51:55Z
2026-08-23T05:46:44Z,2026-08-23T07:46:44+0200,442f0342-0040-4db4-ac3f-85a7f822bcbf,2026-08-04T05:45:00Z,2026-08-04T07:45:00+0200,334.51,EUR/MWh,DK1,DK_1,imbalance_price,Short,2026-08-23T05:51:55Z
2026-08-23T05:46:44Z,2026-08-23T07:46:44+0200,442f0342-0040-4db4-ac3f-85a7f822bcbf,2026-08-04T06:00:00Z,2026-08-04T08:00:00+0200,263.57,EUR/MWh,DK1,DK_1,imbalance_price,Long,2026-08-23T05:51:55Z
2026-08-23T05:46:44Z,2026-08-23T07:46:44+0200,442f0342-0040-4db4-ac3f-85a7f822bcbf,2026-08-04T06:00:00Z,2026-08-04T08:00:00+0200,263.57,EUR/MWh,DK1,DK_1,imbalance_price,Short,2026-08-23T05:51:55Z
2026-08-23T05:46:44Z,2026-08-23T07:46:44+0200,442f0342-0040-4db4-ac3f-85a7f822bcbf,2026-08-04T06:15:00Z,2026-08-04T08:15:00+0200,71.9,EUR/MWh,DK1,DK_1,imbalance_price,Long,2026-08-23T05:51:55Z
2026-08-23T05:46:44Z,2026-08-23T07:46:44+0200,442f0342-0040-4db4-ac3f-85a7f822bcbf,2026-08-04T06:15:00Z,2026-08-04T08:15:00+0200,71.9,EUR/MWh,DK1,DK_1,imbalance_price,Short,2026-08-23T05:51:55Z
2026-08-23T05:46:44Z,2026-08-23T07:46:44+0200,442f0342-0040-4db4-ac3f-85a7f822bcbf,2026-08-04T06:30:00Z,2026-08-04T08:30:00+0200,97.03,EUR/MWh,DK1,DK_1,imbalance_price,Long,2026-08-23T05:51:55Z
2026-08-23T05:46:44Z,2026-08-23T07:46:44+0200,442f0342-0040-4db4-ac3f-85a7f822bcbf,2026-08-04T06:30:00Z,2026-08-04T08:30:00+0200,97.03,EUR/MWh,DK1,DK_1,imbalance_price,Short,2026-08-23T05:51:55Z
2026-08-23T05:46:44Z,2026-08-23T07:46:44+0200,442f0342-0040-4db4-ac3f-85a7f822bcbf,2026-08-04T06:45:00Z,2026-08-04T08:45:00+0200,97.02,EUR/MWh,DK1,DK_1,imbalance_price,Long,2026-08-23T05:51:55Z
2026-08-23T05:46:44Z,2026-08-23T07:46:44+0200,442f0342-0040-4db4-ac3f-85a7f822bcbf,2026-08-04T06:45:00Z,2026-08-04T08:45:00+0200,97.02,EUR/MWh,DK1,DK_1,imbalance_price,Short,2026-08-23T05:51:55Z
2026-08-23T05:46:44Z,2026-08-23T07:46:44+0200,442f0342-0040-4db4-ac3f-85a7f822bcbf,2026-08-04T07:00:00Z,2026-08-04T09:00:00+0200,97.03,EUR/MWh,DK1,DK_1,imbalance_price,Long,2026-08-23T05:51:55Z
2026-08-23T05:46:44Z,2026-08-23T07:46:44+0200,442f0342-0040-4db4-ac3f-85a7f822bcbf,2026-08-04T07:00:00Z,2026-08-04T09:00:00+0200,97.03,EUR/MWh,DK1,DK_1,imbalance_price,Short,2026-08-23T05:51:55Z
2026-08-23T05:46:44Z,2026-08-23T07:46:44+0200,442f0342-0040-4db4-ac3f-85a7f822bcbf,2026-08-04T07:15:00Z,2026-08-04T09:15:00+0200,136.11,EUR/MWh,DK1,DK_1,imbalance_price,Long,2026-08-23T05:51:55Z
2026-08-23T05:46:44Z,2026-08-23T07:46:44+0200,442f0342-0040-4db4-ac3f-85a7f822bcbf,2026-08-04T07:15:00Z,2026-08-04T09:15:00+0200,136.11,EUR/MWh,DK1,DK_1,imbalance_price,Short,2026-08-23T05:51:55Z
2026-08-23T05:46:44Z,2026-08-23T07:46:44+0200,442f0342-0040-4db4-ac3f-85a7f822bcbf,2026-08-04T07:30:00Z,2026-08-04T09:30:00+0200,75.99,EUR/MWh,DK1,DK_1,imbalance_price,Long,2026-08-23T05:51:55Z
2026-08-23T05:46:44Z,2026-08-23T07:46:44+0200,442f0342-0040-4db4-ac3f-85a7f822bcbf,2026-08-04T07:30:00Z,2026-08-04T09:30:00+0200,75.99,EUR/MWh,DK1,DK_1,imbalance_price,Short,2026-08-23T05:51:55Z
2026-08-23T05:46:44Z,2026-08-23T07:46:44+0200,442f0342-0040-4db4-ac3f-85a7f822bcbf,2026-08-04T07:45:00Z,2026-08-04T09:45:00+0200,81.84,EUR/MWh,DK1,DK_1,imbalance_price,Long,2026-08-23T05:51:55Z
2026-08-23T05:46:44Z,2026-08-23T07:46:44+0200,442f0342-0040-4db4-ac3f-85a7f822bcbf,2026-08-04T07:45:00Z,2026-08-04T09:45:00+0200,81.84,EUR/MWh,DK1,DK_1,imbalance_price,Short,2026-08-23T05:51:55Z
2026-08-23T05:46:44Z,2026-08-23T07:46:44+0200,442f0342-0040-4db4-ac3f-85a7f822bcbf,2026-08-04T08:00:00Z,2026-08-04T10:00:00+0200,0.09,EUR/MWh,DK1,DK_1,imbalance_price,Long,2026-08-23T05:51:55Z
2026-08-23T05:46:44Z,2026-08-23T07:46:44+0200,442f0342-0040-4db4-ac3f-85a7f822bcbf,2026-08-04T08:00:00Z,2026-08-04T10:00:00+0200,0.09,EUR/MWh,DK1,DK_1,imbalance_price,Short,2026-08-23T05:51:55Z
2026-08-23T05:46:44Z,2026-08-23T07:46:44+0200,442f0342-0040-4db4-ac3f-85a7f822bcbf,2026-08-04T08:15:00Z,2026-08-04T10:15:00+0200,-27.43,EUR/MWh,DK1,DK_1,imbalance_price,Long,2026-08-23T05:51:55Z
2026-08-23T05:46:44Z,2026-08-23T07:46:44+0200,442f0342-0040-4db4-ac3f-85a7f822bcbf,2026-08-04T08:15:00Z,2026-08-04T10:15:00+0200,-27.43,EUR/MWh,DK1,DK_1,imbalance_price,Short,2026-08-23T05:51:55Z
2026-08-23T05:46:44Z,2026-08-23T07:46:44+0200,442f0342-0040-4db4-ac3f-85a7f822bcbf,2026-08-04T08:30:00Z,2026-08-04T10:30:00+0200,-8.95,EUR/MWh,DK1,DK_1,imbalance_price,Long,2026-08-23T05:51:55Z
2026-08-23T05:46:44Z,2026-08-23T07:46:44+0200,442f0342-0040-4db4-ac3f-85a7f822bcbf,2026-08-04T08:30:00Z,2026-08-04T10:30:00+0200,-8.95,EUR/MWh,DK1,DK_1,imbalance_price,Short,2026-08-23T05:51:55Z
2026-08-23T05:46:44Z,2026-08-23T07:46:44+0200,442f0342-0040-4db4-ac3f-85a7f822bcbf,2026-08-04T08:45:00Z,2026-08-04T10:45:00+0200,-22.8,EUR/MWh,DK1,DK_1,imbalance_price,Long,2026-08-23T05:51:55Z
2026-08-23T05:46:44Z,2026-08-23T07:46:44+0200,442f0342-0040-4db4-ac3f-85a7f822bcbf,2026-08-04T08:45:00Z,2026-08-04T10:45:00+0200,-22.8,EUR/MWh,DK1,DK_1,imbalance_price,Short,2026-08-23T05:51:55Z
2026-08-23T05:46:44Z,2026-08-23T07:46:44+0200,442f0342-0040-4db4-ac3f-85a7f822bcbf,2026-08-04T09:00:00Z,2026-08-04T11:00:00+0200,-27.98,EUR/MWh,DK1,DK_1,imbalance_price,Long,2026-08-23T05:51:55Z
2026-08-23T05:46:44Z,2026-08-23T07:46:44+0200,442f0342-0040-4db4-ac3f-85a7f822bcbf,2026-08-04T09:00:00Z,2026-08-04T11:00:00+0200,-27.98,EUR/MWh,DK1,DK_1,imbalance_price,Short,2026-08-23T05:51:55Z
2026-08-23T05:46:44Z,2026-08-23T07:46:44+0200,442f0342-0040-4db4-ac3f-85a7f822bcbf,2026-08-04T09:15:00Z,2026-08-04T11:15:00+0200,-5.19,EUR/MWh,DK1,DK_1,imbalance_price,Long,2026-08-23T05:51:55Z
2026-08-23T05:46:44Z,2026-08-23T07:46:44+0200,442f0342-0040-4db4-ac3f-85a7f822bcbf,2026-08-04T09:15:00Z,2026-08-04T11:15:00+0200,-5.19,EUR/MWh,DK1,DK_1,imbalance_price,Short,2026-08-23T05:51:55Z
2026-08-23T05:46:44Z,2026-08-23T07:46:44+0200,442f0342-0040-4db4-ac3f-85a7f822bcbf,2026-08-04T09:30:00Z,2026-08-04T11:30:00+0200,-75.12,EUR/MWh,DK1,DK_1,imbalance_price,Long,2026-08-23T05:51:55Z
2026-08-23T05:46:44Z,2026-08-23T07:46:44+0200,442f0342-0040-4db4-ac3f-85a7f822bcbf,2026-08-04T09:30:00Z,2026-08-04T11:30:00+0200,-75.12,EUR/MWh,DK1,DK_1,imbalance_price,Short,2026-08-23T05:51:55Z
2026-08-23T05:46:44Z,2026-08-23T07:46:44+0200,442f0342-0040-4db4-ac3f-85a7f822bcbf,2026-08-04T09:45:00Z,2026-08-04T11:45:00+0200,-91.52,EUR/MWh,DK1,DK_1,imbalance_price,Long,2026-08-23T05:51:55Z
2026-08-23T05:46:44Z,2026-08-23T07:46:44+0200,442f0342-0040-4db4-ac3f-85a7f822bcbf,2026-08-04T09:45:00Z,2026-08-04T11:45:00+0200,-91.52,EUR/MWh,DK1,DK_1,imbalance_price,Short,2026-08-23T05:51:55Z
2026-08-23T05:46:44Z,2026-08-23T07:46:44+0200,442f0342-0040-4db4-ac3f-85a7f822bcbf,2026-08-04T10:00:00Z,2026-08-04T12:00:00+0200,0.05,EUR/MWh,DK1,DK_1,imbalance_price,Long,2026-08-23T05:51:55Z
2026-08-23T05:46:44Z,2026-08-23T07:46:44+0200,442f0342-0040-4db4-ac3f-85a7f822bcbf,2026-08-04T10:00:00Z,2026-08-04T12:00:00+0200,0.05,EUR/MWh,DK1,DK_1,imbalance_price,Short,2026-08-23T05:51:55Z
2026-08-23T05:46:44Z,2026-08-23T07:46:44+0200,442f0342-0040-4db4-ac3f-85a7f822bcbf,2026-08-04T10:15:00Z,2026-08-04T12:15:00+0200,5.21,EUR/MWh,DK1,DK_1,imbalance_price,Long,2026-08-23T05:51:55Z
2026-08-23T05:46:44Z,2026-08-23T07:46:44+0200,442f0342-0040-4db4-ac3f-85a7f822bcbf,2026-08-04T10:15:00Z,2026-08-04T12:15:00+0200,5.21,EUR/MWh,DK1,DK_1,imbalance_price,Short,2026-08-23T05:51:55Z
2026-08-23T05:46:44Z,2026-08-23T07:46:44+0200,442f0342-0040-4db4-ac3f-85a7f822bcbf,2026-08-04T10:30:00Z,2026-08-04T12:30:00+0200,-75.71,EUR/MWh,DK1,DK_1,imbalance_price,Long,2026-08-23T05:51:55Z
2026-08-23T05:46:44Z,2026-08-23T07:46:44+0200,442f0342-0040-4db4-ac3f-85a7f822bcbf,2026-08-04T10:30:00Z,2026-08-04T12:30:00+0200,-75.71,EUR/MWh,DK1,DK_1,imbalance_price,Short,2026-08-23T05:51:55Z
2026-08-23T05:46:44Z,2026-08-23T07:46:44+0200,442f0342-0040-4db4-ac3f-85a7f822bcbf,2026-08-04T10:45:00Z,2026-08-04T12:45:00+0200,-14.45,EUR/MWh,DK1,DK_1,imbalance_price,Long,2026-08-23T05:51:55Z
2026-08-23T05:46:44Z,2026-08-23T07:46:44+0200,442f0342-0040-4db4-ac3f-85a7f822bcbf,2026-08-04T10:45:00Z,2026-08-04T12:45:00+0200,-14.45,EUR/MWh,DK1,DK_1,imbalance_price,Short,2026-08-23T05:51:55Z
2026-08-23T05:46:44Z,2026-08-23T07:46:44+0200,442f0342-0040-4db4-ac3f-85a7f822bcbf,2026-08-04T11:00:00Z,2026-08-04T13:00:00+0200,4.0,EUR/MWh,DK1,DK_1,imbalance_price,Long,2026-08-23T05:51:55Z
2026-08-23T05:46:44Z,2026-08-23T07:46:44+0200,442f0342-0040-4db4-ac3f-85a7f822bcbf,2026-08-04T11:00:00Z,2026-08-04T13:00:00+0200,4.0,EUR/MWh,DK1,DK_1,imbalance_price,Short,2026-08-23T05:51:55Z
2026-08-23T05:46:44Z,2026-08-23T07:46:44+0200,442f0342-0040-4db4-ac3f-85a7f822bcbf,2026-08-04T11:15:00Z,2026-08-04T13:15:00+0200,0.36,EUR/MWh,DK1,DK_1,imbalance_price,Long,2026-08-23T05:51:55Z
2026-08-23T05:46:44Z,2026-08-23T07:46:44+0200,442f0342-0040-4db4-ac3f-85a7f822bcbf,2026-08-04T11:15:00Z,2026-08-04T13:15:00+0200,0.36,EUR/MWh,DK1,DK_1,imbalance_price,Short,2026-08-23T05:51:55Z
2026-08-23T05:46:44Z,2026-08-23T07:46:44+0200,442f0342-0040-4db4-ac3f-85a7f822bcbf,2026-08-04T11:30:00Z,2026-08-04T13:30:00+0200,6.35,EUR/MWh,DK1,DK_1,imbalance_price,Long,2026-08-23T05:51:55Z
2026-08-23T05:46:44Z,2026-08-23T07:46:44+0200,442f0342-0040-4db4-ac3f-85a7f822bcbf,2026-08-04T11:30:00Z,2026-08-04T13:30:00+0200,6.35,EUR/MWh,DK1,DK_1,imbalance_price,Short,2026-08-23T05:51:55Z
2026-08-23T05:46:44Z,2026-08-23T07:46:44+0200,442f0342-0040-4db4-ac3f-85a7f822bcbf,2026-08-04T11:45:00Z,2026-08-04T13:45:00+0200,3.0,EUR/MWh,DK1,DK_1,imbalance_price,Long,2026-08-23T05:51:55Z
2026-08-23T05:46:44Z,2026-08-23T07:46:44+0200,442f0342-0040-4db4-ac3f-85a7f822bcbf,2026-08-04T11:45:00Z,2026-08-04T13:45:00+0200,3.0,EUR/MWh,DK1,DK_1,imbalance_price,Short,2026-08-23T05:51:55Z
2026-08-23T05:46:44Z,2026-08-23T07:46:44+0200,442f0342-0040-4db4-ac3f-85a7f822bcbf,2026-08-04T12:00:00Z,2026-08-04T14:00:00+0200,7.56,EUR/MWh,DK1,DK_1,imbalance_price,Long,2026-08-23T05:51:55Z
2026-08-23T05:46:44Z,2026-08-23T07:46:44+0200,442f0342-0040-4db4-ac3f-85a7f822bcbf,2026-08-04T12:00:00Z,2026-08-04T14:00:00+0200,7.56,EUR/MWh,DK1,DK_1,imbalance_price,Short,2026-08-23T05:51:55Z
2026-08-23T05:46:44Z,2026-08-23T07:46:44+0200,442f0342-0040-4db4-ac3f-85a7f822bcbf,2026-08-04T12:15:00Z,2026-08-04T14:15:00+0200,84.32,EUR/MWh,DK1,DK_1,imbalance_price,Long,2026-08-23T05:51:55Z
2026-08-23T05:46:44Z,2026-08-23T07:46:44+0200,442f0342-0040-4db4-ac3f-85a7f822bcbf,2026-08-04T12:15:00Z,2026-08-04T14:15:00+0200,84.32,EUR/MWh,DK1,DK_1,imbalance_price,Short,2026-08-23T05:51:55Z
2026-08-23T05:46:44Z,2026-08-23T07:46:44+0200,442f0342-0040-4db4-ac3f-85a7f822bcbf,2026-08-04T12:30:00Z,2026-08-04T14:30:00+0200,-10.1,EUR/MWh,DK1,DK_1,imbalance_price,Long,2026-08-23T05:51:55Z
2026-08-23T05:46:44Z,2026-08-23T07:46:44+0200,442f0342-0040-4db4-ac3f-85a7f822bcbf,2026-08-04T12:30:00Z,2026-08-04T14:30:00+0200,-10.1,EUR/MWh,DK1,DK_1,imbalance_price,Short,2026-08-23T05:51:55Z
2026-08-23T05:46:44Z,2026-08-23T07:46:44+0200,442f0342-0040-4db4-ac3f-85a7f822bcbf,2026-08-04T12:45:00Z,2026-08-04T14:45:00+0200,5.35,EUR/MWh,DK1,DK_1,imbalance_price,Long,2026-08-23T05:51:55Z
2026-08-23T05:46:44Z,2026-08-23T07:46:44+0200,442f0342-0040-4db4-ac3f-85a7f822bcbf,2026-08-04T12:45:00Z,2026-08-04T14:45:00+0200,5.35,EUR/MWh,DK1,DK_1,imbalance_price,Short,2026-08-23T05:51:55Z
2026-08-23T05:46:44Z,2026-08-23T07:46:44+0200,442f0342-0040-4db4-ac3f-85a7f822bcbf,2026-08-04T13:00:00Z,2026-08-04T15:00:00+0200,22.61,EUR/MWh,DK1,DK_1,imbalance_price,Long,2026-08-23T05:51:55Z
2026-08-23T05:46:44Z,2026-08-23T07:46:44+0200,442f0342-0040-4db4-ac3f-85a7f822bcbf,2026-08-04T13:00:00Z,2026-08-04T15:00:00+0200,22.61,EUR/MWh,DK1,DK_1,imbalance_price,Short,2026-08-23T05:51:55Z
2026-08-23T05:46:44Z,2026-08-23T07:46:44+0200,442f0342-0040-4db4-ac3f-85a7f822bcbf,2026-08-04T13:15:00Z,2026-08-04T15:15:00+0200,5.35,EUR/MWh,DK1,DK_1,imbalance_price,Long,2026-08-23T05:51:55Z
2026-08-23T05:46:44Z,2026-08-23T07:46:44+0200,442f0342-0040-4db4-ac3f-85a7f822bcbf,2026-08-04T13:15:00Z,2026-08-04T15:15:00+0200,5.35,EUR/MWh,DK1,DK_1,imbalance_price,Short,2026-08-23T05:51:55Z
2026-08-23T05:46:44Z,2026-08-23T07:46:44+0200,442f0342-0040-4db4-ac3f-85a7f822bcbf,2026-08-04T13:30:00Z,2026-08-04T15:30:00+0200,12.97,EUR/MWh,DK1,DK_1,imbalance_price,Long,2026-08-23T05:51:55Z
2026-08-23T05:46:44Z,2026-08-23T07:46:44+0200,442f0342-0040-4db4-ac3f-85a7f822bcbf,2026-08-04T13:30:00Z,2026-08-04T15:30:00+0200,12.97,EUR/MWh,DK1,DK_1,imbalance_price,Short,2026-08-23T05:51:55Z
2026-08-23T05:46:44Z,2026-08-23T07:46:44+0200,442f0342-0040-4db4-ac3f-85a7f822bcbf,2026-08-04T13:45:00Z,2026-08-04T15:45:00+0200,44.05,EUR/MWh,DK1,DK_1,imbalance_price,Long,2026-08-23T05:51:55Z
2026-08-23T05:46:44Z,2026-08-23T07:46:44+0200,442f0342-0040-4db4-ac3f-85a7f822bcbf,2026-08-04T13:45:00Z,2026-08-04T15:45:00+0200,44.05,EUR/MWh,DK1,DK_1,imbalance_price,Short,2026-08-23T05:51:55Z
2026-08-23T05:46:44Z,2026-08-23T07:46:44+0200,442f0342-0040-4db4-ac3f-85a7f822bcbf,2026-08-04T14:00:00Z,2026-08-04T16:00:00+0200,8.24,EUR/MWh,DK1,DK_1,imbalance_price,Long,2026-08-23T05:51:55Z
2026-08-23T05:46:44Z,2026-08-23T07:46:44+0200,442f0342-0040-4db4-ac3f-85a7f822bcbf,2026-08-04T14:00:00Z,2026-08-04T16:00:00+0200,8.24,EUR/MWh,DK1,DK_1,imbalance_price,Short,2026-08-23T05:51:55Z
2026-08-23T05:46:44Z,2026-08-23T07:46:44+0200,442f0342-0040-4db4-ac3f-85a7f822bcbf,2026-08-04T14:15:00Z,2026-08-04T16:15:00+0200,2.53,EUR/MWh,DK1,DK_1,imbalance_price,Long,2026-08-23T05:51:55Z
2026-08-23T05:46:44Z,2026-08-23T07:46:44+0200,442f0342-0040-4db4-ac3f-85a7f822bcbf,2026-08-04T14:15:00Z,2026-08-04T16:15:00+0200,2.53,EUR/MWh,DK1,DK_1,imbalance_price,Short,2026-08-23T05:51:55Z
2026-08-23T05:46:44Z,2026-08-23T07:46:44+0200,442f0342-0040-4db4-ac3f-85a7f822bcbf,2026-08-04T14:30:00Z,2026-08-04T16:30:00+0200,79.94,EUR/MWh,DK1,DK_1,imbalance_price,Long,2026-08-23T05:51:55Z
2026-08-23T05:46:44Z,2026-08-23T07:46:44+0200,442f0342-0040-4db4-ac3f-85a7f822bcbf,2026-08-04T14:30:00Z,2026-08-04T16:30:00+0200,79.94,EUR/MWh,DK1,DK_1,imbalance_price,Short,2026-08-23T05:51:55Z
2026-08-23T05:46:44Z,2026-08-23T07:46:44+0200,442f0342-0040-4db4-ac3f-85a7f822bcbf,2026-08-04T14:45:00Z,2026-08-04T16:45:00+0200,36.69,EUR/MWh,DK1,DK_1,imbalance_price,Long,2026-08-23T05:51:55Z
2026-08-23T05:46:44Z,2026-08-23T07:46:44+0200,442f0342-0040-4db4-ac3f-85a7f822bcbf,2026-08-04T14:45:00Z,2026-08-04T16:45:00+0200,36.69,EUR/MWh,DK1,DK_1,imbalance_price,Short,2026-08-23T05:51:55Z
2026-08-23T05:46:44Z,2026-08-23T07:46:44+0200,442f0342-0040-4db4-ac3f-85a7f822bcbf,2026-08-04T15:00:00Z,2026-08-04T17:00:00+0200,36.14,EUR/MWh,DK1,DK_1,imbalance_price,Long,2026-08-23T05:51:55Z
2026-08-23T05:46:44Z,2026-08-23T07:46:44+0200,442f0342-0040-4db4-ac3f-85a7f822bcbf,2026-08-04T15:00:00Z,2026-08-04T17:00:00+0200,36.14,EUR/MWh,DK1,DK_1,imbalance_price,Short,2026-08-23T05:51:55Z
2026-08-23T05:46:44Z,2026-08-23T07:46:44+0200,442f0342-0040-4db4-ac3f-85a7f822bcbf,2026-08-04T15:15:00Z,2026-08-04T17:15:00+0200,147.0,EUR/MWh,DK1,DK_1,imbalance_price,Long,2026-08-23T05:51:55Z
2026-08-23T05:46:44Z,2026-08-23T07:46:44+0200,442f0342-0040-4db4-ac3f-85a7f822bcbf,2026-08-04T15:15:00Z,2026-08-04T17:15:00+0200,147.0,EUR/MWh,DK1,DK_1,imbalance_price,Short,2026-08-23T05:51:55Z
2026-08-23T05:46:44Z,2026-08-23T07:46:44+0200,442f0342-0040-4db4-ac3f-85a7f822bcbf,2026-08-04T15:30:00Z,2026-08-04T17:30:00+0200,160.23,EUR/MWh,DK1,DK_1,imbalance_price,Long,2026-08-23T05:51:55Z
2026-08-23T05:46:44Z,2026-08-23T07:46:44+0200,442f0342-0040-4db4-ac3f-85a7f822bcbf,2026-08-04T15:30:00Z,2026-08-04T17:30:00+0200,160.23,EUR/MWh,DK1,DK_1,imbalance_price,Short,2026-08-23T05:51:55Z
2026-08-23T05:46:44Z,2026-08-23T07:46:44+0200,442f0342-0040-4db4-ac3f-85a7f822bcbf,2026-08-04T15:45:00Z,2026-08-04T17:45:00+0200,7.61,EUR/MWh,DK1,DK_1,imbalance_price,Long,2026-08-23T05:51:55Z
2026-08-23T05:46:44Z,2026-08-23T07:46:44+0200,442f0342-0040-4db4-ac3f-85a7f822bcbf,2026-08-04T15:45:00Z,2026-08-04T17:45:00+0200,7.61,EUR/MWh,DK1,DK_1,imbalance_price,Short,2026-08-23T05:51:55Z
2026-08-23T05:46:44Z,2026-08-23T07:46:44+0200,442f0342-0040-4db4-ac3f-85a7f822bcbf,2026-08-04T16:00:00Z,2026-08-04T18:00:00+0200,8.0,EUR/MWh,DK1,DK_1,imbalance_price,Long,2026-08-23T05:51:55Z
2026-08-23T05:46:44Z,2026-08-23T07:46:44+0200,442f0342-0040-4db4-ac3f-85a7f822bcbf,2026-08-04T16:00:00Z,2026-08-04T18:00:00+0200,8.0,EUR/MWh,DK1,DK_1,imbalance_price,Short,2026-08-23T05:51:55Z
2026-08-23T05:46:44Z,2026-08-23T07:46:44+0200,442f0342-0040-4db4-ac3f-85a7f822bcbf,2026-08-04T16:15:00Z,2026-08-04T18:15:00+0200,6.81,EUR/MWh,DK1,DK_1,imbalance_price,Long,2026-08-23T05:51:55Z
2026-08-23T05:46:44Z,2026-08-23T07:46:44+0200,442f0342-0040-4db4-ac3f-85a7f822bcbf,2026-08-04T16:15:00Z,2026-08-04T18:15:00+0200,6.81,EUR/MWh,DK1,DK_1,imbalance_price,Short,2026-08-23T05:51:55Z
2026-08-23T05:46:44Z,2026-08-23T07:46:44+0200,442f0342-0040-4db4-ac3f-85a7f822bcbf,2026-08-04T16:30:00Z,2026-08-04T18:30:00+0200,18.49,EUR/MWh,DK1,DK_1,imbalance_price,Long,2026-08-23T05:51:55Z
2026-08-23T05:46:44Z,2026-08-23T07:46:44+0200,442f0342-0040-4db4-ac3f-85a7f822bcbf,2026-08-04T16:30:00Z,2026-08-04T18:30:00+0200,18.49,EUR/MWh,DK1,DK_1,imbalance_price,Short,2026-08-23T05:51:55Z
2026-08-23T05:46:44Z,2026-08-23T07:46:44+0200,442f0342-0040-4db4-ac3f-85a7f822bcbf,2026-08-04T16:45:00Z,2026-08-04T18:45:00+0200,82.94,EUR/MWh,DK1,DK_1,imbalance_price,Long,2026-08-23T05:51:55Z
2026-08-23T05:46:44Z,2026-08-23T07:46:44+0200,442f0342-0040-4db4-ac3f-85a7f822bcbf,2026-08-04T16:45:00Z,2026-08-04T18:45:00+0200,82.94,EUR/MWh,DK1,DK_1,imbalance_price,Short,2026-08-23T05:51:55Z
2026-08-23T05:46:44Z,2026-08-23T07:46:44+0200,442f0342-0040-4db4-ac3f-85a7f822bcbf,2026-08-04T17:00:00Z,2026-08-04T19:00:00+0200,70.21,EUR/MWh,DK1,DK_1,imbalance_price,Long,2026-08-23T05:51:55Z
2026-08-23T05:46:44Z,2026-08-23T07:46:44+0200,442f0342-0040-4db4-ac3f-85a7f822bcbf,2026-08-04T17:00:00Z,2026-08-04T19:00:00+0200,70.21,EUR/MWh,DK1,DK_1,imbalance_price,Short,2026-08-23T05:51:55Z
2026-08-23T05:46:44Z,2026-08-23T07:46:44+0200,442f0342-0040-4db4-ac3f-85a7f822bcbf,2026-08-04T17:15:00Z,2026-08-04T19:15:00+0200,9.69,EUR/MWh,DK1,DK_1,imbalance_price,Long,2026-08-23T05:51:55Z
2026-08-23T05:46:44Z,2026-08-23T07:46:44+0200,442f0342-0040-4db4-ac3f-85a7f822bcbf,2026-08-04T17:15:00Z,2026-08-04T19:15:00+0200,9.69,EUR/MWh,DK1,DK_1,imbalance_price,Short,2026-08-23T05:51:55Z
2026-08-23T05:46:44Z,2026-08-23T07:46:44+0200,442f0342-0040-4db4-ac3f-85a7f822bcbf,2026-08-04T17:30:00Z,2026-08-04T19:30:00+0200,89.6,EUR/MWh,DK1,DK_1,imbalance_price,Long,2026-08-23T05:51:55Z
2026-08-23T05:46:44Z,2026-08-23T07:46:44+0200,442f0342-0040-4db4-ac3f-85a7f822bcbf,2026-08-04T17:30:00Z,2026-08-04T19:30:00+0200,89.6,EUR/MWh,DK1,DK_1,imbalance_price,Short,2026-08-23T05:51:55Z
2026-08-23T05:46:44Z,2026-08-23T07:46:44+0200,442f0342-0040-4db4-ac3f-85a7f822bcbf,2026-08-04T17:45:00Z,2026-08-04T19:45:00+0200,155.63,EUR/MWh,DK1,DK_1,imbalance_price,Long,2026-08-23T05:51:55Z
2026-08-23T05:46:44Z,2026-08-23T07:46:44+0200,442f0342-0040-4db4-ac3f-85a7f822bcbf,2026-08-04T17:45:00Z,2026-08-04T19:45:00+0200,155.63,EUR/MWh,DK1,DK_1,imbalance_price,Short,2026-08-23T05:51:55Z
2026-08-23T05:46:44Z,2026-08-23T07:46:44+0200,442f0342-0040-4db4-ac3f-85a7f822bcbf,2026-08-04T18:00:00Z,2026-08-04T20:00:00+0200,233.36,EUR/MWh,DK1,DK_1,imbalance_price,Long,2026-08-23T05:51:55Z
2026-08-23T05:46:44Z,2026-08-23T07:46:44+0200,442f0342-0040-4db4-ac3f-85a7f822bcbf,2026-08-04T18:00:00Z,2026-08-04T20:00:00+0200,233.36,EUR/MWh,DK1,DK_1,imbalance_price,Short,2026-08-23T05:51:55Z
2026-08-23T05:46:44Z,2026-08-23T07:46:44+0200,442f0342-0040-4db4-ac3f-85a7f822bcbf,2026-08-04T18:15:00Z,2026-08-04T20:15:00+0200,401.4,EUR/MWh,DK1,DK_1,imbalance_price,Long,2026-08-23T05:51:55Z
2026-08-23T05:46:44Z,2026-08-23T07:46:44+0200,442f0342-0040-4db4-ac3f-85a7f822bcbf,2026-08-04T18:15:00Z,2026-08-04T20:15:00+0200,401.4,EUR/MWh,DK1,DK_1,imbalance_price,Short,2026-08-23T05:51:55Z
2026-08-23T05:46:44Z,2026-08-23T07:46:44+0200,442f0342-0040-4db4-ac3f-85a7f822bcbf,2026-08-04T18:30:00Z,2026-08-04T20:30:00+0200,735.92,EUR/MWh,DK1,DK_1,imbalance_price,Long,2026-08-23T05:51:55Z
2026-08-23T05:46:44Z,2026-08-23T07:46:44+0200,442f0342-0040-4db4-ac3f-85a7f822bcbf,2026-08-04T18:30:00Z,2026-08-04T20:30:00+0200,735.92,EUR/MWh,DK1,DK_1,imbalance_price,Short,2026-08-23T05:51:55Z
2026-08-23T05:46:44Z,2026-08-23T07:46:44+0200,442f0342-0040-4db4-ac3f-85a7f822bcbf,2026-08-04T18:45:00Z,2026-08-04T20:45:00+0200,735.92,EUR/MWh,DK1,DK_1,imbalance_price,Long,2026-08-23T05:51:55Z
2026-08-23T05:46:44Z,2026-08-23T07:46:44+0200,442f0342-0040-4db4-ac3f-85a7f822bcbf,2026-08-04T18:45:00Z,2026-08-04T20:45:00+0200,735.92,EUR/MWh,DK1,DK_1,imbalance_price,Short,2026-08-23T05:51:55Z
2026-08-23T05:46:44Z,2026-08-23T07:46:44+0200,442f0342-0040-4db4-ac3f-85a7f822bcbf,2026-08-04T19:00:00Z,2026-08-04T21:00:00+0200,668.89,EUR/MWh,DK1,DK_1,imbalance_price,Long,2026-08-23T05:51:55Z
2026-08-23T05:46:44Z,2026-08-23T07:46:44+0200,442f0342-0040-4db4-ac3f-85a7f822bcbf,2026-08-04T19:00:00Z,2026-08-04T21:00:00+0200,668.89,EUR/MWh,DK1,DK_1,imbalance_price,Short,2026-08-23T05:51:55Z
2026-08-23T05:46:44Z,2026-08-23T07:46:44+0200,442f0342-0040-4db4-ac3f-85a7f822bcbf,2026-08-04T19:15:00Z,2026-08-04T21:15:00+0200,428.17,EUR/MWh,DK1,DK_1,imbalance_price,Long,2026-08-23T05:51:55Z
2026-08-23T05:46:44Z,2026-08-23T07:46:44+0200,442f0342-0040-4db4-ac3f-85a7f822bcbf,2026-08-04T19:15:00Z,2026-08-04T21:15:00+0200,428.17,EUR/MWh,DK1,DK_1,imbalance_price,Short,2026-08-23T05:51:55Z
2026-08-23T05:46:44Z,2026-08-23T07:46:44+0200,442f0342-0040-4db4-ac3f-85a7f822bcbf,2026-08-04T19:30:00Z,2026-08-04T21:30:00+0200,278.11,EUR/MWh,DK1,DK_1,imbalance_price,Long,2026-08-23T05:51:55Z
2026-08-23T05:46:44Z,2026-08-23T07:46:44+0200,442f0342-0040-4db4-ac3f-85a7f822bcbf,2026-08-04T19:30:00Z,2026-08-04T21:30:00+0200,278.11,EUR/MWh,DK1,DK_1,imbalance_price,Short,2026-08-23T05:51:55Z
2026-08-23T05:46:44Z,2026-08-23T07:46:44+0200,442f0342-0040-4db4-ac3f-85a7f822bcbf,2026-08-04T19:45:00Z,2026-08-04T21:45:00+0200,136.96,EUR/MWh,DK1,DK_1,imbalance_price,Long,2026-08-23T05:51:55Z
2026-08-23T05:46:44Z,2026-08-23T07:46:44+0200,442f0342-0040-4db4-ac3f-85a7f822bcbf,2026-08-04T19:45:00Z,2026-08-04T21:45:00+0200,136.96,EUR/MWh,DK1,DK_1,imbalance_price,Short,2026-08-23T05:51:55Z
2026-08-23T05:46:44Z,2026-08-23T07:46:44+0200,442f0342-0040-4db4-ac3f-85a7f822bcbf,2026-08-04T20:00:00Z,2026-08-04T22:00:00+0200,198.79,EUR/MWh,DK1,DK_1,imbalance_price,Long,2026-08-23T05:51:55Z
2026-08-23T05:46:44Z,2026-08-23T07:46:44+0200,442f0342-0040-4db4-ac3f-85a7f822bcbf,2026-08-04T20:00:00Z,2026-08-04T22:00:00+0200,198.79,EUR/MWh,DK1,DK_1,imbalance_price,Short,2026-08-23T05:51:55Z
2026-08-23T05:46:44Z,2026-08-23T07:46:44+0200,442f0342-0040-4db4-ac3f-85a7f822bcbf,2026-08-04T20:15:00Z,2026-08-04T22:15:00+0200,181.29,EUR/MWh,DK1,DK_1,imbalance_price,Long,2026-08-23T05:51:55Z
2026-08-23T05:46:44Z,2026-08-23T07:46:44+0200,442f0342-0040-4db4-ac3f-85a7f822bcbf,2026-08-04T20:15:00Z,2026-08-04T22:15:00+0200,181.29,EUR/MWh,DK1,DK_1,imbalance_price,Short,2026-08-23T05:51:55Z
2026-08-23T05:46:44Z,2026-08-23T07:46:44+0200,442f0342-0040-4db4-ac3f-85a7f822bcbf,2026-08-04T20:30:00Z,2026-08-04T22:30:00+0200,184.14,EUR/MWh,DK1,DK_1,imbalance_price,Long,2026-08-23T05:51:55Z
2026-08-23T05:46:44Z,2026-08-23T07:46:44+0200,442f0342-0040-4db4-ac3f-85a7f822bcbf,2026-08-04T20:30:00Z,2026-08-04T22:30:00+0200,184.14,EUR/MWh,DK1,DK_1,imbalance_price,Short,2026-08-23T05:51:55Z
2026-08-23T05:46:44Z,2026-08-23T07:46:44+0200,442f0342-0040-4db4-ac3f-85a7f822bcbf,2026-08-04T20:45:00Z,2026-08-04T22:45:00+0200,120.0,EUR/MWh,DK1,DK_1,imbalance_price,Long,2026-08-23T05:51:55Z
2026-08-23T05:46:44Z,2026-08-23T07:46:44+0200,442f0342-0040-4db4-ac3f-85a7f822bcbf,2026-08-04T20:45:00Z,2026-08-04T22:45:00+0200,120.0,EUR/MWh,DK1,DK_1,imbalance_price,Short,2026-08-23T05:51:55Z
2026-08-23T05:46:44Z,2026-08-23T07:46:44+0200,442f0342-0040-4db4-ac3f-85a7f822bcbf,2026-08-04T21:00:00Z,2026-08-04T23:00:00+0200,119.98,EUR/MWh,DK1,DK_1,imbalance_price,Long,2026-08-23T05:51:55Z
2026-08-23T05:46:44Z,2026-08-23T07:46:44+0200,442f0342-0040-4db4-ac3f-85a7f822bcbf,2026-08-04T21:00:00Z,2026-08-04T23:00:00+0200,119.98,EUR/MWh,DK1,DK_1,imbalance_price,Short,2026-08-23T05:51:55Z
2026-08-23T05:46:44Z,2026-08-23T07:46:44+0200,442f0342-0040-4db4-ac3f-85a7f822bcbf,2026-08-04T21:15:00Z,2026-08-04T23:15:00+0200,126.85,EUR/MWh,DK1,DK_1,imbalance_price,Long,2026-08-23T05:51:55Z
2026-08-23T05:46:44Z,2026-08-23T07:46:44+0200,442f0342-0040-4db4-ac3f-85a7f822bcbf,2026-08-04T21:15:00Z,2026-08-04T23:15:00+0200,126.85,EUR/MWh,DK1,DK_1,imbalance_price,Short,2026-08-23T05:51:55Z
2026-08-23T05:46:44Z,2026-08-23T07:46:44+0200,442f0342-0040-4db4-ac3f-85a7f822bcbf,2026-08-04T21:30:00Z,2026-08-04T23:30:00+0200,124.1,EUR/MWh,DK1,DK_1,imbalance_price,Long,2026-08-23T05:51:55Z
2026-08-23T05:46:44Z,2026-08-23T07:46:44+0200,442f0342-0040-4db4-ac3f-85a7f822bcbf,2026-08-04T21:30:00Z,2026-08-04T23:30:00+0200,124.1,EUR/MWh,DK1,DK_1,imbalance_price,Short,2026-08-23T05:51:55Z
2026-08-23T05:46:44Z,2026-08-23T07:46:44+0200,442f0342-0040-4db4-ac3f-85a7f822bcbf,2026-08-04T21:45:00Z,2026-08-04T23:45:00+0200,120.01,EUR/MWh,DK1,DK_1,imbalance_price,Long,2026-08-23T05:51:55Z
2026-08-23T05:46:44Z,2026-08-23T07:46:44+0200,442f0342-0040-4db4-ac3f-85a7f822bcbf,2026-08-04T21:45:00Z,2026-08-04T23:45:00+0200,120.01,EUR/MWh,DK1,DK_1,imbalance_price,Short,2026-08-23T05:51:55Z
2026-08-23T05:46:44Z,2026-08-23T07:46:44+0200,442f0342-0040-4db4-ac3f-85a7f822bcbf,2026-08-04T22:00:00Z,2026-08-05T00:00:00+0200,104.32,EUR/MWh,DK1,DK_1,imbalance_price,Long,2026-08-23T05:51:55Z
2026-08-23T05:46:44Z,2026-08-23T07:46:44+0200,442f0342-0040-4db4-ac3f-85a7f822bcbf,2026-08-04T22:00:00Z,2026-08-05T00:00:00+0200,104.32,EUR/MWh,DK1,DK_1,imbalance_price,Short,2026-08-23T05:51:55Z
2026-08-23T05:46:44Z,2026-08-23T07:46:44+0200,442f0342-0040-4db4-ac3f-85a7f822bcbf,2026-08-04T22:15:00Z,2026-08-05T00:15:00+0200,59.17,EUR/MWh,DK1,DK_1,imbalance_price,Long,2026-08-23T05:51:55Z
2026-08-23T05:46:44Z,2026-08-23T07:46:44+0200,442f0342-0040-4db4-ac3f-85a7f822bcbf,2026-08-04T22:15:00Z,2026-08-05T00:15:00+0200,59.17,EUR/MWh,DK1,DK_1,imbalance_price,Short,2026-08-23T05:51:55Z
2026-08-23T05:46:44Z,2026-08-23T07:46:44+0200,442f0342-0040-4db4-ac3f-85a7f822bcbf,2026-08-04T22:30:00Z,2026-08-05T00:30:00+0200,74.66,EUR/MWh,DK1,DK_1,imbalance_price,Long,2026-08-23T05:51:55Z
2026-08-23T05:46:44Z,2026-08-23T07:46:44+0200,442f0342-0040-4db4-ac3f-85a7f822bcbf,2026-08-04T22:30:00Z,2026-08-05T00:30:00+0200,74.66,EUR/MWh,DK1,DK_1,imbalance_price,Short,2026-08-23T05:51:55Z
2026-08-23T05:46:44Z,2026-08-23T07:46:44+0200,442f0342-0040-4db4-ac3f-85a7f822bcbf,2026-08-04T22:45:00Z,2026-08-05T00:45:00+0200,30.19,EUR/MWh,DK1,DK_1,imbalance_price,Long,2026-08-23T05:51:55Z
2026-08-23T05:46:44Z,2026-08-23T07:46:44+0200,442f0342-0040-4db4-ac3f-85a7f822bcbf,2026-08-04T22:45:00Z,2026-08-05T00:45:00+0200,30.19,EUR/MWh,DK1,DK_1,imbalance_price,Short,2026-08-23T05:51:55Z
2026-08-23T05:46:44Z,2026-08-23T07:46:44+0200,442f0342-0040-4db4-ac3f-85a7f822bcbf,2026-08-04T23:00:00Z,2026-08-05T01:00:00+0200,9.55,EUR/MWh,DK1,DK_1,imbalance_price,Long,2026-08-23T05:51:55Z
2026-08-23T05:46:44Z,2026-08-23T07:46:44+0200,442f0342-0040-4db4-ac3f-85a7f822bcbf,2026-08-04T23:00:00Z,2026-08-05T01:00:00+0200,9.55,EUR/MWh,DK1,DK_1,imbalance_price,Short,2026-08-23T05:51:55Z
2026-08-23T05:46:44Z,2026-08-23T07:46:44+0200,442f0342-0040-4db4-ac3f-85a7f822bcbf,2026-08-04T23:15:00Z,2026-08-05T01:15:00+0200,97.13,EUR/MWh,DK1,DK_1,imbalance_price,Long,2026-08-23T05:51:55Z
2026-08-23T05:46:44Z,2026-08-23T07:46:44+0200,442f0342-0040-4db4-ac3f-85a7f822bcbf,2026-08-04T23:15:00Z,2026-08-05T01:15:00+0200,97.13,EUR/MWh,DK1,DK_1,imbalance_price,Short,2026-08-23T05:51:55Z
2026-08-23T05:46:44Z,2026-08-23T07:46:44+0200,442f0342-0040-4db4-ac3f-85a7f822bcbf,2026-08-04T23:30:00Z,2026-08-05T01:30:00+0200,98.6,EUR/MWh,DK1,DK_1,imbalance_price,Long,2026-08-23T05:51:55Z
2026-08-23T05:46:44Z,2026-08-23T07:46:44+0200,442f0342-0040-4db4-ac3f-85a7f822bcbf,2026-08-04T23:30:00Z,2026-08-05T01:30:00+0200,98.6,EUR/MWh,DK1,DK_1,imbalance_price,Short,2026-08-23T05:51:55Z
2026-08-23T05:46:44Z,2026-08-23T07:46:44+0200,442f0342-0040-4db4-ac3f-85a7f822bcbf,2026-08-04T23:45:00Z,2026-08-05T01:45:00+0200,334.46,EUR/MWh,DK1,DK_1,imbalance_price,Long,2026-08-23T05:51:55Z
2026-08-23T05:46:44Z,2026-08-23T07:46:44+0200,442f0342-0040-4db4-ac3f-85a7f822bcbf,2026-08-04T23:45:00Z,2026-08-05T01:45:00+0200,334.46,EUR/MWh,DK1,DK_1,imbalance_price,Short,2026-08-23T05:51:55Z
2026-08-23T05:46:44Z,2026-08-23T07:46:44+0200,442f0342-0040-4db4-ac3f-85a7f822bcbf,2026-08-05T00:00:00Z,2026-08-05T02:00:00+0200,17.79,EUR/MWh,DK1,DK_1,imbalance_price,Long,2026-08-23T05:51:55Z
2026-08-23T05:46:44Z,2026-08-23T07:46:44+0200,442f0342-0040-4db4-ac3f-85a7f822bcbf,2026-08-05T00:00:00Z,2026-08-05T02:00:00+0200,17.79,EUR/MWh,DK1,DK_1,imbalance_price,Short,2026-08-23T05:51:55Z
2026-08-23T05:46:44Z,2026-08-23T07:46:44+0200,442f0342-0040-4db4-ac3f-85a7f822bcbf,2026-08-05T00:15:00Z,2026-08-05T02:15:00+0200,87.1,EUR/MWh,DK1,DK_1,imbalance_price,Long,2026-08-23T05:51:55Z
2026-08-23T05:46:44Z,2026-08-23T07:46:44+0200,442f0342-0040-4db4-ac3f-85a7f822bcbf,2026-08-05T00:15:00Z,2026-08-05T02:15:00+0200,87.1,EUR/MWh,DK1,DK_1,imbalance_price,Short,2026-08-23T05:51:55Z
2026-08-23T05:46:44Z,2026-08-23T07:46:44+0200,442f0342-0040-4db4-ac3f-85a7f822bcbf,2026-08-05T00:30:00Z,2026-08-05T02:30:00+0200,97.72,EUR/MWh,DK1,DK_1,imbalance_price,Long,2026-08-23T05:51:55Z
2026-08-23T05:46:44Z,2026-08-23T07:46:44+0200,442f0342-0040-4db4-ac3f-85a7f822bcbf,2026-08-05T00:30:00Z,2026-08-05T02:30:00+0200,97.72,EUR/MWh,DK1,DK_1,imbalance_price,Short,2026-08-23T05:51:55Z
2026-08-23T05:46:44Z,2026-08-23T07:46:44+0200,442f0342-0040-4db4-ac3f-85a7f822bcbf,2026-08-05T00:45:00Z,2026-08-05T02:45:00+0200,73.3,EUR/MWh,DK1,DK_1,imbalance_price,Long,2026-08-23T05:51:55Z
2026-08-23T05:46:44Z,2026-08-23T07:46:44+0200,442f0342-0040-4db4-ac3f-85a7f822bcbf,2026-08-05T00:45:00Z,2026-08-05T02:45:00+0200,73.3,EUR/MWh,DK1,DK_1,imbalance_price,Short,2026-08-23T05:51:55Z
2026-08-23T05:46:44Z,2026-08-23T07:46:44+0200,442f0342-0040-4db4-ac3f-85a7f822bcbf,2026-08-05T01:00:00Z,2026-08-05T03:00:00+0200,85.38,EUR/MWh,DK1,DK_1,imbalance_price,Long,2026-08-23T05:51:55Z
2026-08-23T05:46:44Z,2026-08-23T07:46:44+0200,442f0342-0040-4db4-ac3f-85a7f822bcbf,2026-08-05T01:00:00Z,2026-08-05T03:00:00+0200,85.38,EUR/MWh,DK1,DK_1,imbalance_price,Short,2026-08-23T05:51:55Z
2026-08-23T05:46:44Z,2026-08-23T07:46:44+0200,442f0342-0040-4db4-ac3f-85a7f822bcbf,2026-08-05T01:15:00Z,2026-08-05T03:15:00+0200,11.68,EUR/MWh,DK1,DK_1,imbalance_price,Long,2026-08-23T05:51:55Z
2026-08-23T05:46:44Z,2026-08-23T07:46:44+0200,442f0342-0040-4db4-ac3f-85a7f822bcbf,2026-08-05T01:15:00Z,2026-08-05T03:15:00+0200,11.68,EUR/MWh,DK1,DK_1,imbalance_price,Short,2026-08-23T05:51:55Z
2026-08-23T05:46:44Z,2026-08-23T07:46:44+0200,442f0342-0040-4db4-ac3f-85a7f822bcbf,2026-08-05T01:30:00Z,2026-08-05T03:30:00+0200,12.38,EUR/MWh,DK1,DK_1,imbalance_price,Long,2026-08-23T05:51:55Z
2026-08-23T05:46:44Z,2026-08-23T07:46:44+0200,442f0342-0040-4db4-ac3f-85a7f822bcbf,2026-08-05T01:30:00Z,2026-08-05T03:30:00+0200,12.38,EUR/MWh,DK1,DK_1,imbalance_price,Short,2026-08-23T05:51:55Z
2026-08-23T05:46:44Z,2026-08-23T07:46:44+0200,442f0342-0040-4db4-ac3f-85a7f822bcbf,2026-08-05T01:45:00Z,2026-08-05T03:45:00+0200,81.47,EUR/MWh,DK1,DK_1,imbalance_price,Long,2026-08-23T05:51:55Z
2026-08-23T05:46:44Z,2026-08-23T07:46:44+0200,442f0342-0040-4db4-ac3f-85a7f822bcbf,2026-08-05T01:45:00Z,2026-08-05T03:45:00+0200,81.47,EUR/MWh,DK1,DK_1,imbalance_price,Short,2026-08-23T05:51:55Z
2026-08-23T05:46:44Z,2026-08-23T07:46:44+0200,442f0342-0040-4db4-ac3f-85a7f822bcbf,2026-08-05T02:00:00Z,2026-08-05T04:00:00+0200,99.71,EUR/MWh,DK1,DK_1,imbalance_price,Long,2026-08-23T05:51:55Z
2026-08-23T05:46:44Z,2026-08-23T07:46:44+0200,442f0342-0040-4db4-ac3f-85a7f822bcbf,2026-08-05T02:00:00Z,2026-08-05T04:00:00+0200,99.71,EUR/MWh,DK1,DK_1,imbalance_price,Short,2026-08-23T05:51:55Z
2026-08-23T05:46:44Z,2026-08-23T07:46:44+0200,442f0342-0040-4db4-ac3f-85a7f822bcbf,2026-08-05T02:15:00Z,2026-08-05T04:15:00+0200,200.67,EUR/MWh,DK1,DK_1,imbalance_price,Long,2026-08-23T05:51:55Z
2026-08-23T05:46:44Z,2026-08-23T07:46:44+0200,442f0342-0040-4db4-ac3f-85a7f822bcbf,2026-08-05T02:15:00Z,2026-08-05T04:15:00+0200,200.67,EUR/MWh,DK1,DK_1,imbalance_price,Short,2026-08-23T05:51:55Z
2026-08-23T05:46:44Z,2026-08-23T07:46:44+0200,442f0342-0040-4db4-ac3f-85a7f822bcbf,2026-08-05T02:30:00Z,2026-08-05T04:30:00+0200,468.3,EUR/MWh,DK1,DK_1,imbalance_price,Long,2026-08-23T05:51:55Z
2026-08-23T05:46:44Z,2026-08-23T07:46:44+0200,442f0342-0040-4db4-ac3f-85a7f822bcbf,2026-08-05T02:30:00Z,2026-08-05T04:30:00+0200,468.3,EUR/MWh,DK1,DK_1,imbalance_price,Short,2026-08-23T05:51:55Z
2026-08-23T05:46:44Z,2026-08-23T07:46:44+0200,442f0342-0040-4db4-ac3f-85a7f822bcbf,2026-08-05T02:45:00Z,2026-08-05T04:45:00+0200,668.86,EUR/MWh,DK1,DK_1,imbalance_price,Long,2026-08-23T05:51:55Z
2026-08-23T05:46:44Z,2026-08-23T07:46:44+0200,442f0342-0040-4db4-ac3f-85a7f822bcbf,2026-08-05T02:45:00Z,2026-08-05T04:45:00+0200,668.86,EUR/MWh,DK1,DK_1,imbalance_price,Short,2026-08-23T05:51:55Z
2026-08-23T05:46:44Z,2026-08-23T07:46:44+0200,442f0342-0040-4db4-ac3f-85a7f822bcbf,2026-08-05T03:00:00Z,2026-08-05T05:00:00+0200,43.63,EUR/MWh,DK1,DK_1,imbalance_price,Long,2026-08-23T05:51:55Z
2026-08-23T05:46:44Z,2026-08-23T07:46:44+0200,442f0342-0040-4db4-ac3f-85a7f822bcbf,2026-08-05T03:00:00Z,2026-08-05T05:00:00+0200,43.63,EUR/MWh,DK1,DK_1,imbalance_price,Short,2026-08-23T05:51:55Z
2026-08-23T05:46:44Z,2026-08-23T07:46:44+0200,442f0342-0040-4db4-ac3f-85a7f822bcbf,2026-08-05T03:15:00Z,2026-08-05T05:15:00+0200,100.81,EUR/MWh,DK1,DK_1,imbalance_price,Long,2026-08-23T05:51:55Z
2026-08-23T05:46:44Z,2026-08-23T07:46:44+0200,442f0342-0040-4db4-ac3f-85a7f822bcbf,2026-08-05T03:15:00Z,2026-08-05T05:15:00+0200,100.81,EUR/MWh,DK1,DK_1,imbalance_price,Short,2026-08-23T05:51:55Z
2026-08-23T05:46:44Z,2026-08-23T07:46:44+0200,442f0342-0040-4db4-ac3f-85a7f822bcbf,2026-08-05T03:30:00Z,2026-08-05T05:30:00+0200,97.86,EUR/MWh,DK1,DK_1,imbalance_price,Long,2026-08-23T05:51:55Z
2026-08-23T05:46:44Z,2026-08-23T07:46:44+0200,442f0342-0040-4db4-ac3f-85a7f822bcbf,2026-08-05T03:30:00Z,2026-08-05T05:30:00+0200,97.86,EUR/MWh,DK1,DK_1,imbalance_price,Short,2026-08-23T05:51:55Z
2026-08-23T05:46:44Z,2026-08-23T07:46:44+0200,442f0342-0040-4db4-ac3f-85a7f822bcbf,2026-08-05T03:45:00Z,2026-08-05T05:45:00+0200,128.3,EUR/MWh,DK1,DK_1,imbalance_price,Long,2026-08-23T05:51:55Z
2026-08-23T05:46:44Z,2026-08-23T07:46:44+0200,442f0342-0040-4db4-ac3f-85a7f822bcbf,2026-08-05T03:45:00Z,2026-08-05T05:45:00+0200,128.3,EUR/MWh,DK1,DK_1,imbalance_price,Short,2026-08-23T05:51:55Z
2026-08-23T05:46:44Z,2026-08-23T07:46:44+0200,442f0342-0040-4db4-ac3f-85a7f822bcbf,2026-08-05T04:00:00Z,2026-08-05T06:00:00+0200,67.05,EUR/MWh,DK1,DK_1,imbalance_price,Long,2026-08-23T05:51:55Z
2026-08-23T05:46:44Z,2026-08-23T07:46:44+0200,442f0342-0040-4db4-ac3f-85a7f822bcbf,2026-08-05T04:00:00Z,2026-08-05T06:00:00+0200,67.05,EUR/MWh,DK1,DK_1,imbalance_price,Short,2026-08-23T05:51:55Z
2026-08-23T05:46:44Z,2026-08-23T07:46:44+0200,442f0342-0040-4db4-ac3f-85a7f822bcbf,2026-08-05T04:15:00Z,2026-08-05T06:15:00+0200,221.97,EUR/MWh,DK1,DK_1,imbalance_price,Long,2026-08-23T05:51:55Z
2026-08-23T05:46:44Z,2026-08-23T07:46:44+0200,442f0342-0040-4db4-ac3f-85a7f822bcbf,2026-08-05T04:15:00Z,2026-08-05T06:15:00+0200,221.97,EUR/MWh,DK1,DK_1,imbalance_price,Short,2026-08-23T05:51:55Z
2026-08-23T05:46:44Z,2026-08-23T07:46:44+0200,442f0342-0040-4db4-ac3f-85a7f822bcbf,2026-08-05T04:30:00Z,2026-08-05T06:30:00+0200,202.94,EUR/MWh,DK1,DK_1,imbalance_price,Long,2026-08-23T05:51:55Z
2026-08-23T05:46:44Z,2026-08-23T07:46:44+0200,442f0342-0040-4db4-ac3f-85a7f822bcbf,2026-08-05T04:30:00Z,2026-08-05T06:30:00+0200,202.94,EUR/MWh,DK1,DK_1,imbalance_price,Short,2026-08-23T05:51:55Z
2026-08-23T05:46:44Z,2026-08-23T07:46:44+0200,442f0342-0040-4db4-ac3f-85a7f822bcbf,2026-08-05T04:45:00Z,2026-08-05T06:45:00+0200,138.26,EUR/MWh,DK1,DK_1,imbalance_price,Long,2026-08-23T05:51:55Z
2026-08-23T05:46:44Z,2026-08-23T07:46:44+0200,442f0342-0040-4db4-ac3f-85a7f822bcbf,2026-08-05T04:45:00Z,2026-08-05T06:45:00+0200,138.26,EUR/MWh,DK1,DK_1,imbalance_price,Short,2026-08-23T05:51:55Z
2026-08-23T05:46:44Z,2026-08-23T07:46:44+0200,442f0342-0040-4db4-ac3f-85a7f822bcbf,2026-08-05T05:00:00Z,2026-08-05T07:00:00+0200,97.06,EUR/MWh,DK1,DK_1,imbalance_price,Long,2026-08-23T05:51:55Z
2026-08-23T05:46:44Z,2026-08-23T07:46:44+0200,442f0342-0040-4db4-ac3f-85a7f822bcbf,2026-08-05T05:00:00Z,2026-08-05T07:00:00+0200,97.06,EUR/MWh,DK1,DK_1,imbalance_price,Short,2026-08-23T05:51:55Z
2026-08-23T05:46:44Z,2026-08-23T07:46:44+0200,442f0342-0040-4db4-ac3f-85a7f822bcbf,2026-08-05T05:15:00Z,2026-08-05T07:15:00+0200,222.55,EUR/MWh,DK1,DK_1,imbalance_price,Long,2026-08-23T05:51:55Z
2026-08-23T05:46:44Z,2026-08-23T07:46:44+0200,442f0342-0040-4db4-ac3f-85a7f822bcbf,2026-08-05T05:15:00Z,2026-08-05T07:15:00+0200,222.55,EUR/MWh,DK1,DK_1,imbalance_price,Short,2026-08-23T05:51:55Z
2026-08-23T05:46:44Z,2026-08-23T07:46:44+0200,442f0342-0040-4db4-ac3f-85a7f822bcbf,2026-08-05T05:30:00Z,2026-08-05T07:30:00+0200,334.46,EUR/MWh,DK1,DK_1,imbalance_price,Long,2026-08-23T05:51:55Z
2026-08-23T05:46:44Z,2026-08-23T07:46:44+0200,442f0342-0040-4db4-ac3f-85a7f822bcbf,2026-08-05T05:30:00Z,2026-08-05T07:30:00+0200,334.46,EUR/MWh,DK1,DK_1,imbalance_price,Short,2026-08-23T05:51:55Z
2026-08-23T05:46:44Z,2026-08-23T07:46:44+0200,442f0342-0040-4db4-ac3f-85a7f822bcbf,2026-08-05T05:45:00Z,2026-08-05T07:45:00+0200,334.46,EUR/MWh,DK1,DK_1,imbalance_price,Long,2026-08-23T05:51:55Z
2026-08-23T05:46:44Z,2026-08-23T07:46:44+0200,442f0342-0040-4db4-ac3f-85a7f822bcbf,2026-08-05T05:45:00Z,2026-08-05T07:45:00+0200,334.46,EUR/MWh,DK1,DK_1,imbalance_price,Short,2026-08-23T05:51:55Z
2026-08-23T05:46:44Z,2026-08-23T07:46:44+0200,442f0342-0040-4db4-ac3f-85a7f822bcbf,2026-08-05T06:00:00Z,2026-08-05T08:00:00+0200,468.2,EUR/MWh,DK1,DK_1,imbalance_price,Long,2026-08-23T05:51:55Z
2026-08-23T05:46:44Z,2026-08-23T07:46:44+0200,442f0342-0040-4db4-ac3f-85a7f822bcbf,2026-08-05T06:00:00Z,2026-08-05T08:00:00+0200,468.2,EUR/MWh,DK1,DK_1,imbalance_price,Short,2026-08-23T05:51:55Z
2026-08-23T05:46:44Z,2026-08-23T07:46:44+0200,442f0342-0040-4db4-ac3f-85a7f822bcbf,2026-08-05T06:15:00Z,2026-08-05T08:15:00+0200,468.21,EUR/MWh,DK1,DK_1,imbalance_price,Long,2026-08-23T05:51:55Z
2026-08-23T05:46:44Z,2026-08-23T07:46:44+0200,442f0342-0040-4db4-ac3f-85a7f822bcbf,2026-08-05T06:15:00Z,2026-08-05T08:15:00+0200,468.21,EUR/MWh,DK1,DK_1,imbalance_price,Short,2026-08-23T05:51:55Z
2026-08-23T05:46:44Z,2026-08-23T07:46:44+0200,442f0342-0040-4db4-ac3f-85a7f822bcbf,2026-08-05T06:30:00Z,2026-08-05T08:30:00+0200,535.31,EUR/MWh,DK1,DK_1,imbalance_price,Long,2026-08-23T05:51:55Z
2026-08-23T05:46:44Z,2026-08-23T07:46:44+0200,442f0342-0040-4db4-ac3f-85a7f822bcbf,2026-08-05T06:30:00Z,2026-08-05T08:30:00+0200,535.31,EUR/MWh,DK1,DK_1,imbalance_price,Short,2026-08-23T05:51:55Z
2026-08-23T05:46:44Z,2026-08-23T07:46:44+0200,442f0342-0040-4db4-ac3f-85a7f822bcbf,2026-08-05T06:45:00Z,2026-08-05T08:45:00+0200,128.98,EUR/MWh,DK1,DK_1,imbalance_price,Long,2026-08-23T05:51:55Z
2026-08-23T05:46:44Z,2026-08-23T07:46:44+0200,442f0342-0040-4db4-ac3f-85a7f822bcbf,2026-08-05T06:45:00Z,2026-08-05T08:45:00+0200,128.98,EUR/MWh,DK1,DK_1,imbalance_price,Short,2026-08-23T05:51:55Z
2026-08-23T05:46:44Z,2026-08-23T07:46:44+0200,442f0342-0040-4db4-ac3f-85a7f822bcbf,2026-08-05T07:00:00Z,2026-08-05T09:00:00+0200,669.0,EUR/MWh,DK1,DK_1,imbalance_price,Long,2026-08-23T05:51:55Z
2026-08-23T05:46:44Z,2026-08-23T07:46:44+0200,442f0342-0040-4db4-ac3f-85a7f822bcbf,2026-08-05T07:00:00Z,2026-08-05T09:00:00+0200,669.0,EUR/MWh,DK1,DK_1,imbalance_price,Short,2026-08-23T05:51:55Z
2026-08-23T05:46:44Z,2026-08-23T07:46:44+0200,442f0342-0040-4db4-ac3f-85a7f822bcbf,2026-08-05T07:15:00Z,2026-08-05T09:15:00+0200,334.46,EUR/MWh,DK1,DK_1,imbalance_price,Long,2026-08-23T05:51:55Z
2026-08-23T05:46:44Z,2026-08-23T07:46:44+0200,442f0342-0040-4db4-ac3f-85a7f822bcbf,2026-08-05T07:15:00Z,2026-08-05T09:15:00+0200,334.46,EUR/MWh,DK1,DK_1,imbalance_price,Short,2026-08-23T05:51:55Z
2026-08-23T05:46:44Z,2026-08-23T07:46:44+0200,442f0342-0040-4db4-ac3f-85a7f822bcbf,2026-08-05T07:30:00Z,2026-08-05T09:30:00+0200,401.35,EUR/MWh,DK1,DK_1,imbalance_price,Long,2026-08-23T05:51:55Z
2026-08-23T05:46:44Z,2026-08-23T07:46:44+0200,442f0342-0040-4db4-ac3f-85a7f822bcbf,2026-08-05T07:30:00Z,2026-08-05T09:30:00+0200,401.35,EUR/MWh,DK1,DK_1,imbalance_price,Short,2026-08-23T05:51:55Z
2026-08-23T05:46:44Z,2026-08-23T07:46:44+0200,442f0342-0040-4db4-ac3f-85a7f822bcbf,2026-08-05T07:45:00Z,2026-08-05T09:45:00+0200,267.6,EUR/MWh,DK1,DK_1,imbalance_price,Long,2026-08-23T05:51:55Z
2026-08-23T05:46:44Z,2026-08-23T07:46:44+0200,442f0342-0040-4db4-ac3f-85a7f822bcbf,2026-08-05T07:45:00Z,2026-08-05T09:45:00+0200,267.6,EUR/MWh,DK1,DK_1,imbalance_price,Short,2026-08-23T05:51:55Z
2026-08-23T05:46:44Z,2026-08-23T07:46:44+0200,442f0342-0040-4db4-ac3f-85a7f822bcbf,2026-08-05T08:00:00Z,2026-08-05T10:00:00+0200,192.0,EUR/MWh,DK1,DK_1,imbalance_price,Long,2026-08-23T05:51:55Z
2026-08-23T05:46:44Z,2026-08-23T07:46:44+0200,442f0342-0040-4db4-ac3f-85a7f822bcbf,2026-08-05T08:00:00Z,2026-08-05T10:00:00+0200,192.0,EUR/MWh,DK1,DK_1,imbalance_price,Short,2026-08-23T05:51:55Z
2026-08-23T05:46:44Z,2026-08-23T07:46:44+0200,442f0342-0040-4db4-ac3f-85a7f822bcbf,2026-08-05T08:15:00Z,2026-08-05T10:15:00+0200,110.61,EUR/MWh,DK1,DK_1,imbalance_price,Long,2026-08-23T05:51:55Z
2026-08-23T05:46:44Z,2026-08-23T07:46:44+0200,442f0342-0040-4db4-ac3f-85a7f822bcbf,2026-08-05T08:15:00Z,2026-08-05T10:15:00+0200,110.61,EUR/MWh,DK1,DK_1,imbalance_price,Short,2026-08-23T05:51:55Z
2026-08-23T05:46:44Z,2026-08-23T07:46:44+0200,442f0342-0040-4db4-ac3f-85a7f822bcbf,2026-08-05T08:30:00Z,2026-08-05T10:30:00+0200,23.43,EUR/MWh,DK1,DK_1,imbalance_price,Long,2026-08-23T05:51:55Z
2026-08-23T05:46:44Z,2026-08-23T07:46:44+0200,442f0342-0040-4db4-ac3f-85a7f822bcbf,2026-08-05T08:30:00Z,2026-08-05T10:30:00+0200,23.43,EUR/MWh,DK1,DK_1,imbalance_price,Short,2026-08-23T05:51:55Z
2026-08-23T05:46:44Z,2026-08-23T07:46:44+0200,442f0342-0040-4db4-ac3f-85a7f822bcbf,2026-08-05T08:45:00Z,2026-08-05T10:45:00+0200,18.32,EUR/MWh,DK1,DK_1,imbalance_price,Long,2026-08-23T05:51:55Z
2026-08-23T05:46:44Z,2026-08-23T07:46:44+0200,442f0342-0040-4db4-ac3f-85a7f822bcbf,2026-08-05T08:45:00Z,2026-08-05T10:45:00+0200,18.32,EUR/MWh,DK1,DK_1,imbalance_price,Short,2026-08-23T05:51:55Z
2026-08-23T05:46:44Z,2026-08-23T07:46:44+0200,442f0342-0040-4db4-ac3f-85a7f822bcbf,2026-08-05T09:00:00Z,2026-08-05T11:00:00+0200,2.85,EUR/MWh,DK1,DK_1,imbalance_price,Long,2026-08-23T05:51:55Z
2026-08-23T05:46:44Z,2026-08-23T07:46:44+0200,442f0342-0040-4db4-ac3f-85a7f822bcbf,2026-08-05T09:00:00Z,2026-08-05T11:00:00+0200,2.85,EUR/MWh,DK1,DK_1,imbalance_price,Short,2026-08-23T05:51:55Z
2026-08-23T05:46:44Z,2026-08-23T07:46:44+0200,442f0342-0040-4db4-ac3f-85a7f822bcbf,2026-08-05T09:15:00Z,2026-08-05T11:15:00+0200,-6.69,EUR/MWh,DK1,DK_1,imbalance_price,Long,2026-08-23T05:51:55Z
2026-08-23T05:46:44Z,2026-08-23T07:46:44+0200,442f0342-0040-4db4-ac3f-85a7f822bcbf,2026-08-05T09:15:00Z,2026-08-05T11:15:00+0200,-6.69,EUR/MWh,DK1,DK_1,imbalance_price,Short,2026-08-23T05:51:55Z
2026-08-23T05:46:44Z,2026-08-23T07:46:44+0200,442f0342-0040-4db4-ac3f-85a7f822bcbf,2026-08-05T09:30:00Z,2026-08-05T11:30:00+0200,-6.69,EUR/MWh,DK1,DK_1,imbalance_price,Long,2026-08-23T05:51:55Z
2026-08-23T05:46:44Z,2026-08-23T07:46:44+0200,442f0342-0040-4db4-ac3f-85a7f822bcbf,2026-08-05T09:30:00Z,2026-08-05T11:30:00+0200,-6.69,EUR/MWh,DK1,DK_1,imbalance_price,Short,2026-08-23T05:51:55Z
2026-08-23T05:46:44Z,2026-08-23T07:46:44+0200,442f0342-0040-4db4-ac3f-85a7f822bcbf,2026-08-05T09:45:00Z,2026-08-05T11:45:00+0200,2.17,EUR/MWh,DK1,DK_1,imbalance_price,Long,2026-08-23T05:51:55Z
2026-08-23T05:46:44Z,2026-08-23T07:46:44+0200,442f0342-0040-4db4-ac3f-85a7f822bcbf,2026-08-05T09:45:00Z,2026-08-05T11:45:00+0200,2.17,EUR/MWh,DK1,DK_1,imbalance_price,Short,2026-08-23T05:51:55Z
2026-08-23T05:46:44Z,2026-08-23T07:46:44+0200,442f0342-0040-4db4-ac3f-85a7f822bcbf,2026-08-05T10:00:00Z,2026-08-05T12:00:00+0200,2.74,EUR/MWh,DK1,DK_1,imbalance_price,Long,2026-08-23T05:51:55Z
2026-08-23T05:46:44Z,2026-08-23T07:46:44+0200,442f0342-0040-4db4-ac3f-85a7f822bcbf,2026-08-05T10:00:00Z,2026-08-05T12:00:00+0200,2.74,EUR/MWh,DK1,DK_1,imbalance_price,Short,2026-08-23T05:51:55Z
2026-08-23T05:46:44Z,2026-08-23T07:46:44+0200,442f0342-0040-4db4-ac3f-85a7f822bcbf,2026-08-05T10:15:00Z,2026-08-05T12:15:00+0200,-5.5,EUR/MWh,DK1,DK_1,imbalance_price,Long,2026-08-23T05:51:55Z
2026-08-23T05:46:44Z,2026-08-23T07:46:44+0200,442f0342-0040-4db4-ac3f-85a7f822bcbf,2026-08-05T10:15:00Z,2026-08-05T12:15:00+0200,-5.5,EUR/MWh,DK1,DK_1,imbalance_price,Short,2026-08-23T05:51:55Z
2026-08-23T05:46:44Z,2026-08-23T07:46:44+0200,442f0342-0040-4db4-ac3f-85a7f822bcbf,2026-08-05T10:30:00Z,2026-08-05T12:30:00+0200,-6.69,EUR/MWh,DK1,DK_1,imbalance_price,Long,2026-08-23T05:51:55Z
2026-08-23T05:46:44Z,2026-08-23T07:46:44+0200,442f0342-0040-4db4-ac3f-85a7f822bcbf,2026-08-05T10:30:00Z,2026-08-05T12:30:00+0200,-6.69,EUR/MWh,DK1,DK_1,imbalance_price,Short,2026-08-23T05:51:55Z
2026-08-23T05:46:44Z,2026-08-23T07:46:44+0200,442f0342-0040-4db4-ac3f-85a7f822bcbf,2026-08-05T10:45:00Z,2026-08-05T12:45:00+0200,2.49,EUR/MWh,DK1,DK_1,imbalance_price,Long,2026-08-23T05:51:55Z
2026-08-23T05:46:44Z,2026-08-23T07:46:44+0200,442f0342-0040-4db4-ac3f-85a7f822bcbf,2026-08-05T10:45:00Z,2026-08-05T12:45:00+0200,2.49,EUR/MWh,DK1,DK_1,imbalance_price,Short,2026-08-23T05:51:55Z
2026-08-23T05:46:44Z,2026-08-23T07:46:44+0200,442f0342-0040-4db4-ac3f-85a7f822bcbf,2026-08-05T11:00:00Z,2026-08-05T13:00:00+0200,22.6,EUR/MWh,DK1,DK_1,imbalance_price,Long,2026-08-23T05:51:55Z
2026-08-23T05:46:44Z,2026-08-23T07:46:44+0200,442f0342-0040-4db4-ac3f-85a7f822bcbf,2026-08-05T11:00:00Z,2026-08-05T13:00:00+0200,22.6,EUR/MWh,DK1,DK_1,imbalance_price,Short,2026-08-23T05:51:55Z
2026-08-23T05:46:44Z,2026-08-23T07:46:44+0200,442f0342-0040-4db4-ac3f-85a7f822bcbf,2026-08-05T11:15:00Z,2026-08-05T13:15:00+0200,5.35,EUR/MWh,DK1,DK_1,imbalance_price,Long,2026-08-23T05:51:55Z
2026-08-23T05:46:44Z,2026-08-23T07:46:44+0200,442f0342-0040-4db4-ac3f-85a7f822bcbf,2026-08-05T11:15:00Z,2026-08-05T13:15:00+0200,5.35,EUR/MWh,DK1,DK_1,imbalance_price,Short,2026-08-23T05:51:55Z
2026-08-23T05:46:44Z,2026-08-23T07:46:44+0200,442f0342-0040-4db4-ac3f-85a7f822bcbf,2026-08-05T11:30:00Z,2026-08-05T13:30:00+0200,-6.69,EUR/MWh,DK1,DK_1,imbalance_price,Long,2026-08-23T05:51:55Z
2026-08-23T05:46:44Z,2026-08-23T07:46:44+0200,442f0342-0040-4db4-ac3f-85a7f822bcbf,2026-08-05T11:30:00Z,2026-08-05T13:30:00+0200,-6.69,EUR/MWh,DK1,DK_1,imbalance_price,Short,2026-08-23T05:51:55Z
2026-08-23T05:46:44Z,2026-08-23T07:46:44+0200,442f0342-0040-4db4-ac3f-85a7f822bcbf,2026-08-05T11:45:00Z,2026-08-05T13:45:00+0200,-6.69,EUR/MWh,DK1,DK_1,imbalance_price,Long,2026-08-23T05:51:55Z
2026-08-23T05:46:44Z,2026-08-23T07:46:44+0200,442f0342-0040-4db4-ac3f-85a7f822bcbf,2026-08-05T11:45:00Z,2026-08-05T13:45:00+0200,-6.69,EUR/MWh,DK1,DK_1,imbalance_price,Short,2026-08-23T05:51:55Z
2026-08-23T05:46:44Z,2026-08-23T07:46:44+0200,442f0342-0040-4db4-ac3f-85a7f822bcbf,2026-08-05T12:00:00Z,2026-08-05T14:00:00+0200,-10.0,EUR/MWh,DK1,DK_1,imbalance_price,Long,2026-08-23T05:51:55Z
2026-08-23T05:46:44Z,2026-08-23T07:46:44+0200,442f0342-0040-4db4-ac3f-85a7f822bcbf,2026-08-05T12:00:00Z,2026-08-05T14:00:00+0200,-10.0,EUR/MWh,DK1,DK_1,imbalance_price,Short,2026-08-23T05:51:55Z
2026-08-23T05:46:44Z,2026-08-23T07:46:44+0200,442f0342-0040-4db4-ac3f-85a7f822bcbf,2026-08-05T12:15:00Z,2026-08-05T14:15:00+0200,-10.0,EUR/MWh,DK1,DK_1,imbalance_price,Long,2026-08-23T05:51:55Z
2026-08-23T05:46:44Z,2026-08-23T07:46:44+0200,442f0342-0040-4db4-ac3f-85a7f822bcbf,2026-08-05T12:15:00Z,2026-08-05T14:15:00+0200,-10.0,EUR/MWh,DK1,DK_1,imbalance_price,Short,2026-08-23T05:51:55Z
2026-08-23T05:46:44Z,2026-08-23T07:46:44+0200,442f0342-0040-4db4-ac3f-85a7f822bcbf,2026-08-05T12:30:00Z,2026-08-05T14:30:00+0200,-10.97,EUR/MWh,DK1,DK_1,imbalance_price,Long,2026-08-23T05:51:55Z
2026-08-23T05:46:44Z,2026-08-23T07:46:44+0200,442f0342-0040-4db4-ac3f-85a7f822bcbf,2026-08-05T12:30:00Z,2026-08-05T14:30:00+0200,-10.97,EUR/MWh,DK1,DK_1,imbalance_price,Short,2026-08-23T05:51:55Z
2026-08-23T05:46:44Z,2026-08-23T07:46:44+0200,442f0342-0040-4db4-ac3f-85a7f822bcbf,2026-08-05T12:45:00Z,2026-08-05T14:45:00+0200,-14.94,EUR/MWh,DK1,DK_1,imbalance_price,Long,2026-08-23T05:51:55Z
2026-08-23T05:46:44Z,2026-08-23T07:46:44+0200,442f0342-0040-4db4-ac3f-85a7f822bcbf,2026-08-05T12:45:00Z,2026-08-05T14:45:00+0200,-14.94,EUR/MWh,DK1,DK_1,imbalance_price,Short,2026-08-23T05:51:55Z
2026-08-23T05:46:44Z,2026-08-23T07:46:44+0200,442f0342-0040-4db4-ac3f-85a7f822bcbf,2026-08-05T13:00:00Z,2026-08-05T15:00:00+0200,-21.24,EUR/MWh,DK1,DK_1,imbalance_price,Long,2026-08-23T05:51:55Z
2026-08-23T05:46:44Z,2026-08-23T07:46:44+0200,442f0342-0040-4db4-ac3f-85a7f822bcbf,2026-08-05T13:00:00Z,2026-08-05T15:00:00+0200,-21.24,EUR/MWh,DK1,DK_1,imbalance_price,Short,2026-08-23T05:51:55Z
2026-08-23T05:46:44Z,2026-08-23T07:46:44+0200,442f0342-0040-4db4-ac3f-85a7f822bcbf,2026-08-05T13:15:00Z,2026-08-05T15:15:00+0200,-17.83,EUR/MWh,DK1,DK_1,imbalance_price,Long,2026-08-23T05:51:55Z
2026-08-23T05:46:44Z,2026-08-23T07:46:44+0200,442f0342-0040-4db4-ac3f-85a7f822bcbf,2026-08-05T13:15:00Z,2026-08-05T15:15:00+0200,-17.83,EUR/MWh,DK1,DK_1,imbalance_price,Short,2026-08-23T05:51:55Z
2026-08-23T05:46:44Z,2026-08-23T07:46:44+0200,442f0342-0040-4db4-ac3f-85a7f822bcbf,2026-08-05T13:30:00Z,2026-08-05T15:30:00+0200,-2.78,EUR/MWh,DK1,DK_1,imbalance_price,Long,2026-08-23T05:51:55Z
2026-08-23T05:46:44Z,2026-08-23T07:46:44+0200,442f0342-0040-4db4-ac3f-85a7f822bcbf,2026-08-05T13:30:00Z,2026-08-05T15:30:00+0200,-2.78,EUR/MWh,DK1,DK_1,imbalance_price,Short,2026-08-23T05:51:55Z
2026-08-23T05:46:44Z,2026-08-23T07:46:44+0200,442f0342-0040-4db4-ac3f-85a7f822bcbf,2026-08-05T13:45:00Z,2026-08-05T15:45:00+0200,-14.5,EUR/MWh,DK1,DK_1,imbalance_price,Long,2026-08-23T05:51:55Z
2026-08-23T05:46:44Z,2026-08-23T07:46:44+0200,442f0342-0040-4db4-ac3f-85a7f822bcbf,2026-08-05T13:45:00Z,2026-08-05T15:45:00+0200,-14.5,EUR/MWh,DK1,DK_1,imbalance_price,Short,2026-08-23T05:51:55Z
2026-08-23T05:46:44Z,2026-08-23T07:46:44+0200,442f0342-0040-4db4-ac3f-85a7f822bcbf,2026-08-05T14:00:00Z,2026-08-05T16:00:00+0200,-14.54,EUR/MWh,DK1,DK_1,imbalance_price,Long,2026-08-23T05:51:55Z
2026-08-23T05:46:44Z,2026-08-23T07:46:44+0200,442f0342-0040-4db4-ac3f-85a7f822bcbf,2026-08-05T14:00:00Z,2026-08-05T16:00:00+0200,-14.54,EUR/MWh,DK1,DK_1,imbalance_price,Short,2026-08-23T05:51:55Z
2026-08-23T05:46:44Z,2026-08-23T07:46:44+0200,442f0342-0040-4db4-ac3f-85a7f822bcbf,2026-08-05T14:15:00Z,2026-08-05T16:15:00+0200,-6.69,EUR/MWh,DK1,DK_1,imbalance_price,Long,2026-08-23T05:51:55Z
2026-08-23T05:46:44Z,2026-08-23T07:46:44+0200,442f0342-0040-4db4-ac3f-85a7f822bcbf,2026-08-05T14:15:00Z,2026-08-05T16:15:00+0200,-6.69,EUR/MWh,DK1,DK_1,imbalance_price,Short,2026-08-23T05:51:55Z
2026-08-23T05:46:44Z,2026-08-23T07:46:44+0200,442f0342-0040-4db4-ac3f-85a7f822bcbf,2026-08-05T14:30:00Z,2026-08-05T16:30:00+0200,-23.15,EUR/MWh,DK1,DK_1,imbalance_price,Long,2026-08-23T05:51:55Z
2026-08-23T05:46:44Z,2026-08-23T07:46:44+0200,442f0342-0040-4db4-ac3f-85a7f822bcbf,2026-08-05T14:30:00Z,2026-08-05T16:30:00+0200,-23.15,EUR/MWh,DK1,DK_1,imbalance_price,Short,2026-08-23T05:51:55Z
2026-08-23T05:46:44Z,2026-08-23T07:46:44+0200,442f0342-0040-4db4-ac3f-85a7f822bcbf,2026-08-05T14:45:00Z,2026-08-05T16:45:00+0200,-127.78,EUR/MWh,DK1,DK_1,imbalance_price,Long,2026-08-23T05:51:55Z
2026-08-23T05:46:44Z,2026-08-23T07:46:44+0200,442f0342-0040-4db4-ac3f-85a7f822bcbf,2026-08-05T14:45:00Z,2026-08-05T16:45:00+0200,-127.78,EUR/MWh,DK1,DK_1,imbalance_price,Short,2026-08-23T05:51:55Z
2026-08-23T05:46:44Z,2026-08-23T07:46:44+0200,442f0342-0040-4db4-ac3f-85a7f822bcbf,2026-08-05T15:00:00Z,2026-08-05T17:00:00+0200,-66.39,EUR/MWh,DK1,DK_1,imbalance_price,Long,2026-08-23T05:51:55Z
2026-08-23T05:46:44Z,2026-08-23T07:46:44+0200,442f0342-0040-4db4-ac3f-85a7f822bcbf,2026-08-05T15:00:00Z,2026-08-05T17:00:00+0200,-66.39,EUR/MWh,DK1,DK_1,imbalance_price,Short,2026-08-23T05:51:55Z
2026-08-23T05:46:44Z,2026-08-23T07:46:44+0200,442f0342-0040-4db4-ac3f-85a7f822bcbf,2026-08-05T15:15:00Z,2026-08-05T17:15:00+0200,-10.17,EUR/MWh,DK1,DK_1,imbalance_price,Long,2026-08-23T05:51:55Z
2026-08-23T05:46:44Z,2026-08-23T07:46:44+0200,442f0342-0040-4db4-ac3f-85a7f822bcbf,2026-08-05T15:15:00Z,2026-08-05T17:15:00+0200,-10.17,EUR/MWh,DK1,DK_1,imbalance_price,Short,2026-08-23T05:51:55Z
2026-08-23T05:46:44Z,2026-08-23T07:46:44+0200,442f0342-0040-4db4-ac3f-85a7f822bcbf,2026-08-05T15:30:00Z,2026-08-05T17:30:00+0200,-124.12,EUR/MWh,DK1,DK_1,imbalance_price,Long,2026-08-23T05:51:55Z
2026-08-23T05:46:44Z,2026-08-23T07:46:44+0200,442f0342-0040-4db4-ac3f-85a7f822bcbf,2026-08-05T15:30:00Z,2026-08-05T17:30:00+0200,-124.12,EUR/MWh,DK1,DK_1,imbalance_price,Short,2026-08-23T05:51:55Z
2026-08-23T05:46:44Z,2026-08-23T07:46:44+0200,442f0342-0040-4db4-ac3f-85a7f822bcbf,2026-08-05T15:45:00Z,2026-08-05T17:45:00+0200,-32.34,EUR/MWh,DK1,DK_1,imbalance_price,Long,2026-08-23T05:51:55Z
2026-08-23T05:46:44Z,2026-08-23T07:46:44+0200,442f0342-0040-4db4-ac3f-85a7f822bcbf,2026-08-05T15:45:00Z,2026-08-05T17:45:00+0200,-32.34,EUR/MWh,DK1,DK_1,imbalance_price,Short,2026-08-23T05:51:55Z
2026-08-23T05:46:44Z,2026-08-23T07:46:44+0200,442f0342-0040-4db4-ac3f-85a7f822bcbf,2026-08-05T16:00:00Z,2026-08-05T18:00:00+0200,-23.5,EUR/MWh,DK1,DK_1,imbalance_price,Long,2026-08-23T05:51:55Z
2026-08-23T05:46:44Z,2026-08-23T07:46:44+0200,442f0342-0040-4db4-ac3f-85a7f822bcbf,2026-08-05T16:00:00Z,2026-08-05T18:00:00+0200,-23.5,EUR/MWh,DK1,DK_1,imbalance_price,Short,2026-08-23T05:51:55Z
2026-08-23T05:46:44Z,2026-08-23T07:46:44+0200,442f0342-0040-4db4-ac3f-85a7f822bcbf,2026-08-05T16:15:00Z,2026-08-05T18:15:00+0200,-20.29,EUR/MWh,DK1,DK_1,imbalance_price,Long,2026-08-23T05:51:55Z
2026-08-23T05:46:44Z,2026-08-23T07:46:44+0200,442f0342-0040-4db4-ac3f-85a7f822bcbf,2026-08-05T16:15:00Z,2026-08-05T18:15:00+0200,-20.29,EUR/MWh,DK1,DK_1,imbalance_price,Short,2026-08-23T05:51:55Z
2026-08-23T05:46:44Z,2026-08-23T07:46:44+0200,442f0342-0040-4db4-ac3f-85a7f822bcbf,2026-08-05T16:30:00Z,2026-08-05T18:30:00+0200,1.86,EUR/MWh,DK1,DK_1,imbalance_price,Long,2026-08-23T05:51:55Z
2026-08-23T05:46:44Z,2026-08-23T07:46:44+0200,442f0342-0040-4db4-ac3f-85a7f822bcbf,2026-08-05T16:30:00Z,2026-08-05T18:30:00+0200,1.86,EUR/MWh,DK1,DK_1,imbalance_price,Short,2026-08-23T05:51:55Z
2026-08-23T05:46:44Z,2026-08-23T07:46:44+0200,442f0342-0040-4db4-ac3f-85a7f822bcbf,2026-08-05T16:45:00Z,2026-08-05T18:45:00+0200,-22.26,EUR/MWh,DK1,DK_1,imbalance_price,Long,2026-08-23T05:51:55Z
2026-08-23T05:46:44Z,2026-08-23T07:46:44+0200,442f0342-0040-4db4-ac3f-85a7f822bcbf,2026-08-05T16:45:00Z,2026-08-05T18:45:00+0200,-22.26,EUR/MWh,DK1,DK_1,imbalance_price,Short,2026-08-23T05:51:55Z
2026-08-23T05:46:44Z,2026-08-23T07:46:44+0200,442f0342-0040-4db4-ac3f-85a7f822bcbf,2026-08-05T17:00:00Z,2026-08-05T19:00:00+0200,-13.13,EUR/MWh,DK1,DK_1,imbalance_price,Long,2026-08-23T05:51:55Z
2026-08-23T05:46:44Z,2026-08-23T07:46:44+0200,442f0342-0040-4db4-ac3f-85a7f822bcbf,2026-08-05T17:00:00Z,2026-08-05T19:00:00+0200,-13.13,EUR/MWh,DK1,DK_1,imbalance_price,Short,2026-08-23T05:51:55Z
2026-08-23T05:46:44Z,2026-08-23T07:46:44+0200,442f0342-0040-4db4-ac3f-85a7f822bcbf,2026-08-05T17:15:00Z,2026-08-05T19:15:00+0200,-29.12,EUR/MWh,DK1,DK_1,imbalance_price,Long,2026-08-23T05:51:55Z
2026-08-23T05:46:44Z,2026-08-23T07:46:44+0200,442f0342-0040-4db4-ac3f-85a7f822bcbf,2026-08-05T17:15:00Z,2026-08-05T19:15:00+0200,-29.12,EUR/MWh,DK1,DK_1,imbalance_price,Short,2026-08-23T05:51:55Z
2026-08-23T05:46:44Z,2026-08-23T07:46:44+0200,442f0342-0040-4db4-ac3f-85a7f822bcbf,2026-08-05T17:30:00Z,2026-08-05T19:30:00+0200,-16.94,EUR/MWh,DK1,DK_1,imbalance_price,Long,2026-08-23T05:51:55Z
2026-08-23T05:46:44Z,2026-08-23T07:46:44+0200,442f0342-0040-4db4-ac3f-85a7f822bcbf,2026-08-05T17:30:00Z,2026-08-05T19:30:00+0200,-16.94,EUR/MWh,DK1,DK_1,imbalance_price,Short,2026-08-23T05:51:55Z
2026-08-23T05:46:44Z,2026-08-23T07:46:44+0200,442f0342-0040-4db4-ac3f-85a7f822bcbf,2026-08-05T17:45:00Z,2026-08-05T19:45:00+0200,4.0,EUR/MWh,DK1,DK_1,imbalance_price,Long,2026-08-23T05:51:55Z
2026-08-23T05:46:44Z,2026-08-23T07:46:44+0200,442f0342-0040-4db4-ac3f-85a7f822bcbf,2026-08-05T17:45:00Z,2026-08-05T19:45:00+0200,4.0,EUR/MWh,DK1,DK_1,imbalance_price,Short,2026-08-23T05:51:55Z
2026-08-23T05:46:44Z,2026-08-23T07:46:44+0200,442f0342-0040-4db4-ac3f-85a7f822bcbf,2026-08-05T18:00:00Z,2026-08-05T20:00:00+0200,8.0,EUR/MWh,DK1,DK_1,imbalance_price,Long,2026-08-23T05:51:55Z
2026-08-23T05:46:44Z,2026-08-23T07:46:44+0200,442f0342-0040-4db4-ac3f-85a7f822bcbf,2026-08-05T18:00:00Z,2026-08-05T20:00:00+0200,8.0,EUR/MWh,DK1,DK_1,imbalance_price,Short,2026-08-23T05:51:55Z
2026-08-23T05:46:44Z,2026-08-23T07:46:44+0200,442f0342-0040-4db4-ac3f-85a7f822bcbf,2026-08-05T18:15:00Z,2026-08-05T20:15:00+0200,10.0,EUR/MWh,DK1,DK_1,imbalance_price,Long,2026-08-23T05:51:55Z
2026-08-23T05:46:44Z,2026-08-23T07:46:44+0200,442f0342-0040-4db4-ac3f-85a7f822bcbf,2026-08-05T18:15:00Z,2026-08-05T20:15:00+0200,10.0,EUR/MWh,DK1,DK_1,imbalance_price,Short,2026-08-23T05:51:55Z
2026-08-23T05:46:44Z,2026-08-23T07:46:44+0200,442f0342-0040-4db4-ac3f-85a7f822bcbf,2026-08-05T18:30:00Z,2026-08-05T20:30:00+0200,16.0,EUR/MWh,DK1,DK_1,imbalance_price,Long,2026-08-23T05:51:55Z
2026-08-23T05:46:44Z,2026-08-23T07:46:44+0200,442f0342-0040-4db4-ac3f-85a7f822bcbf,2026-08-05T18:30:00Z,2026-08-05T20:30:00+0200,16.0,EUR/MWh,DK1,DK_1,imbalance_price,Short,2026-08-23T05:51:55Z
2026-08-23T05:46:44Z,2026-08-23T07:46:44+0200,442f0342-0040-4db4-ac3f-85a7f822bcbf,2026-08-05T18:45:00Z,2026-08-05T20:45:00+0200,75.56,EUR/MWh,DK1,DK_1,imbalance_price,Long,2026-08-23T05:51:55Z
2026-08-23T05:46:44Z,2026-08-23T07:46:44+0200,442f0342-0040-4db4-ac3f-85a7f822bcbf,2026-08-05T18:45:00Z,2026-08-05T20:45:00+0200,75.56,EUR/MWh,DK1,DK_1,imbalance_price,Short,2026-08-23T05:51:55Z
2026-08-23T05:46:44Z,2026-08-23T07:46:44+0200,442f0342-0040-4db4-ac3f-85a7f822bcbf,2026-08-05T19:00:00Z,2026-08-05T21:00:00+0200,128.39,EUR/MWh,DK1,DK_1,imbalance_price,Long,2026-08-23T05:51:55Z
2026-08-23T05:46:44Z,2026-08-23T07:46:44+0200,442f0342-0040-4db4-ac3f-85a7f822bcbf,2026-08-05T19:00:00Z,2026-08-05T21:00:00+0200,128.39,EUR/MWh,DK1,DK_1,imbalance_price,Short,2026-08-23T05:51:55Z
2026-08-23T05:46:44Z,2026-08-23T07:46:44+0200,442f0342-0040-4db4-ac3f-85a7f822bcbf,2026-08-05T19:15:00Z,2026-08-05T21:15:00+0200,130.26,EUR/MWh,DK1,DK_1,imbalance_price,Long,2026-08-23T05:51:55Z
2026-08-23T05:46:44Z,2026-08-23T07:46:44+0200,442f0342-0040-4db4-ac3f-85a7f822bcbf,2026-08-05T19:15:00Z,2026-08-05T21:15:00+0200,130.26,EUR/MWh,DK1,DK_1,imbalance_price,Short,2026-08-23T05:51:55Z
2026-08-23T05:46:44Z,2026-08-23T07:46:44+0200,442f0342-0040-4db4-ac3f-85a7f822bcbf,2026-08-05T19:30:00Z,2026-08-05T21:30:00+0200,233.46,EUR/MWh,DK1,DK_1,imbalance_price,Long,2026-08-23T05:51:55Z
2026-08-23T05:46:44Z,2026-08-23T07:46:44+0200,442f0342-0040-4db4-ac3f-85a7f822bcbf,2026-08-05T19:30:00Z,2026-08-05T21:30:00+0200,233.46,EUR/MWh,DK1,DK_1,imbalance_price,Short,2026-08-23T05:51:55Z
2026-08-23T05:46:44Z,2026-08-23T07:46:44+0200,442f0342-0040-4db4-ac3f-85a7f822bcbf,2026-08-05T19:45:00Z,2026-08-05T21:45:00+0200,134.5,EUR/MWh,DK1,DK_1,imbalance_price,Long,2026-08-23T05:51:55Z
2026-08-23T05:46:44Z,2026-08-23T07:46:44+0200,442f0342-0040-4db4-ac3f-85a7f822bcbf,2026-08-05T19:45:00Z,2026-08-05T21:45:00+0200,134.5,EUR/MWh,DK1,DK_1,imbalance_price,Short,2026-08-23T05:51:55Z
2026-08-23T05:46:44Z,2026-08-23T07:46:44+0200,442f0342-0040-4db4-ac3f-85a7f822bcbf,2026-08-05T20:00:00Z,2026-08-05T22:00:00+0200,137.19,EUR/MWh,DK1,DK_1,imbalance_price,Long,2026-08-23T05:51:55Z
2026-08-23T05:46:44Z,2026-08-23T07:46:44+0200,442f0342-0040-4db4-ac3f-85a7f822bcbf,2026-08-05T20:00:00Z,2026-08-05T22:00:00+0200,137.19,EUR/MWh,DK1,DK_1,imbalance_price,Short,2026-08-23T05:51:55Z
2026-08-23T05:46:44Z,2026-08-23T07:46:44+0200,442f0342-0040-4db4-ac3f-85a7f822bcbf,2026-08-05T20:15:00Z,2026-08-05T22:15:00+0200,369.08,EUR/MWh,DK1,DK_1,imbalance_price,Long,2026-08-23T05:51:55Z
2026-08-23T05:46:44Z,2026-08-23T07:46:44+0200,442f0342-0040-4db4-ac3f-85a7f822bcbf,2026-08-05T20:15:00Z,2026-08-05T22:15:00+0200,369.08,EUR/MWh,DK1,DK_1,imbalance_price,Short,2026-08-23T05:51:55Z
2026-08-23T05:46:44Z,2026-08-23T07:46:44+0200,442f0342-0040-4db4-ac3f-85a7f822bcbf,2026-08-05T20:30:00Z,2026-08-05T22:30:00+0200,334.46,EUR/MWh,DK1,DK_1,imbalance_price,Long,2026-08-23T05:51:55Z
2026-08-23T05:46:44Z,2026-08-23T07:46:44+0200,442f0342-0040-4db4-ac3f-85a7f822bcbf,2026-08-05T20:30:00Z,2026-08-05T22:30:00+0200,334.46,EUR/MWh,DK1,DK_1,imbalance_price,Short,2026-08-23T05:51:55Z
2026-08-23T05:46:44Z,2026-08-23T07:46:44+0200,442f0342-0040-4db4-ac3f-85a7f822bcbf,2026-08-05T20:45:00Z,2026-08-05T22:45:00+0200,69.61,EUR/MWh,DK1,DK_1,imbalance_price,Long,2026-08-23T05:51:55Z
2026-08-23T05:46:44Z,2026-08-23T07:46:44+0200,442f0342-0040-4db4-ac3f-85a7f822bcbf,2026-08-05T20:45:00Z,2026-08-05T22:45:00+0200,69.61,EUR/MWh,DK1,DK_1,imbalance_price,Short,2026-08-23T05:51:55Z
2026-08-23T05:46:44Z,2026-08-23T07:46:44+0200,442f0342-0040-4db4-ac3f-85a7f822bcbf,2026-08-05T21:00:00Z,2026-08-05T23:00:00+0200,132.6,EUR/MWh,DK1,DK_1,imbalance_price,Long,2026-08-23T05:51:55Z
2026-08-23T05:46:44Z,2026-08-23T07:46:44+0200,442f0342-0040-4db4-ac3f-85a7f822bcbf,2026-08-05T21:00:00Z,2026-08-05T23:00:00+0200,132.6,EUR/MWh,DK1,DK_1,imbalance_price,Short,2026-08-23T05:51:55Z
2026-08-23T05:46:44Z,2026-08-23T07:46:44+0200,442f0342-0040-4db4-ac3f-85a7f822bcbf,2026-08-05T21:15:00Z,2026-08-05T23:15:00+0200,97.06,EUR/MWh,DK1,DK_1,imbalance_price,Long,2026-08-23T05:51:55Z
2026-08-23T05:46:44Z,2026-08-23T07:46:44+0200,442f0342-0040-4db4-ac3f-85a7f822bcbf,2026-08-05T21:15:00Z,2026-08-05T23:15:00+0200,97.06,EUR/MWh,DK1,DK_1,imbalance_price,Short,2026-08-23T05:51:55Z
2026-08-23T05:46:44Z,2026-08-23T07:46:44+0200,442f0342-0040-4db4-ac3f-85a7f822bcbf,2026-08-05T21:30:00Z,2026-08-05T23:30:00+0200,153.6,EUR/MWh,DK1,DK_1,imbalance_price,Long,2026-08-23T05:51:55Z
2026-08-23T05:46:44Z,2026-08-23T07:46:44+0200,442f0342-0040-4db4-ac3f-85a7f822bcbf,2026-08-05T21:30:00Z,2026-08-05T23:30:00+0200,153.6,EUR/MWh,DK1,DK_1,imbalance_price,Short,2026-08-23T05:51:55Z
2026-08-23T05:46:44Z,2026-08-23T07:46:44+0200,442f0342-0040-4db4-ac3f-85a7f822bcbf,2026-08-05T21:45:00Z,2026-08-05T23:45:00+0200,468.21,EUR/MWh,DK1,DK_1,imbalance_price,Long,2026-08-23T05:51:55Z
2026-08-23T05:46:44Z,2026-08-23T07:46:44+0200,442f0342-0040-4db4-ac3f-85a7f822bcbf,2026-08-05T21:45:00Z,2026-08-05T23:45:00+0200,468.21,EUR/MWh,DK1,DK_1,imbalance_price,Short,2026-08-23T05:51:55Z
2026-08-23T05:46:44Z,2026-08-23T07:46:44+0200,442f0342-0040-4db4-ac3f-85a7f822bcbf,2026-08-05T22:00:00Z,2026-08-06T00:00:00+0200,146.51,EUR/MWh,DK1,DK_1,imbalance_price,Long,2026-08-23T05:51:55Z
2026-08-23T05:46:44Z,2026-08-23T07:46:44+0200,442f0342-0040-4db4-ac3f-85a7f822bcbf,2026-08-05T22:00:00Z,2026-08-06T00:00:00+0200,146.51,EUR/MWh,DK1,DK_1,imbalance_price,Short,2026-08-23T05:51:55Z
2026-08-23T05:46:44Z,2026-08-23T07:46:44+0200,442f0342-0040-4db4-ac3f-85a7f822bcbf,2026-08-05T22:15:00Z,2026-08-06T00:15:00+0200,98.77,EUR/MWh,DK1,DK_1,imbalance_price,Long,2026-08-23T05:51:55Z
2026-08-23T05:46:44Z,2026-08-23T07:46:44+0200,442f0342-0040-4db4-ac3f-85a7f822bcbf,2026-08-05T22:15:00Z,2026-08-06T00:15:00+0200,98.77,EUR/MWh,DK1,DK_1,imbalance_price,Short,2026-08-23T05:51:55Z
2026-08-23T05:46:44Z,2026-08-23T07:46:44+0200,442f0342-0040-4db4-ac3f-85a7f822bcbf,2026-08-05T22:30:00Z,2026-08-06T00:30:00+0200,1.44,EUR/MWh,DK1,DK_1,imbalance_price,Long,2026-08-23T05:51:55Z
2026-08-23T05:46:44Z,2026-08-23T07:46:44+0200,442f0342-0040-4db4-ac3f-85a7f822bcbf,2026-08-05T22:30:00Z,2026-08-06T00:30:00+0200,1.44,EUR/MWh,DK1,DK_1,imbalance_price,Short,2026-08-23T05:51:55Z
2026-08-23T05:46:44Z,2026-08-23T07:46:44+0200,442f0342-0040-4db4-ac3f-85a7f822bcbf,2026-08-05T22:45:00Z,2026-08-06T00:45:00+0200,144.28,EUR/MWh,DK1,DK_1,imbalance_price,Long,2026-08-23T05:51:55Z
2026-08-23T05:46:44Z,2026-08-23T07:46:44+0200,442f0342-0040-4db4-ac3f-85a7f822bcbf,2026-08-05T22:45:00Z,2026-08-06T00:45:00+0200,144.28,EUR/MWh,DK1,DK_1,imbalance_price,Short,2026-08-23T05:51:55Z
2026-08-23T05:46:44Z,2026-08-23T07:46:44+0200,442f0342-0040-4db4-ac3f-85a7f822bcbf,2026-08-05T23:00:00Z,2026-08-06T01:00:00+0200,43.02,EUR/MWh,DK1,DK_1,imbalance_price,Long,2026-08-23T05:51:55Z
2026-08-23T05:46:44Z,2026-08-23T07:46:44+0200,442f0342-0040-4db4-ac3f-85a7f822bcbf,2026-08-05T23:00:00Z,2026-08-06T01:00:00+0200,43.02,EUR/MWh,DK1,DK_1,imbalance_price,Short,2026-08-23T05:51:55Z
2026-08-23T05:46:44Z,2026-08-23T07:46:44+0200,442f0342-0040-4db4-ac3f-85a7f822bcbf,2026-08-05T23:15:00Z,2026-08-06T01:15:00+0200,98.63,EUR/MWh,DK1,DK_1,imbalance_price,Long,2026-08-23T05:51:55Z
2026-08-23T05:46:44Z,2026-08-23T07:46:44+0200,442f0342-0040-4db4-ac3f-85a7f822bcbf,2026-08-05T23:15:00Z,2026-08-06T01:15:00+0200,98.63,EUR/MWh,DK1,DK_1,imbalance_price,Short,2026-08-23T05:51:55Z
2026-08-23T05:46:44Z,2026-08-23T07:46:44+0200,442f0342-0040-4db4-ac3f-85a7f822bcbf,2026-08-05T23:30:00Z,2026-08-06T01:30:00+0200,67.92,EUR/MWh,DK1,DK_1,imbalance_price,Long,2026-08-23T05:51:55Z
2026-08-23T05:46:44Z,2026-08-23T07:46:44+0200,442f0342-0040-4db4-ac3f-85a7f822bcbf,2026-08-05T23:30:00Z,2026-08-06T01:30:00+0200,67.92,EUR/MWh,DK1,DK_1,imbalance_price,Short,2026-08-23T05:51:55Z
2026-08-23T05:46:44Z,2026-08-23T07:46:44+0200,442f0342-0040-4db4-ac3f-85a7f822bcbf,2026-08-05T23:45:00Z,2026-08-06T01:45:00+0200,60.58,EUR/MWh,DK1,DK_1,imbalance_price,Long,2026-08-23T05:51:55Z
2026-08-23T05:46:44Z,2026-08-23T07:46:44+0200,442f0342-0040-4db4-ac3f-85a7f822bcbf,2026-08-05T23:45:00Z,2026-08-06T01:45:00+0200,60.58,EUR/MWh,DK1,DK_1,imbalance_price,Short,2026-08-23T05:51:55Z
2026-08-23T05:46:44Z,2026-08-23T07:46:44+0200,442f0342-0040-4db4-ac3f-85a7f822bcbf,2026-08-06T00:00:00Z,2026-08-06T02:00:00+0200,83.46,EUR/MWh,DK1,DK_1,imbalance_price,Long,2026-08-23T05:51:55Z
2026-08-23T05:46:44Z,2026-08-23T07:46:44+0200,442f0342-0040-4db4-ac3f-85a7f822bcbf,2026-08-06T00:00:00Z,2026-08-06T02:00:00+0200,83.46,EUR/MWh,DK1,DK_1,imbalance_price,Short,2026-08-23T05:51:55Z
2026-08-23T05:46:44Z,2026-08-23T07:46:44+0200,442f0342-0040-4db4-ac3f-85a7f822bcbf,2026-08-06T00:15:00Z,2026-08-06T02:15:00+0200,97.25,EUR/MWh,DK1,DK_1,imbalance_price,Long,2026-08-23T05:51:55Z
2026-08-23T05:46:44Z,2026-08-23T07:46:44+0200,442f0342-0040-4db4-ac3f-85a7f822bcbf,2026-08-06T00:15:00Z,2026-08-06T02:15:00+0200,97.25,EUR/MWh,DK1,DK_1,imbalance_price,Short,2026-08-23T05:51:55Z
2026-08-23T05:46:44Z,2026-08-23T07:46:44+0200,442f0342-0040-4db4-ac3f-85a7f822bcbf,2026-08-06T00:30:00Z,2026-08-06T02:30:00+0200,122.7,EUR/MWh,DK1,DK_1,imbalance_price,Long,2026-08-23T05:51:55Z
2026-08-23T05:46:44Z,2026-08-23T07:46:44+0200,442f0342-0040-4db4-ac3f-85a7f822bcbf,2026-08-06T00:30:00Z,2026-08-06T02:30:00+0200,122.7,EUR/MWh,DK1,DK_1,imbalance_price,Short,2026-08-23T05:51:55Z
2026-08-23T05:46:44Z,2026-08-23T07:46:44+0200,442f0342-0040-4db4-ac3f-85a7f822bcbf,2026-08-06T00:45:00Z,2026-08-06T02:45:00+0200,122.2,EUR/MWh,DK1,DK_1,imbalance_price,Long,2026-08-23T05:51:55Z
2026-08-23T05:46:44Z,2026-08-23T07:46:44+0200,442f0342-0040-4db4-ac3f-85a7f822bcbf,2026-08-06T00:45:00Z,2026-08-06T02:45:00+0200,122.2,EUR/MWh,DK1,DK_1,imbalance_price,Short,2026-08-23T05:51:55Z
2026-08-23T05:46:44Z,2026-08-23T07:46:44+0200,442f0342-0040-4db4-ac3f-85a7f822bcbf,2026-08-06T01:00:00Z,2026-08-06T03:00:00+0200,334.46,EUR/MWh,DK1,DK_1,imbalance_price,Long,2026-08-23T05:51:55Z
2026-08-23T05:46:44Z,2026-08-23T07:46:44+0200,442f0342-0040-4db4-ac3f-85a7f822bcbf,2026-08-06T01:00:00Z,2026-08-06T03:00:00+0200,334.46,EUR/MWh,DK1,DK_1,imbalance_price,Short,2026-08-23T05:51:55Z
2026-08-23T05:46:44Z,2026-08-23T07:46:44+0200,442f0342-0040-4db4-ac3f-85a7f822bcbf,2026-08-06T01:15:00Z,2026-08-06T03:15:00+0200,170.18,EUR/MWh,DK1,DK_1,imbalance_price,Long,2026-08-23T05:51:55Z
2026-08-23T05:46:44Z,2026-08-23T07:46:44+0200,442f0342-0040-4db4-ac3f-85a7f822bcbf,2026-08-06T01:15:00Z,2026-08-06T03:15:00+0200,170.18,EUR/MWh,DK1,DK_1,imbalance_price,Short,2026-08-23T05:51:55Z
2026-08-23T05:46:44Z,2026-08-23T07:46:44+0200,442f0342-0040-4db4-ac3f-85a7f822bcbf,2026-08-06T01:30:00Z,2026-08-06T03:30:00+0200,175.77,EUR/MWh,DK1,DK_1,imbalance_price,Long,2026-08-23T05:51:55Z
2026-08-23T05:46:44Z,2026-08-23T07:46:44+0200,442f0342-0040-4db4-ac3f-85a7f822bcbf,2026-08-06T01:30:00Z,2026-08-06T03:30:00+0200,175.77,EUR/MWh,DK1,DK_1,imbalance_price,Short,2026-08-23T05:51:55Z
2026-08-23T05:46:44Z,2026-08-23T07:46:44+0200,442f0342-0040-4db4-ac3f-85a7f822bcbf,2026-08-06T01:45:00Z,2026-08-06T03:45:00+0200,194.87,EUR/MWh,DK1,DK_1,imbalance_price,Long,2026-08-23T05:51:55Z
2026-08-23T05:46:44Z,2026-08-23T07:46:44+0200,442f0342-0040-4db4-ac3f-85a7f822bcbf,2026-08-06T01:45:00Z,2026-08-06T03:45:00+0200,194.87,EUR/MWh,DK1,DK_1,imbalance_price,Short,2026-08-23T05:51:55Z
2026-08-23T05:46:44Z,2026-08-23T07:46:44+0200,442f0342-0040-4db4-ac3f-85a7f822bcbf,2026-08-06T02:00:00Z,2026-08-06T04:00:00+0200,116.73,EUR/MWh,DK1,DK_1,imbalance_price,Long,2026-08-23T05:51:55Z
2026-08-23T05:46:44Z,2026-08-23T07:46:44+0200,442f0342-0040-4db4-ac3f-85a7f822bcbf,2026-08-06T02:00:00Z,2026-08-06T04:00:00+0200,116.73,EUR/MWh,DK1,DK_1,imbalance_price,Short,2026-08-23T05:51:55Z
2026-08-23T05:46:44Z,2026-08-23T07:46:44+0200,442f0342-0040-4db4-ac3f-85a7f822bcbf,2026-08-06T02:15:00Z,2026-08-06T04:15:00+0200,111.4,EUR/MWh,DK1,DK_1,imbalance_price,Long,2026-08-23T05:51:55Z
2026-08-23T05:46:44Z,2026-08-23T07:46:44+0200,442f0342-0040-4db4-ac3f-85a7f822bcbf,2026-08-06T02:15:00Z,2026-08-06T04:15:00+0200,111.4,EUR/MWh,DK1,DK_1,imbalance_price,Short,2026-08-23T05:51:55Z
2026-08-23T05:46:44Z,2026-08-23T07:46:44+0200,442f0342-0040-4db4-ac3f-85a7f822bcbf,2026-08-06T02:30:00Z,2026-08-06T04:30:00+0200,97.25,EUR/MWh,DK1,DK_1,imbalance_price,Long,2026-08-23T05:51:55Z
2026-08-23T05:46:44Z,2026-08-23T07:46:44+0200,442f0342-0040-4db4-ac3f-85a7f822bcbf,2026-08-06T02:30:00Z,2026-08-06T04:30:00+0200,97.25,EUR/MWh,DK1,DK_1,imbalance_price,Short,2026-08-23T05:51:55Z
2026-08-23T05:46:44Z,2026-08-23T07:46:44+0200,442f0342-0040-4db4-ac3f-85a7f822bcbf,2026-08-06T02:45:00Z,2026-08-06T04:45:00+0200,117.33,EUR/MWh,DK1,DK_1,imbalance_price,Long,2026-08-23T05:51:55Z
2026-08-23T05:46:44Z,2026-08-23T07:46:44+0200,442f0342-0040-4db4-ac3f-85a7f822bcbf,2026-08-06T02:45:00Z,2026-08-06T04:45:00+0200,117.33,EUR/MWh,DK1,DK_1,imbalance_price,Short,2026-08-23T05:51:55Z
2026-08-23T05:46:44Z,2026-08-23T07:46:44+0200,442f0342-0040-4db4-ac3f-85a7f822bcbf,2026-08-06T03:00:00Z,2026-08-06T05:00:00+0200,112.35,EUR/MWh,DK1,DK_1,imbalance_price,Long,2026-08-23T05:51:55Z
2026-08-23T05:46:44Z,2026-08-23T07:46:44+0200,442f0342-0040-4db4-ac3f-85a7f822bcbf,2026-08-06T03:00:00Z,2026-08-06T05:00:00+0200,112.35,EUR/MWh,DK1,DK_1,imbalance_price,Short,2026-08-23T05:51:55Z
2026-08-23T05:46:44Z,2026-08-23T07:46:44+0200,442f0342-0040-4db4-ac3f-85a7f822bcbf,2026-08-06T03:15:00Z,2026-08-06T05:15:00+0200,185.12,EUR/MWh,DK1,DK_1,imbalance_price,Long,2026-08-23T05:51:55Z
2026-08-23T05:46:44Z,2026-08-23T07:46:44+0200,442f0342-0040-4db4-ac3f-85a7f822bcbf,2026-08-06T03:15:00Z,2026-08-06T05:15:00+0200,185.12,EUR/MWh,DK1,DK_1,imbalance_price,Short,2026-08-23T05:51:55Z
2026-08-23T05:46:44Z,2026-08-23T07:46:44+0200,442f0342-0040-4db4-ac3f-85a7f822bcbf,2026-08-06T03:30:00Z,2026-08-06T05:30:00+0200,138.64,EUR/MWh,DK1,DK_1,imbalance_price,Long,2026-08-23T05:51:55Z
2026-08-23T05:46:44Z,2026-08-23T07:46:44+0200,442f0342-0040-4db4-ac3f-85a7f822bcbf,2026-08-06T03:30:00Z,2026-08-06T05:30:00+0200,138.64,EUR/MWh,DK1,DK_1,imbalance_price,Short,2026-08-23T05:51:55Z
2026-08-23T05:46:44Z,2026-08-23T07:46:44+0200,442f0342-0040-4db4-ac3f-85a7f822bcbf,2026-08-06T03:45:00Z,2026-08-06T05:45:00+0200,137.1,EUR/MWh,DK1,DK_1,imbalance_price,Long,2026-08-23T05:51:55Z
2026-08-23T05:46:44Z,2026-08-23T07:46:44+0200,442f0342-0040-4db4-ac3f-85a7f822bcbf,2026-08-06T03:45:00Z,2026-08-06T05:45:00+0200,137.1,EUR/MWh,DK1,DK_1,imbalance_price,Short,2026-08-23T05:51:55Z
2026-08-23T05:46:44Z,2026-08-23T07:46:44+0200,442f0342-0040-4db4-ac3f-85a7f822bcbf,2026-08-06T04:00:00Z,2026-08-06T06:00:00+0200,239.66,EUR/MWh,DK1,DK_1,imbalance_price,Long,2026-08-23T05:51:55Z
2026-08-23T05:46:44Z,2026-08-23T07:46:44+0200,442f0342-0040-4db4-ac3f-85a7f822bcbf,2026-08-06T04:00:00Z,2026-08-06T06:00:00+0200,239.66,EUR/MWh,DK1,DK_1,imbalance_price,Short,2026-08-23T05:51:55Z
2026-08-23T05:46:44Z,2026-08-23T07:46:44+0200,442f0342-0040-4db4-ac3f-85a7f822bcbf,2026-08-06T04:15:00Z,2026-08-06T06:15:00+0200,122.54,EUR/MWh,DK1,DK_1,imbalance_price,Long,2026-08-23T05:51:55Z
2026-08-23T05:46:44Z,2026-08-23T07:46:44+0200,442f0342-0040-4db4-ac3f-85a7f822bcbf,2026-08-06T04:15:00Z,2026-08-06T06:15:00+0200,122.54,EUR/MWh,DK1,DK_1,imbalance_price,Short,2026-08-23T05:51:55Z
2026-08-23T05:46:44Z,2026-08-23T07:46:44+0200,442f0342-0040-4db4-ac3f-85a7f822bcbf,2026-08-06T04:30:00Z,2026-08-06T06:30:00+0200,131.29,EUR/MWh,DK1,DK_1,imbalance_price,Long,2026-08-23T05:51:55Z
2026-08-23T05:46:44Z,2026-08-23T07:46:44+0200,442f0342-0040-4db4-ac3f-85a7f822bcbf,2026-08-06T04:30:00Z,2026-08-06T06:30:00+0200,131.29,EUR/MWh,DK1,DK_1,imbalance_price,Short,2026-08-23T05:51:55Z
2026-08-23T05:46:44Z,2026-08-23T07:46:44+0200,442f0342-0040-4db4-ac3f-85a7f822bcbf,2026-08-06T04:45:00Z,2026-08-06T06:45:00+0200,140.0,EUR/MWh,DK1,DK_1,imbalance_price,Long,2026-08-23T05:51:55Z
2026-08-23T05:46:44Z,2026-08-23T07:46:44+0200,442f0342-0040-4db4-ac3f-85a7f822bcbf,2026-08-06T04:45:00Z,2026-08-06T06:45:00+0200,140.0,EUR/MWh,DK1,DK_1,imbalance_price,Short,2026-08-23T05:51:55Z
2026-08-23T05:46:44Z,2026-08-23T07:46:44+0200,442f0342-0040-4db4-ac3f-85a7f822bcbf,2026-08-06T05:00:00Z,2026-08-06T07:00:00+0200,267.6,EUR/MWh,DK1,DK_1,imbalance_price,Long,2026-08-23T05:51:55Z
2026-08-23T05:46:44Z,2026-08-23T07:46:44+0200,442f0342-0040-4db4-ac3f-85a7f822bcbf,2026-08-06T05:00:00Z,2026-08-06T07:00:00+0200,267.6,EUR/MWh,DK1,DK_1,imbalance_price,Short,2026-08-23T05:51:55Z
2026-08-23T05:46:44Z,2026-08-23T07:46:44+0200,442f0342-0040-4db4-ac3f-85a7f822bcbf,2026-08-06T05:15:00Z,2026-08-06T07:15:00+0200,150.0,EUR/MWh,DK1,DK_1,imbalance_price,Long,2026-08-23T05:51:55Z
2026-08-23T05:46:44Z,2026-08-23T07:46:44+0200,442f0342-0040-4db4-ac3f-85a7f822bcbf,2026-08-06T05:15:00Z,2026-08-06T07:15:00+0200,150.0,EUR/MWh,DK1,DK_1,imbalance_price,Short,2026-08-23T05:51:55Z
2026-08-23T05:46:44Z,2026-08-23T07:46:44+0200,442f0342-0040-4db4-ac3f-85a7f822bcbf,2026-08-06T05:30:00Z,2026-08-06T07:30:00+0200,140.0,EUR/MWh,DK1,DK_1,imbalance_price,Long,2026-08-23T05:51:55Z
2026-08-23T05:46:44Z,2026-08-23T07:46:44+0200,442f0342-0040-4db4-ac3f-85a7f822bcbf,2026-08-06T05:30:00Z,2026-08-06T07:30:00+0200,140.0,EUR/MWh,DK1,DK_1,imbalance_price,Short,2026-08-23T05:51:55Z
2026-08-23T05:46:44Z,2026-08-23T07:46:44+0200,442f0342-0040-4db4-ac3f-85a7f822bcbf,2026-08-06T05:45:00Z,2026-08-06T07:45:00+0200,134.19,EUR/MWh,DK1,DK_1,imbalance_price,Long,2026-08-23T05:51:55Z
2026-08-23T05:46:44Z,2026-08-23T07:46:44+0200,442f0342-0040-4db4-ac3f-85a7f822bcbf,2026-08-06T05:45:00Z,2026-08-06T07:45:00+0200,134.19,EUR/MWh,DK1,DK_1,imbalance_price,Short,2026-08-23T05:51:55Z
2026-08-23T05:46:44Z,2026-08-23T07:46:44+0200,442f0342-0040-4db4-ac3f-85a7f822bcbf,2026-08-06T06:00:00Z,2026-08-06T08:00:00+0200,-38.3,EUR/MWh,DK1,DK_1,imbalance_price,Long,2026-08-23T05:51:55Z
2026-08-23T05:46:44Z,2026-08-23T07:46:44+0200,442f0342-0040-4db4-ac3f-85a7f822bcbf,2026-08-06T06:00:00Z,2026-08-06T08:00:00+0200,-38.3,EUR/MWh,DK1,DK_1,imbalance_price,Short,2026-08-23T05:51:55Z
2026-08-23T05:46:44Z,2026-08-23T07:46:44+0200,442f0342-0040-4db4-ac3f-85a7f822bcbf,2026-08-06T06:15:00Z,2026-08-06T08:15:00+0200,-67.95,EUR/MWh,DK1,DK_1,imbalance_price,Long,2026-08-23T05:51:55Z
2026-08-23T05:46:44Z,2026-08-23T07:46:44+0200,442f0342-0040-4db4-ac3f-85a7f822bcbf,2026-08-06T06:15:00Z,2026-08-06T08:15:00+0200,-67.95,EUR/MWh,DK1,DK_1,imbalance_price,Short,2026-08-23T05:51:55Z
2026-08-23T05:46:44Z,2026-08-23T07:46:44+0200,442f0342-0040-4db4-ac3f-85a7f822bcbf,2026-08-06T06:30:00Z,2026-08-06T08:30:00+0200,-45.13,EUR/MWh,DK1,DK_1,imbalance_price,Long,2026-08-23T05:51:55Z
2026-08-23T05:46:44Z,2026-08-23T07:46:44+0200,442f0342-0040-4db4-ac3f-85a7f822bcbf,2026-08-06T06:30:00Z,2026-08-06T08:30:00+0200,-45.13,EUR/MWh,DK1,DK_1,imbalance_price,Short,2026-08-23T05:51:55Z
2026-08-23T05:46:44Z,2026-08-23T07:46:44+0200,442f0342-0040-4db4-ac3f-85a7f822bcbf,2026-08-06T06:45:00Z,2026-08-06T08:45:00+0200,-8.14,EUR/MWh,DK1,DK_1,imbalance_price,Long,2026-08-23T05:51:55Z
2026-08-23T05:46:44Z,2026-08-23T07:46:44+0200,442f0342-0040-4db4-ac3f-85a7f822bcbf,2026-08-06T06:45:00Z,2026-08-06T08:45:00+0200,-8.14,EUR/MWh,DK1,DK_1,imbalance_price,Short,2026-08-23T05:51:55Z
2026-08-23T05:46:44Z,2026-08-23T07:46:44+0200,442f0342-0040-4db4-ac3f-85a7f822bcbf,2026-08-06T07:00:00Z,2026-08-06T09:00:00+0200,-2.48,EUR/MWh,DK1,DK_1,imbalance_price,Long,2026-08-23T05:51:55Z
2026-08-23T05:46:44Z,2026-08-23T07:46:44+0200,442f0342-0040-4db4-ac3f-85a7f822bcbf,2026-08-06T07:00:00Z,2026-08-06T09:00:00+0200,-2.48,EUR/MWh,DK1,DK_1,imbalance_price,Short,2026-08-23T05:51:55Z
2026-08-23T05:46:44Z,2026-08-23T07:46:44+0200,442f0342-0040-4db4-ac3f-85a7f822bcbf,2026-08-06T07:15:00Z,2026-08-06T09:15:00+0200,2.55,EUR/MWh,DK1,DK_1,imbalance_price,Long,2026-08-23T05:51:55Z
2026-08-23T05:46:44Z,2026-08-23T07:46:44+0200,442f0342-0040-4db4-ac3f-85a7f822bcbf,2026-08-06T07:15:00Z,2026-08-06T09:15:00+0200,2.55,EUR/MWh,DK1,DK_1,imbalance_price,Short,2026-08-23T05:51:55Z
2026-08-23T05:46:44Z,2026-08-23T07:46:44+0200,442f0342-0040-4db4-ac3f-85a7f822bcbf,2026-08-06T07:30:00Z,2026-08-06T09:30:00+0200,-19.33,EUR/MWh,DK1,DK_1,imbalance_price,Long,2026-08-23T05:51:55Z
2026-08-23T05:46:44Z,2026-08-23T07:46:44+0200,442f0342-0040-4db4-ac3f-85a7f822bcbf,2026-08-06T07:30:00Z,2026-08-06T09:30:00+0200,-19.33,EUR/MWh,DK1,DK_1,imbalance_price,Short,2026-08-23T05:51:55Z
2026-08-23T05:46:44Z,2026-08-23T07:46:44+0200,442f0342-0040-4db4-ac3f-85a7f822bcbf,2026-08-06T07:45:00Z,2026-08-06T09:45:00+0200,35.7,EUR/MWh,DK1,DK_1,imbalance_price,Long,2026-08-23T05:51:55Z
2026-08-23T05:46:44Z,2026-08-23T07:46:44+0200,442f0342-0040-4db4-ac3f-85a7f822bcbf,2026-08-06T07:45:00Z,2026-08-06T09:45:00+0200,35.7,EUR/MWh,DK1,DK_1,imbalance_price,Short,2026-08-23T05:51:55Z
2026-08-23T05:46:44Z,2026-08-23T07:46:44+0200,442f0342-0040-4db4-ac3f-85a7f822bcbf,2026-08-06T08:00:00Z,2026-08-06T10:00:00+0200,-7.17,EUR/MWh,DK1,DK_1,imbalance_price,Long,2026-08-23T05:51:55Z
2026-08-23T05:46:44Z,2026-08-23T07:46:44+0200,442f0342-0040-4db4-ac3f-85a7f822bcbf,2026-08-06T08:00:00Z,2026-08-06T10:00:00+0200,-7.17,EUR/MWh,DK1,DK_1,imbalance_price,Short,2026-08-23T05:51:55Z
2026-08-23T05:46:44Z,2026-08-23T07:46:44+0200,442f0342-0040-4db4-ac3f-85a7f822bcbf,2026-08-06T08:15:00Z,2026-08-06T10:15:00+0200,-10.17,EUR/MWh,DK1,DK_1,imbalance_price,Long,2026-08-23T05:51:55Z
2026-08-23T05:46:44Z,2026-08-23T07:46:44+0200,442f0342-0040-4db4-ac3f-85a7f822bcbf,2026-08-06T08:15:00Z,2026-08-06T10:15:00+0200,-10.17,EUR/MWh,DK1,DK_1,imbalance_price,Short,2026-08-23T05:51:55Z
2026-08-23T05:46:44Z,2026-08-23T07:46:44+0200,442f0342-0040-4db4-ac3f-85a7f822bcbf,2026-08-06T08:30:00Z,2026-08-06T10:30:00+0200,-31.37,EUR/MWh,DK1,DK_1,imbalance_price,Long,2026-08-23T05:51:55Z
2026-08-23T05:46:44Z,2026-08-23T07:46:44+0200,442f0342-0040-4db4-ac3f-85a7f822bcbf,2026-08-06T08:30:00Z,2026-08-06T10:30:00+0200,-31.37,EUR/MWh,DK1,DK_1,imbalance_price,Short,2026-08-23T05:51:55Z
2026-08-23T05:46:44Z,2026-08-23T07:46:44+0200,442f0342-0040-4db4-ac3f-85a7f822bcbf,2026-08-06T08:45:00Z,2026-08-06T10:45:00+0200,-52.61,EUR/MWh,DK1,DK_1,imbalance_price,Long,2026-08-23T05:51:55Z
2026-08-23T05:46:44Z,2026-08-23T07:46:44+0200,442f0342-0040-4db4-ac3f-85a7f822bcbf,2026-08-06T08:45:00Z,2026-08-06T10:45:00+0200,-52.61,EUR/MWh,DK1,DK_1,imbalance_price,Short,2026-08-23T05:51:55Z
2026-08-23T05:46:44Z,2026-08-23T07:46:44+0200,442f0342-0040-4db4-ac3f-85a7f822bcbf,2026-08-06T09:00:00Z,2026-08-06T11:00:00+0200,-6.69,EUR/MWh,DK1,DK_1,imbalance_price,Long,2026-08-23T05:51:55Z
2026-08-23T05:46:44Z,2026-08-23T07:46:44+0200,442f0342-0040-4db4-ac3f-85a7f822bcbf,2026-08-06T09:00:00Z,2026-08-06T11:00:00+0200,-6.69,EUR/MWh,DK1,DK_1,imbalance_price,Short,2026-08-23T05:51:55Z
2026-08-23T05:46:44Z,2026-08-23T07:46:44+0200,442f0342-0040-4db4-ac3f-85a7f822bcbf,2026-08-06T09:15:00Z,2026-08-06T11:15:00+0200,712.22,EUR/MWh,DK1,DK_1,imbalance_price,Long,2026-08-23T05:51:55Z
2026-08-23T05:46:44Z,2026-08-23T07:46:44+0200,442f0342-0040-4db4-ac3f-85a7f822bcbf,2026-08-06T09:15:00Z,2026-08-06T11:15:00+0200,712.22,EUR/MWh,DK1,DK_1,imbalance_price,Short,2026-08-23T05:51:55Z
2026-08-23T05:46:44Z,2026-08-23T07:46:44+0200,442f0342-0040-4db4-ac3f-85a7f822bcbf,2026-08-06T09:30:00Z,2026-08-06T11:30:00+0200,2.69,EUR/MWh,DK1,DK_1,imbalance_price,Long,2026-08-23T05:51:55Z
2026-08-23T05:46:44Z,2026-08-23T07:46:44+0200,442f0342-0040-4db4-ac3f-85a7f822bcbf,2026-08-06T09:30:00Z,2026-08-06T11:30:00+0200,2.69,EUR/MWh,DK1,DK_1,imbalance_price,Short,2026-08-23T05:51:55Z
2026-08-23T05:46:44Z,2026-08-23T07:46:44+0200,442f0342-0040-4db4-ac3f-85a7f822bcbf,2026-08-06T09:45:00Z,2026-08-06T11:45:00+0200,-3.15,EUR/MWh,DK1,DK_1,imbalance_price,Long,2026-08-23T05:51:55Z
2026-08-23T05:46:44Z,2026-08-23T07:46:44+0200,442f0342-0040-4db4-ac3f-85a7f822bcbf,2026-08-06T09:45:00Z,2026-08-06T11:45:00+0200,-3.15,EUR/MWh,DK1,DK_1,imbalance_price,Short,2026-08-23T05:51:55Z
2026-08-23T05:46:44Z,2026-08-23T07:46:44+0200,442f0342-0040-4db4-ac3f-85a7f822bcbf,2026-08-06T10:00:00Z,2026-08-06T12:00:00+0200,-6.84,EUR/MWh,DK1,DK_1,imbalance_price,Long,2026-08-23T05:51:55Z
2026-08-23T05:46:44Z,2026-08-23T07:46:44+0200,442f0342-0040-4db4-ac3f-85a7f822bcbf,2026-08-06T10:00:00Z,2026-08-06T12:00:00+0200,-6.84,EUR/MWh,DK1,DK_1,imbalance_price,Short,2026-08-23T05:51:55Z
2026-08-23T05:46:44Z,2026-08-23T07:46:44+0200,442f0342-0040-4db4-ac3f-85a7f822bcbf,2026-08-06T10:15:00Z,2026-08-06T12:15:00+0200,0.1,EUR/MWh,DK1,DK_1,imbalance_price,Long,2026-08-23T05:51:55Z
2026-08-23T05:46:44Z,2026-08-23T07:46:44+0200,442f0342-0040-4db4-ac3f-85a7f822bcbf,2026-08-06T10:15:00Z,2026-08-06T12:15:00+0200,0.1,EUR/MWh,DK1,DK_1,imbalance_price,Short,2026-08-23T05:51:55Z
2026-08-23T05:46:44Z,2026-08-23T07:46:44+0200,442f0342-0040-4db4-ac3f-85a7f822bcbf,2026-08-06T10:30:00Z,2026-08-06T12:30:00+0200,0.0,EUR/MWh,DK1,DK_1,imbalance_price,Long,2026-08-23T05:51:55Z
2026-08-23T05:46:44Z,2026-08-23T07:46:44+0200,442f0342-0040-4db4-ac3f-85a7f822bcbf,2026-08-06T10:30:00Z,2026-08-06T12:30:00+0200,0.0,EUR/MWh,DK1,DK_1,imbalance_price,Short,2026-08-23T05:51:55Z
2026-08-23T05:46:44Z,2026-08-23T07:46:44+0200,442f0342-0040-4db4-ac3f-85a7f822bcbf,2026-08-06T10:45:00Z,2026-08-06T12:45:00+0200,-1.34,EUR/MWh,DK1,DK_1,imbalance_price,Long,2026-08-23T05:51:55Z
2026-08-23T05:46:44Z,2026-08-23T07:46:44+0200,442f0342-0040-4db4-ac3f-85a7f822bcbf,2026-08-06T10:45:00Z,2026-08-06T12:45:00+0200,-1.34,EUR/MWh,DK1,DK_1,imbalance_price,Short,2026-08-23T05:51:55Z
2026-08-23T05:46:44Z,2026-08-23T07:46:44+0200,442f0342-0040-4db4-ac3f-85a7f822bcbf,2026-08-06T11:00:00Z,2026-08-06T13:00:00+0200,2654.59,EUR/MWh,DK1,DK_1,imbalance_price,Long,2026-08-23T05:51:55Z
2026-08-23T05:46:44Z,2026-08-23T07:46:44+0200,442f0342-0040-4db4-ac3f-85a7f822bcbf,2026-08-06T11:00:00Z,2026-08-06T13:00:00+0200,2654.59,EUR/MWh,DK1,DK_1,imbalance_price,Short,2026-08-23T05:51:55Z
2026-08-23T05:46:44Z,2026-08-23T07:46:44+0200,442f0342-0040-4db4-ac3f-85a7f822bcbf,2026-08-06T11:15:00Z,2026-08-06T13:15:00+0200,1.35,EUR/MWh,DK1,DK_1,imbalance_price,Long,2026-08-23T05:51:55Z
2026-08-23T05:46:44Z,2026-08-23T07:46:44+0200,442f0342-0040-4db4-ac3f-85a7f822bcbf,2026-08-06T11:15:00Z,2026-08-06T13:15:00+0200,1.35,EUR/MWh,DK1,DK_1,imbalance_price,Short,2026-08-23T05:51:55Z
2026-08-23T05:46:44Z,2026-08-23T07:46:44+0200,442f0342-0040-4db4-ac3f-85a7f822bcbf,2026-08-06T11:30:00Z,2026-08-06T13:30:00+0200,-17.15,EUR/MWh,DK1,DK_1,imbalance_price,Long,2026-08-23T05:51:55Z
2026-08-23T05:46:44Z,2026-08-23T07:46:44+0200,442f0342-0040-4db4-ac3f-85a7f822bcbf,2026-08-06T11:30:00Z,2026-08-06T13:30:00+0200,-17.15,EUR/MWh,DK1,DK_1,imbalance_price,Short,2026-08-23T05:51:55Z
2026-08-23T05:46:44Z,2026-08-23T07:46:44+0200,442f0342-0040-4db4-ac3f-85a7f822bcbf,2026-08-06T11:45:00Z,2026-08-06T13:45:00+0200,-13.83,EUR/MWh,DK1,DK_1,imbalance_price,Long,2026-08-23T05:51:55Z
2026-08-23T05:46:44Z,2026-08-23T07:46:44+0200,442f0342-0040-4db4-ac3f-85a7f822bcbf,2026-08-06T11:45:00Z,2026-08-06T13:45:00+0200,-13.83,EUR/MWh,DK1,DK_1,imbalance_price,Short,2026-08-23T05:51:55Z
2026-08-23T05:46:44Z,2026-08-23T07:46:44+0200,442f0342-0040-4db4-ac3f-85a7f822bcbf,2026-08-06T12:00:00Z,2026-08-06T14:00:00+0200,-27.43,EUR/MWh,DK1,DK_1,imbalance_price,Long,2026-08-23T05:51:55Z
2026-08-23T05:46:44Z,2026-08-23T07:46:44+0200,442f0342-0040-4db4-ac3f-85a7f822bcbf,2026-08-06T12:00:00Z,2026-08-06T14:00:00+0200,-27.43,EUR/MWh,DK1,DK_1,imbalance_price,Short,2026-08-23T05:51:55Z
2026-08-23T05:46:44Z,2026-08-23T07:46:44+0200,442f0342-0040-4db4-ac3f-85a7f822bcbf,2026-08-06T12:15:00Z,2026-08-06T14:15:00+0200,-36.24,EUR/MWh,DK1,DK_1,imbalance_price,Long,2026-08-23T05:51:55Z
2026-08-23T05:46:44Z,2026-08-23T07:46:44+0200,442f0342-0040-4db4-ac3f-85a7f822bcbf,2026-08-06T12:15:00Z,2026-08-06T14:15:00+0200,-36.24,EUR/MWh,DK1,DK_1,imbalance_price,Short,2026-08-23T05:51:55Z
2026-08-23T05:46:44Z,2026-08-23T07:46:44+0200,442f0342-0040-4db4-ac3f-85a7f822bcbf,2026-08-06T12:30:00Z,2026-08-06T14:30:00+0200,-21.22,EUR/MWh,DK1,DK_1,imbalance_price,Long,2026-08-23T05:51:55Z
2026-08-23T05:46:44Z,2026-08-23T07:46:44+0200,442f0342-0040-4db4-ac3f-85a7f822bcbf,2026-08-06T12:30:00Z,2026-08-06T14:30:00+0200,-21.22,EUR/MWh,DK1,DK_1,imbalance_price,Short,2026-08-23T05:51:55Z
2026-08-23T05:46:44Z,2026-08-23T07:46:44+0200,442f0342-0040-4db4-ac3f-85a7f822bcbf,2026-08-06T12:45:00Z,2026-08-06T14:45:00+0200,-17.5,EUR/MWh,DK1,DK_1,imbalance_price,Long,2026-08-23T05:51:55Z
2026-08-23T05:46:44Z,2026-08-23T07:46:44+0200,442f0342-0040-4db4-ac3f-85a7f822bcbf,2026-08-06T12:45:00Z,2026-08-06T14:45:00+0200,-17.5,EUR/MWh,DK1,DK_1,imbalance_price,Short,2026-08-23T05:51:55Z
2026-08-23T05:46:44Z,2026-08-23T07:46:44+0200,442f0342-0040-4db4-ac3f-85a7f822bcbf,2026-08-06T13:00:00Z,2026-08-06T15:00:00+0200,-19.76,EUR/MWh,DK1,DK_1,imbalance_price,Long,2026-08-23T05:51:55Z
2026-08-23T05:46:44Z,2026-08-23T07:46:44+0200,442f0342-0040-4db4-ac3f-85a7f822bcbf,2026-08-06T13:00:00Z,2026-08-06T15:00:00+0200,-19.76,EUR/MWh,DK1,DK_1,imbalance_price,Short,2026-08-23T05:51:55Z
2026-08-23T05:46:44Z,2026-08-23T07:46:44+0200,442f0342-0040-4db4-ac3f-85a7f822bcbf,2026-08-06T13:15:00Z,2026-08-06T15:15:00+0200,-56.65,EUR/MWh,DK1,DK_1,imbalance_price,Long,2026-08-23T05:51:55Z
2026-08-23T05:46:44Z,2026-08-23T07:46:44+0200,442f0342-0040-4db4-ac3f-85a7f822bcbf,2026-08-06T13:15:00Z,2026-08-06T15:15:00+0200,-56.65,EUR/MWh,DK1,DK_1,imbalance_price,Short,2026-08-23T05:51:55Z
2026-08-23T05:46:44Z,2026-08-23T07:46:44+0200,442f0342-0040-4db4-ac3f-85a7f822bcbf,2026-08-06T13:30:00Z,2026-08-06T15:30:00+0200,-6.69,EUR/MWh,DK1,DK_1,imbalance_price,Long,2026-08-23T05:51:55Z
2026-08-23T05:46:44Z,2026-08-23T07:46:44+0200,442f0342-0040-4db4-ac3f-85a7f822bcbf,2026-08-06T13:30:00Z,2026-08-06T15:30:00+0200,-6.69,EUR/MWh,DK1,DK_1,imbalance_price,Short,2026-08-23T05:51:55Z
2026-08-23T05:46:44Z,2026-08-23T07:46:44+0200,442f0342-0040-4db4-ac3f-85a7f822bcbf,2026-08-06T13:45:00Z,2026-08-06T15:45:00+0200,-10.0,EUR/MWh,DK1,DK_1,imbalance_price,Long,2026-08-23T05:51:55Z
2026-08-23T05:46:44Z,2026-08-23T07:46:44+0200,442f0342-0040-4db4-ac3f-85a7f822bcbf,2026-08-06T13:45:00Z,2026-08-06T15:45:00+0200,-10.0,EUR/MWh,DK1,DK_1,imbalance_price,Short,2026-08-23T05:51:55Z
2026-08-23T05:46:44Z,2026-08-23T07:46:44+0200,442f0342-0040-4db4-ac3f-85a7f822bcbf,2026-08-06T14:00:00Z,2026-08-06T16:00:00+0200,-14.72,EUR/MWh,DK1,DK_1,imbalance_price,Long,2026-08-23T05:51:55Z
2026-08-23T05:46:44Z,2026-08-23T07:46:44+0200,442f0342-0040-4db4-ac3f-85a7f822bcbf,2026-08-06T14:00:00Z,2026-08-06T16:00:00+0200,-14.72,EUR/MWh,DK1,DK_1,imbalance_price,Short,2026-08-23T05:51:55Z
2026-08-23T05:46:44Z,2026-08-23T07:46:44+0200,442f0342-0040-4db4-ac3f-85a7f822bcbf,2026-08-06T14:15:00Z,2026-08-06T16:15:00+0200,-10.0,EUR/MWh,DK1,DK_1,imbalance_price,Long,2026-08-23T05:51:55Z
2026-08-23T05:46:44Z,2026-08-23T07:46:44+0200,442f0342-0040-4db4-ac3f-85a7f822bcbf,2026-08-06T14:15:00Z,2026-08-06T16:15:00+0200,-10.0,EUR/MWh,DK1,DK_1,imbalance_price,Short,2026-08-23T05:51:55Z
2026-08-23T05:46:44Z,2026-08-23T07:46:44+0200,442f0342-0040-4db4-ac3f-85a7f822bcbf,2026-08-06T14:30:00Z,2026-08-06T16:30:00+0200,-14.62,EUR/MWh,DK1,DK_1,imbalance_price,Long,2026-08-23T05:51:55Z
2026-08-23T05:46:44Z,2026-08-23T07:46:44+0200,442f0342-0040-4db4-ac3f-85a7f822bcbf,2026-08-06T14:30:00Z,2026-08-06T16:30:00+0200,-14.62,EUR/MWh,DK1,DK_1,imbalance_price,Short,2026-08-23T05:51:55Z
2026-08-23T05:46:44Z,2026-08-23T07:46:44+0200,442f0342-0040-4db4-ac3f-85a7f822bcbf,2026-08-06T14:45:00Z,2026-08-06T16:45:00+0200,14.6,EUR/MWh,DK1,DK_1,imbalance_price,Long,2026-08-23T05:51:55Z
2026-08-23T05:46:44Z,2026-08-23T07:46:44+0200,442f0342-0040-4db4-ac3f-85a7f822bcbf,2026-08-06T14:45:00Z,2026-08-06T16:45:00+0200,14.6,EUR/MWh,DK1,DK_1,imbalance_price,Short,2026-08-23T05:51:55Z
2026-08-23T05:46:44Z,2026-08-23T07:46:44+0200,442f0342-0040-4db4-ac3f-85a7f822bcbf,2026-08-06T15:00:00Z,2026-08-06T17:00:00+0200,0.0,EUR/MWh,DK1,DK_1,imbalance_price,Long,2026-08-23T05:51:55Z
2026-08-23T05:46:44Z,2026-08-23T07:46:44+0200,442f0342-0040-4db4-ac3f-85a7f822bcbf,2026-08-06T15:00:00Z,2026-08-06T17:00:00+0200,0.0,EUR/MWh,DK1,DK_1,imbalance_price,Short,2026-08-23T05:51:55Z
2026-08-23T05:46:44Z,2026-08-23T07:46:44+0200,442f0342-0040-4db4-ac3f-85a7f822bcbf,2026-08-06T15:15:00Z,2026-08-06T17:15:00+0200,18.23,EUR/MWh,DK1,DK_1,imbalance_price,Long,2026-08-23T05:51:55Z
2026-08-23T05:46:44Z,2026-08-23T07:46:44+0200,442f0342-0040-4db4-ac3f-85a7f822bcbf,2026-08-06T15:15:00Z,2026-08-06T17:15:00+0200,18.23,EUR/MWh,DK1,DK_1,imbalance_price,Short,2026-08-23T05:51:55Z
2026-08-23T05:46:44Z,2026-08-23T07:46:44+0200,442f0342-0040-4db4-ac3f-85a7f822bcbf,2026-08-06T15:30:00Z,2026-08-06T17:30:00+0200,44.92,EUR/MWh,DK1,DK_1,imbalance_price,Long,2026-08-23T05:51:55Z
2026-08-23T05:46:44Z,2026-08-23T07:46:44+0200,442f0342-0040-4db4-ac3f-85a7f822bcbf,2026-08-06T15:30:00Z,2026-08-06T17:30:00+0200,44.92,EUR/MWh,DK1,DK_1,imbalance_price,Short,2026-08-23T05:51:55Z
2026-08-23T05:46:44Z,2026-08-23T07:46:44+0200,442f0342-0040-4db4-ac3f-85a7f822bcbf,2026-08-06T15:45:00Z,2026-08-06T17:45:00+0200,7.97,EUR/MWh,DK1,DK_1,imbalance_price,Long,2026-08-23T05:51:55Z
2026-08-23T05:46:44Z,2026-08-23T07:46:44+0200,442f0342-0040-4db4-ac3f-85a7f822bcbf,2026-08-06T15:45:00Z,2026-08-06T17:45:00+0200,7.97,EUR/MWh,DK1,DK_1,imbalance_price,Short,2026-08-23T05:51:55Z
2026-08-23T05:46:44Z,2026-08-23T07:46:44+0200,442f0342-0040-4db4-ac3f-85a7f822bcbf,2026-08-06T16:00:00Z,2026-08-06T18:00:00+0200,1.0,EUR/MWh,DK1,DK_1,imbalance_price,Long,2026-08-23T05:51:55Z
2026-08-23T05:46:44Z,2026-08-23T07:46:44+0200,442f0342-0040-4db4-ac3f-85a7f822bcbf,2026-08-06T16:00:00Z,2026-08-06T18:00:00+0200,1.0,EUR/MWh,DK1,DK_1,imbalance_price,Short,2026-08-23T05:51:55Z
2026-08-23T05:46:44Z,2026-08-23T07:46:44+0200,442f0342-0040-4db4-ac3f-85a7f822bcbf,2026-08-06T16:15:00Z,2026-08-06T18:15:00+0200,67.65,EUR/MWh,DK1,DK_1,imbalance_price,Long,2026-08-23T05:51:55Z
2026-08-23T05:46:44Z,2026-08-23T07:46:44+0200,442f0342-0040-4db4-ac3f-85a7f822bcbf,2026-08-06T16:15:00Z,2026-08-06T18:15:00+0200,67.65,EUR/MWh,DK1,DK_1,imbalance_price,Short,2026-08-23T05:51:55Z
2026-08-23T05:46:44Z,2026-08-23T07:46:44+0200,442f0342-0040-4db4-ac3f-85a7f822bcbf,2026-08-06T16:30:00Z,2026-08-06T18:30:00+0200,106.0,EUR/MWh,DK1,DK_1,imbalance_price,Long,2026-08-23T05:51:55Z
2026-08-23T05:46:44Z,2026-08-23T07:46:44+0200,442f0342-0040-4db4-ac3f-85a7f822bcbf,2026-08-06T16:30:00Z,2026-08-06T18:30:00+0200,106.0,EUR/MWh,DK1,DK_1,imbalance_price,Short,2026-08-23T05:51:55Z
2026-08-23T05:46:44Z,2026-08-23T07:46:44+0200,442f0342-0040-4db4-ac3f-85a7f822bcbf,2026-08-06T16:45:00Z,2026-08-06T18:45:00+0200,108.23,EUR/MWh,DK1,DK_1,imbalance_price,Long,2026-08-23T05:51:55Z
2026-08-23T05:46:44Z,2026-08-23T07:46:44+0200,442f0342-0040-4db4-ac3f-85a7f822bcbf,2026-08-06T16:45:00Z,2026-08-06T18:45:00+0200,108.23,EUR/MWh,DK1,DK_1,imbalance_price,Short,2026-08-23T05:51:55Z
2026-08-23T05:46:44Z,2026-08-23T07:46:44+0200,442f0342-0040-4db4-ac3f-85a7f822bcbf,2026-08-06T17:00:00Z,2026-08-06T19:00:00+0200,5.99,EUR/MWh,DK1,DK_1,imbalance_price,Long,2026-08-23T05:51:55Z
2026-08-23T05:46:44Z,2026-08-23T07:46:44+0200,442f0342-0040-4db4-ac3f-85a7f822bcbf,2026-08-06T17:00:00Z,2026-08-06T19:00:00+0200,5.99,EUR/MWh,DK1,DK_1,imbalance_price,Short,2026-08-23T05:51:55Z
2026-08-23T05:46:44Z,2026-08-23T07:46:44+0200,442f0342-0040-4db4-ac3f-85a7f822bcbf,2026-08-06T17:15:00Z,2026-08-06T19:15:00+0200,0.26,EUR/MWh,DK1,DK_1,imbalance_price,Long,2026-08-23T05:51:55Z
2026-08-23T05:46:44Z,2026-08-23T07:46:44+0200,442f0342-0040-4db4-ac3f-85a7f822bcbf,2026-08-06T17:15:00Z,2026-08-06T19:15:00+0200,0.26,EUR/MWh,DK1,DK_1,imbalance_price,Short,2026-08-23T05:51:55Z
2026-08-23T05:46:44Z,2026-08-23T07:46:44+0200,442f0342-0040-4db4-ac3f-85a7f822bcbf,2026-08-06T17:30:00Z,2026-08-06T19:30:00+0200,-9.5,EUR/MWh,DK1,DK_1,imbalance_price,Long,2026-08-23T05:51:55Z
2026-08-23T05:46:44Z,2026-08-23T07:46:44+0200,442f0342-0040-4db4-ac3f-85a7f822bcbf,2026-08-06T17:30:00Z,2026-08-06T19:30:00+0200,-9.5,EUR/MWh,DK1,DK_1,imbalance_price,Short,2026-08-23T05:51:55Z
2026-08-23T05:46:44Z,2026-08-23T07:46:44+0200,442f0342-0040-4db4-ac3f-85a7f822bcbf,2026-08-06T17:45:00Z,2026-08-06T19:45:00+0200,5.35,EUR/MWh,DK1,DK_1,imbalance_price,Long,2026-08-23T05:51:55Z
2026-08-23T05:46:44Z,2026-08-23T07:46:44+0200,442f0342-0040-4db4-ac3f-85a7f822bcbf,2026-08-06T17:45:00Z,2026-08-06T19:45:00+0200,5.35,EUR/MWh,DK1,DK_1,imbalance_price,Short,2026-08-23T05:51:55Z
2026-08-23T05:46:44Z,2026-08-23T07:46:44+0200,442f0342-0040-4db4-ac3f-85a7f822bcbf,2026-08-06T18:00:00Z,2026-08-06T20:00:00+0200,11.63,EUR/MWh,DK1,DK_1,imbalance_price,Long,2026-08-23T05:51:55Z
2026-08-23T05:46:44Z,2026-08-23T07:46:44+0200,442f0342-0040-4db4-ac3f-85a7f822bcbf,2026-08-06T18:00:00Z,2026-08-06T20:00:00+0200,11.63,EUR/MWh,DK1,DK_1,imbalance_price,Short,2026-08-23T05:51:55Z
2026-08-23T05:46:44Z,2026-08-23T07:46:44+0200,442f0342-0040-4db4-ac3f-85a7f822bcbf,2026-08-06T18:15:00Z,2026-08-06T20:15:00+0200,6.6,EUR/MWh,DK1,DK_1,imbalance_price,Long,2026-08-23T05:51:55Z
2026-08-23T05:46:44Z,2026-08-23T07:46:44+0200,442f0342-0040-4db4-ac3f-85a7f822bcbf,2026-08-06T18:15:00Z,2026-08-06T20:15:00+0200,6.6,EUR/MWh,DK1,DK_1,imbalance_price,Short,2026-08-23T05:51:55Z
2026-08-23T05:46:44Z,2026-08-23T07:46:44+0200,442f0342-0040-4db4-ac3f-85a7f822bcbf,2026-08-06T18:30:00Z,2026-08-06T20:30:00+0200,1.79,EUR/MWh,DK1,DK_1,imbalance_price,Long,2026-08-23T05:51:55Z
2026-08-23T05:46:44Z,2026-08-23T07:46:44+0200,442f0342-0040-4db4-ac3f-85a7f822bcbf,2026-08-06T18:30:00Z,2026-08-06T20:30:00+0200,1.79,EUR/MWh,DK1,DK_1,imbalance_price,Short,2026-08-23T05:51:55Z
2026-08-23T05:46:44Z,2026-08-23T07:46:44+0200,442f0342-0040-4db4-ac3f-85a7f822bcbf,2026-08-06T18:45:00Z,2026-08-06T20:45:00+0200,2.0,EUR/MWh,DK1,DK_1,imbalance_price,Long,2026-08-23T05:51:55Z
2026-08-23T05:46:44Z,2026-08-23T07:46:44+0200,442f0342-0040-4db4-ac3f-85a7f822bcbf,2026-08-06T18:45:00Z,2026-08-06T20:45:00+0200,2.0,EUR/MWh,DK1,DK_1,imbalance_price,Short,2026-08-23T05:51:55Z
2026-08-23T05:46:44Z,2026-08-23T07:46:44+0200,442f0342-0040-4db4-ac3f-85a7f822bcbf,2026-08-06T19:00:00Z,2026-08-06T21:00:00+0200,83.56,EUR/MWh,DK1,DK_1,imbalance_price,Long,2026-08-23T05:51:55Z
2026-08-23T05:46:44Z,2026-08-23T07:46:44+0200,442f0342-0040-4db4-ac3f-85a7f822bcbf,2026-08-06T19:00:00Z,2026-08-06T21:00:00+0200,83.56,EUR/MWh,DK1,DK_1,imbalance_price,Short,2026-08-23T05:51:55Z
2026-08-23T05:46:44Z,2026-08-23T07:46:44+0200,442f0342-0040-4db4-ac3f-85a7f822bcbf,2026-08-06T19:15:00Z,2026-08-06T21:15:00+0200,17.0,EUR/MWh,DK1,DK_1,imbalance_price,Long,2026-08-23T05:51:55Z
2026-08-23T05:46:44Z,2026-08-23T07:46:44+0200,442f0342-0040-4db4-ac3f-85a7f822bcbf,2026-08-06T19:15:00Z,2026-08-06T21:15:00+0200,17.0,EUR/MWh,DK1,DK_1,imbalance_price,Short,2026-08-23T05:51:55Z
2026-08-23T05:46:44Z,2026-08-23T07:46:44+0200,442f0342-0040-4db4-ac3f-85a7f822bcbf,2026-08-06T19:30:00Z,2026-08-06T21:30:00+0200,26.44,EUR/MWh,DK1,DK_1,imbalance_price,Long,2026-08-23T05:51:55Z
2026-08-23T05:46:44Z,2026-08-23T07:46:44+0200,442f0342-0040-4db4-ac3f-85a7f822bcbf,2026-08-06T19:30:00Z,2026-08-06T21:30:00+0200,26.44,EUR/MWh,DK1,DK_1,imbalance_price,Short,2026-08-23T05:51:55Z
2026-08-23T05:46:44Z,2026-08-23T07:46:44+0200,442f0342-0040-4db4-ac3f-85a7f822bcbf,2026-08-06T19:45:00Z,2026-08-06T21:45:00+0200,66.29,EUR/MWh,DK1,DK_1,imbalance_price,Long,2026-08-23T05:51:55Z
2026-08-23T05:46:44Z,2026-08-23T07:46:44+0200,442f0342-0040-4db4-ac3f-85a7f822bcbf,2026-08-06T19:45:00Z,2026-08-06T21:45:00+0200,66.29,EUR/MWh,DK1,DK_1,imbalance_price,Short,2026-08-23T05:51:55Z
2026-08-23T05:46:44Z,2026-08-23T07:46:44+0200,442f0342-0040-4db4-ac3f-85a7f822bcbf,2026-08-06T20:00:00Z,2026-08-06T22:00:00+0200,81.88,EUR/MWh,DK1,DK_1,imbalance_price,Long,2026-08-23T05:51:55Z
2026-08-23T05:46:44Z,2026-08-23T07:46:44+0200,442f0342-0040-4db4-ac3f-85a7f822bcbf,2026-08-06T20:00:00Z,2026-08-06T22:00:00+0200,81.88,EUR/MWh,DK1,DK_1,imbalance_price,Short,2026-08-23T05:51:55Z
2026-08-23T05:46:44Z,2026-08-23T07:46:44+0200,442f0342-0040-4db4-ac3f-85a7f822bcbf,2026-08-06T20:15:00Z,2026-08-06T22:15:00+0200,256.01,EUR/MWh,DK1,DK_1,imbalance_price,Long,2026-08-23T05:51:55Z
2026-08-23T05:46:44Z,2026-08-23T07:46:44+0200,442f0342-0040-4db4-ac3f-85a7f822bcbf,2026-08-06T20:15:00Z,2026-08-06T22:15:00+0200,256.01,EUR/MWh,DK1,DK_1,imbalance_price,Short,2026-08-23T05:51:55Z
2026-08-23T05:46:44Z,2026-08-23T07:46:44+0200,442f0342-0040-4db4-ac3f-85a7f822bcbf,2026-08-06T20:30:00Z,2026-08-06T22:30:00+0200,86.11,EUR/MWh,DK1,DK_1,imbalance_price,Long,2026-08-23T05:51:55Z
2026-08-23T05:46:44Z,2026-08-23T07:46:44+0200,442f0342-0040-4db4-ac3f-85a7f822bcbf,2026-08-06T20:30:00Z,2026-08-06T22:30:00+0200,86.11,EUR/MWh,DK1,DK_1,imbalance_price,Short,2026-08-23T05:51:55Z
2026-08-23T05:46:44Z,2026-08-23T07:46:44+0200,442f0342-0040-4db4-ac3f-85a7f822bcbf,2026-08-06T20:45:00Z,2026-08-06T22:45:00+0200,128.74,EUR/MWh,DK1,DK_1,imbalance_price,Long,2026-08-23T05:51:55Z
2026-08-23T05:46:44Z,2026-08-23T07:46:44+0200,442f0342-0040-4db4-ac3f-85a7f822bcbf,2026-08-06T20:45:00Z,2026-08-06T22:45:00+0200,128.74,EUR/MWh,DK1,DK_1,imbalance_price,Short,2026-08-23T05:51:55Z
2026-08-23T05:46:44Z,2026-08-23T07:46:44+0200,442f0342-0040-4db4-ac3f-85a7f822bcbf,2026-08-06T21:00:00Z,2026-08-06T23:00:00+0200,95.02,EUR/MWh,DK1,DK_1,imbalance_price,Long,2026-08-23T05:51:55Z
2026-08-23T05:46:44Z,2026-08-23T07:46:44+0200,442f0342-0040-4db4-ac3f-85a7f822bcbf,2026-08-06T21:00:00Z,2026-08-06T23:00:00+0200,95.02,EUR/MWh,DK1,DK_1,imbalance_price,Short,2026-08-23T05:51:55Z
2026-08-23T05:46:44Z,2026-08-23T07:46:44+0200,442f0342-0040-4db4-ac3f-85a7f822bcbf,2026-08-06T21:15:00Z,2026-08-06T23:15:00+0200,97.22,EUR/MWh,DK1,DK_1,imbalance_price,Long,2026-08-23T05:51:55Z
2026-08-23T05:46:44Z,2026-08-23T07:46:44+0200,442f0342-0040-4db4-ac3f-85a7f822bcbf,2026-08-06T21:15:00Z,2026-08-06T23:15:00+0200,97.22,EUR/MWh,DK1,DK_1,imbalance_price,Short,2026-08-23T05:51:55Z
2026-08-23T05:46:44Z,2026-08-23T07:46:44+0200,442f0342-0040-4db4-ac3f-85a7f822bcbf,2026-08-06T21:30:00Z,2026-08-06T23:30:00+0200,81.01,EUR/MWh,DK1,DK_1,imbalance_price,Long,2026-08-23T05:51:55Z
2026-08-23T05:46:44Z,2026-08-23T07:46:44+0200,442f0342-0040-4db4-ac3f-85a7f822bcbf,2026-08-06T21:30:00Z,2026-08-06T23:30:00+0200,81.01,EUR/MWh,DK1,DK_1,imbalance_price,Short,2026-08-23T05:51:55Z
2026-08-23T05:46:44Z,2026-08-23T07:46:44+0200,442f0342-0040-4db4-ac3f-85a7f822bcbf,2026-08-06T21:45:00Z,2026-08-06T23:45:00+0200,66.73,EUR/MWh,DK1,DK_1,imbalance_price,Long,2026-08-23T05:51:55Z
2026-08-23T05:46:44Z,2026-08-23T07:46:44+0200,442f0342-0040-4db4-ac3f-85a7f822bcbf,2026-08-06T21:45:00Z,2026-08-06T23:45:00+0200,66.73,EUR/MWh,DK1,DK_1,imbalance_price,Short,2026-08-23T05:51:55Z
2026-08-23T05:46:44Z,2026-08-23T07:46:44+0200,442f0342-0040-4db4-ac3f-85a7f822bcbf,2026-08-06T22:00:00Z,2026-08-07T00:00:00+0200,96.02,EUR/MWh,DK1,DK_1,imbalance_price,Long,2026-08-23T05:51:55Z
2026-08-23T05:46:44Z,2026-08-23T07:46:44+0200,442f0342-0040-4db4-ac3f-85a7f822bcbf,2026-08-06T22:00:00Z,2026-08-07T00:00:00+0200,96.02,EUR/MWh,DK1,DK_1,imbalance_price,Short,2026-08-23T05:51:55Z
2026-08-23T05:46:44Z,2026-08-23T07:46:44+0200,442f0342-0040-4db4-ac3f-85a7f822bcbf,2026-08-06T22:15:00Z,2026-08-07T00:15:00+0200,82.2,EUR/MWh,DK1,DK_1,imbalance_price,Long,2026-08-23T05:51:55Z
2026-08-23T05:46:44Z,2026-08-23T07:46:44+0200,442f0342-0040-4db4-ac3f-85a7f822bcbf,2026-08-06T22:15:00Z,2026-08-07T00:15:00+0200,82.2,EUR/MWh,DK1,DK_1,imbalance_price,Short,2026-08-23T05:51:55Z
2026-08-23T05:46:44Z,2026-08-23T07:46:44+0200,442f0342-0040-4db4-ac3f-85a7f822bcbf,2026-08-06T22:30:00Z,2026-08-07T00:30:00+0200,335.29,EUR/MWh,DK1,DK_1,imbalance_price,Long,2026-08-23T05:51:55Z
2026-08-23T05:46:44Z,2026-08-23T07:46:44+0200,442f0342-0040-4db4-ac3f-85a7f822bcbf,2026-08-06T22:30:00Z,2026-08-07T00:30:00+0200,335.29,EUR/MWh,DK1,DK_1,imbalance_price,Short,2026-08-23T05:51:55Z
2026-08-23T05:46:44Z,2026-08-23T07:46:44+0200,442f0342-0040-4db4-ac3f-85a7f822bcbf,2026-08-06T22:45:00Z,2026-08-07T00:45:00+0200,334.46,EUR/MWh,DK1,DK_1,imbalance_price,Long,2026-08-23T05:51:55Z
2026-08-23T05:46:44Z,2026-08-23T07:46:44+0200,442f0342-0040-4db4-ac3f-85a7f822bcbf,2026-08-06T22:45:00Z,2026-08-07T00:45:00+0200,334.46,EUR/MWh,DK1,DK_1,imbalance_price,Short,2026-08-23T05:51:55Z
2026-08-23T05:46:44Z,2026-08-23T07:46:44+0200,442f0342-0040-4db4-ac3f-85a7f822bcbf,2026-08-06T23:00:00Z,2026-08-07T01:00:00+0200,468.08,EUR/MWh,DK1,DK_1,imbalance_price,Long,2026-08-23T05:51:55Z
2026-08-23T05:46:44Z,2026-08-23T07:46:44+0200,442f0342-0040-4db4-ac3f-85a7f822bcbf,2026-08-06T23:00:00Z,2026-08-07T01:00:00+0200,468.08,EUR/MWh,DK1,DK_1,imbalance_price,Short,2026-08-23T05:51:55Z
2026-08-23T05:46:44Z,2026-08-23T07:46:44+0200,442f0342-0040-4db4-ac3f-85a7f822bcbf,2026-08-06T23:15:00Z,2026-08-07T01:15:00+0200,140.0,EUR/MWh,DK1,DK_1,imbalance_price,Long,2026-08-23T05:51:55Z
2026-08-23T05:46:44Z,2026-08-23T07:46:44+0200,442f0342-0040-4db4-ac3f-85a7f822bcbf,2026-08-06T23:15:00Z,2026-08-07T01:15:00+0200,140.0,EUR/MWh,DK1,DK_1,imbalance_price,Short,2026-08-23T05:51:55Z
2026-08-23T05:46:44Z,2026-08-23T07:46:44+0200,442f0342-0040-4db4-ac3f-85a7f822bcbf,2026-08-06T23:30:00Z,2026-08-07T01:30:00+0200,128.53,EUR/MWh,DK1,DK_1,imbalance_price,Long,2026-08-23T05:51:55Z
2026-08-23T05:46:44Z,2026-08-23T07:46:44+0200,442f0342-0040-4db4-ac3f-85a7f822bcbf,2026-08-06T23:30:00Z,2026-08-07T01:30:00+0200,128.53,EUR/MWh,DK1,DK_1,imbalance_price,Short,2026-08-23T05:51:55Z
2026-08-23T05:46:44Z,2026-08-23T07:46:44+0200,442f0342-0040-4db4-ac3f-85a7f822bcbf,2026-08-06T23:45:00Z,2026-08-07T01:45:00+0200,140.0,EUR/MWh,DK1,DK_1,imbalance_price,Long,2026-08-23T05:51:55Z
2026-08-23T05:46:44Z,2026-08-23T07:46:44+0200,442f0342-0040-4db4-ac3f-85a7f822bcbf,2026-08-06T23:45:00Z,2026-08-07T01:45:00+0200,140.0,EUR/MWh,DK1,DK_1,imbalance_price,Short,2026-08-23T05:51:55Z
2026-08-23T05:46:44Z,2026-08-23T07:46:44+0200,442f0342-0040-4db4-ac3f-85a7f822bcbf,2026-08-07T00:00:00Z,2026-08-07T02:00:00+0200,65.83,EUR/MWh,DK1,DK_1,imbalance_price,Long,2026-08-23T05:51:55Z
2026-08-23T05:46:44Z,2026-08-23T07:46:44+0200,442f0342-0040-4db4-ac3f-85a7f822bcbf,2026-08-07T00:00:00Z,2026-08-07T02:00:00+0200,65.83,EUR/MWh,DK1,DK_1,imbalance_price,Short,2026-08-23T05:51:55Z
2026-08-23T05:46:44Z,2026-08-23T07:46:44+0200,442f0342-0040-4db4-ac3f-85a7f822bcbf,2026-08-07T00:15:00Z,2026-08-07T02:15:00+0200,97.23,EUR/MWh,DK1,DK_1,imbalance_price,Long,2026-08-23T05:51:55Z
2026-08-23T05:46:44Z,2026-08-23T07:46:44+0200,442f0342-0040-4db4-ac3f-85a7f822bcbf,2026-08-07T00:15:00Z,2026-08-07T02:15:00+0200,97.23,EUR/MWh,DK1,DK_1,imbalance_price,Short,2026-08-23T05:51:55Z
2026-08-23T05:46:44Z,2026-08-23T07:46:44+0200,442f0342-0040-4db4-ac3f-85a7f822bcbf,2026-08-07T00:30:00Z,2026-08-07T02:30:00+0200,63.73,EUR/MWh,DK1,DK_1,imbalance_price,Long,2026-08-23T05:51:55Z
2026-08-23T05:46:44Z,2026-08-23T07:46:44+0200,442f0342-0040-4db4-ac3f-85a7f822bcbf,2026-08-07T00:30:00Z,2026-08-07T02:30:00+0200,63.73,EUR/MWh,DK1,DK_1,imbalance_price,Short,2026-08-23T05:51:55Z
2026-08-23T05:46:44Z,2026-08-23T07:46:44+0200,442f0342-0040-4db4-ac3f-85a7f822bcbf,2026-08-07T00:45:00Z,2026-08-07T02:45:00+0200,127.44,EUR/MWh,DK1,DK_1,imbalance_price,Long,2026-08-23T05:51:55Z
2026-08-23T05:46:44Z,2026-08-23T07:46:44+0200,442f0342-0040-4db4-ac3f-85a7f822bcbf,2026-08-07T00:45:00Z,2026-08-07T02:45:00+0200,127.44,EUR/MWh,DK1,DK_1,imbalance_price,Short,2026-08-23T05:51:55Z
2026-08-23T05:46:44Z,2026-08-23T07:46:44+0200,442f0342-0040-4db4-ac3f-85a7f822bcbf,2026-08-07T01:00:00Z,2026-08-07T03:00:00+0200,92.83,EUR/MWh,DK1,DK_1,imbalance_price,Long,2026-08-23T05:51:55Z
2026-08-23T05:46:44Z,2026-08-23T07:46:44+0200,442f0342-0040-4db4-ac3f-85a7f822bcbf,2026-08-07T01:00:00Z,2026-08-07T03:00:00+0200,92.83,EUR/MWh,DK1,DK_1,imbalance_price,Short,2026-08-23T05:51:55Z
2026-08-23T05:46:44Z,2026-08-23T07:46:44+0200,442f0342-0040-4db4-ac3f-85a7f822bcbf,2026-08-07T01:15:00Z,2026-08-07T03:15:00+0200,139.78,EUR/MWh,DK1,DK_1,imbalance_price,Long,2026-08-23T05:51:55Z
2026-08-23T05:46:44Z,2026-08-23T07:46:44+0200,442f0342-0040-4db4-ac3f-85a7f822bcbf,2026-08-07T01:15:00Z,2026-08-07T03:15:00+0200,139.78,EUR/MWh,DK1,DK_1,imbalance_price,Short,2026-08-23T05:51:55Z
2026-08-23T05:46:44Z,2026-08-23T07:46:44+0200,442f0342-0040-4db4-ac3f-85a7f822bcbf,2026-08-07T01:30:00Z,2026-08-07T03:30:00+0200,267.54,EUR/MWh,DK1,DK_1,imbalance_price,Long,2026-08-23T05:51:55Z
2026-08-23T05:46:44Z,2026-08-23T07:46:44+0200,442f0342-0040-4db4-ac3f-85a7f822bcbf,2026-08-07T01:30:00Z,2026-08-07T03:30:00+0200,267.54,EUR/MWh,DK1,DK_1,imbalance_price,Short,2026-08-23T05:51:55Z
2026-08-23T05:46:44Z,2026-08-23T07:46:44+0200,442f0342-0040-4db4-ac3f-85a7f822bcbf,2026-08-07T01:45:00Z,2026-08-07T03:45:00+0200,151.28,EUR/MWh,DK1,DK_1,imbalance_price,Long,2026-08-23T05:51:55Z
2026-08-23T05:46:44Z,2026-08-23T07:46:44+0200,442f0342-0040-4db4-ac3f-85a7f822bcbf,2026-08-07T01:45:00Z,2026-08-07T03:45:00+0200,151.28,EUR/MWh,DK1,DK_1,imbalance_price,Short,2026-08-23T05:51:55Z
2026-08-23T05:46:44Z,2026-08-23T07:46:44+0200,442f0342-0040-4db4-ac3f-85a7f822bcbf,2026-08-07T02:00:00Z,2026-08-07T04:00:00+0200,97.55,EUR/MWh,DK1,DK_1,imbalance_price,Long,2026-08-23T05:51:55Z
2026-08-23T05:46:44Z,2026-08-23T07:46:44+0200,442f0342-0040-4db4-ac3f-85a7f822bcbf,2026-08-07T02:00:00Z,2026-08-07T04:00:00+0200,97.55,EUR/MWh,DK1,DK_1,imbalance_price,Short,2026-08-23T05:51:55Z
2026-08-23T05:46:44Z,2026-08-23T07:46:44+0200,442f0342-0040-4db4-ac3f-85a7f822bcbf,2026-08-07T02:15:00Z,2026-08-07T04:15:00+0200,97.26,EUR/MWh,DK1,DK_1,imbalance_price,Long,2026-08-23T05:51:55Z
2026-08-23T05:46:44Z,2026-08-23T07:46:44+0200,442f0342-0040-4db4-ac3f-85a7f822bcbf,2026-08-07T02:15:00Z,2026-08-07T04:15:00+0200,97.26,EUR/MWh,DK1,DK_1,imbalance_price,Short,2026-08-23T05:51:55Z
2026-08-23T05:46:44Z,2026-08-23T07:46:44+0200,442f0342-0040-4db4-ac3f-85a7f822bcbf,2026-08-07T02:30:00Z,2026-08-07T04:30:00+0200,334.5,EUR/MWh,DK1,DK_1,imbalance_price,Long,2026-08-23T05:51:55Z
2026-08-23T05:46:44Z,2026-08-23T07:46:44+0200,442f0342-0040-4db4-ac3f-85a7f822bcbf,2026-08-07T02:30:00Z,2026-08-07T04:30:00+0200,334.5,EUR/MWh,DK1,DK_1,imbalance_price,Short,2026-08-23T05:51:55Z
2026-08-23T05:46:44Z,2026-08-23T07:46:44+0200,442f0342-0040-4db4-ac3f-85a7f822bcbf,2026-08-07T02:45:00Z,2026-08-07T04:45:00+0200,334.5,EUR/MWh,DK1,DK_1,imbalance_price,Long,2026-08-23T05:51:55Z
2026-08-23T05:46:44Z,2026-08-23T07:46:44+0200,442f0342-0040-4db4-ac3f-85a7f822bcbf,2026-08-07T02:45:00Z,2026-08-07T04:45:00+0200,334.5,EUR/MWh,DK1,DK_1,imbalance_price,Short,2026-08-23T05:51:55Z
2026-08-23T05:46:44Z,2026-08-23T07:46:44+0200,442f0342-0040-4db4-ac3f-85a7f822bcbf,2026-08-07T03:00:00Z,2026-08-07T05:00:00+0200,127.36,EUR/MWh,DK1,DK_1,imbalance_price,Long,2026-08-23T05:51:55Z
2026-08-23T05:46:44Z,2026-08-23T07:46:44+0200,442f0342-0040-4db4-ac3f-85a7f822bcbf,2026-08-07T03:00:00Z,2026-08-07T05:00:00+0200,127.36,EUR/MWh,DK1,DK_1,imbalance_price,Short,2026-08-23T05:51:55Z
2026-08-23T05:46:44Z,2026-08-23T07:46:44+0200,442f0342-0040-4db4-ac3f-85a7f822bcbf,2026-08-07T03:15:00Z,2026-08-07T05:15:00+0200,80.13,EUR/MWh,DK1,DK_1,imbalance_price,Long,2026-08-23T05:51:55Z
2026-08-23T05:46:44Z,2026-08-23T07:46:44+0200,442f0342-0040-4db4-ac3f-85a7f822bcbf,2026-08-07T03:15:00Z,2026-08-07T05:15:00+0200,80.13,EUR/MWh,DK1,DK_1,imbalance_price,Short,2026-08-23T05:51:55Z
2026-08-23T05:46:44Z,2026-08-23T07:46:44+0200,442f0342-0040-4db4-ac3f-85a7f822bcbf,2026-08-07T03:30:00Z,2026-08-07T05:30:00+0200,6.87,EUR/MWh,DK1,DK_1,imbalance_price,Long,2026-08-23T05:51:55Z
2026-08-23T05:46:44Z,2026-08-23T07:46:44+0200,442f0342-0040-4db4-ac3f-85a7f822bcbf,2026-08-07T03:30:00Z,2026-08-07T05:30:00+0200,6.87,EUR/MWh,DK1,DK_1,imbalance_price,Short,2026-08-23T05:51:55Z
2026-08-23T05:46:44Z,2026-08-23T07:46:44+0200,442f0342-0040-4db4-ac3f-85a7f822bcbf,2026-08-07T03:45:00Z,2026-08-07T05:45:00+0200,97.23,EUR/MWh,DK1,DK_1,imbalance_price,Long,2026-08-23T05:51:55Z
2026-08-23T05:46:44Z,2026-08-23T07:46:44+0200,442f0342-0040-4db4-ac3f-85a7f822bcbf,2026-08-07T03:45:00Z,2026-08-07T05:45:00+0200,97.23,EUR/MWh,DK1,DK_1,imbalance_price,Short,2026-08-23T05:51:55Z
2026-08-23T05:46:44Z,2026-08-23T07:46:44+0200,442f0342-0040-4db4-ac3f-85a7f822bcbf,2026-08-07T04:00:00Z,2026-08-07T06:00:00+0200,97.23,EUR/MWh,DK1,DK_1,imbalance_price,Long,2026-08-23T05:51:55Z
2026-08-23T05:46:44Z,2026-08-23T07:46:44+0200,442f0342-0040-4db4-ac3f-85a7f822bcbf,2026-08-07T04:00:00Z,2026-08-07T06:00:00+0200,97.23,EUR/MWh,DK1,DK_1,imbalance_price,Short,2026-08-23T05:51:55Z
2026-08-23T05:46:44Z,2026-08-23T07:46:44+0200,442f0342-0040-4db4-ac3f-85a7f822bcbf,2026-08-07T04:15:00Z,2026-08-07T06:15:00+0200,97.65,EUR/MWh,DK1,DK_1,imbalance_price,Long,2026-08-23T05:51:55Z
2026-08-23T05:46:44Z,2026-08-23T07:46:44+0200,442f0342-0040-4db4-ac3f-85a7f822bcbf,2026-08-07T04:15:00Z,2026-08-07T06:15:00+0200,97.65,EUR/MWh,DK1,DK_1,imbalance_price,Short,2026-08-23T05:51:55Z
2026-08-23T05:46:44Z,2026-08-23T07:46:44+0200,442f0342-0040-4db4-ac3f-85a7f822bcbf,2026-08-07T04:30:00Z,2026-08-07T06:30:00+0200,357.84,EUR/MWh,DK1,DK_1,imbalance_price,Long,2026-08-23T05:51:55Z
2026-08-23T05:46:44Z,2026-08-23T07:46:44+0200,442f0342-0040-4db4-ac3f-85a7f822bcbf,2026-08-07T04:30:00Z,2026-08-07T06:30:00+0200,357.84,EUR/MWh,DK1,DK_1,imbalance_price,Short,2026-08-23T05:51:55Z
2026-08-23T05:46:44Z,2026-08-23T07:46:44+0200,442f0342-0040-4db4-ac3f-85a7f822bcbf,2026-08-07T04:45:00Z,2026-08-07T06:45:00+0200,297.88,EUR/MWh,DK1,DK_1,imbalance_price,Long,2026-08-23T05:51:55Z
2026-08-23T05:46:44Z,2026-08-23T07:46:44+0200,442f0342-0040-4db4-ac3f-85a7f822bcbf,2026-08-07T04:45:00Z,2026-08-07T06:45:00+0200,297.88,EUR/MWh,DK1,DK_1,imbalance_price,Short,2026-08-23T05:51:55Z
2026-08-23T05:46:44Z,2026-08-23T07:46:44+0200,442f0342-0040-4db4-ac3f-85a7f822bcbf,2026-08-07T05:00:00Z,2026-08-07T07:00:00+0200,97.73,EUR/MWh,DK1,DK_1,imbalance_price,Long,2026-08-23T05:51:55Z
2026-08-23T05:46:44Z,2026-08-23T07:46:44+0200,442f0342-0040-4db4-ac3f-85a7f822bcbf,2026-08-07T05:00:00Z,2026-08-07T07:00:00+0200,97.73,EUR/MWh,DK1,DK_1,imbalance_price,Short,2026-08-23T05:51:55Z
2026-08-23T05:46:44Z,2026-08-23T07:46:44+0200,442f0342-0040-4db4-ac3f-85a7f822bcbf,2026-08-07T05:15:00Z,2026-08-07T07:15:00+0200,256.01,EUR/MWh,DK1,DK_1,imbalance_price,Long,2026-08-23T05:51:55Z
2026-08-23T05:46:44Z,2026-08-23T07:46:44+0200,442f0342-0040-4db4-ac3f-85a7f822bcbf,2026-08-07T05:15:00Z,2026-08-07T07:15:00+0200,256.01,EUR/MWh,DK1,DK_1,imbalance_price,Short,2026-08-23T05:51:55Z
2026-08-23T05:46:44Z,2026-08-23T07:46:44+0200,442f0342-0040-4db4-ac3f-85a7f822bcbf,2026-08-07T05:30:00Z,2026-08-07T07:30:00+0200,199.57,EUR/MWh,DK1,DK_1,imbalance_price,Long,2026-08-23T05:51:55Z
2026-08-23T05:46:44Z,2026-08-23T07:46:44+0200,442f0342-0040-4db4-ac3f-85a7f822bcbf,2026-08-07T05:30:00Z,2026-08-07T07:30:00+0200,199.57,EUR/MWh,DK1,DK_1,imbalance_price,Short,2026-08-23T05:51:55Z
2026-08-23T05:46:44Z,2026-08-23T07:46:44+0200,442f0342-0040-4db4-ac3f-85a7f822bcbf,2026-08-07T05:45:00Z,2026-08-07T07:45:00+0200,219.47,EUR/MWh,DK1,DK_1,imbalance_price,Long,2026-08-23T05:51:55Z
2026-08-23T05:46:44Z,2026-08-23T07:46:44+0200,442f0342-0040-4db4-ac3f-85a7f822bcbf,2026-08-07T05:45:00Z,2026-08-07T07:45:00+0200,219.47,EUR/MWh,DK1,DK_1,imbalance_price,Short,2026-08-23T05:51:55Z
2026-08-23T05:46:44Z,2026-08-23T07:46:44+0200,442f0342-0040-4db4-ac3f-85a7f822bcbf,2026-08-07T06:00:00Z,2026-08-07T08:00:00+0200,155.41,EUR/MWh,DK1,DK_1,imbalance_price,Long,2026-08-23T05:51:55Z
2026-08-23T05:46:44Z,2026-08-23T07:46:44+0200,442f0342-0040-4db4-ac3f-85a7f822bcbf,2026-08-07T06:00:00Z,2026-08-07T08:00:00+0200,155.41,EUR/MWh,DK1,DK_1,imbalance_price,Short,2026-08-23T05:51:55Z
2026-08-23T05:46:44Z,2026-08-23T07:46:44+0200,442f0342-0040-4db4-ac3f-85a7f822bcbf,2026-08-07T06:15:00Z,2026-08-07T08:15:00+0200,216.04,EUR/MWh,DK1,DK_1,imbalance_price,Long,2026-08-23T05:51:55Z
2026-08-23T05:46:44Z,2026-08-23T07:46:44+0200,442f0342-0040-4db4-ac3f-85a7f822bcbf,2026-08-07T06:15:00Z,2026-08-07T08:15:00+0200,216.04,EUR/MWh,DK1,DK_1,imbalance_price,Short,2026-08-23T05:51:55Z
2026-08-23T05:46:44Z,2026-08-23T07:46:44+0200,442f0342-0040-4db4-ac3f-85a7f822bcbf,2026-08-07T06:30:00Z,2026-08-07T08:30:00+0200,154.35,EUR/MWh,DK1,DK_1,imbalance_price,Long,2026-08-23T05:51:55Z
2026-08-23T05:46:44Z,2026-08-23T07:46:44+0200,442f0342-0040-4db4-ac3f-85a7f822bcbf,2026-08-07T06:30:00Z,2026-08-07T08:30:00+0200,154.35,EUR/MWh,DK1,DK_1,imbalance_price,Short,2026-08-23T05:51:55Z
2026-08-23T05:46:44Z,2026-08-23T07:46:44+0200,442f0342-0040-4db4-ac3f-85a7f822bcbf,2026-08-07T06:45:00Z,2026-08-07T08:45:00+0200,126.1,EUR/MWh,DK1,DK_1,imbalance_price,Long,2026-08-23T05:51:55Z
2026-08-23T05:46:44Z,2026-08-23T07:46:44+0200,442f0342-0040-4db4-ac3f-85a7f822bcbf,2026-08-07T06:45:00Z,2026-08-07T08:45:00+0200,126.1,EUR/MWh,DK1,DK_1,imbalance_price,Short,2026-08-23T05:51:55Z
2026-08-23T05:46:44Z,2026-08-23T07:46:44+0200,442f0342-0040-4db4-ac3f-85a7f822bcbf,2026-08-07T07:00:00Z,2026-08-07T09:00:00+0200,172.0,EUR/MWh,DK1,DK_1,imbalance_price,Long,2026-08-23T05:51:55Z
2026-08-23T05:46:44Z,2026-08-23T07:46:44+0200,442f0342-0040-4db4-ac3f-85a7f822bcbf,2026-08-07T07:00:00Z,2026-08-07T09:00:00+0200,172.0,EUR/MWh,DK1,DK_1,imbalance_price,Short,2026-08-23T05:51:55Z
2026-08-23T05:46:44Z,2026-08-23T07:46:44+0200,442f0342-0040-4db4-ac3f-85a7f822bcbf,2026-08-07T07:15:00Z,2026-08-07T09:15:00+0200,347.88,EUR/MWh,DK1,DK_1,imbalance_price,Long,2026-08-23T05:51:55Z
2026-08-23T05:46:44Z,2026-08-23T07:46:44+0200,442f0342-0040-4db4-ac3f-85a7f822bcbf,2026-08-07T07:15:00Z,2026-08-07T09:15:00+0200,347.88,EUR/MWh,DK1,DK_1,imbalance_price,Short,2026-08-23T05:51:55Z
2026-08-23T05:46:44Z,2026-08-23T07:46:44+0200,442f0342-0040-4db4-ac3f-85a7f822bcbf,2026-08-07T07:30:00Z,2026-08-07T09:30:00+0200,468.3,EUR/MWh,DK1,DK_1,imbalance_price,Long,2026-08-23T05:51:55Z
2026-08-23T05:46:44Z,2026-08-23T07:46:44+0200,442f0342-0040-4db4-ac3f-85a7f822bcbf,2026-08-07T07:30:00Z,2026-08-07T09:30:00+0200,468.3,EUR/MWh,DK1,DK_1,imbalance_price,Short,2026-08-23T05:51:55Z
2026-08-23T05:46:44Z,2026-08-23T07:46:44+0200,442f0342-0040-4db4-ac3f-85a7f822bcbf,2026-08-07T07:45:00Z,2026-08-07T09:45:00+0200,109.4,EUR/MWh,DK1,DK_1,imbalance_price,Long,2026-08-23T05:51:55Z
2026-08-23T05:46:44Z,2026-08-23T07:46:44+0200,442f0342-0040-4db4-ac3f-85a7f822bcbf,2026-08-07T07:45:00Z,2026-08-07T09:45:00+0200,109.4,EUR/MWh,DK1,DK_1,imbalance_price,Short,2026-08-23T05:51:55Z
2026-08-23T05:46:44Z,2026-08-23T07:46:44+0200,442f0342-0040-4db4-ac3f-85a7f822bcbf,2026-08-07T08:00:00Z,2026-08-07T10:00:00+0200,33.9,EUR/MWh,DK1,DK_1,imbalance_price,Long,2026-08-23T05:51:55Z
2026-08-23T05:46:44Z,2026-08-23T07:46:44+0200,442f0342-0040-4db4-ac3f-85a7f822bcbf,2026-08-07T08:00:00Z,2026-08-07T10:00:00+0200,33.9,EUR/MWh,DK1,DK_1,imbalance_price,Short,2026-08-23T05:51:55Z
2026-08-23T05:46:44Z,2026-08-23T07:46:44+0200,442f0342-0040-4db4-ac3f-85a7f822bcbf,2026-08-07T08:15:00Z,2026-08-07T10:15:00+0200,101.12,EUR/MWh,DK1,DK_1,imbalance_price,Long,2026-08-23T05:51:55Z
2026-08-23T05:46:44Z,2026-08-23T07:46:44+0200,442f0342-0040-4db4-ac3f-85a7f822bcbf,2026-08-07T08:15:00Z,2026-08-07T10:15:00+0200,101.12,EUR/MWh,DK1,DK_1,imbalance_price,Short,2026-08-23T05:51:55Z
2026-08-23T05:46:44Z,2026-08-23T07:46:44+0200,442f0342-0040-4db4-ac3f-85a7f822bcbf,2026-08-07T08:30:00Z,2026-08-07T10:30:00+0200,6.69,EUR/MWh,DK1,DK_1,imbalance_price,Long,2026-08-23T05:51:55Z
2026-08-23T05:46:44Z,2026-08-23T07:46:44+0200,442f0342-0040-4db4-ac3f-85a7f822bcbf,2026-08-07T08:30:00Z,2026-08-07T10:30:00+0200,6.69,EUR/MWh,DK1,DK_1,imbalance_price,Short,2026-08-23T05:51:55Z
2026-08-23T05:46:44Z,2026-08-23T07:46:44+0200,442f0342-0040-4db4-ac3f-85a7f822bcbf,2026-08-07T08:45:00Z,2026-08-07T10:45:00+0200,285.98,EUR/MWh,DK1,DK_1,imbalance_price,Long,2026-08-23T05:51:55Z
2026-08-23T05:46:44Z,2026-08-23T07:46:44+0200,442f0342-0040-4db4-ac3f-85a7f822bcbf,2026-08-07T08:45:00Z,2026-08-07T10:45:00+0200,285.98,EUR/MWh,DK1,DK_1,imbalance_price,Short,2026-08-23T05:51:55Z
2026-08-23T05:46:44Z,2026-08-23T07:46:44+0200,442f0342-0040-4db4-ac3f-85a7f822bcbf,2026-08-07T09:00:00Z,2026-08-07T11:00:00+0200,255.08,EUR/MWh,DK1,DK_1,imbalance_price,Long,2026-08-23T05:51:55Z
2026-08-23T05:46:44Z,2026-08-23T07:46:44+0200,442f0342-0040-4db4-ac3f-85a7f822bcbf,2026-08-07T09:00:00Z,2026-08-07T11:00:00+0200,255.08,EUR/MWh,DK1,DK_1,imbalance_price,Short,2026-08-23T05:51:55Z
2026-08-23T05:46:44Z,2026-08-23T07:46:44+0200,442f0342-0040-4db4-ac3f-85a7f822bcbf,2026-08-07T09:15:00Z,2026-08-07T11:15:00+0200,254.39,EUR/MWh,DK1,DK_1,imbalance_price,Long,2026-08-23T05:51:55Z
2026-08-23T05:46:44Z,2026-08-23T07:46:44+0200,442f0342-0040-4db4-ac3f-85a7f822bcbf,2026-08-07T09:15:00Z,2026-08-07T11:15:00+0200,254.39,EUR/MWh,DK1,DK_1,imbalance_price,Short,2026-08-23T05:51:55Z
2026-08-23T05:46:44Z,2026-08-23T07:46:44+0200,442f0342-0040-4db4-ac3f-85a7f822bcbf,2026-08-07T09:30:00Z,2026-08-07T11:30:00+0200,300.42,EUR/MWh,DK1,DK_1,imbalance_price,Long,2026-08-23T05:51:55Z
2026-08-23T05:46:44Z,2026-08-23T07:46:44+0200,442f0342-0040-4db4-ac3f-85a7f822bcbf,2026-08-07T09:30:00Z,2026-08-07T11:30:00+0200,300.42,EUR/MWh,DK1,DK_1,imbalance_price,Short,2026-08-23T05:51:55Z
2026-08-23T05:46:44Z,2026-08-23T07:46:44+0200,442f0342-0040-4db4-ac3f-85a7f822bcbf,2026-08-07T09:45:00Z,2026-08-07T11:45:00+0200,44.26,EUR/MWh,DK1,DK_1,imbalance_price,Long,2026-08-23T05:51:55Z
2026-08-23T05:46:44Z,2026-08-23T07:46:44+0200,442f0342-0040-4db4-ac3f-85a7f822bcbf,2026-08-07T09:45:00Z,2026-08-07T11:45:00+0200,44.26,EUR/MWh,DK1,DK_1,imbalance_price,Short,2026-08-23T05:51:55Z
2026-08-23T05:46:44Z,2026-08-23T07:46:44+0200,442f0342-0040-4db4-ac3f-85a7f822bcbf,2026-08-07T10:00:00Z,2026-08-07T12:00:00+0200,43.01,EUR/MWh,DK1,DK_1,imbalance_price,Long,2026-08-23T05:51:55Z
2026-08-23T05:46:44Z,2026-08-23T07:46:44+0200,442f0342-0040-4db4-ac3f-85a7f822bcbf,2026-08-07T10:00:00Z,2026-08-07T12:00:00+0200,43.01,EUR/MWh,DK1,DK_1,imbalance_price,Short,2026-08-23T05:51:55Z
2026-08-23T05:46:44Z,2026-08-23T07:46:44+0200,442f0342-0040-4db4-ac3f-85a7f822bcbf,2026-08-07T10:15:00Z,2026-08-07T12:15:00+0200,31.0,EUR/MWh,DK1,DK_1,imbalance_price,Long,2026-08-23T05:51:55Z
2026-08-23T05:46:44Z,2026-08-23T07:46:44+0200,442f0342-0040-4db4-ac3f-85a7f822bcbf,2026-08-07T10:15:00Z,2026-08-07T12:15:00+0200,31.0,EUR/MWh,DK1,DK_1,imbalance_price,Short,2026-08-23T05:51:55Z
2026-08-23T05:46:44Z,2026-08-23T07:46:44+0200,442f0342-0040-4db4-ac3f-85a7f822bcbf,2026-08-07T10:30:00Z,2026-08-07T12:30:00+0200,162.5,EUR/MWh,DK1,DK_1,imbalance_price,Long,2026-08-23T05:51:55Z
2026-08-23T05:46:44Z,2026-08-23T07:46:44+0200,442f0342-0040-4db4-ac3f-85a7f822bcbf,2026-08-07T10:30:00Z,2026-08-07T12:30:00+0200,162.5,EUR/MWh,DK1,DK_1,imbalance_price,Short,2026-08-23T05:51:55Z
2026-08-23T05:46:44Z,2026-08-23T07:46:44+0200,442f0342-0040-4db4-ac3f-85a7f822bcbf,2026-08-07T10:45:00Z,2026-08-07T12:45:00+0200,15.0,EUR/MWh,DK1,DK_1,imbalance_price,Long,2026-08-23T05:51:55Z
2026-08-23T05:46:44Z,2026-08-23T07:46:44+0200,442f0342-0040-4db4-ac3f-85a7f822bcbf,2026-08-07T10:45:00Z,2026-08-07T12:45:00+0200,15.0,EUR/MWh,DK1,DK_1,imbalance_price,Short,2026-08-23T05:51:55Z
2026-08-23T05:46:44Z,2026-08-23T07:46:44+0200,442f0342-0040-4db4-ac3f-85a7f822bcbf,2026-08-07T11:00:00Z,2026-08-07T13:00:00+0200,71.86,EUR/MWh,DK1,DK_1,imbalance_price,Long,2026-08-23T05:51:55Z
2026-08-23T05:46:44Z,2026-08-23T07:46:44+0200,442f0342-0040-4db4-ac3f-85a7f822bcbf,2026-08-07T11:00:00Z,2026-08-07T13:00:00+0200,71.86,EUR/MWh,DK1,DK_1,imbalance_price,Short,2026-08-23T05:51:55Z
2026-08-23T05:46:44Z,2026-08-23T07:46:44+0200,442f0342-0040-4db4-ac3f-85a7f822bcbf,2026-08-07T11:15:00Z,2026-08-07T13:15:00+0200,6.02,EUR/MWh,DK1,DK_1,imbalance_price,Long,2026-08-23T05:51:55Z
2026-08-23T05:46:44Z,2026-08-23T07:46:44+0200,442f0342-0040-4db4-ac3f-85a7f822bcbf,2026-08-07T11:15:00Z,2026-08-07T13:15:00+0200,6.02,EUR/MWh,DK1,DK_1,imbalance_price,Short,2026-08-23T05:51:55Z
2026-08-23T05:46:44Z,2026-08-23T07:46:44+0200,442f0342-0040-4db4-ac3f-85a7f822bcbf,2026-08-07T11:30:00Z,2026-08-07T13:30:00+0200,13.52,EUR/MWh,DK1,DK_1,imbalance_price,Long,2026-08-23T05:51:55Z
2026-08-23T05:46:44Z,2026-08-23T07:46:44+0200,442f0342-0040-4db4-ac3f-85a7f822bcbf,2026-08-07T11:30:00Z,2026-08-07T13:30:00+0200,13.52,EUR/MWh,DK1,DK_1,imbalance_price,Short,2026-08-23T05:51:55Z
2026-08-23T05:46:44Z,2026-08-23T07:46:44+0200,442f0342-0040-4db4-ac3f-85a7f822bcbf,2026-08-07T11:45:00Z,2026-08-07T13:45:00+0200,11.03,EUR/MWh,DK1,DK_1,imbalance_price,Long,2026-08-23T05:51:55Z
2026-08-23T05:46:44Z,2026-08-23T07:46:44+0200,442f0342-0040-4db4-ac3f-85a7f822bcbf,2026-08-07T11:45:00Z,2026-08-07T13:45:00+0200,11.03,EUR/MWh,DK1,DK_1,imbalance_price,Short,2026-08-23T05:51:55Z
2026-08-23T05:46:44Z,2026-08-23T07:46:44+0200,442f0342-0040-4db4-ac3f-85a7f822bcbf,2026-08-07T12:00:00Z,2026-08-07T14:00:00+0200,90.5,EUR/MWh,DK1,DK_1,imbalance_price,Long,2026-08-23T05:51:55Z
2026-08-23T05:46:44Z,2026-08-23T07:46:44+0200,442f0342-0040-4db4-ac3f-85a7f822bcbf,2026-08-07T12:00:00Z,2026-08-07T14:00:00+0200,90.5,EUR/MWh,DK1,DK_1,imbalance_price,Short,2026-08-23T05:51:55Z
2026-08-23T05:46:44Z,2026-08-23T07:46:44+0200,442f0342-0040-4db4-ac3f-85a7f822bcbf,2026-08-07T12:15:00Z,2026-08-07T14:15:00+0200,118.67,EUR/MWh,DK1,DK_1,imbalance_price,Long,2026-08-23T05:51:55Z
2026-08-23T05:46:44Z,2026-08-23T07:46:44+0200,442f0342-0040-4db4-ac3f-85a7f822bcbf,2026-08-07T12:15:00Z,2026-08-07T14:15:00+0200,118.67,EUR/MWh,DK1,DK_1,imbalance_price,Short,2026-08-23T05:51:55Z
2026-08-23T05:46:44Z,2026-08-23T07:46:44+0200,442f0342-0040-4db4-ac3f-85a7f822bcbf,2026-08-07T12:30:00Z,2026-08-07T14:30:00+0200,94.2,EUR/MWh,DK1,DK_1,imbalance_price,Long,2026-08-23T05:51:55Z
2026-08-23T05:46:44Z,2026-08-23T07:46:44+0200,442f0342-0040-4db4-ac3f-85a7f822bcbf,2026-08-07T12:30:00Z,2026-08-07T14:30:00+0200,94.2,EUR/MWh,DK1,DK_1,imbalance_price,Short,2026-08-23T05:51:55Z
2026-08-23T05:46:44Z,2026-08-23T07:46:44+0200,442f0342-0040-4db4-ac3f-85a7f822bcbf,2026-08-07T12:45:00Z,2026-08-07T14:45:00+0200,93.0,EUR/MWh,DK1,DK_1,imbalance_price,Long,2026-08-23T05:51:55Z
2026-08-23T05:46:44Z,2026-08-23T07:46:44+0200,442f0342-0040-4db4-ac3f-85a7f822bcbf,2026-08-07T12:45:00Z,2026-08-07T14:45:00+0200,93.0,EUR/MWh,DK1,DK_1,imbalance_price,Short,2026-08-23T05:51:55Z
2026-08-23T05:46:44Z,2026-08-23T07:46:44+0200,442f0342-0040-4db4-ac3f-85a7f822bcbf,2026-08-07T13:00:00Z,2026-08-07T15:00:00+0200,26.3,EUR/MWh,DK1,DK_1,imbalance_price,Long,2026-08-23T05:51:55Z
2026-08-23T05:46:44Z,2026-08-23T07:46:44+0200,442f0342-0040-4db4-ac3f-85a7f822bcbf,2026-08-07T13:00:00Z,2026-08-07T15:00:00+0200,26.3,EUR/MWh,DK1,DK_1,imbalance_price,Short,2026-08-23T05:51:55Z
2026-08-23T05:46:44Z,2026-08-23T07:46:44+0200,442f0342-0040-4db4-ac3f-85a7f822bcbf,2026-08-07T13:15:00Z,2026-08-07T15:15:00+0200,10.0,EUR/MWh,DK1,DK_1,imbalance_price,Long,2026-08-23T05:51:55Z
2026-08-23T05:46:44Z,2026-08-23T07:46:44+0200,442f0342-0040-4db4-ac3f-85a7f822bcbf,2026-08-07T13:15:00Z,2026-08-07T15:15:00+0200,10.0,EUR/MWh,DK1,DK_1,imbalance_price,Short,2026-08-23T05:51:55Z
2026-08-23T05:46:44Z,2026-08-23T07:46:44+0200,442f0342-0040-4db4-ac3f-85a7f822bcbf,2026-08-07T13:30:00Z,2026-08-07T15:30:00+0200,7.2,EUR/MWh,DK1,DK_1,imbalance_price,Long,2026-08-23T05:51:55Z
2026-08-23T05:46:44Z,2026-08-23T07:46:44+0200,442f0342-0040-4db4-ac3f-85a7f822bcbf,2026-08-07T13:30:00Z,2026-08-07T15:30:00+0200,7.2,EUR/MWh,DK1,DK_1,imbalance_price,Short,2026-08-23T05:51:55Z
2026-08-23T05:46:44Z,2026-08-23T07:46:44+0200,442f0342-0040-4db4-ac3f-85a7f822bcbf,2026-08-07T13:45:00Z,2026-08-07T15:45:00+0200,70.13,EUR/MWh,DK1,DK_1,imbalance_price,Long,2026-08-23T05:51:55Z
2026-08-23T05:46:44Z,2026-08-23T07:46:44+0200,442f0342-0040-4db4-ac3f-85a7f822bcbf,2026-08-07T13:45:00Z,2026-08-07T15:45:00+0200,70.13,EUR/MWh,DK1,DK_1,imbalance_price,Short,2026-08-23T05:51:55Z
2026-08-23T05:46:44Z,2026-08-23T07:46:44+0200,442f0342-0040-4db4-ac3f-85a7f822bcbf,2026-08-07T14:00:00Z,2026-08-07T16:00:00+0200,142.86,EUR/MWh,DK1,DK_1,imbalance_price,Long,2026-08-23T05:51:55Z
2026-08-23T05:46:44Z,2026-08-23T07:46:44+0200,442f0342-0040-4db4-ac3f-85a7f822bcbf,2026-08-07T14:00:00Z,2026-08-07T16:00:00+0200,142.86,EUR/MWh,DK1,DK_1,imbalance_price,Short,2026-08-23T05:51:55Z
2026-08-23T05:46:44Z,2026-08-23T07:46:44+0200,442f0342-0040-4db4-ac3f-85a7f822bcbf,2026-08-07T14:15:00Z,2026-08-07T16:15:00+0200,131.0,EUR/MWh,DK1,DK_1,imbalance_price,Long,2026-08-23T05:51:55Z
2026-08-23T05:46:44Z,2026-08-23T07:46:44+0200,442f0342-0040-4db4-ac3f-85a7f822bcbf,2026-08-07T14:15:00Z,2026-08-07T16:15:00+0200,131.0,EUR/MWh,DK1,DK_1,imbalance_price,Short,2026-08-23T05:51:55Z
2026-08-23T05:46:44Z,2026-08-23T07:46:44+0200,442f0342-0040-4db4-ac3f-85a7f822bcbf,2026-08-07T14:30:00Z,2026-08-07T16:30:00+0200,281.47,EUR/MWh,DK1,DK_1,imbalance_price,Long,2026-08-23T05:51:55Z
2026-08-23T05:46:44Z,2026-08-23T07:46:44+0200,442f0342-0040-4db4-ac3f-85a7f822bcbf,2026-08-07T14:30:00Z,2026-08-07T16:30:00+0200,281.47,EUR/MWh,DK1,DK_1,imbalance_price,Short,2026-08-23T05:51:55Z
2026-08-23T05:46:44Z,2026-08-23T07:46:44+0200,442f0342-0040-4db4-ac3f-85a7f822bcbf,2026-08-07T14:45:00Z,2026-08-07T16:45:00+0200,10.44,EUR/MWh,DK1,DK_1,imbalance_price,Long,2026-08-23T05:51:55Z
2026-08-23T05:46:44Z,2026-08-23T07:46:44+0200,442f0342-0040-4db4-ac3f-85a7f822bcbf,2026-08-07T14:45:00Z,2026-08-07T16:45:00+0200,10.44,EUR/MWh,DK1,DK_1,imbalance_price,Short,2026-08-23T05:51:55Z
2026-08-23T05:46:44Z,2026-08-23T07:46:44+0200,442f0342-0040-4db4-ac3f-85a7f822bcbf,2026-08-07T15:00:00Z,2026-08-07T17:00:00+0200,8.94,EUR/MWh,DK1,DK_1,imbalance_price,Long,2026-08-23T05:51:55Z
2026-08-23T05:46:44Z,2026-08-23T07:46:44+0200,442f0342-0040-4db4-ac3f-85a7f822bcbf,2026-08-07T15:00:00Z,2026-08-07T17:00:00+0200,8.94,EUR/MWh,DK1,DK_1,imbalance_price,Short,2026-08-23T05:51:55Z
2026-08-23T05:46:44Z,2026-08-23T07:46:44+0200,442f0342-0040-4db4-ac3f-85a7f822bcbf,2026-08-07T15:15:00Z,2026-08-07T17:15:00+0200,26.75,EUR/MWh,DK1,DK_1,imbalance_price,Long,2026-08-23T05:51:55Z
2026-08-23T05:46:44Z,2026-08-23T07:46:44+0200,442f0342-0040-4db4-ac3f-85a7f822bcbf,2026-08-07T15:15:00Z,2026-08-07T17:15:00+0200,26.75,EUR/MWh,DK1,DK_1,imbalance_price,Short,2026-08-23T05:51:55Z
2026-08-23T05:46:44Z,2026-08-23T07:46:44+0200,442f0342-0040-4db4-ac3f-85a7f822bcbf,2026-08-07T15:30:00Z,2026-08-07T17:30:00+0200,17.0,EUR/MWh,DK1,DK_1,imbalance_price,Long,2026-08-23T05:51:55Z
2026-08-23T05:46:44Z,2026-08-23T07:46:44+0200,442f0342-0040-4db4-ac3f-85a7f822bcbf,2026-08-07T15:30:00Z,2026-08-07T17:30:00+0200,17.0,EUR/MWh,DK1,DK_1,imbalance_price,Short,2026-08-23T05:51:55Z
2026-08-23T05:46:44Z,2026-08-23T07:46:44+0200,442f0342-0040-4db4-ac3f-85a7f822bcbf,2026-08-07T15:45:00Z,2026-08-07T17:45:00+0200,21.4,EUR/MWh,DK1,DK_1,imbalance_price,Long,2026-08-23T05:51:55Z
2026-08-23T05:46:44Z,2026-08-23T07:46:44+0200,442f0342-0040-4db4-ac3f-85a7f822bcbf,2026-08-07T15:45:00Z,2026-08-07T17:45:00+0200,21.4,EUR/MWh,DK1,DK_1,imbalance_price,Short,2026-08-23T05:51:55Z
2026-08-23T05:46:44Z,2026-08-23T07:46:44+0200,442f0342-0040-4db4-ac3f-85a7f822bcbf,2026-08-07T16:00:00Z,2026-08-07T18:00:00+0200,8.0,EUR/MWh,DK1,DK_1,imbalance_price,Long,2026-08-23T05:51:55Z
2026-08-23T05:46:44Z,2026-08-23T07:46:44+0200,442f0342-0040-4db4-ac3f-85a7f822bcbf,2026-08-07T16:00:00Z,2026-08-07T18:00:00+0200,8.0,EUR/MWh,DK1,DK_1,imbalance_price,Short,2026-08-23T05:51:55Z
2026-08-23T05:46:44Z,2026-08-23T07:46:44+0200,442f0342-0040-4db4-ac3f-85a7f822bcbf,2026-08-07T16:15:00Z,2026-08-07T18:15:00+0200,2.0,EUR/MWh,DK1,DK_1,imbalance_price,Long,2026-08-23T05:51:55Z
2026-08-23T05:46:44Z,2026-08-23T07:46:44+0200,442f0342-0040-4db4-ac3f-85a7f822bcbf,2026-08-07T16:15:00Z,2026-08-07T18:15:00+0200,2.0,EUR/MWh,DK1,DK_1,imbalance_price,Short,2026-08-23T05:51:55Z
2026-08-23T05:46:44Z,2026-08-23T07:46:44+0200,442f0342-0040-4db4-ac3f-85a7f822bcbf,2026-08-07T16:30:00Z,2026-08-07T18:30:00+0200,57.95,EUR/MWh,DK1,DK_1,imbalance_price,Long,2026-08-23T05:51:55Z
2026-08-23T05:46:44Z,2026-08-23T07:46:44+0200,442f0342-0040-4db4-ac3f-85a7f822bcbf,2026-08-07T16:30:00Z,2026-08-07T18:30:00+0200,57.95,EUR/MWh,DK1,DK_1,imbalance_price,Short,2026-08-23T05:51:55Z
2026-08-23T05:46:44Z,2026-08-23T07:46:44+0200,442f0342-0040-4db4-ac3f-85a7f822bcbf,2026-08-07T16:45:00Z,2026-08-07T18:45:00+0200,110.17,EUR/MWh,DK1,DK_1,imbalance_price,Long,2026-08-23T05:51:55Z
2026-08-23T05:46:44Z,2026-08-23T07:46:44+0200,442f0342-0040-4db4-ac3f-85a7f822bcbf,2026-08-07T16:45:00Z,2026-08-07T18:45:00+0200,110.17,EUR/MWh,DK1,DK_1,imbalance_price,Short,2026-08-23T05:51:55Z
2026-08-23T05:46:44Z,2026-08-23T07:46:44+0200,442f0342-0040-4db4-ac3f-85a7f822bcbf,2026-08-07T17:00:00Z,2026-08-07T19:00:00+0200,58.73,EUR/MWh,DK1,DK_1,imbalance_price,Long,2026-08-23T05:51:55Z
2026-08-23T05:46:44Z,2026-08-23T07:46:44+0200,442f0342-0040-4db4-ac3f-85a7f822bcbf,2026-08-07T17:00:00Z,2026-08-07T19:00:00+0200,58.73,EUR/MWh,DK1,DK_1,imbalance_price,Short,2026-08-23T05:51:55Z
2026-08-23T05:46:44Z,2026-08-23T07:46:44+0200,442f0342-0040-4db4-ac3f-85a7f822bcbf,2026-08-07T17:15:00Z,2026-08-07T19:15:00+0200,83.56,EUR/MWh,DK1,DK_1,imbalance_price,Long,2026-08-23T05:51:55Z
2026-08-23T05:46:44Z,2026-08-23T07:46:44+0200,442f0342-0040-4db4-ac3f-85a7f822bcbf,2026-08-07T17:15:00Z,2026-08-07T19:15:00+0200,83.56,EUR/MWh,DK1,DK_1,imbalance_price,Short,2026-08-23T05:51:55Z
2026-08-23T05:46:44Z,2026-08-23T07:46:44+0200,442f0342-0040-4db4-ac3f-85a7f822bcbf,2026-08-07T17:30:00Z,2026-08-07T19:30:00+0200,108.0,EUR/MWh,DK1,DK_1,imbalance_price,Long,2026-08-23T05:51:55Z
2026-08-23T05:46:44Z,2026-08-23T07:46:44+0200,442f0342-0040-4db4-ac3f-85a7f822bcbf,2026-08-07T17:30:00Z,2026-08-07T19:30:00+0200,108.0,EUR/MWh,DK1,DK_1,imbalance_price,Short,2026-08-23T05:51:55Z
2026-08-23T05:46:44Z,2026-08-23T07:46:44+0200,442f0342-0040-4db4-ac3f-85a7f822bcbf,2026-08-07T17:45:00Z,2026-08-07T19:45:00+0200,101.09,EUR/MWh,DK1,DK_1,imbalance_price,Long,2026-08-23T05:51:55Z
2026-08-23T05:46:44Z,2026-08-23T07:46:44+0200,442f0342-0040-4db4-ac3f-85a7f822bcbf,2026-08-07T17:45:00Z,2026-08-07T19:45:00+0200,101.09,EUR/MWh,DK1,DK_1,imbalance_price,Short,2026-08-23T05:51:55Z
2026-08-23T05:46:44Z,2026-08-23T07:46:44+0200,442f0342-0040-4db4-ac3f-85a7f822bcbf,2026-08-07T18:00:00Z,2026-08-07T20:00:00+0200,97.23,EUR/MWh,DK1,DK_1,imbalance_price,Long,2026-08-23T05:51:55Z
2026-08-23T05:46:44Z,2026-08-23T07:46:44+0200,442f0342-0040-4db4-ac3f-85a7f822bcbf,2026-08-07T18:00:00Z,2026-08-07T20:00:00+0200,97.23,EUR/MWh,DK1,DK_1,imbalance_price,Short,2026-08-23T05:51:55Z
2026-08-23T05:46:44Z,2026-08-23T07:46:44+0200,442f0342-0040-4db4-ac3f-85a7f822bcbf,2026-08-07T18:15:00Z,2026-08-07T20:15:00+0200,267.54,EUR/MWh,DK1,DK_1,imbalance_price,Long,2026-08-23T05:51:55Z
2026-08-23T05:46:44Z,2026-08-23T07:46:44+0200,442f0342-0040-4db4-ac3f-85a7f822bcbf,2026-08-07T18:15:00Z,2026-08-07T20:15:00+0200,267.54,EUR/MWh,DK1,DK_1,imbalance_price,Short,2026-08-23T05:51:55Z
2026-08-23T05:46:44Z,2026-08-23T07:46:44+0200,442f0342-0040-4db4-ac3f-85a7f822bcbf,2026-08-07T18:30:00Z,2026-08-07T20:30:00+0200,202.94,EUR/MWh,DK1,DK_1,imbalance_price,Long,2026-08-23T05:51:55Z
2026-08-23T05:46:44Z,2026-08-23T07:46:44+0200,442f0342-0040-4db4-ac3f-85a7f822bcbf,2026-08-07T18:30:00Z,2026-08-07T20:30:00+0200,202.94,EUR/MWh,DK1,DK_1,imbalance_price,Short,2026-08-23T05:51:55Z
2026-08-23T05:46:44Z,2026-08-23T07:46:44+0200,442f0342-0040-4db4-ac3f-85a7f822bcbf,2026-08-07T18:45:00Z,2026-08-07T20:45:00+0200,267.27,EUR/MWh,DK1,DK_1,imbalance_price,Long,2026-08-23T05:51:55Z
2026-08-23T05:46:44Z,2026-08-23T07:46:44+0200,442f0342-0040-4db4-ac3f-85a7f822bcbf,2026-08-07T18:45:00Z,2026-08-07T20:45:00+0200,267.27,EUR/MWh,DK1,DK_1,imbalance_price,Short,2026-08-23T05:51:55Z
2026-08-23T05:46:44Z,2026-08-23T07:46:44+0200,442f0342-0040-4db4-ac3f-85a7f822bcbf,2026-08-07T19:00:00Z,2026-08-07T21:00:00+0200,296.8,EUR/MWh,DK1,DK_1,imbalance_price,Long,2026-08-23T05:51:55Z
2026-08-23T05:46:44Z,2026-08-23T07:46:44+0200,442f0342-0040-4db4-ac3f-85a7f822bcbf,2026-08-07T19:00:00Z,2026-08-07T21:00:00+0200,296.8,EUR/MWh,DK1,DK_1,imbalance_price,Short,2026-08-23T05:51:55Z
2026-08-23T05:46:44Z,2026-08-23T07:46:44+0200,442f0342-0040-4db4-ac3f-85a7f822bcbf,2026-08-07T19:15:00Z,2026-08-07T21:15:00+0200,334.43,EUR/MWh,DK1,DK_1,imbalance_price,Long,2026-08-23T05:51:55Z
2026-08-23T05:46:44Z,2026-08-23T07:46:44+0200,442f0342-0040-4db4-ac3f-85a7f822bcbf,2026-08-07T19:15:00Z,2026-08-07T21:15:00+0200,334.43,EUR/MWh,DK1,DK_1,imbalance_price,Short,2026-08-23T05:51:55Z
2026-08-23T05:46:44Z,2026-08-23T07:46:44+0200,442f0342-0040-4db4-ac3f-85a7f822bcbf,2026-08-07T19:30:00Z,2026-08-07T21:30:00+0200,280.79,EUR/MWh,DK1,DK_1,imbalance_price,Long,2026-08-23T05:51:55Z
2026-08-23T05:46:44Z,2026-08-23T07:46:44+0200,442f0342-0040-4db4-ac3f-85a7f822bcbf,2026-08-07T19:30:00Z,2026-08-07T21:30:00+0200,280.79,EUR/MWh,DK1,DK_1,imbalance_price,Short,2026-08-23T05:51:55Z
2026-08-23T05:46:44Z,2026-08-23T07:46:44+0200,442f0342-0040-4db4-ac3f-85a7f822bcbf,2026-08-07T19:45:00Z,2026-08-07T21:45:00+0200,102.8,EUR/MWh,DK1,DK_1,imbalance_price,Long,2026-08-23T05:51:55Z
2026-08-23T05:46:44Z,2026-08-23T07:46:44+0200,442f0342-0040-4db4-ac3f-85a7f822bcbf,2026-08-07T19:45:00Z,2026-08-07T21:45:00+0200,102.8,EUR/MWh,DK1,DK_1,imbalance_price,Short,2026-08-23T05:51:55Z
2026-08-23T05:46:44Z,2026-08-23T07:46:44+0200,442f0342-0040-4db4-ac3f-85a7f822bcbf,2026-08-07T20:00:00Z,2026-08-07T22:00:00+0200,100.82,EUR/MWh,DK1,DK_1,imbalance_price,Long,2026-08-23T05:51:55Z
2026-08-23T05:46:44Z,2026-08-23T07:46:44+0200,442f0342-0040-4db4-ac3f-85a7f822bcbf,2026-08-07T20:00:00Z,2026-08-07T22:00:00+0200,100.82,EUR/MWh,DK1,DK_1,imbalance_price,Short,2026-08-23T05:51:55Z
2026-08-23T05:46:44Z,2026-08-23T07:46:44+0200,442f0342-0040-4db4-ac3f-85a7f822bcbf,2026-08-07T20:15:00Z,2026-08-07T22:15:00+0200,177.94,EUR/MWh,DK1,DK_1,imbalance_price,Long,2026-08-23T05:51:55Z
2026-08-23T05:46:44Z,2026-08-23T07:46:44+0200,442f0342-0040-4db4-ac3f-85a7f822bcbf,2026-08-07T20:15:00Z,2026-08-07T22:15:00+0200,177.94,EUR/MWh,DK1,DK_1,imbalance_price,Short,2026-08-23T05:51:55Z
2026-08-23T05:46:44Z,2026-08-23T07:46:44+0200,442f0342-0040-4db4-ac3f-85a7f822bcbf,2026-08-07T20:30:00Z,2026-08-07T22:30:00+0200,175.05,EUR/MWh,DK1,DK_1,imbalance_price,Long,2026-08-23T05:51:55Z
2026-08-23T05:46:44Z,2026-08-23T07:46:44+0200,442f0342-0040-4db4-ac3f-85a7f822bcbf,2026-08-07T20:30:00Z,2026-08-07T22:30:00+0200,175.05,EUR/MWh,DK1,DK_1,imbalance_price,Short,2026-08-23T05:51:55Z
2026-08-23T05:46:44Z,2026-08-23T07:46:44+0200,442f0342-0040-4db4-ac3f-85a7f822bcbf,2026-08-07T20:45:00Z,2026-08-07T22:45:00+0200,170.69,EUR/MWh,DK1,DK_1,imbalance_price,Long,2026-08-23T05:51:55Z
2026-08-23T05:46:44Z,2026-08-23T07:46:44+0200,442f0342-0040-4db4-ac3f-85a7f822bcbf,2026-08-07T20:45:00Z,2026-08-07T22:45:00+0200,170.69,EUR/MWh,DK1,DK_1,imbalance_price,Short,2026-08-23T05:51:55Z
2026-08-23T05:46:44Z,2026-08-23T07:46:44+0200,442f0342-0040-4db4-ac3f-85a7f822bcbf,2026-08-07T21:00:00Z,2026-08-07T23:00:00+0200,92.95,EUR/MWh,DK1,DK_1,imbalance_price,Long,2026-08-23T05:51:55Z
2026-08-23T05:46:44Z,2026-08-23T07:46:44+0200,442f0342-0040-4db4-ac3f-85a7f822bcbf,2026-08-07T21:00:00Z,2026-08-07T23:00:00+0200,92.95,EUR/MWh,DK1,DK_1,imbalance_price,Short,2026-08-23T05:51:55Z
2026-08-23T05:46:44Z,2026-08-23T07:46:44+0200,442f0342-0040-4db4-ac3f-85a7f822bcbf,2026-08-07T21:15:00Z,2026-08-07T23:15:00+0200,334.43,EUR/MWh,DK1,DK_1,imbalance_price,Long,2026-08-23T05:51:55Z
2026-08-23T05:46:44Z,2026-08-23T07:46:44+0200,442f0342-0040-4db4-ac3f-85a7f822bcbf,2026-08-07T21:15:00Z,2026-08-07T23:15:00+0200,334.43,EUR/MWh,DK1,DK_1,imbalance_price,Short,2026-08-23T05:51:55Z
2026-08-23T05:46:44Z,2026-08-23T07:46:44+0200,442f0342-0040-4db4-ac3f-85a7f822bcbf,2026-08-07T21:30:00Z,2026-08-07T23:30:00+0200,163.89,EUR/MWh,DK1,DK_1,imbalance_price,Long,2026-08-23T05:51:55Z
2026-08-23T05:46:44Z,2026-08-23T07:46:44+0200,442f0342-0040-4db4-ac3f-85a7f822bcbf,2026-08-07T21:30:00Z,2026-08-07T23:30:00+0200,163.89,EUR/MWh,DK1,DK_1,imbalance_price,Short,2026-08-23T05:51:55Z
2026-08-23T05:46:44Z,2026-08-23T07:46:44+0200,442f0342-0040-4db4-ac3f-85a7f822bcbf,2026-08-07T21:45:00Z,2026-08-07T23:45:00+0200,260.85,EUR/MWh,DK1,DK_1,imbalance_price,Long,2026-08-23T05:51:55Z
2026-08-23T05:46:44Z,2026-08-23T07:46:44+0200,442f0342-0040-4db4-ac3f-85a7f822bcbf,2026-08-07T21:45:00Z,2026-08-07T23:45:00+0200,260.85,EUR/MWh,DK1,DK_1,imbalance_price,Short,2026-08-23T05:51:55Z
2026-08-23T05:46:44Z,2026-08-23T07:46:44+0200,442f0342-0040-4db4-ac3f-85a7f822bcbf,2026-08-07T22:00:00Z,2026-08-08T00:00:00+0200,256.0,EUR/MWh,DK1,DK_1,imbalance_price,Long,2026-08-23T05:51:55Z
2026-08-23T05:46:44Z,2026-08-23T07:46:44+0200,442f0342-0040-4db4-ac3f-85a7f822bcbf,2026-08-07T22:00:00Z,2026-08-08T00:00:00+0200,256.0,EUR/MWh,DK1,DK_1,imbalance_price,Short,2026-08-23T05:51:55Z
2026-08-23T05:46:44Z,2026-08-23T07:46:44+0200,442f0342-0040-4db4-ac3f-85a7f822bcbf,2026-08-07T22:15:00Z,2026-08-08T00:15:00+0200,267.6,EUR/MWh,DK1,DK_1,imbalance_price,Long,2026-08-23T05:51:55Z
2026-08-23T05:46:44Z,2026-08-23T07:46:44+0200,442f0342-0040-4db4-ac3f-85a7f822bcbf,2026-08-07T22:15:00Z,2026-08-08T00:15:00+0200,267.6,EUR/MWh,DK1,DK_1,imbalance_price,Short,2026-08-23T05:51:55Z
2026-08-23T05:46:44Z,2026-08-23T07:46:44+0200,442f0342-0040-4db4-ac3f-85a7f822bcbf,2026-08-07T22:30:00Z,2026-08-08T00:30:00+0200,154.46,EUR/MWh,DK1,DK_1,imbalance_price,Long,2026-08-23T05:51:55Z
2026-08-23T05:46:44Z,2026-08-23T07:46:44+0200,442f0342-0040-4db4-ac3f-85a7f822bcbf,2026-08-07T22:30:00Z,2026-08-08T00:30:00+0200,154.46,EUR/MWh,DK1,DK_1,imbalance_price,Short,2026-08-23T05:51:55Z
2026-08-23T05:46:44Z,2026-08-23T07:46:44+0200,442f0342-0040-4db4-ac3f-85a7f822bcbf,2026-08-07T22:45:00Z,2026-08-08T00:45:00+0200,146.51,EUR/MWh,DK1,DK_1,imbalance_price,Long,2026-08-23T05:51:55Z
2026-08-23T05:46:44Z,2026-08-23T07:46:44+0200,442f0342-0040-4db4-ac3f-85a7f822bcbf,2026-08-07T22:45:00Z,2026-08-08T00:45:00+0200,146.51,EUR/MWh,DK1,DK_1,imbalance_price,Short,2026-08-23T05:51:55Z
2026-08-23T05:46:44Z,2026-08-23T07:46:44+0200,442f0342-0040-4db4-ac3f-85a7f822bcbf,2026-08-07T23:00:00Z,2026-08-08T01:00:00+0200,105.49,EUR/MWh,DK1,DK_1,imbalance_price,Long,2026-08-23T05:51:55Z
2026-08-23T05:46:44Z,2026-08-23T07:46:44+0200,442f0342-0040-4db4-ac3f-85a7f822bcbf,2026-08-07T23:00:00Z,2026-08-08T01:00:00+0200,105.49,EUR/MWh,DK1,DK_1,imbalance_price,Short,2026-08-23T05:51:55Z
2026-08-23T05:46:44Z,2026-08-23T07:46:44+0200,442f0342-0040-4db4-ac3f-85a7f822bcbf,2026-08-07T23:15:00Z,2026-08-08T01:15:00+0200,105.49,EUR/MWh,DK1,DK_1,imbalance_price,Long,2026-08-23T05:51:55Z
2026-08-23T05:46:44Z,2026-08-23T07:46:44+0200,442f0342-0040-4db4-ac3f-85a7f822bcbf,2026-08-07T23:15:00Z,2026-08-08T01:15:00+0200,105.49,EUR/MWh,DK1,DK_1,imbalance_price,Short,2026-08-23T05:51:55Z
2026-08-23T05:46:44Z,2026-08-23T07:46:44+0200,442f0342-0040-4db4-ac3f-85a7f822bcbf,2026-08-07T23:30:00Z,2026-08-08T01:30:00+0200,105.49,EUR/MWh,DK1,DK_1,imbalance_price,Long,2026-08-23T05:51:55Z
2026-08-23T05:46:44Z,2026-08-23T07:46:44+0200,442f0342-0040-4db4-ac3f-85a7f822bcbf,2026-08-07T23:30:00Z,2026-08-08T01:30:00+0200,105.49,EUR/MWh,DK1,DK_1,imbalance_price,Short,2026-08-23T05:51:55Z
2026-08-23T05:46:44Z,2026-08-23T07:46:44+0200,442f0342-0040-4db4-ac3f-85a7f822bcbf,2026-08-07T23:45:00Z,2026-08-08T01:45:00+0200,142.51,EUR/MWh,DK1,DK_1,imbalance_price,Long,2026-08-23T05:51:55Z
2026-08-23T05:46:44Z,2026-08-23T07:46:44+0200,442f0342-0040-4db4-ac3f-85a7f822bcbf,2026-08-07T23:45:00Z,2026-08-08T01:45:00+0200,142.51,EUR/MWh,DK1,DK_1,imbalance_price,Short,2026-08-23T05:51:55Z
2026-08-23T05:46:44Z,2026-08-23T07:46:44+0200,442f0342-0040-4db4-ac3f-85a7f822bcbf,2026-08-08T00:00:00Z,2026-08-08T02:00:00+0200,105.49,EUR/MWh,DK1,DK_1,imbalance_price,Long,2026-08-23T05:51:55Z
2026-08-23T05:46:44Z,2026-08-23T07:46:44+0200,442f0342-0040-4db4-ac3f-85a7f822bcbf,2026-08-08T00:00:00Z,2026-08-08T02:00:00+0200,105.49,EUR/MWh,DK1,DK_1,imbalance_price,Short,2026-08-23T05:51:55Z
2026-08-23T05:46:44Z,2026-08-23T07:46:44+0200,442f0342-0040-4db4-ac3f-85a7f822bcbf,2026-08-08T00:15:00Z,2026-08-08T02:15:00+0200,294.3,EUR/MWh,DK1,DK_1,imbalance_price,Long,2026-08-23T05:51:55Z
2026-08-23T05:46:44Z,2026-08-23T07:46:44+0200,442f0342-0040-4db4-ac3f-85a7f822bcbf,2026-08-08T00:15:00Z,2026-08-08T02:15:00+0200,294.3,EUR/MWh,DK1,DK_1,imbalance_price,Short,2026-08-23T05:51:55Z
2026-08-23T05:46:44Z,2026-08-23T07:46:44+0200,442f0342-0040-4db4-ac3f-85a7f822bcbf,2026-08-08T00:30:00Z,2026-08-08T02:30:00+0200,336.31,EUR/MWh,DK1,DK_1,imbalance_price,Long,2026-08-23T05:51:55Z
2026-08-23T05:46:44Z,2026-08-23T07:46:44+0200,442f0342-0040-4db4-ac3f-85a7f822bcbf,2026-08-08T00:30:00Z,2026-08-08T02:30:00+0200,336.31,EUR/MWh,DK1,DK_1,imbalance_price,Short,2026-08-23T05:51:55Z
2026-08-23T05:46:44Z,2026-08-23T07:46:44+0200,442f0342-0040-4db4-ac3f-85a7f822bcbf,2026-08-08T00:45:00Z,2026-08-08T02:45:00+0200,307.74,EUR/MWh,DK1,DK_1,imbalance_price,Long,2026-08-23T05:51:55Z
2026-08-23T05:46:44Z,2026-08-23T07:46:44+0200,442f0342-0040-4db4-ac3f-85a7f822bcbf,2026-08-08T00:45:00Z,2026-08-08T02:45:00+0200,307.74,EUR/MWh,DK1,DK_1,imbalance_price,Short,2026-08-23T05:51:55Z
2026-08-23T05:46:44Z,2026-08-23T07:46:44+0200,442f0342-0040-4db4-ac3f-85a7f822bcbf,2026-08-08T01:00:00Z,2026-08-08T03:00:00+0200,145.01,EUR/MWh,DK1,DK_1,imbalance_price,Long,2026-08-23T05:51:55Z
2026-08-23T05:46:44Z,2026-08-23T07:46:44+0200,442f0342-0040-4db4-ac3f-85a7f822bcbf,2026-08-08T01:00:00Z,2026-08-08T03:00:00+0200,145.01,EUR/MWh,DK1,DK_1,imbalance_price,Short,2026-08-23T05:51:55Z
2026-08-23T05:46:44Z,2026-08-23T07:46:44+0200,442f0342-0040-4db4-ac3f-85a7f822bcbf,2026-08-08T01:15:00Z,2026-08-08T03:15:00+0200,105.49,EUR/MWh,DK1,DK_1,imbalance_price,Long,2026-08-23T05:51:55Z
2026-08-23T05:46:44Z,2026-08-23T07:46:44+0200,442f0342-0040-4db4-ac3f-85a7f822bcbf,2026-08-08T01:15:00Z,2026-08-08T03:15:00+0200,105.49,EUR/MWh,DK1,DK_1,imbalance_price,Short,2026-08-23T05:51:55Z
2026-08-23T05:46:44Z,2026-08-23T07:46:44+0200,442f0342-0040-4db4-ac3f-85a7f822bcbf,2026-08-08T01:30:00Z,2026-08-08T03:30:00+0200,105.48,EUR/MWh,DK1,DK_1,imbalance_price,Long,2026-08-23T05:51:55Z
2026-08-23T05:46:44Z,2026-08-23T07:46:44+0200,442f0342-0040-4db4-ac3f-85a7f822bcbf,2026-08-08T01:30:00Z,2026-08-08T03:30:00+0200,105.48,EUR/MWh,DK1,DK_1,imbalance_price,Short,2026-08-23T05:51:55Z
2026-08-23T05:46:44Z,2026-08-23T07:46:44+0200,442f0342-0040-4db4-ac3f-85a7f822bcbf,2026-08-08T01:45:00Z,2026-08-08T03:45:00+0200,90.46,EUR/MWh,DK1,DK_1,imbalance_price,Long,2026-08-23T05:51:55Z
2026-08-23T05:46:44Z,2026-08-23T07:46:44+0200,442f0342-0040-4db4-ac3f-85a7f822bcbf,2026-08-08T01:45:00Z,2026-08-08T03:45:00+0200,90.46,EUR/MWh,DK1,DK_1,imbalance_price,Short,2026-08-23T05:51:55Z
2026-08-23T05:46:44Z,2026-08-23T07:46:44+0200,442f0342-0040-4db4-ac3f-85a7f822bcbf,2026-08-08T02:00:00Z,2026-08-08T04:00:00+0200,103.31,EUR/MWh,DK1,DK_1,imbalance_price,Long,2026-08-23T05:51:55Z
2026-08-23T05:46:44Z,2026-08-23T07:46:44+0200,442f0342-0040-4db4-ac3f-85a7f822bcbf,2026-08-08T02:00:00Z,2026-08-08T04:00:00+0200,103.31,EUR/MWh,DK1,DK_1,imbalance_price,Short,2026-08-23T05:51:55Z
2026-08-23T05:46:44Z,2026-08-23T07:46:44+0200,442f0342-0040-4db4-ac3f-85a7f822bcbf,2026-08-08T02:15:00Z,2026-08-08T04:15:00+0200,102.61,EUR/MWh,DK1,DK_1,imbalance_price,Long,2026-08-23T05:51:55Z
2026-08-23T05:46:44Z,2026-08-23T07:46:44+0200,442f0342-0040-4db4-ac3f-85a7f822bcbf,2026-08-08T02:15:00Z,2026-08-08T04:15:00+0200,102.61,EUR/MWh,DK1,DK_1,imbalance_price,Short,2026-08-23T05:51:55Z
2026-08-23T05:46:44Z,2026-08-23T07:46:44+0200,442f0342-0040-4db4-ac3f-85a7f822bcbf,2026-08-08T02:30:00Z,2026-08-08T04:30:00+0200,105.49,EUR/MWh,DK1,DK_1,imbalance_price,Long,2026-08-23T05:51:55Z
2026-08-23T05:46:44Z,2026-08-23T07:46:44+0200,442f0342-0040-4db4-ac3f-85a7f822bcbf,2026-08-08T02:30:00Z,2026-08-08T04:30:00+0200,105.49,EUR/MWh,DK1,DK_1,imbalance_price,Short,2026-08-23T05:51:55Z
2026-08-23T05:46:44Z,2026-08-23T07:46:44+0200,442f0342-0040-4db4-ac3f-85a7f822bcbf,2026-08-08T02:45:00Z,2026-08-08T04:45:00+0200,142.5,EUR/MWh,DK1,DK_1,imbalance_price,Long,2026-08-23T05:51:55Z
2026-08-23T05:46:44Z,2026-08-23T07:46:44+0200,442f0342-0040-4db4-ac3f-85a7f822bcbf,2026-08-08T02:45:00Z,2026-08-08T04:45:00+0200,142.5,EUR/MWh,DK1,DK_1,imbalance_price,Short,2026-08-23T05:51:55Z
2026-08-23T05:46:44Z,2026-08-23T07:46:44+0200,442f0342-0040-4db4-ac3f-85a7f822bcbf,2026-08-08T03:00:00Z,2026-08-08T05:00:00+0200,138.53,EUR/MWh,DK1,DK_1,imbalance_price,Long,2026-08-23T05:51:55Z
2026-08-23T05:46:44Z,2026-08-23T07:46:44+0200,442f0342-0040-4db4-ac3f-85a7f822bcbf,2026-08-08T03:00:00Z,2026-08-08T05:00:00+0200,138.53,EUR/MWh,DK1,DK_1,imbalance_price,Short,2026-08-23T05:51:55Z
2026-08-23T05:46:44Z,2026-08-23T07:46:44+0200,442f0342-0040-4db4-ac3f-85a7f822bcbf,2026-08-08T03:15:00Z,2026-08-08T05:15:00+0200,140.69,EUR/MWh,DK1,DK_1,imbalance_price,Long,2026-08-23T05:51:55Z
2026-08-23T05:46:44Z,2026-08-23T07:46:44+0200,442f0342-0040-4db4-ac3f-85a7f822bcbf,2026-08-08T03:15:00Z,2026-08-08T05:15:00+0200,140.69,EUR/MWh,DK1,DK_1,imbalance_price,Short,2026-08-23T05:51:55Z
2026-08-23T05:46:44Z,2026-08-23T07:46:44+0200,442f0342-0040-4db4-ac3f-85a7f822bcbf,2026-08-08T03:30:00Z,2026-08-08T05:30:00+0200,146.79,EUR/MWh,DK1,DK_1,imbalance_price,Long,2026-08-23T05:51:55Z
2026-08-23T05:46:44Z,2026-08-23T07:46:44+0200,442f0342-0040-4db4-ac3f-85a7f822bcbf,2026-08-08T03:30:00Z,2026-08-08T05:30:00+0200,146.79,EUR/MWh,DK1,DK_1,imbalance_price,Short,2026-08-23T05:51:55Z
2026-08-23T05:46:44Z,2026-08-23T07:46:44+0200,442f0342-0040-4db4-ac3f-85a7f822bcbf,2026-08-08T03:45:00Z,2026-08-08T05:45:00+0200,105.49,EUR/MWh,DK1,DK_1,imbalance_price,Long,2026-08-23T05:51:55Z
2026-08-23T05:46:44Z,2026-08-23T07:46:44+0200,442f0342-0040-4db4-ac3f-85a7f822bcbf,2026-08-08T03:45:00Z,2026-08-08T05:45:00+0200,105.49,EUR/MWh,DK1,DK_1,imbalance_price,Short,2026-08-23T05:51:55Z
2026-08-23T05:46:44Z,2026-08-23T07:46:44+0200,442f0342-0040-4db4-ac3f-85a7f822bcbf,2026-08-08T04:00:00Z,2026-08-08T06:00:00+0200,154.27,EUR/MWh,DK1,DK_1,imbalance_price,Long,2026-08-23T05:51:55Z
2026-08-23T05:46:44Z,2026-08-23T07:46:44+0200,442f0342-0040-4db4-ac3f-85a7f822bcbf,2026-08-08T04:00:00Z,2026-08-08T06:00:00+0200,154.27,EUR/MWh,DK1,DK_1,imbalance_price,Short,2026-08-23T05:51:55Z
2026-08-23T05:46:44Z,2026-08-23T07:46:44+0200,442f0342-0040-4db4-ac3f-85a7f822bcbf,2026-08-08T04:15:00Z,2026-08-08T06:15:00+0200,148.24,EUR/MWh,DK1,DK_1,imbalance_price,Long,2026-08-23T05:51:55Z
2026-08-23T05:46:44Z,2026-08-23T07:46:44+0200,442f0342-0040-4db4-ac3f-85a7f822bcbf,2026-08-08T04:15:00Z,2026-08-08T06:15:00+0200,148.24,EUR/MWh,DK1,DK_1,imbalance_price,Short,2026-08-23T05:51:55Z
2026-08-23T05:46:44Z,2026-08-23T07:46:44+0200,442f0342-0040-4db4-ac3f-85a7f822bcbf,2026-08-08T04:30:00Z,2026-08-08T06:30:00+0200,105.28,EUR/MWh,DK1,DK_1,imbalance_price,Long,2026-08-23T05:51:55Z
2026-08-23T05:46:44Z,2026-08-23T07:46:44+0200,442f0342-0040-4db4-ac3f-85a7f822bcbf,2026-08-08T04:30:00Z,2026-08-08T06:30:00+0200,105.28,EUR/MWh,DK1,DK_1,imbalance_price,Short,2026-08-23T05:51:55Z
2026-08-23T05:46:44Z,2026-08-23T07:46:44+0200,442f0342-0040-4db4-ac3f-85a7f822bcbf,2026-08-08T04:45:00Z,2026-08-08T06:45:00+0200,137.72,EUR/MWh,DK1,DK_1,imbalance_price,Long,2026-08-23T05:51:55Z
2026-08-23T05:46:44Z,2026-08-23T07:46:44+0200,442f0342-0040-4db4-ac3f-85a7f822bcbf,2026-08-08T04:45:00Z,2026-08-08T06:45:00+0200,137.72,EUR/MWh,DK1,DK_1,imbalance_price,Short,2026-08-23T05:51:55Z
2026-08-23T05:46:44Z,2026-08-23T07:46:44+0200,442f0342-0040-4db4-ac3f-85a7f822bcbf,2026-08-08T05:00:00Z,2026-08-08T07:00:00+0200,247.35,EUR/MWh,DK1,DK_1,imbalance_price,Long,2026-08-23T05:51:55Z
2026-08-23T05:46:44Z,2026-08-23T07:46:44+0200,442f0342-0040-4db4-ac3f-85a7f822bcbf,2026-08-08T05:00:00Z,2026-08-08T07:00:00+0200,247.35,EUR/MWh,DK1,DK_1,imbalance_price,Short,2026-08-23T05:51:55Z
2026-08-23T05:46:44Z,2026-08-23T07:46:44+0200,442f0342-0040-4db4-ac3f-85a7f822bcbf,2026-08-08T05:15:00Z,2026-08-08T07:15:00+0200,178.13,EUR/MWh,DK1,DK_1,imbalance_price,Long,2026-08-23T05:51:55Z
2026-08-23T05:46:44Z,2026-08-23T07:46:44+0200,442f0342-0040-4db4-ac3f-85a7f822bcbf,2026-08-08T05:15:00Z,2026-08-08T07:15:00+0200,178.13,EUR/MWh,DK1,DK_1,imbalance_price,Short,2026-08-23T05:51:55Z
2026-08-23T05:46:44Z,2026-08-23T07:46:44+0200,442f0342-0040-4db4-ac3f-85a7f822bcbf,2026-08-08T05:30:00Z,2026-08-08T07:30:00+0200,134.9,EUR/MWh,DK1,DK_1,imbalance_price,Long,2026-08-23T05:51:55Z
2026-08-23T05:46:44Z,2026-08-23T07:46:44+0200,442f0342-0040-4db4-ac3f-85a7f822bcbf,2026-08-08T05:30:00Z,2026-08-08T07:30:00+0200,134.9,EUR/MWh,DK1,DK_1,imbalance_price,Short,2026-08-23T05:51:55Z
2026-08-23T05:46:44Z,2026-08-23T07:46:44+0200,442f0342-0040-4db4-ac3f-85a7f822bcbf,2026-08-08T05:45:00Z,2026-08-08T07:45:00+0200,46.13,EUR/MWh,DK1,DK_1,imbalance_price,Long,2026-08-23T05:51:55Z
2026-08-23T05:46:44Z,2026-08-23T07:46:44+0200,442f0342-0040-4db4-ac3f-85a7f822bcbf,2026-08-08T05:45:00Z,2026-08-08T07:45:00+0200,46.13,EUR/MWh,DK1,DK_1,imbalance_price,Short,2026-08-23T05:51:55Z
2026-08-23T05:46:44Z,2026-08-23T07:46:44+0200,442f0342-0040-4db4-ac3f-85a7f822bcbf,2026-08-08T06:00:00Z,2026-08-08T08:00:00+0200,68.47,EUR/MWh,DK1,DK_1,imbalance_price,Long,2026-08-23T05:51:55Z
2026-08-23T05:46:44Z,2026-08-23T07:46:44+0200,442f0342-0040-4db4-ac3f-85a7f822bcbf,2026-08-08T06:00:00Z,2026-08-08T08:00:00+0200,68.47,EUR/MWh,DK1,DK_1,imbalance_price,Short,2026-08-23T05:51:55Z
2026-08-23T05:46:44Z,2026-08-23T07:46:44+0200,442f0342-0040-4db4-ac3f-85a7f822bcbf,2026-08-08T06:15:00Z,2026-08-08T08:15:00+0200,44.09,EUR/MWh,DK1,DK_1,imbalance_price,Long,2026-08-23T05:51:55Z
2026-08-23T05:46:44Z,2026-08-23T07:46:44+0200,442f0342-0040-4db4-ac3f-85a7f822bcbf,2026-08-08T06:15:00Z,2026-08-08T08:15:00+0200,44.09,EUR/MWh,DK1,DK_1,imbalance_price,Short,2026-08-23T05:51:55Z
2026-08-23T05:46:44Z,2026-08-23T07:46:44+0200,442f0342-0040-4db4-ac3f-85a7f822bcbf,2026-08-08T06:30:00Z,2026-08-08T08:30:00+0200,38.24,EUR/MWh,DK1,DK_1,imbalance_price,Long,2026-08-23T05:51:55Z
2026-08-23T05:46:44Z,2026-08-23T07:46:44+0200,442f0342-0040-4db4-ac3f-85a7f822bcbf,2026-08-08T06:30:00Z,2026-08-08T08:30:00+0200,38.24,EUR/MWh,DK1,DK_1,imbalance_price,Short,2026-08-23T05:51:55Z
2026-08-23T05:46:44Z,2026-08-23T07:46:44+0200,442f0342-0040-4db4-ac3f-85a7f822bcbf,2026-08-08T06:45:00Z,2026-08-08T08:45:00+0200,8.0,EUR/MWh,DK1,DK_1,imbalance_price,Long,2026-08-23T05:51:55Z
2026-08-23T05:46:44Z,2026-08-23T07:46:44+0200,442f0342-0040-4db4-ac3f-85a7f822bcbf,2026-08-08T06:45:00Z,2026-08-08T08:45:00+0200,8.0,EUR/MWh,DK1,DK_1,imbalance_price,Short,2026-08-23T05:51:55Z
2026-08-23T05:46:44Z,2026-08-23T07:46:44+0200,442f0342-0040-4db4-ac3f-85a7f822bcbf,2026-08-08T07:00:00Z,2026-08-08T09:00:00+0200,8.0,EUR/MWh,DK1,DK_1,imbalance_price,Long,2026-08-23T05:51:55Z
2026-08-23T05:46:44Z,2026-08-23T07:46:44+0200,442f0342-0040-4db4-ac3f-85a7f822bcbf,2026-08-08T07:00:00Z,2026-08-08T09:00:00+0200,8.0,EUR/MWh,DK1,DK_1,imbalance_price,Short,2026-08-23T05:51:55Z
2026-08-23T05:46:44Z,2026-08-23T07:46:44+0200,442f0342-0040-4db4-ac3f-85a7f822bcbf,2026-08-08T07:15:00Z,2026-08-08T09:15:00+0200,5.0,EUR/MWh,DK1,DK_1,imbalance_price,Long,2026-08-23T05:51:55Z
2026-08-23T05:46:44Z,2026-08-23T07:46:44+0200,442f0342-0040-4db4-ac3f-85a7f822bcbf,2026-08-08T07:15:00Z,2026-08-08T09:15:00+0200,5.0,EUR/MWh,DK1,DK_1,imbalance_price,Short,2026-08-23T05:51:55Z
2026-08-23T05:46:44Z,2026-08-23T07:46:44+0200,442f0342-0040-4db4-ac3f-85a7f822bcbf,2026-08-08T07:30:00Z,2026-08-08T09:30:00+0200,-4.19,EUR/MWh,DK1,DK_1,imbalance_price,Long,2026-08-23T05:51:55Z
2026-08-23T05:46:44Z,2026-08-23T07:46:44+0200,442f0342-0040-4db4-ac3f-85a7f822bcbf,2026-08-08T07:30:00Z,2026-08-08T09:30:00+0200,-4.19,EUR/MWh,DK1,DK_1,imbalance_price,Short,2026-08-23T05:51:55Z
2026-08-23T05:46:44Z,2026-08-23T07:46:44+0200,442f0342-0040-4db4-ac3f-85a7f822bcbf,2026-08-08T07:45:00Z,2026-08-08T09:45:00+0200,-15.81,EUR/MWh,DK1,DK_1,imbalance_price,Long,2026-08-23T05:51:55Z
2026-08-23T05:46:44Z,2026-08-23T07:46:44+0200,442f0342-0040-4db4-ac3f-85a7f822bcbf,2026-08-08T07:45:00Z,2026-08-08T09:45:00+0200,-15.81,EUR/MWh,DK1,DK_1,imbalance_price,Short,2026-08-23T05:51:55Z
2026-08-23T05:46:44Z,2026-08-23T07:46:44+0200,442f0342-0040-4db4-ac3f-85a7f822bcbf,2026-08-08T08:00:00Z,2026-08-08T10:00:00+0200,-8.07,EUR/MWh,DK1,DK_1,imbalance_price,Long,2026-08-23T05:51:55Z
2026-08-23T05:46:44Z,2026-08-23T07:46:44+0200,442f0342-0040-4db4-ac3f-85a7f822bcbf,2026-08-08T08:00:00Z,2026-08-08T10:00:00+0200,-8.07,EUR/MWh,DK1,DK_1,imbalance_price,Short,2026-08-23T05:51:55Z
2026-08-23T05:46:44Z,2026-08-23T07:46:44+0200,442f0342-0040-4db4-ac3f-85a7f822bcbf,2026-08-08T08:15:00Z,2026-08-08T10:15:00+0200,-13.69,EUR/MWh,DK1,DK_1,imbalance_price,Long,2026-08-23T05:51:55Z
2026-08-23T05:46:44Z,2026-08-23T07:46:44+0200,442f0342-0040-4db4-ac3f-85a7f822bcbf,2026-08-08T08:15:00Z,2026-08-08T10:15:00+0200,-13.69,EUR/MWh,DK1,DK_1,imbalance_price,Short,2026-08-23T05:51:55Z
2026-08-23T05:46:44Z,2026-08-23T07:46:44+0200,442f0342-0040-4db4-ac3f-85a7f822bcbf,2026-08-08T08:30:00Z,2026-08-08T10:30:00+0200,-8.83,EUR/MWh,DK1,DK_1,imbalance_price,Long,2026-08-23T05:51:55Z
2026-08-23T05:46:44Z,2026-08-23T07:46:44+0200,442f0342-0040-4db4-ac3f-85a7f822bcbf,2026-08-08T08:30:00Z,2026-08-08T10:30:00+0200,-8.83,EUR/MWh,DK1,DK_1,imbalance_price,Short,2026-08-23T05:51:55Z
2026-08-23T05:46:44Z,2026-08-23T07:46:44+0200,442f0342-0040-4db4-ac3f-85a7f822bcbf,2026-08-08T08:45:00Z,2026-08-08T10:45:00+0200,-5.89,EUR/MWh,DK1,DK_1,imbalance_price,Long,2026-08-23T05:51:55Z
2026-08-23T05:46:44Z,2026-08-23T07:46:44+0200,442f0342-0040-4db4-ac3f-85a7f822bcbf,2026-08-08T08:45:00Z,2026-08-08T10:45:00+0200,-5.89,EUR/MWh,DK1,DK_1,imbalance_price,Short,2026-08-23T05:51:55Z
2026-08-23T05:46:44Z,2026-08-23T07:46:44+0200,442f0342-0040-4db4-ac3f-85a7f822bcbf,2026-08-08T09:00:00Z,2026-08-08T11:00:00+0200,4.24,EUR/MWh,DK1,DK_1,imbalance_price,Long,2026-08-23T05:51:55Z
2026-08-23T05:46:44Z,2026-08-23T07:46:44+0200,442f0342-0040-4db4-ac3f-85a7f822bcbf,2026-08-08T09:00:00Z,2026-08-08T11:00:00+0200,4.24,EUR/MWh,DK1,DK_1,imbalance_price,Short,2026-08-23T05:51:55Z
2026-08-23T05:46:44Z,2026-08-23T07:46:44+0200,442f0342-0040-4db4-ac3f-85a7f822bcbf,2026-08-08T09:15:00Z,2026-08-08T11:15:00+0200,2.0,EUR/MWh,DK1,DK_1,imbalance_price,Long,2026-08-23T05:51:55Z
2026-08-23T05:46:44Z,2026-08-23T07:46:44+0200,442f0342-0040-4db4-ac3f-85a7f822bcbf,2026-08-08T09:15:00Z,2026-08-08T11:15:00+0200,2.0,EUR/MWh,DK1,DK_1,imbalance_price,Short,2026-08-23T05:51:55Z
2026-08-23T05:46:44Z,2026-08-23T07:46:44+0200,442f0342-0040-4db4-ac3f-85a7f822bcbf,2026-08-08T09:30:00Z,2026-08-08T11:30:00+0200,-9.55,EUR/MWh,DK1,DK_1,imbalance_price,Long,2026-08-23T05:51:55Z
2026-08-23T05:46:44Z,2026-08-23T07:46:44+0200,442f0342-0040-4db4-ac3f-85a7f822bcbf,2026-08-08T09:30:00Z,2026-08-08T11:30:00+0200,-9.55,EUR/MWh,DK1,DK_1,imbalance_price,Short,2026-08-23T05:51:55Z
2026-08-23T05:46:44Z,2026-08-23T07:46:44+0200,442f0342-0040-4db4-ac3f-85a7f822bcbf,2026-08-08T09:45:00Z,2026-08-08T11:45:00+0200,-14.09,EUR/MWh,DK1,DK_1,imbalance_price,Long,2026-08-23T05:51:55Z
2026-08-23T05:46:44Z,2026-08-23T07:46:44+0200,442f0342-0040-4db4-ac3f-85a7f822bcbf,2026-08-08T09:45:00Z,2026-08-08T11:45:00+0200,-14.09,EUR/MWh,DK1,DK_1,imbalance_price,Short,2026-08-23T05:51:55Z
2026-08-23T05:46:44Z,2026-08-23T07:46:44+0200,442f0342-0040-4db4-ac3f-85a7f822bcbf,2026-08-08T10:00:00Z,2026-08-08T12:00:00+0200,-10.82,EUR/MWh,DK1,DK_1,imbalance_price,Long,2026-08-23T05:51:55Z
2026-08-23T05:46:44Z,2026-08-23T07:46:44+0200,442f0342-0040-4db4-ac3f-85a7f822bcbf,2026-08-08T10:00:00Z,2026-08-08T12:00:00+0200,-10.82,EUR/MWh,DK1,DK_1,imbalance_price,Short,2026-08-23T05:51:55Z
2026-08-23T05:46:44Z,2026-08-23T07:46:44+0200,442f0342-0040-4db4-ac3f-85a7f822bcbf,2026-08-08T10:15:00Z,2026-08-08T12:15:00+0200,-8.65,EUR/MWh,DK1,DK_1,imbalance_price,Long,2026-08-23T05:51:55Z
2026-08-23T05:46:44Z,2026-08-23T07:46:44+0200,442f0342-0040-4db4-ac3f-85a7f822bcbf,2026-08-08T10:15:00Z,2026-08-08T12:15:00+0200,-8.65,EUR/MWh,DK1,DK_1,imbalance_price,Short,2026-08-23T05:51:55Z
2026-08-23T05:46:44Z,2026-08-23T07:46:44+0200,442f0342-0040-4db4-ac3f-85a7f822bcbf,2026-08-08T10:30:00Z,2026-08-08T12:30:00+0200,-6.81,EUR/MWh,DK1,DK_1,imbalance_price,Long,2026-08-23T05:51:55Z
2026-08-23T05:46:44Z,2026-08-23T07:46:44+0200,442f0342-0040-4db4-ac3f-85a7f822bcbf,2026-08-08T10:30:00Z,2026-08-08T12:30:00+0200,-6.81,EUR/MWh,DK1,DK_1,imbalance_price,Short,2026-08-23T05:51:55Z
2026-08-23T05:46:44Z,2026-08-23T07:46:44+0200,442f0342-0040-4db4-ac3f-85a7f822bcbf,2026-08-08T10:45:00Z,2026-08-08T12:45:00+0200,0.0,EUR/MWh,DK1,DK_1,imbalance_price,Long,2026-08-23T05:51:55Z
2026-08-23T05:46:44Z,2026-08-23T07:46:44+0200,442f0342-0040-4db4-ac3f-85a7f822bcbf,2026-08-08T10:45:00Z,2026-08-08T12:45:00+0200,0.0,EUR/MWh,DK1,DK_1,imbalance_price,Short,2026-08-23T05:51:55Z
2026-08-23T05:46:44Z,2026-08-23T07:46:44+0200,442f0342-0040-4db4-ac3f-85a7f822bcbf,2026-08-08T11:00:00Z,2026-08-08T13:00:00+0200,0.29,EUR/MWh,DK1,DK_1,imbalance_price,Long,2026-08-23T05:51:55Z
2026-08-23T05:46:44Z,2026-08-23T07:46:44+0200,442f0342-0040-4db4-ac3f-85a7f822bcbf,2026-08-08T11:00:00Z,2026-08-08T13:00:00+0200,0.29,EUR/MWh,DK1,DK_1,imbalance_price,Short,2026-08-23T05:51:55Z
2026-08-23T05:46:44Z,2026-08-23T07:46:44+0200,442f0342-0040-4db4-ac3f-85a7f822bcbf,2026-08-08T11:15:00Z,2026-08-08T13:15:00+0200,0.0,EUR/MWh,DK1,DK_1,imbalance_price,Long,2026-08-23T05:51:55Z
2026-08-23T05:46:44Z,2026-08-23T07:46:44+0200,442f0342-0040-4db4-ac3f-85a7f822bcbf,2026-08-08T11:15:00Z,2026-08-08T13:15:00+0200,0.0,EUR/MWh,DK1,DK_1,imbalance_price,Short,2026-08-23T05:51:55Z
2026-08-23T05:46:44Z,2026-08-23T07:46:44+0200,442f0342-0040-4db4-ac3f-85a7f822bcbf,2026-08-08T11:30:00Z,2026-08-08T13:30:00+0200,0.0,EUR/MWh,DK1,DK_1,imbalance_price,Long,2026-08-23T05:51:55Z
2026-08-23T05:46:44Z,2026-08-23T07:46:44+0200,442f0342-0040-4db4-ac3f-85a7f822bcbf,2026-08-08T11:30:00Z,2026-08-08T13:30:00+0200,0.0,EUR/MWh,DK1,DK_1,imbalance_price,Short,2026-08-23T05:51:55Z
2026-08-23T05:46:44Z,2026-08-23T07:46:44+0200,442f0342-0040-4db4-ac3f-85a7f822bcbf,2026-08-08T11:45:00Z,2026-08-08T13:45:00+0200,0.0,EUR/MWh,DK1,DK_1,imbalance_price,Long,2026-08-23T05:51:55Z
2026-08-23T05:46:44Z,2026-08-23T07:46:44+0200,442f0342-0040-4db4-ac3f-85a7f822bcbf,2026-08-08T11:45:00Z,2026-08-08T13:45:00+0200,0.0,EUR/MWh,DK1,DK_1,imbalance_price,Short,2026-08-23T05:51:55Z
2026-08-23T05:46:44Z,2026-08-23T07:46:44+0200,442f0342-0040-4db4-ac3f-85a7f822bcbf,2026-08-08T12:00:00Z,2026-08-08T14:00:00+0200,-22.01,EUR/MWh,DK1,DK_1,imbalance_price,Long,2026-08-23T05:51:55Z
2026-08-23T05:46:44Z,2026-08-23T07:46:44+0200,442f0342-0040-4db4-ac3f-85a7f822bcbf,2026-08-08T12:00:00Z,2026-08-08T14:00:00+0200,-22.01,EUR/MWh,DK1,DK_1,imbalance_price,Short,2026-08-23T05:51:55Z
2026-08-23T05:46:44Z,2026-08-23T07:46:44+0200,442f0342-0040-4db4-ac3f-85a7f822bcbf,2026-08-08T12:15:00Z,2026-08-08T14:15:00+0200,0.55,EUR/MWh,DK1,DK_1,imbalance_price,Long,2026-08-23T05:51:55Z
2026-08-23T05:46:44Z,2026-08-23T07:46:44+0200,442f0342-0040-4db4-ac3f-85a7f822bcbf,2026-08-08T12:15:00Z,2026-08-08T14:15:00+0200,0.55,EUR/MWh,DK1,DK_1,imbalance_price,Short,2026-08-23T05:51:55Z
2026-08-23T05:46:44Z,2026-08-23T07:46:44+0200,442f0342-0040-4db4-ac3f-85a7f822bcbf,2026-08-08T12:30:00Z,2026-08-08T14:30:00+0200,-11.21,EUR/MWh,DK1,DK_1,imbalance_price,Long,2026-08-23T05:51:55Z
2026-08-23T05:46:44Z,2026-08-23T07:46:44+0200,442f0342-0040-4db4-ac3f-85a7f822bcbf,2026-08-08T12:30:00Z,2026-08-08T14:30:00+0200,-11.21,EUR/MWh,DK1,DK_1,imbalance_price,Short,2026-08-23T05:51:55Z
2026-08-23T05:46:44Z,2026-08-23T07:46:44+0200,442f0342-0040-4db4-ac3f-85a7f822bcbf,2026-08-08T12:45:00Z,2026-08-08T14:45:00+0200,-8.85,EUR/MWh,DK1,DK_1,imbalance_price,Long,2026-08-23T05:51:55Z
2026-08-23T05:46:44Z,2026-08-23T07:46:44+0200,442f0342-0040-4db4-ac3f-85a7f822bcbf,2026-08-08T12:45:00Z,2026-08-08T14:45:00+0200,-8.85,EUR/MWh,DK1,DK_1,imbalance_price,Short,2026-08-23T05:51:55Z
2026-08-23T05:46:44Z,2026-08-23T07:46:44+0200,442f0342-0040-4db4-ac3f-85a7f822bcbf,2026-08-08T13:00:00Z,2026-08-08T15:00:00+0200,-16.7,EUR/MWh,DK1,DK_1,imbalance_price,Long,2026-08-23T05:51:55Z
2026-08-23T05:46:44Z,2026-08-23T07:46:44+0200,442f0342-0040-4db4-ac3f-85a7f822bcbf,2026-08-08T13:00:00Z,2026-08-08T15:00:00+0200,-16.7,EUR/MWh,DK1,DK_1,imbalance_price,Short,2026-08-23T05:51:55Z
2026-08-23T05:46:44Z,2026-08-23T07:46:44+0200,442f0342-0040-4db4-ac3f-85a7f822bcbf,2026-08-08T13:15:00Z,2026-08-08T15:15:00+0200,0.94,EUR/MWh,DK1,DK_1,imbalance_price,Long,2026-08-23T05:51:55Z
2026-08-23T05:46:44Z,2026-08-23T07:46:44+0200,442f0342-0040-4db4-ac3f-85a7f822bcbf,2026-08-08T13:15:00Z,2026-08-08T15:15:00+0200,0.94,EUR/MWh,DK1,DK_1,imbalance_price,Short,2026-08-23T05:51:55Z
2026-08-23T05:46:44Z,2026-08-23T07:46:44+0200,442f0342-0040-4db4-ac3f-85a7f822bcbf,2026-08-08T13:30:00Z,2026-08-08T15:30:00+0200,0.89,EUR/MWh,DK1,DK_1,imbalance_price,Long,2026-08-23T05:51:55Z
2026-08-23T05:46:44Z,2026-08-23T07:46:44+0200,442f0342-0040-4db4-ac3f-85a7f822bcbf,2026-08-08T13:30:00Z,2026-08-08T15:30:00+0200,0.89,EUR/MWh,DK1,DK_1,imbalance_price,Short,2026-08-23T05:51:55Z
2026-08-23T05:46:44Z,2026-08-23T07:46:44+0200,442f0342-0040-4db4-ac3f-85a7f822bcbf,2026-08-08T13:45:00Z,2026-08-08T15:45:00+0200,0.92,EUR/MWh,DK1,DK_1,imbalance_price,Long,2026-08-23T05:51:55Z
2026-08-23T05:46:44Z,2026-08-23T07:46:44+0200,442f0342-0040-4db4-ac3f-85a7f822bcbf,2026-08-08T13:45:00Z,2026-08-08T15:45:00+0200,0.92,EUR/MWh,DK1,DK_1,imbalance_price,Short,2026-08-23T05:51:55Z
2026-08-23T05:46:44Z,2026-08-23T07:46:44+0200,442f0342-0040-4db4-ac3f-85a7f822bcbf,2026-08-08T14:00:00Z,2026-08-08T16:00:00+0200,-0.75,EUR/MWh,DK1,DK_1,imbalance_price,Long,2026-08-23T05:51:55Z
2026-08-23T05:46:44Z,2026-08-23T07:46:44+0200,442f0342-0040-4db4-ac3f-85a7f822bcbf,2026-08-08T14:00:00Z,2026-08-08T16:00:00+0200,-0.75,EUR/MWh,DK1,DK_1,imbalance_price,Short,2026-08-23T05:51:55Z
2026-08-23T05:46:44Z,2026-08-23T07:46:44+0200,442f0342-0040-4db4-ac3f-85a7f822bcbf,2026-08-08T14:15:00Z,2026-08-08T16:15:00+0200,-2.0,EUR/MWh,DK1,DK_1,imbalance_price,Long,2026-08-23T05:51:55Z
2026-08-23T05:46:44Z,2026-08-23T07:46:44+0200,442f0342-0040-4db4-ac3f-85a7f822bcbf,2026-08-08T14:15:00Z,2026-08-08T16:15:00+0200,-2.0,EUR/MWh,DK1,DK_1,imbalance_price,Short,2026-08-23T05:51:55Z
2026-08-23T05:46:44Z,2026-08-23T07:46:44+0200,442f0342-0040-4db4-ac3f-85a7f822bcbf,2026-08-08T14:30:00Z,2026-08-08T16:30:00+0200,21.11,EUR/MWh,DK1,DK_1,imbalance_price,Long,2026-08-23T05:51:55Z
2026-08-23T05:46:44Z,2026-08-23T07:46:44+0200,442f0342-0040-4db4-ac3f-85a7f822bcbf,2026-08-08T14:30:00Z,2026-08-08T16:30:00+0200,21.11,EUR/MWh,DK1,DK_1,imbalance_price,Short,2026-08-23T05:51:55Z
2026-08-23T05:46:44Z,2026-08-23T07:46:44+0200,442f0342-0040-4db4-ac3f-85a7f822bcbf,2026-08-08T14:45:00Z,2026-08-08T16:45:00+0200,5.66,EUR/MWh,DK1,DK_1,imbalance_price,Long,2026-08-23T05:51:55Z
2026-08-23T05:46:44Z,2026-08-23T07:46:44+0200,442f0342-0040-4db4-ac3f-85a7f822bcbf,2026-08-08T14:45:00Z,2026-08-08T16:45:00+0200,5.66,EUR/MWh,DK1,DK_1,imbalance_price,Short,2026-08-23T05:51:55Z
2026-08-23T05:46:44Z,2026-08-23T07:46:44+0200,442f0342-0040-4db4-ac3f-85a7f822bcbf,2026-08-08T15:00:00Z,2026-08-08T17:00:00+0200,2.47,EUR/MWh,DK1,DK_1,imbalance_price,Long,2026-08-23T05:51:55Z
2026-08-23T05:46:44Z,2026-08-23T07:46:44+0200,442f0342-0040-4db4-ac3f-85a7f822bcbf,2026-08-08T15:00:00Z,2026-08-08T17:00:00+0200,2.47,EUR/MWh,DK1,DK_1,imbalance_price,Short,2026-08-23T05:51:55Z
2026-08-23T05:46:44Z,2026-08-23T07:46:44+0200,442f0342-0040-4db4-ac3f-85a7f822bcbf,2026-08-08T15:15:00Z,2026-08-08T17:15:00+0200,152.27,EUR/MWh,DK1,DK_1,imbalance_price,Long,2026-08-23T05:51:55Z
2026-08-23T05:46:44Z,2026-08-23T07:46:44+0200,442f0342-0040-4db4-ac3f-85a7f822bcbf,2026-08-08T15:15:00Z,2026-08-08T17:15:00+0200,152.27,EUR/MWh,DK1,DK_1,imbalance_price,Short,2026-08-23T05:51:55Z
2026-08-23T05:46:44Z,2026-08-23T07:46:44+0200,442f0342-0040-4db4-ac3f-85a7f822bcbf,2026-08-08T15:30:00Z,2026-08-08T17:30:00+0200,299.44,EUR/MWh,DK1,DK_1,imbalance_price,Long,2026-08-23T05:51:55Z
2026-08-23T05:46:44Z,2026-08-23T07:46:44+0200,442f0342-0040-4db4-ac3f-85a7f822bcbf,2026-08-08T15:30:00Z,2026-08-08T17:30:00+0200,299.44,EUR/MWh,DK1,DK_1,imbalance_price,Short,2026-08-23T05:51:55Z
2026-08-23T05:46:44Z,2026-08-23T07:46:44+0200,442f0342-0040-4db4-ac3f-85a7f822bcbf,2026-08-08T15:45:00Z,2026-08-08T17:45:00+0200,159.9,EUR/MWh,DK1,DK_1,imbalance_price,Long,2026-08-23T05:51:55Z
2026-08-23T05:46:44Z,2026-08-23T07:46:44+0200,442f0342-0040-4db4-ac3f-85a7f822bcbf,2026-08-08T15:45:00Z,2026-08-08T17:45:00+0200,159.9,EUR/MWh,DK1,DK_1,imbalance_price,Short,2026-08-23T05:51:55Z
2026-08-23T05:46:44Z,2026-08-23T07:46:44+0200,442f0342-0040-4db4-ac3f-85a7f822bcbf,2026-08-08T16:00:00Z,2026-08-08T18:00:00+0200,106.31,EUR/MWh,DK1,DK_1,imbalance_price,Long,2026-08-23T05:51:55Z
2026-08-23T05:46:44Z,2026-08-23T07:46:44+0200,442f0342-0040-4db4-ac3f-85a7f822bcbf,2026-08-08T16:00:00Z,2026-08-08T18:00:00+0200,106.31,EUR/MWh,DK1,DK_1,imbalance_price,Short,2026-08-23T05:51:55Z
2026-08-23T05:46:44Z,2026-08-23T07:46:44+0200,442f0342-0040-4db4-ac3f-85a7f822bcbf,2026-08-08T16:15:00Z,2026-08-08T18:15:00+0200,12.04,EUR/MWh,DK1,DK_1,imbalance_price,Long,2026-08-23T05:51:55Z
2026-08-23T05:46:44Z,2026-08-23T07:46:44+0200,442f0342-0040-4db4-ac3f-85a7f822bcbf,2026-08-08T16:15:00Z,2026-08-08T18:15:00+0200,12.04,EUR/MWh,DK1,DK_1,imbalance_price,Short,2026-08-23T05:51:55Z
2026-08-23T05:46:44Z,2026-08-23T07:46:44+0200,442f0342-0040-4db4-ac3f-85a7f822bcbf,2026-08-08T16:30:00Z,2026-08-08T18:30:00+0200,104.65,EUR/MWh,DK1,DK_1,imbalance_price,Long,2026-08-23T05:51:55Z
2026-08-23T05:46:44Z,2026-08-23T07:46:44+0200,442f0342-0040-4db4-ac3f-85a7f822bcbf,2026-08-08T16:30:00Z,2026-08-08T18:30:00+0200,104.65,EUR/MWh,DK1,DK_1,imbalance_price,Short,2026-08-23T05:51:55Z
2026-08-23T05:46:44Z,2026-08-23T07:46:44+0200,442f0342-0040-4db4-ac3f-85a7f822bcbf,2026-08-08T16:45:00Z,2026-08-08T18:45:00+0200,118.6,EUR/MWh,DK1,DK_1,imbalance_price,Long,2026-08-23T05:51:55Z
2026-08-23T05:46:44Z,2026-08-23T07:46:44+0200,442f0342-0040-4db4-ac3f-85a7f822bcbf,2026-08-08T16:45:00Z,2026-08-08T18:45:00+0200,118.6,EUR/MWh,DK1,DK_1,imbalance_price,Short,2026-08-23T05:51:55Z
2026-08-23T05:46:44Z,2026-08-23T07:46:44+0200,442f0342-0040-4db4-ac3f-85a7f822bcbf,2026-08-08T17:00:00Z,2026-08-08T19:00:00+0200,77.97,EUR/MWh,DK1,DK_1,imbalance_price,Long,2026-08-23T05:51:55Z
2026-08-23T05:46:44Z,2026-08-23T07:46:44+0200,442f0342-0040-4db4-ac3f-85a7f822bcbf,2026-08-08T17:00:00Z,2026-08-08T19:00:00+0200,77.97,EUR/MWh,DK1,DK_1,imbalance_price,Short,2026-08-23T05:51:55Z
2026-08-23T05:46:44Z,2026-08-23T07:46:44+0200,442f0342-0040-4db4-ac3f-85a7f822bcbf,2026-08-08T17:15:00Z,2026-08-08T19:15:00+0200,115.69,EUR/MWh,DK1,DK_1,imbalance_price,Long,2026-08-23T05:51:55Z
2026-08-23T05:46:44Z,2026-08-23T07:46:44+0200,442f0342-0040-4db4-ac3f-85a7f822bcbf,2026-08-08T17:15:00Z,2026-08-08T19:15:00+0200,115.69,EUR/MWh,DK1,DK_1,imbalance_price,Short,2026-08-23T05:51:55Z
2026-08-23T05:46:44Z,2026-08-23T07:46:44+0200,442f0342-0040-4db4-ac3f-85a7f822bcbf,2026-08-08T17:30:00Z,2026-08-08T19:30:00+0200,122.51,EUR/MWh,DK1,DK_1,imbalance_price,Long,2026-08-23T05:51:55Z
2026-08-23T05:46:44Z,2026-08-23T07:46:44+0200,442f0342-0040-4db4-ac3f-85a7f822bcbf,2026-08-08T17:30:00Z,2026-08-08T19:30:00+0200,122.51,EUR/MWh,DK1,DK_1,imbalance_price,Short,2026-08-23T05:51:55Z
2026-08-23T05:46:44Z,2026-08-23T07:46:44+0200,442f0342-0040-4db4-ac3f-85a7f822bcbf,2026-08-08T17:45:00Z,2026-08-08T19:45:00+0200,108.22,EUR/MWh,DK1,DK_1,imbalance_price,Long,2026-08-23T05:51:55Z
2026-08-23T05:46:44Z,2026-08-23T07:46:44+0200,442f0342-0040-4db4-ac3f-85a7f822bcbf,2026-08-08T17:45:00Z,2026-08-08T19:45:00+0200,108.22,EUR/MWh,DK1,DK_1,imbalance_price,Short,2026-08-23T05:51:55Z
2026-08-23T05:46:44Z,2026-08-23T07:46:44+0200,442f0342-0040-4db4-ac3f-85a7f822bcbf,2026-08-08T18:00:00Z,2026-08-08T20:00:00+0200,183.19,EUR/MWh,DK1,DK_1,imbalance_price,Long,2026-08-23T05:51:55Z
2026-08-23T05:46:44Z,2026-08-23T07:46:44+0200,442f0342-0040-4db4-ac3f-85a7f822bcbf,2026-08-08T18:00:00Z,2026-08-08T20:00:00+0200,183.19,EUR/MWh,DK1,DK_1,imbalance_price,Short,2026-08-23T05:51:55Z
2026-08-23T05:46:44Z,2026-08-23T07:46:44+0200,442f0342-0040-4db4-ac3f-85a7f822bcbf,2026-08-08T18:15:00Z,2026-08-08T20:15:00+0200,185.94,EUR/MWh,DK1,DK_1,imbalance_price,Long,2026-08-23T05:51:55Z
2026-08-23T05:46:44Z,2026-08-23T07:46:44+0200,442f0342-0040-4db4-ac3f-85a7f822bcbf,2026-08-08T18:15:00Z,2026-08-08T20:15:00+0200,185.94,EUR/MWh,DK1,DK_1,imbalance_price,Short,2026-08-23T05:51:55Z
2026-08-23T05:46:44Z,2026-08-23T07:46:44+0200,442f0342-0040-4db4-ac3f-85a7f822bcbf,2026-08-08T18:30:00Z,2026-08-08T20:30:00+0200,287.61,EUR/MWh,DK1,DK_1,imbalance_price,Long,2026-08-23T05:51:55Z
2026-08-23T05:46:44Z,2026-08-23T07:46:44+0200,442f0342-0040-4db4-ac3f-85a7f822bcbf,2026-08-08T18:30:00Z,2026-08-08T20:30:00+0200,287.61,EUR/MWh,DK1,DK_1,imbalance_price,Short,2026-08-23T05:51:55Z
2026-08-23T05:46:44Z,2026-08-23T07:46:44+0200,442f0342-0040-4db4-ac3f-85a7f822bcbf,2026-08-08T18:45:00Z,2026-08-08T20:45:00+0200,183.47,EUR/MWh,DK1,DK_1,imbalance_price,Long,2026-08-23T05:51:55Z
2026-08-23T05:46:44Z,2026-08-23T07:46:44+0200,442f0342-0040-4db4-ac3f-85a7f822bcbf,2026-08-08T18:45:00Z,2026-08-08T20:45:00+0200,183.47,EUR/MWh,DK1,DK_1,imbalance_price,Short,2026-08-23T05:51:55Z
2026-08-23T05:46:44Z,2026-08-23T07:46:44+0200,442f0342-0040-4db4-ac3f-85a7f822bcbf,2026-08-08T19:00:00Z,2026-08-08T21:00:00+0200,111.27,EUR/MWh,DK1,DK_1,imbalance_price,Long,2026-08-23T05:51:55Z
2026-08-23T05:46:44Z,2026-08-23T07:46:44+0200,442f0342-0040-4db4-ac3f-85a7f822bcbf,2026-08-08T19:00:00Z,2026-08-08T21:00:00+0200,111.27,EUR/MWh,DK1,DK_1,imbalance_price,Short,2026-08-23T05:51:55Z
2026-08-23T05:46:44Z,2026-08-23T07:46:44+0200,442f0342-0040-4db4-ac3f-85a7f822bcbf,2026-08-08T19:15:00Z,2026-08-08T21:15:00+0200,108.08,EUR/MWh,DK1,DK_1,imbalance_price,Long,2026-08-23T05:51:55Z
2026-08-23T05:46:44Z,2026-08-23T07:46:44+0200,442f0342-0040-4db4-ac3f-85a7f822bcbf,2026-08-08T19:15:00Z,2026-08-08T21:15:00+0200,108.08,EUR/MWh,DK1,DK_1,imbalance_price,Short,2026-08-23T05:51:55Z
2026-08-23T05:46:44Z,2026-08-23T07:46:44+0200,442f0342-0040-4db4-ac3f-85a7f822bcbf,2026-08-08T19:30:00Z,2026-08-08T21:30:00+0200,106.84,EUR/MWh,DK1,DK_1,imbalance_price,Long,2026-08-23T05:51:55Z
2026-08-23T05:46:44Z,2026-08-23T07:46:44+0200,442f0342-0040-4db4-ac3f-85a7f822bcbf,2026-08-08T19:30:00Z,2026-08-08T21:30:00+0200,106.84,EUR/MWh,DK1,DK_1,imbalance_price,Short,2026-08-23T05:51:55Z
2026-08-23T05:46:44Z,2026-08-23T07:46:44+0200,442f0342-0040-4db4-ac3f-85a7f822bcbf,2026-08-08T19:45:00Z,2026-08-08T21:45:00+0200,113.92,EUR/MWh,DK1,DK_1,imbalance_price,Long,2026-08-23T05:51:55Z
2026-08-23T05:46:44Z,2026-08-23T07:46:44+0200,442f0342-0040-4db4-ac3f-85a7f822bcbf,2026-08-08T19:45:00Z,2026-08-08T21:45:00+0200,113.92,EUR/MWh,DK1,DK_1,imbalance_price,Short,2026-08-23T05:51:55Z
2026-08-23T05:46:44Z,2026-08-23T07:46:44+0200,442f0342-0040-4db4-ac3f-85a7f822bcbf,2026-08-08T20:00:00Z,2026-08-08T22:00:00+0200,245.0,EUR/MWh,DK1,DK_1,imbalance_price,Long,2026-08-23T05:51:55Z
2026-08-23T05:46:44Z,2026-08-23T07:46:44+0200,442f0342-0040-4db4-ac3f-85a7f822bcbf,2026-08-08T20:00:00Z,2026-08-08T22:00:00+0200,245.0,EUR/MWh,DK1,DK_1,imbalance_price,Short,2026-08-23T05:51:55Z
2026-08-23T05:46:44Z,2026-08-23T07:46:44+0200,442f0342-0040-4db4-ac3f-85a7f822bcbf,2026-08-08T20:15:00Z,2026-08-08T22:15:00+0200,334.43,EUR/MWh,DK1,DK_1,imbalance_price,Long,2026-08-23T05:51:55Z
2026-08-23T05:46:44Z,2026-08-23T07:46:44+0200,442f0342-0040-4db4-ac3f-85a7f822bcbf,2026-08-08T20:15:00Z,2026-08-08T22:15:00+0200,334.43,EUR/MWh,DK1,DK_1,imbalance_price,Short,2026-08-23T05:51:55Z
2026-08-23T05:46:44Z,2026-08-23T07:46:44+0200,442f0342-0040-4db4-ac3f-85a7f822bcbf,2026-08-08T20:30:00Z,2026-08-08T22:30:00+0200,167.9,EUR/MWh,DK1,DK_1,imbalance_price,Long,2026-08-23T05:51:55Z
2026-08-23T05:46:44Z,2026-08-23T07:46:44+0200,442f0342-0040-4db4-ac3f-85a7f822bcbf,2026-08-08T20:30:00Z,2026-08-08T22:30:00+0200,167.9,EUR/MWh,DK1,DK_1,imbalance_price,Short,2026-08-23T05:51:55Z
2026-08-23T05:46:44Z,2026-08-23T07:46:44+0200,442f0342-0040-4db4-ac3f-85a7f822bcbf,2026-08-08T20:45:00Z,2026-08-08T22:45:00+0200,106.43,EUR/MWh,DK1,DK_1,imbalance_price,Long,2026-08-23T05:51:55Z
2026-08-23T05:46:44Z,2026-08-23T07:46:44+0200,442f0342-0040-4db4-ac3f-85a7f822bcbf,2026-08-08T20:45:00Z,2026-08-08T22:45:00+0200,106.43,EUR/MWh,DK1,DK_1,imbalance_price,Short,2026-08-23T05:51:55Z
2026-08-23T05:46:44Z,2026-08-23T07:46:44+0200,442f0342-0040-4db4-ac3f-85a7f822bcbf,2026-08-08T21:00:00Z,2026-08-08T23:00:00+0200,105.49,EUR/MWh,DK1,DK_1,imbalance_price,Long,2026-08-23T05:51:55Z
2026-08-23T05:46:44Z,2026-08-23T07:46:44+0200,442f0342-0040-4db4-ac3f-85a7f822bcbf,2026-08-08T21:00:00Z,2026-08-08T23:00:00+0200,105.49,EUR/MWh,DK1,DK_1,imbalance_price,Short,2026-08-23T05:51:55Z
2026-08-23T05:46:44Z,2026-08-23T07:46:44+0200,442f0342-0040-4db4-ac3f-85a7f822bcbf,2026-08-08T21:15:00Z,2026-08-08T23:15:00+0200,105.49,EUR/MWh,DK1,DK_1,imbalance_price,Long,2026-08-23T05:51:55Z
2026-08-23T05:46:44Z,2026-08-23T07:46:44+0200,442f0342-0040-4db4-ac3f-85a7f822bcbf,2026-08-08T21:15:00Z,2026-08-08T23:15:00+0200,105.49,EUR/MWh,DK1,DK_1,imbalance_price,Short,2026-08-23T05:51:55Z
2026-08-23T05:46:44Z,2026-08-23T07:46:44+0200,442f0342-0040-4db4-ac3f-85a7f822bcbf,2026-08-08T21:30:00Z,2026-08-08T23:30:00+0200,155.25,EUR/MWh,DK1,DK_1,imbalance_price,Long,2026-08-23T05:51:55Z
2026-08-23T05:46:44Z,2026-08-23T07:46:44+0200,442f0342-0040-4db4-ac3f-85a7f822bcbf,2026-08-08T21:30:00Z,2026-08-08T23:30:00+0200,155.25,EUR/MWh,DK1,DK_1,imbalance_price,Short,2026-08-23T05:51:55Z
2026-08-23T05:46:44Z,2026-08-23T07:46:44+0200,442f0342-0040-4db4-ac3f-85a7f822bcbf,2026-08-08T21:45:00Z,2026-08-08T23:45:00+0200,105.49,EUR/MWh,DK1,DK_1,imbalance_price,Long,2026-08-23T05:51:55Z
2026-08-23T05:46:44Z,2026-08-23T07:46:44+0200,442f0342-0040-4db4-ac3f-85a7f822bcbf,2026-08-08T21:45:00Z,2026-08-08T23:45:00+0200,105.49,EUR/MWh,DK1,DK_1,imbalance_price,Short,2026-08-23T05:51:55Z
2026-08-23T05:46:44Z,2026-08-23T07:46:44+0200,442f0342-0040-4db4-ac3f-85a7f822bcbf,2026-08-08T22:00:00Z,2026-08-09T00:00:00+0200,105.5,EUR/MWh,DK1,DK_1,imbalance_price,Long,2026-08-23T05:51:55Z
2026-08-23T05:46:44Z,2026-08-23T07:46:44+0200,442f0342-0040-4db4-ac3f-85a7f822bcbf,2026-08-08T22:00:00Z,2026-08-09T00:00:00+0200,105.5,EUR/MWh,DK1,DK_1,imbalance_price,Short,2026-08-23T05:51:55Z
2026-08-23T05:46:44Z,2026-08-23T07:46:44+0200,442f0342-0040-4db4-ac3f-85a7f822bcbf,2026-08-08T22:15:00Z,2026-08-09T00:15:00+0200,105.5,EUR/MWh,DK1,DK_1,imbalance_price,Long,2026-08-23T05:51:55Z
2026-08-23T05:46:44Z,2026-08-23T07:46:44+0200,442f0342-0040-4db4-ac3f-85a7f822bcbf,2026-08-08T22:15:00Z,2026-08-09T00:15:00+0200,105.5,EUR/MWh,DK1,DK_1,imbalance_price,Short,2026-08-23T05:51:55Z
2026-08-23T05:46:44Z,2026-08-23T07:46:44+0200,442f0342-0040-4db4-ac3f-85a7f822bcbf,2026-08-08T22:30:00Z,2026-08-09T00:30:00+0200,143.81,EUR/MWh,DK1,DK_1,imbalance_price,Long,2026-08-23T05:51:55Z
2026-08-23T05:46:44Z,2026-08-23T07:46:44+0200,442f0342-0040-4db4-ac3f-85a7f822bcbf,2026-08-08T22:30:00Z,2026-08-09T00:30:00+0200,143.81,EUR/MWh,DK1,DK_1,imbalance_price,Short,2026-08-23T05:51:55Z
2026-08-23T05:46:44Z,2026-08-23T07:46:44+0200,442f0342-0040-4db4-ac3f-85a7f822bcbf,2026-08-08T22:45:00Z,2026-08-09T00:45:00+0200,134.14,EUR/MWh,DK1,DK_1,imbalance_price,Long,2026-08-23T05:51:55Z
2026-08-23T05:46:44Z,2026-08-23T07:46:44+0200,442f0342-0040-4db4-ac3f-85a7f822bcbf,2026-08-08T22:45:00Z,2026-08-09T00:45:00+0200,134.14,EUR/MWh,DK1,DK_1,imbalance_price,Short,2026-08-23T05:51:55Z
2026-08-23T05:46:44Z,2026-08-23T07:46:44+0200,442f0342-0040-4db4-ac3f-85a7f822bcbf,2026-08-08T23:00:00Z,2026-08-09T01:00:00+0200,139.99,EUR/MWh,DK1,DK_1,imbalance_price,Long,2026-08-23T05:51:55Z
2026-08-23T05:46:44Z,2026-08-23T07:46:44+0200,442f0342-0040-4db4-ac3f-85a7f822bcbf,2026-08-08T23:00:00Z,2026-08-09T01:00:00+0200,139.99,EUR/MWh,DK1,DK_1,imbalance_price,Short,2026-08-23T05:51:55Z
2026-08-23T05:46:44Z,2026-08-23T07:46:44+0200,442f0342-0040-4db4-ac3f-85a7f822bcbf,2026-08-08T23:15:00Z,2026-08-09T01:15:00+0200,140.12,EUR/MWh,DK1,DK_1,imbalance_price,Long,2026-08-23T05:51:55Z
2026-08-23T05:46:44Z,2026-08-23T07:46:44+0200,442f0342-0040-4db4-ac3f-85a7f822bcbf,2026-08-08T23:15:00Z,2026-08-09T01:15:00+0200,140.12,EUR/MWh,DK1,DK_1,imbalance_price,Short,2026-08-23T05:51:55Z
2026-08-23T05:46:44Z,2026-08-23T07:46:44+0200,442f0342-0040-4db4-ac3f-85a7f822bcbf,2026-08-08T23:30:00Z,2026-08-09T01:30:00+0200,141.23,EUR/MWh,DK1,DK_1,imbalance_price,Long,2026-08-23T05:51:55Z
2026-08-23T05:46:44Z,2026-08-23T07:46:44+0200,442f0342-0040-4db4-ac3f-85a7f822bcbf,2026-08-08T23:30:00Z,2026-08-09T01:30:00+0200,141.23,EUR/MWh,DK1,DK_1,imbalance_price,Short,2026-08-23T05:51:55Z
2026-08-23T05:46:44Z,2026-08-23T07:46:44+0200,442f0342-0040-4db4-ac3f-85a7f822bcbf,2026-08-08T23:45:00Z,2026-08-09T01:45:00+0200,136.04,EUR/MWh,DK1,DK_1,imbalance_price,Long,2026-08-23T05:51:55Z
2026-08-23T05:46:44Z,2026-08-23T07:46:44+0200,442f0342-0040-4db4-ac3f-85a7f822bcbf,2026-08-08T23:45:00Z,2026-08-09T01:45:00+0200,136.04,EUR/MWh,DK1,DK_1,imbalance_price,Short,2026-08-23T05:51:55Z
2026-08-23T05:46:44Z,2026-08-23T07:46:44+0200,442f0342-0040-4db4-ac3f-85a7f822bcbf,2026-08-09T00:00:00Z,2026-08-09T02:00:00+0200,141.06,EUR/MWh,DK1,DK_1,imbalance_price,Long,2026-08-23T05:51:55Z
2026-08-23T05:46:44Z,2026-08-23T07:46:44+0200,442f0342-0040-4db4-ac3f-85a7f822bcbf,2026-08-09T00:00:00Z,2026-08-09T02:00:00+0200,141.06,EUR/MWh,DK1,DK_1,imbalance_price,Short,2026-08-23T05:51:55Z
2026-08-23T05:46:44Z,2026-08-23T07:46:44+0200,442f0342-0040-4db4-ac3f-85a7f822bcbf,2026-08-09T00:15:00Z,2026-08-09T02:15:00+0200,136.28,EUR/MWh,DK1,DK_1,imbalance_price,Long,2026-08-23T05:51:55Z
2026-08-23T05:46:44Z,2026-08-23T07:46:44+0200,442f0342-0040-4db4-ac3f-85a7f822bcbf,2026-08-09T00:15:00Z,2026-08-09T02:15:00+0200,136.28,EUR/MWh,DK1,DK_1,imbalance_price,Short,2026-08-23T05:51:55Z
2026-08-23T05:46:44Z,2026-08-23T07:46:44+0200,442f0342-0040-4db4-ac3f-85a7f822bcbf,2026-08-09T00:30:00Z,2026-08-09T02:30:00+0200,135.19,EUR/MWh,DK1,DK_1,imbalance_price,Long,2026-08-23T05:51:55Z
2026-08-23T05:46:44Z,2026-08-23T07:46:44+0200,442f0342-0040-4db4-ac3f-85a7f822bcbf,2026-08-09T00:30:00Z,2026-08-09T02:30:00+0200,135.19,EUR/MWh,DK1,DK_1,imbalance_price,Short,2026-08-23T05:51:55Z
2026-08-23T05:46:44Z,2026-08-23T07:46:44+0200,442f0342-0040-4db4-ac3f-85a7f822bcbf,2026-08-09T00:45:00Z,2026-08-09T02:45:00+0200,91.17,EUR/MWh,DK1,DK_1,imbalance_price,Long,2026-08-23T05:51:55Z
2026-08-23T05:46:44Z,2026-08-23T07:46:44+0200,442f0342-0040-4db4-ac3f-85a7f822bcbf,2026-08-09T00:45:00Z,2026-08-09T02:45:00+0200,91.17,EUR/MWh,DK1,DK_1,imbalance_price,Short,2026-08-23T05:51:55Z
2026-08-23T05:46:44Z,2026-08-23T07:46:44+0200,442f0342-0040-4db4-ac3f-85a7f822bcbf,2026-08-09T01:00:00Z,2026-08-09T03:00:00+0200,91.17,EUR/MWh,DK1,DK_1,imbalance_price,Long,2026-08-23T05:51:55Z
2026-08-23T05:46:44Z,2026-08-23T07:46:44+0200,442f0342-0040-4db4-ac3f-85a7f822bcbf,2026-08-09T01:00:00Z,2026-08-09T03:00:00+0200,91.17,EUR/MWh,DK1,DK_1,imbalance_price,Short,2026-08-23T05:51:55Z
2026-08-23T05:46:44Z,2026-08-23T07:46:44+0200,442f0342-0040-4db4-ac3f-85a7f822bcbf,2026-08-09T01:15:00Z,2026-08-09T03:15:00+0200,134.87,EUR/MWh,DK1,DK_1,imbalance_price,Long,2026-08-23T05:51:55Z
2026-08-23T05:46:44Z,2026-08-23T07:46:44+0200,442f0342-0040-4db4-ac3f-85a7f822bcbf,2026-08-09T01:15:00Z,2026-08-09T03:15:00+0200,134.87,EUR/MWh,DK1,DK_1,imbalance_price,Short,2026-08-23T05:51:55Z
2026-08-23T05:46:44Z,2026-08-23T07:46:44+0200,442f0342-0040-4db4-ac3f-85a7f822bcbf,2026-08-09T01:30:00Z,2026-08-09T03:30:00+0200,133.57,EUR/MWh,DK1,DK_1,imbalance_price,Long,2026-08-23T05:51:55Z
2026-08-23T05:46:44Z,2026-08-23T07:46:44+0200,442f0342-0040-4db4-ac3f-85a7f822bcbf,2026-08-09T01:30:00Z,2026-08-09T03:30:00+0200,133.57,EUR/MWh,DK1,DK_1,imbalance_price,Short,2026-08-23T05:51:55Z
2026-08-23T05:46:44Z,2026-08-23T07:46:44+0200,442f0342-0040-4db4-ac3f-85a7f822bcbf,2026-08-09T01:45:00Z,2026-08-09T03:45:00+0200,132.35,EUR/MWh,DK1,DK_1,imbalance_price,Long,2026-08-23T05:51:55Z
2026-08-23T05:46:44Z,2026-08-23T07:46:44+0200,442f0342-0040-4db4-ac3f-85a7f822bcbf,2026-08-09T01:45:00Z,2026-08-09T03:45:00+0200,132.35,EUR/MWh,DK1,DK_1,imbalance_price,Short,2026-08-23T05:51:55Z
2026-08-23T05:46:44Z,2026-08-23T07:46:44+0200,442f0342-0040-4db4-ac3f-85a7f822bcbf,2026-08-09T02:00:00Z,2026-08-09T04:00:00+0200,334.5,EUR/MWh,DK1,DK_1,imbalance_price,Long,2026-08-23T05:51:55Z
2026-08-23T05:46:44Z,2026-08-23T07:46:44+0200,442f0342-0040-4db4-ac3f-85a7f822bcbf,2026-08-09T02:00:00Z,2026-08-09T04:00:00+0200,334.5,EUR/MWh,DK1,DK_1,imbalance_price,Short,2026-08-23T05:51:55Z
2026-08-23T05:46:44Z,2026-08-23T07:46:44+0200,442f0342-0040-4db4-ac3f-85a7f822bcbf,2026-08-09T02:15:00Z,2026-08-09T04:15:00+0200,401.4,EUR/MWh,DK1,DK_1,imbalance_price,Long,2026-08-23T05:51:55Z
2026-08-23T05:46:44Z,2026-08-23T07:46:44+0200,442f0342-0040-4db4-ac3f-85a7f822bcbf,2026-08-09T02:15:00Z,2026-08-09T04:15:00+0200,401.4,EUR/MWh,DK1,DK_1,imbalance_price,Short,2026-08-23T05:51:55Z
2026-08-23T05:46:44Z,2026-08-23T07:46:44+0200,442f0342-0040-4db4-ac3f-85a7f822bcbf,2026-08-09T02:30:00Z,2026-08-09T04:30:00+0200,334.44,EUR/MWh,DK1,DK_1,imbalance_price,Long,2026-08-23T05:51:55Z
2026-08-23T05:46:44Z,2026-08-23T07:46:44+0200,442f0342-0040-4db4-ac3f-85a7f822bcbf,2026-08-09T02:30:00Z,2026-08-09T04:30:00+0200,334.44,EUR/MWh,DK1,DK_1,imbalance_price,Short,2026-08-23T05:51:55Z
2026-08-23T05:46:44Z,2026-08-23T07:46:44+0200,442f0342-0040-4db4-ac3f-85a7f822bcbf,2026-08-09T02:45:00Z,2026-08-09T04:45:00+0200,334.44,EUR/MWh,DK1,DK_1,imbalance_price,Long,2026-08-23T05:51:55Z
2026-08-23T05:46:44Z,2026-08-23T07:46:44+0200,442f0342-0040-4db4-ac3f-85a7f822bcbf,2026-08-09T02:45:00Z,2026-08-09T04:45:00+0200,334.44,EUR/MWh,DK1,DK_1,imbalance_price,Short,2026-08-23T05:51:55Z
2026-08-23T05:46:44Z,2026-08-23T07:46:44+0200,442f0342-0040-4db4-ac3f-85a7f822bcbf,2026-08-09T03:00:00Z,2026-08-09T05:00:00+0200,136.99,EUR/MWh,DK1,DK_1,imbalance_price,Long,2026-08-23T05:51:55Z
2026-08-23T05:46:44Z,2026-08-23T07:46:44+0200,442f0342-0040-4db4-ac3f-85a7f822bcbf,2026-08-09T03:00:00Z,2026-08-09T05:00:00+0200,136.99,EUR/MWh,DK1,DK_1,imbalance_price,Short,2026-08-23T05:51:55Z
2026-08-23T05:46:44Z,2026-08-23T07:46:44+0200,442f0342-0040-4db4-ac3f-85a7f822bcbf,2026-08-09T03:15:00Z,2026-08-09T05:15:00+0200,334.44,EUR/MWh,DK1,DK_1,imbalance_price,Long,2026-08-23T05:51:55Z
2026-08-23T05:46:44Z,2026-08-23T07:46:44+0200,442f0342-0040-4db4-ac3f-85a7f822bcbf,2026-08-09T03:15:00Z,2026-08-09T05:15:00+0200,334.44,EUR/MWh,DK1,DK_1,imbalance_price,Short,2026-08-23T05:51:55Z
2026-08-23T05:46:44Z,2026-08-23T07:46:44+0200,442f0342-0040-4db4-ac3f-85a7f822bcbf,2026-08-09T03:30:00Z,2026-08-09T05:30:00+0200,135.7,EUR/MWh,DK1,DK_1,imbalance_price,Long,2026-08-23T05:51:55Z
2026-08-23T05:46:44Z,2026-08-23T07:46:44+0200,442f0342-0040-4db4-ac3f-85a7f822bcbf,2026-08-09T03:30:00Z,2026-08-09T05:30:00+0200,135.7,EUR/MWh,DK1,DK_1,imbalance_price,Short,2026-08-23T05:51:55Z
2026-08-23T05:46:44Z,2026-08-23T07:46:44+0200,442f0342-0040-4db4-ac3f-85a7f822bcbf,2026-08-09T03:45:00Z,2026-08-09T05:45:00+0200,132.32,EUR/MWh,DK1,DK_1,imbalance_price,Long,2026-08-23T05:51:55Z
2026-08-23T05:46:44Z,2026-08-23T07:46:44+0200,442f0342-0040-4db4-ac3f-85a7f822bcbf,2026-08-09T03:45:00Z,2026-08-09T05:45:00+0200,132.32,EUR/MWh,DK1,DK_1,imbalance_price,Short,2026-08-23T05:51:55Z
2026-08-23T05:46:44Z,2026-08-23T07:46:44+0200,442f0342-0040-4db4-ac3f-85a7f822bcbf,2026-08-09T04:00:00Z,2026-08-09T06:00:00+0200,80.0,EUR/MWh,DK1,DK_1,imbalance_price,Long,2026-08-23T05:51:55Z
2026-08-23T05:46:44Z,2026-08-23T07:46:44+0200,442f0342-0040-4db4-ac3f-85a7f822bcbf,2026-08-09T04:00:00Z,2026-08-09T06:00:00+0200,80.0,EUR/MWh,DK1,DK_1,imbalance_price,Short,2026-08-23T05:51:55Z
2026-08-23T05:46:44Z,2026-08-23T07:46:44+0200,442f0342-0040-4db4-ac3f-85a7f822bcbf,2026-08-09T04:15:00Z,2026-08-09T06:15:00+0200,85.46,EUR/MWh,DK1,DK_1,imbalance_price,Long,2026-08-23T05:51:55Z
2026-08-23T05:46:44Z,2026-08-23T07:46:44+0200,442f0342-0040-4db4-ac3f-85a7f822bcbf,2026-08-09T04:15:00Z,2026-08-09T06:15:00+0200,85.46,EUR/MWh,DK1,DK_1,imbalance_price,Short,2026-08-23T05:51:55Z
2026-08-23T05:46:44Z,2026-08-23T07:46:44+0200,442f0342-0040-4db4-ac3f-85a7f822bcbf,2026-08-09T04:30:00Z,2026-08-09T06:30:00+0200,80.0,EUR/MWh,DK1,DK_1,imbalance_price,Long,2026-08-23T05:51:55Z
2026-08-23T05:46:44Z,2026-08-23T07:46:44+0200,442f0342-0040-4db4-ac3f-85a7f822bcbf,2026-08-09T04:30:00Z,2026-08-09T06:30:00+0200,80.0,EUR/MWh,DK1,DK_1,imbalance_price,Short,2026-08-23T05:51:55Z
2026-08-23T05:46:44Z,2026-08-23T07:46:44+0200,442f0342-0040-4db4-ac3f-85a7f822bcbf,2026-08-09T04:45:00Z,2026-08-09T06:45:00+0200,85.17,EUR/MWh,DK1,DK_1,imbalance_price,Long,2026-08-23T05:51:55Z
2026-08-23T05:46:44Z,2026-08-23T07:46:44+0200,442f0342-0040-4db4-ac3f-85a7f822bcbf,2026-08-09T04:45:00Z,2026-08-09T06:45:00+0200,85.17,EUR/MWh,DK1,DK_1,imbalance_price,Short,2026-08-23T05:51:55Z
2026-08-23T05:46:44Z,2026-08-23T07:46:44+0200,442f0342-0040-4db4-ac3f-85a7f822bcbf,2026-08-09T05:00:00Z,2026-08-09T07:00:00+0200,133.27,EUR/MWh,DK1,DK_1,imbalance_price,Long,2026-08-23T05:51:55Z
2026-08-23T05:46:44Z,2026-08-23T07:46:44+0200,442f0342-0040-4db4-ac3f-85a7f822bcbf,2026-08-09T05:00:00Z,2026-08-09T07:00:00+0200,133.27,EUR/MWh,DK1,DK_1,imbalance_price,Short,2026-08-23T05:51:55Z
2026-08-23T05:46:44Z,2026-08-23T07:46:44+0200,442f0342-0040-4db4-ac3f-85a7f822bcbf,2026-08-09T05:15:00Z,2026-08-09T07:15:00+0200,123.65,EUR/MWh,DK1,DK_1,imbalance_price,Long,2026-08-23T05:51:55Z
2026-08-23T05:46:44Z,2026-08-23T07:46:44+0200,442f0342-0040-4db4-ac3f-85a7f822bcbf,2026-08-09T05:15:00Z,2026-08-09T07:15:00+0200,123.65,EUR/MWh,DK1,DK_1,imbalance_price,Short,2026-08-23T05:51:55Z
2026-08-23T05:46:44Z,2026-08-23T07:46:44+0200,442f0342-0040-4db4-ac3f-85a7f822bcbf,2026-08-09T05:30:00Z,2026-08-09T07:30:00+0200,185.67,EUR/MWh,DK1,DK_1,imbalance_price,Long,2026-08-23T05:51:55Z
2026-08-23T05:46:44Z,2026-08-23T07:46:44+0200,442f0342-0040-4db4-ac3f-85a7f822bcbf,2026-08-09T05:30:00Z,2026-08-09T07:30:00+0200,185.67,EUR/MWh,DK1,DK_1,imbalance_price,Short,2026-08-23T05:51:55Z
2026-08-23T05:46:44Z,2026-08-23T07:46:44+0200,442f0342-0040-4db4-ac3f-85a7f822bcbf,2026-08-09T05:45:00Z,2026-08-09T07:45:00+0200,175.0,EUR/MWh,DK1,DK_1,imbalance_price,Long,2026-08-23T05:51:55Z
2026-08-23T05:46:44Z,2026-08-23T07:46:44+0200,442f0342-0040-4db4-ac3f-85a7f822bcbf,2026-08-09T05:45:00Z,2026-08-09T07:45:00+0200,175.0,EUR/MWh,DK1,DK_1,imbalance_price,Short,2026-08-23T05:51:55Z
2026-08-23T05:46:44Z,2026-08-23T07:46:44+0200,442f0342-0040-4db4-ac3f-85a7f822bcbf,2026-08-09T06:00:00Z,2026-08-09T08:00:00+0200,334.44,EUR/MWh,DK1,DK_1,imbalance_price,Long,2026-08-23T05:51:55Z
2026-08-23T05:46:44Z,2026-08-23T07:46:44+0200,442f0342-0040-4db4-ac3f-85a7f822bcbf,2026-08-09T06:00:00Z,2026-08-09T08:00:00+0200,334.44,EUR/MWh,DK1,DK_1,imbalance_price,Short,2026-08-23T05:51:55Z
2026-08-23T05:46:44Z,2026-08-23T07:46:44+0200,442f0342-0040-4db4-ac3f-85a7f822bcbf,2026-08-09T06:15:00Z,2026-08-09T08:15:00+0200,106.41,EUR/MWh,DK1,DK_1,imbalance_price,Long,2026-08-23T05:51:55Z
2026-08-23T05:46:44Z,2026-08-23T07:46:44+0200,442f0342-0040-4db4-ac3f-85a7f822bcbf,2026-08-09T06:15:00Z,2026-08-09T08:15:00+0200,106.41,EUR/MWh,DK1,DK_1,imbalance_price,Short,2026-08-23T05:51:55Z
2026-08-23T05:46:44Z,2026-08-23T07:46:44+0200,442f0342-0040-4db4-ac3f-85a7f822bcbf,2026-08-09T06:30:00Z,2026-08-09T08:30:00+0200,8.5,EUR/MWh,DK1,DK_1,imbalance_price,Long,2026-08-23T05:51:55Z
2026-08-23T05:46:44Z,2026-08-23T07:46:44+0200,442f0342-0040-4db4-ac3f-85a7f822bcbf,2026-08-09T06:30:00Z,2026-08-09T08:30:00+0200,8.5,EUR/MWh,DK1,DK_1,imbalance_price,Short,2026-08-23T05:51:55Z
2026-08-23T05:46:44Z,2026-08-23T07:46:44+0200,442f0342-0040-4db4-ac3f-85a7f822bcbf,2026-08-09T06:45:00Z,2026-08-09T08:45:00+0200,10.84,EUR/MWh,DK1,DK_1,imbalance_price,Long,2026-08-23T05:51:55Z
2026-08-23T05:46:44Z,2026-08-23T07:46:44+0200,442f0342-0040-4db4-ac3f-85a7f822bcbf,2026-08-09T06:45:00Z,2026-08-09T08:45:00+0200,10.84,EUR/MWh,DK1,DK_1,imbalance_price,Short,2026-08-23T05:51:55Z
2026-08-23T05:46:44Z,2026-08-23T07:46:44+0200,442f0342-0040-4db4-ac3f-85a7f822bcbf,2026-08-09T07:00:00Z,2026-08-09T09:00:00+0200,9.35,EUR/MWh,DK1,DK_1,imbalance_price,Long,2026-08-23T05:51:55Z
2026-08-23T05:46:44Z,2026-08-23T07:46:44+0200,442f0342-0040-4db4-ac3f-85a7f822bcbf,2026-08-09T07:00:00Z,2026-08-09T09:00:00+0200,9.35,EUR/MWh,DK1,DK_1,imbalance_price,Short,2026-08-23T05:51:55Z
2026-08-23T05:46:44Z,2026-08-23T07:46:44+0200,442f0342-0040-4db4-ac3f-85a7f822bcbf,2026-08-09T07:15:00Z,2026-08-09T09:15:00+0200,-10.11,EUR/MWh,DK1,DK_1,imbalance_price,Long,2026-08-23T05:51:55Z
2026-08-23T05:46:44Z,2026-08-23T07:46:44+0200,442f0342-0040-4db4-ac3f-85a7f822bcbf,2026-08-09T07:15:00Z,2026-08-09T09:15:00+0200,-10.11,EUR/MWh,DK1,DK_1,imbalance_price,Short,2026-08-23T05:51:55Z
2026-08-23T05:46:44Z,2026-08-23T07:46:44+0200,442f0342-0040-4db4-ac3f-85a7f822bcbf,2026-08-09T07:30:00Z,2026-08-09T09:30:00+0200,-7.69,EUR/MWh,DK1,DK_1,imbalance_price,Long,2026-08-23T05:51:55Z
2026-08-23T05:46:44Z,2026-08-23T07:46:44+0200,442f0342-0040-4db4-ac3f-85a7f822bcbf,2026-08-09T07:30:00Z,2026-08-09T09:30:00+0200,-7.69,EUR/MWh,DK1,DK_1,imbalance_price,Short,2026-08-23T05:51:55Z
2026-08-23T05:46:44Z,2026-08-23T07:46:44+0200,442f0342-0040-4db4-ac3f-85a7f822bcbf,2026-08-09T07:45:00Z,2026-08-09T09:45:00+0200,-4.43,EUR/MWh,DK1,DK_1,imbalance_price,Long,2026-08-23T05:51:55Z
2026-08-23T05:46:44Z,2026-08-23T07:46:44+0200,442f0342-0040-4db4-ac3f-85a7f822bcbf,2026-08-09T07:45:00Z,2026-08-09T09:45:00+0200,-4.43,EUR/MWh,DK1,DK_1,imbalance_price,Short,2026-08-23T05:51:55Z
2026-08-23T05:46:44Z,2026-08-23T07:46:44+0200,442f0342-0040-4db4-ac3f-85a7f822bcbf,2026-08-09T08:00:00Z,2026-08-09T10:00:00+0200,-6.26,EUR/MWh,DK1,DK_1,imbalance_price,Long,2026-08-23T05:51:55Z
2026-08-23T05:46:44Z,2026-08-23T07:46:44+0200,442f0342-0040-4db4-ac3f-85a7f822bcbf,2026-08-09T08:00:00Z,2026-08-09T10:00:00+0200,-6.26,EUR/MWh,DK1,DK_1,imbalance_price,Short,2026-08-23T05:51:55Z
2026-08-23T05:46:44Z,2026-08-23T07:46:44+0200,442f0342-0040-4db4-ac3f-85a7f822bcbf,2026-08-09T08:15:00Z,2026-08-09T10:15:00+0200,-8.93,EUR/MWh,DK1,DK_1,imbalance_price,Long,2026-08-23T05:51:55Z
2026-08-23T05:46:44Z,2026-08-23T07:46:44+0200,442f0342-0040-4db4-ac3f-85a7f822bcbf,2026-08-09T08:15:00Z,2026-08-09T10:15:00+0200,-8.93,EUR/MWh,DK1,DK_1,imbalance_price,Short,2026-08-23T05:51:55Z
2026-08-23T05:46:44Z,2026-08-23T07:46:44+0200,442f0342-0040-4db4-ac3f-85a7f822bcbf,2026-08-09T08:30:00Z,2026-08-09T10:30:00+0200,-6.45,EUR/MWh,DK1,DK_1,imbalance_price,Long,2026-08-23T05:51:55Z
2026-08-23T05:46:44Z,2026-08-23T07:46:44+0200,442f0342-0040-4db4-ac3f-85a7f822bcbf,2026-08-09T08:30:00Z,2026-08-09T10:30:00+0200,-6.45,EUR/MWh,DK1,DK_1,imbalance_price,Short,2026-08-23T05:51:55Z
2026-08-23T05:46:44Z,2026-08-23T07:46:44+0200,442f0342-0040-4db4-ac3f-85a7f822bcbf,2026-08-09T08:45:00Z,2026-08-09T10:45:00+0200,-6.69,EUR/MWh,DK1,DK_1,imbalance_price,Long,2026-08-23T05:51:55Z
2026-08-23T05:46:44Z,2026-08-23T07:46:44+0200,442f0342-0040-4db4-ac3f-85a7f822bcbf,2026-08-09T08:45:00Z,2026-08-09T10:45:00+0200,-6.69,EUR/MWh,DK1,DK_1,imbalance_price,Short,2026-08-23T05:51:55Z
2026-08-23T05:46:44Z,2026-08-23T07:46:44+0200,442f0342-0040-4db4-ac3f-85a7f822bcbf,2026-08-09T09:00:00Z,2026-08-09T11:00:00+0200,-6.69,EUR/MWh,DK1,DK_1,imbalance_price,Long,2026-08-23T05:51:55Z
2026-08-23T05:46:44Z,2026-08-23T07:46:44+0200,442f0342-0040-4db4-ac3f-85a7f822bcbf,2026-08-09T09:00:00Z,2026-08-09T11:00:00+0200,-6.69,EUR/MWh,DK1,DK_1,imbalance_price,Short,2026-08-23T05:51:55Z
2026-08-23T05:46:44Z,2026-08-23T07:46:44+0200,442f0342-0040-4db4-ac3f-85a7f822bcbf,2026-08-09T09:15:00Z,2026-08-09T11:15:00+0200,-6.69,EUR/MWh,DK1,DK_1,imbalance_price,Long,2026-08-23T05:51:55Z
2026-08-23T05:46:44Z,2026-08-23T07:46:44+0200,442f0342-0040-4db4-ac3f-85a7f822bcbf,2026-08-09T09:15:00Z,2026-08-09T11:15:00+0200,-6.69,EUR/MWh,DK1,DK_1,imbalance_price,Short,2026-08-23T05:51:55Z
2026-08-23T05:46:44Z,2026-08-23T07:46:44+0200,442f0342-0040-4db4-ac3f-85a7f822bcbf,2026-08-09T09:30:00Z,2026-08-09T11:30:00+0200,-6.69,EUR/MWh,DK1,DK_1,imbalance_price,Long,2026-08-23T05:51:55Z
2026-08-23T05:46:44Z,2026-08-23T07:46:44+0200,442f0342-0040-4db4-ac3f-85a7f822bcbf,2026-08-09T09:30:00Z,2026-08-09T11:30:00+0200,-6.69,EUR/MWh,DK1,DK_1,imbalance_price,Short,2026-08-23T05:51:55Z
2026-08-23T05:46:44Z,2026-08-23T07:46:44+0200,442f0342-0040-4db4-ac3f-85a7f822bcbf,2026-08-09T09:45:00Z,2026-08-09T11:45:00+0200,-6.69,EUR/MWh,DK1,DK_1,imbalance_price,Long,2026-08-23T05:51:55Z
2026-08-23T05:46:44Z,2026-08-23T07:46:44+0200,442f0342-0040-4db4-ac3f-85a7f822bcbf,2026-08-09T09:45:00Z,2026-08-09T11:45:00+0200,-6.69,EUR/MWh,DK1,DK_1,imbalance_price,Short,2026-08-23T05:51:55Z
2026-08-23T05:46:44Z,2026-08-23T07:46:44+0200,442f0342-0040-4db4-ac3f-85a7f822bcbf,2026-08-09T10:00:00Z,2026-08-09T12:00:00+0200,-8.96,EUR/MWh,DK1,DK_1,imbalance_price,Long,2026-08-23T05:51:55Z
2026-08-23T05:46:44Z,2026-08-23T07:46:44+0200,442f0342-0040-4db4-ac3f-85a7f822bcbf,2026-08-09T10:00:00Z,2026-08-09T12:00:00+0200,-8.96,EUR/MWh,DK1,DK_1,imbalance_price,Short,2026-08-23T05:51:55Z
2026-08-23T05:46:44Z,2026-08-23T07:46:44+0200,442f0342-0040-4db4-ac3f-85a7f822bcbf,2026-08-09T10:15:00Z,2026-08-09T12:15:00+0200,-8.21,EUR/MWh,DK1,DK_1,imbalance_price,Long,2026-08-23T05:51:55Z
2026-08-23T05:46:44Z,2026-08-23T07:46:44+0200,442f0342-0040-4db4-ac3f-85a7f822bcbf,2026-08-09T10:15:00Z,2026-08-09T12:15:00+0200,-8.21,EUR/MWh,DK1,DK_1,imbalance_price,Short,2026-08-23T05:51:55Z
2026-08-23T05:46:44Z,2026-08-23T07:46:44+0200,442f0342-0040-4db4-ac3f-85a7f822bcbf,2026-08-09T10:30:00Z,2026-08-09T12:30:00+0200,-17.5,EUR/MWh,DK1,DK_1,imbalance_price,Long,2026-08-23T05:51:55Z
2026-08-23T05:46:44Z,2026-08-23T07:46:44+0200,442f0342-0040-4db4-ac3f-85a7f822bcbf,2026-08-09T10:30:00Z,2026-08-09T12:30:00+0200,-17.5,EUR/MWh,DK1,DK_1,imbalance_price,Short,2026-08-23T05:51:55Z
2026-08-23T05:46:44Z,2026-08-23T07:46:44+0200,442f0342-0040-4db4-ac3f-85a7f822bcbf,2026-08-09T10:45:00Z,2026-08-09T12:45:00+0200,-11.5,EUR/MWh,DK1,DK_1,imbalance_price,Long,2026-08-23T05:51:55Z
2026-08-23T05:46:44Z,2026-08-23T07:46:44+0200,442f0342-0040-4db4-ac3f-85a7f822bcbf,2026-08-09T10:45:00Z,2026-08-09T12:45:00+0200,-11.5,EUR/MWh,DK1,DK_1,imbalance_price,Short,2026-08-23T05:51:55Z
2026-08-23T05:46:44Z,2026-08-23T07:46:44+0200,442f0342-0040-4db4-ac3f-85a7f822bcbf,2026-08-09T11:00:00Z,2026-08-09T13:00:00+0200,-10.63,EUR/MWh,DK1,DK_1,imbalance_price,Long,2026-08-23T05:51:55Z
2026-08-23T05:46:44Z,2026-08-23T07:46:44+0200,442f0342-0040-4db4-ac3f-85a7f822bcbf,2026-08-09T11:00:00Z,2026-08-09T13:00:00+0200,-10.63,EUR/MWh,DK1,DK_1,imbalance_price,Short,2026-08-23T05:51:55Z
2026-08-23T05:46:44Z,2026-08-23T07:46:44+0200,442f0342-0040-4db4-ac3f-85a7f822bcbf,2026-08-09T11:15:00Z,2026-08-09T13:15:00+0200,0.0,EUR/MWh,DK1,DK_1,imbalance_price,Long,2026-08-23T05:51:55Z
2026-08-23T05:46:44Z,2026-08-23T07:46:44+0200,442f0342-0040-4db4-ac3f-85a7f822bcbf,2026-08-09T11:15:00Z,2026-08-09T13:15:00+0200,0.0,EUR/MWh,DK1,DK_1,imbalance_price,Short,2026-08-23T05:51:55Z
2026-08-23T05:46:44Z,2026-08-23T07:46:44+0200,442f0342-0040-4db4-ac3f-85a7f822bcbf,2026-08-09T11:30:00Z,2026-08-09T13:30:00+0200,-3.0,EUR/MWh,DK1,DK_1,imbalance_price,Long,2026-08-23T05:51:55Z
2026-08-23T05:46:44Z,2026-08-23T07:46:44+0200,442f0342-0040-4db4-ac3f-85a7f822bcbf,2026-08-09T11:30:00Z,2026-08-09T13:30:00+0200,-3.0,EUR/MWh,DK1,DK_1,imbalance_price,Short,2026-08-23T05:51:55Z
2026-08-23T05:46:44Z,2026-08-23T07:46:44+0200,442f0342-0040-4db4-ac3f-85a7f822bcbf,2026-08-09T11:45:00Z,2026-08-09T13:45:00+0200,-6.21,EUR/MWh,DK1,DK_1,imbalance_price,Long,2026-08-23T05:51:55Z
2026-08-23T05:46:44Z,2026-08-23T07:46:44+0200,442f0342-0040-4db4-ac3f-85a7f822bcbf,2026-08-09T11:45:00Z,2026-08-09T13:45:00+0200,-6.21,EUR/MWh,DK1,DK_1,imbalance_price,Short,2026-08-23T05:51:55Z
2026-08-23T05:46:44Z,2026-08-23T07:46:44+0200,442f0342-0040-4db4-ac3f-85a7f822bcbf,2026-08-09T12:00:00Z,2026-08-09T14:00:00+0200,-9.63,EUR/MWh,DK1,DK_1,imbalance_price,Long,2026-08-23T05:51:55Z
2026-08-23T05:46:44Z,2026-08-23T07:46:44+0200,442f0342-0040-4db4-ac3f-85a7f822bcbf,2026-08-09T12:00:00Z,2026-08-09T14:00:00+0200,-9.63,EUR/MWh,DK1,DK_1,imbalance_price,Short,2026-08-23T05:51:55Z
2026-08-23T05:46:44Z,2026-08-23T07:46:44+0200,442f0342-0040-4db4-ac3f-85a7f822bcbf,2026-08-09T12:15:00Z,2026-08-09T14:15:00+0200,-2.09,EUR/MWh,DK1,DK_1,imbalance_price,Long,2026-08-23T05:51:55Z
2026-08-23T05:46:44Z,2026-08-23T07:46:44+0200,442f0342-0040-4db4-ac3f-85a7f822bcbf,2026-08-09T12:15:00Z,2026-08-09T14:15:00+0200,-2.09,EUR/MWh,DK1,DK_1,imbalance_price,Short,2026-08-23T05:51:55Z
2026-08-23T05:46:44Z,2026-08-23T07:46:44+0200,442f0342-0040-4db4-ac3f-85a7f822bcbf,2026-08-09T12:30:00Z,2026-08-09T14:30:00+0200,17.86,EUR/MWh,DK1,DK_1,imbalance_price,Long,2026-08-23T05:51:55Z
2026-08-23T05:46:44Z,2026-08-23T07:46:44+0200,442f0342-0040-4db4-ac3f-85a7f822bcbf,2026-08-09T12:30:00Z,2026-08-09T14:30:00+0200,17.86,EUR/MWh,DK1,DK_1,imbalance_price,Short,2026-08-23T05:51:55Z
2026-08-23T05:46:44Z,2026-08-23T07:46:44+0200,442f0342-0040-4db4-ac3f-85a7f822bcbf,2026-08-09T12:45:00Z,2026-08-09T14:45:00+0200,-6.0,EUR/MWh,DK1,DK_1,imbalance_price,Long,2026-08-23T05:51:55Z
2026-08-23T05:46:44Z,2026-08-23T07:46:44+0200,442f0342-0040-4db4-ac3f-85a7f822bcbf,2026-08-09T12:45:00Z,2026-08-09T14:45:00+0200,-6.0,EUR/MWh,DK1,DK_1,imbalance_price,Short,2026-08-23T05:51:55Z
2026-08-23T05:46:44Z,2026-08-23T07:46:44+0200,442f0342-0040-4db4-ac3f-85a7f822bcbf,2026-08-09T13:00:00Z,2026-08-09T15:00:00+0200,-17.01,EUR/MWh,DK1,DK_1,imbalance_price,Long,2026-08-23T05:51:55Z
2026-08-23T05:46:44Z,2026-08-23T07:46:44+0200,442f0342-0040-4db4-ac3f-85a7f822bcbf,2026-08-09T13:00:00Z,2026-08-09T15:00:00+0200,-17.01,EUR/MWh,DK1,DK_1,imbalance_price,Short,2026-08-23T05:51:55Z
2026-08-23T05:46:44Z,2026-08-23T07:46:44+0200,442f0342-0040-4db4-ac3f-85a7f822bcbf,2026-08-09T13:15:00Z,2026-08-09T15:15:00+0200,-0.97,EUR/MWh,DK1,DK_1,imbalance_price,Long,2026-08-23T05:51:55Z
2026-08-23T05:46:44Z,2026-08-23T07:46:44+0200,442f0342-0040-4db4-ac3f-85a7f822bcbf,2026-08-09T13:15:00Z,2026-08-09T15:15:00+0200,-0.97,EUR/MWh,DK1,DK_1,imbalance_price,Short,2026-08-23T05:51:55Z
2026-08-23T05:46:44Z,2026-08-23T07:46:44+0200,442f0342-0040-4db4-ac3f-85a7f822bcbf,2026-08-09T13:30:00Z,2026-08-09T15:30:00+0200,-0.01,EUR/MWh,DK1,DK_1,imbalance_price,Long,2026-08-23T05:51:55Z
2026-08-23T05:46:44Z,2026-08-23T07:46:44+0200,442f0342-0040-4db4-ac3f-85a7f822bcbf,2026-08-09T13:30:00Z,2026-08-09T15:30:00+0200,-0.01,EUR/MWh,DK1,DK_1,imbalance_price,Short,2026-08-23T05:51:55Z
2026-08-23T05:46:44Z,2026-08-23T07:46:44+0200,442f0342-0040-4db4-ac3f-85a7f822bcbf,2026-08-09T13:45:00Z,2026-08-09T15:45:00+0200,-0.01,EUR/MWh,DK1,DK_1,imbalance_price,Long,2026-08-23T05:51:55Z
2026-08-23T05:46:44Z,2026-08-23T07:46:44+0200,442f0342-0040-4db4-ac3f-85a7f822bcbf,2026-08-09T13:45:00Z,2026-08-09T15:45:00+0200,-0.01,EUR/MWh,DK1,DK_1,imbalance_price,Short,2026-08-23T05:51:55Z
2026-08-23T05:46:44Z,2026-08-23T07:46:44+0200,442f0342-0040-4db4-ac3f-85a7f822bcbf,2026-08-09T14:00:00Z,2026-08-09T16:00:00+0200,-6.33,EUR/MWh,DK1,DK_1,imbalance_price,Long,2026-08-23T05:51:55Z
2026-08-23T05:46:44Z,2026-08-23T07:46:44+0200,442f0342-0040-4db4-ac3f-85a7f822bcbf,2026-08-09T14:00:00Z,2026-08-09T16:00:00+0200,-6.33,EUR/MWh,DK1,DK_1,imbalance_price,Short,2026-08-23T05:51:55Z
2026-08-23T05:46:44Z,2026-08-23T07:46:44+0200,442f0342-0040-4db4-ac3f-85a7f822bcbf,2026-08-09T14:15:00Z,2026-08-09T16:15:00+0200,-19.03,EUR/MWh,DK1,DK_1,imbalance_price,Long,2026-08-23T05:51:55Z
2026-08-23T05:46:44Z,2026-08-23T07:46:44+0200,442f0342-0040-4db4-ac3f-85a7f822bcbf,2026-08-09T14:15:00Z,2026-08-09T16:15:00+0200,-19.03,EUR/MWh,DK1,DK_1,imbalance_price,Short,2026-08-23T05:51:55Z
2026-08-23T05:46:44Z,2026-08-23T07:46:44+0200,442f0342-0040-4db4-ac3f-85a7f822bcbf,2026-08-09T14:30:00Z,2026-08-09T16:30:00+0200,0.35,EUR/MWh,DK1,DK_1,imbalance_price,Long,2026-08-23T05:51:55Z
2026-08-23T05:46:44Z,2026-08-23T07:46:44+0200,442f0342-0040-4db4-ac3f-85a7f822bcbf,2026-08-09T14:30:00Z,2026-08-09T16:30:00+0200,0.35,EUR/MWh,DK1,DK_1,imbalance_price,Short,2026-08-23T05:51:55Z
2026-08-23T05:46:44Z,2026-08-23T07:46:44+0200,442f0342-0040-4db4-ac3f-85a7f822bcbf,2026-08-09T14:45:00Z,2026-08-09T16:45:00+0200,14.61,EUR/MWh,DK1,DK_1,imbalance_price,Long,2026-08-23T05:51:55Z
2026-08-23T05:46:44Z,2026-08-23T07:46:44+0200,442f0342-0040-4db4-ac3f-85a7f822bcbf,2026-08-09T14:45:00Z,2026-08-09T16:45:00+0200,14.61,EUR/MWh,DK1,DK_1,imbalance_price,Short,2026-08-23T05:51:55Z
2026-08-23T05:46:44Z,2026-08-23T07:46:44+0200,442f0342-0040-4db4-ac3f-85a7f822bcbf,2026-08-09T15:00:00Z,2026-08-09T17:00:00+0200,0.0,EUR/MWh,DK1,DK_1,imbalance_price,Long,2026-08-23T05:51:55Z
2026-08-23T05:46:44Z,2026-08-23T07:46:44+0200,442f0342-0040-4db4-ac3f-85a7f822bcbf,2026-08-09T15:00:00Z,2026-08-09T17:00:00+0200,0.0,EUR/MWh,DK1,DK_1,imbalance_price,Short,2026-08-23T05:51:55Z
2026-08-23T05:46:44Z,2026-08-23T07:46:44+0200,442f0342-0040-4db4-ac3f-85a7f822bcbf,2026-08-09T15:15:00Z,2026-08-09T17:15:00+0200,8.0,EUR/MWh,DK1,DK_1,imbalance_price,Long,2026-08-23T05:51:55Z
2026-08-23T05:46:44Z,2026-08-23T07:46:44+0200,442f0342-0040-4db4-ac3f-85a7f822bcbf,2026-08-09T15:15:00Z,2026-08-09T17:15:00+0200,8.0,EUR/MWh,DK1,DK_1,imbalance_price,Short,2026-08-23T05:51:55Z
2026-08-23T05:46:44Z,2026-08-23T07:46:44+0200,442f0342-0040-4db4-ac3f-85a7f822bcbf,2026-08-09T15:30:00Z,2026-08-09T17:30:00+0200,0.0,EUR/MWh,DK1,DK_1,imbalance_price,Long,2026-08-23T05:51:55Z
2026-08-23T05:46:44Z,2026-08-23T07:46:44+0200,442f0342-0040-4db4-ac3f-85a7f822bcbf,2026-08-09T15:30:00Z,2026-08-09T17:30:00+0200,0.0,EUR/MWh,DK1,DK_1,imbalance_price,Short,2026-08-23T05:51:55Z
2026-08-23T05:46:44Z,2026-08-23T07:46:44+0200,442f0342-0040-4db4-ac3f-85a7f822bcbf,2026-08-09T15:45:00Z,2026-08-09T17:45:00+0200,0.13,EUR/MWh,DK1,DK_1,imbalance_price,Long,2026-08-23T05:51:55Z
2026-08-23T05:46:44Z,2026-08-23T07:46:44+0200,442f0342-0040-4db4-ac3f-85a7f822bcbf,2026-08-09T15:45:00Z,2026-08-09T17:45:00+0200,0.13,EUR/MWh,DK1,DK_1,imbalance_price,Short,2026-08-23T05:51:55Z
2026-08-23T05:46:44Z,2026-08-23T07:46:44+0200,442f0342-0040-4db4-ac3f-85a7f822bcbf,2026-08-09T16:00:00Z,2026-08-09T18:00:00+0200,107.69,EUR/MWh,DK1,DK_1,imbalance_price,Long,2026-08-23T05:51:55Z
2026-08-23T05:46:44Z,2026-08-23T07:46:44+0200,442f0342-0040-4db4-ac3f-85a7f822bcbf,2026-08-09T16:00:00Z,2026-08-09T18:00:00+0200,107.69,EUR/MWh,DK1,DK_1,imbalance_price,Short,2026-08-23T05:51:55Z
2026-08-23T05:46:44Z,2026-08-23T07:46:44+0200,442f0342-0040-4db4-ac3f-85a7f822bcbf,2026-08-09T16:15:00Z,2026-08-09T18:15:00+0200,1.86,EUR/MWh,DK1,DK_1,imbalance_price,Long,2026-08-23T05:51:55Z
2026-08-23T05:46:44Z,2026-08-23T07:46:44+0200,442f0342-0040-4db4-ac3f-85a7f822bcbf,2026-08-09T16:15:00Z,2026-08-09T18:15:00+0200,1.86,EUR/MWh,DK1,DK_1,imbalance_price,Short,2026-08-23T05:51:55Z
2026-08-23T05:46:44Z,2026-08-23T07:46:44+0200,442f0342-0040-4db4-ac3f-85a7f822bcbf,2026-08-09T16:30:00Z,2026-08-09T18:30:00+0200,125.71,EUR/MWh,DK1,DK_1,imbalance_price,Long,2026-08-23T05:51:55Z
2026-08-23T05:46:44Z,2026-08-23T07:46:44+0200,442f0342-0040-4db4-ac3f-85a7f822bcbf,2026-08-09T16:30:00Z,2026-08-09T18:30:00+0200,125.71,EUR/MWh,DK1,DK_1,imbalance_price,Short,2026-08-23T05:51:55Z
2026-08-23T05:46:44Z,2026-08-23T07:46:44+0200,442f0342-0040-4db4-ac3f-85a7f822bcbf,2026-08-09T16:45:00Z,2026-08-09T18:45:00+0200,73.59,EUR/MWh,DK1,DK_1,imbalance_price,Long,2026-08-23T05:51:55Z
2026-08-23T05:46:44Z,2026-08-23T07:46:44+0200,442f0342-0040-4db4-ac3f-85a7f822bcbf,2026-08-09T16:45:00Z,2026-08-09T18:45:00+0200,73.59,EUR/MWh,DK1,DK_1,imbalance_price,Short,2026-08-23T05:51:55Z
2026-08-23T05:46:44Z,2026-08-23T07:46:44+0200,442f0342-0040-4db4-ac3f-85a7f822bcbf,2026-08-09T17:00:00Z,2026-08-09T19:00:00+0200,105.28,EUR/MWh,DK1,DK_1,imbalance_price,Long,2026-08-23T05:51:55Z
2026-08-23T05:46:44Z,2026-08-23T07:46:44+0200,442f0342-0040-4db4-ac3f-85a7f822bcbf,2026-08-09T17:00:00Z,2026-08-09T19:00:00+0200,105.28,EUR/MWh,DK1,DK_1,imbalance_price,Short,2026-08-23T05:51:55Z
2026-08-23T05:46:44Z,2026-08-23T07:46:44+0200,442f0342-0040-4db4-ac3f-85a7f822bcbf,2026-08-09T17:15:00Z,2026-08-09T19:15:00+0200,91.61,EUR/MWh,DK1,DK_1,imbalance_price,Long,2026-08-23T05:51:55Z
2026-08-23T05:46:44Z,2026-08-23T07:46:44+0200,442f0342-0040-4db4-ac3f-85a7f822bcbf,2026-08-09T17:15:00Z,2026-08-09T19:15:00+0200,91.61,EUR/MWh,DK1,DK_1,imbalance_price,Short,2026-08-23T05:51:55Z
2026-08-23T05:46:44Z,2026-08-23T07:46:44+0200,442f0342-0040-4db4-ac3f-85a7f822bcbf,2026-08-09T17:30:00Z,2026-08-09T19:30:00+0200,49.99,EUR/MWh,DK1,DK_1,imbalance_price,Long,2026-08-23T05:51:55Z
2026-08-23T05:46:44Z,2026-08-23T07:46:44+0200,442f0342-0040-4db4-ac3f-85a7f822bcbf,2026-08-09T17:30:00Z,2026-08-09T19:30:00+0200,49.99,EUR/MWh,DK1,DK_1,imbalance_price,Short,2026-08-23T05:51:55Z
2026-08-23T05:46:44Z,2026-08-23T07:46:44+0200,442f0342-0040-4db4-ac3f-85a7f822bcbf,2026-08-09T17:45:00Z,2026-08-09T19:45:00+0200,133.06,EUR/MWh,DK1,DK_1,imbalance_price,Long,2026-08-23T05:51:55Z
2026-08-23T05:46:44Z,2026-08-23T07:46:44+0200,442f0342-0040-4db4-ac3f-85a7f822bcbf,2026-08-09T17:45:00Z,2026-08-09T19:45:00+0200,133.06,EUR/MWh,DK1,DK_1,imbalance_price,Short,2026-08-23T05:51:55Z
2026-08-23T05:46:44Z,2026-08-23T07:46:44+0200,442f0342-0040-4db4-ac3f-85a7f822bcbf,2026-08-09T18:00:00Z,2026-08-09T20:00:00+0200,118.95,EUR/MWh,DK1,DK_1,imbalance_price,Long,2026-08-23T05:51:55Z
2026-08-23T05:46:44Z,2026-08-23T07:46:44+0200,442f0342-0040-4db4-ac3f-85a7f822bcbf,2026-08-09T18:00:00Z,2026-08-09T20:00:00+0200,118.95,EUR/MWh,DK1,DK_1,imbalance_price,Short,2026-08-23T05:51:55Z
2026-08-23T05:46:44Z,2026-08-23T07:46:44+0200,442f0342-0040-4db4-ac3f-85a7f822bcbf,2026-08-09T18:15:00Z,2026-08-09T20:15:00+0200,104.09,EUR/MWh,DK1,DK_1,imbalance_price,Long,2026-08-23T05:51:55Z
2026-08-23T05:46:44Z,2026-08-23T07:46:44+0200,442f0342-0040-4db4-ac3f-85a7f822bcbf,2026-08-09T18:15:00Z,2026-08-09T20:15:00+0200,104.09,EUR/MWh,DK1,DK_1,imbalance_price,Short,2026-08-23T05:51:55Z
2026-08-23T05:46:44Z,2026-08-23T07:46:44+0200,442f0342-0040-4db4-ac3f-85a7f822bcbf,2026-08-09T18:30:00Z,2026-08-09T20:30:00+0200,334.5,EUR/MWh,DK1,DK_1,imbalance_price,Long,2026-08-23T05:51:55Z
2026-08-23T05:46:44Z,2026-08-23T07:46:44+0200,442f0342-0040-4db4-ac3f-85a7f822bcbf,2026-08-09T18:30:00Z,2026-08-09T20:30:00+0200,334.5,EUR/MWh,DK1,DK_1,imbalance_price,Short,2026-08-23T05:51:55Z
2026-08-23T05:46:44Z,2026-08-23T07:46:44+0200,442f0342-0040-4db4-ac3f-85a7f822bcbf,2026-08-09T18:45:00Z,2026-08-09T20:45:00+0200,200.0,EUR/MWh,DK1,DK_1,imbalance_price,Long,2026-08-23T05:51:55Z
2026-08-23T05:46:44Z,2026-08-23T07:46:44+0200,442f0342-0040-4db4-ac3f-85a7f822bcbf,2026-08-09T18:45:00Z,2026-08-09T20:45:00+0200,200.0,EUR/MWh,DK1,DK_1,imbalance_price,Short,2026-08-23T05:51:55Z
2026-08-23T05:46:44Z,2026-08-23T07:46:44+0200,442f0342-0040-4db4-ac3f-85a7f822bcbf,2026-08-09T19:00:00Z,2026-08-09T21:00:00+0200,105.5,EUR/MWh,DK1,DK_1,imbalance_price,Long,2026-08-23T05:51:55Z
2026-08-23T05:46:44Z,2026-08-23T07:46:44+0200,442f0342-0040-4db4-ac3f-85a7f822bcbf,2026-08-09T19:00:00Z,2026-08-09T21:00:00+0200,105.5,EUR/MWh,DK1,DK_1,imbalance_price,Short,2026-08-23T05:51:55Z
2026-08-23T05:46:44Z,2026-08-23T07:46:44+0200,442f0342-0040-4db4-ac3f-85a7f822bcbf,2026-08-09T19:15:00Z,2026-08-09T21:15:00+0200,334.07,EUR/MWh,DK1,DK_1,imbalance_price,Long,2026-08-23T05:51:55Z
2026-08-23T05:46:44Z,2026-08-23T07:46:44+0200,442f0342-0040-4db4-ac3f-85a7f822bcbf,2026-08-09T19:15:00Z,2026-08-09T21:15:00+0200,334.07,EUR/MWh,DK1,DK_1,imbalance_price,Short,2026-08-23T05:51:55Z
2026-08-23T05:46:44Z,2026-08-23T07:46:44+0200,442f0342-0040-4db4-ac3f-85a7f822bcbf,2026-08-09T19:30:00Z,2026-08-09T21:30:00+0200,175.31,EUR/MWh,DK1,DK_1,imbalance_price,Long,2026-08-23T05:51:55Z
2026-08-23T05:46:44Z,2026-08-23T07:46:44+0200,442f0342-0040-4db4-ac3f-85a7f822bcbf,2026-08-09T19:30:00Z,2026-08-09T21:30:00+0200,175.31,EUR/MWh,DK1,DK_1,imbalance_price,Short,2026-08-23T05:51:55Z
2026-08-23T05:46:44Z,2026-08-23T07:46:44+0200,442f0342-0040-4db4-ac3f-85a7f822bcbf,2026-08-09T19:45:00Z,2026-08-09T21:45:00+0200,267.6,EUR/MWh,DK1,DK_1,imbalance_price,Long,2026-08-23T05:51:55Z
2026-08-23T05:46:44Z,2026-08-23T07:46:44+0200,442f0342-0040-4db4-ac3f-85a7f822bcbf,2026-08-09T19:45:00Z,2026-08-09T21:45:00+0200,267.6,EUR/MWh,DK1,DK_1,imbalance_price,Short,2026-08-23T05:51:55Z
2026-08-23T05:46:44Z,2026-08-23T07:46:44+0200,442f0342-0040-4db4-ac3f-85a7f822bcbf,2026-08-09T20:00:00Z,2026-08-09T22:00:00+0200,174.05,EUR/MWh,DK1,DK_1,imbalance_price,Long,2026-08-23T05:51:55Z
2026-08-23T05:46:44Z,2026-08-23T07:46:44+0200,442f0342-0040-4db4-ac3f-85a7f822bcbf,2026-08-09T20:00:00Z,2026-08-09T22:00:00+0200,174.05,EUR/MWh,DK1,DK_1,imbalance_price,Short,2026-08-23T05:51:55Z
2026-08-23T05:46:44Z,2026-08-23T07:46:44+0200,442f0342-0040-4db4-ac3f-85a7f822bcbf,2026-08-09T20:15:00Z,2026-08-09T22:15:00+0200,120.62,EUR/MWh,DK1,DK_1,imbalance_price,Long,2026-08-23T05:51:55Z
2026-08-23T05:46:44Z,2026-08-23T07:46:44+0200,442f0342-0040-4db4-ac3f-85a7f822bcbf,2026-08-09T20:15:00Z,2026-08-09T22:15:00+0200,120.62,EUR/MWh,DK1,DK_1,imbalance_price,Short,2026-08-23T05:51:55Z
2026-08-23T05:46:44Z,2026-08-23T07:46:44+0200,442f0342-0040-4db4-ac3f-85a7f822bcbf,2026-08-09T20:30:00Z,2026-08-09T22:30:00+0200,109.48,EUR/MWh,DK1,DK_1,imbalance_price,Long,2026-08-23T05:51:55Z
2026-08-23T05:46:44Z,2026-08-23T07:46:44+0200,442f0342-0040-4db4-ac3f-85a7f822bcbf,2026-08-09T20:30:00Z,2026-08-09T22:30:00+0200,109.48,EUR/MWh,DK1,DK_1,imbalance_price,Short,2026-08-23T05:51:55Z
2026-08-23T05:46:44Z,2026-08-23T07:46:44+0200,442f0342-0040-4db4-ac3f-85a7f822bcbf,2026-08-09T20:45:00Z,2026-08-09T22:45:00+0200,105.88,EUR/MWh,DK1,DK_1,imbalance_price,Long,2026-08-23T05:51:55Z
2026-08-23T05:46:44Z,2026-08-23T07:46:44+0200,442f0342-0040-4db4-ac3f-85a7f822bcbf,2026-08-09T20:45:00Z,2026-08-09T22:45:00+0200,105.88,EUR/MWh,DK1,DK_1,imbalance_price,Short,2026-08-23T05:51:55Z
2026-08-23T05:46:44Z,2026-08-23T07:46:44+0200,442f0342-0040-4db4-ac3f-85a7f822bcbf,2026-08-09T21:00:00Z,2026-08-09T23:00:00+0200,106.07,EUR/MWh,DK1,DK_1,imbalance_price,Long,2026-08-23T05:51:55Z
2026-08-23T05:46:44Z,2026-08-23T07:46:44+0200,442f0342-0040-4db4-ac3f-85a7f822bcbf,2026-08-09T21:00:00Z,2026-08-09T23:00:00+0200,106.07,EUR/MWh,DK1,DK_1,imbalance_price,Short,2026-08-23T05:51:55Z
2026-08-23T05:46:44Z,2026-08-23T07:46:44+0200,442f0342-0040-4db4-ac3f-85a7f822bcbf,2026-08-09T21:15:00Z,2026-08-09T23:15:00+0200,107.71,EUR/MWh,DK1,DK_1,imbalance_price,Long,2026-08-23T05:51:55Z
2026-08-23T05:46:44Z,2026-08-23T07:46:44+0200,442f0342-0040-4db4-ac3f-85a7f822bcbf,2026-08-09T21:15:00Z,2026-08-09T23:15:00+0200,107.71,EUR/MWh,DK1,DK_1,imbalance_price,Short,2026-08-23T05:51:55Z
2026-08-23T05:46:44Z,2026-08-23T07:46:44+0200,442f0342-0040-4db4-ac3f-85a7f822bcbf,2026-08-09T21:30:00Z,2026-08-09T23:30:00+0200,101.11,EUR/MWh,DK1,DK_1,imbalance_price,Long,2026-08-23T05:51:55Z
2026-08-23T05:46:44Z,2026-08-23T07:46:44+0200,442f0342-0040-4db4-ac3f-85a7f822bcbf,2026-08-09T21:30:00Z,2026-08-09T23:30:00+0200,101.11,EUR/MWh,DK1,DK_1,imbalance_price,Short,2026-08-23T05:51:55Z
2026-08-23T05:46:44Z,2026-08-23T07:46:44+0200,442f0342-0040-4db4-ac3f-85a7f822bcbf,2026-08-09T21:45:00Z,2026-08-09T23:45:00+0200,100.72,EUR/MWh,DK1,DK_1,imbalance_price,Long,2026-08-23T05:51:55Z
2026-08-23T05:46:44Z,2026-08-23T07:46:44+0200,442f0342-0040-4db4-ac3f-85a7f822bcbf,2026-08-09T21:45:00Z,2026-08-09T23:45:00+0200,100.72,EUR/MWh,DK1,DK_1,imbalance_price,Short,2026-08-23T05:51:55Z
2026-08-23T05:46:44Z,2026-08-23T07:46:44+0200,442f0342-0040-4db4-ac3f-85a7f822bcbf,2026-08-09T22:00:00Z,2026-08-10T00:00:00+0200,125.63,EUR/MWh,DK1,DK_1,imbalance_price,Long,2026-08-23T05:51:55Z
2026-08-23T05:46:44Z,2026-08-23T07:46:44+0200,442f0342-0040-4db4-ac3f-85a7f822bcbf,2026-08-09T22:00:00Z,2026-08-10T00:00:00+0200,125.63,EUR/MWh,DK1,DK_1,imbalance_price,Short,2026-08-23T05:51:55Z
2026-08-23T05:46:44Z,2026-08-23T07:46:44+0200,442f0342-0040-4db4-ac3f-85a7f822bcbf,2026-08-09T22:15:00Z,2026-08-10T00:15:00+0200,2.67,EUR/MWh,DK1,DK_1,imbalance_price,Long,2026-08-23T05:51:55Z
2026-08-23T05:46:44Z,2026-08-23T07:46:44+0200,442f0342-0040-4db4-ac3f-85a7f822bcbf,2026-08-09T22:15:00Z,2026-08-10T00:15:00+0200,2.67,EUR/MWh,DK1,DK_1,imbalance_price,Short,2026-08-23T05:51:55Z
2026-08-23T05:46:44Z,2026-08-23T07:46:44+0200,442f0342-0040-4db4-ac3f-85a7f822bcbf,2026-08-09T22:30:00Z,2026-08-10T00:30:00+0200,91.14,EUR/MWh,DK1,DK_1,imbalance_price,Long,2026-08-23T05:51:55Z
2026-08-23T05:46:44Z,2026-08-23T07:46:44+0200,442f0342-0040-4db4-ac3f-85a7f822bcbf,2026-08-09T22:30:00Z,2026-08-10T00:30:00+0200,91.14,EUR/MWh,DK1,DK_1,imbalance_price,Short,2026-08-23T05:51:55Z
2026-08-23T05:46:44Z,2026-08-23T07:46:44+0200,442f0342-0040-4db4-ac3f-85a7f822bcbf,2026-08-09T22:45:00Z,2026-08-10T00:45:00+0200,104.65,EUR/MWh,DK1,DK_1,imbalance_price,Long,2026-08-23T05:51:55Z
2026-08-23T05:46:44Z,2026-08-23T07:46:44+0200,442f0342-0040-4db4-ac3f-85a7f822bcbf,2026-08-09T22:45:00Z,2026-08-10T00:45:00+0200,104.65,EUR/MWh,DK1,DK_1,imbalance_price,Short,2026-08-23T05:51:55Z
2026-08-23T05:46:44Z,2026-08-23T07:46:44+0200,442f0342-0040-4db4-ac3f-85a7f822bcbf,2026-08-09T23:00:00Z,2026-08-10T01:00:00+0200,3.76,EUR/MWh,DK1,DK_1,imbalance_price,Long,2026-08-23T05:51:55Z
2026-08-23T05:46:44Z,2026-08-23T07:46:44+0200,442f0342-0040-4db4-ac3f-85a7f822bcbf,2026-08-09T23:00:00Z,2026-08-10T01:00:00+0200,3.76,EUR/MWh,DK1,DK_1,imbalance_price,Short,2026-08-23T05:51:55Z
2026-08-23T05:46:44Z,2026-08-23T07:46:44+0200,442f0342-0040-4db4-ac3f-85a7f822bcbf,2026-08-09T23:15:00Z,2026-08-10T01:15:00+0200,108.0,EUR/MWh,DK1,DK_1,imbalance_price,Long,2026-08-23T05:51:55Z
2026-08-23T05:46:44Z,2026-08-23T07:46:44+0200,442f0342-0040-4db4-ac3f-85a7f822bcbf,2026-08-09T23:15:00Z,2026-08-10T01:15:00+0200,108.0,EUR/MWh,DK1,DK_1,imbalance_price,Short,2026-08-23T05:51:55Z
2026-08-23T05:46:44Z,2026-08-23T07:46:44+0200,442f0342-0040-4db4-ac3f-85a7f822bcbf,2026-08-09T23:30:00Z,2026-08-10T01:30:00+0200,109.38,EUR/MWh,DK1,DK_1,imbalance_price,Long,2026-08-23T05:51:55Z
2026-08-23T05:46:44Z,2026-08-23T07:46:44+0200,442f0342-0040-4db4-ac3f-85a7f822bcbf,2026-08-09T23:30:00Z,2026-08-10T01:30:00+0200,109.38,EUR/MWh,DK1,DK_1,imbalance_price,Short,2026-08-23T05:51:55Z
2026-08-23T05:46:44Z,2026-08-23T07:46:44+0200,442f0342-0040-4db4-ac3f-85a7f822bcbf,2026-08-09T23:45:00Z,2026-08-10T01:45:00+0200,103.79,EUR/MWh,DK1,DK_1,imbalance_price,Long,2026-08-23T05:51:55Z
2026-08-23T05:46:44Z,2026-08-23T07:46:44+0200,442f0342-0040-4db4-ac3f-85a7f822bcbf,2026-08-09T23:45:00Z,2026-08-10T01:45:00+0200,103.79,EUR/MWh,DK1,DK_1,imbalance_price,Short,2026-08-23T05:51:55Z
2026-08-23T05:46:44Z,2026-08-23T07:46:44+0200,442f0342-0040-4db4-ac3f-85a7f822bcbf,2026-08-10T00:00:00Z,2026-08-10T02:00:00+0200,107.5,EUR/MWh,DK1,DK_1,imbalance_price,Long,2026-08-23T05:51:55Z
2026-08-23T05:46:44Z,2026-08-23T07:46:44+0200,442f0342-0040-4db4-ac3f-85a7f822bcbf,2026-08-10T00:00:00Z,2026-08-10T02:00:00+0200,107.5,EUR/MWh,DK1,DK_1,imbalance_price,Short,2026-08-23T05:51:55Z
2026-08-23T05:46:44Z,2026-08-23T07:46:44+0200,442f0342-0040-4db4-ac3f-85a7f822bcbf,2026-08-10T00:15:00Z,2026-08-10T02:15:00+0200,93.22,EUR/MWh,DK1,DK_1,imbalance_price,Long,2026-08-23T05:51:55Z
2026-08-23T05:46:44Z,2026-08-23T07:46:44+0200,442f0342-0040-4db4-ac3f-85a7f822bcbf,2026-08-10T00:15:00Z,2026-08-10T02:15:00+0200,93.22,EUR/MWh,DK1,DK_1,imbalance_price,Short,2026-08-23T05:51:55Z
2026-08-23T05:46:44Z,2026-08-23T07:46:44+0200,442f0342-0040-4db4-ac3f-85a7f822bcbf,2026-08-10T00:30:00Z,2026-08-10T02:30:00+0200,99.96,EUR/MWh,DK1,DK_1,imbalance_price,Long,2026-08-23T05:51:55Z
2026-08-23T05:46:44Z,2026-08-23T07:46:44+0200,442f0342-0040-4db4-ac3f-85a7f822bcbf,2026-08-10T00:30:00Z,2026-08-10T02:30:00+0200,99.96,EUR/MWh,DK1,DK_1,imbalance_price,Short,2026-08-23T05:51:55Z
2026-08-23T05:46:44Z,2026-08-23T07:46:44+0200,442f0342-0040-4db4-ac3f-85a7f822bcbf,2026-08-10T00:45:00Z,2026-08-10T02:45:00+0200,92.0,EUR/MWh,DK1,DK_1,imbalance_price,Long,2026-08-23T05:51:55Z
2026-08-23T05:46:44Z,2026-08-23T07:46:44+0200,442f0342-0040-4db4-ac3f-85a7f822bcbf,2026-08-10T00:45:00Z,2026-08-10T02:45:00+0200,92.0,EUR/MWh,DK1,DK_1,imbalance_price,Short,2026-08-23T05:51:55Z
2026-08-23T05:46:44Z,2026-08-23T07:46:44+0200,442f0342-0040-4db4-ac3f-85a7f822bcbf,2026-08-10T01:00:00Z,2026-08-10T03:00:00+0200,105.6,EUR/MWh,DK1,DK_1,imbalance_price,Long,2026-08-23T05:51:55Z
2026-08-23T05:46:44Z,2026-08-23T07:46:44+0200,442f0342-0040-4db4-ac3f-85a7f822bcbf,2026-08-10T01:00:00Z,2026-08-10T03:00:00+0200,105.6,EUR/MWh,DK1,DK_1,imbalance_price,Short,2026-08-23T05:51:55Z
2026-08-23T05:46:44Z,2026-08-23T07:46:44+0200,442f0342-0040-4db4-ac3f-85a7f822bcbf,2026-08-10T01:15:00Z,2026-08-10T03:15:00+0200,109.06,EUR/MWh,DK1,DK_1,imbalance_price,Long,2026-08-23T05:51:55Z
2026-08-23T05:46:44Z,2026-08-23T07:46:44+0200,442f0342-0040-4db4-ac3f-85a7f822bcbf,2026-08-10T01:15:00Z,2026-08-10T03:15:00+0200,109.06,EUR/MWh,DK1,DK_1,imbalance_price,Short,2026-08-23T05:51:55Z
2026-08-23T05:46:44Z,2026-08-23T07:46:44+0200,442f0342-0040-4db4-ac3f-85a7f822bcbf,2026-08-10T01:30:00Z,2026-08-10T03:30:00+0200,109.06,EUR/MWh,DK1,DK_1,imbalance_price,Long,2026-08-23T05:51:55Z
2026-08-23T05:46:44Z,2026-08-23T07:46:44+0200,442f0342-0040-4db4-ac3f-85a7f822bcbf,2026-08-10T01:30:00Z,2026-08-10T03:30:00+0200,109.06,EUR/MWh,DK1,DK_1,imbalance_price,Short,2026-08-23T05:51:55Z
2026-08-23T05:46:44Z,2026-08-23T07:46:44+0200,442f0342-0040-4db4-ac3f-85a7f822bcbf,2026-08-10T01:45:00Z,2026-08-10T03:45:00+0200,109.06,EUR/MWh,DK1,DK_1,imbalance_price,Long,2026-08-23T05:51:55Z
2026-08-23T05:46:44Z,2026-08-23T07:46:44+0200,442f0342-0040-4db4-ac3f-85a7f822bcbf,2026-08-10T01:45:00Z,2026-08-10T03:45:00+0200,109.06,EUR/MWh,DK1,DK_1,imbalance_price,Short,2026-08-23T05:51:55Z
2026-08-23T05:46:44Z,2026-08-23T07:46:44+0200,442f0342-0040-4db4-ac3f-85a7f822bcbf,2026-08-10T02:00:00Z,2026-08-10T04:00:00+0200,101.2,EUR/MWh,DK1,DK_1,imbalance_price,Long,2026-08-23T05:51:55Z
2026-08-23T05:46:44Z,2026-08-23T07:46:44+0200,442f0342-0040-4db4-ac3f-85a7f822bcbf,2026-08-10T02:00:00Z,2026-08-10T04:00:00+0200,101.2,EUR/MWh,DK1,DK_1,imbalance_price,Short,2026-08-23T05:51:55Z
2026-08-23T05:46:44Z,2026-08-23T07:46:44+0200,442f0342-0040-4db4-ac3f-85a7f822bcbf,2026-08-10T02:15:00Z,2026-08-10T04:15:00+0200,102.23,EUR/MWh,DK1,DK_1,imbalance_price,Long,2026-08-23T05:51:55Z
2026-08-23T05:46:44Z,2026-08-23T07:46:44+0200,442f0342-0040-4db4-ac3f-85a7f822bcbf,2026-08-10T02:15:00Z,2026-08-10T04:15:00+0200,102.23,EUR/MWh,DK1,DK_1,imbalance_price,Short,2026-08-23T05:51:55Z
2026-08-23T05:46:44Z,2026-08-23T07:46:44+0200,442f0342-0040-4db4-ac3f-85a7f822bcbf,2026-08-10T02:30:00Z,2026-08-10T04:30:00+0200,109.08,EUR/MWh,DK1,DK_1,imbalance_price,Long,2026-08-23T05:51:55Z
2026-08-23T05:46:44Z,2026-08-23T07:46:44+0200,442f0342-0040-4db4-ac3f-85a7f822bcbf,2026-08-10T02:30:00Z,2026-08-10T04:30:00+0200,109.08,EUR/MWh,DK1,DK_1,imbalance_price,Short,2026-08-23T05:51:55Z
2026-08-23T05:46:44Z,2026-08-23T07:46:44+0200,442f0342-0040-4db4-ac3f-85a7f822bcbf,2026-08-10T02:45:00Z,2026-08-10T04:45:00+0200,108.65,EUR/MWh,DK1,DK_1,imbalance_price,Long,2026-08-23T05:51:55Z
2026-08-23T05:46:44Z,2026-08-23T07:46:44+0200,442f0342-0040-4db4-ac3f-85a7f822bcbf,2026-08-10T02:45:00Z,2026-08-10T04:45:00+0200,108.65,EUR/MWh,DK1,DK_1,imbalance_price,Short,2026-08-23T05:51:55Z
2026-08-23T05:46:44Z,2026-08-23T07:46:44+0200,442f0342-0040-4db4-ac3f-85a7f822bcbf,2026-08-10T03:00:00Z,2026-08-10T05:00:00+0200,104.5,EUR/MWh,DK1,DK_1,imbalance_price,Long,2026-08-23T05:51:55Z
2026-08-23T05:46:44Z,2026-08-23T07:46:44+0200,442f0342-0040-4db4-ac3f-85a7f822bcbf,2026-08-10T03:00:00Z,2026-08-10T05:00:00+0200,104.5,EUR/MWh,DK1,DK_1,imbalance_price,Short,2026-08-23T05:51:55Z
2026-08-23T05:46:44Z,2026-08-23T07:46:44+0200,442f0342-0040-4db4-ac3f-85a7f822bcbf,2026-08-10T03:15:00Z,2026-08-10T05:15:00+0200,108.52,EUR/MWh,DK1,DK_1,imbalance_price,Long,2026-08-23T05:51:55Z
2026-08-23T05:46:44Z,2026-08-23T07:46:44+0200,442f0342-0040-4db4-ac3f-85a7f822bcbf,2026-08-10T03:15:00Z,2026-08-10T05:15:00+0200,108.52,EUR/MWh,DK1,DK_1,imbalance_price,Short,2026-08-23T05:51:55Z
2026-08-23T05:46:44Z,2026-08-23T07:46:44+0200,442f0342-0040-4db4-ac3f-85a7f822bcbf,2026-08-10T03:30:00Z,2026-08-10T05:30:00+0200,294.31,EUR/MWh,DK1,DK_1,imbalance_price,Long,2026-08-23T05:51:55Z
2026-08-23T05:46:44Z,2026-08-23T07:46:44+0200,442f0342-0040-4db4-ac3f-85a7f822bcbf,2026-08-10T03:30:00Z,2026-08-10T05:30:00+0200,294.31,EUR/MWh,DK1,DK_1,imbalance_price,Short,2026-08-23T05:51:55Z
2026-08-23T05:46:44Z,2026-08-23T07:46:44+0200,442f0342-0040-4db4-ac3f-85a7f822bcbf,2026-08-10T03:45:00Z,2026-08-10T05:45:00+0200,256.16,EUR/MWh,DK1,DK_1,imbalance_price,Long,2026-08-23T05:51:55Z
2026-08-23T05:46:44Z,2026-08-23T07:46:44+0200,442f0342-0040-4db4-ac3f-85a7f822bcbf,2026-08-10T03:45:00Z,2026-08-10T05:45:00+0200,256.16,EUR/MWh,DK1,DK_1,imbalance_price,Short,2026-08-23T05:51:55Z
2026-08-23T05:46:44Z,2026-08-23T07:46:44+0200,442f0342-0040-4db4-ac3f-85a7f822bcbf,2026-08-10T04:00:00Z,2026-08-10T06:00:00+0200,334.5,EUR/MWh,DK1,DK_1,imbalance_price,Long,2026-08-23T05:51:55Z
2026-08-23T05:46:44Z,2026-08-23T07:46:44+0200,442f0342-0040-4db4-ac3f-85a7f822bcbf,2026-08-10T04:00:00Z,2026-08-10T06:00:00+0200,334.5,EUR/MWh,DK1,DK_1,imbalance_price,Short,2026-08-23T05:51:55Z
2026-08-23T05:46:44Z,2026-08-23T07:46:44+0200,442f0342-0040-4db4-ac3f-85a7f822bcbf,2026-08-10T04:15:00Z,2026-08-10T06:15:00+0200,267.56,EUR/MWh,DK1,DK_1,imbalance_price,Long,2026-08-23T05:51:55Z
2026-08-23T05:46:44Z,2026-08-23T07:46:44+0200,442f0342-0040-4db4-ac3f-85a7f822bcbf,2026-08-10T04:15:00Z,2026-08-10T06:15:00+0200,267.56,EUR/MWh,DK1,DK_1,imbalance_price,Short,2026-08-23T05:51:55Z
2026-08-23T05:46:44Z,2026-08-23T07:46:44+0200,442f0342-0040-4db4-ac3f-85a7f822bcbf,2026-08-10T04:30:00Z,2026-08-10T06:30:00+0200,165.19,EUR/MWh,DK1,DK_1,imbalance_price,Long,2026-08-23T05:51:55Z
2026-08-23T05:46:44Z,2026-08-23T07:46:44+0200,442f0342-0040-4db4-ac3f-85a7f822bcbf,2026-08-10T04:30:00Z,2026-08-10T06:30:00+0200,165.19,EUR/MWh,DK1,DK_1,imbalance_price,Short,2026-08-23T05:51:55Z
2026-08-23T05:46:44Z,2026-08-23T07:46:44+0200,442f0342-0040-4db4-ac3f-85a7f822bcbf,2026-08-10T04:45:00Z,2026-08-10T06:45:00+0200,133.8,EUR/MWh,DK1,DK_1,imbalance_price,Long,2026-08-23T05:51:55Z
2026-08-23T05:46:44Z,2026-08-23T07:46:44+0200,442f0342-0040-4db4-ac3f-85a7f822bcbf,2026-08-10T04:45:00Z,2026-08-10T06:45:00+0200,133.8,EUR/MWh,DK1,DK_1,imbalance_price,Short,2026-08-23T05:51:55Z
2026-08-23T05:46:44Z,2026-08-23T07:46:44+0200,442f0342-0040-4db4-ac3f-85a7f822bcbf,2026-08-10T05:00:00Z,2026-08-10T07:00:00+0200,126.89,EUR/MWh,DK1,DK_1,imbalance_price,Long,2026-08-23T05:51:55Z
2026-08-23T05:46:44Z,2026-08-23T07:46:44+0200,442f0342-0040-4db4-ac3f-85a7f822bcbf,2026-08-10T05:00:00Z,2026-08-10T07:00:00+0200,126.89,EUR/MWh,DK1,DK_1,imbalance_price,Short,2026-08-23T05:51:55Z
2026-08-23T05:46:44Z,2026-08-23T07:46:44+0200,442f0342-0040-4db4-ac3f-85a7f822bcbf,2026-08-10T05:15:00Z,2026-08-10T07:15:00+0200,105.58,EUR/MWh,DK1,DK_1,imbalance_price,Long,2026-08-23T05:51:55Z
2026-08-23T05:46:44Z,2026-08-23T07:46:44+0200,442f0342-0040-4db4-ac3f-85a7f822bcbf,2026-08-10T05:15:00Z,2026-08-10T07:15:00+0200,105.58,EUR/MWh,DK1,DK_1,imbalance_price,Short,2026-08-23T05:51:55Z
2026-08-23T05:46:44Z,2026-08-23T07:46:44+0200,442f0342-0040-4db4-ac3f-85a7f822bcbf,2026-08-10T05:30:00Z,2026-08-10T07:30:00+0200,107.5,EUR/MWh,DK1,DK_1,imbalance_price,Long,2026-08-23T05:51:55Z
2026-08-23T05:46:44Z,2026-08-23T07:46:44+0200,442f0342-0040-4db4-ac3f-85a7f822bcbf,2026-08-10T05:30:00Z,2026-08-10T07:30:00+0200,107.5,EUR/MWh,DK1,DK_1,imbalance_price,Short,2026-08-23T05:51:55Z
2026-08-23T05:46:44Z,2026-08-23T07:46:44+0200,442f0342-0040-4db4-ac3f-85a7f822bcbf,2026-08-10T05:45:00Z,2026-08-10T07:45:00+0200,105.92,EUR/MWh,DK1,DK_1,imbalance_price,Long,2026-08-23T05:51:55Z
2026-08-23T05:46:44Z,2026-08-23T07:46:44+0200,442f0342-0040-4db4-ac3f-85a7f822bcbf,2026-08-10T05:45:00Z,2026-08-10T07:45:00+0200,105.92,EUR/MWh,DK1,DK_1,imbalance_price,Short,2026-08-23T05:51:55Z
2026-08-23T05:46:44Z,2026-08-23T07:46:44+0200,442f0342-0040-4db4-ac3f-85a7f822bcbf,2026-08-10T06:00:00Z,2026-08-10T08:00:00+0200,105.13,EUR/MWh,DK1,DK_1,imbalance_price,Long,2026-08-23T05:51:55Z
2026-08-23T05:46:44Z,2026-08-23T07:46:44+0200,442f0342-0040-4db4-ac3f-85a7f822bcbf,2026-08-10T06:00:00Z,2026-08-10T08:00:00+0200,105.13,EUR/MWh,DK1,DK_1,imbalance_price,Short,2026-08-23T05:51:55Z
2026-08-23T05:46:44Z,2026-08-23T07:46:44+0200,442f0342-0040-4db4-ac3f-85a7f822bcbf,2026-08-10T06:15:00Z,2026-08-10T08:15:00+0200,137.5,EUR/MWh,DK1,DK_1,imbalance_price,Long,2026-08-23T05:51:55Z
2026-08-23T05:46:44Z,2026-08-23T07:46:44+0200,442f0342-0040-4db4-ac3f-85a7f822bcbf,2026-08-10T06:15:00Z,2026-08-10T08:15:00+0200,137.5,EUR/MWh,DK1,DK_1,imbalance_price,Short,2026-08-23T05:51:55Z
2026-08-23T05:46:44Z,2026-08-23T07:46:44+0200,442f0342-0040-4db4-ac3f-85a7f822bcbf,2026-08-10T06:30:00Z,2026-08-10T08:30:00+0200,90.0,EUR/MWh,DK1,DK_1,imbalance_price,Long,2026-08-23T05:51:55Z
2026-08-23T05:46:44Z,2026-08-23T07:46:44+0200,442f0342-0040-4db4-ac3f-85a7f822bcbf,2026-08-10T06:30:00Z,2026-08-10T08:30:00+0200,90.0,EUR/MWh,DK1,DK_1,imbalance_price,Short,2026-08-23T05:51:55Z
2026-08-23T05:46:44Z,2026-08-23T07:46:44+0200,442f0342-0040-4db4-ac3f-85a7f822bcbf,2026-08-10T06:45:00Z,2026-08-10T08:45:00+0200,178.54,EUR/MWh,DK1,DK_1,imbalance_price,Long,2026-08-23T05:51:55Z
2026-08-23T05:46:44Z,2026-08-23T07:46:44+0200,442f0342-0040-4db4-ac3f-85a7f822bcbf,2026-08-10T06:45:00Z,2026-08-10T08:45:00+0200,178.54,EUR/MWh,DK1,DK_1,imbalance_price,Short,2026-08-23T05:51:55Z
2026-08-23T05:46:44Z,2026-08-23T07:46:44+0200,442f0342-0040-4db4-ac3f-85a7f822bcbf,2026-08-10T07:00:00Z,2026-08-10T09:00:00+0200,163.56,EUR/MWh,DK1,DK_1,imbalance_price,Long,2026-08-23T05:51:55Z
2026-08-23T05:46:44Z,2026-08-23T07:46:44+0200,442f0342-0040-4db4-ac3f-85a7f822bcbf,2026-08-10T07:00:00Z,2026-08-10T09:00:00+0200,163.56,EUR/MWh,DK1,DK_1,imbalance_price,Short,2026-08-23T05:51:55Z
2026-08-23T05:46:44Z,2026-08-23T07:46:44+0200,442f0342-0040-4db4-ac3f-85a7f822bcbf,2026-08-10T07:15:00Z,2026-08-10T09:15:00+0200,8.0,EUR/MWh,DK1,DK_1,imbalance_price,Long,2026-08-23T05:51:55Z
2026-08-23T05:46:44Z,2026-08-23T07:46:44+0200,442f0342-0040-4db4-ac3f-85a7f822bcbf,2026-08-10T07:15:00Z,2026-08-10T09:15:00+0200,8.0,EUR/MWh,DK1,DK_1,imbalance_price,Short,2026-08-23T05:51:55Z
2026-08-23T05:46:44Z,2026-08-23T07:46:44+0200,442f0342-0040-4db4-ac3f-85a7f822bcbf,2026-08-10T07:30:00Z,2026-08-10T09:30:00+0200,7.98,EUR/MWh,DK1,DK_1,imbalance_price,Long,2026-08-23T05:51:55Z
2026-08-23T05:46:44Z,2026-08-23T07:46:44+0200,442f0342-0040-4db4-ac3f-85a7f822bcbf,2026-08-10T07:30:00Z,2026-08-10T09:30:00+0200,7.98,EUR/MWh,DK1,DK_1,imbalance_price,Short,2026-08-23T05:51:55Z
2026-08-23T05:46:44Z,2026-08-23T07:46:44+0200,442f0342-0040-4db4-ac3f-85a7f822bcbf,2026-08-10T07:45:00Z,2026-08-10T09:45:00+0200,5.62,EUR/MWh,DK1,DK_1,imbalance_price,Long,2026-08-23T05:51:55Z
2026-08-23T05:46:44Z,2026-08-23T07:46:44+0200,442f0342-0040-4db4-ac3f-85a7f822bcbf,2026-08-10T07:45:00Z,2026-08-10T09:45:00+0200,5.62,EUR/MWh,DK1,DK_1,imbalance_price,Short,2026-08-23T05:51:55Z
2026-08-23T05:46:44Z,2026-08-23T07:46:44+0200,442f0342-0040-4db4-ac3f-85a7f822bcbf,2026-08-10T08:00:00Z,2026-08-10T10:00:00+0200,63.77,EUR/MWh,DK1,DK_1,imbalance_price,Long,2026-08-23T05:51:55Z
2026-08-23T05:46:44Z,2026-08-23T07:46:44+0200,442f0342-0040-4db4-ac3f-85a7f822bcbf,2026-08-10T08:00:00Z,2026-08-10T10:00:00+0200,63.77,EUR/MWh,DK1,DK_1,imbalance_price,Short,2026-08-23T05:51:55Z
2026-08-23T05:46:44Z,2026-08-23T07:46:44+0200,442f0342-0040-4db4-ac3f-85a7f822bcbf,2026-08-10T08:15:00Z,2026-08-10T10:15:00+0200,43.96,EUR/MWh,DK1,DK_1,imbalance_price,Long,2026-08-23T05:51:55Z
2026-08-23T05:46:44Z,2026-08-23T07:46:44+0200,442f0342-0040-4db4-ac3f-85a7f822bcbf,2026-08-10T08:15:00Z,2026-08-10T10:15:00+0200,43.96,EUR/MWh,DK1,DK_1,imbalance_price,Short,2026-08-23T05:51:55Z
2026-08-23T05:46:44Z,2026-08-23T07:46:44+0200,442f0342-0040-4db4-ac3f-85a7f822bcbf,2026-08-10T08:30:00Z,2026-08-10T10:30:00+0200,16.83,EUR/MWh,DK1,DK_1,imbalance_price,Long,2026-08-23T05:51:55Z
2026-08-23T05:46:44Z,2026-08-23T07:46:44+0200,442f0342-0040-4db4-ac3f-85a7f822bcbf,2026-08-10T08:30:00Z,2026-08-10T10:30:00+0200,16.83,EUR/MWh,DK1,DK_1,imbalance_price,Short,2026-08-23T05:51:55Z
2026-08-23T05:46:44Z,2026-08-23T07:46:44+0200,442f0342-0040-4db4-ac3f-85a7f822bcbf,2026-08-10T08:45:00Z,2026-08-10T10:45:00+0200,20.79,EUR/MWh,DK1,DK_1,imbalance_price,Long,2026-08-23T05:51:55Z
2026-08-23T05:46:44Z,2026-08-23T07:46:44+0200,442f0342-0040-4db4-ac3f-85a7f822bcbf,2026-08-10T08:45:00Z,2026-08-10T10:45:00+0200,20.79,EUR/MWh,DK1,DK_1,imbalance_price,Short,2026-08-23T05:51:55Z
2026-08-23T05:46:44Z,2026-08-23T07:46:44+0200,442f0342-0040-4db4-ac3f-85a7f822bcbf,2026-08-10T09:00:00Z,2026-08-10T11:00:00+0200,14.47,EUR/MWh,DK1,DK_1,imbalance_price,Long,2026-08-23T05:51:55Z
2026-08-23T05:46:44Z,2026-08-23T07:46:44+0200,442f0342-0040-4db4-ac3f-85a7f822bcbf,2026-08-10T09:00:00Z,2026-08-10T11:00:00+0200,14.47,EUR/MWh,DK1,DK_1,imbalance_price,Short,2026-08-23T05:51:55Z
2026-08-23T05:46:44Z,2026-08-23T07:46:44+0200,442f0342-0040-4db4-ac3f-85a7f822bcbf,2026-08-10T09:15:00Z,2026-08-10T11:15:00+0200,87.31,EUR/MWh,DK1,DK_1,imbalance_price,Long,2026-08-23T05:51:55Z
2026-08-23T05:46:44Z,2026-08-23T07:46:44+0200,442f0342-0040-4db4-ac3f-85a7f822bcbf,2026-08-10T09:15:00Z,2026-08-10T11:15:00+0200,87.31,EUR/MWh,DK1,DK_1,imbalance_price,Short,2026-08-23T05:51:55Z
2026-08-23T05:46:44Z,2026-08-23T07:46:44+0200,442f0342-0040-4db4-ac3f-85a7f822bcbf,2026-08-10T09:30:00Z,2026-08-10T11:30:00+0200,71.29,EUR/MWh,DK1,DK_1,imbalance_price,Long,2026-08-23T05:51:55Z
2026-08-23T05:46:44Z,2026-08-23T07:46:44+0200,442f0342-0040-4db4-ac3f-85a7f822bcbf,2026-08-10T09:30:00Z,2026-08-10T11:30:00+0200,71.29,EUR/MWh,DK1,DK_1,imbalance_price,Short,2026-08-23T05:51:55Z
2026-08-23T05:46:44Z,2026-08-23T07:46:44+0200,442f0342-0040-4db4-ac3f-85a7f822bcbf,2026-08-10T09:45:00Z,2026-08-10T11:45:00+0200,-6.06,EUR/MWh,DK1,DK_1,imbalance_price,Long,2026-08-23T05:51:55Z
2026-08-23T05:46:44Z,2026-08-23T07:46:44+0200,442f0342-0040-4db4-ac3f-85a7f822bcbf,2026-08-10T09:45:00Z,2026-08-10T11:45:00+0200,-6.06,EUR/MWh,DK1,DK_1,imbalance_price,Short,2026-08-23T05:51:55Z
2026-08-23T05:46:44Z,2026-08-23T07:46:44+0200,442f0342-0040-4db4-ac3f-85a7f822bcbf,2026-08-10T10:00:00Z,2026-08-10T12:00:00+0200,-1.51,EUR/MWh,DK1,DK_1,imbalance_price,Long,2026-08-23T05:51:55Z
2026-08-23T05:46:44Z,2026-08-23T07:46:44+0200,442f0342-0040-4db4-ac3f-85a7f822bcbf,2026-08-10T10:00:00Z,2026-08-10T12:00:00+0200,-1.51,EUR/MWh,DK1,DK_1,imbalance_price,Short,2026-08-23T05:51:55Z
2026-08-23T05:46:44Z,2026-08-23T07:46:44+0200,442f0342-0040-4db4-ac3f-85a7f822bcbf,2026-08-10T10:15:00Z,2026-08-10T12:15:00+0200,0.57,EUR/MWh,DK1,DK_1,imbalance_price,Long,2026-08-23T05:51:55Z
2026-08-23T05:46:44Z,2026-08-23T07:46:44+0200,442f0342-0040-4db4-ac3f-85a7f822bcbf,2026-08-10T10:15:00Z,2026-08-10T12:15:00+0200,0.57,EUR/MWh,DK1,DK_1,imbalance_price,Short,2026-08-23T05:51:55Z
2026-08-23T05:46:44Z,2026-08-23T07:46:44+0200,442f0342-0040-4db4-ac3f-85a7f822bcbf,2026-08-10T10:30:00Z,2026-08-10T12:30:00+0200,0.31,EUR/MWh,DK1,DK_1,imbalance_price,Long,2026-08-23T05:51:55Z
2026-08-23T05:46:44Z,2026-08-23T07:46:44+0200,442f0342-0040-4db4-ac3f-85a7f822bcbf,2026-08-10T10:30:00Z,2026-08-10T12:30:00+0200,0.31,EUR/MWh,DK1,DK_1,imbalance_price,Short,2026-08-23T05:51:55Z
2026-08-23T05:46:44Z,2026-08-23T07:46:44+0200,442f0342-0040-4db4-ac3f-85a7f822bcbf,2026-08-10T10:45:00Z,2026-08-10T12:45:00+0200,-2.89,EUR/MWh,DK1,DK_1,imbalance_price,Long,2026-08-23T05:51:55Z
2026-08-23T05:46:44Z,2026-08-23T07:46:44+0200,442f0342-0040-4db4-ac3f-85a7f822bcbf,2026-08-10T10:45:00Z,2026-08-10T12:45:00+0200,-2.89,EUR/MWh,DK1,DK_1,imbalance_price,Short,2026-08-23T05:51:55Z
2026-08-23T05:46:44Z,2026-08-23T07:46:44+0200,442f0342-0040-4db4-ac3f-85a7f822bcbf,2026-08-10T11:00:00Z,2026-08-10T13:00:00+0200,17.13,EUR/MWh,DK1,DK_1,imbalance_price,Long,2026-08-23T05:51:55Z
2026-08-23T05:46:44Z,2026-08-23T07:46:44+0200,442f0342-0040-4db4-ac3f-85a7f822bcbf,2026-08-10T11:00:00Z,2026-08-10T13:00:00+0200,17.13,EUR/MWh,DK1,DK_1,imbalance_price,Short,2026-08-23T05:51:55Z
2026-08-23T05:46:44Z,2026-08-23T07:46:44+0200,442f0342-0040-4db4-ac3f-85a7f822bcbf,2026-08-10T11:15:00Z,2026-08-10T13:15:00+0200,15.0,EUR/MWh,DK1,DK_1,imbalance_price,Long,2026-08-23T05:51:55Z
2026-08-23T05:46:44Z,2026-08-23T07:46:44+0200,442f0342-0040-4db4-ac3f-85a7f822bcbf,2026-08-10T11:15:00Z,2026-08-10T13:15:00+0200,15.0,EUR/MWh,DK1,DK_1,imbalance_price,Short,2026-08-23T05:51:55Z
2026-08-23T05:46:44Z,2026-08-23T07:46:44+0200,442f0342-0040-4db4-ac3f-85a7f822bcbf,2026-08-10T11:30:00Z,2026-08-10T13:30:00+0200,18.36,EUR/MWh,DK1,DK_1,imbalance_price,Long,2026-08-23T05:51:55Z
2026-08-23T05:46:44Z,2026-08-23T07:46:44+0200,442f0342-0040-4db4-ac3f-85a7f822bcbf,2026-08-10T11:30:00Z,2026-08-10T13:30:00+0200,18.36,EUR/MWh,DK1,DK_1,imbalance_price,Short,2026-08-23T05:51:55Z
2026-08-23T05:46:44Z,2026-08-23T07:46:44+0200,442f0342-0040-4db4-ac3f-85a7f822bcbf,2026-08-10T11:45:00Z,2026-08-10T13:45:00+0200,-1.0,EUR/MWh,DK1,DK_1,imbalance_price,Long,2026-08-23T05:51:55Z
2026-08-23T05:46:44Z,2026-08-23T07:46:44+0200,442f0342-0040-4db4-ac3f-85a7f822bcbf,2026-08-10T11:45:00Z,2026-08-10T13:45:00+0200,-1.0,EUR/MWh,DK1,DK_1,imbalance_price,Short,2026-08-23T05:51:55Z
2026-08-23T05:46:44Z,2026-08-23T07:46:44+0200,442f0342-0040-4db4-ac3f-85a7f822bcbf,2026-08-10T12:00:00Z,2026-08-10T14:00:00+0200,43.76,EUR/MWh,DK1,DK_1,imbalance_price,Long,2026-08-23T05:51:55Z
2026-08-23T05:46:44Z,2026-08-23T07:46:44+0200,442f0342-0040-4db4-ac3f-85a7f822bcbf,2026-08-10T12:00:00Z,2026-08-10T14:00:00+0200,43.76,EUR/MWh,DK1,DK_1,imbalance_price,Short,2026-08-23T05:51:55Z
2026-08-23T05:46:44Z,2026-08-23T07:46:44+0200,442f0342-0040-4db4-ac3f-85a7f822bcbf,2026-08-10T12:15:00Z,2026-08-10T14:15:00+0200,7.17,EUR/MWh,DK1,DK_1,imbalance_price,Long,2026-08-23T05:51:55Z
2026-08-23T05:46:44Z,2026-08-23T07:46:44+0200,442f0342-0040-4db4-ac3f-85a7f822bcbf,2026-08-10T12:15:00Z,2026-08-10T14:15:00+0200,7.17,EUR/MWh,DK1,DK_1,imbalance_price,Short,2026-08-23T05:51:55Z
2026-08-23T05:46:44Z,2026-08-23T07:46:44+0200,442f0342-0040-4db4-ac3f-85a7f822bcbf,2026-08-10T12:30:00Z,2026-08-10T14:30:00+0200,86.79,EUR/MWh,DK1,DK_1,imbalance_price,Long,2026-08-23T05:51:55Z
2026-08-23T05:46:44Z,2026-08-23T07:46:44+0200,442f0342-0040-4db4-ac3f-85a7f822bcbf,2026-08-10T12:30:00Z,2026-08-10T14:30:00+0200,86.79,EUR/MWh,DK1,DK_1,imbalance_price,Short,2026-08-23T05:51:55Z
2026-08-23T05:46:44Z,2026-08-23T07:46:44+0200,442f0342-0040-4db4-ac3f-85a7f822bcbf,2026-08-10T12:45:00Z,2026-08-10T14:45:00+0200,55.67,EUR/MWh,DK1,DK_1,imbalance_price,Long,2026-08-23T05:51:55Z
2026-08-23T05:46:44Z,2026-08-23T07:46:44+0200,442f0342-0040-4db4-ac3f-85a7f822bcbf,2026-08-10T12:45:00Z,2026-08-10T14:45:00+0200,55.67,EUR/MWh,DK1,DK_1,imbalance_price,Short,2026-08-23T05:51:55Z
2026-08-23T05:46:44Z,2026-08-23T07:46:44+0200,442f0342-0040-4db4-ac3f-85a7f822bcbf,2026-08-10T13:00:00Z,2026-08-10T15:00:00+0200,0.0,EUR/MWh,DK1,DK_1,imbalance_price,Long,2026-08-23T05:51:55Z
2026-08-23T05:46:44Z,2026-08-23T07:46:44+0200,442f0342-0040-4db4-ac3f-85a7f822bcbf,2026-08-10T13:00:00Z,2026-08-10T15:00:00+0200,0.0,EUR/MWh,DK1,DK_1,imbalance_price,Short,2026-08-23T05:51:55Z
2026-08-23T05:46:44Z,2026-08-23T07:46:44+0200,442f0342-0040-4db4-ac3f-85a7f822bcbf,2026-08-10T13:15:00Z,2026-08-10T15:15:00+0200,9.0,EUR/MWh,DK1,DK_1,imbalance_price,Long,2026-08-23T05:51:55Z
2026-08-23T05:46:44Z,2026-08-23T07:46:44+0200,442f0342-0040-4db4-ac3f-85a7f822bcbf,2026-08-10T13:15:00Z,2026-08-10T15:15:00+0200,9.0,EUR/MWh,DK1,DK_1,imbalance_price,Short,2026-08-23T05:51:55Z
2026-08-23T05:46:44Z,2026-08-23T07:46:44+0200,442f0342-0040-4db4-ac3f-85a7f822bcbf,2026-08-10T13:30:00Z,2026-08-10T15:30:00+0200,10.03,EUR/MWh,DK1,DK_1,imbalance_price,Long,2026-08-23T05:51:55Z
2026-08-23T05:46:44Z,2026-08-23T07:46:44+0200,442f0342-0040-4db4-ac3f-85a7f822bcbf,2026-08-10T13:30:00Z,2026-08-10T15:30:00+0200,10.03,EUR/MWh,DK1,DK_1,imbalance_price,Short,2026-08-23T05:51:55Z
2026-08-23T05:46:44Z,2026-08-23T07:46:44+0200,442f0342-0040-4db4-ac3f-85a7f822bcbf,2026-08-10T13:45:00Z,2026-08-10T15:45:00+0200,16.41,EUR/MWh,DK1,DK_1,imbalance_price,Long,2026-08-23T05:51:55Z
2026-08-23T05:46:44Z,2026-08-23T07:46:44+0200,442f0342-0040-4db4-ac3f-85a7f822bcbf,2026-08-10T13:45:00Z,2026-08-10T15:45:00+0200,16.41,EUR/MWh,DK1,DK_1,imbalance_price,Short,2026-08-23T05:51:55Z
2026-08-23T05:46:44Z,2026-08-23T07:46:44+0200,442f0342-0040-4db4-ac3f-85a7f822bcbf,2026-08-10T14:00:00Z,2026-08-10T16:00:00+0200,1.5,EUR/MWh,DK1,DK_1,imbalance_price,Long,2026-08-23T05:51:55Z
2026-08-23T05:46:44Z,2026-08-23T07:46:44+0200,442f0342-0040-4db4-ac3f-85a7f822bcbf,2026-08-10T14:00:00Z,2026-08-10T16:00:00+0200,1.5,EUR/MWh,DK1,DK_1,imbalance_price,Short,2026-08-23T05:51:55Z
2026-08-23T05:46:44Z,2026-08-23T07:46:44+0200,442f0342-0040-4db4-ac3f-85a7f822bcbf,2026-08-10T14:15:00Z,2026-08-10T16:15:00+0200,26.44,EUR/MWh,DK1,DK_1,imbalance_price,Long,2026-08-23T05:51:55Z
2026-08-23T05:46:44Z,2026-08-23T07:46:44+0200,442f0342-0040-4db4-ac3f-85a7f822bcbf,2026-08-10T14:15:00Z,2026-08-10T16:15:00+0200,26.44,EUR/MWh,DK1,DK_1,imbalance_price,Short,2026-08-23T05:51:55Z
2026-08-23T05:46:44Z,2026-08-23T07:46:44+0200,442f0342-0040-4db4-ac3f-85a7f822bcbf,2026-08-10T14:30:00Z,2026-08-10T16:30:00+0200,3.0,EUR/MWh,DK1,DK_1,imbalance_price,Long,2026-08-23T05:51:55Z
2026-08-23T05:46:44Z,2026-08-23T07:46:44+0200,442f0342-0040-4db4-ac3f-85a7f822bcbf,2026-08-10T14:30:00Z,2026-08-10T16:30:00+0200,3.0,EUR/MWh,DK1,DK_1,imbalance_price,Short,2026-08-23T05:51:55Z
2026-08-23T05:46:44Z,2026-08-23T07:46:44+0200,442f0342-0040-4db4-ac3f-85a7f822bcbf,2026-08-10T14:45:00Z,2026-08-10T16:45:00+0200,74.9,EUR/MWh,DK1,DK_1,imbalance_price,Long,2026-08-23T05:51:55Z
2026-08-23T05:46:44Z,2026-08-23T07:46:44+0200,442f0342-0040-4db4-ac3f-85a7f822bcbf,2026-08-10T14:45:00Z,2026-08-10T16:45:00+0200,74.9,EUR/MWh,DK1,DK_1,imbalance_price,Short,2026-08-23T05:51:55Z
2026-08-23T05:46:44Z,2026-08-23T07:46:44+0200,442f0342-0040-4db4-ac3f-85a7f822bcbf,2026-08-10T15:00:00Z,2026-08-10T17:00:00+0200,-1.15,EUR/MWh,DK1,DK_1,imbalance_price,Long,2026-08-23T05:51:55Z
2026-08-23T05:46:44Z,2026-08-23T07:46:44+0200,442f0342-0040-4db4-ac3f-85a7f822bcbf,2026-08-10T15:00:00Z,2026-08-10T17:00:00+0200,-1.15,EUR/MWh,DK1,DK_1,imbalance_price,Short,2026-08-23T05:51:55Z
2026-08-23T05:46:44Z,2026-08-23T07:46:44+0200,442f0342-0040-4db4-ac3f-85a7f822bcbf,2026-08-10T15:15:00Z,2026-08-10T17:15:00+0200,3.02,EUR/MWh,DK1,DK_1,imbalance_price,Long,2026-08-23T05:51:55Z
2026-08-23T05:46:44Z,2026-08-23T07:46:44+0200,442f0342-0040-4db4-ac3f-85a7f822bcbf,2026-08-10T15:15:00Z,2026-08-10T17:15:00+0200,3.02,EUR/MWh,DK1,DK_1,imbalance_price,Short,2026-08-23T05:51:55Z
2026-08-23T05:46:44Z,2026-08-23T07:46:44+0200,442f0342-0040-4db4-ac3f-85a7f822bcbf,2026-08-10T15:30:00Z,2026-08-10T17:30:00+0200,1.74,EUR/MWh,DK1,DK_1,imbalance_price,Long,2026-08-23T05:51:55Z
2026-08-23T05:46:44Z,2026-08-23T07:46:44+0200,442f0342-0040-4db4-ac3f-85a7f822bcbf,2026-08-10T15:30:00Z,2026-08-10T17:30:00+0200,1.74,EUR/MWh,DK1,DK_1,imbalance_price,Short,2026-08-23T05:51:55Z
2026-08-23T05:46:44Z,2026-08-23T07:46:44+0200,442f0342-0040-4db4-ac3f-85a7f822bcbf,2026-08-10T15:45:00Z,2026-08-10T17:45:00+0200,1.5,EUR/MWh,DK1,DK_1,imbalance_price,Long,2026-08-23T05:51:55Z
2026-08-23T05:46:44Z,2026-08-23T07:46:44+0200,442f0342-0040-4db4-ac3f-85a7f822bcbf,2026-08-10T15:45:00Z,2026-08-10T17:45:00+0200,1.5,EUR/MWh,DK1,DK_1,imbalance_price,Short,2026-08-23T05:51:55Z
2026-08-23T05:46:44Z,2026-08-23T07:46:44+0200,442f0342-0040-4db4-ac3f-85a7f822bcbf,2026-08-10T16:00:00Z,2026-08-10T18:00:00+0200,0.0,EUR/MWh,DK1,DK_1,imbalance_price,Long,2026-08-23T05:51:55Z
2026-08-23T05:46:44Z,2026-08-23T07:46:44+0200,442f0342-0040-4db4-ac3f-85a7f822bcbf,2026-08-10T16:00:00Z,2026-08-10T18:00:00+0200,0.0,EUR/MWh,DK1,DK_1,imbalance_price,Short,2026-08-23T05:51:55Z
2026-08-23T05:46:44Z,2026-08-23T07:46:44+0200,442f0342-0040-4db4-ac3f-85a7f822bcbf,2026-08-10T16:15:00Z,2026-08-10T18:15:00+0200,-6.69,EUR/MWh,DK1,DK_1,imbalance_price,Long,2026-08-23T05:51:55Z
2026-08-23T05:46:44Z,2026-08-23T07:46:44+0200,442f0342-0040-4db4-ac3f-85a7f822bcbf,2026-08-10T16:15:00Z,2026-08-10T18:15:00+0200,-6.69,EUR/MWh,DK1,DK_1,imbalance_price,Short,2026-08-23T05:51:55Z
2026-08-23T05:46:44Z,2026-08-23T07:46:44+0200,442f0342-0040-4db4-ac3f-85a7f822bcbf,2026-08-10T16:30:00Z,2026-08-10T18:30:00+0200,-11.33,EUR/MWh,DK1,DK_1,imbalance_price,Long,2026-08-23T05:51:55Z
2026-08-23T05:46:44Z,2026-08-23T07:46:44+0200,442f0342-0040-4db4-ac3f-85a7f822bcbf,2026-08-10T16:30:00Z,2026-08-10T18:30:00+0200,-11.33,EUR/MWh,DK1,DK_1,imbalance_price,Short,2026-08-23T05:51:55Z
2026-08-23T05:46:44Z,2026-08-23T07:46:44+0200,442f0342-0040-4db4-ac3f-85a7f822bcbf,2026-08-10T16:45:00Z,2026-08-10T18:45:00+0200,-0.03,EUR/MWh,DK1,DK_1,imbalance_price,Long,2026-08-23T05:51:55Z
2026-08-23T05:46:44Z,2026-08-23T07:46:44+0200,442f0342-0040-4db4-ac3f-85a7f822bcbf,2026-08-10T16:45:00Z,2026-08-10T18:45:00+0200,-0.03,EUR/MWh,DK1,DK_1,imbalance_price,Short,2026-08-23T05:51:55Z
2026-08-23T05:46:44Z,2026-08-23T07:46:44+0200,442f0342-0040-4db4-ac3f-85a7f822bcbf,2026-08-10T17:00:00Z,2026-08-10T19:00:00+0200,140.69,EUR/MWh,DK1,DK_1,imbalance_price,Long,2026-08-23T05:51:55Z
2026-08-23T05:46:44Z,2026-08-23T07:46:44+0200,442f0342-0040-4db4-ac3f-85a7f822bcbf,2026-08-10T17:00:00Z,2026-08-10T19:00:00+0200,140.69,EUR/MWh,DK1,DK_1,imbalance_price,Short,2026-08-23T05:51:55Z
2026-08-23T05:46:44Z,2026-08-23T07:46:44+0200,442f0342-0040-4db4-ac3f-85a7f822bcbf,2026-08-10T17:15:00Z,2026-08-10T19:15:00+0200,151.14,EUR/MWh,DK1,DK_1,imbalance_price,Long,2026-08-23T05:51:55Z
2026-08-23T05:46:44Z,2026-08-23T07:46:44+0200,442f0342-0040-4db4-ac3f-85a7f822bcbf,2026-08-10T17:15:00Z,2026-08-10T19:15:00+0200,151.14,EUR/MWh,DK1,DK_1,imbalance_price,Short,2026-08-23T05:51:55Z
2026-08-23T05:46:44Z,2026-08-23T07:46:44+0200,442f0342-0040-4db4-ac3f-85a7f822bcbf,2026-08-10T17:30:00Z,2026-08-10T19:30:00+0200,125.77,EUR/MWh,DK1,DK_1,imbalance_price,Long,2026-08-23T05:51:55Z
2026-08-23T05:46:44Z,2026-08-23T07:46:44+0200,442f0342-0040-4db4-ac3f-85a7f822bcbf,2026-08-10T17:30:00Z,2026-08-10T19:30:00+0200,125.77,EUR/MWh,DK1,DK_1,imbalance_price,Short,2026-08-23T05:51:55Z
2026-08-23T05:46:44Z,2026-08-23T07:46:44+0200,442f0342-0040-4db4-ac3f-85a7f822bcbf,2026-08-10T17:45:00Z,2026-08-10T19:45:00+0200,127.23,EUR/MWh,DK1,DK_1,imbalance_price,Long,2026-08-23T05:51:55Z
2026-08-23T05:46:44Z,2026-08-23T07:46:44+0200,442f0342-0040-4db4-ac3f-85a7f822bcbf,2026-08-10T17:45:00Z,2026-08-10T19:45:00+0200,127.23,EUR/MWh,DK1,DK_1,imbalance_price,Short,2026-08-23T05:51:55Z
2026-08-23T05:46:44Z,2026-08-23T07:46:44+0200,442f0342-0040-4db4-ac3f-85a7f822bcbf,2026-08-10T18:00:00Z,2026-08-10T20:00:00+0200,374.58,EUR/MWh,DK1,DK_1,imbalance_price,Long,2026-08-23T05:51:55Z
2026-08-23T05:46:44Z,2026-08-23T07:46:44+0200,442f0342-0040-4db4-ac3f-85a7f822bcbf,2026-08-10T18:00:00Z,2026-08-10T20:00:00+0200,374.58,EUR/MWh,DK1,DK_1,imbalance_price,Short,2026-08-23T05:51:55Z
2026-08-23T05:46:44Z,2026-08-23T07:46:44+0200,442f0342-0040-4db4-ac3f-85a7f822bcbf,2026-08-10T18:15:00Z,2026-08-10T20:15:00+0200,59.51,EUR/MWh,DK1,DK_1,imbalance_price,Long,2026-08-23T05:51:55Z
2026-08-23T05:46:44Z,2026-08-23T07:46:44+0200,442f0342-0040-4db4-ac3f-85a7f822bcbf,2026-08-10T18:15:00Z,2026-08-10T20:15:00+0200,59.51,EUR/MWh,DK1,DK_1,imbalance_price,Short,2026-08-23T05:51:55Z
2026-08-23T05:46:44Z,2026-08-23T07:46:44+0200,442f0342-0040-4db4-ac3f-85a7f822bcbf,2026-08-10T18:30:00Z,2026-08-10T20:30:00+0200,175.4,EUR/MWh,DK1,DK_1,imbalance_price,Long,2026-08-23T05:51:55Z
2026-08-23T05:46:44Z,2026-08-23T07:46:44+0200,442f0342-0040-4db4-ac3f-85a7f822bcbf,2026-08-10T18:30:00Z,2026-08-10T20:30:00+0200,175.4,EUR/MWh,DK1,DK_1,imbalance_price,Short,2026-08-23T05:51:55Z
2026-08-23T05:46:44Z,2026-08-23T07:46:44+0200,442f0342-0040-4db4-ac3f-85a7f822bcbf,2026-08-10T18:45:00Z,2026-08-10T20:45:00+0200,401.34,EUR/MWh,DK1,DK_1,imbalance_price,Long,2026-08-23T05:51:55Z
2026-08-23T05:46:44Z,2026-08-23T07:46:44+0200,442f0342-0040-4db4-ac3f-85a7f822bcbf,2026-08-10T18:45:00Z,2026-08-10T20:45:00+0200,401.34,EUR/MWh,DK1,DK_1,imbalance_price,Short,2026-08-23T05:51:55Z
2026-08-23T05:46:44Z,2026-08-23T07:46:44+0200,442f0342-0040-4db4-ac3f-85a7f822bcbf,2026-08-10T19:00:00Z,2026-08-10T21:00:00+0200,146.23,EUR/MWh,DK1,DK_1,imbalance_price,Long,2026-08-23T05:51:55Z
2026-08-23T05:46:44Z,2026-08-23T07:46:44+0200,442f0342-0040-4db4-ac3f-85a7f822bcbf,2026-08-10T19:00:00Z,2026-08-10T21:00:00+0200,146.23,EUR/MWh,DK1,DK_1,imbalance_price,Short,2026-08-23T05:51:55Z
2026-08-23T05:46:44Z,2026-08-23T07:46:44+0200,442f0342-0040-4db4-ac3f-85a7f822bcbf,2026-08-10T19:15:00Z,2026-08-10T21:15:00+0200,146.26,EUR/MWh,DK1,DK_1,imbalance_price,Long,2026-08-23T05:51:55Z
2026-08-23T05:46:44Z,2026-08-23T07:46:44+0200,442f0342-0040-4db4-ac3f-85a7f822bcbf,2026-08-10T19:15:00Z,2026-08-10T21:15:00+0200,146.26,EUR/MWh,DK1,DK_1,imbalance_price,Short,2026-08-23T05:51:55Z
2026-08-23T05:46:44Z,2026-08-23T07:46:44+0200,442f0342-0040-4db4-ac3f-85a7f822bcbf,2026-08-10T19:30:00Z,2026-08-10T21:30:00+0200,53.26,EUR/MWh,DK1,DK_1,imbalance_price,Long,2026-08-23T05:51:55Z
2026-08-23T05:46:44Z,2026-08-23T07:46:44+0200,442f0342-0040-4db4-ac3f-85a7f822bcbf,2026-08-10T19:30:00Z,2026-08-10T21:30:00+0200,53.26,EUR/MWh,DK1,DK_1,imbalance_price,Short,2026-08-23T05:51:55Z
2026-08-23T05:46:44Z,2026-08-23T07:46:44+0200,442f0342-0040-4db4-ac3f-85a7f822bcbf,2026-08-10T19:45:00Z,2026-08-10T21:45:00+0200,42.22,EUR/MWh,DK1,DK_1,imbalance_price,Long,2026-08-23T05:51:55Z
2026-08-23T05:46:44Z,2026-08-23T07:46:44+0200,442f0342-0040-4db4-ac3f-85a7f822bcbf,2026-08-10T19:45:00Z,2026-08-10T21:45:00+0200,42.22,EUR/MWh,DK1,DK_1,imbalance_price,Short,2026-08-23T05:51:55Z
2026-08-23T05:46:44Z,2026-08-23T07:46:44+0200,442f0342-0040-4db4-ac3f-85a7f822bcbf,2026-08-10T20:00:00Z,2026-08-10T22:00:00+0200,155.13,EUR/MWh,DK1,DK_1,imbalance_price,Long,2026-08-23T05:51:55Z
2026-08-23T05:46:44Z,2026-08-23T07:46:44+0200,442f0342-0040-4db4-ac3f-85a7f822bcbf,2026-08-10T20:00:00Z,2026-08-10T22:00:00+0200,155.13,EUR/MWh,DK1,DK_1,imbalance_price,Short,2026-08-23T05:51:55Z
2026-08-23T05:46:44Z,2026-08-23T07:46:44+0200,442f0342-0040-4db4-ac3f-85a7f822bcbf,2026-08-10T20:15:00Z,2026-08-10T22:15:00+0200,334.42,EUR/MWh,DK1,DK_1,imbalance_price,Long,2026-08-23T05:51:55Z
2026-08-23T05:46:44Z,2026-08-23T07:46:44+0200,442f0342-0040-4db4-ac3f-85a7f822bcbf,2026-08-10T20:15:00Z,2026-08-10T22:15:00+0200,334.42,EUR/MWh,DK1,DK_1,imbalance_price,Short,2026-08-23T05:51:55Z
2026-08-23T05:46:44Z,2026-08-23T07:46:44+0200,442f0342-0040-4db4-ac3f-85a7f822bcbf,2026-08-10T20:30:00Z,2026-08-10T22:30:00+0200,267.6,EUR/MWh,DK1,DK_1,imbalance_price,Long,2026-08-23T05:51:55Z
2026-08-23T05:46:44Z,2026-08-23T07:46:44+0200,442f0342-0040-4db4-ac3f-85a7f822bcbf,2026-08-10T20:30:00Z,2026-08-10T22:30:00+0200,267.6,EUR/MWh,DK1,DK_1,imbalance_price,Short,2026-08-23T05:51:55Z
2026-08-23T05:46:44Z,2026-08-23T07:46:44+0200,442f0342-0040-4db4-ac3f-85a7f822bcbf,2026-08-10T20:45:00Z,2026-08-10T22:45:00+0200,142.58,EUR/MWh,DK1,DK_1,imbalance_price,Long,2026-08-23T05:51:55Z
2026-08-23T05:46:44Z,2026-08-23T07:46:44+0200,442f0342-0040-4db4-ac3f-85a7f822bcbf,2026-08-10T20:45:00Z,2026-08-10T22:45:00+0200,142.58,EUR/MWh,DK1,DK_1,imbalance_price,Short,2026-08-23T05:51:55Z
2026-08-23T05:46:44Z,2026-08-23T07:46:44+0200,442f0342-0040-4db4-ac3f-85a7f822bcbf,2026-08-10T21:00:00Z,2026-08-10T23:00:00+0200,141.84,EUR/MWh,DK1,DK_1,imbalance_price,Long,2026-08-23T05:51:55Z
2026-08-23T05:46:44Z,2026-08-23T07:46:44+0200,442f0342-0040-4db4-ac3f-85a7f822bcbf,2026-08-10T21:00:00Z,2026-08-10T23:00:00+0200,141.84,EUR/MWh,DK1,DK_1,imbalance_price,Short,2026-08-23T05:51:55Z
2026-08-23T05:46:44Z,2026-08-23T07:46:44+0200,442f0342-0040-4db4-ac3f-85a7f822bcbf,2026-08-10T21:15:00Z,2026-08-10T23:15:00+0200,135.0,EUR/MWh,DK1,DK_1,imbalance_price,Long,2026-08-23T05:51:55Z
2026-08-23T05:46:44Z,2026-08-23T07:46:44+0200,442f0342-0040-4db4-ac3f-85a7f822bcbf,2026-08-10T21:15:00Z,2026-08-10T23:15:00+0200,135.0,EUR/MWh,DK1,DK_1,imbalance_price,Short,2026-08-23T05:51:55Z
2026-08-23T05:46:44Z,2026-08-23T07:46:44+0200,442f0342-0040-4db4-ac3f-85a7f822bcbf,2026-08-10T21:30:00Z,2026-08-10T23:30:00+0200,321.07,EUR/MWh,DK1,DK_1,imbalance_price,Long,2026-08-23T05:51:55Z
2026-08-23T05:46:44Z,2026-08-23T07:46:44+0200,442f0342-0040-4db4-ac3f-85a7f822bcbf,2026-08-10T21:30:00Z,2026-08-10T23:30:00+0200,321.07,EUR/MWh,DK1,DK_1,imbalance_price,Short,2026-08-23T05:51:55Z
2026-08-23T05:46:44Z,2026-08-23T07:46:44+0200,442f0342-0040-4db4-ac3f-85a7f822bcbf,2026-08-10T21:45:00Z,2026-08-10T23:45:00+0200,126.38,EUR/MWh,DK1,DK_1,imbalance_price,Long,2026-08-23T05:51:55Z
2026-08-23T05:46:44Z,2026-08-23T07:46:44+0200,442f0342-0040-4db4-ac3f-85a7f822bcbf,2026-08-10T21:45:00Z,2026-08-10T23:45:00+0200,126.38,EUR/MWh,DK1,DK_1,imbalance_price,Short,2026-08-23T05:51:55Z
2026-08-23T05:46:44Z,2026-08-23T07:46:44+0200,442f0342-0040-4db4-ac3f-85a7f822bcbf,2026-08-10T22:00:00Z,2026-08-11T00:00:00+0200,56.22,EUR/MWh,DK1,DK_1,imbalance_price,Long,2026-08-23T05:51:55Z
2026-08-23T05:46:44Z,2026-08-23T07:46:44+0200,442f0342-0040-4db4-ac3f-85a7f822bcbf,2026-08-10T22:00:00Z,2026-08-11T00:00:00+0200,56.22,EUR/MWh,DK1,DK_1,imbalance_price,Short,2026-08-23T05:51:55Z
2026-08-23T05:46:44Z,2026-08-23T07:46:44+0200,442f0342-0040-4db4-ac3f-85a7f822bcbf,2026-08-10T22:15:00Z,2026-08-11T00:15:00+0200,105.27,EUR/MWh,DK1,DK_1,imbalance_price,Long,2026-08-23T05:51:55Z
2026-08-23T05:46:44Z,2026-08-23T07:46:44+0200,442f0342-0040-4db4-ac3f-85a7f822bcbf,2026-08-10T22:15:00Z,2026-08-11T00:15:00+0200,105.27,EUR/MWh,DK1,DK_1,imbalance_price,Short,2026-08-23T05:51:55Z
2026-08-23T05:46:44Z,2026-08-23T07:46:44+0200,442f0342-0040-4db4-ac3f-85a7f822bcbf,2026-08-10T22:30:00Z,2026-08-11T00:30:00+0200,113.19,EUR/MWh,DK1,DK_1,imbalance_price,Long,2026-08-23T05:51:55Z
2026-08-23T05:46:44Z,2026-08-23T07:46:44+0200,442f0342-0040-4db4-ac3f-85a7f822bcbf,2026-08-10T22:30:00Z,2026-08-11T00:30:00+0200,113.19,EUR/MWh,DK1,DK_1,imbalance_price,Short,2026-08-23T05:51:55Z
2026-08-23T05:46:44Z,2026-08-23T07:46:44+0200,442f0342-0040-4db4-ac3f-85a7f822bcbf,2026-08-10T22:45:00Z,2026-08-11T00:45:00+0200,68.3,EUR/MWh,DK1,DK_1,imbalance_price,Long,2026-08-23T05:51:55Z
2026-08-23T05:46:44Z,2026-08-23T07:46:44+0200,442f0342-0040-4db4-ac3f-85a7f822bcbf,2026-08-10T22:45:00Z,2026-08-11T00:45:00+0200,68.3,EUR/MWh,DK1,DK_1,imbalance_price,Short,2026-08-23T05:51:55Z
2026-08-23T05:46:44Z,2026-08-23T07:46:44+0200,442f0342-0040-4db4-ac3f-85a7f822bcbf,2026-08-10T23:00:00Z,2026-08-11T01:00:00+0200,72.51,EUR/MWh,DK1,DK_1,imbalance_price,Long,2026-08-23T05:51:55Z
2026-08-23T05:46:44Z,2026-08-23T07:46:44+0200,442f0342-0040-4db4-ac3f-85a7f822bcbf,2026-08-10T23:00:00Z,2026-08-11T01:00:00+0200,72.51,EUR/MWh,DK1,DK_1,imbalance_price,Short,2026-08-23T05:51:55Z
2026-08-23T05:46:44Z,2026-08-23T07:46:44+0200,442f0342-0040-4db4-ac3f-85a7f822bcbf,2026-08-10T23:15:00Z,2026-08-11T01:15:00+0200,120.99,EUR/MWh,DK1,DK_1,imbalance_price,Long,2026-08-23T05:51:55Z
2026-08-23T05:46:44Z,2026-08-23T07:46:44+0200,442f0342-0040-4db4-ac3f-85a7f822bcbf,2026-08-10T23:15:00Z,2026-08-11T01:15:00+0200,120.99,EUR/MWh,DK1,DK_1,imbalance_price,Short,2026-08-23T05:51:55Z
2026-08-23T05:46:44Z,2026-08-23T07:46:44+0200,442f0342-0040-4db4-ac3f-85a7f822bcbf,2026-08-10T23:30:00Z,2026-08-11T01:30:00+0200,120.49,EUR/MWh,DK1,DK_1,imbalance_price,Long,2026-08-23T05:51:55Z
2026-08-23T05:46:44Z,2026-08-23T07:46:44+0200,442f0342-0040-4db4-ac3f-85a7f822bcbf,2026-08-10T23:30:00Z,2026-08-11T01:30:00+0200,120.49,EUR/MWh,DK1,DK_1,imbalance_price,Short,2026-08-23T05:51:55Z
2026-08-23T05:46:44Z,2026-08-23T07:46:44+0200,442f0342-0040-4db4-ac3f-85a7f822bcbf,2026-08-10T23:45:00Z,2026-08-11T01:45:00+0200,100.01,EUR/MWh,DK1,DK_1,imbalance_price,Long,2026-08-23T05:51:55Z
2026-08-23T05:46:44Z,2026-08-23T07:46:44+0200,442f0342-0040-4db4-ac3f-85a7f822bcbf,2026-08-10T23:45:00Z,2026-08-11T01:45:00+0200,100.01,EUR/MWh,DK1,DK_1,imbalance_price,Short,2026-08-23T05:51:55Z
2026-08-23T05:46:44Z,2026-08-23T07:46:44+0200,442f0342-0040-4db4-ac3f-85a7f822bcbf,2026-08-11T00:00:00Z,2026-08-11T02:00:00+0200,73.28,EUR/MWh,DK1,DK_1,imbalance_price,Long,2026-08-23T05:51:55Z
2026-08-23T05:46:44Z,2026-08-23T07:46:44+0200,442f0342-0040-4db4-ac3f-85a7f822bcbf,2026-08-11T00:00:00Z,2026-08-11T02:00:00+0200,73.28,EUR/MWh,DK1,DK_1,imbalance_price,Short,2026-08-23T05:51:55Z
2026-08-23T05:46:44Z,2026-08-23T07:46:44+0200,442f0342-0040-4db4-ac3f-85a7f822bcbf,2026-08-11T00:15:00Z,2026-08-11T02:15:00+0200,100.1,EUR/MWh,DK1,DK_1,imbalance_price,Long,2026-08-23T05:51:55Z
2026-08-23T05:46:44Z,2026-08-23T07:46:44+0200,442f0342-0040-4db4-ac3f-85a7f822bcbf,2026-08-11T00:15:00Z,2026-08-11T02:15:00+0200,100.1,EUR/MWh,DK1,DK_1,imbalance_price,Short,2026-08-23T05:51:55Z
2026-08-23T05:46:44Z,2026-08-23T07:46:44+0200,442f0342-0040-4db4-ac3f-85a7f822bcbf,2026-08-11T00:30:00Z,2026-08-11T02:30:00+0200,108.14,EUR/MWh,DK1,DK_1,imbalance_price,Long,2026-08-23T05:51:55Z
2026-08-23T05:46:44Z,2026-08-23T07:46:44+0200,442f0342-0040-4db4-ac3f-85a7f822bcbf,2026-08-11T00:30:00Z,2026-08-11T02:30:00+0200,108.14,EUR/MWh,DK1,DK_1,imbalance_price,Short,2026-08-23T05:51:55Z
2026-08-23T05:46:44Z,2026-08-23T07:46:44+0200,442f0342-0040-4db4-ac3f-85a7f822bcbf,2026-08-11T00:45:00Z,2026-08-11T02:45:00+0200,121.88,EUR/MWh,DK1,DK_1,imbalance_price,Long,2026-08-23T05:51:55Z
2026-08-23T05:46:44Z,2026-08-23T07:46:44+0200,442f0342-0040-4db4-ac3f-85a7f822bcbf,2026-08-11T00:45:00Z,2026-08-11T02:45:00+0200,121.88,EUR/MWh,DK1,DK_1,imbalance_price,Short,2026-08-23T05:51:55Z
2026-08-23T05:46:44Z,2026-08-23T07:46:44+0200,442f0342-0040-4db4-ac3f-85a7f822bcbf,2026-08-11T01:00:00Z,2026-08-11T03:00:00+0200,168.72,EUR/MWh,DK1,DK_1,imbalance_price,Long,2026-08-23T05:51:55Z
2026-08-23T05:46:44Z,2026-08-23T07:46:44+0200,442f0342-0040-4db4-ac3f-85a7f822bcbf,2026-08-11T01:00:00Z,2026-08-11T03:00:00+0200,168.72,EUR/MWh,DK1,DK_1,imbalance_price,Short,2026-08-23T05:51:55Z
2026-08-23T05:46:44Z,2026-08-23T07:46:44+0200,442f0342-0040-4db4-ac3f-85a7f822bcbf,2026-08-11T01:15:00Z,2026-08-11T03:15:00+0200,113.68,EUR/MWh,DK1,DK_1,imbalance_price,Long,2026-08-23T05:51:55Z
2026-08-23T05:46:44Z,2026-08-23T07:46:44+0200,442f0342-0040-4db4-ac3f-85a7f822bcbf,2026-08-11T01:15:00Z,2026-08-11T03:15:00+0200,113.68,EUR/MWh,DK1,DK_1,imbalance_price,Short,2026-08-23T05:51:55Z
2026-08-23T05:46:44Z,2026-08-23T07:46:44+0200,442f0342-0040-4db4-ac3f-85a7f822bcbf,2026-08-11T01:30:00Z,2026-08-11T03:30:00+0200,126.0,EUR/MWh,DK1,DK_1,imbalance_price,Long,2026-08-23T05:51:55Z
2026-08-23T05:46:44Z,2026-08-23T07:46:44+0200,442f0342-0040-4db4-ac3f-85a7f822bcbf,2026-08-11T01:30:00Z,2026-08-11T03:30:00+0200,126.0,EUR/MWh,DK1,DK_1,imbalance_price,Short,2026-08-23T05:51:55Z
2026-08-23T05:46:44Z,2026-08-23T07:46:44+0200,442f0342-0040-4db4-ac3f-85a7f822bcbf,2026-08-11T01:45:00Z,2026-08-11T03:45:00+0200,91.82,EUR/MWh,DK1,DK_1,imbalance_price,Long,2026-08-23T05:51:55Z
2026-08-23T05:46:44Z,2026-08-23T07:46:44+0200,442f0342-0040-4db4-ac3f-85a7f822bcbf,2026-08-11T01:45:00Z,2026-08-11T03:45:00+0200,91.82,EUR/MWh,DK1,DK_1,imbalance_price,Short,2026-08-23T05:51:55Z
2026-08-23T05:46:44Z,2026-08-23T07:46:44+0200,442f0342-0040-4db4-ac3f-85a7f822bcbf,2026-08-11T02:00:00Z,2026-08-11T04:00:00+0200,121.9,EUR/MWh,DK1,DK_1,imbalance_price,Long,2026-08-23T05:51:55Z
2026-08-23T05:46:44Z,2026-08-23T07:46:44+0200,442f0342-0040-4db4-ac3f-85a7f822bcbf,2026-08-11T02:00:00Z,2026-08-11T04:00:00+0200,121.9,EUR/MWh,DK1,DK_1,imbalance_price,Short,2026-08-23T05:51:55Z
2026-08-23T05:46:44Z,2026-08-23T07:46:44+0200,442f0342-0040-4db4-ac3f-85a7f822bcbf,2026-08-11T02:15:00Z,2026-08-11T04:15:00+0200,98.2,EUR/MWh,DK1,DK_1,imbalance_price,Long,2026-08-23T05:51:55Z
2026-08-23T05:46:44Z,2026-08-23T07:46:44+0200,442f0342-0040-4db4-ac3f-85a7f822bcbf,2026-08-11T02:15:00Z,2026-08-11T04:15:00+0200,98.2,EUR/MWh,DK1,DK_1,imbalance_price,Short,2026-08-23T05:51:55Z
2026-08-23T05:46:44Z,2026-08-23T07:46:44+0200,442f0342-0040-4db4-ac3f-85a7f822bcbf,2026-08-11T02:30:00Z,2026-08-11T04:30:00+0200,117.07,EUR/MWh,DK1,DK_1,imbalance_price,Long,2026-08-23T05:51:55Z
2026-08-23T05:46:44Z,2026-08-23T07:46:44+0200,442f0342-0040-4db4-ac3f-85a7f822bcbf,2026-08-11T02:30:00Z,2026-08-11T04:30:00+0200,117.07,EUR/MWh,DK1,DK_1,imbalance_price,Short,2026-08-23T05:51:55Z
2026-08-23T05:46:44Z,2026-08-23T07:46:44+0200,442f0342-0040-4db4-ac3f-85a7f822bcbf,2026-08-11T02:45:00Z,2026-08-11T04:45:00+0200,124.09,EUR/MWh,DK1,DK_1,imbalance_price,Long,2026-08-23T05:51:55Z
2026-08-23T05:46:44Z,2026-08-23T07:46:44+0200,442f0342-0040-4db4-ac3f-85a7f822bcbf,2026-08-11T02:45:00Z,2026-08-11T04:45:00+0200,124.09,EUR/MWh,DK1,DK_1,imbalance_price,Short,2026-08-23T05:51:55Z
2026-08-23T05:46:44Z,2026-08-23T07:46:44+0200,442f0342-0040-4db4-ac3f-85a7f822bcbf,2026-08-11T03:00:00Z,2026-08-11T05:00:00+0200,177.54,EUR/MWh,DK1,DK_1,imbalance_price,Long,2026-08-23T05:51:55Z
2026-08-23T05:46:44Z,2026-08-23T07:46:44+0200,442f0342-0040-4db4-ac3f-85a7f822bcbf,2026-08-11T03:00:00Z,2026-08-11T05:00:00+0200,177.54,EUR/MWh,DK1,DK_1,imbalance_price,Short,2026-08-23T05:51:55Z
2026-08-23T05:46:44Z,2026-08-23T07:46:44+0200,442f0342-0040-4db4-ac3f-85a7f822bcbf,2026-08-11T03:15:00Z,2026-08-11T05:15:00+0200,182.4,EUR/MWh,DK1,DK_1,imbalance_price,Long,2026-08-23T05:51:55Z
2026-08-23T05:46:44Z,2026-08-23T07:46:44+0200,442f0342-0040-4db4-ac3f-85a7f822bcbf,2026-08-11T03:15:00Z,2026-08-11T05:15:00+0200,182.4,EUR/MWh,DK1,DK_1,imbalance_price,Short,2026-08-23T05:51:55Z
2026-08-23T05:46:44Z,2026-08-23T07:46:44+0200,442f0342-0040-4db4-ac3f-85a7f822bcbf,2026-08-11T03:30:00Z,2026-08-11T05:30:00+0200,162.98,EUR/MWh,DK1,DK_1,imbalance_price,Long,2026-08-23T05:51:55Z
2026-08-23T05:46:44Z,2026-08-23T07:46:44+0200,442f0342-0040-4db4-ac3f-85a7f822bcbf,2026-08-11T03:30:00Z,2026-08-11T05:30:00+0200,162.98,EUR/MWh,DK1,DK_1,imbalance_price,Short,2026-08-23T05:51:55Z
2026-08-23T05:46:44Z,2026-08-23T07:46:44+0200,442f0342-0040-4db4-ac3f-85a7f822bcbf,2026-08-11T03:45:00Z,2026-08-11T05:45:00+0200,348.12,EUR/MWh,DK1,DK_1,imbalance_price,Long,2026-08-23T05:51:55Z
2026-08-23T05:46:44Z,2026-08-23T07:46:44+0200,442f0342-0040-4db4-ac3f-85a7f822bcbf,2026-08-11T03:45:00Z,2026-08-11T05:45:00+0200,348.12,EUR/MWh,DK1,DK_1,imbalance_price,Short,2026-08-23T05:51:55Z
2026-08-23T05:46:44Z,2026-08-23T07:46:44+0200,442f0342-0040-4db4-ac3f-85a7f822bcbf,2026-08-11T04:00:00Z,2026-08-11T06:00:00+0200,155.68,EUR/MWh,DK1,DK_1,imbalance_price,Long,2026-08-23T05:51:55Z
2026-08-23T05:46:44Z,2026-08-23T07:46:44+0200,442f0342-0040-4db4-ac3f-85a7f822bcbf,2026-08-11T04:00:00Z,2026-08-11T06:00:00+0200,155.68,EUR/MWh,DK1,DK_1,imbalance_price,Short,2026-08-23T05:51:55Z
2026-08-23T05:46:44Z,2026-08-23T07:46:44+0200,442f0342-0040-4db4-ac3f-85a7f822bcbf,2026-08-11T04:15:00Z,2026-08-11T06:15:00+0200,177.8,EUR/MWh,DK1,DK_1,imbalance_price,Long,2026-08-23T05:51:55Z
2026-08-23T05:46:44Z,2026-08-23T07:46:44+0200,442f0342-0040-4db4-ac3f-85a7f822bcbf,2026-08-11T04:15:00Z,2026-08-11T06:15:00+0200,177.8,EUR/MWh,DK1,DK_1,imbalance_price,Short,2026-08-23T05:51:55Z
2026-08-23T05:46:44Z,2026-08-23T07:46:44+0200,442f0342-0040-4db4-ac3f-85a7f822bcbf,2026-08-11T04:30:00Z,2026-08-11T06:30:00+0200,181.4,EUR/MWh,DK1,DK_1,imbalance_price,Long,2026-08-23T05:51:55Z
2026-08-23T05:46:44Z,2026-08-23T07:46:44+0200,442f0342-0040-4db4-ac3f-85a7f822bcbf,2026-08-11T04:30:00Z,2026-08-11T06:30:00+0200,181.4,EUR/MWh,DK1,DK_1,imbalance_price,Short,2026-08-23T05:51:55Z
2026-08-23T05:46:44Z,2026-08-23T07:46:44+0200,442f0342-0040-4db4-ac3f-85a7f822bcbf,2026-08-11T04:45:00Z,2026-08-11T06:45:00+0200,200.67,EUR/MWh,DK1,DK_1,imbalance_price,Long,2026-08-23T05:51:55Z
2026-08-23T05:46:44Z,2026-08-23T07:46:44+0200,442f0342-0040-4db4-ac3f-85a7f822bcbf,2026-08-11T04:45:00Z,2026-08-11T06:45:00+0200,200.67,EUR/MWh,DK1,DK_1,imbalance_price,Short,2026-08-23T05:51:55Z
2026-08-23T05:46:44Z,2026-08-23T07:46:44+0200,442f0342-0040-4db4-ac3f-85a7f822bcbf,2026-08-11T05:00:00Z,2026-08-11T07:00:00+0200,183.0,EUR/MWh,DK1,DK_1,imbalance_price,Long,2026-08-23T05:51:55Z
2026-08-23T05:46:44Z,2026-08-23T07:46:44+0200,442f0342-0040-4db4-ac3f-85a7f822bcbf,2026-08-11T05:00:00Z,2026-08-11T07:00:00+0200,183.0,EUR/MWh,DK1,DK_1,imbalance_price,Short,2026-08-23T05:51:55Z
2026-08-23T05:46:44Z,2026-08-23T07:46:44+0200,442f0342-0040-4db4-ac3f-85a7f822bcbf,2026-08-11T05:15:00Z,2026-08-11T07:15:00+0200,535.13,EUR/MWh,DK1,DK_1,imbalance_price,Long,2026-08-23T05:51:55Z
2026-08-23T05:46:44Z,2026-08-23T07:46:44+0200,442f0342-0040-4db4-ac3f-85a7f822bcbf,2026-08-11T05:15:00Z,2026-08-11T07:15:00+0200,535.13,EUR/MWh,DK1,DK_1,imbalance_price,Short,2026-08-23T05:51:55Z
2026-08-23T05:46:44Z,2026-08-23T07:46:44+0200,442f0342-0040-4db4-ac3f-85a7f822bcbf,2026-08-11T05:30:00Z,2026-08-11T07:30:00+0200,534.46,EUR/MWh,DK1,DK_1,imbalance_price,Long,2026-08-23T05:51:55Z
2026-08-23T05:46:44Z,2026-08-23T07:46:44+0200,442f0342-0040-4db4-ac3f-85a7f822bcbf,2026-08-11T05:30:00Z,2026-08-11T07:30:00+0200,534.46,EUR/MWh,DK1,DK_1,imbalance_price,Short,2026-08-23T05:51:55Z
2026-08-23T05:46:44Z,2026-08-23T07:46:44+0200,442f0342-0040-4db4-ac3f-85a7f822bcbf,2026-08-11T05:45:00Z,2026-08-11T07:45:00+0200,183.0,EUR/MWh,DK1,DK_1,imbalance_price,Long,2026-08-23T05:51:55Z
2026-08-23T05:46:44Z,2026-08-23T07:46:44+0200,442f0342-0040-4db4-ac3f-85a7f822bcbf,2026-08-11T05:45:00Z,2026-08-11T07:45:00+0200,183.0,EUR/MWh,DK1,DK_1,imbalance_price,Short,2026-08-23T05:51:55Z
2026-08-23T05:46:44Z,2026-08-23T07:46:44+0200,442f0342-0040-4db4-ac3f-85a7f822bcbf,2026-08-11T06:00:00Z,2026-08-11T08:00:00+0200,140.45,EUR/MWh,DK1,DK_1,imbalance_price,Long,2026-08-23T05:51:55Z
2026-08-23T05:46:44Z,2026-08-23T07:46:44+0200,442f0342-0040-4db4-ac3f-85a7f822bcbf,2026-08-11T06:00:00Z,2026-08-11T08:00:00+0200,140.45,EUR/MWh,DK1,DK_1,imbalance_price,Short,2026-08-23T05:51:55Z
2026-08-23T05:46:44Z,2026-08-23T07:46:44+0200,442f0342-0040-4db4-ac3f-85a7f822bcbf,2026-08-11T06:15:00Z,2026-08-11T08:15:00+0200,-12.4,EUR/MWh,DK1,DK_1,imbalance_price,Long,2026-08-23T05:51:55Z
2026-08-23T05:46:44Z,2026-08-23T07:46:44+0200,442f0342-0040-4db4-ac3f-85a7f822bcbf,2026-08-11T06:15:00Z,2026-08-11T08:15:00+0200,-12.4,EUR/MWh,DK1,DK_1,imbalance_price,Short,2026-08-23T05:51:55Z
2026-08-23T05:46:44Z,2026-08-23T07:46:44+0200,442f0342-0040-4db4-ac3f-85a7f822bcbf,2026-08-11T06:30:00Z,2026-08-11T08:30:00+0200,-10.84,EUR/MWh,DK1,DK_1,imbalance_price,Long,2026-08-23T05:51:55Z
2026-08-23T05:46:44Z,2026-08-23T07:46:44+0200,442f0342-0040-4db4-ac3f-85a7f822bcbf,2026-08-11T06:30:00Z,2026-08-11T08:30:00+0200,-10.84,EUR/MWh,DK1,DK_1,imbalance_price,Short,2026-08-23T05:51:55Z
2026-08-23T05:46:44Z,2026-08-23T07:46:44+0200,442f0342-0040-4db4-ac3f-85a7f822bcbf,2026-08-11T06:45:00Z,2026-08-11T08:45:00+0200,21.34,EUR/MWh,DK1,DK_1,imbalance_price,Long,2026-08-23T05:51:55Z
2026-08-23T05:46:44Z,2026-08-23T07:46:44+0200,442f0342-0040-4db4-ac3f-85a7f822bcbf,2026-08-11T06:45:00Z,2026-08-11T08:45:00+0200,21.34,EUR/MWh,DK1,DK_1,imbalance_price,Short,2026-08-23T05:51:55Z
2026-08-23T05:46:44Z,2026-08-23T07:46:44+0200,442f0342-0040-4db4-ac3f-85a7f822bcbf,2026-08-11T07:00:00Z,2026-08-11T09:00:00+0200,118.95,EUR/MWh,DK1,DK_1,imbalance_price,Long,2026-08-23T05:51:55Z
2026-08-23T05:46:44Z,2026-08-23T07:46:44+0200,442f0342-0040-4db4-ac3f-85a7f822bcbf,2026-08-11T07:00:00Z,2026-08-11T09:00:00+0200,118.95,EUR/MWh,DK1,DK_1,imbalance_price,Short,2026-08-23T05:51:55Z
2026-08-23T05:46:44Z,2026-08-23T07:46:44+0200,442f0342-0040-4db4-ac3f-85a7f822bcbf,2026-08-11T07:15:00Z,2026-08-11T09:15:00+0200,116.16,EUR/MWh,DK1,DK_1,imbalance_price,Long,2026-08-23T05:51:55Z
2026-08-23T05:46:44Z,2026-08-23T07:46:44+0200,442f0342-0040-4db4-ac3f-85a7f822bcbf,2026-08-11T07:15:00Z,2026-08-11T09:15:00+0200,116.16,EUR/MWh,DK1,DK_1,imbalance_price,Short,2026-08-23T05:51:55Z
2026-08-23T05:46:44Z,2026-08-23T07:46:44+0200,442f0342-0040-4db4-ac3f-85a7f822bcbf,2026-08-11T07:30:00Z,2026-08-11T09:30:00+0200,5.87,EUR/MWh,DK1,DK_1,imbalance_price,Long,2026-08-23T05:51:55Z
2026-08-23T05:46:44Z,2026-08-23T07:46:44+0200,442f0342-0040-4db4-ac3f-85a7f822bcbf,2026-08-11T07:30:00Z,2026-08-11T09:30:00+0200,5.87,EUR/MWh,DK1,DK_1,imbalance_price,Short,2026-08-23T05:51:55Z
2026-08-23T05:46:44Z,2026-08-23T07:46:44+0200,442f0342-0040-4db4-ac3f-85a7f822bcbf,2026-08-11T07:45:00Z,2026-08-11T09:45:00+0200,-1.21,EUR/MWh,DK1,DK_1,imbalance_price,Long,2026-08-23T05:51:55Z
2026-08-23T05:46:44Z,2026-08-23T07:46:44+0200,442f0342-0040-4db4-ac3f-85a7f822bcbf,2026-08-11T07:45:00Z,2026-08-11T09:45:00+0200,-1.21,EUR/MWh,DK1,DK_1,imbalance_price,Short,2026-08-23T05:51:55Z
2026-08-23T05:46:44Z,2026-08-23T07:46:44+0200,442f0342-0040-4db4-ac3f-85a7f822bcbf,2026-08-11T08:00:00Z,2026-08-11T10:00:00+0200,-18.3,EUR/MWh,DK1,DK_1,imbalance_price,Long,2026-08-23T05:51:55Z
2026-08-23T05:46:44Z,2026-08-23T07:46:44+0200,442f0342-0040-4db4-ac3f-85a7f822bcbf,2026-08-11T08:00:00Z,2026-08-11T10:00:00+0200,-18.3,EUR/MWh,DK1,DK_1,imbalance_price,Short,2026-08-23T05:51:55Z
2026-08-23T05:46:44Z,2026-08-23T07:46:44+0200,442f0342-0040-4db4-ac3f-85a7f822bcbf,2026-08-11T08:15:00Z,2026-08-11T10:15:00+0200,-35.92,EUR/MWh,DK1,DK_1,imbalance_price,Long,2026-08-23T05:51:55Z
2026-08-23T05:46:44Z,2026-08-23T07:46:44+0200,442f0342-0040-4db4-ac3f-85a7f822bcbf,2026-08-11T08:15:00Z,2026-08-11T10:15:00+0200,-35.92,EUR/MWh,DK1,DK_1,imbalance_price,Short,2026-08-23T05:51:55Z
2026-08-23T05:46:44Z,2026-08-23T07:46:44+0200,442f0342-0040-4db4-ac3f-85a7f822bcbf,2026-08-11T08:30:00Z,2026-08-11T10:30:00+0200,-37.94,EUR/MWh,DK1,DK_1,imbalance_price,Long,2026-08-23T05:51:55Z
2026-08-23T05:46:44Z,2026-08-23T07:46:44+0200,442f0342-0040-4db4-ac3f-85a7f822bcbf,2026-08-11T08:30:00Z,2026-08-11T10:30:00+0200,-37.94,EUR/MWh,DK1,DK_1,imbalance_price,Short,2026-08-23T05:51:55Z
2026-08-23T05:46:44Z,2026-08-23T07:46:44+0200,442f0342-0040-4db4-ac3f-85a7f822bcbf,2026-08-11T08:45:00Z,2026-08-11T10:45:00+0200,-5.0,EUR/MWh,DK1,DK_1,imbalance_price,Long,2026-08-23T05:51:55Z
2026-08-23T05:46:44Z,2026-08-23T07:46:44+0200,442f0342-0040-4db4-ac3f-85a7f822bcbf,2026-08-11T08:45:00Z,2026-08-11T10:45:00+0200,-5.0,EUR/MWh,DK1,DK_1,imbalance_price,Short,2026-08-23T05:51:55Z
2026-08-23T05:46:44Z,2026-08-23T07:46:44+0200,442f0342-0040-4db4-ac3f-85a7f822bcbf,2026-08-11T09:00:00Z,2026-08-11T11:00:00+0200,-5.1,EUR/MWh,DK1,DK_1,imbalance_price,Long,2026-08-23T05:51:55Z
2026-08-23T05:46:44Z,2026-08-23T07:46:44+0200,442f0342-0040-4db4-ac3f-85a7f822bcbf,2026-08-11T09:00:00Z,2026-08-11T11:00:00+0200,-5.1,EUR/MWh,DK1,DK_1,imbalance_price,Short,2026-08-23T05:51:55Z
2026-08-23T05:46:44Z,2026-08-23T07:46:44+0200,442f0342-0040-4db4-ac3f-85a7f822bcbf,2026-08-11T09:15:00Z,2026-08-11T11:15:00+0200,-9.15,EUR/MWh,DK1,DK_1,imbalance_price,Long,2026-08-23T05:51:55Z
2026-08-23T05:46:44Z,2026-08-23T07:46:44+0200,442f0342-0040-4db4-ac3f-85a7f822bcbf,2026-08-11T09:15:00Z,2026-08-11T11:15:00+0200,-9.15,EUR/MWh,DK1,DK_1,imbalance_price,Short,2026-08-23T05:51:55Z
2026-08-23T05:46:44Z,2026-08-23T07:46:44+0200,442f0342-0040-4db4-ac3f-85a7f822bcbf,2026-08-11T09:30:00Z,2026-08-11T11:30:00+0200,-7.36,EUR/MWh,DK1,DK_1,imbalance_price,Long,2026-08-23T05:51:55Z
2026-08-23T05:46:44Z,2026-08-23T07:46:44+0200,442f0342-0040-4db4-ac3f-85a7f822bcbf,2026-08-11T09:30:00Z,2026-08-11T11:30:00+0200,-7.36,EUR/MWh,DK1,DK_1,imbalance_price,Short,2026-08-23T05:51:55Z
2026-08-23T05:46:44Z,2026-08-23T07:46:44+0200,442f0342-0040-4db4-ac3f-85a7f822bcbf,2026-08-11T09:45:00Z,2026-08-11T11:45:00+0200,-4.05,EUR/MWh,DK1,DK_1,imbalance_price,Long,2026-08-23T05:51:55Z
2026-08-23T05:46:44Z,2026-08-23T07:46:44+0200,442f0342-0040-4db4-ac3f-85a7f822bcbf,2026-08-11T09:45:00Z,2026-08-11T11:45:00+0200,-4.05,EUR/MWh,DK1,DK_1,imbalance_price,Short,2026-08-23T05:51:55Z
2026-08-23T05:46:44Z,2026-08-23T07:46:44+0200,442f0342-0040-4db4-ac3f-85a7f822bcbf,2026-08-11T10:00:00Z,2026-08-11T12:00:00+0200,-20.13,EUR/MWh,DK1,DK_1,imbalance_price,Long,2026-08-23T05:51:55Z
2026-08-23T05:46:44Z,2026-08-23T07:46:44+0200,442f0342-0040-4db4-ac3f-85a7f822bcbf,2026-08-11T10:00:00Z,2026-08-11T12:00:00+0200,-20.13,EUR/MWh,DK1,DK_1,imbalance_price,Short,2026-08-23T05:51:55Z
2026-08-23T05:46:44Z,2026-08-23T07:46:44+0200,442f0342-0040-4db4-ac3f-85a7f822bcbf,2026-08-11T10:15:00Z,2026-08-11T12:15:00+0200,-6.18,EUR/MWh,DK1,DK_1,imbalance_price,Long,2026-08-23T05:51:55Z
2026-08-23T05:46:44Z,2026-08-23T07:46:44+0200,442f0342-0040-4db4-ac3f-85a7f822bcbf,2026-08-11T10:15:00Z,2026-08-11T12:15:00+0200,-6.18,EUR/MWh,DK1,DK_1,imbalance_price,Short,2026-08-23T05:51:55Z
2026-08-23T05:46:44Z,2026-08-23T07:46:44+0200,442f0342-0040-4db4-ac3f-85a7f822bcbf,2026-08-11T10:30:00Z,2026-08-11T12:30:00+0200,-14.56,EUR/MWh,DK1,DK_1,imbalance_price,Long,2026-08-23T05:51:55Z
2026-08-23T05:46:44Z,2026-08-23T07:46:44+0200,442f0342-0040-4db4-ac3f-85a7f822bcbf,2026-08-11T10:30:00Z,2026-08-11T12:30:00+0200,-14.56,EUR/MWh,DK1,DK_1,imbalance_price,Short,2026-08-23T05:51:55Z
2026-08-23T05:46:44Z,2026-08-23T07:46:44+0200,442f0342-0040-4db4-ac3f-85a7f822bcbf,2026-08-11T10:45:00Z,2026-08-11T12:45:00+0200,-9.79,EUR/MWh,DK1,DK_1,imbalance_price,Long,2026-08-23T05:51:55Z
2026-08-23T05:46:44Z,2026-08-23T07:46:44+0200,442f0342-0040-4db4-ac3f-85a7f822bcbf,2026-08-11T10:45:00Z,2026-08-11T12:45:00+0200,-9.79,EUR/MWh,DK1,DK_1,imbalance_price,Short,2026-08-23T05:51:55Z
2026-08-23T05:46:44Z,2026-08-23T07:46:44+0200,442f0342-0040-4db4-ac3f-85a7f822bcbf,2026-08-11T11:00:00Z,2026-08-11T13:00:00+0200,-6.43,EUR/MWh,DK1,DK_1,imbalance_price,Long,2026-08-23T05:51:55Z
2026-08-23T05:46:44Z,2026-08-23T07:46:44+0200,442f0342-0040-4db4-ac3f-85a7f822bcbf,2026-08-11T11:00:00Z,2026-08-11T13:00:00+0200,-6.43,EUR/MWh,DK1,DK_1,imbalance_price,Short,2026-08-23T05:51:55Z
2026-08-23T05:46:44Z,2026-08-23T07:46:44+0200,442f0342-0040-4db4-ac3f-85a7f822bcbf,2026-08-11T11:15:00Z,2026-08-11T13:15:00+0200,-5.0,EUR/MWh,DK1,DK_1,imbalance_price,Long,2026-08-23T05:51:55Z
2026-08-23T05:46:44Z,2026-08-23T07:46:44+0200,442f0342-0040-4db4-ac3f-85a7f822bcbf,2026-08-11T11:15:00Z,2026-08-11T13:15:00+0200,-5.0,EUR/MWh,DK1,DK_1,imbalance_price,Short,2026-08-23T05:51:55Z
2026-08-23T05:46:44Z,2026-08-23T07:46:44+0200,442f0342-0040-4db4-ac3f-85a7f822bcbf,2026-08-11T11:30:00Z,2026-08-11T13:30:00+0200,1.7,EUR/MWh,DK1,DK_1,imbalance_price,Long,2026-08-23T05:51:55Z
2026-08-23T05:46:44Z,2026-08-23T07:46:44+0200,442f0342-0040-4db4-ac3f-85a7f822bcbf,2026-08-11T11:30:00Z,2026-08-11T13:30:00+0200,1.7,EUR/MWh,DK1,DK_1,imbalance_price,Short,2026-08-23T05:51:55Z
2026-08-23T05:46:44Z,2026-08-23T07:46:44+0200,442f0342-0040-4db4-ac3f-85a7f822bcbf,2026-08-11T11:45:00Z,2026-08-11T13:45:00+0200,1.7,EUR/MWh,DK1,DK_1,imbalance_price,Long,2026-08-23T05:51:55Z
2026-08-23T05:46:44Z,2026-08-23T07:46:44+0200,442f0342-0040-4db4-ac3f-85a7f822bcbf,2026-08-11T11:45:00Z,2026-08-11T13:45:00+0200,1.7,EUR/MWh,DK1,DK_1,imbalance_price,Short,2026-08-23T05:51:55Z
2026-08-23T05:46:44Z,2026-08-23T07:46:44+0200,442f0342-0040-4db4-ac3f-85a7f822bcbf,2026-08-11T12:00:00Z,2026-08-11T14:00:00+0200,-5.83,EUR/MWh,DK1,DK_1,imbalance_price,Long,2026-08-23T05:51:55Z
2026-08-23T05:46:44Z,2026-08-23T07:46:44+0200,442f0342-0040-4db4-ac3f-85a7f822bcbf,2026-08-11T12:00:00Z,2026-08-11T14:00:00+0200,-5.83,EUR/MWh,DK1,DK_1,imbalance_price,Short,2026-08-23T05:51:55Z
2026-08-23T05:46:44Z,2026-08-23T07:46:44+0200,442f0342-0040-4db4-ac3f-85a7f822bcbf,2026-08-11T12:15:00Z,2026-08-11T14:15:00+0200,-5.0,EUR/MWh,DK1,DK_1,imbalance_price,Long,2026-08-23T05:51:55Z
2026-08-23T05:46:44Z,2026-08-23T07:46:44+0200,442f0342-0040-4db4-ac3f-85a7f822bcbf,2026-08-11T12:15:00Z,2026-08-11T14:15:00+0200,-5.0,EUR/MWh,DK1,DK_1,imbalance_price,Short,2026-08-23T05:51:55Z
2026-08-23T05:46:44Z,2026-08-23T07:46:44+0200,442f0342-0040-4db4-ac3f-85a7f822bcbf,2026-08-11T12:30:00Z,2026-08-11T14:30:00+0200,-2.54,EUR/MWh,DK1,DK_1,imbalance_price,Long,2026-08-23T05:51:55Z
2026-08-23T05:46:44Z,2026-08-23T07:46:44+0200,442f0342-0040-4db4-ac3f-85a7f822bcbf,2026-08-11T12:30:00Z,2026-08-11T14:30:00+0200,-2.54,EUR/MWh,DK1,DK_1,imbalance_price,Short,2026-08-23T05:51:55Z
2026-08-23T05:46:44Z,2026-08-23T07:46:44+0200,442f0342-0040-4db4-ac3f-85a7f822bcbf,2026-08-11T12:45:00Z,2026-08-11T14:45:00+0200,-12.86,EUR/MWh,DK1,DK_1,imbalance_price,Long,2026-08-23T05:51:55Z
2026-08-23T05:46:44Z,2026-08-23T07:46:44+0200,442f0342-0040-4db4-ac3f-85a7f822bcbf,2026-08-11T12:45:00Z,2026-08-11T14:45:00+0200,-12.86,EUR/MWh,DK1,DK_1,imbalance_price,Short,2026-08-23T05:51:55Z
2026-08-23T05:46:44Z,2026-08-23T07:46:44+0200,442f0342-0040-4db4-ac3f-85a7f822bcbf,2026-08-11T13:00:00Z,2026-08-11T15:00:00+0200,-17.49,EUR/MWh,DK1,DK_1,imbalance_price,Long,2026-08-23T05:51:55Z
2026-08-23T05:46:44Z,2026-08-23T07:46:44+0200,442f0342-0040-4db4-ac3f-85a7f822bcbf,2026-08-11T13:00:00Z,2026-08-11T15:00:00+0200,-17.49,EUR/MWh,DK1,DK_1,imbalance_price,Short,2026-08-23T05:51:55Z
2026-08-23T05:46:44Z,2026-08-23T07:46:44+0200,442f0342-0040-4db4-ac3f-85a7f822bcbf,2026-08-11T13:15:00Z,2026-08-11T15:15:00+0200,-11.27,EUR/MWh,DK1,DK_1,imbalance_price,Long,2026-08-23T05:51:55Z
2026-08-23T05:46:44Z,2026-08-23T07:46:44+0200,442f0342-0040-4db4-ac3f-85a7f822bcbf,2026-08-11T13:15:00Z,2026-08-11T15:15:00+0200,-11.27,EUR/MWh,DK1,DK_1,imbalance_price,Short,2026-08-23T05:51:55Z
2026-08-23T05:46:44Z,2026-08-23T07:46:44+0200,442f0342-0040-4db4-ac3f-85a7f822bcbf,2026-08-11T13:30:00Z,2026-08-11T15:30:00+0200,-3.39,EUR/MWh,DK1,DK_1,imbalance_price,Long,2026-08-23T05:51:55Z
2026-08-23T05:46:44Z,2026-08-23T07:46:44+0200,442f0342-0040-4db4-ac3f-85a7f822bcbf,2026-08-11T13:30:00Z,2026-08-11T15:30:00+0200,-3.39,EUR/MWh,DK1,DK_1,imbalance_price,Short,2026-08-23T05:51:55Z
2026-08-23T05:46:44Z,2026-08-23T07:46:44+0200,442f0342-0040-4db4-ac3f-85a7f822bcbf,2026-08-11T13:45:00Z,2026-08-11T15:45:00+0200,-9.21,EUR/MWh,DK1,DK_1,imbalance_price,Long,2026-08-23T05:51:55Z
2026-08-23T05:46:44Z,2026-08-23T07:46:44+0200,442f0342-0040-4db4-ac3f-85a7f822bcbf,2026-08-11T13:45:00Z,2026-08-11T15:45:00+0200,-9.21,EUR/MWh,DK1,DK_1,imbalance_price,Short,2026-08-23T05:51:55Z
2026-08-23T05:46:44Z,2026-08-23T07:46:44+0200,442f0342-0040-4db4-ac3f-85a7f822bcbf,2026-08-11T14:00:00Z,2026-08-11T16:00:00+0200,-1.0,EUR/MWh,DK1,DK_1,imbalance_price,Long,2026-08-23T05:51:55Z
2026-08-23T05:46:44Z,2026-08-23T07:46:44+0200,442f0342-0040-4db4-ac3f-85a7f822bcbf,2026-08-11T14:00:00Z,2026-08-11T16:00:00+0200,-1.0,EUR/MWh,DK1,DK_1,imbalance_price,Short,2026-08-23T05:51:55Z
2026-08-23T05:46:44Z,2026-08-23T07:46:44+0200,442f0342-0040-4db4-ac3f-85a7f822bcbf,2026-08-11T14:15:00Z,2026-08-11T16:15:00+0200,-1.0,EUR/MWh,DK1,DK_1,imbalance_price,Long,2026-08-23T05:51:55Z
2026-08-23T05:46:44Z,2026-08-23T07:46:44+0200,442f0342-0040-4db4-ac3f-85a7f822bcbf,2026-08-11T14:15:00Z,2026-08-11T16:15:00+0200,-1.0,EUR/MWh,DK1,DK_1,imbalance_price,Short,2026-08-23T05:51:55Z
2026-08-23T05:46:44Z,2026-08-23T07:46:44+0200,442f0342-0040-4db4-ac3f-85a7f822bcbf,2026-08-11T14:30:00Z,2026-08-11T16:30:00+0200,-1.29,EUR/MWh,DK1,DK_1,imbalance_price,Long,2026-08-23T05:51:55Z
2026-08-23T05:46:44Z,2026-08-23T07:46:44+0200,442f0342-0040-4db4-ac3f-85a7f822bcbf,2026-08-11T14:30:00Z,2026-08-11T16:30:00+0200,-1.29,EUR/MWh,DK1,DK_1,imbalance_price,Short,2026-08-23T05:51:55Z
2026-08-23T05:46:44Z,2026-08-23T07:46:44+0200,442f0342-0040-4db4-ac3f-85a7f822bcbf,2026-08-11T14:45:00Z,2026-08-11T16:45:00+0200,6.68,EUR/MWh,DK1,DK_1,imbalance_price,Long,2026-08-23T05:51:55Z
2026-08-23T05:46:44Z,2026-08-23T07:46:44+0200,442f0342-0040-4db4-ac3f-85a7f822bcbf,2026-08-11T14:45:00Z,2026-08-11T16:45:00+0200,6.68,EUR/MWh,DK1,DK_1,imbalance_price,Short,2026-08-23T05:51:55Z
2026-08-23T05:46:44Z,2026-08-23T07:46:44+0200,442f0342-0040-4db4-ac3f-85a7f822bcbf,2026-08-11T15:00:00Z,2026-08-11T17:00:00+0200,0.0,EUR/MWh,DK1,DK_1,imbalance_price,Long,2026-08-23T05:51:55Z
2026-08-23T05:46:44Z,2026-08-23T07:46:44+0200,442f0342-0040-4db4-ac3f-85a7f822bcbf,2026-08-11T15:00:00Z,2026-08-11T17:00:00+0200,0.0,EUR/MWh,DK1,DK_1,imbalance_price,Short,2026-08-23T05:51:55Z
2026-08-23T05:46:44Z,2026-08-23T07:46:44+0200,442f0342-0040-4db4-ac3f-85a7f822bcbf,2026-08-11T15:15:00Z,2026-08-11T17:15:00+0200,5.13,EUR/MWh,DK1,DK_1,imbalance_price,Long,2026-08-23T05:51:55Z
2026-08-23T05:46:44Z,2026-08-23T07:46:44+0200,442f0342-0040-4db4-ac3f-85a7f822bcbf,2026-08-11T15:15:00Z,2026-08-11T17:15:00+0200,5.13,EUR/MWh,DK1,DK_1,imbalance_price,Short,2026-08-23T05:51:55Z
2026-08-23T05:46:44Z,2026-08-23T07:46:44+0200,442f0342-0040-4db4-ac3f-85a7f822bcbf,2026-08-11T15:30:00Z,2026-08-11T17:30:00+0200,114.4,EUR/MWh,DK1,DK_1,imbalance_price,Long,2026-08-23T05:51:55Z
2026-08-23T05:46:44Z,2026-08-23T07:46:44+0200,442f0342-0040-4db4-ac3f-85a7f822bcbf,2026-08-11T15:30:00Z,2026-08-11T17:30:00+0200,114.4,EUR/MWh,DK1,DK_1,imbalance_price,Short,2026-08-23T05:51:55Z
2026-08-23T05:46:44Z,2026-08-23T07:46:44+0200,442f0342-0040-4db4-ac3f-85a7f822bcbf,2026-08-11T15:45:00Z,2026-08-11T17:45:00+0200,289.44,EUR/MWh,DK1,DK_1,imbalance_price,Long,2026-08-23T05:51:55Z
2026-08-23T05:46:44Z,2026-08-23T07:46:44+0200,442f0342-0040-4db4-ac3f-85a7f822bcbf,2026-08-11T15:45:00Z,2026-08-11T17:45:00+0200,289.44,EUR/MWh,DK1,DK_1,imbalance_price,Short,2026-08-23T05:51:55Z
2026-08-23T05:46:44Z,2026-08-23T07:46:44+0200,442f0342-0040-4db4-ac3f-85a7f822bcbf,2026-08-11T16:00:00Z,2026-08-11T18:00:00+0200,361.26,EUR/MWh,DK1,DK_1,imbalance_price,Long,2026-08-23T05:51:55Z
2026-08-23T05:46:44Z,2026-08-23T07:46:44+0200,442f0342-0040-4db4-ac3f-85a7f822bcbf,2026-08-11T16:00:00Z,2026-08-11T18:00:00+0200,361.26,EUR/MWh,DK1,DK_1,imbalance_price,Short,2026-08-23T05:51:55Z
2026-08-23T05:46:44Z,2026-08-23T07:46:44+0200,442f0342-0040-4db4-ac3f-85a7f822bcbf,2026-08-11T16:15:00Z,2026-08-11T18:15:00+0200,334.32,EUR/MWh,DK1,DK_1,imbalance_price,Long,2026-08-23T05:51:55Z
2026-08-23T05:46:44Z,2026-08-23T07:46:44+0200,442f0342-0040-4db4-ac3f-85a7f822bcbf,2026-08-11T16:15:00Z,2026-08-11T18:15:00+0200,334.32,EUR/MWh,DK1,DK_1,imbalance_price,Short,2026-08-23T05:51:55Z
2026-08-23T05:46:44Z,2026-08-23T07:46:44+0200,442f0342-0040-4db4-ac3f-85a7f822bcbf,2026-08-11T16:30:00Z,2026-08-11T18:30:00+0200,238.78,EUR/MWh,DK1,DK_1,imbalance_price,Long,2026-08-23T05:51:55Z
2026-08-23T05:46:44Z,2026-08-23T07:46:44+0200,442f0342-0040-4db4-ac3f-85a7f822bcbf,2026-08-11T16:30:00Z,2026-08-11T18:30:00+0200,238.78,EUR/MWh,DK1,DK_1,imbalance_price,Short,2026-08-23T05:51:55Z
2026-08-23T05:46:44Z,2026-08-23T07:46:44+0200,442f0342-0040-4db4-ac3f-85a7f822bcbf,2026-08-11T16:45:00Z,2026-08-11T18:45:00+0200,247.75,EUR/MWh,DK1,DK_1,imbalance_price,Long,2026-08-23T05:51:55Z
2026-08-23T05:46:44Z,2026-08-23T07:46:44+0200,442f0342-0040-4db4-ac3f-85a7f822bcbf,2026-08-11T16:45:00Z,2026-08-11T18:45:00+0200,247.75,EUR/MWh,DK1,DK_1,imbalance_price,Short,2026-08-23T05:51:55Z
2026-08-23T05:46:44Z,2026-08-23T07:46:44+0200,442f0342-0040-4db4-ac3f-85a7f822bcbf,2026-08-11T17:00:00Z,2026-08-11T19:00:00+0200,153.71,EUR/MWh,DK1,DK_1,imbalance_price,Long,2026-08-23T05:51:55Z
2026-08-23T05:46:44Z,2026-08-23T07:46:44+0200,442f0342-0040-4db4-ac3f-85a7f822bcbf,2026-08-11T17:00:00Z,2026-08-11T19:00:00+0200,153.71,EUR/MWh,DK1,DK_1,imbalance_price,Short,2026-08-23T05:51:55Z
2026-08-23T05:46:44Z,2026-08-23T07:46:44+0200,442f0342-0040-4db4-ac3f-85a7f822bcbf,2026-08-11T17:15:00Z,2026-08-11T19:15:00+0200,163.97,EUR/MWh,DK1,DK_1,imbalance_price,Long,2026-08-23T05:51:55Z
2026-08-23T05:46:44Z,2026-08-23T07:46:44+0200,442f0342-0040-4db4-ac3f-85a7f822bcbf,2026-08-11T17:15:00Z,2026-08-11T19:15:00+0200,163.97,EUR/MWh,DK1,DK_1,imbalance_price,Short,2026-08-23T05:51:55Z
2026-08-23T05:46:44Z,2026-08-23T07:46:44+0200,442f0342-0040-4db4-ac3f-85a7f822bcbf,2026-08-11T17:30:00Z,2026-08-11T19:30:00+0200,136.88,EUR/MWh,DK1,DK_1,imbalance_price,Long,2026-08-23T05:51:55Z
2026-08-23T05:46:44Z,2026-08-23T07:46:44+0200,442f0342-0040-4db4-ac3f-85a7f822bcbf,2026-08-11T17:30:00Z,2026-08-11T19:30:00+0200,136.88,EUR/MWh,DK1,DK_1,imbalance_price,Short,2026-08-23T05:51:55Z
2026-08-23T05:46:44Z,2026-08-23T07:46:44+0200,442f0342-0040-4db4-ac3f-85a7f822bcbf,2026-08-11T17:45:00Z,2026-08-11T19:45:00+0200,144.31,EUR/MWh,DK1,DK_1,imbalance_price,Long,2026-08-23T05:51:55Z
2026-08-23T05:46:44Z,2026-08-23T07:46:44+0200,442f0342-0040-4db4-ac3f-85a7f822bcbf,2026-08-11T17:45:00Z,2026-08-11T19:45:00+0200,144.31,EUR/MWh,DK1,DK_1,imbalance_price,Short,2026-08-23T05:51:55Z
2026-08-23T05:46:44Z,2026-08-23T07:46:44+0200,442f0342-0040-4db4-ac3f-85a7f822bcbf,2026-08-11T18:00:00Z,2026-08-11T20:00:00+0200,142.75,EUR/MWh,DK1,DK_1,imbalance_price,Long,2026-08-23T05:51:55Z
2026-08-23T05:46:44Z,2026-08-23T07:46:44+0200,442f0342-0040-4db4-ac3f-85a7f822bcbf,2026-08-11T18:00:00Z,2026-08-11T20:00:00+0200,142.75,EUR/MWh,DK1,DK_1,imbalance_price,Short,2026-08-23T05:51:55Z
2026-08-23T05:46:44Z,2026-08-23T07:46:44+0200,442f0342-0040-4db4-ac3f-85a7f822bcbf,2026-08-11T18:15:00Z,2026-08-11T20:15:00+0200,142.91,EUR/MWh,DK1,DK_1,imbalance_price,Long,2026-08-23T05:51:55Z
2026-08-23T05:46:44Z,2026-08-23T07:46:44+0200,442f0342-0040-4db4-ac3f-85a7f822bcbf,2026-08-11T18:15:00Z,2026-08-11T20:15:00+0200,142.91,EUR/MWh,DK1,DK_1,imbalance_price,Short,2026-08-23T05:51:55Z
2026-08-23T05:46:44Z,2026-08-23T07:46:44+0200,442f0342-0040-4db4-ac3f-85a7f822bcbf,2026-08-11T18:30:00Z,2026-08-11T20:30:00+0200,136.95,EUR/MWh,DK1,DK_1,imbalance_price,Long,2026-08-23T05:51:55Z
2026-08-23T05:46:44Z,2026-08-23T07:46:44+0200,442f0342-0040-4db4-ac3f-85a7f822bcbf,2026-08-11T18:30:00Z,2026-08-11T20:30:00+0200,136.95,EUR/MWh,DK1,DK_1,imbalance_price,Short,2026-08-23T05:51:55Z
2026-08-23T05:46:44Z,2026-08-23T07:46:44+0200,442f0342-0040-4db4-ac3f-85a7f822bcbf,2026-08-11T18:45:00Z,2026-08-11T20:45:00+0200,201.81,EUR/MWh,DK1,DK_1,imbalance_price,Long,2026-08-23T05:51:55Z
2026-08-23T05:46:44Z,2026-08-23T07:46:44+0200,442f0342-0040-4db4-ac3f-85a7f822bcbf,2026-08-11T18:45:00Z,2026-08-11T20:45:00+0200,201.81,EUR/MWh,DK1,DK_1,imbalance_price,Short,2026-08-23T05:51:55Z
2026-08-23T05:46:44Z,2026-08-23T07:46:44+0200,442f0342-0040-4db4-ac3f-85a7f822bcbf,2026-08-11T19:00:00Z,2026-08-11T21:00:00+0200,334.5,EUR/MWh,DK1,DK_1,imbalance_price,Long,2026-08-23T05:51:55Z
2026-08-23T05:46:44Z,2026-08-23T07:46:44+0200,442f0342-0040-4db4-ac3f-85a7f822bcbf,2026-08-11T19:00:00Z,2026-08-11T21:00:00+0200,334.5,EUR/MWh,DK1,DK_1,imbalance_price,Short,2026-08-23T05:51:55Z
2026-08-23T05:46:44Z,2026-08-23T07:46:44+0200,442f0342-0040-4db4-ac3f-85a7f822bcbf,2026-08-11T19:15:00Z,2026-08-11T21:15:00+0200,193.81,EUR/MWh,DK1,DK_1,imbalance_price,Long,2026-08-23T05:51:55Z
2026-08-23T05:46:44Z,2026-08-23T07:46:44+0200,442f0342-0040-4db4-ac3f-85a7f822bcbf,2026-08-11T19:15:00Z,2026-08-11T21:15:00+0200,193.81,EUR/MWh,DK1,DK_1,imbalance_price,Short,2026-08-23T05:51:55Z
2026-08-23T05:46:44Z,2026-08-23T07:46:44+0200,442f0342-0040-4db4-ac3f-85a7f822bcbf,2026-08-11T19:30:00Z,2026-08-11T21:30:00+0200,188.79,EUR/MWh,DK1,DK_1,imbalance_price,Long,2026-08-23T05:51:55Z
2026-08-23T05:46:44Z,2026-08-23T07:46:44+0200,442f0342-0040-4db4-ac3f-85a7f822bcbf,2026-08-11T19:30:00Z,2026-08-11T21:30:00+0200,188.79,EUR/MWh,DK1,DK_1,imbalance_price,Short,2026-08-23T05:51:55Z
2026-08-23T05:46:44Z,2026-08-23T07:46:44+0200,442f0342-0040-4db4-ac3f-85a7f822bcbf,2026-08-11T19:45:00Z,2026-08-11T21:45:00+0200,173.7,EUR/MWh,DK1,DK_1,imbalance_price,Long,2026-08-23T05:51:55Z
2026-08-23T05:46:44Z,2026-08-23T07:46:44+0200,442f0342-0040-4db4-ac3f-85a7f822bcbf,2026-08-11T19:45:00Z,2026-08-11T21:45:00+0200,173.7,EUR/MWh,DK1,DK_1,imbalance_price,Short,2026-08-23T05:51:55Z
2026-08-23T05:46:44Z,2026-08-23T07:46:44+0200,442f0342-0040-4db4-ac3f-85a7f822bcbf,2026-08-11T20:00:00Z,2026-08-11T22:00:00+0200,269.04,EUR/MWh,DK1,DK_1,imbalance_price,Long,2026-08-23T05:51:55Z
2026-08-23T05:46:44Z,2026-08-23T07:46:44+0200,442f0342-0040-4db4-ac3f-85a7f822bcbf,2026-08-11T20:00:00Z,2026-08-11T22:00:00+0200,269.04,EUR/MWh,DK1,DK_1,imbalance_price,Short,2026-08-23T05:51:55Z
2026-08-23T05:46:44Z,2026-08-23T07:46:44+0200,442f0342-0040-4db4-ac3f-85a7f822bcbf,2026-08-11T20:15:00Z,2026-08-11T22:15:00+0200,267.56,EUR/MWh,DK1,DK_1,imbalance_price,Long,2026-08-23T05:51:55Z
2026-08-23T05:46:44Z,2026-08-23T07:46:44+0200,442f0342-0040-4db4-ac3f-85a7f822bcbf,2026-08-11T20:15:00Z,2026-08-11T22:15:00+0200,267.56,EUR/MWh,DK1,DK_1,imbalance_price,Short,2026-08-23T05:51:55Z
2026-08-23T05:46:44Z,2026-08-23T07:46:44+0200,442f0342-0040-4db4-ac3f-85a7f822bcbf,2026-08-11T20:30:00Z,2026-08-11T22:30:00+0200,75.37,EUR/MWh,DK1,DK_1,imbalance_price,Long,2026-08-23T05:51:55Z
2026-08-23T05:46:44Z,2026-08-23T07:46:44+0200,442f0342-0040-4db4-ac3f-85a7f822bcbf,2026-08-11T20:30:00Z,2026-08-11T22:30:00+0200,75.37,EUR/MWh,DK1,DK_1,imbalance_price,Short,2026-08-23T05:51:55Z
2026-08-23T05:46:44Z,2026-08-23T07:46:44+0200,442f0342-0040-4db4-ac3f-85a7f822bcbf,2026-08-11T20:45:00Z,2026-08-11T22:45:00+0200,80.07,EUR/MWh,DK1,DK_1,imbalance_price,Long,2026-08-23T05:51:55Z
2026-08-23T05:46:44Z,2026-08-23T07:46:44+0200,442f0342-0040-4db4-ac3f-85a7f822bcbf,2026-08-11T20:45:00Z,2026-08-11T22:45:00+0200,80.07,EUR/MWh,DK1,DK_1,imbalance_price,Short,2026-08-23T05:51:55Z
2026-08-23T05:46:44Z,2026-08-23T07:46:44+0200,442f0342-0040-4db4-ac3f-85a7f822bcbf,2026-08-11T21:00:00Z,2026-08-11T23:00:00+0200,82.68,EUR/MWh,DK1,DK_1,imbalance_price,Long,2026-08-23T05:51:55Z
2026-08-23T05:46:44Z,2026-08-23T07:46:44+0200,442f0342-0040-4db4-ac3f-85a7f822bcbf,2026-08-11T21:00:00Z,2026-08-11T23:00:00+0200,82.68,EUR/MWh,DK1,DK_1,imbalance_price,Short,2026-08-23T05:51:55Z
2026-08-23T05:46:44Z,2026-08-23T07:46:44+0200,442f0342-0040-4db4-ac3f-85a7f822bcbf,2026-08-11T21:15:00Z,2026-08-11T23:15:00+0200,103.59,EUR/MWh,DK1,DK_1,imbalance_price,Long,2026-08-23T05:51:55Z
2026-08-23T05:46:44Z,2026-08-23T07:46:44+0200,442f0342-0040-4db4-ac3f-85a7f822bcbf,2026-08-11T21:15:00Z,2026-08-11T23:15:00+0200,103.59,EUR/MWh,DK1,DK_1,imbalance_price,Short,2026-08-23T05:51:55Z
2026-08-23T05:46:44Z,2026-08-23T07:46:44+0200,442f0342-0040-4db4-ac3f-85a7f822bcbf,2026-08-11T21:30:00Z,2026-08-11T23:30:00+0200,115.23,EUR/MWh,DK1,DK_1,imbalance_price,Long,2026-08-23T05:51:55Z
2026-08-23T05:46:44Z,2026-08-23T07:46:44+0200,442f0342-0040-4db4-ac3f-85a7f822bcbf,2026-08-11T21:30:00Z,2026-08-11T23:30:00+0200,115.23,EUR/MWh,DK1,DK_1,imbalance_price,Short,2026-08-23T05:51:55Z
2026-08-23T05:46:44Z,2026-08-23T07:46:44+0200,442f0342-0040-4db4-ac3f-85a7f822bcbf,2026-08-11T21:45:00Z,2026-08-11T23:45:00+0200,5.34,EUR/MWh,DK1,DK_1,imbalance_price,Long,2026-08-23T05:51:55Z
2026-08-23T05:46:44Z,2026-08-23T07:46:44+0200,442f0342-0040-4db4-ac3f-85a7f822bcbf,2026-08-11T21:45:00Z,2026-08-11T23:45:00+0200,5.34,EUR/MWh,DK1,DK_1,imbalance_price,Short,2026-08-23T05:51:55Z
2026-08-23T05:46:44Z,2026-08-23T07:46:44+0200,442f0342-0040-4db4-ac3f-85a7f822bcbf,2026-08-11T22:00:00Z,2026-08-12T00:00:00+0200,59.28,EUR/MWh,DK1,DK_1,imbalance_price,Long,2026-08-23T05:51:55Z
2026-08-23T05:46:44Z,2026-08-23T07:46:44+0200,442f0342-0040-4db4-ac3f-85a7f822bcbf,2026-08-11T22:00:00Z,2026-08-12T00:00:00+0200,59.28,EUR/MWh,DK1,DK_1,imbalance_price,Short,2026-08-23T05:51:55Z
2026-08-23T05:46:44Z,2026-08-23T07:46:44+0200,442f0342-0040-4db4-ac3f-85a7f822bcbf,2026-08-11T22:15:00Z,2026-08-12T00:15:00+0200,158.92,EUR/MWh,DK1,DK_1,imbalance_price,Long,2026-08-23T05:51:55Z
2026-08-23T05:46:44Z,2026-08-23T07:46:44+0200,442f0342-0040-4db4-ac3f-85a7f822bcbf,2026-08-11T22:15:00Z,2026-08-12T00:15:00+0200,158.92,EUR/MWh,DK1,DK_1,imbalance_price,Short,2026-08-23T05:51:55Z
2026-08-23T05:46:44Z,2026-08-23T07:46:44+0200,442f0342-0040-4db4-ac3f-85a7f822bcbf,2026-08-11T22:30:00Z,2026-08-12T00:30:00+0200,105.43,EUR/MWh,DK1,DK_1,imbalance_price,Long,2026-08-23T05:51:55Z
2026-08-23T05:46:44Z,2026-08-23T07:46:44+0200,442f0342-0040-4db4-ac3f-85a7f822bcbf,2026-08-11T22:30:00Z,2026-08-12T00:30:00+0200,105.43,EUR/MWh,DK1,DK_1,imbalance_price,Short,2026-08-23T05:51:55Z
2026-08-23T05:46:44Z,2026-08-23T07:46:44+0200,442f0342-0040-4db4-ac3f-85a7f822bcbf,2026-08-11T22:45:00Z,2026-08-12T00:45:00+0200,112.35,EUR/MWh,DK1,DK_1,imbalance_price,Long,2026-08-23T05:51:55Z
2026-08-23T05:46:44Z,2026-08-23T07:46:44+0200,442f0342-0040-4db4-ac3f-85a7f822bcbf,2026-08-11T22:45:00Z,2026-08-12T00:45:00+0200,112.35,EUR/MWh,DK1,DK_1,imbalance_price,Short,2026-08-23T05:51:55Z
2026-08-23T05:46:44Z,2026-08-23T07:46:44+0200,442f0342-0040-4db4-ac3f-85a7f822bcbf,2026-08-11T23:00:00Z,2026-08-12T01:00:00+0200,154.42,EUR/MWh,DK1,DK_1,imbalance_price,Long,2026-08-23T05:51:55Z
2026-08-23T05:46:44Z,2026-08-23T07:46:44+0200,442f0342-0040-4db4-ac3f-85a7f822bcbf,2026-08-11T23:00:00Z,2026-08-12T01:00:00+0200,154.42,EUR/MWh,DK1,DK_1,imbalance_price,Short,2026-08-23T05:51:55Z
2026-08-23T05:46:44Z,2026-08-23T07:46:44+0200,442f0342-0040-4db4-ac3f-85a7f822bcbf,2026-08-11T23:15:00Z,2026-08-12T01:15:00+0200,105.43,EUR/MWh,DK1,DK_1,imbalance_price,Long,2026-08-23T05:51:55Z
2026-08-23T05:46:44Z,2026-08-23T07:46:44+0200,442f0342-0040-4db4-ac3f-85a7f822bcbf,2026-08-11T23:15:00Z,2026-08-12T01:15:00+0200,105.43,EUR/MWh,DK1,DK_1,imbalance_price,Short,2026-08-23T05:51:55Z
2026-08-23T05:46:44Z,2026-08-23T07:46:44+0200,442f0342-0040-4db4-ac3f-85a7f822bcbf,2026-08-11T23:30:00Z,2026-08-12T01:30:00+0200,147.87,EUR/MWh,DK1,DK_1,imbalance_price,Long,2026-08-23T05:51:55Z
2026-08-23T05:46:44Z,2026-08-23T07:46:44+0200,442f0342-0040-4db4-ac3f-85a7f822bcbf,2026-08-11T23:30:00Z,2026-08-12T01:30:00+0200,147.87,EUR/MWh,DK1,DK_1,imbalance_price,Short,2026-08-23T05:51:55Z
2026-08-23T05:46:44Z,2026-08-23T07:46:44+0200,442f0342-0040-4db4-ac3f-85a7f822bcbf,2026-08-11T23:45:00Z,2026-08-12T01:45:00+0200,114.46,EUR/MWh,DK1,DK_1,imbalance_price,Long,2026-08-23T05:51:55Z
2026-08-23T05:46:44Z,2026-08-23T07:46:44+0200,442f0342-0040-4db4-ac3f-85a7f822bcbf,2026-08-11T23:45:00Z,2026-08-12T01:45:00+0200,114.46,EUR/MWh,DK1,DK_1,imbalance_price,Short,2026-08-23T05:51:55Z
2026-08-23T05:46:44Z,2026-08-23T07:46:44+0200,442f0342-0040-4db4-ac3f-85a7f822bcbf,2026-08-12T00:00:00Z,2026-08-12T02:00:00+0200,112.5,EUR/MWh,DK1,DK_1,imbalance_price,Long,2026-08-23T05:51:55Z
2026-08-23T05:46:44Z,2026-08-23T07:46:44+0200,442f0342-0040-4db4-ac3f-85a7f822bcbf,2026-08-12T00:00:00Z,2026-08-12T02:00:00+0200,112.5,EUR/MWh,DK1,DK_1,imbalance_price,Short,2026-08-23T05:51:55Z
2026-08-23T05:46:44Z,2026-08-23T07:46:44+0200,442f0342-0040-4db4-ac3f-85a7f822bcbf,2026-08-12T00:15:00Z,2026-08-12T02:15:00+0200,113.43,EUR/MWh,DK1,DK_1,imbalance_price,Long,2026-08-23T05:51:55Z
2026-08-23T05:46:44Z,2026-08-23T07:46:44+0200,442f0342-0040-4db4-ac3f-85a7f822bcbf,2026-08-12T00:15:00Z,2026-08-12T02:15:00+0200,113.43,EUR/MWh,DK1,DK_1,imbalance_price,Short,2026-08-23T05:51:55Z
2026-08-23T05:46:44Z,2026-08-23T07:46:44+0200,442f0342-0040-4db4-ac3f-85a7f822bcbf,2026-08-12T00:30:00Z,2026-08-12T02:30:00+0200,142.86,EUR/MWh,DK1,DK_1,imbalance_price,Long,2026-08-23T05:51:55Z
2026-08-23T05:46:44Z,2026-08-23T07:46:44+0200,442f0342-0040-4db4-ac3f-85a7f822bcbf,2026-08-12T00:30:00Z,2026-08-12T02:30:00+0200,142.86,EUR/MWh,DK1,DK_1,imbalance_price,Short,2026-08-23T05:51:55Z
2026-08-23T05:46:44Z,2026-08-23T07:46:44+0200,442f0342-0040-4db4-ac3f-85a7f822bcbf,2026-08-12T00:45:00Z,2026-08-12T02:45:00+0200,109.48,EUR/MWh,DK1,DK_1,imbalance_price,Long,2026-08-23T05:51:55Z
2026-08-23T05:46:44Z,2026-08-23T07:46:44+0200,442f0342-0040-4db4-ac3f-85a7f822bcbf,2026-08-12T00:45:00Z,2026-08-12T02:45:00+0200,109.48,EUR/MWh,DK1,DK_1,imbalance_price,Short,2026-08-23T05:51:55Z
2026-08-23T05:46:44Z,2026-08-23T07:46:44+0200,442f0342-0040-4db4-ac3f-85a7f822bcbf,2026-08-12T01:00:00Z,2026-08-12T03:00:00+0200,114.13,EUR/MWh,DK1,DK_1,imbalance_price,Long,2026-08-23T05:51:55Z
2026-08-23T05:46:44Z,2026-08-23T07:46:44+0200,442f0342-0040-4db4-ac3f-85a7f822bcbf,2026-08-12T01:00:00Z,2026-08-12T03:00:00+0200,114.13,EUR/MWh,DK1,DK_1,imbalance_price,Short,2026-08-23T05:51:55Z
2026-08-23T05:46:44Z,2026-08-23T07:46:44+0200,442f0342-0040-4db4-ac3f-85a7f822bcbf,2026-08-12T01:15:00Z,2026-08-12T03:15:00+0200,109.68,EUR/MWh,DK1,DK_1,imbalance_price,Long,2026-08-23T05:51:55Z
2026-08-23T05:46:44Z,2026-08-23T07:46:44+0200,442f0342-0040-4db4-ac3f-85a7f822bcbf,2026-08-12T01:15:00Z,2026-08-12T03:15:00+0200,109.68,EUR/MWh,DK1,DK_1,imbalance_price,Short,2026-08-23T05:51:55Z
2026-08-23T05:46:44Z,2026-08-23T07:46:44+0200,442f0342-0040-4db4-ac3f-85a7f822bcbf,2026-08-12T01:30:00Z,2026-08-12T03:30:00+0200,122.59,EUR/MWh,DK1,DK_1,imbalance_price,Long,2026-08-23T05:51:55Z
2026-08-23T05:46:44Z,2026-08-23T07:46:44+0200,442f0342-0040-4db4-ac3f-85a7f822bcbf,2026-08-12T01:30:00Z,2026-08-12T03:30:00+0200,122.59,EUR/MWh,DK1,DK_1,imbalance_price,Short,2026-08-23T05:51:55Z
2026-08-23T05:46:44Z,2026-08-23T07:46:44+0200,442f0342-0040-4db4-ac3f-85a7f822bcbf,2026-08-12T01:45:00Z,2026-08-12T03:45:00+0200,120.67,EUR/MWh,DK1,DK_1,imbalance_price,Long,2026-08-23T05:51:55Z
2026-08-23T05:46:44Z,2026-08-23T07:46:44+0200,442f0342-0040-4db4-ac3f-85a7f822bcbf,2026-08-12T01:45:00Z,2026-08-12T03:45:00+0200,120.67,EUR/MWh,DK1,DK_1,imbalance_price,Short,2026-08-23T05:51:55Z
2026-08-23T05:46:44Z,2026-08-23T07:46:44+0200,442f0342-0040-4db4-ac3f-85a7f822bcbf,2026-08-12T02:00:00Z,2026-08-12T04:00:00+0200,115.2,EUR/MWh,DK1,DK_1,imbalance_price,Long,2026-08-23T05:51:55Z
2026-08-23T05:46:44Z,2026-08-23T07:46:44+0200,442f0342-0040-4db4-ac3f-85a7f822bcbf,2026-08-12T02:00:00Z,2026-08-12T04:00:00+0200,115.2,EUR/MWh,DK1,DK_1,imbalance_price,Short,2026-08-23T05:51:55Z
2026-08-23T05:46:44Z,2026-08-23T07:46:44+0200,442f0342-0040-4db4-ac3f-85a7f822bcbf,2026-08-12T02:15:00Z,2026-08-12T04:15:00+0200,126.85,EUR/MWh,DK1,DK_1,imbalance_price,Long,2026-08-23T05:51:55Z
2026-08-23T05:46:44Z,2026-08-23T07:46:44+0200,442f0342-0040-4db4-ac3f-85a7f822bcbf,2026-08-12T02:15:00Z,2026-08-12T04:15:00+0200,126.85,EUR/MWh,DK1,DK_1,imbalance_price,Short,2026-08-23T05:51:55Z
2026-08-23T05:46:44Z,2026-08-23T07:46:44+0200,442f0342-0040-4db4-ac3f-85a7f822bcbf,2026-08-12T02:30:00Z,2026-08-12T04:30:00+0200,113.91,EUR/MWh,DK1,DK_1,imbalance_price,Long,2026-08-23T05:51:55Z
2026-08-23T05:46:44Z,2026-08-23T07:46:44+0200,442f0342-0040-4db4-ac3f-85a7f822bcbf,2026-08-12T02:30:00Z,2026-08-12T04:30:00+0200,113.91,EUR/MWh,DK1,DK_1,imbalance_price,Short,2026-08-23T05:51:55Z
2026-08-23T05:46:44Z,2026-08-23T07:46:44+0200,442f0342-0040-4db4-ac3f-85a7f822bcbf,2026-08-12T02:45:00Z,2026-08-12T04:45:00+0200,114.19,EUR/MWh,DK1,DK_1,imbalance_price,Long,2026-08-23T05:51:55Z
2026-08-23T05:46:44Z,2026-08-23T07:46:44+0200,442f0342-0040-4db4-ac3f-85a7f822bcbf,2026-08-12T02:45:00Z,2026-08-12T04:45:00+0200,114.19,EUR/MWh,DK1,DK_1,imbalance_price,Short,2026-08-23T05:51:55Z
2026-08-23T05:46:44Z,2026-08-23T07:46:44+0200,442f0342-0040-4db4-ac3f-85a7f822bcbf,2026-08-12T03:00:00Z,2026-08-12T05:00:00+0200,118.72,EUR/MWh,DK1,DK_1,imbalance_price,Long,2026-08-23T05:51:55Z
2026-08-23T05:46:44Z,2026-08-23T07:46:44+0200,442f0342-0040-4db4-ac3f-85a7f822bcbf,2026-08-12T03:00:00Z,2026-08-12T05:00:00+0200,118.72,EUR/MWh,DK1,DK_1,imbalance_price,Short,2026-08-23T05:51:55Z
2026-08-23T05:46:44Z,2026-08-23T07:46:44+0200,442f0342-0040-4db4-ac3f-85a7f822bcbf,2026-08-12T03:15:00Z,2026-08-12T05:15:00+0200,119.85,EUR/MWh,DK1,DK_1,imbalance_price,Long,2026-08-23T05:51:55Z
2026-08-23T05:46:44Z,2026-08-23T07:46:44+0200,442f0342-0040-4db4-ac3f-85a7f822bcbf,2026-08-12T03:15:00Z,2026-08-12T05:15:00+0200,119.85,EUR/MWh,DK1,DK_1,imbalance_price,Short,2026-08-23T05:51:55Z
2026-08-23T05:46:44Z,2026-08-23T07:46:44+0200,442f0342-0040-4db4-ac3f-85a7f822bcbf,2026-08-12T03:30:00Z,2026-08-12T05:30:00+0200,158.36,EUR/MWh,DK1,DK_1,imbalance_price,Long,2026-08-23T05:51:55Z
2026-08-23T05:46:44Z,2026-08-23T07:46:44+0200,442f0342-0040-4db4-ac3f-85a7f822bcbf,2026-08-12T03:30:00Z,2026-08-12T05:30:00+0200,158.36,EUR/MWh,DK1,DK_1,imbalance_price,Short,2026-08-23T05:51:55Z
2026-08-23T05:46:44Z,2026-08-23T07:46:44+0200,442f0342-0040-4db4-ac3f-85a7f822bcbf,2026-08-12T03:45:00Z,2026-08-12T05:45:00+0200,162.01,EUR/MWh,DK1,DK_1,imbalance_price,Long,2026-08-23T05:51:55Z
2026-08-23T05:46:44Z,2026-08-23T07:46:44+0200,442f0342-0040-4db4-ac3f-85a7f822bcbf,2026-08-12T03:45:00Z,2026-08-12T05:45:00+0200,162.01,EUR/MWh,DK1,DK_1,imbalance_price,Short,2026-08-23T05:51:55Z
2026-08-23T05:46:44Z,2026-08-23T07:46:44+0200,442f0342-0040-4db4-ac3f-85a7f822bcbf,2026-08-12T04:00:00Z,2026-08-12T06:00:00+0200,171.29,EUR/MWh,DK1,DK_1,imbalance_price,Long,2026-08-23T05:51:55Z
2026-08-23T05:46:44Z,2026-08-23T07:46:44+0200,442f0342-0040-4db4-ac3f-85a7f822bcbf,2026-08-12T04:00:00Z,2026-08-12T06:00:00+0200,171.29,EUR/MWh,DK1,DK_1,imbalance_price,Short,2026-08-23T05:51:55Z
2026-08-23T05:46:44Z,2026-08-23T07:46:44+0200,442f0342-0040-4db4-ac3f-85a7f822bcbf,2026-08-12T04:15:00Z,2026-08-12T06:15:00+0200,240.8,EUR/MWh,DK1,DK_1,imbalance_price,Long,2026-08-23T05:51:55Z
2026-08-23T05:46:44Z,2026-08-23T07:46:44+0200,442f0342-0040-4db4-ac3f-85a7f822bcbf,2026-08-12T04:15:00Z,2026-08-12T06:15:00+0200,240.8,EUR/MWh,DK1,DK_1,imbalance_price,Short,2026-08-23T05:51:55Z
2026-08-23T05:46:44Z,2026-08-23T07:46:44+0200,442f0342-0040-4db4-ac3f-85a7f822bcbf,2026-08-12T04:30:00Z,2026-08-12T06:30:00+0200,267.6,EUR/MWh,DK1,DK_1,imbalance_price,Long,2026-08-23T05:51:55Z
2026-08-23T05:46:44Z,2026-08-23T07:46:44+0200,442f0342-0040-4db4-ac3f-85a7f822bcbf,2026-08-12T04:30:00Z,2026-08-12T06:30:00+0200,267.6,EUR/MWh,DK1,DK_1,imbalance_price,Short,2026-08-23T05:51:55Z
2026-08-23T05:46:44Z,2026-08-23T07:46:44+0200,442f0342-0040-4db4-ac3f-85a7f822bcbf,2026-08-12T04:45:00Z,2026-08-12T06:45:00+0200,308.68,EUR/MWh,DK1,DK_1,imbalance_price,Long,2026-08-23T05:51:55Z
2026-08-23T05:46:44Z,2026-08-23T07:46:44+0200,442f0342-0040-4db4-ac3f-85a7f822bcbf,2026-08-12T04:45:00Z,2026-08-12T06:45:00+0200,308.68,EUR/MWh,DK1,DK_1,imbalance_price,Short,2026-08-23T05:51:55Z
2026-08-23T05:46:44Z,2026-08-23T07:46:44+0200,442f0342-0040-4db4-ac3f-85a7f822bcbf,2026-08-12T05:00:00Z,2026-08-12T07:00:00+0200,259.0,EUR/MWh,DK1,DK_1,imbalance_price,Long,2026-08-23T05:51:55Z
2026-08-23T05:46:44Z,2026-08-23T07:46:44+0200,442f0342-0040-4db4-ac3f-85a7f822bcbf,2026-08-12T05:00:00Z,2026-08-12T07:00:00+0200,259.0,EUR/MWh,DK1,DK_1,imbalance_price,Short,2026-08-23T05:51:55Z
2026-08-23T05:46:44Z,2026-08-23T07:46:44+0200,442f0342-0040-4db4-ac3f-85a7f822bcbf,2026-08-12T05:15:00Z,2026-08-12T07:15:00+0200,267.6,EUR/MWh,DK1,DK_1,imbalance_price,Long,2026-08-23T05:51:55Z
2026-08-23T05:46:44Z,2026-08-23T07:46:44+0200,442f0342-0040-4db4-ac3f-85a7f822bcbf,2026-08-12T05:15:00Z,2026-08-12T07:15:00+0200,267.6,EUR/MWh,DK1,DK_1,imbalance_price,Short,2026-08-23T05:51:55Z
2026-08-23T05:46:44Z,2026-08-23T07:46:44+0200,442f0342-0040-4db4-ac3f-85a7f822bcbf,2026-08-12T05:30:00Z,2026-08-12T07:30:00+0200,96.52,EUR/MWh,DK1,DK_1,imbalance_price,Long,2026-08-23T05:51:55Z
2026-08-23T05:46:44Z,2026-08-23T07:46:44+0200,442f0342-0040-4db4-ac3f-85a7f822bcbf,2026-08-12T05:30:00Z,2026-08-12T07:30:00+0200,96.52,EUR/MWh,DK1,DK_1,imbalance_price,Short,2026-08-23T05:51:55Z
2026-08-23T05:46:44Z,2026-08-23T07:46:44+0200,442f0342-0040-4db4-ac3f-85a7f822bcbf,2026-08-12T05:45:00Z,2026-08-12T07:45:00+0200,106.6,EUR/MWh,DK1,DK_1,imbalance_price,Long,2026-08-23T05:51:55Z
2026-08-23T05:46:44Z,2026-08-23T07:46:44+0200,442f0342-0040-4db4-ac3f-85a7f822bcbf,2026-08-12T05:45:00Z,2026-08-12T07:45:00+0200,106.6,EUR/MWh,DK1,DK_1,imbalance_price,Short,2026-08-23T05:51:55Z
2026-08-23T05:46:44Z,2026-08-23T07:46:44+0200,442f0342-0040-4db4-ac3f-85a7f822bcbf,2026-08-12T06:00:00Z,2026-08-12T08:00:00+0200,105.53,EUR/MWh,DK1,DK_1,imbalance_price,Long,2026-08-23T05:51:55Z
2026-08-23T05:46:44Z,2026-08-23T07:46:44+0200,442f0342-0040-4db4-ac3f-85a7f822bcbf,2026-08-12T06:00:00Z,2026-08-12T08:00:00+0200,105.53,EUR/MWh,DK1,DK_1,imbalance_price,Short,2026-08-23T05:51:55Z
2026-08-23T05:46:44Z,2026-08-23T07:46:44+0200,442f0342-0040-4db4-ac3f-85a7f822bcbf,2026-08-12T06:15:00Z,2026-08-12T08:15:00+0200,105.43,EUR/MWh,DK1,DK_1,imbalance_price,Long,2026-08-23T05:51:55Z
2026-08-23T05:46:44Z,2026-08-23T07:46:44+0200,442f0342-0040-4db4-ac3f-85a7f822bcbf,2026-08-12T06:15:00Z,2026-08-12T08:15:00+0200,105.43,EUR/MWh,DK1,DK_1,imbalance_price,Short,2026-08-23T05:51:55Z
2026-08-23T05:46:44Z,2026-08-23T07:46:44+0200,442f0342-0040-4db4-ac3f-85a7f822bcbf,2026-08-12T06:30:00Z,2026-08-12T08:30:00+0200,156.68,EUR/MWh,DK1,DK_1,imbalance_price,Long,2026-08-23T05:51:55Z
2026-08-23T05:46:44Z,2026-08-23T07:46:44+0200,442f0342-0040-4db4-ac3f-85a7f822bcbf,2026-08-12T06:30:00Z,2026-08-12T08:30:00+0200,156.68,EUR/MWh,DK1,DK_1,imbalance_price,Short,2026-08-23T05:51:55Z
2026-08-23T05:46:44Z,2026-08-23T07:46:44+0200,442f0342-0040-4db4-ac3f-85a7f822bcbf,2026-08-12T06:45:00Z,2026-08-12T08:45:00+0200,147.95,EUR/MWh,DK1,DK_1,imbalance_price,Long,2026-08-23T05:51:55Z
2026-08-23T05:46:44Z,2026-08-23T07:46:44+0200,442f0342-0040-4db4-ac3f-85a7f822bcbf,2026-08-12T06:45:00Z,2026-08-12T08:45:00+0200,147.95,EUR/MWh,DK1,DK_1,imbalance_price,Short,2026-08-23T05:51:55Z
2026-08-23T05:46:44Z,2026-08-23T07:46:44+0200,442f0342-0040-4db4-ac3f-85a7f822bcbf,2026-08-12T07:00:00Z,2026-08-12T09:00:00+0200,327.73,EUR/MWh,DK1,DK_1,imbalance_price,Long,2026-08-23T05:51:55Z
2026-08-23T05:46:44Z,2026-08-23T07:46:44+0200,442f0342-0040-4db4-ac3f-85a7f822bcbf,2026-08-12T07:00:00Z,2026-08-12T09:00:00+0200,327.73,EUR/MWh,DK1,DK_1,imbalance_price,Short,2026-08-23T05:51:55Z
2026-08-23T05:46:44Z,2026-08-23T07:46:44+0200,442f0342-0040-4db4-ac3f-85a7f822bcbf,2026-08-12T07:15:00Z,2026-08-12T09:15:00+0200,136.19,EUR/MWh,DK1,DK_1,imbalance_price,Long,2026-08-23T05:51:55Z
2026-08-23T05:46:44Z,2026-08-23T07:46:44+0200,442f0342-0040-4db4-ac3f-85a7f822bcbf,2026-08-12T07:15:00Z,2026-08-12T09:15:00+0200,136.19,EUR/MWh,DK1,DK_1,imbalance_price,Short,2026-08-23T05:51:55Z
2026-08-23T05:46:44Z,2026-08-23T07:46:44+0200,442f0342-0040-4db4-ac3f-85a7f822bcbf,2026-08-12T07:30:00Z,2026-08-12T09:30:00+0200,-15.38,EUR/MWh,DK1,DK_1,imbalance_price,Long,2026-08-23T05:51:55Z
2026-08-23T05:46:44Z,2026-08-23T07:46:44+0200,442f0342-0040-4db4-ac3f-85a7f822bcbf,2026-08-12T07:30:00Z,2026-08-12T09:30:00+0200,-15.38,EUR/MWh,DK1,DK_1,imbalance_price,Short,2026-08-23T05:51:55Z
2026-08-23T05:46:44Z,2026-08-23T07:46:44+0200,442f0342-0040-4db4-ac3f-85a7f822bcbf,2026-08-12T07:45:00Z,2026-08-12T09:45:00+0200,-7.82,EUR/MWh,DK1,DK_1,imbalance_price,Long,2026-08-23T05:51:55Z
2026-08-23T05:46:44Z,2026-08-23T07:46:44+0200,442f0342-0040-4db4-ac3f-85a7f822bcbf,2026-08-12T07:45:00Z,2026-08-12T09:45:00+0200,-7.82,EUR/MWh,DK1,DK_1,imbalance_price,Short,2026-08-23T05:51:55Z
2026-08-23T05:46:44Z,2026-08-23T07:46:44+0200,442f0342-0040-4db4-ac3f-85a7f822bcbf,2026-08-12T08:00:00Z,2026-08-12T10:00:00+0200,0.5,EUR/MWh,DK1,DK_1,imbalance_price,Long,2026-08-23T05:51:55Z
2026-08-23T05:46:44Z,2026-08-23T07:46:44+0200,442f0342-0040-4db4-ac3f-85a7f822bcbf,2026-08-12T08:00:00Z,2026-08-12T10:00:00+0200,0.5,EUR/MWh,DK1,DK_1,imbalance_price,Short,2026-08-23T05:51:55Z
2026-08-23T05:46:44Z,2026-08-23T07:46:44+0200,442f0342-0040-4db4-ac3f-85a7f822bcbf,2026-08-12T08:15:00Z,2026-08-12T10:15:00+0200,3.0,EUR/MWh,DK1,DK_1,imbalance_price,Long,2026-08-23T05:51:55Z
2026-08-23T05:46:44Z,2026-08-23T07:46:44+0200,442f0342-0040-4db4-ac3f-85a7f822bcbf,2026-08-12T08:15:00Z,2026-08-12T10:15:00+0200,3.0,EUR/MWh,DK1,DK_1,imbalance_price,Short,2026-08-23T05:51:55Z
2026-08-23T05:46:44Z,2026-08-23T07:46:44+0200,442f0342-0040-4db4-ac3f-85a7f822bcbf,2026-08-12T08:30:00Z,2026-08-12T10:30:00+0200,105.04,EUR/MWh,DK1,DK_1,imbalance_price,Long,2026-08-23T05:51:55Z
2026-08-23T05:46:44Z,2026-08-23T07:46:44+0200,442f0342-0040-4db4-ac3f-85a7f822bcbf,2026-08-12T08:30:00Z,2026-08-12T10:30:00+0200,105.04,EUR/MWh,DK1,DK_1,imbalance_price,Short,2026-08-23T05:51:55Z
2026-08-23T05:46:44Z,2026-08-23T07:46:44+0200,442f0342-0040-4db4-ac3f-85a7f822bcbf,2026-08-12T08:45:00Z,2026-08-12T10:45:00+0200,5.29,EUR/MWh,DK1,DK_1,imbalance_price,Long,2026-08-23T05:51:55Z
2026-08-23T05:46:44Z,2026-08-23T07:46:44+0200,442f0342-0040-4db4-ac3f-85a7f822bcbf,2026-08-12T08:45:00Z,2026-08-12T10:45:00+0200,5.29,EUR/MWh,DK1,DK_1,imbalance_price,Short,2026-08-23T05:51:55Z
2026-08-23T05:46:44Z,2026-08-23T07:46:44+0200,442f0342-0040-4db4-ac3f-85a7f822bcbf,2026-08-12T09:00:00Z,2026-08-12T11:00:00+0200,12.23,EUR/MWh,DK1,DK_1,imbalance_price,Long,2026-08-23T05:51:55Z
2026-08-23T05:46:44Z,2026-08-23T07:46:44+0200,442f0342-0040-4db4-ac3f-85a7f822bcbf,2026-08-12T09:00:00Z,2026-08-12T11:00:00+0200,12.23,EUR/MWh,DK1,DK_1,imbalance_price,Short,2026-08-23T05:51:55Z
2026-08-23T05:46:44Z,2026-08-23T07:46:44+0200,442f0342-0040-4db4-ac3f-85a7f822bcbf,2026-08-12T09:15:00Z,2026-08-12T11:15:00+0200,4.15,EUR/MWh,DK1,DK_1,imbalance_price,Long,2026-08-23T05:51:55Z
2026-08-23T05:46:44Z,2026-08-23T07:46:44+0200,442f0342-0040-4db4-ac3f-85a7f822bcbf,2026-08-12T09:15:00Z,2026-08-12T11:15:00+0200,4.15,EUR/MWh,DK1,DK_1,imbalance_price,Short,2026-08-23T05:51:55Z
2026-08-23T05:46:44Z,2026-08-23T07:46:44+0200,442f0342-0040-4db4-ac3f-85a7f822bcbf,2026-08-12T09:30:00Z,2026-08-12T11:30:00+0200,-5.6,EUR/MWh,DK1,DK_1,imbalance_price,Long,2026-08-23T05:51:55Z
2026-08-23T05:46:44Z,2026-08-23T07:46:44+0200,442f0342-0040-4db4-ac3f-85a7f822bcbf,2026-08-12T09:30:00Z,2026-08-12T11:30:00+0200,-5.6,EUR/MWh,DK1,DK_1,imbalance_price,Short,2026-08-23T05:51:55Z
2026-08-23T05:46:44Z,2026-08-23T07:46:44+0200,442f0342-0040-4db4-ac3f-85a7f822bcbf,2026-08-12T09:45:00Z,2026-08-12T11:45:00+0200,-32.56,EUR/MWh,DK1,DK_1,imbalance_price,Long,2026-08-23T05:51:55Z
2026-08-23T05:46:44Z,2026-08-23T07:46:44+0200,442f0342-0040-4db4-ac3f-85a7f822bcbf,2026-08-12T09:45:00Z,2026-08-12T11:45:00+0200,-32.56,EUR/MWh,DK1,DK_1,imbalance_price,Short,2026-08-23T05:51:55Z
2026-08-23T05:46:44Z,2026-08-23T07:46:44+0200,442f0342-0040-4db4-ac3f-85a7f822bcbf,2026-08-12T10:00:00Z,2026-08-12T12:00:00+0200,-22.15,EUR/MWh,DK1,DK_1,imbalance_price,Long,2026-08-23T05:51:55Z
2026-08-23T05:46:44Z,2026-08-23T07:46:44+0200,442f0342-0040-4db4-ac3f-85a7f822bcbf,2026-08-12T10:00:00Z,2026-08-12T12:00:00+0200,-22.15,EUR/MWh,DK1,DK_1,imbalance_price,Short,2026-08-23T05:51:55Z
2026-08-23T05:46:44Z,2026-08-23T07:46:44+0200,442f0342-0040-4db4-ac3f-85a7f822bcbf,2026-08-12T10:15:00Z,2026-08-12T12:15:00+0200,1.86,EUR/MWh,DK1,DK_1,imbalance_price,Long,2026-08-23T05:51:55Z
2026-08-23T05:46:44Z,2026-08-23T07:46:44+0200,442f0342-0040-4db4-ac3f-85a7f822bcbf,2026-08-12T10:15:00Z,2026-08-12T12:15:00+0200,1.86,EUR/MWh,DK1,DK_1,imbalance_price,Short,2026-08-23T05:51:55Z
2026-08-23T05:46:44Z,2026-08-23T07:46:44+0200,442f0342-0040-4db4-ac3f-85a7f822bcbf,2026-08-12T10:30:00Z,2026-08-12T12:30:00+0200,0.0,EUR/MWh,DK1,DK_1,imbalance_price,Long,2026-08-23T05:51:55Z
2026-08-23T05:46:44Z,2026-08-23T07:46:44+0200,442f0342-0040-4db4-ac3f-85a7f822bcbf,2026-08-12T10:30:00Z,2026-08-12T12:30:00+0200,0.0,EUR/MWh,DK1,DK_1,imbalance_price,Short,2026-08-23T05:51:55Z
2026-08-23T05:46:44Z,2026-08-23T07:46:44+0200,442f0342-0040-4db4-ac3f-85a7f822bcbf,2026-08-12T10:45:00Z,2026-08-12T12:45:00+0200,-4.5,EUR/MWh,DK1,DK_1,imbalance_price,Long,2026-08-23T05:51:55Z
2026-08-23T05:46:44Z,2026-08-23T07:46:44+0200,442f0342-0040-4db4-ac3f-85a7f822bcbf,2026-08-12T10:45:00Z,2026-08-12T12:45:00+0200,-4.5,EUR/MWh,DK1,DK_1,imbalance_price,Short,2026-08-23T05:51:55Z
2026-08-23T05:46:44Z,2026-08-23T07:46:44+0200,442f0342-0040-4db4-ac3f-85a7f822bcbf,2026-08-12T11:00:00Z,2026-08-12T13:00:00+0200,-13.54,EUR/MWh,DK1,DK_1,imbalance_price,Long,2026-08-23T05:51:55Z
2026-08-23T05:46:44Z,2026-08-23T07:46:44+0200,442f0342-0040-4db4-ac3f-85a7f822bcbf,2026-08-12T11:00:00Z,2026-08-12T13:00:00+0200,-13.54,EUR/MWh,DK1,DK_1,imbalance_price,Short,2026-08-23T05:51:55Z
2026-08-23T05:46:44Z,2026-08-23T07:46:44+0200,442f0342-0040-4db4-ac3f-85a7f822bcbf,2026-08-12T11:15:00Z,2026-08-12T13:15:00+0200,-1.37,EUR/MWh,DK1,DK_1,imbalance_price,Long,2026-08-23T05:51:55Z
2026-08-23T05:46:44Z,2026-08-23T07:46:44+0200,442f0342-0040-4db4-ac3f-85a7f822bcbf,2026-08-12T11:15:00Z,2026-08-12T13:15:00+0200,-1.37,EUR/MWh,DK1,DK_1,imbalance_price,Short,2026-08-23T05:51:55Z
2026-08-23T05:46:44Z,2026-08-23T07:46:44+0200,442f0342-0040-4db4-ac3f-85a7f822bcbf,2026-08-12T11:30:00Z,2026-08-12T13:30:00+0200,0.0,EUR/MWh,DK1,DK_1,imbalance_price,Long,2026-08-23T05:51:55Z
2026-08-23T05:46:44Z,2026-08-23T07:46:44+0200,442f0342-0040-4db4-ac3f-85a7f822bcbf,2026-08-12T11:30:00Z,2026-08-12T13:30:00+0200,0.0,EUR/MWh,DK1,DK_1,imbalance_price,Short,2026-08-23T05:51:55Z
2026-08-23T05:46:44Z,2026-08-23T07:46:44+0200,442f0342-0040-4db4-ac3f-85a7f822bcbf,2026-08-12T11:45:00Z,2026-08-12T13:45:00+0200,-15.38,EUR/MWh,DK1,DK_1,imbalance_price,Long,2026-08-23T05:51:55Z
2026-08-23T05:46:44Z,2026-08-23T07:46:44+0200,442f0342-0040-4db4-ac3f-85a7f822bcbf,2026-08-12T11:45:00Z,2026-08-12T13:45:00+0200,-15.38,EUR/MWh,DK1,DK_1,imbalance_price,Short,2026-08-23T05:51:55Z
2026-08-23T05:46:44Z,2026-08-23T07:46:44+0200,442f0342-0040-4db4-ac3f-85a7f822bcbf,2026-08-12T12:00:00Z,2026-08-12T14:00:00+0200,-15.31,EUR/MWh,DK1,DK_1,imbalance_price,Long,2026-08-23T05:51:55Z
2026-08-23T05:46:44Z,2026-08-23T07:46:44+0200,442f0342-0040-4db4-ac3f-85a7f822bcbf,2026-08-12T12:00:00Z,2026-08-12T14:00:00+0200,-15.31,EUR/MWh,DK1,DK_1,imbalance_price,Short,2026-08-23T05:51:55Z
2026-08-23T05:46:44Z,2026-08-23T07:46:44+0200,442f0342-0040-4db4-ac3f-85a7f822bcbf,2026-08-12T12:15:00Z,2026-08-12T14:15:00+0200,0.71,EUR/MWh,DK1,DK_1,imbalance_price,Long,2026-08-23T05:51:55Z
2026-08-23T05:46:44Z,2026-08-23T07:46:44+0200,442f0342-0040-4db4-ac3f-85a7f822bcbf,2026-08-12T12:15:00Z,2026-08-12T14:15:00+0200,0.71,EUR/MWh,DK1,DK_1,imbalance_price,Short,2026-08-23T05:51:55Z
2026-08-23T05:46:44Z,2026-08-23T07:46:44+0200,442f0342-0040-4db4-ac3f-85a7f822bcbf,2026-08-12T12:30:00Z,2026-08-12T14:30:00+0200,0.0,EUR/MWh,DK1,DK_1,imbalance_price,Long,2026-08-23T05:51:55Z
2026-08-23T05:46:44Z,2026-08-23T07:46:44+0200,442f0342-0040-4db4-ac3f-85a7f822bcbf,2026-08-12T12:30:00Z,2026-08-12T14:30:00+0200,0.0,EUR/MWh,DK1,DK_1,imbalance_price,Short,2026-08-23T05:51:55Z
2026-08-23T05:46:44Z,2026-08-23T07:46:44+0200,442f0342-0040-4db4-ac3f-85a7f822bcbf,2026-08-12T12:45:00Z,2026-08-12T14:45:00+0200,-1.0,EUR/MWh,DK1,DK_1,imbalance_price,Long,2026-08-23T05:51:55Z
2026-08-23T05:46:44Z,2026-08-23T07:46:44+0200,442f0342-0040-4db4-ac3f-85a7f822bcbf,2026-08-12T12:45:00Z,2026-08-12T14:45:00+0200,-1.0,EUR/MWh,DK1,DK_1,imbalance_price,Short,2026-08-23T05:51:55Z
2026-08-23T05:46:44Z,2026-08-23T07:46:44+0200,442f0342-0040-4db4-ac3f-85a7f822bcbf,2026-08-12T13:00:00Z,2026-08-12T15:00:00+0200,-4.97,EUR/MWh,DK1,DK_1,imbalance_price,Long,2026-08-23T05:51:55Z
2026-08-23T05:46:44Z,2026-08-23T07:46:44+0200,442f0342-0040-4db4-ac3f-85a7f822bcbf,2026-08-12T13:00:00Z,2026-08-12T15:00:00+0200,-4.97,EUR/MWh,DK1,DK_1,imbalance_price,Short,2026-08-23T05:51:55Z
2026-08-23T05:46:44Z,2026-08-23T07:46:44+0200,442f0342-0040-4db4-ac3f-85a7f822bcbf,2026-08-12T13:15:00Z,2026-08-12T15:15:00+0200,30.31,EUR/MWh,DK1,DK_1,imbalance_price,Long,2026-08-23T05:51:55Z
2026-08-23T05:46:44Z,2026-08-23T07:46:44+0200,442f0342-0040-4db4-ac3f-85a7f822bcbf,2026-08-12T13:15:00Z,2026-08-12T15:15:00+0200,30.31,EUR/MWh,DK1,DK_1,imbalance_price,Short,2026-08-23T05:51:55Z
2026-08-23T05:46:44Z,2026-08-23T07:46:44+0200,442f0342-0040-4db4-ac3f-85a7f822bcbf,2026-08-12T13:30:00Z,2026-08-12T15:30:00+0200,5.23,EUR/MWh,DK1,DK_1,imbalance_price,Long,2026-08-23T05:51:55Z
2026-08-23T05:46:44Z,2026-08-23T07:46:44+0200,442f0342-0040-4db4-ac3f-85a7f822bcbf,2026-08-12T13:30:00Z,2026-08-12T15:30:00+0200,5.23,EUR/MWh,DK1,DK_1,imbalance_price,Short,2026-08-23T05:51:55Z
2026-08-23T05:46:44Z,2026-08-23T07:46:44+0200,442f0342-0040-4db4-ac3f-85a7f822bcbf,2026-08-12T13:45:00Z,2026-08-12T15:45:00+0200,11.0,EUR/MWh,DK1,DK_1,imbalance_price,Long,2026-08-23T05:51:55Z
2026-08-23T05:46:44Z,2026-08-23T07:46:44+0200,442f0342-0040-4db4-ac3f-85a7f822bcbf,2026-08-12T13:45:00Z,2026-08-12T15:45:00+0200,11.0,EUR/MWh,DK1,DK_1,imbalance_price,Short,2026-08-23T05:51:55Z
2026-08-23T05:46:44Z,2026-08-23T07:46:44+0200,442f0342-0040-4db4-ac3f-85a7f822bcbf,2026-08-12T14:00:00Z,2026-08-12T16:00:00+0200,8.0,EUR/MWh,DK1,DK_1,imbalance_price,Long,2026-08-23T05:51:55Z
2026-08-23T05:46:44Z,2026-08-23T07:46:44+0200,442f0342-0040-4db4-ac3f-85a7f822bcbf,2026-08-12T14:00:00Z,2026-08-12T16:00:00+0200,8.0,EUR/MWh,DK1,DK_1,imbalance_price,Short,2026-08-23T05:51:55Z
2026-08-23T05:46:44Z,2026-08-23T07:46:44+0200,442f0342-0040-4db4-ac3f-85a7f822bcbf,2026-08-12T14:15:00Z,2026-08-12T16:15:00+0200,7.23,EUR/MWh,DK1,DK_1,imbalance_price,Long,2026-08-23T05:51:55Z
2026-08-23T05:46:44Z,2026-08-23T07:46:44+0200,442f0342-0040-4db4-ac3f-85a7f822bcbf,2026-08-12T14:15:00Z,2026-08-12T16:15:00+0200,7.23,EUR/MWh,DK1,DK_1,imbalance_price,Short,2026-08-23T05:51:55Z
2026-08-23T05:46:44Z,2026-08-23T07:46:44+0200,442f0342-0040-4db4-ac3f-85a7f822bcbf,2026-08-12T14:30:00Z,2026-08-12T16:30:00+0200,46.83,EUR/MWh,DK1,DK_1,imbalance_price,Long,2026-08-23T05:51:55Z
2026-08-23T05:46:44Z,2026-08-23T07:46:44+0200,442f0342-0040-4db4-ac3f-85a7f822bcbf,2026-08-12T14:30:00Z,2026-08-12T16:30:00+0200,46.83,EUR/MWh,DK1,DK_1,imbalance_price,Short,2026-08-23T05:51:55Z
2026-08-23T05:46:44Z,2026-08-23T07:46:44+0200,442f0342-0040-4db4-ac3f-85a7f822bcbf,2026-08-12T14:45:00Z,2026-08-12T16:45:00+0200,187.01,EUR/MWh,DK1,DK_1,imbalance_price,Long,2026-08-23T05:51:55Z
2026-08-23T05:46:44Z,2026-08-23T07:46:44+0200,442f0342-0040-4db4-ac3f-85a7f822bcbf,2026-08-12T14:45:00Z,2026-08-12T16:45:00+0200,187.01,EUR/MWh,DK1,DK_1,imbalance_price,Short,2026-08-23T05:51:55Z
2026-08-23T05:46:44Z,2026-08-23T07:46:44+0200,442f0342-0040-4db4-ac3f-85a7f822bcbf,2026-08-12T15:00:00Z,2026-08-12T17:00:00+0200,119.43,EUR/MWh,DK1,DK_1,imbalance_price,Long,2026-08-23T05:51:55Z
2026-08-23T05:46:44Z,2026-08-23T07:46:44+0200,442f0342-0040-4db4-ac3f-85a7f822bcbf,2026-08-12T15:00:00Z,2026-08-12T17:00:00+0200,119.43,EUR/MWh,DK1,DK_1,imbalance_price,Short,2026-08-23T05:51:55Z
2026-08-23T05:46:44Z,2026-08-23T07:46:44+0200,442f0342-0040-4db4-ac3f-85a7f822bcbf,2026-08-12T15:15:00Z,2026-08-12T17:15:00+0200,131.49,EUR/MWh,DK1,DK_1,imbalance_price,Long,2026-08-23T05:51:55Z
2026-08-23T05:46:44Z,2026-08-23T07:46:44+0200,442f0342-0040-4db4-ac3f-85a7f822bcbf,2026-08-12T15:15:00Z,2026-08-12T17:15:00+0200,131.49,EUR/MWh,DK1,DK_1,imbalance_price,Short,2026-08-23T05:51:55Z
2026-08-23T05:46:44Z,2026-08-23T07:46:44+0200,442f0342-0040-4db4-ac3f-85a7f822bcbf,2026-08-12T15:30:00Z,2026-08-12T17:30:00+0200,240.78,EUR/MWh,DK1,DK_1,imbalance_price,Long,2026-08-23T05:51:55Z
2026-08-23T05:46:44Z,2026-08-23T07:46:44+0200,442f0342-0040-4db4-ac3f-85a7f822bcbf,2026-08-12T15:30:00Z,2026-08-12T17:30:00+0200,240.78,EUR/MWh,DK1,DK_1,imbalance_price,Short,2026-08-23T05:51:55Z
2026-08-23T05:46:44Z,2026-08-23T07:46:44+0200,442f0342-0040-4db4-ac3f-85a7f822bcbf,2026-08-12T15:45:00Z,2026-08-12T17:45:00+0200,233.69,EUR/MWh,DK1,DK_1,imbalance_price,Long,2026-08-23T05:51:55Z
2026-08-23T05:46:44Z,2026-08-23T07:46:44+0200,442f0342-0040-4db4-ac3f-85a7f822bcbf,2026-08-12T15:45:00Z,2026-08-12T17:45:00+0200,233.69,EUR/MWh,DK1,DK_1,imbalance_price,Short,2026-08-23T05:51:55Z
2026-08-23T05:46:44Z,2026-08-23T07:46:44+0200,442f0342-0040-4db4-ac3f-85a7f822bcbf,2026-08-12T16:00:00Z,2026-08-12T18:00:00+0200,72.8,EUR/MWh,DK1,DK_1,imbalance_price,Long,2026-08-23T05:51:55Z
2026-08-23T05:46:44Z,2026-08-23T07:46:44+0200,442f0342-0040-4db4-ac3f-85a7f822bcbf,2026-08-12T16:00:00Z,2026-08-12T18:00:00+0200,72.8,EUR/MWh,DK1,DK_1,imbalance_price,Short,2026-08-23T05:51:55Z
2026-08-23T05:46:44Z,2026-08-23T07:46:44+0200,442f0342-0040-4db4-ac3f-85a7f822bcbf,2026-08-12T16:15:00Z,2026-08-12T18:15:00+0200,93.3,EUR/MWh,DK1,DK_1,imbalance_price,Long,2026-08-23T05:51:55Z
2026-08-23T05:46:44Z,2026-08-23T07:46:44+0200,442f0342-0040-4db4-ac3f-85a7f822bcbf,2026-08-12T16:15:00Z,2026-08-12T18:15:00+0200,93.3,EUR/MWh,DK1,DK_1,imbalance_price,Short,2026-08-23T05:51:55Z
2026-08-23T05:46:44Z,2026-08-23T07:46:44+0200,442f0342-0040-4db4-ac3f-85a7f822bcbf,2026-08-12T16:30:00Z,2026-08-12T18:30:00+0200,185.56,EUR/MWh,DK1,DK_1,imbalance_price,Long,2026-08-23T05:51:55Z
2026-08-23T05:46:44Z,2026-08-23T07:46:44+0200,442f0342-0040-4db4-ac3f-85a7f822bcbf,2026-08-12T16:30:00Z,2026-08-12T18:30:00+0200,185.56,EUR/MWh,DK1,DK_1,imbalance_price,Short,2026-08-23T05:51:55Z
2026-08-23T05:46:44Z,2026-08-23T07:46:44+0200,442f0342-0040-4db4-ac3f-85a7f822bcbf,2026-08-12T16:45:00Z,2026-08-12T18:45:00+0200,219.27,EUR/MWh,DK1,DK_1,imbalance_price,Long,2026-08-23T05:51:55Z
2026-08-23T05:46:44Z,2026-08-23T07:46:44+0200,442f0342-0040-4db4-ac3f-85a7f822bcbf,2026-08-12T16:45:00Z,2026-08-12T18:45:00+0200,219.27,EUR/MWh,DK1,DK_1,imbalance_price,Short,2026-08-23T05:51:55Z
2026-08-23T05:46:44Z,2026-08-23T07:46:44+0200,442f0342-0040-4db4-ac3f-85a7f822bcbf,2026-08-12T17:00:00Z,2026-08-12T19:00:00+0200,210.0,EUR/MWh,DK1,DK_1,imbalance_price,Long,2026-08-23T05:51:55Z
2026-08-23T05:46:44Z,2026-08-23T07:46:44+0200,442f0342-0040-4db4-ac3f-85a7f822bcbf,2026-08-12T17:00:00Z,2026-08-12T19:00:00+0200,210.0,EUR/MWh,DK1,DK_1,imbalance_price,Short,2026-08-23T05:51:55Z
2026-08-23T05:46:44Z,2026-08-23T07:46:44+0200,442f0342-0040-4db4-ac3f-85a7f822bcbf,2026-08-12T17:15:00Z,2026-08-12T19:15:00+0200,54.72,EUR/MWh,DK1,DK_1,imbalance_price,Long,2026-08-23T05:51:55Z
2026-08-23T05:46:44Z,2026-08-23T07:46:44+0200,442f0342-0040-4db4-ac3f-85a7f822bcbf,2026-08-12T17:15:00Z,2026-08-12T19:15:00+0200,54.72,EUR/MWh,DK1,DK_1,imbalance_price,Short,2026-08-23T05:51:55Z
2026-08-23T05:46:44Z,2026-08-23T07:46:44+0200,442f0342-0040-4db4-ac3f-85a7f822bcbf,2026-08-12T17:30:00Z,2026-08-12T19:30:00+0200,105.41,EUR/MWh,DK1,DK_1,imbalance_price,Long,2026-08-23T05:51:55Z
2026-08-23T05:46:44Z,2026-08-23T07:46:44+0200,442f0342-0040-4db4-ac3f-85a7f822bcbf,2026-08-12T17:30:00Z,2026-08-12T19:30:00+0200,105.41,EUR/MWh,DK1,DK_1,imbalance_price,Short,2026-08-23T05:51:55Z
2026-08-23T05:46:44Z,2026-08-23T07:46:44+0200,442f0342-0040-4db4-ac3f-85a7f822bcbf,2026-08-12T17:45:00Z,2026-08-12T19:45:00+0200,461.17,EUR/MWh,DK1,DK_1,imbalance_price,Long,2026-08-23T05:51:55Z
2026-08-23T05:46:44Z,2026-08-23T07:46:44+0200,442f0342-0040-4db4-ac3f-85a7f822bcbf,2026-08-12T17:45:00Z,2026-08-12T19:45:00+0200,461.17,EUR/MWh,DK1,DK_1,imbalance_price,Short,2026-08-23T05:51:55Z
2026-08-23T05:46:44Z,2026-08-23T07:46:44+0200,442f0342-0040-4db4-ac3f-85a7f822bcbf,2026-08-12T18:00:00Z,2026-08-12T20:00:00+0200,402.77,EUR/MWh,DK1,DK_1,imbalance_price,Long,2026-08-23T05:51:55Z
2026-08-23T05:46:44Z,2026-08-23T07:46:44+0200,442f0342-0040-4db4-ac3f-85a7f822bcbf,2026-08-12T18:00:00Z,2026-08-12T20:00:00+0200,402.77,EUR/MWh,DK1,DK_1,imbalance_price,Short,2026-08-23T05:51:55Z
2026-08-23T05:46:44Z,2026-08-23T07:46:44+0200,442f0342-0040-4db4-ac3f-85a7f822bcbf,2026-08-12T18:15:00Z,2026-08-12T20:15:00+0200,315.64,EUR/MWh,DK1,DK_1,imbalance_price,Long,2026-08-23T05:51:55Z
2026-08-23T05:46:44Z,2026-08-23T07:46:44+0200,442f0342-0040-4db4-ac3f-85a7f822bcbf,2026-08-12T18:15:00Z,2026-08-12T20:15:00+0200,315.64,EUR/MWh,DK1,DK_1,imbalance_price,Short,2026-08-23T05:51:55Z
2026-08-23T05:46:44Z,2026-08-23T07:46:44+0200,442f0342-0040-4db4-ac3f-85a7f822bcbf,2026-08-12T18:30:00Z,2026-08-12T20:30:00+0200,251.37,EUR/MWh,DK1,DK_1,imbalance_price,Long,2026-08-23T05:51:55Z
2026-08-23T05:46:44Z,2026-08-23T07:46:44+0200,442f0342-0040-4db4-ac3f-85a7f822bcbf,2026-08-12T18:30:00Z,2026-08-12T20:30:00+0200,251.37,EUR/MWh,DK1,DK_1,imbalance_price,Short,2026-08-23T05:51:55Z
2026-08-23T05:46:44Z,2026-08-23T07:46:44+0200,442f0342-0040-4db4-ac3f-85a7f822bcbf,2026-08-12T18:45:00Z,2026-08-12T20:45:00+0200,232.17,EUR/MWh,DK1,DK_1,imbalance_price,Long,2026-08-23T05:51:55Z
2026-08-23T05:46:44Z,2026-08-23T07:46:44+0200,442f0342-0040-4db4-ac3f-85a7f822bcbf,2026-08-12T18:45:00Z,2026-08-12T20:45:00+0200,232.17,EUR/MWh,DK1,DK_1,imbalance_price,Short,2026-08-23T05:51:55Z
2026-08-23T05:46:44Z,2026-08-23T07:46:44+0200,442f0342-0040-4db4-ac3f-85a7f822bcbf,2026-08-12T19:00:00Z,2026-08-12T21:00:00+0200,103.69,EUR/MWh,DK1,DK_1,imbalance_price,Long,2026-08-23T05:51:55Z
2026-08-23T05:46:44Z,2026-08-23T07:46:44+0200,442f0342-0040-4db4-ac3f-85a7f822bcbf,2026-08-12T19:00:00Z,2026-08-12T21:00:00+0200,103.69,EUR/MWh,DK1,DK_1,imbalance_price,Short,2026-08-23T05:51:55Z
2026-08-23T05:46:44Z,2026-08-23T07:46:44+0200,442f0342-0040-4db4-ac3f-85a7f822bcbf,2026-08-12T19:15:00Z,2026-08-12T21:15:00+0200,105.11,EUR/MWh,DK1,DK_1,imbalance_price,Long,2026-08-23T05:51:55Z
2026-08-23T05:46:44Z,2026-08-23T07:46:44+0200,442f0342-0040-4db4-ac3f-85a7f822bcbf,2026-08-12T19:15:00Z,2026-08-12T21:15:00+0200,105.11,EUR/MWh,DK1,DK_1,imbalance_price,Short,2026-08-23T05:51:55Z
2026-08-23T05:46:44Z,2026-08-23T07:46:44+0200,442f0342-0040-4db4-ac3f-85a7f822bcbf,2026-08-12T19:30:00Z,2026-08-12T21:30:00+0200,223.39,EUR/MWh,DK1,DK_1,imbalance_price,Long,2026-08-23T05:51:55Z
2026-08-23T05:46:44Z,2026-08-23T07:46:44+0200,442f0342-0040-4db4-ac3f-85a7f822bcbf,2026-08-12T19:30:00Z,2026-08-12T21:30:00+0200,223.39,EUR/MWh,DK1,DK_1,imbalance_price,Short,2026-08-23T05:51:55Z
2026-08-23T05:46:44Z,2026-08-23T07:46:44+0200,442f0342-0040-4db4-ac3f-85a7f822bcbf,2026-08-12T19:45:00Z,2026-08-12T21:45:00+0200,198.97,EUR/MWh,DK1,DK_1,imbalance_price,Long,2026-08-23T05:51:55Z
2026-08-23T05:46:44Z,2026-08-23T07:46:44+0200,442f0342-0040-4db4-ac3f-85a7f822bcbf,2026-08-12T19:45:00Z,2026-08-12T21:45:00+0200,198.97,EUR/MWh,DK1,DK_1,imbalance_price,Short,2026-08-23T05:51:55Z
2026-08-23T05:46:44Z,2026-08-23T07:46:44+0200,442f0342-0040-4db4-ac3f-85a7f822bcbf,2026-08-12T20:00:00Z,2026-08-12T22:00:00+0200,205.64,EUR/MWh,DK1,DK_1,imbalance_price,Long,2026-08-23T05:51:55Z
2026-08-23T05:46:44Z,2026-08-23T07:46:44+0200,442f0342-0040-4db4-ac3f-85a7f822bcbf,2026-08-12T20:00:00Z,2026-08-12T22:00:00+0200,205.64,EUR/MWh,DK1,DK_1,imbalance_price,Short,2026-08-23T05:51:55Z
2026-08-23T05:46:44Z,2026-08-23T07:46:44+0200,442f0342-0040-4db4-ac3f-85a7f822bcbf,2026-08-12T20:15:00Z,2026-08-12T22:15:00+0200,193.4,EUR/MWh,DK1,DK_1,imbalance_price,Long,2026-08-23T05:51:55Z
2026-08-23T05:46:44Z,2026-08-23T07:46:44+0200,442f0342-0040-4db4-ac3f-85a7f822bcbf,2026-08-12T20:15:00Z,2026-08-12T22:15:00+0200,193.4,EUR/MWh,DK1,DK_1,imbalance_price,Short,2026-08-23T05:51:55Z
2026-08-23T05:46:44Z,2026-08-23T07:46:44+0200,442f0342-0040-4db4-ac3f-85a7f822bcbf,2026-08-12T20:30:00Z,2026-08-12T22:30:00+0200,267.6,EUR/MWh,DK1,DK_1,imbalance_price,Long,2026-08-23T05:51:55Z
2026-08-23T05:46:44Z,2026-08-23T07:46:44+0200,442f0342-0040-4db4-ac3f-85a7f822bcbf,2026-08-12T20:30:00Z,2026-08-12T22:30:00+0200,267.6,EUR/MWh,DK1,DK_1,imbalance_price,Short,2026-08-23T05:51:55Z
2026-08-23T05:46:44Z,2026-08-23T07:46:44+0200,442f0342-0040-4db4-ac3f-85a7f822bcbf,2026-08-12T20:45:00Z,2026-08-12T22:45:00+0200,175.12,EUR/MWh,DK1,DK_1,imbalance_price,Long,2026-08-23T05:51:55Z
2026-08-23T05:46:44Z,2026-08-23T07:46:44+0200,442f0342-0040-4db4-ac3f-85a7f822bcbf,2026-08-12T20:45:00Z,2026-08-12T22:45:00+0200,175.12,EUR/MWh,DK1,DK_1,imbalance_price,Short,2026-08-23T05:51:55Z
2026-08-23T05:46:44Z,2026-08-23T07:46:44+0200,442f0342-0040-4db4-ac3f-85a7f822bcbf,2026-08-12T21:00:00Z,2026-08-12T23:00:00+0200,180.29,EUR/MWh,DK1,DK_1,imbalance_price,Long,2026-08-23T05:51:55Z
2026-08-23T05:46:44Z,2026-08-23T07:46:44+0200,442f0342-0040-4db4-ac3f-85a7f822bcbf,2026-08-12T21:00:00Z,2026-08-12T23:00:00+0200,180.29,EUR/MWh,DK1,DK_1,imbalance_price,Short,2026-08-23T05:51:55Z
2026-08-23T05:46:44Z,2026-08-23T07:46:44+0200,442f0342-0040-4db4-ac3f-85a7f822bcbf,2026-08-12T21:15:00Z,2026-08-12T23:15:00+0200,174.1,EUR/MWh,DK1,DK_1,imbalance_price,Long,2026-08-23T05:51:55Z
2026-08-23T05:46:44Z,2026-08-23T07:46:44+0200,442f0342-0040-4db4-ac3f-85a7f822bcbf,2026-08-12T21:15:00Z,2026-08-12T23:15:00+0200,174.1,EUR/MWh,DK1,DK_1,imbalance_price,Short,2026-08-23T05:51:55Z
2026-08-23T05:46:44Z,2026-08-23T07:46:44+0200,442f0342-0040-4db4-ac3f-85a7f822bcbf,2026-08-12T21:30:00Z,2026-08-12T23:30:00+0200,238.0,EUR/MWh,DK1,DK_1,imbalance_price,Long,2026-08-23T05:51:55Z
2026-08-23T05:46:44Z,2026-08-23T07:46:44+0200,442f0342-0040-4db4-ac3f-85a7f822bcbf,2026-08-12T21:30:00Z,2026-08-12T23:30:00+0200,238.0,EUR/MWh,DK1,DK_1,imbalance_price,Short,2026-08-23T05:51:55Z
2026-08-23T05:46:44Z,2026-08-23T07:46:44+0200,442f0342-0040-4db4-ac3f-85a7f822bcbf,2026-08-12T21:45:00Z,2026-08-12T23:45:00+0200,160.1,EUR/MWh,DK1,DK_1,imbalance_price,Long,2026-08-23T05:51:55Z
2026-08-23T05:46:44Z,2026-08-23T07:46:44+0200,442f0342-0040-4db4-ac3f-85a7f822bcbf,2026-08-12T21:45:00Z,2026-08-12T23:45:00+0200,160.1,EUR/MWh,DK1,DK_1,imbalance_price,Short,2026-08-23T05:51:55Z
2026-08-23T05:46:44Z,2026-08-23T07:46:44+0200,442f0342-0040-4db4-ac3f-85a7f822bcbf,2026-08-12T22:00:00Z,2026-08-13T00:00:00+0200,164.47,EUR/MWh,DK1,DK_1,imbalance_price,Long,2026-08-23T05:51:55Z
2026-08-23T05:46:44Z,2026-08-23T07:46:44+0200,442f0342-0040-4db4-ac3f-85a7f822bcbf,2026-08-12T22:00:00Z,2026-08-13T00:00:00+0200,164.47,EUR/MWh,DK1,DK_1,imbalance_price,Short,2026-08-23T05:51:55Z
2026-08-23T05:46:44Z,2026-08-23T07:46:44+0200,442f0342-0040-4db4-ac3f-85a7f822bcbf,2026-08-12T22:15:00Z,2026-08-13T00:15:00+0200,108.18,EUR/MWh,DK1,DK_1,imbalance_price,Long,2026-08-23T05:51:55Z
2026-08-23T05:46:44Z,2026-08-23T07:46:44+0200,442f0342-0040-4db4-ac3f-85a7f822bcbf,2026-08-12T22:15:00Z,2026-08-13T00:15:00+0200,108.18,EUR/MWh,DK1,DK_1,imbalance_price,Short,2026-08-23T05:51:55Z
2026-08-23T05:46:44Z,2026-08-23T07:46:44+0200,442f0342-0040-4db4-ac3f-85a7f822bcbf,2026-08-12T22:30:00Z,2026-08-13T00:30:00+0200,155.06,EUR/MWh,DK1,DK_1,imbalance_price,Long,2026-08-23T05:51:55Z
2026-08-23T05:46:44Z,2026-08-23T07:46:44+0200,442f0342-0040-4db4-ac3f-85a7f822bcbf,2026-08-12T22:30:00Z,2026-08-13T00:30:00+0200,155.06,EUR/MWh,DK1,DK_1,imbalance_price,Short,2026-08-23T05:51:55Z
2026-08-23T05:46:44Z,2026-08-23T07:46:44+0200,442f0342-0040-4db4-ac3f-85a7f822bcbf,2026-08-12T22:45:00Z,2026-08-13T00:45:00+0200,154.86,EUR/MWh,DK1,DK_1,imbalance_price,Long,2026-08-23T05:51:55Z
2026-08-23T05:46:44Z,2026-08-23T07:46:44+0200,442f0342-0040-4db4-ac3f-85a7f822bcbf,2026-08-12T22:45:00Z,2026-08-13T00:45:00+0200,154.86,EUR/MWh,DK1,DK_1,imbalance_price,Short,2026-08-23T05:51:55Z
2026-08-23T05:46:44Z,2026-08-23T07:46:44+0200,442f0342-0040-4db4-ac3f-85a7f822bcbf,2026-08-12T23:00:00Z,2026-08-13T01:00:00+0200,153.0,EUR/MWh,DK1,DK_1,imbalance_price,Long,2026-08-23T05:51:55Z
2026-08-23T05:46:44Z,2026-08-23T07:46:44+0200,442f0342-0040-4db4-ac3f-85a7f822bcbf,2026-08-12T23:00:00Z,2026-08-13T01:00:00+0200,153.0,EUR/MWh,DK1,DK_1,imbalance_price,Short,2026-08-23T05:51:55Z
2026-08-23T05:46:44Z,2026-08-23T07:46:44+0200,442f0342-0040-4db4-ac3f-85a7f822bcbf,2026-08-12T23:15:00Z,2026-08-13T01:15:00+0200,112.08,EUR/MWh,DK1,DK_1,imbalance_price,Long,2026-08-23T05:51:55Z
2026-08-23T05:46:44Z,2026-08-23T07:46:44+0200,442f0342-0040-4db4-ac3f-85a7f822bcbf,2026-08-12T23:15:00Z,2026-08-13T01:15:00+0200,112.08,EUR/MWh,DK1,DK_1,imbalance_price,Short,2026-08-23T05:51:55Z
2026-08-23T05:46:44Z,2026-08-23T07:46:44+0200,442f0342-0040-4db4-ac3f-85a7f822bcbf,2026-08-12T23:30:00Z,2026-08-13T01:30:00+0200,147.29,EUR/MWh,DK1,DK_1,imbalance_price,Long,2026-08-23T05:51:55Z
2026-08-23T05:46:44Z,2026-08-23T07:46:44+0200,442f0342-0040-4db4-ac3f-85a7f822bcbf,2026-08-12T23:30:00Z,2026-08-13T01:30:00+0200,147.29,EUR/MWh,DK1,DK_1,imbalance_price,Short,2026-08-23T05:51:55Z
2026-08-23T05:46:44Z,2026-08-23T07:46:44+0200,442f0342-0040-4db4-ac3f-85a7f822bcbf,2026-08-12T23:45:00Z,2026-08-13T01:45:00+0200,123.01,EUR/MWh,DK1,DK_1,imbalance_price,Long,2026-08-23T05:51:55Z
2026-08-23T05:46:44Z,2026-08-23T07:46:44+0200,442f0342-0040-4db4-ac3f-85a7f822bcbf,2026-08-12T23:45:00Z,2026-08-13T01:45:00+0200,123.01,EUR/MWh,DK1,DK_1,imbalance_price,Short,2026-08-23T05:51:55Z
2026-08-23T05:46:44Z,2026-08-23T07:46:44+0200,442f0342-0040-4db4-ac3f-85a7f822bcbf,2026-08-13T00:00:00Z,2026-08-13T02:00:00+0200,110.67,EUR/MWh,DK1,DK_1,imbalance_price,Long,2026-08-23T05:51:55Z
2026-08-23T05:46:44Z,2026-08-23T07:46:44+0200,442f0342-0040-4db4-ac3f-85a7f822bcbf,2026-08-13T00:00:00Z,2026-08-13T02:00:00+0200,110.67,EUR/MWh,DK1,DK_1,imbalance_price,Short,2026-08-23T05:51:55Z
2026-08-23T05:46:44Z,2026-08-23T07:46:44+0200,442f0342-0040-4db4-ac3f-85a7f822bcbf,2026-08-13T00:15:00Z,2026-08-13T02:15:00+0200,122.81,EUR/MWh,DK1,DK_1,imbalance_price,Long,2026-08-23T05:51:55Z
2026-08-23T05:46:44Z,2026-08-23T07:46:44+0200,442f0342-0040-4db4-ac3f-85a7f822bcbf,2026-08-13T00:15:00Z,2026-08-13T02:15:00+0200,122.81,EUR/MWh,DK1,DK_1,imbalance_price,Short,2026-08-23T05:51:55Z
2026-08-23T05:46:44Z,2026-08-23T07:46:44+0200,442f0342-0040-4db4-ac3f-85a7f822bcbf,2026-08-13T00:30:00Z,2026-08-13T02:30:00+0200,144.38,EUR/MWh,DK1,DK_1,imbalance_price,Long,2026-08-23T05:51:55Z
2026-08-23T05:46:44Z,2026-08-23T07:46:44+0200,442f0342-0040-4db4-ac3f-85a7f822bcbf,2026-08-13T00:30:00Z,2026-08-13T02:30:00+0200,144.38,EUR/MWh,DK1,DK_1,imbalance_price,Short,2026-08-23T05:51:55Z
2026-08-23T05:46:44Z,2026-08-23T07:46:44+0200,442f0342-0040-4db4-ac3f-85a7f822bcbf,2026-08-13T00:45:00Z,2026-08-13T02:45:00+0200,122.47,EUR/MWh,DK1,DK_1,imbalance_price,Long,2026-08-23T05:51:55Z
2026-08-23T05:46:44Z,2026-08-23T07:46:44+0200,442f0342-0040-4db4-ac3f-85a7f822bcbf,2026-08-13T00:45:00Z,2026-08-13T02:45:00+0200,122.47,EUR/MWh,DK1,DK_1,imbalance_price,Short,2026-08-23T05:51:55Z
2026-08-23T05:46:44Z,2026-08-23T07:46:44+0200,442f0342-0040-4db4-ac3f-85a7f822bcbf,2026-08-13T01:00:00Z,2026-08-13T03:00:00+0200,121.51,EUR/MWh,DK1,DK_1,imbalance_price,Long,2026-08-23T05:51:55Z
2026-08-23T05:46:44Z,2026-08-23T07:46:44+0200,442f0342-0040-4db4-ac3f-85a7f822bcbf,2026-08-13T01:00:00Z,2026-08-13T03:00:00+0200,121.51,EUR/MWh,DK1,DK_1,imbalance_price,Short,2026-08-23T05:51:55Z
2026-08-23T05:46:44Z,2026-08-23T07:46:44+0200,442f0342-0040-4db4-ac3f-85a7f822bcbf,2026-08-13T01:15:00Z,2026-08-13T03:15:00+0200,126.58,EUR/MWh,DK1,DK_1,imbalance_price,Long,2026-08-23T05:51:55Z
2026-08-23T05:46:44Z,2026-08-23T07:46:44+0200,442f0342-0040-4db4-ac3f-85a7f822bcbf,2026-08-13T01:15:00Z,2026-08-13T03:15:00+0200,126.58,EUR/MWh,DK1,DK_1,imbalance_price,Short,2026-08-23T05:51:55Z
2026-08-23T05:46:44Z,2026-08-23T07:46:44+0200,442f0342-0040-4db4-ac3f-85a7f822bcbf,2026-08-13T01:30:00Z,2026-08-13T03:30:00+0200,-4.94,EUR/MWh,DK1,DK_1,imbalance_price,Long,2026-08-23T05:51:55Z
2026-08-23T05:46:44Z,2026-08-23T07:46:44+0200,442f0342-0040-4db4-ac3f-85a7f822bcbf,2026-08-13T01:30:00Z,2026-08-13T03:30:00+0200,-4.94,EUR/MWh,DK1,DK_1,imbalance_price,Short,2026-08-23T05:51:55Z
2026-08-23T05:46:44Z,2026-08-23T07:46:44+0200,442f0342-0040-4db4-ac3f-85a7f822bcbf,2026-08-13T01:45:00Z,2026-08-13T03:45:00+0200,128.06,EUR/MWh,DK1,DK_1,imbalance_price,Long,2026-08-23T05:51:55Z
2026-08-23T05:46:44Z,2026-08-23T07:46:44+0200,442f0342-0040-4db4-ac3f-85a7f822bcbf,2026-08-13T01:45:00Z,2026-08-13T03:45:00+0200,128.06,EUR/MWh,DK1,DK_1,imbalance_price,Short,2026-08-23T05:51:55Z
2026-08-23T05:46:44Z,2026-08-23T07:46:44+0200,442f0342-0040-4db4-ac3f-85a7f822bcbf,2026-08-13T02:00:00Z,2026-08-13T04:00:00+0200,128.0,EUR/MWh,DK1,DK_1,imbalance_price,Long,2026-08-23T05:51:55Z
2026-08-23T05:46:44Z,2026-08-23T07:46:44+0200,442f0342-0040-4db4-ac3f-85a7f822bcbf,2026-08-13T02:00:00Z,2026-08-13T04:00:00+0200,128.0,EUR/MWh,DK1,DK_1,imbalance_price,Short,2026-08-23T05:51:55Z
2026-08-23T05:46:44Z,2026-08-23T07:46:44+0200,442f0342-0040-4db4-ac3f-85a7f822bcbf,2026-08-13T02:15:00Z,2026-08-13T04:15:00+0200,122.65,EUR/MWh,DK1,DK_1,imbalance_price,Long,2026-08-23T05:51:55Z
2026-08-23T05:46:44Z,2026-08-23T07:46:44+0200,442f0342-0040-4db4-ac3f-85a7f822bcbf,2026-08-13T02:15:00Z,2026-08-13T04:15:00+0200,122.65,EUR/MWh,DK1,DK_1,imbalance_price,Short,2026-08-23T05:51:55Z
2026-08-23T05:46:44Z,2026-08-23T07:46:44+0200,442f0342-0040-4db4-ac3f-85a7f822bcbf,2026-08-13T02:30:00Z,2026-08-13T04:30:00+0200,124.41,EUR/MWh,DK1,DK_1,imbalance_price,Long,2026-08-23T05:51:55Z
2026-08-23T05:46:44Z,2026-08-23T07:46:44+0200,442f0342-0040-4db4-ac3f-85a7f822bcbf,2026-08-13T02:30:00Z,2026-08-13T04:30:00+0200,124.41,EUR/MWh,DK1,DK_1,imbalance_price,Short,2026-08-23T05:51:55Z
2026-08-23T05:46:44Z,2026-08-23T07:46:44+0200,442f0342-0040-4db4-ac3f-85a7f822bcbf,2026-08-13T02:45:00Z,2026-08-13T04:45:00+0200,135.0,EUR/MWh,DK1,DK_1,imbalance_price,Long,2026-08-23T05:51:55Z
2026-08-23T05:46:44Z,2026-08-23T07:46:44+0200,442f0342-0040-4db4-ac3f-85a7f822bcbf,2026-08-13T02:45:00Z,2026-08-13T04:45:00+0200,135.0,EUR/MWh,DK1,DK_1,imbalance_price,Short,2026-08-23T05:51:55Z
2026-08-23T05:46:44Z,2026-08-23T07:46:44+0200,442f0342-0040-4db4-ac3f-85a7f822bcbf,2026-08-13T03:00:00Z,2026-08-13T05:00:00+0200,111.91,EUR/MWh,DK1,DK_1,imbalance_price,Long,2026-08-23T05:51:55Z
2026-08-23T05:46:44Z,2026-08-23T07:46:44+0200,442f0342-0040-4db4-ac3f-85a7f822bcbf,2026-08-13T03:00:00Z,2026-08-13T05:00:00+0200,111.91,EUR/MWh,DK1,DK_1,imbalance_price,Short,2026-08-23T05:51:55Z
2026-08-23T05:46:44Z,2026-08-23T07:46:44+0200,442f0342-0040-4db4-ac3f-85a7f822bcbf,2026-08-13T03:15:00Z,2026-08-13T05:15:00+0200,111.67,EUR/MWh,DK1,DK_1,imbalance_price,Long,2026-08-23T05:51:55Z
2026-08-23T05:46:44Z,2026-08-23T07:46:44+0200,442f0342-0040-4db4-ac3f-85a7f822bcbf,2026-08-13T03:15:00Z,2026-08-13T05:15:00+0200,111.67,EUR/MWh,DK1,DK_1,imbalance_price,Short,2026-08-23T05:51:55Z
2026-08-23T05:46:44Z,2026-08-23T07:46:44+0200,442f0342-0040-4db4-ac3f-85a7f822bcbf,2026-08-13T03:30:00Z,2026-08-13T05:30:00+0200,111.4,EUR/MWh,DK1,DK_1,imbalance_price,Long,2026-08-23T05:51:55Z
2026-08-23T05:46:44Z,2026-08-23T07:46:44+0200,442f0342-0040-4db4-ac3f-85a7f822bcbf,2026-08-13T03:30:00Z,2026-08-13T05:30:00+0200,111.4,EUR/MWh,DK1,DK_1,imbalance_price,Short,2026-08-23T05:51:55Z
2026-08-23T05:46:44Z,2026-08-23T07:46:44+0200,442f0342-0040-4db4-ac3f-85a7f822bcbf,2026-08-13T03:45:00Z,2026-08-13T05:45:00+0200,112.14,EUR/MWh,DK1,DK_1,imbalance_price,Long,2026-08-23T05:51:55Z
2026-08-23T05:46:44Z,2026-08-23T07:46:44+0200,442f0342-0040-4db4-ac3f-85a7f822bcbf,2026-08-13T03:45:00Z,2026-08-13T05:45:00+0200,112.14,EUR/MWh,DK1,DK_1,imbalance_price,Short,2026-08-23T05:51:55Z
2026-08-23T05:46:44Z,2026-08-23T07:46:44+0200,442f0342-0040-4db4-ac3f-85a7f822bcbf,2026-08-13T04:00:00Z,2026-08-13T06:00:00+0200,112.08,EUR/MWh,DK1,DK_1,imbalance_price,Long,2026-08-23T05:51:55Z
2026-08-23T05:46:44Z,2026-08-23T07:46:44+0200,442f0342-0040-4db4-ac3f-85a7f822bcbf,2026-08-13T04:00:00Z,2026-08-13T06:00:00+0200,112.08,EUR/MWh,DK1,DK_1,imbalance_price,Short,2026-08-23T05:51:55Z
2026-08-23T05:46:44Z,2026-08-23T07:46:44+0200,442f0342-0040-4db4-ac3f-85a7f822bcbf,2026-08-13T04:15:00Z,2026-08-13T06:15:00+0200,113.95,EUR/MWh,DK1,DK_1,imbalance_price,Long,2026-08-23T05:51:55Z
2026-08-23T05:46:44Z,2026-08-23T07:46:44+0200,442f0342-0040-4db4-ac3f-85a7f822bcbf,2026-08-13T04:15:00Z,2026-08-13T06:15:00+0200,113.95,EUR/MWh,DK1,DK_1,imbalance_price,Short,2026-08-23T05:51:55Z
2026-08-23T05:46:44Z,2026-08-23T07:46:44+0200,442f0342-0040-4db4-ac3f-85a7f822bcbf,2026-08-13T04:30:00Z,2026-08-13T06:30:00+0200,116.17,EUR/MWh,DK1,DK_1,imbalance_price,Long,2026-08-23T05:51:55Z
2026-08-23T05:46:44Z,2026-08-23T07:46:44+0200,442f0342-0040-4db4-ac3f-85a7f822bcbf,2026-08-13T04:30:00Z,2026-08-13T06:30:00+0200,116.17,EUR/MWh,DK1,DK_1,imbalance_price,Short,2026-08-23T05:51:55Z
2026-08-23T05:46:44Z,2026-08-23T07:46:44+0200,442f0342-0040-4db4-ac3f-85a7f822bcbf,2026-08-13T04:45:00Z,2026-08-13T06:45:00+0200,174.99,EUR/MWh,DK1,DK_1,imbalance_price,Long,2026-08-23T05:51:55Z
2026-08-23T05:46:44Z,2026-08-23T07:46:44+0200,442f0342-0040-4db4-ac3f-85a7f822bcbf,2026-08-13T04:45:00Z,2026-08-13T06:45:00+0200,174.99,EUR/MWh,DK1,DK_1,imbalance_price,Short,2026-08-23T05:51:55Z
2026-08-23T05:46:44Z,2026-08-23T07:46:44+0200,442f0342-0040-4db4-ac3f-85a7f822bcbf,2026-08-13T05:00:00Z,2026-08-13T07:00:00+0200,182.47,EUR/MWh,DK1,DK_1,imbalance_price,Long,2026-08-23T05:51:55Z
2026-08-23T05:46:44Z,2026-08-23T07:46:44+0200,442f0342-0040-4db4-ac3f-85a7f822bcbf,2026-08-13T05:00:00Z,2026-08-13T07:00:00+0200,182.47,EUR/MWh,DK1,DK_1,imbalance_price,Short,2026-08-23T05:51:55Z
2026-08-23T05:46:44Z,2026-08-23T07:46:44+0200,442f0342-0040-4db4-ac3f-85a7f822bcbf,2026-08-13T05:15:00Z,2026-08-13T07:15:00+0200,110.9,EUR/MWh,DK1,DK_1,imbalance_price,Long,2026-08-23T05:51:55Z
2026-08-23T05:46:44Z,2026-08-23T07:46:44+0200,442f0342-0040-4db4-ac3f-85a7f822bcbf,2026-08-13T05:15:00Z,2026-08-13T07:15:00+0200,110.9,EUR/MWh,DK1,DK_1,imbalance_price,Short,2026-08-23T05:51:55Z
2026-08-23T05:46:44Z,2026-08-23T07:46:44+0200,442f0342-0040-4db4-ac3f-85a7f822bcbf,2026-08-13T05:30:00Z,2026-08-13T07:30:00+0200,111.9,EUR/MWh,DK1,DK_1,imbalance_price,Long,2026-08-23T05:51:55Z
2026-08-23T05:46:44Z,2026-08-23T07:46:44+0200,442f0342-0040-4db4-ac3f-85a7f822bcbf,2026-08-13T05:30:00Z,2026-08-13T07:30:00+0200,111.9,EUR/MWh,DK1,DK_1,imbalance_price,Short,2026-08-23T05:51:55Z
2026-08-23T05:46:44Z,2026-08-23T07:46:44+0200,442f0342-0040-4db4-ac3f-85a7f822bcbf,2026-08-13T05:45:00Z,2026-08-13T07:45:00+0200,112.08,EUR/MWh,DK1,DK_1,imbalance_price,Long,2026-08-23T05:51:55Z
2026-08-23T05:46:44Z,2026-08-23T07:46:44+0200,442f0342-0040-4db4-ac3f-85a7f822bcbf,2026-08-13T05:45:00Z,2026-08-13T07:45:00+0200,112.08,EUR/MWh,DK1,DK_1,imbalance_price,Short,2026-08-23T05:51:55Z
2026-08-23T05:46:44Z,2026-08-23T07:46:44+0200,442f0342-0040-4db4-ac3f-85a7f822bcbf,2026-08-13T06:00:00Z,2026-08-13T08:00:00+0200,112.08,EUR/MWh,DK1,DK_1,imbalance_price,Long,2026-08-23T05:51:55Z
2026-08-23T05:46:44Z,2026-08-23T07:46:44+0200,442f0342-0040-4db4-ac3f-85a7f822bcbf,2026-08-13T06:00:00Z,2026-08-13T08:00:00+0200,112.08,EUR/MWh,DK1,DK_1,imbalance_price,Short,2026-08-23T05:51:55Z
2026-08-23T05:46:44Z,2026-08-23T07:46:44+0200,442f0342-0040-4db4-ac3f-85a7f822bcbf,2026-08-13T06:15:00Z,2026-08-13T08:15:00+0200,162.7,EUR/MWh,DK1,DK_1,imbalance_price,Long,2026-08-23T05:51:55Z
2026-08-23T05:46:44Z,2026-08-23T07:46:44+0200,442f0342-0040-4db4-ac3f-85a7f822bcbf,2026-08-13T06:15:00Z,2026-08-13T08:15:00+0200,162.7,EUR/MWh,DK1,DK_1,imbalance_price,Short,2026-08-23T05:51:55Z
2026-08-23T05:46:44Z,2026-08-23T07:46:44+0200,442f0342-0040-4db4-ac3f-85a7f822bcbf,2026-08-13T06:30:00Z,2026-08-13T08:30:00+0200,198.17,EUR/MWh,DK1,DK_1,imbalance_price,Long,2026-08-23T05:51:55Z
2026-08-23T05:46:44Z,2026-08-23T07:46:44+0200,442f0342-0040-4db4-ac3f-85a7f822bcbf,2026-08-13T06:30:00Z,2026-08-13T08:30:00+0200,198.17,EUR/MWh,DK1,DK_1,imbalance_price,Short,2026-08-23T05:51:55Z
2026-08-23T05:46:44Z,2026-08-23T07:46:44+0200,442f0342-0040-4db4-ac3f-85a7f822bcbf,2026-08-13T06:45:00Z,2026-08-13T08:45:00+0200,176.22,EUR/MWh,DK1,DK_1,imbalance_price,Long,2026-08-23T05:51:55Z
2026-08-23T05:46:44Z,2026-08-23T07:46:44+0200,442f0342-0040-4db4-ac3f-85a7f822bcbf,2026-08-13T06:45:00Z,2026-08-13T08:45:00+0200,176.22,EUR/MWh,DK1,DK_1,imbalance_price,Short,2026-08-23T05:51:55Z
2026-08-23T05:46:44Z,2026-08-23T07:46:44+0200,442f0342-0040-4db4-ac3f-85a7f822bcbf,2026-08-13T07:00:00Z,2026-08-13T09:00:00+0200,179.43,EUR/MWh,DK1,DK_1,imbalance_price,Long,2026-08-23T05:51:55Z
2026-08-23T05:46:44Z,2026-08-23T07:46:44+0200,442f0342-0040-4db4-ac3f-85a7f822bcbf,2026-08-13T07:00:00Z,2026-08-13T09:00:00+0200,179.43,EUR/MWh,DK1,DK_1,imbalance_price,Short,2026-08-23T05:51:55Z
2026-08-23T05:46:44Z,2026-08-23T07:46:44+0200,442f0342-0040-4db4-ac3f-85a7f822bcbf,2026-08-13T07:15:00Z,2026-08-13T09:15:00+0200,143.99,EUR/MWh,DK1,DK_1,imbalance_price,Long,2026-08-23T05:51:55Z
2026-08-23T05:46:44Z,2026-08-23T07:46:44+0200,442f0342-0040-4db4-ac3f-85a7f822bcbf,2026-08-13T07:15:00Z,2026-08-13T09:15:00+0200,143.99,EUR/MWh,DK1,DK_1,imbalance_price,Short,2026-08-23T05:51:55Z
2026-08-23T05:46:44Z,2026-08-23T07:46:44+0200,442f0342-0040-4db4-ac3f-85a7f822bcbf,2026-08-13T07:30:00Z,2026-08-13T09:30:00+0200,74.79,EUR/MWh,DK1,DK_1,imbalance_price,Long,2026-08-23T05:51:55Z
2026-08-23T05:46:44Z,2026-08-23T07:46:44+0200,442f0342-0040-4db4-ac3f-85a7f822bcbf,2026-08-13T07:30:00Z,2026-08-13T09:30:00+0200,74.79,EUR/MWh,DK1,DK_1,imbalance_price,Short,2026-08-23T05:51:55Z
2026-08-23T05:46:44Z,2026-08-23T07:46:44+0200,442f0342-0040-4db4-ac3f-85a7f822bcbf,2026-08-13T07:45:00Z,2026-08-13T09:45:00+0200,75.27,EUR/MWh,DK1,DK_1,imbalance_price,Long,2026-08-23T05:51:55Z
2026-08-23T05:46:44Z,2026-08-23T07:46:44+0200,442f0342-0040-4db4-ac3f-85a7f822bcbf,2026-08-13T07:45:00Z,2026-08-13T09:45:00+0200,75.27,EUR/MWh,DK1,DK_1,imbalance_price,Short,2026-08-23T05:51:55Z
2026-08-23T05:46:44Z,2026-08-23T07:46:44+0200,442f0342-0040-4db4-ac3f-85a7f822bcbf,2026-08-13T08:00:00Z,2026-08-13T10:00:00+0200,77.35,EUR/MWh,DK1,DK_1,imbalance_price,Long,2026-08-23T05:51:55Z
2026-08-23T05:46:44Z,2026-08-23T07:46:44+0200,442f0342-0040-4db4-ac3f-85a7f822bcbf,2026-08-13T08:00:00Z,2026-08-13T10:00:00+0200,77.35,EUR/MWh,DK1,DK_1,imbalance_price,Short,2026-08-23T05:51:55Z
2026-08-23T05:46:44Z,2026-08-23T07:46:44+0200,442f0342-0040-4db4-ac3f-85a7f822bcbf,2026-08-13T08:15:00Z,2026-08-13T10:15:00+0200,53.35,EUR/MWh,DK1,DK_1,imbalance_price,Long,2026-08-23T05:51:55Z
2026-08-23T05:46:44Z,2026-08-23T07:46:44+0200,442f0342-0040-4db4-ac3f-85a7f822bcbf,2026-08-13T08:15:00Z,2026-08-13T10:15:00+0200,53.35,EUR/MWh,DK1,DK_1,imbalance_price,Short,2026-08-23T05:51:55Z
2026-08-23T05:46:44Z,2026-08-23T07:46:44+0200,442f0342-0040-4db4-ac3f-85a7f822bcbf,2026-08-13T08:30:00Z,2026-08-13T10:30:00+0200,101.19,EUR/MWh,DK1,DK_1,imbalance_price,Long,2026-08-23T05:51:55Z
2026-08-23T05:46:44Z,2026-08-23T07:46:44+0200,442f0342-0040-4db4-ac3f-85a7f822bcbf,2026-08-13T08:30:00Z,2026-08-13T10:30:00+0200,101.19,EUR/MWh,DK1,DK_1,imbalance_price,Short,2026-08-23T05:51:55Z
2026-08-23T05:46:44Z,2026-08-23T07:46:44+0200,442f0342-0040-4db4-ac3f-85a7f822bcbf,2026-08-13T08:45:00Z,2026-08-13T10:45:00+0200,121.49,EUR/MWh,DK1,DK_1,imbalance_price,Long,2026-08-23T05:51:55Z
2026-08-23T05:46:44Z,2026-08-23T07:46:44+0200,442f0342-0040-4db4-ac3f-85a7f822bcbf,2026-08-13T08:45:00Z,2026-08-13T10:45:00+0200,121.49,EUR/MWh,DK1,DK_1,imbalance_price,Short,2026-08-23T05:51:55Z
2026-08-23T05:46:44Z,2026-08-23T07:46:44+0200,442f0342-0040-4db4-ac3f-85a7f822bcbf,2026-08-13T09:00:00Z,2026-08-13T11:00:00+0200,102.06,EUR/MWh,DK1,DK_1,imbalance_price,Long,2026-08-23T05:51:55Z
2026-08-23T05:46:44Z,2026-08-23T07:46:44+0200,442f0342-0040-4db4-ac3f-85a7f822bcbf,2026-08-13T09:00:00Z,2026-08-13T11:00:00+0200,102.06,EUR/MWh,DK1,DK_1,imbalance_price,Short,2026-08-23T05:51:55Z
2026-08-23T05:46:44Z,2026-08-23T07:46:44+0200,442f0342-0040-4db4-ac3f-85a7f822bcbf,2026-08-13T09:15:00Z,2026-08-13T11:15:00+0200,68.04,EUR/MWh,DK1,DK_1,imbalance_price,Long,2026-08-23T05:51:55Z
2026-08-23T05:46:44Z,2026-08-23T07:46:44+0200,442f0342-0040-4db4-ac3f-85a7f822bcbf,2026-08-13T09:15:00Z,2026-08-13T11:15:00+0200,68.04,EUR/MWh,DK1,DK_1,imbalance_price,Short,2026-08-23T05:51:55Z
2026-08-23T05:46:44Z,2026-08-23T07:46:44+0200,442f0342-0040-4db4-ac3f-85a7f822bcbf,2026-08-13T09:30:00Z,2026-08-13T11:30:00+0200,43.26,EUR/MWh,DK1,DK_1,imbalance_price,Long,2026-08-23T05:51:55Z
2026-08-23T05:46:44Z,2026-08-23T07:46:44+0200,442f0342-0040-4db4-ac3f-85a7f822bcbf,2026-08-13T09:30:00Z,2026-08-13T11:30:00+0200,43.26,EUR/MWh,DK1,DK_1,imbalance_price,Short,2026-08-23T05:51:55Z
2026-08-23T05:46:44Z,2026-08-23T07:46:44+0200,442f0342-0040-4db4-ac3f-85a7f822bcbf,2026-08-13T09:45:00Z,2026-08-13T11:45:00+0200,6.68,EUR/MWh,DK1,DK_1,imbalance_price,Long,2026-08-23T05:51:55Z
2026-08-23T05:46:44Z,2026-08-23T07:46:44+0200,442f0342-0040-4db4-ac3f-85a7f822bcbf,2026-08-13T09:45:00Z,2026-08-13T11:45:00+0200,6.68,EUR/MWh,DK1,DK_1,imbalance_price,Short,2026-08-23T05:51:55Z
2026-08-23T05:46:44Z,2026-08-23T07:46:44+0200,442f0342-0040-4db4-ac3f-85a7f822bcbf,2026-08-13T10:00:00Z,2026-08-13T12:00:00+0200,17.69,EUR/MWh,DK1,DK_1,imbalance_price,Long,2026-08-23T05:51:55Z
2026-08-23T05:46:44Z,2026-08-23T07:46:44+0200,442f0342-0040-4db4-ac3f-85a7f822bcbf,2026-08-13T10:00:00Z,2026-08-13T12:00:00+0200,17.69,EUR/MWh,DK1,DK_1,imbalance_price,Short,2026-08-23T05:51:55Z
2026-08-23T05:46:44Z,2026-08-23T07:46:44+0200,442f0342-0040-4db4-ac3f-85a7f822bcbf,2026-08-13T10:15:00Z,2026-08-13T12:15:00+0200,79.8,EUR/MWh,DK1,DK_1,imbalance_price,Long,2026-08-23T05:51:55Z
2026-08-23T05:46:44Z,2026-08-23T07:46:44+0200,442f0342-0040-4db4-ac3f-85a7f822bcbf,2026-08-13T10:15:00Z,2026-08-13T12:15:00+0200,79.8,EUR/MWh,DK1,DK_1,imbalance_price,Short,2026-08-23T05:51:55Z
2026-08-23T05:46:44Z,2026-08-23T07:46:44+0200,442f0342-0040-4db4-ac3f-85a7f822bcbf,2026-08-13T10:30:00Z,2026-08-13T12:30:00+0200,13.37,EUR/MWh,DK1,DK_1,imbalance_price,Long,2026-08-23T05:51:55Z
2026-08-23T05:46:44Z,2026-08-23T07:46:44+0200,442f0342-0040-4db4-ac3f-85a7f822bcbf,2026-08-13T10:30:00Z,2026-08-13T12:30:00+0200,13.37,EUR/MWh,DK1,DK_1,imbalance_price,Short,2026-08-23T05:51:55Z
2026-08-23T05:46:44Z,2026-08-23T07:46:44+0200,442f0342-0040-4db4-ac3f-85a7f822bcbf,2026-08-13T10:45:00Z,2026-08-13T12:45:00+0200,11.36,EUR/MWh,DK1,DK_1,imbalance_price,Long,2026-08-23T05:51:55Z
2026-08-23T05:46:44Z,2026-08-23T07:46:44+0200,442f0342-0040-4db4-ac3f-85a7f822bcbf,2026-08-13T10:45:00Z,2026-08-13T12:45:00+0200,11.36,EUR/MWh,DK1,DK_1,imbalance_price,Short,2026-08-23T05:51:55Z
2026-08-23T05:46:44Z,2026-08-23T07:46:44+0200,442f0342-0040-4db4-ac3f-85a7f822bcbf,2026-08-13T11:00:00Z,2026-08-13T13:00:00+0200,53.98,EUR/MWh,DK1,DK_1,imbalance_price,Long,2026-08-23T05:51:55Z
2026-08-23T05:46:44Z,2026-08-23T07:46:44+0200,442f0342-0040-4db4-ac3f-85a7f822bcbf,2026-08-13T11:00:00Z,2026-08-13T13:00:00+0200,53.98,EUR/MWh,DK1,DK_1,imbalance_price,Short,2026-08-23T05:51:55Z
2026-08-23T05:46:44Z,2026-08-23T07:46:44+0200,442f0342-0040-4db4-ac3f-85a7f822bcbf,2026-08-13T11:15:00Z,2026-08-13T13:15:00+0200,50.46,EUR/MWh,DK1,DK_1,imbalance_price,Long,2026-08-23T05:51:55Z
2026-08-23T05:46:44Z,2026-08-23T07:46:44+0200,442f0342-0040-4db4-ac3f-85a7f822bcbf,2026-08-13T11:15:00Z,2026-08-13T13:15:00+0200,50.46,EUR/MWh,DK1,DK_1,imbalance_price,Short,2026-08-23T05:51:55Z
2026-08-23T05:46:44Z,2026-08-23T07:46:44+0200,442f0342-0040-4db4-ac3f-85a7f822bcbf,2026-08-13T11:30:00Z,2026-08-13T13:30:00+0200,43.98,EUR/MWh,DK1,DK_1,imbalance_price,Long,2026-08-23T05:51:55Z
2026-08-23T05:46:44Z,2026-08-23T07:46:44+0200,442f0342-0040-4db4-ac3f-85a7f822bcbf,2026-08-13T11:30:00Z,2026-08-13T13:30:00+0200,43.98,EUR/MWh,DK1,DK_1,imbalance_price,Short,2026-08-23T05:51:55Z
2026-08-23T05:46:44Z,2026-08-23T07:46:44+0200,442f0342-0040-4db4-ac3f-85a7f822bcbf,2026-08-13T11:45:00Z,2026-08-13T13:45:00+0200,5.35,EUR/MWh,DK1,DK_1,imbalance_price,Long,2026-08-23T05:51:55Z
2026-08-23T05:46:44Z,2026-08-23T07:46:44+0200,442f0342-0040-4db4-ac3f-85a7f822bcbf,2026-08-13T11:45:00Z,2026-08-13T13:45:00+0200,5.35,EUR/MWh,DK1,DK_1,imbalance_price,Short,2026-08-23T05:51:55Z
2026-08-23T05:46:44Z,2026-08-23T07:46:44+0200,442f0342-0040-4db4-ac3f-85a7f822bcbf,2026-08-13T12:00:00Z,2026-08-13T14:00:00+0200,113.65,EUR/MWh,DK1,DK_1,imbalance_price,Long,2026-08-23T05:51:55Z
2026-08-23T05:46:44Z,2026-08-23T07:46:44+0200,442f0342-0040-4db4-ac3f-85a7f822bcbf,2026-08-13T12:00:00Z,2026-08-13T14:00:00+0200,113.65,EUR/MWh,DK1,DK_1,imbalance_price,Short,2026-08-23T05:51:55Z
2026-08-23T05:46:44Z,2026-08-23T07:46:44+0200,442f0342-0040-4db4-ac3f-85a7f822bcbf,2026-08-13T12:15:00Z,2026-08-13T14:15:00+0200,203.72,EUR/MWh,DK1,DK_1,imbalance_price,Long,2026-08-23T05:51:55Z
2026-08-23T05:46:44Z,2026-08-23T07:46:44+0200,442f0342-0040-4db4-ac3f-85a7f822bcbf,2026-08-13T12:15:00Z,2026-08-13T14:15:00+0200,203.72,EUR/MWh,DK1,DK_1,imbalance_price,Short,2026-08-23T05:51:55Z
2026-08-23T05:46:44Z,2026-08-23T07:46:44+0200,442f0342-0040-4db4-ac3f-85a7f822bcbf,2026-08-13T12:30:00Z,2026-08-13T14:30:00+0200,222.47,EUR/MWh,DK1,DK_1,imbalance_price,Long,2026-08-23T05:51:55Z
2026-08-23T05:46:44Z,2026-08-23T07:46:44+0200,442f0342-0040-4db4-ac3f-85a7f822bcbf,2026-08-13T12:30:00Z,2026-08-13T14:30:00+0200,222.47,EUR/MWh,DK1,DK_1,imbalance_price,Short,2026-08-23T05:51:55Z
2026-08-23T05:46:44Z,2026-08-23T07:46:44+0200,442f0342-0040-4db4-ac3f-85a7f822bcbf,2026-08-13T12:45:00Z,2026-08-13T14:45:00+0200,133.55,EUR/MWh,DK1,DK_1,imbalance_price,Long,2026-08-23T05:51:55Z
2026-08-23T05:46:44Z,2026-08-23T07:46:44+0200,442f0342-0040-4db4-ac3f-85a7f822bcbf,2026-08-13T12:45:00Z,2026-08-13T14:45:00+0200,133.55,EUR/MWh,DK1,DK_1,imbalance_price,Short,2026-08-23T05:51:55Z
2026-08-23T05:46:44Z,2026-08-23T07:46:44+0200,442f0342-0040-4db4-ac3f-85a7f822bcbf,2026-08-13T13:00:00Z,2026-08-13T15:00:00+0200,74.58,EUR/MWh,DK1,DK_1,imbalance_price,Long,2026-08-23T05:51:55Z
2026-08-23T05:46:44Z,2026-08-23T07:46:44+0200,442f0342-0040-4db4-ac3f-85a7f822bcbf,2026-08-13T13:00:00Z,2026-08-13T15:00:00+0200,74.58,EUR/MWh,DK1,DK_1,imbalance_price,Short,2026-08-23T05:51:55Z
2026-08-23T05:46:44Z,2026-08-23T07:46:44+0200,442f0342-0040-4db4-ac3f-85a7f822bcbf,2026-08-13T13:15:00Z,2026-08-13T15:15:00+0200,95.31,EUR/MWh,DK1,DK_1,imbalance_price,Long,2026-08-23T05:51:55Z
2026-08-23T05:46:44Z,2026-08-23T07:46:44+0200,442f0342-0040-4db4-ac3f-85a7f822bcbf,2026-08-13T13:15:00Z,2026-08-13T15:15:00+0200,95.31,EUR/MWh,DK1,DK_1,imbalance_price,Short,2026-08-23T05:51:55Z
2026-08-23T05:46:44Z,2026-08-23T07:46:44+0200,442f0342-0040-4db4-ac3f-85a7f822bcbf,2026-08-13T13:30:00Z,2026-08-13T15:30:00+0200,101.35,EUR/MWh,DK1,DK_1,imbalance_price,Long,2026-08-23T05:51:55Z
2026-08-23T05:46:44Z,2026-08-23T07:46:44+0200,442f0342-0040-4db4-ac3f-85a7f822bcbf,2026-08-13T13:30:00Z,2026-08-13T15:30:00+0200,101.35,EUR/MWh,DK1,DK_1,imbalance_price,Short,2026-08-23T05:51:55Z
2026-08-23T05:46:44Z,2026-08-23T07:46:44+0200,442f0342-0040-4db4-ac3f-85a7f822bcbf,2026-08-13T13:45:00Z,2026-08-13T15:45:00+0200,163.42,EUR/MWh,DK1,DK_1,imbalance_price,Long,2026-08-23T05:51:55Z
2026-08-23T05:46:44Z,2026-08-23T07:46:44+0200,442f0342-0040-4db4-ac3f-85a7f822bcbf,2026-08-13T13:45:00Z,2026-08-13T15:45:00+0200,163.42,EUR/MWh,DK1,DK_1,imbalance_price,Short,2026-08-23T05:51:55Z
2026-08-23T05:46:44Z,2026-08-23T07:46:44+0200,442f0342-0040-4db4-ac3f-85a7f822bcbf,2026-08-13T14:00:00Z,2026-08-13T16:00:00+0200,52.84,EUR/MWh,DK1,DK_1,imbalance_price,Long,2026-08-23T05:51:55Z
2026-08-23T05:46:44Z,2026-08-23T07:46:44+0200,442f0342-0040-4db4-ac3f-85a7f822bcbf,2026-08-13T14:00:00Z,2026-08-13T16:00:00+0200,52.84,EUR/MWh,DK1,DK_1,imbalance_price,Short,2026-08-23T05:51:55Z
2026-08-23T05:46:44Z,2026-08-23T07:46:44+0200,442f0342-0040-4db4-ac3f-85a7f822bcbf,2026-08-13T14:15:00Z,2026-08-13T16:15:00+0200,193.09,EUR/MWh,DK1,DK_1,imbalance_price,Long,2026-08-23T05:51:55Z
2026-08-23T05:46:44Z,2026-08-23T07:46:44+0200,442f0342-0040-4db4-ac3f-85a7f822bcbf,2026-08-13T14:15:00Z,2026-08-13T16:15:00+0200,193.09,EUR/MWh,DK1,DK_1,imbalance_price,Short,2026-08-23T05:51:55Z
2026-08-23T05:46:44Z,2026-08-23T07:46:44+0200,442f0342-0040-4db4-ac3f-85a7f822bcbf,2026-08-13T14:30:00Z,2026-08-13T16:30:00+0200,123.52,EUR/MWh,DK1,DK_1,imbalance_price,Long,2026-08-23T05:51:55Z
2026-08-23T05:46:44Z,2026-08-23T07:46:44+0200,442f0342-0040-4db4-ac3f-85a7f822bcbf,2026-08-13T14:30:00Z,2026-08-13T16:30:00+0200,123.52,EUR/MWh,DK1,DK_1,imbalance_price,Short,2026-08-23T05:51:55Z
2026-08-23T05:46:44Z,2026-08-23T07:46:44+0200,442f0342-0040-4db4-ac3f-85a7f822bcbf,2026-08-13T14:45:00Z,2026-08-13T16:45:00+0200,131.74,EUR/MWh,DK1,DK_1,imbalance_price,Long,2026-08-23T05:51:55Z
2026-08-23T05:46:44Z,2026-08-23T07:46:44+0200,442f0342-0040-4db4-ac3f-85a7f822bcbf,2026-08-13T14:45:00Z,2026-08-13T16:45:00+0200,131.74,EUR/MWh,DK1,DK_1,imbalance_price,Short,2026-08-23T05:51:55Z
2026-08-23T05:46:44Z,2026-08-23T07:46:44+0200,442f0342-0040-4db4-ac3f-85a7f822bcbf,2026-08-13T15:00:00Z,2026-08-13T17:00:00+0200,-3.11,EUR/MWh,DK1,DK_1,imbalance_price,Long,2026-08-23T05:51:55Z
2026-08-23T05:46:44Z,2026-08-23T07:46:44+0200,442f0342-0040-4db4-ac3f-85a7f822bcbf,2026-08-13T15:00:00Z,2026-08-13T17:00:00+0200,-3.11,EUR/MWh,DK1,DK_1,imbalance_price,Short,2026-08-23T05:51:55Z
2026-08-23T05:46:44Z,2026-08-23T07:46:44+0200,442f0342-0040-4db4-ac3f-85a7f822bcbf,2026-08-13T15:15:00Z,2026-08-13T17:15:00+0200,93.01,EUR/MWh,DK1,DK_1,imbalance_price,Long,2026-08-23T05:51:55Z
2026-08-23T05:46:44Z,2026-08-23T07:46:44+0200,442f0342-0040-4db4-ac3f-85a7f822bcbf,2026-08-13T15:15:00Z,2026-08-13T17:15:00+0200,93.01,EUR/MWh,DK1,DK_1,imbalance_price,Short,2026-08-23T05:51:55Z
2026-08-23T05:46:44Z,2026-08-23T07:46:44+0200,442f0342-0040-4db4-ac3f-85a7f822bcbf,2026-08-13T15:30:00Z,2026-08-13T17:30:00+0200,123.0,EUR/MWh,DK1,DK_1,imbalance_price,Long,2026-08-23T05:51:55Z
2026-08-23T05:46:44Z,2026-08-23T07:46:44+0200,442f0342-0040-4db4-ac3f-85a7f822bcbf,2026-08-13T15:30:00Z,2026-08-13T17:30:00+0200,123.0,EUR/MWh,DK1,DK_1,imbalance_price,Short,2026-08-23T05:51:55Z
2026-08-23T05:46:44Z,2026-08-23T07:46:44+0200,442f0342-0040-4db4-ac3f-85a7f822bcbf,2026-08-13T15:45:00Z,2026-08-13T17:45:00+0200,125.0,EUR/MWh,DK1,DK_1,imbalance_price,Long,2026-08-23T05:51:55Z
2026-08-23T05:46:44Z,2026-08-23T07:46:44+0200,442f0342-0040-4db4-ac3f-85a7f822bcbf,2026-08-13T15:45:00Z,2026-08-13T17:45:00+0200,125.0,EUR/MWh,DK1,DK_1,imbalance_price,Short,2026-08-23T05:51:55Z
2026-08-23T05:46:44Z,2026-08-23T07:46:44+0200,442f0342-0040-4db4-ac3f-85a7f822bcbf,2026-08-13T16:00:00Z,2026-08-13T18:00:00+0200,165.0,EUR/MWh,DK1,DK_1,imbalance_price,Long,2026-08-23T05:51:55Z
2026-08-23T05:46:44Z,2026-08-23T07:46:44+0200,442f0342-0040-4db4-ac3f-85a7f822bcbf,2026-08-13T16:00:00Z,2026-08-13T18:00:00+0200,165.0,EUR/MWh,DK1,DK_1,imbalance_price,Short,2026-08-23T05:51:55Z
2026-08-23T05:46:44Z,2026-08-23T07:46:44+0200,442f0342-0040-4db4-ac3f-85a7f822bcbf,2026-08-13T16:15:00Z,2026-08-13T18:15:00+0200,209.33,EUR/MWh,DK1,DK_1,imbalance_price,Long,2026-08-23T05:51:55Z
2026-08-23T05:46:44Z,2026-08-23T07:46:44+0200,442f0342-0040-4db4-ac3f-85a7f822bcbf,2026-08-13T16:15:00Z,2026-08-13T18:15:00+0200,209.33,EUR/MWh,DK1,DK_1,imbalance_price,Short,2026-08-23T05:51:55Z
2026-08-23T05:46:44Z,2026-08-23T07:46:44+0200,442f0342-0040-4db4-ac3f-85a7f822bcbf,2026-08-13T16:30:00Z,2026-08-13T18:30:00+0200,126.61,EUR/MWh,DK1,DK_1,imbalance_price,Long,2026-08-23T05:51:55Z
2026-08-23T05:46:44Z,2026-08-23T07:46:44+0200,442f0342-0040-4db4-ac3f-85a7f822bcbf,2026-08-13T16:30:00Z,2026-08-13T18:30:00+0200,126.61,EUR/MWh,DK1,DK_1,imbalance_price,Short,2026-08-23T05:51:55Z
2026-08-23T05:46:44Z,2026-08-23T07:46:44+0200,442f0342-0040-4db4-ac3f-85a7f822bcbf,2026-08-13T16:45:00Z,2026-08-13T18:45:00+0200,150.0,EUR/MWh,DK1,DK_1,imbalance_price,Long,2026-08-23T05:51:55Z
2026-08-23T05:46:44Z,2026-08-23T07:46:44+0200,442f0342-0040-4db4-ac3f-85a7f822bcbf,2026-08-13T16:45:00Z,2026-08-13T18:45:00+0200,150.0,EUR/MWh,DK1,DK_1,imbalance_price,Short,2026-08-23T05:51:55Z
2026-08-23T05:46:44Z,2026-08-23T07:46:44+0200,442f0342-0040-4db4-ac3f-85a7f822bcbf,2026-08-13T17:00:00Z,2026-08-13T19:00:00+0200,121.31,EUR/MWh,DK1,DK_1,imbalance_price,Long,2026-08-23T05:51:55Z
2026-08-23T05:46:44Z,2026-08-23T07:46:44+0200,442f0342-0040-4db4-ac3f-85a7f822bcbf,2026-08-13T17:00:00Z,2026-08-13T19:00:00+0200,121.31,EUR/MWh,DK1,DK_1,imbalance_price,Short,2026-08-23T05:51:55Z
2026-08-23T05:46:44Z,2026-08-23T07:46:44+0200,442f0342-0040-4db4-ac3f-85a7f822bcbf,2026-08-13T17:15:00Z,2026-08-13T19:15:00+0200,113.15,EUR/MWh,DK1,DK_1,imbalance_price,Long,2026-08-23T05:51:55Z
2026-08-23T05:46:44Z,2026-08-23T07:46:44+0200,442f0342-0040-4db4-ac3f-85a7f822bcbf,2026-08-13T17:15:00Z,2026-08-13T19:15:00+0200,113.15,EUR/MWh,DK1,DK_1,imbalance_price,Short,2026-08-23T05:51:55Z
2026-08-23T05:46:44Z,2026-08-23T07:46:44+0200,442f0342-0040-4db4-ac3f-85a7f822bcbf,2026-08-13T17:30:00Z,2026-08-13T19:30:00+0200,327.17,EUR/MWh,DK1,DK_1,imbalance_price,Long,2026-08-23T05:51:55Z
2026-08-23T05:46:44Z,2026-08-23T07:46:44+0200,442f0342-0040-4db4-ac3f-85a7f822bcbf,2026-08-13T17:30:00Z,2026-08-13T19:30:00+0200,327.17,EUR/MWh,DK1,DK_1,imbalance_price,Short,2026-08-23T05:51:55Z
2026-08-23T05:46:44Z,2026-08-23T07:46:44+0200,442f0342-0040-4db4-ac3f-85a7f822bcbf,2026-08-13T17:45:00Z,2026-08-13T19:45:00+0200,114.16,EUR/MWh,DK1,DK_1,imbalance_price,Long,2026-08-23T05:51:55Z
2026-08-23T05:46:44Z,2026-08-23T07:46:44+0200,442f0342-0040-4db4-ac3f-85a7f822bcbf,2026-08-13T17:45:00Z,2026-08-13T19:45:00+0200,114.16,EUR/MWh,DK1,DK_1,imbalance_price,Short,2026-08-23T05:51:55Z
2026-08-23T05:46:44Z,2026-08-23T07:46:44+0200,442f0342-0040-4db4-ac3f-85a7f822bcbf,2026-08-13T18:00:00Z,2026-08-13T20:00:00+0200,133.82,EUR/MWh,DK1,DK_1,imbalance_price,Long,2026-08-23T05:51:55Z
2026-08-23T05:46:44Z,2026-08-23T07:46:44+0200,442f0342-0040-4db4-ac3f-85a7f822bcbf,2026-08-13T18:00:00Z,2026-08-13T20:00:00+0200,133.82,EUR/MWh,DK1,DK_1,imbalance_price,Short,2026-08-23T05:51:55Z
2026-08-23T05:46:44Z,2026-08-23T07:46:44+0200,442f0342-0040-4db4-ac3f-85a7f822bcbf,2026-08-13T18:15:00Z,2026-08-13T20:15:00+0200,117.85,EUR/MWh,DK1,DK_1,imbalance_price,Long,2026-08-23T05:51:55Z
2026-08-23T05:46:44Z,2026-08-23T07:46:44+0200,442f0342-0040-4db4-ac3f-85a7f822bcbf,2026-08-13T18:15:00Z,2026-08-13T20:15:00+0200,117.85,EUR/MWh,DK1,DK_1,imbalance_price,Short,2026-08-23T05:51:55Z
2026-08-23T05:46:44Z,2026-08-23T07:46:44+0200,442f0342-0040-4db4-ac3f-85a7f822bcbf,2026-08-13T18:30:00Z,2026-08-13T20:30:00+0200,113.45,EUR/MWh,DK1,DK_1,imbalance_price,Long,2026-08-23T05:51:55Z
2026-08-23T05:46:44Z,2026-08-23T07:46:44+0200,442f0342-0040-4db4-ac3f-85a7f822bcbf,2026-08-13T18:30:00Z,2026-08-13T20:30:00+0200,113.45,EUR/MWh,DK1,DK_1,imbalance_price,Short,2026-08-23T05:51:55Z
2026-08-23T05:46:44Z,2026-08-23T07:46:44+0200,442f0342-0040-4db4-ac3f-85a7f822bcbf,2026-08-13T18:45:00Z,2026-08-13T20:45:00+0200,268.41,EUR/MWh,DK1,DK_1,imbalance_price,Long,2026-08-23T05:51:55Z
2026-08-23T05:46:44Z,2026-08-23T07:46:44+0200,442f0342-0040-4db4-ac3f-85a7f822bcbf,2026-08-13T18:45:00Z,2026-08-13T20:45:00+0200,268.41,EUR/MWh,DK1,DK_1,imbalance_price,Short,2026-08-23T05:51:55Z
2026-08-23T05:46:44Z,2026-08-23T07:46:44+0200,442f0342-0040-4db4-ac3f-85a7f822bcbf,2026-08-13T19:00:00Z,2026-08-13T21:00:00+0200,353.92,EUR/MWh,DK1,DK_1,imbalance_price,Long,2026-08-23T05:51:55Z
2026-08-23T05:46:44Z,2026-08-23T07:46:44+0200,442f0342-0040-4db4-ac3f-85a7f822bcbf,2026-08-13T19:00:00Z,2026-08-13T21:00:00+0200,353.92,EUR/MWh,DK1,DK_1,imbalance_price,Short,2026-08-23T05:51:55Z
2026-08-23T05:46:44Z,2026-08-23T07:46:44+0200,442f0342-0040-4db4-ac3f-85a7f822bcbf,2026-08-13T19:15:00Z,2026-08-13T21:15:00+0200,307.74,EUR/MWh,DK1,DK_1,imbalance_price,Long,2026-08-23T05:51:55Z
2026-08-23T05:46:44Z,2026-08-23T07:46:44+0200,442f0342-0040-4db4-ac3f-85a7f822bcbf,2026-08-13T19:15:00Z,2026-08-13T21:15:00+0200,307.74,EUR/MWh,DK1,DK_1,imbalance_price,Short,2026-08-23T05:51:55Z
2026-08-23T05:46:44Z,2026-08-23T07:46:44+0200,442f0342-0040-4db4-ac3f-85a7f822bcbf,2026-08-13T19:30:00Z,2026-08-13T21:30:00+0200,334.5,EUR/MWh,DK1,DK_1,imbalance_price,Long,2026-08-23T05:51:55Z
2026-08-23T05:46:44Z,2026-08-23T07:46:44+0200,442f0342-0040-4db4-ac3f-85a7f822bcbf,2026-08-13T19:30:00Z,2026-08-13T21:30:00+0200,334.5,EUR/MWh,DK1,DK_1,imbalance_price,Short,2026-08-23T05:51:55Z
2026-08-23T05:46:44Z,2026-08-23T07:46:44+0200,442f0342-0040-4db4-ac3f-85a7f822bcbf,2026-08-13T19:45:00Z,2026-08-13T21:45:00+0200,287.43,EUR/MWh,DK1,DK_1,imbalance_price,Long,2026-08-23T05:51:55Z
2026-08-23T05:46:44Z,2026-08-23T07:46:44+0200,442f0342-0040-4db4-ac3f-85a7f822bcbf,2026-08-13T19:45:00Z,2026-08-13T21:45:00+0200,287.43,EUR/MWh,DK1,DK_1,imbalance_price,Short,2026-08-23T05:51:55Z
2026-08-23T05:46:44Z,2026-08-23T07:46:44+0200,442f0342-0040-4db4-ac3f-85a7f822bcbf,2026-08-13T20:00:00Z,2026-08-13T22:00:00+0200,336.77,EUR/MWh,DK1,DK_1,imbalance_price,Long,2026-08-23T05:51:55Z
2026-08-23T05:46:44Z,2026-08-23T07:46:44+0200,442f0342-0040-4db4-ac3f-85a7f822bcbf,2026-08-13T20:00:00Z,2026-08-13T22:00:00+0200,336.77,EUR/MWh,DK1,DK_1,imbalance_price,Short,2026-08-23T05:51:55Z
2026-08-23T05:46:44Z,2026-08-23T07:46:44+0200,442f0342-0040-4db4-ac3f-85a7f822bcbf,2026-08-13T20:15:00Z,2026-08-13T22:15:00+0200,334.43,EUR/MWh,DK1,DK_1,imbalance_price,Long,2026-08-23T05:51:55Z
2026-08-23T05:46:44Z,2026-08-23T07:46:44+0200,442f0342-0040-4db4-ac3f-85a7f822bcbf,2026-08-13T20:15:00Z,2026-08-13T22:15:00+0200,334.43,EUR/MWh,DK1,DK_1,imbalance_price,Short,2026-08-23T05:51:55Z
2026-08-23T05:46:44Z,2026-08-23T07:46:44+0200,442f0342-0040-4db4-ac3f-85a7f822bcbf,2026-08-13T20:30:00Z,2026-08-13T22:30:00+0200,234.12,EUR/MWh,DK1,DK_1,imbalance_price,Long,2026-08-23T05:51:55Z
2026-08-23T05:46:44Z,2026-08-23T07:46:44+0200,442f0342-0040-4db4-ac3f-85a7f822bcbf,2026-08-13T20:30:00Z,2026-08-13T22:30:00+0200,234.12,EUR/MWh,DK1,DK_1,imbalance_price,Short,2026-08-23T05:51:55Z
2026-08-23T05:46:44Z,2026-08-23T07:46:44+0200,442f0342-0040-4db4-ac3f-85a7f822bcbf,2026-08-13T20:45:00Z,2026-08-13T22:45:00+0200,280.92,EUR/MWh,DK1,DK_1,imbalance_price,Long,2026-08-23T05:51:55Z
2026-08-23T05:46:44Z,2026-08-23T07:46:44+0200,442f0342-0040-4db4-ac3f-85a7f822bcbf,2026-08-13T20:45:00Z,2026-08-13T22:45:00+0200,280.92,EUR/MWh,DK1,DK_1,imbalance_price,Short,2026-08-23T05:51:55Z
2026-08-23T05:46:44Z,2026-08-23T07:46:44+0200,442f0342-0040-4db4-ac3f-85a7f822bcbf,2026-08-13T21:00:00Z,2026-08-13T23:00:00+0200,190.42,EUR/MWh,DK1,DK_1,imbalance_price,Long,2026-08-23T05:51:55Z
2026-08-23T05:46:44Z,2026-08-23T07:46:44+0200,442f0342-0040-4db4-ac3f-85a7f822bcbf,2026-08-13T21:00:00Z,2026-08-13T23:00:00+0200,190.42,EUR/MWh,DK1,DK_1,imbalance_price,Short,2026-08-23T05:51:55Z
2026-08-23T05:46:44Z,2026-08-23T07:46:44+0200,442f0342-0040-4db4-ac3f-85a7f822bcbf,2026-08-13T21:15:00Z,2026-08-13T23:15:00+0200,109.92,EUR/MWh,DK1,DK_1,imbalance_price,Long,2026-08-23T05:51:55Z
2026-08-23T05:46:44Z,2026-08-23T07:46:44+0200,442f0342-0040-4db4-ac3f-85a7f822bcbf,2026-08-13T21:15:00Z,2026-08-13T23:15:00+0200,109.92,EUR/MWh,DK1,DK_1,imbalance_price,Short,2026-08-23T05:51:55Z
2026-08-23T05:46:44Z,2026-08-23T07:46:44+0200,442f0342-0040-4db4-ac3f-85a7f822bcbf,2026-08-13T21:30:00Z,2026-08-13T23:30:00+0200,170.98,EUR/MWh,DK1,DK_1,imbalance_price,Long,2026-08-23T05:51:55Z
2026-08-23T05:46:44Z,2026-08-23T07:46:44+0200,442f0342-0040-4db4-ac3f-85a7f822bcbf,2026-08-13T21:30:00Z,2026-08-13T23:30:00+0200,170.98,EUR/MWh,DK1,DK_1,imbalance_price,Short,2026-08-23T05:51:55Z
2026-08-23T05:46:44Z,2026-08-23T07:46:44+0200,442f0342-0040-4db4-ac3f-85a7f822bcbf,2026-08-13T21:45:00Z,2026-08-13T23:45:00+0200,143.0,EUR/MWh,DK1,DK_1,imbalance_price,Long,2026-08-23T05:51:55Z
2026-08-23T05:46:44Z,2026-08-23T07:46:44+0200,442f0342-0040-4db4-ac3f-85a7f822bcbf,2026-08-13T21:45:00Z,2026-08-13T23:45:00+0200,143.0,EUR/MWh,DK1,DK_1,imbalance_price,Short,2026-08-23T05:51:55Z
2026-08-23T05:46:44Z,2026-08-23T07:46:44+0200,442f0342-0040-4db4-ac3f-85a7f822bcbf,2026-08-13T22:00:00Z,2026-08-14T00:00:00+0200,112.05,EUR/MWh,DK1,DK_1,imbalance_price,Long,2026-08-23T05:51:55Z
2026-08-23T05:46:44Z,2026-08-23T07:46:44+0200,442f0342-0040-4db4-ac3f-85a7f822bcbf,2026-08-13T22:00:00Z,2026-08-14T00:00:00+0200,112.05,EUR/MWh,DK1,DK_1,imbalance_price,Short,2026-08-23T05:51:55Z
2026-08-23T05:46:44Z,2026-08-23T07:46:44+0200,442f0342-0040-4db4-ac3f-85a7f822bcbf,2026-08-13T22:15:00Z,2026-08-14T00:15:00+0200,113.57,EUR/MWh,DK1,DK_1,imbalance_price,Long,2026-08-23T05:51:55Z
2026-08-23T05:46:44Z,2026-08-23T07:46:44+0200,442f0342-0040-4db4-ac3f-85a7f822bcbf,2026-08-13T22:15:00Z,2026-08-14T00:15:00+0200,113.57,EUR/MWh,DK1,DK_1,imbalance_price,Short,2026-08-23T05:51:55Z
2026-08-23T05:46:44Z,2026-08-23T07:46:44+0200,442f0342-0040-4db4-ac3f-85a7f822bcbf,2026-08-13T22:30:00Z,2026-08-14T00:30:00+0200,334.43,EUR/MWh,DK1,DK_1,imbalance_price,Long,2026-08-23T05:51:55Z
2026-08-23T05:46:44Z,2026-08-23T07:46:44+0200,442f0342-0040-4db4-ac3f-85a7f822bcbf,2026-08-13T22:30:00Z,2026-08-14T00:30:00+0200,334.43,EUR/MWh,DK1,DK_1,imbalance_price,Short,2026-08-23T05:51:55Z
2026-08-23T05:46:44Z,2026-08-23T07:46:44+0200,442f0342-0040-4db4-ac3f-85a7f822bcbf,2026-08-13T22:45:00Z,2026-08-14T00:45:00+0200,307.74,EUR/MWh,DK1,DK_1,imbalance_price,Long,2026-08-23T05:51:55Z
2026-08-23T05:46:44Z,2026-08-23T07:46:44+0200,442f0342-0040-4db4-ac3f-85a7f822bcbf,2026-08-13T22:45:00Z,2026-08-14T00:45:00+0200,307.74,EUR/MWh,DK1,DK_1,imbalance_price,Short,2026-08-23T05:51:55Z
2026-08-23T05:46:44Z,2026-08-23T07:46:44+0200,442f0342-0040-4db4-ac3f-85a7f822bcbf,2026-08-13T23:00:00Z,2026-08-14T01:00:00+0200,180.27,EUR/MWh,DK1,DK_1,imbalance_price,Long,2026-08-23T05:51:55Z
2026-08-23T05:46:44Z,2026-08-23T07:46:44+0200,442f0342-0040-4db4-ac3f-85a7f822bcbf,2026-08-13T23:00:00Z,2026-08-14T01:00:00+0200,180.27,EUR/MWh,DK1,DK_1,imbalance_price,Short,2026-08-23T05:51:55Z
2026-08-23T05:46:44Z,2026-08-23T07:46:44+0200,442f0342-0040-4db4-ac3f-85a7f822bcbf,2026-08-13T23:15:00Z,2026-08-14T01:15:00+0200,110.91,EUR/MWh,DK1,DK_1,imbalance_price,Long,2026-08-23T05:51:55Z
2026-08-23T05:46:44Z,2026-08-23T07:46:44+0200,442f0342-0040-4db4-ac3f-85a7f822bcbf,2026-08-13T23:15:00Z,2026-08-14T01:15:00+0200,110.91,EUR/MWh,DK1,DK_1,imbalance_price,Short,2026-08-23T05:51:55Z
2026-08-23T05:46:44Z,2026-08-23T07:46:44+0200,442f0342-0040-4db4-ac3f-85a7f822bcbf,2026-08-13T23:30:00Z,2026-08-14T01:30:00+0200,163.16,EUR/MWh,DK1,DK_1,imbalance_price,Long,2026-08-23T05:51:55Z
2026-08-23T05:46:44Z,2026-08-23T07:46:44+0200,442f0342-0040-4db4-ac3f-85a7f822bcbf,2026-08-13T23:30:00Z,2026-08-14T01:30:00+0200,163.16,EUR/MWh,DK1,DK_1,imbalance_price,Short,2026-08-23T05:51:55Z
2026-08-23T05:46:44Z,2026-08-23T07:46:44+0200,442f0342-0040-4db4-ac3f-85a7f822bcbf,2026-08-13T23:45:00Z,2026-08-14T01:45:00+0200,334.45,EUR/MWh,DK1,DK_1,imbalance_price,Long,2026-08-23T05:51:55Z
2026-08-23T05:46:44Z,2026-08-23T07:46:44+0200,442f0342-0040-4db4-ac3f-85a7f822bcbf,2026-08-13T23:45:00Z,2026-08-14T01:45:00+0200,334.45,EUR/MWh,DK1,DK_1,imbalance_price,Short,2026-08-23T05:51:55Z
2026-08-23T05:46:44Z,2026-08-23T07:46:44+0200,442f0342-0040-4db4-ac3f-85a7f822bcbf,2026-08-14T00:00:00Z,2026-08-14T02:00:00+0200,267.6,EUR/MWh,DK1,DK_1,imbalance_price,Long,2026-08-23T05:51:55Z
2026-08-23T05:46:44Z,2026-08-23T07:46:44+0200,442f0342-0040-4db4-ac3f-85a7f822bcbf,2026-08-14T00:00:00Z,2026-08-14T02:00:00+0200,267.6,EUR/MWh,DK1,DK_1,imbalance_price,Short,2026-08-23T05:51:55Z
2026-08-23T05:46:44Z,2026-08-23T07:46:44+0200,442f0342-0040-4db4-ac3f-85a7f822bcbf,2026-08-14T00:15:00Z,2026-08-14T02:15:00+0200,234.15,EUR/MWh,DK1,DK_1,imbalance_price,Long,2026-08-23T05:51:55Z
2026-08-23T05:46:44Z,2026-08-23T07:46:44+0200,442f0342-0040-4db4-ac3f-85a7f822bcbf,2026-08-14T00:15:00Z,2026-08-14T02:15:00+0200,234.15,EUR/MWh,DK1,DK_1,imbalance_price,Short,2026-08-23T05:51:55Z
2026-08-23T05:46:44Z,2026-08-23T07:46:44+0200,442f0342-0040-4db4-ac3f-85a7f822bcbf,2026-08-14T00:30:00Z,2026-08-14T02:30:00+0200,234.15,EUR/MWh,DK1,DK_1,imbalance_price,Long,2026-08-23T05:51:55Z
2026-08-23T05:46:44Z,2026-08-23T07:46:44+0200,442f0342-0040-4db4-ac3f-85a7f822bcbf,2026-08-14T00:30:00Z,2026-08-14T02:30:00+0200,234.15,EUR/MWh,DK1,DK_1,imbalance_price,Short,2026-08-23T05:51:55Z
2026-08-23T05:46:44Z,2026-08-23T07:46:44+0200,442f0342-0040-4db4-ac3f-85a7f822bcbf,2026-08-14T00:45:00Z,2026-08-14T02:45:00+0200,142.87,EUR/MWh,DK1,DK_1,imbalance_price,Long,2026-08-23T05:51:55Z
2026-08-23T05:46:44Z,2026-08-23T07:46:44+0200,442f0342-0040-4db4-ac3f-85a7f822bcbf,2026-08-14T00:45:00Z,2026-08-14T02:45:00+0200,142.87,EUR/MWh,DK1,DK_1,imbalance_price,Short,2026-08-23T05:51:55Z
2026-08-23T05:46:44Z,2026-08-23T07:46:44+0200,442f0342-0040-4db4-ac3f-85a7f822bcbf,2026-08-14T01:00:00Z,2026-08-14T03:00:00+0200,108.85,EUR/MWh,DK1,DK_1,imbalance_price,Long,2026-08-23T05:51:55Z
2026-08-23T05:46:44Z,2026-08-23T07:46:44+0200,442f0342-0040-4db4-ac3f-85a7f822bcbf,2026-08-14T01:00:00Z,2026-08-14T03:00:00+0200,108.85,EUR/MWh,DK1,DK_1,imbalance_price,Short,2026-08-23T05:51:55Z
2026-08-23T05:46:44Z,2026-08-23T07:46:44+0200,442f0342-0040-4db4-ac3f-85a7f822bcbf,2026-08-14T01:15:00Z,2026-08-14T03:15:00+0200,112.1,EUR/MWh,DK1,DK_1,imbalance_price,Long,2026-08-23T05:51:55Z
2026-08-23T05:46:44Z,2026-08-23T07:46:44+0200,442f0342-0040-4db4-ac3f-85a7f822bcbf,2026-08-14T01:15:00Z,2026-08-14T03:15:00+0200,112.1,EUR/MWh,DK1,DK_1,imbalance_price,Short,2026-08-23T05:51:55Z
2026-08-23T05:46:44Z,2026-08-23T07:46:44+0200,442f0342-0040-4db4-ac3f-85a7f822bcbf,2026-08-14T01:30:00Z,2026-08-14T03:30:00+0200,129.0,EUR/MWh,DK1,DK_1,imbalance_price,Long,2026-08-23T05:51:55Z
2026-08-23T05:46:44Z,2026-08-23T07:46:44+0200,442f0342-0040-4db4-ac3f-85a7f822bcbf,2026-08-14T01:30:00Z,2026-08-14T03:30:00+0200,129.0,EUR/MWh,DK1,DK_1,imbalance_price,Short,2026-08-23T05:51:55Z
2026-08-23T05:46:44Z,2026-08-23T07:46:44+0200,442f0342-0040-4db4-ac3f-85a7f822bcbf,2026-08-14T01:45:00Z,2026-08-14T03:45:00+0200,240.8,EUR/MWh,DK1,DK_1,imbalance_price,Long,2026-08-23T05:51:55Z
2026-08-23T05:46:44Z,2026-08-23T07:46:44+0200,442f0342-0040-4db4-ac3f-85a7f822bcbf,2026-08-14T01:45:00Z,2026-08-14T03:45:00+0200,240.8,EUR/MWh,DK1,DK_1,imbalance_price,Short,2026-08-23T05:51:55Z
2026-08-23T05:46:44Z,2026-08-23T07:46:44+0200,442f0342-0040-4db4-ac3f-85a7f822bcbf,2026-08-14T02:00:00Z,2026-08-14T04:00:00+0200,267.6,EUR/MWh,DK1,DK_1,imbalance_price,Long,2026-08-23T05:51:55Z
2026-08-23T05:46:44Z,2026-08-23T07:46:44+0200,442f0342-0040-4db4-ac3f-85a7f822bcbf,2026-08-14T02:00:00Z,2026-08-14T04:00:00+0200,267.6,EUR/MWh,DK1,DK_1,imbalance_price,Short,2026-08-23T05:51:55Z
2026-08-23T05:46:44Z,2026-08-23T07:46:44+0200,442f0342-0040-4db4-ac3f-85a7f822bcbf,2026-08-14T02:15:00Z,2026-08-14T04:15:00+0200,242.0,EUR/MWh,DK1,DK_1,imbalance_price,Long,2026-08-23T05:51:55Z
2026-08-23T05:46:44Z,2026-08-23T07:46:44+0200,442f0342-0040-4db4-ac3f-85a7f822bcbf,2026-08-14T02:15:00Z,2026-08-14T04:15:00+0200,242.0,EUR/MWh,DK1,DK_1,imbalance_price,Short,2026-08-23T05:51:55Z
2026-08-23T05:46:44Z,2026-08-23T07:46:44+0200,442f0342-0040-4db4-ac3f-85a7f822bcbf,2026-08-14T02:30:00Z,2026-08-14T04:30:00+0200,234.15,EUR/MWh,DK1,DK_1,imbalance_price,Long,2026-08-23T05:51:55Z
2026-08-23T05:46:44Z,2026-08-23T07:46:44+0200,442f0342-0040-4db4-ac3f-85a7f822bcbf,2026-08-14T02:30:00Z,2026-08-14T04:30:00+0200,234.15,EUR/MWh,DK1,DK_1,imbalance_price,Short,2026-08-23T05:51:55Z
2026-08-23T05:46:44Z,2026-08-23T07:46:44+0200,442f0342-0040-4db4-ac3f-85a7f822bcbf,2026-08-14T02:45:00Z,2026-08-14T04:45:00+0200,115.82,EUR/MWh,DK1,DK_1,imbalance_price,Long,2026-08-23T05:51:55Z
2026-08-23T05:46:44Z,2026-08-23T07:46:44+0200,442f0342-0040-4db4-ac3f-85a7f822bcbf,2026-08-14T02:45:00Z,2026-08-14T04:45:00+0200,115.82,EUR/MWh,DK1,DK_1,imbalance_price,Short,2026-08-23T05:51:55Z
2026-08-23T05:46:44Z,2026-08-23T07:46:44+0200,442f0342-0040-4db4-ac3f-85a7f822bcbf,2026-08-14T03:00:00Z,2026-08-14T05:00:00+0200,118.0,EUR/MWh,DK1,DK_1,imbalance_price,Long,2026-08-23T05:51:55Z
2026-08-23T05:46:44Z,2026-08-23T07:46:44+0200,442f0342-0040-4db4-ac3f-85a7f822bcbf,2026-08-14T03:00:00Z,2026-08-14T05:00:00+0200,118.0,EUR/MWh,DK1,DK_1,imbalance_price,Short,2026-08-23T05:51:55Z
2026-08-23T05:46:44Z,2026-08-23T07:46:44+0200,442f0342-0040-4db4-ac3f-85a7f822bcbf,2026-08-14T03:15:00Z,2026-08-14T05:15:00+0200,152.23,EUR/MWh,DK1,DK_1,imbalance_price,Long,2026-08-23T05:51:55Z
2026-08-23T05:46:44Z,2026-08-23T07:46:44+0200,442f0342-0040-4db4-ac3f-85a7f822bcbf,2026-08-14T03:15:00Z,2026-08-14T05:15:00+0200,152.23,EUR/MWh,DK1,DK_1,imbalance_price,Short,2026-08-23T05:51:55Z
2026-08-23T05:46:44Z,2026-08-23T07:46:44+0200,442f0342-0040-4db4-ac3f-85a7f822bcbf,2026-08-14T03:30:00Z,2026-08-14T05:30:00+0200,181.61,EUR/MWh,DK1,DK_1,imbalance_price,Long,2026-08-23T05:51:55Z
2026-08-23T05:46:44Z,2026-08-23T07:46:44+0200,442f0342-0040-4db4-ac3f-85a7f822bcbf,2026-08-14T03:30:00Z,2026-08-14T05:30:00+0200,181.61,EUR/MWh,DK1,DK_1,imbalance_price,Short,2026-08-23T05:51:55Z
2026-08-23T05:46:44Z,2026-08-23T07:46:44+0200,442f0342-0040-4db4-ac3f-85a7f822bcbf,2026-08-14T03:45:00Z,2026-08-14T05:45:00+0200,267.6,EUR/MWh,DK1,DK_1,imbalance_price,Long,2026-08-23T05:51:55Z
2026-08-23T05:46:44Z,2026-08-23T07:46:44+0200,442f0342-0040-4db4-ac3f-85a7f822bcbf,2026-08-14T03:45:00Z,2026-08-14T05:45:00+0200,267.6,EUR/MWh,DK1,DK_1,imbalance_price,Short,2026-08-23T05:51:55Z
2026-08-23T05:46:44Z,2026-08-23T07:46:44+0200,442f0342-0040-4db4-ac3f-85a7f822bcbf,2026-08-14T04:00:00Z,2026-08-14T06:00:00+0200,240.8,EUR/MWh,DK1,DK_1,imbalance_price,Long,2026-08-23T05:51:55Z
2026-08-23T05:46:44Z,2026-08-23T07:46:44+0200,442f0342-0040-4db4-ac3f-85a7f822bcbf,2026-08-14T04:00:00Z,2026-08-14T06:00:00+0200,240.8,EUR/MWh,DK1,DK_1,imbalance_price,Short,2026-08-23T05:51:55Z
2026-08-23T05:46:44Z,2026-08-23T07:46:44+0200,442f0342-0040-4db4-ac3f-85a7f822bcbf,2026-08-14T04:15:00Z,2026-08-14T06:15:00+0200,254.18,EUR/MWh,DK1,DK_1,imbalance_price,Long,2026-08-23T05:51:55Z
2026-08-23T05:46:44Z,2026-08-23T07:46:44+0200,442f0342-0040-4db4-ac3f-85a7f822bcbf,2026-08-14T04:15:00Z,2026-08-14T06:15:00+0200,254.18,EUR/MWh,DK1,DK_1,imbalance_price,Short,2026-08-23T05:51:55Z
2026-08-23T05:46:44Z,2026-08-23T07:46:44+0200,442f0342-0040-4db4-ac3f-85a7f822bcbf,2026-08-14T04:30:00Z,2026-08-14T06:30:00+0200,267.42,EUR/MWh,DK1,DK_1,imbalance_price,Long,2026-08-23T05:51:55Z
2026-08-23T05:46:44Z,2026-08-23T07:46:44+0200,442f0342-0040-4db4-ac3f-85a7f822bcbf,2026-08-14T04:30:00Z,2026-08-14T06:30:00+0200,267.42,EUR/MWh,DK1,DK_1,imbalance_price,Short,2026-08-23T05:51:55Z
2026-08-23T05:46:44Z,2026-08-23T07:46:44+0200,442f0342-0040-4db4-ac3f-85a7f822bcbf,2026-08-14T04:45:00Z,2026-08-14T06:45:00+0200,321.07,EUR/MWh,DK1,DK_1,imbalance_price,Long,2026-08-23T05:51:55Z
2026-08-23T05:46:44Z,2026-08-23T07:46:44+0200,442f0342-0040-4db4-ac3f-85a7f822bcbf,2026-08-14T04:45:00Z,2026-08-14T06:45:00+0200,321.07,EUR/MWh,DK1,DK_1,imbalance_price,Short,2026-08-23T05:51:55Z
2026-08-23T05:46:44Z,2026-08-23T07:46:44+0200,442f0342-0040-4db4-ac3f-85a7f822bcbf,2026-08-14T05:00:00Z,2026-08-14T07:00:00+0200,247.92,EUR/MWh,DK1,DK_1,imbalance_price,Long,2026-08-23T05:51:55Z
2026-08-23T05:46:44Z,2026-08-23T07:46:44+0200,442f0342-0040-4db4-ac3f-85a7f822bcbf,2026-08-14T05:00:00Z,2026-08-14T07:00:00+0200,247.92,EUR/MWh,DK1,DK_1,imbalance_price,Short,2026-08-23T05:51:55Z
2026-08-23T05:46:44Z,2026-08-23T07:46:44+0200,442f0342-0040-4db4-ac3f-85a7f822bcbf,2026-08-14T05:15:00Z,2026-08-14T07:15:00+0200,112.1,EUR/MWh,DK1,DK_1,imbalance_price,Long,2026-08-23T05:51:55Z
2026-08-23T05:46:44Z,2026-08-23T07:46:44+0200,442f0342-0040-4db4-ac3f-85a7f822bcbf,2026-08-14T05:15:00Z,2026-08-14T07:15:00+0200,112.1,EUR/MWh,DK1,DK_1,imbalance_price,Short,2026-08-23T05:51:55Z
2026-08-23T05:46:44Z,2026-08-23T07:46:44+0200,442f0342-0040-4db4-ac3f-85a7f822bcbf,2026-08-14T05:30:00Z,2026-08-14T07:30:00+0200,112.1,EUR/MWh,DK1,DK_1,imbalance_price,Long,2026-08-23T05:51:55Z
2026-08-23T05:46:44Z,2026-08-23T07:46:44+0200,442f0342-0040-4db4-ac3f-85a7f822bcbf,2026-08-14T05:30:00Z,2026-08-14T07:30:00+0200,112.1,EUR/MWh,DK1,DK_1,imbalance_price,Short,2026-08-23T05:51:55Z
2026-08-23T05:46:44Z,2026-08-23T07:46:44+0200,442f0342-0040-4db4-ac3f-85a7f822bcbf,2026-08-14T05:45:00Z,2026-08-14T07:45:00+0200,112.1,EUR/MWh,DK1,DK_1,imbalance_price,Long,2026-08-23T05:51:55Z
2026-08-23T05:46:44Z,2026-08-23T07:46:44+0200,442f0342-0040-4db4-ac3f-85a7f822bcbf,2026-08-14T05:45:00Z,2026-08-14T07:45:00+0200,112.1,EUR/MWh,DK1,DK_1,imbalance_price,Short,2026-08-23T05:51:55Z
2026-08-23T05:46:44Z,2026-08-23T07:46:44+0200,442f0342-0040-4db4-ac3f-85a7f822bcbf,2026-08-14T06:00:00Z,2026-08-14T08:00:00+0200,240.8,EUR/MWh,DK1,DK_1,imbalance_price,Long,2026-08-23T05:51:55Z
2026-08-23T05:46:44Z,2026-08-23T07:46:44+0200,442f0342-0040-4db4-ac3f-85a7f822bcbf,2026-08-14T06:00:00Z,2026-08-14T08:00:00+0200,240.8,EUR/MWh,DK1,DK_1,imbalance_price,Short,2026-08-23T05:51:55Z
2026-08-23T05:46:44Z,2026-08-23T07:46:44+0200,442f0342-0040-4db4-ac3f-85a7f822bcbf,2026-08-14T06:15:00Z,2026-08-14T08:15:00+0200,321.07,EUR/MWh,DK1,DK_1,imbalance_price,Long,2026-08-23T05:51:55Z
2026-08-23T05:46:44Z,2026-08-23T07:46:44+0200,442f0342-0040-4db4-ac3f-85a7f822bcbf,2026-08-14T06:15:00Z,2026-08-14T08:15:00+0200,321.07,EUR/MWh,DK1,DK_1,imbalance_price,Short,2026-08-23T05:51:55Z
2026-08-23T05:46:44Z,2026-08-23T07:46:44+0200,442f0342-0040-4db4-ac3f-85a7f822bcbf,2026-08-14T06:30:00Z,2026-08-14T08:30:00+0200,280.93,EUR/MWh,DK1,DK_1,imbalance_price,Long,2026-08-23T05:51:55Z
2026-08-23T05:46:44Z,2026-08-23T07:46:44+0200,442f0342-0040-4db4-ac3f-85a7f822bcbf,2026-08-14T06:30:00Z,2026-08-14T08:30:00+0200,280.93,EUR/MWh,DK1,DK_1,imbalance_price,Short,2026-08-23T05:51:55Z
2026-08-23T05:46:44Z,2026-08-23T07:46:44+0200,442f0342-0040-4db4-ac3f-85a7f822bcbf,2026-08-14T06:45:00Z,2026-08-14T08:45:00+0200,280.93,EUR/MWh,DK1,DK_1,imbalance_price,Long,2026-08-23T05:51:55Z
2026-08-23T05:46:44Z,2026-08-23T07:46:44+0200,442f0342-0040-4db4-ac3f-85a7f822bcbf,2026-08-14T06:45:00Z,2026-08-14T08:45:00+0200,280.93,EUR/MWh,DK1,DK_1,imbalance_price,Short,2026-08-23T05:51:55Z
2026-08-23T05:46:44Z,2026-08-23T07:46:44+0200,442f0342-0040-4db4-ac3f-85a7f822bcbf,2026-08-14T07:00:00Z,2026-08-14T09:00:00+0200,313.16,EUR/MWh,DK1,DK_1,imbalance_price,Long,2026-08-23T05:51:55Z
2026-08-23T05:46:44Z,2026-08-23T07:46:44+0200,442f0342-0040-4db4-ac3f-85a7f822bcbf,2026-08-14T07:00:00Z,2026-08-14T09:00:00+0200,313.16,EUR/MWh,DK1,DK_1,imbalance_price,Short,2026-08-23T05:51:55Z
2026-08-23T05:46:44Z,2026-08-23T07:46:44+0200,442f0342-0040-4db4-ac3f-85a7f822bcbf,2026-08-14T07:15:00Z,2026-08-14T09:15:00+0200,215.78,EUR/MWh,DK1,DK_1,imbalance_price,Long,2026-08-23T05:51:55Z
2026-08-23T05:46:44Z,2026-08-23T07:46:44+0200,442f0342-0040-4db4-ac3f-85a7f822bcbf,2026-08-14T07:15:00Z,2026-08-14T09:15:00+0200,215.78,EUR/MWh,DK1,DK_1,imbalance_price,Short,2026-08-23T05:51:55Z
2026-08-23T05:46:44Z,2026-08-23T07:46:44+0200,442f0342-0040-4db4-ac3f-85a7f822bcbf,2026-08-14T07:30:00Z,2026-08-14T09:30:00+0200,127.28,EUR/MWh,DK1,DK_1,imbalance_price,Long,2026-08-23T05:51:55Z
2026-08-23T05:46:44Z,2026-08-23T07:46:44+0200,442f0342-0040-4db4-ac3f-85a7f822bcbf,2026-08-14T07:30:00Z,2026-08-14T09:30:00+0200,127.28,EUR/MWh,DK1,DK_1,imbalance_price,Short,2026-08-23T05:51:55Z
2026-08-23T05:46:44Z,2026-08-23T07:46:44+0200,442f0342-0040-4db4-ac3f-85a7f822bcbf,2026-08-14T07:45:00Z,2026-08-14T09:45:00+0200,173.43,EUR/MWh,DK1,DK_1,imbalance_price,Long,2026-08-23T05:51:55Z
2026-08-23T05:46:44Z,2026-08-23T07:46:44+0200,442f0342-0040-4db4-ac3f-85a7f822bcbf,2026-08-14T07:45:00Z,2026-08-14T09:45:00+0200,173.43,EUR/MWh,DK1,DK_1,imbalance_price,Short,2026-08-23T05:51:55Z
2026-08-23T05:46:44Z,2026-08-23T07:46:44+0200,442f0342-0040-4db4-ac3f-85a7f822bcbf,2026-08-14T08:00:00Z,2026-08-14T10:00:00+0200,98.62,EUR/MWh,DK1,DK_1,imbalance_price,Long,2026-08-23T05:51:55Z
2026-08-23T05:46:44Z,2026-08-23T07:46:44+0200,442f0342-0040-4db4-ac3f-85a7f822bcbf,2026-08-14T08:00:00Z,2026-08-14T10:00:00+0200,98.62,EUR/MWh,DK1,DK_1,imbalance_price,Short,2026-08-23T05:51:55Z
2026-08-23T05:46:44Z,2026-08-23T07:46:44+0200,442f0342-0040-4db4-ac3f-85a7f822bcbf,2026-08-14T08:15:00Z,2026-08-14T10:15:00+0200,170.56,EUR/MWh,DK1,DK_1,imbalance_price,Long,2026-08-23T05:51:55Z
2026-08-23T05:46:44Z,2026-08-23T07:46:44+0200,442f0342-0040-4db4-ac3f-85a7f822bcbf,2026-08-14T08:15:00Z,2026-08-14T10:15:00+0200,170.56,EUR/MWh,DK1,DK_1,imbalance_price,Short,2026-08-23T05:51:55Z
2026-08-23T05:46:44Z,2026-08-23T07:46:44+0200,442f0342-0040-4db4-ac3f-85a7f822bcbf,2026-08-14T08:30:00Z,2026-08-14T10:30:00+0200,275.88,EUR/MWh,DK1,DK_1,imbalance_price,Long,2026-08-23T05:51:55Z
2026-08-23T05:46:44Z,2026-08-23T07:46:44+0200,442f0342-0040-4db4-ac3f-85a7f822bcbf,2026-08-14T08:30:00Z,2026-08-14T10:30:00+0200,275.88,EUR/MWh,DK1,DK_1,imbalance_price,Short,2026-08-23T05:51:55Z
2026-08-23T05:46:44Z,2026-08-23T07:46:44+0200,442f0342-0040-4db4-ac3f-85a7f822bcbf,2026-08-14T08:45:00Z,2026-08-14T10:45:00+0200,69.49,EUR/MWh,DK1,DK_1,imbalance_price,Long,2026-08-23T05:51:55Z
2026-08-23T05:46:44Z,2026-08-23T07:46:44+0200,442f0342-0040-4db4-ac3f-85a7f822bcbf,2026-08-14T08:45:00Z,2026-08-14T10:45:00+0200,69.49,EUR/MWh,DK1,DK_1,imbalance_price,Short,2026-08-23T05:51:55Z
2026-08-23T05:46:44Z,2026-08-23T07:46:44+0200,442f0342-0040-4db4-ac3f-85a7f822bcbf,2026-08-14T09:00:00Z,2026-08-14T11:00:00+0200,216.25,EUR/MWh,DK1,DK_1,imbalance_price,Long,2026-08-23T05:51:55Z
2026-08-23T05:46:44Z,2026-08-23T07:46:44+0200,442f0342-0040-4db4-ac3f-85a7f822bcbf,2026-08-14T09:00:00Z,2026-08-14T11:00:00+0200,216.25,EUR/MWh,DK1,DK_1,imbalance_price,Short,2026-08-23T05:51:55Z
2026-08-23T05:46:44Z,2026-08-23T07:46:44+0200,442f0342-0040-4db4-ac3f-85a7f822bcbf,2026-08-14T09:15:00Z,2026-08-14T11:15:00+0200,67.69,EUR/MWh,DK1,DK_1,imbalance_price,Long,2026-08-23T05:51:55Z
2026-08-23T05:46:44Z,2026-08-23T07:46:44+0200,442f0342-0040-4db4-ac3f-85a7f822bcbf,2026-08-14T09:15:00Z,2026-08-14T11:15:00+0200,67.69,EUR/MWh,DK1,DK_1,imbalance_price,Short,2026-08-23T05:51:55Z
2026-08-23T05:46:44Z,2026-08-23T07:46:44+0200,442f0342-0040-4db4-ac3f-85a7f822bcbf,2026-08-14T09:30:00Z,2026-08-14T11:30:00+0200,25.0,EUR/MWh,DK1,DK_1,imbalance_price,Long,2026-08-23T05:51:55Z
2026-08-23T05:46:44Z,2026-08-23T07:46:44+0200,442f0342-0040-4db4-ac3f-85a7f822bcbf,2026-08-14T09:30:00Z,2026-08-14T11:30:00+0200,25.0,EUR/MWh,DK1,DK_1,imbalance_price,Short,2026-08-23T05:51:55Z
2026-08-23T05:46:44Z,2026-08-23T07:46:44+0200,442f0342-0040-4db4-ac3f-85a7f822bcbf,2026-08-14T09:45:00Z,2026-08-14T11:45:00+0200,26.88,EUR/MWh,DK1,DK_1,imbalance_price,Long,2026-08-23T05:51:55Z
2026-08-23T05:46:44Z,2026-08-23T07:46:44+0200,442f0342-0040-4db4-ac3f-85a7f822bcbf,2026-08-14T09:45:00Z,2026-08-14T11:45:00+0200,26.88,EUR/MWh,DK1,DK_1,imbalance_price,Short,2026-08-23T05:51:55Z
2026-08-23T05:46:44Z,2026-08-23T07:46:44+0200,442f0342-0040-4db4-ac3f-85a7f822bcbf,2026-08-14T10:00:00Z,2026-08-14T12:00:00+0200,41.88,EUR/MWh,DK1,DK_1,imbalance_price,Long,2026-08-23T05:51:55Z
2026-08-23T05:46:44Z,2026-08-23T07:46:44+0200,442f0342-0040-4db4-ac3f-85a7f822bcbf,2026-08-14T10:00:00Z,2026-08-14T12:00:00+0200,41.88,EUR/MWh,DK1,DK_1,imbalance_price,Short,2026-08-23T05:51:55Z
2026-08-23T05:46:44Z,2026-08-23T07:46:44+0200,442f0342-0040-4db4-ac3f-85a7f822bcbf,2026-08-14T10:15:00Z,2026-08-14T12:15:00+0200,25.53,EUR/MWh,DK1,DK_1,imbalance_price,Long,2026-08-23T05:51:55Z
2026-08-23T05:46:44Z,2026-08-23T07:46:44+0200,442f0342-0040-4db4-ac3f-85a7f822bcbf,2026-08-14T10:15:00Z,2026-08-14T12:15:00+0200,25.53,EUR/MWh,DK1,DK_1,imbalance_price,Short,2026-08-23T05:51:55Z
2026-08-23T05:46:44Z,2026-08-23T07:46:44+0200,442f0342-0040-4db4-ac3f-85a7f822bcbf,2026-08-14T10:30:00Z,2026-08-14T12:30:00+0200,19.44,EUR/MWh,DK1,DK_1,imbalance_price,Long,2026-08-23T05:51:55Z
2026-08-23T05:46:44Z,2026-08-23T07:46:44+0200,442f0342-0040-4db4-ac3f-85a7f822bcbf,2026-08-14T10:30:00Z,2026-08-14T12:30:00+0200,19.44,EUR/MWh,DK1,DK_1,imbalance_price,Short,2026-08-23T05:51:55Z
2026-08-23T05:46:44Z,2026-08-23T07:46:44+0200,442f0342-0040-4db4-ac3f-85a7f822bcbf,2026-08-14T10:45:00Z,2026-08-14T12:45:00+0200,13.53,EUR/MWh,DK1,DK_1,imbalance_price,Long,2026-08-23T05:51:55Z
2026-08-23T05:46:44Z,2026-08-23T07:46:44+0200,442f0342-0040-4db4-ac3f-85a7f822bcbf,2026-08-14T10:45:00Z,2026-08-14T12:45:00+0200,13.53,EUR/MWh,DK1,DK_1,imbalance_price,Short,2026-08-23T05:51:55Z
2026-08-23T05:46:44Z,2026-08-23T07:46:44+0200,442f0342-0040-4db4-ac3f-85a7f822bcbf,2026-08-14T11:00:00Z,2026-08-14T13:00:00+0200,16.24,EUR/MWh,DK1,DK_1,imbalance_price,Long,2026-08-23T05:51:55Z
2026-08-23T05:46:44Z,2026-08-23T07:46:44+0200,442f0342-0040-4db4-ac3f-85a7f822bcbf,2026-08-14T11:00:00Z,2026-08-14T13:00:00+0200,16.24,EUR/MWh,DK1,DK_1,imbalance_price,Short,2026-08-23T05:51:55Z
2026-08-23T05:46:44Z,2026-08-23T07:46:44+0200,442f0342-0040-4db4-ac3f-85a7f822bcbf,2026-08-14T11:15:00Z,2026-08-14T13:15:00+0200,15.08,EUR/MWh,DK1,DK_1,imbalance_price,Long,2026-08-23T05:51:55Z
2026-08-23T05:46:44Z,2026-08-23T07:46:44+0200,442f0342-0040-4db4-ac3f-85a7f822bcbf,2026-08-14T11:15:00Z,2026-08-14T13:15:00+0200,15.08,EUR/MWh,DK1,DK_1,imbalance_price,Short,2026-08-23T05:51:55Z
2026-08-23T05:46:44Z,2026-08-23T07:46:44+0200,442f0342-0040-4db4-ac3f-85a7f822bcbf,2026-08-14T11:30:00Z,2026-08-14T13:30:00+0200,13.3,EUR/MWh,DK1,DK_1,imbalance_price,Long,2026-08-23T05:51:55Z
2026-08-23T05:46:44Z,2026-08-23T07:46:44+0200,442f0342-0040-4db4-ac3f-85a7f822bcbf,2026-08-14T11:30:00Z,2026-08-14T13:30:00+0200,13.3,EUR/MWh,DK1,DK_1,imbalance_price,Short,2026-08-23T05:51:55Z
2026-08-23T05:46:44Z,2026-08-23T07:46:44+0200,442f0342-0040-4db4-ac3f-85a7f822bcbf,2026-08-14T11:45:00Z,2026-08-14T13:45:00+0200,9.1,EUR/MWh,DK1,DK_1,imbalance_price,Long,2026-08-23T05:51:55Z
2026-08-23T05:46:44Z,2026-08-23T07:46:44+0200,442f0342-0040-4db4-ac3f-85a7f822bcbf,2026-08-14T11:45:00Z,2026-08-14T13:45:00+0200,9.1,EUR/MWh,DK1,DK_1,imbalance_price,Short,2026-08-23T05:51:55Z
2026-08-23T05:46:44Z,2026-08-23T07:46:44+0200,442f0342-0040-4db4-ac3f-85a7f822bcbf,2026-08-14T12:00:00Z,2026-08-14T14:00:00+0200,6.94,EUR/MWh,DK1,DK_1,imbalance_price,Long,2026-08-23T05:51:55Z
2026-08-23T05:46:44Z,2026-08-23T07:46:44+0200,442f0342-0040-4db4-ac3f-85a7f822bcbf,2026-08-14T12:00:00Z,2026-08-14T14:00:00+0200,6.94,EUR/MWh,DK1,DK_1,imbalance_price,Short,2026-08-23T05:51:55Z
2026-08-23T05:46:44Z,2026-08-23T07:46:44+0200,442f0342-0040-4db4-ac3f-85a7f822bcbf,2026-08-14T12:15:00Z,2026-08-14T14:15:00+0200,35.28,EUR/MWh,DK1,DK_1,imbalance_price,Long,2026-08-23T05:51:55Z
2026-08-23T05:46:44Z,2026-08-23T07:46:44+0200,442f0342-0040-4db4-ac3f-85a7f822bcbf,2026-08-14T12:15:00Z,2026-08-14T14:15:00+0200,35.28,EUR/MWh,DK1,DK_1,imbalance_price,Short,2026-08-23T05:51:55Z
2026-08-23T05:46:44Z,2026-08-23T07:46:44+0200,442f0342-0040-4db4-ac3f-85a7f822bcbf,2026-08-14T12:30:00Z,2026-08-14T14:30:00+0200,121.6,EUR/MWh,DK1,DK_1,imbalance_price,Long,2026-08-23T05:51:55Z
2026-08-23T05:46:44Z,2026-08-23T07:46:44+0200,442f0342-0040-4db4-ac3f-85a7f822bcbf,2026-08-14T12:30:00Z,2026-08-14T14:30:00+0200,121.6,EUR/MWh,DK1,DK_1,imbalance_price,Short,2026-08-23T05:51:55Z
2026-08-23T05:46:44Z,2026-08-23T07:46:44+0200,442f0342-0040-4db4-ac3f-85a7f822bcbf,2026-08-14T12:45:00Z,2026-08-14T14:45:00+0200,43.55,EUR/MWh,DK1,DK_1,imbalance_price,Long,2026-08-23T05:51:55Z
2026-08-23T05:46:44Z,2026-08-23T07:46:44+0200,442f0342-0040-4db4-ac3f-85a7f822bcbf,2026-08-14T12:45:00Z,2026-08-14T14:45:00+0200,43.55,EUR/MWh,DK1,DK_1,imbalance_price,Short,2026-08-23T05:51:55Z
2026-08-23T05:46:44Z,2026-08-23T07:46:44+0200,442f0342-0040-4db4-ac3f-85a7f822bcbf,2026-08-14T13:00:00Z,2026-08-14T15:00:00+0200,142.03,EUR/MWh,DK1,DK_1,imbalance_price,Long,2026-08-23T05:51:55Z
2026-08-23T05:46:44Z,2026-08-23T07:46:44+0200,442f0342-0040-4db4-ac3f-85a7f822bcbf,2026-08-14T13:00:00Z,2026-08-14T15:00:00+0200,142.03,EUR/MWh,DK1,DK_1,imbalance_price,Short,2026-08-23T05:51:55Z
2026-08-23T05:46:44Z,2026-08-23T07:46:44+0200,442f0342-0040-4db4-ac3f-85a7f822bcbf,2026-08-14T13:15:00Z,2026-08-14T15:15:00+0200,143.5,EUR/MWh,DK1,DK_1,imbalance_price,Long,2026-08-23T05:51:55Z
2026-08-23T05:46:44Z,2026-08-23T07:46:44+0200,442f0342-0040-4db4-ac3f-85a7f822bcbf,2026-08-14T13:15:00Z,2026-08-14T15:15:00+0200,143.5,EUR/MWh,DK1,DK_1,imbalance_price,Short,2026-08-23T05:51:55Z
2026-08-23T05:46:44Z,2026-08-23T07:46:44+0200,442f0342-0040-4db4-ac3f-85a7f822bcbf,2026-08-14T13:30:00Z,2026-08-14T15:30:00+0200,191.58,EUR/MWh,DK1,DK_1,imbalance_price,Long,2026-08-23T05:51:55Z
2026-08-23T05:46:44Z,2026-08-23T07:46:44+0200,442f0342-0040-4db4-ac3f-85a7f822bcbf,2026-08-14T13:30:00Z,2026-08-14T15:30:00+0200,191.58,EUR/MWh,DK1,DK_1,imbalance_price,Short,2026-08-23T05:51:55Z
2026-08-23T05:46:44Z,2026-08-23T07:46:44+0200,442f0342-0040-4db4-ac3f-85a7f822bcbf,2026-08-14T13:45:00Z,2026-08-14T15:45:00+0200,164.85,EUR/MWh,DK1,DK_1,imbalance_price,Long,2026-08-23T05:51:55Z
2026-08-23T05:46:44Z,2026-08-23T07:46:44+0200,442f0342-0040-4db4-ac3f-85a7f822bcbf,2026-08-14T13:45:00Z,2026-08-14T15:45:00+0200,164.85,EUR/MWh,DK1,DK_1,imbalance_price,Short,2026-08-23T05:51:55Z
2026-08-23T05:46:44Z,2026-08-23T07:46:44+0200,442f0342-0040-4db4-ac3f-85a7f822bcbf,2026-08-14T14:00:00Z,2026-08-14T16:00:00+0200,142.2,EUR/MWh,DK1,DK_1,imbalance_price,Long,2026-08-23T05:51:55Z
2026-08-23T05:46:44Z,2026-08-23T07:46:44+0200,442f0342-0040-4db4-ac3f-85a7f822bcbf,2026-08-14T14:00:00Z,2026-08-14T16:00:00+0200,142.2,EUR/MWh,DK1,DK_1,imbalance_price,Short,2026-08-23T05:51:55Z
2026-08-23T05:46:44Z,2026-08-23T07:46:44+0200,442f0342-0040-4db4-ac3f-85a7f822bcbf,2026-08-14T14:15:00Z,2026-08-14T16:15:00+0200,162.05,EUR/MWh,DK1,DK_1,imbalance_price,Long,2026-08-23T05:51:55Z
2026-08-23T05:46:44Z,2026-08-23T07:46:44+0200,442f0342-0040-4db4-ac3f-85a7f822bcbf,2026-08-14T14:15:00Z,2026-08-14T16:15:00+0200,162.05,EUR/MWh,DK1,DK_1,imbalance_price,Short,2026-08-23T05:51:55Z
2026-08-23T05:46:44Z,2026-08-23T07:46:44+0200,442f0342-0040-4db4-ac3f-85a7f822bcbf,2026-08-14T14:30:00Z,2026-08-14T16:30:00+0200,160.72,EUR/MWh,DK1,DK_1,imbalance_price,Long,2026-08-23T05:51:55Z
2026-08-23T05:46:44Z,2026-08-23T07:46:44+0200,442f0342-0040-4db4-ac3f-85a7f822bcbf,2026-08-14T14:30:00Z,2026-08-14T16:30:00+0200,160.72,EUR/MWh,DK1,DK_1,imbalance_price,Short,2026-08-23T05:51:55Z
2026-08-23T05:46:44Z,2026-08-23T07:46:44+0200,442f0342-0040-4db4-ac3f-85a7f822bcbf,2026-08-14T14:45:00Z,2026-08-14T16:45:00+0200,19.0,EUR/MWh,DK1,DK_1,imbalance_price,Long,2026-08-23T05:51:55Z
2026-08-23T05:46:44Z,2026-08-23T07:46:44+0200,442f0342-0040-4db4-ac3f-85a7f822bcbf,2026-08-14T14:45:00Z,2026-08-14T16:45:00+0200,19.0,EUR/MWh,DK1,DK_1,imbalance_price,Short,2026-08-23T05:51:55Z
2026-08-23T05:46:44Z,2026-08-23T07:46:44+0200,442f0342-0040-4db4-ac3f-85a7f822bcbf,2026-08-14T15:00:00Z,2026-08-14T17:00:00+0200,22.3,EUR/MWh,DK1,DK_1,imbalance_price,Long,2026-08-23T05:51:55Z
2026-08-23T05:46:44Z,2026-08-23T07:46:44+0200,442f0342-0040-4db4-ac3f-85a7f822bcbf,2026-08-14T15:00:00Z,2026-08-14T17:00:00+0200,22.3,EUR/MWh,DK1,DK_1,imbalance_price,Short,2026-08-23T05:51:55Z
2026-08-23T05:46:44Z,2026-08-23T07:46:44+0200,442f0342-0040-4db4-ac3f-85a7f822bcbf,2026-08-14T15:15:00Z,2026-08-14T17:15:00+0200,15.0,EUR/MWh,DK1,DK_1,imbalance_price,Long,2026-08-23T05:51:55Z
2026-08-23T05:46:44Z,2026-08-23T07:46:44+0200,442f0342-0040-4db4-ac3f-85a7f822bcbf,2026-08-14T15:15:00Z,2026-08-14T17:15:00+0200,15.0,EUR/MWh,DK1,DK_1,imbalance_price,Short,2026-08-23T05:51:55Z
2026-08-23T05:46:44Z,2026-08-23T07:46:44+0200,442f0342-0040-4db4-ac3f-85a7f822bcbf,2026-08-14T15:30:00Z,2026-08-14T17:30:00+0200,83.01,EUR/MWh,DK1,DK_1,imbalance_price,Long,2026-08-23T05:51:55Z
2026-08-23T05:46:44Z,2026-08-23T07:46:44+0200,442f0342-0040-4db4-ac3f-85a7f822bcbf,2026-08-14T15:30:00Z,2026-08-14T17:30:00+0200,83.01,EUR/MWh,DK1,DK_1,imbalance_price,Short,2026-08-23T05:51:55Z
2026-08-23T05:46:44Z,2026-08-23T07:46:44+0200,442f0342-0040-4db4-ac3f-85a7f822bcbf,2026-08-14T15:45:00Z,2026-08-14T17:45:00+0200,113.0,EUR/MWh,DK1,DK_1,imbalance_price,Long,2026-08-23T05:51:55Z
2026-08-23T05:46:44Z,2026-08-23T07:46:44+0200,442f0342-0040-4db4-ac3f-85a7f822bcbf,2026-08-14T15:45:00Z,2026-08-14T17:45:00+0200,113.0,EUR/MWh,DK1,DK_1,imbalance_price,Short,2026-08-23T05:51:55Z
2026-08-23T05:46:44Z,2026-08-23T07:46:44+0200,442f0342-0040-4db4-ac3f-85a7f822bcbf,2026-08-14T16:00:00Z,2026-08-14T18:00:00+0200,149.99,EUR/MWh,DK1,DK_1,imbalance_price,Long,2026-08-23T05:51:55Z
2026-08-23T05:46:44Z,2026-08-23T07:46:44+0200,442f0342-0040-4db4-ac3f-85a7f822bcbf,2026-08-14T16:00:00Z,2026-08-14T18:00:00+0200,149.99,EUR/MWh,DK1,DK_1,imbalance_price,Short,2026-08-23T05:51:55Z
2026-08-23T05:46:44Z,2026-08-23T07:46:44+0200,442f0342-0040-4db4-ac3f-85a7f822bcbf,2026-08-14T16:15:00Z,2026-08-14T18:15:00+0200,152.0,EUR/MWh,DK1,DK_1,imbalance_price,Long,2026-08-23T05:51:55Z
2026-08-23T05:46:44Z,2026-08-23T07:46:44+0200,442f0342-0040-4db4-ac3f-85a7f822bcbf,2026-08-14T16:15:00Z,2026-08-14T18:15:00+0200,152.0,EUR/MWh,DK1,DK_1,imbalance_price,Short,2026-08-23T05:51:55Z
2026-08-23T05:46:44Z,2026-08-23T07:46:44+0200,442f0342-0040-4db4-ac3f-85a7f822bcbf,2026-08-14T16:30:00Z,2026-08-14T18:30:00+0200,130.48,EUR/MWh,DK1,DK_1,imbalance_price,Long,2026-08-23T05:51:55Z
2026-08-23T05:46:44Z,2026-08-23T07:46:44+0200,442f0342-0040-4db4-ac3f-85a7f822bcbf,2026-08-14T16:30:00Z,2026-08-14T18:30:00+0200,130.48,EUR/MWh,DK1,DK_1,imbalance_price,Short,2026-08-23T05:51:55Z
2026-08-23T05:46:44Z,2026-08-23T07:46:44+0200,442f0342-0040-4db4-ac3f-85a7f822bcbf,2026-08-14T16:45:00Z,2026-08-14T18:45:00+0200,139.79,EUR/MWh,DK1,DK_1,imbalance_price,Long,2026-08-23T05:51:55Z
2026-08-23T05:46:44Z,2026-08-23T07:46:44+0200,442f0342-0040-4db4-ac3f-85a7f822bcbf,2026-08-14T16:45:00Z,2026-08-14T18:45:00+0200,139.79,EUR/MWh,DK1,DK_1,imbalance_price,Short,2026-08-23T05:51:55Z
2026-08-23T05:46:44Z,2026-08-23T07:46:44+0200,442f0342-0040-4db4-ac3f-85a7f822bcbf,2026-08-14T17:00:00Z,2026-08-14T19:00:00+0200,124.28,EUR/MWh,DK1,DK_1,imbalance_price,Long,2026-08-23T05:51:55Z
2026-08-23T05:46:44Z,2026-08-23T07:46:44+0200,442f0342-0040-4db4-ac3f-85a7f822bcbf,2026-08-14T17:00:00Z,2026-08-14T19:00:00+0200,124.28,EUR/MWh,DK1,DK_1,imbalance_price,Short,2026-08-23T05:51:55Z
2026-08-23T05:46:44Z,2026-08-23T07:46:44+0200,442f0342-0040-4db4-ac3f-85a7f822bcbf,2026-08-14T17:15:00Z,2026-08-14T19:15:00+0200,140.24,EUR/MWh,DK1,DK_1,imbalance_price,Long,2026-08-23T05:51:55Z
2026-08-23T05:46:44Z,2026-08-23T07:46:44+0200,442f0342-0040-4db4-ac3f-85a7f822bcbf,2026-08-14T17:15:00Z,2026-08-14T19:15:00+0200,140.24,EUR/MWh,DK1,DK_1,imbalance_price,Short,2026-08-23T05:51:55Z
2026-08-23T05:46:44Z,2026-08-23T07:46:44+0200,442f0342-0040-4db4-ac3f-85a7f822bcbf,2026-08-14T17:30:00Z,2026-08-14T19:30:00+0200,162.52,EUR/MWh,DK1,DK_1,imbalance_price,Long,2026-08-23T05:51:55Z
2026-08-23T05:46:44Z,2026-08-23T07:46:44+0200,442f0342-0040-4db4-ac3f-85a7f822bcbf,2026-08-14T17:30:00Z,2026-08-14T19:30:00+0200,162.52,EUR/MWh,DK1,DK_1,imbalance_price,Short,2026-08-23T05:51:55Z
2026-08-23T05:46:44Z,2026-08-23T07:46:44+0200,442f0342-0040-4db4-ac3f-85a7f822bcbf,2026-08-14T17:45:00Z,2026-08-14T19:45:00+0200,304.12,EUR/MWh,DK1,DK_1,imbalance_price,Long,2026-08-23T05:51:55Z
2026-08-23T05:46:44Z,2026-08-23T07:46:44+0200,442f0342-0040-4db4-ac3f-85a7f822bcbf,2026-08-14T17:45:00Z,2026-08-14T19:45:00+0200,304.12,EUR/MWh,DK1,DK_1,imbalance_price,Short,2026-08-23T05:51:55Z
2026-08-23T05:46:44Z,2026-08-23T07:46:44+0200,442f0342-0040-4db4-ac3f-85a7f822bcbf,2026-08-14T18:00:00Z,2026-08-14T20:00:00+0200,274.7,EUR/MWh,DK1,DK_1,imbalance_price,Long,2026-08-23T05:51:55Z
2026-08-23T05:46:44Z,2026-08-23T07:46:44+0200,442f0342-0040-4db4-ac3f-85a7f822bcbf,2026-08-14T18:00:00Z,2026-08-14T20:00:00+0200,274.7,EUR/MWh,DK1,DK_1,imbalance_price,Short,2026-08-23T05:51:55Z
2026-08-23T05:46:44Z,2026-08-23T07:46:44+0200,442f0342-0040-4db4-ac3f-85a7f822bcbf,2026-08-14T18:15:00Z,2026-08-14T20:15:00+0200,136.21,EUR/MWh,DK1,DK_1,imbalance_price,Long,2026-08-23T05:51:55Z
2026-08-23T05:46:44Z,2026-08-23T07:46:44+0200,442f0342-0040-4db4-ac3f-85a7f822bcbf,2026-08-14T18:15:00Z,2026-08-14T20:15:00+0200,136.21,EUR/MWh,DK1,DK_1,imbalance_price,Short,2026-08-23T05:51:55Z
2026-08-23T05:46:44Z,2026-08-23T07:46:44+0200,442f0342-0040-4db4-ac3f-85a7f822bcbf,2026-08-14T18:30:00Z,2026-08-14T20:30:00+0200,153.0,EUR/MWh,DK1,DK_1,imbalance_price,Long,2026-08-23T05:51:55Z
2026-08-23T05:46:44Z,2026-08-23T07:46:44+0200,442f0342-0040-4db4-ac3f-85a7f822bcbf,2026-08-14T18:30:00Z,2026-08-14T20:30:00+0200,153.0,EUR/MWh,DK1,DK_1,imbalance_price,Short,2026-08-23T05:51:55Z
2026-08-23T05:46:44Z,2026-08-23T07:46:44+0200,442f0342-0040-4db4-ac3f-85a7f822bcbf,2026-08-14T18:45:00Z,2026-08-14T20:45:00+0200,152.0,EUR/MWh,DK1,DK_1,imbalance_price,Long,2026-08-23T05:51:55Z
2026-08-23T05:46:44Z,2026-08-23T07:46:44+0200,442f0342-0040-4db4-ac3f-85a7f822bcbf,2026-08-14T18:45:00Z,2026-08-14T20:45:00+0200,152.0,EUR/MWh,DK1,DK_1,imbalance_price,Short,2026-08-23T05:51:55Z
2026-08-23T05:46:44Z,2026-08-23T07:46:44+0200,442f0342-0040-4db4-ac3f-85a7f822bcbf,2026-08-14T19:00:00Z,2026-08-14T21:00:00+0200,150.0,EUR/MWh,DK1,DK_1,imbalance_price,Long,2026-08-23T05:51:55Z
2026-08-23T05:46:44Z,2026-08-23T07:46:44+0200,442f0342-0040-4db4-ac3f-85a7f822bcbf,2026-08-14T19:00:00Z,2026-08-14T21:00:00+0200,150.0,EUR/MWh,DK1,DK_1,imbalance_price,Short,2026-08-23T05:51:55Z
2026-08-23T05:46:44Z,2026-08-23T07:46:44+0200,442f0342-0040-4db4-ac3f-85a7f822bcbf,2026-08-14T19:15:00Z,2026-08-14T21:15:00+0200,136.9,EUR/MWh,DK1,DK_1,imbalance_price,Long,2026-08-23T05:51:55Z
2026-08-23T05:46:44Z,2026-08-23T07:46:44+0200,442f0342-0040-4db4-ac3f-85a7f822bcbf,2026-08-14T19:15:00Z,2026-08-14T21:15:00+0200,136.9,EUR/MWh,DK1,DK_1,imbalance_price,Short,2026-08-23T05:51:55Z
2026-08-23T05:46:44Z,2026-08-23T07:46:44+0200,442f0342-0040-4db4-ac3f-85a7f822bcbf,2026-08-14T19:30:00Z,2026-08-14T21:30:00+0200,145.58,EUR/MWh,DK1,DK_1,imbalance_price,Long,2026-08-23T05:51:55Z
2026-08-23T05:46:44Z,2026-08-23T07:46:44+0200,442f0342-0040-4db4-ac3f-85a7f822bcbf,2026-08-14T19:30:00Z,2026-08-14T21:30:00+0200,145.58,EUR/MWh,DK1,DK_1,imbalance_price,Short,2026-08-23T05:51:55Z
2026-08-23T05:46:44Z,2026-08-23T07:46:44+0200,442f0342-0040-4db4-ac3f-85a7f822bcbf,2026-08-14T19:45:00Z,2026-08-14T21:45:00+0200,115.83,EUR/MWh,DK1,DK_1,imbalance_price,Long,2026-08-23T05:51:55Z
2026-08-23T05:46:44Z,2026-08-23T07:46:44+0200,442f0342-0040-4db4-ac3f-85a7f822bcbf,2026-08-14T19:45:00Z,2026-08-14T21:45:00+0200,115.83,EUR/MWh,DK1,DK_1,imbalance_price,Short,2026-08-23T05:51:55Z
2026-08-23T05:46:44Z,2026-08-23T07:46:44+0200,442f0342-0040-4db4-ac3f-85a7f822bcbf,2026-08-14T20:00:00Z,2026-08-14T22:00:00+0200,133.58,EUR/MWh,DK1,DK_1,imbalance_price,Long,2026-08-23T05:51:55Z
2026-08-23T05:46:44Z,2026-08-23T07:46:44+0200,442f0342-0040-4db4-ac3f-85a7f822bcbf,2026-08-14T20:00:00Z,2026-08-14T22:00:00+0200,133.58,EUR/MWh,DK1,DK_1,imbalance_price,Short,2026-08-23T05:51:55Z
2026-08-23T05:46:44Z,2026-08-23T07:46:44+0200,442f0342-0040-4db4-ac3f-85a7f822bcbf,2026-08-14T20:15:00Z,2026-08-14T22:15:00+0200,123.02,EUR/MWh,DK1,DK_1,imbalance_price,Long,2026-08-23T05:51:55Z
2026-08-23T05:46:44Z,2026-08-23T07:46:44+0200,442f0342-0040-4db4-ac3f-85a7f822bcbf,2026-08-14T20:15:00Z,2026-08-14T22:15:00+0200,123.02,EUR/MWh,DK1,DK_1,imbalance_price,Short,2026-08-23T05:51:55Z
2026-08-23T05:46:44Z,2026-08-23T07:46:44+0200,442f0342-0040-4db4-ac3f-85a7f822bcbf,2026-08-14T20:30:00Z,2026-08-14T22:30:00+0200,119.73,EUR/MWh,DK1,DK_1,imbalance_price,Long,2026-08-23T05:51:55Z
2026-08-23T05:46:44Z,2026-08-23T07:46:44+0200,442f0342-0040-4db4-ac3f-85a7f822bcbf,2026-08-14T20:30:00Z,2026-08-14T22:30:00+0200,119.73,EUR/MWh,DK1,DK_1,imbalance_price,Short,2026-08-23T05:51:55Z
2026-08-23T05:46:44Z,2026-08-23T07:46:44+0200,442f0342-0040-4db4-ac3f-85a7f822bcbf,2026-08-14T20:45:00Z,2026-08-14T22:45:00+0200,113.96,EUR/MWh,DK1,DK_1,imbalance_price,Long,2026-08-23T05:51:55Z
2026-08-23T05:46:44Z,2026-08-23T07:46:44+0200,442f0342-0040-4db4-ac3f-85a7f822bcbf,2026-08-14T20:45:00Z,2026-08-14T22:45:00+0200,113.96,EUR/MWh,DK1,DK_1,imbalance_price,Short,2026-08-23T05:51:55Z
2026-08-23T05:46:44Z,2026-08-23T07:46:44+0200,442f0342-0040-4db4-ac3f-85a7f822bcbf,2026-08-14T21:00:00Z,2026-08-14T23:00:00+0200,132.86,EUR/MWh,DK1,DK_1,imbalance_price,Long,2026-08-23T05:51:55Z
2026-08-23T05:46:44Z,2026-08-23T07:46:44+0200,442f0342-0040-4db4-ac3f-85a7f822bcbf,2026-08-14T21:00:00Z,2026-08-14T23:00:00+0200,132.86,EUR/MWh,DK1,DK_1,imbalance_price,Short,2026-08-23T05:51:55Z
2026-08-23T05:46:44Z,2026-08-23T07:46:44+0200,442f0342-0040-4db4-ac3f-85a7f822bcbf,2026-08-14T21:15:00Z,2026-08-14T23:15:00+0200,182.02,EUR/MWh,DK1,DK_1,imbalance_price,Long,2026-08-23T05:51:55Z
2026-08-23T05:46:44Z,2026-08-23T07:46:44+0200,442f0342-0040-4db4-ac3f-85a7f822bcbf,2026-08-14T21:15:00Z,2026-08-14T23:15:00+0200,182.02,EUR/MWh,DK1,DK_1,imbalance_price,Short,2026-08-23T05:51:55Z
2026-08-23T05:46:44Z,2026-08-23T07:46:44+0200,442f0342-0040-4db4-ac3f-85a7f822bcbf,2026-08-14T21:30:00Z,2026-08-14T23:30:00+0200,111.66,EUR/MWh,DK1,DK_1,imbalance_price,Long,2026-08-23T05:51:55Z
2026-08-23T05:46:44Z,2026-08-23T07:46:44+0200,442f0342-0040-4db4-ac3f-85a7f822bcbf,2026-08-14T21:30:00Z,2026-08-14T23:30:00+0200,111.66,EUR/MWh,DK1,DK_1,imbalance_price,Short,2026-08-23T05:51:55Z
2026-08-23T05:46:44Z,2026-08-23T07:46:44+0200,442f0342-0040-4db4-ac3f-85a7f822bcbf,2026-08-14T21:45:00Z,2026-08-14T23:45:00+0200,212.8,EUR/MWh,DK1,DK_1,imbalance_price,Long,2026-08-23T05:51:55Z
2026-08-23T05:46:44Z,2026-08-23T07:46:44+0200,442f0342-0040-4db4-ac3f-85a7f822bcbf,2026-08-14T21:45:00Z,2026-08-14T23:45:00+0200,212.8,EUR/MWh,DK1,DK_1,imbalance_price,Short,2026-08-23T05:51:55Z
2026-08-23T05:46:44Z,2026-08-23T07:46:44+0200,442f0342-0040-4db4-ac3f-85a7f822bcbf,2026-08-14T22:00:00Z,2026-08-15T00:00:00+0200,177.73,EUR/MWh,DK1,DK_1,imbalance_price,Long,2026-08-23T05:51:55Z
2026-08-23T05:46:44Z,2026-08-23T07:46:44+0200,442f0342-0040-4db4-ac3f-85a7f822bcbf,2026-08-14T22:00:00Z,2026-08-15T00:00:00+0200,177.73,EUR/MWh,DK1,DK_1,imbalance_price,Short,2026-08-23T05:51:55Z
2026-08-23T05:46:44Z,2026-08-23T07:46:44+0200,442f0342-0040-4db4-ac3f-85a7f822bcbf,2026-08-14T22:15:00Z,2026-08-15T00:15:00+0200,170.01,EUR/MWh,DK1,DK_1,imbalance_price,Long,2026-08-23T05:51:55Z
2026-08-23T05:46:44Z,2026-08-23T07:46:44+0200,442f0342-0040-4db4-ac3f-85a7f822bcbf,2026-08-14T22:15:00Z,2026-08-15T00:15:00+0200,170.01,EUR/MWh,DK1,DK_1,imbalance_price,Short,2026-08-23T05:51:55Z
2026-08-23T05:46:44Z,2026-08-23T07:46:44+0200,442f0342-0040-4db4-ac3f-85a7f822bcbf,2026-08-14T22:30:00Z,2026-08-15T00:30:00+0200,334.31,EUR/MWh,DK1,DK_1,imbalance_price,Long,2026-08-23T05:51:55Z
2026-08-23T05:46:44Z,2026-08-23T07:46:44+0200,442f0342-0040-4db4-ac3f-85a7f822bcbf,2026-08-14T22:30:00Z,2026-08-15T00:30:00+0200,334.31,EUR/MWh,DK1,DK_1,imbalance_price,Short,2026-08-23T05:51:55Z
2026-08-23T05:46:44Z,2026-08-23T07:46:44+0200,442f0342-0040-4db4-ac3f-85a7f822bcbf,2026-08-14T22:45:00Z,2026-08-15T00:45:00+0200,133.63,EUR/MWh,DK1,DK_1,imbalance_price,Long,2026-08-23T05:51:55Z
2026-08-23T05:46:44Z,2026-08-23T07:46:44+0200,442f0342-0040-4db4-ac3f-85a7f822bcbf,2026-08-14T22:45:00Z,2026-08-15T00:45:00+0200,133.63,EUR/MWh,DK1,DK_1,imbalance_price,Short,2026-08-23T05:51:55Z
2026-08-23T05:46:44Z,2026-08-23T07:46:44+0200,442f0342-0040-4db4-ac3f-85a7f822bcbf,2026-08-14T23:00:00Z,2026-08-15T01:00:00+0200,141.65,EUR/MWh,DK1,DK_1,imbalance_price,Long,2026-08-23T05:51:55Z
2026-08-23T05:46:44Z,2026-08-23T07:46:44+0200,442f0342-0040-4db4-ac3f-85a7f822bcbf,2026-08-14T23:00:00Z,2026-08-15T01:00:00+0200,141.65,EUR/MWh,DK1,DK_1,imbalance_price,Short,2026-08-23T05:51:55Z
2026-08-23T05:46:44Z,2026-08-23T07:46:44+0200,442f0342-0040-4db4-ac3f-85a7f822bcbf,2026-08-14T23:15:00Z,2026-08-15T01:15:00+0200,133.97,EUR/MWh,DK1,DK_1,imbalance_price,Long,2026-08-23T05:51:55Z
2026-08-23T05:46:44Z,2026-08-23T07:46:44+0200,442f0342-0040-4db4-ac3f-85a7f822bcbf,2026-08-14T23:15:00Z,2026-08-15T01:15:00+0200,133.97,EUR/MWh,DK1,DK_1,imbalance_price,Short,2026-08-23T05:51:55Z
2026-08-23T05:46:44Z,2026-08-23T07:46:44+0200,442f0342-0040-4db4-ac3f-85a7f822bcbf,2026-08-14T23:30:00Z,2026-08-15T01:30:00+0200,141.0,EUR/MWh,DK1,DK_1,imbalance_price,Long,2026-08-23T05:51:55Z
2026-08-23T05:46:44Z,2026-08-23T07:46:44+0200,442f0342-0040-4db4-ac3f-85a7f822bcbf,2026-08-14T23:30:00Z,2026-08-15T01:30:00+0200,141.0,EUR/MWh,DK1,DK_1,imbalance_price,Short,2026-08-23T05:51:55Z
2026-08-23T05:46:44Z,2026-08-23T07:46:44+0200,442f0342-0040-4db4-ac3f-85a7f822bcbf,2026-08-14T23:45:00Z,2026-08-15T01:45:00+0200,137.86,EUR/MWh,DK1,DK_1,imbalance_price,Long,2026-08-23T05:51:55Z
2026-08-23T05:46:44Z,2026-08-23T07:46:44+0200,442f0342-0040-4db4-ac3f-85a7f822bcbf,2026-08-14T23:45:00Z,2026-08-15T01:45:00+0200,137.86,EUR/MWh,DK1,DK_1,imbalance_price,Short,2026-08-23T05:51:55Z
2026-08-23T05:46:44Z,2026-08-23T07:46:44+0200,442f0342-0040-4db4-ac3f-85a7f822bcbf,2026-08-15T00:00:00Z,2026-08-15T02:00:00+0200,158.96,EUR/MWh,DK1,DK_1,imbalance_price,Long,2026-08-23T05:51:55Z
2026-08-23T05:46:44Z,2026-08-23T07:46:44+0200,442f0342-0040-4db4-ac3f-85a7f822bcbf,2026-08-15T00:00:00Z,2026-08-15T02:00:00+0200,158.96,EUR/MWh,DK1,DK_1,imbalance_price,Short,2026-08-23T05:51:55Z
2026-08-23T05:46:44Z,2026-08-23T07:46:44+0200,442f0342-0040-4db4-ac3f-85a7f822bcbf,2026-08-15T00:15:00Z,2026-08-15T02:15:00+0200,272.37,EUR/MWh,DK1,DK_1,imbalance_price,Long,2026-08-23T05:51:55Z
2026-08-23T05:46:44Z,2026-08-23T07:46:44+0200,442f0342-0040-4db4-ac3f-85a7f822bcbf,2026-08-15T00:15:00Z,2026-08-15T02:15:00+0200,272.37,EUR/MWh,DK1,DK_1,imbalance_price,Short,2026-08-23T05:51:55Z
2026-08-23T05:46:44Z,2026-08-23T07:46:44+0200,442f0342-0040-4db4-ac3f-85a7f822bcbf,2026-08-15T00:30:00Z,2026-08-15T02:30:00+0200,315.8,EUR/MWh,DK1,DK_1,imbalance_price,Long,2026-08-23T05:51:55Z
2026-08-23T05:46:44Z,2026-08-23T07:46:44+0200,442f0342-0040-4db4-ac3f-85a7f822bcbf,2026-08-15T00:30:00Z,2026-08-15T02:30:00+0200,315.8,EUR/MWh,DK1,DK_1,imbalance_price,Short,2026-08-23T05:51:55Z
2026-08-23T05:46:44Z,2026-08-23T07:46:44+0200,442f0342-0040-4db4-ac3f-85a7f822bcbf,2026-08-15T00:45:00Z,2026-08-15T02:45:00+0200,115.18,EUR/MWh,DK1,DK_1,imbalance_price,Long,2026-08-23T05:51:55Z
2026-08-23T05:46:44Z,2026-08-23T07:46:44+0200,442f0342-0040-4db4-ac3f-85a7f822bcbf,2026-08-15T00:45:00Z,2026-08-15T02:45:00+0200,115.18,EUR/MWh,DK1,DK_1,imbalance_price,Short,2026-08-23T05:51:55Z
2026-08-23T05:46:44Z,2026-08-23T07:46:44+0200,442f0342-0040-4db4-ac3f-85a7f822bcbf,2026-08-15T01:00:00Z,2026-08-15T03:00:00+0200,115.5,EUR/MWh,DK1,DK_1,imbalance_price,Long,2026-08-23T05:51:55Z
2026-08-23T05:46:44Z,2026-08-23T07:46:44+0200,442f0342-0040-4db4-ac3f-85a7f822bcbf,2026-08-15T01:00:00Z,2026-08-15T03:00:00+0200,115.5,EUR/MWh,DK1,DK_1,imbalance_price,Short,2026-08-23T05:51:55Z
2026-08-23T05:46:44Z,2026-08-23T07:46:44+0200,442f0342-0040-4db4-ac3f-85a7f822bcbf,2026-08-15T01:15:00Z,2026-08-15T03:15:00+0200,118.6,EUR/MWh,DK1,DK_1,imbalance_price,Long,2026-08-23T05:51:55Z
2026-08-23T05:46:44Z,2026-08-23T07:46:44+0200,442f0342-0040-4db4-ac3f-85a7f822bcbf,2026-08-15T01:15:00Z,2026-08-15T03:15:00+0200,118.6,EUR/MWh,DK1,DK_1,imbalance_price,Short,2026-08-23T05:51:55Z
2026-08-23T05:46:44Z,2026-08-23T07:46:44+0200,442f0342-0040-4db4-ac3f-85a7f822bcbf,2026-08-15T01:30:00Z,2026-08-15T03:30:00+0200,123.78,EUR/MWh,DK1,DK_1,imbalance_price,Long,2026-08-23T05:51:55Z
2026-08-23T05:46:44Z,2026-08-23T07:46:44+0200,442f0342-0040-4db4-ac3f-85a7f822bcbf,2026-08-15T01:30:00Z,2026-08-15T03:30:00+0200,123.78,EUR/MWh,DK1,DK_1,imbalance_price,Short,2026-08-23T05:51:55Z
2026-08-23T05:46:44Z,2026-08-23T07:46:44+0200,442f0342-0040-4db4-ac3f-85a7f822bcbf,2026-08-15T01:45:00Z,2026-08-15T03:45:00+0200,112.13,EUR/MWh,DK1,DK_1,imbalance_price,Long,2026-08-23T05:51:55Z
2026-08-23T05:46:44Z,2026-08-23T07:46:44+0200,442f0342-0040-4db4-ac3f-85a7f822bcbf,2026-08-15T01:45:00Z,2026-08-15T03:45:00+0200,112.13,EUR/MWh,DK1,DK_1,imbalance_price,Short,2026-08-23T05:51:55Z
2026-08-23T05:46:44Z,2026-08-23T07:46:44+0200,442f0342-0040-4db4-ac3f-85a7f822bcbf,2026-08-15T02:00:00Z,2026-08-15T04:00:00+0200,112.12,EUR/MWh,DK1,DK_1,imbalance_price,Long,2026-08-23T05:51:55Z
2026-08-23T05:46:44Z,2026-08-23T07:46:44+0200,442f0342-0040-4db4-ac3f-85a7f822bcbf,2026-08-15T02:00:00Z,2026-08-15T04:00:00+0200,112.12,EUR/MWh,DK1,DK_1,imbalance_price,Short,2026-08-23T05:51:55Z
2026-08-23T05:46:44Z,2026-08-23T07:46:44+0200,442f0342-0040-4db4-ac3f-85a7f822bcbf,2026-08-15T02:15:00Z,2026-08-15T04:15:00+0200,112.12,EUR/MWh,DK1,DK_1,imbalance_price,Long,2026-08-23T05:51:55Z
2026-08-23T05:46:44Z,2026-08-23T07:46:44+0200,442f0342-0040-4db4-ac3f-85a7f822bcbf,2026-08-15T02:15:00Z,2026-08-15T04:15:00+0200,112.12,EUR/MWh,DK1,DK_1,imbalance_price,Short,2026-08-23T05:51:55Z
2026-08-23T05:46:44Z,2026-08-23T07:46:44+0200,442f0342-0040-4db4-ac3f-85a7f822bcbf,2026-08-15T02:30:00Z,2026-08-15T04:30:00+0200,112.12,EUR/MWh,DK1,DK_1,imbalance_price,Long,2026-08-23T05:51:55Z
2026-08-23T05:46:44Z,2026-08-23T07:46:44+0200,442f0342-0040-4db4-ac3f-85a7f822bcbf,2026-08-15T02:30:00Z,2026-08-15T04:30:00+0200,112.12,EUR/MWh,DK1,DK_1,imbalance_price,Short,2026-08-23T05:51:55Z
2026-08-23T05:46:44Z,2026-08-23T07:46:44+0200,442f0342-0040-4db4-ac3f-85a7f822bcbf,2026-08-15T02:45:00Z,2026-08-15T04:45:00+0200,112.12,EUR/MWh,DK1,DK_1,imbalance_price,Long,2026-08-23T05:51:55Z
2026-08-23T05:46:44Z,2026-08-23T07:46:44+0200,442f0342-0040-4db4-ac3f-85a7f822bcbf,2026-08-15T02:45:00Z,2026-08-15T04:45:00+0200,112.12,EUR/MWh,DK1,DK_1,imbalance_price,Short,2026-08-23T05:51:55Z
2026-08-23T05:46:44Z,2026-08-23T07:46:44+0200,442f0342-0040-4db4-ac3f-85a7f822bcbf,2026-08-15T03:00:00Z,2026-08-15T05:00:00+0200,108.88,EUR/MWh,DK1,DK_1,imbalance_price,Long,2026-08-23T05:51:55Z
2026-08-23T05:46:44Z,2026-08-23T07:46:44+0200,442f0342-0040-4db4-ac3f-85a7f822bcbf,2026-08-15T03:00:00Z,2026-08-15T05:00:00+0200,108.88,EUR/MWh,DK1,DK_1,imbalance_price,Short,2026-08-23T05:51:55Z
2026-08-23T05:46:44Z,2026-08-23T07:46:44+0200,442f0342-0040-4db4-ac3f-85a7f822bcbf,2026-08-15T03:15:00Z,2026-08-15T05:15:00+0200,111.5,EUR/MWh,DK1,DK_1,imbalance_price,Long,2026-08-23T05:51:55Z
2026-08-23T05:46:44Z,2026-08-23T07:46:44+0200,442f0342-0040-4db4-ac3f-85a7f822bcbf,2026-08-15T03:15:00Z,2026-08-15T05:15:00+0200,111.5,EUR/MWh,DK1,DK_1,imbalance_price,Short,2026-08-23T05:51:55Z
2026-08-23T05:46:44Z,2026-08-23T07:46:44+0200,442f0342-0040-4db4-ac3f-85a7f822bcbf,2026-08-15T03:30:00Z,2026-08-15T05:30:00+0200,112.12,EUR/MWh,DK1,DK_1,imbalance_price,Long,2026-08-23T05:51:55Z
2026-08-23T05:46:44Z,2026-08-23T07:46:44+0200,442f0342-0040-4db4-ac3f-85a7f822bcbf,2026-08-15T03:30:00Z,2026-08-15T05:30:00+0200,112.12,EUR/MWh,DK1,DK_1,imbalance_price,Short,2026-08-23T05:51:55Z
2026-08-23T05:46:44Z,2026-08-23T07:46:44+0200,442f0342-0040-4db4-ac3f-85a7f822bcbf,2026-08-15T03:45:00Z,2026-08-15T05:45:00+0200,112.12,EUR/MWh,DK1,DK_1,imbalance_price,Long,2026-08-23T05:51:55Z
2026-08-23T05:46:44Z,2026-08-23T07:46:44+0200,442f0342-0040-4db4-ac3f-85a7f822bcbf,2026-08-15T03:45:00Z,2026-08-15T05:45:00+0200,112.12,EUR/MWh,DK1,DK_1,imbalance_price,Short,2026-08-23T05:51:55Z
2026-08-23T05:46:44Z,2026-08-23T07:46:44+0200,442f0342-0040-4db4-ac3f-85a7f822bcbf,2026-08-15T04:00:00Z,2026-08-15T06:00:00+0200,112.66,EUR/MWh,DK1,DK_1,imbalance_price,Long,2026-08-23T05:51:55Z
2026-08-23T05:46:44Z,2026-08-23T07:46:44+0200,442f0342-0040-4db4-ac3f-85a7f822bcbf,2026-08-15T04:00:00Z,2026-08-15T06:00:00+0200,112.66,EUR/MWh,DK1,DK_1,imbalance_price,Short,2026-08-23T05:51:55Z
2026-08-23T05:46:44Z,2026-08-23T07:46:44+0200,442f0342-0040-4db4-ac3f-85a7f822bcbf,2026-08-15T04:15:00Z,2026-08-15T06:15:00+0200,111.98,EUR/MWh,DK1,DK_1,imbalance_price,Long,2026-08-23T05:51:55Z
2026-08-23T05:46:44Z,2026-08-23T07:46:44+0200,442f0342-0040-4db4-ac3f-85a7f822bcbf,2026-08-15T04:15:00Z,2026-08-15T06:15:00+0200,111.98,EUR/MWh,DK1,DK_1,imbalance_price,Short,2026-08-23T05:51:55Z
2026-08-23T05:46:44Z,2026-08-23T07:46:44+0200,442f0342-0040-4db4-ac3f-85a7f822bcbf,2026-08-15T04:30:00Z,2026-08-15T06:30:00+0200,95.3,EUR/MWh,DK1,DK_1,imbalance_price,Long,2026-08-23T05:51:55Z
2026-08-23T05:46:44Z,2026-08-23T07:46:44+0200,442f0342-0040-4db4-ac3f-85a7f822bcbf,2026-08-15T04:30:00Z,2026-08-15T06:30:00+0200,95.3,EUR/MWh,DK1,DK_1,imbalance_price,Short,2026-08-23T05:51:55Z
2026-08-23T05:46:44Z,2026-08-23T07:46:44+0200,442f0342-0040-4db4-ac3f-85a7f822bcbf,2026-08-15T04:45:00Z,2026-08-15T06:45:00+0200,6.69,EUR/MWh,DK1,DK_1,imbalance_price,Long,2026-08-23T05:51:55Z
2026-08-23T05:46:44Z,2026-08-23T07:46:44+0200,442f0342-0040-4db4-ac3f-85a7f822bcbf,2026-08-15T04:45:00Z,2026-08-15T06:45:00+0200,6.69,EUR/MWh,DK1,DK_1,imbalance_price,Short,2026-08-23T05:51:55Z
2026-08-23T05:46:44Z,2026-08-23T07:46:44+0200,442f0342-0040-4db4-ac3f-85a7f822bcbf,2026-08-15T05:00:00Z,2026-08-15T07:00:00+0200,105.21,EUR/MWh,DK1,DK_1,imbalance_price,Long,2026-08-23T05:51:55Z
2026-08-23T05:46:44Z,2026-08-23T07:46:44+0200,442f0342-0040-4db4-ac3f-85a7f822bcbf,2026-08-15T05:00:00Z,2026-08-15T07:00:00+0200,105.21,EUR/MWh,DK1,DK_1,imbalance_price,Short,2026-08-23T05:51:55Z
2026-08-23T05:46:44Z,2026-08-23T07:46:44+0200,442f0342-0040-4db4-ac3f-85a7f822bcbf,2026-08-15T05:15:00Z,2026-08-15T07:15:00+0200,87.59,EUR/MWh,DK1,DK_1,imbalance_price,Long,2026-08-23T05:51:55Z
2026-08-23T05:46:44Z,2026-08-23T07:46:44+0200,442f0342-0040-4db4-ac3f-85a7f822bcbf,2026-08-15T05:15:00Z,2026-08-15T07:15:00+0200,87.59,EUR/MWh,DK1,DK_1,imbalance_price,Short,2026-08-23T05:51:55Z
2026-08-23T05:46:44Z,2026-08-23T07:46:44+0200,442f0342-0040-4db4-ac3f-85a7f822bcbf,2026-08-15T05:30:00Z,2026-08-15T07:30:00+0200,87.09,EUR/MWh,DK1,DK_1,imbalance_price,Long,2026-08-23T05:51:55Z
2026-08-23T05:46:44Z,2026-08-23T07:46:44+0200,442f0342-0040-4db4-ac3f-85a7f822bcbf,2026-08-15T05:30:00Z,2026-08-15T07:30:00+0200,87.09,EUR/MWh,DK1,DK_1,imbalance_price,Short,2026-08-23T05:51:55Z
2026-08-23T05:46:44Z,2026-08-23T07:46:44+0200,442f0342-0040-4db4-ac3f-85a7f822bcbf,2026-08-15T05:45:00Z,2026-08-15T07:45:00+0200,18.66,EUR/MWh,DK1,DK_1,imbalance_price,Long,2026-08-23T05:51:55Z
2026-08-23T05:46:44Z,2026-08-23T07:46:44+0200,442f0342-0040-4db4-ac3f-85a7f822bcbf,2026-08-15T05:45:00Z,2026-08-15T07:45:00+0200,18.66,EUR/MWh,DK1,DK_1,imbalance_price,Short,2026-08-23T05:51:55Z
2026-08-23T05:46:44Z,2026-08-23T07:46:44+0200,442f0342-0040-4db4-ac3f-85a7f822bcbf,2026-08-15T06:00:00Z,2026-08-15T08:00:00+0200,163.9,EUR/MWh,DK1,DK_1,imbalance_price,Long,2026-08-23T05:51:55Z
2026-08-23T05:46:44Z,2026-08-23T07:46:44+0200,442f0342-0040-4db4-ac3f-85a7f822bcbf,2026-08-15T06:00:00Z,2026-08-15T08:00:00+0200,163.9,EUR/MWh,DK1,DK_1,imbalance_price,Short,2026-08-23T05:51:55Z
2026-08-23T05:46:44Z,2026-08-23T07:46:44+0200,442f0342-0040-4db4-ac3f-85a7f822bcbf,2026-08-15T06:15:00Z,2026-08-15T08:15:00+0200,468.23,EUR/MWh,DK1,DK_1,imbalance_price,Long,2026-08-23T05:51:55Z
2026-08-23T05:46:44Z,2026-08-23T07:46:44+0200,442f0342-0040-4db4-ac3f-85a7f822bcbf,2026-08-15T06:15:00Z,2026-08-15T08:15:00+0200,468.23,EUR/MWh,DK1,DK_1,imbalance_price,Short,2026-08-23T05:51:55Z
2026-08-23T05:46:44Z,2026-08-23T07:46:44+0200,442f0342-0040-4db4-ac3f-85a7f822bcbf,2026-08-15T06:30:00Z,2026-08-15T08:30:00+0200,334.5,EUR/MWh,DK1,DK_1,imbalance_price,Long,2026-08-23T05:51:55Z
2026-08-23T05:46:44Z,2026-08-23T07:46:44+0200,442f0342-0040-4db4-ac3f-85a7f822bcbf,2026-08-15T06:30:00Z,2026-08-15T08:30:00+0200,334.5,EUR/MWh,DK1,DK_1,imbalance_price,Short,2026-08-23T05:51:55Z
2026-08-23T05:46:44Z,2026-08-23T07:46:44+0200,442f0342-0040-4db4-ac3f-85a7f822bcbf,2026-08-15T06:45:00Z,2026-08-15T08:45:00+0200,535.12,EUR/MWh,DK1,DK_1,imbalance_price,Long,2026-08-23T05:51:55Z
2026-08-23T05:46:44Z,2026-08-23T07:46:44+0200,442f0342-0040-4db4-ac3f-85a7f822bcbf,2026-08-15T06:45:00Z,2026-08-15T08:45:00+0200,535.12,EUR/MWh,DK1,DK_1,imbalance_price,Short,2026-08-23T05:51:55Z
2026-08-23T05:46:44Z,2026-08-23T07:46:44+0200,442f0342-0040-4db4-ac3f-85a7f822bcbf,2026-08-15T07:00:00Z,2026-08-15T09:00:00+0200,1141.54,EUR/MWh,DK1,DK_1,imbalance_price,Long,2026-08-23T05:51:55Z
2026-08-23T05:46:44Z,2026-08-23T07:46:44+0200,442f0342-0040-4db4-ac3f-85a7f822bcbf,2026-08-15T07:00:00Z,2026-08-15T09:00:00+0200,1141.54,EUR/MWh,DK1,DK_1,imbalance_price,Short,2026-08-23T05:51:55Z
2026-08-23T05:46:44Z,2026-08-23T07:46:44+0200,442f0342-0040-4db4-ac3f-85a7f822bcbf,2026-08-15T07:15:00Z,2026-08-15T09:15:00+0200,1117.8,EUR/MWh,DK1,DK_1,imbalance_price,Long,2026-08-23T05:51:55Z
2026-08-23T05:46:44Z,2026-08-23T07:46:44+0200,442f0342-0040-4db4-ac3f-85a7f822bcbf,2026-08-15T07:15:00Z,2026-08-15T09:15:00+0200,1117.8,EUR/MWh,DK1,DK_1,imbalance_price,Short,2026-08-23T05:51:55Z
2026-08-23T05:46:44Z,2026-08-23T07:46:44+0200,442f0342-0040-4db4-ac3f-85a7f822bcbf,2026-08-15T07:30:00Z,2026-08-15T09:30:00+0200,476.84,EUR/MWh,DK1,DK_1,imbalance_price,Long,2026-08-23T05:51:55Z
2026-08-23T05:46:44Z,2026-08-23T07:46:44+0200,442f0342-0040-4db4-ac3f-85a7f822bcbf,2026-08-15T07:30:00Z,2026-08-15T09:30:00+0200,476.84,EUR/MWh,DK1,DK_1,imbalance_price,Short,2026-08-23T05:51:55Z
2026-08-23T05:46:44Z,2026-08-23T07:46:44+0200,442f0342-0040-4db4-ac3f-85a7f822bcbf,2026-08-15T07:45:00Z,2026-08-15T09:45:00+0200,188.76,EUR/MWh,DK1,DK_1,imbalance_price,Long,2026-08-23T05:51:55Z
2026-08-23T05:46:44Z,2026-08-23T07:46:44+0200,442f0342-0040-4db4-ac3f-85a7f822bcbf,2026-08-15T07:45:00Z,2026-08-15T09:45:00+0200,188.76,EUR/MWh,DK1,DK_1,imbalance_price,Short,2026-08-23T05:51:55Z
2026-08-23T05:46:44Z,2026-08-23T07:46:44+0200,442f0342-0040-4db4-ac3f-85a7f822bcbf,2026-08-15T08:00:00Z,2026-08-15T10:00:00+0200,51.38,EUR/MWh,DK1,DK_1,imbalance_price,Long,2026-08-23T05:51:55Z
2026-08-23T05:46:44Z,2026-08-23T07:46:44+0200,442f0342-0040-4db4-ac3f-85a7f822bcbf,2026-08-15T08:00:00Z,2026-08-15T10:00:00+0200,51.38,EUR/MWh,DK1,DK_1,imbalance_price,Short,2026-08-23T05:51:55Z
2026-08-23T05:46:44Z,2026-08-23T07:46:44+0200,442f0342-0040-4db4-ac3f-85a7f822bcbf,2026-08-15T08:15:00Z,2026-08-15T10:15:00+0200,20.02,EUR/MWh,DK1,DK_1,imbalance_price,Long,2026-08-23T05:51:55Z
2026-08-23T05:46:44Z,2026-08-23T07:46:44+0200,442f0342-0040-4db4-ac3f-85a7f822bcbf,2026-08-15T08:15:00Z,2026-08-15T10:15:00+0200,20.02,EUR/MWh,DK1,DK_1,imbalance_price,Short,2026-08-23T05:51:55Z
2026-08-23T05:46:44Z,2026-08-23T07:46:44+0200,442f0342-0040-4db4-ac3f-85a7f822bcbf,2026-08-15T08:30:00Z,2026-08-15T10:30:00+0200,33.22,EUR/MWh,DK1,DK_1,imbalance_price,Long,2026-08-23T05:51:55Z
2026-08-23T05:46:44Z,2026-08-23T07:46:44+0200,442f0342-0040-4db4-ac3f-85a7f822bcbf,2026-08-15T08:30:00Z,2026-08-15T10:30:00+0200,33.22,EUR/MWh,DK1,DK_1,imbalance_price,Short,2026-08-23T05:51:55Z
2026-08-23T05:46:44Z,2026-08-23T07:46:44+0200,442f0342-0040-4db4-ac3f-85a7f822bcbf,2026-08-15T08:45:00Z,2026-08-15T10:45:00+0200,5.0,EUR/MWh,DK1,DK_1,imbalance_price,Long,2026-08-23T05:51:55Z
2026-08-23T05:46:44Z,2026-08-23T07:46:44+0200,442f0342-0040-4db4-ac3f-85a7f822bcbf,2026-08-15T08:45:00Z,2026-08-15T10:45:00+0200,5.0,EUR/MWh,DK1,DK_1,imbalance_price,Short,2026-08-23T05:51:55Z
2026-08-23T05:46:44Z,2026-08-23T07:46:44+0200,442f0342-0040-4db4-ac3f-85a7f822bcbf,2026-08-15T09:00:00Z,2026-08-15T11:00:00+0200,14.84,EUR/MWh,DK1,DK_1,imbalance_price,Long,2026-08-23T05:51:55Z
2026-08-23T05:46:44Z,2026-08-23T07:46:44+0200,442f0342-0040-4db4-ac3f-85a7f822bcbf,2026-08-15T09:00:00Z,2026-08-15T11:00:00+0200,14.84,EUR/MWh,DK1,DK_1,imbalance_price,Short,2026-08-23T05:51:55Z
2026-08-23T05:46:44Z,2026-08-23T07:46:44+0200,442f0342-0040-4db4-ac3f-85a7f822bcbf,2026-08-15T09:15:00Z,2026-08-15T11:15:00+0200,12.67,EUR/MWh,DK1,DK_1,imbalance_price,Long,2026-08-23T05:51:55Z
2026-08-23T05:46:44Z,2026-08-23T07:46:44+0200,442f0342-0040-4db4-ac3f-85a7f822bcbf,2026-08-15T09:15:00Z,2026-08-15T11:15:00+0200,12.67,EUR/MWh,DK1,DK_1,imbalance_price,Short,2026-08-23T05:51:55Z
2026-08-23T05:46:44Z,2026-08-23T07:46:44+0200,442f0342-0040-4db4-ac3f-85a7f822bcbf,2026-08-15T09:30:00Z,2026-08-15T11:30:00+0200,6.69,EUR/MWh,DK1,DK_1,imbalance_price,Long,2026-08-23T05:51:55Z
2026-08-23T05:46:44Z,2026-08-23T07:46:44+0200,442f0342-0040-4db4-ac3f-85a7f822bcbf,2026-08-15T09:30:00Z,2026-08-15T11:30:00+0200,6.69,EUR/MWh,DK1,DK_1,imbalance_price,Short,2026-08-23T05:51:55Z
2026-08-23T05:46:44Z,2026-08-23T07:46:44+0200,442f0342-0040-4db4-ac3f-85a7f822bcbf,2026-08-15T09:45:00Z,2026-08-15T11:45:00+0200,10.0,EUR/MWh,DK1,DK_1,imbalance_price,Long,2026-08-23T05:51:55Z
2026-08-23T05:46:44Z,2026-08-23T07:46:44+0200,442f0342-0040-4db4-ac3f-85a7f822bcbf,2026-08-15T09:45:00Z,2026-08-15T11:45:00+0200,10.0,EUR/MWh,DK1,DK_1,imbalance_price,Short,2026-08-23T05:51:55Z
2026-08-23T05:46:44Z,2026-08-23T07:46:44+0200,442f0342-0040-4db4-ac3f-85a7f822bcbf,2026-08-15T10:00:00Z,2026-08-15T12:00:00+0200,8.88,EUR/MWh,DK1,DK_1,imbalance_price,Long,2026-08-23T05:51:55Z
2026-08-23T05:46:44Z,2026-08-23T07:46:44+0200,442f0342-0040-4db4-ac3f-85a7f822bcbf,2026-08-15T10:00:00Z,2026-08-15T12:00:00+0200,8.88,EUR/MWh,DK1,DK_1,imbalance_price,Short,2026-08-23T05:51:55Z
2026-08-23T05:46:44Z,2026-08-23T07:46:44+0200,442f0342-0040-4db4-ac3f-85a7f822bcbf,2026-08-15T10:15:00Z,2026-08-15T12:15:00+0200,7.0,EUR/MWh,DK1,DK_1,imbalance_price,Long,2026-08-23T05:51:55Z
2026-08-23T05:46:44Z,2026-08-23T07:46:44+0200,442f0342-0040-4db4-ac3f-85a7f822bcbf,2026-08-15T10:15:00Z,2026-08-15T12:15:00+0200,7.0,EUR/MWh,DK1,DK_1,imbalance_price,Short,2026-08-23T05:51:55Z
2026-08-23T05:46:44Z,2026-08-23T07:46:44+0200,442f0342-0040-4db4-ac3f-85a7f822bcbf,2026-08-15T10:30:00Z,2026-08-15T12:30:00+0200,6.61,EUR/MWh,DK1,DK_1,imbalance_price,Long,2026-08-23T05:51:55Z
2026-08-23T05:46:44Z,2026-08-23T07:46:44+0200,442f0342-0040-4db4-ac3f-85a7f822bcbf,2026-08-15T10:30:00Z,2026-08-15T12:30:00+0200,6.61,EUR/MWh,DK1,DK_1,imbalance_price,Short,2026-08-23T05:51:55Z
2026-08-23T05:46:44Z,2026-08-23T07:46:44+0200,442f0342-0040-4db4-ac3f-85a7f822bcbf,2026-08-15T10:45:00Z,2026-08-15T12:45:00+0200,5.68,EUR/MWh,DK1,DK_1,imbalance_price,Long,2026-08-23T05:51:55Z
2026-08-23T05:46:44Z,2026-08-23T07:46:44+0200,442f0342-0040-4db4-ac3f-85a7f822bcbf,2026-08-15T10:45:00Z,2026-08-15T12:45:00+0200,5.68,EUR/MWh,DK1,DK_1,imbalance_price,Short,2026-08-23T05:51:55Z
2026-08-23T05:46:44Z,2026-08-23T07:46:44+0200,442f0342-0040-4db4-ac3f-85a7f822bcbf,2026-08-15T11:00:00Z,2026-08-15T13:00:00+0200,3.26,EUR/MWh,DK1,DK_1,imbalance_price,Long,2026-08-23T05:51:55Z
2026-08-23T05:46:44Z,2026-08-23T07:46:44+0200,442f0342-0040-4db4-ac3f-85a7f822bcbf,2026-08-15T11:00:00Z,2026-08-15T13:00:00+0200,3.26,EUR/MWh,DK1,DK_1,imbalance_price,Short,2026-08-23T05:51:55Z
2026-08-23T05:46:44Z,2026-08-23T07:46:44+0200,442f0342-0040-4db4-ac3f-85a7f822bcbf,2026-08-15T11:15:00Z,2026-08-15T13:15:00+0200,3.14,EUR/MWh,DK1,DK_1,imbalance_price,Long,2026-08-23T05:51:55Z
2026-08-23T05:46:44Z,2026-08-23T07:46:44+0200,442f0342-0040-4db4-ac3f-85a7f822bcbf,2026-08-15T11:15:00Z,2026-08-15T13:15:00+0200,3.14,EUR/MWh,DK1,DK_1,imbalance_price,Short,2026-08-23T05:51:55Z
2026-08-23T05:46:44Z,2026-08-23T07:46:44+0200,442f0342-0040-4db4-ac3f-85a7f822bcbf,2026-08-15T11:30:00Z,2026-08-15T13:30:00+0200,110.9,EUR/MWh,DK1,DK_1,imbalance_price,Long,2026-08-23T05:51:55Z
2026-08-23T05:46:44Z,2026-08-23T07:46:44+0200,442f0342-0040-4db4-ac3f-85a7f822bcbf,2026-08-15T11:30:00Z,2026-08-15T13:30:00+0200,110.9,EUR/MWh,DK1,DK_1,imbalance_price,Short,2026-08-23T05:51:55Z
2026-08-23T05:46:44Z,2026-08-23T07:46:44+0200,442f0342-0040-4db4-ac3f-85a7f822bcbf,2026-08-15T11:45:00Z,2026-08-15T13:45:00+0200,2.5,EUR/MWh,DK1,DK_1,imbalance_price,Long,2026-08-23T05:51:55Z
2026-08-23T05:46:44Z,2026-08-23T07:46:44+0200,442f0342-0040-4db4-ac3f-85a7f822bcbf,2026-08-15T11:45:00Z,2026-08-15T13:45:00+0200,2.5,EUR/MWh,DK1,DK_1,imbalance_price,Short,2026-08-23T05:51:55Z
2026-08-23T05:46:44Z,2026-08-23T07:46:44+0200,442f0342-0040-4db4-ac3f-85a7f822bcbf,2026-08-15T12:00:00Z,2026-08-15T14:00:00+0200,2.74,EUR/MWh,DK1,DK_1,imbalance_price,Long,2026-08-23T05:51:55Z
2026-08-23T05:46:44Z,2026-08-23T07:46:44+0200,442f0342-0040-4db4-ac3f-85a7f822bcbf,2026-08-15T12:00:00Z,2026-08-15T14:00:00+0200,2.74,EUR/MWh,DK1,DK_1,imbalance_price,Short,2026-08-23T05:51:55Z
2026-08-23T05:46:44Z,2026-08-23T07:46:44+0200,442f0342-0040-4db4-ac3f-85a7f822bcbf,2026-08-15T12:15:00Z,2026-08-15T14:15:00+0200,4.3,EUR/MWh,DK1,DK_1,imbalance_price,Long,2026-08-23T05:51:55Z
2026-08-23T05:46:44Z,2026-08-23T07:46:44+0200,442f0342-0040-4db4-ac3f-85a7f822bcbf,2026-08-15T12:15:00Z,2026-08-15T14:15:00+0200,4.3,EUR/MWh,DK1,DK_1,imbalance_price,Short,2026-08-23T05:51:55Z
2026-08-23T05:46:44Z,2026-08-23T07:46:44+0200,442f0342-0040-4db4-ac3f-85a7f822bcbf,2026-08-15T12:30:00Z,2026-08-15T14:30:00+0200,5.12,EUR/MWh,DK1,DK_1,imbalance_price,Long,2026-08-23T05:51:55Z
2026-08-23T05:46:44Z,2026-08-23T07:46:44+0200,442f0342-0040-4db4-ac3f-85a7f822bcbf,2026-08-15T12:30:00Z,2026-08-15T14:30:00+0200,5.12,EUR/MWh,DK1,DK_1,imbalance_price,Short,2026-08-23T05:51:55Z
2026-08-23T05:46:44Z,2026-08-23T07:46:44+0200,442f0342-0040-4db4-ac3f-85a7f822bcbf,2026-08-15T12:45:00Z,2026-08-15T14:45:00+0200,7.96,EUR/MWh,DK1,DK_1,imbalance_price,Long,2026-08-23T05:51:55Z
2026-08-23T05:46:44Z,2026-08-23T07:46:44+0200,442f0342-0040-4db4-ac3f-85a7f822bcbf,2026-08-15T12:45:00Z,2026-08-15T14:45:00+0200,7.96,EUR/MWh,DK1,DK_1,imbalance_price,Short,2026-08-23T05:51:55Z
2026-08-23T05:46:44Z,2026-08-23T07:46:44+0200,442f0342-0040-4db4-ac3f-85a7f822bcbf,2026-08-15T13:00:00Z,2026-08-15T15:00:00+0200,7.66,EUR/MWh,DK1,DK_1,imbalance_price,Long,2026-08-23T05:51:55Z
2026-08-23T05:46:44Z,2026-08-23T07:46:44+0200,442f0342-0040-4db4-ac3f-85a7f822bcbf,2026-08-15T13:00:00Z,2026-08-15T15:00:00+0200,7.66,EUR/MWh,DK1,DK_1,imbalance_price,Short,2026-08-23T05:51:55Z
2026-08-23T05:46:44Z,2026-08-23T07:46:44+0200,442f0342-0040-4db4-ac3f-85a7f822bcbf,2026-08-15T13:15:00Z,2026-08-15T15:15:00+0200,71.61,EUR/MWh,DK1,DK_1,imbalance_price,Long,2026-08-23T05:51:55Z
2026-08-23T05:46:44Z,2026-08-23T07:46:44+0200,442f0342-0040-4db4-ac3f-85a7f822bcbf,2026-08-15T13:15:00Z,2026-08-15T15:15:00+0200,71.61,EUR/MWh,DK1,DK_1,imbalance_price,Short,2026-08-23T05:51:55Z
2026-08-23T05:46:44Z,2026-08-23T07:46:44+0200,442f0342-0040-4db4-ac3f-85a7f822bcbf,2026-08-15T13:30:00Z,2026-08-15T15:30:00+0200,16.08,EUR/MWh,DK1,DK_1,imbalance_price,Long,2026-08-23T05:51:55Z
2026-08-23T05:46:44Z,2026-08-23T07:46:44+0200,442f0342-0040-4db4-ac3f-85a7f822bcbf,2026-08-15T13:30:00Z,2026-08-15T15:30:00+0200,16.08,EUR/MWh,DK1,DK_1,imbalance_price,Short,2026-08-23T05:51:55Z
2026-08-23T05:46:44Z,2026-08-23T07:46:44+0200,442f0342-0040-4db4-ac3f-85a7f822bcbf,2026-08-15T13:45:00Z,2026-08-15T15:45:00+0200,26.68,EUR/MWh,DK1,DK_1,imbalance_price,Long,2026-08-23T05:51:55Z
2026-08-23T05:46:44Z,2026-08-23T07:46:44+0200,442f0342-0040-4db4-ac3f-85a7f822bcbf,2026-08-15T13:45:00Z,2026-08-15T15:45:00+0200,26.68,EUR/MWh,DK1,DK_1,imbalance_price,Short,2026-08-23T05:51:55Z
2026-08-23T05:46:44Z,2026-08-23T07:46:44+0200,442f0342-0040-4db4-ac3f-85a7f822bcbf,2026-08-15T14:00:00Z,2026-08-15T16:00:00+0200,22.08,EUR/MWh,DK1,DK_1,imbalance_price,Long,2026-08-23T05:51:55Z
2026-08-23T05:46:44Z,2026-08-23T07:46:44+0200,442f0342-0040-4db4-ac3f-85a7f822bcbf,2026-08-15T14:00:00Z,2026-08-15T16:00:00+0200,22.08,EUR/MWh,DK1,DK_1,imbalance_price,Short,2026-08-23T05:51:55Z
2026-08-23T05:46:44Z,2026-08-23T07:46:44+0200,442f0342-0040-4db4-ac3f-85a7f822bcbf,2026-08-15T14:15:00Z,2026-08-15T16:15:00+0200,22.45,EUR/MWh,DK1,DK_1,imbalance_price,Long,2026-08-23T05:51:55Z
2026-08-23T05:46:44Z,2026-08-23T07:46:44+0200,442f0342-0040-4db4-ac3f-85a7f822bcbf,2026-08-15T14:15:00Z,2026-08-15T16:15:00+0200,22.45,EUR/MWh,DK1,DK_1,imbalance_price,Short,2026-08-23T05:51:55Z
2026-08-23T05:46:44Z,2026-08-23T07:46:44+0200,442f0342-0040-4db4-ac3f-85a7f822bcbf,2026-08-15T14:30:00Z,2026-08-15T16:30:00+0200,92.29,EUR/MWh,DK1,DK_1,imbalance_price,Long,2026-08-23T05:51:55Z
2026-08-23T05:46:44Z,2026-08-23T07:46:44+0200,442f0342-0040-4db4-ac3f-85a7f822bcbf,2026-08-15T14:30:00Z,2026-08-15T16:30:00+0200,92.29,EUR/MWh,DK1,DK_1,imbalance_price,Short,2026-08-23T05:51:55Z
2026-08-23T05:46:44Z,2026-08-23T07:46:44+0200,442f0342-0040-4db4-ac3f-85a7f822bcbf,2026-08-15T14:45:00Z,2026-08-15T16:45:00+0200,64.55,EUR/MWh,DK1,DK_1,imbalance_price,Long,2026-08-23T05:51:55Z
2026-08-23T05:46:44Z,2026-08-23T07:46:44+0200,442f0342-0040-4db4-ac3f-85a7f822bcbf,2026-08-15T14:45:00Z,2026-08-15T16:45:00+0200,64.55,EUR/MWh,DK1,DK_1,imbalance_price,Short,2026-08-23T05:51:55Z
2026-08-23T05:46:44Z,2026-08-23T07:46:44+0200,442f0342-0040-4db4-ac3f-85a7f822bcbf,2026-08-15T15:00:00Z,2026-08-15T17:00:00+0200,27.01,EUR/MWh,DK1,DK_1,imbalance_price,Long,2026-08-23T05:51:55Z
2026-08-23T05:46:44Z,2026-08-23T07:46:44+0200,442f0342-0040-4db4-ac3f-85a7f822bcbf,2026-08-15T15:00:00Z,2026-08-15T17:00:00+0200,27.01,EUR/MWh,DK1,DK_1,imbalance_price,Short,2026-08-23T05:51:55Z
2026-08-23T05:46:44Z,2026-08-23T07:46:44+0200,442f0342-0040-4db4-ac3f-85a7f822bcbf,2026-08-15T15:15:00Z,2026-08-15T17:15:00+0200,37.98,EUR/MWh,DK1,DK_1,imbalance_price,Long,2026-08-23T05:51:55Z
2026-08-23T05:46:44Z,2026-08-23T07:46:44+0200,442f0342-0040-4db4-ac3f-85a7f822bcbf,2026-08-15T15:15:00Z,2026-08-15T17:15:00+0200,37.98,EUR/MWh,DK1,DK_1,imbalance_price,Short,2026-08-23T05:51:55Z
2026-08-23T05:46:44Z,2026-08-23T07:46:44+0200,442f0342-0040-4db4-ac3f-85a7f822bcbf,2026-08-15T15:30:00Z,2026-08-15T17:30:00+0200,194.86,EUR/MWh,DK1,DK_1,imbalance_price,Long,2026-08-23T05:51:55Z
2026-08-23T05:46:44Z,2026-08-23T07:46:44+0200,442f0342-0040-4db4-ac3f-85a7f822bcbf,2026-08-15T15:30:00Z,2026-08-15T17:30:00+0200,194.86,EUR/MWh,DK1,DK_1,imbalance_price,Short,2026-08-23T05:51:55Z
2026-08-23T05:46:44Z,2026-08-23T07:46:44+0200,442f0342-0040-4db4-ac3f-85a7f822bcbf,2026-08-15T15:45:00Z,2026-08-15T17:45:00+0200,200.38,EUR/MWh,DK1,DK_1,imbalance_price,Long,2026-08-23T05:51:55Z
2026-08-23T05:46:44Z,2026-08-23T07:46:44+0200,442f0342-0040-4db4-ac3f-85a7f822bcbf,2026-08-15T15:45:00Z,2026-08-15T17:45:00+0200,200.38,EUR/MWh,DK1,DK_1,imbalance_price,Short,2026-08-23T05:51:55Z
2026-08-23T05:46:44Z,2026-08-23T07:46:44+0200,442f0342-0040-4db4-ac3f-85a7f822bcbf,2026-08-15T16:00:00Z,2026-08-15T18:00:00+0200,189.74,EUR/MWh,DK1,DK_1,imbalance_price,Long,2026-08-23T05:51:55Z
2026-08-23T05:46:44Z,2026-08-23T07:46:44+0200,442f0342-0040-4db4-ac3f-85a7f822bcbf,2026-08-15T16:00:00Z,2026-08-15T18:00:00+0200,189.74,EUR/MWh,DK1,DK_1,imbalance_price,Short,2026-08-23T05:51:55Z
2026-08-23T05:46:44Z,2026-08-23T07:46:44+0200,442f0342-0040-4db4-ac3f-85a7f822bcbf,2026-08-15T16:15:00Z,2026-08-15T18:15:00+0200,122.57,EUR/MWh,DK1,DK_1,imbalance_price,Long,2026-08-23T05:51:55Z
2026-08-23T05:46:44Z,2026-08-23T07:46:44+0200,442f0342-0040-4db4-ac3f-85a7f822bcbf,2026-08-15T16:15:00Z,2026-08-15T18:15:00+0200,122.57,EUR/MWh,DK1,DK_1,imbalance_price,Short,2026-08-23T05:51:55Z
2026-08-23T05:46:44Z,2026-08-23T07:46:44+0200,442f0342-0040-4db4-ac3f-85a7f822bcbf,2026-08-15T16:30:00Z,2026-08-15T18:30:00+0200,165.43,EUR/MWh,DK1,DK_1,imbalance_price,Long,2026-08-23T05:51:55Z
2026-08-23T05:46:44Z,2026-08-23T07:46:44+0200,442f0342-0040-4db4-ac3f-85a7f822bcbf,2026-08-15T16:30:00Z,2026-08-15T18:30:00+0200,165.43,EUR/MWh,DK1,DK_1,imbalance_price,Short,2026-08-23T05:51:55Z
2026-08-23T05:46:44Z,2026-08-23T07:46:44+0200,442f0342-0040-4db4-ac3f-85a7f822bcbf,2026-08-15T16:45:00Z,2026-08-15T18:45:00+0200,120.45,EUR/MWh,DK1,DK_1,imbalance_price,Long,2026-08-23T05:51:55Z
2026-08-23T05:46:44Z,2026-08-23T07:46:44+0200,442f0342-0040-4db4-ac3f-85a7f822bcbf,2026-08-15T16:45:00Z,2026-08-15T18:45:00+0200,120.45,EUR/MWh,DK1,DK_1,imbalance_price,Short,2026-08-23T05:51:55Z
2026-08-23T05:46:44Z,2026-08-23T07:46:44+0200,442f0342-0040-4db4-ac3f-85a7f822bcbf,2026-08-15T17:00:00Z,2026-08-15T19:00:00+0200,121.23,EUR/MWh,DK1,DK_1,imbalance_price,Long,2026-08-23T05:51:55Z
2026-08-23T05:46:44Z,2026-08-23T07:46:44+0200,442f0342-0040-4db4-ac3f-85a7f822bcbf,2026-08-15T17:00:00Z,2026-08-15T19:00:00+0200,121.23,EUR/MWh,DK1,DK_1,imbalance_price,Short,2026-08-23T05:51:55Z
2026-08-23T05:46:44Z,2026-08-23T07:46:44+0200,442f0342-0040-4db4-ac3f-85a7f822bcbf,2026-08-15T17:15:00Z,2026-08-15T19:15:00+0200,171.39,EUR/MWh,DK1,DK_1,imbalance_price,Long,2026-08-23T05:51:55Z
2026-08-23T05:46:44Z,2026-08-23T07:46:44+0200,442f0342-0040-4db4-ac3f-85a7f822bcbf,2026-08-15T17:15:00Z,2026-08-15T19:15:00+0200,171.39,EUR/MWh,DK1,DK_1,imbalance_price,Short,2026-08-23T05:51:55Z
2026-08-23T05:46:44Z,2026-08-23T07:46:44+0200,442f0342-0040-4db4-ac3f-85a7f822bcbf,2026-08-15T17:30:00Z,2026-08-15T19:30:00+0200,140.92,EUR/MWh,DK1,DK_1,imbalance_price,Long,2026-08-23T05:51:55Z
2026-08-23T05:46:44Z,2026-08-23T07:46:44+0200,442f0342-0040-4db4-ac3f-85a7f822bcbf,2026-08-15T17:30:00Z,2026-08-15T19:30:00+0200,140.92,EUR/MWh,DK1,DK_1,imbalance_price,Short,2026-08-23T05:51:55Z
2026-08-23T05:46:44Z,2026-08-23T07:46:44+0200,442f0342-0040-4db4-ac3f-85a7f822bcbf,2026-08-15T17:45:00Z,2026-08-15T19:45:00+0200,32.51,EUR/MWh,DK1,DK_1,imbalance_price,Long,2026-08-23T05:51:55Z
2026-08-23T05:46:44Z,2026-08-23T07:46:44+0200,442f0342-0040-4db4-ac3f-85a7f822bcbf,2026-08-15T17:45:00Z,2026-08-15T19:45:00+0200,32.51,EUR/MWh,DK1,DK_1,imbalance_price,Short,2026-08-23T05:51:55Z
2026-08-23T05:46:44Z,2026-08-23T07:46:44+0200,442f0342-0040-4db4-ac3f-85a7f822bcbf,2026-08-15T18:00:00Z,2026-08-15T20:00:00+0200,99.79,EUR/MWh,DK1,DK_1,imbalance_price,Long,2026-08-23T05:51:55Z
2026-08-23T05:46:44Z,2026-08-23T07:46:44+0200,442f0342-0040-4db4-ac3f-85a7f822bcbf,2026-08-15T18:00:00Z,2026-08-15T20:00:00+0200,99.79,EUR/MWh,DK1,DK_1,imbalance_price,Short,2026-08-23T05:51:55Z
2026-08-23T05:46:44Z,2026-08-23T07:46:44+0200,442f0342-0040-4db4-ac3f-85a7f822bcbf,2026-08-15T18:15:00Z,2026-08-15T20:15:00+0200,95.04,EUR/MWh,DK1,DK_1,imbalance_price,Long,2026-08-23T05:51:55Z
2026-08-23T05:46:44Z,2026-08-23T07:46:44+0200,442f0342-0040-4db4-ac3f-85a7f822bcbf,2026-08-15T18:15:00Z,2026-08-15T20:15:00+0200,95.04,EUR/MWh,DK1,DK_1,imbalance_price,Short,2026-08-23T05:51:55Z
2026-08-23T05:46:44Z,2026-08-23T07:46:44+0200,442f0342-0040-4db4-ac3f-85a7f822bcbf,2026-08-15T18:30:00Z,2026-08-15T20:30:00+0200,133.8,EUR/MWh,DK1,DK_1,imbalance_price,Long,2026-08-23T05:51:55Z
2026-08-23T05:46:44Z,2026-08-23T07:46:44+0200,442f0342-0040-4db4-ac3f-85a7f822bcbf,2026-08-15T18:30:00Z,2026-08-15T20:30:00+0200,133.8,EUR/MWh,DK1,DK_1,imbalance_price,Short,2026-08-23T05:51:55Z
2026-08-23T05:46:44Z,2026-08-23T07:46:44+0200,442f0342-0040-4db4-ac3f-85a7f822bcbf,2026-08-15T18:45:00Z,2026-08-15T20:45:00+0200,141.1,EUR/MWh,DK1,DK_1,imbalance_price,Long,2026-08-23T05:51:55Z
2026-08-23T05:46:44Z,2026-08-23T07:46:44+0200,442f0342-0040-4db4-ac3f-85a7f822bcbf,2026-08-15T18:45:00Z,2026-08-15T20:45:00+0200,141.1,EUR/MWh,DK1,DK_1,imbalance_price,Short,2026-08-23T05:51:55Z
2026-08-23T05:46:44Z,2026-08-23T07:46:44+0200,442f0342-0040-4db4-ac3f-85a7f822bcbf,2026-08-15T19:00:00Z,2026-08-15T21:00:00+0200,119.82,EUR/MWh,DK1,DK_1,imbalance_price,Long,2026-08-23T05:51:55Z
2026-08-23T05:46:44Z,2026-08-23T07:46:44+0200,442f0342-0040-4db4-ac3f-85a7f822bcbf,2026-08-15T19:00:00Z,2026-08-15T21:00:00+0200,119.82,EUR/MWh,DK1,DK_1,imbalance_price,Short,2026-08-23T05:51:55Z
2026-08-23T05:46:44Z,2026-08-23T07:46:44+0200,442f0342-0040-4db4-ac3f-85a7f822bcbf,2026-08-15T19:15:00Z,2026-08-15T21:15:00+0200,115.56,EUR/MWh,DK1,DK_1,imbalance_price,Long,2026-08-23T05:51:55Z
2026-08-23T05:46:44Z,2026-08-23T07:46:44+0200,442f0342-0040-4db4-ac3f-85a7f822bcbf,2026-08-15T19:15:00Z,2026-08-15T21:15:00+0200,115.56,EUR/MWh,DK1,DK_1,imbalance_price,Short,2026-08-23T05:51:55Z
2026-08-23T05:46:44Z,2026-08-23T07:46:44+0200,442f0342-0040-4db4-ac3f-85a7f822bcbf,2026-08-15T19:30:00Z,2026-08-15T21:30:00+0200,179.59,EUR/MWh,DK1,DK_1,imbalance_price,Long,2026-08-23T05:51:55Z
2026-08-23T05:46:44Z,2026-08-23T07:46:44+0200,442f0342-0040-4db4-ac3f-85a7f822bcbf,2026-08-15T19:30:00Z,2026-08-15T21:30:00+0200,179.59,EUR/MWh,DK1,DK_1,imbalance_price,Short,2026-08-23T05:51:55Z
2026-08-23T05:46:44Z,2026-08-23T07:46:44+0200,442f0342-0040-4db4-ac3f-85a7f822bcbf,2026-08-15T19:45:00Z,2026-08-15T21:45:00+0200,127.06,EUR/MWh,DK1,DK_1,imbalance_price,Long,2026-08-23T05:51:55Z
2026-08-23T05:46:44Z,2026-08-23T07:46:44+0200,442f0342-0040-4db4-ac3f-85a7f822bcbf,2026-08-15T19:45:00Z,2026-08-15T21:45:00+0200,127.06,EUR/MWh,DK1,DK_1,imbalance_price,Short,2026-08-23T05:51:55Z
2026-08-23T05:46:44Z,2026-08-23T07:46:44+0200,442f0342-0040-4db4-ac3f-85a7f822bcbf,2026-08-15T20:00:00Z,2026-08-15T22:00:00+0200,125.57,EUR/MWh,DK1,DK_1,imbalance_price,Long,2026-08-23T05:51:55Z
2026-08-23T05:46:44Z,2026-08-23T07:46:44+0200,442f0342-0040-4db4-ac3f-85a7f822bcbf,2026-08-15T20:00:00Z,2026-08-15T22:00:00+0200,125.57,EUR/MWh,DK1,DK_1,imbalance_price,Short,2026-08-23T05:51:55Z
2026-08-23T05:46:44Z,2026-08-23T07:46:44+0200,442f0342-0040-4db4-ac3f-85a7f822bcbf,2026-08-15T20:15:00Z,2026-08-15T22:15:00+0200,123.95,EUR/MWh,DK1,DK_1,imbalance_price,Long,2026-08-23T05:51:55Z
2026-08-23T05:46:44Z,2026-08-23T07:46:44+0200,442f0342-0040-4db4-ac3f-85a7f822bcbf,2026-08-15T20:15:00Z,2026-08-15T22:15:00+0200,123.95,EUR/MWh,DK1,DK_1,imbalance_price,Short,2026-08-23T05:51:55Z
2026-08-23T05:46:44Z,2026-08-23T07:46:44+0200,442f0342-0040-4db4-ac3f-85a7f822bcbf,2026-08-15T20:30:00Z,2026-08-15T22:30:00+0200,109.12,EUR/MWh,DK1,DK_1,imbalance_price,Long,2026-08-23T05:51:55Z
2026-08-23T05:46:44Z,2026-08-23T07:46:44+0200,442f0342-0040-4db4-ac3f-85a7f822bcbf,2026-08-15T20:30:00Z,2026-08-15T22:30:00+0200,109.12,EUR/MWh,DK1,DK_1,imbalance_price,Short,2026-08-23T05:51:55Z
2026-08-23T05:46:44Z,2026-08-23T07:46:44+0200,442f0342-0040-4db4-ac3f-85a7f822bcbf,2026-08-15T20:45:00Z,2026-08-15T22:45:00+0200,61.46,EUR/MWh,DK1,DK_1,imbalance_price,Long,2026-08-23T05:51:55Z
2026-08-23T05:46:44Z,2026-08-23T07:46:44+0200,442f0342-0040-4db4-ac3f-85a7f822bcbf,2026-08-15T20:45:00Z,2026-08-15T22:45:00+0200,61.46,EUR/MWh,DK1,DK_1,imbalance_price,Short,2026-08-23T05:51:55Z
2026-08-23T05:46:44Z,2026-08-23T07:46:44+0200,442f0342-0040-4db4-ac3f-85a7f822bcbf,2026-08-15T21:00:00Z,2026-08-15T23:00:00+0200,120.88,EUR/MWh,DK1,DK_1,imbalance_price,Long,2026-08-23T05:51:55Z
2026-08-23T05:46:44Z,2026-08-23T07:46:44+0200,442f0342-0040-4db4-ac3f-85a7f822bcbf,2026-08-15T21:00:00Z,2026-08-15T23:00:00+0200,120.88,EUR/MWh,DK1,DK_1,imbalance_price,Short,2026-08-23T05:51:55Z
2026-08-23T05:46:44Z,2026-08-23T07:46:44+0200,442f0342-0040-4db4-ac3f-85a7f822bcbf,2026-08-15T21:15:00Z,2026-08-15T23:15:00+0200,120.0,EUR/MWh,DK1,DK_1,imbalance_price,Long,2026-08-23T05:51:55Z
2026-08-23T05:46:44Z,2026-08-23T07:46:44+0200,442f0342-0040-4db4-ac3f-85a7f822bcbf,2026-08-15T21:15:00Z,2026-08-15T23:15:00+0200,120.0,EUR/MWh,DK1,DK_1,imbalance_price,Short,2026-08-23T05:51:55Z
2026-08-23T05:46:44Z,2026-08-23T07:46:44+0200,442f0342-0040-4db4-ac3f-85a7f822bcbf,2026-08-15T21:30:00Z,2026-08-15T23:30:00+0200,101.97,EUR/MWh,DK1,DK_1,imbalance_price,Long,2026-08-23T05:51:55Z
2026-08-23T05:46:44Z,2026-08-23T07:46:44+0200,442f0342-0040-4db4-ac3f-85a7f822bcbf,2026-08-15T21:30:00Z,2026-08-15T23:30:00+0200,101.97,EUR/MWh,DK1,DK_1,imbalance_price,Short,2026-08-23T05:51:55Z
2026-08-23T05:46:44Z,2026-08-23T07:46:44+0200,442f0342-0040-4db4-ac3f-85a7f822bcbf,2026-08-15T21:45:00Z,2026-08-15T23:45:00+0200,119.68,EUR/MWh,DK1,DK_1,imbalance_price,Long,2026-08-23T05:51:55Z
2026-08-23T05:46:44Z,2026-08-23T07:46:44+0200,442f0342-0040-4db4-ac3f-85a7f822bcbf,2026-08-15T21:45:00Z,2026-08-15T23:45:00+0200,119.68,EUR/MWh,DK1,DK_1,imbalance_price,Short,2026-08-23T05:51:55Z
2026-08-23T05:46:44Z,2026-08-23T07:46:44+0200,442f0342-0040-4db4-ac3f-85a7f822bcbf,2026-08-15T22:00:00Z,2026-08-16T00:00:00+0200,142.49,EUR/MWh,DK1,DK_1,imbalance_price,Long,2026-08-23T05:51:55Z
2026-08-23T05:46:44Z,2026-08-23T07:46:44+0200,442f0342-0040-4db4-ac3f-85a7f822bcbf,2026-08-15T22:00:00Z,2026-08-16T00:00:00+0200,142.49,EUR/MWh,DK1,DK_1,imbalance_price,Short,2026-08-23T05:51:55Z
2026-08-23T05:46:44Z,2026-08-23T07:46:44+0200,442f0342-0040-4db4-ac3f-85a7f822bcbf,2026-08-15T22:15:00Z,2026-08-16T00:15:00+0200,140.55,EUR/MWh,DK1,DK_1,imbalance_price,Long,2026-08-23T05:51:55Z
2026-08-23T05:46:44Z,2026-08-23T07:46:44+0200,442f0342-0040-4db4-ac3f-85a7f822bcbf,2026-08-15T22:15:00Z,2026-08-16T00:15:00+0200,140.55,EUR/MWh,DK1,DK_1,imbalance_price,Short,2026-08-23T05:51:55Z
2026-08-23T05:46:44Z,2026-08-23T07:46:44+0200,442f0342-0040-4db4-ac3f-85a7f822bcbf,2026-08-15T22:30:00Z,2026-08-16T00:30:00+0200,111.77,EUR/MWh,DK1,DK_1,imbalance_price,Long,2026-08-23T05:51:55Z
2026-08-23T05:46:44Z,2026-08-23T07:46:44+0200,442f0342-0040-4db4-ac3f-85a7f822bcbf,2026-08-15T22:30:00Z,2026-08-16T00:30:00+0200,111.77,EUR/MWh,DK1,DK_1,imbalance_price,Short,2026-08-23T05:51:55Z
2026-08-23T05:46:44Z,2026-08-23T07:46:44+0200,442f0342-0040-4db4-ac3f-85a7f822bcbf,2026-08-15T22:45:00Z,2026-08-16T00:45:00+0200,112.57,EUR/MWh,DK1,DK_1,imbalance_price,Long,2026-08-23T05:51:55Z
2026-08-23T05:46:44Z,2026-08-23T07:46:44+0200,442f0342-0040-4db4-ac3f-85a7f822bcbf,2026-08-15T22:45:00Z,2026-08-16T00:45:00+0200,112.57,EUR/MWh,DK1,DK_1,imbalance_price,Short,2026-08-23T05:51:55Z
2026-08-23T05:46:44Z,2026-08-23T07:46:44+0200,442f0342-0040-4db4-ac3f-85a7f822bcbf,2026-08-15T23:00:00Z,2026-08-16T01:00:00+0200,120.31,EUR/MWh,DK1,DK_1,imbalance_price,Long,2026-08-23T05:51:55Z
2026-08-23T05:46:44Z,2026-08-23T07:46:44+0200,442f0342-0040-4db4-ac3f-85a7f822bcbf,2026-08-15T23:00:00Z,2026-08-16T01:00:00+0200,120.31,EUR/MWh,DK1,DK_1,imbalance_price,Short,2026-08-23T05:51:55Z
2026-08-23T05:46:44Z,2026-08-23T07:46:44+0200,442f0342-0040-4db4-ac3f-85a7f822bcbf,2026-08-15T23:15:00Z,2026-08-16T01:15:00+0200,129.65,EUR/MWh,DK1,DK_1,imbalance_price,Long,2026-08-23T05:51:55Z
2026-08-23T05:46:44Z,2026-08-23T07:46:44+0200,442f0342-0040-4db4-ac3f-85a7f822bcbf,2026-08-15T23:15:00Z,2026-08-16T01:15:00+0200,129.65,EUR/MWh,DK1,DK_1,imbalance_price,Short,2026-08-23T05:51:55Z
2026-08-23T05:46:44Z,2026-08-23T07:46:44+0200,442f0342-0040-4db4-ac3f-85a7f822bcbf,2026-08-15T23:30:00Z,2026-08-16T01:30:00+0200,138.0,EUR/MWh,DK1,DK_1,imbalance_price,Long,2026-08-23T05:51:55Z
2026-08-23T05:46:44Z,2026-08-23T07:46:44+0200,442f0342-0040-4db4-ac3f-85a7f822bcbf,2026-08-15T23:30:00Z,2026-08-16T01:30:00+0200,138.0,EUR/MWh,DK1,DK_1,imbalance_price,Short,2026-08-23T05:51:55Z
2026-08-23T05:46:44Z,2026-08-23T07:46:44+0200,442f0342-0040-4db4-ac3f-85a7f822bcbf,2026-08-15T23:45:00Z,2026-08-16T01:45:00+0200,136.0,EUR/MWh,DK1,DK_1,imbalance_price,Long,2026-08-23T05:51:55Z
2026-08-23T05:46:44Z,2026-08-23T07:46:44+0200,442f0342-0040-4db4-ac3f-85a7f822bcbf,2026-08-15T23:45:00Z,2026-08-16T01:45:00+0200,136.0,EUR/MWh,DK1,DK_1,imbalance_price,Short,2026-08-23T05:51:55Z
2026-08-23T05:46:44Z,2026-08-23T07:46:44+0200,442f0342-0040-4db4-ac3f-85a7f822bcbf,2026-08-16T00:00:00Z,2026-08-16T02:00:00+0200,140.77,EUR/MWh,DK1,DK_1,imbalance_price,Long,2026-08-23T05:51:55Z
2026-08-23T05:46:44Z,2026-08-23T07:46:44+0200,442f0342-0040-4db4-ac3f-85a7f822bcbf,2026-08-16T00:00:00Z,2026-08-16T02:00:00+0200,140.77,EUR/MWh,DK1,DK_1,imbalance_price,Short,2026-08-23T05:51:55Z
2026-08-23T05:46:44Z,2026-08-23T07:46:44+0200,442f0342-0040-4db4-ac3f-85a7f822bcbf,2026-08-16T00:15:00Z,2026-08-16T02:15:00+0200,101.36,EUR/MWh,DK1,DK_1,imbalance_price,Long,2026-08-23T05:51:55Z
2026-08-23T05:46:44Z,2026-08-23T07:46:44+0200,442f0342-0040-4db4-ac3f-85a7f822bcbf,2026-08-16T00:15:00Z,2026-08-16T02:15:00+0200,101.36,EUR/MWh,DK1,DK_1,imbalance_price,Short,2026-08-23T05:51:55Z
2026-08-23T05:46:44Z,2026-08-23T07:46:44+0200,442f0342-0040-4db4-ac3f-85a7f822bcbf,2026-08-16T00:30:00Z,2026-08-16T02:30:00+0200,167.97,EUR/MWh,DK1,DK_1,imbalance_price,Long,2026-08-23T05:51:55Z
2026-08-23T05:46:44Z,2026-08-23T07:46:44+0200,442f0342-0040-4db4-ac3f-85a7f822bcbf,2026-08-16T00:30:00Z,2026-08-16T02:30:00+0200,167.97,EUR/MWh,DK1,DK_1,imbalance_price,Short,2026-08-23T05:51:55Z
2026-08-23T05:46:44Z,2026-08-23T07:46:44+0200,442f0342-0040-4db4-ac3f-85a7f822bcbf,2026-08-16T00:45:00Z,2026-08-16T02:45:00+0200,157.92,EUR/MWh,DK1,DK_1,imbalance_price,Long,2026-08-23T05:51:55Z
2026-08-23T05:46:44Z,2026-08-23T07:46:44+0200,442f0342-0040-4db4-ac3f-85a7f822bcbf,2026-08-16T00:45:00Z,2026-08-16T02:45:00+0200,157.92,EUR/MWh,DK1,DK_1,imbalance_price,Short,2026-08-23T05:51:55Z
2026-08-23T05:46:44Z,2026-08-23T07:46:44+0200,442f0342-0040-4db4-ac3f-85a7f822bcbf,2026-08-16T01:00:00Z,2026-08-16T03:00:00+0200,119.72,EUR/MWh,DK1,DK_1,imbalance_price,Long,2026-08-23T05:51:55Z
2026-08-23T05:46:44Z,2026-08-23T07:46:44+0200,442f0342-0040-4db4-ac3f-85a7f822bcbf,2026-08-16T01:00:00Z,2026-08-16T03:00:00+0200,119.72,EUR/MWh,DK1,DK_1,imbalance_price,Short,2026-08-23T05:51:55Z
2026-08-23T05:46:44Z,2026-08-23T07:46:44+0200,442f0342-0040-4db4-ac3f-85a7f822bcbf,2026-08-16T01:15:00Z,2026-08-16T03:15:00+0200,157.45,EUR/MWh,DK1,DK_1,imbalance_price,Long,2026-08-23T05:51:55Z
2026-08-23T05:46:44Z,2026-08-23T07:46:44+0200,442f0342-0040-4db4-ac3f-85a7f822bcbf,2026-08-16T01:15:00Z,2026-08-16T03:15:00+0200,157.45,EUR/MWh,DK1,DK_1,imbalance_price,Short,2026-08-23T05:51:55Z
2026-08-23T05:46:44Z,2026-08-23T07:46:44+0200,442f0342-0040-4db4-ac3f-85a7f822bcbf,2026-08-16T01:30:00Z,2026-08-16T03:30:00+0200,197.27,EUR/MWh,DK1,DK_1,imbalance_price,Long,2026-08-23T05:51:55Z
2026-08-23T05:46:44Z,2026-08-23T07:46:44+0200,442f0342-0040-4db4-ac3f-85a7f822bcbf,2026-08-16T01:30:00Z,2026-08-16T03:30:00+0200,197.27,EUR/MWh,DK1,DK_1,imbalance_price,Short,2026-08-23T05:51:55Z
2026-08-23T05:46:44Z,2026-08-23T07:46:44+0200,442f0342-0040-4db4-ac3f-85a7f822bcbf,2026-08-16T01:45:00Z,2026-08-16T03:45:00+0200,155.5,EUR/MWh,DK1,DK_1,imbalance_price,Long,2026-08-23T05:51:55Z
2026-08-23T05:46:44Z,2026-08-23T07:46:44+0200,442f0342-0040-4db4-ac3f-85a7f822bcbf,2026-08-16T01:45:00Z,2026-08-16T03:45:00+0200,155.5,EUR/MWh,DK1,DK_1,imbalance_price,Short,2026-08-23T05:51:55Z
2026-08-23T05:46:44Z,2026-08-23T07:46:44+0200,442f0342-0040-4db4-ac3f-85a7f822bcbf,2026-08-16T02:00:00Z,2026-08-16T04:00:00+0200,129.62,EUR/MWh,DK1,DK_1,imbalance_price,Long,2026-08-23T05:51:55Z
2026-08-23T05:46:44Z,2026-08-23T07:46:44+0200,442f0342-0040-4db4-ac3f-85a7f822bcbf,2026-08-16T02:00:00Z,2026-08-16T04:00:00+0200,129.62,EUR/MWh,DK1,DK_1,imbalance_price,Short,2026-08-23T05:51:55Z
2026-08-23T05:46:44Z,2026-08-23T07:46:44+0200,442f0342-0040-4db4-ac3f-85a7f822bcbf,2026-08-16T02:15:00Z,2026-08-16T04:15:00+0200,110.86,EUR/MWh,DK1,DK_1,imbalance_price,Long,2026-08-23T05:51:55Z
2026-08-23T05:46:44Z,2026-08-23T07:46:44+0200,442f0342-0040-4db4-ac3f-85a7f822bcbf,2026-08-16T02:15:00Z,2026-08-16T04:15:00+0200,110.86,EUR/MWh,DK1,DK_1,imbalance_price,Short,2026-08-23T05:51:55Z
2026-08-23T05:46:44Z,2026-08-23T07:46:44+0200,442f0342-0040-4db4-ac3f-85a7f822bcbf,2026-08-16T02:30:00Z,2026-08-16T04:30:00+0200,127.85,EUR/MWh,DK1,DK_1,imbalance_price,Long,2026-08-23T05:51:55Z
2026-08-23T05:46:44Z,2026-08-23T07:46:44+0200,442f0342-0040-4db4-ac3f-85a7f822bcbf,2026-08-16T02:30:00Z,2026-08-16T04:30:00+0200,127.85,EUR/MWh,DK1,DK_1,imbalance_price,Short,2026-08-23T05:51:55Z
2026-08-23T05:46:44Z,2026-08-23T07:46:44+0200,442f0342-0040-4db4-ac3f-85a7f822bcbf,2026-08-16T02:45:00Z,2026-08-16T04:45:00+0200,90.64,EUR/MWh,DK1,DK_1,imbalance_price,Long,2026-08-23T05:51:55Z
2026-08-23T05:46:44Z,2026-08-23T07:46:44+0200,442f0342-0040-4db4-ac3f-85a7f822bcbf,2026-08-16T02:45:00Z,2026-08-16T04:45:00+0200,90.64,EUR/MWh,DK1,DK_1,imbalance_price,Short,2026-08-23T05:51:55Z
2026-08-23T05:46:44Z,2026-08-23T07:46:44+0200,442f0342-0040-4db4-ac3f-85a7f822bcbf,2026-08-16T03:00:00Z,2026-08-16T05:00:00+0200,134.9,EUR/MWh,DK1,DK_1,imbalance_price,Long,2026-08-23T05:51:55Z
2026-08-23T05:46:44Z,2026-08-23T07:46:44+0200,442f0342-0040-4db4-ac3f-85a7f822bcbf,2026-08-16T03:00:00Z,2026-08-16T05:00:00+0200,134.9,EUR/MWh,DK1,DK_1,imbalance_price,Short,2026-08-23T05:51:55Z
2026-08-23T05:46:44Z,2026-08-23T07:46:44+0200,442f0342-0040-4db4-ac3f-85a7f822bcbf,2026-08-16T03:15:00Z,2026-08-16T05:15:00+0200,119.56,EUR/MWh,DK1,DK_1,imbalance_price,Long,2026-08-23T05:51:55Z
2026-08-23T05:46:44Z,2026-08-23T07:46:44+0200,442f0342-0040-4db4-ac3f-85a7f822bcbf,2026-08-16T03:15:00Z,2026-08-16T05:15:00+0200,119.56,EUR/MWh,DK1,DK_1,imbalance_price,Short,2026-08-23T05:51:55Z
2026-08-23T05:46:44Z,2026-08-23T07:46:44+0200,442f0342-0040-4db4-ac3f-85a7f822bcbf,2026-08-16T03:30:00Z,2026-08-16T05:30:00+0200,334.47,EUR/MWh,DK1,DK_1,imbalance_price,Long,2026-08-23T05:51:55Z
2026-08-23T05:46:44Z,2026-08-23T07:46:44+0200,442f0342-0040-4db4-ac3f-85a7f822bcbf,2026-08-16T03:30:00Z,2026-08-16T05:30:00+0200,334.47,EUR/MWh,DK1,DK_1,imbalance_price,Short,2026-08-23T05:51:55Z
2026-08-23T05:46:44Z,2026-08-23T07:46:44+0200,442f0342-0040-4db4-ac3f-85a7f822bcbf,2026-08-16T03:45:00Z,2026-08-16T05:45:00+0200,401.4,EUR/MWh,DK1,DK_1,imbalance_price,Long,2026-08-23T05:51:55Z
2026-08-23T05:46:44Z,2026-08-23T07:46:44+0200,442f0342-0040-4db4-ac3f-85a7f822bcbf,2026-08-16T03:45:00Z,2026-08-16T05:45:00+0200,401.4,EUR/MWh,DK1,DK_1,imbalance_price,Short,2026-08-23T05:51:55Z
2026-08-23T05:46:44Z,2026-08-23T07:46:44+0200,442f0342-0040-4db4-ac3f-85a7f822bcbf,2026-08-16T04:00:00Z,2026-08-16T06:00:00+0200,307.66,EUR/MWh,DK1,DK_1,imbalance_price,Long,2026-08-23T05:51:55Z
2026-08-23T05:46:44Z,2026-08-23T07:46:44+0200,442f0342-0040-4db4-ac3f-85a7f822bcbf,2026-08-16T04:00:00Z,2026-08-16T06:00:00+0200,307.66,EUR/MWh,DK1,DK_1,imbalance_price,Short,2026-08-23T05:51:55Z
2026-08-23T05:46:44Z,2026-08-23T07:46:44+0200,442f0342-0040-4db4-ac3f-85a7f822bcbf,2026-08-16T04:15:00Z,2026-08-16T06:15:00+0200,334.47,EUR/MWh,DK1,DK_1,imbalance_price,Long,2026-08-23T05:51:55Z
2026-08-23T05:46:44Z,2026-08-23T07:46:44+0200,442f0342-0040-4db4-ac3f-85a7f822bcbf,2026-08-16T04:15:00Z,2026-08-16T06:15:00+0200,334.47,EUR/MWh,DK1,DK_1,imbalance_price,Short,2026-08-23T05:51:55Z
2026-08-23T05:46:44Z,2026-08-23T07:46:44+0200,442f0342-0040-4db4-ac3f-85a7f822bcbf,2026-08-16T04:30:00Z,2026-08-16T06:30:00+0200,307.74,EUR/MWh,DK1,DK_1,imbalance_price,Long,2026-08-23T05:51:55Z
2026-08-23T05:46:44Z,2026-08-23T07:46:44+0200,442f0342-0040-4db4-ac3f-85a7f822bcbf,2026-08-16T04:30:00Z,2026-08-16T06:30:00+0200,307.74,EUR/MWh,DK1,DK_1,imbalance_price,Short,2026-08-23T05:51:55Z
2026-08-23T05:46:44Z,2026-08-23T07:46:44+0200,442f0342-0040-4db4-ac3f-85a7f822bcbf,2026-08-16T04:45:00Z,2026-08-16T06:45:00+0200,151.62,EUR/MWh,DK1,DK_1,imbalance_price,Long,2026-08-23T05:51:55Z
2026-08-23T05:46:44Z,2026-08-23T07:46:44+0200,442f0342-0040-4db4-ac3f-85a7f822bcbf,2026-08-16T04:45:00Z,2026-08-16T06:45:00+0200,151.62,EUR/MWh,DK1,DK_1,imbalance_price,Short,2026-08-23T05:51:55Z
2026-08-23T05:46:44Z,2026-08-23T07:46:44+0200,442f0342-0040-4db4-ac3f-85a7f822bcbf,2026-08-16T05:00:00Z,2026-08-16T07:00:00+0200,56.66,EUR/MWh,DK1,DK_1,imbalance_price,Long,2026-08-23T05:51:55Z
2026-08-23T05:46:44Z,2026-08-23T07:46:44+0200,442f0342-0040-4db4-ac3f-85a7f822bcbf,2026-08-16T05:00:00Z,2026-08-16T07:00:00+0200,56.66,EUR/MWh,DK1,DK_1,imbalance_price,Short,2026-08-23T05:51:55Z
2026-08-23T05:46:44Z,2026-08-23T07:46:44+0200,442f0342-0040-4db4-ac3f-85a7f822bcbf,2026-08-16T05:15:00Z,2026-08-16T07:15:00+0200,84.59,EUR/MWh,DK1,DK_1,imbalance_price,Long,2026-08-23T05:51:55Z
2026-08-23T05:46:44Z,2026-08-23T07:46:44+0200,442f0342-0040-4db4-ac3f-85a7f822bcbf,2026-08-16T05:15:00Z,2026-08-16T07:15:00+0200,84.59,EUR/MWh,DK1,DK_1,imbalance_price,Short,2026-08-23T05:51:55Z
2026-08-23T05:46:44Z,2026-08-23T07:46:44+0200,442f0342-0040-4db4-ac3f-85a7f822bcbf,2026-08-16T05:30:00Z,2026-08-16T07:30:00+0200,73.9,EUR/MWh,DK1,DK_1,imbalance_price,Long,2026-08-23T05:51:55Z
2026-08-23T05:46:44Z,2026-08-23T07:46:44+0200,442f0342-0040-4db4-ac3f-85a7f822bcbf,2026-08-16T05:30:00Z,2026-08-16T07:30:00+0200,73.9,EUR/MWh,DK1,DK_1,imbalance_price,Short,2026-08-23T05:51:55Z
2026-08-23T05:46:44Z,2026-08-23T07:46:44+0200,442f0342-0040-4db4-ac3f-85a7f822bcbf,2026-08-16T05:45:00Z,2026-08-16T07:45:00+0200,176.77,EUR/MWh,DK1,DK_1,imbalance_price,Long,2026-08-23T05:51:55Z
2026-08-23T05:46:44Z,2026-08-23T07:46:44+0200,442f0342-0040-4db4-ac3f-85a7f822bcbf,2026-08-16T05:45:00Z,2026-08-16T07:45:00+0200,176.77,EUR/MWh,DK1,DK_1,imbalance_price,Short,2026-08-23T05:51:55Z
2026-08-23T05:46:44Z,2026-08-23T07:46:44+0200,442f0342-0040-4db4-ac3f-85a7f822bcbf,2026-08-16T06:00:00Z,2026-08-16T08:00:00+0200,211.68,EUR/MWh,DK1,DK_1,imbalance_price,Long,2026-08-23T05:51:55Z
2026-08-23T05:46:44Z,2026-08-23T07:46:44+0200,442f0342-0040-4db4-ac3f-85a7f822bcbf,2026-08-16T06:00:00Z,2026-08-16T08:00:00+0200,211.68,EUR/MWh,DK1,DK_1,imbalance_price,Short,2026-08-23T05:51:55Z
2026-08-23T05:46:44Z,2026-08-23T07:46:44+0200,442f0342-0040-4db4-ac3f-85a7f822bcbf,2026-08-16T06:15:00Z,2026-08-16T08:15:00+0200,502.1,EUR/MWh,DK1,DK_1,imbalance_price,Long,2026-08-23T05:51:55Z
2026-08-23T05:46:44Z,2026-08-23T07:46:44+0200,442f0342-0040-4db4-ac3f-85a7f822bcbf,2026-08-16T06:15:00Z,2026-08-16T08:15:00+0200,502.1,EUR/MWh,DK1,DK_1,imbalance_price,Short,2026-08-23T05:51:55Z
2026-08-23T05:46:44Z,2026-08-23T07:46:44+0200,442f0342-0040-4db4-ac3f-85a7f822bcbf,2026-08-16T06:30:00Z,2026-08-16T08:30:00+0200,140.41,EUR/MWh,DK1,DK_1,imbalance_price,Long,2026-08-23T05:51:55Z
2026-08-23T05:46:44Z,2026-08-23T07:46:44+0200,442f0342-0040-4db4-ac3f-85a7f822bcbf,2026-08-16T06:30:00Z,2026-08-16T08:30:00+0200,140.41,EUR/MWh,DK1,DK_1,imbalance_price,Short,2026-08-23T05:51:55Z
2026-08-23T05:46:44Z,2026-08-23T07:46:44+0200,442f0342-0040-4db4-ac3f-85a7f822bcbf,2026-08-16T06:45:00Z,2026-08-16T08:45:00+0200,-3.39,EUR/MWh,DK1,DK_1,imbalance_price,Long,2026-08-23T05:51:55Z
2026-08-23T05:46:44Z,2026-08-23T07:46:44+0200,442f0342-0040-4db4-ac3f-85a7f822bcbf,2026-08-16T06:45:00Z,2026-08-16T08:45:00+0200,-3.39,EUR/MWh,DK1,DK_1,imbalance_price,Short,2026-08-23T05:51:55Z
2026-08-23T05:46:44Z,2026-08-23T07:46:44+0200,442f0342-0040-4db4-ac3f-85a7f822bcbf,2026-08-16T07:00:00Z,2026-08-16T09:00:00+0200,17.21,EUR/MWh,DK1,DK_1,imbalance_price,Long,2026-08-23T05:51:55Z
2026-08-23T05:46:44Z,2026-08-23T07:46:44+0200,442f0342-0040-4db4-ac3f-85a7f822bcbf,2026-08-16T07:00:00Z,2026-08-16T09:00:00+0200,17.21,EUR/MWh,DK1,DK_1,imbalance_price,Short,2026-08-23T05:51:55Z
2026-08-23T05:46:44Z,2026-08-23T07:46:44+0200,442f0342-0040-4db4-ac3f-85a7f822bcbf,2026-08-16T07:15:00Z,2026-08-16T09:15:00+0200,53.62,EUR/MWh,DK1,DK_1,imbalance_price,Long,2026-08-23T05:51:55Z
2026-08-23T05:46:44Z,2026-08-23T07:46:44+0200,442f0342-0040-4db4-ac3f-85a7f822bcbf,2026-08-16T07:15:00Z,2026-08-16T09:15:00+0200,53.62,EUR/MWh,DK1,DK_1,imbalance_price,Short,2026-08-23T05:51:55Z
2026-08-23T05:46:44Z,2026-08-23T07:46:44+0200,442f0342-0040-4db4-ac3f-85a7f822bcbf,2026-08-16T07:30:00Z,2026-08-16T09:30:00+0200,114.97,EUR/MWh,DK1,DK_1,imbalance_price,Long,2026-08-23T05:51:55Z
2026-08-23T05:46:44Z,2026-08-23T07:46:44+0200,442f0342-0040-4db4-ac3f-85a7f822bcbf,2026-08-16T07:30:00Z,2026-08-16T09:30:00+0200,114.97,EUR/MWh,DK1,DK_1,imbalance_price,Short,2026-08-23T05:51:55Z
2026-08-23T05:46:44Z,2026-08-23T07:46:44+0200,442f0342-0040-4db4-ac3f-85a7f822bcbf,2026-08-16T07:45:00Z,2026-08-16T09:45:00+0200,108.8,EUR/MWh,DK1,DK_1,imbalance_price,Long,2026-08-23T05:51:55Z
2026-08-23T05:46:44Z,2026-08-23T07:46:44+0200,442f0342-0040-4db4-ac3f-85a7f822bcbf,2026-08-16T07:45:00Z,2026-08-16T09:45:00+0200,108.8,EUR/MWh,DK1,DK_1,imbalance_price,Short,2026-08-23T05:51:55Z
2026-08-23T05:46:44Z,2026-08-23T07:46:44+0200,442f0342-0040-4db4-ac3f-85a7f822bcbf,2026-08-16T08:00:00Z,2026-08-16T10:00:00+0200,3.94,EUR/MWh,DK1,DK_1,imbalance_price,Long,2026-08-23T05:51:55Z
2026-08-23T05:46:44Z,2026-08-23T07:46:44+0200,442f0342-0040-4db4-ac3f-85a7f822bcbf,2026-08-16T08:00:00Z,2026-08-16T10:00:00+0200,3.94,EUR/MWh,DK1,DK_1,imbalance_price,Short,2026-08-23T05:51:55Z
2026-08-23T05:46:44Z,2026-08-23T07:46:44+0200,442f0342-0040-4db4-ac3f-85a7f822bcbf,2026-08-16T08:15:00Z,2026-08-16T10:15:00+0200,1.63,EUR/MWh,DK1,DK_1,imbalance_price,Long,2026-08-23T05:51:55Z
2026-08-23T05:46:44Z,2026-08-23T07:46:44+0200,442f0342-0040-4db4-ac3f-85a7f822bcbf,2026-08-16T08:15:00Z,2026-08-16T10:15:00+0200,1.63,EUR/MWh,DK1,DK_1,imbalance_price,Short,2026-08-23T05:51:55Z
2026-08-23T05:46:44Z,2026-08-23T07:46:44+0200,442f0342-0040-4db4-ac3f-85a7f822bcbf,2026-08-16T08:30:00Z,2026-08-16T10:30:00+0200,0.87,EUR/MWh,DK1,DK_1,imbalance_price,Long,2026-08-23T05:51:55Z
2026-08-23T05:46:44Z,2026-08-23T07:46:44+0200,442f0342-0040-4db4-ac3f-85a7f822bcbf,2026-08-16T08:30:00Z,2026-08-16T10:30:00+0200,0.87,EUR/MWh,DK1,DK_1,imbalance_price,Short,2026-08-23T05:51:55Z
2026-08-23T05:46:44Z,2026-08-23T07:46:44+0200,442f0342-0040-4db4-ac3f-85a7f822bcbf,2026-08-16T08:45:00Z,2026-08-16T10:45:00+0200,1.51,EUR/MWh,DK1,DK_1,imbalance_price,Long,2026-08-23T05:51:55Z
2026-08-23T05:46:44Z,2026-08-23T07:46:44+0200,442f0342-0040-4db4-ac3f-85a7f822bcbf,2026-08-16T08:45:00Z,2026-08-16T10:45:00+0200,1.51,EUR/MWh,DK1,DK_1,imbalance_price,Short,2026-08-23T05:51:55Z
2026-08-23T05:46:44Z,2026-08-23T07:46:44+0200,442f0342-0040-4db4-ac3f-85a7f822bcbf,2026-08-16T09:00:00Z,2026-08-16T11:00:00+0200,74.9,EUR/MWh,DK1,DK_1,imbalance_price,Long,2026-08-23T05:51:55Z
2026-08-23T05:46:44Z,2026-08-23T07:46:44+0200,442f0342-0040-4db4-ac3f-85a7f822bcbf,2026-08-16T09:00:00Z,2026-08-16T11:00:00+0200,74.9,EUR/MWh,DK1,DK_1,imbalance_price,Short,2026-08-23T05:51:55Z
2026-08-23T05:46:44Z,2026-08-23T07:46:44+0200,442f0342-0040-4db4-ac3f-85a7f822bcbf,2026-08-16T09:15:00Z,2026-08-16T11:15:00+0200,58.79,EUR/MWh,DK1,DK_1,imbalance_price,Long,2026-08-23T05:51:55Z
2026-08-23T05:46:44Z,2026-08-23T07:46:44+0200,442f0342-0040-4db4-ac3f-85a7f822bcbf,2026-08-16T09:15:00Z,2026-08-16T11:15:00+0200,58.79,EUR/MWh,DK1,DK_1,imbalance_price,Short,2026-08-23T05:51:55Z
2026-08-23T05:46:44Z,2026-08-23T07:46:44+0200,442f0342-0040-4db4-ac3f-85a7f822bcbf,2026-08-16T09:30:00Z,2026-08-16T11:30:00+0200,59.32,EUR/MWh,DK1,DK_1,imbalance_price,Long,2026-08-23T05:51:55Z
2026-08-23T05:46:44Z,2026-08-23T07:46:44+0200,442f0342-0040-4db4-ac3f-85a7f822bcbf,2026-08-16T09:30:00Z,2026-08-16T11:30:00+0200,59.32,EUR/MWh,DK1,DK_1,imbalance_price,Short,2026-08-23T05:51:55Z
2026-08-23T05:46:44Z,2026-08-23T07:46:44+0200,442f0342-0040-4db4-ac3f-85a7f822bcbf,2026-08-16T09:45:00Z,2026-08-16T11:45:00+0200,-13.01,EUR/MWh,DK1,DK_1,imbalance_price,Long,2026-08-23T05:51:55Z
2026-08-23T05:46:44Z,2026-08-23T07:46:44+0200,442f0342-0040-4db4-ac3f-85a7f822bcbf,2026-08-16T09:45:00Z,2026-08-16T11:45:00+0200,-13.01,EUR/MWh,DK1,DK_1,imbalance_price,Short,2026-08-23T05:51:55Z
2026-08-23T05:46:44Z,2026-08-23T07:46:44+0200,442f0342-0040-4db4-ac3f-85a7f822bcbf,2026-08-16T10:00:00Z,2026-08-16T12:00:00+0200,-11.08,EUR/MWh,DK1,DK_1,imbalance_price,Long,2026-08-23T05:51:55Z
2026-08-23T05:46:44Z,2026-08-23T07:46:44+0200,442f0342-0040-4db4-ac3f-85a7f822bcbf,2026-08-16T10:00:00Z,2026-08-16T12:00:00+0200,-11.08,EUR/MWh,DK1,DK_1,imbalance_price,Short,2026-08-23T05:51:55Z
2026-08-23T05:46:44Z,2026-08-23T07:46:44+0200,442f0342-0040-4db4-ac3f-85a7f822bcbf,2026-08-16T10:15:00Z,2026-08-16T12:15:00+0200,-17.09,EUR/MWh,DK1,DK_1,imbalance_price,Long,2026-08-23T05:51:55Z
2026-08-23T05:46:44Z,2026-08-23T07:46:44+0200,442f0342-0040-4db4-ac3f-85a7f822bcbf,2026-08-16T10:15:00Z,2026-08-16T12:15:00+0200,-17.09,EUR/MWh,DK1,DK_1,imbalance_price,Short,2026-08-23T05:51:55Z
2026-08-23T05:46:44Z,2026-08-23T07:46:44+0200,442f0342-0040-4db4-ac3f-85a7f822bcbf,2026-08-16T10:30:00Z,2026-08-16T12:30:00+0200,39.99,EUR/MWh,DK1,DK_1,imbalance_price,Long,2026-08-23T05:51:55Z
2026-08-23T05:46:44Z,2026-08-23T07:46:44+0200,442f0342-0040-4db4-ac3f-85a7f822bcbf,2026-08-16T10:30:00Z,2026-08-16T12:30:00+0200,39.99,EUR/MWh,DK1,DK_1,imbalance_price,Short,2026-08-23T05:51:55Z
2026-08-23T05:46:44Z,2026-08-23T07:46:44+0200,442f0342-0040-4db4-ac3f-85a7f822bcbf,2026-08-16T10:45:00Z,2026-08-16T12:45:00+0200,22.89,EUR/MWh,DK1,DK_1,imbalance_price,Long,2026-08-23T05:51:55Z
2026-08-23T05:46:44Z,2026-08-23T07:46:44+0200,442f0342-0040-4db4-ac3f-85a7f822bcbf,2026-08-16T10:45:00Z,2026-08-16T12:45:00+0200,22.89,EUR/MWh,DK1,DK_1,imbalance_price,Short,2026-08-23T05:51:55Z
2026-08-23T05:46:44Z,2026-08-23T07:46:44+0200,442f0342-0040-4db4-ac3f-85a7f822bcbf,2026-08-16T11:00:00Z,2026-08-16T13:00:00+0200,56.41,EUR/MWh,DK1,DK_1,imbalance_price,Long,2026-08-23T05:51:55Z
2026-08-23T05:46:44Z,2026-08-23T07:46:44+0200,442f0342-0040-4db4-ac3f-85a7f822bcbf,2026-08-16T11:00:00Z,2026-08-16T13:00:00+0200,56.41,EUR/MWh,DK1,DK_1,imbalance_price,Short,2026-08-23T05:51:55Z
2026-08-23T05:46:44Z,2026-08-23T07:46:44+0200,442f0342-0040-4db4-ac3f-85a7f822bcbf,2026-08-16T11:15:00Z,2026-08-16T13:15:00+0200,23.05,EUR/MWh,DK1,DK_1,imbalance_price,Long,2026-08-23T05:51:55Z
2026-08-23T05:46:44Z,2026-08-23T07:46:44+0200,442f0342-0040-4db4-ac3f-85a7f822bcbf,2026-08-16T11:15:00Z,2026-08-16T13:15:00+0200,23.05,EUR/MWh,DK1,DK_1,imbalance_price,Short,2026-08-23T05:51:55Z
2026-08-23T05:46:44Z,2026-08-23T07:46:44+0200,442f0342-0040-4db4-ac3f-85a7f822bcbf,2026-08-16T11:30:00Z,2026-08-16T13:30:00+0200,-3.95,EUR/MWh,DK1,DK_1,imbalance_price,Long,2026-08-23T05:51:55Z
2026-08-23T05:46:44Z,2026-08-23T07:46:44+0200,442f0342-0040-4db4-ac3f-85a7f822bcbf,2026-08-16T11:30:00Z,2026-08-16T13:30:00+0200,-3.95,EUR/MWh,DK1,DK_1,imbalance_price,Short,2026-08-23T05:51:55Z
2026-08-23T05:46:44Z,2026-08-23T07:46:44+0200,442f0342-0040-4db4-ac3f-85a7f822bcbf,2026-08-16T11:45:00Z,2026-08-16T13:45:00+0200,0.87,EUR/MWh,DK1,DK_1,imbalance_price,Long,2026-08-23T05:51:55Z
2026-08-23T05:46:44Z,2026-08-23T07:46:44+0200,442f0342-0040-4db4-ac3f-85a7f822bcbf,2026-08-16T11:45:00Z,2026-08-16T13:45:00+0200,0.87,EUR/MWh,DK1,DK_1,imbalance_price,Short,2026-08-23T05:51:55Z
2026-08-23T05:46:44Z,2026-08-23T07:46:44+0200,442f0342-0040-4db4-ac3f-85a7f822bcbf,2026-08-16T12:00:00Z,2026-08-16T14:00:00+0200,-22.82,EUR/MWh,DK1,DK_1,imbalance_price,Long,2026-08-23T05:51:55Z
2026-08-23T05:46:44Z,2026-08-23T07:46:44+0200,442f0342-0040-4db4-ac3f-85a7f822bcbf,2026-08-16T12:00:00Z,2026-08-16T14:00:00+0200,-22.82,EUR/MWh,DK1,DK_1,imbalance_price,Short,2026-08-23T05:51:55Z
2026-08-23T05:46:44Z,2026-08-23T07:46:44+0200,442f0342-0040-4db4-ac3f-85a7f822bcbf,2026-08-16T12:15:00Z,2026-08-16T14:15:00+0200,-12.15,EUR/MWh,DK1,DK_1,imbalance_price,Long,2026-08-23T05:51:55Z
2026-08-23T05:46:44Z,2026-08-23T07:46:44+0200,442f0342-0040-4db4-ac3f-85a7f822bcbf,2026-08-16T12:15:00Z,2026-08-16T14:15:00+0200,-12.15,EUR/MWh,DK1,DK_1,imbalance_price,Short,2026-08-23T05:51:55Z
2026-08-23T05:46:44Z,2026-08-23T07:46:44+0200,442f0342-0040-4db4-ac3f-85a7f822bcbf,2026-08-16T12:30:00Z,2026-08-16T14:30:00+0200,39.9,EUR/MWh,DK1,DK_1,imbalance_price,Long,2026-08-23T05:51:55Z
2026-08-23T05:46:44Z,2026-08-23T07:46:44+0200,442f0342-0040-4db4-ac3f-85a7f822bcbf,2026-08-16T12:30:00Z,2026-08-16T14:30:00+0200,39.9,EUR/MWh,DK1,DK_1,imbalance_price,Short,2026-08-23T05:51:55Z
2026-08-23T05:46:44Z,2026-08-23T07:46:44+0200,442f0342-0040-4db4-ac3f-85a7f822bcbf,2026-08-16T12:45:00Z,2026-08-16T14:45:00+0200,2.39,EUR/MWh,DK1,DK_1,imbalance_price,Long,2026-08-23T05:51:55Z
2026-08-23T05:46:44Z,2026-08-23T07:46:44+0200,442f0342-0040-4db4-ac3f-85a7f822bcbf,2026-08-16T12:45:00Z,2026-08-16T14:45:00+0200,2.39,EUR/MWh,DK1,DK_1,imbalance_price,Short,2026-08-23T05:51:55Z
2026-08-23T05:46:44Z,2026-08-23T07:46:44+0200,442f0342-0040-4db4-ac3f-85a7f822bcbf,2026-08-16T13:00:00Z,2026-08-16T15:00:00+0200,-20.25,EUR/MWh,DK1,DK_1,imbalance_price,Long,2026-08-23T05:51:55Z
2026-08-23T05:46:44Z,2026-08-23T07:46:44+0200,442f0342-0040-4db4-ac3f-85a7f822bcbf,2026-08-16T13:00:00Z,2026-08-16T15:00:00+0200,-20.25,EUR/MWh,DK1,DK_1,imbalance_price,Short,2026-08-23T05:51:55Z
2026-08-23T05:46:44Z,2026-08-23T07:46:44+0200,442f0342-0040-4db4-ac3f-85a7f822bcbf,2026-08-16T13:15:00Z,2026-08-16T15:15:00+0200,20.13,EUR/MWh,DK1,DK_1,imbalance_price,Long,2026-08-23T05:51:55Z
2026-08-23T05:46:44Z,2026-08-23T07:46:44+0200,442f0342-0040-4db4-ac3f-85a7f822bcbf,2026-08-16T13:15:00Z,2026-08-16T15:15:00+0200,20.13,EUR/MWh,DK1,DK_1,imbalance_price,Short,2026-08-23T05:51:55Z
2026-08-23T05:46:44Z,2026-08-23T07:46:44+0200,442f0342-0040-4db4-ac3f-85a7f822bcbf,2026-08-16T13:30:00Z,2026-08-16T15:30:00+0200,35.83,EUR/MWh,DK1,DK_1,imbalance_price,Long,2026-08-23T05:51:55Z
2026-08-23T05:46:44Z,2026-08-23T07:46:44+0200,442f0342-0040-4db4-ac3f-85a7f822bcbf,2026-08-16T13:30:00Z,2026-08-16T15:30:00+0200,35.83,EUR/MWh,DK1,DK_1,imbalance_price,Short,2026-08-23T05:51:55Z
2026-08-23T05:46:44Z,2026-08-23T07:46:44+0200,442f0342-0040-4db4-ac3f-85a7f822bcbf,2026-08-16T13:45:00Z,2026-08-16T15:45:00+0200,452.88,EUR/MWh,DK1,DK_1,imbalance_price,Long,2026-08-23T05:51:55Z
2026-08-23T05:46:44Z,2026-08-23T07:46:44+0200,442f0342-0040-4db4-ac3f-85a7f822bcbf,2026-08-16T13:45:00Z,2026-08-16T15:45:00+0200,452.88,EUR/MWh,DK1,DK_1,imbalance_price,Short,2026-08-23T05:51:55Z
2026-08-23T05:46:44Z,2026-08-23T07:46:44+0200,442f0342-0040-4db4-ac3f-85a7f822bcbf,2026-08-16T14:00:00Z,2026-08-16T16:00:00+0200,247.51,EUR/MWh,DK1,DK_1,imbalance_price,Long,2026-08-23T05:51:55Z
2026-08-23T05:46:44Z,2026-08-23T07:46:44+0200,442f0342-0040-4db4-ac3f-85a7f822bcbf,2026-08-16T14:00:00Z,2026-08-16T16:00:00+0200,247.51,EUR/MWh,DK1,DK_1,imbalance_price,Short,2026-08-23T05:51:55Z
2026-08-23T05:46:44Z,2026-08-23T07:46:44+0200,442f0342-0040-4db4-ac3f-85a7f822bcbf,2026-08-16T14:15:00Z,2026-08-16T16:15:00+0200,280.95,EUR/MWh,DK1,DK_1,imbalance_price,Long,2026-08-23T05:51:55Z
2026-08-23T05:46:44Z,2026-08-23T07:46:44+0200,442f0342-0040-4db4-ac3f-85a7f822bcbf,2026-08-16T14:15:00Z,2026-08-16T16:15:00+0200,280.95,EUR/MWh,DK1,DK_1,imbalance_price,Short,2026-08-23T05:51:55Z
2026-08-23T05:46:44Z,2026-08-23T07:46:44+0200,442f0342-0040-4db4-ac3f-85a7f822bcbf,2026-08-16T14:30:00Z,2026-08-16T16:30:00+0200,172.98,EUR/MWh,DK1,DK_1,imbalance_price,Long,2026-08-23T05:51:55Z
2026-08-23T05:46:44Z,2026-08-23T07:46:44+0200,442f0342-0040-4db4-ac3f-85a7f822bcbf,2026-08-16T14:30:00Z,2026-08-16T16:30:00+0200,172.98,EUR/MWh,DK1,DK_1,imbalance_price,Short,2026-08-23T05:51:55Z
2026-08-23T05:46:44Z,2026-08-23T07:46:44+0200,442f0342-0040-4db4-ac3f-85a7f822bcbf,2026-08-16T14:45:00Z,2026-08-16T16:45:00+0200,192.17,EUR/MWh,DK1,DK_1,imbalance_price,Long,2026-08-23T05:51:55Z
2026-08-23T05:46:44Z,2026-08-23T07:46:44+0200,442f0342-0040-4db4-ac3f-85a7f822bcbf,2026-08-16T14:45:00Z,2026-08-16T16:45:00+0200,192.17,EUR/MWh,DK1,DK_1,imbalance_price,Short,2026-08-23T05:51:55Z
2026-08-23T05:46:44Z,2026-08-23T07:46:44+0200,442f0342-0040-4db4-ac3f-85a7f822bcbf,2026-08-16T15:00:00Z,2026-08-16T17:00:00+0200,132.6,EUR/MWh,DK1,DK_1,imbalance_price,Long,2026-08-23T05:51:55Z
2026-08-23T05:46:44Z,2026-08-23T07:46:44+0200,442f0342-0040-4db4-ac3f-85a7f822bcbf,2026-08-16T15:00:00Z,2026-08-16T17:00:00+0200,132.6,EUR/MWh,DK1,DK_1,imbalance_price,Short,2026-08-23T05:51:55Z
2026-08-23T05:46:44Z,2026-08-23T07:46:44+0200,442f0342-0040-4db4-ac3f-85a7f822bcbf,2026-08-16T15:15:00Z,2026-08-16T17:15:00+0200,165.1,EUR/MWh,DK1,DK_1,imbalance_price,Long,2026-08-23T05:51:55Z
2026-08-23T05:46:44Z,2026-08-23T07:46:44+0200,442f0342-0040-4db4-ac3f-85a7f822bcbf,2026-08-16T15:15:00Z,2026-08-16T17:15:00+0200,165.1,EUR/MWh,DK1,DK_1,imbalance_price,Short,2026-08-23T05:51:55Z
2026-08-23T05:46:44Z,2026-08-23T07:46:44+0200,442f0342-0040-4db4-ac3f-85a7f822bcbf,2026-08-16T15:30:00Z,2026-08-16T17:30:00+0200,207.35,EUR/MWh,DK1,DK_1,imbalance_price,Long,2026-08-23T05:51:55Z
2026-08-23T05:46:44Z,2026-08-23T07:46:44+0200,442f0342-0040-4db4-ac3f-85a7f822bcbf,2026-08-16T15:30:00Z,2026-08-16T17:30:00+0200,207.35,EUR/MWh,DK1,DK_1,imbalance_price,Short,2026-08-23T05:51:55Z
2026-08-23T05:46:44Z,2026-08-23T07:46:44+0200,442f0342-0040-4db4-ac3f-85a7f822bcbf,2026-08-16T15:45:00Z,2026-08-16T17:45:00+0200,175.0,EUR/MWh,DK1,DK_1,imbalance_price,Long,2026-08-23T05:51:55Z
2026-08-23T05:46:44Z,2026-08-23T07:46:44+0200,442f0342-0040-4db4-ac3f-85a7f822bcbf,2026-08-16T15:45:00Z,2026-08-16T17:45:00+0200,175.0,EUR/MWh,DK1,DK_1,imbalance_price,Short,2026-08-23T05:51:55Z
2026-08-23T05:46:44Z,2026-08-23T07:46:44+0200,442f0342-0040-4db4-ac3f-85a7f822bcbf,2026-08-16T16:00:00Z,2026-08-16T18:00:00+0200,280.78,EUR/MWh,DK1,DK_1,imbalance_price,Long,2026-08-23T05:51:55Z
2026-08-23T05:46:44Z,2026-08-23T07:46:44+0200,442f0342-0040-4db4-ac3f-85a7f822bcbf,2026-08-16T16:00:00Z,2026-08-16T18:00:00+0200,280.78,EUR/MWh,DK1,DK_1,imbalance_price,Short,2026-08-23T05:51:55Z
2026-08-23T05:46:44Z,2026-08-23T07:46:44+0200,442f0342-0040-4db4-ac3f-85a7f822bcbf,2026-08-16T16:15:00Z,2026-08-16T18:15:00+0200,468.18,EUR/MWh,DK1,DK_1,imbalance_price,Long,2026-08-23T05:51:55Z
2026-08-23T05:46:44Z,2026-08-23T07:46:44+0200,442f0342-0040-4db4-ac3f-85a7f822bcbf,2026-08-16T16:15:00Z,2026-08-16T18:15:00+0200,468.18,EUR/MWh,DK1,DK_1,imbalance_price,Short,2026-08-23T05:51:55Z
2026-08-23T05:46:44Z,2026-08-23T07:46:44+0200,442f0342-0040-4db4-ac3f-85a7f822bcbf,2026-08-16T16:30:00Z,2026-08-16T18:30:00+0200,602.05,EUR/MWh,DK1,DK_1,imbalance_price,Long,2026-08-23T05:51:55Z
2026-08-23T05:46:44Z,2026-08-23T07:46:44+0200,442f0342-0040-4db4-ac3f-85a7f822bcbf,2026-08-16T16:30:00Z,2026-08-16T18:30:00+0200,602.05,EUR/MWh,DK1,DK_1,imbalance_price,Short,2026-08-23T05:51:55Z
2026-08-23T05:46:44Z,2026-08-23T07:46:44+0200,442f0342-0040-4db4-ac3f-85a7f822bcbf,2026-08-16T16:45:00Z,2026-08-16T18:45:00+0200,668.94,EUR/MWh,DK1,DK_1,imbalance_price,Long,2026-08-23T05:51:55Z
2026-08-23T05:46:44Z,2026-08-23T07:46:44+0200,442f0342-0040-4db4-ac3f-85a7f822bcbf,2026-08-16T16:45:00Z,2026-08-16T18:45:00+0200,668.94,EUR/MWh,DK1,DK_1,imbalance_price,Short,2026-08-23T05:51:55Z
2026-08-23T05:46:44Z,2026-08-23T07:46:44+0200,442f0342-0040-4db4-ac3f-85a7f822bcbf,2026-08-16T17:00:00Z,2026-08-16T19:00:00+0200,668.94,EUR/MWh,DK1,DK_1,imbalance_price,Long,2026-08-23T05:51:55Z
2026-08-23T05:46:44Z,2026-08-23T07:46:44+0200,442f0342-0040-4db4-ac3f-85a7f822bcbf,2026-08-16T17:00:00Z,2026-08-16T19:00:00+0200,668.94,EUR/MWh,DK1,DK_1,imbalance_price,Short,2026-08-23T05:51:55Z
2026-08-23T05:46:44Z,2026-08-23T07:46:44+0200,442f0342-0040-4db4-ac3f-85a7f822bcbf,2026-08-16T17:15:00Z,2026-08-16T19:15:00+0200,307.74,EUR/MWh,DK1,DK_1,imbalance_price,Long,2026-08-23T05:51:55Z
2026-08-23T05:46:44Z,2026-08-23T07:46:44+0200,442f0342-0040-4db4-ac3f-85a7f822bcbf,2026-08-16T17:15:00Z,2026-08-16T19:15:00+0200,307.74,EUR/MWh,DK1,DK_1,imbalance_price,Short,2026-08-23T05:51:55Z
2026-08-23T05:46:44Z,2026-08-23T07:46:44+0200,442f0342-0040-4db4-ac3f-85a7f822bcbf,2026-08-16T17:30:00Z,2026-08-16T19:30:00+0200,194.17,EUR/MWh,DK1,DK_1,imbalance_price,Long,2026-08-23T05:51:55Z
2026-08-23T05:46:44Z,2026-08-23T07:46:44+0200,442f0342-0040-4db4-ac3f-85a7f822bcbf,2026-08-16T17:30:00Z,2026-08-16T19:30:00+0200,194.17,EUR/MWh,DK1,DK_1,imbalance_price,Short,2026-08-23T05:51:55Z
2026-08-23T05:46:44Z,2026-08-23T07:46:44+0200,442f0342-0040-4db4-ac3f-85a7f822bcbf,2026-08-16T17:45:00Z,2026-08-16T19:45:00+0200,145.4,EUR/MWh,DK1,DK_1,imbalance_price,Long,2026-08-23T05:51:55Z
2026-08-23T05:46:44Z,2026-08-23T07:46:44+0200,442f0342-0040-4db4-ac3f-85a7f822bcbf,2026-08-16T17:45:00Z,2026-08-16T19:45:00+0200,145.4,EUR/MWh,DK1,DK_1,imbalance_price,Short,2026-08-23T05:51:55Z
2026-08-23T05:46:44Z,2026-08-23T07:46:44+0200,442f0342-0040-4db4-ac3f-85a7f822bcbf,2026-08-16T18:00:00Z,2026-08-16T20:00:00+0200,145.45,EUR/MWh,DK1,DK_1,imbalance_price,Long,2026-08-23T05:51:55Z
2026-08-23T05:46:44Z,2026-08-23T07:46:44+0200,442f0342-0040-4db4-ac3f-85a7f822bcbf,2026-08-16T18:00:00Z,2026-08-16T20:00:00+0200,145.45,EUR/MWh,DK1,DK_1,imbalance_price,Short,2026-08-23T05:51:55Z
2026-08-23T05:46:44Z,2026-08-23T07:46:44+0200,442f0342-0040-4db4-ac3f-85a7f822bcbf,2026-08-16T18:15:00Z,2026-08-16T20:15:00+0200,101.88,EUR/MWh,DK1,DK_1,imbalance_price,Long,2026-08-23T05:51:55Z
2026-08-23T05:46:44Z,2026-08-23T07:46:44+0200,442f0342-0040-4db4-ac3f-85a7f822bcbf,2026-08-16T18:15:00Z,2026-08-16T20:15:00+0200,101.88,EUR/MWh,DK1,DK_1,imbalance_price,Short,2026-08-23T05:51:55Z
2026-08-23T05:46:44Z,2026-08-23T07:46:44+0200,442f0342-0040-4db4-ac3f-85a7f822bcbf,2026-08-16T18:30:00Z,2026-08-16T20:30:00+0200,145.45,EUR/MWh,DK1,DK_1,imbalance_price,Long,2026-08-23T05:51:55Z
2026-08-23T05:46:44Z,2026-08-23T07:46:44+0200,442f0342-0040-4db4-ac3f-85a7f822bcbf,2026-08-16T18:30:00Z,2026-08-16T20:30:00+0200,145.45,EUR/MWh,DK1,DK_1,imbalance_price,Short,2026-08-23T05:51:55Z
2026-08-23T05:46:44Z,2026-08-23T07:46:44+0200,442f0342-0040-4db4-ac3f-85a7f822bcbf,2026-08-16T18:45:00Z,2026-08-16T20:45:00+0200,150.48,EUR/MWh,DK1,DK_1,imbalance_price,Long,2026-08-23T05:51:55Z
2026-08-23T05:46:44Z,2026-08-23T07:46:44+0200,442f0342-0040-4db4-ac3f-85a7f822bcbf,2026-08-16T18:45:00Z,2026-08-16T20:45:00+0200,150.48,EUR/MWh,DK1,DK_1,imbalance_price,Short,2026-08-23T05:51:55Z
2026-08-23T05:46:44Z,2026-08-23T07:46:44+0200,442f0342-0040-4db4-ac3f-85a7f822bcbf,2026-08-16T19:00:00Z,2026-08-16T21:00:00+0200,147.55,EUR/MWh,DK1,DK_1,imbalance_price,Long,2026-08-23T05:51:55Z
2026-08-23T05:46:44Z,2026-08-23T07:46:44+0200,442f0342-0040-4db4-ac3f-85a7f822bcbf,2026-08-16T19:00:00Z,2026-08-16T21:00:00+0200,147.55,EUR/MWh,DK1,DK_1,imbalance_price,Short,2026-08-23T05:51:55Z
2026-08-23T05:46:44Z,2026-08-23T07:46:44+0200,442f0342-0040-4db4-ac3f-85a7f822bcbf,2026-08-16T19:15:00Z,2026-08-16T21:15:00+0200,148.0,EUR/MWh,DK1,DK_1,imbalance_price,Long,2026-08-23T05:51:55Z
2026-08-23T05:46:44Z,2026-08-23T07:46:44+0200,442f0342-0040-4db4-ac3f-85a7f822bcbf,2026-08-16T19:15:00Z,2026-08-16T21:15:00+0200,148.0,EUR/MWh,DK1,DK_1,imbalance_price,Short,2026-08-23T05:51:55Z
2026-08-23T05:46:44Z,2026-08-23T07:46:44+0200,442f0342-0040-4db4-ac3f-85a7f822bcbf,2026-08-16T19:30:00Z,2026-08-16T21:30:00+0200,145.24,EUR/MWh,DK1,DK_1,imbalance_price,Long,2026-08-23T05:51:55Z
2026-08-23T05:46:44Z,2026-08-23T07:46:44+0200,442f0342-0040-4db4-ac3f-85a7f822bcbf,2026-08-16T19:30:00Z,2026-08-16T21:30:00+0200,145.24,EUR/MWh,DK1,DK_1,imbalance_price,Short,2026-08-23T05:51:55Z
2026-08-23T05:46:44Z,2026-08-23T07:46:44+0200,442f0342-0040-4db4-ac3f-85a7f822bcbf,2026-08-16T19:45:00Z,2026-08-16T21:45:00+0200,199.1,EUR/MWh,DK1,DK_1,imbalance_price,Long,2026-08-23T05:51:55Z
2026-08-23T05:46:44Z,2026-08-23T07:46:44+0200,442f0342-0040-4db4-ac3f-85a7f822bcbf,2026-08-16T19:45:00Z,2026-08-16T21:45:00+0200,199.1,EUR/MWh,DK1,DK_1,imbalance_price,Short,2026-08-23T05:51:55Z
2026-08-23T05:46:44Z,2026-08-23T07:46:44+0200,442f0342-0040-4db4-ac3f-85a7f822bcbf,2026-08-16T20:00:00Z,2026-08-16T22:00:00+0200,225.85,EUR/MWh,DK1,DK_1,imbalance_price,Long,2026-08-23T05:51:55Z
2026-08-23T05:46:44Z,2026-08-23T07:46:44+0200,442f0342-0040-4db4-ac3f-85a7f822bcbf,2026-08-16T20:00:00Z,2026-08-16T22:00:00+0200,225.85,EUR/MWh,DK1,DK_1,imbalance_price,Short,2026-08-23T05:51:55Z
2026-08-23T05:46:44Z,2026-08-23T07:46:44+0200,442f0342-0040-4db4-ac3f-85a7f822bcbf,2026-08-16T20:15:00Z,2026-08-16T22:15:00+0200,311.0,EUR/MWh,DK1,DK_1,imbalance_price,Long,2026-08-23T05:51:55Z
2026-08-23T05:46:44Z,2026-08-23T07:46:44+0200,442f0342-0040-4db4-ac3f-85a7f822bcbf,2026-08-16T20:15:00Z,2026-08-16T22:15:00+0200,311.0,EUR/MWh,DK1,DK_1,imbalance_price,Short,2026-08-23T05:51:55Z
2026-08-23T05:46:44Z,2026-08-23T07:46:44+0200,442f0342-0040-4db4-ac3f-85a7f822bcbf,2026-08-16T20:30:00Z,2026-08-16T22:30:00+0200,144.67,EUR/MWh,DK1,DK_1,imbalance_price,Long,2026-08-23T05:51:55Z
2026-08-23T05:46:44Z,2026-08-23T07:46:44+0200,442f0342-0040-4db4-ac3f-85a7f822bcbf,2026-08-16T20:30:00Z,2026-08-16T22:30:00+0200,144.67,EUR/MWh,DK1,DK_1,imbalance_price,Short,2026-08-23T05:51:55Z
2026-08-23T05:46:44Z,2026-08-23T07:46:44+0200,442f0342-0040-4db4-ac3f-85a7f822bcbf,2026-08-16T20:45:00Z,2026-08-16T22:45:00+0200,144.25,EUR/MWh,DK1,DK_1,imbalance_price,Long,2026-08-23T05:51:55Z
2026-08-23T05:46:44Z,2026-08-23T07:46:44+0200,442f0342-0040-4db4-ac3f-85a7f822bcbf,2026-08-16T20:45:00Z,2026-08-16T22:45:00+0200,144.25,EUR/MWh,DK1,DK_1,imbalance_price,Short,2026-08-23T05:51:55Z
2026-08-23T05:46:44Z,2026-08-23T07:46:44+0200,442f0342-0040-4db4-ac3f-85a7f822bcbf,2026-08-16T21:00:00Z,2026-08-16T23:00:00+0200,144.74,EUR/MWh,DK1,DK_1,imbalance_price,Long,2026-08-23T05:51:55Z
2026-08-23T05:46:44Z,2026-08-23T07:46:44+0200,442f0342-0040-4db4-ac3f-85a7f822bcbf,2026-08-16T21:00:00Z,2026-08-16T23:00:00+0200,144.74,EUR/MWh,DK1,DK_1,imbalance_price,Short,2026-08-23T05:51:55Z
2026-08-23T05:46:44Z,2026-08-23T07:46:44+0200,442f0342-0040-4db4-ac3f-85a7f822bcbf,2026-08-16T21:15:00Z,2026-08-16T23:15:00+0200,144.72,EUR/MWh,DK1,DK_1,imbalance_price,Long,2026-08-23T05:51:55Z
2026-08-23T05:46:44Z,2026-08-23T07:46:44+0200,442f0342-0040-4db4-ac3f-85a7f822bcbf,2026-08-16T21:15:00Z,2026-08-16T23:15:00+0200,144.72,EUR/MWh,DK1,DK_1,imbalance_price,Short,2026-08-23T05:51:55Z
2026-08-23T05:46:44Z,2026-08-23T07:46:44+0200,442f0342-0040-4db4-ac3f-85a7f822bcbf,2026-08-16T21:30:00Z,2026-08-16T23:30:00+0200,148.0,EUR/MWh,DK1,DK_1,imbalance_price,Long,2026-08-23T05:51:55Z
2026-08-23T05:46:44Z,2026-08-23T07:46:44+0200,442f0342-0040-4db4-ac3f-85a7f822bcbf,2026-08-16T21:30:00Z,2026-08-16T23:30:00+0200,148.0,EUR/MWh,DK1,DK_1,imbalance_price,Short,2026-08-23T05:51:55Z
2026-08-23T05:46:44Z,2026-08-23T07:46:44+0200,442f0342-0040-4db4-ac3f-85a7f822bcbf,2026-08-16T21:45:00Z,2026-08-16T23:45:00+0200,184.77,EUR/MWh,DK1,DK_1,imbalance_price,Long,2026-08-23T05:51:55Z
2026-08-23T05:46:44Z,2026-08-23T07:46:44+0200,442f0342-0040-4db4-ac3f-85a7f822bcbf,2026-08-16T21:45:00Z,2026-08-16T23:45:00+0200,184.77,EUR/MWh,DK1,DK_1,imbalance_price,Short,2026-08-23T05:51:55Z
2026-08-23T05:46:44Z,2026-08-23T07:46:44+0200,442f0342-0040-4db4-ac3f-85a7f822bcbf,2026-08-16T22:00:00Z,2026-08-17T00:00:00+0200,133.16,EUR/MWh,DK1,DK_1,imbalance_price,Long,2026-08-23T05:51:55Z
2026-08-23T05:46:44Z,2026-08-23T07:46:44+0200,442f0342-0040-4db4-ac3f-85a7f822bcbf,2026-08-16T22:00:00Z,2026-08-17T00:00:00+0200,133.16,EUR/MWh,DK1,DK_1,imbalance_price,Short,2026-08-23T05:51:55Z
2026-08-23T05:46:44Z,2026-08-23T07:46:44+0200,442f0342-0040-4db4-ac3f-85a7f822bcbf,2026-08-16T22:15:00Z,2026-08-17T00:15:00+0200,129.3,EUR/MWh,DK1,DK_1,imbalance_price,Long,2026-08-23T05:51:55Z
2026-08-23T05:46:44Z,2026-08-23T07:46:44+0200,442f0342-0040-4db4-ac3f-85a7f822bcbf,2026-08-16T22:15:00Z,2026-08-17T00:15:00+0200,129.3,EUR/MWh,DK1,DK_1,imbalance_price,Short,2026-08-23T05:51:55Z
2026-08-23T05:46:44Z,2026-08-23T07:46:44+0200,442f0342-0040-4db4-ac3f-85a7f822bcbf,2026-08-16T22:30:00Z,2026-08-17T00:30:00+0200,132.93,EUR/MWh,DK1,DK_1,imbalance_price,Long,2026-08-23T05:51:55Z
2026-08-23T05:46:44Z,2026-08-23T07:46:44+0200,442f0342-0040-4db4-ac3f-85a7f822bcbf,2026-08-16T22:30:00Z,2026-08-17T00:30:00+0200,132.93,EUR/MWh,DK1,DK_1,imbalance_price,Short,2026-08-23T05:51:55Z
2026-08-23T05:46:44Z,2026-08-23T07:46:44+0200,442f0342-0040-4db4-ac3f-85a7f822bcbf,2026-08-16T22:45:00Z,2026-08-17T00:45:00+0200,132.63,EUR/MWh,DK1,DK_1,imbalance_price,Long,2026-08-23T05:51:55Z
2026-08-23T05:46:44Z,2026-08-23T07:46:44+0200,442f0342-0040-4db4-ac3f-85a7f822bcbf,2026-08-16T22:45:00Z,2026-08-17T00:45:00+0200,132.63,EUR/MWh,DK1,DK_1,imbalance_price,Short,2026-08-23T05:51:55Z
2026-08-23T05:46:44Z,2026-08-23T07:46:44+0200,442f0342-0040-4db4-ac3f-85a7f822bcbf,2026-08-16T23:00:00Z,2026-08-17T01:00:00+0200,132.12,EUR/MWh,DK1,DK_1,imbalance_price,Long,2026-08-23T05:51:55Z
2026-08-23T05:46:44Z,2026-08-23T07:46:44+0200,442f0342-0040-4db4-ac3f-85a7f822bcbf,2026-08-16T23:00:00Z,2026-08-17T01:00:00+0200,132.12,EUR/MWh,DK1,DK_1,imbalance_price,Short,2026-08-23T05:51:55Z
2026-08-23T05:46:44Z,2026-08-23T07:46:44+0200,442f0342-0040-4db4-ac3f-85a7f822bcbf,2026-08-16T23:15:00Z,2026-08-17T01:15:00+0200,130.0,EUR/MWh,DK1,DK_1,imbalance_price,Long,2026-08-23T05:51:55Z
2026-08-23T05:46:44Z,2026-08-23T07:46:44+0200,442f0342-0040-4db4-ac3f-85a7f822bcbf,2026-08-16T23:15:00Z,2026-08-17T01:15:00+0200,130.0,EUR/MWh,DK1,DK_1,imbalance_price,Short,2026-08-23T05:51:55Z
2026-08-23T05:46:44Z,2026-08-23T07:46:44+0200,442f0342-0040-4db4-ac3f-85a7f822bcbf,2026-08-16T23:30:00Z,2026-08-17T01:30:00+0200,134.78,EUR/MWh,DK1,DK_1,imbalance_price,Long,2026-08-23T05:51:55Z
2026-08-23T05:46:44Z,2026-08-23T07:46:44+0200,442f0342-0040-4db4-ac3f-85a7f822bcbf,2026-08-16T23:30:00Z,2026-08-17T01:30:00+0200,134.78,EUR/MWh,DK1,DK_1,imbalance_price,Short,2026-08-23T05:51:55Z
2026-08-23T05:46:44Z,2026-08-23T07:46:44+0200,442f0342-0040-4db4-ac3f-85a7f822bcbf,2026-08-16T23:45:00Z,2026-08-17T01:45:00+0200,130.9,EUR/MWh,DK1,DK_1,imbalance_price,Long,2026-08-23T05:51:55Z
2026-08-23T05:46:44Z,2026-08-23T07:46:44+0200,442f0342-0040-4db4-ac3f-85a7f822bcbf,2026-08-16T23:45:00Z,2026-08-17T01:45:00+0200,130.9,EUR/MWh,DK1,DK_1,imbalance_price,Short,2026-08-23T05:51:55Z
2026-08-23T05:46:44Z,2026-08-23T07:46:44+0200,442f0342-0040-4db4-ac3f-85a7f822bcbf,2026-08-17T00:00:00Z,2026-08-17T02:00:00+0200,125.0,EUR/MWh,DK1,DK_1,imbalance_price,Long,2026-08-23T05:51:55Z
2026-08-23T05:46:44Z,2026-08-23T07:46:44+0200,442f0342-0040-4db4-ac3f-85a7f822bcbf,2026-08-17T00:00:00Z,2026-08-17T02:00:00+0200,125.0,EUR/MWh,DK1,DK_1,imbalance_price,Short,2026-08-23T05:51:55Z
2026-08-23T05:46:44Z,2026-08-23T07:46:44+0200,442f0342-0040-4db4-ac3f-85a7f822bcbf,2026-08-17T00:15:00Z,2026-08-17T02:15:00+0200,128.9,EUR/MWh,DK1,DK_1,imbalance_price,Long,2026-08-23T05:51:55Z
2026-08-23T05:46:44Z,2026-08-23T07:46:44+0200,442f0342-0040-4db4-ac3f-85a7f822bcbf,2026-08-17T00:15:00Z,2026-08-17T02:15:00+0200,128.9,EUR/MWh,DK1,DK_1,imbalance_price,Short,2026-08-23T05:51:55Z
2026-08-23T05:46:44Z,2026-08-23T07:46:44+0200,442f0342-0040-4db4-ac3f-85a7f822bcbf,2026-08-17T00:30:00Z,2026-08-17T02:30:00+0200,133.96,EUR/MWh,DK1,DK_1,imbalance_price,Long,2026-08-23T05:51:55Z
2026-08-23T05:46:44Z,2026-08-23T07:46:44+0200,442f0342-0040-4db4-ac3f-85a7f822bcbf,2026-08-17T00:30:00Z,2026-08-17T02:30:00+0200,133.96,EUR/MWh,DK1,DK_1,imbalance_price,Short,2026-08-23T05:51:55Z
2026-08-23T05:46:44Z,2026-08-23T07:46:44+0200,442f0342-0040-4db4-ac3f-85a7f822bcbf,2026-08-17T00:45:00Z,2026-08-17T02:45:00+0200,158.65,EUR/MWh,DK1,DK_1,imbalance_price,Long,2026-08-23T05:51:55Z
2026-08-23T05:46:44Z,2026-08-23T07:46:44+0200,442f0342-0040-4db4-ac3f-85a7f822bcbf,2026-08-17T00:45:00Z,2026-08-17T02:45:00+0200,158.65,EUR/MWh,DK1,DK_1,imbalance_price,Short,2026-08-23T05:51:55Z
2026-08-23T05:46:44Z,2026-08-23T07:46:44+0200,442f0342-0040-4db4-ac3f-85a7f822bcbf,2026-08-17T01:00:00Z,2026-08-17T03:00:00+0200,162.09,EUR/MWh,DK1,DK_1,imbalance_price,Long,2026-08-23T05:51:55Z
2026-08-23T05:46:44Z,2026-08-23T07:46:44+0200,442f0342-0040-4db4-ac3f-85a7f822bcbf,2026-08-17T01:00:00Z,2026-08-17T03:00:00+0200,162.09,EUR/MWh,DK1,DK_1,imbalance_price,Short,2026-08-23T05:51:55Z
2026-08-23T05:46:44Z,2026-08-23T07:46:44+0200,442f0342-0040-4db4-ac3f-85a7f822bcbf,2026-08-17T01:15:00Z,2026-08-17T03:15:00+0200,334.5,EUR/MWh,DK1,DK_1,imbalance_price,Long,2026-08-23T05:51:55Z
2026-08-23T05:46:44Z,2026-08-23T07:46:44+0200,442f0342-0040-4db4-ac3f-85a7f822bcbf,2026-08-17T01:15:00Z,2026-08-17T03:15:00+0200,334.5,EUR/MWh,DK1,DK_1,imbalance_price,Short,2026-08-23T05:51:55Z
2026-08-23T05:46:44Z,2026-08-23T07:46:44+0200,442f0342-0040-4db4-ac3f-85a7f822bcbf,2026-08-17T01:30:00Z,2026-08-17T03:30:00+0200,514.66,EUR/MWh,DK1,DK_1,imbalance_price,Long,2026-08-23T05:51:55Z
2026-08-23T05:46:44Z,2026-08-23T07:46:44+0200,442f0342-0040-4db4-ac3f-85a7f822bcbf,2026-08-17T01:30:00Z,2026-08-17T03:30:00+0200,514.66,EUR/MWh,DK1,DK_1,imbalance_price,Short,2026-08-23T05:51:55Z
2026-08-23T05:46:44Z,2026-08-23T07:46:44+0200,442f0342-0040-4db4-ac3f-85a7f822bcbf,2026-08-17T01:45:00Z,2026-08-17T03:45:00+0200,307.74,EUR/MWh,DK1,DK_1,imbalance_price,Long,2026-08-23T05:51:55Z
2026-08-23T05:46:44Z,2026-08-23T07:46:44+0200,442f0342-0040-4db4-ac3f-85a7f822bcbf,2026-08-17T01:45:00Z,2026-08-17T03:45:00+0200,307.74,EUR/MWh,DK1,DK_1,imbalance_price,Short,2026-08-23T05:51:55Z
2026-08-23T05:46:44Z,2026-08-23T07:46:44+0200,442f0342-0040-4db4-ac3f-85a7f822bcbf,2026-08-17T02:00:00Z,2026-08-17T04:00:00+0200,254.2,EUR/MWh,DK1,DK_1,imbalance_price,Long,2026-08-23T05:51:55Z
2026-08-23T05:46:44Z,2026-08-23T07:46:44+0200,442f0342-0040-4db4-ac3f-85a7f822bcbf,2026-08-17T02:00:00Z,2026-08-17T04:00:00+0200,254.2,EUR/MWh,DK1,DK_1,imbalance_price,Short,2026-08-23T05:51:55Z
2026-08-23T05:46:44Z,2026-08-23T07:46:44+0200,442f0342-0040-4db4-ac3f-85a7f822bcbf,2026-08-17T02:15:00Z,2026-08-17T04:15:00+0200,267.58,EUR/MWh,DK1,DK_1,imbalance_price,Long,2026-08-23T05:51:55Z
2026-08-23T05:46:44Z,2026-08-23T07:46:44+0200,442f0342-0040-4db4-ac3f-85a7f822bcbf,2026-08-17T02:15:00Z,2026-08-17T04:15:00+0200,267.58,EUR/MWh,DK1,DK_1,imbalance_price,Short,2026-08-23T05:51:55Z
2026-08-23T05:46:44Z,2026-08-23T07:46:44+0200,442f0342-0040-4db4-ac3f-85a7f822bcbf,2026-08-17T02:30:00Z,2026-08-17T04:30:00+0200,359.83,EUR/MWh,DK1,DK_1,imbalance_price,Long,2026-08-23T05:51:55Z
2026-08-23T05:46:44Z,2026-08-23T07:46:44+0200,442f0342-0040-4db4-ac3f-85a7f822bcbf,2026-08-17T02:30:00Z,2026-08-17T04:30:00+0200,359.83,EUR/MWh,DK1,DK_1,imbalance_price,Short,2026-08-23T05:51:55Z
2026-08-23T05:46:44Z,2026-08-23T07:46:44+0200,442f0342-0040-4db4-ac3f-85a7f822bcbf,2026-08-17T02:45:00Z,2026-08-17T04:45:00+0200,164.0,EUR/MWh,DK1,DK_1,imbalance_price,Long,2026-08-23T05:51:55Z
2026-08-23T05:46:44Z,2026-08-23T07:46:44+0200,442f0342-0040-4db4-ac3f-85a7f822bcbf,2026-08-17T02:45:00Z,2026-08-17T04:45:00+0200,164.0,EUR/MWh,DK1,DK_1,imbalance_price,Short,2026-08-23T05:51:55Z
2026-08-23T05:46:44Z,2026-08-23T07:46:44+0200,442f0342-0040-4db4-ac3f-85a7f822bcbf,2026-08-17T03:00:00Z,2026-08-17T05:00:00+0200,334.5,EUR/MWh,DK1,DK_1,imbalance_price,Long,2026-08-23T05:51:55Z
2026-08-23T05:46:44Z,2026-08-23T07:46:44+0200,442f0342-0040-4db4-ac3f-85a7f822bcbf,2026-08-17T03:00:00Z,2026-08-17T05:00:00+0200,334.5,EUR/MWh,DK1,DK_1,imbalance_price,Short,2026-08-23T05:51:55Z
2026-08-23T05:46:44Z,2026-08-23T07:46:44+0200,442f0342-0040-4db4-ac3f-85a7f822bcbf,2026-08-17T03:15:00Z,2026-08-17T05:15:00+0200,320.83,EUR/MWh,DK1,DK_1,imbalance_price,Long,2026-08-23T05:51:55Z
2026-08-23T05:46:44Z,2026-08-23T07:46:44+0200,442f0342-0040-4db4-ac3f-85a7f822bcbf,2026-08-17T03:15:00Z,2026-08-17T05:15:00+0200,320.83,EUR/MWh,DK1,DK_1,imbalance_price,Short,2026-08-23T05:51:55Z
2026-08-23T05:46:44Z,2026-08-23T07:46:44+0200,442f0342-0040-4db4-ac3f-85a7f822bcbf,2026-08-17T03:30:00Z,2026-08-17T05:30:00+0200,267.6,EUR/MWh,DK1,DK_1,imbalance_price,Long,2026-08-23T05:51:55Z
2026-08-23T05:46:44Z,2026-08-23T07:46:44+0200,442f0342-0040-4db4-ac3f-85a7f822bcbf,2026-08-17T03:30:00Z,2026-08-17T05:30:00+0200,267.6,EUR/MWh,DK1,DK_1,imbalance_price,Short,2026-08-23T05:51:55Z
2026-08-23T05:46:44Z,2026-08-23T07:46:44+0200,442f0342-0040-4db4-ac3f-85a7f822bcbf,2026-08-17T03:45:00Z,2026-08-17T05:45:00+0200,190.14,EUR/MWh,DK1,DK_1,imbalance_price,Long,2026-08-23T05:51:55Z
2026-08-23T05:46:44Z,2026-08-23T07:46:44+0200,442f0342-0040-4db4-ac3f-85a7f822bcbf,2026-08-17T03:45:00Z,2026-08-17T05:45:00+0200,190.14,EUR/MWh,DK1,DK_1,imbalance_price,Short,2026-08-23T05:51:55Z
2026-08-23T05:46:44Z,2026-08-23T07:46:44+0200,442f0342-0040-4db4-ac3f-85a7f822bcbf,2026-08-17T04:00:00Z,2026-08-17T06:00:00+0200,139.0,EUR/MWh,DK1,DK_1,imbalance_price,Long,2026-08-23T05:51:55Z
2026-08-23T05:46:44Z,2026-08-23T07:46:44+0200,442f0342-0040-4db4-ac3f-85a7f822bcbf,2026-08-17T04:00:00Z,2026-08-17T06:00:00+0200,139.0,EUR/MWh,DK1,DK_1,imbalance_price,Short,2026-08-23T05:51:55Z
2026-08-23T05:46:44Z,2026-08-23T07:46:44+0200,442f0342-0040-4db4-ac3f-85a7f822bcbf,2026-08-17T04:15:00Z,2026-08-17T06:15:00+0200,130.9,EUR/MWh,DK1,DK_1,imbalance_price,Long,2026-08-23T05:51:55Z
2026-08-23T05:46:44Z,2026-08-23T07:46:44+0200,442f0342-0040-4db4-ac3f-85a7f822bcbf,2026-08-17T04:15:00Z,2026-08-17T06:15:00+0200,130.9,EUR/MWh,DK1,DK_1,imbalance_price,Short,2026-08-23T05:51:55Z
2026-08-23T05:46:44Z,2026-08-23T07:46:44+0200,442f0342-0040-4db4-ac3f-85a7f822bcbf,2026-08-17T04:30:00Z,2026-08-17T06:30:00+0200,127.6,EUR/MWh,DK1,DK_1,imbalance_price,Long,2026-08-23T05:51:55Z
2026-08-23T05:46:44Z,2026-08-23T07:46:44+0200,442f0342-0040-4db4-ac3f-85a7f822bcbf,2026-08-17T04:30:00Z,2026-08-17T06:30:00+0200,127.6,EUR/MWh,DK1,DK_1,imbalance_price,Short,2026-08-23T05:51:55Z
2026-08-23T05:46:44Z,2026-08-23T07:46:44+0200,442f0342-0040-4db4-ac3f-85a7f822bcbf,2026-08-17T04:45:00Z,2026-08-17T06:45:00+0200,162.41,EUR/MWh,DK1,DK_1,imbalance_price,Long,2026-08-23T05:51:55Z
2026-08-23T05:46:44Z,2026-08-23T07:46:44+0200,442f0342-0040-4db4-ac3f-85a7f822bcbf,2026-08-17T04:45:00Z,2026-08-17T06:45:00+0200,162.41,EUR/MWh,DK1,DK_1,imbalance_price,Short,2026-08-23T05:51:55Z
2026-08-23T05:46:44Z,2026-08-23T07:46:44+0200,442f0342-0040-4db4-ac3f-85a7f822bcbf,2026-08-17T05:00:00Z,2026-08-17T07:00:00+0200,145.26,EUR/MWh,DK1,DK_1,imbalance_price,Long,2026-08-23T05:51:55Z
2026-08-23T05:46:44Z,2026-08-23T07:46:44+0200,442f0342-0040-4db4-ac3f-85a7f822bcbf,2026-08-17T05:00:00Z,2026-08-17T07:00:00+0200,145.26,EUR/MWh,DK1,DK_1,imbalance_price,Short,2026-08-23T05:51:55Z
2026-08-23T05:46:44Z,2026-08-23T07:46:44+0200,442f0342-0040-4db4-ac3f-85a7f822bcbf,2026-08-17T05:15:00Z,2026-08-17T07:15:00+0200,316.23,EUR/MWh,DK1,DK_1,imbalance_price,Long,2026-08-23T05:51:55Z
2026-08-23T05:46:44Z,2026-08-23T07:46:44+0200,442f0342-0040-4db4-ac3f-85a7f822bcbf,2026-08-17T05:15:00Z,2026-08-17T07:15:00+0200,316.23,EUR/MWh,DK1,DK_1,imbalance_price,Short,2026-08-23T05:51:55Z
2026-08-23T05:46:44Z,2026-08-23T07:46:44+0200,442f0342-0040-4db4-ac3f-85a7f822bcbf,2026-08-17T05:30:00Z,2026-08-17T07:30:00+0200,334.42,EUR/MWh,DK1,DK_1,imbalance_price,Long,2026-08-23T05:51:55Z
2026-08-23T05:46:44Z,2026-08-23T07:46:44+0200,442f0342-0040-4db4-ac3f-85a7f822bcbf,2026-08-17T05:30:00Z,2026-08-17T07:30:00+0200,334.42,EUR/MWh,DK1,DK_1,imbalance_price,Short,2026-08-23T05:51:55Z
2026-08-23T05:46:44Z,2026-08-23T07:46:44+0200,442f0342-0040-4db4-ac3f-85a7f822bcbf,2026-08-17T05:45:00Z,2026-08-17T07:45:00+0200,101.3,EUR/MWh,DK1,DK_1,imbalance_price,Long,2026-08-23T05:51:55Z
2026-08-23T05:46:44Z,2026-08-23T07:46:44+0200,442f0342-0040-4db4-ac3f-85a7f822bcbf,2026-08-17T05:45:00Z,2026-08-17T07:45:00+0200,101.3,EUR/MWh,DK1,DK_1,imbalance_price,Short,2026-08-23T05:51:55Z
2026-08-23T05:46:44Z,2026-08-23T07:46:44+0200,442f0342-0040-4db4-ac3f-85a7f822bcbf,2026-08-17T06:00:00Z,2026-08-17T08:00:00+0200,280.96,EUR/MWh,DK1,DK_1,imbalance_price,Long,2026-08-23T05:51:55Z
2026-08-23T05:46:44Z,2026-08-23T07:46:44+0200,442f0342-0040-4db4-ac3f-85a7f822bcbf,2026-08-17T06:00:00Z,2026-08-17T08:00:00+0200,280.96,EUR/MWh,DK1,DK_1,imbalance_price,Short,2026-08-23T05:51:55Z
2026-08-23T05:46:44Z,2026-08-23T07:46:44+0200,442f0342-0040-4db4-ac3f-85a7f822bcbf,2026-08-17T06:15:00Z,2026-08-17T08:15:00+0200,278.1,EUR/MWh,DK1,DK_1,imbalance_price,Long,2026-08-23T05:51:55Z
2026-08-23T05:46:44Z,2026-08-23T07:46:44+0200,442f0342-0040-4db4-ac3f-85a7f822bcbf,2026-08-17T06:15:00Z,2026-08-17T08:15:00+0200,278.1,EUR/MWh,DK1,DK_1,imbalance_price,Short,2026-08-23T05:51:55Z
2026-08-23T05:46:44Z,2026-08-23T07:46:44+0200,442f0342-0040-4db4-ac3f-85a7f822bcbf,2026-08-17T06:30:00Z,2026-08-17T08:30:00+0200,213.14,EUR/MWh,DK1,DK_1,imbalance_price,Long,2026-08-23T05:51:55Z
2026-08-23T05:46:44Z,2026-08-23T07:46:44+0200,442f0342-0040-4db4-ac3f-85a7f822bcbf,2026-08-17T06:30:00Z,2026-08-17T08:30:00+0200,213.14,EUR/MWh,DK1,DK_1,imbalance_price,Short,2026-08-23T05:51:55Z
2026-08-23T05:46:44Z,2026-08-23T07:46:44+0200,442f0342-0040-4db4-ac3f-85a7f822bcbf,2026-08-17T06:45:00Z,2026-08-17T08:45:00+0200,201.35,EUR/MWh,DK1,DK_1,imbalance_price,Long,2026-08-23T05:51:55Z
2026-08-23T05:46:44Z,2026-08-23T07:46:44+0200,442f0342-0040-4db4-ac3f-85a7f822bcbf,2026-08-17T06:45:00Z,2026-08-17T08:45:00+0200,201.35,EUR/MWh,DK1,DK_1,imbalance_price,Short,2026-08-23T05:51:55Z
2026-08-23T05:46:44Z,2026-08-23T07:46:44+0200,442f0342-0040-4db4-ac3f-85a7f822bcbf,2026-08-17T07:00:00Z,2026-08-17T09:00:00+0200,39.41,EUR/MWh,DK1,DK_1,imbalance_price,Long,2026-08-23T05:51:55Z
2026-08-23T05:46:44Z,2026-08-23T07:46:44+0200,442f0342-0040-4db4-ac3f-85a7f822bcbf,2026-08-17T07:00:00Z,2026-08-17T09:00:00+0200,39.41,EUR/MWh,DK1,DK_1,imbalance_price,Short,2026-08-23T05:51:55Z
2026-08-23T05:46:44Z,2026-08-23T07:46:44+0200,442f0342-0040-4db4-ac3f-85a7f822bcbf,2026-08-17T07:15:00Z,2026-08-17T09:15:00+0200,98.46,EUR/MWh,DK1,DK_1,imbalance_price,Long,2026-08-23T05:51:55Z
2026-08-23T05:46:44Z,2026-08-23T07:46:44+0200,442f0342-0040-4db4-ac3f-85a7f822bcbf,2026-08-17T07:15:00Z,2026-08-17T09:15:00+0200,98.46,EUR/MWh,DK1,DK_1,imbalance_price,Short,2026-08-23T05:51:55Z
2026-08-23T05:46:44Z,2026-08-23T07:46:44+0200,442f0342-0040-4db4-ac3f-85a7f822bcbf,2026-08-17T07:30:00Z,2026-08-17T09:30:00+0200,53.23,EUR/MWh,DK1,DK_1,imbalance_price,Long,2026-08-23T05:51:55Z
2026-08-23T05:46:44Z,2026-08-23T07:46:44+0200,442f0342-0040-4db4-ac3f-85a7f822bcbf,2026-08-17T07:30:00Z,2026-08-17T09:30:00+0200,53.23,EUR/MWh,DK1,DK_1,imbalance_price,Short,2026-08-23T05:51:55Z
2026-08-23T05:46:44Z,2026-08-23T07:46:44+0200,442f0342-0040-4db4-ac3f-85a7f822bcbf,2026-08-17T07:45:00Z,2026-08-17T09:45:00+0200,182.28,EUR/MWh,DK1,DK_1,imbalance_price,Long,2026-08-23T05:51:55Z
2026-08-23T05:46:44Z,2026-08-23T07:46:44+0200,442f0342-0040-4db4-ac3f-85a7f822bcbf,2026-08-17T07:45:00Z,2026-08-17T09:45:00+0200,182.28,EUR/MWh,DK1,DK_1,imbalance_price,Short,2026-08-23T05:51:55Z
2026-08-23T05:46:44Z,2026-08-23T07:46:44+0200,442f0342-0040-4db4-ac3f-85a7f822bcbf,2026-08-17T08:00:00Z,2026-08-17T10:00:00+0200,250.02,EUR/MWh,DK1,DK_1,imbalance_price,Long,2026-08-23T05:51:55Z
2026-08-23T05:46:44Z,2026-08-23T07:46:44+0200,442f0342-0040-4db4-ac3f-85a7f822bcbf,2026-08-17T08:00:00Z,2026-08-17T10:00:00+0200,250.02,EUR/MWh,DK1,DK_1,imbalance_price,Short,2026-08-23T05:51:55Z
2026-08-23T05:46:44Z,2026-08-23T07:46:44+0200,442f0342-0040-4db4-ac3f-85a7f822bcbf,2026-08-17T08:15:00Z,2026-08-17T10:15:00+0200,273.47,EUR/MWh,DK1,DK_1,imbalance_price,Long,2026-08-23T05:51:55Z
2026-08-23T05:46:44Z,2026-08-23T07:46:44+0200,442f0342-0040-4db4-ac3f-85a7f822bcbf,2026-08-17T08:15:00Z,2026-08-17T10:15:00+0200,273.47,EUR/MWh,DK1,DK_1,imbalance_price,Short,2026-08-23T05:51:55Z
2026-08-23T05:46:44Z,2026-08-23T07:46:44+0200,442f0342-0040-4db4-ac3f-85a7f822bcbf,2026-08-17T08:30:00Z,2026-08-17T10:30:00+0200,114.57,EUR/MWh,DK1,DK_1,imbalance_price,Long,2026-08-23T05:51:55Z
2026-08-23T05:46:44Z,2026-08-23T07:46:44+0200,442f0342-0040-4db4-ac3f-85a7f822bcbf,2026-08-17T08:30:00Z,2026-08-17T10:30:00+0200,114.57,EUR/MWh,DK1,DK_1,imbalance_price,Short,2026-08-23T05:51:55Z
2026-08-23T05:46:44Z,2026-08-23T07:46:44+0200,442f0342-0040-4db4-ac3f-85a7f822bcbf,2026-08-17T08:45:00Z,2026-08-17T10:45:00+0200,117.58,EUR/MWh,DK1,DK_1,imbalance_price,Long,2026-08-23T05:51:55Z
2026-08-23T05:46:44Z,2026-08-23T07:46:44+0200,442f0342-0040-4db4-ac3f-85a7f822bcbf,2026-08-17T08:45:00Z,2026-08-17T10:45:00+0200,117.58,EUR/MWh,DK1,DK_1,imbalance_price,Short,2026-08-23T05:51:55Z
2026-08-23T05:46:44Z,2026-08-23T07:46:44+0200,442f0342-0040-4db4-ac3f-85a7f822bcbf,2026-08-17T09:00:00Z,2026-08-17T11:00:00+0200,88.72,EUR/MWh,DK1,DK_1,imbalance_price,Long,2026-08-23T05:51:55Z
2026-08-23T05:46:44Z,2026-08-23T07:46:44+0200,442f0342-0040-4db4-ac3f-85a7f822bcbf,2026-08-17T09:00:00Z,2026-08-17T11:00:00+0200,88.72,EUR/MWh,DK1,DK_1,imbalance_price,Short,2026-08-23T05:51:55Z
2026-08-23T05:46:44Z,2026-08-23T07:46:44+0200,442f0342-0040-4db4-ac3f-85a7f822bcbf,2026-08-17T09:15:00Z,2026-08-17T11:15:00+0200,173.17,EUR/MWh,DK1,DK_1,imbalance_price,Long,2026-08-23T05:51:55Z
2026-08-23T05:46:44Z,2026-08-23T07:46:44+0200,442f0342-0040-4db4-ac3f-85a7f822bcbf,2026-08-17T09:15:00Z,2026-08-17T11:15:00+0200,173.17,EUR/MWh,DK1,DK_1,imbalance_price,Short,2026-08-23T05:51:55Z
2026-08-23T05:46:44Z,2026-08-23T07:46:44+0200,442f0342-0040-4db4-ac3f-85a7f822bcbf,2026-08-17T09:30:00Z,2026-08-17T11:30:00+0200,242.53,EUR/MWh,DK1,DK_1,imbalance_price,Long,2026-08-23T05:51:55Z
2026-08-23T05:46:44Z,2026-08-23T07:46:44+0200,442f0342-0040-4db4-ac3f-85a7f822bcbf,2026-08-17T09:30:00Z,2026-08-17T11:30:00+0200,242.53,EUR/MWh,DK1,DK_1,imbalance_price,Short,2026-08-23T05:51:55Z
2026-08-23T05:46:44Z,2026-08-23T07:46:44+0200,442f0342-0040-4db4-ac3f-85a7f822bcbf,2026-08-17T09:45:00Z,2026-08-17T11:45:00+0200,100.33,EUR/MWh,DK1,DK_1,imbalance_price,Long,2026-08-23T05:51:55Z
2026-08-23T05:46:44Z,2026-08-23T07:46:44+0200,442f0342-0040-4db4-ac3f-85a7f822bcbf,2026-08-17T09:45:00Z,2026-08-17T11:45:00+0200,100.33,EUR/MWh,DK1,DK_1,imbalance_price,Short,2026-08-23T05:51:55Z
2026-08-23T05:46:44Z,2026-08-23T07:46:44+0200,442f0342-0040-4db4-ac3f-85a7f822bcbf,2026-08-17T10:00:00Z,2026-08-17T12:00:00+0200,115.11,EUR/MWh,DK1,DK_1,imbalance_price,Long,2026-08-23T05:51:55Z
2026-08-23T05:46:44Z,2026-08-23T07:46:44+0200,442f0342-0040-4db4-ac3f-85a7f822bcbf,2026-08-17T10:00:00Z,2026-08-17T12:00:00+0200,115.11,EUR/MWh,DK1,DK_1,imbalance_price,Short,2026-08-23T05:51:55Z
2026-08-23T05:46:44Z,2026-08-23T07:46:44+0200,442f0342-0040-4db4-ac3f-85a7f822bcbf,2026-08-17T10:15:00Z,2026-08-17T12:15:00+0200,109.44,EUR/MWh,DK1,DK_1,imbalance_price,Long,2026-08-23T05:51:55Z
2026-08-23T05:46:44Z,2026-08-23T07:46:44+0200,442f0342-0040-4db4-ac3f-85a7f822bcbf,2026-08-17T10:15:00Z,2026-08-17T12:15:00+0200,109.44,EUR/MWh,DK1,DK_1,imbalance_price,Short,2026-08-23T05:51:55Z
2026-08-23T05:46:44Z,2026-08-23T07:46:44+0200,442f0342-0040-4db4-ac3f-85a7f822bcbf,2026-08-17T10:30:00Z,2026-08-17T12:30:00+0200,102.43,EUR/MWh,DK1,DK_1,imbalance_price,Long,2026-08-23T05:51:55Z
2026-08-23T05:46:44Z,2026-08-23T07:46:44+0200,442f0342-0040-4db4-ac3f-85a7f822bcbf,2026-08-17T10:30:00Z,2026-08-17T12:30:00+0200,102.43,EUR/MWh,DK1,DK_1,imbalance_price,Short,2026-08-23T05:51:55Z
2026-08-23T05:46:44Z,2026-08-23T07:46:44+0200,442f0342-0040-4db4-ac3f-85a7f822bcbf,2026-08-17T10:45:00Z,2026-08-17T12:45:00+0200,97.59,EUR/MWh,DK1,DK_1,imbalance_price,Long,2026-08-23T05:51:55Z
2026-08-23T05:46:44Z,2026-08-23T07:46:44+0200,442f0342-0040-4db4-ac3f-85a7f822bcbf,2026-08-17T10:45:00Z,2026-08-17T12:45:00+0200,97.59,EUR/MWh,DK1,DK_1,imbalance_price,Short,2026-08-23T05:51:55Z
2026-08-23T05:46:44Z,2026-08-23T07:46:44+0200,442f0342-0040-4db4-ac3f-85a7f822bcbf,2026-08-17T11:00:00Z,2026-08-17T13:00:00+0200,97.58,EUR/MWh,DK1,DK_1,imbalance_price,Long,2026-08-23T05:51:55Z
2026-08-23T05:46:44Z,2026-08-23T07:46:44+0200,442f0342-0040-4db4-ac3f-85a7f822bcbf,2026-08-17T11:00:00Z,2026-08-17T13:00:00+0200,97.58,EUR/MWh,DK1,DK_1,imbalance_price,Short,2026-08-23T05:51:55Z
2026-08-23T05:46:44Z,2026-08-23T07:46:44+0200,442f0342-0040-4db4-ac3f-85a7f822bcbf,2026-08-17T11:15:00Z,2026-08-17T13:15:00+0200,158.16,EUR/MWh,DK1,DK_1,imbalance_price,Long,2026-08-23T05:51:55Z
2026-08-23T05:46:44Z,2026-08-23T07:46:44+0200,442f0342-0040-4db4-ac3f-85a7f822bcbf,2026-08-17T11:15:00Z,2026-08-17T13:15:00+0200,158.16,EUR/MWh,DK1,DK_1,imbalance_price,Short,2026-08-23T05:51:55Z
2026-08-23T05:46:44Z,2026-08-23T07:46:44+0200,442f0342-0040-4db4-ac3f-85a7f822bcbf,2026-08-17T11:30:00Z,2026-08-17T13:30:00+0200,115.0,EUR/MWh,DK1,DK_1,imbalance_price,Long,2026-08-23T05:51:55Z
2026-08-23T05:46:44Z,2026-08-23T07:46:44+0200,442f0342-0040-4db4-ac3f-85a7f822bcbf,2026-08-17T11:30:00Z,2026-08-17T13:30:00+0200,115.0,EUR/MWh,DK1,DK_1,imbalance_price,Short,2026-08-23T05:51:55Z
2026-08-23T05:46:44Z,2026-08-23T07:46:44+0200,442f0342-0040-4db4-ac3f-85a7f822bcbf,2026-08-17T11:45:00Z,2026-08-17T13:45:00+0200,115.01,EUR/MWh,DK1,DK_1,imbalance_price,Long,2026-08-23T05:51:55Z
2026-08-23T05:46:44Z,2026-08-23T07:46:44+0200,442f0342-0040-4db4-ac3f-85a7f822bcbf,2026-08-17T11:45:00Z,2026-08-17T13:45:00+0200,115.01,EUR/MWh,DK1,DK_1,imbalance_price,Short,2026-08-23T05:51:55Z
2026-08-23T05:46:44Z,2026-08-23T07:46:44+0200,442f0342-0040-4db4-ac3f-85a7f822bcbf,2026-08-17T12:00:00Z,2026-08-17T14:00:00+0200,142.55,EUR/MWh,DK1,DK_1,imbalance_price,Long,2026-08-23T05:51:55Z
2026-08-23T05:46:44Z,2026-08-23T07:46:44+0200,442f0342-0040-4db4-ac3f-85a7f822bcbf,2026-08-17T12:00:00Z,2026-08-17T14:00:00+0200,142.55,EUR/MWh,DK1,DK_1,imbalance_price,Short,2026-08-23T05:51:55Z
2026-08-23T05:46:44Z,2026-08-23T07:46:44+0200,442f0342-0040-4db4-ac3f-85a7f822bcbf,2026-08-17T12:15:00Z,2026-08-17T14:15:00+0200,136.92,EUR/MWh,DK1,DK_1,imbalance_price,Long,2026-08-23T05:51:55Z
2026-08-23T05:46:44Z,2026-08-23T07:46:44+0200,442f0342-0040-4db4-ac3f-85a7f822bcbf,2026-08-17T12:15:00Z,2026-08-17T14:15:00+0200,136.92,EUR/MWh,DK1,DK_1,imbalance_price,Short,2026-08-23T05:51:55Z
2026-08-23T05:46:44Z,2026-08-23T07:46:44+0200,442f0342-0040-4db4-ac3f-85a7f822bcbf,2026-08-17T12:30:00Z,2026-08-17T14:30:00+0200,85.12,EUR/MWh,DK1,DK_1,imbalance_price,Long,2026-08-23T05:51:55Z
2026-08-23T05:46:44Z,2026-08-23T07:46:44+0200,442f0342-0040-4db4-ac3f-85a7f822bcbf,2026-08-17T12:30:00Z,2026-08-17T14:30:00+0200,85.12,EUR/MWh,DK1,DK_1,imbalance_price,Short,2026-08-23T05:51:55Z
2026-08-23T05:46:44Z,2026-08-23T07:46:44+0200,442f0342-0040-4db4-ac3f-85a7f822bcbf,2026-08-17T12:45:00Z,2026-08-17T14:45:00+0200,55.0,EUR/MWh,DK1,DK_1,imbalance_price,Long,2026-08-23T05:51:55Z
2026-08-23T05:46:44Z,2026-08-23T07:46:44+0200,442f0342-0040-4db4-ac3f-85a7f822bcbf,2026-08-17T12:45:00Z,2026-08-17T14:45:00+0200,55.0,EUR/MWh,DK1,DK_1,imbalance_price,Short,2026-08-23T05:51:55Z
2026-08-23T05:46:44Z,2026-08-23T07:46:44+0200,442f0342-0040-4db4-ac3f-85a7f822bcbf,2026-08-17T13:00:00Z,2026-08-17T15:00:00+0200,58.8,EUR/MWh,DK1,DK_1,imbalance_price,Long,2026-08-23T05:51:55Z
2026-08-23T05:46:44Z,2026-08-23T07:46:44+0200,442f0342-0040-4db4-ac3f-85a7f822bcbf,2026-08-17T13:00:00Z,2026-08-17T15:00:00+0200,58.8,EUR/MWh,DK1,DK_1,imbalance_price,Short,2026-08-23T05:51:55Z
2026-08-23T05:46:44Z,2026-08-23T07:46:44+0200,442f0342-0040-4db4-ac3f-85a7f822bcbf,2026-08-17T13:15:00Z,2026-08-17T15:15:00+0200,75.13,EUR/MWh,DK1,DK_1,imbalance_price,Long,2026-08-23T05:51:55Z
2026-08-23T05:46:44Z,2026-08-23T07:46:44+0200,442f0342-0040-4db4-ac3f-85a7f822bcbf,2026-08-17T13:15:00Z,2026-08-17T15:15:00+0200,75.13,EUR/MWh,DK1,DK_1,imbalance_price,Short,2026-08-23T05:51:55Z
2026-08-23T05:46:44Z,2026-08-23T07:46:44+0200,442f0342-0040-4db4-ac3f-85a7f822bcbf,2026-08-17T13:30:00Z,2026-08-17T15:30:00+0200,136.43,EUR/MWh,DK1,DK_1,imbalance_price,Long,2026-08-23T05:51:55Z
2026-08-23T05:46:44Z,2026-08-23T07:46:44+0200,442f0342-0040-4db4-ac3f-85a7f822bcbf,2026-08-17T13:30:00Z,2026-08-17T15:30:00+0200,136.43,EUR/MWh,DK1,DK_1,imbalance_price,Short,2026-08-23T05:51:55Z
2026-08-23T05:46:44Z,2026-08-23T07:46:44+0200,442f0342-0040-4db4-ac3f-85a7f822bcbf,2026-08-17T13:45:00Z,2026-08-17T15:45:00+0200,85.12,EUR/MWh,DK1,DK_1,imbalance_price,Long,2026-08-23T05:51:55Z
2026-08-23T05:46:44Z,2026-08-23T07:46:44+0200,442f0342-0040-4db4-ac3f-85a7f822bcbf,2026-08-17T13:45:00Z,2026-08-17T15:45:00+0200,85.12,EUR/MWh,DK1,DK_1,imbalance_price,Short,2026-08-23T05:51:55Z
2026-08-23T05:46:44Z,2026-08-23T07:46:44+0200,442f0342-0040-4db4-ac3f-85a7f822bcbf,2026-08-17T14:00:00Z,2026-08-17T16:00:00+0200,104.58,EUR/MWh,DK1,DK_1,imbalance_price,Long,2026-08-23T05:51:55Z
2026-08-23T05:46:44Z,2026-08-23T07:46:44+0200,442f0342-0040-4db4-ac3f-85a7f822bcbf,2026-08-17T14:00:00Z,2026-08-17T16:00:00+0200,104.58,EUR/MWh,DK1,DK_1,imbalance_price,Short,2026-08-23T05:51:55Z
2026-08-23T05:46:44Z,2026-08-23T07:46:44+0200,442f0342-0040-4db4-ac3f-85a7f822bcbf,2026-08-17T14:15:00Z,2026-08-17T16:15:00+0200,43.66,EUR/MWh,DK1,DK_1,imbalance_price,Long,2026-08-23T05:51:55Z
2026-08-23T05:46:44Z,2026-08-23T07:46:44+0200,442f0342-0040-4db4-ac3f-85a7f822bcbf,2026-08-17T14:15:00Z,2026-08-17T16:15:00+0200,43.66,EUR/MWh,DK1,DK_1,imbalance_price,Short,2026-08-23T05:51:55Z
2026-08-23T05:46:44Z,2026-08-23T07:46:44+0200,442f0342-0040-4db4-ac3f-85a7f822bcbf,2026-08-17T14:30:00Z,2026-08-17T16:30:00+0200,24.51,EUR/MWh,DK1,DK_1,imbalance_price,Long,2026-08-23T05:51:55Z
2026-08-23T05:46:44Z,2026-08-23T07:46:44+0200,442f0342-0040-4db4-ac3f-85a7f822bcbf,2026-08-17T14:30:00Z,2026-08-17T16:30:00+0200,24.51,EUR/MWh,DK1,DK_1,imbalance_price,Short,2026-08-23T05:51:55Z
2026-08-23T05:46:44Z,2026-08-23T07:46:44+0200,442f0342-0040-4db4-ac3f-85a7f822bcbf,2026-08-17T14:45:00Z,2026-08-17T16:45:00+0200,57.31,EUR/MWh,DK1,DK_1,imbalance_price,Long,2026-08-23T05:51:55Z
2026-08-23T05:46:44Z,2026-08-23T07:46:44+0200,442f0342-0040-4db4-ac3f-85a7f822bcbf,2026-08-17T14:45:00Z,2026-08-17T16:45:00+0200,57.31,EUR/MWh,DK1,DK_1,imbalance_price,Short,2026-08-23T05:51:55Z
2026-08-23T05:46:44Z,2026-08-23T07:46:44+0200,442f0342-0040-4db4-ac3f-85a7f822bcbf,2026-08-17T15:00:00Z,2026-08-17T17:00:00+0200,214.74,EUR/MWh,DK1,DK_1,imbalance_price,Long,2026-08-23T05:51:55Z
2026-08-23T05:46:44Z,2026-08-23T07:46:44+0200,442f0342-0040-4db4-ac3f-85a7f822bcbf,2026-08-17T15:00:00Z,2026-08-17T17:00:00+0200,214.74,EUR/MWh,DK1,DK_1,imbalance_price,Short,2026-08-23T05:51:55Z
2026-08-23T05:46:44Z,2026-08-23T07:46:44+0200,442f0342-0040-4db4-ac3f-85a7f822bcbf,2026-08-17T15:15:00Z,2026-08-17T17:15:00+0200,210.65,EUR/MWh,DK1,DK_1,imbalance_price,Long,2026-08-23T05:51:55Z
2026-08-23T05:46:44Z,2026-08-23T07:46:44+0200,442f0342-0040-4db4-ac3f-85a7f822bcbf,2026-08-17T15:15:00Z,2026-08-17T17:15:00+0200,210.65,EUR/MWh,DK1,DK_1,imbalance_price,Short,2026-08-23T05:51:55Z
2026-08-23T05:46:44Z,2026-08-23T07:46:44+0200,442f0342-0040-4db4-ac3f-85a7f822bcbf,2026-08-17T15:30:00Z,2026-08-17T17:30:00+0200,218.37,EUR/MWh,DK1,DK_1,imbalance_price,Long,2026-08-23T05:51:55Z
2026-08-23T05:46:44Z,2026-08-23T07:46:44+0200,442f0342-0040-4db4-ac3f-85a7f822bcbf,2026-08-17T15:30:00Z,2026-08-17T17:30:00+0200,218.37,EUR/MWh,DK1,DK_1,imbalance_price,Short,2026-08-23T05:51:55Z
2026-08-23T05:46:44Z,2026-08-23T07:46:44+0200,442f0342-0040-4db4-ac3f-85a7f822bcbf,2026-08-17T15:45:00Z,2026-08-17T17:45:00+0200,155.0,EUR/MWh,DK1,DK_1,imbalance_price,Long,2026-08-23T05:51:55Z
2026-08-23T05:46:44Z,2026-08-23T07:46:44+0200,442f0342-0040-4db4-ac3f-85a7f822bcbf,2026-08-17T15:45:00Z,2026-08-17T17:45:00+0200,155.0,EUR/MWh,DK1,DK_1,imbalance_price,Short,2026-08-23T05:51:55Z
2026-08-23T05:46:44Z,2026-08-23T07:46:44+0200,442f0342-0040-4db4-ac3f-85a7f822bcbf,2026-08-17T16:00:00Z,2026-08-17T18:00:00+0200,92.3,EUR/MWh,DK1,DK_1,imbalance_price,Long,2026-08-23T05:51:55Z
2026-08-23T05:46:44Z,2026-08-23T07:46:44+0200,442f0342-0040-4db4-ac3f-85a7f822bcbf,2026-08-17T16:00:00Z,2026-08-17T18:00:00+0200,92.3,EUR/MWh,DK1,DK_1,imbalance_price,Short,2026-08-23T05:51:55Z
2026-08-23T05:46:44Z,2026-08-23T07:46:44+0200,442f0342-0040-4db4-ac3f-85a7f822bcbf,2026-08-17T16:15:00Z,2026-08-17T18:15:00+0200,126.23,EUR/MWh,DK1,DK_1,imbalance_price,Long,2026-08-23T05:51:55Z
2026-08-23T05:46:44Z,2026-08-23T07:46:44+0200,442f0342-0040-4db4-ac3f-85a7f822bcbf,2026-08-17T16:15:00Z,2026-08-17T18:15:00+0200,126.23,EUR/MWh,DK1,DK_1,imbalance_price,Short,2026-08-23T05:51:55Z
2026-08-23T05:46:44Z,2026-08-23T07:46:44+0200,442f0342-0040-4db4-ac3f-85a7f822bcbf,2026-08-17T16:30:00Z,2026-08-17T18:30:00+0200,187.48,EUR/MWh,DK1,DK_1,imbalance_price,Long,2026-08-23T05:51:55Z
2026-08-23T05:46:44Z,2026-08-23T07:46:44+0200,442f0342-0040-4db4-ac3f-85a7f822bcbf,2026-08-17T16:30:00Z,2026-08-17T18:30:00+0200,187.48,EUR/MWh,DK1,DK_1,imbalance_price,Short,2026-08-23T05:51:55Z
2026-08-23T05:46:44Z,2026-08-23T07:46:44+0200,442f0342-0040-4db4-ac3f-85a7f822bcbf,2026-08-17T16:45:00Z,2026-08-17T18:45:00+0200,258.18,EUR/MWh,DK1,DK_1,imbalance_price,Long,2026-08-23T05:51:55Z
2026-08-23T05:46:44Z,2026-08-23T07:46:44+0200,442f0342-0040-4db4-ac3f-85a7f822bcbf,2026-08-17T16:45:00Z,2026-08-17T18:45:00+0200,258.18,EUR/MWh,DK1,DK_1,imbalance_price,Short,2026-08-23T05:51:55Z
2026-08-23T05:46:44Z,2026-08-23T07:46:44+0200,442f0342-0040-4db4-ac3f-85a7f822bcbf,2026-08-17T17:00:00Z,2026-08-17T19:00:00+0200,242.48,EUR/MWh,DK1,DK_1,imbalance_price,Long,2026-08-23T05:51:55Z
2026-08-23T05:46:44Z,2026-08-23T07:46:44+0200,442f0342-0040-4db4-ac3f-85a7f822bcbf,2026-08-17T17:00:00Z,2026-08-17T19:00:00+0200,242.48,EUR/MWh,DK1,DK_1,imbalance_price,Short,2026-08-23T05:51:55Z
2026-08-23T05:46:44Z,2026-08-23T07:46:44+0200,442f0342-0040-4db4-ac3f-85a7f822bcbf,2026-08-17T17:15:00Z,2026-08-17T19:15:00+0200,237.9,EUR/MWh,DK1,DK_1,imbalance_price,Long,2026-08-23T05:51:55Z
2026-08-23T05:46:44Z,2026-08-23T07:46:44+0200,442f0342-0040-4db4-ac3f-85a7f822bcbf,2026-08-17T17:15:00Z,2026-08-17T19:15:00+0200,237.9,EUR/MWh,DK1,DK_1,imbalance_price,Short,2026-08-23T05:51:55Z
2026-08-23T05:46:44Z,2026-08-23T07:46:44+0200,442f0342-0040-4db4-ac3f-85a7f822bcbf,2026-08-17T17:30:00Z,2026-08-17T19:30:00+0200,212.48,EUR/MWh,DK1,DK_1,imbalance_price,Long,2026-08-23T05:51:55Z
2026-08-23T05:46:44Z,2026-08-23T07:46:44+0200,442f0342-0040-4db4-ac3f-85a7f822bcbf,2026-08-17T17:30:00Z,2026-08-17T19:30:00+0200,212.48,EUR/MWh,DK1,DK_1,imbalance_price,Short,2026-08-23T05:51:55Z
2026-08-23T05:46:44Z,2026-08-23T07:46:44+0200,442f0342-0040-4db4-ac3f-85a7f822bcbf,2026-08-17T17:45:00Z,2026-08-17T19:45:00+0200,170.93,EUR/MWh,DK1,DK_1,imbalance_price,Long,2026-08-23T05:51:55Z
2026-08-23T05:46:44Z,2026-08-23T07:46:44+0200,442f0342-0040-4db4-ac3f-85a7f822bcbf,2026-08-17T17:45:00Z,2026-08-17T19:45:00+0200,170.93,EUR/MWh,DK1,DK_1,imbalance_price,Short,2026-08-23T05:51:55Z
2026-08-23T05:46:44Z,2026-08-23T07:46:44+0200,442f0342-0040-4db4-ac3f-85a7f822bcbf,2026-08-17T18:00:00Z,2026-08-17T20:00:00+0200,128.56,EUR/MWh,DK1,DK_1,imbalance_price,Long,2026-08-23T05:51:55Z
2026-08-23T05:46:44Z,2026-08-23T07:46:44+0200,442f0342-0040-4db4-ac3f-85a7f822bcbf,2026-08-17T18:00:00Z,2026-08-17T20:00:00+0200,128.56,EUR/MWh,DK1,DK_1,imbalance_price,Short,2026-08-23T05:51:55Z
2026-08-23T05:46:44Z,2026-08-23T07:46:44+0200,442f0342-0040-4db4-ac3f-85a7f822bcbf,2026-08-17T18:15:00Z,2026-08-17T20:15:00+0200,119.59,EUR/MWh,DK1,DK_1,imbalance_price,Long,2026-08-23T05:51:55Z
2026-08-23T05:46:44Z,2026-08-23T07:46:44+0200,442f0342-0040-4db4-ac3f-85a7f822bcbf,2026-08-17T18:15:00Z,2026-08-17T20:15:00+0200,119.59,EUR/MWh,DK1,DK_1,imbalance_price,Short,2026-08-23T05:51:55Z
2026-08-23T05:46:44Z,2026-08-23T07:46:44+0200,442f0342-0040-4db4-ac3f-85a7f822bcbf,2026-08-17T18:30:00Z,2026-08-17T20:30:00+0200,248.44,EUR/MWh,DK1,DK_1,imbalance_price,Long,2026-08-23T05:51:55Z
2026-08-23T05:46:44Z,2026-08-23T07:46:44+0200,442f0342-0040-4db4-ac3f-85a7f822bcbf,2026-08-17T18:30:00Z,2026-08-17T20:30:00+0200,248.44,EUR/MWh,DK1,DK_1,imbalance_price,Short,2026-08-23T05:51:55Z
2026-08-23T05:46:44Z,2026-08-23T07:46:44+0200,442f0342-0040-4db4-ac3f-85a7f822bcbf,2026-08-17T18:45:00Z,2026-08-17T20:45:00+0200,351.17,EUR/MWh,DK1,DK_1,imbalance_price,Long,2026-08-23T05:51:55Z
2026-08-23T05:46:44Z,2026-08-23T07:46:44+0200,442f0342-0040-4db4-ac3f-85a7f822bcbf,2026-08-17T18:45:00Z,2026-08-17T20:45:00+0200,351.17,EUR/MWh,DK1,DK_1,imbalance_price,Short,2026-08-23T05:51:55Z
2026-08-23T05:46:44Z,2026-08-23T07:46:44+0200,442f0342-0040-4db4-ac3f-85a7f822bcbf,2026-08-17T19:00:00Z,2026-08-17T21:00:00+0200,219.05,EUR/MWh,DK1,DK_1,imbalance_price,Long,2026-08-23T05:51:55Z
2026-08-23T05:46:44Z,2026-08-23T07:46:44+0200,442f0342-0040-4db4-ac3f-85a7f822bcbf,2026-08-17T19:00:00Z,2026-08-17T21:00:00+0200,219.05,EUR/MWh,DK1,DK_1,imbalance_price,Short,2026-08-23T05:51:55Z
2026-08-23T05:46:44Z,2026-08-23T07:46:44+0200,442f0342-0040-4db4-ac3f-85a7f822bcbf,2026-08-17T19:15:00Z,2026-08-17T21:15:00+0200,234.15,EUR/MWh,DK1,DK_1,imbalance_price,Long,2026-08-23T05:51:55Z
2026-08-23T05:46:44Z,2026-08-23T07:46:44+0200,442f0342-0040-4db4-ac3f-85a7f822bcbf,2026-08-17T19:15:00Z,2026-08-17T21:15:00+0200,234.15,EUR/MWh,DK1,DK_1,imbalance_price,Short,2026-08-23T05:51:55Z
2026-08-23T05:46:44Z,2026-08-23T07:46:44+0200,442f0342-0040-4db4-ac3f-85a7f822bcbf,2026-08-17T19:30:00Z,2026-08-17T21:30:00+0200,228.93,EUR/MWh,DK1,DK_1,imbalance_price,Long,2026-08-23T05:51:55Z
2026-08-23T05:46:44Z,2026-08-23T07:46:44+0200,442f0342-0040-4db4-ac3f-85a7f822bcbf,2026-08-17T19:30:00Z,2026-08-17T21:30:00+0200,228.93,EUR/MWh,DK1,DK_1,imbalance_price,Short,2026-08-23T05:51:55Z
2026-08-23T05:46:44Z,2026-08-23T07:46:44+0200,442f0342-0040-4db4-ac3f-85a7f822bcbf,2026-08-17T19:45:00Z,2026-08-17T21:45:00+0200,117.38,EUR/MWh,DK1,DK_1,imbalance_price,Long,2026-08-23T05:51:55Z
2026-08-23T05:46:44Z,2026-08-23T07:46:44+0200,442f0342-0040-4db4-ac3f-85a7f822bcbf,2026-08-17T19:45:00Z,2026-08-17T21:45:00+0200,117.38,EUR/MWh,DK1,DK_1,imbalance_price,Short,2026-08-23T05:51:55Z
2026-08-23T05:46:44Z,2026-08-23T07:46:44+0200,442f0342-0040-4db4-ac3f-85a7f822bcbf,2026-08-17T20:00:00Z,2026-08-17T22:00:00+0200,300.45,EUR/MWh,DK1,DK_1,imbalance_price,Long,2026-08-23T05:51:55Z
2026-08-23T05:46:44Z,2026-08-23T07:46:44+0200,442f0342-0040-4db4-ac3f-85a7f822bcbf,2026-08-17T20:00:00Z,2026-08-17T22:00:00+0200,300.45,EUR/MWh,DK1,DK_1,imbalance_price,Short,2026-08-23T05:51:55Z
2026-08-23T05:46:44Z,2026-08-23T07:46:44+0200,442f0342-0040-4db4-ac3f-85a7f822bcbf,2026-08-17T20:15:00Z,2026-08-17T22:15:00+0200,374.61,EUR/MWh,DK1,DK_1,imbalance_price,Long,2026-08-23T05:51:55Z
2026-08-23T05:46:44Z,2026-08-23T07:46:44+0200,442f0342-0040-4db4-ac3f-85a7f822bcbf,2026-08-17T20:15:00Z,2026-08-17T22:15:00+0200,374.61,EUR/MWh,DK1,DK_1,imbalance_price,Short,2026-08-23T05:51:55Z
2026-08-23T05:46:44Z,2026-08-23T07:46:44+0200,442f0342-0040-4db4-ac3f-85a7f822bcbf,2026-08-17T20:30:00Z,2026-08-17T22:30:00+0200,374.61,EUR/MWh,DK1,DK_1,imbalance_price,Long,2026-08-23T05:51:55Z
2026-08-23T05:46:44Z,2026-08-23T07:46:44+0200,442f0342-0040-4db4-ac3f-85a7f822bcbf,2026-08-17T20:30:00Z,2026-08-17T22:30:00+0200,374.61,EUR/MWh,DK1,DK_1,imbalance_price,Short,2026-08-23T05:51:55Z
2026-08-23T05:46:44Z,2026-08-23T07:46:44+0200,442f0342-0040-4db4-ac3f-85a7f822bcbf,2026-08-17T20:45:00Z,2026-08-17T22:45:00+0200,401.4,EUR/MWh,DK1,DK_1,imbalance_price,Long,2026-08-23T05:51:55Z
2026-08-23T05:46:44Z,2026-08-23T07:46:44+0200,442f0342-0040-4db4-ac3f-85a7f822bcbf,2026-08-17T20:45:00Z,2026-08-17T22:45:00+0200,401.4,EUR/MWh,DK1,DK_1,imbalance_price,Short,2026-08-23T05:51:55Z
2026-08-23T05:46:44Z,2026-08-23T07:46:44+0200,442f0342-0040-4db4-ac3f-85a7f822bcbf,2026-08-17T21:00:00Z,2026-08-17T23:00:00+0200,361.26,EUR/MWh,DK1,DK_1,imbalance_price,Long,2026-08-23T05:51:55Z
2026-08-23T05:46:44Z,2026-08-23T07:46:44+0200,442f0342-0040-4db4-ac3f-85a7f822bcbf,2026-08-17T21:00:00Z,2026-08-17T23:00:00+0200,361.26,EUR/MWh,DK1,DK_1,imbalance_price,Short,2026-08-23T05:51:55Z
2026-08-23T05:46:44Z,2026-08-23T07:46:44+0200,442f0342-0040-4db4-ac3f-85a7f822bcbf,2026-08-17T21:15:00Z,2026-08-17T23:15:00+0200,120.47,EUR/MWh,DK1,DK_1,imbalance_price,Long,2026-08-23T05:51:55Z
2026-08-23T05:46:44Z,2026-08-23T07:46:44+0200,442f0342-0040-4db4-ac3f-85a7f822bcbf,2026-08-17T21:15:00Z,2026-08-17T23:15:00+0200,120.47,EUR/MWh,DK1,DK_1,imbalance_price,Short,2026-08-23T05:51:55Z
2026-08-23T05:46:44Z,2026-08-23T07:46:44+0200,442f0342-0040-4db4-ac3f-85a7f822bcbf,2026-08-17T21:30:00Z,2026-08-17T23:30:00+0200,120.65,EUR/MWh,DK1,DK_1,imbalance_price,Long,2026-08-23T05:51:55Z
2026-08-23T05:46:44Z,2026-08-23T07:46:44+0200,442f0342-0040-4db4-ac3f-85a7f822bcbf,2026-08-17T21:30:00Z,2026-08-17T23:30:00+0200,120.65,EUR/MWh,DK1,DK_1,imbalance_price,Short,2026-08-23T05:51:55Z
2026-08-23T05:46:44Z,2026-08-23T07:46:44+0200,442f0342-0040-4db4-ac3f-85a7f822bcbf,2026-08-17T21:45:00Z,2026-08-17T23:45:00+0200,122.36,EUR/MWh,DK1,DK_1,imbalance_price,Long,2026-08-23T05:51:55Z
2026-08-23T05:46:44Z,2026-08-23T07:46:44+0200,442f0342-0040-4db4-ac3f-85a7f822bcbf,2026-08-17T21:45:00Z,2026-08-17T23:45:00+0200,122.36,EUR/MWh,DK1,DK_1,imbalance_price,Short,2026-08-23T05:51:55Z
2026-08-23T05:46:44Z,2026-08-23T07:46:44+0200,442f0342-0040-4db4-ac3f-85a7f822bcbf,2026-08-17T22:00:00Z,2026-08-18T00:00:00+0200,124.39,EUR/MWh,DK1,DK_1,imbalance_price,Long,2026-08-23T05:51:55Z
2026-08-23T05:46:44Z,2026-08-23T07:46:44+0200,442f0342-0040-4db4-ac3f-85a7f822bcbf,2026-08-17T22:00:00Z,2026-08-18T00:00:00+0200,124.39,EUR/MWh,DK1,DK_1,imbalance_price,Short,2026-08-23T05:51:55Z
2026-08-23T05:46:44Z,2026-08-23T07:46:44+0200,442f0342-0040-4db4-ac3f-85a7f822bcbf,2026-08-17T22:15:00Z,2026-08-18T00:15:00+0200,156.78,EUR/MWh,DK1,DK_1,imbalance_price,Long,2026-08-23T05:51:55Z
2026-08-23T05:46:44Z,2026-08-23T07:46:44+0200,442f0342-0040-4db4-ac3f-85a7f822bcbf,2026-08-17T22:15:00Z,2026-08-18T00:15:00+0200,156.78,EUR/MWh,DK1,DK_1,imbalance_price,Short,2026-08-23T05:51:55Z
2026-08-23T05:46:44Z,2026-08-23T07:46:44+0200,442f0342-0040-4db4-ac3f-85a7f822bcbf,2026-08-17T22:30:00Z,2026-08-18T00:30:00+0200,145.26,EUR/MWh,DK1,DK_1,imbalance_price,Long,2026-08-23T05:51:55Z
2026-08-23T05:46:44Z,2026-08-23T07:46:44+0200,442f0342-0040-4db4-ac3f-85a7f822bcbf,2026-08-17T22:30:00Z,2026-08-18T00:30:00+0200,145.26,EUR/MWh,DK1,DK_1,imbalance_price,Short,2026-08-23T05:51:55Z
2026-08-23T05:46:44Z,2026-08-23T07:46:44+0200,442f0342-0040-4db4-ac3f-85a7f822bcbf,2026-08-17T22:45:00Z,2026-08-18T00:45:00+0200,158.56,EUR/MWh,DK1,DK_1,imbalance_price,Long,2026-08-23T05:51:55Z
2026-08-23T05:46:44Z,2026-08-23T07:46:44+0200,442f0342-0040-4db4-ac3f-85a7f822bcbf,2026-08-17T22:45:00Z,2026-08-18T00:45:00+0200,158.56,EUR/MWh,DK1,DK_1,imbalance_price,Short,2026-08-23T05:51:55Z
2026-08-23T05:46:44Z,2026-08-23T07:46:44+0200,442f0342-0040-4db4-ac3f-85a7f822bcbf,2026-08-17T23:00:00Z,2026-08-18T01:00:00+0200,123.95,EUR/MWh,DK1,DK_1,imbalance_price,Long,2026-08-23T05:51:55Z
2026-08-23T05:46:44Z,2026-08-23T07:46:44+0200,442f0342-0040-4db4-ac3f-85a7f822bcbf,2026-08-17T23:00:00Z,2026-08-18T01:00:00+0200,123.95,EUR/MWh,DK1,DK_1,imbalance_price,Short,2026-08-23T05:51:55Z
2026-08-23T05:46:44Z,2026-08-23T07:46:44+0200,442f0342-0040-4db4-ac3f-85a7f822bcbf,2026-08-17T23:15:00Z,2026-08-18T01:15:00+0200,133.0,EUR/MWh,DK1,DK_1,imbalance_price,Long,2026-08-23T05:51:55Z
2026-08-23T05:46:44Z,2026-08-23T07:46:44+0200,442f0342-0040-4db4-ac3f-85a7f822bcbf,2026-08-17T23:15:00Z,2026-08-18T01:15:00+0200,133.0,EUR/MWh,DK1,DK_1,imbalance_price,Short,2026-08-23T05:51:55Z
2026-08-23T05:46:44Z,2026-08-23T07:46:44+0200,442f0342-0040-4db4-ac3f-85a7f822bcbf,2026-08-17T23:30:00Z,2026-08-18T01:30:00+0200,125.5,EUR/MWh,DK1,DK_1,imbalance_price,Long,2026-08-23T05:51:55Z
2026-08-23T05:46:44Z,2026-08-23T07:46:44+0200,442f0342-0040-4db4-ac3f-85a7f822bcbf,2026-08-17T23:30:00Z,2026-08-18T01:30:00+0200,125.5,EUR/MWh,DK1,DK_1,imbalance_price,Short,2026-08-23T05:51:55Z
2026-08-23T05:46:44Z,2026-08-23T07:46:44+0200,442f0342-0040-4db4-ac3f-85a7f822bcbf,2026-08-17T23:45:00Z,2026-08-18T01:45:00+0200,122.98,EUR/MWh,DK1,DK_1,imbalance_price,Long,2026-08-23T05:51:55Z
2026-08-23T05:46:44Z,2026-08-23T07:46:44+0200,442f0342-0040-4db4-ac3f-85a7f822bcbf,2026-08-17T23:45:00Z,2026-08-18T01:45:00+0200,122.98,EUR/MWh,DK1,DK_1,imbalance_price,Short,2026-08-23T05:51:55Z
2026-08-23T05:46:44Z,2026-08-23T07:46:44+0200,442f0342-0040-4db4-ac3f-85a7f822bcbf,2026-08-18T00:00:00Z,2026-08-18T02:00:00+0200,129.51,EUR/MWh,DK1,DK_1,imbalance_price,Long,2026-08-23T05:51:55Z
2026-08-23T05:46:44Z,2026-08-23T07:46:44+0200,442f0342-0040-4db4-ac3f-85a7f822bcbf,2026-08-18T00:00:00Z,2026-08-18T02:00:00+0200,129.51,EUR/MWh,DK1,DK_1,imbalance_price,Short,2026-08-23T05:51:55Z
2026-08-23T05:46:44Z,2026-08-23T07:46:44+0200,442f0342-0040-4db4-ac3f-85a7f822bcbf,2026-08-18T00:15:00Z,2026-08-18T02:15:00+0200,122.73,EUR/MWh,DK1,DK_1,imbalance_price,Long,2026-08-23T05:51:55Z
2026-08-23T05:46:44Z,2026-08-23T07:46:44+0200,442f0342-0040-4db4-ac3f-85a7f822bcbf,2026-08-18T00:15:00Z,2026-08-18T02:15:00+0200,122.73,EUR/MWh,DK1,DK_1,imbalance_price,Short,2026-08-23T05:51:55Z
2026-08-23T05:46:44Z,2026-08-23T07:46:44+0200,442f0342-0040-4db4-ac3f-85a7f822bcbf,2026-08-18T00:30:00Z,2026-08-18T02:30:00+0200,124.45,EUR/MWh,DK1,DK_1,imbalance_price,Long,2026-08-23T05:51:55Z
2026-08-23T05:46:44Z,2026-08-23T07:46:44+0200,442f0342-0040-4db4-ac3f-85a7f822bcbf,2026-08-18T00:30:00Z,2026-08-18T02:30:00+0200,124.45,EUR/MWh,DK1,DK_1,imbalance_price,Short,2026-08-23T05:51:55Z
2026-08-23T05:46:44Z,2026-08-23T07:46:44+0200,442f0342-0040-4db4-ac3f-85a7f822bcbf,2026-08-18T00:45:00Z,2026-08-18T02:45:00+0200,123.9,EUR/MWh,DK1,DK_1,imbalance_price,Long,2026-08-23T05:51:55Z
2026-08-23T05:46:44Z,2026-08-23T07:46:44+0200,442f0342-0040-4db4-ac3f-85a7f822bcbf,2026-08-18T00:45:00Z,2026-08-18T02:45:00+0200,123.9,EUR/MWh,DK1,DK_1,imbalance_price,Short,2026-08-23T05:51:55Z
2026-08-23T05:46:44Z,2026-08-23T07:46:44+0200,442f0342-0040-4db4-ac3f-85a7f822bcbf,2026-08-18T01:00:00Z,2026-08-18T03:00:00+0200,127.57,EUR/MWh,DK1,DK_1,imbalance_price,Long,2026-08-23T05:51:55Z
2026-08-23T05:46:44Z,2026-08-23T07:46:44+0200,442f0342-0040-4db4-ac3f-85a7f822bcbf,2026-08-18T01:00:00Z,2026-08-18T03:00:00+0200,127.57,EUR/MWh,DK1,DK_1,imbalance_price,Short,2026-08-23T05:51:55Z
2026-08-23T05:46:44Z,2026-08-23T07:46:44+0200,442f0342-0040-4db4-ac3f-85a7f822bcbf,2026-08-18T01:15:00Z,2026-08-18T03:15:00+0200,125.8,EUR/MWh,DK1,DK_1,imbalance_price,Long,2026-08-23T05:51:55Z
2026-08-23T05:46:44Z,2026-08-23T07:46:44+0200,442f0342-0040-4db4-ac3f-85a7f822bcbf,2026-08-18T01:15:00Z,2026-08-18T03:15:00+0200,125.8,EUR/MWh,DK1,DK_1,imbalance_price,Short,2026-08-23T05:51:55Z
2026-08-23T05:46:44Z,2026-08-23T07:46:44+0200,442f0342-0040-4db4-ac3f-85a7f822bcbf,2026-08-18T01:30:00Z,2026-08-18T03:30:00+0200,127.49,EUR/MWh,DK1,DK_1,imbalance_price,Long,2026-08-23T05:51:55Z
2026-08-23T05:46:44Z,2026-08-23T07:46:44+0200,442f0342-0040-4db4-ac3f-85a7f822bcbf,2026-08-18T01:30:00Z,2026-08-18T03:30:00+0200,127.49,EUR/MWh,DK1,DK_1,imbalance_price,Short,2026-08-23T05:51:55Z
2026-08-23T05:46:44Z,2026-08-23T07:46:44+0200,442f0342-0040-4db4-ac3f-85a7f822bcbf,2026-08-18T01:45:00Z,2026-08-18T03:45:00+0200,128.57,EUR/MWh,DK1,DK_1,imbalance_price,Long,2026-08-23T05:51:55Z
2026-08-23T05:46:44Z,2026-08-23T07:46:44+0200,442f0342-0040-4db4-ac3f-85a7f822bcbf,2026-08-18T01:45:00Z,2026-08-18T03:45:00+0200,128.57,EUR/MWh,DK1,DK_1,imbalance_price,Short,2026-08-23T05:51:55Z
2026-08-23T05:46:44Z,2026-08-23T07:46:44+0200,442f0342-0040-4db4-ac3f-85a7f822bcbf,2026-08-18T02:00:00Z,2026-08-18T04:00:00+0200,127.61,EUR/MWh,DK1,DK_1,imbalance_price,Long,2026-08-23T05:51:55Z
2026-08-23T05:46:44Z,2026-08-23T07:46:44+0200,442f0342-0040-4db4-ac3f-85a7f822bcbf,2026-08-18T02:00:00Z,2026-08-18T04:00:00+0200,127.61,EUR/MWh,DK1,DK_1,imbalance_price,Short,2026-08-23T05:51:55Z
2026-08-23T05:46:44Z,2026-08-23T07:46:44+0200,442f0342-0040-4db4-ac3f-85a7f822bcbf,2026-08-18T02:15:00Z,2026-08-18T04:15:00+0200,128.0,EUR/MWh,DK1,DK_1,imbalance_price,Long,2026-08-23T05:51:55Z
2026-08-23T05:46:44Z,2026-08-23T07:46:44+0200,442f0342-0040-4db4-ac3f-85a7f822bcbf,2026-08-18T02:15:00Z,2026-08-18T04:15:00+0200,128.0,EUR/MWh,DK1,DK_1,imbalance_price,Short,2026-08-23T05:51:55Z
2026-08-23T05:46:44Z,2026-08-23T07:46:44+0200,442f0342-0040-4db4-ac3f-85a7f822bcbf,2026-08-18T02:30:00Z,2026-08-18T04:30:00+0200,149.3,EUR/MWh,DK1,DK_1,imbalance_price,Long,2026-08-23T05:51:55Z
2026-08-23T05:46:44Z,2026-08-23T07:46:44+0200,442f0342-0040-4db4-ac3f-85a7f822bcbf,2026-08-18T02:30:00Z,2026-08-18T04:30:00+0200,149.3,EUR/MWh,DK1,DK_1,imbalance_price,Short,2026-08-23T05:51:55Z
2026-08-23T05:46:44Z,2026-08-23T07:46:44+0200,442f0342-0040-4db4-ac3f-85a7f822bcbf,2026-08-18T02:45:00Z,2026-08-18T04:45:00+0200,240.83,EUR/MWh,DK1,DK_1,imbalance_price,Long,2026-08-23T05:51:55Z
2026-08-23T05:46:44Z,2026-08-23T07:46:44+0200,442f0342-0040-4db4-ac3f-85a7f822bcbf,2026-08-18T02:45:00Z,2026-08-18T04:45:00+0200,240.83,EUR/MWh,DK1,DK_1,imbalance_price,Short,2026-08-23T05:51:55Z
2026-08-23T05:46:44Z,2026-08-23T07:46:44+0200,442f0342-0040-4db4-ac3f-85a7f822bcbf,2026-08-18T03:00:00Z,2026-08-18T05:00:00+0200,279.76,EUR/MWh,DK1,DK_1,imbalance_price,Long,2026-08-23T05:51:55Z
2026-08-23T05:46:44Z,2026-08-23T07:46:44+0200,442f0342-0040-4db4-ac3f-85a7f822bcbf,2026-08-18T03:00:00Z,2026-08-18T05:00:00+0200,279.76,EUR/MWh,DK1,DK_1,imbalance_price,Short,2026-08-23T05:51:55Z
2026-08-23T05:46:44Z,2026-08-23T07:46:44+0200,442f0342-0040-4db4-ac3f-85a7f822bcbf,2026-08-18T03:15:00Z,2026-08-18T05:15:00+0200,176.17,EUR/MWh,DK1,DK_1,imbalance_price,Long,2026-08-23T05:51:55Z
2026-08-23T05:46:44Z,2026-08-23T07:46:44+0200,442f0342-0040-4db4-ac3f-85a7f822bcbf,2026-08-18T03:15:00Z,2026-08-18T05:15:00+0200,176.17,EUR/MWh,DK1,DK_1,imbalance_price,Short,2026-08-23T05:51:55Z
2026-08-23T05:46:44Z,2026-08-23T07:46:44+0200,442f0342-0040-4db4-ac3f-85a7f822bcbf,2026-08-18T03:30:00Z,2026-08-18T05:30:00+0200,374.62,EUR/MWh,DK1,DK_1,imbalance_price,Long,2026-08-23T05:51:55Z
2026-08-23T05:46:44Z,2026-08-23T07:46:44+0200,442f0342-0040-4db4-ac3f-85a7f822bcbf,2026-08-18T03:30:00Z,2026-08-18T05:30:00+0200,374.62,EUR/MWh,DK1,DK_1,imbalance_price,Short,2026-08-23T05:51:55Z
2026-08-23T05:46:44Z,2026-08-23T07:46:44+0200,442f0342-0040-4db4-ac3f-85a7f822bcbf,2026-08-18T03:45:00Z,2026-08-18T05:45:00+0200,334.48,EUR/MWh,DK1,DK_1,imbalance_price,Long,2026-08-23T05:51:55Z
2026-08-23T05:46:44Z,2026-08-23T07:46:44+0200,442f0342-0040-4db4-ac3f-85a7f822bcbf,2026-08-18T03:45:00Z,2026-08-18T05:45:00+0200,334.48,EUR/MWh,DK1,DK_1,imbalance_price,Short,2026-08-23T05:51:55Z
2026-08-23T05:46:44Z,2026-08-23T07:46:44+0200,442f0342-0040-4db4-ac3f-85a7f822bcbf,2026-08-18T04:00:00Z,2026-08-18T06:00:00+0200,172.39,EUR/MWh,DK1,DK_1,imbalance_price,Long,2026-08-23T05:51:55Z
2026-08-23T05:46:44Z,2026-08-23T07:46:44+0200,442f0342-0040-4db4-ac3f-85a7f822bcbf,2026-08-18T04:00:00Z,2026-08-18T06:00:00+0200,172.39,EUR/MWh,DK1,DK_1,imbalance_price,Short,2026-08-23T05:51:55Z
2026-08-23T05:46:44Z,2026-08-23T07:46:44+0200,442f0342-0040-4db4-ac3f-85a7f822bcbf,2026-08-18T04:15:00Z,2026-08-18T06:15:00+0200,152.46,EUR/MWh,DK1,DK_1,imbalance_price,Long,2026-08-23T05:51:55Z
2026-08-23T05:46:44Z,2026-08-23T07:46:44+0200,442f0342-0040-4db4-ac3f-85a7f822bcbf,2026-08-18T04:15:00Z,2026-08-18T06:15:00+0200,152.46,EUR/MWh,DK1,DK_1,imbalance_price,Short,2026-08-23T05:51:55Z
2026-08-23T05:46:44Z,2026-08-23T07:46:44+0200,442f0342-0040-4db4-ac3f-85a7f822bcbf,2026-08-18T04:30:00Z,2026-08-18T06:30:00+0200,153.48,EUR/MWh,DK1,DK_1,imbalance_price,Long,2026-08-23T05:51:55Z
2026-08-23T05:46:44Z,2026-08-23T07:46:44+0200,442f0342-0040-4db4-ac3f-85a7f822bcbf,2026-08-18T04:30:00Z,2026-08-18T06:30:00+0200,153.48,EUR/MWh,DK1,DK_1,imbalance_price,Short,2026-08-23T05:51:55Z
2026-08-23T05:46:44Z,2026-08-23T07:46:44+0200,442f0342-0040-4db4-ac3f-85a7f822bcbf,2026-08-18T04:45:00Z,2026-08-18T06:45:00+0200,152.97,EUR/MWh,DK1,DK_1,imbalance_price,Long,2026-08-23T05:51:55Z
2026-08-23T05:46:44Z,2026-08-23T07:46:44+0200,442f0342-0040-4db4-ac3f-85a7f822bcbf,2026-08-18T04:45:00Z,2026-08-18T06:45:00+0200,152.97,EUR/MWh,DK1,DK_1,imbalance_price,Short,2026-08-23T05:51:55Z
2026-08-23T05:46:44Z,2026-08-23T07:46:44+0200,442f0342-0040-4db4-ac3f-85a7f822bcbf,2026-08-18T05:00:00Z,2026-08-18T07:00:00+0200,245.12,EUR/MWh,DK1,DK_1,imbalance_price,Long,2026-08-23T05:51:55Z
2026-08-23T05:46:44Z,2026-08-23T07:46:44+0200,442f0342-0040-4db4-ac3f-85a7f822bcbf,2026-08-18T05:00:00Z,2026-08-18T07:00:00+0200,245.12,EUR/MWh,DK1,DK_1,imbalance_price,Short,2026-08-23T05:51:55Z
2026-08-23T05:46:44Z,2026-08-23T07:46:44+0200,442f0342-0040-4db4-ac3f-85a7f822bcbf,2026-08-18T05:15:00Z,2026-08-18T07:15:00+0200,192.47,EUR/MWh,DK1,DK_1,imbalance_price,Long,2026-08-23T05:51:55Z
2026-08-23T05:46:44Z,2026-08-23T07:46:44+0200,442f0342-0040-4db4-ac3f-85a7f822bcbf,2026-08-18T05:15:00Z,2026-08-18T07:15:00+0200,192.47,EUR/MWh,DK1,DK_1,imbalance_price,Short,2026-08-23T05:51:55Z
2026-08-23T05:46:44Z,2026-08-23T07:46:44+0200,442f0342-0040-4db4-ac3f-85a7f822bcbf,2026-08-18T05:30:00Z,2026-08-18T07:30:00+0200,225.94,EUR/MWh,DK1,DK_1,imbalance_price,Long,2026-08-23T05:51:55Z
2026-08-23T05:46:44Z,2026-08-23T07:46:44+0200,442f0342-0040-4db4-ac3f-85a7f822bcbf,2026-08-18T05:30:00Z,2026-08-18T07:30:00+0200,225.94,EUR/MWh,DK1,DK_1,imbalance_price,Short,2026-08-23T05:51:55Z
2026-08-23T05:46:44Z,2026-08-23T07:46:44+0200,442f0342-0040-4db4-ac3f-85a7f822bcbf,2026-08-18T05:45:00Z,2026-08-18T07:45:00+0200,188.02,EUR/MWh,DK1,DK_1,imbalance_price,Long,2026-08-23T05:51:55Z
2026-08-23T05:46:44Z,2026-08-23T07:46:44+0200,442f0342-0040-4db4-ac3f-85a7f822bcbf,2026-08-18T05:45:00Z,2026-08-18T07:45:00+0200,188.02,EUR/MWh,DK1,DK_1,imbalance_price,Short,2026-08-23T05:51:55Z
2026-08-23T05:46:44Z,2026-08-23T07:46:44+0200,442f0342-0040-4db4-ac3f-85a7f822bcbf,2026-08-18T06:00:00Z,2026-08-18T08:00:00+0200,201.38,EUR/MWh,DK1,DK_1,imbalance_price,Long,2026-08-23T05:51:55Z
2026-08-23T05:46:44Z,2026-08-23T07:46:44+0200,442f0342-0040-4db4-ac3f-85a7f822bcbf,2026-08-18T06:00:00Z,2026-08-18T08:00:00+0200,201.38,EUR/MWh,DK1,DK_1,imbalance_price,Short,2026-08-23T05:51:55Z
2026-08-23T05:46:44Z,2026-08-23T07:46:44+0200,442f0342-0040-4db4-ac3f-85a7f822bcbf,2026-08-18T06:15:00Z,2026-08-18T08:15:00+0200,144.12,EUR/MWh,DK1,DK_1,imbalance_price,Long,2026-08-23T05:51:55Z
2026-08-23T05:46:44Z,2026-08-23T07:46:44+0200,442f0342-0040-4db4-ac3f-85a7f822bcbf,2026-08-18T06:15:00Z,2026-08-18T08:15:00+0200,144.12,EUR/MWh,DK1,DK_1,imbalance_price,Short,2026-08-23T05:51:55Z
2026-08-23T05:46:44Z,2026-08-23T07:46:44+0200,442f0342-0040-4db4-ac3f-85a7f822bcbf,2026-08-18T06:30:00Z,2026-08-18T08:30:00+0200,122.27,EUR/MWh,DK1,DK_1,imbalance_price,Long,2026-08-23T05:51:55Z
2026-08-23T05:46:44Z,2026-08-23T07:46:44+0200,442f0342-0040-4db4-ac3f-85a7f822bcbf,2026-08-18T06:30:00Z,2026-08-18T08:30:00+0200,122.27,EUR/MWh,DK1,DK_1,imbalance_price,Short,2026-08-23T05:51:55Z
2026-08-23T05:46:44Z,2026-08-23T07:46:44+0200,442f0342-0040-4db4-ac3f-85a7f822bcbf,2026-08-18T06:45:00Z,2026-08-18T08:45:00+0200,98.47,EUR/MWh,DK1,DK_1,imbalance_price,Long,2026-08-23T05:51:55Z
2026-08-23T05:46:44Z,2026-08-23T07:46:44+0200,442f0342-0040-4db4-ac3f-85a7f822bcbf,2026-08-18T06:45:00Z,2026-08-18T08:45:00+0200,98.47,EUR/MWh,DK1,DK_1,imbalance_price,Short,2026-08-23T05:51:55Z
2026-08-23T05:46:44Z,2026-08-23T07:46:44+0200,442f0342-0040-4db4-ac3f-85a7f822bcbf,2026-08-18T07:00:00Z,2026-08-18T09:00:00+0200,118.36,EUR/MWh,DK1,DK_1,imbalance_price,Long,2026-08-23T05:51:55Z
2026-08-23T05:46:44Z,2026-08-23T07:46:44+0200,442f0342-0040-4db4-ac3f-85a7f822bcbf,2026-08-18T07:00:00Z,2026-08-18T09:00:00+0200,118.36,EUR/MWh,DK1,DK_1,imbalance_price,Short,2026-08-23T05:51:55Z
2026-08-23T05:46:44Z,2026-08-23T07:46:44+0200,442f0342-0040-4db4-ac3f-85a7f822bcbf,2026-08-18T07:15:00Z,2026-08-18T09:15:00+0200,128.45,EUR/MWh,DK1,DK_1,imbalance_price,Long,2026-08-23T05:51:55Z
2026-08-23T05:46:44Z,2026-08-23T07:46:44+0200,442f0342-0040-4db4-ac3f-85a7f822bcbf,2026-08-18T07:15:00Z,2026-08-18T09:15:00+0200,128.45,EUR/MWh,DK1,DK_1,imbalance_price,Short,2026-08-23T05:51:55Z
2026-08-23T05:46:44Z,2026-08-23T07:46:44+0200,442f0342-0040-4db4-ac3f-85a7f822bcbf,2026-08-18T07:30:00Z,2026-08-18T09:30:00+0200,125.24,EUR/MWh,DK1,DK_1,imbalance_price,Long,2026-08-23T05:51:55Z
2026-08-23T05:46:44Z,2026-08-23T07:46:44+0200,442f0342-0040-4db4-ac3f-85a7f822bcbf,2026-08-18T07:30:00Z,2026-08-18T09:30:00+0200,125.24,EUR/MWh,DK1,DK_1,imbalance_price,Short,2026-08-23T05:51:55Z
2026-08-23T05:46:44Z,2026-08-23T07:46:44+0200,442f0342-0040-4db4-ac3f-85a7f822bcbf,2026-08-18T07:45:00Z,2026-08-18T09:45:00+0200,147.99,EUR/MWh,DK1,DK_1,imbalance_price,Long,2026-08-23T05:51:55Z
2026-08-23T05:46:44Z,2026-08-23T07:46:44+0200,442f0342-0040-4db4-ac3f-85a7f822bcbf,2026-08-18T07:45:00Z,2026-08-18T09:45:00+0200,147.99,EUR/MWh,DK1,DK_1,imbalance_price,Short,2026-08-23T05:51:55Z
2026-08-23T05:46:44Z,2026-08-23T07:46:44+0200,442f0342-0040-4db4-ac3f-85a7f822bcbf,2026-08-18T08:00:00Z,2026-08-18T10:00:00+0200,191.43,EUR/MWh,DK1,DK_1,imbalance_price,Long,2026-08-23T05:51:55Z
2026-08-23T05:46:44Z,2026-08-23T07:46:44+0200,442f0342-0040-4db4-ac3f-85a7f822bcbf,2026-08-18T08:00:00Z,2026-08-18T10:00:00+0200,191.43,EUR/MWh,DK1,DK_1,imbalance_price,Short,2026-08-23T05:51:55Z
2026-08-23T05:46:44Z,2026-08-23T07:46:44+0200,442f0342-0040-4db4-ac3f-85a7f822bcbf,2026-08-18T08:15:00Z,2026-08-18T10:15:00+0200,222.1,EUR/MWh,DK1,DK_1,imbalance_price,Long,2026-08-23T05:51:55Z
2026-08-23T05:46:44Z,2026-08-23T07:46:44+0200,442f0342-0040-4db4-ac3f-85a7f822bcbf,2026-08-18T08:15:00Z,2026-08-18T10:15:00+0200,222.1,EUR/MWh,DK1,DK_1,imbalance_price,Short,2026-08-23T05:51:55Z
2026-08-23T05:46:44Z,2026-08-23T07:46:44+0200,442f0342-0040-4db4-ac3f-85a7f822bcbf,2026-08-18T08:30:00Z,2026-08-18T10:30:00+0200,84.62,EUR/MWh,DK1,DK_1,imbalance_price,Long,2026-08-23T05:51:55Z
2026-08-23T05:46:44Z,2026-08-23T07:46:44+0200,442f0342-0040-4db4-ac3f-85a7f822bcbf,2026-08-18T08:30:00Z,2026-08-18T10:30:00+0200,84.62,EUR/MWh,DK1,DK_1,imbalance_price,Short,2026-08-23T05:51:55Z
2026-08-23T05:46:44Z,2026-08-23T07:46:44+0200,442f0342-0040-4db4-ac3f-85a7f822bcbf,2026-08-18T08:45:00Z,2026-08-18T10:45:00+0200,89.11,EUR/MWh,DK1,DK_1,imbalance_price,Long,2026-08-23T05:51:55Z
2026-08-23T05:46:44Z,2026-08-23T07:46:44+0200,442f0342-0040-4db4-ac3f-85a7f822bcbf,2026-08-18T08:45:00Z,2026-08-18T10:45:00+0200,89.11,EUR/MWh,DK1,DK_1,imbalance_price,Short,2026-08-23T05:51:55Z
2026-08-23T05:46:44Z,2026-08-23T07:46:44+0200,442f0342-0040-4db4-ac3f-85a7f822bcbf,2026-08-18T09:00:00Z,2026-08-18T11:00:00+0200,122.24,EUR/MWh,DK1,DK_1,imbalance_price,Long,2026-08-23T05:51:55Z
2026-08-23T05:46:44Z,2026-08-23T07:46:44+0200,442f0342-0040-4db4-ac3f-85a7f822bcbf,2026-08-18T09:00:00Z,2026-08-18T11:00:00+0200,122.24,EUR/MWh,DK1,DK_1,imbalance_price,Short,2026-08-23T05:51:55Z
2026-08-23T05:46:44Z,2026-08-23T07:46:44+0200,442f0342-0040-4db4-ac3f-85a7f822bcbf,2026-08-18T09:15:00Z,2026-08-18T11:15:00+0200,144.32,EUR/MWh,DK1,DK_1,imbalance_price,Long,2026-08-23T05:51:55Z
2026-08-23T05:46:44Z,2026-08-23T07:46:44+0200,442f0342-0040-4db4-ac3f-85a7f822bcbf,2026-08-18T09:15:00Z,2026-08-18T11:15:00+0200,144.32,EUR/MWh,DK1,DK_1,imbalance_price,Short,2026-08-23T05:51:55Z
2026-08-23T05:46:44Z,2026-08-23T07:46:44+0200,442f0342-0040-4db4-ac3f-85a7f822bcbf,2026-08-18T09:30:00Z,2026-08-18T11:30:00+0200,141.65,EUR/MWh,DK1,DK_1,imbalance_price,Long,2026-08-23T05:51:55Z
2026-08-23T05:46:44Z,2026-08-23T07:46:44+0200,442f0342-0040-4db4-ac3f-85a7f822bcbf,2026-08-18T09:30:00Z,2026-08-18T11:30:00+0200,141.65,EUR/MWh,DK1,DK_1,imbalance_price,Short,2026-08-23T05:51:55Z
2026-08-23T05:46:44Z,2026-08-23T07:46:44+0200,442f0342-0040-4db4-ac3f-85a7f822bcbf,2026-08-18T09:45:00Z,2026-08-18T11:45:00+0200,146.49,EUR/MWh,DK1,DK_1,imbalance_price,Long,2026-08-23T05:51:55Z
2026-08-23T05:46:44Z,2026-08-23T07:46:44+0200,442f0342-0040-4db4-ac3f-85a7f822bcbf,2026-08-18T09:45:00Z,2026-08-18T11:45:00+0200,146.49,EUR/MWh,DK1,DK_1,imbalance_price,Short,2026-08-23T05:51:55Z
2026-08-23T05:46:44Z,2026-08-23T07:46:44+0200,442f0342-0040-4db4-ac3f-85a7f822bcbf,2026-08-18T10:00:00Z,2026-08-18T12:00:00+0200,137.07,EUR/MWh,DK1,DK_1,imbalance_price,Long,2026-08-23T05:51:55Z
2026-08-23T05:46:44Z,2026-08-23T07:46:44+0200,442f0342-0040-4db4-ac3f-85a7f822bcbf,2026-08-18T10:00:00Z,2026-08-18T12:00:00+0200,137.07,EUR/MWh,DK1,DK_1,imbalance_price,Short,2026-08-23T05:51:55Z
2026-08-23T05:46:44Z,2026-08-23T07:46:44+0200,442f0342-0040-4db4-ac3f-85a7f822bcbf,2026-08-18T10:15:00Z,2026-08-18T12:15:00+0200,98.55,EUR/MWh,DK1,DK_1,imbalance_price,Long,2026-08-23T05:51:55Z
2026-08-23T05:46:44Z,2026-08-23T07:46:44+0200,442f0342-0040-4db4-ac3f-85a7f822bcbf,2026-08-18T10:15:00Z,2026-08-18T12:15:00+0200,98.55,EUR/MWh,DK1,DK_1,imbalance_price,Short,2026-08-23T05:51:55Z
2026-08-23T05:46:44Z,2026-08-23T07:46:44+0200,442f0342-0040-4db4-ac3f-85a7f822bcbf,2026-08-18T10:30:00Z,2026-08-18T12:30:00+0200,128.76,EUR/MWh,DK1,DK_1,imbalance_price,Long,2026-08-23T05:51:55Z
2026-08-23T05:46:44Z,2026-08-23T07:46:44+0200,442f0342-0040-4db4-ac3f-85a7f822bcbf,2026-08-18T10:30:00Z,2026-08-18T12:30:00+0200,128.76,EUR/MWh,DK1,DK_1,imbalance_price,Short,2026-08-23T05:51:55Z
2026-08-23T05:46:44Z,2026-08-23T07:46:44+0200,442f0342-0040-4db4-ac3f-85a7f822bcbf,2026-08-18T10:45:00Z,2026-08-18T12:45:00+0200,135.26,EUR/MWh,DK1,DK_1,imbalance_price,Long,2026-08-23T05:51:55Z
2026-08-23T05:46:44Z,2026-08-23T07:46:44+0200,442f0342-0040-4db4-ac3f-85a7f822bcbf,2026-08-18T10:45:00Z,2026-08-18T12:45:00+0200,135.26,EUR/MWh,DK1,DK_1,imbalance_price,Short,2026-08-23T05:51:55Z
2026-08-23T05:46:44Z,2026-08-23T07:46:44+0200,442f0342-0040-4db4-ac3f-85a7f822bcbf,2026-08-18T11:00:00Z,2026-08-18T13:00:00+0200,127.17,EUR/MWh,DK1,DK_1,imbalance_price,Long,2026-08-23T05:51:55Z
2026-08-23T05:46:44Z,2026-08-23T07:46:44+0200,442f0342-0040-4db4-ac3f-85a7f822bcbf,2026-08-18T11:00:00Z,2026-08-18T13:00:00+0200,127.17,EUR/MWh,DK1,DK_1,imbalance_price,Short,2026-08-23T05:51:55Z
2026-08-23T05:46:44Z,2026-08-23T07:46:44+0200,442f0342-0040-4db4-ac3f-85a7f822bcbf,2026-08-18T11:15:00Z,2026-08-18T13:15:00+0200,123.12,EUR/MWh,DK1,DK_1,imbalance_price,Long,2026-08-23T05:51:55Z
2026-08-23T05:46:44Z,2026-08-23T07:46:44+0200,442f0342-0040-4db4-ac3f-85a7f822bcbf,2026-08-18T11:15:00Z,2026-08-18T13:15:00+0200,123.12,EUR/MWh,DK1,DK_1,imbalance_price,Short,2026-08-23T05:51:55Z
2026-08-23T05:46:44Z,2026-08-23T07:46:44+0200,442f0342-0040-4db4-ac3f-85a7f822bcbf,2026-08-18T11:30:00Z,2026-08-18T13:30:00+0200,125.74,EUR/MWh,DK1,DK_1,imbalance_price,Long,2026-08-23T05:51:55Z
2026-08-23T05:46:44Z,2026-08-23T07:46:44+0200,442f0342-0040-4db4-ac3f-85a7f822bcbf,2026-08-18T11:30:00Z,2026-08-18T13:30:00+0200,125.74,EUR/MWh,DK1,DK_1,imbalance_price,Short,2026-08-23T05:51:55Z
2026-08-23T05:46:44Z,2026-08-23T07:46:44+0200,442f0342-0040-4db4-ac3f-85a7f822bcbf,2026-08-18T11:45:00Z,2026-08-18T13:45:00+0200,124.16,EUR/MWh,DK1,DK_1,imbalance_price,Long,2026-08-23T05:51:55Z
2026-08-23T05:46:44Z,2026-08-23T07:46:44+0200,442f0342-0040-4db4-ac3f-85a7f822bcbf,2026-08-18T11:45:00Z,2026-08-18T13:45:00+0200,124.16,EUR/MWh,DK1,DK_1,imbalance_price,Short,2026-08-23T05:51:55Z
2026-08-23T05:46:44Z,2026-08-23T07:46:44+0200,442f0342-0040-4db4-ac3f-85a7f822bcbf,2026-08-18T12:00:00Z,2026-08-18T14:00:00+0200,117.71,EUR/MWh,DK1,DK_1,imbalance_price,Long,2026-08-23T05:51:55Z
2026-08-23T05:46:44Z,2026-08-23T07:46:44+0200,442f0342-0040-4db4-ac3f-85a7f822bcbf,2026-08-18T12:00:00Z,2026-08-18T14:00:00+0200,117.71,EUR/MWh,DK1,DK_1,imbalance_price,Short,2026-08-23T05:51:55Z
2026-08-23T05:46:44Z,2026-08-23T07:46:44+0200,442f0342-0040-4db4-ac3f-85a7f822bcbf,2026-08-18T12:15:00Z,2026-08-18T14:15:00+0200,122.46,EUR/MWh,DK1,DK_1,imbalance_price,Long,2026-08-23T05:51:55Z
2026-08-23T05:46:44Z,2026-08-23T07:46:44+0200,442f0342-0040-4db4-ac3f-85a7f822bcbf,2026-08-18T12:15:00Z,2026-08-18T14:15:00+0200,122.46,EUR/MWh,DK1,DK_1,imbalance_price,Short,2026-08-23T05:51:55Z
2026-08-23T05:46:44Z,2026-08-23T07:46:44+0200,442f0342-0040-4db4-ac3f-85a7f822bcbf,2026-08-18T12:30:00Z,2026-08-18T14:30:00+0200,275.48,EUR/MWh,DK1,DK_1,imbalance_price,Long,2026-08-23T05:51:55Z
2026-08-23T05:46:44Z,2026-08-23T07:46:44+0200,442f0342-0040-4db4-ac3f-85a7f822bcbf,2026-08-18T12:30:00Z,2026-08-18T14:30:00+0200,275.48,EUR/MWh,DK1,DK_1,imbalance_price,Short,2026-08-23T05:51:55Z
2026-08-23T05:46:44Z,2026-08-23T07:46:44+0200,442f0342-0040-4db4-ac3f-85a7f822bcbf,2026-08-18T12:45:00Z,2026-08-18T14:45:00+0200,218.83,EUR/MWh,DK1,DK_1,imbalance_price,Long,2026-08-23T05:51:55Z
2026-08-23T05:46:44Z,2026-08-23T07:46:44+0200,442f0342-0040-4db4-ac3f-85a7f822bcbf,2026-08-18T12:45:00Z,2026-08-18T14:45:00+0200,218.83,EUR/MWh,DK1,DK_1,imbalance_price,Short,2026-08-23T05:51:55Z
2026-08-23T05:46:44Z,2026-08-23T07:46:44+0200,442f0342-0040-4db4-ac3f-85a7f822bcbf,2026-08-18T13:00:00Z,2026-08-18T15:00:00+0200,148.09,EUR/MWh,DK1,DK_1,imbalance_price,Long,2026-08-23T05:51:55Z
2026-08-23T05:46:44Z,2026-08-23T07:46:44+0200,442f0342-0040-4db4-ac3f-85a7f822bcbf,2026-08-18T13:00:00Z,2026-08-18T15:00:00+0200,148.09,EUR/MWh,DK1,DK_1,imbalance_price,Short,2026-08-23T05:51:55Z
2026-08-23T05:46:44Z,2026-08-23T07:46:44+0200,442f0342-0040-4db4-ac3f-85a7f822bcbf,2026-08-18T13:15:00Z,2026-08-18T15:15:00+0200,130.27,EUR/MWh,DK1,DK_1,imbalance_price,Long,2026-08-23T05:51:55Z
2026-08-23T05:46:44Z,2026-08-23T07:46:44+0200,442f0342-0040-4db4-ac3f-85a7f822bcbf,2026-08-18T13:15:00Z,2026-08-18T15:15:00+0200,130.27,EUR/MWh,DK1,DK_1,imbalance_price,Short,2026-08-23T05:51:55Z
2026-08-23T05:46:44Z,2026-08-23T07:46:44+0200,442f0342-0040-4db4-ac3f-85a7f822bcbf,2026-08-18T13:30:00Z,2026-08-18T15:30:00+0200,247.52,EUR/MWh,DK1,DK_1,imbalance_price,Long,2026-08-23T05:51:55Z
2026-08-23T05:46:44Z,2026-08-23T07:46:44+0200,442f0342-0040-4db4-ac3f-85a7f822bcbf,2026-08-18T13:30:00Z,2026-08-18T15:30:00+0200,247.52,EUR/MWh,DK1,DK_1,imbalance_price,Short,2026-08-23T05:51:55Z
2026-08-23T05:46:44Z,2026-08-23T07:46:44+0200,442f0342-0040-4db4-ac3f-85a7f822bcbf,2026-08-18T13:45:00Z,2026-08-18T15:45:00+0200,167.15,EUR/MWh,DK1,DK_1,imbalance_price,Long,2026-08-23T05:51:55Z
2026-08-23T05:46:44Z,2026-08-23T07:46:44+0200,442f0342-0040-4db4-ac3f-85a7f822bcbf,2026-08-18T13:45:00Z,2026-08-18T15:45:00+0200,167.15,EUR/MWh,DK1,DK_1,imbalance_price,Short,2026-08-23T05:51:55Z
2026-08-23T05:46:44Z,2026-08-23T07:46:44+0200,442f0342-0040-4db4-ac3f-85a7f822bcbf,2026-08-18T14:00:00Z,2026-08-18T16:00:00+0200,131.88,EUR/MWh,DK1,DK_1,imbalance_price,Long,2026-08-23T05:51:55Z
2026-08-23T05:46:44Z,2026-08-23T07:46:44+0200,442f0342-0040-4db4-ac3f-85a7f822bcbf,2026-08-18T14:00:00Z,2026-08-18T16:00:00+0200,131.88,EUR/MWh,DK1,DK_1,imbalance_price,Short,2026-08-23T05:51:55Z
2026-08-23T05:46:44Z,2026-08-23T07:46:44+0200,442f0342-0040-4db4-ac3f-85a7f822bcbf,2026-08-18T14:15:00Z,2026-08-18T16:15:00+0200,86.63,EUR/MWh,DK1,DK_1,imbalance_price,Long,2026-08-23T05:51:55Z
2026-08-23T05:46:44Z,2026-08-23T07:46:44+0200,442f0342-0040-4db4-ac3f-85a7f822bcbf,2026-08-18T14:15:00Z,2026-08-18T16:15:00+0200,86.63,EUR/MWh,DK1,DK_1,imbalance_price,Short,2026-08-23T05:51:55Z
2026-08-23T05:46:44Z,2026-08-23T07:46:44+0200,442f0342-0040-4db4-ac3f-85a7f822bcbf,2026-08-18T14:30:00Z,2026-08-18T16:30:00+0200,139.72,EUR/MWh,DK1,DK_1,imbalance_price,Long,2026-08-23T05:51:55Z
2026-08-23T05:46:44Z,2026-08-23T07:46:44+0200,442f0342-0040-4db4-ac3f-85a7f822bcbf,2026-08-18T14:30:00Z,2026-08-18T16:30:00+0200,139.72,EUR/MWh,DK1,DK_1,imbalance_price,Short,2026-08-23T05:51:55Z
2026-08-23T05:46:44Z,2026-08-23T07:46:44+0200,442f0342-0040-4db4-ac3f-85a7f822bcbf,2026-08-18T14:45:00Z,2026-08-18T16:45:00+0200,149.3,EUR/MWh,DK1,DK_1,imbalance_price,Long,2026-08-23T05:51:55Z
2026-08-23T05:46:44Z,2026-08-23T07:46:44+0200,442f0342-0040-4db4-ac3f-85a7f822bcbf,2026-08-18T14:45:00Z,2026-08-18T16:45:00+0200,149.3,EUR/MWh,DK1,DK_1,imbalance_price,Short,2026-08-23T05:51:55Z
2026-08-23T05:46:44Z,2026-08-23T07:46:44+0200,442f0342-0040-4db4-ac3f-85a7f822bcbf,2026-08-18T15:00:00Z,2026-08-18T17:00:00+0200,236.19,EUR/MWh,DK1,DK_1,imbalance_price,Long,2026-08-23T05:51:55Z
2026-08-23T05:46:44Z,2026-08-23T07:46:44+0200,442f0342-0040-4db4-ac3f-85a7f822bcbf,2026-08-18T15:00:00Z,2026-08-18T17:00:00+0200,236.19,EUR/MWh,DK1,DK_1,imbalance_price,Short,2026-08-23T05:51:55Z
2026-08-23T05:46:44Z,2026-08-23T07:46:44+0200,442f0342-0040-4db4-ac3f-85a7f822bcbf,2026-08-18T15:15:00Z,2026-08-18T17:15:00+0200,113.2,EUR/MWh,DK1,DK_1,imbalance_price,Long,2026-08-23T05:51:55Z
2026-08-23T05:46:44Z,2026-08-23T07:46:44+0200,442f0342-0040-4db4-ac3f-85a7f822bcbf,2026-08-18T15:15:00Z,2026-08-18T17:15:00+0200,113.2,EUR/MWh,DK1,DK_1,imbalance_price,Short,2026-08-23T05:51:55Z
2026-08-23T05:46:44Z,2026-08-23T07:46:44+0200,442f0342-0040-4db4-ac3f-85a7f822bcbf,2026-08-18T15:30:00Z,2026-08-18T17:30:00+0200,214.49,EUR/MWh,DK1,DK_1,imbalance_price,Long,2026-08-23T05:51:55Z
2026-08-23T05:46:44Z,2026-08-23T07:46:44+0200,442f0342-0040-4db4-ac3f-85a7f822bcbf,2026-08-18T15:30:00Z,2026-08-18T17:30:00+0200,214.49,EUR/MWh,DK1,DK_1,imbalance_price,Short,2026-08-23T05:51:55Z
2026-08-23T05:46:44Z,2026-08-23T07:46:44+0200,442f0342-0040-4db4-ac3f-85a7f822bcbf,2026-08-18T15:45:00Z,2026-08-18T17:45:00+0200,164.54,EUR/MWh,DK1,DK_1,imbalance_price,Long,2026-08-23T05:51:55Z
2026-08-23T05:46:44Z,2026-08-23T07:46:44+0200,442f0342-0040-4db4-ac3f-85a7f822bcbf,2026-08-18T15:45:00Z,2026-08-18T17:45:00+0200,164.54,EUR/MWh,DK1,DK_1,imbalance_price,Short,2026-08-23T05:51:55Z
2026-08-23T05:46:44Z,2026-08-23T07:46:44+0200,442f0342-0040-4db4-ac3f-85a7f822bcbf,2026-08-18T16:00:00Z,2026-08-18T18:00:00+0200,176.0,EUR/MWh,DK1,DK_1,imbalance_price,Long,2026-08-23T05:51:55Z
2026-08-23T05:46:44Z,2026-08-23T07:46:44+0200,442f0342-0040-4db4-ac3f-85a7f822bcbf,2026-08-18T16:00:00Z,2026-08-18T18:00:00+0200,176.0,EUR/MWh,DK1,DK_1,imbalance_price,Short,2026-08-23T05:51:55Z
2026-08-23T05:46:44Z,2026-08-23T07:46:44+0200,442f0342-0040-4db4-ac3f-85a7f822bcbf,2026-08-18T16:15:00Z,2026-08-18T18:15:00+0200,262.66,EUR/MWh,DK1,DK_1,imbalance_price,Long,2026-08-23T05:51:55Z
2026-08-23T05:46:44Z,2026-08-23T07:46:44+0200,442f0342-0040-4db4-ac3f-85a7f822bcbf,2026-08-18T16:15:00Z,2026-08-18T18:15:00+0200,262.66,EUR/MWh,DK1,DK_1,imbalance_price,Short,2026-08-23T05:51:55Z
2026-08-23T05:46:44Z,2026-08-23T07:46:44+0200,442f0342-0040-4db4-ac3f-85a7f822bcbf,2026-08-18T16:30:00Z,2026-08-18T18:30:00+0200,186.64,EUR/MWh,DK1,DK_1,imbalance_price,Long,2026-08-23T05:51:55Z
2026-08-23T05:46:44Z,2026-08-23T07:46:44+0200,442f0342-0040-4db4-ac3f-85a7f822bcbf,2026-08-18T16:30:00Z,2026-08-18T18:30:00+0200,186.64,EUR/MWh,DK1,DK_1,imbalance_price,Short,2026-08-23T05:51:55Z
2026-08-23T05:46:44Z,2026-08-23T07:46:44+0200,442f0342-0040-4db4-ac3f-85a7f822bcbf,2026-08-18T16:45:00Z,2026-08-18T18:45:00+0200,191.09,EUR/MWh,DK1,DK_1,imbalance_price,Long,2026-08-23T05:51:55Z
2026-08-23T05:46:44Z,2026-08-23T07:46:44+0200,442f0342-0040-4db4-ac3f-85a7f822bcbf,2026-08-18T16:45:00Z,2026-08-18T18:45:00+0200,191.09,EUR/MWh,DK1,DK_1,imbalance_price,Short,2026-08-23T05:51:55Z
2026-08-23T05:46:44Z,2026-08-23T07:46:44+0200,442f0342-0040-4db4-ac3f-85a7f822bcbf,2026-08-18T17:00:00Z,2026-08-18T19:00:00+0200,263.01,EUR/MWh,DK1,DK_1,imbalance_price,Long,2026-08-23T05:51:55Z
2026-08-23T05:46:44Z,2026-08-23T07:46:44+0200,442f0342-0040-4db4-ac3f-85a7f822bcbf,2026-08-18T17:00:00Z,2026-08-18T19:00:00+0200,263.01,EUR/MWh,DK1,DK_1,imbalance_price,Short,2026-08-23T05:51:55Z
2026-08-23T05:46:44Z,2026-08-23T07:46:44+0200,442f0342-0040-4db4-ac3f-85a7f822bcbf,2026-08-18T17:15:00Z,2026-08-18T19:15:00+0200,260.71,EUR/MWh,DK1,DK_1,imbalance_price,Long,2026-08-23T05:51:55Z
2026-08-23T05:46:44Z,2026-08-23T07:46:44+0200,442f0342-0040-4db4-ac3f-85a7f822bcbf,2026-08-18T17:15:00Z,2026-08-18T19:15:00+0200,260.71,EUR/MWh,DK1,DK_1,imbalance_price,Short,2026-08-23T05:51:55Z
2026-08-23T05:46:44Z,2026-08-23T07:46:44+0200,442f0342-0040-4db4-ac3f-85a7f822bcbf,2026-08-18T17:30:00Z,2026-08-18T19:30:00+0200,162.36,EUR/MWh,DK1,DK_1,imbalance_price,Long,2026-08-23T05:51:55Z
2026-08-23T05:46:44Z,2026-08-23T07:46:44+0200,442f0342-0040-4db4-ac3f-85a7f822bcbf,2026-08-18T17:30:00Z,2026-08-18T19:30:00+0200,162.36,EUR/MWh,DK1,DK_1,imbalance_price,Short,2026-08-23T05:51:55Z
2026-08-23T05:46:44Z,2026-08-23T07:46:44+0200,442f0342-0040-4db4-ac3f-85a7f822bcbf,2026-08-18T17:45:00Z,2026-08-18T19:45:00+0200,204.04,EUR/MWh,DK1,DK_1,imbalance_price,Long,2026-08-23T05:51:55Z
2026-08-23T05:46:44Z,2026-08-23T07:46:44+0200,442f0342-0040-4db4-ac3f-85a7f822bcbf,2026-08-18T17:45:00Z,2026-08-18T19:45:00+0200,204.04,EUR/MWh,DK1,DK_1,imbalance_price,Short,2026-08-23T05:51:55Z
2026-08-23T05:46:44Z,2026-08-23T07:46:44+0200,442f0342-0040-4db4-ac3f-85a7f822bcbf,2026-08-18T18:00:00Z,2026-08-18T20:00:00+0200,198.95,EUR/MWh,DK1,DK_1,imbalance_price,Long,2026-08-23T05:51:55Z
2026-08-23T05:46:44Z,2026-08-23T07:46:44+0200,442f0342-0040-4db4-ac3f-85a7f822bcbf,2026-08-18T18:00:00Z,2026-08-18T20:00:00+0200,198.95,EUR/MWh,DK1,DK_1,imbalance_price,Short,2026-08-23T05:51:55Z
2026-08-23T05:46:44Z,2026-08-23T07:46:44+0200,442f0342-0040-4db4-ac3f-85a7f822bcbf,2026-08-18T18:15:00Z,2026-08-18T20:15:00+0200,272.19,EUR/MWh,DK1,DK_1,imbalance_price,Long,2026-08-23T05:51:55Z
2026-08-23T05:46:44Z,2026-08-23T07:46:44+0200,442f0342-0040-4db4-ac3f-85a7f822bcbf,2026-08-18T18:15:00Z,2026-08-18T20:15:00+0200,272.19,EUR/MWh,DK1,DK_1,imbalance_price,Short,2026-08-23T05:51:55Z
2026-08-23T05:46:44Z,2026-08-23T07:46:44+0200,442f0342-0040-4db4-ac3f-85a7f822bcbf,2026-08-18T18:30:00Z,2026-08-18T20:30:00+0200,305.36,EUR/MWh,DK1,DK_1,imbalance_price,Long,2026-08-23T05:51:55Z
2026-08-23T05:46:44Z,2026-08-23T07:46:44+0200,442f0342-0040-4db4-ac3f-85a7f822bcbf,2026-08-18T18:30:00Z,2026-08-18T20:30:00+0200,305.36,EUR/MWh,DK1,DK_1,imbalance_price,Short,2026-08-23T05:51:55Z
2026-08-23T05:46:44Z,2026-08-23T07:46:44+0200,442f0342-0040-4db4-ac3f-85a7f822bcbf,2026-08-18T18:45:00Z,2026-08-18T20:45:00+0200,259.41,EUR/MWh,DK1,DK_1,imbalance_price,Long,2026-08-23T05:51:55Z
2026-08-23T05:46:44Z,2026-08-23T07:46:44+0200,442f0342-0040-4db4-ac3f-85a7f822bcbf,2026-08-18T18:45:00Z,2026-08-18T20:45:00+0200,259.41,EUR/MWh,DK1,DK_1,imbalance_price,Short,2026-08-23T05:51:55Z
2026-08-23T05:46:44Z,2026-08-23T07:46:44+0200,442f0342-0040-4db4-ac3f-85a7f822bcbf,2026-08-18T19:00:00Z,2026-08-18T21:00:00+0200,268.09,EUR/MWh,DK1,DK_1,imbalance_price,Long,2026-08-23T05:51:55Z
2026-08-23T05:46:44Z,2026-08-23T07:46:44+0200,442f0342-0040-4db4-ac3f-85a7f822bcbf,2026-08-18T19:00:00Z,2026-08-18T21:00:00+0200,268.09,EUR/MWh,DK1,DK_1,imbalance_price,Short,2026-08-23T05:51:55Z
2026-08-23T05:46:44Z,2026-08-23T07:46:44+0200,442f0342-0040-4db4-ac3f-85a7f822bcbf,2026-08-18T19:15:00Z,2026-08-18T21:15:00+0200,401.4,EUR/MWh,DK1,DK_1,imbalance_price,Long,2026-08-23T05:51:55Z
2026-08-23T05:46:44Z,2026-08-23T07:46:44+0200,442f0342-0040-4db4-ac3f-85a7f822bcbf,2026-08-18T19:15:00Z,2026-08-18T21:15:00+0200,401.4,EUR/MWh,DK1,DK_1,imbalance_price,Short,2026-08-23T05:51:55Z
2026-08-23T05:46:44Z,2026-08-23T07:46:44+0200,442f0342-0040-4db4-ac3f-85a7f822bcbf,2026-08-18T19:30:00Z,2026-08-18T21:30:00+0200,389.0,EUR/MWh,DK1,DK_1,imbalance_price,Long,2026-08-23T05:51:55Z
2026-08-23T05:46:44Z,2026-08-23T07:46:44+0200,442f0342-0040-4db4-ac3f-85a7f822bcbf,2026-08-18T19:30:00Z,2026-08-18T21:30:00+0200,389.0,EUR/MWh,DK1,DK_1,imbalance_price,Short,2026-08-23T05:51:55Z
2026-08-23T05:46:44Z,2026-08-23T07:46:44+0200,442f0342-0040-4db4-ac3f-85a7f822bcbf,2026-08-18T19:45:00Z,2026-08-18T21:45:00+0200,395.81,EUR/MWh,DK1,DK_1,imbalance_price,Long,2026-08-23T05:51:55Z
2026-08-23T05:46:44Z,2026-08-23T07:46:44+0200,442f0342-0040-4db4-ac3f-85a7f822bcbf,2026-08-18T19:45:00Z,2026-08-18T21:45:00+0200,395.81,EUR/MWh,DK1,DK_1,imbalance_price,Short,2026-08-23T05:51:55Z
2026-08-23T05:46:44Z,2026-08-23T07:46:44+0200,442f0342-0040-4db4-ac3f-85a7f822bcbf,2026-08-18T20:00:00Z,2026-08-18T22:00:00+0200,200.23,EUR/MWh,DK1,DK_1,imbalance_price,Long,2026-08-23T05:51:55Z
2026-08-23T05:46:44Z,2026-08-23T07:46:44+0200,442f0342-0040-4db4-ac3f-85a7f822bcbf,2026-08-18T20:00:00Z,2026-08-18T22:00:00+0200,200.23,EUR/MWh,DK1,DK_1,imbalance_price,Short,2026-08-23T05:51:55Z
2026-08-23T05:46:44Z,2026-08-23T07:46:44+0200,442f0342-0040-4db4-ac3f-85a7f822bcbf,2026-08-18T20:15:00Z,2026-08-18T22:15:00+0200,270.52,EUR/MWh,DK1,DK_1,imbalance_price,Long,2026-08-23T05:51:55Z
2026-08-23T05:46:44Z,2026-08-23T07:46:44+0200,442f0342-0040-4db4-ac3f-85a7f822bcbf,2026-08-18T20:15:00Z,2026-08-18T22:15:00+0200,270.52,EUR/MWh,DK1,DK_1,imbalance_price,Short,2026-08-23T05:51:55Z
2026-08-23T05:46:44Z,2026-08-23T07:46:44+0200,442f0342-0040-4db4-ac3f-85a7f822bcbf,2026-08-18T20:30:00Z,2026-08-18T22:30:00+0200,280.96,EUR/MWh,DK1,DK_1,imbalance_price,Long,2026-08-23T05:51:55Z
2026-08-23T05:46:44Z,2026-08-23T07:46:44+0200,442f0342-0040-4db4-ac3f-85a7f822bcbf,2026-08-18T20:30:00Z,2026-08-18T22:30:00+0200,280.96,EUR/MWh,DK1,DK_1,imbalance_price,Short,2026-08-23T05:51:55Z
2026-08-23T05:46:44Z,2026-08-23T07:46:44+0200,442f0342-0040-4db4-ac3f-85a7f822bcbf,2026-08-18T20:45:00Z,2026-08-18T22:45:00+0200,246.94,EUR/MWh,DK1,DK_1,imbalance_price,Long,2026-08-23T05:51:55Z
2026-08-23T05:46:44Z,2026-08-23T07:46:44+0200,442f0342-0040-4db4-ac3f-85a7f822bcbf,2026-08-18T20:45:00Z,2026-08-18T22:45:00+0200,246.94,EUR/MWh,DK1,DK_1,imbalance_price,Short,2026-08-23T05:51:55Z
2026-08-23T05:46:44Z,2026-08-23T07:46:44+0200,442f0342-0040-4db4-ac3f-85a7f822bcbf,2026-08-18T21:00:00Z,2026-08-18T23:00:00+0200,257.51,EUR/MWh,DK1,DK_1,imbalance_price,Long,2026-08-23T05:51:55Z
2026-08-23T05:46:44Z,2026-08-23T07:46:44+0200,442f0342-0040-4db4-ac3f-85a7f822bcbf,2026-08-18T21:00:00Z,2026-08-18T23:00:00+0200,257.51,EUR/MWh,DK1,DK_1,imbalance_price,Short,2026-08-23T05:51:55Z
2026-08-23T05:46:44Z,2026-08-23T07:46:44+0200,442f0342-0040-4db4-ac3f-85a7f822bcbf,2026-08-18T21:15:00Z,2026-08-18T23:15:00+0200,177.9,EUR/MWh,DK1,DK_1,imbalance_price,Long,2026-08-23T05:51:55Z
2026-08-23T05:46:44Z,2026-08-23T07:46:44+0200,442f0342-0040-4db4-ac3f-85a7f822bcbf,2026-08-18T21:15:00Z,2026-08-18T23:15:00+0200,177.9,EUR/MWh,DK1,DK_1,imbalance_price,Short,2026-08-23T05:51:55Z
2026-08-23T05:46:44Z,2026-08-23T07:46:44+0200,442f0342-0040-4db4-ac3f-85a7f822bcbf,2026-08-18T21:30:00Z,2026-08-18T23:30:00+0200,174.25,EUR/MWh,DK1,DK_1,imbalance_price,Long,2026-08-23T05:51:55Z
2026-08-23T05:46:44Z,2026-08-23T07:46:44+0200,442f0342-0040-4db4-ac3f-85a7f822bcbf,2026-08-18T21:30:00Z,2026-08-18T23:30:00+0200,174.25,EUR/MWh,DK1,DK_1,imbalance_price,Short,2026-08-23T05:51:55Z
2026-08-23T05:46:44Z,2026-08-23T07:46:44+0200,442f0342-0040-4db4-ac3f-85a7f822bcbf,2026-08-18T21:45:00Z,2026-08-18T23:45:00+0200,164.9,EUR/MWh,DK1,DK_1,imbalance_price,Long,2026-08-23T05:51:55Z
2026-08-23T05:46:44Z,2026-08-23T07:46:44+0200,442f0342-0040-4db4-ac3f-85a7f822bcbf,2026-08-18T21:45:00Z,2026-08-18T23:45:00+0200,164.9,EUR/MWh,DK1,DK_1,imbalance_price,Short,2026-08-23T05:51:55Z
2026-08-23T05:46:44Z,2026-08-23T07:46:44+0200,442f0342-0040-4db4-ac3f-85a7f822bcbf,2026-08-18T22:00:00Z,2026-08-19T00:00:00+0200,131.27,EUR/MWh,DK1,DK_1,imbalance_price,Long,2026-08-23T05:51:55Z
2026-08-23T05:46:44Z,2026-08-23T07:46:44+0200,442f0342-0040-4db4-ac3f-85a7f822bcbf,2026-08-18T22:00:00Z,2026-08-19T00:00:00+0200,131.27,EUR/MWh,DK1,DK_1,imbalance_price,Short,2026-08-23T05:51:55Z
2026-08-23T05:46:44Z,2026-08-23T07:46:44+0200,442f0342-0040-4db4-ac3f-85a7f822bcbf,2026-08-18T22:15:00Z,2026-08-19T00:15:00+0200,128.08,EUR/MWh,DK1,DK_1,imbalance_price,Long,2026-08-23T05:51:55Z
2026-08-23T05:46:44Z,2026-08-23T07:46:44+0200,442f0342-0040-4db4-ac3f-85a7f822bcbf,2026-08-18T22:15:00Z,2026-08-19T00:15:00+0200,128.08,EUR/MWh,DK1,DK_1,imbalance_price,Short,2026-08-23T05:51:55Z
2026-08-23T05:46:44Z,2026-08-23T07:46:44+0200,442f0342-0040-4db4-ac3f-85a7f822bcbf,2026-08-18T22:30:00Z,2026-08-19T00:30:00+0200,174.36,EUR/MWh,DK1,DK_1,imbalance_price,Long,2026-08-23T05:51:55Z
2026-08-23T05:46:44Z,2026-08-23T07:46:44+0200,442f0342-0040-4db4-ac3f-85a7f822bcbf,2026-08-18T22:30:00Z,2026-08-19T00:30:00+0200,174.36,EUR/MWh,DK1,DK_1,imbalance_price,Short,2026-08-23T05:51:55Z
2026-08-23T05:46:44Z,2026-08-23T07:46:44+0200,442f0342-0040-4db4-ac3f-85a7f822bcbf,2026-08-18T22:45:00Z,2026-08-19T00:45:00+0200,123.91,EUR/MWh,DK1,DK_1,imbalance_price,Long,2026-08-23T05:51:55Z
2026-08-23T05:46:44Z,2026-08-23T07:46:44+0200,442f0342-0040-4db4-ac3f-85a7f822bcbf,2026-08-18T22:45:00Z,2026-08-19T00:45:00+0200,123.91,EUR/MWh,DK1,DK_1,imbalance_price,Short,2026-08-23T05:51:55Z
2026-08-23T05:46:44Z,2026-08-23T07:46:44+0200,442f0342-0040-4db4-ac3f-85a7f822bcbf,2026-08-18T23:00:00Z,2026-08-19T01:00:00+0200,122.28,EUR/MWh,DK1,DK_1,imbalance_price,Long,2026-08-23T05:51:55Z
2026-08-23T05:46:44Z,2026-08-23T07:46:44+0200,442f0342-0040-4db4-ac3f-85a7f822bcbf,2026-08-18T23:00:00Z,2026-08-19T01:00:00+0200,122.28,EUR/MWh,DK1,DK_1,imbalance_price,Short,2026-08-23T05:51:55Z
2026-08-23T05:46:44Z,2026-08-23T07:46:44+0200,442f0342-0040-4db4-ac3f-85a7f822bcbf,2026-08-18T23:15:00Z,2026-08-19T01:15:00+0200,127.43,EUR/MWh,DK1,DK_1,imbalance_price,Long,2026-08-23T05:51:55Z
2026-08-23T05:46:44Z,2026-08-23T07:46:44+0200,442f0342-0040-4db4-ac3f-85a7f822bcbf,2026-08-18T23:15:00Z,2026-08-19T01:15:00+0200,127.43,EUR/MWh,DK1,DK_1,imbalance_price,Short,2026-08-23T05:51:55Z
2026-08-23T05:46:44Z,2026-08-23T07:46:44+0200,442f0342-0040-4db4-ac3f-85a7f822bcbf,2026-08-18T23:30:00Z,2026-08-19T01:30:00+0200,156.13,EUR/MWh,DK1,DK_1,imbalance_price,Long,2026-08-23T05:51:55Z
2026-08-23T05:46:44Z,2026-08-23T07:46:44+0200,442f0342-0040-4db4-ac3f-85a7f822bcbf,2026-08-18T23:30:00Z,2026-08-19T01:30:00+0200,156.13,EUR/MWh,DK1,DK_1,imbalance_price,Short,2026-08-23T05:51:55Z
2026-08-23T05:46:44Z,2026-08-23T07:46:44+0200,442f0342-0040-4db4-ac3f-85a7f822bcbf,2026-08-18T23:45:00Z,2026-08-19T01:45:00+0200,126.2,EUR/MWh,DK1,DK_1,imbalance_price,Long,2026-08-23T05:51:55Z
2026-08-23T05:46:44Z,2026-08-23T07:46:44+0200,442f0342-0040-4db4-ac3f-85a7f822bcbf,2026-08-18T23:45:00Z,2026-08-19T01:45:00+0200,126.2,EUR/MWh,DK1,DK_1,imbalance_price,Short,2026-08-23T05:51:55Z
2026-08-23T05:46:44Z,2026-08-23T07:46:44+0200,442f0342-0040-4db4-ac3f-85a7f822bcbf,2026-08-19T00:00:00Z,2026-08-19T02:00:00+0200,156.88,EUR/MWh,DK1,DK_1,imbalance_price,Long,2026-08-23T05:51:55Z
2026-08-23T05:46:44Z,2026-08-23T07:46:44+0200,442f0342-0040-4db4-ac3f-85a7f822bcbf,2026-08-19T00:00:00Z,2026-08-19T02:00:00+0200,156.88,EUR/MWh,DK1,DK_1,imbalance_price,Short,2026-08-23T05:51:55Z
2026-08-23T05:46:44Z,2026-08-23T07:46:44+0200,442f0342-0040-4db4-ac3f-85a7f822bcbf,2026-08-19T00:15:00Z,2026-08-19T02:15:00+0200,127.3,EUR/MWh,DK1,DK_1,imbalance_price,Long,2026-08-23T05:51:55Z
2026-08-23T05:46:44Z,2026-08-23T07:46:44+0200,442f0342-0040-4db4-ac3f-85a7f822bcbf,2026-08-19T00:15:00Z,2026-08-19T02:15:00+0200,127.3,EUR/MWh,DK1,DK_1,imbalance_price,Short,2026-08-23T05:51:55Z
2026-08-23T05:46:44Z,2026-08-23T07:46:44+0200,442f0342-0040-4db4-ac3f-85a7f822bcbf,2026-08-19T00:30:00Z,2026-08-19T02:30:00+0200,127.2,EUR/MWh,DK1,DK_1,imbalance_price,Long,2026-08-23T05:51:55Z
2026-08-23T05:46:44Z,2026-08-23T07:46:44+0200,442f0342-0040-4db4-ac3f-85a7f822bcbf,2026-08-19T00:30:00Z,2026-08-19T02:30:00+0200,127.2,EUR/MWh,DK1,DK_1,imbalance_price,Short,2026-08-23T05:51:55Z
2026-08-23T05:46:44Z,2026-08-23T07:46:44+0200,442f0342-0040-4db4-ac3f-85a7f822bcbf,2026-08-19T00:45:00Z,2026-08-19T02:45:00+0200,146.49,EUR/MWh,DK1,DK_1,imbalance_price,Long,2026-08-23T05:51:55Z
2026-08-23T05:46:44Z,2026-08-23T07:46:44+0200,442f0342-0040-4db4-ac3f-85a7f822bcbf,2026-08-19T00:45:00Z,2026-08-19T02:45:00+0200,146.49,EUR/MWh,DK1,DK_1,imbalance_price,Short,2026-08-23T05:51:55Z
2026-08-23T05:46:44Z,2026-08-23T07:46:44+0200,442f0342-0040-4db4-ac3f-85a7f822bcbf,2026-08-19T01:00:00Z,2026-08-19T03:00:00+0200,147.52,EUR/MWh,DK1,DK_1,imbalance_price,Long,2026-08-23T05:51:55Z
2026-08-23T05:46:44Z,2026-08-23T07:46:44+0200,442f0342-0040-4db4-ac3f-85a7f822bcbf,2026-08-19T01:00:00Z,2026-08-19T03:00:00+0200,147.52,EUR/MWh,DK1,DK_1,imbalance_price,Short,2026-08-23T05:51:55Z
2026-08-23T05:46:44Z,2026-08-23T07:46:44+0200,442f0342-0040-4db4-ac3f-85a7f822bcbf,2026-08-19T01:15:00Z,2026-08-19T03:15:00+0200,209.55,EUR/MWh,DK1,DK_1,imbalance_price,Long,2026-08-23T05:51:55Z
2026-08-23T05:46:44Z,2026-08-23T07:46:44+0200,442f0342-0040-4db4-ac3f-85a7f822bcbf,2026-08-19T01:15:00Z,2026-08-19T03:15:00+0200,209.55,EUR/MWh,DK1,DK_1,imbalance_price,Short,2026-08-23T05:51:55Z
2026-08-23T05:46:44Z,2026-08-23T07:46:44+0200,442f0342-0040-4db4-ac3f-85a7f822bcbf,2026-08-19T01:30:00Z,2026-08-19T03:30:00+0200,267.6,EUR/MWh,DK1,DK_1,imbalance_price,Long,2026-08-23T05:51:55Z
2026-08-23T05:46:44Z,2026-08-23T07:46:44+0200,442f0342-0040-4db4-ac3f-85a7f822bcbf,2026-08-19T01:30:00Z,2026-08-19T03:30:00+0200,267.6,EUR/MWh,DK1,DK_1,imbalance_price,Short,2026-08-23T05:51:55Z
2026-08-23T05:46:44Z,2026-08-23T07:46:44+0200,442f0342-0040-4db4-ac3f-85a7f822bcbf,2026-08-19T01:45:00Z,2026-08-19T03:45:00+0200,147.26,EUR/MWh,DK1,DK_1,imbalance_price,Long,2026-08-23T05:51:55Z
2026-08-23T05:46:44Z,2026-08-23T07:46:44+0200,442f0342-0040-4db4-ac3f-85a7f822bcbf,2026-08-19T01:45:00Z,2026-08-19T03:45:00+0200,147.26,EUR/MWh,DK1,DK_1,imbalance_price,Short,2026-08-23T05:51:55Z
2026-08-23T05:46:44Z,2026-08-23T07:46:44+0200,442f0342-0040-4db4-ac3f-85a7f822bcbf,2026-08-19T02:00:00Z,2026-08-19T04:00:00+0200,148.07,EUR/MWh,DK1,DK_1,imbalance_price,Long,2026-08-23T05:51:55Z
2026-08-23T05:46:44Z,2026-08-23T07:46:44+0200,442f0342-0040-4db4-ac3f-85a7f822bcbf,2026-08-19T02:00:00Z,2026-08-19T04:00:00+0200,148.07,EUR/MWh,DK1,DK_1,imbalance_price,Short,2026-08-23T05:51:55Z
2026-08-23T05:46:44Z,2026-08-23T07:46:44+0200,442f0342-0040-4db4-ac3f-85a7f822bcbf,2026-08-19T02:15:00Z,2026-08-19T04:15:00+0200,148.82,EUR/MWh,DK1,DK_1,imbalance_price,Long,2026-08-23T05:51:55Z
2026-08-23T05:46:44Z,2026-08-23T07:46:44+0200,442f0342-0040-4db4-ac3f-85a7f822bcbf,2026-08-19T02:15:00Z,2026-08-19T04:15:00+0200,148.82,EUR/MWh,DK1,DK_1,imbalance_price,Short,2026-08-23T05:51:55Z
2026-08-23T05:46:44Z,2026-08-23T07:46:44+0200,442f0342-0040-4db4-ac3f-85a7f822bcbf,2026-08-19T02:30:00Z,2026-08-19T04:30:00+0200,150.0,EUR/MWh,DK1,DK_1,imbalance_price,Long,2026-08-23T05:51:55Z
2026-08-23T05:46:44Z,2026-08-23T07:46:44+0200,442f0342-0040-4db4-ac3f-85a7f822bcbf,2026-08-19T02:30:00Z,2026-08-19T04:30:00+0200,150.0,EUR/MWh,DK1,DK_1,imbalance_price,Short,2026-08-23T05:51:55Z
2026-08-23T05:46:44Z,2026-08-23T07:46:44+0200,442f0342-0040-4db4-ac3f-85a7f822bcbf,2026-08-19T02:45:00Z,2026-08-19T04:45:00+0200,149.09,EUR/MWh,DK1,DK_1,imbalance_price,Long,2026-08-23T05:51:55Z
2026-08-23T05:46:44Z,2026-08-23T07:46:44+0200,442f0342-0040-4db4-ac3f-85a7f822bcbf,2026-08-19T02:45:00Z,2026-08-19T04:45:00+0200,149.09,EUR/MWh,DK1,DK_1,imbalance_price,Short,2026-08-23T05:51:55Z
2026-08-23T05:46:44Z,2026-08-23T07:46:44+0200,442f0342-0040-4db4-ac3f-85a7f822bcbf,2026-08-19T03:00:00Z,2026-08-19T05:00:00+0200,155.03,EUR/MWh,DK1,DK_1,imbalance_price,Long,2026-08-23T05:51:55Z
2026-08-23T05:46:44Z,2026-08-23T07:46:44+0200,442f0342-0040-4db4-ac3f-85a7f822bcbf,2026-08-19T03:00:00Z,2026-08-19T05:00:00+0200,155.03,EUR/MWh,DK1,DK_1,imbalance_price,Short,2026-08-23T05:51:55Z
2026-08-23T05:46:44Z,2026-08-23T07:46:44+0200,442f0342-0040-4db4-ac3f-85a7f822bcbf,2026-08-19T03:15:00Z,2026-08-19T05:15:00+0200,155.33,EUR/MWh,DK1,DK_1,imbalance_price,Long,2026-08-23T05:51:55Z
2026-08-23T05:46:44Z,2026-08-23T07:46:44+0200,442f0342-0040-4db4-ac3f-85a7f822bcbf,2026-08-19T03:15:00Z,2026-08-19T05:15:00+0200,155.33,EUR/MWh,DK1,DK_1,imbalance_price,Short,2026-08-23T05:51:55Z
2026-08-23T05:46:44Z,2026-08-23T07:46:44+0200,442f0342-0040-4db4-ac3f-85a7f822bcbf,2026-08-19T03:30:00Z,2026-08-19T05:30:00+0200,334.4,EUR/MWh,DK1,DK_1,imbalance_price,Long,2026-08-23T05:51:55Z
2026-08-23T05:46:44Z,2026-08-23T07:46:44+0200,442f0342-0040-4db4-ac3f-85a7f822bcbf,2026-08-19T03:30:00Z,2026-08-19T05:30:00+0200,334.4,EUR/MWh,DK1,DK_1,imbalance_price,Short,2026-08-23T05:51:55Z
2026-08-23T05:46:44Z,2026-08-23T07:46:44+0200,442f0342-0040-4db4-ac3f-85a7f822bcbf,2026-08-19T03:45:00Z,2026-08-19T05:45:00+0200,361.41,EUR/MWh,DK1,DK_1,imbalance_price,Long,2026-08-23T05:51:55Z
2026-08-23T05:46:44Z,2026-08-23T07:46:44+0200,442f0342-0040-4db4-ac3f-85a7f822bcbf,2026-08-19T03:45:00Z,2026-08-19T05:45:00+0200,361.41,EUR/MWh,DK1,DK_1,imbalance_price,Short,2026-08-23T05:51:55Z
2026-08-23T05:46:44Z,2026-08-23T07:46:44+0200,442f0342-0040-4db4-ac3f-85a7f822bcbf,2026-08-19T04:00:00Z,2026-08-19T06:00:00+0200,321.94,EUR/MWh,DK1,DK_1,imbalance_price,Long,2026-08-23T05:51:55Z
2026-08-23T05:46:44Z,2026-08-23T07:46:44+0200,442f0342-0040-4db4-ac3f-85a7f822bcbf,2026-08-19T04:00:00Z,2026-08-19T06:00:00+0200,321.94,EUR/MWh,DK1,DK_1,imbalance_price,Short,2026-08-23T05:51:55Z
2026-08-23T05:46:44Z,2026-08-23T07:46:44+0200,442f0342-0040-4db4-ac3f-85a7f822bcbf,2026-08-19T04:15:00Z,2026-08-19T06:15:00+0200,252.77,EUR/MWh,DK1,DK_1,imbalance_price,Long,2026-08-23T05:51:55Z
2026-08-23T05:46:44Z,2026-08-23T07:46:44+0200,442f0342-0040-4db4-ac3f-85a7f822bcbf,2026-08-19T04:15:00Z,2026-08-19T06:15:00+0200,252.77,EUR/MWh,DK1,DK_1,imbalance_price,Short,2026-08-23T05:51:55Z
2026-08-23T05:46:44Z,2026-08-23T07:46:44+0200,442f0342-0040-4db4-ac3f-85a7f822bcbf,2026-08-19T04:30:00Z,2026-08-19T06:30:00+0200,669.0,EUR/MWh,DK1,DK_1,imbalance_price,Long,2026-08-23T05:51:55Z
2026-08-23T05:46:44Z,2026-08-23T07:46:44+0200,442f0342-0040-4db4-ac3f-85a7f822bcbf,2026-08-19T04:30:00Z,2026-08-19T06:30:00+0200,669.0,EUR/MWh,DK1,DK_1,imbalance_price,Short,2026-08-23T05:51:55Z
2026-08-23T05:46:44Z,2026-08-23T07:46:44+0200,442f0342-0040-4db4-ac3f-85a7f822bcbf,2026-08-19T04:45:00Z,2026-08-19T06:45:00+0200,402.18,EUR/MWh,DK1,DK_1,imbalance_price,Long,2026-08-23T05:51:55Z
2026-08-23T05:46:44Z,2026-08-23T07:46:44+0200,442f0342-0040-4db4-ac3f-85a7f822bcbf,2026-08-19T04:45:00Z,2026-08-19T06:45:00+0200,402.18,EUR/MWh,DK1,DK_1,imbalance_price,Short,2026-08-23T05:51:55Z
2026-08-23T05:46:44Z,2026-08-23T07:46:44+0200,442f0342-0040-4db4-ac3f-85a7f822bcbf,2026-08-19T05:00:00Z,2026-08-19T07:00:00+0200,197.0,EUR/MWh,DK1,DK_1,imbalance_price,Long,2026-08-23T05:51:55Z
2026-08-23T05:46:44Z,2026-08-23T07:46:44+0200,442f0342-0040-4db4-ac3f-85a7f822bcbf,2026-08-19T05:00:00Z,2026-08-19T07:00:00+0200,197.0,EUR/MWh,DK1,DK_1,imbalance_price,Short,2026-08-23T05:51:55Z
2026-08-23T05:46:44Z,2026-08-23T07:46:44+0200,442f0342-0040-4db4-ac3f-85a7f822bcbf,2026-08-19T05:15:00Z,2026-08-19T07:15:00+0200,128.36,EUR/MWh,DK1,DK_1,imbalance_price,Long,2026-08-23T05:51:55Z
2026-08-23T05:46:44Z,2026-08-23T07:46:44+0200,442f0342-0040-4db4-ac3f-85a7f822bcbf,2026-08-19T05:15:00Z,2026-08-19T07:15:00+0200,128.36,EUR/MWh,DK1,DK_1,imbalance_price,Short,2026-08-23T05:51:55Z
2026-08-23T05:46:44Z,2026-08-23T07:46:44+0200,442f0342-0040-4db4-ac3f-85a7f822bcbf,2026-08-19T05:30:00Z,2026-08-19T07:30:00+0200,191.72,EUR/MWh,DK1,DK_1,imbalance_price,Long,2026-08-23T05:51:55Z
2026-08-23T05:46:44Z,2026-08-23T07:46:44+0200,442f0342-0040-4db4-ac3f-85a7f822bcbf,2026-08-19T05:30:00Z,2026-08-19T07:30:00+0200,191.72,EUR/MWh,DK1,DK_1,imbalance_price,Short,2026-08-23T05:51:55Z
2026-08-23T05:46:44Z,2026-08-23T07:46:44+0200,442f0342-0040-4db4-ac3f-85a7f822bcbf,2026-08-19T05:45:00Z,2026-08-19T07:45:00+0200,188.95,EUR/MWh,DK1,DK_1,imbalance_price,Long,2026-08-23T05:51:55Z
2026-08-23T05:46:44Z,2026-08-23T07:46:44+0200,442f0342-0040-4db4-ac3f-85a7f822bcbf,2026-08-19T05:45:00Z,2026-08-19T07:45:00+0200,188.95,EUR/MWh,DK1,DK_1,imbalance_price,Short,2026-08-23T05:51:55Z
2026-08-23T05:46:44Z,2026-08-23T07:46:44+0200,442f0342-0040-4db4-ac3f-85a7f822bcbf,2026-08-19T06:00:00Z,2026-08-19T08:00:00+0200,202.0,EUR/MWh,DK1,DK_1,imbalance_price,Long,2026-08-23T05:51:55Z
2026-08-23T05:46:44Z,2026-08-23T07:46:44+0200,442f0342-0040-4db4-ac3f-85a7f822bcbf,2026-08-19T06:00:00Z,2026-08-19T08:00:00+0200,202.0,EUR/MWh,DK1,DK_1,imbalance_price,Short,2026-08-23T05:51:55Z
2026-08-23T05:46:44Z,2026-08-23T07:46:44+0200,442f0342-0040-4db4-ac3f-85a7f822bcbf,2026-08-19T06:15:00Z,2026-08-19T08:15:00+0200,294.3,EUR/MWh,DK1,DK_1,imbalance_price,Long,2026-08-23T05:51:55Z
2026-08-23T05:46:44Z,2026-08-23T07:46:44+0200,442f0342-0040-4db4-ac3f-85a7f822bcbf,2026-08-19T06:15:00Z,2026-08-19T08:15:00+0200,294.3,EUR/MWh,DK1,DK_1,imbalance_price,Short,2026-08-23T05:51:55Z
2026-08-23T05:46:44Z,2026-08-23T07:46:44+0200,442f0342-0040-4db4-ac3f-85a7f822bcbf,2026-08-19T06:30:00Z,2026-08-19T08:30:00+0200,186.99,EUR/MWh,DK1,DK_1,imbalance_price,Long,2026-08-23T05:51:55Z
2026-08-23T05:46:44Z,2026-08-23T07:46:44+0200,442f0342-0040-4db4-ac3f-85a7f822bcbf,2026-08-19T06:30:00Z,2026-08-19T08:30:00+0200,186.99,EUR/MWh,DK1,DK_1,imbalance_price,Short,2026-08-23T05:51:55Z
2026-08-23T05:46:44Z,2026-08-23T07:46:44+0200,442f0342-0040-4db4-ac3f-85a7f822bcbf,2026-08-19T06:45:00Z,2026-08-19T08:45:00+0200,185.06,EUR/MWh,DK1,DK_1,imbalance_price,Long,2026-08-23T05:51:55Z
2026-08-23T05:46:44Z,2026-08-23T07:46:44+0200,442f0342-0040-4db4-ac3f-85a7f822bcbf,2026-08-19T06:45:00Z,2026-08-19T08:45:00+0200,185.06,EUR/MWh,DK1,DK_1,imbalance_price,Short,2026-08-23T05:51:55Z
2026-08-23T05:46:44Z,2026-08-23T07:46:44+0200,442f0342-0040-4db4-ac3f-85a7f822bcbf,2026-08-19T07:00:00Z,2026-08-19T09:00:00+0200,200.0,EUR/MWh,DK1,DK_1,imbalance_price,Long,2026-08-23T05:51:55Z
2026-08-23T05:46:44Z,2026-08-23T07:46:44+0200,442f0342-0040-4db4-ac3f-85a7f822bcbf,2026-08-19T07:00:00Z,2026-08-19T09:00:00+0200,200.0,EUR/MWh,DK1,DK_1,imbalance_price,Short,2026-08-23T05:51:55Z
2026-08-23T05:46:44Z,2026-08-23T07:46:44+0200,442f0342-0040-4db4-ac3f-85a7f822bcbf,2026-08-19T07:15:00Z,2026-08-19T09:15:00+0200,179.92,EUR/MWh,DK1,DK_1,imbalance_price,Long,2026-08-23T05:51:55Z
2026-08-23T05:46:44Z,2026-08-23T07:46:44+0200,442f0342-0040-4db4-ac3f-85a7f822bcbf,2026-08-19T07:15:00Z,2026-08-19T09:15:00+0200,179.92,EUR/MWh,DK1,DK_1,imbalance_price,Short,2026-08-23T05:51:55Z
2026-08-23T05:46:44Z,2026-08-23T07:46:44+0200,442f0342-0040-4db4-ac3f-85a7f822bcbf,2026-08-19T07:30:00Z,2026-08-19T09:30:00+0200,176.71,EUR/MWh,DK1,DK_1,imbalance_price,Long,2026-08-23T05:51:55Z
2026-08-23T05:46:44Z,2026-08-23T07:46:44+0200,442f0342-0040-4db4-ac3f-85a7f822bcbf,2026-08-19T07:30:00Z,2026-08-19T09:30:00+0200,176.71,EUR/MWh,DK1,DK_1,imbalance_price,Short,2026-08-23T05:51:55Z
2026-08-23T05:46:44Z,2026-08-23T07:46:44+0200,442f0342-0040-4db4-ac3f-85a7f822bcbf,2026-08-19T07:45:00Z,2026-08-19T09:45:00+0200,143.78,EUR/MWh,DK1,DK_1,imbalance_price,Long,2026-08-23T05:51:55Z
2026-08-23T05:46:44Z,2026-08-23T07:46:44+0200,442f0342-0040-4db4-ac3f-85a7f822bcbf,2026-08-19T07:45:00Z,2026-08-19T09:45:00+0200,143.78,EUR/MWh,DK1,DK_1,imbalance_price,Short,2026-08-23T05:51:55Z
2026-08-23T05:46:44Z,2026-08-23T07:46:44+0200,442f0342-0040-4db4-ac3f-85a7f822bcbf,2026-08-19T08:00:00Z,2026-08-19T10:00:00+0200,297.21,EUR/MWh,DK1,DK_1,imbalance_price,Long,2026-08-23T05:51:55Z
2026-08-23T05:46:44Z,2026-08-23T07:46:44+0200,442f0342-0040-4db4-ac3f-85a7f822bcbf,2026-08-19T08:00:00Z,2026-08-19T10:00:00+0200,297.21,EUR/MWh,DK1,DK_1,imbalance_price,Short,2026-08-23T05:51:55Z
2026-08-23T05:46:44Z,2026-08-23T07:46:44+0200,442f0342-0040-4db4-ac3f-85a7f822bcbf,2026-08-19T08:15:00Z,2026-08-19T10:15:00+0200,154.9,EUR/MWh,DK1,DK_1,imbalance_price,Long,2026-08-23T05:51:55Z
2026-08-23T05:46:44Z,2026-08-23T07:46:44+0200,442f0342-0040-4db4-ac3f-85a7f822bcbf,2026-08-19T08:15:00Z,2026-08-19T10:15:00+0200,154.9,EUR/MWh,DK1,DK_1,imbalance_price,Short,2026-08-23T05:51:55Z
2026-08-23T05:46:44Z,2026-08-23T07:46:44+0200,442f0342-0040-4db4-ac3f-85a7f822bcbf,2026-08-19T08:30:00Z,2026-08-19T10:30:00+0200,146.43,EUR/MWh,DK1,DK_1,imbalance_price,Long,2026-08-23T05:51:55Z
2026-08-23T05:46:44Z,2026-08-23T07:46:44+0200,442f0342-0040-4db4-ac3f-85a7f822bcbf,2026-08-19T08:30:00Z,2026-08-19T10:30:00+0200,146.43,EUR/MWh,DK1,DK_1,imbalance_price,Short,2026-08-23T05:51:55Z
2026-08-23T05:46:44Z,2026-08-23T07:46:44+0200,442f0342-0040-4db4-ac3f-85a7f822bcbf,2026-08-19T08:45:00Z,2026-08-19T10:45:00+0200,111.59,EUR/MWh,DK1,DK_1,imbalance_price,Long,2026-08-23T05:51:55Z
2026-08-23T05:46:44Z,2026-08-23T07:46:44+0200,442f0342-0040-4db4-ac3f-85a7f822bcbf,2026-08-19T08:45:00Z,2026-08-19T10:45:00+0200,111.59,EUR/MWh,DK1,DK_1,imbalance_price,Short,2026-08-23T05:51:55Z
2026-08-23T05:46:44Z,2026-08-23T07:46:44+0200,442f0342-0040-4db4-ac3f-85a7f822bcbf,2026-08-19T09:00:00Z,2026-08-19T11:00:00+0200,111.62,EUR/MWh,DK1,DK_1,imbalance_price,Long,2026-08-23T05:51:55Z
2026-08-23T05:46:44Z,2026-08-23T07:46:44+0200,442f0342-0040-4db4-ac3f-85a7f822bcbf,2026-08-19T09:00:00Z,2026-08-19T11:00:00+0200,111.62,EUR/MWh,DK1,DK_1,imbalance_price,Short,2026-08-23T05:51:55Z
2026-08-23T05:46:44Z,2026-08-23T07:46:44+0200,442f0342-0040-4db4-ac3f-85a7f822bcbf,2026-08-19T09:15:00Z,2026-08-19T11:15:00+0200,112.58,EUR/MWh,DK1,DK_1,imbalance_price,Long,2026-08-23T05:51:55Z
2026-08-23T05:46:44Z,2026-08-23T07:46:44+0200,442f0342-0040-4db4-ac3f-85a7f822bcbf,2026-08-19T09:15:00Z,2026-08-19T11:15:00+0200,112.58,EUR/MWh,DK1,DK_1,imbalance_price,Short,2026-08-23T05:51:55Z
2026-08-23T05:46:44Z,2026-08-23T07:46:44+0200,442f0342-0040-4db4-ac3f-85a7f822bcbf,2026-08-19T09:30:00Z,2026-08-19T11:30:00+0200,118.64,EUR/MWh,DK1,DK_1,imbalance_price,Long,2026-08-23T05:51:55Z
2026-08-23T05:46:44Z,2026-08-23T07:46:44+0200,442f0342-0040-4db4-ac3f-85a7f822bcbf,2026-08-19T09:30:00Z,2026-08-19T11:30:00+0200,118.64,EUR/MWh,DK1,DK_1,imbalance_price,Short,2026-08-23T05:51:55Z
2026-08-23T05:46:44Z,2026-08-23T07:46:44+0200,442f0342-0040-4db4-ac3f-85a7f822bcbf,2026-08-19T09:45:00Z,2026-08-19T11:45:00+0200,122.27,EUR/MWh,DK1,DK_1,imbalance_price,Long,2026-08-23T05:51:55Z
2026-08-23T05:46:44Z,2026-08-23T07:46:44+0200,442f0342-0040-4db4-ac3f-85a7f822bcbf,2026-08-19T09:45:00Z,2026-08-19T11:45:00+0200,122.27,EUR/MWh,DK1,DK_1,imbalance_price,Short,2026-08-23T05:51:55Z
2026-08-23T05:46:44Z,2026-08-23T07:46:44+0200,442f0342-0040-4db4-ac3f-85a7f822bcbf,2026-08-19T10:00:00Z,2026-08-19T12:00:00+0200,115.85,EUR/MWh,DK1,DK_1,imbalance_price,Long,2026-08-23T05:51:55Z
2026-08-23T05:46:44Z,2026-08-23T07:46:44+0200,442f0342-0040-4db4-ac3f-85a7f822bcbf,2026-08-19T10:00:00Z,2026-08-19T12:00:00+0200,115.85,EUR/MWh,DK1,DK_1,imbalance_price,Short,2026-08-23T05:51:55Z
2026-08-23T05:46:44Z,2026-08-23T07:46:44+0200,442f0342-0040-4db4-ac3f-85a7f822bcbf,2026-08-19T10:15:00Z,2026-08-19T12:15:00+0200,116.75,EUR/MWh,DK1,DK_1,imbalance_price,Long,2026-08-23T05:51:55Z
2026-08-23T05:46:44Z,2026-08-23T07:46:44+0200,442f0342-0040-4db4-ac3f-85a7f822bcbf,2026-08-19T10:15:00Z,2026-08-19T12:15:00+0200,116.75,EUR/MWh,DK1,DK_1,imbalance_price,Short,2026-08-23T05:51:55Z
2026-08-23T05:46:44Z,2026-08-23T07:46:44+0200,442f0342-0040-4db4-ac3f-85a7f822bcbf,2026-08-19T10:30:00Z,2026-08-19T12:30:00+0200,84.79,EUR/MWh,DK1,DK_1,imbalance_price,Long,2026-08-23T05:51:55Z
2026-08-23T05:46:44Z,2026-08-23T07:46:44+0200,442f0342-0040-4db4-ac3f-85a7f822bcbf,2026-08-19T10:30:00Z,2026-08-19T12:30:00+0200,84.79,EUR/MWh,DK1,DK_1,imbalance_price,Short,2026-08-23T05:51:55Z
2026-08-23T05:46:44Z,2026-08-23T07:46:44+0200,442f0342-0040-4db4-ac3f-85a7f822bcbf,2026-08-19T10:45:00Z,2026-08-19T12:45:00+0200,87.2,EUR/MWh,DK1,DK_1,imbalance_price,Long,2026-08-23T05:51:55Z
2026-08-23T05:46:44Z,2026-08-23T07:46:44+0200,442f0342-0040-4db4-ac3f-85a7f822bcbf,2026-08-19T10:45:00Z,2026-08-19T12:45:00+0200,87.2,EUR/MWh,DK1,DK_1,imbalance_price,Short,2026-08-23T05:51:55Z
2026-08-23T05:46:44Z,2026-08-23T07:46:44+0200,442f0342-0040-4db4-ac3f-85a7f822bcbf,2026-08-19T11:00:00Z,2026-08-19T13:00:00+0200,86.13,EUR/MWh,DK1,DK_1,imbalance_price,Long,2026-08-23T05:51:55Z
2026-08-23T05:46:44Z,2026-08-23T07:46:44+0200,442f0342-0040-4db4-ac3f-85a7f822bcbf,2026-08-19T11:00:00Z,2026-08-19T13:00:00+0200,86.13,EUR/MWh,DK1,DK_1,imbalance_price,Short,2026-08-23T05:51:55Z
2026-08-23T05:46:44Z,2026-08-23T07:46:44+0200,442f0342-0040-4db4-ac3f-85a7f822bcbf,2026-08-19T11:15:00Z,2026-08-19T13:15:00+0200,89.27,EUR/MWh,DK1,DK_1,imbalance_price,Long,2026-08-23T05:51:55Z
2026-08-23T05:46:44Z,2026-08-23T07:46:44+0200,442f0342-0040-4db4-ac3f-85a7f822bcbf,2026-08-19T11:15:00Z,2026-08-19T13:15:00+0200,89.27,EUR/MWh,DK1,DK_1,imbalance_price,Short,2026-08-23T05:51:55Z
2026-08-23T05:46:44Z,2026-08-23T07:46:44+0200,442f0342-0040-4db4-ac3f-85a7f822bcbf,2026-08-19T11:30:00Z,2026-08-19T13:30:00+0200,89.73,EUR/MWh,DK1,DK_1,imbalance_price,Long,2026-08-23T05:51:55Z
2026-08-23T05:46:44Z,2026-08-23T07:46:44+0200,442f0342-0040-4db4-ac3f-85a7f822bcbf,2026-08-19T11:30:00Z,2026-08-19T13:30:00+0200,89.73,EUR/MWh,DK1,DK_1,imbalance_price,Short,2026-08-23T05:51:55Z
2026-08-23T05:46:44Z,2026-08-23T07:46:44+0200,442f0342-0040-4db4-ac3f-85a7f822bcbf,2026-08-19T11:45:00Z,2026-08-19T13:45:00+0200,124.01,EUR/MWh,DK1,DK_1,imbalance_price,Long,2026-08-23T05:51:55Z
2026-08-23T05:46:44Z,2026-08-23T07:46:44+0200,442f0342-0040-4db4-ac3f-85a7f822bcbf,2026-08-19T11:45:00Z,2026-08-19T13:45:00+0200,124.01,EUR/MWh,DK1,DK_1,imbalance_price,Short,2026-08-23T05:51:55Z
2026-08-23T05:46:44Z,2026-08-23T07:46:44+0200,442f0342-0040-4db4-ac3f-85a7f822bcbf,2026-08-19T12:00:00Z,2026-08-19T14:00:00+0200,128.2,EUR/MWh,DK1,DK_1,imbalance_price,Long,2026-08-23T05:51:55Z
2026-08-23T05:46:44Z,2026-08-23T07:46:44+0200,442f0342-0040-4db4-ac3f-85a7f822bcbf,2026-08-19T12:00:00Z,2026-08-19T14:00:00+0200,128.2,EUR/MWh,DK1,DK_1,imbalance_price,Short,2026-08-23T05:51:55Z
2026-08-23T05:46:44Z,2026-08-23T07:46:44+0200,442f0342-0040-4db4-ac3f-85a7f822bcbf,2026-08-19T12:15:00Z,2026-08-19T14:15:00+0200,129.39,EUR/MWh,DK1,DK_1,imbalance_price,Long,2026-08-23T05:51:55Z
2026-08-23T05:46:44Z,2026-08-23T07:46:44+0200,442f0342-0040-4db4-ac3f-85a7f822bcbf,2026-08-19T12:15:00Z,2026-08-19T14:15:00+0200,129.39,EUR/MWh,DK1,DK_1,imbalance_price,Short,2026-08-23T05:51:55Z
2026-08-23T05:46:44Z,2026-08-23T07:46:44+0200,442f0342-0040-4db4-ac3f-85a7f822bcbf,2026-08-19T12:30:00Z,2026-08-19T14:30:00+0200,187.91,EUR/MWh,DK1,DK_1,imbalance_price,Long,2026-08-23T05:51:55Z
2026-08-23T05:46:44Z,2026-08-23T07:46:44+0200,442f0342-0040-4db4-ac3f-85a7f822bcbf,2026-08-19T12:30:00Z,2026-08-19T14:30:00+0200,187.91,EUR/MWh,DK1,DK_1,imbalance_price,Short,2026-08-23T05:51:55Z
2026-08-23T05:46:44Z,2026-08-23T07:46:44+0200,442f0342-0040-4db4-ac3f-85a7f822bcbf,2026-08-19T12:45:00Z,2026-08-19T14:45:00+0200,115.79,EUR/MWh,DK1,DK_1,imbalance_price,Long,2026-08-23T05:51:55Z
2026-08-23T05:46:44Z,2026-08-23T07:46:44+0200,442f0342-0040-4db4-ac3f-85a7f822bcbf,2026-08-19T12:45:00Z,2026-08-19T14:45:00+0200,115.79,EUR/MWh,DK1,DK_1,imbalance_price,Short,2026-08-23T05:51:55Z
2026-08-23T05:46:44Z,2026-08-23T07:46:44+0200,442f0342-0040-4db4-ac3f-85a7f822bcbf,2026-08-19T13:00:00Z,2026-08-19T15:00:00+0200,110.42,EUR/MWh,DK1,DK_1,imbalance_price,Long,2026-08-23T05:51:55Z
2026-08-23T05:46:44Z,2026-08-23T07:46:44+0200,442f0342-0040-4db4-ac3f-85a7f822bcbf,2026-08-19T13:00:00Z,2026-08-19T15:00:00+0200,110.42,EUR/MWh,DK1,DK_1,imbalance_price,Short,2026-08-23T05:51:55Z
2026-08-23T05:46:44Z,2026-08-23T07:46:44+0200,442f0342-0040-4db4-ac3f-85a7f822bcbf,2026-08-19T13:15:00Z,2026-08-19T15:15:00+0200,127.5,EUR/MWh,DK1,DK_1,imbalance_price,Long,2026-08-23T05:51:55Z
2026-08-23T05:46:44Z,2026-08-23T07:46:44+0200,442f0342-0040-4db4-ac3f-85a7f822bcbf,2026-08-19T13:15:00Z,2026-08-19T15:15:00+0200,127.5,EUR/MWh,DK1,DK_1,imbalance_price,Short,2026-08-23T05:51:55Z
2026-08-23T05:46:44Z,2026-08-23T07:46:44+0200,442f0342-0040-4db4-ac3f-85a7f822bcbf,2026-08-19T13:30:00Z,2026-08-19T15:30:00+0200,122.76,EUR/MWh,DK1,DK_1,imbalance_price,Long,2026-08-23T05:51:55Z
2026-08-23T05:46:44Z,2026-08-23T07:46:44+0200,442f0342-0040-4db4-ac3f-85a7f822bcbf,2026-08-19T13:30:00Z,2026-08-19T15:30:00+0200,122.76,EUR/MWh,DK1,DK_1,imbalance_price,Short,2026-08-23T05:51:55Z
2026-08-23T05:46:44Z,2026-08-23T07:46:44+0200,442f0342-0040-4db4-ac3f-85a7f822bcbf,2026-08-19T13:45:00Z,2026-08-19T15:45:00+0200,103.32,EUR/MWh,DK1,DK_1,imbalance_price,Long,2026-08-23T05:51:55Z
2026-08-23T05:46:44Z,2026-08-23T07:46:44+0200,442f0342-0040-4db4-ac3f-85a7f822bcbf,2026-08-19T13:45:00Z,2026-08-19T15:45:00+0200,103.32,EUR/MWh,DK1,DK_1,imbalance_price,Short,2026-08-23T05:51:55Z
2026-08-23T05:46:44Z,2026-08-23T07:46:44+0200,442f0342-0040-4db4-ac3f-85a7f822bcbf,2026-08-19T14:00:00Z,2026-08-19T16:00:00+0200,135.81,EUR/MWh,DK1,DK_1,imbalance_price,Long,2026-08-23T05:51:55Z
2026-08-23T05:46:44Z,2026-08-23T07:46:44+0200,442f0342-0040-4db4-ac3f-85a7f822bcbf,2026-08-19T14:00:00Z,2026-08-19T16:00:00+0200,135.81,EUR/MWh,DK1,DK_1,imbalance_price,Short,2026-08-23T05:51:55Z
2026-08-23T05:46:44Z,2026-08-23T07:46:44+0200,442f0342-0040-4db4-ac3f-85a7f822bcbf,2026-08-19T14:15:00Z,2026-08-19T16:15:00+0200,135.0,EUR/MWh,DK1,DK_1,imbalance_price,Long,2026-08-23T05:51:55Z
2026-08-23T05:46:44Z,2026-08-23T07:46:44+0200,442f0342-0040-4db4-ac3f-85a7f822bcbf,2026-08-19T14:15:00Z,2026-08-19T16:15:00+0200,135.0,EUR/MWh,DK1,DK_1,imbalance_price,Short,2026-08-23T05:51:55Z
2026-08-23T05:46:44Z,2026-08-23T07:46:44+0200,442f0342-0040-4db4-ac3f-85a7f822bcbf,2026-08-19T14:30:00Z,2026-08-19T16:30:00+0200,140.95,EUR/MWh,DK1,DK_1,imbalance_price,Long,2026-08-23T05:51:55Z
2026-08-23T05:46:44Z,2026-08-23T07:46:44+0200,442f0342-0040-4db4-ac3f-85a7f822bcbf,2026-08-19T14:30:00Z,2026-08-19T16:30:00+0200,140.95,EUR/MWh,DK1,DK_1,imbalance_price,Short,2026-08-23T05:51:55Z
2026-08-23T05:46:44Z,2026-08-23T07:46:44+0200,442f0342-0040-4db4-ac3f-85a7f822bcbf,2026-08-19T14:45:00Z,2026-08-19T16:45:00+0200,148.33,EUR/MWh,DK1,DK_1,imbalance_price,Long,2026-08-23T05:51:55Z
2026-08-23T05:46:44Z,2026-08-23T07:46:44+0200,442f0342-0040-4db4-ac3f-85a7f822bcbf,2026-08-19T14:45:00Z,2026-08-19T16:45:00+0200,148.33,EUR/MWh,DK1,DK_1,imbalance_price,Short,2026-08-23T05:51:55Z
2026-08-23T05:46:44Z,2026-08-23T07:46:44+0200,442f0342-0040-4db4-ac3f-85a7f822bcbf,2026-08-19T15:00:00Z,2026-08-19T17:00:00+0200,138.08,EUR/MWh,DK1,DK_1,imbalance_price,Long,2026-08-23T05:51:55Z
2026-08-23T05:46:44Z,2026-08-23T07:46:44+0200,442f0342-0040-4db4-ac3f-85a7f822bcbf,2026-08-19T15:00:00Z,2026-08-19T17:00:00+0200,138.08,EUR/MWh,DK1,DK_1,imbalance_price,Short,2026-08-23T05:51:55Z
2026-08-23T05:46:44Z,2026-08-23T07:46:44+0200,442f0342-0040-4db4-ac3f-85a7f822bcbf,2026-08-19T15:15:00Z,2026-08-19T17:15:00+0200,286.59,EUR/MWh,DK1,DK_1,imbalance_price,Long,2026-08-23T05:51:55Z
2026-08-23T05:46:44Z,2026-08-23T07:46:44+0200,442f0342-0040-4db4-ac3f-85a7f822bcbf,2026-08-19T15:15:00Z,2026-08-19T17:15:00+0200,286.59,EUR/MWh,DK1,DK_1,imbalance_price,Short,2026-08-23T05:51:55Z
2026-08-23T05:46:44Z,2026-08-23T07:46:44+0200,442f0342-0040-4db4-ac3f-85a7f822bcbf,2026-08-19T15:30:00Z,2026-08-19T17:30:00+0200,157.14,EUR/MWh,DK1,DK_1,imbalance_price,Long,2026-08-23T05:51:55Z
2026-08-23T05:46:44Z,2026-08-23T07:46:44+0200,442f0342-0040-4db4-ac3f-85a7f822bcbf,2026-08-19T15:30:00Z,2026-08-19T17:30:00+0200,157.14,EUR/MWh,DK1,DK_1,imbalance_price,Short,2026-08-23T05:51:55Z
2026-08-23T05:46:44Z,2026-08-23T07:46:44+0200,442f0342-0040-4db4-ac3f-85a7f822bcbf,2026-08-19T15:45:00Z,2026-08-19T17:45:00+0200,173.78,EUR/MWh,DK1,DK_1,imbalance_price,Long,2026-08-23T05:51:55Z
2026-08-23T05:46:44Z,2026-08-23T07:46:44+0200,442f0342-0040-4db4-ac3f-85a7f822bcbf,2026-08-19T15:45:00Z,2026-08-19T17:45:00+0200,173.78,EUR/MWh,DK1,DK_1,imbalance_price,Short,2026-08-23T05:51:55Z
2026-08-23T05:46:44Z,2026-08-23T07:46:44+0200,442f0342-0040-4db4-ac3f-85a7f822bcbf,2026-08-19T16:00:00Z,2026-08-19T18:00:00+0200,164.7,EUR/MWh,DK1,DK_1,imbalance_price,Long,2026-08-23T05:51:55Z
2026-08-23T05:46:44Z,2026-08-23T07:46:44+0200,442f0342-0040-4db4-ac3f-85a7f822bcbf,2026-08-19T16:00:00Z,2026-08-19T18:00:00+0200,164.7,EUR/MWh,DK1,DK_1,imbalance_price,Short,2026-08-23T05:51:55Z
2026-08-23T05:46:44Z,2026-08-23T07:46:44+0200,442f0342-0040-4db4-ac3f-85a7f822bcbf,2026-08-19T16:15:00Z,2026-08-19T18:15:00+0200,270.3,EUR/MWh,DK1,DK_1,imbalance_price,Long,2026-08-23T05:51:55Z
2026-08-23T05:46:44Z,2026-08-23T07:46:44+0200,442f0342-0040-4db4-ac3f-85a7f822bcbf,2026-08-19T16:15:00Z,2026-08-19T18:15:00+0200,270.3,EUR/MWh,DK1,DK_1,imbalance_price,Short,2026-08-23T05:51:55Z
2026-08-23T05:46:44Z,2026-08-23T07:46:44+0200,442f0342-0040-4db4-ac3f-85a7f822bcbf,2026-08-19T16:30:00Z,2026-08-19T18:30:00+0200,192.01,EUR/MWh,DK1,DK_1,imbalance_price,Long,2026-08-23T05:51:55Z
2026-08-23T05:46:44Z,2026-08-23T07:46:44+0200,442f0342-0040-4db4-ac3f-85a7f822bcbf,2026-08-19T16:30:00Z,2026-08-19T18:30:00+0200,192.01,EUR/MWh,DK1,DK_1,imbalance_price,Short,2026-08-23T05:51:55Z
2026-08-23T05:46:44Z,2026-08-23T07:46:44+0200,442f0342-0040-4db4-ac3f-85a7f822bcbf,2026-08-19T16:45:00Z,2026-08-19T18:45:00+0200,173.2,EUR/MWh,DK1,DK_1,imbalance_price,Long,2026-08-23T05:51:55Z
2026-08-23T05:46:44Z,2026-08-23T07:46:44+0200,442f0342-0040-4db4-ac3f-85a7f822bcbf,2026-08-19T16:45:00Z,2026-08-19T18:45:00+0200,173.2,EUR/MWh,DK1,DK_1,imbalance_price,Short,2026-08-23T05:51:55Z
2026-08-23T05:46:44Z,2026-08-23T07:46:44+0200,442f0342-0040-4db4-ac3f-85a7f822bcbf,2026-08-19T17:00:00Z,2026-08-19T19:00:00+0200,187.79,EUR/MWh,DK1,DK_1,imbalance_price,Long,2026-08-23T05:51:55Z
2026-08-23T05:46:44Z,2026-08-23T07:46:44+0200,442f0342-0040-4db4-ac3f-85a7f822bcbf,2026-08-19T17:00:00Z,2026-08-19T19:00:00+0200,187.79,EUR/MWh,DK1,DK_1,imbalance_price,Short,2026-08-23T05:51:55Z
2026-08-23T05:46:44Z,2026-08-23T07:46:44+0200,442f0342-0040-4db4-ac3f-85a7f822bcbf,2026-08-19T17:15:00Z,2026-08-19T19:15:00+0200,205.05,EUR/MWh,DK1,DK_1,imbalance_price,Long,2026-08-23T05:51:55Z
2026-08-23T05:46:44Z,2026-08-23T07:46:44+0200,442f0342-0040-4db4-ac3f-85a7f822bcbf,2026-08-19T17:15:00Z,2026-08-19T19:15:00+0200,205.05,EUR/MWh,DK1,DK_1,imbalance_price,Short,2026-08-23T05:51:55Z
2026-08-23T05:46:44Z,2026-08-23T07:46:44+0200,442f0342-0040-4db4-ac3f-85a7f822bcbf,2026-08-19T17:30:00Z,2026-08-19T19:30:00+0200,215.99,EUR/MWh,DK1,DK_1,imbalance_price,Long,2026-08-23T05:51:55Z
2026-08-23T05:46:44Z,2026-08-23T07:46:44+0200,442f0342-0040-4db4-ac3f-85a7f822bcbf,2026-08-19T17:30:00Z,2026-08-19T19:30:00+0200,215.99,EUR/MWh,DK1,DK_1,imbalance_price,Short,2026-08-23T05:51:55Z
2026-08-23T05:46:44Z,2026-08-23T07:46:44+0200,442f0342-0040-4db4-ac3f-85a7f822bcbf,2026-08-19T17:45:00Z,2026-08-19T19:45:00+0200,391.75,EUR/MWh,DK1,DK_1,imbalance_price,Long,2026-08-23T05:51:55Z
2026-08-23T05:46:44Z,2026-08-23T07:46:44+0200,442f0342-0040-4db4-ac3f-85a7f822bcbf,2026-08-19T17:45:00Z,2026-08-19T19:45:00+0200,391.75,EUR/MWh,DK1,DK_1,imbalance_price,Short,2026-08-23T05:51:55Z
2026-08-23T05:46:44Z,2026-08-23T07:46:44+0200,442f0342-0040-4db4-ac3f-85a7f822bcbf,2026-08-19T18:00:00Z,2026-08-19T20:00:00+0200,199.36,EUR/MWh,DK1,DK_1,imbalance_price,Long,2026-08-23T05:51:55Z
2026-08-23T05:46:44Z,2026-08-23T07:46:44+0200,442f0342-0040-4db4-ac3f-85a7f822bcbf,2026-08-19T18:00:00Z,2026-08-19T20:00:00+0200,199.36,EUR/MWh,DK1,DK_1,imbalance_price,Short,2026-08-23T05:51:55Z
2026-08-23T05:46:44Z,2026-08-23T07:46:44+0200,442f0342-0040-4db4-ac3f-85a7f822bcbf,2026-08-19T18:15:00Z,2026-08-19T20:15:00+0200,208.84,EUR/MWh,DK1,DK_1,imbalance_price,Long,2026-08-23T05:51:55Z
2026-08-23T05:46:44Z,2026-08-23T07:46:44+0200,442f0342-0040-4db4-ac3f-85a7f822bcbf,2026-08-19T18:15:00Z,2026-08-19T20:15:00+0200,208.84,EUR/MWh,DK1,DK_1,imbalance_price,Short,2026-08-23T05:51:55Z
2026-08-23T05:46:44Z,2026-08-23T07:46:44+0200,442f0342-0040-4db4-ac3f-85a7f822bcbf,2026-08-19T18:30:00Z,2026-08-19T20:30:00+0200,322.93,EUR/MWh,DK1,DK_1,imbalance_price,Long,2026-08-23T05:51:55Z
2026-08-23T05:46:44Z,2026-08-23T07:46:44+0200,442f0342-0040-4db4-ac3f-85a7f822bcbf,2026-08-19T18:30:00Z,2026-08-19T20:30:00+0200,322.93,EUR/MWh,DK1,DK_1,imbalance_price,Short,2026-08-23T05:51:55Z
2026-08-23T05:46:44Z,2026-08-23T07:46:44+0200,442f0342-0040-4db4-ac3f-85a7f822bcbf,2026-08-19T18:45:00Z,2026-08-19T20:45:00+0200,314.7,EUR/MWh,DK1,DK_1,imbalance_price,Long,2026-08-23T05:51:55Z
2026-08-23T05:46:44Z,2026-08-23T07:46:44+0200,442f0342-0040-4db4-ac3f-85a7f822bcbf,2026-08-19T18:45:00Z,2026-08-19T20:45:00+0200,314.7,EUR/MWh,DK1,DK_1,imbalance_price,Short,2026-08-23T05:51:55Z
2026-08-23T05:46:44Z,2026-08-23T07:46:44+0200,442f0342-0040-4db4-ac3f-85a7f822bcbf,2026-08-19T19:00:00Z,2026-08-19T21:00:00+0200,280.92,EUR/MWh,DK1,DK_1,imbalance_price,Long,2026-08-23T05:51:55Z
2026-08-23T05:46:44Z,2026-08-23T07:46:44+0200,442f0342-0040-4db4-ac3f-85a7f822bcbf,2026-08-19T19:00:00Z,2026-08-19T21:00:00+0200,280.92,EUR/MWh,DK1,DK_1,imbalance_price,Short,2026-08-23T05:51:55Z
2026-08-23T05:46:44Z,2026-08-23T07:46:44+0200,442f0342-0040-4db4-ac3f-85a7f822bcbf,2026-08-19T19:15:00Z,2026-08-19T21:15:00+0200,211.1,EUR/MWh,DK1,DK_1,imbalance_price,Long,2026-08-23T05:51:55Z
2026-08-23T05:46:44Z,2026-08-23T07:46:44+0200,442f0342-0040-4db4-ac3f-85a7f822bcbf,2026-08-19T19:15:00Z,2026-08-19T21:15:00+0200,211.1,EUR/MWh,DK1,DK_1,imbalance_price,Short,2026-08-23T05:51:55Z
2026-08-23T05:46:44Z,2026-08-23T07:46:44+0200,442f0342-0040-4db4-ac3f-85a7f822bcbf,2026-08-19T19:30:00Z,2026-08-19T21:30:00+0200,203.54,EUR/MWh,DK1,DK_1,imbalance_price,Long,2026-08-23T05:51:55Z
2026-08-23T05:46:44Z,2026-08-23T07:46:44+0200,442f0342-0040-4db4-ac3f-85a7f822bcbf,2026-08-19T19:30:00Z,2026-08-19T21:30:00+0200,203.54,EUR/MWh,DK1,DK_1,imbalance_price,Short,2026-08-23T05:51:55Z
2026-08-23T05:46:44Z,2026-08-23T07:46:44+0200,442f0342-0040-4db4-ac3f-85a7f822bcbf,2026-08-19T19:45:00Z,2026-08-19T21:45:00+0200,196.99,EUR/MWh,DK1,DK_1,imbalance_price,Long,2026-08-23T05:51:55Z
2026-08-23T05:46:44Z,2026-08-23T07:46:44+0200,442f0342-0040-4db4-ac3f-85a7f822bcbf,2026-08-19T19:45:00Z,2026-08-19T21:45:00+0200,196.99,EUR/MWh,DK1,DK_1,imbalance_price,Short,2026-08-23T05:51:55Z
2026-08-23T05:46:44Z,2026-08-23T07:46:44+0200,442f0342-0040-4db4-ac3f-85a7f822bcbf,2026-08-19T20:00:00Z,2026-08-19T22:00:00+0200,206.89,EUR/MWh,DK1,DK_1,imbalance_price,Long,2026-08-23T05:51:55Z
2026-08-23T05:46:44Z,2026-08-23T07:46:44+0200,442f0342-0040-4db4-ac3f-85a7f822bcbf,2026-08-19T20:00:00Z,2026-08-19T22:00:00+0200,206.89,EUR/MWh,DK1,DK_1,imbalance_price,Short,2026-08-23T05:51:55Z
2026-08-23T05:46:44Z,2026-08-23T07:46:44+0200,442f0342-0040-4db4-ac3f-85a7f822bcbf,2026-08-19T20:15:00Z,2026-08-19T22:15:00+0200,201.18,EUR/MWh,DK1,DK_1,imbalance_price,Long,2026-08-23T05:51:55Z
2026-08-23T05:46:44Z,2026-08-23T07:46:44+0200,442f0342-0040-4db4-ac3f-85a7f822bcbf,2026-08-19T20:15:00Z,2026-08-19T22:15:00+0200,201.18,EUR/MWh,DK1,DK_1,imbalance_price,Short,2026-08-23T05:51:55Z
2026-08-23T05:46:44Z,2026-08-23T07:46:44+0200,442f0342-0040-4db4-ac3f-85a7f822bcbf,2026-08-19T20:30:00Z,2026-08-19T22:30:00+0200,229.16,EUR/MWh,DK1,DK_1,imbalance_price,Long,2026-08-23T05:51:55Z
2026-08-23T05:46:44Z,2026-08-23T07:46:44+0200,442f0342-0040-4db4-ac3f-85a7f822bcbf,2026-08-19T20:30:00Z,2026-08-19T22:30:00+0200,229.16,EUR/MWh,DK1,DK_1,imbalance_price,Short,2026-08-23T05:51:55Z
2026-08-23T05:46:44Z,2026-08-23T07:46:44+0200,442f0342-0040-4db4-ac3f-85a7f822bcbf,2026-08-19T20:45:00Z,2026-08-19T22:45:00+0200,254.15,EUR/MWh,DK1,DK_1,imbalance_price,Long,2026-08-23T05:51:55Z
2026-08-23T05:46:44Z,2026-08-23T07:46:44+0200,442f0342-0040-4db4-ac3f-85a7f822bcbf,2026-08-19T20:45:00Z,2026-08-19T22:45:00+0200,254.15,EUR/MWh,DK1,DK_1,imbalance_price,Short,2026-08-23T05:51:55Z
2026-08-23T05:46:44Z,2026-08-23T07:46:44+0200,442f0342-0040-4db4-ac3f-85a7f822bcbf,2026-08-19T21:00:00Z,2026-08-19T23:00:00+0200,334.5,EUR/MWh,DK1,DK_1,imbalance_price,Long,2026-08-23T05:51:55Z
2026-08-23T05:46:44Z,2026-08-23T07:46:44+0200,442f0342-0040-4db4-ac3f-85a7f822bcbf,2026-08-19T21:00:00Z,2026-08-19T23:00:00+0200,334.5,EUR/MWh,DK1,DK_1,imbalance_price,Short,2026-08-23T05:51:55Z
2026-08-23T05:46:44Z,2026-08-23T07:46:44+0200,442f0342-0040-4db4-ac3f-85a7f822bcbf,2026-08-19T21:15:00Z,2026-08-19T23:15:00+0200,190.1,EUR/MWh,DK1,DK_1,imbalance_price,Long,2026-08-23T05:51:55Z
2026-08-23T05:46:44Z,2026-08-23T07:46:44+0200,442f0342-0040-4db4-ac3f-85a7f822bcbf,2026-08-19T21:15:00Z,2026-08-19T23:15:00+0200,190.1,EUR/MWh,DK1,DK_1,imbalance_price,Short,2026-08-23T05:51:55Z
2026-08-23T05:46:44Z,2026-08-23T07:46:44+0200,442f0342-0040-4db4-ac3f-85a7f822bcbf,2026-08-19T21:30:00Z,2026-08-19T23:30:00+0200,154.0,EUR/MWh,DK1,DK_1,imbalance_price,Long,2026-08-23T05:51:55Z
2026-08-23T05:46:44Z,2026-08-23T07:46:44+0200,442f0342-0040-4db4-ac3f-85a7f822bcbf,2026-08-19T21:30:00Z,2026-08-19T23:30:00+0200,154.0,EUR/MWh,DK1,DK_1,imbalance_price,Short,2026-08-23T05:51:55Z
2026-08-23T05:46:44Z,2026-08-23T07:46:44+0200,442f0342-0040-4db4-ac3f-85a7f822bcbf,2026-08-19T21:45:00Z,2026-08-19T23:45:00+0200,112.1,EUR/MWh,DK1,DK_1,imbalance_price,Long,2026-08-23T05:51:55Z
2026-08-23T05:46:44Z,2026-08-23T07:46:44+0200,442f0342-0040-4db4-ac3f-85a7f822bcbf,2026-08-19T21:45:00Z,2026-08-19T23:45:00+0200,112.1,EUR/MWh,DK1,DK_1,imbalance_price,Short,2026-08-23T05:51:55Z
2026-08-23T05:46:44Z,2026-08-23T07:46:44+0200,442f0342-0040-4db4-ac3f-85a7f822bcbf,2026-08-19T22:00:00Z,2026-08-20T00:00:00+0200,120.39,EUR/MWh,DK1,DK_1,imbalance_price,Long,2026-08-23T05:51:55Z
2026-08-23T05:46:44Z,2026-08-23T07:46:44+0200,442f0342-0040-4db4-ac3f-85a7f822bcbf,2026-08-19T22:00:00Z,2026-08-20T00:00:00+0200,120.39,EUR/MWh,DK1,DK_1,imbalance_price,Short,2026-08-23T05:51:55Z
2026-08-23T05:46:44Z,2026-08-23T07:46:44+0200,442f0342-0040-4db4-ac3f-85a7f822bcbf,2026-08-19T22:15:00Z,2026-08-20T00:15:00+0200,120.39,EUR/MWh,DK1,DK_1,imbalance_price,Long,2026-08-23T05:51:55Z
2026-08-23T05:46:44Z,2026-08-23T07:46:44+0200,442f0342-0040-4db4-ac3f-85a7f822bcbf,2026-08-19T22:15:00Z,2026-08-20T00:15:00+0200,120.39,EUR/MWh,DK1,DK_1,imbalance_price,Short,2026-08-23T05:51:55Z
2026-08-23T05:46:44Z,2026-08-23T07:46:44+0200,442f0342-0040-4db4-ac3f-85a7f822bcbf,2026-08-19T22:30:00Z,2026-08-20T00:30:00+0200,120.39,EUR/MWh,DK1,DK_1,imbalance_price,Long,2026-08-23T05:51:55Z
2026-08-23T05:46:44Z,2026-08-23T07:46:44+0200,442f0342-0040-4db4-ac3f-85a7f822bcbf,2026-08-19T22:30:00Z,2026-08-20T00:30:00+0200,120.39,EUR/MWh,DK1,DK_1,imbalance_price,Short,2026-08-23T05:51:55Z
2026-08-23T05:46:44Z,2026-08-23T07:46:44+0200,442f0342-0040-4db4-ac3f-85a7f822bcbf,2026-08-19T22:45:00Z,2026-08-20T00:45:00+0200,108.55,EUR/MWh,DK1,DK_1,imbalance_price,Long,2026-08-23T05:51:55Z
2026-08-23T05:46:44Z,2026-08-23T07:46:44+0200,442f0342-0040-4db4-ac3f-85a7f822bcbf,2026-08-19T22:45:00Z,2026-08-20T00:45:00+0200,108.55,EUR/MWh,DK1,DK_1,imbalance_price,Short,2026-08-23T05:51:55Z
2026-08-23T05:46:44Z,2026-08-23T07:46:44+0200,442f0342-0040-4db4-ac3f-85a7f822bcbf,2026-08-19T23:00:00Z,2026-08-20T01:00:00+0200,109.15,EUR/MWh,DK1,DK_1,imbalance_price,Long,2026-08-23T05:51:55Z
2026-08-23T05:46:44Z,2026-08-23T07:46:44+0200,442f0342-0040-4db4-ac3f-85a7f822bcbf,2026-08-19T23:00:00Z,2026-08-20T01:00:00+0200,109.15,EUR/MWh,DK1,DK_1,imbalance_price,Short,2026-08-23T05:51:55Z
2026-08-23T05:46:44Z,2026-08-23T07:46:44+0200,442f0342-0040-4db4-ac3f-85a7f822bcbf,2026-08-19T23:15:00Z,2026-08-20T01:15:00+0200,115.28,EUR/MWh,DK1,DK_1,imbalance_price,Long,2026-08-23T05:51:55Z
2026-08-23T05:46:44Z,2026-08-23T07:46:44+0200,442f0342-0040-4db4-ac3f-85a7f822bcbf,2026-08-19T23:15:00Z,2026-08-20T01:15:00+0200,115.28,EUR/MWh,DK1,DK_1,imbalance_price,Short,2026-08-23T05:51:55Z
2026-08-23T05:46:44Z,2026-08-23T07:46:44+0200,442f0342-0040-4db4-ac3f-85a7f822bcbf,2026-08-19T23:30:00Z,2026-08-20T01:30:00+0200,162.11,EUR/MWh,DK1,DK_1,imbalance_price,Long,2026-08-23T05:51:55Z
2026-08-23T05:46:44Z,2026-08-23T07:46:44+0200,442f0342-0040-4db4-ac3f-85a7f822bcbf,2026-08-19T23:30:00Z,2026-08-20T01:30:00+0200,162.11,EUR/MWh,DK1,DK_1,imbalance_price,Short,2026-08-23T05:51:55Z
2026-08-23T05:46:44Z,2026-08-23T07:46:44+0200,442f0342-0040-4db4-ac3f-85a7f822bcbf,2026-08-19T23:45:00Z,2026-08-20T01:45:00+0200,158.27,EUR/MWh,DK1,DK_1,imbalance_price,Long,2026-08-23T05:51:55Z
2026-08-23T05:46:44Z,2026-08-23T07:46:44+0200,442f0342-0040-4db4-ac3f-85a7f822bcbf,2026-08-19T23:45:00Z,2026-08-20T01:45:00+0200,158.27,EUR/MWh,DK1,DK_1,imbalance_price,Short,2026-08-23T05:51:55Z
2026-08-23T05:46:44Z,2026-08-23T07:46:44+0200,442f0342-0040-4db4-ac3f-85a7f822bcbf,2026-08-20T00:00:00Z,2026-08-20T02:00:00+0200,127.27,EUR/MWh,DK1,DK_1,imbalance_price,Long,2026-08-23T05:51:55Z
2026-08-23T05:46:44Z,2026-08-23T07:46:44+0200,442f0342-0040-4db4-ac3f-85a7f822bcbf,2026-08-20T00:00:00Z,2026-08-20T02:00:00+0200,127.27,EUR/MWh,DK1,DK_1,imbalance_price,Short,2026-08-23T05:51:55Z
2026-08-23T05:46:44Z,2026-08-23T07:46:44+0200,442f0342-0040-4db4-ac3f-85a7f822bcbf,2026-08-20T00:15:00Z,2026-08-20T02:15:00+0200,130.87,EUR/MWh,DK1,DK_1,imbalance_price,Long,2026-08-23T05:51:55Z
2026-08-23T05:46:44Z,2026-08-23T07:46:44+0200,442f0342-0040-4db4-ac3f-85a7f822bcbf,2026-08-20T00:15:00Z,2026-08-20T02:15:00+0200,130.87,EUR/MWh,DK1,DK_1,imbalance_price,Short,2026-08-23T05:51:55Z
2026-08-23T05:46:44Z,2026-08-23T07:46:44+0200,442f0342-0040-4db4-ac3f-85a7f822bcbf,2026-08-20T00:30:00Z,2026-08-20T02:30:00+0200,195.68,EUR/MWh,DK1,DK_1,imbalance_price,Long,2026-08-23T05:51:55Z
2026-08-23T05:46:44Z,2026-08-23T07:46:44+0200,442f0342-0040-4db4-ac3f-85a7f822bcbf,2026-08-20T00:30:00Z,2026-08-20T02:30:00+0200,195.68,EUR/MWh,DK1,DK_1,imbalance_price,Short,2026-08-23T05:51:55Z
2026-08-23T05:46:44Z,2026-08-23T07:46:44+0200,442f0342-0040-4db4-ac3f-85a7f822bcbf,2026-08-20T00:45:00Z,2026-08-20T02:45:00+0200,149.53,EUR/MWh,DK1,DK_1,imbalance_price,Long,2026-08-23T05:51:55Z
2026-08-23T05:46:44Z,2026-08-23T07:46:44+0200,442f0342-0040-4db4-ac3f-85a7f822bcbf,2026-08-20T00:45:00Z,2026-08-20T02:45:00+0200,149.53,EUR/MWh,DK1,DK_1,imbalance_price,Short,2026-08-23T05:51:55Z
2026-08-23T05:46:44Z,2026-08-23T07:46:44+0200,442f0342-0040-4db4-ac3f-85a7f822bcbf,2026-08-20T01:00:00Z,2026-08-20T03:00:00+0200,198.36,EUR/MWh,DK1,DK_1,imbalance_price,Long,2026-08-23T05:51:55Z
2026-08-23T05:46:44Z,2026-08-23T07:46:44+0200,442f0342-0040-4db4-ac3f-85a7f822bcbf,2026-08-20T01:00:00Z,2026-08-20T03:00:00+0200,198.36,EUR/MWh,DK1,DK_1,imbalance_price,Short,2026-08-23T05:51:55Z
2026-08-23T05:46:44Z,2026-08-23T07:46:44+0200,442f0342-0040-4db4-ac3f-85a7f822bcbf,2026-08-20T01:15:00Z,2026-08-20T03:15:00+0200,146.95,EUR/MWh,DK1,DK_1,imbalance_price,Long,2026-08-23T05:51:55Z
2026-08-23T05:46:44Z,2026-08-23T07:46:44+0200,442f0342-0040-4db4-ac3f-85a7f822bcbf,2026-08-20T01:15:00Z,2026-08-20T03:15:00+0200,146.95,EUR/MWh,DK1,DK_1,imbalance_price,Short,2026-08-23T05:51:55Z
2026-08-23T05:46:44Z,2026-08-23T07:46:44+0200,442f0342-0040-4db4-ac3f-85a7f822bcbf,2026-08-20T01:30:00Z,2026-08-20T03:30:00+0200,195.83,EUR/MWh,DK1,DK_1,imbalance_price,Long,2026-08-23T05:51:55Z
2026-08-23T05:46:44Z,2026-08-23T07:46:44+0200,442f0342-0040-4db4-ac3f-85a7f822bcbf,2026-08-20T01:30:00Z,2026-08-20T03:30:00+0200,195.83,EUR/MWh,DK1,DK_1,imbalance_price,Short,2026-08-23T05:51:55Z
2026-08-23T05:46:44Z,2026-08-23T07:46:44+0200,442f0342-0040-4db4-ac3f-85a7f822bcbf,2026-08-20T01:45:00Z,2026-08-20T03:45:00+0200,187.66,EUR/MWh,DK1,DK_1,imbalance_price,Long,2026-08-23T05:51:55Z
2026-08-23T05:46:44Z,2026-08-23T07:46:44+0200,442f0342-0040-4db4-ac3f-85a7f822bcbf,2026-08-20T01:45:00Z,2026-08-20T03:45:00+0200,187.66,EUR/MWh,DK1,DK_1,imbalance_price,Short,2026-08-23T05:51:55Z
2026-08-23T05:46:44Z,2026-08-23T07:46:44+0200,442f0342-0040-4db4-ac3f-85a7f822bcbf,2026-08-20T02:00:00Z,2026-08-20T04:00:00+0200,145.9,EUR/MWh,DK1,DK_1,imbalance_price,Long,2026-08-23T05:51:55Z
2026-08-23T05:46:44Z,2026-08-23T07:46:44+0200,442f0342-0040-4db4-ac3f-85a7f822bcbf,2026-08-20T02:00:00Z,2026-08-20T04:00:00+0200,145.9,EUR/MWh,DK1,DK_1,imbalance_price,Short,2026-08-23T05:51:55Z
2026-08-23T05:46:44Z,2026-08-23T07:46:44+0200,442f0342-0040-4db4-ac3f-85a7f822bcbf,2026-08-20T02:15:00Z,2026-08-20T04:15:00+0200,123.75,EUR/MWh,DK1,DK_1,imbalance_price,Long,2026-08-23T05:51:55Z
2026-08-23T05:46:44Z,2026-08-23T07:46:44+0200,442f0342-0040-4db4-ac3f-85a7f822bcbf,2026-08-20T02:15:00Z,2026-08-20T04:15:00+0200,123.75,EUR/MWh,DK1,DK_1,imbalance_price,Short,2026-08-23T05:51:55Z
2026-08-23T05:46:44Z,2026-08-23T07:46:44+0200,442f0342-0040-4db4-ac3f-85a7f822bcbf,2026-08-20T02:30:00Z,2026-08-20T04:30:00+0200,121.12,EUR/MWh,DK1,DK_1,imbalance_price,Long,2026-08-23T05:51:55Z
2026-08-23T05:46:44Z,2026-08-23T07:46:44+0200,442f0342-0040-4db4-ac3f-85a7f822bcbf,2026-08-20T02:30:00Z,2026-08-20T04:30:00+0200,121.12,EUR/MWh,DK1,DK_1,imbalance_price,Short,2026-08-23T05:51:55Z
2026-08-23T05:46:44Z,2026-08-23T07:46:44+0200,442f0342-0040-4db4-ac3f-85a7f822bcbf,2026-08-20T02:45:00Z,2026-08-20T04:45:00+0200,210.28,EUR/MWh,DK1,DK_1,imbalance_price,Long,2026-08-23T05:51:55Z
2026-08-23T05:46:44Z,2026-08-23T07:46:44+0200,442f0342-0040-4db4-ac3f-85a7f822bcbf,2026-08-20T02:45:00Z,2026-08-20T04:45:00+0200,210.28,EUR/MWh,DK1,DK_1,imbalance_price,Short,2026-08-23T05:51:55Z
2026-08-23T05:46:44Z,2026-08-23T07:46:44+0200,442f0342-0040-4db4-ac3f-85a7f822bcbf,2026-08-20T03:00:00Z,2026-08-20T05:00:00+0200,148.62,EUR/MWh,DK1,DK_1,imbalance_price,Long,2026-08-23T05:51:55Z
2026-08-23T05:46:44Z,2026-08-23T07:46:44+0200,442f0342-0040-4db4-ac3f-85a7f822bcbf,2026-08-20T03:00:00Z,2026-08-20T05:00:00+0200,148.62,EUR/MWh,DK1,DK_1,imbalance_price,Short,2026-08-23T05:51:55Z
2026-08-23T05:46:44Z,2026-08-23T07:46:44+0200,442f0342-0040-4db4-ac3f-85a7f822bcbf,2026-08-20T03:15:00Z,2026-08-20T05:15:00+0200,154.56,EUR/MWh,DK1,DK_1,imbalance_price,Long,2026-08-23T05:51:55Z
2026-08-23T05:46:44Z,2026-08-23T07:46:44+0200,442f0342-0040-4db4-ac3f-85a7f822bcbf,2026-08-20T03:15:00Z,2026-08-20T05:15:00+0200,154.56,EUR/MWh,DK1,DK_1,imbalance_price,Short,2026-08-23T05:51:55Z
2026-08-23T05:46:44Z,2026-08-23T07:46:44+0200,442f0342-0040-4db4-ac3f-85a7f822bcbf,2026-08-20T03:30:00Z,2026-08-20T05:30:00+0200,200.65,EUR/MWh,DK1,DK_1,imbalance_price,Long,2026-08-23T05:51:55Z
2026-08-23T05:46:44Z,2026-08-23T07:46:44+0200,442f0342-0040-4db4-ac3f-85a7f822bcbf,2026-08-20T03:30:00Z,2026-08-20T05:30:00+0200,200.65,EUR/MWh,DK1,DK_1,imbalance_price,Short,2026-08-23T05:51:55Z
2026-08-23T05:46:44Z,2026-08-23T07:46:44+0200,442f0342-0040-4db4-ac3f-85a7f822bcbf,2026-08-20T03:45:00Z,2026-08-20T05:45:00+0200,172.43,EUR/MWh,DK1,DK_1,imbalance_price,Long,2026-08-23T05:51:55Z
2026-08-23T05:46:44Z,2026-08-23T07:46:44+0200,442f0342-0040-4db4-ac3f-85a7f822bcbf,2026-08-20T03:45:00Z,2026-08-20T05:45:00+0200,172.43,EUR/MWh,DK1,DK_1,imbalance_price,Short,2026-08-23T05:51:55Z
2026-08-23T05:46:44Z,2026-08-23T07:46:44+0200,442f0342-0040-4db4-ac3f-85a7f822bcbf,2026-08-20T04:00:00Z,2026-08-20T06:00:00+0200,129.77,EUR/MWh,DK1,DK_1,imbalance_price,Long,2026-08-23T05:51:55Z
2026-08-23T05:46:44Z,2026-08-23T07:46:44+0200,442f0342-0040-4db4-ac3f-85a7f822bcbf,2026-08-20T04:00:00Z,2026-08-20T06:00:00+0200,129.77,EUR/MWh,DK1,DK_1,imbalance_price,Short,2026-08-23T05:51:55Z
2026-08-23T05:46:44Z,2026-08-23T07:46:44+0200,442f0342-0040-4db4-ac3f-85a7f822bcbf,2026-08-20T04:15:00Z,2026-08-20T06:15:00+0200,132.31,EUR/MWh,DK1,DK_1,imbalance_price,Long,2026-08-23T05:51:55Z
2026-08-23T05:46:44Z,2026-08-23T07:46:44+0200,442f0342-0040-4db4-ac3f-85a7f822bcbf,2026-08-20T04:15:00Z,2026-08-20T06:15:00+0200,132.31,EUR/MWh,DK1,DK_1,imbalance_price,Short,2026-08-23T05:51:55Z
2026-08-23T05:46:44Z,2026-08-23T07:46:44+0200,442f0342-0040-4db4-ac3f-85a7f822bcbf,2026-08-20T04:30:00Z,2026-08-20T06:30:00+0200,134.04,EUR/MWh,DK1,DK_1,imbalance_price,Long,2026-08-23T05:51:55Z
2026-08-23T05:46:44Z,2026-08-23T07:46:44+0200,442f0342-0040-4db4-ac3f-85a7f822bcbf,2026-08-20T04:30:00Z,2026-08-20T06:30:00+0200,134.04,EUR/MWh,DK1,DK_1,imbalance_price,Short,2026-08-23T05:51:55Z
2026-08-23T05:46:44Z,2026-08-23T07:46:44+0200,442f0342-0040-4db4-ac3f-85a7f822bcbf,2026-08-20T04:45:00Z,2026-08-20T06:45:00+0200,187.37,EUR/MWh,DK1,DK_1,imbalance_price,Long,2026-08-23T05:51:55Z
2026-08-23T05:46:44Z,2026-08-23T07:46:44+0200,442f0342-0040-4db4-ac3f-85a7f822bcbf,2026-08-20T04:45:00Z,2026-08-20T06:45:00+0200,187.37,EUR/MWh,DK1,DK_1,imbalance_price,Short,2026-08-23T05:51:55Z
2026-08-23T05:46:44Z,2026-08-23T07:46:44+0200,442f0342-0040-4db4-ac3f-85a7f822bcbf,2026-08-20T05:00:00Z,2026-08-20T07:00:00+0200,194.98,EUR/MWh,DK1,DK_1,imbalance_price,Long,2026-08-23T05:51:55Z
2026-08-23T05:46:44Z,2026-08-23T07:46:44+0200,442f0342-0040-4db4-ac3f-85a7f822bcbf,2026-08-20T05:00:00Z,2026-08-20T07:00:00+0200,194.98,EUR/MWh,DK1,DK_1,imbalance_price,Short,2026-08-23T05:51:55Z
2026-08-23T05:46:44Z,2026-08-23T07:46:44+0200,442f0342-0040-4db4-ac3f-85a7f822bcbf,2026-08-20T05:15:00Z,2026-08-20T07:15:00+0200,334.42,EUR/MWh,DK1,DK_1,imbalance_price,Long,2026-08-23T05:51:55Z
2026-08-23T05:46:44Z,2026-08-23T07:46:44+0200,442f0342-0040-4db4-ac3f-85a7f822bcbf,2026-08-20T05:15:00Z,2026-08-20T07:15:00+0200,334.42,EUR/MWh,DK1,DK_1,imbalance_price,Short,2026-08-23T05:51:55Z
2026-08-23T05:46:44Z,2026-08-23T07:46:44+0200,442f0342-0040-4db4-ac3f-85a7f822bcbf,2026-08-20T05:30:00Z,2026-08-20T07:30:00+0200,185.68,EUR/MWh,DK1,DK_1,imbalance_price,Long,2026-08-23T05:51:55Z
2026-08-23T05:46:44Z,2026-08-23T07:46:44+0200,442f0342-0040-4db4-ac3f-85a7f822bcbf,2026-08-20T05:30:00Z,2026-08-20T07:30:00+0200,185.68,EUR/MWh,DK1,DK_1,imbalance_price,Short,2026-08-23T05:51:55Z
2026-08-23T05:46:44Z,2026-08-23T07:46:44+0200,442f0342-0040-4db4-ac3f-85a7f822bcbf,2026-08-20T05:45:00Z,2026-08-20T07:45:00+0200,120.39,EUR/MWh,DK1,DK_1,imbalance_price,Long,2026-08-23T05:51:55Z
2026-08-23T05:46:44Z,2026-08-23T07:46:44+0200,442f0342-0040-4db4-ac3f-85a7f822bcbf,2026-08-20T05:45:00Z,2026-08-20T07:45:00+0200,120.39,EUR/MWh,DK1,DK_1,imbalance_price,Short,2026-08-23T05:51:55Z
2026-08-23T05:46:44Z,2026-08-23T07:46:44+0200,442f0342-0040-4db4-ac3f-85a7f822bcbf,2026-08-20T06:00:00Z,2026-08-20T08:00:00+0200,120.39,EUR/MWh,DK1,DK_1,imbalance_price,Long,2026-08-23T05:51:55Z
2026-08-23T05:46:44Z,2026-08-23T07:46:44+0200,442f0342-0040-4db4-ac3f-85a7f822bcbf,2026-08-20T06:00:00Z,2026-08-20T08:00:00+0200,120.39,EUR/MWh,DK1,DK_1,imbalance_price,Short,2026-08-23T05:51:55Z
2026-08-23T05:46:44Z,2026-08-23T07:46:44+0200,442f0342-0040-4db4-ac3f-85a7f822bcbf,2026-08-20T06:15:00Z,2026-08-20T08:15:00+0200,177.63,EUR/MWh,DK1,DK_1,imbalance_price,Long,2026-08-23T05:51:55Z
2026-08-23T05:46:44Z,2026-08-23T07:46:44+0200,442f0342-0040-4db4-ac3f-85a7f822bcbf,2026-08-20T06:15:00Z,2026-08-20T08:15:00+0200,177.63,EUR/MWh,DK1,DK_1,imbalance_price,Short,2026-08-23T05:51:55Z
2026-08-23T05:46:44Z,2026-08-23T07:46:44+0200,442f0342-0040-4db4-ac3f-85a7f822bcbf,2026-08-20T06:30:00Z,2026-08-20T08:30:00+0200,165.0,EUR/MWh,DK1,DK_1,imbalance_price,Long,2026-08-23T05:51:55Z
2026-08-23T05:46:44Z,2026-08-23T07:46:44+0200,442f0342-0040-4db4-ac3f-85a7f822bcbf,2026-08-20T06:30:00Z,2026-08-20T08:30:00+0200,165.0,EUR/MWh,DK1,DK_1,imbalance_price,Short,2026-08-23T05:51:55Z
2026-08-23T05:46:44Z,2026-08-23T07:46:44+0200,442f0342-0040-4db4-ac3f-85a7f822bcbf,2026-08-20T06:45:00Z,2026-08-20T08:45:00+0200,155.4,EUR/MWh,DK1,DK_1,imbalance_price,Long,2026-08-23T05:51:55Z
2026-08-23T05:46:44Z,2026-08-23T07:46:44+0200,442f0342-0040-4db4-ac3f-85a7f822bcbf,2026-08-20T06:45:00Z,2026-08-20T08:45:00+0200,155.4,EUR/MWh,DK1,DK_1,imbalance_price,Short,2026-08-23T05:51:55Z
2026-08-23T05:46:44Z,2026-08-23T07:46:44+0200,442f0342-0040-4db4-ac3f-85a7f822bcbf,2026-08-20T07:00:00Z,2026-08-20T09:00:00+0200,120.34,EUR/MWh,DK1,DK_1,imbalance_price,Long,2026-08-23T05:51:55Z
2026-08-23T05:46:44Z,2026-08-23T07:46:44+0200,442f0342-0040-4db4-ac3f-85a7f822bcbf,2026-08-20T07:00:00Z,2026-08-20T09:00:00+0200,120.34,EUR/MWh,DK1,DK_1,imbalance_price,Short,2026-08-23T05:51:55Z
2026-08-23T05:46:44Z,2026-08-23T07:46:44+0200,442f0342-0040-4db4-ac3f-85a7f822bcbf,2026-08-20T07:15:00Z,2026-08-20T09:15:00+0200,113.13,EUR/MWh,DK1,DK_1,imbalance_price,Long,2026-08-23T05:51:55Z
2026-08-23T05:46:44Z,2026-08-23T07:46:44+0200,442f0342-0040-4db4-ac3f-85a7f822bcbf,2026-08-20T07:15:00Z,2026-08-20T09:15:00+0200,113.13,EUR/MWh,DK1,DK_1,imbalance_price,Short,2026-08-23T05:51:55Z
2026-08-23T05:46:44Z,2026-08-23T07:46:44+0200,442f0342-0040-4db4-ac3f-85a7f822bcbf,2026-08-20T07:30:00Z,2026-08-20T09:30:00+0200,104.88,EUR/MWh,DK1,DK_1,imbalance_price,Long,2026-08-23T05:51:55Z
2026-08-23T05:46:44Z,2026-08-23T07:46:44+0200,442f0342-0040-4db4-ac3f-85a7f822bcbf,2026-08-20T07:30:00Z,2026-08-20T09:30:00+0200,104.88,EUR/MWh,DK1,DK_1,imbalance_price,Short,2026-08-23T05:51:55Z
2026-08-23T05:46:44Z,2026-08-23T07:46:44+0200,442f0342-0040-4db4-ac3f-85a7f822bcbf,2026-08-20T07:45:00Z,2026-08-20T09:45:00+0200,110.03,EUR/MWh,DK1,DK_1,imbalance_price,Long,2026-08-23T05:51:55Z
2026-08-23T05:46:44Z,2026-08-23T07:46:44+0200,442f0342-0040-4db4-ac3f-85a7f822bcbf,2026-08-20T07:45:00Z,2026-08-20T09:45:00+0200,110.03,EUR/MWh,DK1,DK_1,imbalance_price,Short,2026-08-23T05:51:55Z
2026-08-23T05:46:44Z,2026-08-23T07:46:44+0200,442f0342-0040-4db4-ac3f-85a7f822bcbf,2026-08-20T08:00:00Z,2026-08-20T10:00:00+0200,86.62,EUR/MWh,DK1,DK_1,imbalance_price,Long,2026-08-23T05:51:55Z
2026-08-23T05:46:44Z,2026-08-23T07:46:44+0200,442f0342-0040-4db4-ac3f-85a7f822bcbf,2026-08-20T08:00:00Z,2026-08-20T10:00:00+0200,86.62,EUR/MWh,DK1,DK_1,imbalance_price,Short,2026-08-23T05:51:55Z
2026-08-23T05:46:44Z,2026-08-23T07:46:44+0200,442f0342-0040-4db4-ac3f-85a7f822bcbf,2026-08-20T08:15:00Z,2026-08-20T10:15:00+0200,103.13,EUR/MWh,DK1,DK_1,imbalance_price,Long,2026-08-23T05:51:55Z
2026-08-23T05:46:44Z,2026-08-23T07:46:44+0200,442f0342-0040-4db4-ac3f-85a7f822bcbf,2026-08-20T08:15:00Z,2026-08-20T10:15:00+0200,103.13,EUR/MWh,DK1,DK_1,imbalance_price,Short,2026-08-23T05:51:55Z
2026-08-23T05:46:44Z,2026-08-23T07:46:44+0200,442f0342-0040-4db4-ac3f-85a7f822bcbf,2026-08-20T08:30:00Z,2026-08-20T10:30:00+0200,72.02,EUR/MWh,DK1,DK_1,imbalance_price,Long,2026-08-23T05:51:55Z
2026-08-23T05:46:44Z,2026-08-23T07:46:44+0200,442f0342-0040-4db4-ac3f-85a7f822bcbf,2026-08-20T08:30:00Z,2026-08-20T10:30:00+0200,72.02,EUR/MWh,DK1,DK_1,imbalance_price,Short,2026-08-23T05:51:55Z
2026-08-23T05:46:44Z,2026-08-23T07:46:44+0200,442f0342-0040-4db4-ac3f-85a7f822bcbf,2026-08-20T08:45:00Z,2026-08-20T10:45:00+0200,83.87,EUR/MWh,DK1,DK_1,imbalance_price,Long,2026-08-23T05:51:55Z
2026-08-23T05:46:44Z,2026-08-23T07:46:44+0200,442f0342-0040-4db4-ac3f-85a7f822bcbf,2026-08-20T08:45:00Z,2026-08-20T10:45:00+0200,83.87,EUR/MWh,DK1,DK_1,imbalance_price,Short,2026-08-23T05:51:55Z
2026-08-23T05:46:44Z,2026-08-23T07:46:44+0200,442f0342-0040-4db4-ac3f-85a7f822bcbf,2026-08-20T09:00:00Z,2026-08-20T11:00:00+0200,92.94,EUR/MWh,DK1,DK_1,imbalance_price,Long,2026-08-23T05:51:55Z
2026-08-23T05:46:44Z,2026-08-23T07:46:44+0200,442f0342-0040-4db4-ac3f-85a7f822bcbf,2026-08-20T09:00:00Z,2026-08-20T11:00:00+0200,92.94,EUR/MWh,DK1,DK_1,imbalance_price,Short,2026-08-23T05:51:55Z
2026-08-23T05:46:44Z,2026-08-23T07:46:44+0200,442f0342-0040-4db4-ac3f-85a7f822bcbf,2026-08-20T09:15:00Z,2026-08-20T11:15:00+0200,126.21,EUR/MWh,DK1,DK_1,imbalance_price,Long,2026-08-23T05:51:55Z
2026-08-23T05:46:44Z,2026-08-23T07:46:44+0200,442f0342-0040-4db4-ac3f-85a7f822bcbf,2026-08-20T09:15:00Z,2026-08-20T11:15:00+0200,126.21,EUR/MWh,DK1,DK_1,imbalance_price,Short,2026-08-23T05:51:55Z
2026-08-23T05:46:44Z,2026-08-23T07:46:44+0200,442f0342-0040-4db4-ac3f-85a7f822bcbf,2026-08-20T09:30:00Z,2026-08-20T11:30:00+0200,103.65,EUR/MWh,DK1,DK_1,imbalance_price,Long,2026-08-23T05:51:55Z
2026-08-23T05:46:44Z,2026-08-23T07:46:44+0200,442f0342-0040-4db4-ac3f-85a7f822bcbf,2026-08-20T09:30:00Z,2026-08-20T11:30:00+0200,103.65,EUR/MWh,DK1,DK_1,imbalance_price,Short,2026-08-23T05:51:55Z
2026-08-23T05:46:44Z,2026-08-23T07:46:44+0200,442f0342-0040-4db4-ac3f-85a7f822bcbf,2026-08-20T09:45:00Z,2026-08-20T11:45:00+0200,77.18,EUR/MWh,DK1,DK_1,imbalance_price,Long,2026-08-23T05:51:55Z
2026-08-23T05:46:44Z,2026-08-23T07:46:44+0200,442f0342-0040-4db4-ac3f-85a7f822bcbf,2026-08-20T09:45:00Z,2026-08-20T11:45:00+0200,77.18,EUR/MWh,DK1,DK_1,imbalance_price,Short,2026-08-23T05:51:55Z
2026-08-23T05:46:44Z,2026-08-23T07:46:44+0200,442f0342-0040-4db4-ac3f-85a7f822bcbf,2026-08-20T10:00:00Z,2026-08-20T12:00:00+0200,100.73,EUR/MWh,DK1,DK_1,imbalance_price,Long,2026-08-23T05:51:55Z
2026-08-23T05:46:44Z,2026-08-23T07:46:44+0200,442f0342-0040-4db4-ac3f-85a7f822bcbf,2026-08-20T10:00:00Z,2026-08-20T12:00:00+0200,100.73,EUR/MWh,DK1,DK_1,imbalance_price,Short,2026-08-23T05:51:55Z
2026-08-23T05:46:44Z,2026-08-23T07:46:44+0200,442f0342-0040-4db4-ac3f-85a7f822bcbf,2026-08-20T10:15:00Z,2026-08-20T12:15:00+0200,260.09,EUR/MWh,DK1,DK_1,imbalance_price,Long,2026-08-23T05:51:55Z
2026-08-23T05:46:44Z,2026-08-23T07:46:44+0200,442f0342-0040-4db4-ac3f-85a7f822bcbf,2026-08-20T10:15:00Z,2026-08-20T12:15:00+0200,260.09,EUR/MWh,DK1,DK_1,imbalance_price,Short,2026-08-23T05:51:55Z
2026-08-23T05:46:44Z,2026-08-23T07:46:44+0200,442f0342-0040-4db4-ac3f-85a7f822bcbf,2026-08-20T10:30:00Z,2026-08-20T12:30:00+0200,186.23,EUR/MWh,DK1,DK_1,imbalance_price,Long,2026-08-23T05:51:55Z
2026-08-23T05:46:44Z,2026-08-23T07:46:44+0200,442f0342-0040-4db4-ac3f-85a7f822bcbf,2026-08-20T10:30:00Z,2026-08-20T12:30:00+0200,186.23,EUR/MWh,DK1,DK_1,imbalance_price,Short,2026-08-23T05:51:55Z
2026-08-23T05:46:44Z,2026-08-23T07:46:44+0200,442f0342-0040-4db4-ac3f-85a7f822bcbf,2026-08-20T10:45:00Z,2026-08-20T12:45:00+0200,271.79,EUR/MWh,DK1,DK_1,imbalance_price,Long,2026-08-23T05:51:55Z
2026-08-23T05:46:44Z,2026-08-23T07:46:44+0200,442f0342-0040-4db4-ac3f-85a7f822bcbf,2026-08-20T10:45:00Z,2026-08-20T12:45:00+0200,271.79,EUR/MWh,DK1,DK_1,imbalance_price,Short,2026-08-23T05:51:55Z
2026-08-23T05:46:44Z,2026-08-23T07:46:44+0200,442f0342-0040-4db4-ac3f-85a7f822bcbf,2026-08-20T11:00:00Z,2026-08-20T13:00:00+0200,80.4,EUR/MWh,DK1,DK_1,imbalance_price,Long,2026-08-23T05:51:55Z
2026-08-23T05:46:44Z,2026-08-23T07:46:44+0200,442f0342-0040-4db4-ac3f-85a7f822bcbf,2026-08-20T11:00:00Z,2026-08-20T13:00:00+0200,80.4,EUR/MWh,DK1,DK_1,imbalance_price,Short,2026-08-23T05:51:55Z
2026-08-23T05:46:44Z,2026-08-23T07:46:44+0200,442f0342-0040-4db4-ac3f-85a7f822bcbf,2026-08-20T11:15:00Z,2026-08-20T13:15:00+0200,942.63,EUR/MWh,DK1,DK_1,imbalance_price,Long,2026-08-23T05:51:55Z
2026-08-23T05:46:44Z,2026-08-23T07:46:44+0200,442f0342-0040-4db4-ac3f-85a7f822bcbf,2026-08-20T11:15:00Z,2026-08-20T13:15:00+0200,942.63,EUR/MWh,DK1,DK_1,imbalance_price,Short,2026-08-23T05:51:55Z
2026-08-23T05:46:44Z,2026-08-23T07:46:44+0200,442f0342-0040-4db4-ac3f-85a7f822bcbf,2026-08-20T11:30:00Z,2026-08-20T13:30:00+0200,239.21,EUR/MWh,DK1,DK_1,imbalance_price,Long,2026-08-23T05:51:55Z
2026-08-23T05:46:44Z,2026-08-23T07:46:44+0200,442f0342-0040-4db4-ac3f-85a7f822bcbf,2026-08-20T11:30:00Z,2026-08-20T13:30:00+0200,239.21,EUR/MWh,DK1,DK_1,imbalance_price,Short,2026-08-23T05:51:55Z
2026-08-23T05:46:44Z,2026-08-23T07:46:44+0200,442f0342-0040-4db4-ac3f-85a7f822bcbf,2026-08-20T11:45:00Z,2026-08-20T13:45:00+0200,84.34,EUR/MWh,DK1,DK_1,imbalance_price,Long,2026-08-23T05:51:55Z
2026-08-23T05:46:44Z,2026-08-23T07:46:44+0200,442f0342-0040-4db4-ac3f-85a7f822bcbf,2026-08-20T11:45:00Z,2026-08-20T13:45:00+0200,84.34,EUR/MWh,DK1,DK_1,imbalance_price,Short,2026-08-23T05:51:55Z
2026-08-23T05:46:44Z,2026-08-23T07:46:44+0200,442f0342-0040-4db4-ac3f-85a7f822bcbf,2026-08-20T12:00:00Z,2026-08-20T14:00:00+0200,114.9,EUR/MWh,DK1,DK_1,imbalance_price,Long,2026-08-23T05:51:55Z
2026-08-23T05:46:44Z,2026-08-23T07:46:44+0200,442f0342-0040-4db4-ac3f-85a7f822bcbf,2026-08-20T12:00:00Z,2026-08-20T14:00:00+0200,114.9,EUR/MWh,DK1,DK_1,imbalance_price,Short,2026-08-23T05:51:55Z
2026-08-23T05:46:44Z,2026-08-23T07:46:44+0200,442f0342-0040-4db4-ac3f-85a7f822bcbf,2026-08-20T12:15:00Z,2026-08-20T14:15:00+0200,62.69,EUR/MWh,DK1,DK_1,imbalance_price,Long,2026-08-23T05:51:55Z
2026-08-23T05:46:44Z,2026-08-23T07:46:44+0200,442f0342-0040-4db4-ac3f-85a7f822bcbf,2026-08-20T12:15:00Z,2026-08-20T14:15:00+0200,62.69,EUR/MWh,DK1,DK_1,imbalance_price,Short,2026-08-23T05:51:55Z
2026-08-23T05:46:44Z,2026-08-23T07:46:44+0200,442f0342-0040-4db4-ac3f-85a7f822bcbf,2026-08-20T12:30:00Z,2026-08-20T14:30:00+0200,42.27,EUR/MWh,DK1,DK_1,imbalance_price,Long,2026-08-23T05:51:55Z
2026-08-23T05:46:44Z,2026-08-23T07:46:44+0200,442f0342-0040-4db4-ac3f-85a7f822bcbf,2026-08-20T12:30:00Z,2026-08-20T14:30:00+0200,42.27,EUR/MWh,DK1,DK_1,imbalance_price,Short,2026-08-23T05:51:55Z
2026-08-23T05:46:44Z,2026-08-23T07:46:44+0200,442f0342-0040-4db4-ac3f-85a7f822bcbf,2026-08-20T12:45:00Z,2026-08-20T14:45:00+0200,28.0,EUR/MWh,DK1,DK_1,imbalance_price,Long,2026-08-23T05:51:55Z
2026-08-23T05:46:44Z,2026-08-23T07:46:44+0200,442f0342-0040-4db4-ac3f-85a7f822bcbf,2026-08-20T12:45:00Z,2026-08-20T14:45:00+0200,28.0,EUR/MWh,DK1,DK_1,imbalance_price,Short,2026-08-23T05:51:55Z
2026-08-23T05:46:44Z,2026-08-23T07:46:44+0200,442f0342-0040-4db4-ac3f-85a7f822bcbf,2026-08-20T13:00:00Z,2026-08-20T15:00:00+0200,32.0,EUR/MWh,DK1,DK_1,imbalance_price,Long,2026-08-23T05:51:55Z
2026-08-23T05:46:44Z,2026-08-23T07:46:44+0200,442f0342-0040-4db4-ac3f-85a7f822bcbf,2026-08-20T13:00:00Z,2026-08-20T15:00:00+0200,32.0,EUR/MWh,DK1,DK_1,imbalance_price,Short,2026-08-23T05:51:55Z
2026-08-23T05:46:44Z,2026-08-23T07:46:44+0200,442f0342-0040-4db4-ac3f-85a7f822bcbf,2026-08-20T13:15:00Z,2026-08-20T15:15:00+0200,24.0,EUR/MWh,DK1,DK_1,imbalance_price,Long,2026-08-23T05:51:55Z
2026-08-23T05:46:44Z,2026-08-23T07:46:44+0200,442f0342-0040-4db4-ac3f-85a7f822bcbf,2026-08-20T13:15:00Z,2026-08-20T15:15:00+0200,24.0,EUR/MWh,DK1,DK_1,imbalance_price,Short,2026-08-23T05:51:55Z
2026-08-23T05:46:44Z,2026-08-23T07:46:44+0200,442f0342-0040-4db4-ac3f-85a7f822bcbf,2026-08-20T13:30:00Z,2026-08-20T15:30:00+0200,88.07,EUR/MWh,DK1,DK_1,imbalance_price,Long,2026-08-23T05:51:55Z
2026-08-23T05:46:44Z,2026-08-23T07:46:44+0200,442f0342-0040-4db4-ac3f-85a7f822bcbf,2026-08-20T13:30:00Z,2026-08-20T15:30:00+0200,88.07,EUR/MWh,DK1,DK_1,imbalance_price,Short,2026-08-23T05:51:55Z
2026-08-23T05:46:44Z,2026-08-23T07:46:44+0200,442f0342-0040-4db4-ac3f-85a7f822bcbf,2026-08-20T13:45:00Z,2026-08-20T15:45:00+0200,69.54,EUR/MWh,DK1,DK_1,imbalance_price,Long,2026-08-23T05:51:55Z
2026-08-23T05:46:44Z,2026-08-23T07:46:44+0200,442f0342-0040-4db4-ac3f-85a7f822bcbf,2026-08-20T13:45:00Z,2026-08-20T15:45:00+0200,69.54,EUR/MWh,DK1,DK_1,imbalance_price,Short,2026-08-23T05:51:55Z
2026-08-23T05:46:44Z,2026-08-23T07:46:44+0200,442f0342-0040-4db4-ac3f-85a7f822bcbf,2026-08-20T14:00:00Z,2026-08-20T16:00:00+0200,91.26,EUR/MWh,DK1,DK_1,imbalance_price,Long,2026-08-23T05:51:55Z
2026-08-23T05:46:44Z,2026-08-23T07:46:44+0200,442f0342-0040-4db4-ac3f-85a7f822bcbf,2026-08-20T14:00:00Z,2026-08-20T16:00:00+0200,91.26,EUR/MWh,DK1,DK_1,imbalance_price,Short,2026-08-23T05:51:55Z
2026-08-23T05:46:44Z,2026-08-23T07:46:44+0200,442f0342-0040-4db4-ac3f-85a7f822bcbf,2026-08-20T14:15:00Z,2026-08-20T16:15:00+0200,67.1,EUR/MWh,DK1,DK_1,imbalance_price,Long,2026-08-23T05:51:55Z
2026-08-23T05:46:44Z,2026-08-23T07:46:44+0200,442f0342-0040-4db4-ac3f-85a7f822bcbf,2026-08-20T14:15:00Z,2026-08-20T16:15:00+0200,67.1,EUR/MWh,DK1,DK_1,imbalance_price,Short,2026-08-23T05:51:55Z
2026-08-23T05:46:44Z,2026-08-23T07:46:44+0200,442f0342-0040-4db4-ac3f-85a7f822bcbf,2026-08-20T14:30:00Z,2026-08-20T16:30:00+0200,91.26,EUR/MWh,DK1,DK_1,imbalance_price,Long,2026-08-23T05:51:55Z
2026-08-23T05:46:44Z,2026-08-23T07:46:44+0200,442f0342-0040-4db4-ac3f-85a7f822bcbf,2026-08-20T14:30:00Z,2026-08-20T16:30:00+0200,91.26,EUR/MWh,DK1,DK_1,imbalance_price,Short,2026-08-23T05:51:55Z
2026-08-23T05:46:44Z,2026-08-23T07:46:44+0200,442f0342-0040-4db4-ac3f-85a7f822bcbf,2026-08-20T14:45:00Z,2026-08-20T16:45:00+0200,135.78,EUR/MWh,DK1,DK_1,imbalance_price,Long,2026-08-23T05:51:55Z
2026-08-23T05:46:44Z,2026-08-23T07:46:44+0200,442f0342-0040-4db4-ac3f-85a7f822bcbf,2026-08-20T14:45:00Z,2026-08-20T16:45:00+0200,135.78,EUR/MWh,DK1,DK_1,imbalance_price,Short,2026-08-23T05:51:55Z
2026-08-23T05:46:44Z,2026-08-23T07:46:44+0200,442f0342-0040-4db4-ac3f-85a7f822bcbf,2026-08-20T15:00:00Z,2026-08-20T17:00:00+0200,128.06,EUR/MWh,DK1,DK_1,imbalance_price,Long,2026-08-23T05:51:55Z
2026-08-23T05:46:44Z,2026-08-23T07:46:44+0200,442f0342-0040-4db4-ac3f-85a7f822bcbf,2026-08-20T15:00:00Z,2026-08-20T17:00:00+0200,128.06,EUR/MWh,DK1,DK_1,imbalance_price,Short,2026-08-23T05:51:55Z
2026-08-23T05:46:44Z,2026-08-23T07:46:44+0200,442f0342-0040-4db4-ac3f-85a7f822bcbf,2026-08-20T15:15:00Z,2026-08-20T17:15:00+0200,133.8,EUR/MWh,DK1,DK_1,imbalance_price,Long,2026-08-23T05:51:55Z
2026-08-23T05:46:44Z,2026-08-23T07:46:44+0200,442f0342-0040-4db4-ac3f-85a7f822bcbf,2026-08-20T15:15:00Z,2026-08-20T17:15:00+0200,133.8,EUR/MWh,DK1,DK_1,imbalance_price,Short,2026-08-23T05:51:55Z
2026-08-23T05:46:44Z,2026-08-23T07:46:44+0200,442f0342-0040-4db4-ac3f-85a7f822bcbf,2026-08-20T15:30:00Z,2026-08-20T17:30:00+0200,150.65,EUR/MWh,DK1,DK_1,imbalance_price,Long,2026-08-23T05:51:55Z
2026-08-23T05:46:44Z,2026-08-23T07:46:44+0200,442f0342-0040-4db4-ac3f-85a7f822bcbf,2026-08-20T15:30:00Z,2026-08-20T17:30:00+0200,150.65,EUR/MWh,DK1,DK_1,imbalance_price,Short,2026-08-23T05:51:55Z
2026-08-23T05:46:44Z,2026-08-23T07:46:44+0200,442f0342-0040-4db4-ac3f-85a7f822bcbf,2026-08-20T15:45:00Z,2026-08-20T17:45:00+0200,161.6,EUR/MWh,DK1,DK_1,imbalance_price,Long,2026-08-23T05:51:55Z
2026-08-23T05:46:44Z,2026-08-23T07:46:44+0200,442f0342-0040-4db4-ac3f-85a7f822bcbf,2026-08-20T15:45:00Z,2026-08-20T17:45:00+0200,161.6,EUR/MWh,DK1,DK_1,imbalance_price,Short,2026-08-23T05:51:55Z
2026-08-23T05:46:44Z,2026-08-23T07:46:44+0200,442f0342-0040-4db4-ac3f-85a7f822bcbf,2026-08-20T16:00:00Z,2026-08-20T18:00:00+0200,141.61,EUR/MWh,DK1,DK_1,imbalance_price,Long,2026-08-23T05:51:55Z
2026-08-23T05:46:44Z,2026-08-23T07:46:44+0200,442f0342-0040-4db4-ac3f-85a7f822bcbf,2026-08-20T16:00:00Z,2026-08-20T18:00:00+0200,141.61,EUR/MWh,DK1,DK_1,imbalance_price,Short,2026-08-23T05:51:55Z
2026-08-23T05:46:44Z,2026-08-23T07:46:44+0200,442f0342-0040-4db4-ac3f-85a7f822bcbf,2026-08-20T16:15:00Z,2026-08-20T18:15:00+0200,102.51,EUR/MWh,DK1,DK_1,imbalance_price,Long,2026-08-23T05:51:55Z
2026-08-23T05:46:44Z,2026-08-23T07:46:44+0200,442f0342-0040-4db4-ac3f-85a7f822bcbf,2026-08-20T16:15:00Z,2026-08-20T18:15:00+0200,102.51,EUR/MWh,DK1,DK_1,imbalance_price,Short,2026-08-23T05:51:55Z
2026-08-23T05:46:44Z,2026-08-23T07:46:44+0200,442f0342-0040-4db4-ac3f-85a7f822bcbf,2026-08-20T16:30:00Z,2026-08-20T18:30:00+0200,177.52,EUR/MWh,DK1,DK_1,imbalance_price,Long,2026-08-23T05:51:55Z
2026-08-23T05:46:44Z,2026-08-23T07:46:44+0200,442f0342-0040-4db4-ac3f-85a7f822bcbf,2026-08-20T16:30:00Z,2026-08-20T18:30:00+0200,177.52,EUR/MWh,DK1,DK_1,imbalance_price,Short,2026-08-23T05:51:55Z
2026-08-23T05:46:44Z,2026-08-23T07:46:44+0200,442f0342-0040-4db4-ac3f-85a7f822bcbf,2026-08-20T16:45:00Z,2026-08-20T18:45:00+0200,181.66,EUR/MWh,DK1,DK_1,imbalance_price,Long,2026-08-23T05:51:55Z
2026-08-23T05:46:44Z,2026-08-23T07:46:44+0200,442f0342-0040-4db4-ac3f-85a7f822bcbf,2026-08-20T16:45:00Z,2026-08-20T18:45:00+0200,181.66,EUR/MWh,DK1,DK_1,imbalance_price,Short,2026-08-23T05:51:55Z
2026-08-23T05:46:44Z,2026-08-23T07:46:44+0200,442f0342-0040-4db4-ac3f-85a7f822bcbf,2026-08-20T17:00:00Z,2026-08-20T19:00:00+0200,182.53,EUR/MWh,DK1,DK_1,imbalance_price,Long,2026-08-23T05:51:55Z
2026-08-23T05:46:44Z,2026-08-23T07:46:44+0200,442f0342-0040-4db4-ac3f-85a7f822bcbf,2026-08-20T17:00:00Z,2026-08-20T19:00:00+0200,182.53,EUR/MWh,DK1,DK_1,imbalance_price,Short,2026-08-23T05:51:55Z
2026-08-23T05:46:44Z,2026-08-23T07:46:44+0200,442f0342-0040-4db4-ac3f-85a7f822bcbf,2026-08-20T17:15:00Z,2026-08-20T19:15:00+0200,190.7,EUR/MWh,DK1,DK_1,imbalance_price,Long,2026-08-23T05:51:55Z
2026-08-23T05:46:44Z,2026-08-23T07:46:44+0200,442f0342-0040-4db4-ac3f-85a7f822bcbf,2026-08-20T17:15:00Z,2026-08-20T19:15:00+0200,190.7,EUR/MWh,DK1,DK_1,imbalance_price,Short,2026-08-23T05:51:55Z
2026-08-23T05:46:44Z,2026-08-23T07:46:44+0200,442f0342-0040-4db4-ac3f-85a7f822bcbf,2026-08-20T17:30:00Z,2026-08-20T19:30:00+0200,123.07,EUR/MWh,DK1,DK_1,imbalance_price,Long,2026-08-23T05:51:55Z
2026-08-23T05:46:44Z,2026-08-23T07:46:44+0200,442f0342-0040-4db4-ac3f-85a7f822bcbf,2026-08-20T17:30:00Z,2026-08-20T19:30:00+0200,123.07,EUR/MWh,DK1,DK_1,imbalance_price,Short,2026-08-23T05:51:55Z
2026-08-23T05:46:44Z,2026-08-23T07:46:44+0200,442f0342-0040-4db4-ac3f-85a7f822bcbf,2026-08-20T17:45:00Z,2026-08-20T19:45:00+0200,123.8,EUR/MWh,DK1,DK_1,imbalance_price,Long,2026-08-23T05:51:55Z
2026-08-23T05:46:44Z,2026-08-23T07:46:44+0200,442f0342-0040-4db4-ac3f-85a7f822bcbf,2026-08-20T17:45:00Z,2026-08-20T19:45:00+0200,123.8,EUR/MWh,DK1,DK_1,imbalance_price,Short,2026-08-23T05:51:55Z
2026-08-23T05:46:44Z,2026-08-23T07:46:44+0200,442f0342-0040-4db4-ac3f-85a7f822bcbf,2026-08-20T18:00:00Z,2026-08-20T20:00:00+0200,123.93,EUR/MWh,DK1,DK_1,imbalance_price,Long,2026-08-23T05:51:55Z
2026-08-23T05:46:44Z,2026-08-23T07:46:44+0200,442f0342-0040-4db4-ac3f-85a7f822bcbf,2026-08-20T18:00:00Z,2026-08-20T20:00:00+0200,123.93,EUR/MWh,DK1,DK_1,imbalance_price,Short,2026-08-23T05:51:55Z
2026-08-23T05:46:44Z,2026-08-23T07:46:44+0200,442f0342-0040-4db4-ac3f-85a7f822bcbf,2026-08-20T18:15:00Z,2026-08-20T20:15:00+0200,140.4,EUR/MWh,DK1,DK_1,imbalance_price,Long,2026-08-23T05:51:55Z
2026-08-23T05:46:44Z,2026-08-23T07:46:44+0200,442f0342-0040-4db4-ac3f-85a7f822bcbf,2026-08-20T18:15:00Z,2026-08-20T20:15:00+0200,140.4,EUR/MWh,DK1,DK_1,imbalance_price,Short,2026-08-23T05:51:55Z
2026-08-23T05:46:44Z,2026-08-23T07:46:44+0200,442f0342-0040-4db4-ac3f-85a7f822bcbf,2026-08-20T18:30:00Z,2026-08-20T20:30:00+0200,129.24,EUR/MWh,DK1,DK_1,imbalance_price,Long,2026-08-23T05:51:55Z
2026-08-23T05:46:44Z,2026-08-23T07:46:44+0200,442f0342-0040-4db4-ac3f-85a7f822bcbf,2026-08-20T18:30:00Z,2026-08-20T20:30:00+0200,129.24,EUR/MWh,DK1,DK_1,imbalance_price,Short,2026-08-23T05:51:55Z
2026-08-23T05:46:44Z,2026-08-23T07:46:44+0200,442f0342-0040-4db4-ac3f-85a7f822bcbf,2026-08-20T18:45:00Z,2026-08-20T20:45:00+0200,131.93,EUR/MWh,DK1,DK_1,imbalance_price,Long,2026-08-23T05:51:55Z
2026-08-23T05:46:44Z,2026-08-23T07:46:44+0200,442f0342-0040-4db4-ac3f-85a7f822bcbf,2026-08-20T18:45:00Z,2026-08-20T20:45:00+0200,131.93,EUR/MWh,DK1,DK_1,imbalance_price,Short,2026-08-23T05:51:55Z
2026-08-23T05:46:44Z,2026-08-23T07:46:44+0200,442f0342-0040-4db4-ac3f-85a7f822bcbf,2026-08-20T19:00:00Z,2026-08-20T21:00:00+0200,200.64,EUR/MWh,DK1,DK_1,imbalance_price,Long,2026-08-23T05:51:55Z
2026-08-23T05:46:44Z,2026-08-23T07:46:44+0200,442f0342-0040-4db4-ac3f-85a7f822bcbf,2026-08-20T19:00:00Z,2026-08-20T21:00:00+0200,200.64,EUR/MWh,DK1,DK_1,imbalance_price,Short,2026-08-23T05:51:55Z
2026-08-23T05:46:44Z,2026-08-23T07:46:44+0200,442f0342-0040-4db4-ac3f-85a7f822bcbf,2026-08-20T19:15:00Z,2026-08-20T21:15:00+0200,197.67,EUR/MWh,DK1,DK_1,imbalance_price,Long,2026-08-23T05:51:55Z
2026-08-23T05:46:44Z,2026-08-23T07:46:44+0200,442f0342-0040-4db4-ac3f-85a7f822bcbf,2026-08-20T19:15:00Z,2026-08-20T21:15:00+0200,197.67,EUR/MWh,DK1,DK_1,imbalance_price,Short,2026-08-23T05:51:55Z
2026-08-23T05:46:44Z,2026-08-23T07:46:44+0200,442f0342-0040-4db4-ac3f-85a7f822bcbf,2026-08-20T19:30:00Z,2026-08-20T21:30:00+0200,234.15,EUR/MWh,DK1,DK_1,imbalance_price,Long,2026-08-23T05:51:55Z
2026-08-23T05:46:44Z,2026-08-23T07:46:44+0200,442f0342-0040-4db4-ac3f-85a7f822bcbf,2026-08-20T19:30:00Z,2026-08-20T21:30:00+0200,234.15,EUR/MWh,DK1,DK_1,imbalance_price,Short,2026-08-23T05:51:55Z
2026-08-23T05:46:44Z,2026-08-23T07:46:44+0200,442f0342-0040-4db4-ac3f-85a7f822bcbf,2026-08-20T19:45:00Z,2026-08-20T21:45:00+0200,189.15,EUR/MWh,DK1,DK_1,imbalance_price,Long,2026-08-23T05:51:55Z
2026-08-23T05:46:44Z,2026-08-23T07:46:44+0200,442f0342-0040-4db4-ac3f-85a7f822bcbf,2026-08-20T19:45:00Z,2026-08-20T21:45:00+0200,189.15,EUR/MWh,DK1,DK_1,imbalance_price,Short,2026-08-23T05:51:55Z
2026-08-23T05:46:44Z,2026-08-23T07:46:44+0200,442f0342-0040-4db4-ac3f-85a7f822bcbf,2026-08-20T20:00:00Z,2026-08-20T22:00:00+0200,193.65,EUR/MWh,DK1,DK_1,imbalance_price,Long,2026-08-23T05:51:55Z
2026-08-23T05:46:44Z,2026-08-23T07:46:44+0200,442f0342-0040-4db4-ac3f-85a7f822bcbf,2026-08-20T20:00:00Z,2026-08-20T22:00:00+0200,193.65,EUR/MWh,DK1,DK_1,imbalance_price,Short,2026-08-23T05:51:55Z
2026-08-23T05:46:44Z,2026-08-23T07:46:44+0200,442f0342-0040-4db4-ac3f-85a7f822bcbf,2026-08-20T20:15:00Z,2026-08-20T22:15:00+0200,126.91,EUR/MWh,DK1,DK_1,imbalance_price,Long,2026-08-23T05:51:55Z
2026-08-23T05:46:44Z,2026-08-23T07:46:44+0200,442f0342-0040-4db4-ac3f-85a7f822bcbf,2026-08-20T20:15:00Z,2026-08-20T22:15:00+0200,126.91,EUR/MWh,DK1,DK_1,imbalance_price,Short,2026-08-23T05:51:55Z
2026-08-23T05:46:44Z,2026-08-23T07:46:44+0200,442f0342-0040-4db4-ac3f-85a7f822bcbf,2026-08-20T20:30:00Z,2026-08-20T22:30:00+0200,187.99,EUR/MWh,DK1,DK_1,imbalance_price,Long,2026-08-23T05:51:55Z
2026-08-23T05:46:44Z,2026-08-23T07:46:44+0200,442f0342-0040-4db4-ac3f-85a7f822bcbf,2026-08-20T20:30:00Z,2026-08-20T22:30:00+0200,187.99,EUR/MWh,DK1,DK_1,imbalance_price,Short,2026-08-23T05:51:55Z
2026-08-23T05:46:44Z,2026-08-23T07:46:44+0200,442f0342-0040-4db4-ac3f-85a7f822bcbf,2026-08-20T20:45:00Z,2026-08-20T22:45:00+0200,180.07,EUR/MWh,DK1,DK_1,imbalance_price,Long,2026-08-23T05:51:55Z
2026-08-23T05:46:44Z,2026-08-23T07:46:44+0200,442f0342-0040-4db4-ac3f-85a7f822bcbf,2026-08-20T20:45:00Z,2026-08-20T22:45:00+0200,180.07,EUR/MWh,DK1,DK_1,imbalance_price,Short,2026-08-23T05:51:55Z
2026-08-23T05:46:44Z,2026-08-23T07:46:44+0200,442f0342-0040-4db4-ac3f-85a7f822bcbf,2026-08-20T21:00:00Z,2026-08-20T23:00:00+0200,180.09,EUR/MWh,DK1,DK_1,imbalance_price,Long,2026-08-23T05:51:55Z
2026-08-23T05:46:44Z,2026-08-23T07:46:44+0200,442f0342-0040-4db4-ac3f-85a7f822bcbf,2026-08-20T21:00:00Z,2026-08-20T23:00:00+0200,180.09,EUR/MWh,DK1,DK_1,imbalance_price,Short,2026-08-23T05:51:55Z
2026-08-23T05:46:44Z,2026-08-23T07:46:44+0200,442f0342-0040-4db4-ac3f-85a7f822bcbf,2026-08-20T21:15:00Z,2026-08-20T23:15:00+0200,130.58,EUR/MWh,DK1,DK_1,imbalance_price,Long,2026-08-23T05:51:55Z
2026-08-23T05:46:44Z,2026-08-23T07:46:44+0200,442f0342-0040-4db4-ac3f-85a7f822bcbf,2026-08-20T21:15:00Z,2026-08-20T23:15:00+0200,130.58,EUR/MWh,DK1,DK_1,imbalance_price,Short,2026-08-23T05:51:55Z
2026-08-23T05:46:44Z,2026-08-23T07:46:44+0200,442f0342-0040-4db4-ac3f-85a7f822bcbf,2026-08-20T21:30:00Z,2026-08-20T23:30:00+0200,170.93,EUR/MWh,DK1,DK_1,imbalance_price,Long,2026-08-23T05:51:55Z
2026-08-23T05:46:44Z,2026-08-23T07:46:44+0200,442f0342-0040-4db4-ac3f-85a7f822bcbf,2026-08-20T21:30:00Z,2026-08-20T23:30:00+0200,170.93,EUR/MWh,DK1,DK_1,imbalance_price,Short,2026-08-23T05:51:55Z
2026-08-23T05:46:44Z,2026-08-23T07:46:44+0200,442f0342-0040-4db4-ac3f-85a7f822bcbf,2026-08-20T21:45:00Z,2026-08-20T23:45:00+0200,165.04,EUR/MWh,DK1,DK_1,imbalance_price,Long,2026-08-23T05:51:55Z
2026-08-23T05:46:44Z,2026-08-23T07:46:44+0200,442f0342-0040-4db4-ac3f-85a7f822bcbf,2026-08-20T21:45:00Z,2026-08-20T23:45:00+0200,165.04,EUR/MWh,DK1,DK_1,imbalance_price,Short,2026-08-23T05:51:55Z
2026-08-23T05:46:44Z,2026-08-23T07:46:44+0200,442f0342-0040-4db4-ac3f-85a7f822bcbf,2026-08-20T22:00:00Z,2026-08-21T00:00:00+0200,183.05,EUR/MWh,DK1,DK_1,imbalance_price,Long,2026-08-23T05:51:55Z
2026-08-23T05:46:44Z,2026-08-23T07:46:44+0200,442f0342-0040-4db4-ac3f-85a7f822bcbf,2026-08-20T22:00:00Z,2026-08-21T00:00:00+0200,183.05,EUR/MWh,DK1,DK_1,imbalance_price,Short,2026-08-23T05:51:55Z
2026-08-23T05:46:44Z,2026-08-23T07:46:44+0200,442f0342-0040-4db4-ac3f-85a7f822bcbf,2026-08-20T22:15:00Z,2026-08-21T00:15:00+0200,175.0,EUR/MWh,DK1,DK_1,imbalance_price,Long,2026-08-23T05:51:55Z
2026-08-23T05:46:44Z,2026-08-23T07:46:44+0200,442f0342-0040-4db4-ac3f-85a7f822bcbf,2026-08-20T22:15:00Z,2026-08-21T00:15:00+0200,175.0,EUR/MWh,DK1,DK_1,imbalance_price,Short,2026-08-23T05:51:55Z
2026-08-23T05:46:44Z,2026-08-23T07:46:44+0200,442f0342-0040-4db4-ac3f-85a7f822bcbf,2026-08-20T22:30:00Z,2026-08-21T00:30:00+0200,166.45,EUR/MWh,DK1,DK_1,imbalance_price,Long,2026-08-23T05:51:55Z
2026-08-23T05:46:44Z,2026-08-23T07:46:44+0200,442f0342-0040-4db4-ac3f-85a7f822bcbf,2026-08-20T22:30:00Z,2026-08-21T00:30:00+0200,166.45,EUR/MWh,DK1,DK_1,imbalance_price,Short,2026-08-23T05:51:55Z
2026-08-23T05:46:44Z,2026-08-23T07:46:44+0200,442f0342-0040-4db4-ac3f-85a7f822bcbf,2026-08-20T22:45:00Z,2026-08-21T00:45:00+0200,156.9,EUR/MWh,DK1,DK_1,imbalance_price,Long,2026-08-23T05:51:55Z
2026-08-23T05:46:44Z,2026-08-23T07:46:44+0200,442f0342-0040-4db4-ac3f-85a7f822bcbf,2026-08-20T22:45:00Z,2026-08-21T00:45:00+0200,156.9,EUR/MWh,DK1,DK_1,imbalance_price,Short,2026-08-23T05:51:55Z
2026-08-23T05:46:44Z,2026-08-23T07:46:44+0200,442f0342-0040-4db4-ac3f-85a7f822bcbf,2026-08-20T23:00:00Z,2026-08-21T01:00:00+0200,134.68,EUR/MWh,DK1,DK_1,imbalance_price,Long,2026-08-23T05:51:55Z
2026-08-23T05:46:44Z,2026-08-23T07:46:44+0200,442f0342-0040-4db4-ac3f-85a7f822bcbf,2026-08-20T23:00:00Z,2026-08-21T01:00:00+0200,134.68,EUR/MWh,DK1,DK_1,imbalance_price,Short,2026-08-23T05:51:55Z
2026-08-23T05:46:44Z,2026-08-23T07:46:44+0200,442f0342-0040-4db4-ac3f-85a7f822bcbf,2026-08-20T23:15:00Z,2026-08-21T01:15:00+0200,137.67,EUR/MWh,DK1,DK_1,imbalance_price,Long,2026-08-23T05:51:55Z
2026-08-23T05:46:44Z,2026-08-23T07:46:44+0200,442f0342-0040-4db4-ac3f-85a7f822bcbf,2026-08-20T23:15:00Z,2026-08-21T01:15:00+0200,137.67,EUR/MWh,DK1,DK_1,imbalance_price,Short,2026-08-23T05:51:55Z
2026-08-23T05:46:44Z,2026-08-23T07:46:44+0200,442f0342-0040-4db4-ac3f-85a7f822bcbf,2026-08-20T23:30:00Z,2026-08-21T01:30:00+0200,241.0,EUR/MWh,DK1,DK_1,imbalance_price,Long,2026-08-23T05:51:55Z
2026-08-23T05:46:44Z,2026-08-23T07:46:44+0200,442f0342-0040-4db4-ac3f-85a7f822bcbf,2026-08-20T23:30:00Z,2026-08-21T01:30:00+0200,241.0,EUR/MWh,DK1,DK_1,imbalance_price,Short,2026-08-23T05:51:55Z
2026-08-23T05:46:44Z,2026-08-23T07:46:44+0200,442f0342-0040-4db4-ac3f-85a7f822bcbf,2026-08-20T23:45:00Z,2026-08-21T01:45:00+0200,154.39,EUR/MWh,DK1,DK_1,imbalance_price,Long,2026-08-23T05:51:55Z
2026-08-23T05:46:44Z,2026-08-23T07:46:44+0200,442f0342-0040-4db4-ac3f-85a7f822bcbf,2026-08-20T23:45:00Z,2026-08-21T01:45:00+0200,154.39,EUR/MWh,DK1,DK_1,imbalance_price,Short,2026-08-23T05:51:55Z
2026-08-23T05:46:44Z,2026-08-23T07:46:44+0200,442f0342-0040-4db4-ac3f-85a7f822bcbf,2026-08-21T00:00:00Z,2026-08-21T02:00:00+0200,141.48,EUR/MWh,DK1,DK_1,imbalance_price,Long,2026-08-23T05:51:55Z
2026-08-23T05:46:44Z,2026-08-23T07:46:44+0200,442f0342-0040-4db4-ac3f-85a7f822bcbf,2026-08-21T00:00:00Z,2026-08-21T02:00:00+0200,141.48,EUR/MWh,DK1,DK_1,imbalance_price,Short,2026-08-23T05:51:55Z
2026-08-23T05:46:44Z,2026-08-23T07:46:44+0200,442f0342-0040-4db4-ac3f-85a7f822bcbf,2026-08-21T00:15:00Z,2026-08-21T02:15:00+0200,139.56,EUR/MWh,DK1,DK_1,imbalance_price,Long,2026-08-23T05:51:55Z
2026-08-23T05:46:44Z,2026-08-23T07:46:44+0200,442f0342-0040-4db4-ac3f-85a7f822bcbf,2026-08-21T00:15:00Z,2026-08-21T02:15:00+0200,139.56,EUR/MWh,DK1,DK_1,imbalance_price,Short,2026-08-23T05:51:55Z
2026-08-23T05:46:44Z,2026-08-23T07:46:44+0200,442f0342-0040-4db4-ac3f-85a7f822bcbf,2026-08-21T00:30:00Z,2026-08-21T02:30:00+0200,150.85,EUR/MWh,DK1,DK_1,imbalance_price,Long,2026-08-23T05:51:55Z
2026-08-23T05:46:44Z,2026-08-23T07:46:44+0200,442f0342-0040-4db4-ac3f-85a7f822bcbf,2026-08-21T00:30:00Z,2026-08-21T02:30:00+0200,150.85,EUR/MWh,DK1,DK_1,imbalance_price,Short,2026-08-23T05:51:55Z
2026-08-23T05:46:44Z,2026-08-23T07:46:44+0200,442f0342-0040-4db4-ac3f-85a7f822bcbf,2026-08-21T00:45:00Z,2026-08-21T02:45:00+0200,151.04,EUR/MWh,DK1,DK_1,imbalance_price,Long,2026-08-23T05:51:55Z
2026-08-23T05:46:44Z,2026-08-23T07:46:44+0200,442f0342-0040-4db4-ac3f-85a7f822bcbf,2026-08-21T00:45:00Z,2026-08-21T02:45:00+0200,151.04,EUR/MWh,DK1,DK_1,imbalance_price,Short,2026-08-23T05:51:55Z
2026-08-23T05:46:44Z,2026-08-23T07:46:44+0200,442f0342-0040-4db4-ac3f-85a7f822bcbf,2026-08-21T01:00:00Z,2026-08-21T03:00:00+0200,131.0,EUR/MWh,DK1,DK_1,imbalance_price,Long,2026-08-23T05:51:55Z
2026-08-23T05:46:44Z,2026-08-23T07:46:44+0200,442f0342-0040-4db4-ac3f-85a7f822bcbf,2026-08-21T01:00:00Z,2026-08-21T03:00:00+0200,131.0,EUR/MWh,DK1,DK_1,imbalance_price,Short,2026-08-23T05:51:55Z
2026-08-23T05:46:44Z,2026-08-23T07:46:44+0200,442f0342-0040-4db4-ac3f-85a7f822bcbf,2026-08-21T01:15:00Z,2026-08-21T03:15:00+0200,134.0,EUR/MWh,DK1,DK_1,imbalance_price,Long,2026-08-23T05:51:55Z
2026-08-23T05:46:44Z,2026-08-23T07:46:44+0200,442f0342-0040-4db4-ac3f-85a7f822bcbf,2026-08-21T01:15:00Z,2026-08-21T03:15:00+0200,134.0,EUR/MWh,DK1,DK_1,imbalance_price,Short,2026-08-23T05:51:55Z
2026-08-23T05:46:44Z,2026-08-23T07:46:44+0200,442f0342-0040-4db4-ac3f-85a7f822bcbf,2026-08-21T01:30:00Z,2026-08-21T03:30:00+0200,131.16,EUR/MWh,DK1,DK_1,imbalance_price,Long,2026-08-23T05:51:55Z
2026-08-23T05:46:44Z,2026-08-23T07:46:44+0200,442f0342-0040-4db4-ac3f-85a7f822bcbf,2026-08-21T01:30:00Z,2026-08-21T03:30:00+0200,131.16,EUR/MWh,DK1,DK_1,imbalance_price,Short,2026-08-23T05:51:55Z
2026-08-23T05:46:44Z,2026-08-23T07:46:44+0200,442f0342-0040-4db4-ac3f-85a7f822bcbf,2026-08-21T01:45:00Z,2026-08-21T03:45:00+0200,120.36,EUR/MWh,DK1,DK_1,imbalance_price,Long,2026-08-23T05:51:55Z
2026-08-23T05:46:44Z,2026-08-23T07:46:44+0200,442f0342-0040-4db4-ac3f-85a7f822bcbf,2026-08-21T01:45:00Z,2026-08-21T03:45:00+0200,120.36,EUR/MWh,DK1,DK_1,imbalance_price,Short,2026-08-23T05:51:55Z
2026-08-23T05:46:44Z,2026-08-23T07:46:44+0200,442f0342-0040-4db4-ac3f-85a7f822bcbf,2026-08-21T02:00:00Z,2026-08-21T04:00:00+0200,126.77,EUR/MWh,DK1,DK_1,imbalance_price,Long,2026-08-23T05:51:55Z
2026-08-23T05:46:44Z,2026-08-23T07:46:44+0200,442f0342-0040-4db4-ac3f-85a7f822bcbf,2026-08-21T02:00:00Z,2026-08-21T04:00:00+0200,126.77,EUR/MWh,DK1,DK_1,imbalance_price,Short,2026-08-23T05:51:55Z
2026-08-23T05:46:44Z,2026-08-23T07:46:44+0200,442f0342-0040-4db4-ac3f-85a7f822bcbf,2026-08-21T02:15:00Z,2026-08-21T04:15:00+0200,126.02,EUR/MWh,DK1,DK_1,imbalance_price,Long,2026-08-23T05:51:55Z
2026-08-23T05:46:44Z,2026-08-23T07:46:44+0200,442f0342-0040-4db4-ac3f-85a7f822bcbf,2026-08-21T02:15:00Z,2026-08-21T04:15:00+0200,126.02,EUR/MWh,DK1,DK_1,imbalance_price,Short,2026-08-23T05:51:55Z
2026-08-23T05:46:44Z,2026-08-23T07:46:44+0200,442f0342-0040-4db4-ac3f-85a7f822bcbf,2026-08-21T02:30:00Z,2026-08-21T04:30:00+0200,128.77,EUR/MWh,DK1,DK_1,imbalance_price,Long,2026-08-23T05:51:55Z
2026-08-23T05:46:44Z,2026-08-23T07:46:44+0200,442f0342-0040-4db4-ac3f-85a7f822bcbf,2026-08-21T02:30:00Z,2026-08-21T04:30:00+0200,128.77,EUR/MWh,DK1,DK_1,imbalance_price,Short,2026-08-23T05:51:55Z
2026-08-23T05:46:44Z,2026-08-23T07:46:44+0200,442f0342-0040-4db4-ac3f-85a7f822bcbf,2026-08-21T02:45:00Z,2026-08-21T04:45:00+0200,157.9,EUR/MWh,DK1,DK_1,imbalance_price,Long,2026-08-23T05:51:55Z
2026-08-23T05:46:44Z,2026-08-23T07:46:44+0200,442f0342-0040-4db4-ac3f-85a7f822bcbf,2026-08-21T02:45:00Z,2026-08-21T04:45:00+0200,157.9,EUR/MWh,DK1,DK_1,imbalance_price,Short,2026-08-23T05:51:55Z
2026-08-23T05:46:44Z,2026-08-23T07:46:44+0200,442f0342-0040-4db4-ac3f-85a7f822bcbf,2026-08-21T03:00:00Z,2026-08-21T05:00:00+0200,115.05,EUR/MWh,DK1,DK_1,imbalance_price,Long,2026-08-23T05:51:55Z
2026-08-23T05:46:44Z,2026-08-23T07:46:44+0200,442f0342-0040-4db4-ac3f-85a7f822bcbf,2026-08-21T03:00:00Z,2026-08-21T05:00:00+0200,115.05,EUR/MWh,DK1,DK_1,imbalance_price,Short,2026-08-23T05:51:55Z
2026-08-23T05:46:44Z,2026-08-23T07:46:44+0200,442f0342-0040-4db4-ac3f-85a7f822bcbf,2026-08-21T03:15:00Z,2026-08-21T05:15:00+0200,123.38,EUR/MWh,DK1,DK_1,imbalance_price,Long,2026-08-23T05:51:55Z
2026-08-23T05:46:44Z,2026-08-23T07:46:44+0200,442f0342-0040-4db4-ac3f-85a7f822bcbf,2026-08-21T03:15:00Z,2026-08-21T05:15:00+0200,123.38,EUR/MWh,DK1,DK_1,imbalance_price,Short,2026-08-23T05:51:55Z
2026-08-23T05:46:44Z,2026-08-23T07:46:44+0200,442f0342-0040-4db4-ac3f-85a7f822bcbf,2026-08-21T03:30:00Z,2026-08-21T05:30:00+0200,120.52,EUR/MWh,DK1,DK_1,imbalance_price,Long,2026-08-23T05:51:55Z
2026-08-23T05:46:44Z,2026-08-23T07:46:44+0200,442f0342-0040-4db4-ac3f-85a7f822bcbf,2026-08-21T03:30:00Z,2026-08-21T05:30:00+0200,120.52,EUR/MWh,DK1,DK_1,imbalance_price,Short,2026-08-23T05:51:55Z
2026-08-23T05:46:44Z,2026-08-23T07:46:44+0200,442f0342-0040-4db4-ac3f-85a7f822bcbf,2026-08-21T03:45:00Z,2026-08-21T05:45:00+0200,116.54,EUR/MWh,DK1,DK_1,imbalance_price,Long,2026-08-23T05:51:55Z
2026-08-23T05:46:44Z,2026-08-23T07:46:44+0200,442f0342-0040-4db4-ac3f-85a7f822bcbf,2026-08-21T03:45:00Z,2026-08-21T05:45:00+0200,116.54,EUR/MWh,DK1,DK_1,imbalance_price,Short,2026-08-23T05:51:55Z
2026-08-23T05:46:44Z,2026-08-23T07:46:44+0200,442f0342-0040-4db4-ac3f-85a7f822bcbf,2026-08-21T04:00:00Z,2026-08-21T06:00:00+0200,113.24,EUR/MWh,DK1,DK_1,imbalance_price,Long,2026-08-23T05:51:55Z
2026-08-23T05:46:44Z,2026-08-23T07:46:44+0200,442f0342-0040-4db4-ac3f-85a7f822bcbf,2026-08-21T04:00:00Z,2026-08-21T06:00:00+0200,113.24,EUR/MWh,DK1,DK_1,imbalance_price,Short,2026-08-23T05:51:55Z
2026-08-23T05:46:44Z,2026-08-23T07:46:44+0200,442f0342-0040-4db4-ac3f-85a7f822bcbf,2026-08-21T04:15:00Z,2026-08-21T06:15:00+0200,125.13,EUR/MWh,DK1,DK_1,imbalance_price,Long,2026-08-23T05:51:55Z
2026-08-23T05:46:44Z,2026-08-23T07:46:44+0200,442f0342-0040-4db4-ac3f-85a7f822bcbf,2026-08-21T04:15:00Z,2026-08-21T06:15:00+0200,125.13,EUR/MWh,DK1,DK_1,imbalance_price,Short,2026-08-23T05:51:55Z
2026-08-23T05:46:44Z,2026-08-23T07:46:44+0200,442f0342-0040-4db4-ac3f-85a7f822bcbf,2026-08-21T04:30:00Z,2026-08-21T06:30:00+0200,120.47,EUR/MWh,DK1,DK_1,imbalance_price,Long,2026-08-23T05:51:55Z
2026-08-23T05:46:44Z,2026-08-23T07:46:44+0200,442f0342-0040-4db4-ac3f-85a7f822bcbf,2026-08-21T04:30:00Z,2026-08-21T06:30:00+0200,120.47,EUR/MWh,DK1,DK_1,imbalance_price,Short,2026-08-23T05:51:55Z
2026-08-23T05:46:44Z,2026-08-23T07:46:44+0200,442f0342-0040-4db4-ac3f-85a7f822bcbf,2026-08-21T04:45:00Z,2026-08-21T06:45:00+0200,121.02,EUR/MWh,DK1,DK_1,imbalance_price,Long,2026-08-23T05:51:55Z
2026-08-23T05:46:44Z,2026-08-23T07:46:44+0200,442f0342-0040-4db4-ac3f-85a7f822bcbf,2026-08-21T04:45:00Z,2026-08-21T06:45:00+0200,121.02,EUR/MWh,DK1,DK_1,imbalance_price,Short,2026-08-23T05:51:55Z
2026-08-23T05:46:44Z,2026-08-23T07:46:44+0200,442f0342-0040-4db4-ac3f-85a7f822bcbf,2026-08-21T05:00:00Z,2026-08-21T07:00:00+0200,131.22,EUR/MWh,DK1,DK_1,imbalance_price,Long,2026-08-23T05:51:55Z
2026-08-23T05:46:44Z,2026-08-23T07:46:44+0200,442f0342-0040-4db4-ac3f-85a7f822bcbf,2026-08-21T05:00:00Z,2026-08-21T07:00:00+0200,131.22,EUR/MWh,DK1,DK_1,imbalance_price,Short,2026-08-23T05:51:55Z
2026-08-23T05:46:44Z,2026-08-23T07:46:44+0200,442f0342-0040-4db4-ac3f-85a7f822bcbf,2026-08-21T05:15:00Z,2026-08-21T07:15:00+0200,120.0,EUR/MWh,DK1,DK_1,imbalance_price,Long,2026-08-23T05:51:55Z
2026-08-23T05:46:44Z,2026-08-23T07:46:44+0200,442f0342-0040-4db4-ac3f-85a7f822bcbf,2026-08-21T05:15:00Z,2026-08-21T07:15:00+0200,120.0,EUR/MWh,DK1,DK_1,imbalance_price,Short,2026-08-23T05:51:55Z
2026-08-23T05:46:44Z,2026-08-23T07:46:44+0200,442f0342-0040-4db4-ac3f-85a7f822bcbf,2026-08-21T05:30:00Z,2026-08-21T07:30:00+0200,125.4,EUR/MWh,DK1,DK_1,imbalance_price,Long,2026-08-23T05:51:55Z
2026-08-23T05:46:44Z,2026-08-23T07:46:44+0200,442f0342-0040-4db4-ac3f-85a7f822bcbf,2026-08-21T05:30:00Z,2026-08-21T07:30:00+0200,125.4,EUR/MWh,DK1,DK_1,imbalance_price,Short,2026-08-23T05:51:55Z
2026-08-23T05:46:44Z,2026-08-23T07:46:44+0200,442f0342-0040-4db4-ac3f-85a7f822bcbf,2026-08-21T05:45:00Z,2026-08-21T07:45:00+0200,120.35,EUR/MWh,DK1,DK_1,imbalance_price,Long,2026-08-23T05:51:55Z
2026-08-23T05:46:44Z,2026-08-23T07:46:44+0200,442f0342-0040-4db4-ac3f-85a7f822bcbf,2026-08-21T05:45:00Z,2026-08-21T07:45:00+0200,120.35,EUR/MWh,DK1,DK_1,imbalance_price,Short,2026-08-23T05:51:55Z
2026-08-23T05:46:44Z,2026-08-23T07:46:44+0200,442f0342-0040-4db4-ac3f-85a7f822bcbf,2026-08-21T06:00:00Z,2026-08-21T08:00:00+0200,133.42,EUR/MWh,DK1,DK_1,imbalance_price,Long,2026-08-23T05:51:55Z
2026-08-23T05:46:44Z,2026-08-23T07:46:44+0200,442f0342-0040-4db4-ac3f-85a7f822bcbf,2026-08-21T06:00:00Z,2026-08-21T08:00:00+0200,133.42,EUR/MWh,DK1,DK_1,imbalance_price,Short,2026-08-23T05:51:55Z
2026-08-23T05:46:44Z,2026-08-23T07:46:44+0200,442f0342-0040-4db4-ac3f-85a7f822bcbf,2026-08-21T06:15:00Z,2026-08-21T08:15:00+0200,127.93,EUR/MWh,DK1,DK_1,imbalance_price,Long,2026-08-23T05:51:55Z
2026-08-23T05:46:44Z,2026-08-23T07:46:44+0200,442f0342-0040-4db4-ac3f-85a7f822bcbf,2026-08-21T06:15:00Z,2026-08-21T08:15:00+0200,127.93,EUR/MWh,DK1,DK_1,imbalance_price,Short,2026-08-23T05:51:55Z
2026-08-23T05:46:44Z,2026-08-23T07:46:44+0200,442f0342-0040-4db4-ac3f-85a7f822bcbf,2026-08-21T06:30:00Z,2026-08-21T08:30:00+0200,188.2,EUR/MWh,DK1,DK_1,imbalance_price,Long,2026-08-23T05:51:55Z
2026-08-23T05:46:44Z,2026-08-23T07:46:44+0200,442f0342-0040-4db4-ac3f-85a7f822bcbf,2026-08-21T06:30:00Z,2026-08-21T08:30:00+0200,188.2,EUR/MWh,DK1,DK_1,imbalance_price,Short,2026-08-23T05:51:55Z
2026-08-23T05:46:44Z,2026-08-23T07:46:44+0200,442f0342-0040-4db4-ac3f-85a7f822bcbf,2026-08-21T06:45:00Z,2026-08-21T08:45:00+0200,115.25,EUR/MWh,DK1,DK_1,imbalance_price,Long,2026-08-23T05:51:55Z
2026-08-23T05:46:44Z,2026-08-23T07:46:44+0200,442f0342-0040-4db4-ac3f-85a7f822bcbf,2026-08-21T06:45:00Z,2026-08-21T08:45:00+0200,115.25,EUR/MWh,DK1,DK_1,imbalance_price,Short,2026-08-23T05:51:55Z
2026-08-23T05:46:44Z,2026-08-23T07:46:44+0200,442f0342-0040-4db4-ac3f-85a7f822bcbf,2026-08-21T07:00:00Z,2026-08-21T09:00:00+0200,193.04,EUR/MWh,DK1,DK_1,imbalance_price,Long,2026-08-23T05:51:55Z
2026-08-23T05:46:44Z,2026-08-23T07:46:44+0200,442f0342-0040-4db4-ac3f-85a7f822bcbf,2026-08-21T07:00:00Z,2026-08-21T09:00:00+0200,193.04,EUR/MWh,DK1,DK_1,imbalance_price,Short,2026-08-23T05:51:55Z
2026-08-23T05:46:44Z,2026-08-23T07:46:44+0200,442f0342-0040-4db4-ac3f-85a7f822bcbf,2026-08-21T07:15:00Z,2026-08-21T09:15:00+0200,107.35,EUR/MWh,DK1,DK_1,imbalance_price,Long,2026-08-23T05:51:55Z
2026-08-23T05:46:44Z,2026-08-23T07:46:44+0200,442f0342-0040-4db4-ac3f-85a7f822bcbf,2026-08-21T07:15:00Z,2026-08-21T09:15:00+0200,107.35,EUR/MWh,DK1,DK_1,imbalance_price,Short,2026-08-23T05:51:55Z
2026-08-23T05:46:44Z,2026-08-23T07:46:44+0200,442f0342-0040-4db4-ac3f-85a7f822bcbf,2026-08-21T07:30:00Z,2026-08-21T09:30:00+0200,112.23,EUR/MWh,DK1,DK_1,imbalance_price,Long,2026-08-23T05:51:55Z
2026-08-23T05:46:44Z,2026-08-23T07:46:44+0200,442f0342-0040-4db4-ac3f-85a7f822bcbf,2026-08-21T07:30:00Z,2026-08-21T09:30:00+0200,112.23,EUR/MWh,DK1,DK_1,imbalance_price,Short,2026-08-23T05:51:55Z
2026-08-23T05:46:44Z,2026-08-23T07:46:44+0200,442f0342-0040-4db4-ac3f-85a7f822bcbf,2026-08-21T07:45:00Z,2026-08-21T09:45:00+0200,112.24,EUR/MWh,DK1,DK_1,imbalance_price,Long,2026-08-23T05:51:55Z
2026-08-23T05:46:44Z,2026-08-23T07:46:44+0200,442f0342-0040-4db4-ac3f-85a7f822bcbf,2026-08-21T07:45:00Z,2026-08-21T09:45:00+0200,112.24,EUR/MWh,DK1,DK_1,imbalance_price,Short,2026-08-23T05:51:55Z
2026-08-23T05:46:44Z,2026-08-23T07:46:44+0200,442f0342-0040-4db4-ac3f-85a7f822bcbf,2026-08-21T08:00:00Z,2026-08-21T10:00:00+0200,106.84,EUR/MWh,DK1,DK_1,imbalance_price,Long,2026-08-23T05:51:55Z
2026-08-23T05:46:44Z,2026-08-23T07:46:44+0200,442f0342-0040-4db4-ac3f-85a7f822bcbf,2026-08-21T08:00:00Z,2026-08-21T10:00:00+0200,106.84,EUR/MWh,DK1,DK_1,imbalance_price,Short,2026-08-23T05:51:55Z
2026-08-23T05:46:44Z,2026-08-23T07:46:44+0200,442f0342-0040-4db4-ac3f-85a7f822bcbf,2026-08-21T08:15:00Z,2026-08-21T10:15:00+0200,108.76,EUR/MWh,DK1,DK_1,imbalance_price,Long,2026-08-23T05:51:55Z
2026-08-23T05:46:44Z,2026-08-23T07:46:44+0200,442f0342-0040-4db4-ac3f-85a7f822bcbf,2026-08-21T08:15:00Z,2026-08-21T10:15:00+0200,108.76,EUR/MWh,DK1,DK_1,imbalance_price,Short,2026-08-23T05:51:55Z
2026-08-23T05:46:44Z,2026-08-23T07:46:44+0200,442f0342-0040-4db4-ac3f-85a7f822bcbf,2026-08-21T08:30:00Z,2026-08-21T10:30:00+0200,200.66,EUR/MWh,DK1,DK_1,imbalance_price,Long,2026-08-23T05:51:55Z
2026-08-23T05:46:44Z,2026-08-23T07:46:44+0200,442f0342-0040-4db4-ac3f-85a7f822bcbf,2026-08-21T08:30:00Z,2026-08-21T10:30:00+0200,200.66,EUR/MWh,DK1,DK_1,imbalance_price,Short,2026-08-23T05:51:55Z
2026-08-23T05:46:44Z,2026-08-23T07:46:44+0200,442f0342-0040-4db4-ac3f-85a7f822bcbf,2026-08-21T08:45:00Z,2026-08-21T10:45:00+0200,307.74,EUR/MWh,DK1,DK_1,imbalance_price,Long,2026-08-23T05:51:55Z
2026-08-23T05:46:44Z,2026-08-23T07:46:44+0200,442f0342-0040-4db4-ac3f-85a7f822bcbf,2026-08-21T08:45:00Z,2026-08-21T10:45:00+0200,307.74,EUR/MWh,DK1,DK_1,imbalance_price,Short,2026-08-23T05:51:55Z
2026-08-23T05:46:44Z,2026-08-23T07:46:44+0200,442f0342-0040-4db4-ac3f-85a7f822bcbf,2026-08-21T09:00:00Z,2026-08-21T11:00:00+0200,177.08,EUR/MWh,DK1,DK_1,imbalance_price,Long,2026-08-23T05:51:55Z
2026-08-23T05:46:44Z,2026-08-23T07:46:44+0200,442f0342-0040-4db4-ac3f-85a7f822bcbf,2026-08-21T09:00:00Z,2026-08-21T11:00:00+0200,177.08,EUR/MWh,DK1,DK_1,imbalance_price,Short,2026-08-23T05:51:55Z
2026-08-23T05:46:44Z,2026-08-23T07:46:44+0200,442f0342-0040-4db4-ac3f-85a7f822bcbf,2026-08-21T09:15:00Z,2026-08-21T11:15:00+0200,142.0,EUR/MWh,DK1,DK_1,imbalance_price,Long,2026-08-23T05:51:55Z
2026-08-23T05:46:44Z,2026-08-23T07:46:44+0200,442f0342-0040-4db4-ac3f-85a7f822bcbf,2026-08-21T09:15:00Z,2026-08-21T11:15:00+0200,142.0,EUR/MWh,DK1,DK_1,imbalance_price,Short,2026-08-23T05:51:55Z
2026-08-23T05:46:44Z,2026-08-23T07:46:44+0200,442f0342-0040-4db4-ac3f-85a7f822bcbf,2026-08-21T09:30:00Z,2026-08-21T11:30:00+0200,137.0,EUR/MWh,DK1,DK_1,imbalance_price,Long,2026-08-23T05:51:55Z
2026-08-23T05:46:44Z,2026-08-23T07:46:44+0200,442f0342-0040-4db4-ac3f-85a7f822bcbf,2026-08-21T09:30:00Z,2026-08-21T11:30:00+0200,137.0,EUR/MWh,DK1,DK_1,imbalance_price,Short,2026-08-23T05:51:55Z
2026-08-23T05:46:44Z,2026-08-23T07:46:44+0200,442f0342-0040-4db4-ac3f-85a7f822bcbf,2026-08-21T09:45:00Z,2026-08-21T11:45:00+0200,89.02,EUR/MWh,DK1,DK_1,imbalance_price,Long,2026-08-23T05:51:55Z
2026-08-23T05:46:44Z,2026-08-23T07:46:44+0200,442f0342-0040-4db4-ac3f-85a7f822bcbf,2026-08-21T09:45:00Z,2026-08-21T11:45:00+0200,89.02,EUR/MWh,DK1,DK_1,imbalance_price,Short,2026-08-23T05:51:55Z
2026-08-23T05:46:44Z,2026-08-23T07:46:44+0200,442f0342-0040-4db4-ac3f-85a7f822bcbf,2026-08-21T10:00:00Z,2026-08-21T12:00:00+0200,204.4,EUR/MWh,DK1,DK_1,imbalance_price,Long,2026-08-23T05:51:55Z
2026-08-23T05:46:44Z,2026-08-23T07:46:44+0200,442f0342-0040-4db4-ac3f-85a7f822bcbf,2026-08-21T10:00:00Z,2026-08-21T12:00:00+0200,204.4,EUR/MWh,DK1,DK_1,imbalance_price,Short,2026-08-23T05:51:55Z
2026-08-23T05:46:44Z,2026-08-23T07:46:44+0200,442f0342-0040-4db4-ac3f-85a7f822bcbf,2026-08-21T10:15:00Z,2026-08-21T12:15:00+0200,102.38,EUR/MWh,DK1,DK_1,imbalance_price,Long,2026-08-23T05:51:55Z
2026-08-23T05:46:44Z,2026-08-23T07:46:44+0200,442f0342-0040-4db4-ac3f-85a7f822bcbf,2026-08-21T10:15:00Z,2026-08-21T12:15:00+0200,102.38,EUR/MWh,DK1,DK_1,imbalance_price,Short,2026-08-23T05:51:55Z
2026-08-23T05:46:44Z,2026-08-23T07:46:44+0200,442f0342-0040-4db4-ac3f-85a7f822bcbf,2026-08-21T10:30:00Z,2026-08-21T12:30:00+0200,134.07,EUR/MWh,DK1,DK_1,imbalance_price,Long,2026-08-23T05:51:55Z
2026-08-23T05:46:44Z,2026-08-23T07:46:44+0200,442f0342-0040-4db4-ac3f-85a7f822bcbf,2026-08-21T10:30:00Z,2026-08-21T12:30:00+0200,134.07,EUR/MWh,DK1,DK_1,imbalance_price,Short,2026-08-23T05:51:55Z
2026-08-23T05:46:44Z,2026-08-23T07:46:44+0200,442f0342-0040-4db4-ac3f-85a7f822bcbf,2026-08-21T10:45:00Z,2026-08-21T12:45:00+0200,136.18,EUR/MWh,DK1,DK_1,imbalance_price,Long,2026-08-23T05:51:55Z
2026-08-23T05:46:44Z,2026-08-23T07:46:44+0200,442f0342-0040-4db4-ac3f-85a7f822bcbf,2026-08-21T10:45:00Z,2026-08-21T12:45:00+0200,136.18,EUR/MWh,DK1,DK_1,imbalance_price,Short,2026-08-23T05:51:55Z
2026-08-23T05:46:44Z,2026-08-23T07:46:44+0200,442f0342-0040-4db4-ac3f-85a7f822bcbf,2026-08-21T11:00:00Z,2026-08-21T13:00:00+0200,86.56,EUR/MWh,DK1,DK_1,imbalance_price,Long,2026-08-23T05:51:55Z
2026-08-23T05:46:44Z,2026-08-23T07:46:44+0200,442f0342-0040-4db4-ac3f-85a7f822bcbf,2026-08-21T11:00:00Z,2026-08-21T13:00:00+0200,86.56,EUR/MWh,DK1,DK_1,imbalance_price,Short,2026-08-23T05:51:55Z
2026-08-23T05:46:44Z,2026-08-23T07:46:44+0200,442f0342-0040-4db4-ac3f-85a7f822bcbf,2026-08-21T11:15:00Z,2026-08-21T13:15:00+0200,84.63,EUR/MWh,DK1,DK_1,imbalance_price,Long,2026-08-23T05:51:55Z
2026-08-23T05:46:44Z,2026-08-23T07:46:44+0200,442f0342-0040-4db4-ac3f-85a7f822bcbf,2026-08-21T11:15:00Z,2026-08-21T13:15:00+0200,84.63,EUR/MWh,DK1,DK_1,imbalance_price,Short,2026-08-23T05:51:55Z
2026-08-23T05:46:44Z,2026-08-23T07:46:44+0200,442f0342-0040-4db4-ac3f-85a7f822bcbf,2026-08-21T11:30:00Z,2026-08-21T13:30:00+0200,56.55,EUR/MWh,DK1,DK_1,imbalance_price,Long,2026-08-23T05:51:55Z
2026-08-23T05:46:44Z,2026-08-23T07:46:44+0200,442f0342-0040-4db4-ac3f-85a7f822bcbf,2026-08-21T11:30:00Z,2026-08-21T13:30:00+0200,56.55,EUR/MWh,DK1,DK_1,imbalance_price,Short,2026-08-23T05:51:55Z
2026-08-23T05:46:44Z,2026-08-23T07:46:44+0200,442f0342-0040-4db4-ac3f-85a7f822bcbf,2026-08-21T11:45:00Z,2026-08-21T13:45:00+0200,99.63,EUR/MWh,DK1,DK_1,imbalance_price,Long,2026-08-23T05:51:55Z
2026-08-23T05:46:44Z,2026-08-23T07:46:44+0200,442f0342-0040-4db4-ac3f-85a7f822bcbf,2026-08-21T11:45:00Z,2026-08-21T13:45:00+0200,99.63,EUR/MWh,DK1,DK_1,imbalance_price,Short,2026-08-23T05:51:55Z
2026-08-23T05:46:44Z,2026-08-23T07:46:44+0200,442f0342-0040-4db4-ac3f-85a7f822bcbf,2026-08-21T12:00:00Z,2026-08-21T14:00:00+0200,49.72,EUR/MWh,DK1,DK_1,imbalance_price,Long,2026-08-23T05:51:55Z
2026-08-23T05:46:44Z,2026-08-23T07:46:44+0200,442f0342-0040-4db4-ac3f-85a7f822bcbf,2026-08-21T12:00:00Z,2026-08-21T14:00:00+0200,49.72,EUR/MWh,DK1,DK_1,imbalance_price,Short,2026-08-23T05:51:55Z
2026-08-23T05:46:44Z,2026-08-23T07:46:44+0200,442f0342-0040-4db4-ac3f-85a7f822bcbf,2026-08-21T12:15:00Z,2026-08-21T14:15:00+0200,95.96,EUR/MWh,DK1,DK_1,imbalance_price,Long,2026-08-23T05:51:55Z
2026-08-23T05:46:44Z,2026-08-23T07:46:44+0200,442f0342-0040-4db4-ac3f-85a7f822bcbf,2026-08-21T12:15:00Z,2026-08-21T14:15:00+0200,95.96,EUR/MWh,DK1,DK_1,imbalance_price,Short,2026-08-23T05:51:55Z
2026-08-23T05:46:44Z,2026-08-23T07:46:44+0200,442f0342-0040-4db4-ac3f-85a7f822bcbf,2026-08-21T12:30:00Z,2026-08-21T14:30:00+0200,58.24,EUR/MWh,DK1,DK_1,imbalance_price,Long,2026-08-23T05:51:55Z
2026-08-23T05:46:44Z,2026-08-23T07:46:44+0200,442f0342-0040-4db4-ac3f-85a7f822bcbf,2026-08-21T12:30:00Z,2026-08-21T14:30:00+0200,58.24,EUR/MWh,DK1,DK_1,imbalance_price,Short,2026-08-23T05:51:55Z
2026-08-23T05:46:44Z,2026-08-23T07:46:44+0200,442f0342-0040-4db4-ac3f-85a7f822bcbf,2026-08-21T12:45:00Z,2026-08-21T14:45:00+0200,50.0,EUR/MWh,DK1,DK_1,imbalance_price,Long,2026-08-23T05:51:55Z
2026-08-23T05:46:44Z,2026-08-23T07:46:44+0200,442f0342-0040-4db4-ac3f-85a7f822bcbf,2026-08-21T12:45:00Z,2026-08-21T14:45:00+0200,50.0,EUR/MWh,DK1,DK_1,imbalance_price,Short,2026-08-23T05:51:55Z
2026-08-23T05:46:44Z,2026-08-23T07:46:44+0200,442f0342-0040-4db4-ac3f-85a7f822bcbf,2026-08-21T13:00:00Z,2026-08-21T15:00:00+0200,65.07,EUR/MWh,DK1,DK_1,imbalance_price,Long,2026-08-23T05:51:55Z
2026-08-23T05:46:44Z,2026-08-23T07:46:44+0200,442f0342-0040-4db4-ac3f-85a7f822bcbf,2026-08-21T13:00:00Z,2026-08-21T15:00:00+0200,65.07,EUR/MWh,DK1,DK_1,imbalance_price,Short,2026-08-23T05:51:55Z
2026-08-23T05:46:44Z,2026-08-23T07:46:44+0200,442f0342-0040-4db4-ac3f-85a7f822bcbf,2026-08-21T13:15:00Z,2026-08-21T15:15:00+0200,60.0,EUR/MWh,DK1,DK_1,imbalance_price,Long,2026-08-23T05:51:55Z
2026-08-23T05:46:44Z,2026-08-23T07:46:44+0200,442f0342-0040-4db4-ac3f-85a7f822bcbf,2026-08-21T13:15:00Z,2026-08-21T15:15:00+0200,60.0,EUR/MWh,DK1,DK_1,imbalance_price,Short,2026-08-23T05:51:55Z
2026-08-23T05:46:44Z,2026-08-23T07:46:44+0200,442f0342-0040-4db4-ac3f-85a7f822bcbf,2026-08-21T13:30:00Z,2026-08-21T15:30:00+0200,75.64,EUR/MWh,DK1,DK_1,imbalance_price,Long,2026-08-23T05:51:55Z
2026-08-23T05:46:44Z,2026-08-23T07:46:44+0200,442f0342-0040-4db4-ac3f-85a7f822bcbf,2026-08-21T13:30:00Z,2026-08-21T15:30:00+0200,75.64,EUR/MWh,DK1,DK_1,imbalance_price,Short,2026-08-23T05:51:55Z
2026-08-23T05:46:44Z,2026-08-23T07:46:44+0200,442f0342-0040-4db4-ac3f-85a7f822bcbf,2026-08-21T13:45:00Z,2026-08-21T15:45:00+0200,102.94,EUR/MWh,DK1,DK_1,imbalance_price,Long,2026-08-23T05:51:55Z
2026-08-23T05:46:44Z,2026-08-23T07:46:44+0200,442f0342-0040-4db4-ac3f-85a7f822bcbf,2026-08-21T13:45:00Z,2026-08-21T15:45:00+0200,102.94,EUR/MWh,DK1,DK_1,imbalance_price,Short,2026-08-23T05:51:55Z
2026-08-23T05:46:44Z,2026-08-23T07:46:44+0200,442f0342-0040-4db4-ac3f-85a7f822bcbf,2026-08-21T14:00:00Z,2026-08-21T16:00:00+0200,80.0,EUR/MWh,DK1,DK_1,imbalance_price,Long,2026-08-23T05:51:55Z
2026-08-23T05:46:44Z,2026-08-23T07:46:44+0200,442f0342-0040-4db4-ac3f-85a7f822bcbf,2026-08-21T14:00:00Z,2026-08-21T16:00:00+0200,80.0,EUR/MWh,DK1,DK_1,imbalance_price,Short,2026-08-23T05:51:55Z
2026-08-23T05:46:44Z,2026-08-23T07:46:44+0200,442f0342-0040-4db4-ac3f-85a7f822bcbf,2026-08-21T14:15:00Z,2026-08-21T16:15:00+0200,89.05,EUR/MWh,DK1,DK_1,imbalance_price,Long,2026-08-23T05:51:55Z
2026-08-23T05:46:44Z,2026-08-23T07:46:44+0200,442f0342-0040-4db4-ac3f-85a7f822bcbf,2026-08-21T14:15:00Z,2026-08-21T16:15:00+0200,89.05,EUR/MWh,DK1,DK_1,imbalance_price,Short,2026-08-23T05:51:55Z
2026-08-23T05:46:44Z,2026-08-23T07:46:44+0200,442f0342-0040-4db4-ac3f-85a7f822bcbf,2026-08-21T14:30:00Z,2026-08-21T16:30:00+0200,243.29,EUR/MWh,DK1,DK_1,imbalance_price,Long,2026-08-23T05:51:55Z
2026-08-23T05:46:44Z,2026-08-23T07:46:44+0200,442f0342-0040-4db4-ac3f-85a7f822bcbf,2026-08-21T14:30:00Z,2026-08-21T16:30:00+0200,243.29,EUR/MWh,DK1,DK_1,imbalance_price,Short,2026-08-23T05:51:55Z
2026-08-23T05:46:44Z,2026-08-23T07:46:44+0200,442f0342-0040-4db4-ac3f-85a7f822bcbf,2026-08-21T14:45:00Z,2026-08-21T16:45:00+0200,88.69,EUR/MWh,DK1,DK_1,imbalance_price,Long,2026-08-23T05:51:55Z
2026-08-23T05:46:44Z,2026-08-23T07:46:44+0200,442f0342-0040-4db4-ac3f-85a7f822bcbf,2026-08-21T14:45:00Z,2026-08-21T16:45:00+0200,88.69,EUR/MWh,DK1,DK_1,imbalance_price,Short,2026-08-23T05:51:55Z
2026-08-23T05:46:44Z,2026-08-23T07:46:44+0200,442f0342-0040-4db4-ac3f-85a7f822bcbf,2026-08-21T15:00:00Z,2026-08-21T17:00:00+0200,128.09,EUR/MWh,DK1,DK_1,imbalance_price,Long,2026-08-23T05:51:55Z
2026-08-23T05:46:44Z,2026-08-23T07:46:44+0200,442f0342-0040-4db4-ac3f-85a7f822bcbf,2026-08-21T15:00:00Z,2026-08-21T17:00:00+0200,128.09,EUR/MWh,DK1,DK_1,imbalance_price,Short,2026-08-23T05:51:55Z
2026-08-23T05:46:44Z,2026-08-23T07:46:44+0200,442f0342-0040-4db4-ac3f-85a7f822bcbf,2026-08-21T15:15:00Z,2026-08-21T17:15:00+0200,137.0,EUR/MWh,DK1,DK_1,imbalance_price,Long,2026-08-23T05:51:55Z
2026-08-23T05:46:44Z,2026-08-23T07:46:44+0200,442f0342-0040-4db4-ac3f-85a7f822bcbf,2026-08-21T15:15:00Z,2026-08-21T17:15:00+0200,137.0,EUR/MWh,DK1,DK_1,imbalance_price,Short,2026-08-23T05:51:55Z
2026-08-23T05:46:44Z,2026-08-23T07:46:44+0200,442f0342-0040-4db4-ac3f-85a7f822bcbf,2026-08-21T15:30:00Z,2026-08-21T17:30:00+0200,19.78,EUR/MWh,DK1,DK_1,imbalance_price,Long,2026-08-23T05:51:55Z
2026-08-23T05:46:44Z,2026-08-23T07:46:44+0200,442f0342-0040-4db4-ac3f-85a7f822bcbf,2026-08-21T15:30:00Z,2026-08-21T17:30:00+0200,19.78,EUR/MWh,DK1,DK_1,imbalance_price,Short,2026-08-23T05:51:55Z
2026-08-23T05:46:44Z,2026-08-23T07:46:44+0200,442f0342-0040-4db4-ac3f-85a7f822bcbf,2026-08-21T15:45:00Z,2026-08-21T17:45:00+0200,87.11,EUR/MWh,DK1,DK_1,imbalance_price,Long,2026-08-23T05:51:55Z
2026-08-23T05:46:44Z,2026-08-23T07:46:44+0200,442f0342-0040-4db4-ac3f-85a7f822bcbf,2026-08-21T15:45:00Z,2026-08-21T17:45:00+0200,87.11,EUR/MWh,DK1,DK_1,imbalance_price,Short,2026-08-23T05:51:55Z
2026-08-23T05:46:44Z,2026-08-23T07:46:44+0200,442f0342-0040-4db4-ac3f-85a7f822bcbf,2026-08-21T16:00:00Z,2026-08-21T18:00:00+0200,107.58,EUR/MWh,DK1,DK_1,imbalance_price,Long,2026-08-23T05:51:55Z
2026-08-23T05:46:44Z,2026-08-23T07:46:44+0200,442f0342-0040-4db4-ac3f-85a7f822bcbf,2026-08-21T16:00:00Z,2026-08-21T18:00:00+0200,107.58,EUR/MWh,DK1,DK_1,imbalance_price,Short,2026-08-23T05:51:55Z
2026-08-23T05:46:44Z,2026-08-23T07:46:44+0200,442f0342-0040-4db4-ac3f-85a7f822bcbf,2026-08-21T16:15:00Z,2026-08-21T18:15:00+0200,121.82,EUR/MWh,DK1,DK_1,imbalance_price,Long,2026-08-23T05:51:55Z
2026-08-23T05:46:44Z,2026-08-23T07:46:44+0200,442f0342-0040-4db4-ac3f-85a7f822bcbf,2026-08-21T16:15:00Z,2026-08-21T18:15:00+0200,121.82,EUR/MWh,DK1,DK_1,imbalance_price,Short,2026-08-23T05:51:55Z
2026-08-23T05:46:44Z,2026-08-23T07:46:44+0200,442f0342-0040-4db4-ac3f-85a7f822bcbf,2026-08-21T16:30:00Z,2026-08-21T18:30:00+0200,119.33,EUR/MWh,DK1,DK_1,imbalance_price,Long,2026-08-23T05:51:55Z
2026-08-23T05:46:44Z,2026-08-23T07:46:44+0200,442f0342-0040-4db4-ac3f-85a7f822bcbf,2026-08-21T16:30:00Z,2026-08-21T18:30:00+0200,119.33,EUR/MWh,DK1,DK_1,imbalance_price,Short,2026-08-23T05:51:55Z
2026-08-23T05:46:44Z,2026-08-23T07:46:44+0200,442f0342-0040-4db4-ac3f-85a7f822bcbf,2026-08-21T16:45:00Z,2026-08-21T18:45:00+0200,193.98,EUR/MWh,DK1,DK_1,imbalance_price,Long,2026-08-23T05:51:55Z
2026-08-23T05:46:44Z,2026-08-23T07:46:44+0200,442f0342-0040-4db4-ac3f-85a7f822bcbf,2026-08-21T16:45:00Z,2026-08-21T18:45:00+0200,193.98,EUR/MWh,DK1,DK_1,imbalance_price,Short,2026-08-23T05:51:55Z
2026-08-23T05:46:44Z,2026-08-23T07:46:44+0200,442f0342-0040-4db4-ac3f-85a7f822bcbf,2026-08-21T17:00:00Z,2026-08-21T19:00:00+0200,352.63,EUR/MWh,DK1,DK_1,imbalance_price,Long,2026-08-23T05:51:55Z
2026-08-23T05:46:44Z,2026-08-23T07:46:44+0200,442f0342-0040-4db4-ac3f-85a7f822bcbf,2026-08-21T17:00:00Z,2026-08-21T19:00:00+0200,352.63,EUR/MWh,DK1,DK_1,imbalance_price,Short,2026-08-23T05:51:55Z
2026-08-23T05:46:44Z,2026-08-23T07:46:44+0200,442f0342-0040-4db4-ac3f-85a7f822bcbf,2026-08-21T17:15:00Z,2026-08-21T19:15:00+0200,228.83,EUR/MWh,DK1,DK_1,imbalance_price,Long,2026-08-23T05:51:55Z
2026-08-23T05:46:44Z,2026-08-23T07:46:44+0200,442f0342-0040-4db4-ac3f-85a7f822bcbf,2026-08-21T17:15:00Z,2026-08-21T19:15:00+0200,228.83,EUR/MWh,DK1,DK_1,imbalance_price,Short,2026-08-23T05:51:55Z
2026-08-23T05:46:44Z,2026-08-23T07:46:44+0200,442f0342-0040-4db4-ac3f-85a7f822bcbf,2026-08-21T17:30:00Z,2026-08-21T19:30:00+0200,200.67,EUR/MWh,DK1,DK_1,imbalance_price,Long,2026-08-23T05:51:55Z
2026-08-23T05:46:44Z,2026-08-23T07:46:44+0200,442f0342-0040-4db4-ac3f-85a7f822bcbf,2026-08-21T17:30:00Z,2026-08-21T19:30:00+0200,200.67,EUR/MWh,DK1,DK_1,imbalance_price,Short,2026-08-23T05:51:55Z
2026-08-23T05:46:44Z,2026-08-23T07:46:44+0200,442f0342-0040-4db4-ac3f-85a7f822bcbf,2026-08-21T17:45:00Z,2026-08-21T19:45:00+0200,128.23,EUR/MWh,DK1,DK_1,imbalance_price,Long,2026-08-23T05:51:55Z
2026-08-23T05:46:44Z,2026-08-23T07:46:44+0200,442f0342-0040-4db4-ac3f-85a7f822bcbf,2026-08-21T17:45:00Z,2026-08-21T19:45:00+0200,128.23,EUR/MWh,DK1,DK_1,imbalance_price,Short,2026-08-23T05:51:55Z
2026-08-23T05:46:44Z,2026-08-23T07:46:44+0200,442f0342-0040-4db4-ac3f-85a7f822bcbf,2026-08-21T18:00:00Z,2026-08-21T20:00:00+0200,110.21,EUR/MWh,DK1,DK_1,imbalance_price,Long,2026-08-23T05:51:55Z
2026-08-23T05:46:44Z,2026-08-23T07:46:44+0200,442f0342-0040-4db4-ac3f-85a7f822bcbf,2026-08-21T18:00:00Z,2026-08-21T20:00:00+0200,110.21,EUR/MWh,DK1,DK_1,imbalance_price,Short,2026-08-23T05:51:55Z
2026-08-23T05:46:44Z,2026-08-23T07:46:44+0200,442f0342-0040-4db4-ac3f-85a7f822bcbf,2026-08-21T18:15:00Z,2026-08-21T20:15:00+0200,121.02,EUR/MWh,DK1,DK_1,imbalance_price,Long,2026-08-23T05:51:55Z
2026-08-23T05:46:44Z,2026-08-23T07:46:44+0200,442f0342-0040-4db4-ac3f-85a7f822bcbf,2026-08-21T18:15:00Z,2026-08-21T20:15:00+0200,121.02,EUR/MWh,DK1,DK_1,imbalance_price,Short,2026-08-23T05:51:55Z
2026-08-23T05:46:44Z,2026-08-23T07:46:44+0200,442f0342-0040-4db4-ac3f-85a7f822bcbf,2026-08-21T18:30:00Z,2026-08-21T20:30:00+0200,125.07,EUR/MWh,DK1,DK_1,imbalance_price,Long,2026-08-23T05:51:55Z
2026-08-23T05:46:44Z,2026-08-23T07:46:44+0200,442f0342-0040-4db4-ac3f-85a7f822bcbf,2026-08-21T18:30:00Z,2026-08-21T20:30:00+0200,125.07,EUR/MWh,DK1,DK_1,imbalance_price,Short,2026-08-23T05:51:55Z
2026-08-23T05:46:44Z,2026-08-23T07:46:44+0200,442f0342-0040-4db4-ac3f-85a7f822bcbf,2026-08-21T18:45:00Z,2026-08-21T20:45:00+0200,161.46,EUR/MWh,DK1,DK_1,imbalance_price,Long,2026-08-23T05:51:55Z
2026-08-23T05:46:44Z,2026-08-23T07:46:44+0200,442f0342-0040-4db4-ac3f-85a7f822bcbf,2026-08-21T18:45:00Z,2026-08-21T20:45:00+0200,161.46,EUR/MWh,DK1,DK_1,imbalance_price,Short,2026-08-23T05:51:55Z
2026-08-23T05:46:44Z,2026-08-23T07:46:44+0200,442f0342-0040-4db4-ac3f-85a7f822bcbf,2026-08-21T19:00:00Z,2026-08-21T21:00:00+0200,205.32,EUR/MWh,DK1,DK_1,imbalance_price,Long,2026-08-23T05:51:55Z
2026-08-23T05:46:44Z,2026-08-23T07:46:44+0200,442f0342-0040-4db4-ac3f-85a7f822bcbf,2026-08-21T19:00:00Z,2026-08-21T21:00:00+0200,205.32,EUR/MWh,DK1,DK_1,imbalance_price,Short,2026-08-23T05:51:55Z
2026-08-23T05:46:44Z,2026-08-23T07:46:44+0200,442f0342-0040-4db4-ac3f-85a7f822bcbf,2026-08-21T19:15:00Z,2026-08-21T21:15:00+0200,114.45,EUR/MWh,DK1,DK_1,imbalance_price,Long,2026-08-23T05:51:55Z
2026-08-23T05:46:44Z,2026-08-23T07:46:44+0200,442f0342-0040-4db4-ac3f-85a7f822bcbf,2026-08-21T19:15:00Z,2026-08-21T21:15:00+0200,114.45,EUR/MWh,DK1,DK_1,imbalance_price,Short,2026-08-23T05:51:55Z
2026-08-23T05:46:44Z,2026-08-23T07:46:44+0200,442f0342-0040-4db4-ac3f-85a7f822bcbf,2026-08-21T19:30:00Z,2026-08-21T21:30:00+0200,195.96,EUR/MWh,DK1,DK_1,imbalance_price,Long,2026-08-23T05:51:55Z
2026-08-23T05:46:44Z,2026-08-23T07:46:44+0200,442f0342-0040-4db4-ac3f-85a7f822bcbf,2026-08-21T19:30:00Z,2026-08-21T21:30:00+0200,195.96,EUR/MWh,DK1,DK_1,imbalance_price,Short,2026-08-23T05:51:55Z
2026-08-23T05:46:44Z,2026-08-23T07:46:44+0200,442f0342-0040-4db4-ac3f-85a7f822bcbf,2026-08-21T19:45:00Z,2026-08-21T21:45:00+0200,190.3,EUR/MWh,DK1,DK_1,imbalance_price,Long,2026-08-23T05:51:55Z
2026-08-23T05:46:44Z,2026-08-23T07:46:44+0200,442f0342-0040-4db4-ac3f-85a7f822bcbf,2026-08-21T19:45:00Z,2026-08-21T21:45:00+0200,190.3,EUR/MWh,DK1,DK_1,imbalance_price,Short,2026-08-23T05:51:55Z
2026-08-23T05:46:44Z,2026-08-23T07:46:44+0200,442f0342-0040-4db4-ac3f-85a7f822bcbf,2026-08-21T20:00:00Z,2026-08-21T22:00:00+0200,192.74,EUR/MWh,DK1,DK_1,imbalance_price,Long,2026-08-23T05:51:55Z
2026-08-23T05:46:44Z,2026-08-23T07:46:44+0200,442f0342-0040-4db4-ac3f-85a7f822bcbf,2026-08-21T20:00:00Z,2026-08-21T22:00:00+0200,192.74,EUR/MWh,DK1,DK_1,imbalance_price,Short,2026-08-23T05:51:55Z
2026-08-23T05:46:44Z,2026-08-23T07:46:44+0200,442f0342-0040-4db4-ac3f-85a7f822bcbf,2026-08-21T20:15:00Z,2026-08-21T22:15:00+0200,188.31,EUR/MWh,DK1,DK_1,imbalance_price,Long,2026-08-23T05:51:55Z
2026-08-23T05:46:44Z,2026-08-23T07:46:44+0200,442f0342-0040-4db4-ac3f-85a7f822bcbf,2026-08-21T20:15:00Z,2026-08-21T22:15:00+0200,188.31,EUR/MWh,DK1,DK_1,imbalance_price,Short,2026-08-23T05:51:55Z
2026-08-23T05:46:44Z,2026-08-23T07:46:44+0200,442f0342-0040-4db4-ac3f-85a7f822bcbf,2026-08-21T20:30:00Z,2026-08-21T22:30:00+0200,189.29,EUR/MWh,DK1,DK_1,imbalance_price,Long,2026-08-23T05:51:55Z
2026-08-23T05:46:44Z,2026-08-23T07:46:44+0200,442f0342-0040-4db4-ac3f-85a7f822bcbf,2026-08-21T20:30:00Z,2026-08-21T22:30:00+0200,189.29,EUR/MWh,DK1,DK_1,imbalance_price,Short,2026-08-23T05:51:55Z
2026-08-23T05:46:44Z,2026-08-23T07:46:44+0200,442f0342-0040-4db4-ac3f-85a7f822bcbf,2026-08-21T20:45:00Z,2026-08-21T22:45:00+0200,107.76,EUR/MWh,DK1,DK_1,imbalance_price,Long,2026-08-23T05:51:55Z
2026-08-23T05:46:44Z,2026-08-23T07:46:44+0200,442f0342-0040-4db4-ac3f-85a7f822bcbf,2026-08-21T20:45:00Z,2026-08-21T22:45:00+0200,107.76,EUR/MWh,DK1,DK_1,imbalance_price,Short,2026-08-23T05:51:55Z
2026-08-23T05:46:44Z,2026-08-23T07:46:44+0200,442f0342-0040-4db4-ac3f-85a7f822bcbf,2026-08-21T21:00:00Z,2026-08-21T23:00:00+0200,146.5,EUR/MWh,DK1,DK_1,imbalance_price,Long,2026-08-23T05:51:55Z
2026-08-23T05:46:44Z,2026-08-23T07:46:44+0200,442f0342-0040-4db4-ac3f-85a7f822bcbf,2026-08-21T21:00:00Z,2026-08-21T23:00:00+0200,146.5,EUR/MWh,DK1,DK_1,imbalance_price,Short,2026-08-23T05:51:55Z
2026-08-23T05:46:44Z,2026-08-23T07:46:44+0200,442f0342-0040-4db4-ac3f-85a7f822bcbf,2026-08-21T21:15:00Z,2026-08-21T23:15:00+0200,100.35,EUR/MWh,DK1,DK_1,imbalance_price,Long,2026-08-23T05:51:55Z
2026-08-23T05:46:44Z,2026-08-23T07:46:44+0200,442f0342-0040-4db4-ac3f-85a7f822bcbf,2026-08-21T21:15:00Z,2026-08-21T23:15:00+0200,100.35,EUR/MWh,DK1,DK_1,imbalance_price,Short,2026-08-23T05:51:55Z
2026-08-23T05:46:44Z,2026-08-23T07:46:44+0200,442f0342-0040-4db4-ac3f-85a7f822bcbf,2026-08-21T21:30:00Z,2026-08-21T23:30:00+0200,112.31,EUR/MWh,DK1,DK_1,imbalance_price,Long,2026-08-23T05:51:55Z
2026-08-23T05:46:44Z,2026-08-23T07:46:44+0200,442f0342-0040-4db4-ac3f-85a7f822bcbf,2026-08-21T21:30:00Z,2026-08-21T23:30:00+0200,112.31,EUR/MWh,DK1,DK_1,imbalance_price,Short,2026-08-23T05:51:55Z
2026-08-23T05:46:44Z,2026-08-23T07:46:44+0200,442f0342-0040-4db4-ac3f-85a7f822bcbf,2026-08-21T21:45:00Z,2026-08-21T23:45:00+0200,114.47,EUR/MWh,DK1,DK_1,imbalance_price,Long,2026-08-23T05:51:55Z
2026-08-23T05:46:44Z,2026-08-23T07:46:44+0200,442f0342-0040-4db4-ac3f-85a7f822bcbf,2026-08-21T21:45:00Z,2026-08-21T23:45:00+0200,114.47,EUR/MWh,DK1,DK_1,imbalance_price,Short,2026-08-23T05:51:55Z
2026-08-23T05:46:44Z,2026-08-23T07:46:44+0200,442f0342-0040-4db4-ac3f-85a7f822bcbf,2026-08-21T22:00:00Z,2026-08-22T00:00:00+0200,111.27,EUR/MWh,DK1,DK_1,imbalance_price,Long,2026-08-23T05:51:55Z
2026-08-23T05:46:44Z,2026-08-23T07:46:44+0200,442f0342-0040-4db4-ac3f-85a7f822bcbf,2026-08-21T22:00:00Z,2026-08-22T00:00:00+0200,111.27,EUR/MWh,DK1,DK_1,imbalance_price,Short,2026-08-23T05:51:55Z
2026-08-23T05:46:44Z,2026-08-23T07:46:44+0200,442f0342-0040-4db4-ac3f-85a7f822bcbf,2026-08-21T22:15:00Z,2026-08-22T00:15:00+0200,107.35,EUR/MWh,DK1,DK_1,imbalance_price,Long,2026-08-23T05:51:55Z
2026-08-23T05:46:44Z,2026-08-23T07:46:44+0200,442f0342-0040-4db4-ac3f-85a7f822bcbf,2026-08-21T22:15:00Z,2026-08-22T00:15:00+0200,107.35,EUR/MWh,DK1,DK_1,imbalance_price,Short,2026-08-23T05:51:55Z
2026-08-23T05:46:44Z,2026-08-23T07:46:44+0200,442f0342-0040-4db4-ac3f-85a7f822bcbf,2026-08-21T22:30:00Z,2026-08-22T00:30:00+0200,165.93,EUR/MWh,DK1,DK_1,imbalance_price,Long,2026-08-23T05:51:55Z
2026-08-23T05:46:44Z,2026-08-23T07:46:44+0200,442f0342-0040-4db4-ac3f-85a7f822bcbf,2026-08-21T22:30:00Z,2026-08-22T00:30:00+0200,165.93,EUR/MWh,DK1,DK_1,imbalance_price,Short,2026-08-23T05:51:55Z
2026-08-23T05:46:44Z,2026-08-23T07:46:44+0200,442f0342-0040-4db4-ac3f-85a7f822bcbf,2026-08-21T22:45:00Z,2026-08-22T00:45:00+0200,169.67,EUR/MWh,DK1,DK_1,imbalance_price,Long,2026-08-23T05:51:55Z
2026-08-23T05:46:44Z,2026-08-23T07:46:44+0200,442f0342-0040-4db4-ac3f-85a7f822bcbf,2026-08-21T22:45:00Z,2026-08-22T00:45:00+0200,169.67,EUR/MWh,DK1,DK_1,imbalance_price,Short,2026-08-23T05:51:55Z
2026-08-23T05:46:44Z,2026-08-23T07:46:44+0200,442f0342-0040-4db4-ac3f-85a7f822bcbf,2026-08-21T23:00:00Z,2026-08-22T01:00:00+0200,307.68,EUR/MWh,DK1,DK_1,imbalance_price,Long,2026-08-23T05:51:55Z
2026-08-23T05:46:44Z,2026-08-23T07:46:44+0200,442f0342-0040-4db4-ac3f-85a7f822bcbf,2026-08-21T23:00:00Z,2026-08-22T01:00:00+0200,307.68,EUR/MWh,DK1,DK_1,imbalance_price,Short,2026-08-23T05:51:55Z
2026-08-23T05:46:44Z,2026-08-23T07:46:44+0200,442f0342-0040-4db4-ac3f-85a7f822bcbf,2026-08-21T23:15:00Z,2026-08-22T01:15:00+0200,161.31,EUR/MWh,DK1,DK_1,imbalance_price,Long,2026-08-23T05:51:55Z
2026-08-23T05:46:44Z,2026-08-23T07:46:44+0200,442f0342-0040-4db4-ac3f-85a7f822bcbf,2026-08-21T23:15:00Z,2026-08-22T01:15:00+0200,161.31,EUR/MWh,DK1,DK_1,imbalance_price,Short,2026-08-23T05:51:55Z
2026-08-23T05:46:44Z,2026-08-23T07:46:44+0200,442f0342-0040-4db4-ac3f-85a7f822bcbf,2026-08-21T23:30:00Z,2026-08-22T01:30:00+0200,160.01,EUR/MWh,DK1,DK_1,imbalance_price,Long,2026-08-23T05:51:55Z
2026-08-23T05:46:44Z,2026-08-23T07:46:44+0200,442f0342-0040-4db4-ac3f-85a7f822bcbf,2026-08-21T23:30:00Z,2026-08-22T01:30:00+0200,160.01,EUR/MWh,DK1,DK_1,imbalance_price,Short,2026-08-23T05:51:55Z
2026-08-23T05:46:44Z,2026-08-23T07:46:44+0200,442f0342-0040-4db4-ac3f-85a7f822bcbf,2026-08-21T23:45:00Z,2026-08-22T01:45:00+0200,159.82,EUR/MWh,DK1,DK_1,imbalance_price,Long,2026-08-23T05:51:55Z
2026-08-23T05:46:44Z,2026-08-23T07:46:44+0200,442f0342-0040-4db4-ac3f-85a7f822bcbf,2026-08-21T23:45:00Z,2026-08-22T01:45:00+0200,159.82,EUR/MWh,DK1,DK_1,imbalance_price,Short,2026-08-23T05:51:55Z
2026-08-23T05:46:44Z,2026-08-23T07:46:44+0200,442f0342-0040-4db4-ac3f-85a7f822bcbf,2026-08-22T00:00:00Z,2026-08-22T02:00:00+0200,117.09,EUR/MWh,DK1,DK_1,imbalance_price,Long,2026-08-23T05:51:55Z
2026-08-23T05:46:44Z,2026-08-23T07:46:44+0200,442f0342-0040-4db4-ac3f-85a7f822bcbf,2026-08-22T00:00:00Z,2026-08-22T02:00:00+0200,117.09,EUR/MWh,DK1,DK_1,imbalance_price,Short,2026-08-23T05:51:55Z
2026-08-23T05:46:44Z,2026-08-23T07:46:44+0200,442f0342-0040-4db4-ac3f-85a7f822bcbf,2026-08-22T00:15:00Z,2026-08-22T02:15:00+0200,141.6,EUR/MWh,DK1,DK_1,imbalance_price,Long,2026-08-23T05:51:55Z
2026-08-23T05:46:44Z,2026-08-23T07:46:44+0200,442f0342-0040-4db4-ac3f-85a7f822bcbf,2026-08-22T00:15:00Z,2026-08-22T02:15:00+0200,141.6,EUR/MWh,DK1,DK_1,imbalance_price,Short,2026-08-23T05:51:55Z
2026-08-23T05:46:44Z,2026-08-23T07:46:44+0200,442f0342-0040-4db4-ac3f-85a7f822bcbf,2026-08-22T00:30:00Z,2026-08-22T02:30:00+0200,111.84,EUR/MWh,DK1,DK_1,imbalance_price,Long,2026-08-23T05:51:55Z
2026-08-23T05:46:44Z,2026-08-23T07:46:44+0200,442f0342-0040-4db4-ac3f-85a7f822bcbf,2026-08-22T00:30:00Z,2026-08-22T02:30:00+0200,111.84,EUR/MWh,DK1,DK_1,imbalance_price,Short,2026-08-23T05:51:55Z
2026-08-23T05:46:44Z,2026-08-23T07:46:44+0200,442f0342-0040-4db4-ac3f-85a7f822bcbf,2026-08-22T00:45:00Z,2026-08-22T02:45:00+0200,158.07,EUR/MWh,DK1,DK_1,imbalance_price,Long,2026-08-23T05:51:55Z
2026-08-23T05:46:44Z,2026-08-23T07:46:44+0200,442f0342-0040-4db4-ac3f-85a7f822bcbf,2026-08-22T00:45:00Z,2026-08-22T02:45:00+0200,158.07,EUR/MWh,DK1,DK_1,imbalance_price,Short,2026-08-23T05:51:55Z
2026-08-23T05:46:44Z,2026-08-23T07:46:44+0200,442f0342-0040-4db4-ac3f-85a7f822bcbf,2026-08-22T01:00:00Z,2026-08-22T03:00:00+0200,160.23,EUR/MWh,DK1,DK_1,imbalance_price,Long,2026-08-23T05:51:55Z
2026-08-23T05:46:44Z,2026-08-23T07:46:44+0200,442f0342-0040-4db4-ac3f-85a7f822bcbf,2026-08-22T01:00:00Z,2026-08-22T03:00:00+0200,160.23,EUR/MWh,DK1,DK_1,imbalance_price,Short,2026-08-23T05:51:55Z
2026-08-23T05:46:44Z,2026-08-23T07:46:44+0200,442f0342-0040-4db4-ac3f-85a7f822bcbf,2026-08-22T01:15:00Z,2026-08-22T03:15:00+0200,361.26,EUR/MWh,DK1,DK_1,imbalance_price,Long,2026-08-23T05:51:55Z
2026-08-23T05:46:44Z,2026-08-23T07:46:44+0200,442f0342-0040-4db4-ac3f-85a7f822bcbf,2026-08-22T01:15:00Z,2026-08-22T03:15:00+0200,361.26,EUR/MWh,DK1,DK_1,imbalance_price,Short,2026-08-23T05:51:55Z
2026-08-23T05:46:44Z,2026-08-23T07:46:44+0200,442f0342-0040-4db4-ac3f-85a7f822bcbf,2026-08-22T01:30:00Z,2026-08-22T03:30:00+0200,153.68,EUR/MWh,DK1,DK_1,imbalance_price,Long,2026-08-23T05:51:55Z
2026-08-23T05:46:44Z,2026-08-23T07:46:44+0200,442f0342-0040-4db4-ac3f-85a7f822bcbf,2026-08-22T01:30:00Z,2026-08-22T03:30:00+0200,153.68,EUR/MWh,DK1,DK_1,imbalance_price,Short,2026-08-23T05:51:55Z
2026-08-23T05:46:44Z,2026-08-23T07:46:44+0200,442f0342-0040-4db4-ac3f-85a7f822bcbf,2026-08-22T01:45:00Z,2026-08-22T03:45:00+0200,147.47,EUR/MWh,DK1,DK_1,imbalance_price,Long,2026-08-23T05:51:55Z
2026-08-23T05:46:44Z,2026-08-23T07:46:44+0200,442f0342-0040-4db4-ac3f-85a7f822bcbf,2026-08-22T01:45:00Z,2026-08-22T03:45:00+0200,147.47,EUR/MWh,DK1,DK_1,imbalance_price,Short,2026-08-23T05:51:55Z
2026-08-23T05:46:44Z,2026-08-23T07:46:44+0200,442f0342-0040-4db4-ac3f-85a7f822bcbf,2026-08-22T02:00:00Z,2026-08-22T04:00:00+0200,109.43,EUR/MWh,DK1,DK_1,imbalance_price,Long,2026-08-23T05:51:55Z
2026-08-23T05:46:44Z,2026-08-23T07:46:44+0200,442f0342-0040-4db4-ac3f-85a7f822bcbf,2026-08-22T02:00:00Z,2026-08-22T04:00:00+0200,109.43,EUR/MWh,DK1,DK_1,imbalance_price,Short,2026-08-23T05:51:55Z
2026-08-23T05:46:44Z,2026-08-23T07:46:44+0200,442f0342-0040-4db4-ac3f-85a7f822bcbf,2026-08-22T02:15:00Z,2026-08-22T04:15:00+0200,138.0,EUR/MWh,DK1,DK_1,imbalance_price,Long,2026-08-23T05:51:55Z
2026-08-23T05:46:44Z,2026-08-23T07:46:44+0200,442f0342-0040-4db4-ac3f-85a7f822bcbf,2026-08-22T02:15:00Z,2026-08-22T04:15:00+0200,138.0,EUR/MWh,DK1,DK_1,imbalance_price,Short,2026-08-23T05:51:55Z
2026-08-23T05:46:44Z,2026-08-23T07:46:44+0200,442f0342-0040-4db4-ac3f-85a7f822bcbf,2026-08-22T02:30:00Z,2026-08-22T04:30:00+0200,91.88,EUR/MWh,DK1,DK_1,imbalance_price,Long,2026-08-23T05:51:55Z
2026-08-23T05:46:44Z,2026-08-23T07:46:44+0200,442f0342-0040-4db4-ac3f-85a7f822bcbf,2026-08-22T02:30:00Z,2026-08-22T04:30:00+0200,91.88,EUR/MWh,DK1,DK_1,imbalance_price,Short,2026-08-23T05:51:55Z
2026-08-23T05:46:44Z,2026-08-23T07:46:44+0200,442f0342-0040-4db4-ac3f-85a7f822bcbf,2026-08-22T02:45:00Z,2026-08-22T04:45:00+0200,90.95,EUR/MWh,DK1,DK_1,imbalance_price,Long,2026-08-23T05:51:55Z
2026-08-23T05:46:44Z,2026-08-23T07:46:44+0200,442f0342-0040-4db4-ac3f-85a7f822bcbf,2026-08-22T02:45:00Z,2026-08-22T04:45:00+0200,90.95,EUR/MWh,DK1,DK_1,imbalance_price,Short,2026-08-23T05:51:55Z
2026-08-23T05:46:44Z,2026-08-23T07:46:44+0200,442f0342-0040-4db4-ac3f-85a7f822bcbf,2026-08-22T03:00:00Z,2026-08-22T05:00:00+0200,89.76,EUR/MWh,DK1,DK_1,imbalance_price,Long,2026-08-23T05:51:55Z
2026-08-23T05:46:44Z,2026-08-23T07:46:44+0200,442f0342-0040-4db4-ac3f-85a7f822bcbf,2026-08-22T03:00:00Z,2026-08-22T05:00:00+0200,89.76,EUR/MWh,DK1,DK_1,imbalance_price,Short,2026-08-23T05:51:55Z
2026-08-23T05:46:44Z,2026-08-23T07:46:44+0200,442f0342-0040-4db4-ac3f-85a7f822bcbf,2026-08-22T03:15:00Z,2026-08-22T05:15:00+0200,142.74,EUR/MWh,DK1,DK_1,imbalance_price,Long,2026-08-23T05:51:55Z
2026-08-23T05:46:44Z,2026-08-23T07:46:44+0200,442f0342-0040-4db4-ac3f-85a7f822bcbf,2026-08-22T03:15:00Z,2026-08-22T05:15:00+0200,142.74,EUR/MWh,DK1,DK_1,imbalance_price,Short,2026-08-23T05:51:55Z
2026-08-23T05:46:44Z,2026-08-23T07:46:44+0200,442f0342-0040-4db4-ac3f-85a7f822bcbf,2026-08-22T03:30:00Z,2026-08-22T05:30:00+0200,143.12,EUR/MWh,DK1,DK_1,imbalance_price,Long,2026-08-23T05:51:55Z
2026-08-23T05:46:44Z,2026-08-23T07:46:44+0200,442f0342-0040-4db4-ac3f-85a7f822bcbf,2026-08-22T03:30:00Z,2026-08-22T05:30:00+0200,143.12,EUR/MWh,DK1,DK_1,imbalance_price,Short,2026-08-23T05:51:55Z
2026-08-23T05:46:44Z,2026-08-23T07:46:44+0200,442f0342-0040-4db4-ac3f-85a7f822bcbf,2026-08-22T03:45:00Z,2026-08-22T05:45:00+0200,96.07,EUR/MWh,DK1,DK_1,imbalance_price,Long,2026-08-23T05:51:55Z
2026-08-23T05:46:44Z,2026-08-23T07:46:44+0200,442f0342-0040-4db4-ac3f-85a7f822bcbf,2026-08-22T03:45:00Z,2026-08-22T05:45:00+0200,96.07,EUR/MWh,DK1,DK_1,imbalance_price,Short,2026-08-23T05:51:55Z
2026-08-23T05:46:44Z,2026-08-23T07:46:44+0200,442f0342-0040-4db4-ac3f-85a7f822bcbf,2026-08-22T04:00:00Z,2026-08-22T06:00:00+0200,153.53,EUR/MWh,DK1,DK_1,imbalance_price,Long,2026-08-23T05:51:55Z
2026-08-23T05:46:44Z,2026-08-23T07:46:44+0200,442f0342-0040-4db4-ac3f-85a7f822bcbf,2026-08-22T04:00:00Z,2026-08-22T06:00:00+0200,153.53,EUR/MWh,DK1,DK_1,imbalance_price,Short,2026-08-23T05:51:55Z
2026-08-23T05:46:44Z,2026-08-23T07:46:44+0200,442f0342-0040-4db4-ac3f-85a7f822bcbf,2026-08-22T04:15:00Z,2026-08-22T06:15:00+0200,103.99,EUR/MWh,DK1,DK_1,imbalance_price,Long,2026-08-23T05:51:55Z
2026-08-23T05:46:44Z,2026-08-23T07:46:44+0200,442f0342-0040-4db4-ac3f-85a7f822bcbf,2026-08-22T04:15:00Z,2026-08-22T06:15:00+0200,103.99,EUR/MWh,DK1,DK_1,imbalance_price,Short,2026-08-23T05:51:55Z
2026-08-23T05:46:44Z,2026-08-23T07:46:44+0200,442f0342-0040-4db4-ac3f-85a7f822bcbf,2026-08-22T04:30:00Z,2026-08-22T06:30:00+0200,104.57,EUR/MWh,DK1,DK_1,imbalance_price,Long,2026-08-23T05:51:55Z
2026-08-23T05:46:44Z,2026-08-23T07:46:44+0200,442f0342-0040-4db4-ac3f-85a7f822bcbf,2026-08-22T04:30:00Z,2026-08-22T06:30:00+0200,104.57,EUR/MWh,DK1,DK_1,imbalance_price,Short,2026-08-23T05:51:55Z
2026-08-23T05:46:44Z,2026-08-23T07:46:44+0200,442f0342-0040-4db4-ac3f-85a7f822bcbf,2026-08-22T04:45:00Z,2026-08-22T06:45:00+0200,108.21,EUR/MWh,DK1,DK_1,imbalance_price,Long,2026-08-23T05:51:55Z
2026-08-23T05:46:44Z,2026-08-23T07:46:44+0200,442f0342-0040-4db4-ac3f-85a7f822bcbf,2026-08-22T04:45:00Z,2026-08-22T06:45:00+0200,108.21,EUR/MWh,DK1,DK_1,imbalance_price,Short,2026-08-23T05:51:55Z
2026-08-23T05:46:44Z,2026-08-23T07:46:44+0200,442f0342-0040-4db4-ac3f-85a7f822bcbf,2026-08-22T05:00:00Z,2026-08-22T07:00:00+0200,112.19,EUR/MWh,DK1,DK_1,imbalance_price,Long,2026-08-23T05:51:55Z
2026-08-23T05:46:44Z,2026-08-23T07:46:44+0200,442f0342-0040-4db4-ac3f-85a7f822bcbf,2026-08-22T05:00:00Z,2026-08-22T07:00:00+0200,112.19,EUR/MWh,DK1,DK_1,imbalance_price,Short,2026-08-23T05:51:55Z
2026-08-23T05:46:44Z,2026-08-23T07:46:44+0200,442f0342-0040-4db4-ac3f-85a7f822bcbf,2026-08-22T05:15:00Z,2026-08-22T07:15:00+0200,146.89,EUR/MWh,DK1,DK_1,imbalance_price,Long,2026-08-23T05:51:55Z
2026-08-23T05:46:44Z,2026-08-23T07:46:44+0200,442f0342-0040-4db4-ac3f-85a7f822bcbf,2026-08-22T05:15:00Z,2026-08-22T07:15:00+0200,146.89,EUR/MWh,DK1,DK_1,imbalance_price,Short,2026-08-23T05:51:55Z
2026-08-23T05:46:44Z,2026-08-23T07:46:44+0200,442f0342-0040-4db4-ac3f-85a7f822bcbf,2026-08-22T05:30:00Z,2026-08-22T07:30:00+0200,139.3,EUR/MWh,DK1,DK_1,imbalance_price,Long,2026-08-23T05:51:55Z
2026-08-23T05:46:44Z,2026-08-23T07:46:44+0200,442f0342-0040-4db4-ac3f-85a7f822bcbf,2026-08-22T05:30:00Z,2026-08-22T07:30:00+0200,139.3,EUR/MWh,DK1,DK_1,imbalance_price,Short,2026-08-23T05:51:55Z
2026-08-23T05:46:44Z,2026-08-23T07:46:44+0200,442f0342-0040-4db4-ac3f-85a7f822bcbf,2026-08-22T05:45:00Z,2026-08-22T07:45:00+0200,83.0,EUR/MWh,DK1,DK_1,imbalance_price,Long,2026-08-23T05:51:55Z
2026-08-23T05:46:44Z,2026-08-23T07:46:44+0200,442f0342-0040-4db4-ac3f-85a7f822bcbf,2026-08-22T05:45:00Z,2026-08-22T07:45:00+0200,83.0,EUR/MWh,DK1,DK_1,imbalance_price,Short,2026-08-23T05:51:55Z
2026-08-23T05:46:44Z,2026-08-23T07:46:44+0200,442f0342-0040-4db4-ac3f-85a7f822bcbf,2026-08-22T06:00:00Z,2026-08-22T08:00:00+0200,99.18,EUR/MWh,DK1,DK_1,imbalance_price,Long,2026-08-23T05:51:55Z
2026-08-23T05:46:44Z,2026-08-23T07:46:44+0200,442f0342-0040-4db4-ac3f-85a7f822bcbf,2026-08-22T06:00:00Z,2026-08-22T08:00:00+0200,99.18,EUR/MWh,DK1,DK_1,imbalance_price,Short,2026-08-23T05:51:55Z
2026-08-23T05:46:44Z,2026-08-23T07:46:44+0200,442f0342-0040-4db4-ac3f-85a7f822bcbf,2026-08-22T06:15:00Z,2026-08-22T08:15:00+0200,91.0,EUR/MWh,DK1,DK_1,imbalance_price,Long,2026-08-23T05:51:55Z
2026-08-23T05:46:44Z,2026-08-23T07:46:44+0200,442f0342-0040-4db4-ac3f-85a7f822bcbf,2026-08-22T06:15:00Z,2026-08-22T08:15:00+0200,91.0,EUR/MWh,DK1,DK_1,imbalance_price,Short,2026-08-23T05:51:55Z
2026-08-23T05:46:44Z,2026-08-23T07:46:44+0200,442f0342-0040-4db4-ac3f-85a7f822bcbf,2026-08-22T06:30:00Z,2026-08-22T08:30:00+0200,38.52,EUR/MWh,DK1,DK_1,imbalance_price,Long,2026-08-23T05:51:55Z
2026-08-23T05:46:44Z,2026-08-23T07:46:44+0200,442f0342-0040-4db4-ac3f-85a7f822bcbf,2026-08-22T06:30:00Z,2026-08-22T08:30:00+0200,38.52,EUR/MWh,DK1,DK_1,imbalance_price,Short,2026-08-23T05:51:55Z
2026-08-23T05:46:44Z,2026-08-23T07:46:44+0200,442f0342-0040-4db4-ac3f-85a7f822bcbf,2026-08-22T06:45:00Z,2026-08-22T08:45:00+0200,44.18,EUR/MWh,DK1,DK_1,imbalance_price,Long,2026-08-23T05:51:55Z
2026-08-23T05:46:44Z,2026-08-23T07:46:44+0200,442f0342-0040-4db4-ac3f-85a7f822bcbf,2026-08-22T06:45:00Z,2026-08-22T08:45:00+0200,44.18,EUR/MWh,DK1,DK_1,imbalance_price,Short,2026-08-23T05:51:55Z
2026-08-23T05:46:44Z,2026-08-23T07:46:44+0200,442f0342-0040-4db4-ac3f-85a7f822bcbf,2026-08-22T07:00:00Z,2026-08-22T09:00:00+0200,42.28,EUR/MWh,DK1,DK_1,imbalance_price,Long,2026-08-23T05:51:55Z
2026-08-23T05:46:44Z,2026-08-23T07:46:44+0200,442f0342-0040-4db4-ac3f-85a7f822bcbf,2026-08-22T07:00:00Z,2026-08-22T09:00:00+0200,42.28,EUR/MWh,DK1,DK_1,imbalance_price,Short,2026-08-23T05:51:55Z
2026-08-23T05:46:44Z,2026-08-23T07:46:44+0200,442f0342-0040-4db4-ac3f-85a7f822bcbf,2026-08-22T07:15:00Z,2026-08-22T09:15:00+0200,4.92,EUR/MWh,DK1,DK_1,imbalance_price,Long,2026-08-23T05:51:55Z
2026-08-23T05:46:44Z,2026-08-23T07:46:44+0200,442f0342-0040-4db4-ac3f-85a7f822bcbf,2026-08-22T07:15:00Z,2026-08-22T09:15:00+0200,4.92,EUR/MWh,DK1,DK_1,imbalance_price,Short,2026-08-23T05:51:55Z
2026-08-23T05:46:44Z,2026-08-23T07:46:44+0200,442f0342-0040-4db4-ac3f-85a7f822bcbf,2026-08-22T07:30:00Z,2026-08-22T09:30:00+0200,1.63,EUR/MWh,DK1,DK_1,imbalance_price,Long,2026-08-23T05:51:55Z
2026-08-23T05:46:44Z,2026-08-23T07:46:44+0200,442f0342-0040-4db4-ac3f-85a7f822bcbf,2026-08-22T07:30:00Z,2026-08-22T09:30:00+0200,1.63,EUR/MWh,DK1,DK_1,imbalance_price,Short,2026-08-23T05:51:55Z
2026-08-23T05:46:44Z,2026-08-23T07:46:44+0200,442f0342-0040-4db4-ac3f-85a7f822bcbf,2026-08-22T07:45:00Z,2026-08-22T09:45:00+0200,-1.46,EUR/MWh,DK1,DK_1,imbalance_price,Long,2026-08-23T05:51:55Z
2026-08-23T05:46:44Z,2026-08-23T07:46:44+0200,442f0342-0040-4db4-ac3f-85a7f822bcbf,2026-08-22T07:45:00Z,2026-08-22T09:45:00+0200,-1.46,EUR/MWh,DK1,DK_1,imbalance_price,Short,2026-08-23T05:51:55Z
2026-08-23T05:46:44Z,2026-08-23T07:46:44+0200,442f0342-0040-4db4-ac3f-85a7f822bcbf,2026-08-22T08:00:00Z,2026-08-22T10:00:00+0200,5.3,EUR/MWh,DK1,DK_1,imbalance_price,Long,2026-08-23T05:51:55Z
2026-08-23T05:46:44Z,2026-08-23T07:46:44+0200,442f0342-0040-4db4-ac3f-85a7f822bcbf,2026-08-22T08:00:00Z,2026-08-22T10:00:00+0200,5.3,EUR/MWh,DK1,DK_1,imbalance_price,Short,2026-08-23T05:51:55Z
2026-08-23T05:46:44Z,2026-08-23T07:46:44+0200,442f0342-0040-4db4-ac3f-85a7f822bcbf,2026-08-22T08:15:00Z,2026-08-22T10:15:00+0200,-3.01,EUR/MWh,DK1,DK_1,imbalance_price,Long,2026-08-23T05:51:55Z
2026-08-23T05:46:44Z,2026-08-23T07:46:44+0200,442f0342-0040-4db4-ac3f-85a7f822bcbf,2026-08-22T08:15:00Z,2026-08-22T10:15:00+0200,-3.01,EUR/MWh,DK1,DK_1,imbalance_price,Short,2026-08-23T05:51:55Z
2026-08-23T05:46:44Z,2026-08-23T07:46:44+0200,442f0342-0040-4db4-ac3f-85a7f822bcbf,2026-08-22T08:30:00Z,2026-08-22T10:30:00+0200,-6.69,EUR/MWh,DK1,DK_1,imbalance_price,Long,2026-08-23T05:51:55Z
2026-08-23T05:46:44Z,2026-08-23T07:46:44+0200,442f0342-0040-4db4-ac3f-85a7f822bcbf,2026-08-22T08:30:00Z,2026-08-22T10:30:00+0200,-6.69,EUR/MWh,DK1,DK_1,imbalance_price,Short,2026-08-23T05:51:55Z
2026-08-23T05:46:44Z,2026-08-23T07:46:44+0200,442f0342-0040-4db4-ac3f-85a7f822bcbf,2026-08-22T08:45:00Z,2026-08-22T10:45:00+0200,4.76,EUR/MWh,DK1,DK_1,imbalance_price,Long,2026-08-23T05:51:55Z
2026-08-23T05:46:44Z,2026-08-23T07:46:44+0200,442f0342-0040-4db4-ac3f-85a7f822bcbf,2026-08-22T08:45:00Z,2026-08-22T10:45:00+0200,4.76,EUR/MWh,DK1,DK_1,imbalance_price,Short,2026-08-23T05:51:55Z
2026-08-23T05:46:44Z,2026-08-23T07:46:44+0200,442f0342-0040-4db4-ac3f-85a7f822bcbf,2026-08-22T09:00:00Z,2026-08-22T11:00:00+0200,1.34,EUR/MWh,DK1,DK_1,imbalance_price,Long,2026-08-23T05:51:55Z
2026-08-23T05:46:44Z,2026-08-23T07:46:44+0200,442f0342-0040-4db4-ac3f-85a7f822bcbf,2026-08-22T09:00:00Z,2026-08-22T11:00:00+0200,1.34,EUR/MWh,DK1,DK_1,imbalance_price,Short,2026-08-23T05:51:55Z
2026-08-23T05:46:44Z,2026-08-23T07:46:44+0200,442f0342-0040-4db4-ac3f-85a7f822bcbf,2026-08-22T09:15:00Z,2026-08-22T11:15:00+0200,-0.87,EUR/MWh,DK1,DK_1,imbalance_price,Long,2026-08-23T05:51:55Z
2026-08-23T05:46:44Z,2026-08-23T07:46:44+0200,442f0342-0040-4db4-ac3f-85a7f822bcbf,2026-08-22T09:15:00Z,2026-08-22T11:15:00+0200,-0.87,EUR/MWh,DK1,DK_1,imbalance_price,Short,2026-08-23T05:51:55Z
2026-08-23T05:46:44Z,2026-08-23T07:46:44+0200,442f0342-0040-4db4-ac3f-85a7f822bcbf,2026-08-22T09:30:00Z,2026-08-22T11:30:00+0200,-6.69,EUR/MWh,DK1,DK_1,imbalance_price,Long,2026-08-23T05:51:55Z
2026-08-23T05:46:44Z,2026-08-23T07:46:44+0200,442f0342-0040-4db4-ac3f-85a7f822bcbf,2026-08-22T09:30:00Z,2026-08-22T11:30:00+0200,-6.69,EUR/MWh,DK1,DK_1,imbalance_price,Short,2026-08-23T05:51:55Z
2026-08-23T05:46:44Z,2026-08-23T07:46:44+0200,442f0342-0040-4db4-ac3f-85a7f822bcbf,2026-08-22T09:45:00Z,2026-08-22T11:45:00+0200,-6.69,EUR/MWh,DK1,DK_1,imbalance_price,Long,2026-08-23T05:51:55Z
2026-08-23T05:46:44Z,2026-08-23T07:46:44+0200,442f0342-0040-4db4-ac3f-85a7f822bcbf,2026-08-22T09:45:00Z,2026-08-22T11:45:00+0200,-6.69,EUR/MWh,DK1,DK_1,imbalance_price,Short,2026-08-23T05:51:55Z
2026-08-23T05:46:44Z,2026-08-23T07:46:44+0200,442f0342-0040-4db4-ac3f-85a7f822bcbf,2026-08-22T10:00:00Z,2026-08-22T12:00:00+0200,-8.42,EUR/MWh,DK1,DK_1,imbalance_price,Long,2026-08-23T05:51:55Z
2026-08-23T05:46:44Z,2026-08-23T07:46:44+0200,442f0342-0040-4db4-ac3f-85a7f822bcbf,2026-08-22T10:00:00Z,2026-08-22T12:00:00+0200,-8.42,EUR/MWh,DK1,DK_1,imbalance_price,Short,2026-08-23T05:51:55Z
2026-08-23T05:46:44Z,2026-08-23T07:46:44+0200,442f0342-0040-4db4-ac3f-85a7f822bcbf,2026-08-22T10:15:00Z,2026-08-22T12:15:00+0200,-2.69,EUR/MWh,DK1,DK_1,imbalance_price,Long,2026-08-23T05:51:55Z
2026-08-23T05:46:44Z,2026-08-23T07:46:44+0200,442f0342-0040-4db4-ac3f-85a7f822bcbf,2026-08-22T10:15:00Z,2026-08-22T12:15:00+0200,-2.69,EUR/MWh,DK1,DK_1,imbalance_price,Short,2026-08-23T05:51:55Z
2026-08-23T05:46:44Z,2026-08-23T07:46:44+0200,442f0342-0040-4db4-ac3f-85a7f822bcbf,2026-08-22T10:30:00Z,2026-08-22T12:30:00+0200,-7.57,EUR/MWh,DK1,DK_1,imbalance_price,Long,2026-08-23T05:51:55Z
2026-08-23T05:46:44Z,2026-08-23T07:46:44+0200,442f0342-0040-4db4-ac3f-85a7f822bcbf,2026-08-22T10:30:00Z,2026-08-22T12:30:00+0200,-7.57,EUR/MWh,DK1,DK_1,imbalance_price,Short,2026-08-23T05:51:55Z
2026-08-23T05:46:44Z,2026-08-23T07:46:44+0200,442f0342-0040-4db4-ac3f-85a7f822bcbf,2026-08-22T10:45:00Z,2026-08-22T12:45:00+0200,1.0,EUR/MWh,DK1,DK_1,imbalance_price,Long,2026-08-23T05:51:55Z
2026-08-23T05:46:44Z,2026-08-23T07:46:44+0200,442f0342-0040-4db4-ac3f-85a7f822bcbf,2026-08-22T10:45:00Z,2026-08-22T12:45:00+0200,1.0,EUR/MWh,DK1,DK_1,imbalance_price,Short,2026-08-23T05:51:55Z
2026-08-23T05:46:44Z,2026-08-23T07:46:44+0200,442f0342-0040-4db4-ac3f-85a7f822bcbf,2026-08-22T11:00:00Z,2026-08-22T13:00:00+0200,-6.69,EUR/MWh,DK1,DK_1,imbalance_price,Long,2026-08-23T05:51:55Z
2026-08-23T05:46:44Z,2026-08-23T07:46:44+0200,442f0342-0040-4db4-ac3f-85a7f822bcbf,2026-08-22T11:00:00Z,2026-08-22T13:00:00+0200,-6.69,EUR/MWh,DK1,DK_1,imbalance_price,Short,2026-08-23T05:51:55Z
2026-08-23T05:46:44Z,2026-08-23T07:46:44+0200,442f0342-0040-4db4-ac3f-85a7f822bcbf,2026-08-22T11:15:00Z,2026-08-22T13:15:00+0200,-9.33,EUR/MWh,DK1,DK_1,imbalance_price,Long,2026-08-23T05:51:55Z
2026-08-23T05:46:44Z,2026-08-23T07:46:44+0200,442f0342-0040-4db4-ac3f-85a7f822bcbf,2026-08-22T11:15:00Z,2026-08-22T13:15:00+0200,-9.33,EUR/MWh,DK1,DK_1,imbalance_price,Short,2026-08-23T05:51:55Z
2026-08-23T05:46:44Z,2026-08-23T07:46:44+0200,442f0342-0040-4db4-ac3f-85a7f822bcbf,2026-08-22T11:30:00Z,2026-08-22T13:30:00+0200,-11.53,EUR/MWh,DK1,DK_1,imbalance_price,Long,2026-08-23T05:51:55Z
2026-08-23T05:46:44Z,2026-08-23T07:46:44+0200,442f0342-0040-4db4-ac3f-85a7f822bcbf,2026-08-22T11:30:00Z,2026-08-22T13:30:00+0200,-11.53,EUR/MWh,DK1,DK_1,imbalance_price,Short,2026-08-23T05:51:55Z
2026-08-23T05:46:44Z,2026-08-23T07:46:44+0200,442f0342-0040-4db4-ac3f-85a7f822bcbf,2026-08-22T11:45:00Z,2026-08-22T13:45:00+0200,1.33,EUR/MWh,DK1,DK_1,imbalance_price,Long,2026-08-23T05:51:55Z
2026-08-23T05:46:44Z,2026-08-23T07:46:44+0200,442f0342-0040-4db4-ac3f-85a7f822bcbf,2026-08-22T11:45:00Z,2026-08-22T13:45:00+0200,1.33,EUR/MWh,DK1,DK_1,imbalance_price,Short,2026-08-23T05:51:55Z
2026-08-23T05:46:44Z,2026-08-23T07:46:44+0200,442f0342-0040-4db4-ac3f-85a7f822bcbf,2026-08-22T12:00:00Z,2026-08-22T14:00:00+0200,1.33,EUR/MWh,DK1,DK_1,imbalance_price,Long,2026-08-23T05:51:55Z
2026-08-23T05:46:44Z,2026-08-23T07:46:44+0200,442f0342-0040-4db4-ac3f-85a7f822bcbf,2026-08-22T12:00:00Z,2026-08-22T14:00:00+0200,1.33,EUR/MWh,DK1,DK_1,imbalance_price,Short,2026-08-23T05:51:55Z
2026-08-23T05:46:44Z,2026-08-23T07:46:44+0200,442f0342-0040-4db4-ac3f-85a7f822bcbf,2026-08-22T12:15:00Z,2026-08-22T14:15:00+0200,23.75,EUR/MWh,DK1,DK_1,imbalance_price,Long,2026-08-23T05:51:55Z
2026-08-23T05:46:44Z,2026-08-23T07:46:44+0200,442f0342-0040-4db4-ac3f-85a7f822bcbf,2026-08-22T12:15:00Z,2026-08-22T14:15:00+0200,23.75,EUR/MWh,DK1,DK_1,imbalance_price,Short,2026-08-23T05:51:55Z
2026-08-23T05:46:44Z,2026-08-23T07:46:44+0200,442f0342-0040-4db4-ac3f-85a7f822bcbf,2026-08-22T12:30:00Z,2026-08-22T14:30:00+0200,1.31,EUR/MWh,DK1,DK_1,imbalance_price,Long,2026-08-23T05:51:55Z
2026-08-23T05:46:44Z,2026-08-23T07:46:44+0200,442f0342-0040-4db4-ac3f-85a7f822bcbf,2026-08-22T12:30:00Z,2026-08-22T14:30:00+0200,1.31,EUR/MWh,DK1,DK_1,imbalance_price,Short,2026-08-23T05:51:55Z
2026-08-23T05:46:44Z,2026-08-23T07:46:44+0200,442f0342-0040-4db4-ac3f-85a7f822bcbf,2026-08-22T12:45:00Z,2026-08-22T14:45:00+0200,-7.57,EUR/MWh,DK1,DK_1,imbalance_price,Long,2026-08-23T05:51:55Z
2026-08-23T05:46:44Z,2026-08-23T07:46:44+0200,442f0342-0040-4db4-ac3f-85a7f822bcbf,2026-08-22T12:45:00Z,2026-08-22T14:45:00+0200,-7.57,EUR/MWh,DK1,DK_1,imbalance_price,Short,2026-08-23T05:51:55Z
2026-08-23T05:46:44Z,2026-08-23T07:46:44+0200,442f0342-0040-4db4-ac3f-85a7f822bcbf,2026-08-22T13:00:00Z,2026-08-22T15:00:00+0200,-15.8,EUR/MWh,DK1,DK_1,imbalance_price,Long,2026-08-23T05:51:55Z
2026-08-23T05:46:44Z,2026-08-23T07:46:44+0200,442f0342-0040-4db4-ac3f-85a7f822bcbf,2026-08-22T13:00:00Z,2026-08-22T15:00:00+0200,-15.8,EUR/MWh,DK1,DK_1,imbalance_price,Short,2026-08-23T05:51:55Z
2026-08-23T05:46:44Z,2026-08-23T07:46:44+0200,442f0342-0040-4db4-ac3f-85a7f822bcbf,2026-08-22T13:15:00Z,2026-08-22T15:15:00+0200,-6.69,EUR/MWh,DK1,DK_1,imbalance_price,Long,2026-08-23T05:51:55Z
2026-08-23T05:46:44Z,2026-08-23T07:46:44+0200,442f0342-0040-4db4-ac3f-85a7f822bcbf,2026-08-22T13:15:00Z,2026-08-22T15:15:00+0200,-6.69,EUR/MWh,DK1,DK_1,imbalance_price,Short,2026-08-23T05:51:55Z
2026-08-23T05:46:44Z,2026-08-23T07:46:44+0200,442f0342-0040-4db4-ac3f-85a7f822bcbf,2026-08-22T13:30:00Z,2026-08-22T15:30:00+0200,-6.77,EUR/MWh,DK1,DK_1,imbalance_price,Long,2026-08-23T05:51:55Z
2026-08-23T05:46:44Z,2026-08-23T07:46:44+0200,442f0342-0040-4db4-ac3f-85a7f822bcbf,2026-08-22T13:30:00Z,2026-08-22T15:30:00+0200,-6.77,EUR/MWh,DK1,DK_1,imbalance_price,Short,2026-08-23T05:51:55Z
2026-08-23T05:46:44Z,2026-08-23T07:46:44+0200,442f0342-0040-4db4-ac3f-85a7f822bcbf,2026-08-22T13:45:00Z,2026-08-22T15:45:00+0200,-17.05,EUR/MWh,DK1,DK_1,imbalance_price,Long,2026-08-23T05:51:55Z
2026-08-23T05:46:44Z,2026-08-23T07:46:44+0200,442f0342-0040-4db4-ac3f-85a7f822bcbf,2026-08-22T13:45:00Z,2026-08-22T15:45:00+0200,-17.05,EUR/MWh,DK1,DK_1,imbalance_price,Short,2026-08-23T05:51:55Z
2026-08-23T05:46:44Z,2026-08-23T07:46:44+0200,442f0342-0040-4db4-ac3f-85a7f822bcbf,2026-08-22T14:00:00Z,2026-08-22T16:00:00+0200,-2.84,EUR/MWh,DK1,DK_1,imbalance_price,Long,2026-08-23T05:51:55Z
2026-08-23T05:46:44Z,2026-08-23T07:46:44+0200,442f0342-0040-4db4-ac3f-85a7f822bcbf,2026-08-22T14:00:00Z,2026-08-22T16:00:00+0200,-2.84,EUR/MWh,DK1,DK_1,imbalance_price,Short,2026-08-23T05:51:55Z
2026-08-23T05:46:44Z,2026-08-23T07:46:44+0200,442f0342-0040-4db4-ac3f-85a7f822bcbf,2026-08-22T14:15:00Z,2026-08-22T16:15:00+0200,-24.82,EUR/MWh,DK1,DK_1,imbalance_price,Long,2026-08-23T05:51:55Z
2026-08-23T05:46:44Z,2026-08-23T07:46:44+0200,442f0342-0040-4db4-ac3f-85a7f822bcbf,2026-08-22T14:15:00Z,2026-08-22T16:15:00+0200,-24.82,EUR/MWh,DK1,DK_1,imbalance_price,Short,2026-08-23T05:51:55Z
2026-08-23T05:46:44Z,2026-08-23T07:46:44+0200,442f0342-0040-4db4-ac3f-85a7f822bcbf,2026-08-22T14:30:00Z,2026-08-22T16:30:00+0200,-52.14,EUR/MWh,DK1,DK_1,imbalance_price,Long,2026-08-23T05:51:55Z
2026-08-23T05:46:44Z,2026-08-23T07:46:44+0200,442f0342-0040-4db4-ac3f-85a7f822bcbf,2026-08-22T14:30:00Z,2026-08-22T16:30:00+0200,-52.14,EUR/MWh,DK1,DK_1,imbalance_price,Short,2026-08-23T05:51:55Z
2026-08-23T05:46:44Z,2026-08-23T07:46:44+0200,442f0342-0040-4db4-ac3f-85a7f822bcbf,2026-08-22T14:45:00Z,2026-08-22T16:45:00+0200,-74.86,EUR/MWh,DK1,DK_1,imbalance_price,Long,2026-08-23T05:51:55Z
2026-08-23T05:46:44Z,2026-08-23T07:46:44+0200,442f0342-0040-4db4-ac3f-85a7f822bcbf,2026-08-22T14:45:00Z,2026-08-22T16:45:00+0200,-74.86,EUR/MWh,DK1,DK_1,imbalance_price,Short,2026-08-23T05:51:55Z
2026-08-23T05:46:44Z,2026-08-23T07:46:44+0200,442f0342-0040-4db4-ac3f-85a7f822bcbf,2026-08-22T15:00:00Z,2026-08-22T17:00:00+0200,-20.74,EUR/MWh,DK1,DK_1,imbalance_price,Long,2026-08-23T05:51:55Z
2026-08-23T05:46:44Z,2026-08-23T07:46:44+0200,442f0342-0040-4db4-ac3f-85a7f822bcbf,2026-08-22T15:00:00Z,2026-08-22T17:00:00+0200,-20.74,EUR/MWh,DK1,DK_1,imbalance_price,Short,2026-08-23T05:51:55Z
2026-08-23T05:46:44Z,2026-08-23T07:46:44+0200,442f0342-0040-4db4-ac3f-85a7f822bcbf,2026-08-22T15:15:00Z,2026-08-22T17:15:00+0200,-413.01,EUR/MWh,DK1,DK_1,imbalance_price,Long,2026-08-23T05:51:55Z
2026-08-23T05:46:44Z,2026-08-23T07:46:44+0200,442f0342-0040-4db4-ac3f-85a7f822bcbf,2026-08-22T15:15:00Z,2026-08-22T17:15:00+0200,-413.01,EUR/MWh,DK1,DK_1,imbalance_price,Short,2026-08-23T05:51:55Z
2026-08-23T05:46:44Z,2026-08-23T07:46:44+0200,442f0342-0040-4db4-ac3f-85a7f822bcbf,2026-08-22T15:30:00Z,2026-08-22T17:30:00+0200,-77.78,EUR/MWh,DK1,DK_1,imbalance_price,Long,2026-08-23T05:51:55Z
2026-08-23T05:46:44Z,2026-08-23T07:46:44+0200,442f0342-0040-4db4-ac3f-85a7f822bcbf,2026-08-22T15:30:00Z,2026-08-22T17:30:00+0200,-77.78,EUR/MWh,DK1,DK_1,imbalance_price,Short,2026-08-23T05:51:55Z
2026-08-23T05:46:44Z,2026-08-23T07:46:44+0200,442f0342-0040-4db4-ac3f-85a7f822bcbf,2026-08-22T15:45:00Z,2026-08-22T17:45:00+0200,-131.36,EUR/MWh,DK1,DK_1,imbalance_price,Long,2026-08-23T05:51:55Z
2026-08-23T05:46:44Z,2026-08-23T07:46:44+0200,442f0342-0040-4db4-ac3f-85a7f822bcbf,2026-08-22T15:45:00Z,2026-08-22T17:45:00+0200,-131.36,EUR/MWh,DK1,DK_1,imbalance_price,Short,2026-08-23T05:51:55Z
2026-08-23T05:46:44Z,2026-08-23T07:46:44+0200,442f0342-0040-4db4-ac3f-85a7f822bcbf,2026-08-22T16:00:00Z,2026-08-22T18:00:00+0200,-17.39,EUR/MWh,DK1,DK_1,imbalance_price,Long,2026-08-23T05:51:55Z
2026-08-23T05:46:44Z,2026-08-23T07:46:44+0200,442f0342-0040-4db4-ac3f-85a7f822bcbf,2026-08-22T16:00:00Z,2026-08-22T18:00:00+0200,-17.39,EUR/MWh,DK1,DK_1,imbalance_price,Short,2026-08-23T05:51:55Z
2026-08-23T05:46:44Z,2026-08-23T07:46:44+0200,442f0342-0040-4db4-ac3f-85a7f822bcbf,2026-08-22T16:15:00Z,2026-08-22T18:15:00+0200,5.08,EUR/MWh,DK1,DK_1,imbalance_price,Long,2026-08-23T05:51:55Z
2026-08-23T05:46:44Z,2026-08-23T07:46:44+0200,442f0342-0040-4db4-ac3f-85a7f822bcbf,2026-08-22T16:15:00Z,2026-08-22T18:15:00+0200,5.08,EUR/MWh,DK1,DK_1,imbalance_price,Short,2026-08-23T05:51:55Z
2026-08-23T05:46:44Z,2026-08-23T07:46:44+0200,442f0342-0040-4db4-ac3f-85a7f822bcbf,2026-08-22T16:30:00Z,2026-08-22T18:30:00+0200,8.0,EUR/MWh,DK1,DK_1,imbalance_price,Long,2026-08-23T05:51:55Z
2026-08-23T05:46:44Z,2026-08-23T07:46:44+0200,442f0342-0040-4db4-ac3f-85a7f822bcbf,2026-08-22T16:30:00Z,2026-08-22T18:30:00+0200,8.0,EUR/MWh,DK1,DK_1,imbalance_price,Short,2026-08-23T05:51:55Z
2026-08-23T05:46:44Z,2026-08-23T07:46:44+0200,442f0342-0040-4db4-ac3f-85a7f822bcbf,2026-08-22T16:45:00Z,2026-08-22T18:45:00+0200,134.64,EUR/MWh,DK1,DK_1,imbalance_price,Long,2026-08-23T05:51:55Z
2026-08-23T05:46:44Z,2026-08-23T07:46:44+0200,442f0342-0040-4db4-ac3f-85a7f822bcbf,2026-08-22T16:45:00Z,2026-08-22T18:45:00+0200,134.64,EUR/MWh,DK1,DK_1,imbalance_price,Short,2026-08-23T05:51:55Z
2026-08-23T05:46:44Z,2026-08-23T07:46:44+0200,442f0342-0040-4db4-ac3f-85a7f822bcbf,2026-08-22T17:00:00Z,2026-08-22T19:00:00+0200,132.52,EUR/MWh,DK1,DK_1,imbalance_price,Long,2026-08-23T05:51:55Z
2026-08-23T05:46:44Z,2026-08-23T07:46:44+0200,442f0342-0040-4db4-ac3f-85a7f822bcbf,2026-08-22T17:00:00Z,2026-08-22T19:00:00+0200,132.52,EUR/MWh,DK1,DK_1,imbalance_price,Short,2026-08-23T05:51:55Z
2026-08-23T05:46:44Z,2026-08-23T07:46:44+0200,442f0342-0040-4db4-ac3f-85a7f822bcbf,2026-08-22T17:15:00Z,2026-08-22T19:15:00+0200,307.69,EUR/MWh,DK1,DK_1,imbalance_price,Long,2026-08-23T05:51:55Z
2026-08-23T05:46:44Z,2026-08-23T07:46:44+0200,442f0342-0040-4db4-ac3f-85a7f822bcbf,2026-08-22T17:15:00Z,2026-08-22T19:15:00+0200,307.69,EUR/MWh,DK1,DK_1,imbalance_price,Short,2026-08-23T05:51:55Z
2026-08-23T05:46:44Z,2026-08-23T07:46:44+0200,442f0342-0040-4db4-ac3f-85a7f822bcbf,2026-08-22T17:30:00Z,2026-08-22T19:30:00+0200,216.89,EUR/MWh,DK1,DK_1,imbalance_price,Long,2026-08-23T05:51:55Z
2026-08-23T05:46:44Z,2026-08-23T07:46:44+0200,442f0342-0040-4db4-ac3f-85a7f822bcbf,2026-08-22T17:30:00Z,2026-08-22T19:30:00+0200,216.89,EUR/MWh,DK1,DK_1,imbalance_price,Short,2026-08-23T05:51:55Z
2026-08-23T05:46:44Z,2026-08-23T07:46:44+0200,442f0342-0040-4db4-ac3f-85a7f822bcbf,2026-08-22T17:45:00Z,2026-08-22T19:45:00+0200,12.0,EUR/MWh,DK1,DK_1,imbalance_price,Long,2026-08-23T05:51:55Z
2026-08-23T05:46:44Z,2026-08-23T07:46:44+0200,442f0342-0040-4db4-ac3f-85a7f822bcbf,2026-08-22T17:45:00Z,2026-08-22T19:45:00+0200,12.0,EUR/MWh,DK1,DK_1,imbalance_price,Short,2026-08-23T05:51:55Z
2026-08-23T05:46:44Z,2026-08-23T07:46:44+0200,442f0342-0040-4db4-ac3f-85a7f822bcbf,2026-08-22T18:00:00Z,2026-08-22T20:00:00+0200,19.0,EUR/MWh,DK1,DK_1,imbalance_price,Long,2026-08-23T05:51:55Z
2026-08-23T05:46:44Z,2026-08-23T07:46:44+0200,442f0342-0040-4db4-ac3f-85a7f822bcbf,2026-08-22T18:00:00Z,2026-08-22T20:00:00+0200,19.0,EUR/MWh,DK1,DK_1,imbalance_price,Short,2026-08-23T05:51:55Z
2026-08-23T05:46:44Z,2026-08-23T07:46:44+0200,442f0342-0040-4db4-ac3f-85a7f822bcbf,2026-08-22T18:15:00Z,2026-08-22T20:15:00+0200,138.22,EUR/MWh,DK1,DK_1,imbalance_price,Long,2026-08-23T05:51:55Z
2026-08-23T05:46:44Z,2026-08-23T07:46:44+0200,442f0342-0040-4db4-ac3f-85a7f822bcbf,2026-08-22T18:15:00Z,2026-08-22T20:15:00+0200,138.22,EUR/MWh,DK1,DK_1,imbalance_price,Short,2026-08-23T05:51:55Z
2026-08-23T05:46:44Z,2026-08-23T07:46:44+0200,442f0342-0040-4db4-ac3f-85a7f822bcbf,2026-08-22T18:30:00Z,2026-08-22T20:30:00+0200,165.14,EUR/MWh,DK1,DK_1,imbalance_price,Long,2026-08-23T05:51:55Z
2026-08-23T05:46:44Z,2026-08-23T07:46:44+0200,442f0342-0040-4db4-ac3f-85a7f822bcbf,2026-08-22T18:30:00Z,2026-08-22T20:30:00+0200,165.14,EUR/MWh,DK1,DK_1,imbalance_price,Short,2026-08-23T05:51:55Z
2026-08-23T05:46:44Z,2026-08-23T07:46:44+0200,442f0342-0040-4db4-ac3f-85a7f822bcbf,2026-08-22T18:45:00Z,2026-08-22T20:45:00+0200,157.0,EUR/MWh,DK1,DK_1,imbalance_price,Long,2026-08-23T05:51:55Z
2026-08-23T05:46:44Z,2026-08-23T07:46:44+0200,442f0342-0040-4db4-ac3f-85a7f822bcbf,2026-08-22T18:45:00Z,2026-08-22T20:45:00+0200,157.0,EUR/MWh,DK1,DK_1,imbalance_price,Short,2026-08-23T05:51:55Z
2026-08-23T05:46:44Z,2026-08-23T07:46:44+0200,442f0342-0040-4db4-ac3f-85a7f822bcbf,2026-08-22T19:00:00Z,2026-08-22T21:00:00+0200,135.13,EUR/MWh,DK1,DK_1,imbalance_price,Long,2026-08-23T05:51:55Z
2026-08-23T05:46:44Z,2026-08-23T07:46:44+0200,442f0342-0040-4db4-ac3f-85a7f822bcbf,2026-08-22T19:00:00Z,2026-08-22T21:00:00+0200,135.13,EUR/MWh,DK1,DK_1,imbalance_price,Short,2026-08-23T05:51:55Z
2026-08-23T05:46:44Z,2026-08-23T07:46:44+0200,442f0342-0040-4db4-ac3f-85a7f822bcbf,2026-08-22T19:15:00Z,2026-08-22T21:15:00+0200,29.7,EUR/MWh,DK1,DK_1,imbalance_price,Long,2026-08-23T05:51:55Z
2026-08-23T05:46:44Z,2026-08-23T07:46:44+0200,442f0342-0040-4db4-ac3f-85a7f822bcbf,2026-08-22T19:15:00Z,2026-08-22T21:15:00+0200,29.7,EUR/MWh,DK1,DK_1,imbalance_price,Short,2026-08-23T05:51:55Z
2026-08-23T05:46:44Z,2026-08-23T07:46:44+0200,442f0342-0040-4db4-ac3f-85a7f822bcbf,2026-08-22T19:30:00Z,2026-08-22T21:30:00+0200,153.25,EUR/MWh,DK1,DK_1,imbalance_price,Long,2026-08-23T05:51:55Z
2026-08-23T05:46:44Z,2026-08-23T07:46:44+0200,442f0342-0040-4db4-ac3f-85a7f822bcbf,2026-08-22T19:30:00Z,2026-08-22T21:30:00+0200,153.25,EUR/MWh,DK1,DK_1,imbalance_price,Short,2026-08-23T05:51:55Z
2026-08-23T05:46:44Z,2026-08-23T07:46:44+0200,442f0342-0040-4db4-ac3f-85a7f822bcbf,2026-08-22T19:45:00Z,2026-08-22T21:45:00+0200,140.4,EUR/MWh,DK1,DK_1,imbalance_price,Long,2026-08-23T05:51:55Z
2026-08-23T05:46:44Z,2026-08-23T07:46:44+0200,442f0342-0040-4db4-ac3f-85a7f822bcbf,2026-08-22T19:45:00Z,2026-08-22T21:45:00+0200,140.4,EUR/MWh,DK1,DK_1,imbalance_price,Short,2026-08-23T05:51:55Z
2026-08-23T05:46:44Z,2026-08-23T07:46:44+0200,442f0342-0040-4db4-ac3f-85a7f822bcbf,2026-08-22T20:00:00Z,2026-08-22T22:00:00+0200,167.41,EUR/MWh,DK1,DK_1,imbalance_price,Long,2026-08-23T05:51:55Z
2026-08-23T05:46:44Z,2026-08-23T07:46:44+0200,442f0342-0040-4db4-ac3f-85a7f822bcbf,2026-08-22T20:00:00Z,2026-08-22T22:00:00+0200,167.41,EUR/MWh,DK1,DK_1,imbalance_price,Short,2026-08-23T05:51:55Z
2026-08-23T05:46:44Z,2026-08-23T07:46:44+0200,442f0342-0040-4db4-ac3f-85a7f822bcbf,2026-08-22T20:15:00Z,2026-08-22T22:15:00+0200,159.38,EUR/MWh,DK1,DK_1,imbalance_price,Long,2026-08-23T05:51:55Z
2026-08-23T05:46:44Z,2026-08-23T07:46:44+0200,442f0342-0040-4db4-ac3f-85a7f822bcbf,2026-08-22T20:15:00Z,2026-08-22T22:15:00+0200,159.38,EUR/MWh,DK1,DK_1,imbalance_price,Short,2026-08-23T05:51:55Z
2026-08-23T05:46:44Z,2026-08-23T07:46:44+0200,442f0342-0040-4db4-ac3f-85a7f822bcbf,2026-08-22T20:30:00Z,2026-08-22T22:30:00+0200,161.0,EUR/MWh,DK1,DK_1,imbalance_price,Long,2026-08-23T05:51:55Z
2026-08-23T05:46:44Z,2026-08-23T07:46:44+0200,442f0342-0040-4db4-ac3f-85a7f822bcbf,2026-08-22T20:30:00Z,2026-08-22T22:30:00+0200,161.0,EUR/MWh,DK1,DK_1,imbalance_price,Short,2026-08-23T05:51:55Z
2026-08-23T05:46:44Z,2026-08-23T07:46:44+0200,442f0342-0040-4db4-ac3f-85a7f822bcbf,2026-08-22T20:45:00Z,2026-08-22T22:45:00+0200,123.01,EUR/MWh,DK1,DK_1,imbalance_price,Long,2026-08-23T05:51:55Z
2026-08-23T05:46:44Z,2026-08-23T07:46:44+0200,442f0342-0040-4db4-ac3f-85a7f822bcbf,2026-08-22T20:45:00Z,2026-08-22T22:45:00+0200,123.01,EUR/MWh,DK1,DK_1,imbalance_price,Short,2026-08-23T05:51:55Z
2026-08-23T05:46:44Z,2026-08-23T07:46:44+0200,442f0342-0040-4db4-ac3f-85a7f822bcbf,2026-08-22T21:00:00Z,2026-08-22T23:00:00+0200,128.0,EUR/MWh,DK1,DK_1,imbalance_price,Long,2026-08-23T05:51:55Z
2026-08-23T05:46:44Z,2026-08-23T07:46:44+0200,442f0342-0040-4db4-ac3f-85a7f822bcbf,2026-08-22T21:00:00Z,2026-08-22T23:00:00+0200,128.0,EUR/MWh,DK1,DK_1,imbalance_price,Short,2026-08-23T05:51:55Z
2026-08-23T05:46:44Z,2026-08-23T07:46:44+0200,442f0342-0040-4db4-ac3f-85a7f822bcbf,2026-08-22T21:15:00Z,2026-08-22T23:15:00+0200,123.97,EUR/MWh,DK1,DK_1,imbalance_price,Long,2026-08-23T05:51:55Z
2026-08-23T05:46:44Z,2026-08-23T07:46:44+0200,442f0342-0040-4db4-ac3f-85a7f822bcbf,2026-08-22T21:15:00Z,2026-08-22T23:15:00+0200,123.97,EUR/MWh,DK1,DK_1,imbalance_price,Short,2026-08-23T05:51:55Z
2026-08-23T05:46:44Z,2026-08-23T07:46:44+0200,442f0342-0040-4db4-ac3f-85a7f822bcbf,2026-08-22T21:30:00Z,2026-08-22T23:30:00+0200,122.83,EUR/MWh,DK1,DK_1,imbalance_price,Long,2026-08-23T05:51:55Z
2026-08-23T05:46:44Z,2026-08-23T07:46:44+0200,442f0342-0040-4db4-ac3f-85a7f822bcbf,2026-08-22T21:30:00Z,2026-08-22T23:30:00+0200,122.83,EUR/MWh,DK1,DK_1,imbalance_price,Short,2026-08-23T05:51:55Z
2026-08-23T05:46:44Z,2026-08-23T07:46:44+0200,442f0342-0040-4db4-ac3f-85a7f822bcbf,2026-08-22T21:45:00Z,2026-08-22T23:45:00+0200,121.31,EUR/MWh,DK1,DK_1,imbalance_price,Long,2026-08-23T05:51:55Z
2026-08-23T05:46:44Z,2026-08-23T07:46:44+0200,442f0342-0040-4db4-ac3f-85a7f822bcbf,2026-08-22T21:45:00Z,2026-08-22T23:45:00+0200,121.31,EUR/MWh,DK1,DK_1,imbalance_price,Short,2026-08-23T05:51:55Z
2026-08-23T05:46:44Z,2026-08-23T07:46:44+0200,442f0342-0040-4db4-ac3f-85a7f822bcbf,2026-08-22T22:00:00Z,2026-08-23T00:00:00+0200,143.71,EUR/MWh,DK1,DK_1,imbalance_price,Long,2026-08-23T05:51:55Z
2026-08-23T05:46:44Z,2026-08-23T07:46:44+0200,442f0342-0040-4db4-ac3f-85a7f822bcbf,2026-08-22T22:00:00Z,2026-08-23T00:00:00+0200,143.71,EUR/MWh,DK1,DK_1,imbalance_price,Short,2026-08-23T05:51:55Z
2026-08-23T05:46:44Z,2026-08-23T07:46:44+0200,442f0342-0040-4db4-ac3f-85a7f822bcbf,2026-08-22T22:15:00Z,2026-08-23T00:15:00+0200,138.5,EUR/MWh,DK1,DK_1,imbalance_price,Long,2026-08-23T05:51:55Z
2026-08-23T05:46:44Z,2026-08-23T07:46:44+0200,442f0342-0040-4db4-ac3f-85a7f822bcbf,2026-08-22T22:15:00Z,2026-08-23T00:15:00+0200,138.5,EUR/MWh,DK1,DK_1,imbalance_price,Short,2026-08-23T05:51:55Z
2026-08-23T05:46:44Z,2026-08-23T07:46:44+0200,442f0342-0040-4db4-ac3f-85a7f822bcbf,2026-08-22T22:30:00Z,2026-08-23T00:30:00+0200,13.38,EUR/MWh,DK1,DK_1,imbalance_price,Long,2026-08-23T05:51:55Z
2026-08-23T05:46:44Z,2026-08-23T07:46:44+0200,442f0342-0040-4db4-ac3f-85a7f822bcbf,2026-08-22T22:30:00Z,2026-08-23T00:30:00+0200,13.38,EUR/MWh,DK1,DK_1,imbalance_price,Short,2026-08-23T05:51:55Z
2026-08-23T05:46:44Z,2026-08-23T07:46:44+0200,442f0342-0040-4db4-ac3f-85a7f822bcbf,2026-08-22T22:45:00Z,2026-08-23T00:45:00+0200,125.36,EUR/MWh,DK1,DK_1,imbalance_price,Long,2026-08-23T05:51:55Z
2026-08-23T05:46:44Z,2026-08-23T07:46:44+0200,442f0342-0040-4db4-ac3f-85a7f822bcbf,2026-08-22T22:45:00Z,2026-08-23T00:45:00+0200,125.36,EUR/MWh,DK1,DK_1,imbalance_price,Short,2026-08-23T05:51:55Z
2026-08-23T05:46:44Z,2026-08-23T07:46:44+0200,442f0342-0040-4db4-ac3f-85a7f822bcbf,2026-08-22T23:00:00Z,2026-08-23T01:00:00+0200,6.69,EUR/MWh,DK1,DK_1,imbalance_price,Long,2026-08-23T05:51:55Z
2026-08-23T05:46:44Z,2026-08-23T07:46:44+0200,442f0342-0040-4db4-ac3f-85a7f822bcbf,2026-08-22T23:00:00Z,2026-08-23T01:00:00+0200,6.69,EUR/MWh,DK1,DK_1,imbalance_price,Short,2026-08-23T05:51:55Z
2026-08-23T05:46:44Z,2026-08-23T07:46:44+0200,442f0342-0040-4db4-ac3f-85a7f822bcbf,2026-08-22T23:15:00Z,2026-08-23T01:15:00+0200,5.35,EUR/MWh,DK1,DK_1,imbalance_price,Long,2026-08-23T05:51:55Z
2026-08-23T05:46:44Z,2026-08-23T07:46:44+0200,442f0342-0040-4db4-ac3f-85a7f822bcbf,2026-08-22T23:15:00Z,2026-08-23T01:15:00+0200,5.35,EUR/MWh,DK1,DK_1,imbalance_price,Short,2026-08-23T05:51:55Z
2026-08-23T05:46:44Z,2026-08-23T07:46:44+0200,442f0342-0040-4db4-ac3f-85a7f822bcbf,2026-08-22T23:30:00Z,2026-08-23T01:30:00+0200,123.74,EUR/MWh,DK1,DK_1,imbalance_price,Long,2026-08-23T05:51:55Z
2026-08-23T05:46:44Z,2026-08-23T07:46:44+0200,442f0342-0040-4db4-ac3f-85a7f822bcbf,2026-08-22T23:30:00Z,2026-08-23T01:30:00+0200,123.74,EUR/MWh,DK1,DK_1,imbalance_price,Short,2026-08-23T05:51:55Z
2026-08-23T05:46:44Z,2026-08-23T07:46:44+0200,442f0342-0040-4db4-ac3f-85a7f822bcbf,2026-08-22T23:45:00Z,2026-08-23T01:45:00+0200,149.0,EUR/MWh,DK1,DK_1,imbalance_price,Long,2026-08-23T05:51:55Z
2026-08-23T05:46:44Z,2026-08-23T07:46:44+0200,442f0342-0040-4db4-ac3f-85a7f822bcbf,2026-08-22T23:45:00Z,2026-08-23T01:45:00+0200,149.0,EUR/MWh,DK1,DK_1,imbalance_price,Short,2026-08-23T05:51:55Z
2026-08-23T05:46:44Z,2026-08-23T07:46:44+0200,442f0342-0040-4db4-ac3f-85a7f822bcbf,2026-08-23T00:00:00Z,2026-08-23T02:00:00+0200,123.38,EUR/MWh,DK1,DK_1,imbalance_price,Long,2026-08-23T05:51:55Z
2026-08-23T05:46:44Z,2026-08-23T07:46:44+0200,442f0342-0040-4db4-ac3f-85a7f822bcbf,2026-08-23T00:00:00Z,2026-08-23T02:00:00+0200,123.38,EUR/MWh,DK1,DK_1,imbalance_price,Short,2026-08-23T05:51:55Z
2026-08-23T05:46:44Z,2026-08-23T07:46:44+0200,442f0342-0040-4db4-ac3f-85a7f822bcbf,2026-08-23T00:15:00Z,2026-08-23T02:15:00+0200,118.59,EUR/MWh,DK1,DK_1,imbalance_price,Long,2026-08-23T05:51:55Z
2026-08-23T05:46:44Z,2026-08-23T07:46:44+0200,442f0342-0040-4db4-ac3f-85a7f822bcbf,2026-08-23T00:15:00Z,2026-08-23T02:15:00+0200,118.59,EUR/MWh,DK1,DK_1,imbalance_price,Short,2026-08-23T05:51:55Z
2026-08-23T05:46:44Z,2026-08-23T07:46:44+0200,442f0342-0040-4db4-ac3f-85a7f822bcbf,2026-08-23T00:30:00Z,2026-08-23T02:30:00+0200,124.88,EUR/MWh,DK1,DK_1,imbalance_price,Long,2026-08-23T05:51:55Z
2026-08-23T05:46:44Z,2026-08-23T07:46:44+0200,442f0342-0040-4db4-ac3f-85a7f822bcbf,2026-08-23T00:30:00Z,2026-08-23T02:30:00+0200,124.88,EUR/MWh,DK1,DK_1,imbalance_price,Short,2026-08-23T05:51:55Z
2026-08-23T05:46:44Z,2026-08-23T07:46:44+0200,442f0342-0040-4db4-ac3f-85a7f822bcbf,2026-08-23T00:45:00Z,2026-08-23T02:45:00+0200,6.69,EUR/MWh,DK1,DK_1,imbalance_price,Long,2026-08-23T05:51:55Z
2026-08-23T05:46:44Z,2026-08-23T07:46:44+0200,442f0342-0040-4db4-ac3f-85a7f822bcbf,2026-08-23T00:45:00Z,2026-08-23T02:45:00+0200,6.69,EUR/MWh,DK1,DK_1,imbalance_price,Short,2026-08-23T05:51:55Z
2026-08-23T05:46:44Z,2026-08-23T07:46:44+0200,442f0342-0040-4db4-ac3f-85a7f822bcbf,2026-08-23T01:00:00Z,2026-08-23T03:00:00+0200,116.76,EUR/MWh,DK1,DK_1,imbalance_price,Long,2026-08-23T05:51:55Z
2026-08-23T05:46:44Z,2026-08-23T07:46:44+0200,442f0342-0040-4db4-ac3f-85a7f822bcbf,2026-08-23T01:00:00Z,2026-08-23T03:00:00+0200,116.76,EUR/MWh,DK1,DK_1,imbalance_price,Short,2026-08-23T05:51:55Z
2026-08-23T05:46:44Z,2026-08-23T07:46:44+0200,442f0342-0040-4db4-ac3f-85a7f822bcbf,2026-08-23T01:15:00Z,2026-08-23T03:15:00+0200,16.72,EUR/MWh,DK1,DK_1,imbalance_price,Long,2026-08-23T05:51:55Z
2026-08-23T05:46:44Z,2026-08-23T07:46:44+0200,442f0342-0040-4db4-ac3f-85a7f822bcbf,2026-08-23T01:15:00Z,2026-08-23T03:15:00+0200,16.72,EUR/MWh,DK1,DK_1,imbalance_price,Short,2026-08-23T05:51:55Z
2026-08-23T05:46:44Z,2026-08-23T07:46:44+0200,442f0342-0040-4db4-ac3f-85a7f822bcbf,2026-08-23T01:30:00Z,2026-08-23T03:30:00+0200,114.9,EUR/MWh,DK1,DK_1,imbalance_price,Long,2026-08-23T05:51:55Z
2026-08-23T05:46:44Z,2026-08-23T07:46:44+0200,442f0342-0040-4db4-ac3f-85a7f822bcbf,2026-08-23T01:30:00Z,2026-08-23T03:30:00+0200,114.9,EUR/MWh,DK1,DK_1,imbalance_price,Short,2026-08-23T05:51:55Z
2026-08-23T05:46:44Z,2026-08-23T07:46:44+0200,442f0342-0040-4db4-ac3f-85a7f822bcbf,2026-08-23T01:45:00Z,2026-08-23T03:45:00+0200,114.06,EUR/MWh,DK1,DK_1,imbalance_price,Long,2026-08-23T05:51:55Z
2026-08-23T05:46:44Z,2026-08-23T07:46:44+0200,442f0342-0040-4db4-ac3f-85a7f822bcbf,2026-08-23T01:45:00Z,2026-08-23T03:45:00+0200,114.06,EUR/MWh,DK1,DK_1,imbalance_price,Short,2026-08-23T05:51:55Z
2026-08-23T05:46:44Z,2026-08-23T07:46:44+0200,442f0342-0040-4db4-ac3f-85a7f822bcbf,2026-08-23T02:00:00Z,2026-08-23T04:00:00+0200,151.82,EUR/MWh,DK1,DK_1,imbalance_price,Long,2026-08-23T05:51:55Z
2026-08-23T05:46:44Z,2026-08-23T07:46:44+0200,442f0342-0040-4db4-ac3f-85a7f822bcbf,2026-08-23T02:00:00Z,2026-08-23T04:00:00+0200,151.82,EUR/MWh,DK1,DK_1,imbalance_price,Short,2026-08-23T05:51:55Z
2026-08-23T05:46:44Z,2026-08-23T07:46:44+0200,442f0342-0040-4db4-ac3f-85a7f822bcbf,2026-08-23T02:15:00Z,2026-08-23T04:15:00+0200,190.41,EUR/MWh,DK1,DK_1,imbalance_price,Long,2026-08-23T05:51:55Z
2026-08-23T05:46:44Z,2026-08-23T07:46:44+0200,442f0342-0040-4db4-ac3f-85a7f822bcbf,2026-08-23T02:15:00Z,2026-08-23T04:15:00+0200,190.41,EUR/MWh,DK1,DK_1,imbalance_price,Short,2026-08-23T05:51:55Z
2026-08-23T05:46:44Z,2026-08-23T07:46:44+0200,442f0342-0040-4db4-ac3f-85a7f822bcbf,2026-08-23T02:30:00Z,2026-08-23T04:30:00+0200,177.64,EUR/MWh,DK1,DK_1,imbalance_price,Long,2026-08-23T05:51:55Z
2026-08-23T05:46:44Z,2026-08-23T07:46:44+0200,442f0342-0040-4db4-ac3f-85a7f822bcbf,2026-08-23T02:30:00Z,2026-08-23T04:30:00+0200,177.64,EUR/MWh,DK1,DK_1,imbalance_price,Short,2026-08-23T05:51:55Z
2026-08-23T05:46:44Z,2026-08-23T07:46:44+0200,442f0342-0040-4db4-ac3f-85a7f822bcbf,2026-08-23T02:45:00Z,2026-08-23T04:45:00+0200,164.29,EUR/MWh,DK1,DK_1,imbalance_price,Long,2026-08-23T05:51:55Z
2026-08-23T05:46:44Z,2026-08-23T07:46:44+0200,442f0342-0040-4db4-ac3f-85a7f822bcbf,2026-08-23T02:45:00Z,2026-08-23T04:45:00+0200,164.29,EUR/MWh,DK1,DK_1,imbalance_price,Short,2026-08-23T05:51:55Z
2026-08-23T05:46:44Z,2026-08-23T07:46:44+0200,442f0342-0040-4db4-ac3f-85a7f822bcbf,2026-08-23T03:00:00Z,2026-08-23T05:00:00+0200,115.91,EUR/MWh,DK1,DK_1,imbalance_price,Long,2026-08-23T05:51:55Z
2026-08-23T05:46:44Z,2026-08-23T07:46:44+0200,442f0342-0040-4db4-ac3f-85a7f822bcbf,2026-08-23T03:00:00Z,2026-08-23T05:00:00+0200,115.91,EUR/MWh,DK1,DK_1,imbalance_price,Short,2026-08-23T05:51:55Z
2026-08-23T05:46:44Z,2026-08-23T07:46:44+0200,442f0342-0040-4db4-ac3f-85a7f822bcbf,2026-08-23T03:15:00Z,2026-08-23T05:15:00+0200,140.64,EUR/MWh,DK1,DK_1,imbalance_price,Long,2026-08-23T05:51:55Z
2026-08-23T05:46:44Z,2026-08-23T07:46:44+0200,442f0342-0040-4db4-ac3f-85a7f822bcbf,2026-08-23T03:15:00Z,2026-08-23T05:15:00+0200,140.64,EUR/MWh,DK1,DK_1,imbalance_price,Short,2026-08-23T05:51:55Z
2026-08-23T05:46:44Z,2026-08-23T07:46:44+0200,442f0342-0040-4db4-ac3f-85a7f822bcbf,2026-08-23T03:30:00Z,2026-08-23T05:30:00+0200,213.13,EUR/MWh,DK1,DK_1,imbalance_price,Long,2026-08-23T05:51:55Z
2026-08-23T05:46:44Z,2026-08-23T07:46:44+0200,442f0342-0040-4db4-ac3f-85a7f822bcbf,2026-08-23T03:30:00Z,2026-08-23T05:30:00+0200,213.13,EUR/MWh,DK1,DK_1,imbalance_price,Short,2026-08-23T05:51:55Z
2026-08-23T05:46:44Z,2026-08-23T07:46:44+0200,442f0342-0040-4db4-ac3f-85a7f822bcbf,2026-08-23T03:45:00Z,2026-08-23T05:45:00+0200,116.8,EUR/MWh,DK1,DK_1,imbalance_price,Long,2026-08-23T05:51:55Z
2026-08-23T05:46:44Z,2026-08-23T07:46:44+0200,442f0342-0040-4db4-ac3f-85a7f822bcbf,2026-08-23T03:45:00Z,2026-08-23T05:45:00+0200,116.8,EUR/MWh,DK1,DK_1,imbalance_price,Short,2026-08-23T05:51:55Z
2026-08-23T05:46:44Z,2026-08-23T07:46:44+0200,442f0342-0040-4db4-ac3f-85a7f822bcbf,2026-08-23T04:00:00Z,2026-08-23T06:00:00+0200,201.51,EUR/MWh,DK1,DK_1,imbalance_price,Long,2026-08-23T05:51:55Z
2026-08-23T05:46:44Z,2026-08-23T07:46:44+0200,442f0342-0040-4db4-ac3f-85a7f822bcbf,2026-08-23T04:00:00Z,2026-08-23T06:00:00+0200,201.51,EUR/MWh,DK1,DK_1,imbalance_price,Short,2026-08-23T05:51:55Z
2026-08-23T05:46:44Z,2026-08-23T07:46:44+0200,442f0342-0040-4db4-ac3f-85a7f822bcbf,2026-08-23T04:15:00Z,2026-08-23T06:15:00+0200,130.6,EUR/MWh,DK1,DK_1,imbalance_price,Long,2026-08-23T05:51:55Z
2026-08-23T05:46:44Z,2026-08-23T07:46:44+0200,442f0342-0040-4db4-ac3f-85a7f822bcbf,2026-08-23T04:15:00Z,2026-08-23T06:15:00+0200,130.6,EUR/MWh,DK1,DK_1,imbalance_price,Short,2026-08-23T05:51:55Z
2026-08-23T05:46:44Z,2026-08-23T07:46:44+0200,442f0342-0040-4db4-ac3f-85a7f822bcbf,2026-08-23T04:30:00Z,2026-08-23T06:30:00+0200,116.18,EUR/MWh,DK1,DK_1,imbalance_price,Long,2026-08-23T05:51:55Z
2026-08-23T05:46:44Z,2026-08-23T07:46:44+0200,442f0342-0040-4db4-ac3f-85a7f822bcbf,2026-08-23T04:30:00Z,2026-08-23T06:30:00+0200,116.18,EUR/MWh,DK1,DK_1,imbalance_price,Short,2026-08-23T05:51:55Z
2026-08-23T05:46:44Z,2026-08-23T07:46:44+0200,442f0342-0040-4db4-ac3f-85a7f822bcbf,2026-08-23T04:45:00Z,2026-08-23T06:45:00+0200,113.22,EUR/MWh,DK1,DK_1,imbalance_price,Long,2026-08-23T05:51:55Z
2026-08-23T05:46:44Z,2026-08-23T07:46:44+0200,442f0342-0040-4db4-ac3f-85a7f822bcbf,2026-08-23T04:45:00Z,2026-08-23T06:45:00+0200,113.22,EUR/MWh,DK1,DK_1,imbalance_price,Short,2026-08-23T05:51:55Z
2026-08-23T05:46:44Z,2026-08-23T07:46:44+0200,442f0342-0040-4db4-ac3f-85a7f822bcbf,2026-08-23T05:00:00Z,2026-08-23T07:00:00+0200,31.23,EUR/MWh,DK1,DK_1,imbalance_price,Long,2026-08-23T05:51:55Z
2026-08-23T05:46:44Z,2026-08-23T07:46:44+0200,442f0342-0040-4db4-ac3f-85a7f822bcbf,2026-08-23T05:00:00Z,2026-08-23T07:00:00+0200,31.23,EUR/MWh,DK1,DK_1,imbalance_price,Short,2026-08-23T05:51:55Z
