collection_time_utc,collection_time_local,run_id,timestamp_utc,timestamp_local,value,unit,country,entsoe_area,variable,source,updated_at_utc
2026-09-04T04:35:40Z,2026-09-04T06:35:40+0200,9ca1d4c9-4cb5-4824-a3b1-9cadc29a987a,2026-08-28T05:00:00Z,2026-08-28T07:00:00+0200,784.166666,MW,DK2,DK_2,forecast_offshore_wind_generation,Wind Offshore,2026-09-04T04:36:55Z
2026-09-04T04:35:40Z,2026-09-04T06:35:40+0200,9ca1d4c9-4cb5-4824-a3b1-9cadc29a987a,2026-08-28T05:15:00Z,2026-08-28T07:15:00+0200,785.5,MW,DK2,DK_2,forecast_offshore_wind_generation,Wind Offshore,2026-09-04T04:36:55Z
2026-09-04T04:35:40Z,2026-09-04T06:35:40+0200,9ca1d4c9-4cb5-4824-a3b1-9cadc29a987a,2026-08-28T05:30:00Z,2026-08-28T07:30:00+0200,786.833333,MW,DK2,DK_2,forecast_offshore_wind_generation,Wind Offshore,2026-09-04T04:36:55Z
2026-09-04T04:35:40Z,2026-09-04T06:35:40+0200,9ca1d4c9-4cb5-4824-a3b1-9cadc29a987a,2026-08-28T05:45:00Z,2026-08-28T07:45:00+0200,788.0,MW,DK2,DK_2,forecast_offshore_wind_generation,Wind Offshore,2026-09-04T04:36:55Z
2026-09-04T04:35:40Z,2026-09-04T06:35:40+0200,9ca1d4c9-4cb5-4824-a3b1-9cadc29a987a,2026-08-28T06:00:00Z,2026-08-28T08:00:00+0200,789.666666,MW,DK2,DK_2,forecast_offshore_wind_generation,Wind Offshore,2026-09-04T04:36:55Z
2026-09-04T04:35:40Z,2026-09-04T06:35:40+0200,9ca1d4c9-4cb5-4824-a3b1-9cadc29a987a,2026-08-28T06:15:00Z,2026-08-28T08:15:00+0200,793.0,MW,DK2,DK_2,forecast_offshore_wind_generation,Wind Offshore,2026-09-04T04:36:55Z
2026-09-04T04:35:40Z,2026-09-04T06:35:40+0200,9ca1d4c9-4cb5-4824-a3b1-9cadc29a987a,2026-08-28T06:30:00Z,2026-08-28T08:30:00+0200,796.5,MW,DK2,DK_2,forecast_offshore_wind_generation,Wind Offshore,2026-09-04T04:36:55Z
2026-09-04T04:35:40Z,2026-09-04T06:35:40+0200,9ca1d4c9-4cb5-4824-a3b1-9cadc29a987a,2026-08-28T06:45:00Z,2026-08-28T08:45:00+0200,798.0,MW,DK2,DK_2,forecast_offshore_wind_generation,Wind Offshore,2026-09-04T04:36:55Z
2026-09-04T04:35:40Z,2026-09-04T06:35:40+0200,9ca1d4c9-4cb5-4824-a3b1-9cadc29a987a,2026-08-28T07:00:00Z,2026-08-28T09:00:00+0200,797.333333,MW,DK2,DK_2,forecast_offshore_wind_generation,Wind Offshore,2026-09-04T04:36:55Z
2026-09-04T04:35:40Z,2026-09-04T06:35:40+0200,9ca1d4c9-4cb5-4824-a3b1-9cadc29a987a,2026-08-28T07:15:00Z,2026-08-28T09:15:00+0200,794.5,MW,DK2,DK_2,forecast_offshore_wind_generation,Wind Offshore,2026-09-04T04:36:55Z
2026-09-04T04:35:40Z,2026-09-04T06:35:40+0200,9ca1d4c9-4cb5-4824-a3b1-9cadc29a987a,2026-08-28T07:30:00Z,2026-08-28T09:30:00+0200,791.5,MW,DK2,DK_2,forecast_offshore_wind_generation,Wind Offshore,2026-09-04T04:36:55Z
2026-09-04T04:35:40Z,2026-09-04T06:35:40+0200,9ca1d4c9-4cb5-4824-a3b1-9cadc29a987a,2026-08-28T07:45:00Z,2026-08-28T09:45:00+0200,788.5,MW,DK2,DK_2,forecast_offshore_wind_generation,Wind Offshore,2026-09-04T04:36:55Z
2026-09-04T04:35:40Z,2026-09-04T06:35:40+0200,9ca1d4c9-4cb5-4824-a3b1-9cadc29a987a,2026-08-28T08:00:00Z,2026-08-28T10:00:00+0200,785.333333,MW,DK2,DK_2,forecast_offshore_wind_generation,Wind Offshore,2026-09-04T04:36:55Z
2026-09-04T04:35:40Z,2026-09-04T06:35:40+0200,9ca1d4c9-4cb5-4824-a3b1-9cadc29a987a,2026-08-28T08:15:00Z,2026-08-28T10:15:00+0200,780.833333,MW,DK2,DK_2,forecast_offshore_wind_generation,Wind Offshore,2026-09-04T04:36:55Z
2026-09-04T04:35:40Z,2026-09-04T06:35:40+0200,9ca1d4c9-4cb5-4824-a3b1-9cadc29a987a,2026-08-28T08:30:00Z,2026-08-28T10:30:00+0200,775.0,MW,DK2,DK_2,forecast_offshore_wind_generation,Wind Offshore,2026-09-04T04:36:55Z
2026-09-04T04:35:40Z,2026-09-04T06:35:40+0200,9ca1d4c9-4cb5-4824-a3b1-9cadc29a987a,2026-08-28T08:45:00Z,2026-08-28T10:45:00+0200,769.5,MW,DK2,DK_2,forecast_offshore_wind_generation,Wind Offshore,2026-09-04T04:36:55Z
2026-09-04T04:35:40Z,2026-09-04T06:35:40+0200,9ca1d4c9-4cb5-4824-a3b1-9cadc29a987a,2026-08-28T09:00:00Z,2026-08-28T11:00:00+0200,765.0,MW,DK2,DK_2,forecast_offshore_wind_generation,Wind Offshore,2026-09-04T04:36:55Z
2026-09-04T04:35:40Z,2026-09-04T06:35:40+0200,9ca1d4c9-4cb5-4824-a3b1-9cadc29a987a,2026-08-28T09:15:00Z,2026-08-28T11:15:00+0200,759.0,MW,DK2,DK_2,forecast_offshore_wind_generation,Wind Offshore,2026-09-04T04:36:55Z
2026-09-04T04:35:40Z,2026-09-04T06:35:40+0200,9ca1d4c9-4cb5-4824-a3b1-9cadc29a987a,2026-08-28T09:30:00Z,2026-08-28T11:30:00+0200,750.333333,MW,DK2,DK_2,forecast_offshore_wind_generation,Wind Offshore,2026-09-04T04:36:55Z
2026-09-04T04:35:40Z,2026-09-04T06:35:40+0200,9ca1d4c9-4cb5-4824-a3b1-9cadc29a987a,2026-08-28T09:45:00Z,2026-08-28T11:45:00+0200,740.333333,MW,DK2,DK_2,forecast_offshore_wind_generation,Wind Offshore,2026-09-04T04:36:55Z
2026-09-04T04:35:40Z,2026-09-04T06:35:40+0200,9ca1d4c9-4cb5-4824-a3b1-9cadc29a987a,2026-08-28T10:00:00Z,2026-08-28T12:00:00+0200,728.166666,MW,DK2,DK_2,forecast_offshore_wind_generation,Wind Offshore,2026-09-04T04:36:55Z
2026-09-04T04:35:40Z,2026-09-04T06:35:40+0200,9ca1d4c9-4cb5-4824-a3b1-9cadc29a987a,2026-08-28T10:15:00Z,2026-08-28T12:15:00+0200,710.333333,MW,DK2,DK_2,forecast_offshore_wind_generation,Wind Offshore,2026-09-04T04:36:55Z
2026-09-04T04:35:40Z,2026-09-04T06:35:40+0200,9ca1d4c9-4cb5-4824-a3b1-9cadc29a987a,2026-08-28T10:30:00Z,2026-08-28T12:30:00+0200,687.166666,MW,DK2,DK_2,forecast_offshore_wind_generation,Wind Offshore,2026-09-04T04:36:55Z
2026-09-04T04:35:40Z,2026-09-04T06:35:40+0200,9ca1d4c9-4cb5-4824-a3b1-9cadc29a987a,2026-08-28T10:45:00Z,2026-08-28T12:45:00+0200,664.166666,MW,DK2,DK_2,forecast_offshore_wind_generation,Wind Offshore,2026-09-04T04:36:55Z
2026-09-04T04:35:40Z,2026-09-04T06:35:40+0200,9ca1d4c9-4cb5-4824-a3b1-9cadc29a987a,2026-08-28T11:00:00Z,2026-08-28T13:00:00+0200,645.5,MW,DK2,DK_2,forecast_offshore_wind_generation,Wind Offshore,2026-09-04T04:36:55Z
2026-09-04T04:35:40Z,2026-09-04T06:35:40+0200,9ca1d4c9-4cb5-4824-a3b1-9cadc29a987a,2026-08-28T11:15:00Z,2026-08-28T13:15:00+0200,628.0,MW,DK2,DK_2,forecast_offshore_wind_generation,Wind Offshore,2026-09-04T04:36:55Z
2026-09-04T04:35:40Z,2026-09-04T06:35:40+0200,9ca1d4c9-4cb5-4824-a3b1-9cadc29a987a,2026-08-28T11:30:00Z,2026-08-28T13:30:00+0200,610.166666,MW,DK2,DK_2,forecast_offshore_wind_generation,Wind Offshore,2026-09-04T04:36:55Z
2026-09-04T04:35:40Z,2026-09-04T06:35:40+0200,9ca1d4c9-4cb5-4824-a3b1-9cadc29a987a,2026-08-28T11:45:00Z,2026-08-28T13:45:00+0200,595.333333,MW,DK2,DK_2,forecast_offshore_wind_generation,Wind Offshore,2026-09-04T04:36:55Z
2026-09-04T04:35:40Z,2026-09-04T06:35:40+0200,9ca1d4c9-4cb5-4824-a3b1-9cadc29a987a,2026-08-28T12:00:00Z,2026-08-28T14:00:00+0200,584.833333,MW,DK2,DK_2,forecast_offshore_wind_generation,Wind Offshore,2026-09-04T04:36:55Z
2026-09-04T04:35:40Z,2026-09-04T06:35:40+0200,9ca1d4c9-4cb5-4824-a3b1-9cadc29a987a,2026-08-28T12:15:00Z,2026-08-28T14:15:00+0200,573.0,MW,DK2,DK_2,forecast_offshore_wind_generation,Wind Offshore,2026-09-04T04:36:55Z
2026-09-04T04:35:40Z,2026-09-04T06:35:40+0200,9ca1d4c9-4cb5-4824-a3b1-9cadc29a987a,2026-08-28T12:30:00Z,2026-08-28T14:30:00+0200,562.666666,MW,DK2,DK_2,forecast_offshore_wind_generation,Wind Offshore,2026-09-04T04:36:55Z
2026-09-04T04:35:40Z,2026-09-04T06:35:40+0200,9ca1d4c9-4cb5-4824-a3b1-9cadc29a987a,2026-08-28T12:45:00Z,2026-08-28T14:45:00+0200,555.166666,MW,DK2,DK_2,forecast_offshore_wind_generation,Wind Offshore,2026-09-04T04:36:55Z
2026-09-04T04:35:40Z,2026-09-04T06:35:40+0200,9ca1d4c9-4cb5-4824-a3b1-9cadc29a987a,2026-08-28T13:00:00Z,2026-08-28T15:00:00+0200,550.0,MW,DK2,DK_2,forecast_offshore_wind_generation,Wind Offshore,2026-09-04T04:36:55Z
2026-09-04T04:35:40Z,2026-09-04T06:35:40+0200,9ca1d4c9-4cb5-4824-a3b1-9cadc29a987a,2026-08-28T13:15:00Z,2026-08-28T15:15:00+0200,547.666666,MW,DK2,DK_2,forecast_offshore_wind_generation,Wind Offshore,2026-09-04T04:36:55Z
2026-09-04T04:35:40Z,2026-09-04T06:35:40+0200,9ca1d4c9-4cb5-4824-a3b1-9cadc29a987a,2026-08-28T13:30:00Z,2026-08-28T15:30:00+0200,548.5,MW,DK2,DK_2,forecast_offshore_wind_generation,Wind Offshore,2026-09-04T04:36:55Z
2026-09-04T04:35:40Z,2026-09-04T06:35:40+0200,9ca1d4c9-4cb5-4824-a3b1-9cadc29a987a,2026-08-28T13:45:00Z,2026-08-28T15:45:00+0200,548.166666,MW,DK2,DK_2,forecast_offshore_wind_generation,Wind Offshore,2026-09-04T04:36:55Z
2026-09-04T04:35:40Z,2026-09-04T06:35:40+0200,9ca1d4c9-4cb5-4824-a3b1-9cadc29a987a,2026-08-28T14:00:00Z,2026-08-28T16:00:00+0200,543.833333,MW,DK2,DK_2,forecast_offshore_wind_generation,Wind Offshore,2026-09-04T04:36:55Z
2026-09-04T04:35:40Z,2026-09-04T06:35:40+0200,9ca1d4c9-4cb5-4824-a3b1-9cadc29a987a,2026-08-28T14:15:00Z,2026-08-28T16:15:00+0200,534.666666,MW,DK2,DK_2,forecast_offshore_wind_generation,Wind Offshore,2026-09-04T04:36:55Z
2026-09-04T04:35:40Z,2026-09-04T06:35:40+0200,9ca1d4c9-4cb5-4824-a3b1-9cadc29a987a,2026-08-28T14:30:00Z,2026-08-28T16:30:00+0200,520.833333,MW,DK2,DK_2,forecast_offshore_wind_generation,Wind Offshore,2026-09-04T04:36:55Z
2026-09-04T04:35:40Z,2026-09-04T06:35:40+0200,9ca1d4c9-4cb5-4824-a3b1-9cadc29a987a,2026-08-28T14:45:00Z,2026-08-28T16:45:00+0200,503.5,MW,DK2,DK_2,forecast_offshore_wind_generation,Wind Offshore,2026-09-04T04:36:55Z
2026-09-04T04:35:40Z,2026-09-04T06:35:40+0200,9ca1d4c9-4cb5-4824-a3b1-9cadc29a987a,2026-08-28T15:00:00Z,2026-08-28T17:00:00+0200,476.666666,MW,DK2,DK_2,forecast_offshore_wind_generation,Wind Offshore,2026-09-04T04:36:55Z
2026-09-04T04:35:40Z,2026-09-04T06:35:40+0200,9ca1d4c9-4cb5-4824-a3b1-9cadc29a987a,2026-08-28T15:15:00Z,2026-08-28T17:15:00+0200,442.5,MW,DK2,DK_2,forecast_offshore_wind_generation,Wind Offshore,2026-09-04T04:36:55Z
2026-09-04T04:35:40Z,2026-09-04T06:35:40+0200,9ca1d4c9-4cb5-4824-a3b1-9cadc29a987a,2026-08-28T15:30:00Z,2026-08-28T17:30:00+0200,410.5,MW,DK2,DK_2,forecast_offshore_wind_generation,Wind Offshore,2026-09-04T04:36:55Z
2026-09-04T04:35:40Z,2026-09-04T06:35:40+0200,9ca1d4c9-4cb5-4824-a3b1-9cadc29a987a,2026-08-28T15:45:00Z,2026-08-28T17:45:00+0200,386.5,MW,DK2,DK_2,forecast_offshore_wind_generation,Wind Offshore,2026-09-04T04:36:55Z
2026-09-04T04:35:40Z,2026-09-04T06:35:40+0200,9ca1d4c9-4cb5-4824-a3b1-9cadc29a987a,2026-08-28T16:00:00Z,2026-08-28T18:00:00+0200,376.5,MW,DK2,DK_2,forecast_offshore_wind_generation,Wind Offshore,2026-09-04T04:36:55Z
2026-09-04T04:35:40Z,2026-09-04T06:35:40+0200,9ca1d4c9-4cb5-4824-a3b1-9cadc29a987a,2026-08-28T16:15:00Z,2026-08-28T18:15:00+0200,379.333333,MW,DK2,DK_2,forecast_offshore_wind_generation,Wind Offshore,2026-09-04T04:36:55Z
2026-09-04T04:35:40Z,2026-09-04T06:35:40+0200,9ca1d4c9-4cb5-4824-a3b1-9cadc29a987a,2026-08-28T16:30:00Z,2026-08-28T18:30:00+0200,390.166666,MW,DK2,DK_2,forecast_offshore_wind_generation,Wind Offshore,2026-09-04T04:36:55Z
2026-09-04T04:35:40Z,2026-09-04T06:35:40+0200,9ca1d4c9-4cb5-4824-a3b1-9cadc29a987a,2026-08-28T16:45:00Z,2026-08-28T18:45:00+0200,403.333333,MW,DK2,DK_2,forecast_offshore_wind_generation,Wind Offshore,2026-09-04T04:36:55Z
2026-09-04T04:35:40Z,2026-09-04T06:35:40+0200,9ca1d4c9-4cb5-4824-a3b1-9cadc29a987a,2026-08-28T17:00:00Z,2026-08-28T19:00:00+0200,408.666666,MW,DK2,DK_2,forecast_offshore_wind_generation,Wind Offshore,2026-09-04T04:36:55Z
2026-09-04T04:35:40Z,2026-09-04T06:35:40+0200,9ca1d4c9-4cb5-4824-a3b1-9cadc29a987a,2026-08-28T17:15:00Z,2026-08-28T19:15:00+0200,383.666666,MW,DK2,DK_2,forecast_offshore_wind_generation,Wind Offshore,2026-09-04T04:36:55Z
2026-09-04T04:35:40Z,2026-09-04T06:35:40+0200,9ca1d4c9-4cb5-4824-a3b1-9cadc29a987a,2026-08-28T17:30:00Z,2026-08-28T19:30:00+0200,315.333333,MW,DK2,DK_2,forecast_offshore_wind_generation,Wind Offshore,2026-09-04T04:36:55Z
2026-09-04T04:35:40Z,2026-09-04T06:35:40+0200,9ca1d4c9-4cb5-4824-a3b1-9cadc29a987a,2026-08-28T17:45:00Z,2026-08-28T19:45:00+0200,300.5,MW,DK2,DK_2,forecast_offshore_wind_generation,Wind Offshore,2026-09-04T04:36:55Z
2026-09-04T04:35:40Z,2026-09-04T06:35:40+0200,9ca1d4c9-4cb5-4824-a3b1-9cadc29a987a,2026-08-28T18:00:00Z,2026-08-28T20:00:00+0200,308.333333,MW,DK2,DK_2,forecast_offshore_wind_generation,Wind Offshore,2026-09-04T04:36:55Z
2026-09-04T04:35:40Z,2026-09-04T06:35:40+0200,9ca1d4c9-4cb5-4824-a3b1-9cadc29a987a,2026-08-28T18:15:00Z,2026-08-28T20:15:00+0200,327.333333,MW,DK2,DK_2,forecast_offshore_wind_generation,Wind Offshore,2026-09-04T04:36:55Z
2026-09-04T04:35:40Z,2026-09-04T06:35:40+0200,9ca1d4c9-4cb5-4824-a3b1-9cadc29a987a,2026-08-28T18:30:00Z,2026-08-28T20:30:00+0200,361.166666,MW,DK2,DK_2,forecast_offshore_wind_generation,Wind Offshore,2026-09-04T04:36:55Z
2026-09-04T04:35:40Z,2026-09-04T06:35:40+0200,9ca1d4c9-4cb5-4824-a3b1-9cadc29a987a,2026-08-28T18:45:00Z,2026-08-28T20:45:00+0200,413.0,MW,DK2,DK_2,forecast_offshore_wind_generation,Wind Offshore,2026-09-04T04:36:55Z
2026-09-04T04:35:40Z,2026-09-04T06:35:40+0200,9ca1d4c9-4cb5-4824-a3b1-9cadc29a987a,2026-08-28T19:00:00Z,2026-08-28T21:00:00+0200,450.166666,MW,DK2,DK_2,forecast_offshore_wind_generation,Wind Offshore,2026-09-04T04:36:55Z
2026-09-04T04:35:40Z,2026-09-04T06:35:40+0200,9ca1d4c9-4cb5-4824-a3b1-9cadc29a987a,2026-08-28T19:15:00Z,2026-08-28T21:15:00+0200,479.166666,MW,DK2,DK_2,forecast_offshore_wind_generation,Wind Offshore,2026-09-04T04:36:55Z
2026-09-04T04:35:40Z,2026-09-04T06:35:40+0200,9ca1d4c9-4cb5-4824-a3b1-9cadc29a987a,2026-08-28T19:30:00Z,2026-08-28T21:30:00+0200,501.0,MW,DK2,DK_2,forecast_offshore_wind_generation,Wind Offshore,2026-09-04T04:36:55Z
2026-09-04T04:35:40Z,2026-09-04T06:35:40+0200,9ca1d4c9-4cb5-4824-a3b1-9cadc29a987a,2026-08-28T19:45:00Z,2026-08-28T21:45:00+0200,513.833333,MW,DK2,DK_2,forecast_offshore_wind_generation,Wind Offshore,2026-09-04T04:36:55Z
2026-09-04T04:35:40Z,2026-09-04T06:35:40+0200,9ca1d4c9-4cb5-4824-a3b1-9cadc29a987a,2026-08-28T20:00:00Z,2026-08-28T22:00:00+0200,521.833333,MW,DK2,DK_2,forecast_offshore_wind_generation,Wind Offshore,2026-09-04T04:36:55Z
2026-09-04T04:35:40Z,2026-09-04T06:35:40+0200,9ca1d4c9-4cb5-4824-a3b1-9cadc29a987a,2026-08-28T20:15:00Z,2026-08-28T22:15:00+0200,523.833333,MW,DK2,DK_2,forecast_offshore_wind_generation,Wind Offshore,2026-09-04T04:36:55Z
2026-09-04T04:35:40Z,2026-09-04T06:35:40+0200,9ca1d4c9-4cb5-4824-a3b1-9cadc29a987a,2026-08-28T20:30:00Z,2026-08-28T22:30:00+0200,520.833333,MW,DK2,DK_2,forecast_offshore_wind_generation,Wind Offshore,2026-09-04T04:36:55Z
2026-09-04T04:35:40Z,2026-09-04T06:35:40+0200,9ca1d4c9-4cb5-4824-a3b1-9cadc29a987a,2026-08-28T20:45:00Z,2026-08-28T22:45:00+0200,515.666666,MW,DK2,DK_2,forecast_offshore_wind_generation,Wind Offshore,2026-09-04T04:36:55Z
2026-09-04T04:35:40Z,2026-09-04T06:35:40+0200,9ca1d4c9-4cb5-4824-a3b1-9cadc29a987a,2026-08-28T21:00:00Z,2026-08-28T23:00:00+0200,514.166666,MW,DK2,DK_2,forecast_offshore_wind_generation,Wind Offshore,2026-09-04T04:36:55Z
2026-09-04T04:35:40Z,2026-09-04T06:35:40+0200,9ca1d4c9-4cb5-4824-a3b1-9cadc29a987a,2026-08-28T21:15:00Z,2026-08-28T23:15:00+0200,516.5,MW,DK2,DK_2,forecast_offshore_wind_generation,Wind Offshore,2026-09-04T04:36:55Z
2026-09-04T04:35:40Z,2026-09-04T06:35:40+0200,9ca1d4c9-4cb5-4824-a3b1-9cadc29a987a,2026-08-28T21:30:00Z,2026-08-28T23:30:00+0200,520.166666,MW,DK2,DK_2,forecast_offshore_wind_generation,Wind Offshore,2026-09-04T04:36:55Z
2026-09-04T04:35:40Z,2026-09-04T06:35:40+0200,9ca1d4c9-4cb5-4824-a3b1-9cadc29a987a,2026-08-28T21:45:00Z,2026-08-28T23:45:00+0200,525.166666,MW,DK2,DK_2,forecast_offshore_wind_generation,Wind Offshore,2026-09-04T04:36:55Z
2026-09-04T04:35:40Z,2026-09-04T06:35:40+0200,9ca1d4c9-4cb5-4824-a3b1-9cadc29a987a,2026-08-28T22:00:00Z,2026-08-29T00:00:00+0200,355.0,MW,DK2,DK_2,forecast_offshore_wind_generation,Wind Offshore,2026-09-04T04:36:55Z
2026-09-04T04:35:40Z,2026-09-04T06:35:40+0200,9ca1d4c9-4cb5-4824-a3b1-9cadc29a987a,2026-08-28T22:15:00Z,2026-08-29T00:15:00+0200,362.5,MW,DK2,DK_2,forecast_offshore_wind_generation,Wind Offshore,2026-09-04T04:36:55Z
2026-09-04T04:35:40Z,2026-09-04T06:35:40+0200,9ca1d4c9-4cb5-4824-a3b1-9cadc29a987a,2026-08-28T22:30:00Z,2026-08-29T00:30:00+0200,372.333333,MW,DK2,DK_2,forecast_offshore_wind_generation,Wind Offshore,2026-09-04T04:36:55Z
2026-09-04T04:35:40Z,2026-09-04T06:35:40+0200,9ca1d4c9-4cb5-4824-a3b1-9cadc29a987a,2026-08-28T22:45:00Z,2026-08-29T00:45:00+0200,381.5,MW,DK2,DK_2,forecast_offshore_wind_generation,Wind Offshore,2026-09-04T04:36:55Z
2026-09-04T04:35:40Z,2026-09-04T06:35:40+0200,9ca1d4c9-4cb5-4824-a3b1-9cadc29a987a,2026-08-28T23:00:00Z,2026-08-29T01:00:00+0200,391.166666,MW,DK2,DK_2,forecast_offshore_wind_generation,Wind Offshore,2026-09-04T04:36:55Z
2026-09-04T04:35:40Z,2026-09-04T06:35:40+0200,9ca1d4c9-4cb5-4824-a3b1-9cadc29a987a,2026-08-28T23:15:00Z,2026-08-29T01:15:00+0200,404.5,MW,DK2,DK_2,forecast_offshore_wind_generation,Wind Offshore,2026-09-04T04:36:55Z
2026-09-04T04:35:40Z,2026-09-04T06:35:40+0200,9ca1d4c9-4cb5-4824-a3b1-9cadc29a987a,2026-08-28T23:30:00Z,2026-08-29T01:30:00+0200,419.333333,MW,DK2,DK_2,forecast_offshore_wind_generation,Wind Offshore,2026-09-04T04:36:55Z
2026-09-04T04:35:40Z,2026-09-04T06:35:40+0200,9ca1d4c9-4cb5-4824-a3b1-9cadc29a987a,2026-08-28T23:45:00Z,2026-08-29T01:45:00+0200,431.0,MW,DK2,DK_2,forecast_offshore_wind_generation,Wind Offshore,2026-09-04T04:36:55Z
2026-09-04T04:35:40Z,2026-09-04T06:35:40+0200,9ca1d4c9-4cb5-4824-a3b1-9cadc29a987a,2026-08-29T00:00:00Z,2026-08-29T02:00:00+0200,436.5,MW,DK2,DK_2,forecast_offshore_wind_generation,Wind Offshore,2026-09-04T04:36:55Z
2026-09-04T04:35:40Z,2026-09-04T06:35:40+0200,9ca1d4c9-4cb5-4824-a3b1-9cadc29a987a,2026-08-29T00:15:00Z,2026-08-29T02:15:00+0200,442.0,MW,DK2,DK_2,forecast_offshore_wind_generation,Wind Offshore,2026-09-04T04:36:55Z
2026-09-04T04:35:40Z,2026-09-04T06:35:40+0200,9ca1d4c9-4cb5-4824-a3b1-9cadc29a987a,2026-08-29T00:30:00Z,2026-08-29T02:30:00+0200,448.666666,MW,DK2,DK_2,forecast_offshore_wind_generation,Wind Offshore,2026-09-04T04:36:55Z
2026-09-04T04:35:40Z,2026-09-04T06:35:40+0200,9ca1d4c9-4cb5-4824-a3b1-9cadc29a987a,2026-08-29T00:45:00Z,2026-08-29T02:45:00+0200,453.333333,MW,DK2,DK_2,forecast_offshore_wind_generation,Wind Offshore,2026-09-04T04:36:55Z
2026-09-04T04:35:40Z,2026-09-04T06:35:40+0200,9ca1d4c9-4cb5-4824-a3b1-9cadc29a987a,2026-08-29T01:00:00Z,2026-08-29T03:00:00+0200,456.5,MW,DK2,DK_2,forecast_offshore_wind_generation,Wind Offshore,2026-09-04T04:36:55Z
2026-09-04T04:35:40Z,2026-09-04T06:35:40+0200,9ca1d4c9-4cb5-4824-a3b1-9cadc29a987a,2026-08-29T01:15:00Z,2026-08-29T03:15:00+0200,460.5,MW,DK2,DK_2,forecast_offshore_wind_generation,Wind Offshore,2026-09-04T04:36:55Z
2026-09-04T04:35:40Z,2026-09-04T06:35:40+0200,9ca1d4c9-4cb5-4824-a3b1-9cadc29a987a,2026-08-29T01:30:00Z,2026-08-29T03:30:00+0200,465.5,MW,DK2,DK_2,forecast_offshore_wind_generation,Wind Offshore,2026-09-04T04:36:55Z
2026-09-04T04:35:40Z,2026-09-04T06:35:40+0200,9ca1d4c9-4cb5-4824-a3b1-9cadc29a987a,2026-08-29T01:45:00Z,2026-08-29T03:45:00+0200,471.0,MW,DK2,DK_2,forecast_offshore_wind_generation,Wind Offshore,2026-09-04T04:36:55Z
2026-09-04T04:35:40Z,2026-09-04T06:35:40+0200,9ca1d4c9-4cb5-4824-a3b1-9cadc29a987a,2026-08-29T02:00:00Z,2026-08-29T04:00:00+0200,476.166666,MW,DK2,DK_2,forecast_offshore_wind_generation,Wind Offshore,2026-09-04T04:36:55Z
2026-09-04T04:35:40Z,2026-09-04T06:35:40+0200,9ca1d4c9-4cb5-4824-a3b1-9cadc29a987a,2026-08-29T02:15:00Z,2026-08-29T04:15:00+0200,481.0,MW,DK2,DK_2,forecast_offshore_wind_generation,Wind Offshore,2026-09-04T04:36:55Z
2026-09-04T04:35:40Z,2026-09-04T06:35:40+0200,9ca1d4c9-4cb5-4824-a3b1-9cadc29a987a,2026-08-29T02:30:00Z,2026-08-29T04:30:00+0200,484.666666,MW,DK2,DK_2,forecast_offshore_wind_generation,Wind Offshore,2026-09-04T04:36:55Z
2026-09-04T04:35:40Z,2026-09-04T06:35:40+0200,9ca1d4c9-4cb5-4824-a3b1-9cadc29a987a,2026-08-29T02:45:00Z,2026-08-29T04:45:00+0200,492.666666,MW,DK2,DK_2,forecast_offshore_wind_generation,Wind Offshore,2026-09-04T04:36:55Z
2026-09-04T04:35:40Z,2026-09-04T06:35:40+0200,9ca1d4c9-4cb5-4824-a3b1-9cadc29a987a,2026-08-29T03:00:00Z,2026-08-29T05:00:00+0200,502.0,MW,DK2,DK_2,forecast_offshore_wind_generation,Wind Offshore,2026-09-04T04:36:55Z
2026-09-04T04:35:40Z,2026-09-04T06:35:40+0200,9ca1d4c9-4cb5-4824-a3b1-9cadc29a987a,2026-08-29T03:15:00Z,2026-08-29T05:15:00+0200,513.0,MW,DK2,DK_2,forecast_offshore_wind_generation,Wind Offshore,2026-09-04T04:36:55Z
2026-09-04T04:35:40Z,2026-09-04T06:35:40+0200,9ca1d4c9-4cb5-4824-a3b1-9cadc29a987a,2026-08-29T03:30:00Z,2026-08-29T05:30:00+0200,525.0,MW,DK2,DK_2,forecast_offshore_wind_generation,Wind Offshore,2026-09-04T04:36:55Z
2026-09-04T04:35:40Z,2026-09-04T06:35:40+0200,9ca1d4c9-4cb5-4824-a3b1-9cadc29a987a,2026-08-29T03:45:00Z,2026-08-29T05:45:00+0200,536.5,MW,DK2,DK_2,forecast_offshore_wind_generation,Wind Offshore,2026-09-04T04:36:55Z
2026-09-04T04:35:40Z,2026-09-04T06:35:40+0200,9ca1d4c9-4cb5-4824-a3b1-9cadc29a987a,2026-08-29T04:00:00Z,2026-08-29T06:00:00+0200,546.0,MW,DK2,DK_2,forecast_offshore_wind_generation,Wind Offshore,2026-09-04T04:36:55Z
2026-09-04T04:35:40Z,2026-09-04T06:35:40+0200,9ca1d4c9-4cb5-4824-a3b1-9cadc29a987a,2026-08-29T04:15:00Z,2026-08-29T06:15:00+0200,553.5,MW,DK2,DK_2,forecast_offshore_wind_generation,Wind Offshore,2026-09-04T04:36:55Z
2026-09-04T04:35:40Z,2026-09-04T06:35:40+0200,9ca1d4c9-4cb5-4824-a3b1-9cadc29a987a,2026-08-29T04:30:00Z,2026-08-29T06:30:00+0200,561.0,MW,DK2,DK_2,forecast_offshore_wind_generation,Wind Offshore,2026-09-04T04:36:55Z
2026-09-04T04:35:40Z,2026-09-04T06:35:40+0200,9ca1d4c9-4cb5-4824-a3b1-9cadc29a987a,2026-08-29T04:45:00Z,2026-08-29T06:45:00+0200,567.666666,MW,DK2,DK_2,forecast_offshore_wind_generation,Wind Offshore,2026-09-04T04:36:55Z
2026-09-04T04:35:40Z,2026-09-04T06:35:40+0200,9ca1d4c9-4cb5-4824-a3b1-9cadc29a987a,2026-08-29T05:00:00Z,2026-08-29T07:00:00+0200,575.5,MW,DK2,DK_2,forecast_offshore_wind_generation,Wind Offshore,2026-09-04T04:36:55Z
2026-09-04T04:35:40Z,2026-09-04T06:35:40+0200,9ca1d4c9-4cb5-4824-a3b1-9cadc29a987a,2026-08-29T05:15:00Z,2026-08-29T07:15:00+0200,586.0,MW,DK2,DK_2,forecast_offshore_wind_generation,Wind Offshore,2026-09-04T04:36:55Z
2026-09-04T04:35:40Z,2026-09-04T06:35:40+0200,9ca1d4c9-4cb5-4824-a3b1-9cadc29a987a,2026-08-29T05:30:00Z,2026-08-29T07:30:00+0200,597.166666,MW,DK2,DK_2,forecast_offshore_wind_generation,Wind Offshore,2026-09-04T04:36:55Z
2026-09-04T04:35:40Z,2026-09-04T06:35:40+0200,9ca1d4c9-4cb5-4824-a3b1-9cadc29a987a,2026-08-29T05:45:00Z,2026-08-29T07:45:00+0200,608.833333,MW,DK2,DK_2,forecast_offshore_wind_generation,Wind Offshore,2026-09-04T04:36:55Z
2026-09-04T04:35:40Z,2026-09-04T06:35:40+0200,9ca1d4c9-4cb5-4824-a3b1-9cadc29a987a,2026-08-29T06:00:00Z,2026-08-29T08:00:00+0200,620.166666,MW,DK2,DK_2,forecast_offshore_wind_generation,Wind Offshore,2026-09-04T04:36:55Z
2026-09-04T04:35:40Z,2026-09-04T06:35:40+0200,9ca1d4c9-4cb5-4824-a3b1-9cadc29a987a,2026-08-29T06:15:00Z,2026-08-29T08:15:00+0200,635.333333,MW,DK2,DK_2,forecast_offshore_wind_generation,Wind Offshore,2026-09-04T04:36:55Z
2026-09-04T04:35:40Z,2026-09-04T06:35:40+0200,9ca1d4c9-4cb5-4824-a3b1-9cadc29a987a,2026-08-29T06:30:00Z,2026-08-29T08:30:00+0200,653.166666,MW,DK2,DK_2,forecast_offshore_wind_generation,Wind Offshore,2026-09-04T04:36:55Z
2026-09-04T04:35:40Z,2026-09-04T06:35:40+0200,9ca1d4c9-4cb5-4824-a3b1-9cadc29a987a,2026-08-29T06:45:00Z,2026-08-29T08:45:00+0200,669.166666,MW,DK2,DK_2,forecast_offshore_wind_generation,Wind Offshore,2026-09-04T04:36:55Z
2026-09-04T04:35:40Z,2026-09-04T06:35:40+0200,9ca1d4c9-4cb5-4824-a3b1-9cadc29a987a,2026-08-29T07:00:00Z,2026-08-29T09:00:00+0200,680.166666,MW,DK2,DK_2,forecast_offshore_wind_generation,Wind Offshore,2026-09-04T04:36:55Z
2026-09-04T04:35:40Z,2026-09-04T06:35:40+0200,9ca1d4c9-4cb5-4824-a3b1-9cadc29a987a,2026-08-29T07:15:00Z,2026-08-29T09:15:00+0200,688.333333,MW,DK2,DK_2,forecast_offshore_wind_generation,Wind Offshore,2026-09-04T04:36:55Z
2026-09-04T04:35:40Z,2026-09-04T06:35:40+0200,9ca1d4c9-4cb5-4824-a3b1-9cadc29a987a,2026-08-29T07:30:00Z,2026-08-29T09:30:00+0200,695.0,MW,DK2,DK_2,forecast_offshore_wind_generation,Wind Offshore,2026-09-04T04:36:55Z
2026-09-04T04:35:40Z,2026-09-04T06:35:40+0200,9ca1d4c9-4cb5-4824-a3b1-9cadc29a987a,2026-08-29T07:45:00Z,2026-08-29T09:45:00+0200,701.166666,MW,DK2,DK_2,forecast_offshore_wind_generation,Wind Offshore,2026-09-04T04:36:55Z
2026-09-04T04:35:40Z,2026-09-04T06:35:40+0200,9ca1d4c9-4cb5-4824-a3b1-9cadc29a987a,2026-08-29T08:00:00Z,2026-08-29T10:00:00+0200,709.666666,MW,DK2,DK_2,forecast_offshore_wind_generation,Wind Offshore,2026-09-04T04:36:55Z
2026-09-04T04:35:40Z,2026-09-04T06:35:40+0200,9ca1d4c9-4cb5-4824-a3b1-9cadc29a987a,2026-08-29T08:15:00Z,2026-08-29T10:15:00+0200,721.0,MW,DK2,DK_2,forecast_offshore_wind_generation,Wind Offshore,2026-09-04T04:36:55Z
2026-09-04T04:35:40Z,2026-09-04T06:35:40+0200,9ca1d4c9-4cb5-4824-a3b1-9cadc29a987a,2026-08-29T08:30:00Z,2026-08-29T10:30:00+0200,732.0,MW,DK2,DK_2,forecast_offshore_wind_generation,Wind Offshore,2026-09-04T04:36:55Z
2026-09-04T04:35:40Z,2026-09-04T06:35:40+0200,9ca1d4c9-4cb5-4824-a3b1-9cadc29a987a,2026-08-29T08:45:00Z,2026-08-29T10:45:00+0200,740.666666,MW,DK2,DK_2,forecast_offshore_wind_generation,Wind Offshore,2026-09-04T04:36:55Z
2026-09-04T04:35:40Z,2026-09-04T06:35:40+0200,9ca1d4c9-4cb5-4824-a3b1-9cadc29a987a,2026-08-29T09:00:00Z,2026-08-29T11:00:00+0200,744.666666,MW,DK2,DK_2,forecast_offshore_wind_generation,Wind Offshore,2026-09-04T04:36:55Z
2026-09-04T04:35:40Z,2026-09-04T06:35:40+0200,9ca1d4c9-4cb5-4824-a3b1-9cadc29a987a,2026-08-29T09:15:00Z,2026-08-29T11:15:00+0200,748.5,MW,DK2,DK_2,forecast_offshore_wind_generation,Wind Offshore,2026-09-04T04:36:55Z
2026-09-04T04:35:40Z,2026-09-04T06:35:40+0200,9ca1d4c9-4cb5-4824-a3b1-9cadc29a987a,2026-08-29T09:30:00Z,2026-08-29T11:30:00+0200,751.333333,MW,DK2,DK_2,forecast_offshore_wind_generation,Wind Offshore,2026-09-04T04:36:55Z
2026-09-04T04:35:40Z,2026-09-04T06:35:40+0200,9ca1d4c9-4cb5-4824-a3b1-9cadc29a987a,2026-08-29T09:45:00Z,2026-08-29T11:45:00+0200,752.833333,MW,DK2,DK_2,forecast_offshore_wind_generation,Wind Offshore,2026-09-04T04:36:55Z
2026-09-04T04:35:40Z,2026-09-04T06:35:40+0200,9ca1d4c9-4cb5-4824-a3b1-9cadc29a987a,2026-08-29T10:00:00Z,2026-08-29T12:00:00+0200,752.833333,MW,DK2,DK_2,forecast_offshore_wind_generation,Wind Offshore,2026-09-04T04:36:55Z
2026-09-04T04:35:40Z,2026-09-04T06:35:40+0200,9ca1d4c9-4cb5-4824-a3b1-9cadc29a987a,2026-08-29T10:15:00Z,2026-08-29T12:15:00+0200,751.333333,MW,DK2,DK_2,forecast_offshore_wind_generation,Wind Offshore,2026-09-04T04:36:55Z
2026-09-04T04:35:40Z,2026-09-04T06:35:40+0200,9ca1d4c9-4cb5-4824-a3b1-9cadc29a987a,2026-08-29T10:30:00Z,2026-08-29T12:30:00+0200,749.333333,MW,DK2,DK_2,forecast_offshore_wind_generation,Wind Offshore,2026-09-04T04:36:55Z
2026-09-04T04:35:40Z,2026-09-04T06:35:40+0200,9ca1d4c9-4cb5-4824-a3b1-9cadc29a987a,2026-08-29T10:45:00Z,2026-08-29T12:45:00+0200,747.0,MW,DK2,DK_2,forecast_offshore_wind_generation,Wind Offshore,2026-09-04T04:36:55Z
2026-09-04T04:35:40Z,2026-09-04T06:35:40+0200,9ca1d4c9-4cb5-4824-a3b1-9cadc29a987a,2026-08-29T11:00:00Z,2026-08-29T13:00:00+0200,746.0,MW,DK2,DK_2,forecast_offshore_wind_generation,Wind Offshore,2026-09-04T04:36:55Z
2026-09-04T04:35:40Z,2026-09-04T06:35:40+0200,9ca1d4c9-4cb5-4824-a3b1-9cadc29a987a,2026-08-29T11:15:00Z,2026-08-29T13:15:00+0200,746.833333,MW,DK2,DK_2,forecast_offshore_wind_generation,Wind Offshore,2026-09-04T04:36:55Z
2026-09-04T04:35:40Z,2026-09-04T06:35:40+0200,9ca1d4c9-4cb5-4824-a3b1-9cadc29a987a,2026-08-29T11:30:00Z,2026-08-29T13:30:00+0200,747.666666,MW,DK2,DK_2,forecast_offshore_wind_generation,Wind Offshore,2026-09-04T04:36:55Z
2026-09-04T04:35:40Z,2026-09-04T06:35:40+0200,9ca1d4c9-4cb5-4824-a3b1-9cadc29a987a,2026-08-29T11:45:00Z,2026-08-29T13:45:00+0200,746.0,MW,DK2,DK_2,forecast_offshore_wind_generation,Wind Offshore,2026-09-04T04:36:55Z
2026-09-04T04:35:40Z,2026-09-04T06:35:40+0200,9ca1d4c9-4cb5-4824-a3b1-9cadc29a987a,2026-08-29T12:00:00Z,2026-08-29T14:00:00+0200,742.333333,MW,DK2,DK_2,forecast_offshore_wind_generation,Wind Offshore,2026-09-04T04:36:55Z
2026-09-04T04:35:40Z,2026-09-04T06:35:40+0200,9ca1d4c9-4cb5-4824-a3b1-9cadc29a987a,2026-08-29T12:15:00Z,2026-08-29T14:15:00+0200,734.833333,MW,DK2,DK_2,forecast_offshore_wind_generation,Wind Offshore,2026-09-04T04:36:55Z
2026-09-04T04:35:40Z,2026-09-04T06:35:40+0200,9ca1d4c9-4cb5-4824-a3b1-9cadc29a987a,2026-08-29T12:30:00Z,2026-08-29T14:30:00+0200,723.0,MW,DK2,DK_2,forecast_offshore_wind_generation,Wind Offshore,2026-09-04T04:36:55Z
2026-09-04T04:35:40Z,2026-09-04T06:35:40+0200,9ca1d4c9-4cb5-4824-a3b1-9cadc29a987a,2026-08-29T12:45:00Z,2026-08-29T14:45:00+0200,711.5,MW,DK2,DK_2,forecast_offshore_wind_generation,Wind Offshore,2026-09-04T04:36:55Z
2026-09-04T04:35:40Z,2026-09-04T06:35:40+0200,9ca1d4c9-4cb5-4824-a3b1-9cadc29a987a,2026-08-29T13:00:00Z,2026-08-29T15:00:00+0200,704.0,MW,DK2,DK_2,forecast_offshore_wind_generation,Wind Offshore,2026-09-04T04:36:55Z
2026-09-04T04:35:40Z,2026-09-04T06:35:40+0200,9ca1d4c9-4cb5-4824-a3b1-9cadc29a987a,2026-08-29T13:15:00Z,2026-08-29T15:15:00+0200,698.0,MW,DK2,DK_2,forecast_offshore_wind_generation,Wind Offshore,2026-09-04T04:36:55Z
2026-09-04T04:35:40Z,2026-09-04T06:35:40+0200,9ca1d4c9-4cb5-4824-a3b1-9cadc29a987a,2026-08-29T13:30:00Z,2026-08-29T15:30:00+0200,691.5,MW,DK2,DK_2,forecast_offshore_wind_generation,Wind Offshore,2026-09-04T04:36:55Z
2026-09-04T04:35:40Z,2026-09-04T06:35:40+0200,9ca1d4c9-4cb5-4824-a3b1-9cadc29a987a,2026-08-29T13:45:00Z,2026-08-29T15:45:00+0200,685.0,MW,DK2,DK_2,forecast_offshore_wind_generation,Wind Offshore,2026-09-04T04:36:55Z
2026-09-04T04:35:40Z,2026-09-04T06:35:40+0200,9ca1d4c9-4cb5-4824-a3b1-9cadc29a987a,2026-08-29T14:00:00Z,2026-08-29T16:00:00+0200,678.0,MW,DK2,DK_2,forecast_offshore_wind_generation,Wind Offshore,2026-09-04T04:36:55Z
2026-09-04T04:35:40Z,2026-09-04T06:35:40+0200,9ca1d4c9-4cb5-4824-a3b1-9cadc29a987a,2026-08-29T14:15:00Z,2026-08-29T16:15:00+0200,669.666666,MW,DK2,DK_2,forecast_offshore_wind_generation,Wind Offshore,2026-09-04T04:36:55Z
2026-09-04T04:35:40Z,2026-09-04T06:35:40+0200,9ca1d4c9-4cb5-4824-a3b1-9cadc29a987a,2026-08-29T14:30:00Z,2026-08-29T16:30:00+0200,661.5,MW,DK2,DK_2,forecast_offshore_wind_generation,Wind Offshore,2026-09-04T04:36:55Z
2026-09-04T04:35:40Z,2026-09-04T06:35:40+0200,9ca1d4c9-4cb5-4824-a3b1-9cadc29a987a,2026-08-29T14:45:00Z,2026-08-29T16:45:00+0200,653.0,MW,DK2,DK_2,forecast_offshore_wind_generation,Wind Offshore,2026-09-04T04:36:55Z
2026-09-04T04:35:40Z,2026-09-04T06:35:40+0200,9ca1d4c9-4cb5-4824-a3b1-9cadc29a987a,2026-08-29T15:00:00Z,2026-08-29T17:00:00+0200,644.5,MW,DK2,DK_2,forecast_offshore_wind_generation,Wind Offshore,2026-09-04T04:36:55Z
2026-09-04T04:35:40Z,2026-09-04T06:35:40+0200,9ca1d4c9-4cb5-4824-a3b1-9cadc29a987a,2026-08-29T15:15:00Z,2026-08-29T17:15:00+0200,633.833333,MW,DK2,DK_2,forecast_offshore_wind_generation,Wind Offshore,2026-09-04T04:36:55Z
2026-09-04T04:35:40Z,2026-09-04T06:35:40+0200,9ca1d4c9-4cb5-4824-a3b1-9cadc29a987a,2026-08-29T15:30:00Z,2026-08-29T17:30:00+0200,619.333333,MW,DK2,DK_2,forecast_offshore_wind_generation,Wind Offshore,2026-09-04T04:36:55Z
2026-09-04T04:35:40Z,2026-09-04T06:35:40+0200,9ca1d4c9-4cb5-4824-a3b1-9cadc29a987a,2026-08-29T15:45:00Z,2026-08-29T17:45:00+0200,603.5,MW,DK2,DK_2,forecast_offshore_wind_generation,Wind Offshore,2026-09-04T04:36:55Z
2026-09-04T04:35:40Z,2026-09-04T06:35:40+0200,9ca1d4c9-4cb5-4824-a3b1-9cadc29a987a,2026-08-29T16:00:00Z,2026-08-29T18:00:00+0200,590.166666,MW,DK2,DK_2,forecast_offshore_wind_generation,Wind Offshore,2026-09-04T04:36:55Z
2026-09-04T04:35:40Z,2026-09-04T06:35:40+0200,9ca1d4c9-4cb5-4824-a3b1-9cadc29a987a,2026-08-29T16:15:00Z,2026-08-29T18:15:00+0200,580.5,MW,DK2,DK_2,forecast_offshore_wind_generation,Wind Offshore,2026-09-04T04:36:55Z
2026-09-04T04:35:40Z,2026-09-04T06:35:40+0200,9ca1d4c9-4cb5-4824-a3b1-9cadc29a987a,2026-08-29T16:30:00Z,2026-08-29T18:30:00+0200,571.0,MW,DK2,DK_2,forecast_offshore_wind_generation,Wind Offshore,2026-09-04T04:36:55Z
2026-09-04T04:35:40Z,2026-09-04T06:35:40+0200,9ca1d4c9-4cb5-4824-a3b1-9cadc29a987a,2026-08-29T16:45:00Z,2026-08-29T18:45:00+0200,559.833333,MW,DK2,DK_2,forecast_offshore_wind_generation,Wind Offshore,2026-09-04T04:36:55Z
2026-09-04T04:35:40Z,2026-09-04T06:35:40+0200,9ca1d4c9-4cb5-4824-a3b1-9cadc29a987a,2026-08-29T17:00:00Z,2026-08-29T19:00:00+0200,544.833333,MW,DK2,DK_2,forecast_offshore_wind_generation,Wind Offshore,2026-09-04T04:36:55Z
2026-09-04T04:35:40Z,2026-09-04T06:35:40+0200,9ca1d4c9-4cb5-4824-a3b1-9cadc29a987a,2026-08-29T17:15:00Z,2026-08-29T19:15:00+0200,526.5,MW,DK2,DK_2,forecast_offshore_wind_generation,Wind Offshore,2026-09-04T04:36:55Z
2026-09-04T04:35:40Z,2026-09-04T06:35:40+0200,9ca1d4c9-4cb5-4824-a3b1-9cadc29a987a,2026-08-29T17:30:00Z,2026-08-29T19:30:00+0200,507.166666,MW,DK2,DK_2,forecast_offshore_wind_generation,Wind Offshore,2026-09-04T04:36:55Z
2026-09-04T04:35:40Z,2026-09-04T06:35:40+0200,9ca1d4c9-4cb5-4824-a3b1-9cadc29a987a,2026-08-29T17:45:00Z,2026-08-29T19:45:00+0200,490.666666,MW,DK2,DK_2,forecast_offshore_wind_generation,Wind Offshore,2026-09-04T04:36:55Z
2026-09-04T04:35:40Z,2026-09-04T06:35:40+0200,9ca1d4c9-4cb5-4824-a3b1-9cadc29a987a,2026-08-29T18:00:00Z,2026-08-29T20:00:00+0200,478.833333,MW,DK2,DK_2,forecast_offshore_wind_generation,Wind Offshore,2026-09-04T04:36:55Z
2026-09-04T04:35:40Z,2026-09-04T06:35:40+0200,9ca1d4c9-4cb5-4824-a3b1-9cadc29a987a,2026-08-29T18:15:00Z,2026-08-29T20:15:00+0200,467.0,MW,DK2,DK_2,forecast_offshore_wind_generation,Wind Offshore,2026-09-04T04:36:55Z
2026-09-04T04:35:40Z,2026-09-04T06:35:40+0200,9ca1d4c9-4cb5-4824-a3b1-9cadc29a987a,2026-08-29T18:30:00Z,2026-08-29T20:30:00+0200,455.0,MW,DK2,DK_2,forecast_offshore_wind_generation,Wind Offshore,2026-09-04T04:36:55Z
2026-09-04T04:35:40Z,2026-09-04T06:35:40+0200,9ca1d4c9-4cb5-4824-a3b1-9cadc29a987a,2026-08-29T18:45:00Z,2026-08-29T20:45:00+0200,442.166666,MW,DK2,DK_2,forecast_offshore_wind_generation,Wind Offshore,2026-09-04T04:36:55Z
2026-09-04T04:35:40Z,2026-09-04T06:35:40+0200,9ca1d4c9-4cb5-4824-a3b1-9cadc29a987a,2026-08-29T19:00:00Z,2026-08-29T21:00:00+0200,430.333333,MW,DK2,DK_2,forecast_offshore_wind_generation,Wind Offshore,2026-09-04T04:36:55Z
2026-09-04T04:35:40Z,2026-09-04T06:35:40+0200,9ca1d4c9-4cb5-4824-a3b1-9cadc29a987a,2026-08-29T19:15:00Z,2026-08-29T21:15:00+0200,415.5,MW,DK2,DK_2,forecast_offshore_wind_generation,Wind Offshore,2026-09-04T04:36:55Z
2026-09-04T04:35:40Z,2026-09-04T06:35:40+0200,9ca1d4c9-4cb5-4824-a3b1-9cadc29a987a,2026-08-29T19:30:00Z,2026-08-29T21:30:00+0200,398.666666,MW,DK2,DK_2,forecast_offshore_wind_generation,Wind Offshore,2026-09-04T04:36:55Z
2026-09-04T04:35:40Z,2026-09-04T06:35:40+0200,9ca1d4c9-4cb5-4824-a3b1-9cadc29a987a,2026-08-29T19:45:00Z,2026-08-29T21:45:00+0200,384.333333,MW,DK2,DK_2,forecast_offshore_wind_generation,Wind Offshore,2026-09-04T04:36:55Z
2026-09-04T04:35:40Z,2026-09-04T06:35:40+0200,9ca1d4c9-4cb5-4824-a3b1-9cadc29a987a,2026-08-29T20:00:00Z,2026-08-29T22:00:00+0200,374.5,MW,DK2,DK_2,forecast_offshore_wind_generation,Wind Offshore,2026-09-04T04:36:55Z
2026-09-04T04:35:40Z,2026-09-04T06:35:40+0200,9ca1d4c9-4cb5-4824-a3b1-9cadc29a987a,2026-08-29T20:15:00Z,2026-08-29T22:15:00+0200,366.0,MW,DK2,DK_2,forecast_offshore_wind_generation,Wind Offshore,2026-09-04T04:36:55Z
2026-09-04T04:35:40Z,2026-09-04T06:35:40+0200,9ca1d4c9-4cb5-4824-a3b1-9cadc29a987a,2026-08-29T20:30:00Z,2026-08-29T22:30:00+0200,358.333333,MW,DK2,DK_2,forecast_offshore_wind_generation,Wind Offshore,2026-09-04T04:36:55Z
2026-09-04T04:35:40Z,2026-09-04T06:35:40+0200,9ca1d4c9-4cb5-4824-a3b1-9cadc29a987a,2026-08-29T20:45:00Z,2026-08-29T22:45:00+0200,350.333333,MW,DK2,DK_2,forecast_offshore_wind_generation,Wind Offshore,2026-09-04T04:36:55Z
2026-09-04T04:35:40Z,2026-09-04T06:35:40+0200,9ca1d4c9-4cb5-4824-a3b1-9cadc29a987a,2026-08-29T21:00:00Z,2026-08-29T23:00:00+0200,339.833333,MW,DK2,DK_2,forecast_offshore_wind_generation,Wind Offshore,2026-09-04T04:36:55Z
2026-09-04T04:35:40Z,2026-09-04T06:35:40+0200,9ca1d4c9-4cb5-4824-a3b1-9cadc29a987a,2026-08-29T21:15:00Z,2026-08-29T23:15:00+0200,323.5,MW,DK2,DK_2,forecast_offshore_wind_generation,Wind Offshore,2026-09-04T04:36:55Z
2026-09-04T04:35:40Z,2026-09-04T06:35:40+0200,9ca1d4c9-4cb5-4824-a3b1-9cadc29a987a,2026-08-29T21:30:00Z,2026-08-29T23:30:00+0200,304.666666,MW,DK2,DK_2,forecast_offshore_wind_generation,Wind Offshore,2026-09-04T04:36:55Z
2026-09-04T04:35:40Z,2026-09-04T06:35:40+0200,9ca1d4c9-4cb5-4824-a3b1-9cadc29a987a,2026-08-29T21:45:00Z,2026-08-29T23:45:00+0200,289.333333,MW,DK2,DK_2,forecast_offshore_wind_generation,Wind Offshore,2026-09-04T04:36:55Z
2026-09-04T04:35:40Z,2026-09-04T06:35:40+0200,9ca1d4c9-4cb5-4824-a3b1-9cadc29a987a,2026-08-29T22:00:00Z,2026-08-30T00:00:00+0200,321.833333,MW,DK2,DK_2,forecast_offshore_wind_generation,Wind Offshore,2026-09-04T04:36:55Z
2026-09-04T04:35:40Z,2026-09-04T06:35:40+0200,9ca1d4c9-4cb5-4824-a3b1-9cadc29a987a,2026-08-29T22:15:00Z,2026-08-30T00:15:00+0200,320.0,MW,DK2,DK_2,forecast_offshore_wind_generation,Wind Offshore,2026-09-04T04:36:55Z
2026-09-04T04:35:40Z,2026-09-04T06:35:40+0200,9ca1d4c9-4cb5-4824-a3b1-9cadc29a987a,2026-08-29T22:30:00Z,2026-08-30T00:30:00+0200,319.166666,MW,DK2,DK_2,forecast_offshore_wind_generation,Wind Offshore,2026-09-04T04:36:55Z
2026-09-04T04:35:40Z,2026-09-04T06:35:40+0200,9ca1d4c9-4cb5-4824-a3b1-9cadc29a987a,2026-08-29T22:45:00Z,2026-08-30T00:45:00+0200,320.5,MW,DK2,DK_2,forecast_offshore_wind_generation,Wind Offshore,2026-09-04T04:36:55Z
2026-09-04T04:35:40Z,2026-09-04T06:35:40+0200,9ca1d4c9-4cb5-4824-a3b1-9cadc29a987a,2026-08-29T23:00:00Z,2026-08-30T01:00:00+0200,321.166666,MW,DK2,DK_2,forecast_offshore_wind_generation,Wind Offshore,2026-09-04T04:36:55Z
2026-09-04T04:35:40Z,2026-09-04T06:35:40+0200,9ca1d4c9-4cb5-4824-a3b1-9cadc29a987a,2026-08-29T23:15:00Z,2026-08-30T01:15:00+0200,316.5,MW,DK2,DK_2,forecast_offshore_wind_generation,Wind Offshore,2026-09-04T04:36:55Z
2026-09-04T04:35:40Z,2026-09-04T06:35:40+0200,9ca1d4c9-4cb5-4824-a3b1-9cadc29a987a,2026-08-29T23:30:00Z,2026-08-30T01:30:00+0200,310.0,MW,DK2,DK_2,forecast_offshore_wind_generation,Wind Offshore,2026-09-04T04:36:55Z
2026-09-04T04:35:40Z,2026-09-04T06:35:40+0200,9ca1d4c9-4cb5-4824-a3b1-9cadc29a987a,2026-08-29T23:45:00Z,2026-08-30T01:45:00+0200,306.833333,MW,DK2,DK_2,forecast_offshore_wind_generation,Wind Offshore,2026-09-04T04:36:55Z
2026-09-04T04:35:40Z,2026-09-04T06:35:40+0200,9ca1d4c9-4cb5-4824-a3b1-9cadc29a987a,2026-08-30T00:00:00Z,2026-08-30T02:00:00+0200,316.666666,MW,DK2,DK_2,forecast_offshore_wind_generation,Wind Offshore,2026-09-04T04:36:55Z
2026-09-04T04:35:40Z,2026-09-04T06:35:40+0200,9ca1d4c9-4cb5-4824-a3b1-9cadc29a987a,2026-08-30T00:15:00Z,2026-08-30T02:15:00+0200,350.666666,MW,DK2,DK_2,forecast_offshore_wind_generation,Wind Offshore,2026-09-04T04:36:55Z
2026-09-04T04:35:40Z,2026-09-04T06:35:40+0200,9ca1d4c9-4cb5-4824-a3b1-9cadc29a987a,2026-08-30T00:30:00Z,2026-08-30T02:30:00+0200,391.333333,MW,DK2,DK_2,forecast_offshore_wind_generation,Wind Offshore,2026-09-04T04:36:55Z
2026-09-04T04:35:40Z,2026-09-04T06:35:40+0200,9ca1d4c9-4cb5-4824-a3b1-9cadc29a987a,2026-08-30T00:45:00Z,2026-08-30T02:45:00+0200,423.166666,MW,DK2,DK_2,forecast_offshore_wind_generation,Wind Offshore,2026-09-04T04:36:55Z
2026-09-04T04:35:40Z,2026-09-04T06:35:40+0200,9ca1d4c9-4cb5-4824-a3b1-9cadc29a987a,2026-08-30T01:00:00Z,2026-08-30T03:00:00+0200,434.833333,MW,DK2,DK_2,forecast_offshore_wind_generation,Wind Offshore,2026-09-04T04:36:55Z
2026-09-04T04:35:40Z,2026-09-04T06:35:40+0200,9ca1d4c9-4cb5-4824-a3b1-9cadc29a987a,2026-08-30T01:15:00Z,2026-08-30T03:15:00+0200,420.166666,MW,DK2,DK_2,forecast_offshore_wind_generation,Wind Offshore,2026-09-04T04:36:55Z
2026-09-04T04:35:40Z,2026-09-04T06:35:40+0200,9ca1d4c9-4cb5-4824-a3b1-9cadc29a987a,2026-08-30T01:30:00Z,2026-08-30T03:30:00+0200,392.833333,MW,DK2,DK_2,forecast_offshore_wind_generation,Wind Offshore,2026-09-04T04:36:55Z
2026-09-04T04:35:40Z,2026-09-04T06:35:40+0200,9ca1d4c9-4cb5-4824-a3b1-9cadc29a987a,2026-08-30T01:45:00Z,2026-08-30T03:45:00+0200,382.5,MW,DK2,DK_2,forecast_offshore_wind_generation,Wind Offshore,2026-09-04T04:36:55Z
2026-09-04T04:35:40Z,2026-09-04T06:35:40+0200,9ca1d4c9-4cb5-4824-a3b1-9cadc29a987a,2026-08-30T02:00:00Z,2026-08-30T04:00:00+0200,393.166666,MW,DK2,DK_2,forecast_offshore_wind_generation,Wind Offshore,2026-09-04T04:36:55Z
2026-09-04T04:35:40Z,2026-09-04T06:35:40+0200,9ca1d4c9-4cb5-4824-a3b1-9cadc29a987a,2026-08-30T02:15:00Z,2026-08-30T04:15:00+0200,414.666666,MW,DK2,DK_2,forecast_offshore_wind_generation,Wind Offshore,2026-09-04T04:36:55Z
2026-09-04T04:35:40Z,2026-09-04T06:35:40+0200,9ca1d4c9-4cb5-4824-a3b1-9cadc29a987a,2026-08-30T02:30:00Z,2026-08-30T04:30:00+0200,442.0,MW,DK2,DK_2,forecast_offshore_wind_generation,Wind Offshore,2026-09-04T04:36:55Z
2026-09-04T04:35:40Z,2026-09-04T06:35:40+0200,9ca1d4c9-4cb5-4824-a3b1-9cadc29a987a,2026-08-30T02:45:00Z,2026-08-30T04:45:00+0200,472.833333,MW,DK2,DK_2,forecast_offshore_wind_generation,Wind Offshore,2026-09-04T04:36:55Z
2026-09-04T04:35:40Z,2026-09-04T06:35:40+0200,9ca1d4c9-4cb5-4824-a3b1-9cadc29a987a,2026-08-30T03:00:00Z,2026-08-30T05:00:00+0200,500.5,MW,DK2,DK_2,forecast_offshore_wind_generation,Wind Offshore,2026-09-04T04:36:55Z
2026-09-04T04:35:40Z,2026-09-04T06:35:40+0200,9ca1d4c9-4cb5-4824-a3b1-9cadc29a987a,2026-08-30T03:15:00Z,2026-08-30T05:15:00+0200,526.833333,MW,DK2,DK_2,forecast_offshore_wind_generation,Wind Offshore,2026-09-04T04:36:55Z
2026-09-04T04:35:40Z,2026-09-04T06:35:40+0200,9ca1d4c9-4cb5-4824-a3b1-9cadc29a987a,2026-08-30T03:30:00Z,2026-08-30T05:30:00+0200,550.333333,MW,DK2,DK_2,forecast_offshore_wind_generation,Wind Offshore,2026-09-04T04:36:55Z
2026-09-04T04:35:40Z,2026-09-04T06:35:40+0200,9ca1d4c9-4cb5-4824-a3b1-9cadc29a987a,2026-08-30T03:45:00Z,2026-08-30T05:45:00+0200,570.333333,MW,DK2,DK_2,forecast_offshore_wind_generation,Wind Offshore,2026-09-04T04:36:55Z
2026-09-04T04:35:40Z,2026-09-04T06:35:40+0200,9ca1d4c9-4cb5-4824-a3b1-9cadc29a987a,2026-08-30T04:00:00Z,2026-08-30T06:00:00+0200,586.333333,MW,DK2,DK_2,forecast_offshore_wind_generation,Wind Offshore,2026-09-04T04:36:55Z
2026-09-04T04:35:40Z,2026-09-04T06:35:40+0200,9ca1d4c9-4cb5-4824-a3b1-9cadc29a987a,2026-08-30T04:15:00Z,2026-08-30T06:15:00+0200,599.0,MW,DK2,DK_2,forecast_offshore_wind_generation,Wind Offshore,2026-09-04T04:36:55Z
2026-09-04T04:35:40Z,2026-09-04T06:35:40+0200,9ca1d4c9-4cb5-4824-a3b1-9cadc29a987a,2026-08-30T04:30:00Z,2026-08-30T06:30:00+0200,610.166666,MW,DK2,DK_2,forecast_offshore_wind_generation,Wind Offshore,2026-09-04T04:36:55Z
2026-09-04T04:35:40Z,2026-09-04T06:35:40+0200,9ca1d4c9-4cb5-4824-a3b1-9cadc29a987a,2026-08-30T04:45:00Z,2026-08-30T06:45:00+0200,620.333333,MW,DK2,DK_2,forecast_offshore_wind_generation,Wind Offshore,2026-09-04T04:36:55Z
2026-09-04T04:35:40Z,2026-09-04T06:35:40+0200,9ca1d4c9-4cb5-4824-a3b1-9cadc29a987a,2026-08-30T05:00:00Z,2026-08-30T07:00:00+0200,630.166666,MW,DK2,DK_2,forecast_offshore_wind_generation,Wind Offshore,2026-09-04T04:36:55Z
2026-09-04T04:35:40Z,2026-09-04T06:35:40+0200,9ca1d4c9-4cb5-4824-a3b1-9cadc29a987a,2026-08-30T05:15:00Z,2026-08-30T07:15:00+0200,644.333333,MW,DK2,DK_2,forecast_offshore_wind_generation,Wind Offshore,2026-09-04T04:36:55Z
2026-09-04T04:35:40Z,2026-09-04T06:35:40+0200,9ca1d4c9-4cb5-4824-a3b1-9cadc29a987a,2026-08-30T05:30:00Z,2026-08-30T07:30:00+0200,658.333333,MW,DK2,DK_2,forecast_offshore_wind_generation,Wind Offshore,2026-09-04T04:36:55Z
2026-09-04T04:35:40Z,2026-09-04T06:35:40+0200,9ca1d4c9-4cb5-4824-a3b1-9cadc29a987a,2026-08-30T05:45:00Z,2026-08-30T07:45:00+0200,670.666666,MW,DK2,DK_2,forecast_offshore_wind_generation,Wind Offshore,2026-09-04T04:36:55Z
2026-09-04T04:35:40Z,2026-09-04T06:35:40+0200,9ca1d4c9-4cb5-4824-a3b1-9cadc29a987a,2026-08-30T06:00:00Z,2026-08-30T08:00:00+0200,678.833333,MW,DK2,DK_2,forecast_offshore_wind_generation,Wind Offshore,2026-09-04T04:36:55Z
2026-09-04T04:35:40Z,2026-09-04T06:35:40+0200,9ca1d4c9-4cb5-4824-a3b1-9cadc29a987a,2026-08-30T06:15:00Z,2026-08-30T08:15:00+0200,685.5,MW,DK2,DK_2,forecast_offshore_wind_generation,Wind Offshore,2026-09-04T04:36:55Z
2026-09-04T04:35:40Z,2026-09-04T06:35:40+0200,9ca1d4c9-4cb5-4824-a3b1-9cadc29a987a,2026-08-30T06:30:00Z,2026-08-30T08:30:00+0200,692.166666,MW,DK2,DK_2,forecast_offshore_wind_generation,Wind Offshore,2026-09-04T04:36:55Z
2026-09-04T04:35:40Z,2026-09-04T06:35:40+0200,9ca1d4c9-4cb5-4824-a3b1-9cadc29a987a,2026-08-30T06:45:00Z,2026-08-30T08:45:00+0200,699.166666,MW,DK2,DK_2,forecast_offshore_wind_generation,Wind Offshore,2026-09-04T04:36:55Z
2026-09-04T04:35:40Z,2026-09-04T06:35:40+0200,9ca1d4c9-4cb5-4824-a3b1-9cadc29a987a,2026-08-30T07:00:00Z,2026-08-30T09:00:00+0200,707.5,MW,DK2,DK_2,forecast_offshore_wind_generation,Wind Offshore,2026-09-04T04:36:55Z
2026-09-04T04:35:40Z,2026-09-04T06:35:40+0200,9ca1d4c9-4cb5-4824-a3b1-9cadc29a987a,2026-08-30T07:15:00Z,2026-08-30T09:15:00+0200,716.666666,MW,DK2,DK_2,forecast_offshore_wind_generation,Wind Offshore,2026-09-04T04:36:55Z
2026-09-04T04:35:40Z,2026-09-04T06:35:40+0200,9ca1d4c9-4cb5-4824-a3b1-9cadc29a987a,2026-08-30T07:30:00Z,2026-08-30T09:30:00+0200,727.0,MW,DK2,DK_2,forecast_offshore_wind_generation,Wind Offshore,2026-09-04T04:36:55Z
2026-09-04T04:35:40Z,2026-09-04T06:35:40+0200,9ca1d4c9-4cb5-4824-a3b1-9cadc29a987a,2026-08-30T07:45:00Z,2026-08-30T09:45:00+0200,737.5,MW,DK2,DK_2,forecast_offshore_wind_generation,Wind Offshore,2026-09-04T04:36:55Z
2026-09-04T04:35:40Z,2026-09-04T06:35:40+0200,9ca1d4c9-4cb5-4824-a3b1-9cadc29a987a,2026-08-30T08:00:00Z,2026-08-30T10:00:00+0200,748.166666,MW,DK2,DK_2,forecast_offshore_wind_generation,Wind Offshore,2026-09-04T04:36:55Z
2026-09-04T04:35:40Z,2026-09-04T06:35:40+0200,9ca1d4c9-4cb5-4824-a3b1-9cadc29a987a,2026-08-30T08:15:00Z,2026-08-30T10:15:00+0200,760.5,MW,DK2,DK_2,forecast_offshore_wind_generation,Wind Offshore,2026-09-04T04:36:55Z
2026-09-04T04:35:40Z,2026-09-04T06:35:40+0200,9ca1d4c9-4cb5-4824-a3b1-9cadc29a987a,2026-08-30T08:30:00Z,2026-08-30T10:30:00+0200,771.833333,MW,DK2,DK_2,forecast_offshore_wind_generation,Wind Offshore,2026-09-04T04:36:55Z
2026-09-04T04:35:40Z,2026-09-04T06:35:40+0200,9ca1d4c9-4cb5-4824-a3b1-9cadc29a987a,2026-08-30T08:45:00Z,2026-08-30T10:45:00+0200,780.333333,MW,DK2,DK_2,forecast_offshore_wind_generation,Wind Offshore,2026-09-04T04:36:55Z
2026-09-04T04:35:40Z,2026-09-04T06:35:40+0200,9ca1d4c9-4cb5-4824-a3b1-9cadc29a987a,2026-08-30T09:00:00Z,2026-08-30T11:00:00+0200,788.333333,MW,DK2,DK_2,forecast_offshore_wind_generation,Wind Offshore,2026-09-04T04:36:55Z
2026-09-04T04:35:40Z,2026-09-04T06:35:40+0200,9ca1d4c9-4cb5-4824-a3b1-9cadc29a987a,2026-08-30T09:15:00Z,2026-08-30T11:15:00+0200,795.166666,MW,DK2,DK_2,forecast_offshore_wind_generation,Wind Offshore,2026-09-04T04:36:55Z
2026-09-04T04:35:40Z,2026-09-04T06:35:40+0200,9ca1d4c9-4cb5-4824-a3b1-9cadc29a987a,2026-08-30T09:30:00Z,2026-08-30T11:30:00+0200,802.0,MW,DK2,DK_2,forecast_offshore_wind_generation,Wind Offshore,2026-09-04T04:36:55Z
2026-09-04T04:35:40Z,2026-09-04T06:35:40+0200,9ca1d4c9-4cb5-4824-a3b1-9cadc29a987a,2026-08-30T09:45:00Z,2026-08-30T11:45:00+0200,807.833333,MW,DK2,DK_2,forecast_offshore_wind_generation,Wind Offshore,2026-09-04T04:36:55Z
2026-09-04T04:35:40Z,2026-09-04T06:35:40+0200,9ca1d4c9-4cb5-4824-a3b1-9cadc29a987a,2026-08-30T10:00:00Z,2026-08-30T12:00:00+0200,812.333333,MW,DK2,DK_2,forecast_offshore_wind_generation,Wind Offshore,2026-09-04T04:36:55Z
2026-09-04T04:35:40Z,2026-09-04T06:35:40+0200,9ca1d4c9-4cb5-4824-a3b1-9cadc29a987a,2026-08-30T10:15:00Z,2026-08-30T12:15:00+0200,815.5,MW,DK2,DK_2,forecast_offshore_wind_generation,Wind Offshore,2026-09-04T04:36:55Z
2026-09-04T04:35:40Z,2026-09-04T06:35:40+0200,9ca1d4c9-4cb5-4824-a3b1-9cadc29a987a,2026-08-30T10:30:00Z,2026-08-30T12:30:00+0200,818.5,MW,DK2,DK_2,forecast_offshore_wind_generation,Wind Offshore,2026-09-04T04:36:55Z
2026-09-04T04:35:40Z,2026-09-04T06:35:40+0200,9ca1d4c9-4cb5-4824-a3b1-9cadc29a987a,2026-08-30T10:45:00Z,2026-08-30T12:45:00+0200,821.5,MW,DK2,DK_2,forecast_offshore_wind_generation,Wind Offshore,2026-09-04T04:36:55Z
2026-09-04T04:35:40Z,2026-09-04T06:35:40+0200,9ca1d4c9-4cb5-4824-a3b1-9cadc29a987a,2026-08-30T11:00:00Z,2026-08-30T13:00:00+0200,824.5,MW,DK2,DK_2,forecast_offshore_wind_generation,Wind Offshore,2026-09-04T04:36:55Z
2026-09-04T04:35:40Z,2026-09-04T06:35:40+0200,9ca1d4c9-4cb5-4824-a3b1-9cadc29a987a,2026-08-30T11:15:00Z,2026-08-30T13:15:00+0200,828.5,MW,DK2,DK_2,forecast_offshore_wind_generation,Wind Offshore,2026-09-04T04:36:55Z
2026-09-04T04:35:40Z,2026-09-04T06:35:40+0200,9ca1d4c9-4cb5-4824-a3b1-9cadc29a987a,2026-08-30T11:30:00Z,2026-08-30T13:30:00+0200,833.333333,MW,DK2,DK_2,forecast_offshore_wind_generation,Wind Offshore,2026-09-04T04:36:55Z
2026-09-04T04:35:40Z,2026-09-04T06:35:40+0200,9ca1d4c9-4cb5-4824-a3b1-9cadc29a987a,2026-08-30T11:45:00Z,2026-08-30T13:45:00+0200,836.333333,MW,DK2,DK_2,forecast_offshore_wind_generation,Wind Offshore,2026-09-04T04:36:55Z
2026-09-04T04:35:40Z,2026-09-04T06:35:40+0200,9ca1d4c9-4cb5-4824-a3b1-9cadc29a987a,2026-08-30T12:00:00Z,2026-08-30T14:00:00+0200,838.0,MW,DK2,DK_2,forecast_offshore_wind_generation,Wind Offshore,2026-09-04T04:36:55Z
2026-09-04T04:35:40Z,2026-09-04T06:35:40+0200,9ca1d4c9-4cb5-4824-a3b1-9cadc29a987a,2026-08-30T12:15:00Z,2026-08-30T14:15:00+0200,839.166666,MW,DK2,DK_2,forecast_offshore_wind_generation,Wind Offshore,2026-09-04T04:36:55Z
2026-09-04T04:35:40Z,2026-09-04T06:35:40+0200,9ca1d4c9-4cb5-4824-a3b1-9cadc29a987a,2026-08-30T12:30:00Z,2026-08-30T14:30:00+0200,840.0,MW,DK2,DK_2,forecast_offshore_wind_generation,Wind Offshore,2026-09-04T04:36:55Z
2026-09-04T04:35:40Z,2026-09-04T06:35:40+0200,9ca1d4c9-4cb5-4824-a3b1-9cadc29a987a,2026-08-30T12:45:00Z,2026-08-30T14:45:00+0200,840.833333,MW,DK2,DK_2,forecast_offshore_wind_generation,Wind Offshore,2026-09-04T04:36:55Z
2026-09-04T04:35:40Z,2026-09-04T06:35:40+0200,9ca1d4c9-4cb5-4824-a3b1-9cadc29a987a,2026-08-30T13:00:00Z,2026-08-30T15:00:00+0200,841.166666,MW,DK2,DK_2,forecast_offshore_wind_generation,Wind Offshore,2026-09-04T04:36:55Z
2026-09-04T04:35:40Z,2026-09-04T06:35:40+0200,9ca1d4c9-4cb5-4824-a3b1-9cadc29a987a,2026-08-30T13:15:00Z,2026-08-30T15:15:00+0200,843.0,MW,DK2,DK_2,forecast_offshore_wind_generation,Wind Offshore,2026-09-04T04:36:55Z
2026-09-04T04:35:40Z,2026-09-04T06:35:40+0200,9ca1d4c9-4cb5-4824-a3b1-9cadc29a987a,2026-08-30T13:30:00Z,2026-08-30T15:30:00+0200,845.333333,MW,DK2,DK_2,forecast_offshore_wind_generation,Wind Offshore,2026-09-04T04:36:55Z
2026-09-04T04:35:40Z,2026-09-04T06:35:40+0200,9ca1d4c9-4cb5-4824-a3b1-9cadc29a987a,2026-08-30T13:45:00Z,2026-08-30T15:45:00+0200,846.166666,MW,DK2,DK_2,forecast_offshore_wind_generation,Wind Offshore,2026-09-04T04:36:55Z
2026-09-04T04:35:40Z,2026-09-04T06:35:40+0200,9ca1d4c9-4cb5-4824-a3b1-9cadc29a987a,2026-08-30T14:00:00Z,2026-08-30T16:00:00+0200,847.166666,MW,DK2,DK_2,forecast_offshore_wind_generation,Wind Offshore,2026-09-04T04:36:55Z
2026-09-04T04:35:40Z,2026-09-04T06:35:40+0200,9ca1d4c9-4cb5-4824-a3b1-9cadc29a987a,2026-08-30T14:15:00Z,2026-08-30T16:15:00+0200,846.5,MW,DK2,DK_2,forecast_offshore_wind_generation,Wind Offshore,2026-09-04T04:36:55Z
2026-09-04T04:35:40Z,2026-09-04T06:35:40+0200,9ca1d4c9-4cb5-4824-a3b1-9cadc29a987a,2026-08-30T14:30:00Z,2026-08-30T16:30:00+0200,843.5,MW,DK2,DK_2,forecast_offshore_wind_generation,Wind Offshore,2026-09-04T04:36:55Z
2026-09-04T04:35:40Z,2026-09-04T06:35:40+0200,9ca1d4c9-4cb5-4824-a3b1-9cadc29a987a,2026-08-30T14:45:00Z,2026-08-30T16:45:00+0200,840.0,MW,DK2,DK_2,forecast_offshore_wind_generation,Wind Offshore,2026-09-04T04:36:55Z
2026-09-04T04:35:40Z,2026-09-04T06:35:40+0200,9ca1d4c9-4cb5-4824-a3b1-9cadc29a987a,2026-08-30T15:00:00Z,2026-08-30T17:00:00+0200,835.833333,MW,DK2,DK_2,forecast_offshore_wind_generation,Wind Offshore,2026-09-04T04:36:55Z
2026-09-04T04:35:40Z,2026-09-04T06:35:40+0200,9ca1d4c9-4cb5-4824-a3b1-9cadc29a987a,2026-08-30T15:15:00Z,2026-08-30T17:15:00+0200,830.333333,MW,DK2,DK_2,forecast_offshore_wind_generation,Wind Offshore,2026-09-04T04:36:55Z
2026-09-04T04:35:40Z,2026-09-04T06:35:40+0200,9ca1d4c9-4cb5-4824-a3b1-9cadc29a987a,2026-08-30T15:30:00Z,2026-08-30T17:30:00+0200,823.0,MW,DK2,DK_2,forecast_offshore_wind_generation,Wind Offshore,2026-09-04T04:36:55Z
2026-09-04T04:35:40Z,2026-09-04T06:35:40+0200,9ca1d4c9-4cb5-4824-a3b1-9cadc29a987a,2026-08-30T15:45:00Z,2026-08-30T17:45:00+0200,814.5,MW,DK2,DK_2,forecast_offshore_wind_generation,Wind Offshore,2026-09-04T04:36:55Z
2026-09-04T04:35:40Z,2026-09-04T06:35:40+0200,9ca1d4c9-4cb5-4824-a3b1-9cadc29a987a,2026-08-30T16:00:00Z,2026-08-30T18:00:00+0200,804.666666,MW,DK2,DK_2,forecast_offshore_wind_generation,Wind Offshore,2026-09-04T04:36:55Z
2026-09-04T04:35:40Z,2026-09-04T06:35:40+0200,9ca1d4c9-4cb5-4824-a3b1-9cadc29a987a,2026-08-30T16:15:00Z,2026-08-30T18:15:00+0200,789.0,MW,DK2,DK_2,forecast_offshore_wind_generation,Wind Offshore,2026-09-04T04:36:55Z
2026-09-04T04:35:40Z,2026-09-04T06:35:40+0200,9ca1d4c9-4cb5-4824-a3b1-9cadc29a987a,2026-08-30T16:30:00Z,2026-08-30T18:30:00+0200,770.5,MW,DK2,DK_2,forecast_offshore_wind_generation,Wind Offshore,2026-09-04T04:36:55Z
2026-09-04T04:35:40Z,2026-09-04T06:35:40+0200,9ca1d4c9-4cb5-4824-a3b1-9cadc29a987a,2026-08-30T16:45:00Z,2026-08-30T18:45:00+0200,753.5,MW,DK2,DK_2,forecast_offshore_wind_generation,Wind Offshore,2026-09-04T04:36:55Z
2026-09-04T04:35:40Z,2026-09-04T06:35:40+0200,9ca1d4c9-4cb5-4824-a3b1-9cadc29a987a,2026-08-30T17:00:00Z,2026-08-30T19:00:00+0200,744.0,MW,DK2,DK_2,forecast_offshore_wind_generation,Wind Offshore,2026-09-04T04:36:55Z
2026-09-04T04:35:40Z,2026-09-04T06:35:40+0200,9ca1d4c9-4cb5-4824-a3b1-9cadc29a987a,2026-08-30T17:15:00Z,2026-08-30T19:15:00+0200,736.0,MW,DK2,DK_2,forecast_offshore_wind_generation,Wind Offshore,2026-09-04T04:36:55Z
2026-09-04T04:35:40Z,2026-09-04T06:35:40+0200,9ca1d4c9-4cb5-4824-a3b1-9cadc29a987a,2026-08-30T17:30:00Z,2026-08-30T19:30:00+0200,728.5,MW,DK2,DK_2,forecast_offshore_wind_generation,Wind Offshore,2026-09-04T04:36:55Z
2026-09-04T04:35:40Z,2026-09-04T06:35:40+0200,9ca1d4c9-4cb5-4824-a3b1-9cadc29a987a,2026-08-30T17:45:00Z,2026-08-30T19:45:00+0200,720.666666,MW,DK2,DK_2,forecast_offshore_wind_generation,Wind Offshore,2026-09-04T04:36:55Z
2026-09-04T04:35:40Z,2026-09-04T06:35:40+0200,9ca1d4c9-4cb5-4824-a3b1-9cadc29a987a,2026-08-30T18:00:00Z,2026-08-30T20:00:00+0200,713.333333,MW,DK2,DK_2,forecast_offshore_wind_generation,Wind Offshore,2026-09-04T04:36:55Z
2026-09-04T04:35:40Z,2026-09-04T06:35:40+0200,9ca1d4c9-4cb5-4824-a3b1-9cadc29a987a,2026-08-30T18:15:00Z,2026-08-30T20:15:00+0200,705.0,MW,DK2,DK_2,forecast_offshore_wind_generation,Wind Offshore,2026-09-04T04:36:55Z
2026-09-04T04:35:40Z,2026-09-04T06:35:40+0200,9ca1d4c9-4cb5-4824-a3b1-9cadc29a987a,2026-08-30T18:30:00Z,2026-08-30T20:30:00+0200,695.5,MW,DK2,DK_2,forecast_offshore_wind_generation,Wind Offshore,2026-09-04T04:36:55Z
2026-09-04T04:35:40Z,2026-09-04T06:35:40+0200,9ca1d4c9-4cb5-4824-a3b1-9cadc29a987a,2026-08-30T18:45:00Z,2026-08-30T20:45:00+0200,684.5,MW,DK2,DK_2,forecast_offshore_wind_generation,Wind Offshore,2026-09-04T04:36:55Z
2026-09-04T04:35:40Z,2026-09-04T06:35:40+0200,9ca1d4c9-4cb5-4824-a3b1-9cadc29a987a,2026-08-30T19:00:00Z,2026-08-30T21:00:00+0200,669.833333,MW,DK2,DK_2,forecast_offshore_wind_generation,Wind Offshore,2026-09-04T04:36:55Z
2026-09-04T04:35:40Z,2026-09-04T06:35:40+0200,9ca1d4c9-4cb5-4824-a3b1-9cadc29a987a,2026-08-30T19:15:00Z,2026-08-30T21:15:00+0200,646.5,MW,DK2,DK_2,forecast_offshore_wind_generation,Wind Offshore,2026-09-04T04:36:55Z
2026-09-04T04:35:40Z,2026-09-04T06:35:40+0200,9ca1d4c9-4cb5-4824-a3b1-9cadc29a987a,2026-08-30T19:30:00Z,2026-08-30T21:30:00+0200,614.666666,MW,DK2,DK_2,forecast_offshore_wind_generation,Wind Offshore,2026-09-04T04:36:55Z
2026-09-04T04:35:40Z,2026-09-04T06:35:40+0200,9ca1d4c9-4cb5-4824-a3b1-9cadc29a987a,2026-08-30T19:45:00Z,2026-08-30T21:45:00+0200,587.166666,MW,DK2,DK_2,forecast_offshore_wind_generation,Wind Offshore,2026-09-04T04:36:55Z
2026-09-04T04:35:40Z,2026-09-04T06:35:40+0200,9ca1d4c9-4cb5-4824-a3b1-9cadc29a987a,2026-08-30T20:00:00Z,2026-08-30T22:00:00+0200,570.0,MW,DK2,DK_2,forecast_offshore_wind_generation,Wind Offshore,2026-09-04T04:36:55Z
2026-09-04T04:35:40Z,2026-09-04T06:35:40+0200,9ca1d4c9-4cb5-4824-a3b1-9cadc29a987a,2026-08-30T20:15:00Z,2026-08-30T22:15:00+0200,559.5,MW,DK2,DK_2,forecast_offshore_wind_generation,Wind Offshore,2026-09-04T04:36:55Z
2026-09-04T04:35:40Z,2026-09-04T06:35:40+0200,9ca1d4c9-4cb5-4824-a3b1-9cadc29a987a,2026-08-30T20:30:00Z,2026-08-30T22:30:00+0200,550.333333,MW,DK2,DK_2,forecast_offshore_wind_generation,Wind Offshore,2026-09-04T04:36:55Z
2026-09-04T04:35:40Z,2026-09-04T06:35:40+0200,9ca1d4c9-4cb5-4824-a3b1-9cadc29a987a,2026-08-30T20:45:00Z,2026-08-30T22:45:00+0200,539.666666,MW,DK2,DK_2,forecast_offshore_wind_generation,Wind Offshore,2026-09-04T04:36:55Z
2026-09-04T04:35:40Z,2026-09-04T06:35:40+0200,9ca1d4c9-4cb5-4824-a3b1-9cadc29a987a,2026-08-30T21:00:00Z,2026-08-30T23:00:00+0200,522.666666,MW,DK2,DK_2,forecast_offshore_wind_generation,Wind Offshore,2026-09-04T04:36:55Z
2026-09-04T04:35:40Z,2026-09-04T06:35:40+0200,9ca1d4c9-4cb5-4824-a3b1-9cadc29a987a,2026-08-30T21:15:00Z,2026-08-30T23:15:00+0200,492.5,MW,DK2,DK_2,forecast_offshore_wind_generation,Wind Offshore,2026-09-04T04:36:55Z
2026-09-04T04:35:40Z,2026-09-04T06:35:40+0200,9ca1d4c9-4cb5-4824-a3b1-9cadc29a987a,2026-08-30T21:30:00Z,2026-08-30T23:30:00+0200,454.833333,MW,DK2,DK_2,forecast_offshore_wind_generation,Wind Offshore,2026-09-04T04:36:55Z
2026-09-04T04:35:40Z,2026-09-04T06:35:40+0200,9ca1d4c9-4cb5-4824-a3b1-9cadc29a987a,2026-08-30T21:45:00Z,2026-08-30T23:45:00+0200,416.5,MW,DK2,DK_2,forecast_offshore_wind_generation,Wind Offshore,2026-09-04T04:36:55Z
2026-09-04T04:35:40Z,2026-09-04T06:35:40+0200,9ca1d4c9-4cb5-4824-a3b1-9cadc29a987a,2026-08-30T22:00:00Z,2026-08-31T00:00:00+0200,363.166666,MW,DK2,DK_2,forecast_offshore_wind_generation,Wind Offshore,2026-09-04T04:36:55Z
2026-09-04T04:35:40Z,2026-09-04T06:35:40+0200,9ca1d4c9-4cb5-4824-a3b1-9cadc29a987a,2026-08-30T22:15:00Z,2026-08-31T00:15:00+0200,341.833333,MW,DK2,DK_2,forecast_offshore_wind_generation,Wind Offshore,2026-09-04T04:36:55Z
2026-09-04T04:35:40Z,2026-09-04T06:35:40+0200,9ca1d4c9-4cb5-4824-a3b1-9cadc29a987a,2026-08-30T22:30:00Z,2026-08-31T00:30:00+0200,318.666666,MW,DK2,DK_2,forecast_offshore_wind_generation,Wind Offshore,2026-09-04T04:36:55Z
2026-09-04T04:35:40Z,2026-09-04T06:35:40+0200,9ca1d4c9-4cb5-4824-a3b1-9cadc29a987a,2026-08-30T22:45:00Z,2026-08-31T00:45:00+0200,298.333333,MW,DK2,DK_2,forecast_offshore_wind_generation,Wind Offshore,2026-09-04T04:36:55Z
2026-09-04T04:35:40Z,2026-09-04T06:35:40+0200,9ca1d4c9-4cb5-4824-a3b1-9cadc29a987a,2026-08-30T23:00:00Z,2026-08-31T01:00:00+0200,282.666666,MW,DK2,DK_2,forecast_offshore_wind_generation,Wind Offshore,2026-09-04T04:36:55Z
2026-09-04T04:35:40Z,2026-09-04T06:35:40+0200,9ca1d4c9-4cb5-4824-a3b1-9cadc29a987a,2026-08-30T23:15:00Z,2026-08-31T01:15:00+0200,269.0,MW,DK2,DK_2,forecast_offshore_wind_generation,Wind Offshore,2026-09-04T04:36:55Z
2026-09-04T04:35:40Z,2026-09-04T06:35:40+0200,9ca1d4c9-4cb5-4824-a3b1-9cadc29a987a,2026-08-30T23:30:00Z,2026-08-31T01:30:00+0200,255.833333,MW,DK2,DK_2,forecast_offshore_wind_generation,Wind Offshore,2026-09-04T04:36:55Z
2026-09-04T04:35:40Z,2026-09-04T06:35:40+0200,9ca1d4c9-4cb5-4824-a3b1-9cadc29a987a,2026-08-30T23:45:00Z,2026-08-31T01:45:00+0200,242.833333,MW,DK2,DK_2,forecast_offshore_wind_generation,Wind Offshore,2026-09-04T04:36:55Z
2026-09-04T04:35:40Z,2026-09-04T06:35:40+0200,9ca1d4c9-4cb5-4824-a3b1-9cadc29a987a,2026-08-31T00:00:00Z,2026-08-31T02:00:00+0200,226.833333,MW,DK2,DK_2,forecast_offshore_wind_generation,Wind Offshore,2026-09-04T04:36:55Z
2026-09-04T04:35:40Z,2026-09-04T06:35:40+0200,9ca1d4c9-4cb5-4824-a3b1-9cadc29a987a,2026-08-31T00:15:00Z,2026-08-31T02:15:00+0200,205.166666,MW,DK2,DK_2,forecast_offshore_wind_generation,Wind Offshore,2026-09-04T04:36:55Z
2026-09-04T04:35:40Z,2026-09-04T06:35:40+0200,9ca1d4c9-4cb5-4824-a3b1-9cadc29a987a,2026-08-31T00:30:00Z,2026-08-31T02:30:00+0200,184.666666,MW,DK2,DK_2,forecast_offshore_wind_generation,Wind Offshore,2026-09-04T04:36:55Z
2026-09-04T04:35:40Z,2026-09-04T06:35:40+0200,9ca1d4c9-4cb5-4824-a3b1-9cadc29a987a,2026-08-31T00:45:00Z,2026-08-31T02:45:00+0200,168.5,MW,DK2,DK_2,forecast_offshore_wind_generation,Wind Offshore,2026-09-04T04:36:55Z
2026-09-04T04:35:40Z,2026-09-04T06:35:40+0200,9ca1d4c9-4cb5-4824-a3b1-9cadc29a987a,2026-08-31T01:00:00Z,2026-08-31T03:00:00+0200,156.0,MW,DK2,DK_2,forecast_offshore_wind_generation,Wind Offshore,2026-09-04T04:36:55Z
2026-09-04T04:35:40Z,2026-09-04T06:35:40+0200,9ca1d4c9-4cb5-4824-a3b1-9cadc29a987a,2026-08-31T01:15:00Z,2026-08-31T03:15:00+0200,146.5,MW,DK2,DK_2,forecast_offshore_wind_generation,Wind Offshore,2026-09-04T04:36:55Z
2026-09-04T04:35:40Z,2026-09-04T06:35:40+0200,9ca1d4c9-4cb5-4824-a3b1-9cadc29a987a,2026-08-31T01:30:00Z,2026-08-31T03:30:00+0200,139.5,MW,DK2,DK_2,forecast_offshore_wind_generation,Wind Offshore,2026-09-04T04:36:55Z
2026-09-04T04:35:40Z,2026-09-04T06:35:40+0200,9ca1d4c9-4cb5-4824-a3b1-9cadc29a987a,2026-08-31T01:45:00Z,2026-08-31T03:45:00+0200,134.666666,MW,DK2,DK_2,forecast_offshore_wind_generation,Wind Offshore,2026-09-04T04:36:55Z
2026-09-04T04:35:40Z,2026-09-04T06:35:40+0200,9ca1d4c9-4cb5-4824-a3b1-9cadc29a987a,2026-08-31T02:00:00Z,2026-08-31T04:00:00+0200,131.666666,MW,DK2,DK_2,forecast_offshore_wind_generation,Wind Offshore,2026-09-04T04:36:55Z
2026-09-04T04:35:40Z,2026-09-04T06:35:40+0200,9ca1d4c9-4cb5-4824-a3b1-9cadc29a987a,2026-08-31T02:15:00Z,2026-08-31T04:15:00+0200,130.666666,MW,DK2,DK_2,forecast_offshore_wind_generation,Wind Offshore,2026-09-04T04:36:55Z
2026-09-04T04:35:40Z,2026-09-04T06:35:40+0200,9ca1d4c9-4cb5-4824-a3b1-9cadc29a987a,2026-08-31T02:30:00Z,2026-08-31T04:30:00+0200,131.5,MW,DK2,DK_2,forecast_offshore_wind_generation,Wind Offshore,2026-09-04T04:36:55Z
2026-09-04T04:35:40Z,2026-09-04T06:35:40+0200,9ca1d4c9-4cb5-4824-a3b1-9cadc29a987a,2026-08-31T02:45:00Z,2026-08-31T04:45:00+0200,135.166666,MW,DK2,DK_2,forecast_offshore_wind_generation,Wind Offshore,2026-09-04T04:36:55Z
2026-09-04T04:35:40Z,2026-09-04T06:35:40+0200,9ca1d4c9-4cb5-4824-a3b1-9cadc29a987a,2026-08-31T03:00:00Z,2026-08-31T05:00:00+0200,140.0,MW,DK2,DK_2,forecast_offshore_wind_generation,Wind Offshore,2026-09-04T04:36:55Z
2026-09-04T04:35:40Z,2026-09-04T06:35:40+0200,9ca1d4c9-4cb5-4824-a3b1-9cadc29a987a,2026-08-31T03:15:00Z,2026-08-31T05:15:00+0200,146.666666,MW,DK2,DK_2,forecast_offshore_wind_generation,Wind Offshore,2026-09-04T04:36:55Z
2026-09-04T04:35:40Z,2026-09-04T06:35:40+0200,9ca1d4c9-4cb5-4824-a3b1-9cadc29a987a,2026-08-31T03:30:00Z,2026-08-31T05:30:00+0200,155.666666,MW,DK2,DK_2,forecast_offshore_wind_generation,Wind Offshore,2026-09-04T04:36:55Z
2026-09-04T04:35:40Z,2026-09-04T06:35:40+0200,9ca1d4c9-4cb5-4824-a3b1-9cadc29a987a,2026-08-31T03:45:00Z,2026-08-31T05:45:00+0200,167.166666,MW,DK2,DK_2,forecast_offshore_wind_generation,Wind Offshore,2026-09-04T04:36:55Z
2026-09-04T04:35:40Z,2026-09-04T06:35:40+0200,9ca1d4c9-4cb5-4824-a3b1-9cadc29a987a,2026-08-31T04:00:00Z,2026-08-31T06:00:00+0200,181.666666,MW,DK2,DK_2,forecast_offshore_wind_generation,Wind Offshore,2026-09-04T04:36:55Z
2026-09-04T04:35:40Z,2026-09-04T06:35:40+0200,9ca1d4c9-4cb5-4824-a3b1-9cadc29a987a,2026-08-31T04:15:00Z,2026-08-31T06:15:00+0200,198.666666,MW,DK2,DK_2,forecast_offshore_wind_generation,Wind Offshore,2026-09-04T04:36:55Z
2026-09-04T04:35:40Z,2026-09-04T06:35:40+0200,9ca1d4c9-4cb5-4824-a3b1-9cadc29a987a,2026-08-31T04:30:00Z,2026-08-31T06:30:00+0200,217.0,MW,DK2,DK_2,forecast_offshore_wind_generation,Wind Offshore,2026-09-04T04:36:55Z
2026-09-04T04:35:40Z,2026-09-04T06:35:40+0200,9ca1d4c9-4cb5-4824-a3b1-9cadc29a987a,2026-08-31T04:45:00Z,2026-08-31T06:45:00+0200,234.333333,MW,DK2,DK_2,forecast_offshore_wind_generation,Wind Offshore,2026-09-04T04:36:55Z
2026-09-04T04:35:40Z,2026-09-04T06:35:40+0200,9ca1d4c9-4cb5-4824-a3b1-9cadc29a987a,2026-08-31T05:00:00Z,2026-08-31T07:00:00+0200,248.0,MW,DK2,DK_2,forecast_offshore_wind_generation,Wind Offshore,2026-09-04T04:36:55Z
2026-09-04T04:35:40Z,2026-09-04T06:35:40+0200,9ca1d4c9-4cb5-4824-a3b1-9cadc29a987a,2026-08-31T05:15:00Z,2026-08-31T07:15:00+0200,260.0,MW,DK2,DK_2,forecast_offshore_wind_generation,Wind Offshore,2026-09-04T04:36:55Z
2026-09-04T04:35:40Z,2026-09-04T06:35:40+0200,9ca1d4c9-4cb5-4824-a3b1-9cadc29a987a,2026-08-31T05:30:00Z,2026-08-31T07:30:00+0200,273.0,MW,DK2,DK_2,forecast_offshore_wind_generation,Wind Offshore,2026-09-04T04:36:55Z
2026-09-04T04:35:40Z,2026-09-04T06:35:40+0200,9ca1d4c9-4cb5-4824-a3b1-9cadc29a987a,2026-08-31T05:45:00Z,2026-08-31T07:45:00+0200,284.5,MW,DK2,DK_2,forecast_offshore_wind_generation,Wind Offshore,2026-09-04T04:36:55Z
2026-09-04T04:35:40Z,2026-09-04T06:35:40+0200,9ca1d4c9-4cb5-4824-a3b1-9cadc29a987a,2026-08-31T06:00:00Z,2026-08-31T08:00:00+0200,294.833333,MW,DK2,DK_2,forecast_offshore_wind_generation,Wind Offshore,2026-09-04T04:36:55Z
2026-09-04T04:35:40Z,2026-09-04T06:35:40+0200,9ca1d4c9-4cb5-4824-a3b1-9cadc29a987a,2026-08-31T06:15:00Z,2026-08-31T08:15:00+0200,312.0,MW,DK2,DK_2,forecast_offshore_wind_generation,Wind Offshore,2026-09-04T04:36:55Z
2026-09-04T04:35:40Z,2026-09-04T06:35:40+0200,9ca1d4c9-4cb5-4824-a3b1-9cadc29a987a,2026-08-31T06:30:00Z,2026-08-31T08:30:00+0200,332.833333,MW,DK2,DK_2,forecast_offshore_wind_generation,Wind Offshore,2026-09-04T04:36:55Z
2026-09-04T04:35:40Z,2026-09-04T06:35:40+0200,9ca1d4c9-4cb5-4824-a3b1-9cadc29a987a,2026-08-31T06:45:00Z,2026-08-31T08:45:00+0200,349.666666,MW,DK2,DK_2,forecast_offshore_wind_generation,Wind Offshore,2026-09-04T04:36:55Z
2026-09-04T04:35:40Z,2026-09-04T06:35:40+0200,9ca1d4c9-4cb5-4824-a3b1-9cadc29a987a,2026-08-31T07:00:00Z,2026-08-31T09:00:00+0200,355.666666,MW,DK2,DK_2,forecast_offshore_wind_generation,Wind Offshore,2026-09-04T04:36:55Z
2026-09-04T04:35:40Z,2026-09-04T06:35:40+0200,9ca1d4c9-4cb5-4824-a3b1-9cadc29a987a,2026-08-31T07:15:00Z,2026-08-31T09:15:00+0200,354.333333,MW,DK2,DK_2,forecast_offshore_wind_generation,Wind Offshore,2026-09-04T04:36:55Z
2026-09-04T04:35:40Z,2026-09-04T06:35:40+0200,9ca1d4c9-4cb5-4824-a3b1-9cadc29a987a,2026-08-31T07:30:00Z,2026-08-31T09:30:00+0200,351.166666,MW,DK2,DK_2,forecast_offshore_wind_generation,Wind Offshore,2026-09-04T04:36:55Z
2026-09-04T04:35:40Z,2026-09-04T06:35:40+0200,9ca1d4c9-4cb5-4824-a3b1-9cadc29a987a,2026-08-31T07:45:00Z,2026-08-31T09:45:00+0200,349.166666,MW,DK2,DK_2,forecast_offshore_wind_generation,Wind Offshore,2026-09-04T04:36:55Z
2026-09-04T04:35:40Z,2026-09-04T06:35:40+0200,9ca1d4c9-4cb5-4824-a3b1-9cadc29a987a,2026-08-31T08:00:00Z,2026-08-31T10:00:00+0200,350.0,MW,DK2,DK_2,forecast_offshore_wind_generation,Wind Offshore,2026-09-04T04:36:55Z
2026-09-04T04:35:40Z,2026-09-04T06:35:40+0200,9ca1d4c9-4cb5-4824-a3b1-9cadc29a987a,2026-08-31T08:15:00Z,2026-08-31T10:15:00+0200,353.5,MW,DK2,DK_2,forecast_offshore_wind_generation,Wind Offshore,2026-09-04T04:36:55Z
2026-09-04T04:35:40Z,2026-09-04T06:35:40+0200,9ca1d4c9-4cb5-4824-a3b1-9cadc29a987a,2026-08-31T08:30:00Z,2026-08-31T10:30:00+0200,358.0,MW,DK2,DK_2,forecast_offshore_wind_generation,Wind Offshore,2026-09-04T04:36:55Z
2026-09-04T04:35:40Z,2026-09-04T06:35:40+0200,9ca1d4c9-4cb5-4824-a3b1-9cadc29a987a,2026-08-31T08:45:00Z,2026-08-31T10:45:00+0200,361.5,MW,DK2,DK_2,forecast_offshore_wind_generation,Wind Offshore,2026-09-04T04:36:55Z
2026-09-04T04:35:40Z,2026-09-04T06:35:40+0200,9ca1d4c9-4cb5-4824-a3b1-9cadc29a987a,2026-08-31T09:00:00Z,2026-08-31T11:00:00+0200,363.0,MW,DK2,DK_2,forecast_offshore_wind_generation,Wind Offshore,2026-09-04T04:36:55Z
2026-09-04T04:35:40Z,2026-09-04T06:35:40+0200,9ca1d4c9-4cb5-4824-a3b1-9cadc29a987a,2026-08-31T09:15:00Z,2026-08-31T11:15:00+0200,363.833333,MW,DK2,DK_2,forecast_offshore_wind_generation,Wind Offshore,2026-09-04T04:36:55Z
2026-09-04T04:35:40Z,2026-09-04T06:35:40+0200,9ca1d4c9-4cb5-4824-a3b1-9cadc29a987a,2026-08-31T09:30:00Z,2026-08-31T11:30:00+0200,365.0,MW,DK2,DK_2,forecast_offshore_wind_generation,Wind Offshore,2026-09-04T04:36:55Z
2026-09-04T04:35:40Z,2026-09-04T06:35:40+0200,9ca1d4c9-4cb5-4824-a3b1-9cadc29a987a,2026-08-31T09:45:00Z,2026-08-31T11:45:00+0200,367.666666,MW,DK2,DK_2,forecast_offshore_wind_generation,Wind Offshore,2026-09-04T04:36:55Z
2026-09-04T04:35:40Z,2026-09-04T06:35:40+0200,9ca1d4c9-4cb5-4824-a3b1-9cadc29a987a,2026-08-31T10:00:00Z,2026-08-31T12:00:00+0200,373.833333,MW,DK2,DK_2,forecast_offshore_wind_generation,Wind Offshore,2026-09-04T04:36:55Z
2026-09-04T04:35:40Z,2026-09-04T06:35:40+0200,9ca1d4c9-4cb5-4824-a3b1-9cadc29a987a,2026-08-31T10:15:00Z,2026-08-31T12:15:00+0200,385.166666,MW,DK2,DK_2,forecast_offshore_wind_generation,Wind Offshore,2026-09-04T04:36:55Z
2026-09-04T04:35:40Z,2026-09-04T06:35:40+0200,9ca1d4c9-4cb5-4824-a3b1-9cadc29a987a,2026-08-31T10:30:00Z,2026-08-31T12:30:00+0200,399.5,MW,DK2,DK_2,forecast_offshore_wind_generation,Wind Offshore,2026-09-04T04:36:55Z
2026-09-04T04:35:40Z,2026-09-04T06:35:40+0200,9ca1d4c9-4cb5-4824-a3b1-9cadc29a987a,2026-08-31T10:45:00Z,2026-08-31T12:45:00+0200,412.166666,MW,DK2,DK_2,forecast_offshore_wind_generation,Wind Offshore,2026-09-04T04:36:55Z
2026-09-04T04:35:40Z,2026-09-04T06:35:40+0200,9ca1d4c9-4cb5-4824-a3b1-9cadc29a987a,2026-08-31T11:00:00Z,2026-08-31T13:00:00+0200,417.5,MW,DK2,DK_2,forecast_offshore_wind_generation,Wind Offshore,2026-09-04T04:36:55Z
2026-09-04T04:35:40Z,2026-09-04T06:35:40+0200,9ca1d4c9-4cb5-4824-a3b1-9cadc29a987a,2026-08-31T11:15:00Z,2026-08-31T13:15:00+0200,422.0,MW,DK2,DK_2,forecast_offshore_wind_generation,Wind Offshore,2026-09-04T04:36:55Z
2026-09-04T04:35:40Z,2026-09-04T06:35:40+0200,9ca1d4c9-4cb5-4824-a3b1-9cadc29a987a,2026-08-31T11:30:00Z,2026-08-31T13:30:00+0200,427.833333,MW,DK2,DK_2,forecast_offshore_wind_generation,Wind Offshore,2026-09-04T04:36:55Z
2026-09-04T04:35:40Z,2026-09-04T06:35:40+0200,9ca1d4c9-4cb5-4824-a3b1-9cadc29a987a,2026-08-31T11:45:00Z,2026-08-31T13:45:00+0200,432.166666,MW,DK2,DK_2,forecast_offshore_wind_generation,Wind Offshore,2026-09-04T04:36:55Z
2026-09-04T04:35:40Z,2026-09-04T06:35:40+0200,9ca1d4c9-4cb5-4824-a3b1-9cadc29a987a,2026-08-31T12:00:00Z,2026-08-31T14:00:00+0200,433.0,MW,DK2,DK_2,forecast_offshore_wind_generation,Wind Offshore,2026-09-04T04:36:55Z
2026-09-04T04:35:40Z,2026-09-04T06:35:40+0200,9ca1d4c9-4cb5-4824-a3b1-9cadc29a987a,2026-08-31T12:15:00Z,2026-08-31T14:15:00+0200,433.833333,MW,DK2,DK_2,forecast_offshore_wind_generation,Wind Offshore,2026-09-04T04:36:55Z
2026-09-04T04:35:40Z,2026-09-04T06:35:40+0200,9ca1d4c9-4cb5-4824-a3b1-9cadc29a987a,2026-08-31T12:30:00Z,2026-08-31T14:30:00+0200,434.0,MW,DK2,DK_2,forecast_offshore_wind_generation,Wind Offshore,2026-09-04T04:36:55Z
2026-09-04T04:35:40Z,2026-09-04T06:35:40+0200,9ca1d4c9-4cb5-4824-a3b1-9cadc29a987a,2026-08-31T12:45:00Z,2026-08-31T14:45:00+0200,434.0,MW,DK2,DK_2,forecast_offshore_wind_generation,Wind Offshore,2026-09-04T04:36:55Z
2026-09-04T04:35:40Z,2026-09-04T06:35:40+0200,9ca1d4c9-4cb5-4824-a3b1-9cadc29a987a,2026-08-31T13:00:00Z,2026-08-31T15:00:00+0200,432.5,MW,DK2,DK_2,forecast_offshore_wind_generation,Wind Offshore,2026-09-04T04:36:55Z
2026-09-04T04:35:40Z,2026-09-04T06:35:40+0200,9ca1d4c9-4cb5-4824-a3b1-9cadc29a987a,2026-08-31T13:15:00Z,2026-08-31T15:15:00+0200,422.833333,MW,DK2,DK_2,forecast_offshore_wind_generation,Wind Offshore,2026-09-04T04:36:55Z
2026-09-04T04:35:40Z,2026-09-04T06:35:40+0200,9ca1d4c9-4cb5-4824-a3b1-9cadc29a987a,2026-08-31T13:30:00Z,2026-08-31T15:30:00+0200,410.166666,MW,DK2,DK_2,forecast_offshore_wind_generation,Wind Offshore,2026-09-04T04:36:55Z
2026-09-04T04:35:40Z,2026-09-04T06:35:40+0200,9ca1d4c9-4cb5-4824-a3b1-9cadc29a987a,2026-08-31T13:45:00Z,2026-08-31T15:45:00+0200,402.833333,MW,DK2,DK_2,forecast_offshore_wind_generation,Wind Offshore,2026-09-04T04:36:55Z
2026-09-04T04:35:40Z,2026-09-04T06:35:40+0200,9ca1d4c9-4cb5-4824-a3b1-9cadc29a987a,2026-08-31T14:00:00Z,2026-08-31T16:00:00+0200,404.833333,MW,DK2,DK_2,forecast_offshore_wind_generation,Wind Offshore,2026-09-04T04:36:55Z
2026-09-04T04:35:40Z,2026-09-04T06:35:40+0200,9ca1d4c9-4cb5-4824-a3b1-9cadc29a987a,2026-08-31T14:15:00Z,2026-08-31T16:15:00+0200,415.5,MW,DK2,DK_2,forecast_offshore_wind_generation,Wind Offshore,2026-09-04T04:36:55Z
2026-09-04T04:35:40Z,2026-09-04T06:35:40+0200,9ca1d4c9-4cb5-4824-a3b1-9cadc29a987a,2026-08-31T14:30:00Z,2026-08-31T16:30:00+0200,430.833333,MW,DK2,DK_2,forecast_offshore_wind_generation,Wind Offshore,2026-09-04T04:36:55Z
2026-09-04T04:35:40Z,2026-09-04T06:35:40+0200,9ca1d4c9-4cb5-4824-a3b1-9cadc29a987a,2026-08-31T14:45:00Z,2026-08-31T16:45:00+0200,444.166666,MW,DK2,DK_2,forecast_offshore_wind_generation,Wind Offshore,2026-09-04T04:36:55Z
2026-09-04T04:35:40Z,2026-09-04T06:35:40+0200,9ca1d4c9-4cb5-4824-a3b1-9cadc29a987a,2026-08-31T15:00:00Z,2026-08-31T17:00:00+0200,447.166666,MW,DK2,DK_2,forecast_offshore_wind_generation,Wind Offshore,2026-09-04T04:36:55Z
2026-09-04T04:35:40Z,2026-09-04T06:35:40+0200,9ca1d4c9-4cb5-4824-a3b1-9cadc29a987a,2026-08-31T15:15:00Z,2026-08-31T17:15:00+0200,439.5,MW,DK2,DK_2,forecast_offshore_wind_generation,Wind Offshore,2026-09-04T04:36:55Z
2026-09-04T04:35:40Z,2026-09-04T06:35:40+0200,9ca1d4c9-4cb5-4824-a3b1-9cadc29a987a,2026-08-31T15:30:00Z,2026-08-31T17:30:00+0200,428.166666,MW,DK2,DK_2,forecast_offshore_wind_generation,Wind Offshore,2026-09-04T04:36:55Z
2026-09-04T04:35:40Z,2026-09-04T06:35:40+0200,9ca1d4c9-4cb5-4824-a3b1-9cadc29a987a,2026-08-31T15:45:00Z,2026-08-31T17:45:00+0200,420.833333,MW,DK2,DK_2,forecast_offshore_wind_generation,Wind Offshore,2026-09-04T04:36:55Z
2026-09-04T04:35:40Z,2026-09-04T06:35:40+0200,9ca1d4c9-4cb5-4824-a3b1-9cadc29a987a,2026-08-31T16:00:00Z,2026-08-31T18:00:00+0200,423.833333,MW,DK2,DK_2,forecast_offshore_wind_generation,Wind Offshore,2026-09-04T04:36:55Z
2026-09-04T04:35:40Z,2026-09-04T06:35:40+0200,9ca1d4c9-4cb5-4824-a3b1-9cadc29a987a,2026-08-31T16:15:00Z,2026-08-31T18:15:00+0200,435.833333,MW,DK2,DK_2,forecast_offshore_wind_generation,Wind Offshore,2026-09-04T04:36:55Z
2026-09-04T04:35:40Z,2026-09-04T06:35:40+0200,9ca1d4c9-4cb5-4824-a3b1-9cadc29a987a,2026-08-31T16:30:00Z,2026-08-31T18:30:00+0200,452.0,MW,DK2,DK_2,forecast_offshore_wind_generation,Wind Offshore,2026-09-04T04:36:55Z
2026-09-04T04:35:40Z,2026-09-04T06:35:40+0200,9ca1d4c9-4cb5-4824-a3b1-9cadc29a987a,2026-08-31T16:45:00Z,2026-08-31T18:45:00+0200,465.666666,MW,DK2,DK_2,forecast_offshore_wind_generation,Wind Offshore,2026-09-04T04:36:55Z
2026-09-04T04:35:40Z,2026-09-04T06:35:40+0200,9ca1d4c9-4cb5-4824-a3b1-9cadc29a987a,2026-08-31T17:00:00Z,2026-08-31T19:00:00+0200,470.833333,MW,DK2,DK_2,forecast_offshore_wind_generation,Wind Offshore,2026-09-04T04:36:55Z
2026-09-04T04:35:40Z,2026-09-04T06:35:40+0200,9ca1d4c9-4cb5-4824-a3b1-9cadc29a987a,2026-08-31T17:15:00Z,2026-08-31T19:15:00+0200,468.833333,MW,DK2,DK_2,forecast_offshore_wind_generation,Wind Offshore,2026-09-04T04:36:55Z
2026-09-04T04:35:40Z,2026-09-04T06:35:40+0200,9ca1d4c9-4cb5-4824-a3b1-9cadc29a987a,2026-08-31T17:30:00Z,2026-08-31T19:30:00+0200,464.5,MW,DK2,DK_2,forecast_offshore_wind_generation,Wind Offshore,2026-09-04T04:36:55Z
2026-09-04T04:35:40Z,2026-09-04T06:35:40+0200,9ca1d4c9-4cb5-4824-a3b1-9cadc29a987a,2026-08-31T17:45:00Z,2026-08-31T19:45:00+0200,463.333333,MW,DK2,DK_2,forecast_offshore_wind_generation,Wind Offshore,2026-09-04T04:36:55Z
2026-09-04T04:35:40Z,2026-09-04T06:35:40+0200,9ca1d4c9-4cb5-4824-a3b1-9cadc29a987a,2026-08-31T18:00:00Z,2026-08-31T20:00:00+0200,471.833333,MW,DK2,DK_2,forecast_offshore_wind_generation,Wind Offshore,2026-09-04T04:36:55Z
2026-09-04T04:35:40Z,2026-09-04T06:35:40+0200,9ca1d4c9-4cb5-4824-a3b1-9cadc29a987a,2026-08-31T18:15:00Z,2026-08-31T20:15:00+0200,491.166666,MW,DK2,DK_2,forecast_offshore_wind_generation,Wind Offshore,2026-09-04T04:36:55Z
2026-09-04T04:35:40Z,2026-09-04T06:35:40+0200,9ca1d4c9-4cb5-4824-a3b1-9cadc29a987a,2026-08-31T18:30:00Z,2026-08-31T20:30:00+0200,514.833333,MW,DK2,DK_2,forecast_offshore_wind_generation,Wind Offshore,2026-09-04T04:36:55Z
2026-09-04T04:35:40Z,2026-09-04T06:35:40+0200,9ca1d4c9-4cb5-4824-a3b1-9cadc29a987a,2026-08-31T18:45:00Z,2026-08-31T20:45:00+0200,534.0,MW,DK2,DK_2,forecast_offshore_wind_generation,Wind Offshore,2026-09-04T04:36:55Z
2026-09-04T04:35:40Z,2026-09-04T06:35:40+0200,9ca1d4c9-4cb5-4824-a3b1-9cadc29a987a,2026-08-31T19:00:00Z,2026-08-31T21:00:00+0200,544.0,MW,DK2,DK_2,forecast_offshore_wind_generation,Wind Offshore,2026-09-04T04:36:55Z
2026-09-04T04:35:40Z,2026-09-04T06:35:40+0200,9ca1d4c9-4cb5-4824-a3b1-9cadc29a987a,2026-08-31T19:15:00Z,2026-08-31T21:15:00+0200,550.166666,MW,DK2,DK_2,forecast_offshore_wind_generation,Wind Offshore,2026-09-04T04:36:55Z
2026-09-04T04:35:40Z,2026-09-04T06:35:40+0200,9ca1d4c9-4cb5-4824-a3b1-9cadc29a987a,2026-08-31T19:30:00Z,2026-08-31T21:30:00+0200,555.5,MW,DK2,DK_2,forecast_offshore_wind_generation,Wind Offshore,2026-09-04T04:36:55Z
2026-09-04T04:35:40Z,2026-09-04T06:35:40+0200,9ca1d4c9-4cb5-4824-a3b1-9cadc29a987a,2026-08-31T19:45:00Z,2026-08-31T21:45:00+0200,560.0,MW,DK2,DK_2,forecast_offshore_wind_generation,Wind Offshore,2026-09-04T04:36:55Z
2026-09-04T04:35:40Z,2026-09-04T06:35:40+0200,9ca1d4c9-4cb5-4824-a3b1-9cadc29a987a,2026-08-31T20:00:00Z,2026-08-31T22:00:00+0200,564.0,MW,DK2,DK_2,forecast_offshore_wind_generation,Wind Offshore,2026-09-04T04:36:55Z
2026-09-04T04:35:40Z,2026-09-04T06:35:40+0200,9ca1d4c9-4cb5-4824-a3b1-9cadc29a987a,2026-08-31T20:15:00Z,2026-08-31T22:15:00+0200,568.833333,MW,DK2,DK_2,forecast_offshore_wind_generation,Wind Offshore,2026-09-04T04:36:55Z
2026-09-04T04:35:40Z,2026-09-04T06:35:40+0200,9ca1d4c9-4cb5-4824-a3b1-9cadc29a987a,2026-08-31T20:30:00Z,2026-08-31T22:30:00+0200,573.5,MW,DK2,DK_2,forecast_offshore_wind_generation,Wind Offshore,2026-09-04T04:36:55Z
2026-09-04T04:35:40Z,2026-09-04T06:35:40+0200,9ca1d4c9-4cb5-4824-a3b1-9cadc29a987a,2026-08-31T20:45:00Z,2026-08-31T22:45:00+0200,578.0,MW,DK2,DK_2,forecast_offshore_wind_generation,Wind Offshore,2026-09-04T04:36:55Z
2026-09-04T04:35:40Z,2026-09-04T06:35:40+0200,9ca1d4c9-4cb5-4824-a3b1-9cadc29a987a,2026-08-31T21:00:00Z,2026-08-31T23:00:00+0200,582.166666,MW,DK2,DK_2,forecast_offshore_wind_generation,Wind Offshore,2026-09-04T04:36:55Z
2026-09-04T04:35:40Z,2026-09-04T06:35:40+0200,9ca1d4c9-4cb5-4824-a3b1-9cadc29a987a,2026-08-31T21:15:00Z,2026-08-31T23:15:00+0200,587.666666,MW,DK2,DK_2,forecast_offshore_wind_generation,Wind Offshore,2026-09-04T04:36:55Z
2026-09-04T04:35:40Z,2026-09-04T06:35:40+0200,9ca1d4c9-4cb5-4824-a3b1-9cadc29a987a,2026-08-31T21:30:00Z,2026-08-31T23:30:00+0200,594.0,MW,DK2,DK_2,forecast_offshore_wind_generation,Wind Offshore,2026-09-04T04:36:55Z
2026-09-04T04:35:40Z,2026-09-04T06:35:40+0200,9ca1d4c9-4cb5-4824-a3b1-9cadc29a987a,2026-08-31T21:45:00Z,2026-08-31T23:45:00+0200,599.333333,MW,DK2,DK_2,forecast_offshore_wind_generation,Wind Offshore,2026-09-04T04:36:55Z
2026-09-04T04:35:40Z,2026-09-04T06:35:40+0200,9ca1d4c9-4cb5-4824-a3b1-9cadc29a987a,2026-08-31T22:00:00Z,2026-09-01T00:00:00+0200,477.833333,MW,DK2,DK_2,forecast_offshore_wind_generation,Wind Offshore,2026-09-04T04:36:55Z
2026-09-04T04:35:40Z,2026-09-04T06:35:40+0200,9ca1d4c9-4cb5-4824-a3b1-9cadc29a987a,2026-08-31T22:15:00Z,2026-09-01T00:15:00+0200,468.833333,MW,DK2,DK_2,forecast_offshore_wind_generation,Wind Offshore,2026-09-04T04:36:55Z
2026-09-04T04:35:40Z,2026-09-04T06:35:40+0200,9ca1d4c9-4cb5-4824-a3b1-9cadc29a987a,2026-08-31T22:30:00Z,2026-09-01T00:30:00+0200,456.0,MW,DK2,DK_2,forecast_offshore_wind_generation,Wind Offshore,2026-09-04T04:36:55Z
2026-09-04T04:35:40Z,2026-09-04T06:35:40+0200,9ca1d4c9-4cb5-4824-a3b1-9cadc29a987a,2026-08-31T22:45:00Z,2026-09-01T00:45:00+0200,445.5,MW,DK2,DK_2,forecast_offshore_wind_generation,Wind Offshore,2026-09-04T04:36:55Z
2026-09-04T04:35:40Z,2026-09-04T06:35:40+0200,9ca1d4c9-4cb5-4824-a3b1-9cadc29a987a,2026-08-31T23:00:00Z,2026-09-01T01:00:00+0200,442.5,MW,DK2,DK_2,forecast_offshore_wind_generation,Wind Offshore,2026-09-04T04:36:55Z
2026-09-04T04:35:40Z,2026-09-04T06:35:40+0200,9ca1d4c9-4cb5-4824-a3b1-9cadc29a987a,2026-08-31T23:15:00Z,2026-09-01T01:15:00+0200,443.0,MW,DK2,DK_2,forecast_offshore_wind_generation,Wind Offshore,2026-09-04T04:36:55Z
2026-09-04T04:35:40Z,2026-09-04T06:35:40+0200,9ca1d4c9-4cb5-4824-a3b1-9cadc29a987a,2026-08-31T23:30:00Z,2026-09-01T01:30:00+0200,444.666666,MW,DK2,DK_2,forecast_offshore_wind_generation,Wind Offshore,2026-09-04T04:36:55Z
2026-09-04T04:35:40Z,2026-09-04T06:35:40+0200,9ca1d4c9-4cb5-4824-a3b1-9cadc29a987a,2026-08-31T23:45:00Z,2026-09-01T01:45:00+0200,446.666666,MW,DK2,DK_2,forecast_offshore_wind_generation,Wind Offshore,2026-09-04T04:36:55Z
2026-09-04T04:35:40Z,2026-09-04T06:35:40+0200,9ca1d4c9-4cb5-4824-a3b1-9cadc29a987a,2026-09-01T00:00:00Z,2026-09-01T02:00:00+0200,448.833333,MW,DK2,DK_2,forecast_offshore_wind_generation,Wind Offshore,2026-09-04T04:36:55Z
2026-09-04T04:35:40Z,2026-09-04T06:35:40+0200,9ca1d4c9-4cb5-4824-a3b1-9cadc29a987a,2026-09-01T00:15:00Z,2026-09-01T02:15:00+0200,448.5,MW,DK2,DK_2,forecast_offshore_wind_generation,Wind Offshore,2026-09-04T04:36:55Z
2026-09-04T04:35:40Z,2026-09-04T06:35:40+0200,9ca1d4c9-4cb5-4824-a3b1-9cadc29a987a,2026-09-01T00:30:00Z,2026-09-01T02:30:00+0200,447.0,MW,DK2,DK_2,forecast_offshore_wind_generation,Wind Offshore,2026-09-04T04:36:55Z
2026-09-04T04:35:40Z,2026-09-04T06:35:40+0200,9ca1d4c9-4cb5-4824-a3b1-9cadc29a987a,2026-09-01T00:45:00Z,2026-09-01T02:45:00+0200,445.166666,MW,DK2,DK_2,forecast_offshore_wind_generation,Wind Offshore,2026-09-04T04:36:55Z
2026-09-04T04:35:40Z,2026-09-04T06:35:40+0200,9ca1d4c9-4cb5-4824-a3b1-9cadc29a987a,2026-09-01T01:00:00Z,2026-09-01T03:00:00+0200,444.5,MW,DK2,DK_2,forecast_offshore_wind_generation,Wind Offshore,2026-09-04T04:36:55Z
2026-09-04T04:35:40Z,2026-09-04T06:35:40+0200,9ca1d4c9-4cb5-4824-a3b1-9cadc29a987a,2026-09-01T01:15:00Z,2026-09-01T03:15:00+0200,442.5,MW,DK2,DK_2,forecast_offshore_wind_generation,Wind Offshore,2026-09-04T04:36:55Z
2026-09-04T04:35:40Z,2026-09-04T06:35:40+0200,9ca1d4c9-4cb5-4824-a3b1-9cadc29a987a,2026-09-01T01:30:00Z,2026-09-01T03:30:00+0200,441.166666,MW,DK2,DK_2,forecast_offshore_wind_generation,Wind Offshore,2026-09-04T04:36:55Z
2026-09-04T04:35:40Z,2026-09-04T06:35:40+0200,9ca1d4c9-4cb5-4824-a3b1-9cadc29a987a,2026-09-01T01:45:00Z,2026-09-01T03:45:00+0200,442.166666,MW,DK2,DK_2,forecast_offshore_wind_generation,Wind Offshore,2026-09-04T04:36:55Z
2026-09-04T04:35:40Z,2026-09-04T06:35:40+0200,9ca1d4c9-4cb5-4824-a3b1-9cadc29a987a,2026-09-01T02:00:00Z,2026-09-01T04:00:00+0200,443.833333,MW,DK2,DK_2,forecast_offshore_wind_generation,Wind Offshore,2026-09-04T04:36:55Z
2026-09-04T04:35:40Z,2026-09-04T06:35:40+0200,9ca1d4c9-4cb5-4824-a3b1-9cadc29a987a,2026-09-01T02:15:00Z,2026-09-01T04:15:00+0200,448.166666,MW,DK2,DK_2,forecast_offshore_wind_generation,Wind Offshore,2026-09-04T04:36:55Z
2026-09-04T04:35:40Z,2026-09-04T06:35:40+0200,9ca1d4c9-4cb5-4824-a3b1-9cadc29a987a,2026-09-01T02:30:00Z,2026-09-01T04:30:00+0200,453.833333,MW,DK2,DK_2,forecast_offshore_wind_generation,Wind Offshore,2026-09-04T04:36:55Z
2026-09-04T04:35:40Z,2026-09-04T06:35:40+0200,9ca1d4c9-4cb5-4824-a3b1-9cadc29a987a,2026-09-01T02:45:00Z,2026-09-01T04:45:00+0200,459.833333,MW,DK2,DK_2,forecast_offshore_wind_generation,Wind Offshore,2026-09-04T04:36:55Z
2026-09-04T04:35:40Z,2026-09-04T06:35:40+0200,9ca1d4c9-4cb5-4824-a3b1-9cadc29a987a,2026-09-01T03:00:00Z,2026-09-01T05:00:00+0200,466.166666,MW,DK2,DK_2,forecast_offshore_wind_generation,Wind Offshore,2026-09-04T04:36:55Z
2026-09-04T04:35:40Z,2026-09-04T06:35:40+0200,9ca1d4c9-4cb5-4824-a3b1-9cadc29a987a,2026-09-01T03:15:00Z,2026-09-01T05:15:00+0200,473.5,MW,DK2,DK_2,forecast_offshore_wind_generation,Wind Offshore,2026-09-04T04:36:55Z
2026-09-04T04:35:40Z,2026-09-04T06:35:40+0200,9ca1d4c9-4cb5-4824-a3b1-9cadc29a987a,2026-09-01T03:30:00Z,2026-09-01T05:30:00+0200,481.333333,MW,DK2,DK_2,forecast_offshore_wind_generation,Wind Offshore,2026-09-04T04:36:55Z
2026-09-04T04:35:40Z,2026-09-04T06:35:40+0200,9ca1d4c9-4cb5-4824-a3b1-9cadc29a987a,2026-09-01T03:45:00Z,2026-09-01T05:45:00+0200,488.5,MW,DK2,DK_2,forecast_offshore_wind_generation,Wind Offshore,2026-09-04T04:36:55Z
2026-09-04T04:35:40Z,2026-09-04T06:35:40+0200,9ca1d4c9-4cb5-4824-a3b1-9cadc29a987a,2026-09-01T04:00:00Z,2026-09-01T06:00:00+0200,495.5,MW,DK2,DK_2,forecast_offshore_wind_generation,Wind Offshore,2026-09-04T04:36:55Z
2026-09-04T04:35:40Z,2026-09-04T06:35:40+0200,9ca1d4c9-4cb5-4824-a3b1-9cadc29a987a,2026-09-01T04:15:00Z,2026-09-01T06:15:00+0200,502.0,MW,DK2,DK_2,forecast_offshore_wind_generation,Wind Offshore,2026-09-04T04:36:55Z
2026-09-04T04:35:40Z,2026-09-04T06:35:40+0200,9ca1d4c9-4cb5-4824-a3b1-9cadc29a987a,2026-09-01T04:30:00Z,2026-09-01T06:30:00+0200,508.0,MW,DK2,DK_2,forecast_offshore_wind_generation,Wind Offshore,2026-09-04T04:36:55Z
2026-09-04T04:35:40Z,2026-09-04T06:35:40+0200,9ca1d4c9-4cb5-4824-a3b1-9cadc29a987a,2026-09-01T04:45:00Z,2026-09-01T06:45:00+0200,514.666666,MW,DK2,DK_2,forecast_offshore_wind_generation,Wind Offshore,2026-09-04T04:36:55Z
2026-09-04T04:35:40Z,2026-09-04T06:35:40+0200,9ca1d4c9-4cb5-4824-a3b1-9cadc29a987a,2026-09-01T05:00:00Z,2026-09-01T07:00:00+0200,519.166666,MW,DK2,DK_2,forecast_offshore_wind_generation,Wind Offshore,2026-09-04T04:36:55Z
2026-09-04T04:35:40Z,2026-09-04T06:35:40+0200,9ca1d4c9-4cb5-4824-a3b1-9cadc29a987a,2026-09-01T05:15:00Z,2026-09-01T07:15:00+0200,525.0,MW,DK2,DK_2,forecast_offshore_wind_generation,Wind Offshore,2026-09-04T04:36:55Z
2026-09-04T04:35:40Z,2026-09-04T06:35:40+0200,9ca1d4c9-4cb5-4824-a3b1-9cadc29a987a,2026-09-01T05:30:00Z,2026-09-01T07:30:00+0200,531.0,MW,DK2,DK_2,forecast_offshore_wind_generation,Wind Offshore,2026-09-04T04:36:55Z
2026-09-04T04:35:40Z,2026-09-04T06:35:40+0200,9ca1d4c9-4cb5-4824-a3b1-9cadc29a987a,2026-09-01T05:45:00Z,2026-09-01T07:45:00+0200,537.0,MW,DK2,DK_2,forecast_offshore_wind_generation,Wind Offshore,2026-09-04T04:36:55Z
2026-09-04T04:35:40Z,2026-09-04T06:35:40+0200,9ca1d4c9-4cb5-4824-a3b1-9cadc29a987a,2026-09-01T06:00:00Z,2026-09-01T08:00:00+0200,544.333333,MW,DK2,DK_2,forecast_offshore_wind_generation,Wind Offshore,2026-09-04T04:36:55Z
2026-09-04T04:35:40Z,2026-09-04T06:35:40+0200,9ca1d4c9-4cb5-4824-a3b1-9cadc29a987a,2026-09-01T06:15:00Z,2026-09-01T08:15:00+0200,558.5,MW,DK2,DK_2,forecast_offshore_wind_generation,Wind Offshore,2026-09-04T04:36:55Z
2026-09-04T04:35:40Z,2026-09-04T06:35:40+0200,9ca1d4c9-4cb5-4824-a3b1-9cadc29a987a,2026-09-01T06:30:00Z,2026-09-01T08:30:00+0200,575.833333,MW,DK2,DK_2,forecast_offshore_wind_generation,Wind Offshore,2026-09-04T04:36:55Z
2026-09-04T04:35:40Z,2026-09-04T06:35:40+0200,9ca1d4c9-4cb5-4824-a3b1-9cadc29a987a,2026-09-01T06:45:00Z,2026-09-01T08:45:00+0200,588.666666,MW,DK2,DK_2,forecast_offshore_wind_generation,Wind Offshore,2026-09-04T04:36:55Z
2026-09-04T04:35:40Z,2026-09-04T06:35:40+0200,9ca1d4c9-4cb5-4824-a3b1-9cadc29a987a,2026-09-01T07:00:00Z,2026-09-01T09:00:00+0200,592.0,MW,DK2,DK_2,forecast_offshore_wind_generation,Wind Offshore,2026-09-04T04:36:55Z
2026-09-04T04:35:40Z,2026-09-04T06:35:40+0200,9ca1d4c9-4cb5-4824-a3b1-9cadc29a987a,2026-09-01T07:15:00Z,2026-09-01T09:15:00+0200,590.333333,MW,DK2,DK_2,forecast_offshore_wind_generation,Wind Offshore,2026-09-04T04:36:55Z
2026-09-04T04:35:40Z,2026-09-04T06:35:40+0200,9ca1d4c9-4cb5-4824-a3b1-9cadc29a987a,2026-09-01T07:30:00Z,2026-09-01T09:30:00+0200,586.5,MW,DK2,DK_2,forecast_offshore_wind_generation,Wind Offshore,2026-09-04T04:36:55Z
2026-09-04T04:35:40Z,2026-09-04T06:35:40+0200,9ca1d4c9-4cb5-4824-a3b1-9cadc29a987a,2026-09-01T07:45:00Z,2026-09-01T09:45:00+0200,583.666666,MW,DK2,DK_2,forecast_offshore_wind_generation,Wind Offshore,2026-09-04T04:36:55Z
2026-09-04T04:35:40Z,2026-09-04T06:35:40+0200,9ca1d4c9-4cb5-4824-a3b1-9cadc29a987a,2026-09-01T08:00:00Z,2026-09-01T10:00:00+0200,583.0,MW,DK2,DK_2,forecast_offshore_wind_generation,Wind Offshore,2026-09-04T04:36:55Z
2026-09-04T04:35:40Z,2026-09-04T06:35:40+0200,9ca1d4c9-4cb5-4824-a3b1-9cadc29a987a,2026-09-01T08:15:00Z,2026-09-01T10:15:00+0200,583.833333,MW,DK2,DK_2,forecast_offshore_wind_generation,Wind Offshore,2026-09-04T04:36:55Z
2026-09-04T04:35:40Z,2026-09-04T06:35:40+0200,9ca1d4c9-4cb5-4824-a3b1-9cadc29a987a,2026-09-01T08:30:00Z,2026-09-01T10:30:00+0200,584.0,MW,DK2,DK_2,forecast_offshore_wind_generation,Wind Offshore,2026-09-04T04:36:55Z
2026-09-04T04:35:40Z,2026-09-04T06:35:40+0200,9ca1d4c9-4cb5-4824-a3b1-9cadc29a987a,2026-09-01T08:45:00Z,2026-09-01T10:45:00+0200,584.833333,MW,DK2,DK_2,forecast_offshore_wind_generation,Wind Offshore,2026-09-04T04:36:55Z
2026-09-04T04:35:40Z,2026-09-04T06:35:40+0200,9ca1d4c9-4cb5-4824-a3b1-9cadc29a987a,2026-09-01T09:00:00Z,2026-09-01T11:00:00+0200,586.333333,MW,DK2,DK_2,forecast_offshore_wind_generation,Wind Offshore,2026-09-04T04:36:55Z
2026-09-04T04:35:40Z,2026-09-04T06:35:40+0200,9ca1d4c9-4cb5-4824-a3b1-9cadc29a987a,2026-09-01T09:15:00Z,2026-09-01T11:15:00+0200,588.5,MW,DK2,DK_2,forecast_offshore_wind_generation,Wind Offshore,2026-09-04T04:36:55Z
2026-09-04T04:35:40Z,2026-09-04T06:35:40+0200,9ca1d4c9-4cb5-4824-a3b1-9cadc29a987a,2026-09-01T09:30:00Z,2026-09-01T11:30:00+0200,590.666666,MW,DK2,DK_2,forecast_offshore_wind_generation,Wind Offshore,2026-09-04T04:36:55Z
2026-09-04T04:35:40Z,2026-09-04T06:35:40+0200,9ca1d4c9-4cb5-4824-a3b1-9cadc29a987a,2026-09-01T09:45:00Z,2026-09-01T11:45:00+0200,592.0,MW,DK2,DK_2,forecast_offshore_wind_generation,Wind Offshore,2026-09-04T04:36:55Z
2026-09-04T04:35:40Z,2026-09-04T06:35:40+0200,9ca1d4c9-4cb5-4824-a3b1-9cadc29a987a,2026-09-01T10:00:00Z,2026-09-01T12:00:00+0200,591.166666,MW,DK2,DK_2,forecast_offshore_wind_generation,Wind Offshore,2026-09-04T04:36:55Z
2026-09-04T04:35:40Z,2026-09-04T06:35:40+0200,9ca1d4c9-4cb5-4824-a3b1-9cadc29a987a,2026-09-01T10:15:00Z,2026-09-01T12:15:00+0200,584.5,MW,DK2,DK_2,forecast_offshore_wind_generation,Wind Offshore,2026-09-04T04:36:55Z
2026-09-04T04:35:40Z,2026-09-04T06:35:40+0200,9ca1d4c9-4cb5-4824-a3b1-9cadc29a987a,2026-09-01T10:30:00Z,2026-09-01T12:30:00+0200,575.5,MW,DK2,DK_2,forecast_offshore_wind_generation,Wind Offshore,2026-09-04T04:36:55Z
2026-09-04T04:35:40Z,2026-09-04T06:35:40+0200,9ca1d4c9-4cb5-4824-a3b1-9cadc29a987a,2026-09-01T10:45:00Z,2026-09-01T12:45:00+0200,568.166666,MW,DK2,DK_2,forecast_offshore_wind_generation,Wind Offshore,2026-09-04T04:36:55Z
2026-09-04T04:35:40Z,2026-09-04T06:35:40+0200,9ca1d4c9-4cb5-4824-a3b1-9cadc29a987a,2026-09-01T11:00:00Z,2026-09-01T13:00:00+0200,564.0,MW,DK2,DK_2,forecast_offshore_wind_generation,Wind Offshore,2026-09-04T04:36:55Z
2026-09-04T04:35:40Z,2026-09-04T06:35:40+0200,9ca1d4c9-4cb5-4824-a3b1-9cadc29a987a,2026-09-01T11:15:00Z,2026-09-01T13:15:00+0200,560.5,MW,DK2,DK_2,forecast_offshore_wind_generation,Wind Offshore,2026-09-04T04:36:55Z
2026-09-04T04:35:40Z,2026-09-04T06:35:40+0200,9ca1d4c9-4cb5-4824-a3b1-9cadc29a987a,2026-09-01T11:30:00Z,2026-09-01T13:30:00+0200,558.333333,MW,DK2,DK_2,forecast_offshore_wind_generation,Wind Offshore,2026-09-04T04:36:55Z
2026-09-04T04:35:40Z,2026-09-04T06:35:40+0200,9ca1d4c9-4cb5-4824-a3b1-9cadc29a987a,2026-09-01T11:45:00Z,2026-09-01T13:45:00+0200,556.5,MW,DK2,DK_2,forecast_offshore_wind_generation,Wind Offshore,2026-09-04T04:36:55Z
2026-09-04T04:35:40Z,2026-09-04T06:35:40+0200,9ca1d4c9-4cb5-4824-a3b1-9cadc29a987a,2026-09-01T12:00:00Z,2026-09-01T14:00:00+0200,555.333333,MW,DK2,DK_2,forecast_offshore_wind_generation,Wind Offshore,2026-09-04T04:36:55Z
2026-09-04T04:35:40Z,2026-09-04T06:35:40+0200,9ca1d4c9-4cb5-4824-a3b1-9cadc29a987a,2026-09-01T12:15:00Z,2026-09-01T14:15:00+0200,551.833333,MW,DK2,DK_2,forecast_offshore_wind_generation,Wind Offshore,2026-09-04T04:36:55Z
2026-09-04T04:35:40Z,2026-09-04T06:35:40+0200,9ca1d4c9-4cb5-4824-a3b1-9cadc29a987a,2026-09-01T12:30:00Z,2026-09-01T14:30:00+0200,546.166666,MW,DK2,DK_2,forecast_offshore_wind_generation,Wind Offshore,2026-09-04T04:36:55Z
2026-09-04T04:35:40Z,2026-09-04T06:35:40+0200,9ca1d4c9-4cb5-4824-a3b1-9cadc29a987a,2026-09-01T12:45:00Z,2026-09-01T14:45:00+0200,542.666666,MW,DK2,DK_2,forecast_offshore_wind_generation,Wind Offshore,2026-09-04T04:36:55Z
2026-09-04T04:35:40Z,2026-09-04T06:35:40+0200,9ca1d4c9-4cb5-4824-a3b1-9cadc29a987a,2026-09-01T13:00:00Z,2026-09-01T15:00:00+0200,543.0,MW,DK2,DK_2,forecast_offshore_wind_generation,Wind Offshore,2026-09-04T04:36:55Z
2026-09-04T04:35:40Z,2026-09-04T06:35:40+0200,9ca1d4c9-4cb5-4824-a3b1-9cadc29a987a,2026-09-01T13:15:00Z,2026-09-01T15:15:00+0200,545.0,MW,DK2,DK_2,forecast_offshore_wind_generation,Wind Offshore,2026-09-04T04:36:55Z
2026-09-04T04:35:40Z,2026-09-04T06:35:40+0200,9ca1d4c9-4cb5-4824-a3b1-9cadc29a987a,2026-09-01T13:30:00Z,2026-09-01T15:30:00+0200,547.333333,MW,DK2,DK_2,forecast_offshore_wind_generation,Wind Offshore,2026-09-04T04:36:55Z
2026-09-04T04:35:40Z,2026-09-04T06:35:40+0200,9ca1d4c9-4cb5-4824-a3b1-9cadc29a987a,2026-09-01T13:45:00Z,2026-09-01T15:45:00+0200,550.333333,MW,DK2,DK_2,forecast_offshore_wind_generation,Wind Offshore,2026-09-04T04:36:55Z
2026-09-04T04:35:40Z,2026-09-04T06:35:40+0200,9ca1d4c9-4cb5-4824-a3b1-9cadc29a987a,2026-09-01T14:00:00Z,2026-09-01T16:00:00+0200,554.166666,MW,DK2,DK_2,forecast_offshore_wind_generation,Wind Offshore,2026-09-04T04:36:55Z
2026-09-04T04:35:40Z,2026-09-04T06:35:40+0200,9ca1d4c9-4cb5-4824-a3b1-9cadc29a987a,2026-09-01T14:15:00Z,2026-09-01T16:15:00+0200,562.0,MW,DK2,DK_2,forecast_offshore_wind_generation,Wind Offshore,2026-09-04T04:36:55Z
2026-09-04T04:35:40Z,2026-09-04T06:35:40+0200,9ca1d4c9-4cb5-4824-a3b1-9cadc29a987a,2026-09-01T14:30:00Z,2026-09-01T16:30:00+0200,572.333333,MW,DK2,DK_2,forecast_offshore_wind_generation,Wind Offshore,2026-09-04T04:36:55Z
2026-09-04T04:35:40Z,2026-09-04T06:35:40+0200,9ca1d4c9-4cb5-4824-a3b1-9cadc29a987a,2026-09-01T14:45:00Z,2026-09-01T16:45:00+0200,580.833333,MW,DK2,DK_2,forecast_offshore_wind_generation,Wind Offshore,2026-09-04T04:36:55Z
2026-09-04T04:35:40Z,2026-09-04T06:35:40+0200,9ca1d4c9-4cb5-4824-a3b1-9cadc29a987a,2026-09-01T15:00:00Z,2026-09-01T17:00:00+0200,586.0,MW,DK2,DK_2,forecast_offshore_wind_generation,Wind Offshore,2026-09-04T04:36:55Z
2026-09-04T04:35:40Z,2026-09-04T06:35:40+0200,9ca1d4c9-4cb5-4824-a3b1-9cadc29a987a,2026-09-01T15:15:00Z,2026-09-01T17:15:00+0200,591.0,MW,DK2,DK_2,forecast_offshore_wind_generation,Wind Offshore,2026-09-04T04:36:55Z
2026-09-04T04:35:40Z,2026-09-04T06:35:40+0200,9ca1d4c9-4cb5-4824-a3b1-9cadc29a987a,2026-09-01T15:30:00Z,2026-09-01T17:30:00+0200,595.5,MW,DK2,DK_2,forecast_offshore_wind_generation,Wind Offshore,2026-09-04T04:36:55Z
2026-09-04T04:35:40Z,2026-09-04T06:35:40+0200,9ca1d4c9-4cb5-4824-a3b1-9cadc29a987a,2026-09-01T15:45:00Z,2026-09-01T17:45:00+0200,598.5,MW,DK2,DK_2,forecast_offshore_wind_generation,Wind Offshore,2026-09-04T04:36:55Z
2026-09-04T04:35:40Z,2026-09-04T06:35:40+0200,9ca1d4c9-4cb5-4824-a3b1-9cadc29a987a,2026-09-01T16:00:00Z,2026-09-01T18:00:00+0200,600.5,MW,DK2,DK_2,forecast_offshore_wind_generation,Wind Offshore,2026-09-04T04:36:55Z
2026-09-04T04:35:40Z,2026-09-04T06:35:40+0200,9ca1d4c9-4cb5-4824-a3b1-9cadc29a987a,2026-09-01T16:15:00Z,2026-09-01T18:15:00+0200,601.5,MW,DK2,DK_2,forecast_offshore_wind_generation,Wind Offshore,2026-09-04T04:36:55Z
2026-09-04T04:35:40Z,2026-09-04T06:35:40+0200,9ca1d4c9-4cb5-4824-a3b1-9cadc29a987a,2026-09-01T16:30:00Z,2026-09-01T18:30:00+0200,601.833333,MW,DK2,DK_2,forecast_offshore_wind_generation,Wind Offshore,2026-09-04T04:36:55Z
2026-09-04T04:35:40Z,2026-09-04T06:35:40+0200,9ca1d4c9-4cb5-4824-a3b1-9cadc29a987a,2026-09-01T16:45:00Z,2026-09-01T18:45:00+0200,601.0,MW,DK2,DK_2,forecast_offshore_wind_generation,Wind Offshore,2026-09-04T04:36:55Z
2026-09-04T04:35:40Z,2026-09-04T06:35:40+0200,9ca1d4c9-4cb5-4824-a3b1-9cadc29a987a,2026-09-01T17:00:00Z,2026-09-01T19:00:00+0200,600.166666,MW,DK2,DK_2,forecast_offshore_wind_generation,Wind Offshore,2026-09-04T04:36:55Z
2026-09-04T04:35:40Z,2026-09-04T06:35:40+0200,9ca1d4c9-4cb5-4824-a3b1-9cadc29a987a,2026-09-01T17:15:00Z,2026-09-01T19:15:00+0200,599.166666,MW,DK2,DK_2,forecast_offshore_wind_generation,Wind Offshore,2026-09-04T04:36:55Z
2026-09-04T04:35:40Z,2026-09-04T06:35:40+0200,9ca1d4c9-4cb5-4824-a3b1-9cadc29a987a,2026-09-01T17:30:00Z,2026-09-01T19:30:00+0200,599.5,MW,DK2,DK_2,forecast_offshore_wind_generation,Wind Offshore,2026-09-04T04:36:55Z
2026-09-04T04:35:40Z,2026-09-04T06:35:40+0200,9ca1d4c9-4cb5-4824-a3b1-9cadc29a987a,2026-09-01T17:45:00Z,2026-09-01T19:45:00+0200,600.166666,MW,DK2,DK_2,forecast_offshore_wind_generation,Wind Offshore,2026-09-04T04:36:55Z
2026-09-04T04:35:40Z,2026-09-04T06:35:40+0200,9ca1d4c9-4cb5-4824-a3b1-9cadc29a987a,2026-09-01T18:00:00Z,2026-09-01T20:00:00+0200,602.666666,MW,DK2,DK_2,forecast_offshore_wind_generation,Wind Offshore,2026-09-04T04:36:55Z
2026-09-04T04:35:40Z,2026-09-04T06:35:40+0200,9ca1d4c9-4cb5-4824-a3b1-9cadc29a987a,2026-09-01T18:15:00Z,2026-09-01T20:15:00+0200,608.833333,MW,DK2,DK_2,forecast_offshore_wind_generation,Wind Offshore,2026-09-04T04:36:55Z
2026-09-04T04:35:40Z,2026-09-04T06:35:40+0200,9ca1d4c9-4cb5-4824-a3b1-9cadc29a987a,2026-09-01T18:30:00Z,2026-09-01T20:30:00+0200,615.666666,MW,DK2,DK_2,forecast_offshore_wind_generation,Wind Offshore,2026-09-04T04:36:55Z
2026-09-04T04:35:40Z,2026-09-04T06:35:40+0200,9ca1d4c9-4cb5-4824-a3b1-9cadc29a987a,2026-09-01T18:45:00Z,2026-09-01T20:45:00+0200,619.166666,MW,DK2,DK_2,forecast_offshore_wind_generation,Wind Offshore,2026-09-04T04:36:55Z
2026-09-04T04:35:40Z,2026-09-04T06:35:40+0200,9ca1d4c9-4cb5-4824-a3b1-9cadc29a987a,2026-09-01T19:00:00Z,2026-09-01T21:00:00+0200,616.666666,MW,DK2,DK_2,forecast_offshore_wind_generation,Wind Offshore,2026-09-04T04:36:55Z
2026-09-04T04:35:40Z,2026-09-04T06:35:40+0200,9ca1d4c9-4cb5-4824-a3b1-9cadc29a987a,2026-09-01T19:15:00Z,2026-09-01T21:15:00+0200,607.833333,MW,DK2,DK_2,forecast_offshore_wind_generation,Wind Offshore,2026-09-04T04:36:55Z
2026-09-04T04:35:40Z,2026-09-04T06:35:40+0200,9ca1d4c9-4cb5-4824-a3b1-9cadc29a987a,2026-09-01T19:30:00Z,2026-09-01T21:30:00+0200,596.0,MW,DK2,DK_2,forecast_offshore_wind_generation,Wind Offshore,2026-09-04T04:36:55Z
2026-09-04T04:35:40Z,2026-09-04T06:35:40+0200,9ca1d4c9-4cb5-4824-a3b1-9cadc29a987a,2026-09-01T19:45:00Z,2026-09-01T21:45:00+0200,585.666666,MW,DK2,DK_2,forecast_offshore_wind_generation,Wind Offshore,2026-09-04T04:36:55Z
2026-09-04T04:35:40Z,2026-09-04T06:35:40+0200,9ca1d4c9-4cb5-4824-a3b1-9cadc29a987a,2026-09-01T20:00:00Z,2026-09-01T22:00:00+0200,579.666666,MW,DK2,DK_2,forecast_offshore_wind_generation,Wind Offshore,2026-09-04T04:36:55Z
2026-09-04T04:35:40Z,2026-09-04T06:35:40+0200,9ca1d4c9-4cb5-4824-a3b1-9cadc29a987a,2026-09-01T20:15:00Z,2026-09-01T22:15:00+0200,576.333333,MW,DK2,DK_2,forecast_offshore_wind_generation,Wind Offshore,2026-09-04T04:36:55Z
2026-09-04T04:35:40Z,2026-09-04T06:35:40+0200,9ca1d4c9-4cb5-4824-a3b1-9cadc29a987a,2026-09-01T20:30:00Z,2026-09-01T22:30:00+0200,572.333333,MW,DK2,DK_2,forecast_offshore_wind_generation,Wind Offshore,2026-09-04T04:36:55Z
2026-09-04T04:35:40Z,2026-09-04T06:35:40+0200,9ca1d4c9-4cb5-4824-a3b1-9cadc29a987a,2026-09-01T20:45:00Z,2026-09-01T22:45:00+0200,567.5,MW,DK2,DK_2,forecast_offshore_wind_generation,Wind Offshore,2026-09-04T04:36:55Z
2026-09-04T04:35:40Z,2026-09-04T06:35:40+0200,9ca1d4c9-4cb5-4824-a3b1-9cadc29a987a,2026-09-01T21:00:00Z,2026-09-01T23:00:00+0200,560.333333,MW,DK2,DK_2,forecast_offshore_wind_generation,Wind Offshore,2026-09-04T04:36:55Z
2026-09-04T04:35:40Z,2026-09-04T06:35:40+0200,9ca1d4c9-4cb5-4824-a3b1-9cadc29a987a,2026-09-01T21:15:00Z,2026-09-01T23:15:00+0200,547.5,MW,DK2,DK_2,forecast_offshore_wind_generation,Wind Offshore,2026-09-04T04:36:55Z
2026-09-04T04:35:40Z,2026-09-04T06:35:40+0200,9ca1d4c9-4cb5-4824-a3b1-9cadc29a987a,2026-09-01T21:30:00Z,2026-09-01T23:30:00+0200,532.5,MW,DK2,DK_2,forecast_offshore_wind_generation,Wind Offshore,2026-09-04T04:36:55Z
2026-09-04T04:35:40Z,2026-09-04T06:35:40+0200,9ca1d4c9-4cb5-4824-a3b1-9cadc29a987a,2026-09-01T21:45:00Z,2026-09-01T23:45:00+0200,519.666666,MW,DK2,DK_2,forecast_offshore_wind_generation,Wind Offshore,2026-09-04T04:36:55Z
2026-09-04T04:35:40Z,2026-09-04T06:35:40+0200,9ca1d4c9-4cb5-4824-a3b1-9cadc29a987a,2026-09-01T22:00:00Z,2026-09-02T00:00:00+0200,557.0,MW,DK2,DK_2,forecast_offshore_wind_generation,Wind Offshore,2026-09-04T04:36:55Z
2026-09-04T04:35:40Z,2026-09-04T06:35:40+0200,9ca1d4c9-4cb5-4824-a3b1-9cadc29a987a,2026-09-01T22:15:00Z,2026-09-02T00:15:00+0200,551.0,MW,DK2,DK_2,forecast_offshore_wind_generation,Wind Offshore,2026-09-04T04:36:55Z
2026-09-04T04:35:40Z,2026-09-04T06:35:40+0200,9ca1d4c9-4cb5-4824-a3b1-9cadc29a987a,2026-09-01T22:30:00Z,2026-09-02T00:30:00+0200,544.833333,MW,DK2,DK_2,forecast_offshore_wind_generation,Wind Offshore,2026-09-04T04:36:55Z
2026-09-04T04:35:40Z,2026-09-04T06:35:40+0200,9ca1d4c9-4cb5-4824-a3b1-9cadc29a987a,2026-09-01T22:45:00Z,2026-09-02T00:45:00+0200,538.5,MW,DK2,DK_2,forecast_offshore_wind_generation,Wind Offshore,2026-09-04T04:36:55Z
2026-09-04T04:35:40Z,2026-09-04T06:35:40+0200,9ca1d4c9-4cb5-4824-a3b1-9cadc29a987a,2026-09-01T23:00:00Z,2026-09-02T01:00:00+0200,533.0,MW,DK2,DK_2,forecast_offshore_wind_generation,Wind Offshore,2026-09-04T04:36:55Z
2026-09-04T04:35:40Z,2026-09-04T06:35:40+0200,9ca1d4c9-4cb5-4824-a3b1-9cadc29a987a,2026-09-01T23:15:00Z,2026-09-02T01:15:00+0200,525.333333,MW,DK2,DK_2,forecast_offshore_wind_generation,Wind Offshore,2026-09-04T04:36:55Z
2026-09-04T04:35:40Z,2026-09-04T06:35:40+0200,9ca1d4c9-4cb5-4824-a3b1-9cadc29a987a,2026-09-01T23:30:00Z,2026-09-02T01:30:00+0200,515.5,MW,DK2,DK_2,forecast_offshore_wind_generation,Wind Offshore,2026-09-04T04:36:55Z
2026-09-04T04:35:40Z,2026-09-04T06:35:40+0200,9ca1d4c9-4cb5-4824-a3b1-9cadc29a987a,2026-09-01T23:45:00Z,2026-09-02T01:45:00+0200,506.666666,MW,DK2,DK_2,forecast_offshore_wind_generation,Wind Offshore,2026-09-04T04:36:55Z
2026-09-04T04:35:40Z,2026-09-04T06:35:40+0200,9ca1d4c9-4cb5-4824-a3b1-9cadc29a987a,2026-09-02T00:00:00Z,2026-09-02T02:00:00+0200,499.0,MW,DK2,DK_2,forecast_offshore_wind_generation,Wind Offshore,2026-09-04T04:36:55Z
2026-09-04T04:35:40Z,2026-09-04T06:35:40+0200,9ca1d4c9-4cb5-4824-a3b1-9cadc29a987a,2026-09-02T00:15:00Z,2026-09-02T02:15:00+0200,489.666666,MW,DK2,DK_2,forecast_offshore_wind_generation,Wind Offshore,2026-09-04T04:36:55Z
2026-09-04T04:35:40Z,2026-09-04T06:35:40+0200,9ca1d4c9-4cb5-4824-a3b1-9cadc29a987a,2026-09-02T00:30:00Z,2026-09-02T02:30:00+0200,480.5,MW,DK2,DK_2,forecast_offshore_wind_generation,Wind Offshore,2026-09-04T04:36:55Z
2026-09-04T04:35:40Z,2026-09-04T06:35:40+0200,9ca1d4c9-4cb5-4824-a3b1-9cadc29a987a,2026-09-02T00:45:00Z,2026-09-02T02:45:00+0200,472.166666,MW,DK2,DK_2,forecast_offshore_wind_generation,Wind Offshore,2026-09-04T04:36:55Z
2026-09-04T04:35:40Z,2026-09-04T06:35:40+0200,9ca1d4c9-4cb5-4824-a3b1-9cadc29a987a,2026-09-02T01:00:00Z,2026-09-02T03:00:00+0200,468.333333,MW,DK2,DK_2,forecast_offshore_wind_generation,Wind Offshore,2026-09-04T04:36:55Z
2026-09-04T04:35:40Z,2026-09-04T06:35:40+0200,9ca1d4c9-4cb5-4824-a3b1-9cadc29a987a,2026-09-02T01:15:00Z,2026-09-02T03:15:00+0200,470.666666,MW,DK2,DK_2,forecast_offshore_wind_generation,Wind Offshore,2026-09-04T04:36:55Z
2026-09-04T04:35:40Z,2026-09-04T06:35:40+0200,9ca1d4c9-4cb5-4824-a3b1-9cadc29a987a,2026-09-02T01:30:00Z,2026-09-02T03:30:00+0200,476.5,MW,DK2,DK_2,forecast_offshore_wind_generation,Wind Offshore,2026-09-04T04:36:55Z
2026-09-04T04:35:40Z,2026-09-04T06:35:40+0200,9ca1d4c9-4cb5-4824-a3b1-9cadc29a987a,2026-09-02T01:45:00Z,2026-09-02T03:45:00+0200,482.333333,MW,DK2,DK_2,forecast_offshore_wind_generation,Wind Offshore,2026-09-04T04:36:55Z
2026-09-04T04:35:40Z,2026-09-04T06:35:40+0200,9ca1d4c9-4cb5-4824-a3b1-9cadc29a987a,2026-09-02T02:00:00Z,2026-09-02T04:00:00+0200,484.166666,MW,DK2,DK_2,forecast_offshore_wind_generation,Wind Offshore,2026-09-04T04:36:55Z
2026-09-04T04:35:40Z,2026-09-04T06:35:40+0200,9ca1d4c9-4cb5-4824-a3b1-9cadc29a987a,2026-09-02T02:15:00Z,2026-09-02T04:15:00+0200,484.166666,MW,DK2,DK_2,forecast_offshore_wind_generation,Wind Offshore,2026-09-04T04:36:55Z
2026-09-04T04:35:40Z,2026-09-04T06:35:40+0200,9ca1d4c9-4cb5-4824-a3b1-9cadc29a987a,2026-09-02T02:30:00Z,2026-09-02T04:30:00+0200,484.0,MW,DK2,DK_2,forecast_offshore_wind_generation,Wind Offshore,2026-09-04T04:36:55Z
2026-09-04T04:35:40Z,2026-09-04T06:35:40+0200,9ca1d4c9-4cb5-4824-a3b1-9cadc29a987a,2026-09-02T02:45:00Z,2026-09-02T04:45:00+0200,484.0,MW,DK2,DK_2,forecast_offshore_wind_generation,Wind Offshore,2026-09-04T04:36:55Z
2026-09-04T04:35:40Z,2026-09-04T06:35:40+0200,9ca1d4c9-4cb5-4824-a3b1-9cadc29a987a,2026-09-02T03:00:00Z,2026-09-02T05:00:00+0200,482.666666,MW,DK2,DK_2,forecast_offshore_wind_generation,Wind Offshore,2026-09-04T04:36:55Z
2026-09-04T04:35:40Z,2026-09-04T06:35:40+0200,9ca1d4c9-4cb5-4824-a3b1-9cadc29a987a,2026-09-02T03:15:00Z,2026-09-02T05:15:00+0200,479.666666,MW,DK2,DK_2,forecast_offshore_wind_generation,Wind Offshore,2026-09-04T04:36:55Z
2026-09-04T04:35:40Z,2026-09-04T06:35:40+0200,9ca1d4c9-4cb5-4824-a3b1-9cadc29a987a,2026-09-02T03:30:00Z,2026-09-02T05:30:00+0200,476.333333,MW,DK2,DK_2,forecast_offshore_wind_generation,Wind Offshore,2026-09-04T04:36:55Z
2026-09-04T04:35:40Z,2026-09-04T06:35:40+0200,9ca1d4c9-4cb5-4824-a3b1-9cadc29a987a,2026-09-02T03:45:00Z,2026-09-02T05:45:00+0200,472.333333,MW,DK2,DK_2,forecast_offshore_wind_generation,Wind Offshore,2026-09-04T04:36:55Z
2026-09-04T04:35:40Z,2026-09-04T06:35:40+0200,9ca1d4c9-4cb5-4824-a3b1-9cadc29a987a,2026-09-02T04:00:00Z,2026-09-02T06:00:00+0200,468.5,MW,DK2,DK_2,forecast_offshore_wind_generation,Wind Offshore,2026-09-04T04:36:55Z
2026-09-04T04:35:40Z,2026-09-04T06:35:40+0200,9ca1d4c9-4cb5-4824-a3b1-9cadc29a987a,2026-09-02T04:15:00Z,2026-09-02T06:15:00+0200,466.5,MW,DK2,DK_2,forecast_offshore_wind_generation,Wind Offshore,2026-09-04T04:36:55Z
2026-09-04T04:35:40Z,2026-09-04T06:35:40+0200,9ca1d4c9-4cb5-4824-a3b1-9cadc29a987a,2026-09-02T04:30:00Z,2026-09-02T06:30:00+0200,465.833333,MW,DK2,DK_2,forecast_offshore_wind_generation,Wind Offshore,2026-09-04T04:36:55Z
2026-09-04T04:35:40Z,2026-09-04T06:35:40+0200,9ca1d4c9-4cb5-4824-a3b1-9cadc29a987a,2026-09-02T04:45:00Z,2026-09-02T06:45:00+0200,466.0,MW,DK2,DK_2,forecast_offshore_wind_generation,Wind Offshore,2026-09-04T04:36:55Z
2026-09-04T04:35:40Z,2026-09-04T06:35:40+0200,9ca1d4c9-4cb5-4824-a3b1-9cadc29a987a,2026-09-02T05:00:00Z,2026-09-02T07:00:00+0200,470.833333,MW,DK2,DK_2,forecast_offshore_wind_generation,Wind Offshore,2026-09-04T04:36:55Z
2026-09-04T04:35:40Z,2026-09-04T06:35:40+0200,9ca1d4c9-4cb5-4824-a3b1-9cadc29a987a,2026-09-02T05:15:00Z,2026-09-02T07:15:00+0200,487.666666,MW,DK2,DK_2,forecast_offshore_wind_generation,Wind Offshore,2026-09-04T04:36:55Z
2026-09-04T04:35:40Z,2026-09-04T06:35:40+0200,9ca1d4c9-4cb5-4824-a3b1-9cadc29a987a,2026-09-02T05:30:00Z,2026-09-02T07:30:00+0200,508.5,MW,DK2,DK_2,forecast_offshore_wind_generation,Wind Offshore,2026-09-04T04:36:55Z
2026-09-04T04:35:40Z,2026-09-04T06:35:40+0200,9ca1d4c9-4cb5-4824-a3b1-9cadc29a987a,2026-09-02T05:45:00Z,2026-09-02T07:45:00+0200,528.666666,MW,DK2,DK_2,forecast_offshore_wind_generation,Wind Offshore,2026-09-04T04:36:55Z
2026-09-04T04:35:40Z,2026-09-04T06:35:40+0200,9ca1d4c9-4cb5-4824-a3b1-9cadc29a987a,2026-09-02T06:00:00Z,2026-09-02T08:00:00+0200,543.166666,MW,DK2,DK_2,forecast_offshore_wind_generation,Wind Offshore,2026-09-04T04:36:55Z
2026-09-04T04:35:40Z,2026-09-04T06:35:40+0200,9ca1d4c9-4cb5-4824-a3b1-9cadc29a987a,2026-09-02T06:15:00Z,2026-09-02T08:15:00+0200,556.0,MW,DK2,DK_2,forecast_offshore_wind_generation,Wind Offshore,2026-09-04T04:36:55Z
2026-09-04T04:35:40Z,2026-09-04T06:35:40+0200,9ca1d4c9-4cb5-4824-a3b1-9cadc29a987a,2026-09-02T06:30:00Z,2026-09-02T08:30:00+0200,567.833333,MW,DK2,DK_2,forecast_offshore_wind_generation,Wind Offshore,2026-09-04T04:36:55Z
2026-09-04T04:35:40Z,2026-09-04T06:35:40+0200,9ca1d4c9-4cb5-4824-a3b1-9cadc29a987a,2026-09-02T06:45:00Z,2026-09-02T08:45:00+0200,577.166666,MW,DK2,DK_2,forecast_offshore_wind_generation,Wind Offshore,2026-09-04T04:36:55Z
2026-09-04T04:35:40Z,2026-09-04T06:35:40+0200,9ca1d4c9-4cb5-4824-a3b1-9cadc29a987a,2026-09-02T07:00:00Z,2026-09-02T09:00:00+0200,581.5,MW,DK2,DK_2,forecast_offshore_wind_generation,Wind Offshore,2026-09-04T04:36:55Z
2026-09-04T04:35:40Z,2026-09-04T06:35:40+0200,9ca1d4c9-4cb5-4824-a3b1-9cadc29a987a,2026-09-02T07:15:00Z,2026-09-02T09:15:00+0200,583.0,MW,DK2,DK_2,forecast_offshore_wind_generation,Wind Offshore,2026-09-04T04:36:55Z
2026-09-04T04:35:40Z,2026-09-04T06:35:40+0200,9ca1d4c9-4cb5-4824-a3b1-9cadc29a987a,2026-09-02T07:30:00Z,2026-09-02T09:30:00+0200,582.5,MW,DK2,DK_2,forecast_offshore_wind_generation,Wind Offshore,2026-09-04T04:36:55Z
2026-09-04T04:35:40Z,2026-09-04T06:35:40+0200,9ca1d4c9-4cb5-4824-a3b1-9cadc29a987a,2026-09-02T07:45:00Z,2026-09-02T09:45:00+0200,581.166666,MW,DK2,DK_2,forecast_offshore_wind_generation,Wind Offshore,2026-09-04T04:36:55Z
2026-09-04T04:35:40Z,2026-09-04T06:35:40+0200,9ca1d4c9-4cb5-4824-a3b1-9cadc29a987a,2026-09-02T08:00:00Z,2026-09-02T10:00:00+0200,579.333333,MW,DK2,DK_2,forecast_offshore_wind_generation,Wind Offshore,2026-09-04T04:36:55Z
2026-09-04T04:35:40Z,2026-09-04T06:35:40+0200,9ca1d4c9-4cb5-4824-a3b1-9cadc29a987a,2026-09-02T08:15:00Z,2026-09-02T10:15:00+0200,574.0,MW,DK2,DK_2,forecast_offshore_wind_generation,Wind Offshore,2026-09-04T04:36:55Z
2026-09-04T04:35:40Z,2026-09-04T06:35:40+0200,9ca1d4c9-4cb5-4824-a3b1-9cadc29a987a,2026-09-02T08:30:00Z,2026-09-02T10:30:00+0200,568.0,MW,DK2,DK_2,forecast_offshore_wind_generation,Wind Offshore,2026-09-04T04:36:55Z
2026-09-04T04:35:40Z,2026-09-04T06:35:40+0200,9ca1d4c9-4cb5-4824-a3b1-9cadc29a987a,2026-09-02T08:45:00Z,2026-09-02T10:45:00+0200,563.666666,MW,DK2,DK_2,forecast_offshore_wind_generation,Wind Offshore,2026-09-04T04:36:55Z
2026-09-04T04:35:40Z,2026-09-04T06:35:40+0200,9ca1d4c9-4cb5-4824-a3b1-9cadc29a987a,2026-09-02T09:00:00Z,2026-09-02T11:00:00+0200,565.166666,MW,DK2,DK_2,forecast_offshore_wind_generation,Wind Offshore,2026-09-04T04:36:55Z
2026-09-04T04:35:40Z,2026-09-04T06:35:40+0200,9ca1d4c9-4cb5-4824-a3b1-9cadc29a987a,2026-09-02T09:15:00Z,2026-09-02T11:15:00+0200,572.666666,MW,DK2,DK_2,forecast_offshore_wind_generation,Wind Offshore,2026-09-04T04:36:55Z
2026-09-04T04:35:40Z,2026-09-04T06:35:40+0200,9ca1d4c9-4cb5-4824-a3b1-9cadc29a987a,2026-09-02T09:30:00Z,2026-09-02T11:30:00+0200,583.833333,MW,DK2,DK_2,forecast_offshore_wind_generation,Wind Offshore,2026-09-04T04:36:55Z
2026-09-04T04:35:40Z,2026-09-04T06:35:40+0200,9ca1d4c9-4cb5-4824-a3b1-9cadc29a987a,2026-09-02T09:45:00Z,2026-09-02T11:45:00+0200,593.666666,MW,DK2,DK_2,forecast_offshore_wind_generation,Wind Offshore,2026-09-04T04:36:55Z
2026-09-04T04:35:40Z,2026-09-04T06:35:40+0200,9ca1d4c9-4cb5-4824-a3b1-9cadc29a987a,2026-09-02T10:00:00Z,2026-09-02T12:00:00+0200,599.833333,MW,DK2,DK_2,forecast_offshore_wind_generation,Wind Offshore,2026-09-04T04:36:55Z
2026-09-04T04:35:40Z,2026-09-04T06:35:40+0200,9ca1d4c9-4cb5-4824-a3b1-9cadc29a987a,2026-09-02T10:15:00Z,2026-09-02T12:15:00+0200,604.5,MW,DK2,DK_2,forecast_offshore_wind_generation,Wind Offshore,2026-09-04T04:36:55Z
2026-09-04T04:35:40Z,2026-09-04T06:35:40+0200,9ca1d4c9-4cb5-4824-a3b1-9cadc29a987a,2026-09-02T10:30:00Z,2026-09-02T12:30:00+0200,608.5,MW,DK2,DK_2,forecast_offshore_wind_generation,Wind Offshore,2026-09-04T04:36:55Z
2026-09-04T04:35:40Z,2026-09-04T06:35:40+0200,9ca1d4c9-4cb5-4824-a3b1-9cadc29a987a,2026-09-02T10:45:00Z,2026-09-02T12:45:00+0200,611.0,MW,DK2,DK_2,forecast_offshore_wind_generation,Wind Offshore,2026-09-04T04:36:55Z
2026-09-04T04:35:40Z,2026-09-04T06:35:40+0200,9ca1d4c9-4cb5-4824-a3b1-9cadc29a987a,2026-09-02T11:00:00Z,2026-09-02T13:00:00+0200,611.5,MW,DK2,DK_2,forecast_offshore_wind_generation,Wind Offshore,2026-09-04T04:36:55Z
2026-09-04T04:35:40Z,2026-09-04T06:35:40+0200,9ca1d4c9-4cb5-4824-a3b1-9cadc29a987a,2026-09-02T11:15:00Z,2026-09-02T13:15:00+0200,609.5,MW,DK2,DK_2,forecast_offshore_wind_generation,Wind Offshore,2026-09-04T04:36:55Z
2026-09-04T04:35:40Z,2026-09-04T06:35:40+0200,9ca1d4c9-4cb5-4824-a3b1-9cadc29a987a,2026-09-02T11:30:00Z,2026-09-02T13:30:00+0200,605.666666,MW,DK2,DK_2,forecast_offshore_wind_generation,Wind Offshore,2026-09-04T04:36:55Z
2026-09-04T04:35:40Z,2026-09-04T06:35:40+0200,9ca1d4c9-4cb5-4824-a3b1-9cadc29a987a,2026-09-02T11:45:00Z,2026-09-02T13:45:00+0200,603.0,MW,DK2,DK_2,forecast_offshore_wind_generation,Wind Offshore,2026-09-04T04:36:55Z
2026-09-04T04:35:40Z,2026-09-04T06:35:40+0200,9ca1d4c9-4cb5-4824-a3b1-9cadc29a987a,2026-09-02T12:00:00Z,2026-09-02T14:00:00+0200,601.5,MW,DK2,DK_2,forecast_offshore_wind_generation,Wind Offshore,2026-09-04T04:36:55Z
2026-09-04T04:35:40Z,2026-09-04T06:35:40+0200,9ca1d4c9-4cb5-4824-a3b1-9cadc29a987a,2026-09-02T12:15:00Z,2026-09-02T14:15:00+0200,599.5,MW,DK2,DK_2,forecast_offshore_wind_generation,Wind Offshore,2026-09-04T04:36:55Z
2026-09-04T04:35:40Z,2026-09-04T06:35:40+0200,9ca1d4c9-4cb5-4824-a3b1-9cadc29a987a,2026-09-02T12:30:00Z,2026-09-02T14:30:00+0200,597.0,MW,DK2,DK_2,forecast_offshore_wind_generation,Wind Offshore,2026-09-04T04:36:55Z
2026-09-04T04:35:40Z,2026-09-04T06:35:40+0200,9ca1d4c9-4cb5-4824-a3b1-9cadc29a987a,2026-09-02T12:45:00Z,2026-09-02T14:45:00+0200,594.5,MW,DK2,DK_2,forecast_offshore_wind_generation,Wind Offshore,2026-09-04T04:36:55Z
2026-09-04T04:35:40Z,2026-09-04T06:35:40+0200,9ca1d4c9-4cb5-4824-a3b1-9cadc29a987a,2026-09-02T13:00:00Z,2026-09-02T15:00:00+0200,591.333333,MW,DK2,DK_2,forecast_offshore_wind_generation,Wind Offshore,2026-09-04T04:36:55Z
2026-09-04T04:35:40Z,2026-09-04T06:35:40+0200,9ca1d4c9-4cb5-4824-a3b1-9cadc29a987a,2026-09-02T13:15:00Z,2026-09-02T15:15:00+0200,585.0,MW,DK2,DK_2,forecast_offshore_wind_generation,Wind Offshore,2026-09-04T04:36:55Z
2026-09-04T04:35:40Z,2026-09-04T06:35:40+0200,9ca1d4c9-4cb5-4824-a3b1-9cadc29a987a,2026-09-02T13:30:00Z,2026-09-02T15:30:00+0200,577.0,MW,DK2,DK_2,forecast_offshore_wind_generation,Wind Offshore,2026-09-04T04:36:55Z
2026-09-04T04:35:40Z,2026-09-04T06:35:40+0200,9ca1d4c9-4cb5-4824-a3b1-9cadc29a987a,2026-09-02T13:45:00Z,2026-09-02T15:45:00+0200,570.666666,MW,DK2,DK_2,forecast_offshore_wind_generation,Wind Offshore,2026-09-04T04:36:55Z
2026-09-04T04:35:40Z,2026-09-04T06:35:40+0200,9ca1d4c9-4cb5-4824-a3b1-9cadc29a987a,2026-09-02T14:00:00Z,2026-09-02T16:00:00+0200,567.333333,MW,DK2,DK_2,forecast_offshore_wind_generation,Wind Offshore,2026-09-04T04:36:55Z
2026-09-04T04:35:40Z,2026-09-04T06:35:40+0200,9ca1d4c9-4cb5-4824-a3b1-9cadc29a987a,2026-09-02T14:15:00Z,2026-09-02T16:15:00+0200,562.833333,MW,DK2,DK_2,forecast_offshore_wind_generation,Wind Offshore,2026-09-04T04:36:55Z
2026-09-04T04:35:40Z,2026-09-04T06:35:40+0200,9ca1d4c9-4cb5-4824-a3b1-9cadc29a987a,2026-09-02T14:30:00Z,2026-09-02T16:30:00+0200,557.833333,MW,DK2,DK_2,forecast_offshore_wind_generation,Wind Offshore,2026-09-04T04:36:55Z
2026-09-04T04:35:40Z,2026-09-04T06:35:40+0200,9ca1d4c9-4cb5-4824-a3b1-9cadc29a987a,2026-09-02T14:45:00Z,2026-09-02T16:45:00+0200,553.5,MW,DK2,DK_2,forecast_offshore_wind_generation,Wind Offshore,2026-09-04T04:36:55Z
2026-09-04T04:35:40Z,2026-09-04T06:35:40+0200,9ca1d4c9-4cb5-4824-a3b1-9cadc29a987a,2026-09-02T15:00:00Z,2026-09-02T17:00:00+0200,552.0,MW,DK2,DK_2,forecast_offshore_wind_generation,Wind Offshore,2026-09-04T04:36:55Z
2026-09-04T04:35:40Z,2026-09-04T06:35:40+0200,9ca1d4c9-4cb5-4824-a3b1-9cadc29a987a,2026-09-02T15:15:00Z,2026-09-02T17:15:00+0200,554.166666,MW,DK2,DK_2,forecast_offshore_wind_generation,Wind Offshore,2026-09-04T04:36:55Z
2026-09-04T04:35:40Z,2026-09-04T06:35:40+0200,9ca1d4c9-4cb5-4824-a3b1-9cadc29a987a,2026-09-02T15:30:00Z,2026-09-02T17:30:00+0200,555.0,MW,DK2,DK_2,forecast_offshore_wind_generation,Wind Offshore,2026-09-04T04:36:55Z
2026-09-04T04:35:40Z,2026-09-04T06:35:40+0200,9ca1d4c9-4cb5-4824-a3b1-9cadc29a987a,2026-09-02T15:45:00Z,2026-09-02T17:45:00+0200,553.333333,MW,DK2,DK_2,forecast_offshore_wind_generation,Wind Offshore,2026-09-04T04:36:55Z
2026-09-04T04:35:40Z,2026-09-04T06:35:40+0200,9ca1d4c9-4cb5-4824-a3b1-9cadc29a987a,2026-09-02T16:00:00Z,2026-09-02T18:00:00+0200,550.0,MW,DK2,DK_2,forecast_offshore_wind_generation,Wind Offshore,2026-09-04T04:36:55Z
2026-09-04T04:35:40Z,2026-09-04T06:35:40+0200,9ca1d4c9-4cb5-4824-a3b1-9cadc29a987a,2026-09-02T16:15:00Z,2026-09-02T18:15:00+0200,547.666666,MW,DK2,DK_2,forecast_offshore_wind_generation,Wind Offshore,2026-09-04T04:36:55Z
2026-09-04T04:35:40Z,2026-09-04T06:35:40+0200,9ca1d4c9-4cb5-4824-a3b1-9cadc29a987a,2026-09-02T16:30:00Z,2026-09-02T18:30:00+0200,545.5,MW,DK2,DK_2,forecast_offshore_wind_generation,Wind Offshore,2026-09-04T04:36:55Z
2026-09-04T04:35:40Z,2026-09-04T06:35:40+0200,9ca1d4c9-4cb5-4824-a3b1-9cadc29a987a,2026-09-02T16:45:00Z,2026-09-02T18:45:00+0200,542.5,MW,DK2,DK_2,forecast_offshore_wind_generation,Wind Offshore,2026-09-04T04:36:55Z
2026-09-04T04:35:40Z,2026-09-04T06:35:40+0200,9ca1d4c9-4cb5-4824-a3b1-9cadc29a987a,2026-09-02T17:00:00Z,2026-09-02T19:00:00+0200,540.0,MW,DK2,DK_2,forecast_offshore_wind_generation,Wind Offshore,2026-09-04T04:36:55Z
2026-09-04T04:35:40Z,2026-09-04T06:35:40+0200,9ca1d4c9-4cb5-4824-a3b1-9cadc29a987a,2026-09-02T17:15:00Z,2026-09-02T19:15:00+0200,538.5,MW,DK2,DK_2,forecast_offshore_wind_generation,Wind Offshore,2026-09-04T04:36:55Z
2026-09-04T04:35:40Z,2026-09-04T06:35:40+0200,9ca1d4c9-4cb5-4824-a3b1-9cadc29a987a,2026-09-02T17:30:00Z,2026-09-02T19:30:00+0200,537.833333,MW,DK2,DK_2,forecast_offshore_wind_generation,Wind Offshore,2026-09-04T04:36:55Z
2026-09-04T04:35:40Z,2026-09-04T06:35:40+0200,9ca1d4c9-4cb5-4824-a3b1-9cadc29a987a,2026-09-02T17:45:00Z,2026-09-02T19:45:00+0200,536.333333,MW,DK2,DK_2,forecast_offshore_wind_generation,Wind Offshore,2026-09-04T04:36:55Z
2026-09-04T04:35:40Z,2026-09-04T06:35:40+0200,9ca1d4c9-4cb5-4824-a3b1-9cadc29a987a,2026-09-02T18:00:00Z,2026-09-02T20:00:00+0200,530.5,MW,DK2,DK_2,forecast_offshore_wind_generation,Wind Offshore,2026-09-04T04:36:55Z
2026-09-04T04:35:40Z,2026-09-04T06:35:40+0200,9ca1d4c9-4cb5-4824-a3b1-9cadc29a987a,2026-09-02T18:15:00Z,2026-09-02T20:15:00+0200,510.666666,MW,DK2,DK_2,forecast_offshore_wind_generation,Wind Offshore,2026-09-04T04:36:55Z
2026-09-04T04:35:40Z,2026-09-04T06:35:40+0200,9ca1d4c9-4cb5-4824-a3b1-9cadc29a987a,2026-09-02T18:30:00Z,2026-09-02T20:30:00+0200,482.5,MW,DK2,DK_2,forecast_offshore_wind_generation,Wind Offshore,2026-09-04T04:36:55Z
2026-09-04T04:35:40Z,2026-09-04T06:35:40+0200,9ca1d4c9-4cb5-4824-a3b1-9cadc29a987a,2026-09-02T18:45:00Z,2026-09-02T20:45:00+0200,459.666666,MW,DK2,DK_2,forecast_offshore_wind_generation,Wind Offshore,2026-09-04T04:36:55Z
2026-09-04T04:35:40Z,2026-09-04T06:35:40+0200,9ca1d4c9-4cb5-4824-a3b1-9cadc29a987a,2026-09-02T19:00:00Z,2026-09-02T21:00:00+0200,457.333333,MW,DK2,DK_2,forecast_offshore_wind_generation,Wind Offshore,2026-09-04T04:36:55Z
2026-09-04T04:35:40Z,2026-09-04T06:35:40+0200,9ca1d4c9-4cb5-4824-a3b1-9cadc29a987a,2026-09-02T19:15:00Z,2026-09-02T21:15:00+0200,467.833333,MW,DK2,DK_2,forecast_offshore_wind_generation,Wind Offshore,2026-09-04T04:36:55Z
2026-09-04T04:35:40Z,2026-09-04T06:35:40+0200,9ca1d4c9-4cb5-4824-a3b1-9cadc29a987a,2026-09-02T19:30:00Z,2026-09-02T21:30:00+0200,484.0,MW,DK2,DK_2,forecast_offshore_wind_generation,Wind Offshore,2026-09-04T04:36:55Z
2026-09-04T04:35:40Z,2026-09-04T06:35:40+0200,9ca1d4c9-4cb5-4824-a3b1-9cadc29a987a,2026-09-02T19:45:00Z,2026-09-02T21:45:00+0200,497.833333,MW,DK2,DK_2,forecast_offshore_wind_generation,Wind Offshore,2026-09-04T04:36:55Z
2026-09-04T04:35:40Z,2026-09-04T06:35:40+0200,9ca1d4c9-4cb5-4824-a3b1-9cadc29a987a,2026-09-02T20:00:00Z,2026-09-02T22:00:00+0200,506.833333,MW,DK2,DK_2,forecast_offshore_wind_generation,Wind Offshore,2026-09-04T04:36:55Z
2026-09-04T04:35:40Z,2026-09-04T06:35:40+0200,9ca1d4c9-4cb5-4824-a3b1-9cadc29a987a,2026-09-02T20:15:00Z,2026-09-02T22:15:00+0200,512.833333,MW,DK2,DK_2,forecast_offshore_wind_generation,Wind Offshore,2026-09-04T04:36:55Z
2026-09-04T04:35:40Z,2026-09-04T06:35:40+0200,9ca1d4c9-4cb5-4824-a3b1-9cadc29a987a,2026-09-02T20:30:00Z,2026-09-02T22:30:00+0200,516.5,MW,DK2,DK_2,forecast_offshore_wind_generation,Wind Offshore,2026-09-04T04:36:55Z
2026-09-04T04:35:40Z,2026-09-04T06:35:40+0200,9ca1d4c9-4cb5-4824-a3b1-9cadc29a987a,2026-09-02T20:45:00Z,2026-09-02T22:45:00+0200,519.0,MW,DK2,DK_2,forecast_offshore_wind_generation,Wind Offshore,2026-09-04T04:36:55Z
2026-09-04T04:35:40Z,2026-09-04T06:35:40+0200,9ca1d4c9-4cb5-4824-a3b1-9cadc29a987a,2026-09-02T21:00:00Z,2026-09-02T23:00:00+0200,518.166666,MW,DK2,DK_2,forecast_offshore_wind_generation,Wind Offshore,2026-09-04T04:36:55Z
2026-09-04T04:35:40Z,2026-09-04T06:35:40+0200,9ca1d4c9-4cb5-4824-a3b1-9cadc29a987a,2026-09-02T21:15:00Z,2026-09-02T23:15:00+0200,510.5,MW,DK2,DK_2,forecast_offshore_wind_generation,Wind Offshore,2026-09-04T04:36:55Z
2026-09-04T04:35:40Z,2026-09-04T06:35:40+0200,9ca1d4c9-4cb5-4824-a3b1-9cadc29a987a,2026-09-02T21:30:00Z,2026-09-02T23:30:00+0200,497.833333,MW,DK2,DK_2,forecast_offshore_wind_generation,Wind Offshore,2026-09-04T04:36:55Z
2026-09-04T04:35:40Z,2026-09-04T06:35:40+0200,9ca1d4c9-4cb5-4824-a3b1-9cadc29a987a,2026-09-02T21:45:00Z,2026-09-02T23:45:00+0200,485.666666,MW,DK2,DK_2,forecast_offshore_wind_generation,Wind Offshore,2026-09-04T04:36:55Z
2026-09-04T04:35:40Z,2026-09-04T06:35:40+0200,9ca1d4c9-4cb5-4824-a3b1-9cadc29a987a,2026-09-02T22:00:00Z,2026-09-03T00:00:00+0200,494.333333,MW,DK2,DK_2,forecast_offshore_wind_generation,Wind Offshore,2026-09-04T04:36:55Z
2026-09-04T04:35:40Z,2026-09-04T06:35:40+0200,9ca1d4c9-4cb5-4824-a3b1-9cadc29a987a,2026-09-02T22:15:00Z,2026-09-03T00:15:00+0200,486.5,MW,DK2,DK_2,forecast_offshore_wind_generation,Wind Offshore,2026-09-04T04:36:55Z
2026-09-04T04:35:40Z,2026-09-04T06:35:40+0200,9ca1d4c9-4cb5-4824-a3b1-9cadc29a987a,2026-09-02T22:30:00Z,2026-09-03T00:30:00+0200,476.666666,MW,DK2,DK_2,forecast_offshore_wind_generation,Wind Offshore,2026-09-04T04:36:55Z
2026-09-04T04:35:40Z,2026-09-04T06:35:40+0200,9ca1d4c9-4cb5-4824-a3b1-9cadc29a987a,2026-09-02T22:45:00Z,2026-09-03T00:45:00+0200,467.666666,MW,DK2,DK_2,forecast_offshore_wind_generation,Wind Offshore,2026-09-04T04:36:55Z
2026-09-04T04:35:40Z,2026-09-04T06:35:40+0200,9ca1d4c9-4cb5-4824-a3b1-9cadc29a987a,2026-09-02T23:00:00Z,2026-09-03T01:00:00+0200,460.5,MW,DK2,DK_2,forecast_offshore_wind_generation,Wind Offshore,2026-09-04T04:36:55Z
2026-09-04T04:35:40Z,2026-09-04T06:35:40+0200,9ca1d4c9-4cb5-4824-a3b1-9cadc29a987a,2026-09-02T23:15:00Z,2026-09-03T01:15:00+0200,452.5,MW,DK2,DK_2,forecast_offshore_wind_generation,Wind Offshore,2026-09-04T04:36:55Z
2026-09-04T04:35:40Z,2026-09-04T06:35:40+0200,9ca1d4c9-4cb5-4824-a3b1-9cadc29a987a,2026-09-02T23:30:00Z,2026-09-03T01:30:00+0200,443.166666,MW,DK2,DK_2,forecast_offshore_wind_generation,Wind Offshore,2026-09-04T04:36:55Z
2026-09-04T04:35:40Z,2026-09-04T06:35:40+0200,9ca1d4c9-4cb5-4824-a3b1-9cadc29a987a,2026-09-02T23:45:00Z,2026-09-03T01:45:00+0200,435.166666,MW,DK2,DK_2,forecast_offshore_wind_generation,Wind Offshore,2026-09-04T04:36:55Z
2026-09-04T04:35:40Z,2026-09-04T06:35:40+0200,9ca1d4c9-4cb5-4824-a3b1-9cadc29a987a,2026-09-03T00:00:00Z,2026-09-03T02:00:00+0200,429.0,MW,DK2,DK_2,forecast_offshore_wind_generation,Wind Offshore,2026-09-04T04:36:55Z
2026-09-04T04:35:40Z,2026-09-04T06:35:40+0200,9ca1d4c9-4cb5-4824-a3b1-9cadc29a987a,2026-09-03T00:15:00Z,2026-09-03T02:15:00+0200,422.333333,MW,DK2,DK_2,forecast_offshore_wind_generation,Wind Offshore,2026-09-04T04:36:55Z
2026-09-04T04:35:40Z,2026-09-04T06:35:40+0200,9ca1d4c9-4cb5-4824-a3b1-9cadc29a987a,2026-09-03T00:30:00Z,2026-09-03T02:30:00+0200,414.5,MW,DK2,DK_2,forecast_offshore_wind_generation,Wind Offshore,2026-09-04T04:36:55Z
2026-09-04T04:35:40Z,2026-09-04T06:35:40+0200,9ca1d4c9-4cb5-4824-a3b1-9cadc29a987a,2026-09-03T00:45:00Z,2026-09-03T02:45:00+0200,408.166666,MW,DK2,DK_2,forecast_offshore_wind_generation,Wind Offshore,2026-09-04T04:36:55Z
2026-09-04T04:35:40Z,2026-09-04T06:35:40+0200,9ca1d4c9-4cb5-4824-a3b1-9cadc29a987a,2026-09-03T01:00:00Z,2026-09-03T03:00:00+0200,403.666666,MW,DK2,DK_2,forecast_offshore_wind_generation,Wind Offshore,2026-09-04T04:36:55Z
2026-09-04T04:35:40Z,2026-09-04T06:35:40+0200,9ca1d4c9-4cb5-4824-a3b1-9cadc29a987a,2026-09-03T01:15:00Z,2026-09-03T03:15:00+0200,399.666666,MW,DK2,DK_2,forecast_offshore_wind_generation,Wind Offshore,2026-09-04T04:36:55Z
2026-09-04T04:35:40Z,2026-09-04T06:35:40+0200,9ca1d4c9-4cb5-4824-a3b1-9cadc29a987a,2026-09-03T01:30:00Z,2026-09-03T03:30:00+0200,397.166666,MW,DK2,DK_2,forecast_offshore_wind_generation,Wind Offshore,2026-09-04T04:36:55Z
2026-09-04T04:35:40Z,2026-09-04T06:35:40+0200,9ca1d4c9-4cb5-4824-a3b1-9cadc29a987a,2026-09-03T01:45:00Z,2026-09-03T03:45:00+0200,397.0,MW,DK2,DK_2,forecast_offshore_wind_generation,Wind Offshore,2026-09-04T04:36:55Z
2026-09-04T04:35:40Z,2026-09-04T06:35:40+0200,9ca1d4c9-4cb5-4824-a3b1-9cadc29a987a,2026-09-03T02:00:00Z,2026-09-03T04:00:00+0200,399.166666,MW,DK2,DK_2,forecast_offshore_wind_generation,Wind Offshore,2026-09-04T04:36:55Z
2026-09-04T04:35:40Z,2026-09-04T06:35:40+0200,9ca1d4c9-4cb5-4824-a3b1-9cadc29a987a,2026-09-03T02:15:00Z,2026-09-03T04:15:00+0200,407.5,MW,DK2,DK_2,forecast_offshore_wind_generation,Wind Offshore,2026-09-04T04:36:55Z
2026-09-04T04:35:40Z,2026-09-04T06:35:40+0200,9ca1d4c9-4cb5-4824-a3b1-9cadc29a987a,2026-09-03T02:30:00Z,2026-09-03T04:30:00+0200,419.0,MW,DK2,DK_2,forecast_offshore_wind_generation,Wind Offshore,2026-09-04T04:36:55Z
2026-09-04T04:35:40Z,2026-09-04T06:35:40+0200,9ca1d4c9-4cb5-4824-a3b1-9cadc29a987a,2026-09-03T02:45:00Z,2026-09-03T04:45:00+0200,428.5,MW,DK2,DK_2,forecast_offshore_wind_generation,Wind Offshore,2026-09-04T04:36:55Z
2026-09-04T04:35:40Z,2026-09-04T06:35:40+0200,9ca1d4c9-4cb5-4824-a3b1-9cadc29a987a,2026-09-03T03:00:00Z,2026-09-03T05:00:00+0200,436.0,MW,DK2,DK_2,forecast_offshore_wind_generation,Wind Offshore,2026-09-04T04:36:55Z
2026-09-04T04:35:40Z,2026-09-04T06:35:40+0200,9ca1d4c9-4cb5-4824-a3b1-9cadc29a987a,2026-09-03T03:15:00Z,2026-09-03T05:15:00+0200,443.0,MW,DK2,DK_2,forecast_offshore_wind_generation,Wind Offshore,2026-09-04T04:36:55Z
2026-09-04T04:35:40Z,2026-09-04T06:35:40+0200,9ca1d4c9-4cb5-4824-a3b1-9cadc29a987a,2026-09-03T03:30:00Z,2026-09-03T05:30:00+0200,449.5,MW,DK2,DK_2,forecast_offshore_wind_generation,Wind Offshore,2026-09-04T04:36:55Z
2026-09-04T04:35:40Z,2026-09-04T06:35:40+0200,9ca1d4c9-4cb5-4824-a3b1-9cadc29a987a,2026-09-03T03:45:00Z,2026-09-03T05:45:00+0200,456.0,MW,DK2,DK_2,forecast_offshore_wind_generation,Wind Offshore,2026-09-04T04:36:55Z
2026-09-04T04:35:40Z,2026-09-04T06:35:40+0200,9ca1d4c9-4cb5-4824-a3b1-9cadc29a987a,2026-09-03T04:00:00Z,2026-09-03T06:00:00+0200,462.0,MW,DK2,DK_2,forecast_offshore_wind_generation,Wind Offshore,2026-09-04T04:36:55Z
2026-09-04T04:35:40Z,2026-09-04T06:35:40+0200,9ca1d4c9-4cb5-4824-a3b1-9cadc29a987a,2026-09-03T04:15:00Z,2026-09-03T06:15:00+0200,468.0,MW,DK2,DK_2,forecast_offshore_wind_generation,Wind Offshore,2026-09-04T04:36:55Z
2026-09-04T04:35:40Z,2026-09-04T06:35:40+0200,9ca1d4c9-4cb5-4824-a3b1-9cadc29a987a,2026-09-03T04:30:00Z,2026-09-03T06:30:00+0200,474.166666,MW,DK2,DK_2,forecast_offshore_wind_generation,Wind Offshore,2026-09-04T04:36:55Z
2026-09-04T04:35:40Z,2026-09-04T06:35:40+0200,9ca1d4c9-4cb5-4824-a3b1-9cadc29a987a,2026-09-03T04:45:00Z,2026-09-03T06:45:00+0200,480.5,MW,DK2,DK_2,forecast_offshore_wind_generation,Wind Offshore,2026-09-04T04:36:55Z
2026-09-04T04:35:40Z,2026-09-04T06:35:40+0200,9ca1d4c9-4cb5-4824-a3b1-9cadc29a987a,2026-09-03T05:00:00Z,2026-09-03T07:00:00+0200,487.333333,MW,DK2,DK_2,forecast_offshore_wind_generation,Wind Offshore,2026-09-04T04:36:55Z
2026-09-04T04:35:40Z,2026-09-04T06:35:40+0200,9ca1d4c9-4cb5-4824-a3b1-9cadc29a987a,2026-09-03T05:15:00Z,2026-09-03T07:15:00+0200,500.0,MW,DK2,DK_2,forecast_offshore_wind_generation,Wind Offshore,2026-09-04T04:36:55Z
2026-09-04T04:35:40Z,2026-09-04T06:35:40+0200,9ca1d4c9-4cb5-4824-a3b1-9cadc29a987a,2026-09-03T05:30:00Z,2026-09-03T07:30:00+0200,514.5,MW,DK2,DK_2,forecast_offshore_wind_generation,Wind Offshore,2026-09-04T04:36:55Z
2026-09-04T04:35:40Z,2026-09-04T06:35:40+0200,9ca1d4c9-4cb5-4824-a3b1-9cadc29a987a,2026-09-03T05:45:00Z,2026-09-03T07:45:00+0200,527.166666,MW,DK2,DK_2,forecast_offshore_wind_generation,Wind Offshore,2026-09-04T04:36:55Z
2026-09-04T04:35:40Z,2026-09-04T06:35:40+0200,9ca1d4c9-4cb5-4824-a3b1-9cadc29a987a,2026-09-03T06:00:00Z,2026-09-03T08:00:00+0200,531.666666,MW,DK2,DK_2,forecast_offshore_wind_generation,Wind Offshore,2026-09-04T04:36:55Z
2026-09-04T04:35:40Z,2026-09-04T06:35:40+0200,9ca1d4c9-4cb5-4824-a3b1-9cadc29a987a,2026-09-03T06:15:00Z,2026-09-03T08:15:00+0200,528.5,MW,DK2,DK_2,forecast_offshore_wind_generation,Wind Offshore,2026-09-04T04:36:55Z
2026-09-04T04:35:40Z,2026-09-04T06:35:40+0200,9ca1d4c9-4cb5-4824-a3b1-9cadc29a987a,2026-09-03T06:30:00Z,2026-09-03T08:30:00+0200,523.666666,MW,DK2,DK_2,forecast_offshore_wind_generation,Wind Offshore,2026-09-04T04:36:55Z
2026-09-04T04:35:40Z,2026-09-04T06:35:40+0200,9ca1d4c9-4cb5-4824-a3b1-9cadc29a987a,2026-09-03T06:45:00Z,2026-09-03T08:45:00+0200,522.166666,MW,DK2,DK_2,forecast_offshore_wind_generation,Wind Offshore,2026-09-04T04:36:55Z
2026-09-04T04:35:40Z,2026-09-04T06:35:40+0200,9ca1d4c9-4cb5-4824-a3b1-9cadc29a987a,2026-09-03T07:00:00Z,2026-09-03T09:00:00+0200,526.833333,MW,DK2,DK_2,forecast_offshore_wind_generation,Wind Offshore,2026-09-04T04:36:55Z
2026-09-04T04:35:40Z,2026-09-04T06:35:40+0200,9ca1d4c9-4cb5-4824-a3b1-9cadc29a987a,2026-09-03T07:15:00Z,2026-09-03T09:15:00+0200,538.666666,MW,DK2,DK_2,forecast_offshore_wind_generation,Wind Offshore,2026-09-04T04:36:55Z
2026-09-04T04:35:40Z,2026-09-04T06:35:40+0200,9ca1d4c9-4cb5-4824-a3b1-9cadc29a987a,2026-09-03T07:30:00Z,2026-09-03T09:30:00+0200,554.0,MW,DK2,DK_2,forecast_offshore_wind_generation,Wind Offshore,2026-09-04T04:36:55Z
2026-09-04T04:35:40Z,2026-09-04T06:35:40+0200,9ca1d4c9-4cb5-4824-a3b1-9cadc29a987a,2026-09-03T07:45:00Z,2026-09-03T09:45:00+0200,569.333333,MW,DK2,DK_2,forecast_offshore_wind_generation,Wind Offshore,2026-09-04T04:36:55Z
2026-09-04T04:35:40Z,2026-09-04T06:35:40+0200,9ca1d4c9-4cb5-4824-a3b1-9cadc29a987a,2026-09-03T08:00:00Z,2026-09-03T10:00:00+0200,582.0,MW,DK2,DK_2,forecast_offshore_wind_generation,Wind Offshore,2026-09-04T04:36:55Z
2026-09-04T04:35:40Z,2026-09-04T06:35:40+0200,9ca1d4c9-4cb5-4824-a3b1-9cadc29a987a,2026-09-03T08:15:00Z,2026-09-03T10:15:00+0200,594.0,MW,DK2,DK_2,forecast_offshore_wind_generation,Wind Offshore,2026-09-04T04:36:55Z
2026-09-04T04:35:40Z,2026-09-04T06:35:40+0200,9ca1d4c9-4cb5-4824-a3b1-9cadc29a987a,2026-09-03T08:30:00Z,2026-09-03T10:30:00+0200,606.0,MW,DK2,DK_2,forecast_offshore_wind_generation,Wind Offshore,2026-09-04T04:36:55Z
2026-09-04T04:35:40Z,2026-09-04T06:35:40+0200,9ca1d4c9-4cb5-4824-a3b1-9cadc29a987a,2026-09-03T08:45:00Z,2026-09-03T10:45:00+0200,616.5,MW,DK2,DK_2,forecast_offshore_wind_generation,Wind Offshore,2026-09-04T04:36:55Z
2026-09-04T04:35:40Z,2026-09-04T06:35:40+0200,9ca1d4c9-4cb5-4824-a3b1-9cadc29a987a,2026-09-03T09:00:00Z,2026-09-03T11:00:00+0200,625.5,MW,DK2,DK_2,forecast_offshore_wind_generation,Wind Offshore,2026-09-04T04:36:55Z
2026-09-04T04:35:40Z,2026-09-04T06:35:40+0200,9ca1d4c9-4cb5-4824-a3b1-9cadc29a987a,2026-09-03T09:15:00Z,2026-09-03T11:15:00+0200,635.833333,MW,DK2,DK_2,forecast_offshore_wind_generation,Wind Offshore,2026-09-04T04:36:55Z
2026-09-04T04:35:40Z,2026-09-04T06:35:40+0200,9ca1d4c9-4cb5-4824-a3b1-9cadc29a987a,2026-09-03T09:30:00Z,2026-09-03T11:30:00+0200,647.0,MW,DK2,DK_2,forecast_offshore_wind_generation,Wind Offshore,2026-09-04T04:36:55Z
2026-09-04T04:35:40Z,2026-09-04T06:35:40+0200,9ca1d4c9-4cb5-4824-a3b1-9cadc29a987a,2026-09-03T09:45:00Z,2026-09-03T11:45:00+0200,657.5,MW,DK2,DK_2,forecast_offshore_wind_generation,Wind Offshore,2026-09-04T04:36:55Z
2026-09-04T04:35:40Z,2026-09-04T06:35:40+0200,9ca1d4c9-4cb5-4824-a3b1-9cadc29a987a,2026-09-03T10:00:00Z,2026-09-03T12:00:00+0200,666.5,MW,DK2,DK_2,forecast_offshore_wind_generation,Wind Offshore,2026-09-04T04:36:55Z
2026-09-04T04:35:40Z,2026-09-04T06:35:40+0200,9ca1d4c9-4cb5-4824-a3b1-9cadc29a987a,2026-09-03T10:15:00Z,2026-09-03T12:15:00+0200,675.5,MW,DK2,DK_2,forecast_offshore_wind_generation,Wind Offshore,2026-09-04T04:36:55Z
2026-09-04T04:35:40Z,2026-09-04T06:35:40+0200,9ca1d4c9-4cb5-4824-a3b1-9cadc29a987a,2026-09-03T10:30:00Z,2026-09-03T12:30:00+0200,684.333333,MW,DK2,DK_2,forecast_offshore_wind_generation,Wind Offshore,2026-09-04T04:36:55Z
2026-09-04T04:35:40Z,2026-09-04T06:35:40+0200,9ca1d4c9-4cb5-4824-a3b1-9cadc29a987a,2026-09-03T10:45:00Z,2026-09-03T12:45:00+0200,691.0,MW,DK2,DK_2,forecast_offshore_wind_generation,Wind Offshore,2026-09-04T04:36:55Z
2026-09-04T04:35:40Z,2026-09-04T06:35:40+0200,9ca1d4c9-4cb5-4824-a3b1-9cadc29a987a,2026-09-03T11:00:00Z,2026-09-03T13:00:00+0200,698.0,MW,DK2,DK_2,forecast_offshore_wind_generation,Wind Offshore,2026-09-04T04:36:55Z
2026-09-04T04:35:40Z,2026-09-04T06:35:40+0200,9ca1d4c9-4cb5-4824-a3b1-9cadc29a987a,2026-09-03T11:15:00Z,2026-09-03T13:15:00+0200,706.0,MW,DK2,DK_2,forecast_offshore_wind_generation,Wind Offshore,2026-09-04T04:36:55Z
2026-09-04T04:35:40Z,2026-09-04T06:35:40+0200,9ca1d4c9-4cb5-4824-a3b1-9cadc29a987a,2026-09-03T11:30:00Z,2026-09-03T13:30:00+0200,713.666666,MW,DK2,DK_2,forecast_offshore_wind_generation,Wind Offshore,2026-09-04T04:36:55Z
2026-09-04T04:35:40Z,2026-09-04T06:35:40+0200,9ca1d4c9-4cb5-4824-a3b1-9cadc29a987a,2026-09-03T11:45:00Z,2026-09-03T13:45:00+0200,721.666666,MW,DK2,DK_2,forecast_offshore_wind_generation,Wind Offshore,2026-09-04T04:36:55Z
2026-09-04T04:35:40Z,2026-09-04T06:35:40+0200,9ca1d4c9-4cb5-4824-a3b1-9cadc29a987a,2026-09-03T12:00:00Z,2026-09-03T14:00:00+0200,731.5,MW,DK2,DK_2,forecast_offshore_wind_generation,Wind Offshore,2026-09-04T04:36:55Z
2026-09-04T04:35:40Z,2026-09-04T06:35:40+0200,9ca1d4c9-4cb5-4824-a3b1-9cadc29a987a,2026-09-03T12:15:00Z,2026-09-03T14:15:00+0200,748.0,MW,DK2,DK_2,forecast_offshore_wind_generation,Wind Offshore,2026-09-04T04:36:55Z
2026-09-04T04:35:40Z,2026-09-04T06:35:40+0200,9ca1d4c9-4cb5-4824-a3b1-9cadc29a987a,2026-09-03T12:30:00Z,2026-09-03T14:30:00+0200,764.333333,MW,DK2,DK_2,forecast_offshore_wind_generation,Wind Offshore,2026-09-04T04:36:55Z
2026-09-04T04:35:40Z,2026-09-04T06:35:40+0200,9ca1d4c9-4cb5-4824-a3b1-9cadc29a987a,2026-09-03T12:45:00Z,2026-09-03T14:45:00+0200,771.833333,MW,DK2,DK_2,forecast_offshore_wind_generation,Wind Offshore,2026-09-04T04:36:55Z
2026-09-04T04:35:40Z,2026-09-04T06:35:40+0200,9ca1d4c9-4cb5-4824-a3b1-9cadc29a987a,2026-09-03T13:00:00Z,2026-09-03T15:00:00+0200,775.666666,MW,DK2,DK_2,forecast_offshore_wind_generation,Wind Offshore,2026-09-04T04:36:55Z
2026-09-04T04:35:40Z,2026-09-04T06:35:40+0200,9ca1d4c9-4cb5-4824-a3b1-9cadc29a987a,2026-09-03T13:15:00Z,2026-09-03T15:15:00+0200,779.5,MW,DK2,DK_2,forecast_offshore_wind_generation,Wind Offshore,2026-09-04T04:36:55Z
2026-09-04T04:35:40Z,2026-09-04T06:35:40+0200,9ca1d4c9-4cb5-4824-a3b1-9cadc29a987a,2026-09-03T13:30:00Z,2026-09-03T15:30:00+0200,782.0,MW,DK2,DK_2,forecast_offshore_wind_generation,Wind Offshore,2026-09-04T04:36:55Z
2026-09-04T04:35:40Z,2026-09-04T06:35:40+0200,9ca1d4c9-4cb5-4824-a3b1-9cadc29a987a,2026-09-03T13:45:00Z,2026-09-03T15:45:00+0200,784.0,MW,DK2,DK_2,forecast_offshore_wind_generation,Wind Offshore,2026-09-04T04:36:55Z
2026-09-04T04:35:40Z,2026-09-04T06:35:40+0200,9ca1d4c9-4cb5-4824-a3b1-9cadc29a987a,2026-09-03T14:00:00Z,2026-09-03T16:00:00+0200,785.5,MW,DK2,DK_2,forecast_offshore_wind_generation,Wind Offshore,2026-09-04T04:36:55Z
2026-09-04T04:35:40Z,2026-09-04T06:35:40+0200,9ca1d4c9-4cb5-4824-a3b1-9cadc29a987a,2026-09-03T14:15:00Z,2026-09-03T16:15:00+0200,785.833333,MW,DK2,DK_2,forecast_offshore_wind_generation,Wind Offshore,2026-09-04T04:36:55Z
2026-09-04T04:35:40Z,2026-09-04T06:35:40+0200,9ca1d4c9-4cb5-4824-a3b1-9cadc29a987a,2026-09-03T14:30:00Z,2026-09-03T16:30:00+0200,784.5,MW,DK2,DK_2,forecast_offshore_wind_generation,Wind Offshore,2026-09-04T04:36:55Z
2026-09-04T04:35:40Z,2026-09-04T06:35:40+0200,9ca1d4c9-4cb5-4824-a3b1-9cadc29a987a,2026-09-03T14:45:00Z,2026-09-03T16:45:00+0200,783.0,MW,DK2,DK_2,forecast_offshore_wind_generation,Wind Offshore,2026-09-04T04:36:55Z
2026-09-04T04:35:40Z,2026-09-04T06:35:40+0200,9ca1d4c9-4cb5-4824-a3b1-9cadc29a987a,2026-09-03T15:00:00Z,2026-09-03T17:00:00+0200,781.833333,MW,DK2,DK_2,forecast_offshore_wind_generation,Wind Offshore,2026-09-04T04:36:55Z
2026-09-04T04:35:40Z,2026-09-04T06:35:40+0200,9ca1d4c9-4cb5-4824-a3b1-9cadc29a987a,2026-09-03T15:15:00Z,2026-09-03T17:15:00+0200,780.333333,MW,DK2,DK_2,forecast_offshore_wind_generation,Wind Offshore,2026-09-04T04:36:55Z
2026-09-04T04:35:40Z,2026-09-04T06:35:40+0200,9ca1d4c9-4cb5-4824-a3b1-9cadc29a987a,2026-09-03T15:30:00Z,2026-09-03T17:30:00+0200,778.5,MW,DK2,DK_2,forecast_offshore_wind_generation,Wind Offshore,2026-09-04T04:36:55Z
2026-09-04T04:35:40Z,2026-09-04T06:35:40+0200,9ca1d4c9-4cb5-4824-a3b1-9cadc29a987a,2026-09-03T15:45:00Z,2026-09-03T17:45:00+0200,777.5,MW,DK2,DK_2,forecast_offshore_wind_generation,Wind Offshore,2026-09-04T04:36:55Z
2026-09-04T04:35:40Z,2026-09-04T06:35:40+0200,9ca1d4c9-4cb5-4824-a3b1-9cadc29a987a,2026-09-03T16:00:00Z,2026-09-03T18:00:00+0200,776.333333,MW,DK2,DK_2,forecast_offshore_wind_generation,Wind Offshore,2026-09-04T04:36:55Z
2026-09-04T04:35:40Z,2026-09-04T06:35:40+0200,9ca1d4c9-4cb5-4824-a3b1-9cadc29a987a,2026-09-03T16:15:00Z,2026-09-03T18:15:00+0200,772.666666,MW,DK2,DK_2,forecast_offshore_wind_generation,Wind Offshore,2026-09-04T04:36:55Z
2026-09-04T04:35:40Z,2026-09-04T06:35:40+0200,9ca1d4c9-4cb5-4824-a3b1-9cadc29a987a,2026-09-03T16:30:00Z,2026-09-03T18:30:00+0200,768.666666,MW,DK2,DK_2,forecast_offshore_wind_generation,Wind Offshore,2026-09-04T04:36:55Z
2026-09-04T04:35:40Z,2026-09-04T06:35:40+0200,9ca1d4c9-4cb5-4824-a3b1-9cadc29a987a,2026-09-03T16:45:00Z,2026-09-03T18:45:00+0200,765.5,MW,DK2,DK_2,forecast_offshore_wind_generation,Wind Offshore,2026-09-04T04:36:55Z
2026-09-04T04:35:40Z,2026-09-04T06:35:40+0200,9ca1d4c9-4cb5-4824-a3b1-9cadc29a987a,2026-09-03T17:00:00Z,2026-09-03T19:00:00+0200,764.166666,MW,DK2,DK_2,forecast_offshore_wind_generation,Wind Offshore,2026-09-04T04:36:55Z
2026-09-04T04:35:40Z,2026-09-04T06:35:40+0200,9ca1d4c9-4cb5-4824-a3b1-9cadc29a987a,2026-09-03T17:15:00Z,2026-09-03T19:15:00+0200,766.666666,MW,DK2,DK_2,forecast_offshore_wind_generation,Wind Offshore,2026-09-04T04:36:55Z
2026-09-04T04:35:40Z,2026-09-04T06:35:40+0200,9ca1d4c9-4cb5-4824-a3b1-9cadc29a987a,2026-09-03T17:30:00Z,2026-09-03T19:30:00+0200,771.0,MW,DK2,DK_2,forecast_offshore_wind_generation,Wind Offshore,2026-09-04T04:36:55Z
2026-09-04T04:35:40Z,2026-09-04T06:35:40+0200,9ca1d4c9-4cb5-4824-a3b1-9cadc29a987a,2026-09-03T17:45:00Z,2026-09-03T19:45:00+0200,774.333333,MW,DK2,DK_2,forecast_offshore_wind_generation,Wind Offshore,2026-09-04T04:36:55Z
2026-09-04T04:35:40Z,2026-09-04T06:35:40+0200,9ca1d4c9-4cb5-4824-a3b1-9cadc29a987a,2026-09-03T18:00:00Z,2026-09-03T20:00:00+0200,774.5,MW,DK2,DK_2,forecast_offshore_wind_generation,Wind Offshore,2026-09-04T04:36:55Z
2026-09-04T04:35:40Z,2026-09-04T06:35:40+0200,9ca1d4c9-4cb5-4824-a3b1-9cadc29a987a,2026-09-03T18:15:00Z,2026-09-03T20:15:00+0200,773.5,MW,DK2,DK_2,forecast_offshore_wind_generation,Wind Offshore,2026-09-04T04:36:55Z
2026-09-04T04:35:40Z,2026-09-04T06:35:40+0200,9ca1d4c9-4cb5-4824-a3b1-9cadc29a987a,2026-09-03T18:30:00Z,2026-09-03T20:30:00+0200,772.166666,MW,DK2,DK_2,forecast_offshore_wind_generation,Wind Offshore,2026-09-04T04:36:55Z
2026-09-04T04:35:40Z,2026-09-04T06:35:40+0200,9ca1d4c9-4cb5-4824-a3b1-9cadc29a987a,2026-09-03T18:45:00Z,2026-09-03T20:45:00+0200,771.166666,MW,DK2,DK_2,forecast_offshore_wind_generation,Wind Offshore,2026-09-04T04:36:55Z
2026-09-04T04:35:40Z,2026-09-04T06:35:40+0200,9ca1d4c9-4cb5-4824-a3b1-9cadc29a987a,2026-09-03T19:00:00Z,2026-09-03T21:00:00+0200,771.5,MW,DK2,DK_2,forecast_offshore_wind_generation,Wind Offshore,2026-09-04T04:36:55Z
2026-09-04T04:35:40Z,2026-09-04T06:35:40+0200,9ca1d4c9-4cb5-4824-a3b1-9cadc29a987a,2026-09-03T19:15:00Z,2026-09-03T21:15:00+0200,773.5,MW,DK2,DK_2,forecast_offshore_wind_generation,Wind Offshore,2026-09-04T04:36:55Z
2026-09-04T04:35:40Z,2026-09-04T06:35:40+0200,9ca1d4c9-4cb5-4824-a3b1-9cadc29a987a,2026-09-03T19:30:00Z,2026-09-03T21:30:00+0200,776.5,MW,DK2,DK_2,forecast_offshore_wind_generation,Wind Offshore,2026-09-04T04:36:55Z
2026-09-04T04:35:40Z,2026-09-04T06:35:40+0200,9ca1d4c9-4cb5-4824-a3b1-9cadc29a987a,2026-09-03T19:45:00Z,2026-09-03T21:45:00+0200,779.0,MW,DK2,DK_2,forecast_offshore_wind_generation,Wind Offshore,2026-09-04T04:36:55Z
2026-09-04T04:35:40Z,2026-09-04T06:35:40+0200,9ca1d4c9-4cb5-4824-a3b1-9cadc29a987a,2026-09-03T20:00:00Z,2026-09-03T22:00:00+0200,780.166666,MW,DK2,DK_2,forecast_offshore_wind_generation,Wind Offshore,2026-09-04T04:36:55Z
2026-09-04T04:35:40Z,2026-09-04T06:35:40+0200,9ca1d4c9-4cb5-4824-a3b1-9cadc29a987a,2026-09-03T20:15:00Z,2026-09-03T22:15:00+0200,781.666666,MW,DK2,DK_2,forecast_offshore_wind_generation,Wind Offshore,2026-09-04T04:36:55Z
2026-09-04T04:35:40Z,2026-09-04T06:35:40+0200,9ca1d4c9-4cb5-4824-a3b1-9cadc29a987a,2026-09-03T20:30:00Z,2026-09-03T22:30:00+0200,783.666666,MW,DK2,DK_2,forecast_offshore_wind_generation,Wind Offshore,2026-09-04T04:36:55Z
2026-09-04T04:35:40Z,2026-09-04T06:35:40+0200,9ca1d4c9-4cb5-4824-a3b1-9cadc29a987a,2026-09-03T20:45:00Z,2026-09-03T22:45:00+0200,786.333333,MW,DK2,DK_2,forecast_offshore_wind_generation,Wind Offshore,2026-09-04T04:36:55Z
2026-09-04T04:35:40Z,2026-09-04T06:35:40+0200,9ca1d4c9-4cb5-4824-a3b1-9cadc29a987a,2026-09-03T21:00:00Z,2026-09-03T23:00:00+0200,787.833333,MW,DK2,DK_2,forecast_offshore_wind_generation,Wind Offshore,2026-09-04T04:36:55Z
2026-09-04T04:35:40Z,2026-09-04T06:35:40+0200,9ca1d4c9-4cb5-4824-a3b1-9cadc29a987a,2026-09-03T21:15:00Z,2026-09-03T23:15:00+0200,787.833333,MW,DK2,DK_2,forecast_offshore_wind_generation,Wind Offshore,2026-09-04T04:36:55Z
2026-09-04T04:35:40Z,2026-09-04T06:35:40+0200,9ca1d4c9-4cb5-4824-a3b1-9cadc29a987a,2026-09-03T21:30:00Z,2026-09-03T23:30:00+0200,786.333333,MW,DK2,DK_2,forecast_offshore_wind_generation,Wind Offshore,2026-09-04T04:36:55Z
2026-09-04T04:35:40Z,2026-09-04T06:35:40+0200,9ca1d4c9-4cb5-4824-a3b1-9cadc29a987a,2026-09-03T21:45:00Z,2026-09-03T23:45:00+0200,784.5,MW,DK2,DK_2,forecast_offshore_wind_generation,Wind Offshore,2026-09-04T04:36:55Z
2026-09-04T04:35:40Z,2026-09-04T06:35:40+0200,9ca1d4c9-4cb5-4824-a3b1-9cadc29a987a,2026-09-03T22:00:00Z,2026-09-04T00:00:00+0200,803.0,MW,DK2,DK_2,forecast_offshore_wind_generation,Wind Offshore,2026-09-04T04:36:55Z
2026-09-04T04:35:40Z,2026-09-04T06:35:40+0200,9ca1d4c9-4cb5-4824-a3b1-9cadc29a987a,2026-09-03T22:15:00Z,2026-09-04T00:15:00+0200,798.0,MW,DK2,DK_2,forecast_offshore_wind_generation,Wind Offshore,2026-09-04T04:36:55Z
2026-09-04T04:35:40Z,2026-09-04T06:35:40+0200,9ca1d4c9-4cb5-4824-a3b1-9cadc29a987a,2026-09-03T22:30:00Z,2026-09-04T00:30:00+0200,792.0,MW,DK2,DK_2,forecast_offshore_wind_generation,Wind Offshore,2026-09-04T04:36:55Z
2026-09-04T04:35:40Z,2026-09-04T06:35:40+0200,9ca1d4c9-4cb5-4824-a3b1-9cadc29a987a,2026-09-03T22:45:00Z,2026-09-04T00:45:00+0200,786.666666,MW,DK2,DK_2,forecast_offshore_wind_generation,Wind Offshore,2026-09-04T04:36:55Z
2026-09-04T04:35:40Z,2026-09-04T06:35:40+0200,9ca1d4c9-4cb5-4824-a3b1-9cadc29a987a,2026-09-03T23:00:00Z,2026-09-04T01:00:00+0200,783.5,MW,DK2,DK_2,forecast_offshore_wind_generation,Wind Offshore,2026-09-04T04:36:55Z
2026-09-04T04:35:40Z,2026-09-04T06:35:40+0200,9ca1d4c9-4cb5-4824-a3b1-9cadc29a987a,2026-09-03T23:15:00Z,2026-09-04T01:15:00+0200,780.5,MW,DK2,DK_2,forecast_offshore_wind_generation,Wind Offshore,2026-09-04T04:36:55Z
2026-09-04T04:35:40Z,2026-09-04T06:35:40+0200,9ca1d4c9-4cb5-4824-a3b1-9cadc29a987a,2026-09-03T23:30:00Z,2026-09-04T01:30:00+0200,777.5,MW,DK2,DK_2,forecast_offshore_wind_generation,Wind Offshore,2026-09-04T04:36:55Z
2026-09-04T04:35:40Z,2026-09-04T06:35:40+0200,9ca1d4c9-4cb5-4824-a3b1-9cadc29a987a,2026-09-03T23:45:00Z,2026-09-04T01:45:00+0200,774.166666,MW,DK2,DK_2,forecast_offshore_wind_generation,Wind Offshore,2026-09-04T04:36:55Z
2026-09-04T04:35:40Z,2026-09-04T06:35:40+0200,9ca1d4c9-4cb5-4824-a3b1-9cadc29a987a,2026-09-04T00:00:00Z,2026-09-04T02:00:00+0200,771.5,MW,DK2,DK_2,forecast_offshore_wind_generation,Wind Offshore,2026-09-04T04:36:55Z
2026-09-04T04:35:40Z,2026-09-04T06:35:40+0200,9ca1d4c9-4cb5-4824-a3b1-9cadc29a987a,2026-09-04T00:15:00Z,2026-09-04T02:15:00+0200,768.333333,MW,DK2,DK_2,forecast_offshore_wind_generation,Wind Offshore,2026-09-04T04:36:55Z
2026-09-04T04:35:40Z,2026-09-04T06:35:40+0200,9ca1d4c9-4cb5-4824-a3b1-9cadc29a987a,2026-09-04T00:30:00Z,2026-09-04T02:30:00+0200,764.5,MW,DK2,DK_2,forecast_offshore_wind_generation,Wind Offshore,2026-09-04T04:36:55Z
2026-09-04T04:35:40Z,2026-09-04T06:35:40+0200,9ca1d4c9-4cb5-4824-a3b1-9cadc29a987a,2026-09-04T00:45:00Z,2026-09-04T02:45:00+0200,760.666666,MW,DK2,DK_2,forecast_offshore_wind_generation,Wind Offshore,2026-09-04T04:36:55Z
2026-09-04T04:35:40Z,2026-09-04T06:35:40+0200,9ca1d4c9-4cb5-4824-a3b1-9cadc29a987a,2026-09-04T01:00:00Z,2026-09-04T03:00:00+0200,757.5,MW,DK2,DK_2,forecast_offshore_wind_generation,Wind Offshore,2026-09-04T04:36:55Z
2026-09-04T04:35:40Z,2026-09-04T06:35:40+0200,9ca1d4c9-4cb5-4824-a3b1-9cadc29a987a,2026-09-04T01:15:00Z,2026-09-04T03:15:00+0200,755.166666,MW,DK2,DK_2,forecast_offshore_wind_generation,Wind Offshore,2026-09-04T04:36:55Z
2026-09-04T04:35:40Z,2026-09-04T06:35:40+0200,9ca1d4c9-4cb5-4824-a3b1-9cadc29a987a,2026-09-04T01:30:00Z,2026-09-04T03:30:00+0200,754.0,MW,DK2,DK_2,forecast_offshore_wind_generation,Wind Offshore,2026-09-04T04:36:55Z
2026-09-04T04:35:40Z,2026-09-04T06:35:40+0200,9ca1d4c9-4cb5-4824-a3b1-9cadc29a987a,2026-09-04T01:45:00Z,2026-09-04T03:45:00+0200,752.833333,MW,DK2,DK_2,forecast_offshore_wind_generation,Wind Offshore,2026-09-04T04:36:55Z
2026-09-04T04:35:40Z,2026-09-04T06:35:40+0200,9ca1d4c9-4cb5-4824-a3b1-9cadc29a987a,2026-09-04T02:00:00Z,2026-09-04T04:00:00+0200,750.0,MW,DK2,DK_2,forecast_offshore_wind_generation,Wind Offshore,2026-09-04T04:36:55Z
2026-09-04T04:35:40Z,2026-09-04T06:35:40+0200,9ca1d4c9-4cb5-4824-a3b1-9cadc29a987a,2026-09-04T02:15:00Z,2026-09-04T04:15:00+0200,744.0,MW,DK2,DK_2,forecast_offshore_wind_generation,Wind Offshore,2026-09-04T04:36:55Z
2026-09-04T04:35:40Z,2026-09-04T06:35:40+0200,9ca1d4c9-4cb5-4824-a3b1-9cadc29a987a,2026-09-04T02:30:00Z,2026-09-04T04:30:00+0200,736.5,MW,DK2,DK_2,forecast_offshore_wind_generation,Wind Offshore,2026-09-04T04:36:55Z
2026-09-04T04:35:40Z,2026-09-04T06:35:40+0200,9ca1d4c9-4cb5-4824-a3b1-9cadc29a987a,2026-09-04T02:45:00Z,2026-09-04T04:45:00+0200,730.0,MW,DK2,DK_2,forecast_offshore_wind_generation,Wind Offshore,2026-09-04T04:36:55Z
2026-09-04T04:35:40Z,2026-09-04T06:35:40+0200,9ca1d4c9-4cb5-4824-a3b1-9cadc29a987a,2026-09-04T03:00:00Z,2026-09-04T05:00:00+0200,723.333333,MW,DK2,DK_2,forecast_offshore_wind_generation,Wind Offshore,2026-09-04T04:36:55Z
2026-09-04T04:35:40Z,2026-09-04T06:35:40+0200,9ca1d4c9-4cb5-4824-a3b1-9cadc29a987a,2026-09-04T03:15:00Z,2026-09-04T05:15:00+0200,714.333333,MW,DK2,DK_2,forecast_offshore_wind_generation,Wind Offshore,2026-09-04T04:36:55Z
2026-09-04T04:35:40Z,2026-09-04T06:35:40+0200,9ca1d4c9-4cb5-4824-a3b1-9cadc29a987a,2026-09-04T03:30:00Z,2026-09-04T05:30:00+0200,703.0,MW,DK2,DK_2,forecast_offshore_wind_generation,Wind Offshore,2026-09-04T04:36:55Z
2026-09-04T04:35:40Z,2026-09-04T06:35:40+0200,9ca1d4c9-4cb5-4824-a3b1-9cadc29a987a,2026-09-04T03:45:00Z,2026-09-04T05:45:00+0200,689.0,MW,DK2,DK_2,forecast_offshore_wind_generation,Wind Offshore,2026-09-04T04:36:55Z
2026-09-04T04:35:40Z,2026-09-04T06:35:40+0200,9ca1d4c9-4cb5-4824-a3b1-9cadc29a987a,2026-09-04T04:00:00Z,2026-09-04T06:00:00+0200,672.0,MW,DK2,DK_2,forecast_offshore_wind_generation,Wind Offshore,2026-09-04T04:36:55Z
2026-09-04T04:35:40Z,2026-09-04T06:35:40+0200,9ca1d4c9-4cb5-4824-a3b1-9cadc29a987a,2026-09-04T04:15:00Z,2026-09-04T06:15:00+0200,653.0,MW,DK2,DK_2,forecast_offshore_wind_generation,Wind Offshore,2026-09-04T04:36:55Z
2026-09-04T04:35:40Z,2026-09-04T06:35:40+0200,9ca1d4c9-4cb5-4824-a3b1-9cadc29a987a,2026-09-04T04:30:00Z,2026-09-04T06:30:00+0200,632.0,MW,DK2,DK_2,forecast_offshore_wind_generation,Wind Offshore,2026-09-04T04:36:55Z
2026-09-04T04:35:40Z,2026-09-04T06:35:40+0200,9ca1d4c9-4cb5-4824-a3b1-9cadc29a987a,2026-09-04T04:45:00Z,2026-09-04T06:45:00+0200,611.666666,MW,DK2,DK_2,forecast_offshore_wind_generation,Wind Offshore,2026-09-04T04:36:55Z
2026-09-04T04:35:40Z,2026-09-04T06:35:40+0200,9ca1d4c9-4cb5-4824-a3b1-9cadc29a987a,2026-09-04T05:00:00Z,2026-09-04T07:00:00+0200,589.5,MW,DK2,DK_2,forecast_offshore_wind_generation,Wind Offshore,2026-09-04T04:37:04Z
2026-09-04T04:35:40Z,2026-09-04T06:35:40+0200,9ca1d4c9-4cb5-4824-a3b1-9cadc29a987a,2026-09-04T05:15:00Z,2026-09-04T07:15:00+0200,560.0,MW,DK2,DK_2,forecast_offshore_wind_generation,Wind Offshore,2026-09-04T04:37:04Z
2026-09-04T04:35:40Z,2026-09-04T06:35:40+0200,9ca1d4c9-4cb5-4824-a3b1-9cadc29a987a,2026-09-04T05:30:00Z,2026-09-04T07:30:00+0200,526.166666,MW,DK2,DK_2,forecast_offshore_wind_generation,Wind Offshore,2026-09-04T04:37:04Z
2026-09-04T04:35:40Z,2026-09-04T06:35:40+0200,9ca1d4c9-4cb5-4824-a3b1-9cadc29a987a,2026-09-04T05:45:00Z,2026-09-04T07:45:00+0200,502.5,MW,DK2,DK_2,forecast_offshore_wind_generation,Wind Offshore,2026-09-04T04:37:04Z
2026-09-04T04:35:40Z,2026-09-04T06:35:40+0200,9ca1d4c9-4cb5-4824-a3b1-9cadc29a987a,2026-09-04T06:00:00Z,2026-09-04T08:00:00+0200,490.666666,MW,DK2,DK_2,forecast_offshore_wind_generation,Wind Offshore,2026-09-04T04:37:04Z
2026-09-04T04:35:40Z,2026-09-04T06:35:40+0200,9ca1d4c9-4cb5-4824-a3b1-9cadc29a987a,2026-09-04T06:15:00Z,2026-09-04T08:15:00+0200,494.333333,MW,DK2,DK_2,forecast_offshore_wind_generation,Wind Offshore,2026-09-04T04:37:04Z
2026-09-04T04:35:40Z,2026-09-04T06:35:40+0200,9ca1d4c9-4cb5-4824-a3b1-9cadc29a987a,2026-09-04T06:30:00Z,2026-09-04T08:30:00+0200,505.833333,MW,DK2,DK_2,forecast_offshore_wind_generation,Wind Offshore,2026-09-04T04:37:04Z
2026-09-04T04:35:40Z,2026-09-04T06:35:40+0200,9ca1d4c9-4cb5-4824-a3b1-9cadc29a987a,2026-09-04T06:45:00Z,2026-09-04T08:45:00+0200,514.5,MW,DK2,DK_2,forecast_offshore_wind_generation,Wind Offshore,2026-09-04T04:37:04Z
2026-09-04T04:35:40Z,2026-09-04T06:35:40+0200,9ca1d4c9-4cb5-4824-a3b1-9cadc29a987a,2026-09-04T07:00:00Z,2026-09-04T09:00:00+0200,517.0,MW,DK2,DK_2,forecast_offshore_wind_generation,Wind Offshore,2026-09-04T04:37:04Z
2026-09-04T04:35:40Z,2026-09-04T06:35:40+0200,9ca1d4c9-4cb5-4824-a3b1-9cadc29a987a,2026-09-04T07:15:00Z,2026-09-04T09:15:00+0200,518.0,MW,DK2,DK_2,forecast_offshore_wind_generation,Wind Offshore,2026-09-04T04:37:04Z
2026-09-04T04:35:40Z,2026-09-04T06:35:40+0200,9ca1d4c9-4cb5-4824-a3b1-9cadc29a987a,2026-09-04T07:30:00Z,2026-09-04T09:30:00+0200,520.0,MW,DK2,DK_2,forecast_offshore_wind_generation,Wind Offshore,2026-09-04T04:37:04Z
2026-09-04T04:35:40Z,2026-09-04T06:35:40+0200,9ca1d4c9-4cb5-4824-a3b1-9cadc29a987a,2026-09-04T07:45:00Z,2026-09-04T09:45:00+0200,524.333333,MW,DK2,DK_2,forecast_offshore_wind_generation,Wind Offshore,2026-09-04T04:37:04Z
2026-09-04T04:35:40Z,2026-09-04T06:35:40+0200,9ca1d4c9-4cb5-4824-a3b1-9cadc29a987a,2026-09-04T08:00:00Z,2026-09-04T10:00:00+0200,528.5,MW,DK2,DK_2,forecast_offshore_wind_generation,Wind Offshore,2026-09-04T04:37:04Z
2026-09-04T04:35:40Z,2026-09-04T06:35:40+0200,9ca1d4c9-4cb5-4824-a3b1-9cadc29a987a,2026-09-04T08:15:00Z,2026-09-04T10:15:00+0200,535.5,MW,DK2,DK_2,forecast_offshore_wind_generation,Wind Offshore,2026-09-04T04:37:04Z
2026-09-04T04:35:40Z,2026-09-04T06:35:40+0200,9ca1d4c9-4cb5-4824-a3b1-9cadc29a987a,2026-09-04T08:30:00Z,2026-09-04T10:30:00+0200,543.833333,MW,DK2,DK_2,forecast_offshore_wind_generation,Wind Offshore,2026-09-04T04:37:04Z
2026-09-04T04:35:40Z,2026-09-04T06:35:40+0200,9ca1d4c9-4cb5-4824-a3b1-9cadc29a987a,2026-09-04T08:45:00Z,2026-09-04T10:45:00+0200,548.833333,MW,DK2,DK_2,forecast_offshore_wind_generation,Wind Offshore,2026-09-04T04:37:04Z
2026-09-04T04:35:40Z,2026-09-04T06:35:40+0200,9ca1d4c9-4cb5-4824-a3b1-9cadc29a987a,2026-09-04T09:00:00Z,2026-09-04T11:00:00+0200,549.166666,MW,DK2,DK_2,forecast_offshore_wind_generation,Wind Offshore,2026-09-04T04:37:04Z
2026-09-04T04:35:40Z,2026-09-04T06:35:40+0200,9ca1d4c9-4cb5-4824-a3b1-9cadc29a987a,2026-09-04T09:15:00Z,2026-09-04T11:15:00+0200,548.5,MW,DK2,DK_2,forecast_offshore_wind_generation,Wind Offshore,2026-09-04T04:37:04Z
2026-09-04T04:35:40Z,2026-09-04T06:35:40+0200,9ca1d4c9-4cb5-4824-a3b1-9cadc29a987a,2026-09-04T09:30:00Z,2026-09-04T11:30:00+0200,548.5,MW,DK2,DK_2,forecast_offshore_wind_generation,Wind Offshore,2026-09-04T04:37:04Z
2026-09-04T04:35:40Z,2026-09-04T06:35:40+0200,9ca1d4c9-4cb5-4824-a3b1-9cadc29a987a,2026-09-04T09:45:00Z,2026-09-04T11:45:00+0200,549.166666,MW,DK2,DK_2,forecast_offshore_wind_generation,Wind Offshore,2026-09-04T04:37:04Z
2026-09-04T04:35:40Z,2026-09-04T06:35:40+0200,9ca1d4c9-4cb5-4824-a3b1-9cadc29a987a,2026-09-04T10:00:00Z,2026-09-04T12:00:00+0200,548.5,MW,DK2,DK_2,forecast_offshore_wind_generation,Wind Offshore,2026-09-04T04:37:04Z
2026-09-04T04:35:40Z,2026-09-04T06:35:40+0200,9ca1d4c9-4cb5-4824-a3b1-9cadc29a987a,2026-09-04T10:15:00Z,2026-09-04T12:15:00+0200,557.833333,MW,DK2,DK_2,forecast_offshore_wind_generation,Wind Offshore,2026-09-04T04:37:04Z
2026-09-04T04:35:40Z,2026-09-04T06:35:40+0200,9ca1d4c9-4cb5-4824-a3b1-9cadc29a987a,2026-09-04T10:30:00Z,2026-09-04T12:30:00+0200,573.5,MW,DK2,DK_2,forecast_offshore_wind_generation,Wind Offshore,2026-09-04T04:37:04Z
2026-09-04T04:35:40Z,2026-09-04T06:35:40+0200,9ca1d4c9-4cb5-4824-a3b1-9cadc29a987a,2026-09-04T10:45:00Z,2026-09-04T12:45:00+0200,590.166666,MW,DK2,DK_2,forecast_offshore_wind_generation,Wind Offshore,2026-09-04T04:37:04Z
2026-09-04T04:35:40Z,2026-09-04T06:35:40+0200,9ca1d4c9-4cb5-4824-a3b1-9cadc29a987a,2026-09-04T11:00:00Z,2026-09-04T13:00:00+0200,605.833333,MW,DK2,DK_2,forecast_offshore_wind_generation,Wind Offshore,2026-09-04T04:37:04Z
2026-09-04T04:35:40Z,2026-09-04T06:35:40+0200,9ca1d4c9-4cb5-4824-a3b1-9cadc29a987a,2026-09-04T11:15:00Z,2026-09-04T13:15:00+0200,628.5,MW,DK2,DK_2,forecast_offshore_wind_generation,Wind Offshore,2026-09-04T04:37:04Z
2026-09-04T04:35:40Z,2026-09-04T06:35:40+0200,9ca1d4c9-4cb5-4824-a3b1-9cadc29a987a,2026-09-04T11:30:00Z,2026-09-04T13:30:00+0200,653.166666,MW,DK2,DK_2,forecast_offshore_wind_generation,Wind Offshore,2026-09-04T04:37:04Z
2026-09-04T04:35:40Z,2026-09-04T06:35:40+0200,9ca1d4c9-4cb5-4824-a3b1-9cadc29a987a,2026-09-04T11:45:00Z,2026-09-04T13:45:00+0200,672.833333,MW,DK2,DK_2,forecast_offshore_wind_generation,Wind Offshore,2026-09-04T04:37:04Z
2026-09-04T04:35:40Z,2026-09-04T06:35:40+0200,9ca1d4c9-4cb5-4824-a3b1-9cadc29a987a,2026-09-04T12:00:00Z,2026-09-04T14:00:00+0200,687.833333,MW,DK2,DK_2,forecast_offshore_wind_generation,Wind Offshore,2026-09-04T04:37:04Z
2026-09-04T04:35:40Z,2026-09-04T06:35:40+0200,9ca1d4c9-4cb5-4824-a3b1-9cadc29a987a,2026-09-04T12:15:00Z,2026-09-04T14:15:00+0200,706.0,MW,DK2,DK_2,forecast_offshore_wind_generation,Wind Offshore,2026-09-04T04:37:04Z
2026-09-04T04:35:40Z,2026-09-04T06:35:40+0200,9ca1d4c9-4cb5-4824-a3b1-9cadc29a987a,2026-09-04T12:30:00Z,2026-09-04T14:30:00+0200,723.833333,MW,DK2,DK_2,forecast_offshore_wind_generation,Wind Offshore,2026-09-04T04:37:04Z
2026-09-04T04:35:40Z,2026-09-04T06:35:40+0200,9ca1d4c9-4cb5-4824-a3b1-9cadc29a987a,2026-09-04T12:45:00Z,2026-09-04T14:45:00+0200,738.0,MW,DK2,DK_2,forecast_offshore_wind_generation,Wind Offshore,2026-09-04T04:37:04Z
2026-09-04T04:35:40Z,2026-09-04T06:35:40+0200,9ca1d4c9-4cb5-4824-a3b1-9cadc29a987a,2026-09-04T13:00:00Z,2026-09-04T15:00:00+0200,741.333333,MW,DK2,DK_2,forecast_offshore_wind_generation,Wind Offshore,2026-09-04T04:37:04Z
2026-09-04T04:35:40Z,2026-09-04T06:35:40+0200,9ca1d4c9-4cb5-4824-a3b1-9cadc29a987a,2026-09-04T13:15:00Z,2026-09-04T15:15:00+0200,736.5,MW,DK2,DK_2,forecast_offshore_wind_generation,Wind Offshore,2026-09-04T04:37:04Z
2026-09-04T04:35:40Z,2026-09-04T06:35:40+0200,9ca1d4c9-4cb5-4824-a3b1-9cadc29a987a,2026-09-04T13:30:00Z,2026-09-04T15:30:00+0200,728.666666,MW,DK2,DK_2,forecast_offshore_wind_generation,Wind Offshore,2026-09-04T04:37:04Z
2026-09-04T04:35:40Z,2026-09-04T06:35:40+0200,9ca1d4c9-4cb5-4824-a3b1-9cadc29a987a,2026-09-04T13:45:00Z,2026-09-04T15:45:00+0200,723.666666,MW,DK2,DK_2,forecast_offshore_wind_generation,Wind Offshore,2026-09-04T04:37:04Z
2026-09-04T04:35:40Z,2026-09-04T06:35:40+0200,9ca1d4c9-4cb5-4824-a3b1-9cadc29a987a,2026-09-04T14:00:00Z,2026-09-04T16:00:00+0200,725.833333,MW,DK2,DK_2,forecast_offshore_wind_generation,Wind Offshore,2026-09-04T04:37:04Z
2026-09-04T04:35:40Z,2026-09-04T06:35:40+0200,9ca1d4c9-4cb5-4824-a3b1-9cadc29a987a,2026-09-04T14:15:00Z,2026-09-04T16:15:00+0200,736.0,MW,DK2,DK_2,forecast_offshore_wind_generation,Wind Offshore,2026-09-04T04:37:04Z
2026-09-04T04:35:40Z,2026-09-04T06:35:40+0200,9ca1d4c9-4cb5-4824-a3b1-9cadc29a987a,2026-09-04T14:30:00Z,2026-09-04T16:30:00+0200,747.833333,MW,DK2,DK_2,forecast_offshore_wind_generation,Wind Offshore,2026-09-04T04:37:04Z
2026-09-04T04:35:40Z,2026-09-04T06:35:40+0200,9ca1d4c9-4cb5-4824-a3b1-9cadc29a987a,2026-09-04T14:45:00Z,2026-09-04T16:45:00+0200,756.166666,MW,DK2,DK_2,forecast_offshore_wind_generation,Wind Offshore,2026-09-04T04:37:04Z
2026-09-04T04:35:40Z,2026-09-04T06:35:40+0200,9ca1d4c9-4cb5-4824-a3b1-9cadc29a987a,2026-09-04T15:00:00Z,2026-09-04T17:00:00+0200,758.0,MW,DK2,DK_2,forecast_offshore_wind_generation,Wind Offshore,2026-09-04T04:37:04Z
2026-09-04T04:35:40Z,2026-09-04T06:35:40+0200,9ca1d4c9-4cb5-4824-a3b1-9cadc29a987a,2026-09-04T15:15:00Z,2026-09-04T17:15:00+0200,757.333333,MW,DK2,DK_2,forecast_offshore_wind_generation,Wind Offshore,2026-09-04T04:37:04Z
2026-09-04T04:35:40Z,2026-09-04T06:35:40+0200,9ca1d4c9-4cb5-4824-a3b1-9cadc29a987a,2026-09-04T15:30:00Z,2026-09-04T17:30:00+0200,754.333333,MW,DK2,DK_2,forecast_offshore_wind_generation,Wind Offshore,2026-09-04T04:37:04Z
2026-09-04T04:35:40Z,2026-09-04T06:35:40+0200,9ca1d4c9-4cb5-4824-a3b1-9cadc29a987a,2026-09-04T15:45:00Z,2026-09-04T17:45:00+0200,751.0,MW,DK2,DK_2,forecast_offshore_wind_generation,Wind Offshore,2026-09-04T04:37:04Z
2026-09-04T04:35:40Z,2026-09-04T06:35:40+0200,9ca1d4c9-4cb5-4824-a3b1-9cadc29a987a,2026-09-04T16:00:00Z,2026-09-04T18:00:00+0200,749.833333,MW,DK2,DK_2,forecast_offshore_wind_generation,Wind Offshore,2026-09-04T04:37:04Z
2026-09-04T04:35:40Z,2026-09-04T06:35:40+0200,9ca1d4c9-4cb5-4824-a3b1-9cadc29a987a,2026-09-04T16:15:00Z,2026-09-04T18:15:00+0200,753.166666,MW,DK2,DK_2,forecast_offshore_wind_generation,Wind Offshore,2026-09-04T04:37:04Z
2026-09-04T04:35:40Z,2026-09-04T06:35:40+0200,9ca1d4c9-4cb5-4824-a3b1-9cadc29a987a,2026-09-04T16:30:00Z,2026-09-04T18:30:00+0200,755.166666,MW,DK2,DK_2,forecast_offshore_wind_generation,Wind Offshore,2026-09-04T04:37:04Z
2026-09-04T04:35:40Z,2026-09-04T06:35:40+0200,9ca1d4c9-4cb5-4824-a3b1-9cadc29a987a,2026-09-04T16:45:00Z,2026-09-04T18:45:00+0200,754.333333,MW,DK2,DK_2,forecast_offshore_wind_generation,Wind Offshore,2026-09-04T04:37:04Z
2026-09-04T04:35:40Z,2026-09-04T06:35:40+0200,9ca1d4c9-4cb5-4824-a3b1-9cadc29a987a,2026-09-04T17:00:00Z,2026-09-04T19:00:00+0200,750.666666,MW,DK2,DK_2,forecast_offshore_wind_generation,Wind Offshore,2026-09-04T04:37:04Z
2026-09-04T04:35:40Z,2026-09-04T06:35:40+0200,9ca1d4c9-4cb5-4824-a3b1-9cadc29a987a,2026-09-04T17:15:00Z,2026-09-04T19:15:00+0200,746.0,MW,DK2,DK_2,forecast_offshore_wind_generation,Wind Offshore,2026-09-04T04:37:04Z
2026-09-04T04:35:40Z,2026-09-04T06:35:40+0200,9ca1d4c9-4cb5-4824-a3b1-9cadc29a987a,2026-09-04T17:30:00Z,2026-09-04T19:30:00+0200,740.0,MW,DK2,DK_2,forecast_offshore_wind_generation,Wind Offshore,2026-09-04T04:37:04Z
2026-09-04T04:35:40Z,2026-09-04T06:35:40+0200,9ca1d4c9-4cb5-4824-a3b1-9cadc29a987a,2026-09-04T17:45:00Z,2026-09-04T19:45:00+0200,735.0,MW,DK2,DK_2,forecast_offshore_wind_generation,Wind Offshore,2026-09-04T04:37:04Z
2026-09-04T04:35:40Z,2026-09-04T06:35:40+0200,9ca1d4c9-4cb5-4824-a3b1-9cadc29a987a,2026-09-04T18:00:00Z,2026-09-04T20:00:00+0200,733.166666,MW,DK2,DK_2,forecast_offshore_wind_generation,Wind Offshore,2026-09-04T04:37:04Z
2026-09-04T04:35:40Z,2026-09-04T06:35:40+0200,9ca1d4c9-4cb5-4824-a3b1-9cadc29a987a,2026-09-04T18:15:00Z,2026-09-04T20:15:00+0200,736.166666,MW,DK2,DK_2,forecast_offshore_wind_generation,Wind Offshore,2026-09-04T04:37:04Z
2026-09-04T04:35:40Z,2026-09-04T06:35:40+0200,9ca1d4c9-4cb5-4824-a3b1-9cadc29a987a,2026-09-04T18:30:00Z,2026-09-04T20:30:00+0200,740.5,MW,DK2,DK_2,forecast_offshore_wind_generation,Wind Offshore,2026-09-04T04:37:04Z
2026-09-04T04:35:40Z,2026-09-04T06:35:40+0200,9ca1d4c9-4cb5-4824-a3b1-9cadc29a987a,2026-09-04T18:45:00Z,2026-09-04T20:45:00+0200,744.166666,MW,DK2,DK_2,forecast_offshore_wind_generation,Wind Offshore,2026-09-04T04:37:04Z
2026-09-04T04:35:40Z,2026-09-04T06:35:40+0200,9ca1d4c9-4cb5-4824-a3b1-9cadc29a987a,2026-09-04T19:00:00Z,2026-09-04T21:00:00+0200,750.166666,MW,DK2,DK_2,forecast_offshore_wind_generation,Wind Offshore,2026-09-04T04:37:04Z
2026-09-04T04:35:40Z,2026-09-04T06:35:40+0200,9ca1d4c9-4cb5-4824-a3b1-9cadc29a987a,2026-09-04T19:15:00Z,2026-09-04T21:15:00+0200,759.0,MW,DK2,DK_2,forecast_offshore_wind_generation,Wind Offshore,2026-09-04T04:37:04Z
2026-09-04T04:35:40Z,2026-09-04T06:35:40+0200,9ca1d4c9-4cb5-4824-a3b1-9cadc29a987a,2026-09-04T19:30:00Z,2026-09-04T21:30:00+0200,769.0,MW,DK2,DK_2,forecast_offshore_wind_generation,Wind Offshore,2026-09-04T04:37:04Z
2026-09-04T04:35:40Z,2026-09-04T06:35:40+0200,9ca1d4c9-4cb5-4824-a3b1-9cadc29a987a,2026-09-04T19:45:00Z,2026-09-04T21:45:00+0200,778.5,MW,DK2,DK_2,forecast_offshore_wind_generation,Wind Offshore,2026-09-04T04:37:04Z
2026-09-04T04:35:40Z,2026-09-04T06:35:40+0200,9ca1d4c9-4cb5-4824-a3b1-9cadc29a987a,2026-09-04T20:00:00Z,2026-09-04T22:00:00+0200,787.833333,MW,DK2,DK_2,forecast_offshore_wind_generation,Wind Offshore,2026-09-04T04:37:04Z
2026-09-04T04:35:40Z,2026-09-04T06:35:40+0200,9ca1d4c9-4cb5-4824-a3b1-9cadc29a987a,2026-09-04T20:15:00Z,2026-09-04T22:15:00+0200,800.0,MW,DK2,DK_2,forecast_offshore_wind_generation,Wind Offshore,2026-09-04T04:37:04Z
2026-09-04T04:35:40Z,2026-09-04T06:35:40+0200,9ca1d4c9-4cb5-4824-a3b1-9cadc29a987a,2026-09-04T20:30:00Z,2026-09-04T22:30:00+0200,811.333333,MW,DK2,DK_2,forecast_offshore_wind_generation,Wind Offshore,2026-09-04T04:37:04Z
2026-09-04T04:35:40Z,2026-09-04T06:35:40+0200,9ca1d4c9-4cb5-4824-a3b1-9cadc29a987a,2026-09-04T20:45:00Z,2026-09-04T22:45:00+0200,818.333333,MW,DK2,DK_2,forecast_offshore_wind_generation,Wind Offshore,2026-09-04T04:37:04Z
2026-09-04T04:35:40Z,2026-09-04T06:35:40+0200,9ca1d4c9-4cb5-4824-a3b1-9cadc29a987a,2026-09-04T21:00:00Z,2026-09-04T23:00:00+0200,821.666666,MW,DK2,DK_2,forecast_offshore_wind_generation,Wind Offshore,2026-09-04T04:37:04Z
2026-09-04T04:35:40Z,2026-09-04T06:35:40+0200,9ca1d4c9-4cb5-4824-a3b1-9cadc29a987a,2026-09-04T21:15:00Z,2026-09-04T23:15:00+0200,826.166666,MW,DK2,DK_2,forecast_offshore_wind_generation,Wind Offshore,2026-09-04T04:37:04Z
2026-09-04T04:35:40Z,2026-09-04T06:35:40+0200,9ca1d4c9-4cb5-4824-a3b1-9cadc29a987a,2026-09-04T21:30:00Z,2026-09-04T23:30:00+0200,829.666666,MW,DK2,DK_2,forecast_offshore_wind_generation,Wind Offshore,2026-09-04T04:37:04Z
2026-09-04T04:35:40Z,2026-09-04T06:35:40+0200,9ca1d4c9-4cb5-4824-a3b1-9cadc29a987a,2026-09-04T21:45:00Z,2026-09-04T23:45:00+0200,832.5,MW,DK2,DK_2,forecast_offshore_wind_generation,Wind Offshore,2026-09-04T04:37:04Z
