collection_time_utc,collection_time_local,run_id,timestamp_utc,timestamp_local,value,unit,country,entsoe_area,variable,source,updated_at_utc
2026-09-15T13:28:35Z,2026-09-15T15:28:35+0200,f560dd4e-bb34-4b12-a26c-2c44f5eb2814,2026-09-08T14:00:00Z,2026-09-08T16:00:00+0200,372.666666,MW,DK2,DK_2,forecast_offshore_wind_generation,Wind Offshore,2026-09-15T13:30:34Z
2026-09-15T13:28:35Z,2026-09-15T15:28:35+0200,f560dd4e-bb34-4b12-a26c-2c44f5eb2814,2026-09-08T14:15:00Z,2026-09-08T16:15:00+0200,349.333333,MW,DK2,DK_2,forecast_offshore_wind_generation,Wind Offshore,2026-09-15T13:30:34Z
2026-09-15T13:28:35Z,2026-09-15T15:28:35+0200,f560dd4e-bb34-4b12-a26c-2c44f5eb2814,2026-09-08T14:30:00Z,2026-09-08T16:30:00+0200,325.666666,MW,DK2,DK_2,forecast_offshore_wind_generation,Wind Offshore,2026-09-15T13:30:34Z
2026-09-15T13:28:35Z,2026-09-15T15:28:35+0200,f560dd4e-bb34-4b12-a26c-2c44f5eb2814,2026-09-08T14:45:00Z,2026-09-08T16:45:00+0200,307.833333,MW,DK2,DK_2,forecast_offshore_wind_generation,Wind Offshore,2026-09-15T13:30:34Z
2026-09-15T13:28:35Z,2026-09-15T15:28:35+0200,f560dd4e-bb34-4b12-a26c-2c44f5eb2814,2026-09-08T15:00:00Z,2026-09-08T17:00:00+0200,295.833333,MW,DK2,DK_2,forecast_offshore_wind_generation,Wind Offshore,2026-09-15T13:30:34Z
2026-09-15T13:28:35Z,2026-09-15T15:28:35+0200,f560dd4e-bb34-4b12-a26c-2c44f5eb2814,2026-09-08T15:15:00Z,2026-09-08T17:15:00+0200,288.0,MW,DK2,DK_2,forecast_offshore_wind_generation,Wind Offshore,2026-09-15T13:30:34Z
2026-09-15T13:28:35Z,2026-09-15T15:28:35+0200,f560dd4e-bb34-4b12-a26c-2c44f5eb2814,2026-09-08T15:30:00Z,2026-09-08T17:30:00+0200,281.0,MW,DK2,DK_2,forecast_offshore_wind_generation,Wind Offshore,2026-09-15T13:30:34Z
2026-09-15T13:28:35Z,2026-09-15T15:28:35+0200,f560dd4e-bb34-4b12-a26c-2c44f5eb2814,2026-09-08T15:45:00Z,2026-09-08T17:45:00+0200,274.333333,MW,DK2,DK_2,forecast_offshore_wind_generation,Wind Offshore,2026-09-15T13:30:34Z
2026-09-15T13:28:35Z,2026-09-15T15:28:35+0200,f560dd4e-bb34-4b12-a26c-2c44f5eb2814,2026-09-08T16:00:00Z,2026-09-08T18:00:00+0200,266.0,MW,DK2,DK_2,forecast_offshore_wind_generation,Wind Offshore,2026-09-15T13:30:34Z
2026-09-15T13:28:35Z,2026-09-15T15:28:35+0200,f560dd4e-bb34-4b12-a26c-2c44f5eb2814,2026-09-08T16:15:00Z,2026-09-08T18:15:00+0200,258.5,MW,DK2,DK_2,forecast_offshore_wind_generation,Wind Offshore,2026-09-15T13:30:34Z
2026-09-15T13:28:35Z,2026-09-15T15:28:35+0200,f560dd4e-bb34-4b12-a26c-2c44f5eb2814,2026-09-08T16:30:00Z,2026-09-08T18:30:00+0200,251.833333,MW,DK2,DK_2,forecast_offshore_wind_generation,Wind Offshore,2026-09-15T13:30:34Z
2026-09-15T13:28:35Z,2026-09-15T15:28:35+0200,f560dd4e-bb34-4b12-a26c-2c44f5eb2814,2026-09-08T16:45:00Z,2026-09-08T18:45:00+0200,244.333333,MW,DK2,DK_2,forecast_offshore_wind_generation,Wind Offshore,2026-09-15T13:30:34Z
2026-09-15T13:28:35Z,2026-09-15T15:28:35+0200,f560dd4e-bb34-4b12-a26c-2c44f5eb2814,2026-09-08T17:00:00Z,2026-09-08T19:00:00+0200,234.666666,MW,DK2,DK_2,forecast_offshore_wind_generation,Wind Offshore,2026-09-15T13:30:34Z
2026-09-15T13:28:35Z,2026-09-15T15:28:35+0200,f560dd4e-bb34-4b12-a26c-2c44f5eb2814,2026-09-08T17:15:00Z,2026-09-08T19:15:00+0200,220.333333,MW,DK2,DK_2,forecast_offshore_wind_generation,Wind Offshore,2026-09-15T13:30:34Z
2026-09-15T13:28:35Z,2026-09-15T15:28:35+0200,f560dd4e-bb34-4b12-a26c-2c44f5eb2814,2026-09-08T17:30:00Z,2026-09-08T19:30:00+0200,203.666666,MW,DK2,DK_2,forecast_offshore_wind_generation,Wind Offshore,2026-09-15T13:30:34Z
2026-09-15T13:28:35Z,2026-09-15T15:28:35+0200,f560dd4e-bb34-4b12-a26c-2c44f5eb2814,2026-09-08T17:45:00Z,2026-09-08T19:45:00+0200,191.333333,MW,DK2,DK_2,forecast_offshore_wind_generation,Wind Offshore,2026-09-15T13:30:34Z
2026-09-15T13:28:35Z,2026-09-15T15:28:35+0200,f560dd4e-bb34-4b12-a26c-2c44f5eb2814,2026-09-08T18:00:00Z,2026-09-08T20:00:00+0200,187.166666,MW,DK2,DK_2,forecast_offshore_wind_generation,Wind Offshore,2026-09-15T13:30:34Z
2026-09-15T13:28:35Z,2026-09-15T15:28:35+0200,f560dd4e-bb34-4b12-a26c-2c44f5eb2814,2026-09-08T18:15:00Z,2026-09-08T20:15:00+0200,187.0,MW,DK2,DK_2,forecast_offshore_wind_generation,Wind Offshore,2026-09-15T13:30:34Z
2026-09-15T13:28:35Z,2026-09-15T15:28:35+0200,f560dd4e-bb34-4b12-a26c-2c44f5eb2814,2026-09-08T18:30:00Z,2026-09-08T20:30:00+0200,188.0,MW,DK2,DK_2,forecast_offshore_wind_generation,Wind Offshore,2026-09-15T13:30:34Z
2026-09-15T13:28:35Z,2026-09-15T15:28:35+0200,f560dd4e-bb34-4b12-a26c-2c44f5eb2814,2026-09-08T18:45:00Z,2026-09-08T20:45:00+0200,190.5,MW,DK2,DK_2,forecast_offshore_wind_generation,Wind Offshore,2026-09-15T13:30:34Z
2026-09-15T13:28:35Z,2026-09-15T15:28:35+0200,f560dd4e-bb34-4b12-a26c-2c44f5eb2814,2026-09-08T19:00:00Z,2026-09-08T21:00:00+0200,193.666666,MW,DK2,DK_2,forecast_offshore_wind_generation,Wind Offshore,2026-09-15T13:30:34Z
2026-09-15T13:28:35Z,2026-09-15T15:28:35+0200,f560dd4e-bb34-4b12-a26c-2c44f5eb2814,2026-09-08T19:15:00Z,2026-09-08T21:15:00+0200,198.5,MW,DK2,DK_2,forecast_offshore_wind_generation,Wind Offshore,2026-09-15T13:30:34Z
2026-09-15T13:28:35Z,2026-09-15T15:28:35+0200,f560dd4e-bb34-4b12-a26c-2c44f5eb2814,2026-09-08T19:30:00Z,2026-09-08T21:30:00+0200,204.833333,MW,DK2,DK_2,forecast_offshore_wind_generation,Wind Offshore,2026-09-15T13:30:34Z
2026-09-15T13:28:35Z,2026-09-15T15:28:35+0200,f560dd4e-bb34-4b12-a26c-2c44f5eb2814,2026-09-08T19:45:00Z,2026-09-08T21:45:00+0200,211.833333,MW,DK2,DK_2,forecast_offshore_wind_generation,Wind Offshore,2026-09-15T13:30:34Z
2026-09-15T13:28:35Z,2026-09-15T15:28:35+0200,f560dd4e-bb34-4b12-a26c-2c44f5eb2814,2026-09-08T20:00:00Z,2026-09-08T22:00:00+0200,219.666666,MW,DK2,DK_2,forecast_offshore_wind_generation,Wind Offshore,2026-09-15T13:30:34Z
2026-09-15T13:28:35Z,2026-09-15T15:28:35+0200,f560dd4e-bb34-4b12-a26c-2c44f5eb2814,2026-09-08T20:15:00Z,2026-09-08T22:15:00+0200,230.166666,MW,DK2,DK_2,forecast_offshore_wind_generation,Wind Offshore,2026-09-15T13:30:34Z
2026-09-15T13:28:35Z,2026-09-15T15:28:35+0200,f560dd4e-bb34-4b12-a26c-2c44f5eb2814,2026-09-08T20:30:00Z,2026-09-08T22:30:00+0200,242.5,MW,DK2,DK_2,forecast_offshore_wind_generation,Wind Offshore,2026-09-15T13:30:34Z
2026-09-15T13:28:35Z,2026-09-15T15:28:35+0200,f560dd4e-bb34-4b12-a26c-2c44f5eb2814,2026-09-08T20:45:00Z,2026-09-08T22:45:00+0200,256.333333,MW,DK2,DK_2,forecast_offshore_wind_generation,Wind Offshore,2026-09-15T13:30:34Z
2026-09-15T13:28:35Z,2026-09-15T15:28:35+0200,f560dd4e-bb34-4b12-a26c-2c44f5eb2814,2026-09-08T21:00:00Z,2026-09-08T23:00:00+0200,270.666666,MW,DK2,DK_2,forecast_offshore_wind_generation,Wind Offshore,2026-09-15T13:30:34Z
2026-09-15T13:28:35Z,2026-09-15T15:28:35+0200,f560dd4e-bb34-4b12-a26c-2c44f5eb2814,2026-09-08T21:15:00Z,2026-09-08T23:15:00+0200,288.333333,MW,DK2,DK_2,forecast_offshore_wind_generation,Wind Offshore,2026-09-15T13:30:34Z
2026-09-15T13:28:35Z,2026-09-15T15:28:35+0200,f560dd4e-bb34-4b12-a26c-2c44f5eb2814,2026-09-08T21:30:00Z,2026-09-08T23:30:00+0200,309.333333,MW,DK2,DK_2,forecast_offshore_wind_generation,Wind Offshore,2026-09-15T13:30:34Z
2026-09-15T13:28:35Z,2026-09-15T15:28:35+0200,f560dd4e-bb34-4b12-a26c-2c44f5eb2814,2026-09-08T21:45:00Z,2026-09-08T23:45:00+0200,326.666666,MW,DK2,DK_2,forecast_offshore_wind_generation,Wind Offshore,2026-09-15T13:30:34Z
2026-09-15T13:28:35Z,2026-09-15T15:28:35+0200,f560dd4e-bb34-4b12-a26c-2c44f5eb2814,2026-09-08T22:00:00Z,2026-09-09T00:00:00+0200,86.666666,MW,DK2,DK_2,forecast_offshore_wind_generation,Wind Offshore,2026-09-15T13:30:34Z
2026-09-15T13:28:35Z,2026-09-15T15:28:35+0200,f560dd4e-bb34-4b12-a26c-2c44f5eb2814,2026-09-08T22:15:00Z,2026-09-09T00:15:00+0200,90.333333,MW,DK2,DK_2,forecast_offshore_wind_generation,Wind Offshore,2026-09-15T13:30:34Z
2026-09-15T13:28:35Z,2026-09-15T15:28:35+0200,f560dd4e-bb34-4b12-a26c-2c44f5eb2814,2026-09-08T22:30:00Z,2026-09-09T00:30:00+0200,94.833333,MW,DK2,DK_2,forecast_offshore_wind_generation,Wind Offshore,2026-09-15T13:30:34Z
2026-09-15T13:28:35Z,2026-09-15T15:28:35+0200,f560dd4e-bb34-4b12-a26c-2c44f5eb2814,2026-09-08T22:45:00Z,2026-09-09T00:45:00+0200,99.166666,MW,DK2,DK_2,forecast_offshore_wind_generation,Wind Offshore,2026-09-15T13:30:34Z
2026-09-15T13:28:35Z,2026-09-15T15:28:35+0200,f560dd4e-bb34-4b12-a26c-2c44f5eb2814,2026-09-08T23:00:00Z,2026-09-09T01:00:00+0200,100.0,MW,DK2,DK_2,forecast_offshore_wind_generation,Wind Offshore,2026-09-15T13:30:34Z
2026-09-15T13:28:35Z,2026-09-15T15:28:35+0200,f560dd4e-bb34-4b12-a26c-2c44f5eb2814,2026-09-08T23:15:00Z,2026-09-09T01:15:00+0200,100.833333,MW,DK2,DK_2,forecast_offshore_wind_generation,Wind Offshore,2026-09-15T13:30:34Z
2026-09-15T13:28:35Z,2026-09-15T15:28:35+0200,f560dd4e-bb34-4b12-a26c-2c44f5eb2814,2026-09-08T23:30:00Z,2026-09-09T01:30:00+0200,101.0,MW,DK2,DK_2,forecast_offshore_wind_generation,Wind Offshore,2026-09-15T13:30:34Z
2026-09-15T13:28:35Z,2026-09-15T15:28:35+0200,f560dd4e-bb34-4b12-a26c-2c44f5eb2814,2026-09-08T23:45:00Z,2026-09-09T01:45:00+0200,101.0,MW,DK2,DK_2,forecast_offshore_wind_generation,Wind Offshore,2026-09-15T13:30:34Z
2026-09-15T13:28:35Z,2026-09-15T15:28:35+0200,f560dd4e-bb34-4b12-a26c-2c44f5eb2814,2026-09-09T00:00:00Z,2026-09-09T02:00:00+0200,101.0,MW,DK2,DK_2,forecast_offshore_wind_generation,Wind Offshore,2026-09-15T13:30:34Z
2026-09-15T13:28:35Z,2026-09-15T15:28:35+0200,f560dd4e-bb34-4b12-a26c-2c44f5eb2814,2026-09-09T00:15:00Z,2026-09-09T02:15:00+0200,101.0,MW,DK2,DK_2,forecast_offshore_wind_generation,Wind Offshore,2026-09-15T13:30:34Z
2026-09-15T13:28:35Z,2026-09-15T15:28:35+0200,f560dd4e-bb34-4b12-a26c-2c44f5eb2814,2026-09-09T00:30:00Z,2026-09-09T02:30:00+0200,101.166666,MW,DK2,DK_2,forecast_offshore_wind_generation,Wind Offshore,2026-09-15T13:30:34Z
2026-09-15T13:28:35Z,2026-09-15T15:28:35+0200,f560dd4e-bb34-4b12-a26c-2c44f5eb2814,2026-09-09T00:45:00Z,2026-09-09T02:45:00+0200,102.666666,MW,DK2,DK_2,forecast_offshore_wind_generation,Wind Offshore,2026-09-15T13:30:34Z
2026-09-15T13:28:35Z,2026-09-15T15:28:35+0200,f560dd4e-bb34-4b12-a26c-2c44f5eb2814,2026-09-09T01:00:00Z,2026-09-09T03:00:00+0200,107.0,MW,DK2,DK_2,forecast_offshore_wind_generation,Wind Offshore,2026-09-15T13:30:34Z
2026-09-15T13:28:35Z,2026-09-15T15:28:35+0200,f560dd4e-bb34-4b12-a26c-2c44f5eb2814,2026-09-09T01:15:00Z,2026-09-09T03:15:00+0200,114.666666,MW,DK2,DK_2,forecast_offshore_wind_generation,Wind Offshore,2026-09-15T13:30:34Z
2026-09-15T13:28:35Z,2026-09-15T15:28:35+0200,f560dd4e-bb34-4b12-a26c-2c44f5eb2814,2026-09-09T01:30:00Z,2026-09-09T03:30:00+0200,125.833333,MW,DK2,DK_2,forecast_offshore_wind_generation,Wind Offshore,2026-09-15T13:30:34Z
2026-09-15T13:28:35Z,2026-09-15T15:28:35+0200,f560dd4e-bb34-4b12-a26c-2c44f5eb2814,2026-09-09T01:45:00Z,2026-09-09T03:45:00+0200,135.833333,MW,DK2,DK_2,forecast_offshore_wind_generation,Wind Offshore,2026-09-15T13:30:34Z
2026-09-15T13:28:35Z,2026-09-15T15:28:35+0200,f560dd4e-bb34-4b12-a26c-2c44f5eb2814,2026-09-09T02:00:00Z,2026-09-09T04:00:00+0200,142.5,MW,DK2,DK_2,forecast_offshore_wind_generation,Wind Offshore,2026-09-15T13:30:34Z
2026-09-15T13:28:35Z,2026-09-15T15:28:35+0200,f560dd4e-bb34-4b12-a26c-2c44f5eb2814,2026-09-09T02:15:00Z,2026-09-09T04:15:00+0200,147.5,MW,DK2,DK_2,forecast_offshore_wind_generation,Wind Offshore,2026-09-15T13:30:34Z
2026-09-15T13:28:35Z,2026-09-15T15:28:35+0200,f560dd4e-bb34-4b12-a26c-2c44f5eb2814,2026-09-09T02:30:00Z,2026-09-09T04:30:00+0200,153.833333,MW,DK2,DK_2,forecast_offshore_wind_generation,Wind Offshore,2026-09-15T13:30:34Z
2026-09-15T13:28:35Z,2026-09-15T15:28:35+0200,f560dd4e-bb34-4b12-a26c-2c44f5eb2814,2026-09-09T02:45:00Z,2026-09-09T04:45:00+0200,168.0,MW,DK2,DK_2,forecast_offshore_wind_generation,Wind Offshore,2026-09-15T13:30:34Z
2026-09-15T13:28:35Z,2026-09-15T15:28:35+0200,f560dd4e-bb34-4b12-a26c-2c44f5eb2814,2026-09-09T03:00:00Z,2026-09-09T05:00:00+0200,183.166666,MW,DK2,DK_2,forecast_offshore_wind_generation,Wind Offshore,2026-09-15T13:30:34Z
2026-09-15T13:28:35Z,2026-09-15T15:28:35+0200,f560dd4e-bb34-4b12-a26c-2c44f5eb2814,2026-09-09T03:15:00Z,2026-09-09T05:15:00+0200,201.0,MW,DK2,DK_2,forecast_offshore_wind_generation,Wind Offshore,2026-09-15T13:30:34Z
2026-09-15T13:28:35Z,2026-09-15T15:28:35+0200,f560dd4e-bb34-4b12-a26c-2c44f5eb2814,2026-09-09T03:30:00Z,2026-09-09T05:30:00+0200,219.0,MW,DK2,DK_2,forecast_offshore_wind_generation,Wind Offshore,2026-09-15T13:30:34Z
2026-09-15T13:28:35Z,2026-09-15T15:28:35+0200,f560dd4e-bb34-4b12-a26c-2c44f5eb2814,2026-09-09T03:45:00Z,2026-09-09T05:45:00+0200,237.333333,MW,DK2,DK_2,forecast_offshore_wind_generation,Wind Offshore,2026-09-15T13:30:34Z
2026-09-15T13:28:35Z,2026-09-15T15:28:35+0200,f560dd4e-bb34-4b12-a26c-2c44f5eb2814,2026-09-09T04:00:00Z,2026-09-09T06:00:00+0200,254.833333,MW,DK2,DK_2,forecast_offshore_wind_generation,Wind Offshore,2026-09-15T13:30:34Z
2026-09-15T13:28:35Z,2026-09-15T15:28:35+0200,f560dd4e-bb34-4b12-a26c-2c44f5eb2814,2026-09-09T04:15:00Z,2026-09-09T06:15:00+0200,271.333333,MW,DK2,DK_2,forecast_offshore_wind_generation,Wind Offshore,2026-09-15T13:30:34Z
2026-09-15T13:28:35Z,2026-09-15T15:28:35+0200,f560dd4e-bb34-4b12-a26c-2c44f5eb2814,2026-09-09T04:30:00Z,2026-09-09T06:30:00+0200,287.5,MW,DK2,DK_2,forecast_offshore_wind_generation,Wind Offshore,2026-09-15T13:30:34Z
2026-09-15T13:28:35Z,2026-09-15T15:28:35+0200,f560dd4e-bb34-4b12-a26c-2c44f5eb2814,2026-09-09T04:45:00Z,2026-09-09T06:45:00+0200,302.833333,MW,DK2,DK_2,forecast_offshore_wind_generation,Wind Offshore,2026-09-15T13:30:34Z
2026-09-15T13:28:35Z,2026-09-15T15:28:35+0200,f560dd4e-bb34-4b12-a26c-2c44f5eb2814,2026-09-09T05:00:00Z,2026-09-09T07:00:00+0200,318.333333,MW,DK2,DK_2,forecast_offshore_wind_generation,Wind Offshore,2026-09-15T13:30:34Z
2026-09-15T13:28:35Z,2026-09-15T15:28:35+0200,f560dd4e-bb34-4b12-a26c-2c44f5eb2814,2026-09-09T05:15:00Z,2026-09-09T07:15:00+0200,343.166666,MW,DK2,DK_2,forecast_offshore_wind_generation,Wind Offshore,2026-09-15T13:30:34Z
2026-09-15T13:28:35Z,2026-09-15T15:28:35+0200,f560dd4e-bb34-4b12-a26c-2c44f5eb2814,2026-09-09T05:30:00Z,2026-09-09T07:30:00+0200,373.0,MW,DK2,DK_2,forecast_offshore_wind_generation,Wind Offshore,2026-09-15T13:30:34Z
2026-09-15T13:28:35Z,2026-09-15T15:28:35+0200,f560dd4e-bb34-4b12-a26c-2c44f5eb2814,2026-09-09T05:45:00Z,2026-09-09T07:45:00+0200,398.0,MW,DK2,DK_2,forecast_offshore_wind_generation,Wind Offshore,2026-09-15T13:30:34Z
2026-09-15T13:28:35Z,2026-09-15T15:28:35+0200,f560dd4e-bb34-4b12-a26c-2c44f5eb2814,2026-09-09T06:00:00Z,2026-09-09T08:00:00+0200,410.333333,MW,DK2,DK_2,forecast_offshore_wind_generation,Wind Offshore,2026-09-15T13:30:34Z
2026-09-15T13:28:35Z,2026-09-15T15:28:35+0200,f560dd4e-bb34-4b12-a26c-2c44f5eb2814,2026-09-09T06:15:00Z,2026-09-09T08:15:00+0200,416.833333,MW,DK2,DK_2,forecast_offshore_wind_generation,Wind Offshore,2026-09-15T13:30:34Z
2026-09-15T13:28:35Z,2026-09-15T15:28:35+0200,f560dd4e-bb34-4b12-a26c-2c44f5eb2814,2026-09-09T06:30:00Z,2026-09-09T08:30:00+0200,421.0,MW,DK2,DK_2,forecast_offshore_wind_generation,Wind Offshore,2026-09-15T13:30:34Z
2026-09-15T13:28:35Z,2026-09-15T15:28:35+0200,f560dd4e-bb34-4b12-a26c-2c44f5eb2814,2026-09-09T06:45:00Z,2026-09-09T08:45:00+0200,426.833333,MW,DK2,DK_2,forecast_offshore_wind_generation,Wind Offshore,2026-09-15T13:30:34Z
2026-09-15T13:28:35Z,2026-09-15T15:28:35+0200,f560dd4e-bb34-4b12-a26c-2c44f5eb2814,2026-09-09T07:00:00Z,2026-09-09T09:00:00+0200,441.333333,MW,DK2,DK_2,forecast_offshore_wind_generation,Wind Offshore,2026-09-15T13:30:34Z
2026-09-15T13:28:35Z,2026-09-15T15:28:35+0200,f560dd4e-bb34-4b12-a26c-2c44f5eb2814,2026-09-09T07:15:00Z,2026-09-09T09:15:00+0200,463.666666,MW,DK2,DK_2,forecast_offshore_wind_generation,Wind Offshore,2026-09-15T13:30:34Z
2026-09-15T13:28:35Z,2026-09-15T15:28:35+0200,f560dd4e-bb34-4b12-a26c-2c44f5eb2814,2026-09-09T07:30:00Z,2026-09-09T09:30:00+0200,487.5,MW,DK2,DK_2,forecast_offshore_wind_generation,Wind Offshore,2026-09-15T13:30:34Z
2026-09-15T13:28:35Z,2026-09-15T15:28:35+0200,f560dd4e-bb34-4b12-a26c-2c44f5eb2814,2026-09-09T07:45:00Z,2026-09-09T09:45:00+0200,501.5,MW,DK2,DK_2,forecast_offshore_wind_generation,Wind Offshore,2026-09-15T13:30:34Z
2026-09-15T13:28:35Z,2026-09-15T15:28:35+0200,f560dd4e-bb34-4b12-a26c-2c44f5eb2814,2026-09-09T08:00:00Z,2026-09-09T10:00:00+0200,504.0,MW,DK2,DK_2,forecast_offshore_wind_generation,Wind Offshore,2026-09-15T13:30:34Z
2026-09-15T13:28:35Z,2026-09-15T15:28:35+0200,f560dd4e-bb34-4b12-a26c-2c44f5eb2814,2026-09-09T08:15:00Z,2026-09-09T10:15:00+0200,503.5,MW,DK2,DK_2,forecast_offshore_wind_generation,Wind Offshore,2026-09-15T13:30:34Z
2026-09-15T13:28:35Z,2026-09-15T15:28:35+0200,f560dd4e-bb34-4b12-a26c-2c44f5eb2814,2026-09-09T08:30:00Z,2026-09-09T10:30:00+0200,501.5,MW,DK2,DK_2,forecast_offshore_wind_generation,Wind Offshore,2026-09-15T13:30:34Z
2026-09-15T13:28:35Z,2026-09-15T15:28:35+0200,f560dd4e-bb34-4b12-a26c-2c44f5eb2814,2026-09-09T08:45:00Z,2026-09-09T10:45:00+0200,499.333333,MW,DK2,DK_2,forecast_offshore_wind_generation,Wind Offshore,2026-09-15T13:30:34Z
2026-09-15T13:28:35Z,2026-09-15T15:28:35+0200,f560dd4e-bb34-4b12-a26c-2c44f5eb2814,2026-09-09T09:00:00Z,2026-09-09T11:00:00+0200,496.833333,MW,DK2,DK_2,forecast_offshore_wind_generation,Wind Offshore,2026-09-15T13:30:34Z
2026-09-15T13:28:35Z,2026-09-15T15:28:35+0200,f560dd4e-bb34-4b12-a26c-2c44f5eb2814,2026-09-09T09:15:00Z,2026-09-09T11:15:00+0200,491.5,MW,DK2,DK_2,forecast_offshore_wind_generation,Wind Offshore,2026-09-15T13:30:34Z
2026-09-15T13:28:35Z,2026-09-15T15:28:35+0200,f560dd4e-bb34-4b12-a26c-2c44f5eb2814,2026-09-09T09:30:00Z,2026-09-09T11:30:00+0200,484.333333,MW,DK2,DK_2,forecast_offshore_wind_generation,Wind Offshore,2026-09-15T13:30:34Z
2026-09-15T13:28:35Z,2026-09-15T15:28:35+0200,f560dd4e-bb34-4b12-a26c-2c44f5eb2814,2026-09-09T09:45:00Z,2026-09-09T11:45:00+0200,476.166666,MW,DK2,DK_2,forecast_offshore_wind_generation,Wind Offshore,2026-09-15T13:30:34Z
2026-09-15T13:28:35Z,2026-09-15T15:28:35+0200,f560dd4e-bb34-4b12-a26c-2c44f5eb2814,2026-09-09T10:00:00Z,2026-09-09T12:00:00+0200,470.166666,MW,DK2,DK_2,forecast_offshore_wind_generation,Wind Offshore,2026-09-15T13:30:34Z
2026-09-15T13:28:35Z,2026-09-15T15:28:35+0200,f560dd4e-bb34-4b12-a26c-2c44f5eb2814,2026-09-09T10:15:00Z,2026-09-09T12:15:00+0200,465.166666,MW,DK2,DK_2,forecast_offshore_wind_generation,Wind Offshore,2026-09-15T13:30:34Z
2026-09-15T13:28:35Z,2026-09-15T15:28:35+0200,f560dd4e-bb34-4b12-a26c-2c44f5eb2814,2026-09-09T10:30:00Z,2026-09-09T12:30:00+0200,460.666666,MW,DK2,DK_2,forecast_offshore_wind_generation,Wind Offshore,2026-09-15T13:30:34Z
2026-09-15T13:28:35Z,2026-09-15T15:28:35+0200,f560dd4e-bb34-4b12-a26c-2c44f5eb2814,2026-09-09T10:45:00Z,2026-09-09T12:45:00+0200,457.666666,MW,DK2,DK_2,forecast_offshore_wind_generation,Wind Offshore,2026-09-15T13:30:34Z
2026-09-15T13:28:35Z,2026-09-15T15:28:35+0200,f560dd4e-bb34-4b12-a26c-2c44f5eb2814,2026-09-09T11:00:00Z,2026-09-09T13:00:00+0200,455.5,MW,DK2,DK_2,forecast_offshore_wind_generation,Wind Offshore,2026-09-15T13:30:34Z
2026-09-15T13:28:35Z,2026-09-15T15:28:35+0200,f560dd4e-bb34-4b12-a26c-2c44f5eb2814,2026-09-09T11:15:00Z,2026-09-09T13:15:00+0200,453.0,MW,DK2,DK_2,forecast_offshore_wind_generation,Wind Offshore,2026-09-15T13:30:34Z
2026-09-15T13:28:35Z,2026-09-15T15:28:35+0200,f560dd4e-bb34-4b12-a26c-2c44f5eb2814,2026-09-09T11:30:00Z,2026-09-09T13:30:00+0200,452.0,MW,DK2,DK_2,forecast_offshore_wind_generation,Wind Offshore,2026-09-15T13:30:34Z
2026-09-15T13:28:35Z,2026-09-15T15:28:35+0200,f560dd4e-bb34-4b12-a26c-2c44f5eb2814,2026-09-09T11:45:00Z,2026-09-09T13:45:00+0200,452.666666,MW,DK2,DK_2,forecast_offshore_wind_generation,Wind Offshore,2026-09-15T13:30:34Z
2026-09-15T13:28:35Z,2026-09-15T15:28:35+0200,f560dd4e-bb34-4b12-a26c-2c44f5eb2814,2026-09-09T12:00:00Z,2026-09-09T14:00:00+0200,457.833333,MW,DK2,DK_2,forecast_offshore_wind_generation,Wind Offshore,2026-09-15T13:30:34Z
2026-09-15T13:28:35Z,2026-09-15T15:28:35+0200,f560dd4e-bb34-4b12-a26c-2c44f5eb2814,2026-09-09T12:15:00Z,2026-09-09T14:15:00+0200,470.833333,MW,DK2,DK_2,forecast_offshore_wind_generation,Wind Offshore,2026-09-15T13:30:34Z
2026-09-15T13:28:35Z,2026-09-15T15:28:35+0200,f560dd4e-bb34-4b12-a26c-2c44f5eb2814,2026-09-09T12:30:00Z,2026-09-09T14:30:00+0200,489.5,MW,DK2,DK_2,forecast_offshore_wind_generation,Wind Offshore,2026-09-15T13:30:34Z
2026-09-15T13:28:35Z,2026-09-15T15:28:35+0200,f560dd4e-bb34-4b12-a26c-2c44f5eb2814,2026-09-09T12:45:00Z,2026-09-09T14:45:00+0200,505.666666,MW,DK2,DK_2,forecast_offshore_wind_generation,Wind Offshore,2026-09-15T13:30:34Z
2026-09-15T13:28:35Z,2026-09-15T15:28:35+0200,f560dd4e-bb34-4b12-a26c-2c44f5eb2814,2026-09-09T13:00:00Z,2026-09-09T15:00:00+0200,515.666666,MW,DK2,DK_2,forecast_offshore_wind_generation,Wind Offshore,2026-09-15T13:30:34Z
2026-09-15T13:28:35Z,2026-09-15T15:28:35+0200,f560dd4e-bb34-4b12-a26c-2c44f5eb2814,2026-09-09T13:15:00Z,2026-09-09T15:15:00+0200,526.0,MW,DK2,DK_2,forecast_offshore_wind_generation,Wind Offshore,2026-09-15T13:30:34Z
2026-09-15T13:28:35Z,2026-09-15T15:28:35+0200,f560dd4e-bb34-4b12-a26c-2c44f5eb2814,2026-09-09T13:30:00Z,2026-09-09T15:30:00+0200,536.166666,MW,DK2,DK_2,forecast_offshore_wind_generation,Wind Offshore,2026-09-15T13:30:34Z
2026-09-15T13:28:35Z,2026-09-15T15:28:35+0200,f560dd4e-bb34-4b12-a26c-2c44f5eb2814,2026-09-09T13:45:00Z,2026-09-09T15:45:00+0200,543.166666,MW,DK2,DK_2,forecast_offshore_wind_generation,Wind Offshore,2026-09-15T13:30:34Z
2026-09-15T13:28:35Z,2026-09-15T15:28:35+0200,f560dd4e-bb34-4b12-a26c-2c44f5eb2814,2026-09-09T14:00:00Z,2026-09-09T16:00:00+0200,545.166666,MW,DK2,DK_2,forecast_offshore_wind_generation,Wind Offshore,2026-09-15T13:30:34Z
2026-09-15T13:28:35Z,2026-09-15T15:28:35+0200,f560dd4e-bb34-4b12-a26c-2c44f5eb2814,2026-09-09T14:15:00Z,2026-09-09T16:15:00+0200,541.333333,MW,DK2,DK_2,forecast_offshore_wind_generation,Wind Offshore,2026-09-15T13:30:34Z
2026-09-15T13:28:35Z,2026-09-15T15:28:35+0200,f560dd4e-bb34-4b12-a26c-2c44f5eb2814,2026-09-09T14:30:00Z,2026-09-09T16:30:00+0200,533.666666,MW,DK2,DK_2,forecast_offshore_wind_generation,Wind Offshore,2026-09-15T13:30:34Z
2026-09-15T13:28:35Z,2026-09-15T15:28:35+0200,f560dd4e-bb34-4b12-a26c-2c44f5eb2814,2026-09-09T14:45:00Z,2026-09-09T16:45:00+0200,527.666666,MW,DK2,DK_2,forecast_offshore_wind_generation,Wind Offshore,2026-09-15T13:30:34Z
2026-09-15T13:28:35Z,2026-09-15T15:28:35+0200,f560dd4e-bb34-4b12-a26c-2c44f5eb2814,2026-09-09T15:00:00Z,2026-09-09T17:00:00+0200,527.5,MW,DK2,DK_2,forecast_offshore_wind_generation,Wind Offshore,2026-09-15T13:30:34Z
2026-09-15T13:28:35Z,2026-09-15T15:28:35+0200,f560dd4e-bb34-4b12-a26c-2c44f5eb2814,2026-09-09T15:15:00Z,2026-09-09T17:15:00+0200,531.5,MW,DK2,DK_2,forecast_offshore_wind_generation,Wind Offshore,2026-09-15T13:30:34Z
2026-09-15T13:28:35Z,2026-09-15T15:28:35+0200,f560dd4e-bb34-4b12-a26c-2c44f5eb2814,2026-09-09T15:30:00Z,2026-09-09T17:30:00+0200,537.0,MW,DK2,DK_2,forecast_offshore_wind_generation,Wind Offshore,2026-09-15T13:30:34Z
2026-09-15T13:28:35Z,2026-09-15T15:28:35+0200,f560dd4e-bb34-4b12-a26c-2c44f5eb2814,2026-09-09T15:45:00Z,2026-09-09T17:45:00+0200,542.833333,MW,DK2,DK_2,forecast_offshore_wind_generation,Wind Offshore,2026-09-15T13:30:34Z
2026-09-15T13:28:35Z,2026-09-15T15:28:35+0200,f560dd4e-bb34-4b12-a26c-2c44f5eb2814,2026-09-09T16:00:00Z,2026-09-09T18:00:00+0200,548.333333,MW,DK2,DK_2,forecast_offshore_wind_generation,Wind Offshore,2026-09-15T13:30:34Z
2026-09-15T13:28:35Z,2026-09-15T15:28:35+0200,f560dd4e-bb34-4b12-a26c-2c44f5eb2814,2026-09-09T16:15:00Z,2026-09-09T18:15:00+0200,558.166666,MW,DK2,DK_2,forecast_offshore_wind_generation,Wind Offshore,2026-09-15T13:30:34Z
2026-09-15T13:28:35Z,2026-09-15T15:28:35+0200,f560dd4e-bb34-4b12-a26c-2c44f5eb2814,2026-09-09T16:30:00Z,2026-09-09T18:30:00+0200,569.833333,MW,DK2,DK_2,forecast_offshore_wind_generation,Wind Offshore,2026-09-15T13:30:34Z
2026-09-15T13:28:35Z,2026-09-15T15:28:35+0200,f560dd4e-bb34-4b12-a26c-2c44f5eb2814,2026-09-09T16:45:00Z,2026-09-09T18:45:00+0200,577.833333,MW,DK2,DK_2,forecast_offshore_wind_generation,Wind Offshore,2026-09-15T13:30:34Z
2026-09-15T13:28:35Z,2026-09-15T15:28:35+0200,f560dd4e-bb34-4b12-a26c-2c44f5eb2814,2026-09-09T17:00:00Z,2026-09-09T19:00:00+0200,580.833333,MW,DK2,DK_2,forecast_offshore_wind_generation,Wind Offshore,2026-09-15T13:30:34Z
2026-09-15T13:28:35Z,2026-09-15T15:28:35+0200,f560dd4e-bb34-4b12-a26c-2c44f5eb2814,2026-09-09T17:15:00Z,2026-09-09T19:15:00+0200,581.0,MW,DK2,DK_2,forecast_offshore_wind_generation,Wind Offshore,2026-09-15T13:30:34Z
2026-09-15T13:28:35Z,2026-09-15T15:28:35+0200,f560dd4e-bb34-4b12-a26c-2c44f5eb2814,2026-09-09T17:30:00Z,2026-09-09T19:30:00+0200,580.5,MW,DK2,DK_2,forecast_offshore_wind_generation,Wind Offshore,2026-09-15T13:30:34Z
2026-09-15T13:28:35Z,2026-09-15T15:28:35+0200,f560dd4e-bb34-4b12-a26c-2c44f5eb2814,2026-09-09T17:45:00Z,2026-09-09T19:45:00+0200,580.0,MW,DK2,DK_2,forecast_offshore_wind_generation,Wind Offshore,2026-09-15T13:30:34Z
2026-09-15T13:28:35Z,2026-09-15T15:28:35+0200,f560dd4e-bb34-4b12-a26c-2c44f5eb2814,2026-09-09T18:00:00Z,2026-09-09T20:00:00+0200,578.833333,MW,DK2,DK_2,forecast_offshore_wind_generation,Wind Offshore,2026-09-15T13:30:34Z
2026-09-15T13:28:35Z,2026-09-15T15:28:35+0200,f560dd4e-bb34-4b12-a26c-2c44f5eb2814,2026-09-09T18:15:00Z,2026-09-09T20:15:00+0200,574.833333,MW,DK2,DK_2,forecast_offshore_wind_generation,Wind Offshore,2026-09-15T13:30:34Z
2026-09-15T13:28:35Z,2026-09-15T15:28:35+0200,f560dd4e-bb34-4b12-a26c-2c44f5eb2814,2026-09-09T18:30:00Z,2026-09-09T20:30:00+0200,569.0,MW,DK2,DK_2,forecast_offshore_wind_generation,Wind Offshore,2026-09-15T13:30:34Z
2026-09-15T13:28:35Z,2026-09-15T15:28:35+0200,f560dd4e-bb34-4b12-a26c-2c44f5eb2814,2026-09-09T18:45:00Z,2026-09-09T20:45:00+0200,563.666666,MW,DK2,DK_2,forecast_offshore_wind_generation,Wind Offshore,2026-09-15T13:30:34Z
2026-09-15T13:28:35Z,2026-09-15T15:28:35+0200,f560dd4e-bb34-4b12-a26c-2c44f5eb2814,2026-09-09T19:00:00Z,2026-09-09T21:00:00+0200,559.0,MW,DK2,DK_2,forecast_offshore_wind_generation,Wind Offshore,2026-09-15T13:30:34Z
2026-09-15T13:28:35Z,2026-09-15T15:28:35+0200,f560dd4e-bb34-4b12-a26c-2c44f5eb2814,2026-09-09T19:15:00Z,2026-09-09T21:15:00+0200,551.0,MW,DK2,DK_2,forecast_offshore_wind_generation,Wind Offshore,2026-09-15T13:30:34Z
2026-09-15T13:28:35Z,2026-09-15T15:28:35+0200,f560dd4e-bb34-4b12-a26c-2c44f5eb2814,2026-09-09T19:30:00Z,2026-09-09T21:30:00+0200,541.666666,MW,DK2,DK_2,forecast_offshore_wind_generation,Wind Offshore,2026-09-15T13:30:34Z
2026-09-15T13:28:35Z,2026-09-15T15:28:35+0200,f560dd4e-bb34-4b12-a26c-2c44f5eb2814,2026-09-09T19:45:00Z,2026-09-09T21:45:00+0200,536.333333,MW,DK2,DK_2,forecast_offshore_wind_generation,Wind Offshore,2026-09-15T13:30:34Z
2026-09-15T13:28:35Z,2026-09-15T15:28:35+0200,f560dd4e-bb34-4b12-a26c-2c44f5eb2814,2026-09-09T20:00:00Z,2026-09-09T22:00:00+0200,539.166666,MW,DK2,DK_2,forecast_offshore_wind_generation,Wind Offshore,2026-09-15T13:30:34Z
2026-09-15T13:28:35Z,2026-09-15T15:28:35+0200,f560dd4e-bb34-4b12-a26c-2c44f5eb2814,2026-09-09T20:15:00Z,2026-09-09T22:15:00+0200,549.666666,MW,DK2,DK_2,forecast_offshore_wind_generation,Wind Offshore,2026-09-15T13:30:34Z
2026-09-15T13:28:35Z,2026-09-15T15:28:35+0200,f560dd4e-bb34-4b12-a26c-2c44f5eb2814,2026-09-09T20:30:00Z,2026-09-09T22:30:00+0200,563.666666,MW,DK2,DK_2,forecast_offshore_wind_generation,Wind Offshore,2026-09-15T13:30:34Z
2026-09-15T13:28:35Z,2026-09-15T15:28:35+0200,f560dd4e-bb34-4b12-a26c-2c44f5eb2814,2026-09-09T20:45:00Z,2026-09-09T22:45:00+0200,577.0,MW,DK2,DK_2,forecast_offshore_wind_generation,Wind Offshore,2026-09-15T13:30:34Z
2026-09-15T13:28:35Z,2026-09-15T15:28:35+0200,f560dd4e-bb34-4b12-a26c-2c44f5eb2814,2026-09-09T21:00:00Z,2026-09-09T23:00:00+0200,588.333333,MW,DK2,DK_2,forecast_offshore_wind_generation,Wind Offshore,2026-09-15T13:30:34Z
2026-09-15T13:28:35Z,2026-09-15T15:28:35+0200,f560dd4e-bb34-4b12-a26c-2c44f5eb2814,2026-09-09T21:15:00Z,2026-09-09T23:15:00+0200,603.333333,MW,DK2,DK_2,forecast_offshore_wind_generation,Wind Offshore,2026-09-15T13:30:34Z
2026-09-15T13:28:35Z,2026-09-15T15:28:35+0200,f560dd4e-bb34-4b12-a26c-2c44f5eb2814,2026-09-09T21:30:00Z,2026-09-09T23:30:00+0200,621.333333,MW,DK2,DK_2,forecast_offshore_wind_generation,Wind Offshore,2026-09-15T13:30:34Z
2026-09-15T13:28:35Z,2026-09-15T15:28:35+0200,f560dd4e-bb34-4b12-a26c-2c44f5eb2814,2026-09-09T21:45:00Z,2026-09-09T23:45:00+0200,635.666666,MW,DK2,DK_2,forecast_offshore_wind_generation,Wind Offshore,2026-09-15T13:30:34Z
2026-09-15T13:28:35Z,2026-09-15T15:28:35+0200,f560dd4e-bb34-4b12-a26c-2c44f5eb2814,2026-09-09T22:00:00Z,2026-09-10T00:00:00+0200,718.166666,MW,DK2,DK_2,forecast_offshore_wind_generation,Wind Offshore,2026-09-15T13:30:34Z
2026-09-15T13:28:35Z,2026-09-15T15:28:35+0200,f560dd4e-bb34-4b12-a26c-2c44f5eb2814,2026-09-09T22:15:00Z,2026-09-10T00:15:00+0200,732.166666,MW,DK2,DK_2,forecast_offshore_wind_generation,Wind Offshore,2026-09-15T13:30:34Z
2026-09-15T13:28:35Z,2026-09-15T15:28:35+0200,f560dd4e-bb34-4b12-a26c-2c44f5eb2814,2026-09-09T22:30:00Z,2026-09-10T00:30:00+0200,745.666666,MW,DK2,DK_2,forecast_offshore_wind_generation,Wind Offshore,2026-09-15T13:30:34Z
2026-09-15T13:28:35Z,2026-09-15T15:28:35+0200,f560dd4e-bb34-4b12-a26c-2c44f5eb2814,2026-09-09T22:45:00Z,2026-09-10T00:45:00+0200,755.166666,MW,DK2,DK_2,forecast_offshore_wind_generation,Wind Offshore,2026-09-15T13:30:34Z
2026-09-15T13:28:35Z,2026-09-15T15:28:35+0200,f560dd4e-bb34-4b12-a26c-2c44f5eb2814,2026-09-09T23:00:00Z,2026-09-10T01:00:00+0200,761.666666,MW,DK2,DK_2,forecast_offshore_wind_generation,Wind Offshore,2026-09-15T13:30:34Z
2026-09-15T13:28:35Z,2026-09-15T15:28:35+0200,f560dd4e-bb34-4b12-a26c-2c44f5eb2814,2026-09-09T23:15:00Z,2026-09-10T01:15:00+0200,771.166666,MW,DK2,DK_2,forecast_offshore_wind_generation,Wind Offshore,2026-09-15T13:30:34Z
2026-09-15T13:28:35Z,2026-09-15T15:28:35+0200,f560dd4e-bb34-4b12-a26c-2c44f5eb2814,2026-09-09T23:30:00Z,2026-09-10T01:30:00+0200,781.5,MW,DK2,DK_2,forecast_offshore_wind_generation,Wind Offshore,2026-09-15T13:30:34Z
2026-09-15T13:28:35Z,2026-09-15T15:28:35+0200,f560dd4e-bb34-4b12-a26c-2c44f5eb2814,2026-09-09T23:45:00Z,2026-09-10T01:45:00+0200,789.833333,MW,DK2,DK_2,forecast_offshore_wind_generation,Wind Offshore,2026-09-15T13:30:34Z
2026-09-15T13:28:35Z,2026-09-15T15:28:35+0200,f560dd4e-bb34-4b12-a26c-2c44f5eb2814,2026-09-10T00:00:00Z,2026-09-10T02:00:00+0200,795.0,MW,DK2,DK_2,forecast_offshore_wind_generation,Wind Offshore,2026-09-15T13:30:34Z
2026-09-15T13:28:35Z,2026-09-15T15:28:35+0200,f560dd4e-bb34-4b12-a26c-2c44f5eb2814,2026-09-10T00:15:00Z,2026-09-10T02:15:00+0200,799.0,MW,DK2,DK_2,forecast_offshore_wind_generation,Wind Offshore,2026-09-15T13:30:34Z
2026-09-15T13:28:35Z,2026-09-15T15:28:35+0200,f560dd4e-bb34-4b12-a26c-2c44f5eb2814,2026-09-10T00:30:00Z,2026-09-10T02:30:00+0200,802.333333,MW,DK2,DK_2,forecast_offshore_wind_generation,Wind Offshore,2026-09-15T13:30:34Z
2026-09-15T13:28:35Z,2026-09-15T15:28:35+0200,f560dd4e-bb34-4b12-a26c-2c44f5eb2814,2026-09-10T00:45:00Z,2026-09-10T02:45:00+0200,803.833333,MW,DK2,DK_2,forecast_offshore_wind_generation,Wind Offshore,2026-09-15T13:30:34Z
2026-09-15T13:28:35Z,2026-09-15T15:28:35+0200,f560dd4e-bb34-4b12-a26c-2c44f5eb2814,2026-09-10T01:00:00Z,2026-09-10T03:00:00+0200,804.833333,MW,DK2,DK_2,forecast_offshore_wind_generation,Wind Offshore,2026-09-15T13:30:34Z
2026-09-15T13:28:35Z,2026-09-15T15:28:35+0200,f560dd4e-bb34-4b12-a26c-2c44f5eb2814,2026-09-10T01:15:00Z,2026-09-10T03:15:00+0200,805.5,MW,DK2,DK_2,forecast_offshore_wind_generation,Wind Offshore,2026-09-15T13:30:34Z
2026-09-15T13:28:35Z,2026-09-15T15:28:35+0200,f560dd4e-bb34-4b12-a26c-2c44f5eb2814,2026-09-10T01:30:00Z,2026-09-10T03:30:00+0200,806.0,MW,DK2,DK_2,forecast_offshore_wind_generation,Wind Offshore,2026-09-15T13:30:34Z
2026-09-15T13:28:35Z,2026-09-15T15:28:35+0200,f560dd4e-bb34-4b12-a26c-2c44f5eb2814,2026-09-10T01:45:00Z,2026-09-10T03:45:00+0200,806.166666,MW,DK2,DK_2,forecast_offshore_wind_generation,Wind Offshore,2026-09-15T13:30:34Z
2026-09-15T13:28:35Z,2026-09-15T15:28:35+0200,f560dd4e-bb34-4b12-a26c-2c44f5eb2814,2026-09-10T02:00:00Z,2026-09-10T04:00:00+0200,807.166666,MW,DK2,DK_2,forecast_offshore_wind_generation,Wind Offshore,2026-09-15T13:30:34Z
2026-09-15T13:28:35Z,2026-09-15T15:28:35+0200,f560dd4e-bb34-4b12-a26c-2c44f5eb2814,2026-09-10T02:15:00Z,2026-09-10T04:15:00+0200,807.5,MW,DK2,DK_2,forecast_offshore_wind_generation,Wind Offshore,2026-09-15T13:30:34Z
2026-09-15T13:28:35Z,2026-09-15T15:28:35+0200,f560dd4e-bb34-4b12-a26c-2c44f5eb2814,2026-09-10T02:30:00Z,2026-09-10T04:30:00+0200,806.5,MW,DK2,DK_2,forecast_offshore_wind_generation,Wind Offshore,2026-09-15T13:30:34Z
2026-09-15T13:28:35Z,2026-09-15T15:28:35+0200,f560dd4e-bb34-4b12-a26c-2c44f5eb2814,2026-09-10T02:45:00Z,2026-09-10T04:45:00+0200,803.666666,MW,DK2,DK_2,forecast_offshore_wind_generation,Wind Offshore,2026-09-15T13:30:34Z
2026-09-15T13:28:35Z,2026-09-15T15:28:35+0200,f560dd4e-bb34-4b12-a26c-2c44f5eb2814,2026-09-10T03:00:00Z,2026-09-10T05:00:00+0200,799.833333,MW,DK2,DK_2,forecast_offshore_wind_generation,Wind Offshore,2026-09-15T13:30:34Z
2026-09-15T13:28:35Z,2026-09-15T15:28:35+0200,f560dd4e-bb34-4b12-a26c-2c44f5eb2814,2026-09-10T03:15:00Z,2026-09-10T05:15:00+0200,794.0,MW,DK2,DK_2,forecast_offshore_wind_generation,Wind Offshore,2026-09-15T13:30:34Z
2026-09-15T13:28:35Z,2026-09-15T15:28:35+0200,f560dd4e-bb34-4b12-a26c-2c44f5eb2814,2026-09-10T03:30:00Z,2026-09-10T05:30:00+0200,786.666666,MW,DK2,DK_2,forecast_offshore_wind_generation,Wind Offshore,2026-09-15T13:30:34Z
2026-09-15T13:28:35Z,2026-09-15T15:28:35+0200,f560dd4e-bb34-4b12-a26c-2c44f5eb2814,2026-09-10T03:45:00Z,2026-09-10T05:45:00+0200,778.5,MW,DK2,DK_2,forecast_offshore_wind_generation,Wind Offshore,2026-09-15T13:30:34Z
2026-09-15T13:28:35Z,2026-09-15T15:28:35+0200,f560dd4e-bb34-4b12-a26c-2c44f5eb2814,2026-09-10T04:00:00Z,2026-09-10T06:00:00+0200,769.5,MW,DK2,DK_2,forecast_offshore_wind_generation,Wind Offshore,2026-09-15T13:30:34Z
2026-09-15T13:28:35Z,2026-09-15T15:28:35+0200,f560dd4e-bb34-4b12-a26c-2c44f5eb2814,2026-09-10T04:15:00Z,2026-09-10T06:15:00+0200,760.0,MW,DK2,DK_2,forecast_offshore_wind_generation,Wind Offshore,2026-09-15T13:30:34Z
2026-09-15T13:28:35Z,2026-09-15T15:28:35+0200,f560dd4e-bb34-4b12-a26c-2c44f5eb2814,2026-09-10T04:30:00Z,2026-09-10T06:30:00+0200,749.5,MW,DK2,DK_2,forecast_offshore_wind_generation,Wind Offshore,2026-09-15T13:30:34Z
2026-09-15T13:28:35Z,2026-09-15T15:28:35+0200,f560dd4e-bb34-4b12-a26c-2c44f5eb2814,2026-09-10T04:45:00Z,2026-09-10T06:45:00+0200,739.5,MW,DK2,DK_2,forecast_offshore_wind_generation,Wind Offshore,2026-09-15T13:30:34Z
2026-09-15T13:28:35Z,2026-09-15T15:28:35+0200,f560dd4e-bb34-4b12-a26c-2c44f5eb2814,2026-09-10T05:00:00Z,2026-09-10T07:00:00+0200,728.833333,MW,DK2,DK_2,forecast_offshore_wind_generation,Wind Offshore,2026-09-15T13:30:34Z
2026-09-15T13:28:35Z,2026-09-15T15:28:35+0200,f560dd4e-bb34-4b12-a26c-2c44f5eb2814,2026-09-10T05:15:00Z,2026-09-10T07:15:00+0200,716.0,MW,DK2,DK_2,forecast_offshore_wind_generation,Wind Offshore,2026-09-15T13:30:34Z
2026-09-15T13:28:35Z,2026-09-15T15:28:35+0200,f560dd4e-bb34-4b12-a26c-2c44f5eb2814,2026-09-10T05:30:00Z,2026-09-10T07:30:00+0200,703.0,MW,DK2,DK_2,forecast_offshore_wind_generation,Wind Offshore,2026-09-15T13:30:34Z
2026-09-15T13:28:35Z,2026-09-15T15:28:35+0200,f560dd4e-bb34-4b12-a26c-2c44f5eb2814,2026-09-10T05:45:00Z,2026-09-10T07:45:00+0200,690.5,MW,DK2,DK_2,forecast_offshore_wind_generation,Wind Offshore,2026-09-15T13:30:34Z
2026-09-15T13:28:35Z,2026-09-15T15:28:35+0200,f560dd4e-bb34-4b12-a26c-2c44f5eb2814,2026-09-10T06:00:00Z,2026-09-10T08:00:00+0200,680.333333,MW,DK2,DK_2,forecast_offshore_wind_generation,Wind Offshore,2026-09-15T13:30:34Z
2026-09-15T13:28:35Z,2026-09-15T15:28:35+0200,f560dd4e-bb34-4b12-a26c-2c44f5eb2814,2026-09-10T06:15:00Z,2026-09-10T08:15:00+0200,670.333333,MW,DK2,DK_2,forecast_offshore_wind_generation,Wind Offshore,2026-09-15T13:30:34Z
2026-09-15T13:28:35Z,2026-09-15T15:28:35+0200,f560dd4e-bb34-4b12-a26c-2c44f5eb2814,2026-09-10T06:30:00Z,2026-09-10T08:30:00+0200,660.5,MW,DK2,DK_2,forecast_offshore_wind_generation,Wind Offshore,2026-09-15T13:30:34Z
2026-09-15T13:28:35Z,2026-09-15T15:28:35+0200,f560dd4e-bb34-4b12-a26c-2c44f5eb2814,2026-09-10T06:45:00Z,2026-09-10T08:45:00+0200,652.5,MW,DK2,DK_2,forecast_offshore_wind_generation,Wind Offshore,2026-09-15T13:30:34Z
2026-09-15T13:28:35Z,2026-09-15T15:28:35+0200,f560dd4e-bb34-4b12-a26c-2c44f5eb2814,2026-09-10T07:00:00Z,2026-09-10T09:00:00+0200,646.0,MW,DK2,DK_2,forecast_offshore_wind_generation,Wind Offshore,2026-09-15T13:30:34Z
2026-09-15T13:28:35Z,2026-09-15T15:28:35+0200,f560dd4e-bb34-4b12-a26c-2c44f5eb2814,2026-09-10T07:15:00Z,2026-09-10T09:15:00+0200,641.5,MW,DK2,DK_2,forecast_offshore_wind_generation,Wind Offshore,2026-09-15T13:30:34Z
2026-09-15T13:28:35Z,2026-09-15T15:28:35+0200,f560dd4e-bb34-4b12-a26c-2c44f5eb2814,2026-09-10T07:30:00Z,2026-09-10T09:30:00+0200,638.0,MW,DK2,DK_2,forecast_offshore_wind_generation,Wind Offshore,2026-09-15T13:30:34Z
2026-09-15T13:28:35Z,2026-09-15T15:28:35+0200,f560dd4e-bb34-4b12-a26c-2c44f5eb2814,2026-09-10T07:45:00Z,2026-09-10T09:45:00+0200,633.833333,MW,DK2,DK_2,forecast_offshore_wind_generation,Wind Offshore,2026-09-15T13:30:34Z
2026-09-15T13:28:35Z,2026-09-15T15:28:35+0200,f560dd4e-bb34-4b12-a26c-2c44f5eb2814,2026-09-10T08:00:00Z,2026-09-10T10:00:00+0200,628.0,MW,DK2,DK_2,forecast_offshore_wind_generation,Wind Offshore,2026-09-15T13:30:34Z
2026-09-15T13:28:35Z,2026-09-15T15:28:35+0200,f560dd4e-bb34-4b12-a26c-2c44f5eb2814,2026-09-10T08:15:00Z,2026-09-10T10:15:00+0200,622.833333,MW,DK2,DK_2,forecast_offshore_wind_generation,Wind Offshore,2026-09-15T13:30:34Z
2026-09-15T13:28:35Z,2026-09-15T15:28:35+0200,f560dd4e-bb34-4b12-a26c-2c44f5eb2814,2026-09-10T08:30:00Z,2026-09-10T10:30:00+0200,617.166666,MW,DK2,DK_2,forecast_offshore_wind_generation,Wind Offshore,2026-09-15T13:30:34Z
2026-09-15T13:28:35Z,2026-09-15T15:28:35+0200,f560dd4e-bb34-4b12-a26c-2c44f5eb2814,2026-09-10T08:45:00Z,2026-09-10T10:45:00+0200,612.0,MW,DK2,DK_2,forecast_offshore_wind_generation,Wind Offshore,2026-09-15T13:30:34Z
2026-09-15T13:28:35Z,2026-09-15T15:28:35+0200,f560dd4e-bb34-4b12-a26c-2c44f5eb2814,2026-09-10T09:00:00Z,2026-09-10T11:00:00+0200,605.833333,MW,DK2,DK_2,forecast_offshore_wind_generation,Wind Offshore,2026-09-15T13:30:34Z
2026-09-15T13:28:35Z,2026-09-15T15:28:35+0200,f560dd4e-bb34-4b12-a26c-2c44f5eb2814,2026-09-10T09:15:00Z,2026-09-10T11:15:00+0200,598.333333,MW,DK2,DK_2,forecast_offshore_wind_generation,Wind Offshore,2026-09-15T13:30:34Z
2026-09-15T13:28:35Z,2026-09-15T15:28:35+0200,f560dd4e-bb34-4b12-a26c-2c44f5eb2814,2026-09-10T09:30:00Z,2026-09-10T11:30:00+0200,589.5,MW,DK2,DK_2,forecast_offshore_wind_generation,Wind Offshore,2026-09-15T13:30:34Z
2026-09-15T13:28:35Z,2026-09-15T15:28:35+0200,f560dd4e-bb34-4b12-a26c-2c44f5eb2814,2026-09-10T09:45:00Z,2026-09-10T11:45:00+0200,581.0,MW,DK2,DK_2,forecast_offshore_wind_generation,Wind Offshore,2026-09-15T13:30:34Z
2026-09-15T13:28:35Z,2026-09-15T15:28:35+0200,f560dd4e-bb34-4b12-a26c-2c44f5eb2814,2026-09-10T10:00:00Z,2026-09-10T12:00:00+0200,573.0,MW,DK2,DK_2,forecast_offshore_wind_generation,Wind Offshore,2026-09-15T13:30:34Z
2026-09-15T13:28:35Z,2026-09-15T15:28:35+0200,f560dd4e-bb34-4b12-a26c-2c44f5eb2814,2026-09-10T10:15:00Z,2026-09-10T12:15:00+0200,564.5,MW,DK2,DK_2,forecast_offshore_wind_generation,Wind Offshore,2026-09-15T13:30:34Z
2026-09-15T13:28:35Z,2026-09-15T15:28:35+0200,f560dd4e-bb34-4b12-a26c-2c44f5eb2814,2026-09-10T10:30:00Z,2026-09-10T12:30:00+0200,555.666666,MW,DK2,DK_2,forecast_offshore_wind_generation,Wind Offshore,2026-09-15T13:30:34Z
2026-09-15T13:28:35Z,2026-09-15T15:28:35+0200,f560dd4e-bb34-4b12-a26c-2c44f5eb2814,2026-09-10T10:45:00Z,2026-09-10T12:45:00+0200,548.166666,MW,DK2,DK_2,forecast_offshore_wind_generation,Wind Offshore,2026-09-15T13:30:34Z
2026-09-15T13:28:35Z,2026-09-15T15:28:35+0200,f560dd4e-bb34-4b12-a26c-2c44f5eb2814,2026-09-10T11:00:00Z,2026-09-10T13:00:00+0200,542.0,MW,DK2,DK_2,forecast_offshore_wind_generation,Wind Offshore,2026-09-15T13:30:34Z
2026-09-15T13:28:35Z,2026-09-15T15:28:35+0200,f560dd4e-bb34-4b12-a26c-2c44f5eb2814,2026-09-10T11:15:00Z,2026-09-10T13:15:00+0200,536.0,MW,DK2,DK_2,forecast_offshore_wind_generation,Wind Offshore,2026-09-15T13:30:34Z
2026-09-15T13:28:35Z,2026-09-15T15:28:35+0200,f560dd4e-bb34-4b12-a26c-2c44f5eb2814,2026-09-10T11:30:00Z,2026-09-10T13:30:00+0200,531.0,MW,DK2,DK_2,forecast_offshore_wind_generation,Wind Offshore,2026-09-15T13:30:34Z
2026-09-15T13:28:35Z,2026-09-15T15:28:35+0200,f560dd4e-bb34-4b12-a26c-2c44f5eb2814,2026-09-10T11:45:00Z,2026-09-10T13:45:00+0200,527.0,MW,DK2,DK_2,forecast_offshore_wind_generation,Wind Offshore,2026-09-15T13:30:34Z
2026-09-15T13:28:35Z,2026-09-15T15:28:35+0200,f560dd4e-bb34-4b12-a26c-2c44f5eb2814,2026-09-10T12:00:00Z,2026-09-10T14:00:00+0200,524.166666,MW,DK2,DK_2,forecast_offshore_wind_generation,Wind Offshore,2026-09-15T13:30:34Z
2026-09-15T13:28:35Z,2026-09-15T15:28:35+0200,f560dd4e-bb34-4b12-a26c-2c44f5eb2814,2026-09-10T12:15:00Z,2026-09-10T14:15:00+0200,520.333333,MW,DK2,DK_2,forecast_offshore_wind_generation,Wind Offshore,2026-09-15T13:30:34Z
2026-09-15T13:28:35Z,2026-09-15T15:28:35+0200,f560dd4e-bb34-4b12-a26c-2c44f5eb2814,2026-09-10T12:30:00Z,2026-09-10T14:30:00+0200,516.5,MW,DK2,DK_2,forecast_offshore_wind_generation,Wind Offshore,2026-09-15T13:30:34Z
2026-09-15T13:28:35Z,2026-09-15T15:28:35+0200,f560dd4e-bb34-4b12-a26c-2c44f5eb2814,2026-09-10T12:45:00Z,2026-09-10T14:45:00+0200,512.666666,MW,DK2,DK_2,forecast_offshore_wind_generation,Wind Offshore,2026-09-15T13:30:34Z
2026-09-15T13:28:35Z,2026-09-15T15:28:35+0200,f560dd4e-bb34-4b12-a26c-2c44f5eb2814,2026-09-10T13:00:00Z,2026-09-10T15:00:00+0200,510.5,MW,DK2,DK_2,forecast_offshore_wind_generation,Wind Offshore,2026-09-15T13:30:34Z
2026-09-15T13:28:35Z,2026-09-15T15:28:35+0200,f560dd4e-bb34-4b12-a26c-2c44f5eb2814,2026-09-10T13:15:00Z,2026-09-10T15:15:00+0200,510.0,MW,DK2,DK_2,forecast_offshore_wind_generation,Wind Offshore,2026-09-15T13:30:34Z
2026-09-15T13:28:35Z,2026-09-15T15:28:35+0200,f560dd4e-bb34-4b12-a26c-2c44f5eb2814,2026-09-10T13:30:00Z,2026-09-10T15:30:00+0200,510.0,MW,DK2,DK_2,forecast_offshore_wind_generation,Wind Offshore,2026-09-15T13:30:34Z
2026-09-15T13:28:35Z,2026-09-15T15:28:35+0200,f560dd4e-bb34-4b12-a26c-2c44f5eb2814,2026-09-10T13:45:00Z,2026-09-10T15:45:00+0200,509.0,MW,DK2,DK_2,forecast_offshore_wind_generation,Wind Offshore,2026-09-15T13:30:34Z
2026-09-15T13:28:35Z,2026-09-15T15:28:35+0200,f560dd4e-bb34-4b12-a26c-2c44f5eb2814,2026-09-10T14:00:00Z,2026-09-10T16:00:00+0200,506.333333,MW,DK2,DK_2,forecast_offshore_wind_generation,Wind Offshore,2026-09-15T13:30:34Z
2026-09-15T13:28:35Z,2026-09-15T15:28:35+0200,f560dd4e-bb34-4b12-a26c-2c44f5eb2814,2026-09-10T14:15:00Z,2026-09-10T16:15:00+0200,502.0,MW,DK2,DK_2,forecast_offshore_wind_generation,Wind Offshore,2026-09-15T13:30:34Z
2026-09-15T13:28:35Z,2026-09-15T15:28:35+0200,f560dd4e-bb34-4b12-a26c-2c44f5eb2814,2026-09-10T14:30:00Z,2026-09-10T16:30:00+0200,497.0,MW,DK2,DK_2,forecast_offshore_wind_generation,Wind Offshore,2026-09-15T13:30:34Z
2026-09-15T13:28:35Z,2026-09-15T15:28:35+0200,f560dd4e-bb34-4b12-a26c-2c44f5eb2814,2026-09-10T14:45:00Z,2026-09-10T16:45:00+0200,491.833333,MW,DK2,DK_2,forecast_offshore_wind_generation,Wind Offshore,2026-09-15T13:30:34Z
2026-09-15T13:28:35Z,2026-09-15T15:28:35+0200,f560dd4e-bb34-4b12-a26c-2c44f5eb2814,2026-09-10T15:00:00Z,2026-09-10T17:00:00+0200,485.833333,MW,DK2,DK_2,forecast_offshore_wind_generation,Wind Offshore,2026-09-15T13:30:34Z
2026-09-15T13:28:35Z,2026-09-15T15:28:35+0200,f560dd4e-bb34-4b12-a26c-2c44f5eb2814,2026-09-10T15:15:00Z,2026-09-10T17:15:00+0200,476.0,MW,DK2,DK_2,forecast_offshore_wind_generation,Wind Offshore,2026-09-15T13:30:34Z
2026-09-15T13:28:35Z,2026-09-15T15:28:35+0200,f560dd4e-bb34-4b12-a26c-2c44f5eb2814,2026-09-10T15:30:00Z,2026-09-10T17:30:00+0200,463.5,MW,DK2,DK_2,forecast_offshore_wind_generation,Wind Offshore,2026-09-15T13:30:34Z
2026-09-15T13:28:35Z,2026-09-15T15:28:35+0200,f560dd4e-bb34-4b12-a26c-2c44f5eb2814,2026-09-10T15:45:00Z,2026-09-10T17:45:00+0200,449.666666,MW,DK2,DK_2,forecast_offshore_wind_generation,Wind Offshore,2026-09-15T13:30:34Z
2026-09-15T13:28:35Z,2026-09-15T15:28:35+0200,f560dd4e-bb34-4b12-a26c-2c44f5eb2814,2026-09-10T16:00:00Z,2026-09-10T18:00:00+0200,436.5,MW,DK2,DK_2,forecast_offshore_wind_generation,Wind Offshore,2026-09-15T13:30:34Z
2026-09-15T13:28:35Z,2026-09-15T15:28:35+0200,f560dd4e-bb34-4b12-a26c-2c44f5eb2814,2026-09-10T16:15:00Z,2026-09-10T18:15:00+0200,421.666666,MW,DK2,DK_2,forecast_offshore_wind_generation,Wind Offshore,2026-09-15T13:30:34Z
2026-09-15T13:28:35Z,2026-09-15T15:28:35+0200,f560dd4e-bb34-4b12-a26c-2c44f5eb2814,2026-09-10T16:30:00Z,2026-09-10T18:30:00+0200,406.0,MW,DK2,DK_2,forecast_offshore_wind_generation,Wind Offshore,2026-09-15T13:30:34Z
2026-09-15T13:28:35Z,2026-09-15T15:28:35+0200,f560dd4e-bb34-4b12-a26c-2c44f5eb2814,2026-09-10T16:45:00Z,2026-09-10T18:45:00+0200,389.5,MW,DK2,DK_2,forecast_offshore_wind_generation,Wind Offshore,2026-09-15T13:30:34Z
2026-09-15T13:28:35Z,2026-09-15T15:28:35+0200,f560dd4e-bb34-4b12-a26c-2c44f5eb2814,2026-09-10T17:00:00Z,2026-09-10T19:00:00+0200,372.333333,MW,DK2,DK_2,forecast_offshore_wind_generation,Wind Offshore,2026-09-15T13:30:34Z
2026-09-15T13:28:35Z,2026-09-15T15:28:35+0200,f560dd4e-bb34-4b12-a26c-2c44f5eb2814,2026-09-10T17:15:00Z,2026-09-10T19:15:00+0200,352.5,MW,DK2,DK_2,forecast_offshore_wind_generation,Wind Offshore,2026-09-15T13:30:34Z
2026-09-15T13:28:35Z,2026-09-15T15:28:35+0200,f560dd4e-bb34-4b12-a26c-2c44f5eb2814,2026-09-10T17:30:00Z,2026-09-10T19:30:00+0200,332.166666,MW,DK2,DK_2,forecast_offshore_wind_generation,Wind Offshore,2026-09-15T13:30:34Z
2026-09-15T13:28:35Z,2026-09-15T15:28:35+0200,f560dd4e-bb34-4b12-a26c-2c44f5eb2814,2026-09-10T17:45:00Z,2026-09-10T19:45:00+0200,316.166666,MW,DK2,DK_2,forecast_offshore_wind_generation,Wind Offshore,2026-09-15T13:30:34Z
2026-09-15T13:28:35Z,2026-09-15T15:28:35+0200,f560dd4e-bb34-4b12-a26c-2c44f5eb2814,2026-09-10T18:00:00Z,2026-09-10T20:00:00+0200,307.0,MW,DK2,DK_2,forecast_offshore_wind_generation,Wind Offshore,2026-09-15T13:30:34Z
2026-09-15T13:28:35Z,2026-09-15T15:28:35+0200,f560dd4e-bb34-4b12-a26c-2c44f5eb2814,2026-09-10T18:15:00Z,2026-09-10T20:15:00+0200,301.833333,MW,DK2,DK_2,forecast_offshore_wind_generation,Wind Offshore,2026-09-15T13:30:34Z
2026-09-15T13:28:35Z,2026-09-15T15:28:35+0200,f560dd4e-bb34-4b12-a26c-2c44f5eb2814,2026-09-10T18:30:00Z,2026-09-10T20:30:00+0200,300.5,MW,DK2,DK_2,forecast_offshore_wind_generation,Wind Offshore,2026-09-15T13:30:34Z
2026-09-15T13:28:35Z,2026-09-15T15:28:35+0200,f560dd4e-bb34-4b12-a26c-2c44f5eb2814,2026-09-10T18:45:00Z,2026-09-10T20:45:00+0200,298.5,MW,DK2,DK_2,forecast_offshore_wind_generation,Wind Offshore,2026-09-15T13:30:34Z
2026-09-15T13:28:35Z,2026-09-15T15:28:35+0200,f560dd4e-bb34-4b12-a26c-2c44f5eb2814,2026-09-10T19:00:00Z,2026-09-10T21:00:00+0200,295.333333,MW,DK2,DK_2,forecast_offshore_wind_generation,Wind Offshore,2026-09-15T13:30:34Z
2026-09-15T13:28:35Z,2026-09-15T15:28:35+0200,f560dd4e-bb34-4b12-a26c-2c44f5eb2814,2026-09-10T19:15:00Z,2026-09-10T21:15:00+0200,291.5,MW,DK2,DK_2,forecast_offshore_wind_generation,Wind Offshore,2026-09-15T13:30:34Z
2026-09-15T13:28:35Z,2026-09-15T15:28:35+0200,f560dd4e-bb34-4b12-a26c-2c44f5eb2814,2026-09-10T19:30:00Z,2026-09-10T21:30:00+0200,287.666666,MW,DK2,DK_2,forecast_offshore_wind_generation,Wind Offshore,2026-09-15T13:30:34Z
2026-09-15T13:28:35Z,2026-09-15T15:28:35+0200,f560dd4e-bb34-4b12-a26c-2c44f5eb2814,2026-09-10T19:45:00Z,2026-09-10T21:45:00+0200,283.5,MW,DK2,DK_2,forecast_offshore_wind_generation,Wind Offshore,2026-09-15T13:30:34Z
2026-09-15T13:28:35Z,2026-09-15T15:28:35+0200,f560dd4e-bb34-4b12-a26c-2c44f5eb2814,2026-09-10T20:00:00Z,2026-09-10T22:00:00+0200,279.0,MW,DK2,DK_2,forecast_offshore_wind_generation,Wind Offshore,2026-09-15T13:30:34Z
2026-09-15T13:28:35Z,2026-09-15T15:28:35+0200,f560dd4e-bb34-4b12-a26c-2c44f5eb2814,2026-09-10T20:15:00Z,2026-09-10T22:15:00+0200,274.0,MW,DK2,DK_2,forecast_offshore_wind_generation,Wind Offshore,2026-09-15T13:30:34Z
2026-09-15T13:28:35Z,2026-09-15T15:28:35+0200,f560dd4e-bb34-4b12-a26c-2c44f5eb2814,2026-09-10T20:30:00Z,2026-09-10T22:30:00+0200,268.0,MW,DK2,DK_2,forecast_offshore_wind_generation,Wind Offshore,2026-09-15T13:30:34Z
2026-09-15T13:28:35Z,2026-09-15T15:28:35+0200,f560dd4e-bb34-4b12-a26c-2c44f5eb2814,2026-09-10T20:45:00Z,2026-09-10T22:45:00+0200,262.833333,MW,DK2,DK_2,forecast_offshore_wind_generation,Wind Offshore,2026-09-15T13:30:34Z
2026-09-15T13:28:35Z,2026-09-15T15:28:35+0200,f560dd4e-bb34-4b12-a26c-2c44f5eb2814,2026-09-10T21:00:00Z,2026-09-10T23:00:00+0200,256.833333,MW,DK2,DK_2,forecast_offshore_wind_generation,Wind Offshore,2026-09-15T13:30:34Z
2026-09-15T13:28:35Z,2026-09-15T15:28:35+0200,f560dd4e-bb34-4b12-a26c-2c44f5eb2814,2026-09-10T21:15:00Z,2026-09-10T23:15:00+0200,248.0,MW,DK2,DK_2,forecast_offshore_wind_generation,Wind Offshore,2026-09-15T13:30:34Z
2026-09-15T13:28:35Z,2026-09-15T15:28:35+0200,f560dd4e-bb34-4b12-a26c-2c44f5eb2814,2026-09-10T21:30:00Z,2026-09-10T23:30:00+0200,237.666666,MW,DK2,DK_2,forecast_offshore_wind_generation,Wind Offshore,2026-09-15T13:30:34Z
2026-09-15T13:28:35Z,2026-09-15T15:28:35+0200,f560dd4e-bb34-4b12-a26c-2c44f5eb2814,2026-09-10T21:45:00Z,2026-09-10T23:45:00+0200,227.833333,MW,DK2,DK_2,forecast_offshore_wind_generation,Wind Offshore,2026-09-15T13:30:34Z
2026-09-15T13:28:35Z,2026-09-15T15:28:35+0200,f560dd4e-bb34-4b12-a26c-2c44f5eb2814,2026-09-10T22:00:00Z,2026-09-11T00:00:00+0200,147.0,MW,DK2,DK_2,forecast_offshore_wind_generation,Wind Offshore,2026-09-15T13:30:34Z
2026-09-15T13:28:35Z,2026-09-15T15:28:35+0200,f560dd4e-bb34-4b12-a26c-2c44f5eb2814,2026-09-10T22:15:00Z,2026-09-11T00:15:00+0200,142.666666,MW,DK2,DK_2,forecast_offshore_wind_generation,Wind Offshore,2026-09-15T13:30:34Z
2026-09-15T13:28:35Z,2026-09-15T15:28:35+0200,f560dd4e-bb34-4b12-a26c-2c44f5eb2814,2026-09-10T22:30:00Z,2026-09-11T00:30:00+0200,140.5,MW,DK2,DK_2,forecast_offshore_wind_generation,Wind Offshore,2026-09-15T13:30:34Z
2026-09-15T13:28:35Z,2026-09-15T15:28:35+0200,f560dd4e-bb34-4b12-a26c-2c44f5eb2814,2026-09-10T22:45:00Z,2026-09-11T00:45:00+0200,139.0,MW,DK2,DK_2,forecast_offshore_wind_generation,Wind Offshore,2026-09-15T13:30:34Z
2026-09-15T13:28:35Z,2026-09-15T15:28:35+0200,f560dd4e-bb34-4b12-a26c-2c44f5eb2814,2026-09-10T23:00:00Z,2026-09-11T01:00:00+0200,137.0,MW,DK2,DK_2,forecast_offshore_wind_generation,Wind Offshore,2026-09-15T13:30:34Z
2026-09-15T13:28:35Z,2026-09-15T15:28:35+0200,f560dd4e-bb34-4b12-a26c-2c44f5eb2814,2026-09-10T23:15:00Z,2026-09-11T01:15:00+0200,134.666666,MW,DK2,DK_2,forecast_offshore_wind_generation,Wind Offshore,2026-09-15T13:30:34Z
2026-09-15T13:28:35Z,2026-09-15T15:28:35+0200,f560dd4e-bb34-4b12-a26c-2c44f5eb2814,2026-09-10T23:30:00Z,2026-09-11T01:30:00+0200,132.5,MW,DK2,DK_2,forecast_offshore_wind_generation,Wind Offshore,2026-09-15T13:30:34Z
2026-09-15T13:28:35Z,2026-09-15T15:28:35+0200,f560dd4e-bb34-4b12-a26c-2c44f5eb2814,2026-09-10T23:45:00Z,2026-09-11T01:45:00+0200,130.333333,MW,DK2,DK_2,forecast_offshore_wind_generation,Wind Offshore,2026-09-15T13:30:34Z
2026-09-15T13:28:35Z,2026-09-15T15:28:35+0200,f560dd4e-bb34-4b12-a26c-2c44f5eb2814,2026-09-11T00:00:00Z,2026-09-11T02:00:00+0200,126.833333,MW,DK2,DK_2,forecast_offshore_wind_generation,Wind Offshore,2026-09-15T13:30:34Z
2026-09-15T13:28:35Z,2026-09-15T15:28:35+0200,f560dd4e-bb34-4b12-a26c-2c44f5eb2814,2026-09-11T00:15:00Z,2026-09-11T02:15:00+0200,120.5,MW,DK2,DK_2,forecast_offshore_wind_generation,Wind Offshore,2026-09-15T13:30:34Z
2026-09-15T13:28:35Z,2026-09-15T15:28:35+0200,f560dd4e-bb34-4b12-a26c-2c44f5eb2814,2026-09-11T00:30:00Z,2026-09-11T02:30:00+0200,113.333333,MW,DK2,DK_2,forecast_offshore_wind_generation,Wind Offshore,2026-09-15T13:30:34Z
2026-09-15T13:28:35Z,2026-09-15T15:28:35+0200,f560dd4e-bb34-4b12-a26c-2c44f5eb2814,2026-09-11T00:45:00Z,2026-09-11T02:45:00+0200,108.666666,MW,DK2,DK_2,forecast_offshore_wind_generation,Wind Offshore,2026-09-15T13:30:34Z
2026-09-15T13:28:35Z,2026-09-15T15:28:35+0200,f560dd4e-bb34-4b12-a26c-2c44f5eb2814,2026-09-11T01:00:00Z,2026-09-11T03:00:00+0200,107.0,MW,DK2,DK_2,forecast_offshore_wind_generation,Wind Offshore,2026-09-15T13:30:34Z
2026-09-15T13:28:35Z,2026-09-15T15:28:35+0200,f560dd4e-bb34-4b12-a26c-2c44f5eb2814,2026-09-11T01:15:00Z,2026-09-11T03:15:00+0200,107.0,MW,DK2,DK_2,forecast_offshore_wind_generation,Wind Offshore,2026-09-15T13:30:34Z
2026-09-15T13:28:35Z,2026-09-15T15:28:35+0200,f560dd4e-bb34-4b12-a26c-2c44f5eb2814,2026-09-11T01:30:00Z,2026-09-11T03:30:00+0200,107.0,MW,DK2,DK_2,forecast_offshore_wind_generation,Wind Offshore,2026-09-15T13:30:34Z
2026-09-15T13:28:35Z,2026-09-15T15:28:35+0200,f560dd4e-bb34-4b12-a26c-2c44f5eb2814,2026-09-11T01:45:00Z,2026-09-11T03:45:00+0200,108.0,MW,DK2,DK_2,forecast_offshore_wind_generation,Wind Offshore,2026-09-15T13:30:34Z
2026-09-15T13:28:35Z,2026-09-15T15:28:35+0200,f560dd4e-bb34-4b12-a26c-2c44f5eb2814,2026-09-11T02:00:00Z,2026-09-11T04:00:00+0200,109.666666,MW,DK2,DK_2,forecast_offshore_wind_generation,Wind Offshore,2026-09-15T13:30:34Z
2026-09-15T13:28:35Z,2026-09-15T15:28:35+0200,f560dd4e-bb34-4b12-a26c-2c44f5eb2814,2026-09-11T02:15:00Z,2026-09-11T04:15:00+0200,112.666666,MW,DK2,DK_2,forecast_offshore_wind_generation,Wind Offshore,2026-09-15T13:30:34Z
2026-09-15T13:28:35Z,2026-09-15T15:28:35+0200,f560dd4e-bb34-4b12-a26c-2c44f5eb2814,2026-09-11T02:30:00Z,2026-09-11T04:30:00+0200,117.166666,MW,DK2,DK_2,forecast_offshore_wind_generation,Wind Offshore,2026-09-15T13:30:34Z
2026-09-15T13:28:35Z,2026-09-15T15:28:35+0200,f560dd4e-bb34-4b12-a26c-2c44f5eb2814,2026-09-11T02:45:00Z,2026-09-11T04:45:00+0200,122.0,MW,DK2,DK_2,forecast_offshore_wind_generation,Wind Offshore,2026-09-15T13:30:34Z
2026-09-15T13:28:35Z,2026-09-15T15:28:35+0200,f560dd4e-bb34-4b12-a26c-2c44f5eb2814,2026-09-11T03:00:00Z,2026-09-11T05:00:00+0200,126.5,MW,DK2,DK_2,forecast_offshore_wind_generation,Wind Offshore,2026-09-15T13:30:34Z
2026-09-15T13:28:35Z,2026-09-15T15:28:35+0200,f560dd4e-bb34-4b12-a26c-2c44f5eb2814,2026-09-11T03:15:00Z,2026-09-11T05:15:00+0200,131.5,MW,DK2,DK_2,forecast_offshore_wind_generation,Wind Offshore,2026-09-15T13:30:34Z
2026-09-15T13:28:35Z,2026-09-15T15:28:35+0200,f560dd4e-bb34-4b12-a26c-2c44f5eb2814,2026-09-11T03:30:00Z,2026-09-11T05:30:00+0200,136.833333,MW,DK2,DK_2,forecast_offshore_wind_generation,Wind Offshore,2026-09-15T13:30:34Z
2026-09-15T13:28:35Z,2026-09-15T15:28:35+0200,f560dd4e-bb34-4b12-a26c-2c44f5eb2814,2026-09-11T03:45:00Z,2026-09-11T05:45:00+0200,142.0,MW,DK2,DK_2,forecast_offshore_wind_generation,Wind Offshore,2026-09-15T13:30:34Z
2026-09-15T13:28:35Z,2026-09-15T15:28:35+0200,f560dd4e-bb34-4b12-a26c-2c44f5eb2814,2026-09-11T04:00:00Z,2026-09-11T06:00:00+0200,148.166666,MW,DK2,DK_2,forecast_offshore_wind_generation,Wind Offshore,2026-09-15T13:30:34Z
2026-09-15T13:28:35Z,2026-09-15T15:28:35+0200,f560dd4e-bb34-4b12-a26c-2c44f5eb2814,2026-09-11T04:15:00Z,2026-09-11T06:15:00+0200,155.0,MW,DK2,DK_2,forecast_offshore_wind_generation,Wind Offshore,2026-09-15T13:30:34Z
2026-09-15T13:28:35Z,2026-09-15T15:28:35+0200,f560dd4e-bb34-4b12-a26c-2c44f5eb2814,2026-09-11T04:30:00Z,2026-09-11T06:30:00+0200,161.0,MW,DK2,DK_2,forecast_offshore_wind_generation,Wind Offshore,2026-09-15T13:30:34Z
2026-09-15T13:28:35Z,2026-09-15T15:28:35+0200,f560dd4e-bb34-4b12-a26c-2c44f5eb2814,2026-09-11T04:45:00Z,2026-09-11T06:45:00+0200,166.5,MW,DK2,DK_2,forecast_offshore_wind_generation,Wind Offshore,2026-09-15T13:30:34Z
2026-09-15T13:28:35Z,2026-09-15T15:28:35+0200,f560dd4e-bb34-4b12-a26c-2c44f5eb2814,2026-09-11T05:00:00Z,2026-09-11T07:00:00+0200,172.0,MW,DK2,DK_2,forecast_offshore_wind_generation,Wind Offshore,2026-09-15T13:30:34Z
2026-09-15T13:28:35Z,2026-09-15T15:28:35+0200,f560dd4e-bb34-4b12-a26c-2c44f5eb2814,2026-09-11T05:15:00Z,2026-09-11T07:15:00+0200,178.5,MW,DK2,DK_2,forecast_offshore_wind_generation,Wind Offshore,2026-09-15T13:30:34Z
2026-09-15T13:28:35Z,2026-09-15T15:28:35+0200,f560dd4e-bb34-4b12-a26c-2c44f5eb2814,2026-09-11T05:30:00Z,2026-09-11T07:30:00+0200,185.0,MW,DK2,DK_2,forecast_offshore_wind_generation,Wind Offshore,2026-09-15T13:30:34Z
2026-09-15T13:28:35Z,2026-09-15T15:28:35+0200,f560dd4e-bb34-4b12-a26c-2c44f5eb2814,2026-09-11T05:45:00Z,2026-09-11T07:45:00+0200,190.333333,MW,DK2,DK_2,forecast_offshore_wind_generation,Wind Offshore,2026-09-15T13:30:34Z
2026-09-15T13:28:35Z,2026-09-15T15:28:35+0200,f560dd4e-bb34-4b12-a26c-2c44f5eb2814,2026-09-11T06:00:00Z,2026-09-11T08:00:00+0200,192.833333,MW,DK2,DK_2,forecast_offshore_wind_generation,Wind Offshore,2026-09-15T13:30:34Z
2026-09-15T13:28:35Z,2026-09-15T15:28:35+0200,f560dd4e-bb34-4b12-a26c-2c44f5eb2814,2026-09-11T06:15:00Z,2026-09-11T08:15:00+0200,193.0,MW,DK2,DK_2,forecast_offshore_wind_generation,Wind Offshore,2026-09-15T13:30:34Z
2026-09-15T13:28:35Z,2026-09-15T15:28:35+0200,f560dd4e-bb34-4b12-a26c-2c44f5eb2814,2026-09-11T06:30:00Z,2026-09-11T08:30:00+0200,193.0,MW,DK2,DK_2,forecast_offshore_wind_generation,Wind Offshore,2026-09-15T13:30:34Z
2026-09-15T13:28:35Z,2026-09-15T15:28:35+0200,f560dd4e-bb34-4b12-a26c-2c44f5eb2814,2026-09-11T06:45:00Z,2026-09-11T08:45:00+0200,194.0,MW,DK2,DK_2,forecast_offshore_wind_generation,Wind Offshore,2026-09-15T13:30:34Z
2026-09-15T13:28:35Z,2026-09-15T15:28:35+0200,f560dd4e-bb34-4b12-a26c-2c44f5eb2814,2026-09-11T07:00:00Z,2026-09-11T09:00:00+0200,197.5,MW,DK2,DK_2,forecast_offshore_wind_generation,Wind Offshore,2026-09-15T13:30:34Z
2026-09-15T13:28:35Z,2026-09-15T15:28:35+0200,f560dd4e-bb34-4b12-a26c-2c44f5eb2814,2026-09-11T07:15:00Z,2026-09-11T09:15:00+0200,207.333333,MW,DK2,DK_2,forecast_offshore_wind_generation,Wind Offshore,2026-09-15T13:30:34Z
2026-09-15T13:28:35Z,2026-09-15T15:28:35+0200,f560dd4e-bb34-4b12-a26c-2c44f5eb2814,2026-09-11T07:30:00Z,2026-09-11T09:30:00+0200,220.666666,MW,DK2,DK_2,forecast_offshore_wind_generation,Wind Offshore,2026-09-15T13:30:34Z
2026-09-15T13:28:35Z,2026-09-15T15:28:35+0200,f560dd4e-bb34-4b12-a26c-2c44f5eb2814,2026-09-11T07:45:00Z,2026-09-11T09:45:00+0200,234.666666,MW,DK2,DK_2,forecast_offshore_wind_generation,Wind Offshore,2026-09-15T13:30:34Z
2026-09-15T13:28:35Z,2026-09-15T15:28:35+0200,f560dd4e-bb34-4b12-a26c-2c44f5eb2814,2026-09-11T08:00:00Z,2026-09-11T10:00:00+0200,243.5,MW,DK2,DK_2,forecast_offshore_wind_generation,Wind Offshore,2026-09-15T13:30:34Z
2026-09-15T13:28:35Z,2026-09-15T15:28:35+0200,f560dd4e-bb34-4b12-a26c-2c44f5eb2814,2026-09-11T08:15:00Z,2026-09-11T10:15:00+0200,249.833333,MW,DK2,DK_2,forecast_offshore_wind_generation,Wind Offshore,2026-09-15T13:30:34Z
2026-09-15T13:28:35Z,2026-09-15T15:28:35+0200,f560dd4e-bb34-4b12-a26c-2c44f5eb2814,2026-09-11T08:30:00Z,2026-09-11T10:30:00+0200,254.0,MW,DK2,DK_2,forecast_offshore_wind_generation,Wind Offshore,2026-09-15T13:30:34Z
2026-09-15T13:28:35Z,2026-09-15T15:28:35+0200,f560dd4e-bb34-4b12-a26c-2c44f5eb2814,2026-09-11T08:45:00Z,2026-09-11T10:45:00+0200,256.833333,MW,DK2,DK_2,forecast_offshore_wind_generation,Wind Offshore,2026-09-15T13:30:34Z
2026-09-15T13:28:35Z,2026-09-15T15:28:35+0200,f560dd4e-bb34-4b12-a26c-2c44f5eb2814,2026-09-11T09:00:00Z,2026-09-11T11:00:00+0200,255.5,MW,DK2,DK_2,forecast_offshore_wind_generation,Wind Offshore,2026-09-15T13:30:34Z
2026-09-15T13:28:35Z,2026-09-15T15:28:35+0200,f560dd4e-bb34-4b12-a26c-2c44f5eb2814,2026-09-11T09:15:00Z,2026-09-11T11:15:00+0200,250.166666,MW,DK2,DK_2,forecast_offshore_wind_generation,Wind Offshore,2026-09-15T13:30:34Z
2026-09-15T13:28:35Z,2026-09-15T15:28:35+0200,f560dd4e-bb34-4b12-a26c-2c44f5eb2814,2026-09-11T09:30:00Z,2026-09-11T11:30:00+0200,243.166666,MW,DK2,DK_2,forecast_offshore_wind_generation,Wind Offshore,2026-09-15T13:30:34Z
2026-09-15T13:28:35Z,2026-09-15T15:28:35+0200,f560dd4e-bb34-4b12-a26c-2c44f5eb2814,2026-09-11T09:45:00Z,2026-09-11T11:45:00+0200,237.666666,MW,DK2,DK_2,forecast_offshore_wind_generation,Wind Offshore,2026-09-15T13:30:34Z
2026-09-15T13:28:35Z,2026-09-15T15:28:35+0200,f560dd4e-bb34-4b12-a26c-2c44f5eb2814,2026-09-11T10:00:00Z,2026-09-11T12:00:00+0200,235.166666,MW,DK2,DK_2,forecast_offshore_wind_generation,Wind Offshore,2026-09-15T13:30:34Z
2026-09-15T13:28:35Z,2026-09-15T15:28:35+0200,f560dd4e-bb34-4b12-a26c-2c44f5eb2814,2026-09-11T10:15:00Z,2026-09-11T12:15:00+0200,235.0,MW,DK2,DK_2,forecast_offshore_wind_generation,Wind Offshore,2026-09-15T13:30:34Z
2026-09-15T13:28:35Z,2026-09-15T15:28:35+0200,f560dd4e-bb34-4b12-a26c-2c44f5eb2814,2026-09-11T10:30:00Z,2026-09-11T12:30:00+0200,234.166666,MW,DK2,DK_2,forecast_offshore_wind_generation,Wind Offshore,2026-09-15T13:30:34Z
2026-09-15T13:28:35Z,2026-09-15T15:28:35+0200,f560dd4e-bb34-4b12-a26c-2c44f5eb2814,2026-09-11T10:45:00Z,2026-09-11T12:45:00+0200,233.0,MW,DK2,DK_2,forecast_offshore_wind_generation,Wind Offshore,2026-09-15T13:30:34Z
2026-09-15T13:28:35Z,2026-09-15T15:28:35+0200,f560dd4e-bb34-4b12-a26c-2c44f5eb2814,2026-09-11T11:00:00Z,2026-09-11T13:00:00+0200,229.5,MW,DK2,DK_2,forecast_offshore_wind_generation,Wind Offshore,2026-09-15T13:30:34Z
2026-09-15T13:28:35Z,2026-09-15T15:28:35+0200,f560dd4e-bb34-4b12-a26c-2c44f5eb2814,2026-09-11T11:15:00Z,2026-09-11T13:15:00+0200,224.833333,MW,DK2,DK_2,forecast_offshore_wind_generation,Wind Offshore,2026-09-15T13:30:34Z
2026-09-15T13:28:35Z,2026-09-15T15:28:35+0200,f560dd4e-bb34-4b12-a26c-2c44f5eb2814,2026-09-11T11:30:00Z,2026-09-11T13:30:00+0200,219.833333,MW,DK2,DK_2,forecast_offshore_wind_generation,Wind Offshore,2026-09-15T13:30:34Z
2026-09-15T13:28:35Z,2026-09-15T15:28:35+0200,f560dd4e-bb34-4b12-a26c-2c44f5eb2814,2026-09-11T11:45:00Z,2026-09-11T13:45:00+0200,213.5,MW,DK2,DK_2,forecast_offshore_wind_generation,Wind Offshore,2026-09-15T13:30:34Z
2026-09-15T13:28:35Z,2026-09-15T15:28:35+0200,f560dd4e-bb34-4b12-a26c-2c44f5eb2814,2026-09-11T12:00:00Z,2026-09-11T14:00:00+0200,206.166666,MW,DK2,DK_2,forecast_offshore_wind_generation,Wind Offshore,2026-09-15T13:30:34Z
2026-09-15T13:28:35Z,2026-09-15T15:28:35+0200,f560dd4e-bb34-4b12-a26c-2c44f5eb2814,2026-09-11T12:15:00Z,2026-09-11T14:15:00+0200,195.833333,MW,DK2,DK_2,forecast_offshore_wind_generation,Wind Offshore,2026-09-15T13:30:34Z
2026-09-15T13:28:35Z,2026-09-15T15:28:35+0200,f560dd4e-bb34-4b12-a26c-2c44f5eb2814,2026-09-11T12:30:00Z,2026-09-11T14:30:00+0200,184.166666,MW,DK2,DK_2,forecast_offshore_wind_generation,Wind Offshore,2026-09-15T13:30:34Z
2026-09-15T13:28:35Z,2026-09-15T15:28:35+0200,f560dd4e-bb34-4b12-a26c-2c44f5eb2814,2026-09-11T12:45:00Z,2026-09-11T14:45:00+0200,174.166666,MW,DK2,DK_2,forecast_offshore_wind_generation,Wind Offshore,2026-09-15T13:30:34Z
2026-09-15T13:28:35Z,2026-09-15T15:28:35+0200,f560dd4e-bb34-4b12-a26c-2c44f5eb2814,2026-09-11T13:00:00Z,2026-09-11T15:00:00+0200,167.666666,MW,DK2,DK_2,forecast_offshore_wind_generation,Wind Offshore,2026-09-15T13:30:34Z
2026-09-15T13:28:35Z,2026-09-15T15:28:35+0200,f560dd4e-bb34-4b12-a26c-2c44f5eb2814,2026-09-11T13:15:00Z,2026-09-11T15:15:00+0200,166.5,MW,DK2,DK_2,forecast_offshore_wind_generation,Wind Offshore,2026-09-15T13:30:34Z
2026-09-15T13:28:35Z,2026-09-15T15:28:35+0200,f560dd4e-bb34-4b12-a26c-2c44f5eb2814,2026-09-11T13:30:00Z,2026-09-11T15:30:00+0200,168.333333,MW,DK2,DK_2,forecast_offshore_wind_generation,Wind Offshore,2026-09-15T13:30:34Z
2026-09-15T13:28:35Z,2026-09-15T15:28:35+0200,f560dd4e-bb34-4b12-a26c-2c44f5eb2814,2026-09-11T13:45:00Z,2026-09-11T15:45:00+0200,168.333333,MW,DK2,DK_2,forecast_offshore_wind_generation,Wind Offshore,2026-09-15T13:30:34Z
2026-09-15T13:28:35Z,2026-09-15T15:28:35+0200,f560dd4e-bb34-4b12-a26c-2c44f5eb2814,2026-09-11T14:00:00Z,2026-09-11T16:00:00+0200,163.5,MW,DK2,DK_2,forecast_offshore_wind_generation,Wind Offshore,2026-09-15T13:30:34Z
2026-09-15T13:28:35Z,2026-09-15T15:28:35+0200,f560dd4e-bb34-4b12-a26c-2c44f5eb2814,2026-09-11T14:15:00Z,2026-09-11T16:15:00+0200,154.5,MW,DK2,DK_2,forecast_offshore_wind_generation,Wind Offshore,2026-09-15T13:30:34Z
2026-09-15T13:28:35Z,2026-09-15T15:28:35+0200,f560dd4e-bb34-4b12-a26c-2c44f5eb2814,2026-09-11T14:30:00Z,2026-09-11T16:30:00+0200,143.166666,MW,DK2,DK_2,forecast_offshore_wind_generation,Wind Offshore,2026-09-15T13:30:34Z
2026-09-15T13:28:35Z,2026-09-15T15:28:35+0200,f560dd4e-bb34-4b12-a26c-2c44f5eb2814,2026-09-11T14:45:00Z,2026-09-11T16:45:00+0200,132.666666,MW,DK2,DK_2,forecast_offshore_wind_generation,Wind Offshore,2026-09-15T13:30:34Z
2026-09-15T13:28:35Z,2026-09-15T15:28:35+0200,f560dd4e-bb34-4b12-a26c-2c44f5eb2814,2026-09-11T15:00:00Z,2026-09-11T17:00:00+0200,123.333333,MW,DK2,DK_2,forecast_offshore_wind_generation,Wind Offshore,2026-09-15T13:30:34Z
2026-09-15T13:28:35Z,2026-09-15T15:28:35+0200,f560dd4e-bb34-4b12-a26c-2c44f5eb2814,2026-09-11T15:15:00Z,2026-09-11T17:15:00+0200,113.333333,MW,DK2,DK_2,forecast_offshore_wind_generation,Wind Offshore,2026-09-15T13:30:34Z
2026-09-15T13:28:35Z,2026-09-15T15:28:35+0200,f560dd4e-bb34-4b12-a26c-2c44f5eb2814,2026-09-11T15:30:00Z,2026-09-11T17:30:00+0200,103.666666,MW,DK2,DK_2,forecast_offshore_wind_generation,Wind Offshore,2026-09-15T13:30:34Z
2026-09-15T13:28:35Z,2026-09-15T15:28:35+0200,f560dd4e-bb34-4b12-a26c-2c44f5eb2814,2026-09-11T15:45:00Z,2026-09-11T17:45:00+0200,96.333333,MW,DK2,DK_2,forecast_offshore_wind_generation,Wind Offshore,2026-09-15T13:30:34Z
2026-09-15T13:28:35Z,2026-09-15T15:28:35+0200,f560dd4e-bb34-4b12-a26c-2c44f5eb2814,2026-09-11T16:00:00Z,2026-09-11T18:00:00+0200,91.5,MW,DK2,DK_2,forecast_offshore_wind_generation,Wind Offshore,2026-09-15T13:30:34Z
2026-09-15T13:28:35Z,2026-09-15T15:28:35+0200,f560dd4e-bb34-4b12-a26c-2c44f5eb2814,2026-09-11T16:15:00Z,2026-09-11T18:15:00+0200,85.5,MW,DK2,DK_2,forecast_offshore_wind_generation,Wind Offshore,2026-09-15T13:30:34Z
2026-09-15T13:28:35Z,2026-09-15T15:28:35+0200,f560dd4e-bb34-4b12-a26c-2c44f5eb2814,2026-09-11T16:30:00Z,2026-09-11T18:30:00+0200,80.5,MW,DK2,DK_2,forecast_offshore_wind_generation,Wind Offshore,2026-09-15T13:30:34Z
2026-09-15T13:28:35Z,2026-09-15T15:28:35+0200,f560dd4e-bb34-4b12-a26c-2c44f5eb2814,2026-09-11T16:45:00Z,2026-09-11T18:45:00+0200,78.5,MW,DK2,DK_2,forecast_offshore_wind_generation,Wind Offshore,2026-09-15T13:30:34Z
2026-09-15T13:28:35Z,2026-09-15T15:28:35+0200,f560dd4e-bb34-4b12-a26c-2c44f5eb2814,2026-09-11T17:00:00Z,2026-09-11T19:00:00+0200,78.833333,MW,DK2,DK_2,forecast_offshore_wind_generation,Wind Offshore,2026-09-15T13:30:34Z
2026-09-15T13:28:35Z,2026-09-15T15:28:35+0200,f560dd4e-bb34-4b12-a26c-2c44f5eb2814,2026-09-11T17:15:00Z,2026-09-11T19:15:00+0200,80.333333,MW,DK2,DK_2,forecast_offshore_wind_generation,Wind Offshore,2026-09-15T13:30:34Z
2026-09-15T13:28:35Z,2026-09-15T15:28:35+0200,f560dd4e-bb34-4b12-a26c-2c44f5eb2814,2026-09-11T17:30:00Z,2026-09-11T19:30:00+0200,82.5,MW,DK2,DK_2,forecast_offshore_wind_generation,Wind Offshore,2026-09-15T13:30:34Z
2026-09-15T13:28:35Z,2026-09-15T15:28:35+0200,f560dd4e-bb34-4b12-a26c-2c44f5eb2814,2026-09-11T17:45:00Z,2026-09-11T19:45:00+0200,85.5,MW,DK2,DK_2,forecast_offshore_wind_generation,Wind Offshore,2026-09-15T13:30:34Z
2026-09-15T13:28:35Z,2026-09-15T15:28:35+0200,f560dd4e-bb34-4b12-a26c-2c44f5eb2814,2026-09-11T18:00:00Z,2026-09-11T20:00:00+0200,87.833333,MW,DK2,DK_2,forecast_offshore_wind_generation,Wind Offshore,2026-09-15T13:30:34Z
2026-09-15T13:28:35Z,2026-09-15T15:28:35+0200,f560dd4e-bb34-4b12-a26c-2c44f5eb2814,2026-09-11T18:15:00Z,2026-09-11T20:15:00+0200,87.833333,MW,DK2,DK_2,forecast_offshore_wind_generation,Wind Offshore,2026-09-15T13:30:34Z
2026-09-15T13:28:35Z,2026-09-15T15:28:35+0200,f560dd4e-bb34-4b12-a26c-2c44f5eb2814,2026-09-11T18:30:00Z,2026-09-11T20:30:00+0200,87.5,MW,DK2,DK_2,forecast_offshore_wind_generation,Wind Offshore,2026-09-15T13:30:34Z
2026-09-15T13:28:35Z,2026-09-15T15:28:35+0200,f560dd4e-bb34-4b12-a26c-2c44f5eb2814,2026-09-11T18:45:00Z,2026-09-11T20:45:00+0200,89.666666,MW,DK2,DK_2,forecast_offshore_wind_generation,Wind Offshore,2026-09-15T13:30:34Z
2026-09-15T13:28:35Z,2026-09-15T15:28:35+0200,f560dd4e-bb34-4b12-a26c-2c44f5eb2814,2026-09-11T19:00:00Z,2026-09-11T21:00:00+0200,93.5,MW,DK2,DK_2,forecast_offshore_wind_generation,Wind Offshore,2026-09-15T13:30:34Z
2026-09-15T13:28:35Z,2026-09-15T15:28:35+0200,f560dd4e-bb34-4b12-a26c-2c44f5eb2814,2026-09-11T19:15:00Z,2026-09-11T21:15:00+0200,97.0,MW,DK2,DK_2,forecast_offshore_wind_generation,Wind Offshore,2026-09-15T13:30:34Z
2026-09-15T13:28:35Z,2026-09-15T15:28:35+0200,f560dd4e-bb34-4b12-a26c-2c44f5eb2814,2026-09-11T19:30:00Z,2026-09-11T21:30:00+0200,101.166666,MW,DK2,DK_2,forecast_offshore_wind_generation,Wind Offshore,2026-09-15T13:30:34Z
2026-09-15T13:28:35Z,2026-09-15T15:28:35+0200,f560dd4e-bb34-4b12-a26c-2c44f5eb2814,2026-09-11T19:45:00Z,2026-09-11T21:45:00+0200,107.0,MW,DK2,DK_2,forecast_offshore_wind_generation,Wind Offshore,2026-09-15T13:30:34Z
2026-09-15T13:28:35Z,2026-09-15T15:28:35+0200,f560dd4e-bb34-4b12-a26c-2c44f5eb2814,2026-09-11T20:00:00Z,2026-09-11T22:00:00+0200,114.5,MW,DK2,DK_2,forecast_offshore_wind_generation,Wind Offshore,2026-09-15T13:30:34Z
2026-09-15T13:28:35Z,2026-09-15T15:28:35+0200,f560dd4e-bb34-4b12-a26c-2c44f5eb2814,2026-09-11T20:15:00Z,2026-09-11T22:15:00+0200,125.0,MW,DK2,DK_2,forecast_offshore_wind_generation,Wind Offshore,2026-09-15T13:30:34Z
2026-09-15T13:28:35Z,2026-09-15T15:28:35+0200,f560dd4e-bb34-4b12-a26c-2c44f5eb2814,2026-09-11T20:30:00Z,2026-09-11T22:30:00+0200,136.333333,MW,DK2,DK_2,forecast_offshore_wind_generation,Wind Offshore,2026-09-15T13:30:34Z
2026-09-15T13:28:35Z,2026-09-15T15:28:35+0200,f560dd4e-bb34-4b12-a26c-2c44f5eb2814,2026-09-11T20:45:00Z,2026-09-11T22:45:00+0200,144.666666,MW,DK2,DK_2,forecast_offshore_wind_generation,Wind Offshore,2026-09-15T13:30:34Z
2026-09-15T13:28:35Z,2026-09-15T15:28:35+0200,f560dd4e-bb34-4b12-a26c-2c44f5eb2814,2026-09-11T21:00:00Z,2026-09-11T23:00:00+0200,147.833333,MW,DK2,DK_2,forecast_offshore_wind_generation,Wind Offshore,2026-09-15T13:30:34Z
2026-09-15T13:28:35Z,2026-09-15T15:28:35+0200,f560dd4e-bb34-4b12-a26c-2c44f5eb2814,2026-09-11T21:15:00Z,2026-09-11T23:15:00+0200,147.833333,MW,DK2,DK_2,forecast_offshore_wind_generation,Wind Offshore,2026-09-15T13:30:34Z
2026-09-15T13:28:35Z,2026-09-15T15:28:35+0200,f560dd4e-bb34-4b12-a26c-2c44f5eb2814,2026-09-11T21:30:00Z,2026-09-11T23:30:00+0200,146.5,MW,DK2,DK_2,forecast_offshore_wind_generation,Wind Offshore,2026-09-15T13:30:34Z
2026-09-15T13:28:35Z,2026-09-15T15:28:35+0200,f560dd4e-bb34-4b12-a26c-2c44f5eb2814,2026-09-11T21:45:00Z,2026-09-11T23:45:00+0200,145.166666,MW,DK2,DK_2,forecast_offshore_wind_generation,Wind Offshore,2026-09-15T13:30:34Z
2026-09-15T13:28:35Z,2026-09-15T15:28:35+0200,f560dd4e-bb34-4b12-a26c-2c44f5eb2814,2026-09-11T22:00:00Z,2026-09-12T00:00:00+0200,108.166666,MW,DK2,DK_2,forecast_offshore_wind_generation,Wind Offshore,2026-09-15T13:30:34Z
2026-09-15T13:28:35Z,2026-09-15T15:28:35+0200,f560dd4e-bb34-4b12-a26c-2c44f5eb2814,2026-09-11T22:15:00Z,2026-09-12T00:15:00+0200,112.333333,MW,DK2,DK_2,forecast_offshore_wind_generation,Wind Offshore,2026-09-15T13:30:34Z
2026-09-15T13:28:35Z,2026-09-15T15:28:35+0200,f560dd4e-bb34-4b12-a26c-2c44f5eb2814,2026-09-11T22:30:00Z,2026-09-12T00:30:00+0200,119.666666,MW,DK2,DK_2,forecast_offshore_wind_generation,Wind Offshore,2026-09-15T13:30:34Z
2026-09-15T13:28:35Z,2026-09-15T15:28:35+0200,f560dd4e-bb34-4b12-a26c-2c44f5eb2814,2026-09-11T22:45:00Z,2026-09-12T00:45:00+0200,127.0,MW,DK2,DK_2,forecast_offshore_wind_generation,Wind Offshore,2026-09-15T13:30:34Z
2026-09-15T13:28:35Z,2026-09-15T15:28:35+0200,f560dd4e-bb34-4b12-a26c-2c44f5eb2814,2026-09-11T23:00:00Z,2026-09-12T01:00:00+0200,133.0,MW,DK2,DK_2,forecast_offshore_wind_generation,Wind Offshore,2026-09-15T13:30:34Z
2026-09-15T13:28:35Z,2026-09-15T15:28:35+0200,f560dd4e-bb34-4b12-a26c-2c44f5eb2814,2026-09-11T23:15:00Z,2026-09-12T01:15:00+0200,139.166666,MW,DK2,DK_2,forecast_offshore_wind_generation,Wind Offshore,2026-09-15T13:30:34Z
2026-09-15T13:28:35Z,2026-09-15T15:28:35+0200,f560dd4e-bb34-4b12-a26c-2c44f5eb2814,2026-09-11T23:30:00Z,2026-09-12T01:30:00+0200,146.0,MW,DK2,DK_2,forecast_offshore_wind_generation,Wind Offshore,2026-09-15T13:30:34Z
2026-09-15T13:28:35Z,2026-09-15T15:28:35+0200,f560dd4e-bb34-4b12-a26c-2c44f5eb2814,2026-09-11T23:45:00Z,2026-09-12T01:45:00+0200,150.333333,MW,DK2,DK_2,forecast_offshore_wind_generation,Wind Offshore,2026-09-15T13:30:34Z
2026-09-15T13:28:35Z,2026-09-15T15:28:35+0200,f560dd4e-bb34-4b12-a26c-2c44f5eb2814,2026-09-12T00:00:00Z,2026-09-12T02:00:00+0200,150.333333,MW,DK2,DK_2,forecast_offshore_wind_generation,Wind Offshore,2026-09-15T13:30:34Z
2026-09-15T13:28:35Z,2026-09-15T15:28:35+0200,f560dd4e-bb34-4b12-a26c-2c44f5eb2814,2026-09-12T00:15:00Z,2026-09-12T02:15:00+0200,147.333333,MW,DK2,DK_2,forecast_offshore_wind_generation,Wind Offshore,2026-09-15T13:30:34Z
2026-09-15T13:28:35Z,2026-09-15T15:28:35+0200,f560dd4e-bb34-4b12-a26c-2c44f5eb2814,2026-09-12T00:30:00Z,2026-09-12T02:30:00+0200,143.0,MW,DK2,DK_2,forecast_offshore_wind_generation,Wind Offshore,2026-09-15T13:30:34Z
2026-09-15T13:28:35Z,2026-09-15T15:28:35+0200,f560dd4e-bb34-4b12-a26c-2c44f5eb2814,2026-09-12T00:45:00Z,2026-09-12T02:45:00+0200,139.666666,MW,DK2,DK_2,forecast_offshore_wind_generation,Wind Offshore,2026-09-15T13:30:34Z
2026-09-15T13:28:35Z,2026-09-15T15:28:35+0200,f560dd4e-bb34-4b12-a26c-2c44f5eb2814,2026-09-12T01:00:00Z,2026-09-12T03:00:00+0200,139.0,MW,DK2,DK_2,forecast_offshore_wind_generation,Wind Offshore,2026-09-15T13:30:34Z
2026-09-15T13:28:35Z,2026-09-15T15:28:35+0200,f560dd4e-bb34-4b12-a26c-2c44f5eb2814,2026-09-12T01:15:00Z,2026-09-12T03:15:00+0200,139.833333,MW,DK2,DK_2,forecast_offshore_wind_generation,Wind Offshore,2026-09-15T13:30:34Z
2026-09-15T13:28:35Z,2026-09-15T15:28:35+0200,f560dd4e-bb34-4b12-a26c-2c44f5eb2814,2026-09-12T01:30:00Z,2026-09-12T03:30:00+0200,140.166666,MW,DK2,DK_2,forecast_offshore_wind_generation,Wind Offshore,2026-09-15T13:30:34Z
2026-09-15T13:28:35Z,2026-09-15T15:28:35+0200,f560dd4e-bb34-4b12-a26c-2c44f5eb2814,2026-09-12T01:45:00Z,2026-09-12T03:45:00+0200,141.0,MW,DK2,DK_2,forecast_offshore_wind_generation,Wind Offshore,2026-09-15T13:30:34Z
2026-09-15T13:28:35Z,2026-09-15T15:28:35+0200,f560dd4e-bb34-4b12-a26c-2c44f5eb2814,2026-09-12T02:00:00Z,2026-09-12T04:00:00+0200,141.0,MW,DK2,DK_2,forecast_offshore_wind_generation,Wind Offshore,2026-09-15T13:30:34Z
2026-09-15T13:28:35Z,2026-09-15T15:28:35+0200,f560dd4e-bb34-4b12-a26c-2c44f5eb2814,2026-09-12T02:15:00Z,2026-09-12T04:15:00+0200,141.0,MW,DK2,DK_2,forecast_offshore_wind_generation,Wind Offshore,2026-09-15T13:30:34Z
2026-09-15T13:28:35Z,2026-09-15T15:28:35+0200,f560dd4e-bb34-4b12-a26c-2c44f5eb2814,2026-09-12T02:30:00Z,2026-09-12T04:30:00+0200,141.166666,MW,DK2,DK_2,forecast_offshore_wind_generation,Wind Offshore,2026-09-15T13:30:34Z
2026-09-15T13:28:35Z,2026-09-15T15:28:35+0200,f560dd4e-bb34-4b12-a26c-2c44f5eb2814,2026-09-12T02:45:00Z,2026-09-12T04:45:00+0200,140.166666,MW,DK2,DK_2,forecast_offshore_wind_generation,Wind Offshore,2026-09-15T13:30:34Z
2026-09-15T13:28:35Z,2026-09-15T15:28:35+0200,f560dd4e-bb34-4b12-a26c-2c44f5eb2814,2026-09-12T03:00:00Z,2026-09-12T05:00:00+0200,136.666666,MW,DK2,DK_2,forecast_offshore_wind_generation,Wind Offshore,2026-09-15T13:30:34Z
2026-09-15T13:28:35Z,2026-09-15T15:28:35+0200,f560dd4e-bb34-4b12-a26c-2c44f5eb2814,2026-09-12T03:15:00Z,2026-09-12T05:15:00+0200,132.0,MW,DK2,DK_2,forecast_offshore_wind_generation,Wind Offshore,2026-09-15T13:30:34Z
2026-09-15T13:28:35Z,2026-09-15T15:28:35+0200,f560dd4e-bb34-4b12-a26c-2c44f5eb2814,2026-09-12T03:30:00Z,2026-09-12T05:30:00+0200,126.0,MW,DK2,DK_2,forecast_offshore_wind_generation,Wind Offshore,2026-09-15T13:30:34Z
2026-09-15T13:28:35Z,2026-09-15T15:28:35+0200,f560dd4e-bb34-4b12-a26c-2c44f5eb2814,2026-09-12T03:45:00Z,2026-09-12T05:45:00+0200,121.5,MW,DK2,DK_2,forecast_offshore_wind_generation,Wind Offshore,2026-09-15T13:30:34Z
2026-09-15T13:28:35Z,2026-09-15T15:28:35+0200,f560dd4e-bb34-4b12-a26c-2c44f5eb2814,2026-09-12T04:00:00Z,2026-09-12T06:00:00+0200,120.0,MW,DK2,DK_2,forecast_offshore_wind_generation,Wind Offshore,2026-09-15T13:30:34Z
2026-09-15T13:28:35Z,2026-09-15T15:28:35+0200,f560dd4e-bb34-4b12-a26c-2c44f5eb2814,2026-09-12T04:15:00Z,2026-09-12T06:15:00+0200,121.5,MW,DK2,DK_2,forecast_offshore_wind_generation,Wind Offshore,2026-09-15T13:30:34Z
2026-09-15T13:28:35Z,2026-09-15T15:28:35+0200,f560dd4e-bb34-4b12-a26c-2c44f5eb2814,2026-09-12T04:30:00Z,2026-09-12T06:30:00+0200,125.333333,MW,DK2,DK_2,forecast_offshore_wind_generation,Wind Offshore,2026-09-15T13:30:34Z
2026-09-15T13:28:35Z,2026-09-15T15:28:35+0200,f560dd4e-bb34-4b12-a26c-2c44f5eb2814,2026-09-12T04:45:00Z,2026-09-12T06:45:00+0200,129.833333,MW,DK2,DK_2,forecast_offshore_wind_generation,Wind Offshore,2026-09-15T13:30:34Z
2026-09-15T13:28:35Z,2026-09-15T15:28:35+0200,f560dd4e-bb34-4b12-a26c-2c44f5eb2814,2026-09-12T05:00:00Z,2026-09-12T07:00:00+0200,132.666666,MW,DK2,DK_2,forecast_offshore_wind_generation,Wind Offshore,2026-09-15T13:30:34Z
2026-09-15T13:28:35Z,2026-09-15T15:28:35+0200,f560dd4e-bb34-4b12-a26c-2c44f5eb2814,2026-09-12T05:15:00Z,2026-09-12T07:15:00+0200,136.166666,MW,DK2,DK_2,forecast_offshore_wind_generation,Wind Offshore,2026-09-15T13:30:34Z
2026-09-15T13:28:35Z,2026-09-15T15:28:35+0200,f560dd4e-bb34-4b12-a26c-2c44f5eb2814,2026-09-12T05:30:00Z,2026-09-12T07:30:00+0200,141.166666,MW,DK2,DK_2,forecast_offshore_wind_generation,Wind Offshore,2026-09-15T13:30:34Z
2026-09-15T13:28:35Z,2026-09-15T15:28:35+0200,f560dd4e-bb34-4b12-a26c-2c44f5eb2814,2026-09-12T05:45:00Z,2026-09-12T07:45:00+0200,145.333333,MW,DK2,DK_2,forecast_offshore_wind_generation,Wind Offshore,2026-09-15T13:30:34Z
2026-09-15T13:28:35Z,2026-09-15T15:28:35+0200,f560dd4e-bb34-4b12-a26c-2c44f5eb2814,2026-09-12T06:00:00Z,2026-09-12T08:00:00+0200,145.333333,MW,DK2,DK_2,forecast_offshore_wind_generation,Wind Offshore,2026-09-15T13:30:34Z
2026-09-15T13:28:35Z,2026-09-15T15:28:35+0200,f560dd4e-bb34-4b12-a26c-2c44f5eb2814,2026-09-12T06:15:00Z,2026-09-12T08:15:00+0200,140.833333,MW,DK2,DK_2,forecast_offshore_wind_generation,Wind Offshore,2026-09-15T13:30:34Z
2026-09-15T13:28:35Z,2026-09-15T15:28:35+0200,f560dd4e-bb34-4b12-a26c-2c44f5eb2814,2026-09-12T06:30:00Z,2026-09-12T08:30:00+0200,133.5,MW,DK2,DK_2,forecast_offshore_wind_generation,Wind Offshore,2026-09-15T13:30:34Z
2026-09-15T13:28:35Z,2026-09-15T15:28:35+0200,f560dd4e-bb34-4b12-a26c-2c44f5eb2814,2026-09-12T06:45:00Z,2026-09-12T08:45:00+0200,127.833333,MW,DK2,DK_2,forecast_offshore_wind_generation,Wind Offshore,2026-09-15T13:30:34Z
2026-09-15T13:28:35Z,2026-09-15T15:28:35+0200,f560dd4e-bb34-4b12-a26c-2c44f5eb2814,2026-09-12T07:00:00Z,2026-09-12T09:00:00+0200,127.666666,MW,DK2,DK_2,forecast_offshore_wind_generation,Wind Offshore,2026-09-15T13:30:34Z
2026-09-15T13:28:35Z,2026-09-15T15:28:35+0200,f560dd4e-bb34-4b12-a26c-2c44f5eb2814,2026-09-12T07:15:00Z,2026-09-12T09:15:00+0200,131.166666,MW,DK2,DK_2,forecast_offshore_wind_generation,Wind Offshore,2026-09-15T13:30:34Z
2026-09-15T13:28:35Z,2026-09-15T15:28:35+0200,f560dd4e-bb34-4b12-a26c-2c44f5eb2814,2026-09-12T07:30:00Z,2026-09-12T09:30:00+0200,137.0,MW,DK2,DK_2,forecast_offshore_wind_generation,Wind Offshore,2026-09-15T13:30:34Z
2026-09-15T13:28:35Z,2026-09-15T15:28:35+0200,f560dd4e-bb34-4b12-a26c-2c44f5eb2814,2026-09-12T07:45:00Z,2026-09-12T09:45:00+0200,142.333333,MW,DK2,DK_2,forecast_offshore_wind_generation,Wind Offshore,2026-09-15T13:30:34Z
2026-09-15T13:28:35Z,2026-09-15T15:28:35+0200,f560dd4e-bb34-4b12-a26c-2c44f5eb2814,2026-09-12T08:00:00Z,2026-09-12T10:00:00+0200,144.833333,MW,DK2,DK_2,forecast_offshore_wind_generation,Wind Offshore,2026-09-15T13:30:34Z
2026-09-15T13:28:35Z,2026-09-15T15:28:35+0200,f560dd4e-bb34-4b12-a26c-2c44f5eb2814,2026-09-12T08:15:00Z,2026-09-12T10:15:00+0200,144.0,MW,DK2,DK_2,forecast_offshore_wind_generation,Wind Offshore,2026-09-15T13:30:34Z
2026-09-15T13:28:35Z,2026-09-15T15:28:35+0200,f560dd4e-bb34-4b12-a26c-2c44f5eb2814,2026-09-12T08:30:00Z,2026-09-12T10:30:00+0200,143.0,MW,DK2,DK_2,forecast_offshore_wind_generation,Wind Offshore,2026-09-15T13:30:34Z
2026-09-15T13:28:35Z,2026-09-15T15:28:35+0200,f560dd4e-bb34-4b12-a26c-2c44f5eb2814,2026-09-12T08:45:00Z,2026-09-12T10:45:00+0200,143.666666,MW,DK2,DK_2,forecast_offshore_wind_generation,Wind Offshore,2026-09-15T13:30:34Z
2026-09-15T13:28:35Z,2026-09-15T15:28:35+0200,f560dd4e-bb34-4b12-a26c-2c44f5eb2814,2026-09-12T09:00:00Z,2026-09-12T11:00:00+0200,146.666666,MW,DK2,DK_2,forecast_offshore_wind_generation,Wind Offshore,2026-09-15T13:30:34Z
2026-09-15T13:28:35Z,2026-09-15T15:28:35+0200,f560dd4e-bb34-4b12-a26c-2c44f5eb2814,2026-09-12T09:15:00Z,2026-09-12T11:15:00+0200,152.0,MW,DK2,DK_2,forecast_offshore_wind_generation,Wind Offshore,2026-09-15T13:30:34Z
2026-09-15T13:28:35Z,2026-09-15T15:28:35+0200,f560dd4e-bb34-4b12-a26c-2c44f5eb2814,2026-09-12T09:30:00Z,2026-09-12T11:30:00+0200,159.5,MW,DK2,DK_2,forecast_offshore_wind_generation,Wind Offshore,2026-09-15T13:30:34Z
2026-09-15T13:28:35Z,2026-09-15T15:28:35+0200,f560dd4e-bb34-4b12-a26c-2c44f5eb2814,2026-09-12T09:45:00Z,2026-09-12T11:45:00+0200,168.333333,MW,DK2,DK_2,forecast_offshore_wind_generation,Wind Offshore,2026-09-15T13:30:34Z
2026-09-15T13:28:35Z,2026-09-15T15:28:35+0200,f560dd4e-bb34-4b12-a26c-2c44f5eb2814,2026-09-12T10:00:00Z,2026-09-12T12:00:00+0200,176.5,MW,DK2,DK_2,forecast_offshore_wind_generation,Wind Offshore,2026-09-15T13:30:34Z
2026-09-15T13:28:35Z,2026-09-15T15:28:35+0200,f560dd4e-bb34-4b12-a26c-2c44f5eb2814,2026-09-12T10:15:00Z,2026-09-12T12:15:00+0200,187.0,MW,DK2,DK_2,forecast_offshore_wind_generation,Wind Offshore,2026-09-15T13:30:34Z
2026-09-15T13:28:35Z,2026-09-15T15:28:35+0200,f560dd4e-bb34-4b12-a26c-2c44f5eb2814,2026-09-12T10:30:00Z,2026-09-12T12:30:00+0200,199.0,MW,DK2,DK_2,forecast_offshore_wind_generation,Wind Offshore,2026-09-15T13:30:34Z
2026-09-15T13:28:35Z,2026-09-15T15:28:35+0200,f560dd4e-bb34-4b12-a26c-2c44f5eb2814,2026-09-12T10:45:00Z,2026-09-12T12:45:00+0200,210.0,MW,DK2,DK_2,forecast_offshore_wind_generation,Wind Offshore,2026-09-15T13:30:34Z
2026-09-15T13:28:35Z,2026-09-15T15:28:35+0200,f560dd4e-bb34-4b12-a26c-2c44f5eb2814,2026-09-12T11:00:00Z,2026-09-12T13:00:00+0200,220.333333,MW,DK2,DK_2,forecast_offshore_wind_generation,Wind Offshore,2026-09-15T13:30:34Z
2026-09-15T13:28:35Z,2026-09-15T15:28:35+0200,f560dd4e-bb34-4b12-a26c-2c44f5eb2814,2026-09-12T11:15:00Z,2026-09-12T13:15:00+0200,230.0,MW,DK2,DK_2,forecast_offshore_wind_generation,Wind Offshore,2026-09-15T13:30:34Z
2026-09-15T13:28:35Z,2026-09-15T15:28:35+0200,f560dd4e-bb34-4b12-a26c-2c44f5eb2814,2026-09-12T11:30:00Z,2026-09-12T13:30:00+0200,238.833333,MW,DK2,DK_2,forecast_offshore_wind_generation,Wind Offshore,2026-09-15T13:30:34Z
2026-09-15T13:28:35Z,2026-09-15T15:28:35+0200,f560dd4e-bb34-4b12-a26c-2c44f5eb2814,2026-09-12T11:45:00Z,2026-09-12T13:45:00+0200,244.833333,MW,DK2,DK_2,forecast_offshore_wind_generation,Wind Offshore,2026-09-15T13:30:34Z
2026-09-15T13:28:35Z,2026-09-15T15:28:35+0200,f560dd4e-bb34-4b12-a26c-2c44f5eb2814,2026-09-12T12:00:00Z,2026-09-12T14:00:00+0200,247.5,MW,DK2,DK_2,forecast_offshore_wind_generation,Wind Offshore,2026-09-15T13:30:34Z
2026-09-15T13:28:35Z,2026-09-15T15:28:35+0200,f560dd4e-bb34-4b12-a26c-2c44f5eb2814,2026-09-12T12:15:00Z,2026-09-12T14:15:00+0200,248.0,MW,DK2,DK_2,forecast_offshore_wind_generation,Wind Offshore,2026-09-15T13:30:34Z
2026-09-15T13:28:35Z,2026-09-15T15:28:35+0200,f560dd4e-bb34-4b12-a26c-2c44f5eb2814,2026-09-12T12:30:00Z,2026-09-12T14:30:00+0200,247.833333,MW,DK2,DK_2,forecast_offshore_wind_generation,Wind Offshore,2026-09-15T13:30:34Z
2026-09-15T13:28:35Z,2026-09-15T15:28:35+0200,f560dd4e-bb34-4b12-a26c-2c44f5eb2814,2026-09-12T12:45:00Z,2026-09-12T14:45:00+0200,246.5,MW,DK2,DK_2,forecast_offshore_wind_generation,Wind Offshore,2026-09-15T13:30:34Z
2026-09-15T13:28:35Z,2026-09-15T15:28:35+0200,f560dd4e-bb34-4b12-a26c-2c44f5eb2814,2026-09-12T13:00:00Z,2026-09-12T15:00:00+0200,244.5,MW,DK2,DK_2,forecast_offshore_wind_generation,Wind Offshore,2026-09-15T13:30:34Z
2026-09-15T13:28:35Z,2026-09-15T15:28:35+0200,f560dd4e-bb34-4b12-a26c-2c44f5eb2814,2026-09-12T13:15:00Z,2026-09-12T15:15:00+0200,240.166666,MW,DK2,DK_2,forecast_offshore_wind_generation,Wind Offshore,2026-09-15T13:30:34Z
2026-09-15T13:28:35Z,2026-09-15T15:28:35+0200,f560dd4e-bb34-4b12-a26c-2c44f5eb2814,2026-09-12T13:30:00Z,2026-09-12T15:30:00+0200,235.5,MW,DK2,DK_2,forecast_offshore_wind_generation,Wind Offshore,2026-09-15T13:30:34Z
2026-09-15T13:28:35Z,2026-09-15T15:28:35+0200,f560dd4e-bb34-4b12-a26c-2c44f5eb2814,2026-09-12T13:45:00Z,2026-09-12T15:45:00+0200,232.166666,MW,DK2,DK_2,forecast_offshore_wind_generation,Wind Offshore,2026-09-15T13:30:34Z
2026-09-15T13:28:35Z,2026-09-15T15:28:35+0200,f560dd4e-bb34-4b12-a26c-2c44f5eb2814,2026-09-12T14:00:00Z,2026-09-12T16:00:00+0200,234.333333,MW,DK2,DK_2,forecast_offshore_wind_generation,Wind Offshore,2026-09-15T13:30:34Z
2026-09-15T13:28:35Z,2026-09-15T15:28:35+0200,f560dd4e-bb34-4b12-a26c-2c44f5eb2814,2026-09-12T14:15:00Z,2026-09-12T16:15:00+0200,243.166666,MW,DK2,DK_2,forecast_offshore_wind_generation,Wind Offshore,2026-09-15T13:30:34Z
2026-09-15T13:28:35Z,2026-09-15T15:28:35+0200,f560dd4e-bb34-4b12-a26c-2c44f5eb2814,2026-09-12T14:30:00Z,2026-09-12T16:30:00+0200,255.0,MW,DK2,DK_2,forecast_offshore_wind_generation,Wind Offshore,2026-09-15T13:30:34Z
2026-09-15T13:28:35Z,2026-09-15T15:28:35+0200,f560dd4e-bb34-4b12-a26c-2c44f5eb2814,2026-09-12T14:45:00Z,2026-09-12T16:45:00+0200,265.166666,MW,DK2,DK_2,forecast_offshore_wind_generation,Wind Offshore,2026-09-15T13:30:34Z
2026-09-15T13:28:35Z,2026-09-15T15:28:35+0200,f560dd4e-bb34-4b12-a26c-2c44f5eb2814,2026-09-12T15:00:00Z,2026-09-12T17:00:00+0200,269.5,MW,DK2,DK_2,forecast_offshore_wind_generation,Wind Offshore,2026-09-15T13:30:34Z
2026-09-15T13:28:35Z,2026-09-15T15:28:35+0200,f560dd4e-bb34-4b12-a26c-2c44f5eb2814,2026-09-12T15:15:00Z,2026-09-12T17:15:00+0200,277.833333,MW,DK2,DK_2,forecast_offshore_wind_generation,Wind Offshore,2026-09-15T13:30:34Z
2026-09-15T13:28:35Z,2026-09-15T15:28:35+0200,f560dd4e-bb34-4b12-a26c-2c44f5eb2814,2026-09-12T15:30:00Z,2026-09-12T17:30:00+0200,290.0,MW,DK2,DK_2,forecast_offshore_wind_generation,Wind Offshore,2026-09-15T13:30:34Z
2026-09-15T13:28:35Z,2026-09-15T15:28:35+0200,f560dd4e-bb34-4b12-a26c-2c44f5eb2814,2026-09-12T15:45:00Z,2026-09-12T17:45:00+0200,301.333333,MW,DK2,DK_2,forecast_offshore_wind_generation,Wind Offshore,2026-09-15T13:30:34Z
2026-09-15T13:28:35Z,2026-09-15T15:28:35+0200,f560dd4e-bb34-4b12-a26c-2c44f5eb2814,2026-09-12T16:00:00Z,2026-09-12T18:00:00+0200,308.833333,MW,DK2,DK_2,forecast_offshore_wind_generation,Wind Offshore,2026-09-15T13:30:34Z
2026-09-15T13:28:35Z,2026-09-15T15:28:35+0200,f560dd4e-bb34-4b12-a26c-2c44f5eb2814,2026-09-12T16:15:00Z,2026-09-12T18:15:00+0200,312.5,MW,DK2,DK_2,forecast_offshore_wind_generation,Wind Offshore,2026-09-15T13:30:34Z
2026-09-15T13:28:35Z,2026-09-15T15:28:35+0200,f560dd4e-bb34-4b12-a26c-2c44f5eb2814,2026-09-12T16:30:00Z,2026-09-12T18:30:00+0200,315.666666,MW,DK2,DK_2,forecast_offshore_wind_generation,Wind Offshore,2026-09-15T13:30:34Z
2026-09-15T13:28:35Z,2026-09-15T15:28:35+0200,f560dd4e-bb34-4b12-a26c-2c44f5eb2814,2026-09-12T16:45:00Z,2026-09-12T18:45:00+0200,320.166666,MW,DK2,DK_2,forecast_offshore_wind_generation,Wind Offshore,2026-09-15T13:30:34Z
2026-09-15T13:28:35Z,2026-09-15T15:28:35+0200,f560dd4e-bb34-4b12-a26c-2c44f5eb2814,2026-09-12T17:00:00Z,2026-09-12T19:00:00+0200,326.0,MW,DK2,DK_2,forecast_offshore_wind_generation,Wind Offshore,2026-09-15T13:30:34Z
2026-09-15T13:28:35Z,2026-09-15T15:28:35+0200,f560dd4e-bb34-4b12-a26c-2c44f5eb2814,2026-09-12T17:15:00Z,2026-09-12T19:15:00+0200,331.5,MW,DK2,DK_2,forecast_offshore_wind_generation,Wind Offshore,2026-09-15T13:30:34Z
2026-09-15T13:28:35Z,2026-09-15T15:28:35+0200,f560dd4e-bb34-4b12-a26c-2c44f5eb2814,2026-09-12T17:30:00Z,2026-09-12T19:30:00+0200,336.0,MW,DK2,DK_2,forecast_offshore_wind_generation,Wind Offshore,2026-09-15T13:30:34Z
2026-09-15T13:28:35Z,2026-09-15T15:28:35+0200,f560dd4e-bb34-4b12-a26c-2c44f5eb2814,2026-09-12T17:45:00Z,2026-09-12T19:45:00+0200,339.333333,MW,DK2,DK_2,forecast_offshore_wind_generation,Wind Offshore,2026-09-15T13:30:34Z
2026-09-15T13:28:35Z,2026-09-15T15:28:35+0200,f560dd4e-bb34-4b12-a26c-2c44f5eb2814,2026-09-12T18:00:00Z,2026-09-12T20:00:00+0200,339.666666,MW,DK2,DK_2,forecast_offshore_wind_generation,Wind Offshore,2026-09-15T13:30:34Z
2026-09-15T13:28:35Z,2026-09-15T15:28:35+0200,f560dd4e-bb34-4b12-a26c-2c44f5eb2814,2026-09-12T18:15:00Z,2026-09-12T20:15:00+0200,340.666666,MW,DK2,DK_2,forecast_offshore_wind_generation,Wind Offshore,2026-09-15T13:30:34Z
2026-09-15T13:28:35Z,2026-09-15T15:28:35+0200,f560dd4e-bb34-4b12-a26c-2c44f5eb2814,2026-09-12T18:30:00Z,2026-09-12T20:30:00+0200,343.5,MW,DK2,DK_2,forecast_offshore_wind_generation,Wind Offshore,2026-09-15T13:30:34Z
2026-09-15T13:28:35Z,2026-09-15T15:28:35+0200,f560dd4e-bb34-4b12-a26c-2c44f5eb2814,2026-09-12T18:45:00Z,2026-09-12T20:45:00+0200,347.833333,MW,DK2,DK_2,forecast_offshore_wind_generation,Wind Offshore,2026-09-15T13:30:34Z
2026-09-15T13:28:35Z,2026-09-15T15:28:35+0200,f560dd4e-bb34-4b12-a26c-2c44f5eb2814,2026-09-12T19:00:00Z,2026-09-12T21:00:00+0200,360.666666,MW,DK2,DK_2,forecast_offshore_wind_generation,Wind Offshore,2026-09-15T13:30:34Z
2026-09-15T13:28:35Z,2026-09-15T15:28:35+0200,f560dd4e-bb34-4b12-a26c-2c44f5eb2814,2026-09-12T19:15:00Z,2026-09-12T21:15:00+0200,383.166666,MW,DK2,DK_2,forecast_offshore_wind_generation,Wind Offshore,2026-09-15T13:30:34Z
2026-09-15T13:28:35Z,2026-09-15T15:28:35+0200,f560dd4e-bb34-4b12-a26c-2c44f5eb2814,2026-09-12T19:30:00Z,2026-09-12T21:30:00+0200,406.0,MW,DK2,DK_2,forecast_offshore_wind_generation,Wind Offshore,2026-09-15T13:30:34Z
2026-09-15T13:28:35Z,2026-09-15T15:28:35+0200,f560dd4e-bb34-4b12-a26c-2c44f5eb2814,2026-09-12T19:45:00Z,2026-09-12T21:45:00+0200,420.833333,MW,DK2,DK_2,forecast_offshore_wind_generation,Wind Offshore,2026-09-15T13:30:34Z
2026-09-15T13:28:35Z,2026-09-15T15:28:35+0200,f560dd4e-bb34-4b12-a26c-2c44f5eb2814,2026-09-12T20:00:00Z,2026-09-12T22:00:00+0200,423.0,MW,DK2,DK_2,forecast_offshore_wind_generation,Wind Offshore,2026-09-15T13:30:34Z
2026-09-15T13:28:35Z,2026-09-15T15:28:35+0200,f560dd4e-bb34-4b12-a26c-2c44f5eb2814,2026-09-12T20:15:00Z,2026-09-12T22:15:00+0200,414.666666,MW,DK2,DK_2,forecast_offshore_wind_generation,Wind Offshore,2026-09-15T13:30:34Z
2026-09-15T13:28:35Z,2026-09-15T15:28:35+0200,f560dd4e-bb34-4b12-a26c-2c44f5eb2814,2026-09-12T20:30:00Z,2026-09-12T22:30:00+0200,399.333333,MW,DK2,DK_2,forecast_offshore_wind_generation,Wind Offshore,2026-09-15T13:30:34Z
2026-09-15T13:28:35Z,2026-09-15T15:28:35+0200,f560dd4e-bb34-4b12-a26c-2c44f5eb2814,2026-09-12T20:45:00Z,2026-09-12T22:45:00+0200,388.5,MW,DK2,DK_2,forecast_offshore_wind_generation,Wind Offshore,2026-09-15T13:30:34Z
2026-09-15T13:28:35Z,2026-09-15T15:28:35+0200,f560dd4e-bb34-4b12-a26c-2c44f5eb2814,2026-09-12T21:00:00Z,2026-09-12T23:00:00+0200,389.166666,MW,DK2,DK_2,forecast_offshore_wind_generation,Wind Offshore,2026-09-15T13:30:34Z
2026-09-15T13:28:35Z,2026-09-15T15:28:35+0200,f560dd4e-bb34-4b12-a26c-2c44f5eb2814,2026-09-12T21:15:00Z,2026-09-12T23:15:00+0200,397.0,MW,DK2,DK_2,forecast_offshore_wind_generation,Wind Offshore,2026-09-15T13:30:34Z
2026-09-15T13:28:35Z,2026-09-15T15:28:35+0200,f560dd4e-bb34-4b12-a26c-2c44f5eb2814,2026-09-12T21:30:00Z,2026-09-12T23:30:00+0200,408.5,MW,DK2,DK_2,forecast_offshore_wind_generation,Wind Offshore,2026-09-15T13:30:34Z
2026-09-15T13:28:35Z,2026-09-15T15:28:35+0200,f560dd4e-bb34-4b12-a26c-2c44f5eb2814,2026-09-12T21:45:00Z,2026-09-12T23:45:00+0200,421.0,MW,DK2,DK_2,forecast_offshore_wind_generation,Wind Offshore,2026-09-15T13:30:34Z
2026-09-15T13:28:35Z,2026-09-15T15:28:35+0200,f560dd4e-bb34-4b12-a26c-2c44f5eb2814,2026-09-12T22:00:00Z,2026-09-13T00:00:00+0200,312.166666,MW,DK2,DK_2,forecast_offshore_wind_generation,Wind Offshore,2026-09-15T13:30:34Z
2026-09-15T13:28:35Z,2026-09-15T15:28:35+0200,f560dd4e-bb34-4b12-a26c-2c44f5eb2814,2026-09-12T22:15:00Z,2026-09-13T00:15:00+0200,326.166666,MW,DK2,DK_2,forecast_offshore_wind_generation,Wind Offshore,2026-09-15T13:30:34Z
2026-09-15T13:28:35Z,2026-09-15T15:28:35+0200,f560dd4e-bb34-4b12-a26c-2c44f5eb2814,2026-09-12T22:30:00Z,2026-09-13T00:30:00+0200,341.666666,MW,DK2,DK_2,forecast_offshore_wind_generation,Wind Offshore,2026-09-15T13:30:34Z
2026-09-15T13:28:35Z,2026-09-15T15:28:35+0200,f560dd4e-bb34-4b12-a26c-2c44f5eb2814,2026-09-12T22:45:00Z,2026-09-13T00:45:00+0200,357.666666,MW,DK2,DK_2,forecast_offshore_wind_generation,Wind Offshore,2026-09-15T13:30:34Z
2026-09-15T13:28:35Z,2026-09-15T15:28:35+0200,f560dd4e-bb34-4b12-a26c-2c44f5eb2814,2026-09-12T23:00:00Z,2026-09-13T01:00:00+0200,377.5,MW,DK2,DK_2,forecast_offshore_wind_generation,Wind Offshore,2026-09-15T13:30:34Z
2026-09-15T13:28:35Z,2026-09-15T15:28:35+0200,f560dd4e-bb34-4b12-a26c-2c44f5eb2814,2026-09-12T23:15:00Z,2026-09-13T01:15:00+0200,408.333333,MW,DK2,DK_2,forecast_offshore_wind_generation,Wind Offshore,2026-09-15T13:30:34Z
2026-09-15T13:28:35Z,2026-09-15T15:28:35+0200,f560dd4e-bb34-4b12-a26c-2c44f5eb2814,2026-09-12T23:30:00Z,2026-09-13T01:30:00+0200,447.166666,MW,DK2,DK_2,forecast_offshore_wind_generation,Wind Offshore,2026-09-15T13:30:34Z
2026-09-15T13:28:35Z,2026-09-15T15:28:35+0200,f560dd4e-bb34-4b12-a26c-2c44f5eb2814,2026-09-12T23:45:00Z,2026-09-13T01:45:00+0200,487.166666,MW,DK2,DK_2,forecast_offshore_wind_generation,Wind Offshore,2026-09-15T13:30:34Z
2026-09-15T13:28:35Z,2026-09-15T15:28:35+0200,f560dd4e-bb34-4b12-a26c-2c44f5eb2814,2026-09-13T00:00:00Z,2026-09-13T02:00:00+0200,518.833333,MW,DK2,DK_2,forecast_offshore_wind_generation,Wind Offshore,2026-09-15T13:30:34Z
2026-09-15T13:28:35Z,2026-09-15T15:28:35+0200,f560dd4e-bb34-4b12-a26c-2c44f5eb2814,2026-09-13T00:15:00Z,2026-09-13T02:15:00+0200,552.166666,MW,DK2,DK_2,forecast_offshore_wind_generation,Wind Offshore,2026-09-15T13:30:34Z
2026-09-15T13:28:35Z,2026-09-15T15:28:35+0200,f560dd4e-bb34-4b12-a26c-2c44f5eb2814,2026-09-13T00:30:00Z,2026-09-13T02:30:00+0200,579.833333,MW,DK2,DK_2,forecast_offshore_wind_generation,Wind Offshore,2026-09-15T13:30:34Z
2026-09-15T13:28:35Z,2026-09-15T15:28:35+0200,f560dd4e-bb34-4b12-a26c-2c44f5eb2814,2026-09-13T00:45:00Z,2026-09-13T02:45:00+0200,601.5,MW,DK2,DK_2,forecast_offshore_wind_generation,Wind Offshore,2026-09-15T13:30:34Z
2026-09-15T13:28:35Z,2026-09-15T15:28:35+0200,f560dd4e-bb34-4b12-a26c-2c44f5eb2814,2026-09-13T01:00:00Z,2026-09-13T03:00:00+0200,613.5,MW,DK2,DK_2,forecast_offshore_wind_generation,Wind Offshore,2026-09-15T13:30:34Z
2026-09-15T13:28:35Z,2026-09-15T15:28:35+0200,f560dd4e-bb34-4b12-a26c-2c44f5eb2814,2026-09-13T01:15:00Z,2026-09-13T03:15:00+0200,621.5,MW,DK2,DK_2,forecast_offshore_wind_generation,Wind Offshore,2026-09-15T13:30:34Z
2026-09-15T13:28:35Z,2026-09-15T15:28:35+0200,f560dd4e-bb34-4b12-a26c-2c44f5eb2814,2026-09-13T01:30:00Z,2026-09-13T03:30:00+0200,628.0,MW,DK2,DK_2,forecast_offshore_wind_generation,Wind Offshore,2026-09-15T13:30:34Z
2026-09-15T13:28:35Z,2026-09-15T15:28:35+0200,f560dd4e-bb34-4b12-a26c-2c44f5eb2814,2026-09-13T01:45:00Z,2026-09-13T03:45:00+0200,633.333333,MW,DK2,DK_2,forecast_offshore_wind_generation,Wind Offshore,2026-09-15T13:30:34Z
2026-09-15T13:28:35Z,2026-09-15T15:28:35+0200,f560dd4e-bb34-4b12-a26c-2c44f5eb2814,2026-09-13T02:00:00Z,2026-09-13T04:00:00+0200,636.333333,MW,DK2,DK_2,forecast_offshore_wind_generation,Wind Offshore,2026-09-15T13:30:34Z
2026-09-15T13:28:35Z,2026-09-15T15:28:35+0200,f560dd4e-bb34-4b12-a26c-2c44f5eb2814,2026-09-13T02:15:00Z,2026-09-13T04:15:00+0200,637.833333,MW,DK2,DK_2,forecast_offshore_wind_generation,Wind Offshore,2026-09-15T13:30:34Z
2026-09-15T13:28:35Z,2026-09-15T15:28:35+0200,f560dd4e-bb34-4b12-a26c-2c44f5eb2814,2026-09-13T02:30:00Z,2026-09-13T04:30:00+0200,637.333333,MW,DK2,DK_2,forecast_offshore_wind_generation,Wind Offshore,2026-09-15T13:30:34Z
2026-09-15T13:28:35Z,2026-09-15T15:28:35+0200,f560dd4e-bb34-4b12-a26c-2c44f5eb2814,2026-09-13T02:45:00Z,2026-09-13T04:45:00+0200,631.166666,MW,DK2,DK_2,forecast_offshore_wind_generation,Wind Offshore,2026-09-15T13:30:34Z
2026-09-15T13:28:35Z,2026-09-15T15:28:35+0200,f560dd4e-bb34-4b12-a26c-2c44f5eb2814,2026-09-13T03:00:00Z,2026-09-13T05:00:00+0200,622.333333,MW,DK2,DK_2,forecast_offshore_wind_generation,Wind Offshore,2026-09-15T13:30:34Z
2026-09-15T13:28:35Z,2026-09-15T15:28:35+0200,f560dd4e-bb34-4b12-a26c-2c44f5eb2814,2026-09-13T03:15:00Z,2026-09-13T05:15:00+0200,611.0,MW,DK2,DK_2,forecast_offshore_wind_generation,Wind Offshore,2026-09-15T13:30:34Z
2026-09-15T13:28:35Z,2026-09-15T15:28:35+0200,f560dd4e-bb34-4b12-a26c-2c44f5eb2814,2026-09-13T03:30:00Z,2026-09-13T05:30:00+0200,598.833333,MW,DK2,DK_2,forecast_offshore_wind_generation,Wind Offshore,2026-09-15T13:30:34Z
2026-09-15T13:28:35Z,2026-09-15T15:28:35+0200,f560dd4e-bb34-4b12-a26c-2c44f5eb2814,2026-09-13T03:45:00Z,2026-09-13T05:45:00+0200,587.0,MW,DK2,DK_2,forecast_offshore_wind_generation,Wind Offshore,2026-09-15T13:30:34Z
2026-09-15T13:28:35Z,2026-09-15T15:28:35+0200,f560dd4e-bb34-4b12-a26c-2c44f5eb2814,2026-09-13T04:00:00Z,2026-09-13T06:00:00+0200,577.5,MW,DK2,DK_2,forecast_offshore_wind_generation,Wind Offshore,2026-09-15T13:30:34Z
2026-09-15T13:28:35Z,2026-09-15T15:28:35+0200,f560dd4e-bb34-4b12-a26c-2c44f5eb2814,2026-09-13T04:15:00Z,2026-09-13T06:15:00+0200,570.0,MW,DK2,DK_2,forecast_offshore_wind_generation,Wind Offshore,2026-09-15T13:30:34Z
2026-09-15T13:28:35Z,2026-09-15T15:28:35+0200,f560dd4e-bb34-4b12-a26c-2c44f5eb2814,2026-09-13T04:30:00Z,2026-09-13T06:30:00+0200,563.5,MW,DK2,DK_2,forecast_offshore_wind_generation,Wind Offshore,2026-09-15T13:30:34Z
2026-09-15T13:28:35Z,2026-09-15T15:28:35+0200,f560dd4e-bb34-4b12-a26c-2c44f5eb2814,2026-09-13T04:45:00Z,2026-09-13T06:45:00+0200,557.166666,MW,DK2,DK_2,forecast_offshore_wind_generation,Wind Offshore,2026-09-15T13:30:34Z
2026-09-15T13:28:35Z,2026-09-15T15:28:35+0200,f560dd4e-bb34-4b12-a26c-2c44f5eb2814,2026-09-13T05:00:00Z,2026-09-13T07:00:00+0200,549.666666,MW,DK2,DK_2,forecast_offshore_wind_generation,Wind Offshore,2026-09-15T13:30:34Z
2026-09-15T13:28:35Z,2026-09-15T15:28:35+0200,f560dd4e-bb34-4b12-a26c-2c44f5eb2814,2026-09-13T05:15:00Z,2026-09-13T07:15:00+0200,533.333333,MW,DK2,DK_2,forecast_offshore_wind_generation,Wind Offshore,2026-09-15T13:30:34Z
2026-09-15T13:28:35Z,2026-09-15T15:28:35+0200,f560dd4e-bb34-4b12-a26c-2c44f5eb2814,2026-09-13T05:30:00Z,2026-09-13T07:30:00+0200,512.666666,MW,DK2,DK_2,forecast_offshore_wind_generation,Wind Offshore,2026-09-15T13:30:34Z
2026-09-15T13:28:35Z,2026-09-15T15:28:35+0200,f560dd4e-bb34-4b12-a26c-2c44f5eb2814,2026-09-13T05:45:00Z,2026-09-13T07:45:00+0200,496.166666,MW,DK2,DK_2,forecast_offshore_wind_generation,Wind Offshore,2026-09-15T13:30:34Z
2026-09-15T13:28:35Z,2026-09-15T15:28:35+0200,f560dd4e-bb34-4b12-a26c-2c44f5eb2814,2026-09-13T06:00:00Z,2026-09-13T08:00:00+0200,485.5,MW,DK2,DK_2,forecast_offshore_wind_generation,Wind Offshore,2026-09-15T13:30:34Z
2026-09-15T13:28:35Z,2026-09-15T15:28:35+0200,f560dd4e-bb34-4b12-a26c-2c44f5eb2814,2026-09-13T06:15:00Z,2026-09-13T08:15:00+0200,475.666666,MW,DK2,DK_2,forecast_offshore_wind_generation,Wind Offshore,2026-09-15T13:30:34Z
2026-09-15T13:28:35Z,2026-09-15T15:28:35+0200,f560dd4e-bb34-4b12-a26c-2c44f5eb2814,2026-09-13T06:30:00Z,2026-09-13T08:30:00+0200,465.166666,MW,DK2,DK_2,forecast_offshore_wind_generation,Wind Offshore,2026-09-15T13:30:34Z
2026-09-15T13:28:35Z,2026-09-15T15:28:35+0200,f560dd4e-bb34-4b12-a26c-2c44f5eb2814,2026-09-13T06:45:00Z,2026-09-13T08:45:00+0200,454.0,MW,DK2,DK_2,forecast_offshore_wind_generation,Wind Offshore,2026-09-15T13:30:34Z
2026-09-15T13:28:35Z,2026-09-15T15:28:35+0200,f560dd4e-bb34-4b12-a26c-2c44f5eb2814,2026-09-13T07:00:00Z,2026-09-13T09:00:00+0200,441.833333,MW,DK2,DK_2,forecast_offshore_wind_generation,Wind Offshore,2026-09-15T13:30:34Z
2026-09-15T13:28:35Z,2026-09-15T15:28:35+0200,f560dd4e-bb34-4b12-a26c-2c44f5eb2814,2026-09-13T07:15:00Z,2026-09-13T09:15:00+0200,427.0,MW,DK2,DK_2,forecast_offshore_wind_generation,Wind Offshore,2026-09-15T13:30:34Z
2026-09-15T13:28:35Z,2026-09-15T15:28:35+0200,f560dd4e-bb34-4b12-a26c-2c44f5eb2814,2026-09-13T07:30:00Z,2026-09-13T09:30:00+0200,410.0,MW,DK2,DK_2,forecast_offshore_wind_generation,Wind Offshore,2026-09-15T13:30:34Z
2026-09-15T13:28:35Z,2026-09-15T15:28:35+0200,f560dd4e-bb34-4b12-a26c-2c44f5eb2814,2026-09-13T07:45:00Z,2026-09-13T09:45:00+0200,393.5,MW,DK2,DK_2,forecast_offshore_wind_generation,Wind Offshore,2026-09-15T13:30:34Z
2026-09-15T13:28:35Z,2026-09-15T15:28:35+0200,f560dd4e-bb34-4b12-a26c-2c44f5eb2814,2026-09-13T08:00:00Z,2026-09-13T10:00:00+0200,377.833333,MW,DK2,DK_2,forecast_offshore_wind_generation,Wind Offshore,2026-09-15T13:30:34Z
2026-09-15T13:28:35Z,2026-09-15T15:28:35+0200,f560dd4e-bb34-4b12-a26c-2c44f5eb2814,2026-09-13T08:15:00Z,2026-09-13T10:15:00+0200,359.833333,MW,DK2,DK_2,forecast_offshore_wind_generation,Wind Offshore,2026-09-15T13:30:34Z
2026-09-15T13:28:35Z,2026-09-15T15:28:35+0200,f560dd4e-bb34-4b12-a26c-2c44f5eb2814,2026-09-13T08:30:00Z,2026-09-13T10:30:00+0200,340.166666,MW,DK2,DK_2,forecast_offshore_wind_generation,Wind Offshore,2026-09-15T13:30:34Z
2026-09-15T13:28:35Z,2026-09-15T15:28:35+0200,f560dd4e-bb34-4b12-a26c-2c44f5eb2814,2026-09-13T08:45:00Z,2026-09-13T10:45:00+0200,322.333333,MW,DK2,DK_2,forecast_offshore_wind_generation,Wind Offshore,2026-09-15T13:30:34Z
2026-09-15T13:28:35Z,2026-09-15T15:28:35+0200,f560dd4e-bb34-4b12-a26c-2c44f5eb2814,2026-09-13T09:00:00Z,2026-09-13T11:00:00+0200,308.0,MW,DK2,DK_2,forecast_offshore_wind_generation,Wind Offshore,2026-09-15T13:30:34Z
2026-09-15T13:28:35Z,2026-09-15T15:28:35+0200,f560dd4e-bb34-4b12-a26c-2c44f5eb2814,2026-09-13T09:15:00Z,2026-09-13T11:15:00+0200,294.5,MW,DK2,DK_2,forecast_offshore_wind_generation,Wind Offshore,2026-09-15T13:30:34Z
2026-09-15T13:28:35Z,2026-09-15T15:28:35+0200,f560dd4e-bb34-4b12-a26c-2c44f5eb2814,2026-09-13T09:30:00Z,2026-09-13T11:30:00+0200,281.166666,MW,DK2,DK_2,forecast_offshore_wind_generation,Wind Offshore,2026-09-15T13:30:34Z
2026-09-15T13:28:35Z,2026-09-15T15:28:35+0200,f560dd4e-bb34-4b12-a26c-2c44f5eb2814,2026-09-13T09:45:00Z,2026-09-13T11:45:00+0200,270.0,MW,DK2,DK_2,forecast_offshore_wind_generation,Wind Offshore,2026-09-15T13:30:34Z
2026-09-15T13:28:35Z,2026-09-15T15:28:35+0200,f560dd4e-bb34-4b12-a26c-2c44f5eb2814,2026-09-13T10:00:00Z,2026-09-13T12:00:00+0200,260.666666,MW,DK2,DK_2,forecast_offshore_wind_generation,Wind Offshore,2026-09-15T13:30:34Z
2026-09-15T13:28:35Z,2026-09-15T15:28:35+0200,f560dd4e-bb34-4b12-a26c-2c44f5eb2814,2026-09-13T10:15:00Z,2026-09-13T12:15:00+0200,252.5,MW,DK2,DK_2,forecast_offshore_wind_generation,Wind Offshore,2026-09-15T13:30:34Z
2026-09-15T13:28:35Z,2026-09-15T15:28:35+0200,f560dd4e-bb34-4b12-a26c-2c44f5eb2814,2026-09-13T10:30:00Z,2026-09-13T12:30:00+0200,244.5,MW,DK2,DK_2,forecast_offshore_wind_generation,Wind Offshore,2026-09-15T13:30:34Z
2026-09-15T13:28:35Z,2026-09-15T15:28:35+0200,f560dd4e-bb34-4b12-a26c-2c44f5eb2814,2026-09-13T10:45:00Z,2026-09-13T12:45:00+0200,237.5,MW,DK2,DK_2,forecast_offshore_wind_generation,Wind Offshore,2026-09-15T13:30:34Z
2026-09-15T13:28:35Z,2026-09-15T15:28:35+0200,f560dd4e-bb34-4b12-a26c-2c44f5eb2814,2026-09-13T11:00:00Z,2026-09-13T13:00:00+0200,230.5,MW,DK2,DK_2,forecast_offshore_wind_generation,Wind Offshore,2026-09-15T13:30:34Z
2026-09-15T13:28:35Z,2026-09-15T15:28:35+0200,f560dd4e-bb34-4b12-a26c-2c44f5eb2814,2026-09-13T11:15:00Z,2026-09-13T13:15:00+0200,221.666666,MW,DK2,DK_2,forecast_offshore_wind_generation,Wind Offshore,2026-09-15T13:30:34Z
2026-09-15T13:28:35Z,2026-09-15T15:28:35+0200,f560dd4e-bb34-4b12-a26c-2c44f5eb2814,2026-09-13T11:30:00Z,2026-09-13T13:30:00+0200,211.666666,MW,DK2,DK_2,forecast_offshore_wind_generation,Wind Offshore,2026-09-15T13:30:34Z
2026-09-15T13:28:35Z,2026-09-15T15:28:35+0200,f560dd4e-bb34-4b12-a26c-2c44f5eb2814,2026-09-13T11:45:00Z,2026-09-13T13:45:00+0200,203.166666,MW,DK2,DK_2,forecast_offshore_wind_generation,Wind Offshore,2026-09-15T13:30:34Z
2026-09-15T13:28:35Z,2026-09-15T15:28:35+0200,f560dd4e-bb34-4b12-a26c-2c44f5eb2814,2026-09-13T12:00:00Z,2026-09-13T14:00:00+0200,197.0,MW,DK2,DK_2,forecast_offshore_wind_generation,Wind Offshore,2026-09-15T13:30:34Z
2026-09-15T13:28:35Z,2026-09-15T15:28:35+0200,f560dd4e-bb34-4b12-a26c-2c44f5eb2814,2026-09-13T12:15:00Z,2026-09-13T14:15:00+0200,191.166666,MW,DK2,DK_2,forecast_offshore_wind_generation,Wind Offshore,2026-09-15T13:30:34Z
2026-09-15T13:28:35Z,2026-09-15T15:28:35+0200,f560dd4e-bb34-4b12-a26c-2c44f5eb2814,2026-09-13T12:30:00Z,2026-09-13T14:30:00+0200,186.166666,MW,DK2,DK_2,forecast_offshore_wind_generation,Wind Offshore,2026-09-15T13:30:34Z
2026-09-15T13:28:35Z,2026-09-15T15:28:35+0200,f560dd4e-bb34-4b12-a26c-2c44f5eb2814,2026-09-13T12:45:00Z,2026-09-13T14:45:00+0200,181.666666,MW,DK2,DK_2,forecast_offshore_wind_generation,Wind Offshore,2026-09-15T13:30:34Z
2026-09-15T13:28:35Z,2026-09-15T15:28:35+0200,f560dd4e-bb34-4b12-a26c-2c44f5eb2814,2026-09-13T13:00:00Z,2026-09-13T15:00:00+0200,177.833333,MW,DK2,DK_2,forecast_offshore_wind_generation,Wind Offshore,2026-09-15T13:30:34Z
2026-09-15T13:28:35Z,2026-09-15T15:28:35+0200,f560dd4e-bb34-4b12-a26c-2c44f5eb2814,2026-09-13T13:15:00Z,2026-09-13T15:15:00+0200,171.166666,MW,DK2,DK_2,forecast_offshore_wind_generation,Wind Offshore,2026-09-15T13:30:34Z
2026-09-15T13:28:35Z,2026-09-15T15:28:35+0200,f560dd4e-bb34-4b12-a26c-2c44f5eb2814,2026-09-13T13:30:00Z,2026-09-13T15:30:00+0200,166.0,MW,DK2,DK_2,forecast_offshore_wind_generation,Wind Offshore,2026-09-15T13:30:34Z
2026-09-15T13:28:35Z,2026-09-15T15:28:35+0200,f560dd4e-bb34-4b12-a26c-2c44f5eb2814,2026-09-13T13:45:00Z,2026-09-13T15:45:00+0200,162.166666,MW,DK2,DK_2,forecast_offshore_wind_generation,Wind Offshore,2026-09-15T13:30:34Z
2026-09-15T13:28:35Z,2026-09-15T15:28:35+0200,f560dd4e-bb34-4b12-a26c-2c44f5eb2814,2026-09-13T14:00:00Z,2026-09-13T16:00:00+0200,161.166666,MW,DK2,DK_2,forecast_offshore_wind_generation,Wind Offshore,2026-09-15T13:30:34Z
2026-09-15T13:28:35Z,2026-09-15T15:28:35+0200,f560dd4e-bb34-4b12-a26c-2c44f5eb2814,2026-09-13T14:15:00Z,2026-09-13T16:15:00+0200,162.666666,MW,DK2,DK_2,forecast_offshore_wind_generation,Wind Offshore,2026-09-15T13:30:34Z
2026-09-15T13:28:35Z,2026-09-15T15:28:35+0200,f560dd4e-bb34-4b12-a26c-2c44f5eb2814,2026-09-13T14:30:00Z,2026-09-13T16:30:00+0200,165.5,MW,DK2,DK_2,forecast_offshore_wind_generation,Wind Offshore,2026-09-15T13:30:34Z
2026-09-15T13:28:35Z,2026-09-15T15:28:35+0200,f560dd4e-bb34-4b12-a26c-2c44f5eb2814,2026-09-13T14:45:00Z,2026-09-13T16:45:00+0200,168.333333,MW,DK2,DK_2,forecast_offshore_wind_generation,Wind Offshore,2026-09-15T13:30:34Z
2026-09-15T13:28:35Z,2026-09-15T15:28:35+0200,f560dd4e-bb34-4b12-a26c-2c44f5eb2814,2026-09-13T15:00:00Z,2026-09-13T17:00:00+0200,169.833333,MW,DK2,DK_2,forecast_offshore_wind_generation,Wind Offshore,2026-09-15T13:30:34Z
2026-09-15T13:28:35Z,2026-09-15T15:28:35+0200,f560dd4e-bb34-4b12-a26c-2c44f5eb2814,2026-09-13T15:15:00Z,2026-09-13T17:15:00+0200,171.0,MW,DK2,DK_2,forecast_offshore_wind_generation,Wind Offshore,2026-09-15T13:30:34Z
2026-09-15T13:28:35Z,2026-09-15T15:28:35+0200,f560dd4e-bb34-4b12-a26c-2c44f5eb2814,2026-09-13T15:30:00Z,2026-09-13T17:30:00+0200,173.333333,MW,DK2,DK_2,forecast_offshore_wind_generation,Wind Offshore,2026-09-15T13:30:34Z
2026-09-15T13:28:35Z,2026-09-15T15:28:35+0200,f560dd4e-bb34-4b12-a26c-2c44f5eb2814,2026-09-13T15:45:00Z,2026-09-13T17:45:00+0200,175.0,MW,DK2,DK_2,forecast_offshore_wind_generation,Wind Offshore,2026-09-15T13:30:34Z
2026-09-15T13:28:35Z,2026-09-15T15:28:35+0200,f560dd4e-bb34-4b12-a26c-2c44f5eb2814,2026-09-13T16:00:00Z,2026-09-13T18:00:00+0200,176.5,MW,DK2,DK_2,forecast_offshore_wind_generation,Wind Offshore,2026-09-15T13:30:34Z
2026-09-15T13:28:35Z,2026-09-15T15:28:35+0200,f560dd4e-bb34-4b12-a26c-2c44f5eb2814,2026-09-13T16:15:00Z,2026-09-13T18:15:00+0200,177.666666,MW,DK2,DK_2,forecast_offshore_wind_generation,Wind Offshore,2026-09-15T13:30:34Z
2026-09-15T13:28:35Z,2026-09-15T15:28:35+0200,f560dd4e-bb34-4b12-a26c-2c44f5eb2814,2026-09-13T16:30:00Z,2026-09-13T18:30:00+0200,179.666666,MW,DK2,DK_2,forecast_offshore_wind_generation,Wind Offshore,2026-09-15T13:30:34Z
2026-09-15T13:28:35Z,2026-09-15T15:28:35+0200,f560dd4e-bb34-4b12-a26c-2c44f5eb2814,2026-09-13T16:45:00Z,2026-09-13T18:45:00+0200,183.0,MW,DK2,DK_2,forecast_offshore_wind_generation,Wind Offshore,2026-09-15T13:30:34Z
2026-09-15T13:28:35Z,2026-09-15T15:28:35+0200,f560dd4e-bb34-4b12-a26c-2c44f5eb2814,2026-09-13T17:00:00Z,2026-09-13T19:00:00+0200,189.5,MW,DK2,DK_2,forecast_offshore_wind_generation,Wind Offshore,2026-09-15T13:30:34Z
2026-09-15T13:28:35Z,2026-09-15T15:28:35+0200,f560dd4e-bb34-4b12-a26c-2c44f5eb2814,2026-09-13T17:15:00Z,2026-09-13T19:15:00+0200,205.166666,MW,DK2,DK_2,forecast_offshore_wind_generation,Wind Offshore,2026-09-15T13:30:34Z
2026-09-15T13:28:35Z,2026-09-15T15:28:35+0200,f560dd4e-bb34-4b12-a26c-2c44f5eb2814,2026-09-13T17:30:00Z,2026-09-13T19:30:00+0200,224.833333,MW,DK2,DK_2,forecast_offshore_wind_generation,Wind Offshore,2026-09-15T13:30:34Z
2026-09-15T13:28:35Z,2026-09-15T15:28:35+0200,f560dd4e-bb34-4b12-a26c-2c44f5eb2814,2026-09-13T17:45:00Z,2026-09-13T19:45:00+0200,241.0,MW,DK2,DK_2,forecast_offshore_wind_generation,Wind Offshore,2026-09-15T13:30:34Z
2026-09-15T13:28:35Z,2026-09-15T15:28:35+0200,f560dd4e-bb34-4b12-a26c-2c44f5eb2814,2026-09-13T18:00:00Z,2026-09-13T20:00:00+0200,250.333333,MW,DK2,DK_2,forecast_offshore_wind_generation,Wind Offshore,2026-09-15T13:30:34Z
2026-09-15T13:28:35Z,2026-09-15T15:28:35+0200,f560dd4e-bb34-4b12-a26c-2c44f5eb2814,2026-09-13T18:15:00Z,2026-09-13T20:15:00+0200,262.833333,MW,DK2,DK_2,forecast_offshore_wind_generation,Wind Offshore,2026-09-15T13:30:34Z
2026-09-15T13:28:35Z,2026-09-15T15:28:35+0200,f560dd4e-bb34-4b12-a26c-2c44f5eb2814,2026-09-13T18:30:00Z,2026-09-13T20:30:00+0200,279.166666,MW,DK2,DK_2,forecast_offshore_wind_generation,Wind Offshore,2026-09-15T13:30:34Z
2026-09-15T13:28:35Z,2026-09-15T15:28:35+0200,f560dd4e-bb34-4b12-a26c-2c44f5eb2814,2026-09-13T18:45:00Z,2026-09-13T20:45:00+0200,294.0,MW,DK2,DK_2,forecast_offshore_wind_generation,Wind Offshore,2026-09-15T13:30:34Z
2026-09-15T13:28:35Z,2026-09-15T15:28:35+0200,f560dd4e-bb34-4b12-a26c-2c44f5eb2814,2026-09-13T19:00:00Z,2026-09-13T21:00:00+0200,297.833333,MW,DK2,DK_2,forecast_offshore_wind_generation,Wind Offshore,2026-09-15T13:30:34Z
2026-09-15T13:28:35Z,2026-09-15T15:28:35+0200,f560dd4e-bb34-4b12-a26c-2c44f5eb2814,2026-09-13T19:15:00Z,2026-09-13T21:15:00+0200,294.666666,MW,DK2,DK_2,forecast_offshore_wind_generation,Wind Offshore,2026-09-15T13:30:34Z
2026-09-15T13:28:35Z,2026-09-15T15:28:35+0200,f560dd4e-bb34-4b12-a26c-2c44f5eb2814,2026-09-13T19:30:00Z,2026-09-13T21:30:00+0200,287.5,MW,DK2,DK_2,forecast_offshore_wind_generation,Wind Offshore,2026-09-15T13:30:34Z
2026-09-15T13:28:35Z,2026-09-15T15:28:35+0200,f560dd4e-bb34-4b12-a26c-2c44f5eb2814,2026-09-13T19:45:00Z,2026-09-13T21:45:00+0200,282.0,MW,DK2,DK_2,forecast_offshore_wind_generation,Wind Offshore,2026-09-15T13:30:34Z
2026-09-15T13:28:35Z,2026-09-15T15:28:35+0200,f560dd4e-bb34-4b12-a26c-2c44f5eb2814,2026-09-13T20:00:00Z,2026-09-13T22:00:00+0200,279.5,MW,DK2,DK_2,forecast_offshore_wind_generation,Wind Offshore,2026-09-15T13:30:34Z
2026-09-15T13:28:35Z,2026-09-15T15:28:35+0200,f560dd4e-bb34-4b12-a26c-2c44f5eb2814,2026-09-13T20:15:00Z,2026-09-13T22:15:00+0200,278.5,MW,DK2,DK_2,forecast_offshore_wind_generation,Wind Offshore,2026-09-15T13:30:34Z
2026-09-15T13:28:35Z,2026-09-15T15:28:35+0200,f560dd4e-bb34-4b12-a26c-2c44f5eb2814,2026-09-13T20:30:00Z,2026-09-13T22:30:00+0200,277.833333,MW,DK2,DK_2,forecast_offshore_wind_generation,Wind Offshore,2026-09-15T13:30:34Z
2026-09-15T13:28:35Z,2026-09-15T15:28:35+0200,f560dd4e-bb34-4b12-a26c-2c44f5eb2814,2026-09-13T20:45:00Z,2026-09-13T22:45:00+0200,277.5,MW,DK2,DK_2,forecast_offshore_wind_generation,Wind Offshore,2026-09-15T13:30:34Z
2026-09-15T13:28:35Z,2026-09-15T15:28:35+0200,f560dd4e-bb34-4b12-a26c-2c44f5eb2814,2026-09-13T21:00:00Z,2026-09-13T23:00:00+0200,278.666666,MW,DK2,DK_2,forecast_offshore_wind_generation,Wind Offshore,2026-09-15T13:30:34Z
2026-09-15T13:28:35Z,2026-09-15T15:28:35+0200,f560dd4e-bb34-4b12-a26c-2c44f5eb2814,2026-09-13T21:15:00Z,2026-09-13T23:15:00+0200,282.0,MW,DK2,DK_2,forecast_offshore_wind_generation,Wind Offshore,2026-09-15T13:30:34Z
2026-09-15T13:28:35Z,2026-09-15T15:28:35+0200,f560dd4e-bb34-4b12-a26c-2c44f5eb2814,2026-09-13T21:30:00Z,2026-09-13T23:30:00+0200,287.0,MW,DK2,DK_2,forecast_offshore_wind_generation,Wind Offshore,2026-09-15T13:30:34Z
2026-09-15T13:28:35Z,2026-09-15T15:28:35+0200,f560dd4e-bb34-4b12-a26c-2c44f5eb2814,2026-09-13T21:45:00Z,2026-09-13T23:45:00+0200,292.0,MW,DK2,DK_2,forecast_offshore_wind_generation,Wind Offshore,2026-09-15T13:30:34Z
2026-09-15T13:28:35Z,2026-09-15T15:28:35+0200,f560dd4e-bb34-4b12-a26c-2c44f5eb2814,2026-09-13T22:00:00Z,2026-09-14T00:00:00+0200,298.5,MW,DK2,DK_2,forecast_offshore_wind_generation,Wind Offshore,2026-09-15T13:30:34Z
2026-09-15T13:28:35Z,2026-09-15T15:28:35+0200,f560dd4e-bb34-4b12-a26c-2c44f5eb2814,2026-09-13T22:15:00Z,2026-09-14T00:15:00+0200,304.0,MW,DK2,DK_2,forecast_offshore_wind_generation,Wind Offshore,2026-09-15T13:30:34Z
2026-09-15T13:28:35Z,2026-09-15T15:28:35+0200,f560dd4e-bb34-4b12-a26c-2c44f5eb2814,2026-09-13T22:30:00Z,2026-09-14T00:30:00+0200,310.166666,MW,DK2,DK_2,forecast_offshore_wind_generation,Wind Offshore,2026-09-15T13:30:34Z
2026-09-15T13:28:35Z,2026-09-15T15:28:35+0200,f560dd4e-bb34-4b12-a26c-2c44f5eb2814,2026-09-13T22:45:00Z,2026-09-14T00:45:00+0200,317.0,MW,DK2,DK_2,forecast_offshore_wind_generation,Wind Offshore,2026-09-15T13:30:34Z
2026-09-15T13:28:35Z,2026-09-15T15:28:35+0200,f560dd4e-bb34-4b12-a26c-2c44f5eb2814,2026-09-13T23:00:00Z,2026-09-14T01:00:00+0200,323.5,MW,DK2,DK_2,forecast_offshore_wind_generation,Wind Offshore,2026-09-15T13:30:34Z
2026-09-15T13:28:35Z,2026-09-15T15:28:35+0200,f560dd4e-bb34-4b12-a26c-2c44f5eb2814,2026-09-13T23:15:00Z,2026-09-14T01:15:00+0200,331.0,MW,DK2,DK_2,forecast_offshore_wind_generation,Wind Offshore,2026-09-15T13:30:34Z
2026-09-15T13:28:35Z,2026-09-15T15:28:35+0200,f560dd4e-bb34-4b12-a26c-2c44f5eb2814,2026-09-13T23:30:00Z,2026-09-14T01:30:00+0200,338.0,MW,DK2,DK_2,forecast_offshore_wind_generation,Wind Offshore,2026-09-15T13:30:34Z
2026-09-15T13:28:35Z,2026-09-15T15:28:35+0200,f560dd4e-bb34-4b12-a26c-2c44f5eb2814,2026-09-13T23:45:00Z,2026-09-14T01:45:00+0200,343.5,MW,DK2,DK_2,forecast_offshore_wind_generation,Wind Offshore,2026-09-15T13:30:34Z
2026-09-15T13:28:35Z,2026-09-15T15:28:35+0200,f560dd4e-bb34-4b12-a26c-2c44f5eb2814,2026-09-14T00:00:00Z,2026-09-14T02:00:00+0200,346.666666,MW,DK2,DK_2,forecast_offshore_wind_generation,Wind Offshore,2026-09-15T13:30:34Z
2026-09-15T13:28:35Z,2026-09-15T15:28:35+0200,f560dd4e-bb34-4b12-a26c-2c44f5eb2814,2026-09-14T00:15:00Z,2026-09-14T02:15:00+0200,349.5,MW,DK2,DK_2,forecast_offshore_wind_generation,Wind Offshore,2026-09-15T13:30:34Z
2026-09-15T13:28:35Z,2026-09-15T15:28:35+0200,f560dd4e-bb34-4b12-a26c-2c44f5eb2814,2026-09-14T00:30:00Z,2026-09-14T02:30:00+0200,352.0,MW,DK2,DK_2,forecast_offshore_wind_generation,Wind Offshore,2026-09-15T13:30:34Z
2026-09-15T13:28:35Z,2026-09-15T15:28:35+0200,f560dd4e-bb34-4b12-a26c-2c44f5eb2814,2026-09-14T00:45:00Z,2026-09-14T02:45:00+0200,353.5,MW,DK2,DK_2,forecast_offshore_wind_generation,Wind Offshore,2026-09-15T13:30:34Z
2026-09-15T13:28:35Z,2026-09-15T15:28:35+0200,f560dd4e-bb34-4b12-a26c-2c44f5eb2814,2026-09-14T01:00:00Z,2026-09-14T03:00:00+0200,353.5,MW,DK2,DK_2,forecast_offshore_wind_generation,Wind Offshore,2026-09-15T13:30:34Z
2026-09-15T13:28:35Z,2026-09-15T15:28:35+0200,f560dd4e-bb34-4b12-a26c-2c44f5eb2814,2026-09-14T01:15:00Z,2026-09-14T03:15:00+0200,352.0,MW,DK2,DK_2,forecast_offshore_wind_generation,Wind Offshore,2026-09-15T13:30:34Z
2026-09-15T13:28:35Z,2026-09-15T15:28:35+0200,f560dd4e-bb34-4b12-a26c-2c44f5eb2814,2026-09-14T01:30:00Z,2026-09-14T03:30:00+0200,349.666666,MW,DK2,DK_2,forecast_offshore_wind_generation,Wind Offshore,2026-09-15T13:30:34Z
2026-09-15T13:28:35Z,2026-09-15T15:28:35+0200,f560dd4e-bb34-4b12-a26c-2c44f5eb2814,2026-09-14T01:45:00Z,2026-09-14T03:45:00+0200,347.0,MW,DK2,DK_2,forecast_offshore_wind_generation,Wind Offshore,2026-09-15T13:30:34Z
2026-09-15T13:28:35Z,2026-09-15T15:28:35+0200,f560dd4e-bb34-4b12-a26c-2c44f5eb2814,2026-09-14T02:00:00Z,2026-09-14T04:00:00+0200,343.333333,MW,DK2,DK_2,forecast_offshore_wind_generation,Wind Offshore,2026-09-15T13:30:34Z
2026-09-15T13:28:35Z,2026-09-15T15:28:35+0200,f560dd4e-bb34-4b12-a26c-2c44f5eb2814,2026-09-14T02:15:00Z,2026-09-14T04:15:00+0200,339.5,MW,DK2,DK_2,forecast_offshore_wind_generation,Wind Offshore,2026-09-15T13:30:34Z
2026-09-15T13:28:35Z,2026-09-15T15:28:35+0200,f560dd4e-bb34-4b12-a26c-2c44f5eb2814,2026-09-14T02:30:00Z,2026-09-14T04:30:00+0200,336.5,MW,DK2,DK_2,forecast_offshore_wind_generation,Wind Offshore,2026-09-15T13:30:34Z
2026-09-15T13:28:35Z,2026-09-15T15:28:35+0200,f560dd4e-bb34-4b12-a26c-2c44f5eb2814,2026-09-14T02:45:00Z,2026-09-14T04:45:00+0200,333.5,MW,DK2,DK_2,forecast_offshore_wind_generation,Wind Offshore,2026-09-15T13:30:34Z
2026-09-15T13:28:35Z,2026-09-15T15:28:35+0200,f560dd4e-bb34-4b12-a26c-2c44f5eb2814,2026-09-14T03:00:00Z,2026-09-14T05:00:00+0200,331.5,MW,DK2,DK_2,forecast_offshore_wind_generation,Wind Offshore,2026-09-15T13:30:34Z
2026-09-15T13:28:35Z,2026-09-15T15:28:35+0200,f560dd4e-bb34-4b12-a26c-2c44f5eb2814,2026-09-14T03:15:00Z,2026-09-14T05:15:00+0200,330.0,MW,DK2,DK_2,forecast_offshore_wind_generation,Wind Offshore,2026-09-15T13:30:34Z
2026-09-15T13:28:35Z,2026-09-15T15:28:35+0200,f560dd4e-bb34-4b12-a26c-2c44f5eb2814,2026-09-14T03:30:00Z,2026-09-14T05:30:00+0200,328.833333,MW,DK2,DK_2,forecast_offshore_wind_generation,Wind Offshore,2026-09-15T13:30:34Z
2026-09-15T13:28:35Z,2026-09-15T15:28:35+0200,f560dd4e-bb34-4b12-a26c-2c44f5eb2814,2026-09-14T03:45:00Z,2026-09-14T05:45:00+0200,327.5,MW,DK2,DK_2,forecast_offshore_wind_generation,Wind Offshore,2026-09-15T13:30:34Z
2026-09-15T13:28:35Z,2026-09-15T15:28:35+0200,f560dd4e-bb34-4b12-a26c-2c44f5eb2814,2026-09-14T04:00:00Z,2026-09-14T06:00:00+0200,325.666666,MW,DK2,DK_2,forecast_offshore_wind_generation,Wind Offshore,2026-09-15T13:30:34Z
2026-09-15T13:28:35Z,2026-09-15T15:28:35+0200,f560dd4e-bb34-4b12-a26c-2c44f5eb2814,2026-09-14T04:15:00Z,2026-09-14T06:15:00+0200,323.666666,MW,DK2,DK_2,forecast_offshore_wind_generation,Wind Offshore,2026-09-15T13:30:34Z
2026-09-15T13:28:35Z,2026-09-15T15:28:35+0200,f560dd4e-bb34-4b12-a26c-2c44f5eb2814,2026-09-14T04:30:00Z,2026-09-14T06:30:00+0200,322.0,MW,DK2,DK_2,forecast_offshore_wind_generation,Wind Offshore,2026-09-15T13:30:34Z
2026-09-15T13:28:35Z,2026-09-15T15:28:35+0200,f560dd4e-bb34-4b12-a26c-2c44f5eb2814,2026-09-14T04:45:00Z,2026-09-14T06:45:00+0200,320.5,MW,DK2,DK_2,forecast_offshore_wind_generation,Wind Offshore,2026-09-15T13:30:34Z
2026-09-15T13:28:35Z,2026-09-15T15:28:35+0200,f560dd4e-bb34-4b12-a26c-2c44f5eb2814,2026-09-14T05:00:00Z,2026-09-14T07:00:00+0200,320.0,MW,DK2,DK_2,forecast_offshore_wind_generation,Wind Offshore,2026-09-15T13:30:34Z
2026-09-15T13:28:35Z,2026-09-15T15:28:35+0200,f560dd4e-bb34-4b12-a26c-2c44f5eb2814,2026-09-14T05:15:00Z,2026-09-14T07:15:00+0200,320.833333,MW,DK2,DK_2,forecast_offshore_wind_generation,Wind Offshore,2026-09-15T13:30:34Z
2026-09-15T13:28:35Z,2026-09-15T15:28:35+0200,f560dd4e-bb34-4b12-a26c-2c44f5eb2814,2026-09-14T05:30:00Z,2026-09-14T07:30:00+0200,321.833333,MW,DK2,DK_2,forecast_offshore_wind_generation,Wind Offshore,2026-09-15T13:30:34Z
2026-09-15T13:28:35Z,2026-09-15T15:28:35+0200,f560dd4e-bb34-4b12-a26c-2c44f5eb2814,2026-09-14T05:45:00Z,2026-09-14T07:45:00+0200,322.0,MW,DK2,DK_2,forecast_offshore_wind_generation,Wind Offshore,2026-09-15T13:30:34Z
2026-09-15T13:28:35Z,2026-09-15T15:28:35+0200,f560dd4e-bb34-4b12-a26c-2c44f5eb2814,2026-09-14T06:00:00Z,2026-09-14T08:00:00+0200,319.833333,MW,DK2,DK_2,forecast_offshore_wind_generation,Wind Offshore,2026-09-15T13:30:34Z
2026-09-15T13:28:35Z,2026-09-15T15:28:35+0200,f560dd4e-bb34-4b12-a26c-2c44f5eb2814,2026-09-14T06:15:00Z,2026-09-14T08:15:00+0200,312.5,MW,DK2,DK_2,forecast_offshore_wind_generation,Wind Offshore,2026-09-15T13:30:34Z
2026-09-15T13:28:35Z,2026-09-15T15:28:35+0200,f560dd4e-bb34-4b12-a26c-2c44f5eb2814,2026-09-14T06:30:00Z,2026-09-14T08:30:00+0200,303.5,MW,DK2,DK_2,forecast_offshore_wind_generation,Wind Offshore,2026-09-15T13:30:34Z
2026-09-15T13:28:35Z,2026-09-15T15:28:35+0200,f560dd4e-bb34-4b12-a26c-2c44f5eb2814,2026-09-14T06:45:00Z,2026-09-14T08:45:00+0200,295.333333,MW,DK2,DK_2,forecast_offshore_wind_generation,Wind Offshore,2026-09-15T13:30:34Z
2026-09-15T13:28:35Z,2026-09-15T15:28:35+0200,f560dd4e-bb34-4b12-a26c-2c44f5eb2814,2026-09-14T07:00:00Z,2026-09-14T09:00:00+0200,290.666666,MW,DK2,DK_2,forecast_offshore_wind_generation,Wind Offshore,2026-09-15T13:30:34Z
2026-09-15T13:28:35Z,2026-09-15T15:28:35+0200,f560dd4e-bb34-4b12-a26c-2c44f5eb2814,2026-09-14T07:15:00Z,2026-09-14T09:15:00+0200,286.5,MW,DK2,DK_2,forecast_offshore_wind_generation,Wind Offshore,2026-09-15T13:30:34Z
2026-09-15T13:28:35Z,2026-09-15T15:28:35+0200,f560dd4e-bb34-4b12-a26c-2c44f5eb2814,2026-09-14T07:30:00Z,2026-09-14T09:30:00+0200,282.0,MW,DK2,DK_2,forecast_offshore_wind_generation,Wind Offshore,2026-09-15T13:30:34Z
2026-09-15T13:28:35Z,2026-09-15T15:28:35+0200,f560dd4e-bb34-4b12-a26c-2c44f5eb2814,2026-09-14T07:45:00Z,2026-09-14T09:45:00+0200,277.5,MW,DK2,DK_2,forecast_offshore_wind_generation,Wind Offshore,2026-09-15T13:30:34Z
2026-09-15T13:28:35Z,2026-09-15T15:28:35+0200,f560dd4e-bb34-4b12-a26c-2c44f5eb2814,2026-09-14T08:00:00Z,2026-09-14T10:00:00+0200,273.333333,MW,DK2,DK_2,forecast_offshore_wind_generation,Wind Offshore,2026-09-15T13:30:34Z
2026-09-15T13:28:35Z,2026-09-15T15:28:35+0200,f560dd4e-bb34-4b12-a26c-2c44f5eb2814,2026-09-14T08:15:00Z,2026-09-14T10:15:00+0200,268.5,MW,DK2,DK_2,forecast_offshore_wind_generation,Wind Offshore,2026-09-15T13:30:34Z
2026-09-15T13:28:35Z,2026-09-15T15:28:35+0200,f560dd4e-bb34-4b12-a26c-2c44f5eb2814,2026-09-14T08:30:00Z,2026-09-14T10:30:00+0200,263.5,MW,DK2,DK_2,forecast_offshore_wind_generation,Wind Offshore,2026-09-15T13:30:34Z
2026-09-15T13:28:35Z,2026-09-15T15:28:35+0200,f560dd4e-bb34-4b12-a26c-2c44f5eb2814,2026-09-14T08:45:00Z,2026-09-14T10:45:00+0200,259.0,MW,DK2,DK_2,forecast_offshore_wind_generation,Wind Offshore,2026-09-15T13:30:34Z
2026-09-15T13:28:35Z,2026-09-15T15:28:35+0200,f560dd4e-bb34-4b12-a26c-2c44f5eb2814,2026-09-14T09:00:00Z,2026-09-14T11:00:00+0200,255.333333,MW,DK2,DK_2,forecast_offshore_wind_generation,Wind Offshore,2026-09-15T13:30:34Z
2026-09-15T13:28:35Z,2026-09-15T15:28:35+0200,f560dd4e-bb34-4b12-a26c-2c44f5eb2814,2026-09-14T09:15:00Z,2026-09-14T11:15:00+0200,251.333333,MW,DK2,DK_2,forecast_offshore_wind_generation,Wind Offshore,2026-09-15T13:30:34Z
2026-09-15T13:28:35Z,2026-09-15T15:28:35+0200,f560dd4e-bb34-4b12-a26c-2c44f5eb2814,2026-09-14T09:30:00Z,2026-09-14T11:30:00+0200,247.5,MW,DK2,DK_2,forecast_offshore_wind_generation,Wind Offshore,2026-09-15T13:30:34Z
2026-09-15T13:28:35Z,2026-09-15T15:28:35+0200,f560dd4e-bb34-4b12-a26c-2c44f5eb2814,2026-09-14T09:45:00Z,2026-09-14T11:45:00+0200,245.166666,MW,DK2,DK_2,forecast_offshore_wind_generation,Wind Offshore,2026-09-15T13:30:34Z
2026-09-15T13:28:35Z,2026-09-15T15:28:35+0200,f560dd4e-bb34-4b12-a26c-2c44f5eb2814,2026-09-14T10:00:00Z,2026-09-14T12:00:00+0200,245.0,MW,DK2,DK_2,forecast_offshore_wind_generation,Wind Offshore,2026-09-15T13:30:34Z
2026-09-15T13:28:35Z,2026-09-15T15:28:35+0200,f560dd4e-bb34-4b12-a26c-2c44f5eb2814,2026-09-14T10:15:00Z,2026-09-14T12:15:00+0200,246.0,MW,DK2,DK_2,forecast_offshore_wind_generation,Wind Offshore,2026-09-15T13:30:34Z
2026-09-15T13:28:35Z,2026-09-15T15:28:35+0200,f560dd4e-bb34-4b12-a26c-2c44f5eb2814,2026-09-14T10:30:00Z,2026-09-14T12:30:00+0200,247.666666,MW,DK2,DK_2,forecast_offshore_wind_generation,Wind Offshore,2026-09-15T13:30:34Z
2026-09-15T13:28:35Z,2026-09-15T15:28:35+0200,f560dd4e-bb34-4b12-a26c-2c44f5eb2814,2026-09-14T10:45:00Z,2026-09-14T12:45:00+0200,249.5,MW,DK2,DK_2,forecast_offshore_wind_generation,Wind Offshore,2026-09-15T13:30:34Z
2026-09-15T13:28:35Z,2026-09-15T15:28:35+0200,f560dd4e-bb34-4b12-a26c-2c44f5eb2814,2026-09-14T11:00:00Z,2026-09-14T13:00:00+0200,251.666666,MW,DK2,DK_2,forecast_offshore_wind_generation,Wind Offshore,2026-09-15T13:30:34Z
2026-09-15T13:28:35Z,2026-09-15T15:28:35+0200,f560dd4e-bb34-4b12-a26c-2c44f5eb2814,2026-09-14T11:15:00Z,2026-09-14T13:15:00+0200,256.333333,MW,DK2,DK_2,forecast_offshore_wind_generation,Wind Offshore,2026-09-15T13:30:34Z
2026-09-15T13:28:35Z,2026-09-15T15:28:35+0200,f560dd4e-bb34-4b12-a26c-2c44f5eb2814,2026-09-14T11:30:00Z,2026-09-14T13:30:00+0200,262.833333,MW,DK2,DK_2,forecast_offshore_wind_generation,Wind Offshore,2026-09-15T13:30:34Z
2026-09-15T13:28:35Z,2026-09-15T15:28:35+0200,f560dd4e-bb34-4b12-a26c-2c44f5eb2814,2026-09-14T11:45:00Z,2026-09-14T13:45:00+0200,267.333333,MW,DK2,DK_2,forecast_offshore_wind_generation,Wind Offshore,2026-09-15T13:30:34Z
2026-09-15T13:28:35Z,2026-09-15T15:28:35+0200,f560dd4e-bb34-4b12-a26c-2c44f5eb2814,2026-09-14T12:00:00Z,2026-09-14T14:00:00+0200,270.0,MW,DK2,DK_2,forecast_offshore_wind_generation,Wind Offshore,2026-09-15T13:30:34Z
2026-09-15T13:28:35Z,2026-09-15T15:28:35+0200,f560dd4e-bb34-4b12-a26c-2c44f5eb2814,2026-09-14T12:15:00Z,2026-09-14T14:15:00+0200,271.0,MW,DK2,DK_2,forecast_offshore_wind_generation,Wind Offshore,2026-09-15T13:30:34Z
2026-09-15T13:28:35Z,2026-09-15T15:28:35+0200,f560dd4e-bb34-4b12-a26c-2c44f5eb2814,2026-09-14T12:30:00Z,2026-09-14T14:30:00+0200,270.0,MW,DK2,DK_2,forecast_offshore_wind_generation,Wind Offshore,2026-09-15T13:30:34Z
2026-09-15T13:28:35Z,2026-09-15T15:28:35+0200,f560dd4e-bb34-4b12-a26c-2c44f5eb2814,2026-09-14T12:45:00Z,2026-09-14T14:45:00+0200,268.333333,MW,DK2,DK_2,forecast_offshore_wind_generation,Wind Offshore,2026-09-15T13:30:34Z
2026-09-15T13:28:35Z,2026-09-15T15:28:35+0200,f560dd4e-bb34-4b12-a26c-2c44f5eb2814,2026-09-14T13:00:00Z,2026-09-14T15:00:00+0200,265.5,MW,DK2,DK_2,forecast_offshore_wind_generation,Wind Offshore,2026-09-15T13:30:34Z
2026-09-15T13:28:35Z,2026-09-15T15:28:35+0200,f560dd4e-bb34-4b12-a26c-2c44f5eb2814,2026-09-14T13:15:00Z,2026-09-14T15:15:00+0200,263.0,MW,DK2,DK_2,forecast_offshore_wind_generation,Wind Offshore,2026-09-15T13:30:34Z
2026-09-15T13:28:35Z,2026-09-15T15:28:35+0200,f560dd4e-bb34-4b12-a26c-2c44f5eb2814,2026-09-14T13:30:00Z,2026-09-14T15:30:00+0200,260.666666,MW,DK2,DK_2,forecast_offshore_wind_generation,Wind Offshore,2026-09-15T13:30:34Z
2026-09-15T13:28:35Z,2026-09-15T15:28:35+0200,f560dd4e-bb34-4b12-a26c-2c44f5eb2814,2026-09-14T13:45:00Z,2026-09-14T15:45:00+0200,258.333333,MW,DK2,DK_2,forecast_offshore_wind_generation,Wind Offshore,2026-09-15T13:30:34Z
2026-09-15T13:28:35Z,2026-09-15T15:28:35+0200,f560dd4e-bb34-4b12-a26c-2c44f5eb2814,2026-09-14T14:00:00Z,2026-09-14T16:00:00+0200,254.0,MW,DK2,DK_2,forecast_offshore_wind_generation,Wind Offshore,2026-09-15T13:30:34Z
2026-09-15T13:28:35Z,2026-09-15T15:28:35+0200,f560dd4e-bb34-4b12-a26c-2c44f5eb2814,2026-09-14T14:15:00Z,2026-09-14T16:15:00+0200,249.0,MW,DK2,DK_2,forecast_offshore_wind_generation,Wind Offshore,2026-09-15T13:30:34Z
2026-09-15T13:28:35Z,2026-09-15T15:28:35+0200,f560dd4e-bb34-4b12-a26c-2c44f5eb2814,2026-09-14T14:30:00Z,2026-09-14T16:30:00+0200,243.0,MW,DK2,DK_2,forecast_offshore_wind_generation,Wind Offshore,2026-09-15T13:30:34Z
2026-09-15T13:28:35Z,2026-09-15T15:28:35+0200,f560dd4e-bb34-4b12-a26c-2c44f5eb2814,2026-09-14T14:45:00Z,2026-09-14T16:45:00+0200,236.0,MW,DK2,DK_2,forecast_offshore_wind_generation,Wind Offshore,2026-09-15T13:30:34Z
2026-09-15T13:28:35Z,2026-09-15T15:28:35+0200,f560dd4e-bb34-4b12-a26c-2c44f5eb2814,2026-09-14T15:00:00Z,2026-09-14T17:00:00+0200,227.333333,MW,DK2,DK_2,forecast_offshore_wind_generation,Wind Offshore,2026-09-15T13:30:34Z
2026-09-15T13:28:35Z,2026-09-15T15:28:35+0200,f560dd4e-bb34-4b12-a26c-2c44f5eb2814,2026-09-14T15:15:00Z,2026-09-14T17:15:00+0200,217.333333,MW,DK2,DK_2,forecast_offshore_wind_generation,Wind Offshore,2026-09-15T13:30:34Z
2026-09-15T13:28:35Z,2026-09-15T15:28:35+0200,f560dd4e-bb34-4b12-a26c-2c44f5eb2814,2026-09-14T15:30:00Z,2026-09-14T17:30:00+0200,207.0,MW,DK2,DK_2,forecast_offshore_wind_generation,Wind Offshore,2026-09-15T13:30:34Z
2026-09-15T13:28:35Z,2026-09-15T15:28:35+0200,f560dd4e-bb34-4b12-a26c-2c44f5eb2814,2026-09-14T15:45:00Z,2026-09-14T17:45:00+0200,197.0,MW,DK2,DK_2,forecast_offshore_wind_generation,Wind Offshore,2026-09-15T13:30:34Z
2026-09-15T13:28:35Z,2026-09-15T15:28:35+0200,f560dd4e-bb34-4b12-a26c-2c44f5eb2814,2026-09-14T16:00:00Z,2026-09-14T18:00:00+0200,186.5,MW,DK2,DK_2,forecast_offshore_wind_generation,Wind Offshore,2026-09-15T13:30:34Z
2026-09-15T13:28:35Z,2026-09-15T15:28:35+0200,f560dd4e-bb34-4b12-a26c-2c44f5eb2814,2026-09-14T16:15:00Z,2026-09-14T18:15:00+0200,175.166666,MW,DK2,DK_2,forecast_offshore_wind_generation,Wind Offshore,2026-09-15T13:30:34Z
2026-09-15T13:28:35Z,2026-09-15T15:28:35+0200,f560dd4e-bb34-4b12-a26c-2c44f5eb2814,2026-09-14T16:30:00Z,2026-09-14T18:30:00+0200,164.0,MW,DK2,DK_2,forecast_offshore_wind_generation,Wind Offshore,2026-09-15T13:30:34Z
2026-09-15T13:28:35Z,2026-09-15T15:28:35+0200,f560dd4e-bb34-4b12-a26c-2c44f5eb2814,2026-09-14T16:45:00Z,2026-09-14T18:45:00+0200,152.166666,MW,DK2,DK_2,forecast_offshore_wind_generation,Wind Offshore,2026-09-15T13:30:34Z
2026-09-15T13:28:35Z,2026-09-15T15:28:35+0200,f560dd4e-bb34-4b12-a26c-2c44f5eb2814,2026-09-14T17:00:00Z,2026-09-14T19:00:00+0200,141.5,MW,DK2,DK_2,forecast_offshore_wind_generation,Wind Offshore,2026-09-15T13:30:34Z
2026-09-15T13:28:35Z,2026-09-15T15:28:35+0200,f560dd4e-bb34-4b12-a26c-2c44f5eb2814,2026-09-14T17:15:00Z,2026-09-14T19:15:00+0200,129.333333,MW,DK2,DK_2,forecast_offshore_wind_generation,Wind Offshore,2026-09-15T13:30:34Z
2026-09-15T13:28:35Z,2026-09-15T15:28:35+0200,f560dd4e-bb34-4b12-a26c-2c44f5eb2814,2026-09-14T17:30:00Z,2026-09-14T19:30:00+0200,119.5,MW,DK2,DK_2,forecast_offshore_wind_generation,Wind Offshore,2026-09-15T13:30:34Z
2026-09-15T13:28:35Z,2026-09-15T15:28:35+0200,f560dd4e-bb34-4b12-a26c-2c44f5eb2814,2026-09-14T17:45:00Z,2026-09-14T19:45:00+0200,112.166666,MW,DK2,DK_2,forecast_offshore_wind_generation,Wind Offshore,2026-09-15T13:30:34Z
2026-09-15T13:28:35Z,2026-09-15T15:28:35+0200,f560dd4e-bb34-4b12-a26c-2c44f5eb2814,2026-09-14T18:00:00Z,2026-09-14T20:00:00+0200,107.666666,MW,DK2,DK_2,forecast_offshore_wind_generation,Wind Offshore,2026-09-15T13:30:34Z
2026-09-15T13:28:35Z,2026-09-15T15:28:35+0200,f560dd4e-bb34-4b12-a26c-2c44f5eb2814,2026-09-14T18:15:00Z,2026-09-14T20:15:00+0200,104.5,MW,DK2,DK_2,forecast_offshore_wind_generation,Wind Offshore,2026-09-15T13:30:34Z
2026-09-15T13:28:35Z,2026-09-15T15:28:35+0200,f560dd4e-bb34-4b12-a26c-2c44f5eb2814,2026-09-14T18:30:00Z,2026-09-14T20:30:00+0200,101.666666,MW,DK2,DK_2,forecast_offshore_wind_generation,Wind Offshore,2026-09-15T13:30:34Z
2026-09-15T13:28:35Z,2026-09-15T15:28:35+0200,f560dd4e-bb34-4b12-a26c-2c44f5eb2814,2026-09-14T18:45:00Z,2026-09-14T20:45:00+0200,99.5,MW,DK2,DK_2,forecast_offshore_wind_generation,Wind Offshore,2026-09-15T13:30:34Z
2026-09-15T13:28:35Z,2026-09-15T15:28:35+0200,f560dd4e-bb34-4b12-a26c-2c44f5eb2814,2026-09-14T19:00:00Z,2026-09-14T21:00:00+0200,95.666666,MW,DK2,DK_2,forecast_offshore_wind_generation,Wind Offshore,2026-09-15T13:30:34Z
2026-09-15T13:28:35Z,2026-09-15T15:28:35+0200,f560dd4e-bb34-4b12-a26c-2c44f5eb2814,2026-09-14T19:15:00Z,2026-09-14T21:15:00+0200,88.833333,MW,DK2,DK_2,forecast_offshore_wind_generation,Wind Offshore,2026-09-15T13:30:34Z
2026-09-15T13:28:35Z,2026-09-15T15:28:35+0200,f560dd4e-bb34-4b12-a26c-2c44f5eb2814,2026-09-14T19:30:00Z,2026-09-14T21:30:00+0200,81.833333,MW,DK2,DK_2,forecast_offshore_wind_generation,Wind Offshore,2026-09-15T13:30:34Z
2026-09-15T13:28:35Z,2026-09-15T15:28:35+0200,f560dd4e-bb34-4b12-a26c-2c44f5eb2814,2026-09-14T19:45:00Z,2026-09-14T21:45:00+0200,75.5,MW,DK2,DK_2,forecast_offshore_wind_generation,Wind Offshore,2026-09-15T13:30:34Z
2026-09-15T13:28:35Z,2026-09-15T15:28:35+0200,f560dd4e-bb34-4b12-a26c-2c44f5eb2814,2026-09-14T20:00:00Z,2026-09-14T22:00:00+0200,71.0,MW,DK2,DK_2,forecast_offshore_wind_generation,Wind Offshore,2026-09-15T13:30:34Z
2026-09-15T13:28:35Z,2026-09-15T15:28:35+0200,f560dd4e-bb34-4b12-a26c-2c44f5eb2814,2026-09-14T20:15:00Z,2026-09-14T22:15:00+0200,66.666666,MW,DK2,DK_2,forecast_offshore_wind_generation,Wind Offshore,2026-09-15T13:30:34Z
2026-09-15T13:28:35Z,2026-09-15T15:28:35+0200,f560dd4e-bb34-4b12-a26c-2c44f5eb2814,2026-09-14T20:30:00Z,2026-09-14T22:30:00+0200,63.5,MW,DK2,DK_2,forecast_offshore_wind_generation,Wind Offshore,2026-09-15T13:30:34Z
2026-09-15T13:28:35Z,2026-09-15T15:28:35+0200,f560dd4e-bb34-4b12-a26c-2c44f5eb2814,2026-09-14T20:45:00Z,2026-09-14T22:45:00+0200,60.666666,MW,DK2,DK_2,forecast_offshore_wind_generation,Wind Offshore,2026-09-15T13:30:34Z
2026-09-15T13:28:35Z,2026-09-15T15:28:35+0200,f560dd4e-bb34-4b12-a26c-2c44f5eb2814,2026-09-14T21:00:00Z,2026-09-14T23:00:00+0200,59.0,MW,DK2,DK_2,forecast_offshore_wind_generation,Wind Offshore,2026-09-15T13:30:34Z
2026-09-15T13:28:35Z,2026-09-15T15:28:35+0200,f560dd4e-bb34-4b12-a26c-2c44f5eb2814,2026-09-14T21:15:00Z,2026-09-14T23:15:00+0200,56.5,MW,DK2,DK_2,forecast_offshore_wind_generation,Wind Offshore,2026-09-15T13:30:34Z
2026-09-15T13:28:35Z,2026-09-15T15:28:35+0200,f560dd4e-bb34-4b12-a26c-2c44f5eb2814,2026-09-14T21:30:00Z,2026-09-14T23:30:00+0200,54.5,MW,DK2,DK_2,forecast_offshore_wind_generation,Wind Offshore,2026-09-15T13:30:34Z
2026-09-15T13:28:35Z,2026-09-15T15:28:35+0200,f560dd4e-bb34-4b12-a26c-2c44f5eb2814,2026-09-14T21:45:00Z,2026-09-14T23:45:00+0200,53.166666,MW,DK2,DK_2,forecast_offshore_wind_generation,Wind Offshore,2026-09-15T13:30:34Z
2026-09-15T13:28:35Z,2026-09-15T15:28:35+0200,f560dd4e-bb34-4b12-a26c-2c44f5eb2814,2026-09-14T22:00:00Z,2026-09-15T00:00:00+0200,37.0,MW,DK2,DK_2,forecast_offshore_wind_generation,Wind Offshore,2026-09-15T13:30:34Z
2026-09-15T13:28:35Z,2026-09-15T15:28:35+0200,f560dd4e-bb34-4b12-a26c-2c44f5eb2814,2026-09-14T22:15:00Z,2026-09-15T00:15:00+0200,38.5,MW,DK2,DK_2,forecast_offshore_wind_generation,Wind Offshore,2026-09-15T13:30:34Z
2026-09-15T13:28:35Z,2026-09-15T15:28:35+0200,f560dd4e-bb34-4b12-a26c-2c44f5eb2814,2026-09-14T22:30:00Z,2026-09-15T00:30:00+0200,41.5,MW,DK2,DK_2,forecast_offshore_wind_generation,Wind Offshore,2026-09-15T13:30:34Z
2026-09-15T13:28:35Z,2026-09-15T15:28:35+0200,f560dd4e-bb34-4b12-a26c-2c44f5eb2814,2026-09-14T22:45:00Z,2026-09-15T00:45:00+0200,44.666666,MW,DK2,DK_2,forecast_offshore_wind_generation,Wind Offshore,2026-09-15T13:30:34Z
2026-09-15T13:28:35Z,2026-09-15T15:28:35+0200,f560dd4e-bb34-4b12-a26c-2c44f5eb2814,2026-09-14T23:00:00Z,2026-09-15T01:00:00+0200,49.333333,MW,DK2,DK_2,forecast_offshore_wind_generation,Wind Offshore,2026-09-15T13:30:34Z
2026-09-15T13:28:35Z,2026-09-15T15:28:35+0200,f560dd4e-bb34-4b12-a26c-2c44f5eb2814,2026-09-14T23:15:00Z,2026-09-15T01:15:00+0200,57.166666,MW,DK2,DK_2,forecast_offshore_wind_generation,Wind Offshore,2026-09-15T13:30:34Z
2026-09-15T13:28:35Z,2026-09-15T15:28:35+0200,f560dd4e-bb34-4b12-a26c-2c44f5eb2814,2026-09-14T23:30:00Z,2026-09-15T01:30:00+0200,67.833333,MW,DK2,DK_2,forecast_offshore_wind_generation,Wind Offshore,2026-09-15T13:30:34Z
2026-09-15T13:28:35Z,2026-09-15T15:28:35+0200,f560dd4e-bb34-4b12-a26c-2c44f5eb2814,2026-09-14T23:45:00Z,2026-09-15T01:45:00+0200,77.333333,MW,DK2,DK_2,forecast_offshore_wind_generation,Wind Offshore,2026-09-15T13:30:34Z
2026-09-15T13:28:35Z,2026-09-15T15:28:35+0200,f560dd4e-bb34-4b12-a26c-2c44f5eb2814,2026-09-15T00:00:00Z,2026-09-15T02:00:00+0200,84.166666,MW,DK2,DK_2,forecast_offshore_wind_generation,Wind Offshore,2026-09-15T13:30:34Z
2026-09-15T13:28:35Z,2026-09-15T15:28:35+0200,f560dd4e-bb34-4b12-a26c-2c44f5eb2814,2026-09-15T00:15:00Z,2026-09-15T02:15:00+0200,91.166666,MW,DK2,DK_2,forecast_offshore_wind_generation,Wind Offshore,2026-09-15T13:30:34Z
2026-09-15T13:28:35Z,2026-09-15T15:28:35+0200,f560dd4e-bb34-4b12-a26c-2c44f5eb2814,2026-09-15T00:30:00Z,2026-09-15T02:30:00+0200,98.5,MW,DK2,DK_2,forecast_offshore_wind_generation,Wind Offshore,2026-09-15T13:30:34Z
2026-09-15T13:28:35Z,2026-09-15T15:28:35+0200,f560dd4e-bb34-4b12-a26c-2c44f5eb2814,2026-09-15T00:45:00Z,2026-09-15T02:45:00+0200,106.5,MW,DK2,DK_2,forecast_offshore_wind_generation,Wind Offshore,2026-09-15T13:30:34Z
2026-09-15T13:28:35Z,2026-09-15T15:28:35+0200,f560dd4e-bb34-4b12-a26c-2c44f5eb2814,2026-09-15T01:00:00Z,2026-09-15T03:00:00+0200,116.833333,MW,DK2,DK_2,forecast_offshore_wind_generation,Wind Offshore,2026-09-15T13:30:34Z
2026-09-15T13:28:35Z,2026-09-15T15:28:35+0200,f560dd4e-bb34-4b12-a26c-2c44f5eb2814,2026-09-15T01:15:00Z,2026-09-15T03:15:00+0200,131.5,MW,DK2,DK_2,forecast_offshore_wind_generation,Wind Offshore,2026-09-15T13:30:34Z
2026-09-15T13:28:35Z,2026-09-15T15:28:35+0200,f560dd4e-bb34-4b12-a26c-2c44f5eb2814,2026-09-15T01:30:00Z,2026-09-15T03:30:00+0200,147.333333,MW,DK2,DK_2,forecast_offshore_wind_generation,Wind Offshore,2026-09-15T13:30:34Z
2026-09-15T13:28:35Z,2026-09-15T15:28:35+0200,f560dd4e-bb34-4b12-a26c-2c44f5eb2814,2026-09-15T01:45:00Z,2026-09-15T03:45:00+0200,162.166666,MW,DK2,DK_2,forecast_offshore_wind_generation,Wind Offshore,2026-09-15T13:30:34Z
2026-09-15T13:28:35Z,2026-09-15T15:28:35+0200,f560dd4e-bb34-4b12-a26c-2c44f5eb2814,2026-09-15T02:00:00Z,2026-09-15T04:00:00+0200,174.0,MW,DK2,DK_2,forecast_offshore_wind_generation,Wind Offshore,2026-09-15T13:30:34Z
2026-09-15T13:28:35Z,2026-09-15T15:28:35+0200,f560dd4e-bb34-4b12-a26c-2c44f5eb2814,2026-09-15T02:15:00Z,2026-09-15T04:15:00+0200,186.166666,MW,DK2,DK_2,forecast_offshore_wind_generation,Wind Offshore,2026-09-15T13:30:34Z
2026-09-15T13:28:35Z,2026-09-15T15:28:35+0200,f560dd4e-bb34-4b12-a26c-2c44f5eb2814,2026-09-15T02:30:00Z,2026-09-15T04:30:00+0200,198.166666,MW,DK2,DK_2,forecast_offshore_wind_generation,Wind Offshore,2026-09-15T13:30:34Z
2026-09-15T13:28:35Z,2026-09-15T15:28:35+0200,f560dd4e-bb34-4b12-a26c-2c44f5eb2814,2026-09-15T02:45:00Z,2026-09-15T04:45:00+0200,207.0,MW,DK2,DK_2,forecast_offshore_wind_generation,Wind Offshore,2026-09-15T13:30:34Z
2026-09-15T13:28:35Z,2026-09-15T15:28:35+0200,f560dd4e-bb34-4b12-a26c-2c44f5eb2814,2026-09-15T03:00:00Z,2026-09-15T05:00:00+0200,212.833333,MW,DK2,DK_2,forecast_offshore_wind_generation,Wind Offshore,2026-09-15T13:30:34Z
2026-09-15T13:28:35Z,2026-09-15T15:28:35+0200,f560dd4e-bb34-4b12-a26c-2c44f5eb2814,2026-09-15T03:15:00Z,2026-09-15T05:15:00+0200,216.5,MW,DK2,DK_2,forecast_offshore_wind_generation,Wind Offshore,2026-09-15T13:30:34Z
2026-09-15T13:28:35Z,2026-09-15T15:28:35+0200,f560dd4e-bb34-4b12-a26c-2c44f5eb2814,2026-09-15T03:30:00Z,2026-09-15T05:30:00+0200,219.5,MW,DK2,DK_2,forecast_offshore_wind_generation,Wind Offshore,2026-09-15T13:30:34Z
2026-09-15T13:28:35Z,2026-09-15T15:28:35+0200,f560dd4e-bb34-4b12-a26c-2c44f5eb2814,2026-09-15T03:45:00Z,2026-09-15T05:45:00+0200,223.0,MW,DK2,DK_2,forecast_offshore_wind_generation,Wind Offshore,2026-09-15T13:30:34Z
2026-09-15T13:28:35Z,2026-09-15T15:28:35+0200,f560dd4e-bb34-4b12-a26c-2c44f5eb2814,2026-09-15T04:00:00Z,2026-09-15T06:00:00+0200,228.5,MW,DK2,DK_2,forecast_offshore_wind_generation,Wind Offshore,2026-09-15T13:30:34Z
2026-09-15T13:28:35Z,2026-09-15T15:28:35+0200,f560dd4e-bb34-4b12-a26c-2c44f5eb2814,2026-09-15T04:15:00Z,2026-09-15T06:15:00+0200,236.5,MW,DK2,DK_2,forecast_offshore_wind_generation,Wind Offshore,2026-09-15T13:30:34Z
2026-09-15T13:28:35Z,2026-09-15T15:28:35+0200,f560dd4e-bb34-4b12-a26c-2c44f5eb2814,2026-09-15T04:30:00Z,2026-09-15T06:30:00+0200,245.5,MW,DK2,DK_2,forecast_offshore_wind_generation,Wind Offshore,2026-09-15T13:30:34Z
2026-09-15T13:28:35Z,2026-09-15T15:28:35+0200,f560dd4e-bb34-4b12-a26c-2c44f5eb2814,2026-09-15T04:45:00Z,2026-09-15T06:45:00+0200,254.333333,MW,DK2,DK_2,forecast_offshore_wind_generation,Wind Offshore,2026-09-15T13:30:34Z
2026-09-15T13:28:35Z,2026-09-15T15:28:35+0200,f560dd4e-bb34-4b12-a26c-2c44f5eb2814,2026-09-15T05:00:00Z,2026-09-15T07:00:00+0200,264.0,MW,DK2,DK_2,forecast_offshore_wind_generation,Wind Offshore,2026-09-15T13:30:34Z
2026-09-15T13:28:35Z,2026-09-15T15:28:35+0200,f560dd4e-bb34-4b12-a26c-2c44f5eb2814,2026-09-15T05:15:00Z,2026-09-15T07:15:00+0200,278.0,MW,DK2,DK_2,forecast_offshore_wind_generation,Wind Offshore,2026-09-15T13:30:34Z
2026-09-15T13:28:35Z,2026-09-15T15:28:35+0200,f560dd4e-bb34-4b12-a26c-2c44f5eb2814,2026-09-15T05:30:00Z,2026-09-15T07:30:00+0200,293.5,MW,DK2,DK_2,forecast_offshore_wind_generation,Wind Offshore,2026-09-15T13:30:34Z
2026-09-15T13:28:35Z,2026-09-15T15:28:35+0200,f560dd4e-bb34-4b12-a26c-2c44f5eb2814,2026-09-15T05:45:00Z,2026-09-15T07:45:00+0200,306.333333,MW,DK2,DK_2,forecast_offshore_wind_generation,Wind Offshore,2026-09-15T13:30:34Z
2026-09-15T13:28:35Z,2026-09-15T15:28:35+0200,f560dd4e-bb34-4b12-a26c-2c44f5eb2814,2026-09-15T06:00:00Z,2026-09-15T08:00:00+0200,314.166666,MW,DK2,DK_2,forecast_offshore_wind_generation,Wind Offshore,2026-09-15T13:30:34Z
2026-09-15T13:28:35Z,2026-09-15T15:28:35+0200,f560dd4e-bb34-4b12-a26c-2c44f5eb2814,2026-09-15T06:15:00Z,2026-09-15T08:15:00+0200,322.333333,MW,DK2,DK_2,forecast_offshore_wind_generation,Wind Offshore,2026-09-15T13:30:34Z
2026-09-15T13:28:35Z,2026-09-15T15:28:35+0200,f560dd4e-bb34-4b12-a26c-2c44f5eb2814,2026-09-15T06:30:00Z,2026-09-15T08:30:00+0200,330.5,MW,DK2,DK_2,forecast_offshore_wind_generation,Wind Offshore,2026-09-15T13:30:34Z
2026-09-15T13:28:35Z,2026-09-15T15:28:35+0200,f560dd4e-bb34-4b12-a26c-2c44f5eb2814,2026-09-15T06:45:00Z,2026-09-15T08:45:00+0200,338.0,MW,DK2,DK_2,forecast_offshore_wind_generation,Wind Offshore,2026-09-15T13:30:34Z
2026-09-15T13:28:35Z,2026-09-15T15:28:35+0200,f560dd4e-bb34-4b12-a26c-2c44f5eb2814,2026-09-15T07:00:00Z,2026-09-15T09:00:00+0200,342.0,MW,DK2,DK_2,forecast_offshore_wind_generation,Wind Offshore,2026-09-15T13:30:34Z
2026-09-15T13:28:35Z,2026-09-15T15:28:35+0200,f560dd4e-bb34-4b12-a26c-2c44f5eb2814,2026-09-15T07:15:00Z,2026-09-15T09:15:00+0200,342.5,MW,DK2,DK_2,forecast_offshore_wind_generation,Wind Offshore,2026-09-15T13:30:34Z
2026-09-15T13:28:35Z,2026-09-15T15:28:35+0200,f560dd4e-bb34-4b12-a26c-2c44f5eb2814,2026-09-15T07:30:00Z,2026-09-15T09:30:00+0200,340.666666,MW,DK2,DK_2,forecast_offshore_wind_generation,Wind Offshore,2026-09-15T13:30:34Z
2026-09-15T13:28:35Z,2026-09-15T15:28:35+0200,f560dd4e-bb34-4b12-a26c-2c44f5eb2814,2026-09-15T07:45:00Z,2026-09-15T09:45:00+0200,338.666666,MW,DK2,DK_2,forecast_offshore_wind_generation,Wind Offshore,2026-09-15T13:30:34Z
2026-09-15T13:28:35Z,2026-09-15T15:28:35+0200,f560dd4e-bb34-4b12-a26c-2c44f5eb2814,2026-09-15T08:00:00Z,2026-09-15T10:00:00+0200,337.166666,MW,DK2,DK_2,forecast_offshore_wind_generation,Wind Offshore,2026-09-15T13:30:34Z
2026-09-15T13:28:35Z,2026-09-15T15:28:35+0200,f560dd4e-bb34-4b12-a26c-2c44f5eb2814,2026-09-15T08:15:00Z,2026-09-15T10:15:00+0200,332.0,MW,DK2,DK_2,forecast_offshore_wind_generation,Wind Offshore,2026-09-15T13:30:34Z
2026-09-15T13:28:35Z,2026-09-15T15:28:35+0200,f560dd4e-bb34-4b12-a26c-2c44f5eb2814,2026-09-15T08:30:00Z,2026-09-15T10:30:00+0200,326.166666,MW,DK2,DK_2,forecast_offshore_wind_generation,Wind Offshore,2026-09-15T13:30:34Z
2026-09-15T13:28:35Z,2026-09-15T15:28:35+0200,f560dd4e-bb34-4b12-a26c-2c44f5eb2814,2026-09-15T08:45:00Z,2026-09-15T10:45:00+0200,322.5,MW,DK2,DK_2,forecast_offshore_wind_generation,Wind Offshore,2026-09-15T13:30:34Z
2026-09-15T13:28:35Z,2026-09-15T15:28:35+0200,f560dd4e-bb34-4b12-a26c-2c44f5eb2814,2026-09-15T09:00:00Z,2026-09-15T11:00:00+0200,322.0,MW,DK2,DK_2,forecast_offshore_wind_generation,Wind Offshore,2026-09-15T13:30:34Z
2026-09-15T13:28:35Z,2026-09-15T15:28:35+0200,f560dd4e-bb34-4b12-a26c-2c44f5eb2814,2026-09-15T09:15:00Z,2026-09-15T11:15:00+0200,324.5,MW,DK2,DK_2,forecast_offshore_wind_generation,Wind Offshore,2026-09-15T13:30:34Z
2026-09-15T13:28:35Z,2026-09-15T15:28:35+0200,f560dd4e-bb34-4b12-a26c-2c44f5eb2814,2026-09-15T09:30:00Z,2026-09-15T11:30:00+0200,328.0,MW,DK2,DK_2,forecast_offshore_wind_generation,Wind Offshore,2026-09-15T13:30:34Z
2026-09-15T13:28:35Z,2026-09-15T15:28:35+0200,f560dd4e-bb34-4b12-a26c-2c44f5eb2814,2026-09-15T09:45:00Z,2026-09-15T11:45:00+0200,332.833333,MW,DK2,DK_2,forecast_offshore_wind_generation,Wind Offshore,2026-09-15T13:30:34Z
2026-09-15T13:28:35Z,2026-09-15T15:28:35+0200,f560dd4e-bb34-4b12-a26c-2c44f5eb2814,2026-09-15T10:00:00Z,2026-09-15T12:00:00+0200,338.166666,MW,DK2,DK_2,forecast_offshore_wind_generation,Wind Offshore,2026-09-15T13:30:34Z
2026-09-15T13:28:35Z,2026-09-15T15:28:35+0200,f560dd4e-bb34-4b12-a26c-2c44f5eb2814,2026-09-15T10:15:00Z,2026-09-15T12:15:00+0200,347.5,MW,DK2,DK_2,forecast_offshore_wind_generation,Wind Offshore,2026-09-15T13:30:34Z
2026-09-15T13:28:35Z,2026-09-15T15:28:35+0200,f560dd4e-bb34-4b12-a26c-2c44f5eb2814,2026-09-15T10:30:00Z,2026-09-15T12:30:00+0200,359.0,MW,DK2,DK_2,forecast_offshore_wind_generation,Wind Offshore,2026-09-15T13:30:34Z
2026-09-15T13:28:35Z,2026-09-15T15:28:35+0200,f560dd4e-bb34-4b12-a26c-2c44f5eb2814,2026-09-15T10:45:00Z,2026-09-15T12:45:00+0200,369.166666,MW,DK2,DK_2,forecast_offshore_wind_generation,Wind Offshore,2026-09-15T13:30:34Z
2026-09-15T13:28:35Z,2026-09-15T15:28:35+0200,f560dd4e-bb34-4b12-a26c-2c44f5eb2814,2026-09-15T11:00:00Z,2026-09-15T13:00:00+0200,373.833333,MW,DK2,DK_2,forecast_offshore_wind_generation,Wind Offshore,2026-09-15T13:30:34Z
2026-09-15T13:28:35Z,2026-09-15T15:28:35+0200,f560dd4e-bb34-4b12-a26c-2c44f5eb2814,2026-09-15T11:15:00Z,2026-09-15T13:15:00+0200,376.333333,MW,DK2,DK_2,forecast_offshore_wind_generation,Wind Offshore,2026-09-15T13:30:34Z
2026-09-15T13:28:35Z,2026-09-15T15:28:35+0200,f560dd4e-bb34-4b12-a26c-2c44f5eb2814,2026-09-15T11:30:00Z,2026-09-15T13:30:00+0200,378.333333,MW,DK2,DK_2,forecast_offshore_wind_generation,Wind Offshore,2026-09-15T13:30:34Z
2026-09-15T13:28:35Z,2026-09-15T15:28:35+0200,f560dd4e-bb34-4b12-a26c-2c44f5eb2814,2026-09-15T11:45:00Z,2026-09-15T13:45:00+0200,380.0,MW,DK2,DK_2,forecast_offshore_wind_generation,Wind Offshore,2026-09-15T13:30:34Z
2026-09-15T13:28:35Z,2026-09-15T15:28:35+0200,f560dd4e-bb34-4b12-a26c-2c44f5eb2814,2026-09-15T12:00:00Z,2026-09-15T14:00:00+0200,382.5,MW,DK2,DK_2,forecast_offshore_wind_generation,Wind Offshore,2026-09-15T13:30:34Z
2026-09-15T13:28:35Z,2026-09-15T15:28:35+0200,f560dd4e-bb34-4b12-a26c-2c44f5eb2814,2026-09-15T12:15:00Z,2026-09-15T14:15:00+0200,386.5,MW,DK2,DK_2,forecast_offshore_wind_generation,Wind Offshore,2026-09-15T13:30:34Z
2026-09-15T13:28:35Z,2026-09-15T15:28:35+0200,f560dd4e-bb34-4b12-a26c-2c44f5eb2814,2026-09-15T12:30:00Z,2026-09-15T14:30:00+0200,390.5,MW,DK2,DK_2,forecast_offshore_wind_generation,Wind Offshore,2026-09-15T13:30:34Z
2026-09-15T13:28:35Z,2026-09-15T15:28:35+0200,f560dd4e-bb34-4b12-a26c-2c44f5eb2814,2026-09-15T12:45:00Z,2026-09-15T14:45:00+0200,392.5,MW,DK2,DK_2,forecast_offshore_wind_generation,Wind Offshore,2026-09-15T13:30:34Z
2026-09-15T13:28:35Z,2026-09-15T15:28:35+0200,f560dd4e-bb34-4b12-a26c-2c44f5eb2814,2026-09-15T13:00:00Z,2026-09-15T15:00:00+0200,391.333333,MW,DK2,DK_2,forecast_offshore_wind_generation,Wind Offshore,2026-09-15T13:30:34Z
2026-09-15T13:28:35Z,2026-09-15T15:28:35+0200,f560dd4e-bb34-4b12-a26c-2c44f5eb2814,2026-09-15T13:15:00Z,2026-09-15T15:15:00+0200,386.833333,MW,DK2,DK_2,forecast_offshore_wind_generation,Wind Offshore,2026-09-15T13:30:34Z
2026-09-15T13:28:35Z,2026-09-15T15:28:35+0200,f560dd4e-bb34-4b12-a26c-2c44f5eb2814,2026-09-15T13:30:00Z,2026-09-15T15:30:00+0200,380.5,MW,DK2,DK_2,forecast_offshore_wind_generation,Wind Offshore,2026-09-15T13:30:34Z
2026-09-15T13:28:35Z,2026-09-15T15:28:35+0200,f560dd4e-bb34-4b12-a26c-2c44f5eb2814,2026-09-15T13:45:00Z,2026-09-15T15:45:00+0200,374.5,MW,DK2,DK_2,forecast_offshore_wind_generation,Wind Offshore,2026-09-15T13:30:34Z
2026-09-15T13:28:35Z,2026-09-15T15:28:35+0200,f560dd4e-bb34-4b12-a26c-2c44f5eb2814,2026-09-15T14:00:00Z,2026-09-15T16:00:00+0200,370.5,MW,DK2,DK_2,forecast_offshore_wind_generation,Wind Offshore,2026-09-15T13:30:45Z
2026-09-15T13:28:35Z,2026-09-15T15:28:35+0200,f560dd4e-bb34-4b12-a26c-2c44f5eb2814,2026-09-15T14:15:00Z,2026-09-15T16:15:00+0200,367.0,MW,DK2,DK_2,forecast_offshore_wind_generation,Wind Offshore,2026-09-15T13:30:45Z
2026-09-15T13:28:35Z,2026-09-15T15:28:35+0200,f560dd4e-bb34-4b12-a26c-2c44f5eb2814,2026-09-15T14:30:00Z,2026-09-15T16:30:00+0200,363.5,MW,DK2,DK_2,forecast_offshore_wind_generation,Wind Offshore,2026-09-15T13:30:45Z
2026-09-15T13:28:35Z,2026-09-15T15:28:35+0200,f560dd4e-bb34-4b12-a26c-2c44f5eb2814,2026-09-15T14:45:00Z,2026-09-15T16:45:00+0200,360.5,MW,DK2,DK_2,forecast_offshore_wind_generation,Wind Offshore,2026-09-15T13:30:45Z
2026-09-15T13:28:35Z,2026-09-15T15:28:35+0200,f560dd4e-bb34-4b12-a26c-2c44f5eb2814,2026-09-15T15:00:00Z,2026-09-15T17:00:00+0200,357.5,MW,DK2,DK_2,forecast_offshore_wind_generation,Wind Offshore,2026-09-15T13:30:45Z
2026-09-15T13:28:35Z,2026-09-15T15:28:35+0200,f560dd4e-bb34-4b12-a26c-2c44f5eb2814,2026-09-15T15:15:00Z,2026-09-15T17:15:00+0200,355.333333,MW,DK2,DK_2,forecast_offshore_wind_generation,Wind Offshore,2026-09-15T13:30:45Z
2026-09-15T13:28:35Z,2026-09-15T15:28:35+0200,f560dd4e-bb34-4b12-a26c-2c44f5eb2814,2026-09-15T15:30:00Z,2026-09-15T17:30:00+0200,352.666666,MW,DK2,DK_2,forecast_offshore_wind_generation,Wind Offshore,2026-09-15T13:30:45Z
2026-09-15T13:28:35Z,2026-09-15T15:28:35+0200,f560dd4e-bb34-4b12-a26c-2c44f5eb2814,2026-09-15T15:45:00Z,2026-09-15T17:45:00+0200,351.166666,MW,DK2,DK_2,forecast_offshore_wind_generation,Wind Offshore,2026-09-15T13:30:45Z
2026-09-15T13:28:35Z,2026-09-15T15:28:35+0200,f560dd4e-bb34-4b12-a26c-2c44f5eb2814,2026-09-15T16:00:00Z,2026-09-15T18:00:00+0200,351.666666,MW,DK2,DK_2,forecast_offshore_wind_generation,Wind Offshore,2026-09-15T13:30:45Z
2026-09-15T13:28:35Z,2026-09-15T15:28:35+0200,f560dd4e-bb34-4b12-a26c-2c44f5eb2814,2026-09-15T16:15:00Z,2026-09-15T18:15:00+0200,354.5,MW,DK2,DK_2,forecast_offshore_wind_generation,Wind Offshore,2026-09-15T13:30:45Z
2026-09-15T13:28:35Z,2026-09-15T15:28:35+0200,f560dd4e-bb34-4b12-a26c-2c44f5eb2814,2026-09-15T16:30:00Z,2026-09-15T18:30:00+0200,357.666666,MW,DK2,DK_2,forecast_offshore_wind_generation,Wind Offshore,2026-09-15T13:30:45Z
2026-09-15T13:28:35Z,2026-09-15T15:28:35+0200,f560dd4e-bb34-4b12-a26c-2c44f5eb2814,2026-09-15T16:45:00Z,2026-09-15T18:45:00+0200,361.5,MW,DK2,DK_2,forecast_offshore_wind_generation,Wind Offshore,2026-09-15T13:30:45Z
2026-09-15T13:28:35Z,2026-09-15T15:28:35+0200,f560dd4e-bb34-4b12-a26c-2c44f5eb2814,2026-09-15T17:00:00Z,2026-09-15T19:00:00+0200,365.5,MW,DK2,DK_2,forecast_offshore_wind_generation,Wind Offshore,2026-09-15T13:30:45Z
2026-09-15T13:28:35Z,2026-09-15T15:28:35+0200,f560dd4e-bb34-4b12-a26c-2c44f5eb2814,2026-09-15T17:15:00Z,2026-09-15T19:15:00+0200,370.166666,MW,DK2,DK_2,forecast_offshore_wind_generation,Wind Offshore,2026-09-15T13:30:45Z
2026-09-15T13:28:35Z,2026-09-15T15:28:35+0200,f560dd4e-bb34-4b12-a26c-2c44f5eb2814,2026-09-15T17:30:00Z,2026-09-15T19:30:00+0200,376.833333,MW,DK2,DK_2,forecast_offshore_wind_generation,Wind Offshore,2026-09-15T13:30:45Z
2026-09-15T13:28:35Z,2026-09-15T15:28:35+0200,f560dd4e-bb34-4b12-a26c-2c44f5eb2814,2026-09-15T17:45:00Z,2026-09-15T19:45:00+0200,383.0,MW,DK2,DK_2,forecast_offshore_wind_generation,Wind Offshore,2026-09-15T13:30:45Z
2026-09-15T13:28:35Z,2026-09-15T15:28:35+0200,f560dd4e-bb34-4b12-a26c-2c44f5eb2814,2026-09-15T18:00:00Z,2026-09-15T20:00:00+0200,390.166666,MW,DK2,DK_2,forecast_offshore_wind_generation,Wind Offshore,2026-09-15T13:30:45Z
2026-09-15T13:28:35Z,2026-09-15T15:28:35+0200,f560dd4e-bb34-4b12-a26c-2c44f5eb2814,2026-09-15T18:15:00Z,2026-09-15T20:15:00+0200,400.166666,MW,DK2,DK_2,forecast_offshore_wind_generation,Wind Offshore,2026-09-15T13:30:45Z
2026-09-15T13:28:35Z,2026-09-15T15:28:35+0200,f560dd4e-bb34-4b12-a26c-2c44f5eb2814,2026-09-15T18:30:00Z,2026-09-15T20:30:00+0200,411.333333,MW,DK2,DK_2,forecast_offshore_wind_generation,Wind Offshore,2026-09-15T13:30:45Z
2026-09-15T13:28:35Z,2026-09-15T15:28:35+0200,f560dd4e-bb34-4b12-a26c-2c44f5eb2814,2026-09-15T18:45:00Z,2026-09-15T20:45:00+0200,421.333333,MW,DK2,DK_2,forecast_offshore_wind_generation,Wind Offshore,2026-09-15T13:30:45Z
2026-09-15T13:28:35Z,2026-09-15T15:28:35+0200,f560dd4e-bb34-4b12-a26c-2c44f5eb2814,2026-09-15T19:00:00Z,2026-09-15T21:00:00+0200,431.0,MW,DK2,DK_2,forecast_offshore_wind_generation,Wind Offshore,2026-09-15T13:30:45Z
2026-09-15T13:28:35Z,2026-09-15T15:28:35+0200,f560dd4e-bb34-4b12-a26c-2c44f5eb2814,2026-09-15T19:15:00Z,2026-09-15T21:15:00+0200,441.5,MW,DK2,DK_2,forecast_offshore_wind_generation,Wind Offshore,2026-09-15T13:30:45Z
2026-09-15T13:28:35Z,2026-09-15T15:28:35+0200,f560dd4e-bb34-4b12-a26c-2c44f5eb2814,2026-09-15T19:30:00Z,2026-09-15T21:30:00+0200,452.0,MW,DK2,DK_2,forecast_offshore_wind_generation,Wind Offshore,2026-09-15T13:30:45Z
2026-09-15T13:28:35Z,2026-09-15T15:28:35+0200,f560dd4e-bb34-4b12-a26c-2c44f5eb2814,2026-09-15T19:45:00Z,2026-09-15T21:45:00+0200,462.333333,MW,DK2,DK_2,forecast_offshore_wind_generation,Wind Offshore,2026-09-15T13:30:45Z
2026-09-15T13:28:35Z,2026-09-15T15:28:35+0200,f560dd4e-bb34-4b12-a26c-2c44f5eb2814,2026-09-15T20:00:00Z,2026-09-15T22:00:00+0200,473.166666,MW,DK2,DK_2,forecast_offshore_wind_generation,Wind Offshore,2026-09-15T13:30:45Z
2026-09-15T13:28:35Z,2026-09-15T15:28:35+0200,f560dd4e-bb34-4b12-a26c-2c44f5eb2814,2026-09-15T20:15:00Z,2026-09-15T22:15:00+0200,487.666666,MW,DK2,DK_2,forecast_offshore_wind_generation,Wind Offshore,2026-09-15T13:30:45Z
2026-09-15T13:28:35Z,2026-09-15T15:28:35+0200,f560dd4e-bb34-4b12-a26c-2c44f5eb2814,2026-09-15T20:30:00Z,2026-09-15T22:30:00+0200,503.833333,MW,DK2,DK_2,forecast_offshore_wind_generation,Wind Offshore,2026-09-15T13:30:45Z
2026-09-15T13:28:35Z,2026-09-15T15:28:35+0200,f560dd4e-bb34-4b12-a26c-2c44f5eb2814,2026-09-15T20:45:00Z,2026-09-15T22:45:00+0200,516.166666,MW,DK2,DK_2,forecast_offshore_wind_generation,Wind Offshore,2026-09-15T13:30:45Z
2026-09-15T13:28:35Z,2026-09-15T15:28:35+0200,f560dd4e-bb34-4b12-a26c-2c44f5eb2814,2026-09-15T21:00:00Z,2026-09-15T23:00:00+0200,521.5,MW,DK2,DK_2,forecast_offshore_wind_generation,Wind Offshore,2026-09-15T13:30:45Z
2026-09-15T13:28:35Z,2026-09-15T15:28:35+0200,f560dd4e-bb34-4b12-a26c-2c44f5eb2814,2026-09-15T21:15:00Z,2026-09-15T23:15:00+0200,524.0,MW,DK2,DK_2,forecast_offshore_wind_generation,Wind Offshore,2026-09-15T13:30:45Z
2026-09-15T13:28:35Z,2026-09-15T15:28:35+0200,f560dd4e-bb34-4b12-a26c-2c44f5eb2814,2026-09-15T21:30:00Z,2026-09-15T23:30:00+0200,524.333333,MW,DK2,DK_2,forecast_offshore_wind_generation,Wind Offshore,2026-09-15T13:30:45Z
2026-09-15T13:28:35Z,2026-09-15T15:28:35+0200,f560dd4e-bb34-4b12-a26c-2c44f5eb2814,2026-09-15T21:45:00Z,2026-09-15T23:45:00+0200,520.833333,MW,DK2,DK_2,forecast_offshore_wind_generation,Wind Offshore,2026-09-15T13:30:45Z
