collection_time_utc,collection_time_local,run_id,timestamp_utc,timestamp_local,value,unit,country,entsoe_area,variable,source,updated_at_utc
2026-05-24T05:41:40Z,2026-05-24T07:41:40+0200,04b1983b-7d82-4991-9c22-f60d67a0a20c,2026-04-23T06:00:00Z,2026-04-23T08:00:00+0200,2337.8,MW,FR,FR,actual_solar_generation,Solar,2026-05-24T05:42:13Z
2026-05-24T05:41:40Z,2026-05-24T07:41:40+0200,04b1983b-7d82-4991-9c22-f60d67a0a20c,2026-04-23T06:15:00Z,2026-04-23T08:15:00+0200,3250.47,MW,FR,FR,actual_solar_generation,Solar,2026-05-24T05:42:13Z
2026-05-24T05:41:40Z,2026-05-24T07:41:40+0200,04b1983b-7d82-4991-9c22-f60d67a0a20c,2026-04-23T06:30:00Z,2026-04-23T08:30:00+0200,4243.65,MW,FR,FR,actual_solar_generation,Solar,2026-05-24T05:42:13Z
2026-05-24T05:41:40Z,2026-05-24T07:41:40+0200,04b1983b-7d82-4991-9c22-f60d67a0a20c,2026-04-23T06:45:00Z,2026-04-23T08:45:00+0200,5400.59,MW,FR,FR,actual_solar_generation,Solar,2026-05-24T05:42:13Z
2026-05-24T05:41:40Z,2026-05-24T07:41:40+0200,04b1983b-7d82-4991-9c22-f60d67a0a20c,2026-04-23T07:00:00Z,2026-04-23T09:00:00+0200,6391.8,MW,FR,FR,actual_solar_generation,Solar,2026-05-24T05:42:13Z
2026-05-24T05:41:40Z,2026-05-24T07:41:40+0200,04b1983b-7d82-4991-9c22-f60d67a0a20c,2026-04-23T07:15:00Z,2026-04-23T09:15:00+0200,7361.18,MW,FR,FR,actual_solar_generation,Solar,2026-05-24T05:42:13Z
2026-05-24T05:41:40Z,2026-05-24T07:41:40+0200,04b1983b-7d82-4991-9c22-f60d67a0a20c,2026-04-23T07:30:00Z,2026-04-23T09:30:00+0200,8597.65,MW,FR,FR,actual_solar_generation,Solar,2026-05-24T05:42:13Z
2026-05-24T05:41:40Z,2026-05-24T07:41:40+0200,04b1983b-7d82-4991-9c22-f60d67a0a20c,2026-04-23T07:45:00Z,2026-04-23T09:45:00+0200,9835.42,MW,FR,FR,actual_solar_generation,Solar,2026-05-24T05:42:13Z
2026-05-24T05:41:40Z,2026-05-24T07:41:40+0200,04b1983b-7d82-4991-9c22-f60d67a0a20c,2026-04-23T08:00:00Z,2026-04-23T10:00:00+0200,10925.11,MW,FR,FR,actual_solar_generation,Solar,2026-05-24T05:42:13Z
2026-05-24T05:41:40Z,2026-05-24T07:41:40+0200,04b1983b-7d82-4991-9c22-f60d67a0a20c,2026-04-23T08:15:00Z,2026-04-23T10:15:00+0200,12061.56,MW,FR,FR,actual_solar_generation,Solar,2026-05-24T05:42:13Z
2026-05-24T05:41:40Z,2026-05-24T07:41:40+0200,04b1983b-7d82-4991-9c22-f60d67a0a20c,2026-04-23T08:30:00Z,2026-04-23T10:30:00+0200,13010.78,MW,FR,FR,actual_solar_generation,Solar,2026-05-24T05:42:13Z
2026-05-24T05:41:40Z,2026-05-24T07:41:40+0200,04b1983b-7d82-4991-9c22-f60d67a0a20c,2026-04-23T08:45:00Z,2026-04-23T10:45:00+0200,12240.46,MW,FR,FR,actual_solar_generation,Solar,2026-05-24T05:42:13Z
2026-05-24T05:41:40Z,2026-05-24T07:41:40+0200,04b1983b-7d82-4991-9c22-f60d67a0a20c,2026-04-23T09:00:00Z,2026-04-23T11:00:00+0200,10706.17,MW,FR,FR,actual_solar_generation,Solar,2026-05-24T05:42:13Z
2026-05-24T05:41:40Z,2026-05-24T07:41:40+0200,04b1983b-7d82-4991-9c22-f60d67a0a20c,2026-04-23T09:15:00Z,2026-04-23T11:15:00+0200,11246.78,MW,FR,FR,actual_solar_generation,Solar,2026-05-24T05:42:13Z
2026-05-24T05:41:40Z,2026-05-24T07:41:40+0200,04b1983b-7d82-4991-9c22-f60d67a0a20c,2026-04-23T09:30:00Z,2026-04-23T11:30:00+0200,11767.0,MW,FR,FR,actual_solar_generation,Solar,2026-05-24T05:42:13Z
2026-05-24T05:41:40Z,2026-05-24T07:41:40+0200,04b1983b-7d82-4991-9c22-f60d67a0a20c,2026-04-23T09:45:00Z,2026-04-23T11:45:00+0200,12257.99,MW,FR,FR,actual_solar_generation,Solar,2026-05-24T05:42:13Z
2026-05-24T05:41:40Z,2026-05-24T07:41:40+0200,04b1983b-7d82-4991-9c22-f60d67a0a20c,2026-04-23T10:00:00Z,2026-04-23T12:00:00+0200,12695.31,MW,FR,FR,actual_solar_generation,Solar,2026-05-24T05:42:13Z
2026-05-24T05:41:40Z,2026-05-24T07:41:40+0200,04b1983b-7d82-4991-9c22-f60d67a0a20c,2026-04-23T10:15:00Z,2026-04-23T12:15:00+0200,13167.4,MW,FR,FR,actual_solar_generation,Solar,2026-05-24T05:42:13Z
2026-05-24T05:41:40Z,2026-05-24T07:41:40+0200,04b1983b-7d82-4991-9c22-f60d67a0a20c,2026-04-23T10:30:00Z,2026-04-23T12:30:00+0200,13338.29,MW,FR,FR,actual_solar_generation,Solar,2026-05-24T05:42:13Z
2026-05-24T05:41:40Z,2026-05-24T07:41:40+0200,04b1983b-7d82-4991-9c22-f60d67a0a20c,2026-04-23T10:45:00Z,2026-04-23T12:45:00+0200,13666.9,MW,FR,FR,actual_solar_generation,Solar,2026-05-24T05:42:13Z
2026-05-24T05:41:40Z,2026-05-24T07:41:40+0200,04b1983b-7d82-4991-9c22-f60d67a0a20c,2026-04-23T11:00:00Z,2026-04-23T13:00:00+0200,13889.43,MW,FR,FR,actual_solar_generation,Solar,2026-05-24T05:42:13Z
2026-05-24T05:41:40Z,2026-05-24T07:41:40+0200,04b1983b-7d82-4991-9c22-f60d67a0a20c,2026-04-23T11:15:00Z,2026-04-23T13:15:00+0200,14128.35,MW,FR,FR,actual_solar_generation,Solar,2026-05-24T05:42:13Z
2026-05-24T05:41:40Z,2026-05-24T07:41:40+0200,04b1983b-7d82-4991-9c22-f60d67a0a20c,2026-04-23T11:30:00Z,2026-04-23T13:30:00+0200,14182.23,MW,FR,FR,actual_solar_generation,Solar,2026-05-24T05:42:13Z
2026-05-24T05:41:40Z,2026-05-24T07:41:40+0200,04b1983b-7d82-4991-9c22-f60d67a0a20c,2026-04-23T11:45:00Z,2026-04-23T13:45:00+0200,14246.2,MW,FR,FR,actual_solar_generation,Solar,2026-05-24T05:42:13Z
2026-05-24T05:41:40Z,2026-05-24T07:41:40+0200,04b1983b-7d82-4991-9c22-f60d67a0a20c,2026-04-23T12:00:00Z,2026-04-23T14:00:00+0200,14426.36,MW,FR,FR,actual_solar_generation,Solar,2026-05-24T05:42:13Z
2026-05-24T05:41:40Z,2026-05-24T07:41:40+0200,04b1983b-7d82-4991-9c22-f60d67a0a20c,2026-04-23T12:15:00Z,2026-04-23T14:15:00+0200,14365.12,MW,FR,FR,actual_solar_generation,Solar,2026-05-24T05:42:13Z
2026-05-24T05:41:40Z,2026-05-24T07:41:40+0200,04b1983b-7d82-4991-9c22-f60d67a0a20c,2026-04-23T12:30:00Z,2026-04-23T14:30:00+0200,14346.24,MW,FR,FR,actual_solar_generation,Solar,2026-05-24T05:42:13Z
2026-05-24T05:41:40Z,2026-05-24T07:41:40+0200,04b1983b-7d82-4991-9c22-f60d67a0a20c,2026-04-23T12:45:00Z,2026-04-23T14:45:00+0200,14229.29,MW,FR,FR,actual_solar_generation,Solar,2026-05-24T05:42:13Z
2026-05-24T05:41:40Z,2026-05-24T07:41:40+0200,04b1983b-7d82-4991-9c22-f60d67a0a20c,2026-04-23T13:00:00Z,2026-04-23T15:00:00+0200,14045.75,MW,FR,FR,actual_solar_generation,Solar,2026-05-24T05:42:13Z
2026-05-24T05:41:40Z,2026-05-24T07:41:40+0200,04b1983b-7d82-4991-9c22-f60d67a0a20c,2026-04-23T13:15:00Z,2026-04-23T15:15:00+0200,13890.54,MW,FR,FR,actual_solar_generation,Solar,2026-05-24T05:42:13Z
2026-05-24T05:41:40Z,2026-05-24T07:41:40+0200,04b1983b-7d82-4991-9c22-f60d67a0a20c,2026-04-23T13:30:00Z,2026-04-23T15:30:00+0200,13780.02,MW,FR,FR,actual_solar_generation,Solar,2026-05-24T05:42:13Z
2026-05-24T05:41:40Z,2026-05-24T07:41:40+0200,04b1983b-7d82-4991-9c22-f60d67a0a20c,2026-04-23T13:45:00Z,2026-04-23T15:45:00+0200,13419.7,MW,FR,FR,actual_solar_generation,Solar,2026-05-24T05:42:13Z
2026-05-24T05:41:40Z,2026-05-24T07:41:40+0200,04b1983b-7d82-4991-9c22-f60d67a0a20c,2026-04-23T14:00:00Z,2026-04-23T16:00:00+0200,13008.29,MW,FR,FR,actual_solar_generation,Solar,2026-05-24T05:42:13Z
2026-05-24T05:41:40Z,2026-05-24T07:41:40+0200,04b1983b-7d82-4991-9c22-f60d67a0a20c,2026-04-23T14:15:00Z,2026-04-23T16:15:00+0200,12530.7,MW,FR,FR,actual_solar_generation,Solar,2026-05-24T05:42:13Z
2026-05-24T05:41:40Z,2026-05-24T07:41:40+0200,04b1983b-7d82-4991-9c22-f60d67a0a20c,2026-04-23T14:30:00Z,2026-04-23T16:30:00+0200,12165.91,MW,FR,FR,actual_solar_generation,Solar,2026-05-24T05:42:13Z
2026-05-24T05:41:40Z,2026-05-24T07:41:40+0200,04b1983b-7d82-4991-9c22-f60d67a0a20c,2026-04-23T14:45:00Z,2026-04-23T16:45:00+0200,11847.0,MW,FR,FR,actual_solar_generation,Solar,2026-05-24T05:42:13Z
2026-05-24T05:41:40Z,2026-05-24T07:41:40+0200,04b1983b-7d82-4991-9c22-f60d67a0a20c,2026-04-23T15:00:00Z,2026-04-23T17:00:00+0200,12684.85,MW,FR,FR,actual_solar_generation,Solar,2026-05-24T05:42:13Z
2026-05-24T05:41:40Z,2026-05-24T07:41:40+0200,04b1983b-7d82-4991-9c22-f60d67a0a20c,2026-04-23T15:15:00Z,2026-04-23T17:15:00+0200,13749.43,MW,FR,FR,actual_solar_generation,Solar,2026-05-24T05:42:13Z
2026-05-24T05:41:40Z,2026-05-24T07:41:40+0200,04b1983b-7d82-4991-9c22-f60d67a0a20c,2026-04-23T15:30:00Z,2026-04-23T17:30:00+0200,12801.91,MW,FR,FR,actual_solar_generation,Solar,2026-05-24T05:42:13Z
2026-05-24T05:41:40Z,2026-05-24T07:41:40+0200,04b1983b-7d82-4991-9c22-f60d67a0a20c,2026-04-23T15:45:00Z,2026-04-23T17:45:00+0200,11687.42,MW,FR,FR,actual_solar_generation,Solar,2026-05-24T05:42:13Z
2026-05-24T05:41:40Z,2026-05-24T07:41:40+0200,04b1983b-7d82-4991-9c22-f60d67a0a20c,2026-04-23T16:00:00Z,2026-04-23T18:00:00+0200,10504.32,MW,FR,FR,actual_solar_generation,Solar,2026-05-24T05:42:13Z
2026-05-24T05:41:40Z,2026-05-24T07:41:40+0200,04b1983b-7d82-4991-9c22-f60d67a0a20c,2026-04-23T16:15:00Z,2026-04-23T18:15:00+0200,9197.89,MW,FR,FR,actual_solar_generation,Solar,2026-05-24T05:42:13Z
2026-05-24T05:41:40Z,2026-05-24T07:41:40+0200,04b1983b-7d82-4991-9c22-f60d67a0a20c,2026-04-23T16:30:00Z,2026-04-23T18:30:00+0200,7862.51,MW,FR,FR,actual_solar_generation,Solar,2026-05-24T05:42:13Z
2026-05-24T05:41:40Z,2026-05-24T07:41:40+0200,04b1983b-7d82-4991-9c22-f60d67a0a20c,2026-04-23T16:45:00Z,2026-04-23T18:45:00+0200,6553.55,MW,FR,FR,actual_solar_generation,Solar,2026-05-24T05:42:13Z
2026-05-24T05:41:40Z,2026-05-24T07:41:40+0200,04b1983b-7d82-4991-9c22-f60d67a0a20c,2026-04-23T17:00:00Z,2026-04-23T19:00:00+0200,5175.12,MW,FR,FR,actual_solar_generation,Solar,2026-05-24T05:42:13Z
2026-05-24T05:41:40Z,2026-05-24T07:41:40+0200,04b1983b-7d82-4991-9c22-f60d67a0a20c,2026-04-23T17:15:00Z,2026-04-23T19:15:00+0200,3921.67,MW,FR,FR,actual_solar_generation,Solar,2026-05-24T05:42:13Z
2026-05-24T05:41:40Z,2026-05-24T07:41:40+0200,04b1983b-7d82-4991-9c22-f60d67a0a20c,2026-04-23T17:30:00Z,2026-04-23T19:30:00+0200,2871.31,MW,FR,FR,actual_solar_generation,Solar,2026-05-24T05:42:13Z
2026-05-24T05:41:40Z,2026-05-24T07:41:40+0200,04b1983b-7d82-4991-9c22-f60d67a0a20c,2026-04-23T17:45:00Z,2026-04-23T19:45:00+0200,2059.43,MW,FR,FR,actual_solar_generation,Solar,2026-05-24T05:42:13Z
2026-05-24T05:41:40Z,2026-05-24T07:41:40+0200,04b1983b-7d82-4991-9c22-f60d67a0a20c,2026-04-23T18:00:00Z,2026-04-23T20:00:00+0200,1324.88,MW,FR,FR,actual_solar_generation,Solar,2026-05-24T05:42:13Z
2026-05-24T05:41:40Z,2026-05-24T07:41:40+0200,04b1983b-7d82-4991-9c22-f60d67a0a20c,2026-04-23T18:15:00Z,2026-04-23T20:15:00+0200,831.35,MW,FR,FR,actual_solar_generation,Solar,2026-05-24T05:42:13Z
2026-05-24T05:41:40Z,2026-05-24T07:41:40+0200,04b1983b-7d82-4991-9c22-f60d67a0a20c,2026-04-23T18:30:00Z,2026-04-23T20:30:00+0200,510.95,MW,FR,FR,actual_solar_generation,Solar,2026-05-24T05:42:13Z
2026-05-24T05:41:40Z,2026-05-24T07:41:40+0200,04b1983b-7d82-4991-9c22-f60d67a0a20c,2026-04-23T18:45:00Z,2026-04-23T20:45:00+0200,333.88,MW,FR,FR,actual_solar_generation,Solar,2026-05-24T05:42:13Z
2026-05-24T05:41:40Z,2026-05-24T07:41:40+0200,04b1983b-7d82-4991-9c22-f60d67a0a20c,2026-04-23T19:00:00Z,2026-04-23T21:00:00+0200,246.58,MW,FR,FR,actual_solar_generation,Solar,2026-05-24T05:42:13Z
2026-05-24T05:41:40Z,2026-05-24T07:41:40+0200,04b1983b-7d82-4991-9c22-f60d67a0a20c,2026-04-23T19:15:00Z,2026-04-23T21:15:00+0200,233.6,MW,FR,FR,actual_solar_generation,Solar,2026-05-24T05:42:13Z
2026-05-24T05:41:40Z,2026-05-24T07:41:40+0200,04b1983b-7d82-4991-9c22-f60d67a0a20c,2026-04-23T19:30:00Z,2026-04-23T21:30:00+0200,228.71,MW,FR,FR,actual_solar_generation,Solar,2026-05-24T05:42:13Z
2026-05-24T05:41:40Z,2026-05-24T07:41:40+0200,04b1983b-7d82-4991-9c22-f60d67a0a20c,2026-04-23T19:45:00Z,2026-04-23T21:45:00+0200,233.82,MW,FR,FR,actual_solar_generation,Solar,2026-05-24T05:42:13Z
2026-05-24T05:41:40Z,2026-05-24T07:41:40+0200,04b1983b-7d82-4991-9c22-f60d67a0a20c,2026-04-23T20:00:00Z,2026-04-23T22:00:00+0200,0.0,MW,FR,FR,actual_solar_generation,Solar,2026-05-24T05:42:13Z
2026-05-24T05:41:40Z,2026-05-24T07:41:40+0200,04b1983b-7d82-4991-9c22-f60d67a0a20c,2026-04-23T20:15:00Z,2026-04-23T22:15:00+0200,0.0,MW,FR,FR,actual_solar_generation,Solar,2026-05-24T05:42:13Z
2026-05-24T05:41:40Z,2026-05-24T07:41:40+0200,04b1983b-7d82-4991-9c22-f60d67a0a20c,2026-04-23T20:30:00Z,2026-04-23T22:30:00+0200,0.0,MW,FR,FR,actual_solar_generation,Solar,2026-05-24T05:42:13Z
2026-05-24T05:41:40Z,2026-05-24T07:41:40+0200,04b1983b-7d82-4991-9c22-f60d67a0a20c,2026-04-23T20:45:00Z,2026-04-23T22:45:00+0200,0.0,MW,FR,FR,actual_solar_generation,Solar,2026-05-24T05:42:13Z
2026-05-24T05:41:40Z,2026-05-24T07:41:40+0200,04b1983b-7d82-4991-9c22-f60d67a0a20c,2026-04-23T21:00:00Z,2026-04-23T23:00:00+0200,0.0,MW,FR,FR,actual_solar_generation,Solar,2026-05-24T05:42:13Z
2026-05-24T05:41:40Z,2026-05-24T07:41:40+0200,04b1983b-7d82-4991-9c22-f60d67a0a20c,2026-04-23T21:15:00Z,2026-04-23T23:15:00+0200,0.0,MW,FR,FR,actual_solar_generation,Solar,2026-05-24T05:42:13Z
2026-05-24T05:41:40Z,2026-05-24T07:41:40+0200,04b1983b-7d82-4991-9c22-f60d67a0a20c,2026-04-23T21:30:00Z,2026-04-23T23:30:00+0200,0.0,MW,FR,FR,actual_solar_generation,Solar,2026-05-24T05:42:13Z
2026-05-24T05:41:40Z,2026-05-24T07:41:40+0200,04b1983b-7d82-4991-9c22-f60d67a0a20c,2026-04-23T21:45:00Z,2026-04-23T23:45:00+0200,0.0,MW,FR,FR,actual_solar_generation,Solar,2026-05-24T05:42:13Z
2026-05-24T05:41:40Z,2026-05-24T07:41:40+0200,04b1983b-7d82-4991-9c22-f60d67a0a20c,2026-04-23T22:00:00Z,2026-04-24T00:00:00+0200,0.0,MW,FR,FR,actual_solar_generation,Solar,2026-05-24T05:42:13Z
2026-05-24T05:41:40Z,2026-05-24T07:41:40+0200,04b1983b-7d82-4991-9c22-f60d67a0a20c,2026-04-23T22:15:00Z,2026-04-24T00:15:00+0200,0.0,MW,FR,FR,actual_solar_generation,Solar,2026-05-24T05:42:13Z
2026-05-24T05:41:40Z,2026-05-24T07:41:40+0200,04b1983b-7d82-4991-9c22-f60d67a0a20c,2026-04-23T22:30:00Z,2026-04-24T00:30:00+0200,0.0,MW,FR,FR,actual_solar_generation,Solar,2026-05-24T05:42:13Z
2026-05-24T05:41:40Z,2026-05-24T07:41:40+0200,04b1983b-7d82-4991-9c22-f60d67a0a20c,2026-04-23T22:45:00Z,2026-04-24T00:45:00+0200,0.0,MW,FR,FR,actual_solar_generation,Solar,2026-05-24T05:42:13Z
2026-05-24T05:41:40Z,2026-05-24T07:41:40+0200,04b1983b-7d82-4991-9c22-f60d67a0a20c,2026-04-23T23:00:00Z,2026-04-24T01:00:00+0200,0.0,MW,FR,FR,actual_solar_generation,Solar,2026-05-24T05:42:13Z
2026-05-24T05:41:40Z,2026-05-24T07:41:40+0200,04b1983b-7d82-4991-9c22-f60d67a0a20c,2026-04-23T23:15:00Z,2026-04-24T01:15:00+0200,0.0,MW,FR,FR,actual_solar_generation,Solar,2026-05-24T05:42:13Z
2026-05-24T05:41:40Z,2026-05-24T07:41:40+0200,04b1983b-7d82-4991-9c22-f60d67a0a20c,2026-04-23T23:30:00Z,2026-04-24T01:30:00+0200,0.0,MW,FR,FR,actual_solar_generation,Solar,2026-05-24T05:42:13Z
2026-05-24T05:41:40Z,2026-05-24T07:41:40+0200,04b1983b-7d82-4991-9c22-f60d67a0a20c,2026-04-23T23:45:00Z,2026-04-24T01:45:00+0200,0.0,MW,FR,FR,actual_solar_generation,Solar,2026-05-24T05:42:13Z
2026-05-24T05:41:40Z,2026-05-24T07:41:40+0200,04b1983b-7d82-4991-9c22-f60d67a0a20c,2026-04-24T00:00:00Z,2026-04-24T02:00:00+0200,0.0,MW,FR,FR,actual_solar_generation,Solar,2026-05-24T05:42:13Z
2026-05-24T05:41:40Z,2026-05-24T07:41:40+0200,04b1983b-7d82-4991-9c22-f60d67a0a20c,2026-04-24T00:15:00Z,2026-04-24T02:15:00+0200,0.0,MW,FR,FR,actual_solar_generation,Solar,2026-05-24T05:42:13Z
2026-05-24T05:41:40Z,2026-05-24T07:41:40+0200,04b1983b-7d82-4991-9c22-f60d67a0a20c,2026-04-24T00:30:00Z,2026-04-24T02:30:00+0200,0.0,MW,FR,FR,actual_solar_generation,Solar,2026-05-24T05:42:13Z
2026-05-24T05:41:40Z,2026-05-24T07:41:40+0200,04b1983b-7d82-4991-9c22-f60d67a0a20c,2026-04-24T00:45:00Z,2026-04-24T02:45:00+0200,0.0,MW,FR,FR,actual_solar_generation,Solar,2026-05-24T05:42:13Z
2026-05-24T05:41:40Z,2026-05-24T07:41:40+0200,04b1983b-7d82-4991-9c22-f60d67a0a20c,2026-04-24T01:00:00Z,2026-04-24T03:00:00+0200,0.0,MW,FR,FR,actual_solar_generation,Solar,2026-05-24T05:42:13Z
2026-05-24T05:41:40Z,2026-05-24T07:41:40+0200,04b1983b-7d82-4991-9c22-f60d67a0a20c,2026-04-24T01:15:00Z,2026-04-24T03:15:00+0200,0.0,MW,FR,FR,actual_solar_generation,Solar,2026-05-24T05:42:13Z
2026-05-24T05:41:40Z,2026-05-24T07:41:40+0200,04b1983b-7d82-4991-9c22-f60d67a0a20c,2026-04-24T01:30:00Z,2026-04-24T03:30:00+0200,0.0,MW,FR,FR,actual_solar_generation,Solar,2026-05-24T05:42:13Z
2026-05-24T05:41:40Z,2026-05-24T07:41:40+0200,04b1983b-7d82-4991-9c22-f60d67a0a20c,2026-04-24T01:45:00Z,2026-04-24T03:45:00+0200,0.0,MW,FR,FR,actual_solar_generation,Solar,2026-05-24T05:42:13Z
2026-05-24T05:41:40Z,2026-05-24T07:41:40+0200,04b1983b-7d82-4991-9c22-f60d67a0a20c,2026-04-24T02:00:00Z,2026-04-24T04:00:00+0200,0.0,MW,FR,FR,actual_solar_generation,Solar,2026-05-24T05:42:13Z
2026-05-24T05:41:40Z,2026-05-24T07:41:40+0200,04b1983b-7d82-4991-9c22-f60d67a0a20c,2026-04-24T02:15:00Z,2026-04-24T04:15:00+0200,0.0,MW,FR,FR,actual_solar_generation,Solar,2026-05-24T05:42:13Z
2026-05-24T05:41:40Z,2026-05-24T07:41:40+0200,04b1983b-7d82-4991-9c22-f60d67a0a20c,2026-04-24T02:30:00Z,2026-04-24T04:30:00+0200,0.0,MW,FR,FR,actual_solar_generation,Solar,2026-05-24T05:42:13Z
2026-05-24T05:41:40Z,2026-05-24T07:41:40+0200,04b1983b-7d82-4991-9c22-f60d67a0a20c,2026-04-24T02:45:00Z,2026-04-24T04:45:00+0200,0.0,MW,FR,FR,actual_solar_generation,Solar,2026-05-24T05:42:13Z
2026-05-24T05:41:40Z,2026-05-24T07:41:40+0200,04b1983b-7d82-4991-9c22-f60d67a0a20c,2026-04-24T03:00:00Z,2026-04-24T05:00:00+0200,0.0,MW,FR,FR,actual_solar_generation,Solar,2026-05-24T05:42:13Z
2026-05-24T05:41:40Z,2026-05-24T07:41:40+0200,04b1983b-7d82-4991-9c22-f60d67a0a20c,2026-04-24T03:15:00Z,2026-04-24T05:15:00+0200,0.0,MW,FR,FR,actual_solar_generation,Solar,2026-05-24T05:42:13Z
2026-05-24T05:41:40Z,2026-05-24T07:41:40+0200,04b1983b-7d82-4991-9c22-f60d67a0a20c,2026-04-24T03:30:00Z,2026-04-24T05:30:00+0200,0.0,MW,FR,FR,actual_solar_generation,Solar,2026-05-24T05:42:13Z
2026-05-24T05:41:40Z,2026-05-24T07:41:40+0200,04b1983b-7d82-4991-9c22-f60d67a0a20c,2026-04-24T03:45:00Z,2026-04-24T05:45:00+0200,0.0,MW,FR,FR,actual_solar_generation,Solar,2026-05-24T05:42:13Z
2026-05-24T05:41:40Z,2026-05-24T07:41:40+0200,04b1983b-7d82-4991-9c22-f60d67a0a20c,2026-04-24T04:00:00Z,2026-04-24T06:00:00+0200,229.15,MW,FR,FR,actual_solar_generation,Solar,2026-05-24T05:42:13Z
2026-05-24T05:41:40Z,2026-05-24T07:41:40+0200,04b1983b-7d82-4991-9c22-f60d67a0a20c,2026-04-24T04:15:00Z,2026-04-24T06:15:00+0200,230.33,MW,FR,FR,actual_solar_generation,Solar,2026-05-24T05:42:13Z
2026-05-24T05:41:40Z,2026-05-24T07:41:40+0200,04b1983b-7d82-4991-9c22-f60d67a0a20c,2026-04-24T04:30:00Z,2026-04-24T06:30:00+0200,238.26,MW,FR,FR,actual_solar_generation,Solar,2026-05-24T05:42:13Z
2026-05-24T05:41:40Z,2026-05-24T07:41:40+0200,04b1983b-7d82-4991-9c22-f60d67a0a20c,2026-04-24T04:45:00Z,2026-04-24T06:45:00+0200,313.14,MW,FR,FR,actual_solar_generation,Solar,2026-05-24T05:42:13Z
2026-05-24T05:41:40Z,2026-05-24T07:41:40+0200,04b1983b-7d82-4991-9c22-f60d67a0a20c,2026-04-24T05:00:00Z,2026-04-24T07:00:00+0200,458.78,MW,FR,FR,actual_solar_generation,Solar,2026-05-24T05:42:13Z
2026-05-24T05:41:40Z,2026-05-24T07:41:40+0200,04b1983b-7d82-4991-9c22-f60d67a0a20c,2026-04-24T05:15:00Z,2026-04-24T07:15:00+0200,694.4,MW,FR,FR,actual_solar_generation,Solar,2026-05-24T05:42:13Z
2026-05-24T05:41:40Z,2026-05-24T07:41:40+0200,04b1983b-7d82-4991-9c22-f60d67a0a20c,2026-04-24T05:30:00Z,2026-04-24T07:30:00+0200,1101.96,MW,FR,FR,actual_solar_generation,Solar,2026-05-24T05:42:13Z
2026-05-24T05:41:40Z,2026-05-24T07:41:40+0200,04b1983b-7d82-4991-9c22-f60d67a0a20c,2026-04-24T05:45:00Z,2026-04-24T07:45:00+0200,1787.45,MW,FR,FR,actual_solar_generation,Solar,2026-05-24T05:42:13Z
2026-05-24T05:41:40Z,2026-05-24T07:41:40+0200,04b1983b-7d82-4991-9c22-f60d67a0a20c,2026-04-24T06:00:00Z,2026-04-24T08:00:00+0200,2746.56,MW,FR,FR,actual_solar_generation,Solar,2026-05-24T05:42:13Z
2026-05-24T05:41:40Z,2026-05-24T07:41:40+0200,04b1983b-7d82-4991-9c22-f60d67a0a20c,2026-04-24T06:15:00Z,2026-04-24T08:15:00+0200,3798.43,MW,FR,FR,actual_solar_generation,Solar,2026-05-24T05:42:13Z
2026-05-24T05:41:40Z,2026-05-24T07:41:40+0200,04b1983b-7d82-4991-9c22-f60d67a0a20c,2026-04-24T06:30:00Z,2026-04-24T08:30:00+0200,5023.28,MW,FR,FR,actual_solar_generation,Solar,2026-05-24T05:42:13Z
2026-05-24T05:41:40Z,2026-05-24T07:41:40+0200,04b1983b-7d82-4991-9c22-f60d67a0a20c,2026-04-24T06:45:00Z,2026-04-24T08:45:00+0200,6396.94,MW,FR,FR,actual_solar_generation,Solar,2026-05-24T05:42:13Z
2026-05-24T05:41:40Z,2026-05-24T07:41:40+0200,04b1983b-7d82-4991-9c22-f60d67a0a20c,2026-04-24T07:00:00Z,2026-04-24T09:00:00+0200,7640.37,MW,FR,FR,actual_solar_generation,Solar,2026-05-24T05:42:13Z
2026-05-24T05:41:40Z,2026-05-24T07:41:40+0200,04b1983b-7d82-4991-9c22-f60d67a0a20c,2026-04-24T07:15:00Z,2026-04-24T09:15:00+0200,9048.8,MW,FR,FR,actual_solar_generation,Solar,2026-05-24T05:42:13Z
2026-05-24T05:41:40Z,2026-05-24T07:41:40+0200,04b1983b-7d82-4991-9c22-f60d67a0a20c,2026-04-24T07:30:00Z,2026-04-24T09:30:00+0200,10384.0,MW,FR,FR,actual_solar_generation,Solar,2026-05-24T05:42:13Z
2026-05-24T05:41:40Z,2026-05-24T07:41:40+0200,04b1983b-7d82-4991-9c22-f60d67a0a20c,2026-04-24T07:45:00Z,2026-04-24T09:45:00+0200,11740.99,MW,FR,FR,actual_solar_generation,Solar,2026-05-24T05:42:13Z
2026-05-24T05:41:40Z,2026-05-24T07:41:40+0200,04b1983b-7d82-4991-9c22-f60d67a0a20c,2026-04-24T08:00:00Z,2026-04-24T10:00:00+0200,12969.89,MW,FR,FR,actual_solar_generation,Solar,2026-05-24T05:42:13Z
2026-05-24T05:41:40Z,2026-05-24T07:41:40+0200,04b1983b-7d82-4991-9c22-f60d67a0a20c,2026-04-24T08:15:00Z,2026-04-24T10:15:00+0200,14365.56,MW,FR,FR,actual_solar_generation,Solar,2026-05-24T05:42:13Z
2026-05-24T05:41:40Z,2026-05-24T07:41:40+0200,04b1983b-7d82-4991-9c22-f60d67a0a20c,2026-04-24T08:30:00Z,2026-04-24T10:30:00+0200,15105.66,MW,FR,FR,actual_solar_generation,Solar,2026-05-24T05:42:13Z
2026-05-24T05:41:40Z,2026-05-24T07:41:40+0200,04b1983b-7d82-4991-9c22-f60d67a0a20c,2026-04-24T08:45:00Z,2026-04-24T10:45:00+0200,14689.92,MW,FR,FR,actual_solar_generation,Solar,2026-05-24T05:42:13Z
2026-05-24T05:41:40Z,2026-05-24T07:41:40+0200,04b1983b-7d82-4991-9c22-f60d67a0a20c,2026-04-24T09:00:00Z,2026-04-24T11:00:00+0200,12884.09,MW,FR,FR,actual_solar_generation,Solar,2026-05-24T05:42:13Z
2026-05-24T05:41:40Z,2026-05-24T07:41:40+0200,04b1983b-7d82-4991-9c22-f60d67a0a20c,2026-04-24T09:15:00Z,2026-04-24T11:15:00+0200,13383.04,MW,FR,FR,actual_solar_generation,Solar,2026-05-24T05:42:13Z
2026-05-24T05:41:40Z,2026-05-24T07:41:40+0200,04b1983b-7d82-4991-9c22-f60d67a0a20c,2026-04-24T09:30:00Z,2026-04-24T11:30:00+0200,13588.21,MW,FR,FR,actual_solar_generation,Solar,2026-05-24T05:42:13Z
2026-05-24T05:41:40Z,2026-05-24T07:41:40+0200,04b1983b-7d82-4991-9c22-f60d67a0a20c,2026-04-24T09:45:00Z,2026-04-24T11:45:00+0200,13702.42,MW,FR,FR,actual_solar_generation,Solar,2026-05-24T05:42:13Z
2026-05-24T05:41:40Z,2026-05-24T07:41:40+0200,04b1983b-7d82-4991-9c22-f60d67a0a20c,2026-04-24T10:00:00Z,2026-04-24T12:00:00+0200,14175.22,MW,FR,FR,actual_solar_generation,Solar,2026-05-24T05:42:13Z
2026-05-24T05:41:40Z,2026-05-24T07:41:40+0200,04b1983b-7d82-4991-9c22-f60d67a0a20c,2026-04-24T10:15:00Z,2026-04-24T12:15:00+0200,14621.52,MW,FR,FR,actual_solar_generation,Solar,2026-05-24T05:42:13Z
2026-05-24T05:41:40Z,2026-05-24T07:41:40+0200,04b1983b-7d82-4991-9c22-f60d67a0a20c,2026-04-24T10:30:00Z,2026-04-24T12:30:00+0200,14899.17,MW,FR,FR,actual_solar_generation,Solar,2026-05-24T05:42:13Z
2026-05-24T05:41:40Z,2026-05-24T07:41:40+0200,04b1983b-7d82-4991-9c22-f60d67a0a20c,2026-04-24T10:45:00Z,2026-04-24T12:45:00+0200,15063.11,MW,FR,FR,actual_solar_generation,Solar,2026-05-24T05:42:13Z
2026-05-24T05:41:40Z,2026-05-24T07:41:40+0200,04b1983b-7d82-4991-9c22-f60d67a0a20c,2026-04-24T11:00:00Z,2026-04-24T13:00:00+0200,15255.68,MW,FR,FR,actual_solar_generation,Solar,2026-05-24T05:42:13Z
2026-05-24T05:41:40Z,2026-05-24T07:41:40+0200,04b1983b-7d82-4991-9c22-f60d67a0a20c,2026-04-24T11:15:00Z,2026-04-24T13:15:00+0200,15559.44,MW,FR,FR,actual_solar_generation,Solar,2026-05-24T05:42:13Z
2026-05-24T05:41:40Z,2026-05-24T07:41:40+0200,04b1983b-7d82-4991-9c22-f60d67a0a20c,2026-04-24T11:30:00Z,2026-04-24T13:30:00+0200,15632.7,MW,FR,FR,actual_solar_generation,Solar,2026-05-24T05:42:13Z
2026-05-24T05:41:40Z,2026-05-24T07:41:40+0200,04b1983b-7d82-4991-9c22-f60d67a0a20c,2026-04-24T11:45:00Z,2026-04-24T13:45:00+0200,15669.17,MW,FR,FR,actual_solar_generation,Solar,2026-05-24T05:42:13Z
2026-05-24T05:41:40Z,2026-05-24T07:41:40+0200,04b1983b-7d82-4991-9c22-f60d67a0a20c,2026-04-24T12:00:00Z,2026-04-24T14:00:00+0200,15641.25,MW,FR,FR,actual_solar_generation,Solar,2026-05-24T05:42:13Z
2026-05-24T05:41:40Z,2026-05-24T07:41:40+0200,04b1983b-7d82-4991-9c22-f60d67a0a20c,2026-04-24T12:15:00Z,2026-04-24T14:15:00+0200,15565.28,MW,FR,FR,actual_solar_generation,Solar,2026-05-24T05:42:13Z
2026-05-24T05:41:40Z,2026-05-24T07:41:40+0200,04b1983b-7d82-4991-9c22-f60d67a0a20c,2026-04-24T12:30:00Z,2026-04-24T14:30:00+0200,15454.28,MW,FR,FR,actual_solar_generation,Solar,2026-05-24T05:42:13Z
2026-05-24T05:41:40Z,2026-05-24T07:41:40+0200,04b1983b-7d82-4991-9c22-f60d67a0a20c,2026-04-24T12:45:00Z,2026-04-24T14:45:00+0200,15262.74,MW,FR,FR,actual_solar_generation,Solar,2026-05-24T05:42:13Z
2026-05-24T05:41:40Z,2026-05-24T07:41:40+0200,04b1983b-7d82-4991-9c22-f60d67a0a20c,2026-04-24T13:00:00Z,2026-04-24T15:00:00+0200,15076.26,MW,FR,FR,actual_solar_generation,Solar,2026-05-24T05:42:13Z
2026-05-24T05:41:40Z,2026-05-24T07:41:40+0200,04b1983b-7d82-4991-9c22-f60d67a0a20c,2026-04-24T13:15:00Z,2026-04-24T15:15:00+0200,14892.67,MW,FR,FR,actual_solar_generation,Solar,2026-05-24T05:42:13Z
2026-05-24T05:41:40Z,2026-05-24T07:41:40+0200,04b1983b-7d82-4991-9c22-f60d67a0a20c,2026-04-24T13:30:00Z,2026-04-24T15:30:00+0200,14617.06,MW,FR,FR,actual_solar_generation,Solar,2026-05-24T05:42:13Z
2026-05-24T05:41:40Z,2026-05-24T07:41:40+0200,04b1983b-7d82-4991-9c22-f60d67a0a20c,2026-04-24T13:45:00Z,2026-04-24T15:45:00+0200,14324.05,MW,FR,FR,actual_solar_generation,Solar,2026-05-24T05:42:13Z
2026-05-24T05:41:40Z,2026-05-24T07:41:40+0200,04b1983b-7d82-4991-9c22-f60d67a0a20c,2026-04-24T14:00:00Z,2026-04-24T16:00:00+0200,13755.73,MW,FR,FR,actual_solar_generation,Solar,2026-05-24T05:42:13Z
2026-05-24T05:41:40Z,2026-05-24T07:41:40+0200,04b1983b-7d82-4991-9c22-f60d67a0a20c,2026-04-24T14:15:00Z,2026-04-24T16:15:00+0200,13271.5,MW,FR,FR,actual_solar_generation,Solar,2026-05-24T05:42:13Z
2026-05-24T05:41:40Z,2026-05-24T07:41:40+0200,04b1983b-7d82-4991-9c22-f60d67a0a20c,2026-04-24T14:30:00Z,2026-04-24T16:30:00+0200,12811.71,MW,FR,FR,actual_solar_generation,Solar,2026-05-24T05:42:13Z
2026-05-24T05:41:40Z,2026-05-24T07:41:40+0200,04b1983b-7d82-4991-9c22-f60d67a0a20c,2026-04-24T14:45:00Z,2026-04-24T16:45:00+0200,12171.77,MW,FR,FR,actual_solar_generation,Solar,2026-05-24T05:42:13Z
2026-05-24T05:41:40Z,2026-05-24T07:41:40+0200,04b1983b-7d82-4991-9c22-f60d67a0a20c,2026-04-24T15:00:00Z,2026-04-24T17:00:00+0200,12662.86,MW,FR,FR,actual_solar_generation,Solar,2026-05-24T05:42:13Z
2026-05-24T05:41:40Z,2026-05-24T07:41:40+0200,04b1983b-7d82-4991-9c22-f60d67a0a20c,2026-04-24T15:15:00Z,2026-04-24T17:15:00+0200,13907.99,MW,FR,FR,actual_solar_generation,Solar,2026-05-24T05:42:13Z
2026-05-24T05:41:40Z,2026-05-24T07:41:40+0200,04b1983b-7d82-4991-9c22-f60d67a0a20c,2026-04-24T15:30:00Z,2026-04-24T17:30:00+0200,13054.22,MW,FR,FR,actual_solar_generation,Solar,2026-05-24T05:42:13Z
2026-05-24T05:41:40Z,2026-05-24T07:41:40+0200,04b1983b-7d82-4991-9c22-f60d67a0a20c,2026-04-24T15:45:00Z,2026-04-24T17:45:00+0200,11833.83,MW,FR,FR,actual_solar_generation,Solar,2026-05-24T05:42:13Z
2026-05-24T05:41:40Z,2026-05-24T07:41:40+0200,04b1983b-7d82-4991-9c22-f60d67a0a20c,2026-04-24T16:00:00Z,2026-04-24T18:00:00+0200,10668.62,MW,FR,FR,actual_solar_generation,Solar,2026-05-24T05:42:13Z
2026-05-24T05:41:40Z,2026-05-24T07:41:40+0200,04b1983b-7d82-4991-9c22-f60d67a0a20c,2026-04-24T16:15:00Z,2026-04-24T18:15:00+0200,9297.5,MW,FR,FR,actual_solar_generation,Solar,2026-05-24T05:42:13Z
2026-05-24T05:41:40Z,2026-05-24T07:41:40+0200,04b1983b-7d82-4991-9c22-f60d67a0a20c,2026-04-24T16:30:00Z,2026-04-24T18:30:00+0200,7920.32,MW,FR,FR,actual_solar_generation,Solar,2026-05-24T05:42:13Z
2026-05-24T05:41:40Z,2026-05-24T07:41:40+0200,04b1983b-7d82-4991-9c22-f60d67a0a20c,2026-04-24T16:45:00Z,2026-04-24T18:45:00+0200,6559.61,MW,FR,FR,actual_solar_generation,Solar,2026-05-24T05:42:13Z
2026-05-24T05:41:40Z,2026-05-24T07:41:40+0200,04b1983b-7d82-4991-9c22-f60d67a0a20c,2026-04-24T17:00:00Z,2026-04-24T19:00:00+0200,5177.7,MW,FR,FR,actual_solar_generation,Solar,2026-05-24T05:42:13Z
2026-05-24T05:41:40Z,2026-05-24T07:41:40+0200,04b1983b-7d82-4991-9c22-f60d67a0a20c,2026-04-24T17:15:00Z,2026-04-24T19:15:00+0200,3961.92,MW,FR,FR,actual_solar_generation,Solar,2026-05-24T05:42:13Z
2026-05-24T05:41:40Z,2026-05-24T07:41:40+0200,04b1983b-7d82-4991-9c22-f60d67a0a20c,2026-04-24T17:30:00Z,2026-04-24T19:30:00+0200,2856.67,MW,FR,FR,actual_solar_generation,Solar,2026-05-24T05:42:13Z
2026-05-24T05:41:40Z,2026-05-24T07:41:40+0200,04b1983b-7d82-4991-9c22-f60d67a0a20c,2026-04-24T17:45:00Z,2026-04-24T19:45:00+0200,2017.67,MW,FR,FR,actual_solar_generation,Solar,2026-05-24T05:42:13Z
2026-05-24T05:41:40Z,2026-05-24T07:41:40+0200,04b1983b-7d82-4991-9c22-f60d67a0a20c,2026-04-24T18:00:00Z,2026-04-24T20:00:00+0200,1291.06,MW,FR,FR,actual_solar_generation,Solar,2026-05-24T05:42:13Z
2026-05-24T05:41:40Z,2026-05-24T07:41:40+0200,04b1983b-7d82-4991-9c22-f60d67a0a20c,2026-04-24T18:15:00Z,2026-04-24T20:15:00+0200,815.76,MW,FR,FR,actual_solar_generation,Solar,2026-05-24T05:42:13Z
2026-05-24T05:41:40Z,2026-05-24T07:41:40+0200,04b1983b-7d82-4991-9c22-f60d67a0a20c,2026-04-24T18:30:00Z,2026-04-24T20:30:00+0200,500.4,MW,FR,FR,actual_solar_generation,Solar,2026-05-24T05:42:13Z
2026-05-24T05:41:40Z,2026-05-24T07:41:40+0200,04b1983b-7d82-4991-9c22-f60d67a0a20c,2026-04-24T18:45:00Z,2026-04-24T20:45:00+0200,305.12,MW,FR,FR,actual_solar_generation,Solar,2026-05-24T05:42:13Z
2026-05-24T05:41:40Z,2026-05-24T07:41:40+0200,04b1983b-7d82-4991-9c22-f60d67a0a20c,2026-04-24T19:00:00Z,2026-04-24T21:00:00+0200,202.38,MW,FR,FR,actual_solar_generation,Solar,2026-05-24T05:42:13Z
2026-05-24T05:41:40Z,2026-05-24T07:41:40+0200,04b1983b-7d82-4991-9c22-f60d67a0a20c,2026-04-24T19:15:00Z,2026-04-24T21:15:00+0200,179.84,MW,FR,FR,actual_solar_generation,Solar,2026-05-24T05:42:13Z
2026-05-24T05:41:40Z,2026-05-24T07:41:40+0200,04b1983b-7d82-4991-9c22-f60d67a0a20c,2026-04-24T19:30:00Z,2026-04-24T21:30:00+0200,176.69,MW,FR,FR,actual_solar_generation,Solar,2026-05-24T05:42:13Z
2026-05-24T05:41:40Z,2026-05-24T07:41:40+0200,04b1983b-7d82-4991-9c22-f60d67a0a20c,2026-04-24T19:45:00Z,2026-04-24T21:45:00+0200,175.89,MW,FR,FR,actual_solar_generation,Solar,2026-05-24T05:42:13Z
2026-05-24T05:41:40Z,2026-05-24T07:41:40+0200,04b1983b-7d82-4991-9c22-f60d67a0a20c,2026-04-24T20:00:00Z,2026-04-24T22:00:00+0200,0.0,MW,FR,FR,actual_solar_generation,Solar,2026-05-24T05:42:13Z
2026-05-24T05:41:40Z,2026-05-24T07:41:40+0200,04b1983b-7d82-4991-9c22-f60d67a0a20c,2026-04-24T20:15:00Z,2026-04-24T22:15:00+0200,0.0,MW,FR,FR,actual_solar_generation,Solar,2026-05-24T05:42:13Z
2026-05-24T05:41:40Z,2026-05-24T07:41:40+0200,04b1983b-7d82-4991-9c22-f60d67a0a20c,2026-04-24T20:30:00Z,2026-04-24T22:30:00+0200,0.0,MW,FR,FR,actual_solar_generation,Solar,2026-05-24T05:42:13Z
2026-05-24T05:41:40Z,2026-05-24T07:41:40+0200,04b1983b-7d82-4991-9c22-f60d67a0a20c,2026-04-24T20:45:00Z,2026-04-24T22:45:00+0200,0.0,MW,FR,FR,actual_solar_generation,Solar,2026-05-24T05:42:13Z
2026-05-24T05:41:40Z,2026-05-24T07:41:40+0200,04b1983b-7d82-4991-9c22-f60d67a0a20c,2026-04-24T21:00:00Z,2026-04-24T23:00:00+0200,0.0,MW,FR,FR,actual_solar_generation,Solar,2026-05-24T05:42:13Z
2026-05-24T05:41:40Z,2026-05-24T07:41:40+0200,04b1983b-7d82-4991-9c22-f60d67a0a20c,2026-04-24T21:15:00Z,2026-04-24T23:15:00+0200,0.0,MW,FR,FR,actual_solar_generation,Solar,2026-05-24T05:42:13Z
2026-05-24T05:41:40Z,2026-05-24T07:41:40+0200,04b1983b-7d82-4991-9c22-f60d67a0a20c,2026-04-24T21:30:00Z,2026-04-24T23:30:00+0200,0.0,MW,FR,FR,actual_solar_generation,Solar,2026-05-24T05:42:13Z
2026-05-24T05:41:40Z,2026-05-24T07:41:40+0200,04b1983b-7d82-4991-9c22-f60d67a0a20c,2026-04-24T21:45:00Z,2026-04-24T23:45:00+0200,0.0,MW,FR,FR,actual_solar_generation,Solar,2026-05-24T05:42:13Z
2026-05-24T05:41:40Z,2026-05-24T07:41:40+0200,04b1983b-7d82-4991-9c22-f60d67a0a20c,2026-04-24T22:00:00Z,2026-04-25T00:00:00+0200,0.0,MW,FR,FR,actual_solar_generation,Solar,2026-05-24T05:42:13Z
2026-05-24T05:41:40Z,2026-05-24T07:41:40+0200,04b1983b-7d82-4991-9c22-f60d67a0a20c,2026-04-24T22:15:00Z,2026-04-25T00:15:00+0200,0.0,MW,FR,FR,actual_solar_generation,Solar,2026-05-24T05:42:13Z
2026-05-24T05:41:40Z,2026-05-24T07:41:40+0200,04b1983b-7d82-4991-9c22-f60d67a0a20c,2026-04-24T22:30:00Z,2026-04-25T00:30:00+0200,0.0,MW,FR,FR,actual_solar_generation,Solar,2026-05-24T05:42:13Z
2026-05-24T05:41:40Z,2026-05-24T07:41:40+0200,04b1983b-7d82-4991-9c22-f60d67a0a20c,2026-04-24T22:45:00Z,2026-04-25T00:45:00+0200,0.0,MW,FR,FR,actual_solar_generation,Solar,2026-05-24T05:42:13Z
2026-05-24T05:41:40Z,2026-05-24T07:41:40+0200,04b1983b-7d82-4991-9c22-f60d67a0a20c,2026-04-24T23:00:00Z,2026-04-25T01:00:00+0200,0.0,MW,FR,FR,actual_solar_generation,Solar,2026-05-24T05:42:13Z
2026-05-24T05:41:40Z,2026-05-24T07:41:40+0200,04b1983b-7d82-4991-9c22-f60d67a0a20c,2026-04-24T23:15:00Z,2026-04-25T01:15:00+0200,0.0,MW,FR,FR,actual_solar_generation,Solar,2026-05-24T05:42:13Z
2026-05-24T05:41:40Z,2026-05-24T07:41:40+0200,04b1983b-7d82-4991-9c22-f60d67a0a20c,2026-04-24T23:30:00Z,2026-04-25T01:30:00+0200,0.0,MW,FR,FR,actual_solar_generation,Solar,2026-05-24T05:42:13Z
2026-05-24T05:41:40Z,2026-05-24T07:41:40+0200,04b1983b-7d82-4991-9c22-f60d67a0a20c,2026-04-24T23:45:00Z,2026-04-25T01:45:00+0200,0.0,MW,FR,FR,actual_solar_generation,Solar,2026-05-24T05:42:13Z
2026-05-24T05:41:40Z,2026-05-24T07:41:40+0200,04b1983b-7d82-4991-9c22-f60d67a0a20c,2026-04-25T00:00:00Z,2026-04-25T02:00:00+0200,0.0,MW,FR,FR,actual_solar_generation,Solar,2026-05-24T05:42:13Z
2026-05-24T05:41:40Z,2026-05-24T07:41:40+0200,04b1983b-7d82-4991-9c22-f60d67a0a20c,2026-04-25T00:15:00Z,2026-04-25T02:15:00+0200,0.0,MW,FR,FR,actual_solar_generation,Solar,2026-05-24T05:42:13Z
2026-05-24T05:41:40Z,2026-05-24T07:41:40+0200,04b1983b-7d82-4991-9c22-f60d67a0a20c,2026-04-25T00:30:00Z,2026-04-25T02:30:00+0200,0.0,MW,FR,FR,actual_solar_generation,Solar,2026-05-24T05:42:13Z
2026-05-24T05:41:40Z,2026-05-24T07:41:40+0200,04b1983b-7d82-4991-9c22-f60d67a0a20c,2026-04-25T00:45:00Z,2026-04-25T02:45:00+0200,0.0,MW,FR,FR,actual_solar_generation,Solar,2026-05-24T05:42:13Z
2026-05-24T05:41:40Z,2026-05-24T07:41:40+0200,04b1983b-7d82-4991-9c22-f60d67a0a20c,2026-04-25T01:00:00Z,2026-04-25T03:00:00+0200,0.0,MW,FR,FR,actual_solar_generation,Solar,2026-05-24T05:42:13Z
2026-05-24T05:41:40Z,2026-05-24T07:41:40+0200,04b1983b-7d82-4991-9c22-f60d67a0a20c,2026-04-25T01:15:00Z,2026-04-25T03:15:00+0200,0.0,MW,FR,FR,actual_solar_generation,Solar,2026-05-24T05:42:13Z
2026-05-24T05:41:40Z,2026-05-24T07:41:40+0200,04b1983b-7d82-4991-9c22-f60d67a0a20c,2026-04-25T01:30:00Z,2026-04-25T03:30:00+0200,0.0,MW,FR,FR,actual_solar_generation,Solar,2026-05-24T05:42:13Z
2026-05-24T05:41:40Z,2026-05-24T07:41:40+0200,04b1983b-7d82-4991-9c22-f60d67a0a20c,2026-04-25T01:45:00Z,2026-04-25T03:45:00+0200,0.0,MW,FR,FR,actual_solar_generation,Solar,2026-05-24T05:42:13Z
2026-05-24T05:41:40Z,2026-05-24T07:41:40+0200,04b1983b-7d82-4991-9c22-f60d67a0a20c,2026-04-25T02:00:00Z,2026-04-25T04:00:00+0200,0.0,MW,FR,FR,actual_solar_generation,Solar,2026-05-24T05:42:13Z
2026-05-24T05:41:40Z,2026-05-24T07:41:40+0200,04b1983b-7d82-4991-9c22-f60d67a0a20c,2026-04-25T02:15:00Z,2026-04-25T04:15:00+0200,0.0,MW,FR,FR,actual_solar_generation,Solar,2026-05-24T05:42:13Z
2026-05-24T05:41:40Z,2026-05-24T07:41:40+0200,04b1983b-7d82-4991-9c22-f60d67a0a20c,2026-04-25T02:30:00Z,2026-04-25T04:30:00+0200,0.0,MW,FR,FR,actual_solar_generation,Solar,2026-05-24T05:42:13Z
2026-05-24T05:41:40Z,2026-05-24T07:41:40+0200,04b1983b-7d82-4991-9c22-f60d67a0a20c,2026-04-25T02:45:00Z,2026-04-25T04:45:00+0200,0.0,MW,FR,FR,actual_solar_generation,Solar,2026-05-24T05:42:13Z
2026-05-24T05:41:40Z,2026-05-24T07:41:40+0200,04b1983b-7d82-4991-9c22-f60d67a0a20c,2026-04-25T03:00:00Z,2026-04-25T05:00:00+0200,0.0,MW,FR,FR,actual_solar_generation,Solar,2026-05-24T05:42:13Z
2026-05-24T05:41:40Z,2026-05-24T07:41:40+0200,04b1983b-7d82-4991-9c22-f60d67a0a20c,2026-04-25T03:15:00Z,2026-04-25T05:15:00+0200,0.0,MW,FR,FR,actual_solar_generation,Solar,2026-05-24T05:42:13Z
2026-05-24T05:41:40Z,2026-05-24T07:41:40+0200,04b1983b-7d82-4991-9c22-f60d67a0a20c,2026-04-25T03:30:00Z,2026-04-25T05:30:00+0200,0.0,MW,FR,FR,actual_solar_generation,Solar,2026-05-24T05:42:13Z
2026-05-24T05:41:40Z,2026-05-24T07:41:40+0200,04b1983b-7d82-4991-9c22-f60d67a0a20c,2026-04-25T03:45:00Z,2026-04-25T05:45:00+0200,0.0,MW,FR,FR,actual_solar_generation,Solar,2026-05-24T05:42:13Z
2026-05-24T05:41:40Z,2026-05-24T07:41:40+0200,04b1983b-7d82-4991-9c22-f60d67a0a20c,2026-04-25T04:00:00Z,2026-04-25T06:00:00+0200,180.45,MW,FR,FR,actual_solar_generation,Solar,2026-05-24T05:42:13Z
2026-05-24T05:41:40Z,2026-05-24T07:41:40+0200,04b1983b-7d82-4991-9c22-f60d67a0a20c,2026-04-25T04:15:00Z,2026-04-25T06:15:00+0200,181.14,MW,FR,FR,actual_solar_generation,Solar,2026-05-24T05:42:13Z
2026-05-24T05:41:40Z,2026-05-24T07:41:40+0200,04b1983b-7d82-4991-9c22-f60d67a0a20c,2026-04-25T04:30:00Z,2026-04-25T06:30:00+0200,194.69,MW,FR,FR,actual_solar_generation,Solar,2026-05-24T05:42:13Z
2026-05-24T05:41:40Z,2026-05-24T07:41:40+0200,04b1983b-7d82-4991-9c22-f60d67a0a20c,2026-04-25T04:45:00Z,2026-04-25T06:45:00+0200,274.39,MW,FR,FR,actual_solar_generation,Solar,2026-05-24T05:42:13Z
2026-05-24T05:41:40Z,2026-05-24T07:41:40+0200,04b1983b-7d82-4991-9c22-f60d67a0a20c,2026-04-25T05:00:00Z,2026-04-25T07:00:00+0200,435.16,MW,FR,FR,actual_solar_generation,Solar,2026-05-24T05:42:13Z
2026-05-24T05:41:40Z,2026-05-24T07:41:40+0200,04b1983b-7d82-4991-9c22-f60d67a0a20c,2026-04-25T05:15:00Z,2026-04-25T07:15:00+0200,662.72,MW,FR,FR,actual_solar_generation,Solar,2026-05-24T05:42:13Z
2026-05-24T05:41:40Z,2026-05-24T07:41:40+0200,04b1983b-7d82-4991-9c22-f60d67a0a20c,2026-04-25T05:30:00Z,2026-04-25T07:30:00+0200,1032.69,MW,FR,FR,actual_solar_generation,Solar,2026-05-24T05:42:13Z
2026-05-24T05:41:40Z,2026-05-24T07:41:40+0200,04b1983b-7d82-4991-9c22-f60d67a0a20c,2026-04-25T05:45:00Z,2026-04-25T07:45:00+0200,1643.75,MW,FR,FR,actual_solar_generation,Solar,2026-05-24T05:42:13Z
2026-05-24T05:41:40Z,2026-05-24T07:41:40+0200,04b1983b-7d82-4991-9c22-f60d67a0a20c,2026-04-25T06:00:00Z,2026-04-25T08:00:00+0200,2436.49,MW,FR,FR,actual_solar_generation,Solar,2026-05-24T05:42:13Z
2026-05-24T05:41:40Z,2026-05-24T07:41:40+0200,04b1983b-7d82-4991-9c22-f60d67a0a20c,2026-04-25T06:15:00Z,2026-04-25T08:15:00+0200,3374.72,MW,FR,FR,actual_solar_generation,Solar,2026-05-24T05:42:13Z
2026-05-24T05:41:40Z,2026-05-24T07:41:40+0200,04b1983b-7d82-4991-9c22-f60d67a0a20c,2026-04-25T06:30:00Z,2026-04-25T08:30:00+0200,4421.01,MW,FR,FR,actual_solar_generation,Solar,2026-05-24T05:42:13Z
2026-05-24T05:41:40Z,2026-05-24T07:41:40+0200,04b1983b-7d82-4991-9c22-f60d67a0a20c,2026-04-25T06:45:00Z,2026-04-25T08:45:00+0200,5513.95,MW,FR,FR,actual_solar_generation,Solar,2026-05-24T05:42:13Z
2026-05-24T05:41:40Z,2026-05-24T07:41:40+0200,04b1983b-7d82-4991-9c22-f60d67a0a20c,2026-04-25T07:00:00Z,2026-04-25T09:00:00+0200,6487.19,MW,FR,FR,actual_solar_generation,Solar,2026-05-24T05:42:13Z
2026-05-24T05:41:40Z,2026-05-24T07:41:40+0200,04b1983b-7d82-4991-9c22-f60d67a0a20c,2026-04-25T07:15:00Z,2026-04-25T09:15:00+0200,7487.48,MW,FR,FR,actual_solar_generation,Solar,2026-05-24T05:42:13Z
2026-05-24T05:41:40Z,2026-05-24T07:41:40+0200,04b1983b-7d82-4991-9c22-f60d67a0a20c,2026-04-25T07:30:00Z,2026-04-25T09:30:00+0200,8408.89,MW,FR,FR,actual_solar_generation,Solar,2026-05-24T05:42:13Z
2026-05-24T05:41:40Z,2026-05-24T07:41:40+0200,04b1983b-7d82-4991-9c22-f60d67a0a20c,2026-04-25T07:45:00Z,2026-04-25T09:45:00+0200,8410.38,MW,FR,FR,actual_solar_generation,Solar,2026-05-24T05:42:13Z
2026-05-24T05:41:40Z,2026-05-24T07:41:40+0200,04b1983b-7d82-4991-9c22-f60d67a0a20c,2026-04-25T08:00:00Z,2026-04-25T10:00:00+0200,7730.18,MW,FR,FR,actual_solar_generation,Solar,2026-05-24T05:42:13Z
2026-05-24T05:41:40Z,2026-05-24T07:41:40+0200,04b1983b-7d82-4991-9c22-f60d67a0a20c,2026-04-25T08:15:00Z,2026-04-25T10:15:00+0200,8392.11,MW,FR,FR,actual_solar_generation,Solar,2026-05-24T05:42:13Z
2026-05-24T05:41:40Z,2026-05-24T07:41:40+0200,04b1983b-7d82-4991-9c22-f60d67a0a20c,2026-04-25T08:30:00Z,2026-04-25T10:30:00+0200,9117.12,MW,FR,FR,actual_solar_generation,Solar,2026-05-24T05:42:13Z
2026-05-24T05:41:40Z,2026-05-24T07:41:40+0200,04b1983b-7d82-4991-9c22-f60d67a0a20c,2026-04-25T08:45:00Z,2026-04-25T10:45:00+0200,9692.53,MW,FR,FR,actual_solar_generation,Solar,2026-05-24T05:42:13Z
2026-05-24T05:41:40Z,2026-05-24T07:41:40+0200,04b1983b-7d82-4991-9c22-f60d67a0a20c,2026-04-25T09:00:00Z,2026-04-25T11:00:00+0200,10142.77,MW,FR,FR,actual_solar_generation,Solar,2026-05-24T05:42:13Z
2026-05-24T05:41:40Z,2026-05-24T07:41:40+0200,04b1983b-7d82-4991-9c22-f60d67a0a20c,2026-04-25T09:15:00Z,2026-04-25T11:15:00+0200,10665.23,MW,FR,FR,actual_solar_generation,Solar,2026-05-24T05:42:13Z
2026-05-24T05:41:40Z,2026-05-24T07:41:40+0200,04b1983b-7d82-4991-9c22-f60d67a0a20c,2026-04-25T09:30:00Z,2026-04-25T11:30:00+0200,11076.01,MW,FR,FR,actual_solar_generation,Solar,2026-05-24T05:42:13Z
2026-05-24T05:41:40Z,2026-05-24T07:41:40+0200,04b1983b-7d82-4991-9c22-f60d67a0a20c,2026-04-25T09:45:00Z,2026-04-25T11:45:00+0200,11519.7,MW,FR,FR,actual_solar_generation,Solar,2026-05-24T05:42:13Z
2026-05-24T05:41:40Z,2026-05-24T07:41:40+0200,04b1983b-7d82-4991-9c22-f60d67a0a20c,2026-04-25T10:00:00Z,2026-04-25T12:00:00+0200,11964.76,MW,FR,FR,actual_solar_generation,Solar,2026-05-24T05:42:13Z
2026-05-24T05:41:40Z,2026-05-24T07:41:40+0200,04b1983b-7d82-4991-9c22-f60d67a0a20c,2026-04-25T10:15:00Z,2026-04-25T12:15:00+0200,12251.99,MW,FR,FR,actual_solar_generation,Solar,2026-05-24T05:42:13Z
2026-05-24T05:41:40Z,2026-05-24T07:41:40+0200,04b1983b-7d82-4991-9c22-f60d67a0a20c,2026-04-25T10:30:00Z,2026-04-25T12:30:00+0200,12314.78,MW,FR,FR,actual_solar_generation,Solar,2026-05-24T05:42:13Z
2026-05-24T05:41:40Z,2026-05-24T07:41:40+0200,04b1983b-7d82-4991-9c22-f60d67a0a20c,2026-04-25T10:45:00Z,2026-04-25T12:45:00+0200,12392.92,MW,FR,FR,actual_solar_generation,Solar,2026-05-24T05:42:13Z
2026-05-24T05:41:40Z,2026-05-24T07:41:40+0200,04b1983b-7d82-4991-9c22-f60d67a0a20c,2026-04-25T11:00:00Z,2026-04-25T13:00:00+0200,12509.46,MW,FR,FR,actual_solar_generation,Solar,2026-05-24T05:42:13Z
2026-05-24T05:41:40Z,2026-05-24T07:41:40+0200,04b1983b-7d82-4991-9c22-f60d67a0a20c,2026-04-25T11:15:00Z,2026-04-25T13:15:00+0200,12562.52,MW,FR,FR,actual_solar_generation,Solar,2026-05-24T05:42:13Z
2026-05-24T05:41:40Z,2026-05-24T07:41:40+0200,04b1983b-7d82-4991-9c22-f60d67a0a20c,2026-04-25T11:30:00Z,2026-04-25T13:30:00+0200,12571.77,MW,FR,FR,actual_solar_generation,Solar,2026-05-24T05:42:13Z
2026-05-24T05:41:40Z,2026-05-24T07:41:40+0200,04b1983b-7d82-4991-9c22-f60d67a0a20c,2026-04-25T11:45:00Z,2026-04-25T13:45:00+0200,12645.84,MW,FR,FR,actual_solar_generation,Solar,2026-05-24T05:42:13Z
2026-05-24T05:41:40Z,2026-05-24T07:41:40+0200,04b1983b-7d82-4991-9c22-f60d67a0a20c,2026-04-25T12:00:00Z,2026-04-25T14:00:00+0200,12740.08,MW,FR,FR,actual_solar_generation,Solar,2026-05-24T05:42:13Z
2026-05-24T05:41:40Z,2026-05-24T07:41:40+0200,04b1983b-7d82-4991-9c22-f60d67a0a20c,2026-04-25T12:15:00Z,2026-04-25T14:15:00+0200,12772.72,MW,FR,FR,actual_solar_generation,Solar,2026-05-24T05:42:13Z
2026-05-24T05:41:40Z,2026-05-24T07:41:40+0200,04b1983b-7d82-4991-9c22-f60d67a0a20c,2026-04-25T12:30:00Z,2026-04-25T14:30:00+0200,12667.66,MW,FR,FR,actual_solar_generation,Solar,2026-05-24T05:42:13Z
2026-05-24T05:41:40Z,2026-05-24T07:41:40+0200,04b1983b-7d82-4991-9c22-f60d67a0a20c,2026-04-25T12:45:00Z,2026-04-25T14:45:00+0200,12526.42,MW,FR,FR,actual_solar_generation,Solar,2026-05-24T05:42:13Z
2026-05-24T05:41:40Z,2026-05-24T07:41:40+0200,04b1983b-7d82-4991-9c22-f60d67a0a20c,2026-04-25T13:00:00Z,2026-04-25T15:00:00+0200,12384.34,MW,FR,FR,actual_solar_generation,Solar,2026-05-24T05:42:13Z
2026-05-24T05:41:40Z,2026-05-24T07:41:40+0200,04b1983b-7d82-4991-9c22-f60d67a0a20c,2026-04-25T13:15:00Z,2026-04-25T15:15:00+0200,12161.63,MW,FR,FR,actual_solar_generation,Solar,2026-05-24T05:42:13Z
2026-05-24T05:41:40Z,2026-05-24T07:41:40+0200,04b1983b-7d82-4991-9c22-f60d67a0a20c,2026-04-25T13:30:00Z,2026-04-25T15:30:00+0200,11930.65,MW,FR,FR,actual_solar_generation,Solar,2026-05-24T05:42:13Z
2026-05-24T05:41:40Z,2026-05-24T07:41:40+0200,04b1983b-7d82-4991-9c22-f60d67a0a20c,2026-04-25T13:45:00Z,2026-04-25T15:45:00+0200,11597.04,MW,FR,FR,actual_solar_generation,Solar,2026-05-24T05:42:13Z
2026-05-24T05:41:40Z,2026-05-24T07:41:40+0200,04b1983b-7d82-4991-9c22-f60d67a0a20c,2026-04-25T14:00:00Z,2026-04-25T16:00:00+0200,11248.58,MW,FR,FR,actual_solar_generation,Solar,2026-05-24T05:42:13Z
2026-05-24T05:41:40Z,2026-05-24T07:41:40+0200,04b1983b-7d82-4991-9c22-f60d67a0a20c,2026-04-25T14:15:00Z,2026-04-25T16:15:00+0200,10821.33,MW,FR,FR,actual_solar_generation,Solar,2026-05-24T05:42:13Z
2026-05-24T05:41:40Z,2026-05-24T07:41:40+0200,04b1983b-7d82-4991-9c22-f60d67a0a20c,2026-04-25T14:30:00Z,2026-04-25T16:30:00+0200,10357.28,MW,FR,FR,actual_solar_generation,Solar,2026-05-24T05:42:13Z
2026-05-24T05:41:40Z,2026-05-24T07:41:40+0200,04b1983b-7d82-4991-9c22-f60d67a0a20c,2026-04-25T14:45:00Z,2026-04-25T16:45:00+0200,9806.53,MW,FR,FR,actual_solar_generation,Solar,2026-05-24T05:42:13Z
2026-05-24T05:41:40Z,2026-05-24T07:41:40+0200,04b1983b-7d82-4991-9c22-f60d67a0a20c,2026-04-25T15:00:00Z,2026-04-25T17:00:00+0200,9172.91,MW,FR,FR,actual_solar_generation,Solar,2026-05-24T05:42:13Z
2026-05-24T05:41:40Z,2026-05-24T07:41:40+0200,04b1983b-7d82-4991-9c22-f60d67a0a20c,2026-04-25T15:15:00Z,2026-04-25T17:15:00+0200,8542.91,MW,FR,FR,actual_solar_generation,Solar,2026-05-24T05:42:13Z
2026-05-24T05:41:40Z,2026-05-24T07:41:40+0200,04b1983b-7d82-4991-9c22-f60d67a0a20c,2026-04-25T15:30:00Z,2026-04-25T17:30:00+0200,7909.36,MW,FR,FR,actual_solar_generation,Solar,2026-05-24T05:42:13Z
2026-05-24T05:41:40Z,2026-05-24T07:41:40+0200,04b1983b-7d82-4991-9c22-f60d67a0a20c,2026-04-25T15:45:00Z,2026-04-25T17:45:00+0200,7298.33,MW,FR,FR,actual_solar_generation,Solar,2026-05-24T05:42:13Z
2026-05-24T05:41:40Z,2026-05-24T07:41:40+0200,04b1983b-7d82-4991-9c22-f60d67a0a20c,2026-04-25T16:00:00Z,2026-04-25T18:00:00+0200,7385.55,MW,FR,FR,actual_solar_generation,Solar,2026-05-24T05:42:13Z
2026-05-24T05:41:40Z,2026-05-24T07:41:40+0200,04b1983b-7d82-4991-9c22-f60d67a0a20c,2026-04-25T16:15:00Z,2026-04-25T18:15:00+0200,7491.53,MW,FR,FR,actual_solar_generation,Solar,2026-05-24T05:42:13Z
2026-05-24T05:41:40Z,2026-05-24T07:41:40+0200,04b1983b-7d82-4991-9c22-f60d67a0a20c,2026-04-25T16:30:00Z,2026-04-25T18:30:00+0200,6448.41,MW,FR,FR,actual_solar_generation,Solar,2026-05-24T05:42:13Z
2026-05-24T05:41:40Z,2026-05-24T07:41:40+0200,04b1983b-7d82-4991-9c22-f60d67a0a20c,2026-04-25T16:45:00Z,2026-04-25T18:45:00+0200,5393.69,MW,FR,FR,actual_solar_generation,Solar,2026-05-24T05:42:13Z
2026-05-24T05:41:40Z,2026-05-24T07:41:40+0200,04b1983b-7d82-4991-9c22-f60d67a0a20c,2026-04-25T17:00:00Z,2026-04-25T19:00:00+0200,4348.74,MW,FR,FR,actual_solar_generation,Solar,2026-05-24T05:42:13Z
2026-05-24T05:41:40Z,2026-05-24T07:41:40+0200,04b1983b-7d82-4991-9c22-f60d67a0a20c,2026-04-25T17:15:00Z,2026-04-25T19:15:00+0200,3353.64,MW,FR,FR,actual_solar_generation,Solar,2026-05-24T05:42:13Z
2026-05-24T05:41:40Z,2026-05-24T07:41:40+0200,04b1983b-7d82-4991-9c22-f60d67a0a20c,2026-04-25T17:30:00Z,2026-04-25T19:30:00+0200,2495.92,MW,FR,FR,actual_solar_generation,Solar,2026-05-24T05:42:13Z
2026-05-24T05:41:40Z,2026-05-24T07:41:40+0200,04b1983b-7d82-4991-9c22-f60d67a0a20c,2026-04-25T17:45:00Z,2026-04-25T19:45:00+0200,1822.82,MW,FR,FR,actual_solar_generation,Solar,2026-05-24T05:42:13Z
2026-05-24T05:41:40Z,2026-05-24T07:41:40+0200,04b1983b-7d82-4991-9c22-f60d67a0a20c,2026-04-25T18:00:00Z,2026-04-25T20:00:00+0200,1210.9,MW,FR,FR,actual_solar_generation,Solar,2026-05-24T05:42:13Z
2026-05-24T05:41:40Z,2026-05-24T07:41:40+0200,04b1983b-7d82-4991-9c22-f60d67a0a20c,2026-04-25T18:15:00Z,2026-04-25T20:15:00+0200,779.83,MW,FR,FR,actual_solar_generation,Solar,2026-05-24T05:42:13Z
2026-05-24T05:41:40Z,2026-05-24T07:41:40+0200,04b1983b-7d82-4991-9c22-f60d67a0a20c,2026-04-25T18:30:00Z,2026-04-25T20:30:00+0200,490.58,MW,FR,FR,actual_solar_generation,Solar,2026-05-24T05:42:13Z
2026-05-24T05:41:40Z,2026-05-24T07:41:40+0200,04b1983b-7d82-4991-9c22-f60d67a0a20c,2026-04-25T18:45:00Z,2026-04-25T20:45:00+0200,315.96,MW,FR,FR,actual_solar_generation,Solar,2026-05-24T05:42:13Z
2026-05-24T05:41:40Z,2026-05-24T07:41:40+0200,04b1983b-7d82-4991-9c22-f60d67a0a20c,2026-04-25T19:00:00Z,2026-04-25T21:00:00+0200,222.85,MW,FR,FR,actual_solar_generation,Solar,2026-05-24T05:42:13Z
2026-05-24T05:41:40Z,2026-05-24T07:41:40+0200,04b1983b-7d82-4991-9c22-f60d67a0a20c,2026-04-25T19:15:00Z,2026-04-25T21:15:00+0200,196.28,MW,FR,FR,actual_solar_generation,Solar,2026-05-24T05:42:13Z
2026-05-24T05:41:40Z,2026-05-24T07:41:40+0200,04b1983b-7d82-4991-9c22-f60d67a0a20c,2026-04-25T19:30:00Z,2026-04-25T21:30:00+0200,186.28,MW,FR,FR,actual_solar_generation,Solar,2026-05-24T05:42:13Z
2026-05-24T05:41:40Z,2026-05-24T07:41:40+0200,04b1983b-7d82-4991-9c22-f60d67a0a20c,2026-04-25T19:45:00Z,2026-04-25T21:45:00+0200,182.54,MW,FR,FR,actual_solar_generation,Solar,2026-05-24T05:42:13Z
2026-05-24T05:41:40Z,2026-05-24T07:41:40+0200,04b1983b-7d82-4991-9c22-f60d67a0a20c,2026-04-25T20:00:00Z,2026-04-25T22:00:00+0200,0.0,MW,FR,FR,actual_solar_generation,Solar,2026-05-24T05:42:13Z
2026-05-24T05:41:40Z,2026-05-24T07:41:40+0200,04b1983b-7d82-4991-9c22-f60d67a0a20c,2026-04-25T20:15:00Z,2026-04-25T22:15:00+0200,0.0,MW,FR,FR,actual_solar_generation,Solar,2026-05-24T05:42:13Z
2026-05-24T05:41:40Z,2026-05-24T07:41:40+0200,04b1983b-7d82-4991-9c22-f60d67a0a20c,2026-04-25T20:30:00Z,2026-04-25T22:30:00+0200,0.0,MW,FR,FR,actual_solar_generation,Solar,2026-05-24T05:42:13Z
2026-05-24T05:41:40Z,2026-05-24T07:41:40+0200,04b1983b-7d82-4991-9c22-f60d67a0a20c,2026-04-25T20:45:00Z,2026-04-25T22:45:00+0200,0.0,MW,FR,FR,actual_solar_generation,Solar,2026-05-24T05:42:13Z
2026-05-24T05:41:40Z,2026-05-24T07:41:40+0200,04b1983b-7d82-4991-9c22-f60d67a0a20c,2026-04-25T21:00:00Z,2026-04-25T23:00:00+0200,0.0,MW,FR,FR,actual_solar_generation,Solar,2026-05-24T05:42:13Z
2026-05-24T05:41:40Z,2026-05-24T07:41:40+0200,04b1983b-7d82-4991-9c22-f60d67a0a20c,2026-04-25T21:15:00Z,2026-04-25T23:15:00+0200,0.0,MW,FR,FR,actual_solar_generation,Solar,2026-05-24T05:42:13Z
2026-05-24T05:41:40Z,2026-05-24T07:41:40+0200,04b1983b-7d82-4991-9c22-f60d67a0a20c,2026-04-25T21:30:00Z,2026-04-25T23:30:00+0200,0.0,MW,FR,FR,actual_solar_generation,Solar,2026-05-24T05:42:13Z
2026-05-24T05:41:40Z,2026-05-24T07:41:40+0200,04b1983b-7d82-4991-9c22-f60d67a0a20c,2026-04-25T21:45:00Z,2026-04-25T23:45:00+0200,0.0,MW,FR,FR,actual_solar_generation,Solar,2026-05-24T05:42:13Z
2026-05-24T05:41:40Z,2026-05-24T07:41:40+0200,04b1983b-7d82-4991-9c22-f60d67a0a20c,2026-04-25T22:00:00Z,2026-04-26T00:00:00+0200,0.0,MW,FR,FR,actual_solar_generation,Solar,2026-05-24T05:42:13Z
2026-05-24T05:41:40Z,2026-05-24T07:41:40+0200,04b1983b-7d82-4991-9c22-f60d67a0a20c,2026-04-25T22:15:00Z,2026-04-26T00:15:00+0200,0.0,MW,FR,FR,actual_solar_generation,Solar,2026-05-24T05:42:13Z
2026-05-24T05:41:40Z,2026-05-24T07:41:40+0200,04b1983b-7d82-4991-9c22-f60d67a0a20c,2026-04-25T22:30:00Z,2026-04-26T00:30:00+0200,0.0,MW,FR,FR,actual_solar_generation,Solar,2026-05-24T05:42:13Z
2026-05-24T05:41:40Z,2026-05-24T07:41:40+0200,04b1983b-7d82-4991-9c22-f60d67a0a20c,2026-04-25T22:45:00Z,2026-04-26T00:45:00+0200,0.0,MW,FR,FR,actual_solar_generation,Solar,2026-05-24T05:42:13Z
2026-05-24T05:41:40Z,2026-05-24T07:41:40+0200,04b1983b-7d82-4991-9c22-f60d67a0a20c,2026-04-25T23:00:00Z,2026-04-26T01:00:00+0200,0.0,MW,FR,FR,actual_solar_generation,Solar,2026-05-24T05:42:13Z
2026-05-24T05:41:40Z,2026-05-24T07:41:40+0200,04b1983b-7d82-4991-9c22-f60d67a0a20c,2026-04-25T23:15:00Z,2026-04-26T01:15:00+0200,0.0,MW,FR,FR,actual_solar_generation,Solar,2026-05-24T05:42:13Z
2026-05-24T05:41:40Z,2026-05-24T07:41:40+0200,04b1983b-7d82-4991-9c22-f60d67a0a20c,2026-04-25T23:30:00Z,2026-04-26T01:30:00+0200,0.0,MW,FR,FR,actual_solar_generation,Solar,2026-05-24T05:42:13Z
2026-05-24T05:41:40Z,2026-05-24T07:41:40+0200,04b1983b-7d82-4991-9c22-f60d67a0a20c,2026-04-25T23:45:00Z,2026-04-26T01:45:00+0200,0.0,MW,FR,FR,actual_solar_generation,Solar,2026-05-24T05:42:13Z
2026-05-24T05:41:40Z,2026-05-24T07:41:40+0200,04b1983b-7d82-4991-9c22-f60d67a0a20c,2026-04-26T00:00:00Z,2026-04-26T02:00:00+0200,0.0,MW,FR,FR,actual_solar_generation,Solar,2026-05-24T05:42:13Z
2026-05-24T05:41:40Z,2026-05-24T07:41:40+0200,04b1983b-7d82-4991-9c22-f60d67a0a20c,2026-04-26T00:15:00Z,2026-04-26T02:15:00+0200,0.0,MW,FR,FR,actual_solar_generation,Solar,2026-05-24T05:42:13Z
2026-05-24T05:41:40Z,2026-05-24T07:41:40+0200,04b1983b-7d82-4991-9c22-f60d67a0a20c,2026-04-26T00:30:00Z,2026-04-26T02:30:00+0200,0.0,MW,FR,FR,actual_solar_generation,Solar,2026-05-24T05:42:13Z
2026-05-24T05:41:40Z,2026-05-24T07:41:40+0200,04b1983b-7d82-4991-9c22-f60d67a0a20c,2026-04-26T00:45:00Z,2026-04-26T02:45:00+0200,0.0,MW,FR,FR,actual_solar_generation,Solar,2026-05-24T05:42:13Z
2026-05-24T05:41:40Z,2026-05-24T07:41:40+0200,04b1983b-7d82-4991-9c22-f60d67a0a20c,2026-04-26T01:00:00Z,2026-04-26T03:00:00+0200,0.0,MW,FR,FR,actual_solar_generation,Solar,2026-05-24T05:42:13Z
2026-05-24T05:41:40Z,2026-05-24T07:41:40+0200,04b1983b-7d82-4991-9c22-f60d67a0a20c,2026-04-26T01:15:00Z,2026-04-26T03:15:00+0200,0.0,MW,FR,FR,actual_solar_generation,Solar,2026-05-24T05:42:13Z
2026-05-24T05:41:40Z,2026-05-24T07:41:40+0200,04b1983b-7d82-4991-9c22-f60d67a0a20c,2026-04-26T01:30:00Z,2026-04-26T03:30:00+0200,0.0,MW,FR,FR,actual_solar_generation,Solar,2026-05-24T05:42:13Z
2026-05-24T05:41:40Z,2026-05-24T07:41:40+0200,04b1983b-7d82-4991-9c22-f60d67a0a20c,2026-04-26T01:45:00Z,2026-04-26T03:45:00+0200,0.0,MW,FR,FR,actual_solar_generation,Solar,2026-05-24T05:42:13Z
2026-05-24T05:41:40Z,2026-05-24T07:41:40+0200,04b1983b-7d82-4991-9c22-f60d67a0a20c,2026-04-26T02:00:00Z,2026-04-26T04:00:00+0200,0.0,MW,FR,FR,actual_solar_generation,Solar,2026-05-24T05:42:13Z
2026-05-24T05:41:40Z,2026-05-24T07:41:40+0200,04b1983b-7d82-4991-9c22-f60d67a0a20c,2026-04-26T02:15:00Z,2026-04-26T04:15:00+0200,0.0,MW,FR,FR,actual_solar_generation,Solar,2026-05-24T05:42:13Z
2026-05-24T05:41:40Z,2026-05-24T07:41:40+0200,04b1983b-7d82-4991-9c22-f60d67a0a20c,2026-04-26T02:30:00Z,2026-04-26T04:30:00+0200,0.0,MW,FR,FR,actual_solar_generation,Solar,2026-05-24T05:42:13Z
2026-05-24T05:41:40Z,2026-05-24T07:41:40+0200,04b1983b-7d82-4991-9c22-f60d67a0a20c,2026-04-26T02:45:00Z,2026-04-26T04:45:00+0200,0.0,MW,FR,FR,actual_solar_generation,Solar,2026-05-24T05:42:13Z
2026-05-24T05:41:40Z,2026-05-24T07:41:40+0200,04b1983b-7d82-4991-9c22-f60d67a0a20c,2026-04-26T03:00:00Z,2026-04-26T05:00:00+0200,0.0,MW,FR,FR,actual_solar_generation,Solar,2026-05-24T05:42:13Z
2026-05-24T05:41:40Z,2026-05-24T07:41:40+0200,04b1983b-7d82-4991-9c22-f60d67a0a20c,2026-04-26T03:15:00Z,2026-04-26T05:15:00+0200,0.0,MW,FR,FR,actual_solar_generation,Solar,2026-05-24T05:42:13Z
2026-05-24T05:41:40Z,2026-05-24T07:41:40+0200,04b1983b-7d82-4991-9c22-f60d67a0a20c,2026-04-26T03:30:00Z,2026-04-26T05:30:00+0200,0.0,MW,FR,FR,actual_solar_generation,Solar,2026-05-24T05:42:13Z
2026-05-24T05:41:40Z,2026-05-24T07:41:40+0200,04b1983b-7d82-4991-9c22-f60d67a0a20c,2026-04-26T03:45:00Z,2026-04-26T05:45:00+0200,0.0,MW,FR,FR,actual_solar_generation,Solar,2026-05-24T05:42:13Z
2026-05-24T05:41:40Z,2026-05-24T07:41:40+0200,04b1983b-7d82-4991-9c22-f60d67a0a20c,2026-04-26T04:00:00Z,2026-04-26T06:00:00+0200,179.02,MW,FR,FR,actual_solar_generation,Solar,2026-05-24T05:42:13Z
2026-05-24T05:41:40Z,2026-05-24T07:41:40+0200,04b1983b-7d82-4991-9c22-f60d67a0a20c,2026-04-26T04:15:00Z,2026-04-26T06:15:00+0200,177.48,MW,FR,FR,actual_solar_generation,Solar,2026-05-24T05:42:13Z
2026-05-24T05:41:40Z,2026-05-24T07:41:40+0200,04b1983b-7d82-4991-9c22-f60d67a0a20c,2026-04-26T04:30:00Z,2026-04-26T06:30:00+0200,198.79,MW,FR,FR,actual_solar_generation,Solar,2026-05-24T05:42:13Z
2026-05-24T05:41:40Z,2026-05-24T07:41:40+0200,04b1983b-7d82-4991-9c22-f60d67a0a20c,2026-04-26T04:45:00Z,2026-04-26T06:45:00+0200,293.95,MW,FR,FR,actual_solar_generation,Solar,2026-05-24T05:42:13Z
2026-05-24T05:41:40Z,2026-05-24T07:41:40+0200,04b1983b-7d82-4991-9c22-f60d67a0a20c,2026-04-26T05:00:00Z,2026-04-26T07:00:00+0200,452.46,MW,FR,FR,actual_solar_generation,Solar,2026-05-24T05:42:13Z
2026-05-24T05:41:40Z,2026-05-24T07:41:40+0200,04b1983b-7d82-4991-9c22-f60d67a0a20c,2026-04-26T05:15:00Z,2026-04-26T07:15:00+0200,661.71,MW,FR,FR,actual_solar_generation,Solar,2026-05-24T05:42:13Z
2026-05-24T05:41:40Z,2026-05-24T07:41:40+0200,04b1983b-7d82-4991-9c22-f60d67a0a20c,2026-04-26T05:30:00Z,2026-04-26T07:30:00+0200,1008.33,MW,FR,FR,actual_solar_generation,Solar,2026-05-24T05:42:13Z
2026-05-24T05:41:40Z,2026-05-24T07:41:40+0200,04b1983b-7d82-4991-9c22-f60d67a0a20c,2026-04-26T05:45:00Z,2026-04-26T07:45:00+0200,1558.53,MW,FR,FR,actual_solar_generation,Solar,2026-05-24T05:42:13Z
2026-05-24T05:41:40Z,2026-05-24T07:41:40+0200,04b1983b-7d82-4991-9c22-f60d67a0a20c,2026-04-26T06:00:00Z,2026-04-26T08:00:00+0200,2339.7,MW,FR,FR,actual_solar_generation,Solar,2026-05-24T05:42:13Z
2026-05-24T05:41:40Z,2026-05-24T07:41:40+0200,04b1983b-7d82-4991-9c22-f60d67a0a20c,2026-04-26T06:15:00Z,2026-04-26T08:15:00+0200,3209.57,MW,FR,FR,actual_solar_generation,Solar,2026-05-24T05:42:13Z
2026-05-24T05:41:40Z,2026-05-24T07:41:40+0200,04b1983b-7d82-4991-9c22-f60d67a0a20c,2026-04-26T06:30:00Z,2026-04-26T08:30:00+0200,4149.5,MW,FR,FR,actual_solar_generation,Solar,2026-05-24T05:42:13Z
2026-05-24T05:41:40Z,2026-05-24T07:41:40+0200,04b1983b-7d82-4991-9c22-f60d67a0a20c,2026-04-26T06:45:00Z,2026-04-26T08:45:00+0200,5237.94,MW,FR,FR,actual_solar_generation,Solar,2026-05-24T05:42:13Z
2026-05-24T05:41:40Z,2026-05-24T07:41:40+0200,04b1983b-7d82-4991-9c22-f60d67a0a20c,2026-04-26T07:00:00Z,2026-04-26T09:00:00+0200,6335.31,MW,FR,FR,actual_solar_generation,Solar,2026-05-24T05:42:13Z
2026-05-24T05:41:40Z,2026-05-24T07:41:40+0200,04b1983b-7d82-4991-9c22-f60d67a0a20c,2026-04-26T07:15:00Z,2026-04-26T09:15:00+0200,7499.07,MW,FR,FR,actual_solar_generation,Solar,2026-05-24T05:42:13Z
2026-05-24T05:41:40Z,2026-05-24T07:41:40+0200,04b1983b-7d82-4991-9c22-f60d67a0a20c,2026-04-26T07:30:00Z,2026-04-26T09:30:00+0200,8551.48,MW,FR,FR,actual_solar_generation,Solar,2026-05-24T05:42:13Z
2026-05-24T05:41:40Z,2026-05-24T07:41:40+0200,04b1983b-7d82-4991-9c22-f60d67a0a20c,2026-04-26T07:45:00Z,2026-04-26T09:45:00+0200,8657.58,MW,FR,FR,actual_solar_generation,Solar,2026-05-24T05:42:13Z
2026-05-24T05:41:40Z,2026-05-24T07:41:40+0200,04b1983b-7d82-4991-9c22-f60d67a0a20c,2026-04-26T08:00:00Z,2026-04-26T10:00:00+0200,7905.32,MW,FR,FR,actual_solar_generation,Solar,2026-05-24T05:42:13Z
2026-05-24T05:41:40Z,2026-05-24T07:41:40+0200,04b1983b-7d82-4991-9c22-f60d67a0a20c,2026-04-26T08:15:00Z,2026-04-26T10:15:00+0200,8588.45,MW,FR,FR,actual_solar_generation,Solar,2026-05-24T05:42:13Z
2026-05-24T05:41:40Z,2026-05-24T07:41:40+0200,04b1983b-7d82-4991-9c22-f60d67a0a20c,2026-04-26T08:30:00Z,2026-04-26T10:30:00+0200,9268.09,MW,FR,FR,actual_solar_generation,Solar,2026-05-24T05:42:13Z
2026-05-24T05:41:40Z,2026-05-24T07:41:40+0200,04b1983b-7d82-4991-9c22-f60d67a0a20c,2026-04-26T08:45:00Z,2026-04-26T10:45:00+0200,9970.64,MW,FR,FR,actual_solar_generation,Solar,2026-05-24T05:42:13Z
2026-05-24T05:41:40Z,2026-05-24T07:41:40+0200,04b1983b-7d82-4991-9c22-f60d67a0a20c,2026-04-26T09:00:00Z,2026-04-26T11:00:00+0200,10610.07,MW,FR,FR,actual_solar_generation,Solar,2026-05-24T05:42:13Z
2026-05-24T05:41:40Z,2026-05-24T07:41:40+0200,04b1983b-7d82-4991-9c22-f60d67a0a20c,2026-04-26T09:15:00Z,2026-04-26T11:15:00+0200,11169.07,MW,FR,FR,actual_solar_generation,Solar,2026-05-24T05:42:13Z
2026-05-24T05:41:40Z,2026-05-24T07:41:40+0200,04b1983b-7d82-4991-9c22-f60d67a0a20c,2026-04-26T09:30:00Z,2026-04-26T11:30:00+0200,11728.17,MW,FR,FR,actual_solar_generation,Solar,2026-05-24T05:42:13Z
2026-05-24T05:41:40Z,2026-05-24T07:41:40+0200,04b1983b-7d82-4991-9c22-f60d67a0a20c,2026-04-26T09:45:00Z,2026-04-26T11:45:00+0200,12117.75,MW,FR,FR,actual_solar_generation,Solar,2026-05-24T05:42:13Z
2026-05-24T05:41:40Z,2026-05-24T07:41:40+0200,04b1983b-7d82-4991-9c22-f60d67a0a20c,2026-04-26T10:00:00Z,2026-04-26T12:00:00+0200,12561.83,MW,FR,FR,actual_solar_generation,Solar,2026-05-24T05:42:13Z
2026-05-24T05:41:40Z,2026-05-24T07:41:40+0200,04b1983b-7d82-4991-9c22-f60d67a0a20c,2026-04-26T10:15:00Z,2026-04-26T12:15:00+0200,12958.96,MW,FR,FR,actual_solar_generation,Solar,2026-05-24T05:42:13Z
2026-05-24T05:41:40Z,2026-05-24T07:41:40+0200,04b1983b-7d82-4991-9c22-f60d67a0a20c,2026-04-26T10:30:00Z,2026-04-26T12:30:00+0200,13219.44,MW,FR,FR,actual_solar_generation,Solar,2026-05-24T05:42:13Z
2026-05-24T05:41:40Z,2026-05-24T07:41:40+0200,04b1983b-7d82-4991-9c22-f60d67a0a20c,2026-04-26T10:45:00Z,2026-04-26T12:45:00+0200,13480.11,MW,FR,FR,actual_solar_generation,Solar,2026-05-24T05:42:13Z
2026-05-24T05:41:40Z,2026-05-24T07:41:40+0200,04b1983b-7d82-4991-9c22-f60d67a0a20c,2026-04-26T11:00:00Z,2026-04-26T13:00:00+0200,13639.5,MW,FR,FR,actual_solar_generation,Solar,2026-05-24T05:42:13Z
2026-05-24T05:41:40Z,2026-05-24T07:41:40+0200,04b1983b-7d82-4991-9c22-f60d67a0a20c,2026-04-26T11:15:00Z,2026-04-26T13:15:00+0200,13772.97,MW,FR,FR,actual_solar_generation,Solar,2026-05-24T05:42:13Z
2026-05-24T05:41:40Z,2026-05-24T07:41:40+0200,04b1983b-7d82-4991-9c22-f60d67a0a20c,2026-04-26T11:30:00Z,2026-04-26T13:30:00+0200,13770.14,MW,FR,FR,actual_solar_generation,Solar,2026-05-24T05:42:13Z
2026-05-24T05:41:40Z,2026-05-24T07:41:40+0200,04b1983b-7d82-4991-9c22-f60d67a0a20c,2026-04-26T11:45:00Z,2026-04-26T13:45:00+0200,13767.25,MW,FR,FR,actual_solar_generation,Solar,2026-05-24T05:42:13Z
2026-05-24T05:41:40Z,2026-05-24T07:41:40+0200,04b1983b-7d82-4991-9c22-f60d67a0a20c,2026-04-26T12:00:00Z,2026-04-26T14:00:00+0200,13927.61,MW,FR,FR,actual_solar_generation,Solar,2026-05-24T05:42:13Z
2026-05-24T05:41:40Z,2026-05-24T07:41:40+0200,04b1983b-7d82-4991-9c22-f60d67a0a20c,2026-04-26T12:15:00Z,2026-04-26T14:15:00+0200,13785.48,MW,FR,FR,actual_solar_generation,Solar,2026-05-24T05:42:13Z
2026-05-24T05:41:40Z,2026-05-24T07:41:40+0200,04b1983b-7d82-4991-9c22-f60d67a0a20c,2026-04-26T12:30:00Z,2026-04-26T14:30:00+0200,13715.51,MW,FR,FR,actual_solar_generation,Solar,2026-05-24T05:42:13Z
2026-05-24T05:41:40Z,2026-05-24T07:41:40+0200,04b1983b-7d82-4991-9c22-f60d67a0a20c,2026-04-26T12:45:00Z,2026-04-26T14:45:00+0200,13525.51,MW,FR,FR,actual_solar_generation,Solar,2026-05-24T05:42:13Z
2026-05-24T05:41:40Z,2026-05-24T07:41:40+0200,04b1983b-7d82-4991-9c22-f60d67a0a20c,2026-04-26T13:00:00Z,2026-04-26T15:00:00+0200,13512.34,MW,FR,FR,actual_solar_generation,Solar,2026-05-24T05:42:13Z
2026-05-24T05:41:40Z,2026-05-24T07:41:40+0200,04b1983b-7d82-4991-9c22-f60d67a0a20c,2026-04-26T13:15:00Z,2026-04-26T15:15:00+0200,12926.06,MW,FR,FR,actual_solar_generation,Solar,2026-05-24T05:42:13Z
2026-05-24T05:41:40Z,2026-05-24T07:41:40+0200,04b1983b-7d82-4991-9c22-f60d67a0a20c,2026-04-26T13:30:00Z,2026-04-26T15:30:00+0200,12628.75,MW,FR,FR,actual_solar_generation,Solar,2026-05-24T05:42:13Z
2026-05-24T05:41:40Z,2026-05-24T07:41:40+0200,04b1983b-7d82-4991-9c22-f60d67a0a20c,2026-04-26T13:45:00Z,2026-04-26T15:45:00+0200,12488.19,MW,FR,FR,actual_solar_generation,Solar,2026-05-24T05:42:13Z
2026-05-24T05:41:40Z,2026-05-24T07:41:40+0200,04b1983b-7d82-4991-9c22-f60d67a0a20c,2026-04-26T14:00:00Z,2026-04-26T16:00:00+0200,12184.75,MW,FR,FR,actual_solar_generation,Solar,2026-05-24T05:42:13Z
2026-05-24T05:41:40Z,2026-05-24T07:41:40+0200,04b1983b-7d82-4991-9c22-f60d67a0a20c,2026-04-26T14:15:00Z,2026-04-26T16:15:00+0200,11755.53,MW,FR,FR,actual_solar_generation,Solar,2026-05-24T05:42:13Z
2026-05-24T05:41:40Z,2026-05-24T07:41:40+0200,04b1983b-7d82-4991-9c22-f60d67a0a20c,2026-04-26T14:30:00Z,2026-04-26T16:30:00+0200,11295.64,MW,FR,FR,actual_solar_generation,Solar,2026-05-24T05:42:13Z
2026-05-24T05:41:40Z,2026-05-24T07:41:40+0200,04b1983b-7d82-4991-9c22-f60d67a0a20c,2026-04-26T14:45:00Z,2026-04-26T16:45:00+0200,10706.51,MW,FR,FR,actual_solar_generation,Solar,2026-05-24T05:42:13Z
2026-05-24T05:41:40Z,2026-05-24T07:41:40+0200,04b1983b-7d82-4991-9c22-f60d67a0a20c,2026-04-26T15:00:00Z,2026-04-26T17:00:00+0200,10272.29,MW,FR,FR,actual_solar_generation,Solar,2026-05-24T05:42:13Z
2026-05-24T05:41:40Z,2026-05-24T07:41:40+0200,04b1983b-7d82-4991-9c22-f60d67a0a20c,2026-04-26T15:15:00Z,2026-04-26T17:15:00+0200,9697.17,MW,FR,FR,actual_solar_generation,Solar,2026-05-24T05:42:13Z
2026-05-24T05:41:40Z,2026-05-24T07:41:40+0200,04b1983b-7d82-4991-9c22-f60d67a0a20c,2026-04-26T15:30:00Z,2026-04-26T17:30:00+0200,8954.75,MW,FR,FR,actual_solar_generation,Solar,2026-05-24T05:42:13Z
2026-05-24T05:41:40Z,2026-05-24T07:41:40+0200,04b1983b-7d82-4991-9c22-f60d67a0a20c,2026-04-26T15:45:00Z,2026-04-26T17:45:00+0200,8284.56,MW,FR,FR,actual_solar_generation,Solar,2026-05-24T05:42:13Z
2026-05-24T05:41:40Z,2026-05-24T07:41:40+0200,04b1983b-7d82-4991-9c22-f60d67a0a20c,2026-04-26T16:00:00Z,2026-04-26T18:00:00+0200,8298.95,MW,FR,FR,actual_solar_generation,Solar,2026-05-24T05:42:13Z
2026-05-24T05:41:40Z,2026-05-24T07:41:40+0200,04b1983b-7d82-4991-9c22-f60d67a0a20c,2026-04-26T16:15:00Z,2026-04-26T18:15:00+0200,8377.74,MW,FR,FR,actual_solar_generation,Solar,2026-05-24T05:42:13Z
2026-05-24T05:41:40Z,2026-05-24T07:41:40+0200,04b1983b-7d82-4991-9c22-f60d67a0a20c,2026-04-26T16:30:00Z,2026-04-26T18:30:00+0200,7253.53,MW,FR,FR,actual_solar_generation,Solar,2026-05-24T05:42:13Z
2026-05-24T05:41:40Z,2026-05-24T07:41:40+0200,04b1983b-7d82-4991-9c22-f60d67a0a20c,2026-04-26T16:45:00Z,2026-04-26T18:45:00+0200,6058.72,MW,FR,FR,actual_solar_generation,Solar,2026-05-24T05:42:13Z
2026-05-24T05:41:40Z,2026-05-24T07:41:40+0200,04b1983b-7d82-4991-9c22-f60d67a0a20c,2026-04-26T17:00:00Z,2026-04-26T19:00:00+0200,4817.41,MW,FR,FR,actual_solar_generation,Solar,2026-05-24T05:42:13Z
2026-05-24T05:41:40Z,2026-05-24T07:41:40+0200,04b1983b-7d82-4991-9c22-f60d67a0a20c,2026-04-26T17:15:00Z,2026-04-26T19:15:00+0200,3697.52,MW,FR,FR,actual_solar_generation,Solar,2026-05-24T05:42:13Z
2026-05-24T05:41:40Z,2026-05-24T07:41:40+0200,04b1983b-7d82-4991-9c22-f60d67a0a20c,2026-04-26T17:30:00Z,2026-04-26T19:30:00+0200,2702.17,MW,FR,FR,actual_solar_generation,Solar,2026-05-24T05:42:13Z
2026-05-24T05:41:40Z,2026-05-24T07:41:40+0200,04b1983b-7d82-4991-9c22-f60d67a0a20c,2026-04-26T17:45:00Z,2026-04-26T19:45:00+0200,2011.64,MW,FR,FR,actual_solar_generation,Solar,2026-05-24T05:42:13Z
2026-05-24T05:41:40Z,2026-05-24T07:41:40+0200,04b1983b-7d82-4991-9c22-f60d67a0a20c,2026-04-26T18:00:00Z,2026-04-26T20:00:00+0200,1346.27,MW,FR,FR,actual_solar_generation,Solar,2026-05-24T05:42:13Z
2026-05-24T05:41:40Z,2026-05-24T07:41:40+0200,04b1983b-7d82-4991-9c22-f60d67a0a20c,2026-04-26T18:15:00Z,2026-04-26T20:15:00+0200,853.45,MW,FR,FR,actual_solar_generation,Solar,2026-05-24T05:42:13Z
2026-05-24T05:41:40Z,2026-05-24T07:41:40+0200,04b1983b-7d82-4991-9c22-f60d67a0a20c,2026-04-26T18:30:00Z,2026-04-26T20:30:00+0200,520.01,MW,FR,FR,actual_solar_generation,Solar,2026-05-24T05:42:13Z
2026-05-24T05:41:40Z,2026-05-24T07:41:40+0200,04b1983b-7d82-4991-9c22-f60d67a0a20c,2026-04-26T18:45:00Z,2026-04-26T20:45:00+0200,321.14,MW,FR,FR,actual_solar_generation,Solar,2026-05-24T05:42:13Z
2026-05-24T05:41:40Z,2026-05-24T07:41:40+0200,04b1983b-7d82-4991-9c22-f60d67a0a20c,2026-04-26T19:00:00Z,2026-04-26T21:00:00+0200,204.67,MW,FR,FR,actual_solar_generation,Solar,2026-05-24T05:42:13Z
2026-05-24T05:41:40Z,2026-05-24T07:41:40+0200,04b1983b-7d82-4991-9c22-f60d67a0a20c,2026-04-26T19:15:00Z,2026-04-26T21:15:00+0200,178.94,MW,FR,FR,actual_solar_generation,Solar,2026-05-24T05:42:13Z
2026-05-24T05:41:40Z,2026-05-24T07:41:40+0200,04b1983b-7d82-4991-9c22-f60d67a0a20c,2026-04-26T19:30:00Z,2026-04-26T21:30:00+0200,173.11,MW,FR,FR,actual_solar_generation,Solar,2026-05-24T05:42:13Z
2026-05-24T05:41:40Z,2026-05-24T07:41:40+0200,04b1983b-7d82-4991-9c22-f60d67a0a20c,2026-04-26T19:45:00Z,2026-04-26T21:45:00+0200,171.38,MW,FR,FR,actual_solar_generation,Solar,2026-05-24T05:42:13Z
2026-05-24T05:41:40Z,2026-05-24T07:41:40+0200,04b1983b-7d82-4991-9c22-f60d67a0a20c,2026-04-26T20:00:00Z,2026-04-26T22:00:00+0200,0.0,MW,FR,FR,actual_solar_generation,Solar,2026-05-24T05:42:13Z
2026-05-24T05:41:40Z,2026-05-24T07:41:40+0200,04b1983b-7d82-4991-9c22-f60d67a0a20c,2026-04-26T20:15:00Z,2026-04-26T22:15:00+0200,0.0,MW,FR,FR,actual_solar_generation,Solar,2026-05-24T05:42:13Z
2026-05-24T05:41:40Z,2026-05-24T07:41:40+0200,04b1983b-7d82-4991-9c22-f60d67a0a20c,2026-04-26T20:30:00Z,2026-04-26T22:30:00+0200,0.0,MW,FR,FR,actual_solar_generation,Solar,2026-05-24T05:42:13Z
2026-05-24T05:41:40Z,2026-05-24T07:41:40+0200,04b1983b-7d82-4991-9c22-f60d67a0a20c,2026-04-26T20:45:00Z,2026-04-26T22:45:00+0200,0.0,MW,FR,FR,actual_solar_generation,Solar,2026-05-24T05:42:13Z
2026-05-24T05:41:40Z,2026-05-24T07:41:40+0200,04b1983b-7d82-4991-9c22-f60d67a0a20c,2026-04-26T21:00:00Z,2026-04-26T23:00:00+0200,0.0,MW,FR,FR,actual_solar_generation,Solar,2026-05-24T05:42:13Z
2026-05-24T05:41:40Z,2026-05-24T07:41:40+0200,04b1983b-7d82-4991-9c22-f60d67a0a20c,2026-04-26T21:15:00Z,2026-04-26T23:15:00+0200,0.0,MW,FR,FR,actual_solar_generation,Solar,2026-05-24T05:42:13Z
2026-05-24T05:41:40Z,2026-05-24T07:41:40+0200,04b1983b-7d82-4991-9c22-f60d67a0a20c,2026-04-26T21:30:00Z,2026-04-26T23:30:00+0200,0.0,MW,FR,FR,actual_solar_generation,Solar,2026-05-24T05:42:13Z
2026-05-24T05:41:40Z,2026-05-24T07:41:40+0200,04b1983b-7d82-4991-9c22-f60d67a0a20c,2026-04-26T21:45:00Z,2026-04-26T23:45:00+0200,0.0,MW,FR,FR,actual_solar_generation,Solar,2026-05-24T05:42:13Z
2026-05-24T05:41:40Z,2026-05-24T07:41:40+0200,04b1983b-7d82-4991-9c22-f60d67a0a20c,2026-04-26T22:00:00Z,2026-04-27T00:00:00+0200,0.0,MW,FR,FR,actual_solar_generation,Solar,2026-05-24T05:42:13Z
2026-05-24T05:41:40Z,2026-05-24T07:41:40+0200,04b1983b-7d82-4991-9c22-f60d67a0a20c,2026-04-26T22:15:00Z,2026-04-27T00:15:00+0200,0.0,MW,FR,FR,actual_solar_generation,Solar,2026-05-24T05:42:13Z
2026-05-24T05:41:40Z,2026-05-24T07:41:40+0200,04b1983b-7d82-4991-9c22-f60d67a0a20c,2026-04-26T22:30:00Z,2026-04-27T00:30:00+0200,0.0,MW,FR,FR,actual_solar_generation,Solar,2026-05-24T05:42:13Z
2026-05-24T05:41:40Z,2026-05-24T07:41:40+0200,04b1983b-7d82-4991-9c22-f60d67a0a20c,2026-04-26T22:45:00Z,2026-04-27T00:45:00+0200,0.0,MW,FR,FR,actual_solar_generation,Solar,2026-05-24T05:42:13Z
2026-05-24T05:41:40Z,2026-05-24T07:41:40+0200,04b1983b-7d82-4991-9c22-f60d67a0a20c,2026-04-26T23:00:00Z,2026-04-27T01:00:00+0200,0.0,MW,FR,FR,actual_solar_generation,Solar,2026-05-24T05:42:13Z
2026-05-24T05:41:40Z,2026-05-24T07:41:40+0200,04b1983b-7d82-4991-9c22-f60d67a0a20c,2026-04-26T23:15:00Z,2026-04-27T01:15:00+0200,0.0,MW,FR,FR,actual_solar_generation,Solar,2026-05-24T05:42:13Z
2026-05-24T05:41:40Z,2026-05-24T07:41:40+0200,04b1983b-7d82-4991-9c22-f60d67a0a20c,2026-04-26T23:30:00Z,2026-04-27T01:30:00+0200,0.0,MW,FR,FR,actual_solar_generation,Solar,2026-05-24T05:42:13Z
2026-05-24T05:41:40Z,2026-05-24T07:41:40+0200,04b1983b-7d82-4991-9c22-f60d67a0a20c,2026-04-26T23:45:00Z,2026-04-27T01:45:00+0200,0.0,MW,FR,FR,actual_solar_generation,Solar,2026-05-24T05:42:13Z
2026-05-24T05:41:40Z,2026-05-24T07:41:40+0200,04b1983b-7d82-4991-9c22-f60d67a0a20c,2026-04-27T00:00:00Z,2026-04-27T02:00:00+0200,0.0,MW,FR,FR,actual_solar_generation,Solar,2026-05-24T05:42:13Z
2026-05-24T05:41:40Z,2026-05-24T07:41:40+0200,04b1983b-7d82-4991-9c22-f60d67a0a20c,2026-04-27T00:15:00Z,2026-04-27T02:15:00+0200,0.0,MW,FR,FR,actual_solar_generation,Solar,2026-05-24T05:42:13Z
2026-05-24T05:41:40Z,2026-05-24T07:41:40+0200,04b1983b-7d82-4991-9c22-f60d67a0a20c,2026-04-27T00:30:00Z,2026-04-27T02:30:00+0200,0.0,MW,FR,FR,actual_solar_generation,Solar,2026-05-24T05:42:13Z
2026-05-24T05:41:40Z,2026-05-24T07:41:40+0200,04b1983b-7d82-4991-9c22-f60d67a0a20c,2026-04-27T00:45:00Z,2026-04-27T02:45:00+0200,0.0,MW,FR,FR,actual_solar_generation,Solar,2026-05-24T05:42:13Z
2026-05-24T05:41:40Z,2026-05-24T07:41:40+0200,04b1983b-7d82-4991-9c22-f60d67a0a20c,2026-04-27T01:00:00Z,2026-04-27T03:00:00+0200,0.0,MW,FR,FR,actual_solar_generation,Solar,2026-05-24T05:42:13Z
2026-05-24T05:41:40Z,2026-05-24T07:41:40+0200,04b1983b-7d82-4991-9c22-f60d67a0a20c,2026-04-27T01:15:00Z,2026-04-27T03:15:00+0200,0.0,MW,FR,FR,actual_solar_generation,Solar,2026-05-24T05:42:13Z
2026-05-24T05:41:40Z,2026-05-24T07:41:40+0200,04b1983b-7d82-4991-9c22-f60d67a0a20c,2026-04-27T01:30:00Z,2026-04-27T03:30:00+0200,0.0,MW,FR,FR,actual_solar_generation,Solar,2026-05-24T05:42:13Z
2026-05-24T05:41:40Z,2026-05-24T07:41:40+0200,04b1983b-7d82-4991-9c22-f60d67a0a20c,2026-04-27T01:45:00Z,2026-04-27T03:45:00+0200,0.0,MW,FR,FR,actual_solar_generation,Solar,2026-05-24T05:42:13Z
2026-05-24T05:41:40Z,2026-05-24T07:41:40+0200,04b1983b-7d82-4991-9c22-f60d67a0a20c,2026-04-27T02:00:00Z,2026-04-27T04:00:00+0200,0.0,MW,FR,FR,actual_solar_generation,Solar,2026-05-24T05:42:13Z
2026-05-24T05:41:40Z,2026-05-24T07:41:40+0200,04b1983b-7d82-4991-9c22-f60d67a0a20c,2026-04-27T02:15:00Z,2026-04-27T04:15:00+0200,0.0,MW,FR,FR,actual_solar_generation,Solar,2026-05-24T05:42:13Z
2026-05-24T05:41:40Z,2026-05-24T07:41:40+0200,04b1983b-7d82-4991-9c22-f60d67a0a20c,2026-04-27T02:30:00Z,2026-04-27T04:30:00+0200,0.0,MW,FR,FR,actual_solar_generation,Solar,2026-05-24T05:42:13Z
2026-05-24T05:41:40Z,2026-05-24T07:41:40+0200,04b1983b-7d82-4991-9c22-f60d67a0a20c,2026-04-27T02:45:00Z,2026-04-27T04:45:00+0200,0.0,MW,FR,FR,actual_solar_generation,Solar,2026-05-24T05:42:13Z
2026-05-24T05:41:40Z,2026-05-24T07:41:40+0200,04b1983b-7d82-4991-9c22-f60d67a0a20c,2026-04-27T03:00:00Z,2026-04-27T05:00:00+0200,0.0,MW,FR,FR,actual_solar_generation,Solar,2026-05-24T05:42:13Z
2026-05-24T05:41:40Z,2026-05-24T07:41:40+0200,04b1983b-7d82-4991-9c22-f60d67a0a20c,2026-04-27T03:15:00Z,2026-04-27T05:15:00+0200,0.0,MW,FR,FR,actual_solar_generation,Solar,2026-05-24T05:42:13Z
2026-05-24T05:41:40Z,2026-05-24T07:41:40+0200,04b1983b-7d82-4991-9c22-f60d67a0a20c,2026-04-27T03:30:00Z,2026-04-27T05:30:00+0200,0.0,MW,FR,FR,actual_solar_generation,Solar,2026-05-24T05:42:13Z
2026-05-24T05:41:40Z,2026-05-24T07:41:40+0200,04b1983b-7d82-4991-9c22-f60d67a0a20c,2026-04-27T03:45:00Z,2026-04-27T05:45:00+0200,0.0,MW,FR,FR,actual_solar_generation,Solar,2026-05-24T05:42:13Z
2026-05-24T05:41:40Z,2026-05-24T07:41:40+0200,04b1983b-7d82-4991-9c22-f60d67a0a20c,2026-04-27T04:00:00Z,2026-04-27T06:00:00+0200,177.1,MW,FR,FR,actual_solar_generation,Solar,2026-05-24T05:42:13Z
2026-05-24T05:41:40Z,2026-05-24T07:41:40+0200,04b1983b-7d82-4991-9c22-f60d67a0a20c,2026-04-27T04:15:00Z,2026-04-27T06:15:00+0200,182.17,MW,FR,FR,actual_solar_generation,Solar,2026-05-24T05:42:13Z
2026-05-24T05:41:40Z,2026-05-24T07:41:40+0200,04b1983b-7d82-4991-9c22-f60d67a0a20c,2026-04-27T04:30:00Z,2026-04-27T06:30:00+0200,205.5,MW,FR,FR,actual_solar_generation,Solar,2026-05-24T05:42:13Z
2026-05-24T05:41:40Z,2026-05-24T07:41:40+0200,04b1983b-7d82-4991-9c22-f60d67a0a20c,2026-04-27T04:45:00Z,2026-04-27T06:45:00+0200,301.92,MW,FR,FR,actual_solar_generation,Solar,2026-05-24T05:42:13Z
2026-05-24T05:41:40Z,2026-05-24T07:41:40+0200,04b1983b-7d82-4991-9c22-f60d67a0a20c,2026-04-27T05:00:00Z,2026-04-27T07:00:00+0200,458.33,MW,FR,FR,actual_solar_generation,Solar,2026-05-24T05:42:13Z
2026-05-24T05:41:40Z,2026-05-24T07:41:40+0200,04b1983b-7d82-4991-9c22-f60d67a0a20c,2026-04-27T05:15:00Z,2026-04-27T07:15:00+0200,683.01,MW,FR,FR,actual_solar_generation,Solar,2026-05-24T05:42:13Z
2026-05-24T05:41:40Z,2026-05-24T07:41:40+0200,04b1983b-7d82-4991-9c22-f60d67a0a20c,2026-04-27T05:30:00Z,2026-04-27T07:30:00+0200,1043.31,MW,FR,FR,actual_solar_generation,Solar,2026-05-24T05:42:13Z
2026-05-24T05:41:40Z,2026-05-24T07:41:40+0200,04b1983b-7d82-4991-9c22-f60d67a0a20c,2026-04-27T05:45:00Z,2026-04-27T07:45:00+0200,1621.56,MW,FR,FR,actual_solar_generation,Solar,2026-05-24T05:42:13Z
2026-05-24T05:41:40Z,2026-05-24T07:41:40+0200,04b1983b-7d82-4991-9c22-f60d67a0a20c,2026-04-27T06:00:00Z,2026-04-27T08:00:00+0200,2439.45,MW,FR,FR,actual_solar_generation,Solar,2026-05-24T05:42:13Z
2026-05-24T05:41:40Z,2026-05-24T07:41:40+0200,04b1983b-7d82-4991-9c22-f60d67a0a20c,2026-04-27T06:15:00Z,2026-04-27T08:15:00+0200,3364.37,MW,FR,FR,actual_solar_generation,Solar,2026-05-24T05:42:13Z
2026-05-24T05:41:40Z,2026-05-24T07:41:40+0200,04b1983b-7d82-4991-9c22-f60d67a0a20c,2026-04-27T06:30:00Z,2026-04-27T08:30:00+0200,4374.17,MW,FR,FR,actual_solar_generation,Solar,2026-05-24T05:42:13Z
2026-05-24T05:41:40Z,2026-05-24T07:41:40+0200,04b1983b-7d82-4991-9c22-f60d67a0a20c,2026-04-27T06:45:00Z,2026-04-27T08:45:00+0200,5527.25,MW,FR,FR,actual_solar_generation,Solar,2026-05-24T05:42:13Z
2026-05-24T05:41:40Z,2026-05-24T07:41:40+0200,04b1983b-7d82-4991-9c22-f60d67a0a20c,2026-04-27T07:00:00Z,2026-04-27T09:00:00+0200,6695.95,MW,FR,FR,actual_solar_generation,Solar,2026-05-24T05:42:13Z
2026-05-24T05:41:40Z,2026-05-24T07:41:40+0200,04b1983b-7d82-4991-9c22-f60d67a0a20c,2026-04-27T07:15:00Z,2026-04-27T09:15:00+0200,7930.45,MW,FR,FR,actual_solar_generation,Solar,2026-05-24T05:42:13Z
2026-05-24T05:41:40Z,2026-05-24T07:41:40+0200,04b1983b-7d82-4991-9c22-f60d67a0a20c,2026-04-27T07:30:00Z,2026-04-27T09:30:00+0200,8953.38,MW,FR,FR,actual_solar_generation,Solar,2026-05-24T05:42:13Z
2026-05-24T05:41:40Z,2026-05-24T07:41:40+0200,04b1983b-7d82-4991-9c22-f60d67a0a20c,2026-04-27T07:45:00Z,2026-04-27T09:45:00+0200,10023.94,MW,FR,FR,actual_solar_generation,Solar,2026-05-24T05:42:13Z
2026-05-24T05:41:40Z,2026-05-24T07:41:40+0200,04b1983b-7d82-4991-9c22-f60d67a0a20c,2026-04-27T08:00:00Z,2026-04-27T10:00:00+0200,11247.37,MW,FR,FR,actual_solar_generation,Solar,2026-05-24T05:42:13Z
2026-05-24T05:41:40Z,2026-05-24T07:41:40+0200,04b1983b-7d82-4991-9c22-f60d67a0a20c,2026-04-27T08:15:00Z,2026-04-27T10:15:00+0200,12287.76,MW,FR,FR,actual_solar_generation,Solar,2026-05-24T05:42:13Z
2026-05-24T05:41:40Z,2026-05-24T07:41:40+0200,04b1983b-7d82-4991-9c22-f60d67a0a20c,2026-04-27T08:30:00Z,2026-04-27T10:30:00+0200,13568.05,MW,FR,FR,actual_solar_generation,Solar,2026-05-24T05:42:13Z
2026-05-24T05:41:40Z,2026-05-24T07:41:40+0200,04b1983b-7d82-4991-9c22-f60d67a0a20c,2026-04-27T08:45:00Z,2026-04-27T10:45:00+0200,13470.36,MW,FR,FR,actual_solar_generation,Solar,2026-05-24T05:42:13Z
2026-05-24T05:41:40Z,2026-05-24T07:41:40+0200,04b1983b-7d82-4991-9c22-f60d67a0a20c,2026-04-27T09:00:00Z,2026-04-27T11:00:00+0200,12090.68,MW,FR,FR,actual_solar_generation,Solar,2026-05-24T05:42:13Z
2026-05-24T05:41:40Z,2026-05-24T07:41:40+0200,04b1983b-7d82-4991-9c22-f60d67a0a20c,2026-04-27T09:15:00Z,2026-04-27T11:15:00+0200,12685.57,MW,FR,FR,actual_solar_generation,Solar,2026-05-24T05:42:13Z
2026-05-24T05:41:40Z,2026-05-24T07:41:40+0200,04b1983b-7d82-4991-9c22-f60d67a0a20c,2026-04-27T09:30:00Z,2026-04-27T11:30:00+0200,13145.59,MW,FR,FR,actual_solar_generation,Solar,2026-05-24T05:42:13Z
2026-05-24T05:41:40Z,2026-05-24T07:41:40+0200,04b1983b-7d82-4991-9c22-f60d67a0a20c,2026-04-27T09:45:00Z,2026-04-27T11:45:00+0200,13595.31,MW,FR,FR,actual_solar_generation,Solar,2026-05-24T05:42:13Z
2026-05-24T05:41:40Z,2026-05-24T07:41:40+0200,04b1983b-7d82-4991-9c22-f60d67a0a20c,2026-04-27T10:00:00Z,2026-04-27T12:00:00+0200,13934.44,MW,FR,FR,actual_solar_generation,Solar,2026-05-24T05:42:13Z
2026-05-24T05:41:40Z,2026-05-24T07:41:40+0200,04b1983b-7d82-4991-9c22-f60d67a0a20c,2026-04-27T10:15:00Z,2026-04-27T12:15:00+0200,14372.57,MW,FR,FR,actual_solar_generation,Solar,2026-05-24T05:42:13Z
2026-05-24T05:41:40Z,2026-05-24T07:41:40+0200,04b1983b-7d82-4991-9c22-f60d67a0a20c,2026-04-27T10:30:00Z,2026-04-27T12:30:00+0200,14512.47,MW,FR,FR,actual_solar_generation,Solar,2026-05-24T05:42:13Z
2026-05-24T05:41:40Z,2026-05-24T07:41:40+0200,04b1983b-7d82-4991-9c22-f60d67a0a20c,2026-04-27T10:45:00Z,2026-04-27T12:45:00+0200,14369.43,MW,FR,FR,actual_solar_generation,Solar,2026-05-24T05:42:13Z
2026-05-24T05:41:40Z,2026-05-24T07:41:40+0200,04b1983b-7d82-4991-9c22-f60d67a0a20c,2026-04-27T11:00:00Z,2026-04-27T13:00:00+0200,14435.22,MW,FR,FR,actual_solar_generation,Solar,2026-05-24T05:42:13Z
2026-05-24T05:41:40Z,2026-05-24T07:41:40+0200,04b1983b-7d82-4991-9c22-f60d67a0a20c,2026-04-27T11:15:00Z,2026-04-27T13:15:00+0200,14457.48,MW,FR,FR,actual_solar_generation,Solar,2026-05-24T05:42:13Z
2026-05-24T05:41:40Z,2026-05-24T07:41:40+0200,04b1983b-7d82-4991-9c22-f60d67a0a20c,2026-04-27T11:30:00Z,2026-04-27T13:30:00+0200,14626.43,MW,FR,FR,actual_solar_generation,Solar,2026-05-24T05:42:13Z
2026-05-24T05:41:40Z,2026-05-24T07:41:40+0200,04b1983b-7d82-4991-9c22-f60d67a0a20c,2026-04-27T11:45:00Z,2026-04-27T13:45:00+0200,14582.68,MW,FR,FR,actual_solar_generation,Solar,2026-05-24T05:42:13Z
2026-05-24T05:41:40Z,2026-05-24T07:41:40+0200,04b1983b-7d82-4991-9c22-f60d67a0a20c,2026-04-27T12:00:00Z,2026-04-27T14:00:00+0200,14568.92,MW,FR,FR,actual_solar_generation,Solar,2026-05-24T05:42:13Z
2026-05-24T05:41:40Z,2026-05-24T07:41:40+0200,04b1983b-7d82-4991-9c22-f60d67a0a20c,2026-04-27T12:15:00Z,2026-04-27T14:15:00+0200,14659.26,MW,FR,FR,actual_solar_generation,Solar,2026-05-24T05:42:13Z
2026-05-24T05:41:40Z,2026-05-24T07:41:40+0200,04b1983b-7d82-4991-9c22-f60d67a0a20c,2026-04-27T12:30:00Z,2026-04-27T14:30:00+0200,14583.32,MW,FR,FR,actual_solar_generation,Solar,2026-05-24T05:42:13Z
2026-05-24T05:41:40Z,2026-05-24T07:41:40+0200,04b1983b-7d82-4991-9c22-f60d67a0a20c,2026-04-27T12:45:00Z,2026-04-27T14:45:00+0200,14584.72,MW,FR,FR,actual_solar_generation,Solar,2026-05-24T05:42:13Z
2026-05-24T05:41:40Z,2026-05-24T07:41:40+0200,04b1983b-7d82-4991-9c22-f60d67a0a20c,2026-04-27T13:00:00Z,2026-04-27T15:00:00+0200,14488.94,MW,FR,FR,actual_solar_generation,Solar,2026-05-24T05:42:13Z
2026-05-24T05:41:40Z,2026-05-24T07:41:40+0200,04b1983b-7d82-4991-9c22-f60d67a0a20c,2026-04-27T13:15:00Z,2026-04-27T15:15:00+0200,14280.76,MW,FR,FR,actual_solar_generation,Solar,2026-05-24T05:42:13Z
2026-05-24T05:41:40Z,2026-05-24T07:41:40+0200,04b1983b-7d82-4991-9c22-f60d67a0a20c,2026-04-27T13:30:00Z,2026-04-27T15:30:00+0200,13934.13,MW,FR,FR,actual_solar_generation,Solar,2026-05-24T05:42:13Z
2026-05-24T05:41:40Z,2026-05-24T07:41:40+0200,04b1983b-7d82-4991-9c22-f60d67a0a20c,2026-04-27T13:45:00Z,2026-04-27T15:45:00+0200,13771.87,MW,FR,FR,actual_solar_generation,Solar,2026-05-24T05:42:13Z
2026-05-24T05:41:40Z,2026-05-24T07:41:40+0200,04b1983b-7d82-4991-9c22-f60d67a0a20c,2026-04-27T14:00:00Z,2026-04-27T16:00:00+0200,13215.18,MW,FR,FR,actual_solar_generation,Solar,2026-05-24T05:42:13Z
2026-05-24T05:41:40Z,2026-05-24T07:41:40+0200,04b1983b-7d82-4991-9c22-f60d67a0a20c,2026-04-27T14:15:00Z,2026-04-27T16:15:00+0200,12738.82,MW,FR,FR,actual_solar_generation,Solar,2026-05-24T05:42:13Z
2026-05-24T05:41:40Z,2026-05-24T07:41:40+0200,04b1983b-7d82-4991-9c22-f60d67a0a20c,2026-04-27T14:30:00Z,2026-04-27T16:30:00+0200,12095.47,MW,FR,FR,actual_solar_generation,Solar,2026-05-24T05:42:13Z
2026-05-24T05:41:40Z,2026-05-24T07:41:40+0200,04b1983b-7d82-4991-9c22-f60d67a0a20c,2026-04-27T14:45:00Z,2026-04-27T16:45:00+0200,11601.82,MW,FR,FR,actual_solar_generation,Solar,2026-05-24T05:42:13Z
2026-05-24T05:41:40Z,2026-05-24T07:41:40+0200,04b1983b-7d82-4991-9c22-f60d67a0a20c,2026-04-27T15:00:00Z,2026-04-27T17:00:00+0200,12225.52,MW,FR,FR,actual_solar_generation,Solar,2026-05-24T05:42:13Z
2026-05-24T05:41:40Z,2026-05-24T07:41:40+0200,04b1983b-7d82-4991-9c22-f60d67a0a20c,2026-04-27T15:15:00Z,2026-04-27T17:15:00+0200,12928.11,MW,FR,FR,actual_solar_generation,Solar,2026-05-24T05:42:13Z
2026-05-24T05:41:40Z,2026-05-24T07:41:40+0200,04b1983b-7d82-4991-9c22-f60d67a0a20c,2026-04-27T15:30:00Z,2026-04-27T17:30:00+0200,11990.03,MW,FR,FR,actual_solar_generation,Solar,2026-05-24T05:42:13Z
2026-05-24T05:41:40Z,2026-05-24T07:41:40+0200,04b1983b-7d82-4991-9c22-f60d67a0a20c,2026-04-27T15:45:00Z,2026-04-27T17:45:00+0200,10826.33,MW,FR,FR,actual_solar_generation,Solar,2026-05-24T05:42:13Z
2026-05-24T05:41:40Z,2026-05-24T07:41:40+0200,04b1983b-7d82-4991-9c22-f60d67a0a20c,2026-04-27T16:00:00Z,2026-04-27T18:00:00+0200,9659.26,MW,FR,FR,actual_solar_generation,Solar,2026-05-24T05:42:13Z
2026-05-24T05:41:40Z,2026-05-24T07:41:40+0200,04b1983b-7d82-4991-9c22-f60d67a0a20c,2026-04-27T16:15:00Z,2026-04-27T18:15:00+0200,8444.84,MW,FR,FR,actual_solar_generation,Solar,2026-05-24T05:42:13Z
2026-05-24T05:41:40Z,2026-05-24T07:41:40+0200,04b1983b-7d82-4991-9c22-f60d67a0a20c,2026-04-27T16:30:00Z,2026-04-27T18:30:00+0200,7232.99,MW,FR,FR,actual_solar_generation,Solar,2026-05-24T05:42:13Z
2026-05-24T05:41:40Z,2026-05-24T07:41:40+0200,04b1983b-7d82-4991-9c22-f60d67a0a20c,2026-04-27T16:45:00Z,2026-04-27T18:45:00+0200,6014.22,MW,FR,FR,actual_solar_generation,Solar,2026-05-24T05:42:13Z
2026-05-24T05:41:40Z,2026-05-24T07:41:40+0200,04b1983b-7d82-4991-9c22-f60d67a0a20c,2026-04-27T17:00:00Z,2026-04-27T19:00:00+0200,4817.98,MW,FR,FR,actual_solar_generation,Solar,2026-05-24T05:42:13Z
2026-05-24T05:41:40Z,2026-05-24T07:41:40+0200,04b1983b-7d82-4991-9c22-f60d67a0a20c,2026-04-27T17:15:00Z,2026-04-27T19:15:00+0200,3734.84,MW,FR,FR,actual_solar_generation,Solar,2026-05-24T05:42:13Z
2026-05-24T05:41:40Z,2026-05-24T07:41:40+0200,04b1983b-7d82-4991-9c22-f60d67a0a20c,2026-04-27T17:30:00Z,2026-04-27T19:30:00+0200,2814.6,MW,FR,FR,actual_solar_generation,Solar,2026-05-24T05:42:13Z
2026-05-24T05:41:40Z,2026-05-24T07:41:40+0200,04b1983b-7d82-4991-9c22-f60d67a0a20c,2026-04-27T17:45:00Z,2026-04-27T19:45:00+0200,2059.98,MW,FR,FR,actual_solar_generation,Solar,2026-05-24T05:42:13Z
2026-05-24T05:41:40Z,2026-05-24T07:41:40+0200,04b1983b-7d82-4991-9c22-f60d67a0a20c,2026-04-27T18:00:00Z,2026-04-27T20:00:00+0200,1355.28,MW,FR,FR,actual_solar_generation,Solar,2026-05-24T05:42:13Z
2026-05-24T05:41:40Z,2026-05-24T07:41:40+0200,04b1983b-7d82-4991-9c22-f60d67a0a20c,2026-04-27T18:15:00Z,2026-04-27T20:15:00+0200,883.89,MW,FR,FR,actual_solar_generation,Solar,2026-05-24T05:42:13Z
2026-05-24T05:41:40Z,2026-05-24T07:41:40+0200,04b1983b-7d82-4991-9c22-f60d67a0a20c,2026-04-27T18:30:00Z,2026-04-27T20:30:00+0200,567.9,MW,FR,FR,actual_solar_generation,Solar,2026-05-24T05:42:13Z
2026-05-24T05:41:40Z,2026-05-24T07:41:40+0200,04b1983b-7d82-4991-9c22-f60d67a0a20c,2026-04-27T18:45:00Z,2026-04-27T20:45:00+0200,354.8,MW,FR,FR,actual_solar_generation,Solar,2026-05-24T05:42:13Z
2026-05-24T05:41:40Z,2026-05-24T07:41:40+0200,04b1983b-7d82-4991-9c22-f60d67a0a20c,2026-04-27T19:00:00Z,2026-04-27T21:00:00+0200,228.44,MW,FR,FR,actual_solar_generation,Solar,2026-05-24T05:42:13Z
2026-05-24T05:41:40Z,2026-05-24T07:41:40+0200,04b1983b-7d82-4991-9c22-f60d67a0a20c,2026-04-27T19:15:00Z,2026-04-27T21:15:00+0200,187.03,MW,FR,FR,actual_solar_generation,Solar,2026-05-24T05:42:13Z
2026-05-24T05:41:40Z,2026-05-24T07:41:40+0200,04b1983b-7d82-4991-9c22-f60d67a0a20c,2026-04-27T19:30:00Z,2026-04-27T21:30:00+0200,181.3,MW,FR,FR,actual_solar_generation,Solar,2026-05-24T05:42:13Z
2026-05-24T05:41:40Z,2026-05-24T07:41:40+0200,04b1983b-7d82-4991-9c22-f60d67a0a20c,2026-04-27T19:45:00Z,2026-04-27T21:45:00+0200,179.12,MW,FR,FR,actual_solar_generation,Solar,2026-05-24T05:42:13Z
2026-05-24T05:41:40Z,2026-05-24T07:41:40+0200,04b1983b-7d82-4991-9c22-f60d67a0a20c,2026-04-27T20:00:00Z,2026-04-27T22:00:00+0200,0.0,MW,FR,FR,actual_solar_generation,Solar,2026-05-24T05:42:13Z
2026-05-24T05:41:40Z,2026-05-24T07:41:40+0200,04b1983b-7d82-4991-9c22-f60d67a0a20c,2026-04-27T20:15:00Z,2026-04-27T22:15:00+0200,0.0,MW,FR,FR,actual_solar_generation,Solar,2026-05-24T05:42:13Z
2026-05-24T05:41:40Z,2026-05-24T07:41:40+0200,04b1983b-7d82-4991-9c22-f60d67a0a20c,2026-04-27T20:30:00Z,2026-04-27T22:30:00+0200,0.0,MW,FR,FR,actual_solar_generation,Solar,2026-05-24T05:42:13Z
2026-05-24T05:41:40Z,2026-05-24T07:41:40+0200,04b1983b-7d82-4991-9c22-f60d67a0a20c,2026-04-27T20:45:00Z,2026-04-27T22:45:00+0200,0.0,MW,FR,FR,actual_solar_generation,Solar,2026-05-24T05:42:13Z
2026-05-24T05:41:40Z,2026-05-24T07:41:40+0200,04b1983b-7d82-4991-9c22-f60d67a0a20c,2026-04-27T21:00:00Z,2026-04-27T23:00:00+0200,0.0,MW,FR,FR,actual_solar_generation,Solar,2026-05-24T05:42:13Z
2026-05-24T05:41:40Z,2026-05-24T07:41:40+0200,04b1983b-7d82-4991-9c22-f60d67a0a20c,2026-04-27T21:15:00Z,2026-04-27T23:15:00+0200,0.0,MW,FR,FR,actual_solar_generation,Solar,2026-05-24T05:42:13Z
2026-05-24T05:41:40Z,2026-05-24T07:41:40+0200,04b1983b-7d82-4991-9c22-f60d67a0a20c,2026-04-27T21:30:00Z,2026-04-27T23:30:00+0200,0.0,MW,FR,FR,actual_solar_generation,Solar,2026-05-24T05:42:13Z
2026-05-24T05:41:40Z,2026-05-24T07:41:40+0200,04b1983b-7d82-4991-9c22-f60d67a0a20c,2026-04-27T21:45:00Z,2026-04-27T23:45:00+0200,0.0,MW,FR,FR,actual_solar_generation,Solar,2026-05-24T05:42:13Z
2026-05-24T05:41:40Z,2026-05-24T07:41:40+0200,04b1983b-7d82-4991-9c22-f60d67a0a20c,2026-04-27T22:00:00Z,2026-04-28T00:00:00+0200,0.0,MW,FR,FR,actual_solar_generation,Solar,2026-05-24T05:42:13Z
2026-05-24T05:41:40Z,2026-05-24T07:41:40+0200,04b1983b-7d82-4991-9c22-f60d67a0a20c,2026-04-27T22:15:00Z,2026-04-28T00:15:00+0200,0.0,MW,FR,FR,actual_solar_generation,Solar,2026-05-24T05:42:13Z
2026-05-24T05:41:40Z,2026-05-24T07:41:40+0200,04b1983b-7d82-4991-9c22-f60d67a0a20c,2026-04-27T22:30:00Z,2026-04-28T00:30:00+0200,0.0,MW,FR,FR,actual_solar_generation,Solar,2026-05-24T05:42:13Z
2026-05-24T05:41:40Z,2026-05-24T07:41:40+0200,04b1983b-7d82-4991-9c22-f60d67a0a20c,2026-04-27T22:45:00Z,2026-04-28T00:45:00+0200,0.0,MW,FR,FR,actual_solar_generation,Solar,2026-05-24T05:42:13Z
2026-05-24T05:41:40Z,2026-05-24T07:41:40+0200,04b1983b-7d82-4991-9c22-f60d67a0a20c,2026-04-27T23:00:00Z,2026-04-28T01:00:00+0200,0.0,MW,FR,FR,actual_solar_generation,Solar,2026-05-24T05:42:13Z
2026-05-24T05:41:40Z,2026-05-24T07:41:40+0200,04b1983b-7d82-4991-9c22-f60d67a0a20c,2026-04-27T23:15:00Z,2026-04-28T01:15:00+0200,0.0,MW,FR,FR,actual_solar_generation,Solar,2026-05-24T05:42:13Z
2026-05-24T05:41:40Z,2026-05-24T07:41:40+0200,04b1983b-7d82-4991-9c22-f60d67a0a20c,2026-04-27T23:30:00Z,2026-04-28T01:30:00+0200,0.0,MW,FR,FR,actual_solar_generation,Solar,2026-05-24T05:42:13Z
2026-05-24T05:41:40Z,2026-05-24T07:41:40+0200,04b1983b-7d82-4991-9c22-f60d67a0a20c,2026-04-27T23:45:00Z,2026-04-28T01:45:00+0200,0.0,MW,FR,FR,actual_solar_generation,Solar,2026-05-24T05:42:13Z
2026-05-24T05:41:40Z,2026-05-24T07:41:40+0200,04b1983b-7d82-4991-9c22-f60d67a0a20c,2026-04-28T00:00:00Z,2026-04-28T02:00:00+0200,0.0,MW,FR,FR,actual_solar_generation,Solar,2026-05-24T05:42:13Z
2026-05-24T05:41:40Z,2026-05-24T07:41:40+0200,04b1983b-7d82-4991-9c22-f60d67a0a20c,2026-04-28T00:15:00Z,2026-04-28T02:15:00+0200,0.0,MW,FR,FR,actual_solar_generation,Solar,2026-05-24T05:42:13Z
2026-05-24T05:41:40Z,2026-05-24T07:41:40+0200,04b1983b-7d82-4991-9c22-f60d67a0a20c,2026-04-28T00:30:00Z,2026-04-28T02:30:00+0200,0.0,MW,FR,FR,actual_solar_generation,Solar,2026-05-24T05:42:13Z
2026-05-24T05:41:40Z,2026-05-24T07:41:40+0200,04b1983b-7d82-4991-9c22-f60d67a0a20c,2026-04-28T00:45:00Z,2026-04-28T02:45:00+0200,0.0,MW,FR,FR,actual_solar_generation,Solar,2026-05-24T05:42:13Z
2026-05-24T05:41:40Z,2026-05-24T07:41:40+0200,04b1983b-7d82-4991-9c22-f60d67a0a20c,2026-04-28T01:00:00Z,2026-04-28T03:00:00+0200,0.0,MW,FR,FR,actual_solar_generation,Solar,2026-05-24T05:42:13Z
2026-05-24T05:41:40Z,2026-05-24T07:41:40+0200,04b1983b-7d82-4991-9c22-f60d67a0a20c,2026-04-28T01:15:00Z,2026-04-28T03:15:00+0200,0.0,MW,FR,FR,actual_solar_generation,Solar,2026-05-24T05:42:13Z
2026-05-24T05:41:40Z,2026-05-24T07:41:40+0200,04b1983b-7d82-4991-9c22-f60d67a0a20c,2026-04-28T01:30:00Z,2026-04-28T03:30:00+0200,0.0,MW,FR,FR,actual_solar_generation,Solar,2026-05-24T05:42:13Z
2026-05-24T05:41:40Z,2026-05-24T07:41:40+0200,04b1983b-7d82-4991-9c22-f60d67a0a20c,2026-04-28T01:45:00Z,2026-04-28T03:45:00+0200,0.0,MW,FR,FR,actual_solar_generation,Solar,2026-05-24T05:42:13Z
2026-05-24T05:41:40Z,2026-05-24T07:41:40+0200,04b1983b-7d82-4991-9c22-f60d67a0a20c,2026-04-28T02:00:00Z,2026-04-28T04:00:00+0200,0.0,MW,FR,FR,actual_solar_generation,Solar,2026-05-24T05:42:13Z
2026-05-24T05:41:40Z,2026-05-24T07:41:40+0200,04b1983b-7d82-4991-9c22-f60d67a0a20c,2026-04-28T02:15:00Z,2026-04-28T04:15:00+0200,0.0,MW,FR,FR,actual_solar_generation,Solar,2026-05-24T05:42:13Z
2026-05-24T05:41:40Z,2026-05-24T07:41:40+0200,04b1983b-7d82-4991-9c22-f60d67a0a20c,2026-04-28T02:30:00Z,2026-04-28T04:30:00+0200,0.0,MW,FR,FR,actual_solar_generation,Solar,2026-05-24T05:42:13Z
2026-05-24T05:41:40Z,2026-05-24T07:41:40+0200,04b1983b-7d82-4991-9c22-f60d67a0a20c,2026-04-28T02:45:00Z,2026-04-28T04:45:00+0200,0.0,MW,FR,FR,actual_solar_generation,Solar,2026-05-24T05:42:13Z
2026-05-24T05:41:40Z,2026-05-24T07:41:40+0200,04b1983b-7d82-4991-9c22-f60d67a0a20c,2026-04-28T03:00:00Z,2026-04-28T05:00:00+0200,0.0,MW,FR,FR,actual_solar_generation,Solar,2026-05-24T05:42:13Z
2026-05-24T05:41:40Z,2026-05-24T07:41:40+0200,04b1983b-7d82-4991-9c22-f60d67a0a20c,2026-04-28T03:15:00Z,2026-04-28T05:15:00+0200,0.0,MW,FR,FR,actual_solar_generation,Solar,2026-05-24T05:42:13Z
2026-05-24T05:41:40Z,2026-05-24T07:41:40+0200,04b1983b-7d82-4991-9c22-f60d67a0a20c,2026-04-28T03:30:00Z,2026-04-28T05:30:00+0200,0.0,MW,FR,FR,actual_solar_generation,Solar,2026-05-24T05:42:13Z
2026-05-24T05:41:40Z,2026-05-24T07:41:40+0200,04b1983b-7d82-4991-9c22-f60d67a0a20c,2026-04-28T03:45:00Z,2026-04-28T05:45:00+0200,0.0,MW,FR,FR,actual_solar_generation,Solar,2026-05-24T05:42:13Z
2026-05-24T05:41:40Z,2026-05-24T07:41:40+0200,04b1983b-7d82-4991-9c22-f60d67a0a20c,2026-04-28T04:00:00Z,2026-04-28T06:00:00+0200,184.57,MW,FR,FR,actual_solar_generation,Solar,2026-05-24T05:42:13Z
2026-05-24T05:41:40Z,2026-05-24T07:41:40+0200,04b1983b-7d82-4991-9c22-f60d67a0a20c,2026-04-28T04:15:00Z,2026-04-28T06:15:00+0200,189.47,MW,FR,FR,actual_solar_generation,Solar,2026-05-24T05:42:13Z
2026-05-24T05:41:40Z,2026-05-24T07:41:40+0200,04b1983b-7d82-4991-9c22-f60d67a0a20c,2026-04-28T04:30:00Z,2026-04-28T06:30:00+0200,216.6,MW,FR,FR,actual_solar_generation,Solar,2026-05-24T05:42:13Z
2026-05-24T05:41:40Z,2026-05-24T07:41:40+0200,04b1983b-7d82-4991-9c22-f60d67a0a20c,2026-04-28T04:45:00Z,2026-04-28T06:45:00+0200,294.85,MW,FR,FR,actual_solar_generation,Solar,2026-05-24T05:42:13Z
2026-05-24T05:41:40Z,2026-05-24T07:41:40+0200,04b1983b-7d82-4991-9c22-f60d67a0a20c,2026-04-28T05:00:00Z,2026-04-28T07:00:00+0200,445.05,MW,FR,FR,actual_solar_generation,Solar,2026-05-24T05:42:13Z
2026-05-24T05:41:40Z,2026-05-24T07:41:40+0200,04b1983b-7d82-4991-9c22-f60d67a0a20c,2026-04-28T05:15:00Z,2026-04-28T07:15:00+0200,657.28,MW,FR,FR,actual_solar_generation,Solar,2026-05-24T05:42:13Z
2026-05-24T05:41:40Z,2026-05-24T07:41:40+0200,04b1983b-7d82-4991-9c22-f60d67a0a20c,2026-04-28T05:30:00Z,2026-04-28T07:30:00+0200,983.09,MW,FR,FR,actual_solar_generation,Solar,2026-05-24T05:42:13Z
2026-05-24T05:41:40Z,2026-05-24T07:41:40+0200,04b1983b-7d82-4991-9c22-f60d67a0a20c,2026-04-28T05:45:00Z,2026-04-28T07:45:00+0200,1459.47,MW,FR,FR,actual_solar_generation,Solar,2026-05-24T05:42:13Z
2026-05-24T05:41:40Z,2026-05-24T07:41:40+0200,04b1983b-7d82-4991-9c22-f60d67a0a20c,2026-04-28T06:00:00Z,2026-04-28T08:00:00+0200,2071.21,MW,FR,FR,actual_solar_generation,Solar,2026-05-24T05:42:13Z
2026-05-24T05:41:40Z,2026-05-24T07:41:40+0200,04b1983b-7d82-4991-9c22-f60d67a0a20c,2026-04-28T06:15:00Z,2026-04-28T08:15:00+0200,2759.5,MW,FR,FR,actual_solar_generation,Solar,2026-05-24T05:42:13Z
2026-05-24T05:41:40Z,2026-05-24T07:41:40+0200,04b1983b-7d82-4991-9c22-f60d67a0a20c,2026-04-28T06:30:00Z,2026-04-28T08:30:00+0200,3494.91,MW,FR,FR,actual_solar_generation,Solar,2026-05-24T05:42:13Z
2026-05-24T05:41:40Z,2026-05-24T07:41:40+0200,04b1983b-7d82-4991-9c22-f60d67a0a20c,2026-04-28T06:45:00Z,2026-04-28T08:45:00+0200,4390.74,MW,FR,FR,actual_solar_generation,Solar,2026-05-24T05:42:13Z
2026-05-24T05:41:40Z,2026-05-24T07:41:40+0200,04b1983b-7d82-4991-9c22-f60d67a0a20c,2026-04-28T07:00:00Z,2026-04-28T09:00:00+0200,5258.15,MW,FR,FR,actual_solar_generation,Solar,2026-05-24T05:42:13Z
2026-05-24T05:41:40Z,2026-05-24T07:41:40+0200,04b1983b-7d82-4991-9c22-f60d67a0a20c,2026-04-28T07:15:00Z,2026-04-28T09:15:00+0200,6150.43,MW,FR,FR,actual_solar_generation,Solar,2026-05-24T05:42:13Z
2026-05-24T05:41:40Z,2026-05-24T07:41:40+0200,04b1983b-7d82-4991-9c22-f60d67a0a20c,2026-04-28T07:30:00Z,2026-04-28T09:30:00+0200,6552.07,MW,FR,FR,actual_solar_generation,Solar,2026-05-24T05:42:13Z
2026-05-24T05:41:40Z,2026-05-24T07:41:40+0200,04b1983b-7d82-4991-9c22-f60d67a0a20c,2026-04-28T07:45:00Z,2026-04-28T09:45:00+0200,7469.87,MW,FR,FR,actual_solar_generation,Solar,2026-05-24T05:42:13Z
2026-05-24T05:41:40Z,2026-05-24T07:41:40+0200,04b1983b-7d82-4991-9c22-f60d67a0a20c,2026-04-28T08:00:00Z,2026-04-28T10:00:00+0200,8287.78,MW,FR,FR,actual_solar_generation,Solar,2026-05-24T05:42:13Z
2026-05-24T05:41:40Z,2026-05-24T07:41:40+0200,04b1983b-7d82-4991-9c22-f60d67a0a20c,2026-04-28T08:15:00Z,2026-04-28T10:15:00+0200,9191.42,MW,FR,FR,actual_solar_generation,Solar,2026-05-24T05:42:13Z
2026-05-24T05:41:40Z,2026-05-24T07:41:40+0200,04b1983b-7d82-4991-9c22-f60d67a0a20c,2026-04-28T08:30:00Z,2026-04-28T10:30:00+0200,10179.19,MW,FR,FR,actual_solar_generation,Solar,2026-05-24T05:42:13Z
2026-05-24T05:41:40Z,2026-05-24T07:41:40+0200,04b1983b-7d82-4991-9c22-f60d67a0a20c,2026-04-28T08:45:00Z,2026-04-28T10:45:00+0200,10123.25,MW,FR,FR,actual_solar_generation,Solar,2026-05-24T05:42:13Z
2026-05-24T05:41:40Z,2026-05-24T07:41:40+0200,04b1983b-7d82-4991-9c22-f60d67a0a20c,2026-04-28T09:00:00Z,2026-04-28T11:00:00+0200,9155.73,MW,FR,FR,actual_solar_generation,Solar,2026-05-24T05:42:13Z
2026-05-24T05:41:40Z,2026-05-24T07:41:40+0200,04b1983b-7d82-4991-9c22-f60d67a0a20c,2026-04-28T09:15:00Z,2026-04-28T11:15:00+0200,9534.34,MW,FR,FR,actual_solar_generation,Solar,2026-05-24T05:42:13Z
2026-05-24T05:41:40Z,2026-05-24T07:41:40+0200,04b1983b-7d82-4991-9c22-f60d67a0a20c,2026-04-28T09:30:00Z,2026-04-28T11:30:00+0200,9629.89,MW,FR,FR,actual_solar_generation,Solar,2026-05-24T05:42:13Z
2026-05-24T05:41:40Z,2026-05-24T07:41:40+0200,04b1983b-7d82-4991-9c22-f60d67a0a20c,2026-04-28T09:45:00Z,2026-04-28T11:45:00+0200,10081.21,MW,FR,FR,actual_solar_generation,Solar,2026-05-24T05:42:13Z
2026-05-24T05:41:40Z,2026-05-24T07:41:40+0200,04b1983b-7d82-4991-9c22-f60d67a0a20c,2026-04-28T10:00:00Z,2026-04-28T12:00:00+0200,10545.89,MW,FR,FR,actual_solar_generation,Solar,2026-05-24T05:42:13Z
2026-05-24T05:41:40Z,2026-05-24T07:41:40+0200,04b1983b-7d82-4991-9c22-f60d67a0a20c,2026-04-28T10:15:00Z,2026-04-28T12:15:00+0200,10544.06,MW,FR,FR,actual_solar_generation,Solar,2026-05-24T05:42:13Z
2026-05-24T05:41:40Z,2026-05-24T07:41:40+0200,04b1983b-7d82-4991-9c22-f60d67a0a20c,2026-04-28T10:30:00Z,2026-04-28T12:30:00+0200,10938.49,MW,FR,FR,actual_solar_generation,Solar,2026-05-24T05:42:13Z
2026-05-24T05:41:40Z,2026-05-24T07:41:40+0200,04b1983b-7d82-4991-9c22-f60d67a0a20c,2026-04-28T10:45:00Z,2026-04-28T12:45:00+0200,11048.6,MW,FR,FR,actual_solar_generation,Solar,2026-05-24T05:42:13Z
2026-05-24T05:41:40Z,2026-05-24T07:41:40+0200,04b1983b-7d82-4991-9c22-f60d67a0a20c,2026-04-28T11:00:00Z,2026-04-28T13:00:00+0200,11095.16,MW,FR,FR,actual_solar_generation,Solar,2026-05-24T05:42:13Z
2026-05-24T05:41:40Z,2026-05-24T07:41:40+0200,04b1983b-7d82-4991-9c22-f60d67a0a20c,2026-04-28T11:15:00Z,2026-04-28T13:15:00+0200,11173.86,MW,FR,FR,actual_solar_generation,Solar,2026-05-24T05:42:13Z
2026-05-24T05:41:40Z,2026-05-24T07:41:40+0200,04b1983b-7d82-4991-9c22-f60d67a0a20c,2026-04-28T11:30:00Z,2026-04-28T13:30:00+0200,11168.2,MW,FR,FR,actual_solar_generation,Solar,2026-05-24T05:42:13Z
2026-05-24T05:41:40Z,2026-05-24T07:41:40+0200,04b1983b-7d82-4991-9c22-f60d67a0a20c,2026-04-28T11:45:00Z,2026-04-28T13:45:00+0200,11128.06,MW,FR,FR,actual_solar_generation,Solar,2026-05-24T05:42:13Z
2026-05-24T05:41:40Z,2026-05-24T07:41:40+0200,04b1983b-7d82-4991-9c22-f60d67a0a20c,2026-04-28T12:00:00Z,2026-04-28T14:00:00+0200,11121.33,MW,FR,FR,actual_solar_generation,Solar,2026-05-24T05:42:13Z
2026-05-24T05:41:40Z,2026-05-24T07:41:40+0200,04b1983b-7d82-4991-9c22-f60d67a0a20c,2026-04-28T12:15:00Z,2026-04-28T14:15:00+0200,11028.95,MW,FR,FR,actual_solar_generation,Solar,2026-05-24T05:42:13Z
2026-05-24T05:41:40Z,2026-05-24T07:41:40+0200,04b1983b-7d82-4991-9c22-f60d67a0a20c,2026-04-28T12:30:00Z,2026-04-28T14:30:00+0200,10932.68,MW,FR,FR,actual_solar_generation,Solar,2026-05-24T05:42:13Z
2026-05-24T05:41:40Z,2026-05-24T07:41:40+0200,04b1983b-7d82-4991-9c22-f60d67a0a20c,2026-04-28T12:45:00Z,2026-04-28T14:45:00+0200,10799.79,MW,FR,FR,actual_solar_generation,Solar,2026-05-24T05:42:13Z
2026-05-24T05:41:40Z,2026-05-24T07:41:40+0200,04b1983b-7d82-4991-9c22-f60d67a0a20c,2026-04-28T13:00:00Z,2026-04-28T15:00:00+0200,10546.52,MW,FR,FR,actual_solar_generation,Solar,2026-05-24T05:42:13Z
2026-05-24T05:41:40Z,2026-05-24T07:41:40+0200,04b1983b-7d82-4991-9c22-f60d67a0a20c,2026-04-28T13:15:00Z,2026-04-28T15:15:00+0200,10351.68,MW,FR,FR,actual_solar_generation,Solar,2026-05-24T05:42:13Z
2026-05-24T05:41:40Z,2026-05-24T07:41:40+0200,04b1983b-7d82-4991-9c22-f60d67a0a20c,2026-04-28T13:30:00Z,2026-04-28T15:30:00+0200,10185.16,MW,FR,FR,actual_solar_generation,Solar,2026-05-24T05:42:13Z
2026-05-24T05:41:40Z,2026-05-24T07:41:40+0200,04b1983b-7d82-4991-9c22-f60d67a0a20c,2026-04-28T13:45:00Z,2026-04-28T15:45:00+0200,9987.42,MW,FR,FR,actual_solar_generation,Solar,2026-05-24T05:42:13Z
2026-05-24T05:41:40Z,2026-05-24T07:41:40+0200,04b1983b-7d82-4991-9c22-f60d67a0a20c,2026-04-28T14:00:00Z,2026-04-28T16:00:00+0200,9488.25,MW,FR,FR,actual_solar_generation,Solar,2026-05-24T05:42:13Z
2026-05-24T05:41:40Z,2026-05-24T07:41:40+0200,04b1983b-7d82-4991-9c22-f60d67a0a20c,2026-04-28T14:15:00Z,2026-04-28T16:15:00+0200,8964.61,MW,FR,FR,actual_solar_generation,Solar,2026-05-24T05:42:13Z
2026-05-24T05:41:40Z,2026-05-24T07:41:40+0200,04b1983b-7d82-4991-9c22-f60d67a0a20c,2026-04-28T14:30:00Z,2026-04-28T16:30:00+0200,8488.81,MW,FR,FR,actual_solar_generation,Solar,2026-05-24T05:42:13Z
2026-05-24T05:41:40Z,2026-05-24T07:41:40+0200,04b1983b-7d82-4991-9c22-f60d67a0a20c,2026-04-28T14:45:00Z,2026-04-28T16:45:00+0200,7942.68,MW,FR,FR,actual_solar_generation,Solar,2026-05-24T05:42:13Z
2026-05-24T05:41:40Z,2026-05-24T07:41:40+0200,04b1983b-7d82-4991-9c22-f60d67a0a20c,2026-04-28T15:00:00Z,2026-04-28T17:00:00+0200,7512.06,MW,FR,FR,actual_solar_generation,Solar,2026-05-24T05:42:13Z
2026-05-24T05:41:40Z,2026-05-24T07:41:40+0200,04b1983b-7d82-4991-9c22-f60d67a0a20c,2026-04-28T15:15:00Z,2026-04-28T17:15:00+0200,7017.82,MW,FR,FR,actual_solar_generation,Solar,2026-05-24T05:42:13Z
2026-05-24T05:41:40Z,2026-05-24T07:41:40+0200,04b1983b-7d82-4991-9c22-f60d67a0a20c,2026-04-28T15:30:00Z,2026-04-28T17:30:00+0200,6581.63,MW,FR,FR,actual_solar_generation,Solar,2026-05-24T05:42:13Z
2026-05-24T05:41:40Z,2026-05-24T07:41:40+0200,04b1983b-7d82-4991-9c22-f60d67a0a20c,2026-04-28T15:45:00Z,2026-04-28T17:45:00+0200,5958.54,MW,FR,FR,actual_solar_generation,Solar,2026-05-24T05:42:13Z
2026-05-24T05:41:40Z,2026-05-24T07:41:40+0200,04b1983b-7d82-4991-9c22-f60d67a0a20c,2026-04-28T16:00:00Z,2026-04-28T18:00:00+0200,5943.36,MW,FR,FR,actual_solar_generation,Solar,2026-05-24T05:42:13Z
2026-05-24T05:41:40Z,2026-05-24T07:41:40+0200,04b1983b-7d82-4991-9c22-f60d67a0a20c,2026-04-28T16:15:00Z,2026-04-28T18:15:00+0200,5992.96,MW,FR,FR,actual_solar_generation,Solar,2026-05-24T05:42:13Z
2026-05-24T05:41:40Z,2026-05-24T07:41:40+0200,04b1983b-7d82-4991-9c22-f60d67a0a20c,2026-04-28T16:30:00Z,2026-04-28T18:30:00+0200,5106.08,MW,FR,FR,actual_solar_generation,Solar,2026-05-24T05:42:13Z
2026-05-24T05:41:40Z,2026-05-24T07:41:40+0200,04b1983b-7d82-4991-9c22-f60d67a0a20c,2026-04-28T16:45:00Z,2026-04-28T18:45:00+0200,4294.27,MW,FR,FR,actual_solar_generation,Solar,2026-05-24T05:42:13Z
2026-05-24T05:41:40Z,2026-05-24T07:41:40+0200,04b1983b-7d82-4991-9c22-f60d67a0a20c,2026-04-28T17:00:00Z,2026-04-28T19:00:00+0200,3505.69,MW,FR,FR,actual_solar_generation,Solar,2026-05-24T05:42:13Z
2026-05-24T05:41:40Z,2026-05-24T07:41:40+0200,04b1983b-7d82-4991-9c22-f60d67a0a20c,2026-04-28T17:15:00Z,2026-04-28T19:15:00+0200,2793.93,MW,FR,FR,actual_solar_generation,Solar,2026-05-24T05:42:13Z
2026-05-24T05:41:40Z,2026-05-24T07:41:40+0200,04b1983b-7d82-4991-9c22-f60d67a0a20c,2026-04-28T17:30:00Z,2026-04-28T19:30:00+0200,2143.95,MW,FR,FR,actual_solar_generation,Solar,2026-05-24T05:42:13Z
2026-05-24T05:41:40Z,2026-05-24T07:41:40+0200,04b1983b-7d82-4991-9c22-f60d67a0a20c,2026-04-28T17:45:00Z,2026-04-28T19:45:00+0200,1611.73,MW,FR,FR,actual_solar_generation,Solar,2026-05-24T05:42:13Z
2026-05-24T05:41:40Z,2026-05-24T07:41:40+0200,04b1983b-7d82-4991-9c22-f60d67a0a20c,2026-04-28T18:00:00Z,2026-04-28T20:00:00+0200,1139.64,MW,FR,FR,actual_solar_generation,Solar,2026-05-24T05:42:13Z
2026-05-24T05:41:40Z,2026-05-24T07:41:40+0200,04b1983b-7d82-4991-9c22-f60d67a0a20c,2026-04-28T18:15:00Z,2026-04-28T20:15:00+0200,794.29,MW,FR,FR,actual_solar_generation,Solar,2026-05-24T05:42:13Z
2026-05-24T05:41:40Z,2026-05-24T07:41:40+0200,04b1983b-7d82-4991-9c22-f60d67a0a20c,2026-04-28T18:30:00Z,2026-04-28T20:30:00+0200,553.41,MW,FR,FR,actual_solar_generation,Solar,2026-05-24T05:42:13Z
2026-05-24T05:41:40Z,2026-05-24T07:41:40+0200,04b1983b-7d82-4991-9c22-f60d67a0a20c,2026-04-28T18:45:00Z,2026-04-28T20:45:00+0200,374.95,MW,FR,FR,actual_solar_generation,Solar,2026-05-24T05:42:13Z
2026-05-24T05:41:40Z,2026-05-24T07:41:40+0200,04b1983b-7d82-4991-9c22-f60d67a0a20c,2026-04-28T19:00:00Z,2026-04-28T21:00:00+0200,263.27,MW,FR,FR,actual_solar_generation,Solar,2026-05-24T05:42:13Z
2026-05-24T05:41:40Z,2026-05-24T07:41:40+0200,04b1983b-7d82-4991-9c22-f60d67a0a20c,2026-04-28T19:15:00Z,2026-04-28T21:15:00+0200,221.49,MW,FR,FR,actual_solar_generation,Solar,2026-05-24T05:42:13Z
2026-05-24T05:41:40Z,2026-05-24T07:41:40+0200,04b1983b-7d82-4991-9c22-f60d67a0a20c,2026-04-28T19:30:00Z,2026-04-28T21:30:00+0200,216.69,MW,FR,FR,actual_solar_generation,Solar,2026-05-24T05:42:13Z
2026-05-24T05:41:40Z,2026-05-24T07:41:40+0200,04b1983b-7d82-4991-9c22-f60d67a0a20c,2026-04-28T19:45:00Z,2026-04-28T21:45:00+0200,203.39,MW,FR,FR,actual_solar_generation,Solar,2026-05-24T05:42:13Z
2026-05-24T05:41:40Z,2026-05-24T07:41:40+0200,04b1983b-7d82-4991-9c22-f60d67a0a20c,2026-04-28T20:00:00Z,2026-04-28T22:00:00+0200,0.0,MW,FR,FR,actual_solar_generation,Solar,2026-05-24T05:42:13Z
2026-05-24T05:41:40Z,2026-05-24T07:41:40+0200,04b1983b-7d82-4991-9c22-f60d67a0a20c,2026-04-28T20:15:00Z,2026-04-28T22:15:00+0200,0.0,MW,FR,FR,actual_solar_generation,Solar,2026-05-24T05:42:13Z
2026-05-24T05:41:40Z,2026-05-24T07:41:40+0200,04b1983b-7d82-4991-9c22-f60d67a0a20c,2026-04-28T20:30:00Z,2026-04-28T22:30:00+0200,0.0,MW,FR,FR,actual_solar_generation,Solar,2026-05-24T05:42:13Z
2026-05-24T05:41:40Z,2026-05-24T07:41:40+0200,04b1983b-7d82-4991-9c22-f60d67a0a20c,2026-04-28T20:45:00Z,2026-04-28T22:45:00+0200,0.0,MW,FR,FR,actual_solar_generation,Solar,2026-05-24T05:42:13Z
2026-05-24T05:41:40Z,2026-05-24T07:41:40+0200,04b1983b-7d82-4991-9c22-f60d67a0a20c,2026-04-28T21:00:00Z,2026-04-28T23:00:00+0200,0.0,MW,FR,FR,actual_solar_generation,Solar,2026-05-24T05:42:13Z
2026-05-24T05:41:40Z,2026-05-24T07:41:40+0200,04b1983b-7d82-4991-9c22-f60d67a0a20c,2026-04-28T21:15:00Z,2026-04-28T23:15:00+0200,0.0,MW,FR,FR,actual_solar_generation,Solar,2026-05-24T05:42:13Z
2026-05-24T05:41:40Z,2026-05-24T07:41:40+0200,04b1983b-7d82-4991-9c22-f60d67a0a20c,2026-04-28T21:30:00Z,2026-04-28T23:30:00+0200,0.0,MW,FR,FR,actual_solar_generation,Solar,2026-05-24T05:42:13Z
2026-05-24T05:41:40Z,2026-05-24T07:41:40+0200,04b1983b-7d82-4991-9c22-f60d67a0a20c,2026-04-28T21:45:00Z,2026-04-28T23:45:00+0200,0.0,MW,FR,FR,actual_solar_generation,Solar,2026-05-24T05:42:13Z
2026-05-24T05:41:40Z,2026-05-24T07:41:40+0200,04b1983b-7d82-4991-9c22-f60d67a0a20c,2026-04-28T22:00:00Z,2026-04-29T00:00:00+0200,0.0,MW,FR,FR,actual_solar_generation,Solar,2026-05-24T05:42:13Z
2026-05-24T05:41:40Z,2026-05-24T07:41:40+0200,04b1983b-7d82-4991-9c22-f60d67a0a20c,2026-04-28T22:15:00Z,2026-04-29T00:15:00+0200,0.0,MW,FR,FR,actual_solar_generation,Solar,2026-05-24T05:42:13Z
2026-05-24T05:41:40Z,2026-05-24T07:41:40+0200,04b1983b-7d82-4991-9c22-f60d67a0a20c,2026-04-28T22:30:00Z,2026-04-29T00:30:00+0200,0.0,MW,FR,FR,actual_solar_generation,Solar,2026-05-24T05:42:13Z
2026-05-24T05:41:40Z,2026-05-24T07:41:40+0200,04b1983b-7d82-4991-9c22-f60d67a0a20c,2026-04-28T22:45:00Z,2026-04-29T00:45:00+0200,0.0,MW,FR,FR,actual_solar_generation,Solar,2026-05-24T05:42:13Z
2026-05-24T05:41:40Z,2026-05-24T07:41:40+0200,04b1983b-7d82-4991-9c22-f60d67a0a20c,2026-04-28T23:00:00Z,2026-04-29T01:00:00+0200,0.0,MW,FR,FR,actual_solar_generation,Solar,2026-05-24T05:42:13Z
2026-05-24T05:41:40Z,2026-05-24T07:41:40+0200,04b1983b-7d82-4991-9c22-f60d67a0a20c,2026-04-28T23:15:00Z,2026-04-29T01:15:00+0200,0.0,MW,FR,FR,actual_solar_generation,Solar,2026-05-24T05:42:13Z
2026-05-24T05:41:40Z,2026-05-24T07:41:40+0200,04b1983b-7d82-4991-9c22-f60d67a0a20c,2026-04-28T23:30:00Z,2026-04-29T01:30:00+0200,0.0,MW,FR,FR,actual_solar_generation,Solar,2026-05-24T05:42:13Z
2026-05-24T05:41:40Z,2026-05-24T07:41:40+0200,04b1983b-7d82-4991-9c22-f60d67a0a20c,2026-04-28T23:45:00Z,2026-04-29T01:45:00+0200,0.0,MW,FR,FR,actual_solar_generation,Solar,2026-05-24T05:42:13Z
2026-05-24T05:41:40Z,2026-05-24T07:41:40+0200,04b1983b-7d82-4991-9c22-f60d67a0a20c,2026-04-29T00:00:00Z,2026-04-29T02:00:00+0200,0.0,MW,FR,FR,actual_solar_generation,Solar,2026-05-24T05:42:13Z
2026-05-24T05:41:40Z,2026-05-24T07:41:40+0200,04b1983b-7d82-4991-9c22-f60d67a0a20c,2026-04-29T00:15:00Z,2026-04-29T02:15:00+0200,0.0,MW,FR,FR,actual_solar_generation,Solar,2026-05-24T05:42:13Z
2026-05-24T05:41:40Z,2026-05-24T07:41:40+0200,04b1983b-7d82-4991-9c22-f60d67a0a20c,2026-04-29T00:30:00Z,2026-04-29T02:30:00+0200,0.0,MW,FR,FR,actual_solar_generation,Solar,2026-05-24T05:42:13Z
2026-05-24T05:41:40Z,2026-05-24T07:41:40+0200,04b1983b-7d82-4991-9c22-f60d67a0a20c,2026-04-29T00:45:00Z,2026-04-29T02:45:00+0200,0.0,MW,FR,FR,actual_solar_generation,Solar,2026-05-24T05:42:13Z
2026-05-24T05:41:40Z,2026-05-24T07:41:40+0200,04b1983b-7d82-4991-9c22-f60d67a0a20c,2026-04-29T01:00:00Z,2026-04-29T03:00:00+0200,0.0,MW,FR,FR,actual_solar_generation,Solar,2026-05-24T05:42:13Z
2026-05-24T05:41:40Z,2026-05-24T07:41:40+0200,04b1983b-7d82-4991-9c22-f60d67a0a20c,2026-04-29T01:15:00Z,2026-04-29T03:15:00+0200,0.0,MW,FR,FR,actual_solar_generation,Solar,2026-05-24T05:42:13Z
2026-05-24T05:41:40Z,2026-05-24T07:41:40+0200,04b1983b-7d82-4991-9c22-f60d67a0a20c,2026-04-29T01:30:00Z,2026-04-29T03:30:00+0200,0.0,MW,FR,FR,actual_solar_generation,Solar,2026-05-24T05:42:13Z
2026-05-24T05:41:40Z,2026-05-24T07:41:40+0200,04b1983b-7d82-4991-9c22-f60d67a0a20c,2026-04-29T01:45:00Z,2026-04-29T03:45:00+0200,0.0,MW,FR,FR,actual_solar_generation,Solar,2026-05-24T05:42:13Z
2026-05-24T05:41:40Z,2026-05-24T07:41:40+0200,04b1983b-7d82-4991-9c22-f60d67a0a20c,2026-04-29T02:00:00Z,2026-04-29T04:00:00+0200,0.0,MW,FR,FR,actual_solar_generation,Solar,2026-05-24T05:42:13Z
2026-05-24T05:41:40Z,2026-05-24T07:41:40+0200,04b1983b-7d82-4991-9c22-f60d67a0a20c,2026-04-29T02:15:00Z,2026-04-29T04:15:00+0200,0.0,MW,FR,FR,actual_solar_generation,Solar,2026-05-24T05:42:13Z
2026-05-24T05:41:40Z,2026-05-24T07:41:40+0200,04b1983b-7d82-4991-9c22-f60d67a0a20c,2026-04-29T02:30:00Z,2026-04-29T04:30:00+0200,0.0,MW,FR,FR,actual_solar_generation,Solar,2026-05-24T05:42:13Z
2026-05-24T05:41:40Z,2026-05-24T07:41:40+0200,04b1983b-7d82-4991-9c22-f60d67a0a20c,2026-04-29T02:45:00Z,2026-04-29T04:45:00+0200,0.0,MW,FR,FR,actual_solar_generation,Solar,2026-05-24T05:42:13Z
2026-05-24T05:41:40Z,2026-05-24T07:41:40+0200,04b1983b-7d82-4991-9c22-f60d67a0a20c,2026-04-29T03:00:00Z,2026-04-29T05:00:00+0200,0.0,MW,FR,FR,actual_solar_generation,Solar,2026-05-24T05:42:13Z
2026-05-24T05:41:40Z,2026-05-24T07:41:40+0200,04b1983b-7d82-4991-9c22-f60d67a0a20c,2026-04-29T03:15:00Z,2026-04-29T05:15:00+0200,0.0,MW,FR,FR,actual_solar_generation,Solar,2026-05-24T05:42:13Z
2026-05-24T05:41:40Z,2026-05-24T07:41:40+0200,04b1983b-7d82-4991-9c22-f60d67a0a20c,2026-04-29T03:30:00Z,2026-04-29T05:30:00+0200,0.0,MW,FR,FR,actual_solar_generation,Solar,2026-05-24T05:42:13Z
2026-05-24T05:41:40Z,2026-05-24T07:41:40+0200,04b1983b-7d82-4991-9c22-f60d67a0a20c,2026-04-29T03:45:00Z,2026-04-29T05:45:00+0200,0.0,MW,FR,FR,actual_solar_generation,Solar,2026-05-24T05:42:13Z
2026-05-24T05:41:40Z,2026-05-24T07:41:40+0200,04b1983b-7d82-4991-9c22-f60d67a0a20c,2026-04-29T04:00:00Z,2026-04-29T06:00:00+0200,217.84,MW,FR,FR,actual_solar_generation,Solar,2026-05-24T05:42:13Z
2026-05-24T05:41:40Z,2026-05-24T07:41:40+0200,04b1983b-7d82-4991-9c22-f60d67a0a20c,2026-04-29T04:15:00Z,2026-04-29T06:15:00+0200,214.23,MW,FR,FR,actual_solar_generation,Solar,2026-05-24T05:42:13Z
2026-05-24T05:41:40Z,2026-05-24T07:41:40+0200,04b1983b-7d82-4991-9c22-f60d67a0a20c,2026-04-29T04:30:00Z,2026-04-29T06:30:00+0200,208.34,MW,FR,FR,actual_solar_generation,Solar,2026-05-24T05:42:13Z
2026-05-24T05:41:40Z,2026-05-24T07:41:40+0200,04b1983b-7d82-4991-9c22-f60d67a0a20c,2026-04-29T04:45:00Z,2026-04-29T06:45:00+0200,335.56,MW,FR,FR,actual_solar_generation,Solar,2026-05-24T05:42:13Z
2026-05-24T05:41:40Z,2026-05-24T07:41:40+0200,04b1983b-7d82-4991-9c22-f60d67a0a20c,2026-04-29T05:00:00Z,2026-04-29T07:00:00+0200,496.73,MW,FR,FR,actual_solar_generation,Solar,2026-05-24T05:42:13Z
2026-05-24T05:41:40Z,2026-05-24T07:41:40+0200,04b1983b-7d82-4991-9c22-f60d67a0a20c,2026-04-29T05:15:00Z,2026-04-29T07:15:00+0200,706.39,MW,FR,FR,actual_solar_generation,Solar,2026-05-24T05:42:13Z
2026-05-24T05:41:40Z,2026-05-24T07:41:40+0200,04b1983b-7d82-4991-9c22-f60d67a0a20c,2026-04-29T05:30:00Z,2026-04-29T07:30:00+0200,1054.74,MW,FR,FR,actual_solar_generation,Solar,2026-05-24T05:42:13Z
2026-05-24T05:41:40Z,2026-05-24T07:41:40+0200,04b1983b-7d82-4991-9c22-f60d67a0a20c,2026-04-29T05:45:00Z,2026-04-29T07:45:00+0200,1585.8,MW,FR,FR,actual_solar_generation,Solar,2026-05-24T05:42:13Z
2026-05-24T05:41:40Z,2026-05-24T07:41:40+0200,04b1983b-7d82-4991-9c22-f60d67a0a20c,2026-04-29T06:00:00Z,2026-04-29T08:00:00+0200,2334.22,MW,FR,FR,actual_solar_generation,Solar,2026-05-24T05:42:13Z
2026-05-24T05:41:40Z,2026-05-24T07:41:40+0200,04b1983b-7d82-4991-9c22-f60d67a0a20c,2026-04-29T06:15:00Z,2026-04-29T08:15:00+0200,3154.68,MW,FR,FR,actual_solar_generation,Solar,2026-05-24T05:42:13Z
2026-05-24T05:41:40Z,2026-05-24T07:41:40+0200,04b1983b-7d82-4991-9c22-f60d67a0a20c,2026-04-29T06:30:00Z,2026-04-29T08:30:00+0200,4052.35,MW,FR,FR,actual_solar_generation,Solar,2026-05-24T05:42:13Z
2026-05-24T05:41:40Z,2026-05-24T07:41:40+0200,04b1983b-7d82-4991-9c22-f60d67a0a20c,2026-04-29T06:45:00Z,2026-04-29T08:45:00+0200,5040.3,MW,FR,FR,actual_solar_generation,Solar,2026-05-24T05:42:13Z
2026-05-24T05:41:40Z,2026-05-24T07:41:40+0200,04b1983b-7d82-4991-9c22-f60d67a0a20c,2026-04-29T07:00:00Z,2026-04-29T09:00:00+0200,5941.52,MW,FR,FR,actual_solar_generation,Solar,2026-05-24T05:42:13Z
2026-05-24T05:41:40Z,2026-05-24T07:41:40+0200,04b1983b-7d82-4991-9c22-f60d67a0a20c,2026-04-29T07:15:00Z,2026-04-29T09:15:00+0200,6774.32,MW,FR,FR,actual_solar_generation,Solar,2026-05-24T05:42:13Z
2026-05-24T05:41:40Z,2026-05-24T07:41:40+0200,04b1983b-7d82-4991-9c22-f60d67a0a20c,2026-04-29T07:30:00Z,2026-04-29T09:30:00+0200,7722.48,MW,FR,FR,actual_solar_generation,Solar,2026-05-24T05:42:13Z
2026-05-24T05:41:40Z,2026-05-24T07:41:40+0200,04b1983b-7d82-4991-9c22-f60d67a0a20c,2026-04-29T07:45:00Z,2026-04-29T09:45:00+0200,7997.06,MW,FR,FR,actual_solar_generation,Solar,2026-05-24T05:42:13Z
2026-05-24T05:41:40Z,2026-05-24T07:41:40+0200,04b1983b-7d82-4991-9c22-f60d67a0a20c,2026-04-29T08:00:00Z,2026-04-29T10:00:00+0200,7527.31,MW,FR,FR,actual_solar_generation,Solar,2026-05-24T05:42:13Z
2026-05-24T05:41:40Z,2026-05-24T07:41:40+0200,04b1983b-7d82-4991-9c22-f60d67a0a20c,2026-04-29T08:15:00Z,2026-04-29T10:15:00+0200,8133.43,MW,FR,FR,actual_solar_generation,Solar,2026-05-24T05:42:13Z
2026-05-24T05:41:40Z,2026-05-24T07:41:40+0200,04b1983b-7d82-4991-9c22-f60d67a0a20c,2026-04-29T08:30:00Z,2026-04-29T10:30:00+0200,8605.62,MW,FR,FR,actual_solar_generation,Solar,2026-05-24T05:42:13Z
2026-05-24T05:41:40Z,2026-05-24T07:41:40+0200,04b1983b-7d82-4991-9c22-f60d67a0a20c,2026-04-29T08:45:00Z,2026-04-29T10:45:00+0200,9157.61,MW,FR,FR,actual_solar_generation,Solar,2026-05-24T05:42:13Z
2026-05-24T05:41:40Z,2026-05-24T07:41:40+0200,04b1983b-7d82-4991-9c22-f60d67a0a20c,2026-04-29T09:00:00Z,2026-04-29T11:00:00+0200,9660.09,MW,FR,FR,actual_solar_generation,Solar,2026-05-24T05:42:13Z
2026-05-24T05:41:40Z,2026-05-24T07:41:40+0200,04b1983b-7d82-4991-9c22-f60d67a0a20c,2026-04-29T09:15:00Z,2026-04-29T11:15:00+0200,10044.68,MW,FR,FR,actual_solar_generation,Solar,2026-05-24T05:42:13Z
2026-05-24T05:41:40Z,2026-05-24T07:41:40+0200,04b1983b-7d82-4991-9c22-f60d67a0a20c,2026-04-29T09:30:00Z,2026-04-29T11:30:00+0200,10583.32,MW,FR,FR,actual_solar_generation,Solar,2026-05-24T05:42:13Z
2026-05-24T05:41:40Z,2026-05-24T07:41:40+0200,04b1983b-7d82-4991-9c22-f60d67a0a20c,2026-04-29T09:45:00Z,2026-04-29T11:45:00+0200,11187.84,MW,FR,FR,actual_solar_generation,Solar,2026-05-24T05:42:13Z
2026-05-24T05:41:40Z,2026-05-24T07:41:40+0200,04b1983b-7d82-4991-9c22-f60d67a0a20c,2026-04-29T10:00:00Z,2026-04-29T12:00:00+0200,11599.65,MW,FR,FR,actual_solar_generation,Solar,2026-05-24T05:42:13Z
2026-05-24T05:41:40Z,2026-05-24T07:41:40+0200,04b1983b-7d82-4991-9c22-f60d67a0a20c,2026-04-29T10:15:00Z,2026-04-29T12:15:00+0200,11734.12,MW,FR,FR,actual_solar_generation,Solar,2026-05-24T05:42:13Z
2026-05-24T05:41:40Z,2026-05-24T07:41:40+0200,04b1983b-7d82-4991-9c22-f60d67a0a20c,2026-04-29T10:30:00Z,2026-04-29T12:30:00+0200,12007.58,MW,FR,FR,actual_solar_generation,Solar,2026-05-24T05:42:13Z
2026-05-24T05:41:40Z,2026-05-24T07:41:40+0200,04b1983b-7d82-4991-9c22-f60d67a0a20c,2026-04-29T10:45:00Z,2026-04-29T12:45:00+0200,12203.31,MW,FR,FR,actual_solar_generation,Solar,2026-05-24T05:42:13Z
2026-05-24T05:41:40Z,2026-05-24T07:41:40+0200,04b1983b-7d82-4991-9c22-f60d67a0a20c,2026-04-29T11:00:00Z,2026-04-29T13:00:00+0200,12301.73,MW,FR,FR,actual_solar_generation,Solar,2026-05-24T05:42:13Z
2026-05-24T05:41:40Z,2026-05-24T07:41:40+0200,04b1983b-7d82-4991-9c22-f60d67a0a20c,2026-04-29T11:15:00Z,2026-04-29T13:15:00+0200,12344.99,MW,FR,FR,actual_solar_generation,Solar,2026-05-24T05:42:13Z
2026-05-24T05:41:40Z,2026-05-24T07:41:40+0200,04b1983b-7d82-4991-9c22-f60d67a0a20c,2026-04-29T11:30:00Z,2026-04-29T13:30:00+0200,12399.76,MW,FR,FR,actual_solar_generation,Solar,2026-05-24T05:42:13Z
2026-05-24T05:41:40Z,2026-05-24T07:41:40+0200,04b1983b-7d82-4991-9c22-f60d67a0a20c,2026-04-29T11:45:00Z,2026-04-29T13:45:00+0200,12485.07,MW,FR,FR,actual_solar_generation,Solar,2026-05-24T05:42:13Z
2026-05-24T05:41:40Z,2026-05-24T07:41:40+0200,04b1983b-7d82-4991-9c22-f60d67a0a20c,2026-04-29T12:00:00Z,2026-04-29T14:00:00+0200,12395.87,MW,FR,FR,actual_solar_generation,Solar,2026-05-24T05:42:13Z
2026-05-24T05:41:40Z,2026-05-24T07:41:40+0200,04b1983b-7d82-4991-9c22-f60d67a0a20c,2026-04-29T12:15:00Z,2026-04-29T14:15:00+0200,12351.29,MW,FR,FR,actual_solar_generation,Solar,2026-05-24T05:42:13Z
2026-05-24T05:41:40Z,2026-05-24T07:41:40+0200,04b1983b-7d82-4991-9c22-f60d67a0a20c,2026-04-29T12:30:00Z,2026-04-29T14:30:00+0200,12230.21,MW,FR,FR,actual_solar_generation,Solar,2026-05-24T05:42:13Z
2026-05-24T05:41:40Z,2026-05-24T07:41:40+0200,04b1983b-7d82-4991-9c22-f60d67a0a20c,2026-04-29T12:45:00Z,2026-04-29T14:45:00+0200,12069.51,MW,FR,FR,actual_solar_generation,Solar,2026-05-24T05:42:13Z
2026-05-24T05:41:40Z,2026-05-24T07:41:40+0200,04b1983b-7d82-4991-9c22-f60d67a0a20c,2026-04-29T13:00:00Z,2026-04-29T15:00:00+0200,11817.73,MW,FR,FR,actual_solar_generation,Solar,2026-05-24T05:42:13Z
2026-05-24T05:41:40Z,2026-05-24T07:41:40+0200,04b1983b-7d82-4991-9c22-f60d67a0a20c,2026-04-29T13:15:00Z,2026-04-29T15:15:00+0200,11459.98,MW,FR,FR,actual_solar_generation,Solar,2026-05-24T05:42:13Z
2026-05-24T05:41:40Z,2026-05-24T07:41:40+0200,04b1983b-7d82-4991-9c22-f60d67a0a20c,2026-04-29T13:30:00Z,2026-04-29T15:30:00+0200,11457.31,MW,FR,FR,actual_solar_generation,Solar,2026-05-24T05:42:13Z
2026-05-24T05:41:40Z,2026-05-24T07:41:40+0200,04b1983b-7d82-4991-9c22-f60d67a0a20c,2026-04-29T13:45:00Z,2026-04-29T15:45:00+0200,11121.12,MW,FR,FR,actual_solar_generation,Solar,2026-05-24T05:42:13Z
2026-05-24T05:41:40Z,2026-05-24T07:41:40+0200,04b1983b-7d82-4991-9c22-f60d67a0a20c,2026-04-29T14:00:00Z,2026-04-29T16:00:00+0200,10883.7,MW,FR,FR,actual_solar_generation,Solar,2026-05-24T05:42:13Z
2026-05-24T05:41:40Z,2026-05-24T07:41:40+0200,04b1983b-7d82-4991-9c22-f60d67a0a20c,2026-04-29T14:15:00Z,2026-04-29T16:15:00+0200,10610.69,MW,FR,FR,actual_solar_generation,Solar,2026-05-24T05:42:13Z
2026-05-24T05:41:40Z,2026-05-24T07:41:40+0200,04b1983b-7d82-4991-9c22-f60d67a0a20c,2026-04-29T14:30:00Z,2026-04-29T16:30:00+0200,9932.26,MW,FR,FR,actual_solar_generation,Solar,2026-05-24T05:42:13Z
2026-05-24T05:41:40Z,2026-05-24T07:41:40+0200,04b1983b-7d82-4991-9c22-f60d67a0a20c,2026-04-29T14:45:00Z,2026-04-29T16:45:00+0200,9277.59,MW,FR,FR,actual_solar_generation,Solar,2026-05-24T05:42:13Z
2026-05-24T05:41:40Z,2026-05-24T07:41:40+0200,04b1983b-7d82-4991-9c22-f60d67a0a20c,2026-04-29T15:00:00Z,2026-04-29T17:00:00+0200,8793.48,MW,FR,FR,actual_solar_generation,Solar,2026-05-24T05:42:13Z
2026-05-24T05:41:40Z,2026-05-24T07:41:40+0200,04b1983b-7d82-4991-9c22-f60d67a0a20c,2026-04-29T15:15:00Z,2026-04-29T17:15:00+0200,8258.41,MW,FR,FR,actual_solar_generation,Solar,2026-05-24T05:42:13Z
2026-05-24T05:41:40Z,2026-05-24T07:41:40+0200,04b1983b-7d82-4991-9c22-f60d67a0a20c,2026-04-29T15:30:00Z,2026-04-29T17:30:00+0200,7625.53,MW,FR,FR,actual_solar_generation,Solar,2026-05-24T05:42:13Z
2026-05-24T05:41:40Z,2026-05-24T07:41:40+0200,04b1983b-7d82-4991-9c22-f60d67a0a20c,2026-04-29T15:45:00Z,2026-04-29T17:45:00+0200,7032.94,MW,FR,FR,actual_solar_generation,Solar,2026-05-24T05:42:13Z
2026-05-24T05:41:40Z,2026-05-24T07:41:40+0200,04b1983b-7d82-4991-9c22-f60d67a0a20c,2026-04-29T16:00:00Z,2026-04-29T18:00:00+0200,6934.67,MW,FR,FR,actual_solar_generation,Solar,2026-05-24T05:42:13Z
2026-05-24T05:41:40Z,2026-05-24T07:41:40+0200,04b1983b-7d82-4991-9c22-f60d67a0a20c,2026-04-29T16:15:00Z,2026-04-29T18:15:00+0200,7020.14,MW,FR,FR,actual_solar_generation,Solar,2026-05-24T05:42:13Z
2026-05-24T05:41:40Z,2026-05-24T07:41:40+0200,04b1983b-7d82-4991-9c22-f60d67a0a20c,2026-04-29T16:30:00Z,2026-04-29T18:30:00+0200,6066.55,MW,FR,FR,actual_solar_generation,Solar,2026-05-24T05:42:13Z
2026-05-24T05:41:40Z,2026-05-24T07:41:40+0200,04b1983b-7d82-4991-9c22-f60d67a0a20c,2026-04-29T16:45:00Z,2026-04-29T18:45:00+0200,5104.54,MW,FR,FR,actual_solar_generation,Solar,2026-05-24T05:42:13Z
2026-05-24T05:41:40Z,2026-05-24T07:41:40+0200,04b1983b-7d82-4991-9c22-f60d67a0a20c,2026-04-29T17:00:00Z,2026-04-29T19:00:00+0200,4168.94,MW,FR,FR,actual_solar_generation,Solar,2026-05-24T05:42:13Z
2026-05-24T05:41:40Z,2026-05-24T07:41:40+0200,04b1983b-7d82-4991-9c22-f60d67a0a20c,2026-04-29T17:15:00Z,2026-04-29T19:15:00+0200,3313.22,MW,FR,FR,actual_solar_generation,Solar,2026-05-24T05:42:13Z
2026-05-24T05:41:40Z,2026-05-24T07:41:40+0200,04b1983b-7d82-4991-9c22-f60d67a0a20c,2026-04-29T17:30:00Z,2026-04-29T19:30:00+0200,2520.5,MW,FR,FR,actual_solar_generation,Solar,2026-05-24T05:42:13Z
2026-05-24T05:41:40Z,2026-05-24T07:41:40+0200,04b1983b-7d82-4991-9c22-f60d67a0a20c,2026-04-29T17:45:00Z,2026-04-29T19:45:00+0200,1884.79,MW,FR,FR,actual_solar_generation,Solar,2026-05-24T05:42:13Z
2026-05-24T05:41:40Z,2026-05-24T07:41:40+0200,04b1983b-7d82-4991-9c22-f60d67a0a20c,2026-04-29T18:00:00Z,2026-04-29T20:00:00+0200,1289.48,MW,FR,FR,actual_solar_generation,Solar,2026-05-24T05:42:13Z
2026-05-24T05:41:40Z,2026-05-24T07:41:40+0200,04b1983b-7d82-4991-9c22-f60d67a0a20c,2026-04-29T18:15:00Z,2026-04-29T20:15:00+0200,857.76,MW,FR,FR,actual_solar_generation,Solar,2026-05-24T05:42:13Z
2026-05-24T05:41:40Z,2026-05-24T07:41:40+0200,04b1983b-7d82-4991-9c22-f60d67a0a20c,2026-04-29T18:30:00Z,2026-04-29T20:30:00+0200,557.65,MW,FR,FR,actual_solar_generation,Solar,2026-05-24T05:42:13Z
2026-05-24T05:41:40Z,2026-05-24T07:41:40+0200,04b1983b-7d82-4991-9c22-f60d67a0a20c,2026-04-29T18:45:00Z,2026-04-29T20:45:00+0200,377.64,MW,FR,FR,actual_solar_generation,Solar,2026-05-24T05:42:13Z
2026-05-24T05:41:40Z,2026-05-24T07:41:40+0200,04b1983b-7d82-4991-9c22-f60d67a0a20c,2026-04-29T19:00:00Z,2026-04-29T21:00:00+0200,260.56,MW,FR,FR,actual_solar_generation,Solar,2026-05-24T05:42:13Z
2026-05-24T05:41:40Z,2026-05-24T07:41:40+0200,04b1983b-7d82-4991-9c22-f60d67a0a20c,2026-04-29T19:15:00Z,2026-04-29T21:15:00+0200,212.43,MW,FR,FR,actual_solar_generation,Solar,2026-05-24T05:42:13Z
2026-05-24T05:41:40Z,2026-05-24T07:41:40+0200,04b1983b-7d82-4991-9c22-f60d67a0a20c,2026-04-29T19:30:00Z,2026-04-29T21:30:00+0200,208.52,MW,FR,FR,actual_solar_generation,Solar,2026-05-24T05:42:13Z
2026-05-24T05:41:40Z,2026-05-24T07:41:40+0200,04b1983b-7d82-4991-9c22-f60d67a0a20c,2026-04-29T19:45:00Z,2026-04-29T21:45:00+0200,207.41,MW,FR,FR,actual_solar_generation,Solar,2026-05-24T05:42:13Z
2026-05-24T05:41:40Z,2026-05-24T07:41:40+0200,04b1983b-7d82-4991-9c22-f60d67a0a20c,2026-04-29T20:00:00Z,2026-04-29T22:00:00+0200,0.0,MW,FR,FR,actual_solar_generation,Solar,2026-05-24T05:42:13Z
2026-05-24T05:41:40Z,2026-05-24T07:41:40+0200,04b1983b-7d82-4991-9c22-f60d67a0a20c,2026-04-29T20:15:00Z,2026-04-29T22:15:00+0200,0.0,MW,FR,FR,actual_solar_generation,Solar,2026-05-24T05:42:13Z
2026-05-24T05:41:40Z,2026-05-24T07:41:40+0200,04b1983b-7d82-4991-9c22-f60d67a0a20c,2026-04-29T20:30:00Z,2026-04-29T22:30:00+0200,0.0,MW,FR,FR,actual_solar_generation,Solar,2026-05-24T05:42:13Z
2026-05-24T05:41:40Z,2026-05-24T07:41:40+0200,04b1983b-7d82-4991-9c22-f60d67a0a20c,2026-04-29T20:45:00Z,2026-04-29T22:45:00+0200,0.0,MW,FR,FR,actual_solar_generation,Solar,2026-05-24T05:42:13Z
2026-05-24T05:41:40Z,2026-05-24T07:41:40+0200,04b1983b-7d82-4991-9c22-f60d67a0a20c,2026-04-29T21:00:00Z,2026-04-29T23:00:00+0200,0.0,MW,FR,FR,actual_solar_generation,Solar,2026-05-24T05:42:13Z
2026-05-24T05:41:40Z,2026-05-24T07:41:40+0200,04b1983b-7d82-4991-9c22-f60d67a0a20c,2026-04-29T21:15:00Z,2026-04-29T23:15:00+0200,0.0,MW,FR,FR,actual_solar_generation,Solar,2026-05-24T05:42:13Z
2026-05-24T05:41:40Z,2026-05-24T07:41:40+0200,04b1983b-7d82-4991-9c22-f60d67a0a20c,2026-04-29T21:30:00Z,2026-04-29T23:30:00+0200,0.0,MW,FR,FR,actual_solar_generation,Solar,2026-05-24T05:42:13Z
2026-05-24T05:41:40Z,2026-05-24T07:41:40+0200,04b1983b-7d82-4991-9c22-f60d67a0a20c,2026-04-29T21:45:00Z,2026-04-29T23:45:00+0200,0.0,MW,FR,FR,actual_solar_generation,Solar,2026-05-24T05:42:13Z
2026-05-24T05:41:40Z,2026-05-24T07:41:40+0200,04b1983b-7d82-4991-9c22-f60d67a0a20c,2026-04-29T22:00:00Z,2026-04-30T00:00:00+0200,0.0,MW,FR,FR,actual_solar_generation,Solar,2026-05-24T05:42:13Z
2026-05-24T05:41:40Z,2026-05-24T07:41:40+0200,04b1983b-7d82-4991-9c22-f60d67a0a20c,2026-04-29T22:15:00Z,2026-04-30T00:15:00+0200,0.0,MW,FR,FR,actual_solar_generation,Solar,2026-05-24T05:42:13Z
2026-05-24T05:41:40Z,2026-05-24T07:41:40+0200,04b1983b-7d82-4991-9c22-f60d67a0a20c,2026-04-29T22:30:00Z,2026-04-30T00:30:00+0200,0.0,MW,FR,FR,actual_solar_generation,Solar,2026-05-24T05:42:13Z
2026-05-24T05:41:40Z,2026-05-24T07:41:40+0200,04b1983b-7d82-4991-9c22-f60d67a0a20c,2026-04-29T22:45:00Z,2026-04-30T00:45:00+0200,0.0,MW,FR,FR,actual_solar_generation,Solar,2026-05-24T05:42:13Z
2026-05-24T05:41:40Z,2026-05-24T07:41:40+0200,04b1983b-7d82-4991-9c22-f60d67a0a20c,2026-04-29T23:00:00Z,2026-04-30T01:00:00+0200,0.0,MW,FR,FR,actual_solar_generation,Solar,2026-05-24T05:42:13Z
2026-05-24T05:41:40Z,2026-05-24T07:41:40+0200,04b1983b-7d82-4991-9c22-f60d67a0a20c,2026-04-29T23:15:00Z,2026-04-30T01:15:00+0200,0.0,MW,FR,FR,actual_solar_generation,Solar,2026-05-24T05:42:13Z
2026-05-24T05:41:40Z,2026-05-24T07:41:40+0200,04b1983b-7d82-4991-9c22-f60d67a0a20c,2026-04-29T23:30:00Z,2026-04-30T01:30:00+0200,0.0,MW,FR,FR,actual_solar_generation,Solar,2026-05-24T05:42:13Z
2026-05-24T05:41:40Z,2026-05-24T07:41:40+0200,04b1983b-7d82-4991-9c22-f60d67a0a20c,2026-04-29T23:45:00Z,2026-04-30T01:45:00+0200,0.0,MW,FR,FR,actual_solar_generation,Solar,2026-05-24T05:42:13Z
2026-05-24T05:41:40Z,2026-05-24T07:41:40+0200,04b1983b-7d82-4991-9c22-f60d67a0a20c,2026-04-30T00:00:00Z,2026-04-30T02:00:00+0200,0.0,MW,FR,FR,actual_solar_generation,Solar,2026-05-24T05:42:13Z
2026-05-24T05:41:40Z,2026-05-24T07:41:40+0200,04b1983b-7d82-4991-9c22-f60d67a0a20c,2026-04-30T00:15:00Z,2026-04-30T02:15:00+0200,0.0,MW,FR,FR,actual_solar_generation,Solar,2026-05-24T05:42:13Z
2026-05-24T05:41:40Z,2026-05-24T07:41:40+0200,04b1983b-7d82-4991-9c22-f60d67a0a20c,2026-04-30T00:30:00Z,2026-04-30T02:30:00+0200,0.0,MW,FR,FR,actual_solar_generation,Solar,2026-05-24T05:42:13Z
2026-05-24T05:41:40Z,2026-05-24T07:41:40+0200,04b1983b-7d82-4991-9c22-f60d67a0a20c,2026-04-30T00:45:00Z,2026-04-30T02:45:00+0200,0.0,MW,FR,FR,actual_solar_generation,Solar,2026-05-24T05:42:13Z
2026-05-24T05:41:40Z,2026-05-24T07:41:40+0200,04b1983b-7d82-4991-9c22-f60d67a0a20c,2026-04-30T01:00:00Z,2026-04-30T03:00:00+0200,0.0,MW,FR,FR,actual_solar_generation,Solar,2026-05-24T05:42:13Z
2026-05-24T05:41:40Z,2026-05-24T07:41:40+0200,04b1983b-7d82-4991-9c22-f60d67a0a20c,2026-04-30T01:15:00Z,2026-04-30T03:15:00+0200,0.0,MW,FR,FR,actual_solar_generation,Solar,2026-05-24T05:42:13Z
2026-05-24T05:41:40Z,2026-05-24T07:41:40+0200,04b1983b-7d82-4991-9c22-f60d67a0a20c,2026-04-30T01:30:00Z,2026-04-30T03:30:00+0200,0.0,MW,FR,FR,actual_solar_generation,Solar,2026-05-24T05:42:13Z
2026-05-24T05:41:40Z,2026-05-24T07:41:40+0200,04b1983b-7d82-4991-9c22-f60d67a0a20c,2026-04-30T01:45:00Z,2026-04-30T03:45:00+0200,0.0,MW,FR,FR,actual_solar_generation,Solar,2026-05-24T05:42:13Z
2026-05-24T05:41:40Z,2026-05-24T07:41:40+0200,04b1983b-7d82-4991-9c22-f60d67a0a20c,2026-04-30T02:00:00Z,2026-04-30T04:00:00+0200,0.0,MW,FR,FR,actual_solar_generation,Solar,2026-05-24T05:42:13Z
2026-05-24T05:41:40Z,2026-05-24T07:41:40+0200,04b1983b-7d82-4991-9c22-f60d67a0a20c,2026-04-30T02:15:00Z,2026-04-30T04:15:00+0200,0.0,MW,FR,FR,actual_solar_generation,Solar,2026-05-24T05:42:13Z
2026-05-24T05:41:40Z,2026-05-24T07:41:40+0200,04b1983b-7d82-4991-9c22-f60d67a0a20c,2026-04-30T02:30:00Z,2026-04-30T04:30:00+0200,0.0,MW,FR,FR,actual_solar_generation,Solar,2026-05-24T05:42:13Z
2026-05-24T05:41:40Z,2026-05-24T07:41:40+0200,04b1983b-7d82-4991-9c22-f60d67a0a20c,2026-04-30T02:45:00Z,2026-04-30T04:45:00+0200,0.0,MW,FR,FR,actual_solar_generation,Solar,2026-05-24T05:42:13Z
2026-05-24T05:41:40Z,2026-05-24T07:41:40+0200,04b1983b-7d82-4991-9c22-f60d67a0a20c,2026-04-30T03:00:00Z,2026-04-30T05:00:00+0200,0.0,MW,FR,FR,actual_solar_generation,Solar,2026-05-24T05:42:13Z
2026-05-24T05:41:40Z,2026-05-24T07:41:40+0200,04b1983b-7d82-4991-9c22-f60d67a0a20c,2026-04-30T03:15:00Z,2026-04-30T05:15:00+0200,0.0,MW,FR,FR,actual_solar_generation,Solar,2026-05-24T05:42:13Z
2026-05-24T05:41:40Z,2026-05-24T07:41:40+0200,04b1983b-7d82-4991-9c22-f60d67a0a20c,2026-04-30T03:30:00Z,2026-04-30T05:30:00+0200,0.0,MW,FR,FR,actual_solar_generation,Solar,2026-05-24T05:42:13Z
2026-05-24T05:41:40Z,2026-05-24T07:41:40+0200,04b1983b-7d82-4991-9c22-f60d67a0a20c,2026-04-30T03:45:00Z,2026-04-30T05:45:00+0200,0.0,MW,FR,FR,actual_solar_generation,Solar,2026-05-24T05:42:13Z
2026-05-24T05:41:40Z,2026-05-24T07:41:40+0200,04b1983b-7d82-4991-9c22-f60d67a0a20c,2026-04-30T04:00:00Z,2026-04-30T06:00:00+0200,211.95,MW,FR,FR,actual_solar_generation,Solar,2026-05-24T05:42:13Z
2026-05-24T05:41:40Z,2026-05-24T07:41:40+0200,04b1983b-7d82-4991-9c22-f60d67a0a20c,2026-04-30T04:15:00Z,2026-04-30T06:15:00+0200,229.54,MW,FR,FR,actual_solar_generation,Solar,2026-05-24T05:42:13Z
2026-05-24T05:41:40Z,2026-05-24T07:41:40+0200,04b1983b-7d82-4991-9c22-f60d67a0a20c,2026-04-30T04:30:00Z,2026-04-30T06:30:00+0200,273.89,MW,FR,FR,actual_solar_generation,Solar,2026-05-24T05:42:13Z
2026-05-24T05:41:40Z,2026-05-24T07:41:40+0200,04b1983b-7d82-4991-9c22-f60d67a0a20c,2026-04-30T04:45:00Z,2026-04-30T06:45:00+0200,373.77,MW,FR,FR,actual_solar_generation,Solar,2026-05-24T05:42:13Z
2026-05-24T05:41:40Z,2026-05-24T07:41:40+0200,04b1983b-7d82-4991-9c22-f60d67a0a20c,2026-04-30T05:00:00Z,2026-04-30T07:00:00+0200,538.2,MW,FR,FR,actual_solar_generation,Solar,2026-05-24T05:42:13Z
2026-05-24T05:41:40Z,2026-05-24T07:41:40+0200,04b1983b-7d82-4991-9c22-f60d67a0a20c,2026-04-30T05:15:00Z,2026-04-30T07:15:00+0200,783.02,MW,FR,FR,actual_solar_generation,Solar,2026-05-24T05:42:13Z
2026-05-24T05:41:40Z,2026-05-24T07:41:40+0200,04b1983b-7d82-4991-9c22-f60d67a0a20c,2026-04-30T05:30:00Z,2026-04-30T07:30:00+0200,1173.03,MW,FR,FR,actual_solar_generation,Solar,2026-05-24T05:42:13Z
2026-05-24T05:41:40Z,2026-05-24T07:41:40+0200,04b1983b-7d82-4991-9c22-f60d67a0a20c,2026-04-30T05:45:00Z,2026-04-30T07:45:00+0200,1732.92,MW,FR,FR,actual_solar_generation,Solar,2026-05-24T05:42:13Z
2026-05-24T05:41:40Z,2026-05-24T07:41:40+0200,04b1983b-7d82-4991-9c22-f60d67a0a20c,2026-04-30T06:00:00Z,2026-04-30T08:00:00+0200,2484.51,MW,FR,FR,actual_solar_generation,Solar,2026-05-24T05:42:13Z
2026-05-24T05:41:40Z,2026-05-24T07:41:40+0200,04b1983b-7d82-4991-9c22-f60d67a0a20c,2026-04-30T06:15:00Z,2026-04-30T08:15:00+0200,3347.96,MW,FR,FR,actual_solar_generation,Solar,2026-05-24T05:42:13Z
2026-05-24T05:41:40Z,2026-05-24T07:41:40+0200,04b1983b-7d82-4991-9c22-f60d67a0a20c,2026-04-30T06:30:00Z,2026-04-30T08:30:00+0200,4238.49,MW,FR,FR,actual_solar_generation,Solar,2026-05-24T05:42:13Z
2026-05-24T05:41:40Z,2026-05-24T07:41:40+0200,04b1983b-7d82-4991-9c22-f60d67a0a20c,2026-04-30T06:45:00Z,2026-04-30T08:45:00+0200,5180.43,MW,FR,FR,actual_solar_generation,Solar,2026-05-24T05:42:13Z
2026-05-24T05:41:40Z,2026-05-24T07:41:40+0200,04b1983b-7d82-4991-9c22-f60d67a0a20c,2026-04-30T07:00:00Z,2026-04-30T09:00:00+0200,6006.26,MW,FR,FR,actual_solar_generation,Solar,2026-05-24T05:42:13Z
2026-05-24T05:41:40Z,2026-05-24T07:41:40+0200,04b1983b-7d82-4991-9c22-f60d67a0a20c,2026-04-30T07:15:00Z,2026-04-30T09:15:00+0200,6764.28,MW,FR,FR,actual_solar_generation,Solar,2026-05-24T05:42:13Z
2026-05-24T05:41:40Z,2026-05-24T07:41:40+0200,04b1983b-7d82-4991-9c22-f60d67a0a20c,2026-04-30T07:30:00Z,2026-04-30T09:30:00+0200,7669.71,MW,FR,FR,actual_solar_generation,Solar,2026-05-24T05:42:13Z
2026-05-24T05:41:40Z,2026-05-24T07:41:40+0200,04b1983b-7d82-4991-9c22-f60d67a0a20c,2026-04-30T07:45:00Z,2026-04-30T09:45:00+0200,8610.09,MW,FR,FR,actual_solar_generation,Solar,2026-05-24T05:42:13Z
2026-05-24T05:41:40Z,2026-05-24T07:41:40+0200,04b1983b-7d82-4991-9c22-f60d67a0a20c,2026-04-30T08:00:00Z,2026-04-30T10:00:00+0200,9548.64,MW,FR,FR,actual_solar_generation,Solar,2026-05-24T05:42:13Z
2026-05-24T05:41:40Z,2026-05-24T07:41:40+0200,04b1983b-7d82-4991-9c22-f60d67a0a20c,2026-04-30T08:15:00Z,2026-04-30T10:15:00+0200,10362.87,MW,FR,FR,actual_solar_generation,Solar,2026-05-24T05:42:13Z
2026-05-24T05:41:40Z,2026-05-24T07:41:40+0200,04b1983b-7d82-4991-9c22-f60d67a0a20c,2026-04-30T08:30:00Z,2026-04-30T10:30:00+0200,10932.9,MW,FR,FR,actual_solar_generation,Solar,2026-05-24T05:42:13Z
2026-05-24T05:41:40Z,2026-05-24T07:41:40+0200,04b1983b-7d82-4991-9c22-f60d67a0a20c,2026-04-30T08:45:00Z,2026-04-30T10:45:00+0200,10452.09,MW,FR,FR,actual_solar_generation,Solar,2026-05-24T05:42:13Z
2026-05-24T05:41:40Z,2026-05-24T07:41:40+0200,04b1983b-7d82-4991-9c22-f60d67a0a20c,2026-04-30T09:00:00Z,2026-04-30T11:00:00+0200,9182.36,MW,FR,FR,actual_solar_generation,Solar,2026-05-24T05:42:13Z
2026-05-24T05:41:40Z,2026-05-24T07:41:40+0200,04b1983b-7d82-4991-9c22-f60d67a0a20c,2026-04-30T09:15:00Z,2026-04-30T11:15:00+0200,9566.05,MW,FR,FR,actual_solar_generation,Solar,2026-05-24T05:42:13Z
2026-05-24T05:41:40Z,2026-05-24T07:41:40+0200,04b1983b-7d82-4991-9c22-f60d67a0a20c,2026-04-30T09:30:00Z,2026-04-30T11:30:00+0200,9914.45,MW,FR,FR,actual_solar_generation,Solar,2026-05-24T05:42:13Z
2026-05-24T05:41:40Z,2026-05-24T07:41:40+0200,04b1983b-7d82-4991-9c22-f60d67a0a20c,2026-04-30T09:45:00Z,2026-04-30T11:45:00+0200,10351.55,MW,FR,FR,actual_solar_generation,Solar,2026-05-24T05:42:13Z
2026-05-24T05:41:40Z,2026-05-24T07:41:40+0200,04b1983b-7d82-4991-9c22-f60d67a0a20c,2026-04-30T10:00:00Z,2026-04-30T12:00:00+0200,10738.24,MW,FR,FR,actual_solar_generation,Solar,2026-05-24T05:42:13Z
2026-05-24T05:41:40Z,2026-05-24T07:41:40+0200,04b1983b-7d82-4991-9c22-f60d67a0a20c,2026-04-30T10:15:00Z,2026-04-30T12:15:00+0200,10901.64,MW,FR,FR,actual_solar_generation,Solar,2026-05-24T05:42:13Z
2026-05-24T05:41:40Z,2026-05-24T07:41:40+0200,04b1983b-7d82-4991-9c22-f60d67a0a20c,2026-04-30T10:30:00Z,2026-04-30T12:30:00+0200,11120.71,MW,FR,FR,actual_solar_generation,Solar,2026-05-24T05:42:13Z
2026-05-24T05:41:40Z,2026-05-24T07:41:40+0200,04b1983b-7d82-4991-9c22-f60d67a0a20c,2026-04-30T10:45:00Z,2026-04-30T12:45:00+0200,11425.81,MW,FR,FR,actual_solar_generation,Solar,2026-05-24T05:42:13Z
2026-05-24T05:41:40Z,2026-05-24T07:41:40+0200,04b1983b-7d82-4991-9c22-f60d67a0a20c,2026-04-30T11:00:00Z,2026-04-30T13:00:00+0200,11487.43,MW,FR,FR,actual_solar_generation,Solar,2026-05-24T05:42:13Z
2026-05-24T05:41:40Z,2026-05-24T07:41:40+0200,04b1983b-7d82-4991-9c22-f60d67a0a20c,2026-04-30T11:15:00Z,2026-04-30T13:15:00+0200,11444.5,MW,FR,FR,actual_solar_generation,Solar,2026-05-24T05:42:13Z
2026-05-24T05:41:40Z,2026-05-24T07:41:40+0200,04b1983b-7d82-4991-9c22-f60d67a0a20c,2026-04-30T11:30:00Z,2026-04-30T13:30:00+0200,11389.5,MW,FR,FR,actual_solar_generation,Solar,2026-05-24T05:42:13Z
2026-05-24T05:41:40Z,2026-05-24T07:41:40+0200,04b1983b-7d82-4991-9c22-f60d67a0a20c,2026-04-30T11:45:00Z,2026-04-30T13:45:00+0200,11347.05,MW,FR,FR,actual_solar_generation,Solar,2026-05-24T05:42:13Z
2026-05-24T05:41:40Z,2026-05-24T07:41:40+0200,04b1983b-7d82-4991-9c22-f60d67a0a20c,2026-04-30T12:00:00Z,2026-04-30T14:00:00+0200,11247.14,MW,FR,FR,actual_solar_generation,Solar,2026-05-24T05:42:13Z
2026-05-24T05:41:40Z,2026-05-24T07:41:40+0200,04b1983b-7d82-4991-9c22-f60d67a0a20c,2026-04-30T12:15:00Z,2026-04-30T14:15:00+0200,11171.27,MW,FR,FR,actual_solar_generation,Solar,2026-05-24T05:42:13Z
2026-05-24T05:41:40Z,2026-05-24T07:41:40+0200,04b1983b-7d82-4991-9c22-f60d67a0a20c,2026-04-30T12:30:00Z,2026-04-30T14:30:00+0200,11037.52,MW,FR,FR,actual_solar_generation,Solar,2026-05-24T05:42:13Z
2026-05-24T05:41:40Z,2026-05-24T07:41:40+0200,04b1983b-7d82-4991-9c22-f60d67a0a20c,2026-04-30T12:45:00Z,2026-04-30T14:45:00+0200,10934.46,MW,FR,FR,actual_solar_generation,Solar,2026-05-24T05:42:13Z
2026-05-24T05:41:40Z,2026-05-24T07:41:40+0200,04b1983b-7d82-4991-9c22-f60d67a0a20c,2026-04-30T13:00:00Z,2026-04-30T15:00:00+0200,10600.35,MW,FR,FR,actual_solar_generation,Solar,2026-05-24T05:42:13Z
2026-05-24T05:41:40Z,2026-05-24T07:41:40+0200,04b1983b-7d82-4991-9c22-f60d67a0a20c,2026-04-30T13:15:00Z,2026-04-30T15:15:00+0200,10177.9,MW,FR,FR,actual_solar_generation,Solar,2026-05-24T05:42:13Z
2026-05-24T05:41:40Z,2026-05-24T07:41:40+0200,04b1983b-7d82-4991-9c22-f60d67a0a20c,2026-04-30T13:30:00Z,2026-04-30T15:30:00+0200,9904.26,MW,FR,FR,actual_solar_generation,Solar,2026-05-24T05:42:13Z
2026-05-24T05:41:40Z,2026-05-24T07:41:40+0200,04b1983b-7d82-4991-9c22-f60d67a0a20c,2026-04-30T13:45:00Z,2026-04-30T15:45:00+0200,9526.6,MW,FR,FR,actual_solar_generation,Solar,2026-05-24T05:42:13Z
2026-05-24T05:41:40Z,2026-05-24T07:41:40+0200,04b1983b-7d82-4991-9c22-f60d67a0a20c,2026-04-30T14:00:00Z,2026-04-30T16:00:00+0200,9164.09,MW,FR,FR,actual_solar_generation,Solar,2026-05-24T05:42:13Z
2026-05-24T05:41:40Z,2026-05-24T07:41:40+0200,04b1983b-7d82-4991-9c22-f60d67a0a20c,2026-04-30T14:15:00Z,2026-04-30T16:15:00+0200,8736.51,MW,FR,FR,actual_solar_generation,Solar,2026-05-24T05:42:13Z
2026-05-24T05:41:40Z,2026-05-24T07:41:40+0200,04b1983b-7d82-4991-9c22-f60d67a0a20c,2026-04-30T14:30:00Z,2026-04-30T16:30:00+0200,8538.41,MW,FR,FR,actual_solar_generation,Solar,2026-05-24T05:42:13Z
2026-05-24T05:41:40Z,2026-05-24T07:41:40+0200,04b1983b-7d82-4991-9c22-f60d67a0a20c,2026-04-30T14:45:00Z,2026-04-30T16:45:00+0200,8204.96,MW,FR,FR,actual_solar_generation,Solar,2026-05-24T05:42:13Z
2026-05-24T05:41:40Z,2026-05-24T07:41:40+0200,04b1983b-7d82-4991-9c22-f60d67a0a20c,2026-04-30T15:00:00Z,2026-04-30T17:00:00+0200,8491.94,MW,FR,FR,actual_solar_generation,Solar,2026-05-24T05:42:13Z
2026-05-24T05:41:40Z,2026-05-24T07:41:40+0200,04b1983b-7d82-4991-9c22-f60d67a0a20c,2026-04-30T15:15:00Z,2026-04-30T17:15:00+0200,9193.91,MW,FR,FR,actual_solar_generation,Solar,2026-05-24T05:42:13Z
2026-05-24T05:41:40Z,2026-05-24T07:41:40+0200,04b1983b-7d82-4991-9c22-f60d67a0a20c,2026-04-30T15:30:00Z,2026-04-30T17:30:00+0200,8640.72,MW,FR,FR,actual_solar_generation,Solar,2026-05-24T05:42:13Z
2026-05-24T05:41:40Z,2026-05-24T07:41:40+0200,04b1983b-7d82-4991-9c22-f60d67a0a20c,2026-04-30T15:45:00Z,2026-04-30T17:45:00+0200,7829.09,MW,FR,FR,actual_solar_generation,Solar,2026-05-24T05:42:13Z
2026-05-24T05:41:40Z,2026-05-24T07:41:40+0200,04b1983b-7d82-4991-9c22-f60d67a0a20c,2026-04-30T16:00:00Z,2026-04-30T18:00:00+0200,6953.14,MW,FR,FR,actual_solar_generation,Solar,2026-05-24T05:42:13Z
2026-05-24T05:41:40Z,2026-05-24T07:41:40+0200,04b1983b-7d82-4991-9c22-f60d67a0a20c,2026-04-30T16:15:00Z,2026-04-30T18:15:00+0200,6074.86,MW,FR,FR,actual_solar_generation,Solar,2026-05-24T05:42:13Z
2026-05-24T05:41:40Z,2026-05-24T07:41:40+0200,04b1983b-7d82-4991-9c22-f60d67a0a20c,2026-04-30T16:30:00Z,2026-04-30T18:30:00+0200,5237.86,MW,FR,FR,actual_solar_generation,Solar,2026-05-24T05:42:13Z
2026-05-24T05:41:40Z,2026-05-24T07:41:40+0200,04b1983b-7d82-4991-9c22-f60d67a0a20c,2026-04-30T16:45:00Z,2026-04-30T18:45:00+0200,4390.38,MW,FR,FR,actual_solar_generation,Solar,2026-05-24T05:42:13Z
2026-05-24T05:41:40Z,2026-05-24T07:41:40+0200,04b1983b-7d82-4991-9c22-f60d67a0a20c,2026-04-30T17:00:00Z,2026-04-30T19:00:00+0200,3600.77,MW,FR,FR,actual_solar_generation,Solar,2026-05-24T05:42:13Z
2026-05-24T05:41:40Z,2026-05-24T07:41:40+0200,04b1983b-7d82-4991-9c22-f60d67a0a20c,2026-04-30T17:15:00Z,2026-04-30T19:15:00+0200,2956.59,MW,FR,FR,actual_solar_generation,Solar,2026-05-24T05:42:13Z
2026-05-24T05:41:40Z,2026-05-24T07:41:40+0200,04b1983b-7d82-4991-9c22-f60d67a0a20c,2026-04-30T17:30:00Z,2026-04-30T19:30:00+0200,2309.51,MW,FR,FR,actual_solar_generation,Solar,2026-05-24T05:42:13Z
2026-05-24T05:41:40Z,2026-05-24T07:41:40+0200,04b1983b-7d82-4991-9c22-f60d67a0a20c,2026-04-30T17:45:00Z,2026-04-30T19:45:00+0200,1764.35,MW,FR,FR,actual_solar_generation,Solar,2026-05-24T05:42:13Z
2026-05-24T05:41:40Z,2026-05-24T07:41:40+0200,04b1983b-7d82-4991-9c22-f60d67a0a20c,2026-04-30T18:00:00Z,2026-04-30T20:00:00+0200,1276.23,MW,FR,FR,actual_solar_generation,Solar,2026-05-24T05:42:13Z
2026-05-24T05:41:40Z,2026-05-24T07:41:40+0200,04b1983b-7d82-4991-9c22-f60d67a0a20c,2026-04-30T18:15:00Z,2026-04-30T20:15:00+0200,898.12,MW,FR,FR,actual_solar_generation,Solar,2026-05-24T05:42:13Z
2026-05-24T05:41:40Z,2026-05-24T07:41:40+0200,04b1983b-7d82-4991-9c22-f60d67a0a20c,2026-04-30T18:30:00Z,2026-04-30T20:30:00+0200,609.18,MW,FR,FR,actual_solar_generation,Solar,2026-05-24T05:42:13Z
2026-05-24T05:41:40Z,2026-05-24T07:41:40+0200,04b1983b-7d82-4991-9c22-f60d67a0a20c,2026-04-30T18:45:00Z,2026-04-30T20:45:00+0200,416.14,MW,FR,FR,actual_solar_generation,Solar,2026-05-24T05:42:13Z
2026-05-24T05:41:40Z,2026-05-24T07:41:40+0200,04b1983b-7d82-4991-9c22-f60d67a0a20c,2026-04-30T19:00:00Z,2026-04-30T21:00:00+0200,0.0,MW,FR,FR,actual_solar_generation,Solar,2026-05-24T05:42:13Z
2026-05-24T05:41:40Z,2026-05-24T07:41:40+0200,04b1983b-7d82-4991-9c22-f60d67a0a20c,2026-04-30T19:15:00Z,2026-04-30T21:15:00+0200,0.0,MW,FR,FR,actual_solar_generation,Solar,2026-05-24T05:42:13Z
2026-05-24T05:41:40Z,2026-05-24T07:41:40+0200,04b1983b-7d82-4991-9c22-f60d67a0a20c,2026-04-30T19:30:00Z,2026-04-30T21:30:00+0200,0.0,MW,FR,FR,actual_solar_generation,Solar,2026-05-24T05:42:13Z
2026-05-24T05:41:40Z,2026-05-24T07:41:40+0200,04b1983b-7d82-4991-9c22-f60d67a0a20c,2026-04-30T19:45:00Z,2026-04-30T21:45:00+0200,0.0,MW,FR,FR,actual_solar_generation,Solar,2026-05-24T05:42:13Z
2026-05-24T05:41:40Z,2026-05-24T07:41:40+0200,04b1983b-7d82-4991-9c22-f60d67a0a20c,2026-04-30T20:00:00Z,2026-04-30T22:00:00+0200,0.0,MW,FR,FR,actual_solar_generation,Solar,2026-05-24T05:42:13Z
2026-05-24T05:41:40Z,2026-05-24T07:41:40+0200,04b1983b-7d82-4991-9c22-f60d67a0a20c,2026-04-30T20:15:00Z,2026-04-30T22:15:00+0200,0.0,MW,FR,FR,actual_solar_generation,Solar,2026-05-24T05:42:13Z
2026-05-24T05:41:40Z,2026-05-24T07:41:40+0200,04b1983b-7d82-4991-9c22-f60d67a0a20c,2026-04-30T20:30:00Z,2026-04-30T22:30:00+0200,0.0,MW,FR,FR,actual_solar_generation,Solar,2026-05-24T05:42:13Z
2026-05-24T05:41:40Z,2026-05-24T07:41:40+0200,04b1983b-7d82-4991-9c22-f60d67a0a20c,2026-04-30T20:45:00Z,2026-04-30T22:45:00+0200,0.0,MW,FR,FR,actual_solar_generation,Solar,2026-05-24T05:42:13Z
2026-05-24T05:41:40Z,2026-05-24T07:41:40+0200,04b1983b-7d82-4991-9c22-f60d67a0a20c,2026-04-30T21:00:00Z,2026-04-30T23:00:00+0200,0.0,MW,FR,FR,actual_solar_generation,Solar,2026-05-24T05:42:13Z
2026-05-24T05:41:40Z,2026-05-24T07:41:40+0200,04b1983b-7d82-4991-9c22-f60d67a0a20c,2026-04-30T21:15:00Z,2026-04-30T23:15:00+0200,0.0,MW,FR,FR,actual_solar_generation,Solar,2026-05-24T05:42:13Z
2026-05-24T05:41:40Z,2026-05-24T07:41:40+0200,04b1983b-7d82-4991-9c22-f60d67a0a20c,2026-04-30T21:30:00Z,2026-04-30T23:30:00+0200,0.0,MW,FR,FR,actual_solar_generation,Solar,2026-05-24T05:42:13Z
2026-05-24T05:41:40Z,2026-05-24T07:41:40+0200,04b1983b-7d82-4991-9c22-f60d67a0a20c,2026-04-30T21:45:00Z,2026-04-30T23:45:00+0200,0.0,MW,FR,FR,actual_solar_generation,Solar,2026-05-24T05:42:13Z
2026-05-24T05:41:40Z,2026-05-24T07:41:40+0200,04b1983b-7d82-4991-9c22-f60d67a0a20c,2026-04-30T22:00:00Z,2026-05-01T00:00:00+0200,0.0,MW,FR,FR,actual_solar_generation,Solar,2026-05-24T05:42:13Z
2026-05-24T05:41:40Z,2026-05-24T07:41:40+0200,04b1983b-7d82-4991-9c22-f60d67a0a20c,2026-04-30T22:15:00Z,2026-05-01T00:15:00+0200,0.0,MW,FR,FR,actual_solar_generation,Solar,2026-05-24T05:42:13Z
2026-05-24T05:41:40Z,2026-05-24T07:41:40+0200,04b1983b-7d82-4991-9c22-f60d67a0a20c,2026-04-30T22:30:00Z,2026-05-01T00:30:00+0200,0.0,MW,FR,FR,actual_solar_generation,Solar,2026-05-24T05:42:13Z
2026-05-24T05:41:40Z,2026-05-24T07:41:40+0200,04b1983b-7d82-4991-9c22-f60d67a0a20c,2026-04-30T22:45:00Z,2026-05-01T00:45:00+0200,0.0,MW,FR,FR,actual_solar_generation,Solar,2026-05-24T05:42:13Z
2026-05-24T05:41:40Z,2026-05-24T07:41:40+0200,04b1983b-7d82-4991-9c22-f60d67a0a20c,2026-04-30T23:00:00Z,2026-05-01T01:00:00+0200,0.0,MW,FR,FR,actual_solar_generation,Solar,2026-05-24T05:42:13Z
2026-05-24T05:41:40Z,2026-05-24T07:41:40+0200,04b1983b-7d82-4991-9c22-f60d67a0a20c,2026-04-30T23:15:00Z,2026-05-01T01:15:00+0200,0.0,MW,FR,FR,actual_solar_generation,Solar,2026-05-24T05:42:13Z
2026-05-24T05:41:40Z,2026-05-24T07:41:40+0200,04b1983b-7d82-4991-9c22-f60d67a0a20c,2026-04-30T23:30:00Z,2026-05-01T01:30:00+0200,0.0,MW,FR,FR,actual_solar_generation,Solar,2026-05-24T05:42:13Z
2026-05-24T05:41:40Z,2026-05-24T07:41:40+0200,04b1983b-7d82-4991-9c22-f60d67a0a20c,2026-04-30T23:45:00Z,2026-05-01T01:45:00+0200,0.0,MW,FR,FR,actual_solar_generation,Solar,2026-05-24T05:42:13Z
2026-05-24T05:41:40Z,2026-05-24T07:41:40+0200,04b1983b-7d82-4991-9c22-f60d67a0a20c,2026-05-01T00:00:00Z,2026-05-01T02:00:00+0200,0.0,MW,FR,FR,actual_solar_generation,Solar,2026-05-24T05:42:13Z
2026-05-24T05:41:40Z,2026-05-24T07:41:40+0200,04b1983b-7d82-4991-9c22-f60d67a0a20c,2026-05-01T00:15:00Z,2026-05-01T02:15:00+0200,0.0,MW,FR,FR,actual_solar_generation,Solar,2026-05-24T05:42:13Z
2026-05-24T05:41:40Z,2026-05-24T07:41:40+0200,04b1983b-7d82-4991-9c22-f60d67a0a20c,2026-05-01T00:30:00Z,2026-05-01T02:30:00+0200,0.0,MW,FR,FR,actual_solar_generation,Solar,2026-05-24T05:42:13Z
2026-05-24T05:41:40Z,2026-05-24T07:41:40+0200,04b1983b-7d82-4991-9c22-f60d67a0a20c,2026-05-01T00:45:00Z,2026-05-01T02:45:00+0200,0.0,MW,FR,FR,actual_solar_generation,Solar,2026-05-24T05:42:13Z
2026-05-24T05:41:40Z,2026-05-24T07:41:40+0200,04b1983b-7d82-4991-9c22-f60d67a0a20c,2026-05-01T01:00:00Z,2026-05-01T03:00:00+0200,0.0,MW,FR,FR,actual_solar_generation,Solar,2026-05-24T05:42:13Z
2026-05-24T05:41:40Z,2026-05-24T07:41:40+0200,04b1983b-7d82-4991-9c22-f60d67a0a20c,2026-05-01T01:15:00Z,2026-05-01T03:15:00+0200,0.0,MW,FR,FR,actual_solar_generation,Solar,2026-05-24T05:42:13Z
2026-05-24T05:41:40Z,2026-05-24T07:41:40+0200,04b1983b-7d82-4991-9c22-f60d67a0a20c,2026-05-01T01:30:00Z,2026-05-01T03:30:00+0200,0.0,MW,FR,FR,actual_solar_generation,Solar,2026-05-24T05:42:13Z
2026-05-24T05:41:40Z,2026-05-24T07:41:40+0200,04b1983b-7d82-4991-9c22-f60d67a0a20c,2026-05-01T01:45:00Z,2026-05-01T03:45:00+0200,0.0,MW,FR,FR,actual_solar_generation,Solar,2026-05-24T05:42:13Z
2026-05-24T05:41:40Z,2026-05-24T07:41:40+0200,04b1983b-7d82-4991-9c22-f60d67a0a20c,2026-05-01T02:00:00Z,2026-05-01T04:00:00+0200,0.0,MW,FR,FR,actual_solar_generation,Solar,2026-05-24T05:42:13Z
2026-05-24T05:41:40Z,2026-05-24T07:41:40+0200,04b1983b-7d82-4991-9c22-f60d67a0a20c,2026-05-01T02:15:00Z,2026-05-01T04:15:00+0200,0.0,MW,FR,FR,actual_solar_generation,Solar,2026-05-24T05:42:13Z
2026-05-24T05:41:40Z,2026-05-24T07:41:40+0200,04b1983b-7d82-4991-9c22-f60d67a0a20c,2026-05-01T02:30:00Z,2026-05-01T04:30:00+0200,0.0,MW,FR,FR,actual_solar_generation,Solar,2026-05-24T05:42:13Z
2026-05-24T05:41:40Z,2026-05-24T07:41:40+0200,04b1983b-7d82-4991-9c22-f60d67a0a20c,2026-05-01T02:45:00Z,2026-05-01T04:45:00+0200,0.0,MW,FR,FR,actual_solar_generation,Solar,2026-05-24T05:42:13Z
2026-05-24T05:41:40Z,2026-05-24T07:41:40+0200,04b1983b-7d82-4991-9c22-f60d67a0a20c,2026-05-01T03:00:00Z,2026-05-01T05:00:00+0200,0.0,MW,FR,FR,actual_solar_generation,Solar,2026-05-24T05:42:13Z
2026-05-24T05:41:40Z,2026-05-24T07:41:40+0200,04b1983b-7d82-4991-9c22-f60d67a0a20c,2026-05-01T03:15:00Z,2026-05-01T05:15:00+0200,0.0,MW,FR,FR,actual_solar_generation,Solar,2026-05-24T05:42:13Z
2026-05-24T05:41:40Z,2026-05-24T07:41:40+0200,04b1983b-7d82-4991-9c22-f60d67a0a20c,2026-05-01T03:30:00Z,2026-05-01T05:30:00+0200,0.0,MW,FR,FR,actual_solar_generation,Solar,2026-05-24T05:42:13Z
2026-05-24T05:41:40Z,2026-05-24T07:41:40+0200,04b1983b-7d82-4991-9c22-f60d67a0a20c,2026-05-01T03:45:00Z,2026-05-01T05:45:00+0200,0.0,MW,FR,FR,actual_solar_generation,Solar,2026-05-24T05:42:13Z
2026-05-24T05:41:40Z,2026-05-24T07:41:40+0200,04b1983b-7d82-4991-9c22-f60d67a0a20c,2026-05-01T04:00:00Z,2026-05-01T06:00:00+0200,224.89,MW,FR,FR,actual_solar_generation,Solar,2026-05-24T05:42:13Z
2026-05-24T05:41:40Z,2026-05-24T07:41:40+0200,04b1983b-7d82-4991-9c22-f60d67a0a20c,2026-05-01T04:15:00Z,2026-05-01T06:15:00+0200,229.6,MW,FR,FR,actual_solar_generation,Solar,2026-05-24T05:42:13Z
2026-05-24T05:41:40Z,2026-05-24T07:41:40+0200,04b1983b-7d82-4991-9c22-f60d67a0a20c,2026-05-01T04:30:00Z,2026-05-01T06:30:00+0200,274.67,MW,FR,FR,actual_solar_generation,Solar,2026-05-24T05:42:13Z
2026-05-24T05:41:40Z,2026-05-24T07:41:40+0200,04b1983b-7d82-4991-9c22-f60d67a0a20c,2026-05-01T04:45:00Z,2026-05-01T06:45:00+0200,381.62,MW,FR,FR,actual_solar_generation,Solar,2026-05-24T05:42:13Z
2026-05-24T05:41:40Z,2026-05-24T07:41:40+0200,04b1983b-7d82-4991-9c22-f60d67a0a20c,2026-05-01T05:00:00Z,2026-05-01T07:00:00+0200,542.73,MW,FR,FR,actual_solar_generation,Solar,2026-05-24T05:42:13Z
2026-05-24T05:41:40Z,2026-05-24T07:41:40+0200,04b1983b-7d82-4991-9c22-f60d67a0a20c,2026-05-01T05:15:00Z,2026-05-01T07:15:00+0200,797.87,MW,FR,FR,actual_solar_generation,Solar,2026-05-24T05:42:13Z
2026-05-24T05:41:40Z,2026-05-24T07:41:40+0200,04b1983b-7d82-4991-9c22-f60d67a0a20c,2026-05-01T05:30:00Z,2026-05-01T07:30:00+0200,1180.9,MW,FR,FR,actual_solar_generation,Solar,2026-05-24T05:42:13Z
2026-05-24T05:41:40Z,2026-05-24T07:41:40+0200,04b1983b-7d82-4991-9c22-f60d67a0a20c,2026-05-01T05:45:00Z,2026-05-01T07:45:00+0200,1759.72,MW,FR,FR,actual_solar_generation,Solar,2026-05-24T05:42:13Z
2026-05-24T05:41:40Z,2026-05-24T07:41:40+0200,04b1983b-7d82-4991-9c22-f60d67a0a20c,2026-05-01T06:00:00Z,2026-05-01T08:00:00+0200,2484.18,MW,FR,FR,actual_solar_generation,Solar,2026-05-24T05:42:13Z
2026-05-24T05:41:40Z,2026-05-24T07:41:40+0200,04b1983b-7d82-4991-9c22-f60d67a0a20c,2026-05-01T06:15:00Z,2026-05-01T08:15:00+0200,3277.2,MW,FR,FR,actual_solar_generation,Solar,2026-05-24T05:42:13Z
2026-05-24T05:41:40Z,2026-05-24T07:41:40+0200,04b1983b-7d82-4991-9c22-f60d67a0a20c,2026-05-01T06:30:00Z,2026-05-01T08:30:00+0200,4097.22,MW,FR,FR,actual_solar_generation,Solar,2026-05-24T05:42:13Z
2026-05-24T05:41:40Z,2026-05-24T07:41:40+0200,04b1983b-7d82-4991-9c22-f60d67a0a20c,2026-05-01T06:45:00Z,2026-05-01T08:45:00+0200,4986.06,MW,FR,FR,actual_solar_generation,Solar,2026-05-24T05:42:13Z
2026-05-24T05:41:40Z,2026-05-24T07:41:40+0200,04b1983b-7d82-4991-9c22-f60d67a0a20c,2026-05-01T07:00:00Z,2026-05-01T09:00:00+0200,5817.65,MW,FR,FR,actual_solar_generation,Solar,2026-05-24T05:42:13Z
2026-05-24T05:41:40Z,2026-05-24T07:41:40+0200,04b1983b-7d82-4991-9c22-f60d67a0a20c,2026-05-01T07:15:00Z,2026-05-01T09:15:00+0200,6227.73,MW,FR,FR,actual_solar_generation,Solar,2026-05-24T05:42:13Z
2026-05-24T05:41:40Z,2026-05-24T07:41:40+0200,04b1983b-7d82-4991-9c22-f60d67a0a20c,2026-05-01T07:30:00Z,2026-05-01T09:30:00+0200,6040.49,MW,FR,FR,actual_solar_generation,Solar,2026-05-24T05:42:13Z
2026-05-24T05:41:40Z,2026-05-24T07:41:40+0200,04b1983b-7d82-4991-9c22-f60d67a0a20c,2026-05-01T07:45:00Z,2026-05-01T09:45:00+0200,6391.55,MW,FR,FR,actual_solar_generation,Solar,2026-05-24T05:42:13Z
2026-05-24T05:41:40Z,2026-05-24T07:41:40+0200,04b1983b-7d82-4991-9c22-f60d67a0a20c,2026-05-01T08:00:00Z,2026-05-01T10:00:00+0200,7125.92,MW,FR,FR,actual_solar_generation,Solar,2026-05-24T05:42:13Z
2026-05-24T05:41:40Z,2026-05-24T07:41:40+0200,04b1983b-7d82-4991-9c22-f60d67a0a20c,2026-05-01T08:15:00Z,2026-05-01T10:15:00+0200,7855.9,MW,FR,FR,actual_solar_generation,Solar,2026-05-24T05:42:13Z
2026-05-24T05:41:40Z,2026-05-24T07:41:40+0200,04b1983b-7d82-4991-9c22-f60d67a0a20c,2026-05-01T08:30:00Z,2026-05-01T10:30:00+0200,8431.73,MW,FR,FR,actual_solar_generation,Solar,2026-05-24T05:42:13Z
2026-05-24T05:41:40Z,2026-05-24T07:41:40+0200,04b1983b-7d82-4991-9c22-f60d67a0a20c,2026-05-01T08:45:00Z,2026-05-01T10:45:00+0200,9086.85,MW,FR,FR,actual_solar_generation,Solar,2026-05-24T05:42:13Z
2026-05-24T05:41:40Z,2026-05-24T07:41:40+0200,04b1983b-7d82-4991-9c22-f60d67a0a20c,2026-05-01T09:00:00Z,2026-05-01T11:00:00+0200,9720.3,MW,FR,FR,actual_solar_generation,Solar,2026-05-24T05:42:13Z
2026-05-24T05:41:40Z,2026-05-24T07:41:40+0200,04b1983b-7d82-4991-9c22-f60d67a0a20c,2026-05-01T09:15:00Z,2026-05-01T11:15:00+0200,10335.01,MW,FR,FR,actual_solar_generation,Solar,2026-05-24T05:42:13Z
2026-05-24T05:41:40Z,2026-05-24T07:41:40+0200,04b1983b-7d82-4991-9c22-f60d67a0a20c,2026-05-01T09:30:00Z,2026-05-01T11:30:00+0200,10880.76,MW,FR,FR,actual_solar_generation,Solar,2026-05-24T05:42:13Z
2026-05-24T05:41:40Z,2026-05-24T07:41:40+0200,04b1983b-7d82-4991-9c22-f60d67a0a20c,2026-05-01T09:45:00Z,2026-05-01T11:45:00+0200,11102.39,MW,FR,FR,actual_solar_generation,Solar,2026-05-24T05:42:13Z
2026-05-24T05:41:40Z,2026-05-24T07:41:40+0200,04b1983b-7d82-4991-9c22-f60d67a0a20c,2026-05-01T10:00:00Z,2026-05-01T12:00:00+0200,11463.78,MW,FR,FR,actual_solar_generation,Solar,2026-05-24T05:42:13Z
2026-05-24T05:41:40Z,2026-05-24T07:41:40+0200,04b1983b-7d82-4991-9c22-f60d67a0a20c,2026-05-01T10:15:00Z,2026-05-01T12:15:00+0200,11723.77,MW,FR,FR,actual_solar_generation,Solar,2026-05-24T05:42:13Z
2026-05-24T05:41:40Z,2026-05-24T07:41:40+0200,04b1983b-7d82-4991-9c22-f60d67a0a20c,2026-05-01T10:30:00Z,2026-05-01T12:30:00+0200,11964.03,MW,FR,FR,actual_solar_generation,Solar,2026-05-24T05:42:13Z
2026-05-24T05:41:40Z,2026-05-24T07:41:40+0200,04b1983b-7d82-4991-9c22-f60d67a0a20c,2026-05-01T10:45:00Z,2026-05-01T12:45:00+0200,12061.42,MW,FR,FR,actual_solar_generation,Solar,2026-05-24T05:42:13Z
2026-05-24T05:41:40Z,2026-05-24T07:41:40+0200,04b1983b-7d82-4991-9c22-f60d67a0a20c,2026-05-01T11:00:00Z,2026-05-01T13:00:00+0200,12272.66,MW,FR,FR,actual_solar_generation,Solar,2026-05-24T05:42:13Z
2026-05-24T05:41:40Z,2026-05-24T07:41:40+0200,04b1983b-7d82-4991-9c22-f60d67a0a20c,2026-05-01T11:15:00Z,2026-05-01T13:15:00+0200,12440.13,MW,FR,FR,actual_solar_generation,Solar,2026-05-24T05:42:13Z
2026-05-24T05:41:40Z,2026-05-24T07:41:40+0200,04b1983b-7d82-4991-9c22-f60d67a0a20c,2026-05-01T11:30:00Z,2026-05-01T13:30:00+0200,12581.09,MW,FR,FR,actual_solar_generation,Solar,2026-05-24T05:42:13Z
2026-05-24T05:41:40Z,2026-05-24T07:41:40+0200,04b1983b-7d82-4991-9c22-f60d67a0a20c,2026-05-01T11:45:00Z,2026-05-01T13:45:00+0200,12680.2,MW,FR,FR,actual_solar_generation,Solar,2026-05-24T05:42:13Z
2026-05-24T05:41:40Z,2026-05-24T07:41:40+0200,04b1983b-7d82-4991-9c22-f60d67a0a20c,2026-05-01T12:00:00Z,2026-05-01T14:00:00+0200,12663.78,MW,FR,FR,actual_solar_generation,Solar,2026-05-24T05:42:13Z
2026-05-24T05:41:40Z,2026-05-24T07:41:40+0200,04b1983b-7d82-4991-9c22-f60d67a0a20c,2026-05-01T12:15:00Z,2026-05-01T14:15:00+0200,12539.16,MW,FR,FR,actual_solar_generation,Solar,2026-05-24T05:42:13Z
2026-05-24T05:41:40Z,2026-05-24T07:41:40+0200,04b1983b-7d82-4991-9c22-f60d67a0a20c,2026-05-01T12:30:00Z,2026-05-01T14:30:00+0200,12578.32,MW,FR,FR,actual_solar_generation,Solar,2026-05-24T05:42:13Z
2026-05-24T05:41:40Z,2026-05-24T07:41:40+0200,04b1983b-7d82-4991-9c22-f60d67a0a20c,2026-05-01T12:45:00Z,2026-05-01T14:45:00+0200,12580.6,MW,FR,FR,actual_solar_generation,Solar,2026-05-24T05:42:13Z
2026-05-24T05:41:40Z,2026-05-24T07:41:40+0200,04b1983b-7d82-4991-9c22-f60d67a0a20c,2026-05-01T13:00:00Z,2026-05-01T15:00:00+0200,12460.37,MW,FR,FR,actual_solar_generation,Solar,2026-05-24T05:42:13Z
2026-05-24T05:41:40Z,2026-05-24T07:41:40+0200,04b1983b-7d82-4991-9c22-f60d67a0a20c,2026-05-01T13:15:00Z,2026-05-01T15:15:00+0200,12246.37,MW,FR,FR,actual_solar_generation,Solar,2026-05-24T05:42:13Z
2026-05-24T05:41:40Z,2026-05-24T07:41:40+0200,04b1983b-7d82-4991-9c22-f60d67a0a20c,2026-05-01T13:30:00Z,2026-05-01T15:30:00+0200,11849.12,MW,FR,FR,actual_solar_generation,Solar,2026-05-24T05:42:13Z
2026-05-24T05:41:40Z,2026-05-24T07:41:40+0200,04b1983b-7d82-4991-9c22-f60d67a0a20c,2026-05-01T13:45:00Z,2026-05-01T15:45:00+0200,11552.27,MW,FR,FR,actual_solar_generation,Solar,2026-05-24T05:42:13Z
2026-05-24T05:41:40Z,2026-05-24T07:41:40+0200,04b1983b-7d82-4991-9c22-f60d67a0a20c,2026-05-01T14:00:00Z,2026-05-01T16:00:00+0200,11157.21,MW,FR,FR,actual_solar_generation,Solar,2026-05-24T05:42:13Z
2026-05-24T05:41:40Z,2026-05-24T07:41:40+0200,04b1983b-7d82-4991-9c22-f60d67a0a20c,2026-05-01T14:15:00Z,2026-05-01T16:15:00+0200,10810.47,MW,FR,FR,actual_solar_generation,Solar,2026-05-24T05:42:13Z
2026-05-24T05:41:40Z,2026-05-24T07:41:40+0200,04b1983b-7d82-4991-9c22-f60d67a0a20c,2026-05-01T14:30:00Z,2026-05-01T16:30:00+0200,10327.79,MW,FR,FR,actual_solar_generation,Solar,2026-05-24T05:42:13Z
2026-05-24T05:41:40Z,2026-05-24T07:41:40+0200,04b1983b-7d82-4991-9c22-f60d67a0a20c,2026-05-01T14:45:00Z,2026-05-01T16:45:00+0200,9634.23,MW,FR,FR,actual_solar_generation,Solar,2026-05-24T05:42:13Z
2026-05-24T05:41:40Z,2026-05-24T07:41:40+0200,04b1983b-7d82-4991-9c22-f60d67a0a20c,2026-05-01T15:00:00Z,2026-05-01T17:00:00+0200,8970.35,MW,FR,FR,actual_solar_generation,Solar,2026-05-24T05:42:13Z
2026-05-24T05:41:40Z,2026-05-24T07:41:40+0200,04b1983b-7d82-4991-9c22-f60d67a0a20c,2026-05-01T15:15:00Z,2026-05-01T17:15:00+0200,8724.34,MW,FR,FR,actual_solar_generation,Solar,2026-05-24T05:42:13Z
2026-05-24T05:41:40Z,2026-05-24T07:41:40+0200,04b1983b-7d82-4991-9c22-f60d67a0a20c,2026-05-01T15:30:00Z,2026-05-01T17:30:00+0200,9381.14,MW,FR,FR,actual_solar_generation,Solar,2026-05-24T05:42:13Z
2026-05-24T05:41:40Z,2026-05-24T07:41:40+0200,04b1983b-7d82-4991-9c22-f60d67a0a20c,2026-05-01T15:45:00Z,2026-05-01T17:45:00+0200,9666.81,MW,FR,FR,actual_solar_generation,Solar,2026-05-24T05:42:13Z
2026-05-24T05:41:40Z,2026-05-24T07:41:40+0200,04b1983b-7d82-4991-9c22-f60d67a0a20c,2026-05-01T16:00:00Z,2026-05-01T18:00:00+0200,8870.23,MW,FR,FR,actual_solar_generation,Solar,2026-05-24T05:42:13Z
2026-05-24T05:41:40Z,2026-05-24T07:41:40+0200,04b1983b-7d82-4991-9c22-f60d67a0a20c,2026-05-01T16:15:00Z,2026-05-01T18:15:00+0200,7916.83,MW,FR,FR,actual_solar_generation,Solar,2026-05-24T05:42:13Z
2026-05-24T05:41:40Z,2026-05-24T07:41:40+0200,04b1983b-7d82-4991-9c22-f60d67a0a20c,2026-05-01T16:30:00Z,2026-05-01T18:30:00+0200,6880.12,MW,FR,FR,actual_solar_generation,Solar,2026-05-24T05:42:13Z
2026-05-24T05:41:40Z,2026-05-24T07:41:40+0200,04b1983b-7d82-4991-9c22-f60d67a0a20c,2026-05-01T16:45:00Z,2026-05-01T18:45:00+0200,5787.89,MW,FR,FR,actual_solar_generation,Solar,2026-05-24T05:42:13Z
2026-05-24T05:41:40Z,2026-05-24T07:41:40+0200,04b1983b-7d82-4991-9c22-f60d67a0a20c,2026-05-01T17:00:00Z,2026-05-01T19:00:00+0200,4738.01,MW,FR,FR,actual_solar_generation,Solar,2026-05-24T05:42:13Z
2026-05-24T05:41:40Z,2026-05-24T07:41:40+0200,04b1983b-7d82-4991-9c22-f60d67a0a20c,2026-05-01T17:15:00Z,2026-05-01T19:15:00+0200,3775.09,MW,FR,FR,actual_solar_generation,Solar,2026-05-24T05:42:13Z
2026-05-24T05:41:40Z,2026-05-24T07:41:40+0200,04b1983b-7d82-4991-9c22-f60d67a0a20c,2026-05-01T17:30:00Z,2026-05-01T19:30:00+0200,2806.57,MW,FR,FR,actual_solar_generation,Solar,2026-05-24T05:42:13Z
2026-05-24T05:41:40Z,2026-05-24T07:41:40+0200,04b1983b-7d82-4991-9c22-f60d67a0a20c,2026-05-01T17:45:00Z,2026-05-01T19:45:00+0200,2077.31,MW,FR,FR,actual_solar_generation,Solar,2026-05-24T05:42:13Z
2026-05-24T05:41:40Z,2026-05-24T07:41:40+0200,04b1983b-7d82-4991-9c22-f60d67a0a20c,2026-05-01T18:00:00Z,2026-05-01T20:00:00+0200,1438.78,MW,FR,FR,actual_solar_generation,Solar,2026-05-24T05:42:13Z
2026-05-24T05:41:40Z,2026-05-24T07:41:40+0200,04b1983b-7d82-4991-9c22-f60d67a0a20c,2026-05-01T18:15:00Z,2026-05-01T20:15:00+0200,959.98,MW,FR,FR,actual_solar_generation,Solar,2026-05-24T05:42:13Z
2026-05-24T05:41:40Z,2026-05-24T07:41:40+0200,04b1983b-7d82-4991-9c22-f60d67a0a20c,2026-05-01T18:30:00Z,2026-05-01T20:30:00+0200,626.52,MW,FR,FR,actual_solar_generation,Solar,2026-05-24T05:42:13Z
2026-05-24T05:41:40Z,2026-05-24T07:41:40+0200,04b1983b-7d82-4991-9c22-f60d67a0a20c,2026-05-01T18:45:00Z,2026-05-01T20:45:00+0200,434.97,MW,FR,FR,actual_solar_generation,Solar,2026-05-24T05:42:13Z
2026-05-24T05:41:40Z,2026-05-24T07:41:40+0200,04b1983b-7d82-4991-9c22-f60d67a0a20c,2026-05-01T19:00:00Z,2026-05-01T21:00:00+0200,300.73,MW,FR,FR,actual_solar_generation,Solar,2026-05-24T05:42:13Z
2026-05-24T05:41:40Z,2026-05-24T07:41:40+0200,04b1983b-7d82-4991-9c22-f60d67a0a20c,2026-05-01T19:15:00Z,2026-05-01T21:15:00+0200,235.47,MW,FR,FR,actual_solar_generation,Solar,2026-05-24T05:42:13Z
2026-05-24T05:41:40Z,2026-05-24T07:41:40+0200,04b1983b-7d82-4991-9c22-f60d67a0a20c,2026-05-01T19:30:00Z,2026-05-01T21:30:00+0200,224.55,MW,FR,FR,actual_solar_generation,Solar,2026-05-24T05:42:13Z
2026-05-24T05:41:40Z,2026-05-24T07:41:40+0200,04b1983b-7d82-4991-9c22-f60d67a0a20c,2026-05-01T19:45:00Z,2026-05-01T21:45:00+0200,229.43,MW,FR,FR,actual_solar_generation,Solar,2026-05-24T05:42:13Z
2026-05-24T05:41:40Z,2026-05-24T07:41:40+0200,04b1983b-7d82-4991-9c22-f60d67a0a20c,2026-05-01T20:00:00Z,2026-05-01T22:00:00+0200,226.34,MW,FR,FR,actual_solar_generation,Solar,2026-05-24T05:42:13Z
2026-05-24T05:41:40Z,2026-05-24T07:41:40+0200,04b1983b-7d82-4991-9c22-f60d67a0a20c,2026-05-01T20:15:00Z,2026-05-01T22:15:00+0200,222.77,MW,FR,FR,actual_solar_generation,Solar,2026-05-24T05:42:13Z
2026-05-24T05:41:40Z,2026-05-24T07:41:40+0200,04b1983b-7d82-4991-9c22-f60d67a0a20c,2026-05-01T20:30:00Z,2026-05-01T22:30:00+0200,223.46,MW,FR,FR,actual_solar_generation,Solar,2026-05-24T05:42:13Z
2026-05-24T05:41:40Z,2026-05-24T07:41:40+0200,04b1983b-7d82-4991-9c22-f60d67a0a20c,2026-05-01T20:45:00Z,2026-05-01T22:45:00+0200,229.22,MW,FR,FR,actual_solar_generation,Solar,2026-05-24T05:42:13Z
2026-05-24T05:41:40Z,2026-05-24T07:41:40+0200,04b1983b-7d82-4991-9c22-f60d67a0a20c,2026-05-01T21:00:00Z,2026-05-01T23:00:00+0200,0.0,MW,FR,FR,actual_solar_generation,Solar,2026-05-24T05:42:13Z
2026-05-24T05:41:40Z,2026-05-24T07:41:40+0200,04b1983b-7d82-4991-9c22-f60d67a0a20c,2026-05-01T21:15:00Z,2026-05-01T23:15:00+0200,0.0,MW,FR,FR,actual_solar_generation,Solar,2026-05-24T05:42:13Z
2026-05-24T05:41:40Z,2026-05-24T07:41:40+0200,04b1983b-7d82-4991-9c22-f60d67a0a20c,2026-05-01T21:30:00Z,2026-05-01T23:30:00+0200,0.0,MW,FR,FR,actual_solar_generation,Solar,2026-05-24T05:42:13Z
2026-05-24T05:41:40Z,2026-05-24T07:41:40+0200,04b1983b-7d82-4991-9c22-f60d67a0a20c,2026-05-01T21:45:00Z,2026-05-01T23:45:00+0200,0.0,MW,FR,FR,actual_solar_generation,Solar,2026-05-24T05:42:13Z
2026-05-24T05:41:40Z,2026-05-24T07:41:40+0200,04b1983b-7d82-4991-9c22-f60d67a0a20c,2026-05-01T22:00:00Z,2026-05-02T00:00:00+0200,0.0,MW,FR,FR,actual_solar_generation,Solar,2026-05-24T05:42:13Z
2026-05-24T05:41:40Z,2026-05-24T07:41:40+0200,04b1983b-7d82-4991-9c22-f60d67a0a20c,2026-05-01T22:15:00Z,2026-05-02T00:15:00+0200,0.0,MW,FR,FR,actual_solar_generation,Solar,2026-05-24T05:42:13Z
2026-05-24T05:41:40Z,2026-05-24T07:41:40+0200,04b1983b-7d82-4991-9c22-f60d67a0a20c,2026-05-01T22:30:00Z,2026-05-02T00:30:00+0200,0.0,MW,FR,FR,actual_solar_generation,Solar,2026-05-24T05:42:13Z
2026-05-24T05:41:40Z,2026-05-24T07:41:40+0200,04b1983b-7d82-4991-9c22-f60d67a0a20c,2026-05-01T22:45:00Z,2026-05-02T00:45:00+0200,0.0,MW,FR,FR,actual_solar_generation,Solar,2026-05-24T05:42:13Z
2026-05-24T05:41:40Z,2026-05-24T07:41:40+0200,04b1983b-7d82-4991-9c22-f60d67a0a20c,2026-05-01T23:00:00Z,2026-05-02T01:00:00+0200,0.0,MW,FR,FR,actual_solar_generation,Solar,2026-05-24T05:42:13Z
2026-05-24T05:41:40Z,2026-05-24T07:41:40+0200,04b1983b-7d82-4991-9c22-f60d67a0a20c,2026-05-01T23:15:00Z,2026-05-02T01:15:00+0200,0.0,MW,FR,FR,actual_solar_generation,Solar,2026-05-24T05:42:13Z
2026-05-24T05:41:40Z,2026-05-24T07:41:40+0200,04b1983b-7d82-4991-9c22-f60d67a0a20c,2026-05-01T23:30:00Z,2026-05-02T01:30:00+0200,0.0,MW,FR,FR,actual_solar_generation,Solar,2026-05-24T05:42:13Z
2026-05-24T05:41:40Z,2026-05-24T07:41:40+0200,04b1983b-7d82-4991-9c22-f60d67a0a20c,2026-05-01T23:45:00Z,2026-05-02T01:45:00+0200,0.0,MW,FR,FR,actual_solar_generation,Solar,2026-05-24T05:42:13Z
2026-05-24T05:41:40Z,2026-05-24T07:41:40+0200,04b1983b-7d82-4991-9c22-f60d67a0a20c,2026-05-02T00:00:00Z,2026-05-02T02:00:00+0200,0.0,MW,FR,FR,actual_solar_generation,Solar,2026-05-24T05:42:13Z
2026-05-24T05:41:40Z,2026-05-24T07:41:40+0200,04b1983b-7d82-4991-9c22-f60d67a0a20c,2026-05-02T00:15:00Z,2026-05-02T02:15:00+0200,0.0,MW,FR,FR,actual_solar_generation,Solar,2026-05-24T05:42:13Z
2026-05-24T05:41:40Z,2026-05-24T07:41:40+0200,04b1983b-7d82-4991-9c22-f60d67a0a20c,2026-05-02T00:30:00Z,2026-05-02T02:30:00+0200,0.0,MW,FR,FR,actual_solar_generation,Solar,2026-05-24T05:42:13Z
2026-05-24T05:41:40Z,2026-05-24T07:41:40+0200,04b1983b-7d82-4991-9c22-f60d67a0a20c,2026-05-02T00:45:00Z,2026-05-02T02:45:00+0200,0.0,MW,FR,FR,actual_solar_generation,Solar,2026-05-24T05:42:13Z
2026-05-24T05:41:40Z,2026-05-24T07:41:40+0200,04b1983b-7d82-4991-9c22-f60d67a0a20c,2026-05-02T01:00:00Z,2026-05-02T03:00:00+0200,0.0,MW,FR,FR,actual_solar_generation,Solar,2026-05-24T05:42:13Z
2026-05-24T05:41:40Z,2026-05-24T07:41:40+0200,04b1983b-7d82-4991-9c22-f60d67a0a20c,2026-05-02T01:15:00Z,2026-05-02T03:15:00+0200,0.0,MW,FR,FR,actual_solar_generation,Solar,2026-05-24T05:42:13Z
2026-05-24T05:41:40Z,2026-05-24T07:41:40+0200,04b1983b-7d82-4991-9c22-f60d67a0a20c,2026-05-02T01:30:00Z,2026-05-02T03:30:00+0200,0.0,MW,FR,FR,actual_solar_generation,Solar,2026-05-24T05:42:13Z
2026-05-24T05:41:40Z,2026-05-24T07:41:40+0200,04b1983b-7d82-4991-9c22-f60d67a0a20c,2026-05-02T01:45:00Z,2026-05-02T03:45:00+0200,0.0,MW,FR,FR,actual_solar_generation,Solar,2026-05-24T05:42:13Z
2026-05-24T05:41:40Z,2026-05-24T07:41:40+0200,04b1983b-7d82-4991-9c22-f60d67a0a20c,2026-05-02T02:00:00Z,2026-05-02T04:00:00+0200,0.0,MW,FR,FR,actual_solar_generation,Solar,2026-05-24T05:42:13Z
2026-05-24T05:41:40Z,2026-05-24T07:41:40+0200,04b1983b-7d82-4991-9c22-f60d67a0a20c,2026-05-02T02:15:00Z,2026-05-02T04:15:00+0200,0.0,MW,FR,FR,actual_solar_generation,Solar,2026-05-24T05:42:13Z
2026-05-24T05:41:40Z,2026-05-24T07:41:40+0200,04b1983b-7d82-4991-9c22-f60d67a0a20c,2026-05-02T02:30:00Z,2026-05-02T04:30:00+0200,0.0,MW,FR,FR,actual_solar_generation,Solar,2026-05-24T05:42:13Z
2026-05-24T05:41:40Z,2026-05-24T07:41:40+0200,04b1983b-7d82-4991-9c22-f60d67a0a20c,2026-05-02T02:45:00Z,2026-05-02T04:45:00+0200,0.0,MW,FR,FR,actual_solar_generation,Solar,2026-05-24T05:42:13Z
2026-05-24T05:41:40Z,2026-05-24T07:41:40+0200,04b1983b-7d82-4991-9c22-f60d67a0a20c,2026-05-02T03:00:00Z,2026-05-02T05:00:00+0200,0.0,MW,FR,FR,actual_solar_generation,Solar,2026-05-24T05:42:13Z
2026-05-24T05:41:40Z,2026-05-24T07:41:40+0200,04b1983b-7d82-4991-9c22-f60d67a0a20c,2026-05-02T03:15:00Z,2026-05-02T05:15:00+0200,0.0,MW,FR,FR,actual_solar_generation,Solar,2026-05-24T05:42:13Z
2026-05-24T05:41:40Z,2026-05-24T07:41:40+0200,04b1983b-7d82-4991-9c22-f60d67a0a20c,2026-05-02T03:30:00Z,2026-05-02T05:30:00+0200,0.0,MW,FR,FR,actual_solar_generation,Solar,2026-05-24T05:42:13Z
2026-05-24T05:41:40Z,2026-05-24T07:41:40+0200,04b1983b-7d82-4991-9c22-f60d67a0a20c,2026-05-02T03:45:00Z,2026-05-02T05:45:00+0200,0.0,MW,FR,FR,actual_solar_generation,Solar,2026-05-24T05:42:13Z
2026-05-24T05:41:40Z,2026-05-24T07:41:40+0200,04b1983b-7d82-4991-9c22-f60d67a0a20c,2026-05-02T04:00:00Z,2026-05-02T06:00:00+0200,224.2,MW,FR,FR,actual_solar_generation,Solar,2026-05-24T05:42:13Z
2026-05-24T05:41:40Z,2026-05-24T07:41:40+0200,04b1983b-7d82-4991-9c22-f60d67a0a20c,2026-05-02T04:15:00Z,2026-05-02T06:15:00+0200,239.12,MW,FR,FR,actual_solar_generation,Solar,2026-05-24T05:42:13Z
2026-05-24T05:41:40Z,2026-05-24T07:41:40+0200,04b1983b-7d82-4991-9c22-f60d67a0a20c,2026-05-02T04:30:00Z,2026-05-02T06:30:00+0200,270.76,MW,FR,FR,actual_solar_generation,Solar,2026-05-24T05:42:13Z
2026-05-24T05:41:40Z,2026-05-24T07:41:40+0200,04b1983b-7d82-4991-9c22-f60d67a0a20c,2026-05-02T04:45:00Z,2026-05-02T06:45:00+0200,419.24,MW,FR,FR,actual_solar_generation,Solar,2026-05-24T05:42:13Z
2026-05-24T05:41:40Z,2026-05-24T07:41:40+0200,04b1983b-7d82-4991-9c22-f60d67a0a20c,2026-05-02T05:00:00Z,2026-05-02T07:00:00+0200,602.39,MW,FR,FR,actual_solar_generation,Solar,2026-05-24T05:42:13Z
2026-05-24T05:41:40Z,2026-05-24T07:41:40+0200,04b1983b-7d82-4991-9c22-f60d67a0a20c,2026-05-02T05:15:00Z,2026-05-02T07:15:00+0200,896.93,MW,FR,FR,actual_solar_generation,Solar,2026-05-24T05:42:13Z
2026-05-24T05:41:40Z,2026-05-24T07:41:40+0200,04b1983b-7d82-4991-9c22-f60d67a0a20c,2026-05-02T05:30:00Z,2026-05-02T07:30:00+0200,1342.36,MW,FR,FR,actual_solar_generation,Solar,2026-05-24T05:42:13Z
2026-05-24T05:41:40Z,2026-05-24T07:41:40+0200,04b1983b-7d82-4991-9c22-f60d67a0a20c,2026-05-02T05:45:00Z,2026-05-02T07:45:00+0200,1949.13,MW,FR,FR,actual_solar_generation,Solar,2026-05-24T05:42:13Z
2026-05-24T05:41:40Z,2026-05-24T07:41:40+0200,04b1983b-7d82-4991-9c22-f60d67a0a20c,2026-05-02T06:00:00Z,2026-05-02T08:00:00+0200,2726.29,MW,FR,FR,actual_solar_generation,Solar,2026-05-24T05:42:13Z
2026-05-24T05:41:40Z,2026-05-24T07:41:40+0200,04b1983b-7d82-4991-9c22-f60d67a0a20c,2026-05-02T06:15:00Z,2026-05-02T08:15:00+0200,3606.47,MW,FR,FR,actual_solar_generation,Solar,2026-05-24T05:42:13Z
2026-05-24T05:41:40Z,2026-05-24T07:41:40+0200,04b1983b-7d82-4991-9c22-f60d67a0a20c,2026-05-02T06:30:00Z,2026-05-02T08:30:00+0200,4573.68,MW,FR,FR,actual_solar_generation,Solar,2026-05-24T05:42:13Z
2026-05-24T05:41:40Z,2026-05-24T07:41:40+0200,04b1983b-7d82-4991-9c22-f60d67a0a20c,2026-05-02T06:45:00Z,2026-05-02T08:45:00+0200,5634.3,MW,FR,FR,actual_solar_generation,Solar,2026-05-24T05:42:13Z
2026-05-24T05:41:40Z,2026-05-24T07:41:40+0200,04b1983b-7d82-4991-9c22-f60d67a0a20c,2026-05-02T07:00:00Z,2026-05-02T09:00:00+0200,6607.79,MW,FR,FR,actual_solar_generation,Solar,2026-05-24T05:42:13Z
2026-05-24T05:41:40Z,2026-05-24T07:41:40+0200,04b1983b-7d82-4991-9c22-f60d67a0a20c,2026-05-02T07:15:00Z,2026-05-02T09:15:00+0200,7625.49,MW,FR,FR,actual_solar_generation,Solar,2026-05-24T05:42:13Z
2026-05-24T05:41:40Z,2026-05-24T07:41:40+0200,04b1983b-7d82-4991-9c22-f60d67a0a20c,2026-05-02T07:30:00Z,2026-05-02T09:30:00+0200,7764.62,MW,FR,FR,actual_solar_generation,Solar,2026-05-24T05:42:13Z
2026-05-24T05:41:40Z,2026-05-24T07:41:40+0200,04b1983b-7d82-4991-9c22-f60d67a0a20c,2026-05-02T07:45:00Z,2026-05-02T09:45:00+0200,7128.24,MW,FR,FR,actual_solar_generation,Solar,2026-05-24T05:42:13Z
2026-05-24T05:41:40Z,2026-05-24T07:41:40+0200,04b1983b-7d82-4991-9c22-f60d67a0a20c,2026-05-02T08:00:00Z,2026-05-02T10:00:00+0200,7660.2,MW,FR,FR,actual_solar_generation,Solar,2026-05-24T05:42:13Z
2026-05-24T05:41:40Z,2026-05-24T07:41:40+0200,04b1983b-7d82-4991-9c22-f60d67a0a20c,2026-05-02T08:15:00Z,2026-05-02T10:15:00+0200,8166.58,MW,FR,FR,actual_solar_generation,Solar,2026-05-24T05:42:13Z
2026-05-24T05:41:40Z,2026-05-24T07:41:40+0200,04b1983b-7d82-4991-9c22-f60d67a0a20c,2026-05-02T08:30:00Z,2026-05-02T10:30:00+0200,8332.75,MW,FR,FR,actual_solar_generation,Solar,2026-05-24T05:42:13Z
2026-05-24T05:41:40Z,2026-05-24T07:41:40+0200,04b1983b-7d82-4991-9c22-f60d67a0a20c,2026-05-02T08:45:00Z,2026-05-02T10:45:00+0200,8831.53,MW,FR,FR,actual_solar_generation,Solar,2026-05-24T05:42:13Z
2026-05-24T05:41:40Z,2026-05-24T07:41:40+0200,04b1983b-7d82-4991-9c22-f60d67a0a20c,2026-05-02T09:00:00Z,2026-05-02T11:00:00+0200,9280.04,MW,FR,FR,actual_solar_generation,Solar,2026-05-24T05:42:13Z
2026-05-24T05:41:40Z,2026-05-24T07:41:40+0200,04b1983b-7d82-4991-9c22-f60d67a0a20c,2026-05-02T09:15:00Z,2026-05-02T11:15:00+0200,9748.26,MW,FR,FR,actual_solar_generation,Solar,2026-05-24T05:42:13Z
2026-05-24T05:41:40Z,2026-05-24T07:41:40+0200,04b1983b-7d82-4991-9c22-f60d67a0a20c,2026-05-02T09:30:00Z,2026-05-02T11:30:00+0200,10236.92,MW,FR,FR,actual_solar_generation,Solar,2026-05-24T05:42:13Z
2026-05-24T05:41:40Z,2026-05-24T07:41:40+0200,04b1983b-7d82-4991-9c22-f60d67a0a20c,2026-05-02T09:45:00Z,2026-05-02T11:45:00+0200,10520.5,MW,FR,FR,actual_solar_generation,Solar,2026-05-24T05:42:13Z
2026-05-24T05:41:40Z,2026-05-24T07:41:40+0200,04b1983b-7d82-4991-9c22-f60d67a0a20c,2026-05-02T10:00:00Z,2026-05-02T12:00:00+0200,10624.63,MW,FR,FR,actual_solar_generation,Solar,2026-05-24T05:42:13Z
2026-05-24T05:41:40Z,2026-05-24T07:41:40+0200,04b1983b-7d82-4991-9c22-f60d67a0a20c,2026-05-02T10:15:00Z,2026-05-02T12:15:00+0200,10753.8,MW,FR,FR,actual_solar_generation,Solar,2026-05-24T05:42:13Z
2026-05-24T05:41:40Z,2026-05-24T07:41:40+0200,04b1983b-7d82-4991-9c22-f60d67a0a20c,2026-05-02T10:30:00Z,2026-05-02T12:30:00+0200,10836.33,MW,FR,FR,actual_solar_generation,Solar,2026-05-24T05:42:13Z
2026-05-24T05:41:40Z,2026-05-24T07:41:40+0200,04b1983b-7d82-4991-9c22-f60d67a0a20c,2026-05-02T10:45:00Z,2026-05-02T12:45:00+0200,10899.86,MW,FR,FR,actual_solar_generation,Solar,2026-05-24T05:42:13Z
2026-05-24T05:41:40Z,2026-05-24T07:41:40+0200,04b1983b-7d82-4991-9c22-f60d67a0a20c,2026-05-02T11:00:00Z,2026-05-02T13:00:00+0200,10986.09,MW,FR,FR,actual_solar_generation,Solar,2026-05-24T05:42:13Z
2026-05-24T05:41:40Z,2026-05-24T07:41:40+0200,04b1983b-7d82-4991-9c22-f60d67a0a20c,2026-05-02T11:15:00Z,2026-05-02T13:15:00+0200,11111.16,MW,FR,FR,actual_solar_generation,Solar,2026-05-24T05:42:13Z
2026-05-24T05:41:40Z,2026-05-24T07:41:40+0200,04b1983b-7d82-4991-9c22-f60d67a0a20c,2026-05-02T11:30:00Z,2026-05-02T13:30:00+0200,11219.95,MW,FR,FR,actual_solar_generation,Solar,2026-05-24T05:42:13Z
2026-05-24T05:41:40Z,2026-05-24T07:41:40+0200,04b1983b-7d82-4991-9c22-f60d67a0a20c,2026-05-02T11:45:00Z,2026-05-02T13:45:00+0200,11290.52,MW,FR,FR,actual_solar_generation,Solar,2026-05-24T05:42:13Z
2026-05-24T05:41:40Z,2026-05-24T07:41:40+0200,04b1983b-7d82-4991-9c22-f60d67a0a20c,2026-05-02T12:00:00Z,2026-05-02T14:00:00+0200,11199.04,MW,FR,FR,actual_solar_generation,Solar,2026-05-24T05:42:13Z
2026-05-24T05:41:40Z,2026-05-24T07:41:40+0200,04b1983b-7d82-4991-9c22-f60d67a0a20c,2026-05-02T12:15:00Z,2026-05-02T14:15:00+0200,10902.94,MW,FR,FR,actual_solar_generation,Solar,2026-05-24T05:42:13Z
2026-05-24T05:41:40Z,2026-05-24T07:41:40+0200,04b1983b-7d82-4991-9c22-f60d67a0a20c,2026-05-02T12:30:00Z,2026-05-02T14:30:00+0200,10717.37,MW,FR,FR,actual_solar_generation,Solar,2026-05-24T05:42:13Z
2026-05-24T05:41:40Z,2026-05-24T07:41:40+0200,04b1983b-7d82-4991-9c22-f60d67a0a20c,2026-05-02T12:45:00Z,2026-05-02T14:45:00+0200,10480.95,MW,FR,FR,actual_solar_generation,Solar,2026-05-24T05:42:13Z
2026-05-24T05:41:40Z,2026-05-24T07:41:40+0200,04b1983b-7d82-4991-9c22-f60d67a0a20c,2026-05-02T13:00:00Z,2026-05-02T15:00:00+0200,10211.48,MW,FR,FR,actual_solar_generation,Solar,2026-05-24T05:42:13Z
2026-05-24T05:41:40Z,2026-05-24T07:41:40+0200,04b1983b-7d82-4991-9c22-f60d67a0a20c,2026-05-02T13:15:00Z,2026-05-02T15:15:00+0200,9841.12,MW,FR,FR,actual_solar_generation,Solar,2026-05-24T05:42:13Z
2026-05-24T05:41:40Z,2026-05-24T07:41:40+0200,04b1983b-7d82-4991-9c22-f60d67a0a20c,2026-05-02T13:30:00Z,2026-05-02T15:30:00+0200,9692.28,MW,FR,FR,actual_solar_generation,Solar,2026-05-24T05:42:13Z
2026-05-24T05:41:40Z,2026-05-24T07:41:40+0200,04b1983b-7d82-4991-9c22-f60d67a0a20c,2026-05-02T13:45:00Z,2026-05-02T15:45:00+0200,9193.72,MW,FR,FR,actual_solar_generation,Solar,2026-05-24T05:42:13Z
2026-05-24T05:41:40Z,2026-05-24T07:41:40+0200,04b1983b-7d82-4991-9c22-f60d67a0a20c,2026-05-02T14:00:00Z,2026-05-02T16:00:00+0200,8820.95,MW,FR,FR,actual_solar_generation,Solar,2026-05-24T05:42:13Z
2026-05-24T05:41:40Z,2026-05-24T07:41:40+0200,04b1983b-7d82-4991-9c22-f60d67a0a20c,2026-05-02T14:15:00Z,2026-05-02T16:15:00+0200,8914.16,MW,FR,FR,actual_solar_generation,Solar,2026-05-24T05:42:13Z
2026-05-24T05:41:40Z,2026-05-24T07:41:40+0200,04b1983b-7d82-4991-9c22-f60d67a0a20c,2026-05-02T14:30:00Z,2026-05-02T16:30:00+0200,9807.36,MW,FR,FR,actual_solar_generation,Solar,2026-05-24T05:42:13Z
2026-05-24T05:41:40Z,2026-05-24T07:41:40+0200,04b1983b-7d82-4991-9c22-f60d67a0a20c,2026-05-02T14:45:00Z,2026-05-02T16:45:00+0200,10411.6,MW,FR,FR,actual_solar_generation,Solar,2026-05-24T05:42:13Z
2026-05-24T05:41:40Z,2026-05-24T07:41:40+0200,04b1983b-7d82-4991-9c22-f60d67a0a20c,2026-05-02T15:00:00Z,2026-05-02T17:00:00+0200,9448.68,MW,FR,FR,actual_solar_generation,Solar,2026-05-24T05:42:13Z
2026-05-24T05:41:40Z,2026-05-24T07:41:40+0200,04b1983b-7d82-4991-9c22-f60d67a0a20c,2026-05-02T15:15:00Z,2026-05-02T17:15:00+0200,8597.16,MW,FR,FR,actual_solar_generation,Solar,2026-05-24T05:42:13Z
2026-05-24T05:41:40Z,2026-05-24T07:41:40+0200,04b1983b-7d82-4991-9c22-f60d67a0a20c,2026-05-02T15:30:00Z,2026-05-02T17:30:00+0200,7798.89,MW,FR,FR,actual_solar_generation,Solar,2026-05-24T05:42:13Z
2026-05-24T05:41:40Z,2026-05-24T07:41:40+0200,04b1983b-7d82-4991-9c22-f60d67a0a20c,2026-05-02T15:45:00Z,2026-05-02T17:45:00+0200,7027.07,MW,FR,FR,actual_solar_generation,Solar,2026-05-24T05:42:13Z
2026-05-24T05:41:40Z,2026-05-24T07:41:40+0200,04b1983b-7d82-4991-9c22-f60d67a0a20c,2026-05-02T16:00:00Z,2026-05-02T18:00:00+0200,6215.2,MW,FR,FR,actual_solar_generation,Solar,2026-05-24T05:42:13Z
2026-05-24T05:41:40Z,2026-05-24T07:41:40+0200,04b1983b-7d82-4991-9c22-f60d67a0a20c,2026-05-02T16:15:00Z,2026-05-02T18:15:00+0200,5366.89,MW,FR,FR,actual_solar_generation,Solar,2026-05-24T05:42:13Z
2026-05-24T05:41:40Z,2026-05-24T07:41:40+0200,04b1983b-7d82-4991-9c22-f60d67a0a20c,2026-05-02T16:30:00Z,2026-05-02T18:30:00+0200,4604.85,MW,FR,FR,actual_solar_generation,Solar,2026-05-24T05:42:13Z
2026-05-24T05:41:40Z,2026-05-24T07:41:40+0200,04b1983b-7d82-4991-9c22-f60d67a0a20c,2026-05-02T16:45:00Z,2026-05-02T18:45:00+0200,3807.55,MW,FR,FR,actual_solar_generation,Solar,2026-05-24T05:42:13Z
2026-05-24T05:41:40Z,2026-05-24T07:41:40+0200,04b1983b-7d82-4991-9c22-f60d67a0a20c,2026-05-02T17:00:00Z,2026-05-02T19:00:00+0200,3196.37,MW,FR,FR,actual_solar_generation,Solar,2026-05-24T05:42:13Z
2026-05-24T05:41:40Z,2026-05-24T07:41:40+0200,04b1983b-7d82-4991-9c22-f60d67a0a20c,2026-05-02T17:15:00Z,2026-05-02T19:15:00+0200,2560.08,MW,FR,FR,actual_solar_generation,Solar,2026-05-24T05:42:13Z
2026-05-24T05:41:40Z,2026-05-24T07:41:40+0200,04b1983b-7d82-4991-9c22-f60d67a0a20c,2026-05-02T17:30:00Z,2026-05-02T19:30:00+0200,1994.34,MW,FR,FR,actual_solar_generation,Solar,2026-05-24T05:42:13Z
2026-05-24T05:41:40Z,2026-05-24T07:41:40+0200,04b1983b-7d82-4991-9c22-f60d67a0a20c,2026-05-02T17:45:00Z,2026-05-02T19:45:00+0200,1532.55,MW,FR,FR,actual_solar_generation,Solar,2026-05-24T05:42:13Z
2026-05-24T05:41:40Z,2026-05-24T07:41:40+0200,04b1983b-7d82-4991-9c22-f60d67a0a20c,2026-05-02T18:00:00Z,2026-05-02T20:00:00+0200,1126.04,MW,FR,FR,actual_solar_generation,Solar,2026-05-24T05:42:13Z
2026-05-24T05:41:40Z,2026-05-24T07:41:40+0200,04b1983b-7d82-4991-9c22-f60d67a0a20c,2026-05-02T18:15:00Z,2026-05-02T20:15:00+0200,784.22,MW,FR,FR,actual_solar_generation,Solar,2026-05-24T05:42:13Z
2026-05-24T05:41:40Z,2026-05-24T07:41:40+0200,04b1983b-7d82-4991-9c22-f60d67a0a20c,2026-05-02T18:30:00Z,2026-05-02T20:30:00+0200,517.85,MW,FR,FR,actual_solar_generation,Solar,2026-05-24T05:42:13Z
2026-05-24T05:41:40Z,2026-05-24T07:41:40+0200,04b1983b-7d82-4991-9c22-f60d67a0a20c,2026-05-02T18:45:00Z,2026-05-02T20:45:00+0200,407.01,MW,FR,FR,actual_solar_generation,Solar,2026-05-24T05:42:13Z
2026-05-24T05:41:40Z,2026-05-24T07:41:40+0200,04b1983b-7d82-4991-9c22-f60d67a0a20c,2026-05-02T19:00:00Z,2026-05-02T21:00:00+0200,292.58,MW,FR,FR,actual_solar_generation,Solar,2026-05-24T05:42:13Z
2026-05-24T05:41:40Z,2026-05-24T07:41:40+0200,04b1983b-7d82-4991-9c22-f60d67a0a20c,2026-05-02T19:15:00Z,2026-05-02T21:15:00+0200,229.26,MW,FR,FR,actual_solar_generation,Solar,2026-05-24T05:42:13Z
2026-05-24T05:41:40Z,2026-05-24T07:41:40+0200,04b1983b-7d82-4991-9c22-f60d67a0a20c,2026-05-02T19:30:00Z,2026-05-02T21:30:00+0200,213.87,MW,FR,FR,actual_solar_generation,Solar,2026-05-24T05:42:13Z
2026-05-24T05:41:40Z,2026-05-24T07:41:40+0200,04b1983b-7d82-4991-9c22-f60d67a0a20c,2026-05-02T19:45:00Z,2026-05-02T21:45:00+0200,202.34,MW,FR,FR,actual_solar_generation,Solar,2026-05-24T05:42:13Z
2026-05-24T05:41:40Z,2026-05-24T07:41:40+0200,04b1983b-7d82-4991-9c22-f60d67a0a20c,2026-05-02T20:00:00Z,2026-05-02T22:00:00+0200,208.52,MW,FR,FR,actual_solar_generation,Solar,2026-05-24T05:42:13Z
2026-05-24T05:41:40Z,2026-05-24T07:41:40+0200,04b1983b-7d82-4991-9c22-f60d67a0a20c,2026-05-02T20:15:00Z,2026-05-02T22:15:00+0200,214.91,MW,FR,FR,actual_solar_generation,Solar,2026-05-24T05:42:13Z
2026-05-24T05:41:40Z,2026-05-24T07:41:40+0200,04b1983b-7d82-4991-9c22-f60d67a0a20c,2026-05-02T20:30:00Z,2026-05-02T22:30:00+0200,209.14,MW,FR,FR,actual_solar_generation,Solar,2026-05-24T05:42:13Z
2026-05-24T05:41:40Z,2026-05-24T07:41:40+0200,04b1983b-7d82-4991-9c22-f60d67a0a20c,2026-05-02T20:45:00Z,2026-05-02T22:45:00+0200,210.59,MW,FR,FR,actual_solar_generation,Solar,2026-05-24T05:42:13Z
2026-05-24T05:41:40Z,2026-05-24T07:41:40+0200,04b1983b-7d82-4991-9c22-f60d67a0a20c,2026-05-02T21:00:00Z,2026-05-02T23:00:00+0200,0.0,MW,FR,FR,actual_solar_generation,Solar,2026-05-24T05:42:13Z
2026-05-24T05:41:40Z,2026-05-24T07:41:40+0200,04b1983b-7d82-4991-9c22-f60d67a0a20c,2026-05-02T21:15:00Z,2026-05-02T23:15:00+0200,0.0,MW,FR,FR,actual_solar_generation,Solar,2026-05-24T05:42:13Z
2026-05-24T05:41:40Z,2026-05-24T07:41:40+0200,04b1983b-7d82-4991-9c22-f60d67a0a20c,2026-05-02T21:30:00Z,2026-05-02T23:30:00+0200,0.0,MW,FR,FR,actual_solar_generation,Solar,2026-05-24T05:42:13Z
2026-05-24T05:41:40Z,2026-05-24T07:41:40+0200,04b1983b-7d82-4991-9c22-f60d67a0a20c,2026-05-02T21:45:00Z,2026-05-02T23:45:00+0200,0.0,MW,FR,FR,actual_solar_generation,Solar,2026-05-24T05:42:13Z
2026-05-24T05:41:40Z,2026-05-24T07:41:40+0200,04b1983b-7d82-4991-9c22-f60d67a0a20c,2026-05-02T22:00:00Z,2026-05-03T00:00:00+0200,0.0,MW,FR,FR,actual_solar_generation,Solar,2026-05-24T05:42:13Z
2026-05-24T05:41:40Z,2026-05-24T07:41:40+0200,04b1983b-7d82-4991-9c22-f60d67a0a20c,2026-05-02T22:15:00Z,2026-05-03T00:15:00+0200,0.0,MW,FR,FR,actual_solar_generation,Solar,2026-05-24T05:42:13Z
2026-05-24T05:41:40Z,2026-05-24T07:41:40+0200,04b1983b-7d82-4991-9c22-f60d67a0a20c,2026-05-02T22:30:00Z,2026-05-03T00:30:00+0200,0.0,MW,FR,FR,actual_solar_generation,Solar,2026-05-24T05:42:13Z
2026-05-24T05:41:40Z,2026-05-24T07:41:40+0200,04b1983b-7d82-4991-9c22-f60d67a0a20c,2026-05-02T22:45:00Z,2026-05-03T00:45:00+0200,0.0,MW,FR,FR,actual_solar_generation,Solar,2026-05-24T05:42:13Z
2026-05-24T05:41:40Z,2026-05-24T07:41:40+0200,04b1983b-7d82-4991-9c22-f60d67a0a20c,2026-05-02T23:00:00Z,2026-05-03T01:00:00+0200,0.0,MW,FR,FR,actual_solar_generation,Solar,2026-05-24T05:42:13Z
2026-05-24T05:41:40Z,2026-05-24T07:41:40+0200,04b1983b-7d82-4991-9c22-f60d67a0a20c,2026-05-02T23:15:00Z,2026-05-03T01:15:00+0200,0.0,MW,FR,FR,actual_solar_generation,Solar,2026-05-24T05:42:13Z
2026-05-24T05:41:40Z,2026-05-24T07:41:40+0200,04b1983b-7d82-4991-9c22-f60d67a0a20c,2026-05-02T23:30:00Z,2026-05-03T01:30:00+0200,0.0,MW,FR,FR,actual_solar_generation,Solar,2026-05-24T05:42:13Z
2026-05-24T05:41:40Z,2026-05-24T07:41:40+0200,04b1983b-7d82-4991-9c22-f60d67a0a20c,2026-05-02T23:45:00Z,2026-05-03T01:45:00+0200,0.0,MW,FR,FR,actual_solar_generation,Solar,2026-05-24T05:42:13Z
2026-05-24T05:41:40Z,2026-05-24T07:41:40+0200,04b1983b-7d82-4991-9c22-f60d67a0a20c,2026-05-03T00:00:00Z,2026-05-03T02:00:00+0200,0.0,MW,FR,FR,actual_solar_generation,Solar,2026-05-24T05:42:13Z
2026-05-24T05:41:40Z,2026-05-24T07:41:40+0200,04b1983b-7d82-4991-9c22-f60d67a0a20c,2026-05-03T00:15:00Z,2026-05-03T02:15:00+0200,0.0,MW,FR,FR,actual_solar_generation,Solar,2026-05-24T05:42:13Z
2026-05-24T05:41:40Z,2026-05-24T07:41:40+0200,04b1983b-7d82-4991-9c22-f60d67a0a20c,2026-05-03T00:30:00Z,2026-05-03T02:30:00+0200,0.0,MW,FR,FR,actual_solar_generation,Solar,2026-05-24T05:42:13Z
2026-05-24T05:41:40Z,2026-05-24T07:41:40+0200,04b1983b-7d82-4991-9c22-f60d67a0a20c,2026-05-03T00:45:00Z,2026-05-03T02:45:00+0200,0.0,MW,FR,FR,actual_solar_generation,Solar,2026-05-24T05:42:13Z
2026-05-24T05:41:40Z,2026-05-24T07:41:40+0200,04b1983b-7d82-4991-9c22-f60d67a0a20c,2026-05-03T01:00:00Z,2026-05-03T03:00:00+0200,0.0,MW,FR,FR,actual_solar_generation,Solar,2026-05-24T05:42:13Z
2026-05-24T05:41:40Z,2026-05-24T07:41:40+0200,04b1983b-7d82-4991-9c22-f60d67a0a20c,2026-05-03T01:15:00Z,2026-05-03T03:15:00+0200,0.0,MW,FR,FR,actual_solar_generation,Solar,2026-05-24T05:42:13Z
2026-05-24T05:41:40Z,2026-05-24T07:41:40+0200,04b1983b-7d82-4991-9c22-f60d67a0a20c,2026-05-03T01:30:00Z,2026-05-03T03:30:00+0200,0.0,MW,FR,FR,actual_solar_generation,Solar,2026-05-24T05:42:13Z
2026-05-24T05:41:40Z,2026-05-24T07:41:40+0200,04b1983b-7d82-4991-9c22-f60d67a0a20c,2026-05-03T01:45:00Z,2026-05-03T03:45:00+0200,0.0,MW,FR,FR,actual_solar_generation,Solar,2026-05-24T05:42:13Z
2026-05-24T05:41:40Z,2026-05-24T07:41:40+0200,04b1983b-7d82-4991-9c22-f60d67a0a20c,2026-05-03T02:00:00Z,2026-05-03T04:00:00+0200,0.0,MW,FR,FR,actual_solar_generation,Solar,2026-05-24T05:42:13Z
2026-05-24T05:41:40Z,2026-05-24T07:41:40+0200,04b1983b-7d82-4991-9c22-f60d67a0a20c,2026-05-03T02:15:00Z,2026-05-03T04:15:00+0200,0.0,MW,FR,FR,actual_solar_generation,Solar,2026-05-24T05:42:13Z
2026-05-24T05:41:40Z,2026-05-24T07:41:40+0200,04b1983b-7d82-4991-9c22-f60d67a0a20c,2026-05-03T02:30:00Z,2026-05-03T04:30:00+0200,0.0,MW,FR,FR,actual_solar_generation,Solar,2026-05-24T05:42:13Z
2026-05-24T05:41:40Z,2026-05-24T07:41:40+0200,04b1983b-7d82-4991-9c22-f60d67a0a20c,2026-05-03T02:45:00Z,2026-05-03T04:45:00+0200,0.0,MW,FR,FR,actual_solar_generation,Solar,2026-05-24T05:42:13Z
2026-05-24T05:41:40Z,2026-05-24T07:41:40+0200,04b1983b-7d82-4991-9c22-f60d67a0a20c,2026-05-03T03:00:00Z,2026-05-03T05:00:00+0200,0.0,MW,FR,FR,actual_solar_generation,Solar,2026-05-24T05:42:13Z
2026-05-24T05:41:40Z,2026-05-24T07:41:40+0200,04b1983b-7d82-4991-9c22-f60d67a0a20c,2026-05-03T03:15:00Z,2026-05-03T05:15:00+0200,0.0,MW,FR,FR,actual_solar_generation,Solar,2026-05-24T05:42:13Z
2026-05-24T05:41:40Z,2026-05-24T07:41:40+0200,04b1983b-7d82-4991-9c22-f60d67a0a20c,2026-05-03T03:30:00Z,2026-05-03T05:30:00+0200,0.0,MW,FR,FR,actual_solar_generation,Solar,2026-05-24T05:42:13Z
2026-05-24T05:41:40Z,2026-05-24T07:41:40+0200,04b1983b-7d82-4991-9c22-f60d67a0a20c,2026-05-03T03:45:00Z,2026-05-03T05:45:00+0200,0.0,MW,FR,FR,actual_solar_generation,Solar,2026-05-24T05:42:13Z
2026-05-24T05:41:40Z,2026-05-24T07:41:40+0200,04b1983b-7d82-4991-9c22-f60d67a0a20c,2026-05-03T04:00:00Z,2026-05-03T06:00:00+0200,218.49,MW,FR,FR,actual_solar_generation,Solar,2026-05-24T05:42:13Z
2026-05-24T05:41:40Z,2026-05-24T07:41:40+0200,04b1983b-7d82-4991-9c22-f60d67a0a20c,2026-05-03T04:15:00Z,2026-05-03T06:15:00+0200,229.53,MW,FR,FR,actual_solar_generation,Solar,2026-05-24T05:42:13Z
2026-05-24T05:41:40Z,2026-05-24T07:41:40+0200,04b1983b-7d82-4991-9c22-f60d67a0a20c,2026-05-03T04:30:00Z,2026-05-03T06:30:00+0200,272.88,MW,FR,FR,actual_solar_generation,Solar,2026-05-24T05:42:13Z
2026-05-24T05:41:40Z,2026-05-24T07:41:40+0200,04b1983b-7d82-4991-9c22-f60d67a0a20c,2026-05-03T04:45:00Z,2026-05-03T06:45:00+0200,381.58,MW,FR,FR,actual_solar_generation,Solar,2026-05-24T05:42:13Z
2026-05-24T05:41:40Z,2026-05-24T07:41:40+0200,04b1983b-7d82-4991-9c22-f60d67a0a20c,2026-05-03T05:00:00Z,2026-05-03T07:00:00+0200,502.53,MW,FR,FR,actual_solar_generation,Solar,2026-05-24T05:42:13Z
2026-05-24T05:41:40Z,2026-05-24T07:41:40+0200,04b1983b-7d82-4991-9c22-f60d67a0a20c,2026-05-03T05:15:00Z,2026-05-03T07:15:00+0200,674.09,MW,FR,FR,actual_solar_generation,Solar,2026-05-24T05:42:13Z
2026-05-24T05:41:40Z,2026-05-24T07:41:40+0200,04b1983b-7d82-4991-9c22-f60d67a0a20c,2026-05-03T05:30:00Z,2026-05-03T07:30:00+0200,985.64,MW,FR,FR,actual_solar_generation,Solar,2026-05-24T05:42:13Z
2026-05-24T05:41:40Z,2026-05-24T07:41:40+0200,04b1983b-7d82-4991-9c22-f60d67a0a20c,2026-05-03T05:45:00Z,2026-05-03T07:45:00+0200,1427.06,MW,FR,FR,actual_solar_generation,Solar,2026-05-24T05:42:13Z
2026-05-24T05:41:40Z,2026-05-24T07:41:40+0200,04b1983b-7d82-4991-9c22-f60d67a0a20c,2026-05-03T06:00:00Z,2026-05-03T08:00:00+0200,2026.34,MW,FR,FR,actual_solar_generation,Solar,2026-05-24T05:42:13Z
2026-05-24T05:41:40Z,2026-05-24T07:41:40+0200,04b1983b-7d82-4991-9c22-f60d67a0a20c,2026-05-03T06:15:00Z,2026-05-03T08:15:00+0200,2618.29,MW,FR,FR,actual_solar_generation,Solar,2026-05-24T05:42:13Z
2026-05-24T05:41:40Z,2026-05-24T07:41:40+0200,04b1983b-7d82-4991-9c22-f60d67a0a20c,2026-05-03T06:30:00Z,2026-05-03T08:30:00+0200,3256.36,MW,FR,FR,actual_solar_generation,Solar,2026-05-24T05:42:13Z
2026-05-24T05:41:40Z,2026-05-24T07:41:40+0200,04b1983b-7d82-4991-9c22-f60d67a0a20c,2026-05-03T06:45:00Z,2026-05-03T08:45:00+0200,3829.46,MW,FR,FR,actual_solar_generation,Solar,2026-05-24T05:42:13Z
2026-05-24T05:41:40Z,2026-05-24T07:41:40+0200,04b1983b-7d82-4991-9c22-f60d67a0a20c,2026-05-03T07:00:00Z,2026-05-03T09:00:00+0200,4201.54,MW,FR,FR,actual_solar_generation,Solar,2026-05-24T05:42:13Z
2026-05-24T05:41:40Z,2026-05-24T07:41:40+0200,04b1983b-7d82-4991-9c22-f60d67a0a20c,2026-05-03T07:15:00Z,2026-05-03T09:15:00+0200,4972.66,MW,FR,FR,actual_solar_generation,Solar,2026-05-24T05:42:13Z
2026-05-24T05:41:40Z,2026-05-24T07:41:40+0200,04b1983b-7d82-4991-9c22-f60d67a0a20c,2026-05-03T07:30:00Z,2026-05-03T09:30:00+0200,5601.71,MW,FR,FR,actual_solar_generation,Solar,2026-05-24T05:42:13Z
2026-05-24T05:41:40Z,2026-05-24T07:41:40+0200,04b1983b-7d82-4991-9c22-f60d67a0a20c,2026-05-03T07:45:00Z,2026-05-03T09:45:00+0200,6303.04,MW,FR,FR,actual_solar_generation,Solar,2026-05-24T05:42:13Z
2026-05-24T05:41:40Z,2026-05-24T07:41:40+0200,04b1983b-7d82-4991-9c22-f60d67a0a20c,2026-05-03T08:00:00Z,2026-05-03T10:00:00+0200,6945.56,MW,FR,FR,actual_solar_generation,Solar,2026-05-24T05:42:13Z
2026-05-24T05:41:40Z,2026-05-24T07:41:40+0200,04b1983b-7d82-4991-9c22-f60d67a0a20c,2026-05-03T08:15:00Z,2026-05-03T10:15:00+0200,7667.28,MW,FR,FR,actual_solar_generation,Solar,2026-05-24T05:42:13Z
2026-05-24T05:41:40Z,2026-05-24T07:41:40+0200,04b1983b-7d82-4991-9c22-f60d67a0a20c,2026-05-03T08:30:00Z,2026-05-03T10:30:00+0200,8460.02,MW,FR,FR,actual_solar_generation,Solar,2026-05-24T05:42:13Z
2026-05-24T05:41:40Z,2026-05-24T07:41:40+0200,04b1983b-7d82-4991-9c22-f60d67a0a20c,2026-05-03T08:45:00Z,2026-05-03T10:45:00+0200,8997.31,MW,FR,FR,actual_solar_generation,Solar,2026-05-24T05:42:13Z
2026-05-24T05:41:40Z,2026-05-24T07:41:40+0200,04b1983b-7d82-4991-9c22-f60d67a0a20c,2026-05-03T09:00:00Z,2026-05-03T11:00:00+0200,9747.1,MW,FR,FR,actual_solar_generation,Solar,2026-05-24T05:42:13Z
2026-05-24T05:41:40Z,2026-05-24T07:41:40+0200,04b1983b-7d82-4991-9c22-f60d67a0a20c,2026-05-03T09:15:00Z,2026-05-03T11:15:00+0200,10208.29,MW,FR,FR,actual_solar_generation,Solar,2026-05-24T05:42:13Z
2026-05-24T05:41:40Z,2026-05-24T07:41:40+0200,04b1983b-7d82-4991-9c22-f60d67a0a20c,2026-05-03T09:30:00Z,2026-05-03T11:30:00+0200,10273.43,MW,FR,FR,actual_solar_generation,Solar,2026-05-24T05:42:13Z
2026-05-24T05:41:40Z,2026-05-24T07:41:40+0200,04b1983b-7d82-4991-9c22-f60d67a0a20c,2026-05-03T09:45:00Z,2026-05-03T11:45:00+0200,10908.4,MW,FR,FR,actual_solar_generation,Solar,2026-05-24T05:42:13Z
2026-05-24T05:41:40Z,2026-05-24T07:41:40+0200,04b1983b-7d82-4991-9c22-f60d67a0a20c,2026-05-03T10:00:00Z,2026-05-03T12:00:00+0200,11213.54,MW,FR,FR,actual_solar_generation,Solar,2026-05-24T05:42:13Z
2026-05-24T05:41:40Z,2026-05-24T07:41:40+0200,04b1983b-7d82-4991-9c22-f60d67a0a20c,2026-05-03T10:15:00Z,2026-05-03T12:15:00+0200,11599.48,MW,FR,FR,actual_solar_generation,Solar,2026-05-24T05:42:13Z
2026-05-24T05:41:40Z,2026-05-24T07:41:40+0200,04b1983b-7d82-4991-9c22-f60d67a0a20c,2026-05-03T10:30:00Z,2026-05-03T12:30:00+0200,11808.44,MW,FR,FR,actual_solar_generation,Solar,2026-05-24T05:42:13Z
2026-05-24T05:41:40Z,2026-05-24T07:41:40+0200,04b1983b-7d82-4991-9c22-f60d67a0a20c,2026-05-03T10:45:00Z,2026-05-03T12:45:00+0200,11060.65,MW,FR,FR,actual_solar_generation,Solar,2026-05-24T05:42:13Z
2026-05-24T05:41:40Z,2026-05-24T07:41:40+0200,04b1983b-7d82-4991-9c22-f60d67a0a20c,2026-05-03T11:00:00Z,2026-05-03T13:00:00+0200,9503.03,MW,FR,FR,actual_solar_generation,Solar,2026-05-24T05:42:13Z
2026-05-24T05:41:40Z,2026-05-24T07:41:40+0200,04b1983b-7d82-4991-9c22-f60d67a0a20c,2026-05-03T11:15:00Z,2026-05-03T13:15:00+0200,9530.42,MW,FR,FR,actual_solar_generation,Solar,2026-05-24T05:42:13Z
2026-05-24T05:41:40Z,2026-05-24T07:41:40+0200,04b1983b-7d82-4991-9c22-f60d67a0a20c,2026-05-03T11:30:00Z,2026-05-03T13:30:00+0200,9015.7,MW,FR,FR,actual_solar_generation,Solar,2026-05-24T05:42:13Z
2026-05-24T05:41:40Z,2026-05-24T07:41:40+0200,04b1983b-7d82-4991-9c22-f60d67a0a20c,2026-05-03T11:45:00Z,2026-05-03T13:45:00+0200,8972.29,MW,FR,FR,actual_solar_generation,Solar,2026-05-24T05:42:13Z
2026-05-24T05:41:40Z,2026-05-24T07:41:40+0200,04b1983b-7d82-4991-9c22-f60d67a0a20c,2026-05-03T12:00:00Z,2026-05-03T14:00:00+0200,8901.3,MW,FR,FR,actual_solar_generation,Solar,2026-05-24T05:42:13Z
2026-05-24T05:41:40Z,2026-05-24T07:41:40+0200,04b1983b-7d82-4991-9c22-f60d67a0a20c,2026-05-03T12:15:00Z,2026-05-03T14:15:00+0200,9081.95,MW,FR,FR,actual_solar_generation,Solar,2026-05-24T05:42:13Z
2026-05-24T05:41:40Z,2026-05-24T07:41:40+0200,04b1983b-7d82-4991-9c22-f60d67a0a20c,2026-05-03T12:30:00Z,2026-05-03T14:30:00+0200,9132.29,MW,FR,FR,actual_solar_generation,Solar,2026-05-24T05:42:13Z
2026-05-24T05:41:40Z,2026-05-24T07:41:40+0200,04b1983b-7d82-4991-9c22-f60d67a0a20c,2026-05-03T12:45:00Z,2026-05-03T14:45:00+0200,8971.1,MW,FR,FR,actual_solar_generation,Solar,2026-05-24T05:42:13Z
2026-05-24T05:41:40Z,2026-05-24T07:41:40+0200,04b1983b-7d82-4991-9c22-f60d67a0a20c,2026-05-03T13:00:00Z,2026-05-03T15:00:00+0200,8778.07,MW,FR,FR,actual_solar_generation,Solar,2026-05-24T05:42:13Z
2026-05-24T05:41:40Z,2026-05-24T07:41:40+0200,04b1983b-7d82-4991-9c22-f60d67a0a20c,2026-05-03T13:15:00Z,2026-05-03T15:15:00+0200,8708.98,MW,FR,FR,actual_solar_generation,Solar,2026-05-24T05:42:13Z
2026-05-24T05:41:40Z,2026-05-24T07:41:40+0200,04b1983b-7d82-4991-9c22-f60d67a0a20c,2026-05-03T13:30:00Z,2026-05-03T15:30:00+0200,8634.73,MW,FR,FR,actual_solar_generation,Solar,2026-05-24T05:42:13Z
2026-05-24T05:41:40Z,2026-05-24T07:41:40+0200,04b1983b-7d82-4991-9c22-f60d67a0a20c,2026-05-03T13:45:00Z,2026-05-03T15:45:00+0200,8402.32,MW,FR,FR,actual_solar_generation,Solar,2026-05-24T05:42:13Z
2026-05-24T05:41:40Z,2026-05-24T07:41:40+0200,04b1983b-7d82-4991-9c22-f60d67a0a20c,2026-05-03T14:00:00Z,2026-05-03T16:00:00+0200,8177.84,MW,FR,FR,actual_solar_generation,Solar,2026-05-24T05:42:13Z
2026-05-24T05:41:40Z,2026-05-24T07:41:40+0200,04b1983b-7d82-4991-9c22-f60d67a0a20c,2026-05-03T14:15:00Z,2026-05-03T16:15:00+0200,7796.0,MW,FR,FR,actual_solar_generation,Solar,2026-05-24T05:42:13Z
2026-05-24T05:41:40Z,2026-05-24T07:41:40+0200,04b1983b-7d82-4991-9c22-f60d67a0a20c,2026-05-03T14:30:00Z,2026-05-03T16:30:00+0200,8473.83,MW,FR,FR,actual_solar_generation,Solar,2026-05-24T05:42:13Z
2026-05-24T05:41:40Z,2026-05-24T07:41:40+0200,04b1983b-7d82-4991-9c22-f60d67a0a20c,2026-05-03T14:45:00Z,2026-05-03T16:45:00+0200,9029.7,MW,FR,FR,actual_solar_generation,Solar,2026-05-24T05:42:13Z
2026-05-24T05:41:40Z,2026-05-24T07:41:40+0200,04b1983b-7d82-4991-9c22-f60d67a0a20c,2026-05-03T15:00:00Z,2026-05-03T17:00:00+0200,8536.79,MW,FR,FR,actual_solar_generation,Solar,2026-05-24T05:42:13Z
2026-05-24T05:41:40Z,2026-05-24T07:41:40+0200,04b1983b-7d82-4991-9c22-f60d67a0a20c,2026-05-03T15:15:00Z,2026-05-03T17:15:00+0200,7996.89,MW,FR,FR,actual_solar_generation,Solar,2026-05-24T05:42:13Z
2026-05-24T05:41:40Z,2026-05-24T07:41:40+0200,04b1983b-7d82-4991-9c22-f60d67a0a20c,2026-05-03T15:30:00Z,2026-05-03T17:30:00+0200,7387.67,MW,FR,FR,actual_solar_generation,Solar,2026-05-24T05:42:13Z
2026-05-24T05:41:40Z,2026-05-24T07:41:40+0200,04b1983b-7d82-4991-9c22-f60d67a0a20c,2026-05-03T15:45:00Z,2026-05-03T17:45:00+0200,6812.41,MW,FR,FR,actual_solar_generation,Solar,2026-05-24T05:42:13Z
2026-05-24T05:41:40Z,2026-05-24T07:41:40+0200,04b1983b-7d82-4991-9c22-f60d67a0a20c,2026-05-03T16:00:00Z,2026-05-03T18:00:00+0200,6058.92,MW,FR,FR,actual_solar_generation,Solar,2026-05-24T05:42:13Z
2026-05-24T05:41:40Z,2026-05-24T07:41:40+0200,04b1983b-7d82-4991-9c22-f60d67a0a20c,2026-05-03T16:15:00Z,2026-05-03T18:15:00+0200,5257.28,MW,FR,FR,actual_solar_generation,Solar,2026-05-24T05:42:13Z
2026-05-24T05:41:40Z,2026-05-24T07:41:40+0200,04b1983b-7d82-4991-9c22-f60d67a0a20c,2026-05-03T16:30:00Z,2026-05-03T18:30:00+0200,4490.81,MW,FR,FR,actual_solar_generation,Solar,2026-05-24T05:42:13Z
2026-05-24T05:41:40Z,2026-05-24T07:41:40+0200,04b1983b-7d82-4991-9c22-f60d67a0a20c,2026-05-03T16:45:00Z,2026-05-03T18:45:00+0200,3854.06,MW,FR,FR,actual_solar_generation,Solar,2026-05-24T05:42:13Z
2026-05-24T05:41:40Z,2026-05-24T07:41:40+0200,04b1983b-7d82-4991-9c22-f60d67a0a20c,2026-05-03T17:00:00Z,2026-05-03T19:00:00+0200,3185.55,MW,FR,FR,actual_solar_generation,Solar,2026-05-24T05:42:13Z
2026-05-24T05:41:40Z,2026-05-24T07:41:40+0200,04b1983b-7d82-4991-9c22-f60d67a0a20c,2026-05-03T17:15:00Z,2026-05-03T19:15:00+0200,2635.51,MW,FR,FR,actual_solar_generation,Solar,2026-05-24T05:42:13Z
2026-05-24T05:41:40Z,2026-05-24T07:41:40+0200,04b1983b-7d82-4991-9c22-f60d67a0a20c,2026-05-03T17:30:00Z,2026-05-03T19:30:00+0200,2118.46,MW,FR,FR,actual_solar_generation,Solar,2026-05-24T05:42:13Z
2026-05-24T05:41:40Z,2026-05-24T07:41:40+0200,04b1983b-7d82-4991-9c22-f60d67a0a20c,2026-05-03T17:45:00Z,2026-05-03T19:45:00+0200,1689.67,MW,FR,FR,actual_solar_generation,Solar,2026-05-24T05:42:13Z
2026-05-24T05:41:40Z,2026-05-24T07:41:40+0200,04b1983b-7d82-4991-9c22-f60d67a0a20c,2026-05-03T18:00:00Z,2026-05-03T20:00:00+0200,1247.26,MW,FR,FR,actual_solar_generation,Solar,2026-05-24T05:42:13Z
2026-05-24T05:41:40Z,2026-05-24T07:41:40+0200,04b1983b-7d82-4991-9c22-f60d67a0a20c,2026-05-03T18:15:00Z,2026-05-03T20:15:00+0200,906.96,MW,FR,FR,actual_solar_generation,Solar,2026-05-24T05:42:13Z
2026-05-24T05:41:40Z,2026-05-24T07:41:40+0200,04b1983b-7d82-4991-9c22-f60d67a0a20c,2026-05-03T18:30:00Z,2026-05-03T20:30:00+0200,651.32,MW,FR,FR,actual_solar_generation,Solar,2026-05-24T05:42:13Z
2026-05-24T05:41:40Z,2026-05-24T07:41:40+0200,04b1983b-7d82-4991-9c22-f60d67a0a20c,2026-05-03T18:45:00Z,2026-05-03T20:45:00+0200,474.9,MW,FR,FR,actual_solar_generation,Solar,2026-05-24T05:42:13Z
2026-05-24T05:41:40Z,2026-05-24T07:41:40+0200,04b1983b-7d82-4991-9c22-f60d67a0a20c,2026-05-03T19:00:00Z,2026-05-03T21:00:00+0200,324.53,MW,FR,FR,actual_solar_generation,Solar,2026-05-24T05:42:13Z
2026-05-24T05:41:40Z,2026-05-24T07:41:40+0200,04b1983b-7d82-4991-9c22-f60d67a0a20c,2026-05-03T19:15:00Z,2026-05-03T21:15:00+0200,239.14,MW,FR,FR,actual_solar_generation,Solar,2026-05-24T05:42:13Z
2026-05-24T05:41:40Z,2026-05-24T07:41:40+0200,04b1983b-7d82-4991-9c22-f60d67a0a20c,2026-05-03T19:30:00Z,2026-05-03T21:30:00+0200,219.97,MW,FR,FR,actual_solar_generation,Solar,2026-05-24T05:42:13Z
2026-05-24T05:41:40Z,2026-05-24T07:41:40+0200,04b1983b-7d82-4991-9c22-f60d67a0a20c,2026-05-03T19:45:00Z,2026-05-03T21:45:00+0200,224.01,MW,FR,FR,actual_solar_generation,Solar,2026-05-24T05:42:13Z
2026-05-24T05:41:40Z,2026-05-24T07:41:40+0200,04b1983b-7d82-4991-9c22-f60d67a0a20c,2026-05-03T20:00:00Z,2026-05-03T22:00:00+0200,228.45,MW,FR,FR,actual_solar_generation,Solar,2026-05-24T05:42:13Z
2026-05-24T05:41:40Z,2026-05-24T07:41:40+0200,04b1983b-7d82-4991-9c22-f60d67a0a20c,2026-05-03T20:15:00Z,2026-05-03T22:15:00+0200,226.43,MW,FR,FR,actual_solar_generation,Solar,2026-05-24T05:42:13Z
2026-05-24T05:41:40Z,2026-05-24T07:41:40+0200,04b1983b-7d82-4991-9c22-f60d67a0a20c,2026-05-03T20:30:00Z,2026-05-03T22:30:00+0200,227.63,MW,FR,FR,actual_solar_generation,Solar,2026-05-24T05:42:13Z
2026-05-24T05:41:40Z,2026-05-24T07:41:40+0200,04b1983b-7d82-4991-9c22-f60d67a0a20c,2026-05-03T20:45:00Z,2026-05-03T22:45:00+0200,217.71,MW,FR,FR,actual_solar_generation,Solar,2026-05-24T05:42:13Z
2026-05-24T05:41:40Z,2026-05-24T07:41:40+0200,04b1983b-7d82-4991-9c22-f60d67a0a20c,2026-05-03T21:00:00Z,2026-05-03T23:00:00+0200,0.0,MW,FR,FR,actual_solar_generation,Solar,2026-05-24T05:42:13Z
2026-05-24T05:41:40Z,2026-05-24T07:41:40+0200,04b1983b-7d82-4991-9c22-f60d67a0a20c,2026-05-03T21:15:00Z,2026-05-03T23:15:00+0200,0.0,MW,FR,FR,actual_solar_generation,Solar,2026-05-24T05:42:13Z
2026-05-24T05:41:40Z,2026-05-24T07:41:40+0200,04b1983b-7d82-4991-9c22-f60d67a0a20c,2026-05-03T21:30:00Z,2026-05-03T23:30:00+0200,0.0,MW,FR,FR,actual_solar_generation,Solar,2026-05-24T05:42:13Z
2026-05-24T05:41:40Z,2026-05-24T07:41:40+0200,04b1983b-7d82-4991-9c22-f60d67a0a20c,2026-05-03T21:45:00Z,2026-05-03T23:45:00+0200,0.0,MW,FR,FR,actual_solar_generation,Solar,2026-05-24T05:42:13Z
2026-05-24T05:41:40Z,2026-05-24T07:41:40+0200,04b1983b-7d82-4991-9c22-f60d67a0a20c,2026-05-03T22:00:00Z,2026-05-04T00:00:00+0200,0.0,MW,FR,FR,actual_solar_generation,Solar,2026-05-24T05:42:13Z
2026-05-24T05:41:40Z,2026-05-24T07:41:40+0200,04b1983b-7d82-4991-9c22-f60d67a0a20c,2026-05-03T22:15:00Z,2026-05-04T00:15:00+0200,0.0,MW,FR,FR,actual_solar_generation,Solar,2026-05-24T05:42:13Z
2026-05-24T05:41:40Z,2026-05-24T07:41:40+0200,04b1983b-7d82-4991-9c22-f60d67a0a20c,2026-05-03T22:30:00Z,2026-05-04T00:30:00+0200,0.0,MW,FR,FR,actual_solar_generation,Solar,2026-05-24T05:42:13Z
2026-05-24T05:41:40Z,2026-05-24T07:41:40+0200,04b1983b-7d82-4991-9c22-f60d67a0a20c,2026-05-03T22:45:00Z,2026-05-04T00:45:00+0200,0.0,MW,FR,FR,actual_solar_generation,Solar,2026-05-24T05:42:13Z
2026-05-24T05:41:40Z,2026-05-24T07:41:40+0200,04b1983b-7d82-4991-9c22-f60d67a0a20c,2026-05-03T23:00:00Z,2026-05-04T01:00:00+0200,0.0,MW,FR,FR,actual_solar_generation,Solar,2026-05-24T05:42:13Z
2026-05-24T05:41:40Z,2026-05-24T07:41:40+0200,04b1983b-7d82-4991-9c22-f60d67a0a20c,2026-05-03T23:15:00Z,2026-05-04T01:15:00+0200,0.0,MW,FR,FR,actual_solar_generation,Solar,2026-05-24T05:42:13Z
2026-05-24T05:41:40Z,2026-05-24T07:41:40+0200,04b1983b-7d82-4991-9c22-f60d67a0a20c,2026-05-03T23:30:00Z,2026-05-04T01:30:00+0200,0.0,MW,FR,FR,actual_solar_generation,Solar,2026-05-24T05:42:13Z
2026-05-24T05:41:40Z,2026-05-24T07:41:40+0200,04b1983b-7d82-4991-9c22-f60d67a0a20c,2026-05-03T23:45:00Z,2026-05-04T01:45:00+0200,0.0,MW,FR,FR,actual_solar_generation,Solar,2026-05-24T05:42:13Z
2026-05-24T05:41:40Z,2026-05-24T07:41:40+0200,04b1983b-7d82-4991-9c22-f60d67a0a20c,2026-05-04T00:00:00Z,2026-05-04T02:00:00+0200,0.0,MW,FR,FR,actual_solar_generation,Solar,2026-05-24T05:42:13Z
2026-05-24T05:41:40Z,2026-05-24T07:41:40+0200,04b1983b-7d82-4991-9c22-f60d67a0a20c,2026-05-04T00:15:00Z,2026-05-04T02:15:00+0200,0.0,MW,FR,FR,actual_solar_generation,Solar,2026-05-24T05:42:13Z
2026-05-24T05:41:40Z,2026-05-24T07:41:40+0200,04b1983b-7d82-4991-9c22-f60d67a0a20c,2026-05-04T00:30:00Z,2026-05-04T02:30:00+0200,0.0,MW,FR,FR,actual_solar_generation,Solar,2026-05-24T05:42:13Z
2026-05-24T05:41:40Z,2026-05-24T07:41:40+0200,04b1983b-7d82-4991-9c22-f60d67a0a20c,2026-05-04T00:45:00Z,2026-05-04T02:45:00+0200,0.0,MW,FR,FR,actual_solar_generation,Solar,2026-05-24T05:42:13Z
2026-05-24T05:41:40Z,2026-05-24T07:41:40+0200,04b1983b-7d82-4991-9c22-f60d67a0a20c,2026-05-04T01:00:00Z,2026-05-04T03:00:00+0200,0.0,MW,FR,FR,actual_solar_generation,Solar,2026-05-24T05:42:13Z
2026-05-24T05:41:40Z,2026-05-24T07:41:40+0200,04b1983b-7d82-4991-9c22-f60d67a0a20c,2026-05-04T01:15:00Z,2026-05-04T03:15:00+0200,0.0,MW,FR,FR,actual_solar_generation,Solar,2026-05-24T05:42:13Z
2026-05-24T05:41:40Z,2026-05-24T07:41:40+0200,04b1983b-7d82-4991-9c22-f60d67a0a20c,2026-05-04T01:30:00Z,2026-05-04T03:30:00+0200,0.0,MW,FR,FR,actual_solar_generation,Solar,2026-05-24T05:42:13Z
2026-05-24T05:41:40Z,2026-05-24T07:41:40+0200,04b1983b-7d82-4991-9c22-f60d67a0a20c,2026-05-04T01:45:00Z,2026-05-04T03:45:00+0200,0.0,MW,FR,FR,actual_solar_generation,Solar,2026-05-24T05:42:13Z
2026-05-24T05:41:40Z,2026-05-24T07:41:40+0200,04b1983b-7d82-4991-9c22-f60d67a0a20c,2026-05-04T02:00:00Z,2026-05-04T04:00:00+0200,0.0,MW,FR,FR,actual_solar_generation,Solar,2026-05-24T05:42:13Z
2026-05-24T05:41:40Z,2026-05-24T07:41:40+0200,04b1983b-7d82-4991-9c22-f60d67a0a20c,2026-05-04T02:15:00Z,2026-05-04T04:15:00+0200,0.0,MW,FR,FR,actual_solar_generation,Solar,2026-05-24T05:42:13Z
2026-05-24T05:41:40Z,2026-05-24T07:41:40+0200,04b1983b-7d82-4991-9c22-f60d67a0a20c,2026-05-04T02:30:00Z,2026-05-04T04:30:00+0200,0.0,MW,FR,FR,actual_solar_generation,Solar,2026-05-24T05:42:13Z
2026-05-24T05:41:40Z,2026-05-24T07:41:40+0200,04b1983b-7d82-4991-9c22-f60d67a0a20c,2026-05-04T02:45:00Z,2026-05-04T04:45:00+0200,0.0,MW,FR,FR,actual_solar_generation,Solar,2026-05-24T05:42:13Z
2026-05-24T05:41:40Z,2026-05-24T07:41:40+0200,04b1983b-7d82-4991-9c22-f60d67a0a20c,2026-05-04T03:00:00Z,2026-05-04T05:00:00+0200,0.0,MW,FR,FR,actual_solar_generation,Solar,2026-05-24T05:42:13Z
2026-05-24T05:41:40Z,2026-05-24T07:41:40+0200,04b1983b-7d82-4991-9c22-f60d67a0a20c,2026-05-04T03:15:00Z,2026-05-04T05:15:00+0200,0.0,MW,FR,FR,actual_solar_generation,Solar,2026-05-24T05:42:13Z
2026-05-24T05:41:40Z,2026-05-24T07:41:40+0200,04b1983b-7d82-4991-9c22-f60d67a0a20c,2026-05-04T03:30:00Z,2026-05-04T05:30:00+0200,0.0,MW,FR,FR,actual_solar_generation,Solar,2026-05-24T05:42:13Z
2026-05-24T05:41:40Z,2026-05-24T07:41:40+0200,04b1983b-7d82-4991-9c22-f60d67a0a20c,2026-05-04T03:45:00Z,2026-05-04T05:45:00+0200,0.0,MW,FR,FR,actual_solar_generation,Solar,2026-05-24T05:42:13Z
2026-05-24T05:41:40Z,2026-05-24T07:41:40+0200,04b1983b-7d82-4991-9c22-f60d67a0a20c,2026-05-04T04:00:00Z,2026-05-04T06:00:00+0200,206.18,MW,FR,FR,actual_solar_generation,Solar,2026-05-24T05:42:13Z
2026-05-24T05:41:40Z,2026-05-24T07:41:40+0200,04b1983b-7d82-4991-9c22-f60d67a0a20c,2026-05-04T04:15:00Z,2026-05-04T06:15:00+0200,213.41,MW,FR,FR,actual_solar_generation,Solar,2026-05-24T05:42:13Z
2026-05-24T05:41:40Z,2026-05-24T07:41:40+0200,04b1983b-7d82-4991-9c22-f60d67a0a20c,2026-05-04T04:30:00Z,2026-05-04T06:30:00+0200,256.9,MW,FR,FR,actual_solar_generation,Solar,2026-05-24T05:42:13Z
2026-05-24T05:41:40Z,2026-05-24T07:41:40+0200,04b1983b-7d82-4991-9c22-f60d67a0a20c,2026-05-04T04:45:00Z,2026-05-04T06:45:00+0200,326.42,MW,FR,FR,actual_solar_generation,Solar,2026-05-24T05:42:13Z
2026-05-24T05:41:40Z,2026-05-24T07:41:40+0200,04b1983b-7d82-4991-9c22-f60d67a0a20c,2026-05-04T05:00:00Z,2026-05-04T07:00:00+0200,450.11,MW,FR,FR,actual_solar_generation,Solar,2026-05-24T05:42:13Z
2026-05-24T05:41:40Z,2026-05-24T07:41:40+0200,04b1983b-7d82-4991-9c22-f60d67a0a20c,2026-05-04T05:15:00Z,2026-05-04T07:15:00+0200,628.19,MW,FR,FR,actual_solar_generation,Solar,2026-05-24T05:42:13Z
2026-05-24T05:41:40Z,2026-05-24T07:41:40+0200,04b1983b-7d82-4991-9c22-f60d67a0a20c,2026-05-04T05:30:00Z,2026-05-04T07:30:00+0200,887.69,MW,FR,FR,actual_solar_generation,Solar,2026-05-24T05:42:13Z
2026-05-24T05:41:40Z,2026-05-24T07:41:40+0200,04b1983b-7d82-4991-9c22-f60d67a0a20c,2026-05-04T05:45:00Z,2026-05-04T07:45:00+0200,1212.42,MW,FR,FR,actual_solar_generation,Solar,2026-05-24T05:42:13Z
2026-05-24T05:41:40Z,2026-05-24T07:41:40+0200,04b1983b-7d82-4991-9c22-f60d67a0a20c,2026-05-04T06:00:00Z,2026-05-04T08:00:00+0200,1568.22,MW,FR,FR,actual_solar_generation,Solar,2026-05-24T05:42:13Z
2026-05-24T05:41:40Z,2026-05-24T07:41:40+0200,04b1983b-7d82-4991-9c22-f60d67a0a20c,2026-05-04T06:15:00Z,2026-05-04T08:15:00+0200,1987.06,MW,FR,FR,actual_solar_generation,Solar,2026-05-24T05:42:13Z
2026-05-24T05:41:40Z,2026-05-24T07:41:40+0200,04b1983b-7d82-4991-9c22-f60d67a0a20c,2026-05-04T06:30:00Z,2026-05-04T08:30:00+0200,2459.68,MW,FR,FR,actual_solar_generation,Solar,2026-05-24T05:42:13Z
2026-05-24T05:41:40Z,2026-05-24T07:41:40+0200,04b1983b-7d82-4991-9c22-f60d67a0a20c,2026-05-04T06:45:00Z,2026-05-04T08:45:00+0200,2877.23,MW,FR,FR,actual_solar_generation,Solar,2026-05-24T05:42:13Z
2026-05-24T05:41:40Z,2026-05-24T07:41:40+0200,04b1983b-7d82-4991-9c22-f60d67a0a20c,2026-05-04T07:00:00Z,2026-05-04T09:00:00+0200,3252.76,MW,FR,FR,actual_solar_generation,Solar,2026-05-24T05:42:13Z
2026-05-24T05:41:40Z,2026-05-24T07:41:40+0200,04b1983b-7d82-4991-9c22-f60d67a0a20c,2026-05-04T07:15:00Z,2026-05-04T09:15:00+0200,3688.22,MW,FR,FR,actual_solar_generation,Solar,2026-05-24T05:42:13Z
2026-05-24T05:41:40Z,2026-05-24T07:41:40+0200,04b1983b-7d82-4991-9c22-f60d67a0a20c,2026-05-04T07:30:00Z,2026-05-04T09:30:00+0200,4170.35,MW,FR,FR,actual_solar_generation,Solar,2026-05-24T05:42:13Z
2026-05-24T05:41:40Z,2026-05-24T07:41:40+0200,04b1983b-7d82-4991-9c22-f60d67a0a20c,2026-05-04T07:45:00Z,2026-05-04T09:45:00+0200,4743.6,MW,FR,FR,actual_solar_generation,Solar,2026-05-24T05:42:13Z
2026-05-24T05:41:40Z,2026-05-24T07:41:40+0200,04b1983b-7d82-4991-9c22-f60d67a0a20c,2026-05-04T08:00:00Z,2026-05-04T10:00:00+0200,5254.6,MW,FR,FR,actual_solar_generation,Solar,2026-05-24T05:42:13Z
2026-05-24T05:41:40Z,2026-05-24T07:41:40+0200,04b1983b-7d82-4991-9c22-f60d67a0a20c,2026-05-04T08:15:00Z,2026-05-04T10:15:00+0200,5803.24,MW,FR,FR,actual_solar_generation,Solar,2026-05-24T05:42:13Z
2026-05-24T05:41:40Z,2026-05-24T07:41:40+0200,04b1983b-7d82-4991-9c22-f60d67a0a20c,2026-05-04T08:30:00Z,2026-05-04T10:30:00+0200,6385.37,MW,FR,FR,actual_solar_generation,Solar,2026-05-24T05:42:13Z
2026-05-24T05:41:40Z,2026-05-24T07:41:40+0200,04b1983b-7d82-4991-9c22-f60d67a0a20c,2026-05-04T08:45:00Z,2026-05-04T10:45:00+0200,6809.45,MW,FR,FR,actual_solar_generation,Solar,2026-05-24T05:42:13Z
2026-05-24T05:41:40Z,2026-05-24T07:41:40+0200,04b1983b-7d82-4991-9c22-f60d67a0a20c,2026-05-04T09:00:00Z,2026-05-04T11:00:00+0200,7206.27,MW,FR,FR,actual_solar_generation,Solar,2026-05-24T05:42:13Z
2026-05-24T05:41:40Z,2026-05-24T07:41:40+0200,04b1983b-7d82-4991-9c22-f60d67a0a20c,2026-05-04T09:15:00Z,2026-05-04T11:15:00+0200,7752.22,MW,FR,FR,actual_solar_generation,Solar,2026-05-24T05:42:13Z
2026-05-24T05:41:40Z,2026-05-24T07:41:40+0200,04b1983b-7d82-4991-9c22-f60d67a0a20c,2026-05-04T09:30:00Z,2026-05-04T11:30:00+0200,7951.14,MW,FR,FR,actual_solar_generation,Solar,2026-05-24T05:42:13Z
2026-05-24T05:41:40Z,2026-05-24T07:41:40+0200,04b1983b-7d82-4991-9c22-f60d67a0a20c,2026-05-04T09:45:00Z,2026-05-04T11:45:00+0200,8546.35,MW,FR,FR,actual_solar_generation,Solar,2026-05-24T05:42:13Z
2026-05-24T05:41:40Z,2026-05-24T07:41:40+0200,04b1983b-7d82-4991-9c22-f60d67a0a20c,2026-05-04T10:00:00Z,2026-05-04T12:00:00+0200,8666.44,MW,FR,FR,actual_solar_generation,Solar,2026-05-24T05:42:13Z
2026-05-24T05:41:40Z,2026-05-24T07:41:40+0200,04b1983b-7d82-4991-9c22-f60d67a0a20c,2026-05-04T10:15:00Z,2026-05-04T12:15:00+0200,8922.07,MW,FR,FR,actual_solar_generation,Solar,2026-05-24T05:42:13Z
2026-05-24T05:41:40Z,2026-05-24T07:41:40+0200,04b1983b-7d82-4991-9c22-f60d67a0a20c,2026-05-04T10:30:00Z,2026-05-04T12:30:00+0200,9203.53,MW,FR,FR,actual_solar_generation,Solar,2026-05-24T05:42:13Z
2026-05-24T05:41:40Z,2026-05-24T07:41:40+0200,04b1983b-7d82-4991-9c22-f60d67a0a20c,2026-05-04T10:45:00Z,2026-05-04T12:45:00+0200,9284.02,MW,FR,FR,actual_solar_generation,Solar,2026-05-24T05:42:13Z
2026-05-24T05:41:40Z,2026-05-24T07:41:40+0200,04b1983b-7d82-4991-9c22-f60d67a0a20c,2026-05-04T11:00:00Z,2026-05-04T13:00:00+0200,9130.44,MW,FR,FR,actual_solar_generation,Solar,2026-05-24T05:42:13Z
2026-05-24T05:41:40Z,2026-05-24T07:41:40+0200,04b1983b-7d82-4991-9c22-f60d67a0a20c,2026-05-04T11:15:00Z,2026-05-04T13:15:00+0200,9070.41,MW,FR,FR,actual_solar_generation,Solar,2026-05-24T05:42:13Z
2026-05-24T05:41:40Z,2026-05-24T07:41:40+0200,04b1983b-7d82-4991-9c22-f60d67a0a20c,2026-05-04T11:30:00Z,2026-05-04T13:30:00+0200,9101.55,MW,FR,FR,actual_solar_generation,Solar,2026-05-24T05:42:13Z
2026-05-24T05:41:40Z,2026-05-24T07:41:40+0200,04b1983b-7d82-4991-9c22-f60d67a0a20c,2026-05-04T11:45:00Z,2026-05-04T13:45:00+0200,8827.65,MW,FR,FR,actual_solar_generation,Solar,2026-05-24T05:42:13Z
2026-05-24T05:41:40Z,2026-05-24T07:41:40+0200,04b1983b-7d82-4991-9c22-f60d67a0a20c,2026-05-04T12:00:00Z,2026-05-04T14:00:00+0200,9041.97,MW,FR,FR,actual_solar_generation,Solar,2026-05-24T05:42:13Z
2026-05-24T05:41:40Z,2026-05-24T07:41:40+0200,04b1983b-7d82-4991-9c22-f60d67a0a20c,2026-05-04T12:15:00Z,2026-05-04T14:15:00+0200,9244.61,MW,FR,FR,actual_solar_generation,Solar,2026-05-24T05:42:13Z
2026-05-24T05:41:40Z,2026-05-24T07:41:40+0200,04b1983b-7d82-4991-9c22-f60d67a0a20c,2026-05-04T12:30:00Z,2026-05-04T14:30:00+0200,8938.5,MW,FR,FR,actual_solar_generation,Solar,2026-05-24T05:42:13Z
2026-05-24T05:41:40Z,2026-05-24T07:41:40+0200,04b1983b-7d82-4991-9c22-f60d67a0a20c,2026-05-04T12:45:00Z,2026-05-04T14:45:00+0200,8656.39,MW,FR,FR,actual_solar_generation,Solar,2026-05-24T05:42:13Z
2026-05-24T05:41:40Z,2026-05-24T07:41:40+0200,04b1983b-7d82-4991-9c22-f60d67a0a20c,2026-05-04T13:00:00Z,2026-05-04T15:00:00+0200,8586.04,MW,FR,FR,actual_solar_generation,Solar,2026-05-24T05:42:13Z
2026-05-24T05:41:40Z,2026-05-24T07:41:40+0200,04b1983b-7d82-4991-9c22-f60d67a0a20c,2026-05-04T13:15:00Z,2026-05-04T15:15:00+0200,8354.02,MW,FR,FR,actual_solar_generation,Solar,2026-05-24T05:42:13Z
2026-05-24T05:41:40Z,2026-05-24T07:41:40+0200,04b1983b-7d82-4991-9c22-f60d67a0a20c,2026-05-04T13:30:00Z,2026-05-04T15:30:00+0200,8275.51,MW,FR,FR,actual_solar_generation,Solar,2026-05-24T05:42:13Z
2026-05-24T05:41:40Z,2026-05-24T07:41:40+0200,04b1983b-7d82-4991-9c22-f60d67a0a20c,2026-05-04T13:45:00Z,2026-05-04T15:45:00+0200,7814.58,MW,FR,FR,actual_solar_generation,Solar,2026-05-24T05:42:13Z
2026-05-24T05:41:40Z,2026-05-24T07:41:40+0200,04b1983b-7d82-4991-9c22-f60d67a0a20c,2026-05-04T14:00:00Z,2026-05-04T16:00:00+0200,7529.56,MW,FR,FR,actual_solar_generation,Solar,2026-05-24T05:42:13Z
2026-05-24T05:41:40Z,2026-05-24T07:41:40+0200,04b1983b-7d82-4991-9c22-f60d67a0a20c,2026-05-04T14:15:00Z,2026-05-04T16:15:00+0200,7322.46,MW,FR,FR,actual_solar_generation,Solar,2026-05-24T05:42:13Z
2026-05-24T05:41:40Z,2026-05-24T07:41:40+0200,04b1983b-7d82-4991-9c22-f60d67a0a20c,2026-05-04T14:30:00Z,2026-05-04T16:30:00+0200,6504.96,MW,FR,FR,actual_solar_generation,Solar,2026-05-24T05:42:13Z
2026-05-24T05:41:40Z,2026-05-24T07:41:40+0200,04b1983b-7d82-4991-9c22-f60d67a0a20c,2026-05-04T14:45:00Z,2026-05-04T16:45:00+0200,6112.03,MW,FR,FR,actual_solar_generation,Solar,2026-05-24T05:42:13Z
2026-05-24T05:41:40Z,2026-05-24T07:41:40+0200,04b1983b-7d82-4991-9c22-f60d67a0a20c,2026-05-04T15:00:00Z,2026-05-04T17:00:00+0200,5793.42,MW,FR,FR,actual_solar_generation,Solar,2026-05-24T05:42:13Z
2026-05-24T05:41:40Z,2026-05-24T07:41:40+0200,04b1983b-7d82-4991-9c22-f60d67a0a20c,2026-05-04T15:15:00Z,2026-05-04T17:15:00+0200,5431.9,MW,FR,FR,actual_solar_generation,Solar,2026-05-24T05:42:13Z
2026-05-24T05:41:40Z,2026-05-24T07:41:40+0200,04b1983b-7d82-4991-9c22-f60d67a0a20c,2026-05-04T15:30:00Z,2026-05-04T17:30:00+0200,5104.54,MW,FR,FR,actual_solar_generation,Solar,2026-05-24T05:42:13Z
2026-05-24T05:41:40Z,2026-05-24T07:41:40+0200,04b1983b-7d82-4991-9c22-f60d67a0a20c,2026-05-04T15:45:00Z,2026-05-04T17:45:00+0200,4691.91,MW,FR,FR,actual_solar_generation,Solar,2026-05-24T05:42:13Z
2026-05-24T05:41:40Z,2026-05-24T07:41:40+0200,04b1983b-7d82-4991-9c22-f60d67a0a20c,2026-05-04T16:00:00Z,2026-05-04T18:00:00+0200,4258.53,MW,FR,FR,actual_solar_generation,Solar,2026-05-24T05:42:13Z
2026-05-24T05:41:40Z,2026-05-24T07:41:40+0200,04b1983b-7d82-4991-9c22-f60d67a0a20c,2026-05-04T16:15:00Z,2026-05-04T18:15:00+0200,3856.19,MW,FR,FR,actual_solar_generation,Solar,2026-05-24T05:42:13Z
2026-05-24T05:41:40Z,2026-05-24T07:41:40+0200,04b1983b-7d82-4991-9c22-f60d67a0a20c,2026-05-04T16:30:00Z,2026-05-04T18:30:00+0200,3387.93,MW,FR,FR,actual_solar_generation,Solar,2026-05-24T05:42:13Z
2026-05-24T05:41:40Z,2026-05-24T07:41:40+0200,04b1983b-7d82-4991-9c22-f60d67a0a20c,2026-05-04T16:45:00Z,2026-05-04T18:45:00+0200,2923.83,MW,FR,FR,actual_solar_generation,Solar,2026-05-24T05:42:13Z
2026-05-24T05:41:40Z,2026-05-24T07:41:40+0200,04b1983b-7d82-4991-9c22-f60d67a0a20c,2026-05-04T17:00:00Z,2026-05-04T19:00:00+0200,2467.54,MW,FR,FR,actual_solar_generation,Solar,2026-05-24T05:42:13Z
2026-05-24T05:41:40Z,2026-05-24T07:41:40+0200,04b1983b-7d82-4991-9c22-f60d67a0a20c,2026-05-04T17:15:00Z,2026-05-04T19:15:00+0200,2060.96,MW,FR,FR,actual_solar_generation,Solar,2026-05-24T05:42:13Z
2026-05-24T05:41:40Z,2026-05-24T07:41:40+0200,04b1983b-7d82-4991-9c22-f60d67a0a20c,2026-05-04T17:30:00Z,2026-05-04T19:30:00+0200,1681.75,MW,FR,FR,actual_solar_generation,Solar,2026-05-24T05:42:13Z
2026-05-24T05:41:40Z,2026-05-24T07:41:40+0200,04b1983b-7d82-4991-9c22-f60d67a0a20c,2026-05-04T17:45:00Z,2026-05-04T19:45:00+0200,1338.23,MW,FR,FR,actual_solar_generation,Solar,2026-05-24T05:42:13Z
2026-05-24T05:41:40Z,2026-05-24T07:41:40+0200,04b1983b-7d82-4991-9c22-f60d67a0a20c,2026-05-04T18:00:00Z,2026-05-04T20:00:00+0200,1016.28,MW,FR,FR,actual_solar_generation,Solar,2026-05-24T05:42:13Z
2026-05-24T05:41:40Z,2026-05-24T07:41:40+0200,04b1983b-7d82-4991-9c22-f60d67a0a20c,2026-05-04T18:15:00Z,2026-05-04T20:15:00+0200,739.87,MW,FR,FR,actual_solar_generation,Solar,2026-05-24T05:42:13Z
2026-05-24T05:41:40Z,2026-05-24T07:41:40+0200,04b1983b-7d82-4991-9c22-f60d67a0a20c,2026-05-04T18:30:00Z,2026-05-04T20:30:00+0200,534.63,MW,FR,FR,actual_solar_generation,Solar,2026-05-24T05:42:13Z
2026-05-24T05:41:40Z,2026-05-24T07:41:40+0200,04b1983b-7d82-4991-9c22-f60d67a0a20c,2026-05-04T18:45:00Z,2026-05-04T20:45:00+0200,398.93,MW,FR,FR,actual_solar_generation,Solar,2026-05-24T05:42:13Z
2026-05-24T05:41:40Z,2026-05-24T07:41:40+0200,04b1983b-7d82-4991-9c22-f60d67a0a20c,2026-05-04T19:00:00Z,2026-05-04T21:00:00+0200,264.11,MW,FR,FR,actual_solar_generation,Solar,2026-05-24T05:42:13Z
2026-05-24T05:41:40Z,2026-05-24T07:41:40+0200,04b1983b-7d82-4991-9c22-f60d67a0a20c,2026-05-04T19:15:00Z,2026-05-04T21:15:00+0200,199.88,MW,FR,FR,actual_solar_generation,Solar,2026-05-24T05:42:13Z
2026-05-24T05:41:40Z,2026-05-24T07:41:40+0200,04b1983b-7d82-4991-9c22-f60d67a0a20c,2026-05-04T19:30:00Z,2026-05-04T21:30:00+0200,184.96,MW,FR,FR,actual_solar_generation,Solar,2026-05-24T05:42:13Z
2026-05-24T05:41:40Z,2026-05-24T07:41:40+0200,04b1983b-7d82-4991-9c22-f60d67a0a20c,2026-05-04T19:45:00Z,2026-05-04T21:45:00+0200,190.97,MW,FR,FR,actual_solar_generation,Solar,2026-05-24T05:42:13Z
2026-05-24T05:41:40Z,2026-05-24T07:41:40+0200,04b1983b-7d82-4991-9c22-f60d67a0a20c,2026-05-04T20:00:00Z,2026-05-04T22:00:00+0200,188.25,MW,FR,FR,actual_solar_generation,Solar,2026-05-24T05:42:13Z
2026-05-24T05:41:40Z,2026-05-24T07:41:40+0200,04b1983b-7d82-4991-9c22-f60d67a0a20c,2026-05-04T20:15:00Z,2026-05-04T22:15:00+0200,187.73,MW,FR,FR,actual_solar_generation,Solar,2026-05-24T05:42:13Z
2026-05-24T05:41:40Z,2026-05-24T07:41:40+0200,04b1983b-7d82-4991-9c22-f60d67a0a20c,2026-05-04T20:30:00Z,2026-05-04T22:30:00+0200,187.75,MW,FR,FR,actual_solar_generation,Solar,2026-05-24T05:42:13Z
2026-05-24T05:41:40Z,2026-05-24T07:41:40+0200,04b1983b-7d82-4991-9c22-f60d67a0a20c,2026-05-04T20:45:00Z,2026-05-04T22:45:00+0200,196.02,MW,FR,FR,actual_solar_generation,Solar,2026-05-24T05:42:13Z
2026-05-24T05:41:40Z,2026-05-24T07:41:40+0200,04b1983b-7d82-4991-9c22-f60d67a0a20c,2026-05-04T21:00:00Z,2026-05-04T23:00:00+0200,0.0,MW,FR,FR,actual_solar_generation,Solar,2026-05-24T05:42:13Z
2026-05-24T05:41:40Z,2026-05-24T07:41:40+0200,04b1983b-7d82-4991-9c22-f60d67a0a20c,2026-05-04T21:15:00Z,2026-05-04T23:15:00+0200,0.0,MW,FR,FR,actual_solar_generation,Solar,2026-05-24T05:42:13Z
2026-05-24T05:41:40Z,2026-05-24T07:41:40+0200,04b1983b-7d82-4991-9c22-f60d67a0a20c,2026-05-04T21:30:00Z,2026-05-04T23:30:00+0200,0.0,MW,FR,FR,actual_solar_generation,Solar,2026-05-24T05:42:13Z
2026-05-24T05:41:40Z,2026-05-24T07:41:40+0200,04b1983b-7d82-4991-9c22-f60d67a0a20c,2026-05-04T21:45:00Z,2026-05-04T23:45:00+0200,0.0,MW,FR,FR,actual_solar_generation,Solar,2026-05-24T05:42:13Z
2026-05-24T05:41:40Z,2026-05-24T07:41:40+0200,04b1983b-7d82-4991-9c22-f60d67a0a20c,2026-05-04T22:00:00Z,2026-05-05T00:00:00+0200,0.0,MW,FR,FR,actual_solar_generation,Solar,2026-05-24T05:42:13Z
2026-05-24T05:41:40Z,2026-05-24T07:41:40+0200,04b1983b-7d82-4991-9c22-f60d67a0a20c,2026-05-04T22:15:00Z,2026-05-05T00:15:00+0200,0.0,MW,FR,FR,actual_solar_generation,Solar,2026-05-24T05:42:13Z
2026-05-24T05:41:40Z,2026-05-24T07:41:40+0200,04b1983b-7d82-4991-9c22-f60d67a0a20c,2026-05-04T22:30:00Z,2026-05-05T00:30:00+0200,0.0,MW,FR,FR,actual_solar_generation,Solar,2026-05-24T05:42:13Z
2026-05-24T05:41:40Z,2026-05-24T07:41:40+0200,04b1983b-7d82-4991-9c22-f60d67a0a20c,2026-05-04T22:45:00Z,2026-05-05T00:45:00+0200,0.0,MW,FR,FR,actual_solar_generation,Solar,2026-05-24T05:42:13Z
2026-05-24T05:41:40Z,2026-05-24T07:41:40+0200,04b1983b-7d82-4991-9c22-f60d67a0a20c,2026-05-04T23:00:00Z,2026-05-05T01:00:00+0200,0.0,MW,FR,FR,actual_solar_generation,Solar,2026-05-24T05:42:13Z
2026-05-24T05:41:40Z,2026-05-24T07:41:40+0200,04b1983b-7d82-4991-9c22-f60d67a0a20c,2026-05-04T23:15:00Z,2026-05-05T01:15:00+0200,0.0,MW,FR,FR,actual_solar_generation,Solar,2026-05-24T05:42:13Z
2026-05-24T05:41:40Z,2026-05-24T07:41:40+0200,04b1983b-7d82-4991-9c22-f60d67a0a20c,2026-05-04T23:30:00Z,2026-05-05T01:30:00+0200,0.0,MW,FR,FR,actual_solar_generation,Solar,2026-05-24T05:42:13Z
2026-05-24T05:41:40Z,2026-05-24T07:41:40+0200,04b1983b-7d82-4991-9c22-f60d67a0a20c,2026-05-04T23:45:00Z,2026-05-05T01:45:00+0200,0.0,MW,FR,FR,actual_solar_generation,Solar,2026-05-24T05:42:13Z
2026-05-24T05:41:40Z,2026-05-24T07:41:40+0200,04b1983b-7d82-4991-9c22-f60d67a0a20c,2026-05-05T00:00:00Z,2026-05-05T02:00:00+0200,0.0,MW,FR,FR,actual_solar_generation,Solar,2026-05-24T05:42:13Z
2026-05-24T05:41:40Z,2026-05-24T07:41:40+0200,04b1983b-7d82-4991-9c22-f60d67a0a20c,2026-05-05T00:15:00Z,2026-05-05T02:15:00+0200,0.0,MW,FR,FR,actual_solar_generation,Solar,2026-05-24T05:42:13Z
2026-05-24T05:41:40Z,2026-05-24T07:41:40+0200,04b1983b-7d82-4991-9c22-f60d67a0a20c,2026-05-05T00:30:00Z,2026-05-05T02:30:00+0200,0.0,MW,FR,FR,actual_solar_generation,Solar,2026-05-24T05:42:13Z
2026-05-24T05:41:40Z,2026-05-24T07:41:40+0200,04b1983b-7d82-4991-9c22-f60d67a0a20c,2026-05-05T00:45:00Z,2026-05-05T02:45:00+0200,0.0,MW,FR,FR,actual_solar_generation,Solar,2026-05-24T05:42:13Z
2026-05-24T05:41:40Z,2026-05-24T07:41:40+0200,04b1983b-7d82-4991-9c22-f60d67a0a20c,2026-05-05T01:00:00Z,2026-05-05T03:00:00+0200,0.0,MW,FR,FR,actual_solar_generation,Solar,2026-05-24T05:42:13Z
2026-05-24T05:41:40Z,2026-05-24T07:41:40+0200,04b1983b-7d82-4991-9c22-f60d67a0a20c,2026-05-05T01:15:00Z,2026-05-05T03:15:00+0200,0.0,MW,FR,FR,actual_solar_generation,Solar,2026-05-24T05:42:13Z
2026-05-24T05:41:40Z,2026-05-24T07:41:40+0200,04b1983b-7d82-4991-9c22-f60d67a0a20c,2026-05-05T01:30:00Z,2026-05-05T03:30:00+0200,0.0,MW,FR,FR,actual_solar_generation,Solar,2026-05-24T05:42:13Z
2026-05-24T05:41:40Z,2026-05-24T07:41:40+0200,04b1983b-7d82-4991-9c22-f60d67a0a20c,2026-05-05T01:45:00Z,2026-05-05T03:45:00+0200,0.0,MW,FR,FR,actual_solar_generation,Solar,2026-05-24T05:42:13Z
2026-05-24T05:41:40Z,2026-05-24T07:41:40+0200,04b1983b-7d82-4991-9c22-f60d67a0a20c,2026-05-05T02:00:00Z,2026-05-05T04:00:00+0200,0.0,MW,FR,FR,actual_solar_generation,Solar,2026-05-24T05:42:13Z
2026-05-24T05:41:40Z,2026-05-24T07:41:40+0200,04b1983b-7d82-4991-9c22-f60d67a0a20c,2026-05-05T02:15:00Z,2026-05-05T04:15:00+0200,0.0,MW,FR,FR,actual_solar_generation,Solar,2026-05-24T05:42:13Z
2026-05-24T05:41:40Z,2026-05-24T07:41:40+0200,04b1983b-7d82-4991-9c22-f60d67a0a20c,2026-05-05T02:30:00Z,2026-05-05T04:30:00+0200,0.0,MW,FR,FR,actual_solar_generation,Solar,2026-05-24T05:42:13Z
2026-05-24T05:41:40Z,2026-05-24T07:41:40+0200,04b1983b-7d82-4991-9c22-f60d67a0a20c,2026-05-05T02:45:00Z,2026-05-05T04:45:00+0200,0.0,MW,FR,FR,actual_solar_generation,Solar,2026-05-24T05:42:13Z
2026-05-24T05:41:40Z,2026-05-24T07:41:40+0200,04b1983b-7d82-4991-9c22-f60d67a0a20c,2026-05-05T03:00:00Z,2026-05-05T05:00:00+0200,0.0,MW,FR,FR,actual_solar_generation,Solar,2026-05-24T05:42:13Z
2026-05-24T05:41:40Z,2026-05-24T07:41:40+0200,04b1983b-7d82-4991-9c22-f60d67a0a20c,2026-05-05T03:15:00Z,2026-05-05T05:15:00+0200,0.0,MW,FR,FR,actual_solar_generation,Solar,2026-05-24T05:42:13Z
2026-05-24T05:41:40Z,2026-05-24T07:41:40+0200,04b1983b-7d82-4991-9c22-f60d67a0a20c,2026-05-05T03:30:00Z,2026-05-05T05:30:00+0200,0.0,MW,FR,FR,actual_solar_generation,Solar,2026-05-24T05:42:13Z
2026-05-24T05:41:40Z,2026-05-24T07:41:40+0200,04b1983b-7d82-4991-9c22-f60d67a0a20c,2026-05-05T03:45:00Z,2026-05-05T05:45:00+0200,0.0,MW,FR,FR,actual_solar_generation,Solar,2026-05-24T05:42:13Z
2026-05-24T05:41:40Z,2026-05-24T07:41:40+0200,04b1983b-7d82-4991-9c22-f60d67a0a20c,2026-05-05T04:00:00Z,2026-05-05T06:00:00+0200,188.2,MW,FR,FR,actual_solar_generation,Solar,2026-05-24T05:42:13Z
2026-05-24T05:41:40Z,2026-05-24T07:41:40+0200,04b1983b-7d82-4991-9c22-f60d67a0a20c,2026-05-05T04:15:00Z,2026-05-05T06:15:00+0200,203.99,MW,FR,FR,actual_solar_generation,Solar,2026-05-24T05:42:13Z
2026-05-24T05:41:40Z,2026-05-24T07:41:40+0200,04b1983b-7d82-4991-9c22-f60d67a0a20c,2026-05-05T04:30:00Z,2026-05-05T06:30:00+0200,254.08,MW,FR,FR,actual_solar_generation,Solar,2026-05-24T05:42:13Z
2026-05-24T05:41:40Z,2026-05-24T07:41:40+0200,04b1983b-7d82-4991-9c22-f60d67a0a20c,2026-05-05T04:45:00Z,2026-05-05T06:45:00+0200,343.19,MW,FR,FR,actual_solar_generation,Solar,2026-05-24T05:42:13Z
2026-05-24T05:41:40Z,2026-05-24T07:41:40+0200,04b1983b-7d82-4991-9c22-f60d67a0a20c,2026-05-05T05:00:00Z,2026-05-05T07:00:00+0200,452.04,MW,FR,FR,actual_solar_generation,Solar,2026-05-24T05:42:13Z
2026-05-24T05:41:40Z,2026-05-24T07:41:40+0200,04b1983b-7d82-4991-9c22-f60d67a0a20c,2026-05-05T05:15:00Z,2026-05-05T07:15:00+0200,625.73,MW,FR,FR,actual_solar_generation,Solar,2026-05-24T05:42:13Z
2026-05-24T05:41:40Z,2026-05-24T07:41:40+0200,04b1983b-7d82-4991-9c22-f60d67a0a20c,2026-05-05T05:30:00Z,2026-05-05T07:30:00+0200,905.77,MW,FR,FR,actual_solar_generation,Solar,2026-05-24T05:42:13Z
2026-05-24T05:41:40Z,2026-05-24T07:41:40+0200,04b1983b-7d82-4991-9c22-f60d67a0a20c,2026-05-05T05:45:00Z,2026-05-05T07:45:00+0200,1336.83,MW,FR,FR,actual_solar_generation,Solar,2026-05-24T05:42:13Z
2026-05-24T05:41:40Z,2026-05-24T07:41:40+0200,04b1983b-7d82-4991-9c22-f60d67a0a20c,2026-05-05T06:00:00Z,2026-05-05T08:00:00+0200,1719.71,MW,FR,FR,actual_solar_generation,Solar,2026-05-24T05:42:13Z
2026-05-24T05:41:40Z,2026-05-24T07:41:40+0200,04b1983b-7d82-4991-9c22-f60d67a0a20c,2026-05-05T06:15:00Z,2026-05-05T08:15:00+0200,2125.6,MW,FR,FR,actual_solar_generation,Solar,2026-05-24T05:42:13Z
2026-05-24T05:41:40Z,2026-05-24T07:41:40+0200,04b1983b-7d82-4991-9c22-f60d67a0a20c,2026-05-05T06:30:00Z,2026-05-05T08:30:00+0200,2571.77,MW,FR,FR,actual_solar_generation,Solar,2026-05-24T05:42:13Z
2026-05-24T05:41:40Z,2026-05-24T07:41:40+0200,04b1983b-7d82-4991-9c22-f60d67a0a20c,2026-05-05T06:45:00Z,2026-05-05T08:45:00+0200,3043.21,MW,FR,FR,actual_solar_generation,Solar,2026-05-24T05:42:13Z
2026-05-24T05:41:40Z,2026-05-24T07:41:40+0200,04b1983b-7d82-4991-9c22-f60d67a0a20c,2026-05-05T07:00:00Z,2026-05-05T09:00:00+0200,3553.96,MW,FR,FR,actual_solar_generation,Solar,2026-05-24T05:42:13Z
2026-05-24T05:41:40Z,2026-05-24T07:41:40+0200,04b1983b-7d82-4991-9c22-f60d67a0a20c,2026-05-05T07:15:00Z,2026-05-05T09:15:00+0200,4077.68,MW,FR,FR,actual_solar_generation,Solar,2026-05-24T05:42:13Z
2026-05-24T05:41:40Z,2026-05-24T07:41:40+0200,04b1983b-7d82-4991-9c22-f60d67a0a20c,2026-05-05T07:30:00Z,2026-05-05T09:30:00+0200,4557.65,MW,FR,FR,actual_solar_generation,Solar,2026-05-24T05:42:13Z
2026-05-24T05:41:40Z,2026-05-24T07:41:40+0200,04b1983b-7d82-4991-9c22-f60d67a0a20c,2026-05-05T07:45:00Z,2026-05-05T09:45:00+0200,5101.87,MW,FR,FR,actual_solar_generation,Solar,2026-05-24T05:42:13Z
2026-05-24T05:41:40Z,2026-05-24T07:41:40+0200,04b1983b-7d82-4991-9c22-f60d67a0a20c,2026-05-05T08:00:00Z,2026-05-05T10:00:00+0200,5651.42,MW,FR,FR,actual_solar_generation,Solar,2026-05-24T05:42:13Z
2026-05-24T05:41:40Z,2026-05-24T07:41:40+0200,04b1983b-7d82-4991-9c22-f60d67a0a20c,2026-05-05T08:15:00Z,2026-05-05T10:15:00+0200,6318.08,MW,FR,FR,actual_solar_generation,Solar,2026-05-24T05:42:13Z
2026-05-24T05:41:40Z,2026-05-24T07:41:40+0200,04b1983b-7d82-4991-9c22-f60d67a0a20c,2026-05-05T08:30:00Z,2026-05-05T10:30:00+0200,6989.68,MW,FR,FR,actual_solar_generation,Solar,2026-05-24T05:42:13Z
2026-05-24T05:41:40Z,2026-05-24T07:41:40+0200,04b1983b-7d82-4991-9c22-f60d67a0a20c,2026-05-05T08:45:00Z,2026-05-05T10:45:00+0200,7385.7,MW,FR,FR,actual_solar_generation,Solar,2026-05-24T05:42:13Z
2026-05-24T05:41:40Z,2026-05-24T07:41:40+0200,04b1983b-7d82-4991-9c22-f60d67a0a20c,2026-05-05T09:00:00Z,2026-05-05T11:00:00+0200,8060.88,MW,FR,FR,actual_solar_generation,Solar,2026-05-24T05:42:13Z
2026-05-24T05:41:40Z,2026-05-24T07:41:40+0200,04b1983b-7d82-4991-9c22-f60d67a0a20c,2026-05-05T09:15:00Z,2026-05-05T11:15:00+0200,8561.0,MW,FR,FR,actual_solar_generation,Solar,2026-05-24T05:42:13Z
2026-05-24T05:41:40Z,2026-05-24T07:41:40+0200,04b1983b-7d82-4991-9c22-f60d67a0a20c,2026-05-05T09:30:00Z,2026-05-05T11:30:00+0200,9007.68,MW,FR,FR,actual_solar_generation,Solar,2026-05-24T05:42:13Z
2026-05-24T05:41:40Z,2026-05-24T07:41:40+0200,04b1983b-7d82-4991-9c22-f60d67a0a20c,2026-05-05T09:45:00Z,2026-05-05T11:45:00+0200,9361.63,MW,FR,FR,actual_solar_generation,Solar,2026-05-24T05:42:13Z
2026-05-24T05:41:40Z,2026-05-24T07:41:40+0200,04b1983b-7d82-4991-9c22-f60d67a0a20c,2026-05-05T10:00:00Z,2026-05-05T12:00:00+0200,9766.07,MW,FR,FR,actual_solar_generation,Solar,2026-05-24T05:42:13Z
2026-05-24T05:41:40Z,2026-05-24T07:41:40+0200,04b1983b-7d82-4991-9c22-f60d67a0a20c,2026-05-05T10:15:00Z,2026-05-05T12:15:00+0200,10209.52,MW,FR,FR,actual_solar_generation,Solar,2026-05-24T05:42:13Z
2026-05-24T05:41:40Z,2026-05-24T07:41:40+0200,04b1983b-7d82-4991-9c22-f60d67a0a20c,2026-05-05T10:30:00Z,2026-05-05T12:30:00+0200,10355.65,MW,FR,FR,actual_solar_generation,Solar,2026-05-24T05:42:13Z
2026-05-24T05:41:40Z,2026-05-24T07:41:40+0200,04b1983b-7d82-4991-9c22-f60d67a0a20c,2026-05-05T10:45:00Z,2026-05-05T12:45:00+0200,10677.19,MW,FR,FR,actual_solar_generation,Solar,2026-05-24T05:42:13Z
2026-05-24T05:41:40Z,2026-05-24T07:41:40+0200,04b1983b-7d82-4991-9c22-f60d67a0a20c,2026-05-05T11:00:00Z,2026-05-05T13:00:00+0200,10789.07,MW,FR,FR,actual_solar_generation,Solar,2026-05-24T05:42:13Z
2026-05-24T05:41:40Z,2026-05-24T07:41:40+0200,04b1983b-7d82-4991-9c22-f60d67a0a20c,2026-05-05T11:15:00Z,2026-05-05T13:15:00+0200,11023.57,MW,FR,FR,actual_solar_generation,Solar,2026-05-24T05:42:13Z
2026-05-24T05:41:40Z,2026-05-24T07:41:40+0200,04b1983b-7d82-4991-9c22-f60d67a0a20c,2026-05-05T11:30:00Z,2026-05-05T13:30:00+0200,11103.95,MW,FR,FR,actual_solar_generation,Solar,2026-05-24T05:42:13Z
2026-05-24T05:41:40Z,2026-05-24T07:41:40+0200,04b1983b-7d82-4991-9c22-f60d67a0a20c,2026-05-05T11:45:00Z,2026-05-05T13:45:00+0200,10911.7,MW,FR,FR,actual_solar_generation,Solar,2026-05-24T05:42:13Z
2026-05-24T05:41:40Z,2026-05-24T07:41:40+0200,04b1983b-7d82-4991-9c22-f60d67a0a20c,2026-05-05T12:00:00Z,2026-05-05T14:00:00+0200,11050.85,MW,FR,FR,actual_solar_generation,Solar,2026-05-24T05:42:13Z
2026-05-24T05:41:40Z,2026-05-24T07:41:40+0200,04b1983b-7d82-4991-9c22-f60d67a0a20c,2026-05-05T12:15:00Z,2026-05-05T14:15:00+0200,11023.89,MW,FR,FR,actual_solar_generation,Solar,2026-05-24T05:42:13Z
2026-05-24T05:41:40Z,2026-05-24T07:41:40+0200,04b1983b-7d82-4991-9c22-f60d67a0a20c,2026-05-05T12:30:00Z,2026-05-05T14:30:00+0200,11114.19,MW,FR,FR,actual_solar_generation,Solar,2026-05-24T05:42:13Z
2026-05-24T05:41:40Z,2026-05-24T07:41:40+0200,04b1983b-7d82-4991-9c22-f60d67a0a20c,2026-05-05T12:45:00Z,2026-05-05T14:45:00+0200,11025.58,MW,FR,FR,actual_solar_generation,Solar,2026-05-24T05:42:13Z
2026-05-24T05:41:40Z,2026-05-24T07:41:40+0200,04b1983b-7d82-4991-9c22-f60d67a0a20c,2026-05-05T13:00:00Z,2026-05-05T15:00:00+0200,11030.98,MW,FR,FR,actual_solar_generation,Solar,2026-05-24T05:42:13Z
2026-05-24T05:41:40Z,2026-05-24T07:41:40+0200,04b1983b-7d82-4991-9c22-f60d67a0a20c,2026-05-05T13:15:00Z,2026-05-05T15:15:00+0200,10804.01,MW,FR,FR,actual_solar_generation,Solar,2026-05-24T05:42:13Z
2026-05-24T05:41:40Z,2026-05-24T07:41:40+0200,04b1983b-7d82-4991-9c22-f60d67a0a20c,2026-05-05T13:30:00Z,2026-05-05T15:30:00+0200,10431.87,MW,FR,FR,actual_solar_generation,Solar,2026-05-24T05:42:13Z
2026-05-24T05:41:40Z,2026-05-24T07:41:40+0200,04b1983b-7d82-4991-9c22-f60d67a0a20c,2026-05-05T13:45:00Z,2026-05-05T15:45:00+0200,10241.23,MW,FR,FR,actual_solar_generation,Solar,2026-05-24T05:42:13Z
2026-05-24T05:41:40Z,2026-05-24T07:41:40+0200,04b1983b-7d82-4991-9c22-f60d67a0a20c,2026-05-05T14:00:00Z,2026-05-05T16:00:00+0200,10073.95,MW,FR,FR,actual_solar_generation,Solar,2026-05-24T05:42:13Z
2026-05-24T05:41:40Z,2026-05-24T07:41:40+0200,04b1983b-7d82-4991-9c22-f60d67a0a20c,2026-05-05T14:15:00Z,2026-05-05T16:15:00+0200,9652.95,MW,FR,FR,actual_solar_generation,Solar,2026-05-24T05:42:13Z
2026-05-24T05:41:40Z,2026-05-24T07:41:40+0200,04b1983b-7d82-4991-9c22-f60d67a0a20c,2026-05-05T14:30:00Z,2026-05-05T16:30:00+0200,9315.85,MW,FR,FR,actual_solar_generation,Solar,2026-05-24T05:42:13Z
2026-05-24T05:41:40Z,2026-05-24T07:41:40+0200,04b1983b-7d82-4991-9c22-f60d67a0a20c,2026-05-05T14:45:00Z,2026-05-05T16:45:00+0200,8898.49,MW,FR,FR,actual_solar_generation,Solar,2026-05-24T05:42:13Z
2026-05-24T05:41:40Z,2026-05-24T07:41:40+0200,04b1983b-7d82-4991-9c22-f60d67a0a20c,2026-05-05T15:00:00Z,2026-05-05T17:00:00+0200,8525.88,MW,FR,FR,actual_solar_generation,Solar,2026-05-24T05:42:13Z
2026-05-24T05:41:40Z,2026-05-24T07:41:40+0200,04b1983b-7d82-4991-9c22-f60d67a0a20c,2026-05-05T15:15:00Z,2026-05-05T17:15:00+0200,7968.46,MW,FR,FR,actual_solar_generation,Solar,2026-05-24T05:42:13Z
2026-05-24T05:41:40Z,2026-05-24T07:41:40+0200,04b1983b-7d82-4991-9c22-f60d67a0a20c,2026-05-05T15:30:00Z,2026-05-05T17:30:00+0200,7153.79,MW,FR,FR,actual_solar_generation,Solar,2026-05-24T05:42:13Z
2026-05-24T05:41:40Z,2026-05-24T07:41:40+0200,04b1983b-7d82-4991-9c22-f60d67a0a20c,2026-05-05T15:45:00Z,2026-05-05T17:45:00+0200,6579.8,MW,FR,FR,actual_solar_generation,Solar,2026-05-24T05:42:13Z
2026-05-24T05:41:40Z,2026-05-24T07:41:40+0200,04b1983b-7d82-4991-9c22-f60d67a0a20c,2026-05-05T16:00:00Z,2026-05-05T18:00:00+0200,5908.16,MW,FR,FR,actual_solar_generation,Solar,2026-05-24T05:42:13Z
2026-05-24T05:41:40Z,2026-05-24T07:41:40+0200,04b1983b-7d82-4991-9c22-f60d67a0a20c,2026-05-05T16:15:00Z,2026-05-05T18:15:00+0200,5232.27,MW,FR,FR,actual_solar_generation,Solar,2026-05-24T05:42:13Z
2026-05-24T05:41:40Z,2026-05-24T07:41:40+0200,04b1983b-7d82-4991-9c22-f60d67a0a20c,2026-05-05T16:30:00Z,2026-05-05T18:30:00+0200,4678.98,MW,FR,FR,actual_solar_generation,Solar,2026-05-24T05:42:13Z
2026-05-24T05:41:40Z,2026-05-24T07:41:40+0200,04b1983b-7d82-4991-9c22-f60d67a0a20c,2026-05-05T16:45:00Z,2026-05-05T18:45:00+0200,3940.44,MW,FR,FR,actual_solar_generation,Solar,2026-05-24T05:42:13Z
2026-05-24T05:41:40Z,2026-05-24T07:41:40+0200,04b1983b-7d82-4991-9c22-f60d67a0a20c,2026-05-05T17:00:00Z,2026-05-05T19:00:00+0200,3323.73,MW,FR,FR,actual_solar_generation,Solar,2026-05-24T05:42:13Z
2026-05-24T05:41:40Z,2026-05-24T07:41:40+0200,04b1983b-7d82-4991-9c22-f60d67a0a20c,2026-05-05T17:15:00Z,2026-05-05T19:15:00+0200,2733.75,MW,FR,FR,actual_solar_generation,Solar,2026-05-24T05:42:13Z
2026-05-24T05:41:40Z,2026-05-24T07:41:40+0200,04b1983b-7d82-4991-9c22-f60d67a0a20c,2026-05-05T17:30:00Z,2026-05-05T19:30:00+0200,2166.76,MW,FR,FR,actual_solar_generation,Solar,2026-05-24T05:42:13Z
2026-05-24T05:41:40Z,2026-05-24T07:41:40+0200,04b1983b-7d82-4991-9c22-f60d67a0a20c,2026-05-05T17:45:00Z,2026-05-05T19:45:00+0200,1694.47,MW,FR,FR,actual_solar_generation,Solar,2026-05-24T05:42:13Z
2026-05-24T05:41:40Z,2026-05-24T07:41:40+0200,04b1983b-7d82-4991-9c22-f60d67a0a20c,2026-05-05T18:00:00Z,2026-05-05T20:00:00+0200,1260.49,MW,FR,FR,actual_solar_generation,Solar,2026-05-24T05:42:13Z
2026-05-24T05:41:40Z,2026-05-24T07:41:40+0200,04b1983b-7d82-4991-9c22-f60d67a0a20c,2026-05-05T18:15:00Z,2026-05-05T20:15:00+0200,892.76,MW,FR,FR,actual_solar_generation,Solar,2026-05-24T05:42:13Z
2026-05-24T05:41:40Z,2026-05-24T07:41:40+0200,04b1983b-7d82-4991-9c22-f60d67a0a20c,2026-05-05T18:30:00Z,2026-05-05T20:30:00+0200,627.28,MW,FR,FR,actual_solar_generation,Solar,2026-05-24T05:42:13Z
2026-05-24T05:41:40Z,2026-05-24T07:41:40+0200,04b1983b-7d82-4991-9c22-f60d67a0a20c,2026-05-05T18:45:00Z,2026-05-05T20:45:00+0200,450.58,MW,FR,FR,actual_solar_generation,Solar,2026-05-24T05:42:13Z
2026-05-24T05:41:40Z,2026-05-24T07:41:40+0200,04b1983b-7d82-4991-9c22-f60d67a0a20c,2026-05-05T19:00:00Z,2026-05-05T21:00:00+0200,303.91,MW,FR,FR,actual_solar_generation,Solar,2026-05-24T05:42:13Z
2026-05-24T05:41:40Z,2026-05-24T07:41:40+0200,04b1983b-7d82-4991-9c22-f60d67a0a20c,2026-05-05T19:15:00Z,2026-05-05T21:15:00+0200,215.09,MW,FR,FR,actual_solar_generation,Solar,2026-05-24T05:42:13Z
2026-05-24T05:41:40Z,2026-05-24T07:41:40+0200,04b1983b-7d82-4991-9c22-f60d67a0a20c,2026-05-05T19:30:00Z,2026-05-05T21:30:00+0200,199.13,MW,FR,FR,actual_solar_generation,Solar,2026-05-24T05:42:13Z
2026-05-24T05:41:40Z,2026-05-24T07:41:40+0200,04b1983b-7d82-4991-9c22-f60d67a0a20c,2026-05-05T19:45:00Z,2026-05-05T21:45:00+0200,198.13,MW,FR,FR,actual_solar_generation,Solar,2026-05-24T05:42:13Z
2026-05-24T05:41:40Z,2026-05-24T07:41:40+0200,04b1983b-7d82-4991-9c22-f60d67a0a20c,2026-05-05T20:00:00Z,2026-05-05T22:00:00+0200,195.37,MW,FR,FR,actual_solar_generation,Solar,2026-05-24T05:42:13Z
2026-05-24T05:41:40Z,2026-05-24T07:41:40+0200,04b1983b-7d82-4991-9c22-f60d67a0a20c,2026-05-05T20:15:00Z,2026-05-05T22:15:00+0200,195.96,MW,FR,FR,actual_solar_generation,Solar,2026-05-24T05:42:13Z
2026-05-24T05:41:40Z,2026-05-24T07:41:40+0200,04b1983b-7d82-4991-9c22-f60d67a0a20c,2026-05-05T20:30:00Z,2026-05-05T22:30:00+0200,197.55,MW,FR,FR,actual_solar_generation,Solar,2026-05-24T05:42:13Z
2026-05-24T05:41:40Z,2026-05-24T07:41:40+0200,04b1983b-7d82-4991-9c22-f60d67a0a20c,2026-05-05T20:45:00Z,2026-05-05T22:45:00+0200,199.85,MW,FR,FR,actual_solar_generation,Solar,2026-05-24T05:42:13Z
2026-05-24T05:41:40Z,2026-05-24T07:41:40+0200,04b1983b-7d82-4991-9c22-f60d67a0a20c,2026-05-05T21:00:00Z,2026-05-05T23:00:00+0200,0.0,MW,FR,FR,actual_solar_generation,Solar,2026-05-24T05:42:13Z
2026-05-24T05:41:40Z,2026-05-24T07:41:40+0200,04b1983b-7d82-4991-9c22-f60d67a0a20c,2026-05-05T21:15:00Z,2026-05-05T23:15:00+0200,0.0,MW,FR,FR,actual_solar_generation,Solar,2026-05-24T05:42:13Z
2026-05-24T05:41:40Z,2026-05-24T07:41:40+0200,04b1983b-7d82-4991-9c22-f60d67a0a20c,2026-05-05T21:30:00Z,2026-05-05T23:30:00+0200,0.0,MW,FR,FR,actual_solar_generation,Solar,2026-05-24T05:42:13Z
2026-05-24T05:41:40Z,2026-05-24T07:41:40+0200,04b1983b-7d82-4991-9c22-f60d67a0a20c,2026-05-05T21:45:00Z,2026-05-05T23:45:00+0200,0.0,MW,FR,FR,actual_solar_generation,Solar,2026-05-24T05:42:13Z
2026-05-24T05:41:40Z,2026-05-24T07:41:40+0200,04b1983b-7d82-4991-9c22-f60d67a0a20c,2026-05-05T22:00:00Z,2026-05-06T00:00:00+0200,0.0,MW,FR,FR,actual_solar_generation,Solar,2026-05-24T05:42:13Z
2026-05-24T05:41:40Z,2026-05-24T07:41:40+0200,04b1983b-7d82-4991-9c22-f60d67a0a20c,2026-05-05T22:15:00Z,2026-05-06T00:15:00+0200,0.0,MW,FR,FR,actual_solar_generation,Solar,2026-05-24T05:42:13Z
2026-05-24T05:41:40Z,2026-05-24T07:41:40+0200,04b1983b-7d82-4991-9c22-f60d67a0a20c,2026-05-05T22:30:00Z,2026-05-06T00:30:00+0200,0.0,MW,FR,FR,actual_solar_generation,Solar,2026-05-24T05:42:13Z
2026-05-24T05:41:40Z,2026-05-24T07:41:40+0200,04b1983b-7d82-4991-9c22-f60d67a0a20c,2026-05-05T22:45:00Z,2026-05-06T00:45:00+0200,0.0,MW,FR,FR,actual_solar_generation,Solar,2026-05-24T05:42:13Z
2026-05-24T05:41:40Z,2026-05-24T07:41:40+0200,04b1983b-7d82-4991-9c22-f60d67a0a20c,2026-05-05T23:00:00Z,2026-05-06T01:00:00+0200,0.0,MW,FR,FR,actual_solar_generation,Solar,2026-05-24T05:42:13Z
2026-05-24T05:41:40Z,2026-05-24T07:41:40+0200,04b1983b-7d82-4991-9c22-f60d67a0a20c,2026-05-05T23:15:00Z,2026-05-06T01:15:00+0200,0.0,MW,FR,FR,actual_solar_generation,Solar,2026-05-24T05:42:13Z
2026-05-24T05:41:40Z,2026-05-24T07:41:40+0200,04b1983b-7d82-4991-9c22-f60d67a0a20c,2026-05-05T23:30:00Z,2026-05-06T01:30:00+0200,0.0,MW,FR,FR,actual_solar_generation,Solar,2026-05-24T05:42:13Z
2026-05-24T05:41:40Z,2026-05-24T07:41:40+0200,04b1983b-7d82-4991-9c22-f60d67a0a20c,2026-05-05T23:45:00Z,2026-05-06T01:45:00+0200,0.0,MW,FR,FR,actual_solar_generation,Solar,2026-05-24T05:42:13Z
2026-05-24T05:41:40Z,2026-05-24T07:41:40+0200,04b1983b-7d82-4991-9c22-f60d67a0a20c,2026-05-06T00:00:00Z,2026-05-06T02:00:00+0200,0.0,MW,FR,FR,actual_solar_generation,Solar,2026-05-24T05:42:13Z
2026-05-24T05:41:40Z,2026-05-24T07:41:40+0200,04b1983b-7d82-4991-9c22-f60d67a0a20c,2026-05-06T00:15:00Z,2026-05-06T02:15:00+0200,0.0,MW,FR,FR,actual_solar_generation,Solar,2026-05-24T05:42:13Z
2026-05-24T05:41:40Z,2026-05-24T07:41:40+0200,04b1983b-7d82-4991-9c22-f60d67a0a20c,2026-05-06T00:30:00Z,2026-05-06T02:30:00+0200,0.0,MW,FR,FR,actual_solar_generation,Solar,2026-05-24T05:42:13Z
2026-05-24T05:41:40Z,2026-05-24T07:41:40+0200,04b1983b-7d82-4991-9c22-f60d67a0a20c,2026-05-06T00:45:00Z,2026-05-06T02:45:00+0200,0.0,MW,FR,FR,actual_solar_generation,Solar,2026-05-24T05:42:13Z
2026-05-24T05:41:40Z,2026-05-24T07:41:40+0200,04b1983b-7d82-4991-9c22-f60d67a0a20c,2026-05-06T01:00:00Z,2026-05-06T03:00:00+0200,0.0,MW,FR,FR,actual_solar_generation,Solar,2026-05-24T05:42:13Z
2026-05-24T05:41:40Z,2026-05-24T07:41:40+0200,04b1983b-7d82-4991-9c22-f60d67a0a20c,2026-05-06T01:15:00Z,2026-05-06T03:15:00+0200,0.0,MW,FR,FR,actual_solar_generation,Solar,2026-05-24T05:42:13Z
2026-05-24T05:41:40Z,2026-05-24T07:41:40+0200,04b1983b-7d82-4991-9c22-f60d67a0a20c,2026-05-06T01:30:00Z,2026-05-06T03:30:00+0200,0.0,MW,FR,FR,actual_solar_generation,Solar,2026-05-24T05:42:13Z
2026-05-24T05:41:40Z,2026-05-24T07:41:40+0200,04b1983b-7d82-4991-9c22-f60d67a0a20c,2026-05-06T01:45:00Z,2026-05-06T03:45:00+0200,0.0,MW,FR,FR,actual_solar_generation,Solar,2026-05-24T05:42:13Z
2026-05-24T05:41:40Z,2026-05-24T07:41:40+0200,04b1983b-7d82-4991-9c22-f60d67a0a20c,2026-05-06T02:00:00Z,2026-05-06T04:00:00+0200,0.0,MW,FR,FR,actual_solar_generation,Solar,2026-05-24T05:42:13Z
2026-05-24T05:41:40Z,2026-05-24T07:41:40+0200,04b1983b-7d82-4991-9c22-f60d67a0a20c,2026-05-06T02:15:00Z,2026-05-06T04:15:00+0200,0.0,MW,FR,FR,actual_solar_generation,Solar,2026-05-24T05:42:13Z
2026-05-24T05:41:40Z,2026-05-24T07:41:40+0200,04b1983b-7d82-4991-9c22-f60d67a0a20c,2026-05-06T02:30:00Z,2026-05-06T04:30:00+0200,0.0,MW,FR,FR,actual_solar_generation,Solar,2026-05-24T05:42:13Z
2026-05-24T05:41:40Z,2026-05-24T07:41:40+0200,04b1983b-7d82-4991-9c22-f60d67a0a20c,2026-05-06T02:45:00Z,2026-05-06T04:45:00+0200,0.0,MW,FR,FR,actual_solar_generation,Solar,2026-05-24T05:42:13Z
2026-05-24T05:41:40Z,2026-05-24T07:41:40+0200,04b1983b-7d82-4991-9c22-f60d67a0a20c,2026-05-06T03:00:00Z,2026-05-06T05:00:00+0200,0.0,MW,FR,FR,actual_solar_generation,Solar,2026-05-24T05:42:13Z
2026-05-24T05:41:40Z,2026-05-24T07:41:40+0200,04b1983b-7d82-4991-9c22-f60d67a0a20c,2026-05-06T03:15:00Z,2026-05-06T05:15:00+0200,0.0,MW,FR,FR,actual_solar_generation,Solar,2026-05-24T05:42:13Z
2026-05-24T05:41:40Z,2026-05-24T07:41:40+0200,04b1983b-7d82-4991-9c22-f60d67a0a20c,2026-05-06T03:30:00Z,2026-05-06T05:30:00+0200,0.0,MW,FR,FR,actual_solar_generation,Solar,2026-05-24T05:42:13Z
2026-05-24T05:41:40Z,2026-05-24T07:41:40+0200,04b1983b-7d82-4991-9c22-f60d67a0a20c,2026-05-06T03:45:00Z,2026-05-06T05:45:00+0200,0.0,MW,FR,FR,actual_solar_generation,Solar,2026-05-24T05:42:13Z
2026-05-24T05:41:40Z,2026-05-24T07:41:40+0200,04b1983b-7d82-4991-9c22-f60d67a0a20c,2026-05-06T04:00:00Z,2026-05-06T06:00:00+0200,206.61,MW,FR,FR,actual_solar_generation,Solar,2026-05-24T05:42:13Z
2026-05-24T05:41:40Z,2026-05-24T07:41:40+0200,04b1983b-7d82-4991-9c22-f60d67a0a20c,2026-05-06T04:15:00Z,2026-05-06T06:15:00+0200,219.9,MW,FR,FR,actual_solar_generation,Solar,2026-05-24T05:42:13Z
2026-05-24T05:41:40Z,2026-05-24T07:41:40+0200,04b1983b-7d82-4991-9c22-f60d67a0a20c,2026-05-06T04:30:00Z,2026-05-06T06:30:00+0200,274.79,MW,FR,FR,actual_solar_generation,Solar,2026-05-24T05:42:13Z
2026-05-24T05:41:40Z,2026-05-24T07:41:40+0200,04b1983b-7d82-4991-9c22-f60d67a0a20c,2026-05-06T04:45:00Z,2026-05-06T06:45:00+0200,370.11,MW,FR,FR,actual_solar_generation,Solar,2026-05-24T05:42:13Z
2026-05-24T05:41:40Z,2026-05-24T07:41:40+0200,04b1983b-7d82-4991-9c22-f60d67a0a20c,2026-05-06T05:00:00Z,2026-05-06T07:00:00+0200,506.58,MW,FR,FR,actual_solar_generation,Solar,2026-05-24T05:42:13Z
2026-05-24T05:41:40Z,2026-05-24T07:41:40+0200,04b1983b-7d82-4991-9c22-f60d67a0a20c,2026-05-06T05:15:00Z,2026-05-06T07:15:00+0200,709.35,MW,FR,FR,actual_solar_generation,Solar,2026-05-24T05:42:13Z
2026-05-24T05:41:40Z,2026-05-24T07:41:40+0200,04b1983b-7d82-4991-9c22-f60d67a0a20c,2026-05-06T05:30:00Z,2026-05-06T07:30:00+0200,1033.91,MW,FR,FR,actual_solar_generation,Solar,2026-05-24T05:42:13Z
2026-05-24T05:41:40Z,2026-05-24T07:41:40+0200,04b1983b-7d82-4991-9c22-f60d67a0a20c,2026-05-06T05:45:00Z,2026-05-06T07:45:00+0200,1478.56,MW,FR,FR,actual_solar_generation,Solar,2026-05-24T05:42:13Z
2026-05-24T05:41:40Z,2026-05-24T07:41:40+0200,04b1983b-7d82-4991-9c22-f60d67a0a20c,2026-05-06T06:00:00Z,2026-05-06T08:00:00+0200,1961.41,MW,FR,FR,actual_solar_generation,Solar,2026-05-24T05:42:13Z
2026-05-24T05:41:40Z,2026-05-24T07:41:40+0200,04b1983b-7d82-4991-9c22-f60d67a0a20c,2026-05-06T06:15:00Z,2026-05-06T08:15:00+0200,2478.59,MW,FR,FR,actual_solar_generation,Solar,2026-05-24T05:42:13Z
2026-05-24T05:41:40Z,2026-05-24T07:41:40+0200,04b1983b-7d82-4991-9c22-f60d67a0a20c,2026-05-06T06:30:00Z,2026-05-06T08:30:00+0200,3012.09,MW,FR,FR,actual_solar_generation,Solar,2026-05-24T05:42:13Z
2026-05-24T05:41:40Z,2026-05-24T07:41:40+0200,04b1983b-7d82-4991-9c22-f60d67a0a20c,2026-05-06T06:45:00Z,2026-05-06T08:45:00+0200,3595.71,MW,FR,FR,actual_solar_generation,Solar,2026-05-24T05:42:13Z
2026-05-24T05:41:40Z,2026-05-24T07:41:40+0200,04b1983b-7d82-4991-9c22-f60d67a0a20c,2026-05-06T07:00:00Z,2026-05-06T09:00:00+0200,4126.62,MW,FR,FR,actual_solar_generation,Solar,2026-05-24T05:42:13Z
2026-05-24T05:41:40Z,2026-05-24T07:41:40+0200,04b1983b-7d82-4991-9c22-f60d67a0a20c,2026-05-06T07:15:00Z,2026-05-06T09:15:00+0200,4684.14,MW,FR,FR,actual_solar_generation,Solar,2026-05-24T05:42:13Z
2026-05-24T05:41:40Z,2026-05-24T07:41:40+0200,04b1983b-7d82-4991-9c22-f60d67a0a20c,2026-05-06T07:30:00Z,2026-05-06T09:30:00+0200,5449.78,MW,FR,FR,actual_solar_generation,Solar,2026-05-24T05:42:13Z
2026-05-24T05:41:40Z,2026-05-24T07:41:40+0200,04b1983b-7d82-4991-9c22-f60d67a0a20c,2026-05-06T07:45:00Z,2026-05-06T09:45:00+0200,6078.53,MW,FR,FR,actual_solar_generation,Solar,2026-05-24T05:42:13Z
2026-05-24T05:41:40Z,2026-05-24T07:41:40+0200,04b1983b-7d82-4991-9c22-f60d67a0a20c,2026-05-06T08:00:00Z,2026-05-06T10:00:00+0200,6625.5,MW,FR,FR,actual_solar_generation,Solar,2026-05-24T05:42:13Z
2026-05-24T05:41:40Z,2026-05-24T07:41:40+0200,04b1983b-7d82-4991-9c22-f60d67a0a20c,2026-05-06T08:15:00Z,2026-05-06T10:15:00+0200,7376.32,MW,FR,FR,actual_solar_generation,Solar,2026-05-24T05:42:13Z
2026-05-24T05:41:40Z,2026-05-24T07:41:40+0200,04b1983b-7d82-4991-9c22-f60d67a0a20c,2026-05-06T08:30:00Z,2026-05-06T10:30:00+0200,7902.66,MW,FR,FR,actual_solar_generation,Solar,2026-05-24T05:42:13Z
2026-05-24T05:41:40Z,2026-05-24T07:41:40+0200,04b1983b-7d82-4991-9c22-f60d67a0a20c,2026-05-06T08:45:00Z,2026-05-06T10:45:00+0200,8312.26,MW,FR,FR,actual_solar_generation,Solar,2026-05-24T05:42:13Z
2026-05-24T05:41:40Z,2026-05-24T07:41:40+0200,04b1983b-7d82-4991-9c22-f60d67a0a20c,2026-05-06T09:00:00Z,2026-05-06T11:00:00+0200,9008.61,MW,FR,FR,actual_solar_generation,Solar,2026-05-24T05:42:13Z
2026-05-24T05:41:40Z,2026-05-24T07:41:40+0200,04b1983b-7d82-4991-9c22-f60d67a0a20c,2026-05-06T09:15:00Z,2026-05-06T11:15:00+0200,9360.52,MW,FR,FR,actual_solar_generation,Solar,2026-05-24T05:42:13Z
2026-05-24T05:41:40Z,2026-05-24T07:41:40+0200,04b1983b-7d82-4991-9c22-f60d67a0a20c,2026-05-06T09:30:00Z,2026-05-06T11:30:00+0200,9630.89,MW,FR,FR,actual_solar_generation,Solar,2026-05-24T05:42:13Z
2026-05-24T05:41:40Z,2026-05-24T07:41:40+0200,04b1983b-7d82-4991-9c22-f60d67a0a20c,2026-05-06T09:45:00Z,2026-05-06T11:45:00+0200,10000.86,MW,FR,FR,actual_solar_generation,Solar,2026-05-24T05:42:13Z
2026-05-24T05:41:40Z,2026-05-24T07:41:40+0200,04b1983b-7d82-4991-9c22-f60d67a0a20c,2026-05-06T10:00:00Z,2026-05-06T12:00:00+0200,10168.54,MW,FR,FR,actual_solar_generation,Solar,2026-05-24T05:42:13Z
2026-05-24T05:41:40Z,2026-05-24T07:41:40+0200,04b1983b-7d82-4991-9c22-f60d67a0a20c,2026-05-06T10:15:00Z,2026-05-06T12:15:00+0200,10588.75,MW,FR,FR,actual_solar_generation,Solar,2026-05-24T05:42:13Z
2026-05-24T05:41:40Z,2026-05-24T07:41:40+0200,04b1983b-7d82-4991-9c22-f60d67a0a20c,2026-05-06T10:30:00Z,2026-05-06T12:30:00+0200,10800.24,MW,FR,FR,actual_solar_generation,Solar,2026-05-24T05:42:13Z
2026-05-24T05:41:40Z,2026-05-24T07:41:40+0200,04b1983b-7d82-4991-9c22-f60d67a0a20c,2026-05-06T10:45:00Z,2026-05-06T12:45:00+0200,10765.62,MW,FR,FR,actual_solar_generation,Solar,2026-05-24T05:42:13Z
2026-05-24T05:41:40Z,2026-05-24T07:41:40+0200,04b1983b-7d82-4991-9c22-f60d67a0a20c,2026-05-06T11:00:00Z,2026-05-06T13:00:00+0200,11040.27,MW,FR,FR,actual_solar_generation,Solar,2026-05-24T05:42:13Z
2026-05-24T05:41:40Z,2026-05-24T07:41:40+0200,04b1983b-7d82-4991-9c22-f60d67a0a20c,2026-05-06T11:15:00Z,2026-05-06T13:15:00+0200,11024.73,MW,FR,FR,actual_solar_generation,Solar,2026-05-24T05:42:13Z
2026-05-24T05:41:40Z,2026-05-24T07:41:40+0200,04b1983b-7d82-4991-9c22-f60d67a0a20c,2026-05-06T11:30:00Z,2026-05-06T13:30:00+0200,11285.87,MW,FR,FR,actual_solar_generation,Solar,2026-05-24T05:42:13Z
2026-05-24T05:41:40Z,2026-05-24T07:41:40+0200,04b1983b-7d82-4991-9c22-f60d67a0a20c,2026-05-06T11:45:00Z,2026-05-06T13:45:00+0200,11362.24,MW,FR,FR,actual_solar_generation,Solar,2026-05-24T05:42:13Z
2026-05-24T05:41:40Z,2026-05-24T07:41:40+0200,04b1983b-7d82-4991-9c22-f60d67a0a20c,2026-05-06T12:00:00Z,2026-05-06T14:00:00+0200,11533.75,MW,FR,FR,actual_solar_generation,Solar,2026-05-24T05:42:13Z
2026-05-24T05:41:40Z,2026-05-24T07:41:40+0200,04b1983b-7d82-4991-9c22-f60d67a0a20c,2026-05-06T12:15:00Z,2026-05-06T14:15:00+0200,11598.41,MW,FR,FR,actual_solar_generation,Solar,2026-05-24T05:42:13Z
2026-05-24T05:41:40Z,2026-05-24T07:41:40+0200,04b1983b-7d82-4991-9c22-f60d67a0a20c,2026-05-06T12:30:00Z,2026-05-06T14:30:00+0200,11626.36,MW,FR,FR,actual_solar_generation,Solar,2026-05-24T05:42:13Z
2026-05-24T05:41:40Z,2026-05-24T07:41:40+0200,04b1983b-7d82-4991-9c22-f60d67a0a20c,2026-05-06T12:45:00Z,2026-05-06T14:45:00+0200,11188.09,MW,FR,FR,actual_solar_generation,Solar,2026-05-24T05:42:13Z
2026-05-24T05:41:40Z,2026-05-24T07:41:40+0200,04b1983b-7d82-4991-9c22-f60d67a0a20c,2026-05-06T13:00:00Z,2026-05-06T15:00:00+0200,11403.55,MW,FR,FR,actual_solar_generation,Solar,2026-05-24T05:42:13Z
2026-05-24T05:41:40Z,2026-05-24T07:41:40+0200,04b1983b-7d82-4991-9c22-f60d67a0a20c,2026-05-06T13:15:00Z,2026-05-06T15:15:00+0200,11234.35,MW,FR,FR,actual_solar_generation,Solar,2026-05-24T05:42:13Z
2026-05-24T05:41:40Z,2026-05-24T07:41:40+0200,04b1983b-7d82-4991-9c22-f60d67a0a20c,2026-05-06T13:30:00Z,2026-05-06T15:30:00+0200,10956.0,MW,FR,FR,actual_solar_generation,Solar,2026-05-24T05:42:13Z
2026-05-24T05:41:40Z,2026-05-24T07:41:40+0200,04b1983b-7d82-4991-9c22-f60d67a0a20c,2026-05-06T13:45:00Z,2026-05-06T15:45:00+0200,10635.46,MW,FR,FR,actual_solar_generation,Solar,2026-05-24T05:42:13Z
2026-05-24T05:41:40Z,2026-05-24T07:41:40+0200,04b1983b-7d82-4991-9c22-f60d67a0a20c,2026-05-06T14:00:00Z,2026-05-06T16:00:00+0200,10297.92,MW,FR,FR,actual_solar_generation,Solar,2026-05-24T05:42:13Z
2026-05-24T05:41:40Z,2026-05-24T07:41:40+0200,04b1983b-7d82-4991-9c22-f60d67a0a20c,2026-05-06T14:15:00Z,2026-05-06T16:15:00+0200,10112.48,MW,FR,FR,actual_solar_generation,Solar,2026-05-24T05:42:13Z
2026-05-24T05:41:40Z,2026-05-24T07:41:40+0200,04b1983b-7d82-4991-9c22-f60d67a0a20c,2026-05-06T14:30:00Z,2026-05-06T16:30:00+0200,9896.03,MW,FR,FR,actual_solar_generation,Solar,2026-05-24T05:42:13Z
2026-05-24T05:41:40Z,2026-05-24T07:41:40+0200,04b1983b-7d82-4991-9c22-f60d67a0a20c,2026-05-06T14:45:00Z,2026-05-06T16:45:00+0200,9403.75,MW,FR,FR,actual_solar_generation,Solar,2026-05-24T05:42:13Z
2026-05-24T05:41:40Z,2026-05-24T07:41:40+0200,04b1983b-7d82-4991-9c22-f60d67a0a20c,2026-05-06T15:00:00Z,2026-05-06T17:00:00+0200,8941.04,MW,FR,FR,actual_solar_generation,Solar,2026-05-24T05:42:13Z
2026-05-24T05:41:40Z,2026-05-24T07:41:40+0200,04b1983b-7d82-4991-9c22-f60d67a0a20c,2026-05-06T15:15:00Z,2026-05-06T17:15:00+0200,8208.22,MW,FR,FR,actual_solar_generation,Solar,2026-05-24T05:42:13Z
2026-05-24T05:41:40Z,2026-05-24T07:41:40+0200,04b1983b-7d82-4991-9c22-f60d67a0a20c,2026-05-06T15:30:00Z,2026-05-06T17:30:00+0200,7573.71,MW,FR,FR,actual_solar_generation,Solar,2026-05-24T05:42:13Z
2026-05-24T05:41:40Z,2026-05-24T07:41:40+0200,04b1983b-7d82-4991-9c22-f60d67a0a20c,2026-05-06T15:45:00Z,2026-05-06T17:45:00+0200,7061.64,MW,FR,FR,actual_solar_generation,Solar,2026-05-24T05:42:13Z
2026-05-24T05:41:40Z,2026-05-24T07:41:40+0200,04b1983b-7d82-4991-9c22-f60d67a0a20c,2026-05-06T16:00:00Z,2026-05-06T18:00:00+0200,6431.31,MW,FR,FR,actual_solar_generation,Solar,2026-05-24T05:42:13Z
2026-05-24T05:41:40Z,2026-05-24T07:41:40+0200,04b1983b-7d82-4991-9c22-f60d67a0a20c,2026-05-06T16:15:00Z,2026-05-06T18:15:00+0200,5732.21,MW,FR,FR,actual_solar_generation,Solar,2026-05-24T05:42:13Z
2026-05-24T05:41:40Z,2026-05-24T07:41:40+0200,04b1983b-7d82-4991-9c22-f60d67a0a20c,2026-05-06T16:30:00Z,2026-05-06T18:30:00+0200,5255.6,MW,FR,FR,actual_solar_generation,Solar,2026-05-24T05:42:13Z
2026-05-24T05:41:40Z,2026-05-24T07:41:40+0200,04b1983b-7d82-4991-9c22-f60d67a0a20c,2026-05-06T16:45:00Z,2026-05-06T18:45:00+0200,4569.06,MW,FR,FR,actual_solar_generation,Solar,2026-05-24T05:42:13Z
2026-05-24T05:41:40Z,2026-05-24T07:41:40+0200,04b1983b-7d82-4991-9c22-f60d67a0a20c,2026-05-06T17:00:00Z,2026-05-06T19:00:00+0200,3847.72,MW,FR,FR,actual_solar_generation,Solar,2026-05-24T05:42:13Z
2026-05-24T05:41:40Z,2026-05-24T07:41:40+0200,04b1983b-7d82-4991-9c22-f60d67a0a20c,2026-05-06T17:15:00Z,2026-05-06T19:15:00+0200,3171.21,MW,FR,FR,actual_solar_generation,Solar,2026-05-24T05:42:13Z
2026-05-24T05:41:40Z,2026-05-24T07:41:40+0200,04b1983b-7d82-4991-9c22-f60d67a0a20c,2026-05-06T17:30:00Z,2026-05-06T19:30:00+0200,2473.1,MW,FR,FR,actual_solar_generation,Solar,2026-05-24T05:42:13Z
2026-05-24T05:41:40Z,2026-05-24T07:41:40+0200,04b1983b-7d82-4991-9c22-f60d67a0a20c,2026-05-06T17:45:00Z,2026-05-06T19:45:00+0200,1873.68,MW,FR,FR,actual_solar_generation,Solar,2026-05-24T05:42:13Z
2026-05-24T05:41:40Z,2026-05-24T07:41:40+0200,04b1983b-7d82-4991-9c22-f60d67a0a20c,2026-05-06T18:00:00Z,2026-05-06T20:00:00+0200,1351.41,MW,FR,FR,actual_solar_generation,Solar,2026-05-24T05:42:13Z
2026-05-24T05:41:40Z,2026-05-24T07:41:40+0200,04b1983b-7d82-4991-9c22-f60d67a0a20c,2026-05-06T18:15:00Z,2026-05-06T20:15:00+0200,942.21,MW,FR,FR,actual_solar_generation,Solar,2026-05-24T05:42:13Z
2026-05-24T05:41:40Z,2026-05-24T07:41:40+0200,04b1983b-7d82-4991-9c22-f60d67a0a20c,2026-05-06T18:30:00Z,2026-05-06T20:30:00+0200,641.67,MW,FR,FR,actual_solar_generation,Solar,2026-05-24T05:42:13Z
2026-05-24T05:41:40Z,2026-05-24T07:41:40+0200,04b1983b-7d82-4991-9c22-f60d67a0a20c,2026-05-06T18:45:00Z,2026-05-06T20:45:00+0200,464.23,MW,FR,FR,actual_solar_generation,Solar,2026-05-24T05:42:13Z
2026-05-24T05:41:40Z,2026-05-24T07:41:40+0200,04b1983b-7d82-4991-9c22-f60d67a0a20c,2026-05-06T19:00:00Z,2026-05-06T21:00:00+0200,305.05,MW,FR,FR,actual_solar_generation,Solar,2026-05-24T05:42:13Z
2026-05-24T05:41:40Z,2026-05-24T07:41:40+0200,04b1983b-7d82-4991-9c22-f60d67a0a20c,2026-05-06T19:15:00Z,2026-05-06T21:15:00+0200,214.75,MW,FR,FR,actual_solar_generation,Solar,2026-05-24T05:42:13Z
2026-05-24T05:41:40Z,2026-05-24T07:41:40+0200,04b1983b-7d82-4991-9c22-f60d67a0a20c,2026-05-06T19:30:00Z,2026-05-06T21:30:00+0200,193.75,MW,FR,FR,actual_solar_generation,Solar,2026-05-24T05:42:13Z
2026-05-24T05:41:40Z,2026-05-24T07:41:40+0200,04b1983b-7d82-4991-9c22-f60d67a0a20c,2026-05-06T19:45:00Z,2026-05-06T21:45:00+0200,198.15,MW,FR,FR,actual_solar_generation,Solar,2026-05-24T05:42:13Z
2026-05-24T05:41:40Z,2026-05-24T07:41:40+0200,04b1983b-7d82-4991-9c22-f60d67a0a20c,2026-05-06T20:00:00Z,2026-05-06T22:00:00+0200,198.77,MW,FR,FR,actual_solar_generation,Solar,2026-05-24T05:42:13Z
2026-05-24T05:41:40Z,2026-05-24T07:41:40+0200,04b1983b-7d82-4991-9c22-f60d67a0a20c,2026-05-06T20:15:00Z,2026-05-06T22:15:00+0200,196.31,MW,FR,FR,actual_solar_generation,Solar,2026-05-24T05:42:13Z
2026-05-24T05:41:40Z,2026-05-24T07:41:40+0200,04b1983b-7d82-4991-9c22-f60d67a0a20c,2026-05-06T20:30:00Z,2026-05-06T22:30:00+0200,195.03,MW,FR,FR,actual_solar_generation,Solar,2026-05-24T05:42:13Z
2026-05-24T05:41:40Z,2026-05-24T07:41:40+0200,04b1983b-7d82-4991-9c22-f60d67a0a20c,2026-05-06T20:45:00Z,2026-05-06T22:45:00+0200,192.01,MW,FR,FR,actual_solar_generation,Solar,2026-05-24T05:42:13Z
2026-05-24T05:41:40Z,2026-05-24T07:41:40+0200,04b1983b-7d82-4991-9c22-f60d67a0a20c,2026-05-06T21:00:00Z,2026-05-06T23:00:00+0200,0.0,MW,FR,FR,actual_solar_generation,Solar,2026-05-24T05:42:13Z
2026-05-24T05:41:40Z,2026-05-24T07:41:40+0200,04b1983b-7d82-4991-9c22-f60d67a0a20c,2026-05-06T21:15:00Z,2026-05-06T23:15:00+0200,0.0,MW,FR,FR,actual_solar_generation,Solar,2026-05-24T05:42:13Z
2026-05-24T05:41:40Z,2026-05-24T07:41:40+0200,04b1983b-7d82-4991-9c22-f60d67a0a20c,2026-05-06T21:30:00Z,2026-05-06T23:30:00+0200,0.0,MW,FR,FR,actual_solar_generation,Solar,2026-05-24T05:42:13Z
2026-05-24T05:41:40Z,2026-05-24T07:41:40+0200,04b1983b-7d82-4991-9c22-f60d67a0a20c,2026-05-06T21:45:00Z,2026-05-06T23:45:00+0200,0.0,MW,FR,FR,actual_solar_generation,Solar,2026-05-24T05:42:13Z
2026-05-24T05:41:40Z,2026-05-24T07:41:40+0200,04b1983b-7d82-4991-9c22-f60d67a0a20c,2026-05-06T22:00:00Z,2026-05-07T00:00:00+0200,0.0,MW,FR,FR,actual_solar_generation,Solar,2026-05-24T05:42:13Z
2026-05-24T05:41:40Z,2026-05-24T07:41:40+0200,04b1983b-7d82-4991-9c22-f60d67a0a20c,2026-05-06T22:15:00Z,2026-05-07T00:15:00+0200,0.0,MW,FR,FR,actual_solar_generation,Solar,2026-05-24T05:42:13Z
2026-05-24T05:41:40Z,2026-05-24T07:41:40+0200,04b1983b-7d82-4991-9c22-f60d67a0a20c,2026-05-06T22:30:00Z,2026-05-07T00:30:00+0200,0.0,MW,FR,FR,actual_solar_generation,Solar,2026-05-24T05:42:13Z
2026-05-24T05:41:40Z,2026-05-24T07:41:40+0200,04b1983b-7d82-4991-9c22-f60d67a0a20c,2026-05-06T22:45:00Z,2026-05-07T00:45:00+0200,0.0,MW,FR,FR,actual_solar_generation,Solar,2026-05-24T05:42:13Z
2026-05-24T05:41:40Z,2026-05-24T07:41:40+0200,04b1983b-7d82-4991-9c22-f60d67a0a20c,2026-05-06T23:00:00Z,2026-05-07T01:00:00+0200,0.0,MW,FR,FR,actual_solar_generation,Solar,2026-05-24T05:42:13Z
2026-05-24T05:41:40Z,2026-05-24T07:41:40+0200,04b1983b-7d82-4991-9c22-f60d67a0a20c,2026-05-06T23:15:00Z,2026-05-07T01:15:00+0200,0.0,MW,FR,FR,actual_solar_generation,Solar,2026-05-24T05:42:13Z
2026-05-24T05:41:40Z,2026-05-24T07:41:40+0200,04b1983b-7d82-4991-9c22-f60d67a0a20c,2026-05-06T23:30:00Z,2026-05-07T01:30:00+0200,0.0,MW,FR,FR,actual_solar_generation,Solar,2026-05-24T05:42:13Z
2026-05-24T05:41:40Z,2026-05-24T07:41:40+0200,04b1983b-7d82-4991-9c22-f60d67a0a20c,2026-05-06T23:45:00Z,2026-05-07T01:45:00+0200,0.0,MW,FR,FR,actual_solar_generation,Solar,2026-05-24T05:42:13Z
2026-05-24T05:41:40Z,2026-05-24T07:41:40+0200,04b1983b-7d82-4991-9c22-f60d67a0a20c,2026-05-07T00:00:00Z,2026-05-07T02:00:00+0200,0.0,MW,FR,FR,actual_solar_generation,Solar,2026-05-24T05:42:13Z
2026-05-24T05:41:40Z,2026-05-24T07:41:40+0200,04b1983b-7d82-4991-9c22-f60d67a0a20c,2026-05-07T00:15:00Z,2026-05-07T02:15:00+0200,0.0,MW,FR,FR,actual_solar_generation,Solar,2026-05-24T05:42:13Z
2026-05-24T05:41:40Z,2026-05-24T07:41:40+0200,04b1983b-7d82-4991-9c22-f60d67a0a20c,2026-05-07T00:30:00Z,2026-05-07T02:30:00+0200,0.0,MW,FR,FR,actual_solar_generation,Solar,2026-05-24T05:42:13Z
2026-05-24T05:41:40Z,2026-05-24T07:41:40+0200,04b1983b-7d82-4991-9c22-f60d67a0a20c,2026-05-07T00:45:00Z,2026-05-07T02:45:00+0200,0.0,MW,FR,FR,actual_solar_generation,Solar,2026-05-24T05:42:13Z
2026-05-24T05:41:40Z,2026-05-24T07:41:40+0200,04b1983b-7d82-4991-9c22-f60d67a0a20c,2026-05-07T01:00:00Z,2026-05-07T03:00:00+0200,0.0,MW,FR,FR,actual_solar_generation,Solar,2026-05-24T05:42:13Z
2026-05-24T05:41:40Z,2026-05-24T07:41:40+0200,04b1983b-7d82-4991-9c22-f60d67a0a20c,2026-05-07T01:15:00Z,2026-05-07T03:15:00+0200,0.0,MW,FR,FR,actual_solar_generation,Solar,2026-05-24T05:42:13Z
2026-05-24T05:41:40Z,2026-05-24T07:41:40+0200,04b1983b-7d82-4991-9c22-f60d67a0a20c,2026-05-07T01:30:00Z,2026-05-07T03:30:00+0200,0.0,MW,FR,FR,actual_solar_generation,Solar,2026-05-24T05:42:13Z
2026-05-24T05:41:40Z,2026-05-24T07:41:40+0200,04b1983b-7d82-4991-9c22-f60d67a0a20c,2026-05-07T01:45:00Z,2026-05-07T03:45:00+0200,0.0,MW,FR,FR,actual_solar_generation,Solar,2026-05-24T05:42:13Z
2026-05-24T05:41:40Z,2026-05-24T07:41:40+0200,04b1983b-7d82-4991-9c22-f60d67a0a20c,2026-05-07T02:00:00Z,2026-05-07T04:00:00+0200,0.0,MW,FR,FR,actual_solar_generation,Solar,2026-05-24T05:42:13Z
2026-05-24T05:41:40Z,2026-05-24T07:41:40+0200,04b1983b-7d82-4991-9c22-f60d67a0a20c,2026-05-07T02:15:00Z,2026-05-07T04:15:00+0200,0.0,MW,FR,FR,actual_solar_generation,Solar,2026-05-24T05:42:13Z
2026-05-24T05:41:40Z,2026-05-24T07:41:40+0200,04b1983b-7d82-4991-9c22-f60d67a0a20c,2026-05-07T02:30:00Z,2026-05-07T04:30:00+0200,0.0,MW,FR,FR,actual_solar_generation,Solar,2026-05-24T05:42:13Z
2026-05-24T05:41:40Z,2026-05-24T07:41:40+0200,04b1983b-7d82-4991-9c22-f60d67a0a20c,2026-05-07T02:45:00Z,2026-05-07T04:45:00+0200,0.0,MW,FR,FR,actual_solar_generation,Solar,2026-05-24T05:42:13Z
2026-05-24T05:41:40Z,2026-05-24T07:41:40+0200,04b1983b-7d82-4991-9c22-f60d67a0a20c,2026-05-07T03:00:00Z,2026-05-07T05:00:00+0200,0.0,MW,FR,FR,actual_solar_generation,Solar,2026-05-24T05:42:13Z
2026-05-24T05:41:40Z,2026-05-24T07:41:40+0200,04b1983b-7d82-4991-9c22-f60d67a0a20c,2026-05-07T03:15:00Z,2026-05-07T05:15:00+0200,0.0,MW,FR,FR,actual_solar_generation,Solar,2026-05-24T05:42:13Z
2026-05-24T05:41:40Z,2026-05-24T07:41:40+0200,04b1983b-7d82-4991-9c22-f60d67a0a20c,2026-05-07T03:30:00Z,2026-05-07T05:30:00+0200,0.0,MW,FR,FR,actual_solar_generation,Solar,2026-05-24T05:42:13Z
2026-05-24T05:41:40Z,2026-05-24T07:41:40+0200,04b1983b-7d82-4991-9c22-f60d67a0a20c,2026-05-07T03:45:00Z,2026-05-07T05:45:00+0200,0.0,MW,FR,FR,actual_solar_generation,Solar,2026-05-24T05:42:13Z
2026-05-24T05:41:40Z,2026-05-24T07:41:40+0200,04b1983b-7d82-4991-9c22-f60d67a0a20c,2026-05-07T04:00:00Z,2026-05-07T06:00:00+0200,190.16,MW,FR,FR,actual_solar_generation,Solar,2026-05-24T05:42:13Z
2026-05-24T05:41:40Z,2026-05-24T07:41:40+0200,04b1983b-7d82-4991-9c22-f60d67a0a20c,2026-05-07T04:15:00Z,2026-05-07T06:15:00+0200,202.82,MW,FR,FR,actual_solar_generation,Solar,2026-05-24T05:42:13Z
2026-05-24T05:41:40Z,2026-05-24T07:41:40+0200,04b1983b-7d82-4991-9c22-f60d67a0a20c,2026-05-07T04:30:00Z,2026-05-07T06:30:00+0200,263.91,MW,FR,FR,actual_solar_generation,Solar,2026-05-24T05:42:13Z
2026-05-24T05:41:40Z,2026-05-24T07:41:40+0200,04b1983b-7d82-4991-9c22-f60d67a0a20c,2026-05-07T04:45:00Z,2026-05-07T06:45:00+0200,386.41,MW,FR,FR,actual_solar_generation,Solar,2026-05-24T05:42:13Z
2026-05-24T05:41:40Z,2026-05-24T07:41:40+0200,04b1983b-7d82-4991-9c22-f60d67a0a20c,2026-05-07T05:00:00Z,2026-05-07T07:00:00+0200,598.6,MW,FR,FR,actual_solar_generation,Solar,2026-05-24T05:42:13Z
2026-05-24T05:41:40Z,2026-05-24T07:41:40+0200,04b1983b-7d82-4991-9c22-f60d67a0a20c,2026-05-07T05:15:00Z,2026-05-07T07:15:00+0200,900.91,MW,FR,FR,actual_solar_generation,Solar,2026-05-24T05:42:13Z
2026-05-24T05:41:40Z,2026-05-24T07:41:40+0200,04b1983b-7d82-4991-9c22-f60d67a0a20c,2026-05-07T05:30:00Z,2026-05-07T07:30:00+0200,1365.68,MW,FR,FR,actual_solar_generation,Solar,2026-05-24T05:42:13Z
2026-05-24T05:41:40Z,2026-05-24T07:41:40+0200,04b1983b-7d82-4991-9c22-f60d67a0a20c,2026-05-07T05:45:00Z,2026-05-07T07:45:00+0200,2041.5,MW,FR,FR,actual_solar_generation,Solar,2026-05-24T05:42:13Z
2026-05-24T05:41:40Z,2026-05-24T07:41:40+0200,04b1983b-7d82-4991-9c22-f60d67a0a20c,2026-05-07T06:00:00Z,2026-05-07T08:00:00+0200,2830.31,MW,FR,FR,actual_solar_generation,Solar,2026-05-24T05:42:13Z
2026-05-24T05:41:40Z,2026-05-24T07:41:40+0200,04b1983b-7d82-4991-9c22-f60d67a0a20c,2026-05-07T06:15:00Z,2026-05-07T08:15:00+0200,3701.8,MW,FR,FR,actual_solar_generation,Solar,2026-05-24T05:42:13Z
2026-05-24T05:41:40Z,2026-05-24T07:41:40+0200,04b1983b-7d82-4991-9c22-f60d67a0a20c,2026-05-07T06:30:00Z,2026-05-07T08:30:00+0200,4704.08,MW,FR,FR,actual_solar_generation,Solar,2026-05-24T05:42:13Z
2026-05-24T05:41:40Z,2026-05-24T07:41:40+0200,04b1983b-7d82-4991-9c22-f60d67a0a20c,2026-05-07T06:45:00Z,2026-05-07T08:45:00+0200,5737.51,MW,FR,FR,actual_solar_generation,Solar,2026-05-24T05:42:13Z
2026-05-24T05:41:40Z,2026-05-24T07:41:40+0200,04b1983b-7d82-4991-9c22-f60d67a0a20c,2026-05-07T07:00:00Z,2026-05-07T09:00:00+0200,6856.87,MW,FR,FR,actual_solar_generation,Solar,2026-05-24T05:42:13Z
2026-05-24T05:41:40Z,2026-05-24T07:41:40+0200,04b1983b-7d82-4991-9c22-f60d67a0a20c,2026-05-07T07:15:00Z,2026-05-07T09:15:00+0200,8063.73,MW,FR,FR,actual_solar_generation,Solar,2026-05-24T05:42:13Z
2026-05-24T05:41:40Z,2026-05-24T07:41:40+0200,04b1983b-7d82-4991-9c22-f60d67a0a20c,2026-05-07T07:30:00Z,2026-05-07T09:30:00+0200,9234.07,MW,FR,FR,actual_solar_generation,Solar,2026-05-24T05:42:13Z
2026-05-24T05:41:40Z,2026-05-24T07:41:40+0200,04b1983b-7d82-4991-9c22-f60d67a0a20c,2026-05-07T07:45:00Z,2026-05-07T09:45:00+0200,10346.16,MW,FR,FR,actual_solar_generation,Solar,2026-05-24T05:42:13Z
2026-05-24T05:41:40Z,2026-05-24T07:41:40+0200,04b1983b-7d82-4991-9c22-f60d67a0a20c,2026-05-07T08:00:00Z,2026-05-07T10:00:00+0200,11291.64,MW,FR,FR,actual_solar_generation,Solar,2026-05-24T05:42:13Z
2026-05-24T05:41:40Z,2026-05-24T07:41:40+0200,04b1983b-7d82-4991-9c22-f60d67a0a20c,2026-05-07T08:15:00Z,2026-05-07T10:15:00+0200,12189.59,MW,FR,FR,actual_solar_generation,Solar,2026-05-24T05:42:13Z
2026-05-24T05:41:40Z,2026-05-24T07:41:40+0200,04b1983b-7d82-4991-9c22-f60d67a0a20c,2026-05-07T08:30:00Z,2026-05-07T10:30:00+0200,12865.57,MW,FR,FR,actual_solar_generation,Solar,2026-05-24T05:42:13Z
2026-05-24T05:41:40Z,2026-05-24T07:41:40+0200,04b1983b-7d82-4991-9c22-f60d67a0a20c,2026-05-07T08:45:00Z,2026-05-07T10:45:00+0200,13611.04,MW,FR,FR,actual_solar_generation,Solar,2026-05-24T05:42:13Z
2026-05-24T05:41:40Z,2026-05-24T07:41:40+0200,04b1983b-7d82-4991-9c22-f60d67a0a20c,2026-05-07T09:00:00Z,2026-05-07T11:00:00+0200,14351.87,MW,FR,FR,actual_solar_generation,Solar,2026-05-24T05:42:13Z
2026-05-24T05:41:40Z,2026-05-24T07:41:40+0200,04b1983b-7d82-4991-9c22-f60d67a0a20c,2026-05-07T09:15:00Z,2026-05-07T11:15:00+0200,14954.64,MW,FR,FR,actual_solar_generation,Solar,2026-05-24T05:42:13Z
2026-05-24T05:41:40Z,2026-05-24T07:41:40+0200,04b1983b-7d82-4991-9c22-f60d67a0a20c,2026-05-07T09:30:00Z,2026-05-07T11:30:00+0200,15289.67,MW,FR,FR,actual_solar_generation,Solar,2026-05-24T05:42:13Z
2026-05-24T05:41:40Z,2026-05-24T07:41:40+0200,04b1983b-7d82-4991-9c22-f60d67a0a20c,2026-05-07T09:45:00Z,2026-05-07T11:45:00+0200,15641.76,MW,FR,FR,actual_solar_generation,Solar,2026-05-24T05:42:13Z
2026-05-24T05:41:40Z,2026-05-24T07:41:40+0200,04b1983b-7d82-4991-9c22-f60d67a0a20c,2026-05-07T10:00:00Z,2026-05-07T12:00:00+0200,16073.01,MW,FR,FR,actual_solar_generation,Solar,2026-05-24T05:42:13Z
2026-05-24T05:41:40Z,2026-05-24T07:41:40+0200,04b1983b-7d82-4991-9c22-f60d67a0a20c,2026-05-07T10:15:00Z,2026-05-07T12:15:00+0200,16290.37,MW,FR,FR,actual_solar_generation,Solar,2026-05-24T05:42:13Z
2026-05-24T05:41:40Z,2026-05-24T07:41:40+0200,04b1983b-7d82-4991-9c22-f60d67a0a20c,2026-05-07T10:30:00Z,2026-05-07T12:30:00+0200,16217.35,MW,FR,FR,actual_solar_generation,Solar,2026-05-24T05:42:13Z
2026-05-24T05:41:40Z,2026-05-24T07:41:40+0200,04b1983b-7d82-4991-9c22-f60d67a0a20c,2026-05-07T10:45:00Z,2026-05-07T12:45:00+0200,16380.55,MW,FR,FR,actual_solar_generation,Solar,2026-05-24T05:42:13Z
2026-05-24T05:41:40Z,2026-05-24T07:41:40+0200,04b1983b-7d82-4991-9c22-f60d67a0a20c,2026-05-07T11:00:00Z,2026-05-07T13:00:00+0200,16453.54,MW,FR,FR,actual_solar_generation,Solar,2026-05-24T05:42:13Z
2026-05-24T05:41:40Z,2026-05-24T07:41:40+0200,04b1983b-7d82-4991-9c22-f60d67a0a20c,2026-05-07T11:15:00Z,2026-05-07T13:15:00+0200,16586.63,MW,FR,FR,actual_solar_generation,Solar,2026-05-24T05:42:13Z
2026-05-24T05:41:40Z,2026-05-24T07:41:40+0200,04b1983b-7d82-4991-9c22-f60d67a0a20c,2026-05-07T11:30:00Z,2026-05-07T13:30:00+0200,16408.93,MW,FR,FR,actual_solar_generation,Solar,2026-05-24T05:42:13Z
2026-05-24T05:41:40Z,2026-05-24T07:41:40+0200,04b1983b-7d82-4991-9c22-f60d67a0a20c,2026-05-07T11:45:00Z,2026-05-07T13:45:00+0200,16275.15,MW,FR,FR,actual_solar_generation,Solar,2026-05-24T05:42:13Z
2026-05-24T05:41:40Z,2026-05-24T07:41:40+0200,04b1983b-7d82-4991-9c22-f60d67a0a20c,2026-05-07T12:00:00Z,2026-05-07T14:00:00+0200,16112.69,MW,FR,FR,actual_solar_generation,Solar,2026-05-24T05:42:13Z
2026-05-24T05:41:40Z,2026-05-24T07:41:40+0200,04b1983b-7d82-4991-9c22-f60d67a0a20c,2026-05-07T12:15:00Z,2026-05-07T14:15:00+0200,16123.76,MW,FR,FR,actual_solar_generation,Solar,2026-05-24T05:42:13Z
2026-05-24T05:41:40Z,2026-05-24T07:41:40+0200,04b1983b-7d82-4991-9c22-f60d67a0a20c,2026-05-07T12:30:00Z,2026-05-07T14:30:00+0200,15963.4,MW,FR,FR,actual_solar_generation,Solar,2026-05-24T05:42:13Z
2026-05-24T05:41:40Z,2026-05-24T07:41:40+0200,04b1983b-7d82-4991-9c22-f60d67a0a20c,2026-05-07T12:45:00Z,2026-05-07T14:45:00+0200,15676.43,MW,FR,FR,actual_solar_generation,Solar,2026-05-24T05:42:13Z
2026-05-24T05:41:40Z,2026-05-24T07:41:40+0200,04b1983b-7d82-4991-9c22-f60d67a0a20c,2026-05-07T13:00:00Z,2026-05-07T15:00:00+0200,15579.27,MW,FR,FR,actual_solar_generation,Solar,2026-05-24T05:42:13Z
2026-05-24T05:41:40Z,2026-05-24T07:41:40+0200,04b1983b-7d82-4991-9c22-f60d67a0a20c,2026-05-07T13:15:00Z,2026-05-07T15:15:00+0200,15263.35,MW,FR,FR,actual_solar_generation,Solar,2026-05-24T05:42:13Z
2026-05-24T05:41:40Z,2026-05-24T07:41:40+0200,04b1983b-7d82-4991-9c22-f60d67a0a20c,2026-05-07T13:30:00Z,2026-05-07T15:30:00+0200,15074.9,MW,FR,FR,actual_solar_generation,Solar,2026-05-24T05:42:13Z
2026-05-24T05:41:40Z,2026-05-24T07:41:40+0200,04b1983b-7d82-4991-9c22-f60d67a0a20c,2026-05-07T13:45:00Z,2026-05-07T15:45:00+0200,14774.99,MW,FR,FR,actual_solar_generation,Solar,2026-05-24T05:42:13Z
2026-05-24T05:41:40Z,2026-05-24T07:41:40+0200,04b1983b-7d82-4991-9c22-f60d67a0a20c,2026-05-07T14:00:00Z,2026-05-07T16:00:00+0200,14276.04,MW,FR,FR,actual_solar_generation,Solar,2026-05-24T05:42:13Z
2026-05-24T05:41:40Z,2026-05-24T07:41:40+0200,04b1983b-7d82-4991-9c22-f60d67a0a20c,2026-05-07T14:15:00Z,2026-05-07T16:15:00+0200,13744.59,MW,FR,FR,actual_solar_generation,Solar,2026-05-24T05:42:13Z
2026-05-24T05:41:40Z,2026-05-24T07:41:40+0200,04b1983b-7d82-4991-9c22-f60d67a0a20c,2026-05-07T14:30:00Z,2026-05-07T16:30:00+0200,13115.42,MW,FR,FR,actual_solar_generation,Solar,2026-05-24T05:42:13Z
2026-05-24T05:41:40Z,2026-05-24T07:41:40+0200,04b1983b-7d82-4991-9c22-f60d67a0a20c,2026-05-07T14:45:00Z,2026-05-07T16:45:00+0200,12685.98,MW,FR,FR,actual_solar_generation,Solar,2026-05-24T05:42:13Z
2026-05-24T05:41:40Z,2026-05-24T07:41:40+0200,04b1983b-7d82-4991-9c22-f60d67a0a20c,2026-05-07T15:00:00Z,2026-05-07T17:00:00+0200,12185.25,MW,FR,FR,actual_solar_generation,Solar,2026-05-24T05:42:13Z
2026-05-24T05:41:40Z,2026-05-24T07:41:40+0200,04b1983b-7d82-4991-9c22-f60d67a0a20c,2026-05-07T15:15:00Z,2026-05-07T17:15:00+0200,11508.88,MW,FR,FR,actual_solar_generation,Solar,2026-05-24T05:42:13Z
2026-05-24T05:41:40Z,2026-05-24T07:41:40+0200,04b1983b-7d82-4991-9c22-f60d67a0a20c,2026-05-07T15:30:00Z,2026-05-07T17:30:00+0200,10568.09,MW,FR,FR,actual_solar_generation,Solar,2026-05-24T05:42:13Z
2026-05-24T05:41:40Z,2026-05-24T07:41:40+0200,04b1983b-7d82-4991-9c22-f60d67a0a20c,2026-05-07T15:45:00Z,2026-05-07T17:45:00+0200,9702.09,MW,FR,FR,actual_solar_generation,Solar,2026-05-24T05:42:13Z
2026-05-24T05:41:40Z,2026-05-24T07:41:40+0200,04b1983b-7d82-4991-9c22-f60d67a0a20c,2026-05-07T16:00:00Z,2026-05-07T18:00:00+0200,8642.43,MW,FR,FR,actual_solar_generation,Solar,2026-05-24T05:42:13Z
2026-05-24T05:41:40Z,2026-05-24T07:41:40+0200,04b1983b-7d82-4991-9c22-f60d67a0a20c,2026-05-07T16:15:00Z,2026-05-07T18:15:00+0200,7725.6,MW,FR,FR,actual_solar_generation,Solar,2026-05-24T05:42:13Z
2026-05-24T05:41:40Z,2026-05-24T07:41:40+0200,04b1983b-7d82-4991-9c22-f60d67a0a20c,2026-05-07T16:30:00Z,2026-05-07T18:30:00+0200,6884.01,MW,FR,FR,actual_solar_generation,Solar,2026-05-24T05:42:13Z
2026-05-24T05:41:40Z,2026-05-24T07:41:40+0200,04b1983b-7d82-4991-9c22-f60d67a0a20c,2026-05-07T16:45:00Z,2026-05-07T18:45:00+0200,5916.32,MW,FR,FR,actual_solar_generation,Solar,2026-05-24T05:42:13Z
2026-05-24T05:41:40Z,2026-05-24T07:41:40+0200,04b1983b-7d82-4991-9c22-f60d67a0a20c,2026-05-07T17:00:00Z,2026-05-07T19:00:00+0200,4882.39,MW,FR,FR,actual_solar_generation,Solar,2026-05-24T05:42:13Z
2026-05-24T05:41:40Z,2026-05-24T07:41:40+0200,04b1983b-7d82-4991-9c22-f60d67a0a20c,2026-05-07T17:15:00Z,2026-05-07T19:15:00+0200,3988.07,MW,FR,FR,actual_solar_generation,Solar,2026-05-24T05:42:13Z
2026-05-24T05:41:40Z,2026-05-24T07:41:40+0200,04b1983b-7d82-4991-9c22-f60d67a0a20c,2026-05-07T17:30:00Z,2026-05-07T19:30:00+0200,3068.67,MW,FR,FR,actual_solar_generation,Solar,2026-05-24T05:42:13Z
2026-05-24T05:41:40Z,2026-05-24T07:41:40+0200,04b1983b-7d82-4991-9c22-f60d67a0a20c,2026-05-07T17:45:00Z,2026-05-07T19:45:00+0200,2300.25,MW,FR,FR,actual_solar_generation,Solar,2026-05-24T05:42:13Z
2026-05-24T05:41:40Z,2026-05-24T07:41:40+0200,04b1983b-7d82-4991-9c22-f60d67a0a20c,2026-05-07T18:00:00Z,2026-05-07T20:00:00+0200,1623.68,MW,FR,FR,actual_solar_generation,Solar,2026-05-24T05:42:13Z
2026-05-24T05:41:40Z,2026-05-24T07:41:40+0200,04b1983b-7d82-4991-9c22-f60d67a0a20c,2026-05-07T18:15:00Z,2026-05-07T20:15:00+0200,1103.9,MW,FR,FR,actual_solar_generation,Solar,2026-05-24T05:42:13Z
2026-05-24T05:41:40Z,2026-05-24T07:41:40+0200,04b1983b-7d82-4991-9c22-f60d67a0a20c,2026-05-07T18:30:00Z,2026-05-07T20:30:00+0200,731.41,MW,FR,FR,actual_solar_generation,Solar,2026-05-24T05:42:13Z
2026-05-24T05:41:40Z,2026-05-24T07:41:40+0200,04b1983b-7d82-4991-9c22-f60d67a0a20c,2026-05-07T18:45:00Z,2026-05-07T20:45:00+0200,504.71,MW,FR,FR,actual_solar_generation,Solar,2026-05-24T05:42:13Z
2026-05-24T05:41:40Z,2026-05-24T07:41:40+0200,04b1983b-7d82-4991-9c22-f60d67a0a20c,2026-05-07T19:00:00Z,2026-05-07T21:00:00+0200,323.28,MW,FR,FR,actual_solar_generation,Solar,2026-05-24T05:42:13Z
2026-05-24T05:41:40Z,2026-05-24T07:41:40+0200,04b1983b-7d82-4991-9c22-f60d67a0a20c,2026-05-07T19:15:00Z,2026-05-07T21:15:00+0200,225.8,MW,FR,FR,actual_solar_generation,Solar,2026-05-24T05:42:13Z
2026-05-24T05:41:40Z,2026-05-24T07:41:40+0200,04b1983b-7d82-4991-9c22-f60d67a0a20c,2026-05-07T19:30:00Z,2026-05-07T21:30:00+0200,192.44,MW,FR,FR,actual_solar_generation,Solar,2026-05-24T05:42:13Z
2026-05-24T05:41:40Z,2026-05-24T07:41:40+0200,04b1983b-7d82-4991-9c22-f60d67a0a20c,2026-05-07T19:45:00Z,2026-05-07T21:45:00+0200,188.73,MW,FR,FR,actual_solar_generation,Solar,2026-05-24T05:42:13Z
2026-05-24T05:41:40Z,2026-05-24T07:41:40+0200,04b1983b-7d82-4991-9c22-f60d67a0a20c,2026-05-07T20:00:00Z,2026-05-07T22:00:00+0200,184.39,MW,FR,FR,actual_solar_generation,Solar,2026-05-24T05:42:13Z
2026-05-24T05:41:40Z,2026-05-24T07:41:40+0200,04b1983b-7d82-4991-9c22-f60d67a0a20c,2026-05-07T20:15:00Z,2026-05-07T22:15:00+0200,182.89,MW,FR,FR,actual_solar_generation,Solar,2026-05-24T05:42:13Z
2026-05-24T05:41:40Z,2026-05-24T07:41:40+0200,04b1983b-7d82-4991-9c22-f60d67a0a20c,2026-05-07T20:30:00Z,2026-05-07T22:30:00+0200,182.65,MW,FR,FR,actual_solar_generation,Solar,2026-05-24T05:42:13Z
2026-05-24T05:41:40Z,2026-05-24T07:41:40+0200,04b1983b-7d82-4991-9c22-f60d67a0a20c,2026-05-07T20:45:00Z,2026-05-07T22:45:00+0200,182.9,MW,FR,FR,actual_solar_generation,Solar,2026-05-24T05:42:13Z
2026-05-24T05:41:40Z,2026-05-24T07:41:40+0200,04b1983b-7d82-4991-9c22-f60d67a0a20c,2026-05-07T21:00:00Z,2026-05-07T23:00:00+0200,0.0,MW,FR,FR,actual_solar_generation,Solar,2026-05-24T05:42:13Z
2026-05-24T05:41:40Z,2026-05-24T07:41:40+0200,04b1983b-7d82-4991-9c22-f60d67a0a20c,2026-05-07T21:15:00Z,2026-05-07T23:15:00+0200,0.0,MW,FR,FR,actual_solar_generation,Solar,2026-05-24T05:42:13Z
2026-05-24T05:41:40Z,2026-05-24T07:41:40+0200,04b1983b-7d82-4991-9c22-f60d67a0a20c,2026-05-07T21:30:00Z,2026-05-07T23:30:00+0200,0.0,MW,FR,FR,actual_solar_generation,Solar,2026-05-24T05:42:13Z
2026-05-24T05:41:40Z,2026-05-24T07:41:40+0200,04b1983b-7d82-4991-9c22-f60d67a0a20c,2026-05-07T21:45:00Z,2026-05-07T23:45:00+0200,0.0,MW,FR,FR,actual_solar_generation,Solar,2026-05-24T05:42:13Z
2026-05-24T05:41:40Z,2026-05-24T07:41:40+0200,04b1983b-7d82-4991-9c22-f60d67a0a20c,2026-05-07T22:00:00Z,2026-05-08T00:00:00+0200,0.0,MW,FR,FR,actual_solar_generation,Solar,2026-05-24T05:42:13Z
2026-05-24T05:41:40Z,2026-05-24T07:41:40+0200,04b1983b-7d82-4991-9c22-f60d67a0a20c,2026-05-07T22:15:00Z,2026-05-08T00:15:00+0200,0.0,MW,FR,FR,actual_solar_generation,Solar,2026-05-24T05:42:13Z
2026-05-24T05:41:40Z,2026-05-24T07:41:40+0200,04b1983b-7d82-4991-9c22-f60d67a0a20c,2026-05-07T22:30:00Z,2026-05-08T00:30:00+0200,0.0,MW,FR,FR,actual_solar_generation,Solar,2026-05-24T05:42:13Z
2026-05-24T05:41:40Z,2026-05-24T07:41:40+0200,04b1983b-7d82-4991-9c22-f60d67a0a20c,2026-05-07T22:45:00Z,2026-05-08T00:45:00+0200,0.0,MW,FR,FR,actual_solar_generation,Solar,2026-05-24T05:42:13Z
2026-05-24T05:41:40Z,2026-05-24T07:41:40+0200,04b1983b-7d82-4991-9c22-f60d67a0a20c,2026-05-07T23:00:00Z,2026-05-08T01:00:00+0200,0.0,MW,FR,FR,actual_solar_generation,Solar,2026-05-24T05:42:13Z
2026-05-24T05:41:40Z,2026-05-24T07:41:40+0200,04b1983b-7d82-4991-9c22-f60d67a0a20c,2026-05-07T23:15:00Z,2026-05-08T01:15:00+0200,0.0,MW,FR,FR,actual_solar_generation,Solar,2026-05-24T05:42:13Z
2026-05-24T05:41:40Z,2026-05-24T07:41:40+0200,04b1983b-7d82-4991-9c22-f60d67a0a20c,2026-05-07T23:30:00Z,2026-05-08T01:30:00+0200,0.0,MW,FR,FR,actual_solar_generation,Solar,2026-05-24T05:42:13Z
2026-05-24T05:41:40Z,2026-05-24T07:41:40+0200,04b1983b-7d82-4991-9c22-f60d67a0a20c,2026-05-07T23:45:00Z,2026-05-08T01:45:00+0200,0.0,MW,FR,FR,actual_solar_generation,Solar,2026-05-24T05:42:13Z
2026-05-24T05:41:40Z,2026-05-24T07:41:40+0200,04b1983b-7d82-4991-9c22-f60d67a0a20c,2026-05-08T00:00:00Z,2026-05-08T02:00:00+0200,0.0,MW,FR,FR,actual_solar_generation,Solar,2026-05-24T05:42:13Z
2026-05-24T05:41:40Z,2026-05-24T07:41:40+0200,04b1983b-7d82-4991-9c22-f60d67a0a20c,2026-05-08T00:15:00Z,2026-05-08T02:15:00+0200,0.0,MW,FR,FR,actual_solar_generation,Solar,2026-05-24T05:42:13Z
2026-05-24T05:41:40Z,2026-05-24T07:41:40+0200,04b1983b-7d82-4991-9c22-f60d67a0a20c,2026-05-08T00:30:00Z,2026-05-08T02:30:00+0200,0.0,MW,FR,FR,actual_solar_generation,Solar,2026-05-24T05:42:13Z
2026-05-24T05:41:40Z,2026-05-24T07:41:40+0200,04b1983b-7d82-4991-9c22-f60d67a0a20c,2026-05-08T00:45:00Z,2026-05-08T02:45:00+0200,0.0,MW,FR,FR,actual_solar_generation,Solar,2026-05-24T05:42:13Z
2026-05-24T05:41:40Z,2026-05-24T07:41:40+0200,04b1983b-7d82-4991-9c22-f60d67a0a20c,2026-05-08T01:00:00Z,2026-05-08T03:00:00+0200,0.0,MW,FR,FR,actual_solar_generation,Solar,2026-05-24T05:42:13Z
2026-05-24T05:41:40Z,2026-05-24T07:41:40+0200,04b1983b-7d82-4991-9c22-f60d67a0a20c,2026-05-08T01:15:00Z,2026-05-08T03:15:00+0200,0.0,MW,FR,FR,actual_solar_generation,Solar,2026-05-24T05:42:13Z
2026-05-24T05:41:40Z,2026-05-24T07:41:40+0200,04b1983b-7d82-4991-9c22-f60d67a0a20c,2026-05-08T01:30:00Z,2026-05-08T03:30:00+0200,0.0,MW,FR,FR,actual_solar_generation,Solar,2026-05-24T05:42:13Z
2026-05-24T05:41:40Z,2026-05-24T07:41:40+0200,04b1983b-7d82-4991-9c22-f60d67a0a20c,2026-05-08T01:45:00Z,2026-05-08T03:45:00+0200,0.0,MW,FR,FR,actual_solar_generation,Solar,2026-05-24T05:42:13Z
2026-05-24T05:41:40Z,2026-05-24T07:41:40+0200,04b1983b-7d82-4991-9c22-f60d67a0a20c,2026-05-08T02:00:00Z,2026-05-08T04:00:00+0200,0.0,MW,FR,FR,actual_solar_generation,Solar,2026-05-24T05:42:13Z
2026-05-24T05:41:40Z,2026-05-24T07:41:40+0200,04b1983b-7d82-4991-9c22-f60d67a0a20c,2026-05-08T02:15:00Z,2026-05-08T04:15:00+0200,0.0,MW,FR,FR,actual_solar_generation,Solar,2026-05-24T05:42:13Z
2026-05-24T05:41:40Z,2026-05-24T07:41:40+0200,04b1983b-7d82-4991-9c22-f60d67a0a20c,2026-05-08T02:30:00Z,2026-05-08T04:30:00+0200,0.0,MW,FR,FR,actual_solar_generation,Solar,2026-05-24T05:42:13Z
2026-05-24T05:41:40Z,2026-05-24T07:41:40+0200,04b1983b-7d82-4991-9c22-f60d67a0a20c,2026-05-08T02:45:00Z,2026-05-08T04:45:00+0200,0.0,MW,FR,FR,actual_solar_generation,Solar,2026-05-24T05:42:13Z
2026-05-24T05:41:40Z,2026-05-24T07:41:40+0200,04b1983b-7d82-4991-9c22-f60d67a0a20c,2026-05-08T03:00:00Z,2026-05-08T05:00:00+0200,0.0,MW,FR,FR,actual_solar_generation,Solar,2026-05-24T05:42:13Z
2026-05-24T05:41:40Z,2026-05-24T07:41:40+0200,04b1983b-7d82-4991-9c22-f60d67a0a20c,2026-05-08T03:15:00Z,2026-05-08T05:15:00+0200,0.0,MW,FR,FR,actual_solar_generation,Solar,2026-05-24T05:42:13Z
2026-05-24T05:41:40Z,2026-05-24T07:41:40+0200,04b1983b-7d82-4991-9c22-f60d67a0a20c,2026-05-08T03:30:00Z,2026-05-08T05:30:00+0200,0.0,MW,FR,FR,actual_solar_generation,Solar,2026-05-24T05:42:13Z
2026-05-24T05:41:40Z,2026-05-24T07:41:40+0200,04b1983b-7d82-4991-9c22-f60d67a0a20c,2026-05-08T03:45:00Z,2026-05-08T05:45:00+0200,0.0,MW,FR,FR,actual_solar_generation,Solar,2026-05-24T05:42:13Z
2026-05-24T05:41:40Z,2026-05-24T07:41:40+0200,04b1983b-7d82-4991-9c22-f60d67a0a20c,2026-05-08T04:00:00Z,2026-05-08T06:00:00+0200,191.15,MW,FR,FR,actual_solar_generation,Solar,2026-05-24T05:42:13Z
2026-05-24T05:41:40Z,2026-05-24T07:41:40+0200,04b1983b-7d82-4991-9c22-f60d67a0a20c,2026-05-08T04:15:00Z,2026-05-08T06:15:00+0200,211.35,MW,FR,FR,actual_solar_generation,Solar,2026-05-24T05:42:13Z
2026-05-24T05:41:40Z,2026-05-24T07:41:40+0200,04b1983b-7d82-4991-9c22-f60d67a0a20c,2026-05-08T04:30:00Z,2026-05-08T06:30:00+0200,287.98,MW,FR,FR,actual_solar_generation,Solar,2026-05-24T05:42:13Z
2026-05-24T05:41:40Z,2026-05-24T07:41:40+0200,04b1983b-7d82-4991-9c22-f60d67a0a20c,2026-05-08T04:45:00Z,2026-05-08T06:45:00+0200,445.48,MW,FR,FR,actual_solar_generation,Solar,2026-05-24T05:42:13Z
2026-05-24T05:41:40Z,2026-05-24T07:41:40+0200,04b1983b-7d82-4991-9c22-f60d67a0a20c,2026-05-08T05:00:00Z,2026-05-08T07:00:00+0200,703.63,MW,FR,FR,actual_solar_generation,Solar,2026-05-24T05:42:13Z
2026-05-24T05:41:40Z,2026-05-24T07:41:40+0200,04b1983b-7d82-4991-9c22-f60d67a0a20c,2026-05-08T05:15:00Z,2026-05-08T07:15:00+0200,1052.5,MW,FR,FR,actual_solar_generation,Solar,2026-05-24T05:42:13Z
2026-05-24T05:41:40Z,2026-05-24T07:41:40+0200,04b1983b-7d82-4991-9c22-f60d67a0a20c,2026-05-08T05:30:00Z,2026-05-08T07:30:00+0200,1551.67,MW,FR,FR,actual_solar_generation,Solar,2026-05-24T05:42:13Z
2026-05-24T05:41:40Z,2026-05-24T07:41:40+0200,04b1983b-7d82-4991-9c22-f60d67a0a20c,2026-05-08T05:45:00Z,2026-05-08T07:45:00+0200,2269.97,MW,FR,FR,actual_solar_generation,Solar,2026-05-24T05:42:13Z
2026-05-24T05:41:40Z,2026-05-24T07:41:40+0200,04b1983b-7d82-4991-9c22-f60d67a0a20c,2026-05-08T06:00:00Z,2026-05-08T08:00:00+0200,3159.55,MW,FR,FR,actual_solar_generation,Solar,2026-05-24T05:42:13Z
2026-05-24T05:41:40Z,2026-05-24T07:41:40+0200,04b1983b-7d82-4991-9c22-f60d67a0a20c,2026-05-08T06:15:00Z,2026-05-08T08:15:00+0200,4240.07,MW,FR,FR,actual_solar_generation,Solar,2026-05-24T05:42:13Z
2026-05-24T05:41:40Z,2026-05-24T07:41:40+0200,04b1983b-7d82-4991-9c22-f60d67a0a20c,2026-05-08T06:30:00Z,2026-05-08T08:30:00+0200,5416.2,MW,FR,FR,actual_solar_generation,Solar,2026-05-24T05:42:13Z
2026-05-24T05:41:40Z,2026-05-24T07:41:40+0200,04b1983b-7d82-4991-9c22-f60d67a0a20c,2026-05-08T06:45:00Z,2026-05-08T08:45:00+0200,6578.5,MW,FR,FR,actual_solar_generation,Solar,2026-05-24T05:42:13Z
2026-05-24T05:41:40Z,2026-05-24T07:41:40+0200,04b1983b-7d82-4991-9c22-f60d67a0a20c,2026-05-08T07:00:00Z,2026-05-08T09:00:00+0200,7787.19,MW,FR,FR,actual_solar_generation,Solar,2026-05-24T05:42:13Z
2026-05-24T05:41:40Z,2026-05-24T07:41:40+0200,04b1983b-7d82-4991-9c22-f60d67a0a20c,2026-05-08T07:15:00Z,2026-05-08T09:15:00+0200,9191.15,MW,FR,FR,actual_solar_generation,Solar,2026-05-24T05:42:13Z
2026-05-24T05:41:40Z,2026-05-24T07:41:40+0200,04b1983b-7d82-4991-9c22-f60d67a0a20c,2026-05-08T07:30:00Z,2026-05-08T09:30:00+0200,10476.36,MW,FR,FR,actual_solar_generation,Solar,2026-05-24T05:42:13Z
2026-05-24T05:41:40Z,2026-05-24T07:41:40+0200,04b1983b-7d82-4991-9c22-f60d67a0a20c,2026-05-08T07:45:00Z,2026-05-08T09:45:00+0200,11698.94,MW,FR,FR,actual_solar_generation,Solar,2026-05-24T05:42:13Z
2026-05-24T05:41:40Z,2026-05-24T07:41:40+0200,04b1983b-7d82-4991-9c22-f60d67a0a20c,2026-05-08T08:00:00Z,2026-05-08T10:00:00+0200,12880.0,MW,FR,FR,actual_solar_generation,Solar,2026-05-24T05:42:13Z
2026-05-24T05:41:40Z,2026-05-24T07:41:40+0200,04b1983b-7d82-4991-9c22-f60d67a0a20c,2026-05-08T08:15:00Z,2026-05-08T10:15:00+0200,14158.04,MW,FR,FR,actual_solar_generation,Solar,2026-05-24T05:42:13Z
2026-05-24T05:41:40Z,2026-05-24T07:41:40+0200,04b1983b-7d82-4991-9c22-f60d67a0a20c,2026-05-08T08:30:00Z,2026-05-08T10:30:00+0200,15079.55,MW,FR,FR,actual_solar_generation,Solar,2026-05-24T05:42:13Z
2026-05-24T05:41:40Z,2026-05-24T07:41:40+0200,04b1983b-7d82-4991-9c22-f60d67a0a20c,2026-05-08T08:45:00Z,2026-05-08T10:45:00+0200,15862.85,MW,FR,FR,actual_solar_generation,Solar,2026-05-24T05:42:13Z
2026-05-24T05:41:40Z,2026-05-24T07:41:40+0200,04b1983b-7d82-4991-9c22-f60d67a0a20c,2026-05-08T09:00:00Z,2026-05-08T11:00:00+0200,16679.52,MW,FR,FR,actual_solar_generation,Solar,2026-05-24T05:42:13Z
2026-05-24T05:41:40Z,2026-05-24T07:41:40+0200,04b1983b-7d82-4991-9c22-f60d67a0a20c,2026-05-08T09:15:00Z,2026-05-08T11:15:00+0200,17385.21,MW,FR,FR,actual_solar_generation,Solar,2026-05-24T05:42:13Z
2026-05-24T05:41:40Z,2026-05-24T07:41:40+0200,04b1983b-7d82-4991-9c22-f60d67a0a20c,2026-05-08T09:30:00Z,2026-05-08T11:30:00+0200,18039.48,MW,FR,FR,actual_solar_generation,Solar,2026-05-24T05:42:13Z
2026-05-24T05:41:40Z,2026-05-24T07:41:40+0200,04b1983b-7d82-4991-9c22-f60d67a0a20c,2026-05-08T09:45:00Z,2026-05-08T11:45:00+0200,18437.02,MW,FR,FR,actual_solar_generation,Solar,2026-05-24T05:42:13Z
2026-05-24T05:41:40Z,2026-05-24T07:41:40+0200,04b1983b-7d82-4991-9c22-f60d67a0a20c,2026-05-08T10:00:00Z,2026-05-08T12:00:00+0200,18972.95,MW,FR,FR,actual_solar_generation,Solar,2026-05-24T05:42:13Z
2026-05-24T05:41:40Z,2026-05-24T07:41:40+0200,04b1983b-7d82-4991-9c22-f60d67a0a20c,2026-05-08T10:15:00Z,2026-05-08T12:15:00+0200,19222.11,MW,FR,FR,actual_solar_generation,Solar,2026-05-24T05:42:13Z
2026-05-24T05:41:40Z,2026-05-24T07:41:40+0200,04b1983b-7d82-4991-9c22-f60d67a0a20c,2026-05-08T10:30:00Z,2026-05-08T12:30:00+0200,19516.35,MW,FR,FR,actual_solar_generation,Solar,2026-05-24T05:42:13Z
2026-05-24T05:41:40Z,2026-05-24T07:41:40+0200,04b1983b-7d82-4991-9c22-f60d67a0a20c,2026-05-08T10:45:00Z,2026-05-08T12:45:00+0200,19713.27,MW,FR,FR,actual_solar_generation,Solar,2026-05-24T05:42:13Z
2026-05-24T05:41:40Z,2026-05-24T07:41:40+0200,04b1983b-7d82-4991-9c22-f60d67a0a20c,2026-05-08T11:00:00Z,2026-05-08T13:00:00+0200,19855.05,MW,FR,FR,actual_solar_generation,Solar,2026-05-24T05:42:13Z
2026-05-24T05:41:40Z,2026-05-24T07:41:40+0200,04b1983b-7d82-4991-9c22-f60d67a0a20c,2026-05-08T11:15:00Z,2026-05-08T13:15:00+0200,19813.81,MW,FR,FR,actual_solar_generation,Solar,2026-05-24T05:42:13Z
2026-05-24T05:41:40Z,2026-05-24T07:41:40+0200,04b1983b-7d82-4991-9c22-f60d67a0a20c,2026-05-08T11:30:00Z,2026-05-08T13:30:00+0200,19966.95,MW,FR,FR,actual_solar_generation,Solar,2026-05-24T05:42:13Z
2026-05-24T05:41:40Z,2026-05-24T07:41:40+0200,04b1983b-7d82-4991-9c22-f60d67a0a20c,2026-05-08T11:45:00Z,2026-05-08T13:45:00+0200,19797.51,MW,FR,FR,actual_solar_generation,Solar,2026-05-24T05:42:13Z
2026-05-24T05:41:40Z,2026-05-24T07:41:40+0200,04b1983b-7d82-4991-9c22-f60d67a0a20c,2026-05-08T12:00:00Z,2026-05-08T14:00:00+0200,19619.07,MW,FR,FR,actual_solar_generation,Solar,2026-05-24T05:42:13Z
2026-05-24T05:41:40Z,2026-05-24T07:41:40+0200,04b1983b-7d82-4991-9c22-f60d67a0a20c,2026-05-08T12:15:00Z,2026-05-08T14:15:00+0200,19403.4,MW,FR,FR,actual_solar_generation,Solar,2026-05-24T05:42:13Z
2026-05-24T05:41:40Z,2026-05-24T07:41:40+0200,04b1983b-7d82-4991-9c22-f60d67a0a20c,2026-05-08T12:30:00Z,2026-05-08T14:30:00+0200,19087.72,MW,FR,FR,actual_solar_generation,Solar,2026-05-24T05:42:13Z
2026-05-24T05:41:40Z,2026-05-24T07:41:40+0200,04b1983b-7d82-4991-9c22-f60d67a0a20c,2026-05-08T12:45:00Z,2026-05-08T14:45:00+0200,18516.74,MW,FR,FR,actual_solar_generation,Solar,2026-05-24T05:42:13Z
2026-05-24T05:41:40Z,2026-05-24T07:41:40+0200,04b1983b-7d82-4991-9c22-f60d67a0a20c,2026-05-08T13:00:00Z,2026-05-08T15:00:00+0200,18019.69,MW,FR,FR,actual_solar_generation,Solar,2026-05-24T05:42:13Z
2026-05-24T05:41:40Z,2026-05-24T07:41:40+0200,04b1983b-7d82-4991-9c22-f60d67a0a20c,2026-05-08T13:15:00Z,2026-05-08T15:15:00+0200,17489.99,MW,FR,FR,actual_solar_generation,Solar,2026-05-24T05:42:13Z
2026-05-24T05:41:40Z,2026-05-24T07:41:40+0200,04b1983b-7d82-4991-9c22-f60d67a0a20c,2026-05-08T13:30:00Z,2026-05-08T15:30:00+0200,16985.39,MW,FR,FR,actual_solar_generation,Solar,2026-05-24T05:42:13Z
2026-05-24T05:41:40Z,2026-05-24T07:41:40+0200,04b1983b-7d82-4991-9c22-f60d67a0a20c,2026-05-08T13:45:00Z,2026-05-08T15:45:00+0200,15136.34,MW,FR,FR,actual_solar_generation,Solar,2026-05-24T05:42:13Z
2026-05-24T05:41:40Z,2026-05-24T07:41:40+0200,04b1983b-7d82-4991-9c22-f60d67a0a20c,2026-05-08T14:00:00Z,2026-05-08T16:00:00+0200,12439.22,MW,FR,FR,actual_solar_generation,Solar,2026-05-24T05:42:13Z
2026-05-24T05:41:40Z,2026-05-24T07:41:40+0200,04b1983b-7d82-4991-9c22-f60d67a0a20c,2026-05-08T14:15:00Z,2026-05-08T16:15:00+0200,13353.22,MW,FR,FR,actual_solar_generation,Solar,2026-05-24T05:42:13Z
2026-05-24T05:41:40Z,2026-05-24T07:41:40+0200,04b1983b-7d82-4991-9c22-f60d67a0a20c,2026-05-08T14:30:00Z,2026-05-08T16:30:00+0200,14243.66,MW,FR,FR,actual_solar_generation,Solar,2026-05-24T05:42:13Z
2026-05-24T05:41:40Z,2026-05-24T07:41:40+0200,04b1983b-7d82-4991-9c22-f60d67a0a20c,2026-05-08T14:45:00Z,2026-05-08T16:45:00+0200,13329.33,MW,FR,FR,actual_solar_generation,Solar,2026-05-24T05:42:13Z
2026-05-24T05:41:40Z,2026-05-24T07:41:40+0200,04b1983b-7d82-4991-9c22-f60d67a0a20c,2026-05-08T15:00:00Z,2026-05-08T17:00:00+0200,12445.28,MW,FR,FR,actual_solar_generation,Solar,2026-05-24T05:42:13Z
2026-05-24T05:41:40Z,2026-05-24T07:41:40+0200,04b1983b-7d82-4991-9c22-f60d67a0a20c,2026-05-08T15:15:00Z,2026-05-08T17:15:00+0200,11489.2,MW,FR,FR,actual_solar_generation,Solar,2026-05-24T05:42:13Z
2026-05-24T05:41:40Z,2026-05-24T07:41:40+0200,04b1983b-7d82-4991-9c22-f60d67a0a20c,2026-05-08T15:30:00Z,2026-05-08T17:30:00+0200,10615.93,MW,FR,FR,actual_solar_generation,Solar,2026-05-24T05:42:13Z
2026-05-24T05:41:40Z,2026-05-24T07:41:40+0200,04b1983b-7d82-4991-9c22-f60d67a0a20c,2026-05-08T15:45:00Z,2026-05-08T17:45:00+0200,9610.62,MW,FR,FR,actual_solar_generation,Solar,2026-05-24T05:42:13Z
2026-05-24T05:41:40Z,2026-05-24T07:41:40+0200,04b1983b-7d82-4991-9c22-f60d67a0a20c,2026-05-08T16:00:00Z,2026-05-08T18:00:00+0200,8539.02,MW,FR,FR,actual_solar_generation,Solar,2026-05-24T05:42:13Z
2026-05-24T05:41:40Z,2026-05-24T07:41:40+0200,04b1983b-7d82-4991-9c22-f60d67a0a20c,2026-05-08T16:15:00Z,2026-05-08T18:15:00+0200,7561.28,MW,FR,FR,actual_solar_generation,Solar,2026-05-24T05:42:13Z
2026-05-24T05:41:40Z,2026-05-24T07:41:40+0200,04b1983b-7d82-4991-9c22-f60d67a0a20c,2026-05-08T16:30:00Z,2026-05-08T18:30:00+0200,6649.8,MW,FR,FR,actual_solar_generation,Solar,2026-05-24T05:42:13Z
2026-05-24T05:41:40Z,2026-05-24T07:41:40+0200,04b1983b-7d82-4991-9c22-f60d67a0a20c,2026-05-08T16:45:00Z,2026-05-08T18:45:00+0200,5670.09,MW,FR,FR,actual_solar_generation,Solar,2026-05-24T05:42:13Z
2026-05-24T05:41:40Z,2026-05-24T07:41:40+0200,04b1983b-7d82-4991-9c22-f60d67a0a20c,2026-05-08T17:00:00Z,2026-05-08T19:00:00+0200,4654.77,MW,FR,FR,actual_solar_generation,Solar,2026-05-24T05:42:13Z
2026-05-24T05:41:40Z,2026-05-24T07:41:40+0200,04b1983b-7d82-4991-9c22-f60d67a0a20c,2026-05-08T17:15:00Z,2026-05-08T19:15:00+0200,3765.81,MW,FR,FR,actual_solar_generation,Solar,2026-05-24T05:42:13Z
2026-05-24T05:41:40Z,2026-05-24T07:41:40+0200,04b1983b-7d82-4991-9c22-f60d67a0a20c,2026-05-08T17:30:00Z,2026-05-08T19:30:00+0200,2903.24,MW,FR,FR,actual_solar_generation,Solar,2026-05-24T05:42:13Z
2026-05-24T05:41:40Z,2026-05-24T07:41:40+0200,04b1983b-7d82-4991-9c22-f60d67a0a20c,2026-05-08T17:45:00Z,2026-05-08T19:45:00+0200,2211.36,MW,FR,FR,actual_solar_generation,Solar,2026-05-24T05:42:13Z
2026-05-24T05:41:40Z,2026-05-24T07:41:40+0200,04b1983b-7d82-4991-9c22-f60d67a0a20c,2026-05-08T18:00:00Z,2026-05-08T20:00:00+0200,1562.36,MW,FR,FR,actual_solar_generation,Solar,2026-05-24T05:42:13Z
2026-05-24T05:41:40Z,2026-05-24T07:41:40+0200,04b1983b-7d82-4991-9c22-f60d67a0a20c,2026-05-08T18:15:00Z,2026-05-08T20:15:00+0200,1085.99,MW,FR,FR,actual_solar_generation,Solar,2026-05-24T05:42:13Z
2026-05-24T05:41:40Z,2026-05-24T07:41:40+0200,04b1983b-7d82-4991-9c22-f60d67a0a20c,2026-05-08T18:30:00Z,2026-05-08T20:30:00+0200,739.16,MW,FR,FR,actual_solar_generation,Solar,2026-05-24T05:42:13Z
2026-05-24T05:41:40Z,2026-05-24T07:41:40+0200,04b1983b-7d82-4991-9c22-f60d67a0a20c,2026-05-08T18:45:00Z,2026-05-08T20:45:00+0200,512.69,MW,FR,FR,actual_solar_generation,Solar,2026-05-24T05:42:13Z
2026-05-24T05:41:40Z,2026-05-24T07:41:40+0200,04b1983b-7d82-4991-9c22-f60d67a0a20c,2026-05-08T19:00:00Z,2026-05-08T21:00:00+0200,337.29,MW,FR,FR,actual_solar_generation,Solar,2026-05-24T05:42:13Z
2026-05-24T05:41:40Z,2026-05-24T07:41:40+0200,04b1983b-7d82-4991-9c22-f60d67a0a20c,2026-05-08T19:15:00Z,2026-05-08T21:15:00+0200,249.59,MW,FR,FR,actual_solar_generation,Solar,2026-05-24T05:42:13Z
2026-05-24T05:41:40Z,2026-05-24T07:41:40+0200,04b1983b-7d82-4991-9c22-f60d67a0a20c,2026-05-08T19:30:00Z,2026-05-08T21:30:00+0200,221.08,MW,FR,FR,actual_solar_generation,Solar,2026-05-24T05:42:13Z
2026-05-24T05:41:40Z,2026-05-24T07:41:40+0200,04b1983b-7d82-4991-9c22-f60d67a0a20c,2026-05-08T19:45:00Z,2026-05-08T21:45:00+0200,219.95,MW,FR,FR,actual_solar_generation,Solar,2026-05-24T05:42:13Z
2026-05-24T05:41:40Z,2026-05-24T07:41:40+0200,04b1983b-7d82-4991-9c22-f60d67a0a20c,2026-05-08T20:00:00Z,2026-05-08T22:00:00+0200,223.72,MW,FR,FR,actual_solar_generation,Solar,2026-05-24T05:42:13Z
2026-05-24T05:41:40Z,2026-05-24T07:41:40+0200,04b1983b-7d82-4991-9c22-f60d67a0a20c,2026-05-08T20:15:00Z,2026-05-08T22:15:00+0200,221.57,MW,FR,FR,actual_solar_generation,Solar,2026-05-24T05:42:13Z
2026-05-24T05:41:40Z,2026-05-24T07:41:40+0200,04b1983b-7d82-4991-9c22-f60d67a0a20c,2026-05-08T20:30:00Z,2026-05-08T22:30:00+0200,219.85,MW,FR,FR,actual_solar_generation,Solar,2026-05-24T05:42:13Z
2026-05-24T05:41:40Z,2026-05-24T07:41:40+0200,04b1983b-7d82-4991-9c22-f60d67a0a20c,2026-05-08T20:45:00Z,2026-05-08T22:45:00+0200,217.58,MW,FR,FR,actual_solar_generation,Solar,2026-05-24T05:42:13Z
2026-05-24T05:41:40Z,2026-05-24T07:41:40+0200,04b1983b-7d82-4991-9c22-f60d67a0a20c,2026-05-08T21:00:00Z,2026-05-08T23:00:00+0200,0.0,MW,FR,FR,actual_solar_generation,Solar,2026-05-24T05:42:13Z
2026-05-24T05:41:40Z,2026-05-24T07:41:40+0200,04b1983b-7d82-4991-9c22-f60d67a0a20c,2026-05-08T21:15:00Z,2026-05-08T23:15:00+0200,0.0,MW,FR,FR,actual_solar_generation,Solar,2026-05-24T05:42:13Z
2026-05-24T05:41:40Z,2026-05-24T07:41:40+0200,04b1983b-7d82-4991-9c22-f60d67a0a20c,2026-05-08T21:30:00Z,2026-05-08T23:30:00+0200,0.0,MW,FR,FR,actual_solar_generation,Solar,2026-05-24T05:42:13Z
2026-05-24T05:41:40Z,2026-05-24T07:41:40+0200,04b1983b-7d82-4991-9c22-f60d67a0a20c,2026-05-08T21:45:00Z,2026-05-08T23:45:00+0200,0.0,MW,FR,FR,actual_solar_generation,Solar,2026-05-24T05:42:13Z
2026-05-24T05:41:40Z,2026-05-24T07:41:40+0200,04b1983b-7d82-4991-9c22-f60d67a0a20c,2026-05-08T22:00:00Z,2026-05-09T00:00:00+0200,0.0,MW,FR,FR,actual_solar_generation,Solar,2026-05-24T05:42:13Z
2026-05-24T05:41:40Z,2026-05-24T07:41:40+0200,04b1983b-7d82-4991-9c22-f60d67a0a20c,2026-05-08T22:15:00Z,2026-05-09T00:15:00+0200,0.0,MW,FR,FR,actual_solar_generation,Solar,2026-05-24T05:42:13Z
2026-05-24T05:41:40Z,2026-05-24T07:41:40+0200,04b1983b-7d82-4991-9c22-f60d67a0a20c,2026-05-08T22:30:00Z,2026-05-09T00:30:00+0200,0.0,MW,FR,FR,actual_solar_generation,Solar,2026-05-24T05:42:13Z
2026-05-24T05:41:40Z,2026-05-24T07:41:40+0200,04b1983b-7d82-4991-9c22-f60d67a0a20c,2026-05-08T22:45:00Z,2026-05-09T00:45:00+0200,0.0,MW,FR,FR,actual_solar_generation,Solar,2026-05-24T05:42:13Z
2026-05-24T05:41:40Z,2026-05-24T07:41:40+0200,04b1983b-7d82-4991-9c22-f60d67a0a20c,2026-05-08T23:00:00Z,2026-05-09T01:00:00+0200,0.0,MW,FR,FR,actual_solar_generation,Solar,2026-05-24T05:42:13Z
2026-05-24T05:41:40Z,2026-05-24T07:41:40+0200,04b1983b-7d82-4991-9c22-f60d67a0a20c,2026-05-08T23:15:00Z,2026-05-09T01:15:00+0200,0.0,MW,FR,FR,actual_solar_generation,Solar,2026-05-24T05:42:13Z
2026-05-24T05:41:40Z,2026-05-24T07:41:40+0200,04b1983b-7d82-4991-9c22-f60d67a0a20c,2026-05-08T23:30:00Z,2026-05-09T01:30:00+0200,0.0,MW,FR,FR,actual_solar_generation,Solar,2026-05-24T05:42:13Z
2026-05-24T05:41:40Z,2026-05-24T07:41:40+0200,04b1983b-7d82-4991-9c22-f60d67a0a20c,2026-05-08T23:45:00Z,2026-05-09T01:45:00+0200,0.0,MW,FR,FR,actual_solar_generation,Solar,2026-05-24T05:42:13Z
2026-05-24T05:41:40Z,2026-05-24T07:41:40+0200,04b1983b-7d82-4991-9c22-f60d67a0a20c,2026-05-09T00:00:00Z,2026-05-09T02:00:00+0200,0.0,MW,FR,FR,actual_solar_generation,Solar,2026-05-24T05:42:13Z
2026-05-24T05:41:40Z,2026-05-24T07:41:40+0200,04b1983b-7d82-4991-9c22-f60d67a0a20c,2026-05-09T00:15:00Z,2026-05-09T02:15:00+0200,0.0,MW,FR,FR,actual_solar_generation,Solar,2026-05-24T05:42:13Z
2026-05-24T05:41:40Z,2026-05-24T07:41:40+0200,04b1983b-7d82-4991-9c22-f60d67a0a20c,2026-05-09T00:30:00Z,2026-05-09T02:30:00+0200,0.0,MW,FR,FR,actual_solar_generation,Solar,2026-05-24T05:42:13Z
2026-05-24T05:41:40Z,2026-05-24T07:41:40+0200,04b1983b-7d82-4991-9c22-f60d67a0a20c,2026-05-09T00:45:00Z,2026-05-09T02:45:00+0200,0.0,MW,FR,FR,actual_solar_generation,Solar,2026-05-24T05:42:13Z
2026-05-24T05:41:40Z,2026-05-24T07:41:40+0200,04b1983b-7d82-4991-9c22-f60d67a0a20c,2026-05-09T01:00:00Z,2026-05-09T03:00:00+0200,0.0,MW,FR,FR,actual_solar_generation,Solar,2026-05-24T05:42:13Z
2026-05-24T05:41:40Z,2026-05-24T07:41:40+0200,04b1983b-7d82-4991-9c22-f60d67a0a20c,2026-05-09T01:15:00Z,2026-05-09T03:15:00+0200,0.0,MW,FR,FR,actual_solar_generation,Solar,2026-05-24T05:42:13Z
2026-05-24T05:41:40Z,2026-05-24T07:41:40+0200,04b1983b-7d82-4991-9c22-f60d67a0a20c,2026-05-09T01:30:00Z,2026-05-09T03:30:00+0200,0.0,MW,FR,FR,actual_solar_generation,Solar,2026-05-24T05:42:13Z
2026-05-24T05:41:40Z,2026-05-24T07:41:40+0200,04b1983b-7d82-4991-9c22-f60d67a0a20c,2026-05-09T01:45:00Z,2026-05-09T03:45:00+0200,0.0,MW,FR,FR,actual_solar_generation,Solar,2026-05-24T05:42:13Z
2026-05-24T05:41:40Z,2026-05-24T07:41:40+0200,04b1983b-7d82-4991-9c22-f60d67a0a20c,2026-05-09T02:00:00Z,2026-05-09T04:00:00+0200,0.0,MW,FR,FR,actual_solar_generation,Solar,2026-05-24T05:42:13Z
2026-05-24T05:41:40Z,2026-05-24T07:41:40+0200,04b1983b-7d82-4991-9c22-f60d67a0a20c,2026-05-09T02:15:00Z,2026-05-09T04:15:00+0200,0.0,MW,FR,FR,actual_solar_generation,Solar,2026-05-24T05:42:13Z
2026-05-24T05:41:40Z,2026-05-24T07:41:40+0200,04b1983b-7d82-4991-9c22-f60d67a0a20c,2026-05-09T02:30:00Z,2026-05-09T04:30:00+0200,0.0,MW,FR,FR,actual_solar_generation,Solar,2026-05-24T05:42:13Z
2026-05-24T05:41:40Z,2026-05-24T07:41:40+0200,04b1983b-7d82-4991-9c22-f60d67a0a20c,2026-05-09T02:45:00Z,2026-05-09T04:45:00+0200,0.0,MW,FR,FR,actual_solar_generation,Solar,2026-05-24T05:42:13Z
2026-05-24T05:41:40Z,2026-05-24T07:41:40+0200,04b1983b-7d82-4991-9c22-f60d67a0a20c,2026-05-09T03:00:00Z,2026-05-09T05:00:00+0200,0.0,MW,FR,FR,actual_solar_generation,Solar,2026-05-24T05:42:13Z
2026-05-24T05:41:40Z,2026-05-24T07:41:40+0200,04b1983b-7d82-4991-9c22-f60d67a0a20c,2026-05-09T03:15:00Z,2026-05-09T05:15:00+0200,0.0,MW,FR,FR,actual_solar_generation,Solar,2026-05-24T05:42:13Z
2026-05-24T05:41:40Z,2026-05-24T07:41:40+0200,04b1983b-7d82-4991-9c22-f60d67a0a20c,2026-05-09T03:30:00Z,2026-05-09T05:30:00+0200,0.0,MW,FR,FR,actual_solar_generation,Solar,2026-05-24T05:42:13Z
2026-05-24T05:41:40Z,2026-05-24T07:41:40+0200,04b1983b-7d82-4991-9c22-f60d67a0a20c,2026-05-09T03:45:00Z,2026-05-09T05:45:00+0200,0.0,MW,FR,FR,actual_solar_generation,Solar,2026-05-24T05:42:13Z
2026-05-24T05:41:40Z,2026-05-24T07:41:40+0200,04b1983b-7d82-4991-9c22-f60d67a0a20c,2026-05-09T04:00:00Z,2026-05-09T06:00:00+0200,227.09,MW,FR,FR,actual_solar_generation,Solar,2026-05-24T05:42:13Z
2026-05-24T05:41:40Z,2026-05-24T07:41:40+0200,04b1983b-7d82-4991-9c22-f60d67a0a20c,2026-05-09T04:15:00Z,2026-05-09T06:15:00+0200,242.65,MW,FR,FR,actual_solar_generation,Solar,2026-05-24T05:42:13Z
2026-05-24T05:41:40Z,2026-05-24T07:41:40+0200,04b1983b-7d82-4991-9c22-f60d67a0a20c,2026-05-09T04:30:00Z,2026-05-09T06:30:00+0200,327.16,MW,FR,FR,actual_solar_generation,Solar,2026-05-24T05:42:13Z
2026-05-24T05:41:40Z,2026-05-24T07:41:40+0200,04b1983b-7d82-4991-9c22-f60d67a0a20c,2026-05-09T04:45:00Z,2026-05-09T06:45:00+0200,488.31,MW,FR,FR,actual_solar_generation,Solar,2026-05-24T05:42:13Z
2026-05-24T05:41:40Z,2026-05-24T07:41:40+0200,04b1983b-7d82-4991-9c22-f60d67a0a20c,2026-05-09T05:00:00Z,2026-05-09T07:00:00+0200,767.71,MW,FR,FR,actual_solar_generation,Solar,2026-05-24T05:42:13Z
2026-05-24T05:41:40Z,2026-05-24T07:41:40+0200,04b1983b-7d82-4991-9c22-f60d67a0a20c,2026-05-09T05:15:00Z,2026-05-09T07:15:00+0200,1132.43,MW,FR,FR,actual_solar_generation,Solar,2026-05-24T05:42:13Z
2026-05-24T05:41:40Z,2026-05-24T07:41:40+0200,04b1983b-7d82-4991-9c22-f60d67a0a20c,2026-05-09T05:30:00Z,2026-05-09T07:30:00+0200,1647.05,MW,FR,FR,actual_solar_generation,Solar,2026-05-24T05:42:13Z
2026-05-24T05:41:40Z,2026-05-24T07:41:40+0200,04b1983b-7d82-4991-9c22-f60d67a0a20c,2026-05-09T05:45:00Z,2026-05-09T07:45:00+0200,2374.27,MW,FR,FR,actual_solar_generation,Solar,2026-05-24T05:42:13Z
2026-05-24T05:41:40Z,2026-05-24T07:41:40+0200,04b1983b-7d82-4991-9c22-f60d67a0a20c,2026-05-09T06:00:00Z,2026-05-09T08:00:00+0200,3297.78,MW,FR,FR,actual_solar_generation,Solar,2026-05-24T05:42:13Z
2026-05-24T05:41:40Z,2026-05-24T07:41:40+0200,04b1983b-7d82-4991-9c22-f60d67a0a20c,2026-05-09T06:15:00Z,2026-05-09T08:15:00+0200,4311.02,MW,FR,FR,actual_solar_generation,Solar,2026-05-24T05:42:13Z
2026-05-24T05:41:40Z,2026-05-24T07:41:40+0200,04b1983b-7d82-4991-9c22-f60d67a0a20c,2026-05-09T06:30:00Z,2026-05-09T08:30:00+0200,5314.07,MW,FR,FR,actual_solar_generation,Solar,2026-05-24T05:42:13Z
2026-05-24T05:41:40Z,2026-05-24T07:41:40+0200,04b1983b-7d82-4991-9c22-f60d67a0a20c,2026-05-09T06:45:00Z,2026-05-09T08:45:00+0200,6325.66,MW,FR,FR,actual_solar_generation,Solar,2026-05-24T05:42:13Z
2026-05-24T05:41:40Z,2026-05-24T07:41:40+0200,04b1983b-7d82-4991-9c22-f60d67a0a20c,2026-05-09T07:00:00Z,2026-05-09T09:00:00+0200,7289.04,MW,FR,FR,actual_solar_generation,Solar,2026-05-24T05:42:13Z
2026-05-24T05:41:40Z,2026-05-24T07:41:40+0200,04b1983b-7d82-4991-9c22-f60d67a0a20c,2026-05-09T07:15:00Z,2026-05-09T09:15:00+0200,8529.48,MW,FR,FR,actual_solar_generation,Solar,2026-05-24T05:42:13Z
2026-05-24T05:41:40Z,2026-05-24T07:41:40+0200,04b1983b-7d82-4991-9c22-f60d67a0a20c,2026-05-09T07:30:00Z,2026-05-09T09:30:00+0200,9764.74,MW,FR,FR,actual_solar_generation,Solar,2026-05-24T05:42:13Z
2026-05-24T05:41:40Z,2026-05-24T07:41:40+0200,04b1983b-7d82-4991-9c22-f60d67a0a20c,2026-05-09T07:45:00Z,2026-05-09T09:45:00+0200,10825.63,MW,FR,FR,actual_solar_generation,Solar,2026-05-24T05:42:13Z
2026-05-24T05:41:40Z,2026-05-24T07:41:40+0200,04b1983b-7d82-4991-9c22-f60d67a0a20c,2026-05-09T08:00:00Z,2026-05-09T10:00:00+0200,11684.6,MW,FR,FR,actual_solar_generation,Solar,2026-05-24T05:42:13Z
2026-05-24T05:41:40Z,2026-05-24T07:41:40+0200,04b1983b-7d82-4991-9c22-f60d67a0a20c,2026-05-09T08:15:00Z,2026-05-09T10:15:00+0200,12730.22,MW,FR,FR,actual_solar_generation,Solar,2026-05-24T05:42:13Z
2026-05-24T05:41:40Z,2026-05-24T07:41:40+0200,04b1983b-7d82-4991-9c22-f60d67a0a20c,2026-05-09T08:30:00Z,2026-05-09T10:30:00+0200,13728.99,MW,FR,FR,actual_solar_generation,Solar,2026-05-24T05:42:13Z
2026-05-24T05:41:40Z,2026-05-24T07:41:40+0200,04b1983b-7d82-4991-9c22-f60d67a0a20c,2026-05-09T08:45:00Z,2026-05-09T10:45:00+0200,14570.89,MW,FR,FR,actual_solar_generation,Solar,2026-05-24T05:42:13Z
2026-05-24T05:41:40Z,2026-05-24T07:41:40+0200,04b1983b-7d82-4991-9c22-f60d67a0a20c,2026-05-09T09:00:00Z,2026-05-09T11:00:00+0200,14097.98,MW,FR,FR,actual_solar_generation,Solar,2026-05-24T05:42:13Z
2026-05-24T05:41:40Z,2026-05-24T07:41:40+0200,04b1983b-7d82-4991-9c22-f60d67a0a20c,2026-05-09T09:15:00Z,2026-05-09T11:15:00+0200,12505.01,MW,FR,FR,actual_solar_generation,Solar,2026-05-24T05:42:13Z
2026-05-24T05:41:40Z,2026-05-24T07:41:40+0200,04b1983b-7d82-4991-9c22-f60d67a0a20c,2026-05-09T09:30:00Z,2026-05-09T11:30:00+0200,12785.26,MW,FR,FR,actual_solar_generation,Solar,2026-05-24T05:42:13Z
2026-05-24T05:41:40Z,2026-05-24T07:41:40+0200,04b1983b-7d82-4991-9c22-f60d67a0a20c,2026-05-09T09:45:00Z,2026-05-09T11:45:00+0200,13210.66,MW,FR,FR,actual_solar_generation,Solar,2026-05-24T05:42:13Z
2026-05-24T05:41:40Z,2026-05-24T07:41:40+0200,04b1983b-7d82-4991-9c22-f60d67a0a20c,2026-05-09T10:00:00Z,2026-05-09T12:00:00+0200,13499.67,MW,FR,FR,actual_solar_generation,Solar,2026-05-24T05:42:13Z
2026-05-24T05:41:40Z,2026-05-24T07:41:40+0200,04b1983b-7d82-4991-9c22-f60d67a0a20c,2026-05-09T10:15:00Z,2026-05-09T12:15:00+0200,13793.42,MW,FR,FR,actual_solar_generation,Solar,2026-05-24T05:42:13Z
2026-05-24T05:41:40Z,2026-05-24T07:41:40+0200,04b1983b-7d82-4991-9c22-f60d67a0a20c,2026-05-09T10:30:00Z,2026-05-09T12:30:00+0200,13994.78,MW,FR,FR,actual_solar_generation,Solar,2026-05-24T05:42:13Z
2026-05-24T05:41:40Z,2026-05-24T07:41:40+0200,04b1983b-7d82-4991-9c22-f60d67a0a20c,2026-05-09T10:45:00Z,2026-05-09T12:45:00+0200,14014.1,MW,FR,FR,actual_solar_generation,Solar,2026-05-24T05:42:13Z
2026-05-24T05:41:40Z,2026-05-24T07:41:40+0200,04b1983b-7d82-4991-9c22-f60d67a0a20c,2026-05-09T11:00:00Z,2026-05-09T13:00:00+0200,13865.14,MW,FR,FR,actual_solar_generation,Solar,2026-05-24T05:42:13Z
2026-05-24T05:41:40Z,2026-05-24T07:41:40+0200,04b1983b-7d82-4991-9c22-f60d67a0a20c,2026-05-09T11:15:00Z,2026-05-09T13:15:00+0200,13951.87,MW,FR,FR,actual_solar_generation,Solar,2026-05-24T05:42:13Z
2026-05-24T05:41:40Z,2026-05-24T07:41:40+0200,04b1983b-7d82-4991-9c22-f60d67a0a20c,2026-05-09T11:30:00Z,2026-05-09T13:30:00+0200,13918.22,MW,FR,FR,actual_solar_generation,Solar,2026-05-24T05:42:13Z
2026-05-24T05:41:40Z,2026-05-24T07:41:40+0200,04b1983b-7d82-4991-9c22-f60d67a0a20c,2026-05-09T11:45:00Z,2026-05-09T13:45:00+0200,13833.13,MW,FR,FR,actual_solar_generation,Solar,2026-05-24T05:42:13Z
2026-05-24T05:41:40Z,2026-05-24T07:41:40+0200,04b1983b-7d82-4991-9c22-f60d67a0a20c,2026-05-09T12:00:00Z,2026-05-09T14:00:00+0200,13905.13,MW,FR,FR,actual_solar_generation,Solar,2026-05-24T05:42:13Z
2026-05-24T05:41:40Z,2026-05-24T07:41:40+0200,04b1983b-7d82-4991-9c22-f60d67a0a20c,2026-05-09T12:15:00Z,2026-05-09T14:15:00+0200,13870.13,MW,FR,FR,actual_solar_generation,Solar,2026-05-24T05:42:13Z
2026-05-24T05:41:40Z,2026-05-24T07:41:40+0200,04b1983b-7d82-4991-9c22-f60d67a0a20c,2026-05-09T12:30:00Z,2026-05-09T14:30:00+0200,13587.29,MW,FR,FR,actual_solar_generation,Solar,2026-05-24T05:42:13Z
2026-05-24T05:41:40Z,2026-05-24T07:41:40+0200,04b1983b-7d82-4991-9c22-f60d67a0a20c,2026-05-09T12:45:00Z,2026-05-09T14:45:00+0200,13286.45,MW,FR,FR,actual_solar_generation,Solar,2026-05-24T05:42:13Z
2026-05-24T05:41:40Z,2026-05-24T07:41:40+0200,04b1983b-7d82-4991-9c22-f60d67a0a20c,2026-05-09T13:00:00Z,2026-05-09T15:00:00+0200,14578.04,MW,FR,FR,actual_solar_generation,Solar,2026-05-24T05:42:13Z
2026-05-24T05:41:40Z,2026-05-24T07:41:40+0200,04b1983b-7d82-4991-9c22-f60d67a0a20c,2026-05-09T13:15:00Z,2026-05-09T15:15:00+0200,16039.84,MW,FR,FR,actual_solar_generation,Solar,2026-05-24T05:42:13Z
2026-05-24T05:41:40Z,2026-05-24T07:41:40+0200,04b1983b-7d82-4991-9c22-f60d67a0a20c,2026-05-09T13:30:00Z,2026-05-09T15:30:00+0200,15794.64,MW,FR,FR,actual_solar_generation,Solar,2026-05-24T05:42:13Z
2026-05-24T05:41:40Z,2026-05-24T07:41:40+0200,04b1983b-7d82-4991-9c22-f60d67a0a20c,2026-05-09T13:45:00Z,2026-05-09T15:45:00+0200,15249.82,MW,FR,FR,actual_solar_generation,Solar,2026-05-24T05:42:13Z
2026-05-24T05:41:40Z,2026-05-24T07:41:40+0200,04b1983b-7d82-4991-9c22-f60d67a0a20c,2026-05-09T14:00:00Z,2026-05-09T16:00:00+0200,14641.51,MW,FR,FR,actual_solar_generation,Solar,2026-05-24T05:42:13Z
2026-05-24T05:41:40Z,2026-05-24T07:41:40+0200,04b1983b-7d82-4991-9c22-f60d67a0a20c,2026-05-09T14:15:00Z,2026-05-09T16:15:00+0200,13956.36,MW,FR,FR,actual_solar_generation,Solar,2026-05-24T05:42:13Z
2026-05-24T05:41:40Z,2026-05-24T07:41:40+0200,04b1983b-7d82-4991-9c22-f60d67a0a20c,2026-05-09T14:30:00Z,2026-05-09T16:30:00+0200,13214.09,MW,FR,FR,actual_solar_generation,Solar,2026-05-24T05:42:13Z
2026-05-24T05:41:40Z,2026-05-24T07:41:40+0200,04b1983b-7d82-4991-9c22-f60d67a0a20c,2026-05-09T14:45:00Z,2026-05-09T16:45:00+0200,12360.98,MW,FR,FR,actual_solar_generation,Solar,2026-05-24T05:42:13Z
2026-05-24T05:41:40Z,2026-05-24T07:41:40+0200,04b1983b-7d82-4991-9c22-f60d67a0a20c,2026-05-09T15:00:00Z,2026-05-09T17:00:00+0200,11424.53,MW,FR,FR,actual_solar_generation,Solar,2026-05-24T05:42:13Z
2026-05-24T05:41:40Z,2026-05-24T07:41:40+0200,04b1983b-7d82-4991-9c22-f60d67a0a20c,2026-05-09T15:15:00Z,2026-05-09T17:15:00+0200,10627.65,MW,FR,FR,actual_solar_generation,Solar,2026-05-24T05:42:13Z
2026-05-24T05:41:40Z,2026-05-24T07:41:40+0200,04b1983b-7d82-4991-9c22-f60d67a0a20c,2026-05-09T15:30:00Z,2026-05-09T17:30:00+0200,9686.99,MW,FR,FR,actual_solar_generation,Solar,2026-05-24T05:42:13Z
2026-05-24T05:41:40Z,2026-05-24T07:41:40+0200,04b1983b-7d82-4991-9c22-f60d67a0a20c,2026-05-09T15:45:00Z,2026-05-09T17:45:00+0200,8569.99,MW,FR,FR,actual_solar_generation,Solar,2026-05-24T05:42:13Z
2026-05-24T05:41:40Z,2026-05-24T07:41:40+0200,04b1983b-7d82-4991-9c22-f60d67a0a20c,2026-05-09T16:00:00Z,2026-05-09T18:00:00+0200,7592.2,MW,FR,FR,actual_solar_generation,Solar,2026-05-24T05:42:13Z
2026-05-24T05:41:40Z,2026-05-24T07:41:40+0200,04b1983b-7d82-4991-9c22-f60d67a0a20c,2026-05-09T16:15:00Z,2026-05-09T18:15:00+0200,6646.74,MW,FR,FR,actual_solar_generation,Solar,2026-05-24T05:42:13Z
2026-05-24T05:41:40Z,2026-05-24T07:41:40+0200,04b1983b-7d82-4991-9c22-f60d67a0a20c,2026-05-09T16:30:00Z,2026-05-09T18:30:00+0200,5728.9,MW,FR,FR,actual_solar_generation,Solar,2026-05-24T05:42:13Z
2026-05-24T05:41:40Z,2026-05-24T07:41:40+0200,04b1983b-7d82-4991-9c22-f60d67a0a20c,2026-05-09T16:45:00Z,2026-05-09T18:45:00+0200,4896.51,MW,FR,FR,actual_solar_generation,Solar,2026-05-24T05:42:13Z
2026-05-24T05:41:40Z,2026-05-24T07:41:40+0200,04b1983b-7d82-4991-9c22-f60d67a0a20c,2026-05-09T17:00:00Z,2026-05-09T19:00:00+0200,4003.06,MW,FR,FR,actual_solar_generation,Solar,2026-05-24T05:42:13Z
2026-05-24T05:41:40Z,2026-05-24T07:41:40+0200,04b1983b-7d82-4991-9c22-f60d67a0a20c,2026-05-09T17:15:00Z,2026-05-09T19:15:00+0200,3242.9,MW,FR,FR,actual_solar_generation,Solar,2026-05-24T05:42:13Z
2026-05-24T05:41:40Z,2026-05-24T07:41:40+0200,04b1983b-7d82-4991-9c22-f60d67a0a20c,2026-05-09T17:30:00Z,2026-05-09T19:30:00+0200,2578.08,MW,FR,FR,actual_solar_generation,Solar,2026-05-24T05:42:13Z
2026-05-24T05:41:40Z,2026-05-24T07:41:40+0200,04b1983b-7d82-4991-9c22-f60d67a0a20c,2026-05-09T17:45:00Z,2026-05-09T19:45:00+0200,1970.22,MW,FR,FR,actual_solar_generation,Solar,2026-05-24T05:42:13Z
2026-05-24T05:41:40Z,2026-05-24T07:41:40+0200,04b1983b-7d82-4991-9c22-f60d67a0a20c,2026-05-09T18:00:00Z,2026-05-09T20:00:00+0200,1414.16,MW,FR,FR,actual_solar_generation,Solar,2026-05-24T05:42:13Z
2026-05-24T05:41:40Z,2026-05-24T07:41:40+0200,04b1983b-7d82-4991-9c22-f60d67a0a20c,2026-05-09T18:15:00Z,2026-05-09T20:15:00+0200,973.41,MW,FR,FR,actual_solar_generation,Solar,2026-05-24T05:42:13Z
2026-05-24T05:41:40Z,2026-05-24T07:41:40+0200,04b1983b-7d82-4991-9c22-f60d67a0a20c,2026-05-09T18:30:00Z,2026-05-09T20:30:00+0200,659.36,MW,FR,FR,actual_solar_generation,Solar,2026-05-24T05:42:13Z
2026-05-24T05:41:40Z,2026-05-24T07:41:40+0200,04b1983b-7d82-4991-9c22-f60d67a0a20c,2026-05-09T18:45:00Z,2026-05-09T20:45:00+0200,470.08,MW,FR,FR,actual_solar_generation,Solar,2026-05-24T05:42:13Z
2026-05-24T05:41:40Z,2026-05-24T07:41:40+0200,04b1983b-7d82-4991-9c22-f60d67a0a20c,2026-05-09T19:00:00Z,2026-05-09T21:00:00+0200,338.08,MW,FR,FR,actual_solar_generation,Solar,2026-05-24T05:42:13Z
2026-05-24T05:41:40Z,2026-05-24T07:41:40+0200,04b1983b-7d82-4991-9c22-f60d67a0a20c,2026-05-09T19:15:00Z,2026-05-09T21:15:00+0200,265.41,MW,FR,FR,actual_solar_generation,Solar,2026-05-24T05:42:13Z
2026-05-24T05:41:40Z,2026-05-24T07:41:40+0200,04b1983b-7d82-4991-9c22-f60d67a0a20c,2026-05-09T19:30:00Z,2026-05-09T21:30:00+0200,223.97,MW,FR,FR,actual_solar_generation,Solar,2026-05-24T05:42:13Z
2026-05-24T05:41:40Z,2026-05-24T07:41:40+0200,04b1983b-7d82-4991-9c22-f60d67a0a20c,2026-05-09T19:45:00Z,2026-05-09T21:45:00+0200,216.7,MW,FR,FR,actual_solar_generation,Solar,2026-05-24T05:42:13Z
2026-05-24T05:41:40Z,2026-05-24T07:41:40+0200,04b1983b-7d82-4991-9c22-f60d67a0a20c,2026-05-09T20:00:00Z,2026-05-09T22:00:00+0200,221.24,MW,FR,FR,actual_solar_generation,Solar,2026-05-24T05:42:13Z
2026-05-24T05:41:40Z,2026-05-24T07:41:40+0200,04b1983b-7d82-4991-9c22-f60d67a0a20c,2026-05-09T20:15:00Z,2026-05-09T22:15:00+0200,215.38,MW,FR,FR,actual_solar_generation,Solar,2026-05-24T05:42:13Z
2026-05-24T05:41:40Z,2026-05-24T07:41:40+0200,04b1983b-7d82-4991-9c22-f60d67a0a20c,2026-05-09T20:30:00Z,2026-05-09T22:30:00+0200,214.17,MW,FR,FR,actual_solar_generation,Solar,2026-05-24T05:42:13Z
2026-05-24T05:41:40Z,2026-05-24T07:41:40+0200,04b1983b-7d82-4991-9c22-f60d67a0a20c,2026-05-09T20:45:00Z,2026-05-09T22:45:00+0200,207.55,MW,FR,FR,actual_solar_generation,Solar,2026-05-24T05:42:13Z
2026-05-24T05:41:40Z,2026-05-24T07:41:40+0200,04b1983b-7d82-4991-9c22-f60d67a0a20c,2026-05-09T21:00:00Z,2026-05-09T23:00:00+0200,0.0,MW,FR,FR,actual_solar_generation,Solar,2026-05-24T05:42:13Z
2026-05-24T05:41:40Z,2026-05-24T07:41:40+0200,04b1983b-7d82-4991-9c22-f60d67a0a20c,2026-05-09T21:15:00Z,2026-05-09T23:15:00+0200,0.0,MW,FR,FR,actual_solar_generation,Solar,2026-05-24T05:42:13Z
2026-05-24T05:41:40Z,2026-05-24T07:41:40+0200,04b1983b-7d82-4991-9c22-f60d67a0a20c,2026-05-09T21:30:00Z,2026-05-09T23:30:00+0200,0.0,MW,FR,FR,actual_solar_generation,Solar,2026-05-24T05:42:13Z
2026-05-24T05:41:40Z,2026-05-24T07:41:40+0200,04b1983b-7d82-4991-9c22-f60d67a0a20c,2026-05-09T21:45:00Z,2026-05-09T23:45:00+0200,0.0,MW,FR,FR,actual_solar_generation,Solar,2026-05-24T05:42:13Z
2026-05-24T05:41:40Z,2026-05-24T07:41:40+0200,04b1983b-7d82-4991-9c22-f60d67a0a20c,2026-05-09T22:00:00Z,2026-05-10T00:00:00+0200,0.0,MW,FR,FR,actual_solar_generation,Solar,2026-05-24T05:42:13Z
2026-05-24T05:41:40Z,2026-05-24T07:41:40+0200,04b1983b-7d82-4991-9c22-f60d67a0a20c,2026-05-09T22:15:00Z,2026-05-10T00:15:00+0200,0.0,MW,FR,FR,actual_solar_generation,Solar,2026-05-24T05:42:13Z
2026-05-24T05:41:40Z,2026-05-24T07:41:40+0200,04b1983b-7d82-4991-9c22-f60d67a0a20c,2026-05-09T22:30:00Z,2026-05-10T00:30:00+0200,0.0,MW,FR,FR,actual_solar_generation,Solar,2026-05-24T05:42:13Z
2026-05-24T05:41:40Z,2026-05-24T07:41:40+0200,04b1983b-7d82-4991-9c22-f60d67a0a20c,2026-05-09T22:45:00Z,2026-05-10T00:45:00+0200,0.0,MW,FR,FR,actual_solar_generation,Solar,2026-05-24T05:42:13Z
2026-05-24T05:41:40Z,2026-05-24T07:41:40+0200,04b1983b-7d82-4991-9c22-f60d67a0a20c,2026-05-09T23:00:00Z,2026-05-10T01:00:00+0200,0.0,MW,FR,FR,actual_solar_generation,Solar,2026-05-24T05:42:13Z
2026-05-24T05:41:40Z,2026-05-24T07:41:40+0200,04b1983b-7d82-4991-9c22-f60d67a0a20c,2026-05-09T23:15:00Z,2026-05-10T01:15:00+0200,0.0,MW,FR,FR,actual_solar_generation,Solar,2026-05-24T05:42:13Z
2026-05-24T05:41:40Z,2026-05-24T07:41:40+0200,04b1983b-7d82-4991-9c22-f60d67a0a20c,2026-05-09T23:30:00Z,2026-05-10T01:30:00+0200,0.0,MW,FR,FR,actual_solar_generation,Solar,2026-05-24T05:42:13Z
2026-05-24T05:41:40Z,2026-05-24T07:41:40+0200,04b1983b-7d82-4991-9c22-f60d67a0a20c,2026-05-09T23:45:00Z,2026-05-10T01:45:00+0200,0.0,MW,FR,FR,actual_solar_generation,Solar,2026-05-24T05:42:13Z
2026-05-24T05:41:40Z,2026-05-24T07:41:40+0200,04b1983b-7d82-4991-9c22-f60d67a0a20c,2026-05-10T00:00:00Z,2026-05-10T02:00:00+0200,0.0,MW,FR,FR,actual_solar_generation,Solar,2026-05-24T05:42:13Z
2026-05-24T05:41:40Z,2026-05-24T07:41:40+0200,04b1983b-7d82-4991-9c22-f60d67a0a20c,2026-05-10T00:15:00Z,2026-05-10T02:15:00+0200,0.0,MW,FR,FR,actual_solar_generation,Solar,2026-05-24T05:42:13Z
2026-05-24T05:41:40Z,2026-05-24T07:41:40+0200,04b1983b-7d82-4991-9c22-f60d67a0a20c,2026-05-10T00:30:00Z,2026-05-10T02:30:00+0200,0.0,MW,FR,FR,actual_solar_generation,Solar,2026-05-24T05:42:13Z
2026-05-24T05:41:40Z,2026-05-24T07:41:40+0200,04b1983b-7d82-4991-9c22-f60d67a0a20c,2026-05-10T00:45:00Z,2026-05-10T02:45:00+0200,0.0,MW,FR,FR,actual_solar_generation,Solar,2026-05-24T05:42:13Z
2026-05-24T05:41:40Z,2026-05-24T07:41:40+0200,04b1983b-7d82-4991-9c22-f60d67a0a20c,2026-05-10T01:00:00Z,2026-05-10T03:00:00+0200,0.0,MW,FR,FR,actual_solar_generation,Solar,2026-05-24T05:42:13Z
2026-05-24T05:41:40Z,2026-05-24T07:41:40+0200,04b1983b-7d82-4991-9c22-f60d67a0a20c,2026-05-10T01:15:00Z,2026-05-10T03:15:00+0200,0.0,MW,FR,FR,actual_solar_generation,Solar,2026-05-24T05:42:13Z
2026-05-24T05:41:40Z,2026-05-24T07:41:40+0200,04b1983b-7d82-4991-9c22-f60d67a0a20c,2026-05-10T01:30:00Z,2026-05-10T03:30:00+0200,0.0,MW,FR,FR,actual_solar_generation,Solar,2026-05-24T05:42:13Z
2026-05-24T05:41:40Z,2026-05-24T07:41:40+0200,04b1983b-7d82-4991-9c22-f60d67a0a20c,2026-05-10T01:45:00Z,2026-05-10T03:45:00+0200,0.0,MW,FR,FR,actual_solar_generation,Solar,2026-05-24T05:42:13Z
2026-05-24T05:41:40Z,2026-05-24T07:41:40+0200,04b1983b-7d82-4991-9c22-f60d67a0a20c,2026-05-10T02:00:00Z,2026-05-10T04:00:00+0200,0.0,MW,FR,FR,actual_solar_generation,Solar,2026-05-24T05:42:13Z
2026-05-24T05:41:40Z,2026-05-24T07:41:40+0200,04b1983b-7d82-4991-9c22-f60d67a0a20c,2026-05-10T02:15:00Z,2026-05-10T04:15:00+0200,0.0,MW,FR,FR,actual_solar_generation,Solar,2026-05-24T05:42:13Z
2026-05-24T05:41:40Z,2026-05-24T07:41:40+0200,04b1983b-7d82-4991-9c22-f60d67a0a20c,2026-05-10T02:30:00Z,2026-05-10T04:30:00+0200,0.0,MW,FR,FR,actual_solar_generation,Solar,2026-05-24T05:42:13Z
2026-05-24T05:41:40Z,2026-05-24T07:41:40+0200,04b1983b-7d82-4991-9c22-f60d67a0a20c,2026-05-10T02:45:00Z,2026-05-10T04:45:00+0200,0.0,MW,FR,FR,actual_solar_generation,Solar,2026-05-24T05:42:13Z
2026-05-24T05:41:40Z,2026-05-24T07:41:40+0200,04b1983b-7d82-4991-9c22-f60d67a0a20c,2026-05-10T03:00:00Z,2026-05-10T05:00:00+0200,0.0,MW,FR,FR,actual_solar_generation,Solar,2026-05-24T05:42:13Z
2026-05-24T05:41:40Z,2026-05-24T07:41:40+0200,04b1983b-7d82-4991-9c22-f60d67a0a20c,2026-05-10T03:15:00Z,2026-05-10T05:15:00+0200,0.0,MW,FR,FR,actual_solar_generation,Solar,2026-05-24T05:42:13Z
2026-05-24T05:41:40Z,2026-05-24T07:41:40+0200,04b1983b-7d82-4991-9c22-f60d67a0a20c,2026-05-10T03:30:00Z,2026-05-10T05:30:00+0200,0.0,MW,FR,FR,actual_solar_generation,Solar,2026-05-24T05:42:13Z
2026-05-24T05:41:40Z,2026-05-24T07:41:40+0200,04b1983b-7d82-4991-9c22-f60d67a0a20c,2026-05-10T03:45:00Z,2026-05-10T05:45:00+0200,0.0,MW,FR,FR,actual_solar_generation,Solar,2026-05-24T05:42:13Z
2026-05-24T05:41:40Z,2026-05-24T07:41:40+0200,04b1983b-7d82-4991-9c22-f60d67a0a20c,2026-05-10T04:00:00Z,2026-05-10T06:00:00+0200,194.89,MW,FR,FR,actual_solar_generation,Solar,2026-05-24T05:42:13Z
2026-05-24T05:41:40Z,2026-05-24T07:41:40+0200,04b1983b-7d82-4991-9c22-f60d67a0a20c,2026-05-10T04:15:00Z,2026-05-10T06:15:00+0200,214.86,MW,FR,FR,actual_solar_generation,Solar,2026-05-24T05:42:13Z
2026-05-24T05:41:40Z,2026-05-24T07:41:40+0200,04b1983b-7d82-4991-9c22-f60d67a0a20c,2026-05-10T04:30:00Z,2026-05-10T06:30:00+0200,277.85,MW,FR,FR,actual_solar_generation,Solar,2026-05-24T05:42:13Z
2026-05-24T05:41:40Z,2026-05-24T07:41:40+0200,04b1983b-7d82-4991-9c22-f60d67a0a20c,2026-05-10T04:45:00Z,2026-05-10T06:45:00+0200,364.93,MW,FR,FR,actual_solar_generation,Solar,2026-05-24T05:42:13Z
2026-05-24T05:41:40Z,2026-05-24T07:41:40+0200,04b1983b-7d82-4991-9c22-f60d67a0a20c,2026-05-10T05:00:00Z,2026-05-10T07:00:00+0200,522.8,MW,FR,FR,actual_solar_generation,Solar,2026-05-24T05:42:13Z
2026-05-24T05:41:40Z,2026-05-24T07:41:40+0200,04b1983b-7d82-4991-9c22-f60d67a0a20c,2026-05-10T05:15:00Z,2026-05-10T07:15:00+0200,784.0,MW,FR,FR,actual_solar_generation,Solar,2026-05-24T05:42:13Z
2026-05-24T05:41:40Z,2026-05-24T07:41:40+0200,04b1983b-7d82-4991-9c22-f60d67a0a20c,2026-05-10T05:30:00Z,2026-05-10T07:30:00+0200,1159.04,MW,FR,FR,actual_solar_generation,Solar,2026-05-24T05:42:13Z
2026-05-24T05:41:40Z,2026-05-24T07:41:40+0200,04b1983b-7d82-4991-9c22-f60d67a0a20c,2026-05-10T05:45:00Z,2026-05-10T07:45:00+0200,1631.66,MW,FR,FR,actual_solar_generation,Solar,2026-05-24T05:42:13Z
2026-05-24T05:41:40Z,2026-05-24T07:41:40+0200,04b1983b-7d82-4991-9c22-f60d67a0a20c,2026-05-10T06:00:00Z,2026-05-10T08:00:00+0200,2207.43,MW,FR,FR,actual_solar_generation,Solar,2026-05-24T05:42:13Z
2026-05-24T05:41:40Z,2026-05-24T07:41:40+0200,04b1983b-7d82-4991-9c22-f60d67a0a20c,2026-05-10T06:15:00Z,2026-05-10T08:15:00+0200,2801.49,MW,FR,FR,actual_solar_generation,Solar,2026-05-24T05:42:13Z
2026-05-24T05:41:40Z,2026-05-24T07:41:40+0200,04b1983b-7d82-4991-9c22-f60d67a0a20c,2026-05-10T06:30:00Z,2026-05-10T08:30:00+0200,3482.15,MW,FR,FR,actual_solar_generation,Solar,2026-05-24T05:42:13Z
2026-05-24T05:41:40Z,2026-05-24T07:41:40+0200,04b1983b-7d82-4991-9c22-f60d67a0a20c,2026-05-10T06:45:00Z,2026-05-10T08:45:00+0200,4267.69,MW,FR,FR,actual_solar_generation,Solar,2026-05-24T05:42:13Z
2026-05-24T05:41:40Z,2026-05-24T07:41:40+0200,04b1983b-7d82-4991-9c22-f60d67a0a20c,2026-05-10T07:00:00Z,2026-05-10T09:00:00+0200,4745.8,MW,FR,FR,actual_solar_generation,Solar,2026-05-24T05:42:13Z
2026-05-24T05:41:40Z,2026-05-24T07:41:40+0200,04b1983b-7d82-4991-9c22-f60d67a0a20c,2026-05-10T07:15:00Z,2026-05-10T09:15:00+0200,5490.2,MW,FR,FR,actual_solar_generation,Solar,2026-05-24T05:42:13Z
2026-05-24T05:41:40Z,2026-05-24T07:41:40+0200,04b1983b-7d82-4991-9c22-f60d67a0a20c,2026-05-10T07:30:00Z,2026-05-10T09:30:00+0200,6138.0,MW,FR,FR,actual_solar_generation,Solar,2026-05-24T05:42:13Z
2026-05-24T05:41:40Z,2026-05-24T07:41:40+0200,04b1983b-7d82-4991-9c22-f60d67a0a20c,2026-05-10T07:45:00Z,2026-05-10T09:45:00+0200,6833.46,MW,FR,FR,actual_solar_generation,Solar,2026-05-24T05:42:13Z
2026-05-24T05:41:40Z,2026-05-24T07:41:40+0200,04b1983b-7d82-4991-9c22-f60d67a0a20c,2026-05-10T08:00:00Z,2026-05-10T10:00:00+0200,7459.7,MW,FR,FR,actual_solar_generation,Solar,2026-05-24T05:42:13Z
2026-05-24T05:41:40Z,2026-05-24T07:41:40+0200,04b1983b-7d82-4991-9c22-f60d67a0a20c,2026-05-10T08:15:00Z,2026-05-10T10:15:00+0200,7566.04,MW,FR,FR,actual_solar_generation,Solar,2026-05-24T05:42:13Z
2026-05-24T05:41:40Z,2026-05-24T07:41:40+0200,04b1983b-7d82-4991-9c22-f60d67a0a20c,2026-05-10T08:30:00Z,2026-05-10T10:30:00+0200,7000.27,MW,FR,FR,actual_solar_generation,Solar,2026-05-24T05:42:13Z
2026-05-24T05:41:40Z,2026-05-24T07:41:40+0200,04b1983b-7d82-4991-9c22-f60d67a0a20c,2026-05-10T08:45:00Z,2026-05-10T10:45:00+0200,7416.02,MW,FR,FR,actual_solar_generation,Solar,2026-05-24T05:42:13Z
2026-05-24T05:41:40Z,2026-05-24T07:41:40+0200,04b1983b-7d82-4991-9c22-f60d67a0a20c,2026-05-10T09:00:00Z,2026-05-10T11:00:00+0200,7866.97,MW,FR,FR,actual_solar_generation,Solar,2026-05-24T05:42:13Z
2026-05-24T05:41:40Z,2026-05-24T07:41:40+0200,04b1983b-7d82-4991-9c22-f60d67a0a20c,2026-05-10T09:15:00Z,2026-05-10T11:15:00+0200,8017.82,MW,FR,FR,actual_solar_generation,Solar,2026-05-24T05:42:13Z
2026-05-24T05:41:40Z,2026-05-24T07:41:40+0200,04b1983b-7d82-4991-9c22-f60d67a0a20c,2026-05-10T09:30:00Z,2026-05-10T11:30:00+0200,8423.24,MW,FR,FR,actual_solar_generation,Solar,2026-05-24T05:42:13Z
2026-05-24T05:41:40Z,2026-05-24T07:41:40+0200,04b1983b-7d82-4991-9c22-f60d67a0a20c,2026-05-10T09:45:00Z,2026-05-10T11:45:00+0200,8694.26,MW,FR,FR,actual_solar_generation,Solar,2026-05-24T05:42:13Z
2026-05-24T05:41:40Z,2026-05-24T07:41:40+0200,04b1983b-7d82-4991-9c22-f60d67a0a20c,2026-05-10T10:00:00Z,2026-05-10T12:00:00+0200,9027.78,MW,FR,FR,actual_solar_generation,Solar,2026-05-24T05:42:13Z
2026-05-24T05:41:40Z,2026-05-24T07:41:40+0200,04b1983b-7d82-4991-9c22-f60d67a0a20c,2026-05-10T10:15:00Z,2026-05-10T12:15:00+0200,9183.15,MW,FR,FR,actual_solar_generation,Solar,2026-05-24T05:42:13Z
2026-05-24T05:41:40Z,2026-05-24T07:41:40+0200,04b1983b-7d82-4991-9c22-f60d67a0a20c,2026-05-10T10:30:00Z,2026-05-10T12:30:00+0200,9294.52,MW,FR,FR,actual_solar_generation,Solar,2026-05-24T05:42:13Z
2026-05-24T05:41:40Z,2026-05-24T07:41:40+0200,04b1983b-7d82-4991-9c22-f60d67a0a20c,2026-05-10T10:45:00Z,2026-05-10T12:45:00+0200,9120.33,MW,FR,FR,actual_solar_generation,Solar,2026-05-24T05:42:13Z
2026-05-24T05:41:40Z,2026-05-24T07:41:40+0200,04b1983b-7d82-4991-9c22-f60d67a0a20c,2026-05-10T11:00:00Z,2026-05-10T13:00:00+0200,8416.59,MW,FR,FR,actual_solar_generation,Solar,2026-05-24T05:42:13Z
2026-05-24T05:41:40Z,2026-05-24T07:41:40+0200,04b1983b-7d82-4991-9c22-f60d67a0a20c,2026-05-10T11:15:00Z,2026-05-10T13:15:00+0200,8247.02,MW,FR,FR,actual_solar_generation,Solar,2026-05-24T05:42:13Z
2026-05-24T05:41:40Z,2026-05-24T07:41:40+0200,04b1983b-7d82-4991-9c22-f60d67a0a20c,2026-05-10T11:30:00Z,2026-05-10T13:30:00+0200,8285.35,MW,FR,FR,actual_solar_generation,Solar,2026-05-24T05:42:13Z
2026-05-24T05:41:40Z,2026-05-24T07:41:40+0200,04b1983b-7d82-4991-9c22-f60d67a0a20c,2026-05-10T11:45:00Z,2026-05-10T13:45:00+0200,8359.17,MW,FR,FR,actual_solar_generation,Solar,2026-05-24T05:42:13Z
2026-05-24T05:41:40Z,2026-05-24T07:41:40+0200,04b1983b-7d82-4991-9c22-f60d67a0a20c,2026-05-10T12:00:00Z,2026-05-10T14:00:00+0200,8304.03,MW,FR,FR,actual_solar_generation,Solar,2026-05-24T05:42:13Z
2026-05-24T05:41:40Z,2026-05-24T07:41:40+0200,04b1983b-7d82-4991-9c22-f60d67a0a20c,2026-05-10T12:15:00Z,2026-05-10T14:15:00+0200,8244.78,MW,FR,FR,actual_solar_generation,Solar,2026-05-24T05:42:13Z
2026-05-24T05:41:40Z,2026-05-24T07:41:40+0200,04b1983b-7d82-4991-9c22-f60d67a0a20c,2026-05-10T12:30:00Z,2026-05-10T14:30:00+0200,8243.96,MW,FR,FR,actual_solar_generation,Solar,2026-05-24T05:42:13Z
2026-05-24T05:41:40Z,2026-05-24T07:41:40+0200,04b1983b-7d82-4991-9c22-f60d67a0a20c,2026-05-10T12:45:00Z,2026-05-10T14:45:00+0200,8218.72,MW,FR,FR,actual_solar_generation,Solar,2026-05-24T05:42:13Z
2026-05-24T05:41:40Z,2026-05-24T07:41:40+0200,04b1983b-7d82-4991-9c22-f60d67a0a20c,2026-05-10T13:00:00Z,2026-05-10T15:00:00+0200,8155.4,MW,FR,FR,actual_solar_generation,Solar,2026-05-24T05:42:13Z
2026-05-24T05:41:40Z,2026-05-24T07:41:40+0200,04b1983b-7d82-4991-9c22-f60d67a0a20c,2026-05-10T13:15:00Z,2026-05-10T15:15:00+0200,8210.72,MW,FR,FR,actual_solar_generation,Solar,2026-05-24T05:42:13Z
2026-05-24T05:41:40Z,2026-05-24T07:41:40+0200,04b1983b-7d82-4991-9c22-f60d67a0a20c,2026-05-10T13:30:00Z,2026-05-10T15:30:00+0200,8481.74,MW,FR,FR,actual_solar_generation,Solar,2026-05-24T05:42:13Z
2026-05-24T05:41:40Z,2026-05-24T07:41:40+0200,04b1983b-7d82-4991-9c22-f60d67a0a20c,2026-05-10T13:45:00Z,2026-05-10T15:45:00+0200,8223.41,MW,FR,FR,actual_solar_generation,Solar,2026-05-24T05:42:13Z
2026-05-24T05:41:40Z,2026-05-24T07:41:40+0200,04b1983b-7d82-4991-9c22-f60d67a0a20c,2026-05-10T14:00:00Z,2026-05-10T16:00:00+0200,7883.37,MW,FR,FR,actual_solar_generation,Solar,2026-05-24T05:42:13Z
2026-05-24T05:41:40Z,2026-05-24T07:41:40+0200,04b1983b-7d82-4991-9c22-f60d67a0a20c,2026-05-10T14:15:00Z,2026-05-10T16:15:00+0200,7856.22,MW,FR,FR,actual_solar_generation,Solar,2026-05-24T05:42:13Z
2026-05-24T05:41:40Z,2026-05-24T07:41:40+0200,04b1983b-7d82-4991-9c22-f60d67a0a20c,2026-05-10T14:30:00Z,2026-05-10T16:30:00+0200,8553.03,MW,FR,FR,actual_solar_generation,Solar,2026-05-24T05:42:13Z
2026-05-24T05:41:40Z,2026-05-24T07:41:40+0200,04b1983b-7d82-4991-9c22-f60d67a0a20c,2026-05-10T14:45:00Z,2026-05-10T16:45:00+0200,9258.01,MW,FR,FR,actual_solar_generation,Solar,2026-05-24T05:42:13Z
2026-05-24T05:41:40Z,2026-05-24T07:41:40+0200,04b1983b-7d82-4991-9c22-f60d67a0a20c,2026-05-10T15:00:00Z,2026-05-10T17:00:00+0200,8751.88,MW,FR,FR,actual_solar_generation,Solar,2026-05-24T05:42:13Z
2026-05-24T05:41:40Z,2026-05-24T07:41:40+0200,04b1983b-7d82-4991-9c22-f60d67a0a20c,2026-05-10T15:15:00Z,2026-05-10T17:15:00+0200,7910.09,MW,FR,FR,actual_solar_generation,Solar,2026-05-24T05:42:13Z
2026-05-24T05:41:40Z,2026-05-24T07:41:40+0200,04b1983b-7d82-4991-9c22-f60d67a0a20c,2026-05-10T15:30:00Z,2026-05-10T17:30:00+0200,7096.71,MW,FR,FR,actual_solar_generation,Solar,2026-05-24T05:42:13Z
2026-05-24T05:41:40Z,2026-05-24T07:41:40+0200,04b1983b-7d82-4991-9c22-f60d67a0a20c,2026-05-10T15:45:00Z,2026-05-10T17:45:00+0200,6387.98,MW,FR,FR,actual_solar_generation,Solar,2026-05-24T05:42:13Z
2026-05-24T05:41:40Z,2026-05-24T07:41:40+0200,04b1983b-7d82-4991-9c22-f60d67a0a20c,2026-05-10T16:00:00Z,2026-05-10T18:00:00+0200,5733.27,MW,FR,FR,actual_solar_generation,Solar,2026-05-24T05:42:13Z
2026-05-24T05:41:40Z,2026-05-24T07:41:40+0200,04b1983b-7d82-4991-9c22-f60d67a0a20c,2026-05-10T16:15:00Z,2026-05-10T18:15:00+0200,5140.38,MW,FR,FR,actual_solar_generation,Solar,2026-05-24T05:42:13Z
2026-05-24T05:41:40Z,2026-05-24T07:41:40+0200,04b1983b-7d82-4991-9c22-f60d67a0a20c,2026-05-10T16:30:00Z,2026-05-10T18:30:00+0200,4582.79,MW,FR,FR,actual_solar_generation,Solar,2026-05-24T05:42:13Z
2026-05-24T05:41:40Z,2026-05-24T07:41:40+0200,04b1983b-7d82-4991-9c22-f60d67a0a20c,2026-05-10T16:45:00Z,2026-05-10T18:45:00+0200,4066.76,MW,FR,FR,actual_solar_generation,Solar,2026-05-24T05:42:13Z
2026-05-24T05:41:40Z,2026-05-24T07:41:40+0200,04b1983b-7d82-4991-9c22-f60d67a0a20c,2026-05-10T17:00:00Z,2026-05-10T19:00:00+0200,3328.71,MW,FR,FR,actual_solar_generation,Solar,2026-05-24T05:42:13Z
2026-05-24T05:41:40Z,2026-05-24T07:41:40+0200,04b1983b-7d82-4991-9c22-f60d67a0a20c,2026-05-10T17:15:00Z,2026-05-10T19:15:00+0200,2723.71,MW,FR,FR,actual_solar_generation,Solar,2026-05-24T05:42:13Z
2026-05-24T05:41:40Z,2026-05-24T07:41:40+0200,04b1983b-7d82-4991-9c22-f60d67a0a20c,2026-05-10T17:30:00Z,2026-05-10T19:30:00+0200,2129.12,MW,FR,FR,actual_solar_generation,Solar,2026-05-24T05:42:13Z
2026-05-24T05:41:40Z,2026-05-24T07:41:40+0200,04b1983b-7d82-4991-9c22-f60d67a0a20c,2026-05-10T17:45:00Z,2026-05-10T19:45:00+0200,1687.29,MW,FR,FR,actual_solar_generation,Solar,2026-05-24T05:42:13Z
2026-05-24T05:41:40Z,2026-05-24T07:41:40+0200,04b1983b-7d82-4991-9c22-f60d67a0a20c,2026-05-10T18:00:00Z,2026-05-10T20:00:00+0200,1260.06,MW,FR,FR,actual_solar_generation,Solar,2026-05-24T05:42:13Z
2026-05-24T05:41:40Z,2026-05-24T07:41:40+0200,04b1983b-7d82-4991-9c22-f60d67a0a20c,2026-05-10T18:15:00Z,2026-05-10T20:15:00+0200,896.82,MW,FR,FR,actual_solar_generation,Solar,2026-05-24T05:42:13Z
2026-05-24T05:41:40Z,2026-05-24T07:41:40+0200,04b1983b-7d82-4991-9c22-f60d67a0a20c,2026-05-10T18:30:00Z,2026-05-10T20:30:00+0200,614.06,MW,FR,FR,actual_solar_generation,Solar,2026-05-24T05:42:13Z
2026-05-24T05:41:40Z,2026-05-24T07:41:40+0200,04b1983b-7d82-4991-9c22-f60d67a0a20c,2026-05-10T18:45:00Z,2026-05-10T20:45:00+0200,446.84,MW,FR,FR,actual_solar_generation,Solar,2026-05-24T05:42:13Z
2026-05-24T05:41:40Z,2026-05-24T07:41:40+0200,04b1983b-7d82-4991-9c22-f60d67a0a20c,2026-05-10T19:00:00Z,2026-05-10T21:00:00+0200,304.68,MW,FR,FR,actual_solar_generation,Solar,2026-05-24T05:42:13Z
2026-05-24T05:41:40Z,2026-05-24T07:41:40+0200,04b1983b-7d82-4991-9c22-f60d67a0a20c,2026-05-10T19:15:00Z,2026-05-10T21:15:00+0200,216.1,MW,FR,FR,actual_solar_generation,Solar,2026-05-24T05:42:13Z
2026-05-24T05:41:40Z,2026-05-24T07:41:40+0200,04b1983b-7d82-4991-9c22-f60d67a0a20c,2026-05-10T19:30:00Z,2026-05-10T21:30:00+0200,187.59,MW,FR,FR,actual_solar_generation,Solar,2026-05-24T05:42:13Z
2026-05-24T05:41:40Z,2026-05-24T07:41:40+0200,04b1983b-7d82-4991-9c22-f60d67a0a20c,2026-05-10T19:45:00Z,2026-05-10T21:45:00+0200,182.2,MW,FR,FR,actual_solar_generation,Solar,2026-05-24T05:42:13Z
2026-05-24T05:41:40Z,2026-05-24T07:41:40+0200,04b1983b-7d82-4991-9c22-f60d67a0a20c,2026-05-10T20:00:00Z,2026-05-10T22:00:00+0200,179.46,MW,FR,FR,actual_solar_generation,Solar,2026-05-24T05:42:13Z
2026-05-24T05:41:40Z,2026-05-24T07:41:40+0200,04b1983b-7d82-4991-9c22-f60d67a0a20c,2026-05-10T20:15:00Z,2026-05-10T22:15:00+0200,178.11,MW,FR,FR,actual_solar_generation,Solar,2026-05-24T05:42:13Z
2026-05-24T05:41:40Z,2026-05-24T07:41:40+0200,04b1983b-7d82-4991-9c22-f60d67a0a20c,2026-05-10T20:30:00Z,2026-05-10T22:30:00+0200,184.4,MW,FR,FR,actual_solar_generation,Solar,2026-05-24T05:42:13Z
2026-05-24T05:41:40Z,2026-05-24T07:41:40+0200,04b1983b-7d82-4991-9c22-f60d67a0a20c,2026-05-10T20:45:00Z,2026-05-10T22:45:00+0200,195.1,MW,FR,FR,actual_solar_generation,Solar,2026-05-24T05:42:13Z
2026-05-24T05:41:40Z,2026-05-24T07:41:40+0200,04b1983b-7d82-4991-9c22-f60d67a0a20c,2026-05-10T21:00:00Z,2026-05-10T23:00:00+0200,0.0,MW,FR,FR,actual_solar_generation,Solar,2026-05-24T05:42:13Z
2026-05-24T05:41:40Z,2026-05-24T07:41:40+0200,04b1983b-7d82-4991-9c22-f60d67a0a20c,2026-05-10T21:15:00Z,2026-05-10T23:15:00+0200,0.0,MW,FR,FR,actual_solar_generation,Solar,2026-05-24T05:42:13Z
2026-05-24T05:41:40Z,2026-05-24T07:41:40+0200,04b1983b-7d82-4991-9c22-f60d67a0a20c,2026-05-10T21:30:00Z,2026-05-10T23:30:00+0200,0.0,MW,FR,FR,actual_solar_generation,Solar,2026-05-24T05:42:13Z
2026-05-24T05:41:40Z,2026-05-24T07:41:40+0200,04b1983b-7d82-4991-9c22-f60d67a0a20c,2026-05-10T21:45:00Z,2026-05-10T23:45:00+0200,0.0,MW,FR,FR,actual_solar_generation,Solar,2026-05-24T05:42:13Z
2026-05-24T05:41:40Z,2026-05-24T07:41:40+0200,04b1983b-7d82-4991-9c22-f60d67a0a20c,2026-05-10T22:00:00Z,2026-05-11T00:00:00+0200,0.0,MW,FR,FR,actual_solar_generation,Solar,2026-05-24T05:42:13Z
2026-05-24T05:41:40Z,2026-05-24T07:41:40+0200,04b1983b-7d82-4991-9c22-f60d67a0a20c,2026-05-10T22:15:00Z,2026-05-11T00:15:00+0200,0.0,MW,FR,FR,actual_solar_generation,Solar,2026-05-24T05:42:13Z
2026-05-24T05:41:40Z,2026-05-24T07:41:40+0200,04b1983b-7d82-4991-9c22-f60d67a0a20c,2026-05-10T22:30:00Z,2026-05-11T00:30:00+0200,0.0,MW,FR,FR,actual_solar_generation,Solar,2026-05-24T05:42:13Z
2026-05-24T05:41:40Z,2026-05-24T07:41:40+0200,04b1983b-7d82-4991-9c22-f60d67a0a20c,2026-05-10T22:45:00Z,2026-05-11T00:45:00+0200,0.0,MW,FR,FR,actual_solar_generation,Solar,2026-05-24T05:42:13Z
2026-05-24T05:41:40Z,2026-05-24T07:41:40+0200,04b1983b-7d82-4991-9c22-f60d67a0a20c,2026-05-10T23:00:00Z,2026-05-11T01:00:00+0200,0.0,MW,FR,FR,actual_solar_generation,Solar,2026-05-24T05:42:13Z
2026-05-24T05:41:40Z,2026-05-24T07:41:40+0200,04b1983b-7d82-4991-9c22-f60d67a0a20c,2026-05-10T23:15:00Z,2026-05-11T01:15:00+0200,0.0,MW,FR,FR,actual_solar_generation,Solar,2026-05-24T05:42:13Z
2026-05-24T05:41:40Z,2026-05-24T07:41:40+0200,04b1983b-7d82-4991-9c22-f60d67a0a20c,2026-05-10T23:30:00Z,2026-05-11T01:30:00+0200,0.0,MW,FR,FR,actual_solar_generation,Solar,2026-05-24T05:42:13Z
2026-05-24T05:41:40Z,2026-05-24T07:41:40+0200,04b1983b-7d82-4991-9c22-f60d67a0a20c,2026-05-10T23:45:00Z,2026-05-11T01:45:00+0200,0.0,MW,FR,FR,actual_solar_generation,Solar,2026-05-24T05:42:13Z
2026-05-24T05:41:40Z,2026-05-24T07:41:40+0200,04b1983b-7d82-4991-9c22-f60d67a0a20c,2026-05-11T00:00:00Z,2026-05-11T02:00:00+0200,0.0,MW,FR,FR,actual_solar_generation,Solar,2026-05-24T05:42:13Z
2026-05-24T05:41:40Z,2026-05-24T07:41:40+0200,04b1983b-7d82-4991-9c22-f60d67a0a20c,2026-05-11T00:15:00Z,2026-05-11T02:15:00+0200,0.0,MW,FR,FR,actual_solar_generation,Solar,2026-05-24T05:42:13Z
2026-05-24T05:41:40Z,2026-05-24T07:41:40+0200,04b1983b-7d82-4991-9c22-f60d67a0a20c,2026-05-11T00:30:00Z,2026-05-11T02:30:00+0200,0.0,MW,FR,FR,actual_solar_generation,Solar,2026-05-24T05:42:13Z
2026-05-24T05:41:40Z,2026-05-24T07:41:40+0200,04b1983b-7d82-4991-9c22-f60d67a0a20c,2026-05-11T00:45:00Z,2026-05-11T02:45:00+0200,0.0,MW,FR,FR,actual_solar_generation,Solar,2026-05-24T05:42:13Z
2026-05-24T05:41:40Z,2026-05-24T07:41:40+0200,04b1983b-7d82-4991-9c22-f60d67a0a20c,2026-05-11T01:00:00Z,2026-05-11T03:00:00+0200,0.0,MW,FR,FR,actual_solar_generation,Solar,2026-05-24T05:42:13Z
2026-05-24T05:41:40Z,2026-05-24T07:41:40+0200,04b1983b-7d82-4991-9c22-f60d67a0a20c,2026-05-11T01:15:00Z,2026-05-11T03:15:00+0200,0.0,MW,FR,FR,actual_solar_generation,Solar,2026-05-24T05:42:13Z
2026-05-24T05:41:40Z,2026-05-24T07:41:40+0200,04b1983b-7d82-4991-9c22-f60d67a0a20c,2026-05-11T01:30:00Z,2026-05-11T03:30:00+0200,0.0,MW,FR,FR,actual_solar_generation,Solar,2026-05-24T05:42:13Z
2026-05-24T05:41:40Z,2026-05-24T07:41:40+0200,04b1983b-7d82-4991-9c22-f60d67a0a20c,2026-05-11T01:45:00Z,2026-05-11T03:45:00+0200,0.0,MW,FR,FR,actual_solar_generation,Solar,2026-05-24T05:42:13Z
2026-05-24T05:41:40Z,2026-05-24T07:41:40+0200,04b1983b-7d82-4991-9c22-f60d67a0a20c,2026-05-11T02:00:00Z,2026-05-11T04:00:00+0200,0.0,MW,FR,FR,actual_solar_generation,Solar,2026-05-24T05:42:13Z
2026-05-24T05:41:40Z,2026-05-24T07:41:40+0200,04b1983b-7d82-4991-9c22-f60d67a0a20c,2026-05-11T02:15:00Z,2026-05-11T04:15:00+0200,0.0,MW,FR,FR,actual_solar_generation,Solar,2026-05-24T05:42:13Z
2026-05-24T05:41:40Z,2026-05-24T07:41:40+0200,04b1983b-7d82-4991-9c22-f60d67a0a20c,2026-05-11T02:30:00Z,2026-05-11T04:30:00+0200,0.0,MW,FR,FR,actual_solar_generation,Solar,2026-05-24T05:42:13Z
2026-05-24T05:41:40Z,2026-05-24T07:41:40+0200,04b1983b-7d82-4991-9c22-f60d67a0a20c,2026-05-11T02:45:00Z,2026-05-11T04:45:00+0200,0.0,MW,FR,FR,actual_solar_generation,Solar,2026-05-24T05:42:13Z
2026-05-24T05:41:40Z,2026-05-24T07:41:40+0200,04b1983b-7d82-4991-9c22-f60d67a0a20c,2026-05-11T03:00:00Z,2026-05-11T05:00:00+0200,0.0,MW,FR,FR,actual_solar_generation,Solar,2026-05-24T05:42:13Z
2026-05-24T05:41:40Z,2026-05-24T07:41:40+0200,04b1983b-7d82-4991-9c22-f60d67a0a20c,2026-05-11T03:15:00Z,2026-05-11T05:15:00+0200,0.0,MW,FR,FR,actual_solar_generation,Solar,2026-05-24T05:42:13Z
2026-05-24T05:41:40Z,2026-05-24T07:41:40+0200,04b1983b-7d82-4991-9c22-f60d67a0a20c,2026-05-11T03:30:00Z,2026-05-11T05:30:00+0200,0.0,MW,FR,FR,actual_solar_generation,Solar,2026-05-24T05:42:13Z
2026-05-24T05:41:40Z,2026-05-24T07:41:40+0200,04b1983b-7d82-4991-9c22-f60d67a0a20c,2026-05-11T03:45:00Z,2026-05-11T05:45:00+0200,0.0,MW,FR,FR,actual_solar_generation,Solar,2026-05-24T05:42:13Z
2026-05-24T05:41:40Z,2026-05-24T07:41:40+0200,04b1983b-7d82-4991-9c22-f60d67a0a20c,2026-05-11T04:00:00Z,2026-05-11T06:00:00+0200,210.71,MW,FR,FR,actual_solar_generation,Solar,2026-05-24T05:42:13Z
2026-05-24T05:41:40Z,2026-05-24T07:41:40+0200,04b1983b-7d82-4991-9c22-f60d67a0a20c,2026-05-11T04:15:00Z,2026-05-11T06:15:00+0200,241.48,MW,FR,FR,actual_solar_generation,Solar,2026-05-24T05:42:13Z
2026-05-24T05:41:40Z,2026-05-24T07:41:40+0200,04b1983b-7d82-4991-9c22-f60d67a0a20c,2026-05-11T04:30:00Z,2026-05-11T06:30:00+0200,303.77,MW,FR,FR,actual_solar_generation,Solar,2026-05-24T05:42:13Z
2026-05-24T05:41:40Z,2026-05-24T07:41:40+0200,04b1983b-7d82-4991-9c22-f60d67a0a20c,2026-05-11T04:45:00Z,2026-05-11T06:45:00+0200,400.09,MW,FR,FR,actual_solar_generation,Solar,2026-05-24T05:42:13Z
2026-05-24T05:41:40Z,2026-05-24T07:41:40+0200,04b1983b-7d82-4991-9c22-f60d67a0a20c,2026-05-11T05:00:00Z,2026-05-11T07:00:00+0200,582.47,MW,FR,FR,actual_solar_generation,Solar,2026-05-24T05:42:13Z
2026-05-24T05:41:40Z,2026-05-24T07:41:40+0200,04b1983b-7d82-4991-9c22-f60d67a0a20c,2026-05-11T05:15:00Z,2026-05-11T07:15:00+0200,861.01,MW,FR,FR,actual_solar_generation,Solar,2026-05-24T05:42:13Z
2026-05-24T05:41:40Z,2026-05-24T07:41:40+0200,04b1983b-7d82-4991-9c22-f60d67a0a20c,2026-05-11T05:30:00Z,2026-05-11T07:30:00+0200,1261.77,MW,FR,FR,actual_solar_generation,Solar,2026-05-24T05:42:13Z
2026-05-24T05:41:40Z,2026-05-24T07:41:40+0200,04b1983b-7d82-4991-9c22-f60d67a0a20c,2026-05-11T05:45:00Z,2026-05-11T07:45:00+0200,1754.01,MW,FR,FR,actual_solar_generation,Solar,2026-05-24T05:42:13Z
2026-05-24T05:41:40Z,2026-05-24T07:41:40+0200,04b1983b-7d82-4991-9c22-f60d67a0a20c,2026-05-11T06:00:00Z,2026-05-11T08:00:00+0200,2424.28,MW,FR,FR,actual_solar_generation,Solar,2026-05-24T05:42:13Z
2026-05-24T05:41:40Z,2026-05-24T07:41:40+0200,04b1983b-7d82-4991-9c22-f60d67a0a20c,2026-05-11T06:15:00Z,2026-05-11T08:15:00+0200,3175.05,MW,FR,FR,actual_solar_generation,Solar,2026-05-24T05:42:13Z
2026-05-24T05:41:40Z,2026-05-24T07:41:40+0200,04b1983b-7d82-4991-9c22-f60d67a0a20c,2026-05-11T06:30:00Z,2026-05-11T08:30:00+0200,4119.11,MW,FR,FR,actual_solar_generation,Solar,2026-05-24T05:42:13Z
2026-05-24T05:41:40Z,2026-05-24T07:41:40+0200,04b1983b-7d82-4991-9c22-f60d67a0a20c,2026-05-11T06:45:00Z,2026-05-11T08:45:00+0200,5011.73,MW,FR,FR,actual_solar_generation,Solar,2026-05-24T05:42:13Z
2026-05-24T05:41:40Z,2026-05-24T07:41:40+0200,04b1983b-7d82-4991-9c22-f60d67a0a20c,2026-05-11T07:00:00Z,2026-05-11T09:00:00+0200,5924.06,MW,FR,FR,actual_solar_generation,Solar,2026-05-24T05:42:13Z
2026-05-24T05:41:40Z,2026-05-24T07:41:40+0200,04b1983b-7d82-4991-9c22-f60d67a0a20c,2026-05-11T07:15:00Z,2026-05-11T09:15:00+0200,6911.19,MW,FR,FR,actual_solar_generation,Solar,2026-05-24T05:42:13Z
2026-05-24T05:41:40Z,2026-05-24T07:41:40+0200,04b1983b-7d82-4991-9c22-f60d67a0a20c,2026-05-11T07:30:00Z,2026-05-11T09:30:00+0200,7683.82,MW,FR,FR,actual_solar_generation,Solar,2026-05-24T05:42:13Z
2026-05-24T05:41:40Z,2026-05-24T07:41:40+0200,04b1983b-7d82-4991-9c22-f60d67a0a20c,2026-05-11T07:45:00Z,2026-05-11T09:45:00+0200,8458.74,MW,FR,FR,actual_solar_generation,Solar,2026-05-24T05:42:13Z
2026-05-24T05:41:40Z,2026-05-24T07:41:40+0200,04b1983b-7d82-4991-9c22-f60d67a0a20c,2026-05-11T08:00:00Z,2026-05-11T10:00:00+0200,9227.29,MW,FR,FR,actual_solar_generation,Solar,2026-05-24T05:42:13Z
2026-05-24T05:41:40Z,2026-05-24T07:41:40+0200,04b1983b-7d82-4991-9c22-f60d67a0a20c,2026-05-11T08:15:00Z,2026-05-11T10:15:00+0200,9880.37,MW,FR,FR,actual_solar_generation,Solar,2026-05-24T05:42:13Z
2026-05-24T05:41:40Z,2026-05-24T07:41:40+0200,04b1983b-7d82-4991-9c22-f60d67a0a20c,2026-05-11T08:30:00Z,2026-05-11T10:30:00+0200,10403.67,MW,FR,FR,actual_solar_generation,Solar,2026-05-24T05:42:13Z
2026-05-24T05:41:40Z,2026-05-24T07:41:40+0200,04b1983b-7d82-4991-9c22-f60d67a0a20c,2026-05-11T08:45:00Z,2026-05-11T10:45:00+0200,11089.37,MW,FR,FR,actual_solar_generation,Solar,2026-05-24T05:42:13Z
2026-05-24T05:41:40Z,2026-05-24T07:41:40+0200,04b1983b-7d82-4991-9c22-f60d67a0a20c,2026-05-11T09:00:00Z,2026-05-11T11:00:00+0200,11590.04,MW,FR,FR,actual_solar_generation,Solar,2026-05-24T05:42:13Z
2026-05-24T05:41:40Z,2026-05-24T07:41:40+0200,04b1983b-7d82-4991-9c22-f60d67a0a20c,2026-05-11T09:15:00Z,2026-05-11T11:15:00+0200,12070.0,MW,FR,FR,actual_solar_generation,Solar,2026-05-24T05:42:13Z
2026-05-24T05:41:40Z,2026-05-24T07:41:40+0200,04b1983b-7d82-4991-9c22-f60d67a0a20c,2026-05-11T09:30:00Z,2026-05-11T11:30:00+0200,12479.3,MW,FR,FR,actual_solar_generation,Solar,2026-05-24T05:42:13Z
2026-05-24T05:41:40Z,2026-05-24T07:41:40+0200,04b1983b-7d82-4991-9c22-f60d67a0a20c,2026-05-11T09:45:00Z,2026-05-11T11:45:00+0200,12691.22,MW,FR,FR,actual_solar_generation,Solar,2026-05-24T05:42:13Z
2026-05-24T05:41:40Z,2026-05-24T07:41:40+0200,04b1983b-7d82-4991-9c22-f60d67a0a20c,2026-05-11T10:00:00Z,2026-05-11T12:00:00+0200,13295.05,MW,FR,FR,actual_solar_generation,Solar,2026-05-24T05:42:13Z
2026-05-24T05:41:40Z,2026-05-24T07:41:40+0200,04b1983b-7d82-4991-9c22-f60d67a0a20c,2026-05-11T10:15:00Z,2026-05-11T12:15:00+0200,13506.6,MW,FR,FR,actual_solar_generation,Solar,2026-05-24T05:42:13Z
2026-05-24T05:41:40Z,2026-05-24T07:41:40+0200,04b1983b-7d82-4991-9c22-f60d67a0a20c,2026-05-11T10:30:00Z,2026-05-11T12:30:00+0200,13944.52,MW,FR,FR,actual_solar_generation,Solar,2026-05-24T05:42:13Z
2026-05-24T05:41:40Z,2026-05-24T07:41:40+0200,04b1983b-7d82-4991-9c22-f60d67a0a20c,2026-05-11T10:45:00Z,2026-05-11T12:45:00+0200,13607.97,MW,FR,FR,actual_solar_generation,Solar,2026-05-24T05:42:13Z
2026-05-24T05:41:40Z,2026-05-24T07:41:40+0200,04b1983b-7d82-4991-9c22-f60d67a0a20c,2026-05-11T11:00:00Z,2026-05-11T13:00:00+0200,13522.77,MW,FR,FR,actual_solar_generation,Solar,2026-05-24T05:42:13Z
2026-05-24T05:41:40Z,2026-05-24T07:41:40+0200,04b1983b-7d82-4991-9c22-f60d67a0a20c,2026-05-11T11:15:00Z,2026-05-11T13:15:00+0200,13680.77,MW,FR,FR,actual_solar_generation,Solar,2026-05-24T05:42:13Z
2026-05-24T05:41:40Z,2026-05-24T07:41:40+0200,04b1983b-7d82-4991-9c22-f60d67a0a20c,2026-05-11T11:30:00Z,2026-05-11T13:30:00+0200,13707.52,MW,FR,FR,actual_solar_generation,Solar,2026-05-24T05:42:13Z
2026-05-24T05:41:40Z,2026-05-24T07:41:40+0200,04b1983b-7d82-4991-9c22-f60d67a0a20c,2026-05-11T11:45:00Z,2026-05-11T13:45:00+0200,13474.9,MW,FR,FR,actual_solar_generation,Solar,2026-05-24T05:42:13Z
2026-05-24T05:41:40Z,2026-05-24T07:41:40+0200,04b1983b-7d82-4991-9c22-f60d67a0a20c,2026-05-11T12:00:00Z,2026-05-11T14:00:00+0200,13389.63,MW,FR,FR,actual_solar_generation,Solar,2026-05-24T05:42:13Z
2026-05-24T05:41:40Z,2026-05-24T07:41:40+0200,04b1983b-7d82-4991-9c22-f60d67a0a20c,2026-05-11T12:15:00Z,2026-05-11T14:15:00+0200,13244.6,MW,FR,FR,actual_solar_generation,Solar,2026-05-24T05:42:13Z
2026-05-24T05:41:40Z,2026-05-24T07:41:40+0200,04b1983b-7d82-4991-9c22-f60d67a0a20c,2026-05-11T12:30:00Z,2026-05-11T14:30:00+0200,13190.41,MW,FR,FR,actual_solar_generation,Solar,2026-05-24T05:42:13Z
2026-05-24T05:41:40Z,2026-05-24T07:41:40+0200,04b1983b-7d82-4991-9c22-f60d67a0a20c,2026-05-11T12:45:00Z,2026-05-11T14:45:00+0200,13235.16,MW,FR,FR,actual_solar_generation,Solar,2026-05-24T05:42:13Z
2026-05-24T05:41:40Z,2026-05-24T07:41:40+0200,04b1983b-7d82-4991-9c22-f60d67a0a20c,2026-05-11T13:00:00Z,2026-05-11T15:00:00+0200,12926.87,MW,FR,FR,actual_solar_generation,Solar,2026-05-24T05:42:13Z
2026-05-24T05:41:40Z,2026-05-24T07:41:40+0200,04b1983b-7d82-4991-9c22-f60d67a0a20c,2026-05-11T13:15:00Z,2026-05-11T15:15:00+0200,12616.19,MW,FR,FR,actual_solar_generation,Solar,2026-05-24T05:42:13Z
2026-05-24T05:41:40Z,2026-05-24T07:41:40+0200,04b1983b-7d82-4991-9c22-f60d67a0a20c,2026-05-11T13:30:00Z,2026-05-11T15:30:00+0200,12488.82,MW,FR,FR,actual_solar_generation,Solar,2026-05-24T05:42:13Z
2026-05-24T05:41:40Z,2026-05-24T07:41:40+0200,04b1983b-7d82-4991-9c22-f60d67a0a20c,2026-05-11T13:45:00Z,2026-05-11T15:45:00+0200,12135.56,MW,FR,FR,actual_solar_generation,Solar,2026-05-24T05:42:13Z
2026-05-24T05:41:40Z,2026-05-24T07:41:40+0200,04b1983b-7d82-4991-9c22-f60d67a0a20c,2026-05-11T14:00:00Z,2026-05-11T16:00:00+0200,12091.6,MW,FR,FR,actual_solar_generation,Solar,2026-05-24T05:42:13Z
2026-05-24T05:41:40Z,2026-05-24T07:41:40+0200,04b1983b-7d82-4991-9c22-f60d67a0a20c,2026-05-11T14:15:00Z,2026-05-11T16:15:00+0200,11576.72,MW,FR,FR,actual_solar_generation,Solar,2026-05-24T05:42:13Z
2026-05-24T05:41:40Z,2026-05-24T07:41:40+0200,04b1983b-7d82-4991-9c22-f60d67a0a20c,2026-05-11T14:30:00Z,2026-05-11T16:30:00+0200,10737.96,MW,FR,FR,actual_solar_generation,Solar,2026-05-24T05:42:13Z
2026-05-24T05:41:40Z,2026-05-24T07:41:40+0200,04b1983b-7d82-4991-9c22-f60d67a0a20c,2026-05-11T14:45:00Z,2026-05-11T16:45:00+0200,10407.4,MW,FR,FR,actual_solar_generation,Solar,2026-05-24T05:42:13Z
2026-05-24T05:41:40Z,2026-05-24T07:41:40+0200,04b1983b-7d82-4991-9c22-f60d67a0a20c,2026-05-11T15:00:00Z,2026-05-11T17:00:00+0200,9778.13,MW,FR,FR,actual_solar_generation,Solar,2026-05-24T05:42:13Z
2026-05-24T05:41:40Z,2026-05-24T07:41:40+0200,04b1983b-7d82-4991-9c22-f60d67a0a20c,2026-05-11T15:15:00Z,2026-05-11T17:15:00+0200,9204.95,MW,FR,FR,actual_solar_generation,Solar,2026-05-24T05:42:13Z
2026-05-24T05:41:40Z,2026-05-24T07:41:40+0200,04b1983b-7d82-4991-9c22-f60d67a0a20c,2026-05-11T15:30:00Z,2026-05-11T17:30:00+0200,8681.84,MW,FR,FR,actual_solar_generation,Solar,2026-05-24T05:42:13Z
2026-05-24T05:41:40Z,2026-05-24T07:41:40+0200,04b1983b-7d82-4991-9c22-f60d67a0a20c,2026-05-11T15:45:00Z,2026-05-11T17:45:00+0200,7918.6,MW,FR,FR,actual_solar_generation,Solar,2026-05-24T05:42:13Z
2026-05-24T05:41:40Z,2026-05-24T07:41:40+0200,04b1983b-7d82-4991-9c22-f60d67a0a20c,2026-05-11T16:00:00Z,2026-05-11T18:00:00+0200,7238.56,MW,FR,FR,actual_solar_generation,Solar,2026-05-24T05:42:13Z
2026-05-24T05:41:40Z,2026-05-24T07:41:40+0200,04b1983b-7d82-4991-9c22-f60d67a0a20c,2026-05-11T16:15:00Z,2026-05-11T18:15:00+0200,6597.95,MW,FR,FR,actual_solar_generation,Solar,2026-05-24T05:42:13Z
2026-05-24T05:41:40Z,2026-05-24T07:41:40+0200,04b1983b-7d82-4991-9c22-f60d67a0a20c,2026-05-11T16:30:00Z,2026-05-11T18:30:00+0200,5843.33,MW,FR,FR,actual_solar_generation,Solar,2026-05-24T05:42:13Z
2026-05-24T05:41:40Z,2026-05-24T07:41:40+0200,04b1983b-7d82-4991-9c22-f60d67a0a20c,2026-05-11T16:45:00Z,2026-05-11T18:45:00+0200,4988.83,MW,FR,FR,actual_solar_generation,Solar,2026-05-24T05:42:13Z
2026-05-24T05:41:40Z,2026-05-24T07:41:40+0200,04b1983b-7d82-4991-9c22-f60d67a0a20c,2026-05-11T17:00:00Z,2026-05-11T19:00:00+0200,4171.85,MW,FR,FR,actual_solar_generation,Solar,2026-05-24T05:42:13Z
2026-05-24T05:41:40Z,2026-05-24T07:41:40+0200,04b1983b-7d82-4991-9c22-f60d67a0a20c,2026-05-11T17:15:00Z,2026-05-11T19:15:00+0200,3411.88,MW,FR,FR,actual_solar_generation,Solar,2026-05-24T05:42:13Z
2026-05-24T05:41:40Z,2026-05-24T07:41:40+0200,04b1983b-7d82-4991-9c22-f60d67a0a20c,2026-05-11T17:30:00Z,2026-05-11T19:30:00+0200,2726.2,MW,FR,FR,actual_solar_generation,Solar,2026-05-24T05:42:13Z
2026-05-24T05:41:40Z,2026-05-24T07:41:40+0200,04b1983b-7d82-4991-9c22-f60d67a0a20c,2026-05-11T17:45:00Z,2026-05-11T19:45:00+0200,2152.02,MW,FR,FR,actual_solar_generation,Solar,2026-05-24T05:42:13Z
2026-05-24T05:41:40Z,2026-05-24T07:41:40+0200,04b1983b-7d82-4991-9c22-f60d67a0a20c,2026-05-11T18:00:00Z,2026-05-11T20:00:00+0200,1585.8,MW,FR,FR,actual_solar_generation,Solar,2026-05-24T05:42:13Z
2026-05-24T05:41:40Z,2026-05-24T07:41:40+0200,04b1983b-7d82-4991-9c22-f60d67a0a20c,2026-05-11T18:15:00Z,2026-05-11T20:15:00+0200,1123.05,MW,FR,FR,actual_solar_generation,Solar,2026-05-24T05:42:13Z
2026-05-24T05:41:40Z,2026-05-24T07:41:40+0200,04b1983b-7d82-4991-9c22-f60d67a0a20c,2026-05-11T18:30:00Z,2026-05-11T20:30:00+0200,791.09,MW,FR,FR,actual_solar_generation,Solar,2026-05-24T05:42:13Z
2026-05-24T05:41:40Z,2026-05-24T07:41:40+0200,04b1983b-7d82-4991-9c22-f60d67a0a20c,2026-05-11T18:45:00Z,2026-05-11T20:45:00+0200,571.02,MW,FR,FR,actual_solar_generation,Solar,2026-05-24T05:42:13Z
2026-05-24T05:41:40Z,2026-05-24T07:41:40+0200,04b1983b-7d82-4991-9c22-f60d67a0a20c,2026-05-11T19:00:00Z,2026-05-11T21:00:00+0200,394.73,MW,FR,FR,actual_solar_generation,Solar,2026-05-24T05:42:13Z
2026-05-24T05:41:40Z,2026-05-24T07:41:40+0200,04b1983b-7d82-4991-9c22-f60d67a0a20c,2026-05-11T19:15:00Z,2026-05-11T21:15:00+0200,286.46,MW,FR,FR,actual_solar_generation,Solar,2026-05-24T05:42:13Z
2026-05-24T05:41:40Z,2026-05-24T07:41:40+0200,04b1983b-7d82-4991-9c22-f60d67a0a20c,2026-05-11T19:30:00Z,2026-05-11T21:30:00+0200,236.51,MW,FR,FR,actual_solar_generation,Solar,2026-05-24T05:42:13Z
2026-05-24T05:41:40Z,2026-05-24T07:41:40+0200,04b1983b-7d82-4991-9c22-f60d67a0a20c,2026-05-11T19:45:00Z,2026-05-11T21:45:00+0200,229.38,MW,FR,FR,actual_solar_generation,Solar,2026-05-24T05:42:13Z
2026-05-24T05:41:40Z,2026-05-24T07:41:40+0200,04b1983b-7d82-4991-9c22-f60d67a0a20c,2026-05-11T20:00:00Z,2026-05-11T22:00:00+0200,225.83,MW,FR,FR,actual_solar_generation,Solar,2026-05-24T05:42:13Z
2026-05-24T05:41:40Z,2026-05-24T07:41:40+0200,04b1983b-7d82-4991-9c22-f60d67a0a20c,2026-05-11T20:15:00Z,2026-05-11T22:15:00+0200,222.35,MW,FR,FR,actual_solar_generation,Solar,2026-05-24T05:42:13Z
2026-05-24T05:41:40Z,2026-05-24T07:41:40+0200,04b1983b-7d82-4991-9c22-f60d67a0a20c,2026-05-11T20:30:00Z,2026-05-11T22:30:00+0200,228.46,MW,FR,FR,actual_solar_generation,Solar,2026-05-24T05:42:13Z
2026-05-24T05:41:40Z,2026-05-24T07:41:40+0200,04b1983b-7d82-4991-9c22-f60d67a0a20c,2026-05-11T20:45:00Z,2026-05-11T22:45:00+0200,230.98,MW,FR,FR,actual_solar_generation,Solar,2026-05-24T05:42:13Z
2026-05-24T05:41:40Z,2026-05-24T07:41:40+0200,04b1983b-7d82-4991-9c22-f60d67a0a20c,2026-05-11T21:00:00Z,2026-05-11T23:00:00+0200,0.0,MW,FR,FR,actual_solar_generation,Solar,2026-05-24T05:42:13Z
2026-05-24T05:41:40Z,2026-05-24T07:41:40+0200,04b1983b-7d82-4991-9c22-f60d67a0a20c,2026-05-11T21:15:00Z,2026-05-11T23:15:00+0200,0.0,MW,FR,FR,actual_solar_generation,Solar,2026-05-24T05:42:13Z
2026-05-24T05:41:40Z,2026-05-24T07:41:40+0200,04b1983b-7d82-4991-9c22-f60d67a0a20c,2026-05-11T21:30:00Z,2026-05-11T23:30:00+0200,0.0,MW,FR,FR,actual_solar_generation,Solar,2026-05-24T05:42:13Z
2026-05-24T05:41:40Z,2026-05-24T07:41:40+0200,04b1983b-7d82-4991-9c22-f60d67a0a20c,2026-05-11T21:45:00Z,2026-05-11T23:45:00+0200,0.0,MW,FR,FR,actual_solar_generation,Solar,2026-05-24T05:42:13Z
2026-05-24T05:41:40Z,2026-05-24T07:41:40+0200,04b1983b-7d82-4991-9c22-f60d67a0a20c,2026-05-11T22:00:00Z,2026-05-12T00:00:00+0200,0.0,MW,FR,FR,actual_solar_generation,Solar,2026-05-24T05:42:13Z
2026-05-24T05:41:40Z,2026-05-24T07:41:40+0200,04b1983b-7d82-4991-9c22-f60d67a0a20c,2026-05-11T22:15:00Z,2026-05-12T00:15:00+0200,0.0,MW,FR,FR,actual_solar_generation,Solar,2026-05-24T05:42:13Z
2026-05-24T05:41:40Z,2026-05-24T07:41:40+0200,04b1983b-7d82-4991-9c22-f60d67a0a20c,2026-05-11T22:30:00Z,2026-05-12T00:30:00+0200,0.0,MW,FR,FR,actual_solar_generation,Solar,2026-05-24T05:42:13Z
2026-05-24T05:41:40Z,2026-05-24T07:41:40+0200,04b1983b-7d82-4991-9c22-f60d67a0a20c,2026-05-11T22:45:00Z,2026-05-12T00:45:00+0200,0.0,MW,FR,FR,actual_solar_generation,Solar,2026-05-24T05:42:13Z
2026-05-24T05:41:40Z,2026-05-24T07:41:40+0200,04b1983b-7d82-4991-9c22-f60d67a0a20c,2026-05-11T23:00:00Z,2026-05-12T01:00:00+0200,0.0,MW,FR,FR,actual_solar_generation,Solar,2026-05-24T05:42:13Z
2026-05-24T05:41:40Z,2026-05-24T07:41:40+0200,04b1983b-7d82-4991-9c22-f60d67a0a20c,2026-05-11T23:15:00Z,2026-05-12T01:15:00+0200,0.0,MW,FR,FR,actual_solar_generation,Solar,2026-05-24T05:42:13Z
2026-05-24T05:41:40Z,2026-05-24T07:41:40+0200,04b1983b-7d82-4991-9c22-f60d67a0a20c,2026-05-11T23:30:00Z,2026-05-12T01:30:00+0200,0.0,MW,FR,FR,actual_solar_generation,Solar,2026-05-24T05:42:13Z
2026-05-24T05:41:40Z,2026-05-24T07:41:40+0200,04b1983b-7d82-4991-9c22-f60d67a0a20c,2026-05-11T23:45:00Z,2026-05-12T01:45:00+0200,0.0,MW,FR,FR,actual_solar_generation,Solar,2026-05-24T05:42:13Z
2026-05-24T05:41:40Z,2026-05-24T07:41:40+0200,04b1983b-7d82-4991-9c22-f60d67a0a20c,2026-05-12T00:00:00Z,2026-05-12T02:00:00+0200,0.0,MW,FR,FR,actual_solar_generation,Solar,2026-05-24T05:42:13Z
2026-05-24T05:41:40Z,2026-05-24T07:41:40+0200,04b1983b-7d82-4991-9c22-f60d67a0a20c,2026-05-12T00:15:00Z,2026-05-12T02:15:00+0200,0.0,MW,FR,FR,actual_solar_generation,Solar,2026-05-24T05:42:13Z
2026-05-24T05:41:40Z,2026-05-24T07:41:40+0200,04b1983b-7d82-4991-9c22-f60d67a0a20c,2026-05-12T00:30:00Z,2026-05-12T02:30:00+0200,0.0,MW,FR,FR,actual_solar_generation,Solar,2026-05-24T05:42:13Z
2026-05-24T05:41:40Z,2026-05-24T07:41:40+0200,04b1983b-7d82-4991-9c22-f60d67a0a20c,2026-05-12T00:45:00Z,2026-05-12T02:45:00+0200,0.0,MW,FR,FR,actual_solar_generation,Solar,2026-05-24T05:42:13Z
2026-05-24T05:41:40Z,2026-05-24T07:41:40+0200,04b1983b-7d82-4991-9c22-f60d67a0a20c,2026-05-12T01:00:00Z,2026-05-12T03:00:00+0200,0.0,MW,FR,FR,actual_solar_generation,Solar,2026-05-24T05:42:13Z
2026-05-24T05:41:40Z,2026-05-24T07:41:40+0200,04b1983b-7d82-4991-9c22-f60d67a0a20c,2026-05-12T01:15:00Z,2026-05-12T03:15:00+0200,0.0,MW,FR,FR,actual_solar_generation,Solar,2026-05-24T05:42:13Z
2026-05-24T05:41:40Z,2026-05-24T07:41:40+0200,04b1983b-7d82-4991-9c22-f60d67a0a20c,2026-05-12T01:30:00Z,2026-05-12T03:30:00+0200,0.0,MW,FR,FR,actual_solar_generation,Solar,2026-05-24T05:42:13Z
2026-05-24T05:41:40Z,2026-05-24T07:41:40+0200,04b1983b-7d82-4991-9c22-f60d67a0a20c,2026-05-12T01:45:00Z,2026-05-12T03:45:00+0200,0.0,MW,FR,FR,actual_solar_generation,Solar,2026-05-24T05:42:13Z
2026-05-24T05:41:40Z,2026-05-24T07:41:40+0200,04b1983b-7d82-4991-9c22-f60d67a0a20c,2026-05-12T02:00:00Z,2026-05-12T04:00:00+0200,0.0,MW,FR,FR,actual_solar_generation,Solar,2026-05-24T05:42:13Z
2026-05-24T05:41:40Z,2026-05-24T07:41:40+0200,04b1983b-7d82-4991-9c22-f60d67a0a20c,2026-05-12T02:15:00Z,2026-05-12T04:15:00+0200,0.0,MW,FR,FR,actual_solar_generation,Solar,2026-05-24T05:42:13Z
2026-05-24T05:41:40Z,2026-05-24T07:41:40+0200,04b1983b-7d82-4991-9c22-f60d67a0a20c,2026-05-12T02:30:00Z,2026-05-12T04:30:00+0200,0.0,MW,FR,FR,actual_solar_generation,Solar,2026-05-24T05:42:13Z
2026-05-24T05:41:40Z,2026-05-24T07:41:40+0200,04b1983b-7d82-4991-9c22-f60d67a0a20c,2026-05-12T02:45:00Z,2026-05-12T04:45:00+0200,0.0,MW,FR,FR,actual_solar_generation,Solar,2026-05-24T05:42:13Z
2026-05-24T05:41:40Z,2026-05-24T07:41:40+0200,04b1983b-7d82-4991-9c22-f60d67a0a20c,2026-05-12T03:00:00Z,2026-05-12T05:00:00+0200,0.0,MW,FR,FR,actual_solar_generation,Solar,2026-05-24T05:42:13Z
2026-05-24T05:41:40Z,2026-05-24T07:41:40+0200,04b1983b-7d82-4991-9c22-f60d67a0a20c,2026-05-12T03:15:00Z,2026-05-12T05:15:00+0200,0.0,MW,FR,FR,actual_solar_generation,Solar,2026-05-24T05:42:13Z
2026-05-24T05:41:40Z,2026-05-24T07:41:40+0200,04b1983b-7d82-4991-9c22-f60d67a0a20c,2026-05-12T03:30:00Z,2026-05-12T05:30:00+0200,0.0,MW,FR,FR,actual_solar_generation,Solar,2026-05-24T05:42:13Z
2026-05-24T05:41:40Z,2026-05-24T07:41:40+0200,04b1983b-7d82-4991-9c22-f60d67a0a20c,2026-05-12T03:45:00Z,2026-05-12T05:45:00+0200,0.0,MW,FR,FR,actual_solar_generation,Solar,2026-05-24T05:42:13Z
2026-05-24T05:41:40Z,2026-05-24T07:41:40+0200,04b1983b-7d82-4991-9c22-f60d67a0a20c,2026-05-12T04:00:00Z,2026-05-12T06:00:00+0200,225.74,MW,FR,FR,actual_solar_generation,Solar,2026-05-24T05:42:13Z
2026-05-24T05:41:40Z,2026-05-24T07:41:40+0200,04b1983b-7d82-4991-9c22-f60d67a0a20c,2026-05-12T04:15:00Z,2026-05-12T06:15:00+0200,262.32,MW,FR,FR,actual_solar_generation,Solar,2026-05-24T05:42:13Z
2026-05-24T05:41:40Z,2026-05-24T07:41:40+0200,04b1983b-7d82-4991-9c22-f60d67a0a20c,2026-05-12T04:30:00Z,2026-05-12T06:30:00+0200,340.81,MW,FR,FR,actual_solar_generation,Solar,2026-05-24T05:42:13Z
2026-05-24T05:41:40Z,2026-05-24T07:41:40+0200,04b1983b-7d82-4991-9c22-f60d67a0a20c,2026-05-12T04:45:00Z,2026-05-12T06:45:00+0200,518.72,MW,FR,FR,actual_solar_generation,Solar,2026-05-24T05:42:13Z
2026-05-24T05:41:40Z,2026-05-24T07:41:40+0200,04b1983b-7d82-4991-9c22-f60d67a0a20c,2026-05-12T05:00:00Z,2026-05-12T07:00:00+0200,770.28,MW,FR,FR,actual_solar_generation,Solar,2026-05-24T05:42:13Z
2026-05-24T05:41:40Z,2026-05-24T07:41:40+0200,04b1983b-7d82-4991-9c22-f60d67a0a20c,2026-05-12T05:15:00Z,2026-05-12T07:15:00+0200,1149.59,MW,FR,FR,actual_solar_generation,Solar,2026-05-24T05:42:13Z
2026-05-24T05:41:40Z,2026-05-24T07:41:40+0200,04b1983b-7d82-4991-9c22-f60d67a0a20c,2026-05-12T05:30:00Z,2026-05-12T07:30:00+0200,1691.45,MW,FR,FR,actual_solar_generation,Solar,2026-05-24T05:42:13Z
2026-05-24T05:41:40Z,2026-05-24T07:41:40+0200,04b1983b-7d82-4991-9c22-f60d67a0a20c,2026-05-12T05:45:00Z,2026-05-12T07:45:00+0200,2448.22,MW,FR,FR,actual_solar_generation,Solar,2026-05-24T05:42:13Z
2026-05-24T05:41:40Z,2026-05-24T07:41:40+0200,04b1983b-7d82-4991-9c22-f60d67a0a20c,2026-05-12T06:00:00Z,2026-05-12T08:00:00+0200,3306.18,MW,FR,FR,actual_solar_generation,Solar,2026-05-24T05:42:13Z
2026-05-24T05:41:40Z,2026-05-24T07:41:40+0200,04b1983b-7d82-4991-9c22-f60d67a0a20c,2026-05-12T06:15:00Z,2026-05-12T08:15:00+0200,4278.51,MW,FR,FR,actual_solar_generation,Solar,2026-05-24T05:42:13Z
2026-05-24T05:41:40Z,2026-05-24T07:41:40+0200,04b1983b-7d82-4991-9c22-f60d67a0a20c,2026-05-12T06:30:00Z,2026-05-12T08:30:00+0200,5442.58,MW,FR,FR,actual_solar_generation,Solar,2026-05-24T05:42:13Z
2026-05-24T05:41:40Z,2026-05-24T07:41:40+0200,04b1983b-7d82-4991-9c22-f60d67a0a20c,2026-05-12T06:45:00Z,2026-05-12T08:45:00+0200,6652.58,MW,FR,FR,actual_solar_generation,Solar,2026-05-24T05:42:13Z
2026-05-24T05:41:40Z,2026-05-24T07:41:40+0200,04b1983b-7d82-4991-9c22-f60d67a0a20c,2026-05-12T07:00:00Z,2026-05-12T09:00:00+0200,7998.98,MW,FR,FR,actual_solar_generation,Solar,2026-05-24T05:42:13Z
2026-05-24T05:41:40Z,2026-05-24T07:41:40+0200,04b1983b-7d82-4991-9c22-f60d67a0a20c,2026-05-12T07:15:00Z,2026-05-12T09:15:00+0200,9161.6,MW,FR,FR,actual_solar_generation,Solar,2026-05-24T05:42:13Z
2026-05-24T05:41:40Z,2026-05-24T07:41:40+0200,04b1983b-7d82-4991-9c22-f60d67a0a20c,2026-05-12T07:30:00Z,2026-05-12T09:30:00+0200,10430.91,MW,FR,FR,actual_solar_generation,Solar,2026-05-24T05:42:13Z
2026-05-24T05:41:40Z,2026-05-24T07:41:40+0200,04b1983b-7d82-4991-9c22-f60d67a0a20c,2026-05-12T07:45:00Z,2026-05-12T09:45:00+0200,11467.77,MW,FR,FR,actual_solar_generation,Solar,2026-05-24T05:42:13Z
2026-05-24T05:41:40Z,2026-05-24T07:41:40+0200,04b1983b-7d82-4991-9c22-f60d67a0a20c,2026-05-12T08:00:00Z,2026-05-12T10:00:00+0200,12025.14,MW,FR,FR,actual_solar_generation,Solar,2026-05-24T05:42:13Z
2026-05-24T05:41:40Z,2026-05-24T07:41:40+0200,04b1983b-7d82-4991-9c22-f60d67a0a20c,2026-05-12T08:15:00Z,2026-05-12T10:15:00+0200,12741.59,MW,FR,FR,actual_solar_generation,Solar,2026-05-24T05:42:13Z
2026-05-24T05:41:40Z,2026-05-24T07:41:40+0200,04b1983b-7d82-4991-9c22-f60d67a0a20c,2026-05-12T08:30:00Z,2026-05-12T10:30:00+0200,13292.2,MW,FR,FR,actual_solar_generation,Solar,2026-05-24T05:42:13Z
2026-05-24T05:41:40Z,2026-05-24T07:41:40+0200,04b1983b-7d82-4991-9c22-f60d67a0a20c,2026-05-12T08:45:00Z,2026-05-12T10:45:00+0200,14005.96,MW,FR,FR,actual_solar_generation,Solar,2026-05-24T05:42:13Z
2026-05-24T05:41:40Z,2026-05-24T07:41:40+0200,04b1983b-7d82-4991-9c22-f60d67a0a20c,2026-05-12T09:00:00Z,2026-05-12T11:00:00+0200,14300.64,MW,FR,FR,actual_solar_generation,Solar,2026-05-24T05:42:13Z
2026-05-24T05:41:40Z,2026-05-24T07:41:40+0200,04b1983b-7d82-4991-9c22-f60d67a0a20c,2026-05-12T09:15:00Z,2026-05-12T11:15:00+0200,14492.96,MW,FR,FR,actual_solar_generation,Solar,2026-05-24T05:42:13Z
2026-05-24T05:41:40Z,2026-05-24T07:41:40+0200,04b1983b-7d82-4991-9c22-f60d67a0a20c,2026-05-12T09:30:00Z,2026-05-12T11:30:00+0200,14733.82,MW,FR,FR,actual_solar_generation,Solar,2026-05-24T05:42:13Z
2026-05-24T05:41:40Z,2026-05-24T07:41:40+0200,04b1983b-7d82-4991-9c22-f60d67a0a20c,2026-05-12T09:45:00Z,2026-05-12T11:45:00+0200,15223.63,MW,FR,FR,actual_solar_generation,Solar,2026-05-24T05:42:13Z
2026-05-24T05:41:40Z,2026-05-24T07:41:40+0200,04b1983b-7d82-4991-9c22-f60d67a0a20c,2026-05-12T10:00:00Z,2026-05-12T12:00:00+0200,15456.17,MW,FR,FR,actual_solar_generation,Solar,2026-05-24T05:42:13Z
2026-05-24T05:41:40Z,2026-05-24T07:41:40+0200,04b1983b-7d82-4991-9c22-f60d67a0a20c,2026-05-12T10:15:00Z,2026-05-12T12:15:00+0200,15517.2,MW,FR,FR,actual_solar_generation,Solar,2026-05-24T05:42:13Z
2026-05-24T05:41:40Z,2026-05-24T07:41:40+0200,04b1983b-7d82-4991-9c22-f60d67a0a20c,2026-05-12T10:30:00Z,2026-05-12T12:30:00+0200,15894.46,MW,FR,FR,actual_solar_generation,Solar,2026-05-24T05:42:13Z
2026-05-24T05:41:40Z,2026-05-24T07:41:40+0200,04b1983b-7d82-4991-9c22-f60d67a0a20c,2026-05-12T10:45:00Z,2026-05-12T12:45:00+0200,15800.35,MW,FR,FR,actual_solar_generation,Solar,2026-05-24T05:42:13Z
2026-05-24T05:41:40Z,2026-05-24T07:41:40+0200,04b1983b-7d82-4991-9c22-f60d67a0a20c,2026-05-12T11:00:00Z,2026-05-12T13:00:00+0200,15736.68,MW,FR,FR,actual_solar_generation,Solar,2026-05-24T05:42:13Z
2026-05-24T05:41:40Z,2026-05-24T07:41:40+0200,04b1983b-7d82-4991-9c22-f60d67a0a20c,2026-05-12T11:15:00Z,2026-05-12T13:15:00+0200,15613.09,MW,FR,FR,actual_solar_generation,Solar,2026-05-24T05:42:13Z
2026-05-24T05:41:40Z,2026-05-24T07:41:40+0200,04b1983b-7d82-4991-9c22-f60d67a0a20c,2026-05-12T11:30:00Z,2026-05-12T13:30:00+0200,15632.85,MW,FR,FR,actual_solar_generation,Solar,2026-05-24T05:42:13Z
2026-05-24T05:41:40Z,2026-05-24T07:41:40+0200,04b1983b-7d82-4991-9c22-f60d67a0a20c,2026-05-12T11:45:00Z,2026-05-12T13:45:00+0200,15626.98,MW,FR,FR,actual_solar_generation,Solar,2026-05-24T05:42:13Z
2026-05-24T05:41:40Z,2026-05-24T07:41:40+0200,04b1983b-7d82-4991-9c22-f60d67a0a20c,2026-05-12T12:00:00Z,2026-05-12T14:00:00+0200,15735.31,MW,FR,FR,actual_solar_generation,Solar,2026-05-24T05:42:13Z
2026-05-24T05:41:40Z,2026-05-24T07:41:40+0200,04b1983b-7d82-4991-9c22-f60d67a0a20c,2026-05-12T12:15:00Z,2026-05-12T14:15:00+0200,15663.93,MW,FR,FR,actual_solar_generation,Solar,2026-05-24T05:42:13Z
2026-05-24T05:41:40Z,2026-05-24T07:41:40+0200,04b1983b-7d82-4991-9c22-f60d67a0a20c,2026-05-12T12:30:00Z,2026-05-12T14:30:00+0200,15618.47,MW,FR,FR,actual_solar_generation,Solar,2026-05-24T05:42:13Z
2026-05-24T05:41:40Z,2026-05-24T07:41:40+0200,04b1983b-7d82-4991-9c22-f60d67a0a20c,2026-05-12T12:45:00Z,2026-05-12T14:45:00+0200,15381.31,MW,FR,FR,actual_solar_generation,Solar,2026-05-24T05:42:13Z
2026-05-24T05:41:40Z,2026-05-24T07:41:40+0200,04b1983b-7d82-4991-9c22-f60d67a0a20c,2026-05-12T13:00:00Z,2026-05-12T15:00:00+0200,15101.78,MW,FR,FR,actual_solar_generation,Solar,2026-05-24T05:42:13Z
2026-05-24T05:41:40Z,2026-05-24T07:41:40+0200,04b1983b-7d82-4991-9c22-f60d67a0a20c,2026-05-12T13:15:00Z,2026-05-12T15:15:00+0200,14865.36,MW,FR,FR,actual_solar_generation,Solar,2026-05-24T05:42:13Z
2026-05-24T05:41:40Z,2026-05-24T07:41:40+0200,04b1983b-7d82-4991-9c22-f60d67a0a20c,2026-05-12T13:30:00Z,2026-05-12T15:30:00+0200,14482.93,MW,FR,FR,actual_solar_generation,Solar,2026-05-24T05:42:13Z
2026-05-24T05:41:40Z,2026-05-24T07:41:40+0200,04b1983b-7d82-4991-9c22-f60d67a0a20c,2026-05-12T13:45:00Z,2026-05-12T15:45:00+0200,14153.52,MW,FR,FR,actual_solar_generation,Solar,2026-05-24T05:42:13Z
2026-05-24T05:41:40Z,2026-05-24T07:41:40+0200,04b1983b-7d82-4991-9c22-f60d67a0a20c,2026-05-12T14:00:00Z,2026-05-12T16:00:00+0200,13801.71,MW,FR,FR,actual_solar_generation,Solar,2026-05-24T05:42:13Z
2026-05-24T05:41:40Z,2026-05-24T07:41:40+0200,04b1983b-7d82-4991-9c22-f60d67a0a20c,2026-05-12T14:15:00Z,2026-05-12T16:15:00+0200,13364.66,MW,FR,FR,actual_solar_generation,Solar,2026-05-24T05:42:13Z
2026-05-24T05:41:40Z,2026-05-24T07:41:40+0200,04b1983b-7d82-4991-9c22-f60d67a0a20c,2026-05-12T14:30:00Z,2026-05-12T16:30:00+0200,12944.97,MW,FR,FR,actual_solar_generation,Solar,2026-05-24T05:42:13Z
2026-05-24T05:41:40Z,2026-05-24T07:41:40+0200,04b1983b-7d82-4991-9c22-f60d67a0a20c,2026-05-12T14:45:00Z,2026-05-12T16:45:00+0200,11993.79,MW,FR,FR,actual_solar_generation,Solar,2026-05-24T05:42:13Z
2026-05-24T05:41:40Z,2026-05-24T07:41:40+0200,04b1983b-7d82-4991-9c22-f60d67a0a20c,2026-05-12T15:00:00Z,2026-05-12T17:00:00+0200,11367.91,MW,FR,FR,actual_solar_generation,Solar,2026-05-24T05:42:13Z
2026-05-24T05:41:40Z,2026-05-24T07:41:40+0200,04b1983b-7d82-4991-9c22-f60d67a0a20c,2026-05-12T15:15:00Z,2026-05-12T17:15:00+0200,10643.3,MW,FR,FR,actual_solar_generation,Solar,2026-05-24T05:42:13Z
2026-05-24T05:41:40Z,2026-05-24T07:41:40+0200,04b1983b-7d82-4991-9c22-f60d67a0a20c,2026-05-12T15:30:00Z,2026-05-12T17:30:00+0200,9807.38,MW,FR,FR,actual_solar_generation,Solar,2026-05-24T05:42:13Z
2026-05-24T05:41:40Z,2026-05-24T07:41:40+0200,04b1983b-7d82-4991-9c22-f60d67a0a20c,2026-05-12T15:45:00Z,2026-05-12T17:45:00+0200,9313.52,MW,FR,FR,actual_solar_generation,Solar,2026-05-24T05:42:13Z
2026-05-24T05:41:40Z,2026-05-24T07:41:40+0200,04b1983b-7d82-4991-9c22-f60d67a0a20c,2026-05-12T16:00:00Z,2026-05-12T18:00:00+0200,8445.46,MW,FR,FR,actual_solar_generation,Solar,2026-05-24T05:42:13Z
2026-05-24T05:41:40Z,2026-05-24T07:41:40+0200,04b1983b-7d82-4991-9c22-f60d67a0a20c,2026-05-12T16:15:00Z,2026-05-12T18:15:00+0200,7399.57,MW,FR,FR,actual_solar_generation,Solar,2026-05-24T05:42:13Z
2026-05-24T05:41:40Z,2026-05-24T07:41:40+0200,04b1983b-7d82-4991-9c22-f60d67a0a20c,2026-05-12T16:30:00Z,2026-05-12T18:30:00+0200,6592.72,MW,FR,FR,actual_solar_generation,Solar,2026-05-24T05:42:13Z
2026-05-24T05:41:40Z,2026-05-24T07:41:40+0200,04b1983b-7d82-4991-9c22-f60d67a0a20c,2026-05-12T16:45:00Z,2026-05-12T18:45:00+0200,5558.3,MW,FR,FR,actual_solar_generation,Solar,2026-05-24T05:42:13Z
2026-05-24T05:41:40Z,2026-05-24T07:41:40+0200,04b1983b-7d82-4991-9c22-f60d67a0a20c,2026-05-12T17:00:00Z,2026-05-12T19:00:00+0200,4588.49,MW,FR,FR,actual_solar_generation,Solar,2026-05-24T05:42:13Z
2026-05-24T05:41:40Z,2026-05-24T07:41:40+0200,04b1983b-7d82-4991-9c22-f60d67a0a20c,2026-05-12T17:15:00Z,2026-05-12T19:15:00+0200,3766.77,MW,FR,FR,actual_solar_generation,Solar,2026-05-24T05:42:13Z
2026-05-24T05:41:40Z,2026-05-24T07:41:40+0200,04b1983b-7d82-4991-9c22-f60d67a0a20c,2026-05-12T17:30:00Z,2026-05-12T19:30:00+0200,2931.47,MW,FR,FR,actual_solar_generation,Solar,2026-05-24T05:42:13Z
2026-05-24T05:41:40Z,2026-05-24T07:41:40+0200,04b1983b-7d82-4991-9c22-f60d67a0a20c,2026-05-12T17:45:00Z,2026-05-12T19:45:00+0200,2235.05,MW,FR,FR,actual_solar_generation,Solar,2026-05-24T05:42:13Z
2026-05-24T05:41:40Z,2026-05-24T07:41:40+0200,04b1983b-7d82-4991-9c22-f60d67a0a20c,2026-05-12T18:00:00Z,2026-05-12T20:00:00+0200,1597.02,MW,FR,FR,actual_solar_generation,Solar,2026-05-24T05:42:13Z
2026-05-24T05:41:40Z,2026-05-24T07:41:40+0200,04b1983b-7d82-4991-9c22-f60d67a0a20c,2026-05-12T18:15:00Z,2026-05-12T20:15:00+0200,1159.8,MW,FR,FR,actual_solar_generation,Solar,2026-05-24T05:42:13Z
2026-05-24T05:41:40Z,2026-05-24T07:41:40+0200,04b1983b-7d82-4991-9c22-f60d67a0a20c,2026-05-12T18:30:00Z,2026-05-12T20:30:00+0200,827.54,MW,FR,FR,actual_solar_generation,Solar,2026-05-24T05:42:13Z
2026-05-24T05:41:40Z,2026-05-24T07:41:40+0200,04b1983b-7d82-4991-9c22-f60d67a0a20c,2026-05-12T18:45:00Z,2026-05-12T20:45:00+0200,578.34,MW,FR,FR,actual_solar_generation,Solar,2026-05-24T05:42:13Z
2026-05-24T05:41:40Z,2026-05-24T07:41:40+0200,04b1983b-7d82-4991-9c22-f60d67a0a20c,2026-05-12T19:00:00Z,2026-05-12T21:00:00+0200,400.5,MW,FR,FR,actual_solar_generation,Solar,2026-05-24T05:42:13Z
2026-05-24T05:41:40Z,2026-05-24T07:41:40+0200,04b1983b-7d82-4991-9c22-f60d67a0a20c,2026-05-12T19:15:00Z,2026-05-12T21:15:00+0200,292.25,MW,FR,FR,actual_solar_generation,Solar,2026-05-24T05:42:13Z
2026-05-24T05:41:40Z,2026-05-24T07:41:40+0200,04b1983b-7d82-4991-9c22-f60d67a0a20c,2026-05-12T19:30:00Z,2026-05-12T21:30:00+0200,238.5,MW,FR,FR,actual_solar_generation,Solar,2026-05-24T05:42:13Z
2026-05-24T05:41:40Z,2026-05-24T07:41:40+0200,04b1983b-7d82-4991-9c22-f60d67a0a20c,2026-05-12T19:45:00Z,2026-05-12T21:45:00+0200,224.49,MW,FR,FR,actual_solar_generation,Solar,2026-05-24T05:42:13Z
2026-05-24T05:41:40Z,2026-05-24T07:41:40+0200,04b1983b-7d82-4991-9c22-f60d67a0a20c,2026-05-12T20:00:00Z,2026-05-12T22:00:00+0200,222.89,MW,FR,FR,actual_solar_generation,Solar,2026-05-24T05:42:13Z
2026-05-24T05:41:40Z,2026-05-24T07:41:40+0200,04b1983b-7d82-4991-9c22-f60d67a0a20c,2026-05-12T20:15:00Z,2026-05-12T22:15:00+0200,230.95,MW,FR,FR,actual_solar_generation,Solar,2026-05-24T05:42:13Z
2026-05-24T05:41:40Z,2026-05-24T07:41:40+0200,04b1983b-7d82-4991-9c22-f60d67a0a20c,2026-05-12T20:30:00Z,2026-05-12T22:30:00+0200,220.85,MW,FR,FR,actual_solar_generation,Solar,2026-05-24T05:42:13Z
2026-05-24T05:41:40Z,2026-05-24T07:41:40+0200,04b1983b-7d82-4991-9c22-f60d67a0a20c,2026-05-12T20:45:00Z,2026-05-12T22:45:00+0200,221.14,MW,FR,FR,actual_solar_generation,Solar,2026-05-24T05:42:13Z
2026-05-24T05:41:40Z,2026-05-24T07:41:40+0200,04b1983b-7d82-4991-9c22-f60d67a0a20c,2026-05-12T21:00:00Z,2026-05-12T23:00:00+0200,0.0,MW,FR,FR,actual_solar_generation,Solar,2026-05-24T05:42:13Z
2026-05-24T05:41:40Z,2026-05-24T07:41:40+0200,04b1983b-7d82-4991-9c22-f60d67a0a20c,2026-05-12T21:15:00Z,2026-05-12T23:15:00+0200,0.0,MW,FR,FR,actual_solar_generation,Solar,2026-05-24T05:42:13Z
2026-05-24T05:41:40Z,2026-05-24T07:41:40+0200,04b1983b-7d82-4991-9c22-f60d67a0a20c,2026-05-12T21:30:00Z,2026-05-12T23:30:00+0200,0.0,MW,FR,FR,actual_solar_generation,Solar,2026-05-24T05:42:13Z
2026-05-24T05:41:40Z,2026-05-24T07:41:40+0200,04b1983b-7d82-4991-9c22-f60d67a0a20c,2026-05-12T21:45:00Z,2026-05-12T23:45:00+0200,0.0,MW,FR,FR,actual_solar_generation,Solar,2026-05-24T05:42:13Z
2026-05-24T05:41:40Z,2026-05-24T07:41:40+0200,04b1983b-7d82-4991-9c22-f60d67a0a20c,2026-05-12T22:00:00Z,2026-05-13T00:00:00+0200,0.0,MW,FR,FR,actual_solar_generation,Solar,2026-05-24T05:42:13Z
2026-05-24T05:41:40Z,2026-05-24T07:41:40+0200,04b1983b-7d82-4991-9c22-f60d67a0a20c,2026-05-12T22:15:00Z,2026-05-13T00:15:00+0200,0.0,MW,FR,FR,actual_solar_generation,Solar,2026-05-24T05:42:13Z
2026-05-24T05:41:40Z,2026-05-24T07:41:40+0200,04b1983b-7d82-4991-9c22-f60d67a0a20c,2026-05-12T22:30:00Z,2026-05-13T00:30:00+0200,0.0,MW,FR,FR,actual_solar_generation,Solar,2026-05-24T05:42:13Z
2026-05-24T05:41:40Z,2026-05-24T07:41:40+0200,04b1983b-7d82-4991-9c22-f60d67a0a20c,2026-05-12T22:45:00Z,2026-05-13T00:45:00+0200,0.0,MW,FR,FR,actual_solar_generation,Solar,2026-05-24T05:42:13Z
2026-05-24T05:41:40Z,2026-05-24T07:41:40+0200,04b1983b-7d82-4991-9c22-f60d67a0a20c,2026-05-12T23:00:00Z,2026-05-13T01:00:00+0200,0.0,MW,FR,FR,actual_solar_generation,Solar,2026-05-24T05:42:13Z
2026-05-24T05:41:40Z,2026-05-24T07:41:40+0200,04b1983b-7d82-4991-9c22-f60d67a0a20c,2026-05-12T23:15:00Z,2026-05-13T01:15:00+0200,0.0,MW,FR,FR,actual_solar_generation,Solar,2026-05-24T05:42:13Z
2026-05-24T05:41:40Z,2026-05-24T07:41:40+0200,04b1983b-7d82-4991-9c22-f60d67a0a20c,2026-05-12T23:30:00Z,2026-05-13T01:30:00+0200,0.0,MW,FR,FR,actual_solar_generation,Solar,2026-05-24T05:42:13Z
2026-05-24T05:41:40Z,2026-05-24T07:41:40+0200,04b1983b-7d82-4991-9c22-f60d67a0a20c,2026-05-12T23:45:00Z,2026-05-13T01:45:00+0200,0.0,MW,FR,FR,actual_solar_generation,Solar,2026-05-24T05:42:13Z
2026-05-24T05:41:40Z,2026-05-24T07:41:40+0200,04b1983b-7d82-4991-9c22-f60d67a0a20c,2026-05-13T00:00:00Z,2026-05-13T02:00:00+0200,0.0,MW,FR,FR,actual_solar_generation,Solar,2026-05-24T05:42:13Z
2026-05-24T05:41:40Z,2026-05-24T07:41:40+0200,04b1983b-7d82-4991-9c22-f60d67a0a20c,2026-05-13T00:15:00Z,2026-05-13T02:15:00+0200,0.0,MW,FR,FR,actual_solar_generation,Solar,2026-05-24T05:42:13Z
2026-05-24T05:41:40Z,2026-05-24T07:41:40+0200,04b1983b-7d82-4991-9c22-f60d67a0a20c,2026-05-13T00:30:00Z,2026-05-13T02:30:00+0200,0.0,MW,FR,FR,actual_solar_generation,Solar,2026-05-24T05:42:13Z
2026-05-24T05:41:40Z,2026-05-24T07:41:40+0200,04b1983b-7d82-4991-9c22-f60d67a0a20c,2026-05-13T00:45:00Z,2026-05-13T02:45:00+0200,0.0,MW,FR,FR,actual_solar_generation,Solar,2026-05-24T05:42:13Z
2026-05-24T05:41:40Z,2026-05-24T07:41:40+0200,04b1983b-7d82-4991-9c22-f60d67a0a20c,2026-05-13T01:00:00Z,2026-05-13T03:00:00+0200,0.0,MW,FR,FR,actual_solar_generation,Solar,2026-05-24T05:42:13Z
2026-05-24T05:41:40Z,2026-05-24T07:41:40+0200,04b1983b-7d82-4991-9c22-f60d67a0a20c,2026-05-13T01:15:00Z,2026-05-13T03:15:00+0200,0.0,MW,FR,FR,actual_solar_generation,Solar,2026-05-24T05:42:13Z
2026-05-24T05:41:40Z,2026-05-24T07:41:40+0200,04b1983b-7d82-4991-9c22-f60d67a0a20c,2026-05-13T01:30:00Z,2026-05-13T03:30:00+0200,0.0,MW,FR,FR,actual_solar_generation,Solar,2026-05-24T05:42:13Z
2026-05-24T05:41:40Z,2026-05-24T07:41:40+0200,04b1983b-7d82-4991-9c22-f60d67a0a20c,2026-05-13T01:45:00Z,2026-05-13T03:45:00+0200,0.0,MW,FR,FR,actual_solar_generation,Solar,2026-05-24T05:42:13Z
2026-05-24T05:41:40Z,2026-05-24T07:41:40+0200,04b1983b-7d82-4991-9c22-f60d67a0a20c,2026-05-13T02:00:00Z,2026-05-13T04:00:00+0200,0.0,MW,FR,FR,actual_solar_generation,Solar,2026-05-24T05:42:13Z
2026-05-24T05:41:40Z,2026-05-24T07:41:40+0200,04b1983b-7d82-4991-9c22-f60d67a0a20c,2026-05-13T02:15:00Z,2026-05-13T04:15:00+0200,0.0,MW,FR,FR,actual_solar_generation,Solar,2026-05-24T05:42:13Z
2026-05-24T05:41:40Z,2026-05-24T07:41:40+0200,04b1983b-7d82-4991-9c22-f60d67a0a20c,2026-05-13T02:30:00Z,2026-05-13T04:30:00+0200,0.0,MW,FR,FR,actual_solar_generation,Solar,2026-05-24T05:42:13Z
2026-05-24T05:41:40Z,2026-05-24T07:41:40+0200,04b1983b-7d82-4991-9c22-f60d67a0a20c,2026-05-13T02:45:00Z,2026-05-13T04:45:00+0200,0.0,MW,FR,FR,actual_solar_generation,Solar,2026-05-24T05:42:13Z
2026-05-24T05:41:40Z,2026-05-24T07:41:40+0200,04b1983b-7d82-4991-9c22-f60d67a0a20c,2026-05-13T03:00:00Z,2026-05-13T05:00:00+0200,0.0,MW,FR,FR,actual_solar_generation,Solar,2026-05-24T05:42:13Z
2026-05-24T05:41:40Z,2026-05-24T07:41:40+0200,04b1983b-7d82-4991-9c22-f60d67a0a20c,2026-05-13T03:15:00Z,2026-05-13T05:15:00+0200,0.0,MW,FR,FR,actual_solar_generation,Solar,2026-05-24T05:42:13Z
2026-05-24T05:41:40Z,2026-05-24T07:41:40+0200,04b1983b-7d82-4991-9c22-f60d67a0a20c,2026-05-13T03:30:00Z,2026-05-13T05:30:00+0200,0.0,MW,FR,FR,actual_solar_generation,Solar,2026-05-24T05:42:13Z
2026-05-24T05:41:40Z,2026-05-24T07:41:40+0200,04b1983b-7d82-4991-9c22-f60d67a0a20c,2026-05-13T03:45:00Z,2026-05-13T05:45:00+0200,0.0,MW,FR,FR,actual_solar_generation,Solar,2026-05-24T05:42:13Z
2026-05-24T05:41:40Z,2026-05-24T07:41:40+0200,04b1983b-7d82-4991-9c22-f60d67a0a20c,2026-05-13T04:00:00Z,2026-05-13T06:00:00+0200,229.44,MW,FR,FR,actual_solar_generation,Solar,2026-05-24T05:42:13Z
2026-05-24T05:41:40Z,2026-05-24T07:41:40+0200,04b1983b-7d82-4991-9c22-f60d67a0a20c,2026-05-13T04:15:00Z,2026-05-13T06:15:00+0200,247.75,MW,FR,FR,actual_solar_generation,Solar,2026-05-24T05:42:13Z
2026-05-24T05:41:40Z,2026-05-24T07:41:40+0200,04b1983b-7d82-4991-9c22-f60d67a0a20c,2026-05-13T04:30:00Z,2026-05-13T06:30:00+0200,350.57,MW,FR,FR,actual_solar_generation,Solar,2026-05-24T05:42:13Z
2026-05-24T05:41:40Z,2026-05-24T07:41:40+0200,04b1983b-7d82-4991-9c22-f60d67a0a20c,2026-05-13T04:45:00Z,2026-05-13T06:45:00+0200,512.06,MW,FR,FR,actual_solar_generation,Solar,2026-05-24T05:42:13Z
2026-05-24T05:41:40Z,2026-05-24T07:41:40+0200,04b1983b-7d82-4991-9c22-f60d67a0a20c,2026-05-13T05:00:00Z,2026-05-13T07:00:00+0200,770.88,MW,FR,FR,actual_solar_generation,Solar,2026-05-24T05:42:13Z
2026-05-24T05:41:40Z,2026-05-24T07:41:40+0200,04b1983b-7d82-4991-9c22-f60d67a0a20c,2026-05-13T05:15:00Z,2026-05-13T07:15:00+0200,1107.41,MW,FR,FR,actual_solar_generation,Solar,2026-05-24T05:42:13Z
2026-05-24T05:41:40Z,2026-05-24T07:41:40+0200,04b1983b-7d82-4991-9c22-f60d67a0a20c,2026-05-13T05:30:00Z,2026-05-13T07:30:00+0200,1587.22,MW,FR,FR,actual_solar_generation,Solar,2026-05-24T05:42:13Z
2026-05-24T05:41:40Z,2026-05-24T07:41:40+0200,04b1983b-7d82-4991-9c22-f60d67a0a20c,2026-05-13T05:45:00Z,2026-05-13T07:45:00+0200,2191.36,MW,FR,FR,actual_solar_generation,Solar,2026-05-24T05:42:13Z
2026-05-24T05:41:40Z,2026-05-24T07:41:40+0200,04b1983b-7d82-4991-9c22-f60d67a0a20c,2026-05-13T06:00:00Z,2026-05-13T08:00:00+0200,2933.69,MW,FR,FR,actual_solar_generation,Solar,2026-05-24T05:42:13Z
2026-05-24T05:41:40Z,2026-05-24T07:41:40+0200,04b1983b-7d82-4991-9c22-f60d67a0a20c,2026-05-13T06:15:00Z,2026-05-13T08:15:00+0200,3607.19,MW,FR,FR,actual_solar_generation,Solar,2026-05-24T05:42:13Z
2026-05-24T05:41:40Z,2026-05-24T07:41:40+0200,04b1983b-7d82-4991-9c22-f60d67a0a20c,2026-05-13T06:30:00Z,2026-05-13T08:30:00+0200,4398.68,MW,FR,FR,actual_solar_generation,Solar,2026-05-24T05:42:13Z
2026-05-24T05:41:40Z,2026-05-24T07:41:40+0200,04b1983b-7d82-4991-9c22-f60d67a0a20c,2026-05-13T06:45:00Z,2026-05-13T08:45:00+0200,5264.33,MW,FR,FR,actual_solar_generation,Solar,2026-05-24T05:42:13Z
2026-05-24T05:41:40Z,2026-05-24T07:41:40+0200,04b1983b-7d82-4991-9c22-f60d67a0a20c,2026-05-13T07:00:00Z,2026-05-13T09:00:00+0200,6215.28,MW,FR,FR,actual_solar_generation,Solar,2026-05-24T05:42:13Z
2026-05-24T05:41:40Z,2026-05-24T07:41:40+0200,04b1983b-7d82-4991-9c22-f60d67a0a20c,2026-05-13T07:15:00Z,2026-05-13T09:15:00+0200,6859.87,MW,FR,FR,actual_solar_generation,Solar,2026-05-24T05:42:13Z
2026-05-24T05:41:40Z,2026-05-24T07:41:40+0200,04b1983b-7d82-4991-9c22-f60d67a0a20c,2026-05-13T07:30:00Z,2026-05-13T09:30:00+0200,7412.75,MW,FR,FR,actual_solar_generation,Solar,2026-05-24T05:42:13Z
2026-05-24T05:41:40Z,2026-05-24T07:41:40+0200,04b1983b-7d82-4991-9c22-f60d67a0a20c,2026-05-13T07:45:00Z,2026-05-13T09:45:00+0200,8064.21,MW,FR,FR,actual_solar_generation,Solar,2026-05-24T05:42:13Z
2026-05-24T05:41:40Z,2026-05-24T07:41:40+0200,04b1983b-7d82-4991-9c22-f60d67a0a20c,2026-05-13T08:00:00Z,2026-05-13T10:00:00+0200,8753.21,MW,FR,FR,actual_solar_generation,Solar,2026-05-24T05:42:13Z
2026-05-24T05:41:40Z,2026-05-24T07:41:40+0200,04b1983b-7d82-4991-9c22-f60d67a0a20c,2026-05-13T08:15:00Z,2026-05-13T10:15:00+0200,8750.5,MW,FR,FR,actual_solar_generation,Solar,2026-05-24T05:42:13Z
2026-05-24T05:41:40Z,2026-05-24T07:41:40+0200,04b1983b-7d82-4991-9c22-f60d67a0a20c,2026-05-13T08:30:00Z,2026-05-13T10:30:00+0200,8100.98,MW,FR,FR,actual_solar_generation,Solar,2026-05-24T05:42:13Z
2026-05-24T05:41:40Z,2026-05-24T07:41:40+0200,04b1983b-7d82-4991-9c22-f60d67a0a20c,2026-05-13T08:45:00Z,2026-05-13T10:45:00+0200,8582.78,MW,FR,FR,actual_solar_generation,Solar,2026-05-24T05:42:13Z
2026-05-24T05:41:40Z,2026-05-24T07:41:40+0200,04b1983b-7d82-4991-9c22-f60d67a0a20c,2026-05-13T09:00:00Z,2026-05-13T11:00:00+0200,8939.46,MW,FR,FR,actual_solar_generation,Solar,2026-05-24T05:42:13Z
2026-05-24T05:41:40Z,2026-05-24T07:41:40+0200,04b1983b-7d82-4991-9c22-f60d67a0a20c,2026-05-13T09:15:00Z,2026-05-13T11:15:00+0200,9310.62,MW,FR,FR,actual_solar_generation,Solar,2026-05-24T05:42:13Z
2026-05-24T05:41:40Z,2026-05-24T07:41:40+0200,04b1983b-7d82-4991-9c22-f60d67a0a20c,2026-05-13T09:30:00Z,2026-05-13T11:30:00+0200,9653.55,MW,FR,FR,actual_solar_generation,Solar,2026-05-24T05:42:13Z
2026-05-24T05:41:40Z,2026-05-24T07:41:40+0200,04b1983b-7d82-4991-9c22-f60d67a0a20c,2026-05-13T09:45:00Z,2026-05-13T11:45:00+0200,10072.59,MW,FR,FR,actual_solar_generation,Solar,2026-05-24T05:42:13Z
2026-05-24T05:41:40Z,2026-05-24T07:41:40+0200,04b1983b-7d82-4991-9c22-f60d67a0a20c,2026-05-13T10:00:00Z,2026-05-13T12:00:00+0200,10430.56,MW,FR,FR,actual_solar_generation,Solar,2026-05-24T05:42:13Z
2026-05-24T05:41:40Z,2026-05-24T07:41:40+0200,04b1983b-7d82-4991-9c22-f60d67a0a20c,2026-05-13T10:15:00Z,2026-05-13T12:15:00+0200,10761.15,MW,FR,FR,actual_solar_generation,Solar,2026-05-24T05:42:13Z
2026-05-24T05:41:40Z,2026-05-24T07:41:40+0200,04b1983b-7d82-4991-9c22-f60d67a0a20c,2026-05-13T10:30:00Z,2026-05-13T12:30:00+0200,10958.68,MW,FR,FR,actual_solar_generation,Solar,2026-05-24T05:42:13Z
2026-05-24T05:41:40Z,2026-05-24T07:41:40+0200,04b1983b-7d82-4991-9c22-f60d67a0a20c,2026-05-13T10:45:00Z,2026-05-13T12:45:00+0200,11186.35,MW,FR,FR,actual_solar_generation,Solar,2026-05-24T05:42:13Z
2026-05-24T05:41:40Z,2026-05-24T07:41:40+0200,04b1983b-7d82-4991-9c22-f60d67a0a20c,2026-05-13T11:00:00Z,2026-05-13T13:00:00+0200,11432.66,MW,FR,FR,actual_solar_generation,Solar,2026-05-24T05:42:13Z
2026-05-24T05:41:40Z,2026-05-24T07:41:40+0200,04b1983b-7d82-4991-9c22-f60d67a0a20c,2026-05-13T11:15:00Z,2026-05-13T13:15:00+0200,11431.05,MW,FR,FR,actual_solar_generation,Solar,2026-05-24T05:42:13Z
2026-05-24T05:41:40Z,2026-05-24T07:41:40+0200,04b1983b-7d82-4991-9c22-f60d67a0a20c,2026-05-13T11:30:00Z,2026-05-13T13:30:00+0200,11507.32,MW,FR,FR,actual_solar_generation,Solar,2026-05-24T05:42:13Z
2026-05-24T05:41:40Z,2026-05-24T07:41:40+0200,04b1983b-7d82-4991-9c22-f60d67a0a20c,2026-05-13T11:45:00Z,2026-05-13T13:45:00+0200,11559.07,MW,FR,FR,actual_solar_generation,Solar,2026-05-24T05:42:13Z
2026-05-24T05:41:40Z,2026-05-24T07:41:40+0200,04b1983b-7d82-4991-9c22-f60d67a0a20c,2026-05-13T12:00:00Z,2026-05-13T14:00:00+0200,11412.41,MW,FR,FR,actual_solar_generation,Solar,2026-05-24T05:42:13Z
2026-05-24T05:41:40Z,2026-05-24T07:41:40+0200,04b1983b-7d82-4991-9c22-f60d67a0a20c,2026-05-13T12:15:00Z,2026-05-13T14:15:00+0200,11461.87,MW,FR,FR,actual_solar_generation,Solar,2026-05-24T05:42:13Z
2026-05-24T05:41:40Z,2026-05-24T07:41:40+0200,04b1983b-7d82-4991-9c22-f60d67a0a20c,2026-05-13T12:30:00Z,2026-05-13T14:30:00+0200,11620.09,MW,FR,FR,actual_solar_generation,Solar,2026-05-24T05:42:13Z
2026-05-24T05:41:40Z,2026-05-24T07:41:40+0200,04b1983b-7d82-4991-9c22-f60d67a0a20c,2026-05-13T12:45:00Z,2026-05-13T14:45:00+0200,11592.16,MW,FR,FR,actual_solar_generation,Solar,2026-05-24T05:42:13Z
2026-05-24T05:41:40Z,2026-05-24T07:41:40+0200,04b1983b-7d82-4991-9c22-f60d67a0a20c,2026-05-13T13:00:00Z,2026-05-13T15:00:00+0200,11441.91,MW,FR,FR,actual_solar_generation,Solar,2026-05-24T05:42:13Z
2026-05-24T05:41:40Z,2026-05-24T07:41:40+0200,04b1983b-7d82-4991-9c22-f60d67a0a20c,2026-05-13T13:15:00Z,2026-05-13T15:15:00+0200,10706.31,MW,FR,FR,actual_solar_generation,Solar,2026-05-24T05:42:13Z
2026-05-24T05:41:40Z,2026-05-24T07:41:40+0200,04b1983b-7d82-4991-9c22-f60d67a0a20c,2026-05-13T13:30:00Z,2026-05-13T15:30:00+0200,10618.23,MW,FR,FR,actual_solar_generation,Solar,2026-05-24T05:42:13Z
2026-05-24T05:41:40Z,2026-05-24T07:41:40+0200,04b1983b-7d82-4991-9c22-f60d67a0a20c,2026-05-13T13:45:00Z,2026-05-13T15:45:00+0200,10381.37,MW,FR,FR,actual_solar_generation,Solar,2026-05-24T05:42:13Z
2026-05-24T05:41:40Z,2026-05-24T07:41:40+0200,04b1983b-7d82-4991-9c22-f60d67a0a20c,2026-05-13T14:00:00Z,2026-05-13T16:00:00+0200,9709.03,MW,FR,FR,actual_solar_generation,Solar,2026-05-24T05:42:13Z
2026-05-24T05:41:40Z,2026-05-24T07:41:40+0200,04b1983b-7d82-4991-9c22-f60d67a0a20c,2026-05-13T14:15:00Z,2026-05-13T16:15:00+0200,9497.57,MW,FR,FR,actual_solar_generation,Solar,2026-05-24T05:42:13Z
2026-05-24T05:41:40Z,2026-05-24T07:41:40+0200,04b1983b-7d82-4991-9c22-f60d67a0a20c,2026-05-13T14:30:00Z,2026-05-13T16:30:00+0200,9251.79,MW,FR,FR,actual_solar_generation,Solar,2026-05-24T05:42:13Z
2026-05-24T05:41:40Z,2026-05-24T07:41:40+0200,04b1983b-7d82-4991-9c22-f60d67a0a20c,2026-05-13T14:45:00Z,2026-05-13T16:45:00+0200,8701.27,MW,FR,FR,actual_solar_generation,Solar,2026-05-24T05:42:13Z
2026-05-24T05:41:40Z,2026-05-24T07:41:40+0200,04b1983b-7d82-4991-9c22-f60d67a0a20c,2026-05-13T15:00:00Z,2026-05-13T17:00:00+0200,8406.39,MW,FR,FR,actual_solar_generation,Solar,2026-05-24T05:42:13Z
2026-05-24T05:41:40Z,2026-05-24T07:41:40+0200,04b1983b-7d82-4991-9c22-f60d67a0a20c,2026-05-13T15:15:00Z,2026-05-13T17:15:00+0200,8234.12,MW,FR,FR,actual_solar_generation,Solar,2026-05-24T05:42:13Z
2026-05-24T05:41:40Z,2026-05-24T07:41:40+0200,04b1983b-7d82-4991-9c22-f60d67a0a20c,2026-05-13T15:30:00Z,2026-05-13T17:30:00+0200,7513.02,MW,FR,FR,actual_solar_generation,Solar,2026-05-24T05:42:13Z
2026-05-24T05:41:40Z,2026-05-24T07:41:40+0200,04b1983b-7d82-4991-9c22-f60d67a0a20c,2026-05-13T15:45:00Z,2026-05-13T17:45:00+0200,7012.48,MW,FR,FR,actual_solar_generation,Solar,2026-05-24T05:42:13Z
2026-05-24T05:41:40Z,2026-05-24T07:41:40+0200,04b1983b-7d82-4991-9c22-f60d67a0a20c,2026-05-13T16:00:00Z,2026-05-13T18:00:00+0200,7286.74,MW,FR,FR,actual_solar_generation,Solar,2026-05-24T05:42:13Z
2026-05-24T05:41:40Z,2026-05-24T07:41:40+0200,04b1983b-7d82-4991-9c22-f60d67a0a20c,2026-05-13T16:15:00Z,2026-05-13T18:15:00+0200,7403.05,MW,FR,FR,actual_solar_generation,Solar,2026-05-24T05:42:13Z
2026-05-24T05:41:40Z,2026-05-24T07:41:40+0200,04b1983b-7d82-4991-9c22-f60d67a0a20c,2026-05-13T16:30:00Z,2026-05-13T18:30:00+0200,6691.94,MW,FR,FR,actual_solar_generation,Solar,2026-05-24T05:42:13Z
2026-05-24T05:41:40Z,2026-05-24T07:41:40+0200,04b1983b-7d82-4991-9c22-f60d67a0a20c,2026-05-13T16:45:00Z,2026-05-13T18:45:00+0200,5691.65,MW,FR,FR,actual_solar_generation,Solar,2026-05-24T05:42:13Z
2026-05-24T05:41:40Z,2026-05-24T07:41:40+0200,04b1983b-7d82-4991-9c22-f60d67a0a20c,2026-05-13T17:00:00Z,2026-05-13T19:00:00+0200,4828.19,MW,FR,FR,actual_solar_generation,Solar,2026-05-24T05:42:13Z
2026-05-24T05:41:40Z,2026-05-24T07:41:40+0200,04b1983b-7d82-4991-9c22-f60d67a0a20c,2026-05-13T17:15:00Z,2026-05-13T19:15:00+0200,4042.46,MW,FR,FR,actual_solar_generation,Solar,2026-05-24T05:42:13Z
2026-05-24T05:41:40Z,2026-05-24T07:41:40+0200,04b1983b-7d82-4991-9c22-f60d67a0a20c,2026-05-13T17:30:00Z,2026-05-13T19:30:00+0200,3219.14,MW,FR,FR,actual_solar_generation,Solar,2026-05-24T05:42:13Z
2026-05-24T05:41:40Z,2026-05-24T07:41:40+0200,04b1983b-7d82-4991-9c22-f60d67a0a20c,2026-05-13T17:45:00Z,2026-05-13T19:45:00+0200,2481.0,MW,FR,FR,actual_solar_generation,Solar,2026-05-24T05:42:13Z
2026-05-24T05:41:40Z,2026-05-24T07:41:40+0200,04b1983b-7d82-4991-9c22-f60d67a0a20c,2026-05-13T18:00:00Z,2026-05-13T20:00:00+0200,1735.95,MW,FR,FR,actual_solar_generation,Solar,2026-05-24T05:42:13Z
2026-05-24T05:41:40Z,2026-05-24T07:41:40+0200,04b1983b-7d82-4991-9c22-f60d67a0a20c,2026-05-13T18:15:00Z,2026-05-13T20:15:00+0200,1225.85,MW,FR,FR,actual_solar_generation,Solar,2026-05-24T05:42:13Z
2026-05-24T05:41:40Z,2026-05-24T07:41:40+0200,04b1983b-7d82-4991-9c22-f60d67a0a20c,2026-05-13T18:30:00Z,2026-05-13T20:30:00+0200,840.07,MW,FR,FR,actual_solar_generation,Solar,2026-05-24T05:42:13Z
2026-05-24T05:41:40Z,2026-05-24T07:41:40+0200,04b1983b-7d82-4991-9c22-f60d67a0a20c,2026-05-13T18:45:00Z,2026-05-13T20:45:00+0200,576.42,MW,FR,FR,actual_solar_generation,Solar,2026-05-24T05:42:13Z
2026-05-24T05:41:40Z,2026-05-24T07:41:40+0200,04b1983b-7d82-4991-9c22-f60d67a0a20c,2026-05-13T19:00:00Z,2026-05-13T21:00:00+0200,385.57,MW,FR,FR,actual_solar_generation,Solar,2026-05-24T05:42:13Z
2026-05-24T05:41:40Z,2026-05-24T07:41:40+0200,04b1983b-7d82-4991-9c22-f60d67a0a20c,2026-05-13T19:15:00Z,2026-05-13T21:15:00+0200,287.9,MW,FR,FR,actual_solar_generation,Solar,2026-05-24T05:42:13Z
2026-05-24T05:41:40Z,2026-05-24T07:41:40+0200,04b1983b-7d82-4991-9c22-f60d67a0a20c,2026-05-13T19:30:00Z,2026-05-13T21:30:00+0200,199.22,MW,FR,FR,actual_solar_generation,Solar,2026-05-24T05:42:13Z
2026-05-24T05:41:40Z,2026-05-24T07:41:40+0200,04b1983b-7d82-4991-9c22-f60d67a0a20c,2026-05-13T19:45:00Z,2026-05-13T21:45:00+0200,194.38,MW,FR,FR,actual_solar_generation,Solar,2026-05-24T05:42:13Z
2026-05-24T05:41:40Z,2026-05-24T07:41:40+0200,04b1983b-7d82-4991-9c22-f60d67a0a20c,2026-05-13T20:00:00Z,2026-05-13T22:00:00+0200,206.12,MW,FR,FR,actual_solar_generation,Solar,2026-05-24T05:42:13Z
2026-05-24T05:41:40Z,2026-05-24T07:41:40+0200,04b1983b-7d82-4991-9c22-f60d67a0a20c,2026-05-13T20:15:00Z,2026-05-13T22:15:00+0200,194.52,MW,FR,FR,actual_solar_generation,Solar,2026-05-24T05:42:13Z
2026-05-24T05:41:40Z,2026-05-24T07:41:40+0200,04b1983b-7d82-4991-9c22-f60d67a0a20c,2026-05-13T20:30:00Z,2026-05-13T22:30:00+0200,207.59,MW,FR,FR,actual_solar_generation,Solar,2026-05-24T05:42:13Z
2026-05-24T05:41:40Z,2026-05-24T07:41:40+0200,04b1983b-7d82-4991-9c22-f60d67a0a20c,2026-05-13T20:45:00Z,2026-05-13T22:45:00+0200,188.98,MW,FR,FR,actual_solar_generation,Solar,2026-05-24T05:42:13Z
2026-05-24T05:41:40Z,2026-05-24T07:41:40+0200,04b1983b-7d82-4991-9c22-f60d67a0a20c,2026-05-13T21:00:00Z,2026-05-13T23:00:00+0200,0.0,MW,FR,FR,actual_solar_generation,Solar,2026-05-24T05:42:13Z
2026-05-24T05:41:40Z,2026-05-24T07:41:40+0200,04b1983b-7d82-4991-9c22-f60d67a0a20c,2026-05-13T21:15:00Z,2026-05-13T23:15:00+0200,0.0,MW,FR,FR,actual_solar_generation,Solar,2026-05-24T05:42:13Z
2026-05-24T05:41:40Z,2026-05-24T07:41:40+0200,04b1983b-7d82-4991-9c22-f60d67a0a20c,2026-05-13T21:30:00Z,2026-05-13T23:30:00+0200,0.0,MW,FR,FR,actual_solar_generation,Solar,2026-05-24T05:42:13Z
2026-05-24T05:41:40Z,2026-05-24T07:41:40+0200,04b1983b-7d82-4991-9c22-f60d67a0a20c,2026-05-13T21:45:00Z,2026-05-13T23:45:00+0200,0.0,MW,FR,FR,actual_solar_generation,Solar,2026-05-24T05:42:13Z
2026-05-24T05:41:40Z,2026-05-24T07:41:40+0200,04b1983b-7d82-4991-9c22-f60d67a0a20c,2026-05-13T22:00:00Z,2026-05-14T00:00:00+0200,0.0,MW,FR,FR,actual_solar_generation,Solar,2026-05-24T05:42:13Z
2026-05-24T05:41:40Z,2026-05-24T07:41:40+0200,04b1983b-7d82-4991-9c22-f60d67a0a20c,2026-05-13T22:15:00Z,2026-05-14T00:15:00+0200,0.0,MW,FR,FR,actual_solar_generation,Solar,2026-05-24T05:42:13Z
2026-05-24T05:41:40Z,2026-05-24T07:41:40+0200,04b1983b-7d82-4991-9c22-f60d67a0a20c,2026-05-13T22:30:00Z,2026-05-14T00:30:00+0200,0.0,MW,FR,FR,actual_solar_generation,Solar,2026-05-24T05:42:13Z
2026-05-24T05:41:40Z,2026-05-24T07:41:40+0200,04b1983b-7d82-4991-9c22-f60d67a0a20c,2026-05-13T22:45:00Z,2026-05-14T00:45:00+0200,0.0,MW,FR,FR,actual_solar_generation,Solar,2026-05-24T05:42:13Z
2026-05-24T05:41:40Z,2026-05-24T07:41:40+0200,04b1983b-7d82-4991-9c22-f60d67a0a20c,2026-05-13T23:00:00Z,2026-05-14T01:00:00+0200,0.0,MW,FR,FR,actual_solar_generation,Solar,2026-05-24T05:42:13Z
2026-05-24T05:41:40Z,2026-05-24T07:41:40+0200,04b1983b-7d82-4991-9c22-f60d67a0a20c,2026-05-13T23:15:00Z,2026-05-14T01:15:00+0200,0.0,MW,FR,FR,actual_solar_generation,Solar,2026-05-24T05:42:13Z
2026-05-24T05:41:40Z,2026-05-24T07:41:40+0200,04b1983b-7d82-4991-9c22-f60d67a0a20c,2026-05-13T23:30:00Z,2026-05-14T01:30:00+0200,0.0,MW,FR,FR,actual_solar_generation,Solar,2026-05-24T05:42:13Z
2026-05-24T05:41:40Z,2026-05-24T07:41:40+0200,04b1983b-7d82-4991-9c22-f60d67a0a20c,2026-05-13T23:45:00Z,2026-05-14T01:45:00+0200,0.0,MW,FR,FR,actual_solar_generation,Solar,2026-05-24T05:42:13Z
2026-05-24T05:41:40Z,2026-05-24T07:41:40+0200,04b1983b-7d82-4991-9c22-f60d67a0a20c,2026-05-14T00:00:00Z,2026-05-14T02:00:00+0200,0.0,MW,FR,FR,actual_solar_generation,Solar,2026-05-24T05:42:13Z
2026-05-24T05:41:40Z,2026-05-24T07:41:40+0200,04b1983b-7d82-4991-9c22-f60d67a0a20c,2026-05-14T00:15:00Z,2026-05-14T02:15:00+0200,0.0,MW,FR,FR,actual_solar_generation,Solar,2026-05-24T05:42:13Z
2026-05-24T05:41:40Z,2026-05-24T07:41:40+0200,04b1983b-7d82-4991-9c22-f60d67a0a20c,2026-05-14T00:30:00Z,2026-05-14T02:30:00+0200,0.0,MW,FR,FR,actual_solar_generation,Solar,2026-05-24T05:42:13Z
2026-05-24T05:41:40Z,2026-05-24T07:41:40+0200,04b1983b-7d82-4991-9c22-f60d67a0a20c,2026-05-14T00:45:00Z,2026-05-14T02:45:00+0200,0.0,MW,FR,FR,actual_solar_generation,Solar,2026-05-24T05:42:13Z
2026-05-24T05:41:40Z,2026-05-24T07:41:40+0200,04b1983b-7d82-4991-9c22-f60d67a0a20c,2026-05-14T01:00:00Z,2026-05-14T03:00:00+0200,0.0,MW,FR,FR,actual_solar_generation,Solar,2026-05-24T05:42:13Z
2026-05-24T05:41:40Z,2026-05-24T07:41:40+0200,04b1983b-7d82-4991-9c22-f60d67a0a20c,2026-05-14T01:15:00Z,2026-05-14T03:15:00+0200,0.0,MW,FR,FR,actual_solar_generation,Solar,2026-05-24T05:42:13Z
2026-05-24T05:41:40Z,2026-05-24T07:41:40+0200,04b1983b-7d82-4991-9c22-f60d67a0a20c,2026-05-14T01:30:00Z,2026-05-14T03:30:00+0200,0.0,MW,FR,FR,actual_solar_generation,Solar,2026-05-24T05:42:13Z
2026-05-24T05:41:40Z,2026-05-24T07:41:40+0200,04b1983b-7d82-4991-9c22-f60d67a0a20c,2026-05-14T01:45:00Z,2026-05-14T03:45:00+0200,0.0,MW,FR,FR,actual_solar_generation,Solar,2026-05-24T05:42:13Z
2026-05-24T05:41:40Z,2026-05-24T07:41:40+0200,04b1983b-7d82-4991-9c22-f60d67a0a20c,2026-05-14T02:00:00Z,2026-05-14T04:00:00+0200,0.0,MW,FR,FR,actual_solar_generation,Solar,2026-05-24T05:42:13Z
2026-05-24T05:41:40Z,2026-05-24T07:41:40+0200,04b1983b-7d82-4991-9c22-f60d67a0a20c,2026-05-14T02:15:00Z,2026-05-14T04:15:00+0200,0.0,MW,FR,FR,actual_solar_generation,Solar,2026-05-24T05:42:13Z
2026-05-24T05:41:40Z,2026-05-24T07:41:40+0200,04b1983b-7d82-4991-9c22-f60d67a0a20c,2026-05-14T02:30:00Z,2026-05-14T04:30:00+0200,0.0,MW,FR,FR,actual_solar_generation,Solar,2026-05-24T05:42:13Z
2026-05-24T05:41:40Z,2026-05-24T07:41:40+0200,04b1983b-7d82-4991-9c22-f60d67a0a20c,2026-05-14T02:45:00Z,2026-05-14T04:45:00+0200,0.0,MW,FR,FR,actual_solar_generation,Solar,2026-05-24T05:42:13Z
2026-05-24T05:41:40Z,2026-05-24T07:41:40+0200,04b1983b-7d82-4991-9c22-f60d67a0a20c,2026-05-14T03:00:00Z,2026-05-14T05:00:00+0200,0.0,MW,FR,FR,actual_solar_generation,Solar,2026-05-24T05:42:13Z
2026-05-24T05:41:40Z,2026-05-24T07:41:40+0200,04b1983b-7d82-4991-9c22-f60d67a0a20c,2026-05-14T03:15:00Z,2026-05-14T05:15:00+0200,0.0,MW,FR,FR,actual_solar_generation,Solar,2026-05-24T05:42:13Z
2026-05-24T05:41:40Z,2026-05-24T07:41:40+0200,04b1983b-7d82-4991-9c22-f60d67a0a20c,2026-05-14T03:30:00Z,2026-05-14T05:30:00+0200,0.0,MW,FR,FR,actual_solar_generation,Solar,2026-05-24T05:42:13Z
2026-05-24T05:41:40Z,2026-05-24T07:41:40+0200,04b1983b-7d82-4991-9c22-f60d67a0a20c,2026-05-14T03:45:00Z,2026-05-14T05:45:00+0200,0.0,MW,FR,FR,actual_solar_generation,Solar,2026-05-24T05:42:13Z
2026-05-24T05:41:40Z,2026-05-24T07:41:40+0200,04b1983b-7d82-4991-9c22-f60d67a0a20c,2026-05-14T04:00:00Z,2026-05-14T06:00:00+0200,221.51,MW,FR,FR,actual_solar_generation,Solar,2026-05-24T05:42:13Z
2026-05-24T05:41:40Z,2026-05-24T07:41:40+0200,04b1983b-7d82-4991-9c22-f60d67a0a20c,2026-05-14T04:15:00Z,2026-05-14T06:15:00+0200,231.55,MW,FR,FR,actual_solar_generation,Solar,2026-05-24T05:42:13Z
2026-05-24T05:41:40Z,2026-05-24T07:41:40+0200,04b1983b-7d82-4991-9c22-f60d67a0a20c,2026-05-14T04:30:00Z,2026-05-14T06:30:00+0200,357.14,MW,FR,FR,actual_solar_generation,Solar,2026-05-24T05:42:13Z
2026-05-24T05:41:40Z,2026-05-24T07:41:40+0200,04b1983b-7d82-4991-9c22-f60d67a0a20c,2026-05-14T04:45:00Z,2026-05-14T06:45:00+0200,527.83,MW,FR,FR,actual_solar_generation,Solar,2026-05-24T05:42:13Z
2026-05-24T05:41:40Z,2026-05-24T07:41:40+0200,04b1983b-7d82-4991-9c22-f60d67a0a20c,2026-05-14T05:00:00Z,2026-05-14T07:00:00+0200,754.46,MW,FR,FR,actual_solar_generation,Solar,2026-05-24T05:42:13Z
2026-05-24T05:41:40Z,2026-05-24T07:41:40+0200,04b1983b-7d82-4991-9c22-f60d67a0a20c,2026-05-14T05:15:00Z,2026-05-14T07:15:00+0200,1097.0,MW,FR,FR,actual_solar_generation,Solar,2026-05-24T05:42:13Z
2026-05-24T05:41:40Z,2026-05-24T07:41:40+0200,04b1983b-7d82-4991-9c22-f60d67a0a20c,2026-05-14T05:30:00Z,2026-05-14T07:30:00+0200,1523.39,MW,FR,FR,actual_solar_generation,Solar,2026-05-24T05:42:13Z
2026-05-24T05:41:40Z,2026-05-24T07:41:40+0200,04b1983b-7d82-4991-9c22-f60d67a0a20c,2026-05-14T05:45:00Z,2026-05-14T07:45:00+0200,2013.14,MW,FR,FR,actual_solar_generation,Solar,2026-05-24T05:42:13Z
2026-05-24T05:41:40Z,2026-05-24T07:41:40+0200,04b1983b-7d82-4991-9c22-f60d67a0a20c,2026-05-14T06:00:00Z,2026-05-14T08:00:00+0200,2463.93,MW,FR,FR,actual_solar_generation,Solar,2026-05-24T05:42:13Z
2026-05-24T05:41:40Z,2026-05-24T07:41:40+0200,04b1983b-7d82-4991-9c22-f60d67a0a20c,2026-05-14T06:15:00Z,2026-05-14T08:15:00+0200,3114.22,MW,FR,FR,actual_solar_generation,Solar,2026-05-24T05:42:13Z
2026-05-24T05:41:40Z,2026-05-24T07:41:40+0200,04b1983b-7d82-4991-9c22-f60d67a0a20c,2026-05-14T06:30:00Z,2026-05-14T08:30:00+0200,3792.27,MW,FR,FR,actual_solar_generation,Solar,2026-05-24T05:42:13Z
2026-05-24T05:41:40Z,2026-05-24T07:41:40+0200,04b1983b-7d82-4991-9c22-f60d67a0a20c,2026-05-14T06:45:00Z,2026-05-14T08:45:00+0200,4503.89,MW,FR,FR,actual_solar_generation,Solar,2026-05-24T05:42:13Z
2026-05-24T05:41:40Z,2026-05-24T07:41:40+0200,04b1983b-7d82-4991-9c22-f60d67a0a20c,2026-05-14T07:00:00Z,2026-05-14T09:00:00+0200,5149.92,MW,FR,FR,actual_solar_generation,Solar,2026-05-24T05:42:13Z
2026-05-24T05:41:40Z,2026-05-24T07:41:40+0200,04b1983b-7d82-4991-9c22-f60d67a0a20c,2026-05-14T07:15:00Z,2026-05-14T09:15:00+0200,5786.15,MW,FR,FR,actual_solar_generation,Solar,2026-05-24T05:42:13Z
2026-05-24T05:41:40Z,2026-05-24T07:41:40+0200,04b1983b-7d82-4991-9c22-f60d67a0a20c,2026-05-14T07:30:00Z,2026-05-14T09:30:00+0200,6520.97,MW,FR,FR,actual_solar_generation,Solar,2026-05-24T05:42:13Z
2026-05-24T05:41:40Z,2026-05-24T07:41:40+0200,04b1983b-7d82-4991-9c22-f60d67a0a20c,2026-05-14T07:45:00Z,2026-05-14T09:45:00+0200,7377.04,MW,FR,FR,actual_solar_generation,Solar,2026-05-24T05:42:13Z
2026-05-24T05:41:40Z,2026-05-24T07:41:40+0200,04b1983b-7d82-4991-9c22-f60d67a0a20c,2026-05-14T08:00:00Z,2026-05-14T10:00:00+0200,7979.77,MW,FR,FR,actual_solar_generation,Solar,2026-05-24T05:42:13Z
2026-05-24T05:41:40Z,2026-05-24T07:41:40+0200,04b1983b-7d82-4991-9c22-f60d67a0a20c,2026-05-14T08:15:00Z,2026-05-14T10:15:00+0200,8812.18,MW,FR,FR,actual_solar_generation,Solar,2026-05-24T05:42:13Z
2026-05-24T05:41:40Z,2026-05-24T07:41:40+0200,04b1983b-7d82-4991-9c22-f60d67a0a20c,2026-05-14T08:30:00Z,2026-05-14T10:30:00+0200,9483.1,MW,FR,FR,actual_solar_generation,Solar,2026-05-24T05:42:13Z
2026-05-24T05:41:40Z,2026-05-24T07:41:40+0200,04b1983b-7d82-4991-9c22-f60d67a0a20c,2026-05-14T08:45:00Z,2026-05-14T10:45:00+0200,9915.05,MW,FR,FR,actual_solar_generation,Solar,2026-05-24T05:42:13Z
2026-05-24T05:41:40Z,2026-05-24T07:41:40+0200,04b1983b-7d82-4991-9c22-f60d67a0a20c,2026-05-14T09:00:00Z,2026-05-14T11:00:00+0200,10558.5,MW,FR,FR,actual_solar_generation,Solar,2026-05-24T05:42:13Z
2026-05-24T05:41:40Z,2026-05-24T07:41:40+0200,04b1983b-7d82-4991-9c22-f60d67a0a20c,2026-05-14T09:15:00Z,2026-05-14T11:15:00+0200,11127.95,MW,FR,FR,actual_solar_generation,Solar,2026-05-24T05:42:13Z
2026-05-24T05:41:40Z,2026-05-24T07:41:40+0200,04b1983b-7d82-4991-9c22-f60d67a0a20c,2026-05-14T09:30:00Z,2026-05-14T11:30:00+0200,11701.89,MW,FR,FR,actual_solar_generation,Solar,2026-05-24T05:42:13Z
2026-05-24T05:41:40Z,2026-05-24T07:41:40+0200,04b1983b-7d82-4991-9c22-f60d67a0a20c,2026-05-14T09:45:00Z,2026-05-14T11:45:00+0200,12031.27,MW,FR,FR,actual_solar_generation,Solar,2026-05-24T05:42:13Z
2026-05-24T05:41:40Z,2026-05-24T07:41:40+0200,04b1983b-7d82-4991-9c22-f60d67a0a20c,2026-05-14T10:00:00Z,2026-05-14T12:00:00+0200,12047.51,MW,FR,FR,actual_solar_generation,Solar,2026-05-24T05:42:13Z
2026-05-24T05:41:40Z,2026-05-24T07:41:40+0200,04b1983b-7d82-4991-9c22-f60d67a0a20c,2026-05-14T10:15:00Z,2026-05-14T12:15:00+0200,12773.97,MW,FR,FR,actual_solar_generation,Solar,2026-05-24T05:42:13Z
2026-05-24T05:41:40Z,2026-05-24T07:41:40+0200,04b1983b-7d82-4991-9c22-f60d67a0a20c,2026-05-14T10:30:00Z,2026-05-14T12:30:00+0200,12798.73,MW,FR,FR,actual_solar_generation,Solar,2026-05-24T05:42:13Z
2026-05-24T05:41:40Z,2026-05-24T07:41:40+0200,04b1983b-7d82-4991-9c22-f60d67a0a20c,2026-05-14T10:45:00Z,2026-05-14T12:45:00+0200,12937.12,MW,FR,FR,actual_solar_generation,Solar,2026-05-24T05:42:13Z
2026-05-24T05:41:40Z,2026-05-24T07:41:40+0200,04b1983b-7d82-4991-9c22-f60d67a0a20c,2026-05-14T11:00:00Z,2026-05-14T13:00:00+0200,13262.98,MW,FR,FR,actual_solar_generation,Solar,2026-05-24T05:42:13Z
2026-05-24T05:41:40Z,2026-05-24T07:41:40+0200,04b1983b-7d82-4991-9c22-f60d67a0a20c,2026-05-14T11:15:00Z,2026-05-14T13:15:00+0200,13797.05,MW,FR,FR,actual_solar_generation,Solar,2026-05-24T05:42:13Z
2026-05-24T05:41:40Z,2026-05-24T07:41:40+0200,04b1983b-7d82-4991-9c22-f60d67a0a20c,2026-05-14T11:30:00Z,2026-05-14T13:30:00+0200,13391.21,MW,FR,FR,actual_solar_generation,Solar,2026-05-24T05:42:13Z
2026-05-24T05:41:40Z,2026-05-24T07:41:40+0200,04b1983b-7d82-4991-9c22-f60d67a0a20c,2026-05-14T11:45:00Z,2026-05-14T13:45:00+0200,13320.59,MW,FR,FR,actual_solar_generation,Solar,2026-05-24T05:42:13Z
2026-05-24T05:41:40Z,2026-05-24T07:41:40+0200,04b1983b-7d82-4991-9c22-f60d67a0a20c,2026-05-14T12:00:00Z,2026-05-14T14:00:00+0200,13940.97,MW,FR,FR,actual_solar_generation,Solar,2026-05-24T05:42:13Z
2026-05-24T05:41:40Z,2026-05-24T07:41:40+0200,04b1983b-7d82-4991-9c22-f60d67a0a20c,2026-05-14T12:15:00Z,2026-05-14T14:15:00+0200,13784.63,MW,FR,FR,actual_solar_generation,Solar,2026-05-24T05:42:13Z
2026-05-24T05:41:40Z,2026-05-24T07:41:40+0200,04b1983b-7d82-4991-9c22-f60d67a0a20c,2026-05-14T12:30:00Z,2026-05-14T14:30:00+0200,13178.83,MW,FR,FR,actual_solar_generation,Solar,2026-05-24T05:42:13Z
2026-05-24T05:41:40Z,2026-05-24T07:41:40+0200,04b1983b-7d82-4991-9c22-f60d67a0a20c,2026-05-14T12:45:00Z,2026-05-14T14:45:00+0200,13098.47,MW,FR,FR,actual_solar_generation,Solar,2026-05-24T05:42:13Z
2026-05-24T05:41:40Z,2026-05-24T07:41:40+0200,04b1983b-7d82-4991-9c22-f60d67a0a20c,2026-05-14T13:00:00Z,2026-05-14T15:00:00+0200,12720.29,MW,FR,FR,actual_solar_generation,Solar,2026-05-24T05:42:13Z
2026-05-24T05:41:40Z,2026-05-24T07:41:40+0200,04b1983b-7d82-4991-9c22-f60d67a0a20c,2026-05-14T13:15:00Z,2026-05-14T15:15:00+0200,12656.44,MW,FR,FR,actual_solar_generation,Solar,2026-05-24T05:42:13Z
2026-05-24T05:41:40Z,2026-05-24T07:41:40+0200,04b1983b-7d82-4991-9c22-f60d67a0a20c,2026-05-14T13:30:00Z,2026-05-14T15:30:00+0200,12241.3,MW,FR,FR,actual_solar_generation,Solar,2026-05-24T05:42:13Z
2026-05-24T05:41:40Z,2026-05-24T07:41:40+0200,04b1983b-7d82-4991-9c22-f60d67a0a20c,2026-05-14T13:45:00Z,2026-05-14T15:45:00+0200,11059.95,MW,FR,FR,actual_solar_generation,Solar,2026-05-24T05:42:13Z
2026-05-24T05:41:40Z,2026-05-24T07:41:40+0200,04b1983b-7d82-4991-9c22-f60d67a0a20c,2026-05-14T14:00:00Z,2026-05-14T16:00:00+0200,8869.56,MW,FR,FR,actual_solar_generation,Solar,2026-05-24T05:42:13Z
2026-05-24T05:41:40Z,2026-05-24T07:41:40+0200,04b1983b-7d82-4991-9c22-f60d67a0a20c,2026-05-14T14:15:00Z,2026-05-14T16:15:00+0200,8526.69,MW,FR,FR,actual_solar_generation,Solar,2026-05-24T05:42:13Z
2026-05-24T05:41:40Z,2026-05-24T07:41:40+0200,04b1983b-7d82-4991-9c22-f60d67a0a20c,2026-05-14T14:30:00Z,2026-05-14T16:30:00+0200,7913.83,MW,FR,FR,actual_solar_generation,Solar,2026-05-24T05:42:13Z
2026-05-24T05:41:40Z,2026-05-24T07:41:40+0200,04b1983b-7d82-4991-9c22-f60d67a0a20c,2026-05-14T14:45:00Z,2026-05-14T16:45:00+0200,7852.97,MW,FR,FR,actual_solar_generation,Solar,2026-05-24T05:42:13Z
2026-05-24T05:41:40Z,2026-05-24T07:41:40+0200,04b1983b-7d82-4991-9c22-f60d67a0a20c,2026-05-14T15:00:00Z,2026-05-14T17:00:00+0200,7082.4,MW,FR,FR,actual_solar_generation,Solar,2026-05-24T05:42:13Z
2026-05-24T05:41:40Z,2026-05-24T07:41:40+0200,04b1983b-7d82-4991-9c22-f60d67a0a20c,2026-05-14T15:15:00Z,2026-05-14T17:15:00+0200,7491.62,MW,FR,FR,actual_solar_generation,Solar,2026-05-24T05:42:13Z
2026-05-24T05:41:40Z,2026-05-24T07:41:40+0200,04b1983b-7d82-4991-9c22-f60d67a0a20c,2026-05-14T15:30:00Z,2026-05-14T17:30:00+0200,7662.0,MW,FR,FR,actual_solar_generation,Solar,2026-05-24T05:42:13Z
2026-05-24T05:41:40Z,2026-05-24T07:41:40+0200,04b1983b-7d82-4991-9c22-f60d67a0a20c,2026-05-14T15:45:00Z,2026-05-14T17:45:00+0200,6902.18,MW,FR,FR,actual_solar_generation,Solar,2026-05-24T05:42:13Z
2026-05-24T05:41:40Z,2026-05-24T07:41:40+0200,04b1983b-7d82-4991-9c22-f60d67a0a20c,2026-05-14T16:00:00Z,2026-05-14T18:00:00+0200,5975.17,MW,FR,FR,actual_solar_generation,Solar,2026-05-24T05:42:13Z
2026-05-24T05:41:40Z,2026-05-24T07:41:40+0200,04b1983b-7d82-4991-9c22-f60d67a0a20c,2026-05-14T16:15:00Z,2026-05-14T18:15:00+0200,5271.4,MW,FR,FR,actual_solar_generation,Solar,2026-05-24T05:42:13Z
2026-05-24T05:41:40Z,2026-05-24T07:41:40+0200,04b1983b-7d82-4991-9c22-f60d67a0a20c,2026-05-14T16:30:00Z,2026-05-14T18:30:00+0200,4501.38,MW,FR,FR,actual_solar_generation,Solar,2026-05-24T05:42:13Z
2026-05-24T05:41:40Z,2026-05-24T07:41:40+0200,04b1983b-7d82-4991-9c22-f60d67a0a20c,2026-05-14T16:45:00Z,2026-05-14T18:45:00+0200,3868.51,MW,FR,FR,actual_solar_generation,Solar,2026-05-24T05:42:13Z
2026-05-24T05:41:40Z,2026-05-24T07:41:40+0200,04b1983b-7d82-4991-9c22-f60d67a0a20c,2026-05-14T17:00:00Z,2026-05-14T19:00:00+0200,3237.12,MW,FR,FR,actual_solar_generation,Solar,2026-05-24T05:42:13Z
2026-05-24T05:41:40Z,2026-05-24T07:41:40+0200,04b1983b-7d82-4991-9c22-f60d67a0a20c,2026-05-14T17:15:00Z,2026-05-14T19:15:00+0200,2672.62,MW,FR,FR,actual_solar_generation,Solar,2026-05-24T05:42:13Z
2026-05-24T05:41:40Z,2026-05-24T07:41:40+0200,04b1983b-7d82-4991-9c22-f60d67a0a20c,2026-05-14T17:30:00Z,2026-05-14T19:30:00+0200,2186.39,MW,FR,FR,actual_solar_generation,Solar,2026-05-24T05:42:13Z
2026-05-24T05:41:40Z,2026-05-24T07:41:40+0200,04b1983b-7d82-4991-9c22-f60d67a0a20c,2026-05-14T17:45:00Z,2026-05-14T19:45:00+0200,1792.68,MW,FR,FR,actual_solar_generation,Solar,2026-05-24T05:42:13Z
2026-05-24T05:41:40Z,2026-05-24T07:41:40+0200,04b1983b-7d82-4991-9c22-f60d67a0a20c,2026-05-14T18:00:00Z,2026-05-14T20:00:00+0200,1377.3,MW,FR,FR,actual_solar_generation,Solar,2026-05-24T05:42:13Z
2026-05-24T05:41:40Z,2026-05-24T07:41:40+0200,04b1983b-7d82-4991-9c22-f60d67a0a20c,2026-05-14T18:15:00Z,2026-05-14T20:15:00+0200,1021.64,MW,FR,FR,actual_solar_generation,Solar,2026-05-24T05:42:13Z
2026-05-24T05:41:40Z,2026-05-24T07:41:40+0200,04b1983b-7d82-4991-9c22-f60d67a0a20c,2026-05-14T18:30:00Z,2026-05-14T20:30:00+0200,721.68,MW,FR,FR,actual_solar_generation,Solar,2026-05-24T05:42:13Z
2026-05-24T05:41:40Z,2026-05-24T07:41:40+0200,04b1983b-7d82-4991-9c22-f60d67a0a20c,2026-05-14T18:45:00Z,2026-05-14T20:45:00+0200,542.95,MW,FR,FR,actual_solar_generation,Solar,2026-05-24T05:42:13Z
2026-05-24T05:41:40Z,2026-05-24T07:41:40+0200,04b1983b-7d82-4991-9c22-f60d67a0a20c,2026-05-14T19:00:00Z,2026-05-14T21:00:00+0200,406.63,MW,FR,FR,actual_solar_generation,Solar,2026-05-24T05:42:13Z
2026-05-24T05:41:40Z,2026-05-24T07:41:40+0200,04b1983b-7d82-4991-9c22-f60d67a0a20c,2026-05-14T19:15:00Z,2026-05-14T21:15:00+0200,295.27,MW,FR,FR,actual_solar_generation,Solar,2026-05-24T05:42:13Z
2026-05-24T05:41:40Z,2026-05-24T07:41:40+0200,04b1983b-7d82-4991-9c22-f60d67a0a20c,2026-05-14T19:30:00Z,2026-05-14T21:30:00+0200,227.67,MW,FR,FR,actual_solar_generation,Solar,2026-05-24T05:42:13Z
2026-05-24T05:41:40Z,2026-05-24T07:41:40+0200,04b1983b-7d82-4991-9c22-f60d67a0a20c,2026-05-14T19:45:00Z,2026-05-14T21:45:00+0200,226.13,MW,FR,FR,actual_solar_generation,Solar,2026-05-24T05:42:13Z
2026-05-24T05:41:40Z,2026-05-24T07:41:40+0200,04b1983b-7d82-4991-9c22-f60d67a0a20c,2026-05-14T20:00:00Z,2026-05-14T22:00:00+0200,216.59,MW,FR,FR,actual_solar_generation,Solar,2026-05-24T05:42:13Z
2026-05-24T05:41:40Z,2026-05-24T07:41:40+0200,04b1983b-7d82-4991-9c22-f60d67a0a20c,2026-05-14T20:15:00Z,2026-05-14T22:15:00+0200,224.46,MW,FR,FR,actual_solar_generation,Solar,2026-05-24T05:42:13Z
2026-05-24T05:41:40Z,2026-05-24T07:41:40+0200,04b1983b-7d82-4991-9c22-f60d67a0a20c,2026-05-14T20:30:00Z,2026-05-14T22:30:00+0200,219.6,MW,FR,FR,actual_solar_generation,Solar,2026-05-24T05:42:13Z
2026-05-24T05:41:40Z,2026-05-24T07:41:40+0200,04b1983b-7d82-4991-9c22-f60d67a0a20c,2026-05-14T20:45:00Z,2026-05-14T22:45:00+0200,222.76,MW,FR,FR,actual_solar_generation,Solar,2026-05-24T05:42:13Z
2026-05-24T05:41:40Z,2026-05-24T07:41:40+0200,04b1983b-7d82-4991-9c22-f60d67a0a20c,2026-05-14T21:00:00Z,2026-05-14T23:00:00+0200,0.0,MW,FR,FR,actual_solar_generation,Solar,2026-05-24T05:42:13Z
2026-05-24T05:41:40Z,2026-05-24T07:41:40+0200,04b1983b-7d82-4991-9c22-f60d67a0a20c,2026-05-14T21:15:00Z,2026-05-14T23:15:00+0200,0.0,MW,FR,FR,actual_solar_generation,Solar,2026-05-24T05:42:13Z
2026-05-24T05:41:40Z,2026-05-24T07:41:40+0200,04b1983b-7d82-4991-9c22-f60d67a0a20c,2026-05-14T21:30:00Z,2026-05-14T23:30:00+0200,0.0,MW,FR,FR,actual_solar_generation,Solar,2026-05-24T05:42:13Z
2026-05-24T05:41:40Z,2026-05-24T07:41:40+0200,04b1983b-7d82-4991-9c22-f60d67a0a20c,2026-05-14T21:45:00Z,2026-05-14T23:45:00+0200,0.0,MW,FR,FR,actual_solar_generation,Solar,2026-05-24T05:42:13Z
2026-05-24T05:41:40Z,2026-05-24T07:41:40+0200,04b1983b-7d82-4991-9c22-f60d67a0a20c,2026-05-14T22:00:00Z,2026-05-15T00:00:00+0200,0.0,MW,FR,FR,actual_solar_generation,Solar,2026-05-24T05:42:13Z
2026-05-24T05:41:40Z,2026-05-24T07:41:40+0200,04b1983b-7d82-4991-9c22-f60d67a0a20c,2026-05-14T22:15:00Z,2026-05-15T00:15:00+0200,0.0,MW,FR,FR,actual_solar_generation,Solar,2026-05-24T05:42:13Z
2026-05-24T05:41:40Z,2026-05-24T07:41:40+0200,04b1983b-7d82-4991-9c22-f60d67a0a20c,2026-05-14T22:30:00Z,2026-05-15T00:30:00+0200,0.0,MW,FR,FR,actual_solar_generation,Solar,2026-05-24T05:42:13Z
2026-05-24T05:41:40Z,2026-05-24T07:41:40+0200,04b1983b-7d82-4991-9c22-f60d67a0a20c,2026-05-14T22:45:00Z,2026-05-15T00:45:00+0200,0.0,MW,FR,FR,actual_solar_generation,Solar,2026-05-24T05:42:13Z
2026-05-24T05:41:40Z,2026-05-24T07:41:40+0200,04b1983b-7d82-4991-9c22-f60d67a0a20c,2026-05-14T23:00:00Z,2026-05-15T01:00:00+0200,0.0,MW,FR,FR,actual_solar_generation,Solar,2026-05-24T05:42:13Z
2026-05-24T05:41:40Z,2026-05-24T07:41:40+0200,04b1983b-7d82-4991-9c22-f60d67a0a20c,2026-05-14T23:15:00Z,2026-05-15T01:15:00+0200,0.0,MW,FR,FR,actual_solar_generation,Solar,2026-05-24T05:42:13Z
2026-05-24T05:41:40Z,2026-05-24T07:41:40+0200,04b1983b-7d82-4991-9c22-f60d67a0a20c,2026-05-14T23:30:00Z,2026-05-15T01:30:00+0200,0.0,MW,FR,FR,actual_solar_generation,Solar,2026-05-24T05:42:13Z
2026-05-24T05:41:40Z,2026-05-24T07:41:40+0200,04b1983b-7d82-4991-9c22-f60d67a0a20c,2026-05-14T23:45:00Z,2026-05-15T01:45:00+0200,0.0,MW,FR,FR,actual_solar_generation,Solar,2026-05-24T05:42:13Z
2026-05-24T05:41:40Z,2026-05-24T07:41:40+0200,04b1983b-7d82-4991-9c22-f60d67a0a20c,2026-05-15T00:00:00Z,2026-05-15T02:00:00+0200,0.0,MW,FR,FR,actual_solar_generation,Solar,2026-05-24T05:42:13Z
2026-05-24T05:41:40Z,2026-05-24T07:41:40+0200,04b1983b-7d82-4991-9c22-f60d67a0a20c,2026-05-15T00:15:00Z,2026-05-15T02:15:00+0200,0.0,MW,FR,FR,actual_solar_generation,Solar,2026-05-24T05:42:13Z
2026-05-24T05:41:40Z,2026-05-24T07:41:40+0200,04b1983b-7d82-4991-9c22-f60d67a0a20c,2026-05-15T00:30:00Z,2026-05-15T02:30:00+0200,0.0,MW,FR,FR,actual_solar_generation,Solar,2026-05-24T05:42:13Z
2026-05-24T05:41:40Z,2026-05-24T07:41:40+0200,04b1983b-7d82-4991-9c22-f60d67a0a20c,2026-05-15T00:45:00Z,2026-05-15T02:45:00+0200,0.0,MW,FR,FR,actual_solar_generation,Solar,2026-05-24T05:42:13Z
2026-05-24T05:41:40Z,2026-05-24T07:41:40+0200,04b1983b-7d82-4991-9c22-f60d67a0a20c,2026-05-15T01:00:00Z,2026-05-15T03:00:00+0200,0.0,MW,FR,FR,actual_solar_generation,Solar,2026-05-24T05:42:13Z
2026-05-24T05:41:40Z,2026-05-24T07:41:40+0200,04b1983b-7d82-4991-9c22-f60d67a0a20c,2026-05-15T01:15:00Z,2026-05-15T03:15:00+0200,0.0,MW,FR,FR,actual_solar_generation,Solar,2026-05-24T05:42:13Z
2026-05-24T05:41:40Z,2026-05-24T07:41:40+0200,04b1983b-7d82-4991-9c22-f60d67a0a20c,2026-05-15T01:30:00Z,2026-05-15T03:30:00+0200,0.0,MW,FR,FR,actual_solar_generation,Solar,2026-05-24T05:42:13Z
2026-05-24T05:41:40Z,2026-05-24T07:41:40+0200,04b1983b-7d82-4991-9c22-f60d67a0a20c,2026-05-15T01:45:00Z,2026-05-15T03:45:00+0200,0.0,MW,FR,FR,actual_solar_generation,Solar,2026-05-24T05:42:13Z
2026-05-24T05:41:40Z,2026-05-24T07:41:40+0200,04b1983b-7d82-4991-9c22-f60d67a0a20c,2026-05-15T02:00:00Z,2026-05-15T04:00:00+0200,0.0,MW,FR,FR,actual_solar_generation,Solar,2026-05-24T05:42:13Z
2026-05-24T05:41:40Z,2026-05-24T07:41:40+0200,04b1983b-7d82-4991-9c22-f60d67a0a20c,2026-05-15T02:15:00Z,2026-05-15T04:15:00+0200,0.0,MW,FR,FR,actual_solar_generation,Solar,2026-05-24T05:42:13Z
2026-05-24T05:41:40Z,2026-05-24T07:41:40+0200,04b1983b-7d82-4991-9c22-f60d67a0a20c,2026-05-15T02:30:00Z,2026-05-15T04:30:00+0200,0.0,MW,FR,FR,actual_solar_generation,Solar,2026-05-24T05:42:13Z
2026-05-24T05:41:40Z,2026-05-24T07:41:40+0200,04b1983b-7d82-4991-9c22-f60d67a0a20c,2026-05-15T02:45:00Z,2026-05-15T04:45:00+0200,0.0,MW,FR,FR,actual_solar_generation,Solar,2026-05-24T05:42:13Z
2026-05-24T05:41:40Z,2026-05-24T07:41:40+0200,04b1983b-7d82-4991-9c22-f60d67a0a20c,2026-05-15T03:00:00Z,2026-05-15T05:00:00+0200,0.0,MW,FR,FR,actual_solar_generation,Solar,2026-05-24T05:42:13Z
2026-05-24T05:41:40Z,2026-05-24T07:41:40+0200,04b1983b-7d82-4991-9c22-f60d67a0a20c,2026-05-15T03:15:00Z,2026-05-15T05:15:00+0200,0.0,MW,FR,FR,actual_solar_generation,Solar,2026-05-24T05:42:13Z
2026-05-24T05:41:40Z,2026-05-24T07:41:40+0200,04b1983b-7d82-4991-9c22-f60d67a0a20c,2026-05-15T03:30:00Z,2026-05-15T05:30:00+0200,0.0,MW,FR,FR,actual_solar_generation,Solar,2026-05-24T05:42:13Z
2026-05-24T05:41:40Z,2026-05-24T07:41:40+0200,04b1983b-7d82-4991-9c22-f60d67a0a20c,2026-05-15T03:45:00Z,2026-05-15T05:45:00+0200,0.0,MW,FR,FR,actual_solar_generation,Solar,2026-05-24T05:42:13Z
2026-05-24T05:41:40Z,2026-05-24T07:41:40+0200,04b1983b-7d82-4991-9c22-f60d67a0a20c,2026-05-15T04:00:00Z,2026-05-15T06:00:00+0200,208.14,MW,FR,FR,actual_solar_generation,Solar,2026-05-24T05:42:13Z
2026-05-24T05:41:40Z,2026-05-24T07:41:40+0200,04b1983b-7d82-4991-9c22-f60d67a0a20c,2026-05-15T04:15:00Z,2026-05-15T06:15:00+0200,258.99,MW,FR,FR,actual_solar_generation,Solar,2026-05-24T05:42:13Z
2026-05-24T05:41:40Z,2026-05-24T07:41:40+0200,04b1983b-7d82-4991-9c22-f60d67a0a20c,2026-05-15T04:30:00Z,2026-05-15T06:30:00+0200,377.5,MW,FR,FR,actual_solar_generation,Solar,2026-05-24T05:42:13Z
2026-05-24T05:41:40Z,2026-05-24T07:41:40+0200,04b1983b-7d82-4991-9c22-f60d67a0a20c,2026-05-15T04:45:00Z,2026-05-15T06:45:00+0200,589.14,MW,FR,FR,actual_solar_generation,Solar,2026-05-24T05:42:13Z
2026-05-24T05:41:40Z,2026-05-24T07:41:40+0200,04b1983b-7d82-4991-9c22-f60d67a0a20c,2026-05-15T05:00:00Z,2026-05-15T07:00:00+0200,867.04,MW,FR,FR,actual_solar_generation,Solar,2026-05-24T05:42:13Z
2026-05-24T05:41:40Z,2026-05-24T07:41:40+0200,04b1983b-7d82-4991-9c22-f60d67a0a20c,2026-05-15T05:15:00Z,2026-05-15T07:15:00+0200,1217.25,MW,FR,FR,actual_solar_generation,Solar,2026-05-24T05:42:13Z
2026-05-24T05:41:40Z,2026-05-24T07:41:40+0200,04b1983b-7d82-4991-9c22-f60d67a0a20c,2026-05-15T05:30:00Z,2026-05-15T07:30:00+0200,1687.86,MW,FR,FR,actual_solar_generation,Solar,2026-05-24T05:42:13Z
2026-05-24T05:41:40Z,2026-05-24T07:41:40+0200,04b1983b-7d82-4991-9c22-f60d67a0a20c,2026-05-15T05:45:00Z,2026-05-15T07:45:00+0200,2294.96,MW,FR,FR,actual_solar_generation,Solar,2026-05-24T05:42:13Z
2026-05-24T05:41:40Z,2026-05-24T07:41:40+0200,04b1983b-7d82-4991-9c22-f60d67a0a20c,2026-05-15T06:00:00Z,2026-05-15T08:00:00+0200,2900.22,MW,FR,FR,actual_solar_generation,Solar,2026-05-24T05:42:13Z
2026-05-24T05:41:40Z,2026-05-24T07:41:40+0200,04b1983b-7d82-4991-9c22-f60d67a0a20c,2026-05-15T06:15:00Z,2026-05-15T08:15:00+0200,3766.15,MW,FR,FR,actual_solar_generation,Solar,2026-05-24T05:42:13Z
2026-05-24T05:41:40Z,2026-05-24T07:41:40+0200,04b1983b-7d82-4991-9c22-f60d67a0a20c,2026-05-15T06:30:00Z,2026-05-15T08:30:00+0200,4619.11,MW,FR,FR,actual_solar_generation,Solar,2026-05-24T05:42:13Z
2026-05-24T05:41:40Z,2026-05-24T07:41:40+0200,04b1983b-7d82-4991-9c22-f60d67a0a20c,2026-05-15T06:45:00Z,2026-05-15T08:45:00+0200,5617.49,MW,FR,FR,actual_solar_generation,Solar,2026-05-24T05:42:13Z
2026-05-24T05:41:40Z,2026-05-24T07:41:40+0200,04b1983b-7d82-4991-9c22-f60d67a0a20c,2026-05-15T07:00:00Z,2026-05-15T09:00:00+0200,6534.76,MW,FR,FR,actual_solar_generation,Solar,2026-05-24T05:42:13Z
2026-05-24T05:41:40Z,2026-05-24T07:41:40+0200,04b1983b-7d82-4991-9c22-f60d67a0a20c,2026-05-15T07:15:00Z,2026-05-15T09:15:00+0200,7443.07,MW,FR,FR,actual_solar_generation,Solar,2026-05-24T05:42:13Z
2026-05-24T05:41:40Z,2026-05-24T07:41:40+0200,04b1983b-7d82-4991-9c22-f60d67a0a20c,2026-05-15T07:30:00Z,2026-05-15T09:30:00+0200,8494.48,MW,FR,FR,actual_solar_generation,Solar,2026-05-24T05:42:13Z
2026-05-24T05:41:40Z,2026-05-24T07:41:40+0200,04b1983b-7d82-4991-9c22-f60d67a0a20c,2026-05-15T07:45:00Z,2026-05-15T09:45:00+0200,9316.21,MW,FR,FR,actual_solar_generation,Solar,2026-05-24T05:42:13Z
2026-05-24T05:41:40Z,2026-05-24T07:41:40+0200,04b1983b-7d82-4991-9c22-f60d67a0a20c,2026-05-15T08:00:00Z,2026-05-15T10:00:00+0200,10151.82,MW,FR,FR,actual_solar_generation,Solar,2026-05-24T05:42:13Z
2026-05-24T05:41:40Z,2026-05-24T07:41:40+0200,04b1983b-7d82-4991-9c22-f60d67a0a20c,2026-05-15T08:15:00Z,2026-05-15T10:15:00+0200,11036.81,MW,FR,FR,actual_solar_generation,Solar,2026-05-24T05:42:13Z
2026-05-24T05:41:40Z,2026-05-24T07:41:40+0200,04b1983b-7d82-4991-9c22-f60d67a0a20c,2026-05-15T08:30:00Z,2026-05-15T10:30:00+0200,11673.63,MW,FR,FR,actual_solar_generation,Solar,2026-05-24T05:42:13Z
2026-05-24T05:41:40Z,2026-05-24T07:41:40+0200,04b1983b-7d82-4991-9c22-f60d67a0a20c,2026-05-15T08:45:00Z,2026-05-15T10:45:00+0200,12223.51,MW,FR,FR,actual_solar_generation,Solar,2026-05-24T05:42:13Z
2026-05-24T05:41:40Z,2026-05-24T07:41:40+0200,04b1983b-7d82-4991-9c22-f60d67a0a20c,2026-05-15T09:00:00Z,2026-05-15T11:00:00+0200,12620.08,MW,FR,FR,actual_solar_generation,Solar,2026-05-24T05:42:13Z
2026-05-24T05:41:40Z,2026-05-24T07:41:40+0200,04b1983b-7d82-4991-9c22-f60d67a0a20c,2026-05-15T09:15:00Z,2026-05-15T11:15:00+0200,13123.44,MW,FR,FR,actual_solar_generation,Solar,2026-05-24T05:42:13Z
2026-05-24T05:41:40Z,2026-05-24T07:41:40+0200,04b1983b-7d82-4991-9c22-f60d67a0a20c,2026-05-15T09:30:00Z,2026-05-15T11:30:00+0200,13354.72,MW,FR,FR,actual_solar_generation,Solar,2026-05-24T05:42:13Z
2026-05-24T05:41:40Z,2026-05-24T07:41:40+0200,04b1983b-7d82-4991-9c22-f60d67a0a20c,2026-05-15T09:45:00Z,2026-05-15T11:45:00+0200,13853.53,MW,FR,FR,actual_solar_generation,Solar,2026-05-24T05:42:13Z
2026-05-24T05:41:40Z,2026-05-24T07:41:40+0200,04b1983b-7d82-4991-9c22-f60d67a0a20c,2026-05-15T10:00:00Z,2026-05-15T12:00:00+0200,14061.14,MW,FR,FR,actual_solar_generation,Solar,2026-05-24T05:42:13Z
2026-05-24T05:41:40Z,2026-05-24T07:41:40+0200,04b1983b-7d82-4991-9c22-f60d67a0a20c,2026-05-15T10:15:00Z,2026-05-15T12:15:00+0200,14200.58,MW,FR,FR,actual_solar_generation,Solar,2026-05-24T05:42:13Z
2026-05-24T05:41:40Z,2026-05-24T07:41:40+0200,04b1983b-7d82-4991-9c22-f60d67a0a20c,2026-05-15T10:30:00Z,2026-05-15T12:30:00+0200,14453.7,MW,FR,FR,actual_solar_generation,Solar,2026-05-24T05:42:13Z
2026-05-24T05:41:40Z,2026-05-24T07:41:40+0200,04b1983b-7d82-4991-9c22-f60d67a0a20c,2026-05-15T10:45:00Z,2026-05-15T12:45:00+0200,14274.37,MW,FR,FR,actual_solar_generation,Solar,2026-05-24T05:42:13Z
2026-05-24T05:41:40Z,2026-05-24T07:41:40+0200,04b1983b-7d82-4991-9c22-f60d67a0a20c,2026-05-15T11:00:00Z,2026-05-15T13:00:00+0200,14461.59,MW,FR,FR,actual_solar_generation,Solar,2026-05-24T05:42:13Z
2026-05-24T05:41:40Z,2026-05-24T07:41:40+0200,04b1983b-7d82-4991-9c22-f60d67a0a20c,2026-05-15T11:15:00Z,2026-05-15T13:15:00+0200,14821.74,MW,FR,FR,actual_solar_generation,Solar,2026-05-24T05:42:13Z
2026-05-24T05:41:40Z,2026-05-24T07:41:40+0200,04b1983b-7d82-4991-9c22-f60d67a0a20c,2026-05-15T11:30:00Z,2026-05-15T13:30:00+0200,15158.98,MW,FR,FR,actual_solar_generation,Solar,2026-05-24T05:42:13Z
2026-05-24T05:41:40Z,2026-05-24T07:41:40+0200,04b1983b-7d82-4991-9c22-f60d67a0a20c,2026-05-15T11:45:00Z,2026-05-15T13:45:00+0200,15287.58,MW,FR,FR,actual_solar_generation,Solar,2026-05-24T05:42:13Z
2026-05-24T05:41:40Z,2026-05-24T07:41:40+0200,04b1983b-7d82-4991-9c22-f60d67a0a20c,2026-05-15T12:00:00Z,2026-05-15T14:00:00+0200,15359.81,MW,FR,FR,actual_solar_generation,Solar,2026-05-24T05:42:13Z
2026-05-24T05:41:40Z,2026-05-24T07:41:40+0200,04b1983b-7d82-4991-9c22-f60d67a0a20c,2026-05-15T12:15:00Z,2026-05-15T14:15:00+0200,15147.31,MW,FR,FR,actual_solar_generation,Solar,2026-05-24T05:42:13Z
2026-05-24T05:41:40Z,2026-05-24T07:41:40+0200,04b1983b-7d82-4991-9c22-f60d67a0a20c,2026-05-15T12:30:00Z,2026-05-15T14:30:00+0200,15104.53,MW,FR,FR,actual_solar_generation,Solar,2026-05-24T05:42:13Z
2026-05-24T05:41:40Z,2026-05-24T07:41:40+0200,04b1983b-7d82-4991-9c22-f60d67a0a20c,2026-05-15T12:45:00Z,2026-05-15T14:45:00+0200,15211.02,MW,FR,FR,actual_solar_generation,Solar,2026-05-24T05:42:13Z
2026-05-24T05:41:40Z,2026-05-24T07:41:40+0200,04b1983b-7d82-4991-9c22-f60d67a0a20c,2026-05-15T13:00:00Z,2026-05-15T15:00:00+0200,14938.44,MW,FR,FR,actual_solar_generation,Solar,2026-05-24T05:42:13Z
2026-05-24T05:41:40Z,2026-05-24T07:41:40+0200,04b1983b-7d82-4991-9c22-f60d67a0a20c,2026-05-15T13:15:00Z,2026-05-15T15:15:00+0200,14719.55,MW,FR,FR,actual_solar_generation,Solar,2026-05-24T05:42:13Z
2026-05-24T05:41:40Z,2026-05-24T07:41:40+0200,04b1983b-7d82-4991-9c22-f60d67a0a20c,2026-05-15T13:30:00Z,2026-05-15T15:30:00+0200,14282.23,MW,FR,FR,actual_solar_generation,Solar,2026-05-24T05:42:13Z
2026-05-24T05:41:40Z,2026-05-24T07:41:40+0200,04b1983b-7d82-4991-9c22-f60d67a0a20c,2026-05-15T13:45:00Z,2026-05-15T15:45:00+0200,12990.73,MW,FR,FR,actual_solar_generation,Solar,2026-05-24T05:42:13Z
2026-05-24T05:41:40Z,2026-05-24T07:41:40+0200,04b1983b-7d82-4991-9c22-f60d67a0a20c,2026-05-15T14:00:00Z,2026-05-15T16:00:00+0200,10938.11,MW,FR,FR,actual_solar_generation,Solar,2026-05-24T05:42:13Z
2026-05-24T05:41:40Z,2026-05-24T07:41:40+0200,04b1983b-7d82-4991-9c22-f60d67a0a20c,2026-05-15T14:15:00Z,2026-05-15T16:15:00+0200,11944.54,MW,FR,FR,actual_solar_generation,Solar,2026-05-24T05:42:13Z
2026-05-24T05:41:40Z,2026-05-24T07:41:40+0200,04b1983b-7d82-4991-9c22-f60d67a0a20c,2026-05-15T14:30:00Z,2026-05-15T16:30:00+0200,12685.54,MW,FR,FR,actual_solar_generation,Solar,2026-05-24T05:42:13Z
2026-05-24T05:41:40Z,2026-05-24T07:41:40+0200,04b1983b-7d82-4991-9c22-f60d67a0a20c,2026-05-15T14:45:00Z,2026-05-15T16:45:00+0200,11726.22,MW,FR,FR,actual_solar_generation,Solar,2026-05-24T05:42:13Z
2026-05-24T05:41:40Z,2026-05-24T07:41:40+0200,04b1983b-7d82-4991-9c22-f60d67a0a20c,2026-05-15T15:00:00Z,2026-05-15T17:00:00+0200,11224.71,MW,FR,FR,actual_solar_generation,Solar,2026-05-24T05:42:13Z
2026-05-24T05:41:40Z,2026-05-24T07:41:40+0200,04b1983b-7d82-4991-9c22-f60d67a0a20c,2026-05-15T15:15:00Z,2026-05-15T17:15:00+0200,10786.83,MW,FR,FR,actual_solar_generation,Solar,2026-05-24T05:42:13Z
2026-05-24T05:41:40Z,2026-05-24T07:41:40+0200,04b1983b-7d82-4991-9c22-f60d67a0a20c,2026-05-15T15:30:00Z,2026-05-15T17:30:00+0200,10211.48,MW,FR,FR,actual_solar_generation,Solar,2026-05-24T05:42:13Z
2026-05-24T05:41:40Z,2026-05-24T07:41:40+0200,04b1983b-7d82-4991-9c22-f60d67a0a20c,2026-05-15T15:45:00Z,2026-05-15T17:45:00+0200,9572.99,MW,FR,FR,actual_solar_generation,Solar,2026-05-24T05:42:13Z
2026-05-24T05:41:40Z,2026-05-24T07:41:40+0200,04b1983b-7d82-4991-9c22-f60d67a0a20c,2026-05-15T16:00:00Z,2026-05-15T18:00:00+0200,8981.43,MW,FR,FR,actual_solar_generation,Solar,2026-05-24T05:42:13Z
2026-05-24T05:41:40Z,2026-05-24T07:41:40+0200,04b1983b-7d82-4991-9c22-f60d67a0a20c,2026-05-15T16:15:00Z,2026-05-15T18:15:00+0200,8199.78,MW,FR,FR,actual_solar_generation,Solar,2026-05-24T05:42:13Z
2026-05-24T05:41:40Z,2026-05-24T07:41:40+0200,04b1983b-7d82-4991-9c22-f60d67a0a20c,2026-05-15T16:30:00Z,2026-05-15T18:30:00+0200,7575.63,MW,FR,FR,actual_solar_generation,Solar,2026-05-24T05:42:13Z
2026-05-24T05:41:40Z,2026-05-24T07:41:40+0200,04b1983b-7d82-4991-9c22-f60d67a0a20c,2026-05-15T16:45:00Z,2026-05-15T18:45:00+0200,6446.41,MW,FR,FR,actual_solar_generation,Solar,2026-05-24T05:42:13Z
2026-05-24T05:41:40Z,2026-05-24T07:41:40+0200,04b1983b-7d82-4991-9c22-f60d67a0a20c,2026-05-15T17:00:00Z,2026-05-15T19:00:00+0200,5409.32,MW,FR,FR,actual_solar_generation,Solar,2026-05-24T05:42:13Z
2026-05-24T05:41:40Z,2026-05-24T07:41:40+0200,04b1983b-7d82-4991-9c22-f60d67a0a20c,2026-05-15T17:15:00Z,2026-05-15T19:15:00+0200,4490.43,MW,FR,FR,actual_solar_generation,Solar,2026-05-24T05:42:13Z
2026-05-24T05:41:40Z,2026-05-24T07:41:40+0200,04b1983b-7d82-4991-9c22-f60d67a0a20c,2026-05-15T17:30:00Z,2026-05-15T19:30:00+0200,3519.51,MW,FR,FR,actual_solar_generation,Solar,2026-05-24T05:42:13Z
2026-05-24T05:41:40Z,2026-05-24T07:41:40+0200,04b1983b-7d82-4991-9c22-f60d67a0a20c,2026-05-15T17:45:00Z,2026-05-15T19:45:00+0200,2692.28,MW,FR,FR,actual_solar_generation,Solar,2026-05-24T05:42:13Z
2026-05-24T05:41:40Z,2026-05-24T07:41:40+0200,04b1983b-7d82-4991-9c22-f60d67a0a20c,2026-05-15T18:00:00Z,2026-05-15T20:00:00+0200,1989.05,MW,FR,FR,actual_solar_generation,Solar,2026-05-24T05:42:13Z
2026-05-24T05:41:40Z,2026-05-24T07:41:40+0200,04b1983b-7d82-4991-9c22-f60d67a0a20c,2026-05-15T18:15:00Z,2026-05-15T20:15:00+0200,1434.98,MW,FR,FR,actual_solar_generation,Solar,2026-05-24T05:42:13Z
2026-05-24T05:41:40Z,2026-05-24T07:41:40+0200,04b1983b-7d82-4991-9c22-f60d67a0a20c,2026-05-15T18:30:00Z,2026-05-15T20:30:00+0200,994.8,MW,FR,FR,actual_solar_generation,Solar,2026-05-24T05:42:13Z
2026-05-24T05:41:40Z,2026-05-24T07:41:40+0200,04b1983b-7d82-4991-9c22-f60d67a0a20c,2026-05-15T18:45:00Z,2026-05-15T20:45:00+0200,683.3,MW,FR,FR,actual_solar_generation,Solar,2026-05-24T05:42:13Z
2026-05-24T05:41:40Z,2026-05-24T07:41:40+0200,04b1983b-7d82-4991-9c22-f60d67a0a20c,2026-05-15T19:00:00Z,2026-05-15T21:00:00+0200,465.3,MW,FR,FR,actual_solar_generation,Solar,2026-05-24T05:42:13Z
2026-05-24T05:41:40Z,2026-05-24T07:41:40+0200,04b1983b-7d82-4991-9c22-f60d67a0a20c,2026-05-15T19:15:00Z,2026-05-15T21:15:00+0200,314.97,MW,FR,FR,actual_solar_generation,Solar,2026-05-24T05:42:13Z
2026-05-24T05:41:40Z,2026-05-24T07:41:40+0200,04b1983b-7d82-4991-9c22-f60d67a0a20c,2026-05-15T19:30:00Z,2026-05-15T21:30:00+0200,227.46,MW,FR,FR,actual_solar_generation,Solar,2026-05-24T05:42:13Z
2026-05-24T05:41:40Z,2026-05-24T07:41:40+0200,04b1983b-7d82-4991-9c22-f60d67a0a20c,2026-05-15T19:45:00Z,2026-05-15T21:45:00+0200,213.52,MW,FR,FR,actual_solar_generation,Solar,2026-05-24T05:42:13Z
2026-05-24T05:41:40Z,2026-05-24T07:41:40+0200,04b1983b-7d82-4991-9c22-f60d67a0a20c,2026-05-15T20:00:00Z,2026-05-15T22:00:00+0200,205.92,MW,FR,FR,actual_solar_generation,Solar,2026-05-24T05:42:13Z
2026-05-24T05:41:40Z,2026-05-24T07:41:40+0200,04b1983b-7d82-4991-9c22-f60d67a0a20c,2026-05-15T20:15:00Z,2026-05-15T22:15:00+0200,201.86,MW,FR,FR,actual_solar_generation,Solar,2026-05-24T05:42:13Z
2026-05-24T05:41:40Z,2026-05-24T07:41:40+0200,04b1983b-7d82-4991-9c22-f60d67a0a20c,2026-05-15T20:30:00Z,2026-05-15T22:30:00+0200,200.9,MW,FR,FR,actual_solar_generation,Solar,2026-05-24T05:42:13Z
2026-05-24T05:41:40Z,2026-05-24T07:41:40+0200,04b1983b-7d82-4991-9c22-f60d67a0a20c,2026-05-15T20:45:00Z,2026-05-15T22:45:00+0200,212.86,MW,FR,FR,actual_solar_generation,Solar,2026-05-24T05:42:13Z
2026-05-24T05:41:40Z,2026-05-24T07:41:40+0200,04b1983b-7d82-4991-9c22-f60d67a0a20c,2026-05-15T21:00:00Z,2026-05-15T23:00:00+0200,0.0,MW,FR,FR,actual_solar_generation,Solar,2026-05-24T05:42:13Z
2026-05-24T05:41:40Z,2026-05-24T07:41:40+0200,04b1983b-7d82-4991-9c22-f60d67a0a20c,2026-05-15T21:15:00Z,2026-05-15T23:15:00+0200,0.0,MW,FR,FR,actual_solar_generation,Solar,2026-05-24T05:42:13Z
2026-05-24T05:41:40Z,2026-05-24T07:41:40+0200,04b1983b-7d82-4991-9c22-f60d67a0a20c,2026-05-15T21:30:00Z,2026-05-15T23:30:00+0200,0.0,MW,FR,FR,actual_solar_generation,Solar,2026-05-24T05:42:13Z
2026-05-24T05:41:40Z,2026-05-24T07:41:40+0200,04b1983b-7d82-4991-9c22-f60d67a0a20c,2026-05-15T21:45:00Z,2026-05-15T23:45:00+0200,0.0,MW,FR,FR,actual_solar_generation,Solar,2026-05-24T05:42:13Z
2026-05-24T05:41:40Z,2026-05-24T07:41:40+0200,04b1983b-7d82-4991-9c22-f60d67a0a20c,2026-05-15T22:00:00Z,2026-05-16T00:00:00+0200,0.0,MW,FR,FR,actual_solar_generation,Solar,2026-05-24T05:42:13Z
2026-05-24T05:41:40Z,2026-05-24T07:41:40+0200,04b1983b-7d82-4991-9c22-f60d67a0a20c,2026-05-15T22:15:00Z,2026-05-16T00:15:00+0200,0.0,MW,FR,FR,actual_solar_generation,Solar,2026-05-24T05:42:13Z
2026-05-24T05:41:40Z,2026-05-24T07:41:40+0200,04b1983b-7d82-4991-9c22-f60d67a0a20c,2026-05-15T22:30:00Z,2026-05-16T00:30:00+0200,0.0,MW,FR,FR,actual_solar_generation,Solar,2026-05-24T05:42:13Z
2026-05-24T05:41:40Z,2026-05-24T07:41:40+0200,04b1983b-7d82-4991-9c22-f60d67a0a20c,2026-05-15T22:45:00Z,2026-05-16T00:45:00+0200,0.0,MW,FR,FR,actual_solar_generation,Solar,2026-05-24T05:42:13Z
2026-05-24T05:41:40Z,2026-05-24T07:41:40+0200,04b1983b-7d82-4991-9c22-f60d67a0a20c,2026-05-15T23:00:00Z,2026-05-16T01:00:00+0200,0.0,MW,FR,FR,actual_solar_generation,Solar,2026-05-24T05:42:13Z
2026-05-24T05:41:40Z,2026-05-24T07:41:40+0200,04b1983b-7d82-4991-9c22-f60d67a0a20c,2026-05-15T23:15:00Z,2026-05-16T01:15:00+0200,0.0,MW,FR,FR,actual_solar_generation,Solar,2026-05-24T05:42:13Z
2026-05-24T05:41:40Z,2026-05-24T07:41:40+0200,04b1983b-7d82-4991-9c22-f60d67a0a20c,2026-05-15T23:30:00Z,2026-05-16T01:30:00+0200,0.0,MW,FR,FR,actual_solar_generation,Solar,2026-05-24T05:42:13Z
2026-05-24T05:41:40Z,2026-05-24T07:41:40+0200,04b1983b-7d82-4991-9c22-f60d67a0a20c,2026-05-15T23:45:00Z,2026-05-16T01:45:00+0200,0.0,MW,FR,FR,actual_solar_generation,Solar,2026-05-24T05:42:13Z
2026-05-24T05:41:40Z,2026-05-24T07:41:40+0200,04b1983b-7d82-4991-9c22-f60d67a0a20c,2026-05-16T00:00:00Z,2026-05-16T02:00:00+0200,0.0,MW,FR,FR,actual_solar_generation,Solar,2026-05-24T05:42:13Z
2026-05-24T05:41:40Z,2026-05-24T07:41:40+0200,04b1983b-7d82-4991-9c22-f60d67a0a20c,2026-05-16T00:15:00Z,2026-05-16T02:15:00+0200,0.0,MW,FR,FR,actual_solar_generation,Solar,2026-05-24T05:42:13Z
2026-05-24T05:41:40Z,2026-05-24T07:41:40+0200,04b1983b-7d82-4991-9c22-f60d67a0a20c,2026-05-16T00:30:00Z,2026-05-16T02:30:00+0200,0.0,MW,FR,FR,actual_solar_generation,Solar,2026-05-24T05:42:13Z
2026-05-24T05:41:40Z,2026-05-24T07:41:40+0200,04b1983b-7d82-4991-9c22-f60d67a0a20c,2026-05-16T00:45:00Z,2026-05-16T02:45:00+0200,0.0,MW,FR,FR,actual_solar_generation,Solar,2026-05-24T05:42:13Z
2026-05-24T05:41:40Z,2026-05-24T07:41:40+0200,04b1983b-7d82-4991-9c22-f60d67a0a20c,2026-05-16T01:00:00Z,2026-05-16T03:00:00+0200,0.0,MW,FR,FR,actual_solar_generation,Solar,2026-05-24T05:42:13Z
2026-05-24T05:41:40Z,2026-05-24T07:41:40+0200,04b1983b-7d82-4991-9c22-f60d67a0a20c,2026-05-16T01:15:00Z,2026-05-16T03:15:00+0200,0.0,MW,FR,FR,actual_solar_generation,Solar,2026-05-24T05:42:13Z
2026-05-24T05:41:40Z,2026-05-24T07:41:40+0200,04b1983b-7d82-4991-9c22-f60d67a0a20c,2026-05-16T01:30:00Z,2026-05-16T03:30:00+0200,0.0,MW,FR,FR,actual_solar_generation,Solar,2026-05-24T05:42:13Z
2026-05-24T05:41:40Z,2026-05-24T07:41:40+0200,04b1983b-7d82-4991-9c22-f60d67a0a20c,2026-05-16T01:45:00Z,2026-05-16T03:45:00+0200,0.0,MW,FR,FR,actual_solar_generation,Solar,2026-05-24T05:42:13Z
2026-05-24T05:41:40Z,2026-05-24T07:41:40+0200,04b1983b-7d82-4991-9c22-f60d67a0a20c,2026-05-16T02:00:00Z,2026-05-16T04:00:00+0200,0.0,MW,FR,FR,actual_solar_generation,Solar,2026-05-24T05:42:13Z
2026-05-24T05:41:40Z,2026-05-24T07:41:40+0200,04b1983b-7d82-4991-9c22-f60d67a0a20c,2026-05-16T02:15:00Z,2026-05-16T04:15:00+0200,0.0,MW,FR,FR,actual_solar_generation,Solar,2026-05-24T05:42:13Z
2026-05-24T05:41:40Z,2026-05-24T07:41:40+0200,04b1983b-7d82-4991-9c22-f60d67a0a20c,2026-05-16T02:30:00Z,2026-05-16T04:30:00+0200,0.0,MW,FR,FR,actual_solar_generation,Solar,2026-05-24T05:42:13Z
2026-05-24T05:41:40Z,2026-05-24T07:41:40+0200,04b1983b-7d82-4991-9c22-f60d67a0a20c,2026-05-16T02:45:00Z,2026-05-16T04:45:00+0200,0.0,MW,FR,FR,actual_solar_generation,Solar,2026-05-24T05:42:13Z
2026-05-24T05:41:40Z,2026-05-24T07:41:40+0200,04b1983b-7d82-4991-9c22-f60d67a0a20c,2026-05-16T03:00:00Z,2026-05-16T05:00:00+0200,0.0,MW,FR,FR,actual_solar_generation,Solar,2026-05-24T05:42:13Z
2026-05-24T05:41:40Z,2026-05-24T07:41:40+0200,04b1983b-7d82-4991-9c22-f60d67a0a20c,2026-05-16T03:15:00Z,2026-05-16T05:15:00+0200,0.0,MW,FR,FR,actual_solar_generation,Solar,2026-05-24T05:42:13Z
2026-05-24T05:41:40Z,2026-05-24T07:41:40+0200,04b1983b-7d82-4991-9c22-f60d67a0a20c,2026-05-16T03:30:00Z,2026-05-16T05:30:00+0200,0.0,MW,FR,FR,actual_solar_generation,Solar,2026-05-24T05:42:13Z
2026-05-24T05:41:40Z,2026-05-24T07:41:40+0200,04b1983b-7d82-4991-9c22-f60d67a0a20c,2026-05-16T03:45:00Z,2026-05-16T05:45:00+0200,0.0,MW,FR,FR,actual_solar_generation,Solar,2026-05-24T05:42:13Z
2026-05-24T05:41:40Z,2026-05-24T07:41:40+0200,04b1983b-7d82-4991-9c22-f60d67a0a20c,2026-05-16T04:00:00Z,2026-05-16T06:00:00+0200,232.7,MW,FR,FR,actual_solar_generation,Solar,2026-05-24T05:42:13Z
2026-05-24T05:41:40Z,2026-05-24T07:41:40+0200,04b1983b-7d82-4991-9c22-f60d67a0a20c,2026-05-16T04:15:00Z,2026-05-16T06:15:00+0200,286.01,MW,FR,FR,actual_solar_generation,Solar,2026-05-24T05:42:13Z
2026-05-24T05:41:40Z,2026-05-24T07:41:40+0200,04b1983b-7d82-4991-9c22-f60d67a0a20c,2026-05-16T04:30:00Z,2026-05-16T06:30:00+0200,391.24,MW,FR,FR,actual_solar_generation,Solar,2026-05-24T05:42:13Z
2026-05-24T05:41:40Z,2026-05-24T07:41:40+0200,04b1983b-7d82-4991-9c22-f60d67a0a20c,2026-05-16T04:45:00Z,2026-05-16T06:45:00+0200,613.95,MW,FR,FR,actual_solar_generation,Solar,2026-05-24T05:42:13Z
2026-05-24T05:41:40Z,2026-05-24T07:41:40+0200,04b1983b-7d82-4991-9c22-f60d67a0a20c,2026-05-16T05:00:00Z,2026-05-16T07:00:00+0200,909.41,MW,FR,FR,actual_solar_generation,Solar,2026-05-24T05:42:13Z
2026-05-24T05:41:40Z,2026-05-24T07:41:40+0200,04b1983b-7d82-4991-9c22-f60d67a0a20c,2026-05-16T05:15:00Z,2026-05-16T07:15:00+0200,1288.93,MW,FR,FR,actual_solar_generation,Solar,2026-05-24T05:42:13Z
2026-05-24T05:41:40Z,2026-05-24T07:41:40+0200,04b1983b-7d82-4991-9c22-f60d67a0a20c,2026-05-16T05:30:00Z,2026-05-16T07:30:00+0200,1768.41,MW,FR,FR,actual_solar_generation,Solar,2026-05-24T05:42:13Z
2026-05-24T05:41:40Z,2026-05-24T07:41:40+0200,04b1983b-7d82-4991-9c22-f60d67a0a20c,2026-05-16T05:45:00Z,2026-05-16T07:45:00+0200,2386.62,MW,FR,FR,actual_solar_generation,Solar,2026-05-24T05:42:13Z
2026-05-24T05:41:40Z,2026-05-24T07:41:40+0200,04b1983b-7d82-4991-9c22-f60d67a0a20c,2026-05-16T06:00:00Z,2026-05-16T08:00:00+0200,3079.67,MW,FR,FR,actual_solar_generation,Solar,2026-05-24T05:42:13Z
2026-05-24T05:41:40Z,2026-05-24T07:41:40+0200,04b1983b-7d82-4991-9c22-f60d67a0a20c,2026-05-16T06:15:00Z,2026-05-16T08:15:00+0200,3908.56,MW,FR,FR,actual_solar_generation,Solar,2026-05-24T05:42:13Z
2026-05-24T05:41:40Z,2026-05-24T07:41:40+0200,04b1983b-7d82-4991-9c22-f60d67a0a20c,2026-05-16T06:30:00Z,2026-05-16T08:30:00+0200,4931.42,MW,FR,FR,actual_solar_generation,Solar,2026-05-24T05:42:13Z
2026-05-24T05:41:40Z,2026-05-24T07:41:40+0200,04b1983b-7d82-4991-9c22-f60d67a0a20c,2026-05-16T06:45:00Z,2026-05-16T08:45:00+0200,5855.06,MW,FR,FR,actual_solar_generation,Solar,2026-05-24T05:42:13Z
2026-05-24T05:41:40Z,2026-05-24T07:41:40+0200,04b1983b-7d82-4991-9c22-f60d67a0a20c,2026-05-16T07:00:00Z,2026-05-16T09:00:00+0200,6812.04,MW,FR,FR,actual_solar_generation,Solar,2026-05-24T05:42:13Z
2026-05-24T05:41:40Z,2026-05-24T07:41:40+0200,04b1983b-7d82-4991-9c22-f60d67a0a20c,2026-05-16T07:15:00Z,2026-05-16T09:15:00+0200,7827.07,MW,FR,FR,actual_solar_generation,Solar,2026-05-24T05:42:13Z
2026-05-24T05:41:40Z,2026-05-24T07:41:40+0200,04b1983b-7d82-4991-9c22-f60d67a0a20c,2026-05-16T07:30:00Z,2026-05-16T09:30:00+0200,8742.69,MW,FR,FR,actual_solar_generation,Solar,2026-05-24T05:42:13Z
2026-05-24T05:41:40Z,2026-05-24T07:41:40+0200,04b1983b-7d82-4991-9c22-f60d67a0a20c,2026-05-16T07:45:00Z,2026-05-16T09:45:00+0200,9659.72,MW,FR,FR,actual_solar_generation,Solar,2026-05-24T05:42:13Z
2026-05-24T05:41:40Z,2026-05-24T07:41:40+0200,04b1983b-7d82-4991-9c22-f60d67a0a20c,2026-05-16T08:00:00Z,2026-05-16T10:00:00+0200,10488.21,MW,FR,FR,actual_solar_generation,Solar,2026-05-24T05:42:13Z
2026-05-24T05:41:40Z,2026-05-24T07:41:40+0200,04b1983b-7d82-4991-9c22-f60d67a0a20c,2026-05-16T08:15:00Z,2026-05-16T10:15:00+0200,11432.54,MW,FR,FR,actual_solar_generation,Solar,2026-05-24T05:42:13Z
2026-05-24T05:41:40Z,2026-05-24T07:41:40+0200,04b1983b-7d82-4991-9c22-f60d67a0a20c,2026-05-16T08:30:00Z,2026-05-16T10:30:00+0200,12058.47,MW,FR,FR,actual_solar_generation,Solar,2026-05-24T05:42:13Z
2026-05-24T05:41:40Z,2026-05-24T07:41:40+0200,04b1983b-7d82-4991-9c22-f60d67a0a20c,2026-05-16T08:45:00Z,2026-05-16T10:45:00+0200,12473.75,MW,FR,FR,actual_solar_generation,Solar,2026-05-24T05:42:13Z
2026-05-24T05:41:40Z,2026-05-24T07:41:40+0200,04b1983b-7d82-4991-9c22-f60d67a0a20c,2026-05-16T09:00:00Z,2026-05-16T11:00:00+0200,12978.73,MW,FR,FR,actual_solar_generation,Solar,2026-05-24T05:42:13Z
2026-05-24T05:41:40Z,2026-05-24T07:41:40+0200,04b1983b-7d82-4991-9c22-f60d67a0a20c,2026-05-16T09:15:00Z,2026-05-16T11:15:00+0200,13570.99,MW,FR,FR,actual_solar_generation,Solar,2026-05-24T05:42:13Z
2026-05-24T05:41:40Z,2026-05-24T07:41:40+0200,04b1983b-7d82-4991-9c22-f60d67a0a20c,2026-05-16T09:30:00Z,2026-05-16T11:30:00+0200,14032.88,MW,FR,FR,actual_solar_generation,Solar,2026-05-24T05:42:13Z
2026-05-24T05:41:40Z,2026-05-24T07:41:40+0200,04b1983b-7d82-4991-9c22-f60d67a0a20c,2026-05-16T09:45:00Z,2026-05-16T11:45:00+0200,14237.44,MW,FR,FR,actual_solar_generation,Solar,2026-05-24T05:42:13Z
2026-05-24T05:41:40Z,2026-05-24T07:41:40+0200,04b1983b-7d82-4991-9c22-f60d67a0a20c,2026-05-16T10:00:00Z,2026-05-16T12:00:00+0200,14245.63,MW,FR,FR,actual_solar_generation,Solar,2026-05-24T05:42:13Z
2026-05-24T05:41:40Z,2026-05-24T07:41:40+0200,04b1983b-7d82-4991-9c22-f60d67a0a20c,2026-05-16T10:15:00Z,2026-05-16T12:15:00+0200,14405.1,MW,FR,FR,actual_solar_generation,Solar,2026-05-24T05:42:13Z
2026-05-24T05:41:40Z,2026-05-24T07:41:40+0200,04b1983b-7d82-4991-9c22-f60d67a0a20c,2026-05-16T10:30:00Z,2026-05-16T12:30:00+0200,14606.88,MW,FR,FR,actual_solar_generation,Solar,2026-05-24T05:42:13Z
2026-05-24T05:41:40Z,2026-05-24T07:41:40+0200,04b1983b-7d82-4991-9c22-f60d67a0a20c,2026-05-16T10:45:00Z,2026-05-16T12:45:00+0200,13321.59,MW,FR,FR,actual_solar_generation,Solar,2026-05-24T05:42:13Z
2026-05-24T05:41:40Z,2026-05-24T07:41:40+0200,04b1983b-7d82-4991-9c22-f60d67a0a20c,2026-05-16T11:00:00Z,2026-05-16T13:00:00+0200,11427.91,MW,FR,FR,actual_solar_generation,Solar,2026-05-24T05:42:13Z
2026-05-24T05:41:40Z,2026-05-24T07:41:40+0200,04b1983b-7d82-4991-9c22-f60d67a0a20c,2026-05-16T11:15:00Z,2026-05-16T13:15:00+0200,11532.54,MW,FR,FR,actual_solar_generation,Solar,2026-05-24T05:42:13Z
2026-05-24T05:41:40Z,2026-05-24T07:41:40+0200,04b1983b-7d82-4991-9c22-f60d67a0a20c,2026-05-16T11:30:00Z,2026-05-16T13:30:00+0200,11548.19,MW,FR,FR,actual_solar_generation,Solar,2026-05-24T05:42:13Z
2026-05-24T05:41:40Z,2026-05-24T07:41:40+0200,04b1983b-7d82-4991-9c22-f60d67a0a20c,2026-05-16T11:45:00Z,2026-05-16T13:45:00+0200,11232.46,MW,FR,FR,actual_solar_generation,Solar,2026-05-24T05:42:13Z
2026-05-24T05:41:40Z,2026-05-24T07:41:40+0200,04b1983b-7d82-4991-9c22-f60d67a0a20c,2026-05-16T12:00:00Z,2026-05-16T14:00:00+0200,11159.6,MW,FR,FR,actual_solar_generation,Solar,2026-05-24T05:42:13Z
2026-05-24T05:41:40Z,2026-05-24T07:41:40+0200,04b1983b-7d82-4991-9c22-f60d67a0a20c,2026-05-16T12:15:00Z,2026-05-16T14:15:00+0200,11152.38,MW,FR,FR,actual_solar_generation,Solar,2026-05-24T05:42:13Z
2026-05-24T05:41:40Z,2026-05-24T07:41:40+0200,04b1983b-7d82-4991-9c22-f60d67a0a20c,2026-05-16T12:30:00Z,2026-05-16T14:30:00+0200,11000.02,MW,FR,FR,actual_solar_generation,Solar,2026-05-24T05:42:13Z
2026-05-24T05:41:40Z,2026-05-24T07:41:40+0200,04b1983b-7d82-4991-9c22-f60d67a0a20c,2026-05-16T12:45:00Z,2026-05-16T14:45:00+0200,10725.63,MW,FR,FR,actual_solar_generation,Solar,2026-05-24T05:42:13Z
2026-05-24T05:41:40Z,2026-05-24T07:41:40+0200,04b1983b-7d82-4991-9c22-f60d67a0a20c,2026-05-16T13:00:00Z,2026-05-16T15:00:00+0200,10683.95,MW,FR,FR,actual_solar_generation,Solar,2026-05-24T05:42:13Z
2026-05-24T05:41:40Z,2026-05-24T07:41:40+0200,04b1983b-7d82-4991-9c22-f60d67a0a20c,2026-05-16T13:15:00Z,2026-05-16T15:15:00+0200,10671.67,MW,FR,FR,actual_solar_generation,Solar,2026-05-24T05:42:13Z
2026-05-24T05:41:40Z,2026-05-24T07:41:40+0200,04b1983b-7d82-4991-9c22-f60d67a0a20c,2026-05-16T13:30:00Z,2026-05-16T15:30:00+0200,10494.04,MW,FR,FR,actual_solar_generation,Solar,2026-05-24T05:42:13Z
2026-05-24T05:41:40Z,2026-05-24T07:41:40+0200,04b1983b-7d82-4991-9c22-f60d67a0a20c,2026-05-16T13:45:00Z,2026-05-16T15:45:00+0200,10317.27,MW,FR,FR,actual_solar_generation,Solar,2026-05-24T05:42:13Z
2026-05-24T05:41:40Z,2026-05-24T07:41:40+0200,04b1983b-7d82-4991-9c22-f60d67a0a20c,2026-05-16T14:00:00Z,2026-05-16T16:00:00+0200,10112.93,MW,FR,FR,actual_solar_generation,Solar,2026-05-24T05:42:13Z
2026-05-24T05:41:40Z,2026-05-24T07:41:40+0200,04b1983b-7d82-4991-9c22-f60d67a0a20c,2026-05-16T14:15:00Z,2026-05-16T16:15:00+0200,9603.74,MW,FR,FR,actual_solar_generation,Solar,2026-05-24T05:42:13Z
2026-05-24T05:41:40Z,2026-05-24T07:41:40+0200,04b1983b-7d82-4991-9c22-f60d67a0a20c,2026-05-16T14:30:00Z,2026-05-16T16:30:00+0200,9113.34,MW,FR,FR,actual_solar_generation,Solar,2026-05-24T05:42:13Z
2026-05-24T05:41:40Z,2026-05-24T07:41:40+0200,04b1983b-7d82-4991-9c22-f60d67a0a20c,2026-05-16T14:45:00Z,2026-05-16T16:45:00+0200,8687.71,MW,FR,FR,actual_solar_generation,Solar,2026-05-24T05:42:13Z
2026-05-24T05:41:40Z,2026-05-24T07:41:40+0200,04b1983b-7d82-4991-9c22-f60d67a0a20c,2026-05-16T15:00:00Z,2026-05-16T17:00:00+0200,8183.35,MW,FR,FR,actual_solar_generation,Solar,2026-05-24T05:42:13Z
2026-05-24T05:41:40Z,2026-05-24T07:41:40+0200,04b1983b-7d82-4991-9c22-f60d67a0a20c,2026-05-16T15:15:00Z,2026-05-16T17:15:00+0200,7461.33,MW,FR,FR,actual_solar_generation,Solar,2026-05-24T05:42:13Z
2026-05-24T05:41:40Z,2026-05-24T07:41:40+0200,04b1983b-7d82-4991-9c22-f60d67a0a20c,2026-05-16T15:30:00Z,2026-05-16T17:30:00+0200,7851.95,MW,FR,FR,actual_solar_generation,Solar,2026-05-24T05:42:13Z
2026-05-24T05:41:40Z,2026-05-24T07:41:40+0200,04b1983b-7d82-4991-9c22-f60d67a0a20c,2026-05-16T15:45:00Z,2026-05-16T17:45:00+0200,8253.95,MW,FR,FR,actual_solar_generation,Solar,2026-05-24T05:42:13Z
2026-05-24T05:41:40Z,2026-05-24T07:41:40+0200,04b1983b-7d82-4991-9c22-f60d67a0a20c,2026-05-16T16:00:00Z,2026-05-16T18:00:00+0200,7499.18,MW,FR,FR,actual_solar_generation,Solar,2026-05-24T05:42:13Z
2026-05-24T05:41:40Z,2026-05-24T07:41:40+0200,04b1983b-7d82-4991-9c22-f60d67a0a20c,2026-05-16T16:15:00Z,2026-05-16T18:15:00+0200,6707.22,MW,FR,FR,actual_solar_generation,Solar,2026-05-24T05:42:13Z
2026-05-24T05:41:40Z,2026-05-24T07:41:40+0200,04b1983b-7d82-4991-9c22-f60d67a0a20c,2026-05-16T16:30:00Z,2026-05-16T18:30:00+0200,6092.31,MW,FR,FR,actual_solar_generation,Solar,2026-05-24T05:42:13Z
2026-05-24T05:41:40Z,2026-05-24T07:41:40+0200,04b1983b-7d82-4991-9c22-f60d67a0a20c,2026-05-16T16:45:00Z,2026-05-16T18:45:00+0200,5251.2,MW,FR,FR,actual_solar_generation,Solar,2026-05-24T05:42:13Z
2026-05-24T05:41:40Z,2026-05-24T07:41:40+0200,04b1983b-7d82-4991-9c22-f60d67a0a20c,2026-05-16T17:00:00Z,2026-05-16T19:00:00+0200,4370.23,MW,FR,FR,actual_solar_generation,Solar,2026-05-24T05:42:13Z
2026-05-24T05:41:40Z,2026-05-24T07:41:40+0200,04b1983b-7d82-4991-9c22-f60d67a0a20c,2026-05-16T17:15:00Z,2026-05-16T19:15:00+0200,3560.67,MW,FR,FR,actual_solar_generation,Solar,2026-05-24T05:42:13Z
2026-05-24T05:41:40Z,2026-05-24T07:41:40+0200,04b1983b-7d82-4991-9c22-f60d67a0a20c,2026-05-16T17:30:00Z,2026-05-16T19:30:00+0200,2881.64,MW,FR,FR,actual_solar_generation,Solar,2026-05-24T05:42:13Z
2026-05-24T05:41:40Z,2026-05-24T07:41:40+0200,04b1983b-7d82-4991-9c22-f60d67a0a20c,2026-05-16T17:45:00Z,2026-05-16T19:45:00+0200,2236.0,MW,FR,FR,actual_solar_generation,Solar,2026-05-24T05:42:13Z
2026-05-24T05:41:40Z,2026-05-24T07:41:40+0200,04b1983b-7d82-4991-9c22-f60d67a0a20c,2026-05-16T18:00:00Z,2026-05-16T20:00:00+0200,1621.78,MW,FR,FR,actual_solar_generation,Solar,2026-05-24T05:42:13Z
2026-05-24T05:41:40Z,2026-05-24T07:41:40+0200,04b1983b-7d82-4991-9c22-f60d67a0a20c,2026-05-16T18:15:00Z,2026-05-16T20:15:00+0200,1169.33,MW,FR,FR,actual_solar_generation,Solar,2026-05-24T05:42:13Z
2026-05-24T05:41:40Z,2026-05-24T07:41:40+0200,04b1983b-7d82-4991-9c22-f60d67a0a20c,2026-05-16T18:30:00Z,2026-05-16T20:30:00+0200,826.34,MW,FR,FR,actual_solar_generation,Solar,2026-05-24T05:42:13Z
2026-05-24T05:41:40Z,2026-05-24T07:41:40+0200,04b1983b-7d82-4991-9c22-f60d67a0a20c,2026-05-16T18:45:00Z,2026-05-16T20:45:00+0200,604.55,MW,FR,FR,actual_solar_generation,Solar,2026-05-24T05:42:13Z
2026-05-24T05:41:40Z,2026-05-24T07:41:40+0200,04b1983b-7d82-4991-9c22-f60d67a0a20c,2026-05-16T19:00:00Z,2026-05-16T21:00:00+0200,418.8,MW,FR,FR,actual_solar_generation,Solar,2026-05-24T05:42:13Z
2026-05-24T05:41:40Z,2026-05-24T07:41:40+0200,04b1983b-7d82-4991-9c22-f60d67a0a20c,2026-05-16T19:15:00Z,2026-05-16T21:15:00+0200,292.45,MW,FR,FR,actual_solar_generation,Solar,2026-05-24T05:42:13Z
2026-05-24T05:41:40Z,2026-05-24T07:41:40+0200,04b1983b-7d82-4991-9c22-f60d67a0a20c,2026-05-16T19:30:00Z,2026-05-16T21:30:00+0200,235.82,MW,FR,FR,actual_solar_generation,Solar,2026-05-24T05:42:13Z
2026-05-24T05:41:40Z,2026-05-24T07:41:40+0200,04b1983b-7d82-4991-9c22-f60d67a0a20c,2026-05-16T19:45:00Z,2026-05-16T21:45:00+0200,225.12,MW,FR,FR,actual_solar_generation,Solar,2026-05-24T05:42:13Z
2026-05-24T05:41:40Z,2026-05-24T07:41:40+0200,04b1983b-7d82-4991-9c22-f60d67a0a20c,2026-05-16T20:00:00Z,2026-05-16T22:00:00+0200,221.55,MW,FR,FR,actual_solar_generation,Solar,2026-05-24T05:42:13Z
2026-05-24T05:41:40Z,2026-05-24T07:41:40+0200,04b1983b-7d82-4991-9c22-f60d67a0a20c,2026-05-16T20:15:00Z,2026-05-16T22:15:00+0200,218.22,MW,FR,FR,actual_solar_generation,Solar,2026-05-24T05:42:13Z
2026-05-24T05:41:40Z,2026-05-24T07:41:40+0200,04b1983b-7d82-4991-9c22-f60d67a0a20c,2026-05-16T20:30:00Z,2026-05-16T22:30:00+0200,217.07,MW,FR,FR,actual_solar_generation,Solar,2026-05-24T05:42:13Z
2026-05-24T05:41:40Z,2026-05-24T07:41:40+0200,04b1983b-7d82-4991-9c22-f60d67a0a20c,2026-05-16T20:45:00Z,2026-05-16T22:45:00+0200,218.22,MW,FR,FR,actual_solar_generation,Solar,2026-05-24T05:42:13Z
2026-05-24T05:41:40Z,2026-05-24T07:41:40+0200,04b1983b-7d82-4991-9c22-f60d67a0a20c,2026-05-16T21:00:00Z,2026-05-16T23:00:00+0200,0.0,MW,FR,FR,actual_solar_generation,Solar,2026-05-24T05:42:13Z
2026-05-24T05:41:40Z,2026-05-24T07:41:40+0200,04b1983b-7d82-4991-9c22-f60d67a0a20c,2026-05-16T21:15:00Z,2026-05-16T23:15:00+0200,0.0,MW,FR,FR,actual_solar_generation,Solar,2026-05-24T05:42:13Z
2026-05-24T05:41:40Z,2026-05-24T07:41:40+0200,04b1983b-7d82-4991-9c22-f60d67a0a20c,2026-05-16T21:30:00Z,2026-05-16T23:30:00+0200,0.0,MW,FR,FR,actual_solar_generation,Solar,2026-05-24T05:42:13Z
2026-05-24T05:41:40Z,2026-05-24T07:41:40+0200,04b1983b-7d82-4991-9c22-f60d67a0a20c,2026-05-16T21:45:00Z,2026-05-16T23:45:00+0200,0.0,MW,FR,FR,actual_solar_generation,Solar,2026-05-24T05:42:13Z
2026-05-24T05:41:40Z,2026-05-24T07:41:40+0200,04b1983b-7d82-4991-9c22-f60d67a0a20c,2026-05-16T22:00:00Z,2026-05-17T00:00:00+0200,0.0,MW,FR,FR,actual_solar_generation,Solar,2026-05-24T05:42:13Z
2026-05-24T05:41:40Z,2026-05-24T07:41:40+0200,04b1983b-7d82-4991-9c22-f60d67a0a20c,2026-05-16T22:15:00Z,2026-05-17T00:15:00+0200,0.0,MW,FR,FR,actual_solar_generation,Solar,2026-05-24T05:42:13Z
2026-05-24T05:41:40Z,2026-05-24T07:41:40+0200,04b1983b-7d82-4991-9c22-f60d67a0a20c,2026-05-16T22:30:00Z,2026-05-17T00:30:00+0200,0.0,MW,FR,FR,actual_solar_generation,Solar,2026-05-24T05:42:13Z
2026-05-24T05:41:40Z,2026-05-24T07:41:40+0200,04b1983b-7d82-4991-9c22-f60d67a0a20c,2026-05-16T22:45:00Z,2026-05-17T00:45:00+0200,0.0,MW,FR,FR,actual_solar_generation,Solar,2026-05-24T05:42:13Z
2026-05-24T05:41:40Z,2026-05-24T07:41:40+0200,04b1983b-7d82-4991-9c22-f60d67a0a20c,2026-05-16T23:00:00Z,2026-05-17T01:00:00+0200,0.0,MW,FR,FR,actual_solar_generation,Solar,2026-05-24T05:42:13Z
2026-05-24T05:41:40Z,2026-05-24T07:41:40+0200,04b1983b-7d82-4991-9c22-f60d67a0a20c,2026-05-16T23:15:00Z,2026-05-17T01:15:00+0200,0.0,MW,FR,FR,actual_solar_generation,Solar,2026-05-24T05:42:13Z
2026-05-24T05:41:40Z,2026-05-24T07:41:40+0200,04b1983b-7d82-4991-9c22-f60d67a0a20c,2026-05-16T23:30:00Z,2026-05-17T01:30:00+0200,0.0,MW,FR,FR,actual_solar_generation,Solar,2026-05-24T05:42:13Z
2026-05-24T05:41:40Z,2026-05-24T07:41:40+0200,04b1983b-7d82-4991-9c22-f60d67a0a20c,2026-05-16T23:45:00Z,2026-05-17T01:45:00+0200,0.0,MW,FR,FR,actual_solar_generation,Solar,2026-05-24T05:42:13Z
2026-05-24T05:41:40Z,2026-05-24T07:41:40+0200,04b1983b-7d82-4991-9c22-f60d67a0a20c,2026-05-17T00:00:00Z,2026-05-17T02:00:00+0200,0.0,MW,FR,FR,actual_solar_generation,Solar,2026-05-24T05:42:13Z
2026-05-24T05:41:40Z,2026-05-24T07:41:40+0200,04b1983b-7d82-4991-9c22-f60d67a0a20c,2026-05-17T00:15:00Z,2026-05-17T02:15:00+0200,0.0,MW,FR,FR,actual_solar_generation,Solar,2026-05-24T05:42:13Z
2026-05-24T05:41:40Z,2026-05-24T07:41:40+0200,04b1983b-7d82-4991-9c22-f60d67a0a20c,2026-05-17T00:30:00Z,2026-05-17T02:30:00+0200,0.0,MW,FR,FR,actual_solar_generation,Solar,2026-05-24T05:42:13Z
2026-05-24T05:41:40Z,2026-05-24T07:41:40+0200,04b1983b-7d82-4991-9c22-f60d67a0a20c,2026-05-17T00:45:00Z,2026-05-17T02:45:00+0200,0.0,MW,FR,FR,actual_solar_generation,Solar,2026-05-24T05:42:13Z
2026-05-24T05:41:40Z,2026-05-24T07:41:40+0200,04b1983b-7d82-4991-9c22-f60d67a0a20c,2026-05-17T01:00:00Z,2026-05-17T03:00:00+0200,0.0,MW,FR,FR,actual_solar_generation,Solar,2026-05-24T05:42:13Z
2026-05-24T05:41:40Z,2026-05-24T07:41:40+0200,04b1983b-7d82-4991-9c22-f60d67a0a20c,2026-05-17T01:15:00Z,2026-05-17T03:15:00+0200,0.0,MW,FR,FR,actual_solar_generation,Solar,2026-05-24T05:42:13Z
2026-05-24T05:41:40Z,2026-05-24T07:41:40+0200,04b1983b-7d82-4991-9c22-f60d67a0a20c,2026-05-17T01:30:00Z,2026-05-17T03:30:00+0200,0.0,MW,FR,FR,actual_solar_generation,Solar,2026-05-24T05:42:13Z
2026-05-24T05:41:40Z,2026-05-24T07:41:40+0200,04b1983b-7d82-4991-9c22-f60d67a0a20c,2026-05-17T01:45:00Z,2026-05-17T03:45:00+0200,0.0,MW,FR,FR,actual_solar_generation,Solar,2026-05-24T05:42:13Z
2026-05-24T05:41:40Z,2026-05-24T07:41:40+0200,04b1983b-7d82-4991-9c22-f60d67a0a20c,2026-05-17T02:00:00Z,2026-05-17T04:00:00+0200,0.0,MW,FR,FR,actual_solar_generation,Solar,2026-05-24T05:42:13Z
2026-05-24T05:41:40Z,2026-05-24T07:41:40+0200,04b1983b-7d82-4991-9c22-f60d67a0a20c,2026-05-17T02:15:00Z,2026-05-17T04:15:00+0200,0.0,MW,FR,FR,actual_solar_generation,Solar,2026-05-24T05:42:13Z
2026-05-24T05:41:40Z,2026-05-24T07:41:40+0200,04b1983b-7d82-4991-9c22-f60d67a0a20c,2026-05-17T02:30:00Z,2026-05-17T04:30:00+0200,0.0,MW,FR,FR,actual_solar_generation,Solar,2026-05-24T05:42:13Z
2026-05-24T05:41:40Z,2026-05-24T07:41:40+0200,04b1983b-7d82-4991-9c22-f60d67a0a20c,2026-05-17T02:45:00Z,2026-05-17T04:45:00+0200,0.0,MW,FR,FR,actual_solar_generation,Solar,2026-05-24T05:42:13Z
2026-05-24T05:41:40Z,2026-05-24T07:41:40+0200,04b1983b-7d82-4991-9c22-f60d67a0a20c,2026-05-17T03:00:00Z,2026-05-17T05:00:00+0200,0.0,MW,FR,FR,actual_solar_generation,Solar,2026-05-24T05:42:13Z
2026-05-24T05:41:40Z,2026-05-24T07:41:40+0200,04b1983b-7d82-4991-9c22-f60d67a0a20c,2026-05-17T03:15:00Z,2026-05-17T05:15:00+0200,0.0,MW,FR,FR,actual_solar_generation,Solar,2026-05-24T05:42:13Z
2026-05-24T05:41:40Z,2026-05-24T07:41:40+0200,04b1983b-7d82-4991-9c22-f60d67a0a20c,2026-05-17T03:30:00Z,2026-05-17T05:30:00+0200,0.0,MW,FR,FR,actual_solar_generation,Solar,2026-05-24T05:42:13Z
2026-05-24T05:41:40Z,2026-05-24T07:41:40+0200,04b1983b-7d82-4991-9c22-f60d67a0a20c,2026-05-17T03:45:00Z,2026-05-17T05:45:00+0200,0.0,MW,FR,FR,actual_solar_generation,Solar,2026-05-24T05:42:13Z
2026-05-24T05:41:40Z,2026-05-24T07:41:40+0200,04b1983b-7d82-4991-9c22-f60d67a0a20c,2026-05-17T04:00:00Z,2026-05-17T06:00:00+0200,223.22,MW,FR,FR,actual_solar_generation,Solar,2026-05-24T05:42:13Z
2026-05-24T05:41:40Z,2026-05-24T07:41:40+0200,04b1983b-7d82-4991-9c22-f60d67a0a20c,2026-05-17T04:15:00Z,2026-05-17T06:15:00+0200,275.49,MW,FR,FR,actual_solar_generation,Solar,2026-05-24T05:42:13Z
2026-05-24T05:41:40Z,2026-05-24T07:41:40+0200,04b1983b-7d82-4991-9c22-f60d67a0a20c,2026-05-17T04:30:00Z,2026-05-17T06:30:00+0200,390.08,MW,FR,FR,actual_solar_generation,Solar,2026-05-24T05:42:13Z
2026-05-24T05:41:40Z,2026-05-24T07:41:40+0200,04b1983b-7d82-4991-9c22-f60d67a0a20c,2026-05-17T04:45:00Z,2026-05-17T06:45:00+0200,566.81,MW,FR,FR,actual_solar_generation,Solar,2026-05-24T05:42:13Z
2026-05-24T05:41:40Z,2026-05-24T07:41:40+0200,04b1983b-7d82-4991-9c22-f60d67a0a20c,2026-05-17T05:00:00Z,2026-05-17T07:00:00+0200,818.83,MW,FR,FR,actual_solar_generation,Solar,2026-05-24T05:42:13Z
2026-05-24T05:41:40Z,2026-05-24T07:41:40+0200,04b1983b-7d82-4991-9c22-f60d67a0a20c,2026-05-17T05:15:00Z,2026-05-17T07:15:00+0200,1169.83,MW,FR,FR,actual_solar_generation,Solar,2026-05-24T05:42:13Z
2026-05-24T05:41:40Z,2026-05-24T07:41:40+0200,04b1983b-7d82-4991-9c22-f60d67a0a20c,2026-05-17T05:30:00Z,2026-05-17T07:30:00+0200,1668.64,MW,FR,FR,actual_solar_generation,Solar,2026-05-24T05:42:13Z
2026-05-24T05:41:40Z,2026-05-24T07:41:40+0200,04b1983b-7d82-4991-9c22-f60d67a0a20c,2026-05-17T05:45:00Z,2026-05-17T07:45:00+0200,2263.77,MW,FR,FR,actual_solar_generation,Solar,2026-05-24T05:42:13Z
2026-05-24T05:41:40Z,2026-05-24T07:41:40+0200,04b1983b-7d82-4991-9c22-f60d67a0a20c,2026-05-17T06:00:00Z,2026-05-17T08:00:00+0200,2905.58,MW,FR,FR,actual_solar_generation,Solar,2026-05-24T05:42:13Z
2026-05-24T05:41:40Z,2026-05-24T07:41:40+0200,04b1983b-7d82-4991-9c22-f60d67a0a20c,2026-05-17T06:15:00Z,2026-05-17T08:15:00+0200,3652.18,MW,FR,FR,actual_solar_generation,Solar,2026-05-24T05:42:13Z
2026-05-24T05:41:40Z,2026-05-24T07:41:40+0200,04b1983b-7d82-4991-9c22-f60d67a0a20c,2026-05-17T06:30:00Z,2026-05-17T08:30:00+0200,4569.93,MW,FR,FR,actual_solar_generation,Solar,2026-05-24T05:42:13Z
2026-05-24T05:41:40Z,2026-05-24T07:41:40+0200,04b1983b-7d82-4991-9c22-f60d67a0a20c,2026-05-17T06:45:00Z,2026-05-17T08:45:00+0200,5448.34,MW,FR,FR,actual_solar_generation,Solar,2026-05-24T05:42:13Z
2026-05-24T05:41:40Z,2026-05-24T07:41:40+0200,04b1983b-7d82-4991-9c22-f60d67a0a20c,2026-05-17T07:00:00Z,2026-05-17T09:00:00+0200,6422.77,MW,FR,FR,actual_solar_generation,Solar,2026-05-24T05:42:13Z
2026-05-24T05:41:40Z,2026-05-24T07:41:40+0200,04b1983b-7d82-4991-9c22-f60d67a0a20c,2026-05-17T07:15:00Z,2026-05-17T09:15:00+0200,7299.11,MW,FR,FR,actual_solar_generation,Solar,2026-05-24T05:42:13Z
2026-05-24T05:41:40Z,2026-05-24T07:41:40+0200,04b1983b-7d82-4991-9c22-f60d67a0a20c,2026-05-17T07:30:00Z,2026-05-17T09:30:00+0200,8291.08,MW,FR,FR,actual_solar_generation,Solar,2026-05-24T05:42:13Z
2026-05-24T05:41:40Z,2026-05-24T07:41:40+0200,04b1983b-7d82-4991-9c22-f60d67a0a20c,2026-05-17T07:45:00Z,2026-05-17T09:45:00+0200,9055.77,MW,FR,FR,actual_solar_generation,Solar,2026-05-24T05:42:13Z
2026-05-24T05:41:40Z,2026-05-24T07:41:40+0200,04b1983b-7d82-4991-9c22-f60d67a0a20c,2026-05-17T08:00:00Z,2026-05-17T10:00:00+0200,9832.3,MW,FR,FR,actual_solar_generation,Solar,2026-05-24T05:42:13Z
2026-05-24T05:41:40Z,2026-05-24T07:41:40+0200,04b1983b-7d82-4991-9c22-f60d67a0a20c,2026-05-17T08:15:00Z,2026-05-17T10:15:00+0200,10631.97,MW,FR,FR,actual_solar_generation,Solar,2026-05-24T05:42:13Z
2026-05-24T05:41:40Z,2026-05-24T07:41:40+0200,04b1983b-7d82-4991-9c22-f60d67a0a20c,2026-05-17T08:30:00Z,2026-05-17T10:30:00+0200,11298.25,MW,FR,FR,actual_solar_generation,Solar,2026-05-24T05:42:13Z
2026-05-24T05:41:40Z,2026-05-24T07:41:40+0200,04b1983b-7d82-4991-9c22-f60d67a0a20c,2026-05-17T08:45:00Z,2026-05-17T10:45:00+0200,11801.96,MW,FR,FR,actual_solar_generation,Solar,2026-05-24T05:42:13Z
2026-05-24T05:41:40Z,2026-05-24T07:41:40+0200,04b1983b-7d82-4991-9c22-f60d67a0a20c,2026-05-17T09:00:00Z,2026-05-17T11:00:00+0200,12265.24,MW,FR,FR,actual_solar_generation,Solar,2026-05-24T05:42:13Z
2026-05-24T05:41:40Z,2026-05-24T07:41:40+0200,04b1983b-7d82-4991-9c22-f60d67a0a20c,2026-05-17T09:15:00Z,2026-05-17T11:15:00+0200,13006.34,MW,FR,FR,actual_solar_generation,Solar,2026-05-24T05:42:13Z
2026-05-24T05:41:40Z,2026-05-24T07:41:40+0200,04b1983b-7d82-4991-9c22-f60d67a0a20c,2026-05-17T09:30:00Z,2026-05-17T11:30:00+0200,13376.55,MW,FR,FR,actual_solar_generation,Solar,2026-05-24T05:42:13Z
2026-05-24T05:41:40Z,2026-05-24T07:41:40+0200,04b1983b-7d82-4991-9c22-f60d67a0a20c,2026-05-17T09:45:00Z,2026-05-17T11:45:00+0200,13593.6,MW,FR,FR,actual_solar_generation,Solar,2026-05-24T05:42:13Z
2026-05-24T05:41:40Z,2026-05-24T07:41:40+0200,04b1983b-7d82-4991-9c22-f60d67a0a20c,2026-05-17T10:00:00Z,2026-05-17T12:00:00+0200,13874.92,MW,FR,FR,actual_solar_generation,Solar,2026-05-24T05:42:13Z
2026-05-24T05:41:40Z,2026-05-24T07:41:40+0200,04b1983b-7d82-4991-9c22-f60d67a0a20c,2026-05-17T10:15:00Z,2026-05-17T12:15:00+0200,14259.22,MW,FR,FR,actual_solar_generation,Solar,2026-05-24T05:42:13Z
2026-05-24T05:41:40Z,2026-05-24T07:41:40+0200,04b1983b-7d82-4991-9c22-f60d67a0a20c,2026-05-17T10:30:00Z,2026-05-17T12:30:00+0200,14464.14,MW,FR,FR,actual_solar_generation,Solar,2026-05-24T05:42:13Z
2026-05-24T05:41:40Z,2026-05-24T07:41:40+0200,04b1983b-7d82-4991-9c22-f60d67a0a20c,2026-05-17T10:45:00Z,2026-05-17T12:45:00+0200,14570.85,MW,FR,FR,actual_solar_generation,Solar,2026-05-24T05:42:13Z
2026-05-24T05:41:40Z,2026-05-24T07:41:40+0200,04b1983b-7d82-4991-9c22-f60d67a0a20c,2026-05-17T11:00:00Z,2026-05-17T13:00:00+0200,14642.72,MW,FR,FR,actual_solar_generation,Solar,2026-05-24T05:42:13Z
2026-05-24T05:41:40Z,2026-05-24T07:41:40+0200,04b1983b-7d82-4991-9c22-f60d67a0a20c,2026-05-17T11:15:00Z,2026-05-17T13:15:00+0200,14697.43,MW,FR,FR,actual_solar_generation,Solar,2026-05-24T05:42:13Z
2026-05-24T05:41:40Z,2026-05-24T07:41:40+0200,04b1983b-7d82-4991-9c22-f60d67a0a20c,2026-05-17T11:30:00Z,2026-05-17T13:30:00+0200,14643.29,MW,FR,FR,actual_solar_generation,Solar,2026-05-24T05:42:13Z
2026-05-24T05:41:40Z,2026-05-24T07:41:40+0200,04b1983b-7d82-4991-9c22-f60d67a0a20c,2026-05-17T11:45:00Z,2026-05-17T13:45:00+0200,14907.56,MW,FR,FR,actual_solar_generation,Solar,2026-05-24T05:42:13Z
2026-05-24T05:41:40Z,2026-05-24T07:41:40+0200,04b1983b-7d82-4991-9c22-f60d67a0a20c,2026-05-17T12:00:00Z,2026-05-17T14:00:00+0200,14915.63,MW,FR,FR,actual_solar_generation,Solar,2026-05-24T05:42:13Z
2026-05-24T05:41:40Z,2026-05-24T07:41:40+0200,04b1983b-7d82-4991-9c22-f60d67a0a20c,2026-05-17T12:15:00Z,2026-05-17T14:15:00+0200,14783.16,MW,FR,FR,actual_solar_generation,Solar,2026-05-24T05:42:13Z
2026-05-24T05:41:40Z,2026-05-24T07:41:40+0200,04b1983b-7d82-4991-9c22-f60d67a0a20c,2026-05-17T12:30:00Z,2026-05-17T14:30:00+0200,14385.5,MW,FR,FR,actual_solar_generation,Solar,2026-05-24T05:42:13Z
2026-05-24T05:41:40Z,2026-05-24T07:41:40+0200,04b1983b-7d82-4991-9c22-f60d67a0a20c,2026-05-17T12:45:00Z,2026-05-17T14:45:00+0200,14283.29,MW,FR,FR,actual_solar_generation,Solar,2026-05-24T05:42:13Z
2026-05-24T05:41:40Z,2026-05-24T07:41:40+0200,04b1983b-7d82-4991-9c22-f60d67a0a20c,2026-05-17T13:00:00Z,2026-05-17T15:00:00+0200,14353.92,MW,FR,FR,actual_solar_generation,Solar,2026-05-24T05:42:13Z
2026-05-24T05:41:40Z,2026-05-24T07:41:40+0200,04b1983b-7d82-4991-9c22-f60d67a0a20c,2026-05-17T13:15:00Z,2026-05-17T15:15:00+0200,14178.25,MW,FR,FR,actual_solar_generation,Solar,2026-05-24T05:42:13Z
2026-05-24T05:41:40Z,2026-05-24T07:41:40+0200,04b1983b-7d82-4991-9c22-f60d67a0a20c,2026-05-17T13:30:00Z,2026-05-17T15:30:00+0200,13748.06,MW,FR,FR,actual_solar_generation,Solar,2026-05-24T05:42:13Z
2026-05-24T05:41:40Z,2026-05-24T07:41:40+0200,04b1983b-7d82-4991-9c22-f60d67a0a20c,2026-05-17T13:45:00Z,2026-05-17T15:45:00+0200,13410.82,MW,FR,FR,actual_solar_generation,Solar,2026-05-24T05:42:13Z
2026-05-24T05:41:40Z,2026-05-24T07:41:40+0200,04b1983b-7d82-4991-9c22-f60d67a0a20c,2026-05-17T14:00:00Z,2026-05-17T16:00:00+0200,13440.01,MW,FR,FR,actual_solar_generation,Solar,2026-05-24T05:42:13Z
2026-05-24T05:41:40Z,2026-05-24T07:41:40+0200,04b1983b-7d82-4991-9c22-f60d67a0a20c,2026-05-17T14:15:00Z,2026-05-17T16:15:00+0200,13035.15,MW,FR,FR,actual_solar_generation,Solar,2026-05-24T05:42:13Z
2026-05-24T05:41:40Z,2026-05-24T07:41:40+0200,04b1983b-7d82-4991-9c22-f60d67a0a20c,2026-05-17T14:30:00Z,2026-05-17T16:30:00+0200,12551.3,MW,FR,FR,actual_solar_generation,Solar,2026-05-24T05:42:13Z
2026-05-24T05:41:40Z,2026-05-24T07:41:40+0200,04b1983b-7d82-4991-9c22-f60d67a0a20c,2026-05-17T14:45:00Z,2026-05-17T16:45:00+0200,12074.88,MW,FR,FR,actual_solar_generation,Solar,2026-05-24T05:42:13Z
2026-05-24T05:41:40Z,2026-05-24T07:41:40+0200,04b1983b-7d82-4991-9c22-f60d67a0a20c,2026-05-17T15:00:00Z,2026-05-17T17:00:00+0200,11275.19,MW,FR,FR,actual_solar_generation,Solar,2026-05-24T05:42:13Z
2026-05-24T05:41:40Z,2026-05-24T07:41:40+0200,04b1983b-7d82-4991-9c22-f60d67a0a20c,2026-05-17T15:15:00Z,2026-05-17T17:15:00+0200,10599.74,MW,FR,FR,actual_solar_generation,Solar,2026-05-24T05:42:13Z
2026-05-24T05:41:40Z,2026-05-24T07:41:40+0200,04b1983b-7d82-4991-9c22-f60d67a0a20c,2026-05-17T15:30:00Z,2026-05-17T17:30:00+0200,9939.93,MW,FR,FR,actual_solar_generation,Solar,2026-05-24T05:42:13Z
2026-05-24T05:41:40Z,2026-05-24T07:41:40+0200,04b1983b-7d82-4991-9c22-f60d67a0a20c,2026-05-17T15:45:00Z,2026-05-17T17:45:00+0200,9183.6,MW,FR,FR,actual_solar_generation,Solar,2026-05-24T05:42:13Z
2026-05-24T05:41:40Z,2026-05-24T07:41:40+0200,04b1983b-7d82-4991-9c22-f60d67a0a20c,2026-05-17T16:00:00Z,2026-05-17T18:00:00+0200,8277.51,MW,FR,FR,actual_solar_generation,Solar,2026-05-24T05:42:13Z
2026-05-24T05:41:40Z,2026-05-24T07:41:40+0200,04b1983b-7d82-4991-9c22-f60d67a0a20c,2026-05-17T16:15:00Z,2026-05-17T18:15:00+0200,7479.24,MW,FR,FR,actual_solar_generation,Solar,2026-05-24T05:42:13Z
2026-05-24T05:41:40Z,2026-05-24T07:41:40+0200,04b1983b-7d82-4991-9c22-f60d67a0a20c,2026-05-17T16:30:00Z,2026-05-17T18:30:00+0200,6528.64,MW,FR,FR,actual_solar_generation,Solar,2026-05-24T05:42:13Z
2026-05-24T05:41:40Z,2026-05-24T07:41:40+0200,04b1983b-7d82-4991-9c22-f60d67a0a20c,2026-05-17T16:45:00Z,2026-05-17T18:45:00+0200,5602.41,MW,FR,FR,actual_solar_generation,Solar,2026-05-24T05:42:13Z
2026-05-24T05:41:40Z,2026-05-24T07:41:40+0200,04b1983b-7d82-4991-9c22-f60d67a0a20c,2026-05-17T17:00:00Z,2026-05-17T19:00:00+0200,4780.09,MW,FR,FR,actual_solar_generation,Solar,2026-05-24T05:42:13Z
2026-05-24T05:41:40Z,2026-05-24T07:41:40+0200,04b1983b-7d82-4991-9c22-f60d67a0a20c,2026-05-17T17:15:00Z,2026-05-17T19:15:00+0200,3993.38,MW,FR,FR,actual_solar_generation,Solar,2026-05-24T05:42:13Z
2026-05-24T05:41:40Z,2026-05-24T07:41:40+0200,04b1983b-7d82-4991-9c22-f60d67a0a20c,2026-05-17T17:30:00Z,2026-05-17T19:30:00+0200,3171.42,MW,FR,FR,actual_solar_generation,Solar,2026-05-24T05:42:13Z
2026-05-24T05:41:40Z,2026-05-24T07:41:40+0200,04b1983b-7d82-4991-9c22-f60d67a0a20c,2026-05-17T17:45:00Z,2026-05-17T19:45:00+0200,2498.23,MW,FR,FR,actual_solar_generation,Solar,2026-05-24T05:42:13Z
2026-05-24T05:41:40Z,2026-05-24T07:41:40+0200,04b1983b-7d82-4991-9c22-f60d67a0a20c,2026-05-17T18:00:00Z,2026-05-17T20:00:00+0200,1915.87,MW,FR,FR,actual_solar_generation,Solar,2026-05-24T05:42:13Z
2026-05-24T05:41:40Z,2026-05-24T07:41:40+0200,04b1983b-7d82-4991-9c22-f60d67a0a20c,2026-05-17T18:15:00Z,2026-05-17T20:15:00+0200,1373.32,MW,FR,FR,actual_solar_generation,Solar,2026-05-24T05:42:13Z
2026-05-24T05:41:40Z,2026-05-24T07:41:40+0200,04b1983b-7d82-4991-9c22-f60d67a0a20c,2026-05-17T18:30:00Z,2026-05-17T20:30:00+0200,967.34,MW,FR,FR,actual_solar_generation,Solar,2026-05-24T05:42:13Z
2026-05-24T05:41:40Z,2026-05-24T07:41:40+0200,04b1983b-7d82-4991-9c22-f60d67a0a20c,2026-05-17T18:45:00Z,2026-05-17T20:45:00+0200,679.15,MW,FR,FR,actual_solar_generation,Solar,2026-05-24T05:42:13Z
2026-05-24T05:41:40Z,2026-05-24T07:41:40+0200,04b1983b-7d82-4991-9c22-f60d67a0a20c,2026-05-17T19:00:00Z,2026-05-17T21:00:00+0200,461.36,MW,FR,FR,actual_solar_generation,Solar,2026-05-24T05:42:13Z
2026-05-24T05:41:40Z,2026-05-24T07:41:40+0200,04b1983b-7d82-4991-9c22-f60d67a0a20c,2026-05-17T19:15:00Z,2026-05-17T21:15:00+0200,311.42,MW,FR,FR,actual_solar_generation,Solar,2026-05-24T05:42:13Z
2026-05-24T05:41:40Z,2026-05-24T07:41:40+0200,04b1983b-7d82-4991-9c22-f60d67a0a20c,2026-05-17T19:30:00Z,2026-05-17T21:30:00+0200,217.45,MW,FR,FR,actual_solar_generation,Solar,2026-05-24T05:42:13Z
2026-05-24T05:41:40Z,2026-05-24T07:41:40+0200,04b1983b-7d82-4991-9c22-f60d67a0a20c,2026-05-17T19:45:00Z,2026-05-17T21:45:00+0200,187.24,MW,FR,FR,actual_solar_generation,Solar,2026-05-24T05:42:13Z
2026-05-24T05:41:40Z,2026-05-24T07:41:40+0200,04b1983b-7d82-4991-9c22-f60d67a0a20c,2026-05-17T20:00:00Z,2026-05-17T22:00:00+0200,182.97,MW,FR,FR,actual_solar_generation,Solar,2026-05-24T05:42:13Z
2026-05-24T05:41:40Z,2026-05-24T07:41:40+0200,04b1983b-7d82-4991-9c22-f60d67a0a20c,2026-05-17T20:15:00Z,2026-05-17T22:15:00+0200,186.41,MW,FR,FR,actual_solar_generation,Solar,2026-05-24T05:42:13Z
2026-05-24T05:41:40Z,2026-05-24T07:41:40+0200,04b1983b-7d82-4991-9c22-f60d67a0a20c,2026-05-17T20:30:00Z,2026-05-17T22:30:00+0200,188.33,MW,FR,FR,actual_solar_generation,Solar,2026-05-24T05:42:13Z
2026-05-24T05:41:40Z,2026-05-24T07:41:40+0200,04b1983b-7d82-4991-9c22-f60d67a0a20c,2026-05-17T20:45:00Z,2026-05-17T22:45:00+0200,190.52,MW,FR,FR,actual_solar_generation,Solar,2026-05-24T05:42:13Z
2026-05-24T05:41:40Z,2026-05-24T07:41:40+0200,04b1983b-7d82-4991-9c22-f60d67a0a20c,2026-05-17T21:00:00Z,2026-05-17T23:00:00+0200,0.0,MW,FR,FR,actual_solar_generation,Solar,2026-05-24T05:42:13Z
2026-05-24T05:41:40Z,2026-05-24T07:41:40+0200,04b1983b-7d82-4991-9c22-f60d67a0a20c,2026-05-17T21:15:00Z,2026-05-17T23:15:00+0200,0.0,MW,FR,FR,actual_solar_generation,Solar,2026-05-24T05:42:13Z
2026-05-24T05:41:40Z,2026-05-24T07:41:40+0200,04b1983b-7d82-4991-9c22-f60d67a0a20c,2026-05-17T21:30:00Z,2026-05-17T23:30:00+0200,0.0,MW,FR,FR,actual_solar_generation,Solar,2026-05-24T05:42:13Z
2026-05-24T05:41:40Z,2026-05-24T07:41:40+0200,04b1983b-7d82-4991-9c22-f60d67a0a20c,2026-05-17T21:45:00Z,2026-05-17T23:45:00+0200,0.0,MW,FR,FR,actual_solar_generation,Solar,2026-05-24T05:42:13Z
2026-05-24T05:41:40Z,2026-05-24T07:41:40+0200,04b1983b-7d82-4991-9c22-f60d67a0a20c,2026-05-17T22:00:00Z,2026-05-18T00:00:00+0200,0.0,MW,FR,FR,actual_solar_generation,Solar,2026-05-24T05:42:13Z
2026-05-24T05:41:40Z,2026-05-24T07:41:40+0200,04b1983b-7d82-4991-9c22-f60d67a0a20c,2026-05-17T22:15:00Z,2026-05-18T00:15:00+0200,0.0,MW,FR,FR,actual_solar_generation,Solar,2026-05-24T05:42:13Z
2026-05-24T05:41:40Z,2026-05-24T07:41:40+0200,04b1983b-7d82-4991-9c22-f60d67a0a20c,2026-05-17T22:30:00Z,2026-05-18T00:30:00+0200,0.0,MW,FR,FR,actual_solar_generation,Solar,2026-05-24T05:42:13Z
2026-05-24T05:41:40Z,2026-05-24T07:41:40+0200,04b1983b-7d82-4991-9c22-f60d67a0a20c,2026-05-17T22:45:00Z,2026-05-18T00:45:00+0200,0.0,MW,FR,FR,actual_solar_generation,Solar,2026-05-24T05:42:13Z
2026-05-24T05:41:40Z,2026-05-24T07:41:40+0200,04b1983b-7d82-4991-9c22-f60d67a0a20c,2026-05-17T23:00:00Z,2026-05-18T01:00:00+0200,0.0,MW,FR,FR,actual_solar_generation,Solar,2026-05-24T05:42:13Z
2026-05-24T05:41:40Z,2026-05-24T07:41:40+0200,04b1983b-7d82-4991-9c22-f60d67a0a20c,2026-05-17T23:15:00Z,2026-05-18T01:15:00+0200,0.0,MW,FR,FR,actual_solar_generation,Solar,2026-05-24T05:42:13Z
2026-05-24T05:41:40Z,2026-05-24T07:41:40+0200,04b1983b-7d82-4991-9c22-f60d67a0a20c,2026-05-17T23:30:00Z,2026-05-18T01:30:00+0200,0.0,MW,FR,FR,actual_solar_generation,Solar,2026-05-24T05:42:13Z
2026-05-24T05:41:40Z,2026-05-24T07:41:40+0200,04b1983b-7d82-4991-9c22-f60d67a0a20c,2026-05-17T23:45:00Z,2026-05-18T01:45:00+0200,0.0,MW,FR,FR,actual_solar_generation,Solar,2026-05-24T05:42:13Z
2026-05-24T05:41:40Z,2026-05-24T07:41:40+0200,04b1983b-7d82-4991-9c22-f60d67a0a20c,2026-05-18T00:00:00Z,2026-05-18T02:00:00+0200,0.0,MW,FR,FR,actual_solar_generation,Solar,2026-05-24T05:42:13Z
2026-05-24T05:41:40Z,2026-05-24T07:41:40+0200,04b1983b-7d82-4991-9c22-f60d67a0a20c,2026-05-18T00:15:00Z,2026-05-18T02:15:00+0200,0.0,MW,FR,FR,actual_solar_generation,Solar,2026-05-24T05:42:13Z
2026-05-24T05:41:40Z,2026-05-24T07:41:40+0200,04b1983b-7d82-4991-9c22-f60d67a0a20c,2026-05-18T00:30:00Z,2026-05-18T02:30:00+0200,0.0,MW,FR,FR,actual_solar_generation,Solar,2026-05-24T05:42:13Z
2026-05-24T05:41:40Z,2026-05-24T07:41:40+0200,04b1983b-7d82-4991-9c22-f60d67a0a20c,2026-05-18T00:45:00Z,2026-05-18T02:45:00+0200,0.0,MW,FR,FR,actual_solar_generation,Solar,2026-05-24T05:42:13Z
2026-05-24T05:41:40Z,2026-05-24T07:41:40+0200,04b1983b-7d82-4991-9c22-f60d67a0a20c,2026-05-18T01:00:00Z,2026-05-18T03:00:00+0200,0.0,MW,FR,FR,actual_solar_generation,Solar,2026-05-24T05:42:13Z
2026-05-24T05:41:40Z,2026-05-24T07:41:40+0200,04b1983b-7d82-4991-9c22-f60d67a0a20c,2026-05-18T01:15:00Z,2026-05-18T03:15:00+0200,0.0,MW,FR,FR,actual_solar_generation,Solar,2026-05-24T05:42:13Z
2026-05-24T05:41:40Z,2026-05-24T07:41:40+0200,04b1983b-7d82-4991-9c22-f60d67a0a20c,2026-05-18T01:30:00Z,2026-05-18T03:30:00+0200,0.0,MW,FR,FR,actual_solar_generation,Solar,2026-05-24T05:42:13Z
2026-05-24T05:41:40Z,2026-05-24T07:41:40+0200,04b1983b-7d82-4991-9c22-f60d67a0a20c,2026-05-18T01:45:00Z,2026-05-18T03:45:00+0200,0.0,MW,FR,FR,actual_solar_generation,Solar,2026-05-24T05:42:13Z
2026-05-24T05:41:40Z,2026-05-24T07:41:40+0200,04b1983b-7d82-4991-9c22-f60d67a0a20c,2026-05-18T02:00:00Z,2026-05-18T04:00:00+0200,0.0,MW,FR,FR,actual_solar_generation,Solar,2026-05-24T05:42:13Z
2026-05-24T05:41:40Z,2026-05-24T07:41:40+0200,04b1983b-7d82-4991-9c22-f60d67a0a20c,2026-05-18T02:15:00Z,2026-05-18T04:15:00+0200,0.0,MW,FR,FR,actual_solar_generation,Solar,2026-05-24T05:42:13Z
2026-05-24T05:41:40Z,2026-05-24T07:41:40+0200,04b1983b-7d82-4991-9c22-f60d67a0a20c,2026-05-18T02:30:00Z,2026-05-18T04:30:00+0200,0.0,MW,FR,FR,actual_solar_generation,Solar,2026-05-24T05:42:13Z
2026-05-24T05:41:40Z,2026-05-24T07:41:40+0200,04b1983b-7d82-4991-9c22-f60d67a0a20c,2026-05-18T02:45:00Z,2026-05-18T04:45:00+0200,0.0,MW,FR,FR,actual_solar_generation,Solar,2026-05-24T05:42:13Z
2026-05-24T05:41:40Z,2026-05-24T07:41:40+0200,04b1983b-7d82-4991-9c22-f60d67a0a20c,2026-05-18T03:00:00Z,2026-05-18T05:00:00+0200,0.0,MW,FR,FR,actual_solar_generation,Solar,2026-05-24T05:42:13Z
2026-05-24T05:41:40Z,2026-05-24T07:41:40+0200,04b1983b-7d82-4991-9c22-f60d67a0a20c,2026-05-18T03:15:00Z,2026-05-18T05:15:00+0200,0.0,MW,FR,FR,actual_solar_generation,Solar,2026-05-24T05:42:13Z
2026-05-24T05:41:40Z,2026-05-24T07:41:40+0200,04b1983b-7d82-4991-9c22-f60d67a0a20c,2026-05-18T03:30:00Z,2026-05-18T05:30:00+0200,0.0,MW,FR,FR,actual_solar_generation,Solar,2026-05-24T05:42:13Z
2026-05-24T05:41:40Z,2026-05-24T07:41:40+0200,04b1983b-7d82-4991-9c22-f60d67a0a20c,2026-05-18T03:45:00Z,2026-05-18T05:45:00+0200,0.0,MW,FR,FR,actual_solar_generation,Solar,2026-05-24T05:42:13Z
2026-05-24T05:41:40Z,2026-05-24T07:41:40+0200,04b1983b-7d82-4991-9c22-f60d67a0a20c,2026-05-18T04:00:00Z,2026-05-18T06:00:00+0200,224.22,MW,FR,FR,actual_solar_generation,Solar,2026-05-24T05:42:13Z
2026-05-24T05:41:40Z,2026-05-24T07:41:40+0200,04b1983b-7d82-4991-9c22-f60d67a0a20c,2026-05-18T04:15:00Z,2026-05-18T06:15:00+0200,265.92,MW,FR,FR,actual_solar_generation,Solar,2026-05-24T05:42:13Z
2026-05-24T05:41:40Z,2026-05-24T07:41:40+0200,04b1983b-7d82-4991-9c22-f60d67a0a20c,2026-05-18T04:30:00Z,2026-05-18T06:30:00+0200,382.64,MW,FR,FR,actual_solar_generation,Solar,2026-05-24T05:42:13Z
2026-05-24T05:41:40Z,2026-05-24T07:41:40+0200,04b1983b-7d82-4991-9c22-f60d67a0a20c,2026-05-18T04:45:00Z,2026-05-18T06:45:00+0200,574.57,MW,FR,FR,actual_solar_generation,Solar,2026-05-24T05:42:13Z
2026-05-24T05:41:40Z,2026-05-24T07:41:40+0200,04b1983b-7d82-4991-9c22-f60d67a0a20c,2026-05-18T05:00:00Z,2026-05-18T07:00:00+0200,857.55,MW,FR,FR,actual_solar_generation,Solar,2026-05-24T05:42:13Z
2026-05-24T05:41:40Z,2026-05-24T07:41:40+0200,04b1983b-7d82-4991-9c22-f60d67a0a20c,2026-05-18T05:15:00Z,2026-05-18T07:15:00+0200,1207.9,MW,FR,FR,actual_solar_generation,Solar,2026-05-24T05:42:13Z
2026-05-24T05:41:40Z,2026-05-24T07:41:40+0200,04b1983b-7d82-4991-9c22-f60d67a0a20c,2026-05-18T05:30:00Z,2026-05-18T07:30:00+0200,1681.85,MW,FR,FR,actual_solar_generation,Solar,2026-05-24T05:42:13Z
2026-05-24T05:41:40Z,2026-05-24T07:41:40+0200,04b1983b-7d82-4991-9c22-f60d67a0a20c,2026-05-18T05:45:00Z,2026-05-18T07:45:00+0200,2189.61,MW,FR,FR,actual_solar_generation,Solar,2026-05-24T05:42:13Z
2026-05-24T05:41:40Z,2026-05-24T07:41:40+0200,04b1983b-7d82-4991-9c22-f60d67a0a20c,2026-05-18T06:00:00Z,2026-05-18T08:00:00+0200,2739.61,MW,FR,FR,actual_solar_generation,Solar,2026-05-24T05:42:13Z
2026-05-24T05:41:40Z,2026-05-24T07:41:40+0200,04b1983b-7d82-4991-9c22-f60d67a0a20c,2026-05-18T06:15:00Z,2026-05-18T08:15:00+0200,3370.72,MW,FR,FR,actual_solar_generation,Solar,2026-05-24T05:42:13Z
2026-05-24T05:41:40Z,2026-05-24T07:41:40+0200,04b1983b-7d82-4991-9c22-f60d67a0a20c,2026-05-18T06:30:00Z,2026-05-18T08:30:00+0200,4191.91,MW,FR,FR,actual_solar_generation,Solar,2026-05-24T05:42:13Z
2026-05-24T05:41:40Z,2026-05-24T07:41:40+0200,04b1983b-7d82-4991-9c22-f60d67a0a20c,2026-05-18T06:45:00Z,2026-05-18T08:45:00+0200,4843.58,MW,FR,FR,actual_solar_generation,Solar,2026-05-24T05:42:13Z
2026-05-24T05:41:40Z,2026-05-24T07:41:40+0200,04b1983b-7d82-4991-9c22-f60d67a0a20c,2026-05-18T07:00:00Z,2026-05-18T09:00:00+0200,5431.09,MW,FR,FR,actual_solar_generation,Solar,2026-05-24T05:42:13Z
2026-05-24T05:41:40Z,2026-05-24T07:41:40+0200,04b1983b-7d82-4991-9c22-f60d67a0a20c,2026-05-18T07:15:00Z,2026-05-18T09:15:00+0200,6277.56,MW,FR,FR,actual_solar_generation,Solar,2026-05-24T05:42:13Z
2026-05-24T05:41:40Z,2026-05-24T07:41:40+0200,04b1983b-7d82-4991-9c22-f60d67a0a20c,2026-05-18T07:30:00Z,2026-05-18T09:30:00+0200,7143.89,MW,FR,FR,actual_solar_generation,Solar,2026-05-24T05:42:13Z
2026-05-24T05:41:40Z,2026-05-24T07:41:40+0200,04b1983b-7d82-4991-9c22-f60d67a0a20c,2026-05-18T07:45:00Z,2026-05-18T09:45:00+0200,7803.05,MW,FR,FR,actual_solar_generation,Solar,2026-05-24T05:42:13Z
2026-05-24T05:41:40Z,2026-05-24T07:41:40+0200,04b1983b-7d82-4991-9c22-f60d67a0a20c,2026-05-18T08:00:00Z,2026-05-18T10:00:00+0200,8611.69,MW,FR,FR,actual_solar_generation,Solar,2026-05-24T05:42:13Z
2026-05-24T05:41:40Z,2026-05-24T07:41:40+0200,04b1983b-7d82-4991-9c22-f60d67a0a20c,2026-05-18T08:15:00Z,2026-05-18T10:15:00+0200,9532.75,MW,FR,FR,actual_solar_generation,Solar,2026-05-24T05:42:13Z
2026-05-24T05:41:40Z,2026-05-24T07:41:40+0200,04b1983b-7d82-4991-9c22-f60d67a0a20c,2026-05-18T08:30:00Z,2026-05-18T10:30:00+0200,10273.07,MW,FR,FR,actual_solar_generation,Solar,2026-05-24T05:42:13Z
2026-05-24T05:41:40Z,2026-05-24T07:41:40+0200,04b1983b-7d82-4991-9c22-f60d67a0a20c,2026-05-18T08:45:00Z,2026-05-18T10:45:00+0200,10758.28,MW,FR,FR,actual_solar_generation,Solar,2026-05-24T05:42:13Z
2026-05-24T05:41:40Z,2026-05-24T07:41:40+0200,04b1983b-7d82-4991-9c22-f60d67a0a20c,2026-05-18T09:00:00Z,2026-05-18T11:00:00+0200,11341.88,MW,FR,FR,actual_solar_generation,Solar,2026-05-24T05:42:13Z
2026-05-24T05:41:40Z,2026-05-24T07:41:40+0200,04b1983b-7d82-4991-9c22-f60d67a0a20c,2026-05-18T09:15:00Z,2026-05-18T11:15:00+0200,11745.62,MW,FR,FR,actual_solar_generation,Solar,2026-05-24T05:42:13Z
2026-05-24T05:41:40Z,2026-05-24T07:41:40+0200,04b1983b-7d82-4991-9c22-f60d67a0a20c,2026-05-18T09:30:00Z,2026-05-18T11:30:00+0200,12103.8,MW,FR,FR,actual_solar_generation,Solar,2026-05-24T05:42:13Z
2026-05-24T05:41:40Z,2026-05-24T07:41:40+0200,04b1983b-7d82-4991-9c22-f60d67a0a20c,2026-05-18T09:45:00Z,2026-05-18T11:45:00+0200,12341.43,MW,FR,FR,actual_solar_generation,Solar,2026-05-24T05:42:13Z
2026-05-24T05:41:40Z,2026-05-24T07:41:40+0200,04b1983b-7d82-4991-9c22-f60d67a0a20c,2026-05-18T10:00:00Z,2026-05-18T12:00:00+0200,12509.64,MW,FR,FR,actual_solar_generation,Solar,2026-05-24T05:42:13Z
2026-05-24T05:41:40Z,2026-05-24T07:41:40+0200,04b1983b-7d82-4991-9c22-f60d67a0a20c,2026-05-18T10:15:00Z,2026-05-18T12:15:00+0200,12640.27,MW,FR,FR,actual_solar_generation,Solar,2026-05-24T05:42:13Z
2026-05-24T05:41:40Z,2026-05-24T07:41:40+0200,04b1983b-7d82-4991-9c22-f60d67a0a20c,2026-05-18T10:30:00Z,2026-05-18T12:30:00+0200,12706.44,MW,FR,FR,actual_solar_generation,Solar,2026-05-24T05:42:13Z
2026-05-24T05:41:40Z,2026-05-24T07:41:40+0200,04b1983b-7d82-4991-9c22-f60d67a0a20c,2026-05-18T10:45:00Z,2026-05-18T12:45:00+0200,12873.75,MW,FR,FR,actual_solar_generation,Solar,2026-05-24T05:42:13Z
2026-05-24T05:41:40Z,2026-05-24T07:41:40+0200,04b1983b-7d82-4991-9c22-f60d67a0a20c,2026-05-18T11:00:00Z,2026-05-18T13:00:00+0200,12663.7,MW,FR,FR,actual_solar_generation,Solar,2026-05-24T05:42:13Z
2026-05-24T05:41:40Z,2026-05-24T07:41:40+0200,04b1983b-7d82-4991-9c22-f60d67a0a20c,2026-05-18T11:15:00Z,2026-05-18T13:15:00+0200,12829.58,MW,FR,FR,actual_solar_generation,Solar,2026-05-24T05:42:13Z
2026-05-24T05:41:40Z,2026-05-24T07:41:40+0200,04b1983b-7d82-4991-9c22-f60d67a0a20c,2026-05-18T11:30:00Z,2026-05-18T13:30:00+0200,12912.38,MW,FR,FR,actual_solar_generation,Solar,2026-05-24T05:42:13Z
2026-05-24T05:41:40Z,2026-05-24T07:41:40+0200,04b1983b-7d82-4991-9c22-f60d67a0a20c,2026-05-18T11:45:00Z,2026-05-18T13:45:00+0200,12992.72,MW,FR,FR,actual_solar_generation,Solar,2026-05-24T05:42:13Z
2026-05-24T05:41:40Z,2026-05-24T07:41:40+0200,04b1983b-7d82-4991-9c22-f60d67a0a20c,2026-05-18T12:00:00Z,2026-05-18T14:00:00+0200,13339.7,MW,FR,FR,actual_solar_generation,Solar,2026-05-24T05:42:13Z
2026-05-24T05:41:40Z,2026-05-24T07:41:40+0200,04b1983b-7d82-4991-9c22-f60d67a0a20c,2026-05-18T12:15:00Z,2026-05-18T14:15:00+0200,13232.01,MW,FR,FR,actual_solar_generation,Solar,2026-05-24T05:42:13Z
2026-05-24T05:41:40Z,2026-05-24T07:41:40+0200,04b1983b-7d82-4991-9c22-f60d67a0a20c,2026-05-18T12:30:00Z,2026-05-18T14:30:00+0200,13030.38,MW,FR,FR,actual_solar_generation,Solar,2026-05-24T05:42:13Z
2026-05-24T05:41:40Z,2026-05-24T07:41:40+0200,04b1983b-7d82-4991-9c22-f60d67a0a20c,2026-05-18T12:45:00Z,2026-05-18T14:45:00+0200,13391.13,MW,FR,FR,actual_solar_generation,Solar,2026-05-24T05:42:13Z
2026-05-24T05:41:40Z,2026-05-24T07:41:40+0200,04b1983b-7d82-4991-9c22-f60d67a0a20c,2026-05-18T13:00:00Z,2026-05-18T15:00:00+0200,13204.75,MW,FR,FR,actual_solar_generation,Solar,2026-05-24T05:42:13Z
2026-05-24T05:41:40Z,2026-05-24T07:41:40+0200,04b1983b-7d82-4991-9c22-f60d67a0a20c,2026-05-18T13:15:00Z,2026-05-18T15:15:00+0200,13179.63,MW,FR,FR,actual_solar_generation,Solar,2026-05-24T05:42:13Z
2026-05-24T05:41:40Z,2026-05-24T07:41:40+0200,04b1983b-7d82-4991-9c22-f60d67a0a20c,2026-05-18T13:30:00Z,2026-05-18T15:30:00+0200,12784.83,MW,FR,FR,actual_solar_generation,Solar,2026-05-24T05:42:13Z
2026-05-24T05:41:40Z,2026-05-24T07:41:40+0200,04b1983b-7d82-4991-9c22-f60d67a0a20c,2026-05-18T13:45:00Z,2026-05-18T15:45:00+0200,12406.42,MW,FR,FR,actual_solar_generation,Solar,2026-05-24T05:42:13Z
2026-05-24T05:41:40Z,2026-05-24T07:41:40+0200,04b1983b-7d82-4991-9c22-f60d67a0a20c,2026-05-18T14:00:00Z,2026-05-18T16:00:00+0200,11994.68,MW,FR,FR,actual_solar_generation,Solar,2026-05-24T05:42:13Z
2026-05-24T05:41:40Z,2026-05-24T07:41:40+0200,04b1983b-7d82-4991-9c22-f60d67a0a20c,2026-05-18T14:15:00Z,2026-05-18T16:15:00+0200,11679.77,MW,FR,FR,actual_solar_generation,Solar,2026-05-24T05:42:13Z
2026-05-24T05:41:40Z,2026-05-24T07:41:40+0200,04b1983b-7d82-4991-9c22-f60d67a0a20c,2026-05-18T14:30:00Z,2026-05-18T16:30:00+0200,11251.99,MW,FR,FR,actual_solar_generation,Solar,2026-05-24T05:42:13Z
2026-05-24T05:41:40Z,2026-05-24T07:41:40+0200,04b1983b-7d82-4991-9c22-f60d67a0a20c,2026-05-18T14:45:00Z,2026-05-18T16:45:00+0200,10656.19,MW,FR,FR,actual_solar_generation,Solar,2026-05-24T05:42:13Z
2026-05-24T05:41:40Z,2026-05-24T07:41:40+0200,04b1983b-7d82-4991-9c22-f60d67a0a20c,2026-05-18T15:00:00Z,2026-05-18T17:00:00+0200,10104.79,MW,FR,FR,actual_solar_generation,Solar,2026-05-24T05:42:13Z
2026-05-24T05:41:40Z,2026-05-24T07:41:40+0200,04b1983b-7d82-4991-9c22-f60d67a0a20c,2026-05-18T15:15:00Z,2026-05-18T17:15:00+0200,9724.08,MW,FR,FR,actual_solar_generation,Solar,2026-05-24T05:42:13Z
2026-05-24T05:41:40Z,2026-05-24T07:41:40+0200,04b1983b-7d82-4991-9c22-f60d67a0a20c,2026-05-18T15:30:00Z,2026-05-18T17:30:00+0200,9218.07,MW,FR,FR,actual_solar_generation,Solar,2026-05-24T05:42:13Z
2026-05-24T05:41:40Z,2026-05-24T07:41:40+0200,04b1983b-7d82-4991-9c22-f60d67a0a20c,2026-05-18T15:45:00Z,2026-05-18T17:45:00+0200,8451.08,MW,FR,FR,actual_solar_generation,Solar,2026-05-24T05:42:13Z
2026-05-24T05:41:40Z,2026-05-24T07:41:40+0200,04b1983b-7d82-4991-9c22-f60d67a0a20c,2026-05-18T16:00:00Z,2026-05-18T18:00:00+0200,7730.29,MW,FR,FR,actual_solar_generation,Solar,2026-05-24T05:42:13Z
2026-05-24T05:41:40Z,2026-05-24T07:41:40+0200,04b1983b-7d82-4991-9c22-f60d67a0a20c,2026-05-18T16:15:00Z,2026-05-18T18:15:00+0200,6753.08,MW,FR,FR,actual_solar_generation,Solar,2026-05-24T05:42:13Z
2026-05-24T05:41:40Z,2026-05-24T07:41:40+0200,04b1983b-7d82-4991-9c22-f60d67a0a20c,2026-05-18T16:30:00Z,2026-05-18T18:30:00+0200,6040.48,MW,FR,FR,actual_solar_generation,Solar,2026-05-24T05:42:13Z
2026-05-24T05:41:40Z,2026-05-24T07:41:40+0200,04b1983b-7d82-4991-9c22-f60d67a0a20c,2026-05-18T16:45:00Z,2026-05-18T18:45:00+0200,5275.11,MW,FR,FR,actual_solar_generation,Solar,2026-05-24T05:42:13Z
2026-05-24T05:41:40Z,2026-05-24T07:41:40+0200,04b1983b-7d82-4991-9c22-f60d67a0a20c,2026-05-18T17:00:00Z,2026-05-18T19:00:00+0200,4543.17,MW,FR,FR,actual_solar_generation,Solar,2026-05-24T05:42:13Z
2026-05-24T05:41:40Z,2026-05-24T07:41:40+0200,04b1983b-7d82-4991-9c22-f60d67a0a20c,2026-05-18T17:15:00Z,2026-05-18T19:15:00+0200,3760.41,MW,FR,FR,actual_solar_generation,Solar,2026-05-24T05:42:13Z
2026-05-24T05:41:40Z,2026-05-24T07:41:40+0200,04b1983b-7d82-4991-9c22-f60d67a0a20c,2026-05-18T17:30:00Z,2026-05-18T19:30:00+0200,3018.04,MW,FR,FR,actual_solar_generation,Solar,2026-05-24T05:42:13Z
2026-05-24T05:41:40Z,2026-05-24T07:41:40+0200,04b1983b-7d82-4991-9c22-f60d67a0a20c,2026-05-18T17:45:00Z,2026-05-18T19:45:00+0200,2402.68,MW,FR,FR,actual_solar_generation,Solar,2026-05-24T05:42:13Z
2026-05-24T05:41:40Z,2026-05-24T07:41:40+0200,04b1983b-7d82-4991-9c22-f60d67a0a20c,2026-05-18T18:00:00Z,2026-05-18T20:00:00+0200,1796.49,MW,FR,FR,actual_solar_generation,Solar,2026-05-24T05:42:13Z
2026-05-24T05:41:40Z,2026-05-24T07:41:40+0200,04b1983b-7d82-4991-9c22-f60d67a0a20c,2026-05-18T18:15:00Z,2026-05-18T20:15:00+0200,1298.74,MW,FR,FR,actual_solar_generation,Solar,2026-05-24T05:42:13Z
2026-05-24T05:41:40Z,2026-05-24T07:41:40+0200,04b1983b-7d82-4991-9c22-f60d67a0a20c,2026-05-18T18:30:00Z,2026-05-18T20:30:00+0200,923.9,MW,FR,FR,actual_solar_generation,Solar,2026-05-24T05:42:13Z
2026-05-24T05:41:40Z,2026-05-24T07:41:40+0200,04b1983b-7d82-4991-9c22-f60d67a0a20c,2026-05-18T18:45:00Z,2026-05-18T20:45:00+0200,649.05,MW,FR,FR,actual_solar_generation,Solar,2026-05-24T05:42:13Z
2026-05-24T05:41:40Z,2026-05-24T07:41:40+0200,04b1983b-7d82-4991-9c22-f60d67a0a20c,2026-05-18T19:00:00Z,2026-05-18T21:00:00+0200,436.03,MW,FR,FR,actual_solar_generation,Solar,2026-05-24T05:42:13Z
2026-05-24T05:41:40Z,2026-05-24T07:41:40+0200,04b1983b-7d82-4991-9c22-f60d67a0a20c,2026-05-18T19:15:00Z,2026-05-18T21:15:00+0200,294.75,MW,FR,FR,actual_solar_generation,Solar,2026-05-24T05:42:13Z
2026-05-24T05:41:40Z,2026-05-24T07:41:40+0200,04b1983b-7d82-4991-9c22-f60d67a0a20c,2026-05-18T19:30:00Z,2026-05-18T21:30:00+0200,213.74,MW,FR,FR,actual_solar_generation,Solar,2026-05-24T05:42:13Z
2026-05-24T05:41:40Z,2026-05-24T07:41:40+0200,04b1983b-7d82-4991-9c22-f60d67a0a20c,2026-05-18T19:45:00Z,2026-05-18T21:45:00+0200,190.48,MW,FR,FR,actual_solar_generation,Solar,2026-05-24T05:42:13Z
2026-05-24T05:41:40Z,2026-05-24T07:41:40+0200,04b1983b-7d82-4991-9c22-f60d67a0a20c,2026-05-18T20:00:00Z,2026-05-18T22:00:00+0200,186.46,MW,FR,FR,actual_solar_generation,Solar,2026-05-24T05:42:13Z
2026-05-24T05:41:40Z,2026-05-24T07:41:40+0200,04b1983b-7d82-4991-9c22-f60d67a0a20c,2026-05-18T20:15:00Z,2026-05-18T22:15:00+0200,187.18,MW,FR,FR,actual_solar_generation,Solar,2026-05-24T05:42:13Z
2026-05-24T05:41:40Z,2026-05-24T07:41:40+0200,04b1983b-7d82-4991-9c22-f60d67a0a20c,2026-05-18T20:30:00Z,2026-05-18T22:30:00+0200,184.36,MW,FR,FR,actual_solar_generation,Solar,2026-05-24T05:42:13Z
2026-05-24T05:41:40Z,2026-05-24T07:41:40+0200,04b1983b-7d82-4991-9c22-f60d67a0a20c,2026-05-18T20:45:00Z,2026-05-18T22:45:00+0200,182.92,MW,FR,FR,actual_solar_generation,Solar,2026-05-24T05:42:13Z
2026-05-24T05:41:40Z,2026-05-24T07:41:40+0200,04b1983b-7d82-4991-9c22-f60d67a0a20c,2026-05-18T21:00:00Z,2026-05-18T23:00:00+0200,0.0,MW,FR,FR,actual_solar_generation,Solar,2026-05-24T05:42:13Z
2026-05-24T05:41:40Z,2026-05-24T07:41:40+0200,04b1983b-7d82-4991-9c22-f60d67a0a20c,2026-05-18T21:15:00Z,2026-05-18T23:15:00+0200,0.0,MW,FR,FR,actual_solar_generation,Solar,2026-05-24T05:42:13Z
2026-05-24T05:41:40Z,2026-05-24T07:41:40+0200,04b1983b-7d82-4991-9c22-f60d67a0a20c,2026-05-18T21:30:00Z,2026-05-18T23:30:00+0200,0.0,MW,FR,FR,actual_solar_generation,Solar,2026-05-24T05:42:13Z
2026-05-24T05:41:40Z,2026-05-24T07:41:40+0200,04b1983b-7d82-4991-9c22-f60d67a0a20c,2026-05-18T21:45:00Z,2026-05-18T23:45:00+0200,0.0,MW,FR,FR,actual_solar_generation,Solar,2026-05-24T05:42:13Z
2026-05-24T05:41:40Z,2026-05-24T07:41:40+0200,04b1983b-7d82-4991-9c22-f60d67a0a20c,2026-05-18T22:00:00Z,2026-05-19T00:00:00+0200,0.0,MW,FR,FR,actual_solar_generation,Solar,2026-05-24T05:42:13Z
2026-05-24T05:41:40Z,2026-05-24T07:41:40+0200,04b1983b-7d82-4991-9c22-f60d67a0a20c,2026-05-18T22:15:00Z,2026-05-19T00:15:00+0200,0.0,MW,FR,FR,actual_solar_generation,Solar,2026-05-24T05:42:13Z
2026-05-24T05:41:40Z,2026-05-24T07:41:40+0200,04b1983b-7d82-4991-9c22-f60d67a0a20c,2026-05-18T22:30:00Z,2026-05-19T00:30:00+0200,0.0,MW,FR,FR,actual_solar_generation,Solar,2026-05-24T05:42:13Z
2026-05-24T05:41:40Z,2026-05-24T07:41:40+0200,04b1983b-7d82-4991-9c22-f60d67a0a20c,2026-05-18T22:45:00Z,2026-05-19T00:45:00+0200,0.0,MW,FR,FR,actual_solar_generation,Solar,2026-05-24T05:42:13Z
2026-05-24T05:41:40Z,2026-05-24T07:41:40+0200,04b1983b-7d82-4991-9c22-f60d67a0a20c,2026-05-18T23:00:00Z,2026-05-19T01:00:00+0200,0.0,MW,FR,FR,actual_solar_generation,Solar,2026-05-24T05:42:13Z
2026-05-24T05:41:40Z,2026-05-24T07:41:40+0200,04b1983b-7d82-4991-9c22-f60d67a0a20c,2026-05-18T23:15:00Z,2026-05-19T01:15:00+0200,0.0,MW,FR,FR,actual_solar_generation,Solar,2026-05-24T05:42:13Z
2026-05-24T05:41:40Z,2026-05-24T07:41:40+0200,04b1983b-7d82-4991-9c22-f60d67a0a20c,2026-05-18T23:30:00Z,2026-05-19T01:30:00+0200,0.0,MW,FR,FR,actual_solar_generation,Solar,2026-05-24T05:42:13Z
2026-05-24T05:41:40Z,2026-05-24T07:41:40+0200,04b1983b-7d82-4991-9c22-f60d67a0a20c,2026-05-18T23:45:00Z,2026-05-19T01:45:00+0200,0.0,MW,FR,FR,actual_solar_generation,Solar,2026-05-24T05:42:13Z
2026-05-24T05:41:40Z,2026-05-24T07:41:40+0200,04b1983b-7d82-4991-9c22-f60d67a0a20c,2026-05-19T00:00:00Z,2026-05-19T02:00:00+0200,0.0,MW,FR,FR,actual_solar_generation,Solar,2026-05-24T05:42:13Z
2026-05-24T05:41:40Z,2026-05-24T07:41:40+0200,04b1983b-7d82-4991-9c22-f60d67a0a20c,2026-05-19T00:15:00Z,2026-05-19T02:15:00+0200,0.0,MW,FR,FR,actual_solar_generation,Solar,2026-05-24T05:42:13Z
2026-05-24T05:41:40Z,2026-05-24T07:41:40+0200,04b1983b-7d82-4991-9c22-f60d67a0a20c,2026-05-19T00:30:00Z,2026-05-19T02:30:00+0200,0.0,MW,FR,FR,actual_solar_generation,Solar,2026-05-24T05:42:13Z
2026-05-24T05:41:40Z,2026-05-24T07:41:40+0200,04b1983b-7d82-4991-9c22-f60d67a0a20c,2026-05-19T00:45:00Z,2026-05-19T02:45:00+0200,0.0,MW,FR,FR,actual_solar_generation,Solar,2026-05-24T05:42:13Z
2026-05-24T05:41:40Z,2026-05-24T07:41:40+0200,04b1983b-7d82-4991-9c22-f60d67a0a20c,2026-05-19T01:00:00Z,2026-05-19T03:00:00+0200,0.0,MW,FR,FR,actual_solar_generation,Solar,2026-05-24T05:42:13Z
2026-05-24T05:41:40Z,2026-05-24T07:41:40+0200,04b1983b-7d82-4991-9c22-f60d67a0a20c,2026-05-19T01:15:00Z,2026-05-19T03:15:00+0200,0.0,MW,FR,FR,actual_solar_generation,Solar,2026-05-24T05:42:13Z
2026-05-24T05:41:40Z,2026-05-24T07:41:40+0200,04b1983b-7d82-4991-9c22-f60d67a0a20c,2026-05-19T01:30:00Z,2026-05-19T03:30:00+0200,0.0,MW,FR,FR,actual_solar_generation,Solar,2026-05-24T05:42:13Z
2026-05-24T05:41:40Z,2026-05-24T07:41:40+0200,04b1983b-7d82-4991-9c22-f60d67a0a20c,2026-05-19T01:45:00Z,2026-05-19T03:45:00+0200,0.0,MW,FR,FR,actual_solar_generation,Solar,2026-05-24T05:42:13Z
2026-05-24T05:41:40Z,2026-05-24T07:41:40+0200,04b1983b-7d82-4991-9c22-f60d67a0a20c,2026-05-19T02:00:00Z,2026-05-19T04:00:00+0200,0.0,MW,FR,FR,actual_solar_generation,Solar,2026-05-24T05:42:13Z
2026-05-24T05:41:40Z,2026-05-24T07:41:40+0200,04b1983b-7d82-4991-9c22-f60d67a0a20c,2026-05-19T02:15:00Z,2026-05-19T04:15:00+0200,0.0,MW,FR,FR,actual_solar_generation,Solar,2026-05-24T05:42:13Z
2026-05-24T05:41:40Z,2026-05-24T07:41:40+0200,04b1983b-7d82-4991-9c22-f60d67a0a20c,2026-05-19T02:30:00Z,2026-05-19T04:30:00+0200,0.0,MW,FR,FR,actual_solar_generation,Solar,2026-05-24T05:42:13Z
2026-05-24T05:41:40Z,2026-05-24T07:41:40+0200,04b1983b-7d82-4991-9c22-f60d67a0a20c,2026-05-19T02:45:00Z,2026-05-19T04:45:00+0200,0.0,MW,FR,FR,actual_solar_generation,Solar,2026-05-24T05:42:13Z
2026-05-24T05:41:40Z,2026-05-24T07:41:40+0200,04b1983b-7d82-4991-9c22-f60d67a0a20c,2026-05-19T03:00:00Z,2026-05-19T05:00:00+0200,0.0,MW,FR,FR,actual_solar_generation,Solar,2026-05-24T05:42:13Z
2026-05-24T05:41:40Z,2026-05-24T07:41:40+0200,04b1983b-7d82-4991-9c22-f60d67a0a20c,2026-05-19T03:15:00Z,2026-05-19T05:15:00+0200,0.0,MW,FR,FR,actual_solar_generation,Solar,2026-05-24T05:42:13Z
2026-05-24T05:41:40Z,2026-05-24T07:41:40+0200,04b1983b-7d82-4991-9c22-f60d67a0a20c,2026-05-19T03:30:00Z,2026-05-19T05:30:00+0200,0.0,MW,FR,FR,actual_solar_generation,Solar,2026-05-24T05:42:13Z
2026-05-24T05:41:40Z,2026-05-24T07:41:40+0200,04b1983b-7d82-4991-9c22-f60d67a0a20c,2026-05-19T03:45:00Z,2026-05-19T05:45:00+0200,0.0,MW,FR,FR,actual_solar_generation,Solar,2026-05-24T05:42:13Z
2026-05-24T05:41:40Z,2026-05-24T07:41:40+0200,04b1983b-7d82-4991-9c22-f60d67a0a20c,2026-05-19T04:00:00Z,2026-05-19T06:00:00+0200,210.02,MW,FR,FR,actual_solar_generation,Solar,2026-05-24T05:42:13Z
2026-05-24T05:41:40Z,2026-05-24T07:41:40+0200,04b1983b-7d82-4991-9c22-f60d67a0a20c,2026-05-19T04:15:00Z,2026-05-19T06:15:00+0200,265.15,MW,FR,FR,actual_solar_generation,Solar,2026-05-24T05:42:13Z
2026-05-24T05:41:40Z,2026-05-24T07:41:40+0200,04b1983b-7d82-4991-9c22-f60d67a0a20c,2026-05-19T04:30:00Z,2026-05-19T06:30:00+0200,371.55,MW,FR,FR,actual_solar_generation,Solar,2026-05-24T05:42:13Z
2026-05-24T05:41:40Z,2026-05-24T07:41:40+0200,04b1983b-7d82-4991-9c22-f60d67a0a20c,2026-05-19T04:45:00Z,2026-05-19T06:45:00+0200,524.43,MW,FR,FR,actual_solar_generation,Solar,2026-05-24T05:42:13Z
2026-05-24T05:41:40Z,2026-05-24T07:41:40+0200,04b1983b-7d82-4991-9c22-f60d67a0a20c,2026-05-19T05:00:00Z,2026-05-19T07:00:00+0200,755.16,MW,FR,FR,actual_solar_generation,Solar,2026-05-24T05:42:13Z
2026-05-24T05:41:40Z,2026-05-24T07:41:40+0200,04b1983b-7d82-4991-9c22-f60d67a0a20c,2026-05-19T05:15:00Z,2026-05-19T07:15:00+0200,1087.17,MW,FR,FR,actual_solar_generation,Solar,2026-05-24T05:42:13Z
2026-05-24T05:41:40Z,2026-05-24T07:41:40+0200,04b1983b-7d82-4991-9c22-f60d67a0a20c,2026-05-19T05:30:00Z,2026-05-19T07:30:00+0200,1493.96,MW,FR,FR,actual_solar_generation,Solar,2026-05-24T05:42:13Z
2026-05-24T05:41:40Z,2026-05-24T07:41:40+0200,04b1983b-7d82-4991-9c22-f60d67a0a20c,2026-05-19T05:45:00Z,2026-05-19T07:45:00+0200,1904.14,MW,FR,FR,actual_solar_generation,Solar,2026-05-24T05:42:13Z
2026-05-24T05:41:40Z,2026-05-24T07:41:40+0200,04b1983b-7d82-4991-9c22-f60d67a0a20c,2026-05-19T06:00:00Z,2026-05-19T08:00:00+0200,2372.48,MW,FR,FR,actual_solar_generation,Solar,2026-05-24T05:42:13Z
2026-05-24T05:41:40Z,2026-05-24T07:41:40+0200,04b1983b-7d82-4991-9c22-f60d67a0a20c,2026-05-19T06:15:00Z,2026-05-19T08:15:00+0200,3038.9,MW,FR,FR,actual_solar_generation,Solar,2026-05-24T05:42:13Z
2026-05-24T05:41:40Z,2026-05-24T07:41:40+0200,04b1983b-7d82-4991-9c22-f60d67a0a20c,2026-05-19T06:30:00Z,2026-05-19T08:30:00+0200,3762.83,MW,FR,FR,actual_solar_generation,Solar,2026-05-24T05:42:13Z
2026-05-24T05:41:40Z,2026-05-24T07:41:40+0200,04b1983b-7d82-4991-9c22-f60d67a0a20c,2026-05-19T06:45:00Z,2026-05-19T08:45:00+0200,4440.57,MW,FR,FR,actual_solar_generation,Solar,2026-05-24T05:42:13Z
2026-05-24T05:41:40Z,2026-05-24T07:41:40+0200,04b1983b-7d82-4991-9c22-f60d67a0a20c,2026-05-19T07:00:00Z,2026-05-19T09:00:00+0200,5190.96,MW,FR,FR,actual_solar_generation,Solar,2026-05-24T05:42:13Z
2026-05-24T05:41:40Z,2026-05-24T07:41:40+0200,04b1983b-7d82-4991-9c22-f60d67a0a20c,2026-05-19T07:15:00Z,2026-05-19T09:15:00+0200,6025.08,MW,FR,FR,actual_solar_generation,Solar,2026-05-24T05:42:13Z
2026-05-24T05:41:40Z,2026-05-24T07:41:40+0200,04b1983b-7d82-4991-9c22-f60d67a0a20c,2026-05-19T07:30:00Z,2026-05-19T09:30:00+0200,6629.18,MW,FR,FR,actual_solar_generation,Solar,2026-05-24T05:42:13Z
2026-05-24T05:41:40Z,2026-05-24T07:41:40+0200,04b1983b-7d82-4991-9c22-f60d67a0a20c,2026-05-19T07:45:00Z,2026-05-19T09:45:00+0200,7751.39,MW,FR,FR,actual_solar_generation,Solar,2026-05-24T05:42:13Z
2026-05-24T05:41:40Z,2026-05-24T07:41:40+0200,04b1983b-7d82-4991-9c22-f60d67a0a20c,2026-05-19T08:00:00Z,2026-05-19T10:00:00+0200,8679.24,MW,FR,FR,actual_solar_generation,Solar,2026-05-24T05:42:13Z
2026-05-24T05:41:40Z,2026-05-24T07:41:40+0200,04b1983b-7d82-4991-9c22-f60d67a0a20c,2026-05-19T08:15:00Z,2026-05-19T10:15:00+0200,9585.99,MW,FR,FR,actual_solar_generation,Solar,2026-05-24T05:42:13Z
2026-05-24T05:41:40Z,2026-05-24T07:41:40+0200,04b1983b-7d82-4991-9c22-f60d67a0a20c,2026-05-19T08:30:00Z,2026-05-19T10:30:00+0200,10160.27,MW,FR,FR,actual_solar_generation,Solar,2026-05-24T05:42:13Z
2026-05-24T05:41:40Z,2026-05-24T07:41:40+0200,04b1983b-7d82-4991-9c22-f60d67a0a20c,2026-05-19T08:45:00Z,2026-05-19T10:45:00+0200,10695.05,MW,FR,FR,actual_solar_generation,Solar,2026-05-24T05:42:13Z
2026-05-24T05:41:40Z,2026-05-24T07:41:40+0200,04b1983b-7d82-4991-9c22-f60d67a0a20c,2026-05-19T09:00:00Z,2026-05-19T11:00:00+0200,11403.25,MW,FR,FR,actual_solar_generation,Solar,2026-05-24T05:42:13Z
2026-05-24T05:41:40Z,2026-05-24T07:41:40+0200,04b1983b-7d82-4991-9c22-f60d67a0a20c,2026-05-19T09:15:00Z,2026-05-19T11:15:00+0200,11791.67,MW,FR,FR,actual_solar_generation,Solar,2026-05-24T05:42:13Z
2026-05-24T05:41:40Z,2026-05-24T07:41:40+0200,04b1983b-7d82-4991-9c22-f60d67a0a20c,2026-05-19T09:30:00Z,2026-05-19T11:30:00+0200,12316.08,MW,FR,FR,actual_solar_generation,Solar,2026-05-24T05:42:13Z
2026-05-24T05:41:40Z,2026-05-24T07:41:40+0200,04b1983b-7d82-4991-9c22-f60d67a0a20c,2026-05-19T09:45:00Z,2026-05-19T11:45:00+0200,12854.54,MW,FR,FR,actual_solar_generation,Solar,2026-05-24T05:42:13Z
2026-05-24T05:41:40Z,2026-05-24T07:41:40+0200,04b1983b-7d82-4991-9c22-f60d67a0a20c,2026-05-19T10:00:00Z,2026-05-19T12:00:00+0200,13108.94,MW,FR,FR,actual_solar_generation,Solar,2026-05-24T05:42:13Z
2026-05-24T05:41:40Z,2026-05-24T07:41:40+0200,04b1983b-7d82-4991-9c22-f60d67a0a20c,2026-05-19T10:15:00Z,2026-05-19T12:15:00+0200,13466.58,MW,FR,FR,actual_solar_generation,Solar,2026-05-24T05:42:13Z
2026-05-24T05:41:40Z,2026-05-24T07:41:40+0200,04b1983b-7d82-4991-9c22-f60d67a0a20c,2026-05-19T10:30:00Z,2026-05-19T12:30:00+0200,13385.42,MW,FR,FR,actual_solar_generation,Solar,2026-05-24T05:42:13Z
2026-05-24T05:41:40Z,2026-05-24T07:41:40+0200,04b1983b-7d82-4991-9c22-f60d67a0a20c,2026-05-19T10:45:00Z,2026-05-19T12:45:00+0200,13422.38,MW,FR,FR,actual_solar_generation,Solar,2026-05-24T05:42:13Z
2026-05-24T05:41:40Z,2026-05-24T07:41:40+0200,04b1983b-7d82-4991-9c22-f60d67a0a20c,2026-05-19T11:00:00Z,2026-05-19T13:00:00+0200,13401.42,MW,FR,FR,actual_solar_generation,Solar,2026-05-24T05:42:13Z
2026-05-24T05:41:40Z,2026-05-24T07:41:40+0200,04b1983b-7d82-4991-9c22-f60d67a0a20c,2026-05-19T11:15:00Z,2026-05-19T13:15:00+0200,13490.82,MW,FR,FR,actual_solar_generation,Solar,2026-05-24T05:42:13Z
2026-05-24T05:41:40Z,2026-05-24T07:41:40+0200,04b1983b-7d82-4991-9c22-f60d67a0a20c,2026-05-19T11:30:00Z,2026-05-19T13:30:00+0200,13591.59,MW,FR,FR,actual_solar_generation,Solar,2026-05-24T05:42:13Z
2026-05-24T05:41:40Z,2026-05-24T07:41:40+0200,04b1983b-7d82-4991-9c22-f60d67a0a20c,2026-05-19T11:45:00Z,2026-05-19T13:45:00+0200,13743.09,MW,FR,FR,actual_solar_generation,Solar,2026-05-24T05:42:13Z
2026-05-24T05:41:40Z,2026-05-24T07:41:40+0200,04b1983b-7d82-4991-9c22-f60d67a0a20c,2026-05-19T12:00:00Z,2026-05-19T14:00:00+0200,13763.98,MW,FR,FR,actual_solar_generation,Solar,2026-05-24T05:42:13Z
2026-05-24T05:41:40Z,2026-05-24T07:41:40+0200,04b1983b-7d82-4991-9c22-f60d67a0a20c,2026-05-19T12:15:00Z,2026-05-19T14:15:00+0200,13763.71,MW,FR,FR,actual_solar_generation,Solar,2026-05-24T05:42:13Z
2026-05-24T05:41:40Z,2026-05-24T07:41:40+0200,04b1983b-7d82-4991-9c22-f60d67a0a20c,2026-05-19T12:30:00Z,2026-05-19T14:30:00+0200,13495.44,MW,FR,FR,actual_solar_generation,Solar,2026-05-24T05:42:13Z
2026-05-24T05:41:40Z,2026-05-24T07:41:40+0200,04b1983b-7d82-4991-9c22-f60d67a0a20c,2026-05-19T12:45:00Z,2026-05-19T14:45:00+0200,13422.88,MW,FR,FR,actual_solar_generation,Solar,2026-05-24T05:42:13Z
2026-05-24T05:41:40Z,2026-05-24T07:41:40+0200,04b1983b-7d82-4991-9c22-f60d67a0a20c,2026-05-19T13:00:00Z,2026-05-19T15:00:00+0200,13223.02,MW,FR,FR,actual_solar_generation,Solar,2026-05-24T05:42:13Z
2026-05-24T05:41:40Z,2026-05-24T07:41:40+0200,04b1983b-7d82-4991-9c22-f60d67a0a20c,2026-05-19T13:15:00Z,2026-05-19T15:15:00+0200,13032.82,MW,FR,FR,actual_solar_generation,Solar,2026-05-24T05:42:13Z
2026-05-24T05:41:40Z,2026-05-24T07:41:40+0200,04b1983b-7d82-4991-9c22-f60d67a0a20c,2026-05-19T13:30:00Z,2026-05-19T15:30:00+0200,12811.56,MW,FR,FR,actual_solar_generation,Solar,2026-05-24T05:42:13Z
2026-05-24T05:41:40Z,2026-05-24T07:41:40+0200,04b1983b-7d82-4991-9c22-f60d67a0a20c,2026-05-19T13:45:00Z,2026-05-19T15:45:00+0200,12633.91,MW,FR,FR,actual_solar_generation,Solar,2026-05-24T05:42:13Z
2026-05-24T05:41:40Z,2026-05-24T07:41:40+0200,04b1983b-7d82-4991-9c22-f60d67a0a20c,2026-05-19T14:00:00Z,2026-05-19T16:00:00+0200,12214.5,MW,FR,FR,actual_solar_generation,Solar,2026-05-24T05:42:13Z
2026-05-24T05:41:40Z,2026-05-24T07:41:40+0200,04b1983b-7d82-4991-9c22-f60d67a0a20c,2026-05-19T14:15:00Z,2026-05-19T16:15:00+0200,11896.73,MW,FR,FR,actual_solar_generation,Solar,2026-05-24T05:42:13Z
2026-05-24T05:41:40Z,2026-05-24T07:41:40+0200,04b1983b-7d82-4991-9c22-f60d67a0a20c,2026-05-19T14:30:00Z,2026-05-19T16:30:00+0200,11612.02,MW,FR,FR,actual_solar_generation,Solar,2026-05-24T05:42:13Z
2026-05-24T05:41:40Z,2026-05-24T07:41:40+0200,04b1983b-7d82-4991-9c22-f60d67a0a20c,2026-05-19T14:45:00Z,2026-05-19T16:45:00+0200,11168.78,MW,FR,FR,actual_solar_generation,Solar,2026-05-24T05:42:13Z
2026-05-24T05:41:40Z,2026-05-24T07:41:40+0200,04b1983b-7d82-4991-9c22-f60d67a0a20c,2026-05-19T15:00:00Z,2026-05-19T17:00:00+0200,10655.55,MW,FR,FR,actual_solar_generation,Solar,2026-05-24T05:42:13Z
2026-05-24T05:41:40Z,2026-05-24T07:41:40+0200,04b1983b-7d82-4991-9c22-f60d67a0a20c,2026-05-19T15:15:00Z,2026-05-19T17:15:00+0200,10080.91,MW,FR,FR,actual_solar_generation,Solar,2026-05-24T05:42:13Z
2026-05-24T05:41:40Z,2026-05-24T07:41:40+0200,04b1983b-7d82-4991-9c22-f60d67a0a20c,2026-05-19T15:30:00Z,2026-05-19T17:30:00+0200,9549.21,MW,FR,FR,actual_solar_generation,Solar,2026-05-24T05:42:13Z
2026-05-24T05:41:40Z,2026-05-24T07:41:40+0200,04b1983b-7d82-4991-9c22-f60d67a0a20c,2026-05-19T15:45:00Z,2026-05-19T17:45:00+0200,8737.61,MW,FR,FR,actual_solar_generation,Solar,2026-05-24T05:42:13Z
2026-05-24T05:41:40Z,2026-05-24T07:41:40+0200,04b1983b-7d82-4991-9c22-f60d67a0a20c,2026-05-19T16:00:00Z,2026-05-19T18:00:00+0200,7979.91,MW,FR,FR,actual_solar_generation,Solar,2026-05-24T05:42:13Z
2026-05-24T05:41:40Z,2026-05-24T07:41:40+0200,04b1983b-7d82-4991-9c22-f60d67a0a20c,2026-05-19T16:15:00Z,2026-05-19T18:15:00+0200,7285.56,MW,FR,FR,actual_solar_generation,Solar,2026-05-24T05:42:13Z
2026-05-24T05:41:40Z,2026-05-24T07:41:40+0200,04b1983b-7d82-4991-9c22-f60d67a0a20c,2026-05-19T16:30:00Z,2026-05-19T18:30:00+0200,6517.83,MW,FR,FR,actual_solar_generation,Solar,2026-05-24T05:42:13Z
2026-05-24T05:41:40Z,2026-05-24T07:41:40+0200,04b1983b-7d82-4991-9c22-f60d67a0a20c,2026-05-19T16:45:00Z,2026-05-19T18:45:00+0200,5762.64,MW,FR,FR,actual_solar_generation,Solar,2026-05-24T05:42:13Z
2026-05-24T05:41:40Z,2026-05-24T07:41:40+0200,04b1983b-7d82-4991-9c22-f60d67a0a20c,2026-05-19T17:00:00Z,2026-05-19T19:00:00+0200,4947.53,MW,FR,FR,actual_solar_generation,Solar,2026-05-24T05:42:13Z
2026-05-24T05:41:40Z,2026-05-24T07:41:40+0200,04b1983b-7d82-4991-9c22-f60d67a0a20c,2026-05-19T17:15:00Z,2026-05-19T19:15:00+0200,4177.26,MW,FR,FR,actual_solar_generation,Solar,2026-05-24T05:42:13Z
2026-05-24T05:41:40Z,2026-05-24T07:41:40+0200,04b1983b-7d82-4991-9c22-f60d67a0a20c,2026-05-19T17:30:00Z,2026-05-19T19:30:00+0200,3420.32,MW,FR,FR,actual_solar_generation,Solar,2026-05-24T05:42:13Z
2026-05-24T05:41:40Z,2026-05-24T07:41:40+0200,04b1983b-7d82-4991-9c22-f60d67a0a20c,2026-05-19T17:45:00Z,2026-05-19T19:45:00+0200,2776.7,MW,FR,FR,actual_solar_generation,Solar,2026-05-24T05:42:13Z
2026-05-24T05:41:40Z,2026-05-24T07:41:40+0200,04b1983b-7d82-4991-9c22-f60d67a0a20c,2026-05-19T18:00:00Z,2026-05-19T20:00:00+0200,2102.72,MW,FR,FR,actual_solar_generation,Solar,2026-05-24T05:42:13Z
2026-05-24T05:41:40Z,2026-05-24T07:41:40+0200,04b1983b-7d82-4991-9c22-f60d67a0a20c,2026-05-19T18:15:00Z,2026-05-19T20:15:00+0200,1530.09,MW,FR,FR,actual_solar_generation,Solar,2026-05-24T05:42:13Z
2026-05-24T05:41:40Z,2026-05-24T07:41:40+0200,04b1983b-7d82-4991-9c22-f60d67a0a20c,2026-05-19T18:30:00Z,2026-05-19T20:30:00+0200,1055.52,MW,FR,FR,actual_solar_generation,Solar,2026-05-24T05:42:13Z
2026-05-24T05:41:40Z,2026-05-24T07:41:40+0200,04b1983b-7d82-4991-9c22-f60d67a0a20c,2026-05-19T18:45:00Z,2026-05-19T20:45:00+0200,733.47,MW,FR,FR,actual_solar_generation,Solar,2026-05-24T05:42:13Z
2026-05-24T05:41:40Z,2026-05-24T07:41:40+0200,04b1983b-7d82-4991-9c22-f60d67a0a20c,2026-05-19T19:00:00Z,2026-05-19T21:00:00+0200,471.11,MW,FR,FR,actual_solar_generation,Solar,2026-05-24T05:42:13Z
2026-05-24T05:41:40Z,2026-05-24T07:41:40+0200,04b1983b-7d82-4991-9c22-f60d67a0a20c,2026-05-19T19:15:00Z,2026-05-19T21:15:00+0200,275.51,MW,FR,FR,actual_solar_generation,Solar,2026-05-24T05:42:13Z
2026-05-24T05:41:40Z,2026-05-24T07:41:40+0200,04b1983b-7d82-4991-9c22-f60d67a0a20c,2026-05-19T19:30:00Z,2026-05-19T21:30:00+0200,172.68,MW,FR,FR,actual_solar_generation,Solar,2026-05-24T05:42:13Z
2026-05-24T05:41:40Z,2026-05-24T07:41:40+0200,04b1983b-7d82-4991-9c22-f60d67a0a20c,2026-05-19T19:45:00Z,2026-05-19T21:45:00+0200,136.76,MW,FR,FR,actual_solar_generation,Solar,2026-05-24T05:42:13Z
2026-05-24T05:41:40Z,2026-05-24T07:41:40+0200,04b1983b-7d82-4991-9c22-f60d67a0a20c,2026-05-19T20:00:00Z,2026-05-19T22:00:00+0200,132.13,MW,FR,FR,actual_solar_generation,Solar,2026-05-24T05:42:13Z
2026-05-24T05:41:40Z,2026-05-24T07:41:40+0200,04b1983b-7d82-4991-9c22-f60d67a0a20c,2026-05-19T20:15:00Z,2026-05-19T22:15:00+0200,131.43,MW,FR,FR,actual_solar_generation,Solar,2026-05-24T05:42:13Z
2026-05-24T05:41:40Z,2026-05-24T07:41:40+0200,04b1983b-7d82-4991-9c22-f60d67a0a20c,2026-05-19T20:30:00Z,2026-05-19T22:30:00+0200,136.36,MW,FR,FR,actual_solar_generation,Solar,2026-05-24T05:42:13Z
2026-05-24T05:41:40Z,2026-05-24T07:41:40+0200,04b1983b-7d82-4991-9c22-f60d67a0a20c,2026-05-19T20:45:00Z,2026-05-19T22:45:00+0200,137.67,MW,FR,FR,actual_solar_generation,Solar,2026-05-24T05:42:13Z
2026-05-24T05:41:40Z,2026-05-24T07:41:40+0200,04b1983b-7d82-4991-9c22-f60d67a0a20c,2026-05-19T21:00:00Z,2026-05-19T23:00:00+0200,0.0,MW,FR,FR,actual_solar_generation,Solar,2026-05-24T05:42:13Z
2026-05-24T05:41:40Z,2026-05-24T07:41:40+0200,04b1983b-7d82-4991-9c22-f60d67a0a20c,2026-05-19T21:15:00Z,2026-05-19T23:15:00+0200,0.0,MW,FR,FR,actual_solar_generation,Solar,2026-05-24T05:42:13Z
2026-05-24T05:41:40Z,2026-05-24T07:41:40+0200,04b1983b-7d82-4991-9c22-f60d67a0a20c,2026-05-19T21:30:00Z,2026-05-19T23:30:00+0200,0.0,MW,FR,FR,actual_solar_generation,Solar,2026-05-24T05:42:13Z
2026-05-24T05:41:40Z,2026-05-24T07:41:40+0200,04b1983b-7d82-4991-9c22-f60d67a0a20c,2026-05-19T21:45:00Z,2026-05-19T23:45:00+0200,0.0,MW,FR,FR,actual_solar_generation,Solar,2026-05-24T05:42:13Z
2026-05-24T05:41:40Z,2026-05-24T07:41:40+0200,04b1983b-7d82-4991-9c22-f60d67a0a20c,2026-05-19T22:00:00Z,2026-05-20T00:00:00+0200,0.0,MW,FR,FR,actual_solar_generation,Solar,2026-05-24T05:42:13Z
2026-05-24T05:41:40Z,2026-05-24T07:41:40+0200,04b1983b-7d82-4991-9c22-f60d67a0a20c,2026-05-19T22:15:00Z,2026-05-20T00:15:00+0200,0.0,MW,FR,FR,actual_solar_generation,Solar,2026-05-24T05:42:13Z
2026-05-24T05:41:40Z,2026-05-24T07:41:40+0200,04b1983b-7d82-4991-9c22-f60d67a0a20c,2026-05-19T22:30:00Z,2026-05-20T00:30:00+0200,0.0,MW,FR,FR,actual_solar_generation,Solar,2026-05-24T05:42:13Z
2026-05-24T05:41:40Z,2026-05-24T07:41:40+0200,04b1983b-7d82-4991-9c22-f60d67a0a20c,2026-05-19T22:45:00Z,2026-05-20T00:45:00+0200,0.0,MW,FR,FR,actual_solar_generation,Solar,2026-05-24T05:42:13Z
2026-05-24T05:41:40Z,2026-05-24T07:41:40+0200,04b1983b-7d82-4991-9c22-f60d67a0a20c,2026-05-19T23:00:00Z,2026-05-20T01:00:00+0200,0.0,MW,FR,FR,actual_solar_generation,Solar,2026-05-24T05:42:13Z
2026-05-24T05:41:40Z,2026-05-24T07:41:40+0200,04b1983b-7d82-4991-9c22-f60d67a0a20c,2026-05-19T23:15:00Z,2026-05-20T01:15:00+0200,0.0,MW,FR,FR,actual_solar_generation,Solar,2026-05-24T05:42:13Z
2026-05-24T05:41:40Z,2026-05-24T07:41:40+0200,04b1983b-7d82-4991-9c22-f60d67a0a20c,2026-05-19T23:30:00Z,2026-05-20T01:30:00+0200,0.0,MW,FR,FR,actual_solar_generation,Solar,2026-05-24T05:42:13Z
2026-05-24T05:41:40Z,2026-05-24T07:41:40+0200,04b1983b-7d82-4991-9c22-f60d67a0a20c,2026-05-19T23:45:00Z,2026-05-20T01:45:00+0200,0.0,MW,FR,FR,actual_solar_generation,Solar,2026-05-24T05:42:13Z
2026-05-24T05:41:40Z,2026-05-24T07:41:40+0200,04b1983b-7d82-4991-9c22-f60d67a0a20c,2026-05-20T00:00:00Z,2026-05-20T02:00:00+0200,0.0,MW,FR,FR,actual_solar_generation,Solar,2026-05-24T05:42:13Z
2026-05-24T05:41:40Z,2026-05-24T07:41:40+0200,04b1983b-7d82-4991-9c22-f60d67a0a20c,2026-05-20T00:15:00Z,2026-05-20T02:15:00+0200,0.0,MW,FR,FR,actual_solar_generation,Solar,2026-05-24T05:42:13Z
2026-05-24T05:41:40Z,2026-05-24T07:41:40+0200,04b1983b-7d82-4991-9c22-f60d67a0a20c,2026-05-20T00:30:00Z,2026-05-20T02:30:00+0200,0.0,MW,FR,FR,actual_solar_generation,Solar,2026-05-24T05:42:13Z
2026-05-24T05:41:40Z,2026-05-24T07:41:40+0200,04b1983b-7d82-4991-9c22-f60d67a0a20c,2026-05-20T00:45:00Z,2026-05-20T02:45:00+0200,0.0,MW,FR,FR,actual_solar_generation,Solar,2026-05-24T05:42:13Z
2026-05-24T05:41:40Z,2026-05-24T07:41:40+0200,04b1983b-7d82-4991-9c22-f60d67a0a20c,2026-05-20T01:00:00Z,2026-05-20T03:00:00+0200,0.0,MW,FR,FR,actual_solar_generation,Solar,2026-05-24T05:42:13Z
2026-05-24T05:41:40Z,2026-05-24T07:41:40+0200,04b1983b-7d82-4991-9c22-f60d67a0a20c,2026-05-20T01:15:00Z,2026-05-20T03:15:00+0200,0.0,MW,FR,FR,actual_solar_generation,Solar,2026-05-24T05:42:13Z
2026-05-24T05:41:40Z,2026-05-24T07:41:40+0200,04b1983b-7d82-4991-9c22-f60d67a0a20c,2026-05-20T01:30:00Z,2026-05-20T03:30:00+0200,0.0,MW,FR,FR,actual_solar_generation,Solar,2026-05-24T05:42:13Z
2026-05-24T05:41:40Z,2026-05-24T07:41:40+0200,04b1983b-7d82-4991-9c22-f60d67a0a20c,2026-05-20T01:45:00Z,2026-05-20T03:45:00+0200,0.0,MW,FR,FR,actual_solar_generation,Solar,2026-05-24T05:42:13Z
2026-05-24T05:41:40Z,2026-05-24T07:41:40+0200,04b1983b-7d82-4991-9c22-f60d67a0a20c,2026-05-20T02:00:00Z,2026-05-20T04:00:00+0200,0.0,MW,FR,FR,actual_solar_generation,Solar,2026-05-24T05:42:13Z
2026-05-24T05:41:40Z,2026-05-24T07:41:40+0200,04b1983b-7d82-4991-9c22-f60d67a0a20c,2026-05-20T02:15:00Z,2026-05-20T04:15:00+0200,0.0,MW,FR,FR,actual_solar_generation,Solar,2026-05-24T05:42:13Z
2026-05-24T05:41:40Z,2026-05-24T07:41:40+0200,04b1983b-7d82-4991-9c22-f60d67a0a20c,2026-05-20T02:30:00Z,2026-05-20T04:30:00+0200,0.0,MW,FR,FR,actual_solar_generation,Solar,2026-05-24T05:42:13Z
2026-05-24T05:41:40Z,2026-05-24T07:41:40+0200,04b1983b-7d82-4991-9c22-f60d67a0a20c,2026-05-20T02:45:00Z,2026-05-20T04:45:00+0200,0.0,MW,FR,FR,actual_solar_generation,Solar,2026-05-24T05:42:13Z
2026-05-24T05:41:40Z,2026-05-24T07:41:40+0200,04b1983b-7d82-4991-9c22-f60d67a0a20c,2026-05-20T03:00:00Z,2026-05-20T05:00:00+0200,0.0,MW,FR,FR,actual_solar_generation,Solar,2026-05-24T05:42:13Z
2026-05-24T05:41:40Z,2026-05-24T07:41:40+0200,04b1983b-7d82-4991-9c22-f60d67a0a20c,2026-05-20T03:15:00Z,2026-05-20T05:15:00+0200,0.0,MW,FR,FR,actual_solar_generation,Solar,2026-05-24T05:42:13Z
2026-05-24T05:41:40Z,2026-05-24T07:41:40+0200,04b1983b-7d82-4991-9c22-f60d67a0a20c,2026-05-20T03:30:00Z,2026-05-20T05:30:00+0200,0.0,MW,FR,FR,actual_solar_generation,Solar,2026-05-24T05:42:13Z
2026-05-24T05:41:40Z,2026-05-24T07:41:40+0200,04b1983b-7d82-4991-9c22-f60d67a0a20c,2026-05-20T03:45:00Z,2026-05-20T05:45:00+0200,0.0,MW,FR,FR,actual_solar_generation,Solar,2026-05-24T05:42:13Z
2026-05-24T05:41:40Z,2026-05-24T07:41:40+0200,04b1983b-7d82-4991-9c22-f60d67a0a20c,2026-05-20T04:00:00Z,2026-05-20T06:00:00+0200,153.79,MW,FR,FR,actual_solar_generation,Solar,2026-05-24T05:42:13Z
2026-05-24T05:41:40Z,2026-05-24T07:41:40+0200,04b1983b-7d82-4991-9c22-f60d67a0a20c,2026-05-20T04:15:00Z,2026-05-20T06:15:00+0200,217.98,MW,FR,FR,actual_solar_generation,Solar,2026-05-24T05:42:13Z
2026-05-24T05:41:40Z,2026-05-24T07:41:40+0200,04b1983b-7d82-4991-9c22-f60d67a0a20c,2026-05-20T04:30:00Z,2026-05-20T06:30:00+0200,310.46,MW,FR,FR,actual_solar_generation,Solar,2026-05-24T05:42:13Z
2026-05-24T05:41:40Z,2026-05-24T07:41:40+0200,04b1983b-7d82-4991-9c22-f60d67a0a20c,2026-05-20T04:45:00Z,2026-05-20T06:45:00+0200,479.79,MW,FR,FR,actual_solar_generation,Solar,2026-05-24T05:42:13Z
2026-05-24T05:41:40Z,2026-05-24T07:41:40+0200,04b1983b-7d82-4991-9c22-f60d67a0a20c,2026-05-20T05:00:00Z,2026-05-20T07:00:00+0200,701.09,MW,FR,FR,actual_solar_generation,Solar,2026-05-24T05:42:13Z
2026-05-24T05:41:40Z,2026-05-24T07:41:40+0200,04b1983b-7d82-4991-9c22-f60d67a0a20c,2026-05-20T05:15:00Z,2026-05-20T07:15:00+0200,1107.15,MW,FR,FR,actual_solar_generation,Solar,2026-05-24T05:42:13Z
2026-05-24T05:41:40Z,2026-05-24T07:41:40+0200,04b1983b-7d82-4991-9c22-f60d67a0a20c,2026-05-20T05:30:00Z,2026-05-20T07:30:00+0200,1660.42,MW,FR,FR,actual_solar_generation,Solar,2026-05-24T05:42:13Z
2026-05-24T05:41:40Z,2026-05-24T07:41:40+0200,04b1983b-7d82-4991-9c22-f60d67a0a20c,2026-05-20T05:45:00Z,2026-05-20T07:45:00+0200,2270.61,MW,FR,FR,actual_solar_generation,Solar,2026-05-24T05:42:13Z
2026-05-24T05:41:40Z,2026-05-24T07:41:40+0200,04b1983b-7d82-4991-9c22-f60d67a0a20c,2026-05-20T06:00:00Z,2026-05-20T08:00:00+0200,2850.5,MW,FR,FR,actual_solar_generation,Solar,2026-05-24T05:42:13Z
2026-05-24T05:41:40Z,2026-05-24T07:41:40+0200,04b1983b-7d82-4991-9c22-f60d67a0a20c,2026-05-20T06:15:00Z,2026-05-20T08:15:00+0200,3647.17,MW,FR,FR,actual_solar_generation,Solar,2026-05-24T05:42:13Z
2026-05-24T05:41:40Z,2026-05-24T07:41:40+0200,04b1983b-7d82-4991-9c22-f60d67a0a20c,2026-05-20T06:30:00Z,2026-05-20T08:30:00+0200,4501.71,MW,FR,FR,actual_solar_generation,Solar,2026-05-24T05:42:13Z
2026-05-24T05:41:40Z,2026-05-24T07:41:40+0200,04b1983b-7d82-4991-9c22-f60d67a0a20c,2026-05-20T06:45:00Z,2026-05-20T08:45:00+0200,5385.54,MW,FR,FR,actual_solar_generation,Solar,2026-05-24T05:42:13Z
2026-05-24T05:41:40Z,2026-05-24T07:41:40+0200,04b1983b-7d82-4991-9c22-f60d67a0a20c,2026-05-20T07:00:00Z,2026-05-20T09:00:00+0200,6264.21,MW,FR,FR,actual_solar_generation,Solar,2026-05-24T05:42:13Z
2026-05-24T05:41:40Z,2026-05-24T07:41:40+0200,04b1983b-7d82-4991-9c22-f60d67a0a20c,2026-05-20T07:15:00Z,2026-05-20T09:15:00+0200,7197.16,MW,FR,FR,actual_solar_generation,Solar,2026-05-24T05:42:13Z
2026-05-24T05:41:40Z,2026-05-24T07:41:40+0200,04b1983b-7d82-4991-9c22-f60d67a0a20c,2026-05-20T07:30:00Z,2026-05-20T09:30:00+0200,7997.65,MW,FR,FR,actual_solar_generation,Solar,2026-05-24T05:42:13Z
2026-05-24T05:41:40Z,2026-05-24T07:41:40+0200,04b1983b-7d82-4991-9c22-f60d67a0a20c,2026-05-20T07:45:00Z,2026-05-20T09:45:00+0200,8892.95,MW,FR,FR,actual_solar_generation,Solar,2026-05-24T05:42:13Z
2026-05-24T05:41:40Z,2026-05-24T07:41:40+0200,04b1983b-7d82-4991-9c22-f60d67a0a20c,2026-05-20T08:00:00Z,2026-05-20T10:00:00+0200,9720.79,MW,FR,FR,actual_solar_generation,Solar,2026-05-24T05:42:13Z
2026-05-24T05:41:40Z,2026-05-24T07:41:40+0200,04b1983b-7d82-4991-9c22-f60d67a0a20c,2026-05-20T08:15:00Z,2026-05-20T10:15:00+0200,10632.41,MW,FR,FR,actual_solar_generation,Solar,2026-05-24T05:42:13Z
2026-05-24T05:41:40Z,2026-05-24T07:41:40+0200,04b1983b-7d82-4991-9c22-f60d67a0a20c,2026-05-20T08:30:00Z,2026-05-20T10:30:00+0200,11255.0,MW,FR,FR,actual_solar_generation,Solar,2026-05-24T05:42:13Z
2026-05-24T05:41:40Z,2026-05-24T07:41:40+0200,04b1983b-7d82-4991-9c22-f60d67a0a20c,2026-05-20T08:45:00Z,2026-05-20T10:45:00+0200,11940.14,MW,FR,FR,actual_solar_generation,Solar,2026-05-24T05:42:13Z
2026-05-24T05:41:40Z,2026-05-24T07:41:40+0200,04b1983b-7d82-4991-9c22-f60d67a0a20c,2026-05-20T09:00:00Z,2026-05-20T11:00:00+0200,12380.32,MW,FR,FR,actual_solar_generation,Solar,2026-05-24T05:42:13Z
2026-05-24T05:41:40Z,2026-05-24T07:41:40+0200,04b1983b-7d82-4991-9c22-f60d67a0a20c,2026-05-20T09:15:00Z,2026-05-20T11:15:00+0200,13081.57,MW,FR,FR,actual_solar_generation,Solar,2026-05-24T05:42:13Z
2026-05-24T05:41:40Z,2026-05-24T07:41:40+0200,04b1983b-7d82-4991-9c22-f60d67a0a20c,2026-05-20T09:30:00Z,2026-05-20T11:30:00+0200,12649.33,MW,FR,FR,actual_solar_generation,Solar,2026-05-24T05:42:13Z
2026-05-24T05:41:40Z,2026-05-24T07:41:40+0200,04b1983b-7d82-4991-9c22-f60d67a0a20c,2026-05-20T09:45:00Z,2026-05-20T11:45:00+0200,10631.26,MW,FR,FR,actual_solar_generation,Solar,2026-05-24T05:42:13Z
2026-05-24T05:41:40Z,2026-05-24T07:41:40+0200,04b1983b-7d82-4991-9c22-f60d67a0a20c,2026-05-20T10:00:00Z,2026-05-20T12:00:00+0200,10603.94,MW,FR,FR,actual_solar_generation,Solar,2026-05-24T05:42:13Z
2026-05-24T05:41:40Z,2026-05-24T07:41:40+0200,04b1983b-7d82-4991-9c22-f60d67a0a20c,2026-05-20T10:15:00Z,2026-05-20T12:15:00+0200,10826.33,MW,FR,FR,actual_solar_generation,Solar,2026-05-24T05:42:13Z
2026-05-24T05:41:40Z,2026-05-24T07:41:40+0200,04b1983b-7d82-4991-9c22-f60d67a0a20c,2026-05-20T10:30:00Z,2026-05-20T12:30:00+0200,11567.13,MW,FR,FR,actual_solar_generation,Solar,2026-05-24T05:42:13Z
2026-05-24T05:41:40Z,2026-05-24T07:41:40+0200,04b1983b-7d82-4991-9c22-f60d67a0a20c,2026-05-20T10:45:00Z,2026-05-20T12:45:00+0200,11218.57,MW,FR,FR,actual_solar_generation,Solar,2026-05-24T05:42:13Z
2026-05-24T05:41:40Z,2026-05-24T07:41:40+0200,04b1983b-7d82-4991-9c22-f60d67a0a20c,2026-05-20T11:00:00Z,2026-05-20T13:00:00+0200,11166.09,MW,FR,FR,actual_solar_generation,Solar,2026-05-24T05:42:13Z
2026-05-24T05:41:40Z,2026-05-24T07:41:40+0200,04b1983b-7d82-4991-9c22-f60d67a0a20c,2026-05-20T11:15:00Z,2026-05-20T13:15:00+0200,11270.32,MW,FR,FR,actual_solar_generation,Solar,2026-05-24T05:42:13Z
2026-05-24T05:41:40Z,2026-05-24T07:41:40+0200,04b1983b-7d82-4991-9c22-f60d67a0a20c,2026-05-20T11:30:00Z,2026-05-20T13:30:00+0200,11422.58,MW,FR,FR,actual_solar_generation,Solar,2026-05-24T05:42:13Z
2026-05-24T05:41:40Z,2026-05-24T07:41:40+0200,04b1983b-7d82-4991-9c22-f60d67a0a20c,2026-05-20T11:45:00Z,2026-05-20T13:45:00+0200,11480.13,MW,FR,FR,actual_solar_generation,Solar,2026-05-24T05:42:13Z
2026-05-24T05:41:40Z,2026-05-24T07:41:40+0200,04b1983b-7d82-4991-9c22-f60d67a0a20c,2026-05-20T12:00:00Z,2026-05-20T14:00:00+0200,11558.41,MW,FR,FR,actual_solar_generation,Solar,2026-05-24T05:42:13Z
2026-05-24T05:41:40Z,2026-05-24T07:41:40+0200,04b1983b-7d82-4991-9c22-f60d67a0a20c,2026-05-20T12:15:00Z,2026-05-20T14:15:00+0200,11735.47,MW,FR,FR,actual_solar_generation,Solar,2026-05-24T05:42:13Z
2026-05-24T05:41:40Z,2026-05-24T07:41:40+0200,04b1983b-7d82-4991-9c22-f60d67a0a20c,2026-05-20T12:30:00Z,2026-05-20T14:30:00+0200,11577.06,MW,FR,FR,actual_solar_generation,Solar,2026-05-24T05:42:13Z
2026-05-24T05:41:40Z,2026-05-24T07:41:40+0200,04b1983b-7d82-4991-9c22-f60d67a0a20c,2026-05-20T12:45:00Z,2026-05-20T14:45:00+0200,11504.4,MW,FR,FR,actual_solar_generation,Solar,2026-05-24T05:42:13Z
2026-05-24T05:41:40Z,2026-05-24T07:41:40+0200,04b1983b-7d82-4991-9c22-f60d67a0a20c,2026-05-20T13:00:00Z,2026-05-20T15:00:00+0200,11344.36,MW,FR,FR,actual_solar_generation,Solar,2026-05-24T05:42:13Z
2026-05-24T05:41:40Z,2026-05-24T07:41:40+0200,04b1983b-7d82-4991-9c22-f60d67a0a20c,2026-05-20T13:15:00Z,2026-05-20T15:15:00+0200,10966.0,MW,FR,FR,actual_solar_generation,Solar,2026-05-24T05:42:13Z
2026-05-24T05:41:40Z,2026-05-24T07:41:40+0200,04b1983b-7d82-4991-9c22-f60d67a0a20c,2026-05-20T13:30:00Z,2026-05-20T15:30:00+0200,11025.55,MW,FR,FR,actual_solar_generation,Solar,2026-05-24T05:42:13Z
2026-05-24T05:41:40Z,2026-05-24T07:41:40+0200,04b1983b-7d82-4991-9c22-f60d67a0a20c,2026-05-20T13:45:00Z,2026-05-20T15:45:00+0200,10744.49,MW,FR,FR,actual_solar_generation,Solar,2026-05-24T05:42:13Z
2026-05-24T05:41:40Z,2026-05-24T07:41:40+0200,04b1983b-7d82-4991-9c22-f60d67a0a20c,2026-05-20T14:00:00Z,2026-05-20T16:00:00+0200,10418.32,MW,FR,FR,actual_solar_generation,Solar,2026-05-24T05:42:13Z
2026-05-24T05:41:40Z,2026-05-24T07:41:40+0200,04b1983b-7d82-4991-9c22-f60d67a0a20c,2026-05-20T14:15:00Z,2026-05-20T16:15:00+0200,10204.97,MW,FR,FR,actual_solar_generation,Solar,2026-05-24T05:42:13Z
2026-05-24T05:41:40Z,2026-05-24T07:41:40+0200,04b1983b-7d82-4991-9c22-f60d67a0a20c,2026-05-20T14:30:00Z,2026-05-20T16:30:00+0200,9822.88,MW,FR,FR,actual_solar_generation,Solar,2026-05-24T05:42:13Z
2026-05-24T05:41:40Z,2026-05-24T07:41:40+0200,04b1983b-7d82-4991-9c22-f60d67a0a20c,2026-05-20T14:45:00Z,2026-05-20T16:45:00+0200,9481.09,MW,FR,FR,actual_solar_generation,Solar,2026-05-24T05:42:13Z
2026-05-24T05:41:40Z,2026-05-24T07:41:40+0200,04b1983b-7d82-4991-9c22-f60d67a0a20c,2026-05-20T15:00:00Z,2026-05-20T17:00:00+0200,9129.57,MW,FR,FR,actual_solar_generation,Solar,2026-05-24T05:42:13Z
2026-05-24T05:41:40Z,2026-05-24T07:41:40+0200,04b1983b-7d82-4991-9c22-f60d67a0a20c,2026-05-20T15:15:00Z,2026-05-20T17:15:00+0200,10002.24,MW,FR,FR,actual_solar_generation,Solar,2026-05-24T05:42:13Z
2026-05-24T05:41:40Z,2026-05-24T07:41:40+0200,04b1983b-7d82-4991-9c22-f60d67a0a20c,2026-05-20T15:30:00Z,2026-05-20T17:30:00+0200,11180.66,MW,FR,FR,actual_solar_generation,Solar,2026-05-24T05:42:13Z
2026-05-24T05:41:40Z,2026-05-24T07:41:40+0200,04b1983b-7d82-4991-9c22-f60d67a0a20c,2026-05-20T15:45:00Z,2026-05-20T17:45:00+0200,10542.09,MW,FR,FR,actual_solar_generation,Solar,2026-05-24T05:42:13Z
2026-05-24T05:41:40Z,2026-05-24T07:41:40+0200,04b1983b-7d82-4991-9c22-f60d67a0a20c,2026-05-20T16:00:00Z,2026-05-20T18:00:00+0200,9705.04,MW,FR,FR,actual_solar_generation,Solar,2026-05-24T05:42:13Z
2026-05-24T05:41:40Z,2026-05-24T07:41:40+0200,04b1983b-7d82-4991-9c22-f60d67a0a20c,2026-05-20T16:15:00Z,2026-05-20T18:15:00+0200,8726.26,MW,FR,FR,actual_solar_generation,Solar,2026-05-24T05:42:13Z
2026-05-24T05:41:40Z,2026-05-24T07:41:40+0200,04b1983b-7d82-4991-9c22-f60d67a0a20c,2026-05-20T16:30:00Z,2026-05-20T18:30:00+0200,7858.35,MW,FR,FR,actual_solar_generation,Solar,2026-05-24T05:42:13Z
2026-05-24T05:41:40Z,2026-05-24T07:41:40+0200,04b1983b-7d82-4991-9c22-f60d67a0a20c,2026-05-20T16:45:00Z,2026-05-20T18:45:00+0200,6844.15,MW,FR,FR,actual_solar_generation,Solar,2026-05-24T05:42:13Z
2026-05-24T05:41:40Z,2026-05-24T07:41:40+0200,04b1983b-7d82-4991-9c22-f60d67a0a20c,2026-05-20T17:00:00Z,2026-05-20T19:00:00+0200,5830.68,MW,FR,FR,actual_solar_generation,Solar,2026-05-24T05:42:13Z
2026-05-24T05:41:40Z,2026-05-24T07:41:40+0200,04b1983b-7d82-4991-9c22-f60d67a0a20c,2026-05-20T17:15:00Z,2026-05-20T19:15:00+0200,4867.1,MW,FR,FR,actual_solar_generation,Solar,2026-05-24T05:42:13Z
2026-05-24T05:41:40Z,2026-05-24T07:41:40+0200,04b1983b-7d82-4991-9c22-f60d67a0a20c,2026-05-20T17:30:00Z,2026-05-20T19:30:00+0200,3891.08,MW,FR,FR,actual_solar_generation,Solar,2026-05-24T05:42:13Z
2026-05-24T05:41:40Z,2026-05-24T07:41:40+0200,04b1983b-7d82-4991-9c22-f60d67a0a20c,2026-05-20T17:45:00Z,2026-05-20T19:45:00+0200,3026.61,MW,FR,FR,actual_solar_generation,Solar,2026-05-24T05:42:13Z
2026-05-24T05:41:40Z,2026-05-24T07:41:40+0200,04b1983b-7d82-4991-9c22-f60d67a0a20c,2026-05-20T18:00:00Z,2026-05-20T20:00:00+0200,2217.73,MW,FR,FR,actual_solar_generation,Solar,2026-05-24T05:42:13Z
2026-05-24T05:41:40Z,2026-05-24T07:41:40+0200,04b1983b-7d82-4991-9c22-f60d67a0a20c,2026-05-20T18:15:00Z,2026-05-20T20:15:00+0200,1583.56,MW,FR,FR,actual_solar_generation,Solar,2026-05-24T05:42:13Z
2026-05-24T05:41:40Z,2026-05-24T07:41:40+0200,04b1983b-7d82-4991-9c22-f60d67a0a20c,2026-05-20T18:30:00Z,2026-05-20T20:30:00+0200,1111.83,MW,FR,FR,actual_solar_generation,Solar,2026-05-24T05:42:13Z
2026-05-24T05:41:40Z,2026-05-24T07:41:40+0200,04b1983b-7d82-4991-9c22-f60d67a0a20c,2026-05-20T18:45:00Z,2026-05-20T20:45:00+0200,779.34,MW,FR,FR,actual_solar_generation,Solar,2026-05-24T05:42:13Z
2026-05-24T05:41:40Z,2026-05-24T07:41:40+0200,04b1983b-7d82-4991-9c22-f60d67a0a20c,2026-05-20T19:00:00Z,2026-05-20T21:00:00+0200,515.86,MW,FR,FR,actual_solar_generation,Solar,2026-05-24T05:42:13Z
2026-05-24T05:41:40Z,2026-05-24T07:41:40+0200,04b1983b-7d82-4991-9c22-f60d67a0a20c,2026-05-20T19:15:00Z,2026-05-20T21:15:00+0200,329.24,MW,FR,FR,actual_solar_generation,Solar,2026-05-24T05:42:13Z
2026-05-24T05:41:40Z,2026-05-24T07:41:40+0200,04b1983b-7d82-4991-9c22-f60d67a0a20c,2026-05-20T19:30:00Z,2026-05-20T21:30:00+0200,234.33,MW,FR,FR,actual_solar_generation,Solar,2026-05-24T05:42:13Z
2026-05-24T05:41:40Z,2026-05-24T07:41:40+0200,04b1983b-7d82-4991-9c22-f60d67a0a20c,2026-05-20T19:45:00Z,2026-05-20T21:45:00+0200,205.63,MW,FR,FR,actual_solar_generation,Solar,2026-05-24T05:42:13Z
2026-05-24T05:41:40Z,2026-05-24T07:41:40+0200,04b1983b-7d82-4991-9c22-f60d67a0a20c,2026-05-20T20:00:00Z,2026-05-20T22:00:00+0200,194.51,MW,FR,FR,actual_solar_generation,Solar,2026-05-24T05:42:13Z
2026-05-24T05:41:40Z,2026-05-24T07:41:40+0200,04b1983b-7d82-4991-9c22-f60d67a0a20c,2026-05-20T20:15:00Z,2026-05-20T22:15:00+0200,190.76,MW,FR,FR,actual_solar_generation,Solar,2026-05-24T05:42:13Z
2026-05-24T05:41:40Z,2026-05-24T07:41:40+0200,04b1983b-7d82-4991-9c22-f60d67a0a20c,2026-05-20T20:30:00Z,2026-05-20T22:30:00+0200,194.04,MW,FR,FR,actual_solar_generation,Solar,2026-05-24T05:42:13Z
2026-05-24T05:41:40Z,2026-05-24T07:41:40+0200,04b1983b-7d82-4991-9c22-f60d67a0a20c,2026-05-20T20:45:00Z,2026-05-20T22:45:00+0200,194.1,MW,FR,FR,actual_solar_generation,Solar,2026-05-24T05:42:13Z
2026-05-24T05:41:40Z,2026-05-24T07:41:40+0200,04b1983b-7d82-4991-9c22-f60d67a0a20c,2026-05-20T21:00:00Z,2026-05-20T23:00:00+0200,0.0,MW,FR,FR,actual_solar_generation,Solar,2026-05-24T05:42:13Z
2026-05-24T05:41:40Z,2026-05-24T07:41:40+0200,04b1983b-7d82-4991-9c22-f60d67a0a20c,2026-05-20T21:15:00Z,2026-05-20T23:15:00+0200,0.0,MW,FR,FR,actual_solar_generation,Solar,2026-05-24T05:42:13Z
2026-05-24T05:41:40Z,2026-05-24T07:41:40+0200,04b1983b-7d82-4991-9c22-f60d67a0a20c,2026-05-20T21:30:00Z,2026-05-20T23:30:00+0200,0.0,MW,FR,FR,actual_solar_generation,Solar,2026-05-24T05:42:13Z
2026-05-24T05:41:40Z,2026-05-24T07:41:40+0200,04b1983b-7d82-4991-9c22-f60d67a0a20c,2026-05-20T21:45:00Z,2026-05-20T23:45:00+0200,0.0,MW,FR,FR,actual_solar_generation,Solar,2026-05-24T05:42:13Z
2026-05-24T05:41:40Z,2026-05-24T07:41:40+0200,04b1983b-7d82-4991-9c22-f60d67a0a20c,2026-05-20T22:00:00Z,2026-05-21T00:00:00+0200,0.0,MW,FR,FR,actual_solar_generation,Solar,2026-05-24T05:42:13Z
2026-05-24T05:41:40Z,2026-05-24T07:41:40+0200,04b1983b-7d82-4991-9c22-f60d67a0a20c,2026-05-20T22:15:00Z,2026-05-21T00:15:00+0200,0.0,MW,FR,FR,actual_solar_generation,Solar,2026-05-24T05:42:13Z
2026-05-24T05:41:40Z,2026-05-24T07:41:40+0200,04b1983b-7d82-4991-9c22-f60d67a0a20c,2026-05-20T22:30:00Z,2026-05-21T00:30:00+0200,0.0,MW,FR,FR,actual_solar_generation,Solar,2026-05-24T05:42:13Z
2026-05-24T05:41:40Z,2026-05-24T07:41:40+0200,04b1983b-7d82-4991-9c22-f60d67a0a20c,2026-05-20T22:45:00Z,2026-05-21T00:45:00+0200,0.0,MW,FR,FR,actual_solar_generation,Solar,2026-05-24T05:42:13Z
2026-05-24T05:41:40Z,2026-05-24T07:41:40+0200,04b1983b-7d82-4991-9c22-f60d67a0a20c,2026-05-20T23:00:00Z,2026-05-21T01:00:00+0200,0.0,MW,FR,FR,actual_solar_generation,Solar,2026-05-24T05:42:13Z
2026-05-24T05:41:40Z,2026-05-24T07:41:40+0200,04b1983b-7d82-4991-9c22-f60d67a0a20c,2026-05-20T23:15:00Z,2026-05-21T01:15:00+0200,0.0,MW,FR,FR,actual_solar_generation,Solar,2026-05-24T05:42:13Z
2026-05-24T05:41:40Z,2026-05-24T07:41:40+0200,04b1983b-7d82-4991-9c22-f60d67a0a20c,2026-05-20T23:30:00Z,2026-05-21T01:30:00+0200,0.0,MW,FR,FR,actual_solar_generation,Solar,2026-05-24T05:42:13Z
2026-05-24T05:41:40Z,2026-05-24T07:41:40+0200,04b1983b-7d82-4991-9c22-f60d67a0a20c,2026-05-20T23:45:00Z,2026-05-21T01:45:00+0200,0.0,MW,FR,FR,actual_solar_generation,Solar,2026-05-24T05:42:13Z
2026-05-24T05:41:40Z,2026-05-24T07:41:40+0200,04b1983b-7d82-4991-9c22-f60d67a0a20c,2026-05-21T00:00:00Z,2026-05-21T02:00:00+0200,0.0,MW,FR,FR,actual_solar_generation,Solar,2026-05-24T05:42:13Z
2026-05-24T05:41:40Z,2026-05-24T07:41:40+0200,04b1983b-7d82-4991-9c22-f60d67a0a20c,2026-05-21T00:15:00Z,2026-05-21T02:15:00+0200,0.0,MW,FR,FR,actual_solar_generation,Solar,2026-05-24T05:42:13Z
2026-05-24T05:41:40Z,2026-05-24T07:41:40+0200,04b1983b-7d82-4991-9c22-f60d67a0a20c,2026-05-21T00:30:00Z,2026-05-21T02:30:00+0200,0.0,MW,FR,FR,actual_solar_generation,Solar,2026-05-24T05:42:13Z
2026-05-24T05:41:40Z,2026-05-24T07:41:40+0200,04b1983b-7d82-4991-9c22-f60d67a0a20c,2026-05-21T00:45:00Z,2026-05-21T02:45:00+0200,0.0,MW,FR,FR,actual_solar_generation,Solar,2026-05-24T05:42:13Z
2026-05-24T05:41:40Z,2026-05-24T07:41:40+0200,04b1983b-7d82-4991-9c22-f60d67a0a20c,2026-05-21T01:00:00Z,2026-05-21T03:00:00+0200,0.0,MW,FR,FR,actual_solar_generation,Solar,2026-05-24T05:42:13Z
2026-05-24T05:41:40Z,2026-05-24T07:41:40+0200,04b1983b-7d82-4991-9c22-f60d67a0a20c,2026-05-21T01:15:00Z,2026-05-21T03:15:00+0200,0.0,MW,FR,FR,actual_solar_generation,Solar,2026-05-24T05:42:13Z
2026-05-24T05:41:40Z,2026-05-24T07:41:40+0200,04b1983b-7d82-4991-9c22-f60d67a0a20c,2026-05-21T01:30:00Z,2026-05-21T03:30:00+0200,0.0,MW,FR,FR,actual_solar_generation,Solar,2026-05-24T05:42:13Z
2026-05-24T05:41:40Z,2026-05-24T07:41:40+0200,04b1983b-7d82-4991-9c22-f60d67a0a20c,2026-05-21T01:45:00Z,2026-05-21T03:45:00+0200,0.0,MW,FR,FR,actual_solar_generation,Solar,2026-05-24T05:42:13Z
2026-05-24T05:41:40Z,2026-05-24T07:41:40+0200,04b1983b-7d82-4991-9c22-f60d67a0a20c,2026-05-21T02:00:00Z,2026-05-21T04:00:00+0200,0.0,MW,FR,FR,actual_solar_generation,Solar,2026-05-24T05:42:13Z
2026-05-24T05:41:40Z,2026-05-24T07:41:40+0200,04b1983b-7d82-4991-9c22-f60d67a0a20c,2026-05-21T02:15:00Z,2026-05-21T04:15:00+0200,0.0,MW,FR,FR,actual_solar_generation,Solar,2026-05-24T05:42:13Z
2026-05-24T05:41:40Z,2026-05-24T07:41:40+0200,04b1983b-7d82-4991-9c22-f60d67a0a20c,2026-05-21T02:30:00Z,2026-05-21T04:30:00+0200,0.0,MW,FR,FR,actual_solar_generation,Solar,2026-05-24T05:42:13Z
2026-05-24T05:41:40Z,2026-05-24T07:41:40+0200,04b1983b-7d82-4991-9c22-f60d67a0a20c,2026-05-21T02:45:00Z,2026-05-21T04:45:00+0200,0.0,MW,FR,FR,actual_solar_generation,Solar,2026-05-24T05:42:13Z
2026-05-24T05:41:40Z,2026-05-24T07:41:40+0200,04b1983b-7d82-4991-9c22-f60d67a0a20c,2026-05-21T03:00:00Z,2026-05-21T05:00:00+0200,0.0,MW,FR,FR,actual_solar_generation,Solar,2026-05-24T05:42:13Z
2026-05-24T05:41:40Z,2026-05-24T07:41:40+0200,04b1983b-7d82-4991-9c22-f60d67a0a20c,2026-05-21T03:15:00Z,2026-05-21T05:15:00+0200,0.0,MW,FR,FR,actual_solar_generation,Solar,2026-05-24T05:42:13Z
2026-05-24T05:41:40Z,2026-05-24T07:41:40+0200,04b1983b-7d82-4991-9c22-f60d67a0a20c,2026-05-21T03:30:00Z,2026-05-21T05:30:00+0200,0.0,MW,FR,FR,actual_solar_generation,Solar,2026-05-24T05:42:13Z
2026-05-24T05:41:40Z,2026-05-24T07:41:40+0200,04b1983b-7d82-4991-9c22-f60d67a0a20c,2026-05-21T03:45:00Z,2026-05-21T05:45:00+0200,0.0,MW,FR,FR,actual_solar_generation,Solar,2026-05-24T05:42:13Z
2026-05-24T05:41:40Z,2026-05-24T07:41:40+0200,04b1983b-7d82-4991-9c22-f60d67a0a20c,2026-05-21T04:00:00Z,2026-05-21T06:00:00+0200,233.92,MW,FR,FR,actual_solar_generation,Solar,2026-05-24T05:42:13Z
2026-05-24T05:41:40Z,2026-05-24T07:41:40+0200,04b1983b-7d82-4991-9c22-f60d67a0a20c,2026-05-21T04:15:00Z,2026-05-21T06:15:00+0200,290.52,MW,FR,FR,actual_solar_generation,Solar,2026-05-24T05:42:13Z
2026-05-24T05:41:40Z,2026-05-24T07:41:40+0200,04b1983b-7d82-4991-9c22-f60d67a0a20c,2026-05-21T04:30:00Z,2026-05-21T06:30:00+0200,428.64,MW,FR,FR,actual_solar_generation,Solar,2026-05-24T05:42:13Z
2026-05-24T05:41:40Z,2026-05-24T07:41:40+0200,04b1983b-7d82-4991-9c22-f60d67a0a20c,2026-05-21T04:45:00Z,2026-05-21T06:45:00+0200,703.38,MW,FR,FR,actual_solar_generation,Solar,2026-05-24T05:42:13Z
2026-05-24T05:41:40Z,2026-05-24T07:41:40+0200,04b1983b-7d82-4991-9c22-f60d67a0a20c,2026-05-21T05:00:00Z,2026-05-21T07:00:00+0200,1067.53,MW,FR,FR,actual_solar_generation,Solar,2026-05-24T05:42:13Z
2026-05-24T05:41:40Z,2026-05-24T07:41:40+0200,04b1983b-7d82-4991-9c22-f60d67a0a20c,2026-05-21T05:15:00Z,2026-05-21T07:15:00+0200,1550.51,MW,FR,FR,actual_solar_generation,Solar,2026-05-24T05:42:13Z
2026-05-24T05:41:40Z,2026-05-24T07:41:40+0200,04b1983b-7d82-4991-9c22-f60d67a0a20c,2026-05-21T05:30:00Z,2026-05-21T07:30:00+0200,2235.33,MW,FR,FR,actual_solar_generation,Solar,2026-05-24T05:42:13Z
2026-05-24T05:41:40Z,2026-05-24T07:41:40+0200,04b1983b-7d82-4991-9c22-f60d67a0a20c,2026-05-21T05:45:00Z,2026-05-21T07:45:00+0200,3063.04,MW,FR,FR,actual_solar_generation,Solar,2026-05-24T05:42:13Z
2026-05-24T05:41:40Z,2026-05-24T07:41:40+0200,04b1983b-7d82-4991-9c22-f60d67a0a20c,2026-05-21T06:00:00Z,2026-05-21T08:00:00+0200,4050.18,MW,FR,FR,actual_solar_generation,Solar,2026-05-24T05:42:13Z
2026-05-24T05:41:40Z,2026-05-24T07:41:40+0200,04b1983b-7d82-4991-9c22-f60d67a0a20c,2026-05-21T06:15:00Z,2026-05-21T08:15:00+0200,5251.98,MW,FR,FR,actual_solar_generation,Solar,2026-05-24T05:42:13Z
2026-05-24T05:41:40Z,2026-05-24T07:41:40+0200,04b1983b-7d82-4991-9c22-f60d67a0a20c,2026-05-21T06:30:00Z,2026-05-21T08:30:00+0200,6590.59,MW,FR,FR,actual_solar_generation,Solar,2026-05-24T05:42:13Z
2026-05-24T05:41:40Z,2026-05-24T07:41:40+0200,04b1983b-7d82-4991-9c22-f60d67a0a20c,2026-05-21T06:45:00Z,2026-05-21T08:45:00+0200,7972.16,MW,FR,FR,actual_solar_generation,Solar,2026-05-24T05:42:13Z
2026-05-24T05:41:40Z,2026-05-24T07:41:40+0200,04b1983b-7d82-4991-9c22-f60d67a0a20c,2026-05-21T07:00:00Z,2026-05-21T09:00:00+0200,9406.44,MW,FR,FR,actual_solar_generation,Solar,2026-05-24T05:42:13Z
2026-05-24T05:41:40Z,2026-05-24T07:41:40+0200,04b1983b-7d82-4991-9c22-f60d67a0a20c,2026-05-21T07:15:00Z,2026-05-21T09:15:00+0200,10722.9,MW,FR,FR,actual_solar_generation,Solar,2026-05-24T05:42:13Z
2026-05-24T05:41:40Z,2026-05-24T07:41:40+0200,04b1983b-7d82-4991-9c22-f60d67a0a20c,2026-05-21T07:30:00Z,2026-05-21T09:30:00+0200,11981.47,MW,FR,FR,actual_solar_generation,Solar,2026-05-24T05:42:13Z
2026-05-24T05:41:40Z,2026-05-24T07:41:40+0200,04b1983b-7d82-4991-9c22-f60d67a0a20c,2026-05-21T07:45:00Z,2026-05-21T09:45:00+0200,13128.45,MW,FR,FR,actual_solar_generation,Solar,2026-05-24T05:42:13Z
2026-05-24T05:41:40Z,2026-05-24T07:41:40+0200,04b1983b-7d82-4991-9c22-f60d67a0a20c,2026-05-21T08:00:00Z,2026-05-21T10:00:00+0200,14170.8,MW,FR,FR,actual_solar_generation,Solar,2026-05-24T05:42:13Z
2026-05-24T05:41:40Z,2026-05-24T07:41:40+0200,04b1983b-7d82-4991-9c22-f60d67a0a20c,2026-05-21T08:15:00Z,2026-05-21T10:15:00+0200,15149.64,MW,FR,FR,actual_solar_generation,Solar,2026-05-24T05:42:13Z
2026-05-24T05:41:40Z,2026-05-24T07:41:40+0200,04b1983b-7d82-4991-9c22-f60d67a0a20c,2026-05-21T08:30:00Z,2026-05-21T10:30:00+0200,14602.68,MW,FR,FR,actual_solar_generation,Solar,2026-05-24T05:42:13Z
2026-05-24T05:41:40Z,2026-05-24T07:41:40+0200,04b1983b-7d82-4991-9c22-f60d67a0a20c,2026-05-21T08:45:00Z,2026-05-21T10:45:00+0200,12817.95,MW,FR,FR,actual_solar_generation,Solar,2026-05-24T05:42:13Z
2026-05-24T05:41:40Z,2026-05-24T07:41:40+0200,04b1983b-7d82-4991-9c22-f60d67a0a20c,2026-05-21T09:00:00Z,2026-05-21T11:00:00+0200,13458.62,MW,FR,FR,actual_solar_generation,Solar,2026-05-24T05:42:13Z
2026-05-24T05:41:40Z,2026-05-24T07:41:40+0200,04b1983b-7d82-4991-9c22-f60d67a0a20c,2026-05-21T09:15:00Z,2026-05-21T11:15:00+0200,13959.99,MW,FR,FR,actual_solar_generation,Solar,2026-05-24T05:42:13Z
2026-05-24T05:41:40Z,2026-05-24T07:41:40+0200,04b1983b-7d82-4991-9c22-f60d67a0a20c,2026-05-21T09:30:00Z,2026-05-21T11:30:00+0200,14369.96,MW,FR,FR,actual_solar_generation,Solar,2026-05-24T05:42:13Z
2026-05-24T05:41:40Z,2026-05-24T07:41:40+0200,04b1983b-7d82-4991-9c22-f60d67a0a20c,2026-05-21T09:45:00Z,2026-05-21T11:45:00+0200,14823.75,MW,FR,FR,actual_solar_generation,Solar,2026-05-24T05:42:13Z
2026-05-24T05:41:40Z,2026-05-24T07:41:40+0200,04b1983b-7d82-4991-9c22-f60d67a0a20c,2026-05-21T10:00:00Z,2026-05-21T12:00:00+0200,17817.69,MW,FR,FR,actual_solar_generation,Solar,2026-05-24T05:42:13Z
2026-05-24T05:41:40Z,2026-05-24T07:41:40+0200,04b1983b-7d82-4991-9c22-f60d67a0a20c,2026-05-21T10:15:00Z,2026-05-21T12:15:00+0200,20074.6,MW,FR,FR,actual_solar_generation,Solar,2026-05-24T05:42:13Z
2026-05-24T05:41:40Z,2026-05-24T07:41:40+0200,04b1983b-7d82-4991-9c22-f60d67a0a20c,2026-05-21T10:30:00Z,2026-05-21T12:30:00+0200,20125.55,MW,FR,FR,actual_solar_generation,Solar,2026-05-24T05:42:13Z
2026-05-24T05:41:40Z,2026-05-24T07:41:40+0200,04b1983b-7d82-4991-9c22-f60d67a0a20c,2026-05-21T10:45:00Z,2026-05-21T12:45:00+0200,18678.66,MW,FR,FR,actual_solar_generation,Solar,2026-05-24T05:42:13Z
2026-05-24T05:41:40Z,2026-05-24T07:41:40+0200,04b1983b-7d82-4991-9c22-f60d67a0a20c,2026-05-21T11:00:00Z,2026-05-21T13:00:00+0200,15843.89,MW,FR,FR,actual_solar_generation,Solar,2026-05-24T05:42:13Z
2026-05-24T05:41:40Z,2026-05-24T07:41:40+0200,04b1983b-7d82-4991-9c22-f60d67a0a20c,2026-05-21T11:15:00Z,2026-05-21T13:15:00+0200,16370.6,MW,FR,FR,actual_solar_generation,Solar,2026-05-24T05:42:13Z
2026-05-24T05:41:40Z,2026-05-24T07:41:40+0200,04b1983b-7d82-4991-9c22-f60d67a0a20c,2026-05-21T11:30:00Z,2026-05-21T13:30:00+0200,16243.3,MW,FR,FR,actual_solar_generation,Solar,2026-05-24T05:42:13Z
2026-05-24T05:41:40Z,2026-05-24T07:41:40+0200,04b1983b-7d82-4991-9c22-f60d67a0a20c,2026-05-21T11:45:00Z,2026-05-21T13:45:00+0200,16245.49,MW,FR,FR,actual_solar_generation,Solar,2026-05-24T05:42:13Z
2026-05-24T05:41:40Z,2026-05-24T07:41:40+0200,04b1983b-7d82-4991-9c22-f60d67a0a20c,2026-05-21T12:00:00Z,2026-05-21T14:00:00+0200,16311.6,MW,FR,FR,actual_solar_generation,Solar,2026-05-24T05:42:13Z
2026-05-24T05:41:40Z,2026-05-24T07:41:40+0200,04b1983b-7d82-4991-9c22-f60d67a0a20c,2026-05-21T12:15:00Z,2026-05-21T14:15:00+0200,16386.2,MW,FR,FR,actual_solar_generation,Solar,2026-05-24T05:42:13Z
2026-05-24T05:41:40Z,2026-05-24T07:41:40+0200,04b1983b-7d82-4991-9c22-f60d67a0a20c,2026-05-21T12:30:00Z,2026-05-21T14:30:00+0200,16259.38,MW,FR,FR,actual_solar_generation,Solar,2026-05-24T05:42:13Z
2026-05-24T05:41:40Z,2026-05-24T07:41:40+0200,04b1983b-7d82-4991-9c22-f60d67a0a20c,2026-05-21T12:45:00Z,2026-05-21T14:45:00+0200,15739.23,MW,FR,FR,actual_solar_generation,Solar,2026-05-24T05:42:13Z
2026-05-24T05:41:40Z,2026-05-24T07:41:40+0200,04b1983b-7d82-4991-9c22-f60d67a0a20c,2026-05-21T13:00:00Z,2026-05-21T15:00:00+0200,15860.9,MW,FR,FR,actual_solar_generation,Solar,2026-05-24T05:42:13Z
2026-05-24T05:41:40Z,2026-05-24T07:41:40+0200,04b1983b-7d82-4991-9c22-f60d67a0a20c,2026-05-21T13:15:00Z,2026-05-21T15:15:00+0200,15513.5,MW,FR,FR,actual_solar_generation,Solar,2026-05-24T05:42:13Z
2026-05-24T05:41:40Z,2026-05-24T07:41:40+0200,04b1983b-7d82-4991-9c22-f60d67a0a20c,2026-05-21T13:30:00Z,2026-05-21T15:30:00+0200,15349.44,MW,FR,FR,actual_solar_generation,Solar,2026-05-24T05:42:13Z
2026-05-24T05:41:40Z,2026-05-24T07:41:40+0200,04b1983b-7d82-4991-9c22-f60d67a0a20c,2026-05-21T13:45:00Z,2026-05-21T15:45:00+0200,15039.07,MW,FR,FR,actual_solar_generation,Solar,2026-05-24T05:42:13Z
2026-05-24T05:41:40Z,2026-05-24T07:41:40+0200,04b1983b-7d82-4991-9c22-f60d67a0a20c,2026-05-21T14:00:00Z,2026-05-21T16:00:00+0200,14679.5,MW,FR,FR,actual_solar_generation,Solar,2026-05-24T05:42:13Z
2026-05-24T05:41:40Z,2026-05-24T07:41:40+0200,04b1983b-7d82-4991-9c22-f60d67a0a20c,2026-05-21T14:15:00Z,2026-05-21T16:15:00+0200,14219.89,MW,FR,FR,actual_solar_generation,Solar,2026-05-24T05:42:13Z
2026-05-24T05:41:40Z,2026-05-24T07:41:40+0200,04b1983b-7d82-4991-9c22-f60d67a0a20c,2026-05-21T14:30:00Z,2026-05-21T16:30:00+0200,13644.12,MW,FR,FR,actual_solar_generation,Solar,2026-05-24T05:42:13Z
2026-05-24T05:41:40Z,2026-05-24T07:41:40+0200,04b1983b-7d82-4991-9c22-f60d67a0a20c,2026-05-21T14:45:00Z,2026-05-21T16:45:00+0200,13080.05,MW,FR,FR,actual_solar_generation,Solar,2026-05-24T05:42:13Z
2026-05-24T05:41:40Z,2026-05-24T07:41:40+0200,04b1983b-7d82-4991-9c22-f60d67a0a20c,2026-05-21T15:00:00Z,2026-05-21T17:00:00+0200,12611.29,MW,FR,FR,actual_solar_generation,Solar,2026-05-24T05:42:13Z
2026-05-24T05:41:40Z,2026-05-24T07:41:40+0200,04b1983b-7d82-4991-9c22-f60d67a0a20c,2026-05-21T15:15:00Z,2026-05-21T17:15:00+0200,13962.06,MW,FR,FR,actual_solar_generation,Solar,2026-05-24T05:42:13Z
2026-05-24T05:41:40Z,2026-05-24T07:41:40+0200,04b1983b-7d82-4991-9c22-f60d67a0a20c,2026-05-21T15:30:00Z,2026-05-21T17:30:00+0200,14181.75,MW,FR,FR,actual_solar_generation,Solar,2026-05-24T05:42:13Z
2026-05-24T05:41:40Z,2026-05-24T07:41:40+0200,04b1983b-7d82-4991-9c22-f60d67a0a20c,2026-05-21T15:45:00Z,2026-05-21T17:45:00+0200,13011.35,MW,FR,FR,actual_solar_generation,Solar,2026-05-24T05:42:13Z
2026-05-24T05:41:40Z,2026-05-24T07:41:40+0200,04b1983b-7d82-4991-9c22-f60d67a0a20c,2026-05-21T16:00:00Z,2026-05-21T18:00:00+0200,11915.42,MW,FR,FR,actual_solar_generation,Solar,2026-05-24T05:42:13Z
2026-05-24T05:41:40Z,2026-05-24T07:41:40+0200,04b1983b-7d82-4991-9c22-f60d67a0a20c,2026-05-21T16:15:00Z,2026-05-21T18:15:00+0200,10769.7,MW,FR,FR,actual_solar_generation,Solar,2026-05-24T05:42:13Z
2026-05-24T05:41:40Z,2026-05-24T07:41:40+0200,04b1983b-7d82-4991-9c22-f60d67a0a20c,2026-05-21T16:30:00Z,2026-05-21T18:30:00+0200,9565.15,MW,FR,FR,actual_solar_generation,Solar,2026-05-24T05:42:13Z
2026-05-24T05:41:40Z,2026-05-24T07:41:40+0200,04b1983b-7d82-4991-9c22-f60d67a0a20c,2026-05-21T16:45:00Z,2026-05-21T18:45:00+0200,8293.61,MW,FR,FR,actual_solar_generation,Solar,2026-05-24T05:42:13Z
2026-05-24T05:41:40Z,2026-05-24T07:41:40+0200,04b1983b-7d82-4991-9c22-f60d67a0a20c,2026-05-21T17:00:00Z,2026-05-21T19:00:00+0200,6943.91,MW,FR,FR,actual_solar_generation,Solar,2026-05-24T05:42:13Z
2026-05-24T05:41:40Z,2026-05-24T07:41:40+0200,04b1983b-7d82-4991-9c22-f60d67a0a20c,2026-05-21T17:15:00Z,2026-05-21T19:15:00+0200,5659.11,MW,FR,FR,actual_solar_generation,Solar,2026-05-24T05:42:13Z
2026-05-24T05:41:40Z,2026-05-24T07:41:40+0200,04b1983b-7d82-4991-9c22-f60d67a0a20c,2026-05-21T17:30:00Z,2026-05-21T19:30:00+0200,4439.69,MW,FR,FR,actual_solar_generation,Solar,2026-05-24T05:42:13Z
2026-05-24T05:41:40Z,2026-05-24T07:41:40+0200,04b1983b-7d82-4991-9c22-f60d67a0a20c,2026-05-21T17:45:00Z,2026-05-21T19:45:00+0200,3375.35,MW,FR,FR,actual_solar_generation,Solar,2026-05-24T05:42:13Z
2026-05-24T05:41:40Z,2026-05-24T07:41:40+0200,04b1983b-7d82-4991-9c22-f60d67a0a20c,2026-05-21T18:00:00Z,2026-05-21T20:00:00+0200,2436.5,MW,FR,FR,actual_solar_generation,Solar,2026-05-24T05:42:13Z
2026-05-24T05:41:40Z,2026-05-24T07:41:40+0200,04b1983b-7d82-4991-9c22-f60d67a0a20c,2026-05-21T18:15:00Z,2026-05-21T20:15:00+0200,1729.85,MW,FR,FR,actual_solar_generation,Solar,2026-05-24T05:42:13Z
2026-05-24T05:41:40Z,2026-05-24T07:41:40+0200,04b1983b-7d82-4991-9c22-f60d67a0a20c,2026-05-21T18:30:00Z,2026-05-21T20:30:00+0200,1206.17,MW,FR,FR,actual_solar_generation,Solar,2026-05-24T05:42:13Z
2026-05-24T05:41:40Z,2026-05-24T07:41:40+0200,04b1983b-7d82-4991-9c22-f60d67a0a20c,2026-05-21T18:45:00Z,2026-05-21T20:45:00+0200,839.52,MW,FR,FR,actual_solar_generation,Solar,2026-05-24T05:42:13Z
2026-05-24T05:41:40Z,2026-05-24T07:41:40+0200,04b1983b-7d82-4991-9c22-f60d67a0a20c,2026-05-21T19:00:00Z,2026-05-21T21:00:00+0200,554.82,MW,FR,FR,actual_solar_generation,Solar,2026-05-24T05:42:13Z
2026-05-24T05:41:40Z,2026-05-24T07:41:40+0200,04b1983b-7d82-4991-9c22-f60d67a0a20c,2026-05-21T19:15:00Z,2026-05-21T21:15:00+0200,348.06,MW,FR,FR,actual_solar_generation,Solar,2026-05-24T05:42:13Z
2026-05-24T05:41:40Z,2026-05-24T07:41:40+0200,04b1983b-7d82-4991-9c22-f60d67a0a20c,2026-05-21T19:30:00Z,2026-05-21T21:30:00+0200,239.3,MW,FR,FR,actual_solar_generation,Solar,2026-05-24T05:42:13Z
2026-05-24T05:41:40Z,2026-05-24T07:41:40+0200,04b1983b-7d82-4991-9c22-f60d67a0a20c,2026-05-21T19:45:00Z,2026-05-21T21:45:00+0200,205.47,MW,FR,FR,actual_solar_generation,Solar,2026-05-24T05:42:13Z
2026-05-24T05:41:40Z,2026-05-24T07:41:40+0200,04b1983b-7d82-4991-9c22-f60d67a0a20c,2026-05-21T20:00:00Z,2026-05-21T22:00:00+0200,193.05,MW,FR,FR,actual_solar_generation,Solar,2026-05-24T05:42:13Z
2026-05-24T05:41:40Z,2026-05-24T07:41:40+0200,04b1983b-7d82-4991-9c22-f60d67a0a20c,2026-05-21T20:15:00Z,2026-05-21T22:15:00+0200,195.38,MW,FR,FR,actual_solar_generation,Solar,2026-05-24T05:42:13Z
2026-05-24T05:41:40Z,2026-05-24T07:41:40+0200,04b1983b-7d82-4991-9c22-f60d67a0a20c,2026-05-21T20:30:00Z,2026-05-21T22:30:00+0200,195.3,MW,FR,FR,actual_solar_generation,Solar,2026-05-24T05:42:13Z
2026-05-24T05:41:40Z,2026-05-24T07:41:40+0200,04b1983b-7d82-4991-9c22-f60d67a0a20c,2026-05-21T20:45:00Z,2026-05-21T22:45:00+0200,191.48,MW,FR,FR,actual_solar_generation,Solar,2026-05-24T05:42:13Z
2026-05-24T05:41:40Z,2026-05-24T07:41:40+0200,04b1983b-7d82-4991-9c22-f60d67a0a20c,2026-05-21T21:00:00Z,2026-05-21T23:00:00+0200,0.0,MW,FR,FR,actual_solar_generation,Solar,2026-05-24T05:42:13Z
2026-05-24T05:41:40Z,2026-05-24T07:41:40+0200,04b1983b-7d82-4991-9c22-f60d67a0a20c,2026-05-21T21:15:00Z,2026-05-21T23:15:00+0200,0.0,MW,FR,FR,actual_solar_generation,Solar,2026-05-24T05:42:13Z
2026-05-24T05:41:40Z,2026-05-24T07:41:40+0200,04b1983b-7d82-4991-9c22-f60d67a0a20c,2026-05-21T21:30:00Z,2026-05-21T23:30:00+0200,0.0,MW,FR,FR,actual_solar_generation,Solar,2026-05-24T05:42:13Z
2026-05-24T05:41:40Z,2026-05-24T07:41:40+0200,04b1983b-7d82-4991-9c22-f60d67a0a20c,2026-05-21T21:45:00Z,2026-05-21T23:45:00+0200,0.0,MW,FR,FR,actual_solar_generation,Solar,2026-05-24T05:42:13Z
2026-05-24T05:41:40Z,2026-05-24T07:41:40+0200,04b1983b-7d82-4991-9c22-f60d67a0a20c,2026-05-21T22:00:00Z,2026-05-22T00:00:00+0200,0.0,MW,FR,FR,actual_solar_generation,Solar,2026-05-24T05:42:13Z
2026-05-24T05:41:40Z,2026-05-24T07:41:40+0200,04b1983b-7d82-4991-9c22-f60d67a0a20c,2026-05-21T22:15:00Z,2026-05-22T00:15:00+0200,0.0,MW,FR,FR,actual_solar_generation,Solar,2026-05-24T05:42:13Z
2026-05-24T05:41:40Z,2026-05-24T07:41:40+0200,04b1983b-7d82-4991-9c22-f60d67a0a20c,2026-05-21T22:30:00Z,2026-05-22T00:30:00+0200,0.0,MW,FR,FR,actual_solar_generation,Solar,2026-05-24T05:42:13Z
2026-05-24T05:41:40Z,2026-05-24T07:41:40+0200,04b1983b-7d82-4991-9c22-f60d67a0a20c,2026-05-21T22:45:00Z,2026-05-22T00:45:00+0200,0.0,MW,FR,FR,actual_solar_generation,Solar,2026-05-24T05:42:13Z
2026-05-24T05:41:40Z,2026-05-24T07:41:40+0200,04b1983b-7d82-4991-9c22-f60d67a0a20c,2026-05-21T23:00:00Z,2026-05-22T01:00:00+0200,0.0,MW,FR,FR,actual_solar_generation,Solar,2026-05-24T05:42:13Z
2026-05-24T05:41:40Z,2026-05-24T07:41:40+0200,04b1983b-7d82-4991-9c22-f60d67a0a20c,2026-05-21T23:15:00Z,2026-05-22T01:15:00+0200,0.0,MW,FR,FR,actual_solar_generation,Solar,2026-05-24T05:42:13Z
2026-05-24T05:41:40Z,2026-05-24T07:41:40+0200,04b1983b-7d82-4991-9c22-f60d67a0a20c,2026-05-21T23:30:00Z,2026-05-22T01:30:00+0200,0.0,MW,FR,FR,actual_solar_generation,Solar,2026-05-24T05:42:13Z
2026-05-24T05:41:40Z,2026-05-24T07:41:40+0200,04b1983b-7d82-4991-9c22-f60d67a0a20c,2026-05-21T23:45:00Z,2026-05-22T01:45:00+0200,0.0,MW,FR,FR,actual_solar_generation,Solar,2026-05-24T05:42:13Z
2026-05-24T05:41:40Z,2026-05-24T07:41:40+0200,04b1983b-7d82-4991-9c22-f60d67a0a20c,2026-05-22T00:00:00Z,2026-05-22T02:00:00+0200,0.0,MW,FR,FR,actual_solar_generation,Solar,2026-05-24T05:42:13Z
2026-05-24T05:41:40Z,2026-05-24T07:41:40+0200,04b1983b-7d82-4991-9c22-f60d67a0a20c,2026-05-22T00:15:00Z,2026-05-22T02:15:00+0200,0.0,MW,FR,FR,actual_solar_generation,Solar,2026-05-24T05:42:13Z
2026-05-24T05:41:40Z,2026-05-24T07:41:40+0200,04b1983b-7d82-4991-9c22-f60d67a0a20c,2026-05-22T00:30:00Z,2026-05-22T02:30:00+0200,0.0,MW,FR,FR,actual_solar_generation,Solar,2026-05-24T05:42:13Z
2026-05-24T05:41:40Z,2026-05-24T07:41:40+0200,04b1983b-7d82-4991-9c22-f60d67a0a20c,2026-05-22T00:45:00Z,2026-05-22T02:45:00+0200,0.0,MW,FR,FR,actual_solar_generation,Solar,2026-05-24T05:42:13Z
2026-05-24T05:41:40Z,2026-05-24T07:41:40+0200,04b1983b-7d82-4991-9c22-f60d67a0a20c,2026-05-22T01:00:00Z,2026-05-22T03:00:00+0200,0.0,MW,FR,FR,actual_solar_generation,Solar,2026-05-24T05:42:13Z
2026-05-24T05:41:40Z,2026-05-24T07:41:40+0200,04b1983b-7d82-4991-9c22-f60d67a0a20c,2026-05-22T01:15:00Z,2026-05-22T03:15:00+0200,0.0,MW,FR,FR,actual_solar_generation,Solar,2026-05-24T05:42:13Z
2026-05-24T05:41:40Z,2026-05-24T07:41:40+0200,04b1983b-7d82-4991-9c22-f60d67a0a20c,2026-05-22T01:30:00Z,2026-05-22T03:30:00+0200,0.0,MW,FR,FR,actual_solar_generation,Solar,2026-05-24T05:42:13Z
2026-05-24T05:41:40Z,2026-05-24T07:41:40+0200,04b1983b-7d82-4991-9c22-f60d67a0a20c,2026-05-22T01:45:00Z,2026-05-22T03:45:00+0200,0.0,MW,FR,FR,actual_solar_generation,Solar,2026-05-24T05:42:13Z
2026-05-24T05:41:40Z,2026-05-24T07:41:40+0200,04b1983b-7d82-4991-9c22-f60d67a0a20c,2026-05-22T02:00:00Z,2026-05-22T04:00:00+0200,0.0,MW,FR,FR,actual_solar_generation,Solar,2026-05-24T05:42:13Z
2026-05-24T05:41:40Z,2026-05-24T07:41:40+0200,04b1983b-7d82-4991-9c22-f60d67a0a20c,2026-05-22T02:15:00Z,2026-05-22T04:15:00+0200,0.0,MW,FR,FR,actual_solar_generation,Solar,2026-05-24T05:42:13Z
2026-05-24T05:41:40Z,2026-05-24T07:41:40+0200,04b1983b-7d82-4991-9c22-f60d67a0a20c,2026-05-22T02:30:00Z,2026-05-22T04:30:00+0200,0.0,MW,FR,FR,actual_solar_generation,Solar,2026-05-24T05:42:13Z
2026-05-24T05:41:40Z,2026-05-24T07:41:40+0200,04b1983b-7d82-4991-9c22-f60d67a0a20c,2026-05-22T02:45:00Z,2026-05-22T04:45:00+0200,0.0,MW,FR,FR,actual_solar_generation,Solar,2026-05-24T05:42:13Z
2026-05-24T05:41:40Z,2026-05-24T07:41:40+0200,04b1983b-7d82-4991-9c22-f60d67a0a20c,2026-05-22T03:00:00Z,2026-05-22T05:00:00+0200,0.0,MW,FR,FR,actual_solar_generation,Solar,2026-05-24T05:42:13Z
2026-05-24T05:41:40Z,2026-05-24T07:41:40+0200,04b1983b-7d82-4991-9c22-f60d67a0a20c,2026-05-22T03:15:00Z,2026-05-22T05:15:00+0200,0.0,MW,FR,FR,actual_solar_generation,Solar,2026-05-24T05:42:13Z
2026-05-24T05:41:40Z,2026-05-24T07:41:40+0200,04b1983b-7d82-4991-9c22-f60d67a0a20c,2026-05-22T03:30:00Z,2026-05-22T05:30:00+0200,0.0,MW,FR,FR,actual_solar_generation,Solar,2026-05-24T05:42:13Z
2026-05-24T05:41:40Z,2026-05-24T07:41:40+0200,04b1983b-7d82-4991-9c22-f60d67a0a20c,2026-05-22T03:45:00Z,2026-05-22T05:45:00+0200,0.0,MW,FR,FR,actual_solar_generation,Solar,2026-05-24T05:42:13Z
2026-05-24T05:41:40Z,2026-05-24T07:41:40+0200,04b1983b-7d82-4991-9c22-f60d67a0a20c,2026-05-22T04:00:00Z,2026-05-22T06:00:00+0200,231.79,MW,FR,FR,actual_solar_generation,Solar,2026-05-24T05:42:13Z
2026-05-24T05:41:40Z,2026-05-24T07:41:40+0200,04b1983b-7d82-4991-9c22-f60d67a0a20c,2026-05-22T04:15:00Z,2026-05-22T06:15:00+0200,299.61,MW,FR,FR,actual_solar_generation,Solar,2026-05-24T05:42:13Z
2026-05-24T05:41:40Z,2026-05-24T07:41:40+0200,04b1983b-7d82-4991-9c22-f60d67a0a20c,2026-05-22T04:30:00Z,2026-05-22T06:30:00+0200,449.16,MW,FR,FR,actual_solar_generation,Solar,2026-05-24T05:42:13Z
2026-05-24T05:41:40Z,2026-05-24T07:41:40+0200,04b1983b-7d82-4991-9c22-f60d67a0a20c,2026-05-22T04:45:00Z,2026-05-22T06:45:00+0200,737.07,MW,FR,FR,actual_solar_generation,Solar,2026-05-24T05:42:13Z
2026-05-24T05:41:40Z,2026-05-24T07:41:40+0200,04b1983b-7d82-4991-9c22-f60d67a0a20c,2026-05-22T05:00:00Z,2026-05-22T07:00:00+0200,1144.9,MW,FR,FR,actual_solar_generation,Solar,2026-05-24T05:42:13Z
2026-05-24T05:41:40Z,2026-05-24T07:41:40+0200,04b1983b-7d82-4991-9c22-f60d67a0a20c,2026-05-22T05:15:00Z,2026-05-22T07:15:00+0200,1679.66,MW,FR,FR,actual_solar_generation,Solar,2026-05-24T05:42:13Z
2026-05-24T05:41:40Z,2026-05-24T07:41:40+0200,04b1983b-7d82-4991-9c22-f60d67a0a20c,2026-05-22T05:30:00Z,2026-05-22T07:30:00+0200,2379.55,MW,FR,FR,actual_solar_generation,Solar,2026-05-24T05:42:13Z
2026-05-24T05:41:40Z,2026-05-24T07:41:40+0200,04b1983b-7d82-4991-9c22-f60d67a0a20c,2026-05-22T05:45:00Z,2026-05-22T07:45:00+0200,3223.74,MW,FR,FR,actual_solar_generation,Solar,2026-05-24T05:42:13Z
2026-05-24T05:41:40Z,2026-05-24T07:41:40+0200,04b1983b-7d82-4991-9c22-f60d67a0a20c,2026-05-22T06:00:00Z,2026-05-22T08:00:00+0200,4235.09,MW,FR,FR,actual_solar_generation,Solar,2026-05-24T05:42:13Z
2026-05-24T05:41:40Z,2026-05-24T07:41:40+0200,04b1983b-7d82-4991-9c22-f60d67a0a20c,2026-05-22T06:15:00Z,2026-05-22T08:15:00+0200,5443.9,MW,FR,FR,actual_solar_generation,Solar,2026-05-24T05:42:13Z
2026-05-24T05:41:40Z,2026-05-24T07:41:40+0200,04b1983b-7d82-4991-9c22-f60d67a0a20c,2026-05-22T06:30:00Z,2026-05-22T08:30:00+0200,6768.12,MW,FR,FR,actual_solar_generation,Solar,2026-05-24T05:42:13Z
2026-05-24T05:41:40Z,2026-05-24T07:41:40+0200,04b1983b-7d82-4991-9c22-f60d67a0a20c,2026-05-22T06:45:00Z,2026-05-22T08:45:00+0200,8125.34,MW,FR,FR,actual_solar_generation,Solar,2026-05-24T05:42:13Z
2026-05-24T05:41:40Z,2026-05-24T07:41:40+0200,04b1983b-7d82-4991-9c22-f60d67a0a20c,2026-05-22T07:00:00Z,2026-05-22T09:00:00+0200,9506.87,MW,FR,FR,actual_solar_generation,Solar,2026-05-24T05:42:13Z
2026-05-24T05:41:40Z,2026-05-24T07:41:40+0200,04b1983b-7d82-4991-9c22-f60d67a0a20c,2026-05-22T07:15:00Z,2026-05-22T09:15:00+0200,10842.53,MW,FR,FR,actual_solar_generation,Solar,2026-05-24T05:42:13Z
2026-05-24T05:41:40Z,2026-05-24T07:41:40+0200,04b1983b-7d82-4991-9c22-f60d67a0a20c,2026-05-22T07:30:00Z,2026-05-22T09:30:00+0200,12097.54,MW,FR,FR,actual_solar_generation,Solar,2026-05-24T05:42:13Z
2026-05-24T05:41:40Z,2026-05-24T07:41:40+0200,04b1983b-7d82-4991-9c22-f60d67a0a20c,2026-05-22T07:45:00Z,2026-05-22T09:45:00+0200,13253.83,MW,FR,FR,actual_solar_generation,Solar,2026-05-24T05:42:13Z
2026-05-24T05:41:40Z,2026-05-24T07:41:40+0200,04b1983b-7d82-4991-9c22-f60d67a0a20c,2026-05-22T08:00:00Z,2026-05-22T10:00:00+0200,14312.91,MW,FR,FR,actual_solar_generation,Solar,2026-05-24T05:42:13Z
2026-05-24T05:41:40Z,2026-05-24T07:41:40+0200,04b1983b-7d82-4991-9c22-f60d67a0a20c,2026-05-22T08:15:00Z,2026-05-22T10:15:00+0200,15333.18,MW,FR,FR,actual_solar_generation,Solar,2026-05-24T05:42:13Z
2026-05-24T05:41:40Z,2026-05-24T07:41:40+0200,04b1983b-7d82-4991-9c22-f60d67a0a20c,2026-05-22T08:30:00Z,2026-05-22T10:30:00+0200,16245.74,MW,FR,FR,actual_solar_generation,Solar,2026-05-24T05:42:13Z
2026-05-24T05:41:40Z,2026-05-24T07:41:40+0200,04b1983b-7d82-4991-9c22-f60d67a0a20c,2026-05-22T08:45:00Z,2026-05-22T10:45:00+0200,17140.5,MW,FR,FR,actual_solar_generation,Solar,2026-05-24T05:42:13Z
2026-05-24T05:41:40Z,2026-05-24T07:41:40+0200,04b1983b-7d82-4991-9c22-f60d67a0a20c,2026-05-22T09:00:00Z,2026-05-22T11:00:00+0200,17913.63,MW,FR,FR,actual_solar_generation,Solar,2026-05-24T05:42:13Z
2026-05-24T05:41:40Z,2026-05-24T07:41:40+0200,04b1983b-7d82-4991-9c22-f60d67a0a20c,2026-05-22T09:15:00Z,2026-05-22T11:15:00+0200,18573.67,MW,FR,FR,actual_solar_generation,Solar,2026-05-24T05:42:13Z
2026-05-24T05:41:40Z,2026-05-24T07:41:40+0200,04b1983b-7d82-4991-9c22-f60d67a0a20c,2026-05-22T09:30:00Z,2026-05-22T11:30:00+0200,19066.6,MW,FR,FR,actual_solar_generation,Solar,2026-05-24T05:42:13Z
2026-05-24T05:41:40Z,2026-05-24T07:41:40+0200,04b1983b-7d82-4991-9c22-f60d67a0a20c,2026-05-22T09:45:00Z,2026-05-22T11:45:00+0200,19625.74,MW,FR,FR,actual_solar_generation,Solar,2026-05-24T05:42:13Z
2026-05-24T05:41:40Z,2026-05-24T07:41:40+0200,04b1983b-7d82-4991-9c22-f60d67a0a20c,2026-05-22T10:00:00Z,2026-05-22T12:00:00+0200,19921.46,MW,FR,FR,actual_solar_generation,Solar,2026-05-24T05:42:13Z
2026-05-24T05:41:40Z,2026-05-24T07:41:40+0200,04b1983b-7d82-4991-9c22-f60d67a0a20c,2026-05-22T10:15:00Z,2026-05-22T12:15:00+0200,20335.3,MW,FR,FR,actual_solar_generation,Solar,2026-05-24T05:42:13Z
2026-05-24T05:41:40Z,2026-05-24T07:41:40+0200,04b1983b-7d82-4991-9c22-f60d67a0a20c,2026-05-22T10:30:00Z,2026-05-22T12:30:00+0200,18764.28,MW,FR,FR,actual_solar_generation,Solar,2026-05-24T05:42:13Z
2026-05-24T05:41:40Z,2026-05-24T07:41:40+0200,04b1983b-7d82-4991-9c22-f60d67a0a20c,2026-05-22T10:45:00Z,2026-05-22T12:45:00+0200,16087.41,MW,FR,FR,actual_solar_generation,Solar,2026-05-24T05:42:13Z
2026-05-24T05:41:40Z,2026-05-24T07:41:40+0200,04b1983b-7d82-4991-9c22-f60d67a0a20c,2026-05-22T11:00:00Z,2026-05-22T13:00:00+0200,16723.04,MW,FR,FR,actual_solar_generation,Solar,2026-05-24T05:42:13Z
2026-05-24T05:41:40Z,2026-05-24T07:41:40+0200,04b1983b-7d82-4991-9c22-f60d67a0a20c,2026-05-22T11:15:00Z,2026-05-22T13:15:00+0200,16734.77,MW,FR,FR,actual_solar_generation,Solar,2026-05-24T05:42:13Z
2026-05-24T05:41:40Z,2026-05-24T07:41:40+0200,04b1983b-7d82-4991-9c22-f60d67a0a20c,2026-05-22T11:30:00Z,2026-05-22T13:30:00+0200,16806.2,MW,FR,FR,actual_solar_generation,Solar,2026-05-24T05:42:13Z
2026-05-24T05:41:40Z,2026-05-24T07:41:40+0200,04b1983b-7d82-4991-9c22-f60d67a0a20c,2026-05-22T11:45:00Z,2026-05-22T13:45:00+0200,16761.47,MW,FR,FR,actual_solar_generation,Solar,2026-05-24T05:42:13Z
2026-05-24T05:41:40Z,2026-05-24T07:41:40+0200,04b1983b-7d82-4991-9c22-f60d67a0a20c,2026-05-22T12:00:00Z,2026-05-22T14:00:00+0200,16756.15,MW,FR,FR,actual_solar_generation,Solar,2026-05-24T05:42:13Z
2026-05-24T05:41:40Z,2026-05-24T07:41:40+0200,04b1983b-7d82-4991-9c22-f60d67a0a20c,2026-05-22T12:15:00Z,2026-05-22T14:15:00+0200,16742.04,MW,FR,FR,actual_solar_generation,Solar,2026-05-24T05:42:13Z
2026-05-24T05:41:40Z,2026-05-24T07:41:40+0200,04b1983b-7d82-4991-9c22-f60d67a0a20c,2026-05-22T12:30:00Z,2026-05-22T14:30:00+0200,16652.74,MW,FR,FR,actual_solar_generation,Solar,2026-05-24T05:42:13Z
2026-05-24T05:41:40Z,2026-05-24T07:41:40+0200,04b1983b-7d82-4991-9c22-f60d67a0a20c,2026-05-22T12:45:00Z,2026-05-22T14:45:00+0200,16462.82,MW,FR,FR,actual_solar_generation,Solar,2026-05-24T05:42:13Z
2026-05-24T05:41:40Z,2026-05-24T07:41:40+0200,04b1983b-7d82-4991-9c22-f60d67a0a20c,2026-05-22T13:00:00Z,2026-05-22T15:00:00+0200,16268.69,MW,FR,FR,actual_solar_generation,Solar,2026-05-24T05:42:13Z
2026-05-24T05:41:40Z,2026-05-24T07:41:40+0200,04b1983b-7d82-4991-9c22-f60d67a0a20c,2026-05-22T13:15:00Z,2026-05-22T15:15:00+0200,16032.34,MW,FR,FR,actual_solar_generation,Solar,2026-05-24T05:42:13Z
2026-05-24T05:41:40Z,2026-05-24T07:41:40+0200,04b1983b-7d82-4991-9c22-f60d67a0a20c,2026-05-22T13:30:00Z,2026-05-22T15:30:00+0200,15638.78,MW,FR,FR,actual_solar_generation,Solar,2026-05-24T05:42:13Z
2026-05-24T05:41:40Z,2026-05-24T07:41:40+0200,04b1983b-7d82-4991-9c22-f60d67a0a20c,2026-05-22T13:45:00Z,2026-05-22T15:45:00+0200,15307.77,MW,FR,FR,actual_solar_generation,Solar,2026-05-24T05:42:13Z
2026-05-24T05:41:40Z,2026-05-24T07:41:40+0200,04b1983b-7d82-4991-9c22-f60d67a0a20c,2026-05-22T14:00:00Z,2026-05-22T16:00:00+0200,14908.47,MW,FR,FR,actual_solar_generation,Solar,2026-05-24T05:42:13Z
2026-05-24T05:41:40Z,2026-05-24T07:41:40+0200,04b1983b-7d82-4991-9c22-f60d67a0a20c,2026-05-22T14:15:00Z,2026-05-22T16:15:00+0200,14466.93,MW,FR,FR,actual_solar_generation,Solar,2026-05-24T05:42:13Z
2026-05-24T05:41:40Z,2026-05-24T07:41:40+0200,04b1983b-7d82-4991-9c22-f60d67a0a20c,2026-05-22T14:30:00Z,2026-05-22T16:30:00+0200,13974.06,MW,FR,FR,actual_solar_generation,Solar,2026-05-24T05:42:13Z
2026-05-24T05:41:40Z,2026-05-24T07:41:40+0200,04b1983b-7d82-4991-9c22-f60d67a0a20c,2026-05-22T14:45:00Z,2026-05-22T16:45:00+0200,14424.28,MW,FR,FR,actual_solar_generation,Solar,2026-05-24T05:42:13Z
2026-05-24T05:41:40Z,2026-05-24T07:41:40+0200,04b1983b-7d82-4991-9c22-f60d67a0a20c,2026-05-22T15:00:00Z,2026-05-22T17:00:00+0200,15713.77,MW,FR,FR,actual_solar_generation,Solar,2026-05-24T05:42:13Z
2026-05-24T05:41:40Z,2026-05-24T07:41:40+0200,04b1983b-7d82-4991-9c22-f60d67a0a20c,2026-05-22T15:15:00Z,2026-05-22T17:15:00+0200,14933.37,MW,FR,FR,actual_solar_generation,Solar,2026-05-24T05:42:13Z
2026-05-24T05:41:40Z,2026-05-24T07:41:40+0200,04b1983b-7d82-4991-9c22-f60d67a0a20c,2026-05-22T15:30:00Z,2026-05-22T17:30:00+0200,13986.91,MW,FR,FR,actual_solar_generation,Solar,2026-05-24T05:42:13Z
2026-05-24T05:41:40Z,2026-05-24T07:41:40+0200,04b1983b-7d82-4991-9c22-f60d67a0a20c,2026-05-22T15:45:00Z,2026-05-22T17:45:00+0200,12948.77,MW,FR,FR,actual_solar_generation,Solar,2026-05-24T05:42:13Z
2026-05-24T05:41:40Z,2026-05-24T07:41:40+0200,04b1983b-7d82-4991-9c22-f60d67a0a20c,2026-05-22T16:00:00Z,2026-05-22T18:00:00+0200,11831.7,MW,FR,FR,actual_solar_generation,Solar,2026-05-24T05:42:13Z
2026-05-24T05:41:40Z,2026-05-24T07:41:40+0200,04b1983b-7d82-4991-9c22-f60d67a0a20c,2026-05-22T16:15:00Z,2026-05-22T18:15:00+0200,10620.4,MW,FR,FR,actual_solar_generation,Solar,2026-05-24T05:42:13Z
2026-05-24T05:41:40Z,2026-05-24T07:41:40+0200,04b1983b-7d82-4991-9c22-f60d67a0a20c,2026-05-22T16:30:00Z,2026-05-22T18:30:00+0200,9395.28,MW,FR,FR,actual_solar_generation,Solar,2026-05-24T05:42:13Z
2026-05-24T05:41:40Z,2026-05-24T07:41:40+0200,04b1983b-7d82-4991-9c22-f60d67a0a20c,2026-05-22T16:45:00Z,2026-05-22T18:45:00+0200,8081.08,MW,FR,FR,actual_solar_generation,Solar,2026-05-24T05:42:13Z
2026-05-24T05:41:40Z,2026-05-24T07:41:40+0200,04b1983b-7d82-4991-9c22-f60d67a0a20c,2026-05-22T17:00:00Z,2026-05-22T19:00:00+0200,6804.76,MW,FR,FR,actual_solar_generation,Solar,2026-05-24T05:42:13Z
2026-05-24T05:41:40Z,2026-05-24T07:41:40+0200,04b1983b-7d82-4991-9c22-f60d67a0a20c,2026-05-22T17:15:00Z,2026-05-22T19:15:00+0200,5525.57,MW,FR,FR,actual_solar_generation,Solar,2026-05-24T05:42:13Z
2026-05-24T05:41:40Z,2026-05-24T07:41:40+0200,04b1983b-7d82-4991-9c22-f60d67a0a20c,2026-05-22T17:30:00Z,2026-05-22T19:30:00+0200,4340.92,MW,FR,FR,actual_solar_generation,Solar,2026-05-24T05:42:13Z
2026-05-24T05:41:40Z,2026-05-24T07:41:40+0200,04b1983b-7d82-4991-9c22-f60d67a0a20c,2026-05-22T17:45:00Z,2026-05-22T19:45:00+0200,3340.4,MW,FR,FR,actual_solar_generation,Solar,2026-05-24T05:42:13Z
2026-05-24T05:41:40Z,2026-05-24T07:41:40+0200,04b1983b-7d82-4991-9c22-f60d67a0a20c,2026-05-22T18:00:00Z,2026-05-22T20:00:00+0200,2406.65,MW,FR,FR,actual_solar_generation,Solar,2026-05-24T05:42:13Z
2026-05-24T05:41:40Z,2026-05-24T07:41:40+0200,04b1983b-7d82-4991-9c22-f60d67a0a20c,2026-05-22T18:15:00Z,2026-05-22T20:15:00+0200,1723.85,MW,FR,FR,actual_solar_generation,Solar,2026-05-24T05:42:13Z
2026-05-24T05:41:40Z,2026-05-24T07:41:40+0200,04b1983b-7d82-4991-9c22-f60d67a0a20c,2026-05-22T18:30:00Z,2026-05-22T20:30:00+0200,1221.42,MW,FR,FR,actual_solar_generation,Solar,2026-05-24T05:42:13Z
2026-05-24T05:41:40Z,2026-05-24T07:41:40+0200,04b1983b-7d82-4991-9c22-f60d67a0a20c,2026-05-22T18:45:00Z,2026-05-22T20:45:00+0200,860.31,MW,FR,FR,actual_solar_generation,Solar,2026-05-24T05:42:13Z
2026-05-24T05:41:40Z,2026-05-24T07:41:40+0200,04b1983b-7d82-4991-9c22-f60d67a0a20c,2026-05-22T19:00:00Z,2026-05-22T21:00:00+0200,559.28,MW,FR,FR,actual_solar_generation,Solar,2026-05-24T05:42:13Z
2026-05-24T05:41:40Z,2026-05-24T07:41:40+0200,04b1983b-7d82-4991-9c22-f60d67a0a20c,2026-05-22T19:15:00Z,2026-05-22T21:15:00+0200,345.95,MW,FR,FR,actual_solar_generation,Solar,2026-05-24T05:42:13Z
2026-05-24T05:41:40Z,2026-05-24T07:41:40+0200,04b1983b-7d82-4991-9c22-f60d67a0a20c,2026-05-22T19:30:00Z,2026-05-22T21:30:00+0200,235.86,MW,FR,FR,actual_solar_generation,Solar,2026-05-24T05:42:13Z
2026-05-24T05:41:40Z,2026-05-24T07:41:40+0200,04b1983b-7d82-4991-9c22-f60d67a0a20c,2026-05-22T19:45:00Z,2026-05-22T21:45:00+0200,200.07,MW,FR,FR,actual_solar_generation,Solar,2026-05-24T05:42:13Z
2026-05-24T05:41:40Z,2026-05-24T07:41:40+0200,04b1983b-7d82-4991-9c22-f60d67a0a20c,2026-05-22T20:00:00Z,2026-05-22T22:00:00+0200,190.01,MW,FR,FR,actual_solar_generation,Solar,2026-05-24T05:42:13Z
2026-05-24T05:41:40Z,2026-05-24T07:41:40+0200,04b1983b-7d82-4991-9c22-f60d67a0a20c,2026-05-22T20:15:00Z,2026-05-22T22:15:00+0200,189.23,MW,FR,FR,actual_solar_generation,Solar,2026-05-24T05:42:13Z
2026-05-24T05:41:40Z,2026-05-24T07:41:40+0200,04b1983b-7d82-4991-9c22-f60d67a0a20c,2026-05-22T20:30:00Z,2026-05-22T22:30:00+0200,191.51,MW,FR,FR,actual_solar_generation,Solar,2026-05-24T05:42:13Z
2026-05-24T05:41:40Z,2026-05-24T07:41:40+0200,04b1983b-7d82-4991-9c22-f60d67a0a20c,2026-05-22T20:45:00Z,2026-05-22T22:45:00+0200,192.89,MW,FR,FR,actual_solar_generation,Solar,2026-05-24T05:42:13Z
2026-05-24T05:41:40Z,2026-05-24T07:41:40+0200,04b1983b-7d82-4991-9c22-f60d67a0a20c,2026-05-22T21:00:00Z,2026-05-22T23:00:00+0200,0.0,MW,FR,FR,actual_solar_generation,Solar,2026-05-24T05:42:13Z
2026-05-24T05:41:40Z,2026-05-24T07:41:40+0200,04b1983b-7d82-4991-9c22-f60d67a0a20c,2026-05-22T21:15:00Z,2026-05-22T23:15:00+0200,0.0,MW,FR,FR,actual_solar_generation,Solar,2026-05-24T05:42:13Z
2026-05-24T05:41:40Z,2026-05-24T07:41:40+0200,04b1983b-7d82-4991-9c22-f60d67a0a20c,2026-05-22T21:30:00Z,2026-05-22T23:30:00+0200,0.0,MW,FR,FR,actual_solar_generation,Solar,2026-05-24T05:42:13Z
2026-05-24T05:41:40Z,2026-05-24T07:41:40+0200,04b1983b-7d82-4991-9c22-f60d67a0a20c,2026-05-22T21:45:00Z,2026-05-22T23:45:00+0200,0.0,MW,FR,FR,actual_solar_generation,Solar,2026-05-24T05:42:13Z
2026-05-24T05:41:40Z,2026-05-24T07:41:40+0200,04b1983b-7d82-4991-9c22-f60d67a0a20c,2026-05-22T22:00:00Z,2026-05-23T00:00:00+0200,0.0,MW,FR,FR,actual_solar_generation,Solar,2026-05-24T05:42:13Z
2026-05-24T05:41:40Z,2026-05-24T07:41:40+0200,04b1983b-7d82-4991-9c22-f60d67a0a20c,2026-05-22T22:15:00Z,2026-05-23T00:15:00+0200,0.0,MW,FR,FR,actual_solar_generation,Solar,2026-05-24T05:42:13Z
2026-05-24T05:41:40Z,2026-05-24T07:41:40+0200,04b1983b-7d82-4991-9c22-f60d67a0a20c,2026-05-22T22:30:00Z,2026-05-23T00:30:00+0200,0.0,MW,FR,FR,actual_solar_generation,Solar,2026-05-24T05:42:13Z
2026-05-24T05:41:40Z,2026-05-24T07:41:40+0200,04b1983b-7d82-4991-9c22-f60d67a0a20c,2026-05-22T22:45:00Z,2026-05-23T00:45:00+0200,0.0,MW,FR,FR,actual_solar_generation,Solar,2026-05-24T05:42:13Z
2026-05-24T05:41:40Z,2026-05-24T07:41:40+0200,04b1983b-7d82-4991-9c22-f60d67a0a20c,2026-05-22T23:00:00Z,2026-05-23T01:00:00+0200,0.0,MW,FR,FR,actual_solar_generation,Solar,2026-05-24T05:42:13Z
2026-05-24T05:41:40Z,2026-05-24T07:41:40+0200,04b1983b-7d82-4991-9c22-f60d67a0a20c,2026-05-22T23:15:00Z,2026-05-23T01:15:00+0200,0.0,MW,FR,FR,actual_solar_generation,Solar,2026-05-24T05:42:13Z
2026-05-24T05:41:40Z,2026-05-24T07:41:40+0200,04b1983b-7d82-4991-9c22-f60d67a0a20c,2026-05-22T23:30:00Z,2026-05-23T01:30:00+0200,0.0,MW,FR,FR,actual_solar_generation,Solar,2026-05-24T05:42:13Z
2026-05-24T05:41:40Z,2026-05-24T07:41:40+0200,04b1983b-7d82-4991-9c22-f60d67a0a20c,2026-05-22T23:45:00Z,2026-05-23T01:45:00+0200,0.0,MW,FR,FR,actual_solar_generation,Solar,2026-05-24T05:42:13Z
2026-05-24T05:41:40Z,2026-05-24T07:41:40+0200,04b1983b-7d82-4991-9c22-f60d67a0a20c,2026-05-23T00:00:00Z,2026-05-23T02:00:00+0200,0.0,MW,FR,FR,actual_solar_generation,Solar,2026-05-24T05:42:13Z
2026-05-24T05:41:40Z,2026-05-24T07:41:40+0200,04b1983b-7d82-4991-9c22-f60d67a0a20c,2026-05-23T00:15:00Z,2026-05-23T02:15:00+0200,0.0,MW,FR,FR,actual_solar_generation,Solar,2026-05-24T05:42:13Z
2026-05-24T05:41:40Z,2026-05-24T07:41:40+0200,04b1983b-7d82-4991-9c22-f60d67a0a20c,2026-05-23T00:30:00Z,2026-05-23T02:30:00+0200,0.0,MW,FR,FR,actual_solar_generation,Solar,2026-05-24T05:42:13Z
2026-05-24T05:41:40Z,2026-05-24T07:41:40+0200,04b1983b-7d82-4991-9c22-f60d67a0a20c,2026-05-23T00:45:00Z,2026-05-23T02:45:00+0200,0.0,MW,FR,FR,actual_solar_generation,Solar,2026-05-24T05:42:13Z
2026-05-24T05:41:40Z,2026-05-24T07:41:40+0200,04b1983b-7d82-4991-9c22-f60d67a0a20c,2026-05-23T01:00:00Z,2026-05-23T03:00:00+0200,0.0,MW,FR,FR,actual_solar_generation,Solar,2026-05-24T05:42:13Z
2026-05-24T05:41:40Z,2026-05-24T07:41:40+0200,04b1983b-7d82-4991-9c22-f60d67a0a20c,2026-05-23T01:15:00Z,2026-05-23T03:15:00+0200,0.0,MW,FR,FR,actual_solar_generation,Solar,2026-05-24T05:42:13Z
2026-05-24T05:41:40Z,2026-05-24T07:41:40+0200,04b1983b-7d82-4991-9c22-f60d67a0a20c,2026-05-23T01:30:00Z,2026-05-23T03:30:00+0200,0.0,MW,FR,FR,actual_solar_generation,Solar,2026-05-24T05:42:13Z
2026-05-24T05:41:40Z,2026-05-24T07:41:40+0200,04b1983b-7d82-4991-9c22-f60d67a0a20c,2026-05-23T01:45:00Z,2026-05-23T03:45:00+0200,0.0,MW,FR,FR,actual_solar_generation,Solar,2026-05-24T05:42:13Z
2026-05-24T05:41:40Z,2026-05-24T07:41:40+0200,04b1983b-7d82-4991-9c22-f60d67a0a20c,2026-05-23T02:00:00Z,2026-05-23T04:00:00+0200,0.0,MW,FR,FR,actual_solar_generation,Solar,2026-05-24T05:42:13Z
2026-05-24T05:41:40Z,2026-05-24T07:41:40+0200,04b1983b-7d82-4991-9c22-f60d67a0a20c,2026-05-23T02:15:00Z,2026-05-23T04:15:00+0200,0.0,MW,FR,FR,actual_solar_generation,Solar,2026-05-24T05:42:13Z
2026-05-24T05:41:40Z,2026-05-24T07:41:40+0200,04b1983b-7d82-4991-9c22-f60d67a0a20c,2026-05-23T02:30:00Z,2026-05-23T04:30:00+0200,0.0,MW,FR,FR,actual_solar_generation,Solar,2026-05-24T05:42:13Z
2026-05-24T05:41:40Z,2026-05-24T07:41:40+0200,04b1983b-7d82-4991-9c22-f60d67a0a20c,2026-05-23T02:45:00Z,2026-05-23T04:45:00+0200,0.0,MW,FR,FR,actual_solar_generation,Solar,2026-05-24T05:42:13Z
2026-05-24T05:41:40Z,2026-05-24T07:41:40+0200,04b1983b-7d82-4991-9c22-f60d67a0a20c,2026-05-23T03:00:00Z,2026-05-23T05:00:00+0200,0.0,MW,FR,FR,actual_solar_generation,Solar,2026-05-24T05:42:13Z
2026-05-24T05:41:40Z,2026-05-24T07:41:40+0200,04b1983b-7d82-4991-9c22-f60d67a0a20c,2026-05-23T03:15:00Z,2026-05-23T05:15:00+0200,0.0,MW,FR,FR,actual_solar_generation,Solar,2026-05-24T05:42:13Z
2026-05-24T05:41:40Z,2026-05-24T07:41:40+0200,04b1983b-7d82-4991-9c22-f60d67a0a20c,2026-05-23T03:30:00Z,2026-05-23T05:30:00+0200,0.0,MW,FR,FR,actual_solar_generation,Solar,2026-05-24T05:42:13Z
2026-05-24T05:41:40Z,2026-05-24T07:41:40+0200,04b1983b-7d82-4991-9c22-f60d67a0a20c,2026-05-23T03:45:00Z,2026-05-23T05:45:00+0200,0.0,MW,FR,FR,actual_solar_generation,Solar,2026-05-24T05:42:13Z
2026-05-24T05:41:40Z,2026-05-24T07:41:40+0200,04b1983b-7d82-4991-9c22-f60d67a0a20c,2026-05-23T04:00:00Z,2026-05-23T06:00:00+0200,227.96,MW,FR,FR,actual_solar_generation,Solar,2026-05-24T05:42:13Z
2026-05-24T05:41:40Z,2026-05-24T07:41:40+0200,04b1983b-7d82-4991-9c22-f60d67a0a20c,2026-05-23T04:15:00Z,2026-05-23T06:15:00+0200,302.94,MW,FR,FR,actual_solar_generation,Solar,2026-05-24T05:42:13Z
2026-05-24T05:41:40Z,2026-05-24T07:41:40+0200,04b1983b-7d82-4991-9c22-f60d67a0a20c,2026-05-23T04:30:00Z,2026-05-23T06:30:00+0200,447.02,MW,FR,FR,actual_solar_generation,Solar,2026-05-24T05:42:13Z
2026-05-24T05:41:40Z,2026-05-24T07:41:40+0200,04b1983b-7d82-4991-9c22-f60d67a0a20c,2026-05-23T04:45:00Z,2026-05-23T06:45:00+0200,724.43,MW,FR,FR,actual_solar_generation,Solar,2026-05-24T05:42:13Z
2026-05-24T05:41:40Z,2026-05-24T07:41:40+0200,04b1983b-7d82-4991-9c22-f60d67a0a20c,2026-05-23T05:00:00Z,2026-05-23T07:00:00+0200,1112.06,MW,FR,FR,actual_solar_generation,Solar,2026-05-24T05:42:13Z
2026-05-24T05:41:40Z,2026-05-24T07:41:40+0200,04b1983b-7d82-4991-9c22-f60d67a0a20c,2026-05-23T05:15:00Z,2026-05-23T07:15:00+0200,1625.21,MW,FR,FR,actual_solar_generation,Solar,2026-05-24T05:42:13Z
2026-05-24T05:41:40Z,2026-05-24T07:41:40+0200,04b1983b-7d82-4991-9c22-f60d67a0a20c,2026-05-23T05:30:00Z,2026-05-23T07:30:00+0200,2317.9,MW,FR,FR,actual_solar_generation,Solar,2026-05-24T05:42:13Z
2026-05-24T05:41:40Z,2026-05-24T07:41:40+0200,04b1983b-7d82-4991-9c22-f60d67a0a20c,2026-05-23T05:45:00Z,2026-05-23T07:45:00+0200,3192.74,MW,FR,FR,actual_solar_generation,Solar,2026-05-24T05:42:13Z
2026-05-24T05:41:40Z,2026-05-24T07:41:40+0200,04b1983b-7d82-4991-9c22-f60d67a0a20c,2026-05-23T06:00:00Z,2026-05-23T08:00:00+0200,4161.7,MW,FR,FR,actual_solar_generation,Solar,2026-05-24T05:42:13Z
2026-05-24T05:41:40Z,2026-05-24T07:41:40+0200,04b1983b-7d82-4991-9c22-f60d67a0a20c,2026-05-23T06:15:00Z,2026-05-23T08:15:00+0200,5237.08,MW,FR,FR,actual_solar_generation,Solar,2026-05-24T05:42:13Z
2026-05-24T05:41:40Z,2026-05-24T07:41:40+0200,04b1983b-7d82-4991-9c22-f60d67a0a20c,2026-05-23T06:30:00Z,2026-05-23T08:30:00+0200,6456.84,MW,FR,FR,actual_solar_generation,Solar,2026-05-24T05:42:13Z
2026-05-24T05:41:40Z,2026-05-24T07:41:40+0200,04b1983b-7d82-4991-9c22-f60d67a0a20c,2026-05-23T06:45:00Z,2026-05-23T08:45:00+0200,7737.42,MW,FR,FR,actual_solar_generation,Solar,2026-05-24T05:42:13Z
2026-05-24T05:41:40Z,2026-05-24T07:41:40+0200,04b1983b-7d82-4991-9c22-f60d67a0a20c,2026-05-23T07:00:00Z,2026-05-23T09:00:00+0200,9062.18,MW,FR,FR,actual_solar_generation,Solar,2026-05-24T05:42:13Z
2026-05-24T05:41:40Z,2026-05-24T07:41:40+0200,04b1983b-7d82-4991-9c22-f60d67a0a20c,2026-05-23T07:15:00Z,2026-05-23T09:15:00+0200,10405.33,MW,FR,FR,actual_solar_generation,Solar,2026-05-24T05:42:13Z
2026-05-24T05:41:40Z,2026-05-24T07:41:40+0200,04b1983b-7d82-4991-9c22-f60d67a0a20c,2026-05-23T07:30:00Z,2026-05-23T09:30:00+0200,11549.37,MW,FR,FR,actual_solar_generation,Solar,2026-05-24T05:42:13Z
2026-05-24T05:41:40Z,2026-05-24T07:41:40+0200,04b1983b-7d82-4991-9c22-f60d67a0a20c,2026-05-23T07:45:00Z,2026-05-23T09:45:00+0200,11649.71,MW,FR,FR,actual_solar_generation,Solar,2026-05-24T05:42:13Z
2026-05-24T05:41:40Z,2026-05-24T07:41:40+0200,04b1983b-7d82-4991-9c22-f60d67a0a20c,2026-05-23T08:00:00Z,2026-05-23T10:00:00+0200,10271.67,MW,FR,FR,actual_solar_generation,Solar,2026-05-24T05:42:13Z
2026-05-24T05:41:40Z,2026-05-24T07:41:40+0200,04b1983b-7d82-4991-9c22-f60d67a0a20c,2026-05-23T08:15:00Z,2026-05-23T10:15:00+0200,10417.6,MW,FR,FR,actual_solar_generation,Solar,2026-05-24T05:42:13Z
2026-05-24T05:41:40Z,2026-05-24T07:41:40+0200,04b1983b-7d82-4991-9c22-f60d67a0a20c,2026-05-23T08:30:00Z,2026-05-23T10:30:00+0200,9850.1,MW,FR,FR,actual_solar_generation,Solar,2026-05-24T05:42:13Z
2026-05-24T05:41:40Z,2026-05-24T07:41:40+0200,04b1983b-7d82-4991-9c22-f60d67a0a20c,2026-05-23T08:45:00Z,2026-05-23T10:45:00+0200,10058.9,MW,FR,FR,actual_solar_generation,Solar,2026-05-24T05:42:13Z
2026-05-24T05:41:40Z,2026-05-24T07:41:40+0200,04b1983b-7d82-4991-9c22-f60d67a0a20c,2026-05-23T09:00:00Z,2026-05-23T11:00:00+0200,10457.5,MW,FR,FR,actual_solar_generation,Solar,2026-05-24T05:42:13Z
2026-05-24T05:41:40Z,2026-05-24T07:41:40+0200,04b1983b-7d82-4991-9c22-f60d67a0a20c,2026-05-23T09:15:00Z,2026-05-23T11:15:00+0200,10898.54,MW,FR,FR,actual_solar_generation,Solar,2026-05-24T05:42:13Z
2026-05-24T05:41:40Z,2026-05-24T07:41:40+0200,04b1983b-7d82-4991-9c22-f60d67a0a20c,2026-05-23T09:30:00Z,2026-05-23T11:30:00+0200,11303.63,MW,FR,FR,actual_solar_generation,Solar,2026-05-24T05:42:13Z
2026-05-24T05:41:40Z,2026-05-24T07:41:40+0200,04b1983b-7d82-4991-9c22-f60d67a0a20c,2026-05-23T09:45:00Z,2026-05-23T11:45:00+0200,11592.03,MW,FR,FR,actual_solar_generation,Solar,2026-05-24T05:42:13Z
2026-05-24T05:41:40Z,2026-05-24T07:41:40+0200,04b1983b-7d82-4991-9c22-f60d67a0a20c,2026-05-23T10:00:00Z,2026-05-23T12:00:00+0200,11862.63,MW,FR,FR,actual_solar_generation,Solar,2026-05-24T05:42:13Z
2026-05-24T05:41:40Z,2026-05-24T07:41:40+0200,04b1983b-7d82-4991-9c22-f60d67a0a20c,2026-05-23T10:15:00Z,2026-05-23T12:15:00+0200,12097.33,MW,FR,FR,actual_solar_generation,Solar,2026-05-24T05:42:13Z
2026-05-24T05:41:40Z,2026-05-24T07:41:40+0200,04b1983b-7d82-4991-9c22-f60d67a0a20c,2026-05-23T10:30:00Z,2026-05-23T12:30:00+0200,12290.08,MW,FR,FR,actual_solar_generation,Solar,2026-05-24T05:42:13Z
2026-05-24T05:41:40Z,2026-05-24T07:41:40+0200,04b1983b-7d82-4991-9c22-f60d67a0a20c,2026-05-23T10:45:00Z,2026-05-23T12:45:00+0200,12409.68,MW,FR,FR,actual_solar_generation,Solar,2026-05-24T05:42:13Z
2026-05-24T05:41:40Z,2026-05-24T07:41:40+0200,04b1983b-7d82-4991-9c22-f60d67a0a20c,2026-05-23T11:00:00Z,2026-05-23T13:00:00+0200,12405.88,MW,FR,FR,actual_solar_generation,Solar,2026-05-24T05:42:13Z
2026-05-24T05:41:40Z,2026-05-24T07:41:40+0200,04b1983b-7d82-4991-9c22-f60d67a0a20c,2026-05-23T11:15:00Z,2026-05-23T13:15:00+0200,12466.13,MW,FR,FR,actual_solar_generation,Solar,2026-05-24T05:42:13Z
2026-05-24T05:41:40Z,2026-05-24T07:41:40+0200,04b1983b-7d82-4991-9c22-f60d67a0a20c,2026-05-23T11:30:00Z,2026-05-23T13:30:00+0200,12475.33,MW,FR,FR,actual_solar_generation,Solar,2026-05-24T05:42:13Z
2026-05-24T05:41:40Z,2026-05-24T07:41:40+0200,04b1983b-7d82-4991-9c22-f60d67a0a20c,2026-05-23T11:45:00Z,2026-05-23T13:45:00+0200,12469.16,MW,FR,FR,actual_solar_generation,Solar,2026-05-24T05:42:13Z
2026-05-24T05:41:40Z,2026-05-24T07:41:40+0200,04b1983b-7d82-4991-9c22-f60d67a0a20c,2026-05-23T12:00:00Z,2026-05-23T14:00:00+0200,12464.08,MW,FR,FR,actual_solar_generation,Solar,2026-05-24T05:42:13Z
2026-05-24T05:41:40Z,2026-05-24T07:41:40+0200,04b1983b-7d82-4991-9c22-f60d67a0a20c,2026-05-23T12:15:00Z,2026-05-23T14:15:00+0200,12442.14,MW,FR,FR,actual_solar_generation,Solar,2026-05-24T05:42:13Z
2026-05-24T05:41:40Z,2026-05-24T07:41:40+0200,04b1983b-7d82-4991-9c22-f60d67a0a20c,2026-05-23T12:30:00Z,2026-05-23T14:30:00+0200,12382.39,MW,FR,FR,actual_solar_generation,Solar,2026-05-24T05:42:13Z
2026-05-24T05:41:40Z,2026-05-24T07:41:40+0200,04b1983b-7d82-4991-9c22-f60d67a0a20c,2026-05-23T12:45:00Z,2026-05-23T14:45:00+0200,12275.79,MW,FR,FR,actual_solar_generation,Solar,2026-05-24T05:42:13Z
2026-05-24T05:41:40Z,2026-05-24T07:41:40+0200,04b1983b-7d82-4991-9c22-f60d67a0a20c,2026-05-23T13:00:00Z,2026-05-23T15:00:00+0200,12133.62,MW,FR,FR,actual_solar_generation,Solar,2026-05-24T05:42:13Z
2026-05-24T05:41:40Z,2026-05-24T07:41:40+0200,04b1983b-7d82-4991-9c22-f60d67a0a20c,2026-05-23T13:15:00Z,2026-05-23T15:15:00+0200,11944.8,MW,FR,FR,actual_solar_generation,Solar,2026-05-24T05:42:13Z
2026-05-24T05:41:40Z,2026-05-24T07:41:40+0200,04b1983b-7d82-4991-9c22-f60d67a0a20c,2026-05-23T13:30:00Z,2026-05-23T15:30:00+0200,11696.55,MW,FR,FR,actual_solar_generation,Solar,2026-05-24T05:42:13Z
2026-05-24T05:41:40Z,2026-05-24T07:41:40+0200,04b1983b-7d82-4991-9c22-f60d67a0a20c,2026-05-23T13:45:00Z,2026-05-23T15:45:00+0200,11467.12,MW,FR,FR,actual_solar_generation,Solar,2026-05-24T05:42:13Z
2026-05-24T05:41:40Z,2026-05-24T07:41:40+0200,04b1983b-7d82-4991-9c22-f60d67a0a20c,2026-05-23T14:00:00Z,2026-05-23T16:00:00+0200,11292.45,MW,FR,FR,actual_solar_generation,Solar,2026-05-24T05:42:13Z
2026-05-24T05:41:40Z,2026-05-24T07:41:40+0200,04b1983b-7d82-4991-9c22-f60d67a0a20c,2026-05-23T14:15:00Z,2026-05-23T16:15:00+0200,12139.22,MW,FR,FR,actual_solar_generation,Solar,2026-05-24T05:42:13Z
2026-05-24T05:41:40Z,2026-05-24T07:41:40+0200,04b1983b-7d82-4991-9c22-f60d67a0a20c,2026-05-23T14:30:00Z,2026-05-23T16:30:00+0200,12427.98,MW,FR,FR,actual_solar_generation,Solar,2026-05-24T05:42:13Z
2026-05-24T05:41:40Z,2026-05-24T07:41:40+0200,04b1983b-7d82-4991-9c22-f60d67a0a20c,2026-05-23T14:45:00Z,2026-05-23T16:45:00+0200,11998.42,MW,FR,FR,actual_solar_generation,Solar,2026-05-24T05:42:13Z
2026-05-24T05:41:40Z,2026-05-24T07:41:40+0200,04b1983b-7d82-4991-9c22-f60d67a0a20c,2026-05-23T15:00:00Z,2026-05-23T17:00:00+0200,11490.87,MW,FR,FR,actual_solar_generation,Solar,2026-05-24T05:42:13Z
2026-05-24T05:41:40Z,2026-05-24T07:41:40+0200,04b1983b-7d82-4991-9c22-f60d67a0a20c,2026-05-23T15:15:00Z,2026-05-23T17:15:00+0200,10786.88,MW,FR,FR,actual_solar_generation,Solar,2026-05-24T05:42:13Z
2026-05-24T05:41:40Z,2026-05-24T07:41:40+0200,04b1983b-7d82-4991-9c22-f60d67a0a20c,2026-05-23T15:30:00Z,2026-05-23T17:30:00+0200,10102.33,MW,FR,FR,actual_solar_generation,Solar,2026-05-24T05:42:13Z
2026-05-24T05:41:40Z,2026-05-24T07:41:40+0200,04b1983b-7d82-4991-9c22-f60d67a0a20c,2026-05-23T15:45:00Z,2026-05-23T17:45:00+0200,11118.7,MW,FR,FR,actual_solar_generation,Solar,2026-05-24T05:42:13Z
2026-05-24T05:41:40Z,2026-05-24T07:41:40+0200,04b1983b-7d82-4991-9c22-f60d67a0a20c,2026-05-23T16:00:00Z,2026-05-23T18:00:00+0200,11603.7,MW,FR,FR,actual_solar_generation,Solar,2026-05-24T05:42:13Z
2026-05-24T05:41:40Z,2026-05-24T07:41:40+0200,04b1983b-7d82-4991-9c22-f60d67a0a20c,2026-05-23T16:15:00Z,2026-05-23T18:15:00+0200,10515.1,MW,FR,FR,actual_solar_generation,Solar,2026-05-24T05:42:13Z
2026-05-24T05:41:40Z,2026-05-24T07:41:40+0200,04b1983b-7d82-4991-9c22-f60d67a0a20c,2026-05-23T16:30:00Z,2026-05-23T18:30:00+0200,9235.85,MW,FR,FR,actual_solar_generation,Solar,2026-05-24T05:42:13Z
2026-05-24T05:41:40Z,2026-05-24T07:41:40+0200,04b1983b-7d82-4991-9c22-f60d67a0a20c,2026-05-23T16:45:00Z,2026-05-23T18:45:00+0200,7992.07,MW,FR,FR,actual_solar_generation,Solar,2026-05-24T05:42:13Z
2026-05-24T05:41:40Z,2026-05-24T07:41:40+0200,04b1983b-7d82-4991-9c22-f60d67a0a20c,2026-05-23T17:00:00Z,2026-05-23T19:00:00+0200,6734.0,MW,FR,FR,actual_solar_generation,Solar,2026-05-24T05:42:13Z
2026-05-24T05:41:40Z,2026-05-24T07:41:40+0200,04b1983b-7d82-4991-9c22-f60d67a0a20c,2026-05-23T17:15:00Z,2026-05-23T19:15:00+0200,5495.5,MW,FR,FR,actual_solar_generation,Solar,2026-05-24T05:42:13Z
2026-05-24T05:41:40Z,2026-05-24T07:41:40+0200,04b1983b-7d82-4991-9c22-f60d67a0a20c,2026-05-23T17:30:00Z,2026-05-23T19:30:00+0200,4340.12,MW,FR,FR,actual_solar_generation,Solar,2026-05-24T05:42:13Z
2026-05-24T05:41:40Z,2026-05-24T07:41:40+0200,04b1983b-7d82-4991-9c22-f60d67a0a20c,2026-05-23T17:45:00Z,2026-05-23T19:45:00+0200,3345.61,MW,FR,FR,actual_solar_generation,Solar,2026-05-24T05:42:13Z
2026-05-24T05:41:40Z,2026-05-24T07:41:40+0200,04b1983b-7d82-4991-9c22-f60d67a0a20c,2026-05-23T18:00:00Z,2026-05-23T20:00:00+0200,2426.44,MW,FR,FR,actual_solar_generation,Solar,2026-05-24T05:42:13Z
2026-05-24T05:41:40Z,2026-05-24T07:41:40+0200,04b1983b-7d82-4991-9c22-f60d67a0a20c,2026-05-23T18:15:00Z,2026-05-23T20:15:00+0200,1717.54,MW,FR,FR,actual_solar_generation,Solar,2026-05-24T05:42:13Z
2026-05-24T05:41:40Z,2026-05-24T07:41:40+0200,04b1983b-7d82-4991-9c22-f60d67a0a20c,2026-05-23T18:30:00Z,2026-05-23T20:30:00+0200,1200.92,MW,FR,FR,actual_solar_generation,Solar,2026-05-24T05:42:13Z
2026-05-24T05:41:40Z,2026-05-24T07:41:40+0200,04b1983b-7d82-4991-9c22-f60d67a0a20c,2026-05-23T18:45:00Z,2026-05-23T20:45:00+0200,836.18,MW,FR,FR,actual_solar_generation,Solar,2026-05-24T05:42:13Z
2026-05-24T05:41:40Z,2026-05-24T07:41:40+0200,04b1983b-7d82-4991-9c22-f60d67a0a20c,2026-05-23T19:00:00Z,2026-05-23T21:00:00+0200,546.98,MW,FR,FR,actual_solar_generation,Solar,2026-05-24T05:42:13Z
2026-05-24T05:41:40Z,2026-05-24T07:41:40+0200,04b1983b-7d82-4991-9c22-f60d67a0a20c,2026-05-23T19:15:00Z,2026-05-23T21:15:00+0200,339.73,MW,FR,FR,actual_solar_generation,Solar,2026-05-24T05:42:13Z
2026-05-24T05:41:40Z,2026-05-24T07:41:40+0200,04b1983b-7d82-4991-9c22-f60d67a0a20c,2026-05-23T19:30:00Z,2026-05-23T21:30:00+0200,231.31,MW,FR,FR,actual_solar_generation,Solar,2026-05-24T05:42:13Z
2026-05-24T05:41:40Z,2026-05-24T07:41:40+0200,04b1983b-7d82-4991-9c22-f60d67a0a20c,2026-05-23T19:45:00Z,2026-05-23T21:45:00+0200,198.22,MW,FR,FR,actual_solar_generation,Solar,2026-05-24T05:42:13Z
2026-05-24T05:41:40Z,2026-05-24T07:41:40+0200,04b1983b-7d82-4991-9c22-f60d67a0a20c,2026-05-23T20:00:00Z,2026-05-23T22:00:00+0200,192.67,MW,FR,FR,actual_solar_generation,Solar,2026-05-24T05:42:13Z
2026-05-24T05:41:40Z,2026-05-24T07:41:40+0200,04b1983b-7d82-4991-9c22-f60d67a0a20c,2026-05-23T20:15:00Z,2026-05-23T22:15:00+0200,191.09,MW,FR,FR,actual_solar_generation,Solar,2026-05-24T05:42:13Z
2026-05-24T05:41:40Z,2026-05-24T07:41:40+0200,04b1983b-7d82-4991-9c22-f60d67a0a20c,2026-05-23T20:30:00Z,2026-05-23T22:30:00+0200,191.09,MW,FR,FR,actual_solar_generation,Solar,2026-05-24T05:42:13Z
2026-05-24T05:41:40Z,2026-05-24T07:41:40+0200,04b1983b-7d82-4991-9c22-f60d67a0a20c,2026-05-23T20:45:00Z,2026-05-23T22:45:00+0200,192.02,MW,FR,FR,actual_solar_generation,Solar,2026-05-24T05:42:13Z
2026-05-24T05:41:40Z,2026-05-24T07:41:40+0200,04b1983b-7d82-4991-9c22-f60d67a0a20c,2026-05-23T21:00:00Z,2026-05-23T23:00:00+0200,0.0,MW,FR,FR,actual_solar_generation,Solar,2026-05-24T05:42:13Z
2026-05-24T05:41:40Z,2026-05-24T07:41:40+0200,04b1983b-7d82-4991-9c22-f60d67a0a20c,2026-05-23T21:15:00Z,2026-05-23T23:15:00+0200,0.0,MW,FR,FR,actual_solar_generation,Solar,2026-05-24T05:42:13Z
2026-05-24T05:41:40Z,2026-05-24T07:41:40+0200,04b1983b-7d82-4991-9c22-f60d67a0a20c,2026-05-23T21:30:00Z,2026-05-23T23:30:00+0200,0.0,MW,FR,FR,actual_solar_generation,Solar,2026-05-24T05:42:13Z
2026-05-24T05:41:40Z,2026-05-24T07:41:40+0200,04b1983b-7d82-4991-9c22-f60d67a0a20c,2026-05-23T21:45:00Z,2026-05-23T23:45:00+0200,0.0,MW,FR,FR,actual_solar_generation,Solar,2026-05-24T05:42:13Z
2026-05-24T05:41:40Z,2026-05-24T07:41:40+0200,04b1983b-7d82-4991-9c22-f60d67a0a20c,2026-05-23T22:00:00Z,2026-05-24T00:00:00+0200,0.0,MW,FR,FR,actual_solar_generation,Solar,2026-05-24T05:42:13Z
2026-05-24T05:41:40Z,2026-05-24T07:41:40+0200,04b1983b-7d82-4991-9c22-f60d67a0a20c,2026-05-23T22:15:00Z,2026-05-24T00:15:00+0200,0.0,MW,FR,FR,actual_solar_generation,Solar,2026-05-24T05:42:13Z
2026-05-24T05:41:40Z,2026-05-24T07:41:40+0200,04b1983b-7d82-4991-9c22-f60d67a0a20c,2026-05-23T22:30:00Z,2026-05-24T00:30:00+0200,0.0,MW,FR,FR,actual_solar_generation,Solar,2026-05-24T05:42:13Z
2026-05-24T05:41:40Z,2026-05-24T07:41:40+0200,04b1983b-7d82-4991-9c22-f60d67a0a20c,2026-05-23T22:45:00Z,2026-05-24T00:45:00+0200,0.0,MW,FR,FR,actual_solar_generation,Solar,2026-05-24T05:42:13Z
2026-05-24T05:41:40Z,2026-05-24T07:41:40+0200,04b1983b-7d82-4991-9c22-f60d67a0a20c,2026-05-23T23:00:00Z,2026-05-24T01:00:00+0200,0.0,MW,FR,FR,actual_solar_generation,Solar,2026-05-24T05:42:13Z
2026-05-24T05:41:40Z,2026-05-24T07:41:40+0200,04b1983b-7d82-4991-9c22-f60d67a0a20c,2026-05-23T23:15:00Z,2026-05-24T01:15:00+0200,0.0,MW,FR,FR,actual_solar_generation,Solar,2026-05-24T05:42:13Z
2026-05-24T05:41:40Z,2026-05-24T07:41:40+0200,04b1983b-7d82-4991-9c22-f60d67a0a20c,2026-05-23T23:30:00Z,2026-05-24T01:30:00+0200,0.0,MW,FR,FR,actual_solar_generation,Solar,2026-05-24T05:42:13Z
2026-05-24T05:41:40Z,2026-05-24T07:41:40+0200,04b1983b-7d82-4991-9c22-f60d67a0a20c,2026-05-23T23:45:00Z,2026-05-24T01:45:00+0200,0.0,MW,FR,FR,actual_solar_generation,Solar,2026-05-24T05:42:13Z
2026-05-24T05:41:40Z,2026-05-24T07:41:40+0200,04b1983b-7d82-4991-9c22-f60d67a0a20c,2026-05-24T00:00:00Z,2026-05-24T02:00:00+0200,0.0,MW,FR,FR,actual_solar_generation,Solar,2026-05-24T05:42:13Z
2026-05-24T05:41:40Z,2026-05-24T07:41:40+0200,04b1983b-7d82-4991-9c22-f60d67a0a20c,2026-05-24T00:15:00Z,2026-05-24T02:15:00+0200,0.0,MW,FR,FR,actual_solar_generation,Solar,2026-05-24T05:42:13Z
2026-05-24T05:41:40Z,2026-05-24T07:41:40+0200,04b1983b-7d82-4991-9c22-f60d67a0a20c,2026-05-24T00:30:00Z,2026-05-24T02:30:00+0200,0.0,MW,FR,FR,actual_solar_generation,Solar,2026-05-24T05:42:13Z
2026-05-24T05:41:40Z,2026-05-24T07:41:40+0200,04b1983b-7d82-4991-9c22-f60d67a0a20c,2026-05-24T00:45:00Z,2026-05-24T02:45:00+0200,0.0,MW,FR,FR,actual_solar_generation,Solar,2026-05-24T05:42:13Z
2026-05-24T05:41:40Z,2026-05-24T07:41:40+0200,04b1983b-7d82-4991-9c22-f60d67a0a20c,2026-05-24T01:00:00Z,2026-05-24T03:00:00+0200,0.0,MW,FR,FR,actual_solar_generation,Solar,2026-05-24T05:42:13Z
2026-05-24T05:41:40Z,2026-05-24T07:41:40+0200,04b1983b-7d82-4991-9c22-f60d67a0a20c,2026-05-24T01:15:00Z,2026-05-24T03:15:00+0200,0.0,MW,FR,FR,actual_solar_generation,Solar,2026-05-24T05:42:13Z
2026-05-24T05:41:40Z,2026-05-24T07:41:40+0200,04b1983b-7d82-4991-9c22-f60d67a0a20c,2026-05-24T01:30:00Z,2026-05-24T03:30:00+0200,0.0,MW,FR,FR,actual_solar_generation,Solar,2026-05-24T05:42:13Z
2026-05-24T05:41:40Z,2026-05-24T07:41:40+0200,04b1983b-7d82-4991-9c22-f60d67a0a20c,2026-05-24T01:45:00Z,2026-05-24T03:45:00+0200,0.0,MW,FR,FR,actual_solar_generation,Solar,2026-05-24T05:42:13Z
2026-05-24T05:41:40Z,2026-05-24T07:41:40+0200,04b1983b-7d82-4991-9c22-f60d67a0a20c,2026-05-24T02:00:00Z,2026-05-24T04:00:00+0200,0.0,MW,FR,FR,actual_solar_generation,Solar,2026-05-24T05:42:13Z
2026-05-24T05:41:40Z,2026-05-24T07:41:40+0200,04b1983b-7d82-4991-9c22-f60d67a0a20c,2026-05-24T02:15:00Z,2026-05-24T04:15:00+0200,0.0,MW,FR,FR,actual_solar_generation,Solar,2026-05-24T05:42:13Z
2026-05-24T05:41:40Z,2026-05-24T07:41:40+0200,04b1983b-7d82-4991-9c22-f60d67a0a20c,2026-05-24T02:30:00Z,2026-05-24T04:30:00+0200,0.0,MW,FR,FR,actual_solar_generation,Solar,2026-05-24T05:42:13Z
2026-05-24T05:41:40Z,2026-05-24T07:41:40+0200,04b1983b-7d82-4991-9c22-f60d67a0a20c,2026-05-24T02:45:00Z,2026-05-24T04:45:00+0200,0.0,MW,FR,FR,actual_solar_generation,Solar,2026-05-24T05:42:13Z
2026-05-24T05:41:40Z,2026-05-24T07:41:40+0200,04b1983b-7d82-4991-9c22-f60d67a0a20c,2026-05-24T03:00:00Z,2026-05-24T05:00:00+0200,0.0,MW,FR,FR,actual_solar_generation,Solar,2026-05-24T05:42:13Z
2026-05-24T05:41:40Z,2026-05-24T07:41:40+0200,04b1983b-7d82-4991-9c22-f60d67a0a20c,2026-05-24T03:15:00Z,2026-05-24T05:15:00+0200,0.0,MW,FR,FR,actual_solar_generation,Solar,2026-05-24T05:42:13Z
2026-05-24T05:41:40Z,2026-05-24T07:41:40+0200,04b1983b-7d82-4991-9c22-f60d67a0a20c,2026-05-24T03:30:00Z,2026-05-24T05:30:00+0200,0.0,MW,FR,FR,actual_solar_generation,Solar,2026-05-24T05:42:13Z
2026-05-24T05:41:40Z,2026-05-24T07:41:40+0200,04b1983b-7d82-4991-9c22-f60d67a0a20c,2026-05-24T03:45:00Z,2026-05-24T05:45:00+0200,0.0,MW,FR,FR,actual_solar_generation,Solar,2026-05-24T05:42:13Z
2026-05-24T05:41:40Z,2026-05-24T07:41:40+0200,04b1983b-7d82-4991-9c22-f60d67a0a20c,2026-05-24T04:00:00Z,2026-05-24T06:00:00+0200,234.11,MW,FR,FR,actual_solar_generation,Solar,2026-05-24T05:42:13Z
2026-05-24T05:41:40Z,2026-05-24T07:41:40+0200,04b1983b-7d82-4991-9c22-f60d67a0a20c,2026-05-24T04:15:00Z,2026-05-24T06:15:00+0200,321.15,MW,FR,FR,actual_solar_generation,Solar,2026-05-24T05:42:13Z
2026-05-24T05:41:40Z,2026-05-24T07:41:40+0200,04b1983b-7d82-4991-9c22-f60d67a0a20c,2026-05-24T04:30:00Z,2026-05-24T06:30:00+0200,478.71,MW,FR,FR,actual_solar_generation,Solar,2026-05-24T05:42:13Z
2026-05-24T05:41:40Z,2026-05-24T07:41:40+0200,04b1983b-7d82-4991-9c22-f60d67a0a20c,2026-05-24T04:45:00Z,2026-05-24T06:45:00+0200,778.21,MW,FR,FR,actual_solar_generation,Solar,2026-05-24T05:42:13Z
