collection_time_utc,collection_time_local,run_id,timestamp_utc,timestamp_local,value,unit,country,entsoe_area,variable,source,updated_at_utc
2026-08-21T01:53:59Z,2026-08-21T03:53:59+0200,dab098cd-e140-4c97-b435-f000c3ac97ba,2026-07-21T02:00:00Z,2026-07-21T04:00:00+0200,0.0,MW,FR,FR,actual_solar_generation,Solar,2026-08-21T01:55:25Z
2026-08-21T01:53:59Z,2026-08-21T03:53:59+0200,dab098cd-e140-4c97-b435-f000c3ac97ba,2026-07-21T02:15:00Z,2026-07-21T04:15:00+0200,0.0,MW,FR,FR,actual_solar_generation,Solar,2026-08-21T01:55:25Z
2026-08-21T01:53:59Z,2026-08-21T03:53:59+0200,dab098cd-e140-4c97-b435-f000c3ac97ba,2026-07-21T02:30:00Z,2026-07-21T04:30:00+0200,0.0,MW,FR,FR,actual_solar_generation,Solar,2026-08-21T01:55:25Z
2026-08-21T01:53:59Z,2026-08-21T03:53:59+0200,dab098cd-e140-4c97-b435-f000c3ac97ba,2026-07-21T02:45:00Z,2026-07-21T04:45:00+0200,0.0,MW,FR,FR,actual_solar_generation,Solar,2026-08-21T01:55:25Z
2026-08-21T01:53:59Z,2026-08-21T03:53:59+0200,dab098cd-e140-4c97-b435-f000c3ac97ba,2026-07-21T03:00:00Z,2026-07-21T05:00:00+0200,197.53,MW,FR,FR,actual_solar_generation,Solar,2026-08-21T01:55:25Z
2026-08-21T01:53:59Z,2026-08-21T03:53:59+0200,dab098cd-e140-4c97-b435-f000c3ac97ba,2026-07-21T03:15:00Z,2026-07-21T05:15:00+0200,195.78,MW,FR,FR,actual_solar_generation,Solar,2026-08-21T01:55:25Z
2026-08-21T01:53:59Z,2026-08-21T03:53:59+0200,dab098cd-e140-4c97-b435-f000c3ac97ba,2026-07-21T03:30:00Z,2026-07-21T05:30:00+0200,195.47,MW,FR,FR,actual_solar_generation,Solar,2026-08-21T01:55:25Z
2026-08-21T01:53:59Z,2026-08-21T03:53:59+0200,dab098cd-e140-4c97-b435-f000c3ac97ba,2026-07-21T03:45:00Z,2026-07-21T05:45:00+0200,200.96,MW,FR,FR,actual_solar_generation,Solar,2026-08-21T01:55:25Z
2026-08-21T01:53:59Z,2026-08-21T03:53:59+0200,dab098cd-e140-4c97-b435-f000c3ac97ba,2026-07-21T04:00:00Z,2026-07-21T06:00:00+0200,225.49,MW,FR,FR,actual_solar_generation,Solar,2026-08-21T01:55:25Z
2026-08-21T01:53:59Z,2026-08-21T03:53:59+0200,dab098cd-e140-4c97-b435-f000c3ac97ba,2026-07-21T04:15:00Z,2026-07-21T06:15:00+0200,280.69,MW,FR,FR,actual_solar_generation,Solar,2026-08-21T01:55:25Z
2026-08-21T01:53:59Z,2026-08-21T03:53:59+0200,dab098cd-e140-4c97-b435-f000c3ac97ba,2026-07-21T04:30:00Z,2026-07-21T06:30:00+0200,385.79,MW,FR,FR,actual_solar_generation,Solar,2026-08-21T01:55:25Z
2026-08-21T01:53:59Z,2026-08-21T03:53:59+0200,dab098cd-e140-4c97-b435-f000c3ac97ba,2026-07-21T04:45:00Z,2026-07-21T06:45:00+0200,582.68,MW,FR,FR,actual_solar_generation,Solar,2026-08-21T01:55:25Z
2026-08-21T01:53:59Z,2026-08-21T03:53:59+0200,dab098cd-e140-4c97-b435-f000c3ac97ba,2026-07-21T05:00:00Z,2026-07-21T07:00:00+0200,887.19,MW,FR,FR,actual_solar_generation,Solar,2026-08-21T01:55:25Z
2026-08-21T01:53:59Z,2026-08-21T03:53:59+0200,dab098cd-e140-4c97-b435-f000c3ac97ba,2026-07-21T05:15:00Z,2026-07-21T07:15:00+0200,1285.04,MW,FR,FR,actual_solar_generation,Solar,2026-08-21T01:55:25Z
2026-08-21T01:53:59Z,2026-08-21T03:53:59+0200,dab098cd-e140-4c97-b435-f000c3ac97ba,2026-07-21T05:30:00Z,2026-07-21T07:30:00+0200,1845.17,MW,FR,FR,actual_solar_generation,Solar,2026-08-21T01:55:25Z
2026-08-21T01:53:59Z,2026-08-21T03:53:59+0200,dab098cd-e140-4c97-b435-f000c3ac97ba,2026-07-21T05:45:00Z,2026-07-21T07:45:00+0200,2644.73,MW,FR,FR,actual_solar_generation,Solar,2026-08-21T01:55:25Z
2026-08-21T01:53:59Z,2026-08-21T03:53:59+0200,dab098cd-e140-4c97-b435-f000c3ac97ba,2026-07-21T06:00:00Z,2026-07-21T08:00:00+0200,3517.81,MW,FR,FR,actual_solar_generation,Solar,2026-08-21T01:55:25Z
2026-08-21T01:53:59Z,2026-08-21T03:53:59+0200,dab098cd-e140-4c97-b435-f000c3ac97ba,2026-07-21T06:15:00Z,2026-07-21T08:15:00+0200,4555.89,MW,FR,FR,actual_solar_generation,Solar,2026-08-21T01:55:25Z
2026-08-21T01:53:59Z,2026-08-21T03:53:59+0200,dab098cd-e140-4c97-b435-f000c3ac97ba,2026-07-21T06:30:00Z,2026-07-21T08:30:00+0200,5672.14,MW,FR,FR,actual_solar_generation,Solar,2026-08-21T01:55:25Z
2026-08-21T01:53:59Z,2026-08-21T03:53:59+0200,dab098cd-e140-4c97-b435-f000c3ac97ba,2026-07-21T06:45:00Z,2026-07-21T08:45:00+0200,6977.33,MW,FR,FR,actual_solar_generation,Solar,2026-08-21T01:55:25Z
2026-08-21T01:53:59Z,2026-08-21T03:53:59+0200,dab098cd-e140-4c97-b435-f000c3ac97ba,2026-07-21T07:00:00Z,2026-07-21T09:00:00+0200,8250.66,MW,FR,FR,actual_solar_generation,Solar,2026-08-21T01:55:25Z
2026-08-21T01:53:59Z,2026-08-21T03:53:59+0200,dab098cd-e140-4c97-b435-f000c3ac97ba,2026-07-21T07:15:00Z,2026-07-21T09:15:00+0200,9766.09,MW,FR,FR,actual_solar_generation,Solar,2026-08-21T01:55:25Z
2026-08-21T01:53:59Z,2026-08-21T03:53:59+0200,dab098cd-e140-4c97-b435-f000c3ac97ba,2026-07-21T07:30:00Z,2026-07-21T09:30:00+0200,11079.83,MW,FR,FR,actual_solar_generation,Solar,2026-08-21T01:55:25Z
2026-08-21T01:53:59Z,2026-08-21T03:53:59+0200,dab098cd-e140-4c97-b435-f000c3ac97ba,2026-07-21T07:45:00Z,2026-07-21T09:45:00+0200,12388.18,MW,FR,FR,actual_solar_generation,Solar,2026-08-21T01:55:25Z
2026-08-21T01:53:59Z,2026-08-21T03:53:59+0200,dab098cd-e140-4c97-b435-f000c3ac97ba,2026-07-21T08:00:00Z,2026-07-21T10:00:00+0200,13528.66,MW,FR,FR,actual_solar_generation,Solar,2026-08-21T01:55:25Z
2026-08-21T01:53:59Z,2026-08-21T03:53:59+0200,dab098cd-e140-4c97-b435-f000c3ac97ba,2026-07-21T08:15:00Z,2026-07-21T10:15:00+0200,14638.49,MW,FR,FR,actual_solar_generation,Solar,2026-08-21T01:55:25Z
2026-08-21T01:53:59Z,2026-08-21T03:53:59+0200,dab098cd-e140-4c97-b435-f000c3ac97ba,2026-07-21T08:30:00Z,2026-07-21T10:30:00+0200,15689.73,MW,FR,FR,actual_solar_generation,Solar,2026-08-21T01:55:25Z
2026-08-21T01:53:59Z,2026-08-21T03:53:59+0200,dab098cd-e140-4c97-b435-f000c3ac97ba,2026-07-21T08:45:00Z,2026-07-21T10:45:00+0200,16598.88,MW,FR,FR,actual_solar_generation,Solar,2026-08-21T01:55:25Z
2026-08-21T01:53:59Z,2026-08-21T03:53:59+0200,dab098cd-e140-4c97-b435-f000c3ac97ba,2026-07-21T09:00:00Z,2026-07-21T11:00:00+0200,17486.39,MW,FR,FR,actual_solar_generation,Solar,2026-08-21T01:55:25Z
2026-08-21T01:53:59Z,2026-08-21T03:53:59+0200,dab098cd-e140-4c97-b435-f000c3ac97ba,2026-07-21T09:15:00Z,2026-07-21T11:15:00+0200,18283.63,MW,FR,FR,actual_solar_generation,Solar,2026-08-21T01:55:25Z
2026-08-21T01:53:59Z,2026-08-21T03:53:59+0200,dab098cd-e140-4c97-b435-f000c3ac97ba,2026-07-21T09:30:00Z,2026-07-21T11:30:00+0200,18758.77,MW,FR,FR,actual_solar_generation,Solar,2026-08-21T01:55:25Z
2026-08-21T01:53:59Z,2026-08-21T03:53:59+0200,dab098cd-e140-4c97-b435-f000c3ac97ba,2026-07-21T09:45:00Z,2026-07-21T11:45:00+0200,19227.57,MW,FR,FR,actual_solar_generation,Solar,2026-08-21T01:55:25Z
2026-08-21T01:53:59Z,2026-08-21T03:53:59+0200,dab098cd-e140-4c97-b435-f000c3ac97ba,2026-07-21T10:00:00Z,2026-07-21T12:00:00+0200,19644.83,MW,FR,FR,actual_solar_generation,Solar,2026-08-21T01:55:25Z
2026-08-21T01:53:59Z,2026-08-21T03:53:59+0200,dab098cd-e140-4c97-b435-f000c3ac97ba,2026-07-21T10:15:00Z,2026-07-21T12:15:00+0200,19826.21,MW,FR,FR,actual_solar_generation,Solar,2026-08-21T01:55:25Z
2026-08-21T01:53:59Z,2026-08-21T03:53:59+0200,dab098cd-e140-4c97-b435-f000c3ac97ba,2026-07-21T10:30:00Z,2026-07-21T12:30:00+0200,20218.14,MW,FR,FR,actual_solar_generation,Solar,2026-08-21T01:55:25Z
2026-08-21T01:53:59Z,2026-08-21T03:53:59+0200,dab098cd-e140-4c97-b435-f000c3ac97ba,2026-07-21T10:45:00Z,2026-07-21T12:45:00+0200,20651.74,MW,FR,FR,actual_solar_generation,Solar,2026-08-21T01:55:25Z
2026-08-21T01:53:59Z,2026-08-21T03:53:59+0200,dab098cd-e140-4c97-b435-f000c3ac97ba,2026-07-21T11:00:00Z,2026-07-21T13:00:00+0200,20809.04,MW,FR,FR,actual_solar_generation,Solar,2026-08-21T01:55:25Z
2026-08-21T01:53:59Z,2026-08-21T03:53:59+0200,dab098cd-e140-4c97-b435-f000c3ac97ba,2026-07-21T11:15:00Z,2026-07-21T13:15:00+0200,20828.82,MW,FR,FR,actual_solar_generation,Solar,2026-08-21T01:55:25Z
2026-08-21T01:53:59Z,2026-08-21T03:53:59+0200,dab098cd-e140-4c97-b435-f000c3ac97ba,2026-07-21T11:30:00Z,2026-07-21T13:30:00+0200,20901.54,MW,FR,FR,actual_solar_generation,Solar,2026-08-21T01:55:25Z
2026-08-21T01:53:59Z,2026-08-21T03:53:59+0200,dab098cd-e140-4c97-b435-f000c3ac97ba,2026-07-21T11:45:00Z,2026-07-21T13:45:00+0200,21053.68,MW,FR,FR,actual_solar_generation,Solar,2026-08-21T01:55:25Z
2026-08-21T01:53:59Z,2026-08-21T03:53:59+0200,dab098cd-e140-4c97-b435-f000c3ac97ba,2026-07-21T12:00:00Z,2026-07-21T14:00:00+0200,21113.79,MW,FR,FR,actual_solar_generation,Solar,2026-08-21T01:55:25Z
2026-08-21T01:53:59Z,2026-08-21T03:53:59+0200,dab098cd-e140-4c97-b435-f000c3ac97ba,2026-07-21T12:15:00Z,2026-07-21T14:15:00+0200,21163.53,MW,FR,FR,actual_solar_generation,Solar,2026-08-21T01:55:25Z
2026-08-21T01:53:59Z,2026-08-21T03:53:59+0200,dab098cd-e140-4c97-b435-f000c3ac97ba,2026-07-21T12:30:00Z,2026-07-21T14:30:00+0200,21175.27,MW,FR,FR,actual_solar_generation,Solar,2026-08-21T01:55:25Z
2026-08-21T01:53:59Z,2026-08-21T03:53:59+0200,dab098cd-e140-4c97-b435-f000c3ac97ba,2026-07-21T12:45:00Z,2026-07-21T14:45:00+0200,20970.25,MW,FR,FR,actual_solar_generation,Solar,2026-08-21T01:55:25Z
2026-08-21T01:53:59Z,2026-08-21T03:53:59+0200,dab098cd-e140-4c97-b435-f000c3ac97ba,2026-07-21T13:00:00Z,2026-07-21T15:00:00+0200,20873.28,MW,FR,FR,actual_solar_generation,Solar,2026-08-21T01:55:25Z
2026-08-21T01:53:59Z,2026-08-21T03:53:59+0200,dab098cd-e140-4c97-b435-f000c3ac97ba,2026-07-21T13:15:00Z,2026-07-21T15:15:00+0200,20724.14,MW,FR,FR,actual_solar_generation,Solar,2026-08-21T01:55:25Z
2026-08-21T01:53:59Z,2026-08-21T03:53:59+0200,dab098cd-e140-4c97-b435-f000c3ac97ba,2026-07-21T13:30:00Z,2026-07-21T15:30:00+0200,20526.75,MW,FR,FR,actual_solar_generation,Solar,2026-08-21T01:55:25Z
2026-08-21T01:53:59Z,2026-08-21T03:53:59+0200,dab098cd-e140-4c97-b435-f000c3ac97ba,2026-07-21T13:45:00Z,2026-07-21T15:45:00+0200,20179.52,MW,FR,FR,actual_solar_generation,Solar,2026-08-21T01:55:25Z
2026-08-21T01:53:59Z,2026-08-21T03:53:59+0200,dab098cd-e140-4c97-b435-f000c3ac97ba,2026-07-21T14:00:00Z,2026-07-21T16:00:00+0200,19754.05,MW,FR,FR,actual_solar_generation,Solar,2026-08-21T01:55:25Z
2026-08-21T01:53:59Z,2026-08-21T03:53:59+0200,dab098cd-e140-4c97-b435-f000c3ac97ba,2026-07-21T14:15:00Z,2026-07-21T16:15:00+0200,19202.69,MW,FR,FR,actual_solar_generation,Solar,2026-08-21T01:55:25Z
2026-08-21T01:53:59Z,2026-08-21T03:53:59+0200,dab098cd-e140-4c97-b435-f000c3ac97ba,2026-07-21T14:30:00Z,2026-07-21T16:30:00+0200,18481.33,MW,FR,FR,actual_solar_generation,Solar,2026-08-21T01:55:25Z
2026-08-21T01:53:59Z,2026-08-21T03:53:59+0200,dab098cd-e140-4c97-b435-f000c3ac97ba,2026-07-21T14:45:00Z,2026-07-21T16:45:00+0200,17777.79,MW,FR,FR,actual_solar_generation,Solar,2026-08-21T01:55:25Z
2026-08-21T01:53:59Z,2026-08-21T03:53:59+0200,dab098cd-e140-4c97-b435-f000c3ac97ba,2026-07-21T15:00:00Z,2026-07-21T17:00:00+0200,17065.3,MW,FR,FR,actual_solar_generation,Solar,2026-08-21T01:55:25Z
2026-08-21T01:53:59Z,2026-08-21T03:53:59+0200,dab098cd-e140-4c97-b435-f000c3ac97ba,2026-07-21T15:15:00Z,2026-07-21T17:15:00+0200,16217.78,MW,FR,FR,actual_solar_generation,Solar,2026-08-21T01:55:25Z
2026-08-21T01:53:59Z,2026-08-21T03:53:59+0200,dab098cd-e140-4c97-b435-f000c3ac97ba,2026-07-21T15:30:00Z,2026-07-21T17:30:00+0200,15257.98,MW,FR,FR,actual_solar_generation,Solar,2026-08-21T01:55:25Z
2026-08-21T01:53:59Z,2026-08-21T03:53:59+0200,dab098cd-e140-4c97-b435-f000c3ac97ba,2026-07-21T15:45:00Z,2026-07-21T17:45:00+0200,14218.31,MW,FR,FR,actual_solar_generation,Solar,2026-08-21T01:55:25Z
2026-08-21T01:53:59Z,2026-08-21T03:53:59+0200,dab098cd-e140-4c97-b435-f000c3ac97ba,2026-07-21T16:00:00Z,2026-07-21T18:00:00+0200,13095.57,MW,FR,FR,actual_solar_generation,Solar,2026-08-21T01:55:25Z
2026-08-21T01:53:59Z,2026-08-21T03:53:59+0200,dab098cd-e140-4c97-b435-f000c3ac97ba,2026-07-21T16:15:00Z,2026-07-21T18:15:00+0200,11855.27,MW,FR,FR,actual_solar_generation,Solar,2026-08-21T01:55:25Z
2026-08-21T01:53:59Z,2026-08-21T03:53:59+0200,dab098cd-e140-4c97-b435-f000c3ac97ba,2026-07-21T16:30:00Z,2026-07-21T18:30:00+0200,10596.45,MW,FR,FR,actual_solar_generation,Solar,2026-08-21T01:55:25Z
2026-08-21T01:53:59Z,2026-08-21T03:53:59+0200,dab098cd-e140-4c97-b435-f000c3ac97ba,2026-07-21T16:45:00Z,2026-07-21T18:45:00+0200,9328.05,MW,FR,FR,actual_solar_generation,Solar,2026-08-21T01:55:25Z
2026-08-21T01:53:59Z,2026-08-21T03:53:59+0200,dab098cd-e140-4c97-b435-f000c3ac97ba,2026-07-21T17:00:00Z,2026-07-21T19:00:00+0200,8000.03,MW,FR,FR,actual_solar_generation,Solar,2026-08-21T01:55:25Z
2026-08-21T01:53:59Z,2026-08-21T03:53:59+0200,dab098cd-e140-4c97-b435-f000c3ac97ba,2026-07-21T17:15:00Z,2026-07-21T19:15:00+0200,6712.33,MW,FR,FR,actual_solar_generation,Solar,2026-08-21T01:55:25Z
2026-08-21T01:53:59Z,2026-08-21T03:53:59+0200,dab098cd-e140-4c97-b435-f000c3ac97ba,2026-07-21T17:30:00Z,2026-07-21T19:30:00+0200,5434.94,MW,FR,FR,actual_solar_generation,Solar,2026-08-21T01:55:25Z
2026-08-21T01:53:59Z,2026-08-21T03:53:59+0200,dab098cd-e140-4c97-b435-f000c3ac97ba,2026-07-21T17:45:00Z,2026-07-21T19:45:00+0200,4232.78,MW,FR,FR,actual_solar_generation,Solar,2026-08-21T01:55:25Z
2026-08-21T01:53:59Z,2026-08-21T03:53:59+0200,dab098cd-e140-4c97-b435-f000c3ac97ba,2026-07-21T18:00:00Z,2026-07-21T20:00:00+0200,3155.14,MW,FR,FR,actual_solar_generation,Solar,2026-08-21T01:55:25Z
2026-08-21T01:53:59Z,2026-08-21T03:53:59+0200,dab098cd-e140-4c97-b435-f000c3ac97ba,2026-07-21T18:15:00Z,2026-07-21T20:15:00+0200,2305.82,MW,FR,FR,actual_solar_generation,Solar,2026-08-21T01:55:25Z
2026-08-21T01:53:59Z,2026-08-21T03:53:59+0200,dab098cd-e140-4c97-b435-f000c3ac97ba,2026-07-21T18:30:00Z,2026-07-21T20:30:00+0200,1643.84,MW,FR,FR,actual_solar_generation,Solar,2026-08-21T01:55:25Z
2026-08-21T01:53:59Z,2026-08-21T03:53:59+0200,dab098cd-e140-4c97-b435-f000c3ac97ba,2026-07-21T18:45:00Z,2026-07-21T20:45:00+0200,1169.28,MW,FR,FR,actual_solar_generation,Solar,2026-08-21T01:55:25Z
2026-08-21T01:53:59Z,2026-08-21T03:53:59+0200,dab098cd-e140-4c97-b435-f000c3ac97ba,2026-07-21T19:00:00Z,2026-07-21T21:00:00+0200,766.87,MW,FR,FR,actual_solar_generation,Solar,2026-08-21T01:55:25Z
2026-08-21T01:53:59Z,2026-08-21T03:53:59+0200,dab098cd-e140-4c97-b435-f000c3ac97ba,2026-07-21T19:15:00Z,2026-07-21T21:15:00+0200,451.34,MW,FR,FR,actual_solar_generation,Solar,2026-08-21T01:55:25Z
2026-08-21T01:53:59Z,2026-08-21T03:53:59+0200,dab098cd-e140-4c97-b435-f000c3ac97ba,2026-07-21T19:30:00Z,2026-07-21T21:30:00+0200,275.79,MW,FR,FR,actual_solar_generation,Solar,2026-08-21T01:55:25Z
2026-08-21T01:53:59Z,2026-08-21T03:53:59+0200,dab098cd-e140-4c97-b435-f000c3ac97ba,2026-07-21T19:45:00Z,2026-07-21T21:45:00+0200,212.19,MW,FR,FR,actual_solar_generation,Solar,2026-08-21T01:55:25Z
2026-08-21T01:53:59Z,2026-08-21T03:53:59+0200,dab098cd-e140-4c97-b435-f000c3ac97ba,2026-07-21T20:00:00Z,2026-07-21T22:00:00+0200,197.95,MW,FR,FR,actual_solar_generation,Solar,2026-08-21T01:55:25Z
2026-08-21T01:53:59Z,2026-08-21T03:53:59+0200,dab098cd-e140-4c97-b435-f000c3ac97ba,2026-07-21T20:15:00Z,2026-07-21T22:15:00+0200,193.92,MW,FR,FR,actual_solar_generation,Solar,2026-08-21T01:55:25Z
2026-08-21T01:53:59Z,2026-08-21T03:53:59+0200,dab098cd-e140-4c97-b435-f000c3ac97ba,2026-07-21T20:30:00Z,2026-07-21T22:30:00+0200,195.03,MW,FR,FR,actual_solar_generation,Solar,2026-08-21T01:55:25Z
2026-08-21T01:53:59Z,2026-08-21T03:53:59+0200,dab098cd-e140-4c97-b435-f000c3ac97ba,2026-07-21T20:45:00Z,2026-07-21T22:45:00+0200,194.54,MW,FR,FR,actual_solar_generation,Solar,2026-08-21T01:55:25Z
2026-08-21T01:53:59Z,2026-08-21T03:53:59+0200,dab098cd-e140-4c97-b435-f000c3ac97ba,2026-07-21T21:00:00Z,2026-07-21T23:00:00+0200,194.88,MW,FR,FR,actual_solar_generation,Solar,2026-08-21T01:55:25Z
2026-08-21T01:53:59Z,2026-08-21T03:53:59+0200,dab098cd-e140-4c97-b435-f000c3ac97ba,2026-07-21T21:15:00Z,2026-07-21T23:15:00+0200,194.02,MW,FR,FR,actual_solar_generation,Solar,2026-08-21T01:55:25Z
2026-08-21T01:53:59Z,2026-08-21T03:53:59+0200,dab098cd-e140-4c97-b435-f000c3ac97ba,2026-07-21T21:30:00Z,2026-07-21T23:30:00+0200,193.61,MW,FR,FR,actual_solar_generation,Solar,2026-08-21T01:55:25Z
2026-08-21T01:53:59Z,2026-08-21T03:53:59+0200,dab098cd-e140-4c97-b435-f000c3ac97ba,2026-07-21T21:45:00Z,2026-07-21T23:45:00+0200,191.94,MW,FR,FR,actual_solar_generation,Solar,2026-08-21T01:55:25Z
2026-08-21T01:53:59Z,2026-08-21T03:53:59+0200,dab098cd-e140-4c97-b435-f000c3ac97ba,2026-07-21T22:00:00Z,2026-07-22T00:00:00+0200,0.0,MW,FR,FR,actual_solar_generation,Solar,2026-08-21T01:55:25Z
2026-08-21T01:53:59Z,2026-08-21T03:53:59+0200,dab098cd-e140-4c97-b435-f000c3ac97ba,2026-07-21T22:15:00Z,2026-07-22T00:15:00+0200,0.0,MW,FR,FR,actual_solar_generation,Solar,2026-08-21T01:55:25Z
2026-08-21T01:53:59Z,2026-08-21T03:53:59+0200,dab098cd-e140-4c97-b435-f000c3ac97ba,2026-07-21T22:30:00Z,2026-07-22T00:30:00+0200,0.0,MW,FR,FR,actual_solar_generation,Solar,2026-08-21T01:55:25Z
2026-08-21T01:53:59Z,2026-08-21T03:53:59+0200,dab098cd-e140-4c97-b435-f000c3ac97ba,2026-07-21T22:45:00Z,2026-07-22T00:45:00+0200,0.0,MW,FR,FR,actual_solar_generation,Solar,2026-08-21T01:55:25Z
2026-08-21T01:53:59Z,2026-08-21T03:53:59+0200,dab098cd-e140-4c97-b435-f000c3ac97ba,2026-07-21T23:00:00Z,2026-07-22T01:00:00+0200,0.0,MW,FR,FR,actual_solar_generation,Solar,2026-08-21T01:55:25Z
2026-08-21T01:53:59Z,2026-08-21T03:53:59+0200,dab098cd-e140-4c97-b435-f000c3ac97ba,2026-07-21T23:15:00Z,2026-07-22T01:15:00+0200,0.0,MW,FR,FR,actual_solar_generation,Solar,2026-08-21T01:55:25Z
2026-08-21T01:53:59Z,2026-08-21T03:53:59+0200,dab098cd-e140-4c97-b435-f000c3ac97ba,2026-07-21T23:30:00Z,2026-07-22T01:30:00+0200,0.0,MW,FR,FR,actual_solar_generation,Solar,2026-08-21T01:55:25Z
2026-08-21T01:53:59Z,2026-08-21T03:53:59+0200,dab098cd-e140-4c97-b435-f000c3ac97ba,2026-07-21T23:45:00Z,2026-07-22T01:45:00+0200,0.0,MW,FR,FR,actual_solar_generation,Solar,2026-08-21T01:55:25Z
2026-08-21T01:53:59Z,2026-08-21T03:53:59+0200,dab098cd-e140-4c97-b435-f000c3ac97ba,2026-07-22T00:00:00Z,2026-07-22T02:00:00+0200,0.0,MW,FR,FR,actual_solar_generation,Solar,2026-08-21T01:55:25Z
2026-08-21T01:53:59Z,2026-08-21T03:53:59+0200,dab098cd-e140-4c97-b435-f000c3ac97ba,2026-07-22T00:15:00Z,2026-07-22T02:15:00+0200,0.0,MW,FR,FR,actual_solar_generation,Solar,2026-08-21T01:55:25Z
2026-08-21T01:53:59Z,2026-08-21T03:53:59+0200,dab098cd-e140-4c97-b435-f000c3ac97ba,2026-07-22T00:30:00Z,2026-07-22T02:30:00+0200,0.0,MW,FR,FR,actual_solar_generation,Solar,2026-08-21T01:55:25Z
2026-08-21T01:53:59Z,2026-08-21T03:53:59+0200,dab098cd-e140-4c97-b435-f000c3ac97ba,2026-07-22T00:45:00Z,2026-07-22T02:45:00+0200,0.0,MW,FR,FR,actual_solar_generation,Solar,2026-08-21T01:55:25Z
2026-08-21T01:53:59Z,2026-08-21T03:53:59+0200,dab098cd-e140-4c97-b435-f000c3ac97ba,2026-07-22T01:00:00Z,2026-07-22T03:00:00+0200,0.0,MW,FR,FR,actual_solar_generation,Solar,2026-08-21T01:55:25Z
2026-08-21T01:53:59Z,2026-08-21T03:53:59+0200,dab098cd-e140-4c97-b435-f000c3ac97ba,2026-07-22T01:15:00Z,2026-07-22T03:15:00+0200,0.0,MW,FR,FR,actual_solar_generation,Solar,2026-08-21T01:55:25Z
2026-08-21T01:53:59Z,2026-08-21T03:53:59+0200,dab098cd-e140-4c97-b435-f000c3ac97ba,2026-07-22T01:30:00Z,2026-07-22T03:30:00+0200,0.0,MW,FR,FR,actual_solar_generation,Solar,2026-08-21T01:55:25Z
2026-08-21T01:53:59Z,2026-08-21T03:53:59+0200,dab098cd-e140-4c97-b435-f000c3ac97ba,2026-07-22T01:45:00Z,2026-07-22T03:45:00+0200,0.0,MW,FR,FR,actual_solar_generation,Solar,2026-08-21T01:55:25Z
2026-08-21T01:53:59Z,2026-08-21T03:53:59+0200,dab098cd-e140-4c97-b435-f000c3ac97ba,2026-07-22T02:00:00Z,2026-07-22T04:00:00+0200,0.0,MW,FR,FR,actual_solar_generation,Solar,2026-08-21T01:55:25Z
2026-08-21T01:53:59Z,2026-08-21T03:53:59+0200,dab098cd-e140-4c97-b435-f000c3ac97ba,2026-07-22T02:15:00Z,2026-07-22T04:15:00+0200,0.0,MW,FR,FR,actual_solar_generation,Solar,2026-08-21T01:55:25Z
2026-08-21T01:53:59Z,2026-08-21T03:53:59+0200,dab098cd-e140-4c97-b435-f000c3ac97ba,2026-07-22T02:30:00Z,2026-07-22T04:30:00+0200,0.0,MW,FR,FR,actual_solar_generation,Solar,2026-08-21T01:55:25Z
2026-08-21T01:53:59Z,2026-08-21T03:53:59+0200,dab098cd-e140-4c97-b435-f000c3ac97ba,2026-07-22T02:45:00Z,2026-07-22T04:45:00+0200,0.0,MW,FR,FR,actual_solar_generation,Solar,2026-08-21T01:55:25Z
2026-08-21T01:53:59Z,2026-08-21T03:53:59+0200,dab098cd-e140-4c97-b435-f000c3ac97ba,2026-07-22T03:00:00Z,2026-07-22T05:00:00+0200,184.78,MW,FR,FR,actual_solar_generation,Solar,2026-08-21T01:55:25Z
2026-08-21T01:53:59Z,2026-08-21T03:53:59+0200,dab098cd-e140-4c97-b435-f000c3ac97ba,2026-07-22T03:15:00Z,2026-07-22T05:15:00+0200,185.54,MW,FR,FR,actual_solar_generation,Solar,2026-08-21T01:55:25Z
2026-08-21T01:53:59Z,2026-08-21T03:53:59+0200,dab098cd-e140-4c97-b435-f000c3ac97ba,2026-07-22T03:30:00Z,2026-07-22T05:30:00+0200,184.94,MW,FR,FR,actual_solar_generation,Solar,2026-08-21T01:55:25Z
2026-08-21T01:53:59Z,2026-08-21T03:53:59+0200,dab098cd-e140-4c97-b435-f000c3ac97ba,2026-07-22T03:45:00Z,2026-07-22T05:45:00+0200,188.57,MW,FR,FR,actual_solar_generation,Solar,2026-08-21T01:55:25Z
2026-08-21T01:53:59Z,2026-08-21T03:53:59+0200,dab098cd-e140-4c97-b435-f000c3ac97ba,2026-07-22T04:00:00Z,2026-07-22T06:00:00+0200,213.69,MW,FR,FR,actual_solar_generation,Solar,2026-08-21T01:55:25Z
2026-08-21T01:53:59Z,2026-08-21T03:53:59+0200,dab098cd-e140-4c97-b435-f000c3ac97ba,2026-07-22T04:15:00Z,2026-07-22T06:15:00+0200,262.95,MW,FR,FR,actual_solar_generation,Solar,2026-08-21T01:55:25Z
2026-08-21T01:53:59Z,2026-08-21T03:53:59+0200,dab098cd-e140-4c97-b435-f000c3ac97ba,2026-07-22T04:30:00Z,2026-07-22T06:30:00+0200,375.09,MW,FR,FR,actual_solar_generation,Solar,2026-08-21T01:55:25Z
2026-08-21T01:53:59Z,2026-08-21T03:53:59+0200,dab098cd-e140-4c97-b435-f000c3ac97ba,2026-07-22T04:45:00Z,2026-07-22T06:45:00+0200,595.47,MW,FR,FR,actual_solar_generation,Solar,2026-08-21T01:55:25Z
2026-08-21T01:53:59Z,2026-08-21T03:53:59+0200,dab098cd-e140-4c97-b435-f000c3ac97ba,2026-07-22T05:00:00Z,2026-07-22T07:00:00+0200,903.2,MW,FR,FR,actual_solar_generation,Solar,2026-08-21T01:55:25Z
2026-08-21T01:53:59Z,2026-08-21T03:53:59+0200,dab098cd-e140-4c97-b435-f000c3ac97ba,2026-07-22T05:15:00Z,2026-07-22T07:15:00+0200,1308.99,MW,FR,FR,actual_solar_generation,Solar,2026-08-21T01:55:25Z
2026-08-21T01:53:59Z,2026-08-21T03:53:59+0200,dab098cd-e140-4c97-b435-f000c3ac97ba,2026-07-22T05:30:00Z,2026-07-22T07:30:00+0200,1892.53,MW,FR,FR,actual_solar_generation,Solar,2026-08-21T01:55:25Z
2026-08-21T01:53:59Z,2026-08-21T03:53:59+0200,dab098cd-e140-4c97-b435-f000c3ac97ba,2026-07-22T05:45:00Z,2026-07-22T07:45:00+0200,2699.04,MW,FR,FR,actual_solar_generation,Solar,2026-08-21T01:55:25Z
2026-08-21T01:53:59Z,2026-08-21T03:53:59+0200,dab098cd-e140-4c97-b435-f000c3ac97ba,2026-07-22T06:00:00Z,2026-07-22T08:00:00+0200,3517.36,MW,FR,FR,actual_solar_generation,Solar,2026-08-21T01:55:25Z
2026-08-21T01:53:59Z,2026-08-21T03:53:59+0200,dab098cd-e140-4c97-b435-f000c3ac97ba,2026-07-22T06:15:00Z,2026-07-22T08:15:00+0200,4564.91,MW,FR,FR,actual_solar_generation,Solar,2026-08-21T01:55:25Z
2026-08-21T01:53:59Z,2026-08-21T03:53:59+0200,dab098cd-e140-4c97-b435-f000c3ac97ba,2026-07-22T06:30:00Z,2026-07-22T08:30:00+0200,5742.62,MW,FR,FR,actual_solar_generation,Solar,2026-08-21T01:55:25Z
2026-08-21T01:53:59Z,2026-08-21T03:53:59+0200,dab098cd-e140-4c97-b435-f000c3ac97ba,2026-07-22T06:45:00Z,2026-07-22T08:45:00+0200,7067.47,MW,FR,FR,actual_solar_generation,Solar,2026-08-21T01:55:25Z
2026-08-21T01:53:59Z,2026-08-21T03:53:59+0200,dab098cd-e140-4c97-b435-f000c3ac97ba,2026-07-22T07:00:00Z,2026-07-22T09:00:00+0200,8407.1,MW,FR,FR,actual_solar_generation,Solar,2026-08-21T01:55:25Z
2026-08-21T01:53:59Z,2026-08-21T03:53:59+0200,dab098cd-e140-4c97-b435-f000c3ac97ba,2026-07-22T07:15:00Z,2026-07-22T09:15:00+0200,9868.35,MW,FR,FR,actual_solar_generation,Solar,2026-08-21T01:55:25Z
2026-08-21T01:53:59Z,2026-08-21T03:53:59+0200,dab098cd-e140-4c97-b435-f000c3ac97ba,2026-07-22T07:30:00Z,2026-07-22T09:30:00+0200,11273.95,MW,FR,FR,actual_solar_generation,Solar,2026-08-21T01:55:25Z
2026-08-21T01:53:59Z,2026-08-21T03:53:59+0200,dab098cd-e140-4c97-b435-f000c3ac97ba,2026-07-22T07:45:00Z,2026-07-22T09:45:00+0200,12514.1,MW,FR,FR,actual_solar_generation,Solar,2026-08-21T01:55:25Z
2026-08-21T01:53:59Z,2026-08-21T03:53:59+0200,dab098cd-e140-4c97-b435-f000c3ac97ba,2026-07-22T08:00:00Z,2026-07-22T10:00:00+0200,13733.41,MW,FR,FR,actual_solar_generation,Solar,2026-08-21T01:55:25Z
2026-08-21T01:53:59Z,2026-08-21T03:53:59+0200,dab098cd-e140-4c97-b435-f000c3ac97ba,2026-07-22T08:15:00Z,2026-07-22T10:15:00+0200,14845.94,MW,FR,FR,actual_solar_generation,Solar,2026-08-21T01:55:25Z
2026-08-21T01:53:59Z,2026-08-21T03:53:59+0200,dab098cd-e140-4c97-b435-f000c3ac97ba,2026-07-22T08:30:00Z,2026-07-22T10:30:00+0200,15878.08,MW,FR,FR,actual_solar_generation,Solar,2026-08-21T01:55:25Z
2026-08-21T01:53:59Z,2026-08-21T03:53:59+0200,dab098cd-e140-4c97-b435-f000c3ac97ba,2026-07-22T08:45:00Z,2026-07-22T10:45:00+0200,16890.56,MW,FR,FR,actual_solar_generation,Solar,2026-08-21T01:55:25Z
2026-08-21T01:53:59Z,2026-08-21T03:53:59+0200,dab098cd-e140-4c97-b435-f000c3ac97ba,2026-07-22T09:00:00Z,2026-07-22T11:00:00+0200,17623.58,MW,FR,FR,actual_solar_generation,Solar,2026-08-21T01:55:25Z
2026-08-21T01:53:59Z,2026-08-21T03:53:59+0200,dab098cd-e140-4c97-b435-f000c3ac97ba,2026-07-22T09:15:00Z,2026-07-22T11:15:00+0200,18369.82,MW,FR,FR,actual_solar_generation,Solar,2026-08-21T01:55:25Z
2026-08-21T01:53:59Z,2026-08-21T03:53:59+0200,dab098cd-e140-4c97-b435-f000c3ac97ba,2026-07-22T09:30:00Z,2026-07-22T11:30:00+0200,18952.71,MW,FR,FR,actual_solar_generation,Solar,2026-08-21T01:55:25Z
2026-08-21T01:53:59Z,2026-08-21T03:53:59+0200,dab098cd-e140-4c97-b435-f000c3ac97ba,2026-07-22T09:45:00Z,2026-07-22T11:45:00+0200,19401.1,MW,FR,FR,actual_solar_generation,Solar,2026-08-21T01:55:25Z
2026-08-21T01:53:59Z,2026-08-21T03:53:59+0200,dab098cd-e140-4c97-b435-f000c3ac97ba,2026-07-22T10:00:00Z,2026-07-22T12:00:00+0200,20035.93,MW,FR,FR,actual_solar_generation,Solar,2026-08-21T01:55:25Z
2026-08-21T01:53:59Z,2026-08-21T03:53:59+0200,dab098cd-e140-4c97-b435-f000c3ac97ba,2026-07-22T10:15:00Z,2026-07-22T12:15:00+0200,20400.45,MW,FR,FR,actual_solar_generation,Solar,2026-08-21T01:55:25Z
2026-08-21T01:53:59Z,2026-08-21T03:53:59+0200,dab098cd-e140-4c97-b435-f000c3ac97ba,2026-07-22T10:30:00Z,2026-07-22T12:30:00+0200,20704.2,MW,FR,FR,actual_solar_generation,Solar,2026-08-21T01:55:25Z
2026-08-21T01:53:59Z,2026-08-21T03:53:59+0200,dab098cd-e140-4c97-b435-f000c3ac97ba,2026-07-22T10:45:00Z,2026-07-22T12:45:00+0200,20899.5,MW,FR,FR,actual_solar_generation,Solar,2026-08-21T01:55:25Z
2026-08-21T01:53:59Z,2026-08-21T03:53:59+0200,dab098cd-e140-4c97-b435-f000c3ac97ba,2026-07-22T11:00:00Z,2026-07-22T13:00:00+0200,21089.83,MW,FR,FR,actual_solar_generation,Solar,2026-08-21T01:55:25Z
2026-08-21T01:53:59Z,2026-08-21T03:53:59+0200,dab098cd-e140-4c97-b435-f000c3ac97ba,2026-07-22T11:15:00Z,2026-07-22T13:15:00+0200,21240.42,MW,FR,FR,actual_solar_generation,Solar,2026-08-21T01:55:25Z
2026-08-21T01:53:59Z,2026-08-21T03:53:59+0200,dab098cd-e140-4c97-b435-f000c3ac97ba,2026-07-22T11:30:00Z,2026-07-22T13:30:00+0200,21188.62,MW,FR,FR,actual_solar_generation,Solar,2026-08-21T01:55:25Z
2026-08-21T01:53:59Z,2026-08-21T03:53:59+0200,dab098cd-e140-4c97-b435-f000c3ac97ba,2026-07-22T11:45:00Z,2026-07-22T13:45:00+0200,21024.7,MW,FR,FR,actual_solar_generation,Solar,2026-08-21T01:55:25Z
2026-08-21T01:53:59Z,2026-08-21T03:53:59+0200,dab098cd-e140-4c97-b435-f000c3ac97ba,2026-07-22T12:00:00Z,2026-07-22T14:00:00+0200,21064.22,MW,FR,FR,actual_solar_generation,Solar,2026-08-21T01:55:25Z
2026-08-21T01:53:59Z,2026-08-21T03:53:59+0200,dab098cd-e140-4c97-b435-f000c3ac97ba,2026-07-22T12:15:00Z,2026-07-22T14:15:00+0200,21001.87,MW,FR,FR,actual_solar_generation,Solar,2026-08-21T01:55:25Z
2026-08-21T01:53:59Z,2026-08-21T03:53:59+0200,dab098cd-e140-4c97-b435-f000c3ac97ba,2026-07-22T12:30:00Z,2026-07-22T14:30:00+0200,20802.79,MW,FR,FR,actual_solar_generation,Solar,2026-08-21T01:55:25Z
2026-08-21T01:53:59Z,2026-08-21T03:53:59+0200,dab098cd-e140-4c97-b435-f000c3ac97ba,2026-07-22T12:45:00Z,2026-07-22T14:45:00+0200,20653.19,MW,FR,FR,actual_solar_generation,Solar,2026-08-21T01:55:25Z
2026-08-21T01:53:59Z,2026-08-21T03:53:59+0200,dab098cd-e140-4c97-b435-f000c3ac97ba,2026-07-22T13:00:00Z,2026-07-22T15:00:00+0200,20498.97,MW,FR,FR,actual_solar_generation,Solar,2026-08-21T01:55:25Z
2026-08-21T01:53:59Z,2026-08-21T03:53:59+0200,dab098cd-e140-4c97-b435-f000c3ac97ba,2026-07-22T13:15:00Z,2026-07-22T15:15:00+0200,20119.02,MW,FR,FR,actual_solar_generation,Solar,2026-08-21T01:55:25Z
2026-08-21T01:53:59Z,2026-08-21T03:53:59+0200,dab098cd-e140-4c97-b435-f000c3ac97ba,2026-07-22T13:30:00Z,2026-07-22T15:30:00+0200,19815.25,MW,FR,FR,actual_solar_generation,Solar,2026-08-21T01:55:25Z
2026-08-21T01:53:59Z,2026-08-21T03:53:59+0200,dab098cd-e140-4c97-b435-f000c3ac97ba,2026-07-22T13:45:00Z,2026-07-22T15:45:00+0200,19365.13,MW,FR,FR,actual_solar_generation,Solar,2026-08-21T01:55:25Z
2026-08-21T01:53:59Z,2026-08-21T03:53:59+0200,dab098cd-e140-4c97-b435-f000c3ac97ba,2026-07-22T14:00:00Z,2026-07-22T16:00:00+0200,18864.58,MW,FR,FR,actual_solar_generation,Solar,2026-08-21T01:55:25Z
2026-08-21T01:53:59Z,2026-08-21T03:53:59+0200,dab098cd-e140-4c97-b435-f000c3ac97ba,2026-07-22T14:15:00Z,2026-07-22T16:15:00+0200,18281.79,MW,FR,FR,actual_solar_generation,Solar,2026-08-21T01:55:25Z
2026-08-21T01:53:59Z,2026-08-21T03:53:59+0200,dab098cd-e140-4c97-b435-f000c3ac97ba,2026-07-22T14:30:00Z,2026-07-22T16:30:00+0200,17848.66,MW,FR,FR,actual_solar_generation,Solar,2026-08-21T01:55:25Z
2026-08-21T01:53:59Z,2026-08-21T03:53:59+0200,dab098cd-e140-4c97-b435-f000c3ac97ba,2026-07-22T14:45:00Z,2026-07-22T16:45:00+0200,16953.42,MW,FR,FR,actual_solar_generation,Solar,2026-08-21T01:55:25Z
2026-08-21T01:53:59Z,2026-08-21T03:53:59+0200,dab098cd-e140-4c97-b435-f000c3ac97ba,2026-07-22T15:00:00Z,2026-07-22T17:00:00+0200,16149.57,MW,FR,FR,actual_solar_generation,Solar,2026-08-21T01:55:25Z
2026-08-21T01:53:59Z,2026-08-21T03:53:59+0200,dab098cd-e140-4c97-b435-f000c3ac97ba,2026-07-22T15:15:00Z,2026-07-22T17:15:00+0200,15181.67,MW,FR,FR,actual_solar_generation,Solar,2026-08-21T01:55:25Z
2026-08-21T01:53:59Z,2026-08-21T03:53:59+0200,dab098cd-e140-4c97-b435-f000c3ac97ba,2026-07-22T15:30:00Z,2026-07-22T17:30:00+0200,14327.91,MW,FR,FR,actual_solar_generation,Solar,2026-08-21T01:55:25Z
2026-08-21T01:53:59Z,2026-08-21T03:53:59+0200,dab098cd-e140-4c97-b435-f000c3ac97ba,2026-07-22T15:45:00Z,2026-07-22T17:45:00+0200,13327.07,MW,FR,FR,actual_solar_generation,Solar,2026-08-21T01:55:25Z
2026-08-21T01:53:59Z,2026-08-21T03:53:59+0200,dab098cd-e140-4c97-b435-f000c3ac97ba,2026-07-22T16:00:00Z,2026-07-22T18:00:00+0200,12428.61,MW,FR,FR,actual_solar_generation,Solar,2026-08-21T01:55:25Z
2026-08-21T01:53:59Z,2026-08-21T03:53:59+0200,dab098cd-e140-4c97-b435-f000c3ac97ba,2026-07-22T16:15:00Z,2026-07-22T18:15:00+0200,11313.59,MW,FR,FR,actual_solar_generation,Solar,2026-08-21T01:55:25Z
2026-08-21T01:53:59Z,2026-08-21T03:53:59+0200,dab098cd-e140-4c97-b435-f000c3ac97ba,2026-07-22T16:30:00Z,2026-07-22T18:30:00+0200,10108.63,MW,FR,FR,actual_solar_generation,Solar,2026-08-21T01:55:25Z
2026-08-21T01:53:59Z,2026-08-21T03:53:59+0200,dab098cd-e140-4c97-b435-f000c3ac97ba,2026-07-22T16:45:00Z,2026-07-22T18:45:00+0200,8897.5,MW,FR,FR,actual_solar_generation,Solar,2026-08-21T01:55:25Z
2026-08-21T01:53:59Z,2026-08-21T03:53:59+0200,dab098cd-e140-4c97-b435-f000c3ac97ba,2026-07-22T17:00:00Z,2026-07-22T19:00:00+0200,7628.0,MW,FR,FR,actual_solar_generation,Solar,2026-08-21T01:55:25Z
2026-08-21T01:53:59Z,2026-08-21T03:53:59+0200,dab098cd-e140-4c97-b435-f000c3ac97ba,2026-07-22T17:15:00Z,2026-07-22T19:15:00+0200,6315.85,MW,FR,FR,actual_solar_generation,Solar,2026-08-21T01:55:25Z
2026-08-21T01:53:59Z,2026-08-21T03:53:59+0200,dab098cd-e140-4c97-b435-f000c3ac97ba,2026-07-22T17:30:00Z,2026-07-22T19:30:00+0200,5086.71,MW,FR,FR,actual_solar_generation,Solar,2026-08-21T01:55:25Z
2026-08-21T01:53:59Z,2026-08-21T03:53:59+0200,dab098cd-e140-4c97-b435-f000c3ac97ba,2026-07-22T17:45:00Z,2026-07-22T19:45:00+0200,3941.45,MW,FR,FR,actual_solar_generation,Solar,2026-08-21T01:55:25Z
2026-08-21T01:53:59Z,2026-08-21T03:53:59+0200,dab098cd-e140-4c97-b435-f000c3ac97ba,2026-07-22T18:00:00Z,2026-07-22T20:00:00+0200,2956.6,MW,FR,FR,actual_solar_generation,Solar,2026-08-21T01:55:25Z
2026-08-21T01:53:59Z,2026-08-21T03:53:59+0200,dab098cd-e140-4c97-b435-f000c3ac97ba,2026-07-22T18:15:00Z,2026-07-22T20:15:00+0200,2165.18,MW,FR,FR,actual_solar_generation,Solar,2026-08-21T01:55:25Z
2026-08-21T01:53:59Z,2026-08-21T03:53:59+0200,dab098cd-e140-4c97-b435-f000c3ac97ba,2026-07-22T18:30:00Z,2026-07-22T20:30:00+0200,1551.11,MW,FR,FR,actual_solar_generation,Solar,2026-08-21T01:55:25Z
2026-08-21T01:53:59Z,2026-08-21T03:53:59+0200,dab098cd-e140-4c97-b435-f000c3ac97ba,2026-07-22T18:45:00Z,2026-07-22T20:45:00+0200,1104.15,MW,FR,FR,actual_solar_generation,Solar,2026-08-21T01:55:25Z
2026-08-21T01:53:59Z,2026-08-21T03:53:59+0200,dab098cd-e140-4c97-b435-f000c3ac97ba,2026-07-22T19:00:00Z,2026-07-22T21:00:00+0200,742.2,MW,FR,FR,actual_solar_generation,Solar,2026-08-21T01:55:25Z
2026-08-21T01:53:59Z,2026-08-21T03:53:59+0200,dab098cd-e140-4c97-b435-f000c3ac97ba,2026-07-22T19:15:00Z,2026-07-22T21:15:00+0200,447.47,MW,FR,FR,actual_solar_generation,Solar,2026-08-21T01:55:25Z
2026-08-21T01:53:59Z,2026-08-21T03:53:59+0200,dab098cd-e140-4c97-b435-f000c3ac97ba,2026-07-22T19:30:00Z,2026-07-22T21:30:00+0200,280.98,MW,FR,FR,actual_solar_generation,Solar,2026-08-21T01:55:25Z
2026-08-21T01:53:59Z,2026-08-21T03:53:59+0200,dab098cd-e140-4c97-b435-f000c3ac97ba,2026-07-22T19:45:00Z,2026-07-22T21:45:00+0200,224.83,MW,FR,FR,actual_solar_generation,Solar,2026-08-21T01:55:25Z
2026-08-21T01:53:59Z,2026-08-21T03:53:59+0200,dab098cd-e140-4c97-b435-f000c3ac97ba,2026-07-22T20:00:00Z,2026-07-22T22:00:00+0200,209.4,MW,FR,FR,actual_solar_generation,Solar,2026-08-21T01:55:25Z
2026-08-21T01:53:59Z,2026-08-21T03:53:59+0200,dab098cd-e140-4c97-b435-f000c3ac97ba,2026-07-22T20:15:00Z,2026-07-22T22:15:00+0200,207.68,MW,FR,FR,actual_solar_generation,Solar,2026-08-21T01:55:25Z
2026-08-21T01:53:59Z,2026-08-21T03:53:59+0200,dab098cd-e140-4c97-b435-f000c3ac97ba,2026-07-22T20:30:00Z,2026-07-22T22:30:00+0200,205.73,MW,FR,FR,actual_solar_generation,Solar,2026-08-21T01:55:25Z
2026-08-21T01:53:59Z,2026-08-21T03:53:59+0200,dab098cd-e140-4c97-b435-f000c3ac97ba,2026-07-22T20:45:00Z,2026-07-22T22:45:00+0200,210.88,MW,FR,FR,actual_solar_generation,Solar,2026-08-21T01:55:25Z
2026-08-21T01:53:59Z,2026-08-21T03:53:59+0200,dab098cd-e140-4c97-b435-f000c3ac97ba,2026-07-22T21:00:00Z,2026-07-22T23:00:00+0200,203.96,MW,FR,FR,actual_solar_generation,Solar,2026-08-21T01:55:25Z
2026-08-21T01:53:59Z,2026-08-21T03:53:59+0200,dab098cd-e140-4c97-b435-f000c3ac97ba,2026-07-22T21:15:00Z,2026-07-22T23:15:00+0200,203.62,MW,FR,FR,actual_solar_generation,Solar,2026-08-21T01:55:25Z
2026-08-21T01:53:59Z,2026-08-21T03:53:59+0200,dab098cd-e140-4c97-b435-f000c3ac97ba,2026-07-22T21:30:00Z,2026-07-22T23:30:00+0200,203.06,MW,FR,FR,actual_solar_generation,Solar,2026-08-21T01:55:25Z
2026-08-21T01:53:59Z,2026-08-21T03:53:59+0200,dab098cd-e140-4c97-b435-f000c3ac97ba,2026-07-22T21:45:00Z,2026-07-22T23:45:00+0200,202.45,MW,FR,FR,actual_solar_generation,Solar,2026-08-21T01:55:25Z
2026-08-21T01:53:59Z,2026-08-21T03:53:59+0200,dab098cd-e140-4c97-b435-f000c3ac97ba,2026-07-22T22:00:00Z,2026-07-23T00:00:00+0200,0.0,MW,FR,FR,actual_solar_generation,Solar,2026-08-21T01:55:25Z
2026-08-21T01:53:59Z,2026-08-21T03:53:59+0200,dab098cd-e140-4c97-b435-f000c3ac97ba,2026-07-22T22:15:00Z,2026-07-23T00:15:00+0200,0.0,MW,FR,FR,actual_solar_generation,Solar,2026-08-21T01:55:25Z
2026-08-21T01:53:59Z,2026-08-21T03:53:59+0200,dab098cd-e140-4c97-b435-f000c3ac97ba,2026-07-22T22:30:00Z,2026-07-23T00:30:00+0200,0.0,MW,FR,FR,actual_solar_generation,Solar,2026-08-21T01:55:25Z
2026-08-21T01:53:59Z,2026-08-21T03:53:59+0200,dab098cd-e140-4c97-b435-f000c3ac97ba,2026-07-22T22:45:00Z,2026-07-23T00:45:00+0200,0.0,MW,FR,FR,actual_solar_generation,Solar,2026-08-21T01:55:25Z
2026-08-21T01:53:59Z,2026-08-21T03:53:59+0200,dab098cd-e140-4c97-b435-f000c3ac97ba,2026-07-22T23:00:00Z,2026-07-23T01:00:00+0200,0.0,MW,FR,FR,actual_solar_generation,Solar,2026-08-21T01:55:25Z
2026-08-21T01:53:59Z,2026-08-21T03:53:59+0200,dab098cd-e140-4c97-b435-f000c3ac97ba,2026-07-22T23:15:00Z,2026-07-23T01:15:00+0200,0.0,MW,FR,FR,actual_solar_generation,Solar,2026-08-21T01:55:25Z
2026-08-21T01:53:59Z,2026-08-21T03:53:59+0200,dab098cd-e140-4c97-b435-f000c3ac97ba,2026-07-22T23:30:00Z,2026-07-23T01:30:00+0200,0.0,MW,FR,FR,actual_solar_generation,Solar,2026-08-21T01:55:25Z
2026-08-21T01:53:59Z,2026-08-21T03:53:59+0200,dab098cd-e140-4c97-b435-f000c3ac97ba,2026-07-22T23:45:00Z,2026-07-23T01:45:00+0200,0.0,MW,FR,FR,actual_solar_generation,Solar,2026-08-21T01:55:25Z
2026-08-21T01:53:59Z,2026-08-21T03:53:59+0200,dab098cd-e140-4c97-b435-f000c3ac97ba,2026-07-23T00:00:00Z,2026-07-23T02:00:00+0200,0.0,MW,FR,FR,actual_solar_generation,Solar,2026-08-21T01:55:25Z
2026-08-21T01:53:59Z,2026-08-21T03:53:59+0200,dab098cd-e140-4c97-b435-f000c3ac97ba,2026-07-23T00:15:00Z,2026-07-23T02:15:00+0200,0.0,MW,FR,FR,actual_solar_generation,Solar,2026-08-21T01:55:25Z
2026-08-21T01:53:59Z,2026-08-21T03:53:59+0200,dab098cd-e140-4c97-b435-f000c3ac97ba,2026-07-23T00:30:00Z,2026-07-23T02:30:00+0200,0.0,MW,FR,FR,actual_solar_generation,Solar,2026-08-21T01:55:25Z
2026-08-21T01:53:59Z,2026-08-21T03:53:59+0200,dab098cd-e140-4c97-b435-f000c3ac97ba,2026-07-23T00:45:00Z,2026-07-23T02:45:00+0200,0.0,MW,FR,FR,actual_solar_generation,Solar,2026-08-21T01:55:25Z
2026-08-21T01:53:59Z,2026-08-21T03:53:59+0200,dab098cd-e140-4c97-b435-f000c3ac97ba,2026-07-23T01:00:00Z,2026-07-23T03:00:00+0200,0.0,MW,FR,FR,actual_solar_generation,Solar,2026-08-21T01:55:25Z
2026-08-21T01:53:59Z,2026-08-21T03:53:59+0200,dab098cd-e140-4c97-b435-f000c3ac97ba,2026-07-23T01:15:00Z,2026-07-23T03:15:00+0200,0.0,MW,FR,FR,actual_solar_generation,Solar,2026-08-21T01:55:25Z
2026-08-21T01:53:59Z,2026-08-21T03:53:59+0200,dab098cd-e140-4c97-b435-f000c3ac97ba,2026-07-23T01:30:00Z,2026-07-23T03:30:00+0200,0.0,MW,FR,FR,actual_solar_generation,Solar,2026-08-21T01:55:25Z
2026-08-21T01:53:59Z,2026-08-21T03:53:59+0200,dab098cd-e140-4c97-b435-f000c3ac97ba,2026-07-23T01:45:00Z,2026-07-23T03:45:00+0200,0.0,MW,FR,FR,actual_solar_generation,Solar,2026-08-21T01:55:25Z
2026-08-21T01:53:59Z,2026-08-21T03:53:59+0200,dab098cd-e140-4c97-b435-f000c3ac97ba,2026-07-23T02:00:00Z,2026-07-23T04:00:00+0200,0.0,MW,FR,FR,actual_solar_generation,Solar,2026-08-21T01:55:25Z
2026-08-21T01:53:59Z,2026-08-21T03:53:59+0200,dab098cd-e140-4c97-b435-f000c3ac97ba,2026-07-23T02:15:00Z,2026-07-23T04:15:00+0200,0.0,MW,FR,FR,actual_solar_generation,Solar,2026-08-21T01:55:25Z
2026-08-21T01:53:59Z,2026-08-21T03:53:59+0200,dab098cd-e140-4c97-b435-f000c3ac97ba,2026-07-23T02:30:00Z,2026-07-23T04:30:00+0200,0.0,MW,FR,FR,actual_solar_generation,Solar,2026-08-21T01:55:25Z
2026-08-21T01:53:59Z,2026-08-21T03:53:59+0200,dab098cd-e140-4c97-b435-f000c3ac97ba,2026-07-23T02:45:00Z,2026-07-23T04:45:00+0200,0.0,MW,FR,FR,actual_solar_generation,Solar,2026-08-21T01:55:25Z
2026-08-21T01:53:59Z,2026-08-21T03:53:59+0200,dab098cd-e140-4c97-b435-f000c3ac97ba,2026-07-23T03:00:00Z,2026-07-23T05:00:00+0200,195.99,MW,FR,FR,actual_solar_generation,Solar,2026-08-21T01:55:25Z
2026-08-21T01:53:59Z,2026-08-21T03:53:59+0200,dab098cd-e140-4c97-b435-f000c3ac97ba,2026-07-23T03:15:00Z,2026-07-23T05:15:00+0200,196.28,MW,FR,FR,actual_solar_generation,Solar,2026-08-21T01:55:25Z
2026-08-21T01:53:59Z,2026-08-21T03:53:59+0200,dab098cd-e140-4c97-b435-f000c3ac97ba,2026-07-23T03:30:00Z,2026-07-23T05:30:00+0200,196.1,MW,FR,FR,actual_solar_generation,Solar,2026-08-21T01:55:25Z
2026-08-21T01:53:59Z,2026-08-21T03:53:59+0200,dab098cd-e140-4c97-b435-f000c3ac97ba,2026-07-23T03:45:00Z,2026-07-23T05:45:00+0200,200.51,MW,FR,FR,actual_solar_generation,Solar,2026-08-21T01:55:25Z
2026-08-21T01:53:59Z,2026-08-21T03:53:59+0200,dab098cd-e140-4c97-b435-f000c3ac97ba,2026-07-23T04:00:00Z,2026-07-23T06:00:00+0200,222.74,MW,FR,FR,actual_solar_generation,Solar,2026-08-21T01:55:25Z
2026-08-21T01:53:59Z,2026-08-21T03:53:59+0200,dab098cd-e140-4c97-b435-f000c3ac97ba,2026-07-23T04:15:00Z,2026-07-23T06:15:00+0200,273.57,MW,FR,FR,actual_solar_generation,Solar,2026-08-21T01:55:25Z
2026-08-21T01:53:59Z,2026-08-21T03:53:59+0200,dab098cd-e140-4c97-b435-f000c3ac97ba,2026-07-23T04:30:00Z,2026-07-23T06:30:00+0200,378.12,MW,FR,FR,actual_solar_generation,Solar,2026-08-21T01:55:25Z
2026-08-21T01:53:59Z,2026-08-21T03:53:59+0200,dab098cd-e140-4c97-b435-f000c3ac97ba,2026-07-23T04:45:00Z,2026-07-23T06:45:00+0200,575.97,MW,FR,FR,actual_solar_generation,Solar,2026-08-21T01:55:25Z
2026-08-21T01:53:59Z,2026-08-21T03:53:59+0200,dab098cd-e140-4c97-b435-f000c3ac97ba,2026-07-23T05:00:00Z,2026-07-23T07:00:00+0200,872.25,MW,FR,FR,actual_solar_generation,Solar,2026-08-21T01:55:25Z
2026-08-21T01:53:59Z,2026-08-21T03:53:59+0200,dab098cd-e140-4c97-b435-f000c3ac97ba,2026-07-23T05:15:00Z,2026-07-23T07:15:00+0200,1242.36,MW,FR,FR,actual_solar_generation,Solar,2026-08-21T01:55:25Z
2026-08-21T01:53:59Z,2026-08-21T03:53:59+0200,dab098cd-e140-4c97-b435-f000c3ac97ba,2026-07-23T05:30:00Z,2026-07-23T07:30:00+0200,1796.21,MW,FR,FR,actual_solar_generation,Solar,2026-08-21T01:55:25Z
2026-08-21T01:53:59Z,2026-08-21T03:53:59+0200,dab098cd-e140-4c97-b435-f000c3ac97ba,2026-07-23T05:45:00Z,2026-07-23T07:45:00+0200,2578.41,MW,FR,FR,actual_solar_generation,Solar,2026-08-21T01:55:25Z
2026-08-21T01:53:59Z,2026-08-21T03:53:59+0200,dab098cd-e140-4c97-b435-f000c3ac97ba,2026-07-23T06:00:00Z,2026-07-23T08:00:00+0200,3381.73,MW,FR,FR,actual_solar_generation,Solar,2026-08-21T01:55:25Z
2026-08-21T01:53:59Z,2026-08-21T03:53:59+0200,dab098cd-e140-4c97-b435-f000c3ac97ba,2026-07-23T06:15:00Z,2026-07-23T08:15:00+0200,4359.24,MW,FR,FR,actual_solar_generation,Solar,2026-08-21T01:55:25Z
2026-08-21T01:53:59Z,2026-08-21T03:53:59+0200,dab098cd-e140-4c97-b435-f000c3ac97ba,2026-07-23T06:30:00Z,2026-07-23T08:30:00+0200,5484.5,MW,FR,FR,actual_solar_generation,Solar,2026-08-21T01:55:25Z
2026-08-21T01:53:59Z,2026-08-21T03:53:59+0200,dab098cd-e140-4c97-b435-f000c3ac97ba,2026-07-23T06:45:00Z,2026-07-23T08:45:00+0200,6743.75,MW,FR,FR,actual_solar_generation,Solar,2026-08-21T01:55:25Z
2026-08-21T01:53:59Z,2026-08-21T03:53:59+0200,dab098cd-e140-4c97-b435-f000c3ac97ba,2026-07-23T07:00:00Z,2026-07-23T09:00:00+0200,8029.08,MW,FR,FR,actual_solar_generation,Solar,2026-08-21T01:55:25Z
2026-08-21T01:53:59Z,2026-08-21T03:53:59+0200,dab098cd-e140-4c97-b435-f000c3ac97ba,2026-07-23T07:15:00Z,2026-07-23T09:15:00+0200,9475.57,MW,FR,FR,actual_solar_generation,Solar,2026-08-21T01:55:25Z
2026-08-21T01:53:59Z,2026-08-21T03:53:59+0200,dab098cd-e140-4c97-b435-f000c3ac97ba,2026-07-23T07:30:00Z,2026-07-23T09:30:00+0200,10809.2,MW,FR,FR,actual_solar_generation,Solar,2026-08-21T01:55:25Z
2026-08-21T01:53:59Z,2026-08-21T03:53:59+0200,dab098cd-e140-4c97-b435-f000c3ac97ba,2026-07-23T07:45:00Z,2026-07-23T09:45:00+0200,12103.88,MW,FR,FR,actual_solar_generation,Solar,2026-08-21T01:55:25Z
2026-08-21T01:53:59Z,2026-08-21T03:53:59+0200,dab098cd-e140-4c97-b435-f000c3ac97ba,2026-07-23T08:00:00Z,2026-07-23T10:00:00+0200,13267.37,MW,FR,FR,actual_solar_generation,Solar,2026-08-21T01:55:25Z
2026-08-21T01:53:59Z,2026-08-21T03:53:59+0200,dab098cd-e140-4c97-b435-f000c3ac97ba,2026-07-23T08:15:00Z,2026-07-23T10:15:00+0200,14514.2,MW,FR,FR,actual_solar_generation,Solar,2026-08-21T01:55:25Z
2026-08-21T01:53:59Z,2026-08-21T03:53:59+0200,dab098cd-e140-4c97-b435-f000c3ac97ba,2026-07-23T08:30:00Z,2026-07-23T10:30:00+0200,15625.76,MW,FR,FR,actual_solar_generation,Solar,2026-08-21T01:55:25Z
2026-08-21T01:53:59Z,2026-08-21T03:53:59+0200,dab098cd-e140-4c97-b435-f000c3ac97ba,2026-07-23T08:45:00Z,2026-07-23T10:45:00+0200,16585.79,MW,FR,FR,actual_solar_generation,Solar,2026-08-21T01:55:25Z
2026-08-21T01:53:59Z,2026-08-21T03:53:59+0200,dab098cd-e140-4c97-b435-f000c3ac97ba,2026-07-23T09:00:00Z,2026-07-23T11:00:00+0200,17350.14,MW,FR,FR,actual_solar_generation,Solar,2026-08-21T01:55:25Z
2026-08-21T01:53:59Z,2026-08-21T03:53:59+0200,dab098cd-e140-4c97-b435-f000c3ac97ba,2026-07-23T09:15:00Z,2026-07-23T11:15:00+0200,18056.57,MW,FR,FR,actual_solar_generation,Solar,2026-08-21T01:55:25Z
2026-08-21T01:53:59Z,2026-08-21T03:53:59+0200,dab098cd-e140-4c97-b435-f000c3ac97ba,2026-07-23T09:30:00Z,2026-07-23T11:30:00+0200,18701.07,MW,FR,FR,actual_solar_generation,Solar,2026-08-21T01:55:25Z
2026-08-21T01:53:59Z,2026-08-21T03:53:59+0200,dab098cd-e140-4c97-b435-f000c3ac97ba,2026-07-23T09:45:00Z,2026-07-23T11:45:00+0200,19174.83,MW,FR,FR,actual_solar_generation,Solar,2026-08-21T01:55:25Z
2026-08-21T01:53:59Z,2026-08-21T03:53:59+0200,dab098cd-e140-4c97-b435-f000c3ac97ba,2026-07-23T10:00:00Z,2026-07-23T12:00:00+0200,19678.65,MW,FR,FR,actual_solar_generation,Solar,2026-08-21T01:55:25Z
2026-08-21T01:53:59Z,2026-08-21T03:53:59+0200,dab098cd-e140-4c97-b435-f000c3ac97ba,2026-07-23T10:15:00Z,2026-07-23T12:15:00+0200,20102.24,MW,FR,FR,actual_solar_generation,Solar,2026-08-21T01:55:25Z
2026-08-21T01:53:59Z,2026-08-21T03:53:59+0200,dab098cd-e140-4c97-b435-f000c3ac97ba,2026-07-23T10:30:00Z,2026-07-23T12:30:00+0200,20520.53,MW,FR,FR,actual_solar_generation,Solar,2026-08-21T01:55:25Z
2026-08-21T01:53:59Z,2026-08-21T03:53:59+0200,dab098cd-e140-4c97-b435-f000c3ac97ba,2026-07-23T10:45:00Z,2026-07-23T12:45:00+0200,20868.64,MW,FR,FR,actual_solar_generation,Solar,2026-08-21T01:55:25Z
2026-08-21T01:53:59Z,2026-08-21T03:53:59+0200,dab098cd-e140-4c97-b435-f000c3ac97ba,2026-07-23T11:00:00Z,2026-07-23T13:00:00+0200,21076.55,MW,FR,FR,actual_solar_generation,Solar,2026-08-21T01:55:25Z
2026-08-21T01:53:59Z,2026-08-21T03:53:59+0200,dab098cd-e140-4c97-b435-f000c3ac97ba,2026-07-23T11:15:00Z,2026-07-23T13:15:00+0200,21187.71,MW,FR,FR,actual_solar_generation,Solar,2026-08-21T01:55:25Z
2026-08-21T01:53:59Z,2026-08-21T03:53:59+0200,dab098cd-e140-4c97-b435-f000c3ac97ba,2026-07-23T11:30:00Z,2026-07-23T13:30:00+0200,21307.1,MW,FR,FR,actual_solar_generation,Solar,2026-08-21T01:55:25Z
2026-08-21T01:53:59Z,2026-08-21T03:53:59+0200,dab098cd-e140-4c97-b435-f000c3ac97ba,2026-07-23T11:45:00Z,2026-07-23T13:45:00+0200,21439.0,MW,FR,FR,actual_solar_generation,Solar,2026-08-21T01:55:25Z
2026-08-21T01:53:59Z,2026-08-21T03:53:59+0200,dab098cd-e140-4c97-b435-f000c3ac97ba,2026-07-23T12:00:00Z,2026-07-23T14:00:00+0200,21464.21,MW,FR,FR,actual_solar_generation,Solar,2026-08-21T01:55:25Z
2026-08-21T01:53:59Z,2026-08-21T03:53:59+0200,dab098cd-e140-4c97-b435-f000c3ac97ba,2026-07-23T12:15:00Z,2026-07-23T14:15:00+0200,21349.28,MW,FR,FR,actual_solar_generation,Solar,2026-08-21T01:55:25Z
2026-08-21T01:53:59Z,2026-08-21T03:53:59+0200,dab098cd-e140-4c97-b435-f000c3ac97ba,2026-07-23T12:30:00Z,2026-07-23T14:30:00+0200,21232.63,MW,FR,FR,actual_solar_generation,Solar,2026-08-21T01:55:25Z
2026-08-21T01:53:59Z,2026-08-21T03:53:59+0200,dab098cd-e140-4c97-b435-f000c3ac97ba,2026-07-23T12:45:00Z,2026-07-23T14:45:00+0200,21109.5,MW,FR,FR,actual_solar_generation,Solar,2026-08-21T01:55:25Z
2026-08-21T01:53:59Z,2026-08-21T03:53:59+0200,dab098cd-e140-4c97-b435-f000c3ac97ba,2026-07-23T13:00:00Z,2026-07-23T15:00:00+0200,20753.7,MW,FR,FR,actual_solar_generation,Solar,2026-08-21T01:55:25Z
2026-08-21T01:53:59Z,2026-08-21T03:53:59+0200,dab098cd-e140-4c97-b435-f000c3ac97ba,2026-07-23T13:15:00Z,2026-07-23T15:15:00+0200,20534.92,MW,FR,FR,actual_solar_generation,Solar,2026-08-21T01:55:25Z
2026-08-21T01:53:59Z,2026-08-21T03:53:59+0200,dab098cd-e140-4c97-b435-f000c3ac97ba,2026-07-23T13:30:00Z,2026-07-23T15:30:00+0200,20355.13,MW,FR,FR,actual_solar_generation,Solar,2026-08-21T01:55:25Z
2026-08-21T01:53:59Z,2026-08-21T03:53:59+0200,dab098cd-e140-4c97-b435-f000c3ac97ba,2026-07-23T13:45:00Z,2026-07-23T15:45:00+0200,19863.18,MW,FR,FR,actual_solar_generation,Solar,2026-08-21T01:55:25Z
2026-08-21T01:53:59Z,2026-08-21T03:53:59+0200,dab098cd-e140-4c97-b435-f000c3ac97ba,2026-07-23T14:00:00Z,2026-07-23T16:00:00+0200,19398.41,MW,FR,FR,actual_solar_generation,Solar,2026-08-21T01:55:25Z
2026-08-21T01:53:59Z,2026-08-21T03:53:59+0200,dab098cd-e140-4c97-b435-f000c3ac97ba,2026-07-23T14:15:00Z,2026-07-23T16:15:00+0200,18695.54,MW,FR,FR,actual_solar_generation,Solar,2026-08-21T01:55:25Z
2026-08-21T01:53:59Z,2026-08-21T03:53:59+0200,dab098cd-e140-4c97-b435-f000c3ac97ba,2026-07-23T14:30:00Z,2026-07-23T16:30:00+0200,18159.86,MW,FR,FR,actual_solar_generation,Solar,2026-08-21T01:55:25Z
2026-08-21T01:53:59Z,2026-08-21T03:53:59+0200,dab098cd-e140-4c97-b435-f000c3ac97ba,2026-07-23T14:45:00Z,2026-07-23T16:45:00+0200,17430.86,MW,FR,FR,actual_solar_generation,Solar,2026-08-21T01:55:25Z
2026-08-21T01:53:59Z,2026-08-21T03:53:59+0200,dab098cd-e140-4c97-b435-f000c3ac97ba,2026-07-23T15:00:00Z,2026-07-23T17:00:00+0200,16622.02,MW,FR,FR,actual_solar_generation,Solar,2026-08-21T01:55:25Z
2026-08-21T01:53:59Z,2026-08-21T03:53:59+0200,dab098cd-e140-4c97-b435-f000c3ac97ba,2026-07-23T15:15:00Z,2026-07-23T17:15:00+0200,15709.27,MW,FR,FR,actual_solar_generation,Solar,2026-08-21T01:55:25Z
2026-08-21T01:53:59Z,2026-08-21T03:53:59+0200,dab098cd-e140-4c97-b435-f000c3ac97ba,2026-07-23T15:30:00Z,2026-07-23T17:30:00+0200,14656.08,MW,FR,FR,actual_solar_generation,Solar,2026-08-21T01:55:25Z
2026-08-21T01:53:59Z,2026-08-21T03:53:59+0200,dab098cd-e140-4c97-b435-f000c3ac97ba,2026-07-23T15:45:00Z,2026-07-23T17:45:00+0200,13768.25,MW,FR,FR,actual_solar_generation,Solar,2026-08-21T01:55:25Z
2026-08-21T01:53:59Z,2026-08-21T03:53:59+0200,dab098cd-e140-4c97-b435-f000c3ac97ba,2026-07-23T16:00:00Z,2026-07-23T18:00:00+0200,12541.53,MW,FR,FR,actual_solar_generation,Solar,2026-08-21T01:55:25Z
2026-08-21T01:53:59Z,2026-08-21T03:53:59+0200,dab098cd-e140-4c97-b435-f000c3ac97ba,2026-07-23T16:15:00Z,2026-07-23T18:15:00+0200,11324.98,MW,FR,FR,actual_solar_generation,Solar,2026-08-21T01:55:25Z
2026-08-21T01:53:59Z,2026-08-21T03:53:59+0200,dab098cd-e140-4c97-b435-f000c3ac97ba,2026-07-23T16:30:00Z,2026-07-23T18:30:00+0200,10151.62,MW,FR,FR,actual_solar_generation,Solar,2026-08-21T01:55:25Z
2026-08-21T01:53:59Z,2026-08-21T03:53:59+0200,dab098cd-e140-4c97-b435-f000c3ac97ba,2026-07-23T16:45:00Z,2026-07-23T18:45:00+0200,8893.65,MW,FR,FR,actual_solar_generation,Solar,2026-08-21T01:55:25Z
2026-08-21T01:53:59Z,2026-08-21T03:53:59+0200,dab098cd-e140-4c97-b435-f000c3ac97ba,2026-07-23T17:00:00Z,2026-07-23T19:00:00+0200,7641.45,MW,FR,FR,actual_solar_generation,Solar,2026-08-21T01:55:25Z
2026-08-21T01:53:59Z,2026-08-21T03:53:59+0200,dab098cd-e140-4c97-b435-f000c3ac97ba,2026-07-23T17:15:00Z,2026-07-23T19:15:00+0200,6410.07,MW,FR,FR,actual_solar_generation,Solar,2026-08-21T01:55:25Z
2026-08-21T01:53:59Z,2026-08-21T03:53:59+0200,dab098cd-e140-4c97-b435-f000c3ac97ba,2026-07-23T17:30:00Z,2026-07-23T19:30:00+0200,5151.18,MW,FR,FR,actual_solar_generation,Solar,2026-08-21T01:55:25Z
2026-08-21T01:53:59Z,2026-08-21T03:53:59+0200,dab098cd-e140-4c97-b435-f000c3ac97ba,2026-07-23T17:45:00Z,2026-07-23T19:45:00+0200,4007.34,MW,FR,FR,actual_solar_generation,Solar,2026-08-21T01:55:25Z
2026-08-21T01:53:59Z,2026-08-21T03:53:59+0200,dab098cd-e140-4c97-b435-f000c3ac97ba,2026-07-23T18:00:00Z,2026-07-23T20:00:00+0200,2958.43,MW,FR,FR,actual_solar_generation,Solar,2026-08-21T01:55:25Z
2026-08-21T01:53:59Z,2026-08-21T03:53:59+0200,dab098cd-e140-4c97-b435-f000c3ac97ba,2026-07-23T18:15:00Z,2026-07-23T20:15:00+0200,2153.31,MW,FR,FR,actual_solar_generation,Solar,2026-08-21T01:55:25Z
2026-08-21T01:53:59Z,2026-08-21T03:53:59+0200,dab098cd-e140-4c97-b435-f000c3ac97ba,2026-07-23T18:30:00Z,2026-07-23T20:30:00+0200,1532.62,MW,FR,FR,actual_solar_generation,Solar,2026-08-21T01:55:25Z
2026-08-21T01:53:59Z,2026-08-21T03:53:59+0200,dab098cd-e140-4c97-b435-f000c3ac97ba,2026-07-23T18:45:00Z,2026-07-23T20:45:00+0200,1087.23,MW,FR,FR,actual_solar_generation,Solar,2026-08-21T01:55:25Z
2026-08-21T01:53:59Z,2026-08-21T03:53:59+0200,dab098cd-e140-4c97-b435-f000c3ac97ba,2026-07-23T19:00:00Z,2026-07-23T21:00:00+0200,717.52,MW,FR,FR,actual_solar_generation,Solar,2026-08-21T01:55:25Z
2026-08-21T01:53:59Z,2026-08-21T03:53:59+0200,dab098cd-e140-4c97-b435-f000c3ac97ba,2026-07-23T19:15:00Z,2026-07-23T21:15:00+0200,420.21,MW,FR,FR,actual_solar_generation,Solar,2026-08-21T01:55:25Z
2026-08-21T01:53:59Z,2026-08-21T03:53:59+0200,dab098cd-e140-4c97-b435-f000c3ac97ba,2026-07-23T19:30:00Z,2026-07-23T21:30:00+0200,271.88,MW,FR,FR,actual_solar_generation,Solar,2026-08-21T01:55:25Z
2026-08-21T01:53:59Z,2026-08-21T03:53:59+0200,dab098cd-e140-4c97-b435-f000c3ac97ba,2026-07-23T19:45:00Z,2026-07-23T21:45:00+0200,221.8,MW,FR,FR,actual_solar_generation,Solar,2026-08-21T01:55:25Z
2026-08-21T01:53:59Z,2026-08-21T03:53:59+0200,dab098cd-e140-4c97-b435-f000c3ac97ba,2026-07-23T20:00:00Z,2026-07-23T22:00:00+0200,210.65,MW,FR,FR,actual_solar_generation,Solar,2026-08-21T01:55:25Z
2026-08-21T01:53:59Z,2026-08-21T03:53:59+0200,dab098cd-e140-4c97-b435-f000c3ac97ba,2026-07-23T20:15:00Z,2026-07-23T22:15:00+0200,207.59,MW,FR,FR,actual_solar_generation,Solar,2026-08-21T01:55:25Z
2026-08-21T01:53:59Z,2026-08-21T03:53:59+0200,dab098cd-e140-4c97-b435-f000c3ac97ba,2026-07-23T20:30:00Z,2026-07-23T22:30:00+0200,210.34,MW,FR,FR,actual_solar_generation,Solar,2026-08-21T01:55:25Z
2026-08-21T01:53:59Z,2026-08-21T03:53:59+0200,dab098cd-e140-4c97-b435-f000c3ac97ba,2026-07-23T20:45:00Z,2026-07-23T22:45:00+0200,210.76,MW,FR,FR,actual_solar_generation,Solar,2026-08-21T01:55:25Z
2026-08-21T01:53:59Z,2026-08-21T03:53:59+0200,dab098cd-e140-4c97-b435-f000c3ac97ba,2026-07-23T21:00:00Z,2026-07-23T23:00:00+0200,211.06,MW,FR,FR,actual_solar_generation,Solar,2026-08-21T01:55:25Z
2026-08-21T01:53:59Z,2026-08-21T03:53:59+0200,dab098cd-e140-4c97-b435-f000c3ac97ba,2026-07-23T21:15:00Z,2026-07-23T23:15:00+0200,208.39,MW,FR,FR,actual_solar_generation,Solar,2026-08-21T01:55:25Z
2026-08-21T01:53:59Z,2026-08-21T03:53:59+0200,dab098cd-e140-4c97-b435-f000c3ac97ba,2026-07-23T21:30:00Z,2026-07-23T23:30:00+0200,208.68,MW,FR,FR,actual_solar_generation,Solar,2026-08-21T01:55:25Z
2026-08-21T01:53:59Z,2026-08-21T03:53:59+0200,dab098cd-e140-4c97-b435-f000c3ac97ba,2026-07-23T21:45:00Z,2026-07-23T23:45:00+0200,207.03,MW,FR,FR,actual_solar_generation,Solar,2026-08-21T01:55:25Z
2026-08-21T01:53:59Z,2026-08-21T03:53:59+0200,dab098cd-e140-4c97-b435-f000c3ac97ba,2026-07-23T22:00:00Z,2026-07-24T00:00:00+0200,0.0,MW,FR,FR,actual_solar_generation,Solar,2026-08-21T01:55:25Z
2026-08-21T01:53:59Z,2026-08-21T03:53:59+0200,dab098cd-e140-4c97-b435-f000c3ac97ba,2026-07-23T22:15:00Z,2026-07-24T00:15:00+0200,0.0,MW,FR,FR,actual_solar_generation,Solar,2026-08-21T01:55:25Z
2026-08-21T01:53:59Z,2026-08-21T03:53:59+0200,dab098cd-e140-4c97-b435-f000c3ac97ba,2026-07-23T22:30:00Z,2026-07-24T00:30:00+0200,0.0,MW,FR,FR,actual_solar_generation,Solar,2026-08-21T01:55:25Z
2026-08-21T01:53:59Z,2026-08-21T03:53:59+0200,dab098cd-e140-4c97-b435-f000c3ac97ba,2026-07-23T22:45:00Z,2026-07-24T00:45:00+0200,0.0,MW,FR,FR,actual_solar_generation,Solar,2026-08-21T01:55:25Z
2026-08-21T01:53:59Z,2026-08-21T03:53:59+0200,dab098cd-e140-4c97-b435-f000c3ac97ba,2026-07-23T23:00:00Z,2026-07-24T01:00:00+0200,0.0,MW,FR,FR,actual_solar_generation,Solar,2026-08-21T01:55:25Z
2026-08-21T01:53:59Z,2026-08-21T03:53:59+0200,dab098cd-e140-4c97-b435-f000c3ac97ba,2026-07-23T23:15:00Z,2026-07-24T01:15:00+0200,0.0,MW,FR,FR,actual_solar_generation,Solar,2026-08-21T01:55:25Z
2026-08-21T01:53:59Z,2026-08-21T03:53:59+0200,dab098cd-e140-4c97-b435-f000c3ac97ba,2026-07-23T23:30:00Z,2026-07-24T01:30:00+0200,0.0,MW,FR,FR,actual_solar_generation,Solar,2026-08-21T01:55:25Z
2026-08-21T01:53:59Z,2026-08-21T03:53:59+0200,dab098cd-e140-4c97-b435-f000c3ac97ba,2026-07-23T23:45:00Z,2026-07-24T01:45:00+0200,0.0,MW,FR,FR,actual_solar_generation,Solar,2026-08-21T01:55:25Z
2026-08-21T01:53:59Z,2026-08-21T03:53:59+0200,dab098cd-e140-4c97-b435-f000c3ac97ba,2026-07-24T00:00:00Z,2026-07-24T02:00:00+0200,0.0,MW,FR,FR,actual_solar_generation,Solar,2026-08-21T01:55:25Z
2026-08-21T01:53:59Z,2026-08-21T03:53:59+0200,dab098cd-e140-4c97-b435-f000c3ac97ba,2026-07-24T00:15:00Z,2026-07-24T02:15:00+0200,0.0,MW,FR,FR,actual_solar_generation,Solar,2026-08-21T01:55:25Z
2026-08-21T01:53:59Z,2026-08-21T03:53:59+0200,dab098cd-e140-4c97-b435-f000c3ac97ba,2026-07-24T00:30:00Z,2026-07-24T02:30:00+0200,0.0,MW,FR,FR,actual_solar_generation,Solar,2026-08-21T01:55:25Z
2026-08-21T01:53:59Z,2026-08-21T03:53:59+0200,dab098cd-e140-4c97-b435-f000c3ac97ba,2026-07-24T00:45:00Z,2026-07-24T02:45:00+0200,0.0,MW,FR,FR,actual_solar_generation,Solar,2026-08-21T01:55:25Z
2026-08-21T01:53:59Z,2026-08-21T03:53:59+0200,dab098cd-e140-4c97-b435-f000c3ac97ba,2026-07-24T01:00:00Z,2026-07-24T03:00:00+0200,0.0,MW,FR,FR,actual_solar_generation,Solar,2026-08-21T01:55:25Z
2026-08-21T01:53:59Z,2026-08-21T03:53:59+0200,dab098cd-e140-4c97-b435-f000c3ac97ba,2026-07-24T01:15:00Z,2026-07-24T03:15:00+0200,0.0,MW,FR,FR,actual_solar_generation,Solar,2026-08-21T01:55:25Z
2026-08-21T01:53:59Z,2026-08-21T03:53:59+0200,dab098cd-e140-4c97-b435-f000c3ac97ba,2026-07-24T01:30:00Z,2026-07-24T03:30:00+0200,0.0,MW,FR,FR,actual_solar_generation,Solar,2026-08-21T01:55:25Z
2026-08-21T01:53:59Z,2026-08-21T03:53:59+0200,dab098cd-e140-4c97-b435-f000c3ac97ba,2026-07-24T01:45:00Z,2026-07-24T03:45:00+0200,0.0,MW,FR,FR,actual_solar_generation,Solar,2026-08-21T01:55:25Z
2026-08-21T01:53:59Z,2026-08-21T03:53:59+0200,dab098cd-e140-4c97-b435-f000c3ac97ba,2026-07-24T02:00:00Z,2026-07-24T04:00:00+0200,0.0,MW,FR,FR,actual_solar_generation,Solar,2026-08-21T01:55:25Z
2026-08-21T01:53:59Z,2026-08-21T03:53:59+0200,dab098cd-e140-4c97-b435-f000c3ac97ba,2026-07-24T02:15:00Z,2026-07-24T04:15:00+0200,0.0,MW,FR,FR,actual_solar_generation,Solar,2026-08-21T01:55:25Z
2026-08-21T01:53:59Z,2026-08-21T03:53:59+0200,dab098cd-e140-4c97-b435-f000c3ac97ba,2026-07-24T02:30:00Z,2026-07-24T04:30:00+0200,0.0,MW,FR,FR,actual_solar_generation,Solar,2026-08-21T01:55:25Z
2026-08-21T01:53:59Z,2026-08-21T03:53:59+0200,dab098cd-e140-4c97-b435-f000c3ac97ba,2026-07-24T02:45:00Z,2026-07-24T04:45:00+0200,0.0,MW,FR,FR,actual_solar_generation,Solar,2026-08-21T01:55:25Z
2026-08-21T01:53:59Z,2026-08-21T03:53:59+0200,dab098cd-e140-4c97-b435-f000c3ac97ba,2026-07-24T03:00:00Z,2026-07-24T05:00:00+0200,200.98,MW,FR,FR,actual_solar_generation,Solar,2026-08-21T01:55:25Z
2026-08-21T01:53:59Z,2026-08-21T03:53:59+0200,dab098cd-e140-4c97-b435-f000c3ac97ba,2026-07-24T03:15:00Z,2026-07-24T05:15:00+0200,200.2,MW,FR,FR,actual_solar_generation,Solar,2026-08-21T01:55:25Z
2026-08-21T01:53:59Z,2026-08-21T03:53:59+0200,dab098cd-e140-4c97-b435-f000c3ac97ba,2026-07-24T03:30:00Z,2026-07-24T05:30:00+0200,200.7,MW,FR,FR,actual_solar_generation,Solar,2026-08-21T01:55:25Z
2026-08-21T01:53:59Z,2026-08-21T03:53:59+0200,dab098cd-e140-4c97-b435-f000c3ac97ba,2026-07-24T03:45:00Z,2026-07-24T05:45:00+0200,204.18,MW,FR,FR,actual_solar_generation,Solar,2026-08-21T01:55:25Z
2026-08-21T01:53:59Z,2026-08-21T03:53:59+0200,dab098cd-e140-4c97-b435-f000c3ac97ba,2026-07-24T04:00:00Z,2026-07-24T06:00:00+0200,220.44,MW,FR,FR,actual_solar_generation,Solar,2026-08-21T01:55:25Z
2026-08-21T01:53:59Z,2026-08-21T03:53:59+0200,dab098cd-e140-4c97-b435-f000c3ac97ba,2026-07-24T04:15:00Z,2026-07-24T06:15:00+0200,263.75,MW,FR,FR,actual_solar_generation,Solar,2026-08-21T01:55:25Z
2026-08-21T01:53:59Z,2026-08-21T03:53:59+0200,dab098cd-e140-4c97-b435-f000c3ac97ba,2026-07-24T04:30:00Z,2026-07-24T06:30:00+0200,361.08,MW,FR,FR,actual_solar_generation,Solar,2026-08-21T01:55:25Z
2026-08-21T01:53:59Z,2026-08-21T03:53:59+0200,dab098cd-e140-4c97-b435-f000c3ac97ba,2026-07-24T04:45:00Z,2026-07-24T06:45:00+0200,555.04,MW,FR,FR,actual_solar_generation,Solar,2026-08-21T01:55:25Z
2026-08-21T01:53:59Z,2026-08-21T03:53:59+0200,dab098cd-e140-4c97-b435-f000c3ac97ba,2026-07-24T05:00:00Z,2026-07-24T07:00:00+0200,848.42,MW,FR,FR,actual_solar_generation,Solar,2026-08-21T01:55:25Z
2026-08-21T01:53:59Z,2026-08-21T03:53:59+0200,dab098cd-e140-4c97-b435-f000c3ac97ba,2026-07-24T05:15:00Z,2026-07-24T07:15:00+0200,1241.34,MW,FR,FR,actual_solar_generation,Solar,2026-08-21T01:55:25Z
2026-08-21T01:53:59Z,2026-08-21T03:53:59+0200,dab098cd-e140-4c97-b435-f000c3ac97ba,2026-07-24T05:30:00Z,2026-07-24T07:30:00+0200,1822.49,MW,FR,FR,actual_solar_generation,Solar,2026-08-21T01:55:25Z
2026-08-21T01:53:59Z,2026-08-21T03:53:59+0200,dab098cd-e140-4c97-b435-f000c3ac97ba,2026-07-24T05:45:00Z,2026-07-24T07:45:00+0200,2626.08,MW,FR,FR,actual_solar_generation,Solar,2026-08-21T01:55:25Z
2026-08-21T01:53:59Z,2026-08-21T03:53:59+0200,dab098cd-e140-4c97-b435-f000c3ac97ba,2026-07-24T06:00:00Z,2026-07-24T08:00:00+0200,3502.51,MW,FR,FR,actual_solar_generation,Solar,2026-08-21T01:55:25Z
2026-08-21T01:53:59Z,2026-08-21T03:53:59+0200,dab098cd-e140-4c97-b435-f000c3ac97ba,2026-07-24T06:15:00Z,2026-07-24T08:15:00+0200,4582.07,MW,FR,FR,actual_solar_generation,Solar,2026-08-21T01:55:25Z
2026-08-21T01:53:59Z,2026-08-21T03:53:59+0200,dab098cd-e140-4c97-b435-f000c3ac97ba,2026-07-24T06:30:00Z,2026-07-24T08:30:00+0200,5738.04,MW,FR,FR,actual_solar_generation,Solar,2026-08-21T01:55:25Z
2026-08-21T01:53:59Z,2026-08-21T03:53:59+0200,dab098cd-e140-4c97-b435-f000c3ac97ba,2026-07-24T06:45:00Z,2026-07-24T08:45:00+0200,7003.87,MW,FR,FR,actual_solar_generation,Solar,2026-08-21T01:55:25Z
2026-08-21T01:53:59Z,2026-08-21T03:53:59+0200,dab098cd-e140-4c97-b435-f000c3ac97ba,2026-07-24T07:00:00Z,2026-07-24T09:00:00+0200,8334.84,MW,FR,FR,actual_solar_generation,Solar,2026-08-21T01:55:25Z
2026-08-21T01:53:59Z,2026-08-21T03:53:59+0200,dab098cd-e140-4c97-b435-f000c3ac97ba,2026-07-24T07:15:00Z,2026-07-24T09:15:00+0200,9724.21,MW,FR,FR,actual_solar_generation,Solar,2026-08-21T01:55:25Z
2026-08-21T01:53:59Z,2026-08-21T03:53:59+0200,dab098cd-e140-4c97-b435-f000c3ac97ba,2026-07-24T07:30:00Z,2026-07-24T09:30:00+0200,11045.31,MW,FR,FR,actual_solar_generation,Solar,2026-08-21T01:55:25Z
2026-08-21T01:53:59Z,2026-08-21T03:53:59+0200,dab098cd-e140-4c97-b435-f000c3ac97ba,2026-07-24T07:45:00Z,2026-07-24T09:45:00+0200,12301.76,MW,FR,FR,actual_solar_generation,Solar,2026-08-21T01:55:25Z
2026-08-21T01:53:59Z,2026-08-21T03:53:59+0200,dab098cd-e140-4c97-b435-f000c3ac97ba,2026-07-24T08:00:00Z,2026-07-24T10:00:00+0200,13499.62,MW,FR,FR,actual_solar_generation,Solar,2026-08-21T01:55:25Z
2026-08-21T01:53:59Z,2026-08-21T03:53:59+0200,dab098cd-e140-4c97-b435-f000c3ac97ba,2026-07-24T08:15:00Z,2026-07-24T10:15:00+0200,14694.96,MW,FR,FR,actual_solar_generation,Solar,2026-08-21T01:55:25Z
2026-08-21T01:53:59Z,2026-08-21T03:53:59+0200,dab098cd-e140-4c97-b435-f000c3ac97ba,2026-07-24T08:30:00Z,2026-07-24T10:30:00+0200,15728.18,MW,FR,FR,actual_solar_generation,Solar,2026-08-21T01:55:25Z
2026-08-21T01:53:59Z,2026-08-21T03:53:59+0200,dab098cd-e140-4c97-b435-f000c3ac97ba,2026-07-24T08:45:00Z,2026-07-24T10:45:00+0200,16683.89,MW,FR,FR,actual_solar_generation,Solar,2026-08-21T01:55:25Z
2026-08-21T01:53:59Z,2026-08-21T03:53:59+0200,dab098cd-e140-4c97-b435-f000c3ac97ba,2026-07-24T09:00:00Z,2026-07-24T11:00:00+0200,17578.52,MW,FR,FR,actual_solar_generation,Solar,2026-08-21T01:55:25Z
2026-08-21T01:53:59Z,2026-08-21T03:53:59+0200,dab098cd-e140-4c97-b435-f000c3ac97ba,2026-07-24T09:15:00Z,2026-07-24T11:15:00+0200,18334.42,MW,FR,FR,actual_solar_generation,Solar,2026-08-21T01:55:25Z
2026-08-21T01:53:59Z,2026-08-21T03:53:59+0200,dab098cd-e140-4c97-b435-f000c3ac97ba,2026-07-24T09:30:00Z,2026-07-24T11:30:00+0200,18965.36,MW,FR,FR,actual_solar_generation,Solar,2026-08-21T01:55:25Z
2026-08-21T01:53:59Z,2026-08-21T03:53:59+0200,dab098cd-e140-4c97-b435-f000c3ac97ba,2026-07-24T09:45:00Z,2026-07-24T11:45:00+0200,19456.98,MW,FR,FR,actual_solar_generation,Solar,2026-08-21T01:55:25Z
2026-08-21T01:53:59Z,2026-08-21T03:53:59+0200,dab098cd-e140-4c97-b435-f000c3ac97ba,2026-07-24T10:00:00Z,2026-07-24T12:00:00+0200,19953.61,MW,FR,FR,actual_solar_generation,Solar,2026-08-21T01:55:25Z
2026-08-21T01:53:59Z,2026-08-21T03:53:59+0200,dab098cd-e140-4c97-b435-f000c3ac97ba,2026-07-24T10:15:00Z,2026-07-24T12:15:00+0200,20525.49,MW,FR,FR,actual_solar_generation,Solar,2026-08-21T01:55:25Z
2026-08-21T01:53:59Z,2026-08-21T03:53:59+0200,dab098cd-e140-4c97-b435-f000c3ac97ba,2026-07-24T10:30:00Z,2026-07-24T12:30:00+0200,20822.83,MW,FR,FR,actual_solar_generation,Solar,2026-08-21T01:55:25Z
2026-08-21T01:53:59Z,2026-08-21T03:53:59+0200,dab098cd-e140-4c97-b435-f000c3ac97ba,2026-07-24T10:45:00Z,2026-07-24T12:45:00+0200,21038.83,MW,FR,FR,actual_solar_generation,Solar,2026-08-21T01:55:25Z
2026-08-21T01:53:59Z,2026-08-21T03:53:59+0200,dab098cd-e140-4c97-b435-f000c3ac97ba,2026-07-24T11:00:00Z,2026-07-24T13:00:00+0200,21234.38,MW,FR,FR,actual_solar_generation,Solar,2026-08-21T01:55:25Z
2026-08-21T01:53:59Z,2026-08-21T03:53:59+0200,dab098cd-e140-4c97-b435-f000c3ac97ba,2026-07-24T11:15:00Z,2026-07-24T13:15:00+0200,21315.8,MW,FR,FR,actual_solar_generation,Solar,2026-08-21T01:55:25Z
2026-08-21T01:53:59Z,2026-08-21T03:53:59+0200,dab098cd-e140-4c97-b435-f000c3ac97ba,2026-07-24T11:30:00Z,2026-07-24T13:30:00+0200,21424.39,MW,FR,FR,actual_solar_generation,Solar,2026-08-21T01:55:25Z
2026-08-21T01:53:59Z,2026-08-21T03:53:59+0200,dab098cd-e140-4c97-b435-f000c3ac97ba,2026-07-24T11:45:00Z,2026-07-24T13:45:00+0200,21424.18,MW,FR,FR,actual_solar_generation,Solar,2026-08-21T01:55:25Z
2026-08-21T01:53:59Z,2026-08-21T03:53:59+0200,dab098cd-e140-4c97-b435-f000c3ac97ba,2026-07-24T12:00:00Z,2026-07-24T14:00:00+0200,21370.98,MW,FR,FR,actual_solar_generation,Solar,2026-08-21T01:55:25Z
2026-08-21T01:53:59Z,2026-08-21T03:53:59+0200,dab098cd-e140-4c97-b435-f000c3ac97ba,2026-07-24T12:15:00Z,2026-07-24T14:15:00+0200,21219.1,MW,FR,FR,actual_solar_generation,Solar,2026-08-21T01:55:25Z
2026-08-21T01:53:59Z,2026-08-21T03:53:59+0200,dab098cd-e140-4c97-b435-f000c3ac97ba,2026-07-24T12:30:00Z,2026-07-24T14:30:00+0200,20975.7,MW,FR,FR,actual_solar_generation,Solar,2026-08-21T01:55:25Z
2026-08-21T01:53:59Z,2026-08-21T03:53:59+0200,dab098cd-e140-4c97-b435-f000c3ac97ba,2026-07-24T12:45:00Z,2026-07-24T14:45:00+0200,20811.23,MW,FR,FR,actual_solar_generation,Solar,2026-08-21T01:55:25Z
2026-08-21T01:53:59Z,2026-08-21T03:53:59+0200,dab098cd-e140-4c97-b435-f000c3ac97ba,2026-07-24T13:00:00Z,2026-07-24T15:00:00+0200,20520.9,MW,FR,FR,actual_solar_generation,Solar,2026-08-21T01:55:25Z
2026-08-21T01:53:59Z,2026-08-21T03:53:59+0200,dab098cd-e140-4c97-b435-f000c3ac97ba,2026-07-24T13:15:00Z,2026-07-24T15:15:00+0200,20192.66,MW,FR,FR,actual_solar_generation,Solar,2026-08-21T01:55:25Z
2026-08-21T01:53:59Z,2026-08-21T03:53:59+0200,dab098cd-e140-4c97-b435-f000c3ac97ba,2026-07-24T13:30:00Z,2026-07-24T15:30:00+0200,19838.49,MW,FR,FR,actual_solar_generation,Solar,2026-08-21T01:55:25Z
2026-08-21T01:53:59Z,2026-08-21T03:53:59+0200,dab098cd-e140-4c97-b435-f000c3ac97ba,2026-07-24T13:45:00Z,2026-07-24T15:45:00+0200,19380.74,MW,FR,FR,actual_solar_generation,Solar,2026-08-21T01:55:25Z
2026-08-21T01:53:59Z,2026-08-21T03:53:59+0200,dab098cd-e140-4c97-b435-f000c3ac97ba,2026-07-24T14:00:00Z,2026-07-24T16:00:00+0200,18922.75,MW,FR,FR,actual_solar_generation,Solar,2026-08-21T01:55:25Z
2026-08-21T01:53:59Z,2026-08-21T03:53:59+0200,dab098cd-e140-4c97-b435-f000c3ac97ba,2026-07-24T14:15:00Z,2026-07-24T16:15:00+0200,18340.89,MW,FR,FR,actual_solar_generation,Solar,2026-08-21T01:55:25Z
2026-08-21T01:53:59Z,2026-08-21T03:53:59+0200,dab098cd-e140-4c97-b435-f000c3ac97ba,2026-07-24T14:30:00Z,2026-07-24T16:30:00+0200,17641.97,MW,FR,FR,actual_solar_generation,Solar,2026-08-21T01:55:25Z
2026-08-21T01:53:59Z,2026-08-21T03:53:59+0200,dab098cd-e140-4c97-b435-f000c3ac97ba,2026-07-24T14:45:00Z,2026-07-24T16:45:00+0200,16850.37,MW,FR,FR,actual_solar_generation,Solar,2026-08-21T01:55:25Z
2026-08-21T01:53:59Z,2026-08-21T03:53:59+0200,dab098cd-e140-4c97-b435-f000c3ac97ba,2026-07-24T15:00:00Z,2026-07-24T17:00:00+0200,16089.7,MW,FR,FR,actual_solar_generation,Solar,2026-08-21T01:55:25Z
2026-08-21T01:53:59Z,2026-08-21T03:53:59+0200,dab098cd-e140-4c97-b435-f000c3ac97ba,2026-07-24T15:15:00Z,2026-07-24T17:15:00+0200,15178.78,MW,FR,FR,actual_solar_generation,Solar,2026-08-21T01:55:25Z
2026-08-21T01:53:59Z,2026-08-21T03:53:59+0200,dab098cd-e140-4c97-b435-f000c3ac97ba,2026-07-24T15:30:00Z,2026-07-24T17:30:00+0200,14193.66,MW,FR,FR,actual_solar_generation,Solar,2026-08-21T01:55:25Z
2026-08-21T01:53:59Z,2026-08-21T03:53:59+0200,dab098cd-e140-4c97-b435-f000c3ac97ba,2026-07-24T15:45:00Z,2026-07-24T17:45:00+0200,13122.92,MW,FR,FR,actual_solar_generation,Solar,2026-08-21T01:55:25Z
2026-08-21T01:53:59Z,2026-08-21T03:53:59+0200,dab098cd-e140-4c97-b435-f000c3ac97ba,2026-07-24T16:00:00Z,2026-07-24T18:00:00+0200,12008.92,MW,FR,FR,actual_solar_generation,Solar,2026-08-21T01:55:25Z
2026-08-21T01:53:59Z,2026-08-21T03:53:59+0200,dab098cd-e140-4c97-b435-f000c3ac97ba,2026-07-24T16:15:00Z,2026-07-24T18:15:00+0200,10826.93,MW,FR,FR,actual_solar_generation,Solar,2026-08-21T01:55:25Z
2026-08-21T01:53:59Z,2026-08-21T03:53:59+0200,dab098cd-e140-4c97-b435-f000c3ac97ba,2026-07-24T16:30:00Z,2026-07-24T18:30:00+0200,9610.81,MW,FR,FR,actual_solar_generation,Solar,2026-08-21T01:55:25Z
2026-08-21T01:53:59Z,2026-08-21T03:53:59+0200,dab098cd-e140-4c97-b435-f000c3ac97ba,2026-07-24T16:45:00Z,2026-07-24T18:45:00+0200,8335.46,MW,FR,FR,actual_solar_generation,Solar,2026-08-21T01:55:25Z
2026-08-21T01:53:59Z,2026-08-21T03:53:59+0200,dab098cd-e140-4c97-b435-f000c3ac97ba,2026-07-24T17:00:00Z,2026-07-24T19:00:00+0200,7064.65,MW,FR,FR,actual_solar_generation,Solar,2026-08-21T01:55:25Z
2026-08-21T01:53:59Z,2026-08-21T03:53:59+0200,dab098cd-e140-4c97-b435-f000c3ac97ba,2026-07-24T17:15:00Z,2026-07-24T19:15:00+0200,5806.86,MW,FR,FR,actual_solar_generation,Solar,2026-08-21T01:55:25Z
2026-08-21T01:53:59Z,2026-08-21T03:53:59+0200,dab098cd-e140-4c97-b435-f000c3ac97ba,2026-07-24T17:30:00Z,2026-07-24T19:30:00+0200,4619.31,MW,FR,FR,actual_solar_generation,Solar,2026-08-21T01:55:25Z
2026-08-21T01:53:59Z,2026-08-21T03:53:59+0200,dab098cd-e140-4c97-b435-f000c3ac97ba,2026-07-24T17:45:00Z,2026-07-24T19:45:00+0200,3600.89,MW,FR,FR,actual_solar_generation,Solar,2026-08-21T01:55:25Z
2026-08-21T01:53:59Z,2026-08-21T03:53:59+0200,dab098cd-e140-4c97-b435-f000c3ac97ba,2026-07-24T18:00:00Z,2026-07-24T20:00:00+0200,2667.61,MW,FR,FR,actual_solar_generation,Solar,2026-08-21T01:55:25Z
2026-08-21T01:53:59Z,2026-08-21T03:53:59+0200,dab098cd-e140-4c97-b435-f000c3ac97ba,2026-07-24T18:15:00Z,2026-07-24T20:15:00+0200,1935.92,MW,FR,FR,actual_solar_generation,Solar,2026-08-21T01:55:25Z
2026-08-21T01:53:59Z,2026-08-21T03:53:59+0200,dab098cd-e140-4c97-b435-f000c3ac97ba,2026-07-24T18:30:00Z,2026-07-24T20:30:00+0200,1367.1,MW,FR,FR,actual_solar_generation,Solar,2026-08-21T01:55:25Z
2026-08-21T01:53:59Z,2026-08-21T03:53:59+0200,dab098cd-e140-4c97-b435-f000c3ac97ba,2026-07-24T18:45:00Z,2026-07-24T20:45:00+0200,965.17,MW,FR,FR,actual_solar_generation,Solar,2026-08-21T01:55:25Z
2026-08-21T01:53:59Z,2026-08-21T03:53:59+0200,dab098cd-e140-4c97-b435-f000c3ac97ba,2026-07-24T19:00:00Z,2026-07-24T21:00:00+0200,634.84,MW,FR,FR,actual_solar_generation,Solar,2026-08-21T01:55:25Z
2026-08-21T01:53:59Z,2026-08-21T03:53:59+0200,dab098cd-e140-4c97-b435-f000c3ac97ba,2026-07-24T19:15:00Z,2026-07-24T21:15:00+0200,379.13,MW,FR,FR,actual_solar_generation,Solar,2026-08-21T01:55:25Z
2026-08-21T01:53:59Z,2026-08-21T03:53:59+0200,dab098cd-e140-4c97-b435-f000c3ac97ba,2026-07-24T19:30:00Z,2026-07-24T21:30:00+0200,250.35,MW,FR,FR,actual_solar_generation,Solar,2026-08-21T01:55:25Z
2026-08-21T01:53:59Z,2026-08-21T03:53:59+0200,dab098cd-e140-4c97-b435-f000c3ac97ba,2026-07-24T19:45:00Z,2026-07-24T21:45:00+0200,209.91,MW,FR,FR,actual_solar_generation,Solar,2026-08-21T01:55:25Z
2026-08-21T01:53:59Z,2026-08-21T03:53:59+0200,dab098cd-e140-4c97-b435-f000c3ac97ba,2026-07-24T20:00:00Z,2026-07-24T22:00:00+0200,201.12,MW,FR,FR,actual_solar_generation,Solar,2026-08-21T01:55:25Z
2026-08-21T01:53:59Z,2026-08-21T03:53:59+0200,dab098cd-e140-4c97-b435-f000c3ac97ba,2026-07-24T20:15:00Z,2026-07-24T22:15:00+0200,200.08,MW,FR,FR,actual_solar_generation,Solar,2026-08-21T01:55:25Z
2026-08-21T01:53:59Z,2026-08-21T03:53:59+0200,dab098cd-e140-4c97-b435-f000c3ac97ba,2026-07-24T20:30:00Z,2026-07-24T22:30:00+0200,199.04,MW,FR,FR,actual_solar_generation,Solar,2026-08-21T01:55:25Z
2026-08-21T01:53:59Z,2026-08-21T03:53:59+0200,dab098cd-e140-4c97-b435-f000c3ac97ba,2026-07-24T20:45:00Z,2026-07-24T22:45:00+0200,199.71,MW,FR,FR,actual_solar_generation,Solar,2026-08-21T01:55:25Z
2026-08-21T01:53:59Z,2026-08-21T03:53:59+0200,dab098cd-e140-4c97-b435-f000c3ac97ba,2026-07-24T21:00:00Z,2026-07-24T23:00:00+0200,198.66,MW,FR,FR,actual_solar_generation,Solar,2026-08-21T01:55:25Z
2026-08-21T01:53:59Z,2026-08-21T03:53:59+0200,dab098cd-e140-4c97-b435-f000c3ac97ba,2026-07-24T21:15:00Z,2026-07-24T23:15:00+0200,197.19,MW,FR,FR,actual_solar_generation,Solar,2026-08-21T01:55:25Z
2026-08-21T01:53:59Z,2026-08-21T03:53:59+0200,dab098cd-e140-4c97-b435-f000c3ac97ba,2026-07-24T21:30:00Z,2026-07-24T23:30:00+0200,198.1,MW,FR,FR,actual_solar_generation,Solar,2026-08-21T01:55:25Z
2026-08-21T01:53:59Z,2026-08-21T03:53:59+0200,dab098cd-e140-4c97-b435-f000c3ac97ba,2026-07-24T21:45:00Z,2026-07-24T23:45:00+0200,195.12,MW,FR,FR,actual_solar_generation,Solar,2026-08-21T01:55:25Z
2026-08-21T01:53:59Z,2026-08-21T03:53:59+0200,dab098cd-e140-4c97-b435-f000c3ac97ba,2026-07-24T22:00:00Z,2026-07-25T00:00:00+0200,0.0,MW,FR,FR,actual_solar_generation,Solar,2026-08-21T01:55:25Z
2026-08-21T01:53:59Z,2026-08-21T03:53:59+0200,dab098cd-e140-4c97-b435-f000c3ac97ba,2026-07-24T22:15:00Z,2026-07-25T00:15:00+0200,0.0,MW,FR,FR,actual_solar_generation,Solar,2026-08-21T01:55:25Z
2026-08-21T01:53:59Z,2026-08-21T03:53:59+0200,dab098cd-e140-4c97-b435-f000c3ac97ba,2026-07-24T22:30:00Z,2026-07-25T00:30:00+0200,0.0,MW,FR,FR,actual_solar_generation,Solar,2026-08-21T01:55:25Z
2026-08-21T01:53:59Z,2026-08-21T03:53:59+0200,dab098cd-e140-4c97-b435-f000c3ac97ba,2026-07-24T22:45:00Z,2026-07-25T00:45:00+0200,0.0,MW,FR,FR,actual_solar_generation,Solar,2026-08-21T01:55:25Z
2026-08-21T01:53:59Z,2026-08-21T03:53:59+0200,dab098cd-e140-4c97-b435-f000c3ac97ba,2026-07-24T23:00:00Z,2026-07-25T01:00:00+0200,0.0,MW,FR,FR,actual_solar_generation,Solar,2026-08-21T01:55:25Z
2026-08-21T01:53:59Z,2026-08-21T03:53:59+0200,dab098cd-e140-4c97-b435-f000c3ac97ba,2026-07-24T23:15:00Z,2026-07-25T01:15:00+0200,0.0,MW,FR,FR,actual_solar_generation,Solar,2026-08-21T01:55:25Z
2026-08-21T01:53:59Z,2026-08-21T03:53:59+0200,dab098cd-e140-4c97-b435-f000c3ac97ba,2026-07-24T23:30:00Z,2026-07-25T01:30:00+0200,0.0,MW,FR,FR,actual_solar_generation,Solar,2026-08-21T01:55:25Z
2026-08-21T01:53:59Z,2026-08-21T03:53:59+0200,dab098cd-e140-4c97-b435-f000c3ac97ba,2026-07-24T23:45:00Z,2026-07-25T01:45:00+0200,0.0,MW,FR,FR,actual_solar_generation,Solar,2026-08-21T01:55:25Z
2026-08-21T01:53:59Z,2026-08-21T03:53:59+0200,dab098cd-e140-4c97-b435-f000c3ac97ba,2026-07-25T00:00:00Z,2026-07-25T02:00:00+0200,0.0,MW,FR,FR,actual_solar_generation,Solar,2026-08-21T01:55:25Z
2026-08-21T01:53:59Z,2026-08-21T03:53:59+0200,dab098cd-e140-4c97-b435-f000c3ac97ba,2026-07-25T00:15:00Z,2026-07-25T02:15:00+0200,0.0,MW,FR,FR,actual_solar_generation,Solar,2026-08-21T01:55:25Z
2026-08-21T01:53:59Z,2026-08-21T03:53:59+0200,dab098cd-e140-4c97-b435-f000c3ac97ba,2026-07-25T00:30:00Z,2026-07-25T02:30:00+0200,0.0,MW,FR,FR,actual_solar_generation,Solar,2026-08-21T01:55:25Z
2026-08-21T01:53:59Z,2026-08-21T03:53:59+0200,dab098cd-e140-4c97-b435-f000c3ac97ba,2026-07-25T00:45:00Z,2026-07-25T02:45:00+0200,0.0,MW,FR,FR,actual_solar_generation,Solar,2026-08-21T01:55:25Z
2026-08-21T01:53:59Z,2026-08-21T03:53:59+0200,dab098cd-e140-4c97-b435-f000c3ac97ba,2026-07-25T01:00:00Z,2026-07-25T03:00:00+0200,0.0,MW,FR,FR,actual_solar_generation,Solar,2026-08-21T01:55:25Z
2026-08-21T01:53:59Z,2026-08-21T03:53:59+0200,dab098cd-e140-4c97-b435-f000c3ac97ba,2026-07-25T01:15:00Z,2026-07-25T03:15:00+0200,0.0,MW,FR,FR,actual_solar_generation,Solar,2026-08-21T01:55:25Z
2026-08-21T01:53:59Z,2026-08-21T03:53:59+0200,dab098cd-e140-4c97-b435-f000c3ac97ba,2026-07-25T01:30:00Z,2026-07-25T03:30:00+0200,0.0,MW,FR,FR,actual_solar_generation,Solar,2026-08-21T01:55:25Z
2026-08-21T01:53:59Z,2026-08-21T03:53:59+0200,dab098cd-e140-4c97-b435-f000c3ac97ba,2026-07-25T01:45:00Z,2026-07-25T03:45:00+0200,0.0,MW,FR,FR,actual_solar_generation,Solar,2026-08-21T01:55:25Z
2026-08-21T01:53:59Z,2026-08-21T03:53:59+0200,dab098cd-e140-4c97-b435-f000c3ac97ba,2026-07-25T02:00:00Z,2026-07-25T04:00:00+0200,0.0,MW,FR,FR,actual_solar_generation,Solar,2026-08-21T01:55:25Z
2026-08-21T01:53:59Z,2026-08-21T03:53:59+0200,dab098cd-e140-4c97-b435-f000c3ac97ba,2026-07-25T02:15:00Z,2026-07-25T04:15:00+0200,0.0,MW,FR,FR,actual_solar_generation,Solar,2026-08-21T01:55:25Z
2026-08-21T01:53:59Z,2026-08-21T03:53:59+0200,dab098cd-e140-4c97-b435-f000c3ac97ba,2026-07-25T02:30:00Z,2026-07-25T04:30:00+0200,0.0,MW,FR,FR,actual_solar_generation,Solar,2026-08-21T01:55:25Z
2026-08-21T01:53:59Z,2026-08-21T03:53:59+0200,dab098cd-e140-4c97-b435-f000c3ac97ba,2026-07-25T02:45:00Z,2026-07-25T04:45:00+0200,0.0,MW,FR,FR,actual_solar_generation,Solar,2026-08-21T01:55:25Z
2026-08-21T01:53:59Z,2026-08-21T03:53:59+0200,dab098cd-e140-4c97-b435-f000c3ac97ba,2026-07-25T03:00:00Z,2026-07-25T05:00:00+0200,188.16,MW,FR,FR,actual_solar_generation,Solar,2026-08-21T01:55:25Z
2026-08-21T01:53:59Z,2026-08-21T03:53:59+0200,dab098cd-e140-4c97-b435-f000c3ac97ba,2026-07-25T03:15:00Z,2026-07-25T05:15:00+0200,187.57,MW,FR,FR,actual_solar_generation,Solar,2026-08-21T01:55:25Z
2026-08-21T01:53:59Z,2026-08-21T03:53:59+0200,dab098cd-e140-4c97-b435-f000c3ac97ba,2026-07-25T03:30:00Z,2026-07-25T05:30:00+0200,187.16,MW,FR,FR,actual_solar_generation,Solar,2026-08-21T01:55:25Z
2026-08-21T01:53:59Z,2026-08-21T03:53:59+0200,dab098cd-e140-4c97-b435-f000c3ac97ba,2026-07-25T03:45:00Z,2026-07-25T05:45:00+0200,190.75,MW,FR,FR,actual_solar_generation,Solar,2026-08-21T01:55:25Z
2026-08-21T01:53:59Z,2026-08-21T03:53:59+0200,dab098cd-e140-4c97-b435-f000c3ac97ba,2026-07-25T04:00:00Z,2026-07-25T06:00:00+0200,207.22,MW,FR,FR,actual_solar_generation,Solar,2026-08-21T01:55:25Z
2026-08-21T01:53:59Z,2026-08-21T03:53:59+0200,dab098cd-e140-4c97-b435-f000c3ac97ba,2026-07-25T04:15:00Z,2026-07-25T06:15:00+0200,245.45,MW,FR,FR,actual_solar_generation,Solar,2026-08-21T01:55:25Z
2026-08-21T01:53:59Z,2026-08-21T03:53:59+0200,dab098cd-e140-4c97-b435-f000c3ac97ba,2026-07-25T04:30:00Z,2026-07-25T06:30:00+0200,331.43,MW,FR,FR,actual_solar_generation,Solar,2026-08-21T01:55:25Z
2026-08-21T01:53:59Z,2026-08-21T03:53:59+0200,dab098cd-e140-4c97-b435-f000c3ac97ba,2026-07-25T04:45:00Z,2026-07-25T06:45:00+0200,479.26,MW,FR,FR,actual_solar_generation,Solar,2026-08-21T01:55:25Z
2026-08-21T01:53:59Z,2026-08-21T03:53:59+0200,dab098cd-e140-4c97-b435-f000c3ac97ba,2026-07-25T05:00:00Z,2026-07-25T07:00:00+0200,705.39,MW,FR,FR,actual_solar_generation,Solar,2026-08-21T01:55:25Z
2026-08-21T01:53:59Z,2026-08-21T03:53:59+0200,dab098cd-e140-4c97-b435-f000c3ac97ba,2026-07-25T05:15:00Z,2026-07-25T07:15:00+0200,1014.05,MW,FR,FR,actual_solar_generation,Solar,2026-08-21T01:55:25Z
2026-08-21T01:53:59Z,2026-08-21T03:53:59+0200,dab098cd-e140-4c97-b435-f000c3ac97ba,2026-07-25T05:30:00Z,2026-07-25T07:30:00+0200,1447.22,MW,FR,FR,actual_solar_generation,Solar,2026-08-21T01:55:25Z
2026-08-21T01:53:59Z,2026-08-21T03:53:59+0200,dab098cd-e140-4c97-b435-f000c3ac97ba,2026-07-25T05:45:00Z,2026-07-25T07:45:00+0200,2036.4,MW,FR,FR,actual_solar_generation,Solar,2026-08-21T01:55:25Z
2026-08-21T01:53:59Z,2026-08-21T03:53:59+0200,dab098cd-e140-4c97-b435-f000c3ac97ba,2026-07-25T06:00:00Z,2026-07-25T08:00:00+0200,2773.51,MW,FR,FR,actual_solar_generation,Solar,2026-08-21T01:55:25Z
2026-08-21T01:53:59Z,2026-08-21T03:53:59+0200,dab098cd-e140-4c97-b435-f000c3ac97ba,2026-07-25T06:15:00Z,2026-07-25T08:15:00+0200,3382.01,MW,FR,FR,actual_solar_generation,Solar,2026-08-21T01:55:25Z
2026-08-21T01:53:59Z,2026-08-21T03:53:59+0200,dab098cd-e140-4c97-b435-f000c3ac97ba,2026-07-25T06:30:00Z,2026-07-25T08:30:00+0200,4259.23,MW,FR,FR,actual_solar_generation,Solar,2026-08-21T01:55:25Z
2026-08-21T01:53:59Z,2026-08-21T03:53:59+0200,dab098cd-e140-4c97-b435-f000c3ac97ba,2026-07-25T06:45:00Z,2026-07-25T08:45:00+0200,4879.51,MW,FR,FR,actual_solar_generation,Solar,2026-08-21T01:55:25Z
2026-08-21T01:53:59Z,2026-08-21T03:53:59+0200,dab098cd-e140-4c97-b435-f000c3ac97ba,2026-07-25T07:00:00Z,2026-07-25T09:00:00+0200,5559.1,MW,FR,FR,actual_solar_generation,Solar,2026-08-21T01:55:25Z
2026-08-21T01:53:59Z,2026-08-21T03:53:59+0200,dab098cd-e140-4c97-b435-f000c3ac97ba,2026-07-25T07:15:00Z,2026-07-25T09:15:00+0200,6518.27,MW,FR,FR,actual_solar_generation,Solar,2026-08-21T01:55:25Z
2026-08-21T01:53:59Z,2026-08-21T03:53:59+0200,dab098cd-e140-4c97-b435-f000c3ac97ba,2026-07-25T07:30:00Z,2026-07-25T09:30:00+0200,7378.99,MW,FR,FR,actual_solar_generation,Solar,2026-08-21T01:55:25Z
2026-08-21T01:53:59Z,2026-08-21T03:53:59+0200,dab098cd-e140-4c97-b435-f000c3ac97ba,2026-07-25T07:45:00Z,2026-07-25T09:45:00+0200,8264.19,MW,FR,FR,actual_solar_generation,Solar,2026-08-21T01:55:25Z
2026-08-21T01:53:59Z,2026-08-21T03:53:59+0200,dab098cd-e140-4c97-b435-f000c3ac97ba,2026-07-25T08:00:00Z,2026-07-25T10:00:00+0200,8312.15,MW,FR,FR,actual_solar_generation,Solar,2026-08-21T01:55:25Z
2026-08-21T01:53:59Z,2026-08-21T03:53:59+0200,dab098cd-e140-4c97-b435-f000c3ac97ba,2026-07-25T08:15:00Z,2026-07-25T10:15:00+0200,7740.49,MW,FR,FR,actual_solar_generation,Solar,2026-08-21T01:55:25Z
2026-08-21T01:53:59Z,2026-08-21T03:53:59+0200,dab098cd-e140-4c97-b435-f000c3ac97ba,2026-07-25T08:30:00Z,2026-07-25T10:30:00+0200,7760.9,MW,FR,FR,actual_solar_generation,Solar,2026-08-21T01:55:25Z
2026-08-21T01:53:59Z,2026-08-21T03:53:59+0200,dab098cd-e140-4c97-b435-f000c3ac97ba,2026-07-25T08:45:00Z,2026-07-25T10:45:00+0200,7184.93,MW,FR,FR,actual_solar_generation,Solar,2026-08-21T01:55:25Z
2026-08-21T01:53:59Z,2026-08-21T03:53:59+0200,dab098cd-e140-4c97-b435-f000c3ac97ba,2026-07-25T09:00:00Z,2026-07-25T11:00:00+0200,7520.22,MW,FR,FR,actual_solar_generation,Solar,2026-08-21T01:55:25Z
2026-08-21T01:53:59Z,2026-08-21T03:53:59+0200,dab098cd-e140-4c97-b435-f000c3ac97ba,2026-07-25T09:15:00Z,2026-07-25T11:15:00+0200,7813.52,MW,FR,FR,actual_solar_generation,Solar,2026-08-21T01:55:25Z
2026-08-21T01:53:59Z,2026-08-21T03:53:59+0200,dab098cd-e140-4c97-b435-f000c3ac97ba,2026-07-25T09:30:00Z,2026-07-25T11:30:00+0200,8124.81,MW,FR,FR,actual_solar_generation,Solar,2026-08-21T01:55:25Z
2026-08-21T01:53:59Z,2026-08-21T03:53:59+0200,dab098cd-e140-4c97-b435-f000c3ac97ba,2026-07-25T09:45:00Z,2026-07-25T11:45:00+0200,8274.39,MW,FR,FR,actual_solar_generation,Solar,2026-08-21T01:55:25Z
2026-08-21T01:53:59Z,2026-08-21T03:53:59+0200,dab098cd-e140-4c97-b435-f000c3ac97ba,2026-07-25T10:00:00Z,2026-07-25T12:00:00+0200,8448.81,MW,FR,FR,actual_solar_generation,Solar,2026-08-21T01:55:25Z
2026-08-21T01:53:59Z,2026-08-21T03:53:59+0200,dab098cd-e140-4c97-b435-f000c3ac97ba,2026-07-25T10:15:00Z,2026-07-25T12:15:00+0200,8793.2,MW,FR,FR,actual_solar_generation,Solar,2026-08-21T01:55:25Z
2026-08-21T01:53:59Z,2026-08-21T03:53:59+0200,dab098cd-e140-4c97-b435-f000c3ac97ba,2026-07-25T10:30:00Z,2026-07-25T12:30:00+0200,8918.12,MW,FR,FR,actual_solar_generation,Solar,2026-08-21T01:55:25Z
2026-08-21T01:53:59Z,2026-08-21T03:53:59+0200,dab098cd-e140-4c97-b435-f000c3ac97ba,2026-07-25T10:45:00Z,2026-07-25T12:45:00+0200,9032.91,MW,FR,FR,actual_solar_generation,Solar,2026-08-21T01:55:25Z
2026-08-21T01:53:59Z,2026-08-21T03:53:59+0200,dab098cd-e140-4c97-b435-f000c3ac97ba,2026-07-25T11:00:00Z,2026-07-25T13:00:00+0200,9060.1,MW,FR,FR,actual_solar_generation,Solar,2026-08-21T01:55:25Z
2026-08-21T01:53:59Z,2026-08-21T03:53:59+0200,dab098cd-e140-4c97-b435-f000c3ac97ba,2026-07-25T11:15:00Z,2026-07-25T13:15:00+0200,9002.8,MW,FR,FR,actual_solar_generation,Solar,2026-08-21T01:55:25Z
2026-08-21T01:53:59Z,2026-08-21T03:53:59+0200,dab098cd-e140-4c97-b435-f000c3ac97ba,2026-07-25T11:30:00Z,2026-07-25T13:30:00+0200,9093.18,MW,FR,FR,actual_solar_generation,Solar,2026-08-21T01:55:25Z
2026-08-21T01:53:59Z,2026-08-21T03:53:59+0200,dab098cd-e140-4c97-b435-f000c3ac97ba,2026-07-25T11:45:00Z,2026-07-25T13:45:00+0200,8997.03,MW,FR,FR,actual_solar_generation,Solar,2026-08-21T01:55:25Z
2026-08-21T01:53:59Z,2026-08-21T03:53:59+0200,dab098cd-e140-4c97-b435-f000c3ac97ba,2026-07-25T12:00:00Z,2026-07-25T14:00:00+0200,9007.07,MW,FR,FR,actual_solar_generation,Solar,2026-08-21T01:55:25Z
2026-08-21T01:53:59Z,2026-08-21T03:53:59+0200,dab098cd-e140-4c97-b435-f000c3ac97ba,2026-07-25T12:15:00Z,2026-07-25T14:15:00+0200,8972.77,MW,FR,FR,actual_solar_generation,Solar,2026-08-21T01:55:25Z
2026-08-21T01:53:59Z,2026-08-21T03:53:59+0200,dab098cd-e140-4c97-b435-f000c3ac97ba,2026-07-25T12:30:00Z,2026-07-25T14:30:00+0200,8827.53,MW,FR,FR,actual_solar_generation,Solar,2026-08-21T01:55:25Z
2026-08-21T01:53:59Z,2026-08-21T03:53:59+0200,dab098cd-e140-4c97-b435-f000c3ac97ba,2026-07-25T12:45:00Z,2026-07-25T14:45:00+0200,8773.98,MW,FR,FR,actual_solar_generation,Solar,2026-08-21T01:55:25Z
2026-08-21T01:53:59Z,2026-08-21T03:53:59+0200,dab098cd-e140-4c97-b435-f000c3ac97ba,2026-07-25T13:00:00Z,2026-07-25T15:00:00+0200,8643.93,MW,FR,FR,actual_solar_generation,Solar,2026-08-21T01:55:25Z
2026-08-21T01:53:59Z,2026-08-21T03:53:59+0200,dab098cd-e140-4c97-b435-f000c3ac97ba,2026-07-25T13:15:00Z,2026-07-25T15:15:00+0200,8585.3,MW,FR,FR,actual_solar_generation,Solar,2026-08-21T01:55:25Z
2026-08-21T01:53:59Z,2026-08-21T03:53:59+0200,dab098cd-e140-4c97-b435-f000c3ac97ba,2026-07-25T13:30:00Z,2026-07-25T15:30:00+0200,8368.74,MW,FR,FR,actual_solar_generation,Solar,2026-08-21T01:55:25Z
2026-08-21T01:53:59Z,2026-08-21T03:53:59+0200,dab098cd-e140-4c97-b435-f000c3ac97ba,2026-07-25T13:45:00Z,2026-07-25T15:45:00+0200,8023.58,MW,FR,FR,actual_solar_generation,Solar,2026-08-21T01:55:25Z
2026-08-21T01:53:59Z,2026-08-21T03:53:59+0200,dab098cd-e140-4c97-b435-f000c3ac97ba,2026-07-25T14:00:00Z,2026-07-25T16:00:00+0200,7781.62,MW,FR,FR,actual_solar_generation,Solar,2026-08-21T01:55:25Z
2026-08-21T01:53:59Z,2026-08-21T03:53:59+0200,dab098cd-e140-4c97-b435-f000c3ac97ba,2026-07-25T14:15:00Z,2026-07-25T16:15:00+0200,7629.52,MW,FR,FR,actual_solar_generation,Solar,2026-08-21T01:55:25Z
2026-08-21T01:53:59Z,2026-08-21T03:53:59+0200,dab098cd-e140-4c97-b435-f000c3ac97ba,2026-07-25T14:30:00Z,2026-07-25T16:30:00+0200,8251.39,MW,FR,FR,actual_solar_generation,Solar,2026-08-21T01:55:25Z
2026-08-21T01:53:59Z,2026-08-21T03:53:59+0200,dab098cd-e140-4c97-b435-f000c3ac97ba,2026-07-25T14:45:00Z,2026-07-25T16:45:00+0200,8577.46,MW,FR,FR,actual_solar_generation,Solar,2026-08-21T01:55:25Z
2026-08-21T01:53:59Z,2026-08-21T03:53:59+0200,dab098cd-e140-4c97-b435-f000c3ac97ba,2026-07-25T15:00:00Z,2026-07-25T17:00:00+0200,8012.6,MW,FR,FR,actual_solar_generation,Solar,2026-08-21T01:55:25Z
2026-08-21T01:53:59Z,2026-08-21T03:53:59+0200,dab098cd-e140-4c97-b435-f000c3ac97ba,2026-07-25T15:15:00Z,2026-07-25T17:15:00+0200,8709.02,MW,FR,FR,actual_solar_generation,Solar,2026-08-21T01:55:25Z
2026-08-21T01:53:59Z,2026-08-21T03:53:59+0200,dab098cd-e140-4c97-b435-f000c3ac97ba,2026-07-25T15:30:00Z,2026-07-25T17:30:00+0200,9181.95,MW,FR,FR,actual_solar_generation,Solar,2026-08-21T01:55:25Z
2026-08-21T01:53:59Z,2026-08-21T03:53:59+0200,dab098cd-e140-4c97-b435-f000c3ac97ba,2026-07-25T15:45:00Z,2026-07-25T17:45:00+0200,8467.18,MW,FR,FR,actual_solar_generation,Solar,2026-08-21T01:55:25Z
2026-08-21T01:53:59Z,2026-08-21T03:53:59+0200,dab098cd-e140-4c97-b435-f000c3ac97ba,2026-07-25T16:00:00Z,2026-07-25T18:00:00+0200,7639.98,MW,FR,FR,actual_solar_generation,Solar,2026-08-21T01:55:25Z
2026-08-21T01:53:59Z,2026-08-21T03:53:59+0200,dab098cd-e140-4c97-b435-f000c3ac97ba,2026-07-25T16:15:00Z,2026-07-25T18:15:00+0200,6759.27,MW,FR,FR,actual_solar_generation,Solar,2026-08-21T01:55:25Z
2026-08-21T01:53:59Z,2026-08-21T03:53:59+0200,dab098cd-e140-4c97-b435-f000c3ac97ba,2026-07-25T16:30:00Z,2026-07-25T18:30:00+0200,6025.83,MW,FR,FR,actual_solar_generation,Solar,2026-08-21T01:55:25Z
2026-08-21T01:53:59Z,2026-08-21T03:53:59+0200,dab098cd-e140-4c97-b435-f000c3ac97ba,2026-07-25T16:45:00Z,2026-07-25T18:45:00+0200,5326.78,MW,FR,FR,actual_solar_generation,Solar,2026-08-21T01:55:25Z
2026-08-21T01:53:59Z,2026-08-21T03:53:59+0200,dab098cd-e140-4c97-b435-f000c3ac97ba,2026-07-25T17:00:00Z,2026-07-25T19:00:00+0200,4570.15,MW,FR,FR,actual_solar_generation,Solar,2026-08-21T01:55:25Z
2026-08-21T01:53:59Z,2026-08-21T03:53:59+0200,dab098cd-e140-4c97-b435-f000c3ac97ba,2026-07-25T17:15:00Z,2026-07-25T19:15:00+0200,3859.85,MW,FR,FR,actual_solar_generation,Solar,2026-08-21T01:55:25Z
2026-08-21T01:53:59Z,2026-08-21T03:53:59+0200,dab098cd-e140-4c97-b435-f000c3ac97ba,2026-07-25T17:30:00Z,2026-07-25T19:30:00+0200,3182.74,MW,FR,FR,actual_solar_generation,Solar,2026-08-21T01:55:25Z
2026-08-21T01:53:59Z,2026-08-21T03:53:59+0200,dab098cd-e140-4c97-b435-f000c3ac97ba,2026-07-25T17:45:00Z,2026-07-25T19:45:00+0200,2607.65,MW,FR,FR,actual_solar_generation,Solar,2026-08-21T01:55:25Z
2026-08-21T01:53:59Z,2026-08-21T03:53:59+0200,dab098cd-e140-4c97-b435-f000c3ac97ba,2026-07-25T18:00:00Z,2026-07-25T20:00:00+0200,2027.31,MW,FR,FR,actual_solar_generation,Solar,2026-08-21T01:55:25Z
2026-08-21T01:53:59Z,2026-08-21T03:53:59+0200,dab098cd-e140-4c97-b435-f000c3ac97ba,2026-07-25T18:15:00Z,2026-07-25T20:15:00+0200,1518.45,MW,FR,FR,actual_solar_generation,Solar,2026-08-21T01:55:25Z
2026-08-21T01:53:59Z,2026-08-21T03:53:59+0200,dab098cd-e140-4c97-b435-f000c3ac97ba,2026-07-25T18:30:00Z,2026-07-25T20:30:00+0200,1100.3,MW,FR,FR,actual_solar_generation,Solar,2026-08-21T01:55:25Z
2026-08-21T01:53:59Z,2026-08-21T03:53:59+0200,dab098cd-e140-4c97-b435-f000c3ac97ba,2026-07-25T18:45:00Z,2026-07-25T20:45:00+0200,784.36,MW,FR,FR,actual_solar_generation,Solar,2026-08-21T01:55:25Z
2026-08-21T01:53:59Z,2026-08-21T03:53:59+0200,dab098cd-e140-4c97-b435-f000c3ac97ba,2026-07-25T19:00:00Z,2026-07-25T21:00:00+0200,541.07,MW,FR,FR,actual_solar_generation,Solar,2026-08-21T01:55:25Z
2026-08-21T01:53:59Z,2026-08-21T03:53:59+0200,dab098cd-e140-4c97-b435-f000c3ac97ba,2026-07-25T19:15:00Z,2026-07-25T21:15:00+0200,345.29,MW,FR,FR,actual_solar_generation,Solar,2026-08-21T01:55:25Z
2026-08-21T01:53:59Z,2026-08-21T03:53:59+0200,dab098cd-e140-4c97-b435-f000c3ac97ba,2026-07-25T19:30:00Z,2026-07-25T21:30:00+0200,235.4,MW,FR,FR,actual_solar_generation,Solar,2026-08-21T01:55:25Z
2026-08-21T01:53:59Z,2026-08-21T03:53:59+0200,dab098cd-e140-4c97-b435-f000c3ac97ba,2026-07-25T19:45:00Z,2026-07-25T21:45:00+0200,200.26,MW,FR,FR,actual_solar_generation,Solar,2026-08-21T01:55:25Z
2026-08-21T01:53:59Z,2026-08-21T03:53:59+0200,dab098cd-e140-4c97-b435-f000c3ac97ba,2026-07-25T20:00:00Z,2026-07-25T22:00:00+0200,195.34,MW,FR,FR,actual_solar_generation,Solar,2026-08-21T01:55:25Z
2026-08-21T01:53:59Z,2026-08-21T03:53:59+0200,dab098cd-e140-4c97-b435-f000c3ac97ba,2026-07-25T20:15:00Z,2026-07-25T22:15:00+0200,195.04,MW,FR,FR,actual_solar_generation,Solar,2026-08-21T01:55:25Z
2026-08-21T01:53:59Z,2026-08-21T03:53:59+0200,dab098cd-e140-4c97-b435-f000c3ac97ba,2026-07-25T20:30:00Z,2026-07-25T22:30:00+0200,195.29,MW,FR,FR,actual_solar_generation,Solar,2026-08-21T01:55:25Z
2026-08-21T01:53:59Z,2026-08-21T03:53:59+0200,dab098cd-e140-4c97-b435-f000c3ac97ba,2026-07-25T20:45:00Z,2026-07-25T22:45:00+0200,193.34,MW,FR,FR,actual_solar_generation,Solar,2026-08-21T01:55:25Z
2026-08-21T01:53:59Z,2026-08-21T03:53:59+0200,dab098cd-e140-4c97-b435-f000c3ac97ba,2026-07-25T21:00:00Z,2026-07-25T23:00:00+0200,194.04,MW,FR,FR,actual_solar_generation,Solar,2026-08-21T01:55:25Z
2026-08-21T01:53:59Z,2026-08-21T03:53:59+0200,dab098cd-e140-4c97-b435-f000c3ac97ba,2026-07-25T21:15:00Z,2026-07-25T23:15:00+0200,192.54,MW,FR,FR,actual_solar_generation,Solar,2026-08-21T01:55:25Z
2026-08-21T01:53:59Z,2026-08-21T03:53:59+0200,dab098cd-e140-4c97-b435-f000c3ac97ba,2026-07-25T21:30:00Z,2026-07-25T23:30:00+0200,191.51,MW,FR,FR,actual_solar_generation,Solar,2026-08-21T01:55:25Z
2026-08-21T01:53:59Z,2026-08-21T03:53:59+0200,dab098cd-e140-4c97-b435-f000c3ac97ba,2026-07-25T21:45:00Z,2026-07-25T23:45:00+0200,193.52,MW,FR,FR,actual_solar_generation,Solar,2026-08-21T01:55:25Z
2026-08-21T01:53:59Z,2026-08-21T03:53:59+0200,dab098cd-e140-4c97-b435-f000c3ac97ba,2026-07-25T22:00:00Z,2026-07-26T00:00:00+0200,0.0,MW,FR,FR,actual_solar_generation,Solar,2026-08-21T01:55:25Z
2026-08-21T01:53:59Z,2026-08-21T03:53:59+0200,dab098cd-e140-4c97-b435-f000c3ac97ba,2026-07-25T22:15:00Z,2026-07-26T00:15:00+0200,0.0,MW,FR,FR,actual_solar_generation,Solar,2026-08-21T01:55:25Z
2026-08-21T01:53:59Z,2026-08-21T03:53:59+0200,dab098cd-e140-4c97-b435-f000c3ac97ba,2026-07-25T22:30:00Z,2026-07-26T00:30:00+0200,0.0,MW,FR,FR,actual_solar_generation,Solar,2026-08-21T01:55:25Z
2026-08-21T01:53:59Z,2026-08-21T03:53:59+0200,dab098cd-e140-4c97-b435-f000c3ac97ba,2026-07-25T22:45:00Z,2026-07-26T00:45:00+0200,0.0,MW,FR,FR,actual_solar_generation,Solar,2026-08-21T01:55:25Z
2026-08-21T01:53:59Z,2026-08-21T03:53:59+0200,dab098cd-e140-4c97-b435-f000c3ac97ba,2026-07-25T23:00:00Z,2026-07-26T01:00:00+0200,0.0,MW,FR,FR,actual_solar_generation,Solar,2026-08-21T01:55:25Z
2026-08-21T01:53:59Z,2026-08-21T03:53:59+0200,dab098cd-e140-4c97-b435-f000c3ac97ba,2026-07-25T23:15:00Z,2026-07-26T01:15:00+0200,0.0,MW,FR,FR,actual_solar_generation,Solar,2026-08-21T01:55:25Z
2026-08-21T01:53:59Z,2026-08-21T03:53:59+0200,dab098cd-e140-4c97-b435-f000c3ac97ba,2026-07-25T23:30:00Z,2026-07-26T01:30:00+0200,0.0,MW,FR,FR,actual_solar_generation,Solar,2026-08-21T01:55:25Z
2026-08-21T01:53:59Z,2026-08-21T03:53:59+0200,dab098cd-e140-4c97-b435-f000c3ac97ba,2026-07-25T23:45:00Z,2026-07-26T01:45:00+0200,0.0,MW,FR,FR,actual_solar_generation,Solar,2026-08-21T01:55:25Z
2026-08-21T01:53:59Z,2026-08-21T03:53:59+0200,dab098cd-e140-4c97-b435-f000c3ac97ba,2026-07-26T00:00:00Z,2026-07-26T02:00:00+0200,0.0,MW,FR,FR,actual_solar_generation,Solar,2026-08-21T01:55:25Z
2026-08-21T01:53:59Z,2026-08-21T03:53:59+0200,dab098cd-e140-4c97-b435-f000c3ac97ba,2026-07-26T00:15:00Z,2026-07-26T02:15:00+0200,0.0,MW,FR,FR,actual_solar_generation,Solar,2026-08-21T01:55:25Z
2026-08-21T01:53:59Z,2026-08-21T03:53:59+0200,dab098cd-e140-4c97-b435-f000c3ac97ba,2026-07-26T00:30:00Z,2026-07-26T02:30:00+0200,0.0,MW,FR,FR,actual_solar_generation,Solar,2026-08-21T01:55:25Z
2026-08-21T01:53:59Z,2026-08-21T03:53:59+0200,dab098cd-e140-4c97-b435-f000c3ac97ba,2026-07-26T00:45:00Z,2026-07-26T02:45:00+0200,0.0,MW,FR,FR,actual_solar_generation,Solar,2026-08-21T01:55:25Z
2026-08-21T01:53:59Z,2026-08-21T03:53:59+0200,dab098cd-e140-4c97-b435-f000c3ac97ba,2026-07-26T01:00:00Z,2026-07-26T03:00:00+0200,0.0,MW,FR,FR,actual_solar_generation,Solar,2026-08-21T01:55:25Z
2026-08-21T01:53:59Z,2026-08-21T03:53:59+0200,dab098cd-e140-4c97-b435-f000c3ac97ba,2026-07-26T01:15:00Z,2026-07-26T03:15:00+0200,0.0,MW,FR,FR,actual_solar_generation,Solar,2026-08-21T01:55:25Z
2026-08-21T01:53:59Z,2026-08-21T03:53:59+0200,dab098cd-e140-4c97-b435-f000c3ac97ba,2026-07-26T01:30:00Z,2026-07-26T03:30:00+0200,0.0,MW,FR,FR,actual_solar_generation,Solar,2026-08-21T01:55:25Z
2026-08-21T01:53:59Z,2026-08-21T03:53:59+0200,dab098cd-e140-4c97-b435-f000c3ac97ba,2026-07-26T01:45:00Z,2026-07-26T03:45:00+0200,0.0,MW,FR,FR,actual_solar_generation,Solar,2026-08-21T01:55:25Z
2026-08-21T01:53:59Z,2026-08-21T03:53:59+0200,dab098cd-e140-4c97-b435-f000c3ac97ba,2026-07-26T02:00:00Z,2026-07-26T04:00:00+0200,0.0,MW,FR,FR,actual_solar_generation,Solar,2026-08-21T01:55:25Z
2026-08-21T01:53:59Z,2026-08-21T03:53:59+0200,dab098cd-e140-4c97-b435-f000c3ac97ba,2026-07-26T02:15:00Z,2026-07-26T04:15:00+0200,0.0,MW,FR,FR,actual_solar_generation,Solar,2026-08-21T01:55:25Z
2026-08-21T01:53:59Z,2026-08-21T03:53:59+0200,dab098cd-e140-4c97-b435-f000c3ac97ba,2026-07-26T02:30:00Z,2026-07-26T04:30:00+0200,0.0,MW,FR,FR,actual_solar_generation,Solar,2026-08-21T01:55:25Z
2026-08-21T01:53:59Z,2026-08-21T03:53:59+0200,dab098cd-e140-4c97-b435-f000c3ac97ba,2026-07-26T02:45:00Z,2026-07-26T04:45:00+0200,0.0,MW,FR,FR,actual_solar_generation,Solar,2026-08-21T01:55:25Z
2026-08-21T01:53:59Z,2026-08-21T03:53:59+0200,dab098cd-e140-4c97-b435-f000c3ac97ba,2026-07-26T03:00:00Z,2026-07-26T05:00:00+0200,187.01,MW,FR,FR,actual_solar_generation,Solar,2026-08-21T01:55:25Z
2026-08-21T01:53:59Z,2026-08-21T03:53:59+0200,dab098cd-e140-4c97-b435-f000c3ac97ba,2026-07-26T03:15:00Z,2026-07-26T05:15:00+0200,187.79,MW,FR,FR,actual_solar_generation,Solar,2026-08-21T01:55:25Z
2026-08-21T01:53:59Z,2026-08-21T03:53:59+0200,dab098cd-e140-4c97-b435-f000c3ac97ba,2026-07-26T03:30:00Z,2026-07-26T05:30:00+0200,187.25,MW,FR,FR,actual_solar_generation,Solar,2026-08-21T01:55:25Z
2026-08-21T01:53:59Z,2026-08-21T03:53:59+0200,dab098cd-e140-4c97-b435-f000c3ac97ba,2026-07-26T03:45:00Z,2026-07-26T05:45:00+0200,189.86,MW,FR,FR,actual_solar_generation,Solar,2026-08-21T01:55:25Z
2026-08-21T01:53:59Z,2026-08-21T03:53:59+0200,dab098cd-e140-4c97-b435-f000c3ac97ba,2026-07-26T04:00:00Z,2026-07-26T06:00:00+0200,202.49,MW,FR,FR,actual_solar_generation,Solar,2026-08-21T01:55:25Z
2026-08-21T01:53:59Z,2026-08-21T03:53:59+0200,dab098cd-e140-4c97-b435-f000c3ac97ba,2026-07-26T04:15:00Z,2026-07-26T06:15:00+0200,241.84,MW,FR,FR,actual_solar_generation,Solar,2026-08-21T01:55:25Z
2026-08-21T01:53:59Z,2026-08-21T03:53:59+0200,dab098cd-e140-4c97-b435-f000c3ac97ba,2026-07-26T04:30:00Z,2026-07-26T06:30:00+0200,324.1,MW,FR,FR,actual_solar_generation,Solar,2026-08-21T01:55:25Z
2026-08-21T01:53:59Z,2026-08-21T03:53:59+0200,dab098cd-e140-4c97-b435-f000c3ac97ba,2026-07-26T04:45:00Z,2026-07-26T06:45:00+0200,465.83,MW,FR,FR,actual_solar_generation,Solar,2026-08-21T01:55:25Z
2026-08-21T01:53:59Z,2026-08-21T03:53:59+0200,dab098cd-e140-4c97-b435-f000c3ac97ba,2026-07-26T05:00:00Z,2026-07-26T07:00:00+0200,665.07,MW,FR,FR,actual_solar_generation,Solar,2026-08-21T01:55:25Z
2026-08-21T01:53:59Z,2026-08-21T03:53:59+0200,dab098cd-e140-4c97-b435-f000c3ac97ba,2026-07-26T05:15:00Z,2026-07-26T07:15:00+0200,941.41,MW,FR,FR,actual_solar_generation,Solar,2026-08-21T01:55:25Z
2026-08-21T01:53:59Z,2026-08-21T03:53:59+0200,dab098cd-e140-4c97-b435-f000c3ac97ba,2026-07-26T05:30:00Z,2026-07-26T07:30:00+0200,1312.32,MW,FR,FR,actual_solar_generation,Solar,2026-08-21T01:55:25Z
2026-08-21T01:53:59Z,2026-08-21T03:53:59+0200,dab098cd-e140-4c97-b435-f000c3ac97ba,2026-07-26T05:45:00Z,2026-07-26T07:45:00+0200,1827.52,MW,FR,FR,actual_solar_generation,Solar,2026-08-21T01:55:25Z
2026-08-21T01:53:59Z,2026-08-21T03:53:59+0200,dab098cd-e140-4c97-b435-f000c3ac97ba,2026-07-26T06:00:00Z,2026-07-26T08:00:00+0200,2485.35,MW,FR,FR,actual_solar_generation,Solar,2026-08-21T01:55:25Z
2026-08-21T01:53:59Z,2026-08-21T03:53:59+0200,dab098cd-e140-4c97-b435-f000c3ac97ba,2026-07-26T06:15:00Z,2026-07-26T08:15:00+0200,3070.44,MW,FR,FR,actual_solar_generation,Solar,2026-08-21T01:55:25Z
2026-08-21T01:53:59Z,2026-08-21T03:53:59+0200,dab098cd-e140-4c97-b435-f000c3ac97ba,2026-07-26T06:30:00Z,2026-07-26T08:30:00+0200,3936.56,MW,FR,FR,actual_solar_generation,Solar,2026-08-21T01:55:25Z
2026-08-21T01:53:59Z,2026-08-21T03:53:59+0200,dab098cd-e140-4c97-b435-f000c3ac97ba,2026-07-26T06:45:00Z,2026-07-26T08:45:00+0200,4568.11,MW,FR,FR,actual_solar_generation,Solar,2026-08-21T01:55:25Z
2026-08-21T01:53:59Z,2026-08-21T03:53:59+0200,dab098cd-e140-4c97-b435-f000c3ac97ba,2026-07-26T07:00:00Z,2026-07-26T09:00:00+0200,4757.03,MW,FR,FR,actual_solar_generation,Solar,2026-08-21T01:55:25Z
2026-08-21T01:53:59Z,2026-08-21T03:53:59+0200,dab098cd-e140-4c97-b435-f000c3ac97ba,2026-07-26T07:15:00Z,2026-07-26T09:15:00+0200,4622.43,MW,FR,FR,actual_solar_generation,Solar,2026-08-21T01:55:25Z
2026-08-21T01:53:59Z,2026-08-21T03:53:59+0200,dab098cd-e140-4c97-b435-f000c3ac97ba,2026-07-26T07:30:00Z,2026-07-26T09:30:00+0200,5078.28,MW,FR,FR,actual_solar_generation,Solar,2026-08-21T01:55:25Z
2026-08-21T01:53:59Z,2026-08-21T03:53:59+0200,dab098cd-e140-4c97-b435-f000c3ac97ba,2026-07-26T07:45:00Z,2026-07-26T09:45:00+0200,5413.77,MW,FR,FR,actual_solar_generation,Solar,2026-08-21T01:55:25Z
2026-08-21T01:53:59Z,2026-08-21T03:53:59+0200,dab098cd-e140-4c97-b435-f000c3ac97ba,2026-07-26T08:00:00Z,2026-07-26T10:00:00+0200,5925.33,MW,FR,FR,actual_solar_generation,Solar,2026-08-21T01:55:25Z
2026-08-21T01:53:59Z,2026-08-21T03:53:59+0200,dab098cd-e140-4c97-b435-f000c3ac97ba,2026-07-26T08:15:00Z,2026-07-26T10:15:00+0200,6581.6,MW,FR,FR,actual_solar_generation,Solar,2026-08-21T01:55:25Z
2026-08-21T01:53:59Z,2026-08-21T03:53:59+0200,dab098cd-e140-4c97-b435-f000c3ac97ba,2026-07-26T08:30:00Z,2026-07-26T10:30:00+0200,7156.22,MW,FR,FR,actual_solar_generation,Solar,2026-08-21T01:55:25Z
2026-08-21T01:53:59Z,2026-08-21T03:53:59+0200,dab098cd-e140-4c97-b435-f000c3ac97ba,2026-07-26T08:45:00Z,2026-07-26T10:45:00+0200,7707.42,MW,FR,FR,actual_solar_generation,Solar,2026-08-21T01:55:25Z
2026-08-21T01:53:59Z,2026-08-21T03:53:59+0200,dab098cd-e140-4c97-b435-f000c3ac97ba,2026-07-26T09:00:00Z,2026-07-26T11:00:00+0200,8370.34,MW,FR,FR,actual_solar_generation,Solar,2026-08-21T01:55:25Z
2026-08-21T01:53:59Z,2026-08-21T03:53:59+0200,dab098cd-e140-4c97-b435-f000c3ac97ba,2026-07-26T09:15:00Z,2026-07-26T11:15:00+0200,8892.51,MW,FR,FR,actual_solar_generation,Solar,2026-08-21T01:55:25Z
2026-08-21T01:53:59Z,2026-08-21T03:53:59+0200,dab098cd-e140-4c97-b435-f000c3ac97ba,2026-07-26T09:30:00Z,2026-07-26T11:30:00+0200,9096.35,MW,FR,FR,actual_solar_generation,Solar,2026-08-21T01:55:25Z
2026-08-21T01:53:59Z,2026-08-21T03:53:59+0200,dab098cd-e140-4c97-b435-f000c3ac97ba,2026-07-26T09:45:00Z,2026-07-26T11:45:00+0200,9171.67,MW,FR,FR,actual_solar_generation,Solar,2026-08-21T01:55:25Z
2026-08-21T01:53:59Z,2026-08-21T03:53:59+0200,dab098cd-e140-4c97-b435-f000c3ac97ba,2026-07-26T10:00:00Z,2026-07-26T12:00:00+0200,9647.56,MW,FR,FR,actual_solar_generation,Solar,2026-08-21T01:55:25Z
2026-08-21T01:53:59Z,2026-08-21T03:53:59+0200,dab098cd-e140-4c97-b435-f000c3ac97ba,2026-07-26T10:15:00Z,2026-07-26T12:15:00+0200,10085.75,MW,FR,FR,actual_solar_generation,Solar,2026-08-21T01:55:25Z
2026-08-21T01:53:59Z,2026-08-21T03:53:59+0200,dab098cd-e140-4c97-b435-f000c3ac97ba,2026-07-26T10:30:00Z,2026-07-26T12:30:00+0200,10088.68,MW,FR,FR,actual_solar_generation,Solar,2026-08-21T01:55:25Z
2026-08-21T01:53:59Z,2026-08-21T03:53:59+0200,dab098cd-e140-4c97-b435-f000c3ac97ba,2026-07-26T10:45:00Z,2026-07-26T12:45:00+0200,9843.22,MW,FR,FR,actual_solar_generation,Solar,2026-08-21T01:55:25Z
2026-08-21T01:53:59Z,2026-08-21T03:53:59+0200,dab098cd-e140-4c97-b435-f000c3ac97ba,2026-07-26T11:00:00Z,2026-07-26T13:00:00+0200,8894.92,MW,FR,FR,actual_solar_generation,Solar,2026-08-21T01:55:25Z
2026-08-21T01:53:59Z,2026-08-21T03:53:59+0200,dab098cd-e140-4c97-b435-f000c3ac97ba,2026-07-26T11:15:00Z,2026-07-26T13:15:00+0200,8509.1,MW,FR,FR,actual_solar_generation,Solar,2026-08-21T01:55:25Z
2026-08-21T01:53:59Z,2026-08-21T03:53:59+0200,dab098cd-e140-4c97-b435-f000c3ac97ba,2026-07-26T11:30:00Z,2026-07-26T13:30:00+0200,8980.72,MW,FR,FR,actual_solar_generation,Solar,2026-08-21T01:55:25Z
2026-08-21T01:53:59Z,2026-08-21T03:53:59+0200,dab098cd-e140-4c97-b435-f000c3ac97ba,2026-07-26T11:45:00Z,2026-07-26T13:45:00+0200,9894.61,MW,FR,FR,actual_solar_generation,Solar,2026-08-21T01:55:25Z
2026-08-21T01:53:59Z,2026-08-21T03:53:59+0200,dab098cd-e140-4c97-b435-f000c3ac97ba,2026-07-26T12:00:00Z,2026-07-26T14:00:00+0200,10198.42,MW,FR,FR,actual_solar_generation,Solar,2026-08-21T01:55:25Z
2026-08-21T01:53:59Z,2026-08-21T03:53:59+0200,dab098cd-e140-4c97-b435-f000c3ac97ba,2026-07-26T12:15:00Z,2026-07-26T14:15:00+0200,10258.68,MW,FR,FR,actual_solar_generation,Solar,2026-08-21T01:55:25Z
2026-08-21T01:53:59Z,2026-08-21T03:53:59+0200,dab098cd-e140-4c97-b435-f000c3ac97ba,2026-07-26T12:30:00Z,2026-07-26T14:30:00+0200,10153.06,MW,FR,FR,actual_solar_generation,Solar,2026-08-21T01:55:25Z
2026-08-21T01:53:59Z,2026-08-21T03:53:59+0200,dab098cd-e140-4c97-b435-f000c3ac97ba,2026-07-26T12:45:00Z,2026-07-26T14:45:00+0200,10252.4,MW,FR,FR,actual_solar_generation,Solar,2026-08-21T01:55:25Z
2026-08-21T01:53:59Z,2026-08-21T03:53:59+0200,dab098cd-e140-4c97-b435-f000c3ac97ba,2026-07-26T13:00:00Z,2026-07-26T15:00:00+0200,10221.78,MW,FR,FR,actual_solar_generation,Solar,2026-08-21T01:55:25Z
2026-08-21T01:53:59Z,2026-08-21T03:53:59+0200,dab098cd-e140-4c97-b435-f000c3ac97ba,2026-07-26T13:15:00Z,2026-07-26T15:15:00+0200,10267.97,MW,FR,FR,actual_solar_generation,Solar,2026-08-21T01:55:25Z
2026-08-21T01:53:59Z,2026-08-21T03:53:59+0200,dab098cd-e140-4c97-b435-f000c3ac97ba,2026-07-26T13:30:00Z,2026-07-26T15:30:00+0200,10119.57,MW,FR,FR,actual_solar_generation,Solar,2026-08-21T01:55:25Z
2026-08-21T01:53:59Z,2026-08-21T03:53:59+0200,dab098cd-e140-4c97-b435-f000c3ac97ba,2026-07-26T13:45:00Z,2026-07-26T15:45:00+0200,10007.4,MW,FR,FR,actual_solar_generation,Solar,2026-08-21T01:55:25Z
2026-08-21T01:53:59Z,2026-08-21T03:53:59+0200,dab098cd-e140-4c97-b435-f000c3ac97ba,2026-07-26T14:00:00Z,2026-07-26T16:00:00+0200,9895.74,MW,FR,FR,actual_solar_generation,Solar,2026-08-21T01:55:25Z
2026-08-21T01:53:59Z,2026-08-21T03:53:59+0200,dab098cd-e140-4c97-b435-f000c3ac97ba,2026-07-26T14:15:00Z,2026-07-26T16:15:00+0200,9590.27,MW,FR,FR,actual_solar_generation,Solar,2026-08-21T01:55:25Z
2026-08-21T01:53:59Z,2026-08-21T03:53:59+0200,dab098cd-e140-4c97-b435-f000c3ac97ba,2026-07-26T14:30:00Z,2026-07-26T16:30:00+0200,9254.19,MW,FR,FR,actual_solar_generation,Solar,2026-08-21T01:55:25Z
2026-08-21T01:53:59Z,2026-08-21T03:53:59+0200,dab098cd-e140-4c97-b435-f000c3ac97ba,2026-07-26T14:45:00Z,2026-07-26T16:45:00+0200,8871.77,MW,FR,FR,actual_solar_generation,Solar,2026-08-21T01:55:25Z
2026-08-21T01:53:59Z,2026-08-21T03:53:59+0200,dab098cd-e140-4c97-b435-f000c3ac97ba,2026-07-26T15:00:00Z,2026-07-26T17:00:00+0200,8590.1,MW,FR,FR,actual_solar_generation,Solar,2026-08-21T01:55:25Z
2026-08-21T01:53:59Z,2026-08-21T03:53:59+0200,dab098cd-e140-4c97-b435-f000c3ac97ba,2026-07-26T15:15:00Z,2026-07-26T17:15:00+0200,8210.39,MW,FR,FR,actual_solar_generation,Solar,2026-08-21T01:55:25Z
2026-08-21T01:53:59Z,2026-08-21T03:53:59+0200,dab098cd-e140-4c97-b435-f000c3ac97ba,2026-07-26T15:30:00Z,2026-07-26T17:30:00+0200,8002.94,MW,FR,FR,actual_solar_generation,Solar,2026-08-21T01:55:25Z
2026-08-21T01:53:59Z,2026-08-21T03:53:59+0200,dab098cd-e140-4c97-b435-f000c3ac97ba,2026-07-26T15:45:00Z,2026-07-26T17:45:00+0200,7914.86,MW,FR,FR,actual_solar_generation,Solar,2026-08-21T01:55:25Z
2026-08-21T01:53:59Z,2026-08-21T03:53:59+0200,dab098cd-e140-4c97-b435-f000c3ac97ba,2026-07-26T16:00:00Z,2026-07-26T18:00:00+0200,8051.28,MW,FR,FR,actual_solar_generation,Solar,2026-08-21T01:55:25Z
2026-08-21T01:53:59Z,2026-08-21T03:53:59+0200,dab098cd-e140-4c97-b435-f000c3ac97ba,2026-07-26T16:15:00Z,2026-07-26T18:15:00+0200,7832.34,MW,FR,FR,actual_solar_generation,Solar,2026-08-21T01:55:25Z
2026-08-21T01:53:59Z,2026-08-21T03:53:59+0200,dab098cd-e140-4c97-b435-f000c3ac97ba,2026-07-26T16:30:00Z,2026-07-26T18:30:00+0200,7198.52,MW,FR,FR,actual_solar_generation,Solar,2026-08-21T01:55:25Z
2026-08-21T01:53:59Z,2026-08-21T03:53:59+0200,dab098cd-e140-4c97-b435-f000c3ac97ba,2026-07-26T16:45:00Z,2026-07-26T18:45:00+0200,6301.3,MW,FR,FR,actual_solar_generation,Solar,2026-08-21T01:55:25Z
2026-08-21T01:53:59Z,2026-08-21T03:53:59+0200,dab098cd-e140-4c97-b435-f000c3ac97ba,2026-07-26T17:00:00Z,2026-07-26T19:00:00+0200,5218.16,MW,FR,FR,actual_solar_generation,Solar,2026-08-21T01:55:25Z
2026-08-21T01:53:59Z,2026-08-21T03:53:59+0200,dab098cd-e140-4c97-b435-f000c3ac97ba,2026-07-26T17:15:00Z,2026-07-26T19:15:00+0200,4359.41,MW,FR,FR,actual_solar_generation,Solar,2026-08-21T01:55:25Z
2026-08-21T01:53:59Z,2026-08-21T03:53:59+0200,dab098cd-e140-4c97-b435-f000c3ac97ba,2026-07-26T17:30:00Z,2026-07-26T19:30:00+0200,3503.3,MW,FR,FR,actual_solar_generation,Solar,2026-08-21T01:55:25Z
2026-08-21T01:53:59Z,2026-08-21T03:53:59+0200,dab098cd-e140-4c97-b435-f000c3ac97ba,2026-07-26T17:45:00Z,2026-07-26T19:45:00+0200,2753.78,MW,FR,FR,actual_solar_generation,Solar,2026-08-21T01:55:25Z
2026-08-21T01:53:59Z,2026-08-21T03:53:59+0200,dab098cd-e140-4c97-b435-f000c3ac97ba,2026-07-26T18:00:00Z,2026-07-26T20:00:00+0200,2108.51,MW,FR,FR,actual_solar_generation,Solar,2026-08-21T01:55:25Z
2026-08-21T01:53:59Z,2026-08-21T03:53:59+0200,dab098cd-e140-4c97-b435-f000c3ac97ba,2026-07-26T18:15:00Z,2026-07-26T20:15:00+0200,1560.71,MW,FR,FR,actual_solar_generation,Solar,2026-08-21T01:55:25Z
2026-08-21T01:53:59Z,2026-08-21T03:53:59+0200,dab098cd-e140-4c97-b435-f000c3ac97ba,2026-07-26T18:30:00Z,2026-07-26T20:30:00+0200,1128.2,MW,FR,FR,actual_solar_generation,Solar,2026-08-21T01:55:25Z
2026-08-21T01:53:59Z,2026-08-21T03:53:59+0200,dab098cd-e140-4c97-b435-f000c3ac97ba,2026-07-26T18:45:00Z,2026-07-26T20:45:00+0200,801.48,MW,FR,FR,actual_solar_generation,Solar,2026-08-21T01:55:25Z
2026-08-21T01:53:59Z,2026-08-21T03:53:59+0200,dab098cd-e140-4c97-b435-f000c3ac97ba,2026-07-26T19:00:00Z,2026-07-26T21:00:00+0200,536.63,MW,FR,FR,actual_solar_generation,Solar,2026-08-21T01:55:25Z
2026-08-21T01:53:59Z,2026-08-21T03:53:59+0200,dab098cd-e140-4c97-b435-f000c3ac97ba,2026-07-26T19:15:00Z,2026-07-26T21:15:00+0200,343.07,MW,FR,FR,actual_solar_generation,Solar,2026-08-21T01:55:25Z
2026-08-21T01:53:59Z,2026-08-21T03:53:59+0200,dab098cd-e140-4c97-b435-f000c3ac97ba,2026-07-26T19:30:00Z,2026-07-26T21:30:00+0200,243.4,MW,FR,FR,actual_solar_generation,Solar,2026-08-21T01:55:25Z
2026-08-21T01:53:59Z,2026-08-21T03:53:59+0200,dab098cd-e140-4c97-b435-f000c3ac97ba,2026-07-26T19:45:00Z,2026-07-26T21:45:00+0200,206.4,MW,FR,FR,actual_solar_generation,Solar,2026-08-21T01:55:25Z
2026-08-21T01:53:59Z,2026-08-21T03:53:59+0200,dab098cd-e140-4c97-b435-f000c3ac97ba,2026-07-26T20:00:00Z,2026-07-26T22:00:00+0200,200.32,MW,FR,FR,actual_solar_generation,Solar,2026-08-21T01:55:25Z
2026-08-21T01:53:59Z,2026-08-21T03:53:59+0200,dab098cd-e140-4c97-b435-f000c3ac97ba,2026-07-26T20:15:00Z,2026-07-26T22:15:00+0200,201.05,MW,FR,FR,actual_solar_generation,Solar,2026-08-21T01:55:25Z
2026-08-21T01:53:59Z,2026-08-21T03:53:59+0200,dab098cd-e140-4c97-b435-f000c3ac97ba,2026-07-26T20:30:00Z,2026-07-26T22:30:00+0200,201.58,MW,FR,FR,actual_solar_generation,Solar,2026-08-21T01:55:25Z
2026-08-21T01:53:59Z,2026-08-21T03:53:59+0200,dab098cd-e140-4c97-b435-f000c3ac97ba,2026-07-26T20:45:00Z,2026-07-26T22:45:00+0200,200.87,MW,FR,FR,actual_solar_generation,Solar,2026-08-21T01:55:25Z
2026-08-21T01:53:59Z,2026-08-21T03:53:59+0200,dab098cd-e140-4c97-b435-f000c3ac97ba,2026-07-26T21:00:00Z,2026-07-26T23:00:00+0200,200.34,MW,FR,FR,actual_solar_generation,Solar,2026-08-21T01:55:25Z
2026-08-21T01:53:59Z,2026-08-21T03:53:59+0200,dab098cd-e140-4c97-b435-f000c3ac97ba,2026-07-26T21:15:00Z,2026-07-26T23:15:00+0200,200.51,MW,FR,FR,actual_solar_generation,Solar,2026-08-21T01:55:25Z
2026-08-21T01:53:59Z,2026-08-21T03:53:59+0200,dab098cd-e140-4c97-b435-f000c3ac97ba,2026-07-26T21:30:00Z,2026-07-26T23:30:00+0200,199.15,MW,FR,FR,actual_solar_generation,Solar,2026-08-21T01:55:25Z
2026-08-21T01:53:59Z,2026-08-21T03:53:59+0200,dab098cd-e140-4c97-b435-f000c3ac97ba,2026-07-26T21:45:00Z,2026-07-26T23:45:00+0200,196.89,MW,FR,FR,actual_solar_generation,Solar,2026-08-21T01:55:25Z
2026-08-21T01:53:59Z,2026-08-21T03:53:59+0200,dab098cd-e140-4c97-b435-f000c3ac97ba,2026-07-26T22:00:00Z,2026-07-27T00:00:00+0200,0.0,MW,FR,FR,actual_solar_generation,Solar,2026-08-21T01:55:25Z
2026-08-21T01:53:59Z,2026-08-21T03:53:59+0200,dab098cd-e140-4c97-b435-f000c3ac97ba,2026-07-26T22:15:00Z,2026-07-27T00:15:00+0200,0.0,MW,FR,FR,actual_solar_generation,Solar,2026-08-21T01:55:25Z
2026-08-21T01:53:59Z,2026-08-21T03:53:59+0200,dab098cd-e140-4c97-b435-f000c3ac97ba,2026-07-26T22:30:00Z,2026-07-27T00:30:00+0200,0.0,MW,FR,FR,actual_solar_generation,Solar,2026-08-21T01:55:25Z
2026-08-21T01:53:59Z,2026-08-21T03:53:59+0200,dab098cd-e140-4c97-b435-f000c3ac97ba,2026-07-26T22:45:00Z,2026-07-27T00:45:00+0200,0.0,MW,FR,FR,actual_solar_generation,Solar,2026-08-21T01:55:25Z
2026-08-21T01:53:59Z,2026-08-21T03:53:59+0200,dab098cd-e140-4c97-b435-f000c3ac97ba,2026-07-26T23:00:00Z,2026-07-27T01:00:00+0200,0.0,MW,FR,FR,actual_solar_generation,Solar,2026-08-21T01:55:25Z
2026-08-21T01:53:59Z,2026-08-21T03:53:59+0200,dab098cd-e140-4c97-b435-f000c3ac97ba,2026-07-26T23:15:00Z,2026-07-27T01:15:00+0200,0.0,MW,FR,FR,actual_solar_generation,Solar,2026-08-21T01:55:25Z
2026-08-21T01:53:59Z,2026-08-21T03:53:59+0200,dab098cd-e140-4c97-b435-f000c3ac97ba,2026-07-26T23:30:00Z,2026-07-27T01:30:00+0200,0.0,MW,FR,FR,actual_solar_generation,Solar,2026-08-21T01:55:25Z
2026-08-21T01:53:59Z,2026-08-21T03:53:59+0200,dab098cd-e140-4c97-b435-f000c3ac97ba,2026-07-26T23:45:00Z,2026-07-27T01:45:00+0200,0.0,MW,FR,FR,actual_solar_generation,Solar,2026-08-21T01:55:25Z
2026-08-21T01:53:59Z,2026-08-21T03:53:59+0200,dab098cd-e140-4c97-b435-f000c3ac97ba,2026-07-27T00:00:00Z,2026-07-27T02:00:00+0200,0.0,MW,FR,FR,actual_solar_generation,Solar,2026-08-21T01:55:25Z
2026-08-21T01:53:59Z,2026-08-21T03:53:59+0200,dab098cd-e140-4c97-b435-f000c3ac97ba,2026-07-27T00:15:00Z,2026-07-27T02:15:00+0200,0.0,MW,FR,FR,actual_solar_generation,Solar,2026-08-21T01:55:25Z
2026-08-21T01:53:59Z,2026-08-21T03:53:59+0200,dab098cd-e140-4c97-b435-f000c3ac97ba,2026-07-27T00:30:00Z,2026-07-27T02:30:00+0200,0.0,MW,FR,FR,actual_solar_generation,Solar,2026-08-21T01:55:25Z
2026-08-21T01:53:59Z,2026-08-21T03:53:59+0200,dab098cd-e140-4c97-b435-f000c3ac97ba,2026-07-27T00:45:00Z,2026-07-27T02:45:00+0200,0.0,MW,FR,FR,actual_solar_generation,Solar,2026-08-21T01:55:25Z
2026-08-21T01:53:59Z,2026-08-21T03:53:59+0200,dab098cd-e140-4c97-b435-f000c3ac97ba,2026-07-27T01:00:00Z,2026-07-27T03:00:00+0200,0.0,MW,FR,FR,actual_solar_generation,Solar,2026-08-21T01:55:25Z
2026-08-21T01:53:59Z,2026-08-21T03:53:59+0200,dab098cd-e140-4c97-b435-f000c3ac97ba,2026-07-27T01:15:00Z,2026-07-27T03:15:00+0200,0.0,MW,FR,FR,actual_solar_generation,Solar,2026-08-21T01:55:25Z
2026-08-21T01:53:59Z,2026-08-21T03:53:59+0200,dab098cd-e140-4c97-b435-f000c3ac97ba,2026-07-27T01:30:00Z,2026-07-27T03:30:00+0200,0.0,MW,FR,FR,actual_solar_generation,Solar,2026-08-21T01:55:25Z
2026-08-21T01:53:59Z,2026-08-21T03:53:59+0200,dab098cd-e140-4c97-b435-f000c3ac97ba,2026-07-27T01:45:00Z,2026-07-27T03:45:00+0200,0.0,MW,FR,FR,actual_solar_generation,Solar,2026-08-21T01:55:25Z
2026-08-21T01:53:59Z,2026-08-21T03:53:59+0200,dab098cd-e140-4c97-b435-f000c3ac97ba,2026-07-27T02:00:00Z,2026-07-27T04:00:00+0200,0.0,MW,FR,FR,actual_solar_generation,Solar,2026-08-21T01:55:25Z
2026-08-21T01:53:59Z,2026-08-21T03:53:59+0200,dab098cd-e140-4c97-b435-f000c3ac97ba,2026-07-27T02:15:00Z,2026-07-27T04:15:00+0200,0.0,MW,FR,FR,actual_solar_generation,Solar,2026-08-21T01:55:25Z
2026-08-21T01:53:59Z,2026-08-21T03:53:59+0200,dab098cd-e140-4c97-b435-f000c3ac97ba,2026-07-27T02:30:00Z,2026-07-27T04:30:00+0200,0.0,MW,FR,FR,actual_solar_generation,Solar,2026-08-21T01:55:25Z
2026-08-21T01:53:59Z,2026-08-21T03:53:59+0200,dab098cd-e140-4c97-b435-f000c3ac97ba,2026-07-27T02:45:00Z,2026-07-27T04:45:00+0200,0.0,MW,FR,FR,actual_solar_generation,Solar,2026-08-21T01:55:25Z
2026-08-21T01:53:59Z,2026-08-21T03:53:59+0200,dab098cd-e140-4c97-b435-f000c3ac97ba,2026-07-27T03:00:00Z,2026-07-27T05:00:00+0200,194.97,MW,FR,FR,actual_solar_generation,Solar,2026-08-21T01:55:25Z
2026-08-21T01:53:59Z,2026-08-21T03:53:59+0200,dab098cd-e140-4c97-b435-f000c3ac97ba,2026-07-27T03:15:00Z,2026-07-27T05:15:00+0200,193.31,MW,FR,FR,actual_solar_generation,Solar,2026-08-21T01:55:25Z
2026-08-21T01:53:59Z,2026-08-21T03:53:59+0200,dab098cd-e140-4c97-b435-f000c3ac97ba,2026-07-27T03:30:00Z,2026-07-27T05:30:00+0200,193.43,MW,FR,FR,actual_solar_generation,Solar,2026-08-21T01:55:25Z
2026-08-21T01:53:59Z,2026-08-21T03:53:59+0200,dab098cd-e140-4c97-b435-f000c3ac97ba,2026-07-27T03:45:00Z,2026-07-27T05:45:00+0200,195.89,MW,FR,FR,actual_solar_generation,Solar,2026-08-21T01:55:25Z
2026-08-21T01:53:59Z,2026-08-21T03:53:59+0200,dab098cd-e140-4c97-b435-f000c3ac97ba,2026-07-27T04:00:00Z,2026-07-27T06:00:00+0200,208.7,MW,FR,FR,actual_solar_generation,Solar,2026-08-21T01:55:25Z
2026-08-21T01:53:59Z,2026-08-21T03:53:59+0200,dab098cd-e140-4c97-b435-f000c3ac97ba,2026-07-27T04:15:00Z,2026-07-27T06:15:00+0200,245.67,MW,FR,FR,actual_solar_generation,Solar,2026-08-21T01:55:25Z
2026-08-21T01:53:59Z,2026-08-21T03:53:59+0200,dab098cd-e140-4c97-b435-f000c3ac97ba,2026-07-27T04:30:00Z,2026-07-27T06:30:00+0200,324.1,MW,FR,FR,actual_solar_generation,Solar,2026-08-21T01:55:25Z
2026-08-21T01:53:59Z,2026-08-21T03:53:59+0200,dab098cd-e140-4c97-b435-f000c3ac97ba,2026-07-27T04:45:00Z,2026-07-27T06:45:00+0200,465.31,MW,FR,FR,actual_solar_generation,Solar,2026-08-21T01:55:25Z
2026-08-21T01:53:59Z,2026-08-21T03:53:59+0200,dab098cd-e140-4c97-b435-f000c3ac97ba,2026-07-27T05:00:00Z,2026-07-27T07:00:00+0200,657.4,MW,FR,FR,actual_solar_generation,Solar,2026-08-21T01:55:25Z
2026-08-21T01:53:59Z,2026-08-21T03:53:59+0200,dab098cd-e140-4c97-b435-f000c3ac97ba,2026-07-27T05:15:00Z,2026-07-27T07:15:00+0200,927.43,MW,FR,FR,actual_solar_generation,Solar,2026-08-21T01:55:25Z
2026-08-21T01:53:59Z,2026-08-21T03:53:59+0200,dab098cd-e140-4c97-b435-f000c3ac97ba,2026-07-27T05:30:00Z,2026-07-27T07:30:00+0200,1341.58,MW,FR,FR,actual_solar_generation,Solar,2026-08-21T01:55:25Z
2026-08-21T01:53:59Z,2026-08-21T03:53:59+0200,dab098cd-e140-4c97-b435-f000c3ac97ba,2026-07-27T05:45:00Z,2026-07-27T07:45:00+0200,1920.28,MW,FR,FR,actual_solar_generation,Solar,2026-08-21T01:55:25Z
2026-08-21T01:53:59Z,2026-08-21T03:53:59+0200,dab098cd-e140-4c97-b435-f000c3ac97ba,2026-07-27T06:00:00Z,2026-07-27T08:00:00+0200,2632.45,MW,FR,FR,actual_solar_generation,Solar,2026-08-21T01:55:25Z
2026-08-21T01:53:59Z,2026-08-21T03:53:59+0200,dab098cd-e140-4c97-b435-f000c3ac97ba,2026-07-27T06:15:00Z,2026-07-27T08:15:00+0200,3315.09,MW,FR,FR,actual_solar_generation,Solar,2026-08-21T01:55:25Z
2026-08-21T01:53:59Z,2026-08-21T03:53:59+0200,dab098cd-e140-4c97-b435-f000c3ac97ba,2026-07-27T06:30:00Z,2026-07-27T08:30:00+0200,4209.25,MW,FR,FR,actual_solar_generation,Solar,2026-08-21T01:55:25Z
2026-08-21T01:53:59Z,2026-08-21T03:53:59+0200,dab098cd-e140-4c97-b435-f000c3ac97ba,2026-07-27T06:45:00Z,2026-07-27T08:45:00+0200,5094.45,MW,FR,FR,actual_solar_generation,Solar,2026-08-21T01:55:25Z
2026-08-21T01:53:59Z,2026-08-21T03:53:59+0200,dab098cd-e140-4c97-b435-f000c3ac97ba,2026-07-27T07:00:00Z,2026-07-27T09:00:00+0200,6018.4,MW,FR,FR,actual_solar_generation,Solar,2026-08-21T01:55:25Z
2026-08-21T01:53:59Z,2026-08-21T03:53:59+0200,dab098cd-e140-4c97-b435-f000c3ac97ba,2026-07-27T07:15:00Z,2026-07-27T09:15:00+0200,7155.17,MW,FR,FR,actual_solar_generation,Solar,2026-08-21T01:55:25Z
2026-08-21T01:53:59Z,2026-08-21T03:53:59+0200,dab098cd-e140-4c97-b435-f000c3ac97ba,2026-07-27T07:30:00Z,2026-07-27T09:30:00+0200,8203.16,MW,FR,FR,actual_solar_generation,Solar,2026-08-21T01:55:25Z
2026-08-21T01:53:59Z,2026-08-21T03:53:59+0200,dab098cd-e140-4c97-b435-f000c3ac97ba,2026-07-27T07:45:00Z,2026-07-27T09:45:00+0200,9148.02,MW,FR,FR,actual_solar_generation,Solar,2026-08-21T01:55:25Z
2026-08-21T01:53:59Z,2026-08-21T03:53:59+0200,dab098cd-e140-4c97-b435-f000c3ac97ba,2026-07-27T08:00:00Z,2026-07-27T10:00:00+0200,10140.72,MW,FR,FR,actual_solar_generation,Solar,2026-08-21T01:55:25Z
2026-08-21T01:53:59Z,2026-08-21T03:53:59+0200,dab098cd-e140-4c97-b435-f000c3ac97ba,2026-07-27T08:15:00Z,2026-07-27T10:15:00+0200,10980.26,MW,FR,FR,actual_solar_generation,Solar,2026-08-21T01:55:25Z
2026-08-21T01:53:59Z,2026-08-21T03:53:59+0200,dab098cd-e140-4c97-b435-f000c3ac97ba,2026-07-27T08:30:00Z,2026-07-27T10:30:00+0200,11647.92,MW,FR,FR,actual_solar_generation,Solar,2026-08-21T01:55:25Z
2026-08-21T01:53:59Z,2026-08-21T03:53:59+0200,dab098cd-e140-4c97-b435-f000c3ac97ba,2026-07-27T08:45:00Z,2026-07-27T10:45:00+0200,12308.6,MW,FR,FR,actual_solar_generation,Solar,2026-08-21T01:55:25Z
2026-08-21T01:53:59Z,2026-08-21T03:53:59+0200,dab098cd-e140-4c97-b435-f000c3ac97ba,2026-07-27T09:00:00Z,2026-07-27T11:00:00+0200,12990.14,MW,FR,FR,actual_solar_generation,Solar,2026-08-21T01:55:25Z
2026-08-21T01:53:59Z,2026-08-21T03:53:59+0200,dab098cd-e140-4c97-b435-f000c3ac97ba,2026-07-27T09:15:00Z,2026-07-27T11:15:00+0200,13490.67,MW,FR,FR,actual_solar_generation,Solar,2026-08-21T01:55:25Z
2026-08-21T01:53:59Z,2026-08-21T03:53:59+0200,dab098cd-e140-4c97-b435-f000c3ac97ba,2026-07-27T09:30:00Z,2026-07-27T11:30:00+0200,13986.44,MW,FR,FR,actual_solar_generation,Solar,2026-08-21T01:55:25Z
2026-08-21T01:53:59Z,2026-08-21T03:53:59+0200,dab098cd-e140-4c97-b435-f000c3ac97ba,2026-07-27T09:45:00Z,2026-07-27T11:45:00+0200,14598.97,MW,FR,FR,actual_solar_generation,Solar,2026-08-21T01:55:25Z
2026-08-21T01:53:59Z,2026-08-21T03:53:59+0200,dab098cd-e140-4c97-b435-f000c3ac97ba,2026-07-27T10:00:00Z,2026-07-27T12:00:00+0200,14982.0,MW,FR,FR,actual_solar_generation,Solar,2026-08-21T01:55:25Z
2026-08-21T01:53:59Z,2026-08-21T03:53:59+0200,dab098cd-e140-4c97-b435-f000c3ac97ba,2026-07-27T10:15:00Z,2026-07-27T12:15:00+0200,15390.58,MW,FR,FR,actual_solar_generation,Solar,2026-08-21T01:55:25Z
2026-08-21T01:53:59Z,2026-08-21T03:53:59+0200,dab098cd-e140-4c97-b435-f000c3ac97ba,2026-07-27T10:30:00Z,2026-07-27T12:30:00+0200,15711.78,MW,FR,FR,actual_solar_generation,Solar,2026-08-21T01:55:25Z
2026-08-21T01:53:59Z,2026-08-21T03:53:59+0200,dab098cd-e140-4c97-b435-f000c3ac97ba,2026-07-27T10:45:00Z,2026-07-27T12:45:00+0200,14892.83,MW,FR,FR,actual_solar_generation,Solar,2026-08-21T01:55:25Z
2026-08-21T01:53:59Z,2026-08-21T03:53:59+0200,dab098cd-e140-4c97-b435-f000c3ac97ba,2026-07-27T11:00:00Z,2026-07-27T13:00:00+0200,13153.3,MW,FR,FR,actual_solar_generation,Solar,2026-08-21T01:55:25Z
2026-08-21T01:53:59Z,2026-08-21T03:53:59+0200,dab098cd-e140-4c97-b435-f000c3ac97ba,2026-07-27T11:15:00Z,2026-07-27T13:15:00+0200,14026.83,MW,FR,FR,actual_solar_generation,Solar,2026-08-21T01:55:25Z
2026-08-21T01:53:59Z,2026-08-21T03:53:59+0200,dab098cd-e140-4c97-b435-f000c3ac97ba,2026-07-27T11:30:00Z,2026-07-27T13:30:00+0200,14281.61,MW,FR,FR,actual_solar_generation,Solar,2026-08-21T01:55:25Z
2026-08-21T01:53:59Z,2026-08-21T03:53:59+0200,dab098cd-e140-4c97-b435-f000c3ac97ba,2026-07-27T11:45:00Z,2026-07-27T13:45:00+0200,14634.56,MW,FR,FR,actual_solar_generation,Solar,2026-08-21T01:55:25Z
2026-08-21T01:53:59Z,2026-08-21T03:53:59+0200,dab098cd-e140-4c97-b435-f000c3ac97ba,2026-07-27T12:00:00Z,2026-07-27T14:00:00+0200,14805.2,MW,FR,FR,actual_solar_generation,Solar,2026-08-21T01:55:25Z
2026-08-21T01:53:59Z,2026-08-21T03:53:59+0200,dab098cd-e140-4c97-b435-f000c3ac97ba,2026-07-27T12:15:00Z,2026-07-27T14:15:00+0200,14779.8,MW,FR,FR,actual_solar_generation,Solar,2026-08-21T01:55:25Z
2026-08-21T01:53:59Z,2026-08-21T03:53:59+0200,dab098cd-e140-4c97-b435-f000c3ac97ba,2026-07-27T12:30:00Z,2026-07-27T14:30:00+0200,15113.55,MW,FR,FR,actual_solar_generation,Solar,2026-08-21T01:55:25Z
2026-08-21T01:53:59Z,2026-08-21T03:53:59+0200,dab098cd-e140-4c97-b435-f000c3ac97ba,2026-07-27T12:45:00Z,2026-07-27T14:45:00+0200,15021.53,MW,FR,FR,actual_solar_generation,Solar,2026-08-21T01:55:25Z
2026-08-21T01:53:59Z,2026-08-21T03:53:59+0200,dab098cd-e140-4c97-b435-f000c3ac97ba,2026-07-27T13:00:00Z,2026-07-27T15:00:00+0200,14952.1,MW,FR,FR,actual_solar_generation,Solar,2026-08-21T01:55:25Z
2026-08-21T01:53:59Z,2026-08-21T03:53:59+0200,dab098cd-e140-4c97-b435-f000c3ac97ba,2026-07-27T13:15:00Z,2026-07-27T15:15:00+0200,14987.01,MW,FR,FR,actual_solar_generation,Solar,2026-08-21T01:55:25Z
2026-08-21T01:53:59Z,2026-08-21T03:53:59+0200,dab098cd-e140-4c97-b435-f000c3ac97ba,2026-07-27T13:30:00Z,2026-07-27T15:30:00+0200,15149.54,MW,FR,FR,actual_solar_generation,Solar,2026-08-21T01:55:25Z
2026-08-21T01:53:59Z,2026-08-21T03:53:59+0200,dab098cd-e140-4c97-b435-f000c3ac97ba,2026-07-27T13:45:00Z,2026-07-27T15:45:00+0200,15000.51,MW,FR,FR,actual_solar_generation,Solar,2026-08-21T01:55:25Z
2026-08-21T01:53:59Z,2026-08-21T03:53:59+0200,dab098cd-e140-4c97-b435-f000c3ac97ba,2026-07-27T14:00:00Z,2026-07-27T16:00:00+0200,14921.19,MW,FR,FR,actual_solar_generation,Solar,2026-08-21T01:55:25Z
2026-08-21T01:53:59Z,2026-08-21T03:53:59+0200,dab098cd-e140-4c97-b435-f000c3ac97ba,2026-07-27T14:15:00Z,2026-07-27T16:15:00+0200,14648.47,MW,FR,FR,actual_solar_generation,Solar,2026-08-21T01:55:25Z
2026-08-21T01:53:59Z,2026-08-21T03:53:59+0200,dab098cd-e140-4c97-b435-f000c3ac97ba,2026-07-27T14:30:00Z,2026-07-27T16:30:00+0200,14230.54,MW,FR,FR,actual_solar_generation,Solar,2026-08-21T01:55:25Z
2026-08-21T01:53:59Z,2026-08-21T03:53:59+0200,dab098cd-e140-4c97-b435-f000c3ac97ba,2026-07-27T14:45:00Z,2026-07-27T16:45:00+0200,13911.36,MW,FR,FR,actual_solar_generation,Solar,2026-08-21T01:55:25Z
2026-08-21T01:53:59Z,2026-08-21T03:53:59+0200,dab098cd-e140-4c97-b435-f000c3ac97ba,2026-07-27T15:00:00Z,2026-07-27T17:00:00+0200,15313.8,MW,FR,FR,actual_solar_generation,Solar,2026-08-21T01:55:25Z
2026-08-21T01:53:59Z,2026-08-21T03:53:59+0200,dab098cd-e140-4c97-b435-f000c3ac97ba,2026-07-27T15:15:00Z,2026-07-27T17:15:00+0200,15427.87,MW,FR,FR,actual_solar_generation,Solar,2026-08-21T01:55:25Z
2026-08-21T01:53:59Z,2026-08-21T03:53:59+0200,dab098cd-e140-4c97-b435-f000c3ac97ba,2026-07-27T15:30:00Z,2026-07-27T17:30:00+0200,14214.32,MW,FR,FR,actual_solar_generation,Solar,2026-08-21T01:55:25Z
2026-08-21T01:53:59Z,2026-08-21T03:53:59+0200,dab098cd-e140-4c97-b435-f000c3ac97ba,2026-07-27T15:45:00Z,2026-07-27T17:45:00+0200,13273.96,MW,FR,FR,actual_solar_generation,Solar,2026-08-21T01:55:25Z
2026-08-21T01:53:59Z,2026-08-21T03:53:59+0200,dab098cd-e140-4c97-b435-f000c3ac97ba,2026-07-27T16:00:00Z,2026-07-27T18:00:00+0200,12343.13,MW,FR,FR,actual_solar_generation,Solar,2026-08-21T01:55:25Z
2026-08-21T01:53:59Z,2026-08-21T03:53:59+0200,dab098cd-e140-4c97-b435-f000c3ac97ba,2026-07-27T16:15:00Z,2026-07-27T18:15:00+0200,11309.15,MW,FR,FR,actual_solar_generation,Solar,2026-08-21T01:55:25Z
2026-08-21T01:53:59Z,2026-08-21T03:53:59+0200,dab098cd-e140-4c97-b435-f000c3ac97ba,2026-07-27T16:30:00Z,2026-07-27T18:30:00+0200,10045.27,MW,FR,FR,actual_solar_generation,Solar,2026-08-21T01:55:25Z
2026-08-21T01:53:59Z,2026-08-21T03:53:59+0200,dab098cd-e140-4c97-b435-f000c3ac97ba,2026-07-27T16:45:00Z,2026-07-27T18:45:00+0200,8833.15,MW,FR,FR,actual_solar_generation,Solar,2026-08-21T01:55:25Z
2026-08-21T01:53:59Z,2026-08-21T03:53:59+0200,dab098cd-e140-4c97-b435-f000c3ac97ba,2026-07-27T17:00:00Z,2026-07-27T19:00:00+0200,7425.88,MW,FR,FR,actual_solar_generation,Solar,2026-08-21T01:55:25Z
2026-08-21T01:53:59Z,2026-08-21T03:53:59+0200,dab098cd-e140-4c97-b435-f000c3ac97ba,2026-07-27T17:15:00Z,2026-07-27T19:15:00+0200,6157.53,MW,FR,FR,actual_solar_generation,Solar,2026-08-21T01:55:25Z
2026-08-21T01:53:59Z,2026-08-21T03:53:59+0200,dab098cd-e140-4c97-b435-f000c3ac97ba,2026-07-27T17:30:00Z,2026-07-27T19:30:00+0200,4860.92,MW,FR,FR,actual_solar_generation,Solar,2026-08-21T01:55:25Z
2026-08-21T01:53:59Z,2026-08-21T03:53:59+0200,dab098cd-e140-4c97-b435-f000c3ac97ba,2026-07-27T17:45:00Z,2026-07-27T19:45:00+0200,3745.5,MW,FR,FR,actual_solar_generation,Solar,2026-08-21T01:55:25Z
2026-08-21T01:53:59Z,2026-08-21T03:53:59+0200,dab098cd-e140-4c97-b435-f000c3ac97ba,2026-07-27T18:00:00Z,2026-07-27T20:00:00+0200,2722.78,MW,FR,FR,actual_solar_generation,Solar,2026-08-21T01:55:25Z
2026-08-21T01:53:59Z,2026-08-21T03:53:59+0200,dab098cd-e140-4c97-b435-f000c3ac97ba,2026-07-27T18:15:00Z,2026-07-27T20:15:00+0200,1938.36,MW,FR,FR,actual_solar_generation,Solar,2026-08-21T01:55:25Z
2026-08-21T01:53:59Z,2026-08-21T03:53:59+0200,dab098cd-e140-4c97-b435-f000c3ac97ba,2026-07-27T18:30:00Z,2026-07-27T20:30:00+0200,1351.93,MW,FR,FR,actual_solar_generation,Solar,2026-08-21T01:55:25Z
2026-08-21T01:53:59Z,2026-08-21T03:53:59+0200,dab098cd-e140-4c97-b435-f000c3ac97ba,2026-07-27T18:45:00Z,2026-07-27T20:45:00+0200,944.68,MW,FR,FR,actual_solar_generation,Solar,2026-08-21T01:55:25Z
2026-08-21T01:53:59Z,2026-08-21T03:53:59+0200,dab098cd-e140-4c97-b435-f000c3ac97ba,2026-07-27T19:00:00Z,2026-07-27T21:00:00+0200,600.82,MW,FR,FR,actual_solar_generation,Solar,2026-08-21T01:55:25Z
2026-08-21T01:53:59Z,2026-08-21T03:53:59+0200,dab098cd-e140-4c97-b435-f000c3ac97ba,2026-07-27T19:15:00Z,2026-07-27T21:15:00+0200,345.87,MW,FR,FR,actual_solar_generation,Solar,2026-08-21T01:55:25Z
2026-08-21T01:53:59Z,2026-08-21T03:53:59+0200,dab098cd-e140-4c97-b435-f000c3ac97ba,2026-07-27T19:30:00Z,2026-07-27T21:30:00+0200,231.15,MW,FR,FR,actual_solar_generation,Solar,2026-08-21T01:55:25Z
2026-08-21T01:53:59Z,2026-08-21T03:53:59+0200,dab098cd-e140-4c97-b435-f000c3ac97ba,2026-07-27T19:45:00Z,2026-07-27T21:45:00+0200,200.96,MW,FR,FR,actual_solar_generation,Solar,2026-08-21T01:55:25Z
2026-08-21T01:53:59Z,2026-08-21T03:53:59+0200,dab098cd-e140-4c97-b435-f000c3ac97ba,2026-07-27T20:00:00Z,2026-07-27T22:00:00+0200,193.58,MW,FR,FR,actual_solar_generation,Solar,2026-08-21T01:55:25Z
2026-08-21T01:53:59Z,2026-08-21T03:53:59+0200,dab098cd-e140-4c97-b435-f000c3ac97ba,2026-07-27T20:15:00Z,2026-07-27T22:15:00+0200,192.14,MW,FR,FR,actual_solar_generation,Solar,2026-08-21T01:55:25Z
2026-08-21T01:53:59Z,2026-08-21T03:53:59+0200,dab098cd-e140-4c97-b435-f000c3ac97ba,2026-07-27T20:30:00Z,2026-07-27T22:30:00+0200,192.99,MW,FR,FR,actual_solar_generation,Solar,2026-08-21T01:55:25Z
2026-08-21T01:53:59Z,2026-08-21T03:53:59+0200,dab098cd-e140-4c97-b435-f000c3ac97ba,2026-07-27T20:45:00Z,2026-07-27T22:45:00+0200,193.66,MW,FR,FR,actual_solar_generation,Solar,2026-08-21T01:55:25Z
2026-08-21T01:53:59Z,2026-08-21T03:53:59+0200,dab098cd-e140-4c97-b435-f000c3ac97ba,2026-07-27T21:00:00Z,2026-07-27T23:00:00+0200,193.14,MW,FR,FR,actual_solar_generation,Solar,2026-08-21T01:55:25Z
2026-08-21T01:53:59Z,2026-08-21T03:53:59+0200,dab098cd-e140-4c97-b435-f000c3ac97ba,2026-07-27T21:15:00Z,2026-07-27T23:15:00+0200,191.78,MW,FR,FR,actual_solar_generation,Solar,2026-08-21T01:55:25Z
2026-08-21T01:53:59Z,2026-08-21T03:53:59+0200,dab098cd-e140-4c97-b435-f000c3ac97ba,2026-07-27T21:30:00Z,2026-07-27T23:30:00+0200,191.18,MW,FR,FR,actual_solar_generation,Solar,2026-08-21T01:55:25Z
2026-08-21T01:53:59Z,2026-08-21T03:53:59+0200,dab098cd-e140-4c97-b435-f000c3ac97ba,2026-07-27T21:45:00Z,2026-07-27T23:45:00+0200,190.2,MW,FR,FR,actual_solar_generation,Solar,2026-08-21T01:55:25Z
2026-08-21T01:53:59Z,2026-08-21T03:53:59+0200,dab098cd-e140-4c97-b435-f000c3ac97ba,2026-07-27T22:00:00Z,2026-07-28T00:00:00+0200,0.0,MW,FR,FR,actual_solar_generation,Solar,2026-08-21T01:55:25Z
2026-08-21T01:53:59Z,2026-08-21T03:53:59+0200,dab098cd-e140-4c97-b435-f000c3ac97ba,2026-07-27T22:15:00Z,2026-07-28T00:15:00+0200,0.0,MW,FR,FR,actual_solar_generation,Solar,2026-08-21T01:55:25Z
2026-08-21T01:53:59Z,2026-08-21T03:53:59+0200,dab098cd-e140-4c97-b435-f000c3ac97ba,2026-07-27T22:30:00Z,2026-07-28T00:30:00+0200,0.0,MW,FR,FR,actual_solar_generation,Solar,2026-08-21T01:55:25Z
2026-08-21T01:53:59Z,2026-08-21T03:53:59+0200,dab098cd-e140-4c97-b435-f000c3ac97ba,2026-07-27T22:45:00Z,2026-07-28T00:45:00+0200,0.0,MW,FR,FR,actual_solar_generation,Solar,2026-08-21T01:55:25Z
2026-08-21T01:53:59Z,2026-08-21T03:53:59+0200,dab098cd-e140-4c97-b435-f000c3ac97ba,2026-07-27T23:00:00Z,2026-07-28T01:00:00+0200,0.0,MW,FR,FR,actual_solar_generation,Solar,2026-08-21T01:55:25Z
2026-08-21T01:53:59Z,2026-08-21T03:53:59+0200,dab098cd-e140-4c97-b435-f000c3ac97ba,2026-07-27T23:15:00Z,2026-07-28T01:15:00+0200,0.0,MW,FR,FR,actual_solar_generation,Solar,2026-08-21T01:55:25Z
2026-08-21T01:53:59Z,2026-08-21T03:53:59+0200,dab098cd-e140-4c97-b435-f000c3ac97ba,2026-07-27T23:30:00Z,2026-07-28T01:30:00+0200,0.0,MW,FR,FR,actual_solar_generation,Solar,2026-08-21T01:55:25Z
2026-08-21T01:53:59Z,2026-08-21T03:53:59+0200,dab098cd-e140-4c97-b435-f000c3ac97ba,2026-07-27T23:45:00Z,2026-07-28T01:45:00+0200,0.0,MW,FR,FR,actual_solar_generation,Solar,2026-08-21T01:55:25Z
2026-08-21T01:53:59Z,2026-08-21T03:53:59+0200,dab098cd-e140-4c97-b435-f000c3ac97ba,2026-07-28T00:00:00Z,2026-07-28T02:00:00+0200,0.0,MW,FR,FR,actual_solar_generation,Solar,2026-08-21T01:55:25Z
2026-08-21T01:53:59Z,2026-08-21T03:53:59+0200,dab098cd-e140-4c97-b435-f000c3ac97ba,2026-07-28T00:15:00Z,2026-07-28T02:15:00+0200,0.0,MW,FR,FR,actual_solar_generation,Solar,2026-08-21T01:55:25Z
2026-08-21T01:53:59Z,2026-08-21T03:53:59+0200,dab098cd-e140-4c97-b435-f000c3ac97ba,2026-07-28T00:30:00Z,2026-07-28T02:30:00+0200,0.0,MW,FR,FR,actual_solar_generation,Solar,2026-08-21T01:55:25Z
2026-08-21T01:53:59Z,2026-08-21T03:53:59+0200,dab098cd-e140-4c97-b435-f000c3ac97ba,2026-07-28T00:45:00Z,2026-07-28T02:45:00+0200,0.0,MW,FR,FR,actual_solar_generation,Solar,2026-08-21T01:55:25Z
2026-08-21T01:53:59Z,2026-08-21T03:53:59+0200,dab098cd-e140-4c97-b435-f000c3ac97ba,2026-07-28T01:00:00Z,2026-07-28T03:00:00+0200,0.0,MW,FR,FR,actual_solar_generation,Solar,2026-08-21T01:55:25Z
2026-08-21T01:53:59Z,2026-08-21T03:53:59+0200,dab098cd-e140-4c97-b435-f000c3ac97ba,2026-07-28T01:15:00Z,2026-07-28T03:15:00+0200,0.0,MW,FR,FR,actual_solar_generation,Solar,2026-08-21T01:55:25Z
2026-08-21T01:53:59Z,2026-08-21T03:53:59+0200,dab098cd-e140-4c97-b435-f000c3ac97ba,2026-07-28T01:30:00Z,2026-07-28T03:30:00+0200,0.0,MW,FR,FR,actual_solar_generation,Solar,2026-08-21T01:55:25Z
2026-08-21T01:53:59Z,2026-08-21T03:53:59+0200,dab098cd-e140-4c97-b435-f000c3ac97ba,2026-07-28T01:45:00Z,2026-07-28T03:45:00+0200,0.0,MW,FR,FR,actual_solar_generation,Solar,2026-08-21T01:55:25Z
2026-08-21T01:53:59Z,2026-08-21T03:53:59+0200,dab098cd-e140-4c97-b435-f000c3ac97ba,2026-07-28T02:00:00Z,2026-07-28T04:00:00+0200,0.0,MW,FR,FR,actual_solar_generation,Solar,2026-08-21T01:55:25Z
2026-08-21T01:53:59Z,2026-08-21T03:53:59+0200,dab098cd-e140-4c97-b435-f000c3ac97ba,2026-07-28T02:15:00Z,2026-07-28T04:15:00+0200,0.0,MW,FR,FR,actual_solar_generation,Solar,2026-08-21T01:55:25Z
2026-08-21T01:53:59Z,2026-08-21T03:53:59+0200,dab098cd-e140-4c97-b435-f000c3ac97ba,2026-07-28T02:30:00Z,2026-07-28T04:30:00+0200,0.0,MW,FR,FR,actual_solar_generation,Solar,2026-08-21T01:55:25Z
2026-08-21T01:53:59Z,2026-08-21T03:53:59+0200,dab098cd-e140-4c97-b435-f000c3ac97ba,2026-07-28T02:45:00Z,2026-07-28T04:45:00+0200,0.0,MW,FR,FR,actual_solar_generation,Solar,2026-08-21T01:55:25Z
2026-08-21T01:53:59Z,2026-08-21T03:53:59+0200,dab098cd-e140-4c97-b435-f000c3ac97ba,2026-07-28T03:00:00Z,2026-07-28T05:00:00+0200,188.93,MW,FR,FR,actual_solar_generation,Solar,2026-08-21T01:55:25Z
2026-08-21T01:53:59Z,2026-08-21T03:53:59+0200,dab098cd-e140-4c97-b435-f000c3ac97ba,2026-07-28T03:15:00Z,2026-07-28T05:15:00+0200,186.92,MW,FR,FR,actual_solar_generation,Solar,2026-08-21T01:55:25Z
2026-08-21T01:53:59Z,2026-08-21T03:53:59+0200,dab098cd-e140-4c97-b435-f000c3ac97ba,2026-07-28T03:30:00Z,2026-07-28T05:30:00+0200,188.08,MW,FR,FR,actual_solar_generation,Solar,2026-08-21T01:55:25Z
2026-08-21T01:53:59Z,2026-08-21T03:53:59+0200,dab098cd-e140-4c97-b435-f000c3ac97ba,2026-07-28T03:45:00Z,2026-07-28T05:45:00+0200,188.47,MW,FR,FR,actual_solar_generation,Solar,2026-08-21T01:55:25Z
2026-08-21T01:53:59Z,2026-08-21T03:53:59+0200,dab098cd-e140-4c97-b435-f000c3ac97ba,2026-07-28T04:00:00Z,2026-07-28T06:00:00+0200,196.01,MW,FR,FR,actual_solar_generation,Solar,2026-08-21T01:55:25Z
2026-08-21T01:53:59Z,2026-08-21T03:53:59+0200,dab098cd-e140-4c97-b435-f000c3ac97ba,2026-07-28T04:15:00Z,2026-07-28T06:15:00+0200,224.98,MW,FR,FR,actual_solar_generation,Solar,2026-08-21T01:55:25Z
2026-08-21T01:53:59Z,2026-08-21T03:53:59+0200,dab098cd-e140-4c97-b435-f000c3ac97ba,2026-07-28T04:30:00Z,2026-07-28T06:30:00+0200,316.77,MW,FR,FR,actual_solar_generation,Solar,2026-08-21T01:55:25Z
2026-08-21T01:53:59Z,2026-08-21T03:53:59+0200,dab098cd-e140-4c97-b435-f000c3ac97ba,2026-07-28T04:45:00Z,2026-07-28T06:45:00+0200,483.2,MW,FR,FR,actual_solar_generation,Solar,2026-08-21T01:55:25Z
2026-08-21T01:53:59Z,2026-08-21T03:53:59+0200,dab098cd-e140-4c97-b435-f000c3ac97ba,2026-07-28T05:00:00Z,2026-07-28T07:00:00+0200,736.27,MW,FR,FR,actual_solar_generation,Solar,2026-08-21T01:55:25Z
2026-08-21T01:53:59Z,2026-08-21T03:53:59+0200,dab098cd-e140-4c97-b435-f000c3ac97ba,2026-07-28T05:15:00Z,2026-07-28T07:15:00+0200,1102.61,MW,FR,FR,actual_solar_generation,Solar,2026-08-21T01:55:25Z
2026-08-21T01:53:59Z,2026-08-21T03:53:59+0200,dab098cd-e140-4c97-b435-f000c3ac97ba,2026-07-28T05:30:00Z,2026-07-28T07:30:00+0200,1637.63,MW,FR,FR,actual_solar_generation,Solar,2026-08-21T01:55:25Z
2026-08-21T01:53:59Z,2026-08-21T03:53:59+0200,dab098cd-e140-4c97-b435-f000c3ac97ba,2026-07-28T05:45:00Z,2026-07-28T07:45:00+0200,2409.87,MW,FR,FR,actual_solar_generation,Solar,2026-08-21T01:55:25Z
2026-08-21T01:53:59Z,2026-08-21T03:53:59+0200,dab098cd-e140-4c97-b435-f000c3ac97ba,2026-07-28T06:00:00Z,2026-07-28T08:00:00+0200,3383.82,MW,FR,FR,actual_solar_generation,Solar,2026-08-21T01:55:25Z
2026-08-21T01:53:59Z,2026-08-21T03:53:59+0200,dab098cd-e140-4c97-b435-f000c3ac97ba,2026-07-28T06:15:00Z,2026-07-28T08:15:00+0200,4452.29,MW,FR,FR,actual_solar_generation,Solar,2026-08-21T01:55:25Z
2026-08-21T01:53:59Z,2026-08-21T03:53:59+0200,dab098cd-e140-4c97-b435-f000c3ac97ba,2026-07-28T06:30:00Z,2026-07-28T08:30:00+0200,5664.98,MW,FR,FR,actual_solar_generation,Solar,2026-08-21T01:55:25Z
2026-08-21T01:53:59Z,2026-08-21T03:53:59+0200,dab098cd-e140-4c97-b435-f000c3ac97ba,2026-07-28T06:45:00Z,2026-07-28T08:45:00+0200,7015.7,MW,FR,FR,actual_solar_generation,Solar,2026-08-21T01:55:25Z
2026-08-21T01:53:59Z,2026-08-21T03:53:59+0200,dab098cd-e140-4c97-b435-f000c3ac97ba,2026-07-28T07:00:00Z,2026-07-28T09:00:00+0200,8391.6,MW,FR,FR,actual_solar_generation,Solar,2026-08-21T01:55:25Z
2026-08-21T01:53:59Z,2026-08-21T03:53:59+0200,dab098cd-e140-4c97-b435-f000c3ac97ba,2026-07-28T07:15:00Z,2026-07-28T09:15:00+0200,9816.0,MW,FR,FR,actual_solar_generation,Solar,2026-08-21T01:55:25Z
2026-08-21T01:53:59Z,2026-08-21T03:53:59+0200,dab098cd-e140-4c97-b435-f000c3ac97ba,2026-07-28T07:30:00Z,2026-07-28T09:30:00+0200,11253.03,MW,FR,FR,actual_solar_generation,Solar,2026-08-21T01:55:25Z
2026-08-21T01:53:59Z,2026-08-21T03:53:59+0200,dab098cd-e140-4c97-b435-f000c3ac97ba,2026-07-28T07:45:00Z,2026-07-28T09:45:00+0200,12533.24,MW,FR,FR,actual_solar_generation,Solar,2026-08-21T01:55:25Z
2026-08-21T01:53:59Z,2026-08-21T03:53:59+0200,dab098cd-e140-4c97-b435-f000c3ac97ba,2026-07-28T08:00:00Z,2026-07-28T10:00:00+0200,13542.47,MW,FR,FR,actual_solar_generation,Solar,2026-08-21T01:55:25Z
2026-08-21T01:53:59Z,2026-08-21T03:53:59+0200,dab098cd-e140-4c97-b435-f000c3ac97ba,2026-07-28T08:15:00Z,2026-07-28T10:15:00+0200,13060.44,MW,FR,FR,actual_solar_generation,Solar,2026-08-21T01:55:25Z
2026-08-21T01:53:59Z,2026-08-21T03:53:59+0200,dab098cd-e140-4c97-b435-f000c3ac97ba,2026-07-28T08:30:00Z,2026-07-28T10:30:00+0200,11747.49,MW,FR,FR,actual_solar_generation,Solar,2026-08-21T01:55:25Z
2026-08-21T01:53:59Z,2026-08-21T03:53:59+0200,dab098cd-e140-4c97-b435-f000c3ac97ba,2026-07-28T08:45:00Z,2026-07-28T10:45:00+0200,12337.16,MW,FR,FR,actual_solar_generation,Solar,2026-08-21T01:55:25Z
2026-08-21T01:53:59Z,2026-08-21T03:53:59+0200,dab098cd-e140-4c97-b435-f000c3ac97ba,2026-07-28T09:00:00Z,2026-07-28T11:00:00+0200,12981.25,MW,FR,FR,actual_solar_generation,Solar,2026-08-21T01:55:25Z
2026-08-21T01:53:59Z,2026-08-21T03:53:59+0200,dab098cd-e140-4c97-b435-f000c3ac97ba,2026-07-28T09:15:00Z,2026-07-28T11:15:00+0200,13597.0,MW,FR,FR,actual_solar_generation,Solar,2026-08-21T01:55:25Z
2026-08-21T01:53:59Z,2026-08-21T03:53:59+0200,dab098cd-e140-4c97-b435-f000c3ac97ba,2026-07-28T09:30:00Z,2026-07-28T11:30:00+0200,14388.42,MW,FR,FR,actual_solar_generation,Solar,2026-08-21T01:55:25Z
2026-08-21T01:53:59Z,2026-08-21T03:53:59+0200,dab098cd-e140-4c97-b435-f000c3ac97ba,2026-07-28T09:45:00Z,2026-07-28T11:45:00+0200,14926.77,MW,FR,FR,actual_solar_generation,Solar,2026-08-21T01:55:25Z
2026-08-21T01:53:59Z,2026-08-21T03:53:59+0200,dab098cd-e140-4c97-b435-f000c3ac97ba,2026-07-28T10:00:00Z,2026-07-28T12:00:00+0200,18008.59,MW,FR,FR,actual_solar_generation,Solar,2026-08-21T01:55:25Z
2026-08-21T01:53:59Z,2026-08-21T03:53:59+0200,dab098cd-e140-4c97-b435-f000c3ac97ba,2026-07-28T10:15:00Z,2026-07-28T12:15:00+0200,20764.58,MW,FR,FR,actual_solar_generation,Solar,2026-08-21T01:55:25Z
2026-08-21T01:53:59Z,2026-08-21T03:53:59+0200,dab098cd-e140-4c97-b435-f000c3ac97ba,2026-07-28T10:30:00Z,2026-07-28T12:30:00+0200,19466.63,MW,FR,FR,actual_solar_generation,Solar,2026-08-21T01:55:25Z
2026-08-21T01:53:59Z,2026-08-21T03:53:59+0200,dab098cd-e140-4c97-b435-f000c3ac97ba,2026-07-28T10:45:00Z,2026-07-28T12:45:00+0200,16513.85,MW,FR,FR,actual_solar_generation,Solar,2026-08-21T01:55:25Z
2026-08-21T01:53:59Z,2026-08-21T03:53:59+0200,dab098cd-e140-4c97-b435-f000c3ac97ba,2026-07-28T11:00:00Z,2026-07-28T13:00:00+0200,16999.16,MW,FR,FR,actual_solar_generation,Solar,2026-08-21T01:55:25Z
2026-08-21T01:53:59Z,2026-08-21T03:53:59+0200,dab098cd-e140-4c97-b435-f000c3ac97ba,2026-07-28T11:15:00Z,2026-07-28T13:15:00+0200,17505.67,MW,FR,FR,actual_solar_generation,Solar,2026-08-21T01:55:25Z
2026-08-21T01:53:59Z,2026-08-21T03:53:59+0200,dab098cd-e140-4c97-b435-f000c3ac97ba,2026-07-28T11:30:00Z,2026-07-28T13:30:00+0200,17580.91,MW,FR,FR,actual_solar_generation,Solar,2026-08-21T01:55:25Z
2026-08-21T01:53:59Z,2026-08-21T03:53:59+0200,dab098cd-e140-4c97-b435-f000c3ac97ba,2026-07-28T11:45:00Z,2026-07-28T13:45:00+0200,17589.26,MW,FR,FR,actual_solar_generation,Solar,2026-08-21T01:55:25Z
2026-08-21T01:53:59Z,2026-08-21T03:53:59+0200,dab098cd-e140-4c97-b435-f000c3ac97ba,2026-07-28T12:00:00Z,2026-07-28T14:00:00+0200,17652.71,MW,FR,FR,actual_solar_generation,Solar,2026-08-21T01:55:25Z
2026-08-21T01:53:59Z,2026-08-21T03:53:59+0200,dab098cd-e140-4c97-b435-f000c3ac97ba,2026-07-28T12:15:00Z,2026-07-28T14:15:00+0200,20347.86,MW,FR,FR,actual_solar_generation,Solar,2026-08-21T01:55:25Z
2026-08-21T01:53:59Z,2026-08-21T03:53:59+0200,dab098cd-e140-4c97-b435-f000c3ac97ba,2026-07-28T12:30:00Z,2026-07-28T14:30:00+0200,21959.0,MW,FR,FR,actual_solar_generation,Solar,2026-08-21T01:55:25Z
2026-08-21T01:53:59Z,2026-08-21T03:53:59+0200,dab098cd-e140-4c97-b435-f000c3ac97ba,2026-07-28T12:45:00Z,2026-07-28T14:45:00+0200,21265.06,MW,FR,FR,actual_solar_generation,Solar,2026-08-21T01:55:25Z
2026-08-21T01:53:59Z,2026-08-21T03:53:59+0200,dab098cd-e140-4c97-b435-f000c3ac97ba,2026-07-28T13:00:00Z,2026-07-28T15:00:00+0200,21077.04,MW,FR,FR,actual_solar_generation,Solar,2026-08-21T01:55:25Z
2026-08-21T01:53:59Z,2026-08-21T03:53:59+0200,dab098cd-e140-4c97-b435-f000c3ac97ba,2026-07-28T13:15:00Z,2026-07-28T15:15:00+0200,20826.65,MW,FR,FR,actual_solar_generation,Solar,2026-08-21T01:55:25Z
2026-08-21T01:53:59Z,2026-08-21T03:53:59+0200,dab098cd-e140-4c97-b435-f000c3ac97ba,2026-07-28T13:30:00Z,2026-07-28T15:30:00+0200,20519.61,MW,FR,FR,actual_solar_generation,Solar,2026-08-21T01:55:25Z
2026-08-21T01:53:59Z,2026-08-21T03:53:59+0200,dab098cd-e140-4c97-b435-f000c3ac97ba,2026-07-28T13:45:00Z,2026-07-28T15:45:00+0200,20136.38,MW,FR,FR,actual_solar_generation,Solar,2026-08-21T01:55:25Z
2026-08-21T01:53:59Z,2026-08-21T03:53:59+0200,dab098cd-e140-4c97-b435-f000c3ac97ba,2026-07-28T14:00:00Z,2026-07-28T16:00:00+0200,19417.93,MW,FR,FR,actual_solar_generation,Solar,2026-08-21T01:55:25Z
2026-08-21T01:53:59Z,2026-08-21T03:53:59+0200,dab098cd-e140-4c97-b435-f000c3ac97ba,2026-07-28T14:15:00Z,2026-07-28T16:15:00+0200,18824.05,MW,FR,FR,actual_solar_generation,Solar,2026-08-21T01:55:25Z
2026-08-21T01:53:59Z,2026-08-21T03:53:59+0200,dab098cd-e140-4c97-b435-f000c3ac97ba,2026-07-28T14:30:00Z,2026-07-28T16:30:00+0200,18090.64,MW,FR,FR,actual_solar_generation,Solar,2026-08-21T01:55:25Z
2026-08-21T01:53:59Z,2026-08-21T03:53:59+0200,dab098cd-e140-4c97-b435-f000c3ac97ba,2026-07-28T14:45:00Z,2026-07-28T16:45:00+0200,17379.3,MW,FR,FR,actual_solar_generation,Solar,2026-08-21T01:55:25Z
2026-08-21T01:53:59Z,2026-08-21T03:53:59+0200,dab098cd-e140-4c97-b435-f000c3ac97ba,2026-07-28T15:00:00Z,2026-07-28T17:00:00+0200,16528.25,MW,FR,FR,actual_solar_generation,Solar,2026-08-21T01:55:25Z
2026-08-21T01:53:59Z,2026-08-21T03:53:59+0200,dab098cd-e140-4c97-b435-f000c3ac97ba,2026-07-28T15:15:00Z,2026-07-28T17:15:00+0200,15637.93,MW,FR,FR,actual_solar_generation,Solar,2026-08-21T01:55:25Z
2026-08-21T01:53:59Z,2026-08-21T03:53:59+0200,dab098cd-e140-4c97-b435-f000c3ac97ba,2026-07-28T15:30:00Z,2026-07-28T17:30:00+0200,14663.14,MW,FR,FR,actual_solar_generation,Solar,2026-08-21T01:55:25Z
2026-08-21T01:53:59Z,2026-08-21T03:53:59+0200,dab098cd-e140-4c97-b435-f000c3ac97ba,2026-07-28T15:45:00Z,2026-07-28T17:45:00+0200,13644.03,MW,FR,FR,actual_solar_generation,Solar,2026-08-21T01:55:25Z
2026-08-21T01:53:59Z,2026-08-21T03:53:59+0200,dab098cd-e140-4c97-b435-f000c3ac97ba,2026-07-28T16:00:00Z,2026-07-28T18:00:00+0200,12477.84,MW,FR,FR,actual_solar_generation,Solar,2026-08-21T01:55:25Z
2026-08-21T01:53:59Z,2026-08-21T03:53:59+0200,dab098cd-e140-4c97-b435-f000c3ac97ba,2026-07-28T16:15:00Z,2026-07-28T18:15:00+0200,11290.47,MW,FR,FR,actual_solar_generation,Solar,2026-08-21T01:55:25Z
2026-08-21T01:53:59Z,2026-08-21T03:53:59+0200,dab098cd-e140-4c97-b435-f000c3ac97ba,2026-07-28T16:30:00Z,2026-07-28T18:30:00+0200,10025.54,MW,FR,FR,actual_solar_generation,Solar,2026-08-21T01:55:25Z
2026-08-21T01:53:59Z,2026-08-21T03:53:59+0200,dab098cd-e140-4c97-b435-f000c3ac97ba,2026-07-28T16:45:00Z,2026-07-28T18:45:00+0200,8725.42,MW,FR,FR,actual_solar_generation,Solar,2026-08-21T01:55:25Z
2026-08-21T01:53:59Z,2026-08-21T03:53:59+0200,dab098cd-e140-4c97-b435-f000c3ac97ba,2026-07-28T17:00:00Z,2026-07-28T19:00:00+0200,7356.9,MW,FR,FR,actual_solar_generation,Solar,2026-08-21T01:55:25Z
2026-08-21T01:53:59Z,2026-08-21T03:53:59+0200,dab098cd-e140-4c97-b435-f000c3ac97ba,2026-07-28T17:15:00Z,2026-07-28T19:15:00+0200,6053.75,MW,FR,FR,actual_solar_generation,Solar,2026-08-21T01:55:25Z
2026-08-21T01:53:59Z,2026-08-21T03:53:59+0200,dab098cd-e140-4c97-b435-f000c3ac97ba,2026-07-28T17:30:00Z,2026-07-28T19:30:00+0200,4791.98,MW,FR,FR,actual_solar_generation,Solar,2026-08-21T01:55:25Z
2026-08-21T01:53:59Z,2026-08-21T03:53:59+0200,dab098cd-e140-4c97-b435-f000c3ac97ba,2026-07-28T17:45:00Z,2026-07-28T19:45:00+0200,3666.4,MW,FR,FR,actual_solar_generation,Solar,2026-08-21T01:55:25Z
2026-08-21T01:53:59Z,2026-08-21T03:53:59+0200,dab098cd-e140-4c97-b435-f000c3ac97ba,2026-07-28T18:00:00Z,2026-07-28T20:00:00+0200,2683.31,MW,FR,FR,actual_solar_generation,Solar,2026-08-21T01:55:25Z
2026-08-21T01:53:59Z,2026-08-21T03:53:59+0200,dab098cd-e140-4c97-b435-f000c3ac97ba,2026-07-28T18:15:00Z,2026-07-28T20:15:00+0200,1910.1,MW,FR,FR,actual_solar_generation,Solar,2026-08-21T01:55:25Z
2026-08-21T01:53:59Z,2026-08-21T03:53:59+0200,dab098cd-e140-4c97-b435-f000c3ac97ba,2026-07-28T18:30:00Z,2026-07-28T20:30:00+0200,1338.0,MW,FR,FR,actual_solar_generation,Solar,2026-08-21T01:55:25Z
2026-08-21T01:53:59Z,2026-08-21T03:53:59+0200,dab098cd-e140-4c97-b435-f000c3ac97ba,2026-07-28T18:45:00Z,2026-07-28T20:45:00+0200,927.25,MW,FR,FR,actual_solar_generation,Solar,2026-08-21T01:55:25Z
2026-08-21T01:53:59Z,2026-08-21T03:53:59+0200,dab098cd-e140-4c97-b435-f000c3ac97ba,2026-07-28T19:00:00Z,2026-07-28T21:00:00+0200,597.83,MW,FR,FR,actual_solar_generation,Solar,2026-08-21T01:55:25Z
2026-08-21T01:53:59Z,2026-08-21T03:53:59+0200,dab098cd-e140-4c97-b435-f000c3ac97ba,2026-07-28T19:15:00Z,2026-07-28T21:15:00+0200,358.76,MW,FR,FR,actual_solar_generation,Solar,2026-08-21T01:55:25Z
2026-08-21T01:53:59Z,2026-08-21T03:53:59+0200,dab098cd-e140-4c97-b435-f000c3ac97ba,2026-07-28T19:30:00Z,2026-07-28T21:30:00+0200,241.78,MW,FR,FR,actual_solar_generation,Solar,2026-08-21T01:55:25Z
2026-08-21T01:53:59Z,2026-08-21T03:53:59+0200,dab098cd-e140-4c97-b435-f000c3ac97ba,2026-07-28T19:45:00Z,2026-07-28T21:45:00+0200,216.19,MW,FR,FR,actual_solar_generation,Solar,2026-08-21T01:55:25Z
2026-08-21T01:53:59Z,2026-08-21T03:53:59+0200,dab098cd-e140-4c97-b435-f000c3ac97ba,2026-07-28T20:00:00Z,2026-07-28T22:00:00+0200,205.21,MW,FR,FR,actual_solar_generation,Solar,2026-08-21T01:55:25Z
2026-08-21T01:53:59Z,2026-08-21T03:53:59+0200,dab098cd-e140-4c97-b435-f000c3ac97ba,2026-07-28T20:15:00Z,2026-07-28T22:15:00+0200,208.06,MW,FR,FR,actual_solar_generation,Solar,2026-08-21T01:55:25Z
2026-08-21T01:53:59Z,2026-08-21T03:53:59+0200,dab098cd-e140-4c97-b435-f000c3ac97ba,2026-07-28T20:30:00Z,2026-07-28T22:30:00+0200,206.85,MW,FR,FR,actual_solar_generation,Solar,2026-08-21T01:55:25Z
2026-08-21T01:53:59Z,2026-08-21T03:53:59+0200,dab098cd-e140-4c97-b435-f000c3ac97ba,2026-07-28T20:45:00Z,2026-07-28T22:45:00+0200,209.51,MW,FR,FR,actual_solar_generation,Solar,2026-08-21T01:55:25Z
2026-08-21T01:53:59Z,2026-08-21T03:53:59+0200,dab098cd-e140-4c97-b435-f000c3ac97ba,2026-07-28T21:00:00Z,2026-07-28T23:00:00+0200,204.63,MW,FR,FR,actual_solar_generation,Solar,2026-08-21T01:55:25Z
2026-08-21T01:53:59Z,2026-08-21T03:53:59+0200,dab098cd-e140-4c97-b435-f000c3ac97ba,2026-07-28T21:15:00Z,2026-07-28T23:15:00+0200,203.47,MW,FR,FR,actual_solar_generation,Solar,2026-08-21T01:55:25Z
2026-08-21T01:53:59Z,2026-08-21T03:53:59+0200,dab098cd-e140-4c97-b435-f000c3ac97ba,2026-07-28T21:30:00Z,2026-07-28T23:30:00+0200,202.53,MW,FR,FR,actual_solar_generation,Solar,2026-08-21T01:55:25Z
2026-08-21T01:53:59Z,2026-08-21T03:53:59+0200,dab098cd-e140-4c97-b435-f000c3ac97ba,2026-07-28T21:45:00Z,2026-07-28T23:45:00+0200,200.84,MW,FR,FR,actual_solar_generation,Solar,2026-08-21T01:55:25Z
2026-08-21T01:53:59Z,2026-08-21T03:53:59+0200,dab098cd-e140-4c97-b435-f000c3ac97ba,2026-07-28T22:00:00Z,2026-07-29T00:00:00+0200,0.0,MW,FR,FR,actual_solar_generation,Solar,2026-08-21T01:55:25Z
2026-08-21T01:53:59Z,2026-08-21T03:53:59+0200,dab098cd-e140-4c97-b435-f000c3ac97ba,2026-07-28T22:15:00Z,2026-07-29T00:15:00+0200,0.0,MW,FR,FR,actual_solar_generation,Solar,2026-08-21T01:55:25Z
2026-08-21T01:53:59Z,2026-08-21T03:53:59+0200,dab098cd-e140-4c97-b435-f000c3ac97ba,2026-07-28T22:30:00Z,2026-07-29T00:30:00+0200,0.0,MW,FR,FR,actual_solar_generation,Solar,2026-08-21T01:55:25Z
2026-08-21T01:53:59Z,2026-08-21T03:53:59+0200,dab098cd-e140-4c97-b435-f000c3ac97ba,2026-07-28T22:45:00Z,2026-07-29T00:45:00+0200,0.0,MW,FR,FR,actual_solar_generation,Solar,2026-08-21T01:55:25Z
2026-08-21T01:53:59Z,2026-08-21T03:53:59+0200,dab098cd-e140-4c97-b435-f000c3ac97ba,2026-07-28T23:00:00Z,2026-07-29T01:00:00+0200,0.0,MW,FR,FR,actual_solar_generation,Solar,2026-08-21T01:55:25Z
2026-08-21T01:53:59Z,2026-08-21T03:53:59+0200,dab098cd-e140-4c97-b435-f000c3ac97ba,2026-07-28T23:15:00Z,2026-07-29T01:15:00+0200,0.0,MW,FR,FR,actual_solar_generation,Solar,2026-08-21T01:55:25Z
2026-08-21T01:53:59Z,2026-08-21T03:53:59+0200,dab098cd-e140-4c97-b435-f000c3ac97ba,2026-07-28T23:30:00Z,2026-07-29T01:30:00+0200,0.0,MW,FR,FR,actual_solar_generation,Solar,2026-08-21T01:55:25Z
2026-08-21T01:53:59Z,2026-08-21T03:53:59+0200,dab098cd-e140-4c97-b435-f000c3ac97ba,2026-07-28T23:45:00Z,2026-07-29T01:45:00+0200,0.0,MW,FR,FR,actual_solar_generation,Solar,2026-08-21T01:55:25Z
2026-08-21T01:53:59Z,2026-08-21T03:53:59+0200,dab098cd-e140-4c97-b435-f000c3ac97ba,2026-07-29T00:00:00Z,2026-07-29T02:00:00+0200,0.0,MW,FR,FR,actual_solar_generation,Solar,2026-08-21T01:55:25Z
2026-08-21T01:53:59Z,2026-08-21T03:53:59+0200,dab098cd-e140-4c97-b435-f000c3ac97ba,2026-07-29T00:15:00Z,2026-07-29T02:15:00+0200,0.0,MW,FR,FR,actual_solar_generation,Solar,2026-08-21T01:55:25Z
2026-08-21T01:53:59Z,2026-08-21T03:53:59+0200,dab098cd-e140-4c97-b435-f000c3ac97ba,2026-07-29T00:30:00Z,2026-07-29T02:30:00+0200,0.0,MW,FR,FR,actual_solar_generation,Solar,2026-08-21T01:55:25Z
2026-08-21T01:53:59Z,2026-08-21T03:53:59+0200,dab098cd-e140-4c97-b435-f000c3ac97ba,2026-07-29T00:45:00Z,2026-07-29T02:45:00+0200,0.0,MW,FR,FR,actual_solar_generation,Solar,2026-08-21T01:55:25Z
2026-08-21T01:53:59Z,2026-08-21T03:53:59+0200,dab098cd-e140-4c97-b435-f000c3ac97ba,2026-07-29T01:00:00Z,2026-07-29T03:00:00+0200,0.0,MW,FR,FR,actual_solar_generation,Solar,2026-08-21T01:55:25Z
2026-08-21T01:53:59Z,2026-08-21T03:53:59+0200,dab098cd-e140-4c97-b435-f000c3ac97ba,2026-07-29T01:15:00Z,2026-07-29T03:15:00+0200,0.0,MW,FR,FR,actual_solar_generation,Solar,2026-08-21T01:55:25Z
2026-08-21T01:53:59Z,2026-08-21T03:53:59+0200,dab098cd-e140-4c97-b435-f000c3ac97ba,2026-07-29T01:30:00Z,2026-07-29T03:30:00+0200,0.0,MW,FR,FR,actual_solar_generation,Solar,2026-08-21T01:55:25Z
2026-08-21T01:53:59Z,2026-08-21T03:53:59+0200,dab098cd-e140-4c97-b435-f000c3ac97ba,2026-07-29T01:45:00Z,2026-07-29T03:45:00+0200,0.0,MW,FR,FR,actual_solar_generation,Solar,2026-08-21T01:55:25Z
2026-08-21T01:53:59Z,2026-08-21T03:53:59+0200,dab098cd-e140-4c97-b435-f000c3ac97ba,2026-07-29T02:00:00Z,2026-07-29T04:00:00+0200,0.0,MW,FR,FR,actual_solar_generation,Solar,2026-08-21T01:55:25Z
2026-08-21T01:53:59Z,2026-08-21T03:53:59+0200,dab098cd-e140-4c97-b435-f000c3ac97ba,2026-07-29T02:15:00Z,2026-07-29T04:15:00+0200,0.0,MW,FR,FR,actual_solar_generation,Solar,2026-08-21T01:55:25Z
2026-08-21T01:53:59Z,2026-08-21T03:53:59+0200,dab098cd-e140-4c97-b435-f000c3ac97ba,2026-07-29T02:30:00Z,2026-07-29T04:30:00+0200,0.0,MW,FR,FR,actual_solar_generation,Solar,2026-08-21T01:55:25Z
2026-08-21T01:53:59Z,2026-08-21T03:53:59+0200,dab098cd-e140-4c97-b435-f000c3ac97ba,2026-07-29T02:45:00Z,2026-07-29T04:45:00+0200,0.0,MW,FR,FR,actual_solar_generation,Solar,2026-08-21T01:55:25Z
2026-08-21T01:53:59Z,2026-08-21T03:53:59+0200,dab098cd-e140-4c97-b435-f000c3ac97ba,2026-07-29T03:00:00Z,2026-07-29T05:00:00+0200,194.8,MW,FR,FR,actual_solar_generation,Solar,2026-08-21T01:55:25Z
2026-08-21T01:53:59Z,2026-08-21T03:53:59+0200,dab098cd-e140-4c97-b435-f000c3ac97ba,2026-07-29T03:15:00Z,2026-07-29T05:15:00+0200,195.14,MW,FR,FR,actual_solar_generation,Solar,2026-08-21T01:55:25Z
2026-08-21T01:53:59Z,2026-08-21T03:53:59+0200,dab098cd-e140-4c97-b435-f000c3ac97ba,2026-07-29T03:30:00Z,2026-07-29T05:30:00+0200,194.52,MW,FR,FR,actual_solar_generation,Solar,2026-08-21T01:55:25Z
2026-08-21T01:53:59Z,2026-08-21T03:53:59+0200,dab098cd-e140-4c97-b435-f000c3ac97ba,2026-07-29T03:45:00Z,2026-07-29T05:45:00+0200,196.08,MW,FR,FR,actual_solar_generation,Solar,2026-08-21T01:55:25Z
2026-08-21T01:53:59Z,2026-08-21T03:53:59+0200,dab098cd-e140-4c97-b435-f000c3ac97ba,2026-07-29T04:00:00Z,2026-07-29T06:00:00+0200,204.92,MW,FR,FR,actual_solar_generation,Solar,2026-08-21T01:55:25Z
2026-08-21T01:53:59Z,2026-08-21T03:53:59+0200,dab098cd-e140-4c97-b435-f000c3ac97ba,2026-07-29T04:15:00Z,2026-07-29T06:15:00+0200,238.61,MW,FR,FR,actual_solar_generation,Solar,2026-08-21T01:55:25Z
2026-08-21T01:53:59Z,2026-08-21T03:53:59+0200,dab098cd-e140-4c97-b435-f000c3ac97ba,2026-07-29T04:30:00Z,2026-07-29T06:30:00+0200,323.52,MW,FR,FR,actual_solar_generation,Solar,2026-08-21T01:55:25Z
2026-08-21T01:53:59Z,2026-08-21T03:53:59+0200,dab098cd-e140-4c97-b435-f000c3ac97ba,2026-07-29T04:45:00Z,2026-07-29T06:45:00+0200,480.45,MW,FR,FR,actual_solar_generation,Solar,2026-08-21T01:55:25Z
2026-08-21T01:53:59Z,2026-08-21T03:53:59+0200,dab098cd-e140-4c97-b435-f000c3ac97ba,2026-07-29T05:00:00Z,2026-07-29T07:00:00+0200,718.82,MW,FR,FR,actual_solar_generation,Solar,2026-08-21T01:55:25Z
2026-08-21T01:53:59Z,2026-08-21T03:53:59+0200,dab098cd-e140-4c97-b435-f000c3ac97ba,2026-07-29T05:15:00Z,2026-07-29T07:15:00+0200,1064.39,MW,FR,FR,actual_solar_generation,Solar,2026-08-21T01:55:25Z
2026-08-21T01:53:59Z,2026-08-21T03:53:59+0200,dab098cd-e140-4c97-b435-f000c3ac97ba,2026-07-29T05:30:00Z,2026-07-29T07:30:00+0200,1571.96,MW,FR,FR,actual_solar_generation,Solar,2026-08-21T01:55:25Z
2026-08-21T01:53:59Z,2026-08-21T03:53:59+0200,dab098cd-e140-4c97-b435-f000c3ac97ba,2026-07-29T05:45:00Z,2026-07-29T07:45:00+0200,2290.33,MW,FR,FR,actual_solar_generation,Solar,2026-08-21T01:55:25Z
2026-08-21T01:53:59Z,2026-08-21T03:53:59+0200,dab098cd-e140-4c97-b435-f000c3ac97ba,2026-07-29T06:00:00Z,2026-07-29T08:00:00+0200,3139.65,MW,FR,FR,actual_solar_generation,Solar,2026-08-21T01:55:25Z
2026-08-21T01:53:59Z,2026-08-21T03:53:59+0200,dab098cd-e140-4c97-b435-f000c3ac97ba,2026-07-29T06:15:00Z,2026-07-29T08:15:00+0200,4149.23,MW,FR,FR,actual_solar_generation,Solar,2026-08-21T01:55:25Z
2026-08-21T01:53:59Z,2026-08-21T03:53:59+0200,dab098cd-e140-4c97-b435-f000c3ac97ba,2026-07-29T06:30:00Z,2026-07-29T08:30:00+0200,5265.91,MW,FR,FR,actual_solar_generation,Solar,2026-08-21T01:55:25Z
2026-08-21T01:53:59Z,2026-08-21T03:53:59+0200,dab098cd-e140-4c97-b435-f000c3ac97ba,2026-07-29T06:45:00Z,2026-07-29T08:45:00+0200,6477.15,MW,FR,FR,actual_solar_generation,Solar,2026-08-21T01:55:25Z
2026-08-21T01:53:59Z,2026-08-21T03:53:59+0200,dab098cd-e140-4c97-b435-f000c3ac97ba,2026-07-29T07:00:00Z,2026-07-29T09:00:00+0200,7714.76,MW,FR,FR,actual_solar_generation,Solar,2026-08-21T01:55:25Z
2026-08-21T01:53:59Z,2026-08-21T03:53:59+0200,dab098cd-e140-4c97-b435-f000c3ac97ba,2026-07-29T07:15:00Z,2026-07-29T09:15:00+0200,9095.85,MW,FR,FR,actual_solar_generation,Solar,2026-08-21T01:55:25Z
2026-08-21T01:53:59Z,2026-08-21T03:53:59+0200,dab098cd-e140-4c97-b435-f000c3ac97ba,2026-07-29T07:30:00Z,2026-07-29T09:30:00+0200,10419.66,MW,FR,FR,actual_solar_generation,Solar,2026-08-21T01:55:25Z
2026-08-21T01:53:59Z,2026-08-21T03:53:59+0200,dab098cd-e140-4c97-b435-f000c3ac97ba,2026-07-29T07:45:00Z,2026-07-29T09:45:00+0200,11721.58,MW,FR,FR,actual_solar_generation,Solar,2026-08-21T01:55:25Z
2026-08-21T01:53:59Z,2026-08-21T03:53:59+0200,dab098cd-e140-4c97-b435-f000c3ac97ba,2026-07-29T08:00:00Z,2026-07-29T10:00:00+0200,12901.66,MW,FR,FR,actual_solar_generation,Solar,2026-08-21T01:55:25Z
2026-08-21T01:53:59Z,2026-08-21T03:53:59+0200,dab098cd-e140-4c97-b435-f000c3ac97ba,2026-07-29T08:15:00Z,2026-07-29T10:15:00+0200,13943.93,MW,FR,FR,actual_solar_generation,Solar,2026-08-21T01:55:25Z
2026-08-21T01:53:59Z,2026-08-21T03:53:59+0200,dab098cd-e140-4c97-b435-f000c3ac97ba,2026-07-29T08:30:00Z,2026-07-29T10:30:00+0200,14948.23,MW,FR,FR,actual_solar_generation,Solar,2026-08-21T01:55:25Z
2026-08-21T01:53:59Z,2026-08-21T03:53:59+0200,dab098cd-e140-4c97-b435-f000c3ac97ba,2026-07-29T08:45:00Z,2026-07-29T10:45:00+0200,15939.85,MW,FR,FR,actual_solar_generation,Solar,2026-08-21T01:55:25Z
2026-08-21T01:53:59Z,2026-08-21T03:53:59+0200,dab098cd-e140-4c97-b435-f000c3ac97ba,2026-07-29T09:00:00Z,2026-07-29T11:00:00+0200,16767.64,MW,FR,FR,actual_solar_generation,Solar,2026-08-21T01:55:25Z
2026-08-21T01:53:59Z,2026-08-21T03:53:59+0200,dab098cd-e140-4c97-b435-f000c3ac97ba,2026-07-29T09:15:00Z,2026-07-29T11:15:00+0200,17541.91,MW,FR,FR,actual_solar_generation,Solar,2026-08-21T01:55:25Z
2026-08-21T01:53:59Z,2026-08-21T03:53:59+0200,dab098cd-e140-4c97-b435-f000c3ac97ba,2026-07-29T09:30:00Z,2026-07-29T11:30:00+0200,18227.07,MW,FR,FR,actual_solar_generation,Solar,2026-08-21T01:55:25Z
2026-08-21T01:53:59Z,2026-08-21T03:53:59+0200,dab098cd-e140-4c97-b435-f000c3ac97ba,2026-07-29T09:45:00Z,2026-07-29T11:45:00+0200,18815.76,MW,FR,FR,actual_solar_generation,Solar,2026-08-21T01:55:25Z
2026-08-21T01:53:59Z,2026-08-21T03:53:59+0200,dab098cd-e140-4c97-b435-f000c3ac97ba,2026-07-29T10:00:00Z,2026-07-29T12:00:00+0200,19332.2,MW,FR,FR,actual_solar_generation,Solar,2026-08-21T01:55:25Z
2026-08-21T01:53:59Z,2026-08-21T03:53:59+0200,dab098cd-e140-4c97-b435-f000c3ac97ba,2026-07-29T10:15:00Z,2026-07-29T12:15:00+0200,19746.21,MW,FR,FR,actual_solar_generation,Solar,2026-08-21T01:55:25Z
2026-08-21T01:53:59Z,2026-08-21T03:53:59+0200,dab098cd-e140-4c97-b435-f000c3ac97ba,2026-07-29T10:30:00Z,2026-07-29T12:30:00+0200,20126.12,MW,FR,FR,actual_solar_generation,Solar,2026-08-21T01:55:25Z
2026-08-21T01:53:59Z,2026-08-21T03:53:59+0200,dab098cd-e140-4c97-b435-f000c3ac97ba,2026-07-29T10:45:00Z,2026-07-29T12:45:00+0200,20370.29,MW,FR,FR,actual_solar_generation,Solar,2026-08-21T01:55:25Z
2026-08-21T01:53:59Z,2026-08-21T03:53:59+0200,dab098cd-e140-4c97-b435-f000c3ac97ba,2026-07-29T11:00:00Z,2026-07-29T13:00:00+0200,20592.24,MW,FR,FR,actual_solar_generation,Solar,2026-08-21T01:55:25Z
2026-08-21T01:53:59Z,2026-08-21T03:53:59+0200,dab098cd-e140-4c97-b435-f000c3ac97ba,2026-07-29T11:15:00Z,2026-07-29T13:15:00+0200,20752.84,MW,FR,FR,actual_solar_generation,Solar,2026-08-21T01:55:25Z
2026-08-21T01:53:59Z,2026-08-21T03:53:59+0200,dab098cd-e140-4c97-b435-f000c3ac97ba,2026-07-29T11:30:00Z,2026-07-29T13:30:00+0200,20820.43,MW,FR,FR,actual_solar_generation,Solar,2026-08-21T01:55:25Z
2026-08-21T01:53:59Z,2026-08-21T03:53:59+0200,dab098cd-e140-4c97-b435-f000c3ac97ba,2026-07-29T11:45:00Z,2026-07-29T13:45:00+0200,20884.96,MW,FR,FR,actual_solar_generation,Solar,2026-08-21T01:55:25Z
2026-08-21T01:53:59Z,2026-08-21T03:53:59+0200,dab098cd-e140-4c97-b435-f000c3ac97ba,2026-07-29T12:00:00Z,2026-07-29T14:00:00+0200,20866.0,MW,FR,FR,actual_solar_generation,Solar,2026-08-21T01:55:25Z
2026-08-21T01:53:59Z,2026-08-21T03:53:59+0200,dab098cd-e140-4c97-b435-f000c3ac97ba,2026-07-29T12:15:00Z,2026-07-29T14:15:00+0200,20813.95,MW,FR,FR,actual_solar_generation,Solar,2026-08-21T01:55:25Z
2026-08-21T01:53:59Z,2026-08-21T03:53:59+0200,dab098cd-e140-4c97-b435-f000c3ac97ba,2026-07-29T12:30:00Z,2026-07-29T14:30:00+0200,20666.53,MW,FR,FR,actual_solar_generation,Solar,2026-08-21T01:55:25Z
2026-08-21T01:53:59Z,2026-08-21T03:53:59+0200,dab098cd-e140-4c97-b435-f000c3ac97ba,2026-07-29T12:45:00Z,2026-07-29T14:45:00+0200,20344.98,MW,FR,FR,actual_solar_generation,Solar,2026-08-21T01:55:25Z
2026-08-21T01:53:59Z,2026-08-21T03:53:59+0200,dab098cd-e140-4c97-b435-f000c3ac97ba,2026-07-29T13:00:00Z,2026-07-29T15:00:00+0200,20034.82,MW,FR,FR,actual_solar_generation,Solar,2026-08-21T01:55:25Z
2026-08-21T01:53:59Z,2026-08-21T03:53:59+0200,dab098cd-e140-4c97-b435-f000c3ac97ba,2026-07-29T13:15:00Z,2026-07-29T15:15:00+0200,19639.68,MW,FR,FR,actual_solar_generation,Solar,2026-08-21T01:55:25Z
2026-08-21T01:53:59Z,2026-08-21T03:53:59+0200,dab098cd-e140-4c97-b435-f000c3ac97ba,2026-07-29T13:30:00Z,2026-07-29T15:30:00+0200,19318.18,MW,FR,FR,actual_solar_generation,Solar,2026-08-21T01:55:25Z
2026-08-21T01:53:59Z,2026-08-21T03:53:59+0200,dab098cd-e140-4c97-b435-f000c3ac97ba,2026-07-29T13:45:00Z,2026-07-29T15:45:00+0200,18866.4,MW,FR,FR,actual_solar_generation,Solar,2026-08-21T01:55:25Z
2026-08-21T01:53:59Z,2026-08-21T03:53:59+0200,dab098cd-e140-4c97-b435-f000c3ac97ba,2026-07-29T14:00:00Z,2026-07-29T16:00:00+0200,18329.66,MW,FR,FR,actual_solar_generation,Solar,2026-08-21T01:55:25Z
2026-08-21T01:53:59Z,2026-08-21T03:53:59+0200,dab098cd-e140-4c97-b435-f000c3ac97ba,2026-07-29T14:15:00Z,2026-07-29T16:15:00+0200,17752.03,MW,FR,FR,actual_solar_generation,Solar,2026-08-21T01:55:25Z
2026-08-21T01:53:59Z,2026-08-21T03:53:59+0200,dab098cd-e140-4c97-b435-f000c3ac97ba,2026-07-29T14:30:00Z,2026-07-29T16:30:00+0200,17086.99,MW,FR,FR,actual_solar_generation,Solar,2026-08-21T01:55:25Z
2026-08-21T01:53:59Z,2026-08-21T03:53:59+0200,dab098cd-e140-4c97-b435-f000c3ac97ba,2026-07-29T14:45:00Z,2026-07-29T16:45:00+0200,16343.48,MW,FR,FR,actual_solar_generation,Solar,2026-08-21T01:55:25Z
2026-08-21T01:53:59Z,2026-08-21T03:53:59+0200,dab098cd-e140-4c97-b435-f000c3ac97ba,2026-07-29T15:00:00Z,2026-07-29T17:00:00+0200,15736.4,MW,FR,FR,actual_solar_generation,Solar,2026-08-21T01:55:25Z
2026-08-21T01:53:59Z,2026-08-21T03:53:59+0200,dab098cd-e140-4c97-b435-f000c3ac97ba,2026-07-29T15:15:00Z,2026-07-29T17:15:00+0200,14842.43,MW,FR,FR,actual_solar_generation,Solar,2026-08-21T01:55:25Z
2026-08-21T01:53:59Z,2026-08-21T03:53:59+0200,dab098cd-e140-4c97-b435-f000c3ac97ba,2026-07-29T15:30:00Z,2026-07-29T17:30:00+0200,13877.33,MW,FR,FR,actual_solar_generation,Solar,2026-08-21T01:55:25Z
2026-08-21T01:53:59Z,2026-08-21T03:53:59+0200,dab098cd-e140-4c97-b435-f000c3ac97ba,2026-07-29T15:45:00Z,2026-07-29T17:45:00+0200,12823.92,MW,FR,FR,actual_solar_generation,Solar,2026-08-21T01:55:25Z
2026-08-21T01:53:59Z,2026-08-21T03:53:59+0200,dab098cd-e140-4c97-b435-f000c3ac97ba,2026-07-29T16:00:00Z,2026-07-29T18:00:00+0200,11740.8,MW,FR,FR,actual_solar_generation,Solar,2026-08-21T01:55:25Z
2026-08-21T01:53:59Z,2026-08-21T03:53:59+0200,dab098cd-e140-4c97-b435-f000c3ac97ba,2026-07-29T16:15:00Z,2026-07-29T18:15:00+0200,10537.89,MW,FR,FR,actual_solar_generation,Solar,2026-08-21T01:55:25Z
2026-08-21T01:53:59Z,2026-08-21T03:53:59+0200,dab098cd-e140-4c97-b435-f000c3ac97ba,2026-07-29T16:30:00Z,2026-07-29T18:30:00+0200,9290.27,MW,FR,FR,actual_solar_generation,Solar,2026-08-21T01:55:25Z
2026-08-21T01:53:59Z,2026-08-21T03:53:59+0200,dab098cd-e140-4c97-b435-f000c3ac97ba,2026-07-29T16:45:00Z,2026-07-29T18:45:00+0200,8029.41,MW,FR,FR,actual_solar_generation,Solar,2026-08-21T01:55:25Z
2026-08-21T01:53:59Z,2026-08-21T03:53:59+0200,dab098cd-e140-4c97-b435-f000c3ac97ba,2026-07-29T17:00:00Z,2026-07-29T19:00:00+0200,6769.16,MW,FR,FR,actual_solar_generation,Solar,2026-08-21T01:55:25Z
2026-08-21T01:53:59Z,2026-08-21T03:53:59+0200,dab098cd-e140-4c97-b435-f000c3ac97ba,2026-07-29T17:15:00Z,2026-07-29T19:15:00+0200,5526.25,MW,FR,FR,actual_solar_generation,Solar,2026-08-21T01:55:25Z
2026-08-21T01:53:59Z,2026-08-21T03:53:59+0200,dab098cd-e140-4c97-b435-f000c3ac97ba,2026-07-29T17:30:00Z,2026-07-29T19:30:00+0200,4373.98,MW,FR,FR,actual_solar_generation,Solar,2026-08-21T01:55:25Z
2026-08-21T01:53:59Z,2026-08-21T03:53:59+0200,dab098cd-e140-4c97-b435-f000c3ac97ba,2026-07-29T17:45:00Z,2026-07-29T19:45:00+0200,3359.69,MW,FR,FR,actual_solar_generation,Solar,2026-08-21T01:55:25Z
2026-08-21T01:53:59Z,2026-08-21T03:53:59+0200,dab098cd-e140-4c97-b435-f000c3ac97ba,2026-07-29T18:00:00Z,2026-07-29T20:00:00+0200,2466.81,MW,FR,FR,actual_solar_generation,Solar,2026-08-21T01:55:25Z
2026-08-21T01:53:59Z,2026-08-21T03:53:59+0200,dab098cd-e140-4c97-b435-f000c3ac97ba,2026-07-29T18:15:00Z,2026-07-29T20:15:00+0200,1751.01,MW,FR,FR,actual_solar_generation,Solar,2026-08-21T01:55:25Z
2026-08-21T01:53:59Z,2026-08-21T03:53:59+0200,dab098cd-e140-4c97-b435-f000c3ac97ba,2026-07-29T18:30:00Z,2026-07-29T20:30:00+0200,1221.11,MW,FR,FR,actual_solar_generation,Solar,2026-08-21T01:55:25Z
2026-08-21T01:53:59Z,2026-08-21T03:53:59+0200,dab098cd-e140-4c97-b435-f000c3ac97ba,2026-07-29T18:45:00Z,2026-07-29T20:45:00+0200,832.07,MW,FR,FR,actual_solar_generation,Solar,2026-08-21T01:55:25Z
2026-08-21T01:53:59Z,2026-08-21T03:53:59+0200,dab098cd-e140-4c97-b435-f000c3ac97ba,2026-07-29T19:00:00Z,2026-07-29T21:00:00+0200,530.86,MW,FR,FR,actual_solar_generation,Solar,2026-08-21T01:55:25Z
2026-08-21T01:53:59Z,2026-08-21T03:53:59+0200,dab098cd-e140-4c97-b435-f000c3ac97ba,2026-07-29T19:15:00Z,2026-07-29T21:15:00+0200,314.92,MW,FR,FR,actual_solar_generation,Solar,2026-08-21T01:55:25Z
2026-08-21T01:53:59Z,2026-08-21T03:53:59+0200,dab098cd-e140-4c97-b435-f000c3ac97ba,2026-07-29T19:30:00Z,2026-07-29T21:30:00+0200,220.05,MW,FR,FR,actual_solar_generation,Solar,2026-08-21T01:55:25Z
2026-08-21T01:53:59Z,2026-08-21T03:53:59+0200,dab098cd-e140-4c97-b435-f000c3ac97ba,2026-07-29T19:45:00Z,2026-07-29T21:45:00+0200,195.64,MW,FR,FR,actual_solar_generation,Solar,2026-08-21T01:55:25Z
2026-08-21T01:53:59Z,2026-08-21T03:53:59+0200,dab098cd-e140-4c97-b435-f000c3ac97ba,2026-07-29T20:00:00Z,2026-07-29T22:00:00+0200,192.02,MW,FR,FR,actual_solar_generation,Solar,2026-08-21T01:55:25Z
2026-08-21T01:53:59Z,2026-08-21T03:53:59+0200,dab098cd-e140-4c97-b435-f000c3ac97ba,2026-07-29T20:15:00Z,2026-07-29T22:15:00+0200,192.82,MW,FR,FR,actual_solar_generation,Solar,2026-08-21T01:55:25Z
2026-08-21T01:53:59Z,2026-08-21T03:53:59+0200,dab098cd-e140-4c97-b435-f000c3ac97ba,2026-07-29T20:30:00Z,2026-07-29T22:30:00+0200,194.9,MW,FR,FR,actual_solar_generation,Solar,2026-08-21T01:55:25Z
2026-08-21T01:53:59Z,2026-08-21T03:53:59+0200,dab098cd-e140-4c97-b435-f000c3ac97ba,2026-07-29T20:45:00Z,2026-07-29T22:45:00+0200,195.43,MW,FR,FR,actual_solar_generation,Solar,2026-08-21T01:55:25Z
2026-08-21T01:53:59Z,2026-08-21T03:53:59+0200,dab098cd-e140-4c97-b435-f000c3ac97ba,2026-07-29T21:00:00Z,2026-07-29T23:00:00+0200,194.24,MW,FR,FR,actual_solar_generation,Solar,2026-08-21T01:55:25Z
2026-08-21T01:53:59Z,2026-08-21T03:53:59+0200,dab098cd-e140-4c97-b435-f000c3ac97ba,2026-07-29T21:15:00Z,2026-07-29T23:15:00+0200,194.85,MW,FR,FR,actual_solar_generation,Solar,2026-08-21T01:55:25Z
2026-08-21T01:53:59Z,2026-08-21T03:53:59+0200,dab098cd-e140-4c97-b435-f000c3ac97ba,2026-07-29T21:30:00Z,2026-07-29T23:30:00+0200,195.72,MW,FR,FR,actual_solar_generation,Solar,2026-08-21T01:55:25Z
2026-08-21T01:53:59Z,2026-08-21T03:53:59+0200,dab098cd-e140-4c97-b435-f000c3ac97ba,2026-07-29T21:45:00Z,2026-07-29T23:45:00+0200,194.59,MW,FR,FR,actual_solar_generation,Solar,2026-08-21T01:55:25Z
2026-08-21T01:53:59Z,2026-08-21T03:53:59+0200,dab098cd-e140-4c97-b435-f000c3ac97ba,2026-07-29T22:00:00Z,2026-07-30T00:00:00+0200,0.0,MW,FR,FR,actual_solar_generation,Solar,2026-08-21T01:55:25Z
2026-08-21T01:53:59Z,2026-08-21T03:53:59+0200,dab098cd-e140-4c97-b435-f000c3ac97ba,2026-07-29T22:15:00Z,2026-07-30T00:15:00+0200,0.0,MW,FR,FR,actual_solar_generation,Solar,2026-08-21T01:55:25Z
2026-08-21T01:53:59Z,2026-08-21T03:53:59+0200,dab098cd-e140-4c97-b435-f000c3ac97ba,2026-07-29T22:30:00Z,2026-07-30T00:30:00+0200,0.0,MW,FR,FR,actual_solar_generation,Solar,2026-08-21T01:55:25Z
2026-08-21T01:53:59Z,2026-08-21T03:53:59+0200,dab098cd-e140-4c97-b435-f000c3ac97ba,2026-07-29T22:45:00Z,2026-07-30T00:45:00+0200,0.0,MW,FR,FR,actual_solar_generation,Solar,2026-08-21T01:55:25Z
2026-08-21T01:53:59Z,2026-08-21T03:53:59+0200,dab098cd-e140-4c97-b435-f000c3ac97ba,2026-07-29T23:00:00Z,2026-07-30T01:00:00+0200,0.0,MW,FR,FR,actual_solar_generation,Solar,2026-08-21T01:55:25Z
2026-08-21T01:53:59Z,2026-08-21T03:53:59+0200,dab098cd-e140-4c97-b435-f000c3ac97ba,2026-07-29T23:15:00Z,2026-07-30T01:15:00+0200,0.0,MW,FR,FR,actual_solar_generation,Solar,2026-08-21T01:55:25Z
2026-08-21T01:53:59Z,2026-08-21T03:53:59+0200,dab098cd-e140-4c97-b435-f000c3ac97ba,2026-07-29T23:30:00Z,2026-07-30T01:30:00+0200,0.0,MW,FR,FR,actual_solar_generation,Solar,2026-08-21T01:55:25Z
2026-08-21T01:53:59Z,2026-08-21T03:53:59+0200,dab098cd-e140-4c97-b435-f000c3ac97ba,2026-07-29T23:45:00Z,2026-07-30T01:45:00+0200,0.0,MW,FR,FR,actual_solar_generation,Solar,2026-08-21T01:55:25Z
2026-08-21T01:53:59Z,2026-08-21T03:53:59+0200,dab098cd-e140-4c97-b435-f000c3ac97ba,2026-07-30T00:00:00Z,2026-07-30T02:00:00+0200,0.0,MW,FR,FR,actual_solar_generation,Solar,2026-08-21T01:55:25Z
2026-08-21T01:53:59Z,2026-08-21T03:53:59+0200,dab098cd-e140-4c97-b435-f000c3ac97ba,2026-07-30T00:15:00Z,2026-07-30T02:15:00+0200,0.0,MW,FR,FR,actual_solar_generation,Solar,2026-08-21T01:55:25Z
2026-08-21T01:53:59Z,2026-08-21T03:53:59+0200,dab098cd-e140-4c97-b435-f000c3ac97ba,2026-07-30T00:30:00Z,2026-07-30T02:30:00+0200,0.0,MW,FR,FR,actual_solar_generation,Solar,2026-08-21T01:55:25Z
2026-08-21T01:53:59Z,2026-08-21T03:53:59+0200,dab098cd-e140-4c97-b435-f000c3ac97ba,2026-07-30T00:45:00Z,2026-07-30T02:45:00+0200,0.0,MW,FR,FR,actual_solar_generation,Solar,2026-08-21T01:55:25Z
2026-08-21T01:53:59Z,2026-08-21T03:53:59+0200,dab098cd-e140-4c97-b435-f000c3ac97ba,2026-07-30T01:00:00Z,2026-07-30T03:00:00+0200,0.0,MW,FR,FR,actual_solar_generation,Solar,2026-08-21T01:55:25Z
2026-08-21T01:53:59Z,2026-08-21T03:53:59+0200,dab098cd-e140-4c97-b435-f000c3ac97ba,2026-07-30T01:15:00Z,2026-07-30T03:15:00+0200,0.0,MW,FR,FR,actual_solar_generation,Solar,2026-08-21T01:55:25Z
2026-08-21T01:53:59Z,2026-08-21T03:53:59+0200,dab098cd-e140-4c97-b435-f000c3ac97ba,2026-07-30T01:30:00Z,2026-07-30T03:30:00+0200,0.0,MW,FR,FR,actual_solar_generation,Solar,2026-08-21T01:55:25Z
2026-08-21T01:53:59Z,2026-08-21T03:53:59+0200,dab098cd-e140-4c97-b435-f000c3ac97ba,2026-07-30T01:45:00Z,2026-07-30T03:45:00+0200,0.0,MW,FR,FR,actual_solar_generation,Solar,2026-08-21T01:55:25Z
2026-08-21T01:53:59Z,2026-08-21T03:53:59+0200,dab098cd-e140-4c97-b435-f000c3ac97ba,2026-07-30T02:00:00Z,2026-07-30T04:00:00+0200,0.0,MW,FR,FR,actual_solar_generation,Solar,2026-08-21T01:55:25Z
2026-08-21T01:53:59Z,2026-08-21T03:53:59+0200,dab098cd-e140-4c97-b435-f000c3ac97ba,2026-07-30T02:15:00Z,2026-07-30T04:15:00+0200,0.0,MW,FR,FR,actual_solar_generation,Solar,2026-08-21T01:55:25Z
2026-08-21T01:53:59Z,2026-08-21T03:53:59+0200,dab098cd-e140-4c97-b435-f000c3ac97ba,2026-07-30T02:30:00Z,2026-07-30T04:30:00+0200,0.0,MW,FR,FR,actual_solar_generation,Solar,2026-08-21T01:55:25Z
2026-08-21T01:53:59Z,2026-08-21T03:53:59+0200,dab098cd-e140-4c97-b435-f000c3ac97ba,2026-07-30T02:45:00Z,2026-07-30T04:45:00+0200,0.0,MW,FR,FR,actual_solar_generation,Solar,2026-08-21T01:55:25Z
2026-08-21T01:53:59Z,2026-08-21T03:53:59+0200,dab098cd-e140-4c97-b435-f000c3ac97ba,2026-07-30T03:00:00Z,2026-07-30T05:00:00+0200,184.26,MW,FR,FR,actual_solar_generation,Solar,2026-08-21T01:55:25Z
2026-08-21T01:53:59Z,2026-08-21T03:53:59+0200,dab098cd-e140-4c97-b435-f000c3ac97ba,2026-07-30T03:15:00Z,2026-07-30T05:15:00+0200,183.39,MW,FR,FR,actual_solar_generation,Solar,2026-08-21T01:55:25Z
2026-08-21T01:53:59Z,2026-08-21T03:53:59+0200,dab098cd-e140-4c97-b435-f000c3ac97ba,2026-07-30T03:30:00Z,2026-07-30T05:30:00+0200,184.34,MW,FR,FR,actual_solar_generation,Solar,2026-08-21T01:55:25Z
2026-08-21T01:53:59Z,2026-08-21T03:53:59+0200,dab098cd-e140-4c97-b435-f000c3ac97ba,2026-07-30T03:45:00Z,2026-07-30T05:45:00+0200,184.96,MW,FR,FR,actual_solar_generation,Solar,2026-08-21T01:55:25Z
2026-08-21T01:53:59Z,2026-08-21T03:53:59+0200,dab098cd-e140-4c97-b435-f000c3ac97ba,2026-07-30T04:00:00Z,2026-07-30T06:00:00+0200,192.15,MW,FR,FR,actual_solar_generation,Solar,2026-08-21T01:55:25Z
2026-08-21T01:53:59Z,2026-08-21T03:53:59+0200,dab098cd-e140-4c97-b435-f000c3ac97ba,2026-07-30T04:15:00Z,2026-07-30T06:15:00+0200,225.21,MW,FR,FR,actual_solar_generation,Solar,2026-08-21T01:55:25Z
2026-08-21T01:53:59Z,2026-08-21T03:53:59+0200,dab098cd-e140-4c97-b435-f000c3ac97ba,2026-07-30T04:30:00Z,2026-07-30T06:30:00+0200,306.78,MW,FR,FR,actual_solar_generation,Solar,2026-08-21T01:55:25Z
2026-08-21T01:53:59Z,2026-08-21T03:53:59+0200,dab098cd-e140-4c97-b435-f000c3ac97ba,2026-07-30T04:45:00Z,2026-07-30T06:45:00+0200,438.71,MW,FR,FR,actual_solar_generation,Solar,2026-08-21T01:55:25Z
2026-08-21T01:53:59Z,2026-08-21T03:53:59+0200,dab098cd-e140-4c97-b435-f000c3ac97ba,2026-07-30T05:00:00Z,2026-07-30T07:00:00+0200,625.36,MW,FR,FR,actual_solar_generation,Solar,2026-08-21T01:55:25Z
2026-08-21T01:53:59Z,2026-08-21T03:53:59+0200,dab098cd-e140-4c97-b435-f000c3ac97ba,2026-07-30T05:15:00Z,2026-07-30T07:15:00+0200,901.94,MW,FR,FR,actual_solar_generation,Solar,2026-08-21T01:55:25Z
2026-08-21T01:53:59Z,2026-08-21T03:53:59+0200,dab098cd-e140-4c97-b435-f000c3ac97ba,2026-07-30T05:30:00Z,2026-07-30T07:30:00+0200,1287.17,MW,FR,FR,actual_solar_generation,Solar,2026-08-21T01:55:25Z
2026-08-21T01:53:59Z,2026-08-21T03:53:59+0200,dab098cd-e140-4c97-b435-f000c3ac97ba,2026-07-30T05:45:00Z,2026-07-30T07:45:00+0200,1839.64,MW,FR,FR,actual_solar_generation,Solar,2026-08-21T01:55:25Z
2026-08-21T01:53:59Z,2026-08-21T03:53:59+0200,dab098cd-e140-4c97-b435-f000c3ac97ba,2026-07-30T06:00:00Z,2026-07-30T08:00:00+0200,2460.67,MW,FR,FR,actual_solar_generation,Solar,2026-08-21T01:55:25Z
2026-08-21T01:53:59Z,2026-08-21T03:53:59+0200,dab098cd-e140-4c97-b435-f000c3ac97ba,2026-07-30T06:15:00Z,2026-07-30T08:15:00+0200,3156.88,MW,FR,FR,actual_solar_generation,Solar,2026-08-21T01:55:25Z
2026-08-21T01:53:59Z,2026-08-21T03:53:59+0200,dab098cd-e140-4c97-b435-f000c3ac97ba,2026-07-30T06:30:00Z,2026-07-30T08:30:00+0200,3798.43,MW,FR,FR,actual_solar_generation,Solar,2026-08-21T01:55:25Z
2026-08-21T01:53:59Z,2026-08-21T03:53:59+0200,dab098cd-e140-4c97-b435-f000c3ac97ba,2026-07-30T06:45:00Z,2026-07-30T08:45:00+0200,4551.35,MW,FR,FR,actual_solar_generation,Solar,2026-08-21T01:55:25Z
2026-08-21T01:53:59Z,2026-08-21T03:53:59+0200,dab098cd-e140-4c97-b435-f000c3ac97ba,2026-07-30T07:00:00Z,2026-07-30T09:00:00+0200,5084.25,MW,FR,FR,actual_solar_generation,Solar,2026-08-21T01:55:25Z
2026-08-21T01:53:59Z,2026-08-21T03:53:59+0200,dab098cd-e140-4c97-b435-f000c3ac97ba,2026-07-30T07:15:00Z,2026-07-30T09:15:00+0200,5902.4,MW,FR,FR,actual_solar_generation,Solar,2026-08-21T01:55:25Z
2026-08-21T01:53:59Z,2026-08-21T03:53:59+0200,dab098cd-e140-4c97-b435-f000c3ac97ba,2026-07-30T07:30:00Z,2026-07-30T09:30:00+0200,6679.76,MW,FR,FR,actual_solar_generation,Solar,2026-08-21T01:55:25Z
2026-08-21T01:53:59Z,2026-08-21T03:53:59+0200,dab098cd-e140-4c97-b435-f000c3ac97ba,2026-07-30T07:45:00Z,2026-07-30T09:45:00+0200,7515.17,MW,FR,FR,actual_solar_generation,Solar,2026-08-21T01:55:25Z
2026-08-21T01:53:59Z,2026-08-21T03:53:59+0200,dab098cd-e140-4c97-b435-f000c3ac97ba,2026-07-30T08:00:00Z,2026-07-30T10:00:00+0200,8287.61,MW,FR,FR,actual_solar_generation,Solar,2026-08-21T01:55:25Z
2026-08-21T01:53:59Z,2026-08-21T03:53:59+0200,dab098cd-e140-4c97-b435-f000c3ac97ba,2026-07-30T08:15:00Z,2026-07-30T10:15:00+0200,8876.73,MW,FR,FR,actual_solar_generation,Solar,2026-08-21T01:55:25Z
2026-08-21T01:53:59Z,2026-08-21T03:53:59+0200,dab098cd-e140-4c97-b435-f000c3ac97ba,2026-07-30T08:30:00Z,2026-07-30T10:30:00+0200,9625.44,MW,FR,FR,actual_solar_generation,Solar,2026-08-21T01:55:25Z
2026-08-21T01:53:59Z,2026-08-21T03:53:59+0200,dab098cd-e140-4c97-b435-f000c3ac97ba,2026-07-30T08:45:00Z,2026-07-30T10:45:00+0200,10382.16,MW,FR,FR,actual_solar_generation,Solar,2026-08-21T01:55:25Z
2026-08-21T01:53:59Z,2026-08-21T03:53:59+0200,dab098cd-e140-4c97-b435-f000c3ac97ba,2026-07-30T09:00:00Z,2026-07-30T11:00:00+0200,11207.6,MW,FR,FR,actual_solar_generation,Solar,2026-08-21T01:55:25Z
2026-08-21T01:53:59Z,2026-08-21T03:53:59+0200,dab098cd-e140-4c97-b435-f000c3ac97ba,2026-07-30T09:15:00Z,2026-07-30T11:15:00+0200,11769.27,MW,FR,FR,actual_solar_generation,Solar,2026-08-21T01:55:25Z
2026-08-21T01:53:59Z,2026-08-21T03:53:59+0200,dab098cd-e140-4c97-b435-f000c3ac97ba,2026-07-30T09:30:00Z,2026-07-30T11:30:00+0200,12279.2,MW,FR,FR,actual_solar_generation,Solar,2026-08-21T01:55:25Z
2026-08-21T01:53:59Z,2026-08-21T03:53:59+0200,dab098cd-e140-4c97-b435-f000c3ac97ba,2026-07-30T09:45:00Z,2026-07-30T11:45:00+0200,12898.32,MW,FR,FR,actual_solar_generation,Solar,2026-08-21T01:55:25Z
2026-08-21T01:53:59Z,2026-08-21T03:53:59+0200,dab098cd-e140-4c97-b435-f000c3ac97ba,2026-07-30T10:00:00Z,2026-07-30T12:00:00+0200,13464.89,MW,FR,FR,actual_solar_generation,Solar,2026-08-21T01:55:25Z
2026-08-21T01:53:59Z,2026-08-21T03:53:59+0200,dab098cd-e140-4c97-b435-f000c3ac97ba,2026-07-30T10:15:00Z,2026-07-30T12:15:00+0200,13927.2,MW,FR,FR,actual_solar_generation,Solar,2026-08-21T01:55:25Z
2026-08-21T01:53:59Z,2026-08-21T03:53:59+0200,dab098cd-e140-4c97-b435-f000c3ac97ba,2026-07-30T10:30:00Z,2026-07-30T12:30:00+0200,14474.02,MW,FR,FR,actual_solar_generation,Solar,2026-08-21T01:55:25Z
2026-08-21T01:53:59Z,2026-08-21T03:53:59+0200,dab098cd-e140-4c97-b435-f000c3ac97ba,2026-07-30T10:45:00Z,2026-07-30T12:45:00+0200,14931.48,MW,FR,FR,actual_solar_generation,Solar,2026-08-21T01:55:25Z
2026-08-21T01:53:59Z,2026-08-21T03:53:59+0200,dab098cd-e140-4c97-b435-f000c3ac97ba,2026-07-30T11:00:00Z,2026-07-30T13:00:00+0200,15327.51,MW,FR,FR,actual_solar_generation,Solar,2026-08-21T01:55:25Z
2026-08-21T01:53:59Z,2026-08-21T03:53:59+0200,dab098cd-e140-4c97-b435-f000c3ac97ba,2026-07-30T11:15:00Z,2026-07-30T13:15:00+0200,15594.77,MW,FR,FR,actual_solar_generation,Solar,2026-08-21T01:55:25Z
2026-08-21T01:53:59Z,2026-08-21T03:53:59+0200,dab098cd-e140-4c97-b435-f000c3ac97ba,2026-07-30T11:30:00Z,2026-07-30T13:30:00+0200,15982.57,MW,FR,FR,actual_solar_generation,Solar,2026-08-21T01:55:25Z
2026-08-21T01:53:59Z,2026-08-21T03:53:59+0200,dab098cd-e140-4c97-b435-f000c3ac97ba,2026-07-30T11:45:00Z,2026-07-30T13:45:00+0200,16358.33,MW,FR,FR,actual_solar_generation,Solar,2026-08-21T01:55:25Z
2026-08-21T01:53:59Z,2026-08-21T03:53:59+0200,dab098cd-e140-4c97-b435-f000c3ac97ba,2026-07-30T12:00:00Z,2026-07-30T14:00:00+0200,16636.39,MW,FR,FR,actual_solar_generation,Solar,2026-08-21T01:55:25Z
2026-08-21T01:53:59Z,2026-08-21T03:53:59+0200,dab098cd-e140-4c97-b435-f000c3ac97ba,2026-07-30T12:15:00Z,2026-07-30T14:15:00+0200,16989.86,MW,FR,FR,actual_solar_generation,Solar,2026-08-21T01:55:25Z
2026-08-21T01:53:59Z,2026-08-21T03:53:59+0200,dab098cd-e140-4c97-b435-f000c3ac97ba,2026-07-30T12:30:00Z,2026-07-30T14:30:00+0200,17130.46,MW,FR,FR,actual_solar_generation,Solar,2026-08-21T01:55:25Z
2026-08-21T01:53:59Z,2026-08-21T03:53:59+0200,dab098cd-e140-4c97-b435-f000c3ac97ba,2026-07-30T12:45:00Z,2026-07-30T14:45:00+0200,17114.79,MW,FR,FR,actual_solar_generation,Solar,2026-08-21T01:55:25Z
2026-08-21T01:53:59Z,2026-08-21T03:53:59+0200,dab098cd-e140-4c97-b435-f000c3ac97ba,2026-07-30T13:00:00Z,2026-07-30T15:00:00+0200,17194.88,MW,FR,FR,actual_solar_generation,Solar,2026-08-21T01:55:25Z
2026-08-21T01:53:59Z,2026-08-21T03:53:59+0200,dab098cd-e140-4c97-b435-f000c3ac97ba,2026-07-30T13:15:00Z,2026-07-30T15:15:00+0200,17118.46,MW,FR,FR,actual_solar_generation,Solar,2026-08-21T01:55:25Z
2026-08-21T01:53:59Z,2026-08-21T03:53:59+0200,dab098cd-e140-4c97-b435-f000c3ac97ba,2026-07-30T13:30:00Z,2026-07-30T15:30:00+0200,17026.91,MW,FR,FR,actual_solar_generation,Solar,2026-08-21T01:55:25Z
2026-08-21T01:53:59Z,2026-08-21T03:53:59+0200,dab098cd-e140-4c97-b435-f000c3ac97ba,2026-07-30T13:45:00Z,2026-07-30T15:45:00+0200,16849.63,MW,FR,FR,actual_solar_generation,Solar,2026-08-21T01:55:25Z
2026-08-21T01:53:59Z,2026-08-21T03:53:59+0200,dab098cd-e140-4c97-b435-f000c3ac97ba,2026-07-30T14:00:00Z,2026-07-30T16:00:00+0200,16604.16,MW,FR,FR,actual_solar_generation,Solar,2026-08-21T01:55:25Z
2026-08-21T01:53:59Z,2026-08-21T03:53:59+0200,dab098cd-e140-4c97-b435-f000c3ac97ba,2026-07-30T14:15:00Z,2026-07-30T16:15:00+0200,16333.18,MW,FR,FR,actual_solar_generation,Solar,2026-08-21T01:55:25Z
2026-08-21T01:53:59Z,2026-08-21T03:53:59+0200,dab098cd-e140-4c97-b435-f000c3ac97ba,2026-07-30T14:30:00Z,2026-07-30T16:30:00+0200,15901.9,MW,FR,FR,actual_solar_generation,Solar,2026-08-21T01:55:25Z
2026-08-21T01:53:59Z,2026-08-21T03:53:59+0200,dab098cd-e140-4c97-b435-f000c3ac97ba,2026-07-30T14:45:00Z,2026-07-30T16:45:00+0200,15211.83,MW,FR,FR,actual_solar_generation,Solar,2026-08-21T01:55:25Z
2026-08-21T01:53:59Z,2026-08-21T03:53:59+0200,dab098cd-e140-4c97-b435-f000c3ac97ba,2026-07-30T15:00:00Z,2026-07-30T17:00:00+0200,14537.97,MW,FR,FR,actual_solar_generation,Solar,2026-08-21T01:55:25Z
2026-08-21T01:53:59Z,2026-08-21T03:53:59+0200,dab098cd-e140-4c97-b435-f000c3ac97ba,2026-07-30T15:15:00Z,2026-07-30T17:15:00+0200,13765.93,MW,FR,FR,actual_solar_generation,Solar,2026-08-21T01:55:25Z
2026-08-21T01:53:59Z,2026-08-21T03:53:59+0200,dab098cd-e140-4c97-b435-f000c3ac97ba,2026-07-30T15:30:00Z,2026-07-30T17:30:00+0200,12920.42,MW,FR,FR,actual_solar_generation,Solar,2026-08-21T01:55:25Z
2026-08-21T01:53:59Z,2026-08-21T03:53:59+0200,dab098cd-e140-4c97-b435-f000c3ac97ba,2026-07-30T15:45:00Z,2026-07-30T17:45:00+0200,11973.55,MW,FR,FR,actual_solar_generation,Solar,2026-08-21T01:55:25Z
2026-08-21T01:53:59Z,2026-08-21T03:53:59+0200,dab098cd-e140-4c97-b435-f000c3ac97ba,2026-07-30T16:00:00Z,2026-07-30T18:00:00+0200,10984.14,MW,FR,FR,actual_solar_generation,Solar,2026-08-21T01:55:25Z
2026-08-21T01:53:59Z,2026-08-21T03:53:59+0200,dab098cd-e140-4c97-b435-f000c3ac97ba,2026-07-30T16:15:00Z,2026-07-30T18:15:00+0200,9865.14,MW,FR,FR,actual_solar_generation,Solar,2026-08-21T01:55:25Z
2026-08-21T01:53:59Z,2026-08-21T03:53:59+0200,dab098cd-e140-4c97-b435-f000c3ac97ba,2026-07-30T16:30:00Z,2026-07-30T18:30:00+0200,8754.8,MW,FR,FR,actual_solar_generation,Solar,2026-08-21T01:55:25Z
2026-08-21T01:53:59Z,2026-08-21T03:53:59+0200,dab098cd-e140-4c97-b435-f000c3ac97ba,2026-07-30T16:45:00Z,2026-07-30T18:45:00+0200,7570.75,MW,FR,FR,actual_solar_generation,Solar,2026-08-21T01:55:25Z
2026-08-21T01:53:59Z,2026-08-21T03:53:59+0200,dab098cd-e140-4c97-b435-f000c3ac97ba,2026-07-30T17:00:00Z,2026-07-30T19:00:00+0200,6361.17,MW,FR,FR,actual_solar_generation,Solar,2026-08-21T01:55:25Z
2026-08-21T01:53:59Z,2026-08-21T03:53:59+0200,dab098cd-e140-4c97-b435-f000c3ac97ba,2026-07-30T17:15:00Z,2026-07-30T19:15:00+0200,5217.69,MW,FR,FR,actual_solar_generation,Solar,2026-08-21T01:55:25Z
2026-08-21T01:53:59Z,2026-08-21T03:53:59+0200,dab098cd-e140-4c97-b435-f000c3ac97ba,2026-07-30T17:30:00Z,2026-07-30T19:30:00+0200,4141.4,MW,FR,FR,actual_solar_generation,Solar,2026-08-21T01:55:25Z
2026-08-21T01:53:59Z,2026-08-21T03:53:59+0200,dab098cd-e140-4c97-b435-f000c3ac97ba,2026-07-30T17:45:00Z,2026-07-30T19:45:00+0200,3170.77,MW,FR,FR,actual_solar_generation,Solar,2026-08-21T01:55:25Z
2026-08-21T01:53:59Z,2026-08-21T03:53:59+0200,dab098cd-e140-4c97-b435-f000c3ac97ba,2026-07-30T18:00:00Z,2026-07-30T20:00:00+0200,2335.68,MW,FR,FR,actual_solar_generation,Solar,2026-08-21T01:55:25Z
2026-08-21T01:53:59Z,2026-08-21T03:53:59+0200,dab098cd-e140-4c97-b435-f000c3ac97ba,2026-07-30T18:15:00Z,2026-07-30T20:15:00+0200,1672.09,MW,FR,FR,actual_solar_generation,Solar,2026-08-21T01:55:25Z
2026-08-21T01:53:59Z,2026-08-21T03:53:59+0200,dab098cd-e140-4c97-b435-f000c3ac97ba,2026-07-30T18:30:00Z,2026-07-30T20:30:00+0200,1181.39,MW,FR,FR,actual_solar_generation,Solar,2026-08-21T01:55:25Z
2026-08-21T01:53:59Z,2026-08-21T03:53:59+0200,dab098cd-e140-4c97-b435-f000c3ac97ba,2026-07-30T18:45:00Z,2026-07-30T20:45:00+0200,800.39,MW,FR,FR,actual_solar_generation,Solar,2026-08-21T01:55:25Z
2026-08-21T01:53:59Z,2026-08-21T03:53:59+0200,dab098cd-e140-4c97-b435-f000c3ac97ba,2026-07-30T19:00:00Z,2026-07-30T21:00:00+0200,504.13,MW,FR,FR,actual_solar_generation,Solar,2026-08-21T01:55:25Z
2026-08-21T01:53:59Z,2026-08-21T03:53:59+0200,dab098cd-e140-4c97-b435-f000c3ac97ba,2026-07-30T19:15:00Z,2026-07-30T21:15:00+0200,310.99,MW,FR,FR,actual_solar_generation,Solar,2026-08-21T01:55:25Z
2026-08-21T01:53:59Z,2026-08-21T03:53:59+0200,dab098cd-e140-4c97-b435-f000c3ac97ba,2026-07-30T19:30:00Z,2026-07-30T21:30:00+0200,231.12,MW,FR,FR,actual_solar_generation,Solar,2026-08-21T01:55:25Z
2026-08-21T01:53:59Z,2026-08-21T03:53:59+0200,dab098cd-e140-4c97-b435-f000c3ac97ba,2026-07-30T19:45:00Z,2026-07-30T21:45:00+0200,213.1,MW,FR,FR,actual_solar_generation,Solar,2026-08-21T01:55:25Z
2026-08-21T01:53:59Z,2026-08-21T03:53:59+0200,dab098cd-e140-4c97-b435-f000c3ac97ba,2026-07-30T20:00:00Z,2026-07-30T22:00:00+0200,209.98,MW,FR,FR,actual_solar_generation,Solar,2026-08-21T01:55:25Z
2026-08-21T01:53:59Z,2026-08-21T03:53:59+0200,dab098cd-e140-4c97-b435-f000c3ac97ba,2026-07-30T20:15:00Z,2026-07-30T22:15:00+0200,209.05,MW,FR,FR,actual_solar_generation,Solar,2026-08-21T01:55:25Z
2026-08-21T01:53:59Z,2026-08-21T03:53:59+0200,dab098cd-e140-4c97-b435-f000c3ac97ba,2026-07-30T20:30:00Z,2026-07-30T22:30:00+0200,210.12,MW,FR,FR,actual_solar_generation,Solar,2026-08-21T01:55:25Z
2026-08-21T01:53:59Z,2026-08-21T03:53:59+0200,dab098cd-e140-4c97-b435-f000c3ac97ba,2026-07-30T20:45:00Z,2026-07-30T22:45:00+0200,210.85,MW,FR,FR,actual_solar_generation,Solar,2026-08-21T01:55:25Z
2026-08-21T01:53:59Z,2026-08-21T03:53:59+0200,dab098cd-e140-4c97-b435-f000c3ac97ba,2026-07-30T21:00:00Z,2026-07-30T23:00:00+0200,209.76,MW,FR,FR,actual_solar_generation,Solar,2026-08-21T01:55:25Z
2026-08-21T01:53:59Z,2026-08-21T03:53:59+0200,dab098cd-e140-4c97-b435-f000c3ac97ba,2026-07-30T21:15:00Z,2026-07-30T23:15:00+0200,208.39,MW,FR,FR,actual_solar_generation,Solar,2026-08-21T01:55:25Z
2026-08-21T01:53:59Z,2026-08-21T03:53:59+0200,dab098cd-e140-4c97-b435-f000c3ac97ba,2026-07-30T21:30:00Z,2026-07-30T23:30:00+0200,208.22,MW,FR,FR,actual_solar_generation,Solar,2026-08-21T01:55:25Z
2026-08-21T01:53:59Z,2026-08-21T03:53:59+0200,dab098cd-e140-4c97-b435-f000c3ac97ba,2026-07-30T21:45:00Z,2026-07-30T23:45:00+0200,206.9,MW,FR,FR,actual_solar_generation,Solar,2026-08-21T01:55:25Z
2026-08-21T01:53:59Z,2026-08-21T03:53:59+0200,dab098cd-e140-4c97-b435-f000c3ac97ba,2026-07-30T22:00:00Z,2026-07-31T00:00:00+0200,0.0,MW,FR,FR,actual_solar_generation,Solar,2026-08-21T01:55:25Z
2026-08-21T01:53:59Z,2026-08-21T03:53:59+0200,dab098cd-e140-4c97-b435-f000c3ac97ba,2026-07-30T22:15:00Z,2026-07-31T00:15:00+0200,0.0,MW,FR,FR,actual_solar_generation,Solar,2026-08-21T01:55:25Z
2026-08-21T01:53:59Z,2026-08-21T03:53:59+0200,dab098cd-e140-4c97-b435-f000c3ac97ba,2026-07-30T22:30:00Z,2026-07-31T00:30:00+0200,0.0,MW,FR,FR,actual_solar_generation,Solar,2026-08-21T01:55:25Z
2026-08-21T01:53:59Z,2026-08-21T03:53:59+0200,dab098cd-e140-4c97-b435-f000c3ac97ba,2026-07-30T22:45:00Z,2026-07-31T00:45:00+0200,0.0,MW,FR,FR,actual_solar_generation,Solar,2026-08-21T01:55:25Z
2026-08-21T01:53:59Z,2026-08-21T03:53:59+0200,dab098cd-e140-4c97-b435-f000c3ac97ba,2026-07-30T23:00:00Z,2026-07-31T01:00:00+0200,0.0,MW,FR,FR,actual_solar_generation,Solar,2026-08-21T01:55:25Z
2026-08-21T01:53:59Z,2026-08-21T03:53:59+0200,dab098cd-e140-4c97-b435-f000c3ac97ba,2026-07-30T23:15:00Z,2026-07-31T01:15:00+0200,0.0,MW,FR,FR,actual_solar_generation,Solar,2026-08-21T01:55:25Z
2026-08-21T01:53:59Z,2026-08-21T03:53:59+0200,dab098cd-e140-4c97-b435-f000c3ac97ba,2026-07-30T23:30:00Z,2026-07-31T01:30:00+0200,0.0,MW,FR,FR,actual_solar_generation,Solar,2026-08-21T01:55:25Z
2026-08-21T01:53:59Z,2026-08-21T03:53:59+0200,dab098cd-e140-4c97-b435-f000c3ac97ba,2026-07-30T23:45:00Z,2026-07-31T01:45:00+0200,0.0,MW,FR,FR,actual_solar_generation,Solar,2026-08-21T01:55:25Z
2026-08-21T01:53:59Z,2026-08-21T03:53:59+0200,dab098cd-e140-4c97-b435-f000c3ac97ba,2026-07-31T00:00:00Z,2026-07-31T02:00:00+0200,0.0,MW,FR,FR,actual_solar_generation,Solar,2026-08-21T01:55:25Z
2026-08-21T01:53:59Z,2026-08-21T03:53:59+0200,dab098cd-e140-4c97-b435-f000c3ac97ba,2026-07-31T00:15:00Z,2026-07-31T02:15:00+0200,0.0,MW,FR,FR,actual_solar_generation,Solar,2026-08-21T01:55:25Z
2026-08-21T01:53:59Z,2026-08-21T03:53:59+0200,dab098cd-e140-4c97-b435-f000c3ac97ba,2026-07-31T00:30:00Z,2026-07-31T02:30:00+0200,0.0,MW,FR,FR,actual_solar_generation,Solar,2026-08-21T01:55:25Z
2026-08-21T01:53:59Z,2026-08-21T03:53:59+0200,dab098cd-e140-4c97-b435-f000c3ac97ba,2026-07-31T00:45:00Z,2026-07-31T02:45:00+0200,0.0,MW,FR,FR,actual_solar_generation,Solar,2026-08-21T01:55:25Z
2026-08-21T01:53:59Z,2026-08-21T03:53:59+0200,dab098cd-e140-4c97-b435-f000c3ac97ba,2026-07-31T01:00:00Z,2026-07-31T03:00:00+0200,0.0,MW,FR,FR,actual_solar_generation,Solar,2026-08-21T01:55:25Z
2026-08-21T01:53:59Z,2026-08-21T03:53:59+0200,dab098cd-e140-4c97-b435-f000c3ac97ba,2026-07-31T01:15:00Z,2026-07-31T03:15:00+0200,0.0,MW,FR,FR,actual_solar_generation,Solar,2026-08-21T01:55:25Z
2026-08-21T01:53:59Z,2026-08-21T03:53:59+0200,dab098cd-e140-4c97-b435-f000c3ac97ba,2026-07-31T01:30:00Z,2026-07-31T03:30:00+0200,0.0,MW,FR,FR,actual_solar_generation,Solar,2026-08-21T01:55:25Z
2026-08-21T01:53:59Z,2026-08-21T03:53:59+0200,dab098cd-e140-4c97-b435-f000c3ac97ba,2026-07-31T01:45:00Z,2026-07-31T03:45:00+0200,0.0,MW,FR,FR,actual_solar_generation,Solar,2026-08-21T01:55:25Z
2026-08-21T01:53:59Z,2026-08-21T03:53:59+0200,dab098cd-e140-4c97-b435-f000c3ac97ba,2026-07-31T02:00:00Z,2026-07-31T04:00:00+0200,0.0,MW,FR,FR,actual_solar_generation,Solar,2026-08-21T01:55:25Z
2026-08-21T01:53:59Z,2026-08-21T03:53:59+0200,dab098cd-e140-4c97-b435-f000c3ac97ba,2026-07-31T02:15:00Z,2026-07-31T04:15:00+0200,0.0,MW,FR,FR,actual_solar_generation,Solar,2026-08-21T01:55:25Z
2026-08-21T01:53:59Z,2026-08-21T03:53:59+0200,dab098cd-e140-4c97-b435-f000c3ac97ba,2026-07-31T02:30:00Z,2026-07-31T04:30:00+0200,0.0,MW,FR,FR,actual_solar_generation,Solar,2026-08-21T01:55:25Z
2026-08-21T01:53:59Z,2026-08-21T03:53:59+0200,dab098cd-e140-4c97-b435-f000c3ac97ba,2026-07-31T02:45:00Z,2026-07-31T04:45:00+0200,0.0,MW,FR,FR,actual_solar_generation,Solar,2026-08-21T01:55:25Z
2026-08-21T01:53:59Z,2026-08-21T03:53:59+0200,dab098cd-e140-4c97-b435-f000c3ac97ba,2026-07-31T03:00:00Z,2026-07-31T05:00:00+0200,201.17,MW,FR,FR,actual_solar_generation,Solar,2026-08-21T01:55:25Z
2026-08-21T01:53:59Z,2026-08-21T03:53:59+0200,dab098cd-e140-4c97-b435-f000c3ac97ba,2026-07-31T03:15:00Z,2026-07-31T05:15:00+0200,201.58,MW,FR,FR,actual_solar_generation,Solar,2026-08-21T01:55:25Z
2026-08-21T01:53:59Z,2026-08-21T03:53:59+0200,dab098cd-e140-4c97-b435-f000c3ac97ba,2026-07-31T03:30:00Z,2026-07-31T05:30:00+0200,199.55,MW,FR,FR,actual_solar_generation,Solar,2026-08-21T01:55:25Z
2026-08-21T01:53:59Z,2026-08-21T03:53:59+0200,dab098cd-e140-4c97-b435-f000c3ac97ba,2026-07-31T03:45:00Z,2026-07-31T05:45:00+0200,201.45,MW,FR,FR,actual_solar_generation,Solar,2026-08-21T01:55:25Z
2026-08-21T01:53:59Z,2026-08-21T03:53:59+0200,dab098cd-e140-4c97-b435-f000c3ac97ba,2026-07-31T04:00:00Z,2026-07-31T06:00:00+0200,213.17,MW,FR,FR,actual_solar_generation,Solar,2026-08-21T01:55:25Z
2026-08-21T01:53:59Z,2026-08-21T03:53:59+0200,dab098cd-e140-4c97-b435-f000c3ac97ba,2026-07-31T04:15:00Z,2026-07-31T06:15:00+0200,246.32,MW,FR,FR,actual_solar_generation,Solar,2026-08-21T01:55:25Z
2026-08-21T01:53:59Z,2026-08-21T03:53:59+0200,dab098cd-e140-4c97-b435-f000c3ac97ba,2026-07-31T04:30:00Z,2026-07-31T06:30:00+0200,313.67,MW,FR,FR,actual_solar_generation,Solar,2026-08-21T01:55:25Z
2026-08-21T01:53:59Z,2026-08-21T03:53:59+0200,dab098cd-e140-4c97-b435-f000c3ac97ba,2026-07-31T04:45:00Z,2026-07-31T06:45:00+0200,421.94,MW,FR,FR,actual_solar_generation,Solar,2026-08-21T01:55:25Z
2026-08-21T01:53:59Z,2026-08-21T03:53:59+0200,dab098cd-e140-4c97-b435-f000c3ac97ba,2026-07-31T05:00:00Z,2026-07-31T07:00:00+0200,602.59,MW,FR,FR,actual_solar_generation,Solar,2026-08-21T01:55:25Z
2026-08-21T01:53:59Z,2026-08-21T03:53:59+0200,dab098cd-e140-4c97-b435-f000c3ac97ba,2026-07-31T05:15:00Z,2026-07-31T07:15:00+0200,850.8,MW,FR,FR,actual_solar_generation,Solar,2026-08-21T01:55:25Z
2026-08-21T01:53:59Z,2026-08-21T03:53:59+0200,dab098cd-e140-4c97-b435-f000c3ac97ba,2026-07-31T05:30:00Z,2026-07-31T07:30:00+0200,1210.72,MW,FR,FR,actual_solar_generation,Solar,2026-08-21T01:55:25Z
2026-08-21T01:53:59Z,2026-08-21T03:53:59+0200,dab098cd-e140-4c97-b435-f000c3ac97ba,2026-07-31T05:45:00Z,2026-07-31T07:45:00+0200,1762.05,MW,FR,FR,actual_solar_generation,Solar,2026-08-21T01:55:25Z
2026-08-21T01:53:59Z,2026-08-21T03:53:59+0200,dab098cd-e140-4c97-b435-f000c3ac97ba,2026-07-31T06:00:00Z,2026-07-31T08:00:00+0200,2360.9,MW,FR,FR,actual_solar_generation,Solar,2026-08-21T01:55:25Z
2026-08-21T01:53:59Z,2026-08-21T03:53:59+0200,dab098cd-e140-4c97-b435-f000c3ac97ba,2026-07-31T06:15:00Z,2026-07-31T08:15:00+0200,3075.05,MW,FR,FR,actual_solar_generation,Solar,2026-08-21T01:55:25Z
2026-08-21T01:53:59Z,2026-08-21T03:53:59+0200,dab098cd-e140-4c97-b435-f000c3ac97ba,2026-07-31T06:30:00Z,2026-07-31T08:30:00+0200,3707.24,MW,FR,FR,actual_solar_generation,Solar,2026-08-21T01:55:25Z
2026-08-21T01:53:59Z,2026-08-21T03:53:59+0200,dab098cd-e140-4c97-b435-f000c3ac97ba,2026-07-31T06:45:00Z,2026-07-31T08:45:00+0200,4390.89,MW,FR,FR,actual_solar_generation,Solar,2026-08-21T01:55:25Z
2026-08-21T01:53:59Z,2026-08-21T03:53:59+0200,dab098cd-e140-4c97-b435-f000c3ac97ba,2026-07-31T07:00:00Z,2026-07-31T09:00:00+0200,5102.35,MW,FR,FR,actual_solar_generation,Solar,2026-08-21T01:55:25Z
2026-08-21T01:53:59Z,2026-08-21T03:53:59+0200,dab098cd-e140-4c97-b435-f000c3ac97ba,2026-07-31T07:15:00Z,2026-07-31T09:15:00+0200,6057.35,MW,FR,FR,actual_solar_generation,Solar,2026-08-21T01:55:25Z
2026-08-21T01:53:59Z,2026-08-21T03:53:59+0200,dab098cd-e140-4c97-b435-f000c3ac97ba,2026-07-31T07:30:00Z,2026-07-31T09:30:00+0200,6837.49,MW,FR,FR,actual_solar_generation,Solar,2026-08-21T01:55:25Z
2026-08-21T01:53:59Z,2026-08-21T03:53:59+0200,dab098cd-e140-4c97-b435-f000c3ac97ba,2026-07-31T07:45:00Z,2026-07-31T09:45:00+0200,7852.12,MW,FR,FR,actual_solar_generation,Solar,2026-08-21T01:55:25Z
2026-08-21T01:53:59Z,2026-08-21T03:53:59+0200,dab098cd-e140-4c97-b435-f000c3ac97ba,2026-07-31T08:00:00Z,2026-07-31T10:00:00+0200,8715.91,MW,FR,FR,actual_solar_generation,Solar,2026-08-21T01:55:25Z
2026-08-21T01:53:59Z,2026-08-21T03:53:59+0200,dab098cd-e140-4c97-b435-f000c3ac97ba,2026-07-31T08:15:00Z,2026-07-31T10:15:00+0200,9637.42,MW,FR,FR,actual_solar_generation,Solar,2026-08-21T01:55:25Z
2026-08-21T01:53:59Z,2026-08-21T03:53:59+0200,dab098cd-e140-4c97-b435-f000c3ac97ba,2026-07-31T08:30:00Z,2026-07-31T10:30:00+0200,10286.18,MW,FR,FR,actual_solar_generation,Solar,2026-08-21T01:55:25Z
2026-08-21T01:53:59Z,2026-08-21T03:53:59+0200,dab098cd-e140-4c97-b435-f000c3ac97ba,2026-07-31T08:45:00Z,2026-07-31T10:45:00+0200,10993.01,MW,FR,FR,actual_solar_generation,Solar,2026-08-21T01:55:25Z
2026-08-21T01:53:59Z,2026-08-21T03:53:59+0200,dab098cd-e140-4c97-b435-f000c3ac97ba,2026-07-31T09:00:00Z,2026-07-31T11:00:00+0200,11791.25,MW,FR,FR,actual_solar_generation,Solar,2026-08-21T01:55:25Z
2026-08-21T01:53:59Z,2026-08-21T03:53:59+0200,dab098cd-e140-4c97-b435-f000c3ac97ba,2026-07-31T09:15:00Z,2026-07-31T11:15:00+0200,12593.24,MW,FR,FR,actual_solar_generation,Solar,2026-08-21T01:55:25Z
2026-08-21T01:53:59Z,2026-08-21T03:53:59+0200,dab098cd-e140-4c97-b435-f000c3ac97ba,2026-07-31T09:30:00Z,2026-07-31T11:30:00+0200,12787.82,MW,FR,FR,actual_solar_generation,Solar,2026-08-21T01:55:25Z
2026-08-21T01:53:59Z,2026-08-21T03:53:59+0200,dab098cd-e140-4c97-b435-f000c3ac97ba,2026-07-31T09:45:00Z,2026-07-31T11:45:00+0200,13346.54,MW,FR,FR,actual_solar_generation,Solar,2026-08-21T01:55:25Z
2026-08-21T01:53:59Z,2026-08-21T03:53:59+0200,dab098cd-e140-4c97-b435-f000c3ac97ba,2026-07-31T10:00:00Z,2026-07-31T12:00:00+0200,13648.71,MW,FR,FR,actual_solar_generation,Solar,2026-08-21T01:55:25Z
2026-08-21T01:53:59Z,2026-08-21T03:53:59+0200,dab098cd-e140-4c97-b435-f000c3ac97ba,2026-07-31T10:15:00Z,2026-07-31T12:15:00+0200,14026.79,MW,FR,FR,actual_solar_generation,Solar,2026-08-21T01:55:25Z
2026-08-21T01:53:59Z,2026-08-21T03:53:59+0200,dab098cd-e140-4c97-b435-f000c3ac97ba,2026-07-31T10:30:00Z,2026-07-31T12:30:00+0200,14150.3,MW,FR,FR,actual_solar_generation,Solar,2026-08-21T01:55:25Z
2026-08-21T01:53:59Z,2026-08-21T03:53:59+0200,dab098cd-e140-4c97-b435-f000c3ac97ba,2026-07-31T10:45:00Z,2026-07-31T12:45:00+0200,14523.35,MW,FR,FR,actual_solar_generation,Solar,2026-08-21T01:55:25Z
2026-08-21T01:53:59Z,2026-08-21T03:53:59+0200,dab098cd-e140-4c97-b435-f000c3ac97ba,2026-07-31T11:00:00Z,2026-07-31T13:00:00+0200,14385.44,MW,FR,FR,actual_solar_generation,Solar,2026-08-21T01:55:25Z
2026-08-21T01:53:59Z,2026-08-21T03:53:59+0200,dab098cd-e140-4c97-b435-f000c3ac97ba,2026-07-31T11:15:00Z,2026-07-31T13:15:00+0200,14290.06,MW,FR,FR,actual_solar_generation,Solar,2026-08-21T01:55:25Z
2026-08-21T01:53:59Z,2026-08-21T03:53:59+0200,dab098cd-e140-4c97-b435-f000c3ac97ba,2026-07-31T11:30:00Z,2026-07-31T13:30:00+0200,14172.65,MW,FR,FR,actual_solar_generation,Solar,2026-08-21T01:55:25Z
2026-08-21T01:53:59Z,2026-08-21T03:53:59+0200,dab098cd-e140-4c97-b435-f000c3ac97ba,2026-07-31T11:45:00Z,2026-07-31T13:45:00+0200,13887.84,MW,FR,FR,actual_solar_generation,Solar,2026-08-21T01:55:25Z
2026-08-21T01:53:59Z,2026-08-21T03:53:59+0200,dab098cd-e140-4c97-b435-f000c3ac97ba,2026-07-31T12:00:00Z,2026-07-31T14:00:00+0200,13657.11,MW,FR,FR,actual_solar_generation,Solar,2026-08-21T01:55:25Z
2026-08-21T01:53:59Z,2026-08-21T03:53:59+0200,dab098cd-e140-4c97-b435-f000c3ac97ba,2026-07-31T12:15:00Z,2026-07-31T14:15:00+0200,13953.32,MW,FR,FR,actual_solar_generation,Solar,2026-08-21T01:55:25Z
2026-08-21T01:53:59Z,2026-08-21T03:53:59+0200,dab098cd-e140-4c97-b435-f000c3ac97ba,2026-07-31T12:30:00Z,2026-07-31T14:30:00+0200,13816.29,MW,FR,FR,actual_solar_generation,Solar,2026-08-21T01:55:25Z
2026-08-21T01:53:59Z,2026-08-21T03:53:59+0200,dab098cd-e140-4c97-b435-f000c3ac97ba,2026-07-31T12:45:00Z,2026-07-31T14:45:00+0200,13754.86,MW,FR,FR,actual_solar_generation,Solar,2026-08-21T01:55:25Z
2026-08-21T01:53:59Z,2026-08-21T03:53:59+0200,dab098cd-e140-4c97-b435-f000c3ac97ba,2026-07-31T13:00:00Z,2026-07-31T15:00:00+0200,13545.22,MW,FR,FR,actual_solar_generation,Solar,2026-08-21T01:55:25Z
2026-08-21T01:53:59Z,2026-08-21T03:53:59+0200,dab098cd-e140-4c97-b435-f000c3ac97ba,2026-07-31T13:15:00Z,2026-07-31T15:15:00+0200,13381.49,MW,FR,FR,actual_solar_generation,Solar,2026-08-21T01:55:25Z
2026-08-21T01:53:59Z,2026-08-21T03:53:59+0200,dab098cd-e140-4c97-b435-f000c3ac97ba,2026-07-31T13:30:00Z,2026-07-31T15:30:00+0200,12988.15,MW,FR,FR,actual_solar_generation,Solar,2026-08-21T01:55:25Z
2026-08-21T01:53:59Z,2026-08-21T03:53:59+0200,dab098cd-e140-4c97-b435-f000c3ac97ba,2026-07-31T13:45:00Z,2026-07-31T15:45:00+0200,12652.61,MW,FR,FR,actual_solar_generation,Solar,2026-08-21T01:55:25Z
2026-08-21T01:53:59Z,2026-08-21T03:53:59+0200,dab098cd-e140-4c97-b435-f000c3ac97ba,2026-07-31T14:00:00Z,2026-07-31T16:00:00+0200,12453.88,MW,FR,FR,actual_solar_generation,Solar,2026-08-21T01:55:25Z
2026-08-21T01:53:59Z,2026-08-21T03:53:59+0200,dab098cd-e140-4c97-b435-f000c3ac97ba,2026-07-31T14:15:00Z,2026-07-31T16:15:00+0200,12037.31,MW,FR,FR,actual_solar_generation,Solar,2026-08-21T01:55:25Z
2026-08-21T01:53:59Z,2026-08-21T03:53:59+0200,dab098cd-e140-4c97-b435-f000c3ac97ba,2026-07-31T14:30:00Z,2026-07-31T16:30:00+0200,11418.64,MW,FR,FR,actual_solar_generation,Solar,2026-08-21T01:55:25Z
2026-08-21T01:53:59Z,2026-08-21T03:53:59+0200,dab098cd-e140-4c97-b435-f000c3ac97ba,2026-07-31T14:45:00Z,2026-07-31T16:45:00+0200,10874.69,MW,FR,FR,actual_solar_generation,Solar,2026-08-21T01:55:25Z
2026-08-21T01:53:59Z,2026-08-21T03:53:59+0200,dab098cd-e140-4c97-b435-f000c3ac97ba,2026-07-31T15:00:00Z,2026-07-31T17:00:00+0200,10360.16,MW,FR,FR,actual_solar_generation,Solar,2026-08-21T01:55:25Z
2026-08-21T01:53:59Z,2026-08-21T03:53:59+0200,dab098cd-e140-4c97-b435-f000c3ac97ba,2026-07-31T15:15:00Z,2026-07-31T17:15:00+0200,9799.41,MW,FR,FR,actual_solar_generation,Solar,2026-08-21T01:55:25Z
2026-08-21T01:53:59Z,2026-08-21T03:53:59+0200,dab098cd-e140-4c97-b435-f000c3ac97ba,2026-07-31T15:30:00Z,2026-07-31T17:30:00+0200,9187.01,MW,FR,FR,actual_solar_generation,Solar,2026-08-21T01:55:25Z
2026-08-21T01:53:59Z,2026-08-21T03:53:59+0200,dab098cd-e140-4c97-b435-f000c3ac97ba,2026-07-31T15:45:00Z,2026-07-31T17:45:00+0200,8335.86,MW,FR,FR,actual_solar_generation,Solar,2026-08-21T01:55:25Z
2026-08-21T01:53:59Z,2026-08-21T03:53:59+0200,dab098cd-e140-4c97-b435-f000c3ac97ba,2026-07-31T16:00:00Z,2026-07-31T18:00:00+0200,7529.04,MW,FR,FR,actual_solar_generation,Solar,2026-08-21T01:55:25Z
2026-08-21T01:53:59Z,2026-08-21T03:53:59+0200,dab098cd-e140-4c97-b435-f000c3ac97ba,2026-07-31T16:15:00Z,2026-07-31T18:15:00+0200,6793.68,MW,FR,FR,actual_solar_generation,Solar,2026-08-21T01:55:25Z
2026-08-21T01:53:59Z,2026-08-21T03:53:59+0200,dab098cd-e140-4c97-b435-f000c3ac97ba,2026-07-31T16:30:00Z,2026-07-31T18:30:00+0200,6191.81,MW,FR,FR,actual_solar_generation,Solar,2026-08-21T01:55:25Z
2026-08-21T01:53:59Z,2026-08-21T03:53:59+0200,dab098cd-e140-4c97-b435-f000c3ac97ba,2026-07-31T16:45:00Z,2026-07-31T18:45:00+0200,5500.97,MW,FR,FR,actual_solar_generation,Solar,2026-08-21T01:55:25Z
2026-08-21T01:53:59Z,2026-08-21T03:53:59+0200,dab098cd-e140-4c97-b435-f000c3ac97ba,2026-07-31T17:00:00Z,2026-07-31T19:00:00+0200,4714.76,MW,FR,FR,actual_solar_generation,Solar,2026-08-21T01:55:25Z
2026-08-21T01:53:59Z,2026-08-21T03:53:59+0200,dab098cd-e140-4c97-b435-f000c3ac97ba,2026-07-31T17:15:00Z,2026-07-31T19:15:00+0200,4017.01,MW,FR,FR,actual_solar_generation,Solar,2026-08-21T01:55:25Z
2026-08-21T01:53:59Z,2026-08-21T03:53:59+0200,dab098cd-e140-4c97-b435-f000c3ac97ba,2026-07-31T17:30:00Z,2026-07-31T19:30:00+0200,3243.45,MW,FR,FR,actual_solar_generation,Solar,2026-08-21T01:55:25Z
2026-08-21T01:53:59Z,2026-08-21T03:53:59+0200,dab098cd-e140-4c97-b435-f000c3ac97ba,2026-07-31T17:45:00Z,2026-07-31T19:45:00+0200,2616.28,MW,FR,FR,actual_solar_generation,Solar,2026-08-21T01:55:25Z
2026-08-21T01:53:59Z,2026-08-21T03:53:59+0200,dab098cd-e140-4c97-b435-f000c3ac97ba,2026-07-31T18:00:00Z,2026-07-31T20:00:00+0200,2032.27,MW,FR,FR,actual_solar_generation,Solar,2026-08-21T01:55:25Z
2026-08-21T01:53:59Z,2026-08-21T03:53:59+0200,dab098cd-e140-4c97-b435-f000c3ac97ba,2026-07-31T18:15:00Z,2026-07-31T20:15:00+0200,1497.6,MW,FR,FR,actual_solar_generation,Solar,2026-08-21T01:55:25Z
2026-08-21T01:53:59Z,2026-08-21T03:53:59+0200,dab098cd-e140-4c97-b435-f000c3ac97ba,2026-07-31T18:30:00Z,2026-07-31T20:30:00+0200,1059.09,MW,FR,FR,actual_solar_generation,Solar,2026-08-21T01:55:25Z
2026-08-21T01:53:59Z,2026-08-21T03:53:59+0200,dab098cd-e140-4c97-b435-f000c3ac97ba,2026-07-31T18:45:00Z,2026-07-31T20:45:00+0200,734.48,MW,FR,FR,actual_solar_generation,Solar,2026-08-21T01:55:25Z
2026-08-21T01:53:59Z,2026-08-21T03:53:59+0200,dab098cd-e140-4c97-b435-f000c3ac97ba,2026-07-31T19:00:00Z,2026-07-31T21:00:00+0200,473.4,MW,FR,FR,actual_solar_generation,Solar,2026-08-21T01:55:25Z
2026-08-21T01:53:59Z,2026-08-21T03:53:59+0200,dab098cd-e140-4c97-b435-f000c3ac97ba,2026-07-31T19:15:00Z,2026-07-31T21:15:00+0200,296.32,MW,FR,FR,actual_solar_generation,Solar,2026-08-21T01:55:25Z
2026-08-21T01:53:59Z,2026-08-21T03:53:59+0200,dab098cd-e140-4c97-b435-f000c3ac97ba,2026-07-31T19:30:00Z,2026-07-31T21:30:00+0200,215.19,MW,FR,FR,actual_solar_generation,Solar,2026-08-21T01:55:25Z
2026-08-21T01:53:59Z,2026-08-21T03:53:59+0200,dab098cd-e140-4c97-b435-f000c3ac97ba,2026-07-31T19:45:00Z,2026-07-31T21:45:00+0200,198.41,MW,FR,FR,actual_solar_generation,Solar,2026-08-21T01:55:25Z
2026-08-21T01:53:59Z,2026-08-21T03:53:59+0200,dab098cd-e140-4c97-b435-f000c3ac97ba,2026-07-31T20:00:00Z,2026-07-31T22:00:00+0200,197.99,MW,FR,FR,actual_solar_generation,Solar,2026-08-21T01:55:25Z
2026-08-21T01:53:59Z,2026-08-21T03:53:59+0200,dab098cd-e140-4c97-b435-f000c3ac97ba,2026-07-31T20:15:00Z,2026-07-31T22:15:00+0200,196.43,MW,FR,FR,actual_solar_generation,Solar,2026-08-21T01:55:25Z
2026-08-21T01:53:59Z,2026-08-21T03:53:59+0200,dab098cd-e140-4c97-b435-f000c3ac97ba,2026-07-31T20:30:00Z,2026-07-31T22:30:00+0200,197.81,MW,FR,FR,actual_solar_generation,Solar,2026-08-21T01:55:25Z
2026-08-21T01:53:59Z,2026-08-21T03:53:59+0200,dab098cd-e140-4c97-b435-f000c3ac97ba,2026-07-31T20:45:00Z,2026-07-31T22:45:00+0200,198.77,MW,FR,FR,actual_solar_generation,Solar,2026-08-21T01:55:25Z
2026-08-21T01:53:59Z,2026-08-21T03:53:59+0200,dab098cd-e140-4c97-b435-f000c3ac97ba,2026-07-31T21:00:00Z,2026-07-31T23:00:00+0200,0.0,MW,FR,FR,actual_solar_generation,Solar,2026-08-21T01:55:25Z
2026-08-21T01:53:59Z,2026-08-21T03:53:59+0200,dab098cd-e140-4c97-b435-f000c3ac97ba,2026-07-31T21:15:00Z,2026-07-31T23:15:00+0200,0.0,MW,FR,FR,actual_solar_generation,Solar,2026-08-21T01:55:25Z
2026-08-21T01:53:59Z,2026-08-21T03:53:59+0200,dab098cd-e140-4c97-b435-f000c3ac97ba,2026-07-31T21:30:00Z,2026-07-31T23:30:00+0200,0.0,MW,FR,FR,actual_solar_generation,Solar,2026-08-21T01:55:25Z
2026-08-21T01:53:59Z,2026-08-21T03:53:59+0200,dab098cd-e140-4c97-b435-f000c3ac97ba,2026-07-31T21:45:00Z,2026-07-31T23:45:00+0200,0.0,MW,FR,FR,actual_solar_generation,Solar,2026-08-21T01:55:25Z
2026-08-21T01:53:59Z,2026-08-21T03:53:59+0200,dab098cd-e140-4c97-b435-f000c3ac97ba,2026-07-31T22:00:00Z,2026-08-01T00:00:00+0200,0.0,MW,FR,FR,actual_solar_generation,Solar,2026-08-21T01:55:25Z
2026-08-21T01:53:59Z,2026-08-21T03:53:59+0200,dab098cd-e140-4c97-b435-f000c3ac97ba,2026-07-31T22:15:00Z,2026-08-01T00:15:00+0200,0.0,MW,FR,FR,actual_solar_generation,Solar,2026-08-21T01:55:25Z
2026-08-21T01:53:59Z,2026-08-21T03:53:59+0200,dab098cd-e140-4c97-b435-f000c3ac97ba,2026-07-31T22:30:00Z,2026-08-01T00:30:00+0200,0.0,MW,FR,FR,actual_solar_generation,Solar,2026-08-21T01:55:25Z
2026-08-21T01:53:59Z,2026-08-21T03:53:59+0200,dab098cd-e140-4c97-b435-f000c3ac97ba,2026-07-31T22:45:00Z,2026-08-01T00:45:00+0200,0.0,MW,FR,FR,actual_solar_generation,Solar,2026-08-21T01:55:25Z
2026-08-21T01:53:59Z,2026-08-21T03:53:59+0200,dab098cd-e140-4c97-b435-f000c3ac97ba,2026-07-31T23:00:00Z,2026-08-01T01:00:00+0200,0.0,MW,FR,FR,actual_solar_generation,Solar,2026-08-21T01:55:25Z
2026-08-21T01:53:59Z,2026-08-21T03:53:59+0200,dab098cd-e140-4c97-b435-f000c3ac97ba,2026-07-31T23:15:00Z,2026-08-01T01:15:00+0200,0.0,MW,FR,FR,actual_solar_generation,Solar,2026-08-21T01:55:25Z
2026-08-21T01:53:59Z,2026-08-21T03:53:59+0200,dab098cd-e140-4c97-b435-f000c3ac97ba,2026-07-31T23:30:00Z,2026-08-01T01:30:00+0200,0.0,MW,FR,FR,actual_solar_generation,Solar,2026-08-21T01:55:25Z
2026-08-21T01:53:59Z,2026-08-21T03:53:59+0200,dab098cd-e140-4c97-b435-f000c3ac97ba,2026-07-31T23:45:00Z,2026-08-01T01:45:00+0200,0.0,MW,FR,FR,actual_solar_generation,Solar,2026-08-21T01:55:25Z
2026-08-21T01:53:59Z,2026-08-21T03:53:59+0200,dab098cd-e140-4c97-b435-f000c3ac97ba,2026-08-01T00:00:00Z,2026-08-01T02:00:00+0200,0.0,MW,FR,FR,actual_solar_generation,Solar,2026-08-21T01:55:25Z
2026-08-21T01:53:59Z,2026-08-21T03:53:59+0200,dab098cd-e140-4c97-b435-f000c3ac97ba,2026-08-01T00:15:00Z,2026-08-01T02:15:00+0200,0.0,MW,FR,FR,actual_solar_generation,Solar,2026-08-21T01:55:25Z
2026-08-21T01:53:59Z,2026-08-21T03:53:59+0200,dab098cd-e140-4c97-b435-f000c3ac97ba,2026-08-01T00:30:00Z,2026-08-01T02:30:00+0200,0.0,MW,FR,FR,actual_solar_generation,Solar,2026-08-21T01:55:25Z
2026-08-21T01:53:59Z,2026-08-21T03:53:59+0200,dab098cd-e140-4c97-b435-f000c3ac97ba,2026-08-01T00:45:00Z,2026-08-01T02:45:00+0200,0.0,MW,FR,FR,actual_solar_generation,Solar,2026-08-21T01:55:25Z
2026-08-21T01:53:59Z,2026-08-21T03:53:59+0200,dab098cd-e140-4c97-b435-f000c3ac97ba,2026-08-01T01:00:00Z,2026-08-01T03:00:00+0200,0.0,MW,FR,FR,actual_solar_generation,Solar,2026-08-21T01:55:25Z
2026-08-21T01:53:59Z,2026-08-21T03:53:59+0200,dab098cd-e140-4c97-b435-f000c3ac97ba,2026-08-01T01:15:00Z,2026-08-01T03:15:00+0200,0.0,MW,FR,FR,actual_solar_generation,Solar,2026-08-21T01:55:25Z
2026-08-21T01:53:59Z,2026-08-21T03:53:59+0200,dab098cd-e140-4c97-b435-f000c3ac97ba,2026-08-01T01:30:00Z,2026-08-01T03:30:00+0200,0.0,MW,FR,FR,actual_solar_generation,Solar,2026-08-21T01:55:25Z
2026-08-21T01:53:59Z,2026-08-21T03:53:59+0200,dab098cd-e140-4c97-b435-f000c3ac97ba,2026-08-01T01:45:00Z,2026-08-01T03:45:00+0200,0.0,MW,FR,FR,actual_solar_generation,Solar,2026-08-21T01:55:25Z
2026-08-21T01:53:59Z,2026-08-21T03:53:59+0200,dab098cd-e140-4c97-b435-f000c3ac97ba,2026-08-01T02:00:00Z,2026-08-01T04:00:00+0200,0.0,MW,FR,FR,actual_solar_generation,Solar,2026-08-21T01:55:25Z
2026-08-21T01:53:59Z,2026-08-21T03:53:59+0200,dab098cd-e140-4c97-b435-f000c3ac97ba,2026-08-01T02:15:00Z,2026-08-01T04:15:00+0200,0.0,MW,FR,FR,actual_solar_generation,Solar,2026-08-21T01:55:25Z
2026-08-21T01:53:59Z,2026-08-21T03:53:59+0200,dab098cd-e140-4c97-b435-f000c3ac97ba,2026-08-01T02:30:00Z,2026-08-01T04:30:00+0200,0.0,MW,FR,FR,actual_solar_generation,Solar,2026-08-21T01:55:25Z
2026-08-21T01:53:59Z,2026-08-21T03:53:59+0200,dab098cd-e140-4c97-b435-f000c3ac97ba,2026-08-01T02:45:00Z,2026-08-01T04:45:00+0200,0.0,MW,FR,FR,actual_solar_generation,Solar,2026-08-21T01:55:25Z
2026-08-21T01:53:59Z,2026-08-21T03:53:59+0200,dab098cd-e140-4c97-b435-f000c3ac97ba,2026-08-01T03:00:00Z,2026-08-01T05:00:00+0200,0.0,MW,FR,FR,actual_solar_generation,Solar,2026-08-21T01:55:25Z
2026-08-21T01:53:59Z,2026-08-21T03:53:59+0200,dab098cd-e140-4c97-b435-f000c3ac97ba,2026-08-01T03:15:00Z,2026-08-01T05:15:00+0200,0.0,MW,FR,FR,actual_solar_generation,Solar,2026-08-21T01:55:25Z
2026-08-21T01:53:59Z,2026-08-21T03:53:59+0200,dab098cd-e140-4c97-b435-f000c3ac97ba,2026-08-01T03:30:00Z,2026-08-01T05:30:00+0200,0.0,MW,FR,FR,actual_solar_generation,Solar,2026-08-21T01:55:25Z
2026-08-21T01:53:59Z,2026-08-21T03:53:59+0200,dab098cd-e140-4c97-b435-f000c3ac97ba,2026-08-01T03:45:00Z,2026-08-01T05:45:00+0200,0.0,MW,FR,FR,actual_solar_generation,Solar,2026-08-21T01:55:25Z
2026-08-21T01:53:59Z,2026-08-21T03:53:59+0200,dab098cd-e140-4c97-b435-f000c3ac97ba,2026-08-01T04:00:00Z,2026-08-01T06:00:00+0200,196.29,MW,FR,FR,actual_solar_generation,Solar,2026-08-21T01:55:25Z
2026-08-21T01:53:59Z,2026-08-21T03:53:59+0200,dab098cd-e140-4c97-b435-f000c3ac97ba,2026-08-01T04:15:00Z,2026-08-01T06:15:00+0200,231.02,MW,FR,FR,actual_solar_generation,Solar,2026-08-21T01:55:25Z
2026-08-21T01:53:59Z,2026-08-21T03:53:59+0200,dab098cd-e140-4c97-b435-f000c3ac97ba,2026-08-01T04:30:00Z,2026-08-01T06:30:00+0200,318.11,MW,FR,FR,actual_solar_generation,Solar,2026-08-21T01:55:25Z
2026-08-21T01:53:59Z,2026-08-21T03:53:59+0200,dab098cd-e140-4c97-b435-f000c3ac97ba,2026-08-01T04:45:00Z,2026-08-01T06:45:00+0200,431.1,MW,FR,FR,actual_solar_generation,Solar,2026-08-21T01:55:25Z
2026-08-21T01:53:59Z,2026-08-21T03:53:59+0200,dab098cd-e140-4c97-b435-f000c3ac97ba,2026-08-01T05:00:00Z,2026-08-01T07:00:00+0200,612.72,MW,FR,FR,actual_solar_generation,Solar,2026-08-21T01:55:25Z
2026-08-21T01:53:59Z,2026-08-21T03:53:59+0200,dab098cd-e140-4c97-b435-f000c3ac97ba,2026-08-01T05:15:00Z,2026-08-01T07:15:00+0200,881.48,MW,FR,FR,actual_solar_generation,Solar,2026-08-21T01:55:25Z
2026-08-21T01:53:59Z,2026-08-21T03:53:59+0200,dab098cd-e140-4c97-b435-f000c3ac97ba,2026-08-01T05:30:00Z,2026-08-01T07:30:00+0200,1293.21,MW,FR,FR,actual_solar_generation,Solar,2026-08-21T01:55:25Z
2026-08-21T01:53:59Z,2026-08-21T03:53:59+0200,dab098cd-e140-4c97-b435-f000c3ac97ba,2026-08-01T05:45:00Z,2026-08-01T07:45:00+0200,1886.77,MW,FR,FR,actual_solar_generation,Solar,2026-08-21T01:55:25Z
2026-08-21T01:53:59Z,2026-08-21T03:53:59+0200,dab098cd-e140-4c97-b435-f000c3ac97ba,2026-08-01T06:00:00Z,2026-08-01T08:00:00+0200,2643.78,MW,FR,FR,actual_solar_generation,Solar,2026-08-21T01:55:25Z
2026-08-21T01:53:59Z,2026-08-21T03:53:59+0200,dab098cd-e140-4c97-b435-f000c3ac97ba,2026-08-01T06:15:00Z,2026-08-01T08:15:00+0200,3530.66,MW,FR,FR,actual_solar_generation,Solar,2026-08-21T01:55:25Z
2026-08-21T01:53:59Z,2026-08-21T03:53:59+0200,dab098cd-e140-4c97-b435-f000c3ac97ba,2026-08-01T06:30:00Z,2026-08-01T08:30:00+0200,4618.26,MW,FR,FR,actual_solar_generation,Solar,2026-08-21T01:55:25Z
2026-08-21T01:53:59Z,2026-08-21T03:53:59+0200,dab098cd-e140-4c97-b435-f000c3ac97ba,2026-08-01T06:45:00Z,2026-08-01T08:45:00+0200,5758.72,MW,FR,FR,actual_solar_generation,Solar,2026-08-21T01:55:25Z
2026-08-21T01:53:59Z,2026-08-21T03:53:59+0200,dab098cd-e140-4c97-b435-f000c3ac97ba,2026-08-01T07:00:00Z,2026-08-01T09:00:00+0200,6982.04,MW,FR,FR,actual_solar_generation,Solar,2026-08-21T01:55:25Z
2026-08-21T01:53:59Z,2026-08-21T03:53:59+0200,dab098cd-e140-4c97-b435-f000c3ac97ba,2026-08-01T07:15:00Z,2026-08-01T09:15:00+0200,8319.7,MW,FR,FR,actual_solar_generation,Solar,2026-08-21T01:55:25Z
2026-08-21T01:53:59Z,2026-08-21T03:53:59+0200,dab098cd-e140-4c97-b435-f000c3ac97ba,2026-08-01T07:30:00Z,2026-08-01T09:30:00+0200,9574.51,MW,FR,FR,actual_solar_generation,Solar,2026-08-21T01:55:25Z
2026-08-21T01:53:59Z,2026-08-21T03:53:59+0200,dab098cd-e140-4c97-b435-f000c3ac97ba,2026-08-01T07:45:00Z,2026-08-01T09:45:00+0200,10817.87,MW,FR,FR,actual_solar_generation,Solar,2026-08-21T01:55:25Z
2026-08-21T01:53:59Z,2026-08-21T03:53:59+0200,dab098cd-e140-4c97-b435-f000c3ac97ba,2026-08-01T08:00:00Z,2026-08-01T10:00:00+0200,12160.42,MW,FR,FR,actual_solar_generation,Solar,2026-08-21T01:55:25Z
2026-08-21T01:53:59Z,2026-08-21T03:53:59+0200,dab098cd-e140-4c97-b435-f000c3ac97ba,2026-08-01T08:15:00Z,2026-08-01T10:15:00+0200,13277.22,MW,FR,FR,actual_solar_generation,Solar,2026-08-21T01:55:25Z
2026-08-21T01:53:59Z,2026-08-21T03:53:59+0200,dab098cd-e140-4c97-b435-f000c3ac97ba,2026-08-01T08:30:00Z,2026-08-01T10:30:00+0200,14333.74,MW,FR,FR,actual_solar_generation,Solar,2026-08-21T01:55:25Z
2026-08-21T01:53:59Z,2026-08-21T03:53:59+0200,dab098cd-e140-4c97-b435-f000c3ac97ba,2026-08-01T08:45:00Z,2026-08-01T10:45:00+0200,15294.77,MW,FR,FR,actual_solar_generation,Solar,2026-08-21T01:55:25Z
2026-08-21T01:53:59Z,2026-08-21T03:53:59+0200,dab098cd-e140-4c97-b435-f000c3ac97ba,2026-08-01T09:00:00Z,2026-08-01T11:00:00+0200,16236.08,MW,FR,FR,actual_solar_generation,Solar,2026-08-21T01:55:25Z
2026-08-21T01:53:59Z,2026-08-21T03:53:59+0200,dab098cd-e140-4c97-b435-f000c3ac97ba,2026-08-01T09:15:00Z,2026-08-01T11:15:00+0200,17105.34,MW,FR,FR,actual_solar_generation,Solar,2026-08-21T01:55:25Z
2026-08-21T01:53:59Z,2026-08-21T03:53:59+0200,dab098cd-e140-4c97-b435-f000c3ac97ba,2026-08-01T09:30:00Z,2026-08-01T11:30:00+0200,17724.6,MW,FR,FR,actual_solar_generation,Solar,2026-08-21T01:55:25Z
2026-08-21T01:53:59Z,2026-08-21T03:53:59+0200,dab098cd-e140-4c97-b435-f000c3ac97ba,2026-08-01T09:45:00Z,2026-08-01T11:45:00+0200,18318.29,MW,FR,FR,actual_solar_generation,Solar,2026-08-21T01:55:25Z
2026-08-21T01:53:59Z,2026-08-21T03:53:59+0200,dab098cd-e140-4c97-b435-f000c3ac97ba,2026-08-01T10:00:00Z,2026-08-01T12:00:00+0200,18708.14,MW,FR,FR,actual_solar_generation,Solar,2026-08-21T01:55:25Z
2026-08-21T01:53:59Z,2026-08-21T03:53:59+0200,dab098cd-e140-4c97-b435-f000c3ac97ba,2026-08-01T10:15:00Z,2026-08-01T12:15:00+0200,19077.78,MW,FR,FR,actual_solar_generation,Solar,2026-08-21T01:55:25Z
2026-08-21T01:53:59Z,2026-08-21T03:53:59+0200,dab098cd-e140-4c97-b435-f000c3ac97ba,2026-08-01T10:30:00Z,2026-08-01T12:30:00+0200,19429.88,MW,FR,FR,actual_solar_generation,Solar,2026-08-21T01:55:25Z
2026-08-21T01:53:59Z,2026-08-21T03:53:59+0200,dab098cd-e140-4c97-b435-f000c3ac97ba,2026-08-01T10:45:00Z,2026-08-01T12:45:00+0200,19719.95,MW,FR,FR,actual_solar_generation,Solar,2026-08-21T01:55:25Z
2026-08-21T01:53:59Z,2026-08-21T03:53:59+0200,dab098cd-e140-4c97-b435-f000c3ac97ba,2026-08-01T11:00:00Z,2026-08-01T13:00:00+0200,19905.62,MW,FR,FR,actual_solar_generation,Solar,2026-08-21T01:55:25Z
2026-08-21T01:53:59Z,2026-08-21T03:53:59+0200,dab098cd-e140-4c97-b435-f000c3ac97ba,2026-08-01T11:15:00Z,2026-08-01T13:15:00+0200,19924.65,MW,FR,FR,actual_solar_generation,Solar,2026-08-21T01:55:25Z
2026-08-21T01:53:59Z,2026-08-21T03:53:59+0200,dab098cd-e140-4c97-b435-f000c3ac97ba,2026-08-01T11:30:00Z,2026-08-01T13:30:00+0200,20054.43,MW,FR,FR,actual_solar_generation,Solar,2026-08-21T01:55:25Z
2026-08-21T01:53:59Z,2026-08-21T03:53:59+0200,dab098cd-e140-4c97-b435-f000c3ac97ba,2026-08-01T11:45:00Z,2026-08-01T13:45:00+0200,20076.48,MW,FR,FR,actual_solar_generation,Solar,2026-08-21T01:55:25Z
2026-08-21T01:53:59Z,2026-08-21T03:53:59+0200,dab098cd-e140-4c97-b435-f000c3ac97ba,2026-08-01T12:00:00Z,2026-08-01T14:00:00+0200,20037.62,MW,FR,FR,actual_solar_generation,Solar,2026-08-21T01:55:25Z
2026-08-21T01:53:59Z,2026-08-21T03:53:59+0200,dab098cd-e140-4c97-b435-f000c3ac97ba,2026-08-01T12:15:00Z,2026-08-01T14:15:00+0200,20047.86,MW,FR,FR,actual_solar_generation,Solar,2026-08-21T01:55:25Z
2026-08-21T01:53:59Z,2026-08-21T03:53:59+0200,dab098cd-e140-4c97-b435-f000c3ac97ba,2026-08-01T12:30:00Z,2026-08-01T14:30:00+0200,19989.31,MW,FR,FR,actual_solar_generation,Solar,2026-08-21T01:55:25Z
2026-08-21T01:53:59Z,2026-08-21T03:53:59+0200,dab098cd-e140-4c97-b435-f000c3ac97ba,2026-08-01T12:45:00Z,2026-08-01T14:45:00+0200,19893.75,MW,FR,FR,actual_solar_generation,Solar,2026-08-21T01:55:25Z
2026-08-21T01:53:59Z,2026-08-21T03:53:59+0200,dab098cd-e140-4c97-b435-f000c3ac97ba,2026-08-01T13:00:00Z,2026-08-01T15:00:00+0200,19862.02,MW,FR,FR,actual_solar_generation,Solar,2026-08-21T01:55:25Z
2026-08-21T01:53:59Z,2026-08-21T03:53:59+0200,dab098cd-e140-4c97-b435-f000c3ac97ba,2026-08-01T13:15:00Z,2026-08-01T15:15:00+0200,19484.02,MW,FR,FR,actual_solar_generation,Solar,2026-08-21T01:55:25Z
2026-08-21T01:53:59Z,2026-08-21T03:53:59+0200,dab098cd-e140-4c97-b435-f000c3ac97ba,2026-08-01T13:30:00Z,2026-08-01T15:30:00+0200,19124.11,MW,FR,FR,actual_solar_generation,Solar,2026-08-21T01:55:25Z
2026-08-21T01:53:59Z,2026-08-21T03:53:59+0200,dab098cd-e140-4c97-b435-f000c3ac97ba,2026-08-01T13:45:00Z,2026-08-01T15:45:00+0200,18825.15,MW,FR,FR,actual_solar_generation,Solar,2026-08-21T01:55:25Z
2026-08-21T01:53:59Z,2026-08-21T03:53:59+0200,dab098cd-e140-4c97-b435-f000c3ac97ba,2026-08-01T14:00:00Z,2026-08-01T16:00:00+0200,18319.89,MW,FR,FR,actual_solar_generation,Solar,2026-08-21T01:55:25Z
2026-08-21T01:53:59Z,2026-08-21T03:53:59+0200,dab098cd-e140-4c97-b435-f000c3ac97ba,2026-08-01T14:15:00Z,2026-08-01T16:15:00+0200,17676.91,MW,FR,FR,actual_solar_generation,Solar,2026-08-21T01:55:25Z
2026-08-21T01:53:59Z,2026-08-21T03:53:59+0200,dab098cd-e140-4c97-b435-f000c3ac97ba,2026-08-01T14:30:00Z,2026-08-01T16:30:00+0200,16951.67,MW,FR,FR,actual_solar_generation,Solar,2026-08-21T01:55:25Z
2026-08-21T01:53:59Z,2026-08-21T03:53:59+0200,dab098cd-e140-4c97-b435-f000c3ac97ba,2026-08-01T14:45:00Z,2026-08-01T16:45:00+0200,16203.28,MW,FR,FR,actual_solar_generation,Solar,2026-08-21T01:55:25Z
2026-08-21T01:53:59Z,2026-08-21T03:53:59+0200,dab098cd-e140-4c97-b435-f000c3ac97ba,2026-08-01T15:00:00Z,2026-08-01T17:00:00+0200,15242.54,MW,FR,FR,actual_solar_generation,Solar,2026-08-21T01:55:25Z
2026-08-21T01:53:59Z,2026-08-21T03:53:59+0200,dab098cd-e140-4c97-b435-f000c3ac97ba,2026-08-01T15:15:00Z,2026-08-01T17:15:00+0200,14216.37,MW,FR,FR,actual_solar_generation,Solar,2026-08-21T01:55:25Z
2026-08-21T01:53:59Z,2026-08-21T03:53:59+0200,dab098cd-e140-4c97-b435-f000c3ac97ba,2026-08-01T15:30:00Z,2026-08-01T17:30:00+0200,13408.43,MW,FR,FR,actual_solar_generation,Solar,2026-08-21T01:55:25Z
2026-08-21T01:53:59Z,2026-08-21T03:53:59+0200,dab098cd-e140-4c97-b435-f000c3ac97ba,2026-08-01T15:45:00Z,2026-08-01T17:45:00+0200,12434.82,MW,FR,FR,actual_solar_generation,Solar,2026-08-21T01:55:25Z
2026-08-21T01:53:59Z,2026-08-21T03:53:59+0200,dab098cd-e140-4c97-b435-f000c3ac97ba,2026-08-01T16:00:00Z,2026-08-01T18:00:00+0200,11279.42,MW,FR,FR,actual_solar_generation,Solar,2026-08-21T01:55:25Z
2026-08-21T01:53:59Z,2026-08-21T03:53:59+0200,dab098cd-e140-4c97-b435-f000c3ac97ba,2026-08-01T16:15:00Z,2026-08-01T18:15:00+0200,10057.28,MW,FR,FR,actual_solar_generation,Solar,2026-08-21T01:55:25Z
2026-08-21T01:53:59Z,2026-08-21T03:53:59+0200,dab098cd-e140-4c97-b435-f000c3ac97ba,2026-08-01T16:30:00Z,2026-08-01T18:30:00+0200,8896.35,MW,FR,FR,actual_solar_generation,Solar,2026-08-21T01:55:25Z
2026-08-21T01:53:59Z,2026-08-21T03:53:59+0200,dab098cd-e140-4c97-b435-f000c3ac97ba,2026-08-01T16:45:00Z,2026-08-01T18:45:00+0200,7748.41,MW,FR,FR,actual_solar_generation,Solar,2026-08-21T01:55:25Z
2026-08-21T01:53:59Z,2026-08-21T03:53:59+0200,dab098cd-e140-4c97-b435-f000c3ac97ba,2026-08-01T17:00:00Z,2026-08-01T19:00:00+0200,6568.37,MW,FR,FR,actual_solar_generation,Solar,2026-08-21T01:55:25Z
2026-08-21T01:53:59Z,2026-08-21T03:53:59+0200,dab098cd-e140-4c97-b435-f000c3ac97ba,2026-08-01T17:15:00Z,2026-08-01T19:15:00+0200,5412.87,MW,FR,FR,actual_solar_generation,Solar,2026-08-21T01:55:25Z
2026-08-21T01:53:59Z,2026-08-21T03:53:59+0200,dab098cd-e140-4c97-b435-f000c3ac97ba,2026-08-01T17:30:00Z,2026-08-01T19:30:00+0200,4260.73,MW,FR,FR,actual_solar_generation,Solar,2026-08-21T01:55:25Z
2026-08-21T01:53:59Z,2026-08-21T03:53:59+0200,dab098cd-e140-4c97-b435-f000c3ac97ba,2026-08-01T17:45:00Z,2026-08-01T19:45:00+0200,3268.01,MW,FR,FR,actual_solar_generation,Solar,2026-08-21T01:55:25Z
2026-08-21T01:53:59Z,2026-08-21T03:53:59+0200,dab098cd-e140-4c97-b435-f000c3ac97ba,2026-08-01T18:00:00Z,2026-08-01T20:00:00+0200,2395.26,MW,FR,FR,actual_solar_generation,Solar,2026-08-21T01:55:25Z
2026-08-21T01:53:59Z,2026-08-21T03:53:59+0200,dab098cd-e140-4c97-b435-f000c3ac97ba,2026-08-01T18:15:00Z,2026-08-01T20:15:00+0200,1699.18,MW,FR,FR,actual_solar_generation,Solar,2026-08-21T01:55:25Z
2026-08-21T01:53:59Z,2026-08-21T03:53:59+0200,dab098cd-e140-4c97-b435-f000c3ac97ba,2026-08-01T18:30:00Z,2026-08-01T20:30:00+0200,1169.89,MW,FR,FR,actual_solar_generation,Solar,2026-08-21T01:55:25Z
2026-08-21T01:53:59Z,2026-08-21T03:53:59+0200,dab098cd-e140-4c97-b435-f000c3ac97ba,2026-08-01T18:45:00Z,2026-08-01T20:45:00+0200,782.63,MW,FR,FR,actual_solar_generation,Solar,2026-08-21T01:55:25Z
2026-08-21T01:53:59Z,2026-08-21T03:53:59+0200,dab098cd-e140-4c97-b435-f000c3ac97ba,2026-08-01T19:00:00Z,2026-08-01T21:00:00+0200,475.43,MW,FR,FR,actual_solar_generation,Solar,2026-08-21T01:55:25Z
2026-08-21T01:53:59Z,2026-08-21T03:53:59+0200,dab098cd-e140-4c97-b435-f000c3ac97ba,2026-08-01T19:15:00Z,2026-08-01T21:15:00+0200,284.98,MW,FR,FR,actual_solar_generation,Solar,2026-08-21T01:55:25Z
2026-08-21T01:53:59Z,2026-08-21T03:53:59+0200,dab098cd-e140-4c97-b435-f000c3ac97ba,2026-08-01T19:30:00Z,2026-08-01T21:30:00+0200,206.6,MW,FR,FR,actual_solar_generation,Solar,2026-08-21T01:55:25Z
2026-08-21T01:53:59Z,2026-08-21T03:53:59+0200,dab098cd-e140-4c97-b435-f000c3ac97ba,2026-08-01T19:45:00Z,2026-08-01T21:45:00+0200,190.83,MW,FR,FR,actual_solar_generation,Solar,2026-08-21T01:55:25Z
2026-08-21T01:53:59Z,2026-08-21T03:53:59+0200,dab098cd-e140-4c97-b435-f000c3ac97ba,2026-08-01T20:00:00Z,2026-08-01T22:00:00+0200,190.67,MW,FR,FR,actual_solar_generation,Solar,2026-08-21T01:55:25Z
2026-08-21T01:53:59Z,2026-08-21T03:53:59+0200,dab098cd-e140-4c97-b435-f000c3ac97ba,2026-08-01T20:15:00Z,2026-08-01T22:15:00+0200,189.42,MW,FR,FR,actual_solar_generation,Solar,2026-08-21T01:55:25Z
2026-08-21T01:53:59Z,2026-08-21T03:53:59+0200,dab098cd-e140-4c97-b435-f000c3ac97ba,2026-08-01T20:30:00Z,2026-08-01T22:30:00+0200,189.49,MW,FR,FR,actual_solar_generation,Solar,2026-08-21T01:55:25Z
2026-08-21T01:53:59Z,2026-08-21T03:53:59+0200,dab098cd-e140-4c97-b435-f000c3ac97ba,2026-08-01T20:45:00Z,2026-08-01T22:45:00+0200,189.75,MW,FR,FR,actual_solar_generation,Solar,2026-08-21T01:55:25Z
2026-08-21T01:53:59Z,2026-08-21T03:53:59+0200,dab098cd-e140-4c97-b435-f000c3ac97ba,2026-08-01T21:00:00Z,2026-08-01T23:00:00+0200,0.0,MW,FR,FR,actual_solar_generation,Solar,2026-08-21T01:55:25Z
2026-08-21T01:53:59Z,2026-08-21T03:53:59+0200,dab098cd-e140-4c97-b435-f000c3ac97ba,2026-08-01T21:15:00Z,2026-08-01T23:15:00+0200,0.0,MW,FR,FR,actual_solar_generation,Solar,2026-08-21T01:55:25Z
2026-08-21T01:53:59Z,2026-08-21T03:53:59+0200,dab098cd-e140-4c97-b435-f000c3ac97ba,2026-08-01T21:30:00Z,2026-08-01T23:30:00+0200,0.0,MW,FR,FR,actual_solar_generation,Solar,2026-08-21T01:55:25Z
2026-08-21T01:53:59Z,2026-08-21T03:53:59+0200,dab098cd-e140-4c97-b435-f000c3ac97ba,2026-08-01T21:45:00Z,2026-08-01T23:45:00+0200,0.0,MW,FR,FR,actual_solar_generation,Solar,2026-08-21T01:55:25Z
2026-08-21T01:53:59Z,2026-08-21T03:53:59+0200,dab098cd-e140-4c97-b435-f000c3ac97ba,2026-08-01T22:00:00Z,2026-08-02T00:00:00+0200,0.0,MW,FR,FR,actual_solar_generation,Solar,2026-08-21T01:55:25Z
2026-08-21T01:53:59Z,2026-08-21T03:53:59+0200,dab098cd-e140-4c97-b435-f000c3ac97ba,2026-08-01T22:15:00Z,2026-08-02T00:15:00+0200,0.0,MW,FR,FR,actual_solar_generation,Solar,2026-08-21T01:55:25Z
2026-08-21T01:53:59Z,2026-08-21T03:53:59+0200,dab098cd-e140-4c97-b435-f000c3ac97ba,2026-08-01T22:30:00Z,2026-08-02T00:30:00+0200,0.0,MW,FR,FR,actual_solar_generation,Solar,2026-08-21T01:55:25Z
2026-08-21T01:53:59Z,2026-08-21T03:53:59+0200,dab098cd-e140-4c97-b435-f000c3ac97ba,2026-08-01T22:45:00Z,2026-08-02T00:45:00+0200,0.0,MW,FR,FR,actual_solar_generation,Solar,2026-08-21T01:55:25Z
2026-08-21T01:53:59Z,2026-08-21T03:53:59+0200,dab098cd-e140-4c97-b435-f000c3ac97ba,2026-08-01T23:00:00Z,2026-08-02T01:00:00+0200,0.0,MW,FR,FR,actual_solar_generation,Solar,2026-08-21T01:55:25Z
2026-08-21T01:53:59Z,2026-08-21T03:53:59+0200,dab098cd-e140-4c97-b435-f000c3ac97ba,2026-08-01T23:15:00Z,2026-08-02T01:15:00+0200,0.0,MW,FR,FR,actual_solar_generation,Solar,2026-08-21T01:55:25Z
2026-08-21T01:53:59Z,2026-08-21T03:53:59+0200,dab098cd-e140-4c97-b435-f000c3ac97ba,2026-08-01T23:30:00Z,2026-08-02T01:30:00+0200,0.0,MW,FR,FR,actual_solar_generation,Solar,2026-08-21T01:55:25Z
2026-08-21T01:53:59Z,2026-08-21T03:53:59+0200,dab098cd-e140-4c97-b435-f000c3ac97ba,2026-08-01T23:45:00Z,2026-08-02T01:45:00+0200,0.0,MW,FR,FR,actual_solar_generation,Solar,2026-08-21T01:55:25Z
2026-08-21T01:53:59Z,2026-08-21T03:53:59+0200,dab098cd-e140-4c97-b435-f000c3ac97ba,2026-08-02T00:00:00Z,2026-08-02T02:00:00+0200,0.0,MW,FR,FR,actual_solar_generation,Solar,2026-08-21T01:55:25Z
2026-08-21T01:53:59Z,2026-08-21T03:53:59+0200,dab098cd-e140-4c97-b435-f000c3ac97ba,2026-08-02T00:15:00Z,2026-08-02T02:15:00+0200,0.0,MW,FR,FR,actual_solar_generation,Solar,2026-08-21T01:55:25Z
2026-08-21T01:53:59Z,2026-08-21T03:53:59+0200,dab098cd-e140-4c97-b435-f000c3ac97ba,2026-08-02T00:30:00Z,2026-08-02T02:30:00+0200,0.0,MW,FR,FR,actual_solar_generation,Solar,2026-08-21T01:55:25Z
2026-08-21T01:53:59Z,2026-08-21T03:53:59+0200,dab098cd-e140-4c97-b435-f000c3ac97ba,2026-08-02T00:45:00Z,2026-08-02T02:45:00+0200,0.0,MW,FR,FR,actual_solar_generation,Solar,2026-08-21T01:55:25Z
2026-08-21T01:53:59Z,2026-08-21T03:53:59+0200,dab098cd-e140-4c97-b435-f000c3ac97ba,2026-08-02T01:00:00Z,2026-08-02T03:00:00+0200,0.0,MW,FR,FR,actual_solar_generation,Solar,2026-08-21T01:55:25Z
2026-08-21T01:53:59Z,2026-08-21T03:53:59+0200,dab098cd-e140-4c97-b435-f000c3ac97ba,2026-08-02T01:15:00Z,2026-08-02T03:15:00+0200,0.0,MW,FR,FR,actual_solar_generation,Solar,2026-08-21T01:55:25Z
2026-08-21T01:53:59Z,2026-08-21T03:53:59+0200,dab098cd-e140-4c97-b435-f000c3ac97ba,2026-08-02T01:30:00Z,2026-08-02T03:30:00+0200,0.0,MW,FR,FR,actual_solar_generation,Solar,2026-08-21T01:55:25Z
2026-08-21T01:53:59Z,2026-08-21T03:53:59+0200,dab098cd-e140-4c97-b435-f000c3ac97ba,2026-08-02T01:45:00Z,2026-08-02T03:45:00+0200,0.0,MW,FR,FR,actual_solar_generation,Solar,2026-08-21T01:55:25Z
2026-08-21T01:53:59Z,2026-08-21T03:53:59+0200,dab098cd-e140-4c97-b435-f000c3ac97ba,2026-08-02T02:00:00Z,2026-08-02T04:00:00+0200,0.0,MW,FR,FR,actual_solar_generation,Solar,2026-08-21T01:55:25Z
2026-08-21T01:53:59Z,2026-08-21T03:53:59+0200,dab098cd-e140-4c97-b435-f000c3ac97ba,2026-08-02T02:15:00Z,2026-08-02T04:15:00+0200,0.0,MW,FR,FR,actual_solar_generation,Solar,2026-08-21T01:55:25Z
2026-08-21T01:53:59Z,2026-08-21T03:53:59+0200,dab098cd-e140-4c97-b435-f000c3ac97ba,2026-08-02T02:30:00Z,2026-08-02T04:30:00+0200,0.0,MW,FR,FR,actual_solar_generation,Solar,2026-08-21T01:55:25Z
2026-08-21T01:53:59Z,2026-08-21T03:53:59+0200,dab098cd-e140-4c97-b435-f000c3ac97ba,2026-08-02T02:45:00Z,2026-08-02T04:45:00+0200,0.0,MW,FR,FR,actual_solar_generation,Solar,2026-08-21T01:55:25Z
2026-08-21T01:53:59Z,2026-08-21T03:53:59+0200,dab098cd-e140-4c97-b435-f000c3ac97ba,2026-08-02T03:00:00Z,2026-08-02T05:00:00+0200,0.0,MW,FR,FR,actual_solar_generation,Solar,2026-08-21T01:55:25Z
2026-08-21T01:53:59Z,2026-08-21T03:53:59+0200,dab098cd-e140-4c97-b435-f000c3ac97ba,2026-08-02T03:15:00Z,2026-08-02T05:15:00+0200,0.0,MW,FR,FR,actual_solar_generation,Solar,2026-08-21T01:55:25Z
2026-08-21T01:53:59Z,2026-08-21T03:53:59+0200,dab098cd-e140-4c97-b435-f000c3ac97ba,2026-08-02T03:30:00Z,2026-08-02T05:30:00+0200,0.0,MW,FR,FR,actual_solar_generation,Solar,2026-08-21T01:55:25Z
2026-08-21T01:53:59Z,2026-08-21T03:53:59+0200,dab098cd-e140-4c97-b435-f000c3ac97ba,2026-08-02T03:45:00Z,2026-08-02T05:45:00+0200,0.0,MW,FR,FR,actual_solar_generation,Solar,2026-08-21T01:55:25Z
2026-08-21T01:53:59Z,2026-08-21T03:53:59+0200,dab098cd-e140-4c97-b435-f000c3ac97ba,2026-08-02T04:00:00Z,2026-08-02T06:00:00+0200,186.74,MW,FR,FR,actual_solar_generation,Solar,2026-08-21T01:55:25Z
2026-08-21T01:53:59Z,2026-08-21T03:53:59+0200,dab098cd-e140-4c97-b435-f000c3ac97ba,2026-08-02T04:15:00Z,2026-08-02T06:15:00+0200,211.82,MW,FR,FR,actual_solar_generation,Solar,2026-08-21T01:55:25Z
2026-08-21T01:53:59Z,2026-08-21T03:53:59+0200,dab098cd-e140-4c97-b435-f000c3ac97ba,2026-08-02T04:30:00Z,2026-08-02T06:30:00+0200,308.41,MW,FR,FR,actual_solar_generation,Solar,2026-08-21T01:55:25Z
2026-08-21T01:53:59Z,2026-08-21T03:53:59+0200,dab098cd-e140-4c97-b435-f000c3ac97ba,2026-08-02T04:45:00Z,2026-08-02T06:45:00+0200,430.49,MW,FR,FR,actual_solar_generation,Solar,2026-08-21T01:55:25Z
2026-08-21T01:53:59Z,2026-08-21T03:53:59+0200,dab098cd-e140-4c97-b435-f000c3ac97ba,2026-08-02T05:00:00Z,2026-08-02T07:00:00+0200,653.0,MW,FR,FR,actual_solar_generation,Solar,2026-08-21T01:55:25Z
2026-08-21T01:53:59Z,2026-08-21T03:53:59+0200,dab098cd-e140-4c97-b435-f000c3ac97ba,2026-08-02T05:15:00Z,2026-08-02T07:15:00+0200,955.85,MW,FR,FR,actual_solar_generation,Solar,2026-08-21T01:55:25Z
2026-08-21T01:53:59Z,2026-08-21T03:53:59+0200,dab098cd-e140-4c97-b435-f000c3ac97ba,2026-08-02T05:30:00Z,2026-08-02T07:30:00+0200,1428.62,MW,FR,FR,actual_solar_generation,Solar,2026-08-21T01:55:25Z
2026-08-21T01:53:59Z,2026-08-21T03:53:59+0200,dab098cd-e140-4c97-b435-f000c3ac97ba,2026-08-02T05:45:00Z,2026-08-02T07:45:00+0200,2160.95,MW,FR,FR,actual_solar_generation,Solar,2026-08-21T01:55:25Z
2026-08-21T01:53:59Z,2026-08-21T03:53:59+0200,dab098cd-e140-4c97-b435-f000c3ac97ba,2026-08-02T06:00:00Z,2026-08-02T08:00:00+0200,3093.18,MW,FR,FR,actual_solar_generation,Solar,2026-08-21T01:55:25Z
2026-08-21T01:53:59Z,2026-08-21T03:53:59+0200,dab098cd-e140-4c97-b435-f000c3ac97ba,2026-08-02T06:15:00Z,2026-08-02T08:15:00+0200,4073.72,MW,FR,FR,actual_solar_generation,Solar,2026-08-21T01:55:25Z
2026-08-21T01:53:59Z,2026-08-21T03:53:59+0200,dab098cd-e140-4c97-b435-f000c3ac97ba,2026-08-02T06:30:00Z,2026-08-02T08:30:00+0200,5201.49,MW,FR,FR,actual_solar_generation,Solar,2026-08-21T01:55:25Z
2026-08-21T01:53:59Z,2026-08-21T03:53:59+0200,dab098cd-e140-4c97-b435-f000c3ac97ba,2026-08-02T06:45:00Z,2026-08-02T08:45:00+0200,6491.26,MW,FR,FR,actual_solar_generation,Solar,2026-08-21T01:55:25Z
2026-08-21T01:53:59Z,2026-08-21T03:53:59+0200,dab098cd-e140-4c97-b435-f000c3ac97ba,2026-08-02T07:00:00Z,2026-08-02T09:00:00+0200,7760.16,MW,FR,FR,actual_solar_generation,Solar,2026-08-21T01:55:25Z
2026-08-21T01:53:59Z,2026-08-21T03:53:59+0200,dab098cd-e140-4c97-b435-f000c3ac97ba,2026-08-02T07:15:00Z,2026-08-02T09:15:00+0200,9148.65,MW,FR,FR,actual_solar_generation,Solar,2026-08-21T01:55:25Z
2026-08-21T01:53:59Z,2026-08-21T03:53:59+0200,dab098cd-e140-4c97-b435-f000c3ac97ba,2026-08-02T07:30:00Z,2026-08-02T09:30:00+0200,10492.91,MW,FR,FR,actual_solar_generation,Solar,2026-08-21T01:55:25Z
2026-08-21T01:53:59Z,2026-08-21T03:53:59+0200,dab098cd-e140-4c97-b435-f000c3ac97ba,2026-08-02T07:45:00Z,2026-08-02T09:45:00+0200,11787.95,MW,FR,FR,actual_solar_generation,Solar,2026-08-21T01:55:25Z
2026-08-21T01:53:59Z,2026-08-21T03:53:59+0200,dab098cd-e140-4c97-b435-f000c3ac97ba,2026-08-02T08:00:00Z,2026-08-02T10:00:00+0200,13046.48,MW,FR,FR,actual_solar_generation,Solar,2026-08-21T01:55:25Z
2026-08-21T01:53:59Z,2026-08-21T03:53:59+0200,dab098cd-e140-4c97-b435-f000c3ac97ba,2026-08-02T08:15:00Z,2026-08-02T10:15:00+0200,14225.19,MW,FR,FR,actual_solar_generation,Solar,2026-08-21T01:55:25Z
2026-08-21T01:53:59Z,2026-08-21T03:53:59+0200,dab098cd-e140-4c97-b435-f000c3ac97ba,2026-08-02T08:30:00Z,2026-08-02T10:30:00+0200,15220.4,MW,FR,FR,actual_solar_generation,Solar,2026-08-21T01:55:25Z
2026-08-21T01:53:59Z,2026-08-21T03:53:59+0200,dab098cd-e140-4c97-b435-f000c3ac97ba,2026-08-02T08:45:00Z,2026-08-02T10:45:00+0200,14882.96,MW,FR,FR,actual_solar_generation,Solar,2026-08-21T01:55:25Z
2026-08-21T01:53:59Z,2026-08-21T03:53:59+0200,dab098cd-e140-4c97-b435-f000c3ac97ba,2026-08-02T09:00:00Z,2026-08-02T11:00:00+0200,13163.12,MW,FR,FR,actual_solar_generation,Solar,2026-08-21T01:55:25Z
2026-08-21T01:53:59Z,2026-08-21T03:53:59+0200,dab098cd-e140-4c97-b435-f000c3ac97ba,2026-08-02T09:15:00Z,2026-08-02T11:15:00+0200,13562.56,MW,FR,FR,actual_solar_generation,Solar,2026-08-21T01:55:25Z
2026-08-21T01:53:59Z,2026-08-21T03:53:59+0200,dab098cd-e140-4c97-b435-f000c3ac97ba,2026-08-02T09:30:00Z,2026-08-02T11:30:00+0200,14066.85,MW,FR,FR,actual_solar_generation,Solar,2026-08-21T01:55:25Z
2026-08-21T01:53:59Z,2026-08-21T03:53:59+0200,dab098cd-e140-4c97-b435-f000c3ac97ba,2026-08-02T09:45:00Z,2026-08-02T11:45:00+0200,14361.04,MW,FR,FR,actual_solar_generation,Solar,2026-08-21T01:55:25Z
2026-08-21T01:53:59Z,2026-08-21T03:53:59+0200,dab098cd-e140-4c97-b435-f000c3ac97ba,2026-08-02T10:00:00Z,2026-08-02T12:00:00+0200,14339.35,MW,FR,FR,actual_solar_generation,Solar,2026-08-21T01:55:25Z
2026-08-21T01:53:59Z,2026-08-21T03:53:59+0200,dab098cd-e140-4c97-b435-f000c3ac97ba,2026-08-02T10:15:00Z,2026-08-02T12:15:00+0200,13767.02,MW,FR,FR,actual_solar_generation,Solar,2026-08-21T01:55:25Z
2026-08-21T01:53:59Z,2026-08-21T03:53:59+0200,dab098cd-e140-4c97-b435-f000c3ac97ba,2026-08-02T10:30:00Z,2026-08-02T12:30:00+0200,12518.6,MW,FR,FR,actual_solar_generation,Solar,2026-08-21T01:55:25Z
2026-08-21T01:53:59Z,2026-08-21T03:53:59+0200,dab098cd-e140-4c97-b435-f000c3ac97ba,2026-08-02T10:45:00Z,2026-08-02T12:45:00+0200,12158.21,MW,FR,FR,actual_solar_generation,Solar,2026-08-21T01:55:25Z
2026-08-21T01:53:59Z,2026-08-21T03:53:59+0200,dab098cd-e140-4c97-b435-f000c3ac97ba,2026-08-02T11:00:00Z,2026-08-02T13:00:00+0200,12242.54,MW,FR,FR,actual_solar_generation,Solar,2026-08-21T01:55:25Z
2026-08-21T01:53:59Z,2026-08-21T03:53:59+0200,dab098cd-e140-4c97-b435-f000c3ac97ba,2026-08-02T11:15:00Z,2026-08-02T13:15:00+0200,12279.79,MW,FR,FR,actual_solar_generation,Solar,2026-08-21T01:55:25Z
2026-08-21T01:53:59Z,2026-08-21T03:53:59+0200,dab098cd-e140-4c97-b435-f000c3ac97ba,2026-08-02T11:30:00Z,2026-08-02T13:30:00+0200,12300.77,MW,FR,FR,actual_solar_generation,Solar,2026-08-21T01:55:25Z
2026-08-21T01:53:59Z,2026-08-21T03:53:59+0200,dab098cd-e140-4c97-b435-f000c3ac97ba,2026-08-02T11:45:00Z,2026-08-02T13:45:00+0200,12237.71,MW,FR,FR,actual_solar_generation,Solar,2026-08-21T01:55:25Z
2026-08-21T01:53:59Z,2026-08-21T03:53:59+0200,dab098cd-e140-4c97-b435-f000c3ac97ba,2026-08-02T12:00:00Z,2026-08-02T14:00:00+0200,12484.83,MW,FR,FR,actual_solar_generation,Solar,2026-08-21T01:55:25Z
2026-08-21T01:53:59Z,2026-08-21T03:53:59+0200,dab098cd-e140-4c97-b435-f000c3ac97ba,2026-08-02T12:15:00Z,2026-08-02T14:15:00+0200,12798.9,MW,FR,FR,actual_solar_generation,Solar,2026-08-21T01:55:25Z
2026-08-21T01:53:59Z,2026-08-21T03:53:59+0200,dab098cd-e140-4c97-b435-f000c3ac97ba,2026-08-02T12:30:00Z,2026-08-02T14:30:00+0200,12690.09,MW,FR,FR,actual_solar_generation,Solar,2026-08-21T01:55:25Z
2026-08-21T01:53:59Z,2026-08-21T03:53:59+0200,dab098cd-e140-4c97-b435-f000c3ac97ba,2026-08-02T12:45:00Z,2026-08-02T14:45:00+0200,12733.37,MW,FR,FR,actual_solar_generation,Solar,2026-08-21T01:55:25Z
2026-08-21T01:53:59Z,2026-08-21T03:53:59+0200,dab098cd-e140-4c97-b435-f000c3ac97ba,2026-08-02T13:00:00Z,2026-08-02T15:00:00+0200,14197.3,MW,FR,FR,actual_solar_generation,Solar,2026-08-21T01:55:25Z
2026-08-21T01:53:59Z,2026-08-21T03:53:59+0200,dab098cd-e140-4c97-b435-f000c3ac97ba,2026-08-02T13:15:00Z,2026-08-02T15:15:00+0200,14789.37,MW,FR,FR,actual_solar_generation,Solar,2026-08-21T01:55:25Z
2026-08-21T01:53:59Z,2026-08-21T03:53:59+0200,dab098cd-e140-4c97-b435-f000c3ac97ba,2026-08-02T13:30:00Z,2026-08-02T15:30:00+0200,14564.56,MW,FR,FR,actual_solar_generation,Solar,2026-08-21T01:55:25Z
2026-08-21T01:53:59Z,2026-08-21T03:53:59+0200,dab098cd-e140-4c97-b435-f000c3ac97ba,2026-08-02T13:45:00Z,2026-08-02T15:45:00+0200,16536.98,MW,FR,FR,actual_solar_generation,Solar,2026-08-21T01:55:25Z
2026-08-21T01:53:59Z,2026-08-21T03:53:59+0200,dab098cd-e140-4c97-b435-f000c3ac97ba,2026-08-02T14:00:00Z,2026-08-02T16:00:00+0200,18121.95,MW,FR,FR,actual_solar_generation,Solar,2026-08-21T01:55:25Z
2026-08-21T01:53:59Z,2026-08-21T03:53:59+0200,dab098cd-e140-4c97-b435-f000c3ac97ba,2026-08-02T14:15:00Z,2026-08-02T16:15:00+0200,17576.34,MW,FR,FR,actual_solar_generation,Solar,2026-08-21T01:55:25Z
2026-08-21T01:53:59Z,2026-08-21T03:53:59+0200,dab098cd-e140-4c97-b435-f000c3ac97ba,2026-08-02T14:30:00Z,2026-08-02T16:30:00+0200,16801.2,MW,FR,FR,actual_solar_generation,Solar,2026-08-21T01:55:25Z
2026-08-21T01:53:59Z,2026-08-21T03:53:59+0200,dab098cd-e140-4c97-b435-f000c3ac97ba,2026-08-02T14:45:00Z,2026-08-02T16:45:00+0200,15941.66,MW,FR,FR,actual_solar_generation,Solar,2026-08-21T01:55:25Z
2026-08-21T01:53:59Z,2026-08-21T03:53:59+0200,dab098cd-e140-4c97-b435-f000c3ac97ba,2026-08-02T15:00:00Z,2026-08-02T17:00:00+0200,15126.35,MW,FR,FR,actual_solar_generation,Solar,2026-08-21T01:55:25Z
2026-08-21T01:53:59Z,2026-08-21T03:53:59+0200,dab098cd-e140-4c97-b435-f000c3ac97ba,2026-08-02T15:15:00Z,2026-08-02T17:15:00+0200,14252.67,MW,FR,FR,actual_solar_generation,Solar,2026-08-21T01:55:25Z
2026-08-21T01:53:59Z,2026-08-21T03:53:59+0200,dab098cd-e140-4c97-b435-f000c3ac97ba,2026-08-02T15:30:00Z,2026-08-02T17:30:00+0200,13263.35,MW,FR,FR,actual_solar_generation,Solar,2026-08-21T01:55:25Z
2026-08-21T01:53:59Z,2026-08-21T03:53:59+0200,dab098cd-e140-4c97-b435-f000c3ac97ba,2026-08-02T15:45:00Z,2026-08-02T17:45:00+0200,12219.67,MW,FR,FR,actual_solar_generation,Solar,2026-08-21T01:55:25Z
2026-08-21T01:53:59Z,2026-08-21T03:53:59+0200,dab098cd-e140-4c97-b435-f000c3ac97ba,2026-08-02T16:00:00Z,2026-08-02T18:00:00+0200,11127.22,MW,FR,FR,actual_solar_generation,Solar,2026-08-21T01:55:25Z
2026-08-21T01:53:59Z,2026-08-21T03:53:59+0200,dab098cd-e140-4c97-b435-f000c3ac97ba,2026-08-02T16:15:00Z,2026-08-02T18:15:00+0200,9949.9,MW,FR,FR,actual_solar_generation,Solar,2026-08-21T01:55:25Z
2026-08-21T01:53:59Z,2026-08-21T03:53:59+0200,dab098cd-e140-4c97-b435-f000c3ac97ba,2026-08-02T16:30:00Z,2026-08-02T18:30:00+0200,8763.55,MW,FR,FR,actual_solar_generation,Solar,2026-08-21T01:55:25Z
2026-08-21T01:53:59Z,2026-08-21T03:53:59+0200,dab098cd-e140-4c97-b435-f000c3ac97ba,2026-08-02T16:45:00Z,2026-08-02T18:45:00+0200,7564.41,MW,FR,FR,actual_solar_generation,Solar,2026-08-21T01:55:25Z
2026-08-21T01:53:59Z,2026-08-21T03:53:59+0200,dab098cd-e140-4c97-b435-f000c3ac97ba,2026-08-02T17:00:00Z,2026-08-02T19:00:00+0200,6330.5,MW,FR,FR,actual_solar_generation,Solar,2026-08-21T01:55:25Z
2026-08-21T01:53:59Z,2026-08-21T03:53:59+0200,dab098cd-e140-4c97-b435-f000c3ac97ba,2026-08-02T17:15:00Z,2026-08-02T19:15:00+0200,5171.05,MW,FR,FR,actual_solar_generation,Solar,2026-08-21T01:55:25Z
2026-08-21T01:53:59Z,2026-08-21T03:53:59+0200,dab098cd-e140-4c97-b435-f000c3ac97ba,2026-08-02T17:30:00Z,2026-08-02T19:30:00+0200,4025.25,MW,FR,FR,actual_solar_generation,Solar,2026-08-21T01:55:25Z
2026-08-21T01:53:59Z,2026-08-21T03:53:59+0200,dab098cd-e140-4c97-b435-f000c3ac97ba,2026-08-02T17:45:00Z,2026-08-02T19:45:00+0200,3099.56,MW,FR,FR,actual_solar_generation,Solar,2026-08-21T01:55:25Z
2026-08-21T01:53:59Z,2026-08-21T03:53:59+0200,dab098cd-e140-4c97-b435-f000c3ac97ba,2026-08-02T18:00:00Z,2026-08-02T20:00:00+0200,2254.56,MW,FR,FR,actual_solar_generation,Solar,2026-08-21T01:55:25Z
2026-08-21T01:53:59Z,2026-08-21T03:53:59+0200,dab098cd-e140-4c97-b435-f000c3ac97ba,2026-08-02T18:15:00Z,2026-08-02T20:15:00+0200,1595.93,MW,FR,FR,actual_solar_generation,Solar,2026-08-21T01:55:25Z
2026-08-21T01:53:59Z,2026-08-21T03:53:59+0200,dab098cd-e140-4c97-b435-f000c3ac97ba,2026-08-02T18:30:00Z,2026-08-02T20:30:00+0200,1092.95,MW,FR,FR,actual_solar_generation,Solar,2026-08-21T01:55:25Z
2026-08-21T01:53:59Z,2026-08-21T03:53:59+0200,dab098cd-e140-4c97-b435-f000c3ac97ba,2026-08-02T18:45:00Z,2026-08-02T20:45:00+0200,733.87,MW,FR,FR,actual_solar_generation,Solar,2026-08-21T01:55:25Z
2026-08-21T01:53:59Z,2026-08-21T03:53:59+0200,dab098cd-e140-4c97-b435-f000c3ac97ba,2026-08-02T19:00:00Z,2026-08-02T21:00:00+0200,445.03,MW,FR,FR,actual_solar_generation,Solar,2026-08-21T01:55:25Z
2026-08-21T01:53:59Z,2026-08-21T03:53:59+0200,dab098cd-e140-4c97-b435-f000c3ac97ba,2026-08-02T19:15:00Z,2026-08-02T21:15:00+0200,272.92,MW,FR,FR,actual_solar_generation,Solar,2026-08-21T01:55:25Z
2026-08-21T01:53:59Z,2026-08-21T03:53:59+0200,dab098cd-e140-4c97-b435-f000c3ac97ba,2026-08-02T19:30:00Z,2026-08-02T21:30:00+0200,205.56,MW,FR,FR,actual_solar_generation,Solar,2026-08-21T01:55:25Z
2026-08-21T01:53:59Z,2026-08-21T03:53:59+0200,dab098cd-e140-4c97-b435-f000c3ac97ba,2026-08-02T19:45:00Z,2026-08-02T21:45:00+0200,194.71,MW,FR,FR,actual_solar_generation,Solar,2026-08-21T01:55:25Z
2026-08-21T01:53:59Z,2026-08-21T03:53:59+0200,dab098cd-e140-4c97-b435-f000c3ac97ba,2026-08-02T20:00:00Z,2026-08-02T22:00:00+0200,194.02,MW,FR,FR,actual_solar_generation,Solar,2026-08-21T01:55:25Z
2026-08-21T01:53:59Z,2026-08-21T03:53:59+0200,dab098cd-e140-4c97-b435-f000c3ac97ba,2026-08-02T20:15:00Z,2026-08-02T22:15:00+0200,188.73,MW,FR,FR,actual_solar_generation,Solar,2026-08-21T01:55:25Z
2026-08-21T01:53:59Z,2026-08-21T03:53:59+0200,dab098cd-e140-4c97-b435-f000c3ac97ba,2026-08-02T20:30:00Z,2026-08-02T22:30:00+0200,189.38,MW,FR,FR,actual_solar_generation,Solar,2026-08-21T01:55:25Z
2026-08-21T01:53:59Z,2026-08-21T03:53:59+0200,dab098cd-e140-4c97-b435-f000c3ac97ba,2026-08-02T20:45:00Z,2026-08-02T22:45:00+0200,188.0,MW,FR,FR,actual_solar_generation,Solar,2026-08-21T01:55:25Z
2026-08-21T01:53:59Z,2026-08-21T03:53:59+0200,dab098cd-e140-4c97-b435-f000c3ac97ba,2026-08-02T21:00:00Z,2026-08-02T23:00:00+0200,0.0,MW,FR,FR,actual_solar_generation,Solar,2026-08-21T01:55:25Z
2026-08-21T01:53:59Z,2026-08-21T03:53:59+0200,dab098cd-e140-4c97-b435-f000c3ac97ba,2026-08-02T21:15:00Z,2026-08-02T23:15:00+0200,0.0,MW,FR,FR,actual_solar_generation,Solar,2026-08-21T01:55:25Z
2026-08-21T01:53:59Z,2026-08-21T03:53:59+0200,dab098cd-e140-4c97-b435-f000c3ac97ba,2026-08-02T21:30:00Z,2026-08-02T23:30:00+0200,0.0,MW,FR,FR,actual_solar_generation,Solar,2026-08-21T01:55:25Z
2026-08-21T01:53:59Z,2026-08-21T03:53:59+0200,dab098cd-e140-4c97-b435-f000c3ac97ba,2026-08-02T21:45:00Z,2026-08-02T23:45:00+0200,0.0,MW,FR,FR,actual_solar_generation,Solar,2026-08-21T01:55:25Z
2026-08-21T01:53:59Z,2026-08-21T03:53:59+0200,dab098cd-e140-4c97-b435-f000c3ac97ba,2026-08-02T22:00:00Z,2026-08-03T00:00:00+0200,0.0,MW,FR,FR,actual_solar_generation,Solar,2026-08-21T01:55:25Z
2026-08-21T01:53:59Z,2026-08-21T03:53:59+0200,dab098cd-e140-4c97-b435-f000c3ac97ba,2026-08-02T22:15:00Z,2026-08-03T00:15:00+0200,0.0,MW,FR,FR,actual_solar_generation,Solar,2026-08-21T01:55:25Z
2026-08-21T01:53:59Z,2026-08-21T03:53:59+0200,dab098cd-e140-4c97-b435-f000c3ac97ba,2026-08-02T22:30:00Z,2026-08-03T00:30:00+0200,0.0,MW,FR,FR,actual_solar_generation,Solar,2026-08-21T01:55:25Z
2026-08-21T01:53:59Z,2026-08-21T03:53:59+0200,dab098cd-e140-4c97-b435-f000c3ac97ba,2026-08-02T22:45:00Z,2026-08-03T00:45:00+0200,0.0,MW,FR,FR,actual_solar_generation,Solar,2026-08-21T01:55:25Z
2026-08-21T01:53:59Z,2026-08-21T03:53:59+0200,dab098cd-e140-4c97-b435-f000c3ac97ba,2026-08-02T23:00:00Z,2026-08-03T01:00:00+0200,0.0,MW,FR,FR,actual_solar_generation,Solar,2026-08-21T01:55:25Z
2026-08-21T01:53:59Z,2026-08-21T03:53:59+0200,dab098cd-e140-4c97-b435-f000c3ac97ba,2026-08-02T23:15:00Z,2026-08-03T01:15:00+0200,0.0,MW,FR,FR,actual_solar_generation,Solar,2026-08-21T01:55:25Z
2026-08-21T01:53:59Z,2026-08-21T03:53:59+0200,dab098cd-e140-4c97-b435-f000c3ac97ba,2026-08-02T23:30:00Z,2026-08-03T01:30:00+0200,0.0,MW,FR,FR,actual_solar_generation,Solar,2026-08-21T01:55:25Z
2026-08-21T01:53:59Z,2026-08-21T03:53:59+0200,dab098cd-e140-4c97-b435-f000c3ac97ba,2026-08-02T23:45:00Z,2026-08-03T01:45:00+0200,0.0,MW,FR,FR,actual_solar_generation,Solar,2026-08-21T01:55:25Z
2026-08-21T01:53:59Z,2026-08-21T03:53:59+0200,dab098cd-e140-4c97-b435-f000c3ac97ba,2026-08-03T00:00:00Z,2026-08-03T02:00:00+0200,0.0,MW,FR,FR,actual_solar_generation,Solar,2026-08-21T01:55:25Z
2026-08-21T01:53:59Z,2026-08-21T03:53:59+0200,dab098cd-e140-4c97-b435-f000c3ac97ba,2026-08-03T00:15:00Z,2026-08-03T02:15:00+0200,0.0,MW,FR,FR,actual_solar_generation,Solar,2026-08-21T01:55:25Z
2026-08-21T01:53:59Z,2026-08-21T03:53:59+0200,dab098cd-e140-4c97-b435-f000c3ac97ba,2026-08-03T00:30:00Z,2026-08-03T02:30:00+0200,0.0,MW,FR,FR,actual_solar_generation,Solar,2026-08-21T01:55:25Z
2026-08-21T01:53:59Z,2026-08-21T03:53:59+0200,dab098cd-e140-4c97-b435-f000c3ac97ba,2026-08-03T00:45:00Z,2026-08-03T02:45:00+0200,0.0,MW,FR,FR,actual_solar_generation,Solar,2026-08-21T01:55:25Z
2026-08-21T01:53:59Z,2026-08-21T03:53:59+0200,dab098cd-e140-4c97-b435-f000c3ac97ba,2026-08-03T01:00:00Z,2026-08-03T03:00:00+0200,0.0,MW,FR,FR,actual_solar_generation,Solar,2026-08-21T01:55:25Z
2026-08-21T01:53:59Z,2026-08-21T03:53:59+0200,dab098cd-e140-4c97-b435-f000c3ac97ba,2026-08-03T01:15:00Z,2026-08-03T03:15:00+0200,0.0,MW,FR,FR,actual_solar_generation,Solar,2026-08-21T01:55:25Z
2026-08-21T01:53:59Z,2026-08-21T03:53:59+0200,dab098cd-e140-4c97-b435-f000c3ac97ba,2026-08-03T01:30:00Z,2026-08-03T03:30:00+0200,0.0,MW,FR,FR,actual_solar_generation,Solar,2026-08-21T01:55:25Z
2026-08-21T01:53:59Z,2026-08-21T03:53:59+0200,dab098cd-e140-4c97-b435-f000c3ac97ba,2026-08-03T01:45:00Z,2026-08-03T03:45:00+0200,0.0,MW,FR,FR,actual_solar_generation,Solar,2026-08-21T01:55:25Z
2026-08-21T01:53:59Z,2026-08-21T03:53:59+0200,dab098cd-e140-4c97-b435-f000c3ac97ba,2026-08-03T02:00:00Z,2026-08-03T04:00:00+0200,0.0,MW,FR,FR,actual_solar_generation,Solar,2026-08-21T01:55:25Z
2026-08-21T01:53:59Z,2026-08-21T03:53:59+0200,dab098cd-e140-4c97-b435-f000c3ac97ba,2026-08-03T02:15:00Z,2026-08-03T04:15:00+0200,0.0,MW,FR,FR,actual_solar_generation,Solar,2026-08-21T01:55:25Z
2026-08-21T01:53:59Z,2026-08-21T03:53:59+0200,dab098cd-e140-4c97-b435-f000c3ac97ba,2026-08-03T02:30:00Z,2026-08-03T04:30:00+0200,0.0,MW,FR,FR,actual_solar_generation,Solar,2026-08-21T01:55:25Z
2026-08-21T01:53:59Z,2026-08-21T03:53:59+0200,dab098cd-e140-4c97-b435-f000c3ac97ba,2026-08-03T02:45:00Z,2026-08-03T04:45:00+0200,0.0,MW,FR,FR,actual_solar_generation,Solar,2026-08-21T01:55:25Z
2026-08-21T01:53:59Z,2026-08-21T03:53:59+0200,dab098cd-e140-4c97-b435-f000c3ac97ba,2026-08-03T03:00:00Z,2026-08-03T05:00:00+0200,0.0,MW,FR,FR,actual_solar_generation,Solar,2026-08-21T01:55:25Z
2026-08-21T01:53:59Z,2026-08-21T03:53:59+0200,dab098cd-e140-4c97-b435-f000c3ac97ba,2026-08-03T03:15:00Z,2026-08-03T05:15:00+0200,0.0,MW,FR,FR,actual_solar_generation,Solar,2026-08-21T01:55:25Z
2026-08-21T01:53:59Z,2026-08-21T03:53:59+0200,dab098cd-e140-4c97-b435-f000c3ac97ba,2026-08-03T03:30:00Z,2026-08-03T05:30:00+0200,0.0,MW,FR,FR,actual_solar_generation,Solar,2026-08-21T01:55:25Z
2026-08-21T01:53:59Z,2026-08-21T03:53:59+0200,dab098cd-e140-4c97-b435-f000c3ac97ba,2026-08-03T03:45:00Z,2026-08-03T05:45:00+0200,0.0,MW,FR,FR,actual_solar_generation,Solar,2026-08-21T01:55:25Z
2026-08-21T01:53:59Z,2026-08-21T03:53:59+0200,dab098cd-e140-4c97-b435-f000c3ac97ba,2026-08-03T04:00:00Z,2026-08-03T06:00:00+0200,188.86,MW,FR,FR,actual_solar_generation,Solar,2026-08-21T01:55:25Z
2026-08-21T01:53:59Z,2026-08-21T03:53:59+0200,dab098cd-e140-4c97-b435-f000c3ac97ba,2026-08-03T04:15:00Z,2026-08-03T06:15:00+0200,212.53,MW,FR,FR,actual_solar_generation,Solar,2026-08-21T01:55:25Z
2026-08-21T01:53:59Z,2026-08-21T03:53:59+0200,dab098cd-e140-4c97-b435-f000c3ac97ba,2026-08-03T04:30:00Z,2026-08-03T06:30:00+0200,277.5,MW,FR,FR,actual_solar_generation,Solar,2026-08-21T01:55:25Z
2026-08-21T01:53:59Z,2026-08-21T03:53:59+0200,dab098cd-e140-4c97-b435-f000c3ac97ba,2026-08-03T04:45:00Z,2026-08-03T06:45:00+0200,401.12,MW,FR,FR,actual_solar_generation,Solar,2026-08-21T01:55:25Z
2026-08-21T01:53:59Z,2026-08-21T03:53:59+0200,dab098cd-e140-4c97-b435-f000c3ac97ba,2026-08-03T05:00:00Z,2026-08-03T07:00:00+0200,589.3,MW,FR,FR,actual_solar_generation,Solar,2026-08-21T01:55:25Z
2026-08-21T01:53:59Z,2026-08-21T03:53:59+0200,dab098cd-e140-4c97-b435-f000c3ac97ba,2026-08-03T05:15:00Z,2026-08-03T07:15:00+0200,865.49,MW,FR,FR,actual_solar_generation,Solar,2026-08-21T01:55:25Z
2026-08-21T01:53:59Z,2026-08-21T03:53:59+0200,dab098cd-e140-4c97-b435-f000c3ac97ba,2026-08-03T05:30:00Z,2026-08-03T07:30:00+0200,1275.27,MW,FR,FR,actual_solar_generation,Solar,2026-08-21T01:55:25Z
2026-08-21T01:53:59Z,2026-08-21T03:53:59+0200,dab098cd-e140-4c97-b435-f000c3ac97ba,2026-08-03T05:45:00Z,2026-08-03T07:45:00+0200,1885.57,MW,FR,FR,actual_solar_generation,Solar,2026-08-21T01:55:25Z
2026-08-21T01:53:59Z,2026-08-21T03:53:59+0200,dab098cd-e140-4c97-b435-f000c3ac97ba,2026-08-03T06:00:00Z,2026-08-03T08:00:00+0200,2642.02,MW,FR,FR,actual_solar_generation,Solar,2026-08-21T01:55:25Z
2026-08-21T01:53:59Z,2026-08-21T03:53:59+0200,dab098cd-e140-4c97-b435-f000c3ac97ba,2026-08-03T06:15:00Z,2026-08-03T08:15:00+0200,3422.08,MW,FR,FR,actual_solar_generation,Solar,2026-08-21T01:55:25Z
2026-08-21T01:53:59Z,2026-08-21T03:53:59+0200,dab098cd-e140-4c97-b435-f000c3ac97ba,2026-08-03T06:30:00Z,2026-08-03T08:30:00+0200,4094.49,MW,FR,FR,actual_solar_generation,Solar,2026-08-21T01:55:25Z
2026-08-21T01:53:59Z,2026-08-21T03:53:59+0200,dab098cd-e140-4c97-b435-f000c3ac97ba,2026-08-03T06:45:00Z,2026-08-03T08:45:00+0200,4897.77,MW,FR,FR,actual_solar_generation,Solar,2026-08-21T01:55:25Z
2026-08-21T01:53:59Z,2026-08-21T03:53:59+0200,dab098cd-e140-4c97-b435-f000c3ac97ba,2026-08-03T07:00:00Z,2026-08-03T09:00:00+0200,5767.25,MW,FR,FR,actual_solar_generation,Solar,2026-08-21T01:55:25Z
2026-08-21T01:53:59Z,2026-08-21T03:53:59+0200,dab098cd-e140-4c97-b435-f000c3ac97ba,2026-08-03T07:15:00Z,2026-08-03T09:15:00+0200,6807.92,MW,FR,FR,actual_solar_generation,Solar,2026-08-21T01:55:25Z
2026-08-21T01:53:59Z,2026-08-21T03:53:59+0200,dab098cd-e140-4c97-b435-f000c3ac97ba,2026-08-03T07:30:00Z,2026-08-03T09:30:00+0200,7937.93,MW,FR,FR,actual_solar_generation,Solar,2026-08-21T01:55:25Z
2026-08-21T01:53:59Z,2026-08-21T03:53:59+0200,dab098cd-e140-4c97-b435-f000c3ac97ba,2026-08-03T07:45:00Z,2026-08-03T09:45:00+0200,8985.59,MW,FR,FR,actual_solar_generation,Solar,2026-08-21T01:55:25Z
2026-08-21T01:53:59Z,2026-08-21T03:53:59+0200,dab098cd-e140-4c97-b435-f000c3ac97ba,2026-08-03T08:00:00Z,2026-08-03T10:00:00+0200,9967.96,MW,FR,FR,actual_solar_generation,Solar,2026-08-21T01:55:25Z
2026-08-21T01:53:59Z,2026-08-21T03:53:59+0200,dab098cd-e140-4c97-b435-f000c3ac97ba,2026-08-03T08:15:00Z,2026-08-03T10:15:00+0200,10956.46,MW,FR,FR,actual_solar_generation,Solar,2026-08-21T01:55:25Z
2026-08-21T01:53:59Z,2026-08-21T03:53:59+0200,dab098cd-e140-4c97-b435-f000c3ac97ba,2026-08-03T08:30:00Z,2026-08-03T10:30:00+0200,11756.88,MW,FR,FR,actual_solar_generation,Solar,2026-08-21T01:55:25Z
2026-08-21T01:53:59Z,2026-08-21T03:53:59+0200,dab098cd-e140-4c97-b435-f000c3ac97ba,2026-08-03T08:45:00Z,2026-08-03T10:45:00+0200,12504.83,MW,FR,FR,actual_solar_generation,Solar,2026-08-21T01:55:25Z
2026-08-21T01:53:59Z,2026-08-21T03:53:59+0200,dab098cd-e140-4c97-b435-f000c3ac97ba,2026-08-03T09:00:00Z,2026-08-03T11:00:00+0200,13274.1,MW,FR,FR,actual_solar_generation,Solar,2026-08-21T01:55:25Z
2026-08-21T01:53:59Z,2026-08-21T03:53:59+0200,dab098cd-e140-4c97-b435-f000c3ac97ba,2026-08-03T09:15:00Z,2026-08-03T11:15:00+0200,14042.16,MW,FR,FR,actual_solar_generation,Solar,2026-08-21T01:55:25Z
2026-08-21T01:53:59Z,2026-08-21T03:53:59+0200,dab098cd-e140-4c97-b435-f000c3ac97ba,2026-08-03T09:30:00Z,2026-08-03T11:30:00+0200,14559.06,MW,FR,FR,actual_solar_generation,Solar,2026-08-21T01:55:25Z
2026-08-21T01:53:59Z,2026-08-21T03:53:59+0200,dab098cd-e140-4c97-b435-f000c3ac97ba,2026-08-03T09:45:00Z,2026-08-03T11:45:00+0200,15109.07,MW,FR,FR,actual_solar_generation,Solar,2026-08-21T01:55:25Z
2026-08-21T01:53:59Z,2026-08-21T03:53:59+0200,dab098cd-e140-4c97-b435-f000c3ac97ba,2026-08-03T10:00:00Z,2026-08-03T12:00:00+0200,15538.72,MW,FR,FR,actual_solar_generation,Solar,2026-08-21T01:55:25Z
2026-08-21T01:53:59Z,2026-08-21T03:53:59+0200,dab098cd-e140-4c97-b435-f000c3ac97ba,2026-08-03T10:15:00Z,2026-08-03T12:15:00+0200,16034.13,MW,FR,FR,actual_solar_generation,Solar,2026-08-21T01:55:25Z
2026-08-21T01:53:59Z,2026-08-21T03:53:59+0200,dab098cd-e140-4c97-b435-f000c3ac97ba,2026-08-03T10:30:00Z,2026-08-03T12:30:00+0200,16345.85,MW,FR,FR,actual_solar_generation,Solar,2026-08-21T01:55:25Z
2026-08-21T01:53:59Z,2026-08-21T03:53:59+0200,dab098cd-e140-4c97-b435-f000c3ac97ba,2026-08-03T10:45:00Z,2026-08-03T12:45:00+0200,16505.38,MW,FR,FR,actual_solar_generation,Solar,2026-08-21T01:55:25Z
2026-08-21T01:53:59Z,2026-08-21T03:53:59+0200,dab098cd-e140-4c97-b435-f000c3ac97ba,2026-08-03T11:00:00Z,2026-08-03T13:00:00+0200,16625.78,MW,FR,FR,actual_solar_generation,Solar,2026-08-21T01:55:25Z
2026-08-21T01:53:59Z,2026-08-21T03:53:59+0200,dab098cd-e140-4c97-b435-f000c3ac97ba,2026-08-03T11:15:00Z,2026-08-03T13:15:00+0200,16712.62,MW,FR,FR,actual_solar_generation,Solar,2026-08-21T01:55:25Z
2026-08-21T01:53:59Z,2026-08-21T03:53:59+0200,dab098cd-e140-4c97-b435-f000c3ac97ba,2026-08-03T11:30:00Z,2026-08-03T13:30:00+0200,16702.11,MW,FR,FR,actual_solar_generation,Solar,2026-08-21T01:55:25Z
2026-08-21T01:53:59Z,2026-08-21T03:53:59+0200,dab098cd-e140-4c97-b435-f000c3ac97ba,2026-08-03T11:45:00Z,2026-08-03T13:45:00+0200,16735.22,MW,FR,FR,actual_solar_generation,Solar,2026-08-21T01:55:25Z
2026-08-21T01:53:59Z,2026-08-21T03:53:59+0200,dab098cd-e140-4c97-b435-f000c3ac97ba,2026-08-03T12:00:00Z,2026-08-03T14:00:00+0200,16827.86,MW,FR,FR,actual_solar_generation,Solar,2026-08-21T01:55:25Z
2026-08-21T01:53:59Z,2026-08-21T03:53:59+0200,dab098cd-e140-4c97-b435-f000c3ac97ba,2026-08-03T12:15:00Z,2026-08-03T14:15:00+0200,16812.16,MW,FR,FR,actual_solar_generation,Solar,2026-08-21T01:55:25Z
2026-08-21T01:53:59Z,2026-08-21T03:53:59+0200,dab098cd-e140-4c97-b435-f000c3ac97ba,2026-08-03T12:30:00Z,2026-08-03T14:30:00+0200,16519.26,MW,FR,FR,actual_solar_generation,Solar,2026-08-21T01:55:25Z
2026-08-21T01:53:59Z,2026-08-21T03:53:59+0200,dab098cd-e140-4c97-b435-f000c3ac97ba,2026-08-03T12:45:00Z,2026-08-03T14:45:00+0200,16272.22,MW,FR,FR,actual_solar_generation,Solar,2026-08-21T01:55:25Z
2026-08-21T01:53:59Z,2026-08-21T03:53:59+0200,dab098cd-e140-4c97-b435-f000c3ac97ba,2026-08-03T13:00:00Z,2026-08-03T15:00:00+0200,16008.97,MW,FR,FR,actual_solar_generation,Solar,2026-08-21T01:55:25Z
2026-08-21T01:53:59Z,2026-08-21T03:53:59+0200,dab098cd-e140-4c97-b435-f000c3ac97ba,2026-08-03T13:15:00Z,2026-08-03T15:15:00+0200,15738.67,MW,FR,FR,actual_solar_generation,Solar,2026-08-21T01:55:25Z
2026-08-21T01:53:59Z,2026-08-21T03:53:59+0200,dab098cd-e140-4c97-b435-f000c3ac97ba,2026-08-03T13:30:00Z,2026-08-03T15:30:00+0200,15173.71,MW,FR,FR,actual_solar_generation,Solar,2026-08-21T01:55:25Z
2026-08-21T01:53:59Z,2026-08-21T03:53:59+0200,dab098cd-e140-4c97-b435-f000c3ac97ba,2026-08-03T13:45:00Z,2026-08-03T15:45:00+0200,14683.56,MW,FR,FR,actual_solar_generation,Solar,2026-08-21T01:55:25Z
2026-08-21T01:53:59Z,2026-08-21T03:53:59+0200,dab098cd-e140-4c97-b435-f000c3ac97ba,2026-08-03T14:00:00Z,2026-08-03T16:00:00+0200,14198.71,MW,FR,FR,actual_solar_generation,Solar,2026-08-21T01:55:25Z
2026-08-21T01:53:59Z,2026-08-21T03:53:59+0200,dab098cd-e140-4c97-b435-f000c3ac97ba,2026-08-03T14:15:00Z,2026-08-03T16:15:00+0200,13519.24,MW,FR,FR,actual_solar_generation,Solar,2026-08-21T01:55:25Z
2026-08-21T01:53:59Z,2026-08-21T03:53:59+0200,dab098cd-e140-4c97-b435-f000c3ac97ba,2026-08-03T14:30:00Z,2026-08-03T16:30:00+0200,12959.77,MW,FR,FR,actual_solar_generation,Solar,2026-08-21T01:55:25Z
2026-08-21T01:53:59Z,2026-08-21T03:53:59+0200,dab098cd-e140-4c97-b435-f000c3ac97ba,2026-08-03T14:45:00Z,2026-08-03T16:45:00+0200,12367.39,MW,FR,FR,actual_solar_generation,Solar,2026-08-21T01:55:25Z
2026-08-21T01:53:59Z,2026-08-21T03:53:59+0200,dab098cd-e140-4c97-b435-f000c3ac97ba,2026-08-03T15:00:00Z,2026-08-03T17:00:00+0200,11500.72,MW,FR,FR,actual_solar_generation,Solar,2026-08-21T01:55:25Z
2026-08-21T01:53:59Z,2026-08-21T03:53:59+0200,dab098cd-e140-4c97-b435-f000c3ac97ba,2026-08-03T15:15:00Z,2026-08-03T17:15:00+0200,10578.97,MW,FR,FR,actual_solar_generation,Solar,2026-08-21T01:55:25Z
2026-08-21T01:53:59Z,2026-08-21T03:53:59+0200,dab098cd-e140-4c97-b435-f000c3ac97ba,2026-08-03T15:30:00Z,2026-08-03T17:30:00+0200,9745.19,MW,FR,FR,actual_solar_generation,Solar,2026-08-21T01:55:25Z
2026-08-21T01:53:59Z,2026-08-21T03:53:59+0200,dab098cd-e140-4c97-b435-f000c3ac97ba,2026-08-03T15:45:00Z,2026-08-03T17:45:00+0200,8848.79,MW,FR,FR,actual_solar_generation,Solar,2026-08-21T01:55:25Z
2026-08-21T01:53:59Z,2026-08-21T03:53:59+0200,dab098cd-e140-4c97-b435-f000c3ac97ba,2026-08-03T16:00:00Z,2026-08-03T18:00:00+0200,7974.11,MW,FR,FR,actual_solar_generation,Solar,2026-08-21T01:55:25Z
2026-08-21T01:53:59Z,2026-08-21T03:53:59+0200,dab098cd-e140-4c97-b435-f000c3ac97ba,2026-08-03T16:15:00Z,2026-08-03T18:15:00+0200,7178.78,MW,FR,FR,actual_solar_generation,Solar,2026-08-21T01:55:25Z
2026-08-21T01:53:59Z,2026-08-21T03:53:59+0200,dab098cd-e140-4c97-b435-f000c3ac97ba,2026-08-03T16:30:00Z,2026-08-03T18:30:00+0200,6373.04,MW,FR,FR,actual_solar_generation,Solar,2026-08-21T01:55:25Z
2026-08-21T01:53:59Z,2026-08-21T03:53:59+0200,dab098cd-e140-4c97-b435-f000c3ac97ba,2026-08-03T16:45:00Z,2026-08-03T18:45:00+0200,5463.83,MW,FR,FR,actual_solar_generation,Solar,2026-08-21T01:55:25Z
2026-08-21T01:53:59Z,2026-08-21T03:53:59+0200,dab098cd-e140-4c97-b435-f000c3ac97ba,2026-08-03T17:00:00Z,2026-08-03T19:00:00+0200,4626.55,MW,FR,FR,actual_solar_generation,Solar,2026-08-21T01:55:25Z
2026-08-21T01:53:59Z,2026-08-21T03:53:59+0200,dab098cd-e140-4c97-b435-f000c3ac97ba,2026-08-03T17:15:00Z,2026-08-03T19:15:00+0200,3805.55,MW,FR,FR,actual_solar_generation,Solar,2026-08-21T01:55:25Z
2026-08-21T01:53:59Z,2026-08-21T03:53:59+0200,dab098cd-e140-4c97-b435-f000c3ac97ba,2026-08-03T17:30:00Z,2026-08-03T19:30:00+0200,3041.44,MW,FR,FR,actual_solar_generation,Solar,2026-08-21T01:55:25Z
2026-08-21T01:53:59Z,2026-08-21T03:53:59+0200,dab098cd-e140-4c97-b435-f000c3ac97ba,2026-08-03T17:45:00Z,2026-08-03T19:45:00+0200,2390.61,MW,FR,FR,actual_solar_generation,Solar,2026-08-21T01:55:25Z
2026-08-21T01:53:59Z,2026-08-21T03:53:59+0200,dab098cd-e140-4c97-b435-f000c3ac97ba,2026-08-03T18:00:00Z,2026-08-03T20:00:00+0200,1828.9,MW,FR,FR,actual_solar_generation,Solar,2026-08-21T01:55:25Z
2026-08-21T01:53:59Z,2026-08-21T03:53:59+0200,dab098cd-e140-4c97-b435-f000c3ac97ba,2026-08-03T18:15:00Z,2026-08-03T20:15:00+0200,1370.34,MW,FR,FR,actual_solar_generation,Solar,2026-08-21T01:55:25Z
2026-08-21T01:53:59Z,2026-08-21T03:53:59+0200,dab098cd-e140-4c97-b435-f000c3ac97ba,2026-08-03T18:30:00Z,2026-08-03T20:30:00+0200,983.0,MW,FR,FR,actual_solar_generation,Solar,2026-08-21T01:55:25Z
2026-08-21T01:53:59Z,2026-08-21T03:53:59+0200,dab098cd-e140-4c97-b435-f000c3ac97ba,2026-08-03T18:45:00Z,2026-08-03T20:45:00+0200,697.77,MW,FR,FR,actual_solar_generation,Solar,2026-08-21T01:55:25Z
2026-08-21T01:53:59Z,2026-08-21T03:53:59+0200,dab098cd-e140-4c97-b435-f000c3ac97ba,2026-08-03T19:00:00Z,2026-08-03T21:00:00+0200,458.45,MW,FR,FR,actual_solar_generation,Solar,2026-08-21T01:55:25Z
2026-08-21T01:53:59Z,2026-08-21T03:53:59+0200,dab098cd-e140-4c97-b435-f000c3ac97ba,2026-08-03T19:15:00Z,2026-08-03T21:15:00+0200,299.31,MW,FR,FR,actual_solar_generation,Solar,2026-08-21T01:55:25Z
2026-08-21T01:53:59Z,2026-08-21T03:53:59+0200,dab098cd-e140-4c97-b435-f000c3ac97ba,2026-08-03T19:30:00Z,2026-08-03T21:30:00+0200,231.59,MW,FR,FR,actual_solar_generation,Solar,2026-08-21T01:55:25Z
2026-08-21T01:53:59Z,2026-08-21T03:53:59+0200,dab098cd-e140-4c97-b435-f000c3ac97ba,2026-08-03T19:45:00Z,2026-08-03T21:45:00+0200,223.51,MW,FR,FR,actual_solar_generation,Solar,2026-08-21T01:55:25Z
2026-08-21T01:53:59Z,2026-08-21T03:53:59+0200,dab098cd-e140-4c97-b435-f000c3ac97ba,2026-08-03T20:00:00Z,2026-08-03T22:00:00+0200,219.77,MW,FR,FR,actual_solar_generation,Solar,2026-08-21T01:55:25Z
2026-08-21T01:53:59Z,2026-08-21T03:53:59+0200,dab098cd-e140-4c97-b435-f000c3ac97ba,2026-08-03T20:15:00Z,2026-08-03T22:15:00+0200,215.32,MW,FR,FR,actual_solar_generation,Solar,2026-08-21T01:55:25Z
2026-08-21T01:53:59Z,2026-08-21T03:53:59+0200,dab098cd-e140-4c97-b435-f000c3ac97ba,2026-08-03T20:30:00Z,2026-08-03T22:30:00+0200,213.64,MW,FR,FR,actual_solar_generation,Solar,2026-08-21T01:55:25Z
2026-08-21T01:53:59Z,2026-08-21T03:53:59+0200,dab098cd-e140-4c97-b435-f000c3ac97ba,2026-08-03T20:45:00Z,2026-08-03T22:45:00+0200,211.87,MW,FR,FR,actual_solar_generation,Solar,2026-08-21T01:55:25Z
2026-08-21T01:53:59Z,2026-08-21T03:53:59+0200,dab098cd-e140-4c97-b435-f000c3ac97ba,2026-08-03T21:00:00Z,2026-08-03T23:00:00+0200,0.0,MW,FR,FR,actual_solar_generation,Solar,2026-08-21T01:55:25Z
2026-08-21T01:53:59Z,2026-08-21T03:53:59+0200,dab098cd-e140-4c97-b435-f000c3ac97ba,2026-08-03T21:15:00Z,2026-08-03T23:15:00+0200,0.0,MW,FR,FR,actual_solar_generation,Solar,2026-08-21T01:55:25Z
2026-08-21T01:53:59Z,2026-08-21T03:53:59+0200,dab098cd-e140-4c97-b435-f000c3ac97ba,2026-08-03T21:30:00Z,2026-08-03T23:30:00+0200,0.0,MW,FR,FR,actual_solar_generation,Solar,2026-08-21T01:55:25Z
2026-08-21T01:53:59Z,2026-08-21T03:53:59+0200,dab098cd-e140-4c97-b435-f000c3ac97ba,2026-08-03T21:45:00Z,2026-08-03T23:45:00+0200,0.0,MW,FR,FR,actual_solar_generation,Solar,2026-08-21T01:55:25Z
2026-08-21T01:53:59Z,2026-08-21T03:53:59+0200,dab098cd-e140-4c97-b435-f000c3ac97ba,2026-08-03T22:00:00Z,2026-08-04T00:00:00+0200,0.0,MW,FR,FR,actual_solar_generation,Solar,2026-08-21T01:55:25Z
2026-08-21T01:53:59Z,2026-08-21T03:53:59+0200,dab098cd-e140-4c97-b435-f000c3ac97ba,2026-08-03T22:15:00Z,2026-08-04T00:15:00+0200,0.0,MW,FR,FR,actual_solar_generation,Solar,2026-08-21T01:55:25Z
2026-08-21T01:53:59Z,2026-08-21T03:53:59+0200,dab098cd-e140-4c97-b435-f000c3ac97ba,2026-08-03T22:30:00Z,2026-08-04T00:30:00+0200,0.0,MW,FR,FR,actual_solar_generation,Solar,2026-08-21T01:55:25Z
2026-08-21T01:53:59Z,2026-08-21T03:53:59+0200,dab098cd-e140-4c97-b435-f000c3ac97ba,2026-08-03T22:45:00Z,2026-08-04T00:45:00+0200,0.0,MW,FR,FR,actual_solar_generation,Solar,2026-08-21T01:55:25Z
2026-08-21T01:53:59Z,2026-08-21T03:53:59+0200,dab098cd-e140-4c97-b435-f000c3ac97ba,2026-08-03T23:00:00Z,2026-08-04T01:00:00+0200,0.0,MW,FR,FR,actual_solar_generation,Solar,2026-08-21T01:55:25Z
2026-08-21T01:53:59Z,2026-08-21T03:53:59+0200,dab098cd-e140-4c97-b435-f000c3ac97ba,2026-08-03T23:15:00Z,2026-08-04T01:15:00+0200,0.0,MW,FR,FR,actual_solar_generation,Solar,2026-08-21T01:55:25Z
2026-08-21T01:53:59Z,2026-08-21T03:53:59+0200,dab098cd-e140-4c97-b435-f000c3ac97ba,2026-08-03T23:30:00Z,2026-08-04T01:30:00+0200,0.0,MW,FR,FR,actual_solar_generation,Solar,2026-08-21T01:55:25Z
2026-08-21T01:53:59Z,2026-08-21T03:53:59+0200,dab098cd-e140-4c97-b435-f000c3ac97ba,2026-08-03T23:45:00Z,2026-08-04T01:45:00+0200,0.0,MW,FR,FR,actual_solar_generation,Solar,2026-08-21T01:55:25Z
2026-08-21T01:53:59Z,2026-08-21T03:53:59+0200,dab098cd-e140-4c97-b435-f000c3ac97ba,2026-08-04T00:00:00Z,2026-08-04T02:00:00+0200,0.0,MW,FR,FR,actual_solar_generation,Solar,2026-08-21T01:55:25Z
2026-08-21T01:53:59Z,2026-08-21T03:53:59+0200,dab098cd-e140-4c97-b435-f000c3ac97ba,2026-08-04T00:15:00Z,2026-08-04T02:15:00+0200,0.0,MW,FR,FR,actual_solar_generation,Solar,2026-08-21T01:55:25Z
2026-08-21T01:53:59Z,2026-08-21T03:53:59+0200,dab098cd-e140-4c97-b435-f000c3ac97ba,2026-08-04T00:30:00Z,2026-08-04T02:30:00+0200,0.0,MW,FR,FR,actual_solar_generation,Solar,2026-08-21T01:55:25Z
2026-08-21T01:53:59Z,2026-08-21T03:53:59+0200,dab098cd-e140-4c97-b435-f000c3ac97ba,2026-08-04T00:45:00Z,2026-08-04T02:45:00+0200,0.0,MW,FR,FR,actual_solar_generation,Solar,2026-08-21T01:55:25Z
2026-08-21T01:53:59Z,2026-08-21T03:53:59+0200,dab098cd-e140-4c97-b435-f000c3ac97ba,2026-08-04T01:00:00Z,2026-08-04T03:00:00+0200,0.0,MW,FR,FR,actual_solar_generation,Solar,2026-08-21T01:55:25Z
2026-08-21T01:53:59Z,2026-08-21T03:53:59+0200,dab098cd-e140-4c97-b435-f000c3ac97ba,2026-08-04T01:15:00Z,2026-08-04T03:15:00+0200,0.0,MW,FR,FR,actual_solar_generation,Solar,2026-08-21T01:55:25Z
2026-08-21T01:53:59Z,2026-08-21T03:53:59+0200,dab098cd-e140-4c97-b435-f000c3ac97ba,2026-08-04T01:30:00Z,2026-08-04T03:30:00+0200,0.0,MW,FR,FR,actual_solar_generation,Solar,2026-08-21T01:55:25Z
2026-08-21T01:53:59Z,2026-08-21T03:53:59+0200,dab098cd-e140-4c97-b435-f000c3ac97ba,2026-08-04T01:45:00Z,2026-08-04T03:45:00+0200,0.0,MW,FR,FR,actual_solar_generation,Solar,2026-08-21T01:55:25Z
2026-08-21T01:53:59Z,2026-08-21T03:53:59+0200,dab098cd-e140-4c97-b435-f000c3ac97ba,2026-08-04T02:00:00Z,2026-08-04T04:00:00+0200,0.0,MW,FR,FR,actual_solar_generation,Solar,2026-08-21T01:55:25Z
2026-08-21T01:53:59Z,2026-08-21T03:53:59+0200,dab098cd-e140-4c97-b435-f000c3ac97ba,2026-08-04T02:15:00Z,2026-08-04T04:15:00+0200,0.0,MW,FR,FR,actual_solar_generation,Solar,2026-08-21T01:55:25Z
2026-08-21T01:53:59Z,2026-08-21T03:53:59+0200,dab098cd-e140-4c97-b435-f000c3ac97ba,2026-08-04T02:30:00Z,2026-08-04T04:30:00+0200,0.0,MW,FR,FR,actual_solar_generation,Solar,2026-08-21T01:55:25Z
2026-08-21T01:53:59Z,2026-08-21T03:53:59+0200,dab098cd-e140-4c97-b435-f000c3ac97ba,2026-08-04T02:45:00Z,2026-08-04T04:45:00+0200,0.0,MW,FR,FR,actual_solar_generation,Solar,2026-08-21T01:55:25Z
2026-08-21T01:53:59Z,2026-08-21T03:53:59+0200,dab098cd-e140-4c97-b435-f000c3ac97ba,2026-08-04T03:00:00Z,2026-08-04T05:00:00+0200,0.0,MW,FR,FR,actual_solar_generation,Solar,2026-08-21T01:55:25Z
2026-08-21T01:53:59Z,2026-08-21T03:53:59+0200,dab098cd-e140-4c97-b435-f000c3ac97ba,2026-08-04T03:15:00Z,2026-08-04T05:15:00+0200,0.0,MW,FR,FR,actual_solar_generation,Solar,2026-08-21T01:55:25Z
2026-08-21T01:53:59Z,2026-08-21T03:53:59+0200,dab098cd-e140-4c97-b435-f000c3ac97ba,2026-08-04T03:30:00Z,2026-08-04T05:30:00+0200,0.0,MW,FR,FR,actual_solar_generation,Solar,2026-08-21T01:55:25Z
2026-08-21T01:53:59Z,2026-08-21T03:53:59+0200,dab098cd-e140-4c97-b435-f000c3ac97ba,2026-08-04T03:45:00Z,2026-08-04T05:45:00+0200,0.0,MW,FR,FR,actual_solar_generation,Solar,2026-08-21T01:55:25Z
2026-08-21T01:53:59Z,2026-08-21T03:53:59+0200,dab098cd-e140-4c97-b435-f000c3ac97ba,2026-08-04T04:00:00Z,2026-08-04T06:00:00+0200,193.33,MW,FR,FR,actual_solar_generation,Solar,2026-08-21T01:55:25Z
2026-08-21T01:53:59Z,2026-08-21T03:53:59+0200,dab098cd-e140-4c97-b435-f000c3ac97ba,2026-08-04T04:15:00Z,2026-08-04T06:15:00+0200,216.6,MW,FR,FR,actual_solar_generation,Solar,2026-08-21T01:55:25Z
2026-08-21T01:53:59Z,2026-08-21T03:53:59+0200,dab098cd-e140-4c97-b435-f000c3ac97ba,2026-08-04T04:30:00Z,2026-08-04T06:30:00+0200,276.34,MW,FR,FR,actual_solar_generation,Solar,2026-08-21T01:55:25Z
2026-08-21T01:53:59Z,2026-08-21T03:53:59+0200,dab098cd-e140-4c97-b435-f000c3ac97ba,2026-08-04T04:45:00Z,2026-08-04T06:45:00+0200,394.37,MW,FR,FR,actual_solar_generation,Solar,2026-08-21T01:55:25Z
2026-08-21T01:53:59Z,2026-08-21T03:53:59+0200,dab098cd-e140-4c97-b435-f000c3ac97ba,2026-08-04T05:00:00Z,2026-08-04T07:00:00+0200,543.08,MW,FR,FR,actual_solar_generation,Solar,2026-08-21T01:55:25Z
2026-08-21T01:53:59Z,2026-08-21T03:53:59+0200,dab098cd-e140-4c97-b435-f000c3ac97ba,2026-08-04T05:15:00Z,2026-08-04T07:15:00+0200,756.38,MW,FR,FR,actual_solar_generation,Solar,2026-08-21T01:55:25Z
2026-08-21T01:53:59Z,2026-08-21T03:53:59+0200,dab098cd-e140-4c97-b435-f000c3ac97ba,2026-08-04T05:30:00Z,2026-08-04T07:30:00+0200,1120.31,MW,FR,FR,actual_solar_generation,Solar,2026-08-21T01:55:25Z
2026-08-21T01:53:59Z,2026-08-21T03:53:59+0200,dab098cd-e140-4c97-b435-f000c3ac97ba,2026-08-04T05:45:00Z,2026-08-04T07:45:00+0200,1682.21,MW,FR,FR,actual_solar_generation,Solar,2026-08-21T01:55:25Z
2026-08-21T01:53:59Z,2026-08-21T03:53:59+0200,dab098cd-e140-4c97-b435-f000c3ac97ba,2026-08-04T06:00:00Z,2026-08-04T08:00:00+0200,2387.84,MW,FR,FR,actual_solar_generation,Solar,2026-08-21T01:55:25Z
2026-08-21T01:53:59Z,2026-08-21T03:53:59+0200,dab098cd-e140-4c97-b435-f000c3ac97ba,2026-08-04T06:15:00Z,2026-08-04T08:15:00+0200,3192.65,MW,FR,FR,actual_solar_generation,Solar,2026-08-21T01:55:25Z
2026-08-21T01:53:59Z,2026-08-21T03:53:59+0200,dab098cd-e140-4c97-b435-f000c3ac97ba,2026-08-04T06:30:00Z,2026-08-04T08:30:00+0200,3939.76,MW,FR,FR,actual_solar_generation,Solar,2026-08-21T01:55:25Z
2026-08-21T01:53:59Z,2026-08-21T03:53:59+0200,dab098cd-e140-4c97-b435-f000c3ac97ba,2026-08-04T06:45:00Z,2026-08-04T08:45:00+0200,4900.79,MW,FR,FR,actual_solar_generation,Solar,2026-08-21T01:55:25Z
2026-08-21T01:53:59Z,2026-08-21T03:53:59+0200,dab098cd-e140-4c97-b435-f000c3ac97ba,2026-08-04T07:00:00Z,2026-08-04T09:00:00+0200,5794.95,MW,FR,FR,actual_solar_generation,Solar,2026-08-21T01:55:25Z
2026-08-21T01:53:59Z,2026-08-21T03:53:59+0200,dab098cd-e140-4c97-b435-f000c3ac97ba,2026-08-04T07:15:00Z,2026-08-04T09:15:00+0200,6905.31,MW,FR,FR,actual_solar_generation,Solar,2026-08-21T01:55:25Z
2026-08-21T01:53:59Z,2026-08-21T03:53:59+0200,dab098cd-e140-4c97-b435-f000c3ac97ba,2026-08-04T07:30:00Z,2026-08-04T09:30:00+0200,7947.39,MW,FR,FR,actual_solar_generation,Solar,2026-08-21T01:55:25Z
2026-08-21T01:53:59Z,2026-08-21T03:53:59+0200,dab098cd-e140-4c97-b435-f000c3ac97ba,2026-08-04T07:45:00Z,2026-08-04T09:45:00+0200,9038.73,MW,FR,FR,actual_solar_generation,Solar,2026-08-21T01:55:25Z
2026-08-21T01:53:59Z,2026-08-21T03:53:59+0200,dab098cd-e140-4c97-b435-f000c3ac97ba,2026-08-04T08:00:00Z,2026-08-04T10:00:00+0200,10022.37,MW,FR,FR,actual_solar_generation,Solar,2026-08-21T01:55:25Z
2026-08-21T01:53:59Z,2026-08-21T03:53:59+0200,dab098cd-e140-4c97-b435-f000c3ac97ba,2026-08-04T08:15:00Z,2026-08-04T10:15:00+0200,11150.94,MW,FR,FR,actual_solar_generation,Solar,2026-08-21T01:55:25Z
2026-08-21T01:53:59Z,2026-08-21T03:53:59+0200,dab098cd-e140-4c97-b435-f000c3ac97ba,2026-08-04T08:30:00Z,2026-08-04T10:30:00+0200,12054.64,MW,FR,FR,actual_solar_generation,Solar,2026-08-21T01:55:25Z
2026-08-21T01:53:59Z,2026-08-21T03:53:59+0200,dab098cd-e140-4c97-b435-f000c3ac97ba,2026-08-04T08:45:00Z,2026-08-04T10:45:00+0200,12767.16,MW,FR,FR,actual_solar_generation,Solar,2026-08-21T01:55:25Z
2026-08-21T01:53:59Z,2026-08-21T03:53:59+0200,dab098cd-e140-4c97-b435-f000c3ac97ba,2026-08-04T09:00:00Z,2026-08-04T11:00:00+0200,13653.98,MW,FR,FR,actual_solar_generation,Solar,2026-08-21T01:55:25Z
2026-08-21T01:53:59Z,2026-08-21T03:53:59+0200,dab098cd-e140-4c97-b435-f000c3ac97ba,2026-08-04T09:15:00Z,2026-08-04T11:15:00+0200,14328.96,MW,FR,FR,actual_solar_generation,Solar,2026-08-21T01:55:25Z
2026-08-21T01:53:59Z,2026-08-21T03:53:59+0200,dab098cd-e140-4c97-b435-f000c3ac97ba,2026-08-04T09:30:00Z,2026-08-04T11:30:00+0200,14961.37,MW,FR,FR,actual_solar_generation,Solar,2026-08-21T01:55:25Z
2026-08-21T01:53:59Z,2026-08-21T03:53:59+0200,dab098cd-e140-4c97-b435-f000c3ac97ba,2026-08-04T09:45:00Z,2026-08-04T11:45:00+0200,15435.33,MW,FR,FR,actual_solar_generation,Solar,2026-08-21T01:55:25Z
2026-08-21T01:53:59Z,2026-08-21T03:53:59+0200,dab098cd-e140-4c97-b435-f000c3ac97ba,2026-08-04T10:00:00Z,2026-08-04T12:00:00+0200,15976.34,MW,FR,FR,actual_solar_generation,Solar,2026-08-21T01:55:25Z
2026-08-21T01:53:59Z,2026-08-21T03:53:59+0200,dab098cd-e140-4c97-b435-f000c3ac97ba,2026-08-04T10:15:00Z,2026-08-04T12:15:00+0200,16335.05,MW,FR,FR,actual_solar_generation,Solar,2026-08-21T01:55:25Z
2026-08-21T01:53:59Z,2026-08-21T03:53:59+0200,dab098cd-e140-4c97-b435-f000c3ac97ba,2026-08-04T10:30:00Z,2026-08-04T12:30:00+0200,16550.59,MW,FR,FR,actual_solar_generation,Solar,2026-08-21T01:55:25Z
2026-08-21T01:53:59Z,2026-08-21T03:53:59+0200,dab098cd-e140-4c97-b435-f000c3ac97ba,2026-08-04T10:45:00Z,2026-08-04T12:45:00+0200,16892.81,MW,FR,FR,actual_solar_generation,Solar,2026-08-21T01:55:25Z
2026-08-21T01:53:59Z,2026-08-21T03:53:59+0200,dab098cd-e140-4c97-b435-f000c3ac97ba,2026-08-04T11:00:00Z,2026-08-04T13:00:00+0200,17201.94,MW,FR,FR,actual_solar_generation,Solar,2026-08-21T01:55:25Z
2026-08-21T01:53:59Z,2026-08-21T03:53:59+0200,dab098cd-e140-4c97-b435-f000c3ac97ba,2026-08-04T11:15:00Z,2026-08-04T13:15:00+0200,17277.39,MW,FR,FR,actual_solar_generation,Solar,2026-08-21T01:55:25Z
2026-08-21T01:53:59Z,2026-08-21T03:53:59+0200,dab098cd-e140-4c97-b435-f000c3ac97ba,2026-08-04T11:30:00Z,2026-08-04T13:30:00+0200,17591.1,MW,FR,FR,actual_solar_generation,Solar,2026-08-21T01:55:25Z
2026-08-21T01:53:59Z,2026-08-21T03:53:59+0200,dab098cd-e140-4c97-b435-f000c3ac97ba,2026-08-04T11:45:00Z,2026-08-04T13:45:00+0200,17649.42,MW,FR,FR,actual_solar_generation,Solar,2026-08-21T01:55:25Z
2026-08-21T01:53:59Z,2026-08-21T03:53:59+0200,dab098cd-e140-4c97-b435-f000c3ac97ba,2026-08-04T12:00:00Z,2026-08-04T14:00:00+0200,17613.79,MW,FR,FR,actual_solar_generation,Solar,2026-08-21T01:55:25Z
2026-08-21T01:53:59Z,2026-08-21T03:53:59+0200,dab098cd-e140-4c97-b435-f000c3ac97ba,2026-08-04T12:15:00Z,2026-08-04T14:15:00+0200,17752.2,MW,FR,FR,actual_solar_generation,Solar,2026-08-21T01:55:25Z
2026-08-21T01:53:59Z,2026-08-21T03:53:59+0200,dab098cd-e140-4c97-b435-f000c3ac97ba,2026-08-04T12:30:00Z,2026-08-04T14:30:00+0200,17865.58,MW,FR,FR,actual_solar_generation,Solar,2026-08-21T01:55:25Z
2026-08-21T01:53:59Z,2026-08-21T03:53:59+0200,dab098cd-e140-4c97-b435-f000c3ac97ba,2026-08-04T12:45:00Z,2026-08-04T14:45:00+0200,17701.99,MW,FR,FR,actual_solar_generation,Solar,2026-08-21T01:55:25Z
2026-08-21T01:53:59Z,2026-08-21T03:53:59+0200,dab098cd-e140-4c97-b435-f000c3ac97ba,2026-08-04T13:00:00Z,2026-08-04T15:00:00+0200,17433.99,MW,FR,FR,actual_solar_generation,Solar,2026-08-21T01:55:25Z
2026-08-21T01:53:59Z,2026-08-21T03:53:59+0200,dab098cd-e140-4c97-b435-f000c3ac97ba,2026-08-04T13:15:00Z,2026-08-04T15:15:00+0200,17257.87,MW,FR,FR,actual_solar_generation,Solar,2026-08-21T01:55:25Z
2026-08-21T01:53:59Z,2026-08-21T03:53:59+0200,dab098cd-e140-4c97-b435-f000c3ac97ba,2026-08-04T13:30:00Z,2026-08-04T15:30:00+0200,16939.5,MW,FR,FR,actual_solar_generation,Solar,2026-08-21T01:55:25Z
2026-08-21T01:53:59Z,2026-08-21T03:53:59+0200,dab098cd-e140-4c97-b435-f000c3ac97ba,2026-08-04T13:45:00Z,2026-08-04T15:45:00+0200,16600.47,MW,FR,FR,actual_solar_generation,Solar,2026-08-21T01:55:25Z
2026-08-21T01:53:59Z,2026-08-21T03:53:59+0200,dab098cd-e140-4c97-b435-f000c3ac97ba,2026-08-04T14:00:00Z,2026-08-04T16:00:00+0200,16152.83,MW,FR,FR,actual_solar_generation,Solar,2026-08-21T01:55:25Z
2026-08-21T01:53:59Z,2026-08-21T03:53:59+0200,dab098cd-e140-4c97-b435-f000c3ac97ba,2026-08-04T14:15:00Z,2026-08-04T16:15:00+0200,15592.68,MW,FR,FR,actual_solar_generation,Solar,2026-08-21T01:55:25Z
2026-08-21T01:53:59Z,2026-08-21T03:53:59+0200,dab098cd-e140-4c97-b435-f000c3ac97ba,2026-08-04T14:30:00Z,2026-08-04T16:30:00+0200,15076.79,MW,FR,FR,actual_solar_generation,Solar,2026-08-21T01:55:25Z
2026-08-21T01:53:59Z,2026-08-21T03:53:59+0200,dab098cd-e140-4c97-b435-f000c3ac97ba,2026-08-04T14:45:00Z,2026-08-04T16:45:00+0200,14401.96,MW,FR,FR,actual_solar_generation,Solar,2026-08-21T01:55:25Z
2026-08-21T01:53:59Z,2026-08-21T03:53:59+0200,dab098cd-e140-4c97-b435-f000c3ac97ba,2026-08-04T15:00:00Z,2026-08-04T17:00:00+0200,13770.58,MW,FR,FR,actual_solar_generation,Solar,2026-08-21T01:55:25Z
2026-08-21T01:53:59Z,2026-08-21T03:53:59+0200,dab098cd-e140-4c97-b435-f000c3ac97ba,2026-08-04T15:15:00Z,2026-08-04T17:15:00+0200,12917.98,MW,FR,FR,actual_solar_generation,Solar,2026-08-21T01:55:25Z
2026-08-21T01:53:59Z,2026-08-21T03:53:59+0200,dab098cd-e140-4c97-b435-f000c3ac97ba,2026-08-04T15:30:00Z,2026-08-04T17:30:00+0200,12151.03,MW,FR,FR,actual_solar_generation,Solar,2026-08-21T01:55:25Z
2026-08-21T01:53:59Z,2026-08-21T03:53:59+0200,dab098cd-e140-4c97-b435-f000c3ac97ba,2026-08-04T15:45:00Z,2026-08-04T17:45:00+0200,11376.78,MW,FR,FR,actual_solar_generation,Solar,2026-08-21T01:55:25Z
2026-08-21T01:53:59Z,2026-08-21T03:53:59+0200,dab098cd-e140-4c97-b435-f000c3ac97ba,2026-08-04T16:00:00Z,2026-08-04T18:00:00+0200,10401.95,MW,FR,FR,actual_solar_generation,Solar,2026-08-21T01:55:25Z
2026-08-21T01:53:59Z,2026-08-21T03:53:59+0200,dab098cd-e140-4c97-b435-f000c3ac97ba,2026-08-04T16:15:00Z,2026-08-04T18:15:00+0200,9434.86,MW,FR,FR,actual_solar_generation,Solar,2026-08-21T01:55:25Z
2026-08-21T01:53:59Z,2026-08-21T03:53:59+0200,dab098cd-e140-4c97-b435-f000c3ac97ba,2026-08-04T16:30:00Z,2026-08-04T18:30:00+0200,8281.89,MW,FR,FR,actual_solar_generation,Solar,2026-08-21T01:55:25Z
2026-08-21T01:53:59Z,2026-08-21T03:53:59+0200,dab098cd-e140-4c97-b435-f000c3ac97ba,2026-08-04T16:45:00Z,2026-08-04T18:45:00+0200,7191.96,MW,FR,FR,actual_solar_generation,Solar,2026-08-21T01:55:25Z
2026-08-21T01:53:59Z,2026-08-21T03:53:59+0200,dab098cd-e140-4c97-b435-f000c3ac97ba,2026-08-04T17:00:00Z,2026-08-04T19:00:00+0200,6103.55,MW,FR,FR,actual_solar_generation,Solar,2026-08-21T01:55:25Z
2026-08-21T01:53:59Z,2026-08-21T03:53:59+0200,dab098cd-e140-4c97-b435-f000c3ac97ba,2026-08-04T17:15:00Z,2026-08-04T19:15:00+0200,5035.79,MW,FR,FR,actual_solar_generation,Solar,2026-08-21T01:55:25Z
2026-08-21T01:53:59Z,2026-08-21T03:53:59+0200,dab098cd-e140-4c97-b435-f000c3ac97ba,2026-08-04T17:30:00Z,2026-08-04T19:30:00+0200,3971.4,MW,FR,FR,actual_solar_generation,Solar,2026-08-21T01:55:25Z
2026-08-21T01:53:59Z,2026-08-21T03:53:59+0200,dab098cd-e140-4c97-b435-f000c3ac97ba,2026-08-04T17:45:00Z,2026-08-04T19:45:00+0200,3060.27,MW,FR,FR,actual_solar_generation,Solar,2026-08-21T01:55:25Z
2026-08-21T01:53:59Z,2026-08-21T03:53:59+0200,dab098cd-e140-4c97-b435-f000c3ac97ba,2026-08-04T18:00:00Z,2026-08-04T20:00:00+0200,2262.39,MW,FR,FR,actual_solar_generation,Solar,2026-08-21T01:55:25Z
2026-08-21T01:53:59Z,2026-08-21T03:53:59+0200,dab098cd-e140-4c97-b435-f000c3ac97ba,2026-08-04T18:15:00Z,2026-08-04T20:15:00+0200,1631.58,MW,FR,FR,actual_solar_generation,Solar,2026-08-21T01:55:25Z
2026-08-21T01:53:59Z,2026-08-21T03:53:59+0200,dab098cd-e140-4c97-b435-f000c3ac97ba,2026-08-04T18:30:00Z,2026-08-04T20:30:00+0200,1171.65,MW,FR,FR,actual_solar_generation,Solar,2026-08-21T01:55:25Z
2026-08-21T01:53:59Z,2026-08-21T03:53:59+0200,dab098cd-e140-4c97-b435-f000c3ac97ba,2026-08-04T18:45:00Z,2026-08-04T20:45:00+0200,823.69,MW,FR,FR,actual_solar_generation,Solar,2026-08-21T01:55:25Z
2026-08-21T01:53:59Z,2026-08-21T03:53:59+0200,dab098cd-e140-4c97-b435-f000c3ac97ba,2026-08-04T19:00:00Z,2026-08-04T21:00:00+0200,541.18,MW,FR,FR,actual_solar_generation,Solar,2026-08-21T01:55:25Z
2026-08-21T01:53:59Z,2026-08-21T03:53:59+0200,dab098cd-e140-4c97-b435-f000c3ac97ba,2026-08-04T19:15:00Z,2026-08-04T21:15:00+0200,384.1,MW,FR,FR,actual_solar_generation,Solar,2026-08-21T01:55:25Z
2026-08-21T01:53:59Z,2026-08-21T03:53:59+0200,dab098cd-e140-4c97-b435-f000c3ac97ba,2026-08-04T19:30:00Z,2026-08-04T21:30:00+0200,334.86,MW,FR,FR,actual_solar_generation,Solar,2026-08-21T01:55:25Z
2026-08-21T01:53:59Z,2026-08-21T03:53:59+0200,dab098cd-e140-4c97-b435-f000c3ac97ba,2026-08-04T19:45:00Z,2026-08-04T21:45:00+0200,327.34,MW,FR,FR,actual_solar_generation,Solar,2026-08-21T01:55:25Z
2026-08-21T01:53:59Z,2026-08-21T03:53:59+0200,dab098cd-e140-4c97-b435-f000c3ac97ba,2026-08-04T20:00:00Z,2026-08-04T22:00:00+0200,320.26,MW,FR,FR,actual_solar_generation,Solar,2026-08-21T01:55:25Z
2026-08-21T01:53:59Z,2026-08-21T03:53:59+0200,dab098cd-e140-4c97-b435-f000c3ac97ba,2026-08-04T20:15:00Z,2026-08-04T22:15:00+0200,320.76,MW,FR,FR,actual_solar_generation,Solar,2026-08-21T01:55:25Z
2026-08-21T01:53:59Z,2026-08-21T03:53:59+0200,dab098cd-e140-4c97-b435-f000c3ac97ba,2026-08-04T20:30:00Z,2026-08-04T22:30:00+0200,322.38,MW,FR,FR,actual_solar_generation,Solar,2026-08-21T01:55:25Z
2026-08-21T01:53:59Z,2026-08-21T03:53:59+0200,dab098cd-e140-4c97-b435-f000c3ac97ba,2026-08-04T20:45:00Z,2026-08-04T22:45:00+0200,322.49,MW,FR,FR,actual_solar_generation,Solar,2026-08-21T01:55:25Z
2026-08-21T01:53:59Z,2026-08-21T03:53:59+0200,dab098cd-e140-4c97-b435-f000c3ac97ba,2026-08-04T21:00:00Z,2026-08-04T23:00:00+0200,0.0,MW,FR,FR,actual_solar_generation,Solar,2026-08-21T01:55:25Z
2026-08-21T01:53:59Z,2026-08-21T03:53:59+0200,dab098cd-e140-4c97-b435-f000c3ac97ba,2026-08-04T21:15:00Z,2026-08-04T23:15:00+0200,0.0,MW,FR,FR,actual_solar_generation,Solar,2026-08-21T01:55:25Z
2026-08-21T01:53:59Z,2026-08-21T03:53:59+0200,dab098cd-e140-4c97-b435-f000c3ac97ba,2026-08-04T21:30:00Z,2026-08-04T23:30:00+0200,0.0,MW,FR,FR,actual_solar_generation,Solar,2026-08-21T01:55:25Z
2026-08-21T01:53:59Z,2026-08-21T03:53:59+0200,dab098cd-e140-4c97-b435-f000c3ac97ba,2026-08-04T21:45:00Z,2026-08-04T23:45:00+0200,0.0,MW,FR,FR,actual_solar_generation,Solar,2026-08-21T01:55:25Z
2026-08-21T01:53:59Z,2026-08-21T03:53:59+0200,dab098cd-e140-4c97-b435-f000c3ac97ba,2026-08-04T22:00:00Z,2026-08-05T00:00:00+0200,0.0,MW,FR,FR,actual_solar_generation,Solar,2026-08-21T01:55:25Z
2026-08-21T01:53:59Z,2026-08-21T03:53:59+0200,dab098cd-e140-4c97-b435-f000c3ac97ba,2026-08-04T22:15:00Z,2026-08-05T00:15:00+0200,0.0,MW,FR,FR,actual_solar_generation,Solar,2026-08-21T01:55:25Z
2026-08-21T01:53:59Z,2026-08-21T03:53:59+0200,dab098cd-e140-4c97-b435-f000c3ac97ba,2026-08-04T22:30:00Z,2026-08-05T00:30:00+0200,0.0,MW,FR,FR,actual_solar_generation,Solar,2026-08-21T01:55:25Z
2026-08-21T01:53:59Z,2026-08-21T03:53:59+0200,dab098cd-e140-4c97-b435-f000c3ac97ba,2026-08-04T22:45:00Z,2026-08-05T00:45:00+0200,0.0,MW,FR,FR,actual_solar_generation,Solar,2026-08-21T01:55:25Z
2026-08-21T01:53:59Z,2026-08-21T03:53:59+0200,dab098cd-e140-4c97-b435-f000c3ac97ba,2026-08-04T23:00:00Z,2026-08-05T01:00:00+0200,0.0,MW,FR,FR,actual_solar_generation,Solar,2026-08-21T01:55:25Z
2026-08-21T01:53:59Z,2026-08-21T03:53:59+0200,dab098cd-e140-4c97-b435-f000c3ac97ba,2026-08-04T23:15:00Z,2026-08-05T01:15:00+0200,0.0,MW,FR,FR,actual_solar_generation,Solar,2026-08-21T01:55:25Z
2026-08-21T01:53:59Z,2026-08-21T03:53:59+0200,dab098cd-e140-4c97-b435-f000c3ac97ba,2026-08-04T23:30:00Z,2026-08-05T01:30:00+0200,0.0,MW,FR,FR,actual_solar_generation,Solar,2026-08-21T01:55:25Z
2026-08-21T01:53:59Z,2026-08-21T03:53:59+0200,dab098cd-e140-4c97-b435-f000c3ac97ba,2026-08-04T23:45:00Z,2026-08-05T01:45:00+0200,0.0,MW,FR,FR,actual_solar_generation,Solar,2026-08-21T01:55:25Z
2026-08-21T01:53:59Z,2026-08-21T03:53:59+0200,dab098cd-e140-4c97-b435-f000c3ac97ba,2026-08-05T00:00:00Z,2026-08-05T02:00:00+0200,0.0,MW,FR,FR,actual_solar_generation,Solar,2026-08-21T01:55:25Z
2026-08-21T01:53:59Z,2026-08-21T03:53:59+0200,dab098cd-e140-4c97-b435-f000c3ac97ba,2026-08-05T00:15:00Z,2026-08-05T02:15:00+0200,0.0,MW,FR,FR,actual_solar_generation,Solar,2026-08-21T01:55:25Z
2026-08-21T01:53:59Z,2026-08-21T03:53:59+0200,dab098cd-e140-4c97-b435-f000c3ac97ba,2026-08-05T00:30:00Z,2026-08-05T02:30:00+0200,0.0,MW,FR,FR,actual_solar_generation,Solar,2026-08-21T01:55:25Z
2026-08-21T01:53:59Z,2026-08-21T03:53:59+0200,dab098cd-e140-4c97-b435-f000c3ac97ba,2026-08-05T00:45:00Z,2026-08-05T02:45:00+0200,0.0,MW,FR,FR,actual_solar_generation,Solar,2026-08-21T01:55:25Z
2026-08-21T01:53:59Z,2026-08-21T03:53:59+0200,dab098cd-e140-4c97-b435-f000c3ac97ba,2026-08-05T01:00:00Z,2026-08-05T03:00:00+0200,0.0,MW,FR,FR,actual_solar_generation,Solar,2026-08-21T01:55:25Z
2026-08-21T01:53:59Z,2026-08-21T03:53:59+0200,dab098cd-e140-4c97-b435-f000c3ac97ba,2026-08-05T01:15:00Z,2026-08-05T03:15:00+0200,0.0,MW,FR,FR,actual_solar_generation,Solar,2026-08-21T01:55:25Z
2026-08-21T01:53:59Z,2026-08-21T03:53:59+0200,dab098cd-e140-4c97-b435-f000c3ac97ba,2026-08-05T01:30:00Z,2026-08-05T03:30:00+0200,0.0,MW,FR,FR,actual_solar_generation,Solar,2026-08-21T01:55:25Z
2026-08-21T01:53:59Z,2026-08-21T03:53:59+0200,dab098cd-e140-4c97-b435-f000c3ac97ba,2026-08-05T01:45:00Z,2026-08-05T03:45:00+0200,0.0,MW,FR,FR,actual_solar_generation,Solar,2026-08-21T01:55:25Z
2026-08-21T01:53:59Z,2026-08-21T03:53:59+0200,dab098cd-e140-4c97-b435-f000c3ac97ba,2026-08-05T02:00:00Z,2026-08-05T04:00:00+0200,0.0,MW,FR,FR,actual_solar_generation,Solar,2026-08-21T01:55:25Z
2026-08-21T01:53:59Z,2026-08-21T03:53:59+0200,dab098cd-e140-4c97-b435-f000c3ac97ba,2026-08-05T02:15:00Z,2026-08-05T04:15:00+0200,0.0,MW,FR,FR,actual_solar_generation,Solar,2026-08-21T01:55:25Z
2026-08-21T01:53:59Z,2026-08-21T03:53:59+0200,dab098cd-e140-4c97-b435-f000c3ac97ba,2026-08-05T02:30:00Z,2026-08-05T04:30:00+0200,0.0,MW,FR,FR,actual_solar_generation,Solar,2026-08-21T01:55:25Z
2026-08-21T01:53:59Z,2026-08-21T03:53:59+0200,dab098cd-e140-4c97-b435-f000c3ac97ba,2026-08-05T02:45:00Z,2026-08-05T04:45:00+0200,0.0,MW,FR,FR,actual_solar_generation,Solar,2026-08-21T01:55:25Z
2026-08-21T01:53:59Z,2026-08-21T03:53:59+0200,dab098cd-e140-4c97-b435-f000c3ac97ba,2026-08-05T03:00:00Z,2026-08-05T05:00:00+0200,0.0,MW,FR,FR,actual_solar_generation,Solar,2026-08-21T01:55:25Z
2026-08-21T01:53:59Z,2026-08-21T03:53:59+0200,dab098cd-e140-4c97-b435-f000c3ac97ba,2026-08-05T03:15:00Z,2026-08-05T05:15:00+0200,0.0,MW,FR,FR,actual_solar_generation,Solar,2026-08-21T01:55:25Z
2026-08-21T01:53:59Z,2026-08-21T03:53:59+0200,dab098cd-e140-4c97-b435-f000c3ac97ba,2026-08-05T03:30:00Z,2026-08-05T05:30:00+0200,0.0,MW,FR,FR,actual_solar_generation,Solar,2026-08-21T01:55:25Z
2026-08-21T01:53:59Z,2026-08-21T03:53:59+0200,dab098cd-e140-4c97-b435-f000c3ac97ba,2026-08-05T03:45:00Z,2026-08-05T05:45:00+0200,0.0,MW,FR,FR,actual_solar_generation,Solar,2026-08-21T01:55:25Z
2026-08-21T01:53:59Z,2026-08-21T03:53:59+0200,dab098cd-e140-4c97-b435-f000c3ac97ba,2026-08-05T04:00:00Z,2026-08-05T06:00:00+0200,317.76,MW,FR,FR,actual_solar_generation,Solar,2026-08-21T01:55:25Z
2026-08-21T01:53:59Z,2026-08-21T03:53:59+0200,dab098cd-e140-4c97-b435-f000c3ac97ba,2026-08-05T04:15:00Z,2026-08-05T06:15:00+0200,346.88,MW,FR,FR,actual_solar_generation,Solar,2026-08-21T01:55:25Z
2026-08-21T01:53:59Z,2026-08-21T03:53:59+0200,dab098cd-e140-4c97-b435-f000c3ac97ba,2026-08-05T04:30:00Z,2026-08-05T06:30:00+0200,404.37,MW,FR,FR,actual_solar_generation,Solar,2026-08-21T01:55:25Z
2026-08-21T01:53:59Z,2026-08-21T03:53:59+0200,dab098cd-e140-4c97-b435-f000c3ac97ba,2026-08-05T04:45:00Z,2026-08-05T06:45:00+0200,527.03,MW,FR,FR,actual_solar_generation,Solar,2026-08-21T01:55:25Z
2026-08-21T01:53:59Z,2026-08-21T03:53:59+0200,dab098cd-e140-4c97-b435-f000c3ac97ba,2026-08-05T05:00:00Z,2026-08-05T07:00:00+0200,708.17,MW,FR,FR,actual_solar_generation,Solar,2026-08-21T01:55:25Z
2026-08-21T01:53:59Z,2026-08-21T03:53:59+0200,dab098cd-e140-4c97-b435-f000c3ac97ba,2026-08-05T05:15:00Z,2026-08-05T07:15:00+0200,970.93,MW,FR,FR,actual_solar_generation,Solar,2026-08-21T01:55:25Z
2026-08-21T01:53:59Z,2026-08-21T03:53:59+0200,dab098cd-e140-4c97-b435-f000c3ac97ba,2026-08-05T05:30:00Z,2026-08-05T07:30:00+0200,1390.62,MW,FR,FR,actual_solar_generation,Solar,2026-08-21T01:55:25Z
2026-08-21T01:53:59Z,2026-08-21T03:53:59+0200,dab098cd-e140-4c97-b435-f000c3ac97ba,2026-08-05T05:45:00Z,2026-08-05T07:45:00+0200,2018.37,MW,FR,FR,actual_solar_generation,Solar,2026-08-21T01:55:25Z
2026-08-21T01:53:59Z,2026-08-21T03:53:59+0200,dab098cd-e140-4c97-b435-f000c3ac97ba,2026-08-05T06:00:00Z,2026-08-05T08:00:00+0200,2794.43,MW,FR,FR,actual_solar_generation,Solar,2026-08-21T01:55:25Z
2026-08-21T01:53:59Z,2026-08-21T03:53:59+0200,dab098cd-e140-4c97-b435-f000c3ac97ba,2026-08-05T06:15:00Z,2026-08-05T08:15:00+0200,3539.97,MW,FR,FR,actual_solar_generation,Solar,2026-08-21T01:55:25Z
2026-08-21T01:53:59Z,2026-08-21T03:53:59+0200,dab098cd-e140-4c97-b435-f000c3ac97ba,2026-08-05T06:30:00Z,2026-08-05T08:30:00+0200,4491.62,MW,FR,FR,actual_solar_generation,Solar,2026-08-21T01:55:25Z
2026-08-21T01:53:59Z,2026-08-21T03:53:59+0200,dab098cd-e140-4c97-b435-f000c3ac97ba,2026-08-05T06:45:00Z,2026-08-05T08:45:00+0200,5388.97,MW,FR,FR,actual_solar_generation,Solar,2026-08-21T01:55:25Z
2026-08-21T01:53:59Z,2026-08-21T03:53:59+0200,dab098cd-e140-4c97-b435-f000c3ac97ba,2026-08-05T07:00:00Z,2026-08-05T09:00:00+0200,6422.35,MW,FR,FR,actual_solar_generation,Solar,2026-08-21T01:55:25Z
2026-08-21T01:53:59Z,2026-08-21T03:53:59+0200,dab098cd-e140-4c97-b435-f000c3ac97ba,2026-08-05T07:15:00Z,2026-08-05T09:15:00+0200,7553.45,MW,FR,FR,actual_solar_generation,Solar,2026-08-21T01:55:25Z
2026-08-21T01:53:59Z,2026-08-21T03:53:59+0200,dab098cd-e140-4c97-b435-f000c3ac97ba,2026-08-05T07:30:00Z,2026-08-05T09:30:00+0200,8737.26,MW,FR,FR,actual_solar_generation,Solar,2026-08-21T01:55:25Z
2026-08-21T01:53:59Z,2026-08-21T03:53:59+0200,dab098cd-e140-4c97-b435-f000c3ac97ba,2026-08-05T07:45:00Z,2026-08-05T09:45:00+0200,9751.53,MW,FR,FR,actual_solar_generation,Solar,2026-08-21T01:55:25Z
2026-08-21T01:53:59Z,2026-08-21T03:53:59+0200,dab098cd-e140-4c97-b435-f000c3ac97ba,2026-08-05T08:00:00Z,2026-08-05T10:00:00+0200,10805.24,MW,FR,FR,actual_solar_generation,Solar,2026-08-21T01:55:25Z
2026-08-21T01:53:59Z,2026-08-21T03:53:59+0200,dab098cd-e140-4c97-b435-f000c3ac97ba,2026-08-05T08:15:00Z,2026-08-05T10:15:00+0200,11890.23,MW,FR,FR,actual_solar_generation,Solar,2026-08-21T01:55:25Z
2026-08-21T01:53:59Z,2026-08-21T03:53:59+0200,dab098cd-e140-4c97-b435-f000c3ac97ba,2026-08-05T08:30:00Z,2026-08-05T10:30:00+0200,12860.4,MW,FR,FR,actual_solar_generation,Solar,2026-08-21T01:55:25Z
2026-08-21T01:53:59Z,2026-08-21T03:53:59+0200,dab098cd-e140-4c97-b435-f000c3ac97ba,2026-08-05T08:45:00Z,2026-08-05T10:45:00+0200,13684.53,MW,FR,FR,actual_solar_generation,Solar,2026-08-21T01:55:25Z
2026-08-21T01:53:59Z,2026-08-21T03:53:59+0200,dab098cd-e140-4c97-b435-f000c3ac97ba,2026-08-05T09:00:00Z,2026-08-05T11:00:00+0200,14529.16,MW,FR,FR,actual_solar_generation,Solar,2026-08-21T01:55:25Z
2026-08-21T01:53:59Z,2026-08-21T03:53:59+0200,dab098cd-e140-4c97-b435-f000c3ac97ba,2026-08-05T09:15:00Z,2026-08-05T11:15:00+0200,15029.29,MW,FR,FR,actual_solar_generation,Solar,2026-08-21T01:55:25Z
2026-08-21T01:53:59Z,2026-08-21T03:53:59+0200,dab098cd-e140-4c97-b435-f000c3ac97ba,2026-08-05T09:30:00Z,2026-08-05T11:30:00+0200,15721.02,MW,FR,FR,actual_solar_generation,Solar,2026-08-21T01:55:25Z
2026-08-21T01:53:59Z,2026-08-21T03:53:59+0200,dab098cd-e140-4c97-b435-f000c3ac97ba,2026-08-05T09:45:00Z,2026-08-05T11:45:00+0200,16285.7,MW,FR,FR,actual_solar_generation,Solar,2026-08-21T01:55:25Z
2026-08-21T01:53:59Z,2026-08-21T03:53:59+0200,dab098cd-e140-4c97-b435-f000c3ac97ba,2026-08-05T10:00:00Z,2026-08-05T12:00:00+0200,16557.47,MW,FR,FR,actual_solar_generation,Solar,2026-08-21T01:55:25Z
2026-08-21T01:53:59Z,2026-08-21T03:53:59+0200,dab098cd-e140-4c97-b435-f000c3ac97ba,2026-08-05T10:15:00Z,2026-08-05T12:15:00+0200,16741.28,MW,FR,FR,actual_solar_generation,Solar,2026-08-21T01:55:25Z
2026-08-21T01:53:59Z,2026-08-21T03:53:59+0200,dab098cd-e140-4c97-b435-f000c3ac97ba,2026-08-05T10:30:00Z,2026-08-05T12:30:00+0200,17169.79,MW,FR,FR,actual_solar_generation,Solar,2026-08-21T01:55:25Z
2026-08-21T01:53:59Z,2026-08-21T03:53:59+0200,dab098cd-e140-4c97-b435-f000c3ac97ba,2026-08-05T10:45:00Z,2026-08-05T12:45:00+0200,17211.23,MW,FR,FR,actual_solar_generation,Solar,2026-08-21T01:55:25Z
2026-08-21T01:53:59Z,2026-08-21T03:53:59+0200,dab098cd-e140-4c97-b435-f000c3ac97ba,2026-08-05T11:00:00Z,2026-08-05T13:00:00+0200,17230.99,MW,FR,FR,actual_solar_generation,Solar,2026-08-21T01:55:25Z
2026-08-21T01:53:59Z,2026-08-21T03:53:59+0200,dab098cd-e140-4c97-b435-f000c3ac97ba,2026-08-05T11:15:00Z,2026-08-05T13:15:00+0200,17469.54,MW,FR,FR,actual_solar_generation,Solar,2026-08-21T01:55:25Z
2026-08-21T01:53:59Z,2026-08-21T03:53:59+0200,dab098cd-e140-4c97-b435-f000c3ac97ba,2026-08-05T11:30:00Z,2026-08-05T13:30:00+0200,17566.41,MW,FR,FR,actual_solar_generation,Solar,2026-08-21T01:55:25Z
2026-08-21T01:53:59Z,2026-08-21T03:53:59+0200,dab098cd-e140-4c97-b435-f000c3ac97ba,2026-08-05T11:45:00Z,2026-08-05T13:45:00+0200,17515.87,MW,FR,FR,actual_solar_generation,Solar,2026-08-21T01:55:25Z
2026-08-21T01:53:59Z,2026-08-21T03:53:59+0200,dab098cd-e140-4c97-b435-f000c3ac97ba,2026-08-05T12:00:00Z,2026-08-05T14:00:00+0200,17588.14,MW,FR,FR,actual_solar_generation,Solar,2026-08-21T01:55:25Z
2026-08-21T01:53:59Z,2026-08-21T03:53:59+0200,dab098cd-e140-4c97-b435-f000c3ac97ba,2026-08-05T12:15:00Z,2026-08-05T14:15:00+0200,17505.89,MW,FR,FR,actual_solar_generation,Solar,2026-08-21T01:55:25Z
2026-08-21T01:53:59Z,2026-08-21T03:53:59+0200,dab098cd-e140-4c97-b435-f000c3ac97ba,2026-08-05T12:30:00Z,2026-08-05T14:30:00+0200,17434.64,MW,FR,FR,actual_solar_generation,Solar,2026-08-21T01:55:25Z
2026-08-21T01:53:59Z,2026-08-21T03:53:59+0200,dab098cd-e140-4c97-b435-f000c3ac97ba,2026-08-05T12:45:00Z,2026-08-05T14:45:00+0200,17264.61,MW,FR,FR,actual_solar_generation,Solar,2026-08-21T01:55:25Z
2026-08-21T01:53:59Z,2026-08-21T03:53:59+0200,dab098cd-e140-4c97-b435-f000c3ac97ba,2026-08-05T13:00:00Z,2026-08-05T15:00:00+0200,16929.85,MW,FR,FR,actual_solar_generation,Solar,2026-08-21T01:55:25Z
2026-08-21T01:53:59Z,2026-08-21T03:53:59+0200,dab098cd-e140-4c97-b435-f000c3ac97ba,2026-08-05T13:15:00Z,2026-08-05T15:15:00+0200,16769.17,MW,FR,FR,actual_solar_generation,Solar,2026-08-21T01:55:25Z
2026-08-21T01:53:59Z,2026-08-21T03:53:59+0200,dab098cd-e140-4c97-b435-f000c3ac97ba,2026-08-05T13:30:00Z,2026-08-05T15:30:00+0200,16270.57,MW,FR,FR,actual_solar_generation,Solar,2026-08-21T01:55:25Z
2026-08-21T01:53:59Z,2026-08-21T03:53:59+0200,dab098cd-e140-4c97-b435-f000c3ac97ba,2026-08-05T13:45:00Z,2026-08-05T15:45:00+0200,15563.04,MW,FR,FR,actual_solar_generation,Solar,2026-08-21T01:55:25Z
2026-08-21T01:53:59Z,2026-08-21T03:53:59+0200,dab098cd-e140-4c97-b435-f000c3ac97ba,2026-08-05T14:00:00Z,2026-08-05T16:00:00+0200,15460.86,MW,FR,FR,actual_solar_generation,Solar,2026-08-21T01:55:25Z
2026-08-21T01:53:59Z,2026-08-21T03:53:59+0200,dab098cd-e140-4c97-b435-f000c3ac97ba,2026-08-05T14:15:00Z,2026-08-05T16:15:00+0200,15013.46,MW,FR,FR,actual_solar_generation,Solar,2026-08-21T01:55:25Z
2026-08-21T01:53:59Z,2026-08-21T03:53:59+0200,dab098cd-e140-4c97-b435-f000c3ac97ba,2026-08-05T14:30:00Z,2026-08-05T16:30:00+0200,14544.83,MW,FR,FR,actual_solar_generation,Solar,2026-08-21T01:55:25Z
2026-08-21T01:53:59Z,2026-08-21T03:53:59+0200,dab098cd-e140-4c97-b435-f000c3ac97ba,2026-08-05T14:45:00Z,2026-08-05T16:45:00+0200,13786.92,MW,FR,FR,actual_solar_generation,Solar,2026-08-21T01:55:25Z
2026-08-21T01:53:59Z,2026-08-21T03:53:59+0200,dab098cd-e140-4c97-b435-f000c3ac97ba,2026-08-05T15:00:00Z,2026-08-05T17:00:00+0200,13330.78,MW,FR,FR,actual_solar_generation,Solar,2026-08-21T01:55:25Z
2026-08-21T01:53:59Z,2026-08-21T03:53:59+0200,dab098cd-e140-4c97-b435-f000c3ac97ba,2026-08-05T15:15:00Z,2026-08-05T17:15:00+0200,12526.22,MW,FR,FR,actual_solar_generation,Solar,2026-08-21T01:55:25Z
2026-08-21T01:53:59Z,2026-08-21T03:53:59+0200,dab098cd-e140-4c97-b435-f000c3ac97ba,2026-08-05T15:30:00Z,2026-08-05T17:30:00+0200,11817.08,MW,FR,FR,actual_solar_generation,Solar,2026-08-21T01:55:25Z
2026-08-21T01:53:59Z,2026-08-21T03:53:59+0200,dab098cd-e140-4c97-b435-f000c3ac97ba,2026-08-05T15:45:00Z,2026-08-05T17:45:00+0200,11078.35,MW,FR,FR,actual_solar_generation,Solar,2026-08-21T01:55:25Z
2026-08-21T01:53:59Z,2026-08-21T03:53:59+0200,dab098cd-e140-4c97-b435-f000c3ac97ba,2026-08-05T16:00:00Z,2026-08-05T18:00:00+0200,10248.21,MW,FR,FR,actual_solar_generation,Solar,2026-08-21T01:55:25Z
2026-08-21T01:53:59Z,2026-08-21T03:53:59+0200,dab098cd-e140-4c97-b435-f000c3ac97ba,2026-08-05T16:15:00Z,2026-08-05T18:15:00+0200,9224.27,MW,FR,FR,actual_solar_generation,Solar,2026-08-21T01:55:25Z
2026-08-21T01:53:59Z,2026-08-21T03:53:59+0200,dab098cd-e140-4c97-b435-f000c3ac97ba,2026-08-05T16:30:00Z,2026-08-05T18:30:00+0200,8222.66,MW,FR,FR,actual_solar_generation,Solar,2026-08-21T01:55:25Z
2026-08-21T01:53:59Z,2026-08-21T03:53:59+0200,dab098cd-e140-4c97-b435-f000c3ac97ba,2026-08-05T16:45:00Z,2026-08-05T18:45:00+0200,7060.2,MW,FR,FR,actual_solar_generation,Solar,2026-08-21T01:55:25Z
2026-08-21T01:53:59Z,2026-08-21T03:53:59+0200,dab098cd-e140-4c97-b435-f000c3ac97ba,2026-08-05T17:00:00Z,2026-08-05T19:00:00+0200,5955.38,MW,FR,FR,actual_solar_generation,Solar,2026-08-21T01:55:25Z
2026-08-21T01:53:59Z,2026-08-21T03:53:59+0200,dab098cd-e140-4c97-b435-f000c3ac97ba,2026-08-05T17:15:00Z,2026-08-05T19:15:00+0200,4960.42,MW,FR,FR,actual_solar_generation,Solar,2026-08-21T01:55:25Z
2026-08-21T01:53:59Z,2026-08-21T03:53:59+0200,dab098cd-e140-4c97-b435-f000c3ac97ba,2026-08-05T17:30:00Z,2026-08-05T19:30:00+0200,3927.25,MW,FR,FR,actual_solar_generation,Solar,2026-08-21T01:55:25Z
2026-08-21T01:53:59Z,2026-08-21T03:53:59+0200,dab098cd-e140-4c97-b435-f000c3ac97ba,2026-08-05T17:45:00Z,2026-08-05T19:45:00+0200,3029.52,MW,FR,FR,actual_solar_generation,Solar,2026-08-21T01:55:25Z
2026-08-21T01:53:59Z,2026-08-21T03:53:59+0200,dab098cd-e140-4c97-b435-f000c3ac97ba,2026-08-05T18:00:00Z,2026-08-05T20:00:00+0200,2234.4,MW,FR,FR,actual_solar_generation,Solar,2026-08-21T01:55:25Z
2026-08-21T01:53:59Z,2026-08-21T03:53:59+0200,dab098cd-e140-4c97-b435-f000c3ac97ba,2026-08-05T18:15:00Z,2026-08-05T20:15:00+0200,1621.13,MW,FR,FR,actual_solar_generation,Solar,2026-08-21T01:55:25Z
2026-08-21T01:53:59Z,2026-08-21T03:53:59+0200,dab098cd-e140-4c97-b435-f000c3ac97ba,2026-08-05T18:30:00Z,2026-08-05T20:30:00+0200,1154.17,MW,FR,FR,actual_solar_generation,Solar,2026-08-21T01:55:25Z
2026-08-21T01:53:59Z,2026-08-21T03:53:59+0200,dab098cd-e140-4c97-b435-f000c3ac97ba,2026-08-05T18:45:00Z,2026-08-05T20:45:00+0200,821.07,MW,FR,FR,actual_solar_generation,Solar,2026-08-21T01:55:25Z
2026-08-21T01:53:59Z,2026-08-21T03:53:59+0200,dab098cd-e140-4c97-b435-f000c3ac97ba,2026-08-05T19:00:00Z,2026-08-05T21:00:00+0200,539.13,MW,FR,FR,actual_solar_generation,Solar,2026-08-21T01:55:25Z
2026-08-21T01:53:59Z,2026-08-21T03:53:59+0200,dab098cd-e140-4c97-b435-f000c3ac97ba,2026-08-05T19:15:00Z,2026-08-05T21:15:00+0200,383.3,MW,FR,FR,actual_solar_generation,Solar,2026-08-21T01:55:25Z
2026-08-21T01:53:59Z,2026-08-21T03:53:59+0200,dab098cd-e140-4c97-b435-f000c3ac97ba,2026-08-05T19:30:00Z,2026-08-05T21:30:00+0200,335.62,MW,FR,FR,actual_solar_generation,Solar,2026-08-21T01:55:25Z
2026-08-21T01:53:59Z,2026-08-21T03:53:59+0200,dab098cd-e140-4c97-b435-f000c3ac97ba,2026-08-05T19:45:00Z,2026-08-05T21:45:00+0200,328.86,MW,FR,FR,actual_solar_generation,Solar,2026-08-21T01:55:25Z
2026-08-21T01:53:59Z,2026-08-21T03:53:59+0200,dab098cd-e140-4c97-b435-f000c3ac97ba,2026-08-05T20:00:00Z,2026-08-05T22:00:00+0200,329.7,MW,FR,FR,actual_solar_generation,Solar,2026-08-21T01:55:25Z
2026-08-21T01:53:59Z,2026-08-21T03:53:59+0200,dab098cd-e140-4c97-b435-f000c3ac97ba,2026-08-05T20:15:00Z,2026-08-05T22:15:00+0200,330.34,MW,FR,FR,actual_solar_generation,Solar,2026-08-21T01:55:25Z
2026-08-21T01:53:59Z,2026-08-21T03:53:59+0200,dab098cd-e140-4c97-b435-f000c3ac97ba,2026-08-05T20:30:00Z,2026-08-05T22:30:00+0200,332.92,MW,FR,FR,actual_solar_generation,Solar,2026-08-21T01:55:25Z
2026-08-21T01:53:59Z,2026-08-21T03:53:59+0200,dab098cd-e140-4c97-b435-f000c3ac97ba,2026-08-05T20:45:00Z,2026-08-05T22:45:00+0200,321.9,MW,FR,FR,actual_solar_generation,Solar,2026-08-21T01:55:25Z
2026-08-21T01:53:59Z,2026-08-21T03:53:59+0200,dab098cd-e140-4c97-b435-f000c3ac97ba,2026-08-05T21:00:00Z,2026-08-05T23:00:00+0200,0.0,MW,FR,FR,actual_solar_generation,Solar,2026-08-21T01:55:25Z
2026-08-21T01:53:59Z,2026-08-21T03:53:59+0200,dab098cd-e140-4c97-b435-f000c3ac97ba,2026-08-05T21:15:00Z,2026-08-05T23:15:00+0200,0.0,MW,FR,FR,actual_solar_generation,Solar,2026-08-21T01:55:25Z
2026-08-21T01:53:59Z,2026-08-21T03:53:59+0200,dab098cd-e140-4c97-b435-f000c3ac97ba,2026-08-05T21:30:00Z,2026-08-05T23:30:00+0200,0.0,MW,FR,FR,actual_solar_generation,Solar,2026-08-21T01:55:25Z
2026-08-21T01:53:59Z,2026-08-21T03:53:59+0200,dab098cd-e140-4c97-b435-f000c3ac97ba,2026-08-05T21:45:00Z,2026-08-05T23:45:00+0200,0.0,MW,FR,FR,actual_solar_generation,Solar,2026-08-21T01:55:25Z
2026-08-21T01:53:59Z,2026-08-21T03:53:59+0200,dab098cd-e140-4c97-b435-f000c3ac97ba,2026-08-05T22:00:00Z,2026-08-06T00:00:00+0200,0.0,MW,FR,FR,actual_solar_generation,Solar,2026-08-21T01:55:25Z
2026-08-21T01:53:59Z,2026-08-21T03:53:59+0200,dab098cd-e140-4c97-b435-f000c3ac97ba,2026-08-05T22:15:00Z,2026-08-06T00:15:00+0200,0.0,MW,FR,FR,actual_solar_generation,Solar,2026-08-21T01:55:25Z
2026-08-21T01:53:59Z,2026-08-21T03:53:59+0200,dab098cd-e140-4c97-b435-f000c3ac97ba,2026-08-05T22:30:00Z,2026-08-06T00:30:00+0200,0.0,MW,FR,FR,actual_solar_generation,Solar,2026-08-21T01:55:25Z
2026-08-21T01:53:59Z,2026-08-21T03:53:59+0200,dab098cd-e140-4c97-b435-f000c3ac97ba,2026-08-05T22:45:00Z,2026-08-06T00:45:00+0200,0.0,MW,FR,FR,actual_solar_generation,Solar,2026-08-21T01:55:25Z
2026-08-21T01:53:59Z,2026-08-21T03:53:59+0200,dab098cd-e140-4c97-b435-f000c3ac97ba,2026-08-05T23:00:00Z,2026-08-06T01:00:00+0200,0.0,MW,FR,FR,actual_solar_generation,Solar,2026-08-21T01:55:25Z
2026-08-21T01:53:59Z,2026-08-21T03:53:59+0200,dab098cd-e140-4c97-b435-f000c3ac97ba,2026-08-05T23:15:00Z,2026-08-06T01:15:00+0200,0.0,MW,FR,FR,actual_solar_generation,Solar,2026-08-21T01:55:25Z
2026-08-21T01:53:59Z,2026-08-21T03:53:59+0200,dab098cd-e140-4c97-b435-f000c3ac97ba,2026-08-05T23:30:00Z,2026-08-06T01:30:00+0200,0.0,MW,FR,FR,actual_solar_generation,Solar,2026-08-21T01:55:25Z
2026-08-21T01:53:59Z,2026-08-21T03:53:59+0200,dab098cd-e140-4c97-b435-f000c3ac97ba,2026-08-05T23:45:00Z,2026-08-06T01:45:00+0200,0.0,MW,FR,FR,actual_solar_generation,Solar,2026-08-21T01:55:25Z
2026-08-21T01:53:59Z,2026-08-21T03:53:59+0200,dab098cd-e140-4c97-b435-f000c3ac97ba,2026-08-06T00:00:00Z,2026-08-06T02:00:00+0200,0.0,MW,FR,FR,actual_solar_generation,Solar,2026-08-21T01:55:25Z
2026-08-21T01:53:59Z,2026-08-21T03:53:59+0200,dab098cd-e140-4c97-b435-f000c3ac97ba,2026-08-06T00:15:00Z,2026-08-06T02:15:00+0200,0.0,MW,FR,FR,actual_solar_generation,Solar,2026-08-21T01:55:25Z
2026-08-21T01:53:59Z,2026-08-21T03:53:59+0200,dab098cd-e140-4c97-b435-f000c3ac97ba,2026-08-06T00:30:00Z,2026-08-06T02:30:00+0200,0.0,MW,FR,FR,actual_solar_generation,Solar,2026-08-21T01:55:25Z
2026-08-21T01:53:59Z,2026-08-21T03:53:59+0200,dab098cd-e140-4c97-b435-f000c3ac97ba,2026-08-06T00:45:00Z,2026-08-06T02:45:00+0200,0.0,MW,FR,FR,actual_solar_generation,Solar,2026-08-21T01:55:25Z
2026-08-21T01:53:59Z,2026-08-21T03:53:59+0200,dab098cd-e140-4c97-b435-f000c3ac97ba,2026-08-06T01:00:00Z,2026-08-06T03:00:00+0200,0.0,MW,FR,FR,actual_solar_generation,Solar,2026-08-21T01:55:25Z
2026-08-21T01:53:59Z,2026-08-21T03:53:59+0200,dab098cd-e140-4c97-b435-f000c3ac97ba,2026-08-06T01:15:00Z,2026-08-06T03:15:00+0200,0.0,MW,FR,FR,actual_solar_generation,Solar,2026-08-21T01:55:25Z
2026-08-21T01:53:59Z,2026-08-21T03:53:59+0200,dab098cd-e140-4c97-b435-f000c3ac97ba,2026-08-06T01:30:00Z,2026-08-06T03:30:00+0200,0.0,MW,FR,FR,actual_solar_generation,Solar,2026-08-21T01:55:25Z
2026-08-21T01:53:59Z,2026-08-21T03:53:59+0200,dab098cd-e140-4c97-b435-f000c3ac97ba,2026-08-06T01:45:00Z,2026-08-06T03:45:00+0200,0.0,MW,FR,FR,actual_solar_generation,Solar,2026-08-21T01:55:25Z
2026-08-21T01:53:59Z,2026-08-21T03:53:59+0200,dab098cd-e140-4c97-b435-f000c3ac97ba,2026-08-06T02:00:00Z,2026-08-06T04:00:00+0200,0.0,MW,FR,FR,actual_solar_generation,Solar,2026-08-21T01:55:25Z
2026-08-21T01:53:59Z,2026-08-21T03:53:59+0200,dab098cd-e140-4c97-b435-f000c3ac97ba,2026-08-06T02:15:00Z,2026-08-06T04:15:00+0200,0.0,MW,FR,FR,actual_solar_generation,Solar,2026-08-21T01:55:25Z
2026-08-21T01:53:59Z,2026-08-21T03:53:59+0200,dab098cd-e140-4c97-b435-f000c3ac97ba,2026-08-06T02:30:00Z,2026-08-06T04:30:00+0200,0.0,MW,FR,FR,actual_solar_generation,Solar,2026-08-21T01:55:25Z
2026-08-21T01:53:59Z,2026-08-21T03:53:59+0200,dab098cd-e140-4c97-b435-f000c3ac97ba,2026-08-06T02:45:00Z,2026-08-06T04:45:00+0200,0.0,MW,FR,FR,actual_solar_generation,Solar,2026-08-21T01:55:25Z
2026-08-21T01:53:59Z,2026-08-21T03:53:59+0200,dab098cd-e140-4c97-b435-f000c3ac97ba,2026-08-06T03:00:00Z,2026-08-06T05:00:00+0200,0.0,MW,FR,FR,actual_solar_generation,Solar,2026-08-21T01:55:25Z
2026-08-21T01:53:59Z,2026-08-21T03:53:59+0200,dab098cd-e140-4c97-b435-f000c3ac97ba,2026-08-06T03:15:00Z,2026-08-06T05:15:00+0200,0.0,MW,FR,FR,actual_solar_generation,Solar,2026-08-21T01:55:25Z
2026-08-21T01:53:59Z,2026-08-21T03:53:59+0200,dab098cd-e140-4c97-b435-f000c3ac97ba,2026-08-06T03:30:00Z,2026-08-06T05:30:00+0200,0.0,MW,FR,FR,actual_solar_generation,Solar,2026-08-21T01:55:25Z
2026-08-21T01:53:59Z,2026-08-21T03:53:59+0200,dab098cd-e140-4c97-b435-f000c3ac97ba,2026-08-06T03:45:00Z,2026-08-06T05:45:00+0200,0.0,MW,FR,FR,actual_solar_generation,Solar,2026-08-21T01:55:25Z
2026-08-21T01:53:59Z,2026-08-21T03:53:59+0200,dab098cd-e140-4c97-b435-f000c3ac97ba,2026-08-06T04:00:00Z,2026-08-06T06:00:00+0200,328.93,MW,FR,FR,actual_solar_generation,Solar,2026-08-21T01:55:25Z
2026-08-21T01:53:59Z,2026-08-21T03:53:59+0200,dab098cd-e140-4c97-b435-f000c3ac97ba,2026-08-06T04:15:00Z,2026-08-06T06:15:00+0200,346.68,MW,FR,FR,actual_solar_generation,Solar,2026-08-21T01:55:25Z
2026-08-21T01:53:59Z,2026-08-21T03:53:59+0200,dab098cd-e140-4c97-b435-f000c3ac97ba,2026-08-06T04:30:00Z,2026-08-06T06:30:00+0200,409.54,MW,FR,FR,actual_solar_generation,Solar,2026-08-21T01:55:25Z
2026-08-21T01:53:59Z,2026-08-21T03:53:59+0200,dab098cd-e140-4c97-b435-f000c3ac97ba,2026-08-06T04:45:00Z,2026-08-06T06:45:00+0200,542.73,MW,FR,FR,actual_solar_generation,Solar,2026-08-21T01:55:25Z
2026-08-21T01:53:59Z,2026-08-21T03:53:59+0200,dab098cd-e140-4c97-b435-f000c3ac97ba,2026-08-06T05:00:00Z,2026-08-06T07:00:00+0200,740.15,MW,FR,FR,actual_solar_generation,Solar,2026-08-21T01:55:25Z
2026-08-21T01:53:59Z,2026-08-21T03:53:59+0200,dab098cd-e140-4c97-b435-f000c3ac97ba,2026-08-06T05:15:00Z,2026-08-06T07:15:00+0200,982.6,MW,FR,FR,actual_solar_generation,Solar,2026-08-21T01:55:25Z
2026-08-21T01:53:59Z,2026-08-21T03:53:59+0200,dab098cd-e140-4c97-b435-f000c3ac97ba,2026-08-06T05:30:00Z,2026-08-06T07:30:00+0200,1390.22,MW,FR,FR,actual_solar_generation,Solar,2026-08-21T01:55:25Z
2026-08-21T01:53:59Z,2026-08-21T03:53:59+0200,dab098cd-e140-4c97-b435-f000c3ac97ba,2026-08-06T05:45:00Z,2026-08-06T07:45:00+0200,2007.52,MW,FR,FR,actual_solar_generation,Solar,2026-08-21T01:55:25Z
2026-08-21T01:53:59Z,2026-08-21T03:53:59+0200,dab098cd-e140-4c97-b435-f000c3ac97ba,2026-08-06T06:00:00Z,2026-08-06T08:00:00+0200,2840.61,MW,FR,FR,actual_solar_generation,Solar,2026-08-21T01:55:25Z
2026-08-21T01:53:59Z,2026-08-21T03:53:59+0200,dab098cd-e140-4c97-b435-f000c3ac97ba,2026-08-06T06:15:00Z,2026-08-06T08:15:00+0200,3680.45,MW,FR,FR,actual_solar_generation,Solar,2026-08-21T01:55:25Z
2026-08-21T01:53:59Z,2026-08-21T03:53:59+0200,dab098cd-e140-4c97-b435-f000c3ac97ba,2026-08-06T06:30:00Z,2026-08-06T08:30:00+0200,4707.72,MW,FR,FR,actual_solar_generation,Solar,2026-08-21T01:55:25Z
2026-08-21T01:53:59Z,2026-08-21T03:53:59+0200,dab098cd-e140-4c97-b435-f000c3ac97ba,2026-08-06T06:45:00Z,2026-08-06T08:45:00+0200,5735.77,MW,FR,FR,actual_solar_generation,Solar,2026-08-21T01:55:25Z
2026-08-21T01:53:59Z,2026-08-21T03:53:59+0200,dab098cd-e140-4c97-b435-f000c3ac97ba,2026-08-06T07:00:00Z,2026-08-06T09:00:00+0200,6865.07,MW,FR,FR,actual_solar_generation,Solar,2026-08-21T01:55:25Z
2026-08-21T01:53:59Z,2026-08-21T03:53:59+0200,dab098cd-e140-4c97-b435-f000c3ac97ba,2026-08-06T07:15:00Z,2026-08-06T09:15:00+0200,8216.93,MW,FR,FR,actual_solar_generation,Solar,2026-08-21T01:55:25Z
2026-08-21T01:53:59Z,2026-08-21T03:53:59+0200,dab098cd-e140-4c97-b435-f000c3ac97ba,2026-08-06T07:30:00Z,2026-08-06T09:30:00+0200,9464.09,MW,FR,FR,actual_solar_generation,Solar,2026-08-21T01:55:25Z
2026-08-21T01:53:59Z,2026-08-21T03:53:59+0200,dab098cd-e140-4c97-b435-f000c3ac97ba,2026-08-06T07:45:00Z,2026-08-06T09:45:00+0200,10744.12,MW,FR,FR,actual_solar_generation,Solar,2026-08-21T01:55:25Z
2026-08-21T01:53:59Z,2026-08-21T03:53:59+0200,dab098cd-e140-4c97-b435-f000c3ac97ba,2026-08-06T08:00:00Z,2026-08-06T10:00:00+0200,11899.83,MW,FR,FR,actual_solar_generation,Solar,2026-08-21T01:55:25Z
2026-08-21T01:53:59Z,2026-08-21T03:53:59+0200,dab098cd-e140-4c97-b435-f000c3ac97ba,2026-08-06T08:15:00Z,2026-08-06T10:15:00+0200,12986.96,MW,FR,FR,actual_solar_generation,Solar,2026-08-21T01:55:25Z
2026-08-21T01:53:59Z,2026-08-21T03:53:59+0200,dab098cd-e140-4c97-b435-f000c3ac97ba,2026-08-06T08:30:00Z,2026-08-06T10:30:00+0200,14003.15,MW,FR,FR,actual_solar_generation,Solar,2026-08-21T01:55:25Z
2026-08-21T01:53:59Z,2026-08-21T03:53:59+0200,dab098cd-e140-4c97-b435-f000c3ac97ba,2026-08-06T08:45:00Z,2026-08-06T10:45:00+0200,14933.19,MW,FR,FR,actual_solar_generation,Solar,2026-08-21T01:55:25Z
2026-08-21T01:53:59Z,2026-08-21T03:53:59+0200,dab098cd-e140-4c97-b435-f000c3ac97ba,2026-08-06T09:00:00Z,2026-08-06T11:00:00+0200,15831.7,MW,FR,FR,actual_solar_generation,Solar,2026-08-21T01:55:25Z
2026-08-21T01:53:59Z,2026-08-21T03:53:59+0200,dab098cd-e140-4c97-b435-f000c3ac97ba,2026-08-06T09:15:00Z,2026-08-06T11:15:00+0200,16577.76,MW,FR,FR,actual_solar_generation,Solar,2026-08-21T01:55:25Z
2026-08-21T01:53:59Z,2026-08-21T03:53:59+0200,dab098cd-e140-4c97-b435-f000c3ac97ba,2026-08-06T09:30:00Z,2026-08-06T11:30:00+0200,17375.05,MW,FR,FR,actual_solar_generation,Solar,2026-08-21T01:55:25Z
2026-08-21T01:53:59Z,2026-08-21T03:53:59+0200,dab098cd-e140-4c97-b435-f000c3ac97ba,2026-08-06T09:45:00Z,2026-08-06T11:45:00+0200,18067.3,MW,FR,FR,actual_solar_generation,Solar,2026-08-21T01:55:25Z
2026-08-21T01:53:59Z,2026-08-21T03:53:59+0200,dab098cd-e140-4c97-b435-f000c3ac97ba,2026-08-06T10:00:00Z,2026-08-06T12:00:00+0200,18555.7,MW,FR,FR,actual_solar_generation,Solar,2026-08-21T01:55:25Z
2026-08-21T01:53:59Z,2026-08-21T03:53:59+0200,dab098cd-e140-4c97-b435-f000c3ac97ba,2026-08-06T10:15:00Z,2026-08-06T12:15:00+0200,18997.73,MW,FR,FR,actual_solar_generation,Solar,2026-08-21T01:55:25Z
2026-08-21T01:53:59Z,2026-08-21T03:53:59+0200,dab098cd-e140-4c97-b435-f000c3ac97ba,2026-08-06T10:30:00Z,2026-08-06T12:30:00+0200,19287.39,MW,FR,FR,actual_solar_generation,Solar,2026-08-21T01:55:25Z
2026-08-21T01:53:59Z,2026-08-21T03:53:59+0200,dab098cd-e140-4c97-b435-f000c3ac97ba,2026-08-06T10:45:00Z,2026-08-06T12:45:00+0200,19646.64,MW,FR,FR,actual_solar_generation,Solar,2026-08-21T01:55:25Z
2026-08-21T01:53:59Z,2026-08-21T03:53:59+0200,dab098cd-e140-4c97-b435-f000c3ac97ba,2026-08-06T11:00:00Z,2026-08-06T13:00:00+0200,19787.74,MW,FR,FR,actual_solar_generation,Solar,2026-08-21T01:55:25Z
2026-08-21T01:53:59Z,2026-08-21T03:53:59+0200,dab098cd-e140-4c97-b435-f000c3ac97ba,2026-08-06T11:15:00Z,2026-08-06T13:15:00+0200,20027.67,MW,FR,FR,actual_solar_generation,Solar,2026-08-21T01:55:25Z
2026-08-21T01:53:59Z,2026-08-21T03:53:59+0200,dab098cd-e140-4c97-b435-f000c3ac97ba,2026-08-06T11:30:00Z,2026-08-06T13:30:00+0200,20232.78,MW,FR,FR,actual_solar_generation,Solar,2026-08-21T01:55:25Z
2026-08-21T01:53:59Z,2026-08-21T03:53:59+0200,dab098cd-e140-4c97-b435-f000c3ac97ba,2026-08-06T11:45:00Z,2026-08-06T13:45:00+0200,20437.88,MW,FR,FR,actual_solar_generation,Solar,2026-08-21T01:55:25Z
2026-08-21T01:53:59Z,2026-08-21T03:53:59+0200,dab098cd-e140-4c97-b435-f000c3ac97ba,2026-08-06T12:00:00Z,2026-08-06T14:00:00+0200,20482.4,MW,FR,FR,actual_solar_generation,Solar,2026-08-21T01:55:25Z
2026-08-21T01:53:59Z,2026-08-21T03:53:59+0200,dab098cd-e140-4c97-b435-f000c3ac97ba,2026-08-06T12:15:00Z,2026-08-06T14:15:00+0200,20473.07,MW,FR,FR,actual_solar_generation,Solar,2026-08-21T01:55:25Z
2026-08-21T01:53:59Z,2026-08-21T03:53:59+0200,dab098cd-e140-4c97-b435-f000c3ac97ba,2026-08-06T12:30:00Z,2026-08-06T14:30:00+0200,20195.58,MW,FR,FR,actual_solar_generation,Solar,2026-08-21T01:55:25Z
2026-08-21T01:53:59Z,2026-08-21T03:53:59+0200,dab098cd-e140-4c97-b435-f000c3ac97ba,2026-08-06T12:45:00Z,2026-08-06T14:45:00+0200,20025.15,MW,FR,FR,actual_solar_generation,Solar,2026-08-21T01:55:25Z
2026-08-21T01:53:59Z,2026-08-21T03:53:59+0200,dab098cd-e140-4c97-b435-f000c3ac97ba,2026-08-06T13:00:00Z,2026-08-06T15:00:00+0200,19841.29,MW,FR,FR,actual_solar_generation,Solar,2026-08-21T01:55:25Z
2026-08-21T01:53:59Z,2026-08-21T03:53:59+0200,dab098cd-e140-4c97-b435-f000c3ac97ba,2026-08-06T13:15:00Z,2026-08-06T15:15:00+0200,19510.05,MW,FR,FR,actual_solar_generation,Solar,2026-08-21T01:55:25Z
2026-08-21T01:53:59Z,2026-08-21T03:53:59+0200,dab098cd-e140-4c97-b435-f000c3ac97ba,2026-08-06T13:30:00Z,2026-08-06T15:30:00+0200,19192.36,MW,FR,FR,actual_solar_generation,Solar,2026-08-21T01:55:25Z
2026-08-21T01:53:59Z,2026-08-21T03:53:59+0200,dab098cd-e140-4c97-b435-f000c3ac97ba,2026-08-06T13:45:00Z,2026-08-06T15:45:00+0200,18885.87,MW,FR,FR,actual_solar_generation,Solar,2026-08-21T01:55:25Z
2026-08-21T01:53:59Z,2026-08-21T03:53:59+0200,dab098cd-e140-4c97-b435-f000c3ac97ba,2026-08-06T14:00:00Z,2026-08-06T16:00:00+0200,18377.05,MW,FR,FR,actual_solar_generation,Solar,2026-08-21T01:55:25Z
2026-08-21T01:53:59Z,2026-08-21T03:53:59+0200,dab098cd-e140-4c97-b435-f000c3ac97ba,2026-08-06T14:15:00Z,2026-08-06T16:15:00+0200,17878.28,MW,FR,FR,actual_solar_generation,Solar,2026-08-21T01:55:25Z
2026-08-21T01:53:59Z,2026-08-21T03:53:59+0200,dab098cd-e140-4c97-b435-f000c3ac97ba,2026-08-06T14:30:00Z,2026-08-06T16:30:00+0200,16825.13,MW,FR,FR,actual_solar_generation,Solar,2026-08-21T01:55:25Z
2026-08-21T01:53:59Z,2026-08-21T03:53:59+0200,dab098cd-e140-4c97-b435-f000c3ac97ba,2026-08-06T14:45:00Z,2026-08-06T16:45:00+0200,16088.69,MW,FR,FR,actual_solar_generation,Solar,2026-08-21T01:55:25Z
2026-08-21T01:53:59Z,2026-08-21T03:53:59+0200,dab098cd-e140-4c97-b435-f000c3ac97ba,2026-08-06T15:00:00Z,2026-08-06T17:00:00+0200,15196.76,MW,FR,FR,actual_solar_generation,Solar,2026-08-21T01:55:25Z
2026-08-21T01:53:59Z,2026-08-21T03:53:59+0200,dab098cd-e140-4c97-b435-f000c3ac97ba,2026-08-06T15:15:00Z,2026-08-06T17:15:00+0200,14489.82,MW,FR,FR,actual_solar_generation,Solar,2026-08-21T01:55:25Z
2026-08-21T01:53:59Z,2026-08-21T03:53:59+0200,dab098cd-e140-4c97-b435-f000c3ac97ba,2026-08-06T15:30:00Z,2026-08-06T17:30:00+0200,13905.14,MW,FR,FR,actual_solar_generation,Solar,2026-08-21T01:55:25Z
2026-08-21T01:53:59Z,2026-08-21T03:53:59+0200,dab098cd-e140-4c97-b435-f000c3ac97ba,2026-08-06T15:45:00Z,2026-08-06T17:45:00+0200,12968.65,MW,FR,FR,actual_solar_generation,Solar,2026-08-21T01:55:25Z
2026-08-21T01:53:59Z,2026-08-21T03:53:59+0200,dab098cd-e140-4c97-b435-f000c3ac97ba,2026-08-06T16:00:00Z,2026-08-06T18:00:00+0200,11909.92,MW,FR,FR,actual_solar_generation,Solar,2026-08-21T01:55:25Z
2026-08-21T01:53:59Z,2026-08-21T03:53:59+0200,dab098cd-e140-4c97-b435-f000c3ac97ba,2026-08-06T16:15:00Z,2026-08-06T18:15:00+0200,10760.33,MW,FR,FR,actual_solar_generation,Solar,2026-08-21T01:55:25Z
2026-08-21T01:53:59Z,2026-08-21T03:53:59+0200,dab098cd-e140-4c97-b435-f000c3ac97ba,2026-08-06T16:30:00Z,2026-08-06T18:30:00+0200,9544.8,MW,FR,FR,actual_solar_generation,Solar,2026-08-21T01:55:25Z
2026-08-21T01:53:59Z,2026-08-21T03:53:59+0200,dab098cd-e140-4c97-b435-f000c3ac97ba,2026-08-06T16:45:00Z,2026-08-06T18:45:00+0200,8260.78,MW,FR,FR,actual_solar_generation,Solar,2026-08-21T01:55:25Z
2026-08-21T01:53:59Z,2026-08-21T03:53:59+0200,dab098cd-e140-4c97-b435-f000c3ac97ba,2026-08-06T17:00:00Z,2026-08-06T19:00:00+0200,6939.66,MW,FR,FR,actual_solar_generation,Solar,2026-08-21T01:55:25Z
2026-08-21T01:53:59Z,2026-08-21T03:53:59+0200,dab098cd-e140-4c97-b435-f000c3ac97ba,2026-08-06T17:15:00Z,2026-08-06T19:15:00+0200,5619.0,MW,FR,FR,actual_solar_generation,Solar,2026-08-21T01:55:25Z
2026-08-21T01:53:59Z,2026-08-21T03:53:59+0200,dab098cd-e140-4c97-b435-f000c3ac97ba,2026-08-06T17:30:00Z,2026-08-06T19:30:00+0200,4431.82,MW,FR,FR,actual_solar_generation,Solar,2026-08-21T01:55:25Z
2026-08-21T01:53:59Z,2026-08-21T03:53:59+0200,dab098cd-e140-4c97-b435-f000c3ac97ba,2026-08-06T17:45:00Z,2026-08-06T19:45:00+0200,3386.74,MW,FR,FR,actual_solar_generation,Solar,2026-08-21T01:55:25Z
2026-08-21T01:53:59Z,2026-08-21T03:53:59+0200,dab098cd-e140-4c97-b435-f000c3ac97ba,2026-08-06T18:00:00Z,2026-08-06T20:00:00+0200,2461.08,MW,FR,FR,actual_solar_generation,Solar,2026-08-21T01:55:25Z
2026-08-21T01:53:59Z,2026-08-21T03:53:59+0200,dab098cd-e140-4c97-b435-f000c3ac97ba,2026-08-06T18:15:00Z,2026-08-06T20:15:00+0200,1753.61,MW,FR,FR,actual_solar_generation,Solar,2026-08-21T01:55:25Z
2026-08-21T01:53:59Z,2026-08-21T03:53:59+0200,dab098cd-e140-4c97-b435-f000c3ac97ba,2026-08-06T18:30:00Z,2026-08-06T20:30:00+0200,1243.03,MW,FR,FR,actual_solar_generation,Solar,2026-08-21T01:55:25Z
2026-08-21T01:53:59Z,2026-08-21T03:53:59+0200,dab098cd-e140-4c97-b435-f000c3ac97ba,2026-08-06T18:45:00Z,2026-08-06T20:45:00+0200,883.7,MW,FR,FR,actual_solar_generation,Solar,2026-08-21T01:55:25Z
2026-08-21T01:53:59Z,2026-08-21T03:53:59+0200,dab098cd-e140-4c97-b435-f000c3ac97ba,2026-08-06T19:00:00Z,2026-08-06T21:00:00+0200,588.84,MW,FR,FR,actual_solar_generation,Solar,2026-08-21T01:55:25Z
2026-08-21T01:53:59Z,2026-08-21T03:53:59+0200,dab098cd-e140-4c97-b435-f000c3ac97ba,2026-08-06T19:15:00Z,2026-08-06T21:15:00+0200,433.8,MW,FR,FR,actual_solar_generation,Solar,2026-08-21T01:55:25Z
2026-08-21T01:53:59Z,2026-08-21T03:53:59+0200,dab098cd-e140-4c97-b435-f000c3ac97ba,2026-08-06T19:30:00Z,2026-08-06T21:30:00+0200,372.36,MW,FR,FR,actual_solar_generation,Solar,2026-08-21T01:55:25Z
2026-08-21T01:53:59Z,2026-08-21T03:53:59+0200,dab098cd-e140-4c97-b435-f000c3ac97ba,2026-08-06T19:45:00Z,2026-08-06T21:45:00+0200,361.45,MW,FR,FR,actual_solar_generation,Solar,2026-08-21T01:55:25Z
2026-08-21T01:53:59Z,2026-08-21T03:53:59+0200,dab098cd-e140-4c97-b435-f000c3ac97ba,2026-08-06T20:00:00Z,2026-08-06T22:00:00+0200,367.43,MW,FR,FR,actual_solar_generation,Solar,2026-08-21T01:55:25Z
2026-08-21T01:53:59Z,2026-08-21T03:53:59+0200,dab098cd-e140-4c97-b435-f000c3ac97ba,2026-08-06T20:15:00Z,2026-08-06T22:15:00+0200,362.24,MW,FR,FR,actual_solar_generation,Solar,2026-08-21T01:55:25Z
2026-08-21T01:53:59Z,2026-08-21T03:53:59+0200,dab098cd-e140-4c97-b435-f000c3ac97ba,2026-08-06T20:30:00Z,2026-08-06T22:30:00+0200,365.29,MW,FR,FR,actual_solar_generation,Solar,2026-08-21T01:55:25Z
2026-08-21T01:53:59Z,2026-08-21T03:53:59+0200,dab098cd-e140-4c97-b435-f000c3ac97ba,2026-08-06T20:45:00Z,2026-08-06T22:45:00+0200,367.18,MW,FR,FR,actual_solar_generation,Solar,2026-08-21T01:55:25Z
2026-08-21T01:53:59Z,2026-08-21T03:53:59+0200,dab098cd-e140-4c97-b435-f000c3ac97ba,2026-08-06T21:00:00Z,2026-08-06T23:00:00+0200,0.0,MW,FR,FR,actual_solar_generation,Solar,2026-08-21T01:55:25Z
2026-08-21T01:53:59Z,2026-08-21T03:53:59+0200,dab098cd-e140-4c97-b435-f000c3ac97ba,2026-08-06T21:15:00Z,2026-08-06T23:15:00+0200,0.0,MW,FR,FR,actual_solar_generation,Solar,2026-08-21T01:55:25Z
2026-08-21T01:53:59Z,2026-08-21T03:53:59+0200,dab098cd-e140-4c97-b435-f000c3ac97ba,2026-08-06T21:30:00Z,2026-08-06T23:30:00+0200,0.0,MW,FR,FR,actual_solar_generation,Solar,2026-08-21T01:55:25Z
2026-08-21T01:53:59Z,2026-08-21T03:53:59+0200,dab098cd-e140-4c97-b435-f000c3ac97ba,2026-08-06T21:45:00Z,2026-08-06T23:45:00+0200,0.0,MW,FR,FR,actual_solar_generation,Solar,2026-08-21T01:55:25Z
2026-08-21T01:53:59Z,2026-08-21T03:53:59+0200,dab098cd-e140-4c97-b435-f000c3ac97ba,2026-08-06T22:00:00Z,2026-08-07T00:00:00+0200,0.0,MW,FR,FR,actual_solar_generation,Solar,2026-08-21T01:55:25Z
2026-08-21T01:53:59Z,2026-08-21T03:53:59+0200,dab098cd-e140-4c97-b435-f000c3ac97ba,2026-08-06T22:15:00Z,2026-08-07T00:15:00+0200,0.0,MW,FR,FR,actual_solar_generation,Solar,2026-08-21T01:55:25Z
2026-08-21T01:53:59Z,2026-08-21T03:53:59+0200,dab098cd-e140-4c97-b435-f000c3ac97ba,2026-08-06T22:30:00Z,2026-08-07T00:30:00+0200,0.0,MW,FR,FR,actual_solar_generation,Solar,2026-08-21T01:55:25Z
2026-08-21T01:53:59Z,2026-08-21T03:53:59+0200,dab098cd-e140-4c97-b435-f000c3ac97ba,2026-08-06T22:45:00Z,2026-08-07T00:45:00+0200,0.0,MW,FR,FR,actual_solar_generation,Solar,2026-08-21T01:55:25Z
2026-08-21T01:53:59Z,2026-08-21T03:53:59+0200,dab098cd-e140-4c97-b435-f000c3ac97ba,2026-08-06T23:00:00Z,2026-08-07T01:00:00+0200,0.0,MW,FR,FR,actual_solar_generation,Solar,2026-08-21T01:55:25Z
2026-08-21T01:53:59Z,2026-08-21T03:53:59+0200,dab098cd-e140-4c97-b435-f000c3ac97ba,2026-08-06T23:15:00Z,2026-08-07T01:15:00+0200,0.0,MW,FR,FR,actual_solar_generation,Solar,2026-08-21T01:55:25Z
2026-08-21T01:53:59Z,2026-08-21T03:53:59+0200,dab098cd-e140-4c97-b435-f000c3ac97ba,2026-08-06T23:30:00Z,2026-08-07T01:30:00+0200,0.0,MW,FR,FR,actual_solar_generation,Solar,2026-08-21T01:55:25Z
2026-08-21T01:53:59Z,2026-08-21T03:53:59+0200,dab098cd-e140-4c97-b435-f000c3ac97ba,2026-08-06T23:45:00Z,2026-08-07T01:45:00+0200,0.0,MW,FR,FR,actual_solar_generation,Solar,2026-08-21T01:55:25Z
2026-08-21T01:53:59Z,2026-08-21T03:53:59+0200,dab098cd-e140-4c97-b435-f000c3ac97ba,2026-08-07T00:00:00Z,2026-08-07T02:00:00+0200,0.0,MW,FR,FR,actual_solar_generation,Solar,2026-08-21T01:55:25Z
2026-08-21T01:53:59Z,2026-08-21T03:53:59+0200,dab098cd-e140-4c97-b435-f000c3ac97ba,2026-08-07T00:15:00Z,2026-08-07T02:15:00+0200,0.0,MW,FR,FR,actual_solar_generation,Solar,2026-08-21T01:55:25Z
2026-08-21T01:53:59Z,2026-08-21T03:53:59+0200,dab098cd-e140-4c97-b435-f000c3ac97ba,2026-08-07T00:30:00Z,2026-08-07T02:30:00+0200,0.0,MW,FR,FR,actual_solar_generation,Solar,2026-08-21T01:55:25Z
2026-08-21T01:53:59Z,2026-08-21T03:53:59+0200,dab098cd-e140-4c97-b435-f000c3ac97ba,2026-08-07T00:45:00Z,2026-08-07T02:45:00+0200,0.0,MW,FR,FR,actual_solar_generation,Solar,2026-08-21T01:55:25Z
2026-08-21T01:53:59Z,2026-08-21T03:53:59+0200,dab098cd-e140-4c97-b435-f000c3ac97ba,2026-08-07T01:00:00Z,2026-08-07T03:00:00+0200,0.0,MW,FR,FR,actual_solar_generation,Solar,2026-08-21T01:55:25Z
2026-08-21T01:53:59Z,2026-08-21T03:53:59+0200,dab098cd-e140-4c97-b435-f000c3ac97ba,2026-08-07T01:15:00Z,2026-08-07T03:15:00+0200,0.0,MW,FR,FR,actual_solar_generation,Solar,2026-08-21T01:55:25Z
2026-08-21T01:53:59Z,2026-08-21T03:53:59+0200,dab098cd-e140-4c97-b435-f000c3ac97ba,2026-08-07T01:30:00Z,2026-08-07T03:30:00+0200,0.0,MW,FR,FR,actual_solar_generation,Solar,2026-08-21T01:55:25Z
2026-08-21T01:53:59Z,2026-08-21T03:53:59+0200,dab098cd-e140-4c97-b435-f000c3ac97ba,2026-08-07T01:45:00Z,2026-08-07T03:45:00+0200,0.0,MW,FR,FR,actual_solar_generation,Solar,2026-08-21T01:55:25Z
2026-08-21T01:53:59Z,2026-08-21T03:53:59+0200,dab098cd-e140-4c97-b435-f000c3ac97ba,2026-08-07T02:00:00Z,2026-08-07T04:00:00+0200,0.0,MW,FR,FR,actual_solar_generation,Solar,2026-08-21T01:55:25Z
2026-08-21T01:53:59Z,2026-08-21T03:53:59+0200,dab098cd-e140-4c97-b435-f000c3ac97ba,2026-08-07T02:15:00Z,2026-08-07T04:15:00+0200,0.0,MW,FR,FR,actual_solar_generation,Solar,2026-08-21T01:55:25Z
2026-08-21T01:53:59Z,2026-08-21T03:53:59+0200,dab098cd-e140-4c97-b435-f000c3ac97ba,2026-08-07T02:30:00Z,2026-08-07T04:30:00+0200,0.0,MW,FR,FR,actual_solar_generation,Solar,2026-08-21T01:55:25Z
2026-08-21T01:53:59Z,2026-08-21T03:53:59+0200,dab098cd-e140-4c97-b435-f000c3ac97ba,2026-08-07T02:45:00Z,2026-08-07T04:45:00+0200,0.0,MW,FR,FR,actual_solar_generation,Solar,2026-08-21T01:55:25Z
2026-08-21T01:53:59Z,2026-08-21T03:53:59+0200,dab098cd-e140-4c97-b435-f000c3ac97ba,2026-08-07T03:00:00Z,2026-08-07T05:00:00+0200,0.0,MW,FR,FR,actual_solar_generation,Solar,2026-08-21T01:55:25Z
2026-08-21T01:53:59Z,2026-08-21T03:53:59+0200,dab098cd-e140-4c97-b435-f000c3ac97ba,2026-08-07T03:15:00Z,2026-08-07T05:15:00+0200,0.0,MW,FR,FR,actual_solar_generation,Solar,2026-08-21T01:55:25Z
2026-08-21T01:53:59Z,2026-08-21T03:53:59+0200,dab098cd-e140-4c97-b435-f000c3ac97ba,2026-08-07T03:30:00Z,2026-08-07T05:30:00+0200,0.0,MW,FR,FR,actual_solar_generation,Solar,2026-08-21T01:55:25Z
2026-08-21T01:53:59Z,2026-08-21T03:53:59+0200,dab098cd-e140-4c97-b435-f000c3ac97ba,2026-08-07T03:45:00Z,2026-08-07T05:45:00+0200,0.0,MW,FR,FR,actual_solar_generation,Solar,2026-08-21T01:55:25Z
2026-08-21T01:53:59Z,2026-08-21T03:53:59+0200,dab098cd-e140-4c97-b435-f000c3ac97ba,2026-08-07T04:00:00Z,2026-08-07T06:00:00+0200,358.72,MW,FR,FR,actual_solar_generation,Solar,2026-08-21T01:55:25Z
2026-08-21T01:53:59Z,2026-08-21T03:53:59+0200,dab098cd-e140-4c97-b435-f000c3ac97ba,2026-08-07T04:15:00Z,2026-08-07T06:15:00+0200,378.33,MW,FR,FR,actual_solar_generation,Solar,2026-08-21T01:55:25Z
2026-08-21T01:53:59Z,2026-08-21T03:53:59+0200,dab098cd-e140-4c97-b435-f000c3ac97ba,2026-08-07T04:30:00Z,2026-08-07T06:30:00+0200,438.3,MW,FR,FR,actual_solar_generation,Solar,2026-08-21T01:55:25Z
2026-08-21T01:53:59Z,2026-08-21T03:53:59+0200,dab098cd-e140-4c97-b435-f000c3ac97ba,2026-08-07T04:45:00Z,2026-08-07T06:45:00+0200,577.81,MW,FR,FR,actual_solar_generation,Solar,2026-08-21T01:55:25Z
2026-08-21T01:53:59Z,2026-08-21T03:53:59+0200,dab098cd-e140-4c97-b435-f000c3ac97ba,2026-08-07T05:00:00Z,2026-08-07T07:00:00+0200,778.21,MW,FR,FR,actual_solar_generation,Solar,2026-08-21T01:55:25Z
2026-08-21T01:53:59Z,2026-08-21T03:53:59+0200,dab098cd-e140-4c97-b435-f000c3ac97ba,2026-08-07T05:15:00Z,2026-08-07T07:15:00+0200,1046.04,MW,FR,FR,actual_solar_generation,Solar,2026-08-21T01:55:25Z
2026-08-21T01:53:59Z,2026-08-21T03:53:59+0200,dab098cd-e140-4c97-b435-f000c3ac97ba,2026-08-07T05:30:00Z,2026-08-07T07:30:00+0200,1502.38,MW,FR,FR,actual_solar_generation,Solar,2026-08-21T01:55:25Z
2026-08-21T01:53:59Z,2026-08-21T03:53:59+0200,dab098cd-e140-4c97-b435-f000c3ac97ba,2026-08-07T05:45:00Z,2026-08-07T07:45:00+0200,2233.4,MW,FR,FR,actual_solar_generation,Solar,2026-08-21T01:55:25Z
2026-08-21T01:53:59Z,2026-08-21T03:53:59+0200,dab098cd-e140-4c97-b435-f000c3ac97ba,2026-08-07T06:00:00Z,2026-08-07T08:00:00+0200,3197.14,MW,FR,FR,actual_solar_generation,Solar,2026-08-21T01:55:25Z
2026-08-21T01:53:59Z,2026-08-21T03:53:59+0200,dab098cd-e140-4c97-b435-f000c3ac97ba,2026-08-07T06:15:00Z,2026-08-07T08:15:00+0200,4207.32,MW,FR,FR,actual_solar_generation,Solar,2026-08-21T01:55:25Z
2026-08-21T01:53:59Z,2026-08-21T03:53:59+0200,dab098cd-e140-4c97-b435-f000c3ac97ba,2026-08-07T06:30:00Z,2026-08-07T08:30:00+0200,5411.65,MW,FR,FR,actual_solar_generation,Solar,2026-08-21T01:55:25Z
2026-08-21T01:53:59Z,2026-08-21T03:53:59+0200,dab098cd-e140-4c97-b435-f000c3ac97ba,2026-08-07T06:45:00Z,2026-08-07T08:45:00+0200,6770.48,MW,FR,FR,actual_solar_generation,Solar,2026-08-21T01:55:25Z
2026-08-21T01:53:59Z,2026-08-21T03:53:59+0200,dab098cd-e140-4c97-b435-f000c3ac97ba,2026-08-07T07:00:00Z,2026-08-07T09:00:00+0200,8126.23,MW,FR,FR,actual_solar_generation,Solar,2026-08-21T01:55:25Z
2026-08-21T01:53:59Z,2026-08-21T03:53:59+0200,dab098cd-e140-4c97-b435-f000c3ac97ba,2026-08-07T07:15:00Z,2026-08-07T09:15:00+0200,9689.93,MW,FR,FR,actual_solar_generation,Solar,2026-08-21T01:55:25Z
2026-08-21T01:53:59Z,2026-08-21T03:53:59+0200,dab098cd-e140-4c97-b435-f000c3ac97ba,2026-08-07T07:30:00Z,2026-08-07T09:30:00+0200,11080.94,MW,FR,FR,actual_solar_generation,Solar,2026-08-21T01:55:25Z
2026-08-21T01:53:59Z,2026-08-21T03:53:59+0200,dab098cd-e140-4c97-b435-f000c3ac97ba,2026-08-07T07:45:00Z,2026-08-07T09:45:00+0200,12504.9,MW,FR,FR,actual_solar_generation,Solar,2026-08-21T01:55:25Z
2026-08-21T01:53:59Z,2026-08-21T03:53:59+0200,dab098cd-e140-4c97-b435-f000c3ac97ba,2026-08-07T08:00:00Z,2026-08-07T10:00:00+0200,13787.12,MW,FR,FR,actual_solar_generation,Solar,2026-08-21T01:55:25Z
2026-08-21T01:53:59Z,2026-08-21T03:53:59+0200,dab098cd-e140-4c97-b435-f000c3ac97ba,2026-08-07T08:15:00Z,2026-08-07T10:15:00+0200,15060.86,MW,FR,FR,actual_solar_generation,Solar,2026-08-21T01:55:25Z
2026-08-21T01:53:59Z,2026-08-21T03:53:59+0200,dab098cd-e140-4c97-b435-f000c3ac97ba,2026-08-07T08:30:00Z,2026-08-07T10:30:00+0200,16154.26,MW,FR,FR,actual_solar_generation,Solar,2026-08-21T01:55:25Z
2026-08-21T01:53:59Z,2026-08-21T03:53:59+0200,dab098cd-e140-4c97-b435-f000c3ac97ba,2026-08-07T08:45:00Z,2026-08-07T10:45:00+0200,17121.37,MW,FR,FR,actual_solar_generation,Solar,2026-08-21T01:55:25Z
2026-08-21T01:53:59Z,2026-08-21T03:53:59+0200,dab098cd-e140-4c97-b435-f000c3ac97ba,2026-08-07T09:00:00Z,2026-08-07T11:00:00+0200,18044.03,MW,FR,FR,actual_solar_generation,Solar,2026-08-21T01:55:25Z
2026-08-21T01:53:59Z,2026-08-21T03:53:59+0200,dab098cd-e140-4c97-b435-f000c3ac97ba,2026-08-07T09:15:00Z,2026-08-07T11:15:00+0200,18928.23,MW,FR,FR,actual_solar_generation,Solar,2026-08-21T01:55:25Z
2026-08-21T01:53:59Z,2026-08-21T03:53:59+0200,dab098cd-e140-4c97-b435-f000c3ac97ba,2026-08-07T09:30:00Z,2026-08-07T11:30:00+0200,19689.74,MW,FR,FR,actual_solar_generation,Solar,2026-08-21T01:55:25Z
2026-08-21T01:53:59Z,2026-08-21T03:53:59+0200,dab098cd-e140-4c97-b435-f000c3ac97ba,2026-08-07T09:45:00Z,2026-08-07T11:45:00+0200,20341.71,MW,FR,FR,actual_solar_generation,Solar,2026-08-21T01:55:25Z
2026-08-21T01:53:59Z,2026-08-21T03:53:59+0200,dab098cd-e140-4c97-b435-f000c3ac97ba,2026-08-07T10:00:00Z,2026-08-07T12:00:00+0200,20894.12,MW,FR,FR,actual_solar_generation,Solar,2026-08-21T01:55:25Z
2026-08-21T01:53:59Z,2026-08-21T03:53:59+0200,dab098cd-e140-4c97-b435-f000c3ac97ba,2026-08-07T10:15:00Z,2026-08-07T12:15:00+0200,21300.31,MW,FR,FR,actual_solar_generation,Solar,2026-08-21T01:55:25Z
2026-08-21T01:53:59Z,2026-08-21T03:53:59+0200,dab098cd-e140-4c97-b435-f000c3ac97ba,2026-08-07T10:30:00Z,2026-08-07T12:30:00+0200,21670.63,MW,FR,FR,actual_solar_generation,Solar,2026-08-21T01:55:25Z
2026-08-21T01:53:59Z,2026-08-21T03:53:59+0200,dab098cd-e140-4c97-b435-f000c3ac97ba,2026-08-07T10:45:00Z,2026-08-07T12:45:00+0200,21989.29,MW,FR,FR,actual_solar_generation,Solar,2026-08-21T01:55:25Z
2026-08-21T01:53:59Z,2026-08-21T03:53:59+0200,dab098cd-e140-4c97-b435-f000c3ac97ba,2026-08-07T11:00:00Z,2026-08-07T13:00:00+0200,22076.84,MW,FR,FR,actual_solar_generation,Solar,2026-08-21T01:55:25Z
2026-08-21T01:53:59Z,2026-08-21T03:53:59+0200,dab098cd-e140-4c97-b435-f000c3ac97ba,2026-08-07T11:15:00Z,2026-08-07T13:15:00+0200,22262.57,MW,FR,FR,actual_solar_generation,Solar,2026-08-21T01:55:25Z
2026-08-21T01:53:59Z,2026-08-21T03:53:59+0200,dab098cd-e140-4c97-b435-f000c3ac97ba,2026-08-07T11:30:00Z,2026-08-07T13:30:00+0200,22324.83,MW,FR,FR,actual_solar_generation,Solar,2026-08-21T01:55:25Z
2026-08-21T01:53:59Z,2026-08-21T03:53:59+0200,dab098cd-e140-4c97-b435-f000c3ac97ba,2026-08-07T11:45:00Z,2026-08-07T13:45:00+0200,22291.53,MW,FR,FR,actual_solar_generation,Solar,2026-08-21T01:55:25Z
2026-08-21T01:53:59Z,2026-08-21T03:53:59+0200,dab098cd-e140-4c97-b435-f000c3ac97ba,2026-08-07T12:00:00Z,2026-08-07T14:00:00+0200,22300.02,MW,FR,FR,actual_solar_generation,Solar,2026-08-21T01:55:25Z
2026-08-21T01:53:59Z,2026-08-21T03:53:59+0200,dab098cd-e140-4c97-b435-f000c3ac97ba,2026-08-07T12:15:00Z,2026-08-07T14:15:00+0200,22225.25,MW,FR,FR,actual_solar_generation,Solar,2026-08-21T01:55:25Z
2026-08-21T01:53:59Z,2026-08-21T03:53:59+0200,dab098cd-e140-4c97-b435-f000c3ac97ba,2026-08-07T12:30:00Z,2026-08-07T14:30:00+0200,22140.2,MW,FR,FR,actual_solar_generation,Solar,2026-08-21T01:55:25Z
2026-08-21T01:53:59Z,2026-08-21T03:53:59+0200,dab098cd-e140-4c97-b435-f000c3ac97ba,2026-08-07T12:45:00Z,2026-08-07T14:45:00+0200,21875.37,MW,FR,FR,actual_solar_generation,Solar,2026-08-21T01:55:25Z
2026-08-21T01:53:59Z,2026-08-21T03:53:59+0200,dab098cd-e140-4c97-b435-f000c3ac97ba,2026-08-07T13:00:00Z,2026-08-07T15:00:00+0200,21631.77,MW,FR,FR,actual_solar_generation,Solar,2026-08-21T01:55:25Z
2026-08-21T01:53:59Z,2026-08-21T03:53:59+0200,dab098cd-e140-4c97-b435-f000c3ac97ba,2026-08-07T13:15:00Z,2026-08-07T15:15:00+0200,21250.55,MW,FR,FR,actual_solar_generation,Solar,2026-08-21T01:55:25Z
2026-08-21T01:53:59Z,2026-08-21T03:53:59+0200,dab098cd-e140-4c97-b435-f000c3ac97ba,2026-08-07T13:30:00Z,2026-08-07T15:30:00+0200,20567.03,MW,FR,FR,actual_solar_generation,Solar,2026-08-21T01:55:25Z
2026-08-21T01:53:59Z,2026-08-21T03:53:59+0200,dab098cd-e140-4c97-b435-f000c3ac97ba,2026-08-07T13:45:00Z,2026-08-07T15:45:00+0200,19843.94,MW,FR,FR,actual_solar_generation,Solar,2026-08-21T01:55:25Z
2026-08-21T01:53:59Z,2026-08-21T03:53:59+0200,dab098cd-e140-4c97-b435-f000c3ac97ba,2026-08-07T14:00:00Z,2026-08-07T16:00:00+0200,19417.65,MW,FR,FR,actual_solar_generation,Solar,2026-08-21T01:55:25Z
2026-08-21T01:53:59Z,2026-08-21T03:53:59+0200,dab098cd-e140-4c97-b435-f000c3ac97ba,2026-08-07T14:15:00Z,2026-08-07T16:15:00+0200,18823.34,MW,FR,FR,actual_solar_generation,Solar,2026-08-21T01:55:25Z
2026-08-21T01:53:59Z,2026-08-21T03:53:59+0200,dab098cd-e140-4c97-b435-f000c3ac97ba,2026-08-07T14:30:00Z,2026-08-07T16:30:00+0200,18501.13,MW,FR,FR,actual_solar_generation,Solar,2026-08-21T01:55:25Z
2026-08-21T01:53:59Z,2026-08-21T03:53:59+0200,dab098cd-e140-4c97-b435-f000c3ac97ba,2026-08-07T14:45:00Z,2026-08-07T16:45:00+0200,17811.42,MW,FR,FR,actual_solar_generation,Solar,2026-08-21T01:55:25Z
2026-08-21T01:53:59Z,2026-08-21T03:53:59+0200,dab098cd-e140-4c97-b435-f000c3ac97ba,2026-08-07T15:00:00Z,2026-08-07T17:00:00+0200,16863.8,MW,FR,FR,actual_solar_generation,Solar,2026-08-21T01:55:25Z
2026-08-21T01:53:59Z,2026-08-21T03:53:59+0200,dab098cd-e140-4c97-b435-f000c3ac97ba,2026-08-07T15:15:00Z,2026-08-07T17:15:00+0200,15862.23,MW,FR,FR,actual_solar_generation,Solar,2026-08-21T01:55:25Z
2026-08-21T01:53:59Z,2026-08-21T03:53:59+0200,dab098cd-e140-4c97-b435-f000c3ac97ba,2026-08-07T15:30:00Z,2026-08-07T17:30:00+0200,14813.69,MW,FR,FR,actual_solar_generation,Solar,2026-08-21T01:55:25Z
2026-08-21T01:53:59Z,2026-08-21T03:53:59+0200,dab098cd-e140-4c97-b435-f000c3ac97ba,2026-08-07T15:45:00Z,2026-08-07T17:45:00+0200,13674.19,MW,FR,FR,actual_solar_generation,Solar,2026-08-21T01:55:25Z
2026-08-21T01:53:59Z,2026-08-21T03:53:59+0200,dab098cd-e140-4c97-b435-f000c3ac97ba,2026-08-07T16:00:00Z,2026-08-07T18:00:00+0200,12426.23,MW,FR,FR,actual_solar_generation,Solar,2026-08-21T01:55:25Z
2026-08-21T01:53:59Z,2026-08-21T03:53:59+0200,dab098cd-e140-4c97-b435-f000c3ac97ba,2026-08-07T16:15:00Z,2026-08-07T18:15:00+0200,11116.81,MW,FR,FR,actual_solar_generation,Solar,2026-08-21T01:55:25Z
2026-08-21T01:53:59Z,2026-08-21T03:53:59+0200,dab098cd-e140-4c97-b435-f000c3ac97ba,2026-08-07T16:30:00Z,2026-08-07T18:30:00+0200,9757.72,MW,FR,FR,actual_solar_generation,Solar,2026-08-21T01:55:25Z
2026-08-21T01:53:59Z,2026-08-21T03:53:59+0200,dab098cd-e140-4c97-b435-f000c3ac97ba,2026-08-07T16:45:00Z,2026-08-07T18:45:00+0200,8367.25,MW,FR,FR,actual_solar_generation,Solar,2026-08-21T01:55:25Z
2026-08-21T01:53:59Z,2026-08-21T03:53:59+0200,dab098cd-e140-4c97-b435-f000c3ac97ba,2026-08-07T17:00:00Z,2026-08-07T19:00:00+0200,6981.9,MW,FR,FR,actual_solar_generation,Solar,2026-08-21T01:55:25Z
2026-08-21T01:53:59Z,2026-08-21T03:53:59+0200,dab098cd-e140-4c97-b435-f000c3ac97ba,2026-08-07T17:15:00Z,2026-08-07T19:15:00+0200,5626.89,MW,FR,FR,actual_solar_generation,Solar,2026-08-21T01:55:25Z
2026-08-21T01:53:59Z,2026-08-21T03:53:59+0200,dab098cd-e140-4c97-b435-f000c3ac97ba,2026-08-07T17:30:00Z,2026-08-07T19:30:00+0200,4323.68,MW,FR,FR,actual_solar_generation,Solar,2026-08-21T01:55:25Z
2026-08-21T01:53:59Z,2026-08-21T03:53:59+0200,dab098cd-e140-4c97-b435-f000c3ac97ba,2026-08-07T17:45:00Z,2026-08-07T19:45:00+0200,3228.07,MW,FR,FR,actual_solar_generation,Solar,2026-08-21T01:55:25Z
2026-08-21T01:53:59Z,2026-08-21T03:53:59+0200,dab098cd-e140-4c97-b435-f000c3ac97ba,2026-08-07T18:00:00Z,2026-08-07T20:00:00+0200,2289.31,MW,FR,FR,actual_solar_generation,Solar,2026-08-21T01:55:25Z
2026-08-21T01:53:59Z,2026-08-21T03:53:59+0200,dab098cd-e140-4c97-b435-f000c3ac97ba,2026-08-07T18:15:00Z,2026-08-07T20:15:00+0200,1577.13,MW,FR,FR,actual_solar_generation,Solar,2026-08-21T01:55:25Z
2026-08-21T01:53:59Z,2026-08-21T03:53:59+0200,dab098cd-e140-4c97-b435-f000c3ac97ba,2026-08-07T18:30:00Z,2026-08-07T20:30:00+0200,1090.02,MW,FR,FR,actual_solar_generation,Solar,2026-08-21T01:55:25Z
2026-08-21T01:53:59Z,2026-08-21T03:53:59+0200,dab098cd-e140-4c97-b435-f000c3ac97ba,2026-08-07T18:45:00Z,2026-08-07T20:45:00+0200,738.91,MW,FR,FR,actual_solar_generation,Solar,2026-08-21T01:55:25Z
2026-08-21T01:53:59Z,2026-08-21T03:53:59+0200,dab098cd-e140-4c97-b435-f000c3ac97ba,2026-08-07T19:00:00Z,2026-08-07T21:00:00+0200,454.96,MW,FR,FR,actual_solar_generation,Solar,2026-08-21T01:55:25Z
2026-08-21T01:53:59Z,2026-08-21T03:53:59+0200,dab098cd-e140-4c97-b435-f000c3ac97ba,2026-08-07T19:15:00Z,2026-08-07T21:15:00+0200,310.84,MW,FR,FR,actual_solar_generation,Solar,2026-08-21T01:55:25Z
2026-08-21T01:53:59Z,2026-08-21T03:53:59+0200,dab098cd-e140-4c97-b435-f000c3ac97ba,2026-08-07T19:30:00Z,2026-08-07T21:30:00+0200,269.44,MW,FR,FR,actual_solar_generation,Solar,2026-08-21T01:55:25Z
2026-08-21T01:53:59Z,2026-08-21T03:53:59+0200,dab098cd-e140-4c97-b435-f000c3ac97ba,2026-08-07T19:45:00Z,2026-08-07T21:45:00+0200,262.19,MW,FR,FR,actual_solar_generation,Solar,2026-08-21T01:55:25Z
2026-08-21T01:53:59Z,2026-08-21T03:53:59+0200,dab098cd-e140-4c97-b435-f000c3ac97ba,2026-08-07T20:00:00Z,2026-08-07T22:00:00+0200,261.54,MW,FR,FR,actual_solar_generation,Solar,2026-08-21T01:55:25Z
2026-08-21T01:53:59Z,2026-08-21T03:53:59+0200,dab098cd-e140-4c97-b435-f000c3ac97ba,2026-08-07T20:15:00Z,2026-08-07T22:15:00+0200,257.19,MW,FR,FR,actual_solar_generation,Solar,2026-08-21T01:55:25Z
2026-08-21T01:53:59Z,2026-08-21T03:53:59+0200,dab098cd-e140-4c97-b435-f000c3ac97ba,2026-08-07T20:30:00Z,2026-08-07T22:30:00+0200,258.73,MW,FR,FR,actual_solar_generation,Solar,2026-08-21T01:55:25Z
2026-08-21T01:53:59Z,2026-08-21T03:53:59+0200,dab098cd-e140-4c97-b435-f000c3ac97ba,2026-08-07T20:45:00Z,2026-08-07T22:45:00+0200,257.83,MW,FR,FR,actual_solar_generation,Solar,2026-08-21T01:55:25Z
2026-08-21T01:53:59Z,2026-08-21T03:53:59+0200,dab098cd-e140-4c97-b435-f000c3ac97ba,2026-08-07T21:00:00Z,2026-08-07T23:00:00+0200,0.0,MW,FR,FR,actual_solar_generation,Solar,2026-08-21T01:55:25Z
2026-08-21T01:53:59Z,2026-08-21T03:53:59+0200,dab098cd-e140-4c97-b435-f000c3ac97ba,2026-08-07T21:15:00Z,2026-08-07T23:15:00+0200,0.0,MW,FR,FR,actual_solar_generation,Solar,2026-08-21T01:55:25Z
2026-08-21T01:53:59Z,2026-08-21T03:53:59+0200,dab098cd-e140-4c97-b435-f000c3ac97ba,2026-08-07T21:30:00Z,2026-08-07T23:30:00+0200,0.0,MW,FR,FR,actual_solar_generation,Solar,2026-08-21T01:55:25Z
2026-08-21T01:53:59Z,2026-08-21T03:53:59+0200,dab098cd-e140-4c97-b435-f000c3ac97ba,2026-08-07T21:45:00Z,2026-08-07T23:45:00+0200,0.0,MW,FR,FR,actual_solar_generation,Solar,2026-08-21T01:55:25Z
2026-08-21T01:53:59Z,2026-08-21T03:53:59+0200,dab098cd-e140-4c97-b435-f000c3ac97ba,2026-08-07T22:00:00Z,2026-08-08T00:00:00+0200,0.0,MW,FR,FR,actual_solar_generation,Solar,2026-08-21T01:55:25Z
2026-08-21T01:53:59Z,2026-08-21T03:53:59+0200,dab098cd-e140-4c97-b435-f000c3ac97ba,2026-08-07T22:15:00Z,2026-08-08T00:15:00+0200,0.0,MW,FR,FR,actual_solar_generation,Solar,2026-08-21T01:55:25Z
2026-08-21T01:53:59Z,2026-08-21T03:53:59+0200,dab098cd-e140-4c97-b435-f000c3ac97ba,2026-08-07T22:30:00Z,2026-08-08T00:30:00+0200,0.0,MW,FR,FR,actual_solar_generation,Solar,2026-08-21T01:55:25Z
2026-08-21T01:53:59Z,2026-08-21T03:53:59+0200,dab098cd-e140-4c97-b435-f000c3ac97ba,2026-08-07T22:45:00Z,2026-08-08T00:45:00+0200,0.0,MW,FR,FR,actual_solar_generation,Solar,2026-08-21T01:55:25Z
2026-08-21T01:53:59Z,2026-08-21T03:53:59+0200,dab098cd-e140-4c97-b435-f000c3ac97ba,2026-08-07T23:00:00Z,2026-08-08T01:00:00+0200,0.0,MW,FR,FR,actual_solar_generation,Solar,2026-08-21T01:55:25Z
2026-08-21T01:53:59Z,2026-08-21T03:53:59+0200,dab098cd-e140-4c97-b435-f000c3ac97ba,2026-08-07T23:15:00Z,2026-08-08T01:15:00+0200,0.0,MW,FR,FR,actual_solar_generation,Solar,2026-08-21T01:55:25Z
2026-08-21T01:53:59Z,2026-08-21T03:53:59+0200,dab098cd-e140-4c97-b435-f000c3ac97ba,2026-08-07T23:30:00Z,2026-08-08T01:30:00+0200,0.0,MW,FR,FR,actual_solar_generation,Solar,2026-08-21T01:55:25Z
2026-08-21T01:53:59Z,2026-08-21T03:53:59+0200,dab098cd-e140-4c97-b435-f000c3ac97ba,2026-08-07T23:45:00Z,2026-08-08T01:45:00+0200,0.0,MW,FR,FR,actual_solar_generation,Solar,2026-08-21T01:55:25Z
2026-08-21T01:53:59Z,2026-08-21T03:53:59+0200,dab098cd-e140-4c97-b435-f000c3ac97ba,2026-08-08T00:00:00Z,2026-08-08T02:00:00+0200,0.0,MW,FR,FR,actual_solar_generation,Solar,2026-08-21T01:55:25Z
2026-08-21T01:53:59Z,2026-08-21T03:53:59+0200,dab098cd-e140-4c97-b435-f000c3ac97ba,2026-08-08T00:15:00Z,2026-08-08T02:15:00+0200,0.0,MW,FR,FR,actual_solar_generation,Solar,2026-08-21T01:55:25Z
2026-08-21T01:53:59Z,2026-08-21T03:53:59+0200,dab098cd-e140-4c97-b435-f000c3ac97ba,2026-08-08T00:30:00Z,2026-08-08T02:30:00+0200,0.0,MW,FR,FR,actual_solar_generation,Solar,2026-08-21T01:55:25Z
2026-08-21T01:53:59Z,2026-08-21T03:53:59+0200,dab098cd-e140-4c97-b435-f000c3ac97ba,2026-08-08T00:45:00Z,2026-08-08T02:45:00+0200,0.0,MW,FR,FR,actual_solar_generation,Solar,2026-08-21T01:55:25Z
2026-08-21T01:53:59Z,2026-08-21T03:53:59+0200,dab098cd-e140-4c97-b435-f000c3ac97ba,2026-08-08T01:00:00Z,2026-08-08T03:00:00+0200,0.0,MW,FR,FR,actual_solar_generation,Solar,2026-08-21T01:55:25Z
2026-08-21T01:53:59Z,2026-08-21T03:53:59+0200,dab098cd-e140-4c97-b435-f000c3ac97ba,2026-08-08T01:15:00Z,2026-08-08T03:15:00+0200,0.0,MW,FR,FR,actual_solar_generation,Solar,2026-08-21T01:55:25Z
2026-08-21T01:53:59Z,2026-08-21T03:53:59+0200,dab098cd-e140-4c97-b435-f000c3ac97ba,2026-08-08T01:30:00Z,2026-08-08T03:30:00+0200,0.0,MW,FR,FR,actual_solar_generation,Solar,2026-08-21T01:55:25Z
2026-08-21T01:53:59Z,2026-08-21T03:53:59+0200,dab098cd-e140-4c97-b435-f000c3ac97ba,2026-08-08T01:45:00Z,2026-08-08T03:45:00+0200,0.0,MW,FR,FR,actual_solar_generation,Solar,2026-08-21T01:55:25Z
2026-08-21T01:53:59Z,2026-08-21T03:53:59+0200,dab098cd-e140-4c97-b435-f000c3ac97ba,2026-08-08T02:00:00Z,2026-08-08T04:00:00+0200,0.0,MW,FR,FR,actual_solar_generation,Solar,2026-08-21T01:55:25Z
2026-08-21T01:53:59Z,2026-08-21T03:53:59+0200,dab098cd-e140-4c97-b435-f000c3ac97ba,2026-08-08T02:15:00Z,2026-08-08T04:15:00+0200,0.0,MW,FR,FR,actual_solar_generation,Solar,2026-08-21T01:55:25Z
2026-08-21T01:53:59Z,2026-08-21T03:53:59+0200,dab098cd-e140-4c97-b435-f000c3ac97ba,2026-08-08T02:30:00Z,2026-08-08T04:30:00+0200,0.0,MW,FR,FR,actual_solar_generation,Solar,2026-08-21T01:55:25Z
2026-08-21T01:53:59Z,2026-08-21T03:53:59+0200,dab098cd-e140-4c97-b435-f000c3ac97ba,2026-08-08T02:45:00Z,2026-08-08T04:45:00+0200,0.0,MW,FR,FR,actual_solar_generation,Solar,2026-08-21T01:55:25Z
2026-08-21T01:53:59Z,2026-08-21T03:53:59+0200,dab098cd-e140-4c97-b435-f000c3ac97ba,2026-08-08T03:00:00Z,2026-08-08T05:00:00+0200,0.0,MW,FR,FR,actual_solar_generation,Solar,2026-08-21T01:55:25Z
2026-08-21T01:53:59Z,2026-08-21T03:53:59+0200,dab098cd-e140-4c97-b435-f000c3ac97ba,2026-08-08T03:15:00Z,2026-08-08T05:15:00+0200,0.0,MW,FR,FR,actual_solar_generation,Solar,2026-08-21T01:55:25Z
2026-08-21T01:53:59Z,2026-08-21T03:53:59+0200,dab098cd-e140-4c97-b435-f000c3ac97ba,2026-08-08T03:30:00Z,2026-08-08T05:30:00+0200,0.0,MW,FR,FR,actual_solar_generation,Solar,2026-08-21T01:55:25Z
2026-08-21T01:53:59Z,2026-08-21T03:53:59+0200,dab098cd-e140-4c97-b435-f000c3ac97ba,2026-08-08T03:45:00Z,2026-08-08T05:45:00+0200,0.0,MW,FR,FR,actual_solar_generation,Solar,2026-08-21T01:55:25Z
2026-08-21T01:53:59Z,2026-08-21T03:53:59+0200,dab098cd-e140-4c97-b435-f000c3ac97ba,2026-08-08T04:00:00Z,2026-08-08T06:00:00+0200,257.11,MW,FR,FR,actual_solar_generation,Solar,2026-08-21T01:55:25Z
2026-08-21T01:53:59Z,2026-08-21T03:53:59+0200,dab098cd-e140-4c97-b435-f000c3ac97ba,2026-08-08T04:15:00Z,2026-08-08T06:15:00+0200,276.01,MW,FR,FR,actual_solar_generation,Solar,2026-08-21T01:55:25Z
2026-08-21T01:53:59Z,2026-08-21T03:53:59+0200,dab098cd-e140-4c97-b435-f000c3ac97ba,2026-08-08T04:30:00Z,2026-08-08T06:30:00+0200,328.59,MW,FR,FR,actual_solar_generation,Solar,2026-08-21T01:55:25Z
2026-08-21T01:53:59Z,2026-08-21T03:53:59+0200,dab098cd-e140-4c97-b435-f000c3ac97ba,2026-08-08T04:45:00Z,2026-08-08T06:45:00+0200,467.31,MW,FR,FR,actual_solar_generation,Solar,2026-08-21T01:55:25Z
2026-08-21T01:53:59Z,2026-08-21T03:53:59+0200,dab098cd-e140-4c97-b435-f000c3ac97ba,2026-08-08T05:00:00Z,2026-08-08T07:00:00+0200,663.85,MW,FR,FR,actual_solar_generation,Solar,2026-08-21T01:55:25Z
2026-08-21T01:53:59Z,2026-08-21T03:53:59+0200,dab098cd-e140-4c97-b435-f000c3ac97ba,2026-08-08T05:15:00Z,2026-08-08T07:15:00+0200,926.39,MW,FR,FR,actual_solar_generation,Solar,2026-08-21T01:55:25Z
2026-08-21T01:53:59Z,2026-08-21T03:53:59+0200,dab098cd-e140-4c97-b435-f000c3ac97ba,2026-08-08T05:30:00Z,2026-08-08T07:30:00+0200,1387.37,MW,FR,FR,actual_solar_generation,Solar,2026-08-21T01:55:25Z
2026-08-21T01:53:59Z,2026-08-21T03:53:59+0200,dab098cd-e140-4c97-b435-f000c3ac97ba,2026-08-08T05:45:00Z,2026-08-08T07:45:00+0200,2117.31,MW,FR,FR,actual_solar_generation,Solar,2026-08-21T01:55:25Z
2026-08-21T01:53:59Z,2026-08-21T03:53:59+0200,dab098cd-e140-4c97-b435-f000c3ac97ba,2026-08-08T06:00:00Z,2026-08-08T08:00:00+0200,3082.09,MW,FR,FR,actual_solar_generation,Solar,2026-08-21T01:55:25Z
2026-08-21T01:53:59Z,2026-08-21T03:53:59+0200,dab098cd-e140-4c97-b435-f000c3ac97ba,2026-08-08T06:15:00Z,2026-08-08T08:15:00+0200,4146.24,MW,FR,FR,actual_solar_generation,Solar,2026-08-21T01:55:25Z
2026-08-21T01:53:59Z,2026-08-21T03:53:59+0200,dab098cd-e140-4c97-b435-f000c3ac97ba,2026-08-08T06:30:00Z,2026-08-08T08:30:00+0200,5246.12,MW,FR,FR,actual_solar_generation,Solar,2026-08-21T01:55:25Z
2026-08-21T01:53:59Z,2026-08-21T03:53:59+0200,dab098cd-e140-4c97-b435-f000c3ac97ba,2026-08-08T06:45:00Z,2026-08-08T08:45:00+0200,6586.18,MW,FR,FR,actual_solar_generation,Solar,2026-08-21T01:55:25Z
2026-08-21T01:53:59Z,2026-08-21T03:53:59+0200,dab098cd-e140-4c97-b435-f000c3ac97ba,2026-08-08T07:00:00Z,2026-08-08T09:00:00+0200,7875.54,MW,FR,FR,actual_solar_generation,Solar,2026-08-21T01:55:25Z
2026-08-21T01:53:59Z,2026-08-21T03:53:59+0200,dab098cd-e140-4c97-b435-f000c3ac97ba,2026-08-08T07:15:00Z,2026-08-08T09:15:00+0200,9263.89,MW,FR,FR,actual_solar_generation,Solar,2026-08-21T01:55:25Z
2026-08-21T01:53:59Z,2026-08-21T03:53:59+0200,dab098cd-e140-4c97-b435-f000c3ac97ba,2026-08-08T07:30:00Z,2026-08-08T09:30:00+0200,10707.74,MW,FR,FR,actual_solar_generation,Solar,2026-08-21T01:55:25Z
2026-08-21T01:53:59Z,2026-08-21T03:53:59+0200,dab098cd-e140-4c97-b435-f000c3ac97ba,2026-08-08T07:45:00Z,2026-08-08T09:45:00+0200,12149.7,MW,FR,FR,actual_solar_generation,Solar,2026-08-21T01:55:25Z
2026-08-21T01:53:59Z,2026-08-21T03:53:59+0200,dab098cd-e140-4c97-b435-f000c3ac97ba,2026-08-08T08:00:00Z,2026-08-08T10:00:00+0200,13405.96,MW,FR,FR,actual_solar_generation,Solar,2026-08-21T01:55:25Z
2026-08-21T01:53:59Z,2026-08-21T03:53:59+0200,dab098cd-e140-4c97-b435-f000c3ac97ba,2026-08-08T08:15:00Z,2026-08-08T10:15:00+0200,14739.01,MW,FR,FR,actual_solar_generation,Solar,2026-08-21T01:55:25Z
2026-08-21T01:53:59Z,2026-08-21T03:53:59+0200,dab098cd-e140-4c97-b435-f000c3ac97ba,2026-08-08T08:30:00Z,2026-08-08T10:30:00+0200,15790.04,MW,FR,FR,actual_solar_generation,Solar,2026-08-21T01:55:25Z
2026-08-21T01:53:59Z,2026-08-21T03:53:59+0200,dab098cd-e140-4c97-b435-f000c3ac97ba,2026-08-08T08:45:00Z,2026-08-08T10:45:00+0200,15193.5,MW,FR,FR,actual_solar_generation,Solar,2026-08-21T01:55:25Z
2026-08-21T01:53:59Z,2026-08-21T03:53:59+0200,dab098cd-e140-4c97-b435-f000c3ac97ba,2026-08-08T09:00:00Z,2026-08-08T11:00:00+0200,13350.22,MW,FR,FR,actual_solar_generation,Solar,2026-08-21T01:55:25Z
2026-08-21T01:53:59Z,2026-08-21T03:53:59+0200,dab098cd-e140-4c97-b435-f000c3ac97ba,2026-08-08T09:15:00Z,2026-08-08T11:15:00+0200,14556.51,MW,FR,FR,actual_solar_generation,Solar,2026-08-21T01:55:25Z
2026-08-21T01:53:59Z,2026-08-21T03:53:59+0200,dab098cd-e140-4c97-b435-f000c3ac97ba,2026-08-08T09:30:00Z,2026-08-08T11:30:00+0200,14902.83,MW,FR,FR,actual_solar_generation,Solar,2026-08-21T01:55:25Z
2026-08-21T01:53:59Z,2026-08-21T03:53:59+0200,dab098cd-e140-4c97-b435-f000c3ac97ba,2026-08-08T09:45:00Z,2026-08-08T11:45:00+0200,14268.55,MW,FR,FR,actual_solar_generation,Solar,2026-08-21T01:55:25Z
2026-08-21T01:53:59Z,2026-08-21T03:53:59+0200,dab098cd-e140-4c97-b435-f000c3ac97ba,2026-08-08T10:00:00Z,2026-08-08T12:00:00+0200,12628.51,MW,FR,FR,actual_solar_generation,Solar,2026-08-21T01:55:25Z
2026-08-21T01:53:59Z,2026-08-21T03:53:59+0200,dab098cd-e140-4c97-b435-f000c3ac97ba,2026-08-08T10:15:00Z,2026-08-08T12:15:00+0200,12585.32,MW,FR,FR,actual_solar_generation,Solar,2026-08-21T01:55:25Z
2026-08-21T01:53:59Z,2026-08-21T03:53:59+0200,dab098cd-e140-4c97-b435-f000c3ac97ba,2026-08-08T10:30:00Z,2026-08-08T12:30:00+0200,12750.53,MW,FR,FR,actual_solar_generation,Solar,2026-08-21T01:55:25Z
2026-08-21T01:53:59Z,2026-08-21T03:53:59+0200,dab098cd-e140-4c97-b435-f000c3ac97ba,2026-08-08T10:45:00Z,2026-08-08T12:45:00+0200,12951.41,MW,FR,FR,actual_solar_generation,Solar,2026-08-21T01:55:25Z
2026-08-21T01:53:59Z,2026-08-21T03:53:59+0200,dab098cd-e140-4c97-b435-f000c3ac97ba,2026-08-08T11:00:00Z,2026-08-08T13:00:00+0200,12993.97,MW,FR,FR,actual_solar_generation,Solar,2026-08-21T01:55:25Z
2026-08-21T01:53:59Z,2026-08-21T03:53:59+0200,dab098cd-e140-4c97-b435-f000c3ac97ba,2026-08-08T11:15:00Z,2026-08-08T13:15:00+0200,13069.29,MW,FR,FR,actual_solar_generation,Solar,2026-08-21T01:55:25Z
2026-08-21T01:53:59Z,2026-08-21T03:53:59+0200,dab098cd-e140-4c97-b435-f000c3ac97ba,2026-08-08T11:30:00Z,2026-08-08T13:30:00+0200,13161.75,MW,FR,FR,actual_solar_generation,Solar,2026-08-21T01:55:25Z
2026-08-21T01:53:59Z,2026-08-21T03:53:59+0200,dab098cd-e140-4c97-b435-f000c3ac97ba,2026-08-08T11:45:00Z,2026-08-08T13:45:00+0200,13106.12,MW,FR,FR,actual_solar_generation,Solar,2026-08-21T01:55:25Z
2026-08-21T01:53:59Z,2026-08-21T03:53:59+0200,dab098cd-e140-4c97-b435-f000c3ac97ba,2026-08-08T12:00:00Z,2026-08-08T14:00:00+0200,13050.27,MW,FR,FR,actual_solar_generation,Solar,2026-08-21T01:55:25Z
2026-08-21T01:53:59Z,2026-08-21T03:53:59+0200,dab098cd-e140-4c97-b435-f000c3ac97ba,2026-08-08T12:15:00Z,2026-08-08T14:15:00+0200,13046.12,MW,FR,FR,actual_solar_generation,Solar,2026-08-21T01:55:25Z
2026-08-21T01:53:59Z,2026-08-21T03:53:59+0200,dab098cd-e140-4c97-b435-f000c3ac97ba,2026-08-08T12:30:00Z,2026-08-08T14:30:00+0200,12877.55,MW,FR,FR,actual_solar_generation,Solar,2026-08-21T01:55:25Z
2026-08-21T01:53:59Z,2026-08-21T03:53:59+0200,dab098cd-e140-4c97-b435-f000c3ac97ba,2026-08-08T12:45:00Z,2026-08-08T14:45:00+0200,13309.62,MW,FR,FR,actual_solar_generation,Solar,2026-08-21T01:55:25Z
2026-08-21T01:53:59Z,2026-08-21T03:53:59+0200,dab098cd-e140-4c97-b435-f000c3ac97ba,2026-08-08T13:00:00Z,2026-08-08T15:00:00+0200,13950.92,MW,FR,FR,actual_solar_generation,Solar,2026-08-21T01:55:25Z
2026-08-21T01:53:59Z,2026-08-21T03:53:59+0200,dab098cd-e140-4c97-b435-f000c3ac97ba,2026-08-08T13:15:00Z,2026-08-08T15:15:00+0200,14691.14,MW,FR,FR,actual_solar_generation,Solar,2026-08-21T01:55:25Z
2026-08-21T01:53:59Z,2026-08-21T03:53:59+0200,dab098cd-e140-4c97-b435-f000c3ac97ba,2026-08-08T13:30:00Z,2026-08-08T15:30:00+0200,14969.97,MW,FR,FR,actual_solar_generation,Solar,2026-08-21T01:55:25Z
2026-08-21T01:53:59Z,2026-08-21T03:53:59+0200,dab098cd-e140-4c97-b435-f000c3ac97ba,2026-08-08T13:45:00Z,2026-08-08T15:45:00+0200,14913.38,MW,FR,FR,actual_solar_generation,Solar,2026-08-21T01:55:25Z
2026-08-21T01:53:59Z,2026-08-21T03:53:59+0200,dab098cd-e140-4c97-b435-f000c3ac97ba,2026-08-08T14:00:00Z,2026-08-08T16:00:00+0200,14520.19,MW,FR,FR,actual_solar_generation,Solar,2026-08-21T01:55:25Z
2026-08-21T01:53:59Z,2026-08-21T03:53:59+0200,dab098cd-e140-4c97-b435-f000c3ac97ba,2026-08-08T14:15:00Z,2026-08-08T16:15:00+0200,13912.05,MW,FR,FR,actual_solar_generation,Solar,2026-08-21T01:55:25Z
2026-08-21T01:53:59Z,2026-08-21T03:53:59+0200,dab098cd-e140-4c97-b435-f000c3ac97ba,2026-08-08T14:30:00Z,2026-08-08T16:30:00+0200,15645.66,MW,FR,FR,actual_solar_generation,Solar,2026-08-21T01:55:25Z
2026-08-21T01:53:59Z,2026-08-21T03:53:59+0200,dab098cd-e140-4c97-b435-f000c3ac97ba,2026-08-08T14:45:00Z,2026-08-08T16:45:00+0200,16068.48,MW,FR,FR,actual_solar_generation,Solar,2026-08-21T01:55:25Z
2026-08-21T01:53:59Z,2026-08-21T03:53:59+0200,dab098cd-e140-4c97-b435-f000c3ac97ba,2026-08-08T15:00:00Z,2026-08-08T17:00:00+0200,15017.34,MW,FR,FR,actual_solar_generation,Solar,2026-08-21T01:55:25Z
2026-08-21T01:53:59Z,2026-08-21T03:53:59+0200,dab098cd-e140-4c97-b435-f000c3ac97ba,2026-08-08T15:15:00Z,2026-08-08T17:15:00+0200,14019.52,MW,FR,FR,actual_solar_generation,Solar,2026-08-21T01:55:25Z
2026-08-21T01:53:59Z,2026-08-21T03:53:59+0200,dab098cd-e140-4c97-b435-f000c3ac97ba,2026-08-08T15:30:00Z,2026-08-08T17:30:00+0200,12947.84,MW,FR,FR,actual_solar_generation,Solar,2026-08-21T01:55:25Z
2026-08-21T01:53:59Z,2026-08-21T03:53:59+0200,dab098cd-e140-4c97-b435-f000c3ac97ba,2026-08-08T15:45:00Z,2026-08-08T17:45:00+0200,11818.71,MW,FR,FR,actual_solar_generation,Solar,2026-08-21T01:55:25Z
2026-08-21T01:53:59Z,2026-08-21T03:53:59+0200,dab098cd-e140-4c97-b435-f000c3ac97ba,2026-08-08T16:00:00Z,2026-08-08T18:00:00+0200,10653.92,MW,FR,FR,actual_solar_generation,Solar,2026-08-21T01:55:25Z
2026-08-21T01:53:59Z,2026-08-21T03:53:59+0200,dab098cd-e140-4c97-b435-f000c3ac97ba,2026-08-08T16:15:00Z,2026-08-08T18:15:00+0200,9474.23,MW,FR,FR,actual_solar_generation,Solar,2026-08-21T01:55:25Z
2026-08-21T01:53:59Z,2026-08-21T03:53:59+0200,dab098cd-e140-4c97-b435-f000c3ac97ba,2026-08-08T16:30:00Z,2026-08-08T18:30:00+0200,8299.19,MW,FR,FR,actual_solar_generation,Solar,2026-08-21T01:55:25Z
2026-08-21T01:53:59Z,2026-08-21T03:53:59+0200,dab098cd-e140-4c97-b435-f000c3ac97ba,2026-08-08T16:45:00Z,2026-08-08T18:45:00+0200,7060.3,MW,FR,FR,actual_solar_generation,Solar,2026-08-21T01:55:25Z
2026-08-21T01:53:59Z,2026-08-21T03:53:59+0200,dab098cd-e140-4c97-b435-f000c3ac97ba,2026-08-08T17:00:00Z,2026-08-08T19:00:00+0200,5803.93,MW,FR,FR,actual_solar_generation,Solar,2026-08-21T01:55:25Z
2026-08-21T01:53:59Z,2026-08-21T03:53:59+0200,dab098cd-e140-4c97-b435-f000c3ac97ba,2026-08-08T17:15:00Z,2026-08-08T19:15:00+0200,4661.73,MW,FR,FR,actual_solar_generation,Solar,2026-08-21T01:55:25Z
2026-08-21T01:53:59Z,2026-08-21T03:53:59+0200,dab098cd-e140-4c97-b435-f000c3ac97ba,2026-08-08T17:30:00Z,2026-08-08T19:30:00+0200,3628.58,MW,FR,FR,actual_solar_generation,Solar,2026-08-21T01:55:25Z
2026-08-21T01:53:59Z,2026-08-21T03:53:59+0200,dab098cd-e140-4c97-b435-f000c3ac97ba,2026-08-08T17:45:00Z,2026-08-08T19:45:00+0200,2802.44,MW,FR,FR,actual_solar_generation,Solar,2026-08-21T01:55:25Z
2026-08-21T01:53:59Z,2026-08-21T03:53:59+0200,dab098cd-e140-4c97-b435-f000c3ac97ba,2026-08-08T18:00:00Z,2026-08-08T20:00:00+0200,2031.91,MW,FR,FR,actual_solar_generation,Solar,2026-08-21T01:55:25Z
2026-08-21T01:53:59Z,2026-08-21T03:53:59+0200,dab098cd-e140-4c97-b435-f000c3ac97ba,2026-08-08T18:15:00Z,2026-08-08T20:15:00+0200,1408.3,MW,FR,FR,actual_solar_generation,Solar,2026-08-21T01:55:25Z
2026-08-21T01:53:59Z,2026-08-21T03:53:59+0200,dab098cd-e140-4c97-b435-f000c3ac97ba,2026-08-08T18:30:00Z,2026-08-08T20:30:00+0200,974.49,MW,FR,FR,actual_solar_generation,Solar,2026-08-21T01:55:25Z
2026-08-21T01:53:59Z,2026-08-21T03:53:59+0200,dab098cd-e140-4c97-b435-f000c3ac97ba,2026-08-08T18:45:00Z,2026-08-08T20:45:00+0200,670.06,MW,FR,FR,actual_solar_generation,Solar,2026-08-21T01:55:25Z
2026-08-21T01:53:59Z,2026-08-21T03:53:59+0200,dab098cd-e140-4c97-b435-f000c3ac97ba,2026-08-08T19:00:00Z,2026-08-08T21:00:00+0200,443.08,MW,FR,FR,actual_solar_generation,Solar,2026-08-21T01:55:25Z
2026-08-21T01:53:59Z,2026-08-21T03:53:59+0200,dab098cd-e140-4c97-b435-f000c3ac97ba,2026-08-08T19:15:00Z,2026-08-08T21:15:00+0200,313.93,MW,FR,FR,actual_solar_generation,Solar,2026-08-21T01:55:25Z
2026-08-21T01:53:59Z,2026-08-21T03:53:59+0200,dab098cd-e140-4c97-b435-f000c3ac97ba,2026-08-08T19:30:00Z,2026-08-08T21:30:00+0200,282.95,MW,FR,FR,actual_solar_generation,Solar,2026-08-21T01:55:25Z
2026-08-21T01:53:59Z,2026-08-21T03:53:59+0200,dab098cd-e140-4c97-b435-f000c3ac97ba,2026-08-08T19:45:00Z,2026-08-08T21:45:00+0200,280.42,MW,FR,FR,actual_solar_generation,Solar,2026-08-21T01:55:25Z
2026-08-21T01:53:59Z,2026-08-21T03:53:59+0200,dab098cd-e140-4c97-b435-f000c3ac97ba,2026-08-08T20:00:00Z,2026-08-08T22:00:00+0200,282.2,MW,FR,FR,actual_solar_generation,Solar,2026-08-21T01:55:25Z
2026-08-21T01:53:59Z,2026-08-21T03:53:59+0200,dab098cd-e140-4c97-b435-f000c3ac97ba,2026-08-08T20:15:00Z,2026-08-08T22:15:00+0200,279.62,MW,FR,FR,actual_solar_generation,Solar,2026-08-21T01:55:25Z
2026-08-21T01:53:59Z,2026-08-21T03:53:59+0200,dab098cd-e140-4c97-b435-f000c3ac97ba,2026-08-08T20:30:00Z,2026-08-08T22:30:00+0200,280.97,MW,FR,FR,actual_solar_generation,Solar,2026-08-21T01:55:25Z
2026-08-21T01:53:59Z,2026-08-21T03:53:59+0200,dab098cd-e140-4c97-b435-f000c3ac97ba,2026-08-08T20:45:00Z,2026-08-08T22:45:00+0200,282.33,MW,FR,FR,actual_solar_generation,Solar,2026-08-21T01:55:25Z
2026-08-21T01:53:59Z,2026-08-21T03:53:59+0200,dab098cd-e140-4c97-b435-f000c3ac97ba,2026-08-08T21:00:00Z,2026-08-08T23:00:00+0200,0.0,MW,FR,FR,actual_solar_generation,Solar,2026-08-21T01:55:25Z
2026-08-21T01:53:59Z,2026-08-21T03:53:59+0200,dab098cd-e140-4c97-b435-f000c3ac97ba,2026-08-08T21:15:00Z,2026-08-08T23:15:00+0200,0.0,MW,FR,FR,actual_solar_generation,Solar,2026-08-21T01:55:25Z
2026-08-21T01:53:59Z,2026-08-21T03:53:59+0200,dab098cd-e140-4c97-b435-f000c3ac97ba,2026-08-08T21:30:00Z,2026-08-08T23:30:00+0200,0.0,MW,FR,FR,actual_solar_generation,Solar,2026-08-21T01:55:25Z
2026-08-21T01:53:59Z,2026-08-21T03:53:59+0200,dab098cd-e140-4c97-b435-f000c3ac97ba,2026-08-08T21:45:00Z,2026-08-08T23:45:00+0200,0.0,MW,FR,FR,actual_solar_generation,Solar,2026-08-21T01:55:25Z
2026-08-21T01:53:59Z,2026-08-21T03:53:59+0200,dab098cd-e140-4c97-b435-f000c3ac97ba,2026-08-08T22:00:00Z,2026-08-09T00:00:00+0200,0.0,MW,FR,FR,actual_solar_generation,Solar,2026-08-21T01:55:25Z
2026-08-21T01:53:59Z,2026-08-21T03:53:59+0200,dab098cd-e140-4c97-b435-f000c3ac97ba,2026-08-08T22:15:00Z,2026-08-09T00:15:00+0200,0.0,MW,FR,FR,actual_solar_generation,Solar,2026-08-21T01:55:25Z
2026-08-21T01:53:59Z,2026-08-21T03:53:59+0200,dab098cd-e140-4c97-b435-f000c3ac97ba,2026-08-08T22:30:00Z,2026-08-09T00:30:00+0200,0.0,MW,FR,FR,actual_solar_generation,Solar,2026-08-21T01:55:25Z
2026-08-21T01:53:59Z,2026-08-21T03:53:59+0200,dab098cd-e140-4c97-b435-f000c3ac97ba,2026-08-08T22:45:00Z,2026-08-09T00:45:00+0200,0.0,MW,FR,FR,actual_solar_generation,Solar,2026-08-21T01:55:25Z
2026-08-21T01:53:59Z,2026-08-21T03:53:59+0200,dab098cd-e140-4c97-b435-f000c3ac97ba,2026-08-08T23:00:00Z,2026-08-09T01:00:00+0200,0.0,MW,FR,FR,actual_solar_generation,Solar,2026-08-21T01:55:25Z
2026-08-21T01:53:59Z,2026-08-21T03:53:59+0200,dab098cd-e140-4c97-b435-f000c3ac97ba,2026-08-08T23:15:00Z,2026-08-09T01:15:00+0200,0.0,MW,FR,FR,actual_solar_generation,Solar,2026-08-21T01:55:25Z
2026-08-21T01:53:59Z,2026-08-21T03:53:59+0200,dab098cd-e140-4c97-b435-f000c3ac97ba,2026-08-08T23:30:00Z,2026-08-09T01:30:00+0200,0.0,MW,FR,FR,actual_solar_generation,Solar,2026-08-21T01:55:25Z
2026-08-21T01:53:59Z,2026-08-21T03:53:59+0200,dab098cd-e140-4c97-b435-f000c3ac97ba,2026-08-08T23:45:00Z,2026-08-09T01:45:00+0200,0.0,MW,FR,FR,actual_solar_generation,Solar,2026-08-21T01:55:25Z
2026-08-21T01:53:59Z,2026-08-21T03:53:59+0200,dab098cd-e140-4c97-b435-f000c3ac97ba,2026-08-09T00:00:00Z,2026-08-09T02:00:00+0200,0.0,MW,FR,FR,actual_solar_generation,Solar,2026-08-21T01:55:25Z
2026-08-21T01:53:59Z,2026-08-21T03:53:59+0200,dab098cd-e140-4c97-b435-f000c3ac97ba,2026-08-09T00:15:00Z,2026-08-09T02:15:00+0200,0.0,MW,FR,FR,actual_solar_generation,Solar,2026-08-21T01:55:25Z
2026-08-21T01:53:59Z,2026-08-21T03:53:59+0200,dab098cd-e140-4c97-b435-f000c3ac97ba,2026-08-09T00:30:00Z,2026-08-09T02:30:00+0200,0.0,MW,FR,FR,actual_solar_generation,Solar,2026-08-21T01:55:25Z
2026-08-21T01:53:59Z,2026-08-21T03:53:59+0200,dab098cd-e140-4c97-b435-f000c3ac97ba,2026-08-09T00:45:00Z,2026-08-09T02:45:00+0200,0.0,MW,FR,FR,actual_solar_generation,Solar,2026-08-21T01:55:25Z
2026-08-21T01:53:59Z,2026-08-21T03:53:59+0200,dab098cd-e140-4c97-b435-f000c3ac97ba,2026-08-09T01:00:00Z,2026-08-09T03:00:00+0200,0.0,MW,FR,FR,actual_solar_generation,Solar,2026-08-21T01:55:25Z
2026-08-21T01:53:59Z,2026-08-21T03:53:59+0200,dab098cd-e140-4c97-b435-f000c3ac97ba,2026-08-09T01:15:00Z,2026-08-09T03:15:00+0200,0.0,MW,FR,FR,actual_solar_generation,Solar,2026-08-21T01:55:25Z
2026-08-21T01:53:59Z,2026-08-21T03:53:59+0200,dab098cd-e140-4c97-b435-f000c3ac97ba,2026-08-09T01:30:00Z,2026-08-09T03:30:00+0200,0.0,MW,FR,FR,actual_solar_generation,Solar,2026-08-21T01:55:25Z
2026-08-21T01:53:59Z,2026-08-21T03:53:59+0200,dab098cd-e140-4c97-b435-f000c3ac97ba,2026-08-09T01:45:00Z,2026-08-09T03:45:00+0200,0.0,MW,FR,FR,actual_solar_generation,Solar,2026-08-21T01:55:25Z
2026-08-21T01:53:59Z,2026-08-21T03:53:59+0200,dab098cd-e140-4c97-b435-f000c3ac97ba,2026-08-09T02:00:00Z,2026-08-09T04:00:00+0200,0.0,MW,FR,FR,actual_solar_generation,Solar,2026-08-21T01:55:25Z
2026-08-21T01:53:59Z,2026-08-21T03:53:59+0200,dab098cd-e140-4c97-b435-f000c3ac97ba,2026-08-09T02:15:00Z,2026-08-09T04:15:00+0200,0.0,MW,FR,FR,actual_solar_generation,Solar,2026-08-21T01:55:25Z
2026-08-21T01:53:59Z,2026-08-21T03:53:59+0200,dab098cd-e140-4c97-b435-f000c3ac97ba,2026-08-09T02:30:00Z,2026-08-09T04:30:00+0200,0.0,MW,FR,FR,actual_solar_generation,Solar,2026-08-21T01:55:25Z
2026-08-21T01:53:59Z,2026-08-21T03:53:59+0200,dab098cd-e140-4c97-b435-f000c3ac97ba,2026-08-09T02:45:00Z,2026-08-09T04:45:00+0200,0.0,MW,FR,FR,actual_solar_generation,Solar,2026-08-21T01:55:25Z
2026-08-21T01:53:59Z,2026-08-21T03:53:59+0200,dab098cd-e140-4c97-b435-f000c3ac97ba,2026-08-09T03:00:00Z,2026-08-09T05:00:00+0200,0.0,MW,FR,FR,actual_solar_generation,Solar,2026-08-21T01:55:25Z
2026-08-21T01:53:59Z,2026-08-21T03:53:59+0200,dab098cd-e140-4c97-b435-f000c3ac97ba,2026-08-09T03:15:00Z,2026-08-09T05:15:00+0200,0.0,MW,FR,FR,actual_solar_generation,Solar,2026-08-21T01:55:25Z
2026-08-21T01:53:59Z,2026-08-21T03:53:59+0200,dab098cd-e140-4c97-b435-f000c3ac97ba,2026-08-09T03:30:00Z,2026-08-09T05:30:00+0200,0.0,MW,FR,FR,actual_solar_generation,Solar,2026-08-21T01:55:25Z
2026-08-21T01:53:59Z,2026-08-21T03:53:59+0200,dab098cd-e140-4c97-b435-f000c3ac97ba,2026-08-09T03:45:00Z,2026-08-09T05:45:00+0200,0.0,MW,FR,FR,actual_solar_generation,Solar,2026-08-21T01:55:25Z
2026-08-21T01:53:59Z,2026-08-21T03:53:59+0200,dab098cd-e140-4c97-b435-f000c3ac97ba,2026-08-09T04:00:00Z,2026-08-09T06:00:00+0200,269.53,MW,FR,FR,actual_solar_generation,Solar,2026-08-21T01:55:25Z
2026-08-21T01:53:59Z,2026-08-21T03:53:59+0200,dab098cd-e140-4c97-b435-f000c3ac97ba,2026-08-09T04:15:00Z,2026-08-09T06:15:00+0200,285.26,MW,FR,FR,actual_solar_generation,Solar,2026-08-21T01:55:25Z
2026-08-21T01:53:59Z,2026-08-21T03:53:59+0200,dab098cd-e140-4c97-b435-f000c3ac97ba,2026-08-09T04:30:00Z,2026-08-09T06:30:00+0200,330.42,MW,FR,FR,actual_solar_generation,Solar,2026-08-21T01:55:25Z
2026-08-21T01:53:59Z,2026-08-21T03:53:59+0200,dab098cd-e140-4c97-b435-f000c3ac97ba,2026-08-09T04:45:00Z,2026-08-09T06:45:00+0200,443.86,MW,FR,FR,actual_solar_generation,Solar,2026-08-21T01:55:25Z
2026-08-21T01:53:59Z,2026-08-21T03:53:59+0200,dab098cd-e140-4c97-b435-f000c3ac97ba,2026-08-09T05:00:00Z,2026-08-09T07:00:00+0200,597.32,MW,FR,FR,actual_solar_generation,Solar,2026-08-21T01:55:25Z
2026-08-21T01:53:59Z,2026-08-21T03:53:59+0200,dab098cd-e140-4c97-b435-f000c3ac97ba,2026-08-09T05:15:00Z,2026-08-09T07:15:00+0200,793.52,MW,FR,FR,actual_solar_generation,Solar,2026-08-21T01:55:25Z
2026-08-21T01:53:59Z,2026-08-21T03:53:59+0200,dab098cd-e140-4c97-b435-f000c3ac97ba,2026-08-09T05:30:00Z,2026-08-09T07:30:00+0200,1167.6,MW,FR,FR,actual_solar_generation,Solar,2026-08-21T01:55:25Z
2026-08-21T01:53:59Z,2026-08-21T03:53:59+0200,dab098cd-e140-4c97-b435-f000c3ac97ba,2026-08-09T05:45:00Z,2026-08-09T07:45:00+0200,1744.03,MW,FR,FR,actual_solar_generation,Solar,2026-08-21T01:55:25Z
2026-08-21T01:53:59Z,2026-08-21T03:53:59+0200,dab098cd-e140-4c97-b435-f000c3ac97ba,2026-08-09T06:00:00Z,2026-08-09T08:00:00+0200,2440.27,MW,FR,FR,actual_solar_generation,Solar,2026-08-21T01:55:25Z
2026-08-21T01:53:59Z,2026-08-21T03:53:59+0200,dab098cd-e140-4c97-b435-f000c3ac97ba,2026-08-09T06:15:00Z,2026-08-09T08:15:00+0200,3232.8,MW,FR,FR,actual_solar_generation,Solar,2026-08-21T01:55:25Z
2026-08-21T01:53:59Z,2026-08-21T03:53:59+0200,dab098cd-e140-4c97-b435-f000c3ac97ba,2026-08-09T06:30:00Z,2026-08-09T08:30:00+0200,4055.48,MW,FR,FR,actual_solar_generation,Solar,2026-08-21T01:55:25Z
2026-08-21T01:53:59Z,2026-08-21T03:53:59+0200,dab098cd-e140-4c97-b435-f000c3ac97ba,2026-08-09T06:45:00Z,2026-08-09T08:45:00+0200,4993.01,MW,FR,FR,actual_solar_generation,Solar,2026-08-21T01:55:25Z
2026-08-21T01:53:59Z,2026-08-21T03:53:59+0200,dab098cd-e140-4c97-b435-f000c3ac97ba,2026-08-09T07:00:00Z,2026-08-09T09:00:00+0200,5718.85,MW,FR,FR,actual_solar_generation,Solar,2026-08-21T01:55:25Z
2026-08-21T01:53:59Z,2026-08-21T03:53:59+0200,dab098cd-e140-4c97-b435-f000c3ac97ba,2026-08-09T07:15:00Z,2026-08-09T09:15:00+0200,6727.67,MW,FR,FR,actual_solar_generation,Solar,2026-08-21T01:55:25Z
2026-08-21T01:53:59Z,2026-08-21T03:53:59+0200,dab098cd-e140-4c97-b435-f000c3ac97ba,2026-08-09T07:30:00Z,2026-08-09T09:30:00+0200,7854.0,MW,FR,FR,actual_solar_generation,Solar,2026-08-21T01:55:25Z
2026-08-21T01:53:59Z,2026-08-21T03:53:59+0200,dab098cd-e140-4c97-b435-f000c3ac97ba,2026-08-09T07:45:00Z,2026-08-09T09:45:00+0200,8882.33,MW,FR,FR,actual_solar_generation,Solar,2026-08-21T01:55:25Z
2026-08-21T01:53:59Z,2026-08-21T03:53:59+0200,dab098cd-e140-4c97-b435-f000c3ac97ba,2026-08-09T08:00:00Z,2026-08-09T10:00:00+0200,10018.23,MW,FR,FR,actual_solar_generation,Solar,2026-08-21T01:55:25Z
2026-08-21T01:53:59Z,2026-08-21T03:53:59+0200,dab098cd-e140-4c97-b435-f000c3ac97ba,2026-08-09T08:15:00Z,2026-08-09T10:15:00+0200,11242.92,MW,FR,FR,actual_solar_generation,Solar,2026-08-21T01:55:25Z
2026-08-21T01:53:59Z,2026-08-21T03:53:59+0200,dab098cd-e140-4c97-b435-f000c3ac97ba,2026-08-09T08:30:00Z,2026-08-09T10:30:00+0200,12294.08,MW,FR,FR,actual_solar_generation,Solar,2026-08-21T01:55:25Z
2026-08-21T01:53:59Z,2026-08-21T03:53:59+0200,dab098cd-e140-4c97-b435-f000c3ac97ba,2026-08-09T08:45:00Z,2026-08-09T10:45:00+0200,13115.72,MW,FR,FR,actual_solar_generation,Solar,2026-08-21T01:55:25Z
2026-08-21T01:53:59Z,2026-08-21T03:53:59+0200,dab098cd-e140-4c97-b435-f000c3ac97ba,2026-08-09T09:00:00Z,2026-08-09T11:00:00+0200,12598.06,MW,FR,FR,actual_solar_generation,Solar,2026-08-21T01:55:25Z
2026-08-21T01:53:59Z,2026-08-21T03:53:59+0200,dab098cd-e140-4c97-b435-f000c3ac97ba,2026-08-09T09:15:00Z,2026-08-09T11:15:00+0200,11121.62,MW,FR,FR,actual_solar_generation,Solar,2026-08-21T01:55:25Z
2026-08-21T01:53:59Z,2026-08-21T03:53:59+0200,dab098cd-e140-4c97-b435-f000c3ac97ba,2026-08-09T09:30:00Z,2026-08-09T11:30:00+0200,12351.79,MW,FR,FR,actual_solar_generation,Solar,2026-08-21T01:55:25Z
2026-08-21T01:53:59Z,2026-08-21T03:53:59+0200,dab098cd-e140-4c97-b435-f000c3ac97ba,2026-08-09T09:45:00Z,2026-08-09T11:45:00+0200,12308.33,MW,FR,FR,actual_solar_generation,Solar,2026-08-21T01:55:25Z
2026-08-21T01:53:59Z,2026-08-21T03:53:59+0200,dab098cd-e140-4c97-b435-f000c3ac97ba,2026-08-09T10:00:00Z,2026-08-09T12:00:00+0200,12572.87,MW,FR,FR,actual_solar_generation,Solar,2026-08-21T01:55:25Z
2026-08-21T01:53:59Z,2026-08-21T03:53:59+0200,dab098cd-e140-4c97-b435-f000c3ac97ba,2026-08-09T10:15:00Z,2026-08-09T12:15:00+0200,12657.26,MW,FR,FR,actual_solar_generation,Solar,2026-08-21T01:55:25Z
2026-08-21T01:53:59Z,2026-08-21T03:53:59+0200,dab098cd-e140-4c97-b435-f000c3ac97ba,2026-08-09T10:30:00Z,2026-08-09T12:30:00+0200,12875.36,MW,FR,FR,actual_solar_generation,Solar,2026-08-21T01:55:25Z
2026-08-21T01:53:59Z,2026-08-21T03:53:59+0200,dab098cd-e140-4c97-b435-f000c3ac97ba,2026-08-09T10:45:00Z,2026-08-09T12:45:00+0200,13007.36,MW,FR,FR,actual_solar_generation,Solar,2026-08-21T01:55:25Z
2026-08-21T01:53:59Z,2026-08-21T03:53:59+0200,dab098cd-e140-4c97-b435-f000c3ac97ba,2026-08-09T11:00:00Z,2026-08-09T13:00:00+0200,12931.35,MW,FR,FR,actual_solar_generation,Solar,2026-08-21T01:55:25Z
2026-08-21T01:53:59Z,2026-08-21T03:53:59+0200,dab098cd-e140-4c97-b435-f000c3ac97ba,2026-08-09T11:15:00Z,2026-08-09T13:15:00+0200,13306.61,MW,FR,FR,actual_solar_generation,Solar,2026-08-21T01:55:25Z
2026-08-21T01:53:59Z,2026-08-21T03:53:59+0200,dab098cd-e140-4c97-b435-f000c3ac97ba,2026-08-09T11:30:00Z,2026-08-09T13:30:00+0200,13099.77,MW,FR,FR,actual_solar_generation,Solar,2026-08-21T01:55:25Z
2026-08-21T01:53:59Z,2026-08-21T03:53:59+0200,dab098cd-e140-4c97-b435-f000c3ac97ba,2026-08-09T11:45:00Z,2026-08-09T13:45:00+0200,13169.98,MW,FR,FR,actual_solar_generation,Solar,2026-08-21T01:55:25Z
2026-08-21T01:53:59Z,2026-08-21T03:53:59+0200,dab098cd-e140-4c97-b435-f000c3ac97ba,2026-08-09T12:00:00Z,2026-08-09T14:00:00+0200,13625.48,MW,FR,FR,actual_solar_generation,Solar,2026-08-21T01:55:25Z
2026-08-21T01:53:59Z,2026-08-21T03:53:59+0200,dab098cd-e140-4c97-b435-f000c3ac97ba,2026-08-09T12:15:00Z,2026-08-09T14:15:00+0200,13835.33,MW,FR,FR,actual_solar_generation,Solar,2026-08-21T01:55:25Z
2026-08-21T01:53:59Z,2026-08-21T03:53:59+0200,dab098cd-e140-4c97-b435-f000c3ac97ba,2026-08-09T12:30:00Z,2026-08-09T14:30:00+0200,13951.97,MW,FR,FR,actual_solar_generation,Solar,2026-08-21T01:55:25Z
2026-08-21T01:53:59Z,2026-08-21T03:53:59+0200,dab098cd-e140-4c97-b435-f000c3ac97ba,2026-08-09T12:45:00Z,2026-08-09T14:45:00+0200,13725.26,MW,FR,FR,actual_solar_generation,Solar,2026-08-21T01:55:25Z
2026-08-21T01:53:59Z,2026-08-21T03:53:59+0200,dab098cd-e140-4c97-b435-f000c3ac97ba,2026-08-09T13:00:00Z,2026-08-09T15:00:00+0200,13936.25,MW,FR,FR,actual_solar_generation,Solar,2026-08-21T01:55:25Z
2026-08-21T01:53:59Z,2026-08-21T03:53:59+0200,dab098cd-e140-4c97-b435-f000c3ac97ba,2026-08-09T13:15:00Z,2026-08-09T15:15:00+0200,14033.41,MW,FR,FR,actual_solar_generation,Solar,2026-08-21T01:55:25Z
2026-08-21T01:53:59Z,2026-08-21T03:53:59+0200,dab098cd-e140-4c97-b435-f000c3ac97ba,2026-08-09T13:30:00Z,2026-08-09T15:30:00+0200,13972.71,MW,FR,FR,actual_solar_generation,Solar,2026-08-21T01:55:25Z
2026-08-21T01:53:59Z,2026-08-21T03:53:59+0200,dab098cd-e140-4c97-b435-f000c3ac97ba,2026-08-09T13:45:00Z,2026-08-09T15:45:00+0200,15885.42,MW,FR,FR,actual_solar_generation,Solar,2026-08-21T01:55:25Z
2026-08-21T01:53:59Z,2026-08-21T03:53:59+0200,dab098cd-e140-4c97-b435-f000c3ac97ba,2026-08-09T14:00:00Z,2026-08-09T16:00:00+0200,17014.94,MW,FR,FR,actual_solar_generation,Solar,2026-08-21T01:55:25Z
2026-08-21T01:53:59Z,2026-08-21T03:53:59+0200,dab098cd-e140-4c97-b435-f000c3ac97ba,2026-08-09T14:15:00Z,2026-08-09T16:15:00+0200,16374.57,MW,FR,FR,actual_solar_generation,Solar,2026-08-21T01:55:25Z
2026-08-21T01:53:59Z,2026-08-21T03:53:59+0200,dab098cd-e140-4c97-b435-f000c3ac97ba,2026-08-09T14:30:00Z,2026-08-09T16:30:00+0200,15421.48,MW,FR,FR,actual_solar_generation,Solar,2026-08-21T01:55:25Z
2026-08-21T01:53:59Z,2026-08-21T03:53:59+0200,dab098cd-e140-4c97-b435-f000c3ac97ba,2026-08-09T14:45:00Z,2026-08-09T16:45:00+0200,14669.54,MW,FR,FR,actual_solar_generation,Solar,2026-08-21T01:55:25Z
2026-08-21T01:53:59Z,2026-08-21T03:53:59+0200,dab098cd-e140-4c97-b435-f000c3ac97ba,2026-08-09T15:00:00Z,2026-08-09T17:00:00+0200,14410.93,MW,FR,FR,actual_solar_generation,Solar,2026-08-21T01:55:25Z
2026-08-21T01:53:59Z,2026-08-21T03:53:59+0200,dab098cd-e140-4c97-b435-f000c3ac97ba,2026-08-09T15:15:00Z,2026-08-09T17:15:00+0200,13509.7,MW,FR,FR,actual_solar_generation,Solar,2026-08-21T01:55:25Z
2026-08-21T01:53:59Z,2026-08-21T03:53:59+0200,dab098cd-e140-4c97-b435-f000c3ac97ba,2026-08-09T15:30:00Z,2026-08-09T17:30:00+0200,12571.67,MW,FR,FR,actual_solar_generation,Solar,2026-08-21T01:55:25Z
2026-08-21T01:53:59Z,2026-08-21T03:53:59+0200,dab098cd-e140-4c97-b435-f000c3ac97ba,2026-08-09T15:45:00Z,2026-08-09T17:45:00+0200,11628.38,MW,FR,FR,actual_solar_generation,Solar,2026-08-21T01:55:25Z
2026-08-21T01:53:59Z,2026-08-21T03:53:59+0200,dab098cd-e140-4c97-b435-f000c3ac97ba,2026-08-09T16:00:00Z,2026-08-09T18:00:00+0200,10435.6,MW,FR,FR,actual_solar_generation,Solar,2026-08-21T01:55:25Z
2026-08-21T01:53:59Z,2026-08-21T03:53:59+0200,dab098cd-e140-4c97-b435-f000c3ac97ba,2026-08-09T16:15:00Z,2026-08-09T18:15:00+0200,9271.51,MW,FR,FR,actual_solar_generation,Solar,2026-08-21T01:55:25Z
2026-08-21T01:53:59Z,2026-08-21T03:53:59+0200,dab098cd-e140-4c97-b435-f000c3ac97ba,2026-08-09T16:30:00Z,2026-08-09T18:30:00+0200,8061.72,MW,FR,FR,actual_solar_generation,Solar,2026-08-21T01:55:25Z
2026-08-21T01:53:59Z,2026-08-21T03:53:59+0200,dab098cd-e140-4c97-b435-f000c3ac97ba,2026-08-09T16:45:00Z,2026-08-09T18:45:00+0200,6730.69,MW,FR,FR,actual_solar_generation,Solar,2026-08-21T01:55:25Z
2026-08-21T01:53:59Z,2026-08-21T03:53:59+0200,dab098cd-e140-4c97-b435-f000c3ac97ba,2026-08-09T17:00:00Z,2026-08-09T19:00:00+0200,5527.38,MW,FR,FR,actual_solar_generation,Solar,2026-08-21T01:55:25Z
2026-08-21T01:53:59Z,2026-08-21T03:53:59+0200,dab098cd-e140-4c97-b435-f000c3ac97ba,2026-08-09T17:15:00Z,2026-08-09T19:15:00+0200,4418.94,MW,FR,FR,actual_solar_generation,Solar,2026-08-21T01:55:25Z
2026-08-21T01:53:59Z,2026-08-21T03:53:59+0200,dab098cd-e140-4c97-b435-f000c3ac97ba,2026-08-09T17:30:00Z,2026-08-09T19:30:00+0200,3415.45,MW,FR,FR,actual_solar_generation,Solar,2026-08-21T01:55:25Z
2026-08-21T01:53:59Z,2026-08-21T03:53:59+0200,dab098cd-e140-4c97-b435-f000c3ac97ba,2026-08-09T17:45:00Z,2026-08-09T19:45:00+0200,2594.53,MW,FR,FR,actual_solar_generation,Solar,2026-08-21T01:55:25Z
2026-08-21T01:53:59Z,2026-08-21T03:53:59+0200,dab098cd-e140-4c97-b435-f000c3ac97ba,2026-08-09T18:00:00Z,2026-08-09T20:00:00+0200,1873.11,MW,FR,FR,actual_solar_generation,Solar,2026-08-21T01:55:25Z
2026-08-21T01:53:59Z,2026-08-21T03:53:59+0200,dab098cd-e140-4c97-b435-f000c3ac97ba,2026-08-09T18:15:00Z,2026-08-09T20:15:00+0200,1321.54,MW,FR,FR,actual_solar_generation,Solar,2026-08-21T01:55:25Z
2026-08-21T01:53:59Z,2026-08-21T03:53:59+0200,dab098cd-e140-4c97-b435-f000c3ac97ba,2026-08-09T18:30:00Z,2026-08-09T20:30:00+0200,907.78,MW,FR,FR,actual_solar_generation,Solar,2026-08-21T01:55:25Z
2026-08-21T01:53:59Z,2026-08-21T03:53:59+0200,dab098cd-e140-4c97-b435-f000c3ac97ba,2026-08-09T18:45:00Z,2026-08-09T20:45:00+0200,613.8,MW,FR,FR,actual_solar_generation,Solar,2026-08-21T01:55:25Z
2026-08-21T01:53:59Z,2026-08-21T03:53:59+0200,dab098cd-e140-4c97-b435-f000c3ac97ba,2026-08-09T19:00:00Z,2026-08-09T21:00:00+0200,379.22,MW,FR,FR,actual_solar_generation,Solar,2026-08-21T01:55:25Z
2026-08-21T01:53:59Z,2026-08-21T03:53:59+0200,dab098cd-e140-4c97-b435-f000c3ac97ba,2026-08-09T19:15:00Z,2026-08-09T21:15:00+0200,264.36,MW,FR,FR,actual_solar_generation,Solar,2026-08-21T01:55:25Z
2026-08-21T01:53:59Z,2026-08-21T03:53:59+0200,dab098cd-e140-4c97-b435-f000c3ac97ba,2026-08-09T19:30:00Z,2026-08-09T21:30:00+0200,235.92,MW,FR,FR,actual_solar_generation,Solar,2026-08-21T01:55:25Z
2026-08-21T01:53:59Z,2026-08-21T03:53:59+0200,dab098cd-e140-4c97-b435-f000c3ac97ba,2026-08-09T19:45:00Z,2026-08-09T21:45:00+0200,226.19,MW,FR,FR,actual_solar_generation,Solar,2026-08-21T01:55:25Z
2026-08-21T01:53:59Z,2026-08-21T03:53:59+0200,dab098cd-e140-4c97-b435-f000c3ac97ba,2026-08-09T20:00:00Z,2026-08-09T22:00:00+0200,225.78,MW,FR,FR,actual_solar_generation,Solar,2026-08-21T01:55:25Z
2026-08-21T01:53:59Z,2026-08-21T03:53:59+0200,dab098cd-e140-4c97-b435-f000c3ac97ba,2026-08-09T20:15:00Z,2026-08-09T22:15:00+0200,225.17,MW,FR,FR,actual_solar_generation,Solar,2026-08-21T01:55:25Z
2026-08-21T01:53:59Z,2026-08-21T03:53:59+0200,dab098cd-e140-4c97-b435-f000c3ac97ba,2026-08-09T20:30:00Z,2026-08-09T22:30:00+0200,238.95,MW,FR,FR,actual_solar_generation,Solar,2026-08-21T01:55:25Z
2026-08-21T01:53:59Z,2026-08-21T03:53:59+0200,dab098cd-e140-4c97-b435-f000c3ac97ba,2026-08-09T20:45:00Z,2026-08-09T22:45:00+0200,241.46,MW,FR,FR,actual_solar_generation,Solar,2026-08-21T01:55:25Z
2026-08-21T01:53:59Z,2026-08-21T03:53:59+0200,dab098cd-e140-4c97-b435-f000c3ac97ba,2026-08-09T21:00:00Z,2026-08-09T23:00:00+0200,0.0,MW,FR,FR,actual_solar_generation,Solar,2026-08-21T01:55:25Z
2026-08-21T01:53:59Z,2026-08-21T03:53:59+0200,dab098cd-e140-4c97-b435-f000c3ac97ba,2026-08-09T21:15:00Z,2026-08-09T23:15:00+0200,0.0,MW,FR,FR,actual_solar_generation,Solar,2026-08-21T01:55:25Z
2026-08-21T01:53:59Z,2026-08-21T03:53:59+0200,dab098cd-e140-4c97-b435-f000c3ac97ba,2026-08-09T21:30:00Z,2026-08-09T23:30:00+0200,0.0,MW,FR,FR,actual_solar_generation,Solar,2026-08-21T01:55:25Z
2026-08-21T01:53:59Z,2026-08-21T03:53:59+0200,dab098cd-e140-4c97-b435-f000c3ac97ba,2026-08-09T21:45:00Z,2026-08-09T23:45:00+0200,0.0,MW,FR,FR,actual_solar_generation,Solar,2026-08-21T01:55:25Z
2026-08-21T01:53:59Z,2026-08-21T03:53:59+0200,dab098cd-e140-4c97-b435-f000c3ac97ba,2026-08-09T22:00:00Z,2026-08-10T00:00:00+0200,0.0,MW,FR,FR,actual_solar_generation,Solar,2026-08-21T01:55:25Z
2026-08-21T01:53:59Z,2026-08-21T03:53:59+0200,dab098cd-e140-4c97-b435-f000c3ac97ba,2026-08-09T22:15:00Z,2026-08-10T00:15:00+0200,0.0,MW,FR,FR,actual_solar_generation,Solar,2026-08-21T01:55:25Z
2026-08-21T01:53:59Z,2026-08-21T03:53:59+0200,dab098cd-e140-4c97-b435-f000c3ac97ba,2026-08-09T22:30:00Z,2026-08-10T00:30:00+0200,0.0,MW,FR,FR,actual_solar_generation,Solar,2026-08-21T01:55:25Z
2026-08-21T01:53:59Z,2026-08-21T03:53:59+0200,dab098cd-e140-4c97-b435-f000c3ac97ba,2026-08-09T22:45:00Z,2026-08-10T00:45:00+0200,0.0,MW,FR,FR,actual_solar_generation,Solar,2026-08-21T01:55:25Z
2026-08-21T01:53:59Z,2026-08-21T03:53:59+0200,dab098cd-e140-4c97-b435-f000c3ac97ba,2026-08-09T23:00:00Z,2026-08-10T01:00:00+0200,0.0,MW,FR,FR,actual_solar_generation,Solar,2026-08-21T01:55:25Z
2026-08-21T01:53:59Z,2026-08-21T03:53:59+0200,dab098cd-e140-4c97-b435-f000c3ac97ba,2026-08-09T23:15:00Z,2026-08-10T01:15:00+0200,0.0,MW,FR,FR,actual_solar_generation,Solar,2026-08-21T01:55:25Z
2026-08-21T01:53:59Z,2026-08-21T03:53:59+0200,dab098cd-e140-4c97-b435-f000c3ac97ba,2026-08-09T23:30:00Z,2026-08-10T01:30:00+0200,0.0,MW,FR,FR,actual_solar_generation,Solar,2026-08-21T01:55:25Z
2026-08-21T01:53:59Z,2026-08-21T03:53:59+0200,dab098cd-e140-4c97-b435-f000c3ac97ba,2026-08-09T23:45:00Z,2026-08-10T01:45:00+0200,0.0,MW,FR,FR,actual_solar_generation,Solar,2026-08-21T01:55:25Z
2026-08-21T01:53:59Z,2026-08-21T03:53:59+0200,dab098cd-e140-4c97-b435-f000c3ac97ba,2026-08-10T00:00:00Z,2026-08-10T02:00:00+0200,0.0,MW,FR,FR,actual_solar_generation,Solar,2026-08-21T01:55:25Z
2026-08-21T01:53:59Z,2026-08-21T03:53:59+0200,dab098cd-e140-4c97-b435-f000c3ac97ba,2026-08-10T00:15:00Z,2026-08-10T02:15:00+0200,0.0,MW,FR,FR,actual_solar_generation,Solar,2026-08-21T01:55:25Z
2026-08-21T01:53:59Z,2026-08-21T03:53:59+0200,dab098cd-e140-4c97-b435-f000c3ac97ba,2026-08-10T00:30:00Z,2026-08-10T02:30:00+0200,0.0,MW,FR,FR,actual_solar_generation,Solar,2026-08-21T01:55:25Z
2026-08-21T01:53:59Z,2026-08-21T03:53:59+0200,dab098cd-e140-4c97-b435-f000c3ac97ba,2026-08-10T00:45:00Z,2026-08-10T02:45:00+0200,0.0,MW,FR,FR,actual_solar_generation,Solar,2026-08-21T01:55:25Z
2026-08-21T01:53:59Z,2026-08-21T03:53:59+0200,dab098cd-e140-4c97-b435-f000c3ac97ba,2026-08-10T01:00:00Z,2026-08-10T03:00:00+0200,0.0,MW,FR,FR,actual_solar_generation,Solar,2026-08-21T01:55:25Z
2026-08-21T01:53:59Z,2026-08-21T03:53:59+0200,dab098cd-e140-4c97-b435-f000c3ac97ba,2026-08-10T01:15:00Z,2026-08-10T03:15:00+0200,0.0,MW,FR,FR,actual_solar_generation,Solar,2026-08-21T01:55:25Z
2026-08-21T01:53:59Z,2026-08-21T03:53:59+0200,dab098cd-e140-4c97-b435-f000c3ac97ba,2026-08-10T01:30:00Z,2026-08-10T03:30:00+0200,0.0,MW,FR,FR,actual_solar_generation,Solar,2026-08-21T01:55:25Z
2026-08-21T01:53:59Z,2026-08-21T03:53:59+0200,dab098cd-e140-4c97-b435-f000c3ac97ba,2026-08-10T01:45:00Z,2026-08-10T03:45:00+0200,0.0,MW,FR,FR,actual_solar_generation,Solar,2026-08-21T01:55:25Z
2026-08-21T01:53:59Z,2026-08-21T03:53:59+0200,dab098cd-e140-4c97-b435-f000c3ac97ba,2026-08-10T02:00:00Z,2026-08-10T04:00:00+0200,0.0,MW,FR,FR,actual_solar_generation,Solar,2026-08-21T01:55:25Z
2026-08-21T01:53:59Z,2026-08-21T03:53:59+0200,dab098cd-e140-4c97-b435-f000c3ac97ba,2026-08-10T02:15:00Z,2026-08-10T04:15:00+0200,0.0,MW,FR,FR,actual_solar_generation,Solar,2026-08-21T01:55:25Z
2026-08-21T01:53:59Z,2026-08-21T03:53:59+0200,dab098cd-e140-4c97-b435-f000c3ac97ba,2026-08-10T02:30:00Z,2026-08-10T04:30:00+0200,0.0,MW,FR,FR,actual_solar_generation,Solar,2026-08-21T01:55:25Z
2026-08-21T01:53:59Z,2026-08-21T03:53:59+0200,dab098cd-e140-4c97-b435-f000c3ac97ba,2026-08-10T02:45:00Z,2026-08-10T04:45:00+0200,0.0,MW,FR,FR,actual_solar_generation,Solar,2026-08-21T01:55:25Z
2026-08-21T01:53:59Z,2026-08-21T03:53:59+0200,dab098cd-e140-4c97-b435-f000c3ac97ba,2026-08-10T03:00:00Z,2026-08-10T05:00:00+0200,0.0,MW,FR,FR,actual_solar_generation,Solar,2026-08-21T01:55:25Z
2026-08-21T01:53:59Z,2026-08-21T03:53:59+0200,dab098cd-e140-4c97-b435-f000c3ac97ba,2026-08-10T03:15:00Z,2026-08-10T05:15:00+0200,0.0,MW,FR,FR,actual_solar_generation,Solar,2026-08-21T01:55:25Z
2026-08-21T01:53:59Z,2026-08-21T03:53:59+0200,dab098cd-e140-4c97-b435-f000c3ac97ba,2026-08-10T03:30:00Z,2026-08-10T05:30:00+0200,0.0,MW,FR,FR,actual_solar_generation,Solar,2026-08-21T01:55:25Z
2026-08-21T01:53:59Z,2026-08-21T03:53:59+0200,dab098cd-e140-4c97-b435-f000c3ac97ba,2026-08-10T03:45:00Z,2026-08-10T05:45:00+0200,0.0,MW,FR,FR,actual_solar_generation,Solar,2026-08-21T01:55:25Z
2026-08-21T01:53:59Z,2026-08-21T03:53:59+0200,dab098cd-e140-4c97-b435-f000c3ac97ba,2026-08-10T04:00:00Z,2026-08-10T06:00:00+0200,233.26,MW,FR,FR,actual_solar_generation,Solar,2026-08-21T01:55:25Z
2026-08-21T01:53:59Z,2026-08-21T03:53:59+0200,dab098cd-e140-4c97-b435-f000c3ac97ba,2026-08-10T04:15:00Z,2026-08-10T06:15:00+0200,241.92,MW,FR,FR,actual_solar_generation,Solar,2026-08-21T01:55:25Z
2026-08-21T01:53:59Z,2026-08-21T03:53:59+0200,dab098cd-e140-4c97-b435-f000c3ac97ba,2026-08-10T04:30:00Z,2026-08-10T06:30:00+0200,275.09,MW,FR,FR,actual_solar_generation,Solar,2026-08-21T01:55:25Z
2026-08-21T01:53:59Z,2026-08-21T03:53:59+0200,dab098cd-e140-4c97-b435-f000c3ac97ba,2026-08-10T04:45:00Z,2026-08-10T06:45:00+0200,378.76,MW,FR,FR,actual_solar_generation,Solar,2026-08-21T01:55:25Z
2026-08-21T01:53:59Z,2026-08-21T03:53:59+0200,dab098cd-e140-4c97-b435-f000c3ac97ba,2026-08-10T05:00:00Z,2026-08-10T07:00:00+0200,533.84,MW,FR,FR,actual_solar_generation,Solar,2026-08-21T01:55:25Z
2026-08-21T01:53:59Z,2026-08-21T03:53:59+0200,dab098cd-e140-4c97-b435-f000c3ac97ba,2026-08-10T05:15:00Z,2026-08-10T07:15:00+0200,737.16,MW,FR,FR,actual_solar_generation,Solar,2026-08-21T01:55:25Z
2026-08-21T01:53:59Z,2026-08-21T03:53:59+0200,dab098cd-e140-4c97-b435-f000c3ac97ba,2026-08-10T05:30:00Z,2026-08-10T07:30:00+0200,1106.74,MW,FR,FR,actual_solar_generation,Solar,2026-08-21T01:55:25Z
2026-08-21T01:53:59Z,2026-08-21T03:53:59+0200,dab098cd-e140-4c97-b435-f000c3ac97ba,2026-08-10T05:45:00Z,2026-08-10T07:45:00+0200,1688.24,MW,FR,FR,actual_solar_generation,Solar,2026-08-21T01:55:25Z
2026-08-21T01:53:59Z,2026-08-21T03:53:59+0200,dab098cd-e140-4c97-b435-f000c3ac97ba,2026-08-10T06:00:00Z,2026-08-10T08:00:00+0200,2441.55,MW,FR,FR,actual_solar_generation,Solar,2026-08-21T01:55:25Z
2026-08-21T01:53:59Z,2026-08-21T03:53:59+0200,dab098cd-e140-4c97-b435-f000c3ac97ba,2026-08-10T06:15:00Z,2026-08-10T08:15:00+0200,3263.77,MW,FR,FR,actual_solar_generation,Solar,2026-08-21T01:55:25Z
2026-08-21T01:53:59Z,2026-08-21T03:53:59+0200,dab098cd-e140-4c97-b435-f000c3ac97ba,2026-08-10T06:30:00Z,2026-08-10T08:30:00+0200,4233.9,MW,FR,FR,actual_solar_generation,Solar,2026-08-21T01:55:25Z
2026-08-21T01:53:59Z,2026-08-21T03:53:59+0200,dab098cd-e140-4c97-b435-f000c3ac97ba,2026-08-10T06:45:00Z,2026-08-10T08:45:00+0200,5148.71,MW,FR,FR,actual_solar_generation,Solar,2026-08-21T01:55:25Z
2026-08-21T01:53:59Z,2026-08-21T03:53:59+0200,dab098cd-e140-4c97-b435-f000c3ac97ba,2026-08-10T07:00:00Z,2026-08-10T09:00:00+0200,6169.56,MW,FR,FR,actual_solar_generation,Solar,2026-08-21T01:55:25Z
2026-08-21T01:53:59Z,2026-08-21T03:53:59+0200,dab098cd-e140-4c97-b435-f000c3ac97ba,2026-08-10T07:15:00Z,2026-08-10T09:15:00+0200,7519.87,MW,FR,FR,actual_solar_generation,Solar,2026-08-21T01:55:25Z
2026-08-21T01:53:59Z,2026-08-21T03:53:59+0200,dab098cd-e140-4c97-b435-f000c3ac97ba,2026-08-10T07:30:00Z,2026-08-10T09:30:00+0200,8726.85,MW,FR,FR,actual_solar_generation,Solar,2026-08-21T01:55:25Z
2026-08-21T01:53:59Z,2026-08-21T03:53:59+0200,dab098cd-e140-4c97-b435-f000c3ac97ba,2026-08-10T07:45:00Z,2026-08-10T09:45:00+0200,10053.53,MW,FR,FR,actual_solar_generation,Solar,2026-08-21T01:55:25Z
2026-08-21T01:53:59Z,2026-08-21T03:53:59+0200,dab098cd-e140-4c97-b435-f000c3ac97ba,2026-08-10T08:00:00Z,2026-08-10T10:00:00+0200,11309.5,MW,FR,FR,actual_solar_generation,Solar,2026-08-21T01:55:25Z
2026-08-21T01:53:59Z,2026-08-21T03:53:59+0200,dab098cd-e140-4c97-b435-f000c3ac97ba,2026-08-10T08:15:00Z,2026-08-10T10:15:00+0200,12477.62,MW,FR,FR,actual_solar_generation,Solar,2026-08-21T01:55:25Z
2026-08-21T01:53:59Z,2026-08-21T03:53:59+0200,dab098cd-e140-4c97-b435-f000c3ac97ba,2026-08-10T08:30:00Z,2026-08-10T10:30:00+0200,13489.93,MW,FR,FR,actual_solar_generation,Solar,2026-08-21T01:55:25Z
2026-08-21T01:53:59Z,2026-08-21T03:53:59+0200,dab098cd-e140-4c97-b435-f000c3ac97ba,2026-08-10T08:45:00Z,2026-08-10T10:45:00+0200,14535.33,MW,FR,FR,actual_solar_generation,Solar,2026-08-21T01:55:25Z
2026-08-21T01:53:59Z,2026-08-21T03:53:59+0200,dab098cd-e140-4c97-b435-f000c3ac97ba,2026-08-10T09:00:00Z,2026-08-10T11:00:00+0200,15424.09,MW,FR,FR,actual_solar_generation,Solar,2026-08-21T01:55:25Z
2026-08-21T01:53:59Z,2026-08-21T03:53:59+0200,dab098cd-e140-4c97-b435-f000c3ac97ba,2026-08-10T09:15:00Z,2026-08-10T11:15:00+0200,16254.18,MW,FR,FR,actual_solar_generation,Solar,2026-08-21T01:55:25Z
2026-08-21T01:53:59Z,2026-08-21T03:53:59+0200,dab098cd-e140-4c97-b435-f000c3ac97ba,2026-08-10T09:30:00Z,2026-08-10T11:30:00+0200,16954.33,MW,FR,FR,actual_solar_generation,Solar,2026-08-21T01:55:25Z
2026-08-21T01:53:59Z,2026-08-21T03:53:59+0200,dab098cd-e140-4c97-b435-f000c3ac97ba,2026-08-10T09:45:00Z,2026-08-10T11:45:00+0200,17517.84,MW,FR,FR,actual_solar_generation,Solar,2026-08-21T01:55:25Z
2026-08-21T01:53:59Z,2026-08-21T03:53:59+0200,dab098cd-e140-4c97-b435-f000c3ac97ba,2026-08-10T10:00:00Z,2026-08-10T12:00:00+0200,18091.14,MW,FR,FR,actual_solar_generation,Solar,2026-08-21T01:55:25Z
2026-08-21T01:53:59Z,2026-08-21T03:53:59+0200,dab098cd-e140-4c97-b435-f000c3ac97ba,2026-08-10T10:15:00Z,2026-08-10T12:15:00+0200,18555.12,MW,FR,FR,actual_solar_generation,Solar,2026-08-21T01:55:25Z
2026-08-21T01:53:59Z,2026-08-21T03:53:59+0200,dab098cd-e140-4c97-b435-f000c3ac97ba,2026-08-10T10:30:00Z,2026-08-10T12:30:00+0200,18891.13,MW,FR,FR,actual_solar_generation,Solar,2026-08-21T01:55:25Z
2026-08-21T01:53:59Z,2026-08-21T03:53:59+0200,dab098cd-e140-4c97-b435-f000c3ac97ba,2026-08-10T10:45:00Z,2026-08-10T12:45:00+0200,19233.59,MW,FR,FR,actual_solar_generation,Solar,2026-08-21T01:55:25Z
2026-08-21T01:53:59Z,2026-08-21T03:53:59+0200,dab098cd-e140-4c97-b435-f000c3ac97ba,2026-08-10T11:00:00Z,2026-08-10T13:00:00+0200,19465.03,MW,FR,FR,actual_solar_generation,Solar,2026-08-21T01:55:25Z
2026-08-21T01:53:59Z,2026-08-21T03:53:59+0200,dab098cd-e140-4c97-b435-f000c3ac97ba,2026-08-10T11:15:00Z,2026-08-10T13:15:00+0200,19742.79,MW,FR,FR,actual_solar_generation,Solar,2026-08-21T01:55:25Z
2026-08-21T01:53:59Z,2026-08-21T03:53:59+0200,dab098cd-e140-4c97-b435-f000c3ac97ba,2026-08-10T11:30:00Z,2026-08-10T13:30:00+0200,19820.47,MW,FR,FR,actual_solar_generation,Solar,2026-08-21T01:55:25Z
2026-08-21T01:53:59Z,2026-08-21T03:53:59+0200,dab098cd-e140-4c97-b435-f000c3ac97ba,2026-08-10T11:45:00Z,2026-08-10T13:45:00+0200,19843.29,MW,FR,FR,actual_solar_generation,Solar,2026-08-21T01:55:25Z
2026-08-21T01:53:59Z,2026-08-21T03:53:59+0200,dab098cd-e140-4c97-b435-f000c3ac97ba,2026-08-10T12:00:00Z,2026-08-10T14:00:00+0200,19713.71,MW,FR,FR,actual_solar_generation,Solar,2026-08-21T01:55:25Z
2026-08-21T01:53:59Z,2026-08-21T03:53:59+0200,dab098cd-e140-4c97-b435-f000c3ac97ba,2026-08-10T12:15:00Z,2026-08-10T14:15:00+0200,19688.14,MW,FR,FR,actual_solar_generation,Solar,2026-08-21T01:55:25Z
2026-08-21T01:53:59Z,2026-08-21T03:53:59+0200,dab098cd-e140-4c97-b435-f000c3ac97ba,2026-08-10T12:30:00Z,2026-08-10T14:30:00+0200,19630.07,MW,FR,FR,actual_solar_generation,Solar,2026-08-21T01:55:25Z
2026-08-21T01:53:59Z,2026-08-21T03:53:59+0200,dab098cd-e140-4c97-b435-f000c3ac97ba,2026-08-10T12:45:00Z,2026-08-10T14:45:00+0200,19333.54,MW,FR,FR,actual_solar_generation,Solar,2026-08-21T01:55:25Z
2026-08-21T01:53:59Z,2026-08-21T03:53:59+0200,dab098cd-e140-4c97-b435-f000c3ac97ba,2026-08-10T13:00:00Z,2026-08-10T15:00:00+0200,19009.44,MW,FR,FR,actual_solar_generation,Solar,2026-08-21T01:55:25Z
2026-08-21T01:53:59Z,2026-08-21T03:53:59+0200,dab098cd-e140-4c97-b435-f000c3ac97ba,2026-08-10T13:15:00Z,2026-08-10T15:15:00+0200,18717.37,MW,FR,FR,actual_solar_generation,Solar,2026-08-21T01:55:25Z
2026-08-21T01:53:59Z,2026-08-21T03:53:59+0200,dab098cd-e140-4c97-b435-f000c3ac97ba,2026-08-10T13:30:00Z,2026-08-10T15:30:00+0200,18300.38,MW,FR,FR,actual_solar_generation,Solar,2026-08-21T01:55:25Z
2026-08-21T01:53:59Z,2026-08-21T03:53:59+0200,dab098cd-e140-4c97-b435-f000c3ac97ba,2026-08-10T13:45:00Z,2026-08-10T15:45:00+0200,17757.95,MW,FR,FR,actual_solar_generation,Solar,2026-08-21T01:55:25Z
2026-08-21T01:53:59Z,2026-08-21T03:53:59+0200,dab098cd-e140-4c97-b435-f000c3ac97ba,2026-08-10T14:00:00Z,2026-08-10T16:00:00+0200,17150.66,MW,FR,FR,actual_solar_generation,Solar,2026-08-21T01:55:25Z
2026-08-21T01:53:59Z,2026-08-21T03:53:59+0200,dab098cd-e140-4c97-b435-f000c3ac97ba,2026-08-10T14:15:00Z,2026-08-10T16:15:00+0200,16572.28,MW,FR,FR,actual_solar_generation,Solar,2026-08-21T01:55:25Z
2026-08-21T01:53:59Z,2026-08-21T03:53:59+0200,dab098cd-e140-4c97-b435-f000c3ac97ba,2026-08-10T14:30:00Z,2026-08-10T16:30:00+0200,15706.83,MW,FR,FR,actual_solar_generation,Solar,2026-08-21T01:55:25Z
2026-08-21T01:53:59Z,2026-08-21T03:53:59+0200,dab098cd-e140-4c97-b435-f000c3ac97ba,2026-08-10T14:45:00Z,2026-08-10T16:45:00+0200,15207.65,MW,FR,FR,actual_solar_generation,Solar,2026-08-21T01:55:25Z
2026-08-21T01:53:59Z,2026-08-21T03:53:59+0200,dab098cd-e140-4c97-b435-f000c3ac97ba,2026-08-10T15:00:00Z,2026-08-10T17:00:00+0200,14597.28,MW,FR,FR,actual_solar_generation,Solar,2026-08-21T01:55:25Z
2026-08-21T01:53:59Z,2026-08-21T03:53:59+0200,dab098cd-e140-4c97-b435-f000c3ac97ba,2026-08-10T15:15:00Z,2026-08-10T17:15:00+0200,13578.45,MW,FR,FR,actual_solar_generation,Solar,2026-08-21T01:55:25Z
2026-08-21T01:53:59Z,2026-08-21T03:53:59+0200,dab098cd-e140-4c97-b435-f000c3ac97ba,2026-08-10T15:30:00Z,2026-08-10T17:30:00+0200,12536.26,MW,FR,FR,actual_solar_generation,Solar,2026-08-21T01:55:25Z
2026-08-21T01:53:59Z,2026-08-21T03:53:59+0200,dab098cd-e140-4c97-b435-f000c3ac97ba,2026-08-10T15:45:00Z,2026-08-10T17:45:00+0200,11535.48,MW,FR,FR,actual_solar_generation,Solar,2026-08-21T01:55:25Z
2026-08-21T01:53:59Z,2026-08-21T03:53:59+0200,dab098cd-e140-4c97-b435-f000c3ac97ba,2026-08-10T16:00:00Z,2026-08-10T18:00:00+0200,10515.34,MW,FR,FR,actual_solar_generation,Solar,2026-08-21T01:55:25Z
2026-08-21T01:53:59Z,2026-08-21T03:53:59+0200,dab098cd-e140-4c97-b435-f000c3ac97ba,2026-08-10T16:15:00Z,2026-08-10T18:15:00+0200,9414.24,MW,FR,FR,actual_solar_generation,Solar,2026-08-21T01:55:25Z
2026-08-21T01:53:59Z,2026-08-21T03:53:59+0200,dab098cd-e140-4c97-b435-f000c3ac97ba,2026-08-10T16:30:00Z,2026-08-10T18:30:00+0200,8328.92,MW,FR,FR,actual_solar_generation,Solar,2026-08-21T01:55:25Z
2026-08-21T01:53:59Z,2026-08-21T03:53:59+0200,dab098cd-e140-4c97-b435-f000c3ac97ba,2026-08-10T16:45:00Z,2026-08-10T18:45:00+0200,7105.47,MW,FR,FR,actual_solar_generation,Solar,2026-08-21T01:55:25Z
2026-08-21T01:53:59Z,2026-08-21T03:53:59+0200,dab098cd-e140-4c97-b435-f000c3ac97ba,2026-08-10T17:00:00Z,2026-08-10T19:00:00+0200,5840.35,MW,FR,FR,actual_solar_generation,Solar,2026-08-21T01:55:25Z
2026-08-21T01:53:59Z,2026-08-21T03:53:59+0200,dab098cd-e140-4c97-b435-f000c3ac97ba,2026-08-10T17:15:00Z,2026-08-10T19:15:00+0200,4668.67,MW,FR,FR,actual_solar_generation,Solar,2026-08-21T01:55:25Z
2026-08-21T01:53:59Z,2026-08-21T03:53:59+0200,dab098cd-e140-4c97-b435-f000c3ac97ba,2026-08-10T17:30:00Z,2026-08-10T19:30:00+0200,3617.91,MW,FR,FR,actual_solar_generation,Solar,2026-08-21T01:55:25Z
2026-08-21T01:53:59Z,2026-08-21T03:53:59+0200,dab098cd-e140-4c97-b435-f000c3ac97ba,2026-08-10T17:45:00Z,2026-08-10T19:45:00+0200,2736.04,MW,FR,FR,actual_solar_generation,Solar,2026-08-21T01:55:25Z
2026-08-21T01:53:59Z,2026-08-21T03:53:59+0200,dab098cd-e140-4c97-b435-f000c3ac97ba,2026-08-10T18:00:00Z,2026-08-10T20:00:00+0200,1923.42,MW,FR,FR,actual_solar_generation,Solar,2026-08-21T01:55:25Z
2026-08-21T01:53:59Z,2026-08-21T03:53:59+0200,dab098cd-e140-4c97-b435-f000c3ac97ba,2026-08-10T18:15:00Z,2026-08-10T20:15:00+0200,1337.81,MW,FR,FR,actual_solar_generation,Solar,2026-08-21T01:55:25Z
2026-08-21T01:53:59Z,2026-08-21T03:53:59+0200,dab098cd-e140-4c97-b435-f000c3ac97ba,2026-08-10T18:30:00Z,2026-08-10T20:30:00+0200,904.74,MW,FR,FR,actual_solar_generation,Solar,2026-08-21T01:55:25Z
2026-08-21T01:53:59Z,2026-08-21T03:53:59+0200,dab098cd-e140-4c97-b435-f000c3ac97ba,2026-08-10T18:45:00Z,2026-08-10T20:45:00+0200,598.28,MW,FR,FR,actual_solar_generation,Solar,2026-08-21T01:55:25Z
2026-08-21T01:53:59Z,2026-08-21T03:53:59+0200,dab098cd-e140-4c97-b435-f000c3ac97ba,2026-08-10T19:00:00Z,2026-08-10T21:00:00+0200,365.12,MW,FR,FR,actual_solar_generation,Solar,2026-08-21T01:55:25Z
2026-08-21T01:53:59Z,2026-08-21T03:53:59+0200,dab098cd-e140-4c97-b435-f000c3ac97ba,2026-08-10T19:15:00Z,2026-08-10T21:15:00+0200,254.74,MW,FR,FR,actual_solar_generation,Solar,2026-08-21T01:55:25Z
2026-08-21T01:53:59Z,2026-08-21T03:53:59+0200,dab098cd-e140-4c97-b435-f000c3ac97ba,2026-08-10T19:30:00Z,2026-08-10T21:30:00+0200,240.33,MW,FR,FR,actual_solar_generation,Solar,2026-08-21T01:55:25Z
2026-08-21T01:53:59Z,2026-08-21T03:53:59+0200,dab098cd-e140-4c97-b435-f000c3ac97ba,2026-08-10T19:45:00Z,2026-08-10T21:45:00+0200,235.37,MW,FR,FR,actual_solar_generation,Solar,2026-08-21T01:55:25Z
2026-08-21T01:53:59Z,2026-08-21T03:53:59+0200,dab098cd-e140-4c97-b435-f000c3ac97ba,2026-08-10T20:00:00Z,2026-08-10T22:00:00+0200,237.51,MW,FR,FR,actual_solar_generation,Solar,2026-08-21T01:55:25Z
2026-08-21T01:53:59Z,2026-08-21T03:53:59+0200,dab098cd-e140-4c97-b435-f000c3ac97ba,2026-08-10T20:15:00Z,2026-08-10T22:15:00+0200,236.68,MW,FR,FR,actual_solar_generation,Solar,2026-08-21T01:55:25Z
2026-08-21T01:53:59Z,2026-08-21T03:53:59+0200,dab098cd-e140-4c97-b435-f000c3ac97ba,2026-08-10T20:30:00Z,2026-08-10T22:30:00+0200,235.72,MW,FR,FR,actual_solar_generation,Solar,2026-08-21T01:55:25Z
2026-08-21T01:53:59Z,2026-08-21T03:53:59+0200,dab098cd-e140-4c97-b435-f000c3ac97ba,2026-08-10T20:45:00Z,2026-08-10T22:45:00+0200,228.78,MW,FR,FR,actual_solar_generation,Solar,2026-08-21T01:55:25Z
2026-08-21T01:53:59Z,2026-08-21T03:53:59+0200,dab098cd-e140-4c97-b435-f000c3ac97ba,2026-08-10T21:00:00Z,2026-08-10T23:00:00+0200,0.0,MW,FR,FR,actual_solar_generation,Solar,2026-08-21T01:55:25Z
2026-08-21T01:53:59Z,2026-08-21T03:53:59+0200,dab098cd-e140-4c97-b435-f000c3ac97ba,2026-08-10T21:15:00Z,2026-08-10T23:15:00+0200,0.0,MW,FR,FR,actual_solar_generation,Solar,2026-08-21T01:55:25Z
2026-08-21T01:53:59Z,2026-08-21T03:53:59+0200,dab098cd-e140-4c97-b435-f000c3ac97ba,2026-08-10T21:30:00Z,2026-08-10T23:30:00+0200,0.0,MW,FR,FR,actual_solar_generation,Solar,2026-08-21T01:55:25Z
2026-08-21T01:53:59Z,2026-08-21T03:53:59+0200,dab098cd-e140-4c97-b435-f000c3ac97ba,2026-08-10T21:45:00Z,2026-08-10T23:45:00+0200,0.0,MW,FR,FR,actual_solar_generation,Solar,2026-08-21T01:55:25Z
2026-08-21T01:53:59Z,2026-08-21T03:53:59+0200,dab098cd-e140-4c97-b435-f000c3ac97ba,2026-08-10T22:00:00Z,2026-08-11T00:00:00+0200,0.0,MW,FR,FR,actual_solar_generation,Solar,2026-08-21T01:55:25Z
2026-08-21T01:53:59Z,2026-08-21T03:53:59+0200,dab098cd-e140-4c97-b435-f000c3ac97ba,2026-08-10T22:15:00Z,2026-08-11T00:15:00+0200,0.0,MW,FR,FR,actual_solar_generation,Solar,2026-08-21T01:55:25Z
2026-08-21T01:53:59Z,2026-08-21T03:53:59+0200,dab098cd-e140-4c97-b435-f000c3ac97ba,2026-08-10T22:30:00Z,2026-08-11T00:30:00+0200,0.0,MW,FR,FR,actual_solar_generation,Solar,2026-08-21T01:55:25Z
2026-08-21T01:53:59Z,2026-08-21T03:53:59+0200,dab098cd-e140-4c97-b435-f000c3ac97ba,2026-08-10T22:45:00Z,2026-08-11T00:45:00+0200,0.0,MW,FR,FR,actual_solar_generation,Solar,2026-08-21T01:55:25Z
2026-08-21T01:53:59Z,2026-08-21T03:53:59+0200,dab098cd-e140-4c97-b435-f000c3ac97ba,2026-08-10T23:00:00Z,2026-08-11T01:00:00+0200,0.0,MW,FR,FR,actual_solar_generation,Solar,2026-08-21T01:55:25Z
2026-08-21T01:53:59Z,2026-08-21T03:53:59+0200,dab098cd-e140-4c97-b435-f000c3ac97ba,2026-08-10T23:15:00Z,2026-08-11T01:15:00+0200,0.0,MW,FR,FR,actual_solar_generation,Solar,2026-08-21T01:55:25Z
2026-08-21T01:53:59Z,2026-08-21T03:53:59+0200,dab098cd-e140-4c97-b435-f000c3ac97ba,2026-08-10T23:30:00Z,2026-08-11T01:30:00+0200,0.0,MW,FR,FR,actual_solar_generation,Solar,2026-08-21T01:55:25Z
2026-08-21T01:53:59Z,2026-08-21T03:53:59+0200,dab098cd-e140-4c97-b435-f000c3ac97ba,2026-08-10T23:45:00Z,2026-08-11T01:45:00+0200,0.0,MW,FR,FR,actual_solar_generation,Solar,2026-08-21T01:55:25Z
2026-08-21T01:53:59Z,2026-08-21T03:53:59+0200,dab098cd-e140-4c97-b435-f000c3ac97ba,2026-08-11T00:00:00Z,2026-08-11T02:00:00+0200,0.0,MW,FR,FR,actual_solar_generation,Solar,2026-08-21T01:55:25Z
2026-08-21T01:53:59Z,2026-08-21T03:53:59+0200,dab098cd-e140-4c97-b435-f000c3ac97ba,2026-08-11T00:15:00Z,2026-08-11T02:15:00+0200,0.0,MW,FR,FR,actual_solar_generation,Solar,2026-08-21T01:55:25Z
2026-08-21T01:53:59Z,2026-08-21T03:53:59+0200,dab098cd-e140-4c97-b435-f000c3ac97ba,2026-08-11T00:30:00Z,2026-08-11T02:30:00+0200,0.0,MW,FR,FR,actual_solar_generation,Solar,2026-08-21T01:55:25Z
2026-08-21T01:53:59Z,2026-08-21T03:53:59+0200,dab098cd-e140-4c97-b435-f000c3ac97ba,2026-08-11T00:45:00Z,2026-08-11T02:45:00+0200,0.0,MW,FR,FR,actual_solar_generation,Solar,2026-08-21T01:55:25Z
2026-08-21T01:53:59Z,2026-08-21T03:53:59+0200,dab098cd-e140-4c97-b435-f000c3ac97ba,2026-08-11T01:00:00Z,2026-08-11T03:00:00+0200,0.0,MW,FR,FR,actual_solar_generation,Solar,2026-08-21T01:55:25Z
2026-08-21T01:53:59Z,2026-08-21T03:53:59+0200,dab098cd-e140-4c97-b435-f000c3ac97ba,2026-08-11T01:15:00Z,2026-08-11T03:15:00+0200,0.0,MW,FR,FR,actual_solar_generation,Solar,2026-08-21T01:55:25Z
2026-08-21T01:53:59Z,2026-08-21T03:53:59+0200,dab098cd-e140-4c97-b435-f000c3ac97ba,2026-08-11T01:30:00Z,2026-08-11T03:30:00+0200,0.0,MW,FR,FR,actual_solar_generation,Solar,2026-08-21T01:55:25Z
2026-08-21T01:53:59Z,2026-08-21T03:53:59+0200,dab098cd-e140-4c97-b435-f000c3ac97ba,2026-08-11T01:45:00Z,2026-08-11T03:45:00+0200,0.0,MW,FR,FR,actual_solar_generation,Solar,2026-08-21T01:55:25Z
2026-08-21T01:53:59Z,2026-08-21T03:53:59+0200,dab098cd-e140-4c97-b435-f000c3ac97ba,2026-08-11T02:00:00Z,2026-08-11T04:00:00+0200,0.0,MW,FR,FR,actual_solar_generation,Solar,2026-08-21T01:55:25Z
2026-08-21T01:53:59Z,2026-08-21T03:53:59+0200,dab098cd-e140-4c97-b435-f000c3ac97ba,2026-08-11T02:15:00Z,2026-08-11T04:15:00+0200,0.0,MW,FR,FR,actual_solar_generation,Solar,2026-08-21T01:55:25Z
2026-08-21T01:53:59Z,2026-08-21T03:53:59+0200,dab098cd-e140-4c97-b435-f000c3ac97ba,2026-08-11T02:30:00Z,2026-08-11T04:30:00+0200,0.0,MW,FR,FR,actual_solar_generation,Solar,2026-08-21T01:55:25Z
2026-08-21T01:53:59Z,2026-08-21T03:53:59+0200,dab098cd-e140-4c97-b435-f000c3ac97ba,2026-08-11T02:45:00Z,2026-08-11T04:45:00+0200,0.0,MW,FR,FR,actual_solar_generation,Solar,2026-08-21T01:55:25Z
2026-08-21T01:53:59Z,2026-08-21T03:53:59+0200,dab098cd-e140-4c97-b435-f000c3ac97ba,2026-08-11T03:00:00Z,2026-08-11T05:00:00+0200,0.0,MW,FR,FR,actual_solar_generation,Solar,2026-08-21T01:55:25Z
2026-08-21T01:53:59Z,2026-08-21T03:53:59+0200,dab098cd-e140-4c97-b435-f000c3ac97ba,2026-08-11T03:15:00Z,2026-08-11T05:15:00+0200,0.0,MW,FR,FR,actual_solar_generation,Solar,2026-08-21T01:55:25Z
2026-08-21T01:53:59Z,2026-08-21T03:53:59+0200,dab098cd-e140-4c97-b435-f000c3ac97ba,2026-08-11T03:30:00Z,2026-08-11T05:30:00+0200,0.0,MW,FR,FR,actual_solar_generation,Solar,2026-08-21T01:55:25Z
2026-08-21T01:53:59Z,2026-08-21T03:53:59+0200,dab098cd-e140-4c97-b435-f000c3ac97ba,2026-08-11T03:45:00Z,2026-08-11T05:45:00+0200,0.0,MW,FR,FR,actual_solar_generation,Solar,2026-08-21T01:55:25Z
2026-08-21T01:53:59Z,2026-08-21T03:53:59+0200,dab098cd-e140-4c97-b435-f000c3ac97ba,2026-08-11T04:00:00Z,2026-08-11T06:00:00+0200,226.16,MW,FR,FR,actual_solar_generation,Solar,2026-08-21T01:55:25Z
2026-08-21T01:53:59Z,2026-08-21T03:53:59+0200,dab098cd-e140-4c97-b435-f000c3ac97ba,2026-08-11T04:15:00Z,2026-08-11T06:15:00+0200,235.29,MW,FR,FR,actual_solar_generation,Solar,2026-08-21T01:55:25Z
2026-08-21T01:53:59Z,2026-08-21T03:53:59+0200,dab098cd-e140-4c97-b435-f000c3ac97ba,2026-08-11T04:30:00Z,2026-08-11T06:30:00+0200,275.78,MW,FR,FR,actual_solar_generation,Solar,2026-08-21T01:55:25Z
2026-08-21T01:53:59Z,2026-08-21T03:53:59+0200,dab098cd-e140-4c97-b435-f000c3ac97ba,2026-08-11T04:45:00Z,2026-08-11T06:45:00+0200,384.84,MW,FR,FR,actual_solar_generation,Solar,2026-08-21T01:55:25Z
2026-08-21T01:53:59Z,2026-08-21T03:53:59+0200,dab098cd-e140-4c97-b435-f000c3ac97ba,2026-08-11T05:00:00Z,2026-08-11T07:00:00+0200,538.26,MW,FR,FR,actual_solar_generation,Solar,2026-08-21T01:55:25Z
2026-08-21T01:53:59Z,2026-08-21T03:53:59+0200,dab098cd-e140-4c97-b435-f000c3ac97ba,2026-08-11T05:15:00Z,2026-08-11T07:15:00+0200,742.94,MW,FR,FR,actual_solar_generation,Solar,2026-08-21T01:55:25Z
2026-08-21T01:53:59Z,2026-08-21T03:53:59+0200,dab098cd-e140-4c97-b435-f000c3ac97ba,2026-08-11T05:30:00Z,2026-08-11T07:30:00+0200,1114.03,MW,FR,FR,actual_solar_generation,Solar,2026-08-21T01:55:25Z
2026-08-21T01:53:59Z,2026-08-21T03:53:59+0200,dab098cd-e140-4c97-b435-f000c3ac97ba,2026-08-11T05:45:00Z,2026-08-11T07:45:00+0200,1688.04,MW,FR,FR,actual_solar_generation,Solar,2026-08-21T01:55:25Z
2026-08-21T01:53:59Z,2026-08-21T03:53:59+0200,dab098cd-e140-4c97-b435-f000c3ac97ba,2026-08-11T06:00:00Z,2026-08-11T08:00:00+0200,2459.53,MW,FR,FR,actual_solar_generation,Solar,2026-08-21T01:55:25Z
2026-08-21T01:53:59Z,2026-08-21T03:53:59+0200,dab098cd-e140-4c97-b435-f000c3ac97ba,2026-08-11T06:15:00Z,2026-08-11T08:15:00+0200,3240.72,MW,FR,FR,actual_solar_generation,Solar,2026-08-21T01:55:25Z
2026-08-21T01:53:59Z,2026-08-21T03:53:59+0200,dab098cd-e140-4c97-b435-f000c3ac97ba,2026-08-11T06:30:00Z,2026-08-11T08:30:00+0200,4267.13,MW,FR,FR,actual_solar_generation,Solar,2026-08-21T01:55:25Z
2026-08-21T01:53:59Z,2026-08-21T03:53:59+0200,dab098cd-e140-4c97-b435-f000c3ac97ba,2026-08-11T06:45:00Z,2026-08-11T08:45:00+0200,5330.3,MW,FR,FR,actual_solar_generation,Solar,2026-08-21T01:55:25Z
2026-08-21T01:53:59Z,2026-08-21T03:53:59+0200,dab098cd-e140-4c97-b435-f000c3ac97ba,2026-08-11T07:00:00Z,2026-08-11T09:00:00+0200,6502.66,MW,FR,FR,actual_solar_generation,Solar,2026-08-21T01:55:25Z
2026-08-21T01:53:59Z,2026-08-21T03:53:59+0200,dab098cd-e140-4c97-b435-f000c3ac97ba,2026-08-11T07:15:00Z,2026-08-11T09:15:00+0200,7814.52,MW,FR,FR,actual_solar_generation,Solar,2026-08-21T01:55:25Z
2026-08-21T01:53:59Z,2026-08-21T03:53:59+0200,dab098cd-e140-4c97-b435-f000c3ac97ba,2026-08-11T07:30:00Z,2026-08-11T09:30:00+0200,9068.55,MW,FR,FR,actual_solar_generation,Solar,2026-08-21T01:55:25Z
2026-08-21T01:53:59Z,2026-08-21T03:53:59+0200,dab098cd-e140-4c97-b435-f000c3ac97ba,2026-08-11T07:45:00Z,2026-08-11T09:45:00+0200,10297.89,MW,FR,FR,actual_solar_generation,Solar,2026-08-21T01:55:25Z
2026-08-21T01:53:59Z,2026-08-21T03:53:59+0200,dab098cd-e140-4c97-b435-f000c3ac97ba,2026-08-11T08:00:00Z,2026-08-11T10:00:00+0200,11445.63,MW,FR,FR,actual_solar_generation,Solar,2026-08-21T01:55:25Z
2026-08-21T01:53:59Z,2026-08-21T03:53:59+0200,dab098cd-e140-4c97-b435-f000c3ac97ba,2026-08-11T08:15:00Z,2026-08-11T10:15:00+0200,12651.61,MW,FR,FR,actual_solar_generation,Solar,2026-08-21T01:55:25Z
2026-08-21T01:53:59Z,2026-08-21T03:53:59+0200,dab098cd-e140-4c97-b435-f000c3ac97ba,2026-08-11T08:30:00Z,2026-08-11T10:30:00+0200,13686.41,MW,FR,FR,actual_solar_generation,Solar,2026-08-21T01:55:25Z
2026-08-21T01:53:59Z,2026-08-21T03:53:59+0200,dab098cd-e140-4c97-b435-f000c3ac97ba,2026-08-11T08:45:00Z,2026-08-11T10:45:00+0200,14809.03,MW,FR,FR,actual_solar_generation,Solar,2026-08-21T01:55:25Z
2026-08-21T01:53:59Z,2026-08-21T03:53:59+0200,dab098cd-e140-4c97-b435-f000c3ac97ba,2026-08-11T09:00:00Z,2026-08-11T11:00:00+0200,15711.33,MW,FR,FR,actual_solar_generation,Solar,2026-08-21T01:55:25Z
2026-08-21T01:53:59Z,2026-08-21T03:53:59+0200,dab098cd-e140-4c97-b435-f000c3ac97ba,2026-08-11T09:15:00Z,2026-08-11T11:15:00+0200,16583.63,MW,FR,FR,actual_solar_generation,Solar,2026-08-21T01:55:25Z
2026-08-21T01:53:59Z,2026-08-21T03:53:59+0200,dab098cd-e140-4c97-b435-f000c3ac97ba,2026-08-11T09:30:00Z,2026-08-11T11:30:00+0200,17373.88,MW,FR,FR,actual_solar_generation,Solar,2026-08-21T01:55:25Z
2026-08-21T01:53:59Z,2026-08-21T03:53:59+0200,dab098cd-e140-4c97-b435-f000c3ac97ba,2026-08-11T09:45:00Z,2026-08-11T11:45:00+0200,17936.36,MW,FR,FR,actual_solar_generation,Solar,2026-08-21T01:55:25Z
2026-08-21T01:53:59Z,2026-08-21T03:53:59+0200,dab098cd-e140-4c97-b435-f000c3ac97ba,2026-08-11T10:00:00Z,2026-08-11T12:00:00+0200,18560.62,MW,FR,FR,actual_solar_generation,Solar,2026-08-21T01:55:25Z
2026-08-21T01:53:59Z,2026-08-21T03:53:59+0200,dab098cd-e140-4c97-b435-f000c3ac97ba,2026-08-11T10:15:00Z,2026-08-11T12:15:00+0200,18983.06,MW,FR,FR,actual_solar_generation,Solar,2026-08-21T01:55:25Z
2026-08-21T01:53:59Z,2026-08-21T03:53:59+0200,dab098cd-e140-4c97-b435-f000c3ac97ba,2026-08-11T10:30:00Z,2026-08-11T12:30:00+0200,19405.56,MW,FR,FR,actual_solar_generation,Solar,2026-08-21T01:55:25Z
2026-08-21T01:53:59Z,2026-08-21T03:53:59+0200,dab098cd-e140-4c97-b435-f000c3ac97ba,2026-08-11T10:45:00Z,2026-08-11T12:45:00+0200,19695.09,MW,FR,FR,actual_solar_generation,Solar,2026-08-21T01:55:25Z
2026-08-21T01:53:59Z,2026-08-21T03:53:59+0200,dab098cd-e140-4c97-b435-f000c3ac97ba,2026-08-11T11:00:00Z,2026-08-11T13:00:00+0200,19852.68,MW,FR,FR,actual_solar_generation,Solar,2026-08-21T01:55:25Z
2026-08-21T01:53:59Z,2026-08-21T03:53:59+0200,dab098cd-e140-4c97-b435-f000c3ac97ba,2026-08-11T11:15:00Z,2026-08-11T13:15:00+0200,20019.91,MW,FR,FR,actual_solar_generation,Solar,2026-08-21T01:55:25Z
2026-08-21T01:53:59Z,2026-08-21T03:53:59+0200,dab098cd-e140-4c97-b435-f000c3ac97ba,2026-08-11T11:30:00Z,2026-08-11T13:30:00+0200,19982.91,MW,FR,FR,actual_solar_generation,Solar,2026-08-21T01:55:25Z
2026-08-21T01:53:59Z,2026-08-21T03:53:59+0200,dab098cd-e140-4c97-b435-f000c3ac97ba,2026-08-11T11:45:00Z,2026-08-11T13:45:00+0200,19922.02,MW,FR,FR,actual_solar_generation,Solar,2026-08-21T01:55:25Z
2026-08-21T01:53:59Z,2026-08-21T03:53:59+0200,dab098cd-e140-4c97-b435-f000c3ac97ba,2026-08-11T12:00:00Z,2026-08-11T14:00:00+0200,19780.65,MW,FR,FR,actual_solar_generation,Solar,2026-08-21T01:55:25Z
2026-08-21T01:53:59Z,2026-08-21T03:53:59+0200,dab098cd-e140-4c97-b435-f000c3ac97ba,2026-08-11T12:15:00Z,2026-08-11T14:15:00+0200,19767.03,MW,FR,FR,actual_solar_generation,Solar,2026-08-21T01:55:25Z
2026-08-21T01:53:59Z,2026-08-21T03:53:59+0200,dab098cd-e140-4c97-b435-f000c3ac97ba,2026-08-11T12:30:00Z,2026-08-11T14:30:00+0200,19610.34,MW,FR,FR,actual_solar_generation,Solar,2026-08-21T01:55:25Z
2026-08-21T01:53:59Z,2026-08-21T03:53:59+0200,dab098cd-e140-4c97-b435-f000c3ac97ba,2026-08-11T12:45:00Z,2026-08-11T14:45:00+0200,19369.89,MW,FR,FR,actual_solar_generation,Solar,2026-08-21T01:55:25Z
2026-08-21T01:53:59Z,2026-08-21T03:53:59+0200,dab098cd-e140-4c97-b435-f000c3ac97ba,2026-08-11T13:00:00Z,2026-08-11T15:00:00+0200,19154.0,MW,FR,FR,actual_solar_generation,Solar,2026-08-21T01:55:25Z
2026-08-21T01:53:59Z,2026-08-21T03:53:59+0200,dab098cd-e140-4c97-b435-f000c3ac97ba,2026-08-11T13:15:00Z,2026-08-11T15:15:00+0200,18781.52,MW,FR,FR,actual_solar_generation,Solar,2026-08-21T01:55:25Z
2026-08-21T01:53:59Z,2026-08-21T03:53:59+0200,dab098cd-e140-4c97-b435-f000c3ac97ba,2026-08-11T13:30:00Z,2026-08-11T15:30:00+0200,18411.83,MW,FR,FR,actual_solar_generation,Solar,2026-08-21T01:55:25Z
2026-08-21T01:53:59Z,2026-08-21T03:53:59+0200,dab098cd-e140-4c97-b435-f000c3ac97ba,2026-08-11T13:45:00Z,2026-08-11T15:45:00+0200,18022.49,MW,FR,FR,actual_solar_generation,Solar,2026-08-21T01:55:25Z
2026-08-21T01:53:59Z,2026-08-21T03:53:59+0200,dab098cd-e140-4c97-b435-f000c3ac97ba,2026-08-11T14:00:00Z,2026-08-11T16:00:00+0200,17575.33,MW,FR,FR,actual_solar_generation,Solar,2026-08-21T01:55:25Z
2026-08-21T01:53:59Z,2026-08-21T03:53:59+0200,dab098cd-e140-4c97-b435-f000c3ac97ba,2026-08-11T14:15:00Z,2026-08-11T16:15:00+0200,16841.93,MW,FR,FR,actual_solar_generation,Solar,2026-08-21T01:55:25Z
2026-08-21T01:53:59Z,2026-08-21T03:53:59+0200,dab098cd-e140-4c97-b435-f000c3ac97ba,2026-08-11T14:30:00Z,2026-08-11T16:30:00+0200,16170.63,MW,FR,FR,actual_solar_generation,Solar,2026-08-21T01:55:25Z
2026-08-21T01:53:59Z,2026-08-21T03:53:59+0200,dab098cd-e140-4c97-b435-f000c3ac97ba,2026-08-11T14:45:00Z,2026-08-11T16:45:00+0200,15377.71,MW,FR,FR,actual_solar_generation,Solar,2026-08-21T01:55:25Z
2026-08-21T01:53:59Z,2026-08-21T03:53:59+0200,dab098cd-e140-4c97-b435-f000c3ac97ba,2026-08-11T15:00:00Z,2026-08-11T17:00:00+0200,14622.81,MW,FR,FR,actual_solar_generation,Solar,2026-08-21T01:55:25Z
2026-08-21T01:53:59Z,2026-08-21T03:53:59+0200,dab098cd-e140-4c97-b435-f000c3ac97ba,2026-08-11T15:15:00Z,2026-08-11T17:15:00+0200,13639.73,MW,FR,FR,actual_solar_generation,Solar,2026-08-21T01:55:25Z
2026-08-21T01:53:59Z,2026-08-21T03:53:59+0200,dab098cd-e140-4c97-b435-f000c3ac97ba,2026-08-11T15:30:00Z,2026-08-11T17:30:00+0200,12677.33,MW,FR,FR,actual_solar_generation,Solar,2026-08-21T01:55:25Z
2026-08-21T01:53:59Z,2026-08-21T03:53:59+0200,dab098cd-e140-4c97-b435-f000c3ac97ba,2026-08-11T15:45:00Z,2026-08-11T17:45:00+0200,11785.62,MW,FR,FR,actual_solar_generation,Solar,2026-08-21T01:55:25Z
2026-08-21T01:53:59Z,2026-08-21T03:53:59+0200,dab098cd-e140-4c97-b435-f000c3ac97ba,2026-08-11T16:00:00Z,2026-08-11T18:00:00+0200,10634.46,MW,FR,FR,actual_solar_generation,Solar,2026-08-21T01:55:25Z
2026-08-21T01:53:59Z,2026-08-21T03:53:59+0200,dab098cd-e140-4c97-b435-f000c3ac97ba,2026-08-11T16:15:00Z,2026-08-11T18:15:00+0200,9442.8,MW,FR,FR,actual_solar_generation,Solar,2026-08-21T01:55:25Z
2026-08-21T01:53:59Z,2026-08-21T03:53:59+0200,dab098cd-e140-4c97-b435-f000c3ac97ba,2026-08-11T16:30:00Z,2026-08-11T18:30:00+0200,8150.23,MW,FR,FR,actual_solar_generation,Solar,2026-08-21T01:55:25Z
2026-08-21T01:53:59Z,2026-08-21T03:53:59+0200,dab098cd-e140-4c97-b435-f000c3ac97ba,2026-08-11T16:45:00Z,2026-08-11T18:45:00+0200,6888.14,MW,FR,FR,actual_solar_generation,Solar,2026-08-21T01:55:25Z
2026-08-21T01:53:59Z,2026-08-21T03:53:59+0200,dab098cd-e140-4c97-b435-f000c3ac97ba,2026-08-11T17:00:00Z,2026-08-11T19:00:00+0200,5709.37,MW,FR,FR,actual_solar_generation,Solar,2026-08-21T01:55:25Z
2026-08-21T01:53:59Z,2026-08-21T03:53:59+0200,dab098cd-e140-4c97-b435-f000c3ac97ba,2026-08-11T17:15:00Z,2026-08-11T19:15:00+0200,4568.54,MW,FR,FR,actual_solar_generation,Solar,2026-08-21T01:55:25Z
2026-08-21T01:53:59Z,2026-08-21T03:53:59+0200,dab098cd-e140-4c97-b435-f000c3ac97ba,2026-08-11T17:30:00Z,2026-08-11T19:30:00+0200,3518.35,MW,FR,FR,actual_solar_generation,Solar,2026-08-21T01:55:25Z
2026-08-21T01:53:59Z,2026-08-21T03:53:59+0200,dab098cd-e140-4c97-b435-f000c3ac97ba,2026-08-11T17:45:00Z,2026-08-11T19:45:00+0200,2636.5,MW,FR,FR,actual_solar_generation,Solar,2026-08-21T01:55:25Z
2026-08-21T01:53:59Z,2026-08-21T03:53:59+0200,dab098cd-e140-4c97-b435-f000c3ac97ba,2026-08-11T18:00:00Z,2026-08-11T20:00:00+0200,1846.11,MW,FR,FR,actual_solar_generation,Solar,2026-08-21T01:55:25Z
2026-08-21T01:53:59Z,2026-08-21T03:53:59+0200,dab098cd-e140-4c97-b435-f000c3ac97ba,2026-08-11T18:15:00Z,2026-08-11T20:15:00+0200,1255.09,MW,FR,FR,actual_solar_generation,Solar,2026-08-21T01:55:25Z
2026-08-21T01:53:59Z,2026-08-21T03:53:59+0200,dab098cd-e140-4c97-b435-f000c3ac97ba,2026-08-11T18:30:00Z,2026-08-11T20:30:00+0200,825.3,MW,FR,FR,actual_solar_generation,Solar,2026-08-21T01:55:25Z
2026-08-21T01:53:59Z,2026-08-21T03:53:59+0200,dab098cd-e140-4c97-b435-f000c3ac97ba,2026-08-11T18:45:00Z,2026-08-11T20:45:00+0200,542.09,MW,FR,FR,actual_solar_generation,Solar,2026-08-21T01:55:25Z
2026-08-21T01:53:59Z,2026-08-21T03:53:59+0200,dab098cd-e140-4c97-b435-f000c3ac97ba,2026-08-11T19:00:00Z,2026-08-11T21:00:00+0200,338.68,MW,FR,FR,actual_solar_generation,Solar,2026-08-21T01:55:25Z
2026-08-21T01:53:59Z,2026-08-21T03:53:59+0200,dab098cd-e140-4c97-b435-f000c3ac97ba,2026-08-11T19:15:00Z,2026-08-11T21:15:00+0200,253.32,MW,FR,FR,actual_solar_generation,Solar,2026-08-21T01:55:25Z
2026-08-21T01:53:59Z,2026-08-21T03:53:59+0200,dab098cd-e140-4c97-b435-f000c3ac97ba,2026-08-11T19:30:00Z,2026-08-11T21:30:00+0200,239.78,MW,FR,FR,actual_solar_generation,Solar,2026-08-21T01:55:25Z
2026-08-21T01:53:59Z,2026-08-21T03:53:59+0200,dab098cd-e140-4c97-b435-f000c3ac97ba,2026-08-11T19:45:00Z,2026-08-11T21:45:00+0200,234.88,MW,FR,FR,actual_solar_generation,Solar,2026-08-21T01:55:25Z
2026-08-21T01:53:59Z,2026-08-21T03:53:59+0200,dab098cd-e140-4c97-b435-f000c3ac97ba,2026-08-11T20:00:00Z,2026-08-11T22:00:00+0200,233.2,MW,FR,FR,actual_solar_generation,Solar,2026-08-21T01:55:25Z
2026-08-21T01:53:59Z,2026-08-21T03:53:59+0200,dab098cd-e140-4c97-b435-f000c3ac97ba,2026-08-11T20:15:00Z,2026-08-11T22:15:00+0200,232.69,MW,FR,FR,actual_solar_generation,Solar,2026-08-21T01:55:25Z
2026-08-21T01:53:59Z,2026-08-21T03:53:59+0200,dab098cd-e140-4c97-b435-f000c3ac97ba,2026-08-11T20:30:00Z,2026-08-11T22:30:00+0200,233.97,MW,FR,FR,actual_solar_generation,Solar,2026-08-21T01:55:25Z
2026-08-21T01:53:59Z,2026-08-21T03:53:59+0200,dab098cd-e140-4c97-b435-f000c3ac97ba,2026-08-11T20:45:00Z,2026-08-11T22:45:00+0200,229.31,MW,FR,FR,actual_solar_generation,Solar,2026-08-21T01:55:25Z
2026-08-21T01:53:59Z,2026-08-21T03:53:59+0200,dab098cd-e140-4c97-b435-f000c3ac97ba,2026-08-11T21:00:00Z,2026-08-11T23:00:00+0200,0.0,MW,FR,FR,actual_solar_generation,Solar,2026-08-21T01:55:25Z
2026-08-21T01:53:59Z,2026-08-21T03:53:59+0200,dab098cd-e140-4c97-b435-f000c3ac97ba,2026-08-11T21:15:00Z,2026-08-11T23:15:00+0200,0.0,MW,FR,FR,actual_solar_generation,Solar,2026-08-21T01:55:25Z
2026-08-21T01:53:59Z,2026-08-21T03:53:59+0200,dab098cd-e140-4c97-b435-f000c3ac97ba,2026-08-11T21:30:00Z,2026-08-11T23:30:00+0200,0.0,MW,FR,FR,actual_solar_generation,Solar,2026-08-21T01:55:25Z
2026-08-21T01:53:59Z,2026-08-21T03:53:59+0200,dab098cd-e140-4c97-b435-f000c3ac97ba,2026-08-11T21:45:00Z,2026-08-11T23:45:00+0200,0.0,MW,FR,FR,actual_solar_generation,Solar,2026-08-21T01:55:25Z
2026-08-21T01:53:59Z,2026-08-21T03:53:59+0200,dab098cd-e140-4c97-b435-f000c3ac97ba,2026-08-11T22:00:00Z,2026-08-12T00:00:00+0200,0.0,MW,FR,FR,actual_solar_generation,Solar,2026-08-21T01:55:25Z
2026-08-21T01:53:59Z,2026-08-21T03:53:59+0200,dab098cd-e140-4c97-b435-f000c3ac97ba,2026-08-11T22:15:00Z,2026-08-12T00:15:00+0200,0.0,MW,FR,FR,actual_solar_generation,Solar,2026-08-21T01:55:25Z
2026-08-21T01:53:59Z,2026-08-21T03:53:59+0200,dab098cd-e140-4c97-b435-f000c3ac97ba,2026-08-11T22:30:00Z,2026-08-12T00:30:00+0200,0.0,MW,FR,FR,actual_solar_generation,Solar,2026-08-21T01:55:25Z
2026-08-21T01:53:59Z,2026-08-21T03:53:59+0200,dab098cd-e140-4c97-b435-f000c3ac97ba,2026-08-11T22:45:00Z,2026-08-12T00:45:00+0200,0.0,MW,FR,FR,actual_solar_generation,Solar,2026-08-21T01:55:25Z
2026-08-21T01:53:59Z,2026-08-21T03:53:59+0200,dab098cd-e140-4c97-b435-f000c3ac97ba,2026-08-11T23:00:00Z,2026-08-12T01:00:00+0200,0.0,MW,FR,FR,actual_solar_generation,Solar,2026-08-21T01:55:25Z
2026-08-21T01:53:59Z,2026-08-21T03:53:59+0200,dab098cd-e140-4c97-b435-f000c3ac97ba,2026-08-11T23:15:00Z,2026-08-12T01:15:00+0200,0.0,MW,FR,FR,actual_solar_generation,Solar,2026-08-21T01:55:25Z
2026-08-21T01:53:59Z,2026-08-21T03:53:59+0200,dab098cd-e140-4c97-b435-f000c3ac97ba,2026-08-11T23:30:00Z,2026-08-12T01:30:00+0200,0.0,MW,FR,FR,actual_solar_generation,Solar,2026-08-21T01:55:25Z
2026-08-21T01:53:59Z,2026-08-21T03:53:59+0200,dab098cd-e140-4c97-b435-f000c3ac97ba,2026-08-11T23:45:00Z,2026-08-12T01:45:00+0200,0.0,MW,FR,FR,actual_solar_generation,Solar,2026-08-21T01:55:25Z
2026-08-21T01:53:59Z,2026-08-21T03:53:59+0200,dab098cd-e140-4c97-b435-f000c3ac97ba,2026-08-12T00:00:00Z,2026-08-12T02:00:00+0200,0.0,MW,FR,FR,actual_solar_generation,Solar,2026-08-21T01:55:25Z
2026-08-21T01:53:59Z,2026-08-21T03:53:59+0200,dab098cd-e140-4c97-b435-f000c3ac97ba,2026-08-12T00:15:00Z,2026-08-12T02:15:00+0200,0.0,MW,FR,FR,actual_solar_generation,Solar,2026-08-21T01:55:25Z
2026-08-21T01:53:59Z,2026-08-21T03:53:59+0200,dab098cd-e140-4c97-b435-f000c3ac97ba,2026-08-12T00:30:00Z,2026-08-12T02:30:00+0200,0.0,MW,FR,FR,actual_solar_generation,Solar,2026-08-21T01:55:25Z
2026-08-21T01:53:59Z,2026-08-21T03:53:59+0200,dab098cd-e140-4c97-b435-f000c3ac97ba,2026-08-12T00:45:00Z,2026-08-12T02:45:00+0200,0.0,MW,FR,FR,actual_solar_generation,Solar,2026-08-21T01:55:25Z
2026-08-21T01:53:59Z,2026-08-21T03:53:59+0200,dab098cd-e140-4c97-b435-f000c3ac97ba,2026-08-12T01:00:00Z,2026-08-12T03:00:00+0200,0.0,MW,FR,FR,actual_solar_generation,Solar,2026-08-21T01:55:25Z
2026-08-21T01:53:59Z,2026-08-21T03:53:59+0200,dab098cd-e140-4c97-b435-f000c3ac97ba,2026-08-12T01:15:00Z,2026-08-12T03:15:00+0200,0.0,MW,FR,FR,actual_solar_generation,Solar,2026-08-21T01:55:25Z
2026-08-21T01:53:59Z,2026-08-21T03:53:59+0200,dab098cd-e140-4c97-b435-f000c3ac97ba,2026-08-12T01:30:00Z,2026-08-12T03:30:00+0200,0.0,MW,FR,FR,actual_solar_generation,Solar,2026-08-21T01:55:25Z
2026-08-21T01:53:59Z,2026-08-21T03:53:59+0200,dab098cd-e140-4c97-b435-f000c3ac97ba,2026-08-12T01:45:00Z,2026-08-12T03:45:00+0200,0.0,MW,FR,FR,actual_solar_generation,Solar,2026-08-21T01:55:25Z
2026-08-21T01:53:59Z,2026-08-21T03:53:59+0200,dab098cd-e140-4c97-b435-f000c3ac97ba,2026-08-12T02:00:00Z,2026-08-12T04:00:00+0200,0.0,MW,FR,FR,actual_solar_generation,Solar,2026-08-21T01:55:25Z
2026-08-21T01:53:59Z,2026-08-21T03:53:59+0200,dab098cd-e140-4c97-b435-f000c3ac97ba,2026-08-12T02:15:00Z,2026-08-12T04:15:00+0200,0.0,MW,FR,FR,actual_solar_generation,Solar,2026-08-21T01:55:25Z
2026-08-21T01:53:59Z,2026-08-21T03:53:59+0200,dab098cd-e140-4c97-b435-f000c3ac97ba,2026-08-12T02:30:00Z,2026-08-12T04:30:00+0200,0.0,MW,FR,FR,actual_solar_generation,Solar,2026-08-21T01:55:25Z
2026-08-21T01:53:59Z,2026-08-21T03:53:59+0200,dab098cd-e140-4c97-b435-f000c3ac97ba,2026-08-12T02:45:00Z,2026-08-12T04:45:00+0200,0.0,MW,FR,FR,actual_solar_generation,Solar,2026-08-21T01:55:25Z
2026-08-21T01:53:59Z,2026-08-21T03:53:59+0200,dab098cd-e140-4c97-b435-f000c3ac97ba,2026-08-12T03:00:00Z,2026-08-12T05:00:00+0200,0.0,MW,FR,FR,actual_solar_generation,Solar,2026-08-21T01:55:25Z
2026-08-21T01:53:59Z,2026-08-21T03:53:59+0200,dab098cd-e140-4c97-b435-f000c3ac97ba,2026-08-12T03:15:00Z,2026-08-12T05:15:00+0200,0.0,MW,FR,FR,actual_solar_generation,Solar,2026-08-21T01:55:25Z
2026-08-21T01:53:59Z,2026-08-21T03:53:59+0200,dab098cd-e140-4c97-b435-f000c3ac97ba,2026-08-12T03:30:00Z,2026-08-12T05:30:00+0200,0.0,MW,FR,FR,actual_solar_generation,Solar,2026-08-21T01:55:25Z
2026-08-21T01:53:59Z,2026-08-21T03:53:59+0200,dab098cd-e140-4c97-b435-f000c3ac97ba,2026-08-12T03:45:00Z,2026-08-12T05:45:00+0200,0.0,MW,FR,FR,actual_solar_generation,Solar,2026-08-21T01:55:25Z
2026-08-21T01:53:59Z,2026-08-21T03:53:59+0200,dab098cd-e140-4c97-b435-f000c3ac97ba,2026-08-12T04:00:00Z,2026-08-12T06:00:00+0200,218.66,MW,FR,FR,actual_solar_generation,Solar,2026-08-21T01:55:25Z
2026-08-21T01:53:59Z,2026-08-21T03:53:59+0200,dab098cd-e140-4c97-b435-f000c3ac97ba,2026-08-12T04:15:00Z,2026-08-12T06:15:00+0200,223.96,MW,FR,FR,actual_solar_generation,Solar,2026-08-21T01:55:25Z
2026-08-21T01:53:59Z,2026-08-21T03:53:59+0200,dab098cd-e140-4c97-b435-f000c3ac97ba,2026-08-12T04:30:00Z,2026-08-12T06:30:00+0200,264.27,MW,FR,FR,actual_solar_generation,Solar,2026-08-21T01:55:25Z
2026-08-21T01:53:59Z,2026-08-21T03:53:59+0200,dab098cd-e140-4c97-b435-f000c3ac97ba,2026-08-12T04:45:00Z,2026-08-12T06:45:00+0200,371.95,MW,FR,FR,actual_solar_generation,Solar,2026-08-21T01:55:25Z
2026-08-21T01:53:59Z,2026-08-21T03:53:59+0200,dab098cd-e140-4c97-b435-f000c3ac97ba,2026-08-12T05:00:00Z,2026-08-12T07:00:00+0200,526.87,MW,FR,FR,actual_solar_generation,Solar,2026-08-21T01:55:25Z
2026-08-21T01:53:59Z,2026-08-21T03:53:59+0200,dab098cd-e140-4c97-b435-f000c3ac97ba,2026-08-12T05:15:00Z,2026-08-12T07:15:00+0200,738.56,MW,FR,FR,actual_solar_generation,Solar,2026-08-21T01:55:25Z
2026-08-21T01:53:59Z,2026-08-21T03:53:59+0200,dab098cd-e140-4c97-b435-f000c3ac97ba,2026-08-12T05:30:00Z,2026-08-12T07:30:00+0200,1133.22,MW,FR,FR,actual_solar_generation,Solar,2026-08-21T01:55:25Z
2026-08-21T01:53:59Z,2026-08-21T03:53:59+0200,dab098cd-e140-4c97-b435-f000c3ac97ba,2026-08-12T05:45:00Z,2026-08-12T07:45:00+0200,1753.72,MW,FR,FR,actual_solar_generation,Solar,2026-08-21T01:55:25Z
2026-08-21T01:53:59Z,2026-08-21T03:53:59+0200,dab098cd-e140-4c97-b435-f000c3ac97ba,2026-08-12T06:00:00Z,2026-08-12T08:00:00+0200,2607.3,MW,FR,FR,actual_solar_generation,Solar,2026-08-21T01:55:25Z
2026-08-21T01:53:59Z,2026-08-21T03:53:59+0200,dab098cd-e140-4c97-b435-f000c3ac97ba,2026-08-12T06:15:00Z,2026-08-12T08:15:00+0200,3577.44,MW,FR,FR,actual_solar_generation,Solar,2026-08-21T01:55:25Z
2026-08-21T01:53:59Z,2026-08-21T03:53:59+0200,dab098cd-e140-4c97-b435-f000c3ac97ba,2026-08-12T06:30:00Z,2026-08-12T08:30:00+0200,4714.14,MW,FR,FR,actual_solar_generation,Solar,2026-08-21T01:55:25Z
2026-08-21T01:53:59Z,2026-08-21T03:53:59+0200,dab098cd-e140-4c97-b435-f000c3ac97ba,2026-08-12T06:45:00Z,2026-08-12T08:45:00+0200,5895.8,MW,FR,FR,actual_solar_generation,Solar,2026-08-21T01:55:25Z
2026-08-21T01:53:59Z,2026-08-21T03:53:59+0200,dab098cd-e140-4c97-b435-f000c3ac97ba,2026-08-12T07:00:00Z,2026-08-12T09:00:00+0200,7151.86,MW,FR,FR,actual_solar_generation,Solar,2026-08-21T01:55:25Z
2026-08-21T01:53:59Z,2026-08-21T03:53:59+0200,dab098cd-e140-4c97-b435-f000c3ac97ba,2026-08-12T07:15:00Z,2026-08-12T09:15:00+0200,8624.5,MW,FR,FR,actual_solar_generation,Solar,2026-08-21T01:55:25Z
2026-08-21T01:53:59Z,2026-08-21T03:53:59+0200,dab098cd-e140-4c97-b435-f000c3ac97ba,2026-08-12T07:30:00Z,2026-08-12T09:30:00+0200,9958.19,MW,FR,FR,actual_solar_generation,Solar,2026-08-21T01:55:25Z
2026-08-21T01:53:59Z,2026-08-21T03:53:59+0200,dab098cd-e140-4c97-b435-f000c3ac97ba,2026-08-12T07:45:00Z,2026-08-12T09:45:00+0200,11362.25,MW,FR,FR,actual_solar_generation,Solar,2026-08-21T01:55:25Z
2026-08-21T01:53:59Z,2026-08-21T03:53:59+0200,dab098cd-e140-4c97-b435-f000c3ac97ba,2026-08-12T08:00:00Z,2026-08-12T10:00:00+0200,12662.36,MW,FR,FR,actual_solar_generation,Solar,2026-08-21T01:55:25Z
2026-08-21T01:53:59Z,2026-08-21T03:53:59+0200,dab098cd-e140-4c97-b435-f000c3ac97ba,2026-08-12T08:15:00Z,2026-08-12T10:15:00+0200,13936.06,MW,FR,FR,actual_solar_generation,Solar,2026-08-21T01:55:25Z
2026-08-21T01:53:59Z,2026-08-21T03:53:59+0200,dab098cd-e140-4c97-b435-f000c3ac97ba,2026-08-12T08:30:00Z,2026-08-12T10:30:00+0200,15026.13,MW,FR,FR,actual_solar_generation,Solar,2026-08-21T01:55:25Z
2026-08-21T01:53:59Z,2026-08-21T03:53:59+0200,dab098cd-e140-4c97-b435-f000c3ac97ba,2026-08-12T08:45:00Z,2026-08-12T10:45:00+0200,16072.32,MW,FR,FR,actual_solar_generation,Solar,2026-08-21T01:55:25Z
2026-08-21T01:53:59Z,2026-08-21T03:53:59+0200,dab098cd-e140-4c97-b435-f000c3ac97ba,2026-08-12T09:00:00Z,2026-08-12T11:00:00+0200,16975.75,MW,FR,FR,actual_solar_generation,Solar,2026-08-21T01:55:25Z
2026-08-21T01:53:59Z,2026-08-21T03:53:59+0200,dab098cd-e140-4c97-b435-f000c3ac97ba,2026-08-12T09:15:00Z,2026-08-12T11:15:00+0200,17833.56,MW,FR,FR,actual_solar_generation,Solar,2026-08-21T01:55:25Z
2026-08-21T01:53:59Z,2026-08-21T03:53:59+0200,dab098cd-e140-4c97-b435-f000c3ac97ba,2026-08-12T09:30:00Z,2026-08-12T11:30:00+0200,18597.53,MW,FR,FR,actual_solar_generation,Solar,2026-08-21T01:55:25Z
2026-08-21T01:53:59Z,2026-08-21T03:53:59+0200,dab098cd-e140-4c97-b435-f000c3ac97ba,2026-08-12T09:45:00Z,2026-08-12T11:45:00+0200,19149.68,MW,FR,FR,actual_solar_generation,Solar,2026-08-21T01:55:25Z
2026-08-21T01:53:59Z,2026-08-21T03:53:59+0200,dab098cd-e140-4c97-b435-f000c3ac97ba,2026-08-12T10:00:00Z,2026-08-12T12:00:00+0200,19679.43,MW,FR,FR,actual_solar_generation,Solar,2026-08-21T01:55:25Z
2026-08-21T01:53:59Z,2026-08-21T03:53:59+0200,dab098cd-e140-4c97-b435-f000c3ac97ba,2026-08-12T10:15:00Z,2026-08-12T12:15:00+0200,20146.61,MW,FR,FR,actual_solar_generation,Solar,2026-08-21T01:55:25Z
2026-08-21T01:53:59Z,2026-08-21T03:53:59+0200,dab098cd-e140-4c97-b435-f000c3ac97ba,2026-08-12T10:30:00Z,2026-08-12T12:30:00+0200,20485.59,MW,FR,FR,actual_solar_generation,Solar,2026-08-21T01:55:25Z
2026-08-21T01:53:59Z,2026-08-21T03:53:59+0200,dab098cd-e140-4c97-b435-f000c3ac97ba,2026-08-12T10:45:00Z,2026-08-12T12:45:00+0200,20757.51,MW,FR,FR,actual_solar_generation,Solar,2026-08-21T01:55:25Z
2026-08-21T01:53:59Z,2026-08-21T03:53:59+0200,dab098cd-e140-4c97-b435-f000c3ac97ba,2026-08-12T11:00:00Z,2026-08-12T13:00:00+0200,20890.73,MW,FR,FR,actual_solar_generation,Solar,2026-08-21T01:55:25Z
2026-08-21T01:53:59Z,2026-08-21T03:53:59+0200,dab098cd-e140-4c97-b435-f000c3ac97ba,2026-08-12T11:15:00Z,2026-08-12T13:15:00+0200,21070.09,MW,FR,FR,actual_solar_generation,Solar,2026-08-21T01:55:25Z
2026-08-21T01:53:59Z,2026-08-21T03:53:59+0200,dab098cd-e140-4c97-b435-f000c3ac97ba,2026-08-12T11:30:00Z,2026-08-12T13:30:00+0200,21103.72,MW,FR,FR,actual_solar_generation,Solar,2026-08-21T01:55:25Z
2026-08-21T01:53:59Z,2026-08-21T03:53:59+0200,dab098cd-e140-4c97-b435-f000c3ac97ba,2026-08-12T11:45:00Z,2026-08-12T13:45:00+0200,21094.39,MW,FR,FR,actual_solar_generation,Solar,2026-08-21T01:55:25Z
2026-08-21T01:53:59Z,2026-08-21T03:53:59+0200,dab098cd-e140-4c97-b435-f000c3ac97ba,2026-08-12T12:00:00Z,2026-08-12T14:00:00+0200,20939.83,MW,FR,FR,actual_solar_generation,Solar,2026-08-21T01:55:25Z
2026-08-21T01:53:59Z,2026-08-21T03:53:59+0200,dab098cd-e140-4c97-b435-f000c3ac97ba,2026-08-12T12:15:00Z,2026-08-12T14:15:00+0200,20848.04,MW,FR,FR,actual_solar_generation,Solar,2026-08-21T01:55:25Z
2026-08-21T01:53:59Z,2026-08-21T03:53:59+0200,dab098cd-e140-4c97-b435-f000c3ac97ba,2026-08-12T12:30:00Z,2026-08-12T14:30:00+0200,20723.25,MW,FR,FR,actual_solar_generation,Solar,2026-08-21T01:55:25Z
2026-08-21T01:53:59Z,2026-08-21T03:53:59+0200,dab098cd-e140-4c97-b435-f000c3ac97ba,2026-08-12T12:45:00Z,2026-08-12T14:45:00+0200,20533.88,MW,FR,FR,actual_solar_generation,Solar,2026-08-21T01:55:25Z
2026-08-21T01:53:59Z,2026-08-21T03:53:59+0200,dab098cd-e140-4c97-b435-f000c3ac97ba,2026-08-12T13:00:00Z,2026-08-12T15:00:00+0200,20321.11,MW,FR,FR,actual_solar_generation,Solar,2026-08-21T01:55:25Z
2026-08-21T01:53:59Z,2026-08-21T03:53:59+0200,dab098cd-e140-4c97-b435-f000c3ac97ba,2026-08-12T13:15:00Z,2026-08-12T15:15:00+0200,19965.52,MW,FR,FR,actual_solar_generation,Solar,2026-08-21T01:55:25Z
2026-08-21T01:53:59Z,2026-08-21T03:53:59+0200,dab098cd-e140-4c97-b435-f000c3ac97ba,2026-08-12T13:30:00Z,2026-08-12T15:30:00+0200,19623.99,MW,FR,FR,actual_solar_generation,Solar,2026-08-21T01:55:25Z
2026-08-21T01:53:59Z,2026-08-21T03:53:59+0200,dab098cd-e140-4c97-b435-f000c3ac97ba,2026-08-12T13:45:00Z,2026-08-12T15:45:00+0200,19081.7,MW,FR,FR,actual_solar_generation,Solar,2026-08-21T01:55:25Z
2026-08-21T01:53:59Z,2026-08-21T03:53:59+0200,dab098cd-e140-4c97-b435-f000c3ac97ba,2026-08-12T14:00:00Z,2026-08-12T16:00:00+0200,18537.46,MW,FR,FR,actual_solar_generation,Solar,2026-08-21T01:55:25Z
2026-08-21T01:53:59Z,2026-08-21T03:53:59+0200,dab098cd-e140-4c97-b435-f000c3ac97ba,2026-08-12T14:15:00Z,2026-08-12T16:15:00+0200,17800.86,MW,FR,FR,actual_solar_generation,Solar,2026-08-21T01:55:25Z
2026-08-21T01:53:59Z,2026-08-21T03:53:59+0200,dab098cd-e140-4c97-b435-f000c3ac97ba,2026-08-12T14:30:00Z,2026-08-12T16:30:00+0200,17014.15,MW,FR,FR,actual_solar_generation,Solar,2026-08-21T01:55:25Z
2026-08-21T01:53:59Z,2026-08-21T03:53:59+0200,dab098cd-e140-4c97-b435-f000c3ac97ba,2026-08-12T14:45:00Z,2026-08-12T16:45:00+0200,16212.23,MW,FR,FR,actual_solar_generation,Solar,2026-08-21T01:55:25Z
2026-08-21T01:53:59Z,2026-08-21T03:53:59+0200,dab098cd-e140-4c97-b435-f000c3ac97ba,2026-08-12T15:00:00Z,2026-08-12T17:00:00+0200,15349.71,MW,FR,FR,actual_solar_generation,Solar,2026-08-21T01:55:25Z
2026-08-21T01:53:59Z,2026-08-21T03:53:59+0200,dab098cd-e140-4c97-b435-f000c3ac97ba,2026-08-12T15:15:00Z,2026-08-12T17:15:00+0200,14403.75,MW,FR,FR,actual_solar_generation,Solar,2026-08-21T01:55:25Z
2026-08-21T01:53:59Z,2026-08-21T03:53:59+0200,dab098cd-e140-4c97-b435-f000c3ac97ba,2026-08-12T15:30:00Z,2026-08-12T17:30:00+0200,13350.61,MW,FR,FR,actual_solar_generation,Solar,2026-08-21T01:55:25Z
2026-08-21T01:53:59Z,2026-08-21T03:53:59+0200,dab098cd-e140-4c97-b435-f000c3ac97ba,2026-08-12T15:45:00Z,2026-08-12T17:45:00+0200,12345.04,MW,FR,FR,actual_solar_generation,Solar,2026-08-21T01:55:25Z
2026-08-21T01:53:59Z,2026-08-21T03:53:59+0200,dab098cd-e140-4c97-b435-f000c3ac97ba,2026-08-12T16:00:00Z,2026-08-12T18:00:00+0200,11178.5,MW,FR,FR,actual_solar_generation,Solar,2026-08-21T01:55:25Z
2026-08-21T01:53:59Z,2026-08-21T03:53:59+0200,dab098cd-e140-4c97-b435-f000c3ac97ba,2026-08-12T16:15:00Z,2026-08-12T18:15:00+0200,9873.08,MW,FR,FR,actual_solar_generation,Solar,2026-08-21T01:55:25Z
2026-08-21T01:53:59Z,2026-08-21T03:53:59+0200,dab098cd-e140-4c97-b435-f000c3ac97ba,2026-08-12T16:30:00Z,2026-08-12T18:30:00+0200,8611.46,MW,FR,FR,actual_solar_generation,Solar,2026-08-21T01:55:25Z
2026-08-21T01:53:59Z,2026-08-21T03:53:59+0200,dab098cd-e140-4c97-b435-f000c3ac97ba,2026-08-12T16:45:00Z,2026-08-12T18:45:00+0200,7175.46,MW,FR,FR,actual_solar_generation,Solar,2026-08-21T01:55:25Z
2026-08-21T01:53:59Z,2026-08-21T03:53:59+0200,dab098cd-e140-4c97-b435-f000c3ac97ba,2026-08-12T17:00:00Z,2026-08-12T19:00:00+0200,5800.0,MW,FR,FR,actual_solar_generation,Solar,2026-08-21T01:55:25Z
2026-08-21T01:53:59Z,2026-08-21T03:53:59+0200,dab098cd-e140-4c97-b435-f000c3ac97ba,2026-08-12T17:15:00Z,2026-08-12T19:15:00+0200,4528.45,MW,FR,FR,actual_solar_generation,Solar,2026-08-21T01:55:25Z
2026-08-21T01:53:59Z,2026-08-21T03:53:59+0200,dab098cd-e140-4c97-b435-f000c3ac97ba,2026-08-12T17:30:00Z,2026-08-12T19:30:00+0200,3267.38,MW,FR,FR,actual_solar_generation,Solar,2026-08-21T01:55:25Z
2026-08-21T01:53:59Z,2026-08-21T03:53:59+0200,dab098cd-e140-4c97-b435-f000c3ac97ba,2026-08-12T17:45:00Z,2026-08-12T19:45:00+0200,2212.67,MW,FR,FR,actual_solar_generation,Solar,2026-08-21T01:55:25Z
2026-08-21T01:53:59Z,2026-08-21T03:53:59+0200,dab098cd-e140-4c97-b435-f000c3ac97ba,2026-08-12T18:00:00Z,2026-08-12T20:00:00+0200,1350.75,MW,FR,FR,actual_solar_generation,Solar,2026-08-21T01:55:25Z
2026-08-21T01:53:59Z,2026-08-21T03:53:59+0200,dab098cd-e140-4c97-b435-f000c3ac97ba,2026-08-12T18:15:00Z,2026-08-12T20:15:00+0200,816.36,MW,FR,FR,actual_solar_generation,Solar,2026-08-21T01:55:25Z
2026-08-21T01:53:59Z,2026-08-21T03:53:59+0200,dab098cd-e140-4c97-b435-f000c3ac97ba,2026-08-12T18:30:00Z,2026-08-12T20:30:00+0200,522.98,MW,FR,FR,actual_solar_generation,Solar,2026-08-21T01:55:25Z
2026-08-21T01:53:59Z,2026-08-21T03:53:59+0200,dab098cd-e140-4c97-b435-f000c3ac97ba,2026-08-12T18:45:00Z,2026-08-12T20:45:00+0200,401.23,MW,FR,FR,actual_solar_generation,Solar,2026-08-21T01:55:25Z
2026-08-21T01:53:59Z,2026-08-21T03:53:59+0200,dab098cd-e140-4c97-b435-f000c3ac97ba,2026-08-12T19:00:00Z,2026-08-12T21:00:00+0200,304.14,MW,FR,FR,actual_solar_generation,Solar,2026-08-21T01:55:25Z
2026-08-21T01:53:59Z,2026-08-21T03:53:59+0200,dab098cd-e140-4c97-b435-f000c3ac97ba,2026-08-12T19:15:00Z,2026-08-12T21:15:00+0200,255.28,MW,FR,FR,actual_solar_generation,Solar,2026-08-21T01:55:25Z
2026-08-21T01:53:59Z,2026-08-21T03:53:59+0200,dab098cd-e140-4c97-b435-f000c3ac97ba,2026-08-12T19:30:00Z,2026-08-12T21:30:00+0200,250.02,MW,FR,FR,actual_solar_generation,Solar,2026-08-21T01:55:25Z
2026-08-21T01:53:59Z,2026-08-21T03:53:59+0200,dab098cd-e140-4c97-b435-f000c3ac97ba,2026-08-12T19:45:00Z,2026-08-12T21:45:00+0200,245.7,MW,FR,FR,actual_solar_generation,Solar,2026-08-21T01:55:25Z
2026-08-21T01:53:59Z,2026-08-21T03:53:59+0200,dab098cd-e140-4c97-b435-f000c3ac97ba,2026-08-12T20:00:00Z,2026-08-12T22:00:00+0200,245.42,MW,FR,FR,actual_solar_generation,Solar,2026-08-21T01:55:25Z
2026-08-21T01:53:59Z,2026-08-21T03:53:59+0200,dab098cd-e140-4c97-b435-f000c3ac97ba,2026-08-12T20:15:00Z,2026-08-12T22:15:00+0200,243.55,MW,FR,FR,actual_solar_generation,Solar,2026-08-21T01:55:25Z
2026-08-21T01:53:59Z,2026-08-21T03:53:59+0200,dab098cd-e140-4c97-b435-f000c3ac97ba,2026-08-12T20:30:00Z,2026-08-12T22:30:00+0200,250.9,MW,FR,FR,actual_solar_generation,Solar,2026-08-21T01:55:25Z
2026-08-21T01:53:59Z,2026-08-21T03:53:59+0200,dab098cd-e140-4c97-b435-f000c3ac97ba,2026-08-12T20:45:00Z,2026-08-12T22:45:00+0200,250.54,MW,FR,FR,actual_solar_generation,Solar,2026-08-21T01:55:25Z
2026-08-21T01:53:59Z,2026-08-21T03:53:59+0200,dab098cd-e140-4c97-b435-f000c3ac97ba,2026-08-12T21:00:00Z,2026-08-12T23:00:00+0200,0.0,MW,FR,FR,actual_solar_generation,Solar,2026-08-21T01:55:25Z
2026-08-21T01:53:59Z,2026-08-21T03:53:59+0200,dab098cd-e140-4c97-b435-f000c3ac97ba,2026-08-12T21:15:00Z,2026-08-12T23:15:00+0200,0.0,MW,FR,FR,actual_solar_generation,Solar,2026-08-21T01:55:25Z
2026-08-21T01:53:59Z,2026-08-21T03:53:59+0200,dab098cd-e140-4c97-b435-f000c3ac97ba,2026-08-12T21:30:00Z,2026-08-12T23:30:00+0200,0.0,MW,FR,FR,actual_solar_generation,Solar,2026-08-21T01:55:25Z
2026-08-21T01:53:59Z,2026-08-21T03:53:59+0200,dab098cd-e140-4c97-b435-f000c3ac97ba,2026-08-12T21:45:00Z,2026-08-12T23:45:00+0200,0.0,MW,FR,FR,actual_solar_generation,Solar,2026-08-21T01:55:25Z
2026-08-21T01:53:59Z,2026-08-21T03:53:59+0200,dab098cd-e140-4c97-b435-f000c3ac97ba,2026-08-12T22:00:00Z,2026-08-13T00:00:00+0200,0.0,MW,FR,FR,actual_solar_generation,Solar,2026-08-21T01:55:25Z
2026-08-21T01:53:59Z,2026-08-21T03:53:59+0200,dab098cd-e140-4c97-b435-f000c3ac97ba,2026-08-12T22:15:00Z,2026-08-13T00:15:00+0200,0.0,MW,FR,FR,actual_solar_generation,Solar,2026-08-21T01:55:25Z
2026-08-21T01:53:59Z,2026-08-21T03:53:59+0200,dab098cd-e140-4c97-b435-f000c3ac97ba,2026-08-12T22:30:00Z,2026-08-13T00:30:00+0200,0.0,MW,FR,FR,actual_solar_generation,Solar,2026-08-21T01:55:25Z
2026-08-21T01:53:59Z,2026-08-21T03:53:59+0200,dab098cd-e140-4c97-b435-f000c3ac97ba,2026-08-12T22:45:00Z,2026-08-13T00:45:00+0200,0.0,MW,FR,FR,actual_solar_generation,Solar,2026-08-21T01:55:25Z
2026-08-21T01:53:59Z,2026-08-21T03:53:59+0200,dab098cd-e140-4c97-b435-f000c3ac97ba,2026-08-12T23:00:00Z,2026-08-13T01:00:00+0200,0.0,MW,FR,FR,actual_solar_generation,Solar,2026-08-21T01:55:25Z
2026-08-21T01:53:59Z,2026-08-21T03:53:59+0200,dab098cd-e140-4c97-b435-f000c3ac97ba,2026-08-12T23:15:00Z,2026-08-13T01:15:00+0200,0.0,MW,FR,FR,actual_solar_generation,Solar,2026-08-21T01:55:25Z
2026-08-21T01:53:59Z,2026-08-21T03:53:59+0200,dab098cd-e140-4c97-b435-f000c3ac97ba,2026-08-12T23:30:00Z,2026-08-13T01:30:00+0200,0.0,MW,FR,FR,actual_solar_generation,Solar,2026-08-21T01:55:25Z
2026-08-21T01:53:59Z,2026-08-21T03:53:59+0200,dab098cd-e140-4c97-b435-f000c3ac97ba,2026-08-12T23:45:00Z,2026-08-13T01:45:00+0200,0.0,MW,FR,FR,actual_solar_generation,Solar,2026-08-21T01:55:25Z
2026-08-21T01:53:59Z,2026-08-21T03:53:59+0200,dab098cd-e140-4c97-b435-f000c3ac97ba,2026-08-13T00:00:00Z,2026-08-13T02:00:00+0200,0.0,MW,FR,FR,actual_solar_generation,Solar,2026-08-21T01:55:25Z
2026-08-21T01:53:59Z,2026-08-21T03:53:59+0200,dab098cd-e140-4c97-b435-f000c3ac97ba,2026-08-13T00:15:00Z,2026-08-13T02:15:00+0200,0.0,MW,FR,FR,actual_solar_generation,Solar,2026-08-21T01:55:25Z
2026-08-21T01:53:59Z,2026-08-21T03:53:59+0200,dab098cd-e140-4c97-b435-f000c3ac97ba,2026-08-13T00:30:00Z,2026-08-13T02:30:00+0200,0.0,MW,FR,FR,actual_solar_generation,Solar,2026-08-21T01:55:25Z
2026-08-21T01:53:59Z,2026-08-21T03:53:59+0200,dab098cd-e140-4c97-b435-f000c3ac97ba,2026-08-13T00:45:00Z,2026-08-13T02:45:00+0200,0.0,MW,FR,FR,actual_solar_generation,Solar,2026-08-21T01:55:25Z
2026-08-21T01:53:59Z,2026-08-21T03:53:59+0200,dab098cd-e140-4c97-b435-f000c3ac97ba,2026-08-13T01:00:00Z,2026-08-13T03:00:00+0200,0.0,MW,FR,FR,actual_solar_generation,Solar,2026-08-21T01:55:25Z
2026-08-21T01:53:59Z,2026-08-21T03:53:59+0200,dab098cd-e140-4c97-b435-f000c3ac97ba,2026-08-13T01:15:00Z,2026-08-13T03:15:00+0200,0.0,MW,FR,FR,actual_solar_generation,Solar,2026-08-21T01:55:25Z
2026-08-21T01:53:59Z,2026-08-21T03:53:59+0200,dab098cd-e140-4c97-b435-f000c3ac97ba,2026-08-13T01:30:00Z,2026-08-13T03:30:00+0200,0.0,MW,FR,FR,actual_solar_generation,Solar,2026-08-21T01:55:25Z
2026-08-21T01:53:59Z,2026-08-21T03:53:59+0200,dab098cd-e140-4c97-b435-f000c3ac97ba,2026-08-13T01:45:00Z,2026-08-13T03:45:00+0200,0.0,MW,FR,FR,actual_solar_generation,Solar,2026-08-21T01:55:25Z
2026-08-21T01:53:59Z,2026-08-21T03:53:59+0200,dab098cd-e140-4c97-b435-f000c3ac97ba,2026-08-13T02:00:00Z,2026-08-13T04:00:00+0200,0.0,MW,FR,FR,actual_solar_generation,Solar,2026-08-21T01:55:25Z
2026-08-21T01:53:59Z,2026-08-21T03:53:59+0200,dab098cd-e140-4c97-b435-f000c3ac97ba,2026-08-13T02:15:00Z,2026-08-13T04:15:00+0200,0.0,MW,FR,FR,actual_solar_generation,Solar,2026-08-21T01:55:25Z
2026-08-21T01:53:59Z,2026-08-21T03:53:59+0200,dab098cd-e140-4c97-b435-f000c3ac97ba,2026-08-13T02:30:00Z,2026-08-13T04:30:00+0200,0.0,MW,FR,FR,actual_solar_generation,Solar,2026-08-21T01:55:25Z
2026-08-21T01:53:59Z,2026-08-21T03:53:59+0200,dab098cd-e140-4c97-b435-f000c3ac97ba,2026-08-13T02:45:00Z,2026-08-13T04:45:00+0200,0.0,MW,FR,FR,actual_solar_generation,Solar,2026-08-21T01:55:25Z
2026-08-21T01:53:59Z,2026-08-21T03:53:59+0200,dab098cd-e140-4c97-b435-f000c3ac97ba,2026-08-13T03:00:00Z,2026-08-13T05:00:00+0200,0.0,MW,FR,FR,actual_solar_generation,Solar,2026-08-21T01:55:25Z
2026-08-21T01:53:59Z,2026-08-21T03:53:59+0200,dab098cd-e140-4c97-b435-f000c3ac97ba,2026-08-13T03:15:00Z,2026-08-13T05:15:00+0200,0.0,MW,FR,FR,actual_solar_generation,Solar,2026-08-21T01:55:25Z
2026-08-21T01:53:59Z,2026-08-21T03:53:59+0200,dab098cd-e140-4c97-b435-f000c3ac97ba,2026-08-13T03:30:00Z,2026-08-13T05:30:00+0200,0.0,MW,FR,FR,actual_solar_generation,Solar,2026-08-21T01:55:25Z
2026-08-21T01:53:59Z,2026-08-21T03:53:59+0200,dab098cd-e140-4c97-b435-f000c3ac97ba,2026-08-13T03:45:00Z,2026-08-13T05:45:00+0200,0.0,MW,FR,FR,actual_solar_generation,Solar,2026-08-21T01:55:25Z
2026-08-21T01:53:59Z,2026-08-21T03:53:59+0200,dab098cd-e140-4c97-b435-f000c3ac97ba,2026-08-13T04:00:00Z,2026-08-13T06:00:00+0200,240.81,MW,FR,FR,actual_solar_generation,Solar,2026-08-21T01:55:25Z
2026-08-21T01:53:59Z,2026-08-21T03:53:59+0200,dab098cd-e140-4c97-b435-f000c3ac97ba,2026-08-13T04:15:00Z,2026-08-13T06:15:00+0200,249.18,MW,FR,FR,actual_solar_generation,Solar,2026-08-21T01:55:25Z
2026-08-21T01:53:59Z,2026-08-21T03:53:59+0200,dab098cd-e140-4c97-b435-f000c3ac97ba,2026-08-13T04:30:00Z,2026-08-13T06:30:00+0200,285.09,MW,FR,FR,actual_solar_generation,Solar,2026-08-21T01:55:25Z
2026-08-21T01:53:59Z,2026-08-21T03:53:59+0200,dab098cd-e140-4c97-b435-f000c3ac97ba,2026-08-13T04:45:00Z,2026-08-13T06:45:00+0200,383.58,MW,FR,FR,actual_solar_generation,Solar,2026-08-21T01:55:25Z
2026-08-21T01:53:59Z,2026-08-21T03:53:59+0200,dab098cd-e140-4c97-b435-f000c3ac97ba,2026-08-13T05:00:00Z,2026-08-13T07:00:00+0200,544.02,MW,FR,FR,actual_solar_generation,Solar,2026-08-21T01:55:25Z
2026-08-21T01:53:59Z,2026-08-21T03:53:59+0200,dab098cd-e140-4c97-b435-f000c3ac97ba,2026-08-13T05:15:00Z,2026-08-13T07:15:00+0200,746.83,MW,FR,FR,actual_solar_generation,Solar,2026-08-21T01:55:25Z
2026-08-21T01:53:59Z,2026-08-21T03:53:59+0200,dab098cd-e140-4c97-b435-f000c3ac97ba,2026-08-13T05:30:00Z,2026-08-13T07:30:00+0200,1127.74,MW,FR,FR,actual_solar_generation,Solar,2026-08-21T01:55:25Z
2026-08-21T01:53:59Z,2026-08-21T03:53:59+0200,dab098cd-e140-4c97-b435-f000c3ac97ba,2026-08-13T05:45:00Z,2026-08-13T07:45:00+0200,1747.35,MW,FR,FR,actual_solar_generation,Solar,2026-08-21T01:55:25Z
2026-08-21T01:53:59Z,2026-08-21T03:53:59+0200,dab098cd-e140-4c97-b435-f000c3ac97ba,2026-08-13T06:00:00Z,2026-08-13T08:00:00+0200,2603.33,MW,FR,FR,actual_solar_generation,Solar,2026-08-21T01:55:25Z
2026-08-21T01:53:59Z,2026-08-21T03:53:59+0200,dab098cd-e140-4c97-b435-f000c3ac97ba,2026-08-13T06:15:00Z,2026-08-13T08:15:00+0200,3643.65,MW,FR,FR,actual_solar_generation,Solar,2026-08-21T01:55:25Z
2026-08-21T01:53:59Z,2026-08-21T03:53:59+0200,dab098cd-e140-4c97-b435-f000c3ac97ba,2026-08-13T06:30:00Z,2026-08-13T08:30:00+0200,4804.16,MW,FR,FR,actual_solar_generation,Solar,2026-08-21T01:55:25Z
2026-08-21T01:53:59Z,2026-08-21T03:53:59+0200,dab098cd-e140-4c97-b435-f000c3ac97ba,2026-08-13T06:45:00Z,2026-08-13T08:45:00+0200,6121.6,MW,FR,FR,actual_solar_generation,Solar,2026-08-21T01:55:25Z
2026-08-21T01:53:59Z,2026-08-21T03:53:59+0200,dab098cd-e140-4c97-b435-f000c3ac97ba,2026-08-13T07:00:00Z,2026-08-13T09:00:00+0200,7497.58,MW,FR,FR,actual_solar_generation,Solar,2026-08-21T01:55:25Z
2026-08-21T01:53:59Z,2026-08-21T03:53:59+0200,dab098cd-e140-4c97-b435-f000c3ac97ba,2026-08-13T07:15:00Z,2026-08-13T09:15:00+0200,8918.51,MW,FR,FR,actual_solar_generation,Solar,2026-08-21T01:55:25Z
2026-08-21T01:53:59Z,2026-08-21T03:53:59+0200,dab098cd-e140-4c97-b435-f000c3ac97ba,2026-08-13T07:30:00Z,2026-08-13T09:30:00+0200,10290.66,MW,FR,FR,actual_solar_generation,Solar,2026-08-21T01:55:25Z
2026-08-21T01:53:59Z,2026-08-21T03:53:59+0200,dab098cd-e140-4c97-b435-f000c3ac97ba,2026-08-13T07:45:00Z,2026-08-13T09:45:00+0200,11590.95,MW,FR,FR,actual_solar_generation,Solar,2026-08-21T01:55:25Z
2026-08-21T01:53:59Z,2026-08-21T03:53:59+0200,dab098cd-e140-4c97-b435-f000c3ac97ba,2026-08-13T08:00:00Z,2026-08-13T10:00:00+0200,12920.24,MW,FR,FR,actual_solar_generation,Solar,2026-08-21T01:55:25Z
2026-08-21T01:53:59Z,2026-08-21T03:53:59+0200,dab098cd-e140-4c97-b435-f000c3ac97ba,2026-08-13T08:15:00Z,2026-08-13T10:15:00+0200,14163.64,MW,FR,FR,actual_solar_generation,Solar,2026-08-21T01:55:25Z
2026-08-21T01:53:59Z,2026-08-21T03:53:59+0200,dab098cd-e140-4c97-b435-f000c3ac97ba,2026-08-13T08:30:00Z,2026-08-13T10:30:00+0200,15196.98,MW,FR,FR,actual_solar_generation,Solar,2026-08-21T01:55:25Z
2026-08-21T01:53:59Z,2026-08-21T03:53:59+0200,dab098cd-e140-4c97-b435-f000c3ac97ba,2026-08-13T08:45:00Z,2026-08-13T10:45:00+0200,16003.01,MW,FR,FR,actual_solar_generation,Solar,2026-08-21T01:55:25Z
2026-08-21T01:53:59Z,2026-08-21T03:53:59+0200,dab098cd-e140-4c97-b435-f000c3ac97ba,2026-08-13T09:00:00Z,2026-08-13T11:00:00+0200,16867.23,MW,FR,FR,actual_solar_generation,Solar,2026-08-21T01:55:25Z
2026-08-21T01:53:59Z,2026-08-21T03:53:59+0200,dab098cd-e140-4c97-b435-f000c3ac97ba,2026-08-13T09:15:00Z,2026-08-13T11:15:00+0200,17809.92,MW,FR,FR,actual_solar_generation,Solar,2026-08-21T01:55:25Z
2026-08-21T01:53:59Z,2026-08-21T03:53:59+0200,dab098cd-e140-4c97-b435-f000c3ac97ba,2026-08-13T09:30:00Z,2026-08-13T11:30:00+0200,18495.35,MW,FR,FR,actual_solar_generation,Solar,2026-08-21T01:55:25Z
2026-08-21T01:53:59Z,2026-08-21T03:53:59+0200,dab098cd-e140-4c97-b435-f000c3ac97ba,2026-08-13T09:45:00Z,2026-08-13T11:45:00+0200,19114.97,MW,FR,FR,actual_solar_generation,Solar,2026-08-21T01:55:25Z
2026-08-21T01:53:59Z,2026-08-21T03:53:59+0200,dab098cd-e140-4c97-b435-f000c3ac97ba,2026-08-13T10:00:00Z,2026-08-13T12:00:00+0200,19621.37,MW,FR,FR,actual_solar_generation,Solar,2026-08-21T01:55:25Z
2026-08-21T01:53:59Z,2026-08-21T03:53:59+0200,dab098cd-e140-4c97-b435-f000c3ac97ba,2026-08-13T10:15:00Z,2026-08-13T12:15:00+0200,20083.83,MW,FR,FR,actual_solar_generation,Solar,2026-08-21T01:55:25Z
2026-08-21T01:53:59Z,2026-08-21T03:53:59+0200,dab098cd-e140-4c97-b435-f000c3ac97ba,2026-08-13T10:30:00Z,2026-08-13T12:30:00+0200,20459.72,MW,FR,FR,actual_solar_generation,Solar,2026-08-21T01:55:25Z
2026-08-21T01:53:59Z,2026-08-21T03:53:59+0200,dab098cd-e140-4c97-b435-f000c3ac97ba,2026-08-13T10:45:00Z,2026-08-13T12:45:00+0200,20665.73,MW,FR,FR,actual_solar_generation,Solar,2026-08-21T01:55:25Z
2026-08-21T01:53:59Z,2026-08-21T03:53:59+0200,dab098cd-e140-4c97-b435-f000c3ac97ba,2026-08-13T11:00:00Z,2026-08-13T13:00:00+0200,20904.5,MW,FR,FR,actual_solar_generation,Solar,2026-08-21T01:55:25Z
2026-08-21T01:53:59Z,2026-08-21T03:53:59+0200,dab098cd-e140-4c97-b435-f000c3ac97ba,2026-08-13T11:15:00Z,2026-08-13T13:15:00+0200,21070.55,MW,FR,FR,actual_solar_generation,Solar,2026-08-21T01:55:25Z
2026-08-21T01:53:59Z,2026-08-21T03:53:59+0200,dab098cd-e140-4c97-b435-f000c3ac97ba,2026-08-13T11:30:00Z,2026-08-13T13:30:00+0200,21119.97,MW,FR,FR,actual_solar_generation,Solar,2026-08-21T01:55:25Z
2026-08-21T01:53:59Z,2026-08-21T03:53:59+0200,dab098cd-e140-4c97-b435-f000c3ac97ba,2026-08-13T11:45:00Z,2026-08-13T13:45:00+0200,21163.77,MW,FR,FR,actual_solar_generation,Solar,2026-08-21T01:55:25Z
2026-08-21T01:53:59Z,2026-08-21T03:53:59+0200,dab098cd-e140-4c97-b435-f000c3ac97ba,2026-08-13T12:00:00Z,2026-08-13T14:00:00+0200,21104.97,MW,FR,FR,actual_solar_generation,Solar,2026-08-21T01:55:25Z
2026-08-21T01:53:59Z,2026-08-21T03:53:59+0200,dab098cd-e140-4c97-b435-f000c3ac97ba,2026-08-13T12:15:00Z,2026-08-13T14:15:00+0200,20975.12,MW,FR,FR,actual_solar_generation,Solar,2026-08-21T01:55:25Z
2026-08-21T01:53:59Z,2026-08-21T03:53:59+0200,dab098cd-e140-4c97-b435-f000c3ac97ba,2026-08-13T12:30:00Z,2026-08-13T14:30:00+0200,20647.1,MW,FR,FR,actual_solar_generation,Solar,2026-08-21T01:55:25Z
2026-08-21T01:53:59Z,2026-08-21T03:53:59+0200,dab098cd-e140-4c97-b435-f000c3ac97ba,2026-08-13T12:45:00Z,2026-08-13T14:45:00+0200,20457.45,MW,FR,FR,actual_solar_generation,Solar,2026-08-21T01:55:25Z
2026-08-21T01:53:59Z,2026-08-21T03:53:59+0200,dab098cd-e140-4c97-b435-f000c3ac97ba,2026-08-13T13:00:00Z,2026-08-13T15:00:00+0200,20217.44,MW,FR,FR,actual_solar_generation,Solar,2026-08-21T01:55:25Z
2026-08-21T01:53:59Z,2026-08-21T03:53:59+0200,dab098cd-e140-4c97-b435-f000c3ac97ba,2026-08-13T13:15:00Z,2026-08-13T15:15:00+0200,19823.2,MW,FR,FR,actual_solar_generation,Solar,2026-08-21T01:55:25Z
2026-08-21T01:53:59Z,2026-08-21T03:53:59+0200,dab098cd-e140-4c97-b435-f000c3ac97ba,2026-08-13T13:30:00Z,2026-08-13T15:30:00+0200,19389.84,MW,FR,FR,actual_solar_generation,Solar,2026-08-21T01:55:25Z
2026-08-21T01:53:59Z,2026-08-21T03:53:59+0200,dab098cd-e140-4c97-b435-f000c3ac97ba,2026-08-13T13:45:00Z,2026-08-13T15:45:00+0200,18862.71,MW,FR,FR,actual_solar_generation,Solar,2026-08-21T01:55:25Z
2026-08-21T01:53:59Z,2026-08-21T03:53:59+0200,dab098cd-e140-4c97-b435-f000c3ac97ba,2026-08-13T14:00:00Z,2026-08-13T16:00:00+0200,18228.58,MW,FR,FR,actual_solar_generation,Solar,2026-08-21T01:55:25Z
2026-08-21T01:53:59Z,2026-08-21T03:53:59+0200,dab098cd-e140-4c97-b435-f000c3ac97ba,2026-08-13T14:15:00Z,2026-08-13T16:15:00+0200,17609.14,MW,FR,FR,actual_solar_generation,Solar,2026-08-21T01:55:25Z
2026-08-21T01:53:59Z,2026-08-21T03:53:59+0200,dab098cd-e140-4c97-b435-f000c3ac97ba,2026-08-13T14:30:00Z,2026-08-13T16:30:00+0200,16928.68,MW,FR,FR,actual_solar_generation,Solar,2026-08-21T01:55:25Z
2026-08-21T01:53:59Z,2026-08-21T03:53:59+0200,dab098cd-e140-4c97-b435-f000c3ac97ba,2026-08-13T14:45:00Z,2026-08-13T16:45:00+0200,16071.56,MW,FR,FR,actual_solar_generation,Solar,2026-08-21T01:55:25Z
2026-08-21T01:53:59Z,2026-08-21T03:53:59+0200,dab098cd-e140-4c97-b435-f000c3ac97ba,2026-08-13T15:00:00Z,2026-08-13T17:00:00+0200,15208.38,MW,FR,FR,actual_solar_generation,Solar,2026-08-21T01:55:25Z
2026-08-21T01:53:59Z,2026-08-21T03:53:59+0200,dab098cd-e140-4c97-b435-f000c3ac97ba,2026-08-13T15:15:00Z,2026-08-13T17:15:00+0200,14285.42,MW,FR,FR,actual_solar_generation,Solar,2026-08-21T01:55:25Z
2026-08-21T01:53:59Z,2026-08-21T03:53:59+0200,dab098cd-e140-4c97-b435-f000c3ac97ba,2026-08-13T15:30:00Z,2026-08-13T17:30:00+0200,13276.68,MW,FR,FR,actual_solar_generation,Solar,2026-08-21T01:55:25Z
2026-08-21T01:53:59Z,2026-08-21T03:53:59+0200,dab098cd-e140-4c97-b435-f000c3ac97ba,2026-08-13T15:45:00Z,2026-08-13T17:45:00+0200,12194.58,MW,FR,FR,actual_solar_generation,Solar,2026-08-21T01:55:25Z
2026-08-21T01:53:59Z,2026-08-21T03:53:59+0200,dab098cd-e140-4c97-b435-f000c3ac97ba,2026-08-13T16:00:00Z,2026-08-13T18:00:00+0200,11038.32,MW,FR,FR,actual_solar_generation,Solar,2026-08-21T01:55:25Z
2026-08-21T01:53:59Z,2026-08-21T03:53:59+0200,dab098cd-e140-4c97-b435-f000c3ac97ba,2026-08-13T16:15:00Z,2026-08-13T18:15:00+0200,9750.24,MW,FR,FR,actual_solar_generation,Solar,2026-08-21T01:55:25Z
2026-08-21T01:53:59Z,2026-08-21T03:53:59+0200,dab098cd-e140-4c97-b435-f000c3ac97ba,2026-08-13T16:30:00Z,2026-08-13T18:30:00+0200,8499.69,MW,FR,FR,actual_solar_generation,Solar,2026-08-21T01:55:25Z
2026-08-21T01:53:59Z,2026-08-21T03:53:59+0200,dab098cd-e140-4c97-b435-f000c3ac97ba,2026-08-13T16:45:00Z,2026-08-13T18:45:00+0200,7164.9,MW,FR,FR,actual_solar_generation,Solar,2026-08-21T01:55:25Z
2026-08-21T01:53:59Z,2026-08-21T03:53:59+0200,dab098cd-e140-4c97-b435-f000c3ac97ba,2026-08-13T17:00:00Z,2026-08-13T19:00:00+0200,5869.41,MW,FR,FR,actual_solar_generation,Solar,2026-08-21T01:55:25Z
2026-08-21T01:53:59Z,2026-08-21T03:53:59+0200,dab098cd-e140-4c97-b435-f000c3ac97ba,2026-08-13T17:15:00Z,2026-08-13T19:15:00+0200,4633.17,MW,FR,FR,actual_solar_generation,Solar,2026-08-21T01:55:25Z
2026-08-21T01:53:59Z,2026-08-21T03:53:59+0200,dab098cd-e140-4c97-b435-f000c3ac97ba,2026-08-13T17:30:00Z,2026-08-13T19:30:00+0200,3516.1,MW,FR,FR,actual_solar_generation,Solar,2026-08-21T01:55:25Z
2026-08-21T01:53:59Z,2026-08-21T03:53:59+0200,dab098cd-e140-4c97-b435-f000c3ac97ba,2026-08-13T17:45:00Z,2026-08-13T19:45:00+0200,2600.58,MW,FR,FR,actual_solar_generation,Solar,2026-08-21T01:55:25Z
2026-08-21T01:53:59Z,2026-08-21T03:53:59+0200,dab098cd-e140-4c97-b435-f000c3ac97ba,2026-08-13T18:00:00Z,2026-08-13T20:00:00+0200,1788.66,MW,FR,FR,actual_solar_generation,Solar,2026-08-21T01:55:25Z
2026-08-21T01:53:59Z,2026-08-21T03:53:59+0200,dab098cd-e140-4c97-b435-f000c3ac97ba,2026-08-13T18:15:00Z,2026-08-13T20:15:00+0200,1192.51,MW,FR,FR,actual_solar_generation,Solar,2026-08-21T01:55:25Z
2026-08-21T01:53:59Z,2026-08-21T03:53:59+0200,dab098cd-e140-4c97-b435-f000c3ac97ba,2026-08-13T18:30:00Z,2026-08-13T20:30:00+0200,767.88,MW,FR,FR,actual_solar_generation,Solar,2026-08-21T01:55:25Z
2026-08-21T01:53:59Z,2026-08-21T03:53:59+0200,dab098cd-e140-4c97-b435-f000c3ac97ba,2026-08-13T18:45:00Z,2026-08-13T20:45:00+0200,480.15,MW,FR,FR,actual_solar_generation,Solar,2026-08-21T01:55:25Z
2026-08-21T01:53:59Z,2026-08-21T03:53:59+0200,dab098cd-e140-4c97-b435-f000c3ac97ba,2026-08-13T19:00:00Z,2026-08-13T21:00:00+0200,309.68,MW,FR,FR,actual_solar_generation,Solar,2026-08-21T01:55:25Z
2026-08-21T01:53:59Z,2026-08-21T03:53:59+0200,dab098cd-e140-4c97-b435-f000c3ac97ba,2026-08-13T19:15:00Z,2026-08-13T21:15:00+0200,246.49,MW,FR,FR,actual_solar_generation,Solar,2026-08-21T01:55:25Z
2026-08-21T01:53:59Z,2026-08-21T03:53:59+0200,dab098cd-e140-4c97-b435-f000c3ac97ba,2026-08-13T19:30:00Z,2026-08-13T21:30:00+0200,231.26,MW,FR,FR,actual_solar_generation,Solar,2026-08-21T01:55:25Z
2026-08-21T01:53:59Z,2026-08-21T03:53:59+0200,dab098cd-e140-4c97-b435-f000c3ac97ba,2026-08-13T19:45:00Z,2026-08-13T21:45:00+0200,225.8,MW,FR,FR,actual_solar_generation,Solar,2026-08-21T01:55:25Z
2026-08-21T01:53:59Z,2026-08-21T03:53:59+0200,dab098cd-e140-4c97-b435-f000c3ac97ba,2026-08-13T20:00:00Z,2026-08-13T22:00:00+0200,222.05,MW,FR,FR,actual_solar_generation,Solar,2026-08-21T01:55:25Z
2026-08-21T01:53:59Z,2026-08-21T03:53:59+0200,dab098cd-e140-4c97-b435-f000c3ac97ba,2026-08-13T20:15:00Z,2026-08-13T22:15:00+0200,221.07,MW,FR,FR,actual_solar_generation,Solar,2026-08-21T01:55:25Z
2026-08-21T01:53:59Z,2026-08-21T03:53:59+0200,dab098cd-e140-4c97-b435-f000c3ac97ba,2026-08-13T20:30:00Z,2026-08-13T22:30:00+0200,228.46,MW,FR,FR,actual_solar_generation,Solar,2026-08-21T01:55:25Z
2026-08-21T01:53:59Z,2026-08-21T03:53:59+0200,dab098cd-e140-4c97-b435-f000c3ac97ba,2026-08-13T20:45:00Z,2026-08-13T22:45:00+0200,229.65,MW,FR,FR,actual_solar_generation,Solar,2026-08-21T01:55:25Z
2026-08-21T01:53:59Z,2026-08-21T03:53:59+0200,dab098cd-e140-4c97-b435-f000c3ac97ba,2026-08-13T21:00:00Z,2026-08-13T23:00:00+0200,0.0,MW,FR,FR,actual_solar_generation,Solar,2026-08-21T01:55:25Z
2026-08-21T01:53:59Z,2026-08-21T03:53:59+0200,dab098cd-e140-4c97-b435-f000c3ac97ba,2026-08-13T21:15:00Z,2026-08-13T23:15:00+0200,0.0,MW,FR,FR,actual_solar_generation,Solar,2026-08-21T01:55:25Z
2026-08-21T01:53:59Z,2026-08-21T03:53:59+0200,dab098cd-e140-4c97-b435-f000c3ac97ba,2026-08-13T21:30:00Z,2026-08-13T23:30:00+0200,0.0,MW,FR,FR,actual_solar_generation,Solar,2026-08-21T01:55:25Z
2026-08-21T01:53:59Z,2026-08-21T03:53:59+0200,dab098cd-e140-4c97-b435-f000c3ac97ba,2026-08-13T21:45:00Z,2026-08-13T23:45:00+0200,0.0,MW,FR,FR,actual_solar_generation,Solar,2026-08-21T01:55:25Z
2026-08-21T01:53:59Z,2026-08-21T03:53:59+0200,dab098cd-e140-4c97-b435-f000c3ac97ba,2026-08-13T22:00:00Z,2026-08-14T00:00:00+0200,0.0,MW,FR,FR,actual_solar_generation,Solar,2026-08-21T01:55:25Z
2026-08-21T01:53:59Z,2026-08-21T03:53:59+0200,dab098cd-e140-4c97-b435-f000c3ac97ba,2026-08-13T22:15:00Z,2026-08-14T00:15:00+0200,0.0,MW,FR,FR,actual_solar_generation,Solar,2026-08-21T01:55:25Z
2026-08-21T01:53:59Z,2026-08-21T03:53:59+0200,dab098cd-e140-4c97-b435-f000c3ac97ba,2026-08-13T22:30:00Z,2026-08-14T00:30:00+0200,0.0,MW,FR,FR,actual_solar_generation,Solar,2026-08-21T01:55:25Z
2026-08-21T01:53:59Z,2026-08-21T03:53:59+0200,dab098cd-e140-4c97-b435-f000c3ac97ba,2026-08-13T22:45:00Z,2026-08-14T00:45:00+0200,0.0,MW,FR,FR,actual_solar_generation,Solar,2026-08-21T01:55:25Z
2026-08-21T01:53:59Z,2026-08-21T03:53:59+0200,dab098cd-e140-4c97-b435-f000c3ac97ba,2026-08-13T23:00:00Z,2026-08-14T01:00:00+0200,0.0,MW,FR,FR,actual_solar_generation,Solar,2026-08-21T01:55:25Z
2026-08-21T01:53:59Z,2026-08-21T03:53:59+0200,dab098cd-e140-4c97-b435-f000c3ac97ba,2026-08-13T23:15:00Z,2026-08-14T01:15:00+0200,0.0,MW,FR,FR,actual_solar_generation,Solar,2026-08-21T01:55:25Z
2026-08-21T01:53:59Z,2026-08-21T03:53:59+0200,dab098cd-e140-4c97-b435-f000c3ac97ba,2026-08-13T23:30:00Z,2026-08-14T01:30:00+0200,0.0,MW,FR,FR,actual_solar_generation,Solar,2026-08-21T01:55:25Z
2026-08-21T01:53:59Z,2026-08-21T03:53:59+0200,dab098cd-e140-4c97-b435-f000c3ac97ba,2026-08-13T23:45:00Z,2026-08-14T01:45:00+0200,0.0,MW,FR,FR,actual_solar_generation,Solar,2026-08-21T01:55:25Z
2026-08-21T01:53:59Z,2026-08-21T03:53:59+0200,dab098cd-e140-4c97-b435-f000c3ac97ba,2026-08-14T00:00:00Z,2026-08-14T02:00:00+0200,0.0,MW,FR,FR,actual_solar_generation,Solar,2026-08-21T01:55:25Z
2026-08-21T01:53:59Z,2026-08-21T03:53:59+0200,dab098cd-e140-4c97-b435-f000c3ac97ba,2026-08-14T00:15:00Z,2026-08-14T02:15:00+0200,0.0,MW,FR,FR,actual_solar_generation,Solar,2026-08-21T01:55:25Z
2026-08-21T01:53:59Z,2026-08-21T03:53:59+0200,dab098cd-e140-4c97-b435-f000c3ac97ba,2026-08-14T00:30:00Z,2026-08-14T02:30:00+0200,0.0,MW,FR,FR,actual_solar_generation,Solar,2026-08-21T01:55:25Z
2026-08-21T01:53:59Z,2026-08-21T03:53:59+0200,dab098cd-e140-4c97-b435-f000c3ac97ba,2026-08-14T00:45:00Z,2026-08-14T02:45:00+0200,0.0,MW,FR,FR,actual_solar_generation,Solar,2026-08-21T01:55:25Z
2026-08-21T01:53:59Z,2026-08-21T03:53:59+0200,dab098cd-e140-4c97-b435-f000c3ac97ba,2026-08-14T01:00:00Z,2026-08-14T03:00:00+0200,0.0,MW,FR,FR,actual_solar_generation,Solar,2026-08-21T01:55:25Z
2026-08-21T01:53:59Z,2026-08-21T03:53:59+0200,dab098cd-e140-4c97-b435-f000c3ac97ba,2026-08-14T01:15:00Z,2026-08-14T03:15:00+0200,0.0,MW,FR,FR,actual_solar_generation,Solar,2026-08-21T01:55:25Z
2026-08-21T01:53:59Z,2026-08-21T03:53:59+0200,dab098cd-e140-4c97-b435-f000c3ac97ba,2026-08-14T01:30:00Z,2026-08-14T03:30:00+0200,0.0,MW,FR,FR,actual_solar_generation,Solar,2026-08-21T01:55:25Z
2026-08-21T01:53:59Z,2026-08-21T03:53:59+0200,dab098cd-e140-4c97-b435-f000c3ac97ba,2026-08-14T01:45:00Z,2026-08-14T03:45:00+0200,0.0,MW,FR,FR,actual_solar_generation,Solar,2026-08-21T01:55:25Z
2026-08-21T01:53:59Z,2026-08-21T03:53:59+0200,dab098cd-e140-4c97-b435-f000c3ac97ba,2026-08-14T02:00:00Z,2026-08-14T04:00:00+0200,0.0,MW,FR,FR,actual_solar_generation,Solar,2026-08-21T01:55:25Z
2026-08-21T01:53:59Z,2026-08-21T03:53:59+0200,dab098cd-e140-4c97-b435-f000c3ac97ba,2026-08-14T02:15:00Z,2026-08-14T04:15:00+0200,0.0,MW,FR,FR,actual_solar_generation,Solar,2026-08-21T01:55:25Z
2026-08-21T01:53:59Z,2026-08-21T03:53:59+0200,dab098cd-e140-4c97-b435-f000c3ac97ba,2026-08-14T02:30:00Z,2026-08-14T04:30:00+0200,0.0,MW,FR,FR,actual_solar_generation,Solar,2026-08-21T01:55:25Z
2026-08-21T01:53:59Z,2026-08-21T03:53:59+0200,dab098cd-e140-4c97-b435-f000c3ac97ba,2026-08-14T02:45:00Z,2026-08-14T04:45:00+0200,0.0,MW,FR,FR,actual_solar_generation,Solar,2026-08-21T01:55:25Z
2026-08-21T01:53:59Z,2026-08-21T03:53:59+0200,dab098cd-e140-4c97-b435-f000c3ac97ba,2026-08-14T03:00:00Z,2026-08-14T05:00:00+0200,0.0,MW,FR,FR,actual_solar_generation,Solar,2026-08-21T01:55:25Z
2026-08-21T01:53:59Z,2026-08-21T03:53:59+0200,dab098cd-e140-4c97-b435-f000c3ac97ba,2026-08-14T03:15:00Z,2026-08-14T05:15:00+0200,0.0,MW,FR,FR,actual_solar_generation,Solar,2026-08-21T01:55:25Z
2026-08-21T01:53:59Z,2026-08-21T03:53:59+0200,dab098cd-e140-4c97-b435-f000c3ac97ba,2026-08-14T03:30:00Z,2026-08-14T05:30:00+0200,0.0,MW,FR,FR,actual_solar_generation,Solar,2026-08-21T01:55:25Z
2026-08-21T01:53:59Z,2026-08-21T03:53:59+0200,dab098cd-e140-4c97-b435-f000c3ac97ba,2026-08-14T03:45:00Z,2026-08-14T05:45:00+0200,0.0,MW,FR,FR,actual_solar_generation,Solar,2026-08-21T01:55:25Z
2026-08-21T01:53:59Z,2026-08-21T03:53:59+0200,dab098cd-e140-4c97-b435-f000c3ac97ba,2026-08-14T04:00:00Z,2026-08-14T06:00:00+0200,220.49,MW,FR,FR,actual_solar_generation,Solar,2026-08-21T01:55:25Z
2026-08-21T01:53:59Z,2026-08-21T03:53:59+0200,dab098cd-e140-4c97-b435-f000c3ac97ba,2026-08-14T04:15:00Z,2026-08-14T06:15:00+0200,227.89,MW,FR,FR,actual_solar_generation,Solar,2026-08-21T01:55:25Z
2026-08-21T01:53:59Z,2026-08-21T03:53:59+0200,dab098cd-e140-4c97-b435-f000c3ac97ba,2026-08-14T04:30:00Z,2026-08-14T06:30:00+0200,261.32,MW,FR,FR,actual_solar_generation,Solar,2026-08-21T01:55:25Z
2026-08-21T01:53:59Z,2026-08-21T03:53:59+0200,dab098cd-e140-4c97-b435-f000c3ac97ba,2026-08-14T04:45:00Z,2026-08-14T06:45:00+0200,348.33,MW,FR,FR,actual_solar_generation,Solar,2026-08-21T01:55:25Z
2026-08-21T01:53:59Z,2026-08-21T03:53:59+0200,dab098cd-e140-4c97-b435-f000c3ac97ba,2026-08-14T05:00:00Z,2026-08-14T07:00:00+0200,487.69,MW,FR,FR,actual_solar_generation,Solar,2026-08-21T01:55:25Z
2026-08-21T01:53:59Z,2026-08-21T03:53:59+0200,dab098cd-e140-4c97-b435-f000c3ac97ba,2026-08-14T05:15:00Z,2026-08-14T07:15:00+0200,687.1,MW,FR,FR,actual_solar_generation,Solar,2026-08-21T01:55:25Z
2026-08-21T01:53:59Z,2026-08-21T03:53:59+0200,dab098cd-e140-4c97-b435-f000c3ac97ba,2026-08-14T05:30:00Z,2026-08-14T07:30:00+0200,1029.59,MW,FR,FR,actual_solar_generation,Solar,2026-08-21T01:55:25Z
2026-08-21T01:53:59Z,2026-08-21T03:53:59+0200,dab098cd-e140-4c97-b435-f000c3ac97ba,2026-08-14T05:45:00Z,2026-08-14T07:45:00+0200,1606.6,MW,FR,FR,actual_solar_generation,Solar,2026-08-21T01:55:25Z
2026-08-21T01:53:59Z,2026-08-21T03:53:59+0200,dab098cd-e140-4c97-b435-f000c3ac97ba,2026-08-14T06:00:00Z,2026-08-14T08:00:00+0200,2403.79,MW,FR,FR,actual_solar_generation,Solar,2026-08-21T01:55:25Z
2026-08-21T01:53:59Z,2026-08-21T03:53:59+0200,dab098cd-e140-4c97-b435-f000c3ac97ba,2026-08-14T06:15:00Z,2026-08-14T08:15:00+0200,3264.53,MW,FR,FR,actual_solar_generation,Solar,2026-08-21T01:55:25Z
2026-08-21T01:53:59Z,2026-08-21T03:53:59+0200,dab098cd-e140-4c97-b435-f000c3ac97ba,2026-08-14T06:30:00Z,2026-08-14T08:30:00+0200,4285.31,MW,FR,FR,actual_solar_generation,Solar,2026-08-21T01:55:25Z
2026-08-21T01:53:59Z,2026-08-21T03:53:59+0200,dab098cd-e140-4c97-b435-f000c3ac97ba,2026-08-14T06:45:00Z,2026-08-14T08:45:00+0200,5328.3,MW,FR,FR,actual_solar_generation,Solar,2026-08-21T01:55:25Z
2026-08-21T01:53:59Z,2026-08-21T03:53:59+0200,dab098cd-e140-4c97-b435-f000c3ac97ba,2026-08-14T07:00:00Z,2026-08-14T09:00:00+0200,6439.06,MW,FR,FR,actual_solar_generation,Solar,2026-08-21T01:55:25Z
2026-08-21T01:53:59Z,2026-08-21T03:53:59+0200,dab098cd-e140-4c97-b435-f000c3ac97ba,2026-08-14T07:15:00Z,2026-08-14T09:15:00+0200,7807.91,MW,FR,FR,actual_solar_generation,Solar,2026-08-21T01:55:25Z
2026-08-21T01:53:59Z,2026-08-21T03:53:59+0200,dab098cd-e140-4c97-b435-f000c3ac97ba,2026-08-14T07:30:00Z,2026-08-14T09:30:00+0200,9066.55,MW,FR,FR,actual_solar_generation,Solar,2026-08-21T01:55:25Z
2026-08-21T01:53:59Z,2026-08-21T03:53:59+0200,dab098cd-e140-4c97-b435-f000c3ac97ba,2026-08-14T07:45:00Z,2026-08-14T09:45:00+0200,10278.73,MW,FR,FR,actual_solar_generation,Solar,2026-08-21T01:55:25Z
2026-08-21T01:53:59Z,2026-08-21T03:53:59+0200,dab098cd-e140-4c97-b435-f000c3ac97ba,2026-08-14T08:00:00Z,2026-08-14T10:00:00+0200,11499.76,MW,FR,FR,actual_solar_generation,Solar,2026-08-21T01:55:25Z
2026-08-21T01:53:59Z,2026-08-21T03:53:59+0200,dab098cd-e140-4c97-b435-f000c3ac97ba,2026-08-14T08:15:00Z,2026-08-14T10:15:00+0200,12686.42,MW,FR,FR,actual_solar_generation,Solar,2026-08-21T01:55:25Z
2026-08-21T01:53:59Z,2026-08-21T03:53:59+0200,dab098cd-e140-4c97-b435-f000c3ac97ba,2026-08-14T08:30:00Z,2026-08-14T10:30:00+0200,13702.67,MW,FR,FR,actual_solar_generation,Solar,2026-08-21T01:55:25Z
2026-08-21T01:53:59Z,2026-08-21T03:53:59+0200,dab098cd-e140-4c97-b435-f000c3ac97ba,2026-08-14T08:45:00Z,2026-08-14T10:45:00+0200,14572.4,MW,FR,FR,actual_solar_generation,Solar,2026-08-21T01:55:25Z
2026-08-21T01:53:59Z,2026-08-21T03:53:59+0200,dab098cd-e140-4c97-b435-f000c3ac97ba,2026-08-14T09:00:00Z,2026-08-14T11:00:00+0200,15653.95,MW,FR,FR,actual_solar_generation,Solar,2026-08-21T01:55:25Z
2026-08-21T01:53:59Z,2026-08-21T03:53:59+0200,dab098cd-e140-4c97-b435-f000c3ac97ba,2026-08-14T09:15:00Z,2026-08-14T11:15:00+0200,16645.53,MW,FR,FR,actual_solar_generation,Solar,2026-08-21T01:55:25Z
2026-08-21T01:53:59Z,2026-08-21T03:53:59+0200,dab098cd-e140-4c97-b435-f000c3ac97ba,2026-08-14T09:30:00Z,2026-08-14T11:30:00+0200,17405.01,MW,FR,FR,actual_solar_generation,Solar,2026-08-21T01:55:25Z
2026-08-21T01:53:59Z,2026-08-21T03:53:59+0200,dab098cd-e140-4c97-b435-f000c3ac97ba,2026-08-14T09:45:00Z,2026-08-14T11:45:00+0200,17936.8,MW,FR,FR,actual_solar_generation,Solar,2026-08-21T01:55:25Z
2026-08-21T01:53:59Z,2026-08-21T03:53:59+0200,dab098cd-e140-4c97-b435-f000c3ac97ba,2026-08-14T10:00:00Z,2026-08-14T12:00:00+0200,18462.73,MW,FR,FR,actual_solar_generation,Solar,2026-08-21T01:55:25Z
2026-08-21T01:53:59Z,2026-08-21T03:53:59+0200,dab098cd-e140-4c97-b435-f000c3ac97ba,2026-08-14T10:15:00Z,2026-08-14T12:15:00+0200,18988.74,MW,FR,FR,actual_solar_generation,Solar,2026-08-21T01:55:25Z
2026-08-21T01:53:59Z,2026-08-21T03:53:59+0200,dab098cd-e140-4c97-b435-f000c3ac97ba,2026-08-14T10:30:00Z,2026-08-14T12:30:00+0200,19292.49,MW,FR,FR,actual_solar_generation,Solar,2026-08-21T01:55:25Z
2026-08-21T01:53:59Z,2026-08-21T03:53:59+0200,dab098cd-e140-4c97-b435-f000c3ac97ba,2026-08-14T10:45:00Z,2026-08-14T12:45:00+0200,19596.48,MW,FR,FR,actual_solar_generation,Solar,2026-08-21T01:55:25Z
2026-08-21T01:53:59Z,2026-08-21T03:53:59+0200,dab098cd-e140-4c97-b435-f000c3ac97ba,2026-08-14T11:00:00Z,2026-08-14T13:00:00+0200,19808.19,MW,FR,FR,actual_solar_generation,Solar,2026-08-21T01:55:25Z
2026-08-21T01:53:59Z,2026-08-21T03:53:59+0200,dab098cd-e140-4c97-b435-f000c3ac97ba,2026-08-14T11:15:00Z,2026-08-14T13:15:00+0200,19871.86,MW,FR,FR,actual_solar_generation,Solar,2026-08-21T01:55:25Z
2026-08-21T01:53:59Z,2026-08-21T03:53:59+0200,dab098cd-e140-4c97-b435-f000c3ac97ba,2026-08-14T11:30:00Z,2026-08-14T13:30:00+0200,20093.59,MW,FR,FR,actual_solar_generation,Solar,2026-08-21T01:55:25Z
2026-08-21T01:53:59Z,2026-08-21T03:53:59+0200,dab098cd-e140-4c97-b435-f000c3ac97ba,2026-08-14T11:45:00Z,2026-08-14T13:45:00+0200,20132.57,MW,FR,FR,actual_solar_generation,Solar,2026-08-21T01:55:25Z
2026-08-21T01:53:59Z,2026-08-21T03:53:59+0200,dab098cd-e140-4c97-b435-f000c3ac97ba,2026-08-14T12:00:00Z,2026-08-14T14:00:00+0200,20163.17,MW,FR,FR,actual_solar_generation,Solar,2026-08-21T01:55:25Z
2026-08-21T01:53:59Z,2026-08-21T03:53:59+0200,dab098cd-e140-4c97-b435-f000c3ac97ba,2026-08-14T12:15:00Z,2026-08-14T14:15:00+0200,19995.11,MW,FR,FR,actual_solar_generation,Solar,2026-08-21T01:55:25Z
2026-08-21T01:53:59Z,2026-08-21T03:53:59+0200,dab098cd-e140-4c97-b435-f000c3ac97ba,2026-08-14T12:30:00Z,2026-08-14T14:30:00+0200,19855.59,MW,FR,FR,actual_solar_generation,Solar,2026-08-21T01:55:25Z
2026-08-21T01:53:59Z,2026-08-21T03:53:59+0200,dab098cd-e140-4c97-b435-f000c3ac97ba,2026-08-14T12:45:00Z,2026-08-14T14:45:00+0200,19528.16,MW,FR,FR,actual_solar_generation,Solar,2026-08-21T01:55:25Z
2026-08-21T01:53:59Z,2026-08-21T03:53:59+0200,dab098cd-e140-4c97-b435-f000c3ac97ba,2026-08-14T13:00:00Z,2026-08-14T15:00:00+0200,19164.73,MW,FR,FR,actual_solar_generation,Solar,2026-08-21T01:55:25Z
2026-08-21T01:53:59Z,2026-08-21T03:53:59+0200,dab098cd-e140-4c97-b435-f000c3ac97ba,2026-08-14T13:15:00Z,2026-08-14T15:15:00+0200,18694.77,MW,FR,FR,actual_solar_generation,Solar,2026-08-21T01:55:25Z
2026-08-21T01:53:59Z,2026-08-21T03:53:59+0200,dab098cd-e140-4c97-b435-f000c3ac97ba,2026-08-14T13:30:00Z,2026-08-14T15:30:00+0200,18274.03,MW,FR,FR,actual_solar_generation,Solar,2026-08-21T01:55:25Z
2026-08-21T01:53:59Z,2026-08-21T03:53:59+0200,dab098cd-e140-4c97-b435-f000c3ac97ba,2026-08-14T13:45:00Z,2026-08-14T15:45:00+0200,17666.51,MW,FR,FR,actual_solar_generation,Solar,2026-08-21T01:55:25Z
2026-08-21T01:53:59Z,2026-08-21T03:53:59+0200,dab098cd-e140-4c97-b435-f000c3ac97ba,2026-08-14T14:00:00Z,2026-08-14T16:00:00+0200,17101.57,MW,FR,FR,actual_solar_generation,Solar,2026-08-21T01:55:25Z
2026-08-21T01:53:59Z,2026-08-21T03:53:59+0200,dab098cd-e140-4c97-b435-f000c3ac97ba,2026-08-14T14:15:00Z,2026-08-14T16:15:00+0200,16301.82,MW,FR,FR,actual_solar_generation,Solar,2026-08-21T01:55:25Z
2026-08-21T01:53:59Z,2026-08-21T03:53:59+0200,dab098cd-e140-4c97-b435-f000c3ac97ba,2026-08-14T14:30:00Z,2026-08-14T16:30:00+0200,15572.67,MW,FR,FR,actual_solar_generation,Solar,2026-08-21T01:55:25Z
2026-08-21T01:53:59Z,2026-08-21T03:53:59+0200,dab098cd-e140-4c97-b435-f000c3ac97ba,2026-08-14T14:45:00Z,2026-08-14T16:45:00+0200,14655.3,MW,FR,FR,actual_solar_generation,Solar,2026-08-21T01:55:25Z
2026-08-21T01:53:59Z,2026-08-21T03:53:59+0200,dab098cd-e140-4c97-b435-f000c3ac97ba,2026-08-14T15:00:00Z,2026-08-14T17:00:00+0200,13764.86,MW,FR,FR,actual_solar_generation,Solar,2026-08-21T01:55:25Z
2026-08-21T01:53:59Z,2026-08-21T03:53:59+0200,dab098cd-e140-4c97-b435-f000c3ac97ba,2026-08-14T15:15:00Z,2026-08-14T17:15:00+0200,12691.82,MW,FR,FR,actual_solar_generation,Solar,2026-08-21T01:55:25Z
2026-08-21T01:53:59Z,2026-08-21T03:53:59+0200,dab098cd-e140-4c97-b435-f000c3ac97ba,2026-08-14T15:30:00Z,2026-08-14T17:30:00+0200,11588.86,MW,FR,FR,actual_solar_generation,Solar,2026-08-21T01:55:25Z
2026-08-21T01:53:59Z,2026-08-21T03:53:59+0200,dab098cd-e140-4c97-b435-f000c3ac97ba,2026-08-14T15:45:00Z,2026-08-14T17:45:00+0200,10511.11,MW,FR,FR,actual_solar_generation,Solar,2026-08-21T01:55:25Z
2026-08-21T01:53:59Z,2026-08-21T03:53:59+0200,dab098cd-e140-4c97-b435-f000c3ac97ba,2026-08-14T16:00:00Z,2026-08-14T18:00:00+0200,9410.67,MW,FR,FR,actual_solar_generation,Solar,2026-08-21T01:55:25Z
2026-08-21T01:53:59Z,2026-08-21T03:53:59+0200,dab098cd-e140-4c97-b435-f000c3ac97ba,2026-08-14T16:15:00Z,2026-08-14T18:15:00+0200,8330.86,MW,FR,FR,actual_solar_generation,Solar,2026-08-21T01:55:25Z
2026-08-21T01:53:59Z,2026-08-21T03:53:59+0200,dab098cd-e140-4c97-b435-f000c3ac97ba,2026-08-14T16:30:00Z,2026-08-14T18:30:00+0200,7235.01,MW,FR,FR,actual_solar_generation,Solar,2026-08-21T01:55:25Z
2026-08-21T01:53:59Z,2026-08-21T03:53:59+0200,dab098cd-e140-4c97-b435-f000c3ac97ba,2026-08-14T16:45:00Z,2026-08-14T18:45:00+0200,6051.78,MW,FR,FR,actual_solar_generation,Solar,2026-08-21T01:55:25Z
2026-08-21T01:53:59Z,2026-08-21T03:53:59+0200,dab098cd-e140-4c97-b435-f000c3ac97ba,2026-08-14T17:00:00Z,2026-08-14T19:00:00+0200,4927.17,MW,FR,FR,actual_solar_generation,Solar,2026-08-21T01:55:25Z
2026-08-21T01:53:59Z,2026-08-21T03:53:59+0200,dab098cd-e140-4c97-b435-f000c3ac97ba,2026-08-14T17:15:00Z,2026-08-14T19:15:00+0200,3952.16,MW,FR,FR,actual_solar_generation,Solar,2026-08-21T01:55:25Z
2026-08-21T01:53:59Z,2026-08-21T03:53:59+0200,dab098cd-e140-4c97-b435-f000c3ac97ba,2026-08-14T17:30:00Z,2026-08-14T19:30:00+0200,3003.44,MW,FR,FR,actual_solar_generation,Solar,2026-08-21T01:55:25Z
2026-08-21T01:53:59Z,2026-08-21T03:53:59+0200,dab098cd-e140-4c97-b435-f000c3ac97ba,2026-08-14T17:45:00Z,2026-08-14T19:45:00+0200,2248.66,MW,FR,FR,actual_solar_generation,Solar,2026-08-21T01:55:25Z
2026-08-21T01:53:59Z,2026-08-21T03:53:59+0200,dab098cd-e140-4c97-b435-f000c3ac97ba,2026-08-14T18:00:00Z,2026-08-14T20:00:00+0200,1566.64,MW,FR,FR,actual_solar_generation,Solar,2026-08-21T01:55:25Z
2026-08-21T01:53:59Z,2026-08-21T03:53:59+0200,dab098cd-e140-4c97-b435-f000c3ac97ba,2026-08-14T18:15:00Z,2026-08-14T20:15:00+0200,1074.66,MW,FR,FR,actual_solar_generation,Solar,2026-08-21T01:55:25Z
2026-08-21T01:53:59Z,2026-08-21T03:53:59+0200,dab098cd-e140-4c97-b435-f000c3ac97ba,2026-08-14T18:30:00Z,2026-08-14T20:30:00+0200,710.75,MW,FR,FR,actual_solar_generation,Solar,2026-08-21T01:55:25Z
2026-08-21T01:53:59Z,2026-08-21T03:53:59+0200,dab098cd-e140-4c97-b435-f000c3ac97ba,2026-08-14T18:45:00Z,2026-08-14T20:45:00+0200,466.51,MW,FR,FR,actual_solar_generation,Solar,2026-08-21T01:55:25Z
2026-08-21T01:53:59Z,2026-08-21T03:53:59+0200,dab098cd-e140-4c97-b435-f000c3ac97ba,2026-08-14T19:00:00Z,2026-08-14T21:00:00+0200,304.6,MW,FR,FR,actual_solar_generation,Solar,2026-08-21T01:55:25Z
2026-08-21T01:53:59Z,2026-08-21T03:53:59+0200,dab098cd-e140-4c97-b435-f000c3ac97ba,2026-08-14T19:15:00Z,2026-08-14T21:15:00+0200,246.9,MW,FR,FR,actual_solar_generation,Solar,2026-08-21T01:55:25Z
2026-08-21T01:53:59Z,2026-08-21T03:53:59+0200,dab098cd-e140-4c97-b435-f000c3ac97ba,2026-08-14T19:30:00Z,2026-08-14T21:30:00+0200,231.19,MW,FR,FR,actual_solar_generation,Solar,2026-08-21T01:55:25Z
2026-08-21T01:53:59Z,2026-08-21T03:53:59+0200,dab098cd-e140-4c97-b435-f000c3ac97ba,2026-08-14T19:45:00Z,2026-08-14T21:45:00+0200,229.19,MW,FR,FR,actual_solar_generation,Solar,2026-08-21T01:55:25Z
2026-08-21T01:53:59Z,2026-08-21T03:53:59+0200,dab098cd-e140-4c97-b435-f000c3ac97ba,2026-08-14T20:00:00Z,2026-08-14T22:00:00+0200,228.23,MW,FR,FR,actual_solar_generation,Solar,2026-08-21T01:55:25Z
2026-08-21T01:53:59Z,2026-08-21T03:53:59+0200,dab098cd-e140-4c97-b435-f000c3ac97ba,2026-08-14T20:15:00Z,2026-08-14T22:15:00+0200,232.5,MW,FR,FR,actual_solar_generation,Solar,2026-08-21T01:55:25Z
2026-08-21T01:53:59Z,2026-08-21T03:53:59+0200,dab098cd-e140-4c97-b435-f000c3ac97ba,2026-08-14T20:30:00Z,2026-08-14T22:30:00+0200,233.99,MW,FR,FR,actual_solar_generation,Solar,2026-08-21T01:55:25Z
2026-08-21T01:53:59Z,2026-08-21T03:53:59+0200,dab098cd-e140-4c97-b435-f000c3ac97ba,2026-08-14T20:45:00Z,2026-08-14T22:45:00+0200,234.27,MW,FR,FR,actual_solar_generation,Solar,2026-08-21T01:55:25Z
2026-08-21T01:53:59Z,2026-08-21T03:53:59+0200,dab098cd-e140-4c97-b435-f000c3ac97ba,2026-08-14T21:00:00Z,2026-08-14T23:00:00+0200,0.0,MW,FR,FR,actual_solar_generation,Solar,2026-08-21T01:55:25Z
2026-08-21T01:53:59Z,2026-08-21T03:53:59+0200,dab098cd-e140-4c97-b435-f000c3ac97ba,2026-08-14T21:15:00Z,2026-08-14T23:15:00+0200,0.0,MW,FR,FR,actual_solar_generation,Solar,2026-08-21T01:55:25Z
2026-08-21T01:53:59Z,2026-08-21T03:53:59+0200,dab098cd-e140-4c97-b435-f000c3ac97ba,2026-08-14T21:30:00Z,2026-08-14T23:30:00+0200,0.0,MW,FR,FR,actual_solar_generation,Solar,2026-08-21T01:55:25Z
2026-08-21T01:53:59Z,2026-08-21T03:53:59+0200,dab098cd-e140-4c97-b435-f000c3ac97ba,2026-08-14T21:45:00Z,2026-08-14T23:45:00+0200,0.0,MW,FR,FR,actual_solar_generation,Solar,2026-08-21T01:55:25Z
2026-08-21T01:53:59Z,2026-08-21T03:53:59+0200,dab098cd-e140-4c97-b435-f000c3ac97ba,2026-08-14T22:00:00Z,2026-08-15T00:00:00+0200,0.0,MW,FR,FR,actual_solar_generation,Solar,2026-08-21T01:55:25Z
2026-08-21T01:53:59Z,2026-08-21T03:53:59+0200,dab098cd-e140-4c97-b435-f000c3ac97ba,2026-08-14T22:15:00Z,2026-08-15T00:15:00+0200,0.0,MW,FR,FR,actual_solar_generation,Solar,2026-08-21T01:55:25Z
2026-08-21T01:53:59Z,2026-08-21T03:53:59+0200,dab098cd-e140-4c97-b435-f000c3ac97ba,2026-08-14T22:30:00Z,2026-08-15T00:30:00+0200,0.0,MW,FR,FR,actual_solar_generation,Solar,2026-08-21T01:55:25Z
2026-08-21T01:53:59Z,2026-08-21T03:53:59+0200,dab098cd-e140-4c97-b435-f000c3ac97ba,2026-08-14T22:45:00Z,2026-08-15T00:45:00+0200,0.0,MW,FR,FR,actual_solar_generation,Solar,2026-08-21T01:55:25Z
2026-08-21T01:53:59Z,2026-08-21T03:53:59+0200,dab098cd-e140-4c97-b435-f000c3ac97ba,2026-08-14T23:00:00Z,2026-08-15T01:00:00+0200,0.0,MW,FR,FR,actual_solar_generation,Solar,2026-08-21T01:55:25Z
2026-08-21T01:53:59Z,2026-08-21T03:53:59+0200,dab098cd-e140-4c97-b435-f000c3ac97ba,2026-08-14T23:15:00Z,2026-08-15T01:15:00+0200,0.0,MW,FR,FR,actual_solar_generation,Solar,2026-08-21T01:55:25Z
2026-08-21T01:53:59Z,2026-08-21T03:53:59+0200,dab098cd-e140-4c97-b435-f000c3ac97ba,2026-08-14T23:30:00Z,2026-08-15T01:30:00+0200,0.0,MW,FR,FR,actual_solar_generation,Solar,2026-08-21T01:55:25Z
2026-08-21T01:53:59Z,2026-08-21T03:53:59+0200,dab098cd-e140-4c97-b435-f000c3ac97ba,2026-08-14T23:45:00Z,2026-08-15T01:45:00+0200,0.0,MW,FR,FR,actual_solar_generation,Solar,2026-08-21T01:55:25Z
2026-08-21T01:53:59Z,2026-08-21T03:53:59+0200,dab098cd-e140-4c97-b435-f000c3ac97ba,2026-08-15T00:00:00Z,2026-08-15T02:00:00+0200,0.0,MW,FR,FR,actual_solar_generation,Solar,2026-08-21T01:55:25Z
2026-08-21T01:53:59Z,2026-08-21T03:53:59+0200,dab098cd-e140-4c97-b435-f000c3ac97ba,2026-08-15T00:15:00Z,2026-08-15T02:15:00+0200,0.0,MW,FR,FR,actual_solar_generation,Solar,2026-08-21T01:55:25Z
2026-08-21T01:53:59Z,2026-08-21T03:53:59+0200,dab098cd-e140-4c97-b435-f000c3ac97ba,2026-08-15T00:30:00Z,2026-08-15T02:30:00+0200,0.0,MW,FR,FR,actual_solar_generation,Solar,2026-08-21T01:55:25Z
2026-08-21T01:53:59Z,2026-08-21T03:53:59+0200,dab098cd-e140-4c97-b435-f000c3ac97ba,2026-08-15T00:45:00Z,2026-08-15T02:45:00+0200,0.0,MW,FR,FR,actual_solar_generation,Solar,2026-08-21T01:55:25Z
2026-08-21T01:53:59Z,2026-08-21T03:53:59+0200,dab098cd-e140-4c97-b435-f000c3ac97ba,2026-08-15T01:00:00Z,2026-08-15T03:00:00+0200,0.0,MW,FR,FR,actual_solar_generation,Solar,2026-08-21T01:55:25Z
2026-08-21T01:53:59Z,2026-08-21T03:53:59+0200,dab098cd-e140-4c97-b435-f000c3ac97ba,2026-08-15T01:15:00Z,2026-08-15T03:15:00+0200,0.0,MW,FR,FR,actual_solar_generation,Solar,2026-08-21T01:55:25Z
2026-08-21T01:53:59Z,2026-08-21T03:53:59+0200,dab098cd-e140-4c97-b435-f000c3ac97ba,2026-08-15T01:30:00Z,2026-08-15T03:30:00+0200,0.0,MW,FR,FR,actual_solar_generation,Solar,2026-08-21T01:55:25Z
2026-08-21T01:53:59Z,2026-08-21T03:53:59+0200,dab098cd-e140-4c97-b435-f000c3ac97ba,2026-08-15T01:45:00Z,2026-08-15T03:45:00+0200,0.0,MW,FR,FR,actual_solar_generation,Solar,2026-08-21T01:55:25Z
2026-08-21T01:53:59Z,2026-08-21T03:53:59+0200,dab098cd-e140-4c97-b435-f000c3ac97ba,2026-08-15T02:00:00Z,2026-08-15T04:00:00+0200,0.0,MW,FR,FR,actual_solar_generation,Solar,2026-08-21T01:55:25Z
2026-08-21T01:53:59Z,2026-08-21T03:53:59+0200,dab098cd-e140-4c97-b435-f000c3ac97ba,2026-08-15T02:15:00Z,2026-08-15T04:15:00+0200,0.0,MW,FR,FR,actual_solar_generation,Solar,2026-08-21T01:55:25Z
2026-08-21T01:53:59Z,2026-08-21T03:53:59+0200,dab098cd-e140-4c97-b435-f000c3ac97ba,2026-08-15T02:30:00Z,2026-08-15T04:30:00+0200,0.0,MW,FR,FR,actual_solar_generation,Solar,2026-08-21T01:55:25Z
2026-08-21T01:53:59Z,2026-08-21T03:53:59+0200,dab098cd-e140-4c97-b435-f000c3ac97ba,2026-08-15T02:45:00Z,2026-08-15T04:45:00+0200,0.0,MW,FR,FR,actual_solar_generation,Solar,2026-08-21T01:55:25Z
2026-08-21T01:53:59Z,2026-08-21T03:53:59+0200,dab098cd-e140-4c97-b435-f000c3ac97ba,2026-08-15T03:00:00Z,2026-08-15T05:00:00+0200,0.0,MW,FR,FR,actual_solar_generation,Solar,2026-08-21T01:55:25Z
2026-08-21T01:53:59Z,2026-08-21T03:53:59+0200,dab098cd-e140-4c97-b435-f000c3ac97ba,2026-08-15T03:15:00Z,2026-08-15T05:15:00+0200,0.0,MW,FR,FR,actual_solar_generation,Solar,2026-08-21T01:55:25Z
2026-08-21T01:53:59Z,2026-08-21T03:53:59+0200,dab098cd-e140-4c97-b435-f000c3ac97ba,2026-08-15T03:30:00Z,2026-08-15T05:30:00+0200,0.0,MW,FR,FR,actual_solar_generation,Solar,2026-08-21T01:55:25Z
2026-08-21T01:53:59Z,2026-08-21T03:53:59+0200,dab098cd-e140-4c97-b435-f000c3ac97ba,2026-08-15T03:45:00Z,2026-08-15T05:45:00+0200,0.0,MW,FR,FR,actual_solar_generation,Solar,2026-08-21T01:55:25Z
2026-08-21T01:53:59Z,2026-08-21T03:53:59+0200,dab098cd-e140-4c97-b435-f000c3ac97ba,2026-08-15T04:00:00Z,2026-08-15T06:00:00+0200,218.29,MW,FR,FR,actual_solar_generation,Solar,2026-08-21T01:55:25Z
2026-08-21T01:53:59Z,2026-08-21T03:53:59+0200,dab098cd-e140-4c97-b435-f000c3ac97ba,2026-08-15T04:15:00Z,2026-08-15T06:15:00+0200,223.63,MW,FR,FR,actual_solar_generation,Solar,2026-08-21T01:55:25Z
2026-08-21T01:53:59Z,2026-08-21T03:53:59+0200,dab098cd-e140-4c97-b435-f000c3ac97ba,2026-08-15T04:30:00Z,2026-08-15T06:30:00+0200,249.06,MW,FR,FR,actual_solar_generation,Solar,2026-08-21T01:55:25Z
2026-08-21T01:53:59Z,2026-08-21T03:53:59+0200,dab098cd-e140-4c97-b435-f000c3ac97ba,2026-08-15T04:45:00Z,2026-08-15T06:45:00+0200,330.42,MW,FR,FR,actual_solar_generation,Solar,2026-08-21T01:55:25Z
2026-08-21T01:53:59Z,2026-08-21T03:53:59+0200,dab098cd-e140-4c97-b435-f000c3ac97ba,2026-08-15T05:00:00Z,2026-08-15T07:00:00+0200,471.94,MW,FR,FR,actual_solar_generation,Solar,2026-08-21T01:55:25Z
2026-08-21T01:53:59Z,2026-08-21T03:53:59+0200,dab098cd-e140-4c97-b435-f000c3ac97ba,2026-08-15T05:15:00Z,2026-08-15T07:15:00+0200,662.7,MW,FR,FR,actual_solar_generation,Solar,2026-08-21T01:55:25Z
2026-08-21T01:53:59Z,2026-08-21T03:53:59+0200,dab098cd-e140-4c97-b435-f000c3ac97ba,2026-08-15T05:30:00Z,2026-08-15T07:30:00+0200,984.26,MW,FR,FR,actual_solar_generation,Solar,2026-08-21T01:55:25Z
2026-08-21T01:53:59Z,2026-08-21T03:53:59+0200,dab098cd-e140-4c97-b435-f000c3ac97ba,2026-08-15T05:45:00Z,2026-08-15T07:45:00+0200,1482.8,MW,FR,FR,actual_solar_generation,Solar,2026-08-21T01:55:25Z
2026-08-21T01:53:59Z,2026-08-21T03:53:59+0200,dab098cd-e140-4c97-b435-f000c3ac97ba,2026-08-15T06:00:00Z,2026-08-15T08:00:00+0200,2149.52,MW,FR,FR,actual_solar_generation,Solar,2026-08-21T01:55:25Z
2026-08-21T01:53:59Z,2026-08-21T03:53:59+0200,dab098cd-e140-4c97-b435-f000c3ac97ba,2026-08-15T06:15:00Z,2026-08-15T08:15:00+0200,2868.95,MW,FR,FR,actual_solar_generation,Solar,2026-08-21T01:55:25Z
2026-08-21T01:53:59Z,2026-08-21T03:53:59+0200,dab098cd-e140-4c97-b435-f000c3ac97ba,2026-08-15T06:30:00Z,2026-08-15T08:30:00+0200,3752.19,MW,FR,FR,actual_solar_generation,Solar,2026-08-21T01:55:25Z
2026-08-21T01:53:59Z,2026-08-21T03:53:59+0200,dab098cd-e140-4c97-b435-f000c3ac97ba,2026-08-15T06:45:00Z,2026-08-15T08:45:00+0200,4621.89,MW,FR,FR,actual_solar_generation,Solar,2026-08-21T01:55:25Z
2026-08-21T01:53:59Z,2026-08-21T03:53:59+0200,dab098cd-e140-4c97-b435-f000c3ac97ba,2026-08-15T07:00:00Z,2026-08-15T09:00:00+0200,5442.35,MW,FR,FR,actual_solar_generation,Solar,2026-08-21T01:55:25Z
2026-08-21T01:53:59Z,2026-08-21T03:53:59+0200,dab098cd-e140-4c97-b435-f000c3ac97ba,2026-08-15T07:15:00Z,2026-08-15T09:15:00+0200,6599.44,MW,FR,FR,actual_solar_generation,Solar,2026-08-21T01:55:25Z
2026-08-21T01:53:59Z,2026-08-21T03:53:59+0200,dab098cd-e140-4c97-b435-f000c3ac97ba,2026-08-15T07:30:00Z,2026-08-15T09:30:00+0200,7593.55,MW,FR,FR,actual_solar_generation,Solar,2026-08-21T01:55:25Z
2026-08-21T01:53:59Z,2026-08-21T03:53:59+0200,dab098cd-e140-4c97-b435-f000c3ac97ba,2026-08-15T07:45:00Z,2026-08-15T09:45:00+0200,8572.29,MW,FR,FR,actual_solar_generation,Solar,2026-08-21T01:55:25Z
2026-08-21T01:53:59Z,2026-08-21T03:53:59+0200,dab098cd-e140-4c97-b435-f000c3ac97ba,2026-08-15T08:00:00Z,2026-08-15T10:00:00+0200,9686.17,MW,FR,FR,actual_solar_generation,Solar,2026-08-21T01:55:25Z
2026-08-21T01:53:59Z,2026-08-21T03:53:59+0200,dab098cd-e140-4c97-b435-f000c3ac97ba,2026-08-15T08:15:00Z,2026-08-15T10:15:00+0200,10619.51,MW,FR,FR,actual_solar_generation,Solar,2026-08-21T01:55:25Z
2026-08-21T01:53:59Z,2026-08-21T03:53:59+0200,dab098cd-e140-4c97-b435-f000c3ac97ba,2026-08-15T08:30:00Z,2026-08-15T10:30:00+0200,11632.21,MW,FR,FR,actual_solar_generation,Solar,2026-08-21T01:55:25Z
2026-08-21T01:53:59Z,2026-08-21T03:53:59+0200,dab098cd-e140-4c97-b435-f000c3ac97ba,2026-08-15T08:45:00Z,2026-08-15T10:45:00+0200,12491.03,MW,FR,FR,actual_solar_generation,Solar,2026-08-21T01:55:25Z
2026-08-21T01:53:59Z,2026-08-21T03:53:59+0200,dab098cd-e140-4c97-b435-f000c3ac97ba,2026-08-15T09:00:00Z,2026-08-15T11:00:00+0200,13347.97,MW,FR,FR,actual_solar_generation,Solar,2026-08-21T01:55:25Z
2026-08-21T01:53:59Z,2026-08-21T03:53:59+0200,dab098cd-e140-4c97-b435-f000c3ac97ba,2026-08-15T09:15:00Z,2026-08-15T11:15:00+0200,14225.55,MW,FR,FR,actual_solar_generation,Solar,2026-08-21T01:55:25Z
2026-08-21T01:53:59Z,2026-08-21T03:53:59+0200,dab098cd-e140-4c97-b435-f000c3ac97ba,2026-08-15T09:30:00Z,2026-08-15T11:30:00+0200,14848.47,MW,FR,FR,actual_solar_generation,Solar,2026-08-21T01:55:25Z
2026-08-21T01:53:59Z,2026-08-21T03:53:59+0200,dab098cd-e140-4c97-b435-f000c3ac97ba,2026-08-15T09:45:00Z,2026-08-15T11:45:00+0200,15427.51,MW,FR,FR,actual_solar_generation,Solar,2026-08-21T01:55:25Z
2026-08-21T01:53:59Z,2026-08-21T03:53:59+0200,dab098cd-e140-4c97-b435-f000c3ac97ba,2026-08-15T10:00:00Z,2026-08-15T12:00:00+0200,15907.84,MW,FR,FR,actual_solar_generation,Solar,2026-08-21T01:55:25Z
2026-08-21T01:53:59Z,2026-08-21T03:53:59+0200,dab098cd-e140-4c97-b435-f000c3ac97ba,2026-08-15T10:15:00Z,2026-08-15T12:15:00+0200,16432.32,MW,FR,FR,actual_solar_generation,Solar,2026-08-21T01:55:25Z
2026-08-21T01:53:59Z,2026-08-21T03:53:59+0200,dab098cd-e140-4c97-b435-f000c3ac97ba,2026-08-15T10:30:00Z,2026-08-15T12:30:00+0200,16716.84,MW,FR,FR,actual_solar_generation,Solar,2026-08-21T01:55:25Z
2026-08-21T01:53:59Z,2026-08-21T03:53:59+0200,dab098cd-e140-4c97-b435-f000c3ac97ba,2026-08-15T10:45:00Z,2026-08-15T12:45:00+0200,17102.08,MW,FR,FR,actual_solar_generation,Solar,2026-08-21T01:55:25Z
2026-08-21T01:53:59Z,2026-08-21T03:53:59+0200,dab098cd-e140-4c97-b435-f000c3ac97ba,2026-08-15T11:00:00Z,2026-08-15T13:00:00+0200,17280.79,MW,FR,FR,actual_solar_generation,Solar,2026-08-21T01:55:25Z
2026-08-21T01:53:59Z,2026-08-21T03:53:59+0200,dab098cd-e140-4c97-b435-f000c3ac97ba,2026-08-15T11:15:00Z,2026-08-15T13:15:00+0200,17420.41,MW,FR,FR,actual_solar_generation,Solar,2026-08-21T01:55:25Z
2026-08-21T01:53:59Z,2026-08-21T03:53:59+0200,dab098cd-e140-4c97-b435-f000c3ac97ba,2026-08-15T11:30:00Z,2026-08-15T13:30:00+0200,17649.6,MW,FR,FR,actual_solar_generation,Solar,2026-08-21T01:55:25Z
2026-08-21T01:53:59Z,2026-08-21T03:53:59+0200,dab098cd-e140-4c97-b435-f000c3ac97ba,2026-08-15T11:45:00Z,2026-08-15T13:45:00+0200,17643.89,MW,FR,FR,actual_solar_generation,Solar,2026-08-21T01:55:25Z
2026-08-21T01:53:59Z,2026-08-21T03:53:59+0200,dab098cd-e140-4c97-b435-f000c3ac97ba,2026-08-15T12:00:00Z,2026-08-15T14:00:00+0200,17586.72,MW,FR,FR,actual_solar_generation,Solar,2026-08-21T01:55:25Z
2026-08-21T01:53:59Z,2026-08-21T03:53:59+0200,dab098cd-e140-4c97-b435-f000c3ac97ba,2026-08-15T12:15:00Z,2026-08-15T14:15:00+0200,17439.19,MW,FR,FR,actual_solar_generation,Solar,2026-08-21T01:55:25Z
2026-08-21T01:53:59Z,2026-08-21T03:53:59+0200,dab098cd-e140-4c97-b435-f000c3ac97ba,2026-08-15T12:30:00Z,2026-08-15T14:30:00+0200,17099.19,MW,FR,FR,actual_solar_generation,Solar,2026-08-21T01:55:25Z
2026-08-21T01:53:59Z,2026-08-21T03:53:59+0200,dab098cd-e140-4c97-b435-f000c3ac97ba,2026-08-15T12:45:00Z,2026-08-15T14:45:00+0200,16897.72,MW,FR,FR,actual_solar_generation,Solar,2026-08-21T01:55:25Z
2026-08-21T01:53:59Z,2026-08-21T03:53:59+0200,dab098cd-e140-4c97-b435-f000c3ac97ba,2026-08-15T13:00:00Z,2026-08-15T15:00:00+0200,16651.17,MW,FR,FR,actual_solar_generation,Solar,2026-08-21T01:55:25Z
2026-08-21T01:53:59Z,2026-08-21T03:53:59+0200,dab098cd-e140-4c97-b435-f000c3ac97ba,2026-08-15T13:15:00Z,2026-08-15T15:15:00+0200,16244.08,MW,FR,FR,actual_solar_generation,Solar,2026-08-21T01:55:25Z
2026-08-21T01:53:59Z,2026-08-21T03:53:59+0200,dab098cd-e140-4c97-b435-f000c3ac97ba,2026-08-15T13:30:00Z,2026-08-15T15:30:00+0200,15843.64,MW,FR,FR,actual_solar_generation,Solar,2026-08-21T01:55:25Z
2026-08-21T01:53:59Z,2026-08-21T03:53:59+0200,dab098cd-e140-4c97-b435-f000c3ac97ba,2026-08-15T13:45:00Z,2026-08-15T15:45:00+0200,15220.12,MW,FR,FR,actual_solar_generation,Solar,2026-08-21T01:55:25Z
2026-08-21T01:53:59Z,2026-08-21T03:53:59+0200,dab098cd-e140-4c97-b435-f000c3ac97ba,2026-08-15T14:00:00Z,2026-08-15T16:00:00+0200,14691.87,MW,FR,FR,actual_solar_generation,Solar,2026-08-21T01:55:25Z
2026-08-21T01:53:59Z,2026-08-21T03:53:59+0200,dab098cd-e140-4c97-b435-f000c3ac97ba,2026-08-15T14:15:00Z,2026-08-15T16:15:00+0200,14014.84,MW,FR,FR,actual_solar_generation,Solar,2026-08-21T01:55:25Z
2026-08-21T01:53:59Z,2026-08-21T03:53:59+0200,dab098cd-e140-4c97-b435-f000c3ac97ba,2026-08-15T14:30:00Z,2026-08-15T16:30:00+0200,13395.23,MW,FR,FR,actual_solar_generation,Solar,2026-08-21T01:55:25Z
2026-08-21T01:53:59Z,2026-08-21T03:53:59+0200,dab098cd-e140-4c97-b435-f000c3ac97ba,2026-08-15T14:45:00Z,2026-08-15T16:45:00+0200,12479.45,MW,FR,FR,actual_solar_generation,Solar,2026-08-21T01:55:25Z
2026-08-21T01:53:59Z,2026-08-21T03:53:59+0200,dab098cd-e140-4c97-b435-f000c3ac97ba,2026-08-15T15:00:00Z,2026-08-15T17:00:00+0200,11625.7,MW,FR,FR,actual_solar_generation,Solar,2026-08-21T01:55:25Z
2026-08-21T01:53:59Z,2026-08-21T03:53:59+0200,dab098cd-e140-4c97-b435-f000c3ac97ba,2026-08-15T15:15:00Z,2026-08-15T17:15:00+0200,10653.44,MW,FR,FR,actual_solar_generation,Solar,2026-08-21T01:55:25Z
2026-08-21T01:53:59Z,2026-08-21T03:53:59+0200,dab098cd-e140-4c97-b435-f000c3ac97ba,2026-08-15T15:30:00Z,2026-08-15T17:30:00+0200,9675.33,MW,FR,FR,actual_solar_generation,Solar,2026-08-21T01:55:25Z
2026-08-21T01:53:59Z,2026-08-21T03:53:59+0200,dab098cd-e140-4c97-b435-f000c3ac97ba,2026-08-15T15:45:00Z,2026-08-15T17:45:00+0200,8763.65,MW,FR,FR,actual_solar_generation,Solar,2026-08-21T01:55:25Z
2026-08-21T01:53:59Z,2026-08-21T03:53:59+0200,dab098cd-e140-4c97-b435-f000c3ac97ba,2026-08-15T16:00:00Z,2026-08-15T18:00:00+0200,7813.93,MW,FR,FR,actual_solar_generation,Solar,2026-08-21T01:55:25Z
2026-08-21T01:53:59Z,2026-08-21T03:53:59+0200,dab098cd-e140-4c97-b435-f000c3ac97ba,2026-08-15T16:15:00Z,2026-08-15T18:15:00+0200,6794.68,MW,FR,FR,actual_solar_generation,Solar,2026-08-21T01:55:25Z
2026-08-21T01:53:59Z,2026-08-21T03:53:59+0200,dab098cd-e140-4c97-b435-f000c3ac97ba,2026-08-15T16:30:00Z,2026-08-15T18:30:00+0200,5822.96,MW,FR,FR,actual_solar_generation,Solar,2026-08-21T01:55:25Z
2026-08-21T01:53:59Z,2026-08-21T03:53:59+0200,dab098cd-e140-4c97-b435-f000c3ac97ba,2026-08-15T16:45:00Z,2026-08-15T18:45:00+0200,4912.97,MW,FR,FR,actual_solar_generation,Solar,2026-08-21T01:55:25Z
2026-08-21T01:53:59Z,2026-08-21T03:53:59+0200,dab098cd-e140-4c97-b435-f000c3ac97ba,2026-08-15T17:00:00Z,2026-08-15T19:00:00+0200,4019.54,MW,FR,FR,actual_solar_generation,Solar,2026-08-21T01:55:25Z
2026-08-21T01:53:59Z,2026-08-21T03:53:59+0200,dab098cd-e140-4c97-b435-f000c3ac97ba,2026-08-15T17:15:00Z,2026-08-15T19:15:00+0200,3226.89,MW,FR,FR,actual_solar_generation,Solar,2026-08-21T01:55:25Z
2026-08-21T01:53:59Z,2026-08-21T03:53:59+0200,dab098cd-e140-4c97-b435-f000c3ac97ba,2026-08-15T17:30:00Z,2026-08-15T19:30:00+0200,2489.36,MW,FR,FR,actual_solar_generation,Solar,2026-08-21T01:55:25Z
2026-08-21T01:53:59Z,2026-08-21T03:53:59+0200,dab098cd-e140-4c97-b435-f000c3ac97ba,2026-08-15T17:45:00Z,2026-08-15T19:45:00+0200,1886.88,MW,FR,FR,actual_solar_generation,Solar,2026-08-21T01:55:25Z
2026-08-21T01:53:59Z,2026-08-21T03:53:59+0200,dab098cd-e140-4c97-b435-f000c3ac97ba,2026-08-15T18:00:00Z,2026-08-15T20:00:00+0200,1341.19,MW,FR,FR,actual_solar_generation,Solar,2026-08-21T01:55:25Z
2026-08-21T01:53:59Z,2026-08-21T03:53:59+0200,dab098cd-e140-4c97-b435-f000c3ac97ba,2026-08-15T18:15:00Z,2026-08-15T20:15:00+0200,921.39,MW,FR,FR,actual_solar_generation,Solar,2026-08-21T01:55:25Z
2026-08-21T01:53:59Z,2026-08-21T03:53:59+0200,dab098cd-e140-4c97-b435-f000c3ac97ba,2026-08-15T18:30:00Z,2026-08-15T20:30:00+0200,612.7,MW,FR,FR,actual_solar_generation,Solar,2026-08-21T01:55:25Z
2026-08-21T01:53:59Z,2026-08-21T03:53:59+0200,dab098cd-e140-4c97-b435-f000c3ac97ba,2026-08-15T18:45:00Z,2026-08-15T20:45:00+0200,404.6,MW,FR,FR,actual_solar_generation,Solar,2026-08-21T01:55:25Z
2026-08-21T01:53:59Z,2026-08-21T03:53:59+0200,dab098cd-e140-4c97-b435-f000c3ac97ba,2026-08-15T19:00:00Z,2026-08-15T21:00:00+0200,275.7,MW,FR,FR,actual_solar_generation,Solar,2026-08-21T01:55:25Z
2026-08-21T01:53:59Z,2026-08-21T03:53:59+0200,dab098cd-e140-4c97-b435-f000c3ac97ba,2026-08-15T19:15:00Z,2026-08-15T21:15:00+0200,230.8,MW,FR,FR,actual_solar_generation,Solar,2026-08-21T01:55:25Z
2026-08-21T01:53:59Z,2026-08-21T03:53:59+0200,dab098cd-e140-4c97-b435-f000c3ac97ba,2026-08-15T19:30:00Z,2026-08-15T21:30:00+0200,219.7,MW,FR,FR,actual_solar_generation,Solar,2026-08-21T01:55:25Z
2026-08-21T01:53:59Z,2026-08-21T03:53:59+0200,dab098cd-e140-4c97-b435-f000c3ac97ba,2026-08-15T19:45:00Z,2026-08-15T21:45:00+0200,219.52,MW,FR,FR,actual_solar_generation,Solar,2026-08-21T01:55:25Z
2026-08-21T01:53:59Z,2026-08-21T03:53:59+0200,dab098cd-e140-4c97-b435-f000c3ac97ba,2026-08-15T20:00:00Z,2026-08-15T22:00:00+0200,222.39,MW,FR,FR,actual_solar_generation,Solar,2026-08-21T01:55:25Z
2026-08-21T01:53:59Z,2026-08-21T03:53:59+0200,dab098cd-e140-4c97-b435-f000c3ac97ba,2026-08-15T20:15:00Z,2026-08-15T22:15:00+0200,225.36,MW,FR,FR,actual_solar_generation,Solar,2026-08-21T01:55:25Z
2026-08-21T01:53:59Z,2026-08-21T03:53:59+0200,dab098cd-e140-4c97-b435-f000c3ac97ba,2026-08-15T20:30:00Z,2026-08-15T22:30:00+0200,227.04,MW,FR,FR,actual_solar_generation,Solar,2026-08-21T01:55:25Z
2026-08-21T01:53:59Z,2026-08-21T03:53:59+0200,dab098cd-e140-4c97-b435-f000c3ac97ba,2026-08-15T20:45:00Z,2026-08-15T22:45:00+0200,223.49,MW,FR,FR,actual_solar_generation,Solar,2026-08-21T01:55:25Z
2026-08-21T01:53:59Z,2026-08-21T03:53:59+0200,dab098cd-e140-4c97-b435-f000c3ac97ba,2026-08-15T21:00:00Z,2026-08-15T23:00:00+0200,0.0,MW,FR,FR,actual_solar_generation,Solar,2026-08-21T01:55:25Z
2026-08-21T01:53:59Z,2026-08-21T03:53:59+0200,dab098cd-e140-4c97-b435-f000c3ac97ba,2026-08-15T21:15:00Z,2026-08-15T23:15:00+0200,0.0,MW,FR,FR,actual_solar_generation,Solar,2026-08-21T01:55:25Z
2026-08-21T01:53:59Z,2026-08-21T03:53:59+0200,dab098cd-e140-4c97-b435-f000c3ac97ba,2026-08-15T21:30:00Z,2026-08-15T23:30:00+0200,0.0,MW,FR,FR,actual_solar_generation,Solar,2026-08-21T01:55:25Z
2026-08-21T01:53:59Z,2026-08-21T03:53:59+0200,dab098cd-e140-4c97-b435-f000c3ac97ba,2026-08-15T21:45:00Z,2026-08-15T23:45:00+0200,0.0,MW,FR,FR,actual_solar_generation,Solar,2026-08-21T01:55:25Z
2026-08-21T01:53:59Z,2026-08-21T03:53:59+0200,dab098cd-e140-4c97-b435-f000c3ac97ba,2026-08-15T22:00:00Z,2026-08-16T00:00:00+0200,0.0,MW,FR,FR,actual_solar_generation,Solar,2026-08-21T01:55:25Z
2026-08-21T01:53:59Z,2026-08-21T03:53:59+0200,dab098cd-e140-4c97-b435-f000c3ac97ba,2026-08-15T22:15:00Z,2026-08-16T00:15:00+0200,0.0,MW,FR,FR,actual_solar_generation,Solar,2026-08-21T01:55:25Z
2026-08-21T01:53:59Z,2026-08-21T03:53:59+0200,dab098cd-e140-4c97-b435-f000c3ac97ba,2026-08-15T22:30:00Z,2026-08-16T00:30:00+0200,0.0,MW,FR,FR,actual_solar_generation,Solar,2026-08-21T01:55:25Z
2026-08-21T01:53:59Z,2026-08-21T03:53:59+0200,dab098cd-e140-4c97-b435-f000c3ac97ba,2026-08-15T22:45:00Z,2026-08-16T00:45:00+0200,0.0,MW,FR,FR,actual_solar_generation,Solar,2026-08-21T01:55:25Z
2026-08-21T01:53:59Z,2026-08-21T03:53:59+0200,dab098cd-e140-4c97-b435-f000c3ac97ba,2026-08-15T23:00:00Z,2026-08-16T01:00:00+0200,0.0,MW,FR,FR,actual_solar_generation,Solar,2026-08-21T01:55:25Z
2026-08-21T01:53:59Z,2026-08-21T03:53:59+0200,dab098cd-e140-4c97-b435-f000c3ac97ba,2026-08-15T23:15:00Z,2026-08-16T01:15:00+0200,0.0,MW,FR,FR,actual_solar_generation,Solar,2026-08-21T01:55:25Z
2026-08-21T01:53:59Z,2026-08-21T03:53:59+0200,dab098cd-e140-4c97-b435-f000c3ac97ba,2026-08-15T23:30:00Z,2026-08-16T01:30:00+0200,0.0,MW,FR,FR,actual_solar_generation,Solar,2026-08-21T01:55:25Z
2026-08-21T01:53:59Z,2026-08-21T03:53:59+0200,dab098cd-e140-4c97-b435-f000c3ac97ba,2026-08-15T23:45:00Z,2026-08-16T01:45:00+0200,0.0,MW,FR,FR,actual_solar_generation,Solar,2026-08-21T01:55:25Z
2026-08-21T01:53:59Z,2026-08-21T03:53:59+0200,dab098cd-e140-4c97-b435-f000c3ac97ba,2026-08-16T00:00:00Z,2026-08-16T02:00:00+0200,0.0,MW,FR,FR,actual_solar_generation,Solar,2026-08-21T01:55:25Z
2026-08-21T01:53:59Z,2026-08-21T03:53:59+0200,dab098cd-e140-4c97-b435-f000c3ac97ba,2026-08-16T00:15:00Z,2026-08-16T02:15:00+0200,0.0,MW,FR,FR,actual_solar_generation,Solar,2026-08-21T01:55:25Z
2026-08-21T01:53:59Z,2026-08-21T03:53:59+0200,dab098cd-e140-4c97-b435-f000c3ac97ba,2026-08-16T00:30:00Z,2026-08-16T02:30:00+0200,0.0,MW,FR,FR,actual_solar_generation,Solar,2026-08-21T01:55:25Z
2026-08-21T01:53:59Z,2026-08-21T03:53:59+0200,dab098cd-e140-4c97-b435-f000c3ac97ba,2026-08-16T00:45:00Z,2026-08-16T02:45:00+0200,0.0,MW,FR,FR,actual_solar_generation,Solar,2026-08-21T01:55:25Z
2026-08-21T01:53:59Z,2026-08-21T03:53:59+0200,dab098cd-e140-4c97-b435-f000c3ac97ba,2026-08-16T01:00:00Z,2026-08-16T03:00:00+0200,0.0,MW,FR,FR,actual_solar_generation,Solar,2026-08-21T01:55:25Z
2026-08-21T01:53:59Z,2026-08-21T03:53:59+0200,dab098cd-e140-4c97-b435-f000c3ac97ba,2026-08-16T01:15:00Z,2026-08-16T03:15:00+0200,0.0,MW,FR,FR,actual_solar_generation,Solar,2026-08-21T01:55:25Z
2026-08-21T01:53:59Z,2026-08-21T03:53:59+0200,dab098cd-e140-4c97-b435-f000c3ac97ba,2026-08-16T01:30:00Z,2026-08-16T03:30:00+0200,0.0,MW,FR,FR,actual_solar_generation,Solar,2026-08-21T01:55:25Z
2026-08-21T01:53:59Z,2026-08-21T03:53:59+0200,dab098cd-e140-4c97-b435-f000c3ac97ba,2026-08-16T01:45:00Z,2026-08-16T03:45:00+0200,0.0,MW,FR,FR,actual_solar_generation,Solar,2026-08-21T01:55:25Z
2026-08-21T01:53:59Z,2026-08-21T03:53:59+0200,dab098cd-e140-4c97-b435-f000c3ac97ba,2026-08-16T02:00:00Z,2026-08-16T04:00:00+0200,0.0,MW,FR,FR,actual_solar_generation,Solar,2026-08-21T01:55:25Z
2026-08-21T01:53:59Z,2026-08-21T03:53:59+0200,dab098cd-e140-4c97-b435-f000c3ac97ba,2026-08-16T02:15:00Z,2026-08-16T04:15:00+0200,0.0,MW,FR,FR,actual_solar_generation,Solar,2026-08-21T01:55:25Z
2026-08-21T01:53:59Z,2026-08-21T03:53:59+0200,dab098cd-e140-4c97-b435-f000c3ac97ba,2026-08-16T02:30:00Z,2026-08-16T04:30:00+0200,0.0,MW,FR,FR,actual_solar_generation,Solar,2026-08-21T01:55:25Z
2026-08-21T01:53:59Z,2026-08-21T03:53:59+0200,dab098cd-e140-4c97-b435-f000c3ac97ba,2026-08-16T02:45:00Z,2026-08-16T04:45:00+0200,0.0,MW,FR,FR,actual_solar_generation,Solar,2026-08-21T01:55:25Z
2026-08-21T01:53:59Z,2026-08-21T03:53:59+0200,dab098cd-e140-4c97-b435-f000c3ac97ba,2026-08-16T03:00:00Z,2026-08-16T05:00:00+0200,0.0,MW,FR,FR,actual_solar_generation,Solar,2026-08-21T01:55:25Z
2026-08-21T01:53:59Z,2026-08-21T03:53:59+0200,dab098cd-e140-4c97-b435-f000c3ac97ba,2026-08-16T03:15:00Z,2026-08-16T05:15:00+0200,0.0,MW,FR,FR,actual_solar_generation,Solar,2026-08-21T01:55:25Z
2026-08-21T01:53:59Z,2026-08-21T03:53:59+0200,dab098cd-e140-4c97-b435-f000c3ac97ba,2026-08-16T03:30:00Z,2026-08-16T05:30:00+0200,0.0,MW,FR,FR,actual_solar_generation,Solar,2026-08-21T01:55:25Z
2026-08-21T01:53:59Z,2026-08-21T03:53:59+0200,dab098cd-e140-4c97-b435-f000c3ac97ba,2026-08-16T03:45:00Z,2026-08-16T05:45:00+0200,0.0,MW,FR,FR,actual_solar_generation,Solar,2026-08-21T01:55:25Z
2026-08-21T01:53:59Z,2026-08-21T03:53:59+0200,dab098cd-e140-4c97-b435-f000c3ac97ba,2026-08-16T04:00:00Z,2026-08-16T06:00:00+0200,215.96,MW,FR,FR,actual_solar_generation,Solar,2026-08-21T01:55:25Z
2026-08-21T01:53:59Z,2026-08-21T03:53:59+0200,dab098cd-e140-4c97-b435-f000c3ac97ba,2026-08-16T04:15:00Z,2026-08-16T06:15:00+0200,221.73,MW,FR,FR,actual_solar_generation,Solar,2026-08-21T01:55:25Z
2026-08-21T01:53:59Z,2026-08-21T03:53:59+0200,dab098cd-e140-4c97-b435-f000c3ac97ba,2026-08-16T04:30:00Z,2026-08-16T06:30:00+0200,243.0,MW,FR,FR,actual_solar_generation,Solar,2026-08-21T01:55:25Z
2026-08-21T01:53:59Z,2026-08-21T03:53:59+0200,dab098cd-e140-4c97-b435-f000c3ac97ba,2026-08-16T04:45:00Z,2026-08-16T06:45:00+0200,307.57,MW,FR,FR,actual_solar_generation,Solar,2026-08-21T01:55:25Z
2026-08-21T01:53:59Z,2026-08-21T03:53:59+0200,dab098cd-e140-4c97-b435-f000c3ac97ba,2026-08-16T05:00:00Z,2026-08-16T07:00:00+0200,414.4,MW,FR,FR,actual_solar_generation,Solar,2026-08-21T01:55:25Z
2026-08-21T01:53:59Z,2026-08-21T03:53:59+0200,dab098cd-e140-4c97-b435-f000c3ac97ba,2026-08-16T05:15:00Z,2026-08-16T07:15:00+0200,557.12,MW,FR,FR,actual_solar_generation,Solar,2026-08-21T01:55:25Z
2026-08-21T01:53:59Z,2026-08-21T03:53:59+0200,dab098cd-e140-4c97-b435-f000c3ac97ba,2026-08-16T05:30:00Z,2026-08-16T07:30:00+0200,811.59,MW,FR,FR,actual_solar_generation,Solar,2026-08-21T01:55:25Z
2026-08-21T01:53:59Z,2026-08-21T03:53:59+0200,dab098cd-e140-4c97-b435-f000c3ac97ba,2026-08-16T05:45:00Z,2026-08-16T07:45:00+0200,1229.87,MW,FR,FR,actual_solar_generation,Solar,2026-08-21T01:55:25Z
2026-08-21T01:53:59Z,2026-08-21T03:53:59+0200,dab098cd-e140-4c97-b435-f000c3ac97ba,2026-08-16T06:00:00Z,2026-08-16T08:00:00+0200,1811.05,MW,FR,FR,actual_solar_generation,Solar,2026-08-21T01:55:25Z
2026-08-21T01:53:59Z,2026-08-21T03:53:59+0200,dab098cd-e140-4c97-b435-f000c3ac97ba,2026-08-16T06:15:00Z,2026-08-16T08:15:00+0200,2455.62,MW,FR,FR,actual_solar_generation,Solar,2026-08-21T01:55:25Z
2026-08-21T01:53:59Z,2026-08-21T03:53:59+0200,dab098cd-e140-4c97-b435-f000c3ac97ba,2026-08-16T06:30:00Z,2026-08-16T08:30:00+0200,3279.26,MW,FR,FR,actual_solar_generation,Solar,2026-08-21T01:55:25Z
2026-08-21T01:53:59Z,2026-08-21T03:53:59+0200,dab098cd-e140-4c97-b435-f000c3ac97ba,2026-08-16T06:45:00Z,2026-08-16T08:45:00+0200,3984.31,MW,FR,FR,actual_solar_generation,Solar,2026-08-21T01:55:25Z
2026-08-21T01:53:59Z,2026-08-21T03:53:59+0200,dab098cd-e140-4c97-b435-f000c3ac97ba,2026-08-16T07:00:00Z,2026-08-16T09:00:00+0200,4800.82,MW,FR,FR,actual_solar_generation,Solar,2026-08-21T01:55:25Z
2026-08-21T01:53:59Z,2026-08-21T03:53:59+0200,dab098cd-e140-4c97-b435-f000c3ac97ba,2026-08-16T07:15:00Z,2026-08-16T09:15:00+0200,5844.93,MW,FR,FR,actual_solar_generation,Solar,2026-08-21T01:55:25Z
2026-08-21T01:53:59Z,2026-08-21T03:53:59+0200,dab098cd-e140-4c97-b435-f000c3ac97ba,2026-08-16T07:30:00Z,2026-08-16T09:30:00+0200,6893.85,MW,FR,FR,actual_solar_generation,Solar,2026-08-21T01:55:25Z
2026-08-21T01:53:59Z,2026-08-21T03:53:59+0200,dab098cd-e140-4c97-b435-f000c3ac97ba,2026-08-16T07:45:00Z,2026-08-16T09:45:00+0200,7845.37,MW,FR,FR,actual_solar_generation,Solar,2026-08-21T01:55:25Z
2026-08-21T01:53:59Z,2026-08-21T03:53:59+0200,dab098cd-e140-4c97-b435-f000c3ac97ba,2026-08-16T08:00:00Z,2026-08-16T10:00:00+0200,8822.71,MW,FR,FR,actual_solar_generation,Solar,2026-08-21T01:55:25Z
2026-08-21T01:53:59Z,2026-08-21T03:53:59+0200,dab098cd-e140-4c97-b435-f000c3ac97ba,2026-08-16T08:15:00Z,2026-08-16T10:15:00+0200,9907.84,MW,FR,FR,actual_solar_generation,Solar,2026-08-21T01:55:25Z
2026-08-21T01:53:59Z,2026-08-21T03:53:59+0200,dab098cd-e140-4c97-b435-f000c3ac97ba,2026-08-16T08:30:00Z,2026-08-16T10:30:00+0200,10944.21,MW,FR,FR,actual_solar_generation,Solar,2026-08-21T01:55:25Z
2026-08-21T01:53:59Z,2026-08-21T03:53:59+0200,dab098cd-e140-4c97-b435-f000c3ac97ba,2026-08-16T08:45:00Z,2026-08-16T10:45:00+0200,11791.81,MW,FR,FR,actual_solar_generation,Solar,2026-08-21T01:55:25Z
2026-08-21T01:53:59Z,2026-08-21T03:53:59+0200,dab098cd-e140-4c97-b435-f000c3ac97ba,2026-08-16T09:00:00Z,2026-08-16T11:00:00+0200,12573.59,MW,FR,FR,actual_solar_generation,Solar,2026-08-21T01:55:25Z
2026-08-21T01:53:59Z,2026-08-21T03:53:59+0200,dab098cd-e140-4c97-b435-f000c3ac97ba,2026-08-16T09:15:00Z,2026-08-16T11:15:00+0200,13231.29,MW,FR,FR,actual_solar_generation,Solar,2026-08-21T01:55:25Z
2026-08-21T01:53:59Z,2026-08-21T03:53:59+0200,dab098cd-e140-4c97-b435-f000c3ac97ba,2026-08-16T09:30:00Z,2026-08-16T11:30:00+0200,13974.59,MW,FR,FR,actual_solar_generation,Solar,2026-08-21T01:55:25Z
2026-08-21T01:53:59Z,2026-08-21T03:53:59+0200,dab098cd-e140-4c97-b435-f000c3ac97ba,2026-08-16T09:45:00Z,2026-08-16T11:45:00+0200,14477.98,MW,FR,FR,actual_solar_generation,Solar,2026-08-21T01:55:25Z
2026-08-21T01:53:59Z,2026-08-21T03:53:59+0200,dab098cd-e140-4c97-b435-f000c3ac97ba,2026-08-16T10:00:00Z,2026-08-16T12:00:00+0200,15007.45,MW,FR,FR,actual_solar_generation,Solar,2026-08-21T01:55:25Z
2026-08-21T01:53:59Z,2026-08-21T03:53:59+0200,dab098cd-e140-4c97-b435-f000c3ac97ba,2026-08-16T10:15:00Z,2026-08-16T12:15:00+0200,15493.63,MW,FR,FR,actual_solar_generation,Solar,2026-08-21T01:55:25Z
2026-08-21T01:53:59Z,2026-08-21T03:53:59+0200,dab098cd-e140-4c97-b435-f000c3ac97ba,2026-08-16T10:30:00Z,2026-08-16T12:30:00+0200,15804.13,MW,FR,FR,actual_solar_generation,Solar,2026-08-21T01:55:25Z
2026-08-21T01:53:59Z,2026-08-21T03:53:59+0200,dab098cd-e140-4c97-b435-f000c3ac97ba,2026-08-16T10:45:00Z,2026-08-16T12:45:00+0200,16123.54,MW,FR,FR,actual_solar_generation,Solar,2026-08-21T01:55:25Z
2026-08-21T01:53:59Z,2026-08-21T03:53:59+0200,dab098cd-e140-4c97-b435-f000c3ac97ba,2026-08-16T11:00:00Z,2026-08-16T13:00:00+0200,16217.95,MW,FR,FR,actual_solar_generation,Solar,2026-08-21T01:55:25Z
2026-08-21T01:53:59Z,2026-08-21T03:53:59+0200,dab098cd-e140-4c97-b435-f000c3ac97ba,2026-08-16T11:15:00Z,2026-08-16T13:15:00+0200,16403.74,MW,FR,FR,actual_solar_generation,Solar,2026-08-21T01:55:25Z
2026-08-21T01:53:59Z,2026-08-21T03:53:59+0200,dab098cd-e140-4c97-b435-f000c3ac97ba,2026-08-16T11:30:00Z,2026-08-16T13:30:00+0200,16586.38,MW,FR,FR,actual_solar_generation,Solar,2026-08-21T01:55:25Z
2026-08-21T01:53:59Z,2026-08-21T03:53:59+0200,dab098cd-e140-4c97-b435-f000c3ac97ba,2026-08-16T11:45:00Z,2026-08-16T13:45:00+0200,16710.62,MW,FR,FR,actual_solar_generation,Solar,2026-08-21T01:55:25Z
2026-08-21T01:53:59Z,2026-08-21T03:53:59+0200,dab098cd-e140-4c97-b435-f000c3ac97ba,2026-08-16T12:00:00Z,2026-08-16T14:00:00+0200,16849.4,MW,FR,FR,actual_solar_generation,Solar,2026-08-21T01:55:25Z
2026-08-21T01:53:59Z,2026-08-21T03:53:59+0200,dab098cd-e140-4c97-b435-f000c3ac97ba,2026-08-16T12:15:00Z,2026-08-16T14:15:00+0200,16689.04,MW,FR,FR,actual_solar_generation,Solar,2026-08-21T01:55:25Z
2026-08-21T01:53:59Z,2026-08-21T03:53:59+0200,dab098cd-e140-4c97-b435-f000c3ac97ba,2026-08-16T12:30:00Z,2026-08-16T14:30:00+0200,16256.38,MW,FR,FR,actual_solar_generation,Solar,2026-08-21T01:55:25Z
2026-08-21T01:53:59Z,2026-08-21T03:53:59+0200,dab098cd-e140-4c97-b435-f000c3ac97ba,2026-08-16T12:45:00Z,2026-08-16T14:45:00+0200,16018.7,MW,FR,FR,actual_solar_generation,Solar,2026-08-21T01:55:25Z
2026-08-21T01:53:59Z,2026-08-21T03:53:59+0200,dab098cd-e140-4c97-b435-f000c3ac97ba,2026-08-16T13:00:00Z,2026-08-16T15:00:00+0200,16011.45,MW,FR,FR,actual_solar_generation,Solar,2026-08-21T01:55:25Z
2026-08-21T01:53:59Z,2026-08-21T03:53:59+0200,dab098cd-e140-4c97-b435-f000c3ac97ba,2026-08-16T13:15:00Z,2026-08-16T15:15:00+0200,15728.13,MW,FR,FR,actual_solar_generation,Solar,2026-08-21T01:55:25Z
2026-08-21T01:53:59Z,2026-08-21T03:53:59+0200,dab098cd-e140-4c97-b435-f000c3ac97ba,2026-08-16T13:30:00Z,2026-08-16T15:30:00+0200,15235.66,MW,FR,FR,actual_solar_generation,Solar,2026-08-21T01:55:25Z
2026-08-21T01:53:59Z,2026-08-21T03:53:59+0200,dab098cd-e140-4c97-b435-f000c3ac97ba,2026-08-16T13:45:00Z,2026-08-16T15:45:00+0200,14855.46,MW,FR,FR,actual_solar_generation,Solar,2026-08-21T01:55:25Z
2026-08-21T01:53:59Z,2026-08-21T03:53:59+0200,dab098cd-e140-4c97-b435-f000c3ac97ba,2026-08-16T14:00:00Z,2026-08-16T16:00:00+0200,14463.0,MW,FR,FR,actual_solar_generation,Solar,2026-08-21T01:55:25Z
2026-08-21T01:53:59Z,2026-08-21T03:53:59+0200,dab098cd-e140-4c97-b435-f000c3ac97ba,2026-08-16T14:15:00Z,2026-08-16T16:15:00+0200,13907.07,MW,FR,FR,actual_solar_generation,Solar,2026-08-21T01:55:25Z
2026-08-21T01:53:59Z,2026-08-21T03:53:59+0200,dab098cd-e140-4c97-b435-f000c3ac97ba,2026-08-16T14:30:00Z,2026-08-16T16:30:00+0200,13224.87,MW,FR,FR,actual_solar_generation,Solar,2026-08-21T01:55:25Z
2026-08-21T01:53:59Z,2026-08-21T03:53:59+0200,dab098cd-e140-4c97-b435-f000c3ac97ba,2026-08-16T14:45:00Z,2026-08-16T16:45:00+0200,12552.48,MW,FR,FR,actual_solar_generation,Solar,2026-08-21T01:55:25Z
2026-08-21T01:53:59Z,2026-08-21T03:53:59+0200,dab098cd-e140-4c97-b435-f000c3ac97ba,2026-08-16T15:00:00Z,2026-08-16T17:00:00+0200,11701.94,MW,FR,FR,actual_solar_generation,Solar,2026-08-21T01:55:25Z
2026-08-21T01:53:59Z,2026-08-21T03:53:59+0200,dab098cd-e140-4c97-b435-f000c3ac97ba,2026-08-16T15:15:00Z,2026-08-16T17:15:00+0200,10825.76,MW,FR,FR,actual_solar_generation,Solar,2026-08-21T01:55:25Z
2026-08-21T01:53:59Z,2026-08-21T03:53:59+0200,dab098cd-e140-4c97-b435-f000c3ac97ba,2026-08-16T15:30:00Z,2026-08-16T17:30:00+0200,10100.88,MW,FR,FR,actual_solar_generation,Solar,2026-08-21T01:55:25Z
2026-08-21T01:53:59Z,2026-08-21T03:53:59+0200,dab098cd-e140-4c97-b435-f000c3ac97ba,2026-08-16T15:45:00Z,2026-08-16T17:45:00+0200,9125.06,MW,FR,FR,actual_solar_generation,Solar,2026-08-21T01:55:25Z
2026-08-21T01:53:59Z,2026-08-21T03:53:59+0200,dab098cd-e140-4c97-b435-f000c3ac97ba,2026-08-16T16:00:00Z,2026-08-16T18:00:00+0200,8248.81,MW,FR,FR,actual_solar_generation,Solar,2026-08-21T01:55:25Z
2026-08-21T01:53:59Z,2026-08-21T03:53:59+0200,dab098cd-e140-4c97-b435-f000c3ac97ba,2026-08-16T16:15:00Z,2026-08-16T18:15:00+0200,7343.18,MW,FR,FR,actual_solar_generation,Solar,2026-08-21T01:55:25Z
2026-08-21T01:53:59Z,2026-08-21T03:53:59+0200,dab098cd-e140-4c97-b435-f000c3ac97ba,2026-08-16T16:30:00Z,2026-08-16T18:30:00+0200,6336.24,MW,FR,FR,actual_solar_generation,Solar,2026-08-21T01:55:25Z
2026-08-21T01:53:59Z,2026-08-21T03:53:59+0200,dab098cd-e140-4c97-b435-f000c3ac97ba,2026-08-16T16:45:00Z,2026-08-16T18:45:00+0200,5469.77,MW,FR,FR,actual_solar_generation,Solar,2026-08-21T01:55:25Z
2026-08-21T01:53:59Z,2026-08-21T03:53:59+0200,dab098cd-e140-4c97-b435-f000c3ac97ba,2026-08-16T17:00:00Z,2026-08-16T19:00:00+0200,4465.01,MW,FR,FR,actual_solar_generation,Solar,2026-08-21T01:55:25Z
2026-08-21T01:53:59Z,2026-08-21T03:53:59+0200,dab098cd-e140-4c97-b435-f000c3ac97ba,2026-08-16T17:15:00Z,2026-08-16T19:15:00+0200,3484.49,MW,FR,FR,actual_solar_generation,Solar,2026-08-21T01:55:25Z
2026-08-21T01:53:59Z,2026-08-21T03:53:59+0200,dab098cd-e140-4c97-b435-f000c3ac97ba,2026-08-16T17:30:00Z,2026-08-16T19:30:00+0200,2615.62,MW,FR,FR,actual_solar_generation,Solar,2026-08-21T01:55:25Z
2026-08-21T01:53:59Z,2026-08-21T03:53:59+0200,dab098cd-e140-4c97-b435-f000c3ac97ba,2026-08-16T17:45:00Z,2026-08-16T19:45:00+0200,1955.67,MW,FR,FR,actual_solar_generation,Solar,2026-08-21T01:55:25Z
2026-08-21T01:53:59Z,2026-08-21T03:53:59+0200,dab098cd-e140-4c97-b435-f000c3ac97ba,2026-08-16T18:00:00Z,2026-08-16T20:00:00+0200,1358.78,MW,FR,FR,actual_solar_generation,Solar,2026-08-21T01:55:25Z
2026-08-21T01:53:59Z,2026-08-21T03:53:59+0200,dab098cd-e140-4c97-b435-f000c3ac97ba,2026-08-16T18:15:00Z,2026-08-16T20:15:00+0200,921.85,MW,FR,FR,actual_solar_generation,Solar,2026-08-21T01:55:25Z
2026-08-21T01:53:59Z,2026-08-21T03:53:59+0200,dab098cd-e140-4c97-b435-f000c3ac97ba,2026-08-16T18:30:00Z,2026-08-16T20:30:00+0200,613.24,MW,FR,FR,actual_solar_generation,Solar,2026-08-21T01:55:25Z
2026-08-21T01:53:59Z,2026-08-21T03:53:59+0200,dab098cd-e140-4c97-b435-f000c3ac97ba,2026-08-16T18:45:00Z,2026-08-16T20:45:00+0200,405.05,MW,FR,FR,actual_solar_generation,Solar,2026-08-21T01:55:25Z
2026-08-21T01:53:59Z,2026-08-21T03:53:59+0200,dab098cd-e140-4c97-b435-f000c3ac97ba,2026-08-16T19:00:00Z,2026-08-16T21:00:00+0200,277.42,MW,FR,FR,actual_solar_generation,Solar,2026-08-21T01:55:25Z
2026-08-21T01:53:59Z,2026-08-21T03:53:59+0200,dab098cd-e140-4c97-b435-f000c3ac97ba,2026-08-16T19:15:00Z,2026-08-16T21:15:00+0200,236.15,MW,FR,FR,actual_solar_generation,Solar,2026-08-21T01:55:25Z
2026-08-21T01:53:59Z,2026-08-21T03:53:59+0200,dab098cd-e140-4c97-b435-f000c3ac97ba,2026-08-16T19:30:00Z,2026-08-16T21:30:00+0200,228.84,MW,FR,FR,actual_solar_generation,Solar,2026-08-21T01:55:25Z
2026-08-21T01:53:59Z,2026-08-21T03:53:59+0200,dab098cd-e140-4c97-b435-f000c3ac97ba,2026-08-16T19:45:00Z,2026-08-16T21:45:00+0200,232.22,MW,FR,FR,actual_solar_generation,Solar,2026-08-21T01:55:25Z
2026-08-21T01:53:59Z,2026-08-21T03:53:59+0200,dab098cd-e140-4c97-b435-f000c3ac97ba,2026-08-16T20:00:00Z,2026-08-16T22:00:00+0200,233.28,MW,FR,FR,actual_solar_generation,Solar,2026-08-21T01:55:25Z
2026-08-21T01:53:59Z,2026-08-21T03:53:59+0200,dab098cd-e140-4c97-b435-f000c3ac97ba,2026-08-16T20:15:00Z,2026-08-16T22:15:00+0200,226.08,MW,FR,FR,actual_solar_generation,Solar,2026-08-21T01:55:25Z
2026-08-21T01:53:59Z,2026-08-21T03:53:59+0200,dab098cd-e140-4c97-b435-f000c3ac97ba,2026-08-16T20:30:00Z,2026-08-16T22:30:00+0200,227.58,MW,FR,FR,actual_solar_generation,Solar,2026-08-21T01:55:25Z
2026-08-21T01:53:59Z,2026-08-21T03:53:59+0200,dab098cd-e140-4c97-b435-f000c3ac97ba,2026-08-16T20:45:00Z,2026-08-16T22:45:00+0200,227.32,MW,FR,FR,actual_solar_generation,Solar,2026-08-21T01:55:25Z
2026-08-21T01:53:59Z,2026-08-21T03:53:59+0200,dab098cd-e140-4c97-b435-f000c3ac97ba,2026-08-16T21:00:00Z,2026-08-16T23:00:00+0200,0.0,MW,FR,FR,actual_solar_generation,Solar,2026-08-21T01:55:25Z
2026-08-21T01:53:59Z,2026-08-21T03:53:59+0200,dab098cd-e140-4c97-b435-f000c3ac97ba,2026-08-16T21:15:00Z,2026-08-16T23:15:00+0200,0.0,MW,FR,FR,actual_solar_generation,Solar,2026-08-21T01:55:25Z
2026-08-21T01:53:59Z,2026-08-21T03:53:59+0200,dab098cd-e140-4c97-b435-f000c3ac97ba,2026-08-16T21:30:00Z,2026-08-16T23:30:00+0200,0.0,MW,FR,FR,actual_solar_generation,Solar,2026-08-21T01:55:25Z
2026-08-21T01:53:59Z,2026-08-21T03:53:59+0200,dab098cd-e140-4c97-b435-f000c3ac97ba,2026-08-16T21:45:00Z,2026-08-16T23:45:00+0200,0.0,MW,FR,FR,actual_solar_generation,Solar,2026-08-21T01:55:25Z
2026-08-21T01:53:59Z,2026-08-21T03:53:59+0200,dab098cd-e140-4c97-b435-f000c3ac97ba,2026-08-16T22:00:00Z,2026-08-17T00:00:00+0200,0.0,MW,FR,FR,actual_solar_generation,Solar,2026-08-21T01:55:25Z
2026-08-21T01:53:59Z,2026-08-21T03:53:59+0200,dab098cd-e140-4c97-b435-f000c3ac97ba,2026-08-16T22:15:00Z,2026-08-17T00:15:00+0200,0.0,MW,FR,FR,actual_solar_generation,Solar,2026-08-21T01:55:25Z
2026-08-21T01:53:59Z,2026-08-21T03:53:59+0200,dab098cd-e140-4c97-b435-f000c3ac97ba,2026-08-16T22:30:00Z,2026-08-17T00:30:00+0200,0.0,MW,FR,FR,actual_solar_generation,Solar,2026-08-21T01:55:25Z
2026-08-21T01:53:59Z,2026-08-21T03:53:59+0200,dab098cd-e140-4c97-b435-f000c3ac97ba,2026-08-16T22:45:00Z,2026-08-17T00:45:00+0200,0.0,MW,FR,FR,actual_solar_generation,Solar,2026-08-21T01:55:25Z
2026-08-21T01:53:59Z,2026-08-21T03:53:59+0200,dab098cd-e140-4c97-b435-f000c3ac97ba,2026-08-16T23:00:00Z,2026-08-17T01:00:00+0200,0.0,MW,FR,FR,actual_solar_generation,Solar,2026-08-21T01:55:25Z
2026-08-21T01:53:59Z,2026-08-21T03:53:59+0200,dab098cd-e140-4c97-b435-f000c3ac97ba,2026-08-16T23:15:00Z,2026-08-17T01:15:00+0200,0.0,MW,FR,FR,actual_solar_generation,Solar,2026-08-21T01:55:25Z
2026-08-21T01:53:59Z,2026-08-21T03:53:59+0200,dab098cd-e140-4c97-b435-f000c3ac97ba,2026-08-16T23:30:00Z,2026-08-17T01:30:00+0200,0.0,MW,FR,FR,actual_solar_generation,Solar,2026-08-21T01:55:25Z
2026-08-21T01:53:59Z,2026-08-21T03:53:59+0200,dab098cd-e140-4c97-b435-f000c3ac97ba,2026-08-16T23:45:00Z,2026-08-17T01:45:00+0200,0.0,MW,FR,FR,actual_solar_generation,Solar,2026-08-21T01:55:25Z
2026-08-21T01:53:59Z,2026-08-21T03:53:59+0200,dab098cd-e140-4c97-b435-f000c3ac97ba,2026-08-17T00:00:00Z,2026-08-17T02:00:00+0200,0.0,MW,FR,FR,actual_solar_generation,Solar,2026-08-21T01:55:25Z
2026-08-21T01:53:59Z,2026-08-21T03:53:59+0200,dab098cd-e140-4c97-b435-f000c3ac97ba,2026-08-17T00:15:00Z,2026-08-17T02:15:00+0200,0.0,MW,FR,FR,actual_solar_generation,Solar,2026-08-21T01:55:25Z
2026-08-21T01:53:59Z,2026-08-21T03:53:59+0200,dab098cd-e140-4c97-b435-f000c3ac97ba,2026-08-17T00:30:00Z,2026-08-17T02:30:00+0200,0.0,MW,FR,FR,actual_solar_generation,Solar,2026-08-21T01:55:25Z
2026-08-21T01:53:59Z,2026-08-21T03:53:59+0200,dab098cd-e140-4c97-b435-f000c3ac97ba,2026-08-17T00:45:00Z,2026-08-17T02:45:00+0200,0.0,MW,FR,FR,actual_solar_generation,Solar,2026-08-21T01:55:25Z
2026-08-21T01:53:59Z,2026-08-21T03:53:59+0200,dab098cd-e140-4c97-b435-f000c3ac97ba,2026-08-17T01:00:00Z,2026-08-17T03:00:00+0200,0.0,MW,FR,FR,actual_solar_generation,Solar,2026-08-21T01:55:25Z
2026-08-21T01:53:59Z,2026-08-21T03:53:59+0200,dab098cd-e140-4c97-b435-f000c3ac97ba,2026-08-17T01:15:00Z,2026-08-17T03:15:00+0200,0.0,MW,FR,FR,actual_solar_generation,Solar,2026-08-21T01:55:25Z
2026-08-21T01:53:59Z,2026-08-21T03:53:59+0200,dab098cd-e140-4c97-b435-f000c3ac97ba,2026-08-17T01:30:00Z,2026-08-17T03:30:00+0200,0.0,MW,FR,FR,actual_solar_generation,Solar,2026-08-21T01:55:25Z
2026-08-21T01:53:59Z,2026-08-21T03:53:59+0200,dab098cd-e140-4c97-b435-f000c3ac97ba,2026-08-17T01:45:00Z,2026-08-17T03:45:00+0200,0.0,MW,FR,FR,actual_solar_generation,Solar,2026-08-21T01:55:25Z
2026-08-21T01:53:59Z,2026-08-21T03:53:59+0200,dab098cd-e140-4c97-b435-f000c3ac97ba,2026-08-17T02:00:00Z,2026-08-17T04:00:00+0200,0.0,MW,FR,FR,actual_solar_generation,Solar,2026-08-21T01:55:25Z
2026-08-21T01:53:59Z,2026-08-21T03:53:59+0200,dab098cd-e140-4c97-b435-f000c3ac97ba,2026-08-17T02:15:00Z,2026-08-17T04:15:00+0200,0.0,MW,FR,FR,actual_solar_generation,Solar,2026-08-21T01:55:25Z
2026-08-21T01:53:59Z,2026-08-21T03:53:59+0200,dab098cd-e140-4c97-b435-f000c3ac97ba,2026-08-17T02:30:00Z,2026-08-17T04:30:00+0200,0.0,MW,FR,FR,actual_solar_generation,Solar,2026-08-21T01:55:25Z
2026-08-21T01:53:59Z,2026-08-21T03:53:59+0200,dab098cd-e140-4c97-b435-f000c3ac97ba,2026-08-17T02:45:00Z,2026-08-17T04:45:00+0200,0.0,MW,FR,FR,actual_solar_generation,Solar,2026-08-21T01:55:25Z
2026-08-21T01:53:59Z,2026-08-21T03:53:59+0200,dab098cd-e140-4c97-b435-f000c3ac97ba,2026-08-17T03:00:00Z,2026-08-17T05:00:00+0200,0.0,MW,FR,FR,actual_solar_generation,Solar,2026-08-21T01:55:25Z
2026-08-21T01:53:59Z,2026-08-21T03:53:59+0200,dab098cd-e140-4c97-b435-f000c3ac97ba,2026-08-17T03:15:00Z,2026-08-17T05:15:00+0200,0.0,MW,FR,FR,actual_solar_generation,Solar,2026-08-21T01:55:25Z
2026-08-21T01:53:59Z,2026-08-21T03:53:59+0200,dab098cd-e140-4c97-b435-f000c3ac97ba,2026-08-17T03:30:00Z,2026-08-17T05:30:00+0200,0.0,MW,FR,FR,actual_solar_generation,Solar,2026-08-21T01:55:25Z
2026-08-21T01:53:59Z,2026-08-21T03:53:59+0200,dab098cd-e140-4c97-b435-f000c3ac97ba,2026-08-17T03:45:00Z,2026-08-17T05:45:00+0200,0.0,MW,FR,FR,actual_solar_generation,Solar,2026-08-21T01:55:25Z
2026-08-21T01:53:59Z,2026-08-21T03:53:59+0200,dab098cd-e140-4c97-b435-f000c3ac97ba,2026-08-17T04:00:00Z,2026-08-17T06:00:00+0200,215.34,MW,FR,FR,actual_solar_generation,Solar,2026-08-21T01:55:25Z
2026-08-21T01:53:59Z,2026-08-21T03:53:59+0200,dab098cd-e140-4c97-b435-f000c3ac97ba,2026-08-17T04:15:00Z,2026-08-17T06:15:00+0200,219.04,MW,FR,FR,actual_solar_generation,Solar,2026-08-21T01:55:25Z
2026-08-21T01:53:59Z,2026-08-21T03:53:59+0200,dab098cd-e140-4c97-b435-f000c3ac97ba,2026-08-17T04:30:00Z,2026-08-17T06:30:00+0200,228.82,MW,FR,FR,actual_solar_generation,Solar,2026-08-21T01:55:25Z
2026-08-21T01:53:59Z,2026-08-21T03:53:59+0200,dab098cd-e140-4c97-b435-f000c3ac97ba,2026-08-17T04:45:00Z,2026-08-17T06:45:00+0200,292.53,MW,FR,FR,actual_solar_generation,Solar,2026-08-21T01:55:25Z
2026-08-21T01:53:59Z,2026-08-21T03:53:59+0200,dab098cd-e140-4c97-b435-f000c3ac97ba,2026-08-17T05:00:00Z,2026-08-17T07:00:00+0200,406.11,MW,FR,FR,actual_solar_generation,Solar,2026-08-21T01:55:25Z
2026-08-21T01:53:59Z,2026-08-21T03:53:59+0200,dab098cd-e140-4c97-b435-f000c3ac97ba,2026-08-17T05:15:00Z,2026-08-17T07:15:00+0200,548.9,MW,FR,FR,actual_solar_generation,Solar,2026-08-21T01:55:25Z
2026-08-21T01:53:59Z,2026-08-21T03:53:59+0200,dab098cd-e140-4c97-b435-f000c3ac97ba,2026-08-17T05:30:00Z,2026-08-17T07:30:00+0200,799.55,MW,FR,FR,actual_solar_generation,Solar,2026-08-21T01:55:25Z
2026-08-21T01:53:59Z,2026-08-21T03:53:59+0200,dab098cd-e140-4c97-b435-f000c3ac97ba,2026-08-17T05:45:00Z,2026-08-17T07:45:00+0200,1204.84,MW,FR,FR,actual_solar_generation,Solar,2026-08-21T01:55:25Z
2026-08-21T01:53:59Z,2026-08-21T03:53:59+0200,dab098cd-e140-4c97-b435-f000c3ac97ba,2026-08-17T06:00:00Z,2026-08-17T08:00:00+0200,1749.43,MW,FR,FR,actual_solar_generation,Solar,2026-08-21T01:55:25Z
2026-08-21T01:53:59Z,2026-08-21T03:53:59+0200,dab098cd-e140-4c97-b435-f000c3ac97ba,2026-08-17T06:15:00Z,2026-08-17T08:15:00+0200,2378.88,MW,FR,FR,actual_solar_generation,Solar,2026-08-21T01:55:25Z
2026-08-21T01:53:59Z,2026-08-21T03:53:59+0200,dab098cd-e140-4c97-b435-f000c3ac97ba,2026-08-17T06:30:00Z,2026-08-17T08:30:00+0200,3101.77,MW,FR,FR,actual_solar_generation,Solar,2026-08-21T01:55:25Z
2026-08-21T01:53:59Z,2026-08-21T03:53:59+0200,dab098cd-e140-4c97-b435-f000c3ac97ba,2026-08-17T06:45:00Z,2026-08-17T08:45:00+0200,3893.41,MW,FR,FR,actual_solar_generation,Solar,2026-08-21T01:55:25Z
2026-08-21T01:53:59Z,2026-08-21T03:53:59+0200,dab098cd-e140-4c97-b435-f000c3ac97ba,2026-08-17T07:00:00Z,2026-08-17T09:00:00+0200,4568.61,MW,FR,FR,actual_solar_generation,Solar,2026-08-21T01:55:25Z
2026-08-21T01:53:59Z,2026-08-21T03:53:59+0200,dab098cd-e140-4c97-b435-f000c3ac97ba,2026-08-17T07:15:00Z,2026-08-17T09:15:00+0200,5183.01,MW,FR,FR,actual_solar_generation,Solar,2026-08-21T01:55:25Z
2026-08-21T01:53:59Z,2026-08-21T03:53:59+0200,dab098cd-e140-4c97-b435-f000c3ac97ba,2026-08-17T07:30:00Z,2026-08-17T09:30:00+0200,6105.29,MW,FR,FR,actual_solar_generation,Solar,2026-08-21T01:55:25Z
2026-08-21T01:53:59Z,2026-08-21T03:53:59+0200,dab098cd-e140-4c97-b435-f000c3ac97ba,2026-08-17T07:45:00Z,2026-08-17T09:45:00+0200,6895.64,MW,FR,FR,actual_solar_generation,Solar,2026-08-21T01:55:25Z
2026-08-21T01:53:59Z,2026-08-21T03:53:59+0200,dab098cd-e140-4c97-b435-f000c3ac97ba,2026-08-17T08:00:00Z,2026-08-17T10:00:00+0200,7708.78,MW,FR,FR,actual_solar_generation,Solar,2026-08-21T01:55:25Z
2026-08-21T01:53:59Z,2026-08-21T03:53:59+0200,dab098cd-e140-4c97-b435-f000c3ac97ba,2026-08-17T08:15:00Z,2026-08-17T10:15:00+0200,8538.43,MW,FR,FR,actual_solar_generation,Solar,2026-08-21T01:55:25Z
2026-08-21T01:53:59Z,2026-08-21T03:53:59+0200,dab098cd-e140-4c97-b435-f000c3ac97ba,2026-08-17T08:30:00Z,2026-08-17T10:30:00+0200,9417.71,MW,FR,FR,actual_solar_generation,Solar,2026-08-21T01:55:25Z
2026-08-21T01:53:59Z,2026-08-21T03:53:59+0200,dab098cd-e140-4c97-b435-f000c3ac97ba,2026-08-17T08:45:00Z,2026-08-17T10:45:00+0200,10309.21,MW,FR,FR,actual_solar_generation,Solar,2026-08-21T01:55:25Z
2026-08-21T01:53:59Z,2026-08-21T03:53:59+0200,dab098cd-e140-4c97-b435-f000c3ac97ba,2026-08-17T09:00:00Z,2026-08-17T11:00:00+0200,11094.02,MW,FR,FR,actual_solar_generation,Solar,2026-08-21T01:55:25Z
2026-08-21T01:53:59Z,2026-08-21T03:53:59+0200,dab098cd-e140-4c97-b435-f000c3ac97ba,2026-08-17T09:15:00Z,2026-08-17T11:15:00+0200,11791.11,MW,FR,FR,actual_solar_generation,Solar,2026-08-21T01:55:25Z
2026-08-21T01:53:59Z,2026-08-21T03:53:59+0200,dab098cd-e140-4c97-b435-f000c3ac97ba,2026-08-17T09:30:00Z,2026-08-17T11:30:00+0200,12604.83,MW,FR,FR,actual_solar_generation,Solar,2026-08-21T01:55:25Z
2026-08-21T01:53:59Z,2026-08-21T03:53:59+0200,dab098cd-e140-4c97-b435-f000c3ac97ba,2026-08-17T09:45:00Z,2026-08-17T11:45:00+0200,13089.69,MW,FR,FR,actual_solar_generation,Solar,2026-08-21T01:55:25Z
2026-08-21T01:53:59Z,2026-08-21T03:53:59+0200,dab098cd-e140-4c97-b435-f000c3ac97ba,2026-08-17T10:00:00Z,2026-08-17T12:00:00+0200,13602.11,MW,FR,FR,actual_solar_generation,Solar,2026-08-21T01:55:25Z
2026-08-21T01:53:59Z,2026-08-21T03:53:59+0200,dab098cd-e140-4c97-b435-f000c3ac97ba,2026-08-17T10:15:00Z,2026-08-17T12:15:00+0200,13919.07,MW,FR,FR,actual_solar_generation,Solar,2026-08-21T01:55:25Z
2026-08-21T01:53:59Z,2026-08-21T03:53:59+0200,dab098cd-e140-4c97-b435-f000c3ac97ba,2026-08-17T10:30:00Z,2026-08-17T12:30:00+0200,14312.83,MW,FR,FR,actual_solar_generation,Solar,2026-08-21T01:55:25Z
2026-08-21T01:53:59Z,2026-08-21T03:53:59+0200,dab098cd-e140-4c97-b435-f000c3ac97ba,2026-08-17T10:45:00Z,2026-08-17T12:45:00+0200,14493.27,MW,FR,FR,actual_solar_generation,Solar,2026-08-21T01:55:25Z
2026-08-21T01:53:59Z,2026-08-21T03:53:59+0200,dab098cd-e140-4c97-b435-f000c3ac97ba,2026-08-17T11:00:00Z,2026-08-17T13:00:00+0200,14704.28,MW,FR,FR,actual_solar_generation,Solar,2026-08-21T01:55:25Z
2026-08-21T01:53:59Z,2026-08-21T03:53:59+0200,dab098cd-e140-4c97-b435-f000c3ac97ba,2026-08-17T11:15:00Z,2026-08-17T13:15:00+0200,14911.95,MW,FR,FR,actual_solar_generation,Solar,2026-08-21T01:55:25Z
2026-08-21T01:53:59Z,2026-08-21T03:53:59+0200,dab098cd-e140-4c97-b435-f000c3ac97ba,2026-08-17T11:30:00Z,2026-08-17T13:30:00+0200,15138.59,MW,FR,FR,actual_solar_generation,Solar,2026-08-21T01:55:25Z
2026-08-21T01:53:59Z,2026-08-21T03:53:59+0200,dab098cd-e140-4c97-b435-f000c3ac97ba,2026-08-17T11:45:00Z,2026-08-17T13:45:00+0200,14847.43,MW,FR,FR,actual_solar_generation,Solar,2026-08-21T01:55:25Z
2026-08-21T01:53:59Z,2026-08-21T03:53:59+0200,dab098cd-e140-4c97-b435-f000c3ac97ba,2026-08-17T12:00:00Z,2026-08-17T14:00:00+0200,14994.74,MW,FR,FR,actual_solar_generation,Solar,2026-08-21T01:55:25Z
2026-08-21T01:53:59Z,2026-08-21T03:53:59+0200,dab098cd-e140-4c97-b435-f000c3ac97ba,2026-08-17T12:15:00Z,2026-08-17T14:15:00+0200,14916.16,MW,FR,FR,actual_solar_generation,Solar,2026-08-21T01:55:25Z
2026-08-21T01:53:59Z,2026-08-21T03:53:59+0200,dab098cd-e140-4c97-b435-f000c3ac97ba,2026-08-17T12:30:00Z,2026-08-17T14:30:00+0200,14679.83,MW,FR,FR,actual_solar_generation,Solar,2026-08-21T01:55:25Z
2026-08-21T01:53:59Z,2026-08-21T03:53:59+0200,dab098cd-e140-4c97-b435-f000c3ac97ba,2026-08-17T12:45:00Z,2026-08-17T14:45:00+0200,14606.91,MW,FR,FR,actual_solar_generation,Solar,2026-08-21T01:55:25Z
2026-08-21T01:53:59Z,2026-08-21T03:53:59+0200,dab098cd-e140-4c97-b435-f000c3ac97ba,2026-08-17T13:00:00Z,2026-08-17T15:00:00+0200,14502.12,MW,FR,FR,actual_solar_generation,Solar,2026-08-21T01:55:25Z
2026-08-21T01:53:59Z,2026-08-21T03:53:59+0200,dab098cd-e140-4c97-b435-f000c3ac97ba,2026-08-17T13:15:00Z,2026-08-17T15:15:00+0200,14085.7,MW,FR,FR,actual_solar_generation,Solar,2026-08-21T01:55:25Z
2026-08-21T01:53:59Z,2026-08-21T03:53:59+0200,dab098cd-e140-4c97-b435-f000c3ac97ba,2026-08-17T13:30:00Z,2026-08-17T15:30:00+0200,13585.5,MW,FR,FR,actual_solar_generation,Solar,2026-08-21T01:55:25Z
2026-08-21T01:53:59Z,2026-08-21T03:53:59+0200,dab098cd-e140-4c97-b435-f000c3ac97ba,2026-08-17T13:45:00Z,2026-08-17T15:45:00+0200,13318.66,MW,FR,FR,actual_solar_generation,Solar,2026-08-21T01:55:25Z
2026-08-21T01:53:59Z,2026-08-21T03:53:59+0200,dab098cd-e140-4c97-b435-f000c3ac97ba,2026-08-17T14:00:00Z,2026-08-17T16:00:00+0200,12969.35,MW,FR,FR,actual_solar_generation,Solar,2026-08-21T01:55:25Z
2026-08-21T01:53:59Z,2026-08-21T03:53:59+0200,dab098cd-e140-4c97-b435-f000c3ac97ba,2026-08-17T14:15:00Z,2026-08-17T16:15:00+0200,12333.56,MW,FR,FR,actual_solar_generation,Solar,2026-08-21T01:55:25Z
2026-08-21T01:53:59Z,2026-08-21T03:53:59+0200,dab098cd-e140-4c97-b435-f000c3ac97ba,2026-08-17T14:30:00Z,2026-08-17T16:30:00+0200,11879.71,MW,FR,FR,actual_solar_generation,Solar,2026-08-21T01:55:25Z
2026-08-21T01:53:59Z,2026-08-21T03:53:59+0200,dab098cd-e140-4c97-b435-f000c3ac97ba,2026-08-17T14:45:00Z,2026-08-17T16:45:00+0200,11295.68,MW,FR,FR,actual_solar_generation,Solar,2026-08-21T01:55:25Z
2026-08-21T01:53:59Z,2026-08-21T03:53:59+0200,dab098cd-e140-4c97-b435-f000c3ac97ba,2026-08-17T15:00:00Z,2026-08-17T17:00:00+0200,10804.88,MW,FR,FR,actual_solar_generation,Solar,2026-08-21T01:55:25Z
2026-08-21T01:53:59Z,2026-08-21T03:53:59+0200,dab098cd-e140-4c97-b435-f000c3ac97ba,2026-08-17T15:15:00Z,2026-08-17T17:15:00+0200,10014.08,MW,FR,FR,actual_solar_generation,Solar,2026-08-21T01:55:25Z
2026-08-21T01:53:59Z,2026-08-21T03:53:59+0200,dab098cd-e140-4c97-b435-f000c3ac97ba,2026-08-17T15:30:00Z,2026-08-17T17:30:00+0200,9174.2,MW,FR,FR,actual_solar_generation,Solar,2026-08-21T01:55:25Z
2026-08-21T01:53:59Z,2026-08-21T03:53:59+0200,dab098cd-e140-4c97-b435-f000c3ac97ba,2026-08-17T15:45:00Z,2026-08-17T17:45:00+0200,8389.34,MW,FR,FR,actual_solar_generation,Solar,2026-08-21T01:55:25Z
2026-08-21T01:53:59Z,2026-08-21T03:53:59+0200,dab098cd-e140-4c97-b435-f000c3ac97ba,2026-08-17T16:00:00Z,2026-08-17T18:00:00+0200,7684.18,MW,FR,FR,actual_solar_generation,Solar,2026-08-21T01:55:25Z
2026-08-21T01:53:59Z,2026-08-21T03:53:59+0200,dab098cd-e140-4c97-b435-f000c3ac97ba,2026-08-17T16:15:00Z,2026-08-17T18:15:00+0200,6730.86,MW,FR,FR,actual_solar_generation,Solar,2026-08-21T01:55:25Z
2026-08-21T01:53:59Z,2026-08-21T03:53:59+0200,dab098cd-e140-4c97-b435-f000c3ac97ba,2026-08-17T16:30:00Z,2026-08-17T18:30:00+0200,5940.84,MW,FR,FR,actual_solar_generation,Solar,2026-08-21T01:55:25Z
2026-08-21T01:53:59Z,2026-08-21T03:53:59+0200,dab098cd-e140-4c97-b435-f000c3ac97ba,2026-08-17T16:45:00Z,2026-08-17T18:45:00+0200,5091.58,MW,FR,FR,actual_solar_generation,Solar,2026-08-21T01:55:25Z
2026-08-21T01:53:59Z,2026-08-21T03:53:59+0200,dab098cd-e140-4c97-b435-f000c3ac97ba,2026-08-17T17:00:00Z,2026-08-17T19:00:00+0200,4176.45,MW,FR,FR,actual_solar_generation,Solar,2026-08-21T01:55:25Z
2026-08-21T01:53:59Z,2026-08-21T03:53:59+0200,dab098cd-e140-4c97-b435-f000c3ac97ba,2026-08-17T17:15:00Z,2026-08-17T19:15:00+0200,3356.04,MW,FR,FR,actual_solar_generation,Solar,2026-08-21T01:55:25Z
2026-08-21T01:53:59Z,2026-08-21T03:53:59+0200,dab098cd-e140-4c97-b435-f000c3ac97ba,2026-08-17T17:30:00Z,2026-08-17T19:30:00+0200,2578.53,MW,FR,FR,actual_solar_generation,Solar,2026-08-21T01:55:25Z
2026-08-21T01:53:59Z,2026-08-21T03:53:59+0200,dab098cd-e140-4c97-b435-f000c3ac97ba,2026-08-17T17:45:00Z,2026-08-17T19:45:00+0200,1921.83,MW,FR,FR,actual_solar_generation,Solar,2026-08-21T01:55:25Z
2026-08-21T01:53:59Z,2026-08-21T03:53:59+0200,dab098cd-e140-4c97-b435-f000c3ac97ba,2026-08-17T18:00:00Z,2026-08-17T20:00:00+0200,1337.08,MW,FR,FR,actual_solar_generation,Solar,2026-08-21T01:55:25Z
2026-08-21T01:53:59Z,2026-08-21T03:53:59+0200,dab098cd-e140-4c97-b435-f000c3ac97ba,2026-08-17T18:15:00Z,2026-08-17T20:15:00+0200,906.75,MW,FR,FR,actual_solar_generation,Solar,2026-08-21T01:55:25Z
2026-08-21T01:53:59Z,2026-08-21T03:53:59+0200,dab098cd-e140-4c97-b435-f000c3ac97ba,2026-08-17T18:30:00Z,2026-08-17T20:30:00+0200,594.13,MW,FR,FR,actual_solar_generation,Solar,2026-08-21T01:55:25Z
2026-08-21T01:53:59Z,2026-08-21T03:53:59+0200,dab098cd-e140-4c97-b435-f000c3ac97ba,2026-08-17T18:45:00Z,2026-08-17T20:45:00+0200,388.67,MW,FR,FR,actual_solar_generation,Solar,2026-08-21T01:55:25Z
2026-08-21T01:53:59Z,2026-08-21T03:53:59+0200,dab098cd-e140-4c97-b435-f000c3ac97ba,2026-08-17T19:00:00Z,2026-08-17T21:00:00+0200,265.61,MW,FR,FR,actual_solar_generation,Solar,2026-08-21T01:55:25Z
2026-08-21T01:53:59Z,2026-08-21T03:53:59+0200,dab098cd-e140-4c97-b435-f000c3ac97ba,2026-08-17T19:15:00Z,2026-08-17T21:15:00+0200,232.29,MW,FR,FR,actual_solar_generation,Solar,2026-08-21T01:55:25Z
2026-08-21T01:53:59Z,2026-08-21T03:53:59+0200,dab098cd-e140-4c97-b435-f000c3ac97ba,2026-08-17T19:30:00Z,2026-08-17T21:30:00+0200,214.91,MW,FR,FR,actual_solar_generation,Solar,2026-08-21T01:55:25Z
2026-08-21T01:53:59Z,2026-08-21T03:53:59+0200,dab098cd-e140-4c97-b435-f000c3ac97ba,2026-08-17T19:45:00Z,2026-08-17T21:45:00+0200,211.34,MW,FR,FR,actual_solar_generation,Solar,2026-08-21T01:55:25Z
2026-08-21T01:53:59Z,2026-08-21T03:53:59+0200,dab098cd-e140-4c97-b435-f000c3ac97ba,2026-08-17T20:00:00Z,2026-08-17T22:00:00+0200,217.76,MW,FR,FR,actual_solar_generation,Solar,2026-08-21T01:55:25Z
2026-08-21T01:53:59Z,2026-08-21T03:53:59+0200,dab098cd-e140-4c97-b435-f000c3ac97ba,2026-08-17T20:15:00Z,2026-08-17T22:15:00+0200,221.61,MW,FR,FR,actual_solar_generation,Solar,2026-08-21T01:55:25Z
2026-08-21T01:53:59Z,2026-08-21T03:53:59+0200,dab098cd-e140-4c97-b435-f000c3ac97ba,2026-08-17T20:30:00Z,2026-08-17T22:30:00+0200,222.47,MW,FR,FR,actual_solar_generation,Solar,2026-08-21T01:55:25Z
2026-08-21T01:53:59Z,2026-08-21T03:53:59+0200,dab098cd-e140-4c97-b435-f000c3ac97ba,2026-08-17T20:45:00Z,2026-08-17T22:45:00+0200,216.93,MW,FR,FR,actual_solar_generation,Solar,2026-08-21T01:55:25Z
2026-08-21T01:53:59Z,2026-08-21T03:53:59+0200,dab098cd-e140-4c97-b435-f000c3ac97ba,2026-08-17T21:00:00Z,2026-08-17T23:00:00+0200,0.0,MW,FR,FR,actual_solar_generation,Solar,2026-08-21T01:55:25Z
2026-08-21T01:53:59Z,2026-08-21T03:53:59+0200,dab098cd-e140-4c97-b435-f000c3ac97ba,2026-08-17T21:15:00Z,2026-08-17T23:15:00+0200,0.0,MW,FR,FR,actual_solar_generation,Solar,2026-08-21T01:55:25Z
2026-08-21T01:53:59Z,2026-08-21T03:53:59+0200,dab098cd-e140-4c97-b435-f000c3ac97ba,2026-08-17T21:30:00Z,2026-08-17T23:30:00+0200,0.0,MW,FR,FR,actual_solar_generation,Solar,2026-08-21T01:55:25Z
2026-08-21T01:53:59Z,2026-08-21T03:53:59+0200,dab098cd-e140-4c97-b435-f000c3ac97ba,2026-08-17T21:45:00Z,2026-08-17T23:45:00+0200,0.0,MW,FR,FR,actual_solar_generation,Solar,2026-08-21T01:55:25Z
2026-08-21T01:53:59Z,2026-08-21T03:53:59+0200,dab098cd-e140-4c97-b435-f000c3ac97ba,2026-08-17T22:00:00Z,2026-08-18T00:00:00+0200,0.0,MW,FR,FR,actual_solar_generation,Solar,2026-08-21T01:55:25Z
2026-08-21T01:53:59Z,2026-08-21T03:53:59+0200,dab098cd-e140-4c97-b435-f000c3ac97ba,2026-08-17T22:15:00Z,2026-08-18T00:15:00+0200,0.0,MW,FR,FR,actual_solar_generation,Solar,2026-08-21T01:55:25Z
2026-08-21T01:53:59Z,2026-08-21T03:53:59+0200,dab098cd-e140-4c97-b435-f000c3ac97ba,2026-08-17T22:30:00Z,2026-08-18T00:30:00+0200,0.0,MW,FR,FR,actual_solar_generation,Solar,2026-08-21T01:55:25Z
2026-08-21T01:53:59Z,2026-08-21T03:53:59+0200,dab098cd-e140-4c97-b435-f000c3ac97ba,2026-08-17T22:45:00Z,2026-08-18T00:45:00+0200,0.0,MW,FR,FR,actual_solar_generation,Solar,2026-08-21T01:55:25Z
2026-08-21T01:53:59Z,2026-08-21T03:53:59+0200,dab098cd-e140-4c97-b435-f000c3ac97ba,2026-08-17T23:00:00Z,2026-08-18T01:00:00+0200,0.0,MW,FR,FR,actual_solar_generation,Solar,2026-08-21T01:55:25Z
2026-08-21T01:53:59Z,2026-08-21T03:53:59+0200,dab098cd-e140-4c97-b435-f000c3ac97ba,2026-08-17T23:15:00Z,2026-08-18T01:15:00+0200,0.0,MW,FR,FR,actual_solar_generation,Solar,2026-08-21T01:55:25Z
2026-08-21T01:53:59Z,2026-08-21T03:53:59+0200,dab098cd-e140-4c97-b435-f000c3ac97ba,2026-08-17T23:30:00Z,2026-08-18T01:30:00+0200,0.0,MW,FR,FR,actual_solar_generation,Solar,2026-08-21T01:55:25Z
2026-08-21T01:53:59Z,2026-08-21T03:53:59+0200,dab098cd-e140-4c97-b435-f000c3ac97ba,2026-08-17T23:45:00Z,2026-08-18T01:45:00+0200,0.0,MW,FR,FR,actual_solar_generation,Solar,2026-08-21T01:55:25Z
2026-08-21T01:53:59Z,2026-08-21T03:53:59+0200,dab098cd-e140-4c97-b435-f000c3ac97ba,2026-08-18T00:00:00Z,2026-08-18T02:00:00+0200,0.0,MW,FR,FR,actual_solar_generation,Solar,2026-08-21T01:55:25Z
2026-08-21T01:53:59Z,2026-08-21T03:53:59+0200,dab098cd-e140-4c97-b435-f000c3ac97ba,2026-08-18T00:15:00Z,2026-08-18T02:15:00+0200,0.0,MW,FR,FR,actual_solar_generation,Solar,2026-08-21T01:55:25Z
2026-08-21T01:53:59Z,2026-08-21T03:53:59+0200,dab098cd-e140-4c97-b435-f000c3ac97ba,2026-08-18T00:30:00Z,2026-08-18T02:30:00+0200,0.0,MW,FR,FR,actual_solar_generation,Solar,2026-08-21T01:55:25Z
2026-08-21T01:53:59Z,2026-08-21T03:53:59+0200,dab098cd-e140-4c97-b435-f000c3ac97ba,2026-08-18T00:45:00Z,2026-08-18T02:45:00+0200,0.0,MW,FR,FR,actual_solar_generation,Solar,2026-08-21T01:55:25Z
2026-08-21T01:53:59Z,2026-08-21T03:53:59+0200,dab098cd-e140-4c97-b435-f000c3ac97ba,2026-08-18T01:00:00Z,2026-08-18T03:00:00+0200,0.0,MW,FR,FR,actual_solar_generation,Solar,2026-08-21T01:55:25Z
2026-08-21T01:53:59Z,2026-08-21T03:53:59+0200,dab098cd-e140-4c97-b435-f000c3ac97ba,2026-08-18T01:15:00Z,2026-08-18T03:15:00+0200,0.0,MW,FR,FR,actual_solar_generation,Solar,2026-08-21T01:55:25Z
2026-08-21T01:53:59Z,2026-08-21T03:53:59+0200,dab098cd-e140-4c97-b435-f000c3ac97ba,2026-08-18T01:30:00Z,2026-08-18T03:30:00+0200,0.0,MW,FR,FR,actual_solar_generation,Solar,2026-08-21T01:55:25Z
2026-08-21T01:53:59Z,2026-08-21T03:53:59+0200,dab098cd-e140-4c97-b435-f000c3ac97ba,2026-08-18T01:45:00Z,2026-08-18T03:45:00+0200,0.0,MW,FR,FR,actual_solar_generation,Solar,2026-08-21T01:55:25Z
2026-08-21T01:53:59Z,2026-08-21T03:53:59+0200,dab098cd-e140-4c97-b435-f000c3ac97ba,2026-08-18T02:00:00Z,2026-08-18T04:00:00+0200,0.0,MW,FR,FR,actual_solar_generation,Solar,2026-08-21T01:55:25Z
2026-08-21T01:53:59Z,2026-08-21T03:53:59+0200,dab098cd-e140-4c97-b435-f000c3ac97ba,2026-08-18T02:15:00Z,2026-08-18T04:15:00+0200,0.0,MW,FR,FR,actual_solar_generation,Solar,2026-08-21T01:55:25Z
2026-08-21T01:53:59Z,2026-08-21T03:53:59+0200,dab098cd-e140-4c97-b435-f000c3ac97ba,2026-08-18T02:30:00Z,2026-08-18T04:30:00+0200,0.0,MW,FR,FR,actual_solar_generation,Solar,2026-08-21T01:55:25Z
2026-08-21T01:53:59Z,2026-08-21T03:53:59+0200,dab098cd-e140-4c97-b435-f000c3ac97ba,2026-08-18T02:45:00Z,2026-08-18T04:45:00+0200,0.0,MW,FR,FR,actual_solar_generation,Solar,2026-08-21T01:55:25Z
2026-08-21T01:53:59Z,2026-08-21T03:53:59+0200,dab098cd-e140-4c97-b435-f000c3ac97ba,2026-08-18T03:00:00Z,2026-08-18T05:00:00+0200,0.0,MW,FR,FR,actual_solar_generation,Solar,2026-08-21T01:55:25Z
2026-08-21T01:53:59Z,2026-08-21T03:53:59+0200,dab098cd-e140-4c97-b435-f000c3ac97ba,2026-08-18T03:15:00Z,2026-08-18T05:15:00+0200,0.0,MW,FR,FR,actual_solar_generation,Solar,2026-08-21T01:55:25Z
2026-08-21T01:53:59Z,2026-08-21T03:53:59+0200,dab098cd-e140-4c97-b435-f000c3ac97ba,2026-08-18T03:30:00Z,2026-08-18T05:30:00+0200,0.0,MW,FR,FR,actual_solar_generation,Solar,2026-08-21T01:55:25Z
2026-08-21T01:53:59Z,2026-08-21T03:53:59+0200,dab098cd-e140-4c97-b435-f000c3ac97ba,2026-08-18T03:45:00Z,2026-08-18T05:45:00+0200,0.0,MW,FR,FR,actual_solar_generation,Solar,2026-08-21T01:55:25Z
2026-08-21T01:53:59Z,2026-08-21T03:53:59+0200,dab098cd-e140-4c97-b435-f000c3ac97ba,2026-08-18T04:00:00Z,2026-08-18T06:00:00+0200,223.84,MW,FR,FR,actual_solar_generation,Solar,2026-08-21T01:55:25Z
2026-08-21T01:53:59Z,2026-08-21T03:53:59+0200,dab098cd-e140-4c97-b435-f000c3ac97ba,2026-08-18T04:15:00Z,2026-08-18T06:15:00+0200,227.56,MW,FR,FR,actual_solar_generation,Solar,2026-08-21T01:55:25Z
2026-08-21T01:53:59Z,2026-08-21T03:53:59+0200,dab098cd-e140-4c97-b435-f000c3ac97ba,2026-08-18T04:30:00Z,2026-08-18T06:30:00+0200,237.07,MW,FR,FR,actual_solar_generation,Solar,2026-08-21T01:55:25Z
2026-08-21T01:53:59Z,2026-08-21T03:53:59+0200,dab098cd-e140-4c97-b435-f000c3ac97ba,2026-08-18T04:45:00Z,2026-08-18T06:45:00+0200,293.69,MW,FR,FR,actual_solar_generation,Solar,2026-08-21T01:55:25Z
2026-08-21T01:53:59Z,2026-08-21T03:53:59+0200,dab098cd-e140-4c97-b435-f000c3ac97ba,2026-08-18T05:00:00Z,2026-08-18T07:00:00+0200,411.83,MW,FR,FR,actual_solar_generation,Solar,2026-08-21T01:55:25Z
2026-08-21T01:53:59Z,2026-08-21T03:53:59+0200,dab098cd-e140-4c97-b435-f000c3ac97ba,2026-08-18T05:15:00Z,2026-08-18T07:15:00+0200,564.4,MW,FR,FR,actual_solar_generation,Solar,2026-08-21T01:55:25Z
2026-08-21T01:53:59Z,2026-08-21T03:53:59+0200,dab098cd-e140-4c97-b435-f000c3ac97ba,2026-08-18T05:30:00Z,2026-08-18T07:30:00+0200,848.84,MW,FR,FR,actual_solar_generation,Solar,2026-08-21T01:55:25Z
2026-08-21T01:53:59Z,2026-08-21T03:53:59+0200,dab098cd-e140-4c97-b435-f000c3ac97ba,2026-08-18T05:45:00Z,2026-08-18T07:45:00+0200,1316.52,MW,FR,FR,actual_solar_generation,Solar,2026-08-21T01:55:25Z
2026-08-21T01:53:59Z,2026-08-21T03:53:59+0200,dab098cd-e140-4c97-b435-f000c3ac97ba,2026-08-18T06:00:00Z,2026-08-18T08:00:00+0200,1959.24,MW,FR,FR,actual_solar_generation,Solar,2026-08-21T01:55:25Z
2026-08-21T01:53:59Z,2026-08-21T03:53:59+0200,dab098cd-e140-4c97-b435-f000c3ac97ba,2026-08-18T06:15:00Z,2026-08-18T08:15:00+0200,2760.46,MW,FR,FR,actual_solar_generation,Solar,2026-08-21T01:55:25Z
2026-08-21T01:53:59Z,2026-08-21T03:53:59+0200,dab098cd-e140-4c97-b435-f000c3ac97ba,2026-08-18T06:30:00Z,2026-08-18T08:30:00+0200,3707.22,MW,FR,FR,actual_solar_generation,Solar,2026-08-21T01:55:25Z
2026-08-21T01:53:59Z,2026-08-21T03:53:59+0200,dab098cd-e140-4c97-b435-f000c3ac97ba,2026-08-18T06:45:00Z,2026-08-18T08:45:00+0200,4644.64,MW,FR,FR,actual_solar_generation,Solar,2026-08-21T01:55:25Z
2026-08-21T01:53:59Z,2026-08-21T03:53:59+0200,dab098cd-e140-4c97-b435-f000c3ac97ba,2026-08-18T07:00:00Z,2026-08-18T09:00:00+0200,5661.11,MW,FR,FR,actual_solar_generation,Solar,2026-08-21T01:55:25Z
2026-08-21T01:53:59Z,2026-08-21T03:53:59+0200,dab098cd-e140-4c97-b435-f000c3ac97ba,2026-08-18T07:15:00Z,2026-08-18T09:15:00+0200,6899.62,MW,FR,FR,actual_solar_generation,Solar,2026-08-21T01:55:25Z
2026-08-21T01:53:59Z,2026-08-21T03:53:59+0200,dab098cd-e140-4c97-b435-f000c3ac97ba,2026-08-18T07:30:00Z,2026-08-18T09:30:00+0200,7972.73,MW,FR,FR,actual_solar_generation,Solar,2026-08-21T01:55:25Z
2026-08-21T01:53:59Z,2026-08-21T03:53:59+0200,dab098cd-e140-4c97-b435-f000c3ac97ba,2026-08-18T07:45:00Z,2026-08-18T09:45:00+0200,9202.27,MW,FR,FR,actual_solar_generation,Solar,2026-08-21T01:55:25Z
2026-08-21T01:53:59Z,2026-08-21T03:53:59+0200,dab098cd-e140-4c97-b435-f000c3ac97ba,2026-08-18T08:00:00Z,2026-08-18T10:00:00+0200,10361.42,MW,FR,FR,actual_solar_generation,Solar,2026-08-21T01:55:25Z
2026-08-21T01:53:59Z,2026-08-21T03:53:59+0200,dab098cd-e140-4c97-b435-f000c3ac97ba,2026-08-18T08:15:00Z,2026-08-18T10:15:00+0200,11490.97,MW,FR,FR,actual_solar_generation,Solar,2026-08-21T01:55:25Z
2026-08-21T01:53:59Z,2026-08-21T03:53:59+0200,dab098cd-e140-4c97-b435-f000c3ac97ba,2026-08-18T08:30:00Z,2026-08-18T10:30:00+0200,12317.12,MW,FR,FR,actual_solar_generation,Solar,2026-08-21T01:55:25Z
2026-08-21T01:53:59Z,2026-08-21T03:53:59+0200,dab098cd-e140-4c97-b435-f000c3ac97ba,2026-08-18T08:45:00Z,2026-08-18T10:45:00+0200,13250.53,MW,FR,FR,actual_solar_generation,Solar,2026-08-21T01:55:25Z
2026-08-21T01:53:59Z,2026-08-21T03:53:59+0200,dab098cd-e140-4c97-b435-f000c3ac97ba,2026-08-18T09:00:00Z,2026-08-18T11:00:00+0200,14063.12,MW,FR,FR,actual_solar_generation,Solar,2026-08-21T01:55:25Z
2026-08-21T01:53:59Z,2026-08-21T03:53:59+0200,dab098cd-e140-4c97-b435-f000c3ac97ba,2026-08-18T09:15:00Z,2026-08-18T11:15:00+0200,14880.44,MW,FR,FR,actual_solar_generation,Solar,2026-08-21T01:55:25Z
2026-08-21T01:53:59Z,2026-08-21T03:53:59+0200,dab098cd-e140-4c97-b435-f000c3ac97ba,2026-08-18T09:30:00Z,2026-08-18T11:30:00+0200,15323.97,MW,FR,FR,actual_solar_generation,Solar,2026-08-21T01:55:25Z
2026-08-21T01:53:59Z,2026-08-21T03:53:59+0200,dab098cd-e140-4c97-b435-f000c3ac97ba,2026-08-18T09:45:00Z,2026-08-18T11:45:00+0200,15841.71,MW,FR,FR,actual_solar_generation,Solar,2026-08-21T01:55:25Z
2026-08-21T01:53:59Z,2026-08-21T03:53:59+0200,dab098cd-e140-4c97-b435-f000c3ac97ba,2026-08-18T10:00:00Z,2026-08-18T12:00:00+0200,16368.54,MW,FR,FR,actual_solar_generation,Solar,2026-08-21T01:55:25Z
2026-08-21T01:53:59Z,2026-08-21T03:53:59+0200,dab098cd-e140-4c97-b435-f000c3ac97ba,2026-08-18T10:15:00Z,2026-08-18T12:15:00+0200,16671.98,MW,FR,FR,actual_solar_generation,Solar,2026-08-21T01:55:25Z
2026-08-21T01:53:59Z,2026-08-21T03:53:59+0200,dab098cd-e140-4c97-b435-f000c3ac97ba,2026-08-18T10:30:00Z,2026-08-18T12:30:00+0200,17098.42,MW,FR,FR,actual_solar_generation,Solar,2026-08-21T01:55:25Z
2026-08-21T01:53:59Z,2026-08-21T03:53:59+0200,dab098cd-e140-4c97-b435-f000c3ac97ba,2026-08-18T10:45:00Z,2026-08-18T12:45:00+0200,17373.11,MW,FR,FR,actual_solar_generation,Solar,2026-08-21T01:55:25Z
2026-08-21T01:53:59Z,2026-08-21T03:53:59+0200,dab098cd-e140-4c97-b435-f000c3ac97ba,2026-08-18T11:00:00Z,2026-08-18T13:00:00+0200,17637.96,MW,FR,FR,actual_solar_generation,Solar,2026-08-21T01:55:25Z
2026-08-21T01:53:59Z,2026-08-21T03:53:59+0200,dab098cd-e140-4c97-b435-f000c3ac97ba,2026-08-18T11:15:00Z,2026-08-18T13:15:00+0200,17894.58,MW,FR,FR,actual_solar_generation,Solar,2026-08-21T01:55:25Z
2026-08-21T01:53:59Z,2026-08-21T03:53:59+0200,dab098cd-e140-4c97-b435-f000c3ac97ba,2026-08-18T11:30:00Z,2026-08-18T13:30:00+0200,18093.95,MW,FR,FR,actual_solar_generation,Solar,2026-08-21T01:55:25Z
2026-08-21T01:53:59Z,2026-08-21T03:53:59+0200,dab098cd-e140-4c97-b435-f000c3ac97ba,2026-08-18T11:45:00Z,2026-08-18T13:45:00+0200,17986.65,MW,FR,FR,actual_solar_generation,Solar,2026-08-21T01:55:25Z
2026-08-21T01:53:59Z,2026-08-21T03:53:59+0200,dab098cd-e140-4c97-b435-f000c3ac97ba,2026-08-18T12:00:00Z,2026-08-18T14:00:00+0200,17972.34,MW,FR,FR,actual_solar_generation,Solar,2026-08-21T01:55:25Z
2026-08-21T01:53:59Z,2026-08-21T03:53:59+0200,dab098cd-e140-4c97-b435-f000c3ac97ba,2026-08-18T12:15:00Z,2026-08-18T14:15:00+0200,17941.13,MW,FR,FR,actual_solar_generation,Solar,2026-08-21T01:55:25Z
2026-08-21T01:53:59Z,2026-08-21T03:53:59+0200,dab098cd-e140-4c97-b435-f000c3ac97ba,2026-08-18T12:30:00Z,2026-08-18T14:30:00+0200,17954.38,MW,FR,FR,actual_solar_generation,Solar,2026-08-21T01:55:25Z
2026-08-21T01:53:59Z,2026-08-21T03:53:59+0200,dab098cd-e140-4c97-b435-f000c3ac97ba,2026-08-18T12:45:00Z,2026-08-18T14:45:00+0200,17840.37,MW,FR,FR,actual_solar_generation,Solar,2026-08-21T01:55:25Z
2026-08-21T01:53:59Z,2026-08-21T03:53:59+0200,dab098cd-e140-4c97-b435-f000c3ac97ba,2026-08-18T13:00:00Z,2026-08-18T15:00:00+0200,17556.11,MW,FR,FR,actual_solar_generation,Solar,2026-08-21T01:55:25Z
2026-08-21T01:53:59Z,2026-08-21T03:53:59+0200,dab098cd-e140-4c97-b435-f000c3ac97ba,2026-08-18T13:15:00Z,2026-08-18T15:15:00+0200,17268.0,MW,FR,FR,actual_solar_generation,Solar,2026-08-21T01:55:25Z
2026-08-21T01:53:59Z,2026-08-21T03:53:59+0200,dab098cd-e140-4c97-b435-f000c3ac97ba,2026-08-18T13:30:00Z,2026-08-18T15:30:00+0200,16986.63,MW,FR,FR,actual_solar_generation,Solar,2026-08-21T01:55:25Z
2026-08-21T01:53:59Z,2026-08-21T03:53:59+0200,dab098cd-e140-4c97-b435-f000c3ac97ba,2026-08-18T13:45:00Z,2026-08-18T15:45:00+0200,16422.71,MW,FR,FR,actual_solar_generation,Solar,2026-08-21T01:55:25Z
2026-08-21T01:53:59Z,2026-08-21T03:53:59+0200,dab098cd-e140-4c97-b435-f000c3ac97ba,2026-08-18T14:00:00Z,2026-08-18T16:00:00+0200,15876.03,MW,FR,FR,actual_solar_generation,Solar,2026-08-21T01:55:25Z
2026-08-21T01:53:59Z,2026-08-21T03:53:59+0200,dab098cd-e140-4c97-b435-f000c3ac97ba,2026-08-18T14:15:00Z,2026-08-18T16:15:00+0200,15350.88,MW,FR,FR,actual_solar_generation,Solar,2026-08-21T01:55:25Z
2026-08-21T01:53:59Z,2026-08-21T03:53:59+0200,dab098cd-e140-4c97-b435-f000c3ac97ba,2026-08-18T14:30:00Z,2026-08-18T16:30:00+0200,14771.92,MW,FR,FR,actual_solar_generation,Solar,2026-08-21T01:55:25Z
2026-08-21T01:53:59Z,2026-08-21T03:53:59+0200,dab098cd-e140-4c97-b435-f000c3ac97ba,2026-08-18T14:45:00Z,2026-08-18T16:45:00+0200,13910.99,MW,FR,FR,actual_solar_generation,Solar,2026-08-21T01:55:25Z
2026-08-21T01:53:59Z,2026-08-21T03:53:59+0200,dab098cd-e140-4c97-b435-f000c3ac97ba,2026-08-18T15:00:00Z,2026-08-18T17:00:00+0200,13017.45,MW,FR,FR,actual_solar_generation,Solar,2026-08-21T01:55:25Z
2026-08-21T01:53:59Z,2026-08-21T03:53:59+0200,dab098cd-e140-4c97-b435-f000c3ac97ba,2026-08-18T15:15:00Z,2026-08-18T17:15:00+0200,12128.8,MW,FR,FR,actual_solar_generation,Solar,2026-08-21T01:55:25Z
2026-08-21T01:53:59Z,2026-08-21T03:53:59+0200,dab098cd-e140-4c97-b435-f000c3ac97ba,2026-08-18T15:30:00Z,2026-08-18T17:30:00+0200,11217.99,MW,FR,FR,actual_solar_generation,Solar,2026-08-21T01:55:25Z
2026-08-21T01:53:59Z,2026-08-21T03:53:59+0200,dab098cd-e140-4c97-b435-f000c3ac97ba,2026-08-18T15:45:00Z,2026-08-18T17:45:00+0200,10270.1,MW,FR,FR,actual_solar_generation,Solar,2026-08-21T01:55:25Z
2026-08-21T01:53:59Z,2026-08-21T03:53:59+0200,dab098cd-e140-4c97-b435-f000c3ac97ba,2026-08-18T16:00:00Z,2026-08-18T18:00:00+0200,9130.41,MW,FR,FR,actual_solar_generation,Solar,2026-08-21T01:55:25Z
2026-08-21T01:53:59Z,2026-08-21T03:53:59+0200,dab098cd-e140-4c97-b435-f000c3ac97ba,2026-08-18T16:15:00Z,2026-08-18T18:15:00+0200,8068.0,MW,FR,FR,actual_solar_generation,Solar,2026-08-21T01:55:25Z
2026-08-21T01:53:59Z,2026-08-21T03:53:59+0200,dab098cd-e140-4c97-b435-f000c3ac97ba,2026-08-18T16:30:00Z,2026-08-18T18:30:00+0200,6999.48,MW,FR,FR,actual_solar_generation,Solar,2026-08-21T01:55:25Z
2026-08-21T01:53:59Z,2026-08-21T03:53:59+0200,dab098cd-e140-4c97-b435-f000c3ac97ba,2026-08-18T16:45:00Z,2026-08-18T18:45:00+0200,5924.04,MW,FR,FR,actual_solar_generation,Solar,2026-08-21T01:55:25Z
2026-08-21T01:53:59Z,2026-08-21T03:53:59+0200,dab098cd-e140-4c97-b435-f000c3ac97ba,2026-08-18T17:00:00Z,2026-08-18T19:00:00+0200,4849.6,MW,FR,FR,actual_solar_generation,Solar,2026-08-21T01:55:25Z
2026-08-21T01:53:59Z,2026-08-21T03:53:59+0200,dab098cd-e140-4c97-b435-f000c3ac97ba,2026-08-18T17:15:00Z,2026-08-18T19:15:00+0200,3807.07,MW,FR,FR,actual_solar_generation,Solar,2026-08-21T01:55:25Z
2026-08-21T01:53:59Z,2026-08-21T03:53:59+0200,dab098cd-e140-4c97-b435-f000c3ac97ba,2026-08-18T17:30:00Z,2026-08-18T19:30:00+0200,2871.2,MW,FR,FR,actual_solar_generation,Solar,2026-08-21T01:55:25Z
2026-08-21T01:53:59Z,2026-08-21T03:53:59+0200,dab098cd-e140-4c97-b435-f000c3ac97ba,2026-08-18T17:45:00Z,2026-08-18T19:45:00+0200,2130.99,MW,FR,FR,actual_solar_generation,Solar,2026-08-21T01:55:25Z
2026-08-21T01:53:59Z,2026-08-21T03:53:59+0200,dab098cd-e140-4c97-b435-f000c3ac97ba,2026-08-18T18:00:00Z,2026-08-18T20:00:00+0200,1455.22,MW,FR,FR,actual_solar_generation,Solar,2026-08-21T01:55:25Z
2026-08-21T01:53:59Z,2026-08-21T03:53:59+0200,dab098cd-e140-4c97-b435-f000c3ac97ba,2026-08-18T18:15:00Z,2026-08-18T20:15:00+0200,952.79,MW,FR,FR,actual_solar_generation,Solar,2026-08-21T01:55:25Z
2026-08-21T01:53:59Z,2026-08-21T03:53:59+0200,dab098cd-e140-4c97-b435-f000c3ac97ba,2026-08-18T18:30:00Z,2026-08-18T20:30:00+0200,605.83,MW,FR,FR,actual_solar_generation,Solar,2026-08-21T01:55:25Z
2026-08-21T01:53:59Z,2026-08-21T03:53:59+0200,dab098cd-e140-4c97-b435-f000c3ac97ba,2026-08-18T18:45:00Z,2026-08-18T20:45:00+0200,396.81,MW,FR,FR,actual_solar_generation,Solar,2026-08-21T01:55:25Z
2026-08-21T01:53:59Z,2026-08-21T03:53:59+0200,dab098cd-e140-4c97-b435-f000c3ac97ba,2026-08-18T19:00:00Z,2026-08-18T21:00:00+0200,284.13,MW,FR,FR,actual_solar_generation,Solar,2026-08-21T01:55:25Z
2026-08-21T01:53:59Z,2026-08-21T03:53:59+0200,dab098cd-e140-4c97-b435-f000c3ac97ba,2026-08-18T19:15:00Z,2026-08-18T21:15:00+0200,254.73,MW,FR,FR,actual_solar_generation,Solar,2026-08-21T01:55:25Z
2026-08-21T01:53:59Z,2026-08-21T03:53:59+0200,dab098cd-e140-4c97-b435-f000c3ac97ba,2026-08-18T19:30:00Z,2026-08-18T21:30:00+0200,250.59,MW,FR,FR,actual_solar_generation,Solar,2026-08-21T01:55:25Z
2026-08-21T01:53:59Z,2026-08-21T03:53:59+0200,dab098cd-e140-4c97-b435-f000c3ac97ba,2026-08-18T19:45:00Z,2026-08-18T21:45:00+0200,250.64,MW,FR,FR,actual_solar_generation,Solar,2026-08-21T01:55:25Z
2026-08-21T01:53:59Z,2026-08-21T03:53:59+0200,dab098cd-e140-4c97-b435-f000c3ac97ba,2026-08-18T20:00:00Z,2026-08-18T22:00:00+0200,253.19,MW,FR,FR,actual_solar_generation,Solar,2026-08-21T01:55:25Z
2026-08-21T01:53:59Z,2026-08-21T03:53:59+0200,dab098cd-e140-4c97-b435-f000c3ac97ba,2026-08-18T20:15:00Z,2026-08-18T22:15:00+0200,252.04,MW,FR,FR,actual_solar_generation,Solar,2026-08-21T01:55:25Z
2026-08-21T01:53:59Z,2026-08-21T03:53:59+0200,dab098cd-e140-4c97-b435-f000c3ac97ba,2026-08-18T20:30:00Z,2026-08-18T22:30:00+0200,252.61,MW,FR,FR,actual_solar_generation,Solar,2026-08-21T01:55:25Z
2026-08-21T01:53:59Z,2026-08-21T03:53:59+0200,dab098cd-e140-4c97-b435-f000c3ac97ba,2026-08-18T20:45:00Z,2026-08-18T22:45:00+0200,254.36,MW,FR,FR,actual_solar_generation,Solar,2026-08-21T01:55:25Z
2026-08-21T01:53:59Z,2026-08-21T03:53:59+0200,dab098cd-e140-4c97-b435-f000c3ac97ba,2026-08-18T21:00:00Z,2026-08-18T23:00:00+0200,0.0,MW,FR,FR,actual_solar_generation,Solar,2026-08-21T01:55:25Z
2026-08-21T01:53:59Z,2026-08-21T03:53:59+0200,dab098cd-e140-4c97-b435-f000c3ac97ba,2026-08-18T21:15:00Z,2026-08-18T23:15:00+0200,0.0,MW,FR,FR,actual_solar_generation,Solar,2026-08-21T01:55:25Z
2026-08-21T01:53:59Z,2026-08-21T03:53:59+0200,dab098cd-e140-4c97-b435-f000c3ac97ba,2026-08-18T21:30:00Z,2026-08-18T23:30:00+0200,0.0,MW,FR,FR,actual_solar_generation,Solar,2026-08-21T01:55:25Z
2026-08-21T01:53:59Z,2026-08-21T03:53:59+0200,dab098cd-e140-4c97-b435-f000c3ac97ba,2026-08-18T21:45:00Z,2026-08-18T23:45:00+0200,0.0,MW,FR,FR,actual_solar_generation,Solar,2026-08-21T01:55:25Z
2026-08-21T01:53:59Z,2026-08-21T03:53:59+0200,dab098cd-e140-4c97-b435-f000c3ac97ba,2026-08-18T22:00:00Z,2026-08-19T00:00:00+0200,0.0,MW,FR,FR,actual_solar_generation,Solar,2026-08-21T01:55:25Z
2026-08-21T01:53:59Z,2026-08-21T03:53:59+0200,dab098cd-e140-4c97-b435-f000c3ac97ba,2026-08-18T22:15:00Z,2026-08-19T00:15:00+0200,0.0,MW,FR,FR,actual_solar_generation,Solar,2026-08-21T01:55:25Z
2026-08-21T01:53:59Z,2026-08-21T03:53:59+0200,dab098cd-e140-4c97-b435-f000c3ac97ba,2026-08-18T22:30:00Z,2026-08-19T00:30:00+0200,0.0,MW,FR,FR,actual_solar_generation,Solar,2026-08-21T01:55:25Z
2026-08-21T01:53:59Z,2026-08-21T03:53:59+0200,dab098cd-e140-4c97-b435-f000c3ac97ba,2026-08-18T22:45:00Z,2026-08-19T00:45:00+0200,0.0,MW,FR,FR,actual_solar_generation,Solar,2026-08-21T01:55:25Z
2026-08-21T01:53:59Z,2026-08-21T03:53:59+0200,dab098cd-e140-4c97-b435-f000c3ac97ba,2026-08-18T23:00:00Z,2026-08-19T01:00:00+0200,0.0,MW,FR,FR,actual_solar_generation,Solar,2026-08-21T01:55:25Z
2026-08-21T01:53:59Z,2026-08-21T03:53:59+0200,dab098cd-e140-4c97-b435-f000c3ac97ba,2026-08-18T23:15:00Z,2026-08-19T01:15:00+0200,0.0,MW,FR,FR,actual_solar_generation,Solar,2026-08-21T01:55:25Z
2026-08-21T01:53:59Z,2026-08-21T03:53:59+0200,dab098cd-e140-4c97-b435-f000c3ac97ba,2026-08-18T23:30:00Z,2026-08-19T01:30:00+0200,0.0,MW,FR,FR,actual_solar_generation,Solar,2026-08-21T01:55:25Z
2026-08-21T01:53:59Z,2026-08-21T03:53:59+0200,dab098cd-e140-4c97-b435-f000c3ac97ba,2026-08-18T23:45:00Z,2026-08-19T01:45:00+0200,0.0,MW,FR,FR,actual_solar_generation,Solar,2026-08-21T01:55:25Z
2026-08-21T01:53:59Z,2026-08-21T03:53:59+0200,dab098cd-e140-4c97-b435-f000c3ac97ba,2026-08-19T00:00:00Z,2026-08-19T02:00:00+0200,0.0,MW,FR,FR,actual_solar_generation,Solar,2026-08-21T01:55:25Z
2026-08-21T01:53:59Z,2026-08-21T03:53:59+0200,dab098cd-e140-4c97-b435-f000c3ac97ba,2026-08-19T00:15:00Z,2026-08-19T02:15:00+0200,0.0,MW,FR,FR,actual_solar_generation,Solar,2026-08-21T01:55:25Z
2026-08-21T01:53:59Z,2026-08-21T03:53:59+0200,dab098cd-e140-4c97-b435-f000c3ac97ba,2026-08-19T00:30:00Z,2026-08-19T02:30:00+0200,0.0,MW,FR,FR,actual_solar_generation,Solar,2026-08-21T01:55:25Z
2026-08-21T01:53:59Z,2026-08-21T03:53:59+0200,dab098cd-e140-4c97-b435-f000c3ac97ba,2026-08-19T00:45:00Z,2026-08-19T02:45:00+0200,0.0,MW,FR,FR,actual_solar_generation,Solar,2026-08-21T01:55:25Z
2026-08-21T01:53:59Z,2026-08-21T03:53:59+0200,dab098cd-e140-4c97-b435-f000c3ac97ba,2026-08-19T01:00:00Z,2026-08-19T03:00:00+0200,0.0,MW,FR,FR,actual_solar_generation,Solar,2026-08-21T01:55:25Z
2026-08-21T01:53:59Z,2026-08-21T03:53:59+0200,dab098cd-e140-4c97-b435-f000c3ac97ba,2026-08-19T01:15:00Z,2026-08-19T03:15:00+0200,0.0,MW,FR,FR,actual_solar_generation,Solar,2026-08-21T01:55:25Z
2026-08-21T01:53:59Z,2026-08-21T03:53:59+0200,dab098cd-e140-4c97-b435-f000c3ac97ba,2026-08-19T01:30:00Z,2026-08-19T03:30:00+0200,0.0,MW,FR,FR,actual_solar_generation,Solar,2026-08-21T01:55:25Z
2026-08-21T01:53:59Z,2026-08-21T03:53:59+0200,dab098cd-e140-4c97-b435-f000c3ac97ba,2026-08-19T01:45:00Z,2026-08-19T03:45:00+0200,0.0,MW,FR,FR,actual_solar_generation,Solar,2026-08-21T01:55:25Z
2026-08-21T01:53:59Z,2026-08-21T03:53:59+0200,dab098cd-e140-4c97-b435-f000c3ac97ba,2026-08-19T02:00:00Z,2026-08-19T04:00:00+0200,0.0,MW,FR,FR,actual_solar_generation,Solar,2026-08-21T01:55:25Z
2026-08-21T01:53:59Z,2026-08-21T03:53:59+0200,dab098cd-e140-4c97-b435-f000c3ac97ba,2026-08-19T02:15:00Z,2026-08-19T04:15:00+0200,0.0,MW,FR,FR,actual_solar_generation,Solar,2026-08-21T01:55:25Z
2026-08-21T01:53:59Z,2026-08-21T03:53:59+0200,dab098cd-e140-4c97-b435-f000c3ac97ba,2026-08-19T02:30:00Z,2026-08-19T04:30:00+0200,0.0,MW,FR,FR,actual_solar_generation,Solar,2026-08-21T01:55:25Z
2026-08-21T01:53:59Z,2026-08-21T03:53:59+0200,dab098cd-e140-4c97-b435-f000c3ac97ba,2026-08-19T02:45:00Z,2026-08-19T04:45:00+0200,0.0,MW,FR,FR,actual_solar_generation,Solar,2026-08-21T01:55:25Z
2026-08-21T01:53:59Z,2026-08-21T03:53:59+0200,dab098cd-e140-4c97-b435-f000c3ac97ba,2026-08-19T03:00:00Z,2026-08-19T05:00:00+0200,0.0,MW,FR,FR,actual_solar_generation,Solar,2026-08-21T01:55:25Z
2026-08-21T01:53:59Z,2026-08-21T03:53:59+0200,dab098cd-e140-4c97-b435-f000c3ac97ba,2026-08-19T03:15:00Z,2026-08-19T05:15:00+0200,0.0,MW,FR,FR,actual_solar_generation,Solar,2026-08-21T01:55:25Z
2026-08-21T01:53:59Z,2026-08-21T03:53:59+0200,dab098cd-e140-4c97-b435-f000c3ac97ba,2026-08-19T03:30:00Z,2026-08-19T05:30:00+0200,0.0,MW,FR,FR,actual_solar_generation,Solar,2026-08-21T01:55:25Z
2026-08-21T01:53:59Z,2026-08-21T03:53:59+0200,dab098cd-e140-4c97-b435-f000c3ac97ba,2026-08-19T03:45:00Z,2026-08-19T05:45:00+0200,0.0,MW,FR,FR,actual_solar_generation,Solar,2026-08-21T01:55:25Z
2026-08-21T01:53:59Z,2026-08-21T03:53:59+0200,dab098cd-e140-4c97-b435-f000c3ac97ba,2026-08-19T04:00:00Z,2026-08-19T06:00:00+0200,245.9,MW,FR,FR,actual_solar_generation,Solar,2026-08-21T01:55:25Z
2026-08-21T01:53:59Z,2026-08-21T03:53:59+0200,dab098cd-e140-4c97-b435-f000c3ac97ba,2026-08-19T04:15:00Z,2026-08-19T06:15:00+0200,249.29,MW,FR,FR,actual_solar_generation,Solar,2026-08-21T01:55:25Z
2026-08-21T01:53:59Z,2026-08-21T03:53:59+0200,dab098cd-e140-4c97-b435-f000c3ac97ba,2026-08-19T04:30:00Z,2026-08-19T06:30:00+0200,263.93,MW,FR,FR,actual_solar_generation,Solar,2026-08-21T01:55:25Z
2026-08-21T01:53:59Z,2026-08-21T03:53:59+0200,dab098cd-e140-4c97-b435-f000c3ac97ba,2026-08-19T04:45:00Z,2026-08-19T06:45:00+0200,317.1,MW,FR,FR,actual_solar_generation,Solar,2026-08-21T01:55:25Z
2026-08-21T01:53:59Z,2026-08-21T03:53:59+0200,dab098cd-e140-4c97-b435-f000c3ac97ba,2026-08-19T05:00:00Z,2026-08-19T07:00:00+0200,423.97,MW,FR,FR,actual_solar_generation,Solar,2026-08-21T01:55:25Z
2026-08-21T01:53:59Z,2026-08-21T03:53:59+0200,dab098cd-e140-4c97-b435-f000c3ac97ba,2026-08-19T05:15:00Z,2026-08-19T07:15:00+0200,571.07,MW,FR,FR,actual_solar_generation,Solar,2026-08-21T01:55:25Z
2026-08-21T01:53:59Z,2026-08-21T03:53:59+0200,dab098cd-e140-4c97-b435-f000c3ac97ba,2026-08-19T05:30:00Z,2026-08-19T07:30:00+0200,849.22,MW,FR,FR,actual_solar_generation,Solar,2026-08-21T01:55:25Z
2026-08-21T01:53:59Z,2026-08-21T03:53:59+0200,dab098cd-e140-4c97-b435-f000c3ac97ba,2026-08-19T05:45:00Z,2026-08-19T07:45:00+0200,1356.64,MW,FR,FR,actual_solar_generation,Solar,2026-08-21T01:55:25Z
2026-08-21T01:53:59Z,2026-08-21T03:53:59+0200,dab098cd-e140-4c97-b435-f000c3ac97ba,2026-08-19T06:00:00Z,2026-08-19T08:00:00+0200,2103.29,MW,FR,FR,actual_solar_generation,Solar,2026-08-21T01:55:25Z
2026-08-21T01:53:59Z,2026-08-21T03:53:59+0200,dab098cd-e140-4c97-b435-f000c3ac97ba,2026-08-19T06:15:00Z,2026-08-19T08:15:00+0200,2966.26,MW,FR,FR,actual_solar_generation,Solar,2026-08-21T01:55:25Z
2026-08-21T01:53:59Z,2026-08-21T03:53:59+0200,dab098cd-e140-4c97-b435-f000c3ac97ba,2026-08-19T06:30:00Z,2026-08-19T08:30:00+0200,3957.03,MW,FR,FR,actual_solar_generation,Solar,2026-08-21T01:55:25Z
2026-08-21T01:53:59Z,2026-08-21T03:53:59+0200,dab098cd-e140-4c97-b435-f000c3ac97ba,2026-08-19T06:45:00Z,2026-08-19T08:45:00+0200,5026.19,MW,FR,FR,actual_solar_generation,Solar,2026-08-21T01:55:25Z
2026-08-21T01:53:59Z,2026-08-21T03:53:59+0200,dab098cd-e140-4c97-b435-f000c3ac97ba,2026-08-19T07:00:00Z,2026-08-19T09:00:00+0200,6084.28,MW,FR,FR,actual_solar_generation,Solar,2026-08-21T01:55:25Z
2026-08-21T01:53:59Z,2026-08-21T03:53:59+0200,dab098cd-e140-4c97-b435-f000c3ac97ba,2026-08-19T07:15:00Z,2026-08-19T09:15:00+0200,7407.8,MW,FR,FR,actual_solar_generation,Solar,2026-08-21T01:55:25Z
2026-08-21T01:53:59Z,2026-08-21T03:53:59+0200,dab098cd-e140-4c97-b435-f000c3ac97ba,2026-08-19T07:30:00Z,2026-08-19T09:30:00+0200,8577.17,MW,FR,FR,actual_solar_generation,Solar,2026-08-21T01:55:25Z
2026-08-21T01:53:59Z,2026-08-21T03:53:59+0200,dab098cd-e140-4c97-b435-f000c3ac97ba,2026-08-19T07:45:00Z,2026-08-19T09:45:00+0200,9756.85,MW,FR,FR,actual_solar_generation,Solar,2026-08-21T01:55:25Z
2026-08-21T01:53:59Z,2026-08-21T03:53:59+0200,dab098cd-e140-4c97-b435-f000c3ac97ba,2026-08-19T08:00:00Z,2026-08-19T10:00:00+0200,10913.09,MW,FR,FR,actual_solar_generation,Solar,2026-08-21T01:55:25Z
2026-08-21T01:53:59Z,2026-08-21T03:53:59+0200,dab098cd-e140-4c97-b435-f000c3ac97ba,2026-08-19T08:15:00Z,2026-08-19T10:15:00+0200,12084.6,MW,FR,FR,actual_solar_generation,Solar,2026-08-21T01:55:25Z
2026-08-21T01:53:59Z,2026-08-21T03:53:59+0200,dab098cd-e140-4c97-b435-f000c3ac97ba,2026-08-19T08:30:00Z,2026-08-19T10:30:00+0200,13004.46,MW,FR,FR,actual_solar_generation,Solar,2026-08-21T01:55:25Z
2026-08-21T01:53:59Z,2026-08-21T03:53:59+0200,dab098cd-e140-4c97-b435-f000c3ac97ba,2026-08-19T08:45:00Z,2026-08-19T10:45:00+0200,14144.96,MW,FR,FR,actual_solar_generation,Solar,2026-08-21T01:55:25Z
2026-08-21T01:53:59Z,2026-08-21T03:53:59+0200,dab098cd-e140-4c97-b435-f000c3ac97ba,2026-08-19T09:00:00Z,2026-08-19T11:00:00+0200,14921.4,MW,FR,FR,actual_solar_generation,Solar,2026-08-21T01:55:25Z
2026-08-21T01:53:59Z,2026-08-21T03:53:59+0200,dab098cd-e140-4c97-b435-f000c3ac97ba,2026-08-19T09:15:00Z,2026-08-19T11:15:00+0200,15505.26,MW,FR,FR,actual_solar_generation,Solar,2026-08-21T01:55:25Z
2026-08-21T01:53:59Z,2026-08-21T03:53:59+0200,dab098cd-e140-4c97-b435-f000c3ac97ba,2026-08-19T09:30:00Z,2026-08-19T11:30:00+0200,16319.15,MW,FR,FR,actual_solar_generation,Solar,2026-08-21T01:55:25Z
2026-08-21T01:53:59Z,2026-08-21T03:53:59+0200,dab098cd-e140-4c97-b435-f000c3ac97ba,2026-08-19T09:45:00Z,2026-08-19T11:45:00+0200,17009.67,MW,FR,FR,actual_solar_generation,Solar,2026-08-21T01:55:25Z
2026-08-21T01:53:59Z,2026-08-21T03:53:59+0200,dab098cd-e140-4c97-b435-f000c3ac97ba,2026-08-19T10:00:00Z,2026-08-19T12:00:00+0200,17528.54,MW,FR,FR,actual_solar_generation,Solar,2026-08-21T01:55:25Z
2026-08-21T01:53:59Z,2026-08-21T03:53:59+0200,dab098cd-e140-4c97-b435-f000c3ac97ba,2026-08-19T10:15:00Z,2026-08-19T12:15:00+0200,18032.56,MW,FR,FR,actual_solar_generation,Solar,2026-08-21T01:55:25Z
2026-08-21T01:53:59Z,2026-08-21T03:53:59+0200,dab098cd-e140-4c97-b435-f000c3ac97ba,2026-08-19T10:30:00Z,2026-08-19T12:30:00+0200,18118.13,MW,FR,FR,actual_solar_generation,Solar,2026-08-21T01:55:25Z
2026-08-21T01:53:59Z,2026-08-21T03:53:59+0200,dab098cd-e140-4c97-b435-f000c3ac97ba,2026-08-19T10:45:00Z,2026-08-19T12:45:00+0200,18094.57,MW,FR,FR,actual_solar_generation,Solar,2026-08-21T01:55:25Z
2026-08-21T01:53:59Z,2026-08-21T03:53:59+0200,dab098cd-e140-4c97-b435-f000c3ac97ba,2026-08-19T11:00:00Z,2026-08-19T13:00:00+0200,18266.55,MW,FR,FR,actual_solar_generation,Solar,2026-08-21T01:55:25Z
2026-08-21T01:53:59Z,2026-08-21T03:53:59+0200,dab098cd-e140-4c97-b435-f000c3ac97ba,2026-08-19T11:15:00Z,2026-08-19T13:15:00+0200,18256.2,MW,FR,FR,actual_solar_generation,Solar,2026-08-21T01:55:25Z
2026-08-21T01:53:59Z,2026-08-21T03:53:59+0200,dab098cd-e140-4c97-b435-f000c3ac97ba,2026-08-19T11:30:00Z,2026-08-19T13:30:00+0200,17869.51,MW,FR,FR,actual_solar_generation,Solar,2026-08-21T01:55:25Z
2026-08-21T01:53:59Z,2026-08-21T03:53:59+0200,dab098cd-e140-4c97-b435-f000c3ac97ba,2026-08-19T11:45:00Z,2026-08-19T13:45:00+0200,17801.21,MW,FR,FR,actual_solar_generation,Solar,2026-08-21T01:55:25Z
2026-08-21T01:53:59Z,2026-08-21T03:53:59+0200,dab098cd-e140-4c97-b435-f000c3ac97ba,2026-08-19T12:00:00Z,2026-08-19T14:00:00+0200,17634.09,MW,FR,FR,actual_solar_generation,Solar,2026-08-21T01:55:25Z
2026-08-21T01:53:59Z,2026-08-21T03:53:59+0200,dab098cd-e140-4c97-b435-f000c3ac97ba,2026-08-19T12:15:00Z,2026-08-19T14:15:00+0200,17546.53,MW,FR,FR,actual_solar_generation,Solar,2026-08-21T01:55:25Z
2026-08-21T01:53:59Z,2026-08-21T03:53:59+0200,dab098cd-e140-4c97-b435-f000c3ac97ba,2026-08-19T12:30:00Z,2026-08-19T14:30:00+0200,17436.43,MW,FR,FR,actual_solar_generation,Solar,2026-08-21T01:55:25Z
2026-08-21T01:53:59Z,2026-08-21T03:53:59+0200,dab098cd-e140-4c97-b435-f000c3ac97ba,2026-08-19T12:45:00Z,2026-08-19T14:45:00+0200,17242.25,MW,FR,FR,actual_solar_generation,Solar,2026-08-21T01:55:25Z
2026-08-21T01:53:59Z,2026-08-21T03:53:59+0200,dab098cd-e140-4c97-b435-f000c3ac97ba,2026-08-19T13:00:00Z,2026-08-19T15:00:00+0200,16800.75,MW,FR,FR,actual_solar_generation,Solar,2026-08-21T01:55:25Z
2026-08-21T01:53:59Z,2026-08-21T03:53:59+0200,dab098cd-e140-4c97-b435-f000c3ac97ba,2026-08-19T13:15:00Z,2026-08-19T15:15:00+0200,16367.38,MW,FR,FR,actual_solar_generation,Solar,2026-08-21T01:55:25Z
2026-08-21T01:53:59Z,2026-08-21T03:53:59+0200,dab098cd-e140-4c97-b435-f000c3ac97ba,2026-08-19T13:30:00Z,2026-08-19T15:30:00+0200,16064.06,MW,FR,FR,actual_solar_generation,Solar,2026-08-21T01:55:25Z
2026-08-21T01:53:59Z,2026-08-21T03:53:59+0200,dab098cd-e140-4c97-b435-f000c3ac97ba,2026-08-19T13:45:00Z,2026-08-19T15:45:00+0200,15683.39,MW,FR,FR,actual_solar_generation,Solar,2026-08-21T01:55:25Z
2026-08-21T01:53:59Z,2026-08-21T03:53:59+0200,dab098cd-e140-4c97-b435-f000c3ac97ba,2026-08-19T14:00:00Z,2026-08-19T16:00:00+0200,15201.32,MW,FR,FR,actual_solar_generation,Solar,2026-08-21T01:55:25Z
2026-08-21T01:53:59Z,2026-08-21T03:53:59+0200,dab098cd-e140-4c97-b435-f000c3ac97ba,2026-08-19T14:15:00Z,2026-08-19T16:15:00+0200,14515.69,MW,FR,FR,actual_solar_generation,Solar,2026-08-21T01:55:25Z
2026-08-21T01:53:59Z,2026-08-21T03:53:59+0200,dab098cd-e140-4c97-b435-f000c3ac97ba,2026-08-19T14:30:00Z,2026-08-19T16:30:00+0200,13732.08,MW,FR,FR,actual_solar_generation,Solar,2026-08-21T01:55:25Z
2026-08-21T01:53:59Z,2026-08-21T03:53:59+0200,dab098cd-e140-4c97-b435-f000c3ac97ba,2026-08-19T14:45:00Z,2026-08-19T16:45:00+0200,12927.86,MW,FR,FR,actual_solar_generation,Solar,2026-08-21T01:55:25Z
2026-08-21T01:53:59Z,2026-08-21T03:53:59+0200,dab098cd-e140-4c97-b435-f000c3ac97ba,2026-08-19T15:00:00Z,2026-08-19T17:00:00+0200,12141.2,MW,FR,FR,actual_solar_generation,Solar,2026-08-21T01:55:25Z
2026-08-21T01:53:59Z,2026-08-21T03:53:59+0200,dab098cd-e140-4c97-b435-f000c3ac97ba,2026-08-19T15:15:00Z,2026-08-19T17:15:00+0200,11431.82,MW,FR,FR,actual_solar_generation,Solar,2026-08-21T01:55:25Z
2026-08-21T01:53:59Z,2026-08-21T03:53:59+0200,dab098cd-e140-4c97-b435-f000c3ac97ba,2026-08-19T15:30:00Z,2026-08-19T17:30:00+0200,10639.5,MW,FR,FR,actual_solar_generation,Solar,2026-08-21T01:55:25Z
2026-08-21T01:53:59Z,2026-08-21T03:53:59+0200,dab098cd-e140-4c97-b435-f000c3ac97ba,2026-08-19T15:45:00Z,2026-08-19T17:45:00+0200,9665.1,MW,FR,FR,actual_solar_generation,Solar,2026-08-21T01:55:25Z
2026-08-21T01:53:59Z,2026-08-21T03:53:59+0200,dab098cd-e140-4c97-b435-f000c3ac97ba,2026-08-19T16:00:00Z,2026-08-19T18:00:00+0200,8701.1,MW,FR,FR,actual_solar_generation,Solar,2026-08-21T01:55:25Z
2026-08-21T01:53:59Z,2026-08-21T03:53:59+0200,dab098cd-e140-4c97-b435-f000c3ac97ba,2026-08-19T16:15:00Z,2026-08-19T18:15:00+0200,7657.41,MW,FR,FR,actual_solar_generation,Solar,2026-08-21T01:55:25Z
2026-08-21T01:53:59Z,2026-08-21T03:53:59+0200,dab098cd-e140-4c97-b435-f000c3ac97ba,2026-08-19T16:30:00Z,2026-08-19T18:30:00+0200,6471.2,MW,FR,FR,actual_solar_generation,Solar,2026-08-21T01:55:25Z
2026-08-21T01:53:59Z,2026-08-21T03:53:59+0200,dab098cd-e140-4c97-b435-f000c3ac97ba,2026-08-19T16:45:00Z,2026-08-19T18:45:00+0200,5348.33,MW,FR,FR,actual_solar_generation,Solar,2026-08-21T01:55:25Z
2026-08-21T01:53:59Z,2026-08-21T03:53:59+0200,dab098cd-e140-4c97-b435-f000c3ac97ba,2026-08-19T17:00:00Z,2026-08-19T19:00:00+0200,4332.32,MW,FR,FR,actual_solar_generation,Solar,2026-08-21T01:55:25Z
2026-08-21T01:53:59Z,2026-08-21T03:53:59+0200,dab098cd-e140-4c97-b435-f000c3ac97ba,2026-08-19T17:15:00Z,2026-08-19T19:15:00+0200,3436.7,MW,FR,FR,actual_solar_generation,Solar,2026-08-21T01:55:25Z
2026-08-21T01:53:59Z,2026-08-21T03:53:59+0200,dab098cd-e140-4c97-b435-f000c3ac97ba,2026-08-19T17:30:00Z,2026-08-19T19:30:00+0200,2557.68,MW,FR,FR,actual_solar_generation,Solar,2026-08-21T01:55:25Z
2026-08-21T01:53:59Z,2026-08-21T03:53:59+0200,dab098cd-e140-4c97-b435-f000c3ac97ba,2026-08-19T17:45:00Z,2026-08-19T19:45:00+0200,1849.49,MW,FR,FR,actual_solar_generation,Solar,2026-08-21T01:55:25Z
2026-08-21T01:53:59Z,2026-08-21T03:53:59+0200,dab098cd-e140-4c97-b435-f000c3ac97ba,2026-08-19T18:00:00Z,2026-08-19T20:00:00+0200,1250.5,MW,FR,FR,actual_solar_generation,Solar,2026-08-21T01:55:25Z
2026-08-21T01:53:59Z,2026-08-21T03:53:59+0200,dab098cd-e140-4c97-b435-f000c3ac97ba,2026-08-19T18:15:00Z,2026-08-19T20:15:00+0200,814.7,MW,FR,FR,actual_solar_generation,Solar,2026-08-21T01:55:25Z
2026-08-21T01:53:59Z,2026-08-21T03:53:59+0200,dab098cd-e140-4c97-b435-f000c3ac97ba,2026-08-19T18:30:00Z,2026-08-19T20:30:00+0200,518.84,MW,FR,FR,actual_solar_generation,Solar,2026-08-21T01:55:25Z
2026-08-21T01:53:59Z,2026-08-21T03:53:59+0200,dab098cd-e140-4c97-b435-f000c3ac97ba,2026-08-19T18:45:00Z,2026-08-19T20:45:00+0200,337.56,MW,FR,FR,actual_solar_generation,Solar,2026-08-21T01:55:25Z
2026-08-21T01:53:59Z,2026-08-21T03:53:59+0200,dab098cd-e140-4c97-b435-f000c3ac97ba,2026-08-19T19:00:00Z,2026-08-19T21:00:00+0200,247.94,MW,FR,FR,actual_solar_generation,Solar,2026-08-21T01:55:25Z
2026-08-21T01:53:59Z,2026-08-21T03:53:59+0200,dab098cd-e140-4c97-b435-f000c3ac97ba,2026-08-19T19:15:00Z,2026-08-19T21:15:00+0200,226.31,MW,FR,FR,actual_solar_generation,Solar,2026-08-21T01:55:25Z
2026-08-21T01:53:59Z,2026-08-21T03:53:59+0200,dab098cd-e140-4c97-b435-f000c3ac97ba,2026-08-19T19:30:00Z,2026-08-19T21:30:00+0200,223.17,MW,FR,FR,actual_solar_generation,Solar,2026-08-21T01:55:25Z
2026-08-21T01:53:59Z,2026-08-21T03:53:59+0200,dab098cd-e140-4c97-b435-f000c3ac97ba,2026-08-19T19:45:00Z,2026-08-19T21:45:00+0200,222.97,MW,FR,FR,actual_solar_generation,Solar,2026-08-21T01:55:25Z
2026-08-21T01:53:59Z,2026-08-21T03:53:59+0200,dab098cd-e140-4c97-b435-f000c3ac97ba,2026-08-19T20:00:00Z,2026-08-19T22:00:00+0200,224.53,MW,FR,FR,actual_solar_generation,Solar,2026-08-21T01:55:25Z
2026-08-21T01:53:59Z,2026-08-21T03:53:59+0200,dab098cd-e140-4c97-b435-f000c3ac97ba,2026-08-19T20:15:00Z,2026-08-19T22:15:00+0200,222.09,MW,FR,FR,actual_solar_generation,Solar,2026-08-21T01:55:25Z
2026-08-21T01:53:59Z,2026-08-21T03:53:59+0200,dab098cd-e140-4c97-b435-f000c3ac97ba,2026-08-19T20:30:00Z,2026-08-19T22:30:00+0200,228.7,MW,FR,FR,actual_solar_generation,Solar,2026-08-21T01:55:25Z
2026-08-21T01:53:59Z,2026-08-21T03:53:59+0200,dab098cd-e140-4c97-b435-f000c3ac97ba,2026-08-19T20:45:00Z,2026-08-19T22:45:00+0200,232.34,MW,FR,FR,actual_solar_generation,Solar,2026-08-21T01:55:25Z
2026-08-21T01:53:59Z,2026-08-21T03:53:59+0200,dab098cd-e140-4c97-b435-f000c3ac97ba,2026-08-19T21:00:00Z,2026-08-19T23:00:00+0200,0.0,MW,FR,FR,actual_solar_generation,Solar,2026-08-21T01:55:25Z
2026-08-21T01:53:59Z,2026-08-21T03:53:59+0200,dab098cd-e140-4c97-b435-f000c3ac97ba,2026-08-19T21:15:00Z,2026-08-19T23:15:00+0200,0.0,MW,FR,FR,actual_solar_generation,Solar,2026-08-21T01:55:25Z
2026-08-21T01:53:59Z,2026-08-21T03:53:59+0200,dab098cd-e140-4c97-b435-f000c3ac97ba,2026-08-19T21:30:00Z,2026-08-19T23:30:00+0200,0.0,MW,FR,FR,actual_solar_generation,Solar,2026-08-21T01:55:25Z
2026-08-21T01:53:59Z,2026-08-21T03:53:59+0200,dab098cd-e140-4c97-b435-f000c3ac97ba,2026-08-19T21:45:00Z,2026-08-19T23:45:00+0200,0.0,MW,FR,FR,actual_solar_generation,Solar,2026-08-21T01:55:25Z
2026-08-21T01:53:59Z,2026-08-21T03:53:59+0200,dab098cd-e140-4c97-b435-f000c3ac97ba,2026-08-19T22:00:00Z,2026-08-20T00:00:00+0200,0.0,MW,FR,FR,actual_solar_generation,Solar,2026-08-21T01:55:25Z
2026-08-21T01:53:59Z,2026-08-21T03:53:59+0200,dab098cd-e140-4c97-b435-f000c3ac97ba,2026-08-19T22:15:00Z,2026-08-20T00:15:00+0200,0.0,MW,FR,FR,actual_solar_generation,Solar,2026-08-21T01:55:25Z
2026-08-21T01:53:59Z,2026-08-21T03:53:59+0200,dab098cd-e140-4c97-b435-f000c3ac97ba,2026-08-19T22:30:00Z,2026-08-20T00:30:00+0200,0.0,MW,FR,FR,actual_solar_generation,Solar,2026-08-21T01:55:25Z
2026-08-21T01:53:59Z,2026-08-21T03:53:59+0200,dab098cd-e140-4c97-b435-f000c3ac97ba,2026-08-19T22:45:00Z,2026-08-20T00:45:00+0200,0.0,MW,FR,FR,actual_solar_generation,Solar,2026-08-21T01:55:25Z
2026-08-21T01:53:59Z,2026-08-21T03:53:59+0200,dab098cd-e140-4c97-b435-f000c3ac97ba,2026-08-19T23:00:00Z,2026-08-20T01:00:00+0200,0.0,MW,FR,FR,actual_solar_generation,Solar,2026-08-21T01:55:25Z
2026-08-21T01:53:59Z,2026-08-21T03:53:59+0200,dab098cd-e140-4c97-b435-f000c3ac97ba,2026-08-19T23:15:00Z,2026-08-20T01:15:00+0200,0.0,MW,FR,FR,actual_solar_generation,Solar,2026-08-21T01:55:25Z
2026-08-21T01:53:59Z,2026-08-21T03:53:59+0200,dab098cd-e140-4c97-b435-f000c3ac97ba,2026-08-19T23:30:00Z,2026-08-20T01:30:00+0200,0.0,MW,FR,FR,actual_solar_generation,Solar,2026-08-21T01:55:25Z
2026-08-21T01:53:59Z,2026-08-21T03:53:59+0200,dab098cd-e140-4c97-b435-f000c3ac97ba,2026-08-19T23:45:00Z,2026-08-20T01:45:00+0200,0.0,MW,FR,FR,actual_solar_generation,Solar,2026-08-21T01:55:25Z
2026-08-21T01:53:59Z,2026-08-21T03:53:59+0200,dab098cd-e140-4c97-b435-f000c3ac97ba,2026-08-20T00:00:00Z,2026-08-20T02:00:00+0200,0.0,MW,FR,FR,actual_solar_generation,Solar,2026-08-21T01:55:25Z
2026-08-21T01:53:59Z,2026-08-21T03:53:59+0200,dab098cd-e140-4c97-b435-f000c3ac97ba,2026-08-20T00:15:00Z,2026-08-20T02:15:00+0200,0.0,MW,FR,FR,actual_solar_generation,Solar,2026-08-21T01:55:25Z
2026-08-21T01:53:59Z,2026-08-21T03:53:59+0200,dab098cd-e140-4c97-b435-f000c3ac97ba,2026-08-20T00:30:00Z,2026-08-20T02:30:00+0200,0.0,MW,FR,FR,actual_solar_generation,Solar,2026-08-21T01:55:25Z
2026-08-21T01:53:59Z,2026-08-21T03:53:59+0200,dab098cd-e140-4c97-b435-f000c3ac97ba,2026-08-20T00:45:00Z,2026-08-20T02:45:00+0200,0.0,MW,FR,FR,actual_solar_generation,Solar,2026-08-21T01:55:25Z
2026-08-21T01:53:59Z,2026-08-21T03:53:59+0200,dab098cd-e140-4c97-b435-f000c3ac97ba,2026-08-20T01:00:00Z,2026-08-20T03:00:00+0200,0.0,MW,FR,FR,actual_solar_generation,Solar,2026-08-21T01:55:25Z
2026-08-21T01:53:59Z,2026-08-21T03:53:59+0200,dab098cd-e140-4c97-b435-f000c3ac97ba,2026-08-20T01:15:00Z,2026-08-20T03:15:00+0200,0.0,MW,FR,FR,actual_solar_generation,Solar,2026-08-21T01:55:25Z
2026-08-21T01:53:59Z,2026-08-21T03:53:59+0200,dab098cd-e140-4c97-b435-f000c3ac97ba,2026-08-20T01:30:00Z,2026-08-20T03:30:00+0200,0.0,MW,FR,FR,actual_solar_generation,Solar,2026-08-21T01:55:25Z
2026-08-21T01:53:59Z,2026-08-21T03:53:59+0200,dab098cd-e140-4c97-b435-f000c3ac97ba,2026-08-20T01:45:00Z,2026-08-20T03:45:00+0200,0.0,MW,FR,FR,actual_solar_generation,Solar,2026-08-21T01:55:25Z
2026-08-21T01:53:59Z,2026-08-21T03:53:59+0200,dab098cd-e140-4c97-b435-f000c3ac97ba,2026-08-20T02:00:00Z,2026-08-20T04:00:00+0200,0.0,MW,FR,FR,actual_solar_generation,Solar,2026-08-21T01:55:25Z
2026-08-21T01:53:59Z,2026-08-21T03:53:59+0200,dab098cd-e140-4c97-b435-f000c3ac97ba,2026-08-20T02:15:00Z,2026-08-20T04:15:00+0200,0.0,MW,FR,FR,actual_solar_generation,Solar,2026-08-21T01:55:25Z
2026-08-21T01:53:59Z,2026-08-21T03:53:59+0200,dab098cd-e140-4c97-b435-f000c3ac97ba,2026-08-20T02:30:00Z,2026-08-20T04:30:00+0200,0.0,MW,FR,FR,actual_solar_generation,Solar,2026-08-21T01:55:25Z
2026-08-21T01:53:59Z,2026-08-21T03:53:59+0200,dab098cd-e140-4c97-b435-f000c3ac97ba,2026-08-20T02:45:00Z,2026-08-20T04:45:00+0200,0.0,MW,FR,FR,actual_solar_generation,Solar,2026-08-21T01:55:25Z
2026-08-21T01:53:59Z,2026-08-21T03:53:59+0200,dab098cd-e140-4c97-b435-f000c3ac97ba,2026-08-20T03:00:00Z,2026-08-20T05:00:00+0200,0.0,MW,FR,FR,actual_solar_generation,Solar,2026-08-21T01:55:25Z
2026-08-21T01:53:59Z,2026-08-21T03:53:59+0200,dab098cd-e140-4c97-b435-f000c3ac97ba,2026-08-20T03:15:00Z,2026-08-20T05:15:00+0200,0.0,MW,FR,FR,actual_solar_generation,Solar,2026-08-21T01:55:25Z
2026-08-21T01:53:59Z,2026-08-21T03:53:59+0200,dab098cd-e140-4c97-b435-f000c3ac97ba,2026-08-20T03:30:00Z,2026-08-20T05:30:00+0200,0.0,MW,FR,FR,actual_solar_generation,Solar,2026-08-21T01:55:25Z
2026-08-21T01:53:59Z,2026-08-21T03:53:59+0200,dab098cd-e140-4c97-b435-f000c3ac97ba,2026-08-20T03:45:00Z,2026-08-20T05:45:00+0200,0.0,MW,FR,FR,actual_solar_generation,Solar,2026-08-21T01:55:25Z
2026-08-21T01:53:59Z,2026-08-21T03:53:59+0200,dab098cd-e140-4c97-b435-f000c3ac97ba,2026-08-20T04:00:00Z,2026-08-20T06:00:00+0200,217.12,MW,FR,FR,actual_solar_generation,Solar,2026-08-21T01:55:25Z
2026-08-21T01:53:59Z,2026-08-21T03:53:59+0200,dab098cd-e140-4c97-b435-f000c3ac97ba,2026-08-20T04:15:00Z,2026-08-20T06:15:00+0200,208.8,MW,FR,FR,actual_solar_generation,Solar,2026-08-21T01:55:25Z
2026-08-21T01:53:59Z,2026-08-21T03:53:59+0200,dab098cd-e140-4c97-b435-f000c3ac97ba,2026-08-20T04:30:00Z,2026-08-20T06:30:00+0200,216.52,MW,FR,FR,actual_solar_generation,Solar,2026-08-21T01:55:25Z
2026-08-21T01:53:59Z,2026-08-21T03:53:59+0200,dab098cd-e140-4c97-b435-f000c3ac97ba,2026-08-20T04:45:00Z,2026-08-20T06:45:00+0200,262.8,MW,FR,FR,actual_solar_generation,Solar,2026-08-21T01:55:25Z
2026-08-21T01:53:59Z,2026-08-21T03:53:59+0200,dab098cd-e140-4c97-b435-f000c3ac97ba,2026-08-20T05:00:00Z,2026-08-20T07:00:00+0200,360.71,MW,FR,FR,actual_solar_generation,Solar,2026-08-21T01:55:25Z
2026-08-21T01:53:59Z,2026-08-21T03:53:59+0200,dab098cd-e140-4c97-b435-f000c3ac97ba,2026-08-20T05:15:00Z,2026-08-20T07:15:00+0200,490.88,MW,FR,FR,actual_solar_generation,Solar,2026-08-21T01:55:25Z
2026-08-21T01:53:59Z,2026-08-21T03:53:59+0200,dab098cd-e140-4c97-b435-f000c3ac97ba,2026-08-20T05:30:00Z,2026-08-20T07:30:00+0200,706.05,MW,FR,FR,actual_solar_generation,Solar,2026-08-21T01:55:25Z
2026-08-21T01:53:59Z,2026-08-21T03:53:59+0200,dab098cd-e140-4c97-b435-f000c3ac97ba,2026-08-20T05:45:00Z,2026-08-20T07:45:00+0200,1087.22,MW,FR,FR,actual_solar_generation,Solar,2026-08-21T01:55:25Z
2026-08-21T01:53:59Z,2026-08-21T03:53:59+0200,dab098cd-e140-4c97-b435-f000c3ac97ba,2026-08-20T06:00:00Z,2026-08-20T08:00:00+0200,1617.75,MW,FR,FR,actual_solar_generation,Solar,2026-08-21T01:55:25Z
2026-08-21T01:53:59Z,2026-08-21T03:53:59+0200,dab098cd-e140-4c97-b435-f000c3ac97ba,2026-08-20T06:15:00Z,2026-08-20T08:15:00+0200,2238.47,MW,FR,FR,actual_solar_generation,Solar,2026-08-21T01:55:25Z
2026-08-21T01:53:59Z,2026-08-21T03:53:59+0200,dab098cd-e140-4c97-b435-f000c3ac97ba,2026-08-20T06:30:00Z,2026-08-20T08:30:00+0200,2877.32,MW,FR,FR,actual_solar_generation,Solar,2026-08-21T01:55:25Z
2026-08-21T01:53:59Z,2026-08-21T03:53:59+0200,dab098cd-e140-4c97-b435-f000c3ac97ba,2026-08-20T06:45:00Z,2026-08-20T08:45:00+0200,3466.98,MW,FR,FR,actual_solar_generation,Solar,2026-08-21T01:55:25Z
2026-08-21T01:53:59Z,2026-08-21T03:53:59+0200,dab098cd-e140-4c97-b435-f000c3ac97ba,2026-08-20T07:00:00Z,2026-08-20T09:00:00+0200,4204.68,MW,FR,FR,actual_solar_generation,Solar,2026-08-21T01:55:25Z
2026-08-21T01:53:59Z,2026-08-21T03:53:59+0200,dab098cd-e140-4c97-b435-f000c3ac97ba,2026-08-20T07:15:00Z,2026-08-20T09:15:00+0200,5000.61,MW,FR,FR,actual_solar_generation,Solar,2026-08-21T01:55:25Z
2026-08-21T01:53:59Z,2026-08-21T03:53:59+0200,dab098cd-e140-4c97-b435-f000c3ac97ba,2026-08-20T07:30:00Z,2026-08-20T09:30:00+0200,5838.13,MW,FR,FR,actual_solar_generation,Solar,2026-08-21T01:55:25Z
2026-08-21T01:53:59Z,2026-08-21T03:53:59+0200,dab098cd-e140-4c97-b435-f000c3ac97ba,2026-08-20T07:45:00Z,2026-08-20T09:45:00+0200,6639.29,MW,FR,FR,actual_solar_generation,Solar,2026-08-21T01:55:25Z
2026-08-21T01:53:59Z,2026-08-21T03:53:59+0200,dab098cd-e140-4c97-b435-f000c3ac97ba,2026-08-20T08:00:00Z,2026-08-20T10:00:00+0200,7447.8,MW,FR,FR,actual_solar_generation,Solar,2026-08-21T01:55:25Z
2026-08-21T01:53:59Z,2026-08-21T03:53:59+0200,dab098cd-e140-4c97-b435-f000c3ac97ba,2026-08-20T08:15:00Z,2026-08-20T10:15:00+0200,8442.12,MW,FR,FR,actual_solar_generation,Solar,2026-08-21T01:55:25Z
2026-08-21T01:53:59Z,2026-08-21T03:53:59+0200,dab098cd-e140-4c97-b435-f000c3ac97ba,2026-08-20T08:30:00Z,2026-08-20T10:30:00+0200,9092.18,MW,FR,FR,actual_solar_generation,Solar,2026-08-21T01:55:25Z
2026-08-21T01:53:59Z,2026-08-21T03:53:59+0200,dab098cd-e140-4c97-b435-f000c3ac97ba,2026-08-20T08:45:00Z,2026-08-20T10:45:00+0200,9624.03,MW,FR,FR,actual_solar_generation,Solar,2026-08-21T01:55:25Z
2026-08-21T01:53:59Z,2026-08-21T03:53:59+0200,dab098cd-e140-4c97-b435-f000c3ac97ba,2026-08-20T09:00:00Z,2026-08-20T11:00:00+0200,10457.85,MW,FR,FR,actual_solar_generation,Solar,2026-08-21T01:55:25Z
2026-08-21T01:53:59Z,2026-08-21T03:53:59+0200,dab098cd-e140-4c97-b435-f000c3ac97ba,2026-08-20T09:15:00Z,2026-08-20T11:15:00+0200,10860.33,MW,FR,FR,actual_solar_generation,Solar,2026-08-21T01:55:25Z
2026-08-21T01:53:59Z,2026-08-21T03:53:59+0200,dab098cd-e140-4c97-b435-f000c3ac97ba,2026-08-20T09:30:00Z,2026-08-20T11:30:00+0200,11262.94,MW,FR,FR,actual_solar_generation,Solar,2026-08-21T01:55:25Z
2026-08-21T01:53:59Z,2026-08-21T03:53:59+0200,dab098cd-e140-4c97-b435-f000c3ac97ba,2026-08-20T09:45:00Z,2026-08-20T11:45:00+0200,11677.29,MW,FR,FR,actual_solar_generation,Solar,2026-08-21T01:55:25Z
2026-08-21T01:53:59Z,2026-08-21T03:53:59+0200,dab098cd-e140-4c97-b435-f000c3ac97ba,2026-08-20T10:00:00Z,2026-08-20T12:00:00+0200,11906.39,MW,FR,FR,actual_solar_generation,Solar,2026-08-21T01:55:25Z
2026-08-21T01:53:59Z,2026-08-21T03:53:59+0200,dab098cd-e140-4c97-b435-f000c3ac97ba,2026-08-20T10:15:00Z,2026-08-20T12:15:00+0200,12113.85,MW,FR,FR,actual_solar_generation,Solar,2026-08-21T01:55:25Z
2026-08-21T01:53:59Z,2026-08-21T03:53:59+0200,dab098cd-e140-4c97-b435-f000c3ac97ba,2026-08-20T10:30:00Z,2026-08-20T12:30:00+0200,12399.34,MW,FR,FR,actual_solar_generation,Solar,2026-08-21T01:55:25Z
2026-08-21T01:53:59Z,2026-08-21T03:53:59+0200,dab098cd-e140-4c97-b435-f000c3ac97ba,2026-08-20T10:45:00Z,2026-08-20T12:45:00+0200,12288.97,MW,FR,FR,actual_solar_generation,Solar,2026-08-21T01:55:25Z
2026-08-21T01:53:59Z,2026-08-21T03:53:59+0200,dab098cd-e140-4c97-b435-f000c3ac97ba,2026-08-20T11:00:00Z,2026-08-20T13:00:00+0200,12370.56,MW,FR,FR,actual_solar_generation,Solar,2026-08-21T01:55:25Z
2026-08-21T01:53:59Z,2026-08-21T03:53:59+0200,dab098cd-e140-4c97-b435-f000c3ac97ba,2026-08-20T11:15:00Z,2026-08-20T13:15:00+0200,12434.27,MW,FR,FR,actual_solar_generation,Solar,2026-08-21T01:55:25Z
2026-08-21T01:53:59Z,2026-08-21T03:53:59+0200,dab098cd-e140-4c97-b435-f000c3ac97ba,2026-08-20T11:30:00Z,2026-08-20T13:30:00+0200,12451.54,MW,FR,FR,actual_solar_generation,Solar,2026-08-21T01:55:25Z
2026-08-21T01:53:59Z,2026-08-21T03:53:59+0200,dab098cd-e140-4c97-b435-f000c3ac97ba,2026-08-20T11:45:00Z,2026-08-20T13:45:00+0200,12515.43,MW,FR,FR,actual_solar_generation,Solar,2026-08-21T01:55:25Z
2026-08-21T01:53:59Z,2026-08-21T03:53:59+0200,dab098cd-e140-4c97-b435-f000c3ac97ba,2026-08-20T12:00:00Z,2026-08-20T14:00:00+0200,12455.92,MW,FR,FR,actual_solar_generation,Solar,2026-08-21T01:55:25Z
2026-08-21T01:53:59Z,2026-08-21T03:53:59+0200,dab098cd-e140-4c97-b435-f000c3ac97ba,2026-08-20T12:15:00Z,2026-08-20T14:15:00+0200,12339.04,MW,FR,FR,actual_solar_generation,Solar,2026-08-21T01:55:25Z
2026-08-21T01:53:59Z,2026-08-21T03:53:59+0200,dab098cd-e140-4c97-b435-f000c3ac97ba,2026-08-20T12:30:00Z,2026-08-20T14:30:00+0200,12397.18,MW,FR,FR,actual_solar_generation,Solar,2026-08-21T01:55:25Z
2026-08-21T01:53:59Z,2026-08-21T03:53:59+0200,dab098cd-e140-4c97-b435-f000c3ac97ba,2026-08-20T12:45:00Z,2026-08-20T14:45:00+0200,12320.94,MW,FR,FR,actual_solar_generation,Solar,2026-08-21T01:55:25Z
2026-08-21T01:53:59Z,2026-08-21T03:53:59+0200,dab098cd-e140-4c97-b435-f000c3ac97ba,2026-08-20T13:00:00Z,2026-08-20T15:00:00+0200,12131.31,MW,FR,FR,actual_solar_generation,Solar,2026-08-21T01:55:25Z
2026-08-21T01:53:59Z,2026-08-21T03:53:59+0200,dab098cd-e140-4c97-b435-f000c3ac97ba,2026-08-20T13:15:00Z,2026-08-20T15:15:00+0200,12046.0,MW,FR,FR,actual_solar_generation,Solar,2026-08-21T01:55:25Z
2026-08-21T01:53:59Z,2026-08-21T03:53:59+0200,dab098cd-e140-4c97-b435-f000c3ac97ba,2026-08-20T13:30:00Z,2026-08-20T15:30:00+0200,11806.76,MW,FR,FR,actual_solar_generation,Solar,2026-08-21T01:55:25Z
2026-08-21T01:53:59Z,2026-08-21T03:53:59+0200,dab098cd-e140-4c97-b435-f000c3ac97ba,2026-08-20T13:45:00Z,2026-08-20T15:45:00+0200,11538.96,MW,FR,FR,actual_solar_generation,Solar,2026-08-21T01:55:25Z
2026-08-21T01:53:59Z,2026-08-21T03:53:59+0200,dab098cd-e140-4c97-b435-f000c3ac97ba,2026-08-20T14:00:00Z,2026-08-20T16:00:00+0200,10989.35,MW,FR,FR,actual_solar_generation,Solar,2026-08-21T01:55:25Z
2026-08-21T01:53:59Z,2026-08-21T03:53:59+0200,dab098cd-e140-4c97-b435-f000c3ac97ba,2026-08-20T14:15:00Z,2026-08-20T16:15:00+0200,10532.01,MW,FR,FR,actual_solar_generation,Solar,2026-08-21T01:55:25Z
2026-08-21T01:53:59Z,2026-08-21T03:53:59+0200,dab098cd-e140-4c97-b435-f000c3ac97ba,2026-08-20T14:30:00Z,2026-08-20T16:30:00+0200,10309.03,MW,FR,FR,actual_solar_generation,Solar,2026-08-21T01:55:25Z
2026-08-21T01:53:59Z,2026-08-21T03:53:59+0200,dab098cd-e140-4c97-b435-f000c3ac97ba,2026-08-20T14:45:00Z,2026-08-20T16:45:00+0200,9892.72,MW,FR,FR,actual_solar_generation,Solar,2026-08-21T01:55:25Z
2026-08-21T01:53:59Z,2026-08-21T03:53:59+0200,dab098cd-e140-4c97-b435-f000c3ac97ba,2026-08-20T15:00:00Z,2026-08-20T17:00:00+0200,9218.03,MW,FR,FR,actual_solar_generation,Solar,2026-08-21T01:55:25Z
2026-08-21T01:53:59Z,2026-08-21T03:53:59+0200,dab098cd-e140-4c97-b435-f000c3ac97ba,2026-08-20T15:15:00Z,2026-08-20T17:15:00+0200,8341.82,MW,FR,FR,actual_solar_generation,Solar,2026-08-21T01:55:25Z
2026-08-21T01:53:59Z,2026-08-21T03:53:59+0200,dab098cd-e140-4c97-b435-f000c3ac97ba,2026-08-20T15:30:00Z,2026-08-20T17:30:00+0200,7680.98,MW,FR,FR,actual_solar_generation,Solar,2026-08-21T01:55:25Z
2026-08-21T01:53:59Z,2026-08-21T03:53:59+0200,dab098cd-e140-4c97-b435-f000c3ac97ba,2026-08-20T15:45:00Z,2026-08-20T17:45:00+0200,7086.73,MW,FR,FR,actual_solar_generation,Solar,2026-08-21T01:55:25Z
2026-08-21T01:53:59Z,2026-08-21T03:53:59+0200,dab098cd-e140-4c97-b435-f000c3ac97ba,2026-08-20T16:00:00Z,2026-08-20T18:00:00+0200,6214.82,MW,FR,FR,actual_solar_generation,Solar,2026-08-21T01:55:25Z
2026-08-21T01:53:59Z,2026-08-21T03:53:59+0200,dab098cd-e140-4c97-b435-f000c3ac97ba,2026-08-20T16:15:00Z,2026-08-20T18:15:00+0200,5507.53,MW,FR,FR,actual_solar_generation,Solar,2026-08-21T01:55:25Z
2026-08-21T01:53:59Z,2026-08-21T03:53:59+0200,dab098cd-e140-4c97-b435-f000c3ac97ba,2026-08-20T16:30:00Z,2026-08-20T18:30:00+0200,4930.64,MW,FR,FR,actual_solar_generation,Solar,2026-08-21T01:55:25Z
2026-08-21T01:53:59Z,2026-08-21T03:53:59+0200,dab098cd-e140-4c97-b435-f000c3ac97ba,2026-08-20T16:45:00Z,2026-08-20T18:45:00+0200,4290.15,MW,FR,FR,actual_solar_generation,Solar,2026-08-21T01:55:25Z
2026-08-21T01:53:59Z,2026-08-21T03:53:59+0200,dab098cd-e140-4c97-b435-f000c3ac97ba,2026-08-20T17:00:00Z,2026-08-20T19:00:00+0200,3466.89,MW,FR,FR,actual_solar_generation,Solar,2026-08-21T01:55:25Z
2026-08-21T01:53:59Z,2026-08-21T03:53:59+0200,dab098cd-e140-4c97-b435-f000c3ac97ba,2026-08-20T17:15:00Z,2026-08-20T19:15:00+0200,2699.56,MW,FR,FR,actual_solar_generation,Solar,2026-08-21T01:55:25Z
2026-08-21T01:53:59Z,2026-08-21T03:53:59+0200,dab098cd-e140-4c97-b435-f000c3ac97ba,2026-08-20T17:30:00Z,2026-08-20T19:30:00+0200,2083.38,MW,FR,FR,actual_solar_generation,Solar,2026-08-21T01:55:25Z
2026-08-21T01:53:59Z,2026-08-21T03:53:59+0200,dab098cd-e140-4c97-b435-f000c3ac97ba,2026-08-20T17:45:00Z,2026-08-20T19:45:00+0200,1548.01,MW,FR,FR,actual_solar_generation,Solar,2026-08-21T01:55:25Z
2026-08-21T01:53:59Z,2026-08-21T03:53:59+0200,dab098cd-e140-4c97-b435-f000c3ac97ba,2026-08-20T18:00:00Z,2026-08-20T20:00:00+0200,1072.56,MW,FR,FR,actual_solar_generation,Solar,2026-08-21T01:55:25Z
2026-08-21T01:53:59Z,2026-08-21T03:53:59+0200,dab098cd-e140-4c97-b435-f000c3ac97ba,2026-08-20T18:15:00Z,2026-08-20T20:15:00+0200,741.19,MW,FR,FR,actual_solar_generation,Solar,2026-08-21T01:55:25Z
2026-08-21T01:53:59Z,2026-08-21T03:53:59+0200,dab098cd-e140-4c97-b435-f000c3ac97ba,2026-08-20T18:30:00Z,2026-08-20T20:30:00+0200,488.73,MW,FR,FR,actual_solar_generation,Solar,2026-08-21T01:55:25Z
2026-08-21T01:53:59Z,2026-08-21T03:53:59+0200,dab098cd-e140-4c97-b435-f000c3ac97ba,2026-08-20T18:45:00Z,2026-08-20T20:45:00+0200,328.15,MW,FR,FR,actual_solar_generation,Solar,2026-08-21T01:55:25Z
2026-08-21T01:53:59Z,2026-08-21T03:53:59+0200,dab098cd-e140-4c97-b435-f000c3ac97ba,2026-08-20T19:00:00Z,2026-08-20T21:00:00+0200,250.03,MW,FR,FR,actual_solar_generation,Solar,2026-08-21T01:55:25Z
2026-08-21T01:53:59Z,2026-08-21T03:53:59+0200,dab098cd-e140-4c97-b435-f000c3ac97ba,2026-08-20T19:15:00Z,2026-08-20T21:15:00+0200,228.24,MW,FR,FR,actual_solar_generation,Solar,2026-08-21T01:55:25Z
2026-08-21T01:53:59Z,2026-08-21T03:53:59+0200,dab098cd-e140-4c97-b435-f000c3ac97ba,2026-08-20T19:30:00Z,2026-08-20T21:30:00+0200,229.77,MW,FR,FR,actual_solar_generation,Solar,2026-08-21T01:55:25Z
2026-08-21T01:53:59Z,2026-08-21T03:53:59+0200,dab098cd-e140-4c97-b435-f000c3ac97ba,2026-08-20T19:45:00Z,2026-08-20T21:45:00+0200,226.16,MW,FR,FR,actual_solar_generation,Solar,2026-08-21T01:55:25Z
2026-08-21T01:53:59Z,2026-08-21T03:53:59+0200,dab098cd-e140-4c97-b435-f000c3ac97ba,2026-08-20T20:00:00Z,2026-08-20T22:00:00+0200,226.75,MW,FR,FR,actual_solar_generation,Solar,2026-08-21T01:55:25Z
2026-08-21T01:53:59Z,2026-08-21T03:53:59+0200,dab098cd-e140-4c97-b435-f000c3ac97ba,2026-08-20T20:15:00Z,2026-08-20T22:15:00+0200,222.21,MW,FR,FR,actual_solar_generation,Solar,2026-08-21T01:55:25Z
2026-08-21T01:53:59Z,2026-08-21T03:53:59+0200,dab098cd-e140-4c97-b435-f000c3ac97ba,2026-08-20T20:30:00Z,2026-08-20T22:30:00+0200,224.3,MW,FR,FR,actual_solar_generation,Solar,2026-08-21T01:55:25Z
2026-08-21T01:53:59Z,2026-08-21T03:53:59+0200,dab098cd-e140-4c97-b435-f000c3ac97ba,2026-08-20T20:45:00Z,2026-08-20T22:45:00+0200,224.62,MW,FR,FR,actual_solar_generation,Solar,2026-08-21T01:55:25Z
2026-08-21T01:53:59Z,2026-08-21T03:53:59+0200,dab098cd-e140-4c97-b435-f000c3ac97ba,2026-08-20T21:00:00Z,2026-08-20T23:00:00+0200,0.0,MW,FR,FR,actual_solar_generation,Solar,2026-08-21T01:55:25Z
2026-08-21T01:53:59Z,2026-08-21T03:53:59+0200,dab098cd-e140-4c97-b435-f000c3ac97ba,2026-08-20T21:15:00Z,2026-08-20T23:15:00+0200,0.0,MW,FR,FR,actual_solar_generation,Solar,2026-08-21T01:55:25Z
2026-08-21T01:53:59Z,2026-08-21T03:53:59+0200,dab098cd-e140-4c97-b435-f000c3ac97ba,2026-08-20T21:30:00Z,2026-08-20T23:30:00+0200,0.0,MW,FR,FR,actual_solar_generation,Solar,2026-08-21T01:55:25Z
2026-08-21T01:53:59Z,2026-08-21T03:53:59+0200,dab098cd-e140-4c97-b435-f000c3ac97ba,2026-08-20T21:45:00Z,2026-08-20T23:45:00+0200,0.0,MW,FR,FR,actual_solar_generation,Solar,2026-08-21T01:55:25Z
2026-08-21T01:53:59Z,2026-08-21T03:53:59+0200,dab098cd-e140-4c97-b435-f000c3ac97ba,2026-08-20T22:00:00Z,2026-08-21T00:00:00+0200,0.0,MW,FR,FR,actual_solar_generation,Solar,2026-08-21T01:55:25Z
2026-08-21T01:53:59Z,2026-08-21T03:53:59+0200,dab098cd-e140-4c97-b435-f000c3ac97ba,2026-08-20T22:15:00Z,2026-08-21T00:15:00+0200,0.0,MW,FR,FR,actual_solar_generation,Solar,2026-08-21T01:55:25Z
2026-08-21T01:53:59Z,2026-08-21T03:53:59+0200,dab098cd-e140-4c97-b435-f000c3ac97ba,2026-08-20T22:30:00Z,2026-08-21T00:30:00+0200,0.0,MW,FR,FR,actual_solar_generation,Solar,2026-08-21T01:55:25Z
2026-08-21T01:53:59Z,2026-08-21T03:53:59+0200,dab098cd-e140-4c97-b435-f000c3ac97ba,2026-08-20T22:45:00Z,2026-08-21T00:45:00+0200,0.0,MW,FR,FR,actual_solar_generation,Solar,2026-08-21T01:55:25Z
2026-08-21T01:53:59Z,2026-08-21T03:53:59+0200,dab098cd-e140-4c97-b435-f000c3ac97ba,2026-08-20T23:00:00Z,2026-08-21T01:00:00+0200,0.0,MW,FR,FR,actual_solar_generation,Solar,2026-08-21T01:55:25Z
2026-08-21T01:53:59Z,2026-08-21T03:53:59+0200,dab098cd-e140-4c97-b435-f000c3ac97ba,2026-08-20T23:15:00Z,2026-08-21T01:15:00+0200,0.0,MW,FR,FR,actual_solar_generation,Solar,2026-08-21T01:55:25Z
2026-08-21T01:53:59Z,2026-08-21T03:53:59+0200,dab098cd-e140-4c97-b435-f000c3ac97ba,2026-08-20T23:30:00Z,2026-08-21T01:30:00+0200,0.0,MW,FR,FR,actual_solar_generation,Solar,2026-08-21T01:55:25Z
2026-08-21T01:53:59Z,2026-08-21T03:53:59+0200,dab098cd-e140-4c97-b435-f000c3ac97ba,2026-08-20T23:45:00Z,2026-08-21T01:45:00+0200,0.0,MW,FR,FR,actual_solar_generation,Solar,2026-08-21T01:55:25Z
2026-08-21T01:53:59Z,2026-08-21T03:53:59+0200,dab098cd-e140-4c97-b435-f000c3ac97ba,2026-08-21T00:00:00Z,2026-08-21T02:00:00+0200,0.0,MW,FR,FR,actual_solar_generation,Solar,2026-08-21T01:55:25Z
2026-08-21T01:53:59Z,2026-08-21T03:53:59+0200,dab098cd-e140-4c97-b435-f000c3ac97ba,2026-08-21T00:15:00Z,2026-08-21T02:15:00+0200,0.0,MW,FR,FR,actual_solar_generation,Solar,2026-08-21T01:55:25Z
2026-08-21T01:53:59Z,2026-08-21T03:53:59+0200,dab098cd-e140-4c97-b435-f000c3ac97ba,2026-08-21T00:30:00Z,2026-08-21T02:30:00+0200,0.0,MW,FR,FR,actual_solar_generation,Solar,2026-08-21T01:55:25Z
2026-08-21T01:53:59Z,2026-08-21T03:53:59+0200,dab098cd-e140-4c97-b435-f000c3ac97ba,2026-08-21T00:45:00Z,2026-08-21T02:45:00+0200,0.0,MW,FR,FR,actual_solar_generation,Solar,2026-08-21T01:55:25Z
