collection_time_utc,collection_time_local,run_id,timestamp_utc,timestamp_local,value,unit,country,entsoe_area,variable,source,updated_at_utc
2026-09-04T22:55:56Z,2026-09-05T00:55:56+0200,b13917e3-ec31-4901-b784-2334101f7238,2026-08-28T23:00:00Z,2026-08-29T01:00:00+0200,120.85,EUR/MWh,PT,PT,imbalance_price,Long,2026-09-04T22:58:27Z
2026-09-04T22:55:56Z,2026-09-05T00:55:56+0200,b13917e3-ec31-4901-b784-2334101f7238,2026-08-28T23:00:00Z,2026-08-29T01:00:00+0200,120.85,EUR/MWh,PT,PT,imbalance_price,Short,2026-09-04T22:58:27Z
2026-09-04T22:55:56Z,2026-09-05T00:55:56+0200,b13917e3-ec31-4901-b784-2334101f7238,2026-08-28T23:15:00Z,2026-08-29T01:15:00+0200,121.63,EUR/MWh,PT,PT,imbalance_price,Long,2026-09-04T22:58:27Z
2026-09-04T22:55:56Z,2026-09-05T00:55:56+0200,b13917e3-ec31-4901-b784-2334101f7238,2026-08-28T23:15:00Z,2026-08-29T01:15:00+0200,225.26,EUR/MWh,PT,PT,imbalance_price,Short,2026-09-04T22:58:27Z
2026-09-04T22:55:56Z,2026-09-05T00:55:56+0200,b13917e3-ec31-4901-b784-2334101f7238,2026-08-28T23:30:00Z,2026-08-29T01:30:00+0200,121.12,EUR/MWh,PT,PT,imbalance_price,Long,2026-09-04T22:58:27Z
2026-09-04T22:55:56Z,2026-09-05T00:55:56+0200,b13917e3-ec31-4901-b784-2334101f7238,2026-08-28T23:30:00Z,2026-08-29T01:30:00+0200,217.8,EUR/MWh,PT,PT,imbalance_price,Short,2026-09-04T22:58:27Z
2026-09-04T22:55:56Z,2026-09-05T00:55:56+0200,b13917e3-ec31-4901-b784-2334101f7238,2026-08-28T23:45:00Z,2026-08-29T01:45:00+0200,124.33,EUR/MWh,PT,PT,imbalance_price,Long,2026-09-04T22:58:27Z
2026-09-04T22:55:56Z,2026-09-05T00:55:56+0200,b13917e3-ec31-4901-b784-2334101f7238,2026-08-28T23:45:00Z,2026-08-29T01:45:00+0200,124.33,EUR/MWh,PT,PT,imbalance_price,Short,2026-09-04T22:58:27Z
2026-09-04T22:55:56Z,2026-09-05T00:55:56+0200,b13917e3-ec31-4901-b784-2334101f7238,2026-08-29T00:00:00Z,2026-08-29T02:00:00+0200,124.33,EUR/MWh,PT,PT,imbalance_price,Long,2026-09-04T22:58:27Z
2026-09-04T22:55:56Z,2026-09-05T00:55:56+0200,b13917e3-ec31-4901-b784-2334101f7238,2026-08-29T00:00:00Z,2026-08-29T02:00:00+0200,225.26,EUR/MWh,PT,PT,imbalance_price,Short,2026-09-04T22:58:27Z
2026-09-04T22:55:56Z,2026-09-05T00:55:56+0200,b13917e3-ec31-4901-b784-2334101f7238,2026-08-29T00:15:00Z,2026-08-29T02:15:00+0200,124.06,EUR/MWh,PT,PT,imbalance_price,Long,2026-09-04T22:58:27Z
2026-09-04T22:55:56Z,2026-09-05T00:55:56+0200,b13917e3-ec31-4901-b784-2334101f7238,2026-08-29T00:15:00Z,2026-08-29T02:15:00+0200,222.1,EUR/MWh,PT,PT,imbalance_price,Short,2026-09-04T22:58:27Z
2026-09-04T22:55:56Z,2026-09-05T00:55:56+0200,b13917e3-ec31-4901-b784-2334101f7238,2026-08-29T00:30:00Z,2026-08-29T02:30:00+0200,120.0,EUR/MWh,PT,PT,imbalance_price,Long,2026-09-04T22:58:27Z
2026-09-04T22:55:56Z,2026-09-05T00:55:56+0200,b13917e3-ec31-4901-b784-2334101f7238,2026-08-29T00:30:00Z,2026-08-29T02:30:00+0200,120.0,EUR/MWh,PT,PT,imbalance_price,Short,2026-09-04T22:58:27Z
2026-09-04T22:55:56Z,2026-09-05T00:55:56+0200,b13917e3-ec31-4901-b784-2334101f7238,2026-08-29T00:45:00Z,2026-08-29T02:45:00+0200,120.0,EUR/MWh,PT,PT,imbalance_price,Long,2026-09-04T22:58:27Z
2026-09-04T22:55:56Z,2026-09-05T00:55:56+0200,b13917e3-ec31-4901-b784-2334101f7238,2026-08-29T00:45:00Z,2026-08-29T02:45:00+0200,120.0,EUR/MWh,PT,PT,imbalance_price,Short,2026-09-04T22:58:27Z
2026-09-04T22:55:56Z,2026-09-05T00:55:56+0200,b13917e3-ec31-4901-b784-2334101f7238,2026-08-29T01:00:00Z,2026-08-29T03:00:00+0200,68.09,EUR/MWh,PT,PT,imbalance_price,Long,2026-09-04T22:58:27Z
2026-09-04T22:55:56Z,2026-09-05T00:55:56+0200,b13917e3-ec31-4901-b784-2334101f7238,2026-08-29T01:00:00Z,2026-08-29T03:00:00+0200,68.09,EUR/MWh,PT,PT,imbalance_price,Short,2026-09-04T22:58:27Z
2026-09-04T22:55:56Z,2026-09-05T00:55:56+0200,b13917e3-ec31-4901-b784-2334101f7238,2026-08-29T01:15:00Z,2026-08-29T03:15:00+0200,82.71,EUR/MWh,PT,PT,imbalance_price,Long,2026-09-04T22:58:27Z
2026-09-04T22:55:56Z,2026-09-05T00:55:56+0200,b13917e3-ec31-4901-b784-2334101f7238,2026-08-29T01:15:00Z,2026-08-29T03:15:00+0200,82.71,EUR/MWh,PT,PT,imbalance_price,Short,2026-09-04T22:58:27Z
2026-09-04T22:55:56Z,2026-09-05T00:55:56+0200,b13917e3-ec31-4901-b784-2334101f7238,2026-08-29T01:30:00Z,2026-08-29T03:30:00+0200,85.3,EUR/MWh,PT,PT,imbalance_price,Long,2026-09-04T22:58:27Z
2026-09-04T22:55:56Z,2026-09-05T00:55:56+0200,b13917e3-ec31-4901-b784-2334101f7238,2026-08-29T01:30:00Z,2026-08-29T03:30:00+0200,85.3,EUR/MWh,PT,PT,imbalance_price,Short,2026-09-04T22:58:27Z
2026-09-04T22:55:56Z,2026-09-05T00:55:56+0200,b13917e3-ec31-4901-b784-2334101f7238,2026-08-29T01:45:00Z,2026-08-29T03:45:00+0200,82.36,EUR/MWh,PT,PT,imbalance_price,Long,2026-09-04T22:58:27Z
2026-09-04T22:55:56Z,2026-09-05T00:55:56+0200,b13917e3-ec31-4901-b784-2334101f7238,2026-08-29T01:45:00Z,2026-08-29T03:45:00+0200,82.36,EUR/MWh,PT,PT,imbalance_price,Short,2026-09-04T22:58:27Z
2026-09-04T22:55:56Z,2026-09-05T00:55:56+0200,b13917e3-ec31-4901-b784-2334101f7238,2026-08-29T02:00:00Z,2026-08-29T04:00:00+0200,93.98,EUR/MWh,PT,PT,imbalance_price,Long,2026-09-04T22:58:27Z
2026-09-04T22:55:56Z,2026-09-05T00:55:56+0200,b13917e3-ec31-4901-b784-2334101f7238,2026-08-29T02:00:00Z,2026-08-29T04:00:00+0200,93.98,EUR/MWh,PT,PT,imbalance_price,Short,2026-09-04T22:58:27Z
2026-09-04T22:55:56Z,2026-09-05T00:55:56+0200,b13917e3-ec31-4901-b784-2334101f7238,2026-08-29T02:15:00Z,2026-08-29T04:15:00+0200,82.89,EUR/MWh,PT,PT,imbalance_price,Long,2026-09-04T22:58:27Z
2026-09-04T22:55:56Z,2026-09-05T00:55:56+0200,b13917e3-ec31-4901-b784-2334101f7238,2026-08-29T02:15:00Z,2026-08-29T04:15:00+0200,82.89,EUR/MWh,PT,PT,imbalance_price,Short,2026-09-04T22:58:27Z
2026-09-04T22:55:56Z,2026-09-05T00:55:56+0200,b13917e3-ec31-4901-b784-2334101f7238,2026-08-29T02:30:00Z,2026-08-29T04:30:00+0200,80.3,EUR/MWh,PT,PT,imbalance_price,Long,2026-09-04T22:58:27Z
2026-09-04T22:55:56Z,2026-09-05T00:55:56+0200,b13917e3-ec31-4901-b784-2334101f7238,2026-08-29T02:30:00Z,2026-08-29T04:30:00+0200,80.3,EUR/MWh,PT,PT,imbalance_price,Short,2026-09-04T22:58:27Z
2026-09-04T22:55:56Z,2026-09-05T00:55:56+0200,b13917e3-ec31-4901-b784-2334101f7238,2026-08-29T02:45:00Z,2026-08-29T04:45:00+0200,82.66,EUR/MWh,PT,PT,imbalance_price,Long,2026-09-04T22:58:27Z
2026-09-04T22:55:56Z,2026-09-05T00:55:56+0200,b13917e3-ec31-4901-b784-2334101f7238,2026-08-29T02:45:00Z,2026-08-29T04:45:00+0200,210.6,EUR/MWh,PT,PT,imbalance_price,Short,2026-09-04T22:58:27Z
2026-09-04T22:55:56Z,2026-09-05T00:55:56+0200,b13917e3-ec31-4901-b784-2334101f7238,2026-08-29T03:00:00Z,2026-08-29T05:00:00+0200,80.0,EUR/MWh,PT,PT,imbalance_price,Long,2026-09-04T22:58:27Z
2026-09-04T22:55:56Z,2026-09-05T00:55:56+0200,b13917e3-ec31-4901-b784-2334101f7238,2026-08-29T03:00:00Z,2026-08-29T05:00:00+0200,80.0,EUR/MWh,PT,PT,imbalance_price,Short,2026-09-04T22:58:27Z
2026-09-04T22:55:56Z,2026-09-05T00:55:56+0200,b13917e3-ec31-4901-b784-2334101f7238,2026-08-29T03:15:00Z,2026-08-29T05:15:00+0200,75.06,EUR/MWh,PT,PT,imbalance_price,Long,2026-09-04T22:58:27Z
2026-09-04T22:55:56Z,2026-09-05T00:55:56+0200,b13917e3-ec31-4901-b784-2334101f7238,2026-08-29T03:15:00Z,2026-08-29T05:15:00+0200,210.64,EUR/MWh,PT,PT,imbalance_price,Short,2026-09-04T22:58:27Z
2026-09-04T22:55:56Z,2026-09-05T00:55:56+0200,b13917e3-ec31-4901-b784-2334101f7238,2026-08-29T03:30:00Z,2026-08-29T05:30:00+0200,82.36,EUR/MWh,PT,PT,imbalance_price,Long,2026-09-04T22:58:27Z
2026-09-04T22:55:56Z,2026-09-05T00:55:56+0200,b13917e3-ec31-4901-b784-2334101f7238,2026-08-29T03:30:00Z,2026-08-29T05:30:00+0200,82.36,EUR/MWh,PT,PT,imbalance_price,Short,2026-09-04T22:58:27Z
2026-09-04T22:55:56Z,2026-09-05T00:55:56+0200,b13917e3-ec31-4901-b784-2334101f7238,2026-08-29T03:45:00Z,2026-08-29T05:45:00+0200,82.71,EUR/MWh,PT,PT,imbalance_price,Long,2026-09-04T22:58:27Z
2026-09-04T22:55:56Z,2026-09-05T00:55:56+0200,b13917e3-ec31-4901-b784-2334101f7238,2026-08-29T03:45:00Z,2026-08-29T05:45:00+0200,210.48,EUR/MWh,PT,PT,imbalance_price,Short,2026-09-04T22:58:27Z
2026-09-04T22:55:56Z,2026-09-05T00:55:56+0200,b13917e3-ec31-4901-b784-2334101f7238,2026-08-29T04:00:00Z,2026-08-29T06:00:00+0200,76.88,EUR/MWh,PT,PT,imbalance_price,Long,2026-09-04T22:58:27Z
2026-09-04T22:55:56Z,2026-09-05T00:55:56+0200,b13917e3-ec31-4901-b784-2334101f7238,2026-08-29T04:00:00Z,2026-08-29T06:00:00+0200,210.0,EUR/MWh,PT,PT,imbalance_price,Short,2026-09-04T22:58:27Z
2026-09-04T22:55:56Z,2026-09-05T00:55:56+0200,b13917e3-ec31-4901-b784-2334101f7238,2026-08-29T04:15:00Z,2026-08-29T06:15:00+0200,86.15,EUR/MWh,PT,PT,imbalance_price,Long,2026-09-04T22:58:27Z
2026-09-04T22:55:56Z,2026-09-05T00:55:56+0200,b13917e3-ec31-4901-b784-2334101f7238,2026-08-29T04:15:00Z,2026-08-29T06:15:00+0200,210.48,EUR/MWh,PT,PT,imbalance_price,Short,2026-09-04T22:58:27Z
2026-09-04T22:55:56Z,2026-09-05T00:55:56+0200,b13917e3-ec31-4901-b784-2334101f7238,2026-08-29T04:30:00Z,2026-08-29T06:30:00+0200,86.15,EUR/MWh,PT,PT,imbalance_price,Long,2026-09-04T22:58:27Z
2026-09-04T22:55:56Z,2026-09-05T00:55:56+0200,b13917e3-ec31-4901-b784-2334101f7238,2026-08-29T04:30:00Z,2026-08-29T06:30:00+0200,211.08,EUR/MWh,PT,PT,imbalance_price,Short,2026-09-04T22:58:27Z
2026-09-04T22:55:56Z,2026-09-05T00:55:56+0200,b13917e3-ec31-4901-b784-2334101f7238,2026-08-29T04:45:00Z,2026-08-29T06:45:00+0200,120.0,EUR/MWh,PT,PT,imbalance_price,Long,2026-09-04T22:58:27Z
2026-09-04T22:55:56Z,2026-09-05T00:55:56+0200,b13917e3-ec31-4901-b784-2334101f7238,2026-08-29T04:45:00Z,2026-08-29T06:45:00+0200,211.08,EUR/MWh,PT,PT,imbalance_price,Short,2026-09-04T22:58:27Z
2026-09-04T22:55:56Z,2026-09-05T00:55:56+0200,b13917e3-ec31-4901-b784-2334101f7238,2026-08-29T05:00:00Z,2026-08-29T07:00:00+0200,82.89,EUR/MWh,PT,PT,imbalance_price,Long,2026-09-04T22:58:27Z
2026-09-04T22:55:56Z,2026-09-05T00:55:56+0200,b13917e3-ec31-4901-b784-2334101f7238,2026-08-29T05:00:00Z,2026-08-29T07:00:00+0200,213.84,EUR/MWh,PT,PT,imbalance_price,Short,2026-09-04T22:58:27Z
2026-09-04T22:55:56Z,2026-09-05T00:55:56+0200,b13917e3-ec31-4901-b784-2334101f7238,2026-08-29T05:15:00Z,2026-08-29T07:15:00+0200,120.0,EUR/MWh,PT,PT,imbalance_price,Long,2026-09-04T22:58:27Z
2026-09-04T22:55:56Z,2026-09-05T00:55:56+0200,b13917e3-ec31-4901-b784-2334101f7238,2026-08-29T05:15:00Z,2026-08-29T07:15:00+0200,213.17,EUR/MWh,PT,PT,imbalance_price,Short,2026-09-04T22:58:27Z
2026-09-04T22:55:56Z,2026-09-05T00:55:56+0200,b13917e3-ec31-4901-b784-2334101f7238,2026-08-29T05:30:00Z,2026-08-29T07:30:00+0200,120.0,EUR/MWh,PT,PT,imbalance_price,Long,2026-09-04T22:58:27Z
2026-09-04T22:55:56Z,2026-09-05T00:55:56+0200,b13917e3-ec31-4901-b784-2334101f7238,2026-08-29T05:30:00Z,2026-08-29T07:30:00+0200,120.0,EUR/MWh,PT,PT,imbalance_price,Short,2026-09-04T22:58:27Z
2026-09-04T22:55:56Z,2026-09-05T00:55:56+0200,b13917e3-ec31-4901-b784-2334101f7238,2026-08-29T05:45:00Z,2026-08-29T07:45:00+0200,139.68,EUR/MWh,PT,PT,imbalance_price,Long,2026-09-04T22:58:27Z
2026-09-04T22:55:56Z,2026-09-05T00:55:56+0200,b13917e3-ec31-4901-b784-2334101f7238,2026-08-29T05:45:00Z,2026-08-29T07:45:00+0200,139.68,EUR/MWh,PT,PT,imbalance_price,Short,2026-09-04T22:58:27Z
2026-09-04T22:55:56Z,2026-09-05T00:55:56+0200,b13917e3-ec31-4901-b784-2334101f7238,2026-08-29T06:00:00Z,2026-08-29T08:00:00+0200,146.5,EUR/MWh,PT,PT,imbalance_price,Long,2026-09-04T22:58:27Z
2026-09-04T22:55:56Z,2026-09-05T00:55:56+0200,b13917e3-ec31-4901-b784-2334101f7238,2026-08-29T06:00:00Z,2026-08-29T08:00:00+0200,209.35,EUR/MWh,PT,PT,imbalance_price,Short,2026-09-04T22:58:27Z
2026-09-04T22:55:56Z,2026-09-05T00:55:56+0200,b13917e3-ec31-4901-b784-2334101f7238,2026-08-29T06:15:00Z,2026-08-29T08:15:00+0200,141.87,EUR/MWh,PT,PT,imbalance_price,Long,2026-09-04T22:58:27Z
2026-09-04T22:55:56Z,2026-09-05T00:55:56+0200,b13917e3-ec31-4901-b784-2334101f7238,2026-08-29T06:15:00Z,2026-08-29T08:15:00+0200,171.8,EUR/MWh,PT,PT,imbalance_price,Short,2026-09-04T22:58:27Z
2026-09-04T22:55:56Z,2026-09-05T00:55:56+0200,b13917e3-ec31-4901-b784-2334101f7238,2026-08-29T06:30:00Z,2026-08-29T08:30:00+0200,112.06,EUR/MWh,PT,PT,imbalance_price,Long,2026-09-04T22:58:27Z
2026-09-04T22:55:56Z,2026-09-05T00:55:56+0200,b13917e3-ec31-4901-b784-2334101f7238,2026-08-29T06:30:00Z,2026-08-29T08:30:00+0200,112.06,EUR/MWh,PT,PT,imbalance_price,Short,2026-09-04T22:58:27Z
2026-09-04T22:55:56Z,2026-09-05T00:55:56+0200,b13917e3-ec31-4901-b784-2334101f7238,2026-08-29T06:45:00Z,2026-08-29T08:45:00+0200,13.91,EUR/MWh,PT,PT,imbalance_price,Long,2026-09-04T22:58:27Z
2026-09-04T22:55:56Z,2026-09-05T00:55:56+0200,b13917e3-ec31-4901-b784-2334101f7238,2026-08-29T06:45:00Z,2026-08-29T08:45:00+0200,97.3,EUR/MWh,PT,PT,imbalance_price,Short,2026-09-04T22:58:27Z
2026-09-04T22:55:56Z,2026-09-05T00:55:56+0200,b13917e3-ec31-4901-b784-2334101f7238,2026-08-29T07:00:00Z,2026-08-29T09:00:00+0200,0.0,EUR/MWh,PT,PT,imbalance_price,Long,2026-09-04T22:58:27Z
2026-09-04T22:55:56Z,2026-09-05T00:55:56+0200,b13917e3-ec31-4901-b784-2334101f7238,2026-08-29T07:00:00Z,2026-08-29T09:00:00+0200,0.0,EUR/MWh,PT,PT,imbalance_price,Short,2026-09-04T22:58:27Z
2026-09-04T22:55:56Z,2026-09-05T00:55:56+0200,b13917e3-ec31-4901-b784-2334101f7238,2026-08-29T07:15:00Z,2026-08-29T09:15:00+0200,-10.49,EUR/MWh,PT,PT,imbalance_price,Long,2026-09-04T22:58:27Z
2026-09-04T22:55:56Z,2026-09-05T00:55:56+0200,b13917e3-ec31-4901-b784-2334101f7238,2026-08-29T07:15:00Z,2026-08-29T09:15:00+0200,-10.49,EUR/MWh,PT,PT,imbalance_price,Short,2026-09-04T22:58:27Z
2026-09-04T22:55:56Z,2026-09-05T00:55:56+0200,b13917e3-ec31-4901-b784-2334101f7238,2026-08-29T07:30:00Z,2026-08-29T09:30:00+0200,-12.49,EUR/MWh,PT,PT,imbalance_price,Long,2026-09-04T22:58:27Z
2026-09-04T22:55:56Z,2026-09-05T00:55:56+0200,b13917e3-ec31-4901-b784-2334101f7238,2026-08-29T07:30:00Z,2026-08-29T09:30:00+0200,-12.49,EUR/MWh,PT,PT,imbalance_price,Short,2026-09-04T22:58:27Z
2026-09-04T22:55:56Z,2026-09-05T00:55:56+0200,b13917e3-ec31-4901-b784-2334101f7238,2026-08-29T07:45:00Z,2026-08-29T09:45:00+0200,-15.0,EUR/MWh,PT,PT,imbalance_price,Long,2026-09-04T22:58:27Z
2026-09-04T22:55:56Z,2026-09-05T00:55:56+0200,b13917e3-ec31-4901-b784-2334101f7238,2026-08-29T07:45:00Z,2026-08-29T09:45:00+0200,-15.0,EUR/MWh,PT,PT,imbalance_price,Short,2026-09-04T22:58:27Z
2026-09-04T22:55:56Z,2026-09-05T00:55:56+0200,b13917e3-ec31-4901-b784-2334101f7238,2026-08-29T08:00:00Z,2026-08-29T10:00:00+0200,-3.0,EUR/MWh,PT,PT,imbalance_price,Long,2026-09-04T22:58:27Z
2026-09-04T22:55:56Z,2026-09-05T00:55:56+0200,b13917e3-ec31-4901-b784-2334101f7238,2026-08-29T08:00:00Z,2026-08-29T10:00:00+0200,-3.0,EUR/MWh,PT,PT,imbalance_price,Short,2026-09-04T22:58:27Z
2026-09-04T22:55:56Z,2026-09-05T00:55:56+0200,b13917e3-ec31-4901-b784-2334101f7238,2026-08-29T08:15:00Z,2026-08-29T10:15:00+0200,-2.5,EUR/MWh,PT,PT,imbalance_price,Long,2026-09-04T22:58:27Z
2026-09-04T22:55:56Z,2026-09-05T00:55:56+0200,b13917e3-ec31-4901-b784-2334101f7238,2026-08-29T08:15:00Z,2026-08-29T10:15:00+0200,-2.5,EUR/MWh,PT,PT,imbalance_price,Short,2026-09-04T22:58:27Z
2026-09-04T22:55:56Z,2026-09-05T00:55:56+0200,b13917e3-ec31-4901-b784-2334101f7238,2026-08-29T08:30:00Z,2026-08-29T10:30:00+0200,-3.0,EUR/MWh,PT,PT,imbalance_price,Long,2026-09-04T22:58:27Z
2026-09-04T22:55:56Z,2026-09-05T00:55:56+0200,b13917e3-ec31-4901-b784-2334101f7238,2026-08-29T08:30:00Z,2026-08-29T10:30:00+0200,-3.0,EUR/MWh,PT,PT,imbalance_price,Short,2026-09-04T22:58:27Z
2026-09-04T22:55:56Z,2026-09-05T00:55:56+0200,b13917e3-ec31-4901-b784-2334101f7238,2026-08-29T08:45:00Z,2026-08-29T10:45:00+0200,-4.01,EUR/MWh,PT,PT,imbalance_price,Long,2026-09-04T22:58:27Z
2026-09-04T22:55:56Z,2026-09-05T00:55:56+0200,b13917e3-ec31-4901-b784-2334101f7238,2026-08-29T08:45:00Z,2026-08-29T10:45:00+0200,-4.01,EUR/MWh,PT,PT,imbalance_price,Short,2026-09-04T22:58:27Z
2026-09-04T22:55:56Z,2026-09-05T00:55:56+0200,b13917e3-ec31-4901-b784-2334101f7238,2026-08-29T09:00:00Z,2026-08-29T11:00:00+0200,-2.01,EUR/MWh,PT,PT,imbalance_price,Long,2026-09-04T22:58:27Z
2026-09-04T22:55:56Z,2026-09-05T00:55:56+0200,b13917e3-ec31-4901-b784-2334101f7238,2026-08-29T09:00:00Z,2026-08-29T11:00:00+0200,-2.01,EUR/MWh,PT,PT,imbalance_price,Short,2026-09-04T22:58:27Z
2026-09-04T22:55:56Z,2026-09-05T00:55:56+0200,b13917e3-ec31-4901-b784-2334101f7238,2026-08-29T09:15:00Z,2026-08-29T11:15:00+0200,-2.5,EUR/MWh,PT,PT,imbalance_price,Long,2026-09-04T22:58:27Z
2026-09-04T22:55:56Z,2026-09-05T00:55:56+0200,b13917e3-ec31-4901-b784-2334101f7238,2026-08-29T09:15:00Z,2026-08-29T11:15:00+0200,-2.5,EUR/MWh,PT,PT,imbalance_price,Short,2026-09-04T22:58:27Z
2026-09-04T22:55:56Z,2026-09-05T00:55:56+0200,b13917e3-ec31-4901-b784-2334101f7238,2026-08-29T09:30:00Z,2026-08-29T11:30:00+0200,-2.5,EUR/MWh,PT,PT,imbalance_price,Long,2026-09-04T22:58:27Z
2026-09-04T22:55:56Z,2026-09-05T00:55:56+0200,b13917e3-ec31-4901-b784-2334101f7238,2026-08-29T09:30:00Z,2026-08-29T11:30:00+0200,-2.5,EUR/MWh,PT,PT,imbalance_price,Short,2026-09-04T22:58:27Z
2026-09-04T22:55:56Z,2026-09-05T00:55:56+0200,b13917e3-ec31-4901-b784-2334101f7238,2026-08-29T09:45:00Z,2026-08-29T11:45:00+0200,-2.01,EUR/MWh,PT,PT,imbalance_price,Long,2026-09-04T22:58:27Z
2026-09-04T22:55:56Z,2026-09-05T00:55:56+0200,b13917e3-ec31-4901-b784-2334101f7238,2026-08-29T09:45:00Z,2026-08-29T11:45:00+0200,-2.01,EUR/MWh,PT,PT,imbalance_price,Short,2026-09-04T22:58:27Z
2026-09-04T22:55:56Z,2026-09-05T00:55:56+0200,b13917e3-ec31-4901-b784-2334101f7238,2026-08-29T10:00:00Z,2026-08-29T12:00:00+0200,-2.5,EUR/MWh,PT,PT,imbalance_price,Long,2026-09-04T22:58:27Z
2026-09-04T22:55:56Z,2026-09-05T00:55:56+0200,b13917e3-ec31-4901-b784-2334101f7238,2026-08-29T10:00:00Z,2026-08-29T12:00:00+0200,-2.5,EUR/MWh,PT,PT,imbalance_price,Short,2026-09-04T22:58:27Z
2026-09-04T22:55:56Z,2026-09-05T00:55:56+0200,b13917e3-ec31-4901-b784-2334101f7238,2026-08-29T10:15:00Z,2026-08-29T12:15:00+0200,-2.01,EUR/MWh,PT,PT,imbalance_price,Long,2026-09-04T22:58:27Z
2026-09-04T22:55:56Z,2026-09-05T00:55:56+0200,b13917e3-ec31-4901-b784-2334101f7238,2026-08-29T10:15:00Z,2026-08-29T12:15:00+0200,-0.61,EUR/MWh,PT,PT,imbalance_price,Short,2026-09-04T22:58:27Z
2026-09-04T22:55:56Z,2026-09-05T00:55:56+0200,b13917e3-ec31-4901-b784-2334101f7238,2026-08-29T10:30:00Z,2026-08-29T12:30:00+0200,-2.0,EUR/MWh,PT,PT,imbalance_price,Long,2026-09-04T22:58:27Z
2026-09-04T22:55:56Z,2026-09-05T00:55:56+0200,b13917e3-ec31-4901-b784-2334101f7238,2026-08-29T10:30:00Z,2026-08-29T12:30:00+0200,-0.6,EUR/MWh,PT,PT,imbalance_price,Short,2026-09-04T22:58:27Z
2026-09-04T22:55:56Z,2026-09-05T00:55:56+0200,b13917e3-ec31-4901-b784-2334101f7238,2026-08-29T10:45:00Z,2026-08-29T12:45:00+0200,-0.7,EUR/MWh,PT,PT,imbalance_price,Long,2026-09-04T22:58:27Z
2026-09-04T22:55:56Z,2026-09-05T00:55:56+0200,b13917e3-ec31-4901-b784-2334101f7238,2026-08-29T10:45:00Z,2026-08-29T12:45:00+0200,-0.6,EUR/MWh,PT,PT,imbalance_price,Short,2026-09-04T22:58:27Z
2026-09-04T22:55:56Z,2026-09-05T00:55:56+0200,b13917e3-ec31-4901-b784-2334101f7238,2026-08-29T11:00:00Z,2026-08-29T13:00:00+0200,-0.7,EUR/MWh,PT,PT,imbalance_price,Long,2026-09-04T22:58:27Z
2026-09-04T22:55:56Z,2026-09-05T00:55:56+0200,b13917e3-ec31-4901-b784-2334101f7238,2026-08-29T11:00:00Z,2026-08-29T13:00:00+0200,-0.7,EUR/MWh,PT,PT,imbalance_price,Short,2026-09-04T22:58:27Z
2026-09-04T22:55:56Z,2026-09-05T00:55:56+0200,b13917e3-ec31-4901-b784-2334101f7238,2026-08-29T11:15:00Z,2026-08-29T13:15:00+0200,-2.01,EUR/MWh,PT,PT,imbalance_price,Long,2026-09-04T22:58:27Z
2026-09-04T22:55:56Z,2026-09-05T00:55:56+0200,b13917e3-ec31-4901-b784-2334101f7238,2026-08-29T11:15:00Z,2026-08-29T13:15:00+0200,-2.01,EUR/MWh,PT,PT,imbalance_price,Short,2026-09-04T22:58:27Z
2026-09-04T22:55:56Z,2026-09-05T00:55:56+0200,b13917e3-ec31-4901-b784-2334101f7238,2026-08-29T11:30:00Z,2026-08-29T13:30:00+0200,-2.01,EUR/MWh,PT,PT,imbalance_price,Long,2026-09-04T22:58:27Z
2026-09-04T22:55:56Z,2026-09-05T00:55:56+0200,b13917e3-ec31-4901-b784-2334101f7238,2026-08-29T11:30:00Z,2026-08-29T13:30:00+0200,-2.01,EUR/MWh,PT,PT,imbalance_price,Short,2026-09-04T22:58:27Z
2026-09-04T22:55:56Z,2026-09-05T00:55:56+0200,b13917e3-ec31-4901-b784-2334101f7238,2026-08-29T11:45:00Z,2026-08-29T13:45:00+0200,-2.01,EUR/MWh,PT,PT,imbalance_price,Long,2026-09-04T22:58:27Z
2026-09-04T22:55:56Z,2026-09-05T00:55:56+0200,b13917e3-ec31-4901-b784-2334101f7238,2026-08-29T11:45:00Z,2026-08-29T13:45:00+0200,-2.01,EUR/MWh,PT,PT,imbalance_price,Short,2026-09-04T22:58:27Z
2026-09-04T22:55:56Z,2026-09-05T00:55:56+0200,b13917e3-ec31-4901-b784-2334101f7238,2026-08-29T12:00:00Z,2026-08-29T14:00:00+0200,-2.0,EUR/MWh,PT,PT,imbalance_price,Long,2026-09-04T22:58:27Z
2026-09-04T22:55:56Z,2026-09-05T00:55:56+0200,b13917e3-ec31-4901-b784-2334101f7238,2026-08-29T12:00:00Z,2026-08-29T14:00:00+0200,-2.0,EUR/MWh,PT,PT,imbalance_price,Short,2026-09-04T22:58:27Z
2026-09-04T22:55:56Z,2026-09-05T00:55:56+0200,b13917e3-ec31-4901-b784-2334101f7238,2026-08-29T12:15:00Z,2026-08-29T14:15:00+0200,-2.01,EUR/MWh,PT,PT,imbalance_price,Long,2026-09-04T22:58:27Z
2026-09-04T22:55:56Z,2026-09-05T00:55:56+0200,b13917e3-ec31-4901-b784-2334101f7238,2026-08-29T12:15:00Z,2026-08-29T14:15:00+0200,-2.01,EUR/MWh,PT,PT,imbalance_price,Short,2026-09-04T22:58:27Z
2026-09-04T22:55:56Z,2026-09-05T00:55:56+0200,b13917e3-ec31-4901-b784-2334101f7238,2026-08-29T12:30:00Z,2026-08-29T14:30:00+0200,-2.01,EUR/MWh,PT,PT,imbalance_price,Long,2026-09-04T22:58:27Z
2026-09-04T22:55:56Z,2026-09-05T00:55:56+0200,b13917e3-ec31-4901-b784-2334101f7238,2026-08-29T12:30:00Z,2026-08-29T14:30:00+0200,-2.01,EUR/MWh,PT,PT,imbalance_price,Short,2026-09-04T22:58:27Z
2026-09-04T22:55:56Z,2026-09-05T00:55:56+0200,b13917e3-ec31-4901-b784-2334101f7238,2026-08-29T12:45:00Z,2026-08-29T14:45:00+0200,-2.01,EUR/MWh,PT,PT,imbalance_price,Long,2026-09-04T22:58:27Z
2026-09-04T22:55:56Z,2026-09-05T00:55:56+0200,b13917e3-ec31-4901-b784-2334101f7238,2026-08-29T12:45:00Z,2026-08-29T14:45:00+0200,-2.01,EUR/MWh,PT,PT,imbalance_price,Short,2026-09-04T22:58:27Z
2026-09-04T22:55:56Z,2026-09-05T00:55:56+0200,b13917e3-ec31-4901-b784-2334101f7238,2026-08-29T13:00:00Z,2026-08-29T15:00:00+0200,-2.01,EUR/MWh,PT,PT,imbalance_price,Long,2026-09-04T22:58:27Z
2026-09-04T22:55:56Z,2026-09-05T00:55:56+0200,b13917e3-ec31-4901-b784-2334101f7238,2026-08-29T13:00:00Z,2026-08-29T15:00:00+0200,-2.01,EUR/MWh,PT,PT,imbalance_price,Short,2026-09-04T22:58:27Z
2026-09-04T22:55:56Z,2026-09-05T00:55:56+0200,b13917e3-ec31-4901-b784-2334101f7238,2026-08-29T13:15:00Z,2026-08-29T15:15:00+0200,-2.01,EUR/MWh,PT,PT,imbalance_price,Long,2026-09-04T22:58:27Z
2026-09-04T22:55:56Z,2026-09-05T00:55:56+0200,b13917e3-ec31-4901-b784-2334101f7238,2026-08-29T13:15:00Z,2026-08-29T15:15:00+0200,-2.01,EUR/MWh,PT,PT,imbalance_price,Short,2026-09-04T22:58:27Z
2026-09-04T22:55:56Z,2026-09-05T00:55:56+0200,b13917e3-ec31-4901-b784-2334101f7238,2026-08-29T13:30:00Z,2026-08-29T15:30:00+0200,-2.01,EUR/MWh,PT,PT,imbalance_price,Long,2026-09-04T22:58:27Z
2026-09-04T22:55:56Z,2026-09-05T00:55:56+0200,b13917e3-ec31-4901-b784-2334101f7238,2026-08-29T13:30:00Z,2026-08-29T15:30:00+0200,-2.01,EUR/MWh,PT,PT,imbalance_price,Short,2026-09-04T22:58:27Z
2026-09-04T22:55:56Z,2026-09-05T00:55:56+0200,b13917e3-ec31-4901-b784-2334101f7238,2026-08-29T13:45:00Z,2026-08-29T15:45:00+0200,-2.5,EUR/MWh,PT,PT,imbalance_price,Long,2026-09-04T22:58:27Z
2026-09-04T22:55:56Z,2026-09-05T00:55:56+0200,b13917e3-ec31-4901-b784-2334101f7238,2026-08-29T13:45:00Z,2026-08-29T15:45:00+0200,-2.5,EUR/MWh,PT,PT,imbalance_price,Short,2026-09-04T22:58:27Z
2026-09-04T22:55:56Z,2026-09-05T00:55:56+0200,b13917e3-ec31-4901-b784-2334101f7238,2026-08-29T14:00:00Z,2026-08-29T16:00:00+0200,-3.0,EUR/MWh,PT,PT,imbalance_price,Long,2026-09-04T22:58:27Z
2026-09-04T22:55:56Z,2026-09-05T00:55:56+0200,b13917e3-ec31-4901-b784-2334101f7238,2026-08-29T14:00:00Z,2026-08-29T16:00:00+0200,-3.0,EUR/MWh,PT,PT,imbalance_price,Short,2026-09-04T22:58:27Z
2026-09-04T22:55:56Z,2026-09-05T00:55:56+0200,b13917e3-ec31-4901-b784-2334101f7238,2026-08-29T14:15:00Z,2026-08-29T16:15:00+0200,-3.5,EUR/MWh,PT,PT,imbalance_price,Long,2026-09-04T22:58:27Z
2026-09-04T22:55:56Z,2026-09-05T00:55:56+0200,b13917e3-ec31-4901-b784-2334101f7238,2026-08-29T14:15:00Z,2026-08-29T16:15:00+0200,-3.5,EUR/MWh,PT,PT,imbalance_price,Short,2026-09-04T22:58:27Z
2026-09-04T22:55:56Z,2026-09-05T00:55:56+0200,b13917e3-ec31-4901-b784-2334101f7238,2026-08-29T14:30:00Z,2026-08-29T16:30:00+0200,-2.5,EUR/MWh,PT,PT,imbalance_price,Long,2026-09-04T22:58:27Z
2026-09-04T22:55:56Z,2026-09-05T00:55:56+0200,b13917e3-ec31-4901-b784-2334101f7238,2026-08-29T14:30:00Z,2026-08-29T16:30:00+0200,-2.5,EUR/MWh,PT,PT,imbalance_price,Short,2026-09-04T22:58:27Z
2026-09-04T22:55:56Z,2026-09-05T00:55:56+0200,b13917e3-ec31-4901-b784-2334101f7238,2026-08-29T14:45:00Z,2026-08-29T16:45:00+0200,-3.0,EUR/MWh,PT,PT,imbalance_price,Long,2026-09-04T22:58:27Z
2026-09-04T22:55:56Z,2026-09-05T00:55:56+0200,b13917e3-ec31-4901-b784-2334101f7238,2026-08-29T14:45:00Z,2026-08-29T16:45:00+0200,-3.0,EUR/MWh,PT,PT,imbalance_price,Short,2026-09-04T22:58:27Z
2026-09-04T22:55:56Z,2026-09-05T00:55:56+0200,b13917e3-ec31-4901-b784-2334101f7238,2026-08-29T15:00:00Z,2026-08-29T17:00:00+0200,-3.01,EUR/MWh,PT,PT,imbalance_price,Long,2026-09-04T22:58:27Z
2026-09-04T22:55:56Z,2026-09-05T00:55:56+0200,b13917e3-ec31-4901-b784-2334101f7238,2026-08-29T15:00:00Z,2026-08-29T17:00:00+0200,-3.01,EUR/MWh,PT,PT,imbalance_price,Short,2026-09-04T22:58:27Z
2026-09-04T22:55:56Z,2026-09-05T00:55:56+0200,b13917e3-ec31-4901-b784-2334101f7238,2026-08-29T15:15:00Z,2026-08-29T17:15:00+0200,-3.0,EUR/MWh,PT,PT,imbalance_price,Long,2026-09-04T22:58:27Z
2026-09-04T22:55:56Z,2026-09-05T00:55:56+0200,b13917e3-ec31-4901-b784-2334101f7238,2026-08-29T15:15:00Z,2026-08-29T17:15:00+0200,-3.0,EUR/MWh,PT,PT,imbalance_price,Short,2026-09-04T22:58:27Z
2026-09-04T22:55:56Z,2026-09-05T00:55:56+0200,b13917e3-ec31-4901-b784-2334101f7238,2026-08-29T15:30:00Z,2026-08-29T17:30:00+0200,-3.0,EUR/MWh,PT,PT,imbalance_price,Long,2026-09-04T22:58:27Z
2026-09-04T22:55:56Z,2026-09-05T00:55:56+0200,b13917e3-ec31-4901-b784-2334101f7238,2026-08-29T15:30:00Z,2026-08-29T17:30:00+0200,-3.0,EUR/MWh,PT,PT,imbalance_price,Short,2026-09-04T22:58:27Z
2026-09-04T22:55:56Z,2026-09-05T00:55:56+0200,b13917e3-ec31-4901-b784-2334101f7238,2026-08-29T15:45:00Z,2026-08-29T17:45:00+0200,-3.0,EUR/MWh,PT,PT,imbalance_price,Long,2026-09-04T22:58:27Z
2026-09-04T22:55:56Z,2026-09-05T00:55:56+0200,b13917e3-ec31-4901-b784-2334101f7238,2026-08-29T15:45:00Z,2026-08-29T17:45:00+0200,-3.0,EUR/MWh,PT,PT,imbalance_price,Short,2026-09-04T22:58:27Z
2026-09-04T22:55:56Z,2026-09-05T00:55:56+0200,b13917e3-ec31-4901-b784-2334101f7238,2026-08-29T16:00:00Z,2026-08-29T18:00:00+0200,-6.0,EUR/MWh,PT,PT,imbalance_price,Long,2026-09-04T22:58:27Z
2026-09-04T22:55:56Z,2026-09-05T00:55:56+0200,b13917e3-ec31-4901-b784-2334101f7238,2026-08-29T16:00:00Z,2026-08-29T18:00:00+0200,-6.0,EUR/MWh,PT,PT,imbalance_price,Short,2026-09-04T22:58:27Z
2026-09-04T22:55:56Z,2026-09-05T00:55:56+0200,b13917e3-ec31-4901-b784-2334101f7238,2026-08-29T16:15:00Z,2026-08-29T18:15:00+0200,-2.01,EUR/MWh,PT,PT,imbalance_price,Long,2026-09-04T22:58:27Z
2026-09-04T22:55:56Z,2026-09-05T00:55:56+0200,b13917e3-ec31-4901-b784-2334101f7238,2026-08-29T16:15:00Z,2026-08-29T18:15:00+0200,-2.01,EUR/MWh,PT,PT,imbalance_price,Short,2026-09-04T22:58:27Z
2026-09-04T22:55:56Z,2026-09-05T00:55:56+0200,b13917e3-ec31-4901-b784-2334101f7238,2026-08-29T16:30:00Z,2026-08-29T18:30:00+0200,0.65,EUR/MWh,PT,PT,imbalance_price,Long,2026-09-04T22:58:27Z
2026-09-04T22:55:56Z,2026-09-05T00:55:56+0200,b13917e3-ec31-4901-b784-2334101f7238,2026-08-29T16:30:00Z,2026-08-29T18:30:00+0200,0.65,EUR/MWh,PT,PT,imbalance_price,Short,2026-09-04T22:58:27Z
2026-09-04T22:55:56Z,2026-09-05T00:55:56+0200,b13917e3-ec31-4901-b784-2334101f7238,2026-08-29T16:45:00Z,2026-08-29T18:45:00+0200,20.11,EUR/MWh,PT,PT,imbalance_price,Long,2026-09-04T22:58:27Z
2026-09-04T22:55:56Z,2026-09-05T00:55:56+0200,b13917e3-ec31-4901-b784-2334101f7238,2026-08-29T16:45:00Z,2026-08-29T18:45:00+0200,20.11,EUR/MWh,PT,PT,imbalance_price,Short,2026-09-04T22:58:27Z
2026-09-04T22:55:56Z,2026-09-05T00:55:56+0200,b13917e3-ec31-4901-b784-2334101f7238,2026-08-29T17:00:00Z,2026-08-29T19:00:00+0200,3.11,EUR/MWh,PT,PT,imbalance_price,Long,2026-09-04T22:58:27Z
2026-09-04T22:55:56Z,2026-09-05T00:55:56+0200,b13917e3-ec31-4901-b784-2334101f7238,2026-08-29T17:00:00Z,2026-08-29T19:00:00+0200,39.66,EUR/MWh,PT,PT,imbalance_price,Short,2026-09-04T22:58:27Z
2026-09-04T22:55:56Z,2026-09-05T00:55:56+0200,b13917e3-ec31-4901-b784-2334101f7238,2026-08-29T17:15:00Z,2026-08-29T19:15:00+0200,38.05,EUR/MWh,PT,PT,imbalance_price,Long,2026-09-04T22:58:27Z
2026-09-04T22:55:56Z,2026-09-05T00:55:56+0200,b13917e3-ec31-4901-b784-2334101f7238,2026-08-29T17:15:00Z,2026-08-29T19:15:00+0200,111.96,EUR/MWh,PT,PT,imbalance_price,Short,2026-09-04T22:58:27Z
2026-09-04T22:55:56Z,2026-09-05T00:55:56+0200,b13917e3-ec31-4901-b784-2334101f7238,2026-08-29T17:30:00Z,2026-08-29T19:30:00+0200,68.57,EUR/MWh,PT,PT,imbalance_price,Long,2026-09-04T22:58:27Z
2026-09-04T22:55:56Z,2026-09-05T00:55:56+0200,b13917e3-ec31-4901-b784-2334101f7238,2026-08-29T17:30:00Z,2026-08-29T19:30:00+0200,147.96,EUR/MWh,PT,PT,imbalance_price,Short,2026-09-04T22:58:27Z
2026-09-04T22:55:56Z,2026-09-05T00:55:56+0200,b13917e3-ec31-4901-b784-2334101f7238,2026-08-29T17:45:00Z,2026-08-29T19:45:00+0200,77.75,EUR/MWh,PT,PT,imbalance_price,Long,2026-09-04T22:58:27Z
2026-09-04T22:55:56Z,2026-09-05T00:55:56+0200,b13917e3-ec31-4901-b784-2334101f7238,2026-08-29T17:45:00Z,2026-08-29T19:45:00+0200,180.72,EUR/MWh,PT,PT,imbalance_price,Short,2026-09-04T22:58:27Z
2026-09-04T22:55:56Z,2026-09-05T00:55:56+0200,b13917e3-ec31-4901-b784-2334101f7238,2026-08-29T18:00:00Z,2026-08-29T20:00:00+0200,72.07,EUR/MWh,PT,PT,imbalance_price,Long,2026-09-04T22:58:27Z
2026-09-04T22:55:56Z,2026-09-05T00:55:56+0200,b13917e3-ec31-4901-b784-2334101f7238,2026-08-29T18:00:00Z,2026-08-29T20:00:00+0200,174.41,EUR/MWh,PT,PT,imbalance_price,Short,2026-09-04T22:58:27Z
2026-09-04T22:55:56Z,2026-09-05T00:55:56+0200,b13917e3-ec31-4901-b784-2334101f7238,2026-08-29T18:15:00Z,2026-08-29T20:15:00+0200,102.07,EUR/MWh,PT,PT,imbalance_price,Long,2026-09-04T22:58:27Z
2026-09-04T22:55:56Z,2026-09-05T00:55:56+0200,b13917e3-ec31-4901-b784-2334101f7238,2026-08-29T18:15:00Z,2026-08-29T20:15:00+0200,211.61,EUR/MWh,PT,PT,imbalance_price,Short,2026-09-04T22:58:27Z
2026-09-04T22:55:56Z,2026-09-05T00:55:56+0200,b13917e3-ec31-4901-b784-2334101f7238,2026-08-29T18:30:00Z,2026-08-29T20:30:00+0200,111.07,EUR/MWh,PT,PT,imbalance_price,Long,2026-09-04T22:58:27Z
2026-09-04T22:55:56Z,2026-09-05T00:55:56+0200,b13917e3-ec31-4901-b784-2334101f7238,2026-08-29T18:30:00Z,2026-08-29T20:30:00+0200,222.02,EUR/MWh,PT,PT,imbalance_price,Short,2026-09-04T22:58:27Z
2026-09-04T22:55:56Z,2026-09-05T00:55:56+0200,b13917e3-ec31-4901-b784-2334101f7238,2026-08-29T18:45:00Z,2026-08-29T20:45:00+0200,140.01,EUR/MWh,PT,PT,imbalance_price,Long,2026-09-04T22:58:27Z
2026-09-04T22:55:56Z,2026-09-05T00:55:56+0200,b13917e3-ec31-4901-b784-2334101f7238,2026-08-29T18:45:00Z,2026-08-29T20:45:00+0200,245.4,EUR/MWh,PT,PT,imbalance_price,Short,2026-09-04T22:58:27Z
2026-09-04T22:55:56Z,2026-09-05T00:55:56+0200,b13917e3-ec31-4901-b784-2334101f7238,2026-08-29T19:00:00Z,2026-08-29T21:00:00+0200,206.15,EUR/MWh,PT,PT,imbalance_price,Long,2026-09-04T22:58:27Z
2026-09-04T22:55:56Z,2026-09-05T00:55:56+0200,b13917e3-ec31-4901-b784-2334101f7238,2026-08-29T19:00:00Z,2026-08-29T21:00:00+0200,245.98,EUR/MWh,PT,PT,imbalance_price,Short,2026-09-04T22:58:27Z
2026-09-04T22:55:56Z,2026-09-05T00:55:56+0200,b13917e3-ec31-4901-b784-2334101f7238,2026-08-29T19:15:00Z,2026-08-29T21:15:00+0200,190.68,EUR/MWh,PT,PT,imbalance_price,Long,2026-09-04T22:58:27Z
2026-09-04T22:55:56Z,2026-09-05T00:55:56+0200,b13917e3-ec31-4901-b784-2334101f7238,2026-08-29T19:15:00Z,2026-08-29T21:15:00+0200,258.0,EUR/MWh,PT,PT,imbalance_price,Short,2026-09-04T22:58:27Z
2026-09-04T22:55:56Z,2026-09-05T00:55:56+0200,b13917e3-ec31-4901-b784-2334101f7238,2026-08-29T19:30:00Z,2026-08-29T21:30:00+0200,211.58,EUR/MWh,PT,PT,imbalance_price,Long,2026-09-04T22:58:27Z
2026-09-04T22:55:56Z,2026-09-05T00:55:56+0200,b13917e3-ec31-4901-b784-2334101f7238,2026-08-29T19:30:00Z,2026-08-29T21:30:00+0200,211.58,EUR/MWh,PT,PT,imbalance_price,Short,2026-09-04T22:58:27Z
2026-09-04T22:55:56Z,2026-09-05T00:55:56+0200,b13917e3-ec31-4901-b784-2334101f7238,2026-08-29T19:45:00Z,2026-08-29T21:45:00+0200,175.25,EUR/MWh,PT,PT,imbalance_price,Long,2026-09-04T22:58:27Z
2026-09-04T22:55:56Z,2026-09-05T00:55:56+0200,b13917e3-ec31-4901-b784-2334101f7238,2026-08-29T19:45:00Z,2026-08-29T21:45:00+0200,175.25,EUR/MWh,PT,PT,imbalance_price,Short,2026-09-04T22:58:27Z
2026-09-04T22:55:56Z,2026-09-05T00:55:56+0200,b13917e3-ec31-4901-b784-2334101f7238,2026-08-29T20:00:00Z,2026-08-29T22:00:00+0200,202.37,EUR/MWh,PT,PT,imbalance_price,Long,2026-09-04T22:58:27Z
2026-09-04T22:55:56Z,2026-09-05T00:55:56+0200,b13917e3-ec31-4901-b784-2334101f7238,2026-08-29T20:00:00Z,2026-08-29T22:00:00+0200,260.4,EUR/MWh,PT,PT,imbalance_price,Short,2026-09-04T22:58:27Z
2026-09-04T22:55:56Z,2026-09-05T00:55:56+0200,b13917e3-ec31-4901-b784-2334101f7238,2026-08-29T20:15:00Z,2026-08-29T22:15:00+0200,154.03,EUR/MWh,PT,PT,imbalance_price,Long,2026-09-04T22:58:27Z
2026-09-04T22:55:56Z,2026-09-05T00:55:56+0200,b13917e3-ec31-4901-b784-2334101f7238,2026-08-29T20:15:00Z,2026-08-29T22:15:00+0200,258.0,EUR/MWh,PT,PT,imbalance_price,Short,2026-09-04T22:58:27Z
2026-09-04T22:55:56Z,2026-09-05T00:55:56+0200,b13917e3-ec31-4901-b784-2334101f7238,2026-08-29T20:30:00Z,2026-08-29T22:30:00+0200,203.18,EUR/MWh,PT,PT,imbalance_price,Long,2026-09-04T22:58:27Z
2026-09-04T22:55:56Z,2026-09-05T00:55:56+0200,b13917e3-ec31-4901-b784-2334101f7238,2026-08-29T20:30:00Z,2026-08-29T22:30:00+0200,246.0,EUR/MWh,PT,PT,imbalance_price,Short,2026-09-04T22:58:27Z
2026-09-04T22:55:56Z,2026-09-05T00:55:56+0200,b13917e3-ec31-4901-b784-2334101f7238,2026-08-29T20:45:00Z,2026-08-29T22:45:00+0200,185.39,EUR/MWh,PT,PT,imbalance_price,Long,2026-09-04T22:58:27Z
2026-09-04T22:55:56Z,2026-09-05T00:55:56+0200,b13917e3-ec31-4901-b784-2334101f7238,2026-08-29T20:45:00Z,2026-08-29T22:45:00+0200,185.39,EUR/MWh,PT,PT,imbalance_price,Short,2026-09-04T22:58:27Z
2026-09-04T22:55:56Z,2026-09-05T00:55:56+0200,b13917e3-ec31-4901-b784-2334101f7238,2026-08-29T21:00:00Z,2026-08-29T23:00:00+0200,201.51,EUR/MWh,PT,PT,imbalance_price,Long,2026-09-04T22:58:27Z
2026-09-04T22:55:56Z,2026-09-05T00:55:56+0200,b13917e3-ec31-4901-b784-2334101f7238,2026-08-29T21:00:00Z,2026-08-29T23:00:00+0200,244.57,EUR/MWh,PT,PT,imbalance_price,Short,2026-09-04T22:58:27Z
2026-09-04T22:55:56Z,2026-09-05T00:55:56+0200,b13917e3-ec31-4901-b784-2334101f7238,2026-08-29T21:15:00Z,2026-08-29T23:15:00+0200,172.47,EUR/MWh,PT,PT,imbalance_price,Long,2026-09-04T22:58:27Z
2026-09-04T22:55:56Z,2026-09-05T00:55:56+0200,b13917e3-ec31-4901-b784-2334101f7238,2026-08-29T21:15:00Z,2026-08-29T23:15:00+0200,238.2,EUR/MWh,PT,PT,imbalance_price,Short,2026-09-04T22:58:27Z
2026-09-04T22:55:56Z,2026-09-05T00:55:56+0200,b13917e3-ec31-4901-b784-2334101f7238,2026-08-29T21:30:00Z,2026-08-29T23:30:00+0200,184.78,EUR/MWh,PT,PT,imbalance_price,Long,2026-09-04T22:58:27Z
2026-09-04T22:55:56Z,2026-09-05T00:55:56+0200,b13917e3-ec31-4901-b784-2334101f7238,2026-08-29T21:30:00Z,2026-08-29T23:30:00+0200,225.65,EUR/MWh,PT,PT,imbalance_price,Short,2026-09-04T22:58:27Z
2026-09-04T22:55:56Z,2026-09-05T00:55:56+0200,b13917e3-ec31-4901-b784-2334101f7238,2026-08-29T21:45:00Z,2026-08-29T23:45:00+0200,161.88,EUR/MWh,PT,PT,imbalance_price,Long,2026-09-04T22:58:27Z
2026-09-04T22:55:56Z,2026-09-05T00:55:56+0200,b13917e3-ec31-4901-b784-2334101f7238,2026-08-29T21:45:00Z,2026-08-29T23:45:00+0200,222.22,EUR/MWh,PT,PT,imbalance_price,Short,2026-09-04T22:58:27Z
2026-09-04T22:55:56Z,2026-09-05T00:55:56+0200,b13917e3-ec31-4901-b784-2334101f7238,2026-08-29T22:00:00Z,2026-08-30T00:00:00+0200,100.01,EUR/MWh,PT,PT,imbalance_price,Long,2026-09-04T22:58:27Z
2026-09-04T22:55:56Z,2026-09-05T00:55:56+0200,b13917e3-ec31-4901-b784-2334101f7238,2026-08-29T22:00:00Z,2026-08-30T00:00:00+0200,219.77,EUR/MWh,PT,PT,imbalance_price,Short,2026-09-04T22:58:27Z
2026-09-04T22:55:56Z,2026-09-05T00:55:56+0200,b13917e3-ec31-4901-b784-2334101f7238,2026-08-29T22:15:00Z,2026-08-30T00:15:00+0200,171.94,EUR/MWh,PT,PT,imbalance_price,Long,2026-09-04T22:58:27Z
2026-09-04T22:55:56Z,2026-09-05T00:55:56+0200,b13917e3-ec31-4901-b784-2334101f7238,2026-08-29T22:15:00Z,2026-08-30T00:15:00+0200,171.94,EUR/MWh,PT,PT,imbalance_price,Short,2026-09-04T22:58:27Z
2026-09-04T22:55:56Z,2026-09-05T00:55:56+0200,b13917e3-ec31-4901-b784-2334101f7238,2026-08-29T22:30:00Z,2026-08-30T00:30:00+0200,214.07,EUR/MWh,PT,PT,imbalance_price,Long,2026-09-04T22:58:27Z
2026-09-04T22:55:56Z,2026-09-05T00:55:56+0200,b13917e3-ec31-4901-b784-2334101f7238,2026-08-29T22:30:00Z,2026-08-30T00:30:00+0200,245.58,EUR/MWh,PT,PT,imbalance_price,Short,2026-09-04T22:58:27Z
2026-09-04T22:55:56Z,2026-09-05T00:55:56+0200,b13917e3-ec31-4901-b784-2334101f7238,2026-08-29T22:45:00Z,2026-08-30T00:45:00+0200,90.01,EUR/MWh,PT,PT,imbalance_price,Long,2026-09-04T22:58:27Z
2026-09-04T22:55:56Z,2026-09-05T00:55:56+0200,b13917e3-ec31-4901-b784-2334101f7238,2026-08-29T22:45:00Z,2026-08-30T00:45:00+0200,90.01,EUR/MWh,PT,PT,imbalance_price,Short,2026-09-04T22:58:27Z
2026-09-04T22:55:56Z,2026-09-05T00:55:56+0200,b13917e3-ec31-4901-b784-2334101f7238,2026-08-29T23:00:00Z,2026-08-30T01:00:00+0200,144.0,EUR/MWh,PT,PT,imbalance_price,Long,2026-09-04T22:58:27Z
2026-09-04T22:55:56Z,2026-09-05T00:55:56+0200,b13917e3-ec31-4901-b784-2334101f7238,2026-08-29T23:00:00Z,2026-08-30T01:00:00+0200,240.0,EUR/MWh,PT,PT,imbalance_price,Short,2026-09-04T22:58:27Z
2026-09-04T22:55:56Z,2026-09-05T00:55:56+0200,b13917e3-ec31-4901-b784-2334101f7238,2026-08-29T23:15:00Z,2026-08-30T01:15:00+0200,125.51,EUR/MWh,PT,PT,imbalance_price,Long,2026-09-04T22:58:27Z
2026-09-04T22:55:56Z,2026-09-05T00:55:56+0200,b13917e3-ec31-4901-b784-2334101f7238,2026-08-29T23:15:00Z,2026-08-30T01:15:00+0200,125.51,EUR/MWh,PT,PT,imbalance_price,Short,2026-09-04T22:58:27Z
2026-09-04T22:55:56Z,2026-09-05T00:55:56+0200,b13917e3-ec31-4901-b784-2334101f7238,2026-08-29T23:30:00Z,2026-08-30T01:30:00+0200,144.0,EUR/MWh,PT,PT,imbalance_price,Long,2026-09-04T22:58:27Z
2026-09-04T22:55:56Z,2026-09-05T00:55:56+0200,b13917e3-ec31-4901-b784-2334101f7238,2026-08-29T23:30:00Z,2026-08-30T01:30:00+0200,144.0,EUR/MWh,PT,PT,imbalance_price,Short,2026-09-04T22:58:27Z
2026-09-04T22:55:56Z,2026-09-05T00:55:56+0200,b13917e3-ec31-4901-b784-2334101f7238,2026-08-29T23:45:00Z,2026-08-30T01:45:00+0200,140.1,EUR/MWh,PT,PT,imbalance_price,Long,2026-09-04T22:58:27Z
2026-09-04T22:55:56Z,2026-09-05T00:55:56+0200,b13917e3-ec31-4901-b784-2334101f7238,2026-08-29T23:45:00Z,2026-08-30T01:45:00+0200,140.1,EUR/MWh,PT,PT,imbalance_price,Short,2026-09-04T22:58:27Z
2026-09-04T22:55:56Z,2026-09-05T00:55:56+0200,b13917e3-ec31-4901-b784-2334101f7238,2026-08-30T00:00:00Z,2026-08-30T02:00:00+0200,120.0,EUR/MWh,PT,PT,imbalance_price,Long,2026-09-04T22:58:27Z
2026-09-04T22:55:56Z,2026-09-05T00:55:56+0200,b13917e3-ec31-4901-b784-2334101f7238,2026-08-30T00:00:00Z,2026-08-30T02:00:00+0200,216.01,EUR/MWh,PT,PT,imbalance_price,Short,2026-09-04T22:58:27Z
2026-09-04T22:55:56Z,2026-09-05T00:55:56+0200,b13917e3-ec31-4901-b784-2334101f7238,2026-08-30T00:15:00Z,2026-08-30T02:15:00+0200,115.68,EUR/MWh,PT,PT,imbalance_price,Long,2026-09-04T22:58:27Z
2026-09-04T22:55:56Z,2026-09-05T00:55:56+0200,b13917e3-ec31-4901-b784-2334101f7238,2026-08-30T00:15:00Z,2026-08-30T02:15:00+0200,214.15,EUR/MWh,PT,PT,imbalance_price,Short,2026-09-04T22:58:27Z
2026-09-04T22:55:56Z,2026-09-05T00:55:56+0200,b13917e3-ec31-4901-b784-2334101f7238,2026-08-30T00:30:00Z,2026-08-30T02:30:00+0200,115.51,EUR/MWh,PT,PT,imbalance_price,Long,2026-09-04T22:58:27Z
2026-09-04T22:55:56Z,2026-09-05T00:55:56+0200,b13917e3-ec31-4901-b784-2334101f7238,2026-08-30T00:30:00Z,2026-08-30T02:30:00+0200,212.26,EUR/MWh,PT,PT,imbalance_price,Short,2026-09-04T22:58:27Z
2026-09-04T22:55:56Z,2026-09-05T00:55:56+0200,b13917e3-ec31-4901-b784-2334101f7238,2026-08-30T00:45:00Z,2026-08-30T02:45:00+0200,115.68,EUR/MWh,PT,PT,imbalance_price,Long,2026-09-04T22:58:27Z
2026-09-04T22:55:56Z,2026-09-05T00:55:56+0200,b13917e3-ec31-4901-b784-2334101f7238,2026-08-30T00:45:00Z,2026-08-30T02:45:00+0200,212.26,EUR/MWh,PT,PT,imbalance_price,Short,2026-09-04T22:58:27Z
2026-09-04T22:55:56Z,2026-09-05T00:55:56+0200,b13917e3-ec31-4901-b784-2334101f7238,2026-08-30T01:00:00Z,2026-08-30T03:00:00+0200,115.51,EUR/MWh,PT,PT,imbalance_price,Long,2026-09-04T22:58:27Z
2026-09-04T22:55:56Z,2026-09-05T00:55:56+0200,b13917e3-ec31-4901-b784-2334101f7238,2026-08-30T01:00:00Z,2026-08-30T03:00:00+0200,210.36,EUR/MWh,PT,PT,imbalance_price,Short,2026-09-04T22:58:27Z
2026-09-04T22:55:56Z,2026-09-05T00:55:56+0200,b13917e3-ec31-4901-b784-2334101f7238,2026-08-30T01:15:00Z,2026-08-30T03:15:00+0200,119.39,EUR/MWh,PT,PT,imbalance_price,Long,2026-09-04T22:58:27Z
2026-09-04T22:55:56Z,2026-09-05T00:55:56+0200,b13917e3-ec31-4901-b784-2334101f7238,2026-08-30T01:15:00Z,2026-08-30T03:15:00+0200,210.0,EUR/MWh,PT,PT,imbalance_price,Short,2026-09-04T22:58:27Z
2026-09-04T22:55:56Z,2026-09-05T00:55:56+0200,b13917e3-ec31-4901-b784-2334101f7238,2026-08-30T01:30:00Z,2026-08-30T03:30:00+0200,115.51,EUR/MWh,PT,PT,imbalance_price,Long,2026-09-04T22:58:27Z
2026-09-04T22:55:56Z,2026-09-05T00:55:56+0200,b13917e3-ec31-4901-b784-2334101f7238,2026-08-30T01:30:00Z,2026-08-30T03:30:00+0200,115.51,EUR/MWh,PT,PT,imbalance_price,Short,2026-09-04T22:58:27Z
2026-09-04T22:55:56Z,2026-09-05T00:55:56+0200,b13917e3-ec31-4901-b784-2334101f7238,2026-08-30T01:45:00Z,2026-08-30T03:45:00+0200,115.51,EUR/MWh,PT,PT,imbalance_price,Long,2026-09-04T22:58:27Z
2026-09-04T22:55:56Z,2026-09-05T00:55:56+0200,b13917e3-ec31-4901-b784-2334101f7238,2026-08-30T01:45:00Z,2026-08-30T03:45:00+0200,207.84,EUR/MWh,PT,PT,imbalance_price,Short,2026-09-04T22:58:27Z
2026-09-04T22:55:56Z,2026-09-05T00:55:56+0200,b13917e3-ec31-4901-b784-2334101f7238,2026-08-30T02:00:00Z,2026-08-30T04:00:00+0200,114.92,EUR/MWh,PT,PT,imbalance_price,Long,2026-09-04T22:58:27Z
2026-09-04T22:55:56Z,2026-09-05T00:55:56+0200,b13917e3-ec31-4901-b784-2334101f7238,2026-08-30T02:00:00Z,2026-08-30T04:00:00+0200,205.94,EUR/MWh,PT,PT,imbalance_price,Short,2026-09-04T22:58:27Z
2026-09-04T22:55:56Z,2026-09-05T00:55:56+0200,b13917e3-ec31-4901-b784-2334101f7238,2026-08-30T02:15:00Z,2026-08-30T04:15:00+0200,110.82,EUR/MWh,PT,PT,imbalance_price,Long,2026-09-04T22:58:27Z
2026-09-04T22:55:56Z,2026-09-05T00:55:56+0200,b13917e3-ec31-4901-b784-2334101f7238,2026-08-30T02:15:00Z,2026-08-30T04:15:00+0200,110.82,EUR/MWh,PT,PT,imbalance_price,Short,2026-09-04T22:58:27Z
2026-09-04T22:55:56Z,2026-09-05T00:55:56+0200,b13917e3-ec31-4901-b784-2334101f7238,2026-08-30T02:30:00Z,2026-08-30T04:30:00+0200,115.51,EUR/MWh,PT,PT,imbalance_price,Long,2026-09-04T22:58:27Z
2026-09-04T22:55:56Z,2026-09-05T00:55:56+0200,b13917e3-ec31-4901-b784-2334101f7238,2026-08-30T02:30:00Z,2026-08-30T04:30:00+0200,115.51,EUR/MWh,PT,PT,imbalance_price,Short,2026-09-04T22:58:27Z
2026-09-04T22:55:56Z,2026-09-05T00:55:56+0200,b13917e3-ec31-4901-b784-2334101f7238,2026-08-30T02:45:00Z,2026-08-30T04:45:00+0200,100.0,EUR/MWh,PT,PT,imbalance_price,Long,2026-09-04T22:58:27Z
2026-09-04T22:55:56Z,2026-09-05T00:55:56+0200,b13917e3-ec31-4901-b784-2334101f7238,2026-08-30T02:45:00Z,2026-08-30T04:45:00+0200,100.0,EUR/MWh,PT,PT,imbalance_price,Short,2026-09-04T22:58:27Z
2026-09-04T22:55:56Z,2026-09-05T00:55:56+0200,b13917e3-ec31-4901-b784-2334101f7238,2026-08-30T03:00:00Z,2026-08-30T05:00:00+0200,114.92,EUR/MWh,PT,PT,imbalance_price,Long,2026-09-04T22:58:27Z
2026-09-04T22:55:56Z,2026-09-05T00:55:56+0200,b13917e3-ec31-4901-b784-2334101f7238,2026-08-30T03:00:00Z,2026-08-30T05:00:00+0200,204.0,EUR/MWh,PT,PT,imbalance_price,Short,2026-09-04T22:58:27Z
2026-09-04T22:55:56Z,2026-09-05T00:55:56+0200,b13917e3-ec31-4901-b784-2334101f7238,2026-08-30T03:15:00Z,2026-08-30T05:15:00+0200,120.37,EUR/MWh,PT,PT,imbalance_price,Long,2026-09-04T22:58:27Z
2026-09-04T22:55:56Z,2026-09-05T00:55:56+0200,b13917e3-ec31-4901-b784-2334101f7238,2026-08-30T03:15:00Z,2026-08-30T05:15:00+0200,120.37,EUR/MWh,PT,PT,imbalance_price,Short,2026-09-04T22:58:27Z
2026-09-04T22:55:56Z,2026-09-05T00:55:56+0200,b13917e3-ec31-4901-b784-2334101f7238,2026-08-30T03:30:00Z,2026-08-30T05:30:00+0200,120.82,EUR/MWh,PT,PT,imbalance_price,Long,2026-09-04T22:58:27Z
2026-09-04T22:55:56Z,2026-09-05T00:55:56+0200,b13917e3-ec31-4901-b784-2334101f7238,2026-08-30T03:30:00Z,2026-08-30T05:30:00+0200,120.82,EUR/MWh,PT,PT,imbalance_price,Short,2026-09-04T22:58:27Z
2026-09-04T22:55:56Z,2026-09-05T00:55:56+0200,b13917e3-ec31-4901-b784-2334101f7238,2026-08-30T03:45:00Z,2026-08-30T05:45:00+0200,120.82,EUR/MWh,PT,PT,imbalance_price,Long,2026-09-04T22:58:27Z
2026-09-04T22:55:56Z,2026-09-05T00:55:56+0200,b13917e3-ec31-4901-b784-2334101f7238,2026-08-30T03:45:00Z,2026-08-30T05:45:00+0200,205.94,EUR/MWh,PT,PT,imbalance_price,Short,2026-09-04T22:58:27Z
2026-09-04T22:55:56Z,2026-09-05T00:55:56+0200,b13917e3-ec31-4901-b784-2334101f7238,2026-08-30T04:00:00Z,2026-08-30T06:00:00+0200,120.37,EUR/MWh,PT,PT,imbalance_price,Long,2026-09-04T22:58:27Z
2026-09-04T22:55:56Z,2026-09-05T00:55:56+0200,b13917e3-ec31-4901-b784-2334101f7238,2026-08-30T04:00:00Z,2026-08-30T06:00:00+0200,207.0,EUR/MWh,PT,PT,imbalance_price,Short,2026-09-04T22:58:27Z
2026-09-04T22:55:56Z,2026-09-05T00:55:56+0200,b13917e3-ec31-4901-b784-2334101f7238,2026-08-30T04:15:00Z,2026-08-30T06:15:00+0200,125.51,EUR/MWh,PT,PT,imbalance_price,Long,2026-09-04T22:58:27Z
2026-09-04T22:55:56Z,2026-09-05T00:55:56+0200,b13917e3-ec31-4901-b784-2334101f7238,2026-08-30T04:15:00Z,2026-08-30T06:15:00+0200,207.48,EUR/MWh,PT,PT,imbalance_price,Short,2026-09-04T22:58:27Z
2026-09-04T22:55:56Z,2026-09-05T00:55:56+0200,b13917e3-ec31-4901-b784-2334101f7238,2026-08-30T04:30:00Z,2026-08-30T06:30:00+0200,128.21,EUR/MWh,PT,PT,imbalance_price,Long,2026-09-04T22:58:27Z
2026-09-04T22:55:56Z,2026-09-05T00:55:56+0200,b13917e3-ec31-4901-b784-2334101f7238,2026-08-30T04:30:00Z,2026-08-30T06:30:00+0200,209.0,EUR/MWh,PT,PT,imbalance_price,Short,2026-09-04T22:58:27Z
2026-09-04T22:55:56Z,2026-09-05T00:55:56+0200,b13917e3-ec31-4901-b784-2334101f7238,2026-08-30T04:45:00Z,2026-08-30T06:45:00+0200,149.02,EUR/MWh,PT,PT,imbalance_price,Long,2026-09-04T22:58:27Z
2026-09-04T22:55:56Z,2026-09-05T00:55:56+0200,b13917e3-ec31-4901-b784-2334101f7238,2026-08-30T04:45:00Z,2026-08-30T06:45:00+0200,210.0,EUR/MWh,PT,PT,imbalance_price,Short,2026-09-04T22:58:27Z
2026-09-04T22:55:56Z,2026-09-05T00:55:56+0200,b13917e3-ec31-4901-b784-2334101f7238,2026-08-30T05:00:00Z,2026-08-30T07:00:00+0200,130.0,EUR/MWh,PT,PT,imbalance_price,Long,2026-09-04T22:58:27Z
2026-09-04T22:55:56Z,2026-09-05T00:55:56+0200,b13917e3-ec31-4901-b784-2334101f7238,2026-08-30T05:00:00Z,2026-08-30T07:00:00+0200,210.68,EUR/MWh,PT,PT,imbalance_price,Short,2026-09-04T22:58:27Z
2026-09-04T22:55:56Z,2026-09-05T00:55:56+0200,b13917e3-ec31-4901-b784-2334101f7238,2026-08-30T05:15:00Z,2026-08-30T07:15:00+0200,150.11,EUR/MWh,PT,PT,imbalance_price,Long,2026-09-04T22:58:27Z
2026-09-04T22:55:56Z,2026-09-05T00:55:56+0200,b13917e3-ec31-4901-b784-2334101f7238,2026-08-30T05:15:00Z,2026-08-30T07:15:00+0200,210.13,EUR/MWh,PT,PT,imbalance_price,Short,2026-09-04T22:58:27Z
2026-09-04T22:55:56Z,2026-09-05T00:55:56+0200,b13917e3-ec31-4901-b784-2334101f7238,2026-08-30T05:30:00Z,2026-08-30T07:30:00+0200,146.89,EUR/MWh,PT,PT,imbalance_price,Long,2026-09-04T22:58:27Z
2026-09-04T22:55:56Z,2026-09-05T00:55:56+0200,b13917e3-ec31-4901-b784-2334101f7238,2026-08-30T05:30:00Z,2026-08-30T07:30:00+0200,208.8,EUR/MWh,PT,PT,imbalance_price,Short,2026-09-04T22:58:27Z
2026-09-04T22:55:56Z,2026-09-05T00:55:56+0200,b13917e3-ec31-4901-b784-2334101f7238,2026-08-30T05:45:00Z,2026-08-30T07:45:00+0200,140.0,EUR/MWh,PT,PT,imbalance_price,Long,2026-09-04T22:58:27Z
2026-09-04T22:55:56Z,2026-09-05T00:55:56+0200,b13917e3-ec31-4901-b784-2334101f7238,2026-08-30T05:45:00Z,2026-08-30T07:45:00+0200,160.0,EUR/MWh,PT,PT,imbalance_price,Short,2026-09-04T22:58:27Z
2026-09-04T22:55:56Z,2026-09-05T00:55:56+0200,b13917e3-ec31-4901-b784-2334101f7238,2026-08-30T06:00:00Z,2026-08-30T08:00:00+0200,120.82,EUR/MWh,PT,PT,imbalance_price,Long,2026-09-04T22:58:27Z
2026-09-04T22:55:56Z,2026-09-05T00:55:56+0200,b13917e3-ec31-4901-b784-2334101f7238,2026-08-30T06:00:00Z,2026-08-30T08:00:00+0200,120.82,EUR/MWh,PT,PT,imbalance_price,Short,2026-09-04T22:58:27Z
2026-09-04T22:55:56Z,2026-09-05T00:55:56+0200,b13917e3-ec31-4901-b784-2334101f7238,2026-08-30T06:15:00Z,2026-08-30T08:15:00+0200,108.01,EUR/MWh,PT,PT,imbalance_price,Long,2026-09-04T22:58:27Z
2026-09-04T22:55:56Z,2026-09-05T00:55:56+0200,b13917e3-ec31-4901-b784-2334101f7238,2026-08-30T06:15:00Z,2026-08-30T08:15:00+0200,159.4,EUR/MWh,PT,PT,imbalance_price,Short,2026-09-04T22:58:27Z
2026-09-04T22:55:56Z,2026-09-05T00:55:56+0200,b13917e3-ec31-4901-b784-2334101f7238,2026-08-30T06:30:00Z,2026-08-30T08:30:00+0200,52.0,EUR/MWh,PT,PT,imbalance_price,Long,2026-09-04T22:58:27Z
2026-09-04T22:55:56Z,2026-09-05T00:55:56+0200,b13917e3-ec31-4901-b784-2334101f7238,2026-08-30T06:30:00Z,2026-08-30T08:30:00+0200,52.0,EUR/MWh,PT,PT,imbalance_price,Short,2026-09-04T22:58:27Z
2026-09-04T22:55:56Z,2026-09-05T00:55:56+0200,b13917e3-ec31-4901-b784-2334101f7238,2026-08-30T06:45:00Z,2026-08-30T08:45:00+0200,10.02,EUR/MWh,PT,PT,imbalance_price,Long,2026-09-04T22:58:27Z
2026-09-04T22:55:56Z,2026-09-05T00:55:56+0200,b13917e3-ec31-4901-b784-2334101f7238,2026-08-30T06:45:00Z,2026-08-30T08:45:00+0200,12.36,EUR/MWh,PT,PT,imbalance_price,Short,2026-09-04T22:58:27Z
2026-09-04T22:55:56Z,2026-09-05T00:55:56+0200,b13917e3-ec31-4901-b784-2334101f7238,2026-08-30T07:00:00Z,2026-08-30T09:00:00+0200,-4.9,EUR/MWh,PT,PT,imbalance_price,Long,2026-09-04T22:58:27Z
2026-09-04T22:55:56Z,2026-09-05T00:55:56+0200,b13917e3-ec31-4901-b784-2334101f7238,2026-08-30T07:00:00Z,2026-08-30T09:00:00+0200,-4.9,EUR/MWh,PT,PT,imbalance_price,Short,2026-09-04T22:58:27Z
2026-09-04T22:55:56Z,2026-09-05T00:55:56+0200,b13917e3-ec31-4901-b784-2334101f7238,2026-08-30T07:15:00Z,2026-08-30T09:15:00+0200,-0.49,EUR/MWh,PT,PT,imbalance_price,Long,2026-09-04T22:58:27Z
2026-09-04T22:55:56Z,2026-09-05T00:55:56+0200,b13917e3-ec31-4901-b784-2334101f7238,2026-08-30T07:15:00Z,2026-08-30T09:15:00+0200,-0.49,EUR/MWh,PT,PT,imbalance_price,Short,2026-09-04T22:58:27Z
2026-09-04T22:55:56Z,2026-09-05T00:55:56+0200,b13917e3-ec31-4901-b784-2334101f7238,2026-08-30T07:30:00Z,2026-08-30T09:30:00+0200,-3.8,EUR/MWh,PT,PT,imbalance_price,Long,2026-09-04T22:58:27Z
2026-09-04T22:55:56Z,2026-09-05T00:55:56+0200,b13917e3-ec31-4901-b784-2334101f7238,2026-08-30T07:30:00Z,2026-08-30T09:30:00+0200,-3.73,EUR/MWh,PT,PT,imbalance_price,Short,2026-09-04T22:58:27Z
2026-09-04T22:55:56Z,2026-09-05T00:55:56+0200,b13917e3-ec31-4901-b784-2334101f7238,2026-08-30T07:45:00Z,2026-08-30T09:45:00+0200,-2.0,EUR/MWh,PT,PT,imbalance_price,Long,2026-09-04T22:58:27Z
2026-09-04T22:55:56Z,2026-09-05T00:55:56+0200,b13917e3-ec31-4901-b784-2334101f7238,2026-08-30T07:45:00Z,2026-08-30T09:45:00+0200,-1.7,EUR/MWh,PT,PT,imbalance_price,Short,2026-09-04T22:58:27Z
2026-09-04T22:55:56Z,2026-09-05T00:55:56+0200,b13917e3-ec31-4901-b784-2334101f7238,2026-08-30T08:00:00Z,2026-08-30T10:00:00+0200,-4.01,EUR/MWh,PT,PT,imbalance_price,Long,2026-09-04T22:58:27Z
2026-09-04T22:55:56Z,2026-09-05T00:55:56+0200,b13917e3-ec31-4901-b784-2334101f7238,2026-08-30T08:00:00Z,2026-08-30T10:00:00+0200,-0.01,EUR/MWh,PT,PT,imbalance_price,Short,2026-09-04T22:58:27Z
2026-09-04T22:55:56Z,2026-09-05T00:55:56+0200,b13917e3-ec31-4901-b784-2334101f7238,2026-08-30T08:15:00Z,2026-08-30T10:15:00+0200,-5.52,EUR/MWh,PT,PT,imbalance_price,Long,2026-09-04T22:58:27Z
2026-09-04T22:55:56Z,2026-09-05T00:55:56+0200,b13917e3-ec31-4901-b784-2334101f7238,2026-08-30T08:15:00Z,2026-08-30T10:15:00+0200,-5.52,EUR/MWh,PT,PT,imbalance_price,Short,2026-09-04T22:58:27Z
2026-09-04T22:55:56Z,2026-09-05T00:55:56+0200,b13917e3-ec31-4901-b784-2334101f7238,2026-08-30T08:30:00Z,2026-08-30T10:30:00+0200,-4.11,EUR/MWh,PT,PT,imbalance_price,Long,2026-09-04T22:58:27Z
2026-09-04T22:55:56Z,2026-09-05T00:55:56+0200,b13917e3-ec31-4901-b784-2334101f7238,2026-08-30T08:30:00Z,2026-08-30T10:30:00+0200,-3.9,EUR/MWh,PT,PT,imbalance_price,Short,2026-09-04T22:58:27Z
2026-09-04T22:55:56Z,2026-09-05T00:55:56+0200,b13917e3-ec31-4901-b784-2334101f7238,2026-08-30T08:45:00Z,2026-08-30T10:45:00+0200,-4.0,EUR/MWh,PT,PT,imbalance_price,Long,2026-09-04T22:58:27Z
2026-09-04T22:55:56Z,2026-09-05T00:55:56+0200,b13917e3-ec31-4901-b784-2334101f7238,2026-08-30T08:45:00Z,2026-08-30T10:45:00+0200,-3.83,EUR/MWh,PT,PT,imbalance_price,Short,2026-09-04T22:58:27Z
2026-09-04T22:55:56Z,2026-09-05T00:55:56+0200,b13917e3-ec31-4901-b784-2334101f7238,2026-08-30T09:00:00Z,2026-08-30T11:00:00+0200,-0.5,EUR/MWh,PT,PT,imbalance_price,Long,2026-09-04T22:58:27Z
2026-09-04T22:55:56Z,2026-09-05T00:55:56+0200,b13917e3-ec31-4901-b784-2334101f7238,2026-08-30T09:00:00Z,2026-08-30T11:00:00+0200,-0.5,EUR/MWh,PT,PT,imbalance_price,Short,2026-09-04T22:58:27Z
2026-09-04T22:55:56Z,2026-09-05T00:55:56+0200,b13917e3-ec31-4901-b784-2334101f7238,2026-08-30T09:15:00Z,2026-08-30T11:15:00+0200,-0.69,EUR/MWh,PT,PT,imbalance_price,Long,2026-09-04T22:58:27Z
2026-09-04T22:55:56Z,2026-09-05T00:55:56+0200,b13917e3-ec31-4901-b784-2334101f7238,2026-08-30T09:15:00Z,2026-08-30T11:15:00+0200,-0.69,EUR/MWh,PT,PT,imbalance_price,Short,2026-09-04T22:58:27Z
2026-09-04T22:55:56Z,2026-09-05T00:55:56+0200,b13917e3-ec31-4901-b784-2334101f7238,2026-08-30T09:30:00Z,2026-08-30T11:30:00+0200,-0.7,EUR/MWh,PT,PT,imbalance_price,Long,2026-09-04T22:58:27Z
2026-09-04T22:55:56Z,2026-09-05T00:55:56+0200,b13917e3-ec31-4901-b784-2334101f7238,2026-08-30T09:30:00Z,2026-08-30T11:30:00+0200,-0.7,EUR/MWh,PT,PT,imbalance_price,Short,2026-09-04T22:58:27Z
2026-09-04T22:55:56Z,2026-09-05T00:55:56+0200,b13917e3-ec31-4901-b784-2334101f7238,2026-08-30T09:45:00Z,2026-08-30T11:45:00+0200,-0.98,EUR/MWh,PT,PT,imbalance_price,Long,2026-09-04T22:58:27Z
2026-09-04T22:55:56Z,2026-09-05T00:55:56+0200,b13917e3-ec31-4901-b784-2334101f7238,2026-08-30T09:45:00Z,2026-08-30T11:45:00+0200,-0.98,EUR/MWh,PT,PT,imbalance_price,Short,2026-09-04T22:58:27Z
2026-09-04T22:55:56Z,2026-09-05T00:55:56+0200,b13917e3-ec31-4901-b784-2334101f7238,2026-08-30T10:00:00Z,2026-08-30T12:00:00+0200,-0.98,EUR/MWh,PT,PT,imbalance_price,Long,2026-09-04T22:58:27Z
2026-09-04T22:55:56Z,2026-09-05T00:55:56+0200,b13917e3-ec31-4901-b784-2334101f7238,2026-08-30T10:00:00Z,2026-08-30T12:00:00+0200,-0.98,EUR/MWh,PT,PT,imbalance_price,Short,2026-09-04T22:58:27Z
2026-09-04T22:55:56Z,2026-09-05T00:55:56+0200,b13917e3-ec31-4901-b784-2334101f7238,2026-08-30T10:15:00Z,2026-08-30T12:15:00+0200,-1.09,EUR/MWh,PT,PT,imbalance_price,Long,2026-09-04T22:58:27Z
2026-09-04T22:55:56Z,2026-09-05T00:55:56+0200,b13917e3-ec31-4901-b784-2334101f7238,2026-08-30T10:15:00Z,2026-08-30T12:15:00+0200,-1.09,EUR/MWh,PT,PT,imbalance_price,Short,2026-09-04T22:58:27Z
2026-09-04T22:55:56Z,2026-09-05T00:55:56+0200,b13917e3-ec31-4901-b784-2334101f7238,2026-08-30T10:30:00Z,2026-08-30T12:30:00+0200,-2.01,EUR/MWh,PT,PT,imbalance_price,Long,2026-09-04T22:58:27Z
2026-09-04T22:55:56Z,2026-09-05T00:55:56+0200,b13917e3-ec31-4901-b784-2334101f7238,2026-08-30T10:30:00Z,2026-08-30T12:30:00+0200,-2.01,EUR/MWh,PT,PT,imbalance_price,Short,2026-09-04T22:58:27Z
2026-09-04T22:55:56Z,2026-09-05T00:55:56+0200,b13917e3-ec31-4901-b784-2334101f7238,2026-08-30T10:45:00Z,2026-08-30T12:45:00+0200,-2.01,EUR/MWh,PT,PT,imbalance_price,Long,2026-09-04T22:58:27Z
2026-09-04T22:55:56Z,2026-09-05T00:55:56+0200,b13917e3-ec31-4901-b784-2334101f7238,2026-08-30T10:45:00Z,2026-08-30T12:45:00+0200,-2.01,EUR/MWh,PT,PT,imbalance_price,Short,2026-09-04T22:58:27Z
2026-09-04T22:55:56Z,2026-09-05T00:55:56+0200,b13917e3-ec31-4901-b784-2334101f7238,2026-08-30T11:00:00Z,2026-08-30T13:00:00+0200,-8.0,EUR/MWh,PT,PT,imbalance_price,Long,2026-09-04T22:58:27Z
2026-09-04T22:55:56Z,2026-09-05T00:55:56+0200,b13917e3-ec31-4901-b784-2334101f7238,2026-08-30T11:00:00Z,2026-08-30T13:00:00+0200,-8.0,EUR/MWh,PT,PT,imbalance_price,Short,2026-09-04T22:58:27Z
2026-09-04T22:55:56Z,2026-09-05T00:55:56+0200,b13917e3-ec31-4901-b784-2334101f7238,2026-08-30T11:15:00Z,2026-08-30T13:15:00+0200,-30.0,EUR/MWh,PT,PT,imbalance_price,Long,2026-09-04T22:58:27Z
2026-09-04T22:55:56Z,2026-09-05T00:55:56+0200,b13917e3-ec31-4901-b784-2334101f7238,2026-08-30T11:15:00Z,2026-08-30T13:15:00+0200,-30.0,EUR/MWh,PT,PT,imbalance_price,Short,2026-09-04T22:58:27Z
2026-09-04T22:55:56Z,2026-09-05T00:55:56+0200,b13917e3-ec31-4901-b784-2334101f7238,2026-08-30T11:30:00Z,2026-08-30T13:30:00+0200,-3.01,EUR/MWh,PT,PT,imbalance_price,Long,2026-09-04T22:58:27Z
2026-09-04T22:55:56Z,2026-09-05T00:55:56+0200,b13917e3-ec31-4901-b784-2334101f7238,2026-08-30T11:30:00Z,2026-08-30T13:30:00+0200,-3.01,EUR/MWh,PT,PT,imbalance_price,Short,2026-09-04T22:58:27Z
2026-09-04T22:55:56Z,2026-09-05T00:55:56+0200,b13917e3-ec31-4901-b784-2334101f7238,2026-08-30T11:45:00Z,2026-08-30T13:45:00+0200,-3.5,EUR/MWh,PT,PT,imbalance_price,Long,2026-09-04T22:58:27Z
2026-09-04T22:55:56Z,2026-09-05T00:55:56+0200,b13917e3-ec31-4901-b784-2334101f7238,2026-08-30T11:45:00Z,2026-08-30T13:45:00+0200,-3.5,EUR/MWh,PT,PT,imbalance_price,Short,2026-09-04T22:58:27Z
2026-09-04T22:55:56Z,2026-09-05T00:55:56+0200,b13917e3-ec31-4901-b784-2334101f7238,2026-08-30T12:00:00Z,2026-08-30T14:00:00+0200,-1.4,EUR/MWh,PT,PT,imbalance_price,Long,2026-09-04T22:58:27Z
2026-09-04T22:55:56Z,2026-09-05T00:55:56+0200,b13917e3-ec31-4901-b784-2334101f7238,2026-08-30T12:00:00Z,2026-08-30T14:00:00+0200,-1.4,EUR/MWh,PT,PT,imbalance_price,Short,2026-09-04T22:58:27Z
2026-09-04T22:55:56Z,2026-09-05T00:55:56+0200,b13917e3-ec31-4901-b784-2334101f7238,2026-08-30T12:15:00Z,2026-08-30T14:15:00+0200,-19.84,EUR/MWh,PT,PT,imbalance_price,Long,2026-09-04T22:58:27Z
2026-09-04T22:55:56Z,2026-09-05T00:55:56+0200,b13917e3-ec31-4901-b784-2334101f7238,2026-08-30T12:15:00Z,2026-08-30T14:15:00+0200,-19.84,EUR/MWh,PT,PT,imbalance_price,Short,2026-09-04T22:58:27Z
2026-09-04T22:55:56Z,2026-09-05T00:55:56+0200,b13917e3-ec31-4901-b784-2334101f7238,2026-08-30T12:30:00Z,2026-08-30T14:30:00+0200,-13.67,EUR/MWh,PT,PT,imbalance_price,Long,2026-09-04T22:58:27Z
2026-09-04T22:55:56Z,2026-09-05T00:55:56+0200,b13917e3-ec31-4901-b784-2334101f7238,2026-08-30T12:30:00Z,2026-08-30T14:30:00+0200,-13.67,EUR/MWh,PT,PT,imbalance_price,Short,2026-09-04T22:58:27Z
2026-09-04T22:55:56Z,2026-09-05T00:55:56+0200,b13917e3-ec31-4901-b784-2334101f7238,2026-08-30T12:45:00Z,2026-08-30T14:45:00+0200,-10.0,EUR/MWh,PT,PT,imbalance_price,Long,2026-09-04T22:58:27Z
2026-09-04T22:55:56Z,2026-09-05T00:55:56+0200,b13917e3-ec31-4901-b784-2334101f7238,2026-08-30T12:45:00Z,2026-08-30T14:45:00+0200,-10.0,EUR/MWh,PT,PT,imbalance_price,Short,2026-09-04T22:58:27Z
2026-09-04T22:55:56Z,2026-09-05T00:55:56+0200,b13917e3-ec31-4901-b784-2334101f7238,2026-08-30T13:00:00Z,2026-08-30T15:00:00+0200,-1.13,EUR/MWh,PT,PT,imbalance_price,Long,2026-09-04T22:58:27Z
2026-09-04T22:55:56Z,2026-09-05T00:55:56+0200,b13917e3-ec31-4901-b784-2334101f7238,2026-08-30T13:00:00Z,2026-08-30T15:00:00+0200,-1.13,EUR/MWh,PT,PT,imbalance_price,Short,2026-09-04T22:58:27Z
2026-09-04T22:55:56Z,2026-09-05T00:55:56+0200,b13917e3-ec31-4901-b784-2334101f7238,2026-08-30T13:15:00Z,2026-08-30T15:15:00+0200,-3.0,EUR/MWh,PT,PT,imbalance_price,Long,2026-09-04T22:58:27Z
2026-09-04T22:55:56Z,2026-09-05T00:55:56+0200,b13917e3-ec31-4901-b784-2334101f7238,2026-08-30T13:15:00Z,2026-08-30T15:15:00+0200,-3.0,EUR/MWh,PT,PT,imbalance_price,Short,2026-09-04T22:58:27Z
2026-09-04T22:55:56Z,2026-09-05T00:55:56+0200,b13917e3-ec31-4901-b784-2334101f7238,2026-08-30T13:30:00Z,2026-08-30T15:30:00+0200,-2.81,EUR/MWh,PT,PT,imbalance_price,Long,2026-09-04T22:58:27Z
2026-09-04T22:55:56Z,2026-09-05T00:55:56+0200,b13917e3-ec31-4901-b784-2334101f7238,2026-08-30T13:30:00Z,2026-08-30T15:30:00+0200,-2.81,EUR/MWh,PT,PT,imbalance_price,Short,2026-09-04T22:58:27Z
2026-09-04T22:55:56Z,2026-09-05T00:55:56+0200,b13917e3-ec31-4901-b784-2334101f7238,2026-08-30T13:45:00Z,2026-08-30T15:45:00+0200,-2.01,EUR/MWh,PT,PT,imbalance_price,Long,2026-09-04T22:58:27Z
2026-09-04T22:55:56Z,2026-09-05T00:55:56+0200,b13917e3-ec31-4901-b784-2334101f7238,2026-08-30T13:45:00Z,2026-08-30T15:45:00+0200,-2.01,EUR/MWh,PT,PT,imbalance_price,Short,2026-09-04T22:58:27Z
2026-09-04T22:55:56Z,2026-09-05T00:55:56+0200,b13917e3-ec31-4901-b784-2334101f7238,2026-08-30T14:00:00Z,2026-08-30T16:00:00+0200,-2.5,EUR/MWh,PT,PT,imbalance_price,Long,2026-09-04T22:58:27Z
2026-09-04T22:55:56Z,2026-09-05T00:55:56+0200,b13917e3-ec31-4901-b784-2334101f7238,2026-08-30T14:00:00Z,2026-08-30T16:00:00+0200,-2.5,EUR/MWh,PT,PT,imbalance_price,Short,2026-09-04T22:58:27Z
2026-09-04T22:55:56Z,2026-09-05T00:55:56+0200,b13917e3-ec31-4901-b784-2334101f7238,2026-08-30T14:15:00Z,2026-08-30T16:15:00+0200,-2.78,EUR/MWh,PT,PT,imbalance_price,Long,2026-09-04T22:58:27Z
2026-09-04T22:55:56Z,2026-09-05T00:55:56+0200,b13917e3-ec31-4901-b784-2334101f7238,2026-08-30T14:15:00Z,2026-08-30T16:15:00+0200,-2.78,EUR/MWh,PT,PT,imbalance_price,Short,2026-09-04T22:58:27Z
2026-09-04T22:55:56Z,2026-09-05T00:55:56+0200,b13917e3-ec31-4901-b784-2334101f7238,2026-08-30T14:30:00Z,2026-08-30T16:30:00+0200,-3.0,EUR/MWh,PT,PT,imbalance_price,Long,2026-09-04T22:58:27Z
2026-09-04T22:55:56Z,2026-09-05T00:55:56+0200,b13917e3-ec31-4901-b784-2334101f7238,2026-08-30T14:30:00Z,2026-08-30T16:30:00+0200,-3.0,EUR/MWh,PT,PT,imbalance_price,Short,2026-09-04T22:58:27Z
2026-09-04T22:55:56Z,2026-09-05T00:55:56+0200,b13917e3-ec31-4901-b784-2334101f7238,2026-08-30T14:45:00Z,2026-08-30T16:45:00+0200,-3.01,EUR/MWh,PT,PT,imbalance_price,Long,2026-09-04T22:58:27Z
2026-09-04T22:55:56Z,2026-09-05T00:55:56+0200,b13917e3-ec31-4901-b784-2334101f7238,2026-08-30T14:45:00Z,2026-08-30T16:45:00+0200,-3.01,EUR/MWh,PT,PT,imbalance_price,Short,2026-09-04T22:58:27Z
2026-09-04T22:55:56Z,2026-09-05T00:55:56+0200,b13917e3-ec31-4901-b784-2334101f7238,2026-08-30T15:00:00Z,2026-08-30T17:00:00+0200,-3.01,EUR/MWh,PT,PT,imbalance_price,Long,2026-09-04T22:58:27Z
2026-09-04T22:55:56Z,2026-09-05T00:55:56+0200,b13917e3-ec31-4901-b784-2334101f7238,2026-08-30T15:00:00Z,2026-08-30T17:00:00+0200,-3.01,EUR/MWh,PT,PT,imbalance_price,Short,2026-09-04T22:58:27Z
2026-09-04T22:55:56Z,2026-09-05T00:55:56+0200,b13917e3-ec31-4901-b784-2334101f7238,2026-08-30T15:15:00Z,2026-08-30T17:15:00+0200,-3.01,EUR/MWh,PT,PT,imbalance_price,Long,2026-09-04T22:58:27Z
2026-09-04T22:55:56Z,2026-09-05T00:55:56+0200,b13917e3-ec31-4901-b784-2334101f7238,2026-08-30T15:15:00Z,2026-08-30T17:15:00+0200,-3.01,EUR/MWh,PT,PT,imbalance_price,Short,2026-09-04T22:58:27Z
2026-09-04T22:55:56Z,2026-09-05T00:55:56+0200,b13917e3-ec31-4901-b784-2334101f7238,2026-08-30T15:30:00Z,2026-08-30T17:30:00+0200,-3.0,EUR/MWh,PT,PT,imbalance_price,Long,2026-09-04T22:58:27Z
2026-09-04T22:55:56Z,2026-09-05T00:55:56+0200,b13917e3-ec31-4901-b784-2334101f7238,2026-08-30T15:30:00Z,2026-08-30T17:30:00+0200,-3.0,EUR/MWh,PT,PT,imbalance_price,Short,2026-09-04T22:58:27Z
2026-09-04T22:55:56Z,2026-09-05T00:55:56+0200,b13917e3-ec31-4901-b784-2334101f7238,2026-08-30T15:45:00Z,2026-08-30T17:45:00+0200,-2.0,EUR/MWh,PT,PT,imbalance_price,Long,2026-09-04T22:58:27Z
2026-09-04T22:55:56Z,2026-09-05T00:55:56+0200,b13917e3-ec31-4901-b784-2334101f7238,2026-08-30T15:45:00Z,2026-08-30T17:45:00+0200,-2.0,EUR/MWh,PT,PT,imbalance_price,Short,2026-09-04T22:58:27Z
2026-09-04T22:55:56Z,2026-09-05T00:55:56+0200,b13917e3-ec31-4901-b784-2334101f7238,2026-08-30T16:00:00Z,2026-08-30T18:00:00+0200,-2.0,EUR/MWh,PT,PT,imbalance_price,Long,2026-09-04T22:58:27Z
2026-09-04T22:55:56Z,2026-09-05T00:55:56+0200,b13917e3-ec31-4901-b784-2334101f7238,2026-08-30T16:00:00Z,2026-08-30T18:00:00+0200,-2.0,EUR/MWh,PT,PT,imbalance_price,Short,2026-09-04T22:58:27Z
2026-09-04T22:55:56Z,2026-09-05T00:55:56+0200,b13917e3-ec31-4901-b784-2334101f7238,2026-08-30T16:15:00Z,2026-08-30T18:15:00+0200,-0.03,EUR/MWh,PT,PT,imbalance_price,Long,2026-09-04T22:58:27Z
2026-09-04T22:55:56Z,2026-09-05T00:55:56+0200,b13917e3-ec31-4901-b784-2334101f7238,2026-08-30T16:15:00Z,2026-08-30T18:15:00+0200,-0.03,EUR/MWh,PT,PT,imbalance_price,Short,2026-09-04T22:58:27Z
2026-09-04T22:55:56Z,2026-09-05T00:55:56+0200,b13917e3-ec31-4901-b784-2334101f7238,2026-08-30T16:30:00Z,2026-08-30T18:30:00+0200,-2.0,EUR/MWh,PT,PT,imbalance_price,Long,2026-09-04T22:58:27Z
2026-09-04T22:55:56Z,2026-09-05T00:55:56+0200,b13917e3-ec31-4901-b784-2334101f7238,2026-08-30T16:30:00Z,2026-08-30T18:30:00+0200,-2.0,EUR/MWh,PT,PT,imbalance_price,Short,2026-09-04T22:58:27Z
2026-09-04T22:55:56Z,2026-09-05T00:55:56+0200,b13917e3-ec31-4901-b784-2334101f7238,2026-08-30T16:45:00Z,2026-08-30T18:45:00+0200,0.0,EUR/MWh,PT,PT,imbalance_price,Long,2026-09-04T22:58:27Z
2026-09-04T22:55:56Z,2026-09-05T00:55:56+0200,b13917e3-ec31-4901-b784-2334101f7238,2026-08-30T16:45:00Z,2026-08-30T18:45:00+0200,0.0,EUR/MWh,PT,PT,imbalance_price,Short,2026-09-04T22:58:27Z
2026-09-04T22:55:56Z,2026-09-05T00:55:56+0200,b13917e3-ec31-4901-b784-2334101f7238,2026-08-30T17:00:00Z,2026-08-30T19:00:00+0200,-0.5,EUR/MWh,PT,PT,imbalance_price,Long,2026-09-04T22:58:27Z
2026-09-04T22:55:56Z,2026-09-05T00:55:56+0200,b13917e3-ec31-4901-b784-2334101f7238,2026-08-30T17:00:00Z,2026-08-30T19:00:00+0200,-0.5,EUR/MWh,PT,PT,imbalance_price,Short,2026-09-04T22:58:27Z
2026-09-04T22:55:56Z,2026-09-05T00:55:56+0200,b13917e3-ec31-4901-b784-2334101f7238,2026-08-30T17:15:00Z,2026-08-30T19:15:00+0200,0.01,EUR/MWh,PT,PT,imbalance_price,Long,2026-09-04T22:58:27Z
2026-09-04T22:55:56Z,2026-09-05T00:55:56+0200,b13917e3-ec31-4901-b784-2334101f7238,2026-08-30T17:15:00Z,2026-08-30T19:15:00+0200,114.29,EUR/MWh,PT,PT,imbalance_price,Short,2026-09-04T22:58:27Z
2026-09-04T22:55:56Z,2026-09-05T00:55:56+0200,b13917e3-ec31-4901-b784-2334101f7238,2026-08-30T17:30:00Z,2026-08-30T19:30:00+0200,65.49,EUR/MWh,PT,PT,imbalance_price,Long,2026-09-04T22:58:27Z
2026-09-04T22:55:56Z,2026-09-05T00:55:56+0200,b13917e3-ec31-4901-b784-2334101f7238,2026-08-30T17:30:00Z,2026-08-30T19:30:00+0200,177.24,EUR/MWh,PT,PT,imbalance_price,Short,2026-09-04T22:58:27Z
2026-09-04T22:55:56Z,2026-09-05T00:55:56+0200,b13917e3-ec31-4901-b784-2334101f7238,2026-08-30T17:45:00Z,2026-08-30T19:45:00+0200,130.37,EUR/MWh,PT,PT,imbalance_price,Long,2026-09-04T22:58:27Z
2026-09-04T22:55:56Z,2026-09-05T00:55:56+0200,b13917e3-ec31-4901-b784-2334101f7238,2026-08-30T17:45:00Z,2026-08-30T19:45:00+0200,218.33,EUR/MWh,PT,PT,imbalance_price,Short,2026-09-04T22:58:27Z
2026-09-04T22:55:56Z,2026-09-05T00:55:56+0200,b13917e3-ec31-4901-b784-2334101f7238,2026-08-30T18:00:00Z,2026-08-30T20:00:00+0200,115.01,EUR/MWh,PT,PT,imbalance_price,Long,2026-09-04T22:58:27Z
2026-09-04T22:55:56Z,2026-09-05T00:55:56+0200,b13917e3-ec31-4901-b784-2334101f7238,2026-08-30T18:00:00Z,2026-08-30T20:00:00+0200,210.36,EUR/MWh,PT,PT,imbalance_price,Short,2026-09-04T22:58:27Z
2026-09-04T22:55:56Z,2026-09-05T00:55:56+0200,b13917e3-ec31-4901-b784-2334101f7238,2026-08-30T18:15:00Z,2026-08-30T20:15:00+0200,125.01,EUR/MWh,PT,PT,imbalance_price,Long,2026-09-04T22:58:27Z
2026-09-04T22:55:56Z,2026-09-05T00:55:56+0200,b13917e3-ec31-4901-b784-2334101f7238,2026-08-30T18:15:00Z,2026-08-30T20:15:00+0200,222.4,EUR/MWh,PT,PT,imbalance_price,Short,2026-09-04T22:58:27Z
2026-09-04T22:55:56Z,2026-09-05T00:55:56+0200,b13917e3-ec31-4901-b784-2334101f7238,2026-08-30T18:30:00Z,2026-08-30T20:30:00+0200,200.8,EUR/MWh,PT,PT,imbalance_price,Long,2026-09-04T22:58:27Z
2026-09-04T22:55:56Z,2026-09-05T00:55:56+0200,b13917e3-ec31-4901-b784-2334101f7238,2026-08-30T18:30:00Z,2026-08-30T20:30:00+0200,242.4,EUR/MWh,PT,PT,imbalance_price,Short,2026-09-04T22:58:27Z
2026-09-04T22:55:56Z,2026-09-05T00:55:56+0200,b13917e3-ec31-4901-b784-2334101f7238,2026-08-30T18:45:00Z,2026-08-30T20:45:00+0200,170.26,EUR/MWh,PT,PT,imbalance_price,Long,2026-09-04T22:58:27Z
2026-09-04T22:55:56Z,2026-09-05T00:55:56+0200,b13917e3-ec31-4901-b784-2334101f7238,2026-08-30T18:45:00Z,2026-08-30T20:45:00+0200,212.32,EUR/MWh,PT,PT,imbalance_price,Short,2026-09-04T22:58:27Z
2026-09-04T22:55:56Z,2026-09-05T00:55:56+0200,b13917e3-ec31-4901-b784-2334101f7238,2026-08-30T19:00:00Z,2026-08-30T21:00:00+0200,163.72,EUR/MWh,PT,PT,imbalance_price,Long,2026-09-04T22:58:27Z
2026-09-04T22:55:56Z,2026-09-05T00:55:56+0200,b13917e3-ec31-4901-b784-2334101f7238,2026-08-30T19:00:00Z,2026-08-30T21:00:00+0200,205.65,EUR/MWh,PT,PT,imbalance_price,Short,2026-09-04T22:58:27Z
2026-09-04T22:55:56Z,2026-09-05T00:55:56+0200,b13917e3-ec31-4901-b784-2334101f7238,2026-08-30T19:15:00Z,2026-08-30T21:15:00+0200,160.39,EUR/MWh,PT,PT,imbalance_price,Long,2026-09-04T22:58:27Z
2026-09-04T22:55:56Z,2026-09-05T00:55:56+0200,b13917e3-ec31-4901-b784-2334101f7238,2026-08-30T19:15:00Z,2026-08-30T21:15:00+0200,209.04,EUR/MWh,PT,PT,imbalance_price,Short,2026-09-04T22:58:27Z
2026-09-04T22:55:56Z,2026-09-05T00:55:56+0200,b13917e3-ec31-4901-b784-2334101f7238,2026-08-30T19:30:00Z,2026-08-30T21:30:00+0200,155.0,EUR/MWh,PT,PT,imbalance_price,Long,2026-09-04T22:58:27Z
2026-09-04T22:55:56Z,2026-09-05T00:55:56+0200,b13917e3-ec31-4901-b784-2334101f7238,2026-08-30T19:30:00Z,2026-08-30T21:30:00+0200,155.0,EUR/MWh,PT,PT,imbalance_price,Short,2026-09-04T22:58:27Z
2026-09-04T22:55:56Z,2026-09-05T00:55:56+0200,b13917e3-ec31-4901-b784-2334101f7238,2026-08-30T19:45:00Z,2026-08-30T21:45:00+0200,146.36,EUR/MWh,PT,PT,imbalance_price,Long,2026-09-04T22:58:27Z
2026-09-04T22:55:56Z,2026-09-05T00:55:56+0200,b13917e3-ec31-4901-b784-2334101f7238,2026-08-30T19:45:00Z,2026-08-30T21:45:00+0200,228.97,EUR/MWh,PT,PT,imbalance_price,Short,2026-09-04T22:58:27Z
2026-09-04T22:55:56Z,2026-09-05T00:55:56+0200,b13917e3-ec31-4901-b784-2334101f7238,2026-08-30T20:00:00Z,2026-08-30T22:00:00+0200,142.36,EUR/MWh,PT,PT,imbalance_price,Long,2026-09-04T22:58:27Z
2026-09-04T22:55:56Z,2026-09-05T00:55:56+0200,b13917e3-ec31-4901-b784-2334101f7238,2026-08-30T20:00:00Z,2026-08-30T22:00:00+0200,142.36,EUR/MWh,PT,PT,imbalance_price,Short,2026-09-04T22:58:27Z
2026-09-04T22:55:56Z,2026-09-05T00:55:56+0200,b13917e3-ec31-4901-b784-2334101f7238,2026-08-30T20:15:00Z,2026-08-30T22:15:00+0200,140.21,EUR/MWh,PT,PT,imbalance_price,Long,2026-09-04T22:58:27Z
2026-09-04T22:55:56Z,2026-09-05T00:55:56+0200,b13917e3-ec31-4901-b784-2334101f7238,2026-08-30T20:15:00Z,2026-08-30T22:15:00+0200,140.21,EUR/MWh,PT,PT,imbalance_price,Short,2026-09-04T22:58:27Z
2026-09-04T22:55:56Z,2026-09-05T00:55:56+0200,b13917e3-ec31-4901-b784-2334101f7238,2026-08-30T20:30:00Z,2026-08-30T22:30:00+0200,152.69,EUR/MWh,PT,PT,imbalance_price,Long,2026-09-04T22:58:27Z
2026-09-04T22:55:56Z,2026-09-05T00:55:56+0200,b13917e3-ec31-4901-b784-2334101f7238,2026-08-30T20:30:00Z,2026-08-30T22:30:00+0200,152.69,EUR/MWh,PT,PT,imbalance_price,Short,2026-09-04T22:58:27Z
2026-09-04T22:55:56Z,2026-09-05T00:55:56+0200,b13917e3-ec31-4901-b784-2334101f7238,2026-08-30T20:45:00Z,2026-08-30T22:45:00+0200,142.36,EUR/MWh,PT,PT,imbalance_price,Long,2026-09-04T22:58:27Z
2026-09-04T22:55:56Z,2026-09-05T00:55:56+0200,b13917e3-ec31-4901-b784-2334101f7238,2026-08-30T20:45:00Z,2026-08-30T22:45:00+0200,142.36,EUR/MWh,PT,PT,imbalance_price,Short,2026-09-04T22:58:27Z
2026-09-04T22:55:56Z,2026-09-05T00:55:56+0200,b13917e3-ec31-4901-b784-2334101f7238,2026-08-30T21:00:00Z,2026-08-30T23:00:00+0200,153.19,EUR/MWh,PT,PT,imbalance_price,Long,2026-09-04T22:58:27Z
2026-09-04T22:55:56Z,2026-09-05T00:55:56+0200,b13917e3-ec31-4901-b784-2334101f7238,2026-08-30T21:00:00Z,2026-08-30T23:00:00+0200,216.24,EUR/MWh,PT,PT,imbalance_price,Short,2026-09-04T22:58:27Z
2026-09-04T22:55:56Z,2026-09-05T00:55:56+0200,b13917e3-ec31-4901-b784-2334101f7238,2026-08-30T21:15:00Z,2026-08-30T23:15:00+0200,140.1,EUR/MWh,PT,PT,imbalance_price,Long,2026-09-04T22:58:27Z
2026-09-04T22:55:56Z,2026-09-05T00:55:56+0200,b13917e3-ec31-4901-b784-2334101f7238,2026-08-30T21:15:00Z,2026-08-30T23:15:00+0200,140.1,EUR/MWh,PT,PT,imbalance_price,Short,2026-09-04T22:58:27Z
2026-09-04T22:55:56Z,2026-09-05T00:55:56+0200,b13917e3-ec31-4901-b784-2334101f7238,2026-08-30T21:30:00Z,2026-08-30T23:30:00+0200,129.43,EUR/MWh,PT,PT,imbalance_price,Long,2026-09-04T22:58:27Z
2026-09-04T22:55:56Z,2026-09-05T00:55:56+0200,b13917e3-ec31-4901-b784-2334101f7238,2026-08-30T21:30:00Z,2026-08-30T23:30:00+0200,129.43,EUR/MWh,PT,PT,imbalance_price,Short,2026-09-04T22:58:27Z
2026-09-04T22:55:56Z,2026-09-05T00:55:56+0200,b13917e3-ec31-4901-b784-2334101f7238,2026-08-30T21:45:00Z,2026-08-30T23:45:00+0200,110.82,EUR/MWh,PT,PT,imbalance_price,Long,2026-09-04T22:58:27Z
2026-09-04T22:55:56Z,2026-09-05T00:55:56+0200,b13917e3-ec31-4901-b784-2334101f7238,2026-08-30T21:45:00Z,2026-08-30T23:45:00+0200,206.44,EUR/MWh,PT,PT,imbalance_price,Short,2026-09-04T22:58:27Z
2026-09-04T22:55:56Z,2026-09-05T00:55:56+0200,b13917e3-ec31-4901-b784-2334101f7238,2026-08-30T22:00:00Z,2026-08-31T00:00:00+0200,125.01,EUR/MWh,PT,PT,imbalance_price,Long,2026-09-04T22:58:27Z
2026-09-04T22:55:56Z,2026-09-05T00:55:56+0200,b13917e3-ec31-4901-b784-2334101f7238,2026-08-30T22:00:00Z,2026-08-31T00:00:00+0200,125.01,EUR/MWh,PT,PT,imbalance_price,Short,2026-09-04T22:58:27Z
2026-09-04T22:55:56Z,2026-09-05T00:55:56+0200,b13917e3-ec31-4901-b784-2334101f7238,2026-08-30T22:15:00Z,2026-08-31T00:15:00+0200,121.62,EUR/MWh,PT,PT,imbalance_price,Long,2026-09-04T22:58:27Z
2026-09-04T22:55:56Z,2026-09-05T00:55:56+0200,b13917e3-ec31-4901-b784-2334101f7238,2026-08-30T22:15:00Z,2026-08-31T00:15:00+0200,121.62,EUR/MWh,PT,PT,imbalance_price,Short,2026-09-04T22:58:27Z
2026-09-04T22:55:56Z,2026-09-05T00:55:56+0200,b13917e3-ec31-4901-b784-2334101f7238,2026-08-30T22:30:00Z,2026-08-31T00:30:00+0200,118.76,EUR/MWh,PT,PT,imbalance_price,Long,2026-09-04T22:58:27Z
2026-09-04T22:55:56Z,2026-09-05T00:55:56+0200,b13917e3-ec31-4901-b784-2334101f7238,2026-08-30T22:30:00Z,2026-08-31T00:30:00+0200,118.76,EUR/MWh,PT,PT,imbalance_price,Short,2026-09-04T22:58:27Z
2026-09-04T22:55:56Z,2026-09-05T00:55:56+0200,b13917e3-ec31-4901-b784-2334101f7238,2026-08-30T22:45:00Z,2026-08-31T00:45:00+0200,100.01,EUR/MWh,PT,PT,imbalance_price,Long,2026-09-04T22:58:27Z
2026-09-04T22:55:56Z,2026-09-05T00:55:56+0200,b13917e3-ec31-4901-b784-2334101f7238,2026-08-30T22:45:00Z,2026-08-31T00:45:00+0200,100.01,EUR/MWh,PT,PT,imbalance_price,Short,2026-09-04T22:58:27Z
2026-09-04T22:55:56Z,2026-09-05T00:55:56+0200,b13917e3-ec31-4901-b784-2334101f7238,2026-08-30T23:00:00Z,2026-08-31T01:00:00+0200,113.46,EUR/MWh,PT,PT,imbalance_price,Long,2026-09-04T22:58:27Z
2026-09-04T22:55:56Z,2026-09-05T00:55:56+0200,b13917e3-ec31-4901-b784-2334101f7238,2026-08-30T23:00:00Z,2026-08-31T01:00:00+0200,205.62,EUR/MWh,PT,PT,imbalance_price,Short,2026-09-04T22:58:27Z
2026-09-04T22:55:56Z,2026-09-05T00:55:56+0200,b13917e3-ec31-4901-b784-2334101f7238,2026-08-30T23:15:00Z,2026-08-31T01:15:00+0200,80.01,EUR/MWh,PT,PT,imbalance_price,Long,2026-09-04T22:58:27Z
2026-09-04T22:55:56Z,2026-09-05T00:55:56+0200,b13917e3-ec31-4901-b784-2334101f7238,2026-08-30T23:15:00Z,2026-08-31T01:15:00+0200,80.01,EUR/MWh,PT,PT,imbalance_price,Short,2026-09-04T22:58:27Z
2026-09-04T22:55:56Z,2026-09-05T00:55:56+0200,b13917e3-ec31-4901-b784-2334101f7238,2026-08-30T23:30:00Z,2026-08-31T01:30:00+0200,71.34,EUR/MWh,PT,PT,imbalance_price,Long,2026-09-04T22:58:27Z
2026-09-04T22:55:56Z,2026-09-05T00:55:56+0200,b13917e3-ec31-4901-b784-2334101f7238,2026-08-30T23:30:00Z,2026-08-31T01:30:00+0200,71.34,EUR/MWh,PT,PT,imbalance_price,Short,2026-09-04T22:58:27Z
2026-09-04T22:55:56Z,2026-09-05T00:55:56+0200,b13917e3-ec31-4901-b784-2334101f7238,2026-08-30T23:45:00Z,2026-08-31T01:45:00+0200,38.65,EUR/MWh,PT,PT,imbalance_price,Long,2026-09-04T22:58:27Z
2026-09-04T22:55:56Z,2026-09-05T00:55:56+0200,b13917e3-ec31-4901-b784-2334101f7238,2026-08-30T23:45:00Z,2026-08-31T01:45:00+0200,38.65,EUR/MWh,PT,PT,imbalance_price,Short,2026-09-04T22:58:27Z
2026-09-04T22:55:56Z,2026-09-05T00:55:56+0200,b13917e3-ec31-4901-b784-2334101f7238,2026-08-31T00:00:00Z,2026-08-31T02:00:00+0200,40.0,EUR/MWh,PT,PT,imbalance_price,Long,2026-09-04T22:58:27Z
2026-09-04T22:55:56Z,2026-09-05T00:55:56+0200,b13917e3-ec31-4901-b784-2334101f7238,2026-08-31T00:00:00Z,2026-08-31T02:00:00+0200,40.0,EUR/MWh,PT,PT,imbalance_price,Short,2026-09-04T22:58:27Z
2026-09-04T22:55:56Z,2026-09-05T00:55:56+0200,b13917e3-ec31-4901-b784-2334101f7238,2026-08-31T00:15:00Z,2026-08-31T02:15:00+0200,40.0,EUR/MWh,PT,PT,imbalance_price,Long,2026-09-04T22:58:27Z
2026-09-04T22:55:56Z,2026-09-05T00:55:56+0200,b13917e3-ec31-4901-b784-2334101f7238,2026-08-31T00:15:00Z,2026-08-31T02:15:00+0200,174.0,EUR/MWh,PT,PT,imbalance_price,Short,2026-09-04T22:58:27Z
2026-09-04T22:55:56Z,2026-09-05T00:55:56+0200,b13917e3-ec31-4901-b784-2334101f7238,2026-08-31T00:30:00Z,2026-08-31T02:30:00+0200,40.0,EUR/MWh,PT,PT,imbalance_price,Long,2026-09-04T22:58:27Z
2026-09-04T22:55:56Z,2026-09-05T00:55:56+0200,b13917e3-ec31-4901-b784-2334101f7238,2026-08-31T00:30:00Z,2026-08-31T02:30:00+0200,40.0,EUR/MWh,PT,PT,imbalance_price,Short,2026-09-04T22:58:27Z
2026-09-04T22:55:56Z,2026-09-05T00:55:56+0200,b13917e3-ec31-4901-b784-2334101f7238,2026-08-31T00:45:00Z,2026-08-31T02:45:00+0200,40.0,EUR/MWh,PT,PT,imbalance_price,Long,2026-09-04T22:58:27Z
2026-09-04T22:55:56Z,2026-09-05T00:55:56+0200,b13917e3-ec31-4901-b784-2334101f7238,2026-08-31T00:45:00Z,2026-08-31T02:45:00+0200,40.0,EUR/MWh,PT,PT,imbalance_price,Short,2026-09-04T22:58:27Z
2026-09-04T22:55:56Z,2026-09-05T00:55:56+0200,b13917e3-ec31-4901-b784-2334101f7238,2026-08-31T01:00:00Z,2026-08-31T03:00:00+0200,3.99,EUR/MWh,PT,PT,imbalance_price,Long,2026-09-04T22:58:27Z
2026-09-04T22:55:56Z,2026-09-05T00:55:56+0200,b13917e3-ec31-4901-b784-2334101f7238,2026-08-31T01:00:00Z,2026-08-31T03:00:00+0200,3.99,EUR/MWh,PT,PT,imbalance_price,Short,2026-09-04T22:58:27Z
2026-09-04T22:55:56Z,2026-09-05T00:55:56+0200,b13917e3-ec31-4901-b784-2334101f7238,2026-08-31T01:15:00Z,2026-08-31T03:15:00+0200,6.17,EUR/MWh,PT,PT,imbalance_price,Long,2026-09-04T22:58:27Z
2026-09-04T22:55:56Z,2026-09-05T00:55:56+0200,b13917e3-ec31-4901-b784-2334101f7238,2026-08-31T01:15:00Z,2026-08-31T03:15:00+0200,6.17,EUR/MWh,PT,PT,imbalance_price,Short,2026-09-04T22:58:27Z
2026-09-04T22:55:56Z,2026-09-05T00:55:56+0200,b13917e3-ec31-4901-b784-2334101f7238,2026-08-31T01:30:00Z,2026-08-31T03:30:00+0200,3.99,EUR/MWh,PT,PT,imbalance_price,Long,2026-09-04T22:58:27Z
2026-09-04T22:55:56Z,2026-09-05T00:55:56+0200,b13917e3-ec31-4901-b784-2334101f7238,2026-08-31T01:30:00Z,2026-08-31T03:30:00+0200,3.99,EUR/MWh,PT,PT,imbalance_price,Short,2026-09-04T22:58:27Z
2026-09-04T22:55:56Z,2026-09-05T00:55:56+0200,b13917e3-ec31-4901-b784-2334101f7238,2026-08-31T01:45:00Z,2026-08-31T03:45:00+0200,8.35,EUR/MWh,PT,PT,imbalance_price,Long,2026-09-04T22:58:27Z
2026-09-04T22:55:56Z,2026-09-05T00:55:56+0200,b13917e3-ec31-4901-b784-2334101f7238,2026-08-31T01:45:00Z,2026-08-31T03:45:00+0200,8.35,EUR/MWh,PT,PT,imbalance_price,Short,2026-09-04T22:58:27Z
2026-09-04T22:55:56Z,2026-09-05T00:55:56+0200,b13917e3-ec31-4901-b784-2334101f7238,2026-08-31T02:00:00Z,2026-08-31T04:00:00+0200,45.0,EUR/MWh,PT,PT,imbalance_price,Long,2026-09-04T22:58:27Z
2026-09-04T22:55:56Z,2026-09-05T00:55:56+0200,b13917e3-ec31-4901-b784-2334101f7238,2026-08-31T02:00:00Z,2026-08-31T04:00:00+0200,45.0,EUR/MWh,PT,PT,imbalance_price,Short,2026-09-04T22:58:27Z
2026-09-04T22:55:56Z,2026-09-05T00:55:56+0200,b13917e3-ec31-4901-b784-2334101f7238,2026-08-31T02:15:00Z,2026-08-31T04:15:00+0200,45.0,EUR/MWh,PT,PT,imbalance_price,Long,2026-09-04T22:58:27Z
2026-09-04T22:55:56Z,2026-09-05T00:55:56+0200,b13917e3-ec31-4901-b784-2334101f7238,2026-08-31T02:15:00Z,2026-08-31T04:15:00+0200,45.0,EUR/MWh,PT,PT,imbalance_price,Short,2026-09-04T22:58:27Z
2026-09-04T22:55:56Z,2026-09-05T00:55:56+0200,b13917e3-ec31-4901-b784-2334101f7238,2026-08-31T02:30:00Z,2026-08-31T04:30:00+0200,46.0,EUR/MWh,PT,PT,imbalance_price,Long,2026-09-04T22:58:27Z
2026-09-04T22:55:56Z,2026-09-05T00:55:56+0200,b13917e3-ec31-4901-b784-2334101f7238,2026-08-31T02:30:00Z,2026-08-31T04:30:00+0200,159.4,EUR/MWh,PT,PT,imbalance_price,Short,2026-09-04T22:58:27Z
2026-09-04T22:55:56Z,2026-09-05T00:55:56+0200,b13917e3-ec31-4901-b784-2334101f7238,2026-08-31T02:45:00Z,2026-08-31T04:45:00+0200,0.0,EUR/MWh,PT,PT,imbalance_price,Long,2026-09-04T22:58:27Z
2026-09-04T22:55:56Z,2026-09-05T00:55:56+0200,b13917e3-ec31-4901-b784-2334101f7238,2026-08-31T02:45:00Z,2026-08-31T04:45:00+0200,0.0,EUR/MWh,PT,PT,imbalance_price,Short,2026-09-04T22:58:27Z
2026-09-04T22:55:56Z,2026-09-05T00:55:56+0200,b13917e3-ec31-4901-b784-2334101f7238,2026-08-31T03:00:00Z,2026-08-31T05:00:00+0200,0.0,EUR/MWh,PT,PT,imbalance_price,Long,2026-09-04T22:58:27Z
2026-09-04T22:55:56Z,2026-09-05T00:55:56+0200,b13917e3-ec31-4901-b784-2334101f7238,2026-08-31T03:00:00Z,2026-08-31T05:00:00+0200,0.0,EUR/MWh,PT,PT,imbalance_price,Short,2026-09-04T22:58:27Z
2026-09-04T22:55:56Z,2026-09-05T00:55:56+0200,b13917e3-ec31-4901-b784-2334101f7238,2026-08-31T03:15:00Z,2026-08-31T05:15:00+0200,60.49,EUR/MWh,PT,PT,imbalance_price,Long,2026-09-04T22:58:27Z
2026-09-04T22:55:56Z,2026-09-05T00:55:56+0200,b13917e3-ec31-4901-b784-2334101f7238,2026-08-31T03:15:00Z,2026-08-31T05:15:00+0200,60.49,EUR/MWh,PT,PT,imbalance_price,Short,2026-09-04T22:58:27Z
2026-09-04T22:55:56Z,2026-09-05T00:55:56+0200,b13917e3-ec31-4901-b784-2334101f7238,2026-08-31T03:30:00Z,2026-08-31T05:30:00+0200,63.33,EUR/MWh,PT,PT,imbalance_price,Long,2026-09-04T22:58:27Z
2026-09-04T22:55:56Z,2026-09-05T00:55:56+0200,b13917e3-ec31-4901-b784-2334101f7238,2026-08-31T03:30:00Z,2026-08-31T05:30:00+0200,181.19,EUR/MWh,PT,PT,imbalance_price,Short,2026-09-04T22:58:27Z
2026-09-04T22:55:56Z,2026-09-05T00:55:56+0200,b13917e3-ec31-4901-b784-2334101f7238,2026-08-31T03:45:00Z,2026-08-31T05:45:00+0200,65.32,EUR/MWh,PT,PT,imbalance_price,Long,2026-09-04T22:58:27Z
2026-09-04T22:55:56Z,2026-09-05T00:55:56+0200,b13917e3-ec31-4901-b784-2334101f7238,2026-08-31T03:45:00Z,2026-08-31T05:45:00+0200,65.32,EUR/MWh,PT,PT,imbalance_price,Short,2026-09-04T22:58:27Z
2026-09-04T22:55:56Z,2026-09-05T00:55:56+0200,b13917e3-ec31-4901-b784-2334101f7238,2026-08-31T04:00:00Z,2026-08-31T06:00:00+0200,78.82,EUR/MWh,PT,PT,imbalance_price,Long,2026-09-04T22:58:27Z
2026-09-04T22:55:56Z,2026-09-05T00:55:56+0200,b13917e3-ec31-4901-b784-2334101f7238,2026-08-31T04:00:00Z,2026-08-31T06:00:00+0200,206.45,EUR/MWh,PT,PT,imbalance_price,Short,2026-09-04T22:58:27Z
2026-09-04T22:55:56Z,2026-09-05T00:55:56+0200,b13917e3-ec31-4901-b784-2334101f7238,2026-08-31T04:15:00Z,2026-08-31T06:15:00+0200,81.8,EUR/MWh,PT,PT,imbalance_price,Long,2026-09-04T22:58:27Z
2026-09-04T22:55:56Z,2026-09-05T00:55:56+0200,b13917e3-ec31-4901-b784-2334101f7238,2026-08-31T04:15:00Z,2026-08-31T06:15:00+0200,212.76,EUR/MWh,PT,PT,imbalance_price,Short,2026-09-04T22:58:27Z
2026-09-04T22:55:56Z,2026-09-05T00:55:56+0200,b13917e3-ec31-4901-b784-2334101f7238,2026-08-31T04:30:00Z,2026-08-31T06:30:00+0200,105.0,EUR/MWh,PT,PT,imbalance_price,Long,2026-09-04T22:58:27Z
2026-09-04T22:55:56Z,2026-09-05T00:55:56+0200,b13917e3-ec31-4901-b784-2334101f7238,2026-08-31T04:30:00Z,2026-08-31T06:30:00+0200,215.62,EUR/MWh,PT,PT,imbalance_price,Short,2026-09-04T22:58:27Z
2026-09-04T22:55:56Z,2026-09-05T00:55:56+0200,b13917e3-ec31-4901-b784-2334101f7238,2026-08-31T04:45:00Z,2026-08-31T06:45:00+0200,120.81,EUR/MWh,PT,PT,imbalance_price,Long,2026-09-04T22:58:27Z
2026-09-04T22:55:56Z,2026-09-05T00:55:56+0200,b13917e3-ec31-4901-b784-2334101f7238,2026-08-31T04:45:00Z,2026-08-31T06:45:00+0200,216.62,EUR/MWh,PT,PT,imbalance_price,Short,2026-09-04T22:58:27Z
2026-09-04T22:55:56Z,2026-09-05T00:55:56+0200,b13917e3-ec31-4901-b784-2334101f7238,2026-08-31T05:00:00Z,2026-08-31T07:00:00+0200,120.81,EUR/MWh,PT,PT,imbalance_price,Long,2026-09-04T22:58:27Z
2026-09-04T22:55:56Z,2026-09-05T00:55:56+0200,b13917e3-ec31-4901-b784-2334101f7238,2026-08-31T05:00:00Z,2026-08-31T07:00:00+0200,222.0,EUR/MWh,PT,PT,imbalance_price,Short,2026-09-04T22:58:27Z
2026-09-04T22:55:56Z,2026-09-05T00:55:56+0200,b13917e3-ec31-4901-b784-2334101f7238,2026-08-31T05:15:00Z,2026-08-31T07:15:00+0200,128.03,EUR/MWh,PT,PT,imbalance_price,Long,2026-09-04T22:58:27Z
2026-09-04T22:55:56Z,2026-09-05T00:55:56+0200,b13917e3-ec31-4901-b784-2334101f7238,2026-08-31T05:15:00Z,2026-08-31T07:15:00+0200,220.67,EUR/MWh,PT,PT,imbalance_price,Short,2026-09-04T22:58:27Z
2026-09-04T22:55:56Z,2026-09-05T00:55:56+0200,b13917e3-ec31-4901-b784-2334101f7238,2026-08-31T05:30:00Z,2026-08-31T07:30:00+0200,131.03,EUR/MWh,PT,PT,imbalance_price,Long,2026-09-04T22:58:27Z
2026-09-04T22:55:56Z,2026-09-05T00:55:56+0200,b13917e3-ec31-4901-b784-2334101f7238,2026-08-31T05:30:00Z,2026-08-31T07:30:00+0200,203.35,EUR/MWh,PT,PT,imbalance_price,Short,2026-09-04T22:58:27Z
2026-09-04T22:55:56Z,2026-09-05T00:55:56+0200,b13917e3-ec31-4901-b784-2334101f7238,2026-08-31T05:45:00Z,2026-08-31T07:45:00+0200,170.97,EUR/MWh,PT,PT,imbalance_price,Long,2026-09-04T22:58:27Z
2026-09-04T22:55:56Z,2026-09-05T00:55:56+0200,b13917e3-ec31-4901-b784-2334101f7238,2026-08-31T05:45:00Z,2026-08-31T07:45:00+0200,170.97,EUR/MWh,PT,PT,imbalance_price,Short,2026-09-04T22:58:27Z
2026-09-04T22:55:56Z,2026-09-05T00:55:56+0200,b13917e3-ec31-4901-b784-2334101f7238,2026-08-31T06:00:00Z,2026-08-31T08:00:00+0200,142.42,EUR/MWh,PT,PT,imbalance_price,Long,2026-09-04T22:58:27Z
2026-09-04T22:55:56Z,2026-09-05T00:55:56+0200,b13917e3-ec31-4901-b784-2334101f7238,2026-08-31T06:00:00Z,2026-08-31T08:00:00+0200,243.0,EUR/MWh,PT,PT,imbalance_price,Short,2026-09-04T22:58:27Z
2026-09-04T22:55:56Z,2026-09-05T00:55:56+0200,b13917e3-ec31-4901-b784-2334101f7238,2026-08-31T06:15:00Z,2026-08-31T08:15:00+0200,141.55,EUR/MWh,PT,PT,imbalance_price,Long,2026-09-04T22:58:27Z
2026-09-04T22:55:56Z,2026-09-05T00:55:56+0200,b13917e3-ec31-4901-b784-2334101f7238,2026-08-31T06:15:00Z,2026-08-31T08:15:00+0200,218.44,EUR/MWh,PT,PT,imbalance_price,Short,2026-09-04T22:58:27Z
2026-09-04T22:55:56Z,2026-09-05T00:55:56+0200,b13917e3-ec31-4901-b784-2334101f7238,2026-08-31T06:30:00Z,2026-08-31T08:30:00+0200,137.0,EUR/MWh,PT,PT,imbalance_price,Long,2026-09-04T22:58:27Z
2026-09-04T22:55:56Z,2026-09-05T00:55:56+0200,b13917e3-ec31-4901-b784-2334101f7238,2026-08-31T06:30:00Z,2026-08-31T08:30:00+0200,176.53,EUR/MWh,PT,PT,imbalance_price,Short,2026-09-04T22:58:27Z
2026-09-04T22:55:56Z,2026-09-05T00:55:56+0200,b13917e3-ec31-4901-b784-2334101f7238,2026-08-31T06:45:00Z,2026-08-31T08:45:00+0200,110.29,EUR/MWh,PT,PT,imbalance_price,Long,2026-09-04T22:58:27Z
2026-09-04T22:55:56Z,2026-09-05T00:55:56+0200,b13917e3-ec31-4901-b784-2334101f7238,2026-08-31T06:45:00Z,2026-08-31T08:45:00+0200,110.29,EUR/MWh,PT,PT,imbalance_price,Short,2026-09-04T22:58:27Z
2026-09-04T22:55:56Z,2026-09-05T00:55:56+0200,b13917e3-ec31-4901-b784-2334101f7238,2026-08-31T07:00:00Z,2026-08-31T09:00:00+0200,69.2,EUR/MWh,PT,PT,imbalance_price,Long,2026-09-04T22:58:27Z
2026-09-04T22:55:56Z,2026-09-05T00:55:56+0200,b13917e3-ec31-4901-b784-2334101f7238,2026-08-31T07:00:00Z,2026-08-31T09:00:00+0200,69.2,EUR/MWh,PT,PT,imbalance_price,Short,2026-09-04T22:58:27Z
2026-09-04T22:55:56Z,2026-09-05T00:55:56+0200,b13917e3-ec31-4901-b784-2334101f7238,2026-08-31T07:15:00Z,2026-08-31T09:15:00+0200,50.0,EUR/MWh,PT,PT,imbalance_price,Long,2026-09-04T22:58:27Z
2026-09-04T22:55:56Z,2026-09-05T00:55:56+0200,b13917e3-ec31-4901-b784-2334101f7238,2026-08-31T07:15:00Z,2026-08-31T09:15:00+0200,50.0,EUR/MWh,PT,PT,imbalance_price,Short,2026-09-04T22:58:27Z
2026-09-04T22:55:56Z,2026-09-05T00:55:56+0200,b13917e3-ec31-4901-b784-2334101f7238,2026-08-31T07:30:00Z,2026-08-31T09:30:00+0200,-3.01,EUR/MWh,PT,PT,imbalance_price,Long,2026-09-04T22:58:27Z
2026-09-04T22:55:56Z,2026-09-05T00:55:56+0200,b13917e3-ec31-4901-b784-2334101f7238,2026-08-31T07:30:00Z,2026-08-31T09:30:00+0200,-3.01,EUR/MWh,PT,PT,imbalance_price,Short,2026-09-04T22:58:27Z
2026-09-04T22:55:56Z,2026-09-05T00:55:56+0200,b13917e3-ec31-4901-b784-2334101f7238,2026-08-31T07:45:00Z,2026-08-31T09:45:00+0200,-3.0,EUR/MWh,PT,PT,imbalance_price,Long,2026-09-04T22:58:27Z
2026-09-04T22:55:56Z,2026-09-05T00:55:56+0200,b13917e3-ec31-4901-b784-2334101f7238,2026-08-31T07:45:00Z,2026-08-31T09:45:00+0200,-3.0,EUR/MWh,PT,PT,imbalance_price,Short,2026-09-04T22:58:27Z
2026-09-04T22:55:56Z,2026-09-05T00:55:56+0200,b13917e3-ec31-4901-b784-2334101f7238,2026-08-31T08:00:00Z,2026-08-31T10:00:00+0200,-6.0,EUR/MWh,PT,PT,imbalance_price,Long,2026-09-04T22:58:27Z
2026-09-04T22:55:56Z,2026-09-05T00:55:56+0200,b13917e3-ec31-4901-b784-2334101f7238,2026-08-31T08:00:00Z,2026-08-31T10:00:00+0200,-6.0,EUR/MWh,PT,PT,imbalance_price,Short,2026-09-04T22:58:27Z
2026-09-04T22:55:56Z,2026-09-05T00:55:56+0200,b13917e3-ec31-4901-b784-2334101f7238,2026-08-31T08:15:00Z,2026-08-31T10:15:00+0200,-28.75,EUR/MWh,PT,PT,imbalance_price,Long,2026-09-04T22:58:27Z
2026-09-04T22:55:56Z,2026-09-05T00:55:56+0200,b13917e3-ec31-4901-b784-2334101f7238,2026-08-31T08:15:00Z,2026-08-31T10:15:00+0200,-28.75,EUR/MWh,PT,PT,imbalance_price,Short,2026-09-04T22:58:27Z
2026-09-04T22:55:56Z,2026-09-05T00:55:56+0200,b13917e3-ec31-4901-b784-2334101f7238,2026-08-31T08:30:00Z,2026-08-31T10:30:00+0200,-30.0,EUR/MWh,PT,PT,imbalance_price,Long,2026-09-04T22:58:27Z
2026-09-04T22:55:56Z,2026-09-05T00:55:56+0200,b13917e3-ec31-4901-b784-2334101f7238,2026-08-31T08:30:00Z,2026-08-31T10:30:00+0200,-30.0,EUR/MWh,PT,PT,imbalance_price,Short,2026-09-04T22:58:27Z
2026-09-04T22:55:56Z,2026-09-05T00:55:56+0200,b13917e3-ec31-4901-b784-2334101f7238,2026-08-31T08:45:00Z,2026-08-31T10:45:00+0200,-6.0,EUR/MWh,PT,PT,imbalance_price,Long,2026-09-04T22:58:27Z
2026-09-04T22:55:56Z,2026-09-05T00:55:56+0200,b13917e3-ec31-4901-b784-2334101f7238,2026-08-31T08:45:00Z,2026-08-31T10:45:00+0200,-6.0,EUR/MWh,PT,PT,imbalance_price,Short,2026-09-04T22:58:27Z
2026-09-04T22:55:56Z,2026-09-05T00:55:56+0200,b13917e3-ec31-4901-b784-2334101f7238,2026-08-31T09:00:00Z,2026-08-31T11:00:00+0200,-18.22,EUR/MWh,PT,PT,imbalance_price,Long,2026-09-04T22:58:27Z
2026-09-04T22:55:56Z,2026-09-05T00:55:56+0200,b13917e3-ec31-4901-b784-2334101f7238,2026-08-31T09:00:00Z,2026-08-31T11:00:00+0200,-18.22,EUR/MWh,PT,PT,imbalance_price,Short,2026-09-04T22:58:27Z
2026-09-04T22:55:56Z,2026-09-05T00:55:56+0200,b13917e3-ec31-4901-b784-2334101f7238,2026-08-31T09:15:00Z,2026-08-31T11:15:00+0200,-8.0,EUR/MWh,PT,PT,imbalance_price,Long,2026-09-04T22:58:27Z
2026-09-04T22:55:56Z,2026-09-05T00:55:56+0200,b13917e3-ec31-4901-b784-2334101f7238,2026-08-31T09:15:00Z,2026-08-31T11:15:00+0200,-8.0,EUR/MWh,PT,PT,imbalance_price,Short,2026-09-04T22:58:27Z
2026-09-04T22:55:56Z,2026-09-05T00:55:56+0200,b13917e3-ec31-4901-b784-2334101f7238,2026-08-31T09:30:00Z,2026-08-31T11:30:00+0200,-10.0,EUR/MWh,PT,PT,imbalance_price,Long,2026-09-04T22:58:27Z
2026-09-04T22:55:56Z,2026-09-05T00:55:56+0200,b13917e3-ec31-4901-b784-2334101f7238,2026-08-31T09:30:00Z,2026-08-31T11:30:00+0200,-10.0,EUR/MWh,PT,PT,imbalance_price,Short,2026-09-04T22:58:27Z
2026-09-04T22:55:56Z,2026-09-05T00:55:56+0200,b13917e3-ec31-4901-b784-2334101f7238,2026-08-31T09:45:00Z,2026-08-31T11:45:00+0200,-10.0,EUR/MWh,PT,PT,imbalance_price,Long,2026-09-04T22:58:27Z
2026-09-04T22:55:56Z,2026-09-05T00:55:56+0200,b13917e3-ec31-4901-b784-2334101f7238,2026-08-31T09:45:00Z,2026-08-31T11:45:00+0200,-10.0,EUR/MWh,PT,PT,imbalance_price,Short,2026-09-04T22:58:27Z
2026-09-04T22:55:56Z,2026-09-05T00:55:56+0200,b13917e3-ec31-4901-b784-2334101f7238,2026-08-31T10:00:00Z,2026-08-31T12:00:00+0200,-10.0,EUR/MWh,PT,PT,imbalance_price,Long,2026-09-04T22:58:27Z
2026-09-04T22:55:56Z,2026-09-05T00:55:56+0200,b13917e3-ec31-4901-b784-2334101f7238,2026-08-31T10:00:00Z,2026-08-31T12:00:00+0200,-10.0,EUR/MWh,PT,PT,imbalance_price,Short,2026-09-04T22:58:27Z
2026-09-04T22:55:56Z,2026-09-05T00:55:56+0200,b13917e3-ec31-4901-b784-2334101f7238,2026-08-31T10:15:00Z,2026-08-31T12:15:00+0200,-3.01,EUR/MWh,PT,PT,imbalance_price,Long,2026-09-04T22:58:27Z
2026-09-04T22:55:56Z,2026-09-05T00:55:56+0200,b13917e3-ec31-4901-b784-2334101f7238,2026-08-31T10:15:00Z,2026-08-31T12:15:00+0200,-3.01,EUR/MWh,PT,PT,imbalance_price,Short,2026-09-04T22:58:27Z
2026-09-04T22:55:56Z,2026-09-05T00:55:56+0200,b13917e3-ec31-4901-b784-2334101f7238,2026-08-31T10:30:00Z,2026-08-31T12:30:00+0200,-2.01,EUR/MWh,PT,PT,imbalance_price,Long,2026-09-04T22:58:27Z
2026-09-04T22:55:56Z,2026-09-05T00:55:56+0200,b13917e3-ec31-4901-b784-2334101f7238,2026-08-31T10:30:00Z,2026-08-31T12:30:00+0200,-2.01,EUR/MWh,PT,PT,imbalance_price,Short,2026-09-04T22:58:27Z
2026-09-04T22:55:56Z,2026-09-05T00:55:56+0200,b13917e3-ec31-4901-b784-2334101f7238,2026-08-31T10:45:00Z,2026-08-31T12:45:00+0200,-2.5,EUR/MWh,PT,PT,imbalance_price,Long,2026-09-04T22:58:27Z
2026-09-04T22:55:56Z,2026-09-05T00:55:56+0200,b13917e3-ec31-4901-b784-2334101f7238,2026-08-31T10:45:00Z,2026-08-31T12:45:00+0200,-2.5,EUR/MWh,PT,PT,imbalance_price,Short,2026-09-04T22:58:27Z
2026-09-04T22:55:56Z,2026-09-05T00:55:56+0200,b13917e3-ec31-4901-b784-2334101f7238,2026-08-31T11:00:00Z,2026-08-31T13:00:00+0200,0.0,EUR/MWh,PT,PT,imbalance_price,Long,2026-09-04T22:58:27Z
2026-09-04T22:55:56Z,2026-09-05T00:55:56+0200,b13917e3-ec31-4901-b784-2334101f7238,2026-08-31T11:00:00Z,2026-08-31T13:00:00+0200,0.0,EUR/MWh,PT,PT,imbalance_price,Short,2026-09-04T22:58:27Z
2026-09-04T22:55:56Z,2026-09-05T00:55:56+0200,b13917e3-ec31-4901-b784-2334101f7238,2026-08-31T11:15:00Z,2026-08-31T13:15:00+0200,-2.01,EUR/MWh,PT,PT,imbalance_price,Long,2026-09-04T22:58:27Z
2026-09-04T22:55:56Z,2026-09-05T00:55:56+0200,b13917e3-ec31-4901-b784-2334101f7238,2026-08-31T11:15:00Z,2026-08-31T13:15:00+0200,-2.01,EUR/MWh,PT,PT,imbalance_price,Short,2026-09-04T22:58:27Z
2026-09-04T22:55:56Z,2026-09-05T00:55:56+0200,b13917e3-ec31-4901-b784-2334101f7238,2026-08-31T11:30:00Z,2026-08-31T13:30:00+0200,-2.01,EUR/MWh,PT,PT,imbalance_price,Long,2026-09-04T22:58:27Z
2026-09-04T22:55:56Z,2026-09-05T00:55:56+0200,b13917e3-ec31-4901-b784-2334101f7238,2026-08-31T11:30:00Z,2026-08-31T13:30:00+0200,-2.01,EUR/MWh,PT,PT,imbalance_price,Short,2026-09-04T22:58:27Z
2026-09-04T22:55:56Z,2026-09-05T00:55:56+0200,b13917e3-ec31-4901-b784-2334101f7238,2026-08-31T11:45:00Z,2026-08-31T13:45:00+0200,0.0,EUR/MWh,PT,PT,imbalance_price,Long,2026-09-04T22:58:27Z
2026-09-04T22:55:56Z,2026-09-05T00:55:56+0200,b13917e3-ec31-4901-b784-2334101f7238,2026-08-31T11:45:00Z,2026-08-31T13:45:00+0200,0.0,EUR/MWh,PT,PT,imbalance_price,Short,2026-09-04T22:58:27Z
2026-09-04T22:55:56Z,2026-09-05T00:55:56+0200,b13917e3-ec31-4901-b784-2334101f7238,2026-08-31T12:00:00Z,2026-08-31T14:00:00+0200,0.0,EUR/MWh,PT,PT,imbalance_price,Long,2026-09-04T22:58:27Z
2026-09-04T22:55:56Z,2026-09-05T00:55:56+0200,b13917e3-ec31-4901-b784-2334101f7238,2026-08-31T12:00:00Z,2026-08-31T14:00:00+0200,0.0,EUR/MWh,PT,PT,imbalance_price,Short,2026-09-04T22:58:27Z
2026-09-04T22:55:56Z,2026-09-05T00:55:56+0200,b13917e3-ec31-4901-b784-2334101f7238,2026-08-31T12:15:00Z,2026-08-31T14:15:00+0200,0.0,EUR/MWh,PT,PT,imbalance_price,Long,2026-09-04T22:58:27Z
2026-09-04T22:55:56Z,2026-09-05T00:55:56+0200,b13917e3-ec31-4901-b784-2334101f7238,2026-08-31T12:15:00Z,2026-08-31T14:15:00+0200,0.0,EUR/MWh,PT,PT,imbalance_price,Short,2026-09-04T22:58:27Z
2026-09-04T22:55:56Z,2026-09-05T00:55:56+0200,b13917e3-ec31-4901-b784-2334101f7238,2026-08-31T12:30:00Z,2026-08-31T14:30:00+0200,0.0,EUR/MWh,PT,PT,imbalance_price,Long,2026-09-04T22:58:27Z
2026-09-04T22:55:56Z,2026-09-05T00:55:56+0200,b13917e3-ec31-4901-b784-2334101f7238,2026-08-31T12:30:00Z,2026-08-31T14:30:00+0200,0.0,EUR/MWh,PT,PT,imbalance_price,Short,2026-09-04T22:58:27Z
2026-09-04T22:55:56Z,2026-09-05T00:55:56+0200,b13917e3-ec31-4901-b784-2334101f7238,2026-08-31T12:45:00Z,2026-08-31T14:45:00+0200,0.0,EUR/MWh,PT,PT,imbalance_price,Long,2026-09-04T22:58:27Z
2026-09-04T22:55:56Z,2026-09-05T00:55:56+0200,b13917e3-ec31-4901-b784-2334101f7238,2026-08-31T12:45:00Z,2026-08-31T14:45:00+0200,0.0,EUR/MWh,PT,PT,imbalance_price,Short,2026-09-04T22:58:27Z
2026-09-04T22:55:56Z,2026-09-05T00:55:56+0200,b13917e3-ec31-4901-b784-2334101f7238,2026-08-31T13:00:00Z,2026-08-31T15:00:00+0200,0.0,EUR/MWh,PT,PT,imbalance_price,Long,2026-09-04T22:58:27Z
2026-09-04T22:55:56Z,2026-09-05T00:55:56+0200,b13917e3-ec31-4901-b784-2334101f7238,2026-08-31T13:00:00Z,2026-08-31T15:00:00+0200,0.0,EUR/MWh,PT,PT,imbalance_price,Short,2026-09-04T22:58:27Z
2026-09-04T22:55:56Z,2026-09-05T00:55:56+0200,b13917e3-ec31-4901-b784-2334101f7238,2026-08-31T13:15:00Z,2026-08-31T15:15:00+0200,0.0,EUR/MWh,PT,PT,imbalance_price,Long,2026-09-04T22:58:27Z
2026-09-04T22:55:56Z,2026-09-05T00:55:56+0200,b13917e3-ec31-4901-b784-2334101f7238,2026-08-31T13:15:00Z,2026-08-31T15:15:00+0200,0.0,EUR/MWh,PT,PT,imbalance_price,Short,2026-09-04T22:58:27Z
2026-09-04T22:55:56Z,2026-09-05T00:55:56+0200,b13917e3-ec31-4901-b784-2334101f7238,2026-08-31T13:30:00Z,2026-08-31T15:30:00+0200,0.0,EUR/MWh,PT,PT,imbalance_price,Long,2026-09-04T22:58:27Z
2026-09-04T22:55:56Z,2026-09-05T00:55:56+0200,b13917e3-ec31-4901-b784-2334101f7238,2026-08-31T13:30:00Z,2026-08-31T15:30:00+0200,0.0,EUR/MWh,PT,PT,imbalance_price,Short,2026-09-04T22:58:27Z
2026-09-04T22:55:56Z,2026-09-05T00:55:56+0200,b13917e3-ec31-4901-b784-2334101f7238,2026-08-31T13:45:00Z,2026-08-31T15:45:00+0200,0.0,EUR/MWh,PT,PT,imbalance_price,Long,2026-09-04T22:58:27Z
2026-09-04T22:55:56Z,2026-09-05T00:55:56+0200,b13917e3-ec31-4901-b784-2334101f7238,2026-08-31T13:45:00Z,2026-08-31T15:45:00+0200,0.0,EUR/MWh,PT,PT,imbalance_price,Short,2026-09-04T22:58:27Z
2026-09-04T22:55:56Z,2026-09-05T00:55:56+0200,b13917e3-ec31-4901-b784-2334101f7238,2026-08-31T14:00:00Z,2026-08-31T16:00:00+0200,0.0,EUR/MWh,PT,PT,imbalance_price,Long,2026-09-04T22:58:27Z
2026-09-04T22:55:56Z,2026-09-05T00:55:56+0200,b13917e3-ec31-4901-b784-2334101f7238,2026-08-31T14:00:00Z,2026-08-31T16:00:00+0200,0.0,EUR/MWh,PT,PT,imbalance_price,Short,2026-09-04T22:58:27Z
2026-09-04T22:55:56Z,2026-09-05T00:55:56+0200,b13917e3-ec31-4901-b784-2334101f7238,2026-08-31T14:15:00Z,2026-08-31T16:15:00+0200,0.0,EUR/MWh,PT,PT,imbalance_price,Long,2026-09-04T22:58:27Z
2026-09-04T22:55:56Z,2026-09-05T00:55:56+0200,b13917e3-ec31-4901-b784-2334101f7238,2026-08-31T14:15:00Z,2026-08-31T16:15:00+0200,0.0,EUR/MWh,PT,PT,imbalance_price,Short,2026-09-04T22:58:27Z
2026-09-04T22:55:56Z,2026-09-05T00:55:56+0200,b13917e3-ec31-4901-b784-2334101f7238,2026-08-31T14:30:00Z,2026-08-31T16:30:00+0200,0.0,EUR/MWh,PT,PT,imbalance_price,Long,2026-09-04T22:58:27Z
2026-09-04T22:55:56Z,2026-09-05T00:55:56+0200,b13917e3-ec31-4901-b784-2334101f7238,2026-08-31T14:30:00Z,2026-08-31T16:30:00+0200,0.0,EUR/MWh,PT,PT,imbalance_price,Short,2026-09-04T22:58:27Z
2026-09-04T22:55:56Z,2026-09-05T00:55:56+0200,b13917e3-ec31-4901-b784-2334101f7238,2026-08-31T14:45:00Z,2026-08-31T16:45:00+0200,0.0,EUR/MWh,PT,PT,imbalance_price,Long,2026-09-04T22:58:27Z
2026-09-04T22:55:56Z,2026-09-05T00:55:56+0200,b13917e3-ec31-4901-b784-2334101f7238,2026-08-31T14:45:00Z,2026-08-31T16:45:00+0200,0.0,EUR/MWh,PT,PT,imbalance_price,Short,2026-09-04T22:58:27Z
2026-09-04T22:55:56Z,2026-09-05T00:55:56+0200,b13917e3-ec31-4901-b784-2334101f7238,2026-08-31T15:00:00Z,2026-08-31T17:00:00+0200,-0.28,EUR/MWh,PT,PT,imbalance_price,Long,2026-09-04T22:58:27Z
2026-09-04T22:55:56Z,2026-09-05T00:55:56+0200,b13917e3-ec31-4901-b784-2334101f7238,2026-08-31T15:00:00Z,2026-08-31T17:00:00+0200,-0.28,EUR/MWh,PT,PT,imbalance_price,Short,2026-09-04T22:58:27Z
2026-09-04T22:55:56Z,2026-09-05T00:55:56+0200,b13917e3-ec31-4901-b784-2334101f7238,2026-08-31T15:15:00Z,2026-08-31T17:15:00+0200,-0.01,EUR/MWh,PT,PT,imbalance_price,Long,2026-09-04T22:58:27Z
2026-09-04T22:55:56Z,2026-09-05T00:55:56+0200,b13917e3-ec31-4901-b784-2334101f7238,2026-08-31T15:15:00Z,2026-08-31T17:15:00+0200,-0.01,EUR/MWh,PT,PT,imbalance_price,Short,2026-09-04T22:58:27Z
2026-09-04T22:55:56Z,2026-09-05T00:55:56+0200,b13917e3-ec31-4901-b784-2334101f7238,2026-08-31T15:30:00Z,2026-08-31T17:30:00+0200,0.0,EUR/MWh,PT,PT,imbalance_price,Long,2026-09-04T22:58:27Z
2026-09-04T22:55:56Z,2026-09-05T00:55:56+0200,b13917e3-ec31-4901-b784-2334101f7238,2026-08-31T15:30:00Z,2026-08-31T17:30:00+0200,0.0,EUR/MWh,PT,PT,imbalance_price,Short,2026-09-04T22:58:27Z
2026-09-04T22:55:56Z,2026-09-05T00:55:56+0200,b13917e3-ec31-4901-b784-2334101f7238,2026-08-31T15:45:00Z,2026-08-31T17:45:00+0200,3.01,EUR/MWh,PT,PT,imbalance_price,Long,2026-09-04T22:58:27Z
2026-09-04T22:55:56Z,2026-09-05T00:55:56+0200,b13917e3-ec31-4901-b784-2334101f7238,2026-08-31T15:45:00Z,2026-08-31T17:45:00+0200,3.01,EUR/MWh,PT,PT,imbalance_price,Short,2026-09-04T22:58:27Z
2026-09-04T22:55:56Z,2026-09-05T00:55:56+0200,b13917e3-ec31-4901-b784-2334101f7238,2026-08-31T16:00:00Z,2026-08-31T18:00:00+0200,4.11,EUR/MWh,PT,PT,imbalance_price,Long,2026-09-04T22:58:27Z
2026-09-04T22:55:56Z,2026-09-05T00:55:56+0200,b13917e3-ec31-4901-b784-2334101f7238,2026-08-31T16:00:00Z,2026-08-31T18:00:00+0200,4.11,EUR/MWh,PT,PT,imbalance_price,Short,2026-09-04T22:58:27Z
2026-09-04T22:55:56Z,2026-09-05T00:55:56+0200,b13917e3-ec31-4901-b784-2334101f7238,2026-08-31T16:15:00Z,2026-08-31T18:15:00+0200,0.16,EUR/MWh,PT,PT,imbalance_price,Long,2026-09-04T22:58:27Z
2026-09-04T22:55:56Z,2026-09-05T00:55:56+0200,b13917e3-ec31-4901-b784-2334101f7238,2026-08-31T16:15:00Z,2026-08-31T18:15:00+0200,0.16,EUR/MWh,PT,PT,imbalance_price,Short,2026-09-04T22:58:27Z
2026-09-04T22:55:56Z,2026-09-05T00:55:56+0200,b13917e3-ec31-4901-b784-2334101f7238,2026-08-31T16:30:00Z,2026-08-31T18:30:00+0200,40.11,EUR/MWh,PT,PT,imbalance_price,Long,2026-09-04T22:58:27Z
2026-09-04T22:55:56Z,2026-09-05T00:55:56+0200,b13917e3-ec31-4901-b784-2334101f7238,2026-08-31T16:30:00Z,2026-08-31T18:30:00+0200,108.48,EUR/MWh,PT,PT,imbalance_price,Short,2026-09-04T22:58:27Z
2026-09-04T22:55:56Z,2026-09-05T00:55:56+0200,b13917e3-ec31-4901-b784-2334101f7238,2026-08-31T16:45:00Z,2026-08-31T18:45:00+0200,74.03,EUR/MWh,PT,PT,imbalance_price,Long,2026-09-04T22:58:27Z
2026-09-04T22:55:56Z,2026-09-05T00:55:56+0200,b13917e3-ec31-4901-b784-2334101f7238,2026-08-31T16:45:00Z,2026-08-31T18:45:00+0200,144.32,EUR/MWh,PT,PT,imbalance_price,Short,2026-09-04T22:58:27Z
2026-09-04T22:55:56Z,2026-09-05T00:55:56+0200,b13917e3-ec31-4901-b784-2334101f7238,2026-08-31T17:00:00Z,2026-08-31T19:00:00+0200,70.11,EUR/MWh,PT,PT,imbalance_price,Long,2026-09-04T22:58:27Z
2026-09-04T22:55:56Z,2026-09-05T00:55:56+0200,b13917e3-ec31-4901-b784-2334101f7238,2026-08-31T17:00:00Z,2026-08-31T19:00:00+0200,144.32,EUR/MWh,PT,PT,imbalance_price,Short,2026-09-04T22:58:27Z
2026-09-04T22:55:56Z,2026-09-05T00:55:56+0200,b13917e3-ec31-4901-b784-2334101f7238,2026-08-31T17:15:00Z,2026-08-31T19:15:00+0200,111.89,EUR/MWh,PT,PT,imbalance_price,Long,2026-09-04T22:58:27Z
2026-09-04T22:55:56Z,2026-09-05T00:55:56+0200,b13917e3-ec31-4901-b784-2334101f7238,2026-08-31T17:15:00Z,2026-08-31T19:15:00+0200,191.99,EUR/MWh,PT,PT,imbalance_price,Short,2026-09-04T22:58:27Z
2026-09-04T22:55:56Z,2026-09-05T00:55:56+0200,b13917e3-ec31-4901-b784-2334101f7238,2026-08-31T17:30:00Z,2026-08-31T19:30:00+0200,141.55,EUR/MWh,PT,PT,imbalance_price,Long,2026-09-04T22:58:27Z
2026-09-04T22:55:56Z,2026-09-05T00:55:56+0200,b13917e3-ec31-4901-b784-2334101f7238,2026-08-31T17:30:00Z,2026-08-31T19:30:00+0200,218.44,EUR/MWh,PT,PT,imbalance_price,Short,2026-09-04T22:58:27Z
2026-09-04T22:55:56Z,2026-09-05T00:55:56+0200,b13917e3-ec31-4901-b784-2334101f7238,2026-08-31T17:45:00Z,2026-08-31T19:45:00+0200,156.97,EUR/MWh,PT,PT,imbalance_price,Long,2026-09-04T22:58:27Z
2026-09-04T22:55:56Z,2026-09-05T00:55:56+0200,b13917e3-ec31-4901-b784-2334101f7238,2026-08-31T17:45:00Z,2026-08-31T19:45:00+0200,252.11,EUR/MWh,PT,PT,imbalance_price,Short,2026-09-04T22:58:27Z
2026-09-04T22:55:56Z,2026-09-05T00:55:56+0200,b13917e3-ec31-4901-b784-2334101f7238,2026-08-31T18:00:00Z,2026-08-31T20:00:00+0200,159.67,EUR/MWh,PT,PT,imbalance_price,Long,2026-09-04T22:58:27Z
2026-09-04T22:55:56Z,2026-09-05T00:55:56+0200,b13917e3-ec31-4901-b784-2334101f7238,2026-08-31T18:00:00Z,2026-08-31T20:00:00+0200,237.21,EUR/MWh,PT,PT,imbalance_price,Short,2026-09-04T22:58:27Z
2026-09-04T22:55:56Z,2026-09-05T00:55:56+0200,b13917e3-ec31-4901-b784-2334101f7238,2026-08-31T18:15:00Z,2026-08-31T20:15:00+0200,227.29,EUR/MWh,PT,PT,imbalance_price,Long,2026-09-04T22:58:27Z
2026-09-04T22:55:56Z,2026-09-05T00:55:56+0200,b13917e3-ec31-4901-b784-2334101f7238,2026-08-31T18:15:00Z,2026-08-31T20:15:00+0200,227.29,EUR/MWh,PT,PT,imbalance_price,Short,2026-09-04T22:58:27Z
2026-09-04T22:55:56Z,2026-09-05T00:55:56+0200,b13917e3-ec31-4901-b784-2334101f7238,2026-08-31T18:30:00Z,2026-08-31T20:30:00+0200,236.34,EUR/MWh,PT,PT,imbalance_price,Long,2026-09-04T22:58:27Z
2026-09-04T22:55:56Z,2026-09-05T00:55:56+0200,b13917e3-ec31-4901-b784-2334101f7238,2026-08-31T18:30:00Z,2026-08-31T20:30:00+0200,236.34,EUR/MWh,PT,PT,imbalance_price,Short,2026-09-04T22:58:27Z
2026-09-04T22:55:56Z,2026-09-05T00:55:56+0200,b13917e3-ec31-4901-b784-2334101f7238,2026-08-31T18:45:00Z,2026-08-31T20:45:00+0200,218.02,EUR/MWh,PT,PT,imbalance_price,Long,2026-09-04T22:58:27Z
2026-09-04T22:55:56Z,2026-09-05T00:55:56+0200,b13917e3-ec31-4901-b784-2334101f7238,2026-08-31T18:45:00Z,2026-08-31T20:45:00+0200,218.02,EUR/MWh,PT,PT,imbalance_price,Short,2026-09-04T22:58:27Z
2026-09-04T22:55:56Z,2026-09-05T00:55:56+0200,b13917e3-ec31-4901-b784-2334101f7238,2026-08-31T19:00:00Z,2026-08-31T21:00:00+0200,217.63,EUR/MWh,PT,PT,imbalance_price,Long,2026-09-04T22:58:27Z
2026-09-04T22:55:56Z,2026-09-05T00:55:56+0200,b13917e3-ec31-4901-b784-2334101f7238,2026-08-31T19:00:00Z,2026-08-31T21:00:00+0200,217.63,EUR/MWh,PT,PT,imbalance_price,Short,2026-09-04T22:58:27Z
2026-09-04T22:55:56Z,2026-09-05T00:55:56+0200,b13917e3-ec31-4901-b784-2334101f7238,2026-08-31T19:15:00Z,2026-08-31T21:15:00+0200,218.1,EUR/MWh,PT,PT,imbalance_price,Long,2026-09-04T22:58:27Z
2026-09-04T22:55:56Z,2026-09-05T00:55:56+0200,b13917e3-ec31-4901-b784-2334101f7238,2026-08-31T19:15:00Z,2026-08-31T21:15:00+0200,218.1,EUR/MWh,PT,PT,imbalance_price,Short,2026-09-04T22:58:27Z
2026-09-04T22:55:56Z,2026-09-05T00:55:56+0200,b13917e3-ec31-4901-b784-2334101f7238,2026-08-31T19:30:00Z,2026-08-31T21:30:00+0200,212.26,EUR/MWh,PT,PT,imbalance_price,Long,2026-09-04T22:58:27Z
2026-09-04T22:55:56Z,2026-09-05T00:55:56+0200,b13917e3-ec31-4901-b784-2334101f7238,2026-08-31T19:30:00Z,2026-08-31T21:30:00+0200,212.26,EUR/MWh,PT,PT,imbalance_price,Short,2026-09-04T22:58:27Z
2026-09-04T22:55:56Z,2026-09-05T00:55:56+0200,b13917e3-ec31-4901-b784-2334101f7238,2026-08-31T19:45:00Z,2026-08-31T21:45:00+0200,164.83,EUR/MWh,PT,PT,imbalance_price,Long,2026-09-04T22:58:27Z
2026-09-04T22:55:56Z,2026-09-05T00:55:56+0200,b13917e3-ec31-4901-b784-2334101f7238,2026-08-31T19:45:00Z,2026-08-31T21:45:00+0200,188.87,EUR/MWh,PT,PT,imbalance_price,Short,2026-09-04T22:58:27Z
2026-09-04T22:55:56Z,2026-09-05T00:55:56+0200,b13917e3-ec31-4901-b784-2334101f7238,2026-08-31T20:00:00Z,2026-08-31T22:00:00+0200,184.48,EUR/MWh,PT,PT,imbalance_price,Long,2026-09-04T22:58:27Z
2026-09-04T22:55:56Z,2026-09-05T00:55:56+0200,b13917e3-ec31-4901-b784-2334101f7238,2026-08-31T20:00:00Z,2026-08-31T22:00:00+0200,184.48,EUR/MWh,PT,PT,imbalance_price,Short,2026-09-04T22:58:27Z
2026-09-04T22:55:56Z,2026-09-05T00:55:56+0200,b13917e3-ec31-4901-b784-2334101f7238,2026-08-31T20:15:00Z,2026-08-31T22:15:00+0200,176.53,EUR/MWh,PT,PT,imbalance_price,Long,2026-09-04T22:58:27Z
2026-09-04T22:55:56Z,2026-09-05T00:55:56+0200,b13917e3-ec31-4901-b784-2334101f7238,2026-08-31T20:15:00Z,2026-08-31T22:15:00+0200,176.53,EUR/MWh,PT,PT,imbalance_price,Short,2026-09-04T22:58:27Z
2026-09-04T22:55:56Z,2026-09-05T00:55:56+0200,b13917e3-ec31-4901-b784-2334101f7238,2026-08-31T20:30:00Z,2026-08-31T22:30:00+0200,169.93,EUR/MWh,PT,PT,imbalance_price,Long,2026-09-04T22:58:27Z
2026-09-04T22:55:56Z,2026-09-05T00:55:56+0200,b13917e3-ec31-4901-b784-2334101f7238,2026-08-31T20:30:00Z,2026-08-31T22:30:00+0200,169.93,EUR/MWh,PT,PT,imbalance_price,Short,2026-09-04T22:58:27Z
2026-09-04T22:55:56Z,2026-09-05T00:55:56+0200,b13917e3-ec31-4901-b784-2334101f7238,2026-08-31T20:45:00Z,2026-08-31T22:45:00+0200,182.91,EUR/MWh,PT,PT,imbalance_price,Long,2026-09-04T22:58:27Z
2026-09-04T22:55:56Z,2026-09-05T00:55:56+0200,b13917e3-ec31-4901-b784-2334101f7238,2026-08-31T20:45:00Z,2026-08-31T22:45:00+0200,182.91,EUR/MWh,PT,PT,imbalance_price,Short,2026-09-04T22:58:27Z
2026-09-04T22:55:56Z,2026-09-05T00:55:56+0200,b13917e3-ec31-4901-b784-2334101f7238,2026-08-31T21:00:00Z,2026-08-31T23:00:00+0200,179.13,EUR/MWh,PT,PT,imbalance_price,Long,2026-09-04T22:58:27Z
2026-09-04T22:55:56Z,2026-09-05T00:55:56+0200,b13917e3-ec31-4901-b784-2334101f7238,2026-08-31T21:00:00Z,2026-08-31T23:00:00+0200,179.13,EUR/MWh,PT,PT,imbalance_price,Short,2026-09-04T22:58:27Z
2026-09-04T22:55:56Z,2026-09-05T00:55:56+0200,b13917e3-ec31-4901-b784-2334101f7238,2026-08-31T21:15:00Z,2026-08-31T23:15:00+0200,142.39,EUR/MWh,PT,PT,imbalance_price,Long,2026-09-04T22:58:27Z
2026-09-04T22:55:56Z,2026-09-05T00:55:56+0200,b13917e3-ec31-4901-b784-2334101f7238,2026-08-31T21:15:00Z,2026-08-31T23:15:00+0200,165.48,EUR/MWh,PT,PT,imbalance_price,Short,2026-09-04T22:58:27Z
2026-09-04T22:55:56Z,2026-09-05T00:55:56+0200,b13917e3-ec31-4901-b784-2334101f7238,2026-08-31T21:30:00Z,2026-08-31T23:30:00+0200,166.84,EUR/MWh,PT,PT,imbalance_price,Long,2026-09-04T22:58:27Z
2026-09-04T22:55:56Z,2026-09-05T00:55:56+0200,b13917e3-ec31-4901-b784-2334101f7238,2026-08-31T21:30:00Z,2026-08-31T23:30:00+0200,166.84,EUR/MWh,PT,PT,imbalance_price,Short,2026-09-04T22:58:27Z
2026-09-04T22:55:56Z,2026-09-05T00:55:56+0200,b13917e3-ec31-4901-b784-2334101f7238,2026-08-31T21:45:00Z,2026-08-31T23:45:00+0200,171.16,EUR/MWh,PT,PT,imbalance_price,Long,2026-09-04T22:58:27Z
2026-09-04T22:55:56Z,2026-09-05T00:55:56+0200,b13917e3-ec31-4901-b784-2334101f7238,2026-08-31T21:45:00Z,2026-08-31T23:45:00+0200,171.16,EUR/MWh,PT,PT,imbalance_price,Short,2026-09-04T22:58:27Z
2026-09-04T22:55:56Z,2026-09-05T00:55:56+0200,b13917e3-ec31-4901-b784-2334101f7238,2026-08-31T22:00:00Z,2026-09-01T00:00:00+0200,139.09,EUR/MWh,PT,PT,imbalance_price,Long,2026-09-04T22:58:27Z
2026-09-04T22:55:56Z,2026-09-05T00:55:56+0200,b13917e3-ec31-4901-b784-2334101f7238,2026-08-31T22:00:00Z,2026-09-01T00:00:00+0200,216.29,EUR/MWh,PT,PT,imbalance_price,Short,2026-09-04T22:58:27Z
2026-09-04T22:55:56Z,2026-09-05T00:55:56+0200,b13917e3-ec31-4901-b784-2334101f7238,2026-08-31T22:15:00Z,2026-09-01T00:15:00+0200,142.22,EUR/MWh,PT,PT,imbalance_price,Long,2026-09-04T22:58:27Z
2026-09-04T22:55:56Z,2026-09-05T00:55:56+0200,b13917e3-ec31-4901-b784-2334101f7238,2026-08-31T22:15:00Z,2026-09-01T00:15:00+0200,214.2,EUR/MWh,PT,PT,imbalance_price,Short,2026-09-04T22:58:27Z
2026-09-04T22:55:56Z,2026-09-05T00:55:56+0200,b13917e3-ec31-4901-b784-2334101f7238,2026-08-31T22:30:00Z,2026-09-01T00:30:00+0200,146.34,EUR/MWh,PT,PT,imbalance_price,Long,2026-09-04T22:58:27Z
2026-09-04T22:55:56Z,2026-09-05T00:55:56+0200,b13917e3-ec31-4901-b784-2334101f7238,2026-08-31T22:30:00Z,2026-09-01T00:30:00+0200,210.0,EUR/MWh,PT,PT,imbalance_price,Short,2026-09-04T22:58:27Z
2026-09-04T22:55:56Z,2026-09-05T00:55:56+0200,b13917e3-ec31-4901-b784-2334101f7238,2026-08-31T22:45:00Z,2026-09-01T00:45:00+0200,150.88,EUR/MWh,PT,PT,imbalance_price,Long,2026-09-04T22:58:27Z
2026-09-04T22:55:56Z,2026-09-05T00:55:56+0200,b13917e3-ec31-4901-b784-2334101f7238,2026-08-31T22:45:00Z,2026-09-01T00:45:00+0200,150.88,EUR/MWh,PT,PT,imbalance_price,Short,2026-09-04T22:58:27Z
2026-09-04T22:55:56Z,2026-09-05T00:55:56+0200,b13917e3-ec31-4901-b784-2334101f7238,2026-08-31T23:00:00Z,2026-09-01T01:00:00+0200,154.69,EUR/MWh,PT,PT,imbalance_price,Long,2026-09-04T22:58:27Z
2026-09-04T22:55:56Z,2026-09-05T00:55:56+0200,b13917e3-ec31-4901-b784-2334101f7238,2026-08-31T23:00:00Z,2026-09-01T01:00:00+0200,212.99,EUR/MWh,PT,PT,imbalance_price,Short,2026-09-04T22:58:27Z
2026-09-04T22:55:56Z,2026-09-05T00:55:56+0200,b13917e3-ec31-4901-b784-2334101f7238,2026-08-31T23:15:00Z,2026-09-01T01:15:00+0200,157.05,EUR/MWh,PT,PT,imbalance_price,Long,2026-09-04T22:58:27Z
2026-09-04T22:55:56Z,2026-09-05T00:55:56+0200,b13917e3-ec31-4901-b784-2334101f7238,2026-08-31T23:15:00Z,2026-09-01T01:15:00+0200,212.99,EUR/MWh,PT,PT,imbalance_price,Short,2026-09-04T22:58:27Z
2026-09-04T22:55:56Z,2026-09-05T00:55:56+0200,b13917e3-ec31-4901-b784-2334101f7238,2026-08-31T23:30:00Z,2026-09-01T01:30:00+0200,210.8,EUR/MWh,PT,PT,imbalance_price,Long,2026-09-04T22:58:27Z
2026-09-04T22:55:56Z,2026-09-05T00:55:56+0200,b13917e3-ec31-4901-b784-2334101f7238,2026-08-31T23:30:00Z,2026-09-01T01:30:00+0200,210.8,EUR/MWh,PT,PT,imbalance_price,Short,2026-09-04T22:58:27Z
2026-09-04T22:55:56Z,2026-09-05T00:55:56+0200,b13917e3-ec31-4901-b784-2334101f7238,2026-08-31T23:45:00Z,2026-09-01T01:45:00+0200,146.71,EUR/MWh,PT,PT,imbalance_price,Long,2026-09-04T22:58:27Z
2026-09-04T22:55:56Z,2026-09-05T00:55:56+0200,b13917e3-ec31-4901-b784-2334101f7238,2026-08-31T23:45:00Z,2026-09-01T01:45:00+0200,146.71,EUR/MWh,PT,PT,imbalance_price,Short,2026-09-04T22:58:27Z
2026-09-04T22:55:56Z,2026-09-05T00:55:56+0200,b13917e3-ec31-4901-b784-2334101f7238,2026-09-01T00:00:00Z,2026-09-01T02:00:00+0200,170.79,EUR/MWh,PT,PT,imbalance_price,Long,2026-09-04T22:58:27Z
2026-09-04T22:55:56Z,2026-09-05T00:55:56+0200,b13917e3-ec31-4901-b784-2334101f7238,2026-09-01T00:00:00Z,2026-09-01T02:00:00+0200,170.79,EUR/MWh,PT,PT,imbalance_price,Short,2026-09-04T22:58:27Z
2026-09-04T22:55:56Z,2026-09-05T00:55:56+0200,b13917e3-ec31-4901-b784-2334101f7238,2026-09-01T00:15:00Z,2026-09-01T02:15:00+0200,155.83,EUR/MWh,PT,PT,imbalance_price,Long,2026-09-04T22:58:27Z
2026-09-04T22:55:56Z,2026-09-05T00:55:56+0200,b13917e3-ec31-4901-b784-2334101f7238,2026-09-01T00:15:00Z,2026-09-01T02:15:00+0200,198.79,EUR/MWh,PT,PT,imbalance_price,Short,2026-09-04T22:58:27Z
2026-09-04T22:55:56Z,2026-09-05T00:55:56+0200,b13917e3-ec31-4901-b784-2334101f7238,2026-09-01T00:30:00Z,2026-09-01T02:30:00+0200,155.41,EUR/MWh,PT,PT,imbalance_price,Long,2026-09-04T22:58:27Z
2026-09-04T22:55:56Z,2026-09-05T00:55:56+0200,b13917e3-ec31-4901-b784-2334101f7238,2026-09-01T00:30:00Z,2026-09-01T02:30:00+0200,198.79,EUR/MWh,PT,PT,imbalance_price,Short,2026-09-04T22:58:27Z
2026-09-04T22:55:56Z,2026-09-05T00:55:56+0200,b13917e3-ec31-4901-b784-2334101f7238,2026-09-01T00:45:00Z,2026-09-01T02:45:00+0200,155.66,EUR/MWh,PT,PT,imbalance_price,Long,2026-09-04T22:58:27Z
2026-09-04T22:55:56Z,2026-09-05T00:55:56+0200,b13917e3-ec31-4901-b784-2334101f7238,2026-09-01T00:45:00Z,2026-09-01T02:45:00+0200,198.79,EUR/MWh,PT,PT,imbalance_price,Short,2026-09-04T22:58:27Z
2026-09-04T22:55:56Z,2026-09-05T00:55:56+0200,b13917e3-ec31-4901-b784-2334101f7238,2026-09-01T01:00:00Z,2026-09-01T03:00:00+0200,150.07,EUR/MWh,PT,PT,imbalance_price,Long,2026-09-04T22:58:27Z
2026-09-04T22:55:56Z,2026-09-05T00:55:56+0200,b13917e3-ec31-4901-b784-2334101f7238,2026-09-01T01:00:00Z,2026-09-01T03:00:00+0200,198.0,EUR/MWh,PT,PT,imbalance_price,Short,2026-09-04T22:58:27Z
2026-09-04T22:55:56Z,2026-09-05T00:55:56+0200,b13917e3-ec31-4901-b784-2334101f7238,2026-09-01T01:15:00Z,2026-09-01T03:15:00+0200,144.69,EUR/MWh,PT,PT,imbalance_price,Long,2026-09-04T22:58:27Z
2026-09-04T22:55:56Z,2026-09-05T00:55:56+0200,b13917e3-ec31-4901-b784-2334101f7238,2026-09-01T01:15:00Z,2026-09-01T03:15:00+0200,144.69,EUR/MWh,PT,PT,imbalance_price,Short,2026-09-04T22:58:27Z
2026-09-04T22:55:56Z,2026-09-05T00:55:56+0200,b13917e3-ec31-4901-b784-2334101f7238,2026-09-01T01:30:00Z,2026-09-01T03:30:00+0200,146.22,EUR/MWh,PT,PT,imbalance_price,Long,2026-09-04T22:58:27Z
2026-09-04T22:55:56Z,2026-09-05T00:55:56+0200,b13917e3-ec31-4901-b784-2334101f7238,2026-09-01T01:30:00Z,2026-09-01T03:30:00+0200,146.22,EUR/MWh,PT,PT,imbalance_price,Short,2026-09-04T22:58:27Z
2026-09-04T22:55:56Z,2026-09-05T00:55:56+0200,b13917e3-ec31-4901-b784-2334101f7238,2026-09-01T01:45:00Z,2026-09-01T03:45:00+0200,147.23,EUR/MWh,PT,PT,imbalance_price,Long,2026-09-04T22:58:27Z
2026-09-04T22:55:56Z,2026-09-05T00:55:56+0200,b13917e3-ec31-4901-b784-2334101f7238,2026-09-01T01:45:00Z,2026-09-01T03:45:00+0200,147.23,EUR/MWh,PT,PT,imbalance_price,Short,2026-09-04T22:58:27Z
2026-09-04T22:55:56Z,2026-09-05T00:55:56+0200,b13917e3-ec31-4901-b784-2334101f7238,2026-09-01T02:00:00Z,2026-09-01T04:00:00+0200,121.07,EUR/MWh,PT,PT,imbalance_price,Long,2026-09-04T22:58:27Z
2026-09-04T22:55:56Z,2026-09-05T00:55:56+0200,b13917e3-ec31-4901-b784-2334101f7238,2026-09-01T02:00:00Z,2026-09-01T04:00:00+0200,121.07,EUR/MWh,PT,PT,imbalance_price,Short,2026-09-04T22:58:27Z
2026-09-04T22:55:56Z,2026-09-05T00:55:56+0200,b13917e3-ec31-4901-b784-2334101f7238,2026-09-01T02:15:00Z,2026-09-01T04:15:00+0200,123.12,EUR/MWh,PT,PT,imbalance_price,Long,2026-09-04T22:58:27Z
2026-09-04T22:55:56Z,2026-09-05T00:55:56+0200,b13917e3-ec31-4901-b784-2334101f7238,2026-09-01T02:15:00Z,2026-09-01T04:15:00+0200,123.12,EUR/MWh,PT,PT,imbalance_price,Short,2026-09-04T22:58:27Z
2026-09-04T22:55:56Z,2026-09-05T00:55:56+0200,b13917e3-ec31-4901-b784-2334101f7238,2026-09-01T02:30:00Z,2026-09-01T04:30:00+0200,121.07,EUR/MWh,PT,PT,imbalance_price,Long,2026-09-04T22:58:27Z
2026-09-04T22:55:56Z,2026-09-05T00:55:56+0200,b13917e3-ec31-4901-b784-2334101f7238,2026-09-01T02:30:00Z,2026-09-01T04:30:00+0200,121.07,EUR/MWh,PT,PT,imbalance_price,Short,2026-09-04T22:58:27Z
2026-09-04T22:55:56Z,2026-09-05T00:55:56+0200,b13917e3-ec31-4901-b784-2334101f7238,2026-09-01T02:45:00Z,2026-09-01T04:45:00+0200,121.53,EUR/MWh,PT,PT,imbalance_price,Long,2026-09-04T22:58:27Z
2026-09-04T22:55:56Z,2026-09-05T00:55:56+0200,b13917e3-ec31-4901-b784-2334101f7238,2026-09-01T02:45:00Z,2026-09-01T04:45:00+0200,121.53,EUR/MWh,PT,PT,imbalance_price,Short,2026-09-04T22:58:27Z
2026-09-04T22:55:56Z,2026-09-05T00:55:56+0200,b13917e3-ec31-4901-b784-2334101f7238,2026-09-01T03:00:00Z,2026-09-01T05:00:00+0200,121.06,EUR/MWh,PT,PT,imbalance_price,Long,2026-09-04T22:58:27Z
2026-09-04T22:55:56Z,2026-09-05T00:55:56+0200,b13917e3-ec31-4901-b784-2334101f7238,2026-09-01T03:00:00Z,2026-09-01T05:00:00+0200,121.06,EUR/MWh,PT,PT,imbalance_price,Short,2026-09-04T22:58:27Z
2026-09-04T22:55:56Z,2026-09-05T00:55:56+0200,b13917e3-ec31-4901-b784-2334101f7238,2026-09-01T03:15:00Z,2026-09-01T05:15:00+0200,120.81,EUR/MWh,PT,PT,imbalance_price,Long,2026-09-04T22:58:27Z
2026-09-04T22:55:56Z,2026-09-05T00:55:56+0200,b13917e3-ec31-4901-b784-2334101f7238,2026-09-01T03:15:00Z,2026-09-01T05:15:00+0200,120.81,EUR/MWh,PT,PT,imbalance_price,Short,2026-09-04T22:58:27Z
2026-09-04T22:55:56Z,2026-09-05T00:55:56+0200,b13917e3-ec31-4901-b784-2334101f7238,2026-09-01T03:30:00Z,2026-09-01T05:30:00+0200,138.21,EUR/MWh,PT,PT,imbalance_price,Long,2026-09-04T22:58:27Z
2026-09-04T22:55:56Z,2026-09-05T00:55:56+0200,b13917e3-ec31-4901-b784-2334101f7238,2026-09-01T03:30:00Z,2026-09-01T05:30:00+0200,215.16,EUR/MWh,PT,PT,imbalance_price,Short,2026-09-04T22:58:27Z
2026-09-04T22:55:56Z,2026-09-05T00:55:56+0200,b13917e3-ec31-4901-b784-2334101f7238,2026-09-01T03:45:00Z,2026-09-01T05:45:00+0200,131.07,EUR/MWh,PT,PT,imbalance_price,Long,2026-09-04T22:58:27Z
2026-09-04T22:55:56Z,2026-09-05T00:55:56+0200,b13917e3-ec31-4901-b784-2334101f7238,2026-09-01T03:45:00Z,2026-09-01T05:45:00+0200,216.0,EUR/MWh,PT,PT,imbalance_price,Short,2026-09-04T22:58:27Z
2026-09-04T22:55:56Z,2026-09-05T00:55:56+0200,b13917e3-ec31-4901-b784-2334101f7238,2026-09-01T04:00:00Z,2026-09-01T06:00:00+0200,130.0,EUR/MWh,PT,PT,imbalance_price,Long,2026-09-04T22:58:27Z
2026-09-04T22:55:56Z,2026-09-05T00:55:56+0200,b13917e3-ec31-4901-b784-2334101f7238,2026-09-01T04:00:00Z,2026-09-01T06:00:00+0200,218.99,EUR/MWh,PT,PT,imbalance_price,Short,2026-09-04T22:58:27Z
2026-09-04T22:55:56Z,2026-09-05T00:55:56+0200,b13917e3-ec31-4901-b784-2334101f7238,2026-09-01T04:15:00Z,2026-09-01T06:15:00+0200,138.21,EUR/MWh,PT,PT,imbalance_price,Long,2026-09-04T22:58:27Z
2026-09-04T22:55:56Z,2026-09-05T00:55:56+0200,b13917e3-ec31-4901-b784-2334101f7238,2026-09-01T04:15:00Z,2026-09-01T06:15:00+0200,231.18,EUR/MWh,PT,PT,imbalance_price,Short,2026-09-04T22:58:27Z
2026-09-04T22:55:56Z,2026-09-05T00:55:56+0200,b13917e3-ec31-4901-b784-2334101f7238,2026-09-01T04:30:00Z,2026-09-01T06:30:00+0200,157.45,EUR/MWh,PT,PT,imbalance_price,Long,2026-09-04T22:58:27Z
2026-09-04T22:55:56Z,2026-09-05T00:55:56+0200,b13917e3-ec31-4901-b784-2334101f7238,2026-09-01T04:30:00Z,2026-09-01T06:30:00+0200,157.45,EUR/MWh,PT,PT,imbalance_price,Short,2026-09-04T22:58:27Z
2026-09-04T22:55:56Z,2026-09-05T00:55:56+0200,b13917e3-ec31-4901-b784-2334101f7238,2026-09-01T04:45:00Z,2026-09-01T06:45:00+0200,158.42,EUR/MWh,PT,PT,imbalance_price,Long,2026-09-04T22:58:27Z
2026-09-04T22:55:56Z,2026-09-05T00:55:56+0200,b13917e3-ec31-4901-b784-2334101f7238,2026-09-01T04:45:00Z,2026-09-01T06:45:00+0200,158.42,EUR/MWh,PT,PT,imbalance_price,Short,2026-09-04T22:58:27Z
2026-09-04T22:55:56Z,2026-09-05T00:55:56+0200,b13917e3-ec31-4901-b784-2334101f7238,2026-09-01T05:00:00Z,2026-09-01T07:00:00+0200,159.19,EUR/MWh,PT,PT,imbalance_price,Long,2026-09-04T22:58:27Z
2026-09-04T22:55:56Z,2026-09-05T00:55:56+0200,b13917e3-ec31-4901-b784-2334101f7238,2026-09-01T05:00:00Z,2026-09-01T07:00:00+0200,159.19,EUR/MWh,PT,PT,imbalance_price,Short,2026-09-04T22:58:27Z
2026-09-04T22:55:56Z,2026-09-05T00:55:56+0200,b13917e3-ec31-4901-b784-2334101f7238,2026-09-01T05:15:00Z,2026-09-01T07:15:00+0200,97.11,EUR/MWh,PT,PT,imbalance_price,Long,2026-09-04T22:58:27Z
2026-09-04T22:55:56Z,2026-09-05T00:55:56+0200,b13917e3-ec31-4901-b784-2334101f7238,2026-09-01T05:15:00Z,2026-09-01T07:15:00+0200,255.29,EUR/MWh,PT,PT,imbalance_price,Short,2026-09-04T22:58:27Z
2026-09-04T22:55:56Z,2026-09-05T00:55:56+0200,b13917e3-ec31-4901-b784-2334101f7238,2026-09-01T05:30:00Z,2026-09-01T07:30:00+0200,120.23,EUR/MWh,PT,PT,imbalance_price,Long,2026-09-04T22:58:27Z
2026-09-04T22:55:56Z,2026-09-05T00:55:56+0200,b13917e3-ec31-4901-b784-2334101f7238,2026-09-01T05:30:00Z,2026-09-01T07:30:00+0200,120.23,EUR/MWh,PT,PT,imbalance_price,Short,2026-09-04T22:58:27Z
2026-09-04T22:55:56Z,2026-09-05T00:55:56+0200,b13917e3-ec31-4901-b784-2334101f7238,2026-09-01T05:45:00Z,2026-09-01T07:45:00+0200,167.76,EUR/MWh,PT,PT,imbalance_price,Long,2026-09-04T22:58:27Z
2026-09-04T22:55:56Z,2026-09-05T00:55:56+0200,b13917e3-ec31-4901-b784-2334101f7238,2026-09-01T05:45:00Z,2026-09-01T07:45:00+0200,167.76,EUR/MWh,PT,PT,imbalance_price,Short,2026-09-04T22:58:27Z
2026-09-04T22:55:56Z,2026-09-05T00:55:56+0200,b13917e3-ec31-4901-b784-2334101f7238,2026-09-01T06:00:00Z,2026-09-01T08:00:00+0200,158.57,EUR/MWh,PT,PT,imbalance_price,Long,2026-09-04T22:58:27Z
2026-09-04T22:55:56Z,2026-09-05T00:55:56+0200,b13917e3-ec31-4901-b784-2334101f7238,2026-09-01T06:00:00Z,2026-09-01T08:00:00+0200,158.57,EUR/MWh,PT,PT,imbalance_price,Short,2026-09-04T22:58:27Z
2026-09-04T22:55:56Z,2026-09-05T00:55:56+0200,b13917e3-ec31-4901-b784-2334101f7238,2026-09-01T06:15:00Z,2026-09-01T08:15:00+0200,153.59,EUR/MWh,PT,PT,imbalance_price,Long,2026-09-04T22:58:27Z
2026-09-04T22:55:56Z,2026-09-05T00:55:56+0200,b13917e3-ec31-4901-b784-2334101f7238,2026-09-01T06:15:00Z,2026-09-01T08:15:00+0200,246.0,EUR/MWh,PT,PT,imbalance_price,Short,2026-09-04T22:58:27Z
2026-09-04T22:55:56Z,2026-09-05T00:55:56+0200,b13917e3-ec31-4901-b784-2334101f7238,2026-09-01T06:30:00Z,2026-09-01T08:30:00+0200,155.96,EUR/MWh,PT,PT,imbalance_price,Long,2026-09-04T22:58:27Z
2026-09-04T22:55:56Z,2026-09-05T00:55:56+0200,b13917e3-ec31-4901-b784-2334101f7238,2026-09-01T06:30:00Z,2026-09-01T08:30:00+0200,225.22,EUR/MWh,PT,PT,imbalance_price,Short,2026-09-04T22:58:27Z
2026-09-04T22:55:56Z,2026-09-05T00:55:56+0200,b13917e3-ec31-4901-b784-2334101f7238,2026-09-01T06:45:00Z,2026-09-01T08:45:00+0200,135.98,EUR/MWh,PT,PT,imbalance_price,Long,2026-09-04T22:58:27Z
2026-09-04T22:55:56Z,2026-09-05T00:55:56+0200,b13917e3-ec31-4901-b784-2334101f7238,2026-09-01T06:45:00Z,2026-09-01T08:45:00+0200,168.83,EUR/MWh,PT,PT,imbalance_price,Short,2026-09-04T22:58:27Z
2026-09-04T22:55:56Z,2026-09-05T00:55:56+0200,b13917e3-ec31-4901-b784-2334101f7238,2026-09-01T07:00:00Z,2026-09-01T09:00:00+0200,152.54,EUR/MWh,PT,PT,imbalance_price,Long,2026-09-04T22:58:27Z
2026-09-04T22:55:56Z,2026-09-05T00:55:56+0200,b13917e3-ec31-4901-b784-2334101f7238,2026-09-01T07:00:00Z,2026-09-01T09:00:00+0200,152.54,EUR/MWh,PT,PT,imbalance_price,Short,2026-09-04T22:58:27Z
2026-09-04T22:55:56Z,2026-09-05T00:55:56+0200,b13917e3-ec31-4901-b784-2334101f7238,2026-09-01T07:15:00Z,2026-09-01T09:15:00+0200,202.34,EUR/MWh,PT,PT,imbalance_price,Long,2026-09-04T22:58:27Z
2026-09-04T22:55:56Z,2026-09-05T00:55:56+0200,b13917e3-ec31-4901-b784-2334101f7238,2026-09-01T07:15:00Z,2026-09-01T09:15:00+0200,202.34,EUR/MWh,PT,PT,imbalance_price,Short,2026-09-04T22:58:27Z
2026-09-04T22:55:56Z,2026-09-05T00:55:56+0200,b13917e3-ec31-4901-b784-2334101f7238,2026-09-01T07:30:00Z,2026-09-01T09:30:00+0200,139.75,EUR/MWh,PT,PT,imbalance_price,Long,2026-09-04T22:58:27Z
2026-09-04T22:55:56Z,2026-09-05T00:55:56+0200,b13917e3-ec31-4901-b784-2334101f7238,2026-09-01T07:30:00Z,2026-09-01T09:30:00+0200,186.0,EUR/MWh,PT,PT,imbalance_price,Short,2026-09-04T22:58:27Z
2026-09-04T22:55:56Z,2026-09-05T00:55:56+0200,b13917e3-ec31-4901-b784-2334101f7238,2026-09-01T07:45:00Z,2026-09-01T09:45:00+0200,113.25,EUR/MWh,PT,PT,imbalance_price,Long,2026-09-04T22:58:27Z
2026-09-04T22:55:56Z,2026-09-05T00:55:56+0200,b13917e3-ec31-4901-b784-2334101f7238,2026-09-01T07:45:00Z,2026-09-01T09:45:00+0200,113.25,EUR/MWh,PT,PT,imbalance_price,Short,2026-09-04T22:58:27Z
2026-09-04T22:55:56Z,2026-09-05T00:55:56+0200,b13917e3-ec31-4901-b784-2334101f7238,2026-09-01T08:00:00Z,2026-09-01T10:00:00+0200,108.0,EUR/MWh,PT,PT,imbalance_price,Long,2026-09-04T22:58:27Z
2026-09-04T22:55:56Z,2026-09-05T00:55:56+0200,b13917e3-ec31-4901-b784-2334101f7238,2026-09-01T08:00:00Z,2026-09-01T10:00:00+0200,144.56,EUR/MWh,PT,PT,imbalance_price,Short,2026-09-04T22:58:27Z
2026-09-04T22:55:56Z,2026-09-05T00:55:56+0200,b13917e3-ec31-4901-b784-2334101f7238,2026-09-01T08:15:00Z,2026-09-01T10:15:00+0200,97.44,EUR/MWh,PT,PT,imbalance_price,Long,2026-09-04T22:58:27Z
2026-09-04T22:55:56Z,2026-09-05T00:55:56+0200,b13917e3-ec31-4901-b784-2334101f7238,2026-09-01T08:15:00Z,2026-09-01T10:15:00+0200,131.19,EUR/MWh,PT,PT,imbalance_price,Short,2026-09-04T22:58:27Z
2026-09-04T22:55:56Z,2026-09-05T00:55:56+0200,b13917e3-ec31-4901-b784-2334101f7238,2026-09-01T08:30:00Z,2026-09-01T10:30:00+0200,65.49,EUR/MWh,PT,PT,imbalance_price,Long,2026-09-04T22:58:27Z
2026-09-04T22:55:56Z,2026-09-05T00:55:56+0200,b13917e3-ec31-4901-b784-2334101f7238,2026-09-01T08:30:00Z,2026-09-01T10:30:00+0200,67.25,EUR/MWh,PT,PT,imbalance_price,Short,2026-09-04T22:58:27Z
2026-09-04T22:55:56Z,2026-09-05T00:55:56+0200,b13917e3-ec31-4901-b784-2334101f7238,2026-09-01T08:45:00Z,2026-09-01T10:45:00+0200,50.0,EUR/MWh,PT,PT,imbalance_price,Long,2026-09-04T22:58:27Z
2026-09-04T22:55:56Z,2026-09-05T00:55:56+0200,b13917e3-ec31-4901-b784-2334101f7238,2026-09-01T08:45:00Z,2026-09-01T10:45:00+0200,64.39,EUR/MWh,PT,PT,imbalance_price,Short,2026-09-04T22:58:27Z
2026-09-04T22:55:56Z,2026-09-05T00:55:56+0200,b13917e3-ec31-4901-b784-2334101f7238,2026-09-01T09:00:00Z,2026-09-01T11:00:00+0200,49.8,EUR/MWh,PT,PT,imbalance_price,Long,2026-09-04T22:58:27Z
2026-09-04T22:55:56Z,2026-09-05T00:55:56+0200,b13917e3-ec31-4901-b784-2334101f7238,2026-09-01T09:00:00Z,2026-09-01T11:00:00+0200,64.67,EUR/MWh,PT,PT,imbalance_price,Short,2026-09-04T22:58:27Z
2026-09-04T22:55:56Z,2026-09-05T00:55:56+0200,b13917e3-ec31-4901-b784-2334101f7238,2026-09-01T09:15:00Z,2026-09-01T11:15:00+0200,49.06,EUR/MWh,PT,PT,imbalance_price,Long,2026-09-04T22:58:27Z
2026-09-04T22:55:56Z,2026-09-05T00:55:56+0200,b13917e3-ec31-4901-b784-2334101f7238,2026-09-01T09:15:00Z,2026-09-01T11:15:00+0200,60.0,EUR/MWh,PT,PT,imbalance_price,Short,2026-09-04T22:58:27Z
2026-09-04T22:55:56Z,2026-09-05T00:55:56+0200,b13917e3-ec31-4901-b784-2334101f7238,2026-09-01T09:30:00Z,2026-09-01T11:30:00+0200,46.42,EUR/MWh,PT,PT,imbalance_price,Long,2026-09-04T22:58:27Z
2026-09-04T22:55:56Z,2026-09-05T00:55:56+0200,b13917e3-ec31-4901-b784-2334101f7238,2026-09-01T09:30:00Z,2026-09-01T11:30:00+0200,48.58,EUR/MWh,PT,PT,imbalance_price,Short,2026-09-04T22:58:27Z
2026-09-04T22:55:56Z,2026-09-05T00:55:56+0200,b13917e3-ec31-4901-b784-2334101f7238,2026-09-01T09:45:00Z,2026-09-01T11:45:00+0200,37.46,EUR/MWh,PT,PT,imbalance_price,Long,2026-09-04T22:58:27Z
2026-09-04T22:55:56Z,2026-09-05T00:55:56+0200,b13917e3-ec31-4901-b784-2334101f7238,2026-09-01T09:45:00Z,2026-09-01T11:45:00+0200,37.46,EUR/MWh,PT,PT,imbalance_price,Short,2026-09-04T22:58:27Z
2026-09-04T22:55:56Z,2026-09-05T00:55:56+0200,b13917e3-ec31-4901-b784-2334101f7238,2026-09-01T10:00:00Z,2026-09-01T12:00:00+0200,35.12,EUR/MWh,PT,PT,imbalance_price,Long,2026-09-04T22:58:27Z
2026-09-04T22:55:56Z,2026-09-05T00:55:56+0200,b13917e3-ec31-4901-b784-2334101f7238,2026-09-01T10:00:00Z,2026-09-01T12:00:00+0200,35.12,EUR/MWh,PT,PT,imbalance_price,Short,2026-09-04T22:58:27Z
2026-09-04T22:55:56Z,2026-09-05T00:55:56+0200,b13917e3-ec31-4901-b784-2334101f7238,2026-09-01T10:15:00Z,2026-09-01T12:15:00+0200,-2.0,EUR/MWh,PT,PT,imbalance_price,Long,2026-09-04T22:58:27Z
2026-09-04T22:55:56Z,2026-09-05T00:55:56+0200,b13917e3-ec31-4901-b784-2334101f7238,2026-09-01T10:15:00Z,2026-09-01T12:15:00+0200,-2.0,EUR/MWh,PT,PT,imbalance_price,Short,2026-09-04T22:58:27Z
2026-09-04T22:55:56Z,2026-09-05T00:55:56+0200,b13917e3-ec31-4901-b784-2334101f7238,2026-09-01T10:30:00Z,2026-09-01T12:30:00+0200,-0.53,EUR/MWh,PT,PT,imbalance_price,Long,2026-09-04T22:58:27Z
2026-09-04T22:55:56Z,2026-09-05T00:55:56+0200,b13917e3-ec31-4901-b784-2334101f7238,2026-09-01T10:30:00Z,2026-09-01T12:30:00+0200,-0.53,EUR/MWh,PT,PT,imbalance_price,Short,2026-09-04T22:58:27Z
2026-09-04T22:55:56Z,2026-09-05T00:55:56+0200,b13917e3-ec31-4901-b784-2334101f7238,2026-09-01T10:45:00Z,2026-09-01T12:45:00+0200,0.0,EUR/MWh,PT,PT,imbalance_price,Long,2026-09-04T22:58:27Z
2026-09-04T22:55:56Z,2026-09-05T00:55:56+0200,b13917e3-ec31-4901-b784-2334101f7238,2026-09-01T10:45:00Z,2026-09-01T12:45:00+0200,0.0,EUR/MWh,PT,PT,imbalance_price,Short,2026-09-04T22:58:27Z
2026-09-04T22:55:56Z,2026-09-05T00:55:56+0200,b13917e3-ec31-4901-b784-2334101f7238,2026-09-01T11:00:00Z,2026-09-01T13:00:00+0200,-3.0,EUR/MWh,PT,PT,imbalance_price,Long,2026-09-04T22:58:27Z
2026-09-04T22:55:56Z,2026-09-05T00:55:56+0200,b13917e3-ec31-4901-b784-2334101f7238,2026-09-01T11:00:00Z,2026-09-01T13:00:00+0200,-3.0,EUR/MWh,PT,PT,imbalance_price,Short,2026-09-04T22:58:27Z
2026-09-04T22:55:56Z,2026-09-05T00:55:56+0200,b13917e3-ec31-4901-b784-2334101f7238,2026-09-01T11:15:00Z,2026-09-01T13:15:00+0200,-5.0,EUR/MWh,PT,PT,imbalance_price,Long,2026-09-04T22:58:27Z
2026-09-04T22:55:56Z,2026-09-05T00:55:56+0200,b13917e3-ec31-4901-b784-2334101f7238,2026-09-01T11:15:00Z,2026-09-01T13:15:00+0200,-5.0,EUR/MWh,PT,PT,imbalance_price,Short,2026-09-04T22:58:27Z
2026-09-04T22:55:56Z,2026-09-05T00:55:56+0200,b13917e3-ec31-4901-b784-2334101f7238,2026-09-01T11:30:00Z,2026-09-01T13:30:00+0200,-6.0,EUR/MWh,PT,PT,imbalance_price,Long,2026-09-04T22:58:27Z
2026-09-04T22:55:56Z,2026-09-05T00:55:56+0200,b13917e3-ec31-4901-b784-2334101f7238,2026-09-01T11:30:00Z,2026-09-01T13:30:00+0200,-6.0,EUR/MWh,PT,PT,imbalance_price,Short,2026-09-04T22:58:27Z
2026-09-04T22:55:56Z,2026-09-05T00:55:56+0200,b13917e3-ec31-4901-b784-2334101f7238,2026-09-01T11:45:00Z,2026-09-01T13:45:00+0200,-12.0,EUR/MWh,PT,PT,imbalance_price,Long,2026-09-04T22:58:27Z
2026-09-04T22:55:56Z,2026-09-05T00:55:56+0200,b13917e3-ec31-4901-b784-2334101f7238,2026-09-01T11:45:00Z,2026-09-01T13:45:00+0200,-12.0,EUR/MWh,PT,PT,imbalance_price,Short,2026-09-04T22:58:27Z
2026-09-04T22:55:56Z,2026-09-05T00:55:56+0200,b13917e3-ec31-4901-b784-2334101f7238,2026-09-01T12:00:00Z,2026-09-01T14:00:00+0200,-5.0,EUR/MWh,PT,PT,imbalance_price,Long,2026-09-04T22:58:27Z
2026-09-04T22:55:56Z,2026-09-05T00:55:56+0200,b13917e3-ec31-4901-b784-2334101f7238,2026-09-01T12:00:00Z,2026-09-01T14:00:00+0200,-5.0,EUR/MWh,PT,PT,imbalance_price,Short,2026-09-04T22:58:27Z
2026-09-04T22:55:56Z,2026-09-05T00:55:56+0200,b13917e3-ec31-4901-b784-2334101f7238,2026-09-01T12:15:00Z,2026-09-01T14:15:00+0200,-8.0,EUR/MWh,PT,PT,imbalance_price,Long,2026-09-04T22:58:27Z
2026-09-04T22:55:56Z,2026-09-05T00:55:56+0200,b13917e3-ec31-4901-b784-2334101f7238,2026-09-01T12:15:00Z,2026-09-01T14:15:00+0200,-8.0,EUR/MWh,PT,PT,imbalance_price,Short,2026-09-04T22:58:27Z
2026-09-04T22:55:56Z,2026-09-05T00:55:56+0200,b13917e3-ec31-4901-b784-2334101f7238,2026-09-01T12:30:00Z,2026-09-01T14:30:00+0200,-7.0,EUR/MWh,PT,PT,imbalance_price,Long,2026-09-04T22:58:27Z
2026-09-04T22:55:56Z,2026-09-05T00:55:56+0200,b13917e3-ec31-4901-b784-2334101f7238,2026-09-01T12:30:00Z,2026-09-01T14:30:00+0200,-7.0,EUR/MWh,PT,PT,imbalance_price,Short,2026-09-04T22:58:27Z
2026-09-04T22:55:56Z,2026-09-05T00:55:56+0200,b13917e3-ec31-4901-b784-2334101f7238,2026-09-01T12:45:00Z,2026-09-01T14:45:00+0200,-8.0,EUR/MWh,PT,PT,imbalance_price,Long,2026-09-04T22:58:27Z
2026-09-04T22:55:56Z,2026-09-05T00:55:56+0200,b13917e3-ec31-4901-b784-2334101f7238,2026-09-01T12:45:00Z,2026-09-01T14:45:00+0200,-8.0,EUR/MWh,PT,PT,imbalance_price,Short,2026-09-04T22:58:27Z
2026-09-04T22:55:56Z,2026-09-05T00:55:56+0200,b13917e3-ec31-4901-b784-2334101f7238,2026-09-01T13:00:00Z,2026-09-01T15:00:00+0200,-9.0,EUR/MWh,PT,PT,imbalance_price,Long,2026-09-04T22:58:27Z
2026-09-04T22:55:56Z,2026-09-05T00:55:56+0200,b13917e3-ec31-4901-b784-2334101f7238,2026-09-01T13:00:00Z,2026-09-01T15:00:00+0200,-9.0,EUR/MWh,PT,PT,imbalance_price,Short,2026-09-04T22:58:27Z
2026-09-04T22:55:56Z,2026-09-05T00:55:56+0200,b13917e3-ec31-4901-b784-2334101f7238,2026-09-01T13:15:00Z,2026-09-01T15:15:00+0200,-6.0,EUR/MWh,PT,PT,imbalance_price,Long,2026-09-04T22:58:27Z
2026-09-04T22:55:56Z,2026-09-05T00:55:56+0200,b13917e3-ec31-4901-b784-2334101f7238,2026-09-01T13:15:00Z,2026-09-01T15:15:00+0200,-6.0,EUR/MWh,PT,PT,imbalance_price,Short,2026-09-04T22:58:27Z
2026-09-04T22:55:56Z,2026-09-05T00:55:56+0200,b13917e3-ec31-4901-b784-2334101f7238,2026-09-01T13:30:00Z,2026-09-01T15:30:00+0200,-3.5,EUR/MWh,PT,PT,imbalance_price,Long,2026-09-04T22:58:27Z
2026-09-04T22:55:56Z,2026-09-05T00:55:56+0200,b13917e3-ec31-4901-b784-2334101f7238,2026-09-01T13:30:00Z,2026-09-01T15:30:00+0200,140.55,EUR/MWh,PT,PT,imbalance_price,Short,2026-09-04T22:58:27Z
2026-09-04T22:55:56Z,2026-09-05T00:55:56+0200,b13917e3-ec31-4901-b784-2334101f7238,2026-09-01T13:45:00Z,2026-09-01T15:45:00+0200,-3.0,EUR/MWh,PT,PT,imbalance_price,Long,2026-09-04T22:58:27Z
2026-09-04T22:55:56Z,2026-09-05T00:55:56+0200,b13917e3-ec31-4901-b784-2334101f7238,2026-09-01T13:45:00Z,2026-09-01T15:45:00+0200,-3.0,EUR/MWh,PT,PT,imbalance_price,Short,2026-09-04T22:58:27Z
2026-09-04T22:55:56Z,2026-09-05T00:55:56+0200,b13917e3-ec31-4901-b784-2334101f7238,2026-09-01T14:00:00Z,2026-09-01T16:00:00+0200,-3.0,EUR/MWh,PT,PT,imbalance_price,Long,2026-09-04T22:58:27Z
2026-09-04T22:55:56Z,2026-09-05T00:55:56+0200,b13917e3-ec31-4901-b784-2334101f7238,2026-09-01T14:00:00Z,2026-09-01T16:00:00+0200,-3.0,EUR/MWh,PT,PT,imbalance_price,Short,2026-09-04T22:58:27Z
2026-09-04T22:55:56Z,2026-09-05T00:55:56+0200,b13917e3-ec31-4901-b784-2334101f7238,2026-09-01T14:15:00Z,2026-09-01T16:15:00+0200,0.0,EUR/MWh,PT,PT,imbalance_price,Long,2026-09-04T22:58:27Z
2026-09-04T22:55:56Z,2026-09-05T00:55:56+0200,b13917e3-ec31-4901-b784-2334101f7238,2026-09-01T14:15:00Z,2026-09-01T16:15:00+0200,149.99,EUR/MWh,PT,PT,imbalance_price,Short,2026-09-04T22:58:27Z
2026-09-04T22:55:56Z,2026-09-05T00:55:56+0200,b13917e3-ec31-4901-b784-2334101f7238,2026-09-01T14:30:00Z,2026-09-01T16:30:00+0200,0.0,EUR/MWh,PT,PT,imbalance_price,Long,2026-09-04T22:58:27Z
2026-09-04T22:55:56Z,2026-09-05T00:55:56+0200,b13917e3-ec31-4901-b784-2334101f7238,2026-09-01T14:30:00Z,2026-09-01T16:30:00+0200,0.0,EUR/MWh,PT,PT,imbalance_price,Short,2026-09-04T22:58:27Z
2026-09-04T22:55:56Z,2026-09-05T00:55:56+0200,b13917e3-ec31-4901-b784-2334101f7238,2026-09-01T14:45:00Z,2026-09-01T16:45:00+0200,-0.01,EUR/MWh,PT,PT,imbalance_price,Long,2026-09-04T22:58:27Z
2026-09-04T22:55:56Z,2026-09-05T00:55:56+0200,b13917e3-ec31-4901-b784-2334101f7238,2026-09-01T14:45:00Z,2026-09-01T16:45:00+0200,-0.01,EUR/MWh,PT,PT,imbalance_price,Short,2026-09-04T22:58:27Z
2026-09-04T22:55:56Z,2026-09-05T00:55:56+0200,b13917e3-ec31-4901-b784-2334101f7238,2026-09-01T15:00:00Z,2026-09-01T17:00:00+0200,16.4,EUR/MWh,PT,PT,imbalance_price,Long,2026-09-04T22:58:27Z
2026-09-04T22:55:56Z,2026-09-05T00:55:56+0200,b13917e3-ec31-4901-b784-2334101f7238,2026-09-01T15:00:00Z,2026-09-01T17:00:00+0200,16.4,EUR/MWh,PT,PT,imbalance_price,Short,2026-09-04T22:58:27Z
2026-09-04T22:55:56Z,2026-09-05T00:55:56+0200,b13917e3-ec31-4901-b784-2334101f7238,2026-09-01T15:15:00Z,2026-09-01T17:15:00+0200,18.01,EUR/MWh,PT,PT,imbalance_price,Long,2026-09-04T22:58:27Z
2026-09-04T22:55:56Z,2026-09-05T00:55:56+0200,b13917e3-ec31-4901-b784-2334101f7238,2026-09-01T15:15:00Z,2026-09-01T17:15:00+0200,18.01,EUR/MWh,PT,PT,imbalance_price,Short,2026-09-04T22:58:27Z
2026-09-04T22:55:56Z,2026-09-05T00:55:56+0200,b13917e3-ec31-4901-b784-2334101f7238,2026-09-01T15:30:00Z,2026-09-01T17:30:00+0200,16.69,EUR/MWh,PT,PT,imbalance_price,Long,2026-09-04T22:58:27Z
2026-09-04T22:55:56Z,2026-09-05T00:55:56+0200,b13917e3-ec31-4901-b784-2334101f7238,2026-09-01T15:30:00Z,2026-09-01T17:30:00+0200,16.69,EUR/MWh,PT,PT,imbalance_price,Short,2026-09-04T22:58:27Z
2026-09-04T22:55:56Z,2026-09-05T00:55:56+0200,b13917e3-ec31-4901-b784-2334101f7238,2026-09-01T15:45:00Z,2026-09-01T17:45:00+0200,16.41,EUR/MWh,PT,PT,imbalance_price,Long,2026-09-04T22:58:27Z
2026-09-04T22:55:56Z,2026-09-05T00:55:56+0200,b13917e3-ec31-4901-b784-2334101f7238,2026-09-01T15:45:00Z,2026-09-01T17:45:00+0200,158.99,EUR/MWh,PT,PT,imbalance_price,Short,2026-09-04T22:58:27Z
2026-09-04T22:55:56Z,2026-09-05T00:55:56+0200,b13917e3-ec31-4901-b784-2334101f7238,2026-09-01T16:00:00Z,2026-09-01T18:00:00+0200,-3.0,EUR/MWh,PT,PT,imbalance_price,Long,2026-09-04T22:58:27Z
2026-09-04T22:55:56Z,2026-09-05T00:55:56+0200,b13917e3-ec31-4901-b784-2334101f7238,2026-09-01T16:00:00Z,2026-09-01T18:00:00+0200,158.99,EUR/MWh,PT,PT,imbalance_price,Short,2026-09-04T22:58:27Z
2026-09-04T22:55:56Z,2026-09-05T00:55:56+0200,b13917e3-ec31-4901-b784-2334101f7238,2026-09-01T16:15:00Z,2026-09-01T18:15:00+0200,-2.49,EUR/MWh,PT,PT,imbalance_price,Long,2026-09-04T22:58:27Z
2026-09-04T22:55:56Z,2026-09-05T00:55:56+0200,b13917e3-ec31-4901-b784-2334101f7238,2026-09-01T16:15:00Z,2026-09-01T18:15:00+0200,-2.49,EUR/MWh,PT,PT,imbalance_price,Short,2026-09-04T22:58:27Z
2026-09-04T22:55:56Z,2026-09-05T00:55:56+0200,b13917e3-ec31-4901-b784-2334101f7238,2026-09-01T16:30:00Z,2026-09-01T18:30:00+0200,-2.0,EUR/MWh,PT,PT,imbalance_price,Long,2026-09-04T22:58:27Z
2026-09-04T22:55:56Z,2026-09-05T00:55:56+0200,b13917e3-ec31-4901-b784-2334101f7238,2026-09-01T16:30:00Z,2026-09-01T18:30:00+0200,170.4,EUR/MWh,PT,PT,imbalance_price,Short,2026-09-04T22:58:27Z
2026-09-04T22:55:56Z,2026-09-05T00:55:56+0200,b13917e3-ec31-4901-b784-2334101f7238,2026-09-01T16:45:00Z,2026-09-01T18:45:00+0200,0.0,EUR/MWh,PT,PT,imbalance_price,Long,2026-09-04T22:58:27Z
2026-09-04T22:55:56Z,2026-09-05T00:55:56+0200,b13917e3-ec31-4901-b784-2334101f7238,2026-09-01T16:45:00Z,2026-09-01T18:45:00+0200,215.16,EUR/MWh,PT,PT,imbalance_price,Short,2026-09-04T22:58:27Z
2026-09-04T22:55:56Z,2026-09-05T00:55:56+0200,b13917e3-ec31-4901-b784-2334101f7238,2026-09-01T17:00:00Z,2026-09-01T19:00:00+0200,41.97,EUR/MWh,PT,PT,imbalance_price,Long,2026-09-04T22:58:27Z
2026-09-04T22:55:56Z,2026-09-05T00:55:56+0200,b13917e3-ec31-4901-b784-2334101f7238,2026-09-01T17:00:00Z,2026-09-01T19:00:00+0200,41.97,EUR/MWh,PT,PT,imbalance_price,Short,2026-09-04T22:58:27Z
2026-09-04T22:55:56Z,2026-09-05T00:55:56+0200,b13917e3-ec31-4901-b784-2334101f7238,2026-09-01T17:15:00Z,2026-09-01T19:15:00+0200,55.0,EUR/MWh,PT,PT,imbalance_price,Long,2026-09-04T22:58:27Z
2026-09-04T22:55:56Z,2026-09-05T00:55:56+0200,b13917e3-ec31-4901-b784-2334101f7238,2026-09-01T17:15:00Z,2026-09-01T19:15:00+0200,218.95,EUR/MWh,PT,PT,imbalance_price,Short,2026-09-04T22:58:27Z
2026-09-04T22:55:56Z,2026-09-05T00:55:56+0200,b13917e3-ec31-4901-b784-2334101f7238,2026-09-01T17:30:00Z,2026-09-01T19:30:00+0200,77.62,EUR/MWh,PT,PT,imbalance_price,Long,2026-09-04T22:58:27Z
2026-09-04T22:55:56Z,2026-09-05T00:55:56+0200,b13917e3-ec31-4901-b784-2334101f7238,2026-09-01T17:30:00Z,2026-09-01T19:30:00+0200,258.0,EUR/MWh,PT,PT,imbalance_price,Short,2026-09-04T22:58:27Z
2026-09-04T22:55:56Z,2026-09-05T00:55:56+0200,b13917e3-ec31-4901-b784-2334101f7238,2026-09-01T17:45:00Z,2026-09-01T19:45:00+0200,97.11,EUR/MWh,PT,PT,imbalance_price,Long,2026-09-04T22:58:27Z
2026-09-04T22:55:56Z,2026-09-05T00:55:56+0200,b13917e3-ec31-4901-b784-2334101f7238,2026-09-01T17:45:00Z,2026-09-01T19:45:00+0200,97.11,EUR/MWh,PT,PT,imbalance_price,Short,2026-09-04T22:58:27Z
2026-09-04T22:55:56Z,2026-09-05T00:55:56+0200,b13917e3-ec31-4901-b784-2334101f7238,2026-09-01T18:00:00Z,2026-09-01T20:00:00+0200,124.71,EUR/MWh,PT,PT,imbalance_price,Long,2026-09-04T22:58:27Z
2026-09-04T22:55:56Z,2026-09-05T00:55:56+0200,b13917e3-ec31-4901-b784-2334101f7238,2026-09-01T18:00:00Z,2026-09-01T20:00:00+0200,270.01,EUR/MWh,PT,PT,imbalance_price,Short,2026-09-04T22:58:27Z
2026-09-04T22:55:56Z,2026-09-05T00:55:56+0200,b13917e3-ec31-4901-b784-2334101f7238,2026-09-01T18:15:00Z,2026-09-01T20:15:00+0200,124.71,EUR/MWh,PT,PT,imbalance_price,Long,2026-09-04T22:58:27Z
2026-09-04T22:55:56Z,2026-09-05T00:55:56+0200,b13917e3-ec31-4901-b784-2334101f7238,2026-09-01T18:15:00Z,2026-09-01T20:15:00+0200,279.84,EUR/MWh,PT,PT,imbalance_price,Short,2026-09-04T22:58:27Z
2026-09-04T22:55:56Z,2026-09-05T00:55:56+0200,b13917e3-ec31-4901-b784-2334101f7238,2026-09-01T18:30:00Z,2026-09-01T20:30:00+0200,126.88,EUR/MWh,PT,PT,imbalance_price,Long,2026-09-04T22:58:27Z
2026-09-04T22:55:56Z,2026-09-05T00:55:56+0200,b13917e3-ec31-4901-b784-2334101f7238,2026-09-01T18:30:00Z,2026-09-01T20:30:00+0200,286.49,EUR/MWh,PT,PT,imbalance_price,Short,2026-09-04T22:58:27Z
2026-09-04T22:55:56Z,2026-09-05T00:55:56+0200,b13917e3-ec31-4901-b784-2334101f7238,2026-09-01T18:45:00Z,2026-09-01T20:45:00+0200,133.39,EUR/MWh,PT,PT,imbalance_price,Long,2026-09-04T22:58:27Z
2026-09-04T22:55:56Z,2026-09-05T00:55:56+0200,b13917e3-ec31-4901-b784-2334101f7238,2026-09-01T18:45:00Z,2026-09-01T20:45:00+0200,283.43,EUR/MWh,PT,PT,imbalance_price,Short,2026-09-04T22:58:27Z
2026-09-04T22:55:56Z,2026-09-05T00:55:56+0200,b13917e3-ec31-4901-b784-2334101f7238,2026-09-01T19:00:00Z,2026-09-01T21:00:00+0200,129.05,EUR/MWh,PT,PT,imbalance_price,Long,2026-09-04T22:58:27Z
2026-09-04T22:55:56Z,2026-09-05T00:55:56+0200,b13917e3-ec31-4901-b784-2334101f7238,2026-09-01T19:00:00Z,2026-09-01T21:00:00+0200,129.05,EUR/MWh,PT,PT,imbalance_price,Short,2026-09-04T22:58:27Z
2026-09-04T22:55:56Z,2026-09-05T00:55:56+0200,b13917e3-ec31-4901-b784-2334101f7238,2026-09-01T19:15:00Z,2026-09-01T21:15:00+0200,131.22,EUR/MWh,PT,PT,imbalance_price,Long,2026-09-04T22:58:27Z
2026-09-04T22:55:56Z,2026-09-05T00:55:56+0200,b13917e3-ec31-4901-b784-2334101f7238,2026-09-01T19:15:00Z,2026-09-01T21:15:00+0200,131.22,EUR/MWh,PT,PT,imbalance_price,Short,2026-09-04T22:58:27Z
2026-09-04T22:55:56Z,2026-09-05T00:55:56+0200,b13917e3-ec31-4901-b784-2334101f7238,2026-09-01T19:30:00Z,2026-09-01T21:30:00+0200,122.54,EUR/MWh,PT,PT,imbalance_price,Long,2026-09-04T22:58:27Z
2026-09-04T22:55:56Z,2026-09-05T00:55:56+0200,b13917e3-ec31-4901-b784-2334101f7238,2026-09-01T19:30:00Z,2026-09-01T21:30:00+0200,261.0,EUR/MWh,PT,PT,imbalance_price,Short,2026-09-04T22:58:27Z
2026-09-04T22:55:56Z,2026-09-05T00:55:56+0200,b13917e3-ec31-4901-b784-2334101f7238,2026-09-01T19:45:00Z,2026-09-01T21:45:00+0200,122.54,EUR/MWh,PT,PT,imbalance_price,Long,2026-09-04T22:58:27Z
2026-09-04T22:55:56Z,2026-09-05T00:55:56+0200,b13917e3-ec31-4901-b784-2334101f7238,2026-09-01T19:45:00Z,2026-09-01T21:45:00+0200,256.8,EUR/MWh,PT,PT,imbalance_price,Short,2026-09-04T22:58:27Z
2026-09-04T22:55:56Z,2026-09-05T00:55:56+0200,b13917e3-ec31-4901-b784-2334101f7238,2026-09-01T20:00:00Z,2026-09-01T22:00:00+0200,61.0,EUR/MWh,PT,PT,imbalance_price,Long,2026-09-04T22:58:27Z
2026-09-04T22:55:56Z,2026-09-05T00:55:56+0200,b13917e3-ec31-4901-b784-2334101f7238,2026-09-01T20:00:00Z,2026-09-01T22:00:00+0200,256.8,EUR/MWh,PT,PT,imbalance_price,Short,2026-09-04T22:58:27Z
2026-09-04T22:55:56Z,2026-09-05T00:55:56+0200,b13917e3-ec31-4901-b784-2334101f7238,2026-09-01T20:15:00Z,2026-09-01T22:15:00+0200,59.0,EUR/MWh,PT,PT,imbalance_price,Long,2026-09-04T22:58:27Z
2026-09-04T22:55:56Z,2026-09-05T00:55:56+0200,b13917e3-ec31-4901-b784-2334101f7238,2026-09-01T20:15:00Z,2026-09-01T22:15:00+0200,242.88,EUR/MWh,PT,PT,imbalance_price,Short,2026-09-04T22:58:27Z
2026-09-04T22:55:56Z,2026-09-05T00:55:56+0200,b13917e3-ec31-4901-b784-2334101f7238,2026-09-01T20:30:00Z,2026-09-01T22:30:00+0200,59.0,EUR/MWh,PT,PT,imbalance_price,Long,2026-09-04T22:58:27Z
2026-09-04T22:55:56Z,2026-09-05T00:55:56+0200,b13917e3-ec31-4901-b784-2334101f7238,2026-09-01T20:30:00Z,2026-09-01T22:30:00+0200,237.85,EUR/MWh,PT,PT,imbalance_price,Short,2026-09-04T22:58:27Z
2026-09-04T22:55:56Z,2026-09-05T00:55:56+0200,b13917e3-ec31-4901-b784-2334101f7238,2026-09-01T20:45:00Z,2026-09-01T22:45:00+0200,76.88,EUR/MWh,PT,PT,imbalance_price,Long,2026-09-04T22:58:27Z
2026-09-04T22:55:56Z,2026-09-05T00:55:56+0200,b13917e3-ec31-4901-b784-2334101f7238,2026-09-01T20:45:00Z,2026-09-01T22:45:00+0200,76.88,EUR/MWh,PT,PT,imbalance_price,Short,2026-09-04T22:58:27Z
2026-09-04T22:55:56Z,2026-09-05T00:55:56+0200,b13917e3-ec31-4901-b784-2334101f7238,2026-09-01T21:00:00Z,2026-09-01T23:00:00+0200,111.56,EUR/MWh,PT,PT,imbalance_price,Long,2026-09-04T22:58:27Z
2026-09-04T22:55:56Z,2026-09-05T00:55:56+0200,b13917e3-ec31-4901-b784-2334101f7238,2026-09-01T21:00:00Z,2026-09-01T23:00:00+0200,229.54,EUR/MWh,PT,PT,imbalance_price,Short,2026-09-04T22:58:27Z
2026-09-04T22:55:56Z,2026-09-05T00:55:56+0200,b13917e3-ec31-4901-b784-2334101f7238,2026-09-01T21:15:00Z,2026-09-01T23:15:00+0200,97.11,EUR/MWh,PT,PT,imbalance_price,Long,2026-09-04T22:58:27Z
2026-09-04T22:55:56Z,2026-09-05T00:55:56+0200,b13917e3-ec31-4901-b784-2334101f7238,2026-09-01T21:15:00Z,2026-09-01T23:15:00+0200,218.57,EUR/MWh,PT,PT,imbalance_price,Short,2026-09-04T22:58:27Z
2026-09-04T22:55:56Z,2026-09-05T00:55:56+0200,b13917e3-ec31-4901-b784-2334101f7238,2026-09-01T21:30:00Z,2026-09-01T23:30:00+0200,97.11,EUR/MWh,PT,PT,imbalance_price,Long,2026-09-04T22:58:27Z
2026-09-04T22:55:56Z,2026-09-05T00:55:56+0200,b13917e3-ec31-4901-b784-2334101f7238,2026-09-01T21:30:00Z,2026-09-01T23:30:00+0200,216.01,EUR/MWh,PT,PT,imbalance_price,Short,2026-09-04T22:58:27Z
2026-09-04T22:55:56Z,2026-09-05T00:55:56+0200,b13917e3-ec31-4901-b784-2334101f7238,2026-09-01T21:45:00Z,2026-09-01T23:45:00+0200,97.11,EUR/MWh,PT,PT,imbalance_price,Long,2026-09-04T22:58:27Z
2026-09-04T22:55:56Z,2026-09-05T00:55:56+0200,b13917e3-ec31-4901-b784-2334101f7238,2026-09-01T21:45:00Z,2026-09-01T23:45:00+0200,212.1,EUR/MWh,PT,PT,imbalance_price,Short,2026-09-04T22:58:27Z
2026-09-04T22:55:56Z,2026-09-05T00:55:56+0200,b13917e3-ec31-4901-b784-2334101f7238,2026-09-01T22:00:00Z,2026-09-02T00:00:00+0200,185.06,EUR/MWh,PT,PT,imbalance_price,Long,2026-09-04T22:58:27Z
2026-09-04T22:55:56Z,2026-09-05T00:55:56+0200,b13917e3-ec31-4901-b784-2334101f7238,2026-09-01T22:00:00Z,2026-09-02T00:00:00+0200,234.61,EUR/MWh,PT,PT,imbalance_price,Short,2026-09-04T22:58:27Z
2026-09-04T22:55:56Z,2026-09-05T00:55:56+0200,b13917e3-ec31-4901-b784-2334101f7238,2026-09-01T22:15:00Z,2026-09-02T00:15:00+0200,172.62,EUR/MWh,PT,PT,imbalance_price,Long,2026-09-04T22:58:27Z
2026-09-04T22:55:56Z,2026-09-05T00:55:56+0200,b13917e3-ec31-4901-b784-2334101f7238,2026-09-01T22:15:00Z,2026-09-02T00:15:00+0200,230.52,EUR/MWh,PT,PT,imbalance_price,Short,2026-09-04T22:58:27Z
2026-09-04T22:55:56Z,2026-09-05T00:55:56+0200,b13917e3-ec31-4901-b784-2334101f7238,2026-09-01T22:30:00Z,2026-09-02T00:30:00+0200,176.21,EUR/MWh,PT,PT,imbalance_price,Long,2026-09-04T22:58:27Z
2026-09-04T22:55:56Z,2026-09-05T00:55:56+0200,b13917e3-ec31-4901-b784-2334101f7238,2026-09-01T22:30:00Z,2026-09-02T00:30:00+0200,227.63,EUR/MWh,PT,PT,imbalance_price,Short,2026-09-04T22:58:27Z
2026-09-04T22:55:56Z,2026-09-05T00:55:56+0200,b13917e3-ec31-4901-b784-2334101f7238,2026-09-01T22:45:00Z,2026-09-02T00:45:00+0200,180.18,EUR/MWh,PT,PT,imbalance_price,Long,2026-09-04T22:58:27Z
2026-09-04T22:55:56Z,2026-09-05T00:55:56+0200,b13917e3-ec31-4901-b784-2334101f7238,2026-09-01T22:45:00Z,2026-09-02T00:45:00+0200,226.78,EUR/MWh,PT,PT,imbalance_price,Short,2026-09-04T22:58:27Z
2026-09-04T22:55:56Z,2026-09-05T00:55:56+0200,b13917e3-ec31-4901-b784-2334101f7238,2026-09-01T23:00:00Z,2026-09-02T01:00:00+0200,179.67,EUR/MWh,PT,PT,imbalance_price,Long,2026-09-04T22:58:27Z
2026-09-04T22:55:56Z,2026-09-05T00:55:56+0200,b13917e3-ec31-4901-b784-2334101f7238,2026-09-01T23:00:00Z,2026-09-02T01:00:00+0200,231.0,EUR/MWh,PT,PT,imbalance_price,Short,2026-09-04T22:58:27Z
2026-09-04T22:55:56Z,2026-09-05T00:55:56+0200,b13917e3-ec31-4901-b784-2334101f7238,2026-09-01T23:15:00Z,2026-09-02T01:15:00+0200,171.16,EUR/MWh,PT,PT,imbalance_price,Long,2026-09-04T22:58:27Z
2026-09-04T22:55:56Z,2026-09-05T00:55:56+0200,b13917e3-ec31-4901-b784-2334101f7238,2026-09-01T23:15:00Z,2026-09-02T01:15:00+0200,228.0,EUR/MWh,PT,PT,imbalance_price,Short,2026-09-04T22:58:27Z
2026-09-04T22:55:56Z,2026-09-05T00:55:56+0200,b13917e3-ec31-4901-b784-2334101f7238,2026-09-01T23:30:00Z,2026-09-02T01:30:00+0200,168.31,EUR/MWh,PT,PT,imbalance_price,Long,2026-09-04T22:58:27Z
2026-09-04T22:55:56Z,2026-09-05T00:55:56+0200,b13917e3-ec31-4901-b784-2334101f7238,2026-09-01T23:30:00Z,2026-09-02T01:30:00+0200,227.63,EUR/MWh,PT,PT,imbalance_price,Short,2026-09-04T22:58:27Z
2026-09-04T22:55:56Z,2026-09-05T00:55:56+0200,b13917e3-ec31-4901-b784-2334101f7238,2026-09-01T23:45:00Z,2026-09-02T01:45:00+0200,166.81,EUR/MWh,PT,PT,imbalance_price,Long,2026-09-04T22:58:27Z
2026-09-04T22:55:56Z,2026-09-05T00:55:56+0200,b13917e3-ec31-4901-b784-2334101f7238,2026-09-01T23:45:00Z,2026-09-02T01:45:00+0200,166.81,EUR/MWh,PT,PT,imbalance_price,Short,2026-09-04T22:58:27Z
2026-09-04T22:55:56Z,2026-09-05T00:55:56+0200,b13917e3-ec31-4901-b784-2334101f7238,2026-09-02T00:00:00Z,2026-09-02T02:00:00+0200,164.1,EUR/MWh,PT,PT,imbalance_price,Long,2026-09-04T22:58:27Z
2026-09-04T22:55:56Z,2026-09-05T00:55:56+0200,b13917e3-ec31-4901-b784-2334101f7238,2026-09-02T00:00:00Z,2026-09-02T02:00:00+0200,224.72,EUR/MWh,PT,PT,imbalance_price,Short,2026-09-04T22:58:27Z
2026-09-04T22:55:56Z,2026-09-05T00:55:56+0200,b13917e3-ec31-4901-b784-2334101f7238,2026-09-02T00:15:00Z,2026-09-02T02:15:00+0200,164.1,EUR/MWh,PT,PT,imbalance_price,Long,2026-09-04T22:58:27Z
2026-09-04T22:55:56Z,2026-09-05T00:55:56+0200,b13917e3-ec31-4901-b784-2334101f7238,2026-09-02T00:15:00Z,2026-09-02T02:15:00+0200,222.64,EUR/MWh,PT,PT,imbalance_price,Short,2026-09-04T22:58:27Z
2026-09-04T22:55:56Z,2026-09-05T00:55:56+0200,b13917e3-ec31-4901-b784-2334101f7238,2026-09-02T00:30:00Z,2026-09-02T02:30:00+0200,162.97,EUR/MWh,PT,PT,imbalance_price,Long,2026-09-04T22:58:27Z
2026-09-04T22:55:56Z,2026-09-05T00:55:56+0200,b13917e3-ec31-4901-b784-2334101f7238,2026-09-02T00:30:00Z,2026-09-02T02:30:00+0200,222.64,EUR/MWh,PT,PT,imbalance_price,Short,2026-09-04T22:58:27Z
2026-09-04T22:55:56Z,2026-09-05T00:55:56+0200,b13917e3-ec31-4901-b784-2334101f7238,2026-09-02T00:45:00Z,2026-09-02T02:45:00+0200,163.1,EUR/MWh,PT,PT,imbalance_price,Long,2026-09-04T22:58:27Z
2026-09-04T22:55:56Z,2026-09-05T00:55:56+0200,b13917e3-ec31-4901-b784-2334101f7238,2026-09-02T00:45:00Z,2026-09-02T02:45:00+0200,222.64,EUR/MWh,PT,PT,imbalance_price,Short,2026-09-04T22:58:27Z
2026-09-04T22:55:56Z,2026-09-05T00:55:56+0200,b13917e3-ec31-4901-b784-2334101f7238,2026-09-02T01:00:00Z,2026-09-02T03:00:00+0200,162.9,EUR/MWh,PT,PT,imbalance_price,Long,2026-09-04T22:58:27Z
2026-09-04T22:55:56Z,2026-09-05T00:55:56+0200,b13917e3-ec31-4901-b784-2334101f7238,2026-09-02T01:00:00Z,2026-09-02T03:00:00+0200,220.74,EUR/MWh,PT,PT,imbalance_price,Short,2026-09-04T22:58:27Z
2026-09-04T22:55:56Z,2026-09-05T00:55:56+0200,b13917e3-ec31-4901-b784-2334101f7238,2026-09-02T01:15:00Z,2026-09-02T03:15:00+0200,164.1,EUR/MWh,PT,PT,imbalance_price,Long,2026-09-04T22:58:27Z
2026-09-04T22:55:56Z,2026-09-05T00:55:56+0200,b13917e3-ec31-4901-b784-2334101f7238,2026-09-02T01:15:00Z,2026-09-02T03:15:00+0200,220.74,EUR/MWh,PT,PT,imbalance_price,Short,2026-09-04T22:58:27Z
2026-09-04T22:55:56Z,2026-09-05T00:55:56+0200,b13917e3-ec31-4901-b784-2334101f7238,2026-09-02T01:30:00Z,2026-09-02T03:30:00+0200,216.08,EUR/MWh,PT,PT,imbalance_price,Long,2026-09-04T22:58:27Z
2026-09-04T22:55:56Z,2026-09-05T00:55:56+0200,b13917e3-ec31-4901-b784-2334101f7238,2026-09-02T01:30:00Z,2026-09-02T03:30:00+0200,216.08,EUR/MWh,PT,PT,imbalance_price,Short,2026-09-04T22:58:27Z
2026-09-04T22:55:56Z,2026-09-05T00:55:56+0200,b13917e3-ec31-4901-b784-2334101f7238,2026-09-02T01:45:00Z,2026-09-02T03:45:00+0200,165.7,EUR/MWh,PT,PT,imbalance_price,Long,2026-09-04T22:58:27Z
2026-09-04T22:55:56Z,2026-09-05T00:55:56+0200,b13917e3-ec31-4901-b784-2334101f7238,2026-09-02T01:45:00Z,2026-09-02T03:45:00+0200,220.74,EUR/MWh,PT,PT,imbalance_price,Short,2026-09-04T22:58:27Z
2026-09-04T22:55:56Z,2026-09-05T00:55:56+0200,b13917e3-ec31-4901-b784-2334101f7238,2026-09-02T02:00:00Z,2026-09-02T04:00:00+0200,165.72,EUR/MWh,PT,PT,imbalance_price,Long,2026-09-04T22:58:27Z
2026-09-04T22:55:56Z,2026-09-05T00:55:56+0200,b13917e3-ec31-4901-b784-2334101f7238,2026-09-02T02:00:00Z,2026-09-02T04:00:00+0200,219.97,EUR/MWh,PT,PT,imbalance_price,Short,2026-09-04T22:58:27Z
2026-09-04T22:55:56Z,2026-09-05T00:55:56+0200,b13917e3-ec31-4901-b784-2334101f7238,2026-09-02T02:15:00Z,2026-09-02T04:15:00+0200,164.1,EUR/MWh,PT,PT,imbalance_price,Long,2026-09-04T22:58:27Z
2026-09-04T22:55:56Z,2026-09-05T00:55:56+0200,b13917e3-ec31-4901-b784-2334101f7238,2026-09-02T02:15:00Z,2026-09-02T04:15:00+0200,219.97,EUR/MWh,PT,PT,imbalance_price,Short,2026-09-04T22:58:27Z
2026-09-04T22:55:56Z,2026-09-05T00:55:56+0200,b13917e3-ec31-4901-b784-2334101f7238,2026-09-02T02:30:00Z,2026-09-02T04:30:00+0200,163.1,EUR/MWh,PT,PT,imbalance_price,Long,2026-09-04T22:58:27Z
2026-09-04T22:55:56Z,2026-09-05T00:55:56+0200,b13917e3-ec31-4901-b784-2334101f7238,2026-09-02T02:30:00Z,2026-09-02T04:30:00+0200,220.74,EUR/MWh,PT,PT,imbalance_price,Short,2026-09-04T22:58:27Z
2026-09-04T22:55:56Z,2026-09-05T00:55:56+0200,b13917e3-ec31-4901-b784-2334101f7238,2026-09-02T02:45:00Z,2026-09-02T04:45:00+0200,164.34,EUR/MWh,PT,PT,imbalance_price,Long,2026-09-04T22:58:27Z
2026-09-04T22:55:56Z,2026-09-05T00:55:56+0200,b13917e3-ec31-4901-b784-2334101f7238,2026-09-02T02:45:00Z,2026-09-02T04:45:00+0200,221.27,EUR/MWh,PT,PT,imbalance_price,Short,2026-09-04T22:58:27Z
2026-09-04T22:55:56Z,2026-09-05T00:55:56+0200,b13917e3-ec31-4901-b784-2334101f7238,2026-09-02T03:00:00Z,2026-09-02T05:00:00+0200,171.67,EUR/MWh,PT,PT,imbalance_price,Long,2026-09-04T22:58:27Z
2026-09-04T22:55:56Z,2026-09-05T00:55:56+0200,b13917e3-ec31-4901-b784-2334101f7238,2026-09-02T03:00:00Z,2026-09-02T05:00:00+0200,218.84,EUR/MWh,PT,PT,imbalance_price,Short,2026-09-04T22:58:27Z
2026-09-04T22:55:56Z,2026-09-05T00:55:56+0200,b13917e3-ec31-4901-b784-2334101f7238,2026-09-02T03:15:00Z,2026-09-02T05:15:00+0200,163.89,EUR/MWh,PT,PT,imbalance_price,Long,2026-09-04T22:58:27Z
2026-09-04T22:55:56Z,2026-09-05T00:55:56+0200,b13917e3-ec31-4901-b784-2334101f7238,2026-09-02T03:15:00Z,2026-09-02T05:15:00+0200,219.78,EUR/MWh,PT,PT,imbalance_price,Short,2026-09-04T22:58:27Z
2026-09-04T22:55:56Z,2026-09-05T00:55:56+0200,b13917e3-ec31-4901-b784-2334101f7238,2026-09-02T03:30:00Z,2026-09-02T05:30:00+0200,163.2,EUR/MWh,PT,PT,imbalance_price,Long,2026-09-04T22:58:27Z
2026-09-04T22:55:56Z,2026-09-05T00:55:56+0200,b13917e3-ec31-4901-b784-2334101f7238,2026-09-02T03:30:00Z,2026-09-02T05:30:00+0200,220.74,EUR/MWh,PT,PT,imbalance_price,Short,2026-09-04T22:58:27Z
2026-09-04T22:55:56Z,2026-09-05T00:55:56+0200,b13917e3-ec31-4901-b784-2334101f7238,2026-09-02T03:45:00Z,2026-09-02T05:45:00+0200,160.73,EUR/MWh,PT,PT,imbalance_price,Long,2026-09-04T22:58:27Z
2026-09-04T22:55:56Z,2026-09-05T00:55:56+0200,b13917e3-ec31-4901-b784-2334101f7238,2026-09-02T03:45:00Z,2026-09-02T05:45:00+0200,223.44,EUR/MWh,PT,PT,imbalance_price,Short,2026-09-04T22:58:27Z
2026-09-04T22:55:56Z,2026-09-05T00:55:56+0200,b13917e3-ec31-4901-b784-2334101f7238,2026-09-02T04:00:00Z,2026-09-02T06:00:00+0200,147.98,EUR/MWh,PT,PT,imbalance_price,Long,2026-09-04T22:58:27Z
2026-09-04T22:55:56Z,2026-09-05T00:55:56+0200,b13917e3-ec31-4901-b784-2334101f7238,2026-09-02T04:00:00Z,2026-09-02T06:00:00+0200,226.78,EUR/MWh,PT,PT,imbalance_price,Short,2026-09-04T22:58:27Z
2026-09-04T22:55:56Z,2026-09-05T00:55:56+0200,b13917e3-ec31-4901-b784-2334101f7238,2026-09-02T04:15:00Z,2026-09-02T06:15:00+0200,155.07,EUR/MWh,PT,PT,imbalance_price,Long,2026-09-04T22:58:27Z
2026-09-04T22:55:56Z,2026-09-05T00:55:56+0200,b13917e3-ec31-4901-b784-2334101f7238,2026-09-02T04:15:00Z,2026-09-02T06:15:00+0200,236.04,EUR/MWh,PT,PT,imbalance_price,Short,2026-09-04T22:58:27Z
2026-09-04T22:55:56Z,2026-09-05T00:55:56+0200,b13917e3-ec31-4901-b784-2334101f7238,2026-09-02T04:30:00Z,2026-09-02T06:30:00+0200,171.22,EUR/MWh,PT,PT,imbalance_price,Long,2026-09-04T22:58:27Z
2026-09-04T22:55:56Z,2026-09-05T00:55:56+0200,b13917e3-ec31-4901-b784-2334101f7238,2026-09-02T04:30:00Z,2026-09-02T06:30:00+0200,242.22,EUR/MWh,PT,PT,imbalance_price,Short,2026-09-04T22:58:27Z
2026-09-04T22:55:56Z,2026-09-05T00:55:56+0200,b13917e3-ec31-4901-b784-2334101f7238,2026-09-02T04:45:00Z,2026-09-02T06:45:00+0200,176.01,EUR/MWh,PT,PT,imbalance_price,Long,2026-09-04T22:58:27Z
2026-09-04T22:55:56Z,2026-09-05T00:55:56+0200,b13917e3-ec31-4901-b784-2334101f7238,2026-09-02T04:45:00Z,2026-09-02T06:45:00+0200,176.01,EUR/MWh,PT,PT,imbalance_price,Short,2026-09-04T22:58:27Z
2026-09-04T22:55:56Z,2026-09-05T00:55:56+0200,b13917e3-ec31-4901-b784-2334101f7238,2026-09-02T05:00:00Z,2026-09-02T07:00:00+0200,169.94,EUR/MWh,PT,PT,imbalance_price,Long,2026-09-04T22:58:27Z
2026-09-04T22:55:56Z,2026-09-05T00:55:56+0200,b13917e3-ec31-4901-b784-2334101f7238,2026-09-02T05:00:00Z,2026-09-02T07:00:00+0200,169.94,EUR/MWh,PT,PT,imbalance_price,Short,2026-09-04T22:58:27Z
2026-09-04T22:55:56Z,2026-09-05T00:55:56+0200,b13917e3-ec31-4901-b784-2334101f7238,2026-09-02T05:15:00Z,2026-09-02T07:15:00+0200,196.17,EUR/MWh,PT,PT,imbalance_price,Long,2026-09-04T22:58:27Z
2026-09-04T22:55:56Z,2026-09-05T00:55:56+0200,b13917e3-ec31-4901-b784-2334101f7238,2026-09-02T05:15:00Z,2026-09-02T07:15:00+0200,196.17,EUR/MWh,PT,PT,imbalance_price,Short,2026-09-04T22:58:27Z
2026-09-04T22:55:56Z,2026-09-05T00:55:56+0200,b13917e3-ec31-4901-b784-2334101f7238,2026-09-02T05:30:00Z,2026-09-02T07:30:00+0200,208.63,EUR/MWh,PT,PT,imbalance_price,Long,2026-09-04T22:58:27Z
2026-09-04T22:55:56Z,2026-09-05T00:55:56+0200,b13917e3-ec31-4901-b784-2334101f7238,2026-09-02T05:30:00Z,2026-09-02T07:30:00+0200,208.63,EUR/MWh,PT,PT,imbalance_price,Short,2026-09-04T22:58:27Z
2026-09-04T22:55:56Z,2026-09-05T00:55:56+0200,b13917e3-ec31-4901-b784-2334101f7238,2026-09-02T05:45:00Z,2026-09-02T07:45:00+0200,195.58,EUR/MWh,PT,PT,imbalance_price,Long,2026-09-04T22:58:27Z
2026-09-04T22:55:56Z,2026-09-05T00:55:56+0200,b13917e3-ec31-4901-b784-2334101f7238,2026-09-02T05:45:00Z,2026-09-02T07:45:00+0200,247.37,EUR/MWh,PT,PT,imbalance_price,Short,2026-09-04T22:58:27Z
2026-09-04T22:55:56Z,2026-09-05T00:55:56+0200,b13917e3-ec31-4901-b784-2334101f7238,2026-09-02T06:00:00Z,2026-09-02T08:00:00+0200,171.72,EUR/MWh,PT,PT,imbalance_price,Long,2026-09-04T22:58:27Z
2026-09-04T22:55:56Z,2026-09-05T00:55:56+0200,b13917e3-ec31-4901-b784-2334101f7238,2026-09-02T06:00:00Z,2026-09-02T08:00:00+0200,265.56,EUR/MWh,PT,PT,imbalance_price,Short,2026-09-04T22:58:27Z
2026-09-04T22:55:56Z,2026-09-05T00:55:56+0200,b13917e3-ec31-4901-b784-2334101f7238,2026-09-02T06:15:00Z,2026-09-02T08:15:00+0200,195.93,EUR/MWh,PT,PT,imbalance_price,Long,2026-09-04T22:58:27Z
2026-09-04T22:55:56Z,2026-09-05T00:55:56+0200,b13917e3-ec31-4901-b784-2334101f7238,2026-09-02T06:15:00Z,2026-09-02T08:15:00+0200,251.42,EUR/MWh,PT,PT,imbalance_price,Short,2026-09-04T22:58:27Z
2026-09-04T22:55:56Z,2026-09-05T00:55:56+0200,b13917e3-ec31-4901-b784-2334101f7238,2026-09-02T06:30:00Z,2026-09-02T08:30:00+0200,185.41,EUR/MWh,PT,PT,imbalance_price,Long,2026-09-04T22:58:27Z
2026-09-04T22:55:56Z,2026-09-05T00:55:56+0200,b13917e3-ec31-4901-b784-2334101f7238,2026-09-02T06:30:00Z,2026-09-02T08:30:00+0200,236.3,EUR/MWh,PT,PT,imbalance_price,Short,2026-09-04T22:58:27Z
2026-09-04T22:55:56Z,2026-09-05T00:55:56+0200,b13917e3-ec31-4901-b784-2334101f7238,2026-09-02T06:45:00Z,2026-09-02T08:45:00+0200,160.62,EUR/MWh,PT,PT,imbalance_price,Long,2026-09-04T22:58:27Z
2026-09-04T22:55:56Z,2026-09-05T00:55:56+0200,b13917e3-ec31-4901-b784-2334101f7238,2026-09-02T06:45:00Z,2026-09-02T08:45:00+0200,215.0,EUR/MWh,PT,PT,imbalance_price,Short,2026-09-04T22:58:27Z
2026-09-04T22:55:56Z,2026-09-05T00:55:56+0200,b13917e3-ec31-4901-b784-2334101f7238,2026-09-02T07:00:00Z,2026-09-02T09:00:00+0200,163.09,EUR/MWh,PT,PT,imbalance_price,Long,2026-09-04T22:58:27Z
2026-09-04T22:55:56Z,2026-09-05T00:55:56+0200,b13917e3-ec31-4901-b784-2334101f7238,2026-09-02T07:00:00Z,2026-09-02T09:00:00+0200,232.76,EUR/MWh,PT,PT,imbalance_price,Short,2026-09-04T22:58:27Z
2026-09-04T22:55:56Z,2026-09-05T00:55:56+0200,b13917e3-ec31-4901-b784-2334101f7238,2026-09-02T07:15:00Z,2026-09-02T09:15:00+0200,107.77,EUR/MWh,PT,PT,imbalance_price,Long,2026-09-04T22:58:27Z
2026-09-04T22:55:56Z,2026-09-05T00:55:56+0200,b13917e3-ec31-4901-b784-2334101f7238,2026-09-02T07:15:00Z,2026-09-02T09:15:00+0200,222.12,EUR/MWh,PT,PT,imbalance_price,Short,2026-09-04T22:58:27Z
2026-09-04T22:55:56Z,2026-09-05T00:55:56+0200,b13917e3-ec31-4901-b784-2334101f7238,2026-09-02T07:30:00Z,2026-09-02T09:30:00+0200,146.21,EUR/MWh,PT,PT,imbalance_price,Long,2026-09-04T22:58:27Z
2026-09-04T22:55:56Z,2026-09-05T00:55:56+0200,b13917e3-ec31-4901-b784-2334101f7238,2026-09-02T07:30:00Z,2026-09-02T09:30:00+0200,146.21,EUR/MWh,PT,PT,imbalance_price,Short,2026-09-04T22:58:27Z
2026-09-04T22:55:56Z,2026-09-05T00:55:56+0200,b13917e3-ec31-4901-b784-2334101f7238,2026-09-02T07:45:00Z,2026-09-02T09:45:00+0200,86.55,EUR/MWh,PT,PT,imbalance_price,Long,2026-09-04T22:58:27Z
2026-09-04T22:55:56Z,2026-09-05T00:55:56+0200,b13917e3-ec31-4901-b784-2334101f7238,2026-09-02T07:45:00Z,2026-09-02T09:45:00+0200,86.55,EUR/MWh,PT,PT,imbalance_price,Short,2026-09-04T22:58:27Z
2026-09-04T22:55:56Z,2026-09-05T00:55:56+0200,b13917e3-ec31-4901-b784-2334101f7238,2026-09-02T08:00:00Z,2026-09-02T10:00:00+0200,59.19,EUR/MWh,PT,PT,imbalance_price,Long,2026-09-04T22:58:27Z
2026-09-04T22:55:56Z,2026-09-05T00:55:56+0200,b13917e3-ec31-4901-b784-2334101f7238,2026-09-02T08:00:00Z,2026-09-02T10:00:00+0200,177.0,EUR/MWh,PT,PT,imbalance_price,Short,2026-09-04T22:58:27Z
2026-09-04T22:55:56Z,2026-09-05T00:55:56+0200,b13917e3-ec31-4901-b784-2334101f7238,2026-09-02T08:15:00Z,2026-09-02T10:15:00+0200,56.54,EUR/MWh,PT,PT,imbalance_price,Long,2026-09-04T22:58:27Z
2026-09-04T22:55:56Z,2026-09-05T00:55:56+0200,b13917e3-ec31-4901-b784-2334101f7238,2026-09-02T08:15:00Z,2026-09-02T10:15:00+0200,56.54,EUR/MWh,PT,PT,imbalance_price,Short,2026-09-04T22:58:27Z
2026-09-04T22:55:56Z,2026-09-05T00:55:56+0200,b13917e3-ec31-4901-b784-2334101f7238,2026-09-02T08:30:00Z,2026-09-02T10:30:00+0200,128.45,EUR/MWh,PT,PT,imbalance_price,Long,2026-09-04T22:58:27Z
2026-09-04T22:55:56Z,2026-09-05T00:55:56+0200,b13917e3-ec31-4901-b784-2334101f7238,2026-09-02T08:30:00Z,2026-09-02T10:30:00+0200,128.45,EUR/MWh,PT,PT,imbalance_price,Short,2026-09-04T22:58:27Z
2026-09-04T22:55:56Z,2026-09-05T00:55:56+0200,b13917e3-ec31-4901-b784-2334101f7238,2026-09-02T08:45:00Z,2026-09-02T10:45:00+0200,55.0,EUR/MWh,PT,PT,imbalance_price,Long,2026-09-04T22:58:27Z
2026-09-04T22:55:56Z,2026-09-05T00:55:56+0200,b13917e3-ec31-4901-b784-2334101f7238,2026-09-02T08:45:00Z,2026-09-02T10:45:00+0200,55.0,EUR/MWh,PT,PT,imbalance_price,Short,2026-09-04T22:58:27Z
2026-09-04T22:55:56Z,2026-09-05T00:55:56+0200,b13917e3-ec31-4901-b784-2334101f7238,2026-09-02T09:00:00Z,2026-09-02T11:00:00+0200,30.0,EUR/MWh,PT,PT,imbalance_price,Long,2026-09-04T22:58:27Z
2026-09-04T22:55:56Z,2026-09-05T00:55:56+0200,b13917e3-ec31-4901-b784-2334101f7238,2026-09-02T09:00:00Z,2026-09-02T11:00:00+0200,30.0,EUR/MWh,PT,PT,imbalance_price,Short,2026-09-04T22:58:27Z
2026-09-04T22:55:56Z,2026-09-05T00:55:56+0200,b13917e3-ec31-4901-b784-2334101f7238,2026-09-02T09:15:00Z,2026-09-02T11:15:00+0200,55.0,EUR/MWh,PT,PT,imbalance_price,Long,2026-09-04T22:58:27Z
2026-09-04T22:55:56Z,2026-09-05T00:55:56+0200,b13917e3-ec31-4901-b784-2334101f7238,2026-09-02T09:15:00Z,2026-09-02T11:15:00+0200,55.0,EUR/MWh,PT,PT,imbalance_price,Short,2026-09-04T22:58:27Z
2026-09-04T22:55:56Z,2026-09-05T00:55:56+0200,b13917e3-ec31-4901-b784-2334101f7238,2026-09-02T09:30:00Z,2026-09-02T11:30:00+0200,53.0,EUR/MWh,PT,PT,imbalance_price,Long,2026-09-04T22:58:27Z
2026-09-04T22:55:56Z,2026-09-05T00:55:56+0200,b13917e3-ec31-4901-b784-2334101f7238,2026-09-02T09:30:00Z,2026-09-02T11:30:00+0200,53.0,EUR/MWh,PT,PT,imbalance_price,Short,2026-09-04T22:58:27Z
2026-09-04T22:55:56Z,2026-09-05T00:55:56+0200,b13917e3-ec31-4901-b784-2334101f7238,2026-09-02T09:45:00Z,2026-09-02T11:45:00+0200,46.0,EUR/MWh,PT,PT,imbalance_price,Long,2026-09-04T22:58:27Z
2026-09-04T22:55:56Z,2026-09-05T00:55:56+0200,b13917e3-ec31-4901-b784-2334101f7238,2026-09-02T09:45:00Z,2026-09-02T11:45:00+0200,46.0,EUR/MWh,PT,PT,imbalance_price,Short,2026-09-04T22:58:27Z
2026-09-04T22:55:56Z,2026-09-05T00:55:56+0200,b13917e3-ec31-4901-b784-2334101f7238,2026-09-02T10:00:00Z,2026-09-02T12:00:00+0200,-2.5,EUR/MWh,PT,PT,imbalance_price,Long,2026-09-04T22:58:27Z
2026-09-04T22:55:56Z,2026-09-05T00:55:56+0200,b13917e3-ec31-4901-b784-2334101f7238,2026-09-02T10:00:00Z,2026-09-02T12:00:00+0200,96.0,EUR/MWh,PT,PT,imbalance_price,Short,2026-09-04T22:58:27Z
2026-09-04T22:55:56Z,2026-09-05T00:55:56+0200,b13917e3-ec31-4901-b784-2334101f7238,2026-09-02T10:15:00Z,2026-09-02T12:15:00+0200,-0.01,EUR/MWh,PT,PT,imbalance_price,Long,2026-09-04T22:58:27Z
2026-09-04T22:55:56Z,2026-09-05T00:55:56+0200,b13917e3-ec31-4901-b784-2334101f7238,2026-09-02T10:15:00Z,2026-09-02T12:15:00+0200,-0.01,EUR/MWh,PT,PT,imbalance_price,Short,2026-09-04T22:58:27Z
2026-09-04T22:55:56Z,2026-09-05T00:55:56+0200,b13917e3-ec31-4901-b784-2334101f7238,2026-09-02T10:30:00Z,2026-09-02T12:30:00+0200,0.0,EUR/MWh,PT,PT,imbalance_price,Long,2026-09-04T22:58:27Z
2026-09-04T22:55:56Z,2026-09-05T00:55:56+0200,b13917e3-ec31-4901-b784-2334101f7238,2026-09-02T10:30:00Z,2026-09-02T12:30:00+0200,0.0,EUR/MWh,PT,PT,imbalance_price,Short,2026-09-04T22:58:27Z
2026-09-04T22:55:56Z,2026-09-05T00:55:56+0200,b13917e3-ec31-4901-b784-2334101f7238,2026-09-02T10:45:00Z,2026-09-02T12:45:00+0200,-0.01,EUR/MWh,PT,PT,imbalance_price,Long,2026-09-04T22:58:27Z
2026-09-04T22:55:56Z,2026-09-05T00:55:56+0200,b13917e3-ec31-4901-b784-2334101f7238,2026-09-02T10:45:00Z,2026-09-02T12:45:00+0200,-0.01,EUR/MWh,PT,PT,imbalance_price,Short,2026-09-04T22:58:27Z
2026-09-04T22:55:56Z,2026-09-05T00:55:56+0200,b13917e3-ec31-4901-b784-2334101f7238,2026-09-02T11:00:00Z,2026-09-02T13:00:00+0200,-3.0,EUR/MWh,PT,PT,imbalance_price,Long,2026-09-04T22:58:27Z
2026-09-04T22:55:56Z,2026-09-05T00:55:56+0200,b13917e3-ec31-4901-b784-2334101f7238,2026-09-02T11:00:00Z,2026-09-02T13:00:00+0200,-3.0,EUR/MWh,PT,PT,imbalance_price,Short,2026-09-04T22:58:27Z
2026-09-04T22:55:56Z,2026-09-05T00:55:56+0200,b13917e3-ec31-4901-b784-2334101f7238,2026-09-02T11:15:00Z,2026-09-02T13:15:00+0200,-3.0,EUR/MWh,PT,PT,imbalance_price,Long,2026-09-04T22:58:27Z
2026-09-04T22:55:56Z,2026-09-05T00:55:56+0200,b13917e3-ec31-4901-b784-2334101f7238,2026-09-02T11:15:00Z,2026-09-02T13:15:00+0200,-3.0,EUR/MWh,PT,PT,imbalance_price,Short,2026-09-04T22:58:27Z
2026-09-04T22:55:56Z,2026-09-05T00:55:56+0200,b13917e3-ec31-4901-b784-2334101f7238,2026-09-02T11:30:00Z,2026-09-02T13:30:00+0200,-3.0,EUR/MWh,PT,PT,imbalance_price,Long,2026-09-04T22:58:27Z
2026-09-04T22:55:56Z,2026-09-05T00:55:56+0200,b13917e3-ec31-4901-b784-2334101f7238,2026-09-02T11:30:00Z,2026-09-02T13:30:00+0200,-3.0,EUR/MWh,PT,PT,imbalance_price,Short,2026-09-04T22:58:27Z
2026-09-04T22:55:56Z,2026-09-05T00:55:56+0200,b13917e3-ec31-4901-b784-2334101f7238,2026-09-02T11:45:00Z,2026-09-02T13:45:00+0200,-0.01,EUR/MWh,PT,PT,imbalance_price,Long,2026-09-04T22:58:27Z
2026-09-04T22:55:56Z,2026-09-05T00:55:56+0200,b13917e3-ec31-4901-b784-2334101f7238,2026-09-02T11:45:00Z,2026-09-02T13:45:00+0200,-0.01,EUR/MWh,PT,PT,imbalance_price,Short,2026-09-04T22:58:27Z
2026-09-04T22:55:56Z,2026-09-05T00:55:56+0200,b13917e3-ec31-4901-b784-2334101f7238,2026-09-02T12:00:00Z,2026-09-02T14:00:00+0200,-0.01,EUR/MWh,PT,PT,imbalance_price,Long,2026-09-04T22:58:27Z
2026-09-04T22:55:56Z,2026-09-05T00:55:56+0200,b13917e3-ec31-4901-b784-2334101f7238,2026-09-02T12:00:00Z,2026-09-02T14:00:00+0200,-0.01,EUR/MWh,PT,PT,imbalance_price,Short,2026-09-04T22:58:27Z
2026-09-04T22:55:56Z,2026-09-05T00:55:56+0200,b13917e3-ec31-4901-b784-2334101f7238,2026-09-02T12:15:00Z,2026-09-02T14:15:00+0200,-0.01,EUR/MWh,PT,PT,imbalance_price,Long,2026-09-04T22:58:27Z
2026-09-04T22:55:56Z,2026-09-05T00:55:56+0200,b13917e3-ec31-4901-b784-2334101f7238,2026-09-02T12:15:00Z,2026-09-02T14:15:00+0200,-0.01,EUR/MWh,PT,PT,imbalance_price,Short,2026-09-04T22:58:27Z
2026-09-04T22:55:56Z,2026-09-05T00:55:56+0200,b13917e3-ec31-4901-b784-2334101f7238,2026-09-02T12:30:00Z,2026-09-02T14:30:00+0200,0.0,EUR/MWh,PT,PT,imbalance_price,Long,2026-09-04T22:58:27Z
2026-09-04T22:55:56Z,2026-09-05T00:55:56+0200,b13917e3-ec31-4901-b784-2334101f7238,2026-09-02T12:30:00Z,2026-09-02T14:30:00+0200,0.0,EUR/MWh,PT,PT,imbalance_price,Short,2026-09-04T22:58:27Z
2026-09-04T22:55:56Z,2026-09-05T00:55:56+0200,b13917e3-ec31-4901-b784-2334101f7238,2026-09-02T12:45:00Z,2026-09-02T14:45:00+0200,-0.5,EUR/MWh,PT,PT,imbalance_price,Long,2026-09-04T22:58:27Z
2026-09-04T22:55:56Z,2026-09-05T00:55:56+0200,b13917e3-ec31-4901-b784-2334101f7238,2026-09-02T12:45:00Z,2026-09-02T14:45:00+0200,-0.5,EUR/MWh,PT,PT,imbalance_price,Short,2026-09-04T22:58:27Z
2026-09-04T22:55:56Z,2026-09-05T00:55:56+0200,b13917e3-ec31-4901-b784-2334101f7238,2026-09-02T13:00:00Z,2026-09-02T15:00:00+0200,-0.1,EUR/MWh,PT,PT,imbalance_price,Long,2026-09-04T22:58:27Z
2026-09-04T22:55:56Z,2026-09-05T00:55:56+0200,b13917e3-ec31-4901-b784-2334101f7238,2026-09-02T13:00:00Z,2026-09-02T15:00:00+0200,-0.1,EUR/MWh,PT,PT,imbalance_price,Short,2026-09-04T22:58:27Z
2026-09-04T22:55:56Z,2026-09-05T00:55:56+0200,b13917e3-ec31-4901-b784-2334101f7238,2026-09-02T13:15:00Z,2026-09-02T15:15:00+0200,0.65,EUR/MWh,PT,PT,imbalance_price,Long,2026-09-04T22:58:27Z
2026-09-04T22:55:56Z,2026-09-05T00:55:56+0200,b13917e3-ec31-4901-b784-2334101f7238,2026-09-02T13:15:00Z,2026-09-02T15:15:00+0200,0.65,EUR/MWh,PT,PT,imbalance_price,Short,2026-09-04T22:58:27Z
2026-09-04T22:55:56Z,2026-09-05T00:55:56+0200,b13917e3-ec31-4901-b784-2334101f7238,2026-09-02T13:30:00Z,2026-09-02T15:30:00+0200,45.49,EUR/MWh,PT,PT,imbalance_price,Long,2026-09-04T22:58:27Z
2026-09-04T22:55:56Z,2026-09-05T00:55:56+0200,b13917e3-ec31-4901-b784-2334101f7238,2026-09-02T13:30:00Z,2026-09-02T15:30:00+0200,45.49,EUR/MWh,PT,PT,imbalance_price,Short,2026-09-04T22:58:27Z
2026-09-04T22:55:56Z,2026-09-05T00:55:56+0200,b13917e3-ec31-4901-b784-2334101f7238,2026-09-02T13:45:00Z,2026-09-02T15:45:00+0200,45.49,EUR/MWh,PT,PT,imbalance_price,Long,2026-09-04T22:58:27Z
2026-09-04T22:55:56Z,2026-09-05T00:55:56+0200,b13917e3-ec31-4901-b784-2334101f7238,2026-09-02T13:45:00Z,2026-09-02T15:45:00+0200,45.49,EUR/MWh,PT,PT,imbalance_price,Short,2026-09-04T22:58:27Z
2026-09-04T22:55:56Z,2026-09-05T00:55:56+0200,b13917e3-ec31-4901-b784-2334101f7238,2026-09-02T14:00:00Z,2026-09-02T16:00:00+0200,60.72,EUR/MWh,PT,PT,imbalance_price,Long,2026-09-04T22:58:27Z
2026-09-04T22:55:56Z,2026-09-05T00:55:56+0200,b13917e3-ec31-4901-b784-2334101f7238,2026-09-02T14:00:00Z,2026-09-02T16:00:00+0200,60.72,EUR/MWh,PT,PT,imbalance_price,Short,2026-09-04T22:58:27Z
2026-09-04T22:55:56Z,2026-09-05T00:55:56+0200,b13917e3-ec31-4901-b784-2334101f7238,2026-09-02T14:15:00Z,2026-09-02T16:15:00+0200,61.98,EUR/MWh,PT,PT,imbalance_price,Long,2026-09-04T22:58:27Z
2026-09-04T22:55:56Z,2026-09-05T00:55:56+0200,b13917e3-ec31-4901-b784-2334101f7238,2026-09-02T14:15:00Z,2026-09-02T16:15:00+0200,61.98,EUR/MWh,PT,PT,imbalance_price,Short,2026-09-04T22:58:27Z
2026-09-04T22:55:56Z,2026-09-05T00:55:56+0200,b13917e3-ec31-4901-b784-2334101f7238,2026-09-02T14:30:00Z,2026-09-02T16:30:00+0200,60.49,EUR/MWh,PT,PT,imbalance_price,Long,2026-09-04T22:58:27Z
2026-09-04T22:55:56Z,2026-09-05T00:55:56+0200,b13917e3-ec31-4901-b784-2334101f7238,2026-09-02T14:30:00Z,2026-09-02T16:30:00+0200,60.49,EUR/MWh,PT,PT,imbalance_price,Short,2026-09-04T22:58:27Z
2026-09-04T22:55:56Z,2026-09-05T00:55:56+0200,b13917e3-ec31-4901-b784-2334101f7238,2026-09-02T14:45:00Z,2026-09-02T16:45:00+0200,60.49,EUR/MWh,PT,PT,imbalance_price,Long,2026-09-04T22:58:27Z
2026-09-04T22:55:56Z,2026-09-05T00:55:56+0200,b13917e3-ec31-4901-b784-2334101f7238,2026-09-02T14:45:00Z,2026-09-02T16:45:00+0200,110.56,EUR/MWh,PT,PT,imbalance_price,Short,2026-09-04T22:58:27Z
2026-09-04T22:55:56Z,2026-09-05T00:55:56+0200,b13917e3-ec31-4901-b784-2334101f7238,2026-09-02T15:00:00Z,2026-09-02T17:00:00+0200,60.49,EUR/MWh,PT,PT,imbalance_price,Long,2026-09-04T22:58:27Z
2026-09-04T22:55:56Z,2026-09-05T00:55:56+0200,b13917e3-ec31-4901-b784-2334101f7238,2026-09-02T15:00:00Z,2026-09-02T17:00:00+0200,60.49,EUR/MWh,PT,PT,imbalance_price,Short,2026-09-04T22:58:27Z
2026-09-04T22:55:56Z,2026-09-05T00:55:56+0200,b13917e3-ec31-4901-b784-2334101f7238,2026-09-02T15:15:00Z,2026-09-02T17:15:00+0200,52.0,EUR/MWh,PT,PT,imbalance_price,Long,2026-09-04T22:58:27Z
2026-09-04T22:55:56Z,2026-09-05T00:55:56+0200,b13917e3-ec31-4901-b784-2334101f7238,2026-09-02T15:15:00Z,2026-09-02T17:15:00+0200,52.0,EUR/MWh,PT,PT,imbalance_price,Short,2026-09-04T22:58:27Z
2026-09-04T22:55:56Z,2026-09-05T00:55:56+0200,b13917e3-ec31-4901-b784-2334101f7238,2026-09-02T15:30:00Z,2026-09-02T17:30:00+0200,51.48,EUR/MWh,PT,PT,imbalance_price,Long,2026-09-04T22:58:27Z
2026-09-04T22:55:56Z,2026-09-05T00:55:56+0200,b13917e3-ec31-4901-b784-2334101f7238,2026-09-02T15:30:00Z,2026-09-02T17:30:00+0200,149.21,EUR/MWh,PT,PT,imbalance_price,Short,2026-09-04T22:58:27Z
2026-09-04T22:55:56Z,2026-09-05T00:55:56+0200,b13917e3-ec31-4901-b784-2334101f7238,2026-09-02T15:45:00Z,2026-09-02T17:45:00+0200,52.0,EUR/MWh,PT,PT,imbalance_price,Long,2026-09-04T22:58:27Z
2026-09-04T22:55:56Z,2026-09-05T00:55:56+0200,b13917e3-ec31-4901-b784-2334101f7238,2026-09-02T15:45:00Z,2026-09-02T17:45:00+0200,155.15,EUR/MWh,PT,PT,imbalance_price,Short,2026-09-04T22:58:27Z
2026-09-04T22:55:56Z,2026-09-05T00:55:56+0200,b13917e3-ec31-4901-b784-2334101f7238,2026-09-02T16:00:00Z,2026-09-02T18:00:00+0200,0.16,EUR/MWh,PT,PT,imbalance_price,Long,2026-09-04T22:58:27Z
2026-09-04T22:55:56Z,2026-09-05T00:55:56+0200,b13917e3-ec31-4901-b784-2334101f7238,2026-09-02T16:00:00Z,2026-09-02T18:00:00+0200,155.15,EUR/MWh,PT,PT,imbalance_price,Short,2026-09-04T22:58:27Z
2026-09-04T22:55:56Z,2026-09-05T00:55:56+0200,b13917e3-ec31-4901-b784-2334101f7238,2026-09-02T16:15:00Z,2026-09-02T18:15:00+0200,45.49,EUR/MWh,PT,PT,imbalance_price,Long,2026-09-04T22:58:27Z
2026-09-04T22:55:56Z,2026-09-05T00:55:56+0200,b13917e3-ec31-4901-b784-2334101f7238,2026-09-02T16:15:00Z,2026-09-02T18:15:00+0200,180.0,EUR/MWh,PT,PT,imbalance_price,Short,2026-09-04T22:58:27Z
2026-09-04T22:55:56Z,2026-09-05T00:55:56+0200,b13917e3-ec31-4901-b784-2334101f7238,2026-09-02T16:30:00Z,2026-09-02T18:30:00+0200,163.27,EUR/MWh,PT,PT,imbalance_price,Long,2026-09-04T22:58:27Z
2026-09-04T22:55:56Z,2026-09-05T00:55:56+0200,b13917e3-ec31-4901-b784-2334101f7238,2026-09-02T16:30:00Z,2026-09-02T18:30:00+0200,163.27,EUR/MWh,PT,PT,imbalance_price,Short,2026-09-04T22:58:27Z
2026-09-04T22:55:56Z,2026-09-05T00:55:56+0200,b13917e3-ec31-4901-b784-2334101f7238,2026-09-02T16:45:00Z,2026-09-02T18:45:00+0200,151.18,EUR/MWh,PT,PT,imbalance_price,Long,2026-09-04T22:58:27Z
2026-09-04T22:55:56Z,2026-09-05T00:55:56+0200,b13917e3-ec31-4901-b784-2334101f7238,2026-09-02T16:45:00Z,2026-09-02T18:45:00+0200,198.74,EUR/MWh,PT,PT,imbalance_price,Short,2026-09-04T22:58:27Z
2026-09-04T22:55:56Z,2026-09-05T00:55:56+0200,b13917e3-ec31-4901-b784-2334101f7238,2026-09-02T17:00:00Z,2026-09-02T19:00:00+0200,142.02,EUR/MWh,PT,PT,imbalance_price,Long,2026-09-04T22:58:27Z
2026-09-04T22:55:56Z,2026-09-05T00:55:56+0200,b13917e3-ec31-4901-b784-2334101f7238,2026-09-02T17:00:00Z,2026-09-02T19:00:00+0200,195.27,EUR/MWh,PT,PT,imbalance_price,Short,2026-09-04T22:58:27Z
2026-09-04T22:55:56Z,2026-09-05T00:55:56+0200,b13917e3-ec31-4901-b784-2334101f7238,2026-09-02T17:15:00Z,2026-09-02T19:15:00+0200,183.18,EUR/MWh,PT,PT,imbalance_price,Long,2026-09-04T22:58:27Z
2026-09-04T22:55:56Z,2026-09-05T00:55:56+0200,b13917e3-ec31-4901-b784-2334101f7238,2026-09-02T17:15:00Z,2026-09-02T19:15:00+0200,183.18,EUR/MWh,PT,PT,imbalance_price,Short,2026-09-04T22:58:27Z
2026-09-04T22:55:56Z,2026-09-05T00:55:56+0200,b13917e3-ec31-4901-b784-2334101f7238,2026-09-02T17:30:00Z,2026-09-02T19:30:00+0200,166.73,EUR/MWh,PT,PT,imbalance_price,Long,2026-09-04T22:58:27Z
2026-09-04T22:55:56Z,2026-09-05T00:55:56+0200,b13917e3-ec31-4901-b784-2334101f7238,2026-09-02T17:30:00Z,2026-09-02T19:30:00+0200,260.4,EUR/MWh,PT,PT,imbalance_price,Short,2026-09-04T22:58:27Z
2026-09-04T22:55:56Z,2026-09-05T00:55:56+0200,b13917e3-ec31-4901-b784-2334101f7238,2026-09-02T17:45:00Z,2026-09-02T19:45:00+0200,134.14,EUR/MWh,PT,PT,imbalance_price,Long,2026-09-04T22:58:27Z
2026-09-04T22:55:56Z,2026-09-05T00:55:56+0200,b13917e3-ec31-4901-b784-2334101f7238,2026-09-02T17:45:00Z,2026-09-02T19:45:00+0200,289.01,EUR/MWh,PT,PT,imbalance_price,Short,2026-09-04T22:58:27Z
2026-09-04T22:55:56Z,2026-09-05T00:55:56+0200,b13917e3-ec31-4901-b784-2334101f7238,2026-09-02T18:00:00Z,2026-09-02T20:00:00+0200,156.79,EUR/MWh,PT,PT,imbalance_price,Long,2026-09-04T22:58:27Z
2026-09-04T22:55:56Z,2026-09-05T00:55:56+0200,b13917e3-ec31-4901-b784-2334101f7238,2026-09-02T18:00:00Z,2026-09-02T20:00:00+0200,266.86,EUR/MWh,PT,PT,imbalance_price,Short,2026-09-04T22:58:27Z
2026-09-04T22:55:56Z,2026-09-05T00:55:56+0200,b13917e3-ec31-4901-b784-2334101f7238,2026-09-02T18:15:00Z,2026-09-02T20:15:00+0200,168.02,EUR/MWh,PT,PT,imbalance_price,Long,2026-09-04T22:58:27Z
2026-09-04T22:55:56Z,2026-09-05T00:55:56+0200,b13917e3-ec31-4901-b784-2334101f7238,2026-09-02T18:15:00Z,2026-09-02T20:15:00+0200,283.26,EUR/MWh,PT,PT,imbalance_price,Short,2026-09-04T22:58:27Z
2026-09-04T22:55:56Z,2026-09-05T00:55:56+0200,b13917e3-ec31-4901-b784-2334101f7238,2026-09-02T18:30:00Z,2026-09-02T20:30:00+0200,168.92,EUR/MWh,PT,PT,imbalance_price,Long,2026-09-04T22:58:27Z
2026-09-04T22:55:56Z,2026-09-05T00:55:56+0200,b13917e3-ec31-4901-b784-2334101f7238,2026-09-02T18:30:00Z,2026-09-02T20:30:00+0200,294.77,EUR/MWh,PT,PT,imbalance_price,Short,2026-09-04T22:58:27Z
2026-09-04T22:55:56Z,2026-09-05T00:55:56+0200,b13917e3-ec31-4901-b784-2334101f7238,2026-09-02T18:45:00Z,2026-09-02T20:45:00+0200,169.05,EUR/MWh,PT,PT,imbalance_price,Long,2026-09-04T22:58:27Z
2026-09-04T22:55:56Z,2026-09-05T00:55:56+0200,b13917e3-ec31-4901-b784-2334101f7238,2026-09-02T18:45:00Z,2026-09-02T20:45:00+0200,169.05,EUR/MWh,PT,PT,imbalance_price,Short,2026-09-04T22:58:27Z
2026-09-04T22:55:56Z,2026-09-05T00:55:56+0200,b13917e3-ec31-4901-b784-2334101f7238,2026-09-02T19:00:00Z,2026-09-02T21:00:00+0200,129.73,EUR/MWh,PT,PT,imbalance_price,Long,2026-09-04T22:58:27Z
2026-09-04T22:55:56Z,2026-09-05T00:55:56+0200,b13917e3-ec31-4901-b784-2334101f7238,2026-09-02T19:00:00Z,2026-09-02T21:00:00+0200,289.01,EUR/MWh,PT,PT,imbalance_price,Short,2026-09-04T22:58:27Z
2026-09-04T22:55:56Z,2026-09-05T00:55:56+0200,b13917e3-ec31-4901-b784-2334101f7238,2026-09-02T19:15:00Z,2026-09-02T21:15:00+0200,130.73,EUR/MWh,PT,PT,imbalance_price,Long,2026-09-04T22:58:27Z
2026-09-04T22:55:56Z,2026-09-05T00:55:56+0200,b13917e3-ec31-4901-b784-2334101f7238,2026-09-02T19:15:00Z,2026-09-02T21:15:00+0200,130.73,EUR/MWh,PT,PT,imbalance_price,Short,2026-09-04T22:58:27Z
2026-09-04T22:55:56Z,2026-09-05T00:55:56+0200,b13917e3-ec31-4901-b784-2334101f7238,2026-09-02T19:30:00Z,2026-09-02T21:30:00+0200,128.73,EUR/MWh,PT,PT,imbalance_price,Long,2026-09-04T22:58:27Z
2026-09-04T22:55:56Z,2026-09-05T00:55:56+0200,b13917e3-ec31-4901-b784-2334101f7238,2026-09-02T19:30:00Z,2026-09-02T21:30:00+0200,128.73,EUR/MWh,PT,PT,imbalance_price,Short,2026-09-04T22:58:27Z
2026-09-04T22:55:56Z,2026-09-05T00:55:56+0200,b13917e3-ec31-4901-b784-2334101f7238,2026-09-02T19:45:00Z,2026-09-02T21:45:00+0200,128.73,EUR/MWh,PT,PT,imbalance_price,Long,2026-09-04T22:58:27Z
2026-09-04T22:55:56Z,2026-09-05T00:55:56+0200,b13917e3-ec31-4901-b784-2334101f7238,2026-09-02T19:45:00Z,2026-09-02T21:45:00+0200,128.73,EUR/MWh,PT,PT,imbalance_price,Short,2026-09-04T22:58:27Z
2026-09-04T22:55:56Z,2026-09-05T00:55:56+0200,b13917e3-ec31-4901-b784-2334101f7238,2026-09-02T20:00:00Z,2026-09-02T22:00:00+0200,130.73,EUR/MWh,PT,PT,imbalance_price,Long,2026-09-04T22:58:27Z
2026-09-04T22:55:56Z,2026-09-05T00:55:56+0200,b13917e3-ec31-4901-b784-2334101f7238,2026-09-02T20:00:00Z,2026-09-02T22:00:00+0200,267.61,EUR/MWh,PT,PT,imbalance_price,Short,2026-09-04T22:58:27Z
2026-09-04T22:55:56Z,2026-09-05T00:55:56+0200,b13917e3-ec31-4901-b784-2334101f7238,2026-09-02T20:15:00Z,2026-09-02T22:15:00+0200,127.47,EUR/MWh,PT,PT,imbalance_price,Long,2026-09-04T22:58:27Z
2026-09-04T22:55:56Z,2026-09-05T00:55:56+0200,b13917e3-ec31-4901-b784-2334101f7238,2026-09-02T20:15:00Z,2026-09-02T22:15:00+0200,261.0,EUR/MWh,PT,PT,imbalance_price,Short,2026-09-04T22:58:27Z
2026-09-04T22:55:56Z,2026-09-05T00:55:56+0200,b13917e3-ec31-4901-b784-2334101f7238,2026-09-02T20:30:00Z,2026-09-02T22:30:00+0200,128.47,EUR/MWh,PT,PT,imbalance_price,Long,2026-09-04T22:58:27Z
2026-09-04T22:55:56Z,2026-09-05T00:55:56+0200,b13917e3-ec31-4901-b784-2334101f7238,2026-09-02T20:30:00Z,2026-09-02T22:30:00+0200,249.62,EUR/MWh,PT,PT,imbalance_price,Short,2026-09-04T22:58:27Z
2026-09-04T22:55:56Z,2026-09-05T00:55:56+0200,b13917e3-ec31-4901-b784-2334101f7238,2026-09-02T20:45:00Z,2026-09-02T22:45:00+0200,117.47,EUR/MWh,PT,PT,imbalance_price,Long,2026-09-04T22:58:27Z
2026-09-04T22:55:56Z,2026-09-05T00:55:56+0200,b13917e3-ec31-4901-b784-2334101f7238,2026-09-02T20:45:00Z,2026-09-02T22:45:00+0200,236.04,EUR/MWh,PT,PT,imbalance_price,Short,2026-09-04T22:58:27Z
2026-09-04T22:55:56Z,2026-09-05T00:55:56+0200,b13917e3-ec31-4901-b784-2334101f7238,2026-09-02T21:00:00Z,2026-09-02T23:00:00+0200,116.47,EUR/MWh,PT,PT,imbalance_price,Long,2026-09-04T22:58:27Z
2026-09-04T22:55:56Z,2026-09-05T00:55:56+0200,b13917e3-ec31-4901-b784-2334101f7238,2026-09-02T21:00:00Z,2026-09-02T23:00:00+0200,116.47,EUR/MWh,PT,PT,imbalance_price,Short,2026-09-04T22:58:27Z
2026-09-04T22:55:56Z,2026-09-05T00:55:56+0200,b13917e3-ec31-4901-b784-2334101f7238,2026-09-02T21:15:00Z,2026-09-02T23:15:00+0200,107.47,EUR/MWh,PT,PT,imbalance_price,Long,2026-09-04T22:58:27Z
2026-09-04T22:55:56Z,2026-09-05T00:55:56+0200,b13917e3-ec31-4901-b784-2334101f7238,2026-09-02T21:15:00Z,2026-09-02T23:15:00+0200,107.47,EUR/MWh,PT,PT,imbalance_price,Short,2026-09-04T22:58:27Z
2026-09-04T22:55:56Z,2026-09-05T00:55:56+0200,b13917e3-ec31-4901-b784-2334101f7238,2026-09-02T21:30:00Z,2026-09-02T23:30:00+0200,105.47,EUR/MWh,PT,PT,imbalance_price,Long,2026-09-04T22:58:27Z
2026-09-04T22:55:56Z,2026-09-05T00:55:56+0200,b13917e3-ec31-4901-b784-2334101f7238,2026-09-02T21:30:00Z,2026-09-02T23:30:00+0200,105.47,EUR/MWh,PT,PT,imbalance_price,Short,2026-09-04T22:58:27Z
2026-09-04T22:55:56Z,2026-09-05T00:55:56+0200,b13917e3-ec31-4901-b784-2334101f7238,2026-09-02T21:45:00Z,2026-09-02T23:45:00+0200,102.13,EUR/MWh,PT,PT,imbalance_price,Long,2026-09-04T22:58:27Z
2026-09-04T22:55:56Z,2026-09-05T00:55:56+0200,b13917e3-ec31-4901-b784-2334101f7238,2026-09-02T21:45:00Z,2026-09-02T23:45:00+0200,102.13,EUR/MWh,PT,PT,imbalance_price,Short,2026-09-04T22:58:27Z
