collection_time_utc,collection_time_local,run_id,timestamp_utc,timestamp_local,value,unit,country,entsoe_area,variable,source,updated_at_utc
2026-05-23T20:18:24Z,2026-05-23T22:18:24+0200,ff0858ab-4740-4bdb-8b96-9805455abf18,2026-04-22T20:30:00Z,2026-04-22T22:30:00+0200,10690.77,MW,FR,FR,actual_onshore_wind_generation,Wind Onshore,2026-05-23T20:18:59Z
2026-05-23T20:18:24Z,2026-05-23T22:18:24+0200,ff0858ab-4740-4bdb-8b96-9805455abf18,2026-04-22T20:45:00Z,2026-04-22T22:45:00+0200,10784.88,MW,FR,FR,actual_onshore_wind_generation,Wind Onshore,2026-05-23T20:18:59Z
2026-05-23T20:18:24Z,2026-05-23T22:18:24+0200,ff0858ab-4740-4bdb-8b96-9805455abf18,2026-04-22T21:00:00Z,2026-04-22T23:00:00+0200,10795.17,MW,FR,FR,actual_onshore_wind_generation,Wind Onshore,2026-05-23T20:18:59Z
2026-05-23T20:18:24Z,2026-05-23T22:18:24+0200,ff0858ab-4740-4bdb-8b96-9805455abf18,2026-04-22T21:15:00Z,2026-04-22T23:15:00+0200,10850.14,MW,FR,FR,actual_onshore_wind_generation,Wind Onshore,2026-05-23T20:18:59Z
2026-05-23T20:18:24Z,2026-05-23T22:18:24+0200,ff0858ab-4740-4bdb-8b96-9805455abf18,2026-04-22T21:30:00Z,2026-04-22T23:30:00+0200,10923.49,MW,FR,FR,actual_onshore_wind_generation,Wind Onshore,2026-05-23T20:18:59Z
2026-05-23T20:18:24Z,2026-05-23T22:18:24+0200,ff0858ab-4740-4bdb-8b96-9805455abf18,2026-04-22T21:45:00Z,2026-04-22T23:45:00+0200,10932.88,MW,FR,FR,actual_onshore_wind_generation,Wind Onshore,2026-05-23T20:18:59Z
2026-05-23T20:18:24Z,2026-05-23T22:18:24+0200,ff0858ab-4740-4bdb-8b96-9805455abf18,2026-04-22T22:00:00Z,2026-04-23T00:00:00+0200,10903.2,MW,FR,FR,actual_onshore_wind_generation,Wind Onshore,2026-05-23T20:18:59Z
2026-05-23T20:18:24Z,2026-05-23T22:18:24+0200,ff0858ab-4740-4bdb-8b96-9805455abf18,2026-04-22T22:15:00Z,2026-04-23T00:15:00+0200,10793.95,MW,FR,FR,actual_onshore_wind_generation,Wind Onshore,2026-05-23T20:18:59Z
2026-05-23T20:18:24Z,2026-05-23T22:18:24+0200,ff0858ab-4740-4bdb-8b96-9805455abf18,2026-04-22T22:30:00Z,2026-04-23T00:30:00+0200,10673.45,MW,FR,FR,actual_onshore_wind_generation,Wind Onshore,2026-05-23T20:18:59Z
2026-05-23T20:18:24Z,2026-05-23T22:18:24+0200,ff0858ab-4740-4bdb-8b96-9805455abf18,2026-04-22T22:45:00Z,2026-04-23T00:45:00+0200,10544.28,MW,FR,FR,actual_onshore_wind_generation,Wind Onshore,2026-05-23T20:18:59Z
2026-05-23T20:18:24Z,2026-05-23T22:18:24+0200,ff0858ab-4740-4bdb-8b96-9805455abf18,2026-04-22T23:00:00Z,2026-04-23T01:00:00+0200,10443.37,MW,FR,FR,actual_onshore_wind_generation,Wind Onshore,2026-05-23T20:18:59Z
2026-05-23T20:18:24Z,2026-05-23T22:18:24+0200,ff0858ab-4740-4bdb-8b96-9805455abf18,2026-04-22T23:15:00Z,2026-04-23T01:15:00+0200,10238.53,MW,FR,FR,actual_onshore_wind_generation,Wind Onshore,2026-05-23T20:18:59Z
2026-05-23T20:18:24Z,2026-05-23T22:18:24+0200,ff0858ab-4740-4bdb-8b96-9805455abf18,2026-04-22T23:30:00Z,2026-04-23T01:30:00+0200,10021.78,MW,FR,FR,actual_onshore_wind_generation,Wind Onshore,2026-05-23T20:18:59Z
2026-05-23T20:18:24Z,2026-05-23T22:18:24+0200,ff0858ab-4740-4bdb-8b96-9805455abf18,2026-04-22T23:45:00Z,2026-04-23T01:45:00+0200,9826.45,MW,FR,FR,actual_onshore_wind_generation,Wind Onshore,2026-05-23T20:18:59Z
2026-05-23T20:18:24Z,2026-05-23T22:18:24+0200,ff0858ab-4740-4bdb-8b96-9805455abf18,2026-04-23T00:00:00Z,2026-04-23T02:00:00+0200,9628.1,MW,FR,FR,actual_onshore_wind_generation,Wind Onshore,2026-05-23T20:18:59Z
2026-05-23T20:18:24Z,2026-05-23T22:18:24+0200,ff0858ab-4740-4bdb-8b96-9805455abf18,2026-04-23T00:15:00Z,2026-04-23T02:15:00+0200,9463.13,MW,FR,FR,actual_onshore_wind_generation,Wind Onshore,2026-05-23T20:18:59Z
2026-05-23T20:18:24Z,2026-05-23T22:18:24+0200,ff0858ab-4740-4bdb-8b96-9805455abf18,2026-04-23T00:30:00Z,2026-04-23T02:30:00+0200,9249.27,MW,FR,FR,actual_onshore_wind_generation,Wind Onshore,2026-05-23T20:18:59Z
2026-05-23T20:18:24Z,2026-05-23T22:18:24+0200,ff0858ab-4740-4bdb-8b96-9805455abf18,2026-04-23T00:45:00Z,2026-04-23T02:45:00+0200,8913.17,MW,FR,FR,actual_onshore_wind_generation,Wind Onshore,2026-05-23T20:18:59Z
2026-05-23T20:18:24Z,2026-05-23T22:18:24+0200,ff0858ab-4740-4bdb-8b96-9805455abf18,2026-04-23T01:00:00Z,2026-04-23T03:00:00+0200,8737.69,MW,FR,FR,actual_onshore_wind_generation,Wind Onshore,2026-05-23T20:18:59Z
2026-05-23T20:18:24Z,2026-05-23T22:18:24+0200,ff0858ab-4740-4bdb-8b96-9805455abf18,2026-04-23T01:15:00Z,2026-04-23T03:15:00+0200,8653.19,MW,FR,FR,actual_onshore_wind_generation,Wind Onshore,2026-05-23T20:18:59Z
2026-05-23T20:18:24Z,2026-05-23T22:18:24+0200,ff0858ab-4740-4bdb-8b96-9805455abf18,2026-04-23T01:30:00Z,2026-04-23T03:30:00+0200,8600.66,MW,FR,FR,actual_onshore_wind_generation,Wind Onshore,2026-05-23T20:18:59Z
2026-05-23T20:18:24Z,2026-05-23T22:18:24+0200,ff0858ab-4740-4bdb-8b96-9805455abf18,2026-04-23T01:45:00Z,2026-04-23T03:45:00+0200,8512.96,MW,FR,FR,actual_onshore_wind_generation,Wind Onshore,2026-05-23T20:18:59Z
2026-05-23T20:18:24Z,2026-05-23T22:18:24+0200,ff0858ab-4740-4bdb-8b96-9805455abf18,2026-04-23T02:00:00Z,2026-04-23T04:00:00+0200,8395.2,MW,FR,FR,actual_onshore_wind_generation,Wind Onshore,2026-05-23T20:18:59Z
2026-05-23T20:18:24Z,2026-05-23T22:18:24+0200,ff0858ab-4740-4bdb-8b96-9805455abf18,2026-04-23T02:15:00Z,2026-04-23T04:15:00+0200,8274.95,MW,FR,FR,actual_onshore_wind_generation,Wind Onshore,2026-05-23T20:18:59Z
2026-05-23T20:18:24Z,2026-05-23T22:18:24+0200,ff0858ab-4740-4bdb-8b96-9805455abf18,2026-04-23T02:30:00Z,2026-04-23T04:30:00+0200,8114.21,MW,FR,FR,actual_onshore_wind_generation,Wind Onshore,2026-05-23T20:18:59Z
2026-05-23T20:18:24Z,2026-05-23T22:18:24+0200,ff0858ab-4740-4bdb-8b96-9805455abf18,2026-04-23T02:45:00Z,2026-04-23T04:45:00+0200,7982.93,MW,FR,FR,actual_onshore_wind_generation,Wind Onshore,2026-05-23T20:18:59Z
2026-05-23T20:18:24Z,2026-05-23T22:18:24+0200,ff0858ab-4740-4bdb-8b96-9805455abf18,2026-04-23T03:00:00Z,2026-04-23T05:00:00+0200,7914.96,MW,FR,FR,actual_onshore_wind_generation,Wind Onshore,2026-05-23T20:18:59Z
2026-05-23T20:18:24Z,2026-05-23T22:18:24+0200,ff0858ab-4740-4bdb-8b96-9805455abf18,2026-04-23T03:15:00Z,2026-04-23T05:15:00+0200,7896.18,MW,FR,FR,actual_onshore_wind_generation,Wind Onshore,2026-05-23T20:18:59Z
2026-05-23T20:18:24Z,2026-05-23T22:18:24+0200,ff0858ab-4740-4bdb-8b96-9805455abf18,2026-04-23T03:30:00Z,2026-04-23T05:30:00+0200,7849.27,MW,FR,FR,actual_onshore_wind_generation,Wind Onshore,2026-05-23T20:18:59Z
2026-05-23T20:18:24Z,2026-05-23T22:18:24+0200,ff0858ab-4740-4bdb-8b96-9805455abf18,2026-04-23T03:45:00Z,2026-04-23T05:45:00+0200,7807.09,MW,FR,FR,actual_onshore_wind_generation,Wind Onshore,2026-05-23T20:18:59Z
2026-05-23T20:18:24Z,2026-05-23T22:18:24+0200,ff0858ab-4740-4bdb-8b96-9805455abf18,2026-04-23T04:00:00Z,2026-04-23T06:00:00+0200,7779.28,MW,FR,FR,actual_onshore_wind_generation,Wind Onshore,2026-05-23T20:18:59Z
2026-05-23T20:18:24Z,2026-05-23T22:18:24+0200,ff0858ab-4740-4bdb-8b96-9805455abf18,2026-04-23T04:15:00Z,2026-04-23T06:15:00+0200,7692.24,MW,FR,FR,actual_onshore_wind_generation,Wind Onshore,2026-05-23T20:18:59Z
2026-05-23T20:18:24Z,2026-05-23T22:18:24+0200,ff0858ab-4740-4bdb-8b96-9805455abf18,2026-04-23T04:30:00Z,2026-04-23T06:30:00+0200,7577.6,MW,FR,FR,actual_onshore_wind_generation,Wind Onshore,2026-05-23T20:18:59Z
2026-05-23T20:18:24Z,2026-05-23T22:18:24+0200,ff0858ab-4740-4bdb-8b96-9805455abf18,2026-04-23T04:45:00Z,2026-04-23T06:45:00+0200,7525.98,MW,FR,FR,actual_onshore_wind_generation,Wind Onshore,2026-05-23T20:18:59Z
2026-05-23T20:18:24Z,2026-05-23T22:18:24+0200,ff0858ab-4740-4bdb-8b96-9805455abf18,2026-04-23T05:00:00Z,2026-04-23T07:00:00+0200,7635.37,MW,FR,FR,actual_onshore_wind_generation,Wind Onshore,2026-05-23T20:18:59Z
2026-05-23T20:18:24Z,2026-05-23T22:18:24+0200,ff0858ab-4740-4bdb-8b96-9805455abf18,2026-04-23T05:15:00Z,2026-04-23T07:15:00+0200,7663.94,MW,FR,FR,actual_onshore_wind_generation,Wind Onshore,2026-05-23T20:18:59Z
2026-05-23T20:18:24Z,2026-05-23T22:18:24+0200,ff0858ab-4740-4bdb-8b96-9805455abf18,2026-04-23T05:30:00Z,2026-04-23T07:30:00+0200,7521.23,MW,FR,FR,actual_onshore_wind_generation,Wind Onshore,2026-05-23T20:18:59Z
2026-05-23T20:18:24Z,2026-05-23T22:18:24+0200,ff0858ab-4740-4bdb-8b96-9805455abf18,2026-04-23T05:45:00Z,2026-04-23T07:45:00+0200,7371.94,MW,FR,FR,actual_onshore_wind_generation,Wind Onshore,2026-05-23T20:18:59Z
2026-05-23T20:18:24Z,2026-05-23T22:18:24+0200,ff0858ab-4740-4bdb-8b96-9805455abf18,2026-04-23T06:00:00Z,2026-04-23T08:00:00+0200,7249.81,MW,FR,FR,actual_onshore_wind_generation,Wind Onshore,2026-05-23T20:18:59Z
2026-05-23T20:18:24Z,2026-05-23T22:18:24+0200,ff0858ab-4740-4bdb-8b96-9805455abf18,2026-04-23T06:15:00Z,2026-04-23T08:15:00+0200,6952.35,MW,FR,FR,actual_onshore_wind_generation,Wind Onshore,2026-05-23T20:18:59Z
2026-05-23T20:18:24Z,2026-05-23T22:18:24+0200,ff0858ab-4740-4bdb-8b96-9805455abf18,2026-04-23T06:30:00Z,2026-04-23T08:30:00+0200,6485.5,MW,FR,FR,actual_onshore_wind_generation,Wind Onshore,2026-05-23T20:18:59Z
2026-05-23T20:18:24Z,2026-05-23T22:18:24+0200,ff0858ab-4740-4bdb-8b96-9805455abf18,2026-04-23T06:45:00Z,2026-04-23T08:45:00+0200,5936.64,MW,FR,FR,actual_onshore_wind_generation,Wind Onshore,2026-05-23T20:18:59Z
2026-05-23T20:18:24Z,2026-05-23T22:18:24+0200,ff0858ab-4740-4bdb-8b96-9805455abf18,2026-04-23T07:00:00Z,2026-04-23T09:00:00+0200,5422.74,MW,FR,FR,actual_onshore_wind_generation,Wind Onshore,2026-05-23T20:18:59Z
2026-05-23T20:18:24Z,2026-05-23T22:18:24+0200,ff0858ab-4740-4bdb-8b96-9805455abf18,2026-04-23T07:15:00Z,2026-04-23T09:15:00+0200,4857.31,MW,FR,FR,actual_onshore_wind_generation,Wind Onshore,2026-05-23T20:18:59Z
2026-05-23T20:18:24Z,2026-05-23T22:18:24+0200,ff0858ab-4740-4bdb-8b96-9805455abf18,2026-04-23T07:30:00Z,2026-04-23T09:30:00+0200,4447.74,MW,FR,FR,actual_onshore_wind_generation,Wind Onshore,2026-05-23T20:18:59Z
2026-05-23T20:18:24Z,2026-05-23T22:18:24+0200,ff0858ab-4740-4bdb-8b96-9805455abf18,2026-04-23T07:45:00Z,2026-04-23T09:45:00+0200,4168.19,MW,FR,FR,actual_onshore_wind_generation,Wind Onshore,2026-05-23T20:18:59Z
2026-05-23T20:18:24Z,2026-05-23T22:18:24+0200,ff0858ab-4740-4bdb-8b96-9805455abf18,2026-04-23T08:00:00Z,2026-04-23T10:00:00+0200,4058.39,MW,FR,FR,actual_onshore_wind_generation,Wind Onshore,2026-05-23T20:18:59Z
2026-05-23T20:18:24Z,2026-05-23T22:18:24+0200,ff0858ab-4740-4bdb-8b96-9805455abf18,2026-04-23T08:15:00Z,2026-04-23T10:15:00+0200,4123.22,MW,FR,FR,actual_onshore_wind_generation,Wind Onshore,2026-05-23T20:18:59Z
2026-05-23T20:18:24Z,2026-05-23T22:18:24+0200,ff0858ab-4740-4bdb-8b96-9805455abf18,2026-04-23T08:30:00Z,2026-04-23T10:30:00+0200,3907.61,MW,FR,FR,actual_onshore_wind_generation,Wind Onshore,2026-05-23T20:18:59Z
2026-05-23T20:18:24Z,2026-05-23T22:18:24+0200,ff0858ab-4740-4bdb-8b96-9805455abf18,2026-04-23T08:45:00Z,2026-04-23T10:45:00+0200,3383.17,MW,FR,FR,actual_onshore_wind_generation,Wind Onshore,2026-05-23T20:18:59Z
2026-05-23T20:18:24Z,2026-05-23T22:18:24+0200,ff0858ab-4740-4bdb-8b96-9805455abf18,2026-04-23T09:00:00Z,2026-04-23T11:00:00+0200,2503.55,MW,FR,FR,actual_onshore_wind_generation,Wind Onshore,2026-05-23T20:18:59Z
2026-05-23T20:18:24Z,2026-05-23T22:18:24+0200,ff0858ab-4740-4bdb-8b96-9805455abf18,2026-04-23T09:15:00Z,2026-04-23T11:15:00+0200,2397.21,MW,FR,FR,actual_onshore_wind_generation,Wind Onshore,2026-05-23T20:18:59Z
2026-05-23T20:18:24Z,2026-05-23T22:18:24+0200,ff0858ab-4740-4bdb-8b96-9805455abf18,2026-04-23T09:30:00Z,2026-04-23T11:30:00+0200,2615.73,MW,FR,FR,actual_onshore_wind_generation,Wind Onshore,2026-05-23T20:18:59Z
2026-05-23T20:18:24Z,2026-05-23T22:18:24+0200,ff0858ab-4740-4bdb-8b96-9805455abf18,2026-04-23T09:45:00Z,2026-04-23T11:45:00+0200,2722.05,MW,FR,FR,actual_onshore_wind_generation,Wind Onshore,2026-05-23T20:18:59Z
2026-05-23T20:18:24Z,2026-05-23T22:18:24+0200,ff0858ab-4740-4bdb-8b96-9805455abf18,2026-04-23T10:00:00Z,2026-04-23T12:00:00+0200,2789.96,MW,FR,FR,actual_onshore_wind_generation,Wind Onshore,2026-05-23T20:18:59Z
2026-05-23T20:18:24Z,2026-05-23T22:18:24+0200,ff0858ab-4740-4bdb-8b96-9805455abf18,2026-04-23T10:15:00Z,2026-04-23T12:15:00+0200,2867.21,MW,FR,FR,actual_onshore_wind_generation,Wind Onshore,2026-05-23T20:18:59Z
2026-05-23T20:18:24Z,2026-05-23T22:18:24+0200,ff0858ab-4740-4bdb-8b96-9805455abf18,2026-04-23T10:30:00Z,2026-04-23T12:30:00+0200,2914.21,MW,FR,FR,actual_onshore_wind_generation,Wind Onshore,2026-05-23T20:18:59Z
2026-05-23T20:18:24Z,2026-05-23T22:18:24+0200,ff0858ab-4740-4bdb-8b96-9805455abf18,2026-04-23T10:45:00Z,2026-04-23T12:45:00+0200,2900.8,MW,FR,FR,actual_onshore_wind_generation,Wind Onshore,2026-05-23T20:18:59Z
2026-05-23T20:18:24Z,2026-05-23T22:18:24+0200,ff0858ab-4740-4bdb-8b96-9805455abf18,2026-04-23T11:00:00Z,2026-04-23T13:00:00+0200,2959.99,MW,FR,FR,actual_onshore_wind_generation,Wind Onshore,2026-05-23T20:18:59Z
2026-05-23T20:18:24Z,2026-05-23T22:18:24+0200,ff0858ab-4740-4bdb-8b96-9805455abf18,2026-04-23T11:15:00Z,2026-04-23T13:15:00+0200,3020.94,MW,FR,FR,actual_onshore_wind_generation,Wind Onshore,2026-05-23T20:18:59Z
2026-05-23T20:18:24Z,2026-05-23T22:18:24+0200,ff0858ab-4740-4bdb-8b96-9805455abf18,2026-04-23T11:30:00Z,2026-04-23T13:30:00+0200,2982.15,MW,FR,FR,actual_onshore_wind_generation,Wind Onshore,2026-05-23T20:18:59Z
2026-05-23T20:18:24Z,2026-05-23T22:18:24+0200,ff0858ab-4740-4bdb-8b96-9805455abf18,2026-04-23T11:45:00Z,2026-04-23T13:45:00+0200,2917.24,MW,FR,FR,actual_onshore_wind_generation,Wind Onshore,2026-05-23T20:18:59Z
2026-05-23T20:18:24Z,2026-05-23T22:18:24+0200,ff0858ab-4740-4bdb-8b96-9805455abf18,2026-04-23T12:00:00Z,2026-04-23T14:00:00+0200,2927.06,MW,FR,FR,actual_onshore_wind_generation,Wind Onshore,2026-05-23T20:18:59Z
2026-05-23T20:18:24Z,2026-05-23T22:18:24+0200,ff0858ab-4740-4bdb-8b96-9805455abf18,2026-04-23T12:15:00Z,2026-04-23T14:15:00+0200,2899.95,MW,FR,FR,actual_onshore_wind_generation,Wind Onshore,2026-05-23T20:18:59Z
2026-05-23T20:18:24Z,2026-05-23T22:18:24+0200,ff0858ab-4740-4bdb-8b96-9805455abf18,2026-04-23T12:30:00Z,2026-04-23T14:30:00+0200,2849.08,MW,FR,FR,actual_onshore_wind_generation,Wind Onshore,2026-05-23T20:18:59Z
2026-05-23T20:18:24Z,2026-05-23T22:18:24+0200,ff0858ab-4740-4bdb-8b96-9805455abf18,2026-04-23T12:45:00Z,2026-04-23T14:45:00+0200,2852.07,MW,FR,FR,actual_onshore_wind_generation,Wind Onshore,2026-05-23T20:18:59Z
2026-05-23T20:18:24Z,2026-05-23T22:18:24+0200,ff0858ab-4740-4bdb-8b96-9805455abf18,2026-04-23T13:00:00Z,2026-04-23T15:00:00+0200,2867.47,MW,FR,FR,actual_onshore_wind_generation,Wind Onshore,2026-05-23T20:18:59Z
2026-05-23T20:18:24Z,2026-05-23T22:18:24+0200,ff0858ab-4740-4bdb-8b96-9805455abf18,2026-04-23T13:15:00Z,2026-04-23T15:15:00+0200,2863.9,MW,FR,FR,actual_onshore_wind_generation,Wind Onshore,2026-05-23T20:18:59Z
2026-05-23T20:18:24Z,2026-05-23T22:18:24+0200,ff0858ab-4740-4bdb-8b96-9805455abf18,2026-04-23T13:30:00Z,2026-04-23T15:30:00+0200,2895.9,MW,FR,FR,actual_onshore_wind_generation,Wind Onshore,2026-05-23T20:18:59Z
2026-05-23T20:18:24Z,2026-05-23T22:18:24+0200,ff0858ab-4740-4bdb-8b96-9805455abf18,2026-04-23T13:45:00Z,2026-04-23T15:45:00+0200,2916.97,MW,FR,FR,actual_onshore_wind_generation,Wind Onshore,2026-05-23T20:18:59Z
2026-05-23T20:18:24Z,2026-05-23T22:18:24+0200,ff0858ab-4740-4bdb-8b96-9805455abf18,2026-04-23T14:00:00Z,2026-04-23T16:00:00+0200,2931.92,MW,FR,FR,actual_onshore_wind_generation,Wind Onshore,2026-05-23T20:18:59Z
2026-05-23T20:18:24Z,2026-05-23T22:18:24+0200,ff0858ab-4740-4bdb-8b96-9805455abf18,2026-04-23T14:15:00Z,2026-04-23T16:15:00+0200,2903.6,MW,FR,FR,actual_onshore_wind_generation,Wind Onshore,2026-05-23T20:18:59Z
2026-05-23T20:18:24Z,2026-05-23T22:18:24+0200,ff0858ab-4740-4bdb-8b96-9805455abf18,2026-04-23T14:30:00Z,2026-04-23T16:30:00+0200,3050.44,MW,FR,FR,actual_onshore_wind_generation,Wind Onshore,2026-05-23T20:18:59Z
2026-05-23T20:18:24Z,2026-05-23T22:18:24+0200,ff0858ab-4740-4bdb-8b96-9805455abf18,2026-04-23T14:45:00Z,2026-04-23T16:45:00+0200,3326.71,MW,FR,FR,actual_onshore_wind_generation,Wind Onshore,2026-05-23T20:18:59Z
2026-05-23T20:18:24Z,2026-05-23T22:18:24+0200,ff0858ab-4740-4bdb-8b96-9805455abf18,2026-04-23T15:00:00Z,2026-04-23T17:00:00+0200,4995.34,MW,FR,FR,actual_onshore_wind_generation,Wind Onshore,2026-05-23T20:18:59Z
2026-05-23T20:18:24Z,2026-05-23T22:18:24+0200,ff0858ab-4740-4bdb-8b96-9805455abf18,2026-04-23T15:15:00Z,2026-04-23T17:15:00+0200,6672.43,MW,FR,FR,actual_onshore_wind_generation,Wind Onshore,2026-05-23T20:18:59Z
2026-05-23T20:18:24Z,2026-05-23T22:18:24+0200,ff0858ab-4740-4bdb-8b96-9805455abf18,2026-04-23T15:30:00Z,2026-04-23T17:30:00+0200,6927.28,MW,FR,FR,actual_onshore_wind_generation,Wind Onshore,2026-05-23T20:18:59Z
2026-05-23T20:18:24Z,2026-05-23T22:18:24+0200,ff0858ab-4740-4bdb-8b96-9805455abf18,2026-04-23T15:45:00Z,2026-04-23T17:45:00+0200,7049.22,MW,FR,FR,actual_onshore_wind_generation,Wind Onshore,2026-05-23T20:18:59Z
2026-05-23T20:18:24Z,2026-05-23T22:18:24+0200,ff0858ab-4740-4bdb-8b96-9805455abf18,2026-04-23T16:00:00Z,2026-04-23T18:00:00+0200,7185.64,MW,FR,FR,actual_onshore_wind_generation,Wind Onshore,2026-05-23T20:18:59Z
2026-05-23T20:18:24Z,2026-05-23T22:18:24+0200,ff0858ab-4740-4bdb-8b96-9805455abf18,2026-04-23T16:15:00Z,2026-04-23T18:15:00+0200,7207.97,MW,FR,FR,actual_onshore_wind_generation,Wind Onshore,2026-05-23T20:18:59Z
2026-05-23T20:18:24Z,2026-05-23T22:18:24+0200,ff0858ab-4740-4bdb-8b96-9805455abf18,2026-04-23T16:30:00Z,2026-04-23T18:30:00+0200,7237.33,MW,FR,FR,actual_onshore_wind_generation,Wind Onshore,2026-05-23T20:18:59Z
2026-05-23T20:18:24Z,2026-05-23T22:18:24+0200,ff0858ab-4740-4bdb-8b96-9805455abf18,2026-04-23T16:45:00Z,2026-04-23T18:45:00+0200,7254.54,MW,FR,FR,actual_onshore_wind_generation,Wind Onshore,2026-05-23T20:18:59Z
2026-05-23T20:18:24Z,2026-05-23T22:18:24+0200,ff0858ab-4740-4bdb-8b96-9805455abf18,2026-04-23T17:00:00Z,2026-04-23T19:00:00+0200,7242.05,MW,FR,FR,actual_onshore_wind_generation,Wind Onshore,2026-05-23T20:18:59Z
2026-05-23T20:18:24Z,2026-05-23T22:18:24+0200,ff0858ab-4740-4bdb-8b96-9805455abf18,2026-04-23T17:15:00Z,2026-04-23T19:15:00+0200,7076.43,MW,FR,FR,actual_onshore_wind_generation,Wind Onshore,2026-05-23T20:18:59Z
2026-05-23T20:18:24Z,2026-05-23T22:18:24+0200,ff0858ab-4740-4bdb-8b96-9805455abf18,2026-04-23T17:30:00Z,2026-04-23T19:30:00+0200,7003.62,MW,FR,FR,actual_onshore_wind_generation,Wind Onshore,2026-05-23T20:18:59Z
2026-05-23T20:18:24Z,2026-05-23T22:18:24+0200,ff0858ab-4740-4bdb-8b96-9805455abf18,2026-04-23T17:45:00Z,2026-04-23T19:45:00+0200,6858.83,MW,FR,FR,actual_onshore_wind_generation,Wind Onshore,2026-05-23T20:18:59Z
2026-05-23T20:18:24Z,2026-05-23T22:18:24+0200,ff0858ab-4740-4bdb-8b96-9805455abf18,2026-04-23T18:00:00Z,2026-04-23T20:00:00+0200,6845.97,MW,FR,FR,actual_onshore_wind_generation,Wind Onshore,2026-05-23T20:18:59Z
2026-05-23T20:18:24Z,2026-05-23T22:18:24+0200,ff0858ab-4740-4bdb-8b96-9805455abf18,2026-04-23T18:15:00Z,2026-04-23T20:15:00+0200,7037.65,MW,FR,FR,actual_onshore_wind_generation,Wind Onshore,2026-05-23T20:18:59Z
2026-05-23T20:18:24Z,2026-05-23T22:18:24+0200,ff0858ab-4740-4bdb-8b96-9805455abf18,2026-04-23T18:30:00Z,2026-04-23T20:30:00+0200,7428.96,MW,FR,FR,actual_onshore_wind_generation,Wind Onshore,2026-05-23T20:18:59Z
2026-05-23T20:18:24Z,2026-05-23T22:18:24+0200,ff0858ab-4740-4bdb-8b96-9805455abf18,2026-04-23T18:45:00Z,2026-04-23T20:45:00+0200,7894.19,MW,FR,FR,actual_onshore_wind_generation,Wind Onshore,2026-05-23T20:18:59Z
2026-05-23T20:18:24Z,2026-05-23T22:18:24+0200,ff0858ab-4740-4bdb-8b96-9805455abf18,2026-04-23T19:00:00Z,2026-04-23T21:00:00+0200,8362.59,MW,FR,FR,actual_onshore_wind_generation,Wind Onshore,2026-05-23T20:18:59Z
2026-05-23T20:18:24Z,2026-05-23T22:18:24+0200,ff0858ab-4740-4bdb-8b96-9805455abf18,2026-04-23T19:15:00Z,2026-04-23T21:15:00+0200,8826.27,MW,FR,FR,actual_onshore_wind_generation,Wind Onshore,2026-05-23T20:18:59Z
2026-05-23T20:18:24Z,2026-05-23T22:18:24+0200,ff0858ab-4740-4bdb-8b96-9805455abf18,2026-04-23T19:30:00Z,2026-04-23T21:30:00+0200,9271.3,MW,FR,FR,actual_onshore_wind_generation,Wind Onshore,2026-05-23T20:18:59Z
2026-05-23T20:18:24Z,2026-05-23T22:18:24+0200,ff0858ab-4740-4bdb-8b96-9805455abf18,2026-04-23T19:45:00Z,2026-04-23T21:45:00+0200,9594.21,MW,FR,FR,actual_onshore_wind_generation,Wind Onshore,2026-05-23T20:18:59Z
2026-05-23T20:18:24Z,2026-05-23T22:18:24+0200,ff0858ab-4740-4bdb-8b96-9805455abf18,2026-04-23T20:00:00Z,2026-04-23T22:00:00+0200,9479.72,MW,FR,FR,actual_onshore_wind_generation,Wind Onshore,2026-05-23T20:18:59Z
2026-05-23T20:18:24Z,2026-05-23T22:18:24+0200,ff0858ab-4740-4bdb-8b96-9805455abf18,2026-04-23T20:15:00Z,2026-04-23T22:15:00+0200,9342.97,MW,FR,FR,actual_onshore_wind_generation,Wind Onshore,2026-05-23T20:18:59Z
2026-05-23T20:18:24Z,2026-05-23T22:18:24+0200,ff0858ab-4740-4bdb-8b96-9805455abf18,2026-04-23T20:30:00Z,2026-04-23T22:30:00+0200,9309.71,MW,FR,FR,actual_onshore_wind_generation,Wind Onshore,2026-05-23T20:18:59Z
2026-05-23T20:18:24Z,2026-05-23T22:18:24+0200,ff0858ab-4740-4bdb-8b96-9805455abf18,2026-04-23T20:45:00Z,2026-04-23T22:45:00+0200,9318.59,MW,FR,FR,actual_onshore_wind_generation,Wind Onshore,2026-05-23T20:18:59Z
2026-05-23T20:18:24Z,2026-05-23T22:18:24+0200,ff0858ab-4740-4bdb-8b96-9805455abf18,2026-04-23T21:00:00Z,2026-04-23T23:00:00+0200,9286.25,MW,FR,FR,actual_onshore_wind_generation,Wind Onshore,2026-05-23T20:18:59Z
2026-05-23T20:18:24Z,2026-05-23T22:18:24+0200,ff0858ab-4740-4bdb-8b96-9805455abf18,2026-04-23T21:15:00Z,2026-04-23T23:15:00+0200,9345.32,MW,FR,FR,actual_onshore_wind_generation,Wind Onshore,2026-05-23T20:18:59Z
2026-05-23T20:18:24Z,2026-05-23T22:18:24+0200,ff0858ab-4740-4bdb-8b96-9805455abf18,2026-04-23T21:30:00Z,2026-04-23T23:30:00+0200,9490.4,MW,FR,FR,actual_onshore_wind_generation,Wind Onshore,2026-05-23T20:18:59Z
2026-05-23T20:18:24Z,2026-05-23T22:18:24+0200,ff0858ab-4740-4bdb-8b96-9805455abf18,2026-04-23T21:45:00Z,2026-04-23T23:45:00+0200,9668.92,MW,FR,FR,actual_onshore_wind_generation,Wind Onshore,2026-05-23T20:18:59Z
2026-05-23T20:18:24Z,2026-05-23T22:18:24+0200,ff0858ab-4740-4bdb-8b96-9805455abf18,2026-04-23T22:00:00Z,2026-04-24T00:00:00+0200,9764.1,MW,FR,FR,actual_onshore_wind_generation,Wind Onshore,2026-05-23T20:18:59Z
2026-05-23T20:18:24Z,2026-05-23T22:18:24+0200,ff0858ab-4740-4bdb-8b96-9805455abf18,2026-04-23T22:15:00Z,2026-04-24T00:15:00+0200,9650.32,MW,FR,FR,actual_onshore_wind_generation,Wind Onshore,2026-05-23T20:18:59Z
2026-05-23T20:18:24Z,2026-05-23T22:18:24+0200,ff0858ab-4740-4bdb-8b96-9805455abf18,2026-04-23T22:30:00Z,2026-04-24T00:30:00+0200,9548.28,MW,FR,FR,actual_onshore_wind_generation,Wind Onshore,2026-05-23T20:18:59Z
2026-05-23T20:18:24Z,2026-05-23T22:18:24+0200,ff0858ab-4740-4bdb-8b96-9805455abf18,2026-04-23T22:45:00Z,2026-04-24T00:45:00+0200,9565.08,MW,FR,FR,actual_onshore_wind_generation,Wind Onshore,2026-05-23T20:18:59Z
2026-05-23T20:18:24Z,2026-05-23T22:18:24+0200,ff0858ab-4740-4bdb-8b96-9805455abf18,2026-04-23T23:00:00Z,2026-04-24T01:00:00+0200,9555.22,MW,FR,FR,actual_onshore_wind_generation,Wind Onshore,2026-05-23T20:18:59Z
2026-05-23T20:18:24Z,2026-05-23T22:18:24+0200,ff0858ab-4740-4bdb-8b96-9805455abf18,2026-04-23T23:15:00Z,2026-04-24T01:15:00+0200,9521.86,MW,FR,FR,actual_onshore_wind_generation,Wind Onshore,2026-05-23T20:18:59Z
2026-05-23T20:18:24Z,2026-05-23T22:18:24+0200,ff0858ab-4740-4bdb-8b96-9805455abf18,2026-04-23T23:30:00Z,2026-04-24T01:30:00+0200,9447.41,MW,FR,FR,actual_onshore_wind_generation,Wind Onshore,2026-05-23T20:18:59Z
2026-05-23T20:18:24Z,2026-05-23T22:18:24+0200,ff0858ab-4740-4bdb-8b96-9805455abf18,2026-04-23T23:45:00Z,2026-04-24T01:45:00+0200,9341.32,MW,FR,FR,actual_onshore_wind_generation,Wind Onshore,2026-05-23T20:18:59Z
2026-05-23T20:18:24Z,2026-05-23T22:18:24+0200,ff0858ab-4740-4bdb-8b96-9805455abf18,2026-04-24T00:00:00Z,2026-04-24T02:00:00+0200,9270.18,MW,FR,FR,actual_onshore_wind_generation,Wind Onshore,2026-05-23T20:18:59Z
2026-05-23T20:18:24Z,2026-05-23T22:18:24+0200,ff0858ab-4740-4bdb-8b96-9805455abf18,2026-04-24T00:15:00Z,2026-04-24T02:15:00+0200,9123.7,MW,FR,FR,actual_onshore_wind_generation,Wind Onshore,2026-05-23T20:18:59Z
2026-05-23T20:18:24Z,2026-05-23T22:18:24+0200,ff0858ab-4740-4bdb-8b96-9805455abf18,2026-04-24T00:30:00Z,2026-04-24T02:30:00+0200,8962.92,MW,FR,FR,actual_onshore_wind_generation,Wind Onshore,2026-05-23T20:18:59Z
2026-05-23T20:18:24Z,2026-05-23T22:18:24+0200,ff0858ab-4740-4bdb-8b96-9805455abf18,2026-04-24T00:45:00Z,2026-04-24T02:45:00+0200,8922.33,MW,FR,FR,actual_onshore_wind_generation,Wind Onshore,2026-05-23T20:18:59Z
2026-05-23T20:18:24Z,2026-05-23T22:18:24+0200,ff0858ab-4740-4bdb-8b96-9805455abf18,2026-04-24T01:00:00Z,2026-04-24T03:00:00+0200,8782.15,MW,FR,FR,actual_onshore_wind_generation,Wind Onshore,2026-05-23T20:18:59Z
2026-05-23T20:18:24Z,2026-05-23T22:18:24+0200,ff0858ab-4740-4bdb-8b96-9805455abf18,2026-04-24T01:15:00Z,2026-04-24T03:15:00+0200,8543.53,MW,FR,FR,actual_onshore_wind_generation,Wind Onshore,2026-05-23T20:18:59Z
2026-05-23T20:18:24Z,2026-05-23T22:18:24+0200,ff0858ab-4740-4bdb-8b96-9805455abf18,2026-04-24T01:30:00Z,2026-04-24T03:30:00+0200,8415.86,MW,FR,FR,actual_onshore_wind_generation,Wind Onshore,2026-05-23T20:18:59Z
2026-05-23T20:18:24Z,2026-05-23T22:18:24+0200,ff0858ab-4740-4bdb-8b96-9805455abf18,2026-04-24T01:45:00Z,2026-04-24T03:45:00+0200,8339.47,MW,FR,FR,actual_onshore_wind_generation,Wind Onshore,2026-05-23T20:18:59Z
2026-05-23T20:18:24Z,2026-05-23T22:18:24+0200,ff0858ab-4740-4bdb-8b96-9805455abf18,2026-04-24T02:00:00Z,2026-04-24T04:00:00+0200,8114.22,MW,FR,FR,actual_onshore_wind_generation,Wind Onshore,2026-05-23T20:18:59Z
2026-05-23T20:18:24Z,2026-05-23T22:18:24+0200,ff0858ab-4740-4bdb-8b96-9805455abf18,2026-04-24T02:15:00Z,2026-04-24T04:15:00+0200,7935.19,MW,FR,FR,actual_onshore_wind_generation,Wind Onshore,2026-05-23T20:18:59Z
2026-05-23T20:18:24Z,2026-05-23T22:18:24+0200,ff0858ab-4740-4bdb-8b96-9805455abf18,2026-04-24T02:30:00Z,2026-04-24T04:30:00+0200,7750.42,MW,FR,FR,actual_onshore_wind_generation,Wind Onshore,2026-05-23T20:18:59Z
2026-05-23T20:18:24Z,2026-05-23T22:18:24+0200,ff0858ab-4740-4bdb-8b96-9805455abf18,2026-04-24T02:45:00Z,2026-04-24T04:45:00+0200,7569.96,MW,FR,FR,actual_onshore_wind_generation,Wind Onshore,2026-05-23T20:18:59Z
2026-05-23T20:18:24Z,2026-05-23T22:18:24+0200,ff0858ab-4740-4bdb-8b96-9805455abf18,2026-04-24T03:00:00Z,2026-04-24T05:00:00+0200,7380.23,MW,FR,FR,actual_onshore_wind_generation,Wind Onshore,2026-05-23T20:18:59Z
2026-05-23T20:18:24Z,2026-05-23T22:18:24+0200,ff0858ab-4740-4bdb-8b96-9805455abf18,2026-04-24T03:15:00Z,2026-04-24T05:15:00+0200,7192.82,MW,FR,FR,actual_onshore_wind_generation,Wind Onshore,2026-05-23T20:18:59Z
2026-05-23T20:18:24Z,2026-05-23T22:18:24+0200,ff0858ab-4740-4bdb-8b96-9805455abf18,2026-04-24T03:30:00Z,2026-04-24T05:30:00+0200,6946.75,MW,FR,FR,actual_onshore_wind_generation,Wind Onshore,2026-05-23T20:18:59Z
2026-05-23T20:18:24Z,2026-05-23T22:18:24+0200,ff0858ab-4740-4bdb-8b96-9805455abf18,2026-04-24T03:45:00Z,2026-04-24T05:45:00+0200,6698.12,MW,FR,FR,actual_onshore_wind_generation,Wind Onshore,2026-05-23T20:18:59Z
2026-05-23T20:18:24Z,2026-05-23T22:18:24+0200,ff0858ab-4740-4bdb-8b96-9805455abf18,2026-04-24T04:00:00Z,2026-04-24T06:00:00+0200,6512.47,MW,FR,FR,actual_onshore_wind_generation,Wind Onshore,2026-05-23T20:18:59Z
2026-05-23T20:18:24Z,2026-05-23T22:18:24+0200,ff0858ab-4740-4bdb-8b96-9805455abf18,2026-04-24T04:15:00Z,2026-04-24T06:15:00+0200,6257.36,MW,FR,FR,actual_onshore_wind_generation,Wind Onshore,2026-05-23T20:18:59Z
2026-05-23T20:18:24Z,2026-05-23T22:18:24+0200,ff0858ab-4740-4bdb-8b96-9805455abf18,2026-04-24T04:30:00Z,2026-04-24T06:30:00+0200,6053.43,MW,FR,FR,actual_onshore_wind_generation,Wind Onshore,2026-05-23T20:18:59Z
2026-05-23T20:18:24Z,2026-05-23T22:18:24+0200,ff0858ab-4740-4bdb-8b96-9805455abf18,2026-04-24T04:45:00Z,2026-04-24T06:45:00+0200,5905.69,MW,FR,FR,actual_onshore_wind_generation,Wind Onshore,2026-05-23T20:18:59Z
2026-05-23T20:18:24Z,2026-05-23T22:18:24+0200,ff0858ab-4740-4bdb-8b96-9805455abf18,2026-04-24T05:00:00Z,2026-04-24T07:00:00+0200,5900.74,MW,FR,FR,actual_onshore_wind_generation,Wind Onshore,2026-05-23T20:18:59Z
2026-05-23T20:18:24Z,2026-05-23T22:18:24+0200,ff0858ab-4740-4bdb-8b96-9805455abf18,2026-04-24T05:15:00Z,2026-04-24T07:15:00+0200,5847.39,MW,FR,FR,actual_onshore_wind_generation,Wind Onshore,2026-05-23T20:18:59Z
2026-05-23T20:18:24Z,2026-05-23T22:18:24+0200,ff0858ab-4740-4bdb-8b96-9805455abf18,2026-04-24T05:30:00Z,2026-04-24T07:30:00+0200,5753.35,MW,FR,FR,actual_onshore_wind_generation,Wind Onshore,2026-05-23T20:18:59Z
2026-05-23T20:18:24Z,2026-05-23T22:18:24+0200,ff0858ab-4740-4bdb-8b96-9805455abf18,2026-04-24T05:45:00Z,2026-04-24T07:45:00+0200,5530.9,MW,FR,FR,actual_onshore_wind_generation,Wind Onshore,2026-05-23T20:18:59Z
2026-05-23T20:18:24Z,2026-05-23T22:18:24+0200,ff0858ab-4740-4bdb-8b96-9805455abf18,2026-04-24T06:00:00Z,2026-04-24T08:00:00+0200,5215.3,MW,FR,FR,actual_onshore_wind_generation,Wind Onshore,2026-05-23T20:18:59Z
2026-05-23T20:18:24Z,2026-05-23T22:18:24+0200,ff0858ab-4740-4bdb-8b96-9805455abf18,2026-04-24T06:15:00Z,2026-04-24T08:15:00+0200,4818.25,MW,FR,FR,actual_onshore_wind_generation,Wind Onshore,2026-05-23T20:18:59Z
2026-05-23T20:18:24Z,2026-05-23T22:18:24+0200,ff0858ab-4740-4bdb-8b96-9805455abf18,2026-04-24T06:30:00Z,2026-04-24T08:30:00+0200,4369.0,MW,FR,FR,actual_onshore_wind_generation,Wind Onshore,2026-05-23T20:18:59Z
2026-05-23T20:18:24Z,2026-05-23T22:18:24+0200,ff0858ab-4740-4bdb-8b96-9805455abf18,2026-04-24T06:45:00Z,2026-04-24T08:45:00+0200,3926.13,MW,FR,FR,actual_onshore_wind_generation,Wind Onshore,2026-05-23T20:18:59Z
2026-05-23T20:18:24Z,2026-05-23T22:18:24+0200,ff0858ab-4740-4bdb-8b96-9805455abf18,2026-04-24T07:00:00Z,2026-04-24T09:00:00+0200,3426.1,MW,FR,FR,actual_onshore_wind_generation,Wind Onshore,2026-05-23T20:18:59Z
2026-05-23T20:18:24Z,2026-05-23T22:18:24+0200,ff0858ab-4740-4bdb-8b96-9805455abf18,2026-04-24T07:15:00Z,2026-04-24T09:15:00+0200,2877.65,MW,FR,FR,actual_onshore_wind_generation,Wind Onshore,2026-05-23T20:18:59Z
2026-05-23T20:18:24Z,2026-05-23T22:18:24+0200,ff0858ab-4740-4bdb-8b96-9805455abf18,2026-04-24T07:30:00Z,2026-04-24T09:30:00+0200,2505.92,MW,FR,FR,actual_onshore_wind_generation,Wind Onshore,2026-05-23T20:18:59Z
2026-05-23T20:18:24Z,2026-05-23T22:18:24+0200,ff0858ab-4740-4bdb-8b96-9805455abf18,2026-04-24T07:45:00Z,2026-04-24T09:45:00+0200,2195.02,MW,FR,FR,actual_onshore_wind_generation,Wind Onshore,2026-05-23T20:18:59Z
2026-05-23T20:18:24Z,2026-05-23T22:18:24+0200,ff0858ab-4740-4bdb-8b96-9805455abf18,2026-04-24T08:00:00Z,2026-04-24T10:00:00+0200,1973.7,MW,FR,FR,actual_onshore_wind_generation,Wind Onshore,2026-05-23T20:18:59Z
2026-05-23T20:18:24Z,2026-05-23T22:18:24+0200,ff0858ab-4740-4bdb-8b96-9805455abf18,2026-04-24T08:15:00Z,2026-04-24T10:15:00+0200,1923.8,MW,FR,FR,actual_onshore_wind_generation,Wind Onshore,2026-05-23T20:18:59Z
2026-05-23T20:18:24Z,2026-05-23T22:18:24+0200,ff0858ab-4740-4bdb-8b96-9805455abf18,2026-04-24T08:30:00Z,2026-04-24T10:30:00+0200,1833.77,MW,FR,FR,actual_onshore_wind_generation,Wind Onshore,2026-05-23T20:18:59Z
2026-05-23T20:18:24Z,2026-05-23T22:18:24+0200,ff0858ab-4740-4bdb-8b96-9805455abf18,2026-04-24T08:45:00Z,2026-04-24T10:45:00+0200,1615.58,MW,FR,FR,actual_onshore_wind_generation,Wind Onshore,2026-05-23T20:18:59Z
2026-05-23T20:18:24Z,2026-05-23T22:18:24+0200,ff0858ab-4740-4bdb-8b96-9805455abf18,2026-04-24T09:00:00Z,2026-04-24T11:00:00+0200,1244.02,MW,FR,FR,actual_onshore_wind_generation,Wind Onshore,2026-05-23T20:18:59Z
2026-05-23T20:18:24Z,2026-05-23T22:18:24+0200,ff0858ab-4740-4bdb-8b96-9805455abf18,2026-04-24T09:15:00Z,2026-04-24T11:15:00+0200,1194.34,MW,FR,FR,actual_onshore_wind_generation,Wind Onshore,2026-05-23T20:18:59Z
2026-05-23T20:18:24Z,2026-05-23T22:18:24+0200,ff0858ab-4740-4bdb-8b96-9805455abf18,2026-04-24T09:30:00Z,2026-04-24T11:30:00+0200,1060.93,MW,FR,FR,actual_onshore_wind_generation,Wind Onshore,2026-05-23T20:18:59Z
2026-05-23T20:18:24Z,2026-05-23T22:18:24+0200,ff0858ab-4740-4bdb-8b96-9805455abf18,2026-04-24T09:45:00Z,2026-04-24T11:45:00+0200,1005.4,MW,FR,FR,actual_onshore_wind_generation,Wind Onshore,2026-05-23T20:18:59Z
2026-05-23T20:18:24Z,2026-05-23T22:18:24+0200,ff0858ab-4740-4bdb-8b96-9805455abf18,2026-04-24T10:00:00Z,2026-04-24T12:00:00+0200,974.23,MW,FR,FR,actual_onshore_wind_generation,Wind Onshore,2026-05-23T20:18:59Z
2026-05-23T20:18:24Z,2026-05-23T22:18:24+0200,ff0858ab-4740-4bdb-8b96-9805455abf18,2026-04-24T10:15:00Z,2026-04-24T12:15:00+0200,995.45,MW,FR,FR,actual_onshore_wind_generation,Wind Onshore,2026-05-23T20:18:59Z
2026-05-23T20:18:24Z,2026-05-23T22:18:24+0200,ff0858ab-4740-4bdb-8b96-9805455abf18,2026-04-24T10:30:00Z,2026-04-24T12:30:00+0200,1047.14,MW,FR,FR,actual_onshore_wind_generation,Wind Onshore,2026-05-23T20:18:59Z
2026-05-23T20:18:24Z,2026-05-23T22:18:24+0200,ff0858ab-4740-4bdb-8b96-9805455abf18,2026-04-24T10:45:00Z,2026-04-24T12:45:00+0200,1101.41,MW,FR,FR,actual_onshore_wind_generation,Wind Onshore,2026-05-23T20:18:59Z
2026-05-23T20:18:24Z,2026-05-23T22:18:24+0200,ff0858ab-4740-4bdb-8b96-9805455abf18,2026-04-24T11:00:00Z,2026-04-24T13:00:00+0200,1158.13,MW,FR,FR,actual_onshore_wind_generation,Wind Onshore,2026-05-23T20:18:59Z
2026-05-23T20:18:24Z,2026-05-23T22:18:24+0200,ff0858ab-4740-4bdb-8b96-9805455abf18,2026-04-24T11:15:00Z,2026-04-24T13:15:00+0200,1237.39,MW,FR,FR,actual_onshore_wind_generation,Wind Onshore,2026-05-23T20:18:59Z
2026-05-23T20:18:24Z,2026-05-23T22:18:24+0200,ff0858ab-4740-4bdb-8b96-9805455abf18,2026-04-24T11:30:00Z,2026-04-24T13:30:00+0200,1301.34,MW,FR,FR,actual_onshore_wind_generation,Wind Onshore,2026-05-23T20:18:59Z
2026-05-23T20:18:24Z,2026-05-23T22:18:24+0200,ff0858ab-4740-4bdb-8b96-9805455abf18,2026-04-24T11:45:00Z,2026-04-24T13:45:00+0200,1335.88,MW,FR,FR,actual_onshore_wind_generation,Wind Onshore,2026-05-23T20:18:59Z
2026-05-23T20:18:24Z,2026-05-23T22:18:24+0200,ff0858ab-4740-4bdb-8b96-9805455abf18,2026-04-24T12:00:00Z,2026-04-24T14:00:00+0200,1391.39,MW,FR,FR,actual_onshore_wind_generation,Wind Onshore,2026-05-23T20:18:59Z
2026-05-23T20:18:24Z,2026-05-23T22:18:24+0200,ff0858ab-4740-4bdb-8b96-9805455abf18,2026-04-24T12:15:00Z,2026-04-24T14:15:00+0200,1431.16,MW,FR,FR,actual_onshore_wind_generation,Wind Onshore,2026-05-23T20:18:59Z
2026-05-23T20:18:24Z,2026-05-23T22:18:24+0200,ff0858ab-4740-4bdb-8b96-9805455abf18,2026-04-24T12:30:00Z,2026-04-24T14:30:00+0200,1463.51,MW,FR,FR,actual_onshore_wind_generation,Wind Onshore,2026-05-23T20:18:59Z
2026-05-23T20:18:24Z,2026-05-23T22:18:24+0200,ff0858ab-4740-4bdb-8b96-9805455abf18,2026-04-24T12:45:00Z,2026-04-24T14:45:00+0200,1497.79,MW,FR,FR,actual_onshore_wind_generation,Wind Onshore,2026-05-23T20:18:59Z
2026-05-23T20:18:24Z,2026-05-23T22:18:24+0200,ff0858ab-4740-4bdb-8b96-9805455abf18,2026-04-24T13:00:00Z,2026-04-24T15:00:00+0200,1519.78,MW,FR,FR,actual_onshore_wind_generation,Wind Onshore,2026-05-23T20:18:59Z
2026-05-23T20:18:24Z,2026-05-23T22:18:24+0200,ff0858ab-4740-4bdb-8b96-9805455abf18,2026-04-24T13:15:00Z,2026-04-24T15:15:00+0200,1535.19,MW,FR,FR,actual_onshore_wind_generation,Wind Onshore,2026-05-23T20:18:59Z
2026-05-23T20:18:24Z,2026-05-23T22:18:24+0200,ff0858ab-4740-4bdb-8b96-9805455abf18,2026-04-24T13:30:00Z,2026-04-24T15:30:00+0200,1547.33,MW,FR,FR,actual_onshore_wind_generation,Wind Onshore,2026-05-23T20:18:59Z
2026-05-23T20:18:24Z,2026-05-23T22:18:24+0200,ff0858ab-4740-4bdb-8b96-9805455abf18,2026-04-24T13:45:00Z,2026-04-24T15:45:00+0200,1553.49,MW,FR,FR,actual_onshore_wind_generation,Wind Onshore,2026-05-23T20:18:59Z
2026-05-23T20:18:24Z,2026-05-23T22:18:24+0200,ff0858ab-4740-4bdb-8b96-9805455abf18,2026-04-24T14:00:00Z,2026-04-24T16:00:00+0200,1603.99,MW,FR,FR,actual_onshore_wind_generation,Wind Onshore,2026-05-23T20:18:59Z
2026-05-23T20:18:24Z,2026-05-23T22:18:24+0200,ff0858ab-4740-4bdb-8b96-9805455abf18,2026-04-24T14:15:00Z,2026-04-24T16:15:00+0200,1526.53,MW,FR,FR,actual_onshore_wind_generation,Wind Onshore,2026-05-23T20:18:59Z
2026-05-23T20:18:24Z,2026-05-23T22:18:24+0200,ff0858ab-4740-4bdb-8b96-9805455abf18,2026-04-24T14:30:00Z,2026-04-24T16:30:00+0200,1651.36,MW,FR,FR,actual_onshore_wind_generation,Wind Onshore,2026-05-23T20:18:59Z
2026-05-23T20:18:24Z,2026-05-23T22:18:24+0200,ff0858ab-4740-4bdb-8b96-9805455abf18,2026-04-24T14:45:00Z,2026-04-24T16:45:00+0200,1789.29,MW,FR,FR,actual_onshore_wind_generation,Wind Onshore,2026-05-23T20:18:59Z
2026-05-23T20:18:24Z,2026-05-23T22:18:24+0200,ff0858ab-4740-4bdb-8b96-9805455abf18,2026-04-24T15:00:00Z,2026-04-24T17:00:00+0200,2283.46,MW,FR,FR,actual_onshore_wind_generation,Wind Onshore,2026-05-23T20:18:59Z
2026-05-23T20:18:24Z,2026-05-23T22:18:24+0200,ff0858ab-4740-4bdb-8b96-9805455abf18,2026-04-24T15:15:00Z,2026-04-24T17:15:00+0200,2972.92,MW,FR,FR,actual_onshore_wind_generation,Wind Onshore,2026-05-23T20:18:59Z
2026-05-23T20:18:24Z,2026-05-23T22:18:24+0200,ff0858ab-4740-4bdb-8b96-9805455abf18,2026-04-24T15:30:00Z,2026-04-24T17:30:00+0200,3328.24,MW,FR,FR,actual_onshore_wind_generation,Wind Onshore,2026-05-23T20:18:59Z
2026-05-23T20:18:24Z,2026-05-23T22:18:24+0200,ff0858ab-4740-4bdb-8b96-9805455abf18,2026-04-24T15:45:00Z,2026-04-24T17:45:00+0200,3419.19,MW,FR,FR,actual_onshore_wind_generation,Wind Onshore,2026-05-23T20:18:59Z
2026-05-23T20:18:24Z,2026-05-23T22:18:24+0200,ff0858ab-4740-4bdb-8b96-9805455abf18,2026-04-24T16:00:00Z,2026-04-24T18:00:00+0200,3398.82,MW,FR,FR,actual_onshore_wind_generation,Wind Onshore,2026-05-23T20:18:59Z
2026-05-23T20:18:24Z,2026-05-23T22:18:24+0200,ff0858ab-4740-4bdb-8b96-9805455abf18,2026-04-24T16:15:00Z,2026-04-24T18:15:00+0200,3358.45,MW,FR,FR,actual_onshore_wind_generation,Wind Onshore,2026-05-23T20:18:59Z
2026-05-23T20:18:24Z,2026-05-23T22:18:24+0200,ff0858ab-4740-4bdb-8b96-9805455abf18,2026-04-24T16:30:00Z,2026-04-24T18:30:00+0200,3348.6,MW,FR,FR,actual_onshore_wind_generation,Wind Onshore,2026-05-23T20:18:59Z
2026-05-23T20:18:24Z,2026-05-23T22:18:24+0200,ff0858ab-4740-4bdb-8b96-9805455abf18,2026-04-24T16:45:00Z,2026-04-24T18:45:00+0200,3293.35,MW,FR,FR,actual_onshore_wind_generation,Wind Onshore,2026-05-23T20:18:59Z
2026-05-23T20:18:24Z,2026-05-23T22:18:24+0200,ff0858ab-4740-4bdb-8b96-9805455abf18,2026-04-24T17:00:00Z,2026-04-24T19:00:00+0200,3278.09,MW,FR,FR,actual_onshore_wind_generation,Wind Onshore,2026-05-23T20:18:59Z
2026-05-23T20:18:24Z,2026-05-23T22:18:24+0200,ff0858ab-4740-4bdb-8b96-9805455abf18,2026-04-24T17:15:00Z,2026-04-24T19:15:00+0200,3257.69,MW,FR,FR,actual_onshore_wind_generation,Wind Onshore,2026-05-23T20:18:59Z
2026-05-23T20:18:24Z,2026-05-23T22:18:24+0200,ff0858ab-4740-4bdb-8b96-9805455abf18,2026-04-24T17:30:00Z,2026-04-24T19:30:00+0200,3228.65,MW,FR,FR,actual_onshore_wind_generation,Wind Onshore,2026-05-23T20:18:59Z
2026-05-23T20:18:24Z,2026-05-23T22:18:24+0200,ff0858ab-4740-4bdb-8b96-9805455abf18,2026-04-24T17:45:00Z,2026-04-24T19:45:00+0200,3192.89,MW,FR,FR,actual_onshore_wind_generation,Wind Onshore,2026-05-23T20:18:59Z
2026-05-23T20:18:24Z,2026-05-23T22:18:24+0200,ff0858ab-4740-4bdb-8b96-9805455abf18,2026-04-24T18:00:00Z,2026-04-24T20:00:00+0200,3244.65,MW,FR,FR,actual_onshore_wind_generation,Wind Onshore,2026-05-23T20:18:59Z
2026-05-23T20:18:24Z,2026-05-23T22:18:24+0200,ff0858ab-4740-4bdb-8b96-9805455abf18,2026-04-24T18:15:00Z,2026-04-24T20:15:00+0200,3434.03,MW,FR,FR,actual_onshore_wind_generation,Wind Onshore,2026-05-23T20:18:59Z
2026-05-23T20:18:24Z,2026-05-23T22:18:24+0200,ff0858ab-4740-4bdb-8b96-9805455abf18,2026-04-24T18:30:00Z,2026-04-24T20:30:00+0200,3737.41,MW,FR,FR,actual_onshore_wind_generation,Wind Onshore,2026-05-23T20:18:59Z
2026-05-23T20:18:24Z,2026-05-23T22:18:24+0200,ff0858ab-4740-4bdb-8b96-9805455abf18,2026-04-24T18:45:00Z,2026-04-24T20:45:00+0200,4083.04,MW,FR,FR,actual_onshore_wind_generation,Wind Onshore,2026-05-23T20:18:59Z
2026-05-23T20:18:24Z,2026-05-23T22:18:24+0200,ff0858ab-4740-4bdb-8b96-9805455abf18,2026-04-24T19:00:00Z,2026-04-24T21:00:00+0200,4339.62,MW,FR,FR,actual_onshore_wind_generation,Wind Onshore,2026-05-23T20:18:59Z
2026-05-23T20:18:24Z,2026-05-23T22:18:24+0200,ff0858ab-4740-4bdb-8b96-9805455abf18,2026-04-24T19:15:00Z,2026-04-24T21:15:00+0200,4550.92,MW,FR,FR,actual_onshore_wind_generation,Wind Onshore,2026-05-23T20:18:59Z
2026-05-23T20:18:24Z,2026-05-23T22:18:24+0200,ff0858ab-4740-4bdb-8b96-9805455abf18,2026-04-24T19:30:00Z,2026-04-24T21:30:00+0200,4780.97,MW,FR,FR,actual_onshore_wind_generation,Wind Onshore,2026-05-23T20:18:59Z
2026-05-23T20:18:24Z,2026-05-23T22:18:24+0200,ff0858ab-4740-4bdb-8b96-9805455abf18,2026-04-24T19:45:00Z,2026-04-24T21:45:00+0200,4986.8,MW,FR,FR,actual_onshore_wind_generation,Wind Onshore,2026-05-23T20:18:59Z
2026-05-23T20:18:24Z,2026-05-23T22:18:24+0200,ff0858ab-4740-4bdb-8b96-9805455abf18,2026-04-24T20:00:00Z,2026-04-24T22:00:00+0200,5081.07,MW,FR,FR,actual_onshore_wind_generation,Wind Onshore,2026-05-23T20:18:59Z
2026-05-23T20:18:24Z,2026-05-23T22:18:24+0200,ff0858ab-4740-4bdb-8b96-9805455abf18,2026-04-24T20:15:00Z,2026-04-24T22:15:00+0200,5203.5,MW,FR,FR,actual_onshore_wind_generation,Wind Onshore,2026-05-23T20:18:59Z
2026-05-23T20:18:24Z,2026-05-23T22:18:24+0200,ff0858ab-4740-4bdb-8b96-9805455abf18,2026-04-24T20:30:00Z,2026-04-24T22:30:00+0200,5310.82,MW,FR,FR,actual_onshore_wind_generation,Wind Onshore,2026-05-23T20:18:59Z
2026-05-23T20:18:24Z,2026-05-23T22:18:24+0200,ff0858ab-4740-4bdb-8b96-9805455abf18,2026-04-24T20:45:00Z,2026-04-24T22:45:00+0200,5289.46,MW,FR,FR,actual_onshore_wind_generation,Wind Onshore,2026-05-23T20:18:59Z
2026-05-23T20:18:24Z,2026-05-23T22:18:24+0200,ff0858ab-4740-4bdb-8b96-9805455abf18,2026-04-24T21:00:00Z,2026-04-24T23:00:00+0200,5254.14,MW,FR,FR,actual_onshore_wind_generation,Wind Onshore,2026-05-23T20:18:59Z
2026-05-23T20:18:24Z,2026-05-23T22:18:24+0200,ff0858ab-4740-4bdb-8b96-9805455abf18,2026-04-24T21:15:00Z,2026-04-24T23:15:00+0200,5209.72,MW,FR,FR,actual_onshore_wind_generation,Wind Onshore,2026-05-23T20:18:59Z
2026-05-23T20:18:24Z,2026-05-23T22:18:24+0200,ff0858ab-4740-4bdb-8b96-9805455abf18,2026-04-24T21:30:00Z,2026-04-24T23:30:00+0200,5084.75,MW,FR,FR,actual_onshore_wind_generation,Wind Onshore,2026-05-23T20:18:59Z
2026-05-23T20:18:24Z,2026-05-23T22:18:24+0200,ff0858ab-4740-4bdb-8b96-9805455abf18,2026-04-24T21:45:00Z,2026-04-24T23:45:00+0200,4980.85,MW,FR,FR,actual_onshore_wind_generation,Wind Onshore,2026-05-23T20:18:59Z
2026-05-23T20:18:24Z,2026-05-23T22:18:24+0200,ff0858ab-4740-4bdb-8b96-9805455abf18,2026-04-24T22:00:00Z,2026-04-25T00:00:00+0200,4914.1,MW,FR,FR,actual_onshore_wind_generation,Wind Onshore,2026-05-23T20:18:59Z
2026-05-23T20:18:24Z,2026-05-23T22:18:24+0200,ff0858ab-4740-4bdb-8b96-9805455abf18,2026-04-24T22:15:00Z,2026-04-25T00:15:00+0200,4818.97,MW,FR,FR,actual_onshore_wind_generation,Wind Onshore,2026-05-23T20:18:59Z
2026-05-23T20:18:24Z,2026-05-23T22:18:24+0200,ff0858ab-4740-4bdb-8b96-9805455abf18,2026-04-24T22:30:00Z,2026-04-25T00:30:00+0200,4686.06,MW,FR,FR,actual_onshore_wind_generation,Wind Onshore,2026-05-23T20:18:59Z
2026-05-23T20:18:24Z,2026-05-23T22:18:24+0200,ff0858ab-4740-4bdb-8b96-9805455abf18,2026-04-24T22:45:00Z,2026-04-25T00:45:00+0200,4584.78,MW,FR,FR,actual_onshore_wind_generation,Wind Onshore,2026-05-23T20:18:59Z
2026-05-23T20:18:24Z,2026-05-23T22:18:24+0200,ff0858ab-4740-4bdb-8b96-9805455abf18,2026-04-24T23:00:00Z,2026-04-25T01:00:00+0200,4391.3,MW,FR,FR,actual_onshore_wind_generation,Wind Onshore,2026-05-23T20:18:59Z
2026-05-23T20:18:24Z,2026-05-23T22:18:24+0200,ff0858ab-4740-4bdb-8b96-9805455abf18,2026-04-24T23:15:00Z,2026-04-25T01:15:00+0200,4184.38,MW,FR,FR,actual_onshore_wind_generation,Wind Onshore,2026-05-23T20:18:59Z
2026-05-23T20:18:24Z,2026-05-23T22:18:24+0200,ff0858ab-4740-4bdb-8b96-9805455abf18,2026-04-24T23:30:00Z,2026-04-25T01:30:00+0200,3991.61,MW,FR,FR,actual_onshore_wind_generation,Wind Onshore,2026-05-23T20:18:59Z
2026-05-23T20:18:24Z,2026-05-23T22:18:24+0200,ff0858ab-4740-4bdb-8b96-9805455abf18,2026-04-24T23:45:00Z,2026-04-25T01:45:00+0200,3874.81,MW,FR,FR,actual_onshore_wind_generation,Wind Onshore,2026-05-23T20:18:59Z
2026-05-23T20:18:24Z,2026-05-23T22:18:24+0200,ff0858ab-4740-4bdb-8b96-9805455abf18,2026-04-25T00:00:00Z,2026-04-25T02:00:00+0200,3837.28,MW,FR,FR,actual_onshore_wind_generation,Wind Onshore,2026-05-23T20:18:59Z
2026-05-23T20:18:24Z,2026-05-23T22:18:24+0200,ff0858ab-4740-4bdb-8b96-9805455abf18,2026-04-25T00:15:00Z,2026-04-25T02:15:00+0200,3802.91,MW,FR,FR,actual_onshore_wind_generation,Wind Onshore,2026-05-23T20:18:59Z
2026-05-23T20:18:24Z,2026-05-23T22:18:24+0200,ff0858ab-4740-4bdb-8b96-9805455abf18,2026-04-25T00:30:00Z,2026-04-25T02:30:00+0200,3775.14,MW,FR,FR,actual_onshore_wind_generation,Wind Onshore,2026-05-23T20:18:59Z
2026-05-23T20:18:24Z,2026-05-23T22:18:24+0200,ff0858ab-4740-4bdb-8b96-9805455abf18,2026-04-25T00:45:00Z,2026-04-25T02:45:00+0200,3685.36,MW,FR,FR,actual_onshore_wind_generation,Wind Onshore,2026-05-23T20:18:59Z
2026-05-23T20:18:24Z,2026-05-23T22:18:24+0200,ff0858ab-4740-4bdb-8b96-9805455abf18,2026-04-25T01:00:00Z,2026-04-25T03:00:00+0200,3626.07,MW,FR,FR,actual_onshore_wind_generation,Wind Onshore,2026-05-23T20:18:59Z
2026-05-23T20:18:24Z,2026-05-23T22:18:24+0200,ff0858ab-4740-4bdb-8b96-9805455abf18,2026-04-25T01:15:00Z,2026-04-25T03:15:00+0200,3515.13,MW,FR,FR,actual_onshore_wind_generation,Wind Onshore,2026-05-23T20:18:59Z
2026-05-23T20:18:24Z,2026-05-23T22:18:24+0200,ff0858ab-4740-4bdb-8b96-9805455abf18,2026-04-25T01:30:00Z,2026-04-25T03:30:00+0200,3461.66,MW,FR,FR,actual_onshore_wind_generation,Wind Onshore,2026-05-23T20:18:59Z
2026-05-23T20:18:24Z,2026-05-23T22:18:24+0200,ff0858ab-4740-4bdb-8b96-9805455abf18,2026-04-25T01:45:00Z,2026-04-25T03:45:00+0200,3391.15,MW,FR,FR,actual_onshore_wind_generation,Wind Onshore,2026-05-23T20:18:59Z
2026-05-23T20:18:24Z,2026-05-23T22:18:24+0200,ff0858ab-4740-4bdb-8b96-9805455abf18,2026-04-25T02:00:00Z,2026-04-25T04:00:00+0200,3349.7,MW,FR,FR,actual_onshore_wind_generation,Wind Onshore,2026-05-23T20:18:59Z
2026-05-23T20:18:24Z,2026-05-23T22:18:24+0200,ff0858ab-4740-4bdb-8b96-9805455abf18,2026-04-25T02:15:00Z,2026-04-25T04:15:00+0200,3310.39,MW,FR,FR,actual_onshore_wind_generation,Wind Onshore,2026-05-23T20:18:59Z
2026-05-23T20:18:24Z,2026-05-23T22:18:24+0200,ff0858ab-4740-4bdb-8b96-9805455abf18,2026-04-25T02:30:00Z,2026-04-25T04:30:00+0200,3234.29,MW,FR,FR,actual_onshore_wind_generation,Wind Onshore,2026-05-23T20:18:59Z
2026-05-23T20:18:24Z,2026-05-23T22:18:24+0200,ff0858ab-4740-4bdb-8b96-9805455abf18,2026-04-25T02:45:00Z,2026-04-25T04:45:00+0200,3136.22,MW,FR,FR,actual_onshore_wind_generation,Wind Onshore,2026-05-23T20:18:59Z
2026-05-23T20:18:24Z,2026-05-23T22:18:24+0200,ff0858ab-4740-4bdb-8b96-9805455abf18,2026-04-25T03:00:00Z,2026-04-25T05:00:00+0200,3003.47,MW,FR,FR,actual_onshore_wind_generation,Wind Onshore,2026-05-23T20:18:59Z
2026-05-23T20:18:24Z,2026-05-23T22:18:24+0200,ff0858ab-4740-4bdb-8b96-9805455abf18,2026-04-25T03:15:00Z,2026-04-25T05:15:00+0200,2871.7,MW,FR,FR,actual_onshore_wind_generation,Wind Onshore,2026-05-23T20:18:59Z
2026-05-23T20:18:24Z,2026-05-23T22:18:24+0200,ff0858ab-4740-4bdb-8b96-9805455abf18,2026-04-25T03:30:00Z,2026-04-25T05:30:00+0200,2763.17,MW,FR,FR,actual_onshore_wind_generation,Wind Onshore,2026-05-23T20:18:59Z
2026-05-23T20:18:24Z,2026-05-23T22:18:24+0200,ff0858ab-4740-4bdb-8b96-9805455abf18,2026-04-25T03:45:00Z,2026-04-25T05:45:00+0200,2649.23,MW,FR,FR,actual_onshore_wind_generation,Wind Onshore,2026-05-23T20:18:59Z
2026-05-23T20:18:24Z,2026-05-23T22:18:24+0200,ff0858ab-4740-4bdb-8b96-9805455abf18,2026-04-25T04:00:00Z,2026-04-25T06:00:00+0200,2548.99,MW,FR,FR,actual_onshore_wind_generation,Wind Onshore,2026-05-23T20:18:59Z
2026-05-23T20:18:24Z,2026-05-23T22:18:24+0200,ff0858ab-4740-4bdb-8b96-9805455abf18,2026-04-25T04:15:00Z,2026-04-25T06:15:00+0200,2438.07,MW,FR,FR,actual_onshore_wind_generation,Wind Onshore,2026-05-23T20:18:59Z
2026-05-23T20:18:24Z,2026-05-23T22:18:24+0200,ff0858ab-4740-4bdb-8b96-9805455abf18,2026-04-25T04:30:00Z,2026-04-25T06:30:00+0200,2329.41,MW,FR,FR,actual_onshore_wind_generation,Wind Onshore,2026-05-23T20:18:59Z
2026-05-23T20:18:24Z,2026-05-23T22:18:24+0200,ff0858ab-4740-4bdb-8b96-9805455abf18,2026-04-25T04:45:00Z,2026-04-25T06:45:00+0200,2218.85,MW,FR,FR,actual_onshore_wind_generation,Wind Onshore,2026-05-23T20:18:59Z
2026-05-23T20:18:24Z,2026-05-23T22:18:24+0200,ff0858ab-4740-4bdb-8b96-9805455abf18,2026-04-25T05:00:00Z,2026-04-25T07:00:00+0200,2166.1,MW,FR,FR,actual_onshore_wind_generation,Wind Onshore,2026-05-23T20:18:59Z
2026-05-23T20:18:24Z,2026-05-23T22:18:24+0200,ff0858ab-4740-4bdb-8b96-9805455abf18,2026-04-25T05:15:00Z,2026-04-25T07:15:00+0200,2077.82,MW,FR,FR,actual_onshore_wind_generation,Wind Onshore,2026-05-23T20:18:59Z
2026-05-23T20:18:24Z,2026-05-23T22:18:24+0200,ff0858ab-4740-4bdb-8b96-9805455abf18,2026-04-25T05:30:00Z,2026-04-25T07:30:00+0200,1955.66,MW,FR,FR,actual_onshore_wind_generation,Wind Onshore,2026-05-23T20:18:59Z
2026-05-23T20:18:24Z,2026-05-23T22:18:24+0200,ff0858ab-4740-4bdb-8b96-9805455abf18,2026-04-25T05:45:00Z,2026-04-25T07:45:00+0200,1852.62,MW,FR,FR,actual_onshore_wind_generation,Wind Onshore,2026-05-23T20:18:59Z
2026-05-23T20:18:24Z,2026-05-23T22:18:24+0200,ff0858ab-4740-4bdb-8b96-9805455abf18,2026-04-25T06:00:00Z,2026-04-25T08:00:00+0200,1726.43,MW,FR,FR,actual_onshore_wind_generation,Wind Onshore,2026-05-23T20:18:59Z
2026-05-23T20:18:24Z,2026-05-23T22:18:24+0200,ff0858ab-4740-4bdb-8b96-9805455abf18,2026-04-25T06:15:00Z,2026-04-25T08:15:00+0200,1566.62,MW,FR,FR,actual_onshore_wind_generation,Wind Onshore,2026-05-23T20:18:59Z
2026-05-23T20:18:24Z,2026-05-23T22:18:24+0200,ff0858ab-4740-4bdb-8b96-9805455abf18,2026-04-25T06:30:00Z,2026-04-25T08:30:00+0200,1432.15,MW,FR,FR,actual_onshore_wind_generation,Wind Onshore,2026-05-23T20:18:59Z
2026-05-23T20:18:24Z,2026-05-23T22:18:24+0200,ff0858ab-4740-4bdb-8b96-9805455abf18,2026-04-25T06:45:00Z,2026-04-25T08:45:00+0200,1276.72,MW,FR,FR,actual_onshore_wind_generation,Wind Onshore,2026-05-23T20:18:59Z
2026-05-23T20:18:24Z,2026-05-23T22:18:24+0200,ff0858ab-4740-4bdb-8b96-9805455abf18,2026-04-25T07:00:00Z,2026-04-25T09:00:00+0200,1123.48,MW,FR,FR,actual_onshore_wind_generation,Wind Onshore,2026-05-23T20:18:59Z
2026-05-23T20:18:24Z,2026-05-23T22:18:24+0200,ff0858ab-4740-4bdb-8b96-9805455abf18,2026-04-25T07:15:00Z,2026-04-25T09:15:00+0200,991.61,MW,FR,FR,actual_onshore_wind_generation,Wind Onshore,2026-05-23T20:18:59Z
2026-05-23T20:18:24Z,2026-05-23T22:18:24+0200,ff0858ab-4740-4bdb-8b96-9805455abf18,2026-04-25T07:30:00Z,2026-04-25T09:30:00+0200,923.58,MW,FR,FR,actual_onshore_wind_generation,Wind Onshore,2026-05-23T20:18:59Z
2026-05-23T20:18:24Z,2026-05-23T22:18:24+0200,ff0858ab-4740-4bdb-8b96-9805455abf18,2026-04-25T07:45:00Z,2026-04-25T09:45:00+0200,760.75,MW,FR,FR,actual_onshore_wind_generation,Wind Onshore,2026-05-23T20:18:59Z
2026-05-23T20:18:24Z,2026-05-23T22:18:24+0200,ff0858ab-4740-4bdb-8b96-9805455abf18,2026-04-25T08:00:00Z,2026-04-25T10:00:00+0200,567.05,MW,FR,FR,actual_onshore_wind_generation,Wind Onshore,2026-05-23T20:18:59Z
2026-05-23T20:18:24Z,2026-05-23T22:18:24+0200,ff0858ab-4740-4bdb-8b96-9805455abf18,2026-04-25T08:15:00Z,2026-04-25T10:15:00+0200,541.45,MW,FR,FR,actual_onshore_wind_generation,Wind Onshore,2026-05-23T20:18:59Z
2026-05-23T20:18:24Z,2026-05-23T22:18:24+0200,ff0858ab-4740-4bdb-8b96-9805455abf18,2026-04-25T08:30:00Z,2026-04-25T10:30:00+0200,538.33,MW,FR,FR,actual_onshore_wind_generation,Wind Onshore,2026-05-23T20:18:59Z
2026-05-23T20:18:24Z,2026-05-23T22:18:24+0200,ff0858ab-4740-4bdb-8b96-9805455abf18,2026-04-25T08:45:00Z,2026-04-25T10:45:00+0200,530.46,MW,FR,FR,actual_onshore_wind_generation,Wind Onshore,2026-05-23T20:18:59Z
2026-05-23T20:18:24Z,2026-05-23T22:18:24+0200,ff0858ab-4740-4bdb-8b96-9805455abf18,2026-04-25T09:00:00Z,2026-04-25T11:00:00+0200,540.56,MW,FR,FR,actual_onshore_wind_generation,Wind Onshore,2026-05-23T20:18:59Z
2026-05-23T20:18:24Z,2026-05-23T22:18:24+0200,ff0858ab-4740-4bdb-8b96-9805455abf18,2026-04-25T09:15:00Z,2026-04-25T11:15:00+0200,543.81,MW,FR,FR,actual_onshore_wind_generation,Wind Onshore,2026-05-23T20:18:59Z
2026-05-23T20:18:24Z,2026-05-23T22:18:24+0200,ff0858ab-4740-4bdb-8b96-9805455abf18,2026-04-25T09:30:00Z,2026-04-25T11:30:00+0200,538.6,MW,FR,FR,actual_onshore_wind_generation,Wind Onshore,2026-05-23T20:18:59Z
2026-05-23T20:18:24Z,2026-05-23T22:18:24+0200,ff0858ab-4740-4bdb-8b96-9805455abf18,2026-04-25T09:45:00Z,2026-04-25T11:45:00+0200,539.55,MW,FR,FR,actual_onshore_wind_generation,Wind Onshore,2026-05-23T20:18:59Z
2026-05-23T20:18:24Z,2026-05-23T22:18:24+0200,ff0858ab-4740-4bdb-8b96-9805455abf18,2026-04-25T10:00:00Z,2026-04-25T12:00:00+0200,534.4,MW,FR,FR,actual_onshore_wind_generation,Wind Onshore,2026-05-23T20:18:59Z
2026-05-23T20:18:24Z,2026-05-23T22:18:24+0200,ff0858ab-4740-4bdb-8b96-9805455abf18,2026-04-25T10:15:00Z,2026-04-25T12:15:00+0200,533.89,MW,FR,FR,actual_onshore_wind_generation,Wind Onshore,2026-05-23T20:18:59Z
2026-05-23T20:18:24Z,2026-05-23T22:18:24+0200,ff0858ab-4740-4bdb-8b96-9805455abf18,2026-04-25T10:30:00Z,2026-04-25T12:30:00+0200,544.57,MW,FR,FR,actual_onshore_wind_generation,Wind Onshore,2026-05-23T20:18:59Z
2026-05-23T20:18:24Z,2026-05-23T22:18:24+0200,ff0858ab-4740-4bdb-8b96-9805455abf18,2026-04-25T10:45:00Z,2026-04-25T12:45:00+0200,545.57,MW,FR,FR,actual_onshore_wind_generation,Wind Onshore,2026-05-23T20:18:59Z
2026-05-23T20:18:24Z,2026-05-23T22:18:24+0200,ff0858ab-4740-4bdb-8b96-9805455abf18,2026-04-25T11:00:00Z,2026-04-25T13:00:00+0200,542.87,MW,FR,FR,actual_onshore_wind_generation,Wind Onshore,2026-05-23T20:18:59Z
2026-05-23T20:18:24Z,2026-05-23T22:18:24+0200,ff0858ab-4740-4bdb-8b96-9805455abf18,2026-04-25T11:15:00Z,2026-04-25T13:15:00+0200,539.55,MW,FR,FR,actual_onshore_wind_generation,Wind Onshore,2026-05-23T20:18:59Z
2026-05-23T20:18:24Z,2026-05-23T22:18:24+0200,ff0858ab-4740-4bdb-8b96-9805455abf18,2026-04-25T11:30:00Z,2026-04-25T13:30:00+0200,526.8,MW,FR,FR,actual_onshore_wind_generation,Wind Onshore,2026-05-23T20:18:59Z
2026-05-23T20:18:24Z,2026-05-23T22:18:24+0200,ff0858ab-4740-4bdb-8b96-9805455abf18,2026-04-25T11:45:00Z,2026-04-25T13:45:00+0200,529.7,MW,FR,FR,actual_onshore_wind_generation,Wind Onshore,2026-05-23T20:18:59Z
2026-05-23T20:18:24Z,2026-05-23T22:18:24+0200,ff0858ab-4740-4bdb-8b96-9805455abf18,2026-04-25T12:00:00Z,2026-04-25T14:00:00+0200,528.27,MW,FR,FR,actual_onshore_wind_generation,Wind Onshore,2026-05-23T20:18:59Z
2026-05-23T20:18:24Z,2026-05-23T22:18:24+0200,ff0858ab-4740-4bdb-8b96-9805455abf18,2026-04-25T12:15:00Z,2026-04-25T14:15:00+0200,526.55,MW,FR,FR,actual_onshore_wind_generation,Wind Onshore,2026-05-23T20:18:59Z
2026-05-23T20:18:24Z,2026-05-23T22:18:24+0200,ff0858ab-4740-4bdb-8b96-9805455abf18,2026-04-25T12:30:00Z,2026-04-25T14:30:00+0200,537.64,MW,FR,FR,actual_onshore_wind_generation,Wind Onshore,2026-05-23T20:18:59Z
2026-05-23T20:18:24Z,2026-05-23T22:18:24+0200,ff0858ab-4740-4bdb-8b96-9805455abf18,2026-04-25T12:45:00Z,2026-04-25T14:45:00+0200,541.58,MW,FR,FR,actual_onshore_wind_generation,Wind Onshore,2026-05-23T20:18:59Z
2026-05-23T20:18:24Z,2026-05-23T22:18:24+0200,ff0858ab-4740-4bdb-8b96-9805455abf18,2026-04-25T13:00:00Z,2026-04-25T15:00:00+0200,558.07,MW,FR,FR,actual_onshore_wind_generation,Wind Onshore,2026-05-23T20:18:59Z
2026-05-23T20:18:24Z,2026-05-23T22:18:24+0200,ff0858ab-4740-4bdb-8b96-9805455abf18,2026-04-25T13:15:00Z,2026-04-25T15:15:00+0200,560.67,MW,FR,FR,actual_onshore_wind_generation,Wind Onshore,2026-05-23T20:18:59Z
2026-05-23T20:18:24Z,2026-05-23T22:18:24+0200,ff0858ab-4740-4bdb-8b96-9805455abf18,2026-04-25T13:30:00Z,2026-04-25T15:30:00+0200,569.79,MW,FR,FR,actual_onshore_wind_generation,Wind Onshore,2026-05-23T20:18:59Z
2026-05-23T20:18:24Z,2026-05-23T22:18:24+0200,ff0858ab-4740-4bdb-8b96-9805455abf18,2026-04-25T13:45:00Z,2026-04-25T15:45:00+0200,561.59,MW,FR,FR,actual_onshore_wind_generation,Wind Onshore,2026-05-23T20:18:59Z
2026-05-23T20:18:24Z,2026-05-23T22:18:24+0200,ff0858ab-4740-4bdb-8b96-9805455abf18,2026-04-25T14:00:00Z,2026-04-25T16:00:00+0200,563.59,MW,FR,FR,actual_onshore_wind_generation,Wind Onshore,2026-05-23T20:18:59Z
2026-05-23T20:18:24Z,2026-05-23T22:18:24+0200,ff0858ab-4740-4bdb-8b96-9805455abf18,2026-04-25T14:15:00Z,2026-04-25T16:15:00+0200,583.17,MW,FR,FR,actual_onshore_wind_generation,Wind Onshore,2026-05-23T20:18:59Z
2026-05-23T20:18:24Z,2026-05-23T22:18:24+0200,ff0858ab-4740-4bdb-8b96-9805455abf18,2026-04-25T14:30:00Z,2026-04-25T16:30:00+0200,588.28,MW,FR,FR,actual_onshore_wind_generation,Wind Onshore,2026-05-23T20:18:59Z
2026-05-23T20:18:24Z,2026-05-23T22:18:24+0200,ff0858ab-4740-4bdb-8b96-9805455abf18,2026-04-25T14:45:00Z,2026-04-25T16:45:00+0200,603.93,MW,FR,FR,actual_onshore_wind_generation,Wind Onshore,2026-05-23T20:18:59Z
2026-05-23T20:18:24Z,2026-05-23T22:18:24+0200,ff0858ab-4740-4bdb-8b96-9805455abf18,2026-04-25T15:00:00Z,2026-04-25T17:00:00+0200,609.77,MW,FR,FR,actual_onshore_wind_generation,Wind Onshore,2026-05-23T20:18:59Z
2026-05-23T20:18:24Z,2026-05-23T22:18:24+0200,ff0858ab-4740-4bdb-8b96-9805455abf18,2026-04-25T15:15:00Z,2026-04-25T17:15:00+0200,624.66,MW,FR,FR,actual_onshore_wind_generation,Wind Onshore,2026-05-23T20:18:59Z
2026-05-23T20:18:24Z,2026-05-23T22:18:24+0200,ff0858ab-4740-4bdb-8b96-9805455abf18,2026-04-25T15:30:00Z,2026-04-25T17:30:00+0200,647.09,MW,FR,FR,actual_onshore_wind_generation,Wind Onshore,2026-05-23T20:18:59Z
2026-05-23T20:18:24Z,2026-05-23T22:18:24+0200,ff0858ab-4740-4bdb-8b96-9805455abf18,2026-04-25T15:45:00Z,2026-04-25T17:45:00+0200,685.22,MW,FR,FR,actual_onshore_wind_generation,Wind Onshore,2026-05-23T20:18:59Z
2026-05-23T20:18:24Z,2026-05-23T22:18:24+0200,ff0858ab-4740-4bdb-8b96-9805455abf18,2026-04-25T16:00:00Z,2026-04-25T18:00:00+0200,963.11,MW,FR,FR,actual_onshore_wind_generation,Wind Onshore,2026-05-23T20:18:59Z
2026-05-23T20:18:24Z,2026-05-23T22:18:24+0200,ff0858ab-4740-4bdb-8b96-9805455abf18,2026-04-25T16:15:00Z,2026-04-25T18:15:00+0200,1314.46,MW,FR,FR,actual_onshore_wind_generation,Wind Onshore,2026-05-23T20:18:59Z
2026-05-23T20:18:24Z,2026-05-23T22:18:24+0200,ff0858ab-4740-4bdb-8b96-9805455abf18,2026-04-25T16:30:00Z,2026-04-25T18:30:00+0200,1466.1,MW,FR,FR,actual_onshore_wind_generation,Wind Onshore,2026-05-23T20:18:59Z
2026-05-23T20:18:24Z,2026-05-23T22:18:24+0200,ff0858ab-4740-4bdb-8b96-9805455abf18,2026-04-25T16:45:00Z,2026-04-25T18:45:00+0200,1582.6,MW,FR,FR,actual_onshore_wind_generation,Wind Onshore,2026-05-23T20:18:59Z
2026-05-23T20:18:24Z,2026-05-23T22:18:24+0200,ff0858ab-4740-4bdb-8b96-9805455abf18,2026-04-25T17:00:00Z,2026-04-25T19:00:00+0200,1684.61,MW,FR,FR,actual_onshore_wind_generation,Wind Onshore,2026-05-23T20:18:59Z
2026-05-23T20:18:24Z,2026-05-23T22:18:24+0200,ff0858ab-4740-4bdb-8b96-9805455abf18,2026-04-25T17:15:00Z,2026-04-25T19:15:00+0200,1861.56,MW,FR,FR,actual_onshore_wind_generation,Wind Onshore,2026-05-23T20:18:59Z
2026-05-23T20:18:24Z,2026-05-23T22:18:24+0200,ff0858ab-4740-4bdb-8b96-9805455abf18,2026-04-25T17:30:00Z,2026-04-25T19:30:00+0200,2070.07,MW,FR,FR,actual_onshore_wind_generation,Wind Onshore,2026-05-23T20:18:59Z
2026-05-23T20:18:24Z,2026-05-23T22:18:24+0200,ff0858ab-4740-4bdb-8b96-9805455abf18,2026-04-25T17:45:00Z,2026-04-25T19:45:00+0200,2249.67,MW,FR,FR,actual_onshore_wind_generation,Wind Onshore,2026-05-23T20:18:59Z
2026-05-23T20:18:24Z,2026-05-23T22:18:24+0200,ff0858ab-4740-4bdb-8b96-9805455abf18,2026-04-25T18:00:00Z,2026-04-25T20:00:00+0200,2442.28,MW,FR,FR,actual_onshore_wind_generation,Wind Onshore,2026-05-23T20:18:59Z
2026-05-23T20:18:24Z,2026-05-23T22:18:24+0200,ff0858ab-4740-4bdb-8b96-9805455abf18,2026-04-25T18:15:00Z,2026-04-25T20:15:00+0200,2640.15,MW,FR,FR,actual_onshore_wind_generation,Wind Onshore,2026-05-23T20:18:59Z
2026-05-23T20:18:24Z,2026-05-23T22:18:24+0200,ff0858ab-4740-4bdb-8b96-9805455abf18,2026-04-25T18:30:00Z,2026-04-25T20:30:00+0200,2855.63,MW,FR,FR,actual_onshore_wind_generation,Wind Onshore,2026-05-23T20:18:59Z
2026-05-23T20:18:24Z,2026-05-23T22:18:24+0200,ff0858ab-4740-4bdb-8b96-9805455abf18,2026-04-25T18:45:00Z,2026-04-25T20:45:00+0200,3151.22,MW,FR,FR,actual_onshore_wind_generation,Wind Onshore,2026-05-23T20:18:59Z
2026-05-23T20:18:24Z,2026-05-23T22:18:24+0200,ff0858ab-4740-4bdb-8b96-9805455abf18,2026-04-25T19:00:00Z,2026-04-25T21:00:00+0200,3442.37,MW,FR,FR,actual_onshore_wind_generation,Wind Onshore,2026-05-23T20:18:59Z
2026-05-23T20:18:24Z,2026-05-23T22:18:24+0200,ff0858ab-4740-4bdb-8b96-9805455abf18,2026-04-25T19:15:00Z,2026-04-25T21:15:00+0200,3754.92,MW,FR,FR,actual_onshore_wind_generation,Wind Onshore,2026-05-23T20:18:59Z
2026-05-23T20:18:24Z,2026-05-23T22:18:24+0200,ff0858ab-4740-4bdb-8b96-9805455abf18,2026-04-25T19:30:00Z,2026-04-25T21:30:00+0200,4059.1,MW,FR,FR,actual_onshore_wind_generation,Wind Onshore,2026-05-23T20:18:59Z
2026-05-23T20:18:24Z,2026-05-23T22:18:24+0200,ff0858ab-4740-4bdb-8b96-9805455abf18,2026-04-25T19:45:00Z,2026-04-25T21:45:00+0200,4364.53,MW,FR,FR,actual_onshore_wind_generation,Wind Onshore,2026-05-23T20:18:59Z
2026-05-23T20:18:24Z,2026-05-23T22:18:24+0200,ff0858ab-4740-4bdb-8b96-9805455abf18,2026-04-25T20:00:00Z,2026-04-25T22:00:00+0200,4629.03,MW,FR,FR,actual_onshore_wind_generation,Wind Onshore,2026-05-23T20:18:59Z
2026-05-23T20:18:24Z,2026-05-23T22:18:24+0200,ff0858ab-4740-4bdb-8b96-9805455abf18,2026-04-25T20:15:00Z,2026-04-25T22:15:00+0200,4788.89,MW,FR,FR,actual_onshore_wind_generation,Wind Onshore,2026-05-23T20:18:59Z
2026-05-23T20:18:24Z,2026-05-23T22:18:24+0200,ff0858ab-4740-4bdb-8b96-9805455abf18,2026-04-25T20:30:00Z,2026-04-25T22:30:00+0200,4884.04,MW,FR,FR,actual_onshore_wind_generation,Wind Onshore,2026-05-23T20:18:59Z
2026-05-23T20:18:24Z,2026-05-23T22:18:24+0200,ff0858ab-4740-4bdb-8b96-9805455abf18,2026-04-25T20:45:00Z,2026-04-25T22:45:00+0200,4922.41,MW,FR,FR,actual_onshore_wind_generation,Wind Onshore,2026-05-23T20:18:59Z
2026-05-23T20:18:24Z,2026-05-23T22:18:24+0200,ff0858ab-4740-4bdb-8b96-9805455abf18,2026-04-25T21:00:00Z,2026-04-25T23:00:00+0200,4957.33,MW,FR,FR,actual_onshore_wind_generation,Wind Onshore,2026-05-23T20:18:59Z
2026-05-23T20:18:24Z,2026-05-23T22:18:24+0200,ff0858ab-4740-4bdb-8b96-9805455abf18,2026-04-25T21:15:00Z,2026-04-25T23:15:00+0200,4903.7,MW,FR,FR,actual_onshore_wind_generation,Wind Onshore,2026-05-23T20:18:59Z
2026-05-23T20:18:24Z,2026-05-23T22:18:24+0200,ff0858ab-4740-4bdb-8b96-9805455abf18,2026-04-25T21:30:00Z,2026-04-25T23:30:00+0200,4910.46,MW,FR,FR,actual_onshore_wind_generation,Wind Onshore,2026-05-23T20:18:59Z
2026-05-23T20:18:24Z,2026-05-23T22:18:24+0200,ff0858ab-4740-4bdb-8b96-9805455abf18,2026-04-25T21:45:00Z,2026-04-25T23:45:00+0200,4897.72,MW,FR,FR,actual_onshore_wind_generation,Wind Onshore,2026-05-23T20:18:59Z
2026-05-23T20:18:24Z,2026-05-23T22:18:24+0200,ff0858ab-4740-4bdb-8b96-9805455abf18,2026-04-25T22:00:00Z,2026-04-26T00:00:00+0200,4825.76,MW,FR,FR,actual_onshore_wind_generation,Wind Onshore,2026-05-23T20:18:59Z
2026-05-23T20:18:24Z,2026-05-23T22:18:24+0200,ff0858ab-4740-4bdb-8b96-9805455abf18,2026-04-25T22:15:00Z,2026-04-26T00:15:00+0200,4774.11,MW,FR,FR,actual_onshore_wind_generation,Wind Onshore,2026-05-23T20:18:59Z
2026-05-23T20:18:24Z,2026-05-23T22:18:24+0200,ff0858ab-4740-4bdb-8b96-9805455abf18,2026-04-25T22:30:00Z,2026-04-26T00:30:00+0200,4807.17,MW,FR,FR,actual_onshore_wind_generation,Wind Onshore,2026-05-23T20:18:59Z
2026-05-23T20:18:24Z,2026-05-23T22:18:24+0200,ff0858ab-4740-4bdb-8b96-9805455abf18,2026-04-25T22:45:00Z,2026-04-26T00:45:00+0200,4801.9,MW,FR,FR,actual_onshore_wind_generation,Wind Onshore,2026-05-23T20:18:59Z
2026-05-23T20:18:24Z,2026-05-23T22:18:24+0200,ff0858ab-4740-4bdb-8b96-9805455abf18,2026-04-25T23:00:00Z,2026-04-26T01:00:00+0200,4767.31,MW,FR,FR,actual_onshore_wind_generation,Wind Onshore,2026-05-23T20:18:59Z
2026-05-23T20:18:24Z,2026-05-23T22:18:24+0200,ff0858ab-4740-4bdb-8b96-9805455abf18,2026-04-25T23:15:00Z,2026-04-26T01:15:00+0200,4577.88,MW,FR,FR,actual_onshore_wind_generation,Wind Onshore,2026-05-23T20:18:59Z
2026-05-23T20:18:24Z,2026-05-23T22:18:24+0200,ff0858ab-4740-4bdb-8b96-9805455abf18,2026-04-25T23:30:00Z,2026-04-26T01:30:00+0200,4419.8,MW,FR,FR,actual_onshore_wind_generation,Wind Onshore,2026-05-23T20:18:59Z
2026-05-23T20:18:24Z,2026-05-23T22:18:24+0200,ff0858ab-4740-4bdb-8b96-9805455abf18,2026-04-25T23:45:00Z,2026-04-26T01:45:00+0200,4304.55,MW,FR,FR,actual_onshore_wind_generation,Wind Onshore,2026-05-23T20:18:59Z
2026-05-23T20:18:24Z,2026-05-23T22:18:24+0200,ff0858ab-4740-4bdb-8b96-9805455abf18,2026-04-26T00:00:00Z,2026-04-26T02:00:00+0200,4164.09,MW,FR,FR,actual_onshore_wind_generation,Wind Onshore,2026-05-23T20:18:59Z
2026-05-23T20:18:24Z,2026-05-23T22:18:24+0200,ff0858ab-4740-4bdb-8b96-9805455abf18,2026-04-26T00:15:00Z,2026-04-26T02:15:00+0200,4097.63,MW,FR,FR,actual_onshore_wind_generation,Wind Onshore,2026-05-23T20:18:59Z
2026-05-23T20:18:24Z,2026-05-23T22:18:24+0200,ff0858ab-4740-4bdb-8b96-9805455abf18,2026-04-26T00:30:00Z,2026-04-26T02:30:00+0200,4076.24,MW,FR,FR,actual_onshore_wind_generation,Wind Onshore,2026-05-23T20:18:59Z
2026-05-23T20:18:24Z,2026-05-23T22:18:24+0200,ff0858ab-4740-4bdb-8b96-9805455abf18,2026-04-26T00:45:00Z,2026-04-26T02:45:00+0200,3964.27,MW,FR,FR,actual_onshore_wind_generation,Wind Onshore,2026-05-23T20:18:59Z
2026-05-23T20:18:24Z,2026-05-23T22:18:24+0200,ff0858ab-4740-4bdb-8b96-9805455abf18,2026-04-26T01:00:00Z,2026-04-26T03:00:00+0200,3856.54,MW,FR,FR,actual_onshore_wind_generation,Wind Onshore,2026-05-23T20:18:59Z
2026-05-23T20:18:24Z,2026-05-23T22:18:24+0200,ff0858ab-4740-4bdb-8b96-9805455abf18,2026-04-26T01:15:00Z,2026-04-26T03:15:00+0200,3743.97,MW,FR,FR,actual_onshore_wind_generation,Wind Onshore,2026-05-23T20:18:59Z
2026-05-23T20:18:24Z,2026-05-23T22:18:24+0200,ff0858ab-4740-4bdb-8b96-9805455abf18,2026-04-26T01:30:00Z,2026-04-26T03:30:00+0200,3640.33,MW,FR,FR,actual_onshore_wind_generation,Wind Onshore,2026-05-23T20:18:59Z
2026-05-23T20:18:24Z,2026-05-23T22:18:24+0200,ff0858ab-4740-4bdb-8b96-9805455abf18,2026-04-26T01:45:00Z,2026-04-26T03:45:00+0200,3571.7,MW,FR,FR,actual_onshore_wind_generation,Wind Onshore,2026-05-23T20:18:59Z
2026-05-23T20:18:24Z,2026-05-23T22:18:24+0200,ff0858ab-4740-4bdb-8b96-9805455abf18,2026-04-26T02:00:00Z,2026-04-26T04:00:00+0200,3567.27,MW,FR,FR,actual_onshore_wind_generation,Wind Onshore,2026-05-23T20:18:59Z
2026-05-23T20:18:24Z,2026-05-23T22:18:24+0200,ff0858ab-4740-4bdb-8b96-9805455abf18,2026-04-26T02:15:00Z,2026-04-26T04:15:00+0200,3546.24,MW,FR,FR,actual_onshore_wind_generation,Wind Onshore,2026-05-23T20:18:59Z
2026-05-23T20:18:24Z,2026-05-23T22:18:24+0200,ff0858ab-4740-4bdb-8b96-9805455abf18,2026-04-26T02:30:00Z,2026-04-26T04:30:00+0200,3481.78,MW,FR,FR,actual_onshore_wind_generation,Wind Onshore,2026-05-23T20:18:59Z
2026-05-23T20:18:24Z,2026-05-23T22:18:24+0200,ff0858ab-4740-4bdb-8b96-9805455abf18,2026-04-26T02:45:00Z,2026-04-26T04:45:00+0200,3454.74,MW,FR,FR,actual_onshore_wind_generation,Wind Onshore,2026-05-23T20:18:59Z
2026-05-23T20:18:24Z,2026-05-23T22:18:24+0200,ff0858ab-4740-4bdb-8b96-9805455abf18,2026-04-26T03:00:00Z,2026-04-26T05:00:00+0200,3388.38,MW,FR,FR,actual_onshore_wind_generation,Wind Onshore,2026-05-23T20:18:59Z
2026-05-23T20:18:24Z,2026-05-23T22:18:24+0200,ff0858ab-4740-4bdb-8b96-9805455abf18,2026-04-26T03:15:00Z,2026-04-26T05:15:00+0200,3353.45,MW,FR,FR,actual_onshore_wind_generation,Wind Onshore,2026-05-23T20:18:59Z
2026-05-23T20:18:24Z,2026-05-23T22:18:24+0200,ff0858ab-4740-4bdb-8b96-9805455abf18,2026-04-26T03:30:00Z,2026-04-26T05:30:00+0200,3352.26,MW,FR,FR,actual_onshore_wind_generation,Wind Onshore,2026-05-23T20:18:59Z
2026-05-23T20:18:24Z,2026-05-23T22:18:24+0200,ff0858ab-4740-4bdb-8b96-9805455abf18,2026-04-26T03:45:00Z,2026-04-26T05:45:00+0200,3341.1,MW,FR,FR,actual_onshore_wind_generation,Wind Onshore,2026-05-23T20:18:59Z
2026-05-23T20:18:24Z,2026-05-23T22:18:24+0200,ff0858ab-4740-4bdb-8b96-9805455abf18,2026-04-26T04:00:00Z,2026-04-26T06:00:00+0200,3387.52,MW,FR,FR,actual_onshore_wind_generation,Wind Onshore,2026-05-23T20:18:59Z
2026-05-23T20:18:24Z,2026-05-23T22:18:24+0200,ff0858ab-4740-4bdb-8b96-9805455abf18,2026-04-26T04:15:00Z,2026-04-26T06:15:00+0200,3431.55,MW,FR,FR,actual_onshore_wind_generation,Wind Onshore,2026-05-23T20:18:59Z
2026-05-23T20:18:24Z,2026-05-23T22:18:24+0200,ff0858ab-4740-4bdb-8b96-9805455abf18,2026-04-26T04:30:00Z,2026-04-26T06:30:00+0200,3458.82,MW,FR,FR,actual_onshore_wind_generation,Wind Onshore,2026-05-23T20:18:59Z
2026-05-23T20:18:24Z,2026-05-23T22:18:24+0200,ff0858ab-4740-4bdb-8b96-9805455abf18,2026-04-26T04:45:00Z,2026-04-26T06:45:00+0200,3447.13,MW,FR,FR,actual_onshore_wind_generation,Wind Onshore,2026-05-23T20:18:59Z
2026-05-23T20:18:24Z,2026-05-23T22:18:24+0200,ff0858ab-4740-4bdb-8b96-9805455abf18,2026-04-26T05:00:00Z,2026-04-26T07:00:00+0200,3447.97,MW,FR,FR,actual_onshore_wind_generation,Wind Onshore,2026-05-23T20:18:59Z
2026-05-23T20:18:24Z,2026-05-23T22:18:24+0200,ff0858ab-4740-4bdb-8b96-9805455abf18,2026-04-26T05:15:00Z,2026-04-26T07:15:00+0200,3397.47,MW,FR,FR,actual_onshore_wind_generation,Wind Onshore,2026-05-23T20:18:59Z
2026-05-23T20:18:24Z,2026-05-23T22:18:24+0200,ff0858ab-4740-4bdb-8b96-9805455abf18,2026-04-26T05:30:00Z,2026-04-26T07:30:00+0200,3387.04,MW,FR,FR,actual_onshore_wind_generation,Wind Onshore,2026-05-23T20:18:59Z
2026-05-23T20:18:24Z,2026-05-23T22:18:24+0200,ff0858ab-4740-4bdb-8b96-9805455abf18,2026-04-26T05:45:00Z,2026-04-26T07:45:00+0200,3341.66,MW,FR,FR,actual_onshore_wind_generation,Wind Onshore,2026-05-23T20:18:59Z
2026-05-23T20:18:24Z,2026-05-23T22:18:24+0200,ff0858ab-4740-4bdb-8b96-9805455abf18,2026-04-26T06:00:00Z,2026-04-26T08:00:00+0200,3198.07,MW,FR,FR,actual_onshore_wind_generation,Wind Onshore,2026-05-23T20:18:59Z
2026-05-23T20:18:24Z,2026-05-23T22:18:24+0200,ff0858ab-4740-4bdb-8b96-9805455abf18,2026-04-26T06:15:00Z,2026-04-26T08:15:00+0200,2990.14,MW,FR,FR,actual_onshore_wind_generation,Wind Onshore,2026-05-23T20:18:59Z
2026-05-23T20:18:24Z,2026-05-23T22:18:24+0200,ff0858ab-4740-4bdb-8b96-9805455abf18,2026-04-26T06:30:00Z,2026-04-26T08:30:00+0200,2747.71,MW,FR,FR,actual_onshore_wind_generation,Wind Onshore,2026-05-23T20:18:59Z
2026-05-23T20:18:24Z,2026-05-23T22:18:24+0200,ff0858ab-4740-4bdb-8b96-9805455abf18,2026-04-26T06:45:00Z,2026-04-26T08:45:00+0200,2418.24,MW,FR,FR,actual_onshore_wind_generation,Wind Onshore,2026-05-23T20:18:59Z
2026-05-23T20:18:24Z,2026-05-23T22:18:24+0200,ff0858ab-4740-4bdb-8b96-9805455abf18,2026-04-26T07:00:00Z,2026-04-26T09:00:00+0200,2065.34,MW,FR,FR,actual_onshore_wind_generation,Wind Onshore,2026-05-23T20:18:59Z
2026-05-23T20:18:24Z,2026-05-23T22:18:24+0200,ff0858ab-4740-4bdb-8b96-9805455abf18,2026-04-26T07:15:00Z,2026-04-26T09:15:00+0200,1759.18,MW,FR,FR,actual_onshore_wind_generation,Wind Onshore,2026-05-23T20:18:59Z
2026-05-23T20:18:24Z,2026-05-23T22:18:24+0200,ff0858ab-4740-4bdb-8b96-9805455abf18,2026-04-26T07:30:00Z,2026-04-26T09:30:00+0200,1503.81,MW,FR,FR,actual_onshore_wind_generation,Wind Onshore,2026-05-23T20:18:59Z
2026-05-23T20:18:24Z,2026-05-23T22:18:24+0200,ff0858ab-4740-4bdb-8b96-9805455abf18,2026-04-26T07:45:00Z,2026-04-26T09:45:00+0200,1109.87,MW,FR,FR,actual_onshore_wind_generation,Wind Onshore,2026-05-23T20:18:59Z
2026-05-23T20:18:24Z,2026-05-23T22:18:24+0200,ff0858ab-4740-4bdb-8b96-9805455abf18,2026-04-26T08:00:00Z,2026-04-26T10:00:00+0200,742.61,MW,FR,FR,actual_onshore_wind_generation,Wind Onshore,2026-05-23T20:18:59Z
2026-05-23T20:18:24Z,2026-05-23T22:18:24+0200,ff0858ab-4740-4bdb-8b96-9805455abf18,2026-04-26T08:15:00Z,2026-04-26T10:15:00+0200,726.43,MW,FR,FR,actual_onshore_wind_generation,Wind Onshore,2026-05-23T20:18:59Z
2026-05-23T20:18:24Z,2026-05-23T22:18:24+0200,ff0858ab-4740-4bdb-8b96-9805455abf18,2026-04-26T08:30:00Z,2026-04-26T10:30:00+0200,720.45,MW,FR,FR,actual_onshore_wind_generation,Wind Onshore,2026-05-23T20:18:59Z
2026-05-23T20:18:24Z,2026-05-23T22:18:24+0200,ff0858ab-4740-4bdb-8b96-9805455abf18,2026-04-26T08:45:00Z,2026-04-26T10:45:00+0200,710.64,MW,FR,FR,actual_onshore_wind_generation,Wind Onshore,2026-05-23T20:18:59Z
2026-05-23T20:18:24Z,2026-05-23T22:18:24+0200,ff0858ab-4740-4bdb-8b96-9805455abf18,2026-04-26T09:00:00Z,2026-04-26T11:00:00+0200,689.84,MW,FR,FR,actual_onshore_wind_generation,Wind Onshore,2026-05-23T20:18:59Z
2026-05-23T20:18:24Z,2026-05-23T22:18:24+0200,ff0858ab-4740-4bdb-8b96-9805455abf18,2026-04-26T09:15:00Z,2026-04-26T11:15:00+0200,681.42,MW,FR,FR,actual_onshore_wind_generation,Wind Onshore,2026-05-23T20:18:59Z
2026-05-23T20:18:24Z,2026-05-23T22:18:24+0200,ff0858ab-4740-4bdb-8b96-9805455abf18,2026-04-26T09:30:00Z,2026-04-26T11:30:00+0200,663.79,MW,FR,FR,actual_onshore_wind_generation,Wind Onshore,2026-05-23T20:18:59Z
2026-05-23T20:18:24Z,2026-05-23T22:18:24+0200,ff0858ab-4740-4bdb-8b96-9805455abf18,2026-04-26T09:45:00Z,2026-04-26T11:45:00+0200,647.39,MW,FR,FR,actual_onshore_wind_generation,Wind Onshore,2026-05-23T20:18:59Z
2026-05-23T20:18:24Z,2026-05-23T22:18:24+0200,ff0858ab-4740-4bdb-8b96-9805455abf18,2026-04-26T10:00:00Z,2026-04-26T12:00:00+0200,630.74,MW,FR,FR,actual_onshore_wind_generation,Wind Onshore,2026-05-23T20:18:59Z
2026-05-23T20:18:24Z,2026-05-23T22:18:24+0200,ff0858ab-4740-4bdb-8b96-9805455abf18,2026-04-26T10:15:00Z,2026-04-26T12:15:00+0200,622.56,MW,FR,FR,actual_onshore_wind_generation,Wind Onshore,2026-05-23T20:18:59Z
2026-05-23T20:18:24Z,2026-05-23T22:18:24+0200,ff0858ab-4740-4bdb-8b96-9805455abf18,2026-04-26T10:30:00Z,2026-04-26T12:30:00+0200,617.56,MW,FR,FR,actual_onshore_wind_generation,Wind Onshore,2026-05-23T20:18:59Z
2026-05-23T20:18:24Z,2026-05-23T22:18:24+0200,ff0858ab-4740-4bdb-8b96-9805455abf18,2026-04-26T10:45:00Z,2026-04-26T12:45:00+0200,618.84,MW,FR,FR,actual_onshore_wind_generation,Wind Onshore,2026-05-23T20:18:59Z
2026-05-23T20:18:24Z,2026-05-23T22:18:24+0200,ff0858ab-4740-4bdb-8b96-9805455abf18,2026-04-26T11:00:00Z,2026-04-26T13:00:00+0200,624.81,MW,FR,FR,actual_onshore_wind_generation,Wind Onshore,2026-05-23T20:18:59Z
2026-05-23T20:18:24Z,2026-05-23T22:18:24+0200,ff0858ab-4740-4bdb-8b96-9805455abf18,2026-04-26T11:15:00Z,2026-04-26T13:15:00+0200,616.51,MW,FR,FR,actual_onshore_wind_generation,Wind Onshore,2026-05-23T20:18:59Z
2026-05-23T20:18:24Z,2026-05-23T22:18:24+0200,ff0858ab-4740-4bdb-8b96-9805455abf18,2026-04-26T11:30:00Z,2026-04-26T13:30:00+0200,611.01,MW,FR,FR,actual_onshore_wind_generation,Wind Onshore,2026-05-23T20:18:59Z
2026-05-23T20:18:24Z,2026-05-23T22:18:24+0200,ff0858ab-4740-4bdb-8b96-9805455abf18,2026-04-26T11:45:00Z,2026-04-26T13:45:00+0200,588.64,MW,FR,FR,actual_onshore_wind_generation,Wind Onshore,2026-05-23T20:18:59Z
2026-05-23T20:18:24Z,2026-05-23T22:18:24+0200,ff0858ab-4740-4bdb-8b96-9805455abf18,2026-04-26T12:00:00Z,2026-04-26T14:00:00+0200,585.95,MW,FR,FR,actual_onshore_wind_generation,Wind Onshore,2026-05-23T20:18:59Z
2026-05-23T20:18:24Z,2026-05-23T22:18:24+0200,ff0858ab-4740-4bdb-8b96-9805455abf18,2026-04-26T12:15:00Z,2026-04-26T14:15:00+0200,582.65,MW,FR,FR,actual_onshore_wind_generation,Wind Onshore,2026-05-23T20:18:59Z
2026-05-23T20:18:24Z,2026-05-23T22:18:24+0200,ff0858ab-4740-4bdb-8b96-9805455abf18,2026-04-26T12:30:00Z,2026-04-26T14:30:00+0200,573.18,MW,FR,FR,actual_onshore_wind_generation,Wind Onshore,2026-05-23T20:18:59Z
2026-05-23T20:18:24Z,2026-05-23T22:18:24+0200,ff0858ab-4740-4bdb-8b96-9805455abf18,2026-04-26T12:45:00Z,2026-04-26T14:45:00+0200,567.97,MW,FR,FR,actual_onshore_wind_generation,Wind Onshore,2026-05-23T20:18:59Z
2026-05-23T20:18:24Z,2026-05-23T22:18:24+0200,ff0858ab-4740-4bdb-8b96-9805455abf18,2026-04-26T13:00:00Z,2026-04-26T15:00:00+0200,573.48,MW,FR,FR,actual_onshore_wind_generation,Wind Onshore,2026-05-23T20:18:59Z
2026-05-23T20:18:24Z,2026-05-23T22:18:24+0200,ff0858ab-4740-4bdb-8b96-9805455abf18,2026-04-26T13:15:00Z,2026-04-26T15:15:00+0200,574.57,MW,FR,FR,actual_onshore_wind_generation,Wind Onshore,2026-05-23T20:18:59Z
2026-05-23T20:18:24Z,2026-05-23T22:18:24+0200,ff0858ab-4740-4bdb-8b96-9805455abf18,2026-04-26T13:30:00Z,2026-04-26T15:30:00+0200,584.5,MW,FR,FR,actual_onshore_wind_generation,Wind Onshore,2026-05-23T20:18:59Z
2026-05-23T20:18:24Z,2026-05-23T22:18:24+0200,ff0858ab-4740-4bdb-8b96-9805455abf18,2026-04-26T13:45:00Z,2026-04-26T15:45:00+0200,596.51,MW,FR,FR,actual_onshore_wind_generation,Wind Onshore,2026-05-23T20:18:59Z
2026-05-23T20:18:24Z,2026-05-23T22:18:24+0200,ff0858ab-4740-4bdb-8b96-9805455abf18,2026-04-26T14:00:00Z,2026-04-26T16:00:00+0200,593.84,MW,FR,FR,actual_onshore_wind_generation,Wind Onshore,2026-05-23T20:18:59Z
2026-05-23T20:18:24Z,2026-05-23T22:18:24+0200,ff0858ab-4740-4bdb-8b96-9805455abf18,2026-04-26T14:15:00Z,2026-04-26T16:15:00+0200,609.1,MW,FR,FR,actual_onshore_wind_generation,Wind Onshore,2026-05-23T20:18:59Z
2026-05-23T20:18:24Z,2026-05-23T22:18:24+0200,ff0858ab-4740-4bdb-8b96-9805455abf18,2026-04-26T14:30:00Z,2026-04-26T16:30:00+0200,614.82,MW,FR,FR,actual_onshore_wind_generation,Wind Onshore,2026-05-23T20:18:59Z
2026-05-23T20:18:24Z,2026-05-23T22:18:24+0200,ff0858ab-4740-4bdb-8b96-9805455abf18,2026-04-26T14:45:00Z,2026-04-26T16:45:00+0200,637.06,MW,FR,FR,actual_onshore_wind_generation,Wind Onshore,2026-05-23T20:18:59Z
2026-05-23T20:18:24Z,2026-05-23T22:18:24+0200,ff0858ab-4740-4bdb-8b96-9805455abf18,2026-04-26T15:00:00Z,2026-04-26T17:00:00+0200,669.64,MW,FR,FR,actual_onshore_wind_generation,Wind Onshore,2026-05-23T20:18:59Z
2026-05-23T20:18:24Z,2026-05-23T22:18:24+0200,ff0858ab-4740-4bdb-8b96-9805455abf18,2026-04-26T15:15:00Z,2026-04-26T17:15:00+0200,686.11,MW,FR,FR,actual_onshore_wind_generation,Wind Onshore,2026-05-23T20:18:59Z
2026-05-23T20:18:24Z,2026-05-23T22:18:24+0200,ff0858ab-4740-4bdb-8b96-9805455abf18,2026-04-26T15:30:00Z,2026-04-26T17:30:00+0200,761.92,MW,FR,FR,actual_onshore_wind_generation,Wind Onshore,2026-05-23T20:18:59Z
2026-05-23T20:18:24Z,2026-05-23T22:18:24+0200,ff0858ab-4740-4bdb-8b96-9805455abf18,2026-04-26T15:45:00Z,2026-04-26T17:45:00+0200,831.31,MW,FR,FR,actual_onshore_wind_generation,Wind Onshore,2026-05-23T20:18:59Z
2026-05-23T20:18:24Z,2026-05-23T22:18:24+0200,ff0858ab-4740-4bdb-8b96-9805455abf18,2026-04-26T16:00:00Z,2026-04-26T18:00:00+0200,1057.13,MW,FR,FR,actual_onshore_wind_generation,Wind Onshore,2026-05-23T20:18:59Z
2026-05-23T20:18:24Z,2026-05-23T22:18:24+0200,ff0858ab-4740-4bdb-8b96-9805455abf18,2026-04-26T16:15:00Z,2026-04-26T18:15:00+0200,1372.74,MW,FR,FR,actual_onshore_wind_generation,Wind Onshore,2026-05-23T20:18:59Z
2026-05-23T20:18:24Z,2026-05-23T22:18:24+0200,ff0858ab-4740-4bdb-8b96-9805455abf18,2026-04-26T16:30:00Z,2026-04-26T18:30:00+0200,1454.78,MW,FR,FR,actual_onshore_wind_generation,Wind Onshore,2026-05-23T20:18:59Z
2026-05-23T20:18:24Z,2026-05-23T22:18:24+0200,ff0858ab-4740-4bdb-8b96-9805455abf18,2026-04-26T16:45:00Z,2026-04-26T18:45:00+0200,1530.83,MW,FR,FR,actual_onshore_wind_generation,Wind Onshore,2026-05-23T20:18:59Z
2026-05-23T20:18:24Z,2026-05-23T22:18:24+0200,ff0858ab-4740-4bdb-8b96-9805455abf18,2026-04-26T17:00:00Z,2026-04-26T19:00:00+0200,1621.51,MW,FR,FR,actual_onshore_wind_generation,Wind Onshore,2026-05-23T20:18:59Z
2026-05-23T20:18:24Z,2026-05-23T22:18:24+0200,ff0858ab-4740-4bdb-8b96-9805455abf18,2026-04-26T17:15:00Z,2026-04-26T19:15:00+0200,1762.14,MW,FR,FR,actual_onshore_wind_generation,Wind Onshore,2026-05-23T20:18:59Z
2026-05-23T20:18:24Z,2026-05-23T22:18:24+0200,ff0858ab-4740-4bdb-8b96-9805455abf18,2026-04-26T17:30:00Z,2026-04-26T19:30:00+0200,1900.25,MW,FR,FR,actual_onshore_wind_generation,Wind Onshore,2026-05-23T20:18:59Z
2026-05-23T20:18:24Z,2026-05-23T22:18:24+0200,ff0858ab-4740-4bdb-8b96-9805455abf18,2026-04-26T17:45:00Z,2026-04-26T19:45:00+0200,2036.94,MW,FR,FR,actual_onshore_wind_generation,Wind Onshore,2026-05-23T20:18:59Z
2026-05-23T20:18:24Z,2026-05-23T22:18:24+0200,ff0858ab-4740-4bdb-8b96-9805455abf18,2026-04-26T18:00:00Z,2026-04-26T20:00:00+0200,2211.77,MW,FR,FR,actual_onshore_wind_generation,Wind Onshore,2026-05-23T20:18:59Z
2026-05-23T20:18:24Z,2026-05-23T22:18:24+0200,ff0858ab-4740-4bdb-8b96-9805455abf18,2026-04-26T18:15:00Z,2026-04-26T20:15:00+0200,2384.65,MW,FR,FR,actual_onshore_wind_generation,Wind Onshore,2026-05-23T20:18:59Z
2026-05-23T20:18:24Z,2026-05-23T22:18:24+0200,ff0858ab-4740-4bdb-8b96-9805455abf18,2026-04-26T18:30:00Z,2026-04-26T20:30:00+0200,2654.3,MW,FR,FR,actual_onshore_wind_generation,Wind Onshore,2026-05-23T20:18:59Z
2026-05-23T20:18:24Z,2026-05-23T22:18:24+0200,ff0858ab-4740-4bdb-8b96-9805455abf18,2026-04-26T18:45:00Z,2026-04-26T20:45:00+0200,2958.06,MW,FR,FR,actual_onshore_wind_generation,Wind Onshore,2026-05-23T20:18:59Z
2026-05-23T20:18:24Z,2026-05-23T22:18:24+0200,ff0858ab-4740-4bdb-8b96-9805455abf18,2026-04-26T19:00:00Z,2026-04-26T21:00:00+0200,3214.28,MW,FR,FR,actual_onshore_wind_generation,Wind Onshore,2026-05-23T20:18:59Z
2026-05-23T20:18:24Z,2026-05-23T22:18:24+0200,ff0858ab-4740-4bdb-8b96-9805455abf18,2026-04-26T19:15:00Z,2026-04-26T21:15:00+0200,3536.62,MW,FR,FR,actual_onshore_wind_generation,Wind Onshore,2026-05-23T20:18:59Z
2026-05-23T20:18:24Z,2026-05-23T22:18:24+0200,ff0858ab-4740-4bdb-8b96-9805455abf18,2026-04-26T19:30:00Z,2026-04-26T21:30:00+0200,3757.92,MW,FR,FR,actual_onshore_wind_generation,Wind Onshore,2026-05-23T20:18:59Z
2026-05-23T20:18:24Z,2026-05-23T22:18:24+0200,ff0858ab-4740-4bdb-8b96-9805455abf18,2026-04-26T19:45:00Z,2026-04-26T21:45:00+0200,3954.11,MW,FR,FR,actual_onshore_wind_generation,Wind Onshore,2026-05-23T20:18:59Z
2026-05-23T20:18:24Z,2026-05-23T22:18:24+0200,ff0858ab-4740-4bdb-8b96-9805455abf18,2026-04-26T20:00:00Z,2026-04-26T22:00:00+0200,4108.36,MW,FR,FR,actual_onshore_wind_generation,Wind Onshore,2026-05-23T20:18:59Z
2026-05-23T20:18:24Z,2026-05-23T22:18:24+0200,ff0858ab-4740-4bdb-8b96-9805455abf18,2026-04-26T20:15:00Z,2026-04-26T22:15:00+0200,4208.99,MW,FR,FR,actual_onshore_wind_generation,Wind Onshore,2026-05-23T20:18:59Z
2026-05-23T20:18:24Z,2026-05-23T22:18:24+0200,ff0858ab-4740-4bdb-8b96-9805455abf18,2026-04-26T20:30:00Z,2026-04-26T22:30:00+0200,4332.94,MW,FR,FR,actual_onshore_wind_generation,Wind Onshore,2026-05-23T20:18:59Z
2026-05-23T20:18:24Z,2026-05-23T22:18:24+0200,ff0858ab-4740-4bdb-8b96-9805455abf18,2026-04-26T20:45:00Z,2026-04-26T22:45:00+0200,4396.01,MW,FR,FR,actual_onshore_wind_generation,Wind Onshore,2026-05-23T20:18:59Z
2026-05-23T20:18:24Z,2026-05-23T22:18:24+0200,ff0858ab-4740-4bdb-8b96-9805455abf18,2026-04-26T21:00:00Z,2026-04-26T23:00:00+0200,4434.81,MW,FR,FR,actual_onshore_wind_generation,Wind Onshore,2026-05-23T20:18:59Z
2026-05-23T20:18:24Z,2026-05-23T22:18:24+0200,ff0858ab-4740-4bdb-8b96-9805455abf18,2026-04-26T21:15:00Z,2026-04-26T23:15:00+0200,4439.66,MW,FR,FR,actual_onshore_wind_generation,Wind Onshore,2026-05-23T20:18:59Z
2026-05-23T20:18:24Z,2026-05-23T22:18:24+0200,ff0858ab-4740-4bdb-8b96-9805455abf18,2026-04-26T21:30:00Z,2026-04-26T23:30:00+0200,4428.79,MW,FR,FR,actual_onshore_wind_generation,Wind Onshore,2026-05-23T20:18:59Z
2026-05-23T20:18:24Z,2026-05-23T22:18:24+0200,ff0858ab-4740-4bdb-8b96-9805455abf18,2026-04-26T21:45:00Z,2026-04-26T23:45:00+0200,4356.83,MW,FR,FR,actual_onshore_wind_generation,Wind Onshore,2026-05-23T20:18:59Z
2026-05-23T20:18:24Z,2026-05-23T22:18:24+0200,ff0858ab-4740-4bdb-8b96-9805455abf18,2026-04-26T22:00:00Z,2026-04-27T00:00:00+0200,4312.17,MW,FR,FR,actual_onshore_wind_generation,Wind Onshore,2026-05-23T20:18:59Z
2026-05-23T20:18:24Z,2026-05-23T22:18:24+0200,ff0858ab-4740-4bdb-8b96-9805455abf18,2026-04-26T22:15:00Z,2026-04-27T00:15:00+0200,4215.69,MW,FR,FR,actual_onshore_wind_generation,Wind Onshore,2026-05-23T20:18:59Z
2026-05-23T20:18:24Z,2026-05-23T22:18:24+0200,ff0858ab-4740-4bdb-8b96-9805455abf18,2026-04-26T22:30:00Z,2026-04-27T00:30:00+0200,4077.52,MW,FR,FR,actual_onshore_wind_generation,Wind Onshore,2026-05-23T20:18:59Z
2026-05-23T20:18:24Z,2026-05-23T22:18:24+0200,ff0858ab-4740-4bdb-8b96-9805455abf18,2026-04-26T22:45:00Z,2026-04-27T00:45:00+0200,3978.74,MW,FR,FR,actual_onshore_wind_generation,Wind Onshore,2026-05-23T20:18:59Z
2026-05-23T20:18:24Z,2026-05-23T22:18:24+0200,ff0858ab-4740-4bdb-8b96-9805455abf18,2026-04-26T23:00:00Z,2026-04-27T01:00:00+0200,3859.31,MW,FR,FR,actual_onshore_wind_generation,Wind Onshore,2026-05-23T20:18:59Z
2026-05-23T20:18:24Z,2026-05-23T22:18:24+0200,ff0858ab-4740-4bdb-8b96-9805455abf18,2026-04-26T23:15:00Z,2026-04-27T01:15:00+0200,3668.79,MW,FR,FR,actual_onshore_wind_generation,Wind Onshore,2026-05-23T20:18:59Z
2026-05-23T20:18:24Z,2026-05-23T22:18:24+0200,ff0858ab-4740-4bdb-8b96-9805455abf18,2026-04-26T23:30:00Z,2026-04-27T01:30:00+0200,3515.15,MW,FR,FR,actual_onshore_wind_generation,Wind Onshore,2026-05-23T20:18:59Z
2026-05-23T20:18:24Z,2026-05-23T22:18:24+0200,ff0858ab-4740-4bdb-8b96-9805455abf18,2026-04-26T23:45:00Z,2026-04-27T01:45:00+0200,3386.19,MW,FR,FR,actual_onshore_wind_generation,Wind Onshore,2026-05-23T20:18:59Z
2026-05-23T20:18:24Z,2026-05-23T22:18:24+0200,ff0858ab-4740-4bdb-8b96-9805455abf18,2026-04-27T00:00:00Z,2026-04-27T02:00:00+0200,3295.95,MW,FR,FR,actual_onshore_wind_generation,Wind Onshore,2026-05-23T20:18:59Z
2026-05-23T20:18:24Z,2026-05-23T22:18:24+0200,ff0858ab-4740-4bdb-8b96-9805455abf18,2026-04-27T00:15:00Z,2026-04-27T02:15:00+0200,3221.63,MW,FR,FR,actual_onshore_wind_generation,Wind Onshore,2026-05-23T20:18:59Z
2026-05-23T20:18:24Z,2026-05-23T22:18:24+0200,ff0858ab-4740-4bdb-8b96-9805455abf18,2026-04-27T00:30:00Z,2026-04-27T02:30:00+0200,3144.52,MW,FR,FR,actual_onshore_wind_generation,Wind Onshore,2026-05-23T20:18:59Z
2026-05-23T20:18:24Z,2026-05-23T22:18:24+0200,ff0858ab-4740-4bdb-8b96-9805455abf18,2026-04-27T00:45:00Z,2026-04-27T02:45:00+0200,3074.63,MW,FR,FR,actual_onshore_wind_generation,Wind Onshore,2026-05-23T20:18:59Z
2026-05-23T20:18:24Z,2026-05-23T22:18:24+0200,ff0858ab-4740-4bdb-8b96-9805455abf18,2026-04-27T01:00:00Z,2026-04-27T03:00:00+0200,2994.67,MW,FR,FR,actual_onshore_wind_generation,Wind Onshore,2026-05-23T20:18:59Z
2026-05-23T20:18:24Z,2026-05-23T22:18:24+0200,ff0858ab-4740-4bdb-8b96-9805455abf18,2026-04-27T01:15:00Z,2026-04-27T03:15:00+0200,2936.17,MW,FR,FR,actual_onshore_wind_generation,Wind Onshore,2026-05-23T20:18:59Z
2026-05-23T20:18:24Z,2026-05-23T22:18:24+0200,ff0858ab-4740-4bdb-8b96-9805455abf18,2026-04-27T01:30:00Z,2026-04-27T03:30:00+0200,2901.5,MW,FR,FR,actual_onshore_wind_generation,Wind Onshore,2026-05-23T20:18:59Z
2026-05-23T20:18:24Z,2026-05-23T22:18:24+0200,ff0858ab-4740-4bdb-8b96-9805455abf18,2026-04-27T01:45:00Z,2026-04-27T03:45:00+0200,2819.25,MW,FR,FR,actual_onshore_wind_generation,Wind Onshore,2026-05-23T20:18:59Z
2026-05-23T20:18:24Z,2026-05-23T22:18:24+0200,ff0858ab-4740-4bdb-8b96-9805455abf18,2026-04-27T02:00:00Z,2026-04-27T04:00:00+0200,2761.76,MW,FR,FR,actual_onshore_wind_generation,Wind Onshore,2026-05-23T20:18:59Z
2026-05-23T20:18:24Z,2026-05-23T22:18:24+0200,ff0858ab-4740-4bdb-8b96-9805455abf18,2026-04-27T02:15:00Z,2026-04-27T04:15:00+0200,2671.15,MW,FR,FR,actual_onshore_wind_generation,Wind Onshore,2026-05-23T20:18:59Z
2026-05-23T20:18:24Z,2026-05-23T22:18:24+0200,ff0858ab-4740-4bdb-8b96-9805455abf18,2026-04-27T02:30:00Z,2026-04-27T04:30:00+0200,2558.61,MW,FR,FR,actual_onshore_wind_generation,Wind Onshore,2026-05-23T20:18:59Z
2026-05-23T20:18:24Z,2026-05-23T22:18:24+0200,ff0858ab-4740-4bdb-8b96-9805455abf18,2026-04-27T02:45:00Z,2026-04-27T04:45:00+0200,2496.35,MW,FR,FR,actual_onshore_wind_generation,Wind Onshore,2026-05-23T20:18:59Z
2026-05-23T20:18:24Z,2026-05-23T22:18:24+0200,ff0858ab-4740-4bdb-8b96-9805455abf18,2026-04-27T03:00:00Z,2026-04-27T05:00:00+0200,2440.58,MW,FR,FR,actual_onshore_wind_generation,Wind Onshore,2026-05-23T20:18:59Z
2026-05-23T20:18:24Z,2026-05-23T22:18:24+0200,ff0858ab-4740-4bdb-8b96-9805455abf18,2026-04-27T03:15:00Z,2026-04-27T05:15:00+0200,2360.05,MW,FR,FR,actual_onshore_wind_generation,Wind Onshore,2026-05-23T20:18:59Z
2026-05-23T20:18:24Z,2026-05-23T22:18:24+0200,ff0858ab-4740-4bdb-8b96-9805455abf18,2026-04-27T03:30:00Z,2026-04-27T05:30:00+0200,2306.31,MW,FR,FR,actual_onshore_wind_generation,Wind Onshore,2026-05-23T20:18:59Z
2026-05-23T20:18:24Z,2026-05-23T22:18:24+0200,ff0858ab-4740-4bdb-8b96-9805455abf18,2026-04-27T03:45:00Z,2026-04-27T05:45:00+0200,2235.6,MW,FR,FR,actual_onshore_wind_generation,Wind Onshore,2026-05-23T20:18:59Z
2026-05-23T20:18:24Z,2026-05-23T22:18:24+0200,ff0858ab-4740-4bdb-8b96-9805455abf18,2026-04-27T04:00:00Z,2026-04-27T06:00:00+0200,2210.65,MW,FR,FR,actual_onshore_wind_generation,Wind Onshore,2026-05-23T20:18:59Z
2026-05-23T20:18:24Z,2026-05-23T22:18:24+0200,ff0858ab-4740-4bdb-8b96-9805455abf18,2026-04-27T04:15:00Z,2026-04-27T06:15:00+0200,2195.28,MW,FR,FR,actual_onshore_wind_generation,Wind Onshore,2026-05-23T20:18:59Z
2026-05-23T20:18:24Z,2026-05-23T22:18:24+0200,ff0858ab-4740-4bdb-8b96-9805455abf18,2026-04-27T04:30:00Z,2026-04-27T06:30:00+0200,2167.54,MW,FR,FR,actual_onshore_wind_generation,Wind Onshore,2026-05-23T20:18:59Z
2026-05-23T20:18:24Z,2026-05-23T22:18:24+0200,ff0858ab-4740-4bdb-8b96-9805455abf18,2026-04-27T04:45:00Z,2026-04-27T06:45:00+0200,2158.92,MW,FR,FR,actual_onshore_wind_generation,Wind Onshore,2026-05-23T20:18:59Z
2026-05-23T20:18:24Z,2026-05-23T22:18:24+0200,ff0858ab-4740-4bdb-8b96-9805455abf18,2026-04-27T05:00:00Z,2026-04-27T07:00:00+0200,2169.86,MW,FR,FR,actual_onshore_wind_generation,Wind Onshore,2026-05-23T20:18:59Z
2026-05-23T20:18:24Z,2026-05-23T22:18:24+0200,ff0858ab-4740-4bdb-8b96-9805455abf18,2026-04-27T05:15:00Z,2026-04-27T07:15:00+0200,2171.79,MW,FR,FR,actual_onshore_wind_generation,Wind Onshore,2026-05-23T20:18:59Z
2026-05-23T20:18:24Z,2026-05-23T22:18:24+0200,ff0858ab-4740-4bdb-8b96-9805455abf18,2026-04-27T05:30:00Z,2026-04-27T07:30:00+0200,2196.09,MW,FR,FR,actual_onshore_wind_generation,Wind Onshore,2026-05-23T20:18:59Z
2026-05-23T20:18:24Z,2026-05-23T22:18:24+0200,ff0858ab-4740-4bdb-8b96-9805455abf18,2026-04-27T05:45:00Z,2026-04-27T07:45:00+0200,2224.75,MW,FR,FR,actual_onshore_wind_generation,Wind Onshore,2026-05-23T20:18:59Z
2026-05-23T20:18:24Z,2026-05-23T22:18:24+0200,ff0858ab-4740-4bdb-8b96-9805455abf18,2026-04-27T06:00:00Z,2026-04-27T08:00:00+0200,2189.45,MW,FR,FR,actual_onshore_wind_generation,Wind Onshore,2026-05-23T20:18:59Z
2026-05-23T20:18:24Z,2026-05-23T22:18:24+0200,ff0858ab-4740-4bdb-8b96-9805455abf18,2026-04-27T06:15:00Z,2026-04-27T08:15:00+0200,2142.71,MW,FR,FR,actual_onshore_wind_generation,Wind Onshore,2026-05-23T20:18:59Z
2026-05-23T20:18:24Z,2026-05-23T22:18:24+0200,ff0858ab-4740-4bdb-8b96-9805455abf18,2026-04-27T06:30:00Z,2026-04-27T08:30:00+0200,1997.44,MW,FR,FR,actual_onshore_wind_generation,Wind Onshore,2026-05-23T20:18:59Z
2026-05-23T20:18:24Z,2026-05-23T22:18:24+0200,ff0858ab-4740-4bdb-8b96-9805455abf18,2026-04-27T06:45:00Z,2026-04-27T08:45:00+0200,1790.94,MW,FR,FR,actual_onshore_wind_generation,Wind Onshore,2026-05-23T20:18:59Z
2026-05-23T20:18:24Z,2026-05-23T22:18:24+0200,ff0858ab-4740-4bdb-8b96-9805455abf18,2026-04-27T07:00:00Z,2026-04-27T09:00:00+0200,1599.29,MW,FR,FR,actual_onshore_wind_generation,Wind Onshore,2026-05-23T20:18:59Z
2026-05-23T20:18:24Z,2026-05-23T22:18:24+0200,ff0858ab-4740-4bdb-8b96-9805455abf18,2026-04-27T07:15:00Z,2026-04-27T09:15:00+0200,1369.49,MW,FR,FR,actual_onshore_wind_generation,Wind Onshore,2026-05-23T20:18:59Z
2026-05-23T20:18:24Z,2026-05-23T22:18:24+0200,ff0858ab-4740-4bdb-8b96-9805455abf18,2026-04-27T07:30:00Z,2026-04-27T09:30:00+0200,1155.82,MW,FR,FR,actual_onshore_wind_generation,Wind Onshore,2026-05-23T20:18:59Z
2026-05-23T20:18:24Z,2026-05-23T22:18:24+0200,ff0858ab-4740-4bdb-8b96-9805455abf18,2026-04-27T07:45:00Z,2026-04-27T09:45:00+0200,993.77,MW,FR,FR,actual_onshore_wind_generation,Wind Onshore,2026-05-23T20:18:59Z
2026-05-23T20:18:24Z,2026-05-23T22:18:24+0200,ff0858ab-4740-4bdb-8b96-9805455abf18,2026-04-27T08:00:00Z,2026-04-27T10:00:00+0200,900.5,MW,FR,FR,actual_onshore_wind_generation,Wind Onshore,2026-05-23T20:18:59Z
2026-05-23T20:18:24Z,2026-05-23T22:18:24+0200,ff0858ab-4740-4bdb-8b96-9805455abf18,2026-04-27T08:15:00Z,2026-04-27T10:15:00+0200,849.25,MW,FR,FR,actual_onshore_wind_generation,Wind Onshore,2026-05-23T20:18:59Z
2026-05-23T20:18:24Z,2026-05-23T22:18:24+0200,ff0858ab-4740-4bdb-8b96-9805455abf18,2026-04-27T08:30:00Z,2026-04-27T10:30:00+0200,814.73,MW,FR,FR,actual_onshore_wind_generation,Wind Onshore,2026-05-23T20:18:59Z
2026-05-23T20:18:24Z,2026-05-23T22:18:24+0200,ff0858ab-4740-4bdb-8b96-9805455abf18,2026-04-27T08:45:00Z,2026-04-27T10:45:00+0200,749.07,MW,FR,FR,actual_onshore_wind_generation,Wind Onshore,2026-05-23T20:18:59Z
2026-05-23T20:18:24Z,2026-05-23T22:18:24+0200,ff0858ab-4740-4bdb-8b96-9805455abf18,2026-04-27T09:00:00Z,2026-04-27T11:00:00+0200,634.29,MW,FR,FR,actual_onshore_wind_generation,Wind Onshore,2026-05-23T20:18:59Z
2026-05-23T20:18:24Z,2026-05-23T22:18:24+0200,ff0858ab-4740-4bdb-8b96-9805455abf18,2026-04-27T09:15:00Z,2026-04-27T11:15:00+0200,654.41,MW,FR,FR,actual_onshore_wind_generation,Wind Onshore,2026-05-23T20:18:59Z
2026-05-23T20:18:24Z,2026-05-23T22:18:24+0200,ff0858ab-4740-4bdb-8b96-9805455abf18,2026-04-27T09:30:00Z,2026-04-27T11:30:00+0200,694.86,MW,FR,FR,actual_onshore_wind_generation,Wind Onshore,2026-05-23T20:18:59Z
2026-05-23T20:18:24Z,2026-05-23T22:18:24+0200,ff0858ab-4740-4bdb-8b96-9805455abf18,2026-04-27T09:45:00Z,2026-04-27T11:45:00+0200,719.29,MW,FR,FR,actual_onshore_wind_generation,Wind Onshore,2026-05-23T20:18:59Z
2026-05-23T20:18:24Z,2026-05-23T22:18:24+0200,ff0858ab-4740-4bdb-8b96-9805455abf18,2026-04-27T10:00:00Z,2026-04-27T12:00:00+0200,711.79,MW,FR,FR,actual_onshore_wind_generation,Wind Onshore,2026-05-23T20:18:59Z
2026-05-23T20:18:24Z,2026-05-23T22:18:24+0200,ff0858ab-4740-4bdb-8b96-9805455abf18,2026-04-27T10:15:00Z,2026-04-27T12:15:00+0200,715.28,MW,FR,FR,actual_onshore_wind_generation,Wind Onshore,2026-05-23T20:18:59Z
2026-05-23T20:18:24Z,2026-05-23T22:18:24+0200,ff0858ab-4740-4bdb-8b96-9805455abf18,2026-04-27T10:30:00Z,2026-04-27T12:30:00+0200,712.06,MW,FR,FR,actual_onshore_wind_generation,Wind Onshore,2026-05-23T20:18:59Z
2026-05-23T20:18:24Z,2026-05-23T22:18:24+0200,ff0858ab-4740-4bdb-8b96-9805455abf18,2026-04-27T10:45:00Z,2026-04-27T12:45:00+0200,686.02,MW,FR,FR,actual_onshore_wind_generation,Wind Onshore,2026-05-23T20:18:59Z
2026-05-23T20:18:24Z,2026-05-23T22:18:24+0200,ff0858ab-4740-4bdb-8b96-9805455abf18,2026-04-27T11:00:00Z,2026-04-27T13:00:00+0200,663.33,MW,FR,FR,actual_onshore_wind_generation,Wind Onshore,2026-05-23T20:18:59Z
2026-05-23T20:18:24Z,2026-05-23T22:18:24+0200,ff0858ab-4740-4bdb-8b96-9805455abf18,2026-04-27T11:15:00Z,2026-04-27T13:15:00+0200,673.76,MW,FR,FR,actual_onshore_wind_generation,Wind Onshore,2026-05-23T20:18:59Z
2026-05-23T20:18:24Z,2026-05-23T22:18:24+0200,ff0858ab-4740-4bdb-8b96-9805455abf18,2026-04-27T11:30:00Z,2026-04-27T13:30:00+0200,687.62,MW,FR,FR,actual_onshore_wind_generation,Wind Onshore,2026-05-23T20:18:59Z
2026-05-23T20:18:24Z,2026-05-23T22:18:24+0200,ff0858ab-4740-4bdb-8b96-9805455abf18,2026-04-27T11:45:00Z,2026-04-27T13:45:00+0200,697.78,MW,FR,FR,actual_onshore_wind_generation,Wind Onshore,2026-05-23T20:18:59Z
2026-05-23T20:18:24Z,2026-05-23T22:18:24+0200,ff0858ab-4740-4bdb-8b96-9805455abf18,2026-04-27T12:00:00Z,2026-04-27T14:00:00+0200,693.03,MW,FR,FR,actual_onshore_wind_generation,Wind Onshore,2026-05-23T20:18:59Z
2026-05-23T20:18:24Z,2026-05-23T22:18:24+0200,ff0858ab-4740-4bdb-8b96-9805455abf18,2026-04-27T12:15:00Z,2026-04-27T14:15:00+0200,730.34,MW,FR,FR,actual_onshore_wind_generation,Wind Onshore,2026-05-23T20:18:59Z
2026-05-23T20:18:24Z,2026-05-23T22:18:24+0200,ff0858ab-4740-4bdb-8b96-9805455abf18,2026-04-27T12:30:00Z,2026-04-27T14:30:00+0200,740.81,MW,FR,FR,actual_onshore_wind_generation,Wind Onshore,2026-05-23T20:18:59Z
2026-05-23T20:18:24Z,2026-05-23T22:18:24+0200,ff0858ab-4740-4bdb-8b96-9805455abf18,2026-04-27T12:45:00Z,2026-04-27T14:45:00+0200,743.04,MW,FR,FR,actual_onshore_wind_generation,Wind Onshore,2026-05-23T20:18:59Z
2026-05-23T20:18:24Z,2026-05-23T22:18:24+0200,ff0858ab-4740-4bdb-8b96-9805455abf18,2026-04-27T13:00:00Z,2026-04-27T15:00:00+0200,761.16,MW,FR,FR,actual_onshore_wind_generation,Wind Onshore,2026-05-23T20:18:59Z
2026-05-23T20:18:24Z,2026-05-23T22:18:24+0200,ff0858ab-4740-4bdb-8b96-9805455abf18,2026-04-27T13:15:00Z,2026-04-27T15:15:00+0200,727.23,MW,FR,FR,actual_onshore_wind_generation,Wind Onshore,2026-05-23T20:18:59Z
2026-05-23T20:18:24Z,2026-05-23T22:18:24+0200,ff0858ab-4740-4bdb-8b96-9805455abf18,2026-04-27T13:30:00Z,2026-04-27T15:30:00+0200,743.27,MW,FR,FR,actual_onshore_wind_generation,Wind Onshore,2026-05-23T20:18:59Z
2026-05-23T20:18:24Z,2026-05-23T22:18:24+0200,ff0858ab-4740-4bdb-8b96-9805455abf18,2026-04-27T13:45:00Z,2026-04-27T15:45:00+0200,745.37,MW,FR,FR,actual_onshore_wind_generation,Wind Onshore,2026-05-23T20:18:59Z
2026-05-23T20:18:24Z,2026-05-23T22:18:24+0200,ff0858ab-4740-4bdb-8b96-9805455abf18,2026-04-27T14:00:00Z,2026-04-27T16:00:00+0200,775.96,MW,FR,FR,actual_onshore_wind_generation,Wind Onshore,2026-05-23T20:18:59Z
2026-05-23T20:18:24Z,2026-05-23T22:18:24+0200,ff0858ab-4740-4bdb-8b96-9805455abf18,2026-04-27T14:15:00Z,2026-04-27T16:15:00+0200,810.95,MW,FR,FR,actual_onshore_wind_generation,Wind Onshore,2026-05-23T20:18:59Z
2026-05-23T20:18:24Z,2026-05-23T22:18:24+0200,ff0858ab-4740-4bdb-8b96-9805455abf18,2026-04-27T14:30:00Z,2026-04-27T16:30:00+0200,849.18,MW,FR,FR,actual_onshore_wind_generation,Wind Onshore,2026-05-23T20:18:59Z
2026-05-23T20:18:24Z,2026-05-23T22:18:24+0200,ff0858ab-4740-4bdb-8b96-9805455abf18,2026-04-27T14:45:00Z,2026-04-27T16:45:00+0200,939.92,MW,FR,FR,actual_onshore_wind_generation,Wind Onshore,2026-05-23T20:18:59Z
2026-05-23T20:18:24Z,2026-05-23T22:18:24+0200,ff0858ab-4740-4bdb-8b96-9805455abf18,2026-04-27T15:00:00Z,2026-04-27T17:00:00+0200,1229.91,MW,FR,FR,actual_onshore_wind_generation,Wind Onshore,2026-05-23T20:18:59Z
2026-05-23T20:18:24Z,2026-05-23T22:18:24+0200,ff0858ab-4740-4bdb-8b96-9805455abf18,2026-04-27T15:15:00Z,2026-04-27T17:15:00+0200,1568.71,MW,FR,FR,actual_onshore_wind_generation,Wind Onshore,2026-05-23T20:18:59Z
2026-05-23T20:18:24Z,2026-05-23T22:18:24+0200,ff0858ab-4740-4bdb-8b96-9805455abf18,2026-04-27T15:30:00Z,2026-04-27T17:30:00+0200,1697.23,MW,FR,FR,actual_onshore_wind_generation,Wind Onshore,2026-05-23T20:18:59Z
2026-05-23T20:18:24Z,2026-05-23T22:18:24+0200,ff0858ab-4740-4bdb-8b96-9805455abf18,2026-04-27T15:45:00Z,2026-04-27T17:45:00+0200,1815.35,MW,FR,FR,actual_onshore_wind_generation,Wind Onshore,2026-05-23T20:18:59Z
2026-05-23T20:18:24Z,2026-05-23T22:18:24+0200,ff0858ab-4740-4bdb-8b96-9805455abf18,2026-04-27T16:00:00Z,2026-04-27T18:00:00+0200,1981.66,MW,FR,FR,actual_onshore_wind_generation,Wind Onshore,2026-05-23T20:18:59Z
2026-05-23T20:18:24Z,2026-05-23T22:18:24+0200,ff0858ab-4740-4bdb-8b96-9805455abf18,2026-04-27T16:15:00Z,2026-04-27T18:15:00+0200,2127.94,MW,FR,FR,actual_onshore_wind_generation,Wind Onshore,2026-05-23T20:18:59Z
2026-05-23T20:18:24Z,2026-05-23T22:18:24+0200,ff0858ab-4740-4bdb-8b96-9805455abf18,2026-04-27T16:30:00Z,2026-04-27T18:30:00+0200,2270.29,MW,FR,FR,actual_onshore_wind_generation,Wind Onshore,2026-05-23T20:18:59Z
2026-05-23T20:18:24Z,2026-05-23T22:18:24+0200,ff0858ab-4740-4bdb-8b96-9805455abf18,2026-04-27T16:45:00Z,2026-04-27T18:45:00+0200,2329.72,MW,FR,FR,actual_onshore_wind_generation,Wind Onshore,2026-05-23T20:18:59Z
2026-05-23T20:18:24Z,2026-05-23T22:18:24+0200,ff0858ab-4740-4bdb-8b96-9805455abf18,2026-04-27T17:00:00Z,2026-04-27T19:00:00+0200,2460.76,MW,FR,FR,actual_onshore_wind_generation,Wind Onshore,2026-05-23T20:18:59Z
2026-05-23T20:18:24Z,2026-05-23T22:18:24+0200,ff0858ab-4740-4bdb-8b96-9805455abf18,2026-04-27T17:15:00Z,2026-04-27T19:15:00+0200,2600.59,MW,FR,FR,actual_onshore_wind_generation,Wind Onshore,2026-05-23T20:18:59Z
2026-05-23T20:18:24Z,2026-05-23T22:18:24+0200,ff0858ab-4740-4bdb-8b96-9805455abf18,2026-04-27T17:30:00Z,2026-04-27T19:30:00+0200,2826.44,MW,FR,FR,actual_onshore_wind_generation,Wind Onshore,2026-05-23T20:18:59Z
2026-05-23T20:18:24Z,2026-05-23T22:18:24+0200,ff0858ab-4740-4bdb-8b96-9805455abf18,2026-04-27T17:45:00Z,2026-04-27T19:45:00+0200,2976.12,MW,FR,FR,actual_onshore_wind_generation,Wind Onshore,2026-05-23T20:18:59Z
2026-05-23T20:18:24Z,2026-05-23T22:18:24+0200,ff0858ab-4740-4bdb-8b96-9805455abf18,2026-04-27T18:00:00Z,2026-04-27T20:00:00+0200,3114.49,MW,FR,FR,actual_onshore_wind_generation,Wind Onshore,2026-05-23T20:18:59Z
2026-05-23T20:18:24Z,2026-05-23T22:18:24+0200,ff0858ab-4740-4bdb-8b96-9805455abf18,2026-04-27T18:15:00Z,2026-04-27T20:15:00+0200,3279.36,MW,FR,FR,actual_onshore_wind_generation,Wind Onshore,2026-05-23T20:18:59Z
2026-05-23T20:18:24Z,2026-05-23T22:18:24+0200,ff0858ab-4740-4bdb-8b96-9805455abf18,2026-04-27T18:30:00Z,2026-04-27T20:30:00+0200,3463.01,MW,FR,FR,actual_onshore_wind_generation,Wind Onshore,2026-05-23T20:18:59Z
2026-05-23T20:18:24Z,2026-05-23T22:18:24+0200,ff0858ab-4740-4bdb-8b96-9805455abf18,2026-04-27T18:45:00Z,2026-04-27T20:45:00+0200,3706.6,MW,FR,FR,actual_onshore_wind_generation,Wind Onshore,2026-05-23T20:18:59Z
2026-05-23T20:18:24Z,2026-05-23T22:18:24+0200,ff0858ab-4740-4bdb-8b96-9805455abf18,2026-04-27T19:00:00Z,2026-04-27T21:00:00+0200,4083.43,MW,FR,FR,actual_onshore_wind_generation,Wind Onshore,2026-05-23T20:18:59Z
2026-05-23T20:18:24Z,2026-05-23T22:18:24+0200,ff0858ab-4740-4bdb-8b96-9805455abf18,2026-04-27T19:15:00Z,2026-04-27T21:15:00+0200,4490.88,MW,FR,FR,actual_onshore_wind_generation,Wind Onshore,2026-05-23T20:18:59Z
2026-05-23T20:18:24Z,2026-05-23T22:18:24+0200,ff0858ab-4740-4bdb-8b96-9805455abf18,2026-04-27T19:30:00Z,2026-04-27T21:30:00+0200,4905.06,MW,FR,FR,actual_onshore_wind_generation,Wind Onshore,2026-05-23T20:18:59Z
2026-05-23T20:18:24Z,2026-05-23T22:18:24+0200,ff0858ab-4740-4bdb-8b96-9805455abf18,2026-04-27T19:45:00Z,2026-04-27T21:45:00+0200,5266.11,MW,FR,FR,actual_onshore_wind_generation,Wind Onshore,2026-05-23T20:18:59Z
2026-05-23T20:18:24Z,2026-05-23T22:18:24+0200,ff0858ab-4740-4bdb-8b96-9805455abf18,2026-04-27T20:00:00Z,2026-04-27T22:00:00+0200,5431.09,MW,FR,FR,actual_onshore_wind_generation,Wind Onshore,2026-05-23T20:18:59Z
2026-05-23T20:18:24Z,2026-05-23T22:18:24+0200,ff0858ab-4740-4bdb-8b96-9805455abf18,2026-04-27T20:15:00Z,2026-04-27T22:15:00+0200,5561.04,MW,FR,FR,actual_onshore_wind_generation,Wind Onshore,2026-05-23T20:18:59Z
2026-05-23T20:18:24Z,2026-05-23T22:18:24+0200,ff0858ab-4740-4bdb-8b96-9805455abf18,2026-04-27T20:30:00Z,2026-04-27T22:30:00+0200,5648.84,MW,FR,FR,actual_onshore_wind_generation,Wind Onshore,2026-05-23T20:18:59Z
2026-05-23T20:18:24Z,2026-05-23T22:18:24+0200,ff0858ab-4740-4bdb-8b96-9805455abf18,2026-04-27T20:45:00Z,2026-04-27T22:45:00+0200,5606.57,MW,FR,FR,actual_onshore_wind_generation,Wind Onshore,2026-05-23T20:18:59Z
2026-05-23T20:18:24Z,2026-05-23T22:18:24+0200,ff0858ab-4740-4bdb-8b96-9805455abf18,2026-04-27T21:00:00Z,2026-04-27T23:00:00+0200,5596.96,MW,FR,FR,actual_onshore_wind_generation,Wind Onshore,2026-05-23T20:18:59Z
2026-05-23T20:18:24Z,2026-05-23T22:18:24+0200,ff0858ab-4740-4bdb-8b96-9805455abf18,2026-04-27T21:15:00Z,2026-04-27T23:15:00+0200,5604.98,MW,FR,FR,actual_onshore_wind_generation,Wind Onshore,2026-05-23T20:18:59Z
2026-05-23T20:18:24Z,2026-05-23T22:18:24+0200,ff0858ab-4740-4bdb-8b96-9805455abf18,2026-04-27T21:30:00Z,2026-04-27T23:30:00+0200,5607.17,MW,FR,FR,actual_onshore_wind_generation,Wind Onshore,2026-05-23T20:18:59Z
2026-05-23T20:18:24Z,2026-05-23T22:18:24+0200,ff0858ab-4740-4bdb-8b96-9805455abf18,2026-04-27T21:45:00Z,2026-04-27T23:45:00+0200,5570.9,MW,FR,FR,actual_onshore_wind_generation,Wind Onshore,2026-05-23T20:18:59Z
2026-05-23T20:18:24Z,2026-05-23T22:18:24+0200,ff0858ab-4740-4bdb-8b96-9805455abf18,2026-04-27T22:00:00Z,2026-04-28T00:00:00+0200,5533.6,MW,FR,FR,actual_onshore_wind_generation,Wind Onshore,2026-05-23T20:18:59Z
2026-05-23T20:18:24Z,2026-05-23T22:18:24+0200,ff0858ab-4740-4bdb-8b96-9805455abf18,2026-04-27T22:15:00Z,2026-04-28T00:15:00+0200,5490.68,MW,FR,FR,actual_onshore_wind_generation,Wind Onshore,2026-05-23T20:18:59Z
2026-05-23T20:18:24Z,2026-05-23T22:18:24+0200,ff0858ab-4740-4bdb-8b96-9805455abf18,2026-04-27T22:30:00Z,2026-04-28T00:30:00+0200,5432.01,MW,FR,FR,actual_onshore_wind_generation,Wind Onshore,2026-05-23T20:18:59Z
2026-05-23T20:18:24Z,2026-05-23T22:18:24+0200,ff0858ab-4740-4bdb-8b96-9805455abf18,2026-04-27T22:45:00Z,2026-04-28T00:45:00+0200,5344.49,MW,FR,FR,actual_onshore_wind_generation,Wind Onshore,2026-05-23T20:18:59Z
2026-05-23T20:18:24Z,2026-05-23T22:18:24+0200,ff0858ab-4740-4bdb-8b96-9805455abf18,2026-04-27T23:00:00Z,2026-04-28T01:00:00+0200,5226.29,MW,FR,FR,actual_onshore_wind_generation,Wind Onshore,2026-05-23T20:18:59Z
2026-05-23T20:18:24Z,2026-05-23T22:18:24+0200,ff0858ab-4740-4bdb-8b96-9805455abf18,2026-04-27T23:15:00Z,2026-04-28T01:15:00+0200,5056.98,MW,FR,FR,actual_onshore_wind_generation,Wind Onshore,2026-05-23T20:18:59Z
2026-05-23T20:18:24Z,2026-05-23T22:18:24+0200,ff0858ab-4740-4bdb-8b96-9805455abf18,2026-04-27T23:30:00Z,2026-04-28T01:30:00+0200,4991.81,MW,FR,FR,actual_onshore_wind_generation,Wind Onshore,2026-05-23T20:18:59Z
2026-05-23T20:18:24Z,2026-05-23T22:18:24+0200,ff0858ab-4740-4bdb-8b96-9805455abf18,2026-04-27T23:45:00Z,2026-04-28T01:45:00+0200,4900.95,MW,FR,FR,actual_onshore_wind_generation,Wind Onshore,2026-05-23T20:18:59Z
2026-05-23T20:18:24Z,2026-05-23T22:18:24+0200,ff0858ab-4740-4bdb-8b96-9805455abf18,2026-04-28T00:00:00Z,2026-04-28T02:00:00+0200,4895.61,MW,FR,FR,actual_onshore_wind_generation,Wind Onshore,2026-05-23T20:18:59Z
2026-05-23T20:18:24Z,2026-05-23T22:18:24+0200,ff0858ab-4740-4bdb-8b96-9805455abf18,2026-04-28T00:15:00Z,2026-04-28T02:15:00+0200,4856.82,MW,FR,FR,actual_onshore_wind_generation,Wind Onshore,2026-05-23T20:18:59Z
2026-05-23T20:18:24Z,2026-05-23T22:18:24+0200,ff0858ab-4740-4bdb-8b96-9805455abf18,2026-04-28T00:30:00Z,2026-04-28T02:30:00+0200,4909.79,MW,FR,FR,actual_onshore_wind_generation,Wind Onshore,2026-05-23T20:18:59Z
2026-05-23T20:18:24Z,2026-05-23T22:18:24+0200,ff0858ab-4740-4bdb-8b96-9805455abf18,2026-04-28T00:45:00Z,2026-04-28T02:45:00+0200,5013.79,MW,FR,FR,actual_onshore_wind_generation,Wind Onshore,2026-05-23T20:18:59Z
2026-05-23T20:18:24Z,2026-05-23T22:18:24+0200,ff0858ab-4740-4bdb-8b96-9805455abf18,2026-04-28T01:00:00Z,2026-04-28T03:00:00+0200,4982.7,MW,FR,FR,actual_onshore_wind_generation,Wind Onshore,2026-05-23T20:18:59Z
2026-05-23T20:18:24Z,2026-05-23T22:18:24+0200,ff0858ab-4740-4bdb-8b96-9805455abf18,2026-04-28T01:15:00Z,2026-04-28T03:15:00+0200,5043.83,MW,FR,FR,actual_onshore_wind_generation,Wind Onshore,2026-05-23T20:18:59Z
2026-05-23T20:18:24Z,2026-05-23T22:18:24+0200,ff0858ab-4740-4bdb-8b96-9805455abf18,2026-04-28T01:30:00Z,2026-04-28T03:30:00+0200,5071.53,MW,FR,FR,actual_onshore_wind_generation,Wind Onshore,2026-05-23T20:18:59Z
2026-05-23T20:18:24Z,2026-05-23T22:18:24+0200,ff0858ab-4740-4bdb-8b96-9805455abf18,2026-04-28T01:45:00Z,2026-04-28T03:45:00+0200,5118.25,MW,FR,FR,actual_onshore_wind_generation,Wind Onshore,2026-05-23T20:18:59Z
2026-05-23T20:18:24Z,2026-05-23T22:18:24+0200,ff0858ab-4740-4bdb-8b96-9805455abf18,2026-04-28T02:00:00Z,2026-04-28T04:00:00+0200,5273.17,MW,FR,FR,actual_onshore_wind_generation,Wind Onshore,2026-05-23T20:18:59Z
2026-05-23T20:18:24Z,2026-05-23T22:18:24+0200,ff0858ab-4740-4bdb-8b96-9805455abf18,2026-04-28T02:15:00Z,2026-04-28T04:15:00+0200,5291.92,MW,FR,FR,actual_onshore_wind_generation,Wind Onshore,2026-05-23T20:18:59Z
2026-05-23T20:18:24Z,2026-05-23T22:18:24+0200,ff0858ab-4740-4bdb-8b96-9805455abf18,2026-04-28T02:30:00Z,2026-04-28T04:30:00+0200,5228.57,MW,FR,FR,actual_onshore_wind_generation,Wind Onshore,2026-05-23T20:18:59Z
2026-05-23T20:18:24Z,2026-05-23T22:18:24+0200,ff0858ab-4740-4bdb-8b96-9805455abf18,2026-04-28T02:45:00Z,2026-04-28T04:45:00+0200,5313.29,MW,FR,FR,actual_onshore_wind_generation,Wind Onshore,2026-05-23T20:18:59Z
2026-05-23T20:18:24Z,2026-05-23T22:18:24+0200,ff0858ab-4740-4bdb-8b96-9805455abf18,2026-04-28T03:00:00Z,2026-04-28T05:00:00+0200,5484.52,MW,FR,FR,actual_onshore_wind_generation,Wind Onshore,2026-05-23T20:18:59Z
2026-05-23T20:18:24Z,2026-05-23T22:18:24+0200,ff0858ab-4740-4bdb-8b96-9805455abf18,2026-04-28T03:15:00Z,2026-04-28T05:15:00+0200,5584.88,MW,FR,FR,actual_onshore_wind_generation,Wind Onshore,2026-05-23T20:18:59Z
2026-05-23T20:18:24Z,2026-05-23T22:18:24+0200,ff0858ab-4740-4bdb-8b96-9805455abf18,2026-04-28T03:30:00Z,2026-04-28T05:30:00+0200,5626.36,MW,FR,FR,actual_onshore_wind_generation,Wind Onshore,2026-05-23T20:18:59Z
2026-05-23T20:18:24Z,2026-05-23T22:18:24+0200,ff0858ab-4740-4bdb-8b96-9805455abf18,2026-04-28T03:45:00Z,2026-04-28T05:45:00+0200,5647.33,MW,FR,FR,actual_onshore_wind_generation,Wind Onshore,2026-05-23T20:18:59Z
2026-05-23T20:18:24Z,2026-05-23T22:18:24+0200,ff0858ab-4740-4bdb-8b96-9805455abf18,2026-04-28T04:00:00Z,2026-04-28T06:00:00+0200,5696.0,MW,FR,FR,actual_onshore_wind_generation,Wind Onshore,2026-05-23T20:18:59Z
2026-05-23T20:18:24Z,2026-05-23T22:18:24+0200,ff0858ab-4740-4bdb-8b96-9805455abf18,2026-04-28T04:15:00Z,2026-04-28T06:15:00+0200,5773.11,MW,FR,FR,actual_onshore_wind_generation,Wind Onshore,2026-05-23T20:18:59Z
2026-05-23T20:18:24Z,2026-05-23T22:18:24+0200,ff0858ab-4740-4bdb-8b96-9805455abf18,2026-04-28T04:30:00Z,2026-04-28T06:30:00+0200,5660.59,MW,FR,FR,actual_onshore_wind_generation,Wind Onshore,2026-05-23T20:18:59Z
2026-05-23T20:18:24Z,2026-05-23T22:18:24+0200,ff0858ab-4740-4bdb-8b96-9805455abf18,2026-04-28T04:45:00Z,2026-04-28T06:45:00+0200,5471.57,MW,FR,FR,actual_onshore_wind_generation,Wind Onshore,2026-05-23T20:18:59Z
2026-05-23T20:18:24Z,2026-05-23T22:18:24+0200,ff0858ab-4740-4bdb-8b96-9805455abf18,2026-04-28T05:00:00Z,2026-04-28T07:00:00+0200,5849.59,MW,FR,FR,actual_onshore_wind_generation,Wind Onshore,2026-05-23T20:18:59Z
2026-05-23T20:18:24Z,2026-05-23T22:18:24+0200,ff0858ab-4740-4bdb-8b96-9805455abf18,2026-04-28T05:15:00Z,2026-04-28T07:15:00+0200,6069.08,MW,FR,FR,actual_onshore_wind_generation,Wind Onshore,2026-05-23T20:18:59Z
2026-05-23T20:18:24Z,2026-05-23T22:18:24+0200,ff0858ab-4740-4bdb-8b96-9805455abf18,2026-04-28T05:30:00Z,2026-04-28T07:30:00+0200,6072.28,MW,FR,FR,actual_onshore_wind_generation,Wind Onshore,2026-05-23T20:18:59Z
2026-05-23T20:18:24Z,2026-05-23T22:18:24+0200,ff0858ab-4740-4bdb-8b96-9805455abf18,2026-04-28T05:45:00Z,2026-04-28T07:45:00+0200,5804.89,MW,FR,FR,actual_onshore_wind_generation,Wind Onshore,2026-05-23T20:18:59Z
2026-05-23T20:18:24Z,2026-05-23T22:18:24+0200,ff0858ab-4740-4bdb-8b96-9805455abf18,2026-04-28T06:00:00Z,2026-04-28T08:00:00+0200,5646.05,MW,FR,FR,actual_onshore_wind_generation,Wind Onshore,2026-05-23T20:18:59Z
2026-05-23T20:18:24Z,2026-05-23T22:18:24+0200,ff0858ab-4740-4bdb-8b96-9805455abf18,2026-04-28T06:15:00Z,2026-04-28T08:15:00+0200,5512.88,MW,FR,FR,actual_onshore_wind_generation,Wind Onshore,2026-05-23T20:18:59Z
2026-05-23T20:18:24Z,2026-05-23T22:18:24+0200,ff0858ab-4740-4bdb-8b96-9805455abf18,2026-04-28T06:30:00Z,2026-04-28T08:30:00+0200,5335.72,MW,FR,FR,actual_onshore_wind_generation,Wind Onshore,2026-05-23T20:18:59Z
2026-05-23T20:18:24Z,2026-05-23T22:18:24+0200,ff0858ab-4740-4bdb-8b96-9805455abf18,2026-04-28T06:45:00Z,2026-04-28T08:45:00+0200,5069.41,MW,FR,FR,actual_onshore_wind_generation,Wind Onshore,2026-05-23T20:18:59Z
2026-05-23T20:18:24Z,2026-05-23T22:18:24+0200,ff0858ab-4740-4bdb-8b96-9805455abf18,2026-04-28T07:00:00Z,2026-04-28T09:00:00+0200,4816.94,MW,FR,FR,actual_onshore_wind_generation,Wind Onshore,2026-05-23T20:18:59Z
2026-05-23T20:18:24Z,2026-05-23T22:18:24+0200,ff0858ab-4740-4bdb-8b96-9805455abf18,2026-04-28T07:15:00Z,2026-04-28T09:15:00+0200,4603.37,MW,FR,FR,actual_onshore_wind_generation,Wind Onshore,2026-05-23T20:18:59Z
2026-05-23T20:18:24Z,2026-05-23T22:18:24+0200,ff0858ab-4740-4bdb-8b96-9805455abf18,2026-04-28T07:30:00Z,2026-04-28T09:30:00+0200,4480.1,MW,FR,FR,actual_onshore_wind_generation,Wind Onshore,2026-05-23T20:18:59Z
2026-05-23T20:18:24Z,2026-05-23T22:18:24+0200,ff0858ab-4740-4bdb-8b96-9805455abf18,2026-04-28T07:45:00Z,2026-04-28T09:45:00+0200,4304.84,MW,FR,FR,actual_onshore_wind_generation,Wind Onshore,2026-05-23T20:18:59Z
2026-05-23T20:18:24Z,2026-05-23T22:18:24+0200,ff0858ab-4740-4bdb-8b96-9805455abf18,2026-04-28T08:00:00Z,2026-04-28T10:00:00+0200,4208.58,MW,FR,FR,actual_onshore_wind_generation,Wind Onshore,2026-05-23T20:18:59Z
2026-05-23T20:18:24Z,2026-05-23T22:18:24+0200,ff0858ab-4740-4bdb-8b96-9805455abf18,2026-04-28T08:15:00Z,2026-04-28T10:15:00+0200,4169.24,MW,FR,FR,actual_onshore_wind_generation,Wind Onshore,2026-05-23T20:18:59Z
2026-05-23T20:18:24Z,2026-05-23T22:18:24+0200,ff0858ab-4740-4bdb-8b96-9805455abf18,2026-04-28T08:30:00Z,2026-04-28T10:30:00+0200,4224.54,MW,FR,FR,actual_onshore_wind_generation,Wind Onshore,2026-05-23T20:18:59Z
2026-05-23T20:18:24Z,2026-05-23T22:18:24+0200,ff0858ab-4740-4bdb-8b96-9805455abf18,2026-04-28T08:45:00Z,2026-04-28T10:45:00+0200,3883.21,MW,FR,FR,actual_onshore_wind_generation,Wind Onshore,2026-05-23T20:18:59Z
2026-05-23T20:18:24Z,2026-05-23T22:18:24+0200,ff0858ab-4740-4bdb-8b96-9805455abf18,2026-04-28T09:00:00Z,2026-04-28T11:00:00+0200,2841.04,MW,FR,FR,actual_onshore_wind_generation,Wind Onshore,2026-05-23T20:18:59Z
2026-05-23T20:18:24Z,2026-05-23T22:18:24+0200,ff0858ab-4740-4bdb-8b96-9805455abf18,2026-04-28T09:15:00Z,2026-04-28T11:15:00+0200,2798.16,MW,FR,FR,actual_onshore_wind_generation,Wind Onshore,2026-05-23T20:18:59Z
2026-05-23T20:18:24Z,2026-05-23T22:18:24+0200,ff0858ab-4740-4bdb-8b96-9805455abf18,2026-04-28T09:30:00Z,2026-04-28T11:30:00+0200,2745.6,MW,FR,FR,actual_onshore_wind_generation,Wind Onshore,2026-05-23T20:18:59Z
2026-05-23T20:18:24Z,2026-05-23T22:18:24+0200,ff0858ab-4740-4bdb-8b96-9805455abf18,2026-04-28T09:45:00Z,2026-04-28T11:45:00+0200,2806.29,MW,FR,FR,actual_onshore_wind_generation,Wind Onshore,2026-05-23T20:18:59Z
2026-05-23T20:18:24Z,2026-05-23T22:18:24+0200,ff0858ab-4740-4bdb-8b96-9805455abf18,2026-04-28T10:00:00Z,2026-04-28T12:00:00+0200,2665.83,MW,FR,FR,actual_onshore_wind_generation,Wind Onshore,2026-05-23T20:18:59Z
2026-05-23T20:18:24Z,2026-05-23T22:18:24+0200,ff0858ab-4740-4bdb-8b96-9805455abf18,2026-04-28T10:15:00Z,2026-04-28T12:15:00+0200,2481.66,MW,FR,FR,actual_onshore_wind_generation,Wind Onshore,2026-05-23T20:18:59Z
2026-05-23T20:18:24Z,2026-05-23T22:18:24+0200,ff0858ab-4740-4bdb-8b96-9805455abf18,2026-04-28T10:30:00Z,2026-04-28T12:30:00+0200,2506.92,MW,FR,FR,actual_onshore_wind_generation,Wind Onshore,2026-05-23T20:18:59Z
2026-05-23T20:18:24Z,2026-05-23T22:18:24+0200,ff0858ab-4740-4bdb-8b96-9805455abf18,2026-04-28T10:45:00Z,2026-04-28T12:45:00+0200,2429.87,MW,FR,FR,actual_onshore_wind_generation,Wind Onshore,2026-05-23T20:18:59Z
2026-05-23T20:18:24Z,2026-05-23T22:18:24+0200,ff0858ab-4740-4bdb-8b96-9805455abf18,2026-04-28T11:00:00Z,2026-04-28T13:00:00+0200,2382.29,MW,FR,FR,actual_onshore_wind_generation,Wind Onshore,2026-05-23T20:18:59Z
2026-05-23T20:18:24Z,2026-05-23T22:18:24+0200,ff0858ab-4740-4bdb-8b96-9805455abf18,2026-04-28T11:15:00Z,2026-04-28T13:15:00+0200,2358.81,MW,FR,FR,actual_onshore_wind_generation,Wind Onshore,2026-05-23T20:18:59Z
2026-05-23T20:18:24Z,2026-05-23T22:18:24+0200,ff0858ab-4740-4bdb-8b96-9805455abf18,2026-04-28T11:30:00Z,2026-04-28T13:30:00+0200,2377.16,MW,FR,FR,actual_onshore_wind_generation,Wind Onshore,2026-05-23T20:18:59Z
2026-05-23T20:18:24Z,2026-05-23T22:18:24+0200,ff0858ab-4740-4bdb-8b96-9805455abf18,2026-04-28T11:45:00Z,2026-04-28T13:45:00+0200,2394.95,MW,FR,FR,actual_onshore_wind_generation,Wind Onshore,2026-05-23T20:18:59Z
2026-05-23T20:18:24Z,2026-05-23T22:18:24+0200,ff0858ab-4740-4bdb-8b96-9805455abf18,2026-04-28T12:00:00Z,2026-04-28T14:00:00+0200,2370.99,MW,FR,FR,actual_onshore_wind_generation,Wind Onshore,2026-05-23T20:18:59Z
2026-05-23T20:18:24Z,2026-05-23T22:18:24+0200,ff0858ab-4740-4bdb-8b96-9805455abf18,2026-04-28T12:15:00Z,2026-04-28T14:15:00+0200,2475.46,MW,FR,FR,actual_onshore_wind_generation,Wind Onshore,2026-05-23T20:18:59Z
2026-05-23T20:18:24Z,2026-05-23T22:18:24+0200,ff0858ab-4740-4bdb-8b96-9805455abf18,2026-04-28T12:30:00Z,2026-04-28T14:30:00+0200,2495.09,MW,FR,FR,actual_onshore_wind_generation,Wind Onshore,2026-05-23T20:18:59Z
2026-05-23T20:18:24Z,2026-05-23T22:18:24+0200,ff0858ab-4740-4bdb-8b96-9805455abf18,2026-04-28T12:45:00Z,2026-04-28T14:45:00+0200,2513.0,MW,FR,FR,actual_onshore_wind_generation,Wind Onshore,2026-05-23T20:18:59Z
2026-05-23T20:18:24Z,2026-05-23T22:18:24+0200,ff0858ab-4740-4bdb-8b96-9805455abf18,2026-04-28T13:00:00Z,2026-04-28T15:00:00+0200,2517.06,MW,FR,FR,actual_onshore_wind_generation,Wind Onshore,2026-05-23T20:18:59Z
2026-05-23T20:18:24Z,2026-05-23T22:18:24+0200,ff0858ab-4740-4bdb-8b96-9805455abf18,2026-04-28T13:15:00Z,2026-04-28T15:15:00+0200,2568.28,MW,FR,FR,actual_onshore_wind_generation,Wind Onshore,2026-05-23T20:18:59Z
2026-05-23T20:18:24Z,2026-05-23T22:18:24+0200,ff0858ab-4740-4bdb-8b96-9805455abf18,2026-04-28T13:30:00Z,2026-04-28T15:30:00+0200,2570.45,MW,FR,FR,actual_onshore_wind_generation,Wind Onshore,2026-05-23T20:18:59Z
2026-05-23T20:18:24Z,2026-05-23T22:18:24+0200,ff0858ab-4740-4bdb-8b96-9805455abf18,2026-04-28T13:45:00Z,2026-04-28T15:45:00+0200,2634.81,MW,FR,FR,actual_onshore_wind_generation,Wind Onshore,2026-05-23T20:18:59Z
2026-05-23T20:18:24Z,2026-05-23T22:18:24+0200,ff0858ab-4740-4bdb-8b96-9805455abf18,2026-04-28T14:00:00Z,2026-04-28T16:00:00+0200,2709.77,MW,FR,FR,actual_onshore_wind_generation,Wind Onshore,2026-05-23T20:18:59Z
2026-05-23T20:18:24Z,2026-05-23T22:18:24+0200,ff0858ab-4740-4bdb-8b96-9805455abf18,2026-04-28T14:15:00Z,2026-04-28T16:15:00+0200,2736.24,MW,FR,FR,actual_onshore_wind_generation,Wind Onshore,2026-05-23T20:18:59Z
2026-05-23T20:18:24Z,2026-05-23T22:18:24+0200,ff0858ab-4740-4bdb-8b96-9805455abf18,2026-04-28T14:30:00Z,2026-04-28T16:30:00+0200,2762.65,MW,FR,FR,actual_onshore_wind_generation,Wind Onshore,2026-05-23T20:18:59Z
2026-05-23T20:18:24Z,2026-05-23T22:18:24+0200,ff0858ab-4740-4bdb-8b96-9805455abf18,2026-04-28T14:45:00Z,2026-04-28T16:45:00+0200,3019.42,MW,FR,FR,actual_onshore_wind_generation,Wind Onshore,2026-05-23T20:18:59Z
2026-05-23T20:18:24Z,2026-05-23T22:18:24+0200,ff0858ab-4740-4bdb-8b96-9805455abf18,2026-04-28T15:00:00Z,2026-04-28T17:00:00+0200,3467.27,MW,FR,FR,actual_onshore_wind_generation,Wind Onshore,2026-05-23T20:18:59Z
2026-05-23T20:18:24Z,2026-05-23T22:18:24+0200,ff0858ab-4740-4bdb-8b96-9805455abf18,2026-04-28T15:15:00Z,2026-04-28T17:15:00+0200,3829.61,MW,FR,FR,actual_onshore_wind_generation,Wind Onshore,2026-05-23T20:18:59Z
2026-05-23T20:18:24Z,2026-05-23T22:18:24+0200,ff0858ab-4740-4bdb-8b96-9805455abf18,2026-04-28T15:30:00Z,2026-04-28T17:30:00+0200,3973.16,MW,FR,FR,actual_onshore_wind_generation,Wind Onshore,2026-05-23T20:18:59Z
2026-05-23T20:18:24Z,2026-05-23T22:18:24+0200,ff0858ab-4740-4bdb-8b96-9805455abf18,2026-04-28T15:45:00Z,2026-04-28T17:45:00+0200,4191.03,MW,FR,FR,actual_onshore_wind_generation,Wind Onshore,2026-05-23T20:18:59Z
2026-05-23T20:18:24Z,2026-05-23T22:18:24+0200,ff0858ab-4740-4bdb-8b96-9805455abf18,2026-04-28T16:00:00Z,2026-04-28T18:00:00+0200,5490.88,MW,FR,FR,actual_onshore_wind_generation,Wind Onshore,2026-05-23T20:18:59Z
2026-05-23T20:18:24Z,2026-05-23T22:18:24+0200,ff0858ab-4740-4bdb-8b96-9805455abf18,2026-04-28T16:15:00Z,2026-04-28T18:15:00+0200,6838.05,MW,FR,FR,actual_onshore_wind_generation,Wind Onshore,2026-05-23T20:18:59Z
2026-05-23T20:18:24Z,2026-05-23T22:18:24+0200,ff0858ab-4740-4bdb-8b96-9805455abf18,2026-04-28T16:30:00Z,2026-04-28T18:30:00+0200,7121.83,MW,FR,FR,actual_onshore_wind_generation,Wind Onshore,2026-05-23T20:18:59Z
2026-05-23T20:18:24Z,2026-05-23T22:18:24+0200,ff0858ab-4740-4bdb-8b96-9805455abf18,2026-04-28T16:45:00Z,2026-04-28T18:45:00+0200,7117.42,MW,FR,FR,actual_onshore_wind_generation,Wind Onshore,2026-05-23T20:18:59Z
2026-05-23T20:18:24Z,2026-05-23T22:18:24+0200,ff0858ab-4740-4bdb-8b96-9805455abf18,2026-04-28T17:00:00Z,2026-04-28T19:00:00+0200,7061.01,MW,FR,FR,actual_onshore_wind_generation,Wind Onshore,2026-05-23T20:18:59Z
2026-05-23T20:18:24Z,2026-05-23T22:18:24+0200,ff0858ab-4740-4bdb-8b96-9805455abf18,2026-04-28T17:15:00Z,2026-04-28T19:15:00+0200,7008.96,MW,FR,FR,actual_onshore_wind_generation,Wind Onshore,2026-05-23T20:18:59Z
2026-05-23T20:18:24Z,2026-05-23T22:18:24+0200,ff0858ab-4740-4bdb-8b96-9805455abf18,2026-04-28T17:30:00Z,2026-04-28T19:30:00+0200,6940.76,MW,FR,FR,actual_onshore_wind_generation,Wind Onshore,2026-05-23T20:18:59Z
2026-05-23T20:18:24Z,2026-05-23T22:18:24+0200,ff0858ab-4740-4bdb-8b96-9805455abf18,2026-04-28T17:45:00Z,2026-04-28T19:45:00+0200,6915.33,MW,FR,FR,actual_onshore_wind_generation,Wind Onshore,2026-05-23T20:18:59Z
2026-05-23T20:18:24Z,2026-05-23T22:18:24+0200,ff0858ab-4740-4bdb-8b96-9805455abf18,2026-04-28T18:00:00Z,2026-04-28T20:00:00+0200,7053.0,MW,FR,FR,actual_onshore_wind_generation,Wind Onshore,2026-05-23T20:18:59Z
2026-05-23T20:18:24Z,2026-05-23T22:18:24+0200,ff0858ab-4740-4bdb-8b96-9805455abf18,2026-04-28T18:15:00Z,2026-04-28T20:15:00+0200,7237.03,MW,FR,FR,actual_onshore_wind_generation,Wind Onshore,2026-05-23T20:18:59Z
2026-05-23T20:18:24Z,2026-05-23T22:18:24+0200,ff0858ab-4740-4bdb-8b96-9805455abf18,2026-04-28T18:30:00Z,2026-04-28T20:30:00+0200,7499.25,MW,FR,FR,actual_onshore_wind_generation,Wind Onshore,2026-05-23T20:18:59Z
2026-05-23T20:18:24Z,2026-05-23T22:18:24+0200,ff0858ab-4740-4bdb-8b96-9805455abf18,2026-04-28T18:45:00Z,2026-04-28T20:45:00+0200,7899.08,MW,FR,FR,actual_onshore_wind_generation,Wind Onshore,2026-05-23T20:18:59Z
2026-05-23T20:18:24Z,2026-05-23T22:18:24+0200,ff0858ab-4740-4bdb-8b96-9805455abf18,2026-04-28T19:00:00Z,2026-04-28T21:00:00+0200,8259.83,MW,FR,FR,actual_onshore_wind_generation,Wind Onshore,2026-05-23T20:18:59Z
2026-05-23T20:18:24Z,2026-05-23T22:18:24+0200,ff0858ab-4740-4bdb-8b96-9805455abf18,2026-04-28T19:15:00Z,2026-04-28T21:15:00+0200,8592.96,MW,FR,FR,actual_onshore_wind_generation,Wind Onshore,2026-05-23T20:18:59Z
2026-05-23T20:18:24Z,2026-05-23T22:18:24+0200,ff0858ab-4740-4bdb-8b96-9805455abf18,2026-04-28T19:30:00Z,2026-04-28T21:30:00+0200,8863.45,MW,FR,FR,actual_onshore_wind_generation,Wind Onshore,2026-05-23T20:18:59Z
2026-05-23T20:18:24Z,2026-05-23T22:18:24+0200,ff0858ab-4740-4bdb-8b96-9805455abf18,2026-04-28T19:45:00Z,2026-04-28T21:45:00+0200,8787.19,MW,FR,FR,actual_onshore_wind_generation,Wind Onshore,2026-05-23T20:18:59Z
2026-05-23T20:18:24Z,2026-05-23T22:18:24+0200,ff0858ab-4740-4bdb-8b96-9805455abf18,2026-04-28T20:00:00Z,2026-04-28T22:00:00+0200,8962.88,MW,FR,FR,actual_onshore_wind_generation,Wind Onshore,2026-05-23T20:18:59Z
2026-05-23T20:18:24Z,2026-05-23T22:18:24+0200,ff0858ab-4740-4bdb-8b96-9805455abf18,2026-04-28T20:15:00Z,2026-04-28T22:15:00+0200,9178.79,MW,FR,FR,actual_onshore_wind_generation,Wind Onshore,2026-05-23T20:18:59Z
2026-05-23T20:18:24Z,2026-05-23T22:18:24+0200,ff0858ab-4740-4bdb-8b96-9805455abf18,2026-04-28T20:30:00Z,2026-04-28T22:30:00+0200,9354.61,MW,FR,FR,actual_onshore_wind_generation,Wind Onshore,2026-05-23T20:18:59Z
2026-05-23T20:18:24Z,2026-05-23T22:18:24+0200,ff0858ab-4740-4bdb-8b96-9805455abf18,2026-04-28T20:45:00Z,2026-04-28T22:45:00+0200,9432.35,MW,FR,FR,actual_onshore_wind_generation,Wind Onshore,2026-05-23T20:18:59Z
2026-05-23T20:18:24Z,2026-05-23T22:18:24+0200,ff0858ab-4740-4bdb-8b96-9805455abf18,2026-04-28T21:00:00Z,2026-04-28T23:00:00+0200,9526.79,MW,FR,FR,actual_onshore_wind_generation,Wind Onshore,2026-05-23T20:18:59Z
2026-05-23T20:18:24Z,2026-05-23T22:18:24+0200,ff0858ab-4740-4bdb-8b96-9805455abf18,2026-04-28T21:15:00Z,2026-04-28T23:15:00+0200,9641.32,MW,FR,FR,actual_onshore_wind_generation,Wind Onshore,2026-05-23T20:18:59Z
2026-05-23T20:18:24Z,2026-05-23T22:18:24+0200,ff0858ab-4740-4bdb-8b96-9805455abf18,2026-04-28T21:30:00Z,2026-04-28T23:30:00+0200,9737.8,MW,FR,FR,actual_onshore_wind_generation,Wind Onshore,2026-05-23T20:18:59Z
2026-05-23T20:18:24Z,2026-05-23T22:18:24+0200,ff0858ab-4740-4bdb-8b96-9805455abf18,2026-04-28T21:45:00Z,2026-04-28T23:45:00+0200,9551.25,MW,FR,FR,actual_onshore_wind_generation,Wind Onshore,2026-05-23T20:18:59Z
2026-05-23T20:18:24Z,2026-05-23T22:18:24+0200,ff0858ab-4740-4bdb-8b96-9805455abf18,2026-04-28T22:00:00Z,2026-04-29T00:00:00+0200,9671.84,MW,FR,FR,actual_onshore_wind_generation,Wind Onshore,2026-05-23T20:18:59Z
2026-05-23T20:18:24Z,2026-05-23T22:18:24+0200,ff0858ab-4740-4bdb-8b96-9805455abf18,2026-04-28T22:15:00Z,2026-04-29T00:15:00+0200,9787.68,MW,FR,FR,actual_onshore_wind_generation,Wind Onshore,2026-05-23T20:18:59Z
2026-05-23T20:18:24Z,2026-05-23T22:18:24+0200,ff0858ab-4740-4bdb-8b96-9805455abf18,2026-04-28T22:30:00Z,2026-04-29T00:30:00+0200,9670.7,MW,FR,FR,actual_onshore_wind_generation,Wind Onshore,2026-05-23T20:18:59Z
2026-05-23T20:18:24Z,2026-05-23T22:18:24+0200,ff0858ab-4740-4bdb-8b96-9805455abf18,2026-04-28T22:45:00Z,2026-04-29T00:45:00+0200,9572.5,MW,FR,FR,actual_onshore_wind_generation,Wind Onshore,2026-05-23T20:18:59Z
2026-05-23T20:18:24Z,2026-05-23T22:18:24+0200,ff0858ab-4740-4bdb-8b96-9805455abf18,2026-04-28T23:00:00Z,2026-04-29T01:00:00+0200,9514.8,MW,FR,FR,actual_onshore_wind_generation,Wind Onshore,2026-05-23T20:18:59Z
2026-05-23T20:18:24Z,2026-05-23T22:18:24+0200,ff0858ab-4740-4bdb-8b96-9805455abf18,2026-04-28T23:15:00Z,2026-04-29T01:15:00+0200,9491.71,MW,FR,FR,actual_onshore_wind_generation,Wind Onshore,2026-05-23T20:18:59Z
2026-05-23T20:18:24Z,2026-05-23T22:18:24+0200,ff0858ab-4740-4bdb-8b96-9805455abf18,2026-04-28T23:30:00Z,2026-04-29T01:30:00+0200,9450.93,MW,FR,FR,actual_onshore_wind_generation,Wind Onshore,2026-05-23T20:18:59Z
2026-05-23T20:18:24Z,2026-05-23T22:18:24+0200,ff0858ab-4740-4bdb-8b96-9805455abf18,2026-04-28T23:45:00Z,2026-04-29T01:45:00+0200,9376.94,MW,FR,FR,actual_onshore_wind_generation,Wind Onshore,2026-05-23T20:18:59Z
2026-05-23T20:18:24Z,2026-05-23T22:18:24+0200,ff0858ab-4740-4bdb-8b96-9805455abf18,2026-04-29T00:00:00Z,2026-04-29T02:00:00+0200,9293.54,MW,FR,FR,actual_onshore_wind_generation,Wind Onshore,2026-05-23T20:18:59Z
2026-05-23T20:18:24Z,2026-05-23T22:18:24+0200,ff0858ab-4740-4bdb-8b96-9805455abf18,2026-04-29T00:15:00Z,2026-04-29T02:15:00+0200,9231.84,MW,FR,FR,actual_onshore_wind_generation,Wind Onshore,2026-05-23T20:18:59Z
2026-05-23T20:18:24Z,2026-05-23T22:18:24+0200,ff0858ab-4740-4bdb-8b96-9805455abf18,2026-04-29T00:30:00Z,2026-04-29T02:30:00+0200,9180.43,MW,FR,FR,actual_onshore_wind_generation,Wind Onshore,2026-05-23T20:18:59Z
2026-05-23T20:18:24Z,2026-05-23T22:18:24+0200,ff0858ab-4740-4bdb-8b96-9805455abf18,2026-04-29T00:45:00Z,2026-04-29T02:45:00+0200,9243.49,MW,FR,FR,actual_onshore_wind_generation,Wind Onshore,2026-05-23T20:18:59Z
2026-05-23T20:18:24Z,2026-05-23T22:18:24+0200,ff0858ab-4740-4bdb-8b96-9805455abf18,2026-04-29T01:00:00Z,2026-04-29T03:00:00+0200,9159.73,MW,FR,FR,actual_onshore_wind_generation,Wind Onshore,2026-05-23T20:18:59Z
2026-05-23T20:18:24Z,2026-05-23T22:18:24+0200,ff0858ab-4740-4bdb-8b96-9805455abf18,2026-04-29T01:15:00Z,2026-04-29T03:15:00+0200,8923.37,MW,FR,FR,actual_onshore_wind_generation,Wind Onshore,2026-05-23T20:18:59Z
2026-05-23T20:18:24Z,2026-05-23T22:18:24+0200,ff0858ab-4740-4bdb-8b96-9805455abf18,2026-04-29T01:30:00Z,2026-04-29T03:30:00+0200,8589.72,MW,FR,FR,actual_onshore_wind_generation,Wind Onshore,2026-05-23T20:18:59Z
2026-05-23T20:18:24Z,2026-05-23T22:18:24+0200,ff0858ab-4740-4bdb-8b96-9805455abf18,2026-04-29T01:45:00Z,2026-04-29T03:45:00+0200,7810.37,MW,FR,FR,actual_onshore_wind_generation,Wind Onshore,2026-05-23T20:18:59Z
2026-05-23T20:18:24Z,2026-05-23T22:18:24+0200,ff0858ab-4740-4bdb-8b96-9805455abf18,2026-04-29T02:00:00Z,2026-04-29T04:00:00+0200,5783.16,MW,FR,FR,actual_onshore_wind_generation,Wind Onshore,2026-05-23T20:18:59Z
2026-05-23T20:18:24Z,2026-05-23T22:18:24+0200,ff0858ab-4740-4bdb-8b96-9805455abf18,2026-04-29T02:15:00Z,2026-04-29T04:15:00+0200,5626.83,MW,FR,FR,actual_onshore_wind_generation,Wind Onshore,2026-05-23T20:18:59Z
2026-05-23T20:18:24Z,2026-05-23T22:18:24+0200,ff0858ab-4740-4bdb-8b96-9805455abf18,2026-04-29T02:30:00Z,2026-04-29T04:30:00+0200,5769.92,MW,FR,FR,actual_onshore_wind_generation,Wind Onshore,2026-05-23T20:18:59Z
2026-05-23T20:18:24Z,2026-05-23T22:18:24+0200,ff0858ab-4740-4bdb-8b96-9805455abf18,2026-04-29T02:45:00Z,2026-04-29T04:45:00+0200,5911.56,MW,FR,FR,actual_onshore_wind_generation,Wind Onshore,2026-05-23T20:18:59Z
2026-05-23T20:18:24Z,2026-05-23T22:18:24+0200,ff0858ab-4740-4bdb-8b96-9805455abf18,2026-04-29T03:00:00Z,2026-04-29T05:00:00+0200,7558.18,MW,FR,FR,actual_onshore_wind_generation,Wind Onshore,2026-05-23T20:18:59Z
2026-05-23T20:18:24Z,2026-05-23T22:18:24+0200,ff0858ab-4740-4bdb-8b96-9805455abf18,2026-04-29T03:15:00Z,2026-04-29T05:15:00+0200,9266.16,MW,FR,FR,actual_onshore_wind_generation,Wind Onshore,2026-05-23T20:18:59Z
2026-05-23T20:18:24Z,2026-05-23T22:18:24+0200,ff0858ab-4740-4bdb-8b96-9805455abf18,2026-04-29T03:30:00Z,2026-04-29T05:30:00+0200,9293.21,MW,FR,FR,actual_onshore_wind_generation,Wind Onshore,2026-05-23T20:18:59Z
2026-05-23T20:18:24Z,2026-05-23T22:18:24+0200,ff0858ab-4740-4bdb-8b96-9805455abf18,2026-04-29T03:45:00Z,2026-04-29T05:45:00+0200,9412.58,MW,FR,FR,actual_onshore_wind_generation,Wind Onshore,2026-05-23T20:18:59Z
2026-05-23T20:18:24Z,2026-05-23T22:18:24+0200,ff0858ab-4740-4bdb-8b96-9805455abf18,2026-04-29T04:00:00Z,2026-04-29T06:00:00+0200,9601.15,MW,FR,FR,actual_onshore_wind_generation,Wind Onshore,2026-05-23T20:18:59Z
2026-05-23T20:18:24Z,2026-05-23T22:18:24+0200,ff0858ab-4740-4bdb-8b96-9805455abf18,2026-04-29T04:15:00Z,2026-04-29T06:15:00+0200,9686.05,MW,FR,FR,actual_onshore_wind_generation,Wind Onshore,2026-05-23T20:18:59Z
2026-05-23T20:18:24Z,2026-05-23T22:18:24+0200,ff0858ab-4740-4bdb-8b96-9805455abf18,2026-04-29T04:30:00Z,2026-04-29T06:30:00+0200,9744.29,MW,FR,FR,actual_onshore_wind_generation,Wind Onshore,2026-05-23T20:18:59Z
2026-05-23T20:18:24Z,2026-05-23T22:18:24+0200,ff0858ab-4740-4bdb-8b96-9805455abf18,2026-04-29T04:45:00Z,2026-04-29T06:45:00+0200,9725.19,MW,FR,FR,actual_onshore_wind_generation,Wind Onshore,2026-05-23T20:18:59Z
2026-05-23T20:18:24Z,2026-05-23T22:18:24+0200,ff0858ab-4740-4bdb-8b96-9805455abf18,2026-04-29T05:00:00Z,2026-04-29T07:00:00+0200,9925.7,MW,FR,FR,actual_onshore_wind_generation,Wind Onshore,2026-05-23T20:18:59Z
2026-05-23T20:18:24Z,2026-05-23T22:18:24+0200,ff0858ab-4740-4bdb-8b96-9805455abf18,2026-04-29T05:15:00Z,2026-04-29T07:15:00+0200,10006.24,MW,FR,FR,actual_onshore_wind_generation,Wind Onshore,2026-05-23T20:18:59Z
2026-05-23T20:18:24Z,2026-05-23T22:18:24+0200,ff0858ab-4740-4bdb-8b96-9805455abf18,2026-04-29T05:30:00Z,2026-04-29T07:30:00+0200,9908.17,MW,FR,FR,actual_onshore_wind_generation,Wind Onshore,2026-05-23T20:18:59Z
2026-05-23T20:18:24Z,2026-05-23T22:18:24+0200,ff0858ab-4740-4bdb-8b96-9805455abf18,2026-04-29T05:45:00Z,2026-04-29T07:45:00+0200,9865.85,MW,FR,FR,actual_onshore_wind_generation,Wind Onshore,2026-05-23T20:18:59Z
2026-05-23T20:18:24Z,2026-05-23T22:18:24+0200,ff0858ab-4740-4bdb-8b96-9805455abf18,2026-04-29T06:00:00Z,2026-04-29T08:00:00+0200,9717.01,MW,FR,FR,actual_onshore_wind_generation,Wind Onshore,2026-05-23T20:18:59Z
2026-05-23T20:18:24Z,2026-05-23T22:18:24+0200,ff0858ab-4740-4bdb-8b96-9805455abf18,2026-04-29T06:15:00Z,2026-04-29T08:15:00+0200,9357.79,MW,FR,FR,actual_onshore_wind_generation,Wind Onshore,2026-05-23T20:18:59Z
2026-05-23T20:18:24Z,2026-05-23T22:18:24+0200,ff0858ab-4740-4bdb-8b96-9805455abf18,2026-04-29T06:30:00Z,2026-04-29T08:30:00+0200,8964.83,MW,FR,FR,actual_onshore_wind_generation,Wind Onshore,2026-05-23T20:18:59Z
2026-05-23T20:18:24Z,2026-05-23T22:18:24+0200,ff0858ab-4740-4bdb-8b96-9805455abf18,2026-04-29T06:45:00Z,2026-04-29T08:45:00+0200,8888.94,MW,FR,FR,actual_onshore_wind_generation,Wind Onshore,2026-05-23T20:18:59Z
2026-05-23T20:18:24Z,2026-05-23T22:18:24+0200,ff0858ab-4740-4bdb-8b96-9805455abf18,2026-04-29T07:00:00Z,2026-04-29T09:00:00+0200,8616.3,MW,FR,FR,actual_onshore_wind_generation,Wind Onshore,2026-05-23T20:18:59Z
2026-05-23T20:18:24Z,2026-05-23T22:18:24+0200,ff0858ab-4740-4bdb-8b96-9805455abf18,2026-04-29T07:15:00Z,2026-04-29T09:15:00+0200,7930.58,MW,FR,FR,actual_onshore_wind_generation,Wind Onshore,2026-05-23T20:18:59Z
2026-05-23T20:18:24Z,2026-05-23T22:18:24+0200,ff0858ab-4740-4bdb-8b96-9805455abf18,2026-04-29T07:30:00Z,2026-04-29T09:30:00+0200,7828.13,MW,FR,FR,actual_onshore_wind_generation,Wind Onshore,2026-05-23T20:18:59Z
2026-05-23T20:18:24Z,2026-05-23T22:18:24+0200,ff0858ab-4740-4bdb-8b96-9805455abf18,2026-04-29T07:45:00Z,2026-04-29T09:45:00+0200,6776.31,MW,FR,FR,actual_onshore_wind_generation,Wind Onshore,2026-05-23T20:18:59Z
2026-05-23T20:18:24Z,2026-05-23T22:18:24+0200,ff0858ab-4740-4bdb-8b96-9805455abf18,2026-04-29T08:00:00Z,2026-04-29T10:00:00+0200,4695.04,MW,FR,FR,actual_onshore_wind_generation,Wind Onshore,2026-05-23T20:18:59Z
2026-05-23T20:18:24Z,2026-05-23T22:18:24+0200,ff0858ab-4740-4bdb-8b96-9805455abf18,2026-04-29T08:15:00Z,2026-04-29T10:15:00+0200,4311.59,MW,FR,FR,actual_onshore_wind_generation,Wind Onshore,2026-05-23T20:18:59Z
2026-05-23T20:18:24Z,2026-05-23T22:18:24+0200,ff0858ab-4740-4bdb-8b96-9805455abf18,2026-04-29T08:30:00Z,2026-04-29T10:30:00+0200,4090.56,MW,FR,FR,actual_onshore_wind_generation,Wind Onshore,2026-05-23T20:18:59Z
2026-05-23T20:18:24Z,2026-05-23T22:18:24+0200,ff0858ab-4740-4bdb-8b96-9805455abf18,2026-04-29T08:45:00Z,2026-04-29T10:45:00+0200,3737.52,MW,FR,FR,actual_onshore_wind_generation,Wind Onshore,2026-05-23T20:18:59Z
2026-05-23T20:18:24Z,2026-05-23T22:18:24+0200,ff0858ab-4740-4bdb-8b96-9805455abf18,2026-04-29T09:00:00Z,2026-04-29T11:00:00+0200,3698.52,MW,FR,FR,actual_onshore_wind_generation,Wind Onshore,2026-05-23T20:18:59Z
2026-05-23T20:18:24Z,2026-05-23T22:18:24+0200,ff0858ab-4740-4bdb-8b96-9805455abf18,2026-04-29T09:15:00Z,2026-04-29T11:15:00+0200,3468.61,MW,FR,FR,actual_onshore_wind_generation,Wind Onshore,2026-05-23T20:18:59Z
2026-05-23T20:18:24Z,2026-05-23T22:18:24+0200,ff0858ab-4740-4bdb-8b96-9805455abf18,2026-04-29T09:30:00Z,2026-04-29T11:30:00+0200,3491.07,MW,FR,FR,actual_onshore_wind_generation,Wind Onshore,2026-05-23T20:18:59Z
2026-05-23T20:18:24Z,2026-05-23T22:18:24+0200,ff0858ab-4740-4bdb-8b96-9805455abf18,2026-04-29T09:45:00Z,2026-04-29T11:45:00+0200,3559.66,MW,FR,FR,actual_onshore_wind_generation,Wind Onshore,2026-05-23T20:18:59Z
2026-05-23T20:18:24Z,2026-05-23T22:18:24+0200,ff0858ab-4740-4bdb-8b96-9805455abf18,2026-04-29T10:00:00Z,2026-04-29T12:00:00+0200,3630.5,MW,FR,FR,actual_onshore_wind_generation,Wind Onshore,2026-05-23T20:18:59Z
2026-05-23T20:18:24Z,2026-05-23T22:18:24+0200,ff0858ab-4740-4bdb-8b96-9805455abf18,2026-04-29T10:15:00Z,2026-04-29T12:15:00+0200,3752.32,MW,FR,FR,actual_onshore_wind_generation,Wind Onshore,2026-05-23T20:18:59Z
2026-05-23T20:18:24Z,2026-05-23T22:18:24+0200,ff0858ab-4740-4bdb-8b96-9805455abf18,2026-04-29T10:30:00Z,2026-04-29T12:30:00+0200,3881.06,MW,FR,FR,actual_onshore_wind_generation,Wind Onshore,2026-05-23T20:18:59Z
2026-05-23T20:18:24Z,2026-05-23T22:18:24+0200,ff0858ab-4740-4bdb-8b96-9805455abf18,2026-04-29T10:45:00Z,2026-04-29T12:45:00+0200,4073.32,MW,FR,FR,actual_onshore_wind_generation,Wind Onshore,2026-05-23T20:18:59Z
2026-05-23T20:18:24Z,2026-05-23T22:18:24+0200,ff0858ab-4740-4bdb-8b96-9805455abf18,2026-04-29T11:00:00Z,2026-04-29T13:00:00+0200,4199.41,MW,FR,FR,actual_onshore_wind_generation,Wind Onshore,2026-05-23T20:18:59Z
2026-05-23T20:18:24Z,2026-05-23T22:18:24+0200,ff0858ab-4740-4bdb-8b96-9805455abf18,2026-04-29T11:15:00Z,2026-04-29T13:15:00+0200,4354.75,MW,FR,FR,actual_onshore_wind_generation,Wind Onshore,2026-05-23T20:18:59Z
2026-05-23T20:18:24Z,2026-05-23T22:18:24+0200,ff0858ab-4740-4bdb-8b96-9805455abf18,2026-04-29T11:30:00Z,2026-04-29T13:30:00+0200,4573.12,MW,FR,FR,actual_onshore_wind_generation,Wind Onshore,2026-05-23T20:18:59Z
2026-05-23T20:18:24Z,2026-05-23T22:18:24+0200,ff0858ab-4740-4bdb-8b96-9805455abf18,2026-04-29T11:45:00Z,2026-04-29T13:45:00+0200,4649.4,MW,FR,FR,actual_onshore_wind_generation,Wind Onshore,2026-05-23T20:18:59Z
2026-05-23T20:18:24Z,2026-05-23T22:18:24+0200,ff0858ab-4740-4bdb-8b96-9805455abf18,2026-04-29T12:00:00Z,2026-04-29T14:00:00+0200,4729.97,MW,FR,FR,actual_onshore_wind_generation,Wind Onshore,2026-05-23T20:18:59Z
2026-05-23T20:18:24Z,2026-05-23T22:18:24+0200,ff0858ab-4740-4bdb-8b96-9805455abf18,2026-04-29T12:15:00Z,2026-04-29T14:15:00+0200,4852.34,MW,FR,FR,actual_onshore_wind_generation,Wind Onshore,2026-05-23T20:18:59Z
2026-05-23T20:18:24Z,2026-05-23T22:18:24+0200,ff0858ab-4740-4bdb-8b96-9805455abf18,2026-04-29T12:30:00Z,2026-04-29T14:30:00+0200,4915.2,MW,FR,FR,actual_onshore_wind_generation,Wind Onshore,2026-05-23T20:18:59Z
2026-05-23T20:18:24Z,2026-05-23T22:18:24+0200,ff0858ab-4740-4bdb-8b96-9805455abf18,2026-04-29T12:45:00Z,2026-04-29T14:45:00+0200,5035.17,MW,FR,FR,actual_onshore_wind_generation,Wind Onshore,2026-05-23T20:18:59Z
2026-05-23T20:18:24Z,2026-05-23T22:18:24+0200,ff0858ab-4740-4bdb-8b96-9805455abf18,2026-04-29T13:00:00Z,2026-04-29T15:00:00+0200,5097.27,MW,FR,FR,actual_onshore_wind_generation,Wind Onshore,2026-05-23T20:18:59Z
2026-05-23T20:18:24Z,2026-05-23T22:18:24+0200,ff0858ab-4740-4bdb-8b96-9805455abf18,2026-04-29T13:15:00Z,2026-04-29T15:15:00+0200,5051.39,MW,FR,FR,actual_onshore_wind_generation,Wind Onshore,2026-05-23T20:18:59Z
2026-05-23T20:18:24Z,2026-05-23T22:18:24+0200,ff0858ab-4740-4bdb-8b96-9805455abf18,2026-04-29T13:30:00Z,2026-04-29T15:30:00+0200,5234.67,MW,FR,FR,actual_onshore_wind_generation,Wind Onshore,2026-05-23T20:18:59Z
2026-05-23T20:18:24Z,2026-05-23T22:18:24+0200,ff0858ab-4740-4bdb-8b96-9805455abf18,2026-04-29T13:45:00Z,2026-04-29T15:45:00+0200,5247.26,MW,FR,FR,actual_onshore_wind_generation,Wind Onshore,2026-05-23T20:18:59Z
2026-05-23T20:18:24Z,2026-05-23T22:18:24+0200,ff0858ab-4740-4bdb-8b96-9805455abf18,2026-04-29T14:00:00Z,2026-04-29T16:00:00+0200,5233.81,MW,FR,FR,actual_onshore_wind_generation,Wind Onshore,2026-05-23T20:18:59Z
2026-05-23T20:18:24Z,2026-05-23T22:18:24+0200,ff0858ab-4740-4bdb-8b96-9805455abf18,2026-04-29T14:15:00Z,2026-04-29T16:15:00+0200,5241.45,MW,FR,FR,actual_onshore_wind_generation,Wind Onshore,2026-05-23T20:18:59Z
2026-05-23T20:18:24Z,2026-05-23T22:18:24+0200,ff0858ab-4740-4bdb-8b96-9805455abf18,2026-04-29T14:30:00Z,2026-04-29T16:30:00+0200,5202.52,MW,FR,FR,actual_onshore_wind_generation,Wind Onshore,2026-05-23T20:18:59Z
2026-05-23T20:18:24Z,2026-05-23T22:18:24+0200,ff0858ab-4740-4bdb-8b96-9805455abf18,2026-04-29T14:45:00Z,2026-04-29T16:45:00+0200,5409.44,MW,FR,FR,actual_onshore_wind_generation,Wind Onshore,2026-05-23T20:18:59Z
2026-05-23T20:18:24Z,2026-05-23T22:18:24+0200,ff0858ab-4740-4bdb-8b96-9805455abf18,2026-04-29T15:00:00Z,2026-04-29T17:00:00+0200,5680.4,MW,FR,FR,actual_onshore_wind_generation,Wind Onshore,2026-05-23T20:18:59Z
2026-05-23T20:18:24Z,2026-05-23T22:18:24+0200,ff0858ab-4740-4bdb-8b96-9805455abf18,2026-04-29T15:15:00Z,2026-04-29T17:15:00+0200,6359.48,MW,FR,FR,actual_onshore_wind_generation,Wind Onshore,2026-05-23T20:18:59Z
2026-05-23T20:18:24Z,2026-05-23T22:18:24+0200,ff0858ab-4740-4bdb-8b96-9805455abf18,2026-04-29T15:30:00Z,2026-04-29T17:30:00+0200,6581.23,MW,FR,FR,actual_onshore_wind_generation,Wind Onshore,2026-05-23T20:18:59Z
2026-05-23T20:18:24Z,2026-05-23T22:18:24+0200,ff0858ab-4740-4bdb-8b96-9805455abf18,2026-04-29T15:45:00Z,2026-04-29T17:45:00+0200,6681.49,MW,FR,FR,actual_onshore_wind_generation,Wind Onshore,2026-05-23T20:18:59Z
2026-05-23T20:18:24Z,2026-05-23T22:18:24+0200,ff0858ab-4740-4bdb-8b96-9805455abf18,2026-04-29T16:00:00Z,2026-04-29T18:00:00+0200,9024.74,MW,FR,FR,actual_onshore_wind_generation,Wind Onshore,2026-05-23T20:18:59Z
2026-05-23T20:18:24Z,2026-05-23T22:18:24+0200,ff0858ab-4740-4bdb-8b96-9805455abf18,2026-04-29T16:15:00Z,2026-04-29T18:15:00+0200,11484.75,MW,FR,FR,actual_onshore_wind_generation,Wind Onshore,2026-05-23T20:18:59Z
2026-05-23T20:18:24Z,2026-05-23T22:18:24+0200,ff0858ab-4740-4bdb-8b96-9805455abf18,2026-04-29T16:30:00Z,2026-04-29T18:30:00+0200,11642.23,MW,FR,FR,actual_onshore_wind_generation,Wind Onshore,2026-05-23T20:18:59Z
2026-05-23T20:18:24Z,2026-05-23T22:18:24+0200,ff0858ab-4740-4bdb-8b96-9805455abf18,2026-04-29T16:45:00Z,2026-04-29T18:45:00+0200,11570.38,MW,FR,FR,actual_onshore_wind_generation,Wind Onshore,2026-05-23T20:18:59Z
2026-05-23T20:18:24Z,2026-05-23T22:18:24+0200,ff0858ab-4740-4bdb-8b96-9805455abf18,2026-04-29T17:00:00Z,2026-04-29T19:00:00+0200,11761.81,MW,FR,FR,actual_onshore_wind_generation,Wind Onshore,2026-05-23T20:18:59Z
2026-05-23T20:18:24Z,2026-05-23T22:18:24+0200,ff0858ab-4740-4bdb-8b96-9805455abf18,2026-04-29T17:15:00Z,2026-04-29T19:15:00+0200,11846.35,MW,FR,FR,actual_onshore_wind_generation,Wind Onshore,2026-05-23T20:18:59Z
2026-05-23T20:18:24Z,2026-05-23T22:18:24+0200,ff0858ab-4740-4bdb-8b96-9805455abf18,2026-04-29T17:30:00Z,2026-04-29T19:30:00+0200,11692.64,MW,FR,FR,actual_onshore_wind_generation,Wind Onshore,2026-05-23T20:18:59Z
2026-05-23T20:18:24Z,2026-05-23T22:18:24+0200,ff0858ab-4740-4bdb-8b96-9805455abf18,2026-04-29T17:45:00Z,2026-04-29T19:45:00+0200,11604.81,MW,FR,FR,actual_onshore_wind_generation,Wind Onshore,2026-05-23T20:18:59Z
2026-05-23T20:18:24Z,2026-05-23T22:18:24+0200,ff0858ab-4740-4bdb-8b96-9805455abf18,2026-04-29T18:00:00Z,2026-04-29T20:00:00+0200,11428.72,MW,FR,FR,actual_onshore_wind_generation,Wind Onshore,2026-05-23T20:18:59Z
2026-05-23T20:18:24Z,2026-05-23T22:18:24+0200,ff0858ab-4740-4bdb-8b96-9805455abf18,2026-04-29T18:15:00Z,2026-04-29T20:15:00+0200,11376.41,MW,FR,FR,actual_onshore_wind_generation,Wind Onshore,2026-05-23T20:18:59Z
2026-05-23T20:18:24Z,2026-05-23T22:18:24+0200,ff0858ab-4740-4bdb-8b96-9805455abf18,2026-04-29T18:30:00Z,2026-04-29T20:30:00+0200,11477.0,MW,FR,FR,actual_onshore_wind_generation,Wind Onshore,2026-05-23T20:18:59Z
2026-05-23T20:18:24Z,2026-05-23T22:18:24+0200,ff0858ab-4740-4bdb-8b96-9805455abf18,2026-04-29T18:45:00Z,2026-04-29T20:45:00+0200,11622.95,MW,FR,FR,actual_onshore_wind_generation,Wind Onshore,2026-05-23T20:18:59Z
2026-05-23T20:18:24Z,2026-05-23T22:18:24+0200,ff0858ab-4740-4bdb-8b96-9805455abf18,2026-04-29T19:00:00Z,2026-04-29T21:00:00+0200,11752.84,MW,FR,FR,actual_onshore_wind_generation,Wind Onshore,2026-05-23T20:18:59Z
2026-05-23T20:18:24Z,2026-05-23T22:18:24+0200,ff0858ab-4740-4bdb-8b96-9805455abf18,2026-04-29T19:15:00Z,2026-04-29T21:15:00+0200,11932.85,MW,FR,FR,actual_onshore_wind_generation,Wind Onshore,2026-05-23T20:18:59Z
2026-05-23T20:18:24Z,2026-05-23T22:18:24+0200,ff0858ab-4740-4bdb-8b96-9805455abf18,2026-04-29T19:30:00Z,2026-04-29T21:30:00+0200,12044.5,MW,FR,FR,actual_onshore_wind_generation,Wind Onshore,2026-05-23T20:18:59Z
2026-05-23T20:18:24Z,2026-05-23T22:18:24+0200,ff0858ab-4740-4bdb-8b96-9805455abf18,2026-04-29T19:45:00Z,2026-04-29T21:45:00+0200,12271.27,MW,FR,FR,actual_onshore_wind_generation,Wind Onshore,2026-05-23T20:18:59Z
2026-05-23T20:18:24Z,2026-05-23T22:18:24+0200,ff0858ab-4740-4bdb-8b96-9805455abf18,2026-04-29T20:00:00Z,2026-04-29T22:00:00+0200,12252.52,MW,FR,FR,actual_onshore_wind_generation,Wind Onshore,2026-05-23T20:18:59Z
2026-05-23T20:18:24Z,2026-05-23T22:18:24+0200,ff0858ab-4740-4bdb-8b96-9805455abf18,2026-04-29T20:15:00Z,2026-04-29T22:15:00+0200,12275.23,MW,FR,FR,actual_onshore_wind_generation,Wind Onshore,2026-05-23T20:18:59Z
2026-05-23T20:18:24Z,2026-05-23T22:18:24+0200,ff0858ab-4740-4bdb-8b96-9805455abf18,2026-04-29T20:30:00Z,2026-04-29T22:30:00+0200,12223.07,MW,FR,FR,actual_onshore_wind_generation,Wind Onshore,2026-05-23T20:18:59Z
2026-05-23T20:18:24Z,2026-05-23T22:18:24+0200,ff0858ab-4740-4bdb-8b96-9805455abf18,2026-04-29T20:45:00Z,2026-04-29T22:45:00+0200,12253.27,MW,FR,FR,actual_onshore_wind_generation,Wind Onshore,2026-05-23T20:18:59Z
2026-05-23T20:18:24Z,2026-05-23T22:18:24+0200,ff0858ab-4740-4bdb-8b96-9805455abf18,2026-04-29T21:00:00Z,2026-04-29T23:00:00+0200,12227.79,MW,FR,FR,actual_onshore_wind_generation,Wind Onshore,2026-05-23T20:18:59Z
2026-05-23T20:18:24Z,2026-05-23T22:18:24+0200,ff0858ab-4740-4bdb-8b96-9805455abf18,2026-04-29T21:15:00Z,2026-04-29T23:15:00+0200,12068.09,MW,FR,FR,actual_onshore_wind_generation,Wind Onshore,2026-05-23T20:18:59Z
2026-05-23T20:18:24Z,2026-05-23T22:18:24+0200,ff0858ab-4740-4bdb-8b96-9805455abf18,2026-04-29T21:30:00Z,2026-04-29T23:30:00+0200,11905.24,MW,FR,FR,actual_onshore_wind_generation,Wind Onshore,2026-05-23T20:18:59Z
2026-05-23T20:18:24Z,2026-05-23T22:18:24+0200,ff0858ab-4740-4bdb-8b96-9805455abf18,2026-04-29T21:45:00Z,2026-04-29T23:45:00+0200,11932.3,MW,FR,FR,actual_onshore_wind_generation,Wind Onshore,2026-05-23T20:18:59Z
2026-05-23T20:18:24Z,2026-05-23T22:18:24+0200,ff0858ab-4740-4bdb-8b96-9805455abf18,2026-04-29T22:00:00Z,2026-04-30T00:00:00+0200,11985.34,MW,FR,FR,actual_onshore_wind_generation,Wind Onshore,2026-05-23T20:18:59Z
2026-05-23T20:18:24Z,2026-05-23T22:18:24+0200,ff0858ab-4740-4bdb-8b96-9805455abf18,2026-04-29T22:15:00Z,2026-04-30T00:15:00+0200,12102.9,MW,FR,FR,actual_onshore_wind_generation,Wind Onshore,2026-05-23T20:18:59Z
2026-05-23T20:18:24Z,2026-05-23T22:18:24+0200,ff0858ab-4740-4bdb-8b96-9805455abf18,2026-04-29T22:30:00Z,2026-04-30T00:30:00+0200,12124.04,MW,FR,FR,actual_onshore_wind_generation,Wind Onshore,2026-05-23T20:18:59Z
2026-05-23T20:18:24Z,2026-05-23T22:18:24+0200,ff0858ab-4740-4bdb-8b96-9805455abf18,2026-04-29T22:45:00Z,2026-04-30T00:45:00+0200,12145.9,MW,FR,FR,actual_onshore_wind_generation,Wind Onshore,2026-05-23T20:18:59Z
2026-05-23T20:18:24Z,2026-05-23T22:18:24+0200,ff0858ab-4740-4bdb-8b96-9805455abf18,2026-04-29T23:00:00Z,2026-04-30T01:00:00+0200,12083.31,MW,FR,FR,actual_onshore_wind_generation,Wind Onshore,2026-05-23T20:18:59Z
2026-05-23T20:18:24Z,2026-05-23T22:18:24+0200,ff0858ab-4740-4bdb-8b96-9805455abf18,2026-04-29T23:15:00Z,2026-04-30T01:15:00+0200,12103.08,MW,FR,FR,actual_onshore_wind_generation,Wind Onshore,2026-05-23T20:18:59Z
2026-05-23T20:18:24Z,2026-05-23T22:18:24+0200,ff0858ab-4740-4bdb-8b96-9805455abf18,2026-04-29T23:30:00Z,2026-04-30T01:30:00+0200,12103.58,MW,FR,FR,actual_onshore_wind_generation,Wind Onshore,2026-05-23T20:18:59Z
2026-05-23T20:18:24Z,2026-05-23T22:18:24+0200,ff0858ab-4740-4bdb-8b96-9805455abf18,2026-04-29T23:45:00Z,2026-04-30T01:45:00+0200,11994.7,MW,FR,FR,actual_onshore_wind_generation,Wind Onshore,2026-05-23T20:18:59Z
2026-05-23T20:18:24Z,2026-05-23T22:18:24+0200,ff0858ab-4740-4bdb-8b96-9805455abf18,2026-04-30T00:00:00Z,2026-04-30T02:00:00+0200,11571.23,MW,FR,FR,actual_onshore_wind_generation,Wind Onshore,2026-05-23T20:18:59Z
2026-05-23T20:18:24Z,2026-05-23T22:18:24+0200,ff0858ab-4740-4bdb-8b96-9805455abf18,2026-04-30T00:15:00Z,2026-04-30T02:15:00+0200,11731.63,MW,FR,FR,actual_onshore_wind_generation,Wind Onshore,2026-05-23T20:18:59Z
2026-05-23T20:18:24Z,2026-05-23T22:18:24+0200,ff0858ab-4740-4bdb-8b96-9805455abf18,2026-04-30T00:30:00Z,2026-04-30T02:30:00+0200,11882.84,MW,FR,FR,actual_onshore_wind_generation,Wind Onshore,2026-05-23T20:18:59Z
2026-05-23T20:18:24Z,2026-05-23T22:18:24+0200,ff0858ab-4740-4bdb-8b96-9805455abf18,2026-04-30T00:45:00Z,2026-04-30T02:45:00+0200,11762.33,MW,FR,FR,actual_onshore_wind_generation,Wind Onshore,2026-05-23T20:18:59Z
2026-05-23T20:18:24Z,2026-05-23T22:18:24+0200,ff0858ab-4740-4bdb-8b96-9805455abf18,2026-04-30T01:00:00Z,2026-04-30T03:00:00+0200,11508.79,MW,FR,FR,actual_onshore_wind_generation,Wind Onshore,2026-05-23T20:18:59Z
2026-05-23T20:18:24Z,2026-05-23T22:18:24+0200,ff0858ab-4740-4bdb-8b96-9805455abf18,2026-04-30T01:15:00Z,2026-04-30T03:15:00+0200,11306.79,MW,FR,FR,actual_onshore_wind_generation,Wind Onshore,2026-05-23T20:18:59Z
2026-05-23T20:18:24Z,2026-05-23T22:18:24+0200,ff0858ab-4740-4bdb-8b96-9805455abf18,2026-04-30T01:30:00Z,2026-04-30T03:30:00+0200,11222.75,MW,FR,FR,actual_onshore_wind_generation,Wind Onshore,2026-05-23T20:18:59Z
2026-05-23T20:18:24Z,2026-05-23T22:18:24+0200,ff0858ab-4740-4bdb-8b96-9805455abf18,2026-04-30T01:45:00Z,2026-04-30T03:45:00+0200,11193.33,MW,FR,FR,actual_onshore_wind_generation,Wind Onshore,2026-05-23T20:18:59Z
2026-05-23T20:18:24Z,2026-05-23T22:18:24+0200,ff0858ab-4740-4bdb-8b96-9805455abf18,2026-04-30T02:00:00Z,2026-04-30T04:00:00+0200,10960.71,MW,FR,FR,actual_onshore_wind_generation,Wind Onshore,2026-05-23T20:18:59Z
2026-05-23T20:18:24Z,2026-05-23T22:18:24+0200,ff0858ab-4740-4bdb-8b96-9805455abf18,2026-04-30T02:15:00Z,2026-04-30T04:15:00+0200,10834.34,MW,FR,FR,actual_onshore_wind_generation,Wind Onshore,2026-05-23T20:18:59Z
2026-05-23T20:18:24Z,2026-05-23T22:18:24+0200,ff0858ab-4740-4bdb-8b96-9805455abf18,2026-04-30T02:30:00Z,2026-04-30T04:30:00+0200,10751.27,MW,FR,FR,actual_onshore_wind_generation,Wind Onshore,2026-05-23T20:18:59Z
2026-05-23T20:18:24Z,2026-05-23T22:18:24+0200,ff0858ab-4740-4bdb-8b96-9805455abf18,2026-04-30T02:45:00Z,2026-04-30T04:45:00+0200,10368.35,MW,FR,FR,actual_onshore_wind_generation,Wind Onshore,2026-05-23T20:18:59Z
2026-05-23T20:18:24Z,2026-05-23T22:18:24+0200,ff0858ab-4740-4bdb-8b96-9805455abf18,2026-04-30T03:00:00Z,2026-04-30T05:00:00+0200,10134.03,MW,FR,FR,actual_onshore_wind_generation,Wind Onshore,2026-05-23T20:18:59Z
2026-05-23T20:18:24Z,2026-05-23T22:18:24+0200,ff0858ab-4740-4bdb-8b96-9805455abf18,2026-04-30T03:15:00Z,2026-04-30T05:15:00+0200,10157.85,MW,FR,FR,actual_onshore_wind_generation,Wind Onshore,2026-05-23T20:18:59Z
2026-05-23T20:18:24Z,2026-05-23T22:18:24+0200,ff0858ab-4740-4bdb-8b96-9805455abf18,2026-04-30T03:30:00Z,2026-04-30T05:30:00+0200,10073.75,MW,FR,FR,actual_onshore_wind_generation,Wind Onshore,2026-05-23T20:18:59Z
2026-05-23T20:18:24Z,2026-05-23T22:18:24+0200,ff0858ab-4740-4bdb-8b96-9805455abf18,2026-04-30T03:45:00Z,2026-04-30T05:45:00+0200,9984.71,MW,FR,FR,actual_onshore_wind_generation,Wind Onshore,2026-05-23T20:18:59Z
2026-05-23T20:18:24Z,2026-05-23T22:18:24+0200,ff0858ab-4740-4bdb-8b96-9805455abf18,2026-04-30T04:00:00Z,2026-04-30T06:00:00+0200,9943.39,MW,FR,FR,actual_onshore_wind_generation,Wind Onshore,2026-05-23T20:18:59Z
2026-05-23T20:18:24Z,2026-05-23T22:18:24+0200,ff0858ab-4740-4bdb-8b96-9805455abf18,2026-04-30T04:15:00Z,2026-04-30T06:15:00+0200,9856.67,MW,FR,FR,actual_onshore_wind_generation,Wind Onshore,2026-05-23T20:18:59Z
2026-05-23T20:18:24Z,2026-05-23T22:18:24+0200,ff0858ab-4740-4bdb-8b96-9805455abf18,2026-04-30T04:30:00Z,2026-04-30T06:30:00+0200,10159.77,MW,FR,FR,actual_onshore_wind_generation,Wind Onshore,2026-05-23T20:18:59Z
2026-05-23T20:18:24Z,2026-05-23T22:18:24+0200,ff0858ab-4740-4bdb-8b96-9805455abf18,2026-04-30T04:45:00Z,2026-04-30T06:45:00+0200,10245.72,MW,FR,FR,actual_onshore_wind_generation,Wind Onshore,2026-05-23T20:18:59Z
2026-05-23T20:18:24Z,2026-05-23T22:18:24+0200,ff0858ab-4740-4bdb-8b96-9805455abf18,2026-04-30T05:00:00Z,2026-04-30T07:00:00+0200,10096.61,MW,FR,FR,actual_onshore_wind_generation,Wind Onshore,2026-05-23T20:18:59Z
2026-05-23T20:18:24Z,2026-05-23T22:18:24+0200,ff0858ab-4740-4bdb-8b96-9805455abf18,2026-04-30T05:15:00Z,2026-04-30T07:15:00+0200,10059.54,MW,FR,FR,actual_onshore_wind_generation,Wind Onshore,2026-05-23T20:18:59Z
2026-05-23T20:18:24Z,2026-05-23T22:18:24+0200,ff0858ab-4740-4bdb-8b96-9805455abf18,2026-04-30T05:30:00Z,2026-04-30T07:30:00+0200,9868.66,MW,FR,FR,actual_onshore_wind_generation,Wind Onshore,2026-05-23T20:18:59Z
2026-05-23T20:18:24Z,2026-05-23T22:18:24+0200,ff0858ab-4740-4bdb-8b96-9805455abf18,2026-04-30T05:45:00Z,2026-04-30T07:45:00+0200,9582.83,MW,FR,FR,actual_onshore_wind_generation,Wind Onshore,2026-05-23T20:18:59Z
2026-05-23T20:18:24Z,2026-05-23T22:18:24+0200,ff0858ab-4740-4bdb-8b96-9805455abf18,2026-04-30T06:00:00Z,2026-04-30T08:00:00+0200,9309.64,MW,FR,FR,actual_onshore_wind_generation,Wind Onshore,2026-05-23T20:18:59Z
2026-05-23T20:18:24Z,2026-05-23T22:18:24+0200,ff0858ab-4740-4bdb-8b96-9805455abf18,2026-04-30T06:15:00Z,2026-04-30T08:15:00+0200,8929.7,MW,FR,FR,actual_onshore_wind_generation,Wind Onshore,2026-05-23T20:18:59Z
2026-05-23T20:18:24Z,2026-05-23T22:18:24+0200,ff0858ab-4740-4bdb-8b96-9805455abf18,2026-04-30T06:30:00Z,2026-04-30T08:30:00+0200,8674.19,MW,FR,FR,actual_onshore_wind_generation,Wind Onshore,2026-05-23T20:18:59Z
2026-05-23T20:18:24Z,2026-05-23T22:18:24+0200,ff0858ab-4740-4bdb-8b96-9805455abf18,2026-04-30T06:45:00Z,2026-04-30T08:45:00+0200,8500.65,MW,FR,FR,actual_onshore_wind_generation,Wind Onshore,2026-05-23T20:18:59Z
2026-05-23T20:18:24Z,2026-05-23T22:18:24+0200,ff0858ab-4740-4bdb-8b96-9805455abf18,2026-04-30T07:00:00Z,2026-04-30T09:00:00+0200,8167.85,MW,FR,FR,actual_onshore_wind_generation,Wind Onshore,2026-05-23T20:18:59Z
2026-05-23T20:18:24Z,2026-05-23T22:18:24+0200,ff0858ab-4740-4bdb-8b96-9805455abf18,2026-04-30T07:15:00Z,2026-04-30T09:15:00+0200,8241.73,MW,FR,FR,actual_onshore_wind_generation,Wind Onshore,2026-05-23T20:18:59Z
2026-05-23T20:18:24Z,2026-05-23T22:18:24+0200,ff0858ab-4740-4bdb-8b96-9805455abf18,2026-04-30T07:30:00Z,2026-04-30T09:30:00+0200,8226.38,MW,FR,FR,actual_onshore_wind_generation,Wind Onshore,2026-05-23T20:18:59Z
2026-05-23T20:18:24Z,2026-05-23T22:18:24+0200,ff0858ab-4740-4bdb-8b96-9805455abf18,2026-04-30T07:45:00Z,2026-04-30T09:45:00+0200,8117.46,MW,FR,FR,actual_onshore_wind_generation,Wind Onshore,2026-05-23T20:18:59Z
2026-05-23T20:18:24Z,2026-05-23T22:18:24+0200,ff0858ab-4740-4bdb-8b96-9805455abf18,2026-04-30T08:00:00Z,2026-04-30T10:00:00+0200,8042.59,MW,FR,FR,actual_onshore_wind_generation,Wind Onshore,2026-05-23T20:18:59Z
2026-05-23T20:18:24Z,2026-05-23T22:18:24+0200,ff0858ab-4740-4bdb-8b96-9805455abf18,2026-04-30T08:15:00Z,2026-04-30T10:15:00+0200,7895.52,MW,FR,FR,actual_onshore_wind_generation,Wind Onshore,2026-05-23T20:18:59Z
2026-05-23T20:18:24Z,2026-05-23T22:18:24+0200,ff0858ab-4740-4bdb-8b96-9805455abf18,2026-04-30T08:30:00Z,2026-04-30T10:30:00+0200,7595.46,MW,FR,FR,actual_onshore_wind_generation,Wind Onshore,2026-05-23T20:18:59Z
2026-05-23T20:18:24Z,2026-05-23T22:18:24+0200,ff0858ab-4740-4bdb-8b96-9805455abf18,2026-04-30T08:45:00Z,2026-04-30T10:45:00+0200,6500.47,MW,FR,FR,actual_onshore_wind_generation,Wind Onshore,2026-05-23T20:18:59Z
2026-05-23T20:18:24Z,2026-05-23T22:18:24+0200,ff0858ab-4740-4bdb-8b96-9805455abf18,2026-04-30T09:00:00Z,2026-04-30T11:00:00+0200,4233.04,MW,FR,FR,actual_onshore_wind_generation,Wind Onshore,2026-05-23T20:18:59Z
2026-05-23T20:18:24Z,2026-05-23T22:18:24+0200,ff0858ab-4740-4bdb-8b96-9805455abf18,2026-04-30T09:15:00Z,2026-04-30T11:15:00+0200,3753.74,MW,FR,FR,actual_onshore_wind_generation,Wind Onshore,2026-05-23T20:18:59Z
2026-05-23T20:18:24Z,2026-05-23T22:18:24+0200,ff0858ab-4740-4bdb-8b96-9805455abf18,2026-04-30T09:30:00Z,2026-04-30T11:30:00+0200,3703.29,MW,FR,FR,actual_onshore_wind_generation,Wind Onshore,2026-05-23T20:18:59Z
2026-05-23T20:18:24Z,2026-05-23T22:18:24+0200,ff0858ab-4740-4bdb-8b96-9805455abf18,2026-04-30T09:45:00Z,2026-04-30T11:45:00+0200,3718.08,MW,FR,FR,actual_onshore_wind_generation,Wind Onshore,2026-05-23T20:18:59Z
2026-05-23T20:18:24Z,2026-05-23T22:18:24+0200,ff0858ab-4740-4bdb-8b96-9805455abf18,2026-04-30T10:00:00Z,2026-04-30T12:00:00+0200,3671.29,MW,FR,FR,actual_onshore_wind_generation,Wind Onshore,2026-05-23T20:18:59Z
2026-05-23T20:18:24Z,2026-05-23T22:18:24+0200,ff0858ab-4740-4bdb-8b96-9805455abf18,2026-04-30T10:15:00Z,2026-04-30T12:15:00+0200,3664.58,MW,FR,FR,actual_onshore_wind_generation,Wind Onshore,2026-05-23T20:18:59Z
2026-05-23T20:18:24Z,2026-05-23T22:18:24+0200,ff0858ab-4740-4bdb-8b96-9805455abf18,2026-04-30T10:30:00Z,2026-04-30T12:30:00+0200,3649.12,MW,FR,FR,actual_onshore_wind_generation,Wind Onshore,2026-05-23T20:18:59Z
2026-05-23T20:18:24Z,2026-05-23T22:18:24+0200,ff0858ab-4740-4bdb-8b96-9805455abf18,2026-04-30T10:45:00Z,2026-04-30T12:45:00+0200,3610.24,MW,FR,FR,actual_onshore_wind_generation,Wind Onshore,2026-05-23T20:18:59Z
2026-05-23T20:18:24Z,2026-05-23T22:18:24+0200,ff0858ab-4740-4bdb-8b96-9805455abf18,2026-04-30T11:00:00Z,2026-04-30T13:00:00+0200,3602.37,MW,FR,FR,actual_onshore_wind_generation,Wind Onshore,2026-05-23T20:18:59Z
2026-05-23T20:18:24Z,2026-05-23T22:18:24+0200,ff0858ab-4740-4bdb-8b96-9805455abf18,2026-04-30T11:15:00Z,2026-04-30T13:15:00+0200,3589.67,MW,FR,FR,actual_onshore_wind_generation,Wind Onshore,2026-05-23T20:18:59Z
2026-05-23T20:18:24Z,2026-05-23T22:18:24+0200,ff0858ab-4740-4bdb-8b96-9805455abf18,2026-04-30T11:30:00Z,2026-04-30T13:30:00+0200,3577.45,MW,FR,FR,actual_onshore_wind_generation,Wind Onshore,2026-05-23T20:18:59Z
2026-05-23T20:18:24Z,2026-05-23T22:18:24+0200,ff0858ab-4740-4bdb-8b96-9805455abf18,2026-04-30T11:45:00Z,2026-04-30T13:45:00+0200,3539.53,MW,FR,FR,actual_onshore_wind_generation,Wind Onshore,2026-05-23T20:18:59Z
2026-05-23T20:18:24Z,2026-05-23T22:18:24+0200,ff0858ab-4740-4bdb-8b96-9805455abf18,2026-04-30T12:00:00Z,2026-04-30T14:00:00+0200,3546.08,MW,FR,FR,actual_onshore_wind_generation,Wind Onshore,2026-05-23T20:18:59Z
2026-05-23T20:18:24Z,2026-05-23T22:18:24+0200,ff0858ab-4740-4bdb-8b96-9805455abf18,2026-04-30T12:15:00Z,2026-04-30T14:15:00+0200,3565.42,MW,FR,FR,actual_onshore_wind_generation,Wind Onshore,2026-05-23T20:18:59Z
2026-05-23T20:18:24Z,2026-05-23T22:18:24+0200,ff0858ab-4740-4bdb-8b96-9805455abf18,2026-04-30T12:30:00Z,2026-04-30T14:30:00+0200,3517.48,MW,FR,FR,actual_onshore_wind_generation,Wind Onshore,2026-05-23T20:18:59Z
2026-05-23T20:18:24Z,2026-05-23T22:18:24+0200,ff0858ab-4740-4bdb-8b96-9805455abf18,2026-04-30T12:45:00Z,2026-04-30T14:45:00+0200,3517.74,MW,FR,FR,actual_onshore_wind_generation,Wind Onshore,2026-05-23T20:18:59Z
2026-05-23T20:18:24Z,2026-05-23T22:18:24+0200,ff0858ab-4740-4bdb-8b96-9805455abf18,2026-04-30T13:00:00Z,2026-04-30T15:00:00+0200,3557.91,MW,FR,FR,actual_onshore_wind_generation,Wind Onshore,2026-05-23T20:18:59Z
2026-05-23T20:18:24Z,2026-05-23T22:18:24+0200,ff0858ab-4740-4bdb-8b96-9805455abf18,2026-04-30T13:15:00Z,2026-04-30T15:15:00+0200,3578.2,MW,FR,FR,actual_onshore_wind_generation,Wind Onshore,2026-05-23T20:18:59Z
2026-05-23T20:18:24Z,2026-05-23T22:18:24+0200,ff0858ab-4740-4bdb-8b96-9805455abf18,2026-04-30T13:30:00Z,2026-04-30T15:30:00+0200,3558.88,MW,FR,FR,actual_onshore_wind_generation,Wind Onshore,2026-05-23T20:18:59Z
2026-05-23T20:18:24Z,2026-05-23T22:18:24+0200,ff0858ab-4740-4bdb-8b96-9805455abf18,2026-04-30T13:45:00Z,2026-04-30T15:45:00+0200,3545.78,MW,FR,FR,actual_onshore_wind_generation,Wind Onshore,2026-05-23T20:18:59Z
2026-05-23T20:18:24Z,2026-05-23T22:18:24+0200,ff0858ab-4740-4bdb-8b96-9805455abf18,2026-04-30T14:00:00Z,2026-04-30T16:00:00+0200,3566.69,MW,FR,FR,actual_onshore_wind_generation,Wind Onshore,2026-05-23T20:18:59Z
2026-05-23T20:18:24Z,2026-05-23T22:18:24+0200,ff0858ab-4740-4bdb-8b96-9805455abf18,2026-04-30T14:15:00Z,2026-04-30T16:15:00+0200,3520.35,MW,FR,FR,actual_onshore_wind_generation,Wind Onshore,2026-05-23T20:18:59Z
2026-05-23T20:18:24Z,2026-05-23T22:18:24+0200,ff0858ab-4740-4bdb-8b96-9805455abf18,2026-04-30T14:30:00Z,2026-04-30T16:30:00+0200,3878.12,MW,FR,FR,actual_onshore_wind_generation,Wind Onshore,2026-05-23T20:18:59Z
2026-05-23T20:18:24Z,2026-05-23T22:18:24+0200,ff0858ab-4740-4bdb-8b96-9805455abf18,2026-04-30T14:45:00Z,2026-04-30T16:45:00+0200,4137.3,MW,FR,FR,actual_onshore_wind_generation,Wind Onshore,2026-05-23T20:18:59Z
2026-05-23T20:18:24Z,2026-05-23T22:18:24+0200,ff0858ab-4740-4bdb-8b96-9805455abf18,2026-04-30T15:00:00Z,2026-04-30T17:00:00+0200,5858.87,MW,FR,FR,actual_onshore_wind_generation,Wind Onshore,2026-05-23T20:18:59Z
2026-05-23T20:18:24Z,2026-05-23T22:18:24+0200,ff0858ab-4740-4bdb-8b96-9805455abf18,2026-04-30T15:15:00Z,2026-04-30T17:15:00+0200,7760.72,MW,FR,FR,actual_onshore_wind_generation,Wind Onshore,2026-05-23T20:18:59Z
2026-05-23T20:18:24Z,2026-05-23T22:18:24+0200,ff0858ab-4740-4bdb-8b96-9805455abf18,2026-04-30T15:30:00Z,2026-04-30T17:30:00+0200,7977.63,MW,FR,FR,actual_onshore_wind_generation,Wind Onshore,2026-05-23T20:18:59Z
2026-05-23T20:18:24Z,2026-05-23T22:18:24+0200,ff0858ab-4740-4bdb-8b96-9805455abf18,2026-04-30T15:45:00Z,2026-04-30T17:45:00+0200,7960.86,MW,FR,FR,actual_onshore_wind_generation,Wind Onshore,2026-05-23T20:18:59Z
2026-05-23T20:18:24Z,2026-05-23T22:18:24+0200,ff0858ab-4740-4bdb-8b96-9805455abf18,2026-04-30T16:00:00Z,2026-04-30T18:00:00+0200,7935.81,MW,FR,FR,actual_onshore_wind_generation,Wind Onshore,2026-05-23T20:18:59Z
2026-05-23T20:18:24Z,2026-05-23T22:18:24+0200,ff0858ab-4740-4bdb-8b96-9805455abf18,2026-04-30T16:15:00Z,2026-04-30T18:15:00+0200,7766.23,MW,FR,FR,actual_onshore_wind_generation,Wind Onshore,2026-05-23T20:18:59Z
2026-05-23T20:18:24Z,2026-05-23T22:18:24+0200,ff0858ab-4740-4bdb-8b96-9805455abf18,2026-04-30T16:30:00Z,2026-04-30T18:30:00+0200,7664.73,MW,FR,FR,actual_onshore_wind_generation,Wind Onshore,2026-05-23T20:18:59Z
2026-05-23T20:18:24Z,2026-05-23T22:18:24+0200,ff0858ab-4740-4bdb-8b96-9805455abf18,2026-04-30T16:45:00Z,2026-04-30T18:45:00+0200,7513.09,MW,FR,FR,actual_onshore_wind_generation,Wind Onshore,2026-05-23T20:18:59Z
2026-05-23T20:18:24Z,2026-05-23T22:18:24+0200,ff0858ab-4740-4bdb-8b96-9805455abf18,2026-04-30T17:00:00Z,2026-04-30T19:00:00+0200,7399.57,MW,FR,FR,actual_onshore_wind_generation,Wind Onshore,2026-05-23T20:18:59Z
2026-05-23T20:18:24Z,2026-05-23T22:18:24+0200,ff0858ab-4740-4bdb-8b96-9805455abf18,2026-04-30T17:15:00Z,2026-04-30T19:15:00+0200,7202.34,MW,FR,FR,actual_onshore_wind_generation,Wind Onshore,2026-05-23T20:18:59Z
2026-05-23T20:18:24Z,2026-05-23T22:18:24+0200,ff0858ab-4740-4bdb-8b96-9805455abf18,2026-04-30T17:30:00Z,2026-04-30T19:30:00+0200,6997.94,MW,FR,FR,actual_onshore_wind_generation,Wind Onshore,2026-05-23T20:18:59Z
2026-05-23T20:18:24Z,2026-05-23T22:18:24+0200,ff0858ab-4740-4bdb-8b96-9805455abf18,2026-04-30T17:45:00Z,2026-04-30T19:45:00+0200,6710.79,MW,FR,FR,actual_onshore_wind_generation,Wind Onshore,2026-05-23T20:18:59Z
2026-05-23T20:18:24Z,2026-05-23T22:18:24+0200,ff0858ab-4740-4bdb-8b96-9805455abf18,2026-04-30T18:00:00Z,2026-04-30T20:00:00+0200,6721.65,MW,FR,FR,actual_onshore_wind_generation,Wind Onshore,2026-05-23T20:18:59Z
2026-05-23T20:18:24Z,2026-05-23T22:18:24+0200,ff0858ab-4740-4bdb-8b96-9805455abf18,2026-04-30T18:15:00Z,2026-04-30T20:15:00+0200,6703.37,MW,FR,FR,actual_onshore_wind_generation,Wind Onshore,2026-05-23T20:18:59Z
2026-05-23T20:18:24Z,2026-05-23T22:18:24+0200,ff0858ab-4740-4bdb-8b96-9805455abf18,2026-04-30T18:30:00Z,2026-04-30T20:30:00+0200,6864.34,MW,FR,FR,actual_onshore_wind_generation,Wind Onshore,2026-05-23T20:18:59Z
2026-05-23T20:18:24Z,2026-05-23T22:18:24+0200,ff0858ab-4740-4bdb-8b96-9805455abf18,2026-04-30T18:45:00Z,2026-04-30T20:45:00+0200,7305.23,MW,FR,FR,actual_onshore_wind_generation,Wind Onshore,2026-05-23T20:18:59Z
2026-05-23T20:18:24Z,2026-05-23T22:18:24+0200,ff0858ab-4740-4bdb-8b96-9805455abf18,2026-04-30T19:00:00Z,2026-04-30T21:00:00+0200,7614.26,MW,FR,FR,actual_onshore_wind_generation,Wind Onshore,2026-05-23T20:18:59Z
2026-05-23T20:18:24Z,2026-05-23T22:18:24+0200,ff0858ab-4740-4bdb-8b96-9805455abf18,2026-04-30T19:15:00Z,2026-04-30T21:15:00+0200,7843.97,MW,FR,FR,actual_onshore_wind_generation,Wind Onshore,2026-05-23T20:18:59Z
2026-05-23T20:18:24Z,2026-05-23T22:18:24+0200,ff0858ab-4740-4bdb-8b96-9805455abf18,2026-04-30T19:30:00Z,2026-04-30T21:30:00+0200,8045.84,MW,FR,FR,actual_onshore_wind_generation,Wind Onshore,2026-05-23T20:18:59Z
2026-05-23T20:18:24Z,2026-05-23T22:18:24+0200,ff0858ab-4740-4bdb-8b96-9805455abf18,2026-04-30T19:45:00Z,2026-04-30T21:45:00+0200,8294.06,MW,FR,FR,actual_onshore_wind_generation,Wind Onshore,2026-05-23T20:18:59Z
2026-05-23T20:18:24Z,2026-05-23T22:18:24+0200,ff0858ab-4740-4bdb-8b96-9805455abf18,2026-04-30T20:00:00Z,2026-04-30T22:00:00+0200,8380.38,MW,FR,FR,actual_onshore_wind_generation,Wind Onshore,2026-05-23T20:18:59Z
2026-05-23T20:18:24Z,2026-05-23T22:18:24+0200,ff0858ab-4740-4bdb-8b96-9805455abf18,2026-04-30T20:15:00Z,2026-04-30T22:15:00+0200,8444.01,MW,FR,FR,actual_onshore_wind_generation,Wind Onshore,2026-05-23T20:18:59Z
2026-05-23T20:18:24Z,2026-05-23T22:18:24+0200,ff0858ab-4740-4bdb-8b96-9805455abf18,2026-04-30T20:30:00Z,2026-04-30T22:30:00+0200,8569.14,MW,FR,FR,actual_onshore_wind_generation,Wind Onshore,2026-05-23T20:18:59Z
2026-05-23T20:18:24Z,2026-05-23T22:18:24+0200,ff0858ab-4740-4bdb-8b96-9805455abf18,2026-04-30T20:45:00Z,2026-04-30T22:45:00+0200,8582.5,MW,FR,FR,actual_onshore_wind_generation,Wind Onshore,2026-05-23T20:18:59Z
2026-05-23T20:18:24Z,2026-05-23T22:18:24+0200,ff0858ab-4740-4bdb-8b96-9805455abf18,2026-04-30T21:00:00Z,2026-04-30T23:00:00+0200,8595.98,MW,FR,FR,actual_onshore_wind_generation,Wind Onshore,2026-05-23T20:18:59Z
2026-05-23T20:18:24Z,2026-05-23T22:18:24+0200,ff0858ab-4740-4bdb-8b96-9805455abf18,2026-04-30T21:15:00Z,2026-04-30T23:15:00+0200,8561.68,MW,FR,FR,actual_onshore_wind_generation,Wind Onshore,2026-05-23T20:18:59Z
2026-05-23T20:18:24Z,2026-05-23T22:18:24+0200,ff0858ab-4740-4bdb-8b96-9805455abf18,2026-04-30T21:30:00Z,2026-04-30T23:30:00+0200,8466.07,MW,FR,FR,actual_onshore_wind_generation,Wind Onshore,2026-05-23T20:18:59Z
2026-05-23T20:18:24Z,2026-05-23T22:18:24+0200,ff0858ab-4740-4bdb-8b96-9805455abf18,2026-04-30T21:45:00Z,2026-04-30T23:45:00+0200,8335.99,MW,FR,FR,actual_onshore_wind_generation,Wind Onshore,2026-05-23T20:18:59Z
2026-05-23T20:18:24Z,2026-05-23T22:18:24+0200,ff0858ab-4740-4bdb-8b96-9805455abf18,2026-04-30T22:00:00Z,2026-05-01T00:00:00+0200,8250.5,MW,FR,FR,actual_onshore_wind_generation,Wind Onshore,2026-05-23T20:18:59Z
2026-05-23T20:18:24Z,2026-05-23T22:18:24+0200,ff0858ab-4740-4bdb-8b96-9805455abf18,2026-04-30T22:15:00Z,2026-05-01T00:15:00+0200,8114.41,MW,FR,FR,actual_onshore_wind_generation,Wind Onshore,2026-05-23T20:18:59Z
2026-05-23T20:18:24Z,2026-05-23T22:18:24+0200,ff0858ab-4740-4bdb-8b96-9805455abf18,2026-04-30T22:30:00Z,2026-05-01T00:30:00+0200,7858.07,MW,FR,FR,actual_onshore_wind_generation,Wind Onshore,2026-05-23T20:18:59Z
2026-05-23T20:18:24Z,2026-05-23T22:18:24+0200,ff0858ab-4740-4bdb-8b96-9805455abf18,2026-04-30T22:45:00Z,2026-05-01T00:45:00+0200,7621.83,MW,FR,FR,actual_onshore_wind_generation,Wind Onshore,2026-05-23T20:18:59Z
2026-05-23T20:18:24Z,2026-05-23T22:18:24+0200,ff0858ab-4740-4bdb-8b96-9805455abf18,2026-04-30T23:00:00Z,2026-05-01T01:00:00+0200,7411.91,MW,FR,FR,actual_onshore_wind_generation,Wind Onshore,2026-05-23T20:18:59Z
2026-05-23T20:18:24Z,2026-05-23T22:18:24+0200,ff0858ab-4740-4bdb-8b96-9805455abf18,2026-04-30T23:15:00Z,2026-05-01T01:15:00+0200,7205.61,MW,FR,FR,actual_onshore_wind_generation,Wind Onshore,2026-05-23T20:18:59Z
2026-05-23T20:18:24Z,2026-05-23T22:18:24+0200,ff0858ab-4740-4bdb-8b96-9805455abf18,2026-04-30T23:30:00Z,2026-05-01T01:30:00+0200,7055.64,MW,FR,FR,actual_onshore_wind_generation,Wind Onshore,2026-05-23T20:18:59Z
2026-05-23T20:18:24Z,2026-05-23T22:18:24+0200,ff0858ab-4740-4bdb-8b96-9805455abf18,2026-04-30T23:45:00Z,2026-05-01T01:45:00+0200,6964.2,MW,FR,FR,actual_onshore_wind_generation,Wind Onshore,2026-05-23T20:18:59Z
2026-05-23T20:18:24Z,2026-05-23T22:18:24+0200,ff0858ab-4740-4bdb-8b96-9805455abf18,2026-05-01T00:00:00Z,2026-05-01T02:00:00+0200,6868.48,MW,FR,FR,actual_onshore_wind_generation,Wind Onshore,2026-05-23T20:18:59Z
2026-05-23T20:18:24Z,2026-05-23T22:18:24+0200,ff0858ab-4740-4bdb-8b96-9805455abf18,2026-05-01T00:15:00Z,2026-05-01T02:15:00+0200,6753.63,MW,FR,FR,actual_onshore_wind_generation,Wind Onshore,2026-05-23T20:18:59Z
2026-05-23T20:18:24Z,2026-05-23T22:18:24+0200,ff0858ab-4740-4bdb-8b96-9805455abf18,2026-05-01T00:30:00Z,2026-05-01T02:30:00+0200,6731.11,MW,FR,FR,actual_onshore_wind_generation,Wind Onshore,2026-05-23T20:18:59Z
2026-05-23T20:18:24Z,2026-05-23T22:18:24+0200,ff0858ab-4740-4bdb-8b96-9805455abf18,2026-05-01T00:45:00Z,2026-05-01T02:45:00+0200,6676.36,MW,FR,FR,actual_onshore_wind_generation,Wind Onshore,2026-05-23T20:18:59Z
2026-05-23T20:18:24Z,2026-05-23T22:18:24+0200,ff0858ab-4740-4bdb-8b96-9805455abf18,2026-05-01T01:00:00Z,2026-05-01T03:00:00+0200,6615.47,MW,FR,FR,actual_onshore_wind_generation,Wind Onshore,2026-05-23T20:18:59Z
2026-05-23T20:18:24Z,2026-05-23T22:18:24+0200,ff0858ab-4740-4bdb-8b96-9805455abf18,2026-05-01T01:15:00Z,2026-05-01T03:15:00+0200,6544.21,MW,FR,FR,actual_onshore_wind_generation,Wind Onshore,2026-05-23T20:18:59Z
2026-05-23T20:18:24Z,2026-05-23T22:18:24+0200,ff0858ab-4740-4bdb-8b96-9805455abf18,2026-05-01T01:30:00Z,2026-05-01T03:30:00+0200,6443.6,MW,FR,FR,actual_onshore_wind_generation,Wind Onshore,2026-05-23T20:18:59Z
2026-05-23T20:18:24Z,2026-05-23T22:18:24+0200,ff0858ab-4740-4bdb-8b96-9805455abf18,2026-05-01T01:45:00Z,2026-05-01T03:45:00+0200,6433.23,MW,FR,FR,actual_onshore_wind_generation,Wind Onshore,2026-05-23T20:18:59Z
2026-05-23T20:18:24Z,2026-05-23T22:18:24+0200,ff0858ab-4740-4bdb-8b96-9805455abf18,2026-05-01T02:00:00Z,2026-05-01T04:00:00+0200,6469.62,MW,FR,FR,actual_onshore_wind_generation,Wind Onshore,2026-05-23T20:18:59Z
2026-05-23T20:18:24Z,2026-05-23T22:18:24+0200,ff0858ab-4740-4bdb-8b96-9805455abf18,2026-05-01T02:15:00Z,2026-05-01T04:15:00+0200,6479.06,MW,FR,FR,actual_onshore_wind_generation,Wind Onshore,2026-05-23T20:18:59Z
2026-05-23T20:18:24Z,2026-05-23T22:18:24+0200,ff0858ab-4740-4bdb-8b96-9805455abf18,2026-05-01T02:30:00Z,2026-05-01T04:30:00+0200,6424.8,MW,FR,FR,actual_onshore_wind_generation,Wind Onshore,2026-05-23T20:18:59Z
2026-05-23T20:18:24Z,2026-05-23T22:18:24+0200,ff0858ab-4740-4bdb-8b96-9805455abf18,2026-05-01T02:45:00Z,2026-05-01T04:45:00+0200,6381.66,MW,FR,FR,actual_onshore_wind_generation,Wind Onshore,2026-05-23T20:18:59Z
2026-05-23T20:18:24Z,2026-05-23T22:18:24+0200,ff0858ab-4740-4bdb-8b96-9805455abf18,2026-05-01T03:00:00Z,2026-05-01T05:00:00+0200,6317.63,MW,FR,FR,actual_onshore_wind_generation,Wind Onshore,2026-05-23T20:18:59Z
2026-05-23T20:18:24Z,2026-05-23T22:18:24+0200,ff0858ab-4740-4bdb-8b96-9805455abf18,2026-05-01T03:15:00Z,2026-05-01T05:15:00+0200,6269.42,MW,FR,FR,actual_onshore_wind_generation,Wind Onshore,2026-05-23T20:18:59Z
2026-05-23T20:18:24Z,2026-05-23T22:18:24+0200,ff0858ab-4740-4bdb-8b96-9805455abf18,2026-05-01T03:30:00Z,2026-05-01T05:30:00+0200,6263.24,MW,FR,FR,actual_onshore_wind_generation,Wind Onshore,2026-05-23T20:18:59Z
2026-05-23T20:18:24Z,2026-05-23T22:18:24+0200,ff0858ab-4740-4bdb-8b96-9805455abf18,2026-05-01T03:45:00Z,2026-05-01T05:45:00+0200,6178.67,MW,FR,FR,actual_onshore_wind_generation,Wind Onshore,2026-05-23T20:18:59Z
2026-05-23T20:18:24Z,2026-05-23T22:18:24+0200,ff0858ab-4740-4bdb-8b96-9805455abf18,2026-05-01T04:00:00Z,2026-05-01T06:00:00+0200,6116.08,MW,FR,FR,actual_onshore_wind_generation,Wind Onshore,2026-05-23T20:18:59Z
2026-05-23T20:18:24Z,2026-05-23T22:18:24+0200,ff0858ab-4740-4bdb-8b96-9805455abf18,2026-05-01T04:15:00Z,2026-05-01T06:15:00+0200,6027.19,MW,FR,FR,actual_onshore_wind_generation,Wind Onshore,2026-05-23T20:18:59Z
2026-05-23T20:18:24Z,2026-05-23T22:18:24+0200,ff0858ab-4740-4bdb-8b96-9805455abf18,2026-05-01T04:30:00Z,2026-05-01T06:30:00+0200,5950.89,MW,FR,FR,actual_onshore_wind_generation,Wind Onshore,2026-05-23T20:18:59Z
2026-05-23T20:18:24Z,2026-05-23T22:18:24+0200,ff0858ab-4740-4bdb-8b96-9805455abf18,2026-05-01T04:45:00Z,2026-05-01T06:45:00+0200,5887.57,MW,FR,FR,actual_onshore_wind_generation,Wind Onshore,2026-05-23T20:18:59Z
2026-05-23T20:18:24Z,2026-05-23T22:18:24+0200,ff0858ab-4740-4bdb-8b96-9805455abf18,2026-05-01T05:00:00Z,2026-05-01T07:00:00+0200,5861.04,MW,FR,FR,actual_onshore_wind_generation,Wind Onshore,2026-05-23T20:18:59Z
2026-05-23T20:18:24Z,2026-05-23T22:18:24+0200,ff0858ab-4740-4bdb-8b96-9805455abf18,2026-05-01T05:15:00Z,2026-05-01T07:15:00+0200,5741.09,MW,FR,FR,actual_onshore_wind_generation,Wind Onshore,2026-05-23T20:18:59Z
2026-05-23T20:18:24Z,2026-05-23T22:18:24+0200,ff0858ab-4740-4bdb-8b96-9805455abf18,2026-05-01T05:30:00Z,2026-05-01T07:30:00+0200,5594.55,MW,FR,FR,actual_onshore_wind_generation,Wind Onshore,2026-05-23T20:18:59Z
2026-05-23T20:18:24Z,2026-05-23T22:18:24+0200,ff0858ab-4740-4bdb-8b96-9805455abf18,2026-05-01T05:45:00Z,2026-05-01T07:45:00+0200,5371.89,MW,FR,FR,actual_onshore_wind_generation,Wind Onshore,2026-05-23T20:18:59Z
2026-05-23T20:18:24Z,2026-05-23T22:18:24+0200,ff0858ab-4740-4bdb-8b96-9805455abf18,2026-05-01T06:00:00Z,2026-05-01T08:00:00+0200,5032.3,MW,FR,FR,actual_onshore_wind_generation,Wind Onshore,2026-05-23T20:18:59Z
2026-05-23T20:18:24Z,2026-05-23T22:18:24+0200,ff0858ab-4740-4bdb-8b96-9805455abf18,2026-05-01T06:15:00Z,2026-05-01T08:15:00+0200,4672.94,MW,FR,FR,actual_onshore_wind_generation,Wind Onshore,2026-05-23T20:18:59Z
2026-05-23T20:18:24Z,2026-05-23T22:18:24+0200,ff0858ab-4740-4bdb-8b96-9805455abf18,2026-05-01T06:30:00Z,2026-05-01T08:30:00+0200,4303.5,MW,FR,FR,actual_onshore_wind_generation,Wind Onshore,2026-05-23T20:18:59Z
2026-05-23T20:18:24Z,2026-05-23T22:18:24+0200,ff0858ab-4740-4bdb-8b96-9805455abf18,2026-05-01T06:45:00Z,2026-05-01T08:45:00+0200,3907.39,MW,FR,FR,actual_onshore_wind_generation,Wind Onshore,2026-05-23T20:18:59Z
2026-05-23T20:18:24Z,2026-05-23T22:18:24+0200,ff0858ab-4740-4bdb-8b96-9805455abf18,2026-05-01T07:00:00Z,2026-05-01T09:00:00+0200,3522.26,MW,FR,FR,actual_onshore_wind_generation,Wind Onshore,2026-05-23T20:18:59Z
2026-05-23T20:18:24Z,2026-05-23T22:18:24+0200,ff0858ab-4740-4bdb-8b96-9805455abf18,2026-05-01T07:15:00Z,2026-05-01T09:15:00+0200,3028.85,MW,FR,FR,actual_onshore_wind_generation,Wind Onshore,2026-05-23T20:18:59Z
2026-05-23T20:18:24Z,2026-05-23T22:18:24+0200,ff0858ab-4740-4bdb-8b96-9805455abf18,2026-05-01T07:30:00Z,2026-05-01T09:30:00+0200,1914.14,MW,FR,FR,actual_onshore_wind_generation,Wind Onshore,2026-05-23T20:18:59Z
2026-05-23T20:18:24Z,2026-05-23T22:18:24+0200,ff0858ab-4740-4bdb-8b96-9805455abf18,2026-05-01T07:45:00Z,2026-05-01T09:45:00+0200,1415.29,MW,FR,FR,actual_onshore_wind_generation,Wind Onshore,2026-05-23T20:18:59Z
2026-05-23T20:18:24Z,2026-05-23T22:18:24+0200,ff0858ab-4740-4bdb-8b96-9805455abf18,2026-05-01T08:00:00Z,2026-05-01T10:00:00+0200,1254.85,MW,FR,FR,actual_onshore_wind_generation,Wind Onshore,2026-05-23T20:18:59Z
2026-05-23T20:18:24Z,2026-05-23T22:18:24+0200,ff0858ab-4740-4bdb-8b96-9805455abf18,2026-05-01T08:15:00Z,2026-05-01T10:15:00+0200,1151.85,MW,FR,FR,actual_onshore_wind_generation,Wind Onshore,2026-05-23T20:18:59Z
2026-05-23T20:18:24Z,2026-05-23T22:18:24+0200,ff0858ab-4740-4bdb-8b96-9805455abf18,2026-05-01T08:30:00Z,2026-05-01T10:30:00+0200,1076.6,MW,FR,FR,actual_onshore_wind_generation,Wind Onshore,2026-05-23T20:18:59Z
2026-05-23T20:18:24Z,2026-05-23T22:18:24+0200,ff0858ab-4740-4bdb-8b96-9805455abf18,2026-05-01T08:45:00Z,2026-05-01T10:45:00+0200,1024.82,MW,FR,FR,actual_onshore_wind_generation,Wind Onshore,2026-05-23T20:18:59Z
2026-05-23T20:18:24Z,2026-05-23T22:18:24+0200,ff0858ab-4740-4bdb-8b96-9805455abf18,2026-05-01T09:00:00Z,2026-05-01T11:00:00+0200,939.38,MW,FR,FR,actual_onshore_wind_generation,Wind Onshore,2026-05-23T20:18:59Z
2026-05-23T20:18:24Z,2026-05-23T22:18:24+0200,ff0858ab-4740-4bdb-8b96-9805455abf18,2026-05-01T09:15:00Z,2026-05-01T11:15:00+0200,900.37,MW,FR,FR,actual_onshore_wind_generation,Wind Onshore,2026-05-23T20:18:59Z
2026-05-23T20:18:24Z,2026-05-23T22:18:24+0200,ff0858ab-4740-4bdb-8b96-9805455abf18,2026-05-01T09:30:00Z,2026-05-01T11:30:00+0200,870.82,MW,FR,FR,actual_onshore_wind_generation,Wind Onshore,2026-05-23T20:18:59Z
2026-05-23T20:18:24Z,2026-05-23T22:18:24+0200,ff0858ab-4740-4bdb-8b96-9805455abf18,2026-05-01T09:45:00Z,2026-05-01T11:45:00+0200,859.03,MW,FR,FR,actual_onshore_wind_generation,Wind Onshore,2026-05-23T20:18:59Z
2026-05-23T20:18:24Z,2026-05-23T22:18:24+0200,ff0858ab-4740-4bdb-8b96-9805455abf18,2026-05-01T10:00:00Z,2026-05-01T12:00:00+0200,844.36,MW,FR,FR,actual_onshore_wind_generation,Wind Onshore,2026-05-23T20:18:59Z
2026-05-23T20:18:24Z,2026-05-23T22:18:24+0200,ff0858ab-4740-4bdb-8b96-9805455abf18,2026-05-01T10:15:00Z,2026-05-01T12:15:00+0200,842.29,MW,FR,FR,actual_onshore_wind_generation,Wind Onshore,2026-05-23T20:18:59Z
2026-05-23T20:18:24Z,2026-05-23T22:18:24+0200,ff0858ab-4740-4bdb-8b96-9805455abf18,2026-05-01T10:30:00Z,2026-05-01T12:30:00+0200,838.16,MW,FR,FR,actual_onshore_wind_generation,Wind Onshore,2026-05-23T20:18:59Z
2026-05-23T20:18:24Z,2026-05-23T22:18:24+0200,ff0858ab-4740-4bdb-8b96-9805455abf18,2026-05-01T10:45:00Z,2026-05-01T12:45:00+0200,829.42,MW,FR,FR,actual_onshore_wind_generation,Wind Onshore,2026-05-23T20:18:59Z
2026-05-23T20:18:24Z,2026-05-23T22:18:24+0200,ff0858ab-4740-4bdb-8b96-9805455abf18,2026-05-01T11:00:00Z,2026-05-01T13:00:00+0200,821.84,MW,FR,FR,actual_onshore_wind_generation,Wind Onshore,2026-05-23T20:18:59Z
2026-05-23T20:18:24Z,2026-05-23T22:18:24+0200,ff0858ab-4740-4bdb-8b96-9805455abf18,2026-05-01T11:15:00Z,2026-05-01T13:15:00+0200,823.86,MW,FR,FR,actual_onshore_wind_generation,Wind Onshore,2026-05-23T20:18:59Z
2026-05-23T20:18:24Z,2026-05-23T22:18:24+0200,ff0858ab-4740-4bdb-8b96-9805455abf18,2026-05-01T11:30:00Z,2026-05-01T13:30:00+0200,843.81,MW,FR,FR,actual_onshore_wind_generation,Wind Onshore,2026-05-23T20:18:59Z
2026-05-23T20:18:24Z,2026-05-23T22:18:24+0200,ff0858ab-4740-4bdb-8b96-9805455abf18,2026-05-01T11:45:00Z,2026-05-01T13:45:00+0200,837.48,MW,FR,FR,actual_onshore_wind_generation,Wind Onshore,2026-05-23T20:18:59Z
2026-05-23T20:18:24Z,2026-05-23T22:18:24+0200,ff0858ab-4740-4bdb-8b96-9805455abf18,2026-05-01T12:00:00Z,2026-05-01T14:00:00+0200,836.33,MW,FR,FR,actual_onshore_wind_generation,Wind Onshore,2026-05-23T20:18:59Z
2026-05-23T20:18:24Z,2026-05-23T22:18:24+0200,ff0858ab-4740-4bdb-8b96-9805455abf18,2026-05-01T12:15:00Z,2026-05-01T14:15:00+0200,847.89,MW,FR,FR,actual_onshore_wind_generation,Wind Onshore,2026-05-23T20:18:59Z
2026-05-23T20:18:24Z,2026-05-23T22:18:24+0200,ff0858ab-4740-4bdb-8b96-9805455abf18,2026-05-01T12:30:00Z,2026-05-01T14:30:00+0200,826.07,MW,FR,FR,actual_onshore_wind_generation,Wind Onshore,2026-05-23T20:18:59Z
2026-05-23T20:18:24Z,2026-05-23T22:18:24+0200,ff0858ab-4740-4bdb-8b96-9805455abf18,2026-05-01T12:45:00Z,2026-05-01T14:45:00+0200,820.22,MW,FR,FR,actual_onshore_wind_generation,Wind Onshore,2026-05-23T20:18:59Z
2026-05-23T20:18:24Z,2026-05-23T22:18:24+0200,ff0858ab-4740-4bdb-8b96-9805455abf18,2026-05-01T13:00:00Z,2026-05-01T15:00:00+0200,827.16,MW,FR,FR,actual_onshore_wind_generation,Wind Onshore,2026-05-23T20:18:59Z
2026-05-23T20:18:24Z,2026-05-23T22:18:24+0200,ff0858ab-4740-4bdb-8b96-9805455abf18,2026-05-01T13:15:00Z,2026-05-01T15:15:00+0200,826.22,MW,FR,FR,actual_onshore_wind_generation,Wind Onshore,2026-05-23T20:18:59Z
2026-05-23T20:18:24Z,2026-05-23T22:18:24+0200,ff0858ab-4740-4bdb-8b96-9805455abf18,2026-05-01T13:30:00Z,2026-05-01T15:30:00+0200,794.52,MW,FR,FR,actual_onshore_wind_generation,Wind Onshore,2026-05-23T20:18:59Z
2026-05-23T20:18:24Z,2026-05-23T22:18:24+0200,ff0858ab-4740-4bdb-8b96-9805455abf18,2026-05-01T13:45:00Z,2026-05-01T15:45:00+0200,792.79,MW,FR,FR,actual_onshore_wind_generation,Wind Onshore,2026-05-23T20:18:59Z
2026-05-23T20:18:24Z,2026-05-23T22:18:24+0200,ff0858ab-4740-4bdb-8b96-9805455abf18,2026-05-01T14:00:00Z,2026-05-01T16:00:00+0200,822.06,MW,FR,FR,actual_onshore_wind_generation,Wind Onshore,2026-05-23T20:18:59Z
2026-05-23T20:18:24Z,2026-05-23T22:18:24+0200,ff0858ab-4740-4bdb-8b96-9805455abf18,2026-05-01T14:15:00Z,2026-05-01T16:15:00+0200,810.3,MW,FR,FR,actual_onshore_wind_generation,Wind Onshore,2026-05-23T20:18:59Z
2026-05-23T20:18:24Z,2026-05-23T22:18:24+0200,ff0858ab-4740-4bdb-8b96-9805455abf18,2026-05-01T14:30:00Z,2026-05-01T16:30:00+0200,789.74,MW,FR,FR,actual_onshore_wind_generation,Wind Onshore,2026-05-23T20:18:59Z
2026-05-23T20:18:24Z,2026-05-23T22:18:24+0200,ff0858ab-4740-4bdb-8b96-9805455abf18,2026-05-01T14:45:00Z,2026-05-01T16:45:00+0200,758.64,MW,FR,FR,actual_onshore_wind_generation,Wind Onshore,2026-05-23T20:18:59Z
2026-05-23T20:18:24Z,2026-05-23T22:18:24+0200,ff0858ab-4740-4bdb-8b96-9805455abf18,2026-05-01T15:00:00Z,2026-05-01T17:00:00+0200,745.86,MW,FR,FR,actual_onshore_wind_generation,Wind Onshore,2026-05-23T20:18:59Z
2026-05-23T20:18:24Z,2026-05-23T22:18:24+0200,ff0858ab-4740-4bdb-8b96-9805455abf18,2026-05-01T15:15:00Z,2026-05-01T17:15:00+0200,843.34,MW,FR,FR,actual_onshore_wind_generation,Wind Onshore,2026-05-23T20:18:59Z
2026-05-23T20:18:24Z,2026-05-23T22:18:24+0200,ff0858ab-4740-4bdb-8b96-9805455abf18,2026-05-01T15:30:00Z,2026-05-01T17:30:00+0200,1299.59,MW,FR,FR,actual_onshore_wind_generation,Wind Onshore,2026-05-23T20:18:59Z
2026-05-23T20:18:24Z,2026-05-23T22:18:24+0200,ff0858ab-4740-4bdb-8b96-9805455abf18,2026-05-01T15:45:00Z,2026-05-01T17:45:00+0200,1586.38,MW,FR,FR,actual_onshore_wind_generation,Wind Onshore,2026-05-23T20:18:59Z
2026-05-23T20:18:24Z,2026-05-23T22:18:24+0200,ff0858ab-4740-4bdb-8b96-9805455abf18,2026-05-01T16:00:00Z,2026-05-01T18:00:00+0200,1707.2,MW,FR,FR,actual_onshore_wind_generation,Wind Onshore,2026-05-23T20:18:59Z
2026-05-23T20:18:24Z,2026-05-23T22:18:24+0200,ff0858ab-4740-4bdb-8b96-9805455abf18,2026-05-01T16:15:00Z,2026-05-01T18:15:00+0200,1760.2,MW,FR,FR,actual_onshore_wind_generation,Wind Onshore,2026-05-23T20:18:59Z
2026-05-23T20:18:24Z,2026-05-23T22:18:24+0200,ff0858ab-4740-4bdb-8b96-9805455abf18,2026-05-01T16:30:00Z,2026-05-01T18:30:00+0200,1718.57,MW,FR,FR,actual_onshore_wind_generation,Wind Onshore,2026-05-23T20:18:59Z
2026-05-23T20:18:24Z,2026-05-23T22:18:24+0200,ff0858ab-4740-4bdb-8b96-9805455abf18,2026-05-01T16:45:00Z,2026-05-01T18:45:00+0200,1755.47,MW,FR,FR,actual_onshore_wind_generation,Wind Onshore,2026-05-23T20:18:59Z
2026-05-23T20:18:24Z,2026-05-23T22:18:24+0200,ff0858ab-4740-4bdb-8b96-9805455abf18,2026-05-01T17:00:00Z,2026-05-01T19:00:00+0200,1705.47,MW,FR,FR,actual_onshore_wind_generation,Wind Onshore,2026-05-23T20:18:59Z
2026-05-23T20:18:24Z,2026-05-23T22:18:24+0200,ff0858ab-4740-4bdb-8b96-9805455abf18,2026-05-01T17:15:00Z,2026-05-01T19:15:00+0200,1794.55,MW,FR,FR,actual_onshore_wind_generation,Wind Onshore,2026-05-23T20:18:59Z
2026-05-23T20:18:24Z,2026-05-23T22:18:24+0200,ff0858ab-4740-4bdb-8b96-9805455abf18,2026-05-01T17:30:00Z,2026-05-01T19:30:00+0200,1949.28,MW,FR,FR,actual_onshore_wind_generation,Wind Onshore,2026-05-23T20:18:59Z
2026-05-23T20:18:24Z,2026-05-23T22:18:24+0200,ff0858ab-4740-4bdb-8b96-9805455abf18,2026-05-01T17:45:00Z,2026-05-01T19:45:00+0200,2097.5,MW,FR,FR,actual_onshore_wind_generation,Wind Onshore,2026-05-23T20:18:59Z
2026-05-23T20:18:24Z,2026-05-23T22:18:24+0200,ff0858ab-4740-4bdb-8b96-9805455abf18,2026-05-01T18:00:00Z,2026-05-01T20:00:00+0200,2228.81,MW,FR,FR,actual_onshore_wind_generation,Wind Onshore,2026-05-23T20:18:59Z
2026-05-23T20:18:24Z,2026-05-23T22:18:24+0200,ff0858ab-4740-4bdb-8b96-9805455abf18,2026-05-01T18:15:00Z,2026-05-01T20:15:00+0200,2614.26,MW,FR,FR,actual_onshore_wind_generation,Wind Onshore,2026-05-23T20:18:59Z
2026-05-23T20:18:24Z,2026-05-23T22:18:24+0200,ff0858ab-4740-4bdb-8b96-9805455abf18,2026-05-01T18:30:00Z,2026-05-01T20:30:00+0200,2580.27,MW,FR,FR,actual_onshore_wind_generation,Wind Onshore,2026-05-23T20:18:59Z
2026-05-23T20:18:24Z,2026-05-23T22:18:24+0200,ff0858ab-4740-4bdb-8b96-9805455abf18,2026-05-01T18:45:00Z,2026-05-01T20:45:00+0200,2512.47,MW,FR,FR,actual_onshore_wind_generation,Wind Onshore,2026-05-23T20:18:59Z
2026-05-23T20:18:24Z,2026-05-23T22:18:24+0200,ff0858ab-4740-4bdb-8b96-9805455abf18,2026-05-01T19:00:00Z,2026-05-01T21:00:00+0200,2797.25,MW,FR,FR,actual_onshore_wind_generation,Wind Onshore,2026-05-23T20:18:59Z
2026-05-23T20:18:24Z,2026-05-23T22:18:24+0200,ff0858ab-4740-4bdb-8b96-9805455abf18,2026-05-01T19:15:00Z,2026-05-01T21:15:00+0200,3101.8,MW,FR,FR,actual_onshore_wind_generation,Wind Onshore,2026-05-23T20:18:59Z
2026-05-23T20:18:24Z,2026-05-23T22:18:24+0200,ff0858ab-4740-4bdb-8b96-9805455abf18,2026-05-01T19:30:00Z,2026-05-01T21:30:00+0200,3184.54,MW,FR,FR,actual_onshore_wind_generation,Wind Onshore,2026-05-23T20:18:59Z
2026-05-23T20:18:24Z,2026-05-23T22:18:24+0200,ff0858ab-4740-4bdb-8b96-9805455abf18,2026-05-01T19:45:00Z,2026-05-01T21:45:00+0200,3309.41,MW,FR,FR,actual_onshore_wind_generation,Wind Onshore,2026-05-23T20:18:59Z
2026-05-23T20:18:24Z,2026-05-23T22:18:24+0200,ff0858ab-4740-4bdb-8b96-9805455abf18,2026-05-01T20:00:00Z,2026-05-01T22:00:00+0200,3203.05,MW,FR,FR,actual_onshore_wind_generation,Wind Onshore,2026-05-23T20:18:59Z
2026-05-23T20:18:24Z,2026-05-23T22:18:24+0200,ff0858ab-4740-4bdb-8b96-9805455abf18,2026-05-01T20:15:00Z,2026-05-01T22:15:00+0200,3166.77,MW,FR,FR,actual_onshore_wind_generation,Wind Onshore,2026-05-23T20:18:59Z
2026-05-23T20:18:24Z,2026-05-23T22:18:24+0200,ff0858ab-4740-4bdb-8b96-9805455abf18,2026-05-01T20:30:00Z,2026-05-01T22:30:00+0200,3243.18,MW,FR,FR,actual_onshore_wind_generation,Wind Onshore,2026-05-23T20:18:59Z
2026-05-23T20:18:24Z,2026-05-23T22:18:24+0200,ff0858ab-4740-4bdb-8b96-9805455abf18,2026-05-01T20:45:00Z,2026-05-01T22:45:00+0200,3131.34,MW,FR,FR,actual_onshore_wind_generation,Wind Onshore,2026-05-23T20:18:59Z
2026-05-23T20:18:24Z,2026-05-23T22:18:24+0200,ff0858ab-4740-4bdb-8b96-9805455abf18,2026-05-01T21:00:00Z,2026-05-01T23:00:00+0200,2979.51,MW,FR,FR,actual_onshore_wind_generation,Wind Onshore,2026-05-23T20:18:59Z
2026-05-23T20:18:24Z,2026-05-23T22:18:24+0200,ff0858ab-4740-4bdb-8b96-9805455abf18,2026-05-01T21:15:00Z,2026-05-01T23:15:00+0200,2724.23,MW,FR,FR,actual_onshore_wind_generation,Wind Onshore,2026-05-23T20:18:59Z
2026-05-23T20:18:24Z,2026-05-23T22:18:24+0200,ff0858ab-4740-4bdb-8b96-9805455abf18,2026-05-01T21:30:00Z,2026-05-01T23:30:00+0200,2483.67,MW,FR,FR,actual_onshore_wind_generation,Wind Onshore,2026-05-23T20:18:59Z
2026-05-23T20:18:24Z,2026-05-23T22:18:24+0200,ff0858ab-4740-4bdb-8b96-9805455abf18,2026-05-01T21:45:00Z,2026-05-01T23:45:00+0200,2288.08,MW,FR,FR,actual_onshore_wind_generation,Wind Onshore,2026-05-23T20:18:59Z
2026-05-23T20:18:24Z,2026-05-23T22:18:24+0200,ff0858ab-4740-4bdb-8b96-9805455abf18,2026-05-01T22:00:00Z,2026-05-02T00:00:00+0200,2182.61,MW,FR,FR,actual_onshore_wind_generation,Wind Onshore,2026-05-23T20:18:59Z
2026-05-23T20:18:24Z,2026-05-23T22:18:24+0200,ff0858ab-4740-4bdb-8b96-9805455abf18,2026-05-01T22:15:00Z,2026-05-02T00:15:00+0200,2174.22,MW,FR,FR,actual_onshore_wind_generation,Wind Onshore,2026-05-23T20:18:59Z
2026-05-23T20:18:24Z,2026-05-23T22:18:24+0200,ff0858ab-4740-4bdb-8b96-9805455abf18,2026-05-01T22:30:00Z,2026-05-02T00:30:00+0200,2244.59,MW,FR,FR,actual_onshore_wind_generation,Wind Onshore,2026-05-23T20:18:59Z
2026-05-23T20:18:24Z,2026-05-23T22:18:24+0200,ff0858ab-4740-4bdb-8b96-9805455abf18,2026-05-01T22:45:00Z,2026-05-02T00:45:00+0200,2454.23,MW,FR,FR,actual_onshore_wind_generation,Wind Onshore,2026-05-23T20:18:59Z
2026-05-23T20:18:24Z,2026-05-23T22:18:24+0200,ff0858ab-4740-4bdb-8b96-9805455abf18,2026-05-01T23:00:00Z,2026-05-02T01:00:00+0200,2699.5,MW,FR,FR,actual_onshore_wind_generation,Wind Onshore,2026-05-23T20:18:59Z
2026-05-23T20:18:24Z,2026-05-23T22:18:24+0200,ff0858ab-4740-4bdb-8b96-9805455abf18,2026-05-01T23:15:00Z,2026-05-02T01:15:00+0200,2656.42,MW,FR,FR,actual_onshore_wind_generation,Wind Onshore,2026-05-23T20:18:59Z
2026-05-23T20:18:24Z,2026-05-23T22:18:24+0200,ff0858ab-4740-4bdb-8b96-9805455abf18,2026-05-01T23:30:00Z,2026-05-02T01:30:00+0200,2976.58,MW,FR,FR,actual_onshore_wind_generation,Wind Onshore,2026-05-23T20:18:59Z
2026-05-23T20:18:24Z,2026-05-23T22:18:24+0200,ff0858ab-4740-4bdb-8b96-9805455abf18,2026-05-01T23:45:00Z,2026-05-02T01:45:00+0200,3057.78,MW,FR,FR,actual_onshore_wind_generation,Wind Onshore,2026-05-23T20:18:59Z
2026-05-23T20:18:24Z,2026-05-23T22:18:24+0200,ff0858ab-4740-4bdb-8b96-9805455abf18,2026-05-02T00:00:00Z,2026-05-02T02:00:00+0200,2932.13,MW,FR,FR,actual_onshore_wind_generation,Wind Onshore,2026-05-23T20:18:59Z
2026-05-23T20:18:24Z,2026-05-23T22:18:24+0200,ff0858ab-4740-4bdb-8b96-9805455abf18,2026-05-02T00:15:00Z,2026-05-02T02:15:00+0200,2928.78,MW,FR,FR,actual_onshore_wind_generation,Wind Onshore,2026-05-23T20:18:59Z
2026-05-23T20:18:24Z,2026-05-23T22:18:24+0200,ff0858ab-4740-4bdb-8b96-9805455abf18,2026-05-02T00:30:00Z,2026-05-02T02:30:00+0200,3001.13,MW,FR,FR,actual_onshore_wind_generation,Wind Onshore,2026-05-23T20:18:59Z
2026-05-23T20:18:24Z,2026-05-23T22:18:24+0200,ff0858ab-4740-4bdb-8b96-9805455abf18,2026-05-02T00:45:00Z,2026-05-02T02:45:00+0200,3091.17,MW,FR,FR,actual_onshore_wind_generation,Wind Onshore,2026-05-23T20:18:59Z
2026-05-23T20:18:24Z,2026-05-23T22:18:24+0200,ff0858ab-4740-4bdb-8b96-9805455abf18,2026-05-02T01:00:00Z,2026-05-02T03:00:00+0200,3174.8,MW,FR,FR,actual_onshore_wind_generation,Wind Onshore,2026-05-23T20:18:59Z
2026-05-23T20:18:24Z,2026-05-23T22:18:24+0200,ff0858ab-4740-4bdb-8b96-9805455abf18,2026-05-02T01:15:00Z,2026-05-02T03:15:00+0200,3206.4,MW,FR,FR,actual_onshore_wind_generation,Wind Onshore,2026-05-23T20:18:59Z
2026-05-23T20:18:24Z,2026-05-23T22:18:24+0200,ff0858ab-4740-4bdb-8b96-9805455abf18,2026-05-02T01:30:00Z,2026-05-02T03:30:00+0200,3210.45,MW,FR,FR,actual_onshore_wind_generation,Wind Onshore,2026-05-23T20:18:59Z
2026-05-23T20:18:24Z,2026-05-23T22:18:24+0200,ff0858ab-4740-4bdb-8b96-9805455abf18,2026-05-02T01:45:00Z,2026-05-02T03:45:00+0200,3147.72,MW,FR,FR,actual_onshore_wind_generation,Wind Onshore,2026-05-23T20:18:59Z
2026-05-23T20:18:24Z,2026-05-23T22:18:24+0200,ff0858ab-4740-4bdb-8b96-9805455abf18,2026-05-02T02:00:00Z,2026-05-02T04:00:00+0200,3145.81,MW,FR,FR,actual_onshore_wind_generation,Wind Onshore,2026-05-23T20:18:59Z
2026-05-23T20:18:24Z,2026-05-23T22:18:24+0200,ff0858ab-4740-4bdb-8b96-9805455abf18,2026-05-02T02:15:00Z,2026-05-02T04:15:00+0200,3116.09,MW,FR,FR,actual_onshore_wind_generation,Wind Onshore,2026-05-23T20:18:59Z
2026-05-23T20:18:24Z,2026-05-23T22:18:24+0200,ff0858ab-4740-4bdb-8b96-9805455abf18,2026-05-02T02:30:00Z,2026-05-02T04:30:00+0200,3121.59,MW,FR,FR,actual_onshore_wind_generation,Wind Onshore,2026-05-23T20:18:59Z
2026-05-23T20:18:24Z,2026-05-23T22:18:24+0200,ff0858ab-4740-4bdb-8b96-9805455abf18,2026-05-02T02:45:00Z,2026-05-02T04:45:00+0200,3166.9,MW,FR,FR,actual_onshore_wind_generation,Wind Onshore,2026-05-23T20:18:59Z
2026-05-23T20:18:24Z,2026-05-23T22:18:24+0200,ff0858ab-4740-4bdb-8b96-9805455abf18,2026-05-02T03:00:00Z,2026-05-02T05:00:00+0200,3168.78,MW,FR,FR,actual_onshore_wind_generation,Wind Onshore,2026-05-23T20:18:59Z
2026-05-23T20:18:24Z,2026-05-23T22:18:24+0200,ff0858ab-4740-4bdb-8b96-9805455abf18,2026-05-02T03:15:00Z,2026-05-02T05:15:00+0200,3235.98,MW,FR,FR,actual_onshore_wind_generation,Wind Onshore,2026-05-23T20:18:59Z
2026-05-23T20:18:24Z,2026-05-23T22:18:24+0200,ff0858ab-4740-4bdb-8b96-9805455abf18,2026-05-02T03:30:00Z,2026-05-02T05:30:00+0200,3273.46,MW,FR,FR,actual_onshore_wind_generation,Wind Onshore,2026-05-23T20:18:59Z
2026-05-23T20:18:24Z,2026-05-23T22:18:24+0200,ff0858ab-4740-4bdb-8b96-9805455abf18,2026-05-02T03:45:00Z,2026-05-02T05:45:00+0200,3311.3,MW,FR,FR,actual_onshore_wind_generation,Wind Onshore,2026-05-23T20:18:59Z
2026-05-23T20:18:24Z,2026-05-23T22:18:24+0200,ff0858ab-4740-4bdb-8b96-9805455abf18,2026-05-02T04:00:00Z,2026-05-02T06:00:00+0200,3364.23,MW,FR,FR,actual_onshore_wind_generation,Wind Onshore,2026-05-23T20:18:59Z
2026-05-23T20:18:24Z,2026-05-23T22:18:24+0200,ff0858ab-4740-4bdb-8b96-9805455abf18,2026-05-02T04:15:00Z,2026-05-02T06:15:00+0200,3355.37,MW,FR,FR,actual_onshore_wind_generation,Wind Onshore,2026-05-23T20:18:59Z
2026-05-23T20:18:24Z,2026-05-23T22:18:24+0200,ff0858ab-4740-4bdb-8b96-9805455abf18,2026-05-02T04:30:00Z,2026-05-02T06:30:00+0200,3355.64,MW,FR,FR,actual_onshore_wind_generation,Wind Onshore,2026-05-23T20:18:59Z
2026-05-23T20:18:24Z,2026-05-23T22:18:24+0200,ff0858ab-4740-4bdb-8b96-9805455abf18,2026-05-02T04:45:00Z,2026-05-02T06:45:00+0200,3423.67,MW,FR,FR,actual_onshore_wind_generation,Wind Onshore,2026-05-23T20:18:59Z
2026-05-23T20:18:24Z,2026-05-23T22:18:24+0200,ff0858ab-4740-4bdb-8b96-9805455abf18,2026-05-02T05:00:00Z,2026-05-02T07:00:00+0200,3562.6,MW,FR,FR,actual_onshore_wind_generation,Wind Onshore,2026-05-23T20:18:59Z
2026-05-23T20:18:24Z,2026-05-23T22:18:24+0200,ff0858ab-4740-4bdb-8b96-9805455abf18,2026-05-02T05:15:00Z,2026-05-02T07:15:00+0200,3760.64,MW,FR,FR,actual_onshore_wind_generation,Wind Onshore,2026-05-23T20:18:59Z
2026-05-23T20:18:24Z,2026-05-23T22:18:24+0200,ff0858ab-4740-4bdb-8b96-9805455abf18,2026-05-02T05:30:00Z,2026-05-02T07:30:00+0200,3891.65,MW,FR,FR,actual_onshore_wind_generation,Wind Onshore,2026-05-23T20:18:59Z
2026-05-23T20:18:24Z,2026-05-23T22:18:24+0200,ff0858ab-4740-4bdb-8b96-9805455abf18,2026-05-02T05:45:00Z,2026-05-02T07:45:00+0200,3881.57,MW,FR,FR,actual_onshore_wind_generation,Wind Onshore,2026-05-23T20:18:59Z
2026-05-23T20:18:24Z,2026-05-23T22:18:24+0200,ff0858ab-4740-4bdb-8b96-9805455abf18,2026-05-02T06:00:00Z,2026-05-02T08:00:00+0200,3794.97,MW,FR,FR,actual_onshore_wind_generation,Wind Onshore,2026-05-23T20:18:59Z
2026-05-23T20:18:24Z,2026-05-23T22:18:24+0200,ff0858ab-4740-4bdb-8b96-9805455abf18,2026-05-02T06:15:00Z,2026-05-02T08:15:00+0200,3720.96,MW,FR,FR,actual_onshore_wind_generation,Wind Onshore,2026-05-23T20:18:59Z
2026-05-23T20:18:24Z,2026-05-23T22:18:24+0200,ff0858ab-4740-4bdb-8b96-9805455abf18,2026-05-02T06:30:00Z,2026-05-02T08:30:00+0200,3670.38,MW,FR,FR,actual_onshore_wind_generation,Wind Onshore,2026-05-23T20:18:59Z
2026-05-23T20:18:24Z,2026-05-23T22:18:24+0200,ff0858ab-4740-4bdb-8b96-9805455abf18,2026-05-02T06:45:00Z,2026-05-02T08:45:00+0200,3554.28,MW,FR,FR,actual_onshore_wind_generation,Wind Onshore,2026-05-23T20:18:59Z
2026-05-23T20:18:24Z,2026-05-23T22:18:24+0200,ff0858ab-4740-4bdb-8b96-9805455abf18,2026-05-02T07:00:00Z,2026-05-02T09:00:00+0200,3495.36,MW,FR,FR,actual_onshore_wind_generation,Wind Onshore,2026-05-23T20:18:59Z
2026-05-23T20:18:24Z,2026-05-23T22:18:24+0200,ff0858ab-4740-4bdb-8b96-9805455abf18,2026-05-02T07:15:00Z,2026-05-02T09:15:00+0200,3274.17,MW,FR,FR,actual_onshore_wind_generation,Wind Onshore,2026-05-23T20:18:59Z
2026-05-23T20:18:24Z,2026-05-23T22:18:24+0200,ff0858ab-4740-4bdb-8b96-9805455abf18,2026-05-02T07:30:00Z,2026-05-02T09:30:00+0200,2838.08,MW,FR,FR,actual_onshore_wind_generation,Wind Onshore,2026-05-23T20:18:59Z
2026-05-23T20:18:24Z,2026-05-23T22:18:24+0200,ff0858ab-4740-4bdb-8b96-9805455abf18,2026-05-02T07:45:00Z,2026-05-02T09:45:00+0200,1966.14,MW,FR,FR,actual_onshore_wind_generation,Wind Onshore,2026-05-23T20:18:59Z
2026-05-23T20:18:24Z,2026-05-23T22:18:24+0200,ff0858ab-4740-4bdb-8b96-9805455abf18,2026-05-02T08:00:00Z,2026-05-02T10:00:00+0200,1660.67,MW,FR,FR,actual_onshore_wind_generation,Wind Onshore,2026-05-23T20:18:59Z
2026-05-23T20:18:24Z,2026-05-23T22:18:24+0200,ff0858ab-4740-4bdb-8b96-9805455abf18,2026-05-02T08:15:00Z,2026-05-02T10:15:00+0200,1551.79,MW,FR,FR,actual_onshore_wind_generation,Wind Onshore,2026-05-23T20:18:59Z
2026-05-23T20:18:24Z,2026-05-23T22:18:24+0200,ff0858ab-4740-4bdb-8b96-9805455abf18,2026-05-02T08:30:00Z,2026-05-02T10:30:00+0200,1293.87,MW,FR,FR,actual_onshore_wind_generation,Wind Onshore,2026-05-23T20:18:59Z
2026-05-23T20:18:24Z,2026-05-23T22:18:24+0200,ff0858ab-4740-4bdb-8b96-9805455abf18,2026-05-02T08:45:00Z,2026-05-02T10:45:00+0200,1290.52,MW,FR,FR,actual_onshore_wind_generation,Wind Onshore,2026-05-23T20:18:59Z
2026-05-23T20:18:24Z,2026-05-23T22:18:24+0200,ff0858ab-4740-4bdb-8b96-9805455abf18,2026-05-02T09:00:00Z,2026-05-02T11:00:00+0200,1311.0,MW,FR,FR,actual_onshore_wind_generation,Wind Onshore,2026-05-23T20:18:59Z
2026-05-23T20:18:24Z,2026-05-23T22:18:24+0200,ff0858ab-4740-4bdb-8b96-9805455abf18,2026-05-02T09:15:00Z,2026-05-02T11:15:00+0200,1327.34,MW,FR,FR,actual_onshore_wind_generation,Wind Onshore,2026-05-23T20:18:59Z
2026-05-23T20:18:24Z,2026-05-23T22:18:24+0200,ff0858ab-4740-4bdb-8b96-9805455abf18,2026-05-02T09:30:00Z,2026-05-02T11:30:00+0200,1290.05,MW,FR,FR,actual_onshore_wind_generation,Wind Onshore,2026-05-23T20:18:59Z
2026-05-23T20:18:24Z,2026-05-23T22:18:24+0200,ff0858ab-4740-4bdb-8b96-9805455abf18,2026-05-02T09:45:00Z,2026-05-02T11:45:00+0200,1296.41,MW,FR,FR,actual_onshore_wind_generation,Wind Onshore,2026-05-23T20:18:59Z
2026-05-23T20:18:24Z,2026-05-23T22:18:24+0200,ff0858ab-4740-4bdb-8b96-9805455abf18,2026-05-02T10:00:00Z,2026-05-02T12:00:00+0200,1345.7,MW,FR,FR,actual_onshore_wind_generation,Wind Onshore,2026-05-23T20:18:59Z
2026-05-23T20:18:24Z,2026-05-23T22:18:24+0200,ff0858ab-4740-4bdb-8b96-9805455abf18,2026-05-02T10:15:00Z,2026-05-02T12:15:00+0200,1345.43,MW,FR,FR,actual_onshore_wind_generation,Wind Onshore,2026-05-23T20:18:59Z
2026-05-23T20:18:24Z,2026-05-23T22:18:24+0200,ff0858ab-4740-4bdb-8b96-9805455abf18,2026-05-02T10:30:00Z,2026-05-02T12:30:00+0200,1370.0,MW,FR,FR,actual_onshore_wind_generation,Wind Onshore,2026-05-23T20:18:59Z
2026-05-23T20:18:24Z,2026-05-23T22:18:24+0200,ff0858ab-4740-4bdb-8b96-9805455abf18,2026-05-02T10:45:00Z,2026-05-02T12:45:00+0200,1399.26,MW,FR,FR,actual_onshore_wind_generation,Wind Onshore,2026-05-23T20:18:59Z
2026-05-23T20:18:24Z,2026-05-23T22:18:24+0200,ff0858ab-4740-4bdb-8b96-9805455abf18,2026-05-02T11:00:00Z,2026-05-02T13:00:00+0200,1438.29,MW,FR,FR,actual_onshore_wind_generation,Wind Onshore,2026-05-23T20:18:59Z
2026-05-23T20:18:24Z,2026-05-23T22:18:24+0200,ff0858ab-4740-4bdb-8b96-9805455abf18,2026-05-02T11:15:00Z,2026-05-02T13:15:00+0200,1415.89,MW,FR,FR,actual_onshore_wind_generation,Wind Onshore,2026-05-23T20:18:59Z
2026-05-23T20:18:24Z,2026-05-23T22:18:24+0200,ff0858ab-4740-4bdb-8b96-9805455abf18,2026-05-02T11:30:00Z,2026-05-02T13:30:00+0200,1442.28,MW,FR,FR,actual_onshore_wind_generation,Wind Onshore,2026-05-23T20:18:59Z
2026-05-23T20:18:24Z,2026-05-23T22:18:24+0200,ff0858ab-4740-4bdb-8b96-9805455abf18,2026-05-02T11:45:00Z,2026-05-02T13:45:00+0200,1455.37,MW,FR,FR,actual_onshore_wind_generation,Wind Onshore,2026-05-23T20:18:59Z
2026-05-23T20:18:24Z,2026-05-23T22:18:24+0200,ff0858ab-4740-4bdb-8b96-9805455abf18,2026-05-02T12:00:00Z,2026-05-02T14:00:00+0200,1461.36,MW,FR,FR,actual_onshore_wind_generation,Wind Onshore,2026-05-23T20:18:59Z
2026-05-23T20:18:24Z,2026-05-23T22:18:24+0200,ff0858ab-4740-4bdb-8b96-9805455abf18,2026-05-02T12:15:00Z,2026-05-02T14:15:00+0200,1492.91,MW,FR,FR,actual_onshore_wind_generation,Wind Onshore,2026-05-23T20:18:59Z
2026-05-23T20:18:24Z,2026-05-23T22:18:24+0200,ff0858ab-4740-4bdb-8b96-9805455abf18,2026-05-02T12:30:00Z,2026-05-02T14:30:00+0200,1556.21,MW,FR,FR,actual_onshore_wind_generation,Wind Onshore,2026-05-23T20:18:59Z
2026-05-23T20:18:24Z,2026-05-23T22:18:24+0200,ff0858ab-4740-4bdb-8b96-9805455abf18,2026-05-02T12:45:00Z,2026-05-02T14:45:00+0200,1575.55,MW,FR,FR,actual_onshore_wind_generation,Wind Onshore,2026-05-23T20:18:59Z
2026-05-23T20:18:24Z,2026-05-23T22:18:24+0200,ff0858ab-4740-4bdb-8b96-9805455abf18,2026-05-02T13:00:00Z,2026-05-02T15:00:00+0200,1613.42,MW,FR,FR,actual_onshore_wind_generation,Wind Onshore,2026-05-23T20:18:59Z
2026-05-23T20:18:24Z,2026-05-23T22:18:24+0200,ff0858ab-4740-4bdb-8b96-9805455abf18,2026-05-02T13:15:00Z,2026-05-02T15:15:00+0200,1626.35,MW,FR,FR,actual_onshore_wind_generation,Wind Onshore,2026-05-23T20:18:59Z
2026-05-23T20:18:24Z,2026-05-23T22:18:24+0200,ff0858ab-4740-4bdb-8b96-9805455abf18,2026-05-02T13:30:00Z,2026-05-02T15:30:00+0200,1683.28,MW,FR,FR,actual_onshore_wind_generation,Wind Onshore,2026-05-23T20:18:59Z
2026-05-23T20:18:24Z,2026-05-23T22:18:24+0200,ff0858ab-4740-4bdb-8b96-9805455abf18,2026-05-02T13:45:00Z,2026-05-02T15:45:00+0200,1714.84,MW,FR,FR,actual_onshore_wind_generation,Wind Onshore,2026-05-23T20:18:59Z
2026-05-23T20:18:24Z,2026-05-23T22:18:24+0200,ff0858ab-4740-4bdb-8b96-9805455abf18,2026-05-02T14:00:00Z,2026-05-02T16:00:00+0200,1952.25,MW,FR,FR,actual_onshore_wind_generation,Wind Onshore,2026-05-23T20:18:59Z
2026-05-23T20:18:24Z,2026-05-23T22:18:24+0200,ff0858ab-4740-4bdb-8b96-9805455abf18,2026-05-02T14:15:00Z,2026-05-02T16:15:00+0200,2442.1,MW,FR,FR,actual_onshore_wind_generation,Wind Onshore,2026-05-23T20:18:59Z
2026-05-23T20:18:24Z,2026-05-23T22:18:24+0200,ff0858ab-4740-4bdb-8b96-9805455abf18,2026-05-02T14:30:00Z,2026-05-02T16:30:00+0200,3563.5,MW,FR,FR,actual_onshore_wind_generation,Wind Onshore,2026-05-23T20:18:59Z
2026-05-23T20:18:24Z,2026-05-23T22:18:24+0200,ff0858ab-4740-4bdb-8b96-9805455abf18,2026-05-02T14:45:00Z,2026-05-02T16:45:00+0200,4607.78,MW,FR,FR,actual_onshore_wind_generation,Wind Onshore,2026-05-23T20:18:59Z
2026-05-23T20:18:24Z,2026-05-23T22:18:24+0200,ff0858ab-4740-4bdb-8b96-9805455abf18,2026-05-02T15:00:00Z,2026-05-02T17:00:00+0200,4831.34,MW,FR,FR,actual_onshore_wind_generation,Wind Onshore,2026-05-23T20:18:59Z
2026-05-23T20:18:24Z,2026-05-23T22:18:24+0200,ff0858ab-4740-4bdb-8b96-9805455abf18,2026-05-02T15:15:00Z,2026-05-02T17:15:00+0200,5165.99,MW,FR,FR,actual_onshore_wind_generation,Wind Onshore,2026-05-23T20:18:59Z
2026-05-23T20:18:24Z,2026-05-23T22:18:24+0200,ff0858ab-4740-4bdb-8b96-9805455abf18,2026-05-02T15:30:00Z,2026-05-02T17:30:00+0200,5289.81,MW,FR,FR,actual_onshore_wind_generation,Wind Onshore,2026-05-23T20:18:59Z
2026-05-23T20:18:24Z,2026-05-23T22:18:24+0200,ff0858ab-4740-4bdb-8b96-9805455abf18,2026-05-02T15:45:00Z,2026-05-02T17:45:00+0200,5219.21,MW,FR,FR,actual_onshore_wind_generation,Wind Onshore,2026-05-23T20:18:59Z
2026-05-23T20:18:24Z,2026-05-23T22:18:24+0200,ff0858ab-4740-4bdb-8b96-9805455abf18,2026-05-02T16:00:00Z,2026-05-02T18:00:00+0200,5119.51,MW,FR,FR,actual_onshore_wind_generation,Wind Onshore,2026-05-23T20:18:59Z
2026-05-23T20:18:24Z,2026-05-23T22:18:24+0200,ff0858ab-4740-4bdb-8b96-9805455abf18,2026-05-02T16:15:00Z,2026-05-02T18:15:00+0200,5117.23,MW,FR,FR,actual_onshore_wind_generation,Wind Onshore,2026-05-23T20:18:59Z
2026-05-23T20:18:24Z,2026-05-23T22:18:24+0200,ff0858ab-4740-4bdb-8b96-9805455abf18,2026-05-02T16:30:00Z,2026-05-02T18:30:00+0200,5020.16,MW,FR,FR,actual_onshore_wind_generation,Wind Onshore,2026-05-23T20:18:59Z
2026-05-23T20:18:24Z,2026-05-23T22:18:24+0200,ff0858ab-4740-4bdb-8b96-9805455abf18,2026-05-02T16:45:00Z,2026-05-02T18:45:00+0200,4839.65,MW,FR,FR,actual_onshore_wind_generation,Wind Onshore,2026-05-23T20:18:59Z
2026-05-23T20:18:24Z,2026-05-23T22:18:24+0200,ff0858ab-4740-4bdb-8b96-9805455abf18,2026-05-02T17:00:00Z,2026-05-02T19:00:00+0200,4587.83,MW,FR,FR,actual_onshore_wind_generation,Wind Onshore,2026-05-23T20:18:59Z
2026-05-23T20:18:24Z,2026-05-23T22:18:24+0200,ff0858ab-4740-4bdb-8b96-9805455abf18,2026-05-02T17:15:00Z,2026-05-02T19:15:00+0200,4489.32,MW,FR,FR,actual_onshore_wind_generation,Wind Onshore,2026-05-23T20:18:59Z
2026-05-23T20:18:24Z,2026-05-23T22:18:24+0200,ff0858ab-4740-4bdb-8b96-9805455abf18,2026-05-02T17:30:00Z,2026-05-02T19:30:00+0200,4429.34,MW,FR,FR,actual_onshore_wind_generation,Wind Onshore,2026-05-23T20:18:59Z
2026-05-23T20:18:24Z,2026-05-23T22:18:24+0200,ff0858ab-4740-4bdb-8b96-9805455abf18,2026-05-02T17:45:00Z,2026-05-02T19:45:00+0200,4342.98,MW,FR,FR,actual_onshore_wind_generation,Wind Onshore,2026-05-23T20:18:59Z
2026-05-23T20:18:24Z,2026-05-23T22:18:24+0200,ff0858ab-4740-4bdb-8b96-9805455abf18,2026-05-02T18:00:00Z,2026-05-02T20:00:00+0200,4279.93,MW,FR,FR,actual_onshore_wind_generation,Wind Onshore,2026-05-23T20:18:59Z
2026-05-23T20:18:24Z,2026-05-23T22:18:24+0200,ff0858ab-4740-4bdb-8b96-9805455abf18,2026-05-02T18:15:00Z,2026-05-02T20:15:00+0200,4290.82,MW,FR,FR,actual_onshore_wind_generation,Wind Onshore,2026-05-23T20:18:59Z
2026-05-23T20:18:24Z,2026-05-23T22:18:24+0200,ff0858ab-4740-4bdb-8b96-9805455abf18,2026-05-02T18:30:00Z,2026-05-02T20:30:00+0200,4301.49,MW,FR,FR,actual_onshore_wind_generation,Wind Onshore,2026-05-23T20:18:59Z
2026-05-23T20:18:24Z,2026-05-23T22:18:24+0200,ff0858ab-4740-4bdb-8b96-9805455abf18,2026-05-02T18:45:00Z,2026-05-02T20:45:00+0200,4166.11,MW,FR,FR,actual_onshore_wind_generation,Wind Onshore,2026-05-23T20:18:59Z
2026-05-23T20:18:24Z,2026-05-23T22:18:24+0200,ff0858ab-4740-4bdb-8b96-9805455abf18,2026-05-02T19:00:00Z,2026-05-02T21:00:00+0200,3948.45,MW,FR,FR,actual_onshore_wind_generation,Wind Onshore,2026-05-23T20:18:59Z
2026-05-23T20:18:24Z,2026-05-23T22:18:24+0200,ff0858ab-4740-4bdb-8b96-9805455abf18,2026-05-02T19:15:00Z,2026-05-02T21:15:00+0200,3896.98,MW,FR,FR,actual_onshore_wind_generation,Wind Onshore,2026-05-23T20:18:59Z
2026-05-23T20:18:24Z,2026-05-23T22:18:24+0200,ff0858ab-4740-4bdb-8b96-9805455abf18,2026-05-02T19:30:00Z,2026-05-02T21:30:00+0200,3931.66,MW,FR,FR,actual_onshore_wind_generation,Wind Onshore,2026-05-23T20:18:59Z
2026-05-23T20:18:24Z,2026-05-23T22:18:24+0200,ff0858ab-4740-4bdb-8b96-9805455abf18,2026-05-02T19:45:00Z,2026-05-02T21:45:00+0200,4023.13,MW,FR,FR,actual_onshore_wind_generation,Wind Onshore,2026-05-23T20:18:59Z
2026-05-23T20:18:24Z,2026-05-23T22:18:24+0200,ff0858ab-4740-4bdb-8b96-9805455abf18,2026-05-02T20:00:00Z,2026-05-02T22:00:00+0200,3931.01,MW,FR,FR,actual_onshore_wind_generation,Wind Onshore,2026-05-23T20:18:59Z
2026-05-23T20:18:24Z,2026-05-23T22:18:24+0200,ff0858ab-4740-4bdb-8b96-9805455abf18,2026-05-02T20:15:00Z,2026-05-02T22:15:00+0200,3972.24,MW,FR,FR,actual_onshore_wind_generation,Wind Onshore,2026-05-23T20:18:59Z
2026-05-23T20:18:24Z,2026-05-23T22:18:24+0200,ff0858ab-4740-4bdb-8b96-9805455abf18,2026-05-02T20:30:00Z,2026-05-02T22:30:00+0200,4066.66,MW,FR,FR,actual_onshore_wind_generation,Wind Onshore,2026-05-23T20:18:59Z
2026-05-23T20:18:24Z,2026-05-23T22:18:24+0200,ff0858ab-4740-4bdb-8b96-9805455abf18,2026-05-02T20:45:00Z,2026-05-02T22:45:00+0200,4184.56,MW,FR,FR,actual_onshore_wind_generation,Wind Onshore,2026-05-23T20:18:59Z
2026-05-23T20:18:24Z,2026-05-23T22:18:24+0200,ff0858ab-4740-4bdb-8b96-9805455abf18,2026-05-02T21:00:00Z,2026-05-02T23:00:00+0200,4170.71,MW,FR,FR,actual_onshore_wind_generation,Wind Onshore,2026-05-23T20:18:59Z
2026-05-23T20:18:24Z,2026-05-23T22:18:24+0200,ff0858ab-4740-4bdb-8b96-9805455abf18,2026-05-02T21:15:00Z,2026-05-02T23:15:00+0200,4082.41,MW,FR,FR,actual_onshore_wind_generation,Wind Onshore,2026-05-23T20:18:59Z
2026-05-23T20:18:24Z,2026-05-23T22:18:24+0200,ff0858ab-4740-4bdb-8b96-9805455abf18,2026-05-02T21:30:00Z,2026-05-02T23:30:00+0200,4228.18,MW,FR,FR,actual_onshore_wind_generation,Wind Onshore,2026-05-23T20:18:59Z
2026-05-23T20:18:24Z,2026-05-23T22:18:24+0200,ff0858ab-4740-4bdb-8b96-9805455abf18,2026-05-02T21:45:00Z,2026-05-02T23:45:00+0200,4372.53,MW,FR,FR,actual_onshore_wind_generation,Wind Onshore,2026-05-23T20:18:59Z
2026-05-23T20:18:24Z,2026-05-23T22:18:24+0200,ff0858ab-4740-4bdb-8b96-9805455abf18,2026-05-02T22:00:00Z,2026-05-03T00:00:00+0200,4431.67,MW,FR,FR,actual_onshore_wind_generation,Wind Onshore,2026-05-23T20:18:59Z
2026-05-23T20:18:24Z,2026-05-23T22:18:24+0200,ff0858ab-4740-4bdb-8b96-9805455abf18,2026-05-02T22:15:00Z,2026-05-03T00:15:00+0200,4559.23,MW,FR,FR,actual_onshore_wind_generation,Wind Onshore,2026-05-23T20:18:59Z
2026-05-23T20:18:24Z,2026-05-23T22:18:24+0200,ff0858ab-4740-4bdb-8b96-9805455abf18,2026-05-02T22:30:00Z,2026-05-03T00:30:00+0200,4594.67,MW,FR,FR,actual_onshore_wind_generation,Wind Onshore,2026-05-23T20:18:59Z
2026-05-23T20:18:24Z,2026-05-23T22:18:24+0200,ff0858ab-4740-4bdb-8b96-9805455abf18,2026-05-02T22:45:00Z,2026-05-03T00:45:00+0200,4640.23,MW,FR,FR,actual_onshore_wind_generation,Wind Onshore,2026-05-23T20:18:59Z
2026-05-23T20:18:24Z,2026-05-23T22:18:24+0200,ff0858ab-4740-4bdb-8b96-9805455abf18,2026-05-02T23:00:00Z,2026-05-03T01:00:00+0200,4770.93,MW,FR,FR,actual_onshore_wind_generation,Wind Onshore,2026-05-23T20:18:59Z
2026-05-23T20:18:24Z,2026-05-23T22:18:24+0200,ff0858ab-4740-4bdb-8b96-9805455abf18,2026-05-02T23:15:00Z,2026-05-03T01:15:00+0200,4832.3,MW,FR,FR,actual_onshore_wind_generation,Wind Onshore,2026-05-23T20:18:59Z
2026-05-23T20:18:24Z,2026-05-23T22:18:24+0200,ff0858ab-4740-4bdb-8b96-9805455abf18,2026-05-02T23:30:00Z,2026-05-03T01:30:00+0200,4955.14,MW,FR,FR,actual_onshore_wind_generation,Wind Onshore,2026-05-23T20:18:59Z
2026-05-23T20:18:24Z,2026-05-23T22:18:24+0200,ff0858ab-4740-4bdb-8b96-9805455abf18,2026-05-02T23:45:00Z,2026-05-03T01:45:00+0200,5056.97,MW,FR,FR,actual_onshore_wind_generation,Wind Onshore,2026-05-23T20:18:59Z
2026-05-23T20:18:24Z,2026-05-23T22:18:24+0200,ff0858ab-4740-4bdb-8b96-9805455abf18,2026-05-03T00:00:00Z,2026-05-03T02:00:00+0200,5006.32,MW,FR,FR,actual_onshore_wind_generation,Wind Onshore,2026-05-23T20:18:59Z
2026-05-23T20:18:24Z,2026-05-23T22:18:24+0200,ff0858ab-4740-4bdb-8b96-9805455abf18,2026-05-03T00:15:00Z,2026-05-03T02:15:00+0200,4987.76,MW,FR,FR,actual_onshore_wind_generation,Wind Onshore,2026-05-23T20:18:59Z
2026-05-23T20:18:24Z,2026-05-23T22:18:24+0200,ff0858ab-4740-4bdb-8b96-9805455abf18,2026-05-03T00:30:00Z,2026-05-03T02:30:00+0200,4969.46,MW,FR,FR,actual_onshore_wind_generation,Wind Onshore,2026-05-23T20:18:59Z
2026-05-23T20:18:24Z,2026-05-23T22:18:24+0200,ff0858ab-4740-4bdb-8b96-9805455abf18,2026-05-03T00:45:00Z,2026-05-03T02:45:00+0200,4936.81,MW,FR,FR,actual_onshore_wind_generation,Wind Onshore,2026-05-23T20:18:59Z
2026-05-23T20:18:24Z,2026-05-23T22:18:24+0200,ff0858ab-4740-4bdb-8b96-9805455abf18,2026-05-03T01:00:00Z,2026-05-03T03:00:00+0200,4899.02,MW,FR,FR,actual_onshore_wind_generation,Wind Onshore,2026-05-23T20:18:59Z
2026-05-23T20:18:24Z,2026-05-23T22:18:24+0200,ff0858ab-4740-4bdb-8b96-9805455abf18,2026-05-03T01:15:00Z,2026-05-03T03:15:00+0200,4880.06,MW,FR,FR,actual_onshore_wind_generation,Wind Onshore,2026-05-23T20:18:59Z
2026-05-23T20:18:24Z,2026-05-23T22:18:24+0200,ff0858ab-4740-4bdb-8b96-9805455abf18,2026-05-03T01:30:00Z,2026-05-03T03:30:00+0200,4928.83,MW,FR,FR,actual_onshore_wind_generation,Wind Onshore,2026-05-23T20:18:59Z
2026-05-23T20:18:24Z,2026-05-23T22:18:24+0200,ff0858ab-4740-4bdb-8b96-9805455abf18,2026-05-03T01:45:00Z,2026-05-03T03:45:00+0200,4971.4,MW,FR,FR,actual_onshore_wind_generation,Wind Onshore,2026-05-23T20:18:59Z
2026-05-23T20:18:24Z,2026-05-23T22:18:24+0200,ff0858ab-4740-4bdb-8b96-9805455abf18,2026-05-03T02:00:00Z,2026-05-03T04:00:00+0200,4917.72,MW,FR,FR,actual_onshore_wind_generation,Wind Onshore,2026-05-23T20:18:59Z
2026-05-23T20:18:24Z,2026-05-23T22:18:24+0200,ff0858ab-4740-4bdb-8b96-9805455abf18,2026-05-03T02:15:00Z,2026-05-03T04:15:00+0200,4792.48,MW,FR,FR,actual_onshore_wind_generation,Wind Onshore,2026-05-23T20:18:59Z
2026-05-23T20:18:24Z,2026-05-23T22:18:24+0200,ff0858ab-4740-4bdb-8b96-9805455abf18,2026-05-03T02:30:00Z,2026-05-03T04:30:00+0200,4689.91,MW,FR,FR,actual_onshore_wind_generation,Wind Onshore,2026-05-23T20:18:59Z
2026-05-23T20:18:24Z,2026-05-23T22:18:24+0200,ff0858ab-4740-4bdb-8b96-9805455abf18,2026-05-03T02:45:00Z,2026-05-03T04:45:00+0200,4634.07,MW,FR,FR,actual_onshore_wind_generation,Wind Onshore,2026-05-23T20:18:59Z
2026-05-23T20:18:24Z,2026-05-23T22:18:24+0200,ff0858ab-4740-4bdb-8b96-9805455abf18,2026-05-03T03:00:00Z,2026-05-03T05:00:00+0200,4626.46,MW,FR,FR,actual_onshore_wind_generation,Wind Onshore,2026-05-23T20:18:59Z
2026-05-23T20:18:24Z,2026-05-23T22:18:24+0200,ff0858ab-4740-4bdb-8b96-9805455abf18,2026-05-03T03:15:00Z,2026-05-03T05:15:00+0200,4617.73,MW,FR,FR,actual_onshore_wind_generation,Wind Onshore,2026-05-23T20:18:59Z
2026-05-23T20:18:24Z,2026-05-23T22:18:24+0200,ff0858ab-4740-4bdb-8b96-9805455abf18,2026-05-03T03:30:00Z,2026-05-03T05:30:00+0200,4583.93,MW,FR,FR,actual_onshore_wind_generation,Wind Onshore,2026-05-23T20:18:59Z
2026-05-23T20:18:24Z,2026-05-23T22:18:24+0200,ff0858ab-4740-4bdb-8b96-9805455abf18,2026-05-03T03:45:00Z,2026-05-03T05:45:00+0200,4565.98,MW,FR,FR,actual_onshore_wind_generation,Wind Onshore,2026-05-23T20:18:59Z
2026-05-23T20:18:24Z,2026-05-23T22:18:24+0200,ff0858ab-4740-4bdb-8b96-9805455abf18,2026-05-03T04:00:00Z,2026-05-03T06:00:00+0200,4624.33,MW,FR,FR,actual_onshore_wind_generation,Wind Onshore,2026-05-23T20:18:59Z
2026-05-23T20:18:24Z,2026-05-23T22:18:24+0200,ff0858ab-4740-4bdb-8b96-9805455abf18,2026-05-03T04:15:00Z,2026-05-03T06:15:00+0200,4695.77,MW,FR,FR,actual_onshore_wind_generation,Wind Onshore,2026-05-23T20:18:59Z
2026-05-23T20:18:24Z,2026-05-23T22:18:24+0200,ff0858ab-4740-4bdb-8b96-9805455abf18,2026-05-03T04:30:00Z,2026-05-03T06:30:00+0200,4693.72,MW,FR,FR,actual_onshore_wind_generation,Wind Onshore,2026-05-23T20:18:59Z
2026-05-23T20:18:24Z,2026-05-23T22:18:24+0200,ff0858ab-4740-4bdb-8b96-9805455abf18,2026-05-03T04:45:00Z,2026-05-03T06:45:00+0200,4741.82,MW,FR,FR,actual_onshore_wind_generation,Wind Onshore,2026-05-23T20:18:59Z
2026-05-23T20:18:24Z,2026-05-23T22:18:24+0200,ff0858ab-4740-4bdb-8b96-9805455abf18,2026-05-03T05:00:00Z,2026-05-03T07:00:00+0200,4778.17,MW,FR,FR,actual_onshore_wind_generation,Wind Onshore,2026-05-23T20:18:59Z
2026-05-23T20:18:24Z,2026-05-23T22:18:24+0200,ff0858ab-4740-4bdb-8b96-9805455abf18,2026-05-03T05:15:00Z,2026-05-03T07:15:00+0200,4803.95,MW,FR,FR,actual_onshore_wind_generation,Wind Onshore,2026-05-23T20:18:59Z
2026-05-23T20:18:24Z,2026-05-23T22:18:24+0200,ff0858ab-4740-4bdb-8b96-9805455abf18,2026-05-03T05:30:00Z,2026-05-03T07:30:00+0200,4825.28,MW,FR,FR,actual_onshore_wind_generation,Wind Onshore,2026-05-23T20:18:59Z
2026-05-23T20:18:24Z,2026-05-23T22:18:24+0200,ff0858ab-4740-4bdb-8b96-9805455abf18,2026-05-03T05:45:00Z,2026-05-03T07:45:00+0200,4787.39,MW,FR,FR,actual_onshore_wind_generation,Wind Onshore,2026-05-23T20:18:59Z
2026-05-23T20:18:24Z,2026-05-23T22:18:24+0200,ff0858ab-4740-4bdb-8b96-9805455abf18,2026-05-03T06:00:00Z,2026-05-03T08:00:00+0200,4624.1,MW,FR,FR,actual_onshore_wind_generation,Wind Onshore,2026-05-23T20:18:59Z
2026-05-23T20:18:24Z,2026-05-23T22:18:24+0200,ff0858ab-4740-4bdb-8b96-9805455abf18,2026-05-03T06:15:00Z,2026-05-03T08:15:00+0200,4420.04,MW,FR,FR,actual_onshore_wind_generation,Wind Onshore,2026-05-23T20:18:59Z
2026-05-23T20:18:24Z,2026-05-23T22:18:24+0200,ff0858ab-4740-4bdb-8b96-9805455abf18,2026-05-03T06:30:00Z,2026-05-03T08:30:00+0200,4290.08,MW,FR,FR,actual_onshore_wind_generation,Wind Onshore,2026-05-23T20:18:59Z
2026-05-23T20:18:24Z,2026-05-23T22:18:24+0200,ff0858ab-4740-4bdb-8b96-9805455abf18,2026-05-03T06:45:00Z,2026-05-03T08:45:00+0200,4168.15,MW,FR,FR,actual_onshore_wind_generation,Wind Onshore,2026-05-23T20:18:59Z
2026-05-23T20:18:24Z,2026-05-23T22:18:24+0200,ff0858ab-4740-4bdb-8b96-9805455abf18,2026-05-03T07:00:00Z,2026-05-03T09:00:00+0200,4088.55,MW,FR,FR,actual_onshore_wind_generation,Wind Onshore,2026-05-23T20:18:59Z
2026-05-23T20:18:24Z,2026-05-23T22:18:24+0200,ff0858ab-4740-4bdb-8b96-9805455abf18,2026-05-03T07:15:00Z,2026-05-03T09:15:00+0200,4016.15,MW,FR,FR,actual_onshore_wind_generation,Wind Onshore,2026-05-23T20:18:59Z
2026-05-23T20:18:24Z,2026-05-23T22:18:24+0200,ff0858ab-4740-4bdb-8b96-9805455abf18,2026-05-03T07:30:00Z,2026-05-03T09:30:00+0200,3938.3,MW,FR,FR,actual_onshore_wind_generation,Wind Onshore,2026-05-23T20:18:59Z
2026-05-23T20:18:24Z,2026-05-23T22:18:24+0200,ff0858ab-4740-4bdb-8b96-9805455abf18,2026-05-03T07:45:00Z,2026-05-03T09:45:00+0200,3878.43,MW,FR,FR,actual_onshore_wind_generation,Wind Onshore,2026-05-23T20:18:59Z
2026-05-23T20:18:24Z,2026-05-23T22:18:24+0200,ff0858ab-4740-4bdb-8b96-9805455abf18,2026-05-03T08:00:00Z,2026-05-03T10:00:00+0200,3776.93,MW,FR,FR,actual_onshore_wind_generation,Wind Onshore,2026-05-23T20:18:59Z
2026-05-23T20:18:24Z,2026-05-23T22:18:24+0200,ff0858ab-4740-4bdb-8b96-9805455abf18,2026-05-03T08:15:00Z,2026-05-03T10:15:00+0200,3713.68,MW,FR,FR,actual_onshore_wind_generation,Wind Onshore,2026-05-23T20:18:59Z
2026-05-23T20:18:24Z,2026-05-23T22:18:24+0200,ff0858ab-4740-4bdb-8b96-9805455abf18,2026-05-03T08:30:00Z,2026-05-03T10:30:00+0200,3754.42,MW,FR,FR,actual_onshore_wind_generation,Wind Onshore,2026-05-23T20:18:59Z
2026-05-23T20:18:24Z,2026-05-23T22:18:24+0200,ff0858ab-4740-4bdb-8b96-9805455abf18,2026-05-03T08:45:00Z,2026-05-03T10:45:00+0200,3854.92,MW,FR,FR,actual_onshore_wind_generation,Wind Onshore,2026-05-23T20:18:59Z
2026-05-23T20:18:24Z,2026-05-23T22:18:24+0200,ff0858ab-4740-4bdb-8b96-9805455abf18,2026-05-03T09:00:00Z,2026-05-03T11:00:00+0200,3972.61,MW,FR,FR,actual_onshore_wind_generation,Wind Onshore,2026-05-23T20:18:59Z
2026-05-23T20:18:24Z,2026-05-23T22:18:24+0200,ff0858ab-4740-4bdb-8b96-9805455abf18,2026-05-03T09:15:00Z,2026-05-03T11:15:00+0200,4015.68,MW,FR,FR,actual_onshore_wind_generation,Wind Onshore,2026-05-23T20:18:59Z
2026-05-23T20:18:24Z,2026-05-23T22:18:24+0200,ff0858ab-4740-4bdb-8b96-9805455abf18,2026-05-03T09:30:00Z,2026-05-03T11:30:00+0200,4055.37,MW,FR,FR,actual_onshore_wind_generation,Wind Onshore,2026-05-23T20:18:59Z
2026-05-23T20:18:24Z,2026-05-23T22:18:24+0200,ff0858ab-4740-4bdb-8b96-9805455abf18,2026-05-03T09:45:00Z,2026-05-03T11:45:00+0200,4052.56,MW,FR,FR,actual_onshore_wind_generation,Wind Onshore,2026-05-23T20:18:59Z
2026-05-23T20:18:24Z,2026-05-23T22:18:24+0200,ff0858ab-4740-4bdb-8b96-9805455abf18,2026-05-03T10:00:00Z,2026-05-03T12:00:00+0200,4162.63,MW,FR,FR,actual_onshore_wind_generation,Wind Onshore,2026-05-23T20:18:59Z
2026-05-23T20:18:24Z,2026-05-23T22:18:24+0200,ff0858ab-4740-4bdb-8b96-9805455abf18,2026-05-03T10:15:00Z,2026-05-03T12:15:00+0200,4306.49,MW,FR,FR,actual_onshore_wind_generation,Wind Onshore,2026-05-23T20:18:59Z
2026-05-23T20:18:24Z,2026-05-23T22:18:24+0200,ff0858ab-4740-4bdb-8b96-9805455abf18,2026-05-03T10:30:00Z,2026-05-03T12:30:00+0200,4406.22,MW,FR,FR,actual_onshore_wind_generation,Wind Onshore,2026-05-23T20:18:59Z
2026-05-23T20:18:24Z,2026-05-23T22:18:24+0200,ff0858ab-4740-4bdb-8b96-9805455abf18,2026-05-03T10:45:00Z,2026-05-03T12:45:00+0200,3994.78,MW,FR,FR,actual_onshore_wind_generation,Wind Onshore,2026-05-23T20:18:59Z
2026-05-23T20:18:24Z,2026-05-23T22:18:24+0200,ff0858ab-4740-4bdb-8b96-9805455abf18,2026-05-03T11:00:00Z,2026-05-03T13:00:00+0200,2769.34,MW,FR,FR,actual_onshore_wind_generation,Wind Onshore,2026-05-23T20:18:59Z
2026-05-23T20:18:24Z,2026-05-23T22:18:24+0200,ff0858ab-4740-4bdb-8b96-9805455abf18,2026-05-03T11:15:00Z,2026-05-03T13:15:00+0200,2533.25,MW,FR,FR,actual_onshore_wind_generation,Wind Onshore,2026-05-23T20:18:59Z
2026-05-23T20:18:24Z,2026-05-23T22:18:24+0200,ff0858ab-4740-4bdb-8b96-9805455abf18,2026-05-03T11:30:00Z,2026-05-03T13:30:00+0200,2118.07,MW,FR,FR,actual_onshore_wind_generation,Wind Onshore,2026-05-23T20:18:59Z
2026-05-23T20:18:24Z,2026-05-23T22:18:24+0200,ff0858ab-4740-4bdb-8b96-9805455abf18,2026-05-03T11:45:00Z,2026-05-03T13:45:00+0200,2125.5,MW,FR,FR,actual_onshore_wind_generation,Wind Onshore,2026-05-23T20:18:59Z
2026-05-23T20:18:24Z,2026-05-23T22:18:24+0200,ff0858ab-4740-4bdb-8b96-9805455abf18,2026-05-03T12:00:00Z,2026-05-03T14:00:00+0200,2374.23,MW,FR,FR,actual_onshore_wind_generation,Wind Onshore,2026-05-23T20:18:59Z
2026-05-23T20:18:24Z,2026-05-23T22:18:24+0200,ff0858ab-4740-4bdb-8b96-9805455abf18,2026-05-03T12:15:00Z,2026-05-03T14:15:00+0200,2668.38,MW,FR,FR,actual_onshore_wind_generation,Wind Onshore,2026-05-23T20:18:59Z
2026-05-23T20:18:24Z,2026-05-23T22:18:24+0200,ff0858ab-4740-4bdb-8b96-9805455abf18,2026-05-03T12:30:00Z,2026-05-03T14:30:00+0200,2834.83,MW,FR,FR,actual_onshore_wind_generation,Wind Onshore,2026-05-23T20:18:59Z
2026-05-23T20:18:24Z,2026-05-23T22:18:24+0200,ff0858ab-4740-4bdb-8b96-9805455abf18,2026-05-03T12:45:00Z,2026-05-03T14:45:00+0200,2795.18,MW,FR,FR,actual_onshore_wind_generation,Wind Onshore,2026-05-23T20:18:59Z
2026-05-23T20:18:24Z,2026-05-23T22:18:24+0200,ff0858ab-4740-4bdb-8b96-9805455abf18,2026-05-03T13:00:00Z,2026-05-03T15:00:00+0200,2738.91,MW,FR,FR,actual_onshore_wind_generation,Wind Onshore,2026-05-23T20:18:59Z
2026-05-23T20:18:24Z,2026-05-23T22:18:24+0200,ff0858ab-4740-4bdb-8b96-9805455abf18,2026-05-03T13:15:00Z,2026-05-03T15:15:00+0200,2677.67,MW,FR,FR,actual_onshore_wind_generation,Wind Onshore,2026-05-23T20:18:59Z
2026-05-23T20:18:24Z,2026-05-23T22:18:24+0200,ff0858ab-4740-4bdb-8b96-9805455abf18,2026-05-03T13:30:00Z,2026-05-03T15:30:00+0200,2659.37,MW,FR,FR,actual_onshore_wind_generation,Wind Onshore,2026-05-23T20:18:59Z
2026-05-23T20:18:24Z,2026-05-23T22:18:24+0200,ff0858ab-4740-4bdb-8b96-9805455abf18,2026-05-03T13:45:00Z,2026-05-03T15:45:00+0200,2630.58,MW,FR,FR,actual_onshore_wind_generation,Wind Onshore,2026-05-23T20:18:59Z
2026-05-23T20:18:24Z,2026-05-23T22:18:24+0200,ff0858ab-4740-4bdb-8b96-9805455abf18,2026-05-03T14:00:00Z,2026-05-03T16:00:00+0200,2656.67,MW,FR,FR,actual_onshore_wind_generation,Wind Onshore,2026-05-23T20:18:59Z
2026-05-23T20:18:24Z,2026-05-23T22:18:24+0200,ff0858ab-4740-4bdb-8b96-9805455abf18,2026-05-03T14:15:00Z,2026-05-03T16:15:00+0200,2690.42,MW,FR,FR,actual_onshore_wind_generation,Wind Onshore,2026-05-23T20:18:59Z
2026-05-23T20:18:24Z,2026-05-23T22:18:24+0200,ff0858ab-4740-4bdb-8b96-9805455abf18,2026-05-03T14:30:00Z,2026-05-03T16:30:00+0200,3579.62,MW,FR,FR,actual_onshore_wind_generation,Wind Onshore,2026-05-23T20:18:59Z
2026-05-23T20:18:24Z,2026-05-23T22:18:24+0200,ff0858ab-4740-4bdb-8b96-9805455abf18,2026-05-03T14:45:00Z,2026-05-03T16:45:00+0200,4214.53,MW,FR,FR,actual_onshore_wind_generation,Wind Onshore,2026-05-23T20:18:59Z
2026-05-23T20:18:24Z,2026-05-23T22:18:24+0200,ff0858ab-4740-4bdb-8b96-9805455abf18,2026-05-03T15:00:00Z,2026-05-03T17:00:00+0200,4315.45,MW,FR,FR,actual_onshore_wind_generation,Wind Onshore,2026-05-23T20:18:59Z
2026-05-23T20:18:24Z,2026-05-23T22:18:24+0200,ff0858ab-4740-4bdb-8b96-9805455abf18,2026-05-03T15:15:00Z,2026-05-03T17:15:00+0200,4391.6,MW,FR,FR,actual_onshore_wind_generation,Wind Onshore,2026-05-23T20:18:59Z
2026-05-23T20:18:24Z,2026-05-23T22:18:24+0200,ff0858ab-4740-4bdb-8b96-9805455abf18,2026-05-03T15:30:00Z,2026-05-03T17:30:00+0200,4363.04,MW,FR,FR,actual_onshore_wind_generation,Wind Onshore,2026-05-23T20:18:59Z
2026-05-23T20:18:24Z,2026-05-23T22:18:24+0200,ff0858ab-4740-4bdb-8b96-9805455abf18,2026-05-03T15:45:00Z,2026-05-03T17:45:00+0200,4228.43,MW,FR,FR,actual_onshore_wind_generation,Wind Onshore,2026-05-23T20:18:59Z
2026-05-23T20:18:24Z,2026-05-23T22:18:24+0200,ff0858ab-4740-4bdb-8b96-9805455abf18,2026-05-03T16:00:00Z,2026-05-03T18:00:00+0200,4148.23,MW,FR,FR,actual_onshore_wind_generation,Wind Onshore,2026-05-23T20:18:59Z
2026-05-23T20:18:24Z,2026-05-23T22:18:24+0200,ff0858ab-4740-4bdb-8b96-9805455abf18,2026-05-03T16:15:00Z,2026-05-03T18:15:00+0200,4034.43,MW,FR,FR,actual_onshore_wind_generation,Wind Onshore,2026-05-23T20:18:59Z
2026-05-23T20:18:24Z,2026-05-23T22:18:24+0200,ff0858ab-4740-4bdb-8b96-9805455abf18,2026-05-03T16:30:00Z,2026-05-03T18:30:00+0200,3908.6,MW,FR,FR,actual_onshore_wind_generation,Wind Onshore,2026-05-23T20:18:59Z
2026-05-23T20:18:24Z,2026-05-23T22:18:24+0200,ff0858ab-4740-4bdb-8b96-9805455abf18,2026-05-03T16:45:00Z,2026-05-03T18:45:00+0200,3713.12,MW,FR,FR,actual_onshore_wind_generation,Wind Onshore,2026-05-23T20:18:59Z
2026-05-23T20:18:24Z,2026-05-23T22:18:24+0200,ff0858ab-4740-4bdb-8b96-9805455abf18,2026-05-03T17:00:00Z,2026-05-03T19:00:00+0200,3691.86,MW,FR,FR,actual_onshore_wind_generation,Wind Onshore,2026-05-23T20:18:59Z
2026-05-23T20:18:24Z,2026-05-23T22:18:24+0200,ff0858ab-4740-4bdb-8b96-9805455abf18,2026-05-03T17:15:00Z,2026-05-03T19:15:00+0200,3529.53,MW,FR,FR,actual_onshore_wind_generation,Wind Onshore,2026-05-23T20:18:59Z
2026-05-23T20:18:24Z,2026-05-23T22:18:24+0200,ff0858ab-4740-4bdb-8b96-9805455abf18,2026-05-03T17:30:00Z,2026-05-03T19:30:00+0200,3349.84,MW,FR,FR,actual_onshore_wind_generation,Wind Onshore,2026-05-23T20:18:59Z
2026-05-23T20:18:24Z,2026-05-23T22:18:24+0200,ff0858ab-4740-4bdb-8b96-9805455abf18,2026-05-03T17:45:00Z,2026-05-03T19:45:00+0200,3268.8,MW,FR,FR,actual_onshore_wind_generation,Wind Onshore,2026-05-23T20:18:59Z
2026-05-23T20:18:24Z,2026-05-23T22:18:24+0200,ff0858ab-4740-4bdb-8b96-9805455abf18,2026-05-03T18:00:00Z,2026-05-03T20:00:00+0200,3210.09,MW,FR,FR,actual_onshore_wind_generation,Wind Onshore,2026-05-23T20:18:59Z
2026-05-23T20:18:24Z,2026-05-23T22:18:24+0200,ff0858ab-4740-4bdb-8b96-9805455abf18,2026-05-03T18:15:00Z,2026-05-03T20:15:00+0200,3246.36,MW,FR,FR,actual_onshore_wind_generation,Wind Onshore,2026-05-23T20:18:59Z
2026-05-23T20:18:24Z,2026-05-23T22:18:24+0200,ff0858ab-4740-4bdb-8b96-9805455abf18,2026-05-03T18:30:00Z,2026-05-03T20:30:00+0200,3365.62,MW,FR,FR,actual_onshore_wind_generation,Wind Onshore,2026-05-23T20:18:59Z
2026-05-23T20:18:24Z,2026-05-23T22:18:24+0200,ff0858ab-4740-4bdb-8b96-9805455abf18,2026-05-03T18:45:00Z,2026-05-03T20:45:00+0200,3397.5,MW,FR,FR,actual_onshore_wind_generation,Wind Onshore,2026-05-23T20:18:59Z
2026-05-23T20:18:24Z,2026-05-23T22:18:24+0200,ff0858ab-4740-4bdb-8b96-9805455abf18,2026-05-03T19:00:00Z,2026-05-03T21:00:00+0200,3234.59,MW,FR,FR,actual_onshore_wind_generation,Wind Onshore,2026-05-23T20:18:59Z
2026-05-23T20:18:24Z,2026-05-23T22:18:24+0200,ff0858ab-4740-4bdb-8b96-9805455abf18,2026-05-03T19:15:00Z,2026-05-03T21:15:00+0200,3258.02,MW,FR,FR,actual_onshore_wind_generation,Wind Onshore,2026-05-23T20:18:59Z
2026-05-23T20:18:24Z,2026-05-23T22:18:24+0200,ff0858ab-4740-4bdb-8b96-9805455abf18,2026-05-03T19:30:00Z,2026-05-03T21:30:00+0200,3356.99,MW,FR,FR,actual_onshore_wind_generation,Wind Onshore,2026-05-23T20:18:59Z
2026-05-23T20:18:24Z,2026-05-23T22:18:24+0200,ff0858ab-4740-4bdb-8b96-9805455abf18,2026-05-03T19:45:00Z,2026-05-03T21:45:00+0200,3509.15,MW,FR,FR,actual_onshore_wind_generation,Wind Onshore,2026-05-23T20:18:59Z
2026-05-23T20:18:24Z,2026-05-23T22:18:24+0200,ff0858ab-4740-4bdb-8b96-9805455abf18,2026-05-03T20:00:00Z,2026-05-03T22:00:00+0200,3620.33,MW,FR,FR,actual_onshore_wind_generation,Wind Onshore,2026-05-23T20:18:59Z
2026-05-23T20:18:24Z,2026-05-23T22:18:24+0200,ff0858ab-4740-4bdb-8b96-9805455abf18,2026-05-03T20:15:00Z,2026-05-03T22:15:00+0200,3658.3,MW,FR,FR,actual_onshore_wind_generation,Wind Onshore,2026-05-23T20:18:59Z
2026-05-23T20:18:24Z,2026-05-23T22:18:24+0200,ff0858ab-4740-4bdb-8b96-9805455abf18,2026-05-03T20:30:00Z,2026-05-03T22:30:00+0200,3707.04,MW,FR,FR,actual_onshore_wind_generation,Wind Onshore,2026-05-23T20:18:59Z
2026-05-23T20:18:24Z,2026-05-23T22:18:24+0200,ff0858ab-4740-4bdb-8b96-9805455abf18,2026-05-03T20:45:00Z,2026-05-03T22:45:00+0200,3739.43,MW,FR,FR,actual_onshore_wind_generation,Wind Onshore,2026-05-23T20:18:59Z
2026-05-23T20:18:24Z,2026-05-23T22:18:24+0200,ff0858ab-4740-4bdb-8b96-9805455abf18,2026-05-03T21:00:00Z,2026-05-03T23:00:00+0200,3762.12,MW,FR,FR,actual_onshore_wind_generation,Wind Onshore,2026-05-23T20:18:59Z
2026-05-23T20:18:24Z,2026-05-23T22:18:24+0200,ff0858ab-4740-4bdb-8b96-9805455abf18,2026-05-03T21:15:00Z,2026-05-03T23:15:00+0200,3747.54,MW,FR,FR,actual_onshore_wind_generation,Wind Onshore,2026-05-23T20:18:59Z
2026-05-23T20:18:24Z,2026-05-23T22:18:24+0200,ff0858ab-4740-4bdb-8b96-9805455abf18,2026-05-03T21:30:00Z,2026-05-03T23:30:00+0200,3706.21,MW,FR,FR,actual_onshore_wind_generation,Wind Onshore,2026-05-23T20:18:59Z
2026-05-23T20:18:24Z,2026-05-23T22:18:24+0200,ff0858ab-4740-4bdb-8b96-9805455abf18,2026-05-03T21:45:00Z,2026-05-03T23:45:00+0200,3610.88,MW,FR,FR,actual_onshore_wind_generation,Wind Onshore,2026-05-23T20:18:59Z
2026-05-23T20:18:24Z,2026-05-23T22:18:24+0200,ff0858ab-4740-4bdb-8b96-9805455abf18,2026-05-03T22:00:00Z,2026-05-04T00:00:00+0200,3613.67,MW,FR,FR,actual_onshore_wind_generation,Wind Onshore,2026-05-23T20:18:59Z
2026-05-23T20:18:24Z,2026-05-23T22:18:24+0200,ff0858ab-4740-4bdb-8b96-9805455abf18,2026-05-03T22:15:00Z,2026-05-04T00:15:00+0200,3503.08,MW,FR,FR,actual_onshore_wind_generation,Wind Onshore,2026-05-23T20:18:59Z
2026-05-23T20:18:24Z,2026-05-23T22:18:24+0200,ff0858ab-4740-4bdb-8b96-9805455abf18,2026-05-03T22:30:00Z,2026-05-04T00:30:00+0200,3367.79,MW,FR,FR,actual_onshore_wind_generation,Wind Onshore,2026-05-23T20:18:59Z
2026-05-23T20:18:24Z,2026-05-23T22:18:24+0200,ff0858ab-4740-4bdb-8b96-9805455abf18,2026-05-03T22:45:00Z,2026-05-04T00:45:00+0200,3243.78,MW,FR,FR,actual_onshore_wind_generation,Wind Onshore,2026-05-23T20:18:59Z
2026-05-23T20:18:24Z,2026-05-23T22:18:24+0200,ff0858ab-4740-4bdb-8b96-9805455abf18,2026-05-03T23:00:00Z,2026-05-04T01:00:00+0200,3139.36,MW,FR,FR,actual_onshore_wind_generation,Wind Onshore,2026-05-23T20:18:59Z
2026-05-23T20:18:24Z,2026-05-23T22:18:24+0200,ff0858ab-4740-4bdb-8b96-9805455abf18,2026-05-03T23:15:00Z,2026-05-04T01:15:00+0200,3056.51,MW,FR,FR,actual_onshore_wind_generation,Wind Onshore,2026-05-23T20:18:59Z
2026-05-23T20:18:24Z,2026-05-23T22:18:24+0200,ff0858ab-4740-4bdb-8b96-9805455abf18,2026-05-03T23:30:00Z,2026-05-04T01:30:00+0200,3024.28,MW,FR,FR,actual_onshore_wind_generation,Wind Onshore,2026-05-23T20:18:59Z
2026-05-23T20:18:24Z,2026-05-23T22:18:24+0200,ff0858ab-4740-4bdb-8b96-9805455abf18,2026-05-03T23:45:00Z,2026-05-04T01:45:00+0200,2899.11,MW,FR,FR,actual_onshore_wind_generation,Wind Onshore,2026-05-23T20:18:59Z
2026-05-23T20:18:24Z,2026-05-23T22:18:24+0200,ff0858ab-4740-4bdb-8b96-9805455abf18,2026-05-04T00:00:00Z,2026-05-04T02:00:00+0200,2728.54,MW,FR,FR,actual_onshore_wind_generation,Wind Onshore,2026-05-23T20:18:59Z
2026-05-23T20:18:24Z,2026-05-23T22:18:24+0200,ff0858ab-4740-4bdb-8b96-9805455abf18,2026-05-04T00:15:00Z,2026-05-04T02:15:00+0200,2592.62,MW,FR,FR,actual_onshore_wind_generation,Wind Onshore,2026-05-23T20:18:59Z
2026-05-23T20:18:24Z,2026-05-23T22:18:24+0200,ff0858ab-4740-4bdb-8b96-9805455abf18,2026-05-04T00:30:00Z,2026-05-04T02:30:00+0200,2439.14,MW,FR,FR,actual_onshore_wind_generation,Wind Onshore,2026-05-23T20:18:59Z
2026-05-23T20:18:24Z,2026-05-23T22:18:24+0200,ff0858ab-4740-4bdb-8b96-9805455abf18,2026-05-04T00:45:00Z,2026-05-04T02:45:00+0200,2372.02,MW,FR,FR,actual_onshore_wind_generation,Wind Onshore,2026-05-23T20:18:59Z
2026-05-23T20:18:24Z,2026-05-23T22:18:24+0200,ff0858ab-4740-4bdb-8b96-9805455abf18,2026-05-04T01:00:00Z,2026-05-04T03:00:00+0200,2284.66,MW,FR,FR,actual_onshore_wind_generation,Wind Onshore,2026-05-23T20:18:59Z
2026-05-23T20:18:24Z,2026-05-23T22:18:24+0200,ff0858ab-4740-4bdb-8b96-9805455abf18,2026-05-04T01:15:00Z,2026-05-04T03:15:00+0200,2177.79,MW,FR,FR,actual_onshore_wind_generation,Wind Onshore,2026-05-23T20:18:59Z
2026-05-23T20:18:24Z,2026-05-23T22:18:24+0200,ff0858ab-4740-4bdb-8b96-9805455abf18,2026-05-04T01:30:00Z,2026-05-04T03:30:00+0200,2068.67,MW,FR,FR,actual_onshore_wind_generation,Wind Onshore,2026-05-23T20:18:59Z
2026-05-23T20:18:24Z,2026-05-23T22:18:24+0200,ff0858ab-4740-4bdb-8b96-9805455abf18,2026-05-04T01:45:00Z,2026-05-04T03:45:00+0200,1990.54,MW,FR,FR,actual_onshore_wind_generation,Wind Onshore,2026-05-23T20:18:59Z
2026-05-23T20:18:24Z,2026-05-23T22:18:24+0200,ff0858ab-4740-4bdb-8b96-9805455abf18,2026-05-04T02:00:00Z,2026-05-04T04:00:00+0200,1918.36,MW,FR,FR,actual_onshore_wind_generation,Wind Onshore,2026-05-23T20:18:59Z
2026-05-23T20:18:24Z,2026-05-23T22:18:24+0200,ff0858ab-4740-4bdb-8b96-9805455abf18,2026-05-04T02:15:00Z,2026-05-04T04:15:00+0200,1856.39,MW,FR,FR,actual_onshore_wind_generation,Wind Onshore,2026-05-23T20:18:59Z
2026-05-23T20:18:24Z,2026-05-23T22:18:24+0200,ff0858ab-4740-4bdb-8b96-9805455abf18,2026-05-04T02:30:00Z,2026-05-04T04:30:00+0200,1805.74,MW,FR,FR,actual_onshore_wind_generation,Wind Onshore,2026-05-23T20:18:59Z
2026-05-23T20:18:24Z,2026-05-23T22:18:24+0200,ff0858ab-4740-4bdb-8b96-9805455abf18,2026-05-04T02:45:00Z,2026-05-04T04:45:00+0200,1741.69,MW,FR,FR,actual_onshore_wind_generation,Wind Onshore,2026-05-23T20:18:59Z
2026-05-23T20:18:24Z,2026-05-23T22:18:24+0200,ff0858ab-4740-4bdb-8b96-9805455abf18,2026-05-04T03:00:00Z,2026-05-04T05:00:00+0200,1726.13,MW,FR,FR,actual_onshore_wind_generation,Wind Onshore,2026-05-23T20:18:59Z
2026-05-23T20:18:24Z,2026-05-23T22:18:24+0200,ff0858ab-4740-4bdb-8b96-9805455abf18,2026-05-04T03:15:00Z,2026-05-04T05:15:00+0200,1696.91,MW,FR,FR,actual_onshore_wind_generation,Wind Onshore,2026-05-23T20:18:59Z
2026-05-23T20:18:24Z,2026-05-23T22:18:24+0200,ff0858ab-4740-4bdb-8b96-9805455abf18,2026-05-04T03:30:00Z,2026-05-04T05:30:00+0200,1658.9,MW,FR,FR,actual_onshore_wind_generation,Wind Onshore,2026-05-23T20:18:59Z
2026-05-23T20:18:24Z,2026-05-23T22:18:24+0200,ff0858ab-4740-4bdb-8b96-9805455abf18,2026-05-04T03:45:00Z,2026-05-04T05:45:00+0200,1608.69,MW,FR,FR,actual_onshore_wind_generation,Wind Onshore,2026-05-23T20:18:59Z
2026-05-23T20:18:24Z,2026-05-23T22:18:24+0200,ff0858ab-4740-4bdb-8b96-9805455abf18,2026-05-04T04:00:00Z,2026-05-04T06:00:00+0200,1563.06,MW,FR,FR,actual_onshore_wind_generation,Wind Onshore,2026-05-23T20:18:59Z
2026-05-23T20:18:24Z,2026-05-23T22:18:24+0200,ff0858ab-4740-4bdb-8b96-9805455abf18,2026-05-04T04:15:00Z,2026-05-04T06:15:00+0200,1514.14,MW,FR,FR,actual_onshore_wind_generation,Wind Onshore,2026-05-23T20:18:59Z
2026-05-23T20:18:24Z,2026-05-23T22:18:24+0200,ff0858ab-4740-4bdb-8b96-9805455abf18,2026-05-04T04:30:00Z,2026-05-04T06:30:00+0200,1434.87,MW,FR,FR,actual_onshore_wind_generation,Wind Onshore,2026-05-23T20:18:59Z
2026-05-23T20:18:24Z,2026-05-23T22:18:24+0200,ff0858ab-4740-4bdb-8b96-9805455abf18,2026-05-04T04:45:00Z,2026-05-04T06:45:00+0200,1411.9,MW,FR,FR,actual_onshore_wind_generation,Wind Onshore,2026-05-23T20:18:59Z
2026-05-23T20:18:24Z,2026-05-23T22:18:24+0200,ff0858ab-4740-4bdb-8b96-9805455abf18,2026-05-04T05:00:00Z,2026-05-04T07:00:00+0200,1389.09,MW,FR,FR,actual_onshore_wind_generation,Wind Onshore,2026-05-23T20:18:59Z
2026-05-23T20:18:24Z,2026-05-23T22:18:24+0200,ff0858ab-4740-4bdb-8b96-9805455abf18,2026-05-04T05:15:00Z,2026-05-04T07:15:00+0200,1382.73,MW,FR,FR,actual_onshore_wind_generation,Wind Onshore,2026-05-23T20:18:59Z
2026-05-23T20:18:24Z,2026-05-23T22:18:24+0200,ff0858ab-4740-4bdb-8b96-9805455abf18,2026-05-04T05:30:00Z,2026-05-04T07:30:00+0200,1386.96,MW,FR,FR,actual_onshore_wind_generation,Wind Onshore,2026-05-23T20:18:59Z
2026-05-23T20:18:24Z,2026-05-23T22:18:24+0200,ff0858ab-4740-4bdb-8b96-9805455abf18,2026-05-04T05:45:00Z,2026-05-04T07:45:00+0200,1387.3,MW,FR,FR,actual_onshore_wind_generation,Wind Onshore,2026-05-23T20:18:59Z
2026-05-23T20:18:24Z,2026-05-23T22:18:24+0200,ff0858ab-4740-4bdb-8b96-9805455abf18,2026-05-04T06:00:00Z,2026-05-04T08:00:00+0200,1363.34,MW,FR,FR,actual_onshore_wind_generation,Wind Onshore,2026-05-23T20:18:59Z
2026-05-23T20:18:24Z,2026-05-23T22:18:24+0200,ff0858ab-4740-4bdb-8b96-9805455abf18,2026-05-04T06:15:00Z,2026-05-04T08:15:00+0200,1314.63,MW,FR,FR,actual_onshore_wind_generation,Wind Onshore,2026-05-23T20:18:59Z
2026-05-23T20:18:24Z,2026-05-23T22:18:24+0200,ff0858ab-4740-4bdb-8b96-9805455abf18,2026-05-04T06:30:00Z,2026-05-04T08:30:00+0200,1299.89,MW,FR,FR,actual_onshore_wind_generation,Wind Onshore,2026-05-23T20:18:59Z
2026-05-23T20:18:24Z,2026-05-23T22:18:24+0200,ff0858ab-4740-4bdb-8b96-9805455abf18,2026-05-04T06:45:00Z,2026-05-04T08:45:00+0200,1261.39,MW,FR,FR,actual_onshore_wind_generation,Wind Onshore,2026-05-23T20:18:59Z
2026-05-23T20:18:24Z,2026-05-23T22:18:24+0200,ff0858ab-4740-4bdb-8b96-9805455abf18,2026-05-04T07:00:00Z,2026-05-04T09:00:00+0200,1222.47,MW,FR,FR,actual_onshore_wind_generation,Wind Onshore,2026-05-23T20:18:59Z
2026-05-23T20:18:24Z,2026-05-23T22:18:24+0200,ff0858ab-4740-4bdb-8b96-9805455abf18,2026-05-04T07:15:00Z,2026-05-04T09:15:00+0200,1164.16,MW,FR,FR,actual_onshore_wind_generation,Wind Onshore,2026-05-23T20:18:59Z
2026-05-23T20:18:24Z,2026-05-23T22:18:24+0200,ff0858ab-4740-4bdb-8b96-9805455abf18,2026-05-04T07:30:00Z,2026-05-04T09:30:00+0200,1167.2,MW,FR,FR,actual_onshore_wind_generation,Wind Onshore,2026-05-23T20:18:59Z
2026-05-23T20:18:24Z,2026-05-23T22:18:24+0200,ff0858ab-4740-4bdb-8b96-9805455abf18,2026-05-04T07:45:00Z,2026-05-04T09:45:00+0200,1164.0,MW,FR,FR,actual_onshore_wind_generation,Wind Onshore,2026-05-23T20:18:59Z
2026-05-23T20:18:24Z,2026-05-23T22:18:24+0200,ff0858ab-4740-4bdb-8b96-9805455abf18,2026-05-04T08:00:00Z,2026-05-04T10:00:00+0200,1146.39,MW,FR,FR,actual_onshore_wind_generation,Wind Onshore,2026-05-23T20:18:59Z
2026-05-23T20:18:24Z,2026-05-23T22:18:24+0200,ff0858ab-4740-4bdb-8b96-9805455abf18,2026-05-04T08:15:00Z,2026-05-04T10:15:00+0200,1131.49,MW,FR,FR,actual_onshore_wind_generation,Wind Onshore,2026-05-23T20:18:59Z
2026-05-23T20:18:24Z,2026-05-23T22:18:24+0200,ff0858ab-4740-4bdb-8b96-9805455abf18,2026-05-04T08:30:00Z,2026-05-04T10:30:00+0200,1117.23,MW,FR,FR,actual_onshore_wind_generation,Wind Onshore,2026-05-23T20:18:59Z
2026-05-23T20:18:24Z,2026-05-23T22:18:24+0200,ff0858ab-4740-4bdb-8b96-9805455abf18,2026-05-04T08:45:00Z,2026-05-04T10:45:00+0200,1208.43,MW,FR,FR,actual_onshore_wind_generation,Wind Onshore,2026-05-23T20:18:59Z
2026-05-23T20:18:24Z,2026-05-23T22:18:24+0200,ff0858ab-4740-4bdb-8b96-9805455abf18,2026-05-04T09:00:00Z,2026-05-04T11:00:00+0200,1225.94,MW,FR,FR,actual_onshore_wind_generation,Wind Onshore,2026-05-23T20:18:59Z
2026-05-23T20:18:24Z,2026-05-23T22:18:24+0200,ff0858ab-4740-4bdb-8b96-9805455abf18,2026-05-04T09:15:00Z,2026-05-04T11:15:00+0200,1184.45,MW,FR,FR,actual_onshore_wind_generation,Wind Onshore,2026-05-23T20:18:59Z
2026-05-23T20:18:24Z,2026-05-23T22:18:24+0200,ff0858ab-4740-4bdb-8b96-9805455abf18,2026-05-04T09:30:00Z,2026-05-04T11:30:00+0200,1142.62,MW,FR,FR,actual_onshore_wind_generation,Wind Onshore,2026-05-23T20:18:59Z
2026-05-23T20:18:24Z,2026-05-23T22:18:24+0200,ff0858ab-4740-4bdb-8b96-9805455abf18,2026-05-04T09:45:00Z,2026-05-04T11:45:00+0200,1118.62,MW,FR,FR,actual_onshore_wind_generation,Wind Onshore,2026-05-23T20:18:59Z
2026-05-23T20:18:24Z,2026-05-23T22:18:24+0200,ff0858ab-4740-4bdb-8b96-9805455abf18,2026-05-04T10:00:00Z,2026-05-04T12:00:00+0200,1143.27,MW,FR,FR,actual_onshore_wind_generation,Wind Onshore,2026-05-23T20:18:59Z
2026-05-23T20:18:24Z,2026-05-23T22:18:24+0200,ff0858ab-4740-4bdb-8b96-9805455abf18,2026-05-04T10:15:00Z,2026-05-04T12:15:00+0200,1194.2,MW,FR,FR,actual_onshore_wind_generation,Wind Onshore,2026-05-23T20:18:59Z
2026-05-23T20:18:24Z,2026-05-23T22:18:24+0200,ff0858ab-4740-4bdb-8b96-9805455abf18,2026-05-04T10:30:00Z,2026-05-04T12:30:00+0200,1198.91,MW,FR,FR,actual_onshore_wind_generation,Wind Onshore,2026-05-23T20:18:59Z
2026-05-23T20:18:24Z,2026-05-23T22:18:24+0200,ff0858ab-4740-4bdb-8b96-9805455abf18,2026-05-04T10:45:00Z,2026-05-04T12:45:00+0200,1212.03,MW,FR,FR,actual_onshore_wind_generation,Wind Onshore,2026-05-23T20:18:59Z
2026-05-23T20:18:24Z,2026-05-23T22:18:24+0200,ff0858ab-4740-4bdb-8b96-9805455abf18,2026-05-04T11:00:00Z,2026-05-04T13:00:00+0200,1221.69,MW,FR,FR,actual_onshore_wind_generation,Wind Onshore,2026-05-23T20:18:59Z
2026-05-23T20:18:24Z,2026-05-23T22:18:24+0200,ff0858ab-4740-4bdb-8b96-9805455abf18,2026-05-04T11:15:00Z,2026-05-04T13:15:00+0200,1260.82,MW,FR,FR,actual_onshore_wind_generation,Wind Onshore,2026-05-23T20:18:59Z
2026-05-23T20:18:24Z,2026-05-23T22:18:24+0200,ff0858ab-4740-4bdb-8b96-9805455abf18,2026-05-04T11:30:00Z,2026-05-04T13:30:00+0200,1281.61,MW,FR,FR,actual_onshore_wind_generation,Wind Onshore,2026-05-23T20:18:59Z
2026-05-23T20:18:24Z,2026-05-23T22:18:24+0200,ff0858ab-4740-4bdb-8b96-9805455abf18,2026-05-04T11:45:00Z,2026-05-04T13:45:00+0200,1282.22,MW,FR,FR,actual_onshore_wind_generation,Wind Onshore,2026-05-23T20:18:59Z
2026-05-23T20:18:24Z,2026-05-23T22:18:24+0200,ff0858ab-4740-4bdb-8b96-9805455abf18,2026-05-04T12:00:00Z,2026-05-04T14:00:00+0200,1303.18,MW,FR,FR,actual_onshore_wind_generation,Wind Onshore,2026-05-23T20:18:59Z
2026-05-23T20:18:24Z,2026-05-23T22:18:24+0200,ff0858ab-4740-4bdb-8b96-9805455abf18,2026-05-04T12:15:00Z,2026-05-04T14:15:00+0200,1299.07,MW,FR,FR,actual_onshore_wind_generation,Wind Onshore,2026-05-23T20:18:59Z
2026-05-23T20:18:24Z,2026-05-23T22:18:24+0200,ff0858ab-4740-4bdb-8b96-9805455abf18,2026-05-04T12:30:00Z,2026-05-04T14:30:00+0200,1366.08,MW,FR,FR,actual_onshore_wind_generation,Wind Onshore,2026-05-23T20:18:59Z
2026-05-23T20:18:24Z,2026-05-23T22:18:24+0200,ff0858ab-4740-4bdb-8b96-9805455abf18,2026-05-04T12:45:00Z,2026-05-04T14:45:00+0200,1439.41,MW,FR,FR,actual_onshore_wind_generation,Wind Onshore,2026-05-23T20:18:59Z
2026-05-23T20:18:24Z,2026-05-23T22:18:24+0200,ff0858ab-4740-4bdb-8b96-9805455abf18,2026-05-04T13:00:00Z,2026-05-04T15:00:00+0200,1514.12,MW,FR,FR,actual_onshore_wind_generation,Wind Onshore,2026-05-23T20:18:59Z
2026-05-23T20:18:24Z,2026-05-23T22:18:24+0200,ff0858ab-4740-4bdb-8b96-9805455abf18,2026-05-04T13:15:00Z,2026-05-04T15:15:00+0200,1512.36,MW,FR,FR,actual_onshore_wind_generation,Wind Onshore,2026-05-23T20:18:59Z
2026-05-23T20:18:24Z,2026-05-23T22:18:24+0200,ff0858ab-4740-4bdb-8b96-9805455abf18,2026-05-04T13:30:00Z,2026-05-04T15:30:00+0200,1432.54,MW,FR,FR,actual_onshore_wind_generation,Wind Onshore,2026-05-23T20:18:59Z
2026-05-23T20:18:24Z,2026-05-23T22:18:24+0200,ff0858ab-4740-4bdb-8b96-9805455abf18,2026-05-04T13:45:00Z,2026-05-04T15:45:00+0200,1467.72,MW,FR,FR,actual_onshore_wind_generation,Wind Onshore,2026-05-23T20:18:59Z
2026-05-23T20:18:24Z,2026-05-23T22:18:24+0200,ff0858ab-4740-4bdb-8b96-9805455abf18,2026-05-04T14:00:00Z,2026-05-04T16:00:00+0200,1511.74,MW,FR,FR,actual_onshore_wind_generation,Wind Onshore,2026-05-23T20:18:59Z
2026-05-23T20:18:24Z,2026-05-23T22:18:24+0200,ff0858ab-4740-4bdb-8b96-9805455abf18,2026-05-04T14:15:00Z,2026-05-04T16:15:00+0200,1592.28,MW,FR,FR,actual_onshore_wind_generation,Wind Onshore,2026-05-23T20:18:59Z
2026-05-23T20:18:24Z,2026-05-23T22:18:24+0200,ff0858ab-4740-4bdb-8b96-9805455abf18,2026-05-04T14:30:00Z,2026-05-04T16:30:00+0200,1632.58,MW,FR,FR,actual_onshore_wind_generation,Wind Onshore,2026-05-23T20:18:59Z
2026-05-23T20:18:24Z,2026-05-23T22:18:24+0200,ff0858ab-4740-4bdb-8b96-9805455abf18,2026-05-04T14:45:00Z,2026-05-04T16:45:00+0200,1650.15,MW,FR,FR,actual_onshore_wind_generation,Wind Onshore,2026-05-23T20:18:59Z
2026-05-23T20:18:24Z,2026-05-23T22:18:24+0200,ff0858ab-4740-4bdb-8b96-9805455abf18,2026-05-04T15:00:00Z,2026-05-04T17:00:00+0200,1738.73,MW,FR,FR,actual_onshore_wind_generation,Wind Onshore,2026-05-23T20:18:59Z
2026-05-23T20:18:24Z,2026-05-23T22:18:24+0200,ff0858ab-4740-4bdb-8b96-9805455abf18,2026-05-04T15:15:00Z,2026-05-04T17:15:00+0200,1783.75,MW,FR,FR,actual_onshore_wind_generation,Wind Onshore,2026-05-23T20:18:59Z
2026-05-23T20:18:24Z,2026-05-23T22:18:24+0200,ff0858ab-4740-4bdb-8b96-9805455abf18,2026-05-04T15:30:00Z,2026-05-04T17:30:00+0200,1765.01,MW,FR,FR,actual_onshore_wind_generation,Wind Onshore,2026-05-23T20:18:59Z
2026-05-23T20:18:24Z,2026-05-23T22:18:24+0200,ff0858ab-4740-4bdb-8b96-9805455abf18,2026-05-04T15:45:00Z,2026-05-04T17:45:00+0200,1815.86,MW,FR,FR,actual_onshore_wind_generation,Wind Onshore,2026-05-23T20:18:59Z
2026-05-23T20:18:24Z,2026-05-23T22:18:24+0200,ff0858ab-4740-4bdb-8b96-9805455abf18,2026-05-04T16:00:00Z,2026-05-04T18:00:00+0200,1765.84,MW,FR,FR,actual_onshore_wind_generation,Wind Onshore,2026-05-23T20:18:59Z
2026-05-23T20:18:24Z,2026-05-23T22:18:24+0200,ff0858ab-4740-4bdb-8b96-9805455abf18,2026-05-04T16:15:00Z,2026-05-04T18:15:00+0200,1751.33,MW,FR,FR,actual_onshore_wind_generation,Wind Onshore,2026-05-23T20:18:59Z
2026-05-23T20:18:24Z,2026-05-23T22:18:24+0200,ff0858ab-4740-4bdb-8b96-9805455abf18,2026-05-04T16:30:00Z,2026-05-04T18:30:00+0200,1763.16,MW,FR,FR,actual_onshore_wind_generation,Wind Onshore,2026-05-23T20:18:59Z
2026-05-23T20:18:24Z,2026-05-23T22:18:24+0200,ff0858ab-4740-4bdb-8b96-9805455abf18,2026-05-04T16:45:00Z,2026-05-04T18:45:00+0200,1721.43,MW,FR,FR,actual_onshore_wind_generation,Wind Onshore,2026-05-23T20:18:59Z
2026-05-23T20:18:24Z,2026-05-23T22:18:24+0200,ff0858ab-4740-4bdb-8b96-9805455abf18,2026-05-04T17:00:00Z,2026-05-04T19:00:00+0200,1639.1,MW,FR,FR,actual_onshore_wind_generation,Wind Onshore,2026-05-23T20:18:59Z
2026-05-23T20:18:24Z,2026-05-23T22:18:24+0200,ff0858ab-4740-4bdb-8b96-9805455abf18,2026-05-04T17:15:00Z,2026-05-04T19:15:00+0200,1608.09,MW,FR,FR,actual_onshore_wind_generation,Wind Onshore,2026-05-23T20:18:59Z
2026-05-23T20:18:24Z,2026-05-23T22:18:24+0200,ff0858ab-4740-4bdb-8b96-9805455abf18,2026-05-04T17:30:00Z,2026-05-04T19:30:00+0200,1574.64,MW,FR,FR,actual_onshore_wind_generation,Wind Onshore,2026-05-23T20:18:59Z
2026-05-23T20:18:24Z,2026-05-23T22:18:24+0200,ff0858ab-4740-4bdb-8b96-9805455abf18,2026-05-04T17:45:00Z,2026-05-04T19:45:00+0200,1598.23,MW,FR,FR,actual_onshore_wind_generation,Wind Onshore,2026-05-23T20:18:59Z
2026-05-23T20:18:24Z,2026-05-23T22:18:24+0200,ff0858ab-4740-4bdb-8b96-9805455abf18,2026-05-04T18:00:00Z,2026-05-04T20:00:00+0200,1617.07,MW,FR,FR,actual_onshore_wind_generation,Wind Onshore,2026-05-23T20:18:59Z
2026-05-23T20:18:24Z,2026-05-23T22:18:24+0200,ff0858ab-4740-4bdb-8b96-9805455abf18,2026-05-04T18:15:00Z,2026-05-04T20:15:00+0200,1625.59,MW,FR,FR,actual_onshore_wind_generation,Wind Onshore,2026-05-23T20:18:59Z
2026-05-23T20:18:24Z,2026-05-23T22:18:24+0200,ff0858ab-4740-4bdb-8b96-9805455abf18,2026-05-04T18:30:00Z,2026-05-04T20:30:00+0200,1738.32,MW,FR,FR,actual_onshore_wind_generation,Wind Onshore,2026-05-23T20:18:59Z
2026-05-23T20:18:24Z,2026-05-23T22:18:24+0200,ff0858ab-4740-4bdb-8b96-9805455abf18,2026-05-04T18:45:00Z,2026-05-04T20:45:00+0200,1920.04,MW,FR,FR,actual_onshore_wind_generation,Wind Onshore,2026-05-23T20:18:59Z
2026-05-23T20:18:24Z,2026-05-23T22:18:24+0200,ff0858ab-4740-4bdb-8b96-9805455abf18,2026-05-04T19:00:00Z,2026-05-04T21:00:00+0200,1949.81,MW,FR,FR,actual_onshore_wind_generation,Wind Onshore,2026-05-23T20:18:59Z
2026-05-23T20:18:24Z,2026-05-23T22:18:24+0200,ff0858ab-4740-4bdb-8b96-9805455abf18,2026-05-04T19:15:00Z,2026-05-04T21:15:00+0200,1982.93,MW,FR,FR,actual_onshore_wind_generation,Wind Onshore,2026-05-23T20:18:59Z
2026-05-23T20:18:24Z,2026-05-23T22:18:24+0200,ff0858ab-4740-4bdb-8b96-9805455abf18,2026-05-04T19:30:00Z,2026-05-04T21:30:00+0200,2120.77,MW,FR,FR,actual_onshore_wind_generation,Wind Onshore,2026-05-23T20:18:59Z
2026-05-23T20:18:24Z,2026-05-23T22:18:24+0200,ff0858ab-4740-4bdb-8b96-9805455abf18,2026-05-04T19:45:00Z,2026-05-04T21:45:00+0200,2220.05,MW,FR,FR,actual_onshore_wind_generation,Wind Onshore,2026-05-23T20:18:59Z
2026-05-23T20:18:24Z,2026-05-23T22:18:24+0200,ff0858ab-4740-4bdb-8b96-9805455abf18,2026-05-04T20:00:00Z,2026-05-04T22:00:00+0200,2270.58,MW,FR,FR,actual_onshore_wind_generation,Wind Onshore,2026-05-23T20:18:59Z
2026-05-23T20:18:24Z,2026-05-23T22:18:24+0200,ff0858ab-4740-4bdb-8b96-9805455abf18,2026-05-04T20:15:00Z,2026-05-04T22:15:00+0200,2272.51,MW,FR,FR,actual_onshore_wind_generation,Wind Onshore,2026-05-23T20:18:59Z
2026-05-23T20:18:24Z,2026-05-23T22:18:24+0200,ff0858ab-4740-4bdb-8b96-9805455abf18,2026-05-04T20:30:00Z,2026-05-04T22:30:00+0200,2342.12,MW,FR,FR,actual_onshore_wind_generation,Wind Onshore,2026-05-23T20:18:59Z
2026-05-23T20:18:24Z,2026-05-23T22:18:24+0200,ff0858ab-4740-4bdb-8b96-9805455abf18,2026-05-04T20:45:00Z,2026-05-04T22:45:00+0200,2303.94,MW,FR,FR,actual_onshore_wind_generation,Wind Onshore,2026-05-23T20:18:59Z
2026-05-23T20:18:24Z,2026-05-23T22:18:24+0200,ff0858ab-4740-4bdb-8b96-9805455abf18,2026-05-04T21:00:00Z,2026-05-04T23:00:00+0200,2281.15,MW,FR,FR,actual_onshore_wind_generation,Wind Onshore,2026-05-23T20:18:59Z
2026-05-23T20:18:24Z,2026-05-23T22:18:24+0200,ff0858ab-4740-4bdb-8b96-9805455abf18,2026-05-04T21:15:00Z,2026-05-04T23:15:00+0200,2247.59,MW,FR,FR,actual_onshore_wind_generation,Wind Onshore,2026-05-23T20:18:59Z
2026-05-23T20:18:24Z,2026-05-23T22:18:24+0200,ff0858ab-4740-4bdb-8b96-9805455abf18,2026-05-04T21:30:00Z,2026-05-04T23:30:00+0200,2280.42,MW,FR,FR,actual_onshore_wind_generation,Wind Onshore,2026-05-23T20:18:59Z
2026-05-23T20:18:24Z,2026-05-23T22:18:24+0200,ff0858ab-4740-4bdb-8b96-9805455abf18,2026-05-04T21:45:00Z,2026-05-04T23:45:00+0200,2342.46,MW,FR,FR,actual_onshore_wind_generation,Wind Onshore,2026-05-23T20:18:59Z
2026-05-23T20:18:24Z,2026-05-23T22:18:24+0200,ff0858ab-4740-4bdb-8b96-9805455abf18,2026-05-04T22:00:00Z,2026-05-05T00:00:00+0200,2452.99,MW,FR,FR,actual_onshore_wind_generation,Wind Onshore,2026-05-23T20:18:59Z
2026-05-23T20:18:24Z,2026-05-23T22:18:24+0200,ff0858ab-4740-4bdb-8b96-9805455abf18,2026-05-04T22:15:00Z,2026-05-05T00:15:00+0200,2590.5,MW,FR,FR,actual_onshore_wind_generation,Wind Onshore,2026-05-23T20:18:59Z
2026-05-23T20:18:24Z,2026-05-23T22:18:24+0200,ff0858ab-4740-4bdb-8b96-9805455abf18,2026-05-04T22:30:00Z,2026-05-05T00:30:00+0200,2645.73,MW,FR,FR,actual_onshore_wind_generation,Wind Onshore,2026-05-23T20:18:59Z
2026-05-23T20:18:24Z,2026-05-23T22:18:24+0200,ff0858ab-4740-4bdb-8b96-9805455abf18,2026-05-04T22:45:00Z,2026-05-05T00:45:00+0200,2633.73,MW,FR,FR,actual_onshore_wind_generation,Wind Onshore,2026-05-23T20:18:59Z
2026-05-23T20:18:24Z,2026-05-23T22:18:24+0200,ff0858ab-4740-4bdb-8b96-9805455abf18,2026-05-04T23:00:00Z,2026-05-05T01:00:00+0200,2603.53,MW,FR,FR,actual_onshore_wind_generation,Wind Onshore,2026-05-23T20:18:59Z
2026-05-23T20:18:24Z,2026-05-23T22:18:24+0200,ff0858ab-4740-4bdb-8b96-9805455abf18,2026-05-04T23:15:00Z,2026-05-05T01:15:00+0200,2564.1,MW,FR,FR,actual_onshore_wind_generation,Wind Onshore,2026-05-23T20:18:59Z
2026-05-23T20:18:24Z,2026-05-23T22:18:24+0200,ff0858ab-4740-4bdb-8b96-9805455abf18,2026-05-04T23:30:00Z,2026-05-05T01:30:00+0200,2551.35,MW,FR,FR,actual_onshore_wind_generation,Wind Onshore,2026-05-23T20:18:59Z
2026-05-23T20:18:24Z,2026-05-23T22:18:24+0200,ff0858ab-4740-4bdb-8b96-9805455abf18,2026-05-04T23:45:00Z,2026-05-05T01:45:00+0200,2503.3,MW,FR,FR,actual_onshore_wind_generation,Wind Onshore,2026-05-23T20:18:59Z
2026-05-23T20:18:24Z,2026-05-23T22:18:24+0200,ff0858ab-4740-4bdb-8b96-9805455abf18,2026-05-05T00:00:00Z,2026-05-05T02:00:00+0200,2471.12,MW,FR,FR,actual_onshore_wind_generation,Wind Onshore,2026-05-23T20:18:59Z
2026-05-23T20:18:24Z,2026-05-23T22:18:24+0200,ff0858ab-4740-4bdb-8b96-9805455abf18,2026-05-05T00:15:00Z,2026-05-05T02:15:00+0200,2471.02,MW,FR,FR,actual_onshore_wind_generation,Wind Onshore,2026-05-23T20:18:59Z
2026-05-23T20:18:24Z,2026-05-23T22:18:24+0200,ff0858ab-4740-4bdb-8b96-9805455abf18,2026-05-05T00:30:00Z,2026-05-05T02:30:00+0200,2481.07,MW,FR,FR,actual_onshore_wind_generation,Wind Onshore,2026-05-23T20:18:59Z
2026-05-23T20:18:24Z,2026-05-23T22:18:24+0200,ff0858ab-4740-4bdb-8b96-9805455abf18,2026-05-05T00:45:00Z,2026-05-05T02:45:00+0200,2497.91,MW,FR,FR,actual_onshore_wind_generation,Wind Onshore,2026-05-23T20:18:59Z
2026-05-23T20:18:24Z,2026-05-23T22:18:24+0200,ff0858ab-4740-4bdb-8b96-9805455abf18,2026-05-05T01:00:00Z,2026-05-05T03:00:00+0200,2493.56,MW,FR,FR,actual_onshore_wind_generation,Wind Onshore,2026-05-23T20:18:59Z
2026-05-23T20:18:24Z,2026-05-23T22:18:24+0200,ff0858ab-4740-4bdb-8b96-9805455abf18,2026-05-05T01:15:00Z,2026-05-05T03:15:00+0200,2464.11,MW,FR,FR,actual_onshore_wind_generation,Wind Onshore,2026-05-23T20:18:59Z
2026-05-23T20:18:24Z,2026-05-23T22:18:24+0200,ff0858ab-4740-4bdb-8b96-9805455abf18,2026-05-05T01:30:00Z,2026-05-05T03:30:00+0200,2463.19,MW,FR,FR,actual_onshore_wind_generation,Wind Onshore,2026-05-23T20:18:59Z
2026-05-23T20:18:24Z,2026-05-23T22:18:24+0200,ff0858ab-4740-4bdb-8b96-9805455abf18,2026-05-05T01:45:00Z,2026-05-05T03:45:00+0200,2467.25,MW,FR,FR,actual_onshore_wind_generation,Wind Onshore,2026-05-23T20:18:59Z
2026-05-23T20:18:24Z,2026-05-23T22:18:24+0200,ff0858ab-4740-4bdb-8b96-9805455abf18,2026-05-05T02:00:00Z,2026-05-05T04:00:00+0200,2583.32,MW,FR,FR,actual_onshore_wind_generation,Wind Onshore,2026-05-23T20:18:59Z
2026-05-23T20:18:24Z,2026-05-23T22:18:24+0200,ff0858ab-4740-4bdb-8b96-9805455abf18,2026-05-05T02:15:00Z,2026-05-05T04:15:00+0200,2625.38,MW,FR,FR,actual_onshore_wind_generation,Wind Onshore,2026-05-23T20:18:59Z
2026-05-23T20:18:24Z,2026-05-23T22:18:24+0200,ff0858ab-4740-4bdb-8b96-9805455abf18,2026-05-05T02:30:00Z,2026-05-05T04:30:00+0200,2606.09,MW,FR,FR,actual_onshore_wind_generation,Wind Onshore,2026-05-23T20:18:59Z
2026-05-23T20:18:24Z,2026-05-23T22:18:24+0200,ff0858ab-4740-4bdb-8b96-9805455abf18,2026-05-05T02:45:00Z,2026-05-05T04:45:00+0200,2644.84,MW,FR,FR,actual_onshore_wind_generation,Wind Onshore,2026-05-23T20:18:59Z
2026-05-23T20:18:24Z,2026-05-23T22:18:24+0200,ff0858ab-4740-4bdb-8b96-9805455abf18,2026-05-05T03:00:00Z,2026-05-05T05:00:00+0200,2694.99,MW,FR,FR,actual_onshore_wind_generation,Wind Onshore,2026-05-23T20:18:59Z
2026-05-23T20:18:24Z,2026-05-23T22:18:24+0200,ff0858ab-4740-4bdb-8b96-9805455abf18,2026-05-05T03:15:00Z,2026-05-05T05:15:00+0200,2807.01,MW,FR,FR,actual_onshore_wind_generation,Wind Onshore,2026-05-23T20:18:59Z
2026-05-23T20:18:24Z,2026-05-23T22:18:24+0200,ff0858ab-4740-4bdb-8b96-9805455abf18,2026-05-05T03:30:00Z,2026-05-05T05:30:00+0200,2904.21,MW,FR,FR,actual_onshore_wind_generation,Wind Onshore,2026-05-23T20:18:59Z
2026-05-23T20:18:24Z,2026-05-23T22:18:24+0200,ff0858ab-4740-4bdb-8b96-9805455abf18,2026-05-05T03:45:00Z,2026-05-05T05:45:00+0200,2916.86,MW,FR,FR,actual_onshore_wind_generation,Wind Onshore,2026-05-23T20:18:59Z
2026-05-23T20:18:24Z,2026-05-23T22:18:24+0200,ff0858ab-4740-4bdb-8b96-9805455abf18,2026-05-05T04:00:00Z,2026-05-05T06:00:00+0200,2915.37,MW,FR,FR,actual_onshore_wind_generation,Wind Onshore,2026-05-23T20:18:59Z
2026-05-23T20:18:24Z,2026-05-23T22:18:24+0200,ff0858ab-4740-4bdb-8b96-9805455abf18,2026-05-05T04:15:00Z,2026-05-05T06:15:00+0200,2894.49,MW,FR,FR,actual_onshore_wind_generation,Wind Onshore,2026-05-23T20:18:59Z
2026-05-23T20:18:24Z,2026-05-23T22:18:24+0200,ff0858ab-4740-4bdb-8b96-9805455abf18,2026-05-05T04:30:00Z,2026-05-05T06:30:00+0200,2897.62,MW,FR,FR,actual_onshore_wind_generation,Wind Onshore,2026-05-23T20:18:59Z
2026-05-23T20:18:24Z,2026-05-23T22:18:24+0200,ff0858ab-4740-4bdb-8b96-9805455abf18,2026-05-05T04:45:00Z,2026-05-05T06:45:00+0200,3032.58,MW,FR,FR,actual_onshore_wind_generation,Wind Onshore,2026-05-23T20:18:59Z
2026-05-23T20:18:24Z,2026-05-23T22:18:24+0200,ff0858ab-4740-4bdb-8b96-9805455abf18,2026-05-05T05:00:00Z,2026-05-05T07:00:00+0200,3096.68,MW,FR,FR,actual_onshore_wind_generation,Wind Onshore,2026-05-23T20:18:59Z
2026-05-23T20:18:24Z,2026-05-23T22:18:24+0200,ff0858ab-4740-4bdb-8b96-9805455abf18,2026-05-05T05:15:00Z,2026-05-05T07:15:00+0200,3101.8,MW,FR,FR,actual_onshore_wind_generation,Wind Onshore,2026-05-23T20:18:59Z
2026-05-23T20:18:24Z,2026-05-23T22:18:24+0200,ff0858ab-4740-4bdb-8b96-9805455abf18,2026-05-05T05:30:00Z,2026-05-05T07:30:00+0200,3126.96,MW,FR,FR,actual_onshore_wind_generation,Wind Onshore,2026-05-23T20:18:59Z
2026-05-23T20:18:24Z,2026-05-23T22:18:24+0200,ff0858ab-4740-4bdb-8b96-9805455abf18,2026-05-05T05:45:00Z,2026-05-05T07:45:00+0200,3098.57,MW,FR,FR,actual_onshore_wind_generation,Wind Onshore,2026-05-23T20:18:59Z
2026-05-23T20:18:24Z,2026-05-23T22:18:24+0200,ff0858ab-4740-4bdb-8b96-9805455abf18,2026-05-05T06:00:00Z,2026-05-05T08:00:00+0200,3013.87,MW,FR,FR,actual_onshore_wind_generation,Wind Onshore,2026-05-23T20:18:59Z
2026-05-23T20:18:24Z,2026-05-23T22:18:24+0200,ff0858ab-4740-4bdb-8b96-9805455abf18,2026-05-05T06:15:00Z,2026-05-05T08:15:00+0200,2946.46,MW,FR,FR,actual_onshore_wind_generation,Wind Onshore,2026-05-23T20:18:59Z
2026-05-23T20:18:24Z,2026-05-23T22:18:24+0200,ff0858ab-4740-4bdb-8b96-9805455abf18,2026-05-05T06:30:00Z,2026-05-05T08:30:00+0200,2854.39,MW,FR,FR,actual_onshore_wind_generation,Wind Onshore,2026-05-23T20:18:59Z
2026-05-23T20:18:24Z,2026-05-23T22:18:24+0200,ff0858ab-4740-4bdb-8b96-9805455abf18,2026-05-05T06:45:00Z,2026-05-05T08:45:00+0200,2819.75,MW,FR,FR,actual_onshore_wind_generation,Wind Onshore,2026-05-23T20:18:59Z
2026-05-23T20:18:24Z,2026-05-23T22:18:24+0200,ff0858ab-4740-4bdb-8b96-9805455abf18,2026-05-05T07:00:00Z,2026-05-05T09:00:00+0200,2827.62,MW,FR,FR,actual_onshore_wind_generation,Wind Onshore,2026-05-23T20:18:59Z
2026-05-23T20:18:24Z,2026-05-23T22:18:24+0200,ff0858ab-4740-4bdb-8b96-9805455abf18,2026-05-05T07:15:00Z,2026-05-05T09:15:00+0200,2815.27,MW,FR,FR,actual_onshore_wind_generation,Wind Onshore,2026-05-23T20:18:59Z
2026-05-23T20:18:24Z,2026-05-23T22:18:24+0200,ff0858ab-4740-4bdb-8b96-9805455abf18,2026-05-05T07:30:00Z,2026-05-05T09:30:00+0200,2780.68,MW,FR,FR,actual_onshore_wind_generation,Wind Onshore,2026-05-23T20:18:59Z
2026-05-23T20:18:24Z,2026-05-23T22:18:24+0200,ff0858ab-4740-4bdb-8b96-9805455abf18,2026-05-05T07:45:00Z,2026-05-05T09:45:00+0200,2750.77,MW,FR,FR,actual_onshore_wind_generation,Wind Onshore,2026-05-23T20:18:59Z
2026-05-23T20:18:24Z,2026-05-23T22:18:24+0200,ff0858ab-4740-4bdb-8b96-9805455abf18,2026-05-05T08:00:00Z,2026-05-05T10:00:00+0200,2772.91,MW,FR,FR,actual_onshore_wind_generation,Wind Onshore,2026-05-23T20:18:59Z
2026-05-23T20:18:24Z,2026-05-23T22:18:24+0200,ff0858ab-4740-4bdb-8b96-9805455abf18,2026-05-05T08:15:00Z,2026-05-05T10:15:00+0200,2770.08,MW,FR,FR,actual_onshore_wind_generation,Wind Onshore,2026-05-23T20:18:59Z
2026-05-23T20:18:24Z,2026-05-23T22:18:24+0200,ff0858ab-4740-4bdb-8b96-9805455abf18,2026-05-05T08:30:00Z,2026-05-05T10:30:00+0200,2749.69,MW,FR,FR,actual_onshore_wind_generation,Wind Onshore,2026-05-23T20:18:59Z
2026-05-23T20:18:24Z,2026-05-23T22:18:24+0200,ff0858ab-4740-4bdb-8b96-9805455abf18,2026-05-05T08:45:00Z,2026-05-05T10:45:00+0200,2695.16,MW,FR,FR,actual_onshore_wind_generation,Wind Onshore,2026-05-23T20:18:59Z
2026-05-23T20:18:24Z,2026-05-23T22:18:24+0200,ff0858ab-4740-4bdb-8b96-9805455abf18,2026-05-05T09:00:00Z,2026-05-05T11:00:00+0200,2642.23,MW,FR,FR,actual_onshore_wind_generation,Wind Onshore,2026-05-23T20:18:59Z
2026-05-23T20:18:24Z,2026-05-23T22:18:24+0200,ff0858ab-4740-4bdb-8b96-9805455abf18,2026-05-05T09:15:00Z,2026-05-05T11:15:00+0200,2656.75,MW,FR,FR,actual_onshore_wind_generation,Wind Onshore,2026-05-23T20:18:59Z
2026-05-23T20:18:24Z,2026-05-23T22:18:24+0200,ff0858ab-4740-4bdb-8b96-9805455abf18,2026-05-05T09:30:00Z,2026-05-05T11:30:00+0200,2682.07,MW,FR,FR,actual_onshore_wind_generation,Wind Onshore,2026-05-23T20:18:59Z
2026-05-23T20:18:24Z,2026-05-23T22:18:24+0200,ff0858ab-4740-4bdb-8b96-9805455abf18,2026-05-05T09:45:00Z,2026-05-05T11:45:00+0200,2712.21,MW,FR,FR,actual_onshore_wind_generation,Wind Onshore,2026-05-23T20:18:59Z
2026-05-23T20:18:24Z,2026-05-23T22:18:24+0200,ff0858ab-4740-4bdb-8b96-9805455abf18,2026-05-05T10:00:00Z,2026-05-05T12:00:00+0200,2764.63,MW,FR,FR,actual_onshore_wind_generation,Wind Onshore,2026-05-23T20:18:59Z
2026-05-23T20:18:24Z,2026-05-23T22:18:24+0200,ff0858ab-4740-4bdb-8b96-9805455abf18,2026-05-05T10:15:00Z,2026-05-05T12:15:00+0200,2773.01,MW,FR,FR,actual_onshore_wind_generation,Wind Onshore,2026-05-23T20:18:59Z
2026-05-23T20:18:24Z,2026-05-23T22:18:24+0200,ff0858ab-4740-4bdb-8b96-9805455abf18,2026-05-05T10:30:00Z,2026-05-05T12:30:00+0200,2831.54,MW,FR,FR,actual_onshore_wind_generation,Wind Onshore,2026-05-23T20:18:59Z
2026-05-23T20:18:24Z,2026-05-23T22:18:24+0200,ff0858ab-4740-4bdb-8b96-9805455abf18,2026-05-05T10:45:00Z,2026-05-05T12:45:00+0200,2885.0,MW,FR,FR,actual_onshore_wind_generation,Wind Onshore,2026-05-23T20:18:59Z
2026-05-23T20:18:24Z,2026-05-23T22:18:24+0200,ff0858ab-4740-4bdb-8b96-9805455abf18,2026-05-05T11:00:00Z,2026-05-05T13:00:00+0200,3001.0,MW,FR,FR,actual_onshore_wind_generation,Wind Onshore,2026-05-23T20:18:59Z
2026-05-23T20:18:24Z,2026-05-23T22:18:24+0200,ff0858ab-4740-4bdb-8b96-9805455abf18,2026-05-05T11:15:00Z,2026-05-05T13:15:00+0200,3096.58,MW,FR,FR,actual_onshore_wind_generation,Wind Onshore,2026-05-23T20:18:59Z
2026-05-23T20:18:24Z,2026-05-23T22:18:24+0200,ff0858ab-4740-4bdb-8b96-9805455abf18,2026-05-05T11:30:00Z,2026-05-05T13:30:00+0200,3194.87,MW,FR,FR,actual_onshore_wind_generation,Wind Onshore,2026-05-23T20:18:59Z
2026-05-23T20:18:24Z,2026-05-23T22:18:24+0200,ff0858ab-4740-4bdb-8b96-9805455abf18,2026-05-05T11:45:00Z,2026-05-05T13:45:00+0200,3330.64,MW,FR,FR,actual_onshore_wind_generation,Wind Onshore,2026-05-23T20:18:59Z
2026-05-23T20:18:24Z,2026-05-23T22:18:24+0200,ff0858ab-4740-4bdb-8b96-9805455abf18,2026-05-05T12:00:00Z,2026-05-05T14:00:00+0200,3482.26,MW,FR,FR,actual_onshore_wind_generation,Wind Onshore,2026-05-23T20:18:59Z
2026-05-23T20:18:24Z,2026-05-23T22:18:24+0200,ff0858ab-4740-4bdb-8b96-9805455abf18,2026-05-05T12:15:00Z,2026-05-05T14:15:00+0200,3722.01,MW,FR,FR,actual_onshore_wind_generation,Wind Onshore,2026-05-23T20:18:59Z
2026-05-23T20:18:24Z,2026-05-23T22:18:24+0200,ff0858ab-4740-4bdb-8b96-9805455abf18,2026-05-05T12:30:00Z,2026-05-05T14:30:00+0200,3932.87,MW,FR,FR,actual_onshore_wind_generation,Wind Onshore,2026-05-23T20:18:59Z
2026-05-23T20:18:24Z,2026-05-23T22:18:24+0200,ff0858ab-4740-4bdb-8b96-9805455abf18,2026-05-05T12:45:00Z,2026-05-05T14:45:00+0200,4116.56,MW,FR,FR,actual_onshore_wind_generation,Wind Onshore,2026-05-23T20:18:59Z
2026-05-23T20:18:24Z,2026-05-23T22:18:24+0200,ff0858ab-4740-4bdb-8b96-9805455abf18,2026-05-05T13:00:00Z,2026-05-05T15:00:00+0200,4106.07,MW,FR,FR,actual_onshore_wind_generation,Wind Onshore,2026-05-23T20:18:59Z
2026-05-23T20:18:24Z,2026-05-23T22:18:24+0200,ff0858ab-4740-4bdb-8b96-9805455abf18,2026-05-05T13:15:00Z,2026-05-05T15:15:00+0200,4192.17,MW,FR,FR,actual_onshore_wind_generation,Wind Onshore,2026-05-23T20:18:59Z
2026-05-23T20:18:24Z,2026-05-23T22:18:24+0200,ff0858ab-4740-4bdb-8b96-9805455abf18,2026-05-05T13:30:00Z,2026-05-05T15:30:00+0200,4191.62,MW,FR,FR,actual_onshore_wind_generation,Wind Onshore,2026-05-23T20:18:59Z
2026-05-23T20:18:24Z,2026-05-23T22:18:24+0200,ff0858ab-4740-4bdb-8b96-9805455abf18,2026-05-05T13:45:00Z,2026-05-05T15:45:00+0200,4192.49,MW,FR,FR,actual_onshore_wind_generation,Wind Onshore,2026-05-23T20:18:59Z
2026-05-23T20:18:24Z,2026-05-23T22:18:24+0200,ff0858ab-4740-4bdb-8b96-9805455abf18,2026-05-05T14:00:00Z,2026-05-05T16:00:00+0200,4199.48,MW,FR,FR,actual_onshore_wind_generation,Wind Onshore,2026-05-23T20:18:59Z
2026-05-23T20:18:24Z,2026-05-23T22:18:24+0200,ff0858ab-4740-4bdb-8b96-9805455abf18,2026-05-05T14:15:00Z,2026-05-05T16:15:00+0200,4270.01,MW,FR,FR,actual_onshore_wind_generation,Wind Onshore,2026-05-23T20:18:59Z
2026-05-23T20:18:24Z,2026-05-23T22:18:24+0200,ff0858ab-4740-4bdb-8b96-9805455abf18,2026-05-05T14:30:00Z,2026-05-05T16:30:00+0200,4450.45,MW,FR,FR,actual_onshore_wind_generation,Wind Onshore,2026-05-23T20:18:59Z
2026-05-23T20:18:24Z,2026-05-23T22:18:24+0200,ff0858ab-4740-4bdb-8b96-9805455abf18,2026-05-05T14:45:00Z,2026-05-05T16:45:00+0200,4585.29,MW,FR,FR,actual_onshore_wind_generation,Wind Onshore,2026-05-23T20:18:59Z
2026-05-23T20:18:24Z,2026-05-23T22:18:24+0200,ff0858ab-4740-4bdb-8b96-9805455abf18,2026-05-05T15:00:00Z,2026-05-05T17:00:00+0200,4665.97,MW,FR,FR,actual_onshore_wind_generation,Wind Onshore,2026-05-23T20:18:59Z
2026-05-23T20:18:24Z,2026-05-23T22:18:24+0200,ff0858ab-4740-4bdb-8b96-9805455abf18,2026-05-05T15:15:00Z,2026-05-05T17:15:00+0200,4736.07,MW,FR,FR,actual_onshore_wind_generation,Wind Onshore,2026-05-23T20:18:59Z
2026-05-23T20:18:24Z,2026-05-23T22:18:24+0200,ff0858ab-4740-4bdb-8b96-9805455abf18,2026-05-05T15:30:00Z,2026-05-05T17:30:00+0200,4794.31,MW,FR,FR,actual_onshore_wind_generation,Wind Onshore,2026-05-23T20:18:59Z
2026-05-23T20:18:24Z,2026-05-23T22:18:24+0200,ff0858ab-4740-4bdb-8b96-9805455abf18,2026-05-05T15:45:00Z,2026-05-05T17:45:00+0200,4894.91,MW,FR,FR,actual_onshore_wind_generation,Wind Onshore,2026-05-23T20:18:59Z
2026-05-23T20:18:24Z,2026-05-23T22:18:24+0200,ff0858ab-4740-4bdb-8b96-9805455abf18,2026-05-05T16:00:00Z,2026-05-05T18:00:00+0200,4899.87,MW,FR,FR,actual_onshore_wind_generation,Wind Onshore,2026-05-23T20:18:59Z
2026-05-23T20:18:24Z,2026-05-23T22:18:24+0200,ff0858ab-4740-4bdb-8b96-9805455abf18,2026-05-05T16:15:00Z,2026-05-05T18:15:00+0200,4915.56,MW,FR,FR,actual_onshore_wind_generation,Wind Onshore,2026-05-23T20:18:59Z
2026-05-23T20:18:24Z,2026-05-23T22:18:24+0200,ff0858ab-4740-4bdb-8b96-9805455abf18,2026-05-05T16:30:00Z,2026-05-05T18:30:00+0200,4946.56,MW,FR,FR,actual_onshore_wind_generation,Wind Onshore,2026-05-23T20:18:59Z
2026-05-23T20:18:24Z,2026-05-23T22:18:24+0200,ff0858ab-4740-4bdb-8b96-9805455abf18,2026-05-05T16:45:00Z,2026-05-05T18:45:00+0200,4977.19,MW,FR,FR,actual_onshore_wind_generation,Wind Onshore,2026-05-23T20:18:59Z
2026-05-23T20:18:24Z,2026-05-23T22:18:24+0200,ff0858ab-4740-4bdb-8b96-9805455abf18,2026-05-05T17:00:00Z,2026-05-05T19:00:00+0200,4980.62,MW,FR,FR,actual_onshore_wind_generation,Wind Onshore,2026-05-23T20:18:59Z
2026-05-23T20:18:24Z,2026-05-23T22:18:24+0200,ff0858ab-4740-4bdb-8b96-9805455abf18,2026-05-05T17:15:00Z,2026-05-05T19:15:00+0200,5045.84,MW,FR,FR,actual_onshore_wind_generation,Wind Onshore,2026-05-23T20:18:59Z
2026-05-23T20:18:24Z,2026-05-23T22:18:24+0200,ff0858ab-4740-4bdb-8b96-9805455abf18,2026-05-05T17:30:00Z,2026-05-05T19:30:00+0200,5104.41,MW,FR,FR,actual_onshore_wind_generation,Wind Onshore,2026-05-23T20:18:59Z
2026-05-23T20:18:24Z,2026-05-23T22:18:24+0200,ff0858ab-4740-4bdb-8b96-9805455abf18,2026-05-05T17:45:00Z,2026-05-05T19:45:00+0200,5066.88,MW,FR,FR,actual_onshore_wind_generation,Wind Onshore,2026-05-23T20:18:59Z
2026-05-23T20:18:24Z,2026-05-23T22:18:24+0200,ff0858ab-4740-4bdb-8b96-9805455abf18,2026-05-05T18:00:00Z,2026-05-05T20:00:00+0200,4941.66,MW,FR,FR,actual_onshore_wind_generation,Wind Onshore,2026-05-23T20:18:59Z
2026-05-23T20:18:24Z,2026-05-23T22:18:24+0200,ff0858ab-4740-4bdb-8b96-9805455abf18,2026-05-05T18:15:00Z,2026-05-05T20:15:00+0200,4895.75,MW,FR,FR,actual_onshore_wind_generation,Wind Onshore,2026-05-23T20:18:59Z
2026-05-23T20:18:24Z,2026-05-23T22:18:24+0200,ff0858ab-4740-4bdb-8b96-9805455abf18,2026-05-05T18:30:00Z,2026-05-05T20:30:00+0200,4828.16,MW,FR,FR,actual_onshore_wind_generation,Wind Onshore,2026-05-23T20:18:59Z
2026-05-23T20:18:24Z,2026-05-23T22:18:24+0200,ff0858ab-4740-4bdb-8b96-9805455abf18,2026-05-05T18:45:00Z,2026-05-05T20:45:00+0200,4782.56,MW,FR,FR,actual_onshore_wind_generation,Wind Onshore,2026-05-23T20:18:59Z
2026-05-23T20:18:24Z,2026-05-23T22:18:24+0200,ff0858ab-4740-4bdb-8b96-9805455abf18,2026-05-05T19:00:00Z,2026-05-05T21:00:00+0200,4752.62,MW,FR,FR,actual_onshore_wind_generation,Wind Onshore,2026-05-23T20:18:59Z
2026-05-23T20:18:24Z,2026-05-23T22:18:24+0200,ff0858ab-4740-4bdb-8b96-9805455abf18,2026-05-05T19:15:00Z,2026-05-05T21:15:00+0200,4585.09,MW,FR,FR,actual_onshore_wind_generation,Wind Onshore,2026-05-23T20:18:59Z
2026-05-23T20:18:24Z,2026-05-23T22:18:24+0200,ff0858ab-4740-4bdb-8b96-9805455abf18,2026-05-05T19:30:00Z,2026-05-05T21:30:00+0200,4479.46,MW,FR,FR,actual_onshore_wind_generation,Wind Onshore,2026-05-23T20:18:59Z
2026-05-23T20:18:24Z,2026-05-23T22:18:24+0200,ff0858ab-4740-4bdb-8b96-9805455abf18,2026-05-05T19:45:00Z,2026-05-05T21:45:00+0200,4440.56,MW,FR,FR,actual_onshore_wind_generation,Wind Onshore,2026-05-23T20:18:59Z
2026-05-23T20:18:24Z,2026-05-23T22:18:24+0200,ff0858ab-4740-4bdb-8b96-9805455abf18,2026-05-05T20:00:00Z,2026-05-05T22:00:00+0200,4415.87,MW,FR,FR,actual_onshore_wind_generation,Wind Onshore,2026-05-23T20:18:59Z
2026-05-23T20:18:24Z,2026-05-23T22:18:24+0200,ff0858ab-4740-4bdb-8b96-9805455abf18,2026-05-05T20:15:00Z,2026-05-05T22:15:00+0200,4464.78,MW,FR,FR,actual_onshore_wind_generation,Wind Onshore,2026-05-23T20:18:59Z
2026-05-23T20:18:24Z,2026-05-23T22:18:24+0200,ff0858ab-4740-4bdb-8b96-9805455abf18,2026-05-05T20:30:00Z,2026-05-05T22:30:00+0200,4475.57,MW,FR,FR,actual_onshore_wind_generation,Wind Onshore,2026-05-23T20:18:59Z
2026-05-23T20:18:24Z,2026-05-23T22:18:24+0200,ff0858ab-4740-4bdb-8b96-9805455abf18,2026-05-05T20:45:00Z,2026-05-05T22:45:00+0200,4500.96,MW,FR,FR,actual_onshore_wind_generation,Wind Onshore,2026-05-23T20:18:59Z
2026-05-23T20:18:24Z,2026-05-23T22:18:24+0200,ff0858ab-4740-4bdb-8b96-9805455abf18,2026-05-05T21:00:00Z,2026-05-05T23:00:00+0200,4583.62,MW,FR,FR,actual_onshore_wind_generation,Wind Onshore,2026-05-23T20:18:59Z
2026-05-23T20:18:24Z,2026-05-23T22:18:24+0200,ff0858ab-4740-4bdb-8b96-9805455abf18,2026-05-05T21:15:00Z,2026-05-05T23:15:00+0200,4656.69,MW,FR,FR,actual_onshore_wind_generation,Wind Onshore,2026-05-23T20:18:59Z
2026-05-23T20:18:24Z,2026-05-23T22:18:24+0200,ff0858ab-4740-4bdb-8b96-9805455abf18,2026-05-05T21:30:00Z,2026-05-05T23:30:00+0200,4737.24,MW,FR,FR,actual_onshore_wind_generation,Wind Onshore,2026-05-23T20:18:59Z
2026-05-23T20:18:24Z,2026-05-23T22:18:24+0200,ff0858ab-4740-4bdb-8b96-9805455abf18,2026-05-05T21:45:00Z,2026-05-05T23:45:00+0200,4855.96,MW,FR,FR,actual_onshore_wind_generation,Wind Onshore,2026-05-23T20:18:59Z
2026-05-23T20:18:24Z,2026-05-23T22:18:24+0200,ff0858ab-4740-4bdb-8b96-9805455abf18,2026-05-05T22:00:00Z,2026-05-06T00:00:00+0200,4917.31,MW,FR,FR,actual_onshore_wind_generation,Wind Onshore,2026-05-23T20:18:59Z
2026-05-23T20:18:24Z,2026-05-23T22:18:24+0200,ff0858ab-4740-4bdb-8b96-9805455abf18,2026-05-05T22:15:00Z,2026-05-06T00:15:00+0200,5011.02,MW,FR,FR,actual_onshore_wind_generation,Wind Onshore,2026-05-23T20:18:59Z
2026-05-23T20:18:24Z,2026-05-23T22:18:24+0200,ff0858ab-4740-4bdb-8b96-9805455abf18,2026-05-05T22:30:00Z,2026-05-06T00:30:00+0200,5021.36,MW,FR,FR,actual_onshore_wind_generation,Wind Onshore,2026-05-23T20:18:59Z
2026-05-23T20:18:24Z,2026-05-23T22:18:24+0200,ff0858ab-4740-4bdb-8b96-9805455abf18,2026-05-05T22:45:00Z,2026-05-06T00:45:00+0200,5082.12,MW,FR,FR,actual_onshore_wind_generation,Wind Onshore,2026-05-23T20:18:59Z
2026-05-23T20:18:24Z,2026-05-23T22:18:24+0200,ff0858ab-4740-4bdb-8b96-9805455abf18,2026-05-05T23:00:00Z,2026-05-06T01:00:00+0200,5097.33,MW,FR,FR,actual_onshore_wind_generation,Wind Onshore,2026-05-23T20:18:59Z
2026-05-23T20:18:24Z,2026-05-23T22:18:24+0200,ff0858ab-4740-4bdb-8b96-9805455abf18,2026-05-05T23:15:00Z,2026-05-06T01:15:00+0200,5055.88,MW,FR,FR,actual_onshore_wind_generation,Wind Onshore,2026-05-23T20:18:59Z
2026-05-23T20:18:24Z,2026-05-23T22:18:24+0200,ff0858ab-4740-4bdb-8b96-9805455abf18,2026-05-05T23:30:00Z,2026-05-06T01:30:00+0200,5061.58,MW,FR,FR,actual_onshore_wind_generation,Wind Onshore,2026-05-23T20:18:59Z
2026-05-23T20:18:24Z,2026-05-23T22:18:24+0200,ff0858ab-4740-4bdb-8b96-9805455abf18,2026-05-05T23:45:00Z,2026-05-06T01:45:00+0200,5056.5,MW,FR,FR,actual_onshore_wind_generation,Wind Onshore,2026-05-23T20:18:59Z
2026-05-23T20:18:24Z,2026-05-23T22:18:24+0200,ff0858ab-4740-4bdb-8b96-9805455abf18,2026-05-06T00:00:00Z,2026-05-06T02:00:00+0200,5054.28,MW,FR,FR,actual_onshore_wind_generation,Wind Onshore,2026-05-23T20:18:59Z
2026-05-23T20:18:24Z,2026-05-23T22:18:24+0200,ff0858ab-4740-4bdb-8b96-9805455abf18,2026-05-06T00:15:00Z,2026-05-06T02:15:00+0200,5016.09,MW,FR,FR,actual_onshore_wind_generation,Wind Onshore,2026-05-23T20:18:59Z
2026-05-23T20:18:24Z,2026-05-23T22:18:24+0200,ff0858ab-4740-4bdb-8b96-9805455abf18,2026-05-06T00:30:00Z,2026-05-06T02:30:00+0200,4952.62,MW,FR,FR,actual_onshore_wind_generation,Wind Onshore,2026-05-23T20:18:59Z
2026-05-23T20:18:24Z,2026-05-23T22:18:24+0200,ff0858ab-4740-4bdb-8b96-9805455abf18,2026-05-06T00:45:00Z,2026-05-06T02:45:00+0200,5062.54,MW,FR,FR,actual_onshore_wind_generation,Wind Onshore,2026-05-23T20:18:59Z
2026-05-23T20:18:24Z,2026-05-23T22:18:24+0200,ff0858ab-4740-4bdb-8b96-9805455abf18,2026-05-06T01:00:00Z,2026-05-06T03:00:00+0200,5138.18,MW,FR,FR,actual_onshore_wind_generation,Wind Onshore,2026-05-23T20:18:59Z
2026-05-23T20:18:24Z,2026-05-23T22:18:24+0200,ff0858ab-4740-4bdb-8b96-9805455abf18,2026-05-06T01:15:00Z,2026-05-06T03:15:00+0200,5027.39,MW,FR,FR,actual_onshore_wind_generation,Wind Onshore,2026-05-23T20:18:59Z
2026-05-23T20:18:24Z,2026-05-23T22:18:24+0200,ff0858ab-4740-4bdb-8b96-9805455abf18,2026-05-06T01:30:00Z,2026-05-06T03:30:00+0200,4977.83,MW,FR,FR,actual_onshore_wind_generation,Wind Onshore,2026-05-23T20:18:59Z
2026-05-23T20:18:24Z,2026-05-23T22:18:24+0200,ff0858ab-4740-4bdb-8b96-9805455abf18,2026-05-06T01:45:00Z,2026-05-06T03:45:00+0200,4983.37,MW,FR,FR,actual_onshore_wind_generation,Wind Onshore,2026-05-23T20:18:59Z
2026-05-23T20:18:24Z,2026-05-23T22:18:24+0200,ff0858ab-4740-4bdb-8b96-9805455abf18,2026-05-06T02:00:00Z,2026-05-06T04:00:00+0200,4984.59,MW,FR,FR,actual_onshore_wind_generation,Wind Onshore,2026-05-23T20:18:59Z
2026-05-23T20:18:24Z,2026-05-23T22:18:24+0200,ff0858ab-4740-4bdb-8b96-9805455abf18,2026-05-06T02:15:00Z,2026-05-06T04:15:00+0200,4950.47,MW,FR,FR,actual_onshore_wind_generation,Wind Onshore,2026-05-23T20:18:59Z
2026-05-23T20:18:24Z,2026-05-23T22:18:24+0200,ff0858ab-4740-4bdb-8b96-9805455abf18,2026-05-06T02:30:00Z,2026-05-06T04:30:00+0200,4877.61,MW,FR,FR,actual_onshore_wind_generation,Wind Onshore,2026-05-23T20:18:59Z
2026-05-23T20:18:24Z,2026-05-23T22:18:24+0200,ff0858ab-4740-4bdb-8b96-9805455abf18,2026-05-06T02:45:00Z,2026-05-06T04:45:00+0200,4833.81,MW,FR,FR,actual_onshore_wind_generation,Wind Onshore,2026-05-23T20:18:59Z
2026-05-23T20:18:24Z,2026-05-23T22:18:24+0200,ff0858ab-4740-4bdb-8b96-9805455abf18,2026-05-06T03:00:00Z,2026-05-06T05:00:00+0200,4772.65,MW,FR,FR,actual_onshore_wind_generation,Wind Onshore,2026-05-23T20:18:59Z
2026-05-23T20:18:24Z,2026-05-23T22:18:24+0200,ff0858ab-4740-4bdb-8b96-9805455abf18,2026-05-06T03:15:00Z,2026-05-06T05:15:00+0200,4668.61,MW,FR,FR,actual_onshore_wind_generation,Wind Onshore,2026-05-23T20:18:59Z
2026-05-23T20:18:24Z,2026-05-23T22:18:24+0200,ff0858ab-4740-4bdb-8b96-9805455abf18,2026-05-06T03:30:00Z,2026-05-06T05:30:00+0200,4646.37,MW,FR,FR,actual_onshore_wind_generation,Wind Onshore,2026-05-23T20:18:59Z
2026-05-23T20:18:24Z,2026-05-23T22:18:24+0200,ff0858ab-4740-4bdb-8b96-9805455abf18,2026-05-06T03:45:00Z,2026-05-06T05:45:00+0200,4628.56,MW,FR,FR,actual_onshore_wind_generation,Wind Onshore,2026-05-23T20:18:59Z
2026-05-23T20:18:24Z,2026-05-23T22:18:24+0200,ff0858ab-4740-4bdb-8b96-9805455abf18,2026-05-06T04:00:00Z,2026-05-06T06:00:00+0200,4617.18,MW,FR,FR,actual_onshore_wind_generation,Wind Onshore,2026-05-23T20:18:59Z
2026-05-23T20:18:24Z,2026-05-23T22:18:24+0200,ff0858ab-4740-4bdb-8b96-9805455abf18,2026-05-06T04:15:00Z,2026-05-06T06:15:00+0200,4580.99,MW,FR,FR,actual_onshore_wind_generation,Wind Onshore,2026-05-23T20:18:59Z
2026-05-23T20:18:24Z,2026-05-23T22:18:24+0200,ff0858ab-4740-4bdb-8b96-9805455abf18,2026-05-06T04:30:00Z,2026-05-06T06:30:00+0200,4548.56,MW,FR,FR,actual_onshore_wind_generation,Wind Onshore,2026-05-23T20:18:59Z
2026-05-23T20:18:24Z,2026-05-23T22:18:24+0200,ff0858ab-4740-4bdb-8b96-9805455abf18,2026-05-06T04:45:00Z,2026-05-06T06:45:00+0200,4503.5,MW,FR,FR,actual_onshore_wind_generation,Wind Onshore,2026-05-23T20:18:59Z
2026-05-23T20:18:24Z,2026-05-23T22:18:24+0200,ff0858ab-4740-4bdb-8b96-9805455abf18,2026-05-06T05:00:00Z,2026-05-06T07:00:00+0200,4503.26,MW,FR,FR,actual_onshore_wind_generation,Wind Onshore,2026-05-23T20:18:59Z
2026-05-23T20:18:24Z,2026-05-23T22:18:24+0200,ff0858ab-4740-4bdb-8b96-9805455abf18,2026-05-06T05:15:00Z,2026-05-06T07:15:00+0200,4370.16,MW,FR,FR,actual_onshore_wind_generation,Wind Onshore,2026-05-23T20:18:59Z
2026-05-23T20:18:24Z,2026-05-23T22:18:24+0200,ff0858ab-4740-4bdb-8b96-9805455abf18,2026-05-06T05:30:00Z,2026-05-06T07:30:00+0200,4217.86,MW,FR,FR,actual_onshore_wind_generation,Wind Onshore,2026-05-23T20:18:59Z
2026-05-23T20:18:24Z,2026-05-23T22:18:24+0200,ff0858ab-4740-4bdb-8b96-9805455abf18,2026-05-06T05:45:00Z,2026-05-06T07:45:00+0200,4075.97,MW,FR,FR,actual_onshore_wind_generation,Wind Onshore,2026-05-23T20:18:59Z
2026-05-23T20:18:24Z,2026-05-23T22:18:24+0200,ff0858ab-4740-4bdb-8b96-9805455abf18,2026-05-06T06:00:00Z,2026-05-06T08:00:00+0200,3967.68,MW,FR,FR,actual_onshore_wind_generation,Wind Onshore,2026-05-23T20:18:59Z
2026-05-23T20:18:24Z,2026-05-23T22:18:24+0200,ff0858ab-4740-4bdb-8b96-9805455abf18,2026-05-06T06:15:00Z,2026-05-06T08:15:00+0200,3956.65,MW,FR,FR,actual_onshore_wind_generation,Wind Onshore,2026-05-23T20:18:59Z
2026-05-23T20:18:24Z,2026-05-23T22:18:24+0200,ff0858ab-4740-4bdb-8b96-9805455abf18,2026-05-06T06:30:00Z,2026-05-06T08:30:00+0200,3900.02,MW,FR,FR,actual_onshore_wind_generation,Wind Onshore,2026-05-23T20:18:59Z
2026-05-23T20:18:24Z,2026-05-23T22:18:24+0200,ff0858ab-4740-4bdb-8b96-9805455abf18,2026-05-06T06:45:00Z,2026-05-06T08:45:00+0200,3876.23,MW,FR,FR,actual_onshore_wind_generation,Wind Onshore,2026-05-23T20:18:59Z
2026-05-23T20:18:24Z,2026-05-23T22:18:24+0200,ff0858ab-4740-4bdb-8b96-9805455abf18,2026-05-06T07:00:00Z,2026-05-06T09:00:00+0200,3890.32,MW,FR,FR,actual_onshore_wind_generation,Wind Onshore,2026-05-23T20:18:59Z
2026-05-23T20:18:24Z,2026-05-23T22:18:24+0200,ff0858ab-4740-4bdb-8b96-9805455abf18,2026-05-06T07:15:00Z,2026-05-06T09:15:00+0200,3902.37,MW,FR,FR,actual_onshore_wind_generation,Wind Onshore,2026-05-23T20:18:59Z
2026-05-23T20:18:24Z,2026-05-23T22:18:24+0200,ff0858ab-4740-4bdb-8b96-9805455abf18,2026-05-06T07:30:00Z,2026-05-06T09:30:00+0200,3865.8,MW,FR,FR,actual_onshore_wind_generation,Wind Onshore,2026-05-23T20:18:59Z
2026-05-23T20:18:24Z,2026-05-23T22:18:24+0200,ff0858ab-4740-4bdb-8b96-9805455abf18,2026-05-06T07:45:00Z,2026-05-06T09:45:00+0200,3811.56,MW,FR,FR,actual_onshore_wind_generation,Wind Onshore,2026-05-23T20:18:59Z
2026-05-23T20:18:24Z,2026-05-23T22:18:24+0200,ff0858ab-4740-4bdb-8b96-9805455abf18,2026-05-06T08:00:00Z,2026-05-06T10:00:00+0200,3730.97,MW,FR,FR,actual_onshore_wind_generation,Wind Onshore,2026-05-23T20:18:59Z
2026-05-23T20:18:24Z,2026-05-23T22:18:24+0200,ff0858ab-4740-4bdb-8b96-9805455abf18,2026-05-06T08:15:00Z,2026-05-06T10:15:00+0200,3643.78,MW,FR,FR,actual_onshore_wind_generation,Wind Onshore,2026-05-23T20:18:59Z
2026-05-23T20:18:24Z,2026-05-23T22:18:24+0200,ff0858ab-4740-4bdb-8b96-9805455abf18,2026-05-06T08:30:00Z,2026-05-06T10:30:00+0200,3492.27,MW,FR,FR,actual_onshore_wind_generation,Wind Onshore,2026-05-23T20:18:59Z
2026-05-23T20:18:24Z,2026-05-23T22:18:24+0200,ff0858ab-4740-4bdb-8b96-9805455abf18,2026-05-06T08:45:00Z,2026-05-06T10:45:00+0200,3370.28,MW,FR,FR,actual_onshore_wind_generation,Wind Onshore,2026-05-23T20:18:59Z
2026-05-23T20:18:24Z,2026-05-23T22:18:24+0200,ff0858ab-4740-4bdb-8b96-9805455abf18,2026-05-06T09:00:00Z,2026-05-06T11:00:00+0200,3374.97,MW,FR,FR,actual_onshore_wind_generation,Wind Onshore,2026-05-23T20:18:59Z
2026-05-23T20:18:24Z,2026-05-23T22:18:24+0200,ff0858ab-4740-4bdb-8b96-9805455abf18,2026-05-06T09:15:00Z,2026-05-06T11:15:00+0200,3281.12,MW,FR,FR,actual_onshore_wind_generation,Wind Onshore,2026-05-23T20:18:59Z
2026-05-23T20:18:24Z,2026-05-23T22:18:24+0200,ff0858ab-4740-4bdb-8b96-9805455abf18,2026-05-06T09:30:00Z,2026-05-06T11:30:00+0200,3210.93,MW,FR,FR,actual_onshore_wind_generation,Wind Onshore,2026-05-23T20:18:59Z
2026-05-23T20:18:24Z,2026-05-23T22:18:24+0200,ff0858ab-4740-4bdb-8b96-9805455abf18,2026-05-06T09:45:00Z,2026-05-06T11:45:00+0200,3171.98,MW,FR,FR,actual_onshore_wind_generation,Wind Onshore,2026-05-23T20:18:59Z
2026-05-23T20:18:24Z,2026-05-23T22:18:24+0200,ff0858ab-4740-4bdb-8b96-9805455abf18,2026-05-06T10:00:00Z,2026-05-06T12:00:00+0200,3171.94,MW,FR,FR,actual_onshore_wind_generation,Wind Onshore,2026-05-23T20:18:59Z
2026-05-23T20:18:24Z,2026-05-23T22:18:24+0200,ff0858ab-4740-4bdb-8b96-9805455abf18,2026-05-06T10:15:00Z,2026-05-06T12:15:00+0200,3165.81,MW,FR,FR,actual_onshore_wind_generation,Wind Onshore,2026-05-23T20:18:59Z
2026-05-23T20:18:24Z,2026-05-23T22:18:24+0200,ff0858ab-4740-4bdb-8b96-9805455abf18,2026-05-06T10:30:00Z,2026-05-06T12:30:00+0200,3118.56,MW,FR,FR,actual_onshore_wind_generation,Wind Onshore,2026-05-23T20:18:59Z
2026-05-23T20:18:24Z,2026-05-23T22:18:24+0200,ff0858ab-4740-4bdb-8b96-9805455abf18,2026-05-06T10:45:00Z,2026-05-06T12:45:00+0200,3140.76,MW,FR,FR,actual_onshore_wind_generation,Wind Onshore,2026-05-23T20:18:59Z
2026-05-23T20:18:24Z,2026-05-23T22:18:24+0200,ff0858ab-4740-4bdb-8b96-9805455abf18,2026-05-06T11:00:00Z,2026-05-06T13:00:00+0200,3180.8,MW,FR,FR,actual_onshore_wind_generation,Wind Onshore,2026-05-23T20:18:59Z
2026-05-23T20:18:24Z,2026-05-23T22:18:24+0200,ff0858ab-4740-4bdb-8b96-9805455abf18,2026-05-06T11:15:00Z,2026-05-06T13:15:00+0200,3098.96,MW,FR,FR,actual_onshore_wind_generation,Wind Onshore,2026-05-23T20:18:59Z
2026-05-23T20:18:24Z,2026-05-23T22:18:24+0200,ff0858ab-4740-4bdb-8b96-9805455abf18,2026-05-06T11:30:00Z,2026-05-06T13:30:00+0200,3098.8,MW,FR,FR,actual_onshore_wind_generation,Wind Onshore,2026-05-23T20:18:59Z
2026-05-23T20:18:24Z,2026-05-23T22:18:24+0200,ff0858ab-4740-4bdb-8b96-9805455abf18,2026-05-06T11:45:00Z,2026-05-06T13:45:00+0200,3007.91,MW,FR,FR,actual_onshore_wind_generation,Wind Onshore,2026-05-23T20:18:59Z
2026-05-23T20:18:24Z,2026-05-23T22:18:24+0200,ff0858ab-4740-4bdb-8b96-9805455abf18,2026-05-06T12:00:00Z,2026-05-06T14:00:00+0200,2982.32,MW,FR,FR,actual_onshore_wind_generation,Wind Onshore,2026-05-23T20:18:59Z
2026-05-23T20:18:24Z,2026-05-23T22:18:24+0200,ff0858ab-4740-4bdb-8b96-9805455abf18,2026-05-06T12:15:00Z,2026-05-06T14:15:00+0200,2903.53,MW,FR,FR,actual_onshore_wind_generation,Wind Onshore,2026-05-23T20:18:59Z
2026-05-23T20:18:24Z,2026-05-23T22:18:24+0200,ff0858ab-4740-4bdb-8b96-9805455abf18,2026-05-06T12:30:00Z,2026-05-06T14:30:00+0200,2811.52,MW,FR,FR,actual_onshore_wind_generation,Wind Onshore,2026-05-23T20:18:59Z
2026-05-23T20:18:24Z,2026-05-23T22:18:24+0200,ff0858ab-4740-4bdb-8b96-9805455abf18,2026-05-06T12:45:00Z,2026-05-06T14:45:00+0200,2760.57,MW,FR,FR,actual_onshore_wind_generation,Wind Onshore,2026-05-23T20:18:59Z
2026-05-23T20:18:24Z,2026-05-23T22:18:24+0200,ff0858ab-4740-4bdb-8b96-9805455abf18,2026-05-06T13:00:00Z,2026-05-06T15:00:00+0200,2721.92,MW,FR,FR,actual_onshore_wind_generation,Wind Onshore,2026-05-23T20:18:59Z
2026-05-23T20:18:24Z,2026-05-23T22:18:24+0200,ff0858ab-4740-4bdb-8b96-9805455abf18,2026-05-06T13:15:00Z,2026-05-06T15:15:00+0200,2726.51,MW,FR,FR,actual_onshore_wind_generation,Wind Onshore,2026-05-23T20:18:59Z
2026-05-23T20:18:24Z,2026-05-23T22:18:24+0200,ff0858ab-4740-4bdb-8b96-9805455abf18,2026-05-06T13:30:00Z,2026-05-06T15:30:00+0200,2722.28,MW,FR,FR,actual_onshore_wind_generation,Wind Onshore,2026-05-23T20:18:59Z
2026-05-23T20:18:24Z,2026-05-23T22:18:24+0200,ff0858ab-4740-4bdb-8b96-9805455abf18,2026-05-06T13:45:00Z,2026-05-06T15:45:00+0200,2650.69,MW,FR,FR,actual_onshore_wind_generation,Wind Onshore,2026-05-23T20:18:59Z
2026-05-23T20:18:24Z,2026-05-23T22:18:24+0200,ff0858ab-4740-4bdb-8b96-9805455abf18,2026-05-06T14:00:00Z,2026-05-06T16:00:00+0200,2645.26,MW,FR,FR,actual_onshore_wind_generation,Wind Onshore,2026-05-23T20:18:59Z
2026-05-23T20:18:24Z,2026-05-23T22:18:24+0200,ff0858ab-4740-4bdb-8b96-9805455abf18,2026-05-06T14:15:00Z,2026-05-06T16:15:00+0200,2682.58,MW,FR,FR,actual_onshore_wind_generation,Wind Onshore,2026-05-23T20:18:59Z
2026-05-23T20:18:24Z,2026-05-23T22:18:24+0200,ff0858ab-4740-4bdb-8b96-9805455abf18,2026-05-06T14:30:00Z,2026-05-06T16:30:00+0200,2644.11,MW,FR,FR,actual_onshore_wind_generation,Wind Onshore,2026-05-23T20:18:59Z
2026-05-23T20:18:24Z,2026-05-23T22:18:24+0200,ff0858ab-4740-4bdb-8b96-9805455abf18,2026-05-06T14:45:00Z,2026-05-06T16:45:00+0200,2636.52,MW,FR,FR,actual_onshore_wind_generation,Wind Onshore,2026-05-23T20:18:59Z
2026-05-23T20:18:24Z,2026-05-23T22:18:24+0200,ff0858ab-4740-4bdb-8b96-9805455abf18,2026-05-06T15:00:00Z,2026-05-06T17:00:00+0200,2596.55,MW,FR,FR,actual_onshore_wind_generation,Wind Onshore,2026-05-23T20:18:59Z
2026-05-23T20:18:24Z,2026-05-23T22:18:24+0200,ff0858ab-4740-4bdb-8b96-9805455abf18,2026-05-06T15:15:00Z,2026-05-06T17:15:00+0200,2611.16,MW,FR,FR,actual_onshore_wind_generation,Wind Onshore,2026-05-23T20:18:59Z
2026-05-23T20:18:24Z,2026-05-23T22:18:24+0200,ff0858ab-4740-4bdb-8b96-9805455abf18,2026-05-06T15:30:00Z,2026-05-06T17:30:00+0200,2622.27,MW,FR,FR,actual_onshore_wind_generation,Wind Onshore,2026-05-23T20:18:59Z
2026-05-23T20:18:24Z,2026-05-23T22:18:24+0200,ff0858ab-4740-4bdb-8b96-9805455abf18,2026-05-06T15:45:00Z,2026-05-06T17:45:00+0200,2537.14,MW,FR,FR,actual_onshore_wind_generation,Wind Onshore,2026-05-23T20:18:59Z
2026-05-23T20:18:24Z,2026-05-23T22:18:24+0200,ff0858ab-4740-4bdb-8b96-9805455abf18,2026-05-06T16:00:00Z,2026-05-06T18:00:00+0200,2532.98,MW,FR,FR,actual_onshore_wind_generation,Wind Onshore,2026-05-23T20:18:59Z
2026-05-23T20:18:24Z,2026-05-23T22:18:24+0200,ff0858ab-4740-4bdb-8b96-9805455abf18,2026-05-06T16:15:00Z,2026-05-06T18:15:00+0200,2455.33,MW,FR,FR,actual_onshore_wind_generation,Wind Onshore,2026-05-23T20:18:59Z
2026-05-23T20:18:24Z,2026-05-23T22:18:24+0200,ff0858ab-4740-4bdb-8b96-9805455abf18,2026-05-06T16:30:00Z,2026-05-06T18:30:00+0200,2338.45,MW,FR,FR,actual_onshore_wind_generation,Wind Onshore,2026-05-23T20:18:59Z
2026-05-23T20:18:24Z,2026-05-23T22:18:24+0200,ff0858ab-4740-4bdb-8b96-9805455abf18,2026-05-06T16:45:00Z,2026-05-06T18:45:00+0200,2230.42,MW,FR,FR,actual_onshore_wind_generation,Wind Onshore,2026-05-23T20:18:59Z
2026-05-23T20:18:24Z,2026-05-23T22:18:24+0200,ff0858ab-4740-4bdb-8b96-9805455abf18,2026-05-06T17:00:00Z,2026-05-06T19:00:00+0200,2141.53,MW,FR,FR,actual_onshore_wind_generation,Wind Onshore,2026-05-23T20:18:59Z
2026-05-23T20:18:24Z,2026-05-23T22:18:24+0200,ff0858ab-4740-4bdb-8b96-9805455abf18,2026-05-06T17:15:00Z,2026-05-06T19:15:00+0200,2137.43,MW,FR,FR,actual_onshore_wind_generation,Wind Onshore,2026-05-23T20:18:59Z
2026-05-23T20:18:24Z,2026-05-23T22:18:24+0200,ff0858ab-4740-4bdb-8b96-9805455abf18,2026-05-06T17:30:00Z,2026-05-06T19:30:00+0200,2078.06,MW,FR,FR,actual_onshore_wind_generation,Wind Onshore,2026-05-23T20:18:59Z
2026-05-23T20:18:24Z,2026-05-23T22:18:24+0200,ff0858ab-4740-4bdb-8b96-9805455abf18,2026-05-06T17:45:00Z,2026-05-06T19:45:00+0200,2054.67,MW,FR,FR,actual_onshore_wind_generation,Wind Onshore,2026-05-23T20:18:59Z
2026-05-23T20:18:24Z,2026-05-23T22:18:24+0200,ff0858ab-4740-4bdb-8b96-9805455abf18,2026-05-06T18:00:00Z,2026-05-06T20:00:00+0200,1977.86,MW,FR,FR,actual_onshore_wind_generation,Wind Onshore,2026-05-23T20:18:59Z
2026-05-23T20:18:24Z,2026-05-23T22:18:24+0200,ff0858ab-4740-4bdb-8b96-9805455abf18,2026-05-06T18:15:00Z,2026-05-06T20:15:00+0200,1912.73,MW,FR,FR,actual_onshore_wind_generation,Wind Onshore,2026-05-23T20:18:59Z
2026-05-23T20:18:24Z,2026-05-23T22:18:24+0200,ff0858ab-4740-4bdb-8b96-9805455abf18,2026-05-06T18:30:00Z,2026-05-06T20:30:00+0200,1881.69,MW,FR,FR,actual_onshore_wind_generation,Wind Onshore,2026-05-23T20:18:59Z
2026-05-23T20:18:24Z,2026-05-23T22:18:24+0200,ff0858ab-4740-4bdb-8b96-9805455abf18,2026-05-06T18:45:00Z,2026-05-06T20:45:00+0200,1876.28,MW,FR,FR,actual_onshore_wind_generation,Wind Onshore,2026-05-23T20:18:59Z
2026-05-23T20:18:24Z,2026-05-23T22:18:24+0200,ff0858ab-4740-4bdb-8b96-9805455abf18,2026-05-06T19:00:00Z,2026-05-06T21:00:00+0200,1851.15,MW,FR,FR,actual_onshore_wind_generation,Wind Onshore,2026-05-23T20:18:59Z
2026-05-23T20:18:24Z,2026-05-23T22:18:24+0200,ff0858ab-4740-4bdb-8b96-9805455abf18,2026-05-06T19:15:00Z,2026-05-06T21:15:00+0200,1825.02,MW,FR,FR,actual_onshore_wind_generation,Wind Onshore,2026-05-23T20:18:59Z
2026-05-23T20:18:24Z,2026-05-23T22:18:24+0200,ff0858ab-4740-4bdb-8b96-9805455abf18,2026-05-06T19:30:00Z,2026-05-06T21:30:00+0200,1851.97,MW,FR,FR,actual_onshore_wind_generation,Wind Onshore,2026-05-23T20:18:59Z
2026-05-23T20:18:24Z,2026-05-23T22:18:24+0200,ff0858ab-4740-4bdb-8b96-9805455abf18,2026-05-06T19:45:00Z,2026-05-06T21:45:00+0200,1903.16,MW,FR,FR,actual_onshore_wind_generation,Wind Onshore,2026-05-23T20:18:59Z
2026-05-23T20:18:24Z,2026-05-23T22:18:24+0200,ff0858ab-4740-4bdb-8b96-9805455abf18,2026-05-06T20:00:00Z,2026-05-06T22:00:00+0200,1922.15,MW,FR,FR,actual_onshore_wind_generation,Wind Onshore,2026-05-23T20:18:59Z
2026-05-23T20:18:24Z,2026-05-23T22:18:24+0200,ff0858ab-4740-4bdb-8b96-9805455abf18,2026-05-06T20:15:00Z,2026-05-06T22:15:00+0200,1919.4,MW,FR,FR,actual_onshore_wind_generation,Wind Onshore,2026-05-23T20:18:59Z
2026-05-23T20:18:24Z,2026-05-23T22:18:24+0200,ff0858ab-4740-4bdb-8b96-9805455abf18,2026-05-06T20:30:00Z,2026-05-06T22:30:00+0200,1918.88,MW,FR,FR,actual_onshore_wind_generation,Wind Onshore,2026-05-23T20:18:59Z
2026-05-23T20:18:24Z,2026-05-23T22:18:24+0200,ff0858ab-4740-4bdb-8b96-9805455abf18,2026-05-06T20:45:00Z,2026-05-06T22:45:00+0200,1899.09,MW,FR,FR,actual_onshore_wind_generation,Wind Onshore,2026-05-23T20:18:59Z
2026-05-23T20:18:24Z,2026-05-23T22:18:24+0200,ff0858ab-4740-4bdb-8b96-9805455abf18,2026-05-06T21:00:00Z,2026-05-06T23:00:00+0200,1895.93,MW,FR,FR,actual_onshore_wind_generation,Wind Onshore,2026-05-23T20:18:59Z
2026-05-23T20:18:24Z,2026-05-23T22:18:24+0200,ff0858ab-4740-4bdb-8b96-9805455abf18,2026-05-06T21:15:00Z,2026-05-06T23:15:00+0200,1892.69,MW,FR,FR,actual_onshore_wind_generation,Wind Onshore,2026-05-23T20:18:59Z
2026-05-23T20:18:24Z,2026-05-23T22:18:24+0200,ff0858ab-4740-4bdb-8b96-9805455abf18,2026-05-06T21:30:00Z,2026-05-06T23:30:00+0200,1895.95,MW,FR,FR,actual_onshore_wind_generation,Wind Onshore,2026-05-23T20:18:59Z
2026-05-23T20:18:24Z,2026-05-23T22:18:24+0200,ff0858ab-4740-4bdb-8b96-9805455abf18,2026-05-06T21:45:00Z,2026-05-06T23:45:00+0200,1878.98,MW,FR,FR,actual_onshore_wind_generation,Wind Onshore,2026-05-23T20:18:59Z
2026-05-23T20:18:24Z,2026-05-23T22:18:24+0200,ff0858ab-4740-4bdb-8b96-9805455abf18,2026-05-06T22:00:00Z,2026-05-07T00:00:00+0200,1838.42,MW,FR,FR,actual_onshore_wind_generation,Wind Onshore,2026-05-23T20:18:59Z
2026-05-23T20:18:24Z,2026-05-23T22:18:24+0200,ff0858ab-4740-4bdb-8b96-9805455abf18,2026-05-06T22:15:00Z,2026-05-07T00:15:00+0200,1838.5,MW,FR,FR,actual_onshore_wind_generation,Wind Onshore,2026-05-23T20:18:59Z
2026-05-23T20:18:24Z,2026-05-23T22:18:24+0200,ff0858ab-4740-4bdb-8b96-9805455abf18,2026-05-06T22:30:00Z,2026-05-07T00:30:00+0200,1839.71,MW,FR,FR,actual_onshore_wind_generation,Wind Onshore,2026-05-23T20:18:59Z
2026-05-23T20:18:24Z,2026-05-23T22:18:24+0200,ff0858ab-4740-4bdb-8b96-9805455abf18,2026-05-06T22:45:00Z,2026-05-07T00:45:00+0200,1774.92,MW,FR,FR,actual_onshore_wind_generation,Wind Onshore,2026-05-23T20:18:59Z
2026-05-23T20:18:24Z,2026-05-23T22:18:24+0200,ff0858ab-4740-4bdb-8b96-9805455abf18,2026-05-06T23:00:00Z,2026-05-07T01:00:00+0200,1686.68,MW,FR,FR,actual_onshore_wind_generation,Wind Onshore,2026-05-23T20:18:59Z
2026-05-23T20:18:24Z,2026-05-23T22:18:24+0200,ff0858ab-4740-4bdb-8b96-9805455abf18,2026-05-06T23:15:00Z,2026-05-07T01:15:00+0200,1667.51,MW,FR,FR,actual_onshore_wind_generation,Wind Onshore,2026-05-23T20:18:59Z
2026-05-23T20:18:24Z,2026-05-23T22:18:24+0200,ff0858ab-4740-4bdb-8b96-9805455abf18,2026-05-06T23:30:00Z,2026-05-07T01:30:00+0200,1623.82,MW,FR,FR,actual_onshore_wind_generation,Wind Onshore,2026-05-23T20:18:59Z
2026-05-23T20:18:24Z,2026-05-23T22:18:24+0200,ff0858ab-4740-4bdb-8b96-9805455abf18,2026-05-06T23:45:00Z,2026-05-07T01:45:00+0200,1577.24,MW,FR,FR,actual_onshore_wind_generation,Wind Onshore,2026-05-23T20:18:59Z
2026-05-23T20:18:24Z,2026-05-23T22:18:24+0200,ff0858ab-4740-4bdb-8b96-9805455abf18,2026-05-07T00:00:00Z,2026-05-07T02:00:00+0200,1541.86,MW,FR,FR,actual_onshore_wind_generation,Wind Onshore,2026-05-23T20:18:59Z
2026-05-23T20:18:24Z,2026-05-23T22:18:24+0200,ff0858ab-4740-4bdb-8b96-9805455abf18,2026-05-07T00:15:00Z,2026-05-07T02:15:00+0200,1526.4,MW,FR,FR,actual_onshore_wind_generation,Wind Onshore,2026-05-23T20:18:59Z
2026-05-23T20:18:24Z,2026-05-23T22:18:24+0200,ff0858ab-4740-4bdb-8b96-9805455abf18,2026-05-07T00:30:00Z,2026-05-07T02:30:00+0200,1483.55,MW,FR,FR,actual_onshore_wind_generation,Wind Onshore,2026-05-23T20:18:59Z
2026-05-23T20:18:24Z,2026-05-23T22:18:24+0200,ff0858ab-4740-4bdb-8b96-9805455abf18,2026-05-07T00:45:00Z,2026-05-07T02:45:00+0200,1461.12,MW,FR,FR,actual_onshore_wind_generation,Wind Onshore,2026-05-23T20:18:59Z
2026-05-23T20:18:24Z,2026-05-23T22:18:24+0200,ff0858ab-4740-4bdb-8b96-9805455abf18,2026-05-07T01:00:00Z,2026-05-07T03:00:00+0200,1430.53,MW,FR,FR,actual_onshore_wind_generation,Wind Onshore,2026-05-23T20:18:59Z
2026-05-23T20:18:24Z,2026-05-23T22:18:24+0200,ff0858ab-4740-4bdb-8b96-9805455abf18,2026-05-07T01:15:00Z,2026-05-07T03:15:00+0200,1390.27,MW,FR,FR,actual_onshore_wind_generation,Wind Onshore,2026-05-23T20:18:59Z
2026-05-23T20:18:24Z,2026-05-23T22:18:24+0200,ff0858ab-4740-4bdb-8b96-9805455abf18,2026-05-07T01:30:00Z,2026-05-07T03:30:00+0200,1351.31,MW,FR,FR,actual_onshore_wind_generation,Wind Onshore,2026-05-23T20:18:59Z
2026-05-23T20:18:24Z,2026-05-23T22:18:24+0200,ff0858ab-4740-4bdb-8b96-9805455abf18,2026-05-07T01:45:00Z,2026-05-07T03:45:00+0200,1315.73,MW,FR,FR,actual_onshore_wind_generation,Wind Onshore,2026-05-23T20:18:59Z
2026-05-23T20:18:24Z,2026-05-23T22:18:24+0200,ff0858ab-4740-4bdb-8b96-9805455abf18,2026-05-07T02:00:00Z,2026-05-07T04:00:00+0200,1297.05,MW,FR,FR,actual_onshore_wind_generation,Wind Onshore,2026-05-23T20:18:59Z
2026-05-23T20:18:24Z,2026-05-23T22:18:24+0200,ff0858ab-4740-4bdb-8b96-9805455abf18,2026-05-07T02:15:00Z,2026-05-07T04:15:00+0200,1275.57,MW,FR,FR,actual_onshore_wind_generation,Wind Onshore,2026-05-23T20:18:59Z
2026-05-23T20:18:24Z,2026-05-23T22:18:24+0200,ff0858ab-4740-4bdb-8b96-9805455abf18,2026-05-07T02:30:00Z,2026-05-07T04:30:00+0200,1225.65,MW,FR,FR,actual_onshore_wind_generation,Wind Onshore,2026-05-23T20:18:59Z
2026-05-23T20:18:24Z,2026-05-23T22:18:24+0200,ff0858ab-4740-4bdb-8b96-9805455abf18,2026-05-07T02:45:00Z,2026-05-07T04:45:00+0200,1185.45,MW,FR,FR,actual_onshore_wind_generation,Wind Onshore,2026-05-23T20:18:59Z
2026-05-23T20:18:24Z,2026-05-23T22:18:24+0200,ff0858ab-4740-4bdb-8b96-9805455abf18,2026-05-07T03:00:00Z,2026-05-07T05:00:00+0200,1129.03,MW,FR,FR,actual_onshore_wind_generation,Wind Onshore,2026-05-23T20:18:59Z
2026-05-23T20:18:24Z,2026-05-23T22:18:24+0200,ff0858ab-4740-4bdb-8b96-9805455abf18,2026-05-07T03:15:00Z,2026-05-07T05:15:00+0200,1088.08,MW,FR,FR,actual_onshore_wind_generation,Wind Onshore,2026-05-23T20:18:59Z
2026-05-23T20:18:24Z,2026-05-23T22:18:24+0200,ff0858ab-4740-4bdb-8b96-9805455abf18,2026-05-07T03:30:00Z,2026-05-07T05:30:00+0200,1069.75,MW,FR,FR,actual_onshore_wind_generation,Wind Onshore,2026-05-23T20:18:59Z
2026-05-23T20:18:24Z,2026-05-23T22:18:24+0200,ff0858ab-4740-4bdb-8b96-9805455abf18,2026-05-07T03:45:00Z,2026-05-07T05:45:00+0200,1053.59,MW,FR,FR,actual_onshore_wind_generation,Wind Onshore,2026-05-23T20:18:59Z
2026-05-23T20:18:24Z,2026-05-23T22:18:24+0200,ff0858ab-4740-4bdb-8b96-9805455abf18,2026-05-07T04:00:00Z,2026-05-07T06:00:00+0200,1035.28,MW,FR,FR,actual_onshore_wind_generation,Wind Onshore,2026-05-23T20:18:59Z
2026-05-23T20:18:24Z,2026-05-23T22:18:24+0200,ff0858ab-4740-4bdb-8b96-9805455abf18,2026-05-07T04:15:00Z,2026-05-07T06:15:00+0200,1014.97,MW,FR,FR,actual_onshore_wind_generation,Wind Onshore,2026-05-23T20:18:59Z
2026-05-23T20:18:24Z,2026-05-23T22:18:24+0200,ff0858ab-4740-4bdb-8b96-9805455abf18,2026-05-07T04:30:00Z,2026-05-07T06:30:00+0200,1016.19,MW,FR,FR,actual_onshore_wind_generation,Wind Onshore,2026-05-23T20:18:59Z
2026-05-23T20:18:24Z,2026-05-23T22:18:24+0200,ff0858ab-4740-4bdb-8b96-9805455abf18,2026-05-07T04:45:00Z,2026-05-07T06:45:00+0200,1049.39,MW,FR,FR,actual_onshore_wind_generation,Wind Onshore,2026-05-23T20:18:59Z
2026-05-23T20:18:24Z,2026-05-23T22:18:24+0200,ff0858ab-4740-4bdb-8b96-9805455abf18,2026-05-07T05:00:00Z,2026-05-07T07:00:00+0200,1061.05,MW,FR,FR,actual_onshore_wind_generation,Wind Onshore,2026-05-23T20:18:59Z
2026-05-23T20:18:24Z,2026-05-23T22:18:24+0200,ff0858ab-4740-4bdb-8b96-9805455abf18,2026-05-07T05:15:00Z,2026-05-07T07:15:00+0200,1069.48,MW,FR,FR,actual_onshore_wind_generation,Wind Onshore,2026-05-23T20:18:59Z
2026-05-23T20:18:24Z,2026-05-23T22:18:24+0200,ff0858ab-4740-4bdb-8b96-9805455abf18,2026-05-07T05:30:00Z,2026-05-07T07:30:00+0200,1041.19,MW,FR,FR,actual_onshore_wind_generation,Wind Onshore,2026-05-23T20:18:59Z
2026-05-23T20:18:24Z,2026-05-23T22:18:24+0200,ff0858ab-4740-4bdb-8b96-9805455abf18,2026-05-07T05:45:00Z,2026-05-07T07:45:00+0200,996.87,MW,FR,FR,actual_onshore_wind_generation,Wind Onshore,2026-05-23T20:18:59Z
2026-05-23T20:18:24Z,2026-05-23T22:18:24+0200,ff0858ab-4740-4bdb-8b96-9805455abf18,2026-05-07T06:00:00Z,2026-05-07T08:00:00+0200,934.14,MW,FR,FR,actual_onshore_wind_generation,Wind Onshore,2026-05-23T20:18:59Z
2026-05-23T20:18:24Z,2026-05-23T22:18:24+0200,ff0858ab-4740-4bdb-8b96-9805455abf18,2026-05-07T06:15:00Z,2026-05-07T08:15:00+0200,882.88,MW,FR,FR,actual_onshore_wind_generation,Wind Onshore,2026-05-23T20:18:59Z
2026-05-23T20:18:24Z,2026-05-23T22:18:24+0200,ff0858ab-4740-4bdb-8b96-9805455abf18,2026-05-07T06:30:00Z,2026-05-07T08:30:00+0200,819.74,MW,FR,FR,actual_onshore_wind_generation,Wind Onshore,2026-05-23T20:18:59Z
2026-05-23T20:18:24Z,2026-05-23T22:18:24+0200,ff0858ab-4740-4bdb-8b96-9805455abf18,2026-05-07T06:45:00Z,2026-05-07T08:45:00+0200,759.97,MW,FR,FR,actual_onshore_wind_generation,Wind Onshore,2026-05-23T20:18:59Z
2026-05-23T20:18:24Z,2026-05-23T22:18:24+0200,ff0858ab-4740-4bdb-8b96-9805455abf18,2026-05-07T07:00:00Z,2026-05-07T09:00:00+0200,717.56,MW,FR,FR,actual_onshore_wind_generation,Wind Onshore,2026-05-23T20:18:59Z
2026-05-23T20:18:24Z,2026-05-23T22:18:24+0200,ff0858ab-4740-4bdb-8b96-9805455abf18,2026-05-07T07:15:00Z,2026-05-07T09:15:00+0200,683.41,MW,FR,FR,actual_onshore_wind_generation,Wind Onshore,2026-05-23T20:18:59Z
2026-05-23T20:18:24Z,2026-05-23T22:18:24+0200,ff0858ab-4740-4bdb-8b96-9805455abf18,2026-05-07T07:30:00Z,2026-05-07T09:30:00+0200,648.6,MW,FR,FR,actual_onshore_wind_generation,Wind Onshore,2026-05-23T20:18:59Z
2026-05-23T20:18:24Z,2026-05-23T22:18:24+0200,ff0858ab-4740-4bdb-8b96-9805455abf18,2026-05-07T07:45:00Z,2026-05-07T09:45:00+0200,624.06,MW,FR,FR,actual_onshore_wind_generation,Wind Onshore,2026-05-23T20:18:59Z
2026-05-23T20:18:24Z,2026-05-23T22:18:24+0200,ff0858ab-4740-4bdb-8b96-9805455abf18,2026-05-07T08:00:00Z,2026-05-07T10:00:00+0200,624.55,MW,FR,FR,actual_onshore_wind_generation,Wind Onshore,2026-05-23T20:18:59Z
2026-05-23T20:18:24Z,2026-05-23T22:18:24+0200,ff0858ab-4740-4bdb-8b96-9805455abf18,2026-05-07T08:15:00Z,2026-05-07T10:15:00+0200,636.48,MW,FR,FR,actual_onshore_wind_generation,Wind Onshore,2026-05-23T20:18:59Z
2026-05-23T20:18:24Z,2026-05-23T22:18:24+0200,ff0858ab-4740-4bdb-8b96-9805455abf18,2026-05-07T08:30:00Z,2026-05-07T10:30:00+0200,631.72,MW,FR,FR,actual_onshore_wind_generation,Wind Onshore,2026-05-23T20:18:59Z
2026-05-23T20:18:24Z,2026-05-23T22:18:24+0200,ff0858ab-4740-4bdb-8b96-9805455abf18,2026-05-07T08:45:00Z,2026-05-07T10:45:00+0200,620.4,MW,FR,FR,actual_onshore_wind_generation,Wind Onshore,2026-05-23T20:18:59Z
2026-05-23T20:18:24Z,2026-05-23T22:18:24+0200,ff0858ab-4740-4bdb-8b96-9805455abf18,2026-05-07T09:00:00Z,2026-05-07T11:00:00+0200,624.37,MW,FR,FR,actual_onshore_wind_generation,Wind Onshore,2026-05-23T20:18:59Z
2026-05-23T20:18:24Z,2026-05-23T22:18:24+0200,ff0858ab-4740-4bdb-8b96-9805455abf18,2026-05-07T09:15:00Z,2026-05-07T11:15:00+0200,625.94,MW,FR,FR,actual_onshore_wind_generation,Wind Onshore,2026-05-23T20:18:59Z
2026-05-23T20:18:24Z,2026-05-23T22:18:24+0200,ff0858ab-4740-4bdb-8b96-9805455abf18,2026-05-07T09:30:00Z,2026-05-07T11:30:00+0200,622.53,MW,FR,FR,actual_onshore_wind_generation,Wind Onshore,2026-05-23T20:18:59Z
2026-05-23T20:18:24Z,2026-05-23T22:18:24+0200,ff0858ab-4740-4bdb-8b96-9805455abf18,2026-05-07T09:45:00Z,2026-05-07T11:45:00+0200,608.09,MW,FR,FR,actual_onshore_wind_generation,Wind Onshore,2026-05-23T20:18:59Z
2026-05-23T20:18:24Z,2026-05-23T22:18:24+0200,ff0858ab-4740-4bdb-8b96-9805455abf18,2026-05-07T10:00:00Z,2026-05-07T12:00:00+0200,640.83,MW,FR,FR,actual_onshore_wind_generation,Wind Onshore,2026-05-23T20:18:59Z
2026-05-23T20:18:24Z,2026-05-23T22:18:24+0200,ff0858ab-4740-4bdb-8b96-9805455abf18,2026-05-07T10:15:00Z,2026-05-07T12:15:00+0200,644.49,MW,FR,FR,actual_onshore_wind_generation,Wind Onshore,2026-05-23T20:18:59Z
2026-05-23T20:18:24Z,2026-05-23T22:18:24+0200,ff0858ab-4740-4bdb-8b96-9805455abf18,2026-05-07T10:30:00Z,2026-05-07T12:30:00+0200,644.03,MW,FR,FR,actual_onshore_wind_generation,Wind Onshore,2026-05-23T20:18:59Z
2026-05-23T20:18:24Z,2026-05-23T22:18:24+0200,ff0858ab-4740-4bdb-8b96-9805455abf18,2026-05-07T10:45:00Z,2026-05-07T12:45:00+0200,653.66,MW,FR,FR,actual_onshore_wind_generation,Wind Onshore,2026-05-23T20:18:59Z
2026-05-23T20:18:24Z,2026-05-23T22:18:24+0200,ff0858ab-4740-4bdb-8b96-9805455abf18,2026-05-07T11:00:00Z,2026-05-07T13:00:00+0200,667.12,MW,FR,FR,actual_onshore_wind_generation,Wind Onshore,2026-05-23T20:18:59Z
2026-05-23T20:18:24Z,2026-05-23T22:18:24+0200,ff0858ab-4740-4bdb-8b96-9805455abf18,2026-05-07T11:15:00Z,2026-05-07T13:15:00+0200,661.49,MW,FR,FR,actual_onshore_wind_generation,Wind Onshore,2026-05-23T20:18:59Z
2026-05-23T20:18:24Z,2026-05-23T22:18:24+0200,ff0858ab-4740-4bdb-8b96-9805455abf18,2026-05-07T11:30:00Z,2026-05-07T13:30:00+0200,675.7,MW,FR,FR,actual_onshore_wind_generation,Wind Onshore,2026-05-23T20:18:59Z
2026-05-23T20:18:24Z,2026-05-23T22:18:24+0200,ff0858ab-4740-4bdb-8b96-9805455abf18,2026-05-07T11:45:00Z,2026-05-07T13:45:00+0200,674.54,MW,FR,FR,actual_onshore_wind_generation,Wind Onshore,2026-05-23T20:18:59Z
2026-05-23T20:18:24Z,2026-05-23T22:18:24+0200,ff0858ab-4740-4bdb-8b96-9805455abf18,2026-05-07T12:00:00Z,2026-05-07T14:00:00+0200,670.86,MW,FR,FR,actual_onshore_wind_generation,Wind Onshore,2026-05-23T20:18:59Z
2026-05-23T20:18:24Z,2026-05-23T22:18:24+0200,ff0858ab-4740-4bdb-8b96-9805455abf18,2026-05-07T12:15:00Z,2026-05-07T14:15:00+0200,693.54,MW,FR,FR,actual_onshore_wind_generation,Wind Onshore,2026-05-23T20:18:59Z
2026-05-23T20:18:24Z,2026-05-23T22:18:24+0200,ff0858ab-4740-4bdb-8b96-9805455abf18,2026-05-07T12:30:00Z,2026-05-07T14:30:00+0200,703.95,MW,FR,FR,actual_onshore_wind_generation,Wind Onshore,2026-05-23T20:18:59Z
2026-05-23T20:18:24Z,2026-05-23T22:18:24+0200,ff0858ab-4740-4bdb-8b96-9805455abf18,2026-05-07T12:45:00Z,2026-05-07T14:45:00+0200,712.97,MW,FR,FR,actual_onshore_wind_generation,Wind Onshore,2026-05-23T20:18:59Z
2026-05-23T20:18:24Z,2026-05-23T22:18:24+0200,ff0858ab-4740-4bdb-8b96-9805455abf18,2026-05-07T13:00:00Z,2026-05-07T15:00:00+0200,702.52,MW,FR,FR,actual_onshore_wind_generation,Wind Onshore,2026-05-23T20:18:59Z
2026-05-23T20:18:24Z,2026-05-23T22:18:24+0200,ff0858ab-4740-4bdb-8b96-9805455abf18,2026-05-07T13:15:00Z,2026-05-07T15:15:00+0200,721.76,MW,FR,FR,actual_onshore_wind_generation,Wind Onshore,2026-05-23T20:18:59Z
2026-05-23T20:18:24Z,2026-05-23T22:18:24+0200,ff0858ab-4740-4bdb-8b96-9805455abf18,2026-05-07T13:30:00Z,2026-05-07T15:30:00+0200,695.21,MW,FR,FR,actual_onshore_wind_generation,Wind Onshore,2026-05-23T20:18:59Z
2026-05-23T20:18:24Z,2026-05-23T22:18:24+0200,ff0858ab-4740-4bdb-8b96-9805455abf18,2026-05-07T13:45:00Z,2026-05-07T15:45:00+0200,739.42,MW,FR,FR,actual_onshore_wind_generation,Wind Onshore,2026-05-23T20:18:59Z
2026-05-23T20:18:24Z,2026-05-23T22:18:24+0200,ff0858ab-4740-4bdb-8b96-9805455abf18,2026-05-07T14:00:00Z,2026-05-07T16:00:00+0200,733.08,MW,FR,FR,actual_onshore_wind_generation,Wind Onshore,2026-05-23T20:18:59Z
2026-05-23T20:18:24Z,2026-05-23T22:18:24+0200,ff0858ab-4740-4bdb-8b96-9805455abf18,2026-05-07T14:15:00Z,2026-05-07T16:15:00+0200,732.42,MW,FR,FR,actual_onshore_wind_generation,Wind Onshore,2026-05-23T20:18:59Z
2026-05-23T20:18:24Z,2026-05-23T22:18:24+0200,ff0858ab-4740-4bdb-8b96-9805455abf18,2026-05-07T14:30:00Z,2026-05-07T16:30:00+0200,725.84,MW,FR,FR,actual_onshore_wind_generation,Wind Onshore,2026-05-23T20:18:59Z
2026-05-23T20:18:24Z,2026-05-23T22:18:24+0200,ff0858ab-4740-4bdb-8b96-9805455abf18,2026-05-07T14:45:00Z,2026-05-07T16:45:00+0200,766.64,MW,FR,FR,actual_onshore_wind_generation,Wind Onshore,2026-05-23T20:18:59Z
2026-05-23T20:18:24Z,2026-05-23T22:18:24+0200,ff0858ab-4740-4bdb-8b96-9805455abf18,2026-05-07T15:00:00Z,2026-05-07T17:00:00+0200,774.34,MW,FR,FR,actual_onshore_wind_generation,Wind Onshore,2026-05-23T20:18:59Z
2026-05-23T20:18:24Z,2026-05-23T22:18:24+0200,ff0858ab-4740-4bdb-8b96-9805455abf18,2026-05-07T15:15:00Z,2026-05-07T17:15:00+0200,779.55,MW,FR,FR,actual_onshore_wind_generation,Wind Onshore,2026-05-23T20:18:59Z
2026-05-23T20:18:24Z,2026-05-23T22:18:24+0200,ff0858ab-4740-4bdb-8b96-9805455abf18,2026-05-07T15:30:00Z,2026-05-07T17:30:00+0200,766.5,MW,FR,FR,actual_onshore_wind_generation,Wind Onshore,2026-05-23T20:18:59Z
2026-05-23T20:18:24Z,2026-05-23T22:18:24+0200,ff0858ab-4740-4bdb-8b96-9805455abf18,2026-05-07T15:45:00Z,2026-05-07T17:45:00+0200,757.51,MW,FR,FR,actual_onshore_wind_generation,Wind Onshore,2026-05-23T20:18:59Z
2026-05-23T20:18:24Z,2026-05-23T22:18:24+0200,ff0858ab-4740-4bdb-8b96-9805455abf18,2026-05-07T16:00:00Z,2026-05-07T18:00:00+0200,751.65,MW,FR,FR,actual_onshore_wind_generation,Wind Onshore,2026-05-23T20:18:59Z
2026-05-23T20:18:24Z,2026-05-23T22:18:24+0200,ff0858ab-4740-4bdb-8b96-9805455abf18,2026-05-07T16:15:00Z,2026-05-07T18:15:00+0200,749.29,MW,FR,FR,actual_onshore_wind_generation,Wind Onshore,2026-05-23T20:18:59Z
2026-05-23T20:18:24Z,2026-05-23T22:18:24+0200,ff0858ab-4740-4bdb-8b96-9805455abf18,2026-05-07T16:30:00Z,2026-05-07T18:30:00+0200,766.82,MW,FR,FR,actual_onshore_wind_generation,Wind Onshore,2026-05-23T20:18:59Z
2026-05-23T20:18:24Z,2026-05-23T22:18:24+0200,ff0858ab-4740-4bdb-8b96-9805455abf18,2026-05-07T16:45:00Z,2026-05-07T18:45:00+0200,776.91,MW,FR,FR,actual_onshore_wind_generation,Wind Onshore,2026-05-23T20:18:59Z
2026-05-23T20:18:24Z,2026-05-23T22:18:24+0200,ff0858ab-4740-4bdb-8b96-9805455abf18,2026-05-07T17:00:00Z,2026-05-07T19:00:00+0200,784.21,MW,FR,FR,actual_onshore_wind_generation,Wind Onshore,2026-05-23T20:18:59Z
2026-05-23T20:18:24Z,2026-05-23T22:18:24+0200,ff0858ab-4740-4bdb-8b96-9805455abf18,2026-05-07T17:15:00Z,2026-05-07T19:15:00+0200,788.88,MW,FR,FR,actual_onshore_wind_generation,Wind Onshore,2026-05-23T20:18:59Z
2026-05-23T20:18:24Z,2026-05-23T22:18:24+0200,ff0858ab-4740-4bdb-8b96-9805455abf18,2026-05-07T17:30:00Z,2026-05-07T19:30:00+0200,794.46,MW,FR,FR,actual_onshore_wind_generation,Wind Onshore,2026-05-23T20:18:59Z
2026-05-23T20:18:24Z,2026-05-23T22:18:24+0200,ff0858ab-4740-4bdb-8b96-9805455abf18,2026-05-07T17:45:00Z,2026-05-07T19:45:00+0200,791.59,MW,FR,FR,actual_onshore_wind_generation,Wind Onshore,2026-05-23T20:18:59Z
2026-05-23T20:18:24Z,2026-05-23T22:18:24+0200,ff0858ab-4740-4bdb-8b96-9805455abf18,2026-05-07T18:00:00Z,2026-05-07T20:00:00+0200,809.56,MW,FR,FR,actual_onshore_wind_generation,Wind Onshore,2026-05-23T20:18:59Z
2026-05-23T20:18:24Z,2026-05-23T22:18:24+0200,ff0858ab-4740-4bdb-8b96-9805455abf18,2026-05-07T18:15:00Z,2026-05-07T20:15:00+0200,848.17,MW,FR,FR,actual_onshore_wind_generation,Wind Onshore,2026-05-23T20:18:59Z
2026-05-23T20:18:24Z,2026-05-23T22:18:24+0200,ff0858ab-4740-4bdb-8b96-9805455abf18,2026-05-07T18:30:00Z,2026-05-07T20:30:00+0200,907.22,MW,FR,FR,actual_onshore_wind_generation,Wind Onshore,2026-05-23T20:18:59Z
2026-05-23T20:18:24Z,2026-05-23T22:18:24+0200,ff0858ab-4740-4bdb-8b96-9805455abf18,2026-05-07T18:45:00Z,2026-05-07T20:45:00+0200,962.71,MW,FR,FR,actual_onshore_wind_generation,Wind Onshore,2026-05-23T20:18:59Z
2026-05-23T20:18:24Z,2026-05-23T22:18:24+0200,ff0858ab-4740-4bdb-8b96-9805455abf18,2026-05-07T19:00:00Z,2026-05-07T21:00:00+0200,1048.64,MW,FR,FR,actual_onshore_wind_generation,Wind Onshore,2026-05-23T20:18:59Z
2026-05-23T20:18:24Z,2026-05-23T22:18:24+0200,ff0858ab-4740-4bdb-8b96-9805455abf18,2026-05-07T19:15:00Z,2026-05-07T21:15:00+0200,1094.26,MW,FR,FR,actual_onshore_wind_generation,Wind Onshore,2026-05-23T20:18:59Z
2026-05-23T20:18:24Z,2026-05-23T22:18:24+0200,ff0858ab-4740-4bdb-8b96-9805455abf18,2026-05-07T19:30:00Z,2026-05-07T21:30:00+0200,1182.81,MW,FR,FR,actual_onshore_wind_generation,Wind Onshore,2026-05-23T20:18:59Z
2026-05-23T20:18:24Z,2026-05-23T22:18:24+0200,ff0858ab-4740-4bdb-8b96-9805455abf18,2026-05-07T19:45:00Z,2026-05-07T21:45:00+0200,1310.54,MW,FR,FR,actual_onshore_wind_generation,Wind Onshore,2026-05-23T20:18:59Z
2026-05-23T20:18:24Z,2026-05-23T22:18:24+0200,ff0858ab-4740-4bdb-8b96-9805455abf18,2026-05-07T20:00:00Z,2026-05-07T22:00:00+0200,1421.94,MW,FR,FR,actual_onshore_wind_generation,Wind Onshore,2026-05-23T20:18:59Z
2026-05-23T20:18:24Z,2026-05-23T22:18:24+0200,ff0858ab-4740-4bdb-8b96-9805455abf18,2026-05-07T20:15:00Z,2026-05-07T22:15:00+0200,1529.67,MW,FR,FR,actual_onshore_wind_generation,Wind Onshore,2026-05-23T20:18:59Z
2026-05-23T20:18:24Z,2026-05-23T22:18:24+0200,ff0858ab-4740-4bdb-8b96-9805455abf18,2026-05-07T20:30:00Z,2026-05-07T22:30:00+0200,1615.9,MW,FR,FR,actual_onshore_wind_generation,Wind Onshore,2026-05-23T20:18:59Z
2026-05-23T20:18:24Z,2026-05-23T22:18:24+0200,ff0858ab-4740-4bdb-8b96-9805455abf18,2026-05-07T20:45:00Z,2026-05-07T22:45:00+0200,1684.99,MW,FR,FR,actual_onshore_wind_generation,Wind Onshore,2026-05-23T20:18:59Z
2026-05-23T20:18:24Z,2026-05-23T22:18:24+0200,ff0858ab-4740-4bdb-8b96-9805455abf18,2026-05-07T21:00:00Z,2026-05-07T23:00:00+0200,1795.1,MW,FR,FR,actual_onshore_wind_generation,Wind Onshore,2026-05-23T20:18:59Z
2026-05-23T20:18:24Z,2026-05-23T22:18:24+0200,ff0858ab-4740-4bdb-8b96-9805455abf18,2026-05-07T21:15:00Z,2026-05-07T23:15:00+0200,1881.1,MW,FR,FR,actual_onshore_wind_generation,Wind Onshore,2026-05-23T20:18:59Z
2026-05-23T20:18:24Z,2026-05-23T22:18:24+0200,ff0858ab-4740-4bdb-8b96-9805455abf18,2026-05-07T21:30:00Z,2026-05-07T23:30:00+0200,1917.47,MW,FR,FR,actual_onshore_wind_generation,Wind Onshore,2026-05-23T20:18:59Z
2026-05-23T20:18:24Z,2026-05-23T22:18:24+0200,ff0858ab-4740-4bdb-8b96-9805455abf18,2026-05-07T21:45:00Z,2026-05-07T23:45:00+0200,1977.96,MW,FR,FR,actual_onshore_wind_generation,Wind Onshore,2026-05-23T20:18:59Z
2026-05-23T20:18:24Z,2026-05-23T22:18:24+0200,ff0858ab-4740-4bdb-8b96-9805455abf18,2026-05-07T22:00:00Z,2026-05-08T00:00:00+0200,2006.35,MW,FR,FR,actual_onshore_wind_generation,Wind Onshore,2026-05-23T20:18:59Z
2026-05-23T20:18:24Z,2026-05-23T22:18:24+0200,ff0858ab-4740-4bdb-8b96-9805455abf18,2026-05-07T22:15:00Z,2026-05-08T00:15:00+0200,1995.7,MW,FR,FR,actual_onshore_wind_generation,Wind Onshore,2026-05-23T20:18:59Z
2026-05-23T20:18:24Z,2026-05-23T22:18:24+0200,ff0858ab-4740-4bdb-8b96-9805455abf18,2026-05-07T22:30:00Z,2026-05-08T00:30:00+0200,1956.37,MW,FR,FR,actual_onshore_wind_generation,Wind Onshore,2026-05-23T20:18:59Z
2026-05-23T20:18:24Z,2026-05-23T22:18:24+0200,ff0858ab-4740-4bdb-8b96-9805455abf18,2026-05-07T22:45:00Z,2026-05-08T00:45:00+0200,1920.43,MW,FR,FR,actual_onshore_wind_generation,Wind Onshore,2026-05-23T20:18:59Z
2026-05-23T20:18:24Z,2026-05-23T22:18:24+0200,ff0858ab-4740-4bdb-8b96-9805455abf18,2026-05-07T23:00:00Z,2026-05-08T01:00:00+0200,1925.55,MW,FR,FR,actual_onshore_wind_generation,Wind Onshore,2026-05-23T20:18:59Z
2026-05-23T20:18:24Z,2026-05-23T22:18:24+0200,ff0858ab-4740-4bdb-8b96-9805455abf18,2026-05-07T23:15:00Z,2026-05-08T01:15:00+0200,1908.22,MW,FR,FR,actual_onshore_wind_generation,Wind Onshore,2026-05-23T20:18:59Z
2026-05-23T20:18:24Z,2026-05-23T22:18:24+0200,ff0858ab-4740-4bdb-8b96-9805455abf18,2026-05-07T23:30:00Z,2026-05-08T01:30:00+0200,1872.86,MW,FR,FR,actual_onshore_wind_generation,Wind Onshore,2026-05-23T20:18:59Z
2026-05-23T20:18:24Z,2026-05-23T22:18:24+0200,ff0858ab-4740-4bdb-8b96-9805455abf18,2026-05-07T23:45:00Z,2026-05-08T01:45:00+0200,1856.18,MW,FR,FR,actual_onshore_wind_generation,Wind Onshore,2026-05-23T20:18:59Z
2026-05-23T20:18:24Z,2026-05-23T22:18:24+0200,ff0858ab-4740-4bdb-8b96-9805455abf18,2026-05-08T00:00:00Z,2026-05-08T02:00:00+0200,1849.27,MW,FR,FR,actual_onshore_wind_generation,Wind Onshore,2026-05-23T20:18:59Z
2026-05-23T20:18:24Z,2026-05-23T22:18:24+0200,ff0858ab-4740-4bdb-8b96-9805455abf18,2026-05-08T00:15:00Z,2026-05-08T02:15:00+0200,1862.99,MW,FR,FR,actual_onshore_wind_generation,Wind Onshore,2026-05-23T20:18:59Z
2026-05-23T20:18:24Z,2026-05-23T22:18:24+0200,ff0858ab-4740-4bdb-8b96-9805455abf18,2026-05-08T00:30:00Z,2026-05-08T02:30:00+0200,1856.62,MW,FR,FR,actual_onshore_wind_generation,Wind Onshore,2026-05-23T20:18:59Z
2026-05-23T20:18:24Z,2026-05-23T22:18:24+0200,ff0858ab-4740-4bdb-8b96-9805455abf18,2026-05-08T00:45:00Z,2026-05-08T02:45:00+0200,1837.49,MW,FR,FR,actual_onshore_wind_generation,Wind Onshore,2026-05-23T20:18:59Z
2026-05-23T20:18:24Z,2026-05-23T22:18:24+0200,ff0858ab-4740-4bdb-8b96-9805455abf18,2026-05-08T01:00:00Z,2026-05-08T03:00:00+0200,1853.91,MW,FR,FR,actual_onshore_wind_generation,Wind Onshore,2026-05-23T20:18:59Z
2026-05-23T20:18:24Z,2026-05-23T22:18:24+0200,ff0858ab-4740-4bdb-8b96-9805455abf18,2026-05-08T01:15:00Z,2026-05-08T03:15:00+0200,1831.39,MW,FR,FR,actual_onshore_wind_generation,Wind Onshore,2026-05-23T20:18:59Z
2026-05-23T20:18:24Z,2026-05-23T22:18:24+0200,ff0858ab-4740-4bdb-8b96-9805455abf18,2026-05-08T01:30:00Z,2026-05-08T03:30:00+0200,1830.22,MW,FR,FR,actual_onshore_wind_generation,Wind Onshore,2026-05-23T20:18:59Z
2026-05-23T20:18:24Z,2026-05-23T22:18:24+0200,ff0858ab-4740-4bdb-8b96-9805455abf18,2026-05-08T01:45:00Z,2026-05-08T03:45:00+0200,1788.49,MW,FR,FR,actual_onshore_wind_generation,Wind Onshore,2026-05-23T20:18:59Z
2026-05-23T20:18:24Z,2026-05-23T22:18:24+0200,ff0858ab-4740-4bdb-8b96-9805455abf18,2026-05-08T02:00:00Z,2026-05-08T04:00:00+0200,1747.66,MW,FR,FR,actual_onshore_wind_generation,Wind Onshore,2026-05-23T20:18:59Z
2026-05-23T20:18:24Z,2026-05-23T22:18:24+0200,ff0858ab-4740-4bdb-8b96-9805455abf18,2026-05-08T02:15:00Z,2026-05-08T04:15:00+0200,1728.54,MW,FR,FR,actual_onshore_wind_generation,Wind Onshore,2026-05-23T20:18:59Z
2026-05-23T20:18:24Z,2026-05-23T22:18:24+0200,ff0858ab-4740-4bdb-8b96-9805455abf18,2026-05-08T02:30:00Z,2026-05-08T04:30:00+0200,1696.64,MW,FR,FR,actual_onshore_wind_generation,Wind Onshore,2026-05-23T20:18:59Z
2026-05-23T20:18:24Z,2026-05-23T22:18:24+0200,ff0858ab-4740-4bdb-8b96-9805455abf18,2026-05-08T02:45:00Z,2026-05-08T04:45:00+0200,1696.03,MW,FR,FR,actual_onshore_wind_generation,Wind Onshore,2026-05-23T20:18:59Z
2026-05-23T20:18:24Z,2026-05-23T22:18:24+0200,ff0858ab-4740-4bdb-8b96-9805455abf18,2026-05-08T03:00:00Z,2026-05-08T05:00:00+0200,1693.91,MW,FR,FR,actual_onshore_wind_generation,Wind Onshore,2026-05-23T20:18:59Z
2026-05-23T20:18:24Z,2026-05-23T22:18:24+0200,ff0858ab-4740-4bdb-8b96-9805455abf18,2026-05-08T03:15:00Z,2026-05-08T05:15:00+0200,1673.25,MW,FR,FR,actual_onshore_wind_generation,Wind Onshore,2026-05-23T20:18:59Z
2026-05-23T20:18:24Z,2026-05-23T22:18:24+0200,ff0858ab-4740-4bdb-8b96-9805455abf18,2026-05-08T03:30:00Z,2026-05-08T05:30:00+0200,1630.78,MW,FR,FR,actual_onshore_wind_generation,Wind Onshore,2026-05-23T20:18:59Z
2026-05-23T20:18:24Z,2026-05-23T22:18:24+0200,ff0858ab-4740-4bdb-8b96-9805455abf18,2026-05-08T03:45:00Z,2026-05-08T05:45:00+0200,1606.95,MW,FR,FR,actual_onshore_wind_generation,Wind Onshore,2026-05-23T20:18:59Z
2026-05-23T20:18:24Z,2026-05-23T22:18:24+0200,ff0858ab-4740-4bdb-8b96-9805455abf18,2026-05-08T04:00:00Z,2026-05-08T06:00:00+0200,1607.75,MW,FR,FR,actual_onshore_wind_generation,Wind Onshore,2026-05-23T20:18:59Z
2026-05-23T20:18:24Z,2026-05-23T22:18:24+0200,ff0858ab-4740-4bdb-8b96-9805455abf18,2026-05-08T04:15:00Z,2026-05-08T06:15:00+0200,1609.94,MW,FR,FR,actual_onshore_wind_generation,Wind Onshore,2026-05-23T20:18:59Z
2026-05-23T20:18:24Z,2026-05-23T22:18:24+0200,ff0858ab-4740-4bdb-8b96-9805455abf18,2026-05-08T04:30:00Z,2026-05-08T06:30:00+0200,1613.57,MW,FR,FR,actual_onshore_wind_generation,Wind Onshore,2026-05-23T20:18:59Z
2026-05-23T20:18:24Z,2026-05-23T22:18:24+0200,ff0858ab-4740-4bdb-8b96-9805455abf18,2026-05-08T04:45:00Z,2026-05-08T06:45:00+0200,1633.79,MW,FR,FR,actual_onshore_wind_generation,Wind Onshore,2026-05-23T20:18:59Z
2026-05-23T20:18:24Z,2026-05-23T22:18:24+0200,ff0858ab-4740-4bdb-8b96-9805455abf18,2026-05-08T05:00:00Z,2026-05-08T07:00:00+0200,1650.92,MW,FR,FR,actual_onshore_wind_generation,Wind Onshore,2026-05-23T20:18:59Z
2026-05-23T20:18:24Z,2026-05-23T22:18:24+0200,ff0858ab-4740-4bdb-8b96-9805455abf18,2026-05-08T05:15:00Z,2026-05-08T07:15:00+0200,1704.25,MW,FR,FR,actual_onshore_wind_generation,Wind Onshore,2026-05-23T20:18:59Z
2026-05-23T20:18:24Z,2026-05-23T22:18:24+0200,ff0858ab-4740-4bdb-8b96-9805455abf18,2026-05-08T05:30:00Z,2026-05-08T07:30:00+0200,1701.39,MW,FR,FR,actual_onshore_wind_generation,Wind Onshore,2026-05-23T20:18:59Z
2026-05-23T20:18:24Z,2026-05-23T22:18:24+0200,ff0858ab-4740-4bdb-8b96-9805455abf18,2026-05-08T05:45:00Z,2026-05-08T07:45:00+0200,1648.94,MW,FR,FR,actual_onshore_wind_generation,Wind Onshore,2026-05-23T20:18:59Z
2026-05-23T20:18:24Z,2026-05-23T22:18:24+0200,ff0858ab-4740-4bdb-8b96-9805455abf18,2026-05-08T06:00:00Z,2026-05-08T08:00:00+0200,1552.59,MW,FR,FR,actual_onshore_wind_generation,Wind Onshore,2026-05-23T20:18:59Z
2026-05-23T20:18:24Z,2026-05-23T22:18:24+0200,ff0858ab-4740-4bdb-8b96-9805455abf18,2026-05-08T06:15:00Z,2026-05-08T08:15:00+0200,1487.31,MW,FR,FR,actual_onshore_wind_generation,Wind Onshore,2026-05-23T20:18:59Z
2026-05-23T20:18:24Z,2026-05-23T22:18:24+0200,ff0858ab-4740-4bdb-8b96-9805455abf18,2026-05-08T06:30:00Z,2026-05-08T08:30:00+0200,1368.75,MW,FR,FR,actual_onshore_wind_generation,Wind Onshore,2026-05-23T20:18:59Z
2026-05-23T20:18:24Z,2026-05-23T22:18:24+0200,ff0858ab-4740-4bdb-8b96-9805455abf18,2026-05-08T06:45:00Z,2026-05-08T08:45:00+0200,1237.65,MW,FR,FR,actual_onshore_wind_generation,Wind Onshore,2026-05-23T20:18:59Z
2026-05-23T20:18:24Z,2026-05-23T22:18:24+0200,ff0858ab-4740-4bdb-8b96-9805455abf18,2026-05-08T07:00:00Z,2026-05-08T09:00:00+0200,1129.55,MW,FR,FR,actual_onshore_wind_generation,Wind Onshore,2026-05-23T20:18:59Z
2026-05-23T20:18:24Z,2026-05-23T22:18:24+0200,ff0858ab-4740-4bdb-8b96-9805455abf18,2026-05-08T07:15:00Z,2026-05-08T09:15:00+0200,1080.08,MW,FR,FR,actual_onshore_wind_generation,Wind Onshore,2026-05-23T20:18:59Z
2026-05-23T20:18:24Z,2026-05-23T22:18:24+0200,ff0858ab-4740-4bdb-8b96-9805455abf18,2026-05-08T07:30:00Z,2026-05-08T09:30:00+0200,1044.38,MW,FR,FR,actual_onshore_wind_generation,Wind Onshore,2026-05-23T20:18:59Z
2026-05-23T20:18:24Z,2026-05-23T22:18:24+0200,ff0858ab-4740-4bdb-8b96-9805455abf18,2026-05-08T07:45:00Z,2026-05-08T09:45:00+0200,997.85,MW,FR,FR,actual_onshore_wind_generation,Wind Onshore,2026-05-23T20:18:59Z
2026-05-23T20:18:24Z,2026-05-23T22:18:24+0200,ff0858ab-4740-4bdb-8b96-9805455abf18,2026-05-08T08:00:00Z,2026-05-08T10:00:00+0200,993.15,MW,FR,FR,actual_onshore_wind_generation,Wind Onshore,2026-05-23T20:18:59Z
2026-05-23T20:18:24Z,2026-05-23T22:18:24+0200,ff0858ab-4740-4bdb-8b96-9805455abf18,2026-05-08T08:15:00Z,2026-05-08T10:15:00+0200,1016.84,MW,FR,FR,actual_onshore_wind_generation,Wind Onshore,2026-05-23T20:18:59Z
2026-05-23T20:18:24Z,2026-05-23T22:18:24+0200,ff0858ab-4740-4bdb-8b96-9805455abf18,2026-05-08T08:30:00Z,2026-05-08T10:30:00+0200,999.91,MW,FR,FR,actual_onshore_wind_generation,Wind Onshore,2026-05-23T20:18:59Z
2026-05-23T20:18:24Z,2026-05-23T22:18:24+0200,ff0858ab-4740-4bdb-8b96-9805455abf18,2026-05-08T08:45:00Z,2026-05-08T10:45:00+0200,997.41,MW,FR,FR,actual_onshore_wind_generation,Wind Onshore,2026-05-23T20:18:59Z
2026-05-23T20:18:24Z,2026-05-23T22:18:24+0200,ff0858ab-4740-4bdb-8b96-9805455abf18,2026-05-08T09:00:00Z,2026-05-08T11:00:00+0200,1055.77,MW,FR,FR,actual_onshore_wind_generation,Wind Onshore,2026-05-23T20:18:59Z
2026-05-23T20:18:24Z,2026-05-23T22:18:24+0200,ff0858ab-4740-4bdb-8b96-9805455abf18,2026-05-08T09:15:00Z,2026-05-08T11:15:00+0200,1119.76,MW,FR,FR,actual_onshore_wind_generation,Wind Onshore,2026-05-23T20:18:59Z
2026-05-23T20:18:24Z,2026-05-23T22:18:24+0200,ff0858ab-4740-4bdb-8b96-9805455abf18,2026-05-08T09:30:00Z,2026-05-08T11:30:00+0200,1183.16,MW,FR,FR,actual_onshore_wind_generation,Wind Onshore,2026-05-23T20:18:59Z
2026-05-23T20:18:24Z,2026-05-23T22:18:24+0200,ff0858ab-4740-4bdb-8b96-9805455abf18,2026-05-08T09:45:00Z,2026-05-08T11:45:00+0200,1296.67,MW,FR,FR,actual_onshore_wind_generation,Wind Onshore,2026-05-23T20:18:59Z
2026-05-23T20:18:24Z,2026-05-23T22:18:24+0200,ff0858ab-4740-4bdb-8b96-9805455abf18,2026-05-08T10:00:00Z,2026-05-08T12:00:00+0200,1364.22,MW,FR,FR,actual_onshore_wind_generation,Wind Onshore,2026-05-23T20:18:59Z
2026-05-23T20:18:24Z,2026-05-23T22:18:24+0200,ff0858ab-4740-4bdb-8b96-9805455abf18,2026-05-08T10:15:00Z,2026-05-08T12:15:00+0200,1463.49,MW,FR,FR,actual_onshore_wind_generation,Wind Onshore,2026-05-23T20:18:59Z
2026-05-23T20:18:24Z,2026-05-23T22:18:24+0200,ff0858ab-4740-4bdb-8b96-9805455abf18,2026-05-08T10:30:00Z,2026-05-08T12:30:00+0200,1553.05,MW,FR,FR,actual_onshore_wind_generation,Wind Onshore,2026-05-23T20:18:59Z
2026-05-23T20:18:24Z,2026-05-23T22:18:24+0200,ff0858ab-4740-4bdb-8b96-9805455abf18,2026-05-08T10:45:00Z,2026-05-08T12:45:00+0200,1607.97,MW,FR,FR,actual_onshore_wind_generation,Wind Onshore,2026-05-23T20:18:59Z
2026-05-23T20:18:24Z,2026-05-23T22:18:24+0200,ff0858ab-4740-4bdb-8b96-9805455abf18,2026-05-08T11:00:00Z,2026-05-08T13:00:00+0200,1633.12,MW,FR,FR,actual_onshore_wind_generation,Wind Onshore,2026-05-23T20:18:59Z
2026-05-23T20:18:24Z,2026-05-23T22:18:24+0200,ff0858ab-4740-4bdb-8b96-9805455abf18,2026-05-08T11:15:00Z,2026-05-08T13:15:00+0200,1615.62,MW,FR,FR,actual_onshore_wind_generation,Wind Onshore,2026-05-23T20:18:59Z
2026-05-23T20:18:24Z,2026-05-23T22:18:24+0200,ff0858ab-4740-4bdb-8b96-9805455abf18,2026-05-08T11:30:00Z,2026-05-08T13:30:00+0200,1636.98,MW,FR,FR,actual_onshore_wind_generation,Wind Onshore,2026-05-23T20:18:59Z
2026-05-23T20:18:24Z,2026-05-23T22:18:24+0200,ff0858ab-4740-4bdb-8b96-9805455abf18,2026-05-08T11:45:00Z,2026-05-08T13:45:00+0200,1628.88,MW,FR,FR,actual_onshore_wind_generation,Wind Onshore,2026-05-23T20:18:59Z
2026-05-23T20:18:24Z,2026-05-23T22:18:24+0200,ff0858ab-4740-4bdb-8b96-9805455abf18,2026-05-08T12:00:00Z,2026-05-08T14:00:00+0200,1611.91,MW,FR,FR,actual_onshore_wind_generation,Wind Onshore,2026-05-23T20:18:59Z
2026-05-23T20:18:24Z,2026-05-23T22:18:24+0200,ff0858ab-4740-4bdb-8b96-9805455abf18,2026-05-08T12:15:00Z,2026-05-08T14:15:00+0200,1579.22,MW,FR,FR,actual_onshore_wind_generation,Wind Onshore,2026-05-23T20:18:59Z
2026-05-23T20:18:24Z,2026-05-23T22:18:24+0200,ff0858ab-4740-4bdb-8b96-9805455abf18,2026-05-08T12:30:00Z,2026-05-08T14:30:00+0200,1561.5,MW,FR,FR,actual_onshore_wind_generation,Wind Onshore,2026-05-23T20:18:59Z
2026-05-23T20:18:24Z,2026-05-23T22:18:24+0200,ff0858ab-4740-4bdb-8b96-9805455abf18,2026-05-08T12:45:00Z,2026-05-08T14:45:00+0200,1543.25,MW,FR,FR,actual_onshore_wind_generation,Wind Onshore,2026-05-23T20:18:59Z
2026-05-23T20:18:24Z,2026-05-23T22:18:24+0200,ff0858ab-4740-4bdb-8b96-9805455abf18,2026-05-08T13:00:00Z,2026-05-08T15:00:00+0200,1568.52,MW,FR,FR,actual_onshore_wind_generation,Wind Onshore,2026-05-23T20:18:59Z
2026-05-23T20:18:24Z,2026-05-23T22:18:24+0200,ff0858ab-4740-4bdb-8b96-9805455abf18,2026-05-08T13:15:00Z,2026-05-08T15:15:00+0200,1553.21,MW,FR,FR,actual_onshore_wind_generation,Wind Onshore,2026-05-23T20:18:59Z
2026-05-23T20:18:24Z,2026-05-23T22:18:24+0200,ff0858ab-4740-4bdb-8b96-9805455abf18,2026-05-08T13:30:00Z,2026-05-08T15:30:00+0200,1572.8,MW,FR,FR,actual_onshore_wind_generation,Wind Onshore,2026-05-23T20:18:59Z
2026-05-23T20:18:24Z,2026-05-23T22:18:24+0200,ff0858ab-4740-4bdb-8b96-9805455abf18,2026-05-08T13:45:00Z,2026-05-08T15:45:00+0200,1415.66,MW,FR,FR,actual_onshore_wind_generation,Wind Onshore,2026-05-23T20:18:59Z
2026-05-23T20:18:24Z,2026-05-23T22:18:24+0200,ff0858ab-4740-4bdb-8b96-9805455abf18,2026-05-08T14:00:00Z,2026-05-08T16:00:00+0200,1112.75,MW,FR,FR,actual_onshore_wind_generation,Wind Onshore,2026-05-23T20:18:59Z
2026-05-23T20:18:24Z,2026-05-23T22:18:24+0200,ff0858ab-4740-4bdb-8b96-9805455abf18,2026-05-08T14:15:00Z,2026-05-08T16:15:00+0200,1363.47,MW,FR,FR,actual_onshore_wind_generation,Wind Onshore,2026-05-23T20:18:59Z
2026-05-23T20:18:24Z,2026-05-23T22:18:24+0200,ff0858ab-4740-4bdb-8b96-9805455abf18,2026-05-08T14:30:00Z,2026-05-08T16:30:00+0200,1638.52,MW,FR,FR,actual_onshore_wind_generation,Wind Onshore,2026-05-23T20:18:59Z
2026-05-23T20:18:24Z,2026-05-23T22:18:24+0200,ff0858ab-4740-4bdb-8b96-9805455abf18,2026-05-08T14:45:00Z,2026-05-08T16:45:00+0200,1649.7,MW,FR,FR,actual_onshore_wind_generation,Wind Onshore,2026-05-23T20:18:59Z
2026-05-23T20:18:24Z,2026-05-23T22:18:24+0200,ff0858ab-4740-4bdb-8b96-9805455abf18,2026-05-08T15:00:00Z,2026-05-08T17:00:00+0200,1600.46,MW,FR,FR,actual_onshore_wind_generation,Wind Onshore,2026-05-23T20:18:59Z
2026-05-23T20:18:24Z,2026-05-23T22:18:24+0200,ff0858ab-4740-4bdb-8b96-9805455abf18,2026-05-08T15:15:00Z,2026-05-08T17:15:00+0200,1586.64,MW,FR,FR,actual_onshore_wind_generation,Wind Onshore,2026-05-23T20:18:59Z
2026-05-23T20:18:24Z,2026-05-23T22:18:24+0200,ff0858ab-4740-4bdb-8b96-9805455abf18,2026-05-08T15:30:00Z,2026-05-08T17:30:00+0200,1579.59,MW,FR,FR,actual_onshore_wind_generation,Wind Onshore,2026-05-23T20:18:59Z
2026-05-23T20:18:24Z,2026-05-23T22:18:24+0200,ff0858ab-4740-4bdb-8b96-9805455abf18,2026-05-08T15:45:00Z,2026-05-08T17:45:00+0200,1554.96,MW,FR,FR,actual_onshore_wind_generation,Wind Onshore,2026-05-23T20:18:59Z
2026-05-23T20:18:24Z,2026-05-23T22:18:24+0200,ff0858ab-4740-4bdb-8b96-9805455abf18,2026-05-08T16:00:00Z,2026-05-08T18:00:00+0200,1558.0,MW,FR,FR,actual_onshore_wind_generation,Wind Onshore,2026-05-23T20:18:59Z
2026-05-23T20:18:24Z,2026-05-23T22:18:24+0200,ff0858ab-4740-4bdb-8b96-9805455abf18,2026-05-08T16:15:00Z,2026-05-08T18:15:00+0200,1554.88,MW,FR,FR,actual_onshore_wind_generation,Wind Onshore,2026-05-23T20:18:59Z
2026-05-23T20:18:24Z,2026-05-23T22:18:24+0200,ff0858ab-4740-4bdb-8b96-9805455abf18,2026-05-08T16:30:00Z,2026-05-08T18:30:00+0200,1546.83,MW,FR,FR,actual_onshore_wind_generation,Wind Onshore,2026-05-23T20:18:59Z
2026-05-23T20:18:24Z,2026-05-23T22:18:24+0200,ff0858ab-4740-4bdb-8b96-9805455abf18,2026-05-08T16:45:00Z,2026-05-08T18:45:00+0200,1588.6,MW,FR,FR,actual_onshore_wind_generation,Wind Onshore,2026-05-23T20:18:59Z
2026-05-23T20:18:24Z,2026-05-23T22:18:24+0200,ff0858ab-4740-4bdb-8b96-9805455abf18,2026-05-08T17:00:00Z,2026-05-08T19:00:00+0200,1627.2,MW,FR,FR,actual_onshore_wind_generation,Wind Onshore,2026-05-23T20:18:59Z
2026-05-23T20:18:24Z,2026-05-23T22:18:24+0200,ff0858ab-4740-4bdb-8b96-9805455abf18,2026-05-08T17:15:00Z,2026-05-08T19:15:00+0200,1699.83,MW,FR,FR,actual_onshore_wind_generation,Wind Onshore,2026-05-23T20:18:59Z
2026-05-23T20:18:24Z,2026-05-23T22:18:24+0200,ff0858ab-4740-4bdb-8b96-9805455abf18,2026-05-08T17:30:00Z,2026-05-08T19:30:00+0200,1830.03,MW,FR,FR,actual_onshore_wind_generation,Wind Onshore,2026-05-23T20:18:59Z
2026-05-23T20:18:24Z,2026-05-23T22:18:24+0200,ff0858ab-4740-4bdb-8b96-9805455abf18,2026-05-08T17:45:00Z,2026-05-08T19:45:00+0200,1855.79,MW,FR,FR,actual_onshore_wind_generation,Wind Onshore,2026-05-23T20:18:59Z
2026-05-23T20:18:24Z,2026-05-23T22:18:24+0200,ff0858ab-4740-4bdb-8b96-9805455abf18,2026-05-08T18:00:00Z,2026-05-08T20:00:00+0200,1932.29,MW,FR,FR,actual_onshore_wind_generation,Wind Onshore,2026-05-23T20:18:59Z
2026-05-23T20:18:24Z,2026-05-23T22:18:24+0200,ff0858ab-4740-4bdb-8b96-9805455abf18,2026-05-08T18:15:00Z,2026-05-08T20:15:00+0200,1991.47,MW,FR,FR,actual_onshore_wind_generation,Wind Onshore,2026-05-23T20:18:59Z
2026-05-23T20:18:24Z,2026-05-23T22:18:24+0200,ff0858ab-4740-4bdb-8b96-9805455abf18,2026-05-08T18:30:00Z,2026-05-08T20:30:00+0200,2057.65,MW,FR,FR,actual_onshore_wind_generation,Wind Onshore,2026-05-23T20:18:59Z
2026-05-23T20:18:24Z,2026-05-23T22:18:24+0200,ff0858ab-4740-4bdb-8b96-9805455abf18,2026-05-08T18:45:00Z,2026-05-08T20:45:00+0200,2231.6,MW,FR,FR,actual_onshore_wind_generation,Wind Onshore,2026-05-23T20:18:59Z
2026-05-23T20:18:24Z,2026-05-23T22:18:24+0200,ff0858ab-4740-4bdb-8b96-9805455abf18,2026-05-08T19:00:00Z,2026-05-08T21:00:00+0200,2490.56,MW,FR,FR,actual_onshore_wind_generation,Wind Onshore,2026-05-23T20:18:59Z
2026-05-23T20:18:24Z,2026-05-23T22:18:24+0200,ff0858ab-4740-4bdb-8b96-9805455abf18,2026-05-08T19:15:00Z,2026-05-08T21:15:00+0200,2782.8,MW,FR,FR,actual_onshore_wind_generation,Wind Onshore,2026-05-23T20:18:59Z
2026-05-23T20:18:24Z,2026-05-23T22:18:24+0200,ff0858ab-4740-4bdb-8b96-9805455abf18,2026-05-08T19:30:00Z,2026-05-08T21:30:00+0200,3170.63,MW,FR,FR,actual_onshore_wind_generation,Wind Onshore,2026-05-23T20:18:59Z
2026-05-23T20:18:24Z,2026-05-23T22:18:24+0200,ff0858ab-4740-4bdb-8b96-9805455abf18,2026-05-08T19:45:00Z,2026-05-08T21:45:00+0200,3573.84,MW,FR,FR,actual_onshore_wind_generation,Wind Onshore,2026-05-23T20:18:59Z
2026-05-23T20:18:24Z,2026-05-23T22:18:24+0200,ff0858ab-4740-4bdb-8b96-9805455abf18,2026-05-08T20:00:00Z,2026-05-08T22:00:00+0200,3888.89,MW,FR,FR,actual_onshore_wind_generation,Wind Onshore,2026-05-23T20:18:59Z
2026-05-23T20:18:24Z,2026-05-23T22:18:24+0200,ff0858ab-4740-4bdb-8b96-9805455abf18,2026-05-08T20:15:00Z,2026-05-08T22:15:00+0200,4291.33,MW,FR,FR,actual_onshore_wind_generation,Wind Onshore,2026-05-23T20:18:59Z
2026-05-23T20:18:24Z,2026-05-23T22:18:24+0200,ff0858ab-4740-4bdb-8b96-9805455abf18,2026-05-08T20:30:00Z,2026-05-08T22:30:00+0200,4578.91,MW,FR,FR,actual_onshore_wind_generation,Wind Onshore,2026-05-23T20:18:59Z
2026-05-23T20:18:24Z,2026-05-23T22:18:24+0200,ff0858ab-4740-4bdb-8b96-9805455abf18,2026-05-08T20:45:00Z,2026-05-08T22:45:00+0200,4776.5,MW,FR,FR,actual_onshore_wind_generation,Wind Onshore,2026-05-23T20:18:59Z
2026-05-23T20:18:24Z,2026-05-23T22:18:24+0200,ff0858ab-4740-4bdb-8b96-9805455abf18,2026-05-08T21:00:00Z,2026-05-08T23:00:00+0200,4813.79,MW,FR,FR,actual_onshore_wind_generation,Wind Onshore,2026-05-23T20:18:59Z
2026-05-23T20:18:24Z,2026-05-23T22:18:24+0200,ff0858ab-4740-4bdb-8b96-9805455abf18,2026-05-08T21:15:00Z,2026-05-08T23:15:00+0200,4879.36,MW,FR,FR,actual_onshore_wind_generation,Wind Onshore,2026-05-23T20:18:59Z
2026-05-23T20:18:24Z,2026-05-23T22:18:24+0200,ff0858ab-4740-4bdb-8b96-9805455abf18,2026-05-08T21:30:00Z,2026-05-08T23:30:00+0200,5068.68,MW,FR,FR,actual_onshore_wind_generation,Wind Onshore,2026-05-23T20:18:59Z
2026-05-23T20:18:24Z,2026-05-23T22:18:24+0200,ff0858ab-4740-4bdb-8b96-9805455abf18,2026-05-08T21:45:00Z,2026-05-08T23:45:00+0200,5200.31,MW,FR,FR,actual_onshore_wind_generation,Wind Onshore,2026-05-23T20:18:59Z
2026-05-23T20:18:24Z,2026-05-23T22:18:24+0200,ff0858ab-4740-4bdb-8b96-9805455abf18,2026-05-08T22:00:00Z,2026-05-09T00:00:00+0200,5284.14,MW,FR,FR,actual_onshore_wind_generation,Wind Onshore,2026-05-23T20:18:59Z
2026-05-23T20:18:24Z,2026-05-23T22:18:24+0200,ff0858ab-4740-4bdb-8b96-9805455abf18,2026-05-08T22:15:00Z,2026-05-09T00:15:00+0200,5425.04,MW,FR,FR,actual_onshore_wind_generation,Wind Onshore,2026-05-23T20:18:59Z
2026-05-23T20:18:24Z,2026-05-23T22:18:24+0200,ff0858ab-4740-4bdb-8b96-9805455abf18,2026-05-08T22:30:00Z,2026-05-09T00:30:00+0200,5556.72,MW,FR,FR,actual_onshore_wind_generation,Wind Onshore,2026-05-23T20:18:59Z
2026-05-23T20:18:24Z,2026-05-23T22:18:24+0200,ff0858ab-4740-4bdb-8b96-9805455abf18,2026-05-08T22:45:00Z,2026-05-09T00:45:00+0200,5729.58,MW,FR,FR,actual_onshore_wind_generation,Wind Onshore,2026-05-23T20:18:59Z
2026-05-23T20:18:24Z,2026-05-23T22:18:24+0200,ff0858ab-4740-4bdb-8b96-9805455abf18,2026-05-08T23:00:00Z,2026-05-09T01:00:00+0200,5903.54,MW,FR,FR,actual_onshore_wind_generation,Wind Onshore,2026-05-23T20:18:59Z
2026-05-23T20:18:24Z,2026-05-23T22:18:24+0200,ff0858ab-4740-4bdb-8b96-9805455abf18,2026-05-08T23:15:00Z,2026-05-09T01:15:00+0200,6007.75,MW,FR,FR,actual_onshore_wind_generation,Wind Onshore,2026-05-23T20:18:59Z
2026-05-23T20:18:24Z,2026-05-23T22:18:24+0200,ff0858ab-4740-4bdb-8b96-9805455abf18,2026-05-08T23:30:00Z,2026-05-09T01:30:00+0200,6035.88,MW,FR,FR,actual_onshore_wind_generation,Wind Onshore,2026-05-23T20:18:59Z
2026-05-23T20:18:24Z,2026-05-23T22:18:24+0200,ff0858ab-4740-4bdb-8b96-9805455abf18,2026-05-08T23:45:00Z,2026-05-09T01:45:00+0200,6042.08,MW,FR,FR,actual_onshore_wind_generation,Wind Onshore,2026-05-23T20:18:59Z
2026-05-23T20:18:24Z,2026-05-23T22:18:24+0200,ff0858ab-4740-4bdb-8b96-9805455abf18,2026-05-09T00:00:00Z,2026-05-09T02:00:00+0200,5911.31,MW,FR,FR,actual_onshore_wind_generation,Wind Onshore,2026-05-23T20:18:59Z
2026-05-23T20:18:24Z,2026-05-23T22:18:24+0200,ff0858ab-4740-4bdb-8b96-9805455abf18,2026-05-09T00:15:00Z,2026-05-09T02:15:00+0200,5862.73,MW,FR,FR,actual_onshore_wind_generation,Wind Onshore,2026-05-23T20:18:59Z
2026-05-23T20:18:24Z,2026-05-23T22:18:24+0200,ff0858ab-4740-4bdb-8b96-9805455abf18,2026-05-09T00:30:00Z,2026-05-09T02:30:00+0200,5706.29,MW,FR,FR,actual_onshore_wind_generation,Wind Onshore,2026-05-23T20:18:59Z
2026-05-23T20:18:24Z,2026-05-23T22:18:24+0200,ff0858ab-4740-4bdb-8b96-9805455abf18,2026-05-09T00:45:00Z,2026-05-09T02:45:00+0200,5549.73,MW,FR,FR,actual_onshore_wind_generation,Wind Onshore,2026-05-23T20:18:59Z
2026-05-23T20:18:24Z,2026-05-23T22:18:24+0200,ff0858ab-4740-4bdb-8b96-9805455abf18,2026-05-09T01:00:00Z,2026-05-09T03:00:00+0200,5311.49,MW,FR,FR,actual_onshore_wind_generation,Wind Onshore,2026-05-23T20:18:59Z
2026-05-23T20:18:24Z,2026-05-23T22:18:24+0200,ff0858ab-4740-4bdb-8b96-9805455abf18,2026-05-09T01:15:00Z,2026-05-09T03:15:00+0200,5111.85,MW,FR,FR,actual_onshore_wind_generation,Wind Onshore,2026-05-23T20:18:59Z
2026-05-23T20:18:24Z,2026-05-23T22:18:24+0200,ff0858ab-4740-4bdb-8b96-9805455abf18,2026-05-09T01:30:00Z,2026-05-09T03:30:00+0200,4971.87,MW,FR,FR,actual_onshore_wind_generation,Wind Onshore,2026-05-23T20:18:59Z
2026-05-23T20:18:24Z,2026-05-23T22:18:24+0200,ff0858ab-4740-4bdb-8b96-9805455abf18,2026-05-09T01:45:00Z,2026-05-09T03:45:00+0200,4890.11,MW,FR,FR,actual_onshore_wind_generation,Wind Onshore,2026-05-23T20:18:59Z
2026-05-23T20:18:24Z,2026-05-23T22:18:24+0200,ff0858ab-4740-4bdb-8b96-9805455abf18,2026-05-09T02:00:00Z,2026-05-09T04:00:00+0200,4842.36,MW,FR,FR,actual_onshore_wind_generation,Wind Onshore,2026-05-23T20:18:59Z
2026-05-23T20:18:24Z,2026-05-23T22:18:24+0200,ff0858ab-4740-4bdb-8b96-9805455abf18,2026-05-09T02:15:00Z,2026-05-09T04:15:00+0200,4867.31,MW,FR,FR,actual_onshore_wind_generation,Wind Onshore,2026-05-23T20:18:59Z
2026-05-23T20:18:24Z,2026-05-23T22:18:24+0200,ff0858ab-4740-4bdb-8b96-9805455abf18,2026-05-09T02:30:00Z,2026-05-09T04:30:00+0200,4810.72,MW,FR,FR,actual_onshore_wind_generation,Wind Onshore,2026-05-23T20:18:59Z
2026-05-23T20:18:24Z,2026-05-23T22:18:24+0200,ff0858ab-4740-4bdb-8b96-9805455abf18,2026-05-09T02:45:00Z,2026-05-09T04:45:00+0200,4717.78,MW,FR,FR,actual_onshore_wind_generation,Wind Onshore,2026-05-23T20:18:59Z
2026-05-23T20:18:24Z,2026-05-23T22:18:24+0200,ff0858ab-4740-4bdb-8b96-9805455abf18,2026-05-09T03:00:00Z,2026-05-09T05:00:00+0200,4666.69,MW,FR,FR,actual_onshore_wind_generation,Wind Onshore,2026-05-23T20:18:59Z
2026-05-23T20:18:24Z,2026-05-23T22:18:24+0200,ff0858ab-4740-4bdb-8b96-9805455abf18,2026-05-09T03:15:00Z,2026-05-09T05:15:00+0200,4539.88,MW,FR,FR,actual_onshore_wind_generation,Wind Onshore,2026-05-23T20:18:59Z
2026-05-23T20:18:24Z,2026-05-23T22:18:24+0200,ff0858ab-4740-4bdb-8b96-9805455abf18,2026-05-09T03:30:00Z,2026-05-09T05:30:00+0200,4485.0,MW,FR,FR,actual_onshore_wind_generation,Wind Onshore,2026-05-23T20:18:59Z
2026-05-23T20:18:24Z,2026-05-23T22:18:24+0200,ff0858ab-4740-4bdb-8b96-9805455abf18,2026-05-09T03:45:00Z,2026-05-09T05:45:00+0200,4477.0,MW,FR,FR,actual_onshore_wind_generation,Wind Onshore,2026-05-23T20:18:59Z
2026-05-23T20:18:24Z,2026-05-23T22:18:24+0200,ff0858ab-4740-4bdb-8b96-9805455abf18,2026-05-09T04:00:00Z,2026-05-09T06:00:00+0200,4446.97,MW,FR,FR,actual_onshore_wind_generation,Wind Onshore,2026-05-23T20:18:59Z
2026-05-23T20:18:24Z,2026-05-23T22:18:24+0200,ff0858ab-4740-4bdb-8b96-9805455abf18,2026-05-09T04:15:00Z,2026-05-09T06:15:00+0200,4429.59,MW,FR,FR,actual_onshore_wind_generation,Wind Onshore,2026-05-23T20:18:59Z
2026-05-23T20:18:24Z,2026-05-23T22:18:24+0200,ff0858ab-4740-4bdb-8b96-9805455abf18,2026-05-09T04:30:00Z,2026-05-09T06:30:00+0200,4433.2,MW,FR,FR,actual_onshore_wind_generation,Wind Onshore,2026-05-23T20:18:59Z
2026-05-23T20:18:24Z,2026-05-23T22:18:24+0200,ff0858ab-4740-4bdb-8b96-9805455abf18,2026-05-09T04:45:00Z,2026-05-09T06:45:00+0200,4493.73,MW,FR,FR,actual_onshore_wind_generation,Wind Onshore,2026-05-23T20:18:59Z
2026-05-23T20:18:24Z,2026-05-23T22:18:24+0200,ff0858ab-4740-4bdb-8b96-9805455abf18,2026-05-09T05:00:00Z,2026-05-09T07:00:00+0200,4459.81,MW,FR,FR,actual_onshore_wind_generation,Wind Onshore,2026-05-23T20:18:59Z
2026-05-23T20:18:24Z,2026-05-23T22:18:24+0200,ff0858ab-4740-4bdb-8b96-9805455abf18,2026-05-09T05:15:00Z,2026-05-09T07:15:00+0200,4450.2,MW,FR,FR,actual_onshore_wind_generation,Wind Onshore,2026-05-23T20:18:59Z
2026-05-23T20:18:24Z,2026-05-23T22:18:24+0200,ff0858ab-4740-4bdb-8b96-9805455abf18,2026-05-09T05:30:00Z,2026-05-09T07:30:00+0200,4413.79,MW,FR,FR,actual_onshore_wind_generation,Wind Onshore,2026-05-23T20:18:59Z
2026-05-23T20:18:24Z,2026-05-23T22:18:24+0200,ff0858ab-4740-4bdb-8b96-9805455abf18,2026-05-09T05:45:00Z,2026-05-09T07:45:00+0200,4273.26,MW,FR,FR,actual_onshore_wind_generation,Wind Onshore,2026-05-23T20:18:59Z
2026-05-23T20:18:24Z,2026-05-23T22:18:24+0200,ff0858ab-4740-4bdb-8b96-9805455abf18,2026-05-09T06:00:00Z,2026-05-09T08:00:00+0200,3985.46,MW,FR,FR,actual_onshore_wind_generation,Wind Onshore,2026-05-23T20:18:59Z
2026-05-23T20:18:24Z,2026-05-23T22:18:24+0200,ff0858ab-4740-4bdb-8b96-9805455abf18,2026-05-09T06:15:00Z,2026-05-09T08:15:00+0200,3614.85,MW,FR,FR,actual_onshore_wind_generation,Wind Onshore,2026-05-23T20:18:59Z
2026-05-23T20:18:24Z,2026-05-23T22:18:24+0200,ff0858ab-4740-4bdb-8b96-9805455abf18,2026-05-09T06:30:00Z,2026-05-09T08:30:00+0200,3242.22,MW,FR,FR,actual_onshore_wind_generation,Wind Onshore,2026-05-23T20:18:59Z
2026-05-23T20:18:24Z,2026-05-23T22:18:24+0200,ff0858ab-4740-4bdb-8b96-9805455abf18,2026-05-09T06:45:00Z,2026-05-09T08:45:00+0200,2920.62,MW,FR,FR,actual_onshore_wind_generation,Wind Onshore,2026-05-23T20:18:59Z
2026-05-23T20:18:24Z,2026-05-23T22:18:24+0200,ff0858ab-4740-4bdb-8b96-9805455abf18,2026-05-09T07:00:00Z,2026-05-09T09:00:00+0200,2753.62,MW,FR,FR,actual_onshore_wind_generation,Wind Onshore,2026-05-23T20:18:59Z
2026-05-23T20:18:24Z,2026-05-23T22:18:24+0200,ff0858ab-4740-4bdb-8b96-9805455abf18,2026-05-09T07:15:00Z,2026-05-09T09:15:00+0200,2575.55,MW,FR,FR,actual_onshore_wind_generation,Wind Onshore,2026-05-23T20:18:59Z
2026-05-23T20:18:24Z,2026-05-23T22:18:24+0200,ff0858ab-4740-4bdb-8b96-9805455abf18,2026-05-09T07:30:00Z,2026-05-09T09:30:00+0200,2426.45,MW,FR,FR,actual_onshore_wind_generation,Wind Onshore,2026-05-23T20:18:59Z
2026-05-23T20:18:24Z,2026-05-23T22:18:24+0200,ff0858ab-4740-4bdb-8b96-9805455abf18,2026-05-09T07:45:00Z,2026-05-09T09:45:00+0200,2363.69,MW,FR,FR,actual_onshore_wind_generation,Wind Onshore,2026-05-23T20:18:59Z
2026-05-23T20:18:24Z,2026-05-23T22:18:24+0200,ff0858ab-4740-4bdb-8b96-9805455abf18,2026-05-09T08:00:00Z,2026-05-09T10:00:00+0200,2373.45,MW,FR,FR,actual_onshore_wind_generation,Wind Onshore,2026-05-23T20:18:59Z
2026-05-23T20:18:24Z,2026-05-23T22:18:24+0200,ff0858ab-4740-4bdb-8b96-9805455abf18,2026-05-09T08:15:00Z,2026-05-09T10:15:00+0200,2379.28,MW,FR,FR,actual_onshore_wind_generation,Wind Onshore,2026-05-23T20:18:59Z
2026-05-23T20:18:24Z,2026-05-23T22:18:24+0200,ff0858ab-4740-4bdb-8b96-9805455abf18,2026-05-09T08:30:00Z,2026-05-09T10:30:00+0200,2341.59,MW,FR,FR,actual_onshore_wind_generation,Wind Onshore,2026-05-23T20:18:59Z
2026-05-23T20:18:24Z,2026-05-23T22:18:24+0200,ff0858ab-4740-4bdb-8b96-9805455abf18,2026-05-09T08:45:00Z,2026-05-09T10:45:00+0200,2211.35,MW,FR,FR,actual_onshore_wind_generation,Wind Onshore,2026-05-23T20:18:59Z
2026-05-23T20:18:24Z,2026-05-23T22:18:24+0200,ff0858ab-4740-4bdb-8b96-9805455abf18,2026-05-09T09:00:00Z,2026-05-09T11:00:00+0200,1997.92,MW,FR,FR,actual_onshore_wind_generation,Wind Onshore,2026-05-23T20:18:59Z
2026-05-23T20:18:24Z,2026-05-23T22:18:24+0200,ff0858ab-4740-4bdb-8b96-9805455abf18,2026-05-09T09:15:00Z,2026-05-09T11:15:00+0200,1516.55,MW,FR,FR,actual_onshore_wind_generation,Wind Onshore,2026-05-23T20:18:59Z
2026-05-23T20:18:24Z,2026-05-23T22:18:24+0200,ff0858ab-4740-4bdb-8b96-9805455abf18,2026-05-09T09:30:00Z,2026-05-09T11:30:00+0200,1466.36,MW,FR,FR,actual_onshore_wind_generation,Wind Onshore,2026-05-23T20:18:59Z
2026-05-23T20:18:24Z,2026-05-23T22:18:24+0200,ff0858ab-4740-4bdb-8b96-9805455abf18,2026-05-09T09:45:00Z,2026-05-09T11:45:00+0200,1501.18,MW,FR,FR,actual_onshore_wind_generation,Wind Onshore,2026-05-23T20:18:59Z
2026-05-23T20:18:24Z,2026-05-23T22:18:24+0200,ff0858ab-4740-4bdb-8b96-9805455abf18,2026-05-09T10:00:00Z,2026-05-09T12:00:00+0200,1555.65,MW,FR,FR,actual_onshore_wind_generation,Wind Onshore,2026-05-23T20:18:59Z
2026-05-23T20:18:24Z,2026-05-23T22:18:24+0200,ff0858ab-4740-4bdb-8b96-9805455abf18,2026-05-09T10:15:00Z,2026-05-09T12:15:00+0200,1616.75,MW,FR,FR,actual_onshore_wind_generation,Wind Onshore,2026-05-23T20:18:59Z
2026-05-23T20:18:24Z,2026-05-23T22:18:24+0200,ff0858ab-4740-4bdb-8b96-9805455abf18,2026-05-09T10:30:00Z,2026-05-09T12:30:00+0200,1672.04,MW,FR,FR,actual_onshore_wind_generation,Wind Onshore,2026-05-23T20:18:59Z
2026-05-23T20:18:24Z,2026-05-23T22:18:24+0200,ff0858ab-4740-4bdb-8b96-9805455abf18,2026-05-09T10:45:00Z,2026-05-09T12:45:00+0200,1746.07,MW,FR,FR,actual_onshore_wind_generation,Wind Onshore,2026-05-23T20:18:59Z
2026-05-23T20:18:24Z,2026-05-23T22:18:24+0200,ff0858ab-4740-4bdb-8b96-9805455abf18,2026-05-09T11:00:00Z,2026-05-09T13:00:00+0200,1773.49,MW,FR,FR,actual_onshore_wind_generation,Wind Onshore,2026-05-23T20:18:59Z
2026-05-23T20:18:24Z,2026-05-23T22:18:24+0200,ff0858ab-4740-4bdb-8b96-9805455abf18,2026-05-09T11:15:00Z,2026-05-09T13:15:00+0200,1747.16,MW,FR,FR,actual_onshore_wind_generation,Wind Onshore,2026-05-23T20:18:59Z
2026-05-23T20:18:24Z,2026-05-23T22:18:24+0200,ff0858ab-4740-4bdb-8b96-9805455abf18,2026-05-09T11:30:00Z,2026-05-09T13:30:00+0200,1749.0,MW,FR,FR,actual_onshore_wind_generation,Wind Onshore,2026-05-23T20:18:59Z
2026-05-23T20:18:24Z,2026-05-23T22:18:24+0200,ff0858ab-4740-4bdb-8b96-9805455abf18,2026-05-09T11:45:00Z,2026-05-09T13:45:00+0200,1754.81,MW,FR,FR,actual_onshore_wind_generation,Wind Onshore,2026-05-23T20:18:59Z
2026-05-23T20:18:24Z,2026-05-23T22:18:24+0200,ff0858ab-4740-4bdb-8b96-9805455abf18,2026-05-09T12:00:00Z,2026-05-09T14:00:00+0200,1765.05,MW,FR,FR,actual_onshore_wind_generation,Wind Onshore,2026-05-23T20:18:59Z
2026-05-23T20:18:24Z,2026-05-23T22:18:24+0200,ff0858ab-4740-4bdb-8b96-9805455abf18,2026-05-09T12:15:00Z,2026-05-09T14:15:00+0200,1759.93,MW,FR,FR,actual_onshore_wind_generation,Wind Onshore,2026-05-23T20:18:59Z
2026-05-23T20:18:24Z,2026-05-23T22:18:24+0200,ff0858ab-4740-4bdb-8b96-9805455abf18,2026-05-09T12:30:00Z,2026-05-09T14:30:00+0200,1759.45,MW,FR,FR,actual_onshore_wind_generation,Wind Onshore,2026-05-23T20:18:59Z
2026-05-23T20:18:24Z,2026-05-23T22:18:24+0200,ff0858ab-4740-4bdb-8b96-9805455abf18,2026-05-09T12:45:00Z,2026-05-09T14:45:00+0200,1725.84,MW,FR,FR,actual_onshore_wind_generation,Wind Onshore,2026-05-23T20:18:59Z
2026-05-23T20:18:24Z,2026-05-23T22:18:24+0200,ff0858ab-4740-4bdb-8b96-9805455abf18,2026-05-09T13:00:00Z,2026-05-09T15:00:00+0200,2261.42,MW,FR,FR,actual_onshore_wind_generation,Wind Onshore,2026-05-23T20:18:59Z
2026-05-23T20:18:24Z,2026-05-23T22:18:24+0200,ff0858ab-4740-4bdb-8b96-9805455abf18,2026-05-09T13:15:00Z,2026-05-09T15:15:00+0200,2751.27,MW,FR,FR,actual_onshore_wind_generation,Wind Onshore,2026-05-23T20:18:59Z
2026-05-23T20:18:24Z,2026-05-23T22:18:24+0200,ff0858ab-4740-4bdb-8b96-9805455abf18,2026-05-09T13:30:00Z,2026-05-09T15:30:00+0200,2730.78,MW,FR,FR,actual_onshore_wind_generation,Wind Onshore,2026-05-23T20:18:59Z
2026-05-23T20:18:24Z,2026-05-23T22:18:24+0200,ff0858ab-4740-4bdb-8b96-9805455abf18,2026-05-09T13:45:00Z,2026-05-09T15:45:00+0200,2632.13,MW,FR,FR,actual_onshore_wind_generation,Wind Onshore,2026-05-23T20:18:59Z
2026-05-23T20:18:24Z,2026-05-23T22:18:24+0200,ff0858ab-4740-4bdb-8b96-9805455abf18,2026-05-09T14:00:00Z,2026-05-09T16:00:00+0200,2561.81,MW,FR,FR,actual_onshore_wind_generation,Wind Onshore,2026-05-23T20:18:59Z
2026-05-23T20:18:24Z,2026-05-23T22:18:24+0200,ff0858ab-4740-4bdb-8b96-9805455abf18,2026-05-09T14:15:00Z,2026-05-09T16:15:00+0200,2497.33,MW,FR,FR,actual_onshore_wind_generation,Wind Onshore,2026-05-23T20:18:59Z
2026-05-23T20:18:24Z,2026-05-23T22:18:24+0200,ff0858ab-4740-4bdb-8b96-9805455abf18,2026-05-09T14:30:00Z,2026-05-09T16:30:00+0200,2356.49,MW,FR,FR,actual_onshore_wind_generation,Wind Onshore,2026-05-23T20:18:59Z
2026-05-23T20:18:24Z,2026-05-23T22:18:24+0200,ff0858ab-4740-4bdb-8b96-9805455abf18,2026-05-09T14:45:00Z,2026-05-09T16:45:00+0200,2209.82,MW,FR,FR,actual_onshore_wind_generation,Wind Onshore,2026-05-23T20:18:59Z
2026-05-23T20:18:24Z,2026-05-23T22:18:24+0200,ff0858ab-4740-4bdb-8b96-9805455abf18,2026-05-09T15:00:00Z,2026-05-09T17:00:00+0200,2150.39,MW,FR,FR,actual_onshore_wind_generation,Wind Onshore,2026-05-23T20:18:59Z
2026-05-23T20:18:24Z,2026-05-23T22:18:24+0200,ff0858ab-4740-4bdb-8b96-9805455abf18,2026-05-09T15:15:00Z,2026-05-09T17:15:00+0200,2115.89,MW,FR,FR,actual_onshore_wind_generation,Wind Onshore,2026-05-23T20:18:59Z
2026-05-23T20:18:24Z,2026-05-23T22:18:24+0200,ff0858ab-4740-4bdb-8b96-9805455abf18,2026-05-09T15:30:00Z,2026-05-09T17:30:00+0200,2055.04,MW,FR,FR,actual_onshore_wind_generation,Wind Onshore,2026-05-23T20:18:59Z
2026-05-23T20:18:24Z,2026-05-23T22:18:24+0200,ff0858ab-4740-4bdb-8b96-9805455abf18,2026-05-09T15:45:00Z,2026-05-09T17:45:00+0200,2054.35,MW,FR,FR,actual_onshore_wind_generation,Wind Onshore,2026-05-23T20:18:59Z
2026-05-23T20:18:24Z,2026-05-23T22:18:24+0200,ff0858ab-4740-4bdb-8b96-9805455abf18,2026-05-09T16:00:00Z,2026-05-09T18:00:00+0200,2111.98,MW,FR,FR,actual_onshore_wind_generation,Wind Onshore,2026-05-23T20:18:59Z
2026-05-23T20:18:24Z,2026-05-23T22:18:24+0200,ff0858ab-4740-4bdb-8b96-9805455abf18,2026-05-09T16:15:00Z,2026-05-09T18:15:00+0200,2092.19,MW,FR,FR,actual_onshore_wind_generation,Wind Onshore,2026-05-23T20:18:59Z
2026-05-23T20:18:24Z,2026-05-23T22:18:24+0200,ff0858ab-4740-4bdb-8b96-9805455abf18,2026-05-09T16:30:00Z,2026-05-09T18:30:00+0200,2108.44,MW,FR,FR,actual_onshore_wind_generation,Wind Onshore,2026-05-23T20:18:59Z
2026-05-23T20:18:24Z,2026-05-23T22:18:24+0200,ff0858ab-4740-4bdb-8b96-9805455abf18,2026-05-09T16:45:00Z,2026-05-09T18:45:00+0200,2144.5,MW,FR,FR,actual_onshore_wind_generation,Wind Onshore,2026-05-23T20:18:59Z
2026-05-23T20:18:24Z,2026-05-23T22:18:24+0200,ff0858ab-4740-4bdb-8b96-9805455abf18,2026-05-09T17:00:00Z,2026-05-09T19:00:00+0200,2272.19,MW,FR,FR,actual_onshore_wind_generation,Wind Onshore,2026-05-23T20:18:59Z
2026-05-23T20:18:24Z,2026-05-23T22:18:24+0200,ff0858ab-4740-4bdb-8b96-9805455abf18,2026-05-09T17:15:00Z,2026-05-09T19:15:00+0200,2507.83,MW,FR,FR,actual_onshore_wind_generation,Wind Onshore,2026-05-23T20:18:59Z
2026-05-23T20:18:24Z,2026-05-23T22:18:24+0200,ff0858ab-4740-4bdb-8b96-9805455abf18,2026-05-09T17:30:00Z,2026-05-09T19:30:00+0200,2865.4,MW,FR,FR,actual_onshore_wind_generation,Wind Onshore,2026-05-23T20:18:59Z
2026-05-23T20:18:24Z,2026-05-23T22:18:24+0200,ff0858ab-4740-4bdb-8b96-9805455abf18,2026-05-09T17:45:00Z,2026-05-09T19:45:00+0200,3065.71,MW,FR,FR,actual_onshore_wind_generation,Wind Onshore,2026-05-23T20:18:59Z
2026-05-23T20:18:24Z,2026-05-23T22:18:24+0200,ff0858ab-4740-4bdb-8b96-9805455abf18,2026-05-09T18:00:00Z,2026-05-09T20:00:00+0200,3249.15,MW,FR,FR,actual_onshore_wind_generation,Wind Onshore,2026-05-23T20:18:59Z
2026-05-23T20:18:24Z,2026-05-23T22:18:24+0200,ff0858ab-4740-4bdb-8b96-9805455abf18,2026-05-09T18:15:00Z,2026-05-09T20:15:00+0200,3520.64,MW,FR,FR,actual_onshore_wind_generation,Wind Onshore,2026-05-23T20:18:59Z
2026-05-23T20:18:24Z,2026-05-23T22:18:24+0200,ff0858ab-4740-4bdb-8b96-9805455abf18,2026-05-09T18:30:00Z,2026-05-09T20:30:00+0200,3817.0,MW,FR,FR,actual_onshore_wind_generation,Wind Onshore,2026-05-23T20:18:59Z
2026-05-23T20:18:24Z,2026-05-23T22:18:24+0200,ff0858ab-4740-4bdb-8b96-9805455abf18,2026-05-09T18:45:00Z,2026-05-09T20:45:00+0200,4162.23,MW,FR,FR,actual_onshore_wind_generation,Wind Onshore,2026-05-23T20:18:59Z
2026-05-23T20:18:24Z,2026-05-23T22:18:24+0200,ff0858ab-4740-4bdb-8b96-9805455abf18,2026-05-09T19:00:00Z,2026-05-09T21:00:00+0200,4582.61,MW,FR,FR,actual_onshore_wind_generation,Wind Onshore,2026-05-23T20:18:59Z
2026-05-23T20:18:24Z,2026-05-23T22:18:24+0200,ff0858ab-4740-4bdb-8b96-9805455abf18,2026-05-09T19:15:00Z,2026-05-09T21:15:00+0200,5119.84,MW,FR,FR,actual_onshore_wind_generation,Wind Onshore,2026-05-23T20:18:59Z
2026-05-23T20:18:24Z,2026-05-23T22:18:24+0200,ff0858ab-4740-4bdb-8b96-9805455abf18,2026-05-09T19:30:00Z,2026-05-09T21:30:00+0200,5530.0,MW,FR,FR,actual_onshore_wind_generation,Wind Onshore,2026-05-23T20:18:59Z
2026-05-23T20:18:24Z,2026-05-23T22:18:24+0200,ff0858ab-4740-4bdb-8b96-9805455abf18,2026-05-09T19:45:00Z,2026-05-09T21:45:00+0200,5924.55,MW,FR,FR,actual_onshore_wind_generation,Wind Onshore,2026-05-23T20:18:59Z
2026-05-23T20:18:24Z,2026-05-23T22:18:24+0200,ff0858ab-4740-4bdb-8b96-9805455abf18,2026-05-09T20:00:00Z,2026-05-09T22:00:00+0200,6090.29,MW,FR,FR,actual_onshore_wind_generation,Wind Onshore,2026-05-23T20:18:59Z
2026-05-23T20:18:24Z,2026-05-23T22:18:24+0200,ff0858ab-4740-4bdb-8b96-9805455abf18,2026-05-09T20:15:00Z,2026-05-09T22:15:00+0200,6311.39,MW,FR,FR,actual_onshore_wind_generation,Wind Onshore,2026-05-23T20:18:59Z
2026-05-23T20:18:24Z,2026-05-23T22:18:24+0200,ff0858ab-4740-4bdb-8b96-9805455abf18,2026-05-09T20:30:00Z,2026-05-09T22:30:00+0200,6561.66,MW,FR,FR,actual_onshore_wind_generation,Wind Onshore,2026-05-23T20:18:59Z
2026-05-23T20:18:24Z,2026-05-23T22:18:24+0200,ff0858ab-4740-4bdb-8b96-9805455abf18,2026-05-09T20:45:00Z,2026-05-09T22:45:00+0200,6743.29,MW,FR,FR,actual_onshore_wind_generation,Wind Onshore,2026-05-23T20:18:59Z
2026-05-23T20:18:24Z,2026-05-23T22:18:24+0200,ff0858ab-4740-4bdb-8b96-9805455abf18,2026-05-09T21:00:00Z,2026-05-09T23:00:00+0200,6906.95,MW,FR,FR,actual_onshore_wind_generation,Wind Onshore,2026-05-23T20:18:59Z
2026-05-23T20:18:24Z,2026-05-23T22:18:24+0200,ff0858ab-4740-4bdb-8b96-9805455abf18,2026-05-09T21:15:00Z,2026-05-09T23:15:00+0200,6993.85,MW,FR,FR,actual_onshore_wind_generation,Wind Onshore,2026-05-23T20:18:59Z
2026-05-23T20:18:24Z,2026-05-23T22:18:24+0200,ff0858ab-4740-4bdb-8b96-9805455abf18,2026-05-09T21:30:00Z,2026-05-09T23:30:00+0200,7123.45,MW,FR,FR,actual_onshore_wind_generation,Wind Onshore,2026-05-23T20:18:59Z
2026-05-23T20:18:24Z,2026-05-23T22:18:24+0200,ff0858ab-4740-4bdb-8b96-9805455abf18,2026-05-09T21:45:00Z,2026-05-09T23:45:00+0200,7012.75,MW,FR,FR,actual_onshore_wind_generation,Wind Onshore,2026-05-23T20:18:59Z
2026-05-23T20:18:24Z,2026-05-23T22:18:24+0200,ff0858ab-4740-4bdb-8b96-9805455abf18,2026-05-09T22:00:00Z,2026-05-10T00:00:00+0200,6813.36,MW,FR,FR,actual_onshore_wind_generation,Wind Onshore,2026-05-23T20:18:59Z
2026-05-23T20:18:24Z,2026-05-23T22:18:24+0200,ff0858ab-4740-4bdb-8b96-9805455abf18,2026-05-09T22:15:00Z,2026-05-10T00:15:00+0200,6753.53,MW,FR,FR,actual_onshore_wind_generation,Wind Onshore,2026-05-23T20:18:59Z
2026-05-23T20:18:24Z,2026-05-23T22:18:24+0200,ff0858ab-4740-4bdb-8b96-9805455abf18,2026-05-09T22:30:00Z,2026-05-10T00:30:00+0200,6682.52,MW,FR,FR,actual_onshore_wind_generation,Wind Onshore,2026-05-23T20:18:59Z
2026-05-23T20:18:24Z,2026-05-23T22:18:24+0200,ff0858ab-4740-4bdb-8b96-9805455abf18,2026-05-09T22:45:00Z,2026-05-10T00:45:00+0200,6544.09,MW,FR,FR,actual_onshore_wind_generation,Wind Onshore,2026-05-23T20:18:59Z
2026-05-23T20:18:24Z,2026-05-23T22:18:24+0200,ff0858ab-4740-4bdb-8b96-9805455abf18,2026-05-09T23:00:00Z,2026-05-10T01:00:00+0200,6437.15,MW,FR,FR,actual_onshore_wind_generation,Wind Onshore,2026-05-23T20:18:59Z
2026-05-23T20:18:24Z,2026-05-23T22:18:24+0200,ff0858ab-4740-4bdb-8b96-9805455abf18,2026-05-09T23:15:00Z,2026-05-10T01:15:00+0200,6301.39,MW,FR,FR,actual_onshore_wind_generation,Wind Onshore,2026-05-23T20:18:59Z
2026-05-23T20:18:24Z,2026-05-23T22:18:24+0200,ff0858ab-4740-4bdb-8b96-9805455abf18,2026-05-09T23:30:00Z,2026-05-10T01:30:00+0200,6124.85,MW,FR,FR,actual_onshore_wind_generation,Wind Onshore,2026-05-23T20:18:59Z
2026-05-23T20:18:24Z,2026-05-23T22:18:24+0200,ff0858ab-4740-4bdb-8b96-9805455abf18,2026-05-09T23:45:00Z,2026-05-10T01:45:00+0200,5958.32,MW,FR,FR,actual_onshore_wind_generation,Wind Onshore,2026-05-23T20:18:59Z
2026-05-23T20:18:24Z,2026-05-23T22:18:24+0200,ff0858ab-4740-4bdb-8b96-9805455abf18,2026-05-10T00:00:00Z,2026-05-10T02:00:00+0200,5932.89,MW,FR,FR,actual_onshore_wind_generation,Wind Onshore,2026-05-23T20:18:59Z
2026-05-23T20:18:24Z,2026-05-23T22:18:24+0200,ff0858ab-4740-4bdb-8b96-9805455abf18,2026-05-10T00:15:00Z,2026-05-10T02:15:00+0200,5964.54,MW,FR,FR,actual_onshore_wind_generation,Wind Onshore,2026-05-23T20:18:59Z
2026-05-23T20:18:24Z,2026-05-23T22:18:24+0200,ff0858ab-4740-4bdb-8b96-9805455abf18,2026-05-10T00:30:00Z,2026-05-10T02:30:00+0200,5866.15,MW,FR,FR,actual_onshore_wind_generation,Wind Onshore,2026-05-23T20:18:59Z
2026-05-23T20:18:24Z,2026-05-23T22:18:24+0200,ff0858ab-4740-4bdb-8b96-9805455abf18,2026-05-10T00:45:00Z,2026-05-10T02:45:00+0200,5724.89,MW,FR,FR,actual_onshore_wind_generation,Wind Onshore,2026-05-23T20:18:59Z
2026-05-23T20:18:24Z,2026-05-23T22:18:24+0200,ff0858ab-4740-4bdb-8b96-9805455abf18,2026-05-10T01:00:00Z,2026-05-10T03:00:00+0200,5743.3,MW,FR,FR,actual_onshore_wind_generation,Wind Onshore,2026-05-23T20:18:59Z
2026-05-23T20:18:24Z,2026-05-23T22:18:24+0200,ff0858ab-4740-4bdb-8b96-9805455abf18,2026-05-10T01:15:00Z,2026-05-10T03:15:00+0200,5801.62,MW,FR,FR,actual_onshore_wind_generation,Wind Onshore,2026-05-23T20:18:59Z
2026-05-23T20:18:24Z,2026-05-23T22:18:24+0200,ff0858ab-4740-4bdb-8b96-9805455abf18,2026-05-10T01:30:00Z,2026-05-10T03:30:00+0200,5806.51,MW,FR,FR,actual_onshore_wind_generation,Wind Onshore,2026-05-23T20:18:59Z
2026-05-23T20:18:24Z,2026-05-23T22:18:24+0200,ff0858ab-4740-4bdb-8b96-9805455abf18,2026-05-10T01:45:00Z,2026-05-10T03:45:00+0200,5831.24,MW,FR,FR,actual_onshore_wind_generation,Wind Onshore,2026-05-23T20:18:59Z
2026-05-23T20:18:24Z,2026-05-23T22:18:24+0200,ff0858ab-4740-4bdb-8b96-9805455abf18,2026-05-10T02:00:00Z,2026-05-10T04:00:00+0200,5923.09,MW,FR,FR,actual_onshore_wind_generation,Wind Onshore,2026-05-23T20:18:59Z
2026-05-23T20:18:24Z,2026-05-23T22:18:24+0200,ff0858ab-4740-4bdb-8b96-9805455abf18,2026-05-10T02:15:00Z,2026-05-10T04:15:00+0200,6007.34,MW,FR,FR,actual_onshore_wind_generation,Wind Onshore,2026-05-23T20:18:59Z
2026-05-23T20:18:24Z,2026-05-23T22:18:24+0200,ff0858ab-4740-4bdb-8b96-9805455abf18,2026-05-10T02:30:00Z,2026-05-10T04:30:00+0200,5995.91,MW,FR,FR,actual_onshore_wind_generation,Wind Onshore,2026-05-23T20:18:59Z
2026-05-23T20:18:24Z,2026-05-23T22:18:24+0200,ff0858ab-4740-4bdb-8b96-9805455abf18,2026-05-10T02:45:00Z,2026-05-10T04:45:00+0200,5987.32,MW,FR,FR,actual_onshore_wind_generation,Wind Onshore,2026-05-23T20:18:59Z
2026-05-23T20:18:24Z,2026-05-23T22:18:24+0200,ff0858ab-4740-4bdb-8b96-9805455abf18,2026-05-10T03:00:00Z,2026-05-10T05:00:00+0200,5970.3,MW,FR,FR,actual_onshore_wind_generation,Wind Onshore,2026-05-23T20:18:59Z
2026-05-23T20:18:24Z,2026-05-23T22:18:24+0200,ff0858ab-4740-4bdb-8b96-9805455abf18,2026-05-10T03:15:00Z,2026-05-10T05:15:00+0200,6004.23,MW,FR,FR,actual_onshore_wind_generation,Wind Onshore,2026-05-23T20:18:59Z
2026-05-23T20:18:24Z,2026-05-23T22:18:24+0200,ff0858ab-4740-4bdb-8b96-9805455abf18,2026-05-10T03:30:00Z,2026-05-10T05:30:00+0200,5971.05,MW,FR,FR,actual_onshore_wind_generation,Wind Onshore,2026-05-23T20:18:59Z
2026-05-23T20:18:24Z,2026-05-23T22:18:24+0200,ff0858ab-4740-4bdb-8b96-9805455abf18,2026-05-10T03:45:00Z,2026-05-10T05:45:00+0200,5972.71,MW,FR,FR,actual_onshore_wind_generation,Wind Onshore,2026-05-23T20:18:59Z
2026-05-23T20:18:24Z,2026-05-23T22:18:24+0200,ff0858ab-4740-4bdb-8b96-9805455abf18,2026-05-10T04:00:00Z,2026-05-10T06:00:00+0200,6107.52,MW,FR,FR,actual_onshore_wind_generation,Wind Onshore,2026-05-23T20:18:59Z
2026-05-23T20:18:24Z,2026-05-23T22:18:24+0200,ff0858ab-4740-4bdb-8b96-9805455abf18,2026-05-10T04:15:00Z,2026-05-10T06:15:00+0200,6260.9,MW,FR,FR,actual_onshore_wind_generation,Wind Onshore,2026-05-23T20:18:59Z
2026-05-23T20:18:24Z,2026-05-23T22:18:24+0200,ff0858ab-4740-4bdb-8b96-9805455abf18,2026-05-10T04:30:00Z,2026-05-10T06:30:00+0200,6300.09,MW,FR,FR,actual_onshore_wind_generation,Wind Onshore,2026-05-23T20:18:59Z
2026-05-23T20:18:24Z,2026-05-23T22:18:24+0200,ff0858ab-4740-4bdb-8b96-9805455abf18,2026-05-10T04:45:00Z,2026-05-10T06:45:00+0200,6321.44,MW,FR,FR,actual_onshore_wind_generation,Wind Onshore,2026-05-23T20:18:59Z
2026-05-23T20:18:24Z,2026-05-23T22:18:24+0200,ff0858ab-4740-4bdb-8b96-9805455abf18,2026-05-10T05:00:00Z,2026-05-10T07:00:00+0200,6382.2,MW,FR,FR,actual_onshore_wind_generation,Wind Onshore,2026-05-23T20:18:59Z
2026-05-23T20:18:24Z,2026-05-23T22:18:24+0200,ff0858ab-4740-4bdb-8b96-9805455abf18,2026-05-10T05:15:00Z,2026-05-10T07:15:00+0200,6305.63,MW,FR,FR,actual_onshore_wind_generation,Wind Onshore,2026-05-23T20:18:59Z
2026-05-23T20:18:24Z,2026-05-23T22:18:24+0200,ff0858ab-4740-4bdb-8b96-9805455abf18,2026-05-10T05:30:00Z,2026-05-10T07:30:00+0200,6325.59,MW,FR,FR,actual_onshore_wind_generation,Wind Onshore,2026-05-23T20:18:59Z
2026-05-23T20:18:24Z,2026-05-23T22:18:24+0200,ff0858ab-4740-4bdb-8b96-9805455abf18,2026-05-10T05:45:00Z,2026-05-10T07:45:00+0200,6338.61,MW,FR,FR,actual_onshore_wind_generation,Wind Onshore,2026-05-23T20:18:59Z
2026-05-23T20:18:24Z,2026-05-23T22:18:24+0200,ff0858ab-4740-4bdb-8b96-9805455abf18,2026-05-10T06:00:00Z,2026-05-10T08:00:00+0200,6446.98,MW,FR,FR,actual_onshore_wind_generation,Wind Onshore,2026-05-23T20:18:59Z
2026-05-23T20:18:24Z,2026-05-23T22:18:24+0200,ff0858ab-4740-4bdb-8b96-9805455abf18,2026-05-10T06:15:00Z,2026-05-10T08:15:00+0200,6499.52,MW,FR,FR,actual_onshore_wind_generation,Wind Onshore,2026-05-23T20:18:59Z
2026-05-23T20:18:24Z,2026-05-23T22:18:24+0200,ff0858ab-4740-4bdb-8b96-9805455abf18,2026-05-10T06:30:00Z,2026-05-10T08:30:00+0200,6589.42,MW,FR,FR,actual_onshore_wind_generation,Wind Onshore,2026-05-23T20:18:59Z
2026-05-23T20:18:24Z,2026-05-23T22:18:24+0200,ff0858ab-4740-4bdb-8b96-9805455abf18,2026-05-10T06:45:00Z,2026-05-10T08:45:00+0200,6665.75,MW,FR,FR,actual_onshore_wind_generation,Wind Onshore,2026-05-23T20:18:59Z
2026-05-23T20:18:24Z,2026-05-23T22:18:24+0200,ff0858ab-4740-4bdb-8b96-9805455abf18,2026-05-10T07:00:00Z,2026-05-10T09:00:00+0200,6685.98,MW,FR,FR,actual_onshore_wind_generation,Wind Onshore,2026-05-23T20:18:59Z
2026-05-23T20:18:24Z,2026-05-23T22:18:24+0200,ff0858ab-4740-4bdb-8b96-9805455abf18,2026-05-10T07:15:00Z,2026-05-10T09:15:00+0200,6620.8,MW,FR,FR,actual_onshore_wind_generation,Wind Onshore,2026-05-23T20:18:59Z
2026-05-23T20:18:24Z,2026-05-23T22:18:24+0200,ff0858ab-4740-4bdb-8b96-9805455abf18,2026-05-10T07:30:00Z,2026-05-10T09:30:00+0200,6533.01,MW,FR,FR,actual_onshore_wind_generation,Wind Onshore,2026-05-23T20:18:59Z
2026-05-23T20:18:24Z,2026-05-23T22:18:24+0200,ff0858ab-4740-4bdb-8b96-9805455abf18,2026-05-10T07:45:00Z,2026-05-10T09:45:00+0200,6502.12,MW,FR,FR,actual_onshore_wind_generation,Wind Onshore,2026-05-23T20:18:59Z
2026-05-23T20:18:24Z,2026-05-23T22:18:24+0200,ff0858ab-4740-4bdb-8b96-9805455abf18,2026-05-10T08:00:00Z,2026-05-10T10:00:00+0200,6177.11,MW,FR,FR,actual_onshore_wind_generation,Wind Onshore,2026-05-23T20:18:59Z
2026-05-23T20:18:24Z,2026-05-23T22:18:24+0200,ff0858ab-4740-4bdb-8b96-9805455abf18,2026-05-10T08:15:00Z,2026-05-10T10:15:00+0200,5737.2,MW,FR,FR,actual_onshore_wind_generation,Wind Onshore,2026-05-23T20:18:59Z
2026-05-23T20:18:24Z,2026-05-23T22:18:24+0200,ff0858ab-4740-4bdb-8b96-9805455abf18,2026-05-10T08:30:00Z,2026-05-10T10:30:00+0200,4143.45,MW,FR,FR,actual_onshore_wind_generation,Wind Onshore,2026-05-23T20:18:59Z
2026-05-23T20:18:24Z,2026-05-23T22:18:24+0200,ff0858ab-4740-4bdb-8b96-9805455abf18,2026-05-10T08:45:00Z,2026-05-10T10:45:00+0200,3718.72,MW,FR,FR,actual_onshore_wind_generation,Wind Onshore,2026-05-23T20:18:59Z
2026-05-23T20:18:24Z,2026-05-23T22:18:24+0200,ff0858ab-4740-4bdb-8b96-9805455abf18,2026-05-10T09:00:00Z,2026-05-10T11:00:00+0200,3417.22,MW,FR,FR,actual_onshore_wind_generation,Wind Onshore,2026-05-23T20:18:59Z
2026-05-23T20:18:24Z,2026-05-23T22:18:24+0200,ff0858ab-4740-4bdb-8b96-9805455abf18,2026-05-10T09:15:00Z,2026-05-10T11:15:00+0200,3337.94,MW,FR,FR,actual_onshore_wind_generation,Wind Onshore,2026-05-23T20:18:59Z
2026-05-23T20:18:24Z,2026-05-23T22:18:24+0200,ff0858ab-4740-4bdb-8b96-9805455abf18,2026-05-10T09:30:00Z,2026-05-10T11:30:00+0200,3227.78,MW,FR,FR,actual_onshore_wind_generation,Wind Onshore,2026-05-23T20:18:59Z
2026-05-23T20:18:24Z,2026-05-23T22:18:24+0200,ff0858ab-4740-4bdb-8b96-9805455abf18,2026-05-10T09:45:00Z,2026-05-10T11:45:00+0200,3090.52,MW,FR,FR,actual_onshore_wind_generation,Wind Onshore,2026-05-23T20:18:59Z
2026-05-23T20:18:24Z,2026-05-23T22:18:24+0200,ff0858ab-4740-4bdb-8b96-9805455abf18,2026-05-10T10:00:00Z,2026-05-10T12:00:00+0200,2955.74,MW,FR,FR,actual_onshore_wind_generation,Wind Onshore,2026-05-23T20:18:59Z
2026-05-23T20:18:24Z,2026-05-23T22:18:24+0200,ff0858ab-4740-4bdb-8b96-9805455abf18,2026-05-10T10:15:00Z,2026-05-10T12:15:00+0200,2746.87,MW,FR,FR,actual_onshore_wind_generation,Wind Onshore,2026-05-23T20:18:59Z
2026-05-23T20:18:24Z,2026-05-23T22:18:24+0200,ff0858ab-4740-4bdb-8b96-9805455abf18,2026-05-10T10:30:00Z,2026-05-10T12:30:00+0200,2636.48,MW,FR,FR,actual_onshore_wind_generation,Wind Onshore,2026-05-23T20:18:59Z
2026-05-23T20:18:24Z,2026-05-23T22:18:24+0200,ff0858ab-4740-4bdb-8b96-9805455abf18,2026-05-10T10:45:00Z,2026-05-10T12:45:00+0200,2587.96,MW,FR,FR,actual_onshore_wind_generation,Wind Onshore,2026-05-23T20:18:59Z
2026-05-23T20:18:24Z,2026-05-23T22:18:24+0200,ff0858ab-4740-4bdb-8b96-9805455abf18,2026-05-10T11:00:00Z,2026-05-10T13:00:00+0200,2163.54,MW,FR,FR,actual_onshore_wind_generation,Wind Onshore,2026-05-23T20:18:59Z
2026-05-23T20:18:24Z,2026-05-23T22:18:24+0200,ff0858ab-4740-4bdb-8b96-9805455abf18,2026-05-10T11:15:00Z,2026-05-10T13:15:00+0200,2035.0,MW,FR,FR,actual_onshore_wind_generation,Wind Onshore,2026-05-23T20:18:59Z
2026-05-23T20:18:24Z,2026-05-23T22:18:24+0200,ff0858ab-4740-4bdb-8b96-9805455abf18,2026-05-10T11:30:00Z,2026-05-10T13:30:00+0200,2034.78,MW,FR,FR,actual_onshore_wind_generation,Wind Onshore,2026-05-23T20:18:59Z
2026-05-23T20:18:24Z,2026-05-23T22:18:24+0200,ff0858ab-4740-4bdb-8b96-9805455abf18,2026-05-10T11:45:00Z,2026-05-10T13:45:00+0200,2013.31,MW,FR,FR,actual_onshore_wind_generation,Wind Onshore,2026-05-23T20:18:59Z
2026-05-23T20:18:24Z,2026-05-23T22:18:24+0200,ff0858ab-4740-4bdb-8b96-9805455abf18,2026-05-10T12:00:00Z,2026-05-10T14:00:00+0200,1977.07,MW,FR,FR,actual_onshore_wind_generation,Wind Onshore,2026-05-23T20:18:59Z
2026-05-23T20:18:24Z,2026-05-23T22:18:24+0200,ff0858ab-4740-4bdb-8b96-9805455abf18,2026-05-10T12:15:00Z,2026-05-10T14:15:00+0200,1958.55,MW,FR,FR,actual_onshore_wind_generation,Wind Onshore,2026-05-23T20:18:59Z
2026-05-23T20:18:24Z,2026-05-23T22:18:24+0200,ff0858ab-4740-4bdb-8b96-9805455abf18,2026-05-10T12:30:00Z,2026-05-10T14:30:00+0200,1940.52,MW,FR,FR,actual_onshore_wind_generation,Wind Onshore,2026-05-23T20:18:59Z
2026-05-23T20:18:24Z,2026-05-23T22:18:24+0200,ff0858ab-4740-4bdb-8b96-9805455abf18,2026-05-10T12:45:00Z,2026-05-10T14:45:00+0200,1960.71,MW,FR,FR,actual_onshore_wind_generation,Wind Onshore,2026-05-23T20:18:59Z
2026-05-23T20:18:24Z,2026-05-23T22:18:24+0200,ff0858ab-4740-4bdb-8b96-9805455abf18,2026-05-10T13:00:00Z,2026-05-10T15:00:00+0200,1915.7,MW,FR,FR,actual_onshore_wind_generation,Wind Onshore,2026-05-23T20:18:59Z
2026-05-23T20:18:24Z,2026-05-23T22:18:24+0200,ff0858ab-4740-4bdb-8b96-9805455abf18,2026-05-10T13:15:00Z,2026-05-10T15:15:00+0200,2087.81,MW,FR,FR,actual_onshore_wind_generation,Wind Onshore,2026-05-23T20:18:59Z
2026-05-23T20:18:24Z,2026-05-23T22:18:24+0200,ff0858ab-4740-4bdb-8b96-9805455abf18,2026-05-10T13:30:00Z,2026-05-10T15:30:00+0200,2363.64,MW,FR,FR,actual_onshore_wind_generation,Wind Onshore,2026-05-23T20:18:59Z
2026-05-23T20:18:24Z,2026-05-23T22:18:24+0200,ff0858ab-4740-4bdb-8b96-9805455abf18,2026-05-10T13:45:00Z,2026-05-10T15:45:00+0200,2547.91,MW,FR,FR,actual_onshore_wind_generation,Wind Onshore,2026-05-23T20:18:59Z
2026-05-23T20:18:24Z,2026-05-23T22:18:24+0200,ff0858ab-4740-4bdb-8b96-9805455abf18,2026-05-10T14:00:00Z,2026-05-10T16:00:00+0200,2674.95,MW,FR,FR,actual_onshore_wind_generation,Wind Onshore,2026-05-23T20:18:59Z
2026-05-23T20:18:24Z,2026-05-23T22:18:24+0200,ff0858ab-4740-4bdb-8b96-9805455abf18,2026-05-10T14:15:00Z,2026-05-10T16:15:00+0200,2866.92,MW,FR,FR,actual_onshore_wind_generation,Wind Onshore,2026-05-23T20:18:59Z
2026-05-23T20:18:24Z,2026-05-23T22:18:24+0200,ff0858ab-4740-4bdb-8b96-9805455abf18,2026-05-10T14:30:00Z,2026-05-10T16:30:00+0200,3854.08,MW,FR,FR,actual_onshore_wind_generation,Wind Onshore,2026-05-23T20:18:59Z
2026-05-23T20:18:24Z,2026-05-23T22:18:24+0200,ff0858ab-4740-4bdb-8b96-9805455abf18,2026-05-10T14:45:00Z,2026-05-10T16:45:00+0200,4652.77,MW,FR,FR,actual_onshore_wind_generation,Wind Onshore,2026-05-23T20:18:59Z
2026-05-23T20:18:24Z,2026-05-23T22:18:24+0200,ff0858ab-4740-4bdb-8b96-9805455abf18,2026-05-10T15:00:00Z,2026-05-10T17:00:00+0200,4664.29,MW,FR,FR,actual_onshore_wind_generation,Wind Onshore,2026-05-23T20:18:59Z
2026-05-23T20:18:24Z,2026-05-23T22:18:24+0200,ff0858ab-4740-4bdb-8b96-9805455abf18,2026-05-10T15:15:00Z,2026-05-10T17:15:00+0200,4843.57,MW,FR,FR,actual_onshore_wind_generation,Wind Onshore,2026-05-23T20:18:59Z
2026-05-23T20:18:24Z,2026-05-23T22:18:24+0200,ff0858ab-4740-4bdb-8b96-9805455abf18,2026-05-10T15:30:00Z,2026-05-10T17:30:00+0200,4855.56,MW,FR,FR,actual_onshore_wind_generation,Wind Onshore,2026-05-23T20:18:59Z
2026-05-23T20:18:24Z,2026-05-23T22:18:24+0200,ff0858ab-4740-4bdb-8b96-9805455abf18,2026-05-10T15:45:00Z,2026-05-10T17:45:00+0200,4825.02,MW,FR,FR,actual_onshore_wind_generation,Wind Onshore,2026-05-23T20:18:59Z
2026-05-23T20:18:24Z,2026-05-23T22:18:24+0200,ff0858ab-4740-4bdb-8b96-9805455abf18,2026-05-10T16:00:00Z,2026-05-10T18:00:00+0200,4861.49,MW,FR,FR,actual_onshore_wind_generation,Wind Onshore,2026-05-23T20:18:59Z
2026-05-23T20:18:24Z,2026-05-23T22:18:24+0200,ff0858ab-4740-4bdb-8b96-9805455abf18,2026-05-10T16:15:00Z,2026-05-10T18:15:00+0200,4900.9,MW,FR,FR,actual_onshore_wind_generation,Wind Onshore,2026-05-23T20:18:59Z
2026-05-23T20:18:24Z,2026-05-23T22:18:24+0200,ff0858ab-4740-4bdb-8b96-9805455abf18,2026-05-10T16:30:00Z,2026-05-10T18:30:00+0200,4903.88,MW,FR,FR,actual_onshore_wind_generation,Wind Onshore,2026-05-23T20:18:59Z
2026-05-23T20:18:24Z,2026-05-23T22:18:24+0200,ff0858ab-4740-4bdb-8b96-9805455abf18,2026-05-10T16:45:00Z,2026-05-10T18:45:00+0200,4911.2,MW,FR,FR,actual_onshore_wind_generation,Wind Onshore,2026-05-23T20:18:59Z
2026-05-23T20:18:24Z,2026-05-23T22:18:24+0200,ff0858ab-4740-4bdb-8b96-9805455abf18,2026-05-10T17:00:00Z,2026-05-10T19:00:00+0200,4903.96,MW,FR,FR,actual_onshore_wind_generation,Wind Onshore,2026-05-23T20:18:59Z
2026-05-23T20:18:24Z,2026-05-23T22:18:24+0200,ff0858ab-4740-4bdb-8b96-9805455abf18,2026-05-10T17:15:00Z,2026-05-10T19:15:00+0200,4882.34,MW,FR,FR,actual_onshore_wind_generation,Wind Onshore,2026-05-23T20:18:59Z
2026-05-23T20:18:24Z,2026-05-23T22:18:24+0200,ff0858ab-4740-4bdb-8b96-9805455abf18,2026-05-10T17:30:00Z,2026-05-10T19:30:00+0200,4957.42,MW,FR,FR,actual_onshore_wind_generation,Wind Onshore,2026-05-23T20:18:59Z
2026-05-23T20:18:24Z,2026-05-23T22:18:24+0200,ff0858ab-4740-4bdb-8b96-9805455abf18,2026-05-10T17:45:00Z,2026-05-10T19:45:00+0200,5016.16,MW,FR,FR,actual_onshore_wind_generation,Wind Onshore,2026-05-23T20:18:59Z
2026-05-23T20:18:24Z,2026-05-23T22:18:24+0200,ff0858ab-4740-4bdb-8b96-9805455abf18,2026-05-10T18:00:00Z,2026-05-10T20:00:00+0200,5130.43,MW,FR,FR,actual_onshore_wind_generation,Wind Onshore,2026-05-23T20:18:59Z
2026-05-23T20:18:24Z,2026-05-23T22:18:24+0200,ff0858ab-4740-4bdb-8b96-9805455abf18,2026-05-10T18:15:00Z,2026-05-10T20:15:00+0200,5234.65,MW,FR,FR,actual_onshore_wind_generation,Wind Onshore,2026-05-23T20:18:59Z
2026-05-23T20:18:24Z,2026-05-23T22:18:24+0200,ff0858ab-4740-4bdb-8b96-9805455abf18,2026-05-10T18:30:00Z,2026-05-10T20:30:00+0200,5230.53,MW,FR,FR,actual_onshore_wind_generation,Wind Onshore,2026-05-23T20:18:59Z
2026-05-23T20:18:24Z,2026-05-23T22:18:24+0200,ff0858ab-4740-4bdb-8b96-9805455abf18,2026-05-10T18:45:00Z,2026-05-10T20:45:00+0200,5360.17,MW,FR,FR,actual_onshore_wind_generation,Wind Onshore,2026-05-23T20:18:59Z
2026-05-23T20:18:24Z,2026-05-23T22:18:24+0200,ff0858ab-4740-4bdb-8b96-9805455abf18,2026-05-10T19:00:00Z,2026-05-10T21:00:00+0200,5443.56,MW,FR,FR,actual_onshore_wind_generation,Wind Onshore,2026-05-23T20:18:59Z
2026-05-23T20:18:24Z,2026-05-23T22:18:24+0200,ff0858ab-4740-4bdb-8b96-9805455abf18,2026-05-10T19:15:00Z,2026-05-10T21:15:00+0200,5506.32,MW,FR,FR,actual_onshore_wind_generation,Wind Onshore,2026-05-23T20:18:59Z
2026-05-23T20:18:24Z,2026-05-23T22:18:24+0200,ff0858ab-4740-4bdb-8b96-9805455abf18,2026-05-10T19:30:00Z,2026-05-10T21:30:00+0200,5623.0,MW,FR,FR,actual_onshore_wind_generation,Wind Onshore,2026-05-23T20:18:59Z
2026-05-23T20:18:24Z,2026-05-23T22:18:24+0200,ff0858ab-4740-4bdb-8b96-9805455abf18,2026-05-10T19:45:00Z,2026-05-10T21:45:00+0200,5682.7,MW,FR,FR,actual_onshore_wind_generation,Wind Onshore,2026-05-23T20:18:59Z
2026-05-23T20:18:24Z,2026-05-23T22:18:24+0200,ff0858ab-4740-4bdb-8b96-9805455abf18,2026-05-10T20:00:00Z,2026-05-10T22:00:00+0200,5682.51,MW,FR,FR,actual_onshore_wind_generation,Wind Onshore,2026-05-23T20:18:59Z
2026-05-23T20:18:24Z,2026-05-23T22:18:24+0200,ff0858ab-4740-4bdb-8b96-9805455abf18,2026-05-10T20:15:00Z,2026-05-10T22:15:00+0200,5622.49,MW,FR,FR,actual_onshore_wind_generation,Wind Onshore,2026-05-23T20:18:59Z
2026-05-23T20:18:24Z,2026-05-23T22:18:24+0200,ff0858ab-4740-4bdb-8b96-9805455abf18,2026-05-10T20:30:00Z,2026-05-10T22:30:00+0200,5622.23,MW,FR,FR,actual_onshore_wind_generation,Wind Onshore,2026-05-23T20:18:59Z
2026-05-23T20:18:24Z,2026-05-23T22:18:24+0200,ff0858ab-4740-4bdb-8b96-9805455abf18,2026-05-10T20:45:00Z,2026-05-10T22:45:00+0200,5744.18,MW,FR,FR,actual_onshore_wind_generation,Wind Onshore,2026-05-23T20:18:59Z
2026-05-23T20:18:24Z,2026-05-23T22:18:24+0200,ff0858ab-4740-4bdb-8b96-9805455abf18,2026-05-10T21:00:00Z,2026-05-10T23:00:00+0200,5569.14,MW,FR,FR,actual_onshore_wind_generation,Wind Onshore,2026-05-23T20:18:59Z
2026-05-23T20:18:24Z,2026-05-23T22:18:24+0200,ff0858ab-4740-4bdb-8b96-9805455abf18,2026-05-10T21:15:00Z,2026-05-10T23:15:00+0200,5402.11,MW,FR,FR,actual_onshore_wind_generation,Wind Onshore,2026-05-23T20:18:59Z
2026-05-23T20:18:24Z,2026-05-23T22:18:24+0200,ff0858ab-4740-4bdb-8b96-9805455abf18,2026-05-10T21:30:00Z,2026-05-10T23:30:00+0200,5366.57,MW,FR,FR,actual_onshore_wind_generation,Wind Onshore,2026-05-23T20:18:59Z
2026-05-23T20:18:24Z,2026-05-23T22:18:24+0200,ff0858ab-4740-4bdb-8b96-9805455abf18,2026-05-10T21:45:00Z,2026-05-10T23:45:00+0200,5408.85,MW,FR,FR,actual_onshore_wind_generation,Wind Onshore,2026-05-23T20:18:59Z
2026-05-23T20:18:24Z,2026-05-23T22:18:24+0200,ff0858ab-4740-4bdb-8b96-9805455abf18,2026-05-10T22:00:00Z,2026-05-11T00:00:00+0200,5420.58,MW,FR,FR,actual_onshore_wind_generation,Wind Onshore,2026-05-23T20:18:59Z
2026-05-23T20:18:24Z,2026-05-23T22:18:24+0200,ff0858ab-4740-4bdb-8b96-9805455abf18,2026-05-10T22:15:00Z,2026-05-11T00:15:00+0200,5516.94,MW,FR,FR,actual_onshore_wind_generation,Wind Onshore,2026-05-23T20:18:59Z
2026-05-23T20:18:24Z,2026-05-23T22:18:24+0200,ff0858ab-4740-4bdb-8b96-9805455abf18,2026-05-10T22:30:00Z,2026-05-11T00:30:00+0200,5698.08,MW,FR,FR,actual_onshore_wind_generation,Wind Onshore,2026-05-23T20:18:59Z
2026-05-23T20:18:24Z,2026-05-23T22:18:24+0200,ff0858ab-4740-4bdb-8b96-9805455abf18,2026-05-10T22:45:00Z,2026-05-11T00:45:00+0200,5775.14,MW,FR,FR,actual_onshore_wind_generation,Wind Onshore,2026-05-23T20:18:59Z
2026-05-23T20:18:24Z,2026-05-23T22:18:24+0200,ff0858ab-4740-4bdb-8b96-9805455abf18,2026-05-10T23:00:00Z,2026-05-11T01:00:00+0200,5928.19,MW,FR,FR,actual_onshore_wind_generation,Wind Onshore,2026-05-23T20:18:59Z
2026-05-23T20:18:24Z,2026-05-23T22:18:24+0200,ff0858ab-4740-4bdb-8b96-9805455abf18,2026-05-10T23:15:00Z,2026-05-11T01:15:00+0200,5977.51,MW,FR,FR,actual_onshore_wind_generation,Wind Onshore,2026-05-23T20:18:59Z
2026-05-23T20:18:24Z,2026-05-23T22:18:24+0200,ff0858ab-4740-4bdb-8b96-9805455abf18,2026-05-10T23:30:00Z,2026-05-11T01:30:00+0200,6025.16,MW,FR,FR,actual_onshore_wind_generation,Wind Onshore,2026-05-23T20:18:59Z
2026-05-23T20:18:24Z,2026-05-23T22:18:24+0200,ff0858ab-4740-4bdb-8b96-9805455abf18,2026-05-10T23:45:00Z,2026-05-11T01:45:00+0200,6180.02,MW,FR,FR,actual_onshore_wind_generation,Wind Onshore,2026-05-23T20:18:59Z
2026-05-23T20:18:24Z,2026-05-23T22:18:24+0200,ff0858ab-4740-4bdb-8b96-9805455abf18,2026-05-11T00:00:00Z,2026-05-11T02:00:00+0200,6273.6,MW,FR,FR,actual_onshore_wind_generation,Wind Onshore,2026-05-23T20:18:59Z
2026-05-23T20:18:24Z,2026-05-23T22:18:24+0200,ff0858ab-4740-4bdb-8b96-9805455abf18,2026-05-11T00:15:00Z,2026-05-11T02:15:00+0200,6296.02,MW,FR,FR,actual_onshore_wind_generation,Wind Onshore,2026-05-23T20:18:59Z
2026-05-23T20:18:24Z,2026-05-23T22:18:24+0200,ff0858ab-4740-4bdb-8b96-9805455abf18,2026-05-11T00:30:00Z,2026-05-11T02:30:00+0200,6298.11,MW,FR,FR,actual_onshore_wind_generation,Wind Onshore,2026-05-23T20:18:59Z
2026-05-23T20:18:24Z,2026-05-23T22:18:24+0200,ff0858ab-4740-4bdb-8b96-9805455abf18,2026-05-11T00:45:00Z,2026-05-11T02:45:00+0200,6237.84,MW,FR,FR,actual_onshore_wind_generation,Wind Onshore,2026-05-23T20:18:59Z
2026-05-23T20:18:24Z,2026-05-23T22:18:24+0200,ff0858ab-4740-4bdb-8b96-9805455abf18,2026-05-11T01:00:00Z,2026-05-11T03:00:00+0200,6136.7,MW,FR,FR,actual_onshore_wind_generation,Wind Onshore,2026-05-23T20:18:59Z
2026-05-23T20:18:24Z,2026-05-23T22:18:24+0200,ff0858ab-4740-4bdb-8b96-9805455abf18,2026-05-11T01:15:00Z,2026-05-11T03:15:00+0200,6128.05,MW,FR,FR,actual_onshore_wind_generation,Wind Onshore,2026-05-23T20:18:59Z
2026-05-23T20:18:24Z,2026-05-23T22:18:24+0200,ff0858ab-4740-4bdb-8b96-9805455abf18,2026-05-11T01:30:00Z,2026-05-11T03:30:00+0200,6015.88,MW,FR,FR,actual_onshore_wind_generation,Wind Onshore,2026-05-23T20:18:59Z
2026-05-23T20:18:24Z,2026-05-23T22:18:24+0200,ff0858ab-4740-4bdb-8b96-9805455abf18,2026-05-11T01:45:00Z,2026-05-11T03:45:00+0200,6012.39,MW,FR,FR,actual_onshore_wind_generation,Wind Onshore,2026-05-23T20:18:59Z
2026-05-23T20:18:24Z,2026-05-23T22:18:24+0200,ff0858ab-4740-4bdb-8b96-9805455abf18,2026-05-11T02:00:00Z,2026-05-11T04:00:00+0200,5987.1,MW,FR,FR,actual_onshore_wind_generation,Wind Onshore,2026-05-23T20:18:59Z
2026-05-23T20:18:24Z,2026-05-23T22:18:24+0200,ff0858ab-4740-4bdb-8b96-9805455abf18,2026-05-11T02:15:00Z,2026-05-11T04:15:00+0200,5985.97,MW,FR,FR,actual_onshore_wind_generation,Wind Onshore,2026-05-23T20:18:59Z
2026-05-23T20:18:24Z,2026-05-23T22:18:24+0200,ff0858ab-4740-4bdb-8b96-9805455abf18,2026-05-11T02:30:00Z,2026-05-11T04:30:00+0200,5933.0,MW,FR,FR,actual_onshore_wind_generation,Wind Onshore,2026-05-23T20:18:59Z
2026-05-23T20:18:24Z,2026-05-23T22:18:24+0200,ff0858ab-4740-4bdb-8b96-9805455abf18,2026-05-11T02:45:00Z,2026-05-11T04:45:00+0200,5924.28,MW,FR,FR,actual_onshore_wind_generation,Wind Onshore,2026-05-23T20:18:59Z
2026-05-23T20:18:24Z,2026-05-23T22:18:24+0200,ff0858ab-4740-4bdb-8b96-9805455abf18,2026-05-11T03:00:00Z,2026-05-11T05:00:00+0200,5931.53,MW,FR,FR,actual_onshore_wind_generation,Wind Onshore,2026-05-23T20:18:59Z
2026-05-23T20:18:24Z,2026-05-23T22:18:24+0200,ff0858ab-4740-4bdb-8b96-9805455abf18,2026-05-11T03:15:00Z,2026-05-11T05:15:00+0200,5907.18,MW,FR,FR,actual_onshore_wind_generation,Wind Onshore,2026-05-23T20:18:59Z
2026-05-23T20:18:24Z,2026-05-23T22:18:24+0200,ff0858ab-4740-4bdb-8b96-9805455abf18,2026-05-11T03:30:00Z,2026-05-11T05:30:00+0200,5986.29,MW,FR,FR,actual_onshore_wind_generation,Wind Onshore,2026-05-23T20:18:59Z
2026-05-23T20:18:24Z,2026-05-23T22:18:24+0200,ff0858ab-4740-4bdb-8b96-9805455abf18,2026-05-11T03:45:00Z,2026-05-11T05:45:00+0200,5938.2,MW,FR,FR,actual_onshore_wind_generation,Wind Onshore,2026-05-23T20:18:59Z
2026-05-23T20:18:24Z,2026-05-23T22:18:24+0200,ff0858ab-4740-4bdb-8b96-9805455abf18,2026-05-11T04:00:00Z,2026-05-11T06:00:00+0200,5894.29,MW,FR,FR,actual_onshore_wind_generation,Wind Onshore,2026-05-23T20:18:59Z
2026-05-23T20:18:24Z,2026-05-23T22:18:24+0200,ff0858ab-4740-4bdb-8b96-9805455abf18,2026-05-11T04:15:00Z,2026-05-11T06:15:00+0200,6060.17,MW,FR,FR,actual_onshore_wind_generation,Wind Onshore,2026-05-23T20:18:59Z
2026-05-23T20:18:24Z,2026-05-23T22:18:24+0200,ff0858ab-4740-4bdb-8b96-9805455abf18,2026-05-11T04:30:00Z,2026-05-11T06:30:00+0200,6003.96,MW,FR,FR,actual_onshore_wind_generation,Wind Onshore,2026-05-23T20:18:59Z
2026-05-23T20:18:24Z,2026-05-23T22:18:24+0200,ff0858ab-4740-4bdb-8b96-9805455abf18,2026-05-11T04:45:00Z,2026-05-11T06:45:00+0200,5969.41,MW,FR,FR,actual_onshore_wind_generation,Wind Onshore,2026-05-23T20:18:59Z
2026-05-23T20:18:24Z,2026-05-23T22:18:24+0200,ff0858ab-4740-4bdb-8b96-9805455abf18,2026-05-11T05:00:00Z,2026-05-11T07:00:00+0200,5896.26,MW,FR,FR,actual_onshore_wind_generation,Wind Onshore,2026-05-23T20:18:59Z
2026-05-23T20:18:24Z,2026-05-23T22:18:24+0200,ff0858ab-4740-4bdb-8b96-9805455abf18,2026-05-11T05:15:00Z,2026-05-11T07:15:00+0200,5814.66,MW,FR,FR,actual_onshore_wind_generation,Wind Onshore,2026-05-23T20:18:59Z
2026-05-23T20:18:24Z,2026-05-23T22:18:24+0200,ff0858ab-4740-4bdb-8b96-9805455abf18,2026-05-11T05:30:00Z,2026-05-11T07:30:00+0200,5624.02,MW,FR,FR,actual_onshore_wind_generation,Wind Onshore,2026-05-23T20:18:59Z
2026-05-23T20:18:24Z,2026-05-23T22:18:24+0200,ff0858ab-4740-4bdb-8b96-9805455abf18,2026-05-11T05:45:00Z,2026-05-11T07:45:00+0200,5442.26,MW,FR,FR,actual_onshore_wind_generation,Wind Onshore,2026-05-23T20:18:59Z
2026-05-23T20:18:24Z,2026-05-23T22:18:24+0200,ff0858ab-4740-4bdb-8b96-9805455abf18,2026-05-11T06:00:00Z,2026-05-11T08:00:00+0200,5285.15,MW,FR,FR,actual_onshore_wind_generation,Wind Onshore,2026-05-23T20:18:59Z
2026-05-23T20:18:24Z,2026-05-23T22:18:24+0200,ff0858ab-4740-4bdb-8b96-9805455abf18,2026-05-11T06:15:00Z,2026-05-11T08:15:00+0200,5270.98,MW,FR,FR,actual_onshore_wind_generation,Wind Onshore,2026-05-23T20:18:59Z
2026-05-23T20:18:24Z,2026-05-23T22:18:24+0200,ff0858ab-4740-4bdb-8b96-9805455abf18,2026-05-11T06:30:00Z,2026-05-11T08:30:00+0200,5307.01,MW,FR,FR,actual_onshore_wind_generation,Wind Onshore,2026-05-23T20:18:59Z
2026-05-23T20:18:24Z,2026-05-23T22:18:24+0200,ff0858ab-4740-4bdb-8b96-9805455abf18,2026-05-11T06:45:00Z,2026-05-11T08:45:00+0200,5300.06,MW,FR,FR,actual_onshore_wind_generation,Wind Onshore,2026-05-23T20:18:59Z
2026-05-23T20:18:24Z,2026-05-23T22:18:24+0200,ff0858ab-4740-4bdb-8b96-9805455abf18,2026-05-11T07:00:00Z,2026-05-11T09:00:00+0200,5346.35,MW,FR,FR,actual_onshore_wind_generation,Wind Onshore,2026-05-23T20:18:59Z
2026-05-23T20:18:24Z,2026-05-23T22:18:24+0200,ff0858ab-4740-4bdb-8b96-9805455abf18,2026-05-11T07:15:00Z,2026-05-11T09:15:00+0200,5372.1,MW,FR,FR,actual_onshore_wind_generation,Wind Onshore,2026-05-23T20:18:59Z
2026-05-23T20:18:24Z,2026-05-23T22:18:24+0200,ff0858ab-4740-4bdb-8b96-9805455abf18,2026-05-11T07:30:00Z,2026-05-11T09:30:00+0200,5537.48,MW,FR,FR,actual_onshore_wind_generation,Wind Onshore,2026-05-23T20:18:59Z
2026-05-23T20:18:24Z,2026-05-23T22:18:24+0200,ff0858ab-4740-4bdb-8b96-9805455abf18,2026-05-11T07:45:00Z,2026-05-11T09:45:00+0200,5720.29,MW,FR,FR,actual_onshore_wind_generation,Wind Onshore,2026-05-23T20:18:59Z
2026-05-23T20:18:24Z,2026-05-23T22:18:24+0200,ff0858ab-4740-4bdb-8b96-9805455abf18,2026-05-11T08:00:00Z,2026-05-11T10:00:00+0200,5793.62,MW,FR,FR,actual_onshore_wind_generation,Wind Onshore,2026-05-23T20:18:59Z
2026-05-23T20:18:24Z,2026-05-23T22:18:24+0200,ff0858ab-4740-4bdb-8b96-9805455abf18,2026-05-11T08:15:00Z,2026-05-11T10:15:00+0200,5984.97,MW,FR,FR,actual_onshore_wind_generation,Wind Onshore,2026-05-23T20:18:59Z
2026-05-23T20:18:24Z,2026-05-23T22:18:24+0200,ff0858ab-4740-4bdb-8b96-9805455abf18,2026-05-11T08:30:00Z,2026-05-11T10:30:00+0200,5929.36,MW,FR,FR,actual_onshore_wind_generation,Wind Onshore,2026-05-23T20:18:59Z
2026-05-23T20:18:24Z,2026-05-23T22:18:24+0200,ff0858ab-4740-4bdb-8b96-9805455abf18,2026-05-11T08:45:00Z,2026-05-11T10:45:00+0200,6127.97,MW,FR,FR,actual_onshore_wind_generation,Wind Onshore,2026-05-23T20:18:59Z
2026-05-23T20:18:24Z,2026-05-23T22:18:24+0200,ff0858ab-4740-4bdb-8b96-9805455abf18,2026-05-11T09:00:00Z,2026-05-11T11:00:00+0200,6397.61,MW,FR,FR,actual_onshore_wind_generation,Wind Onshore,2026-05-23T20:18:59Z
2026-05-23T20:18:24Z,2026-05-23T22:18:24+0200,ff0858ab-4740-4bdb-8b96-9805455abf18,2026-05-11T09:15:00Z,2026-05-11T11:15:00+0200,6387.97,MW,FR,FR,actual_onshore_wind_generation,Wind Onshore,2026-05-23T20:18:59Z
2026-05-23T20:18:24Z,2026-05-23T22:18:24+0200,ff0858ab-4740-4bdb-8b96-9805455abf18,2026-05-11T09:30:00Z,2026-05-11T11:30:00+0200,6201.58,MW,FR,FR,actual_onshore_wind_generation,Wind Onshore,2026-05-23T20:18:59Z
2026-05-23T20:18:24Z,2026-05-23T22:18:24+0200,ff0858ab-4740-4bdb-8b96-9805455abf18,2026-05-11T09:45:00Z,2026-05-11T11:45:00+0200,5915.32,MW,FR,FR,actual_onshore_wind_generation,Wind Onshore,2026-05-23T20:18:59Z
2026-05-23T20:18:24Z,2026-05-23T22:18:24+0200,ff0858ab-4740-4bdb-8b96-9805455abf18,2026-05-11T10:00:00Z,2026-05-11T12:00:00+0200,5615.2,MW,FR,FR,actual_onshore_wind_generation,Wind Onshore,2026-05-23T20:18:59Z
2026-05-23T20:18:24Z,2026-05-23T22:18:24+0200,ff0858ab-4740-4bdb-8b96-9805455abf18,2026-05-11T10:15:00Z,2026-05-11T12:15:00+0200,5391.12,MW,FR,FR,actual_onshore_wind_generation,Wind Onshore,2026-05-23T20:18:59Z
2026-05-23T20:18:24Z,2026-05-23T22:18:24+0200,ff0858ab-4740-4bdb-8b96-9805455abf18,2026-05-11T10:30:00Z,2026-05-11T12:30:00+0200,5228.59,MW,FR,FR,actual_onshore_wind_generation,Wind Onshore,2026-05-23T20:18:59Z
2026-05-23T20:18:24Z,2026-05-23T22:18:24+0200,ff0858ab-4740-4bdb-8b96-9805455abf18,2026-05-11T10:45:00Z,2026-05-11T12:45:00+0200,5085.71,MW,FR,FR,actual_onshore_wind_generation,Wind Onshore,2026-05-23T20:18:59Z
2026-05-23T20:18:24Z,2026-05-23T22:18:24+0200,ff0858ab-4740-4bdb-8b96-9805455abf18,2026-05-11T11:00:00Z,2026-05-11T13:00:00+0200,5107.93,MW,FR,FR,actual_onshore_wind_generation,Wind Onshore,2026-05-23T20:18:59Z
2026-05-23T20:18:24Z,2026-05-23T22:18:24+0200,ff0858ab-4740-4bdb-8b96-9805455abf18,2026-05-11T11:15:00Z,2026-05-11T13:15:00+0200,5058.45,MW,FR,FR,actual_onshore_wind_generation,Wind Onshore,2026-05-23T20:18:59Z
2026-05-23T20:18:24Z,2026-05-23T22:18:24+0200,ff0858ab-4740-4bdb-8b96-9805455abf18,2026-05-11T11:30:00Z,2026-05-11T13:30:00+0200,5071.34,MW,FR,FR,actual_onshore_wind_generation,Wind Onshore,2026-05-23T20:18:59Z
2026-05-23T20:18:24Z,2026-05-23T22:18:24+0200,ff0858ab-4740-4bdb-8b96-9805455abf18,2026-05-11T11:45:00Z,2026-05-11T13:45:00+0200,4991.34,MW,FR,FR,actual_onshore_wind_generation,Wind Onshore,2026-05-23T20:18:59Z
2026-05-23T20:18:24Z,2026-05-23T22:18:24+0200,ff0858ab-4740-4bdb-8b96-9805455abf18,2026-05-11T12:00:00Z,2026-05-11T14:00:00+0200,4879.6,MW,FR,FR,actual_onshore_wind_generation,Wind Onshore,2026-05-23T20:18:59Z
2026-05-23T20:18:24Z,2026-05-23T22:18:24+0200,ff0858ab-4740-4bdb-8b96-9805455abf18,2026-05-11T12:15:00Z,2026-05-11T14:15:00+0200,4916.31,MW,FR,FR,actual_onshore_wind_generation,Wind Onshore,2026-05-23T20:18:59Z
2026-05-23T20:18:24Z,2026-05-23T22:18:24+0200,ff0858ab-4740-4bdb-8b96-9805455abf18,2026-05-11T12:30:00Z,2026-05-11T14:30:00+0200,5097.75,MW,FR,FR,actual_onshore_wind_generation,Wind Onshore,2026-05-23T20:18:59Z
2026-05-23T20:18:24Z,2026-05-23T22:18:24+0200,ff0858ab-4740-4bdb-8b96-9805455abf18,2026-05-11T12:45:00Z,2026-05-11T14:45:00+0200,5221.9,MW,FR,FR,actual_onshore_wind_generation,Wind Onshore,2026-05-23T20:18:59Z
2026-05-23T20:18:24Z,2026-05-23T22:18:24+0200,ff0858ab-4740-4bdb-8b96-9805455abf18,2026-05-11T13:00:00Z,2026-05-11T15:00:00+0200,5138.84,MW,FR,FR,actual_onshore_wind_generation,Wind Onshore,2026-05-23T20:18:59Z
2026-05-23T20:18:24Z,2026-05-23T22:18:24+0200,ff0858ab-4740-4bdb-8b96-9805455abf18,2026-05-11T13:15:00Z,2026-05-11T15:15:00+0200,5130.56,MW,FR,FR,actual_onshore_wind_generation,Wind Onshore,2026-05-23T20:18:59Z
2026-05-23T20:18:24Z,2026-05-23T22:18:24+0200,ff0858ab-4740-4bdb-8b96-9805455abf18,2026-05-11T13:30:00Z,2026-05-11T15:30:00+0200,5315.7,MW,FR,FR,actual_onshore_wind_generation,Wind Onshore,2026-05-23T20:18:59Z
2026-05-23T20:18:24Z,2026-05-23T22:18:24+0200,ff0858ab-4740-4bdb-8b96-9805455abf18,2026-05-11T13:45:00Z,2026-05-11T15:45:00+0200,5503.17,MW,FR,FR,actual_onshore_wind_generation,Wind Onshore,2026-05-23T20:18:59Z
2026-05-23T20:18:24Z,2026-05-23T22:18:24+0200,ff0858ab-4740-4bdb-8b96-9805455abf18,2026-05-11T14:00:00Z,2026-05-11T16:00:00+0200,5901.28,MW,FR,FR,actual_onshore_wind_generation,Wind Onshore,2026-05-23T20:18:59Z
2026-05-23T20:18:24Z,2026-05-23T22:18:24+0200,ff0858ab-4740-4bdb-8b96-9805455abf18,2026-05-11T14:15:00Z,2026-05-11T16:15:00+0200,6179.81,MW,FR,FR,actual_onshore_wind_generation,Wind Onshore,2026-05-23T20:18:59Z
2026-05-23T20:18:24Z,2026-05-23T22:18:24+0200,ff0858ab-4740-4bdb-8b96-9805455abf18,2026-05-11T14:30:00Z,2026-05-11T16:30:00+0200,6378.86,MW,FR,FR,actual_onshore_wind_generation,Wind Onshore,2026-05-23T20:18:59Z
2026-05-23T20:18:24Z,2026-05-23T22:18:24+0200,ff0858ab-4740-4bdb-8b96-9805455abf18,2026-05-11T14:45:00Z,2026-05-11T16:45:00+0200,6334.59,MW,FR,FR,actual_onshore_wind_generation,Wind Onshore,2026-05-23T20:18:59Z
2026-05-23T20:18:24Z,2026-05-23T22:18:24+0200,ff0858ab-4740-4bdb-8b96-9805455abf18,2026-05-11T15:00:00Z,2026-05-11T17:00:00+0200,6369.11,MW,FR,FR,actual_onshore_wind_generation,Wind Onshore,2026-05-23T20:18:59Z
2026-05-23T20:18:24Z,2026-05-23T22:18:24+0200,ff0858ab-4740-4bdb-8b96-9805455abf18,2026-05-11T15:15:00Z,2026-05-11T17:15:00+0200,6506.2,MW,FR,FR,actual_onshore_wind_generation,Wind Onshore,2026-05-23T20:18:59Z
2026-05-23T20:18:24Z,2026-05-23T22:18:24+0200,ff0858ab-4740-4bdb-8b96-9805455abf18,2026-05-11T15:30:00Z,2026-05-11T17:30:00+0200,6305.78,MW,FR,FR,actual_onshore_wind_generation,Wind Onshore,2026-05-23T20:18:59Z
2026-05-23T20:18:24Z,2026-05-23T22:18:24+0200,ff0858ab-4740-4bdb-8b96-9805455abf18,2026-05-11T15:45:00Z,2026-05-11T17:45:00+0200,6015.94,MW,FR,FR,actual_onshore_wind_generation,Wind Onshore,2026-05-23T20:18:59Z
2026-05-23T20:18:24Z,2026-05-23T22:18:24+0200,ff0858ab-4740-4bdb-8b96-9805455abf18,2026-05-11T16:00:00Z,2026-05-11T18:00:00+0200,6073.12,MW,FR,FR,actual_onshore_wind_generation,Wind Onshore,2026-05-23T20:18:59Z
2026-05-23T20:18:24Z,2026-05-23T22:18:24+0200,ff0858ab-4740-4bdb-8b96-9805455abf18,2026-05-11T16:15:00Z,2026-05-11T18:15:00+0200,6016.66,MW,FR,FR,actual_onshore_wind_generation,Wind Onshore,2026-05-23T20:18:59Z
2026-05-23T20:18:24Z,2026-05-23T22:18:24+0200,ff0858ab-4740-4bdb-8b96-9805455abf18,2026-05-11T16:30:00Z,2026-05-11T18:30:00+0200,5912.08,MW,FR,FR,actual_onshore_wind_generation,Wind Onshore,2026-05-23T20:18:59Z
2026-05-23T20:18:24Z,2026-05-23T22:18:24+0200,ff0858ab-4740-4bdb-8b96-9805455abf18,2026-05-11T16:45:00Z,2026-05-11T18:45:00+0200,5610.09,MW,FR,FR,actual_onshore_wind_generation,Wind Onshore,2026-05-23T20:18:59Z
2026-05-23T20:18:24Z,2026-05-23T22:18:24+0200,ff0858ab-4740-4bdb-8b96-9805455abf18,2026-05-11T17:00:00Z,2026-05-11T19:00:00+0200,5108.58,MW,FR,FR,actual_onshore_wind_generation,Wind Onshore,2026-05-23T20:18:59Z
2026-05-23T20:18:24Z,2026-05-23T22:18:24+0200,ff0858ab-4740-4bdb-8b96-9805455abf18,2026-05-11T17:15:00Z,2026-05-11T19:15:00+0200,4984.87,MW,FR,FR,actual_onshore_wind_generation,Wind Onshore,2026-05-23T20:18:59Z
2026-05-23T20:18:24Z,2026-05-23T22:18:24+0200,ff0858ab-4740-4bdb-8b96-9805455abf18,2026-05-11T17:30:00Z,2026-05-11T19:30:00+0200,4878.36,MW,FR,FR,actual_onshore_wind_generation,Wind Onshore,2026-05-23T20:18:59Z
2026-05-23T20:18:24Z,2026-05-23T22:18:24+0200,ff0858ab-4740-4bdb-8b96-9805455abf18,2026-05-11T17:45:00Z,2026-05-11T19:45:00+0200,4692.51,MW,FR,FR,actual_onshore_wind_generation,Wind Onshore,2026-05-23T20:18:59Z
2026-05-23T20:18:24Z,2026-05-23T22:18:24+0200,ff0858ab-4740-4bdb-8b96-9805455abf18,2026-05-11T18:00:00Z,2026-05-11T20:00:00+0200,4452.48,MW,FR,FR,actual_onshore_wind_generation,Wind Onshore,2026-05-23T20:18:59Z
2026-05-23T20:18:24Z,2026-05-23T22:18:24+0200,ff0858ab-4740-4bdb-8b96-9805455abf18,2026-05-11T18:15:00Z,2026-05-11T20:15:00+0200,4220.08,MW,FR,FR,actual_onshore_wind_generation,Wind Onshore,2026-05-23T20:18:59Z
2026-05-23T20:18:24Z,2026-05-23T22:18:24+0200,ff0858ab-4740-4bdb-8b96-9805455abf18,2026-05-11T18:30:00Z,2026-05-11T20:30:00+0200,4201.68,MW,FR,FR,actual_onshore_wind_generation,Wind Onshore,2026-05-23T20:18:59Z
2026-05-23T20:18:24Z,2026-05-23T22:18:24+0200,ff0858ab-4740-4bdb-8b96-9805455abf18,2026-05-11T18:45:00Z,2026-05-11T20:45:00+0200,4143.87,MW,FR,FR,actual_onshore_wind_generation,Wind Onshore,2026-05-23T20:18:59Z
2026-05-23T20:18:24Z,2026-05-23T22:18:24+0200,ff0858ab-4740-4bdb-8b96-9805455abf18,2026-05-11T19:00:00Z,2026-05-11T21:00:00+0200,3996.09,MW,FR,FR,actual_onshore_wind_generation,Wind Onshore,2026-05-23T20:18:59Z
2026-05-23T20:18:24Z,2026-05-23T22:18:24+0200,ff0858ab-4740-4bdb-8b96-9805455abf18,2026-05-11T19:15:00Z,2026-05-11T21:15:00+0200,3830.35,MW,FR,FR,actual_onshore_wind_generation,Wind Onshore,2026-05-23T20:18:59Z
2026-05-23T20:18:24Z,2026-05-23T22:18:24+0200,ff0858ab-4740-4bdb-8b96-9805455abf18,2026-05-11T19:30:00Z,2026-05-11T21:30:00+0200,3650.75,MW,FR,FR,actual_onshore_wind_generation,Wind Onshore,2026-05-23T20:18:59Z
2026-05-23T20:18:24Z,2026-05-23T22:18:24+0200,ff0858ab-4740-4bdb-8b96-9805455abf18,2026-05-11T19:45:00Z,2026-05-11T21:45:00+0200,3636.51,MW,FR,FR,actual_onshore_wind_generation,Wind Onshore,2026-05-23T20:18:59Z
2026-05-23T20:18:24Z,2026-05-23T22:18:24+0200,ff0858ab-4740-4bdb-8b96-9805455abf18,2026-05-11T20:00:00Z,2026-05-11T22:00:00+0200,3758.62,MW,FR,FR,actual_onshore_wind_generation,Wind Onshore,2026-05-23T20:18:59Z
2026-05-23T20:18:24Z,2026-05-23T22:18:24+0200,ff0858ab-4740-4bdb-8b96-9805455abf18,2026-05-11T20:15:00Z,2026-05-11T22:15:00+0200,3852.1,MW,FR,FR,actual_onshore_wind_generation,Wind Onshore,2026-05-23T20:18:59Z
2026-05-23T20:18:24Z,2026-05-23T22:18:24+0200,ff0858ab-4740-4bdb-8b96-9805455abf18,2026-05-11T20:30:00Z,2026-05-11T22:30:00+0200,3817.71,MW,FR,FR,actual_onshore_wind_generation,Wind Onshore,2026-05-23T20:18:59Z
2026-05-23T20:18:24Z,2026-05-23T22:18:24+0200,ff0858ab-4740-4bdb-8b96-9805455abf18,2026-05-11T20:45:00Z,2026-05-11T22:45:00+0200,3809.49,MW,FR,FR,actual_onshore_wind_generation,Wind Onshore,2026-05-23T20:18:59Z
2026-05-23T20:18:24Z,2026-05-23T22:18:24+0200,ff0858ab-4740-4bdb-8b96-9805455abf18,2026-05-11T21:00:00Z,2026-05-11T23:00:00+0200,3736.52,MW,FR,FR,actual_onshore_wind_generation,Wind Onshore,2026-05-23T20:18:59Z
2026-05-23T20:18:24Z,2026-05-23T22:18:24+0200,ff0858ab-4740-4bdb-8b96-9805455abf18,2026-05-11T21:15:00Z,2026-05-11T23:15:00+0200,3585.9,MW,FR,FR,actual_onshore_wind_generation,Wind Onshore,2026-05-23T20:18:59Z
2026-05-23T20:18:24Z,2026-05-23T22:18:24+0200,ff0858ab-4740-4bdb-8b96-9805455abf18,2026-05-11T21:30:00Z,2026-05-11T23:30:00+0200,3423.43,MW,FR,FR,actual_onshore_wind_generation,Wind Onshore,2026-05-23T20:18:59Z
2026-05-23T20:18:24Z,2026-05-23T22:18:24+0200,ff0858ab-4740-4bdb-8b96-9805455abf18,2026-05-11T21:45:00Z,2026-05-11T23:45:00+0200,3332.4,MW,FR,FR,actual_onshore_wind_generation,Wind Onshore,2026-05-23T20:18:59Z
2026-05-23T20:18:24Z,2026-05-23T22:18:24+0200,ff0858ab-4740-4bdb-8b96-9805455abf18,2026-05-11T22:00:00Z,2026-05-12T00:00:00+0200,3176.42,MW,FR,FR,actual_onshore_wind_generation,Wind Onshore,2026-05-23T20:18:59Z
2026-05-23T20:18:24Z,2026-05-23T22:18:24+0200,ff0858ab-4740-4bdb-8b96-9805455abf18,2026-05-11T22:15:00Z,2026-05-12T00:15:00+0200,3027.22,MW,FR,FR,actual_onshore_wind_generation,Wind Onshore,2026-05-23T20:18:59Z
2026-05-23T20:18:24Z,2026-05-23T22:18:24+0200,ff0858ab-4740-4bdb-8b96-9805455abf18,2026-05-11T22:30:00Z,2026-05-12T00:30:00+0200,2943.18,MW,FR,FR,actual_onshore_wind_generation,Wind Onshore,2026-05-23T20:18:59Z
2026-05-23T20:18:24Z,2026-05-23T22:18:24+0200,ff0858ab-4740-4bdb-8b96-9805455abf18,2026-05-11T22:45:00Z,2026-05-12T00:45:00+0200,2868.06,MW,FR,FR,actual_onshore_wind_generation,Wind Onshore,2026-05-23T20:18:59Z
2026-05-23T20:18:24Z,2026-05-23T22:18:24+0200,ff0858ab-4740-4bdb-8b96-9805455abf18,2026-05-11T23:00:00Z,2026-05-12T01:00:00+0200,2724.19,MW,FR,FR,actual_onshore_wind_generation,Wind Onshore,2026-05-23T20:18:59Z
2026-05-23T20:18:24Z,2026-05-23T22:18:24+0200,ff0858ab-4740-4bdb-8b96-9805455abf18,2026-05-11T23:15:00Z,2026-05-12T01:15:00+0200,2694.86,MW,FR,FR,actual_onshore_wind_generation,Wind Onshore,2026-05-23T20:18:59Z
2026-05-23T20:18:24Z,2026-05-23T22:18:24+0200,ff0858ab-4740-4bdb-8b96-9805455abf18,2026-05-11T23:30:00Z,2026-05-12T01:30:00+0200,2687.79,MW,FR,FR,actual_onshore_wind_generation,Wind Onshore,2026-05-23T20:18:59Z
2026-05-23T20:18:24Z,2026-05-23T22:18:24+0200,ff0858ab-4740-4bdb-8b96-9805455abf18,2026-05-11T23:45:00Z,2026-05-12T01:45:00+0200,2684.33,MW,FR,FR,actual_onshore_wind_generation,Wind Onshore,2026-05-23T20:18:59Z
2026-05-23T20:18:24Z,2026-05-23T22:18:24+0200,ff0858ab-4740-4bdb-8b96-9805455abf18,2026-05-12T00:00:00Z,2026-05-12T02:00:00+0200,2711.11,MW,FR,FR,actual_onshore_wind_generation,Wind Onshore,2026-05-23T20:18:59Z
2026-05-23T20:18:24Z,2026-05-23T22:18:24+0200,ff0858ab-4740-4bdb-8b96-9805455abf18,2026-05-12T00:15:00Z,2026-05-12T02:15:00+0200,2766.67,MW,FR,FR,actual_onshore_wind_generation,Wind Onshore,2026-05-23T20:18:59Z
2026-05-23T20:18:24Z,2026-05-23T22:18:24+0200,ff0858ab-4740-4bdb-8b96-9805455abf18,2026-05-12T00:30:00Z,2026-05-12T02:30:00+0200,2787.07,MW,FR,FR,actual_onshore_wind_generation,Wind Onshore,2026-05-23T20:18:59Z
2026-05-23T20:18:24Z,2026-05-23T22:18:24+0200,ff0858ab-4740-4bdb-8b96-9805455abf18,2026-05-12T00:45:00Z,2026-05-12T02:45:00+0200,2819.92,MW,FR,FR,actual_onshore_wind_generation,Wind Onshore,2026-05-23T20:18:59Z
2026-05-23T20:18:24Z,2026-05-23T22:18:24+0200,ff0858ab-4740-4bdb-8b96-9805455abf18,2026-05-12T01:00:00Z,2026-05-12T03:00:00+0200,2822.39,MW,FR,FR,actual_onshore_wind_generation,Wind Onshore,2026-05-23T20:18:59Z
2026-05-23T20:18:24Z,2026-05-23T22:18:24+0200,ff0858ab-4740-4bdb-8b96-9805455abf18,2026-05-12T01:15:00Z,2026-05-12T03:15:00+0200,2864.06,MW,FR,FR,actual_onshore_wind_generation,Wind Onshore,2026-05-23T20:18:59Z
2026-05-23T20:18:24Z,2026-05-23T22:18:24+0200,ff0858ab-4740-4bdb-8b96-9805455abf18,2026-05-12T01:30:00Z,2026-05-12T03:30:00+0200,2858.68,MW,FR,FR,actual_onshore_wind_generation,Wind Onshore,2026-05-23T20:18:59Z
2026-05-23T20:18:24Z,2026-05-23T22:18:24+0200,ff0858ab-4740-4bdb-8b96-9805455abf18,2026-05-12T01:45:00Z,2026-05-12T03:45:00+0200,2841.18,MW,FR,FR,actual_onshore_wind_generation,Wind Onshore,2026-05-23T20:18:59Z
2026-05-23T20:18:24Z,2026-05-23T22:18:24+0200,ff0858ab-4740-4bdb-8b96-9805455abf18,2026-05-12T02:00:00Z,2026-05-12T04:00:00+0200,2820.81,MW,FR,FR,actual_onshore_wind_generation,Wind Onshore,2026-05-23T20:18:59Z
2026-05-23T20:18:24Z,2026-05-23T22:18:24+0200,ff0858ab-4740-4bdb-8b96-9805455abf18,2026-05-12T02:15:00Z,2026-05-12T04:15:00+0200,2814.71,MW,FR,FR,actual_onshore_wind_generation,Wind Onshore,2026-05-23T20:18:59Z
2026-05-23T20:18:24Z,2026-05-23T22:18:24+0200,ff0858ab-4740-4bdb-8b96-9805455abf18,2026-05-12T02:30:00Z,2026-05-12T04:30:00+0200,2744.55,MW,FR,FR,actual_onshore_wind_generation,Wind Onshore,2026-05-23T20:18:59Z
2026-05-23T20:18:24Z,2026-05-23T22:18:24+0200,ff0858ab-4740-4bdb-8b96-9805455abf18,2026-05-12T02:45:00Z,2026-05-12T04:45:00+0200,2736.84,MW,FR,FR,actual_onshore_wind_generation,Wind Onshore,2026-05-23T20:18:59Z
2026-05-23T20:18:24Z,2026-05-23T22:18:24+0200,ff0858ab-4740-4bdb-8b96-9805455abf18,2026-05-12T03:00:00Z,2026-05-12T05:00:00+0200,2771.6,MW,FR,FR,actual_onshore_wind_generation,Wind Onshore,2026-05-23T20:18:59Z
2026-05-23T20:18:24Z,2026-05-23T22:18:24+0200,ff0858ab-4740-4bdb-8b96-9805455abf18,2026-05-12T03:15:00Z,2026-05-12T05:15:00+0200,2765.38,MW,FR,FR,actual_onshore_wind_generation,Wind Onshore,2026-05-23T20:18:59Z
2026-05-23T20:18:24Z,2026-05-23T22:18:24+0200,ff0858ab-4740-4bdb-8b96-9805455abf18,2026-05-12T03:30:00Z,2026-05-12T05:30:00+0200,2791.5,MW,FR,FR,actual_onshore_wind_generation,Wind Onshore,2026-05-23T20:18:59Z
2026-05-23T20:18:24Z,2026-05-23T22:18:24+0200,ff0858ab-4740-4bdb-8b96-9805455abf18,2026-05-12T03:45:00Z,2026-05-12T05:45:00+0200,2803.72,MW,FR,FR,actual_onshore_wind_generation,Wind Onshore,2026-05-23T20:18:59Z
2026-05-23T20:18:24Z,2026-05-23T22:18:24+0200,ff0858ab-4740-4bdb-8b96-9805455abf18,2026-05-12T04:00:00Z,2026-05-12T06:00:00+0200,2779.82,MW,FR,FR,actual_onshore_wind_generation,Wind Onshore,2026-05-23T20:18:59Z
2026-05-23T20:18:24Z,2026-05-23T22:18:24+0200,ff0858ab-4740-4bdb-8b96-9805455abf18,2026-05-12T04:15:00Z,2026-05-12T06:15:00+0200,2750.67,MW,FR,FR,actual_onshore_wind_generation,Wind Onshore,2026-05-23T20:18:59Z
2026-05-23T20:18:24Z,2026-05-23T22:18:24+0200,ff0858ab-4740-4bdb-8b96-9805455abf18,2026-05-12T04:30:00Z,2026-05-12T06:30:00+0200,2731.08,MW,FR,FR,actual_onshore_wind_generation,Wind Onshore,2026-05-23T20:18:59Z
2026-05-23T20:18:24Z,2026-05-23T22:18:24+0200,ff0858ab-4740-4bdb-8b96-9805455abf18,2026-05-12T04:45:00Z,2026-05-12T06:45:00+0200,2761.5,MW,FR,FR,actual_onshore_wind_generation,Wind Onshore,2026-05-23T20:18:59Z
2026-05-23T20:18:24Z,2026-05-23T22:18:24+0200,ff0858ab-4740-4bdb-8b96-9805455abf18,2026-05-12T05:00:00Z,2026-05-12T07:00:00+0200,2764.2,MW,FR,FR,actual_onshore_wind_generation,Wind Onshore,2026-05-23T20:18:59Z
2026-05-23T20:18:24Z,2026-05-23T22:18:24+0200,ff0858ab-4740-4bdb-8b96-9805455abf18,2026-05-12T05:15:00Z,2026-05-12T07:15:00+0200,2666.37,MW,FR,FR,actual_onshore_wind_generation,Wind Onshore,2026-05-23T20:18:59Z
2026-05-23T20:18:24Z,2026-05-23T22:18:24+0200,ff0858ab-4740-4bdb-8b96-9805455abf18,2026-05-12T05:30:00Z,2026-05-12T07:30:00+0200,2533.08,MW,FR,FR,actual_onshore_wind_generation,Wind Onshore,2026-05-23T20:18:59Z
2026-05-23T20:18:24Z,2026-05-23T22:18:24+0200,ff0858ab-4740-4bdb-8b96-9805455abf18,2026-05-12T05:45:00Z,2026-05-12T07:45:00+0200,2391.72,MW,FR,FR,actual_onshore_wind_generation,Wind Onshore,2026-05-23T20:18:59Z
2026-05-23T20:18:24Z,2026-05-23T22:18:24+0200,ff0858ab-4740-4bdb-8b96-9805455abf18,2026-05-12T06:00:00Z,2026-05-12T08:00:00+0200,2244.88,MW,FR,FR,actual_onshore_wind_generation,Wind Onshore,2026-05-23T20:18:59Z
2026-05-23T20:18:24Z,2026-05-23T22:18:24+0200,ff0858ab-4740-4bdb-8b96-9805455abf18,2026-05-12T06:15:00Z,2026-05-12T08:15:00+0200,2047.89,MW,FR,FR,actual_onshore_wind_generation,Wind Onshore,2026-05-23T20:18:59Z
2026-05-23T20:18:24Z,2026-05-23T22:18:24+0200,ff0858ab-4740-4bdb-8b96-9805455abf18,2026-05-12T06:30:00Z,2026-05-12T08:30:00+0200,1854.16,MW,FR,FR,actual_onshore_wind_generation,Wind Onshore,2026-05-23T20:18:59Z
2026-05-23T20:18:24Z,2026-05-23T22:18:24+0200,ff0858ab-4740-4bdb-8b96-9805455abf18,2026-05-12T06:45:00Z,2026-05-12T08:45:00+0200,1691.7,MW,FR,FR,actual_onshore_wind_generation,Wind Onshore,2026-05-23T20:18:59Z
2026-05-23T20:18:24Z,2026-05-23T22:18:24+0200,ff0858ab-4740-4bdb-8b96-9805455abf18,2026-05-12T07:00:00Z,2026-05-12T09:00:00+0200,1676.34,MW,FR,FR,actual_onshore_wind_generation,Wind Onshore,2026-05-23T20:18:59Z
2026-05-23T20:18:24Z,2026-05-23T22:18:24+0200,ff0858ab-4740-4bdb-8b96-9805455abf18,2026-05-12T07:15:00Z,2026-05-12T09:15:00+0200,1731.47,MW,FR,FR,actual_onshore_wind_generation,Wind Onshore,2026-05-23T20:18:59Z
2026-05-23T20:18:24Z,2026-05-23T22:18:24+0200,ff0858ab-4740-4bdb-8b96-9805455abf18,2026-05-12T07:30:00Z,2026-05-12T09:30:00+0200,1779.51,MW,FR,FR,actual_onshore_wind_generation,Wind Onshore,2026-05-23T20:18:59Z
2026-05-23T20:18:24Z,2026-05-23T22:18:24+0200,ff0858ab-4740-4bdb-8b96-9805455abf18,2026-05-12T07:45:00Z,2026-05-12T09:45:00+0200,1834.31,MW,FR,FR,actual_onshore_wind_generation,Wind Onshore,2026-05-23T20:18:59Z
2026-05-23T20:18:24Z,2026-05-23T22:18:24+0200,ff0858ab-4740-4bdb-8b96-9805455abf18,2026-05-12T08:00:00Z,2026-05-12T10:00:00+0200,1887.21,MW,FR,FR,actual_onshore_wind_generation,Wind Onshore,2026-05-23T20:18:59Z
2026-05-23T20:18:24Z,2026-05-23T22:18:24+0200,ff0858ab-4740-4bdb-8b96-9805455abf18,2026-05-12T08:15:00Z,2026-05-12T10:15:00+0200,1905.61,MW,FR,FR,actual_onshore_wind_generation,Wind Onshore,2026-05-23T20:18:59Z
2026-05-23T20:18:24Z,2026-05-23T22:18:24+0200,ff0858ab-4740-4bdb-8b96-9805455abf18,2026-05-12T08:30:00Z,2026-05-12T10:30:00+0200,1955.71,MW,FR,FR,actual_onshore_wind_generation,Wind Onshore,2026-05-23T20:18:59Z
2026-05-23T20:18:24Z,2026-05-23T22:18:24+0200,ff0858ab-4740-4bdb-8b96-9805455abf18,2026-05-12T08:45:00Z,2026-05-12T10:45:00+0200,1932.56,MW,FR,FR,actual_onshore_wind_generation,Wind Onshore,2026-05-23T20:18:59Z
2026-05-23T20:18:24Z,2026-05-23T22:18:24+0200,ff0858ab-4740-4bdb-8b96-9805455abf18,2026-05-12T09:00:00Z,2026-05-12T11:00:00+0200,1879.33,MW,FR,FR,actual_onshore_wind_generation,Wind Onshore,2026-05-23T20:18:59Z
2026-05-23T20:18:24Z,2026-05-23T22:18:24+0200,ff0858ab-4740-4bdb-8b96-9805455abf18,2026-05-12T09:15:00Z,2026-05-12T11:15:00+0200,1947.31,MW,FR,FR,actual_onshore_wind_generation,Wind Onshore,2026-05-23T20:18:59Z
2026-05-23T20:18:24Z,2026-05-23T22:18:24+0200,ff0858ab-4740-4bdb-8b96-9805455abf18,2026-05-12T09:30:00Z,2026-05-12T11:30:00+0200,1881.19,MW,FR,FR,actual_onshore_wind_generation,Wind Onshore,2026-05-23T20:18:59Z
2026-05-23T20:18:24Z,2026-05-23T22:18:24+0200,ff0858ab-4740-4bdb-8b96-9805455abf18,2026-05-12T09:45:00Z,2026-05-12T11:45:00+0200,1835.28,MW,FR,FR,actual_onshore_wind_generation,Wind Onshore,2026-05-23T20:18:59Z
2026-05-23T20:18:24Z,2026-05-23T22:18:24+0200,ff0858ab-4740-4bdb-8b96-9805455abf18,2026-05-12T10:00:00Z,2026-05-12T12:00:00+0200,1838.92,MW,FR,FR,actual_onshore_wind_generation,Wind Onshore,2026-05-23T20:18:59Z
2026-05-23T20:18:24Z,2026-05-23T22:18:24+0200,ff0858ab-4740-4bdb-8b96-9805455abf18,2026-05-12T10:15:00Z,2026-05-12T12:15:00+0200,1874.42,MW,FR,FR,actual_onshore_wind_generation,Wind Onshore,2026-05-23T20:18:59Z
2026-05-23T20:18:24Z,2026-05-23T22:18:24+0200,ff0858ab-4740-4bdb-8b96-9805455abf18,2026-05-12T10:30:00Z,2026-05-12T12:30:00+0200,1957.97,MW,FR,FR,actual_onshore_wind_generation,Wind Onshore,2026-05-23T20:18:59Z
2026-05-23T20:18:24Z,2026-05-23T22:18:24+0200,ff0858ab-4740-4bdb-8b96-9805455abf18,2026-05-12T10:45:00Z,2026-05-12T12:45:00+0200,1951.34,MW,FR,FR,actual_onshore_wind_generation,Wind Onshore,2026-05-23T20:18:59Z
2026-05-23T20:18:24Z,2026-05-23T22:18:24+0200,ff0858ab-4740-4bdb-8b96-9805455abf18,2026-05-12T11:00:00Z,2026-05-12T13:00:00+0200,2008.72,MW,FR,FR,actual_onshore_wind_generation,Wind Onshore,2026-05-23T20:18:59Z
2026-05-23T20:18:24Z,2026-05-23T22:18:24+0200,ff0858ab-4740-4bdb-8b96-9805455abf18,2026-05-12T11:15:00Z,2026-05-12T13:15:00+0200,2098.85,MW,FR,FR,actual_onshore_wind_generation,Wind Onshore,2026-05-23T20:18:59Z
2026-05-23T20:18:24Z,2026-05-23T22:18:24+0200,ff0858ab-4740-4bdb-8b96-9805455abf18,2026-05-12T11:30:00Z,2026-05-12T13:30:00+0200,2192.91,MW,FR,FR,actual_onshore_wind_generation,Wind Onshore,2026-05-23T20:18:59Z
2026-05-23T20:18:24Z,2026-05-23T22:18:24+0200,ff0858ab-4740-4bdb-8b96-9805455abf18,2026-05-12T11:45:00Z,2026-05-12T13:45:00+0200,2312.91,MW,FR,FR,actual_onshore_wind_generation,Wind Onshore,2026-05-23T20:18:59Z
2026-05-23T20:18:24Z,2026-05-23T22:18:24+0200,ff0858ab-4740-4bdb-8b96-9805455abf18,2026-05-12T12:00:00Z,2026-05-12T14:00:00+0200,2385.29,MW,FR,FR,actual_onshore_wind_generation,Wind Onshore,2026-05-23T20:18:59Z
2026-05-23T20:18:24Z,2026-05-23T22:18:24+0200,ff0858ab-4740-4bdb-8b96-9805455abf18,2026-05-12T12:15:00Z,2026-05-12T14:15:00+0200,2466.23,MW,FR,FR,actual_onshore_wind_generation,Wind Onshore,2026-05-23T20:18:59Z
2026-05-23T20:18:24Z,2026-05-23T22:18:24+0200,ff0858ab-4740-4bdb-8b96-9805455abf18,2026-05-12T12:30:00Z,2026-05-12T14:30:00+0200,2548.93,MW,FR,FR,actual_onshore_wind_generation,Wind Onshore,2026-05-23T20:18:59Z
2026-05-23T20:18:24Z,2026-05-23T22:18:24+0200,ff0858ab-4740-4bdb-8b96-9805455abf18,2026-05-12T12:45:00Z,2026-05-12T14:45:00+0200,2653.98,MW,FR,FR,actual_onshore_wind_generation,Wind Onshore,2026-05-23T20:18:59Z
2026-05-23T20:18:24Z,2026-05-23T22:18:24+0200,ff0858ab-4740-4bdb-8b96-9805455abf18,2026-05-12T13:00:00Z,2026-05-12T15:00:00+0200,2765.3,MW,FR,FR,actual_onshore_wind_generation,Wind Onshore,2026-05-23T20:18:59Z
2026-05-23T20:18:24Z,2026-05-23T22:18:24+0200,ff0858ab-4740-4bdb-8b96-9805455abf18,2026-05-12T13:15:00Z,2026-05-12T15:15:00+0200,2833.5,MW,FR,FR,actual_onshore_wind_generation,Wind Onshore,2026-05-23T20:18:59Z
2026-05-23T20:18:24Z,2026-05-23T22:18:24+0200,ff0858ab-4740-4bdb-8b96-9805455abf18,2026-05-12T13:30:00Z,2026-05-12T15:30:00+0200,2973.69,MW,FR,FR,actual_onshore_wind_generation,Wind Onshore,2026-05-23T20:18:59Z
2026-05-23T20:18:24Z,2026-05-23T22:18:24+0200,ff0858ab-4740-4bdb-8b96-9805455abf18,2026-05-12T13:45:00Z,2026-05-12T15:45:00+0200,3155.02,MW,FR,FR,actual_onshore_wind_generation,Wind Onshore,2026-05-23T20:18:59Z
2026-05-23T20:18:24Z,2026-05-23T22:18:24+0200,ff0858ab-4740-4bdb-8b96-9805455abf18,2026-05-12T14:00:00Z,2026-05-12T16:00:00+0200,3270.11,MW,FR,FR,actual_onshore_wind_generation,Wind Onshore,2026-05-23T20:18:59Z
2026-05-23T20:18:24Z,2026-05-23T22:18:24+0200,ff0858ab-4740-4bdb-8b96-9805455abf18,2026-05-12T14:15:00Z,2026-05-12T16:15:00+0200,3380.31,MW,FR,FR,actual_onshore_wind_generation,Wind Onshore,2026-05-23T20:18:59Z
2026-05-23T20:18:24Z,2026-05-23T22:18:24+0200,ff0858ab-4740-4bdb-8b96-9805455abf18,2026-05-12T14:30:00Z,2026-05-12T16:30:00+0200,3424.61,MW,FR,FR,actual_onshore_wind_generation,Wind Onshore,2026-05-23T20:18:59Z
2026-05-23T20:18:24Z,2026-05-23T22:18:24+0200,ff0858ab-4740-4bdb-8b96-9805455abf18,2026-05-12T14:45:00Z,2026-05-12T16:45:00+0200,3543.41,MW,FR,FR,actual_onshore_wind_generation,Wind Onshore,2026-05-23T20:18:59Z
2026-05-23T20:18:24Z,2026-05-23T22:18:24+0200,ff0858ab-4740-4bdb-8b96-9805455abf18,2026-05-12T15:00:00Z,2026-05-12T17:00:00+0200,3605.04,MW,FR,FR,actual_onshore_wind_generation,Wind Onshore,2026-05-23T20:18:59Z
2026-05-23T20:18:24Z,2026-05-23T22:18:24+0200,ff0858ab-4740-4bdb-8b96-9805455abf18,2026-05-12T15:15:00Z,2026-05-12T17:15:00+0200,3635.27,MW,FR,FR,actual_onshore_wind_generation,Wind Onshore,2026-05-23T20:18:59Z
2026-05-23T20:18:24Z,2026-05-23T22:18:24+0200,ff0858ab-4740-4bdb-8b96-9805455abf18,2026-05-12T15:30:00Z,2026-05-12T17:30:00+0200,3613.43,MW,FR,FR,actual_onshore_wind_generation,Wind Onshore,2026-05-23T20:18:59Z
2026-05-23T20:18:24Z,2026-05-23T22:18:24+0200,ff0858ab-4740-4bdb-8b96-9805455abf18,2026-05-12T15:45:00Z,2026-05-12T17:45:00+0200,3656.57,MW,FR,FR,actual_onshore_wind_generation,Wind Onshore,2026-05-23T20:18:59Z
2026-05-23T20:18:24Z,2026-05-23T22:18:24+0200,ff0858ab-4740-4bdb-8b96-9805455abf18,2026-05-12T16:00:00Z,2026-05-12T18:00:00+0200,3735.93,MW,FR,FR,actual_onshore_wind_generation,Wind Onshore,2026-05-23T20:18:59Z
2026-05-23T20:18:24Z,2026-05-23T22:18:24+0200,ff0858ab-4740-4bdb-8b96-9805455abf18,2026-05-12T16:15:00Z,2026-05-12T18:15:00+0200,3689.16,MW,FR,FR,actual_onshore_wind_generation,Wind Onshore,2026-05-23T20:18:59Z
2026-05-23T20:18:24Z,2026-05-23T22:18:24+0200,ff0858ab-4740-4bdb-8b96-9805455abf18,2026-05-12T16:30:00Z,2026-05-12T18:30:00+0200,3709.54,MW,FR,FR,actual_onshore_wind_generation,Wind Onshore,2026-05-23T20:18:59Z
2026-05-23T20:18:24Z,2026-05-23T22:18:24+0200,ff0858ab-4740-4bdb-8b96-9805455abf18,2026-05-12T16:45:00Z,2026-05-12T18:45:00+0200,3616.14,MW,FR,FR,actual_onshore_wind_generation,Wind Onshore,2026-05-23T20:18:59Z
2026-05-23T20:18:24Z,2026-05-23T22:18:24+0200,ff0858ab-4740-4bdb-8b96-9805455abf18,2026-05-12T17:00:00Z,2026-05-12T19:00:00+0200,3582.76,MW,FR,FR,actual_onshore_wind_generation,Wind Onshore,2026-05-23T20:18:59Z
2026-05-23T20:18:24Z,2026-05-23T22:18:24+0200,ff0858ab-4740-4bdb-8b96-9805455abf18,2026-05-12T17:15:00Z,2026-05-12T19:15:00+0200,3520.81,MW,FR,FR,actual_onshore_wind_generation,Wind Onshore,2026-05-23T20:18:59Z
2026-05-23T20:18:24Z,2026-05-23T22:18:24+0200,ff0858ab-4740-4bdb-8b96-9805455abf18,2026-05-12T17:30:00Z,2026-05-12T19:30:00+0200,3449.93,MW,FR,FR,actual_onshore_wind_generation,Wind Onshore,2026-05-23T20:18:59Z
2026-05-23T20:18:24Z,2026-05-23T22:18:24+0200,ff0858ab-4740-4bdb-8b96-9805455abf18,2026-05-12T17:45:00Z,2026-05-12T19:45:00+0200,3340.65,MW,FR,FR,actual_onshore_wind_generation,Wind Onshore,2026-05-23T20:18:59Z
2026-05-23T20:18:24Z,2026-05-23T22:18:24+0200,ff0858ab-4740-4bdb-8b96-9805455abf18,2026-05-12T18:00:00Z,2026-05-12T20:00:00+0200,3253.08,MW,FR,FR,actual_onshore_wind_generation,Wind Onshore,2026-05-23T20:18:59Z
2026-05-23T20:18:24Z,2026-05-23T22:18:24+0200,ff0858ab-4740-4bdb-8b96-9805455abf18,2026-05-12T18:15:00Z,2026-05-12T20:15:00+0200,3164.59,MW,FR,FR,actual_onshore_wind_generation,Wind Onshore,2026-05-23T20:18:59Z
2026-05-23T20:18:24Z,2026-05-23T22:18:24+0200,ff0858ab-4740-4bdb-8b96-9805455abf18,2026-05-12T18:30:00Z,2026-05-12T20:30:00+0200,3107.45,MW,FR,FR,actual_onshore_wind_generation,Wind Onshore,2026-05-23T20:18:59Z
2026-05-23T20:18:24Z,2026-05-23T22:18:24+0200,ff0858ab-4740-4bdb-8b96-9805455abf18,2026-05-12T18:45:00Z,2026-05-12T20:45:00+0200,3089.15,MW,FR,FR,actual_onshore_wind_generation,Wind Onshore,2026-05-23T20:18:59Z
2026-05-23T20:18:24Z,2026-05-23T22:18:24+0200,ff0858ab-4740-4bdb-8b96-9805455abf18,2026-05-12T19:00:00Z,2026-05-12T21:00:00+0200,3208.42,MW,FR,FR,actual_onshore_wind_generation,Wind Onshore,2026-05-23T20:18:59Z
2026-05-23T20:18:24Z,2026-05-23T22:18:24+0200,ff0858ab-4740-4bdb-8b96-9805455abf18,2026-05-12T19:15:00Z,2026-05-12T21:15:00+0200,3324.76,MW,FR,FR,actual_onshore_wind_generation,Wind Onshore,2026-05-23T20:18:59Z
2026-05-23T20:18:24Z,2026-05-23T22:18:24+0200,ff0858ab-4740-4bdb-8b96-9805455abf18,2026-05-12T19:30:00Z,2026-05-12T21:30:00+0200,3431.62,MW,FR,FR,actual_onshore_wind_generation,Wind Onshore,2026-05-23T20:18:59Z
2026-05-23T20:18:24Z,2026-05-23T22:18:24+0200,ff0858ab-4740-4bdb-8b96-9805455abf18,2026-05-12T19:45:00Z,2026-05-12T21:45:00+0200,3535.5,MW,FR,FR,actual_onshore_wind_generation,Wind Onshore,2026-05-23T20:18:59Z
2026-05-23T20:18:24Z,2026-05-23T22:18:24+0200,ff0858ab-4740-4bdb-8b96-9805455abf18,2026-05-12T20:00:00Z,2026-05-12T22:00:00+0200,3633.52,MW,FR,FR,actual_onshore_wind_generation,Wind Onshore,2026-05-23T20:18:59Z
2026-05-23T20:18:24Z,2026-05-23T22:18:24+0200,ff0858ab-4740-4bdb-8b96-9805455abf18,2026-05-12T20:15:00Z,2026-05-12T22:15:00+0200,3772.92,MW,FR,FR,actual_onshore_wind_generation,Wind Onshore,2026-05-23T20:18:59Z
2026-05-23T20:18:24Z,2026-05-23T22:18:24+0200,ff0858ab-4740-4bdb-8b96-9805455abf18,2026-05-12T20:30:00Z,2026-05-12T22:30:00+0200,3911.85,MW,FR,FR,actual_onshore_wind_generation,Wind Onshore,2026-05-23T20:18:59Z
2026-05-23T20:18:24Z,2026-05-23T22:18:24+0200,ff0858ab-4740-4bdb-8b96-9805455abf18,2026-05-12T20:45:00Z,2026-05-12T22:45:00+0200,4049.49,MW,FR,FR,actual_onshore_wind_generation,Wind Onshore,2026-05-23T20:18:59Z
2026-05-23T20:18:24Z,2026-05-23T22:18:24+0200,ff0858ab-4740-4bdb-8b96-9805455abf18,2026-05-12T21:00:00Z,2026-05-12T23:00:00+0200,4118.1,MW,FR,FR,actual_onshore_wind_generation,Wind Onshore,2026-05-23T20:18:59Z
2026-05-23T20:18:24Z,2026-05-23T22:18:24+0200,ff0858ab-4740-4bdb-8b96-9805455abf18,2026-05-12T21:15:00Z,2026-05-12T23:15:00+0200,4168.4,MW,FR,FR,actual_onshore_wind_generation,Wind Onshore,2026-05-23T20:18:59Z
2026-05-23T20:18:24Z,2026-05-23T22:18:24+0200,ff0858ab-4740-4bdb-8b96-9805455abf18,2026-05-12T21:30:00Z,2026-05-12T23:30:00+0200,4227.26,MW,FR,FR,actual_onshore_wind_generation,Wind Onshore,2026-05-23T20:18:59Z
2026-05-23T20:18:24Z,2026-05-23T22:18:24+0200,ff0858ab-4740-4bdb-8b96-9805455abf18,2026-05-12T21:45:00Z,2026-05-12T23:45:00+0200,4407.91,MW,FR,FR,actual_onshore_wind_generation,Wind Onshore,2026-05-23T20:18:59Z
2026-05-23T20:18:24Z,2026-05-23T22:18:24+0200,ff0858ab-4740-4bdb-8b96-9805455abf18,2026-05-12T22:00:00Z,2026-05-13T00:00:00+0200,4545.16,MW,FR,FR,actual_onshore_wind_generation,Wind Onshore,2026-05-23T20:18:59Z
2026-05-23T20:18:24Z,2026-05-23T22:18:24+0200,ff0858ab-4740-4bdb-8b96-9805455abf18,2026-05-12T22:15:00Z,2026-05-13T00:15:00+0200,4579.4,MW,FR,FR,actual_onshore_wind_generation,Wind Onshore,2026-05-23T20:18:59Z
2026-05-23T20:18:24Z,2026-05-23T22:18:24+0200,ff0858ab-4740-4bdb-8b96-9805455abf18,2026-05-12T22:30:00Z,2026-05-13T00:30:00+0200,4602.32,MW,FR,FR,actual_onshore_wind_generation,Wind Onshore,2026-05-23T20:18:59Z
2026-05-23T20:18:24Z,2026-05-23T22:18:24+0200,ff0858ab-4740-4bdb-8b96-9805455abf18,2026-05-12T22:45:00Z,2026-05-13T00:45:00+0200,4672.87,MW,FR,FR,actual_onshore_wind_generation,Wind Onshore,2026-05-23T20:18:59Z
2026-05-23T20:18:24Z,2026-05-23T22:18:24+0200,ff0858ab-4740-4bdb-8b96-9805455abf18,2026-05-12T23:00:00Z,2026-05-13T01:00:00+0200,4746.35,MW,FR,FR,actual_onshore_wind_generation,Wind Onshore,2026-05-23T20:18:59Z
2026-05-23T20:18:24Z,2026-05-23T22:18:24+0200,ff0858ab-4740-4bdb-8b96-9805455abf18,2026-05-12T23:15:00Z,2026-05-13T01:15:00+0200,4891.94,MW,FR,FR,actual_onshore_wind_generation,Wind Onshore,2026-05-23T20:18:59Z
2026-05-23T20:18:24Z,2026-05-23T22:18:24+0200,ff0858ab-4740-4bdb-8b96-9805455abf18,2026-05-12T23:30:00Z,2026-05-13T01:30:00+0200,5026.92,MW,FR,FR,actual_onshore_wind_generation,Wind Onshore,2026-05-23T20:18:59Z
2026-05-23T20:18:24Z,2026-05-23T22:18:24+0200,ff0858ab-4740-4bdb-8b96-9805455abf18,2026-05-12T23:45:00Z,2026-05-13T01:45:00+0200,5074.25,MW,FR,FR,actual_onshore_wind_generation,Wind Onshore,2026-05-23T20:18:59Z
2026-05-23T20:18:24Z,2026-05-23T22:18:24+0200,ff0858ab-4740-4bdb-8b96-9805455abf18,2026-05-13T00:00:00Z,2026-05-13T02:00:00+0200,5048.34,MW,FR,FR,actual_onshore_wind_generation,Wind Onshore,2026-05-23T20:18:59Z
2026-05-23T20:18:24Z,2026-05-23T22:18:24+0200,ff0858ab-4740-4bdb-8b96-9805455abf18,2026-05-13T00:15:00Z,2026-05-13T02:15:00+0200,5068.3,MW,FR,FR,actual_onshore_wind_generation,Wind Onshore,2026-05-23T20:18:59Z
2026-05-23T20:18:24Z,2026-05-23T22:18:24+0200,ff0858ab-4740-4bdb-8b96-9805455abf18,2026-05-13T00:30:00Z,2026-05-13T02:30:00+0200,5007.74,MW,FR,FR,actual_onshore_wind_generation,Wind Onshore,2026-05-23T20:18:59Z
2026-05-23T20:18:24Z,2026-05-23T22:18:24+0200,ff0858ab-4740-4bdb-8b96-9805455abf18,2026-05-13T00:45:00Z,2026-05-13T02:45:00+0200,4971.28,MW,FR,FR,actual_onshore_wind_generation,Wind Onshore,2026-05-23T20:18:59Z
2026-05-23T20:18:24Z,2026-05-23T22:18:24+0200,ff0858ab-4740-4bdb-8b96-9805455abf18,2026-05-13T01:00:00Z,2026-05-13T03:00:00+0200,4978.66,MW,FR,FR,actual_onshore_wind_generation,Wind Onshore,2026-05-23T20:18:59Z
2026-05-23T20:18:24Z,2026-05-23T22:18:24+0200,ff0858ab-4740-4bdb-8b96-9805455abf18,2026-05-13T01:15:00Z,2026-05-13T03:15:00+0200,4992.94,MW,FR,FR,actual_onshore_wind_generation,Wind Onshore,2026-05-23T20:18:59Z
2026-05-23T20:18:24Z,2026-05-23T22:18:24+0200,ff0858ab-4740-4bdb-8b96-9805455abf18,2026-05-13T01:30:00Z,2026-05-13T03:30:00+0200,4971.08,MW,FR,FR,actual_onshore_wind_generation,Wind Onshore,2026-05-23T20:18:59Z
2026-05-23T20:18:24Z,2026-05-23T22:18:24+0200,ff0858ab-4740-4bdb-8b96-9805455abf18,2026-05-13T01:45:00Z,2026-05-13T03:45:00+0200,4951.0,MW,FR,FR,actual_onshore_wind_generation,Wind Onshore,2026-05-23T20:18:59Z
2026-05-23T20:18:24Z,2026-05-23T22:18:24+0200,ff0858ab-4740-4bdb-8b96-9805455abf18,2026-05-13T02:00:00Z,2026-05-13T04:00:00+0200,4891.78,MW,FR,FR,actual_onshore_wind_generation,Wind Onshore,2026-05-23T20:18:59Z
2026-05-23T20:18:24Z,2026-05-23T22:18:24+0200,ff0858ab-4740-4bdb-8b96-9805455abf18,2026-05-13T02:15:00Z,2026-05-13T04:15:00+0200,4917.5,MW,FR,FR,actual_onshore_wind_generation,Wind Onshore,2026-05-23T20:18:59Z
2026-05-23T20:18:24Z,2026-05-23T22:18:24+0200,ff0858ab-4740-4bdb-8b96-9805455abf18,2026-05-13T02:30:00Z,2026-05-13T04:30:00+0200,4967.39,MW,FR,FR,actual_onshore_wind_generation,Wind Onshore,2026-05-23T20:18:59Z
2026-05-23T20:18:24Z,2026-05-23T22:18:24+0200,ff0858ab-4740-4bdb-8b96-9805455abf18,2026-05-13T02:45:00Z,2026-05-13T04:45:00+0200,4998.88,MW,FR,FR,actual_onshore_wind_generation,Wind Onshore,2026-05-23T20:18:59Z
2026-05-23T20:18:24Z,2026-05-23T22:18:24+0200,ff0858ab-4740-4bdb-8b96-9805455abf18,2026-05-13T03:00:00Z,2026-05-13T05:00:00+0200,4982.21,MW,FR,FR,actual_onshore_wind_generation,Wind Onshore,2026-05-23T20:18:59Z
2026-05-23T20:18:24Z,2026-05-23T22:18:24+0200,ff0858ab-4740-4bdb-8b96-9805455abf18,2026-05-13T03:15:00Z,2026-05-13T05:15:00+0200,4939.53,MW,FR,FR,actual_onshore_wind_generation,Wind Onshore,2026-05-23T20:18:59Z
2026-05-23T20:18:24Z,2026-05-23T22:18:24+0200,ff0858ab-4740-4bdb-8b96-9805455abf18,2026-05-13T03:30:00Z,2026-05-13T05:30:00+0200,5102.04,MW,FR,FR,actual_onshore_wind_generation,Wind Onshore,2026-05-23T20:18:59Z
2026-05-23T20:18:24Z,2026-05-23T22:18:24+0200,ff0858ab-4740-4bdb-8b96-9805455abf18,2026-05-13T03:45:00Z,2026-05-13T05:45:00+0200,5204.84,MW,FR,FR,actual_onshore_wind_generation,Wind Onshore,2026-05-23T20:18:59Z
2026-05-23T20:18:24Z,2026-05-23T22:18:24+0200,ff0858ab-4740-4bdb-8b96-9805455abf18,2026-05-13T04:00:00Z,2026-05-13T06:00:00+0200,5253.35,MW,FR,FR,actual_onshore_wind_generation,Wind Onshore,2026-05-23T20:18:59Z
2026-05-23T20:18:24Z,2026-05-23T22:18:24+0200,ff0858ab-4740-4bdb-8b96-9805455abf18,2026-05-13T04:15:00Z,2026-05-13T06:15:00+0200,5369.86,MW,FR,FR,actual_onshore_wind_generation,Wind Onshore,2026-05-23T20:18:59Z
2026-05-23T20:18:24Z,2026-05-23T22:18:24+0200,ff0858ab-4740-4bdb-8b96-9805455abf18,2026-05-13T04:30:00Z,2026-05-13T06:30:00+0200,5450.94,MW,FR,FR,actual_onshore_wind_generation,Wind Onshore,2026-05-23T20:18:59Z
2026-05-23T20:18:24Z,2026-05-23T22:18:24+0200,ff0858ab-4740-4bdb-8b96-9805455abf18,2026-05-13T04:45:00Z,2026-05-13T06:45:00+0200,5462.11,MW,FR,FR,actual_onshore_wind_generation,Wind Onshore,2026-05-23T20:18:59Z
2026-05-23T20:18:24Z,2026-05-23T22:18:24+0200,ff0858ab-4740-4bdb-8b96-9805455abf18,2026-05-13T05:00:00Z,2026-05-13T07:00:00+0200,5566.88,MW,FR,FR,actual_onshore_wind_generation,Wind Onshore,2026-05-23T20:18:59Z
2026-05-23T20:18:24Z,2026-05-23T22:18:24+0200,ff0858ab-4740-4bdb-8b96-9805455abf18,2026-05-13T05:15:00Z,2026-05-13T07:15:00+0200,5571.02,MW,FR,FR,actual_onshore_wind_generation,Wind Onshore,2026-05-23T20:18:59Z
2026-05-23T20:18:24Z,2026-05-23T22:18:24+0200,ff0858ab-4740-4bdb-8b96-9805455abf18,2026-05-13T05:30:00Z,2026-05-13T07:30:00+0200,5504.23,MW,FR,FR,actual_onshore_wind_generation,Wind Onshore,2026-05-23T20:18:59Z
2026-05-23T20:18:24Z,2026-05-23T22:18:24+0200,ff0858ab-4740-4bdb-8b96-9805455abf18,2026-05-13T05:45:00Z,2026-05-13T07:45:00+0200,5455.4,MW,FR,FR,actual_onshore_wind_generation,Wind Onshore,2026-05-23T20:18:59Z
2026-05-23T20:18:24Z,2026-05-23T22:18:24+0200,ff0858ab-4740-4bdb-8b96-9805455abf18,2026-05-13T06:00:00Z,2026-05-13T08:00:00+0200,5389.74,MW,FR,FR,actual_onshore_wind_generation,Wind Onshore,2026-05-23T20:18:59Z
2026-05-23T20:18:24Z,2026-05-23T22:18:24+0200,ff0858ab-4740-4bdb-8b96-9805455abf18,2026-05-13T06:15:00Z,2026-05-13T08:15:00+0200,5407.02,MW,FR,FR,actual_onshore_wind_generation,Wind Onshore,2026-05-23T20:18:59Z
2026-05-23T20:18:24Z,2026-05-23T22:18:24+0200,ff0858ab-4740-4bdb-8b96-9805455abf18,2026-05-13T06:30:00Z,2026-05-13T08:30:00+0200,5576.97,MW,FR,FR,actual_onshore_wind_generation,Wind Onshore,2026-05-23T20:18:59Z
2026-05-23T20:18:24Z,2026-05-23T22:18:24+0200,ff0858ab-4740-4bdb-8b96-9805455abf18,2026-05-13T06:45:00Z,2026-05-13T08:45:00+0200,5811.25,MW,FR,FR,actual_onshore_wind_generation,Wind Onshore,2026-05-23T20:18:59Z
2026-05-23T20:18:24Z,2026-05-23T22:18:24+0200,ff0858ab-4740-4bdb-8b96-9805455abf18,2026-05-13T07:00:00Z,2026-05-13T09:00:00+0200,6237.47,MW,FR,FR,actual_onshore_wind_generation,Wind Onshore,2026-05-23T20:18:59Z
2026-05-23T20:18:24Z,2026-05-23T22:18:24+0200,ff0858ab-4740-4bdb-8b96-9805455abf18,2026-05-13T07:15:00Z,2026-05-13T09:15:00+0200,6860.18,MW,FR,FR,actual_onshore_wind_generation,Wind Onshore,2026-05-23T20:18:59Z
2026-05-23T20:18:24Z,2026-05-23T22:18:24+0200,ff0858ab-4740-4bdb-8b96-9805455abf18,2026-05-13T07:30:00Z,2026-05-13T09:30:00+0200,7349.83,MW,FR,FR,actual_onshore_wind_generation,Wind Onshore,2026-05-23T20:18:59Z
2026-05-23T20:18:24Z,2026-05-23T22:18:24+0200,ff0858ab-4740-4bdb-8b96-9805455abf18,2026-05-13T07:45:00Z,2026-05-13T09:45:00+0200,7734.34,MW,FR,FR,actual_onshore_wind_generation,Wind Onshore,2026-05-23T20:18:59Z
2026-05-23T20:18:24Z,2026-05-23T22:18:24+0200,ff0858ab-4740-4bdb-8b96-9805455abf18,2026-05-13T08:00:00Z,2026-05-13T10:00:00+0200,8213.5,MW,FR,FR,actual_onshore_wind_generation,Wind Onshore,2026-05-23T20:18:59Z
2026-05-23T20:18:24Z,2026-05-23T22:18:24+0200,ff0858ab-4740-4bdb-8b96-9805455abf18,2026-05-13T08:15:00Z,2026-05-13T10:15:00+0200,8190.44,MW,FR,FR,actual_onshore_wind_generation,Wind Onshore,2026-05-23T20:18:59Z
2026-05-23T20:18:24Z,2026-05-23T22:18:24+0200,ff0858ab-4740-4bdb-8b96-9805455abf18,2026-05-13T08:30:00Z,2026-05-13T10:30:00+0200,6596.69,MW,FR,FR,actual_onshore_wind_generation,Wind Onshore,2026-05-23T20:18:59Z
2026-05-23T20:18:24Z,2026-05-23T22:18:24+0200,ff0858ab-4740-4bdb-8b96-9805455abf18,2026-05-13T08:45:00Z,2026-05-13T10:45:00+0200,6883.73,MW,FR,FR,actual_onshore_wind_generation,Wind Onshore,2026-05-23T20:18:59Z
2026-05-23T20:18:24Z,2026-05-23T22:18:24+0200,ff0858ab-4740-4bdb-8b96-9805455abf18,2026-05-13T09:00:00Z,2026-05-13T11:00:00+0200,7267.82,MW,FR,FR,actual_onshore_wind_generation,Wind Onshore,2026-05-23T20:18:59Z
2026-05-23T20:18:24Z,2026-05-23T22:18:24+0200,ff0858ab-4740-4bdb-8b96-9805455abf18,2026-05-13T09:15:00Z,2026-05-13T11:15:00+0200,7563.78,MW,FR,FR,actual_onshore_wind_generation,Wind Onshore,2026-05-23T20:18:59Z
2026-05-23T20:18:24Z,2026-05-23T22:18:24+0200,ff0858ab-4740-4bdb-8b96-9805455abf18,2026-05-13T09:30:00Z,2026-05-13T11:30:00+0200,7907.52,MW,FR,FR,actual_onshore_wind_generation,Wind Onshore,2026-05-23T20:18:59Z
2026-05-23T20:18:24Z,2026-05-23T22:18:24+0200,ff0858ab-4740-4bdb-8b96-9805455abf18,2026-05-13T09:45:00Z,2026-05-13T11:45:00+0200,7991.96,MW,FR,FR,actual_onshore_wind_generation,Wind Onshore,2026-05-23T20:18:59Z
2026-05-23T20:18:24Z,2026-05-23T22:18:24+0200,ff0858ab-4740-4bdb-8b96-9805455abf18,2026-05-13T10:00:00Z,2026-05-13T12:00:00+0200,8360.55,MW,FR,FR,actual_onshore_wind_generation,Wind Onshore,2026-05-23T20:18:59Z
2026-05-23T20:18:24Z,2026-05-23T22:18:24+0200,ff0858ab-4740-4bdb-8b96-9805455abf18,2026-05-13T10:15:00Z,2026-05-13T12:15:00+0200,8557.73,MW,FR,FR,actual_onshore_wind_generation,Wind Onshore,2026-05-23T20:18:59Z
2026-05-23T20:18:24Z,2026-05-23T22:18:24+0200,ff0858ab-4740-4bdb-8b96-9805455abf18,2026-05-13T10:30:00Z,2026-05-13T12:30:00+0200,8714.67,MW,FR,FR,actual_onshore_wind_generation,Wind Onshore,2026-05-23T20:18:59Z
2026-05-23T20:18:24Z,2026-05-23T22:18:24+0200,ff0858ab-4740-4bdb-8b96-9805455abf18,2026-05-13T10:45:00Z,2026-05-13T12:45:00+0200,8833.09,MW,FR,FR,actual_onshore_wind_generation,Wind Onshore,2026-05-23T20:18:59Z
2026-05-23T20:18:24Z,2026-05-23T22:18:24+0200,ff0858ab-4740-4bdb-8b96-9805455abf18,2026-05-13T11:00:00Z,2026-05-13T13:00:00+0200,8893.12,MW,FR,FR,actual_onshore_wind_generation,Wind Onshore,2026-05-23T20:18:59Z
2026-05-23T20:18:24Z,2026-05-23T22:18:24+0200,ff0858ab-4740-4bdb-8b96-9805455abf18,2026-05-13T11:15:00Z,2026-05-13T13:15:00+0200,9041.87,MW,FR,FR,actual_onshore_wind_generation,Wind Onshore,2026-05-23T20:18:59Z
2026-05-23T20:18:24Z,2026-05-23T22:18:24+0200,ff0858ab-4740-4bdb-8b96-9805455abf18,2026-05-13T11:30:00Z,2026-05-13T13:30:00+0200,9043.16,MW,FR,FR,actual_onshore_wind_generation,Wind Onshore,2026-05-23T20:18:59Z
2026-05-23T20:18:24Z,2026-05-23T22:18:24+0200,ff0858ab-4740-4bdb-8b96-9805455abf18,2026-05-13T11:45:00Z,2026-05-13T13:45:00+0200,9083.57,MW,FR,FR,actual_onshore_wind_generation,Wind Onshore,2026-05-23T20:18:59Z
2026-05-23T20:18:24Z,2026-05-23T22:18:24+0200,ff0858ab-4740-4bdb-8b96-9805455abf18,2026-05-13T12:00:00Z,2026-05-13T14:00:00+0200,9160.03,MW,FR,FR,actual_onshore_wind_generation,Wind Onshore,2026-05-23T20:18:59Z
2026-05-23T20:18:24Z,2026-05-23T22:18:24+0200,ff0858ab-4740-4bdb-8b96-9805455abf18,2026-05-13T12:15:00Z,2026-05-13T14:15:00+0200,9323.62,MW,FR,FR,actual_onshore_wind_generation,Wind Onshore,2026-05-23T20:18:59Z
2026-05-23T20:18:24Z,2026-05-23T22:18:24+0200,ff0858ab-4740-4bdb-8b96-9805455abf18,2026-05-13T12:30:00Z,2026-05-13T14:30:00+0200,9363.02,MW,FR,FR,actual_onshore_wind_generation,Wind Onshore,2026-05-23T20:18:59Z
2026-05-23T20:18:24Z,2026-05-23T22:18:24+0200,ff0858ab-4740-4bdb-8b96-9805455abf18,2026-05-13T12:45:00Z,2026-05-13T14:45:00+0200,9406.67,MW,FR,FR,actual_onshore_wind_generation,Wind Onshore,2026-05-23T20:18:59Z
2026-05-23T20:18:24Z,2026-05-23T22:18:24+0200,ff0858ab-4740-4bdb-8b96-9805455abf18,2026-05-13T13:00:00Z,2026-05-13T15:00:00+0200,9501.66,MW,FR,FR,actual_onshore_wind_generation,Wind Onshore,2026-05-23T20:18:59Z
2026-05-23T20:18:24Z,2026-05-23T22:18:24+0200,ff0858ab-4740-4bdb-8b96-9805455abf18,2026-05-13T13:15:00Z,2026-05-13T15:15:00+0200,9703.84,MW,FR,FR,actual_onshore_wind_generation,Wind Onshore,2026-05-23T20:18:59Z
2026-05-23T20:18:24Z,2026-05-23T22:18:24+0200,ff0858ab-4740-4bdb-8b96-9805455abf18,2026-05-13T13:30:00Z,2026-05-13T15:30:00+0200,9550.9,MW,FR,FR,actual_onshore_wind_generation,Wind Onshore,2026-05-23T20:18:59Z
2026-05-23T20:18:24Z,2026-05-23T22:18:24+0200,ff0858ab-4740-4bdb-8b96-9805455abf18,2026-05-13T13:45:00Z,2026-05-13T15:45:00+0200,9437.62,MW,FR,FR,actual_onshore_wind_generation,Wind Onshore,2026-05-23T20:18:59Z
2026-05-23T20:18:24Z,2026-05-23T22:18:24+0200,ff0858ab-4740-4bdb-8b96-9805455abf18,2026-05-13T14:00:00Z,2026-05-13T16:00:00+0200,9298.2,MW,FR,FR,actual_onshore_wind_generation,Wind Onshore,2026-05-23T20:18:59Z
2026-05-23T20:18:24Z,2026-05-23T22:18:24+0200,ff0858ab-4740-4bdb-8b96-9805455abf18,2026-05-13T14:15:00Z,2026-05-13T16:15:00+0200,9189.13,MW,FR,FR,actual_onshore_wind_generation,Wind Onshore,2026-05-23T20:18:59Z
2026-05-23T20:18:24Z,2026-05-23T22:18:24+0200,ff0858ab-4740-4bdb-8b96-9805455abf18,2026-05-13T14:30:00Z,2026-05-13T16:30:00+0200,9031.02,MW,FR,FR,actual_onshore_wind_generation,Wind Onshore,2026-05-23T20:18:59Z
2026-05-23T20:18:24Z,2026-05-23T22:18:24+0200,ff0858ab-4740-4bdb-8b96-9805455abf18,2026-05-13T14:45:00Z,2026-05-13T16:45:00+0200,8926.21,MW,FR,FR,actual_onshore_wind_generation,Wind Onshore,2026-05-23T20:18:59Z
2026-05-23T20:18:24Z,2026-05-23T22:18:24+0200,ff0858ab-4740-4bdb-8b96-9805455abf18,2026-05-13T15:00:00Z,2026-05-13T17:00:00+0200,9176.45,MW,FR,FR,actual_onshore_wind_generation,Wind Onshore,2026-05-23T20:18:59Z
2026-05-23T20:18:24Z,2026-05-23T22:18:24+0200,ff0858ab-4740-4bdb-8b96-9805455abf18,2026-05-13T15:15:00Z,2026-05-13T17:15:00+0200,9173.34,MW,FR,FR,actual_onshore_wind_generation,Wind Onshore,2026-05-23T20:18:59Z
2026-05-23T20:18:24Z,2026-05-23T22:18:24+0200,ff0858ab-4740-4bdb-8b96-9805455abf18,2026-05-13T15:30:00Z,2026-05-13T17:30:00+0200,9100.06,MW,FR,FR,actual_onshore_wind_generation,Wind Onshore,2026-05-23T20:18:59Z
2026-05-23T20:18:24Z,2026-05-23T22:18:24+0200,ff0858ab-4740-4bdb-8b96-9805455abf18,2026-05-13T15:45:00Z,2026-05-13T17:45:00+0200,9133.44,MW,FR,FR,actual_onshore_wind_generation,Wind Onshore,2026-05-23T20:18:59Z
2026-05-23T20:18:24Z,2026-05-23T22:18:24+0200,ff0858ab-4740-4bdb-8b96-9805455abf18,2026-05-13T16:00:00Z,2026-05-13T18:00:00+0200,12158.14,MW,FR,FR,actual_onshore_wind_generation,Wind Onshore,2026-05-23T20:18:59Z
2026-05-23T20:18:24Z,2026-05-23T22:18:24+0200,ff0858ab-4740-4bdb-8b96-9805455abf18,2026-05-13T16:15:00Z,2026-05-13T18:15:00+0200,13908.31,MW,FR,FR,actual_onshore_wind_generation,Wind Onshore,2026-05-23T20:18:59Z
2026-05-23T20:18:24Z,2026-05-23T22:18:24+0200,ff0858ab-4740-4bdb-8b96-9805455abf18,2026-05-13T16:30:00Z,2026-05-13T18:30:00+0200,13664.84,MW,FR,FR,actual_onshore_wind_generation,Wind Onshore,2026-05-23T20:18:59Z
2026-05-23T20:18:24Z,2026-05-23T22:18:24+0200,ff0858ab-4740-4bdb-8b96-9805455abf18,2026-05-13T16:45:00Z,2026-05-13T18:45:00+0200,13487.43,MW,FR,FR,actual_onshore_wind_generation,Wind Onshore,2026-05-23T20:18:59Z
2026-05-23T20:18:24Z,2026-05-23T22:18:24+0200,ff0858ab-4740-4bdb-8b96-9805455abf18,2026-05-13T17:00:00Z,2026-05-13T19:00:00+0200,13588.39,MW,FR,FR,actual_onshore_wind_generation,Wind Onshore,2026-05-23T20:18:59Z
2026-05-23T20:18:24Z,2026-05-23T22:18:24+0200,ff0858ab-4740-4bdb-8b96-9805455abf18,2026-05-13T17:15:00Z,2026-05-13T19:15:00+0200,13595.71,MW,FR,FR,actual_onshore_wind_generation,Wind Onshore,2026-05-23T20:18:59Z
2026-05-23T20:18:24Z,2026-05-23T22:18:24+0200,ff0858ab-4740-4bdb-8b96-9805455abf18,2026-05-13T17:30:00Z,2026-05-13T19:30:00+0200,13297.64,MW,FR,FR,actual_onshore_wind_generation,Wind Onshore,2026-05-23T20:18:59Z
2026-05-23T20:18:24Z,2026-05-23T22:18:24+0200,ff0858ab-4740-4bdb-8b96-9805455abf18,2026-05-13T17:45:00Z,2026-05-13T19:45:00+0200,13143.07,MW,FR,FR,actual_onshore_wind_generation,Wind Onshore,2026-05-23T20:18:59Z
2026-05-23T20:18:24Z,2026-05-23T22:18:24+0200,ff0858ab-4740-4bdb-8b96-9805455abf18,2026-05-13T18:00:00Z,2026-05-13T20:00:00+0200,12595.6,MW,FR,FR,actual_onshore_wind_generation,Wind Onshore,2026-05-23T20:18:59Z
2026-05-23T20:18:24Z,2026-05-23T22:18:24+0200,ff0858ab-4740-4bdb-8b96-9805455abf18,2026-05-13T18:15:00Z,2026-05-13T20:15:00+0200,12107.54,MW,FR,FR,actual_onshore_wind_generation,Wind Onshore,2026-05-23T20:18:59Z
2026-05-23T20:18:24Z,2026-05-23T22:18:24+0200,ff0858ab-4740-4bdb-8b96-9805455abf18,2026-05-13T18:30:00Z,2026-05-13T20:30:00+0200,11511.5,MW,FR,FR,actual_onshore_wind_generation,Wind Onshore,2026-05-23T20:18:59Z
2026-05-23T20:18:24Z,2026-05-23T22:18:24+0200,ff0858ab-4740-4bdb-8b96-9805455abf18,2026-05-13T18:45:00Z,2026-05-13T20:45:00+0200,10717.94,MW,FR,FR,actual_onshore_wind_generation,Wind Onshore,2026-05-23T20:18:59Z
2026-05-23T20:18:24Z,2026-05-23T22:18:24+0200,ff0858ab-4740-4bdb-8b96-9805455abf18,2026-05-13T19:00:00Z,2026-05-13T21:00:00+0200,10431.68,MW,FR,FR,actual_onshore_wind_generation,Wind Onshore,2026-05-23T20:18:59Z
2026-05-23T20:18:24Z,2026-05-23T22:18:24+0200,ff0858ab-4740-4bdb-8b96-9805455abf18,2026-05-13T19:15:00Z,2026-05-13T21:15:00+0200,10127.81,MW,FR,FR,actual_onshore_wind_generation,Wind Onshore,2026-05-23T20:18:59Z
2026-05-23T20:18:24Z,2026-05-23T22:18:24+0200,ff0858ab-4740-4bdb-8b96-9805455abf18,2026-05-13T19:30:00Z,2026-05-13T21:30:00+0200,10215.04,MW,FR,FR,actual_onshore_wind_generation,Wind Onshore,2026-05-23T20:18:59Z
2026-05-23T20:18:24Z,2026-05-23T22:18:24+0200,ff0858ab-4740-4bdb-8b96-9805455abf18,2026-05-13T19:45:00Z,2026-05-13T21:45:00+0200,10536.4,MW,FR,FR,actual_onshore_wind_generation,Wind Onshore,2026-05-23T20:18:59Z
2026-05-23T20:18:24Z,2026-05-23T22:18:24+0200,ff0858ab-4740-4bdb-8b96-9805455abf18,2026-05-13T20:00:00Z,2026-05-13T22:00:00+0200,10123.13,MW,FR,FR,actual_onshore_wind_generation,Wind Onshore,2026-05-23T20:18:59Z
2026-05-23T20:18:24Z,2026-05-23T22:18:24+0200,ff0858ab-4740-4bdb-8b96-9805455abf18,2026-05-13T20:15:00Z,2026-05-13T22:15:00+0200,9686.83,MW,FR,FR,actual_onshore_wind_generation,Wind Onshore,2026-05-23T20:18:59Z
2026-05-23T20:18:24Z,2026-05-23T22:18:24+0200,ff0858ab-4740-4bdb-8b96-9805455abf18,2026-05-13T20:30:00Z,2026-05-13T22:30:00+0200,9466.96,MW,FR,FR,actual_onshore_wind_generation,Wind Onshore,2026-05-23T20:18:59Z
2026-05-23T20:18:24Z,2026-05-23T22:18:24+0200,ff0858ab-4740-4bdb-8b96-9805455abf18,2026-05-13T20:45:00Z,2026-05-13T22:45:00+0200,9501.5,MW,FR,FR,actual_onshore_wind_generation,Wind Onshore,2026-05-23T20:18:59Z
2026-05-23T20:18:24Z,2026-05-23T22:18:24+0200,ff0858ab-4740-4bdb-8b96-9805455abf18,2026-05-13T21:00:00Z,2026-05-13T23:00:00+0200,9637.71,MW,FR,FR,actual_onshore_wind_generation,Wind Onshore,2026-05-23T20:18:59Z
2026-05-23T20:18:24Z,2026-05-23T22:18:24+0200,ff0858ab-4740-4bdb-8b96-9805455abf18,2026-05-13T21:15:00Z,2026-05-13T23:15:00+0200,9617.93,MW,FR,FR,actual_onshore_wind_generation,Wind Onshore,2026-05-23T20:18:59Z
2026-05-23T20:18:24Z,2026-05-23T22:18:24+0200,ff0858ab-4740-4bdb-8b96-9805455abf18,2026-05-13T21:30:00Z,2026-05-13T23:30:00+0200,9447.55,MW,FR,FR,actual_onshore_wind_generation,Wind Onshore,2026-05-23T20:18:59Z
2026-05-23T20:18:24Z,2026-05-23T22:18:24+0200,ff0858ab-4740-4bdb-8b96-9805455abf18,2026-05-13T21:45:00Z,2026-05-13T23:45:00+0200,9351.67,MW,FR,FR,actual_onshore_wind_generation,Wind Onshore,2026-05-23T20:18:59Z
2026-05-23T20:18:24Z,2026-05-23T22:18:24+0200,ff0858ab-4740-4bdb-8b96-9805455abf18,2026-05-13T22:00:00Z,2026-05-14T00:00:00+0200,9280.41,MW,FR,FR,actual_onshore_wind_generation,Wind Onshore,2026-05-23T20:18:59Z
2026-05-23T20:18:24Z,2026-05-23T22:18:24+0200,ff0858ab-4740-4bdb-8b96-9805455abf18,2026-05-13T22:15:00Z,2026-05-14T00:15:00+0200,9309.69,MW,FR,FR,actual_onshore_wind_generation,Wind Onshore,2026-05-23T20:18:59Z
2026-05-23T20:18:24Z,2026-05-23T22:18:24+0200,ff0858ab-4740-4bdb-8b96-9805455abf18,2026-05-13T22:30:00Z,2026-05-14T00:30:00+0200,9228.59,MW,FR,FR,actual_onshore_wind_generation,Wind Onshore,2026-05-23T20:18:59Z
2026-05-23T20:18:24Z,2026-05-23T22:18:24+0200,ff0858ab-4740-4bdb-8b96-9805455abf18,2026-05-13T22:45:00Z,2026-05-14T00:45:00+0200,9015.04,MW,FR,FR,actual_onshore_wind_generation,Wind Onshore,2026-05-23T20:18:59Z
2026-05-23T20:18:24Z,2026-05-23T22:18:24+0200,ff0858ab-4740-4bdb-8b96-9805455abf18,2026-05-13T23:00:00Z,2026-05-14T01:00:00+0200,9174.4,MW,FR,FR,actual_onshore_wind_generation,Wind Onshore,2026-05-23T20:18:59Z
2026-05-23T20:18:24Z,2026-05-23T22:18:24+0200,ff0858ab-4740-4bdb-8b96-9805455abf18,2026-05-13T23:15:00Z,2026-05-14T01:15:00+0200,9122.73,MW,FR,FR,actual_onshore_wind_generation,Wind Onshore,2026-05-23T20:18:59Z
2026-05-23T20:18:24Z,2026-05-23T22:18:24+0200,ff0858ab-4740-4bdb-8b96-9805455abf18,2026-05-13T23:30:00Z,2026-05-14T01:30:00+0200,8953.58,MW,FR,FR,actual_onshore_wind_generation,Wind Onshore,2026-05-23T20:18:59Z
2026-05-23T20:18:24Z,2026-05-23T22:18:24+0200,ff0858ab-4740-4bdb-8b96-9805455abf18,2026-05-13T23:45:00Z,2026-05-14T01:45:00+0200,9010.76,MW,FR,FR,actual_onshore_wind_generation,Wind Onshore,2026-05-23T20:18:59Z
2026-05-23T20:18:24Z,2026-05-23T22:18:24+0200,ff0858ab-4740-4bdb-8b96-9805455abf18,2026-05-14T00:00:00Z,2026-05-14T02:00:00+0200,8920.18,MW,FR,FR,actual_onshore_wind_generation,Wind Onshore,2026-05-23T20:18:59Z
2026-05-23T20:18:24Z,2026-05-23T22:18:24+0200,ff0858ab-4740-4bdb-8b96-9805455abf18,2026-05-14T00:15:00Z,2026-05-14T02:15:00+0200,8708.52,MW,FR,FR,actual_onshore_wind_generation,Wind Onshore,2026-05-23T20:18:59Z
2026-05-23T20:18:24Z,2026-05-23T22:18:24+0200,ff0858ab-4740-4bdb-8b96-9805455abf18,2026-05-14T00:30:00Z,2026-05-14T02:30:00+0200,8507.33,MW,FR,FR,actual_onshore_wind_generation,Wind Onshore,2026-05-23T20:18:59Z
2026-05-23T20:18:24Z,2026-05-23T22:18:24+0200,ff0858ab-4740-4bdb-8b96-9805455abf18,2026-05-14T00:45:00Z,2026-05-14T02:45:00+0200,8238.05,MW,FR,FR,actual_onshore_wind_generation,Wind Onshore,2026-05-23T20:18:59Z
2026-05-23T20:18:24Z,2026-05-23T22:18:24+0200,ff0858ab-4740-4bdb-8b96-9805455abf18,2026-05-14T01:00:00Z,2026-05-14T03:00:00+0200,8051.4,MW,FR,FR,actual_onshore_wind_generation,Wind Onshore,2026-05-23T20:18:59Z
2026-05-23T20:18:24Z,2026-05-23T22:18:24+0200,ff0858ab-4740-4bdb-8b96-9805455abf18,2026-05-14T01:15:00Z,2026-05-14T03:15:00+0200,7845.98,MW,FR,FR,actual_onshore_wind_generation,Wind Onshore,2026-05-23T20:18:59Z
2026-05-23T20:18:24Z,2026-05-23T22:18:24+0200,ff0858ab-4740-4bdb-8b96-9805455abf18,2026-05-14T01:30:00Z,2026-05-14T03:30:00+0200,7678.78,MW,FR,FR,actual_onshore_wind_generation,Wind Onshore,2026-05-23T20:18:59Z
2026-05-23T20:18:24Z,2026-05-23T22:18:24+0200,ff0858ab-4740-4bdb-8b96-9805455abf18,2026-05-14T01:45:00Z,2026-05-14T03:45:00+0200,7679.08,MW,FR,FR,actual_onshore_wind_generation,Wind Onshore,2026-05-23T20:18:59Z
2026-05-23T20:18:24Z,2026-05-23T22:18:24+0200,ff0858ab-4740-4bdb-8b96-9805455abf18,2026-05-14T02:00:00Z,2026-05-14T04:00:00+0200,7517.03,MW,FR,FR,actual_onshore_wind_generation,Wind Onshore,2026-05-23T20:18:59Z
2026-05-23T20:18:24Z,2026-05-23T22:18:24+0200,ff0858ab-4740-4bdb-8b96-9805455abf18,2026-05-14T02:15:00Z,2026-05-14T04:15:00+0200,7429.17,MW,FR,FR,actual_onshore_wind_generation,Wind Onshore,2026-05-23T20:18:59Z
2026-05-23T20:18:24Z,2026-05-23T22:18:24+0200,ff0858ab-4740-4bdb-8b96-9805455abf18,2026-05-14T02:30:00Z,2026-05-14T04:30:00+0200,7345.01,MW,FR,FR,actual_onshore_wind_generation,Wind Onshore,2026-05-23T20:18:59Z
2026-05-23T20:18:24Z,2026-05-23T22:18:24+0200,ff0858ab-4740-4bdb-8b96-9805455abf18,2026-05-14T02:45:00Z,2026-05-14T04:45:00+0200,7249.49,MW,FR,FR,actual_onshore_wind_generation,Wind Onshore,2026-05-23T20:18:59Z
2026-05-23T20:18:24Z,2026-05-23T22:18:24+0200,ff0858ab-4740-4bdb-8b96-9805455abf18,2026-05-14T03:00:00Z,2026-05-14T05:00:00+0200,7038.58,MW,FR,FR,actual_onshore_wind_generation,Wind Onshore,2026-05-23T20:18:59Z
2026-05-23T20:18:24Z,2026-05-23T22:18:24+0200,ff0858ab-4740-4bdb-8b96-9805455abf18,2026-05-14T03:15:00Z,2026-05-14T05:15:00+0200,6878.39,MW,FR,FR,actual_onshore_wind_generation,Wind Onshore,2026-05-23T20:18:59Z
2026-05-23T20:18:24Z,2026-05-23T22:18:24+0200,ff0858ab-4740-4bdb-8b96-9805455abf18,2026-05-14T03:30:00Z,2026-05-14T05:30:00+0200,6925.79,MW,FR,FR,actual_onshore_wind_generation,Wind Onshore,2026-05-23T20:18:59Z
2026-05-23T20:18:24Z,2026-05-23T22:18:24+0200,ff0858ab-4740-4bdb-8b96-9805455abf18,2026-05-14T03:45:00Z,2026-05-14T05:45:00+0200,6847.0,MW,FR,FR,actual_onshore_wind_generation,Wind Onshore,2026-05-23T20:18:59Z
2026-05-23T20:18:24Z,2026-05-23T22:18:24+0200,ff0858ab-4740-4bdb-8b96-9805455abf18,2026-05-14T04:00:00Z,2026-05-14T06:00:00+0200,6554.91,MW,FR,FR,actual_onshore_wind_generation,Wind Onshore,2026-05-23T20:18:59Z
2026-05-23T20:18:24Z,2026-05-23T22:18:24+0200,ff0858ab-4740-4bdb-8b96-9805455abf18,2026-05-14T04:15:00Z,2026-05-14T06:15:00+0200,6453.08,MW,FR,FR,actual_onshore_wind_generation,Wind Onshore,2026-05-23T20:18:59Z
2026-05-23T20:18:24Z,2026-05-23T22:18:24+0200,ff0858ab-4740-4bdb-8b96-9805455abf18,2026-05-14T04:30:00Z,2026-05-14T06:30:00+0200,6216.08,MW,FR,FR,actual_onshore_wind_generation,Wind Onshore,2026-05-23T20:18:59Z
2026-05-23T20:18:24Z,2026-05-23T22:18:24+0200,ff0858ab-4740-4bdb-8b96-9805455abf18,2026-05-14T04:45:00Z,2026-05-14T06:45:00+0200,6054.49,MW,FR,FR,actual_onshore_wind_generation,Wind Onshore,2026-05-23T20:18:59Z
2026-05-23T20:18:24Z,2026-05-23T22:18:24+0200,ff0858ab-4740-4bdb-8b96-9805455abf18,2026-05-14T05:00:00Z,2026-05-14T07:00:00+0200,5911.59,MW,FR,FR,actual_onshore_wind_generation,Wind Onshore,2026-05-23T20:18:59Z
2026-05-23T20:18:24Z,2026-05-23T22:18:24+0200,ff0858ab-4740-4bdb-8b96-9805455abf18,2026-05-14T05:15:00Z,2026-05-14T07:15:00+0200,5792.35,MW,FR,FR,actual_onshore_wind_generation,Wind Onshore,2026-05-23T20:18:59Z
2026-05-23T20:18:24Z,2026-05-23T22:18:24+0200,ff0858ab-4740-4bdb-8b96-9805455abf18,2026-05-14T05:30:00Z,2026-05-14T07:30:00+0200,5545.29,MW,FR,FR,actual_onshore_wind_generation,Wind Onshore,2026-05-23T20:18:59Z
2026-05-23T20:18:24Z,2026-05-23T22:18:24+0200,ff0858ab-4740-4bdb-8b96-9805455abf18,2026-05-14T05:45:00Z,2026-05-14T07:45:00+0200,5326.89,MW,FR,FR,actual_onshore_wind_generation,Wind Onshore,2026-05-23T20:18:59Z
2026-05-23T20:18:24Z,2026-05-23T22:18:24+0200,ff0858ab-4740-4bdb-8b96-9805455abf18,2026-05-14T06:00:00Z,2026-05-14T08:00:00+0200,5145.56,MW,FR,FR,actual_onshore_wind_generation,Wind Onshore,2026-05-23T20:18:59Z
2026-05-23T20:18:24Z,2026-05-23T22:18:24+0200,ff0858ab-4740-4bdb-8b96-9805455abf18,2026-05-14T06:15:00Z,2026-05-14T08:15:00+0200,5016.45,MW,FR,FR,actual_onshore_wind_generation,Wind Onshore,2026-05-23T20:18:59Z
2026-05-23T20:18:24Z,2026-05-23T22:18:24+0200,ff0858ab-4740-4bdb-8b96-9805455abf18,2026-05-14T06:30:00Z,2026-05-14T08:30:00+0200,5024.89,MW,FR,FR,actual_onshore_wind_generation,Wind Onshore,2026-05-23T20:18:59Z
2026-05-23T20:18:24Z,2026-05-23T22:18:24+0200,ff0858ab-4740-4bdb-8b96-9805455abf18,2026-05-14T06:45:00Z,2026-05-14T08:45:00+0200,4956.87,MW,FR,FR,actual_onshore_wind_generation,Wind Onshore,2026-05-23T20:18:59Z
2026-05-23T20:18:24Z,2026-05-23T22:18:24+0200,ff0858ab-4740-4bdb-8b96-9805455abf18,2026-05-14T07:00:00Z,2026-05-14T09:00:00+0200,4922.16,MW,FR,FR,actual_onshore_wind_generation,Wind Onshore,2026-05-23T20:18:59Z
2026-05-23T20:18:24Z,2026-05-23T22:18:24+0200,ff0858ab-4740-4bdb-8b96-9805455abf18,2026-05-14T07:15:00Z,2026-05-14T09:15:00+0200,5029.02,MW,FR,FR,actual_onshore_wind_generation,Wind Onshore,2026-05-23T20:18:59Z
2026-05-23T20:18:24Z,2026-05-23T22:18:24+0200,ff0858ab-4740-4bdb-8b96-9805455abf18,2026-05-14T07:30:00Z,2026-05-14T09:30:00+0200,5066.27,MW,FR,FR,actual_onshore_wind_generation,Wind Onshore,2026-05-23T20:18:59Z
2026-05-23T20:18:24Z,2026-05-23T22:18:24+0200,ff0858ab-4740-4bdb-8b96-9805455abf18,2026-05-14T07:45:00Z,2026-05-14T09:45:00+0200,5238.37,MW,FR,FR,actual_onshore_wind_generation,Wind Onshore,2026-05-23T20:18:59Z
2026-05-23T20:18:24Z,2026-05-23T22:18:24+0200,ff0858ab-4740-4bdb-8b96-9805455abf18,2026-05-14T08:00:00Z,2026-05-14T10:00:00+0200,5438.94,MW,FR,FR,actual_onshore_wind_generation,Wind Onshore,2026-05-23T20:18:59Z
2026-05-23T20:18:24Z,2026-05-23T22:18:24+0200,ff0858ab-4740-4bdb-8b96-9805455abf18,2026-05-14T08:15:00Z,2026-05-14T10:15:00+0200,5572.19,MW,FR,FR,actual_onshore_wind_generation,Wind Onshore,2026-05-23T20:18:59Z
2026-05-23T20:18:24Z,2026-05-23T22:18:24+0200,ff0858ab-4740-4bdb-8b96-9805455abf18,2026-05-14T08:30:00Z,2026-05-14T10:30:00+0200,5683.24,MW,FR,FR,actual_onshore_wind_generation,Wind Onshore,2026-05-23T20:18:59Z
2026-05-23T20:18:24Z,2026-05-23T22:18:24+0200,ff0858ab-4740-4bdb-8b96-9805455abf18,2026-05-14T08:45:00Z,2026-05-14T10:45:00+0200,5701.0,MW,FR,FR,actual_onshore_wind_generation,Wind Onshore,2026-05-23T20:18:59Z
2026-05-23T20:18:24Z,2026-05-23T22:18:24+0200,ff0858ab-4740-4bdb-8b96-9805455abf18,2026-05-14T09:00:00Z,2026-05-14T11:00:00+0200,5938.59,MW,FR,FR,actual_onshore_wind_generation,Wind Onshore,2026-05-23T20:18:59Z
2026-05-23T20:18:24Z,2026-05-23T22:18:24+0200,ff0858ab-4740-4bdb-8b96-9805455abf18,2026-05-14T09:15:00Z,2026-05-14T11:15:00+0200,5854.3,MW,FR,FR,actual_onshore_wind_generation,Wind Onshore,2026-05-23T20:18:59Z
2026-05-23T20:18:24Z,2026-05-23T22:18:24+0200,ff0858ab-4740-4bdb-8b96-9805455abf18,2026-05-14T09:30:00Z,2026-05-14T11:30:00+0200,5668.2,MW,FR,FR,actual_onshore_wind_generation,Wind Onshore,2026-05-23T20:18:59Z
2026-05-23T20:18:24Z,2026-05-23T22:18:24+0200,ff0858ab-4740-4bdb-8b96-9805455abf18,2026-05-14T09:45:00Z,2026-05-14T11:45:00+0200,5482.7,MW,FR,FR,actual_onshore_wind_generation,Wind Onshore,2026-05-23T20:18:59Z
2026-05-23T20:18:24Z,2026-05-23T22:18:24+0200,ff0858ab-4740-4bdb-8b96-9805455abf18,2026-05-14T10:00:00Z,2026-05-14T12:00:00+0200,5754.42,MW,FR,FR,actual_onshore_wind_generation,Wind Onshore,2026-05-23T20:18:59Z
2026-05-23T20:18:24Z,2026-05-23T22:18:24+0200,ff0858ab-4740-4bdb-8b96-9805455abf18,2026-05-14T10:15:00Z,2026-05-14T12:15:00+0200,5929.48,MW,FR,FR,actual_onshore_wind_generation,Wind Onshore,2026-05-23T20:18:59Z
2026-05-23T20:18:24Z,2026-05-23T22:18:24+0200,ff0858ab-4740-4bdb-8b96-9805455abf18,2026-05-14T10:30:00Z,2026-05-14T12:30:00+0200,6198.42,MW,FR,FR,actual_onshore_wind_generation,Wind Onshore,2026-05-23T20:18:59Z
2026-05-23T20:18:24Z,2026-05-23T22:18:24+0200,ff0858ab-4740-4bdb-8b96-9805455abf18,2026-05-14T10:45:00Z,2026-05-14T12:45:00+0200,6294.33,MW,FR,FR,actual_onshore_wind_generation,Wind Onshore,2026-05-23T20:18:59Z
2026-05-23T20:18:24Z,2026-05-23T22:18:24+0200,ff0858ab-4740-4bdb-8b96-9805455abf18,2026-05-14T11:00:00Z,2026-05-14T13:00:00+0200,6310.85,MW,FR,FR,actual_onshore_wind_generation,Wind Onshore,2026-05-23T20:18:59Z
2026-05-23T20:18:24Z,2026-05-23T22:18:24+0200,ff0858ab-4740-4bdb-8b96-9805455abf18,2026-05-14T11:15:00Z,2026-05-14T13:15:00+0200,6301.7,MW,FR,FR,actual_onshore_wind_generation,Wind Onshore,2026-05-23T20:18:59Z
2026-05-23T20:18:24Z,2026-05-23T22:18:24+0200,ff0858ab-4740-4bdb-8b96-9805455abf18,2026-05-14T11:30:00Z,2026-05-14T13:30:00+0200,6289.4,MW,FR,FR,actual_onshore_wind_generation,Wind Onshore,2026-05-23T20:18:59Z
2026-05-23T20:18:24Z,2026-05-23T22:18:24+0200,ff0858ab-4740-4bdb-8b96-9805455abf18,2026-05-14T11:45:00Z,2026-05-14T13:45:00+0200,6429.85,MW,FR,FR,actual_onshore_wind_generation,Wind Onshore,2026-05-23T20:18:59Z
2026-05-23T20:18:24Z,2026-05-23T22:18:24+0200,ff0858ab-4740-4bdb-8b96-9805455abf18,2026-05-14T12:00:00Z,2026-05-14T14:00:00+0200,6777.98,MW,FR,FR,actual_onshore_wind_generation,Wind Onshore,2026-05-23T20:18:59Z
2026-05-23T20:18:24Z,2026-05-23T22:18:24+0200,ff0858ab-4740-4bdb-8b96-9805455abf18,2026-05-14T12:15:00Z,2026-05-14T14:15:00+0200,6767.9,MW,FR,FR,actual_onshore_wind_generation,Wind Onshore,2026-05-23T20:18:59Z
2026-05-23T20:18:24Z,2026-05-23T22:18:24+0200,ff0858ab-4740-4bdb-8b96-9805455abf18,2026-05-14T12:30:00Z,2026-05-14T14:30:00+0200,6757.2,MW,FR,FR,actual_onshore_wind_generation,Wind Onshore,2026-05-23T20:18:59Z
2026-05-23T20:18:24Z,2026-05-23T22:18:24+0200,ff0858ab-4740-4bdb-8b96-9805455abf18,2026-05-14T12:45:00Z,2026-05-14T14:45:00+0200,6844.14,MW,FR,FR,actual_onshore_wind_generation,Wind Onshore,2026-05-23T20:18:59Z
2026-05-23T20:18:24Z,2026-05-23T22:18:24+0200,ff0858ab-4740-4bdb-8b96-9805455abf18,2026-05-14T13:00:00Z,2026-05-14T15:00:00+0200,6929.71,MW,FR,FR,actual_onshore_wind_generation,Wind Onshore,2026-05-23T20:18:59Z
2026-05-23T20:18:24Z,2026-05-23T22:18:24+0200,ff0858ab-4740-4bdb-8b96-9805455abf18,2026-05-14T13:15:00Z,2026-05-14T15:15:00+0200,6827.49,MW,FR,FR,actual_onshore_wind_generation,Wind Onshore,2026-05-23T20:18:59Z
2026-05-23T20:18:24Z,2026-05-23T22:18:24+0200,ff0858ab-4740-4bdb-8b96-9805455abf18,2026-05-14T13:30:00Z,2026-05-14T15:30:00+0200,6789.91,MW,FR,FR,actual_onshore_wind_generation,Wind Onshore,2026-05-23T20:18:59Z
2026-05-23T20:18:24Z,2026-05-23T22:18:24+0200,ff0858ab-4740-4bdb-8b96-9805455abf18,2026-05-14T13:45:00Z,2026-05-14T15:45:00+0200,5920.44,MW,FR,FR,actual_onshore_wind_generation,Wind Onshore,2026-05-23T20:18:59Z
2026-05-23T20:18:24Z,2026-05-23T22:18:24+0200,ff0858ab-4740-4bdb-8b96-9805455abf18,2026-05-14T14:00:00Z,2026-05-14T16:00:00+0200,4035.87,MW,FR,FR,actual_onshore_wind_generation,Wind Onshore,2026-05-23T20:18:59Z
2026-05-23T20:18:24Z,2026-05-23T22:18:24+0200,ff0858ab-4740-4bdb-8b96-9805455abf18,2026-05-14T14:15:00Z,2026-05-14T16:15:00+0200,3722.35,MW,FR,FR,actual_onshore_wind_generation,Wind Onshore,2026-05-23T20:18:59Z
2026-05-23T20:18:24Z,2026-05-23T22:18:24+0200,ff0858ab-4740-4bdb-8b96-9805455abf18,2026-05-14T14:30:00Z,2026-05-14T16:30:00+0200,3660.56,MW,FR,FR,actual_onshore_wind_generation,Wind Onshore,2026-05-23T20:18:59Z
2026-05-23T20:18:24Z,2026-05-23T22:18:24+0200,ff0858ab-4740-4bdb-8b96-9805455abf18,2026-05-14T14:45:00Z,2026-05-14T16:45:00+0200,4143.82,MW,FR,FR,actual_onshore_wind_generation,Wind Onshore,2026-05-23T20:18:59Z
2026-05-23T20:18:24Z,2026-05-23T22:18:24+0200,ff0858ab-4740-4bdb-8b96-9805455abf18,2026-05-14T15:00:00Z,2026-05-14T17:00:00+0200,3740.33,MW,FR,FR,actual_onshore_wind_generation,Wind Onshore,2026-05-23T20:18:59Z
2026-05-23T20:18:24Z,2026-05-23T22:18:24+0200,ff0858ab-4740-4bdb-8b96-9805455abf18,2026-05-14T15:15:00Z,2026-05-14T17:15:00+0200,4722.36,MW,FR,FR,actual_onshore_wind_generation,Wind Onshore,2026-05-23T20:18:59Z
2026-05-23T20:18:24Z,2026-05-23T22:18:24+0200,ff0858ab-4740-4bdb-8b96-9805455abf18,2026-05-14T15:30:00Z,2026-05-14T17:30:00+0200,5649.41,MW,FR,FR,actual_onshore_wind_generation,Wind Onshore,2026-05-23T20:18:59Z
2026-05-23T20:18:24Z,2026-05-23T22:18:24+0200,ff0858ab-4740-4bdb-8b96-9805455abf18,2026-05-14T15:45:00Z,2026-05-14T17:45:00+0200,5404.85,MW,FR,FR,actual_onshore_wind_generation,Wind Onshore,2026-05-23T20:18:59Z
2026-05-23T20:18:24Z,2026-05-23T22:18:24+0200,ff0858ab-4740-4bdb-8b96-9805455abf18,2026-05-14T16:00:00Z,2026-05-14T18:00:00+0200,5173.45,MW,FR,FR,actual_onshore_wind_generation,Wind Onshore,2026-05-23T20:18:59Z
2026-05-23T20:18:24Z,2026-05-23T22:18:24+0200,ff0858ab-4740-4bdb-8b96-9805455abf18,2026-05-14T16:15:00Z,2026-05-14T18:15:00+0200,5173.15,MW,FR,FR,actual_onshore_wind_generation,Wind Onshore,2026-05-23T20:18:59Z
2026-05-23T20:18:24Z,2026-05-23T22:18:24+0200,ff0858ab-4740-4bdb-8b96-9805455abf18,2026-05-14T16:30:00Z,2026-05-14T18:30:00+0200,5081.8,MW,FR,FR,actual_onshore_wind_generation,Wind Onshore,2026-05-23T20:18:59Z
2026-05-23T20:18:24Z,2026-05-23T22:18:24+0200,ff0858ab-4740-4bdb-8b96-9805455abf18,2026-05-14T16:45:00Z,2026-05-14T18:45:00+0200,5008.27,MW,FR,FR,actual_onshore_wind_generation,Wind Onshore,2026-05-23T20:18:59Z
2026-05-23T20:18:24Z,2026-05-23T22:18:24+0200,ff0858ab-4740-4bdb-8b96-9805455abf18,2026-05-14T17:00:00Z,2026-05-14T19:00:00+0200,4670.18,MW,FR,FR,actual_onshore_wind_generation,Wind Onshore,2026-05-23T20:18:59Z
2026-05-23T20:18:24Z,2026-05-23T22:18:24+0200,ff0858ab-4740-4bdb-8b96-9805455abf18,2026-05-14T17:15:00Z,2026-05-14T19:15:00+0200,4392.35,MW,FR,FR,actual_onshore_wind_generation,Wind Onshore,2026-05-23T20:18:59Z
2026-05-23T20:18:24Z,2026-05-23T22:18:24+0200,ff0858ab-4740-4bdb-8b96-9805455abf18,2026-05-14T17:30:00Z,2026-05-14T19:30:00+0200,4211.86,MW,FR,FR,actual_onshore_wind_generation,Wind Onshore,2026-05-23T20:18:59Z
2026-05-23T20:18:24Z,2026-05-23T22:18:24+0200,ff0858ab-4740-4bdb-8b96-9805455abf18,2026-05-14T17:45:00Z,2026-05-14T19:45:00+0200,4157.35,MW,FR,FR,actual_onshore_wind_generation,Wind Onshore,2026-05-23T20:18:59Z
2026-05-23T20:18:24Z,2026-05-23T22:18:24+0200,ff0858ab-4740-4bdb-8b96-9805455abf18,2026-05-14T18:00:00Z,2026-05-14T20:00:00+0200,3938.8,MW,FR,FR,actual_onshore_wind_generation,Wind Onshore,2026-05-23T20:18:59Z
2026-05-23T20:18:24Z,2026-05-23T22:18:24+0200,ff0858ab-4740-4bdb-8b96-9805455abf18,2026-05-14T18:15:00Z,2026-05-14T20:15:00+0200,3660.27,MW,FR,FR,actual_onshore_wind_generation,Wind Onshore,2026-05-23T20:18:59Z
2026-05-23T20:18:24Z,2026-05-23T22:18:24+0200,ff0858ab-4740-4bdb-8b96-9805455abf18,2026-05-14T18:30:00Z,2026-05-14T20:30:00+0200,3256.18,MW,FR,FR,actual_onshore_wind_generation,Wind Onshore,2026-05-23T20:18:59Z
2026-05-23T20:18:24Z,2026-05-23T22:18:24+0200,ff0858ab-4740-4bdb-8b96-9805455abf18,2026-05-14T18:45:00Z,2026-05-14T20:45:00+0200,3104.11,MW,FR,FR,actual_onshore_wind_generation,Wind Onshore,2026-05-23T20:18:59Z
2026-05-23T20:18:24Z,2026-05-23T22:18:24+0200,ff0858ab-4740-4bdb-8b96-9805455abf18,2026-05-14T19:00:00Z,2026-05-14T21:00:00+0200,2971.79,MW,FR,FR,actual_onshore_wind_generation,Wind Onshore,2026-05-23T20:18:59Z
2026-05-23T20:18:24Z,2026-05-23T22:18:24+0200,ff0858ab-4740-4bdb-8b96-9805455abf18,2026-05-14T19:15:00Z,2026-05-14T21:15:00+0200,2892.92,MW,FR,FR,actual_onshore_wind_generation,Wind Onshore,2026-05-23T20:18:59Z
2026-05-23T20:18:24Z,2026-05-23T22:18:24+0200,ff0858ab-4740-4bdb-8b96-9805455abf18,2026-05-14T19:30:00Z,2026-05-14T21:30:00+0200,2831.73,MW,FR,FR,actual_onshore_wind_generation,Wind Onshore,2026-05-23T20:18:59Z
2026-05-23T20:18:24Z,2026-05-23T22:18:24+0200,ff0858ab-4740-4bdb-8b96-9805455abf18,2026-05-14T19:45:00Z,2026-05-14T21:45:00+0200,2739.47,MW,FR,FR,actual_onshore_wind_generation,Wind Onshore,2026-05-23T20:18:59Z
2026-05-23T20:18:24Z,2026-05-23T22:18:24+0200,ff0858ab-4740-4bdb-8b96-9805455abf18,2026-05-14T20:00:00Z,2026-05-14T22:00:00+0200,2720.27,MW,FR,FR,actual_onshore_wind_generation,Wind Onshore,2026-05-23T20:18:59Z
2026-05-23T20:18:24Z,2026-05-23T22:18:24+0200,ff0858ab-4740-4bdb-8b96-9805455abf18,2026-05-14T20:15:00Z,2026-05-14T22:15:00+0200,2786.07,MW,FR,FR,actual_onshore_wind_generation,Wind Onshore,2026-05-23T20:18:59Z
2026-05-23T20:18:24Z,2026-05-23T22:18:24+0200,ff0858ab-4740-4bdb-8b96-9805455abf18,2026-05-14T20:30:00Z,2026-05-14T22:30:00+0200,2798.34,MW,FR,FR,actual_onshore_wind_generation,Wind Onshore,2026-05-23T20:18:59Z
2026-05-23T20:18:24Z,2026-05-23T22:18:24+0200,ff0858ab-4740-4bdb-8b96-9805455abf18,2026-05-14T20:45:00Z,2026-05-14T22:45:00+0200,2813.74,MW,FR,FR,actual_onshore_wind_generation,Wind Onshore,2026-05-23T20:18:59Z
2026-05-23T20:18:24Z,2026-05-23T22:18:24+0200,ff0858ab-4740-4bdb-8b96-9805455abf18,2026-05-14T21:00:00Z,2026-05-14T23:00:00+0200,2812.17,MW,FR,FR,actual_onshore_wind_generation,Wind Onshore,2026-05-23T20:18:59Z
2026-05-23T20:18:24Z,2026-05-23T22:18:24+0200,ff0858ab-4740-4bdb-8b96-9805455abf18,2026-05-14T21:15:00Z,2026-05-14T23:15:00+0200,2764.48,MW,FR,FR,actual_onshore_wind_generation,Wind Onshore,2026-05-23T20:18:59Z
2026-05-23T20:18:24Z,2026-05-23T22:18:24+0200,ff0858ab-4740-4bdb-8b96-9805455abf18,2026-05-14T21:30:00Z,2026-05-14T23:30:00+0200,2736.55,MW,FR,FR,actual_onshore_wind_generation,Wind Onshore,2026-05-23T20:18:59Z
2026-05-23T20:18:24Z,2026-05-23T22:18:24+0200,ff0858ab-4740-4bdb-8b96-9805455abf18,2026-05-14T21:45:00Z,2026-05-14T23:45:00+0200,2648.53,MW,FR,FR,actual_onshore_wind_generation,Wind Onshore,2026-05-23T20:18:59Z
2026-05-23T20:18:24Z,2026-05-23T22:18:24+0200,ff0858ab-4740-4bdb-8b96-9805455abf18,2026-05-14T22:00:00Z,2026-05-15T00:00:00+0200,2589.26,MW,FR,FR,actual_onshore_wind_generation,Wind Onshore,2026-05-23T20:18:59Z
2026-05-23T20:18:24Z,2026-05-23T22:18:24+0200,ff0858ab-4740-4bdb-8b96-9805455abf18,2026-05-14T22:15:00Z,2026-05-15T00:15:00+0200,2563.89,MW,FR,FR,actual_onshore_wind_generation,Wind Onshore,2026-05-23T20:18:59Z
2026-05-23T20:18:24Z,2026-05-23T22:18:24+0200,ff0858ab-4740-4bdb-8b96-9805455abf18,2026-05-14T22:30:00Z,2026-05-15T00:30:00+0200,2572.73,MW,FR,FR,actual_onshore_wind_generation,Wind Onshore,2026-05-23T20:18:59Z
2026-05-23T20:18:24Z,2026-05-23T22:18:24+0200,ff0858ab-4740-4bdb-8b96-9805455abf18,2026-05-14T22:45:00Z,2026-05-15T00:45:00+0200,2560.04,MW,FR,FR,actual_onshore_wind_generation,Wind Onshore,2026-05-23T20:18:59Z
2026-05-23T20:18:24Z,2026-05-23T22:18:24+0200,ff0858ab-4740-4bdb-8b96-9805455abf18,2026-05-14T23:00:00Z,2026-05-15T01:00:00+0200,2605.97,MW,FR,FR,actual_onshore_wind_generation,Wind Onshore,2026-05-23T20:18:59Z
2026-05-23T20:18:24Z,2026-05-23T22:18:24+0200,ff0858ab-4740-4bdb-8b96-9805455abf18,2026-05-14T23:15:00Z,2026-05-15T01:15:00+0200,2621.49,MW,FR,FR,actual_onshore_wind_generation,Wind Onshore,2026-05-23T20:18:59Z
2026-05-23T20:18:24Z,2026-05-23T22:18:24+0200,ff0858ab-4740-4bdb-8b96-9805455abf18,2026-05-14T23:30:00Z,2026-05-15T01:30:00+0200,2627.44,MW,FR,FR,actual_onshore_wind_generation,Wind Onshore,2026-05-23T20:18:59Z
2026-05-23T20:18:24Z,2026-05-23T22:18:24+0200,ff0858ab-4740-4bdb-8b96-9805455abf18,2026-05-14T23:45:00Z,2026-05-15T01:45:00+0200,2578.17,MW,FR,FR,actual_onshore_wind_generation,Wind Onshore,2026-05-23T20:18:59Z
2026-05-23T20:18:24Z,2026-05-23T22:18:24+0200,ff0858ab-4740-4bdb-8b96-9805455abf18,2026-05-15T00:00:00Z,2026-05-15T02:00:00+0200,2563.61,MW,FR,FR,actual_onshore_wind_generation,Wind Onshore,2026-05-23T20:18:59Z
2026-05-23T20:18:24Z,2026-05-23T22:18:24+0200,ff0858ab-4740-4bdb-8b96-9805455abf18,2026-05-15T00:15:00Z,2026-05-15T02:15:00+0200,2518.86,MW,FR,FR,actual_onshore_wind_generation,Wind Onshore,2026-05-23T20:18:59Z
2026-05-23T20:18:24Z,2026-05-23T22:18:24+0200,ff0858ab-4740-4bdb-8b96-9805455abf18,2026-05-15T00:30:00Z,2026-05-15T02:30:00+0200,2453.24,MW,FR,FR,actual_onshore_wind_generation,Wind Onshore,2026-05-23T20:18:59Z
2026-05-23T20:18:24Z,2026-05-23T22:18:24+0200,ff0858ab-4740-4bdb-8b96-9805455abf18,2026-05-15T00:45:00Z,2026-05-15T02:45:00+0200,2384.95,MW,FR,FR,actual_onshore_wind_generation,Wind Onshore,2026-05-23T20:18:59Z
2026-05-23T20:18:24Z,2026-05-23T22:18:24+0200,ff0858ab-4740-4bdb-8b96-9805455abf18,2026-05-15T01:00:00Z,2026-05-15T03:00:00+0200,2417.91,MW,FR,FR,actual_onshore_wind_generation,Wind Onshore,2026-05-23T20:18:59Z
2026-05-23T20:18:24Z,2026-05-23T22:18:24+0200,ff0858ab-4740-4bdb-8b96-9805455abf18,2026-05-15T01:15:00Z,2026-05-15T03:15:00+0200,2476.66,MW,FR,FR,actual_onshore_wind_generation,Wind Onshore,2026-05-23T20:18:59Z
2026-05-23T20:18:24Z,2026-05-23T22:18:24+0200,ff0858ab-4740-4bdb-8b96-9805455abf18,2026-05-15T01:30:00Z,2026-05-15T03:30:00+0200,2490.78,MW,FR,FR,actual_onshore_wind_generation,Wind Onshore,2026-05-23T20:18:59Z
2026-05-23T20:18:24Z,2026-05-23T22:18:24+0200,ff0858ab-4740-4bdb-8b96-9805455abf18,2026-05-15T01:45:00Z,2026-05-15T03:45:00+0200,2478.0,MW,FR,FR,actual_onshore_wind_generation,Wind Onshore,2026-05-23T20:18:59Z
2026-05-23T20:18:24Z,2026-05-23T22:18:24+0200,ff0858ab-4740-4bdb-8b96-9805455abf18,2026-05-15T02:00:00Z,2026-05-15T04:00:00+0200,2495.85,MW,FR,FR,actual_onshore_wind_generation,Wind Onshore,2026-05-23T20:18:59Z
2026-05-23T20:18:24Z,2026-05-23T22:18:24+0200,ff0858ab-4740-4bdb-8b96-9805455abf18,2026-05-15T02:15:00Z,2026-05-15T04:15:00+0200,2472.86,MW,FR,FR,actual_onshore_wind_generation,Wind Onshore,2026-05-23T20:18:59Z
2026-05-23T20:18:24Z,2026-05-23T22:18:24+0200,ff0858ab-4740-4bdb-8b96-9805455abf18,2026-05-15T02:30:00Z,2026-05-15T04:30:00+0200,2513.97,MW,FR,FR,actual_onshore_wind_generation,Wind Onshore,2026-05-23T20:18:59Z
2026-05-23T20:18:24Z,2026-05-23T22:18:24+0200,ff0858ab-4740-4bdb-8b96-9805455abf18,2026-05-15T02:45:00Z,2026-05-15T04:45:00+0200,2578.48,MW,FR,FR,actual_onshore_wind_generation,Wind Onshore,2026-05-23T20:18:59Z
2026-05-23T20:18:24Z,2026-05-23T22:18:24+0200,ff0858ab-4740-4bdb-8b96-9805455abf18,2026-05-15T03:00:00Z,2026-05-15T05:00:00+0200,2591.31,MW,FR,FR,actual_onshore_wind_generation,Wind Onshore,2026-05-23T20:18:59Z
2026-05-23T20:18:24Z,2026-05-23T22:18:24+0200,ff0858ab-4740-4bdb-8b96-9805455abf18,2026-05-15T03:15:00Z,2026-05-15T05:15:00+0200,2669.91,MW,FR,FR,actual_onshore_wind_generation,Wind Onshore,2026-05-23T20:18:59Z
2026-05-23T20:18:24Z,2026-05-23T22:18:24+0200,ff0858ab-4740-4bdb-8b96-9805455abf18,2026-05-15T03:30:00Z,2026-05-15T05:30:00+0200,2732.2,MW,FR,FR,actual_onshore_wind_generation,Wind Onshore,2026-05-23T20:18:59Z
2026-05-23T20:18:24Z,2026-05-23T22:18:24+0200,ff0858ab-4740-4bdb-8b96-9805455abf18,2026-05-15T03:45:00Z,2026-05-15T05:45:00+0200,2759.47,MW,FR,FR,actual_onshore_wind_generation,Wind Onshore,2026-05-23T20:18:59Z
2026-05-23T20:18:24Z,2026-05-23T22:18:24+0200,ff0858ab-4740-4bdb-8b96-9805455abf18,2026-05-15T04:00:00Z,2026-05-15T06:00:00+0200,2761.42,MW,FR,FR,actual_onshore_wind_generation,Wind Onshore,2026-05-23T20:18:59Z
2026-05-23T20:18:24Z,2026-05-23T22:18:24+0200,ff0858ab-4740-4bdb-8b96-9805455abf18,2026-05-15T04:15:00Z,2026-05-15T06:15:00+0200,2749.14,MW,FR,FR,actual_onshore_wind_generation,Wind Onshore,2026-05-23T20:18:59Z
2026-05-23T20:18:24Z,2026-05-23T22:18:24+0200,ff0858ab-4740-4bdb-8b96-9805455abf18,2026-05-15T04:30:00Z,2026-05-15T06:30:00+0200,2727.76,MW,FR,FR,actual_onshore_wind_generation,Wind Onshore,2026-05-23T20:18:59Z
2026-05-23T20:18:24Z,2026-05-23T22:18:24+0200,ff0858ab-4740-4bdb-8b96-9805455abf18,2026-05-15T04:45:00Z,2026-05-15T06:45:00+0200,2708.41,MW,FR,FR,actual_onshore_wind_generation,Wind Onshore,2026-05-23T20:18:59Z
2026-05-23T20:18:24Z,2026-05-23T22:18:24+0200,ff0858ab-4740-4bdb-8b96-9805455abf18,2026-05-15T05:00:00Z,2026-05-15T07:00:00+0200,2718.01,MW,FR,FR,actual_onshore_wind_generation,Wind Onshore,2026-05-23T20:18:59Z
2026-05-23T20:18:24Z,2026-05-23T22:18:24+0200,ff0858ab-4740-4bdb-8b96-9805455abf18,2026-05-15T05:15:00Z,2026-05-15T07:15:00+0200,2641.29,MW,FR,FR,actual_onshore_wind_generation,Wind Onshore,2026-05-23T20:18:59Z
2026-05-23T20:18:24Z,2026-05-23T22:18:24+0200,ff0858ab-4740-4bdb-8b96-9805455abf18,2026-05-15T05:30:00Z,2026-05-15T07:30:00+0200,2540.71,MW,FR,FR,actual_onshore_wind_generation,Wind Onshore,2026-05-23T20:18:59Z
2026-05-23T20:18:24Z,2026-05-23T22:18:24+0200,ff0858ab-4740-4bdb-8b96-9805455abf18,2026-05-15T05:45:00Z,2026-05-15T07:45:00+0200,2355.06,MW,FR,FR,actual_onshore_wind_generation,Wind Onshore,2026-05-23T20:18:59Z
2026-05-23T20:18:24Z,2026-05-23T22:18:24+0200,ff0858ab-4740-4bdb-8b96-9805455abf18,2026-05-15T06:00:00Z,2026-05-15T08:00:00+0200,2147.97,MW,FR,FR,actual_onshore_wind_generation,Wind Onshore,2026-05-23T20:18:59Z
2026-05-23T20:18:24Z,2026-05-23T22:18:24+0200,ff0858ab-4740-4bdb-8b96-9805455abf18,2026-05-15T06:15:00Z,2026-05-15T08:15:00+0200,1944.96,MW,FR,FR,actual_onshore_wind_generation,Wind Onshore,2026-05-23T20:18:59Z
2026-05-23T20:18:24Z,2026-05-23T22:18:24+0200,ff0858ab-4740-4bdb-8b96-9805455abf18,2026-05-15T06:30:00Z,2026-05-15T08:30:00+0200,1750.85,MW,FR,FR,actual_onshore_wind_generation,Wind Onshore,2026-05-23T20:18:59Z
2026-05-23T20:18:24Z,2026-05-23T22:18:24+0200,ff0858ab-4740-4bdb-8b96-9805455abf18,2026-05-15T06:45:00Z,2026-05-15T08:45:00+0200,1663.65,MW,FR,FR,actual_onshore_wind_generation,Wind Onshore,2026-05-23T20:18:59Z
2026-05-23T20:18:24Z,2026-05-23T22:18:24+0200,ff0858ab-4740-4bdb-8b96-9805455abf18,2026-05-15T07:00:00Z,2026-05-15T09:00:00+0200,1627.04,MW,FR,FR,actual_onshore_wind_generation,Wind Onshore,2026-05-23T20:18:59Z
2026-05-23T20:18:24Z,2026-05-23T22:18:24+0200,ff0858ab-4740-4bdb-8b96-9805455abf18,2026-05-15T07:15:00Z,2026-05-15T09:15:00+0200,1714.35,MW,FR,FR,actual_onshore_wind_generation,Wind Onshore,2026-05-23T20:18:59Z
2026-05-23T20:18:24Z,2026-05-23T22:18:24+0200,ff0858ab-4740-4bdb-8b96-9805455abf18,2026-05-15T07:30:00Z,2026-05-15T09:30:00+0200,1786.25,MW,FR,FR,actual_onshore_wind_generation,Wind Onshore,2026-05-23T20:18:59Z
2026-05-23T20:18:24Z,2026-05-23T22:18:24+0200,ff0858ab-4740-4bdb-8b96-9805455abf18,2026-05-15T07:45:00Z,2026-05-15T09:45:00+0200,1963.21,MW,FR,FR,actual_onshore_wind_generation,Wind Onshore,2026-05-23T20:18:59Z
2026-05-23T20:18:24Z,2026-05-23T22:18:24+0200,ff0858ab-4740-4bdb-8b96-9805455abf18,2026-05-15T08:00:00Z,2026-05-15T10:00:00+0200,2239.64,MW,FR,FR,actual_onshore_wind_generation,Wind Onshore,2026-05-23T20:18:59Z
2026-05-23T20:18:24Z,2026-05-23T22:18:24+0200,ff0858ab-4740-4bdb-8b96-9805455abf18,2026-05-15T08:15:00Z,2026-05-15T10:15:00+0200,2473.34,MW,FR,FR,actual_onshore_wind_generation,Wind Onshore,2026-05-23T20:18:59Z
2026-05-23T20:18:24Z,2026-05-23T22:18:24+0200,ff0858ab-4740-4bdb-8b96-9805455abf18,2026-05-15T08:30:00Z,2026-05-15T10:30:00+0200,2525.03,MW,FR,FR,actual_onshore_wind_generation,Wind Onshore,2026-05-23T20:18:59Z
2026-05-23T20:18:24Z,2026-05-23T22:18:24+0200,ff0858ab-4740-4bdb-8b96-9805455abf18,2026-05-15T08:45:00Z,2026-05-15T10:45:00+0200,2501.45,MW,FR,FR,actual_onshore_wind_generation,Wind Onshore,2026-05-23T20:18:59Z
2026-05-23T20:18:24Z,2026-05-23T22:18:24+0200,ff0858ab-4740-4bdb-8b96-9805455abf18,2026-05-15T09:00:00Z,2026-05-15T11:00:00+0200,2699.76,MW,FR,FR,actual_onshore_wind_generation,Wind Onshore,2026-05-23T20:18:59Z
2026-05-23T20:18:24Z,2026-05-23T22:18:24+0200,ff0858ab-4740-4bdb-8b96-9805455abf18,2026-05-15T09:15:00Z,2026-05-15T11:15:00+0200,2903.76,MW,FR,FR,actual_onshore_wind_generation,Wind Onshore,2026-05-23T20:18:59Z
2026-05-23T20:18:24Z,2026-05-23T22:18:24+0200,ff0858ab-4740-4bdb-8b96-9805455abf18,2026-05-15T09:30:00Z,2026-05-15T11:30:00+0200,3056.15,MW,FR,FR,actual_onshore_wind_generation,Wind Onshore,2026-05-23T20:18:59Z
2026-05-23T20:18:24Z,2026-05-23T22:18:24+0200,ff0858ab-4740-4bdb-8b96-9805455abf18,2026-05-15T09:45:00Z,2026-05-15T11:45:00+0200,3133.19,MW,FR,FR,actual_onshore_wind_generation,Wind Onshore,2026-05-23T20:18:59Z
2026-05-23T20:18:24Z,2026-05-23T22:18:24+0200,ff0858ab-4740-4bdb-8b96-9805455abf18,2026-05-15T10:00:00Z,2026-05-15T12:00:00+0200,3108.55,MW,FR,FR,actual_onshore_wind_generation,Wind Onshore,2026-05-23T20:18:59Z
2026-05-23T20:18:24Z,2026-05-23T22:18:24+0200,ff0858ab-4740-4bdb-8b96-9805455abf18,2026-05-15T10:15:00Z,2026-05-15T12:15:00+0200,3206.52,MW,FR,FR,actual_onshore_wind_generation,Wind Onshore,2026-05-23T20:18:59Z
2026-05-23T20:18:24Z,2026-05-23T22:18:24+0200,ff0858ab-4740-4bdb-8b96-9805455abf18,2026-05-15T10:30:00Z,2026-05-15T12:30:00+0200,3231.14,MW,FR,FR,actual_onshore_wind_generation,Wind Onshore,2026-05-23T20:18:59Z
2026-05-23T20:18:24Z,2026-05-23T22:18:24+0200,ff0858ab-4740-4bdb-8b96-9805455abf18,2026-05-15T10:45:00Z,2026-05-15T12:45:00+0200,3318.37,MW,FR,FR,actual_onshore_wind_generation,Wind Onshore,2026-05-23T20:18:59Z
2026-05-23T20:18:24Z,2026-05-23T22:18:24+0200,ff0858ab-4740-4bdb-8b96-9805455abf18,2026-05-15T11:00:00Z,2026-05-15T13:00:00+0200,3395.81,MW,FR,FR,actual_onshore_wind_generation,Wind Onshore,2026-05-23T20:18:59Z
2026-05-23T20:18:24Z,2026-05-23T22:18:24+0200,ff0858ab-4740-4bdb-8b96-9805455abf18,2026-05-15T11:15:00Z,2026-05-15T13:15:00+0200,3543.18,MW,FR,FR,actual_onshore_wind_generation,Wind Onshore,2026-05-23T20:18:59Z
2026-05-23T20:18:24Z,2026-05-23T22:18:24+0200,ff0858ab-4740-4bdb-8b96-9805455abf18,2026-05-15T11:30:00Z,2026-05-15T13:30:00+0200,3542.44,MW,FR,FR,actual_onshore_wind_generation,Wind Onshore,2026-05-23T20:18:59Z
2026-05-23T20:18:24Z,2026-05-23T22:18:24+0200,ff0858ab-4740-4bdb-8b96-9805455abf18,2026-05-15T11:45:00Z,2026-05-15T13:45:00+0200,3524.25,MW,FR,FR,actual_onshore_wind_generation,Wind Onshore,2026-05-23T20:18:59Z
2026-05-23T20:18:24Z,2026-05-23T22:18:24+0200,ff0858ab-4740-4bdb-8b96-9805455abf18,2026-05-15T12:00:00Z,2026-05-15T14:00:00+0200,3557.26,MW,FR,FR,actual_onshore_wind_generation,Wind Onshore,2026-05-23T20:18:59Z
2026-05-23T20:18:24Z,2026-05-23T22:18:24+0200,ff0858ab-4740-4bdb-8b96-9805455abf18,2026-05-15T12:15:00Z,2026-05-15T14:15:00+0200,3606.39,MW,FR,FR,actual_onshore_wind_generation,Wind Onshore,2026-05-23T20:18:59Z
2026-05-23T20:18:24Z,2026-05-23T22:18:24+0200,ff0858ab-4740-4bdb-8b96-9805455abf18,2026-05-15T12:30:00Z,2026-05-15T14:30:00+0200,3656.77,MW,FR,FR,actual_onshore_wind_generation,Wind Onshore,2026-05-23T20:18:59Z
2026-05-23T20:18:24Z,2026-05-23T22:18:24+0200,ff0858ab-4740-4bdb-8b96-9805455abf18,2026-05-15T12:45:00Z,2026-05-15T14:45:00+0200,3882.67,MW,FR,FR,actual_onshore_wind_generation,Wind Onshore,2026-05-23T20:18:59Z
2026-05-23T20:18:24Z,2026-05-23T22:18:24+0200,ff0858ab-4740-4bdb-8b96-9805455abf18,2026-05-15T13:00:00Z,2026-05-15T15:00:00+0200,4100.63,MW,FR,FR,actual_onshore_wind_generation,Wind Onshore,2026-05-23T20:18:59Z
2026-05-23T20:18:24Z,2026-05-23T22:18:24+0200,ff0858ab-4740-4bdb-8b96-9805455abf18,2026-05-15T13:15:00Z,2026-05-15T15:15:00+0200,4490.14,MW,FR,FR,actual_onshore_wind_generation,Wind Onshore,2026-05-23T20:18:59Z
2026-05-23T20:18:24Z,2026-05-23T22:18:24+0200,ff0858ab-4740-4bdb-8b96-9805455abf18,2026-05-15T13:30:00Z,2026-05-15T15:30:00+0200,4344.29,MW,FR,FR,actual_onshore_wind_generation,Wind Onshore,2026-05-23T20:18:59Z
2026-05-23T20:18:24Z,2026-05-23T22:18:24+0200,ff0858ab-4740-4bdb-8b96-9805455abf18,2026-05-15T13:45:00Z,2026-05-15T15:45:00+0200,4220.57,MW,FR,FR,actual_onshore_wind_generation,Wind Onshore,2026-05-23T20:18:59Z
2026-05-23T20:18:24Z,2026-05-23T22:18:24+0200,ff0858ab-4740-4bdb-8b96-9805455abf18,2026-05-15T14:00:00Z,2026-05-15T16:00:00+0200,3405.71,MW,FR,FR,actual_onshore_wind_generation,Wind Onshore,2026-05-23T20:18:59Z
2026-05-23T20:18:24Z,2026-05-23T22:18:24+0200,ff0858ab-4740-4bdb-8b96-9805455abf18,2026-05-15T14:15:00Z,2026-05-15T16:15:00+0200,4436.76,MW,FR,FR,actual_onshore_wind_generation,Wind Onshore,2026-05-23T20:18:59Z
2026-05-23T20:18:24Z,2026-05-23T22:18:24+0200,ff0858ab-4740-4bdb-8b96-9805455abf18,2026-05-15T14:30:00Z,2026-05-15T16:30:00+0200,4860.88,MW,FR,FR,actual_onshore_wind_generation,Wind Onshore,2026-05-23T20:18:59Z
2026-05-23T20:18:24Z,2026-05-23T22:18:24+0200,ff0858ab-4740-4bdb-8b96-9805455abf18,2026-05-15T14:45:00Z,2026-05-15T16:45:00+0200,4844.52,MW,FR,FR,actual_onshore_wind_generation,Wind Onshore,2026-05-23T20:18:59Z
2026-05-23T20:18:24Z,2026-05-23T22:18:24+0200,ff0858ab-4740-4bdb-8b96-9805455abf18,2026-05-15T15:00:00Z,2026-05-15T17:00:00+0200,4902.1,MW,FR,FR,actual_onshore_wind_generation,Wind Onshore,2026-05-23T20:18:59Z
2026-05-23T20:18:24Z,2026-05-23T22:18:24+0200,ff0858ab-4740-4bdb-8b96-9805455abf18,2026-05-15T15:15:00Z,2026-05-15T17:15:00+0200,5030.66,MW,FR,FR,actual_onshore_wind_generation,Wind Onshore,2026-05-23T20:18:59Z
2026-05-23T20:18:24Z,2026-05-23T22:18:24+0200,ff0858ab-4740-4bdb-8b96-9805455abf18,2026-05-15T15:30:00Z,2026-05-15T17:30:00+0200,5232.43,MW,FR,FR,actual_onshore_wind_generation,Wind Onshore,2026-05-23T20:18:59Z
2026-05-23T20:18:24Z,2026-05-23T22:18:24+0200,ff0858ab-4740-4bdb-8b96-9805455abf18,2026-05-15T15:45:00Z,2026-05-15T17:45:00+0200,4833.6,MW,FR,FR,actual_onshore_wind_generation,Wind Onshore,2026-05-23T20:18:59Z
2026-05-23T20:18:24Z,2026-05-23T22:18:24+0200,ff0858ab-4740-4bdb-8b96-9805455abf18,2026-05-15T16:00:00Z,2026-05-15T18:00:00+0200,4807.69,MW,FR,FR,actual_onshore_wind_generation,Wind Onshore,2026-05-23T20:18:59Z
2026-05-23T20:18:24Z,2026-05-23T22:18:24+0200,ff0858ab-4740-4bdb-8b96-9805455abf18,2026-05-15T16:15:00Z,2026-05-15T18:15:00+0200,4952.58,MW,FR,FR,actual_onshore_wind_generation,Wind Onshore,2026-05-23T20:18:59Z
2026-05-23T20:18:24Z,2026-05-23T22:18:24+0200,ff0858ab-4740-4bdb-8b96-9805455abf18,2026-05-15T16:30:00Z,2026-05-15T18:30:00+0200,4752.53,MW,FR,FR,actual_onshore_wind_generation,Wind Onshore,2026-05-23T20:18:59Z
2026-05-23T20:18:24Z,2026-05-23T22:18:24+0200,ff0858ab-4740-4bdb-8b96-9805455abf18,2026-05-15T16:45:00Z,2026-05-15T18:45:00+0200,4787.13,MW,FR,FR,actual_onshore_wind_generation,Wind Onshore,2026-05-23T20:18:59Z
2026-05-23T20:18:24Z,2026-05-23T22:18:24+0200,ff0858ab-4740-4bdb-8b96-9805455abf18,2026-05-15T17:00:00Z,2026-05-15T19:00:00+0200,4703.31,MW,FR,FR,actual_onshore_wind_generation,Wind Onshore,2026-05-23T20:18:59Z
2026-05-23T20:18:24Z,2026-05-23T22:18:24+0200,ff0858ab-4740-4bdb-8b96-9805455abf18,2026-05-15T17:15:00Z,2026-05-15T19:15:00+0200,4594.59,MW,FR,FR,actual_onshore_wind_generation,Wind Onshore,2026-05-23T20:18:59Z
2026-05-23T20:18:24Z,2026-05-23T22:18:24+0200,ff0858ab-4740-4bdb-8b96-9805455abf18,2026-05-15T17:30:00Z,2026-05-15T19:30:00+0200,4595.16,MW,FR,FR,actual_onshore_wind_generation,Wind Onshore,2026-05-23T20:18:59Z
2026-05-23T20:18:24Z,2026-05-23T22:18:24+0200,ff0858ab-4740-4bdb-8b96-9805455abf18,2026-05-15T17:45:00Z,2026-05-15T19:45:00+0200,4605.42,MW,FR,FR,actual_onshore_wind_generation,Wind Onshore,2026-05-23T20:18:59Z
2026-05-23T20:18:24Z,2026-05-23T22:18:24+0200,ff0858ab-4740-4bdb-8b96-9805455abf18,2026-05-15T18:00:00Z,2026-05-15T20:00:00+0200,4518.45,MW,FR,FR,actual_onshore_wind_generation,Wind Onshore,2026-05-23T20:18:59Z
2026-05-23T20:18:24Z,2026-05-23T22:18:24+0200,ff0858ab-4740-4bdb-8b96-9805455abf18,2026-05-15T18:15:00Z,2026-05-15T20:15:00+0200,4067.06,MW,FR,FR,actual_onshore_wind_generation,Wind Onshore,2026-05-23T20:18:59Z
2026-05-23T20:18:24Z,2026-05-23T22:18:24+0200,ff0858ab-4740-4bdb-8b96-9805455abf18,2026-05-15T18:30:00Z,2026-05-15T20:30:00+0200,3572.38,MW,FR,FR,actual_onshore_wind_generation,Wind Onshore,2026-05-23T20:18:59Z
2026-05-23T20:18:24Z,2026-05-23T22:18:24+0200,ff0858ab-4740-4bdb-8b96-9805455abf18,2026-05-15T18:45:00Z,2026-05-15T20:45:00+0200,3192.58,MW,FR,FR,actual_onshore_wind_generation,Wind Onshore,2026-05-23T20:18:59Z
2026-05-23T20:18:24Z,2026-05-23T22:18:24+0200,ff0858ab-4740-4bdb-8b96-9805455abf18,2026-05-15T19:00:00Z,2026-05-15T21:00:00+0200,3070.2,MW,FR,FR,actual_onshore_wind_generation,Wind Onshore,2026-05-23T20:18:59Z
2026-05-23T20:18:24Z,2026-05-23T22:18:24+0200,ff0858ab-4740-4bdb-8b96-9805455abf18,2026-05-15T19:15:00Z,2026-05-15T21:15:00+0200,3024.69,MW,FR,FR,actual_onshore_wind_generation,Wind Onshore,2026-05-23T20:18:59Z
2026-05-23T20:18:24Z,2026-05-23T22:18:24+0200,ff0858ab-4740-4bdb-8b96-9805455abf18,2026-05-15T19:30:00Z,2026-05-15T21:30:00+0200,3014.4,MW,FR,FR,actual_onshore_wind_generation,Wind Onshore,2026-05-23T20:18:59Z
2026-05-23T20:18:24Z,2026-05-23T22:18:24+0200,ff0858ab-4740-4bdb-8b96-9805455abf18,2026-05-15T19:45:00Z,2026-05-15T21:45:00+0200,2964.56,MW,FR,FR,actual_onshore_wind_generation,Wind Onshore,2026-05-23T20:18:59Z
2026-05-23T20:18:24Z,2026-05-23T22:18:24+0200,ff0858ab-4740-4bdb-8b96-9805455abf18,2026-05-15T20:00:00Z,2026-05-15T22:00:00+0200,2839.61,MW,FR,FR,actual_onshore_wind_generation,Wind Onshore,2026-05-23T20:18:59Z
2026-05-23T20:18:24Z,2026-05-23T22:18:24+0200,ff0858ab-4740-4bdb-8b96-9805455abf18,2026-05-15T20:15:00Z,2026-05-15T22:15:00+0200,2710.52,MW,FR,FR,actual_onshore_wind_generation,Wind Onshore,2026-05-23T20:18:59Z
2026-05-23T20:18:24Z,2026-05-23T22:18:24+0200,ff0858ab-4740-4bdb-8b96-9805455abf18,2026-05-15T20:30:00Z,2026-05-15T22:30:00+0200,2597.89,MW,FR,FR,actual_onshore_wind_generation,Wind Onshore,2026-05-23T20:18:59Z
2026-05-23T20:18:24Z,2026-05-23T22:18:24+0200,ff0858ab-4740-4bdb-8b96-9805455abf18,2026-05-15T20:45:00Z,2026-05-15T22:45:00+0200,2563.07,MW,FR,FR,actual_onshore_wind_generation,Wind Onshore,2026-05-23T20:18:59Z
2026-05-23T20:18:24Z,2026-05-23T22:18:24+0200,ff0858ab-4740-4bdb-8b96-9805455abf18,2026-05-15T21:00:00Z,2026-05-15T23:00:00+0200,2593.61,MW,FR,FR,actual_onshore_wind_generation,Wind Onshore,2026-05-23T20:18:59Z
2026-05-23T20:18:24Z,2026-05-23T22:18:24+0200,ff0858ab-4740-4bdb-8b96-9805455abf18,2026-05-15T21:15:00Z,2026-05-15T23:15:00+0200,2589.93,MW,FR,FR,actual_onshore_wind_generation,Wind Onshore,2026-05-23T20:18:59Z
2026-05-23T20:18:24Z,2026-05-23T22:18:24+0200,ff0858ab-4740-4bdb-8b96-9805455abf18,2026-05-15T21:30:00Z,2026-05-15T23:30:00+0200,2541.78,MW,FR,FR,actual_onshore_wind_generation,Wind Onshore,2026-05-23T20:18:59Z
2026-05-23T20:18:24Z,2026-05-23T22:18:24+0200,ff0858ab-4740-4bdb-8b96-9805455abf18,2026-05-15T21:45:00Z,2026-05-15T23:45:00+0200,2451.55,MW,FR,FR,actual_onshore_wind_generation,Wind Onshore,2026-05-23T20:18:59Z
2026-05-23T20:18:24Z,2026-05-23T22:18:24+0200,ff0858ab-4740-4bdb-8b96-9805455abf18,2026-05-15T22:00:00Z,2026-05-16T00:00:00+0200,2295.17,MW,FR,FR,actual_onshore_wind_generation,Wind Onshore,2026-05-23T20:18:59Z
2026-05-23T20:18:24Z,2026-05-23T22:18:24+0200,ff0858ab-4740-4bdb-8b96-9805455abf18,2026-05-15T22:15:00Z,2026-05-16T00:15:00+0200,2284.6,MW,FR,FR,actual_onshore_wind_generation,Wind Onshore,2026-05-23T20:18:59Z
2026-05-23T20:18:24Z,2026-05-23T22:18:24+0200,ff0858ab-4740-4bdb-8b96-9805455abf18,2026-05-15T22:30:00Z,2026-05-16T00:30:00+0200,2305.11,MW,FR,FR,actual_onshore_wind_generation,Wind Onshore,2026-05-23T20:18:59Z
2026-05-23T20:18:24Z,2026-05-23T22:18:24+0200,ff0858ab-4740-4bdb-8b96-9805455abf18,2026-05-15T22:45:00Z,2026-05-16T00:45:00+0200,2200.42,MW,FR,FR,actual_onshore_wind_generation,Wind Onshore,2026-05-23T20:18:59Z
2026-05-23T20:18:24Z,2026-05-23T22:18:24+0200,ff0858ab-4740-4bdb-8b96-9805455abf18,2026-05-15T23:00:00Z,2026-05-16T01:00:00+0200,2144.35,MW,FR,FR,actual_onshore_wind_generation,Wind Onshore,2026-05-23T20:18:59Z
2026-05-23T20:18:24Z,2026-05-23T22:18:24+0200,ff0858ab-4740-4bdb-8b96-9805455abf18,2026-05-15T23:15:00Z,2026-05-16T01:15:00+0200,2132.1,MW,FR,FR,actual_onshore_wind_generation,Wind Onshore,2026-05-23T20:18:59Z
2026-05-23T20:18:24Z,2026-05-23T22:18:24+0200,ff0858ab-4740-4bdb-8b96-9805455abf18,2026-05-15T23:30:00Z,2026-05-16T01:30:00+0200,2132.82,MW,FR,FR,actual_onshore_wind_generation,Wind Onshore,2026-05-23T20:18:59Z
2026-05-23T20:18:24Z,2026-05-23T22:18:24+0200,ff0858ab-4740-4bdb-8b96-9805455abf18,2026-05-15T23:45:00Z,2026-05-16T01:45:00+0200,2171.11,MW,FR,FR,actual_onshore_wind_generation,Wind Onshore,2026-05-23T20:18:59Z
2026-05-23T20:18:24Z,2026-05-23T22:18:24+0200,ff0858ab-4740-4bdb-8b96-9805455abf18,2026-05-16T00:00:00Z,2026-05-16T02:00:00+0200,2210.26,MW,FR,FR,actual_onshore_wind_generation,Wind Onshore,2026-05-23T20:18:59Z
2026-05-23T20:18:24Z,2026-05-23T22:18:24+0200,ff0858ab-4740-4bdb-8b96-9805455abf18,2026-05-16T00:15:00Z,2026-05-16T02:15:00+0200,2205.32,MW,FR,FR,actual_onshore_wind_generation,Wind Onshore,2026-05-23T20:18:59Z
2026-05-23T20:18:24Z,2026-05-23T22:18:24+0200,ff0858ab-4740-4bdb-8b96-9805455abf18,2026-05-16T00:30:00Z,2026-05-16T02:30:00+0200,2191.28,MW,FR,FR,actual_onshore_wind_generation,Wind Onshore,2026-05-23T20:18:59Z
2026-05-23T20:18:24Z,2026-05-23T22:18:24+0200,ff0858ab-4740-4bdb-8b96-9805455abf18,2026-05-16T00:45:00Z,2026-05-16T02:45:00+0200,2215.93,MW,FR,FR,actual_onshore_wind_generation,Wind Onshore,2026-05-23T20:18:59Z
2026-05-23T20:18:24Z,2026-05-23T22:18:24+0200,ff0858ab-4740-4bdb-8b96-9805455abf18,2026-05-16T01:00:00Z,2026-05-16T03:00:00+0200,2265.27,MW,FR,FR,actual_onshore_wind_generation,Wind Onshore,2026-05-23T20:18:59Z
2026-05-23T20:18:24Z,2026-05-23T22:18:24+0200,ff0858ab-4740-4bdb-8b96-9805455abf18,2026-05-16T01:15:00Z,2026-05-16T03:15:00+0200,2288.05,MW,FR,FR,actual_onshore_wind_generation,Wind Onshore,2026-05-23T20:18:59Z
2026-05-23T20:18:24Z,2026-05-23T22:18:24+0200,ff0858ab-4740-4bdb-8b96-9805455abf18,2026-05-16T01:30:00Z,2026-05-16T03:30:00+0200,2333.44,MW,FR,FR,actual_onshore_wind_generation,Wind Onshore,2026-05-23T20:18:59Z
2026-05-23T20:18:24Z,2026-05-23T22:18:24+0200,ff0858ab-4740-4bdb-8b96-9805455abf18,2026-05-16T01:45:00Z,2026-05-16T03:45:00+0200,2408.07,MW,FR,FR,actual_onshore_wind_generation,Wind Onshore,2026-05-23T20:18:59Z
2026-05-23T20:18:24Z,2026-05-23T22:18:24+0200,ff0858ab-4740-4bdb-8b96-9805455abf18,2026-05-16T02:00:00Z,2026-05-16T04:00:00+0200,2438.78,MW,FR,FR,actual_onshore_wind_generation,Wind Onshore,2026-05-23T20:18:59Z
2026-05-23T20:18:24Z,2026-05-23T22:18:24+0200,ff0858ab-4740-4bdb-8b96-9805455abf18,2026-05-16T02:15:00Z,2026-05-16T04:15:00+0200,2466.1,MW,FR,FR,actual_onshore_wind_generation,Wind Onshore,2026-05-23T20:18:59Z
2026-05-23T20:18:24Z,2026-05-23T22:18:24+0200,ff0858ab-4740-4bdb-8b96-9805455abf18,2026-05-16T02:30:00Z,2026-05-16T04:30:00+0200,2448.43,MW,FR,FR,actual_onshore_wind_generation,Wind Onshore,2026-05-23T20:18:59Z
2026-05-23T20:18:24Z,2026-05-23T22:18:24+0200,ff0858ab-4740-4bdb-8b96-9805455abf18,2026-05-16T02:45:00Z,2026-05-16T04:45:00+0200,2468.14,MW,FR,FR,actual_onshore_wind_generation,Wind Onshore,2026-05-23T20:18:59Z
2026-05-23T20:18:24Z,2026-05-23T22:18:24+0200,ff0858ab-4740-4bdb-8b96-9805455abf18,2026-05-16T03:00:00Z,2026-05-16T05:00:00+0200,2460.25,MW,FR,FR,actual_onshore_wind_generation,Wind Onshore,2026-05-23T20:18:59Z
2026-05-23T20:18:24Z,2026-05-23T22:18:24+0200,ff0858ab-4740-4bdb-8b96-9805455abf18,2026-05-16T03:15:00Z,2026-05-16T05:15:00+0200,2417.99,MW,FR,FR,actual_onshore_wind_generation,Wind Onshore,2026-05-23T20:18:59Z
2026-05-23T20:18:24Z,2026-05-23T22:18:24+0200,ff0858ab-4740-4bdb-8b96-9805455abf18,2026-05-16T03:30:00Z,2026-05-16T05:30:00+0200,2426.91,MW,FR,FR,actual_onshore_wind_generation,Wind Onshore,2026-05-23T20:18:59Z
2026-05-23T20:18:24Z,2026-05-23T22:18:24+0200,ff0858ab-4740-4bdb-8b96-9805455abf18,2026-05-16T03:45:00Z,2026-05-16T05:45:00+0200,2391.13,MW,FR,FR,actual_onshore_wind_generation,Wind Onshore,2026-05-23T20:18:59Z
2026-05-23T20:18:24Z,2026-05-23T22:18:24+0200,ff0858ab-4740-4bdb-8b96-9805455abf18,2026-05-16T04:00:00Z,2026-05-16T06:00:00+0200,2308.55,MW,FR,FR,actual_onshore_wind_generation,Wind Onshore,2026-05-23T20:18:59Z
2026-05-23T20:18:24Z,2026-05-23T22:18:24+0200,ff0858ab-4740-4bdb-8b96-9805455abf18,2026-05-16T04:15:00Z,2026-05-16T06:15:00+0200,2280.39,MW,FR,FR,actual_onshore_wind_generation,Wind Onshore,2026-05-23T20:18:59Z
2026-05-23T20:18:24Z,2026-05-23T22:18:24+0200,ff0858ab-4740-4bdb-8b96-9805455abf18,2026-05-16T04:30:00Z,2026-05-16T06:30:00+0200,2251.33,MW,FR,FR,actual_onshore_wind_generation,Wind Onshore,2026-05-23T20:18:59Z
2026-05-23T20:18:24Z,2026-05-23T22:18:24+0200,ff0858ab-4740-4bdb-8b96-9805455abf18,2026-05-16T04:45:00Z,2026-05-16T06:45:00+0200,2271.32,MW,FR,FR,actual_onshore_wind_generation,Wind Onshore,2026-05-23T20:18:59Z
2026-05-23T20:18:24Z,2026-05-23T22:18:24+0200,ff0858ab-4740-4bdb-8b96-9805455abf18,2026-05-16T05:00:00Z,2026-05-16T07:00:00+0200,2276.05,MW,FR,FR,actual_onshore_wind_generation,Wind Onshore,2026-05-23T20:18:59Z
2026-05-23T20:18:24Z,2026-05-23T22:18:24+0200,ff0858ab-4740-4bdb-8b96-9805455abf18,2026-05-16T05:15:00Z,2026-05-16T07:15:00+0200,2219.4,MW,FR,FR,actual_onshore_wind_generation,Wind Onshore,2026-05-23T20:18:59Z
2026-05-23T20:18:24Z,2026-05-23T22:18:24+0200,ff0858ab-4740-4bdb-8b96-9805455abf18,2026-05-16T05:30:00Z,2026-05-16T07:30:00+0200,2123.01,MW,FR,FR,actual_onshore_wind_generation,Wind Onshore,2026-05-23T20:18:59Z
2026-05-23T20:18:24Z,2026-05-23T22:18:24+0200,ff0858ab-4740-4bdb-8b96-9805455abf18,2026-05-16T05:45:00Z,2026-05-16T07:45:00+0200,1992.23,MW,FR,FR,actual_onshore_wind_generation,Wind Onshore,2026-05-23T20:18:59Z
2026-05-23T20:18:24Z,2026-05-23T22:18:24+0200,ff0858ab-4740-4bdb-8b96-9805455abf18,2026-05-16T06:00:00Z,2026-05-16T08:00:00+0200,1888.57,MW,FR,FR,actual_onshore_wind_generation,Wind Onshore,2026-05-23T20:18:59Z
2026-05-23T20:18:24Z,2026-05-23T22:18:24+0200,ff0858ab-4740-4bdb-8b96-9805455abf18,2026-05-16T06:15:00Z,2026-05-16T08:15:00+0200,1778.92,MW,FR,FR,actual_onshore_wind_generation,Wind Onshore,2026-05-23T20:18:59Z
2026-05-23T20:18:24Z,2026-05-23T22:18:24+0200,ff0858ab-4740-4bdb-8b96-9805455abf18,2026-05-16T06:30:00Z,2026-05-16T08:30:00+0200,1740.52,MW,FR,FR,actual_onshore_wind_generation,Wind Onshore,2026-05-23T20:18:59Z
2026-05-23T20:18:24Z,2026-05-23T22:18:24+0200,ff0858ab-4740-4bdb-8b96-9805455abf18,2026-05-16T06:45:00Z,2026-05-16T08:45:00+0200,1693.72,MW,FR,FR,actual_onshore_wind_generation,Wind Onshore,2026-05-23T20:18:59Z
2026-05-23T20:18:24Z,2026-05-23T22:18:24+0200,ff0858ab-4740-4bdb-8b96-9805455abf18,2026-05-16T07:00:00Z,2026-05-16T09:00:00+0200,1623.81,MW,FR,FR,actual_onshore_wind_generation,Wind Onshore,2026-05-23T20:18:59Z
2026-05-23T20:18:24Z,2026-05-23T22:18:24+0200,ff0858ab-4740-4bdb-8b96-9805455abf18,2026-05-16T07:15:00Z,2026-05-16T09:15:00+0200,1653.69,MW,FR,FR,actual_onshore_wind_generation,Wind Onshore,2026-05-23T20:18:59Z
2026-05-23T20:18:24Z,2026-05-23T22:18:24+0200,ff0858ab-4740-4bdb-8b96-9805455abf18,2026-05-16T07:30:00Z,2026-05-16T09:30:00+0200,1752.7,MW,FR,FR,actual_onshore_wind_generation,Wind Onshore,2026-05-23T20:18:59Z
2026-05-23T20:18:24Z,2026-05-23T22:18:24+0200,ff0858ab-4740-4bdb-8b96-9805455abf18,2026-05-16T07:45:00Z,2026-05-16T09:45:00+0200,1834.24,MW,FR,FR,actual_onshore_wind_generation,Wind Onshore,2026-05-23T20:18:59Z
2026-05-23T20:18:24Z,2026-05-23T22:18:24+0200,ff0858ab-4740-4bdb-8b96-9805455abf18,2026-05-16T08:00:00Z,2026-05-16T10:00:00+0200,1898.3,MW,FR,FR,actual_onshore_wind_generation,Wind Onshore,2026-05-23T20:18:59Z
2026-05-23T20:18:24Z,2026-05-23T22:18:24+0200,ff0858ab-4740-4bdb-8b96-9805455abf18,2026-05-16T08:15:00Z,2026-05-16T10:15:00+0200,1973.96,MW,FR,FR,actual_onshore_wind_generation,Wind Onshore,2026-05-23T20:18:59Z
2026-05-23T20:18:24Z,2026-05-23T22:18:24+0200,ff0858ab-4740-4bdb-8b96-9805455abf18,2026-05-16T08:30:00Z,2026-05-16T10:30:00+0200,2101.64,MW,FR,FR,actual_onshore_wind_generation,Wind Onshore,2026-05-23T20:18:59Z
2026-05-23T20:18:24Z,2026-05-23T22:18:24+0200,ff0858ab-4740-4bdb-8b96-9805455abf18,2026-05-16T08:45:00Z,2026-05-16T10:45:00+0200,2186.51,MW,FR,FR,actual_onshore_wind_generation,Wind Onshore,2026-05-23T20:18:59Z
2026-05-23T20:18:24Z,2026-05-23T22:18:24+0200,ff0858ab-4740-4bdb-8b96-9805455abf18,2026-05-16T09:00:00Z,2026-05-16T11:00:00+0200,2326.26,MW,FR,FR,actual_onshore_wind_generation,Wind Onshore,2026-05-23T20:18:59Z
2026-05-23T20:18:24Z,2026-05-23T22:18:24+0200,ff0858ab-4740-4bdb-8b96-9805455abf18,2026-05-16T09:15:00Z,2026-05-16T11:15:00+0200,2475.83,MW,FR,FR,actual_onshore_wind_generation,Wind Onshore,2026-05-23T20:18:59Z
2026-05-23T20:18:24Z,2026-05-23T22:18:24+0200,ff0858ab-4740-4bdb-8b96-9805455abf18,2026-05-16T09:30:00Z,2026-05-16T11:30:00+0200,2545.93,MW,FR,FR,actual_onshore_wind_generation,Wind Onshore,2026-05-23T20:18:59Z
2026-05-23T20:18:24Z,2026-05-23T22:18:24+0200,ff0858ab-4740-4bdb-8b96-9805455abf18,2026-05-16T09:45:00Z,2026-05-16T11:45:00+0200,2714.94,MW,FR,FR,actual_onshore_wind_generation,Wind Onshore,2026-05-23T20:18:59Z
2026-05-23T20:18:24Z,2026-05-23T22:18:24+0200,ff0858ab-4740-4bdb-8b96-9805455abf18,2026-05-16T10:00:00Z,2026-05-16T12:00:00+0200,2971.16,MW,FR,FR,actual_onshore_wind_generation,Wind Onshore,2026-05-23T20:18:59Z
2026-05-23T20:18:24Z,2026-05-23T22:18:24+0200,ff0858ab-4740-4bdb-8b96-9805455abf18,2026-05-16T10:15:00Z,2026-05-16T12:15:00+0200,3041.49,MW,FR,FR,actual_onshore_wind_generation,Wind Onshore,2026-05-23T20:18:59Z
2026-05-23T20:18:24Z,2026-05-23T22:18:24+0200,ff0858ab-4740-4bdb-8b96-9805455abf18,2026-05-16T10:30:00Z,2026-05-16T12:30:00+0200,3392.03,MW,FR,FR,actual_onshore_wind_generation,Wind Onshore,2026-05-23T20:18:59Z
2026-05-23T20:18:24Z,2026-05-23T22:18:24+0200,ff0858ab-4740-4bdb-8b96-9805455abf18,2026-05-16T10:45:00Z,2026-05-16T12:45:00+0200,3331.23,MW,FR,FR,actual_onshore_wind_generation,Wind Onshore,2026-05-23T20:18:59Z
2026-05-23T20:18:24Z,2026-05-23T22:18:24+0200,ff0858ab-4740-4bdb-8b96-9805455abf18,2026-05-16T11:00:00Z,2026-05-16T13:00:00+0200,2381.42,MW,FR,FR,actual_onshore_wind_generation,Wind Onshore,2026-05-23T20:18:59Z
2026-05-23T20:18:24Z,2026-05-23T22:18:24+0200,ff0858ab-4740-4bdb-8b96-9805455abf18,2026-05-16T11:15:00Z,2026-05-16T13:15:00+0200,2301.99,MW,FR,FR,actual_onshore_wind_generation,Wind Onshore,2026-05-23T20:18:59Z
2026-05-23T20:18:24Z,2026-05-23T22:18:24+0200,ff0858ab-4740-4bdb-8b96-9805455abf18,2026-05-16T11:30:00Z,2026-05-16T13:30:00+0200,2269.21,MW,FR,FR,actual_onshore_wind_generation,Wind Onshore,2026-05-23T20:18:59Z
2026-05-23T20:18:24Z,2026-05-23T22:18:24+0200,ff0858ab-4740-4bdb-8b96-9805455abf18,2026-05-16T11:45:00Z,2026-05-16T13:45:00+0200,2162.64,MW,FR,FR,actual_onshore_wind_generation,Wind Onshore,2026-05-23T20:18:59Z
2026-05-23T20:18:24Z,2026-05-23T22:18:24+0200,ff0858ab-4740-4bdb-8b96-9805455abf18,2026-05-16T12:00:00Z,2026-05-16T14:00:00+0200,2113.18,MW,FR,FR,actual_onshore_wind_generation,Wind Onshore,2026-05-23T20:18:59Z
2026-05-23T20:18:24Z,2026-05-23T22:18:24+0200,ff0858ab-4740-4bdb-8b96-9805455abf18,2026-05-16T12:15:00Z,2026-05-16T14:15:00+0200,2000.95,MW,FR,FR,actual_onshore_wind_generation,Wind Onshore,2026-05-23T20:18:59Z
2026-05-23T20:18:24Z,2026-05-23T22:18:24+0200,ff0858ab-4740-4bdb-8b96-9805455abf18,2026-05-16T12:30:00Z,2026-05-16T14:30:00+0200,1955.51,MW,FR,FR,actual_onshore_wind_generation,Wind Onshore,2026-05-23T20:18:59Z
2026-05-23T20:18:24Z,2026-05-23T22:18:24+0200,ff0858ab-4740-4bdb-8b96-9805455abf18,2026-05-16T12:45:00Z,2026-05-16T14:45:00+0200,1942.17,MW,FR,FR,actual_onshore_wind_generation,Wind Onshore,2026-05-23T20:18:59Z
2026-05-23T20:18:24Z,2026-05-23T22:18:24+0200,ff0858ab-4740-4bdb-8b96-9805455abf18,2026-05-16T13:00:00Z,2026-05-16T15:00:00+0200,2298.97,MW,FR,FR,actual_onshore_wind_generation,Wind Onshore,2026-05-23T20:18:59Z
2026-05-23T20:18:24Z,2026-05-23T22:18:24+0200,ff0858ab-4740-4bdb-8b96-9805455abf18,2026-05-16T13:15:00Z,2026-05-16T15:15:00+0200,2332.3,MW,FR,FR,actual_onshore_wind_generation,Wind Onshore,2026-05-23T20:18:59Z
2026-05-23T20:18:24Z,2026-05-23T22:18:24+0200,ff0858ab-4740-4bdb-8b96-9805455abf18,2026-05-16T13:30:00Z,2026-05-16T15:30:00+0200,2351.94,MW,FR,FR,actual_onshore_wind_generation,Wind Onshore,2026-05-23T20:18:59Z
2026-05-23T20:18:24Z,2026-05-23T22:18:24+0200,ff0858ab-4740-4bdb-8b96-9805455abf18,2026-05-16T13:45:00Z,2026-05-16T15:45:00+0200,2447.57,MW,FR,FR,actual_onshore_wind_generation,Wind Onshore,2026-05-23T20:18:59Z
2026-05-23T20:18:24Z,2026-05-23T22:18:24+0200,ff0858ab-4740-4bdb-8b96-9805455abf18,2026-05-16T14:00:00Z,2026-05-16T16:00:00+0200,2558.81,MW,FR,FR,actual_onshore_wind_generation,Wind Onshore,2026-05-23T20:18:59Z
2026-05-23T20:18:24Z,2026-05-23T22:18:24+0200,ff0858ab-4740-4bdb-8b96-9805455abf18,2026-05-16T14:15:00Z,2026-05-16T16:15:00+0200,2519.25,MW,FR,FR,actual_onshore_wind_generation,Wind Onshore,2026-05-23T20:18:59Z
2026-05-23T20:18:24Z,2026-05-23T22:18:24+0200,ff0858ab-4740-4bdb-8b96-9805455abf18,2026-05-16T14:30:00Z,2026-05-16T16:30:00+0200,2533.75,MW,FR,FR,actual_onshore_wind_generation,Wind Onshore,2026-05-23T20:18:59Z
2026-05-23T20:18:24Z,2026-05-23T22:18:24+0200,ff0858ab-4740-4bdb-8b96-9805455abf18,2026-05-16T14:45:00Z,2026-05-16T16:45:00+0200,2583.48,MW,FR,FR,actual_onshore_wind_generation,Wind Onshore,2026-05-23T20:18:59Z
2026-05-23T20:18:24Z,2026-05-23T22:18:24+0200,ff0858ab-4740-4bdb-8b96-9805455abf18,2026-05-16T15:00:00Z,2026-05-16T17:00:00+0200,2529.74,MW,FR,FR,actual_onshore_wind_generation,Wind Onshore,2026-05-23T20:18:59Z
2026-05-23T20:18:24Z,2026-05-23T22:18:24+0200,ff0858ab-4740-4bdb-8b96-9805455abf18,2026-05-16T15:15:00Z,2026-05-16T17:15:00+0200,2540.74,MW,FR,FR,actual_onshore_wind_generation,Wind Onshore,2026-05-23T20:18:59Z
2026-05-23T20:18:24Z,2026-05-23T22:18:24+0200,ff0858ab-4740-4bdb-8b96-9805455abf18,2026-05-16T15:30:00Z,2026-05-16T17:30:00+0200,3671.43,MW,FR,FR,actual_onshore_wind_generation,Wind Onshore,2026-05-23T20:18:59Z
2026-05-23T20:18:24Z,2026-05-23T22:18:24+0200,ff0858ab-4740-4bdb-8b96-9805455abf18,2026-05-16T15:45:00Z,2026-05-16T17:45:00+0200,4210.29,MW,FR,FR,actual_onshore_wind_generation,Wind Onshore,2026-05-23T20:18:59Z
2026-05-23T20:18:24Z,2026-05-23T22:18:24+0200,ff0858ab-4740-4bdb-8b96-9805455abf18,2026-05-16T16:00:00Z,2026-05-16T18:00:00+0200,4233.03,MW,FR,FR,actual_onshore_wind_generation,Wind Onshore,2026-05-23T20:18:59Z
2026-05-23T20:18:24Z,2026-05-23T22:18:24+0200,ff0858ab-4740-4bdb-8b96-9805455abf18,2026-05-16T16:15:00Z,2026-05-16T18:15:00+0200,4258.38,MW,FR,FR,actual_onshore_wind_generation,Wind Onshore,2026-05-23T20:18:59Z
2026-05-23T20:18:24Z,2026-05-23T22:18:24+0200,ff0858ab-4740-4bdb-8b96-9805455abf18,2026-05-16T16:30:00Z,2026-05-16T18:30:00+0200,4018.62,MW,FR,FR,actual_onshore_wind_generation,Wind Onshore,2026-05-23T20:18:59Z
2026-05-23T20:18:24Z,2026-05-23T22:18:24+0200,ff0858ab-4740-4bdb-8b96-9805455abf18,2026-05-16T16:45:00Z,2026-05-16T18:45:00+0200,3750.8,MW,FR,FR,actual_onshore_wind_generation,Wind Onshore,2026-05-23T20:18:59Z
2026-05-23T20:18:24Z,2026-05-23T22:18:24+0200,ff0858ab-4740-4bdb-8b96-9805455abf18,2026-05-16T17:00:00Z,2026-05-16T19:00:00+0200,3504.41,MW,FR,FR,actual_onshore_wind_generation,Wind Onshore,2026-05-23T20:18:59Z
2026-05-23T20:18:24Z,2026-05-23T22:18:24+0200,ff0858ab-4740-4bdb-8b96-9805455abf18,2026-05-16T17:15:00Z,2026-05-16T19:15:00+0200,3422.71,MW,FR,FR,actual_onshore_wind_generation,Wind Onshore,2026-05-23T20:18:59Z
2026-05-23T20:18:24Z,2026-05-23T22:18:24+0200,ff0858ab-4740-4bdb-8b96-9805455abf18,2026-05-16T17:30:00Z,2026-05-16T19:30:00+0200,3213.46,MW,FR,FR,actual_onshore_wind_generation,Wind Onshore,2026-05-23T20:18:59Z
2026-05-23T20:18:24Z,2026-05-23T22:18:24+0200,ff0858ab-4740-4bdb-8b96-9805455abf18,2026-05-16T17:45:00Z,2026-05-16T19:45:00+0200,2996.7,MW,FR,FR,actual_onshore_wind_generation,Wind Onshore,2026-05-23T20:18:59Z
2026-05-23T20:18:24Z,2026-05-23T22:18:24+0200,ff0858ab-4740-4bdb-8b96-9805455abf18,2026-05-16T18:00:00Z,2026-05-16T20:00:00+0200,2812.19,MW,FR,FR,actual_onshore_wind_generation,Wind Onshore,2026-05-23T20:18:59Z
2026-05-23T20:18:24Z,2026-05-23T22:18:24+0200,ff0858ab-4740-4bdb-8b96-9805455abf18,2026-05-16T18:15:00Z,2026-05-16T20:15:00+0200,2649.58,MW,FR,FR,actual_onshore_wind_generation,Wind Onshore,2026-05-23T20:18:59Z
2026-05-23T20:18:24Z,2026-05-23T22:18:24+0200,ff0858ab-4740-4bdb-8b96-9805455abf18,2026-05-16T18:30:00Z,2026-05-16T20:30:00+0200,2529.88,MW,FR,FR,actual_onshore_wind_generation,Wind Onshore,2026-05-23T20:18:59Z
2026-05-23T20:18:24Z,2026-05-23T22:18:24+0200,ff0858ab-4740-4bdb-8b96-9805455abf18,2026-05-16T18:45:00Z,2026-05-16T20:45:00+0200,2584.66,MW,FR,FR,actual_onshore_wind_generation,Wind Onshore,2026-05-23T20:18:59Z
2026-05-23T20:18:24Z,2026-05-23T22:18:24+0200,ff0858ab-4740-4bdb-8b96-9805455abf18,2026-05-16T19:00:00Z,2026-05-16T21:00:00+0200,2525.2,MW,FR,FR,actual_onshore_wind_generation,Wind Onshore,2026-05-23T20:18:59Z
2026-05-23T20:18:24Z,2026-05-23T22:18:24+0200,ff0858ab-4740-4bdb-8b96-9805455abf18,2026-05-16T19:15:00Z,2026-05-16T21:15:00+0200,2625.41,MW,FR,FR,actual_onshore_wind_generation,Wind Onshore,2026-05-23T20:18:59Z
2026-05-23T20:18:24Z,2026-05-23T22:18:24+0200,ff0858ab-4740-4bdb-8b96-9805455abf18,2026-05-16T19:30:00Z,2026-05-16T21:30:00+0200,2665.71,MW,FR,FR,actual_onshore_wind_generation,Wind Onshore,2026-05-23T20:18:59Z
2026-05-23T20:18:24Z,2026-05-23T22:18:24+0200,ff0858ab-4740-4bdb-8b96-9805455abf18,2026-05-16T19:45:00Z,2026-05-16T21:45:00+0200,2725.53,MW,FR,FR,actual_onshore_wind_generation,Wind Onshore,2026-05-23T20:18:59Z
2026-05-23T20:18:24Z,2026-05-23T22:18:24+0200,ff0858ab-4740-4bdb-8b96-9805455abf18,2026-05-16T20:00:00Z,2026-05-16T22:00:00+0200,2751.57,MW,FR,FR,actual_onshore_wind_generation,Wind Onshore,2026-05-23T20:18:59Z
2026-05-23T20:18:24Z,2026-05-23T22:18:24+0200,ff0858ab-4740-4bdb-8b96-9805455abf18,2026-05-16T20:15:00Z,2026-05-16T22:15:00+0200,2761.28,MW,FR,FR,actual_onshore_wind_generation,Wind Onshore,2026-05-23T20:18:59Z
2026-05-23T20:18:24Z,2026-05-23T22:18:24+0200,ff0858ab-4740-4bdb-8b96-9805455abf18,2026-05-16T20:30:00Z,2026-05-16T22:30:00+0200,2852.42,MW,FR,FR,actual_onshore_wind_generation,Wind Onshore,2026-05-23T20:18:59Z
2026-05-23T20:18:24Z,2026-05-23T22:18:24+0200,ff0858ab-4740-4bdb-8b96-9805455abf18,2026-05-16T20:45:00Z,2026-05-16T22:45:00+0200,2916.52,MW,FR,FR,actual_onshore_wind_generation,Wind Onshore,2026-05-23T20:18:59Z
2026-05-23T20:18:24Z,2026-05-23T22:18:24+0200,ff0858ab-4740-4bdb-8b96-9805455abf18,2026-05-16T21:00:00Z,2026-05-16T23:00:00+0200,3056.28,MW,FR,FR,actual_onshore_wind_generation,Wind Onshore,2026-05-23T20:18:59Z
2026-05-23T20:18:24Z,2026-05-23T22:18:24+0200,ff0858ab-4740-4bdb-8b96-9805455abf18,2026-05-16T21:15:00Z,2026-05-16T23:15:00+0200,3149.19,MW,FR,FR,actual_onshore_wind_generation,Wind Onshore,2026-05-23T20:18:59Z
2026-05-23T20:18:24Z,2026-05-23T22:18:24+0200,ff0858ab-4740-4bdb-8b96-9805455abf18,2026-05-16T21:30:00Z,2026-05-16T23:30:00+0200,3173.5,MW,FR,FR,actual_onshore_wind_generation,Wind Onshore,2026-05-23T20:18:59Z
2026-05-23T20:18:24Z,2026-05-23T22:18:24+0200,ff0858ab-4740-4bdb-8b96-9805455abf18,2026-05-16T21:45:00Z,2026-05-16T23:45:00+0200,3124.6,MW,FR,FR,actual_onshore_wind_generation,Wind Onshore,2026-05-23T20:18:59Z
2026-05-23T20:18:24Z,2026-05-23T22:18:24+0200,ff0858ab-4740-4bdb-8b96-9805455abf18,2026-05-16T22:00:00Z,2026-05-17T00:00:00+0200,3157.96,MW,FR,FR,actual_onshore_wind_generation,Wind Onshore,2026-05-23T20:18:59Z
2026-05-23T20:18:24Z,2026-05-23T22:18:24+0200,ff0858ab-4740-4bdb-8b96-9805455abf18,2026-05-16T22:15:00Z,2026-05-17T00:15:00+0200,3171.94,MW,FR,FR,actual_onshore_wind_generation,Wind Onshore,2026-05-23T20:18:59Z
2026-05-23T20:18:24Z,2026-05-23T22:18:24+0200,ff0858ab-4740-4bdb-8b96-9805455abf18,2026-05-16T22:30:00Z,2026-05-17T00:30:00+0200,3211.75,MW,FR,FR,actual_onshore_wind_generation,Wind Onshore,2026-05-23T20:18:59Z
2026-05-23T20:18:24Z,2026-05-23T22:18:24+0200,ff0858ab-4740-4bdb-8b96-9805455abf18,2026-05-16T22:45:00Z,2026-05-17T00:45:00+0200,3190.39,MW,FR,FR,actual_onshore_wind_generation,Wind Onshore,2026-05-23T20:18:59Z
2026-05-23T20:18:24Z,2026-05-23T22:18:24+0200,ff0858ab-4740-4bdb-8b96-9805455abf18,2026-05-16T23:00:00Z,2026-05-17T01:00:00+0200,3167.26,MW,FR,FR,actual_onshore_wind_generation,Wind Onshore,2026-05-23T20:18:59Z
2026-05-23T20:18:24Z,2026-05-23T22:18:24+0200,ff0858ab-4740-4bdb-8b96-9805455abf18,2026-05-16T23:15:00Z,2026-05-17T01:15:00+0200,3168.74,MW,FR,FR,actual_onshore_wind_generation,Wind Onshore,2026-05-23T20:18:59Z
2026-05-23T20:18:24Z,2026-05-23T22:18:24+0200,ff0858ab-4740-4bdb-8b96-9805455abf18,2026-05-16T23:30:00Z,2026-05-17T01:30:00+0200,3200.14,MW,FR,FR,actual_onshore_wind_generation,Wind Onshore,2026-05-23T20:18:59Z
2026-05-23T20:18:24Z,2026-05-23T22:18:24+0200,ff0858ab-4740-4bdb-8b96-9805455abf18,2026-05-16T23:45:00Z,2026-05-17T01:45:00+0200,3251.44,MW,FR,FR,actual_onshore_wind_generation,Wind Onshore,2026-05-23T20:18:59Z
2026-05-23T20:18:24Z,2026-05-23T22:18:24+0200,ff0858ab-4740-4bdb-8b96-9805455abf18,2026-05-17T00:00:00Z,2026-05-17T02:00:00+0200,3226.88,MW,FR,FR,actual_onshore_wind_generation,Wind Onshore,2026-05-23T20:18:59Z
2026-05-23T20:18:24Z,2026-05-23T22:18:24+0200,ff0858ab-4740-4bdb-8b96-9805455abf18,2026-05-17T00:15:00Z,2026-05-17T02:15:00+0200,3179.55,MW,FR,FR,actual_onshore_wind_generation,Wind Onshore,2026-05-23T20:18:59Z
2026-05-23T20:18:24Z,2026-05-23T22:18:24+0200,ff0858ab-4740-4bdb-8b96-9805455abf18,2026-05-17T00:30:00Z,2026-05-17T02:30:00+0200,3133.78,MW,FR,FR,actual_onshore_wind_generation,Wind Onshore,2026-05-23T20:18:59Z
2026-05-23T20:18:24Z,2026-05-23T22:18:24+0200,ff0858ab-4740-4bdb-8b96-9805455abf18,2026-05-17T00:45:00Z,2026-05-17T02:45:00+0200,3077.69,MW,FR,FR,actual_onshore_wind_generation,Wind Onshore,2026-05-23T20:18:59Z
2026-05-23T20:18:24Z,2026-05-23T22:18:24+0200,ff0858ab-4740-4bdb-8b96-9805455abf18,2026-05-17T01:00:00Z,2026-05-17T03:00:00+0200,3006.77,MW,FR,FR,actual_onshore_wind_generation,Wind Onshore,2026-05-23T20:18:59Z
2026-05-23T20:18:24Z,2026-05-23T22:18:24+0200,ff0858ab-4740-4bdb-8b96-9805455abf18,2026-05-17T01:15:00Z,2026-05-17T03:15:00+0200,3000.51,MW,FR,FR,actual_onshore_wind_generation,Wind Onshore,2026-05-23T20:18:59Z
2026-05-23T20:18:24Z,2026-05-23T22:18:24+0200,ff0858ab-4740-4bdb-8b96-9805455abf18,2026-05-17T01:30:00Z,2026-05-17T03:30:00+0200,3029.69,MW,FR,FR,actual_onshore_wind_generation,Wind Onshore,2026-05-23T20:18:59Z
2026-05-23T20:18:24Z,2026-05-23T22:18:24+0200,ff0858ab-4740-4bdb-8b96-9805455abf18,2026-05-17T01:45:00Z,2026-05-17T03:45:00+0200,3067.67,MW,FR,FR,actual_onshore_wind_generation,Wind Onshore,2026-05-23T20:18:59Z
2026-05-23T20:18:24Z,2026-05-23T22:18:24+0200,ff0858ab-4740-4bdb-8b96-9805455abf18,2026-05-17T02:00:00Z,2026-05-17T04:00:00+0200,3017.4,MW,FR,FR,actual_onshore_wind_generation,Wind Onshore,2026-05-23T20:18:59Z
2026-05-23T20:18:24Z,2026-05-23T22:18:24+0200,ff0858ab-4740-4bdb-8b96-9805455abf18,2026-05-17T02:15:00Z,2026-05-17T04:15:00+0200,2997.69,MW,FR,FR,actual_onshore_wind_generation,Wind Onshore,2026-05-23T20:18:59Z
2026-05-23T20:18:24Z,2026-05-23T22:18:24+0200,ff0858ab-4740-4bdb-8b96-9805455abf18,2026-05-17T02:30:00Z,2026-05-17T04:30:00+0200,3025.89,MW,FR,FR,actual_onshore_wind_generation,Wind Onshore,2026-05-23T20:18:59Z
2026-05-23T20:18:24Z,2026-05-23T22:18:24+0200,ff0858ab-4740-4bdb-8b96-9805455abf18,2026-05-17T02:45:00Z,2026-05-17T04:45:00+0200,3001.6,MW,FR,FR,actual_onshore_wind_generation,Wind Onshore,2026-05-23T20:18:59Z
2026-05-23T20:18:24Z,2026-05-23T22:18:24+0200,ff0858ab-4740-4bdb-8b96-9805455abf18,2026-05-17T03:00:00Z,2026-05-17T05:00:00+0200,2988.01,MW,FR,FR,actual_onshore_wind_generation,Wind Onshore,2026-05-23T20:18:59Z
2026-05-23T20:18:24Z,2026-05-23T22:18:24+0200,ff0858ab-4740-4bdb-8b96-9805455abf18,2026-05-17T03:15:00Z,2026-05-17T05:15:00+0200,2980.02,MW,FR,FR,actual_onshore_wind_generation,Wind Onshore,2026-05-23T20:18:59Z
2026-05-23T20:18:24Z,2026-05-23T22:18:24+0200,ff0858ab-4740-4bdb-8b96-9805455abf18,2026-05-17T03:30:00Z,2026-05-17T05:30:00+0200,3038.57,MW,FR,FR,actual_onshore_wind_generation,Wind Onshore,2026-05-23T20:18:59Z
2026-05-23T20:18:24Z,2026-05-23T22:18:24+0200,ff0858ab-4740-4bdb-8b96-9805455abf18,2026-05-17T03:45:00Z,2026-05-17T05:45:00+0200,3022.06,MW,FR,FR,actual_onshore_wind_generation,Wind Onshore,2026-05-23T20:18:59Z
2026-05-23T20:18:24Z,2026-05-23T22:18:24+0200,ff0858ab-4740-4bdb-8b96-9805455abf18,2026-05-17T04:00:00Z,2026-05-17T06:00:00+0200,3016.01,MW,FR,FR,actual_onshore_wind_generation,Wind Onshore,2026-05-23T20:18:59Z
2026-05-23T20:18:24Z,2026-05-23T22:18:24+0200,ff0858ab-4740-4bdb-8b96-9805455abf18,2026-05-17T04:15:00Z,2026-05-17T06:15:00+0200,3065.65,MW,FR,FR,actual_onshore_wind_generation,Wind Onshore,2026-05-23T20:18:59Z
2026-05-23T20:18:24Z,2026-05-23T22:18:24+0200,ff0858ab-4740-4bdb-8b96-9805455abf18,2026-05-17T04:30:00Z,2026-05-17T06:30:00+0200,3088.17,MW,FR,FR,actual_onshore_wind_generation,Wind Onshore,2026-05-23T20:18:59Z
2026-05-23T20:18:24Z,2026-05-23T22:18:24+0200,ff0858ab-4740-4bdb-8b96-9805455abf18,2026-05-17T04:45:00Z,2026-05-17T06:45:00+0200,3134.19,MW,FR,FR,actual_onshore_wind_generation,Wind Onshore,2026-05-23T20:18:59Z
2026-05-23T20:18:24Z,2026-05-23T22:18:24+0200,ff0858ab-4740-4bdb-8b96-9805455abf18,2026-05-17T05:00:00Z,2026-05-17T07:00:00+0200,3183.65,MW,FR,FR,actual_onshore_wind_generation,Wind Onshore,2026-05-23T20:18:59Z
2026-05-23T20:18:24Z,2026-05-23T22:18:24+0200,ff0858ab-4740-4bdb-8b96-9805455abf18,2026-05-17T05:15:00Z,2026-05-17T07:15:00+0200,3188.2,MW,FR,FR,actual_onshore_wind_generation,Wind Onshore,2026-05-23T20:18:59Z
2026-05-23T20:18:24Z,2026-05-23T22:18:24+0200,ff0858ab-4740-4bdb-8b96-9805455abf18,2026-05-17T05:30:00Z,2026-05-17T07:30:00+0200,3133.76,MW,FR,FR,actual_onshore_wind_generation,Wind Onshore,2026-05-23T20:18:59Z
2026-05-23T20:18:24Z,2026-05-23T22:18:24+0200,ff0858ab-4740-4bdb-8b96-9805455abf18,2026-05-17T05:45:00Z,2026-05-17T07:45:00+0200,3031.23,MW,FR,FR,actual_onshore_wind_generation,Wind Onshore,2026-05-23T20:18:59Z
2026-05-23T20:18:24Z,2026-05-23T22:18:24+0200,ff0858ab-4740-4bdb-8b96-9805455abf18,2026-05-17T06:00:00Z,2026-05-17T08:00:00+0200,2843.51,MW,FR,FR,actual_onshore_wind_generation,Wind Onshore,2026-05-23T20:18:59Z
2026-05-23T20:18:24Z,2026-05-23T22:18:24+0200,ff0858ab-4740-4bdb-8b96-9805455abf18,2026-05-17T06:15:00Z,2026-05-17T08:15:00+0200,2633.0,MW,FR,FR,actual_onshore_wind_generation,Wind Onshore,2026-05-23T20:18:59Z
2026-05-23T20:18:24Z,2026-05-23T22:18:24+0200,ff0858ab-4740-4bdb-8b96-9805455abf18,2026-05-17T06:30:00Z,2026-05-17T08:30:00+0200,2496.86,MW,FR,FR,actual_onshore_wind_generation,Wind Onshore,2026-05-23T20:18:59Z
2026-05-23T20:18:24Z,2026-05-23T22:18:24+0200,ff0858ab-4740-4bdb-8b96-9805455abf18,2026-05-17T06:45:00Z,2026-05-17T08:45:00+0200,2385.6,MW,FR,FR,actual_onshore_wind_generation,Wind Onshore,2026-05-23T20:18:59Z
2026-05-23T20:18:24Z,2026-05-23T22:18:24+0200,ff0858ab-4740-4bdb-8b96-9805455abf18,2026-05-17T07:00:00Z,2026-05-17T09:00:00+0200,2348.91,MW,FR,FR,actual_onshore_wind_generation,Wind Onshore,2026-05-23T20:18:59Z
2026-05-23T20:18:24Z,2026-05-23T22:18:24+0200,ff0858ab-4740-4bdb-8b96-9805455abf18,2026-05-17T07:15:00Z,2026-05-17T09:15:00+0200,2359.03,MW,FR,FR,actual_onshore_wind_generation,Wind Onshore,2026-05-23T20:18:59Z
2026-05-23T20:18:24Z,2026-05-23T22:18:24+0200,ff0858ab-4740-4bdb-8b96-9805455abf18,2026-05-17T07:30:00Z,2026-05-17T09:30:00+0200,2338.47,MW,FR,FR,actual_onshore_wind_generation,Wind Onshore,2026-05-23T20:18:59Z
2026-05-23T20:18:24Z,2026-05-23T22:18:24+0200,ff0858ab-4740-4bdb-8b96-9805455abf18,2026-05-17T07:45:00Z,2026-05-17T09:45:00+0200,2303.68,MW,FR,FR,actual_onshore_wind_generation,Wind Onshore,2026-05-23T20:18:59Z
2026-05-23T20:18:24Z,2026-05-23T22:18:24+0200,ff0858ab-4740-4bdb-8b96-9805455abf18,2026-05-17T08:00:00Z,2026-05-17T10:00:00+0200,2345.92,MW,FR,FR,actual_onshore_wind_generation,Wind Onshore,2026-05-23T20:18:59Z
2026-05-23T20:18:24Z,2026-05-23T22:18:24+0200,ff0858ab-4740-4bdb-8b96-9805455abf18,2026-05-17T08:15:00Z,2026-05-17T10:15:00+0200,2426.3,MW,FR,FR,actual_onshore_wind_generation,Wind Onshore,2026-05-23T20:18:59Z
2026-05-23T20:18:24Z,2026-05-23T22:18:24+0200,ff0858ab-4740-4bdb-8b96-9805455abf18,2026-05-17T08:30:00Z,2026-05-17T10:30:00+0200,2498.55,MW,FR,FR,actual_onshore_wind_generation,Wind Onshore,2026-05-23T20:18:59Z
2026-05-23T20:18:24Z,2026-05-23T22:18:24+0200,ff0858ab-4740-4bdb-8b96-9805455abf18,2026-05-17T08:45:00Z,2026-05-17T10:45:00+0200,2526.26,MW,FR,FR,actual_onshore_wind_generation,Wind Onshore,2026-05-23T20:18:59Z
2026-05-23T20:18:24Z,2026-05-23T22:18:24+0200,ff0858ab-4740-4bdb-8b96-9805455abf18,2026-05-17T09:00:00Z,2026-05-17T11:00:00+0200,2688.17,MW,FR,FR,actual_onshore_wind_generation,Wind Onshore,2026-05-23T20:18:59Z
2026-05-23T20:18:24Z,2026-05-23T22:18:24+0200,ff0858ab-4740-4bdb-8b96-9805455abf18,2026-05-17T09:15:00Z,2026-05-17T11:15:00+0200,2804.47,MW,FR,FR,actual_onshore_wind_generation,Wind Onshore,2026-05-23T20:18:59Z
2026-05-23T20:18:24Z,2026-05-23T22:18:24+0200,ff0858ab-4740-4bdb-8b96-9805455abf18,2026-05-17T09:30:00Z,2026-05-17T11:30:00+0200,2803.63,MW,FR,FR,actual_onshore_wind_generation,Wind Onshore,2026-05-23T20:18:59Z
2026-05-23T20:18:24Z,2026-05-23T22:18:24+0200,ff0858ab-4740-4bdb-8b96-9805455abf18,2026-05-17T09:45:00Z,2026-05-17T11:45:00+0200,2847.45,MW,FR,FR,actual_onshore_wind_generation,Wind Onshore,2026-05-23T20:18:59Z
2026-05-23T20:18:24Z,2026-05-23T22:18:24+0200,ff0858ab-4740-4bdb-8b96-9805455abf18,2026-05-17T10:00:00Z,2026-05-17T12:00:00+0200,2847.61,MW,FR,FR,actual_onshore_wind_generation,Wind Onshore,2026-05-23T20:18:59Z
2026-05-23T20:18:24Z,2026-05-23T22:18:24+0200,ff0858ab-4740-4bdb-8b96-9805455abf18,2026-05-17T10:15:00Z,2026-05-17T12:15:00+0200,2849.53,MW,FR,FR,actual_onshore_wind_generation,Wind Onshore,2026-05-23T20:18:59Z
2026-05-23T20:18:24Z,2026-05-23T22:18:24+0200,ff0858ab-4740-4bdb-8b96-9805455abf18,2026-05-17T10:30:00Z,2026-05-17T12:30:00+0200,2851.56,MW,FR,FR,actual_onshore_wind_generation,Wind Onshore,2026-05-23T20:18:59Z
2026-05-23T20:18:24Z,2026-05-23T22:18:24+0200,ff0858ab-4740-4bdb-8b96-9805455abf18,2026-05-17T10:45:00Z,2026-05-17T12:45:00+0200,2878.04,MW,FR,FR,actual_onshore_wind_generation,Wind Onshore,2026-05-23T20:18:59Z
2026-05-23T20:18:24Z,2026-05-23T22:18:24+0200,ff0858ab-4740-4bdb-8b96-9805455abf18,2026-05-17T11:00:00Z,2026-05-17T13:00:00+0200,2890.25,MW,FR,FR,actual_onshore_wind_generation,Wind Onshore,2026-05-23T20:18:59Z
2026-05-23T20:18:24Z,2026-05-23T22:18:24+0200,ff0858ab-4740-4bdb-8b96-9805455abf18,2026-05-17T11:15:00Z,2026-05-17T13:15:00+0200,2917.57,MW,FR,FR,actual_onshore_wind_generation,Wind Onshore,2026-05-23T20:18:59Z
2026-05-23T20:18:24Z,2026-05-23T22:18:24+0200,ff0858ab-4740-4bdb-8b96-9805455abf18,2026-05-17T11:30:00Z,2026-05-17T13:30:00+0200,2947.61,MW,FR,FR,actual_onshore_wind_generation,Wind Onshore,2026-05-23T20:18:59Z
2026-05-23T20:18:24Z,2026-05-23T22:18:24+0200,ff0858ab-4740-4bdb-8b96-9805455abf18,2026-05-17T11:45:00Z,2026-05-17T13:45:00+0200,3021.12,MW,FR,FR,actual_onshore_wind_generation,Wind Onshore,2026-05-23T20:18:59Z
2026-05-23T20:18:24Z,2026-05-23T22:18:24+0200,ff0858ab-4740-4bdb-8b96-9805455abf18,2026-05-17T12:00:00Z,2026-05-17T14:00:00+0200,3094.76,MW,FR,FR,actual_onshore_wind_generation,Wind Onshore,2026-05-23T20:18:59Z
2026-05-23T20:18:24Z,2026-05-23T22:18:24+0200,ff0858ab-4740-4bdb-8b96-9805455abf18,2026-05-17T12:15:00Z,2026-05-17T14:15:00+0200,3126.64,MW,FR,FR,actual_onshore_wind_generation,Wind Onshore,2026-05-23T20:18:59Z
2026-05-23T20:18:24Z,2026-05-23T22:18:24+0200,ff0858ab-4740-4bdb-8b96-9805455abf18,2026-05-17T12:30:00Z,2026-05-17T14:30:00+0200,3196.26,MW,FR,FR,actual_onshore_wind_generation,Wind Onshore,2026-05-23T20:18:59Z
2026-05-23T20:18:24Z,2026-05-23T22:18:24+0200,ff0858ab-4740-4bdb-8b96-9805455abf18,2026-05-17T12:45:00Z,2026-05-17T14:45:00+0200,3283.56,MW,FR,FR,actual_onshore_wind_generation,Wind Onshore,2026-05-23T20:18:59Z
2026-05-23T20:18:24Z,2026-05-23T22:18:24+0200,ff0858ab-4740-4bdb-8b96-9805455abf18,2026-05-17T13:00:00Z,2026-05-17T15:00:00+0200,3160.18,MW,FR,FR,actual_onshore_wind_generation,Wind Onshore,2026-05-23T20:18:59Z
2026-05-23T20:18:24Z,2026-05-23T22:18:24+0200,ff0858ab-4740-4bdb-8b96-9805455abf18,2026-05-17T13:15:00Z,2026-05-17T15:15:00+0200,3203.8,MW,FR,FR,actual_onshore_wind_generation,Wind Onshore,2026-05-23T20:18:59Z
2026-05-23T20:18:24Z,2026-05-23T22:18:24+0200,ff0858ab-4740-4bdb-8b96-9805455abf18,2026-05-17T13:30:00Z,2026-05-17T15:30:00+0200,3265.18,MW,FR,FR,actual_onshore_wind_generation,Wind Onshore,2026-05-23T20:18:59Z
2026-05-23T20:18:24Z,2026-05-23T22:18:24+0200,ff0858ab-4740-4bdb-8b96-9805455abf18,2026-05-17T13:45:00Z,2026-05-17T15:45:00+0200,3205.78,MW,FR,FR,actual_onshore_wind_generation,Wind Onshore,2026-05-23T20:18:59Z
2026-05-23T20:18:24Z,2026-05-23T22:18:24+0200,ff0858ab-4740-4bdb-8b96-9805455abf18,2026-05-17T14:00:00Z,2026-05-17T16:00:00+0200,3215.24,MW,FR,FR,actual_onshore_wind_generation,Wind Onshore,2026-05-23T20:18:59Z
2026-05-23T20:18:24Z,2026-05-23T22:18:24+0200,ff0858ab-4740-4bdb-8b96-9805455abf18,2026-05-17T14:15:00Z,2026-05-17T16:15:00+0200,3363.85,MW,FR,FR,actual_onshore_wind_generation,Wind Onshore,2026-05-23T20:18:59Z
2026-05-23T20:18:24Z,2026-05-23T22:18:24+0200,ff0858ab-4740-4bdb-8b96-9805455abf18,2026-05-17T14:30:00Z,2026-05-17T16:30:00+0200,3374.59,MW,FR,FR,actual_onshore_wind_generation,Wind Onshore,2026-05-23T20:18:59Z
2026-05-23T20:18:24Z,2026-05-23T22:18:24+0200,ff0858ab-4740-4bdb-8b96-9805455abf18,2026-05-17T14:45:00Z,2026-05-17T16:45:00+0200,3400.54,MW,FR,FR,actual_onshore_wind_generation,Wind Onshore,2026-05-23T20:18:59Z
2026-05-23T20:18:24Z,2026-05-23T22:18:24+0200,ff0858ab-4740-4bdb-8b96-9805455abf18,2026-05-17T15:00:00Z,2026-05-17T17:00:00+0200,3391.79,MW,FR,FR,actual_onshore_wind_generation,Wind Onshore,2026-05-23T20:18:59Z
2026-05-23T20:18:24Z,2026-05-23T22:18:24+0200,ff0858ab-4740-4bdb-8b96-9805455abf18,2026-05-17T15:15:00Z,2026-05-17T17:15:00+0200,3368.05,MW,FR,FR,actual_onshore_wind_generation,Wind Onshore,2026-05-23T20:18:59Z
2026-05-23T20:18:24Z,2026-05-23T22:18:24+0200,ff0858ab-4740-4bdb-8b96-9805455abf18,2026-05-17T15:30:00Z,2026-05-17T17:30:00+0200,3204.58,MW,FR,FR,actual_onshore_wind_generation,Wind Onshore,2026-05-23T20:18:59Z
2026-05-23T20:18:24Z,2026-05-23T22:18:24+0200,ff0858ab-4740-4bdb-8b96-9805455abf18,2026-05-17T15:45:00Z,2026-05-17T17:45:00+0200,3112.46,MW,FR,FR,actual_onshore_wind_generation,Wind Onshore,2026-05-23T20:18:59Z
2026-05-23T20:18:24Z,2026-05-23T22:18:24+0200,ff0858ab-4740-4bdb-8b96-9805455abf18,2026-05-17T16:00:00Z,2026-05-17T18:00:00+0200,3012.06,MW,FR,FR,actual_onshore_wind_generation,Wind Onshore,2026-05-23T20:18:59Z
2026-05-23T20:18:24Z,2026-05-23T22:18:24+0200,ff0858ab-4740-4bdb-8b96-9805455abf18,2026-05-17T16:15:00Z,2026-05-17T18:15:00+0200,3036.03,MW,FR,FR,actual_onshore_wind_generation,Wind Onshore,2026-05-23T20:18:59Z
2026-05-23T20:18:24Z,2026-05-23T22:18:24+0200,ff0858ab-4740-4bdb-8b96-9805455abf18,2026-05-17T16:30:00Z,2026-05-17T18:30:00+0200,3111.5,MW,FR,FR,actual_onshore_wind_generation,Wind Onshore,2026-05-23T20:18:59Z
2026-05-23T20:18:24Z,2026-05-23T22:18:24+0200,ff0858ab-4740-4bdb-8b96-9805455abf18,2026-05-17T16:45:00Z,2026-05-17T18:45:00+0200,3205.12,MW,FR,FR,actual_onshore_wind_generation,Wind Onshore,2026-05-23T20:18:59Z
2026-05-23T20:18:24Z,2026-05-23T22:18:24+0200,ff0858ab-4740-4bdb-8b96-9805455abf18,2026-05-17T17:00:00Z,2026-05-17T19:00:00+0200,2854.19,MW,FR,FR,actual_onshore_wind_generation,Wind Onshore,2026-05-23T20:18:59Z
2026-05-23T20:18:24Z,2026-05-23T22:18:24+0200,ff0858ab-4740-4bdb-8b96-9805455abf18,2026-05-17T17:15:00Z,2026-05-17T19:15:00+0200,2691.76,MW,FR,FR,actual_onshore_wind_generation,Wind Onshore,2026-05-23T20:18:59Z
2026-05-23T20:18:24Z,2026-05-23T22:18:24+0200,ff0858ab-4740-4bdb-8b96-9805455abf18,2026-05-17T17:30:00Z,2026-05-17T19:30:00+0200,2691.14,MW,FR,FR,actual_onshore_wind_generation,Wind Onshore,2026-05-23T20:18:59Z
2026-05-23T20:18:24Z,2026-05-23T22:18:24+0200,ff0858ab-4740-4bdb-8b96-9805455abf18,2026-05-17T17:45:00Z,2026-05-17T19:45:00+0200,2821.57,MW,FR,FR,actual_onshore_wind_generation,Wind Onshore,2026-05-23T20:18:59Z
2026-05-23T20:18:24Z,2026-05-23T22:18:24+0200,ff0858ab-4740-4bdb-8b96-9805455abf18,2026-05-17T18:00:00Z,2026-05-17T20:00:00+0200,2703.08,MW,FR,FR,actual_onshore_wind_generation,Wind Onshore,2026-05-23T20:18:59Z
2026-05-23T20:18:24Z,2026-05-23T22:18:24+0200,ff0858ab-4740-4bdb-8b96-9805455abf18,2026-05-17T18:15:00Z,2026-05-17T20:15:00+0200,2435.66,MW,FR,FR,actual_onshore_wind_generation,Wind Onshore,2026-05-23T20:18:59Z
2026-05-23T20:18:24Z,2026-05-23T22:18:24+0200,ff0858ab-4740-4bdb-8b96-9805455abf18,2026-05-17T18:30:00Z,2026-05-17T20:30:00+0200,2202.3,MW,FR,FR,actual_onshore_wind_generation,Wind Onshore,2026-05-23T20:18:59Z
2026-05-23T20:18:24Z,2026-05-23T22:18:24+0200,ff0858ab-4740-4bdb-8b96-9805455abf18,2026-05-17T18:45:00Z,2026-05-17T20:45:00+0200,1949.68,MW,FR,FR,actual_onshore_wind_generation,Wind Onshore,2026-05-23T20:18:59Z
2026-05-23T20:18:24Z,2026-05-23T22:18:24+0200,ff0858ab-4740-4bdb-8b96-9805455abf18,2026-05-17T19:00:00Z,2026-05-17T21:00:00+0200,1846.57,MW,FR,FR,actual_onshore_wind_generation,Wind Onshore,2026-05-23T20:18:59Z
2026-05-23T20:18:24Z,2026-05-23T22:18:24+0200,ff0858ab-4740-4bdb-8b96-9805455abf18,2026-05-17T19:15:00Z,2026-05-17T21:15:00+0200,1825.94,MW,FR,FR,actual_onshore_wind_generation,Wind Onshore,2026-05-23T20:18:59Z
2026-05-23T20:18:24Z,2026-05-23T22:18:24+0200,ff0858ab-4740-4bdb-8b96-9805455abf18,2026-05-17T19:30:00Z,2026-05-17T21:30:00+0200,1859.96,MW,FR,FR,actual_onshore_wind_generation,Wind Onshore,2026-05-23T20:18:59Z
2026-05-23T20:18:24Z,2026-05-23T22:18:24+0200,ff0858ab-4740-4bdb-8b96-9805455abf18,2026-05-17T19:45:00Z,2026-05-17T21:45:00+0200,1947.16,MW,FR,FR,actual_onshore_wind_generation,Wind Onshore,2026-05-23T20:18:59Z
2026-05-23T20:18:24Z,2026-05-23T22:18:24+0200,ff0858ab-4740-4bdb-8b96-9805455abf18,2026-05-17T20:00:00Z,2026-05-17T22:00:00+0200,2093.69,MW,FR,FR,actual_onshore_wind_generation,Wind Onshore,2026-05-23T20:18:59Z
2026-05-23T20:18:24Z,2026-05-23T22:18:24+0200,ff0858ab-4740-4bdb-8b96-9805455abf18,2026-05-17T20:15:00Z,2026-05-17T22:15:00+0200,2142.65,MW,FR,FR,actual_onshore_wind_generation,Wind Onshore,2026-05-23T20:18:59Z
2026-05-23T20:18:24Z,2026-05-23T22:18:24+0200,ff0858ab-4740-4bdb-8b96-9805455abf18,2026-05-17T20:30:00Z,2026-05-17T22:30:00+0200,2096.25,MW,FR,FR,actual_onshore_wind_generation,Wind Onshore,2026-05-23T20:18:59Z
2026-05-23T20:18:24Z,2026-05-23T22:18:24+0200,ff0858ab-4740-4bdb-8b96-9805455abf18,2026-05-17T20:45:00Z,2026-05-17T22:45:00+0200,2054.55,MW,FR,FR,actual_onshore_wind_generation,Wind Onshore,2026-05-23T20:18:59Z
2026-05-23T20:18:24Z,2026-05-23T22:18:24+0200,ff0858ab-4740-4bdb-8b96-9805455abf18,2026-05-17T21:00:00Z,2026-05-17T23:00:00+0200,2058.1,MW,FR,FR,actual_onshore_wind_generation,Wind Onshore,2026-05-23T20:18:59Z
2026-05-23T20:18:24Z,2026-05-23T22:18:24+0200,ff0858ab-4740-4bdb-8b96-9805455abf18,2026-05-17T21:15:00Z,2026-05-17T23:15:00+0200,2079.04,MW,FR,FR,actual_onshore_wind_generation,Wind Onshore,2026-05-23T20:18:59Z
2026-05-23T20:18:24Z,2026-05-23T22:18:24+0200,ff0858ab-4740-4bdb-8b96-9805455abf18,2026-05-17T21:30:00Z,2026-05-17T23:30:00+0200,2142.9,MW,FR,FR,actual_onshore_wind_generation,Wind Onshore,2026-05-23T20:18:59Z
2026-05-23T20:18:24Z,2026-05-23T22:18:24+0200,ff0858ab-4740-4bdb-8b96-9805455abf18,2026-05-17T21:45:00Z,2026-05-17T23:45:00+0200,2188.57,MW,FR,FR,actual_onshore_wind_generation,Wind Onshore,2026-05-23T20:18:59Z
2026-05-23T20:18:24Z,2026-05-23T22:18:24+0200,ff0858ab-4740-4bdb-8b96-9805455abf18,2026-05-17T22:00:00Z,2026-05-18T00:00:00+0200,2251.91,MW,FR,FR,actual_onshore_wind_generation,Wind Onshore,2026-05-23T20:18:59Z
2026-05-23T20:18:24Z,2026-05-23T22:18:24+0200,ff0858ab-4740-4bdb-8b96-9805455abf18,2026-05-17T22:15:00Z,2026-05-18T00:15:00+0200,2257.26,MW,FR,FR,actual_onshore_wind_generation,Wind Onshore,2026-05-23T20:18:59Z
2026-05-23T20:18:24Z,2026-05-23T22:18:24+0200,ff0858ab-4740-4bdb-8b96-9805455abf18,2026-05-17T22:30:00Z,2026-05-18T00:30:00+0200,2224.54,MW,FR,FR,actual_onshore_wind_generation,Wind Onshore,2026-05-23T20:18:59Z
2026-05-23T20:18:24Z,2026-05-23T22:18:24+0200,ff0858ab-4740-4bdb-8b96-9805455abf18,2026-05-17T22:45:00Z,2026-05-18T00:45:00+0200,2191.39,MW,FR,FR,actual_onshore_wind_generation,Wind Onshore,2026-05-23T20:18:59Z
2026-05-23T20:18:24Z,2026-05-23T22:18:24+0200,ff0858ab-4740-4bdb-8b96-9805455abf18,2026-05-17T23:00:00Z,2026-05-18T01:00:00+0200,2189.49,MW,FR,FR,actual_onshore_wind_generation,Wind Onshore,2026-05-23T20:18:59Z
2026-05-23T20:18:24Z,2026-05-23T22:18:24+0200,ff0858ab-4740-4bdb-8b96-9805455abf18,2026-05-17T23:15:00Z,2026-05-18T01:15:00+0200,2240.01,MW,FR,FR,actual_onshore_wind_generation,Wind Onshore,2026-05-23T20:18:59Z
2026-05-23T20:18:24Z,2026-05-23T22:18:24+0200,ff0858ab-4740-4bdb-8b96-9805455abf18,2026-05-17T23:30:00Z,2026-05-18T01:30:00+0200,2268.31,MW,FR,FR,actual_onshore_wind_generation,Wind Onshore,2026-05-23T20:18:59Z
2026-05-23T20:18:24Z,2026-05-23T22:18:24+0200,ff0858ab-4740-4bdb-8b96-9805455abf18,2026-05-17T23:45:00Z,2026-05-18T01:45:00+0200,2293.98,MW,FR,FR,actual_onshore_wind_generation,Wind Onshore,2026-05-23T20:18:59Z
2026-05-23T20:18:24Z,2026-05-23T22:18:24+0200,ff0858ab-4740-4bdb-8b96-9805455abf18,2026-05-18T00:00:00Z,2026-05-18T02:00:00+0200,2379.53,MW,FR,FR,actual_onshore_wind_generation,Wind Onshore,2026-05-23T20:18:59Z
2026-05-23T20:18:24Z,2026-05-23T22:18:24+0200,ff0858ab-4740-4bdb-8b96-9805455abf18,2026-05-18T00:15:00Z,2026-05-18T02:15:00+0200,2449.88,MW,FR,FR,actual_onshore_wind_generation,Wind Onshore,2026-05-23T20:18:59Z
2026-05-23T20:18:24Z,2026-05-23T22:18:24+0200,ff0858ab-4740-4bdb-8b96-9805455abf18,2026-05-18T00:30:00Z,2026-05-18T02:30:00+0200,2504.06,MW,FR,FR,actual_onshore_wind_generation,Wind Onshore,2026-05-23T20:18:59Z
2026-05-23T20:18:24Z,2026-05-23T22:18:24+0200,ff0858ab-4740-4bdb-8b96-9805455abf18,2026-05-18T00:45:00Z,2026-05-18T02:45:00+0200,2587.71,MW,FR,FR,actual_onshore_wind_generation,Wind Onshore,2026-05-23T20:18:59Z
2026-05-23T20:18:24Z,2026-05-23T22:18:24+0200,ff0858ab-4740-4bdb-8b96-9805455abf18,2026-05-18T01:00:00Z,2026-05-18T03:00:00+0200,2698.75,MW,FR,FR,actual_onshore_wind_generation,Wind Onshore,2026-05-23T20:18:59Z
2026-05-23T20:18:24Z,2026-05-23T22:18:24+0200,ff0858ab-4740-4bdb-8b96-9805455abf18,2026-05-18T01:15:00Z,2026-05-18T03:15:00+0200,2637.11,MW,FR,FR,actual_onshore_wind_generation,Wind Onshore,2026-05-23T20:18:59Z
2026-05-23T20:18:24Z,2026-05-23T22:18:24+0200,ff0858ab-4740-4bdb-8b96-9805455abf18,2026-05-18T01:30:00Z,2026-05-18T03:30:00+0200,2553.44,MW,FR,FR,actual_onshore_wind_generation,Wind Onshore,2026-05-23T20:18:59Z
2026-05-23T20:18:24Z,2026-05-23T22:18:24+0200,ff0858ab-4740-4bdb-8b96-9805455abf18,2026-05-18T01:45:00Z,2026-05-18T03:45:00+0200,2523.59,MW,FR,FR,actual_onshore_wind_generation,Wind Onshore,2026-05-23T20:18:59Z
2026-05-23T20:18:24Z,2026-05-23T22:18:24+0200,ff0858ab-4740-4bdb-8b96-9805455abf18,2026-05-18T02:00:00Z,2026-05-18T04:00:00+0200,2564.13,MW,FR,FR,actual_onshore_wind_generation,Wind Onshore,2026-05-23T20:18:59Z
2026-05-23T20:18:24Z,2026-05-23T22:18:24+0200,ff0858ab-4740-4bdb-8b96-9805455abf18,2026-05-18T02:15:00Z,2026-05-18T04:15:00+0200,2420.75,MW,FR,FR,actual_onshore_wind_generation,Wind Onshore,2026-05-23T20:18:59Z
2026-05-23T20:18:24Z,2026-05-23T22:18:24+0200,ff0858ab-4740-4bdb-8b96-9805455abf18,2026-05-18T02:30:00Z,2026-05-18T04:30:00+0200,2411.56,MW,FR,FR,actual_onshore_wind_generation,Wind Onshore,2026-05-23T20:18:59Z
2026-05-23T20:18:24Z,2026-05-23T22:18:24+0200,ff0858ab-4740-4bdb-8b96-9805455abf18,2026-05-18T02:45:00Z,2026-05-18T04:45:00+0200,2429.15,MW,FR,FR,actual_onshore_wind_generation,Wind Onshore,2026-05-23T20:18:59Z
2026-05-23T20:18:24Z,2026-05-23T22:18:24+0200,ff0858ab-4740-4bdb-8b96-9805455abf18,2026-05-18T03:00:00Z,2026-05-18T05:00:00+0200,2430.29,MW,FR,FR,actual_onshore_wind_generation,Wind Onshore,2026-05-23T20:18:59Z
2026-05-23T20:18:24Z,2026-05-23T22:18:24+0200,ff0858ab-4740-4bdb-8b96-9805455abf18,2026-05-18T03:15:00Z,2026-05-18T05:15:00+0200,2514.44,MW,FR,FR,actual_onshore_wind_generation,Wind Onshore,2026-05-23T20:18:59Z
2026-05-23T20:18:24Z,2026-05-23T22:18:24+0200,ff0858ab-4740-4bdb-8b96-9805455abf18,2026-05-18T03:30:00Z,2026-05-18T05:30:00+0200,2557.06,MW,FR,FR,actual_onshore_wind_generation,Wind Onshore,2026-05-23T20:18:59Z
2026-05-23T20:18:24Z,2026-05-23T22:18:24+0200,ff0858ab-4740-4bdb-8b96-9805455abf18,2026-05-18T03:45:00Z,2026-05-18T05:45:00+0200,2592.0,MW,FR,FR,actual_onshore_wind_generation,Wind Onshore,2026-05-23T20:18:59Z
2026-05-23T20:18:24Z,2026-05-23T22:18:24+0200,ff0858ab-4740-4bdb-8b96-9805455abf18,2026-05-18T04:00:00Z,2026-05-18T06:00:00+0200,2527.53,MW,FR,FR,actual_onshore_wind_generation,Wind Onshore,2026-05-23T20:18:59Z
2026-05-23T20:18:24Z,2026-05-23T22:18:24+0200,ff0858ab-4740-4bdb-8b96-9805455abf18,2026-05-18T04:15:00Z,2026-05-18T06:15:00+0200,2458.21,MW,FR,FR,actual_onshore_wind_generation,Wind Onshore,2026-05-23T20:18:59Z
2026-05-23T20:18:24Z,2026-05-23T22:18:24+0200,ff0858ab-4740-4bdb-8b96-9805455abf18,2026-05-18T04:30:00Z,2026-05-18T06:30:00+0200,2417.15,MW,FR,FR,actual_onshore_wind_generation,Wind Onshore,2026-05-23T20:18:59Z
2026-05-23T20:18:24Z,2026-05-23T22:18:24+0200,ff0858ab-4740-4bdb-8b96-9805455abf18,2026-05-18T04:45:00Z,2026-05-18T06:45:00+0200,2358.18,MW,FR,FR,actual_onshore_wind_generation,Wind Onshore,2026-05-23T20:18:59Z
2026-05-23T20:18:24Z,2026-05-23T22:18:24+0200,ff0858ab-4740-4bdb-8b96-9805455abf18,2026-05-18T05:00:00Z,2026-05-18T07:00:00+0200,2307.33,MW,FR,FR,actual_onshore_wind_generation,Wind Onshore,2026-05-23T20:18:59Z
2026-05-23T20:18:24Z,2026-05-23T22:18:24+0200,ff0858ab-4740-4bdb-8b96-9805455abf18,2026-05-18T05:15:00Z,2026-05-18T07:15:00+0200,2248.24,MW,FR,FR,actual_onshore_wind_generation,Wind Onshore,2026-05-23T20:18:59Z
2026-05-23T20:18:24Z,2026-05-23T22:18:24+0200,ff0858ab-4740-4bdb-8b96-9805455abf18,2026-05-18T05:30:00Z,2026-05-18T07:30:00+0200,2082.25,MW,FR,FR,actual_onshore_wind_generation,Wind Onshore,2026-05-23T20:18:59Z
2026-05-23T20:18:24Z,2026-05-23T22:18:24+0200,ff0858ab-4740-4bdb-8b96-9805455abf18,2026-05-18T05:45:00Z,2026-05-18T07:45:00+0200,1904.88,MW,FR,FR,actual_onshore_wind_generation,Wind Onshore,2026-05-23T20:18:59Z
2026-05-23T20:18:24Z,2026-05-23T22:18:24+0200,ff0858ab-4740-4bdb-8b96-9805455abf18,2026-05-18T06:00:00Z,2026-05-18T08:00:00+0200,1700.34,MW,FR,FR,actual_onshore_wind_generation,Wind Onshore,2026-05-23T20:18:59Z
2026-05-23T20:18:24Z,2026-05-23T22:18:24+0200,ff0858ab-4740-4bdb-8b96-9805455abf18,2026-05-18T06:15:00Z,2026-05-18T08:15:00+0200,1524.71,MW,FR,FR,actual_onshore_wind_generation,Wind Onshore,2026-05-23T20:18:59Z
2026-05-23T20:18:24Z,2026-05-23T22:18:24+0200,ff0858ab-4740-4bdb-8b96-9805455abf18,2026-05-18T06:30:00Z,2026-05-18T08:30:00+0200,1364.94,MW,FR,FR,actual_onshore_wind_generation,Wind Onshore,2026-05-23T20:18:59Z
2026-05-23T20:18:24Z,2026-05-23T22:18:24+0200,ff0858ab-4740-4bdb-8b96-9805455abf18,2026-05-18T06:45:00Z,2026-05-18T08:45:00+0200,1248.46,MW,FR,FR,actual_onshore_wind_generation,Wind Onshore,2026-05-23T20:18:59Z
2026-05-23T20:18:24Z,2026-05-23T22:18:24+0200,ff0858ab-4740-4bdb-8b96-9805455abf18,2026-05-18T07:00:00Z,2026-05-18T09:00:00+0200,1192.9,MW,FR,FR,actual_onshore_wind_generation,Wind Onshore,2026-05-23T20:18:59Z
2026-05-23T20:18:24Z,2026-05-23T22:18:24+0200,ff0858ab-4740-4bdb-8b96-9805455abf18,2026-05-18T07:15:00Z,2026-05-18T09:15:00+0200,1210.52,MW,FR,FR,actual_onshore_wind_generation,Wind Onshore,2026-05-23T20:18:59Z
2026-05-23T20:18:24Z,2026-05-23T22:18:24+0200,ff0858ab-4740-4bdb-8b96-9805455abf18,2026-05-18T07:30:00Z,2026-05-18T09:30:00+0200,1262.25,MW,FR,FR,actual_onshore_wind_generation,Wind Onshore,2026-05-23T20:18:59Z
2026-05-23T20:18:24Z,2026-05-23T22:18:24+0200,ff0858ab-4740-4bdb-8b96-9805455abf18,2026-05-18T07:45:00Z,2026-05-18T09:45:00+0200,1259.78,MW,FR,FR,actual_onshore_wind_generation,Wind Onshore,2026-05-23T20:18:59Z
2026-05-23T20:18:24Z,2026-05-23T22:18:24+0200,ff0858ab-4740-4bdb-8b96-9805455abf18,2026-05-18T08:00:00Z,2026-05-18T10:00:00+0200,1306.12,MW,FR,FR,actual_onshore_wind_generation,Wind Onshore,2026-05-23T20:18:59Z
2026-05-23T20:18:24Z,2026-05-23T22:18:24+0200,ff0858ab-4740-4bdb-8b96-9805455abf18,2026-05-18T08:15:00Z,2026-05-18T10:15:00+0200,1381.73,MW,FR,FR,actual_onshore_wind_generation,Wind Onshore,2026-05-23T20:18:59Z
2026-05-23T20:18:24Z,2026-05-23T22:18:24+0200,ff0858ab-4740-4bdb-8b96-9805455abf18,2026-05-18T08:30:00Z,2026-05-18T10:30:00+0200,1454.02,MW,FR,FR,actual_onshore_wind_generation,Wind Onshore,2026-05-23T20:18:59Z
2026-05-23T20:18:24Z,2026-05-23T22:18:24+0200,ff0858ab-4740-4bdb-8b96-9805455abf18,2026-05-18T08:45:00Z,2026-05-18T10:45:00+0200,1564.63,MW,FR,FR,actual_onshore_wind_generation,Wind Onshore,2026-05-23T20:18:59Z
2026-05-23T20:18:24Z,2026-05-23T22:18:24+0200,ff0858ab-4740-4bdb-8b96-9805455abf18,2026-05-18T09:00:00Z,2026-05-18T11:00:00+0200,1636.58,MW,FR,FR,actual_onshore_wind_generation,Wind Onshore,2026-05-23T20:18:59Z
2026-05-23T20:18:24Z,2026-05-23T22:18:24+0200,ff0858ab-4740-4bdb-8b96-9805455abf18,2026-05-18T09:15:00Z,2026-05-18T11:15:00+0200,1745.59,MW,FR,FR,actual_onshore_wind_generation,Wind Onshore,2026-05-23T20:18:59Z
2026-05-23T20:18:24Z,2026-05-23T22:18:24+0200,ff0858ab-4740-4bdb-8b96-9805455abf18,2026-05-18T09:30:00Z,2026-05-18T11:30:00+0200,1731.88,MW,FR,FR,actual_onshore_wind_generation,Wind Onshore,2026-05-23T20:18:59Z
2026-05-23T20:18:24Z,2026-05-23T22:18:24+0200,ff0858ab-4740-4bdb-8b96-9805455abf18,2026-05-18T09:45:00Z,2026-05-18T11:45:00+0200,1795.69,MW,FR,FR,actual_onshore_wind_generation,Wind Onshore,2026-05-23T20:18:59Z
2026-05-23T20:18:24Z,2026-05-23T22:18:24+0200,ff0858ab-4740-4bdb-8b96-9805455abf18,2026-05-18T10:00:00Z,2026-05-18T12:00:00+0200,1863.92,MW,FR,FR,actual_onshore_wind_generation,Wind Onshore,2026-05-23T20:18:59Z
2026-05-23T20:18:24Z,2026-05-23T22:18:24+0200,ff0858ab-4740-4bdb-8b96-9805455abf18,2026-05-18T10:15:00Z,2026-05-18T12:15:00+0200,1992.84,MW,FR,FR,actual_onshore_wind_generation,Wind Onshore,2026-05-23T20:18:59Z
2026-05-23T20:18:24Z,2026-05-23T22:18:24+0200,ff0858ab-4740-4bdb-8b96-9805455abf18,2026-05-18T10:30:00Z,2026-05-18T12:30:00+0200,2101.04,MW,FR,FR,actual_onshore_wind_generation,Wind Onshore,2026-05-23T20:18:59Z
2026-05-23T20:18:24Z,2026-05-23T22:18:24+0200,ff0858ab-4740-4bdb-8b96-9805455abf18,2026-05-18T10:45:00Z,2026-05-18T12:45:00+0200,2168.17,MW,FR,FR,actual_onshore_wind_generation,Wind Onshore,2026-05-23T20:18:59Z
2026-05-23T20:18:24Z,2026-05-23T22:18:24+0200,ff0858ab-4740-4bdb-8b96-9805455abf18,2026-05-18T11:00:00Z,2026-05-18T13:00:00+0200,2229.78,MW,FR,FR,actual_onshore_wind_generation,Wind Onshore,2026-05-23T20:18:59Z
2026-05-23T20:18:24Z,2026-05-23T22:18:24+0200,ff0858ab-4740-4bdb-8b96-9805455abf18,2026-05-18T11:15:00Z,2026-05-18T13:15:00+0200,2382.28,MW,FR,FR,actual_onshore_wind_generation,Wind Onshore,2026-05-23T20:18:59Z
2026-05-23T20:18:24Z,2026-05-23T22:18:24+0200,ff0858ab-4740-4bdb-8b96-9805455abf18,2026-05-18T11:30:00Z,2026-05-18T13:30:00+0200,2443.34,MW,FR,FR,actual_onshore_wind_generation,Wind Onshore,2026-05-23T20:18:59Z
2026-05-23T20:18:24Z,2026-05-23T22:18:24+0200,ff0858ab-4740-4bdb-8b96-9805455abf18,2026-05-18T11:45:00Z,2026-05-18T13:45:00+0200,2407.71,MW,FR,FR,actual_onshore_wind_generation,Wind Onshore,2026-05-23T20:18:59Z
2026-05-23T20:18:24Z,2026-05-23T22:18:24+0200,ff0858ab-4740-4bdb-8b96-9805455abf18,2026-05-18T12:00:00Z,2026-05-18T14:00:00+0200,2467.93,MW,FR,FR,actual_onshore_wind_generation,Wind Onshore,2026-05-23T20:18:59Z
2026-05-23T20:18:24Z,2026-05-23T22:18:24+0200,ff0858ab-4740-4bdb-8b96-9805455abf18,2026-05-18T12:15:00Z,2026-05-18T14:15:00+0200,2684.0,MW,FR,FR,actual_onshore_wind_generation,Wind Onshore,2026-05-23T20:18:59Z
2026-05-23T20:18:24Z,2026-05-23T22:18:24+0200,ff0858ab-4740-4bdb-8b96-9805455abf18,2026-05-18T12:30:00Z,2026-05-18T14:30:00+0200,2847.58,MW,FR,FR,actual_onshore_wind_generation,Wind Onshore,2026-05-23T20:18:59Z
2026-05-23T20:18:24Z,2026-05-23T22:18:24+0200,ff0858ab-4740-4bdb-8b96-9805455abf18,2026-05-18T12:45:00Z,2026-05-18T14:45:00+0200,3014.79,MW,FR,FR,actual_onshore_wind_generation,Wind Onshore,2026-05-23T20:18:59Z
2026-05-23T20:18:24Z,2026-05-23T22:18:24+0200,ff0858ab-4740-4bdb-8b96-9805455abf18,2026-05-18T13:00:00Z,2026-05-18T15:00:00+0200,3092.22,MW,FR,FR,actual_onshore_wind_generation,Wind Onshore,2026-05-23T20:18:59Z
2026-05-23T20:18:24Z,2026-05-23T22:18:24+0200,ff0858ab-4740-4bdb-8b96-9805455abf18,2026-05-18T13:15:00Z,2026-05-18T15:15:00+0200,2756.24,MW,FR,FR,actual_onshore_wind_generation,Wind Onshore,2026-05-23T20:18:59Z
2026-05-23T20:18:24Z,2026-05-23T22:18:24+0200,ff0858ab-4740-4bdb-8b96-9805455abf18,2026-05-18T13:30:00Z,2026-05-18T15:30:00+0200,2659.75,MW,FR,FR,actual_onshore_wind_generation,Wind Onshore,2026-05-23T20:18:59Z
2026-05-23T20:18:24Z,2026-05-23T22:18:24+0200,ff0858ab-4740-4bdb-8b96-9805455abf18,2026-05-18T13:45:00Z,2026-05-18T15:45:00+0200,2611.26,MW,FR,FR,actual_onshore_wind_generation,Wind Onshore,2026-05-23T20:18:59Z
2026-05-23T20:18:24Z,2026-05-23T22:18:24+0200,ff0858ab-4740-4bdb-8b96-9805455abf18,2026-05-18T14:00:00Z,2026-05-18T16:00:00+0200,2555.77,MW,FR,FR,actual_onshore_wind_generation,Wind Onshore,2026-05-23T20:18:59Z
2026-05-23T20:18:24Z,2026-05-23T22:18:24+0200,ff0858ab-4740-4bdb-8b96-9805455abf18,2026-05-18T14:15:00Z,2026-05-18T16:15:00+0200,2582.02,MW,FR,FR,actual_onshore_wind_generation,Wind Onshore,2026-05-23T20:18:59Z
2026-05-23T20:18:24Z,2026-05-23T22:18:24+0200,ff0858ab-4740-4bdb-8b96-9805455abf18,2026-05-18T14:30:00Z,2026-05-18T16:30:00+0200,2481.71,MW,FR,FR,actual_onshore_wind_generation,Wind Onshore,2026-05-23T20:18:59Z
2026-05-23T20:18:24Z,2026-05-23T22:18:24+0200,ff0858ab-4740-4bdb-8b96-9805455abf18,2026-05-18T14:45:00Z,2026-05-18T16:45:00+0200,2301.2,MW,FR,FR,actual_onshore_wind_generation,Wind Onshore,2026-05-23T20:18:59Z
2026-05-23T20:18:24Z,2026-05-23T22:18:24+0200,ff0858ab-4740-4bdb-8b96-9805455abf18,2026-05-18T15:00:00Z,2026-05-18T17:00:00+0200,2221.55,MW,FR,FR,actual_onshore_wind_generation,Wind Onshore,2026-05-23T20:18:59Z
2026-05-23T20:18:24Z,2026-05-23T22:18:24+0200,ff0858ab-4740-4bdb-8b96-9805455abf18,2026-05-18T15:15:00Z,2026-05-18T17:15:00+0200,2072.55,MW,FR,FR,actual_onshore_wind_generation,Wind Onshore,2026-05-23T20:18:59Z
2026-05-23T20:18:24Z,2026-05-23T22:18:24+0200,ff0858ab-4740-4bdb-8b96-9805455abf18,2026-05-18T15:30:00Z,2026-05-18T17:30:00+0200,2093.22,MW,FR,FR,actual_onshore_wind_generation,Wind Onshore,2026-05-23T20:18:59Z
2026-05-23T20:18:24Z,2026-05-23T22:18:24+0200,ff0858ab-4740-4bdb-8b96-9805455abf18,2026-05-18T15:45:00Z,2026-05-18T17:45:00+0200,2127.22,MW,FR,FR,actual_onshore_wind_generation,Wind Onshore,2026-05-23T20:18:59Z
2026-05-23T20:18:24Z,2026-05-23T22:18:24+0200,ff0858ab-4740-4bdb-8b96-9805455abf18,2026-05-18T16:00:00Z,2026-05-18T18:00:00+0200,2013.44,MW,FR,FR,actual_onshore_wind_generation,Wind Onshore,2026-05-23T20:18:59Z
2026-05-23T20:18:24Z,2026-05-23T22:18:24+0200,ff0858ab-4740-4bdb-8b96-9805455abf18,2026-05-18T16:15:00Z,2026-05-18T18:15:00+0200,1975.18,MW,FR,FR,actual_onshore_wind_generation,Wind Onshore,2026-05-23T20:18:59Z
2026-05-23T20:18:24Z,2026-05-23T22:18:24+0200,ff0858ab-4740-4bdb-8b96-9805455abf18,2026-05-18T16:30:00Z,2026-05-18T18:30:00+0200,2023.09,MW,FR,FR,actual_onshore_wind_generation,Wind Onshore,2026-05-23T20:18:59Z
2026-05-23T20:18:24Z,2026-05-23T22:18:24+0200,ff0858ab-4740-4bdb-8b96-9805455abf18,2026-05-18T16:45:00Z,2026-05-18T18:45:00+0200,1928.57,MW,FR,FR,actual_onshore_wind_generation,Wind Onshore,2026-05-23T20:18:59Z
2026-05-23T20:18:24Z,2026-05-23T22:18:24+0200,ff0858ab-4740-4bdb-8b96-9805455abf18,2026-05-18T17:00:00Z,2026-05-18T19:00:00+0200,2004.26,MW,FR,FR,actual_onshore_wind_generation,Wind Onshore,2026-05-23T20:18:59Z
2026-05-23T20:18:24Z,2026-05-23T22:18:24+0200,ff0858ab-4740-4bdb-8b96-9805455abf18,2026-05-18T17:15:00Z,2026-05-18T19:15:00+0200,1983.95,MW,FR,FR,actual_onshore_wind_generation,Wind Onshore,2026-05-23T20:18:59Z
2026-05-23T20:18:24Z,2026-05-23T22:18:24+0200,ff0858ab-4740-4bdb-8b96-9805455abf18,2026-05-18T17:30:00Z,2026-05-18T19:30:00+0200,1683.52,MW,FR,FR,actual_onshore_wind_generation,Wind Onshore,2026-05-23T20:18:59Z
2026-05-23T20:18:24Z,2026-05-23T22:18:24+0200,ff0858ab-4740-4bdb-8b96-9805455abf18,2026-05-18T17:45:00Z,2026-05-18T19:45:00+0200,1506.28,MW,FR,FR,actual_onshore_wind_generation,Wind Onshore,2026-05-23T20:18:59Z
2026-05-23T20:18:24Z,2026-05-23T22:18:24+0200,ff0858ab-4740-4bdb-8b96-9805455abf18,2026-05-18T18:00:00Z,2026-05-18T20:00:00+0200,1415.25,MW,FR,FR,actual_onshore_wind_generation,Wind Onshore,2026-05-23T20:18:59Z
2026-05-23T20:18:24Z,2026-05-23T22:18:24+0200,ff0858ab-4740-4bdb-8b96-9805455abf18,2026-05-18T18:15:00Z,2026-05-18T20:15:00+0200,1453.99,MW,FR,FR,actual_onshore_wind_generation,Wind Onshore,2026-05-23T20:18:59Z
2026-05-23T20:18:24Z,2026-05-23T22:18:24+0200,ff0858ab-4740-4bdb-8b96-9805455abf18,2026-05-18T18:30:00Z,2026-05-18T20:30:00+0200,1395.61,MW,FR,FR,actual_onshore_wind_generation,Wind Onshore,2026-05-23T20:18:59Z
2026-05-23T20:18:24Z,2026-05-23T22:18:24+0200,ff0858ab-4740-4bdb-8b96-9805455abf18,2026-05-18T18:45:00Z,2026-05-18T20:45:00+0200,1335.88,MW,FR,FR,actual_onshore_wind_generation,Wind Onshore,2026-05-23T20:18:59Z
2026-05-23T20:18:24Z,2026-05-23T22:18:24+0200,ff0858ab-4740-4bdb-8b96-9805455abf18,2026-05-18T19:00:00Z,2026-05-18T21:00:00+0200,1326.77,MW,FR,FR,actual_onshore_wind_generation,Wind Onshore,2026-05-23T20:18:59Z
2026-05-23T20:18:24Z,2026-05-23T22:18:24+0200,ff0858ab-4740-4bdb-8b96-9805455abf18,2026-05-18T19:15:00Z,2026-05-18T21:15:00+0200,1382.86,MW,FR,FR,actual_onshore_wind_generation,Wind Onshore,2026-05-23T20:18:59Z
2026-05-23T20:18:24Z,2026-05-23T22:18:24+0200,ff0858ab-4740-4bdb-8b96-9805455abf18,2026-05-18T19:30:00Z,2026-05-18T21:30:00+0200,1460.67,MW,FR,FR,actual_onshore_wind_generation,Wind Onshore,2026-05-23T20:18:59Z
2026-05-23T20:18:24Z,2026-05-23T22:18:24+0200,ff0858ab-4740-4bdb-8b96-9805455abf18,2026-05-18T19:45:00Z,2026-05-18T21:45:00+0200,1557.58,MW,FR,FR,actual_onshore_wind_generation,Wind Onshore,2026-05-23T20:18:59Z
2026-05-23T20:18:24Z,2026-05-23T22:18:24+0200,ff0858ab-4740-4bdb-8b96-9805455abf18,2026-05-18T20:00:00Z,2026-05-18T22:00:00+0200,1578.64,MW,FR,FR,actual_onshore_wind_generation,Wind Onshore,2026-05-23T20:18:59Z
2026-05-23T20:18:24Z,2026-05-23T22:18:24+0200,ff0858ab-4740-4bdb-8b96-9805455abf18,2026-05-18T20:15:00Z,2026-05-18T22:15:00+0200,1663.46,MW,FR,FR,actual_onshore_wind_generation,Wind Onshore,2026-05-23T20:18:59Z
2026-05-23T20:18:24Z,2026-05-23T22:18:24+0200,ff0858ab-4740-4bdb-8b96-9805455abf18,2026-05-18T20:30:00Z,2026-05-18T22:30:00+0200,1774.47,MW,FR,FR,actual_onshore_wind_generation,Wind Onshore,2026-05-23T20:18:59Z
2026-05-23T20:18:24Z,2026-05-23T22:18:24+0200,ff0858ab-4740-4bdb-8b96-9805455abf18,2026-05-18T20:45:00Z,2026-05-18T22:45:00+0200,1897.22,MW,FR,FR,actual_onshore_wind_generation,Wind Onshore,2026-05-23T20:18:59Z
2026-05-23T20:18:24Z,2026-05-23T22:18:24+0200,ff0858ab-4740-4bdb-8b96-9805455abf18,2026-05-18T21:00:00Z,2026-05-18T23:00:00+0200,1976.94,MW,FR,FR,actual_onshore_wind_generation,Wind Onshore,2026-05-23T20:18:59Z
2026-05-23T20:18:24Z,2026-05-23T22:18:24+0200,ff0858ab-4740-4bdb-8b96-9805455abf18,2026-05-18T21:15:00Z,2026-05-18T23:15:00+0200,2112.65,MW,FR,FR,actual_onshore_wind_generation,Wind Onshore,2026-05-23T20:18:59Z
2026-05-23T20:18:24Z,2026-05-23T22:18:24+0200,ff0858ab-4740-4bdb-8b96-9805455abf18,2026-05-18T21:30:00Z,2026-05-18T23:30:00+0200,2236.18,MW,FR,FR,actual_onshore_wind_generation,Wind Onshore,2026-05-23T20:18:59Z
2026-05-23T20:18:24Z,2026-05-23T22:18:24+0200,ff0858ab-4740-4bdb-8b96-9805455abf18,2026-05-18T21:45:00Z,2026-05-18T23:45:00+0200,2306.18,MW,FR,FR,actual_onshore_wind_generation,Wind Onshore,2026-05-23T20:18:59Z
2026-05-23T20:18:24Z,2026-05-23T22:18:24+0200,ff0858ab-4740-4bdb-8b96-9805455abf18,2026-05-18T22:00:00Z,2026-05-19T00:00:00+0200,2505.2,MW,FR,FR,actual_onshore_wind_generation,Wind Onshore,2026-05-23T20:18:59Z
2026-05-23T20:18:24Z,2026-05-23T22:18:24+0200,ff0858ab-4740-4bdb-8b96-9805455abf18,2026-05-18T22:15:00Z,2026-05-19T00:15:00+0200,2668.13,MW,FR,FR,actual_onshore_wind_generation,Wind Onshore,2026-05-23T20:18:59Z
2026-05-23T20:18:24Z,2026-05-23T22:18:24+0200,ff0858ab-4740-4bdb-8b96-9805455abf18,2026-05-18T22:30:00Z,2026-05-19T00:30:00+0200,2820.22,MW,FR,FR,actual_onshore_wind_generation,Wind Onshore,2026-05-23T20:18:59Z
2026-05-23T20:18:24Z,2026-05-23T22:18:24+0200,ff0858ab-4740-4bdb-8b96-9805455abf18,2026-05-18T22:45:00Z,2026-05-19T00:45:00+0200,2958.87,MW,FR,FR,actual_onshore_wind_generation,Wind Onshore,2026-05-23T20:18:59Z
2026-05-23T20:18:24Z,2026-05-23T22:18:24+0200,ff0858ab-4740-4bdb-8b96-9805455abf18,2026-05-18T23:00:00Z,2026-05-19T01:00:00+0200,3127.64,MW,FR,FR,actual_onshore_wind_generation,Wind Onshore,2026-05-23T20:18:59Z
2026-05-23T20:18:24Z,2026-05-23T22:18:24+0200,ff0858ab-4740-4bdb-8b96-9805455abf18,2026-05-18T23:15:00Z,2026-05-19T01:15:00+0200,3265.85,MW,FR,FR,actual_onshore_wind_generation,Wind Onshore,2026-05-23T20:18:59Z
2026-05-23T20:18:24Z,2026-05-23T22:18:24+0200,ff0858ab-4740-4bdb-8b96-9805455abf18,2026-05-18T23:30:00Z,2026-05-19T01:30:00+0200,3379.16,MW,FR,FR,actual_onshore_wind_generation,Wind Onshore,2026-05-23T20:18:59Z
2026-05-23T20:18:24Z,2026-05-23T22:18:24+0200,ff0858ab-4740-4bdb-8b96-9805455abf18,2026-05-18T23:45:00Z,2026-05-19T01:45:00+0200,3484.2,MW,FR,FR,actual_onshore_wind_generation,Wind Onshore,2026-05-23T20:18:59Z
2026-05-23T20:18:24Z,2026-05-23T22:18:24+0200,ff0858ab-4740-4bdb-8b96-9805455abf18,2026-05-19T00:00:00Z,2026-05-19T02:00:00+0200,3581.28,MW,FR,FR,actual_onshore_wind_generation,Wind Onshore,2026-05-23T20:18:59Z
2026-05-23T20:18:24Z,2026-05-23T22:18:24+0200,ff0858ab-4740-4bdb-8b96-9805455abf18,2026-05-19T00:15:00Z,2026-05-19T02:15:00+0200,3642.17,MW,FR,FR,actual_onshore_wind_generation,Wind Onshore,2026-05-23T20:18:59Z
2026-05-23T20:18:24Z,2026-05-23T22:18:24+0200,ff0858ab-4740-4bdb-8b96-9805455abf18,2026-05-19T00:30:00Z,2026-05-19T02:30:00+0200,3695.08,MW,FR,FR,actual_onshore_wind_generation,Wind Onshore,2026-05-23T20:18:59Z
2026-05-23T20:18:24Z,2026-05-23T22:18:24+0200,ff0858ab-4740-4bdb-8b96-9805455abf18,2026-05-19T00:45:00Z,2026-05-19T02:45:00+0200,3688.07,MW,FR,FR,actual_onshore_wind_generation,Wind Onshore,2026-05-23T20:18:59Z
2026-05-23T20:18:24Z,2026-05-23T22:18:24+0200,ff0858ab-4740-4bdb-8b96-9805455abf18,2026-05-19T01:00:00Z,2026-05-19T03:00:00+0200,3705.24,MW,FR,FR,actual_onshore_wind_generation,Wind Onshore,2026-05-23T20:18:59Z
2026-05-23T20:18:24Z,2026-05-23T22:18:24+0200,ff0858ab-4740-4bdb-8b96-9805455abf18,2026-05-19T01:15:00Z,2026-05-19T03:15:00+0200,3733.02,MW,FR,FR,actual_onshore_wind_generation,Wind Onshore,2026-05-23T20:18:59Z
2026-05-23T20:18:24Z,2026-05-23T22:18:24+0200,ff0858ab-4740-4bdb-8b96-9805455abf18,2026-05-19T01:30:00Z,2026-05-19T03:30:00+0200,3749.75,MW,FR,FR,actual_onshore_wind_generation,Wind Onshore,2026-05-23T20:18:59Z
2026-05-23T20:18:24Z,2026-05-23T22:18:24+0200,ff0858ab-4740-4bdb-8b96-9805455abf18,2026-05-19T01:45:00Z,2026-05-19T03:45:00+0200,3819.33,MW,FR,FR,actual_onshore_wind_generation,Wind Onshore,2026-05-23T20:18:59Z
2026-05-23T20:18:24Z,2026-05-23T22:18:24+0200,ff0858ab-4740-4bdb-8b96-9805455abf18,2026-05-19T02:00:00Z,2026-05-19T04:00:00+0200,3869.21,MW,FR,FR,actual_onshore_wind_generation,Wind Onshore,2026-05-23T20:18:59Z
2026-05-23T20:18:24Z,2026-05-23T22:18:24+0200,ff0858ab-4740-4bdb-8b96-9805455abf18,2026-05-19T02:15:00Z,2026-05-19T04:15:00+0200,3915.34,MW,FR,FR,actual_onshore_wind_generation,Wind Onshore,2026-05-23T20:18:59Z
2026-05-23T20:18:24Z,2026-05-23T22:18:24+0200,ff0858ab-4740-4bdb-8b96-9805455abf18,2026-05-19T02:30:00Z,2026-05-19T04:30:00+0200,3984.25,MW,FR,FR,actual_onshore_wind_generation,Wind Onshore,2026-05-23T20:18:59Z
2026-05-23T20:18:24Z,2026-05-23T22:18:24+0200,ff0858ab-4740-4bdb-8b96-9805455abf18,2026-05-19T02:45:00Z,2026-05-19T04:45:00+0200,4009.56,MW,FR,FR,actual_onshore_wind_generation,Wind Onshore,2026-05-23T20:18:59Z
2026-05-23T20:18:24Z,2026-05-23T22:18:24+0200,ff0858ab-4740-4bdb-8b96-9805455abf18,2026-05-19T03:00:00Z,2026-05-19T05:00:00+0200,4053.23,MW,FR,FR,actual_onshore_wind_generation,Wind Onshore,2026-05-23T20:18:59Z
2026-05-23T20:18:24Z,2026-05-23T22:18:24+0200,ff0858ab-4740-4bdb-8b96-9805455abf18,2026-05-19T03:15:00Z,2026-05-19T05:15:00+0200,4114.18,MW,FR,FR,actual_onshore_wind_generation,Wind Onshore,2026-05-23T20:18:59Z
2026-05-23T20:18:24Z,2026-05-23T22:18:24+0200,ff0858ab-4740-4bdb-8b96-9805455abf18,2026-05-19T03:30:00Z,2026-05-19T05:30:00+0200,4172.46,MW,FR,FR,actual_onshore_wind_generation,Wind Onshore,2026-05-23T20:18:59Z
2026-05-23T20:18:24Z,2026-05-23T22:18:24+0200,ff0858ab-4740-4bdb-8b96-9805455abf18,2026-05-19T03:45:00Z,2026-05-19T05:45:00+0200,4258.57,MW,FR,FR,actual_onshore_wind_generation,Wind Onshore,2026-05-23T20:18:59Z
2026-05-23T20:18:24Z,2026-05-23T22:18:24+0200,ff0858ab-4740-4bdb-8b96-9805455abf18,2026-05-19T04:00:00Z,2026-05-19T06:00:00+0200,4287.85,MW,FR,FR,actual_onshore_wind_generation,Wind Onshore,2026-05-23T20:18:59Z
2026-05-23T20:18:24Z,2026-05-23T22:18:24+0200,ff0858ab-4740-4bdb-8b96-9805455abf18,2026-05-19T04:15:00Z,2026-05-19T06:15:00+0200,4390.62,MW,FR,FR,actual_onshore_wind_generation,Wind Onshore,2026-05-23T20:18:59Z
2026-05-23T20:18:24Z,2026-05-23T22:18:24+0200,ff0858ab-4740-4bdb-8b96-9805455abf18,2026-05-19T04:30:00Z,2026-05-19T06:30:00+0200,4491.75,MW,FR,FR,actual_onshore_wind_generation,Wind Onshore,2026-05-23T20:18:59Z
2026-05-23T20:18:24Z,2026-05-23T22:18:24+0200,ff0858ab-4740-4bdb-8b96-9805455abf18,2026-05-19T04:45:00Z,2026-05-19T06:45:00+0200,4562.57,MW,FR,FR,actual_onshore_wind_generation,Wind Onshore,2026-05-23T20:18:59Z
2026-05-23T20:18:24Z,2026-05-23T22:18:24+0200,ff0858ab-4740-4bdb-8b96-9805455abf18,2026-05-19T05:00:00Z,2026-05-19T07:00:00+0200,4706.33,MW,FR,FR,actual_onshore_wind_generation,Wind Onshore,2026-05-23T20:18:59Z
2026-05-23T20:18:24Z,2026-05-23T22:18:24+0200,ff0858ab-4740-4bdb-8b96-9805455abf18,2026-05-19T05:15:00Z,2026-05-19T07:15:00+0200,4786.93,MW,FR,FR,actual_onshore_wind_generation,Wind Onshore,2026-05-23T20:18:59Z
2026-05-23T20:18:24Z,2026-05-23T22:18:24+0200,ff0858ab-4740-4bdb-8b96-9805455abf18,2026-05-19T05:30:00Z,2026-05-19T07:30:00+0200,4856.05,MW,FR,FR,actual_onshore_wind_generation,Wind Onshore,2026-05-23T20:18:59Z
2026-05-23T20:18:24Z,2026-05-23T22:18:24+0200,ff0858ab-4740-4bdb-8b96-9805455abf18,2026-05-19T05:45:00Z,2026-05-19T07:45:00+0200,4901.11,MW,FR,FR,actual_onshore_wind_generation,Wind Onshore,2026-05-23T20:18:59Z
2026-05-23T20:18:24Z,2026-05-23T22:18:24+0200,ff0858ab-4740-4bdb-8b96-9805455abf18,2026-05-19T06:00:00Z,2026-05-19T08:00:00+0200,4997.62,MW,FR,FR,actual_onshore_wind_generation,Wind Onshore,2026-05-23T20:18:59Z
2026-05-23T20:18:24Z,2026-05-23T22:18:24+0200,ff0858ab-4740-4bdb-8b96-9805455abf18,2026-05-19T06:15:00Z,2026-05-19T08:15:00+0200,5045.78,MW,FR,FR,actual_onshore_wind_generation,Wind Onshore,2026-05-23T20:18:59Z
2026-05-23T20:18:24Z,2026-05-23T22:18:24+0200,ff0858ab-4740-4bdb-8b96-9805455abf18,2026-05-19T06:30:00Z,2026-05-19T08:30:00+0200,5059.93,MW,FR,FR,actual_onshore_wind_generation,Wind Onshore,2026-05-23T20:18:59Z
2026-05-23T20:18:24Z,2026-05-23T22:18:24+0200,ff0858ab-4740-4bdb-8b96-9805455abf18,2026-05-19T06:45:00Z,2026-05-19T08:45:00+0200,5180.35,MW,FR,FR,actual_onshore_wind_generation,Wind Onshore,2026-05-23T20:18:59Z
2026-05-23T20:18:24Z,2026-05-23T22:18:24+0200,ff0858ab-4740-4bdb-8b96-9805455abf18,2026-05-19T07:00:00Z,2026-05-19T09:00:00+0200,5294.85,MW,FR,FR,actual_onshore_wind_generation,Wind Onshore,2026-05-23T20:18:59Z
2026-05-23T20:18:24Z,2026-05-23T22:18:24+0200,ff0858ab-4740-4bdb-8b96-9805455abf18,2026-05-19T07:15:00Z,2026-05-19T09:15:00+0200,5438.1,MW,FR,FR,actual_onshore_wind_generation,Wind Onshore,2026-05-23T20:18:59Z
2026-05-23T20:18:24Z,2026-05-23T22:18:24+0200,ff0858ab-4740-4bdb-8b96-9805455abf18,2026-05-19T07:30:00Z,2026-05-19T09:30:00+0200,5697.45,MW,FR,FR,actual_onshore_wind_generation,Wind Onshore,2026-05-23T20:18:59Z
2026-05-23T20:18:24Z,2026-05-23T22:18:24+0200,ff0858ab-4740-4bdb-8b96-9805455abf18,2026-05-19T07:45:00Z,2026-05-19T09:45:00+0200,5928.26,MW,FR,FR,actual_onshore_wind_generation,Wind Onshore,2026-05-23T20:18:59Z
2026-05-23T20:18:24Z,2026-05-23T22:18:24+0200,ff0858ab-4740-4bdb-8b96-9805455abf18,2026-05-19T08:00:00Z,2026-05-19T10:00:00+0200,6199.62,MW,FR,FR,actual_onshore_wind_generation,Wind Onshore,2026-05-23T20:18:59Z
2026-05-23T20:18:24Z,2026-05-23T22:18:24+0200,ff0858ab-4740-4bdb-8b96-9805455abf18,2026-05-19T08:15:00Z,2026-05-19T10:15:00+0200,6449.57,MW,FR,FR,actual_onshore_wind_generation,Wind Onshore,2026-05-23T20:18:59Z
2026-05-23T20:18:24Z,2026-05-23T22:18:24+0200,ff0858ab-4740-4bdb-8b96-9805455abf18,2026-05-19T08:30:00Z,2026-05-19T10:30:00+0200,6917.87,MW,FR,FR,actual_onshore_wind_generation,Wind Onshore,2026-05-23T20:18:59Z
2026-05-23T20:18:24Z,2026-05-23T22:18:24+0200,ff0858ab-4740-4bdb-8b96-9805455abf18,2026-05-19T08:45:00Z,2026-05-19T10:45:00+0200,7165.54,MW,FR,FR,actual_onshore_wind_generation,Wind Onshore,2026-05-23T20:18:59Z
2026-05-23T20:18:24Z,2026-05-23T22:18:24+0200,ff0858ab-4740-4bdb-8b96-9805455abf18,2026-05-19T09:00:00Z,2026-05-19T11:00:00+0200,7437.12,MW,FR,FR,actual_onshore_wind_generation,Wind Onshore,2026-05-23T20:18:59Z
2026-05-23T20:18:24Z,2026-05-23T22:18:24+0200,ff0858ab-4740-4bdb-8b96-9805455abf18,2026-05-19T09:15:00Z,2026-05-19T11:15:00+0200,7647.74,MW,FR,FR,actual_onshore_wind_generation,Wind Onshore,2026-05-23T20:18:59Z
2026-05-23T20:18:24Z,2026-05-23T22:18:24+0200,ff0858ab-4740-4bdb-8b96-9805455abf18,2026-05-19T09:30:00Z,2026-05-19T11:30:00+0200,7753.96,MW,FR,FR,actual_onshore_wind_generation,Wind Onshore,2026-05-23T20:18:59Z
2026-05-23T20:18:24Z,2026-05-23T22:18:24+0200,ff0858ab-4740-4bdb-8b96-9805455abf18,2026-05-19T09:45:00Z,2026-05-19T11:45:00+0200,8042.85,MW,FR,FR,actual_onshore_wind_generation,Wind Onshore,2026-05-23T20:18:59Z
2026-05-23T20:18:24Z,2026-05-23T22:18:24+0200,ff0858ab-4740-4bdb-8b96-9805455abf18,2026-05-19T10:00:00Z,2026-05-19T12:00:00+0200,8411.94,MW,FR,FR,actual_onshore_wind_generation,Wind Onshore,2026-05-23T20:18:59Z
2026-05-23T20:18:24Z,2026-05-23T22:18:24+0200,ff0858ab-4740-4bdb-8b96-9805455abf18,2026-05-19T10:15:00Z,2026-05-19T12:15:00+0200,8596.4,MW,FR,FR,actual_onshore_wind_generation,Wind Onshore,2026-05-23T20:18:59Z
2026-05-23T20:18:24Z,2026-05-23T22:18:24+0200,ff0858ab-4740-4bdb-8b96-9805455abf18,2026-05-19T10:30:00Z,2026-05-19T12:30:00+0200,8721.68,MW,FR,FR,actual_onshore_wind_generation,Wind Onshore,2026-05-23T20:18:59Z
2026-05-23T20:18:24Z,2026-05-23T22:18:24+0200,ff0858ab-4740-4bdb-8b96-9805455abf18,2026-05-19T10:45:00Z,2026-05-19T12:45:00+0200,8859.47,MW,FR,FR,actual_onshore_wind_generation,Wind Onshore,2026-05-23T20:18:59Z
2026-05-23T20:18:24Z,2026-05-23T22:18:24+0200,ff0858ab-4740-4bdb-8b96-9805455abf18,2026-05-19T11:00:00Z,2026-05-19T13:00:00+0200,9006.16,MW,FR,FR,actual_onshore_wind_generation,Wind Onshore,2026-05-23T20:18:59Z
2026-05-23T20:18:24Z,2026-05-23T22:18:24+0200,ff0858ab-4740-4bdb-8b96-9805455abf18,2026-05-19T11:15:00Z,2026-05-19T13:15:00+0200,9066.84,MW,FR,FR,actual_onshore_wind_generation,Wind Onshore,2026-05-23T20:18:59Z
2026-05-23T20:18:24Z,2026-05-23T22:18:24+0200,ff0858ab-4740-4bdb-8b96-9805455abf18,2026-05-19T11:30:00Z,2026-05-19T13:30:00+0200,9033.49,MW,FR,FR,actual_onshore_wind_generation,Wind Onshore,2026-05-23T20:18:59Z
2026-05-23T20:18:24Z,2026-05-23T22:18:24+0200,ff0858ab-4740-4bdb-8b96-9805455abf18,2026-05-19T11:45:00Z,2026-05-19T13:45:00+0200,9040.83,MW,FR,FR,actual_onshore_wind_generation,Wind Onshore,2026-05-23T20:18:59Z
2026-05-23T20:18:24Z,2026-05-23T22:18:24+0200,ff0858ab-4740-4bdb-8b96-9805455abf18,2026-05-19T12:00:00Z,2026-05-19T14:00:00+0200,8928.94,MW,FR,FR,actual_onshore_wind_generation,Wind Onshore,2026-05-23T20:18:59Z
2026-05-23T20:18:24Z,2026-05-23T22:18:24+0200,ff0858ab-4740-4bdb-8b96-9805455abf18,2026-05-19T12:15:00Z,2026-05-19T14:15:00+0200,8961.98,MW,FR,FR,actual_onshore_wind_generation,Wind Onshore,2026-05-23T20:18:59Z
2026-05-23T20:18:24Z,2026-05-23T22:18:24+0200,ff0858ab-4740-4bdb-8b96-9805455abf18,2026-05-19T12:30:00Z,2026-05-19T14:30:00+0200,8895.83,MW,FR,FR,actual_onshore_wind_generation,Wind Onshore,2026-05-23T20:18:59Z
2026-05-23T20:18:24Z,2026-05-23T22:18:24+0200,ff0858ab-4740-4bdb-8b96-9805455abf18,2026-05-19T12:45:00Z,2026-05-19T14:45:00+0200,8967.55,MW,FR,FR,actual_onshore_wind_generation,Wind Onshore,2026-05-23T20:18:59Z
2026-05-23T20:18:24Z,2026-05-23T22:18:24+0200,ff0858ab-4740-4bdb-8b96-9805455abf18,2026-05-19T13:00:00Z,2026-05-19T15:00:00+0200,8788.24,MW,FR,FR,actual_onshore_wind_generation,Wind Onshore,2026-05-23T20:18:59Z
2026-05-23T20:18:24Z,2026-05-23T22:18:24+0200,ff0858ab-4740-4bdb-8b96-9805455abf18,2026-05-19T13:15:00Z,2026-05-19T15:15:00+0200,8475.01,MW,FR,FR,actual_onshore_wind_generation,Wind Onshore,2026-05-23T20:18:59Z
2026-05-23T20:18:24Z,2026-05-23T22:18:24+0200,ff0858ab-4740-4bdb-8b96-9805455abf18,2026-05-19T13:30:00Z,2026-05-19T15:30:00+0200,8343.5,MW,FR,FR,actual_onshore_wind_generation,Wind Onshore,2026-05-23T20:18:59Z
2026-05-23T20:18:24Z,2026-05-23T22:18:24+0200,ff0858ab-4740-4bdb-8b96-9805455abf18,2026-05-19T13:45:00Z,2026-05-19T15:45:00+0200,8427.16,MW,FR,FR,actual_onshore_wind_generation,Wind Onshore,2026-05-23T20:18:59Z
2026-05-23T20:18:24Z,2026-05-23T22:18:24+0200,ff0858ab-4740-4bdb-8b96-9805455abf18,2026-05-19T14:00:00Z,2026-05-19T16:00:00+0200,8588.23,MW,FR,FR,actual_onshore_wind_generation,Wind Onshore,2026-05-23T20:18:59Z
2026-05-23T20:18:24Z,2026-05-23T22:18:24+0200,ff0858ab-4740-4bdb-8b96-9805455abf18,2026-05-19T14:15:00Z,2026-05-19T16:15:00+0200,8596.32,MW,FR,FR,actual_onshore_wind_generation,Wind Onshore,2026-05-23T20:18:59Z
2026-05-23T20:18:24Z,2026-05-23T22:18:24+0200,ff0858ab-4740-4bdb-8b96-9805455abf18,2026-05-19T14:30:00Z,2026-05-19T16:30:00+0200,8435.23,MW,FR,FR,actual_onshore_wind_generation,Wind Onshore,2026-05-23T20:18:59Z
2026-05-23T20:18:24Z,2026-05-23T22:18:24+0200,ff0858ab-4740-4bdb-8b96-9805455abf18,2026-05-19T14:45:00Z,2026-05-19T16:45:00+0200,8354.58,MW,FR,FR,actual_onshore_wind_generation,Wind Onshore,2026-05-23T20:18:59Z
2026-05-23T20:18:24Z,2026-05-23T22:18:24+0200,ff0858ab-4740-4bdb-8b96-9805455abf18,2026-05-19T15:00:00Z,2026-05-19T17:00:00+0200,8478.12,MW,FR,FR,actual_onshore_wind_generation,Wind Onshore,2026-05-23T20:18:59Z
2026-05-23T20:18:24Z,2026-05-23T22:18:24+0200,ff0858ab-4740-4bdb-8b96-9805455abf18,2026-05-19T15:15:00Z,2026-05-19T17:15:00+0200,8580.29,MW,FR,FR,actual_onshore_wind_generation,Wind Onshore,2026-05-23T20:18:59Z
2026-05-23T20:18:24Z,2026-05-23T22:18:24+0200,ff0858ab-4740-4bdb-8b96-9805455abf18,2026-05-19T15:30:00Z,2026-05-19T17:30:00+0200,8574.07,MW,FR,FR,actual_onshore_wind_generation,Wind Onshore,2026-05-23T20:18:59Z
2026-05-23T20:18:24Z,2026-05-23T22:18:24+0200,ff0858ab-4740-4bdb-8b96-9805455abf18,2026-05-19T15:45:00Z,2026-05-19T17:45:00+0200,8402.27,MW,FR,FR,actual_onshore_wind_generation,Wind Onshore,2026-05-23T20:18:59Z
2026-05-23T20:18:24Z,2026-05-23T22:18:24+0200,ff0858ab-4740-4bdb-8b96-9805455abf18,2026-05-19T16:00:00Z,2026-05-19T18:00:00+0200,8255.96,MW,FR,FR,actual_onshore_wind_generation,Wind Onshore,2026-05-23T20:18:59Z
2026-05-23T20:18:24Z,2026-05-23T22:18:24+0200,ff0858ab-4740-4bdb-8b96-9805455abf18,2026-05-19T16:15:00Z,2026-05-19T18:15:00+0200,8387.89,MW,FR,FR,actual_onshore_wind_generation,Wind Onshore,2026-05-23T20:18:59Z
2026-05-23T20:18:24Z,2026-05-23T22:18:24+0200,ff0858ab-4740-4bdb-8b96-9805455abf18,2026-05-19T16:30:00Z,2026-05-19T18:30:00+0200,8178.89,MW,FR,FR,actual_onshore_wind_generation,Wind Onshore,2026-05-23T20:18:59Z
2026-05-23T20:18:24Z,2026-05-23T22:18:24+0200,ff0858ab-4740-4bdb-8b96-9805455abf18,2026-05-19T16:45:00Z,2026-05-19T18:45:00+0200,7925.95,MW,FR,FR,actual_onshore_wind_generation,Wind Onshore,2026-05-23T20:18:59Z
2026-05-23T20:18:24Z,2026-05-23T22:18:24+0200,ff0858ab-4740-4bdb-8b96-9805455abf18,2026-05-19T17:00:00Z,2026-05-19T19:00:00+0200,7913.65,MW,FR,FR,actual_onshore_wind_generation,Wind Onshore,2026-05-23T20:18:59Z
2026-05-23T20:18:24Z,2026-05-23T22:18:24+0200,ff0858ab-4740-4bdb-8b96-9805455abf18,2026-05-19T17:15:00Z,2026-05-19T19:15:00+0200,7814.57,MW,FR,FR,actual_onshore_wind_generation,Wind Onshore,2026-05-23T20:18:59Z
2026-05-23T20:18:24Z,2026-05-23T22:18:24+0200,ff0858ab-4740-4bdb-8b96-9805455abf18,2026-05-19T17:30:00Z,2026-05-19T19:30:00+0200,7718.02,MW,FR,FR,actual_onshore_wind_generation,Wind Onshore,2026-05-23T20:18:59Z
2026-05-23T20:18:24Z,2026-05-23T22:18:24+0200,ff0858ab-4740-4bdb-8b96-9805455abf18,2026-05-19T17:45:00Z,2026-05-19T19:45:00+0200,7526.12,MW,FR,FR,actual_onshore_wind_generation,Wind Onshore,2026-05-23T20:18:59Z
2026-05-23T20:18:24Z,2026-05-23T22:18:24+0200,ff0858ab-4740-4bdb-8b96-9805455abf18,2026-05-19T18:00:00Z,2026-05-19T20:00:00+0200,7372.42,MW,FR,FR,actual_onshore_wind_generation,Wind Onshore,2026-05-23T20:18:59Z
2026-05-23T20:18:24Z,2026-05-23T22:18:24+0200,ff0858ab-4740-4bdb-8b96-9805455abf18,2026-05-19T18:15:00Z,2026-05-19T20:15:00+0200,7210.62,MW,FR,FR,actual_onshore_wind_generation,Wind Onshore,2026-05-23T20:18:59Z
2026-05-23T20:18:24Z,2026-05-23T22:18:24+0200,ff0858ab-4740-4bdb-8b96-9805455abf18,2026-05-19T18:30:00Z,2026-05-19T20:30:00+0200,7042.69,MW,FR,FR,actual_onshore_wind_generation,Wind Onshore,2026-05-23T20:18:59Z
2026-05-23T20:18:24Z,2026-05-23T22:18:24+0200,ff0858ab-4740-4bdb-8b96-9805455abf18,2026-05-19T18:45:00Z,2026-05-19T20:45:00+0200,6879.0,MW,FR,FR,actual_onshore_wind_generation,Wind Onshore,2026-05-23T20:18:59Z
2026-05-23T20:18:24Z,2026-05-23T22:18:24+0200,ff0858ab-4740-4bdb-8b96-9805455abf18,2026-05-19T19:00:00Z,2026-05-19T21:00:00+0200,6742.24,MW,FR,FR,actual_onshore_wind_generation,Wind Onshore,2026-05-23T20:18:59Z
2026-05-23T20:18:24Z,2026-05-23T22:18:24+0200,ff0858ab-4740-4bdb-8b96-9805455abf18,2026-05-19T19:15:00Z,2026-05-19T21:15:00+0200,6804.37,MW,FR,FR,actual_onshore_wind_generation,Wind Onshore,2026-05-23T20:18:59Z
2026-05-23T20:18:24Z,2026-05-23T22:18:24+0200,ff0858ab-4740-4bdb-8b96-9805455abf18,2026-05-19T19:30:00Z,2026-05-19T21:30:00+0200,6802.83,MW,FR,FR,actual_onshore_wind_generation,Wind Onshore,2026-05-23T20:18:59Z
2026-05-23T20:18:24Z,2026-05-23T22:18:24+0200,ff0858ab-4740-4bdb-8b96-9805455abf18,2026-05-19T19:45:00Z,2026-05-19T21:45:00+0200,6745.57,MW,FR,FR,actual_onshore_wind_generation,Wind Onshore,2026-05-23T20:18:59Z
2026-05-23T20:18:24Z,2026-05-23T22:18:24+0200,ff0858ab-4740-4bdb-8b96-9805455abf18,2026-05-19T20:00:00Z,2026-05-19T22:00:00+0200,6618.67,MW,FR,FR,actual_onshore_wind_generation,Wind Onshore,2026-05-23T20:18:59Z
2026-05-23T20:18:24Z,2026-05-23T22:18:24+0200,ff0858ab-4740-4bdb-8b96-9805455abf18,2026-05-19T20:15:00Z,2026-05-19T22:15:00+0200,6648.17,MW,FR,FR,actual_onshore_wind_generation,Wind Onshore,2026-05-23T20:18:59Z
2026-05-23T20:18:24Z,2026-05-23T22:18:24+0200,ff0858ab-4740-4bdb-8b96-9805455abf18,2026-05-19T20:30:00Z,2026-05-19T22:30:00+0200,6673.91,MW,FR,FR,actual_onshore_wind_generation,Wind Onshore,2026-05-23T20:18:59Z
2026-05-23T20:18:24Z,2026-05-23T22:18:24+0200,ff0858ab-4740-4bdb-8b96-9805455abf18,2026-05-19T20:45:00Z,2026-05-19T22:45:00+0200,6643.98,MW,FR,FR,actual_onshore_wind_generation,Wind Onshore,2026-05-23T20:18:59Z
2026-05-23T20:18:24Z,2026-05-23T22:18:24+0200,ff0858ab-4740-4bdb-8b96-9805455abf18,2026-05-19T21:00:00Z,2026-05-19T23:00:00+0200,6722.09,MW,FR,FR,actual_onshore_wind_generation,Wind Onshore,2026-05-23T20:18:59Z
2026-05-23T20:18:24Z,2026-05-23T22:18:24+0200,ff0858ab-4740-4bdb-8b96-9805455abf18,2026-05-19T21:15:00Z,2026-05-19T23:15:00+0200,6888.16,MW,FR,FR,actual_onshore_wind_generation,Wind Onshore,2026-05-23T20:18:59Z
2026-05-23T20:18:24Z,2026-05-23T22:18:24+0200,ff0858ab-4740-4bdb-8b96-9805455abf18,2026-05-19T21:30:00Z,2026-05-19T23:30:00+0200,6980.87,MW,FR,FR,actual_onshore_wind_generation,Wind Onshore,2026-05-23T20:18:59Z
2026-05-23T20:18:24Z,2026-05-23T22:18:24+0200,ff0858ab-4740-4bdb-8b96-9805455abf18,2026-05-19T21:45:00Z,2026-05-19T23:45:00+0200,6942.44,MW,FR,FR,actual_onshore_wind_generation,Wind Onshore,2026-05-23T20:18:59Z
2026-05-23T20:18:24Z,2026-05-23T22:18:24+0200,ff0858ab-4740-4bdb-8b96-9805455abf18,2026-05-19T22:00:00Z,2026-05-20T00:00:00+0200,7061.11,MW,FR,FR,actual_onshore_wind_generation,Wind Onshore,2026-05-23T20:18:59Z
2026-05-23T20:18:24Z,2026-05-23T22:18:24+0200,ff0858ab-4740-4bdb-8b96-9805455abf18,2026-05-19T22:15:00Z,2026-05-20T00:15:00+0200,7246.59,MW,FR,FR,actual_onshore_wind_generation,Wind Onshore,2026-05-23T20:18:59Z
2026-05-23T20:18:24Z,2026-05-23T22:18:24+0200,ff0858ab-4740-4bdb-8b96-9805455abf18,2026-05-19T22:30:00Z,2026-05-20T00:30:00+0200,7472.96,MW,FR,FR,actual_onshore_wind_generation,Wind Onshore,2026-05-23T20:18:59Z
2026-05-23T20:18:24Z,2026-05-23T22:18:24+0200,ff0858ab-4740-4bdb-8b96-9805455abf18,2026-05-19T22:45:00Z,2026-05-20T00:45:00+0200,7570.45,MW,FR,FR,actual_onshore_wind_generation,Wind Onshore,2026-05-23T20:18:59Z
2026-05-23T20:18:24Z,2026-05-23T22:18:24+0200,ff0858ab-4740-4bdb-8b96-9805455abf18,2026-05-19T23:00:00Z,2026-05-20T01:00:00+0200,7572.56,MW,FR,FR,actual_onshore_wind_generation,Wind Onshore,2026-05-23T20:18:59Z
2026-05-23T20:18:24Z,2026-05-23T22:18:24+0200,ff0858ab-4740-4bdb-8b96-9805455abf18,2026-05-19T23:15:00Z,2026-05-20T01:15:00+0200,7547.38,MW,FR,FR,actual_onshore_wind_generation,Wind Onshore,2026-05-23T20:18:59Z
2026-05-23T20:18:24Z,2026-05-23T22:18:24+0200,ff0858ab-4740-4bdb-8b96-9805455abf18,2026-05-19T23:30:00Z,2026-05-20T01:30:00+0200,7491.15,MW,FR,FR,actual_onshore_wind_generation,Wind Onshore,2026-05-23T20:18:59Z
2026-05-23T20:18:24Z,2026-05-23T22:18:24+0200,ff0858ab-4740-4bdb-8b96-9805455abf18,2026-05-19T23:45:00Z,2026-05-20T01:45:00+0200,7523.74,MW,FR,FR,actual_onshore_wind_generation,Wind Onshore,2026-05-23T20:18:59Z
2026-05-23T20:18:24Z,2026-05-23T22:18:24+0200,ff0858ab-4740-4bdb-8b96-9805455abf18,2026-05-20T00:00:00Z,2026-05-20T02:00:00+0200,7485.32,MW,FR,FR,actual_onshore_wind_generation,Wind Onshore,2026-05-23T20:18:59Z
2026-05-23T20:18:24Z,2026-05-23T22:18:24+0200,ff0858ab-4740-4bdb-8b96-9805455abf18,2026-05-20T00:15:00Z,2026-05-20T02:15:00+0200,7540.81,MW,FR,FR,actual_onshore_wind_generation,Wind Onshore,2026-05-23T20:18:59Z
2026-05-23T20:18:24Z,2026-05-23T22:18:24+0200,ff0858ab-4740-4bdb-8b96-9805455abf18,2026-05-20T00:30:00Z,2026-05-20T02:30:00+0200,7491.41,MW,FR,FR,actual_onshore_wind_generation,Wind Onshore,2026-05-23T20:18:59Z
2026-05-23T20:18:24Z,2026-05-23T22:18:24+0200,ff0858ab-4740-4bdb-8b96-9805455abf18,2026-05-20T00:45:00Z,2026-05-20T02:45:00+0200,7517.39,MW,FR,FR,actual_onshore_wind_generation,Wind Onshore,2026-05-23T20:18:59Z
2026-05-23T20:18:24Z,2026-05-23T22:18:24+0200,ff0858ab-4740-4bdb-8b96-9805455abf18,2026-05-20T01:00:00Z,2026-05-20T03:00:00+0200,7492.28,MW,FR,FR,actual_onshore_wind_generation,Wind Onshore,2026-05-23T20:18:59Z
2026-05-23T20:18:24Z,2026-05-23T22:18:24+0200,ff0858ab-4740-4bdb-8b96-9805455abf18,2026-05-20T01:15:00Z,2026-05-20T03:15:00+0200,7393.79,MW,FR,FR,actual_onshore_wind_generation,Wind Onshore,2026-05-23T20:18:59Z
2026-05-23T20:18:24Z,2026-05-23T22:18:24+0200,ff0858ab-4740-4bdb-8b96-9805455abf18,2026-05-20T01:30:00Z,2026-05-20T03:30:00+0200,7452.01,MW,FR,FR,actual_onshore_wind_generation,Wind Onshore,2026-05-23T20:18:59Z
2026-05-23T20:18:24Z,2026-05-23T22:18:24+0200,ff0858ab-4740-4bdb-8b96-9805455abf18,2026-05-20T01:45:00Z,2026-05-20T03:45:00+0200,7367.91,MW,FR,FR,actual_onshore_wind_generation,Wind Onshore,2026-05-23T20:18:59Z
2026-05-23T20:18:24Z,2026-05-23T22:18:24+0200,ff0858ab-4740-4bdb-8b96-9805455abf18,2026-05-20T02:00:00Z,2026-05-20T04:00:00+0200,7321.97,MW,FR,FR,actual_onshore_wind_generation,Wind Onshore,2026-05-23T20:18:59Z
2026-05-23T20:18:24Z,2026-05-23T22:18:24+0200,ff0858ab-4740-4bdb-8b96-9805455abf18,2026-05-20T02:15:00Z,2026-05-20T04:15:00+0200,7228.54,MW,FR,FR,actual_onshore_wind_generation,Wind Onshore,2026-05-23T20:18:59Z
2026-05-23T20:18:24Z,2026-05-23T22:18:24+0200,ff0858ab-4740-4bdb-8b96-9805455abf18,2026-05-20T02:30:00Z,2026-05-20T04:30:00+0200,7161.65,MW,FR,FR,actual_onshore_wind_generation,Wind Onshore,2026-05-23T20:18:59Z
2026-05-23T20:18:24Z,2026-05-23T22:18:24+0200,ff0858ab-4740-4bdb-8b96-9805455abf18,2026-05-20T02:45:00Z,2026-05-20T04:45:00+0200,7229.05,MW,FR,FR,actual_onshore_wind_generation,Wind Onshore,2026-05-23T20:18:59Z
2026-05-23T20:18:24Z,2026-05-23T22:18:24+0200,ff0858ab-4740-4bdb-8b96-9805455abf18,2026-05-20T03:00:00Z,2026-05-20T05:00:00+0200,7289.15,MW,FR,FR,actual_onshore_wind_generation,Wind Onshore,2026-05-23T20:18:59Z
2026-05-23T20:18:24Z,2026-05-23T22:18:24+0200,ff0858ab-4740-4bdb-8b96-9805455abf18,2026-05-20T03:15:00Z,2026-05-20T05:15:00+0200,7202.23,MW,FR,FR,actual_onshore_wind_generation,Wind Onshore,2026-05-23T20:18:59Z
2026-05-23T20:18:24Z,2026-05-23T22:18:24+0200,ff0858ab-4740-4bdb-8b96-9805455abf18,2026-05-20T03:30:00Z,2026-05-20T05:30:00+0200,7088.49,MW,FR,FR,actual_onshore_wind_generation,Wind Onshore,2026-05-23T20:18:59Z
2026-05-23T20:18:24Z,2026-05-23T22:18:24+0200,ff0858ab-4740-4bdb-8b96-9805455abf18,2026-05-20T03:45:00Z,2026-05-20T05:45:00+0200,7038.5,MW,FR,FR,actual_onshore_wind_generation,Wind Onshore,2026-05-23T20:18:59Z
2026-05-23T20:18:24Z,2026-05-23T22:18:24+0200,ff0858ab-4740-4bdb-8b96-9805455abf18,2026-05-20T04:00:00Z,2026-05-20T06:00:00+0200,7027.66,MW,FR,FR,actual_onshore_wind_generation,Wind Onshore,2026-05-23T20:18:59Z
2026-05-23T20:18:24Z,2026-05-23T22:18:24+0200,ff0858ab-4740-4bdb-8b96-9805455abf18,2026-05-20T04:15:00Z,2026-05-20T06:15:00+0200,7091.47,MW,FR,FR,actual_onshore_wind_generation,Wind Onshore,2026-05-23T20:18:59Z
2026-05-23T20:18:24Z,2026-05-23T22:18:24+0200,ff0858ab-4740-4bdb-8b96-9805455abf18,2026-05-20T04:30:00Z,2026-05-20T06:30:00+0200,7017.02,MW,FR,FR,actual_onshore_wind_generation,Wind Onshore,2026-05-23T20:18:59Z
2026-05-23T20:18:24Z,2026-05-23T22:18:24+0200,ff0858ab-4740-4bdb-8b96-9805455abf18,2026-05-20T04:45:00Z,2026-05-20T06:45:00+0200,6933.04,MW,FR,FR,actual_onshore_wind_generation,Wind Onshore,2026-05-23T20:18:59Z
2026-05-23T20:18:24Z,2026-05-23T22:18:24+0200,ff0858ab-4740-4bdb-8b96-9805455abf18,2026-05-20T05:00:00Z,2026-05-20T07:00:00+0200,6911.27,MW,FR,FR,actual_onshore_wind_generation,Wind Onshore,2026-05-23T20:18:59Z
2026-05-23T20:18:24Z,2026-05-23T22:18:24+0200,ff0858ab-4740-4bdb-8b96-9805455abf18,2026-05-20T05:15:00Z,2026-05-20T07:15:00+0200,6786.09,MW,FR,FR,actual_onshore_wind_generation,Wind Onshore,2026-05-23T20:18:59Z
2026-05-23T20:18:24Z,2026-05-23T22:18:24+0200,ff0858ab-4740-4bdb-8b96-9805455abf18,2026-05-20T05:30:00Z,2026-05-20T07:30:00+0200,6599.6,MW,FR,FR,actual_onshore_wind_generation,Wind Onshore,2026-05-23T20:18:59Z
2026-05-23T20:18:24Z,2026-05-23T22:18:24+0200,ff0858ab-4740-4bdb-8b96-9805455abf18,2026-05-20T05:45:00Z,2026-05-20T07:45:00+0200,6406.86,MW,FR,FR,actual_onshore_wind_generation,Wind Onshore,2026-05-23T20:18:59Z
2026-05-23T20:18:24Z,2026-05-23T22:18:24+0200,ff0858ab-4740-4bdb-8b96-9805455abf18,2026-05-20T06:00:00Z,2026-05-20T08:00:00+0200,6257.03,MW,FR,FR,actual_onshore_wind_generation,Wind Onshore,2026-05-23T20:18:59Z
2026-05-23T20:18:24Z,2026-05-23T22:18:24+0200,ff0858ab-4740-4bdb-8b96-9805455abf18,2026-05-20T06:15:00Z,2026-05-20T08:15:00+0200,6278.86,MW,FR,FR,actual_onshore_wind_generation,Wind Onshore,2026-05-23T20:18:59Z
2026-05-23T20:18:24Z,2026-05-23T22:18:24+0200,ff0858ab-4740-4bdb-8b96-9805455abf18,2026-05-20T06:30:00Z,2026-05-20T08:30:00+0200,6309.14,MW,FR,FR,actual_onshore_wind_generation,Wind Onshore,2026-05-23T20:18:59Z
2026-05-23T20:18:24Z,2026-05-23T22:18:24+0200,ff0858ab-4740-4bdb-8b96-9805455abf18,2026-05-20T06:45:00Z,2026-05-20T08:45:00+0200,6451.76,MW,FR,FR,actual_onshore_wind_generation,Wind Onshore,2026-05-23T20:18:59Z
2026-05-23T20:18:24Z,2026-05-23T22:18:24+0200,ff0858ab-4740-4bdb-8b96-9805455abf18,2026-05-20T07:00:00Z,2026-05-20T09:00:00+0200,6410.98,MW,FR,FR,actual_onshore_wind_generation,Wind Onshore,2026-05-23T20:18:59Z
2026-05-23T20:18:24Z,2026-05-23T22:18:24+0200,ff0858ab-4740-4bdb-8b96-9805455abf18,2026-05-20T07:15:00Z,2026-05-20T09:15:00+0200,6582.55,MW,FR,FR,actual_onshore_wind_generation,Wind Onshore,2026-05-23T20:18:59Z
2026-05-23T20:18:24Z,2026-05-23T22:18:24+0200,ff0858ab-4740-4bdb-8b96-9805455abf18,2026-05-20T07:30:00Z,2026-05-20T09:30:00+0200,6625.48,MW,FR,FR,actual_onshore_wind_generation,Wind Onshore,2026-05-23T20:18:59Z
2026-05-23T20:18:24Z,2026-05-23T22:18:24+0200,ff0858ab-4740-4bdb-8b96-9805455abf18,2026-05-20T07:45:00Z,2026-05-20T09:45:00+0200,6661.13,MW,FR,FR,actual_onshore_wind_generation,Wind Onshore,2026-05-23T20:18:59Z
2026-05-23T20:18:24Z,2026-05-23T22:18:24+0200,ff0858ab-4740-4bdb-8b96-9805455abf18,2026-05-20T08:00:00Z,2026-05-20T10:00:00+0200,6660.07,MW,FR,FR,actual_onshore_wind_generation,Wind Onshore,2026-05-23T20:18:59Z
2026-05-23T20:18:24Z,2026-05-23T22:18:24+0200,ff0858ab-4740-4bdb-8b96-9805455abf18,2026-05-20T08:15:00Z,2026-05-20T10:15:00+0200,6687.9,MW,FR,FR,actual_onshore_wind_generation,Wind Onshore,2026-05-23T20:18:59Z
2026-05-23T20:18:24Z,2026-05-23T22:18:24+0200,ff0858ab-4740-4bdb-8b96-9805455abf18,2026-05-20T08:30:00Z,2026-05-20T10:30:00+0200,6701.12,MW,FR,FR,actual_onshore_wind_generation,Wind Onshore,2026-05-23T20:18:59Z
2026-05-23T20:18:24Z,2026-05-23T22:18:24+0200,ff0858ab-4740-4bdb-8b96-9805455abf18,2026-05-20T08:45:00Z,2026-05-20T10:45:00+0200,6567.77,MW,FR,FR,actual_onshore_wind_generation,Wind Onshore,2026-05-23T20:18:59Z
2026-05-23T20:18:24Z,2026-05-23T22:18:24+0200,ff0858ab-4740-4bdb-8b96-9805455abf18,2026-05-20T09:00:00Z,2026-05-20T11:00:00+0200,6425.75,MW,FR,FR,actual_onshore_wind_generation,Wind Onshore,2026-05-23T20:18:59Z
2026-05-23T20:18:24Z,2026-05-23T22:18:24+0200,ff0858ab-4740-4bdb-8b96-9805455abf18,2026-05-20T09:15:00Z,2026-05-20T11:15:00+0200,6588.82,MW,FR,FR,actual_onshore_wind_generation,Wind Onshore,2026-05-23T20:18:59Z
2026-05-23T20:18:24Z,2026-05-23T22:18:24+0200,ff0858ab-4740-4bdb-8b96-9805455abf18,2026-05-20T09:30:00Z,2026-05-20T11:30:00+0200,6274.81,MW,FR,FR,actual_onshore_wind_generation,Wind Onshore,2026-05-23T20:18:59Z
2026-05-23T20:18:24Z,2026-05-23T22:18:24+0200,ff0858ab-4740-4bdb-8b96-9805455abf18,2026-05-20T09:45:00Z,2026-05-20T11:45:00+0200,5397.21,MW,FR,FR,actual_onshore_wind_generation,Wind Onshore,2026-05-23T20:18:59Z
2026-05-23T20:18:24Z,2026-05-23T22:18:24+0200,ff0858ab-4740-4bdb-8b96-9805455abf18,2026-05-20T10:00:00Z,2026-05-20T12:00:00+0200,5365.95,MW,FR,FR,actual_onshore_wind_generation,Wind Onshore,2026-05-23T20:18:59Z
2026-05-23T20:18:24Z,2026-05-23T22:18:24+0200,ff0858ab-4740-4bdb-8b96-9805455abf18,2026-05-20T10:15:00Z,2026-05-20T12:15:00+0200,5307.91,MW,FR,FR,actual_onshore_wind_generation,Wind Onshore,2026-05-23T20:18:59Z
2026-05-23T20:18:24Z,2026-05-23T22:18:24+0200,ff0858ab-4740-4bdb-8b96-9805455abf18,2026-05-20T10:30:00Z,2026-05-20T12:30:00+0200,5786.88,MW,FR,FR,actual_onshore_wind_generation,Wind Onshore,2026-05-23T20:18:59Z
2026-05-23T20:18:24Z,2026-05-23T22:18:24+0200,ff0858ab-4740-4bdb-8b96-9805455abf18,2026-05-20T10:45:00Z,2026-05-20T12:45:00+0200,5429.16,MW,FR,FR,actual_onshore_wind_generation,Wind Onshore,2026-05-23T20:18:59Z
2026-05-23T20:18:24Z,2026-05-23T22:18:24+0200,ff0858ab-4740-4bdb-8b96-9805455abf18,2026-05-20T11:00:00Z,2026-05-20T13:00:00+0200,5079.3,MW,FR,FR,actual_onshore_wind_generation,Wind Onshore,2026-05-23T20:18:59Z
2026-05-23T20:18:24Z,2026-05-23T22:18:24+0200,ff0858ab-4740-4bdb-8b96-9805455abf18,2026-05-20T11:15:00Z,2026-05-20T13:15:00+0200,5018.74,MW,FR,FR,actual_onshore_wind_generation,Wind Onshore,2026-05-23T20:18:59Z
2026-05-23T20:18:24Z,2026-05-23T22:18:24+0200,ff0858ab-4740-4bdb-8b96-9805455abf18,2026-05-20T11:30:00Z,2026-05-20T13:30:00+0200,4910.38,MW,FR,FR,actual_onshore_wind_generation,Wind Onshore,2026-05-23T20:18:59Z
2026-05-23T20:18:24Z,2026-05-23T22:18:24+0200,ff0858ab-4740-4bdb-8b96-9805455abf18,2026-05-20T11:45:00Z,2026-05-20T13:45:00+0200,4785.33,MW,FR,FR,actual_onshore_wind_generation,Wind Onshore,2026-05-23T20:18:59Z
2026-05-23T20:18:24Z,2026-05-23T22:18:24+0200,ff0858ab-4740-4bdb-8b96-9805455abf18,2026-05-20T12:00:00Z,2026-05-20T14:00:00+0200,4725.52,MW,FR,FR,actual_onshore_wind_generation,Wind Onshore,2026-05-23T20:18:59Z
2026-05-23T20:18:24Z,2026-05-23T22:18:24+0200,ff0858ab-4740-4bdb-8b96-9805455abf18,2026-05-20T12:15:00Z,2026-05-20T14:15:00+0200,4696.64,MW,FR,FR,actual_onshore_wind_generation,Wind Onshore,2026-05-23T20:18:59Z
2026-05-23T20:18:24Z,2026-05-23T22:18:24+0200,ff0858ab-4740-4bdb-8b96-9805455abf18,2026-05-20T12:30:00Z,2026-05-20T14:30:00+0200,4688.93,MW,FR,FR,actual_onshore_wind_generation,Wind Onshore,2026-05-23T20:18:59Z
2026-05-23T20:18:24Z,2026-05-23T22:18:24+0200,ff0858ab-4740-4bdb-8b96-9805455abf18,2026-05-20T12:45:00Z,2026-05-20T14:45:00+0200,4616.5,MW,FR,FR,actual_onshore_wind_generation,Wind Onshore,2026-05-23T20:18:59Z
2026-05-23T20:18:24Z,2026-05-23T22:18:24+0200,ff0858ab-4740-4bdb-8b96-9805455abf18,2026-05-20T13:00:00Z,2026-05-20T15:00:00+0200,4398.79,MW,FR,FR,actual_onshore_wind_generation,Wind Onshore,2026-05-23T20:18:59Z
2026-05-23T20:18:24Z,2026-05-23T22:18:24+0200,ff0858ab-4740-4bdb-8b96-9805455abf18,2026-05-20T13:15:00Z,2026-05-20T15:15:00+0200,4185.07,MW,FR,FR,actual_onshore_wind_generation,Wind Onshore,2026-05-23T20:18:59Z
2026-05-23T20:18:24Z,2026-05-23T22:18:24+0200,ff0858ab-4740-4bdb-8b96-9805455abf18,2026-05-20T13:30:00Z,2026-05-20T15:30:00+0200,4216.74,MW,FR,FR,actual_onshore_wind_generation,Wind Onshore,2026-05-23T20:18:59Z
2026-05-23T20:18:24Z,2026-05-23T22:18:24+0200,ff0858ab-4740-4bdb-8b96-9805455abf18,2026-05-20T13:45:00Z,2026-05-20T15:45:00+0200,4216.78,MW,FR,FR,actual_onshore_wind_generation,Wind Onshore,2026-05-23T20:18:59Z
2026-05-23T20:18:24Z,2026-05-23T22:18:24+0200,ff0858ab-4740-4bdb-8b96-9805455abf18,2026-05-20T14:00:00Z,2026-05-20T16:00:00+0200,4219.63,MW,FR,FR,actual_onshore_wind_generation,Wind Onshore,2026-05-23T20:18:59Z
2026-05-23T20:18:24Z,2026-05-23T22:18:24+0200,ff0858ab-4740-4bdb-8b96-9805455abf18,2026-05-20T14:15:00Z,2026-05-20T16:15:00+0200,4069.32,MW,FR,FR,actual_onshore_wind_generation,Wind Onshore,2026-05-23T20:18:59Z
2026-05-23T20:18:24Z,2026-05-23T22:18:24+0200,ff0858ab-4740-4bdb-8b96-9805455abf18,2026-05-20T14:30:00Z,2026-05-20T16:30:00+0200,3941.64,MW,FR,FR,actual_onshore_wind_generation,Wind Onshore,2026-05-23T20:18:59Z
2026-05-23T20:18:24Z,2026-05-23T22:18:24+0200,ff0858ab-4740-4bdb-8b96-9805455abf18,2026-05-20T14:45:00Z,2026-05-20T16:45:00+0200,3968.63,MW,FR,FR,actual_onshore_wind_generation,Wind Onshore,2026-05-23T20:18:59Z
2026-05-23T20:18:24Z,2026-05-23T22:18:24+0200,ff0858ab-4740-4bdb-8b96-9805455abf18,2026-05-20T15:00:00Z,2026-05-20T17:00:00+0200,3888.15,MW,FR,FR,actual_onshore_wind_generation,Wind Onshore,2026-05-23T20:18:59Z
2026-05-23T20:18:24Z,2026-05-23T22:18:24+0200,ff0858ab-4740-4bdb-8b96-9805455abf18,2026-05-20T15:15:00Z,2026-05-20T17:15:00+0200,4660.58,MW,FR,FR,actual_onshore_wind_generation,Wind Onshore,2026-05-23T20:18:59Z
2026-05-23T20:18:24Z,2026-05-23T22:18:24+0200,ff0858ab-4740-4bdb-8b96-9805455abf18,2026-05-20T15:30:00Z,2026-05-20T17:30:00+0200,4620.76,MW,FR,FR,actual_onshore_wind_generation,Wind Onshore,2026-05-23T20:18:59Z
2026-05-23T20:18:24Z,2026-05-23T22:18:24+0200,ff0858ab-4740-4bdb-8b96-9805455abf18,2026-05-20T15:45:00Z,2026-05-20T17:45:00+0200,4246.92,MW,FR,FR,actual_onshore_wind_generation,Wind Onshore,2026-05-23T20:18:59Z
2026-05-23T20:18:24Z,2026-05-23T22:18:24+0200,ff0858ab-4740-4bdb-8b96-9805455abf18,2026-05-20T16:00:00Z,2026-05-20T18:00:00+0200,4219.4,MW,FR,FR,actual_onshore_wind_generation,Wind Onshore,2026-05-23T20:18:59Z
2026-05-23T20:18:24Z,2026-05-23T22:18:24+0200,ff0858ab-4740-4bdb-8b96-9805455abf18,2026-05-20T16:15:00Z,2026-05-20T18:15:00+0200,4096.54,MW,FR,FR,actual_onshore_wind_generation,Wind Onshore,2026-05-23T20:18:59Z
2026-05-23T20:18:24Z,2026-05-23T22:18:24+0200,ff0858ab-4740-4bdb-8b96-9805455abf18,2026-05-20T16:30:00Z,2026-05-20T18:30:00+0200,3818.67,MW,FR,FR,actual_onshore_wind_generation,Wind Onshore,2026-05-23T20:18:59Z
2026-05-23T20:18:24Z,2026-05-23T22:18:24+0200,ff0858ab-4740-4bdb-8b96-9805455abf18,2026-05-20T16:45:00Z,2026-05-20T18:45:00+0200,3556.8,MW,FR,FR,actual_onshore_wind_generation,Wind Onshore,2026-05-23T20:18:59Z
2026-05-23T20:18:24Z,2026-05-23T22:18:24+0200,ff0858ab-4740-4bdb-8b96-9805455abf18,2026-05-20T17:00:00Z,2026-05-20T19:00:00+0200,3280.82,MW,FR,FR,actual_onshore_wind_generation,Wind Onshore,2026-05-23T20:18:59Z
2026-05-23T20:18:24Z,2026-05-23T22:18:24+0200,ff0858ab-4740-4bdb-8b96-9805455abf18,2026-05-20T17:15:00Z,2026-05-20T19:15:00+0200,3084.31,MW,FR,FR,actual_onshore_wind_generation,Wind Onshore,2026-05-23T20:18:59Z
2026-05-23T20:18:24Z,2026-05-23T22:18:24+0200,ff0858ab-4740-4bdb-8b96-9805455abf18,2026-05-20T17:30:00Z,2026-05-20T19:30:00+0200,2838.16,MW,FR,FR,actual_onshore_wind_generation,Wind Onshore,2026-05-23T20:18:59Z
2026-05-23T20:18:24Z,2026-05-23T22:18:24+0200,ff0858ab-4740-4bdb-8b96-9805455abf18,2026-05-20T17:45:00Z,2026-05-20T19:45:00+0200,2632.16,MW,FR,FR,actual_onshore_wind_generation,Wind Onshore,2026-05-23T20:18:59Z
2026-05-23T20:18:24Z,2026-05-23T22:18:24+0200,ff0858ab-4740-4bdb-8b96-9805455abf18,2026-05-20T18:00:00Z,2026-05-20T20:00:00+0200,2451.81,MW,FR,FR,actual_onshore_wind_generation,Wind Onshore,2026-05-23T20:18:59Z
2026-05-23T20:18:24Z,2026-05-23T22:18:24+0200,ff0858ab-4740-4bdb-8b96-9805455abf18,2026-05-20T18:15:00Z,2026-05-20T20:15:00+0200,2253.8,MW,FR,FR,actual_onshore_wind_generation,Wind Onshore,2026-05-23T20:18:59Z
2026-05-23T20:18:24Z,2026-05-23T22:18:24+0200,ff0858ab-4740-4bdb-8b96-9805455abf18,2026-05-20T18:30:00Z,2026-05-20T20:30:00+0200,2020.56,MW,FR,FR,actual_onshore_wind_generation,Wind Onshore,2026-05-23T20:18:59Z
2026-05-23T20:18:24Z,2026-05-23T22:18:24+0200,ff0858ab-4740-4bdb-8b96-9805455abf18,2026-05-20T18:45:00Z,2026-05-20T20:45:00+0200,1871.09,MW,FR,FR,actual_onshore_wind_generation,Wind Onshore,2026-05-23T20:18:59Z
2026-05-23T20:18:24Z,2026-05-23T22:18:24+0200,ff0858ab-4740-4bdb-8b96-9805455abf18,2026-05-20T19:00:00Z,2026-05-20T21:00:00+0200,1800.05,MW,FR,FR,actual_onshore_wind_generation,Wind Onshore,2026-05-23T20:18:59Z
2026-05-23T20:18:24Z,2026-05-23T22:18:24+0200,ff0858ab-4740-4bdb-8b96-9805455abf18,2026-05-20T19:15:00Z,2026-05-20T21:15:00+0200,1807.25,MW,FR,FR,actual_onshore_wind_generation,Wind Onshore,2026-05-23T20:18:59Z
2026-05-23T20:18:24Z,2026-05-23T22:18:24+0200,ff0858ab-4740-4bdb-8b96-9805455abf18,2026-05-20T19:30:00Z,2026-05-20T21:30:00+0200,1854.95,MW,FR,FR,actual_onshore_wind_generation,Wind Onshore,2026-05-23T20:18:59Z
2026-05-23T20:18:24Z,2026-05-23T22:18:24+0200,ff0858ab-4740-4bdb-8b96-9805455abf18,2026-05-20T19:45:00Z,2026-05-20T21:45:00+0200,1846.73,MW,FR,FR,actual_onshore_wind_generation,Wind Onshore,2026-05-23T20:18:59Z
2026-05-23T20:18:24Z,2026-05-23T22:18:24+0200,ff0858ab-4740-4bdb-8b96-9805455abf18,2026-05-20T20:00:00Z,2026-05-20T22:00:00+0200,1782.09,MW,FR,FR,actual_onshore_wind_generation,Wind Onshore,2026-05-23T20:18:59Z
2026-05-23T20:18:24Z,2026-05-23T22:18:24+0200,ff0858ab-4740-4bdb-8b96-9805455abf18,2026-05-20T20:15:00Z,2026-05-20T22:15:00+0200,1748.17,MW,FR,FR,actual_onshore_wind_generation,Wind Onshore,2026-05-23T20:18:59Z
2026-05-23T20:18:24Z,2026-05-23T22:18:24+0200,ff0858ab-4740-4bdb-8b96-9805455abf18,2026-05-20T20:30:00Z,2026-05-20T22:30:00+0200,1779.02,MW,FR,FR,actual_onshore_wind_generation,Wind Onshore,2026-05-23T20:18:59Z
2026-05-23T20:18:24Z,2026-05-23T22:18:24+0200,ff0858ab-4740-4bdb-8b96-9805455abf18,2026-05-20T20:45:00Z,2026-05-20T22:45:00+0200,1802.46,MW,FR,FR,actual_onshore_wind_generation,Wind Onshore,2026-05-23T20:18:59Z
2026-05-23T20:18:24Z,2026-05-23T22:18:24+0200,ff0858ab-4740-4bdb-8b96-9805455abf18,2026-05-20T21:00:00Z,2026-05-20T23:00:00+0200,1769.94,MW,FR,FR,actual_onshore_wind_generation,Wind Onshore,2026-05-23T20:18:59Z
2026-05-23T20:18:24Z,2026-05-23T22:18:24+0200,ff0858ab-4740-4bdb-8b96-9805455abf18,2026-05-20T21:15:00Z,2026-05-20T23:15:00+0200,1747.71,MW,FR,FR,actual_onshore_wind_generation,Wind Onshore,2026-05-23T20:18:59Z
2026-05-23T20:18:24Z,2026-05-23T22:18:24+0200,ff0858ab-4740-4bdb-8b96-9805455abf18,2026-05-20T21:30:00Z,2026-05-20T23:30:00+0200,1745.8,MW,FR,FR,actual_onshore_wind_generation,Wind Onshore,2026-05-23T20:18:59Z
2026-05-23T20:18:24Z,2026-05-23T22:18:24+0200,ff0858ab-4740-4bdb-8b96-9805455abf18,2026-05-20T21:45:00Z,2026-05-20T23:45:00+0200,1806.55,MW,FR,FR,actual_onshore_wind_generation,Wind Onshore,2026-05-23T20:18:59Z
2026-05-23T20:18:24Z,2026-05-23T22:18:24+0200,ff0858ab-4740-4bdb-8b96-9805455abf18,2026-05-20T22:00:00Z,2026-05-21T00:00:00+0200,1843.33,MW,FR,FR,actual_onshore_wind_generation,Wind Onshore,2026-05-23T20:18:59Z
2026-05-23T20:18:24Z,2026-05-23T22:18:24+0200,ff0858ab-4740-4bdb-8b96-9805455abf18,2026-05-20T22:15:00Z,2026-05-21T00:15:00+0200,1837.97,MW,FR,FR,actual_onshore_wind_generation,Wind Onshore,2026-05-23T20:18:59Z
2026-05-23T20:18:24Z,2026-05-23T22:18:24+0200,ff0858ab-4740-4bdb-8b96-9805455abf18,2026-05-20T22:30:00Z,2026-05-21T00:30:00+0200,1835.79,MW,FR,FR,actual_onshore_wind_generation,Wind Onshore,2026-05-23T20:18:59Z
2026-05-23T20:18:24Z,2026-05-23T22:18:24+0200,ff0858ab-4740-4bdb-8b96-9805455abf18,2026-05-20T22:45:00Z,2026-05-21T00:45:00+0200,1765.84,MW,FR,FR,actual_onshore_wind_generation,Wind Onshore,2026-05-23T20:18:59Z
2026-05-23T20:18:24Z,2026-05-23T22:18:24+0200,ff0858ab-4740-4bdb-8b96-9805455abf18,2026-05-20T23:00:00Z,2026-05-21T01:00:00+0200,1718.18,MW,FR,FR,actual_onshore_wind_generation,Wind Onshore,2026-05-23T20:18:59Z
2026-05-23T20:18:24Z,2026-05-23T22:18:24+0200,ff0858ab-4740-4bdb-8b96-9805455abf18,2026-05-20T23:15:00Z,2026-05-21T01:15:00+0200,1689.45,MW,FR,FR,actual_onshore_wind_generation,Wind Onshore,2026-05-23T20:18:59Z
2026-05-23T20:18:24Z,2026-05-23T22:18:24+0200,ff0858ab-4740-4bdb-8b96-9805455abf18,2026-05-20T23:30:00Z,2026-05-21T01:30:00+0200,1642.37,MW,FR,FR,actual_onshore_wind_generation,Wind Onshore,2026-05-23T20:18:59Z
2026-05-23T20:18:24Z,2026-05-23T22:18:24+0200,ff0858ab-4740-4bdb-8b96-9805455abf18,2026-05-20T23:45:00Z,2026-05-21T01:45:00+0200,1561.88,MW,FR,FR,actual_onshore_wind_generation,Wind Onshore,2026-05-23T20:18:59Z
2026-05-23T20:18:24Z,2026-05-23T22:18:24+0200,ff0858ab-4740-4bdb-8b96-9805455abf18,2026-05-21T00:00:00Z,2026-05-21T02:00:00+0200,1525.85,MW,FR,FR,actual_onshore_wind_generation,Wind Onshore,2026-05-23T20:18:59Z
2026-05-23T20:18:24Z,2026-05-23T22:18:24+0200,ff0858ab-4740-4bdb-8b96-9805455abf18,2026-05-21T00:15:00Z,2026-05-21T02:15:00+0200,1486.95,MW,FR,FR,actual_onshore_wind_generation,Wind Onshore,2026-05-23T20:18:59Z
2026-05-23T20:18:24Z,2026-05-23T22:18:24+0200,ff0858ab-4740-4bdb-8b96-9805455abf18,2026-05-21T00:30:00Z,2026-05-21T02:30:00+0200,1403.06,MW,FR,FR,actual_onshore_wind_generation,Wind Onshore,2026-05-23T20:18:59Z
2026-05-23T20:18:24Z,2026-05-23T22:18:24+0200,ff0858ab-4740-4bdb-8b96-9805455abf18,2026-05-21T00:45:00Z,2026-05-21T02:45:00+0200,1353.2,MW,FR,FR,actual_onshore_wind_generation,Wind Onshore,2026-05-23T20:18:59Z
2026-05-23T20:18:24Z,2026-05-23T22:18:24+0200,ff0858ab-4740-4bdb-8b96-9805455abf18,2026-05-21T01:00:00Z,2026-05-21T03:00:00+0200,1312.81,MW,FR,FR,actual_onshore_wind_generation,Wind Onshore,2026-05-23T20:18:59Z
2026-05-23T20:18:24Z,2026-05-23T22:18:24+0200,ff0858ab-4740-4bdb-8b96-9805455abf18,2026-05-21T01:15:00Z,2026-05-21T03:15:00+0200,1292.24,MW,FR,FR,actual_onshore_wind_generation,Wind Onshore,2026-05-23T20:18:59Z
2026-05-23T20:18:24Z,2026-05-23T22:18:24+0200,ff0858ab-4740-4bdb-8b96-9805455abf18,2026-05-21T01:30:00Z,2026-05-21T03:30:00+0200,1315.84,MW,FR,FR,actual_onshore_wind_generation,Wind Onshore,2026-05-23T20:18:59Z
2026-05-23T20:18:24Z,2026-05-23T22:18:24+0200,ff0858ab-4740-4bdb-8b96-9805455abf18,2026-05-21T01:45:00Z,2026-05-21T03:45:00+0200,1350.07,MW,FR,FR,actual_onshore_wind_generation,Wind Onshore,2026-05-23T20:18:59Z
2026-05-23T20:18:24Z,2026-05-23T22:18:24+0200,ff0858ab-4740-4bdb-8b96-9805455abf18,2026-05-21T02:00:00Z,2026-05-21T04:00:00+0200,1340.88,MW,FR,FR,actual_onshore_wind_generation,Wind Onshore,2026-05-23T20:18:59Z
2026-05-23T20:18:24Z,2026-05-23T22:18:24+0200,ff0858ab-4740-4bdb-8b96-9805455abf18,2026-05-21T02:15:00Z,2026-05-21T04:15:00+0200,1314.43,MW,FR,FR,actual_onshore_wind_generation,Wind Onshore,2026-05-23T20:18:59Z
2026-05-23T20:18:24Z,2026-05-23T22:18:24+0200,ff0858ab-4740-4bdb-8b96-9805455abf18,2026-05-21T02:30:00Z,2026-05-21T04:30:00+0200,1316.77,MW,FR,FR,actual_onshore_wind_generation,Wind Onshore,2026-05-23T20:18:59Z
2026-05-23T20:18:24Z,2026-05-23T22:18:24+0200,ff0858ab-4740-4bdb-8b96-9805455abf18,2026-05-21T02:45:00Z,2026-05-21T04:45:00+0200,1308.9,MW,FR,FR,actual_onshore_wind_generation,Wind Onshore,2026-05-23T20:18:59Z
2026-05-23T20:18:24Z,2026-05-23T22:18:24+0200,ff0858ab-4740-4bdb-8b96-9805455abf18,2026-05-21T03:00:00Z,2026-05-21T05:00:00+0200,1327.45,MW,FR,FR,actual_onshore_wind_generation,Wind Onshore,2026-05-23T20:18:59Z
2026-05-23T20:18:24Z,2026-05-23T22:18:24+0200,ff0858ab-4740-4bdb-8b96-9805455abf18,2026-05-21T03:15:00Z,2026-05-21T05:15:00+0200,1327.92,MW,FR,FR,actual_onshore_wind_generation,Wind Onshore,2026-05-23T20:18:59Z
2026-05-23T20:18:24Z,2026-05-23T22:18:24+0200,ff0858ab-4740-4bdb-8b96-9805455abf18,2026-05-21T03:30:00Z,2026-05-21T05:30:00+0200,1312.04,MW,FR,FR,actual_onshore_wind_generation,Wind Onshore,2026-05-23T20:18:59Z
2026-05-23T20:18:24Z,2026-05-23T22:18:24+0200,ff0858ab-4740-4bdb-8b96-9805455abf18,2026-05-21T03:45:00Z,2026-05-21T05:45:00+0200,1276.73,MW,FR,FR,actual_onshore_wind_generation,Wind Onshore,2026-05-23T20:18:59Z
2026-05-23T20:18:24Z,2026-05-23T22:18:24+0200,ff0858ab-4740-4bdb-8b96-9805455abf18,2026-05-21T04:00:00Z,2026-05-21T06:00:00+0200,1240.13,MW,FR,FR,actual_onshore_wind_generation,Wind Onshore,2026-05-23T20:18:59Z
2026-05-23T20:18:24Z,2026-05-23T22:18:24+0200,ff0858ab-4740-4bdb-8b96-9805455abf18,2026-05-21T04:15:00Z,2026-05-21T06:15:00+0200,1251.46,MW,FR,FR,actual_onshore_wind_generation,Wind Onshore,2026-05-23T20:18:59Z
2026-05-23T20:18:24Z,2026-05-23T22:18:24+0200,ff0858ab-4740-4bdb-8b96-9805455abf18,2026-05-21T04:30:00Z,2026-05-21T06:30:00+0200,1267.95,MW,FR,FR,actual_onshore_wind_generation,Wind Onshore,2026-05-23T20:18:59Z
2026-05-23T20:18:24Z,2026-05-23T22:18:24+0200,ff0858ab-4740-4bdb-8b96-9805455abf18,2026-05-21T04:45:00Z,2026-05-21T06:45:00+0200,1277.25,MW,FR,FR,actual_onshore_wind_generation,Wind Onshore,2026-05-23T20:18:59Z
2026-05-23T20:18:24Z,2026-05-23T22:18:24+0200,ff0858ab-4740-4bdb-8b96-9805455abf18,2026-05-21T05:00:00Z,2026-05-21T07:00:00+0200,1310.94,MW,FR,FR,actual_onshore_wind_generation,Wind Onshore,2026-05-23T20:18:59Z
2026-05-23T20:18:24Z,2026-05-23T22:18:24+0200,ff0858ab-4740-4bdb-8b96-9805455abf18,2026-05-21T05:15:00Z,2026-05-21T07:15:00+0200,1337.12,MW,FR,FR,actual_onshore_wind_generation,Wind Onshore,2026-05-23T20:18:59Z
2026-05-23T20:18:24Z,2026-05-23T22:18:24+0200,ff0858ab-4740-4bdb-8b96-9805455abf18,2026-05-21T05:30:00Z,2026-05-21T07:30:00+0200,1342.25,MW,FR,FR,actual_onshore_wind_generation,Wind Onshore,2026-05-23T20:18:59Z
2026-05-23T20:18:24Z,2026-05-23T22:18:24+0200,ff0858ab-4740-4bdb-8b96-9805455abf18,2026-05-21T05:45:00Z,2026-05-21T07:45:00+0200,1321.25,MW,FR,FR,actual_onshore_wind_generation,Wind Onshore,2026-05-23T20:18:59Z
2026-05-23T20:18:24Z,2026-05-23T22:18:24+0200,ff0858ab-4740-4bdb-8b96-9805455abf18,2026-05-21T06:00:00Z,2026-05-21T08:00:00+0200,1265.96,MW,FR,FR,actual_onshore_wind_generation,Wind Onshore,2026-05-23T20:18:59Z
2026-05-23T20:18:24Z,2026-05-23T22:18:24+0200,ff0858ab-4740-4bdb-8b96-9805455abf18,2026-05-21T06:15:00Z,2026-05-21T08:15:00+0200,1187.93,MW,FR,FR,actual_onshore_wind_generation,Wind Onshore,2026-05-23T20:18:59Z
2026-05-23T20:18:24Z,2026-05-23T22:18:24+0200,ff0858ab-4740-4bdb-8b96-9805455abf18,2026-05-21T06:30:00Z,2026-05-21T08:30:00+0200,1115.24,MW,FR,FR,actual_onshore_wind_generation,Wind Onshore,2026-05-23T20:18:59Z
2026-05-23T20:18:24Z,2026-05-23T22:18:24+0200,ff0858ab-4740-4bdb-8b96-9805455abf18,2026-05-21T06:45:00Z,2026-05-21T08:45:00+0200,1013.1,MW,FR,FR,actual_onshore_wind_generation,Wind Onshore,2026-05-23T20:18:59Z
2026-05-23T20:18:24Z,2026-05-23T22:18:24+0200,ff0858ab-4740-4bdb-8b96-9805455abf18,2026-05-21T07:00:00Z,2026-05-21T09:00:00+0200,934.44,MW,FR,FR,actual_onshore_wind_generation,Wind Onshore,2026-05-23T20:18:59Z
2026-05-23T20:18:24Z,2026-05-23T22:18:24+0200,ff0858ab-4740-4bdb-8b96-9805455abf18,2026-05-21T07:15:00Z,2026-05-21T09:15:00+0200,882.71,MW,FR,FR,actual_onshore_wind_generation,Wind Onshore,2026-05-23T20:18:59Z
2026-05-23T20:18:24Z,2026-05-23T22:18:24+0200,ff0858ab-4740-4bdb-8b96-9805455abf18,2026-05-21T07:30:00Z,2026-05-21T09:30:00+0200,845.75,MW,FR,FR,actual_onshore_wind_generation,Wind Onshore,2026-05-23T20:18:59Z
2026-05-23T20:18:24Z,2026-05-23T22:18:24+0200,ff0858ab-4740-4bdb-8b96-9805455abf18,2026-05-21T07:45:00Z,2026-05-21T09:45:00+0200,833.48,MW,FR,FR,actual_onshore_wind_generation,Wind Onshore,2026-05-23T20:18:59Z
2026-05-23T20:18:24Z,2026-05-23T22:18:24+0200,ff0858ab-4740-4bdb-8b96-9805455abf18,2026-05-21T08:00:00Z,2026-05-21T10:00:00+0200,844.63,MW,FR,FR,actual_onshore_wind_generation,Wind Onshore,2026-05-23T20:18:59Z
2026-05-23T20:18:24Z,2026-05-23T22:18:24+0200,ff0858ab-4740-4bdb-8b96-9805455abf18,2026-05-21T08:15:00Z,2026-05-21T10:15:00+0200,862.29,MW,FR,FR,actual_onshore_wind_generation,Wind Onshore,2026-05-23T20:18:59Z
2026-05-23T20:18:24Z,2026-05-23T22:18:24+0200,ff0858ab-4740-4bdb-8b96-9805455abf18,2026-05-21T08:30:00Z,2026-05-21T10:30:00+0200,831.74,MW,FR,FR,actual_onshore_wind_generation,Wind Onshore,2026-05-23T20:18:59Z
2026-05-23T20:18:24Z,2026-05-23T22:18:24+0200,ff0858ab-4740-4bdb-8b96-9805455abf18,2026-05-21T08:45:00Z,2026-05-21T10:45:00+0200,708.41,MW,FR,FR,actual_onshore_wind_generation,Wind Onshore,2026-05-23T20:18:59Z
2026-05-23T20:18:24Z,2026-05-23T22:18:24+0200,ff0858ab-4740-4bdb-8b96-9805455abf18,2026-05-21T09:00:00Z,2026-05-21T11:00:00+0200,694.71,MW,FR,FR,actual_onshore_wind_generation,Wind Onshore,2026-05-23T20:18:59Z
2026-05-23T20:18:24Z,2026-05-23T22:18:24+0200,ff0858ab-4740-4bdb-8b96-9805455abf18,2026-05-21T09:15:00Z,2026-05-21T11:15:00+0200,693.88,MW,FR,FR,actual_onshore_wind_generation,Wind Onshore,2026-05-23T20:18:59Z
2026-05-23T20:18:24Z,2026-05-23T22:18:24+0200,ff0858ab-4740-4bdb-8b96-9805455abf18,2026-05-21T09:30:00Z,2026-05-21T11:30:00+0200,669.19,MW,FR,FR,actual_onshore_wind_generation,Wind Onshore,2026-05-23T20:18:59Z
2026-05-23T20:18:24Z,2026-05-23T22:18:24+0200,ff0858ab-4740-4bdb-8b96-9805455abf18,2026-05-21T09:45:00Z,2026-05-21T11:45:00+0200,655.84,MW,FR,FR,actual_onshore_wind_generation,Wind Onshore,2026-05-23T20:18:59Z
2026-05-23T20:18:24Z,2026-05-23T22:18:24+0200,ff0858ab-4740-4bdb-8b96-9805455abf18,2026-05-21T10:00:00Z,2026-05-21T12:00:00+0200,745.24,MW,FR,FR,actual_onshore_wind_generation,Wind Onshore,2026-05-23T20:18:59Z
2026-05-23T20:18:24Z,2026-05-23T22:18:24+0200,ff0858ab-4740-4bdb-8b96-9805455abf18,2026-05-21T10:15:00Z,2026-05-21T12:15:00+0200,834.33,MW,FR,FR,actual_onshore_wind_generation,Wind Onshore,2026-05-23T20:18:59Z
2026-05-23T20:18:24Z,2026-05-23T22:18:24+0200,ff0858ab-4740-4bdb-8b96-9805455abf18,2026-05-21T10:30:00Z,2026-05-21T12:30:00+0200,811.24,MW,FR,FR,actual_onshore_wind_generation,Wind Onshore,2026-05-23T20:18:59Z
2026-05-23T20:18:24Z,2026-05-23T22:18:24+0200,ff0858ab-4740-4bdb-8b96-9805455abf18,2026-05-21T10:45:00Z,2026-05-21T12:45:00+0200,750.9,MW,FR,FR,actual_onshore_wind_generation,Wind Onshore,2026-05-23T20:18:59Z
2026-05-23T20:18:24Z,2026-05-23T22:18:24+0200,ff0858ab-4740-4bdb-8b96-9805455abf18,2026-05-21T11:00:00Z,2026-05-21T13:00:00+0200,646.94,MW,FR,FR,actual_onshore_wind_generation,Wind Onshore,2026-05-23T20:18:59Z
2026-05-23T20:18:24Z,2026-05-23T22:18:24+0200,ff0858ab-4740-4bdb-8b96-9805455abf18,2026-05-21T11:15:00Z,2026-05-21T13:15:00+0200,611.8,MW,FR,FR,actual_onshore_wind_generation,Wind Onshore,2026-05-23T20:18:59Z
2026-05-23T20:18:24Z,2026-05-23T22:18:24+0200,ff0858ab-4740-4bdb-8b96-9805455abf18,2026-05-21T11:30:00Z,2026-05-21T13:30:00+0200,607.97,MW,FR,FR,actual_onshore_wind_generation,Wind Onshore,2026-05-23T20:18:59Z
2026-05-23T20:18:24Z,2026-05-23T22:18:24+0200,ff0858ab-4740-4bdb-8b96-9805455abf18,2026-05-21T11:45:00Z,2026-05-21T13:45:00+0200,605.51,MW,FR,FR,actual_onshore_wind_generation,Wind Onshore,2026-05-23T20:18:59Z
2026-05-23T20:18:24Z,2026-05-23T22:18:24+0200,ff0858ab-4740-4bdb-8b96-9805455abf18,2026-05-21T12:00:00Z,2026-05-21T14:00:00+0200,615.28,MW,FR,FR,actual_onshore_wind_generation,Wind Onshore,2026-05-23T20:18:59Z
2026-05-23T20:18:24Z,2026-05-23T22:18:24+0200,ff0858ab-4740-4bdb-8b96-9805455abf18,2026-05-21T12:15:00Z,2026-05-21T14:15:00+0200,628.86,MW,FR,FR,actual_onshore_wind_generation,Wind Onshore,2026-05-23T20:18:59Z
2026-05-23T20:18:24Z,2026-05-23T22:18:24+0200,ff0858ab-4740-4bdb-8b96-9805455abf18,2026-05-21T12:30:00Z,2026-05-21T14:30:00+0200,609.92,MW,FR,FR,actual_onshore_wind_generation,Wind Onshore,2026-05-23T20:18:59Z
2026-05-23T20:18:24Z,2026-05-23T22:18:24+0200,ff0858ab-4740-4bdb-8b96-9805455abf18,2026-05-21T12:45:00Z,2026-05-21T14:45:00+0200,585.25,MW,FR,FR,actual_onshore_wind_generation,Wind Onshore,2026-05-23T20:18:59Z
2026-05-23T20:18:24Z,2026-05-23T22:18:24+0200,ff0858ab-4740-4bdb-8b96-9805455abf18,2026-05-21T13:00:00Z,2026-05-21T15:00:00+0200,599.47,MW,FR,FR,actual_onshore_wind_generation,Wind Onshore,2026-05-23T20:18:59Z
2026-05-23T20:18:24Z,2026-05-23T22:18:24+0200,ff0858ab-4740-4bdb-8b96-9805455abf18,2026-05-21T13:15:00Z,2026-05-21T15:15:00+0200,585.19,MW,FR,FR,actual_onshore_wind_generation,Wind Onshore,2026-05-23T20:18:59Z
2026-05-23T20:18:24Z,2026-05-23T22:18:24+0200,ff0858ab-4740-4bdb-8b96-9805455abf18,2026-05-21T13:30:00Z,2026-05-21T15:30:00+0200,582.06,MW,FR,FR,actual_onshore_wind_generation,Wind Onshore,2026-05-23T20:18:59Z
2026-05-23T20:18:24Z,2026-05-23T22:18:24+0200,ff0858ab-4740-4bdb-8b96-9805455abf18,2026-05-21T13:45:00Z,2026-05-21T15:45:00+0200,598.41,MW,FR,FR,actual_onshore_wind_generation,Wind Onshore,2026-05-23T20:18:59Z
2026-05-23T20:18:24Z,2026-05-23T22:18:24+0200,ff0858ab-4740-4bdb-8b96-9805455abf18,2026-05-21T14:00:00Z,2026-05-21T16:00:00+0200,604.42,MW,FR,FR,actual_onshore_wind_generation,Wind Onshore,2026-05-23T20:18:59Z
2026-05-23T20:18:24Z,2026-05-23T22:18:24+0200,ff0858ab-4740-4bdb-8b96-9805455abf18,2026-05-21T14:15:00Z,2026-05-21T16:15:00+0200,605.48,MW,FR,FR,actual_onshore_wind_generation,Wind Onshore,2026-05-23T20:18:59Z
2026-05-23T20:18:24Z,2026-05-23T22:18:24+0200,ff0858ab-4740-4bdb-8b96-9805455abf18,2026-05-21T14:30:00Z,2026-05-21T16:30:00+0200,606.85,MW,FR,FR,actual_onshore_wind_generation,Wind Onshore,2026-05-23T20:18:59Z
2026-05-23T20:18:24Z,2026-05-23T22:18:24+0200,ff0858ab-4740-4bdb-8b96-9805455abf18,2026-05-21T14:45:00Z,2026-05-21T16:45:00+0200,624.38,MW,FR,FR,actual_onshore_wind_generation,Wind Onshore,2026-05-23T20:18:59Z
2026-05-23T20:18:24Z,2026-05-23T22:18:24+0200,ff0858ab-4740-4bdb-8b96-9805455abf18,2026-05-21T15:00:00Z,2026-05-21T17:00:00+0200,653.06,MW,FR,FR,actual_onshore_wind_generation,Wind Onshore,2026-05-23T20:18:59Z
2026-05-23T20:18:24Z,2026-05-23T22:18:24+0200,ff0858ab-4740-4bdb-8b96-9805455abf18,2026-05-21T15:15:00Z,2026-05-21T17:15:00+0200,810.39,MW,FR,FR,actual_onshore_wind_generation,Wind Onshore,2026-05-23T20:18:59Z
2026-05-23T20:18:24Z,2026-05-23T22:18:24+0200,ff0858ab-4740-4bdb-8b96-9805455abf18,2026-05-21T15:30:00Z,2026-05-21T17:30:00+0200,924.88,MW,FR,FR,actual_onshore_wind_generation,Wind Onshore,2026-05-23T20:18:59Z
2026-05-23T20:18:24Z,2026-05-23T22:18:24+0200,ff0858ab-4740-4bdb-8b96-9805455abf18,2026-05-21T15:45:00Z,2026-05-21T17:45:00+0200,959.56,MW,FR,FR,actual_onshore_wind_generation,Wind Onshore,2026-05-23T20:18:59Z
2026-05-23T20:18:24Z,2026-05-23T22:18:24+0200,ff0858ab-4740-4bdb-8b96-9805455abf18,2026-05-21T16:00:00Z,2026-05-21T18:00:00+0200,960.71,MW,FR,FR,actual_onshore_wind_generation,Wind Onshore,2026-05-23T20:18:59Z
2026-05-23T20:18:24Z,2026-05-23T22:18:24+0200,ff0858ab-4740-4bdb-8b96-9805455abf18,2026-05-21T16:15:00Z,2026-05-21T18:15:00+0200,939.24,MW,FR,FR,actual_onshore_wind_generation,Wind Onshore,2026-05-23T20:18:59Z
2026-05-23T20:18:24Z,2026-05-23T22:18:24+0200,ff0858ab-4740-4bdb-8b96-9805455abf18,2026-05-21T16:30:00Z,2026-05-21T18:30:00+0200,941.6,MW,FR,FR,actual_onshore_wind_generation,Wind Onshore,2026-05-23T20:18:59Z
2026-05-23T20:18:24Z,2026-05-23T22:18:24+0200,ff0858ab-4740-4bdb-8b96-9805455abf18,2026-05-21T16:45:00Z,2026-05-21T18:45:00+0200,934.38,MW,FR,FR,actual_onshore_wind_generation,Wind Onshore,2026-05-23T20:18:59Z
2026-05-23T20:18:24Z,2026-05-23T22:18:24+0200,ff0858ab-4740-4bdb-8b96-9805455abf18,2026-05-21T17:00:00Z,2026-05-21T19:00:00+0200,940.6,MW,FR,FR,actual_onshore_wind_generation,Wind Onshore,2026-05-23T20:18:59Z
2026-05-23T20:18:24Z,2026-05-23T22:18:24+0200,ff0858ab-4740-4bdb-8b96-9805455abf18,2026-05-21T17:15:00Z,2026-05-21T19:15:00+0200,946.49,MW,FR,FR,actual_onshore_wind_generation,Wind Onshore,2026-05-23T20:18:59Z
2026-05-23T20:18:24Z,2026-05-23T22:18:24+0200,ff0858ab-4740-4bdb-8b96-9805455abf18,2026-05-21T17:30:00Z,2026-05-21T19:30:00+0200,975.97,MW,FR,FR,actual_onshore_wind_generation,Wind Onshore,2026-05-23T20:18:59Z
2026-05-23T20:18:24Z,2026-05-23T22:18:24+0200,ff0858ab-4740-4bdb-8b96-9805455abf18,2026-05-21T17:45:00Z,2026-05-21T19:45:00+0200,1002.81,MW,FR,FR,actual_onshore_wind_generation,Wind Onshore,2026-05-23T20:18:59Z
2026-05-23T20:18:24Z,2026-05-23T22:18:24+0200,ff0858ab-4740-4bdb-8b96-9805455abf18,2026-05-21T18:00:00Z,2026-05-21T20:00:00+0200,1019.13,MW,FR,FR,actual_onshore_wind_generation,Wind Onshore,2026-05-23T20:18:59Z
2026-05-23T20:18:24Z,2026-05-23T22:18:24+0200,ff0858ab-4740-4bdb-8b96-9805455abf18,2026-05-21T18:15:00Z,2026-05-21T20:15:00+0200,1051.24,MW,FR,FR,actual_onshore_wind_generation,Wind Onshore,2026-05-23T20:18:59Z
2026-05-23T20:18:24Z,2026-05-23T22:18:24+0200,ff0858ab-4740-4bdb-8b96-9805455abf18,2026-05-21T18:30:00Z,2026-05-21T20:30:00+0200,1104.89,MW,FR,FR,actual_onshore_wind_generation,Wind Onshore,2026-05-23T20:18:59Z
2026-05-23T20:18:24Z,2026-05-23T22:18:24+0200,ff0858ab-4740-4bdb-8b96-9805455abf18,2026-05-21T18:45:00Z,2026-05-21T20:45:00+0200,1191.66,MW,FR,FR,actual_onshore_wind_generation,Wind Onshore,2026-05-23T20:18:59Z
2026-05-23T20:18:24Z,2026-05-23T22:18:24+0200,ff0858ab-4740-4bdb-8b96-9805455abf18,2026-05-21T19:00:00Z,2026-05-21T21:00:00+0200,1290.77,MW,FR,FR,actual_onshore_wind_generation,Wind Onshore,2026-05-23T20:18:59Z
2026-05-23T20:18:24Z,2026-05-23T22:18:24+0200,ff0858ab-4740-4bdb-8b96-9805455abf18,2026-05-21T19:15:00Z,2026-05-21T21:15:00+0200,1391.65,MW,FR,FR,actual_onshore_wind_generation,Wind Onshore,2026-05-23T20:18:59Z
2026-05-23T20:18:24Z,2026-05-23T22:18:24+0200,ff0858ab-4740-4bdb-8b96-9805455abf18,2026-05-21T19:30:00Z,2026-05-21T21:30:00+0200,1514.82,MW,FR,FR,actual_onshore_wind_generation,Wind Onshore,2026-05-23T20:18:59Z
2026-05-23T20:18:24Z,2026-05-23T22:18:24+0200,ff0858ab-4740-4bdb-8b96-9805455abf18,2026-05-21T19:45:00Z,2026-05-21T21:45:00+0200,1646.48,MW,FR,FR,actual_onshore_wind_generation,Wind Onshore,2026-05-23T20:18:59Z
2026-05-23T20:18:24Z,2026-05-23T22:18:24+0200,ff0858ab-4740-4bdb-8b96-9805455abf18,2026-05-21T20:00:00Z,2026-05-21T22:00:00+0200,1794.88,MW,FR,FR,actual_onshore_wind_generation,Wind Onshore,2026-05-23T20:18:59Z
2026-05-23T20:18:24Z,2026-05-23T22:18:24+0200,ff0858ab-4740-4bdb-8b96-9805455abf18,2026-05-21T20:15:00Z,2026-05-21T22:15:00+0200,1930.48,MW,FR,FR,actual_onshore_wind_generation,Wind Onshore,2026-05-23T20:18:59Z
2026-05-23T20:18:24Z,2026-05-23T22:18:24+0200,ff0858ab-4740-4bdb-8b96-9805455abf18,2026-05-21T20:30:00Z,2026-05-21T22:30:00+0200,2053.42,MW,FR,FR,actual_onshore_wind_generation,Wind Onshore,2026-05-23T20:18:59Z
2026-05-23T20:18:24Z,2026-05-23T22:18:24+0200,ff0858ab-4740-4bdb-8b96-9805455abf18,2026-05-21T20:45:00Z,2026-05-21T22:45:00+0200,2196.94,MW,FR,FR,actual_onshore_wind_generation,Wind Onshore,2026-05-23T20:18:59Z
2026-05-23T20:18:24Z,2026-05-23T22:18:24+0200,ff0858ab-4740-4bdb-8b96-9805455abf18,2026-05-21T21:00:00Z,2026-05-21T23:00:00+0200,2354.41,MW,FR,FR,actual_onshore_wind_generation,Wind Onshore,2026-05-23T20:18:59Z
2026-05-23T20:18:24Z,2026-05-23T22:18:24+0200,ff0858ab-4740-4bdb-8b96-9805455abf18,2026-05-21T21:15:00Z,2026-05-21T23:15:00+0200,2446.55,MW,FR,FR,actual_onshore_wind_generation,Wind Onshore,2026-05-23T20:18:59Z
2026-05-23T20:18:24Z,2026-05-23T22:18:24+0200,ff0858ab-4740-4bdb-8b96-9805455abf18,2026-05-21T21:30:00Z,2026-05-21T23:30:00+0200,2530.56,MW,FR,FR,actual_onshore_wind_generation,Wind Onshore,2026-05-23T20:18:59Z
2026-05-23T20:18:24Z,2026-05-23T22:18:24+0200,ff0858ab-4740-4bdb-8b96-9805455abf18,2026-05-21T21:45:00Z,2026-05-21T23:45:00+0200,2618.4,MW,FR,FR,actual_onshore_wind_generation,Wind Onshore,2026-05-23T20:18:59Z
2026-05-23T20:18:24Z,2026-05-23T22:18:24+0200,ff0858ab-4740-4bdb-8b96-9805455abf18,2026-05-21T22:00:00Z,2026-05-22T00:00:00+0200,2710.39,MW,FR,FR,actual_onshore_wind_generation,Wind Onshore,2026-05-23T20:18:59Z
2026-05-23T20:18:24Z,2026-05-23T22:18:24+0200,ff0858ab-4740-4bdb-8b96-9805455abf18,2026-05-21T22:15:00Z,2026-05-22T00:15:00+0200,2773.49,MW,FR,FR,actual_onshore_wind_generation,Wind Onshore,2026-05-23T20:18:59Z
2026-05-23T20:18:24Z,2026-05-23T22:18:24+0200,ff0858ab-4740-4bdb-8b96-9805455abf18,2026-05-21T22:30:00Z,2026-05-22T00:30:00+0200,2822.93,MW,FR,FR,actual_onshore_wind_generation,Wind Onshore,2026-05-23T20:18:59Z
2026-05-23T20:18:24Z,2026-05-23T22:18:24+0200,ff0858ab-4740-4bdb-8b96-9805455abf18,2026-05-21T22:45:00Z,2026-05-22T00:45:00+0200,2879.97,MW,FR,FR,actual_onshore_wind_generation,Wind Onshore,2026-05-23T20:18:59Z
2026-05-23T20:18:24Z,2026-05-23T22:18:24+0200,ff0858ab-4740-4bdb-8b96-9805455abf18,2026-05-21T23:00:00Z,2026-05-22T01:00:00+0200,2895.71,MW,FR,FR,actual_onshore_wind_generation,Wind Onshore,2026-05-23T20:18:59Z
2026-05-23T20:18:24Z,2026-05-23T22:18:24+0200,ff0858ab-4740-4bdb-8b96-9805455abf18,2026-05-21T23:15:00Z,2026-05-22T01:15:00+0200,2861.37,MW,FR,FR,actual_onshore_wind_generation,Wind Onshore,2026-05-23T20:18:59Z
2026-05-23T20:18:24Z,2026-05-23T22:18:24+0200,ff0858ab-4740-4bdb-8b96-9805455abf18,2026-05-21T23:30:00Z,2026-05-22T01:30:00+0200,2848.48,MW,FR,FR,actual_onshore_wind_generation,Wind Onshore,2026-05-23T20:18:59Z
2026-05-23T20:18:24Z,2026-05-23T22:18:24+0200,ff0858ab-4740-4bdb-8b96-9805455abf18,2026-05-21T23:45:00Z,2026-05-22T01:45:00+0200,2843.49,MW,FR,FR,actual_onshore_wind_generation,Wind Onshore,2026-05-23T20:18:59Z
2026-05-23T20:18:24Z,2026-05-23T22:18:24+0200,ff0858ab-4740-4bdb-8b96-9805455abf18,2026-05-22T00:00:00Z,2026-05-22T02:00:00+0200,2820.72,MW,FR,FR,actual_onshore_wind_generation,Wind Onshore,2026-05-23T20:18:59Z
2026-05-23T20:18:24Z,2026-05-23T22:18:24+0200,ff0858ab-4740-4bdb-8b96-9805455abf18,2026-05-22T00:15:00Z,2026-05-22T02:15:00+0200,2778.09,MW,FR,FR,actual_onshore_wind_generation,Wind Onshore,2026-05-23T20:18:59Z
2026-05-23T20:18:24Z,2026-05-23T22:18:24+0200,ff0858ab-4740-4bdb-8b96-9805455abf18,2026-05-22T00:30:00Z,2026-05-22T02:30:00+0200,2766.91,MW,FR,FR,actual_onshore_wind_generation,Wind Onshore,2026-05-23T20:18:59Z
2026-05-23T20:18:24Z,2026-05-23T22:18:24+0200,ff0858ab-4740-4bdb-8b96-9805455abf18,2026-05-22T00:45:00Z,2026-05-22T02:45:00+0200,2711.95,MW,FR,FR,actual_onshore_wind_generation,Wind Onshore,2026-05-23T20:18:59Z
2026-05-23T20:18:24Z,2026-05-23T22:18:24+0200,ff0858ab-4740-4bdb-8b96-9805455abf18,2026-05-22T01:00:00Z,2026-05-22T03:00:00+0200,2635.59,MW,FR,FR,actual_onshore_wind_generation,Wind Onshore,2026-05-23T20:18:59Z
2026-05-23T20:18:24Z,2026-05-23T22:18:24+0200,ff0858ab-4740-4bdb-8b96-9805455abf18,2026-05-22T01:15:00Z,2026-05-22T03:15:00+0200,2541.6,MW,FR,FR,actual_onshore_wind_generation,Wind Onshore,2026-05-23T20:18:59Z
2026-05-23T20:18:24Z,2026-05-23T22:18:24+0200,ff0858ab-4740-4bdb-8b96-9805455abf18,2026-05-22T01:30:00Z,2026-05-22T03:30:00+0200,2472.17,MW,FR,FR,actual_onshore_wind_generation,Wind Onshore,2026-05-23T20:18:59Z
2026-05-23T20:18:24Z,2026-05-23T22:18:24+0200,ff0858ab-4740-4bdb-8b96-9805455abf18,2026-05-22T01:45:00Z,2026-05-22T03:45:00+0200,2360.95,MW,FR,FR,actual_onshore_wind_generation,Wind Onshore,2026-05-23T20:18:59Z
2026-05-23T20:18:24Z,2026-05-23T22:18:24+0200,ff0858ab-4740-4bdb-8b96-9805455abf18,2026-05-22T02:00:00Z,2026-05-22T04:00:00+0200,2253.19,MW,FR,FR,actual_onshore_wind_generation,Wind Onshore,2026-05-23T20:18:59Z
2026-05-23T20:18:24Z,2026-05-23T22:18:24+0200,ff0858ab-4740-4bdb-8b96-9805455abf18,2026-05-22T02:15:00Z,2026-05-22T04:15:00+0200,2144.17,MW,FR,FR,actual_onshore_wind_generation,Wind Onshore,2026-05-23T20:18:59Z
2026-05-23T20:18:24Z,2026-05-23T22:18:24+0200,ff0858ab-4740-4bdb-8b96-9805455abf18,2026-05-22T02:30:00Z,2026-05-22T04:30:00+0200,2052.47,MW,FR,FR,actual_onshore_wind_generation,Wind Onshore,2026-05-23T20:18:59Z
2026-05-23T20:18:24Z,2026-05-23T22:18:24+0200,ff0858ab-4740-4bdb-8b96-9805455abf18,2026-05-22T02:45:00Z,2026-05-22T04:45:00+0200,2001.9,MW,FR,FR,actual_onshore_wind_generation,Wind Onshore,2026-05-23T20:18:59Z
2026-05-23T20:18:24Z,2026-05-23T22:18:24+0200,ff0858ab-4740-4bdb-8b96-9805455abf18,2026-05-22T03:00:00Z,2026-05-22T05:00:00+0200,1959.8,MW,FR,FR,actual_onshore_wind_generation,Wind Onshore,2026-05-23T20:18:59Z
2026-05-23T20:18:24Z,2026-05-23T22:18:24+0200,ff0858ab-4740-4bdb-8b96-9805455abf18,2026-05-22T03:15:00Z,2026-05-22T05:15:00+0200,1918.69,MW,FR,FR,actual_onshore_wind_generation,Wind Onshore,2026-05-23T20:18:59Z
2026-05-23T20:18:24Z,2026-05-23T22:18:24+0200,ff0858ab-4740-4bdb-8b96-9805455abf18,2026-05-22T03:30:00Z,2026-05-22T05:30:00+0200,1873.43,MW,FR,FR,actual_onshore_wind_generation,Wind Onshore,2026-05-23T20:18:59Z
2026-05-23T20:18:24Z,2026-05-23T22:18:24+0200,ff0858ab-4740-4bdb-8b96-9805455abf18,2026-05-22T03:45:00Z,2026-05-22T05:45:00+0200,1857.21,MW,FR,FR,actual_onshore_wind_generation,Wind Onshore,2026-05-23T20:18:59Z
2026-05-23T20:18:24Z,2026-05-23T22:18:24+0200,ff0858ab-4740-4bdb-8b96-9805455abf18,2026-05-22T04:00:00Z,2026-05-22T06:00:00+0200,1877.68,MW,FR,FR,actual_onshore_wind_generation,Wind Onshore,2026-05-23T20:18:59Z
2026-05-23T20:18:24Z,2026-05-23T22:18:24+0200,ff0858ab-4740-4bdb-8b96-9805455abf18,2026-05-22T04:15:00Z,2026-05-22T06:15:00+0200,1917.88,MW,FR,FR,actual_onshore_wind_generation,Wind Onshore,2026-05-23T20:18:59Z
2026-05-23T20:18:24Z,2026-05-23T22:18:24+0200,ff0858ab-4740-4bdb-8b96-9805455abf18,2026-05-22T04:30:00Z,2026-05-22T06:30:00+0200,1927.63,MW,FR,FR,actual_onshore_wind_generation,Wind Onshore,2026-05-23T20:18:59Z
2026-05-23T20:18:24Z,2026-05-23T22:18:24+0200,ff0858ab-4740-4bdb-8b96-9805455abf18,2026-05-22T04:45:00Z,2026-05-22T06:45:00+0200,1917.54,MW,FR,FR,actual_onshore_wind_generation,Wind Onshore,2026-05-23T20:18:59Z
2026-05-23T20:18:24Z,2026-05-23T22:18:24+0200,ff0858ab-4740-4bdb-8b96-9805455abf18,2026-05-22T05:00:00Z,2026-05-22T07:00:00+0200,1943.27,MW,FR,FR,actual_onshore_wind_generation,Wind Onshore,2026-05-23T20:18:59Z
2026-05-23T20:18:24Z,2026-05-23T22:18:24+0200,ff0858ab-4740-4bdb-8b96-9805455abf18,2026-05-22T05:15:00Z,2026-05-22T07:15:00+0200,1937.04,MW,FR,FR,actual_onshore_wind_generation,Wind Onshore,2026-05-23T20:18:59Z
2026-05-23T20:18:24Z,2026-05-23T22:18:24+0200,ff0858ab-4740-4bdb-8b96-9805455abf18,2026-05-22T05:30:00Z,2026-05-22T07:30:00+0200,1909.71,MW,FR,FR,actual_onshore_wind_generation,Wind Onshore,2026-05-23T20:18:59Z
2026-05-23T20:18:24Z,2026-05-23T22:18:24+0200,ff0858ab-4740-4bdb-8b96-9805455abf18,2026-05-22T05:45:00Z,2026-05-22T07:45:00+0200,1880.6,MW,FR,FR,actual_onshore_wind_generation,Wind Onshore,2026-05-23T20:18:59Z
2026-05-23T20:18:24Z,2026-05-23T22:18:24+0200,ff0858ab-4740-4bdb-8b96-9805455abf18,2026-05-22T06:00:00Z,2026-05-22T08:00:00+0200,1784.99,MW,FR,FR,actual_onshore_wind_generation,Wind Onshore,2026-05-23T20:18:59Z
2026-05-23T20:18:24Z,2026-05-23T22:18:24+0200,ff0858ab-4740-4bdb-8b96-9805455abf18,2026-05-22T06:15:00Z,2026-05-22T08:15:00+0200,1655.01,MW,FR,FR,actual_onshore_wind_generation,Wind Onshore,2026-05-23T20:18:59Z
2026-05-23T20:18:24Z,2026-05-23T22:18:24+0200,ff0858ab-4740-4bdb-8b96-9805455abf18,2026-05-22T06:30:00Z,2026-05-22T08:30:00+0200,1462.83,MW,FR,FR,actual_onshore_wind_generation,Wind Onshore,2026-05-23T20:18:59Z
2026-05-23T20:18:24Z,2026-05-23T22:18:24+0200,ff0858ab-4740-4bdb-8b96-9805455abf18,2026-05-22T06:45:00Z,2026-05-22T08:45:00+0200,1257.21,MW,FR,FR,actual_onshore_wind_generation,Wind Onshore,2026-05-23T20:18:59Z
2026-05-23T20:18:24Z,2026-05-23T22:18:24+0200,ff0858ab-4740-4bdb-8b96-9805455abf18,2026-05-22T07:00:00Z,2026-05-22T09:00:00+0200,1058.99,MW,FR,FR,actual_onshore_wind_generation,Wind Onshore,2026-05-23T20:18:59Z
2026-05-23T20:18:24Z,2026-05-23T22:18:24+0200,ff0858ab-4740-4bdb-8b96-9805455abf18,2026-05-22T07:15:00Z,2026-05-22T09:15:00+0200,907.41,MW,FR,FR,actual_onshore_wind_generation,Wind Onshore,2026-05-23T20:18:59Z
2026-05-23T20:18:24Z,2026-05-23T22:18:24+0200,ff0858ab-4740-4bdb-8b96-9805455abf18,2026-05-22T07:30:00Z,2026-05-22T09:30:00+0200,818.56,MW,FR,FR,actual_onshore_wind_generation,Wind Onshore,2026-05-23T20:18:59Z
2026-05-23T20:18:24Z,2026-05-23T22:18:24+0200,ff0858ab-4740-4bdb-8b96-9805455abf18,2026-05-22T07:45:00Z,2026-05-22T09:45:00+0200,761.02,MW,FR,FR,actual_onshore_wind_generation,Wind Onshore,2026-05-23T20:18:59Z
2026-05-23T20:18:24Z,2026-05-23T22:18:24+0200,ff0858ab-4740-4bdb-8b96-9805455abf18,2026-05-22T08:00:00Z,2026-05-22T10:00:00+0200,706.31,MW,FR,FR,actual_onshore_wind_generation,Wind Onshore,2026-05-23T20:18:59Z
2026-05-23T20:18:24Z,2026-05-23T22:18:24+0200,ff0858ab-4740-4bdb-8b96-9805455abf18,2026-05-22T08:15:00Z,2026-05-22T10:15:00+0200,680.34,MW,FR,FR,actual_onshore_wind_generation,Wind Onshore,2026-05-23T20:18:59Z
2026-05-23T20:18:24Z,2026-05-23T22:18:24+0200,ff0858ab-4740-4bdb-8b96-9805455abf18,2026-05-22T08:30:00Z,2026-05-22T10:30:00+0200,667.55,MW,FR,FR,actual_onshore_wind_generation,Wind Onshore,2026-05-23T20:18:59Z
2026-05-23T20:18:24Z,2026-05-23T22:18:24+0200,ff0858ab-4740-4bdb-8b96-9805455abf18,2026-05-22T08:45:00Z,2026-05-22T10:45:00+0200,662.94,MW,FR,FR,actual_onshore_wind_generation,Wind Onshore,2026-05-23T20:18:59Z
2026-05-23T20:18:24Z,2026-05-23T22:18:24+0200,ff0858ab-4740-4bdb-8b96-9805455abf18,2026-05-22T09:00:00Z,2026-05-22T11:00:00+0200,659.6,MW,FR,FR,actual_onshore_wind_generation,Wind Onshore,2026-05-23T20:18:59Z
2026-05-23T20:18:24Z,2026-05-23T22:18:24+0200,ff0858ab-4740-4bdb-8b96-9805455abf18,2026-05-22T09:15:00Z,2026-05-22T11:15:00+0200,674.39,MW,FR,FR,actual_onshore_wind_generation,Wind Onshore,2026-05-23T20:18:59Z
2026-05-23T20:18:24Z,2026-05-23T22:18:24+0200,ff0858ab-4740-4bdb-8b96-9805455abf18,2026-05-22T09:30:00Z,2026-05-22T11:30:00+0200,663.7,MW,FR,FR,actual_onshore_wind_generation,Wind Onshore,2026-05-23T20:18:59Z
2026-05-23T20:18:24Z,2026-05-23T22:18:24+0200,ff0858ab-4740-4bdb-8b96-9805455abf18,2026-05-22T09:45:00Z,2026-05-22T11:45:00+0200,705.58,MW,FR,FR,actual_onshore_wind_generation,Wind Onshore,2026-05-23T20:18:59Z
2026-05-23T20:18:24Z,2026-05-23T22:18:24+0200,ff0858ab-4740-4bdb-8b96-9805455abf18,2026-05-22T10:00:00Z,2026-05-22T12:00:00+0200,728.64,MW,FR,FR,actual_onshore_wind_generation,Wind Onshore,2026-05-23T20:18:59Z
2026-05-23T20:18:24Z,2026-05-23T22:18:24+0200,ff0858ab-4740-4bdb-8b96-9805455abf18,2026-05-22T10:15:00Z,2026-05-22T12:15:00+0200,741.09,MW,FR,FR,actual_onshore_wind_generation,Wind Onshore,2026-05-23T20:18:59Z
2026-05-23T20:18:24Z,2026-05-23T22:18:24+0200,ff0858ab-4740-4bdb-8b96-9805455abf18,2026-05-22T10:30:00Z,2026-05-22T12:30:00+0200,708.45,MW,FR,FR,actual_onshore_wind_generation,Wind Onshore,2026-05-23T20:18:59Z
2026-05-23T20:18:24Z,2026-05-23T22:18:24+0200,ff0858ab-4740-4bdb-8b96-9805455abf18,2026-05-22T10:45:00Z,2026-05-22T12:45:00+0200,597.01,MW,FR,FR,actual_onshore_wind_generation,Wind Onshore,2026-05-23T20:18:59Z
2026-05-23T20:18:24Z,2026-05-23T22:18:24+0200,ff0858ab-4740-4bdb-8b96-9805455abf18,2026-05-22T11:00:00Z,2026-05-22T13:00:00+0200,587.29,MW,FR,FR,actual_onshore_wind_generation,Wind Onshore,2026-05-23T20:18:59Z
2026-05-23T20:18:24Z,2026-05-23T22:18:24+0200,ff0858ab-4740-4bdb-8b96-9805455abf18,2026-05-22T11:15:00Z,2026-05-22T13:15:00+0200,590.98,MW,FR,FR,actual_onshore_wind_generation,Wind Onshore,2026-05-23T20:18:59Z
2026-05-23T20:18:24Z,2026-05-23T22:18:24+0200,ff0858ab-4740-4bdb-8b96-9805455abf18,2026-05-22T11:30:00Z,2026-05-22T13:30:00+0200,578.16,MW,FR,FR,actual_onshore_wind_generation,Wind Onshore,2026-05-23T20:18:59Z
2026-05-23T20:18:24Z,2026-05-23T22:18:24+0200,ff0858ab-4740-4bdb-8b96-9805455abf18,2026-05-22T11:45:00Z,2026-05-22T13:45:00+0200,579.72,MW,FR,FR,actual_onshore_wind_generation,Wind Onshore,2026-05-23T20:18:59Z
2026-05-23T20:18:24Z,2026-05-23T22:18:24+0200,ff0858ab-4740-4bdb-8b96-9805455abf18,2026-05-22T12:00:00Z,2026-05-22T14:00:00+0200,579.16,MW,FR,FR,actual_onshore_wind_generation,Wind Onshore,2026-05-23T20:18:59Z
2026-05-23T20:18:24Z,2026-05-23T22:18:24+0200,ff0858ab-4740-4bdb-8b96-9805455abf18,2026-05-22T12:15:00Z,2026-05-22T14:15:00+0200,571.3,MW,FR,FR,actual_onshore_wind_generation,Wind Onshore,2026-05-23T20:18:59Z
2026-05-23T20:18:24Z,2026-05-23T22:18:24+0200,ff0858ab-4740-4bdb-8b96-9805455abf18,2026-05-22T12:30:00Z,2026-05-22T14:30:00+0200,563.27,MW,FR,FR,actual_onshore_wind_generation,Wind Onshore,2026-05-23T20:18:59Z
2026-05-23T20:18:24Z,2026-05-23T22:18:24+0200,ff0858ab-4740-4bdb-8b96-9805455abf18,2026-05-22T12:45:00Z,2026-05-22T14:45:00+0200,575.19,MW,FR,FR,actual_onshore_wind_generation,Wind Onshore,2026-05-23T20:18:59Z
2026-05-23T20:18:24Z,2026-05-23T22:18:24+0200,ff0858ab-4740-4bdb-8b96-9805455abf18,2026-05-22T13:00:00Z,2026-05-22T15:00:00+0200,569.86,MW,FR,FR,actual_onshore_wind_generation,Wind Onshore,2026-05-23T20:18:59Z
2026-05-23T20:18:24Z,2026-05-23T22:18:24+0200,ff0858ab-4740-4bdb-8b96-9805455abf18,2026-05-22T13:15:00Z,2026-05-22T15:15:00+0200,582.48,MW,FR,FR,actual_onshore_wind_generation,Wind Onshore,2026-05-23T20:18:59Z
2026-05-23T20:18:24Z,2026-05-23T22:18:24+0200,ff0858ab-4740-4bdb-8b96-9805455abf18,2026-05-22T13:30:00Z,2026-05-22T15:30:00+0200,585.3,MW,FR,FR,actual_onshore_wind_generation,Wind Onshore,2026-05-23T20:18:59Z
2026-05-23T20:18:24Z,2026-05-23T22:18:24+0200,ff0858ab-4740-4bdb-8b96-9805455abf18,2026-05-22T13:45:00Z,2026-05-22T15:45:00+0200,589.34,MW,FR,FR,actual_onshore_wind_generation,Wind Onshore,2026-05-23T20:18:59Z
2026-05-23T20:18:24Z,2026-05-23T22:18:24+0200,ff0858ab-4740-4bdb-8b96-9805455abf18,2026-05-22T14:00:00Z,2026-05-22T16:00:00+0200,578.97,MW,FR,FR,actual_onshore_wind_generation,Wind Onshore,2026-05-23T20:18:59Z
2026-05-23T20:18:24Z,2026-05-23T22:18:24+0200,ff0858ab-4740-4bdb-8b96-9805455abf18,2026-05-22T14:15:00Z,2026-05-22T16:15:00+0200,583.53,MW,FR,FR,actual_onshore_wind_generation,Wind Onshore,2026-05-23T20:18:59Z
2026-05-23T20:18:24Z,2026-05-23T22:18:24+0200,ff0858ab-4740-4bdb-8b96-9805455abf18,2026-05-22T14:30:00Z,2026-05-22T16:30:00+0200,583.14,MW,FR,FR,actual_onshore_wind_generation,Wind Onshore,2026-05-23T20:18:59Z
2026-05-23T20:18:24Z,2026-05-23T22:18:24+0200,ff0858ab-4740-4bdb-8b96-9805455abf18,2026-05-22T14:45:00Z,2026-05-22T16:45:00+0200,721.78,MW,FR,FR,actual_onshore_wind_generation,Wind Onshore,2026-05-23T20:18:59Z
2026-05-23T20:18:24Z,2026-05-23T22:18:24+0200,ff0858ab-4740-4bdb-8b96-9805455abf18,2026-05-22T15:00:00Z,2026-05-22T17:00:00+0200,874.2,MW,FR,FR,actual_onshore_wind_generation,Wind Onshore,2026-05-23T20:18:59Z
2026-05-23T20:18:24Z,2026-05-23T22:18:24+0200,ff0858ab-4740-4bdb-8b96-9805455abf18,2026-05-22T15:15:00Z,2026-05-22T17:15:00+0200,857.91,MW,FR,FR,actual_onshore_wind_generation,Wind Onshore,2026-05-23T20:18:59Z
2026-05-23T20:18:24Z,2026-05-23T22:18:24+0200,ff0858ab-4740-4bdb-8b96-9805455abf18,2026-05-22T15:30:00Z,2026-05-22T17:30:00+0200,855.15,MW,FR,FR,actual_onshore_wind_generation,Wind Onshore,2026-05-23T20:18:59Z
2026-05-23T20:18:24Z,2026-05-23T22:18:24+0200,ff0858ab-4740-4bdb-8b96-9805455abf18,2026-05-22T15:45:00Z,2026-05-22T17:45:00+0200,828.72,MW,FR,FR,actual_onshore_wind_generation,Wind Onshore,2026-05-23T20:18:59Z
2026-05-23T20:18:24Z,2026-05-23T22:18:24+0200,ff0858ab-4740-4bdb-8b96-9805455abf18,2026-05-22T16:00:00Z,2026-05-22T18:00:00+0200,818.8,MW,FR,FR,actual_onshore_wind_generation,Wind Onshore,2026-05-23T20:18:59Z
2026-05-23T20:18:24Z,2026-05-23T22:18:24+0200,ff0858ab-4740-4bdb-8b96-9805455abf18,2026-05-22T16:15:00Z,2026-05-22T18:15:00+0200,833.35,MW,FR,FR,actual_onshore_wind_generation,Wind Onshore,2026-05-23T20:18:59Z
2026-05-23T20:18:24Z,2026-05-23T22:18:24+0200,ff0858ab-4740-4bdb-8b96-9805455abf18,2026-05-22T16:30:00Z,2026-05-22T18:30:00+0200,825.83,MW,FR,FR,actual_onshore_wind_generation,Wind Onshore,2026-05-23T20:18:59Z
2026-05-23T20:18:24Z,2026-05-23T22:18:24+0200,ff0858ab-4740-4bdb-8b96-9805455abf18,2026-05-22T16:45:00Z,2026-05-22T18:45:00+0200,822.87,MW,FR,FR,actual_onshore_wind_generation,Wind Onshore,2026-05-23T20:18:59Z
2026-05-23T20:18:24Z,2026-05-23T22:18:24+0200,ff0858ab-4740-4bdb-8b96-9805455abf18,2026-05-22T17:00:00Z,2026-05-22T19:00:00+0200,830.19,MW,FR,FR,actual_onshore_wind_generation,Wind Onshore,2026-05-23T20:18:59Z
2026-05-23T20:18:24Z,2026-05-23T22:18:24+0200,ff0858ab-4740-4bdb-8b96-9805455abf18,2026-05-22T17:15:00Z,2026-05-22T19:15:00+0200,838.95,MW,FR,FR,actual_onshore_wind_generation,Wind Onshore,2026-05-23T20:18:59Z
2026-05-23T20:18:24Z,2026-05-23T22:18:24+0200,ff0858ab-4740-4bdb-8b96-9805455abf18,2026-05-22T17:30:00Z,2026-05-22T19:30:00+0200,854.56,MW,FR,FR,actual_onshore_wind_generation,Wind Onshore,2026-05-23T20:18:59Z
2026-05-23T20:18:24Z,2026-05-23T22:18:24+0200,ff0858ab-4740-4bdb-8b96-9805455abf18,2026-05-22T17:45:00Z,2026-05-22T19:45:00+0200,864.73,MW,FR,FR,actual_onshore_wind_generation,Wind Onshore,2026-05-23T20:18:59Z
2026-05-23T20:18:24Z,2026-05-23T22:18:24+0200,ff0858ab-4740-4bdb-8b96-9805455abf18,2026-05-22T18:00:00Z,2026-05-22T20:00:00+0200,883.0,MW,FR,FR,actual_onshore_wind_generation,Wind Onshore,2026-05-23T20:18:59Z
2026-05-23T20:18:24Z,2026-05-23T22:18:24+0200,ff0858ab-4740-4bdb-8b96-9805455abf18,2026-05-22T18:15:00Z,2026-05-22T20:15:00+0200,935.49,MW,FR,FR,actual_onshore_wind_generation,Wind Onshore,2026-05-23T20:18:59Z
2026-05-23T20:18:24Z,2026-05-23T22:18:24+0200,ff0858ab-4740-4bdb-8b96-9805455abf18,2026-05-22T18:30:00Z,2026-05-22T20:30:00+0200,1003.51,MW,FR,FR,actual_onshore_wind_generation,Wind Onshore,2026-05-23T20:18:59Z
2026-05-23T20:18:24Z,2026-05-23T22:18:24+0200,ff0858ab-4740-4bdb-8b96-9805455abf18,2026-05-22T18:45:00Z,2026-05-22T20:45:00+0200,1096.15,MW,FR,FR,actual_onshore_wind_generation,Wind Onshore,2026-05-23T20:18:59Z
2026-05-23T20:18:24Z,2026-05-23T22:18:24+0200,ff0858ab-4740-4bdb-8b96-9805455abf18,2026-05-22T19:00:00Z,2026-05-22T21:00:00+0200,1217.41,MW,FR,FR,actual_onshore_wind_generation,Wind Onshore,2026-05-23T20:18:59Z
2026-05-23T20:18:24Z,2026-05-23T22:18:24+0200,ff0858ab-4740-4bdb-8b96-9805455abf18,2026-05-22T19:15:00Z,2026-05-22T21:15:00+0200,1370.36,MW,FR,FR,actual_onshore_wind_generation,Wind Onshore,2026-05-23T20:18:59Z
2026-05-23T20:18:24Z,2026-05-23T22:18:24+0200,ff0858ab-4740-4bdb-8b96-9805455abf18,2026-05-22T19:30:00Z,2026-05-22T21:30:00+0200,1467.51,MW,FR,FR,actual_onshore_wind_generation,Wind Onshore,2026-05-23T20:18:59Z
2026-05-23T20:18:24Z,2026-05-23T22:18:24+0200,ff0858ab-4740-4bdb-8b96-9805455abf18,2026-05-22T19:45:00Z,2026-05-22T21:45:00+0200,1586.83,MW,FR,FR,actual_onshore_wind_generation,Wind Onshore,2026-05-23T20:18:59Z
2026-05-23T20:18:24Z,2026-05-23T22:18:24+0200,ff0858ab-4740-4bdb-8b96-9805455abf18,2026-05-22T20:00:00Z,2026-05-22T22:00:00+0200,1741.76,MW,FR,FR,actual_onshore_wind_generation,Wind Onshore,2026-05-23T20:18:59Z
2026-05-23T20:18:24Z,2026-05-23T22:18:24+0200,ff0858ab-4740-4bdb-8b96-9805455abf18,2026-05-22T20:15:00Z,2026-05-22T22:15:00+0200,1843.11,MW,FR,FR,actual_onshore_wind_generation,Wind Onshore,2026-05-23T20:18:59Z
2026-05-23T20:18:24Z,2026-05-23T22:18:24+0200,ff0858ab-4740-4bdb-8b96-9805455abf18,2026-05-22T20:30:00Z,2026-05-22T22:30:00+0200,1968.68,MW,FR,FR,actual_onshore_wind_generation,Wind Onshore,2026-05-23T20:18:59Z
2026-05-23T20:18:24Z,2026-05-23T22:18:24+0200,ff0858ab-4740-4bdb-8b96-9805455abf18,2026-05-22T20:45:00Z,2026-05-22T22:45:00+0200,2068.6,MW,FR,FR,actual_onshore_wind_generation,Wind Onshore,2026-05-23T20:18:59Z
2026-05-23T20:18:24Z,2026-05-23T22:18:24+0200,ff0858ab-4740-4bdb-8b96-9805455abf18,2026-05-22T21:00:00Z,2026-05-22T23:00:00+0200,2136.83,MW,FR,FR,actual_onshore_wind_generation,Wind Onshore,2026-05-23T20:18:59Z
2026-05-23T20:18:24Z,2026-05-23T22:18:24+0200,ff0858ab-4740-4bdb-8b96-9805455abf18,2026-05-22T21:15:00Z,2026-05-22T23:15:00+0200,2164.11,MW,FR,FR,actual_onshore_wind_generation,Wind Onshore,2026-05-23T20:18:59Z
2026-05-23T20:18:24Z,2026-05-23T22:18:24+0200,ff0858ab-4740-4bdb-8b96-9805455abf18,2026-05-22T21:30:00Z,2026-05-22T23:30:00+0200,2197.44,MW,FR,FR,actual_onshore_wind_generation,Wind Onshore,2026-05-23T20:18:59Z
2026-05-23T20:18:24Z,2026-05-23T22:18:24+0200,ff0858ab-4740-4bdb-8b96-9805455abf18,2026-05-22T21:45:00Z,2026-05-22T23:45:00+0200,2253.41,MW,FR,FR,actual_onshore_wind_generation,Wind Onshore,2026-05-23T20:18:59Z
2026-05-23T20:18:24Z,2026-05-23T22:18:24+0200,ff0858ab-4740-4bdb-8b96-9805455abf18,2026-05-22T22:00:00Z,2026-05-23T00:00:00+0200,2335.07,MW,FR,FR,actual_onshore_wind_generation,Wind Onshore,2026-05-23T20:18:59Z
2026-05-23T20:18:24Z,2026-05-23T22:18:24+0200,ff0858ab-4740-4bdb-8b96-9805455abf18,2026-05-22T22:15:00Z,2026-05-23T00:15:00+0200,2439.44,MW,FR,FR,actual_onshore_wind_generation,Wind Onshore,2026-05-23T20:18:59Z
2026-05-23T20:18:24Z,2026-05-23T22:18:24+0200,ff0858ab-4740-4bdb-8b96-9805455abf18,2026-05-22T22:30:00Z,2026-05-23T00:30:00+0200,2494.99,MW,FR,FR,actual_onshore_wind_generation,Wind Onshore,2026-05-23T20:18:59Z
2026-05-23T20:18:24Z,2026-05-23T22:18:24+0200,ff0858ab-4740-4bdb-8b96-9805455abf18,2026-05-22T22:45:00Z,2026-05-23T00:45:00+0200,2511.14,MW,FR,FR,actual_onshore_wind_generation,Wind Onshore,2026-05-23T20:18:59Z
2026-05-23T20:18:24Z,2026-05-23T22:18:24+0200,ff0858ab-4740-4bdb-8b96-9805455abf18,2026-05-22T23:00:00Z,2026-05-23T01:00:00+0200,2542.11,MW,FR,FR,actual_onshore_wind_generation,Wind Onshore,2026-05-23T20:18:59Z
2026-05-23T20:18:24Z,2026-05-23T22:18:24+0200,ff0858ab-4740-4bdb-8b96-9805455abf18,2026-05-22T23:15:00Z,2026-05-23T01:15:00+0200,2533.89,MW,FR,FR,actual_onshore_wind_generation,Wind Onshore,2026-05-23T20:18:59Z
2026-05-23T20:18:24Z,2026-05-23T22:18:24+0200,ff0858ab-4740-4bdb-8b96-9805455abf18,2026-05-22T23:30:00Z,2026-05-23T01:30:00+0200,2519.39,MW,FR,FR,actual_onshore_wind_generation,Wind Onshore,2026-05-23T20:18:59Z
2026-05-23T20:18:24Z,2026-05-23T22:18:24+0200,ff0858ab-4740-4bdb-8b96-9805455abf18,2026-05-22T23:45:00Z,2026-05-23T01:45:00+0200,2475.15,MW,FR,FR,actual_onshore_wind_generation,Wind Onshore,2026-05-23T20:18:59Z
2026-05-23T20:18:24Z,2026-05-23T22:18:24+0200,ff0858ab-4740-4bdb-8b96-9805455abf18,2026-05-23T00:00:00Z,2026-05-23T02:00:00+0200,2438.59,MW,FR,FR,actual_onshore_wind_generation,Wind Onshore,2026-05-23T20:18:59Z
2026-05-23T20:18:24Z,2026-05-23T22:18:24+0200,ff0858ab-4740-4bdb-8b96-9805455abf18,2026-05-23T00:15:00Z,2026-05-23T02:15:00+0200,2395.59,MW,FR,FR,actual_onshore_wind_generation,Wind Onshore,2026-05-23T20:18:59Z
2026-05-23T20:18:24Z,2026-05-23T22:18:24+0200,ff0858ab-4740-4bdb-8b96-9805455abf18,2026-05-23T00:30:00Z,2026-05-23T02:30:00+0200,2365.25,MW,FR,FR,actual_onshore_wind_generation,Wind Onshore,2026-05-23T20:18:59Z
2026-05-23T20:18:24Z,2026-05-23T22:18:24+0200,ff0858ab-4740-4bdb-8b96-9805455abf18,2026-05-23T00:45:00Z,2026-05-23T02:45:00+0200,2322.33,MW,FR,FR,actual_onshore_wind_generation,Wind Onshore,2026-05-23T20:18:59Z
2026-05-23T20:18:24Z,2026-05-23T22:18:24+0200,ff0858ab-4740-4bdb-8b96-9805455abf18,2026-05-23T01:00:00Z,2026-05-23T03:00:00+0200,2320.56,MW,FR,FR,actual_onshore_wind_generation,Wind Onshore,2026-05-23T20:18:59Z
2026-05-23T20:18:24Z,2026-05-23T22:18:24+0200,ff0858ab-4740-4bdb-8b96-9805455abf18,2026-05-23T01:15:00Z,2026-05-23T03:15:00+0200,2303.12,MW,FR,FR,actual_onshore_wind_generation,Wind Onshore,2026-05-23T20:18:59Z
2026-05-23T20:18:24Z,2026-05-23T22:18:24+0200,ff0858ab-4740-4bdb-8b96-9805455abf18,2026-05-23T01:30:00Z,2026-05-23T03:30:00+0200,2254.34,MW,FR,FR,actual_onshore_wind_generation,Wind Onshore,2026-05-23T20:18:59Z
2026-05-23T20:18:24Z,2026-05-23T22:18:24+0200,ff0858ab-4740-4bdb-8b96-9805455abf18,2026-05-23T01:45:00Z,2026-05-23T03:45:00+0200,2203.68,MW,FR,FR,actual_onshore_wind_generation,Wind Onshore,2026-05-23T20:18:59Z
2026-05-23T20:18:24Z,2026-05-23T22:18:24+0200,ff0858ab-4740-4bdb-8b96-9805455abf18,2026-05-23T02:00:00Z,2026-05-23T04:00:00+0200,2130.19,MW,FR,FR,actual_onshore_wind_generation,Wind Onshore,2026-05-23T20:18:59Z
2026-05-23T20:18:24Z,2026-05-23T22:18:24+0200,ff0858ab-4740-4bdb-8b96-9805455abf18,2026-05-23T02:15:00Z,2026-05-23T04:15:00+0200,2095.99,MW,FR,FR,actual_onshore_wind_generation,Wind Onshore,2026-05-23T20:18:59Z
2026-05-23T20:18:24Z,2026-05-23T22:18:24+0200,ff0858ab-4740-4bdb-8b96-9805455abf18,2026-05-23T02:30:00Z,2026-05-23T04:30:00+0200,2041.27,MW,FR,FR,actual_onshore_wind_generation,Wind Onshore,2026-05-23T20:18:59Z
2026-05-23T20:18:24Z,2026-05-23T22:18:24+0200,ff0858ab-4740-4bdb-8b96-9805455abf18,2026-05-23T02:45:00Z,2026-05-23T04:45:00+0200,1990.01,MW,FR,FR,actual_onshore_wind_generation,Wind Onshore,2026-05-23T20:18:59Z
2026-05-23T20:18:24Z,2026-05-23T22:18:24+0200,ff0858ab-4740-4bdb-8b96-9805455abf18,2026-05-23T03:00:00Z,2026-05-23T05:00:00+0200,1937.61,MW,FR,FR,actual_onshore_wind_generation,Wind Onshore,2026-05-23T20:18:59Z
2026-05-23T20:18:24Z,2026-05-23T22:18:24+0200,ff0858ab-4740-4bdb-8b96-9805455abf18,2026-05-23T03:15:00Z,2026-05-23T05:15:00+0200,1952.35,MW,FR,FR,actual_onshore_wind_generation,Wind Onshore,2026-05-23T20:18:59Z
2026-05-23T20:18:24Z,2026-05-23T22:18:24+0200,ff0858ab-4740-4bdb-8b96-9805455abf18,2026-05-23T03:30:00Z,2026-05-23T05:30:00+0200,1934.17,MW,FR,FR,actual_onshore_wind_generation,Wind Onshore,2026-05-23T20:18:59Z
2026-05-23T20:18:24Z,2026-05-23T22:18:24+0200,ff0858ab-4740-4bdb-8b96-9805455abf18,2026-05-23T03:45:00Z,2026-05-23T05:45:00+0200,1884.31,MW,FR,FR,actual_onshore_wind_generation,Wind Onshore,2026-05-23T20:18:59Z
2026-05-23T20:18:24Z,2026-05-23T22:18:24+0200,ff0858ab-4740-4bdb-8b96-9805455abf18,2026-05-23T04:00:00Z,2026-05-23T06:00:00+0200,1877.84,MW,FR,FR,actual_onshore_wind_generation,Wind Onshore,2026-05-23T20:18:59Z
2026-05-23T20:18:24Z,2026-05-23T22:18:24+0200,ff0858ab-4740-4bdb-8b96-9805455abf18,2026-05-23T04:15:00Z,2026-05-23T06:15:00+0200,1848.36,MW,FR,FR,actual_onshore_wind_generation,Wind Onshore,2026-05-23T20:18:59Z
2026-05-23T20:18:24Z,2026-05-23T22:18:24+0200,ff0858ab-4740-4bdb-8b96-9805455abf18,2026-05-23T04:30:00Z,2026-05-23T06:30:00+0200,1822.89,MW,FR,FR,actual_onshore_wind_generation,Wind Onshore,2026-05-23T20:18:59Z
2026-05-23T20:18:24Z,2026-05-23T22:18:24+0200,ff0858ab-4740-4bdb-8b96-9805455abf18,2026-05-23T04:45:00Z,2026-05-23T06:45:00+0200,1821.04,MW,FR,FR,actual_onshore_wind_generation,Wind Onshore,2026-05-23T20:18:59Z
2026-05-23T20:18:24Z,2026-05-23T22:18:24+0200,ff0858ab-4740-4bdb-8b96-9805455abf18,2026-05-23T05:00:00Z,2026-05-23T07:00:00+0200,1818.84,MW,FR,FR,actual_onshore_wind_generation,Wind Onshore,2026-05-23T20:18:59Z
2026-05-23T20:18:24Z,2026-05-23T22:18:24+0200,ff0858ab-4740-4bdb-8b96-9805455abf18,2026-05-23T05:15:00Z,2026-05-23T07:15:00+0200,1780.55,MW,FR,FR,actual_onshore_wind_generation,Wind Onshore,2026-05-23T20:18:59Z
2026-05-23T20:18:24Z,2026-05-23T22:18:24+0200,ff0858ab-4740-4bdb-8b96-9805455abf18,2026-05-23T05:30:00Z,2026-05-23T07:30:00+0200,1751.99,MW,FR,FR,actual_onshore_wind_generation,Wind Onshore,2026-05-23T20:18:59Z
2026-05-23T20:18:24Z,2026-05-23T22:18:24+0200,ff0858ab-4740-4bdb-8b96-9805455abf18,2026-05-23T05:45:00Z,2026-05-23T07:45:00+0200,1766.12,MW,FR,FR,actual_onshore_wind_generation,Wind Onshore,2026-05-23T20:18:59Z
2026-05-23T20:18:24Z,2026-05-23T22:18:24+0200,ff0858ab-4740-4bdb-8b96-9805455abf18,2026-05-23T06:00:00Z,2026-05-23T08:00:00+0200,1724.1,MW,FR,FR,actual_onshore_wind_generation,Wind Onshore,2026-05-23T20:18:59Z
2026-05-23T20:18:24Z,2026-05-23T22:18:24+0200,ff0858ab-4740-4bdb-8b96-9805455abf18,2026-05-23T06:15:00Z,2026-05-23T08:15:00+0200,1625.71,MW,FR,FR,actual_onshore_wind_generation,Wind Onshore,2026-05-23T20:18:59Z
2026-05-23T20:18:24Z,2026-05-23T22:18:24+0200,ff0858ab-4740-4bdb-8b96-9805455abf18,2026-05-23T06:30:00Z,2026-05-23T08:30:00+0200,1494.04,MW,FR,FR,actual_onshore_wind_generation,Wind Onshore,2026-05-23T20:18:59Z
2026-05-23T20:18:24Z,2026-05-23T22:18:24+0200,ff0858ab-4740-4bdb-8b96-9805455abf18,2026-05-23T06:45:00Z,2026-05-23T08:45:00+0200,1341.03,MW,FR,FR,actual_onshore_wind_generation,Wind Onshore,2026-05-23T20:18:59Z
2026-05-23T20:18:24Z,2026-05-23T22:18:24+0200,ff0858ab-4740-4bdb-8b96-9805455abf18,2026-05-23T07:00:00Z,2026-05-23T09:00:00+0200,1200.16,MW,FR,FR,actual_onshore_wind_generation,Wind Onshore,2026-05-23T20:18:59Z
2026-05-23T20:18:24Z,2026-05-23T22:18:24+0200,ff0858ab-4740-4bdb-8b96-9805455abf18,2026-05-23T07:15:00Z,2026-05-23T09:15:00+0200,1068.57,MW,FR,FR,actual_onshore_wind_generation,Wind Onshore,2026-05-23T20:18:59Z
2026-05-23T20:18:24Z,2026-05-23T22:18:24+0200,ff0858ab-4740-4bdb-8b96-9805455abf18,2026-05-23T07:30:00Z,2026-05-23T09:30:00+0200,924.15,MW,FR,FR,actual_onshore_wind_generation,Wind Onshore,2026-05-23T20:18:59Z
2026-05-23T20:18:24Z,2026-05-23T22:18:24+0200,ff0858ab-4740-4bdb-8b96-9805455abf18,2026-05-23T07:45:00Z,2026-05-23T09:45:00+0200,776.36,MW,FR,FR,actual_onshore_wind_generation,Wind Onshore,2026-05-23T20:18:59Z
2026-05-23T20:18:24Z,2026-05-23T22:18:24+0200,ff0858ab-4740-4bdb-8b96-9805455abf18,2026-05-23T08:00:00Z,2026-05-23T10:00:00+0200,628.49,MW,FR,FR,actual_onshore_wind_generation,Wind Onshore,2026-05-23T20:18:59Z
2026-05-23T20:18:24Z,2026-05-23T22:18:24+0200,ff0858ab-4740-4bdb-8b96-9805455abf18,2026-05-23T08:15:00Z,2026-05-23T10:15:00+0200,569.06,MW,FR,FR,actual_onshore_wind_generation,Wind Onshore,2026-05-23T20:18:59Z
2026-05-23T20:18:24Z,2026-05-23T22:18:24+0200,ff0858ab-4740-4bdb-8b96-9805455abf18,2026-05-23T08:30:00Z,2026-05-23T10:30:00+0200,503.93,MW,FR,FR,actual_onshore_wind_generation,Wind Onshore,2026-05-23T20:18:59Z
2026-05-23T20:18:24Z,2026-05-23T22:18:24+0200,ff0858ab-4740-4bdb-8b96-9805455abf18,2026-05-23T08:45:00Z,2026-05-23T10:45:00+0200,499.13,MW,FR,FR,actual_onshore_wind_generation,Wind Onshore,2026-05-23T20:18:59Z
2026-05-23T20:18:24Z,2026-05-23T22:18:24+0200,ff0858ab-4740-4bdb-8b96-9805455abf18,2026-05-23T09:00:00Z,2026-05-23T11:00:00+0200,507.32,MW,FR,FR,actual_onshore_wind_generation,Wind Onshore,2026-05-23T20:18:59Z
2026-05-23T20:18:24Z,2026-05-23T22:18:24+0200,ff0858ab-4740-4bdb-8b96-9805455abf18,2026-05-23T09:15:00Z,2026-05-23T11:15:00+0200,509.99,MW,FR,FR,actual_onshore_wind_generation,Wind Onshore,2026-05-23T20:18:59Z
2026-05-23T20:18:24Z,2026-05-23T22:18:24+0200,ff0858ab-4740-4bdb-8b96-9805455abf18,2026-05-23T09:30:00Z,2026-05-23T11:30:00+0200,514.09,MW,FR,FR,actual_onshore_wind_generation,Wind Onshore,2026-05-23T20:18:59Z
2026-05-23T20:18:24Z,2026-05-23T22:18:24+0200,ff0858ab-4740-4bdb-8b96-9805455abf18,2026-05-23T09:45:00Z,2026-05-23T11:45:00+0200,514.97,MW,FR,FR,actual_onshore_wind_generation,Wind Onshore,2026-05-23T20:18:59Z
2026-05-23T20:18:24Z,2026-05-23T22:18:24+0200,ff0858ab-4740-4bdb-8b96-9805455abf18,2026-05-23T10:00:00Z,2026-05-23T12:00:00+0200,512.28,MW,FR,FR,actual_onshore_wind_generation,Wind Onshore,2026-05-23T20:18:59Z
2026-05-23T20:18:24Z,2026-05-23T22:18:24+0200,ff0858ab-4740-4bdb-8b96-9805455abf18,2026-05-23T10:15:00Z,2026-05-23T12:15:00+0200,514.17,MW,FR,FR,actual_onshore_wind_generation,Wind Onshore,2026-05-23T20:18:59Z
2026-05-23T20:18:24Z,2026-05-23T22:18:24+0200,ff0858ab-4740-4bdb-8b96-9805455abf18,2026-05-23T10:30:00Z,2026-05-23T12:30:00+0200,513.74,MW,FR,FR,actual_onshore_wind_generation,Wind Onshore,2026-05-23T20:18:59Z
2026-05-23T20:18:24Z,2026-05-23T22:18:24+0200,ff0858ab-4740-4bdb-8b96-9805455abf18,2026-05-23T10:45:00Z,2026-05-23T12:45:00+0200,510.63,MW,FR,FR,actual_onshore_wind_generation,Wind Onshore,2026-05-23T20:18:59Z
2026-05-23T20:18:24Z,2026-05-23T22:18:24+0200,ff0858ab-4740-4bdb-8b96-9805455abf18,2026-05-23T11:00:00Z,2026-05-23T13:00:00+0200,512.71,MW,FR,FR,actual_onshore_wind_generation,Wind Onshore,2026-05-23T20:18:59Z
2026-05-23T20:18:24Z,2026-05-23T22:18:24+0200,ff0858ab-4740-4bdb-8b96-9805455abf18,2026-05-23T11:15:00Z,2026-05-23T13:15:00+0200,516.89,MW,FR,FR,actual_onshore_wind_generation,Wind Onshore,2026-05-23T20:18:59Z
2026-05-23T20:18:24Z,2026-05-23T22:18:24+0200,ff0858ab-4740-4bdb-8b96-9805455abf18,2026-05-23T11:30:00Z,2026-05-23T13:30:00+0200,521.18,MW,FR,FR,actual_onshore_wind_generation,Wind Onshore,2026-05-23T20:18:59Z
2026-05-23T20:18:24Z,2026-05-23T22:18:24+0200,ff0858ab-4740-4bdb-8b96-9805455abf18,2026-05-23T11:45:00Z,2026-05-23T13:45:00+0200,526.05,MW,FR,FR,actual_onshore_wind_generation,Wind Onshore,2026-05-23T20:18:59Z
2026-05-23T20:18:24Z,2026-05-23T22:18:24+0200,ff0858ab-4740-4bdb-8b96-9805455abf18,2026-05-23T12:00:00Z,2026-05-23T14:00:00+0200,531.28,MW,FR,FR,actual_onshore_wind_generation,Wind Onshore,2026-05-23T20:18:59Z
2026-05-23T20:18:24Z,2026-05-23T22:18:24+0200,ff0858ab-4740-4bdb-8b96-9805455abf18,2026-05-23T12:15:00Z,2026-05-23T14:15:00+0200,536.98,MW,FR,FR,actual_onshore_wind_generation,Wind Onshore,2026-05-23T20:18:59Z
2026-05-23T20:18:24Z,2026-05-23T22:18:24+0200,ff0858ab-4740-4bdb-8b96-9805455abf18,2026-05-23T12:30:00Z,2026-05-23T14:30:00+0200,548.91,MW,FR,FR,actual_onshore_wind_generation,Wind Onshore,2026-05-23T20:18:59Z
2026-05-23T20:18:24Z,2026-05-23T22:18:24+0200,ff0858ab-4740-4bdb-8b96-9805455abf18,2026-05-23T12:45:00Z,2026-05-23T14:45:00+0200,553.66,MW,FR,FR,actual_onshore_wind_generation,Wind Onshore,2026-05-23T20:18:59Z
2026-05-23T20:18:24Z,2026-05-23T22:18:24+0200,ff0858ab-4740-4bdb-8b96-9805455abf18,2026-05-23T13:00:00Z,2026-05-23T15:00:00+0200,558.09,MW,FR,FR,actual_onshore_wind_generation,Wind Onshore,2026-05-23T20:18:59Z
2026-05-23T20:18:24Z,2026-05-23T22:18:24+0200,ff0858ab-4740-4bdb-8b96-9805455abf18,2026-05-23T13:15:00Z,2026-05-23T15:15:00+0200,578.74,MW,FR,FR,actual_onshore_wind_generation,Wind Onshore,2026-05-23T20:18:59Z
2026-05-23T20:18:24Z,2026-05-23T22:18:24+0200,ff0858ab-4740-4bdb-8b96-9805455abf18,2026-05-23T13:30:00Z,2026-05-23T15:30:00+0200,585.87,MW,FR,FR,actual_onshore_wind_generation,Wind Onshore,2026-05-23T20:18:59Z
2026-05-23T20:18:24Z,2026-05-23T22:18:24+0200,ff0858ab-4740-4bdb-8b96-9805455abf18,2026-05-23T13:45:00Z,2026-05-23T15:45:00+0200,587.22,MW,FR,FR,actual_onshore_wind_generation,Wind Onshore,2026-05-23T20:18:59Z
2026-05-23T20:18:24Z,2026-05-23T22:18:24+0200,ff0858ab-4740-4bdb-8b96-9805455abf18,2026-05-23T14:00:00Z,2026-05-23T16:00:00+0200,604.7,MW,FR,FR,actual_onshore_wind_generation,Wind Onshore,2026-05-23T20:18:59Z
2026-05-23T20:18:24Z,2026-05-23T22:18:24+0200,ff0858ab-4740-4bdb-8b96-9805455abf18,2026-05-23T14:15:00Z,2026-05-23T16:15:00+0200,670.1,MW,FR,FR,actual_onshore_wind_generation,Wind Onshore,2026-05-23T20:18:59Z
2026-05-23T20:18:24Z,2026-05-23T22:18:24+0200,ff0858ab-4740-4bdb-8b96-9805455abf18,2026-05-23T14:30:00Z,2026-05-23T16:30:00+0200,736.64,MW,FR,FR,actual_onshore_wind_generation,Wind Onshore,2026-05-23T20:18:59Z
2026-05-23T20:18:24Z,2026-05-23T22:18:24+0200,ff0858ab-4740-4bdb-8b96-9805455abf18,2026-05-23T14:45:00Z,2026-05-23T16:45:00+0200,779.0,MW,FR,FR,actual_onshore_wind_generation,Wind Onshore,2026-05-23T20:18:59Z
2026-05-23T20:18:24Z,2026-05-23T22:18:24+0200,ff0858ab-4740-4bdb-8b96-9805455abf18,2026-05-23T15:00:00Z,2026-05-23T17:00:00+0200,795.62,MW,FR,FR,actual_onshore_wind_generation,Wind Onshore,2026-05-23T20:18:59Z
2026-05-23T20:18:24Z,2026-05-23T22:18:24+0200,ff0858ab-4740-4bdb-8b96-9805455abf18,2026-05-23T15:15:00Z,2026-05-23T17:15:00+0200,824.13,MW,FR,FR,actual_onshore_wind_generation,Wind Onshore,2026-05-23T20:18:59Z
2026-05-23T20:18:24Z,2026-05-23T22:18:24+0200,ff0858ab-4740-4bdb-8b96-9805455abf18,2026-05-23T15:30:00Z,2026-05-23T17:30:00+0200,853.14,MW,FR,FR,actual_onshore_wind_generation,Wind Onshore,2026-05-23T20:18:59Z
2026-05-23T20:18:24Z,2026-05-23T22:18:24+0200,ff0858ab-4740-4bdb-8b96-9805455abf18,2026-05-23T15:45:00Z,2026-05-23T17:45:00+0200,1044.32,MW,FR,FR,actual_onshore_wind_generation,Wind Onshore,2026-05-23T20:18:59Z
2026-05-23T20:18:24Z,2026-05-23T22:18:24+0200,ff0858ab-4740-4bdb-8b96-9805455abf18,2026-05-23T16:00:00Z,2026-05-23T18:00:00+0200,1236.13,MW,FR,FR,actual_onshore_wind_generation,Wind Onshore,2026-05-23T20:18:59Z
2026-05-23T20:18:24Z,2026-05-23T22:18:24+0200,ff0858ab-4740-4bdb-8b96-9805455abf18,2026-05-23T16:15:00Z,2026-05-23T18:15:00+0200,1315.48,MW,FR,FR,actual_onshore_wind_generation,Wind Onshore,2026-05-23T20:18:59Z
2026-05-23T20:18:24Z,2026-05-23T22:18:24+0200,ff0858ab-4740-4bdb-8b96-9805455abf18,2026-05-23T16:30:00Z,2026-05-23T18:30:00+0200,1374.5,MW,FR,FR,actual_onshore_wind_generation,Wind Onshore,2026-05-23T20:18:59Z
2026-05-23T20:18:24Z,2026-05-23T22:18:24+0200,ff0858ab-4740-4bdb-8b96-9805455abf18,2026-05-23T16:45:00Z,2026-05-23T18:45:00+0200,1426.1,MW,FR,FR,actual_onshore_wind_generation,Wind Onshore,2026-05-23T20:18:59Z
2026-05-23T20:18:24Z,2026-05-23T22:18:24+0200,ff0858ab-4740-4bdb-8b96-9805455abf18,2026-05-23T17:00:00Z,2026-05-23T19:00:00+0200,1467.93,MW,FR,FR,actual_onshore_wind_generation,Wind Onshore,2026-05-23T20:18:59Z
2026-05-23T20:18:24Z,2026-05-23T22:18:24+0200,ff0858ab-4740-4bdb-8b96-9805455abf18,2026-05-23T17:15:00Z,2026-05-23T19:15:00+0200,1460.91,MW,FR,FR,actual_onshore_wind_generation,Wind Onshore,2026-05-23T20:18:59Z
2026-05-23T20:18:24Z,2026-05-23T22:18:24+0200,ff0858ab-4740-4bdb-8b96-9805455abf18,2026-05-23T17:30:00Z,2026-05-23T19:30:00+0200,1474.95,MW,FR,FR,actual_onshore_wind_generation,Wind Onshore,2026-05-23T20:18:59Z
2026-05-23T20:18:24Z,2026-05-23T22:18:24+0200,ff0858ab-4740-4bdb-8b96-9805455abf18,2026-05-23T17:45:00Z,2026-05-23T19:45:00+0200,1506.46,MW,FR,FR,actual_onshore_wind_generation,Wind Onshore,2026-05-23T20:18:59Z
2026-05-23T20:18:24Z,2026-05-23T22:18:24+0200,ff0858ab-4740-4bdb-8b96-9805455abf18,2026-05-23T18:00:00Z,2026-05-23T20:00:00+0200,1562.94,MW,FR,FR,actual_onshore_wind_generation,Wind Onshore,2026-05-23T20:18:59Z
2026-05-23T20:18:24Z,2026-05-23T22:18:24+0200,ff0858ab-4740-4bdb-8b96-9805455abf18,2026-05-23T18:15:00Z,2026-05-23T20:15:00+0200,1680.59,MW,FR,FR,actual_onshore_wind_generation,Wind Onshore,2026-05-23T20:18:59Z
2026-05-23T20:18:24Z,2026-05-23T22:18:24+0200,ff0858ab-4740-4bdb-8b96-9805455abf18,2026-05-23T18:30:00Z,2026-05-23T20:30:00+0200,1834.93,MW,FR,FR,actual_onshore_wind_generation,Wind Onshore,2026-05-23T20:18:59Z
2026-05-23T20:18:24Z,2026-05-23T22:18:24+0200,ff0858ab-4740-4bdb-8b96-9805455abf18,2026-05-23T18:45:00Z,2026-05-23T20:45:00+0200,1986.11,MW,FR,FR,actual_onshore_wind_generation,Wind Onshore,2026-05-23T20:18:59Z
2026-05-23T20:18:24Z,2026-05-23T22:18:24+0200,ff0858ab-4740-4bdb-8b96-9805455abf18,2026-05-23T19:00:00Z,2026-05-23T21:00:00+0200,2181.24,MW,FR,FR,actual_onshore_wind_generation,Wind Onshore,2026-05-23T20:18:59Z
2026-05-23T20:18:24Z,2026-05-23T22:18:24+0200,ff0858ab-4740-4bdb-8b96-9805455abf18,2026-05-23T19:15:00Z,2026-05-23T21:15:00+0200,2310.4,MW,FR,FR,actual_onshore_wind_generation,Wind Onshore,2026-05-23T20:18:59Z
2026-05-23T20:18:24Z,2026-05-23T22:18:24+0200,ff0858ab-4740-4bdb-8b96-9805455abf18,2026-05-23T19:30:00Z,2026-05-23T21:30:00+0200,2485.12,MW,FR,FR,actual_onshore_wind_generation,Wind Onshore,2026-05-23T20:18:59Z
2026-05-23T20:18:24Z,2026-05-23T22:18:24+0200,ff0858ab-4740-4bdb-8b96-9805455abf18,2026-05-23T19:45:00Z,2026-05-23T21:45:00+0200,2683.36,MW,FR,FR,actual_onshore_wind_generation,Wind Onshore,2026-05-23T20:18:59Z
