collection_time_utc,collection_time_local,run_id,timestamp_utc,timestamp_local,value,unit,country,entsoe_area,variable,source,updated_at_utc
2026-07-30T03:19:56Z,2026-07-30T05:19:56+0200,892469bd-1f88-49dd-9e5e-40938c7b963c,2026-06-29T04:00:00Z,2026-06-29T06:00:00+0200,282.6,MW,FR,FR,actual_solar_generation,Solar,2026-07-30T03:20:47Z
2026-07-30T03:19:56Z,2026-07-30T05:19:56+0200,892469bd-1f88-49dd-9e5e-40938c7b963c,2026-06-29T04:15:00Z,2026-06-29T06:15:00+0200,354.46,MW,FR,FR,actual_solar_generation,Solar,2026-07-30T03:20:47Z
2026-07-30T03:19:56Z,2026-07-30T05:19:56+0200,892469bd-1f88-49dd-9e5e-40938c7b963c,2026-06-29T04:30:00Z,2026-06-29T06:30:00+0200,493.66,MW,FR,FR,actual_solar_generation,Solar,2026-07-30T03:20:47Z
2026-07-30T03:19:56Z,2026-07-30T05:19:56+0200,892469bd-1f88-49dd-9e5e-40938c7b963c,2026-06-29T04:45:00Z,2026-06-29T06:45:00+0200,744.65,MW,FR,FR,actual_solar_generation,Solar,2026-07-30T03:20:47Z
2026-07-30T03:19:56Z,2026-07-30T05:19:56+0200,892469bd-1f88-49dd-9e5e-40938c7b963c,2026-06-29T05:00:00Z,2026-06-29T07:00:00+0200,1086.25,MW,FR,FR,actual_solar_generation,Solar,2026-07-30T03:20:47Z
2026-07-30T03:19:56Z,2026-07-30T05:19:56+0200,892469bd-1f88-49dd-9e5e-40938c7b963c,2026-06-29T05:15:00Z,2026-06-29T07:15:00+0200,1525.5,MW,FR,FR,actual_solar_generation,Solar,2026-07-30T03:20:47Z
2026-07-30T03:19:56Z,2026-07-30T05:19:56+0200,892469bd-1f88-49dd-9e5e-40938c7b963c,2026-06-29T05:30:00Z,2026-06-29T07:30:00+0200,2101.23,MW,FR,FR,actual_solar_generation,Solar,2026-07-30T03:20:47Z
2026-07-30T03:19:56Z,2026-07-30T05:19:56+0200,892469bd-1f88-49dd-9e5e-40938c7b963c,2026-06-29T05:45:00Z,2026-06-29T07:45:00+0200,2697.11,MW,FR,FR,actual_solar_generation,Solar,2026-07-30T03:20:47Z
2026-07-30T03:19:56Z,2026-07-30T05:19:56+0200,892469bd-1f88-49dd-9e5e-40938c7b963c,2026-06-29T06:00:00Z,2026-06-29T08:00:00+0200,3364.78,MW,FR,FR,actual_solar_generation,Solar,2026-07-30T03:20:47Z
2026-07-30T03:19:56Z,2026-07-30T05:19:56+0200,892469bd-1f88-49dd-9e5e-40938c7b963c,2026-06-29T06:15:00Z,2026-06-29T08:15:00+0200,4184.65,MW,FR,FR,actual_solar_generation,Solar,2026-07-30T03:20:47Z
2026-07-30T03:19:56Z,2026-07-30T05:19:56+0200,892469bd-1f88-49dd-9e5e-40938c7b963c,2026-06-29T06:30:00Z,2026-06-29T08:30:00+0200,5139.25,MW,FR,FR,actual_solar_generation,Solar,2026-07-30T03:20:47Z
2026-07-30T03:19:56Z,2026-07-30T05:19:56+0200,892469bd-1f88-49dd-9e5e-40938c7b963c,2026-06-29T06:45:00Z,2026-06-29T08:45:00+0200,6036.11,MW,FR,FR,actual_solar_generation,Solar,2026-07-30T03:20:47Z
2026-07-30T03:19:56Z,2026-07-30T05:19:56+0200,892469bd-1f88-49dd-9e5e-40938c7b963c,2026-06-29T07:00:00Z,2026-06-29T09:00:00+0200,6944.1,MW,FR,FR,actual_solar_generation,Solar,2026-07-30T03:20:47Z
2026-07-30T03:19:56Z,2026-07-30T05:19:56+0200,892469bd-1f88-49dd-9e5e-40938c7b963c,2026-06-29T07:15:00Z,2026-06-29T09:15:00+0200,7996.6,MW,FR,FR,actual_solar_generation,Solar,2026-07-30T03:20:47Z
2026-07-30T03:19:56Z,2026-07-30T05:19:56+0200,892469bd-1f88-49dd-9e5e-40938c7b963c,2026-06-29T07:30:00Z,2026-06-29T09:30:00+0200,9047.46,MW,FR,FR,actual_solar_generation,Solar,2026-07-30T03:20:47Z
2026-07-30T03:19:56Z,2026-07-30T05:19:56+0200,892469bd-1f88-49dd-9e5e-40938c7b963c,2026-06-29T07:45:00Z,2026-06-29T09:45:00+0200,9991.21,MW,FR,FR,actual_solar_generation,Solar,2026-07-30T03:20:47Z
2026-07-30T03:19:56Z,2026-07-30T05:19:56+0200,892469bd-1f88-49dd-9e5e-40938c7b963c,2026-06-29T08:00:00Z,2026-06-29T10:00:00+0200,11016.52,MW,FR,FR,actual_solar_generation,Solar,2026-07-30T03:20:47Z
2026-07-30T03:19:56Z,2026-07-30T05:19:56+0200,892469bd-1f88-49dd-9e5e-40938c7b963c,2026-06-29T08:15:00Z,2026-06-29T10:15:00+0200,11754.48,MW,FR,FR,actual_solar_generation,Solar,2026-07-30T03:20:47Z
2026-07-30T03:19:56Z,2026-07-30T05:19:56+0200,892469bd-1f88-49dd-9e5e-40938c7b963c,2026-06-29T08:30:00Z,2026-06-29T10:30:00+0200,12576.72,MW,FR,FR,actual_solar_generation,Solar,2026-07-30T03:20:47Z
2026-07-30T03:19:56Z,2026-07-30T05:19:56+0200,892469bd-1f88-49dd-9e5e-40938c7b963c,2026-06-29T08:45:00Z,2026-06-29T10:45:00+0200,13272.08,MW,FR,FR,actual_solar_generation,Solar,2026-07-30T03:20:47Z
2026-07-30T03:19:56Z,2026-07-30T05:19:56+0200,892469bd-1f88-49dd-9e5e-40938c7b963c,2026-06-29T09:00:00Z,2026-06-29T11:00:00+0200,14057.64,MW,FR,FR,actual_solar_generation,Solar,2026-07-30T03:20:47Z
2026-07-30T03:19:56Z,2026-07-30T05:19:56+0200,892469bd-1f88-49dd-9e5e-40938c7b963c,2026-06-29T09:15:00Z,2026-06-29T11:15:00+0200,14828.25,MW,FR,FR,actual_solar_generation,Solar,2026-07-30T03:20:47Z
2026-07-30T03:19:56Z,2026-07-30T05:19:56+0200,892469bd-1f88-49dd-9e5e-40938c7b963c,2026-06-29T09:30:00Z,2026-06-29T11:30:00+0200,15319.59,MW,FR,FR,actual_solar_generation,Solar,2026-07-30T03:20:47Z
2026-07-30T03:19:56Z,2026-07-30T05:19:56+0200,892469bd-1f88-49dd-9e5e-40938c7b963c,2026-06-29T09:45:00Z,2026-06-29T11:45:00+0200,15894.39,MW,FR,FR,actual_solar_generation,Solar,2026-07-30T03:20:47Z
2026-07-30T03:19:56Z,2026-07-30T05:19:56+0200,892469bd-1f88-49dd-9e5e-40938c7b963c,2026-06-29T10:00:00Z,2026-06-29T12:00:00+0200,16418.88,MW,FR,FR,actual_solar_generation,Solar,2026-07-30T03:20:47Z
2026-07-30T03:19:56Z,2026-07-30T05:19:56+0200,892469bd-1f88-49dd-9e5e-40938c7b963c,2026-06-29T10:15:00Z,2026-06-29T12:15:00+0200,16860.34,MW,FR,FR,actual_solar_generation,Solar,2026-07-30T03:20:47Z
2026-07-30T03:19:56Z,2026-07-30T05:19:56+0200,892469bd-1f88-49dd-9e5e-40938c7b963c,2026-06-29T10:30:00Z,2026-06-29T12:30:00+0200,17204.1,MW,FR,FR,actual_solar_generation,Solar,2026-07-30T03:20:47Z
2026-07-30T03:19:56Z,2026-07-30T05:19:56+0200,892469bd-1f88-49dd-9e5e-40938c7b963c,2026-06-29T10:45:00Z,2026-06-29T12:45:00+0200,17575.34,MW,FR,FR,actual_solar_generation,Solar,2026-07-30T03:20:47Z
2026-07-30T03:19:56Z,2026-07-30T05:19:56+0200,892469bd-1f88-49dd-9e5e-40938c7b963c,2026-06-29T11:00:00Z,2026-06-29T13:00:00+0200,17899.48,MW,FR,FR,actual_solar_generation,Solar,2026-07-30T03:20:47Z
2026-07-30T03:19:56Z,2026-07-30T05:19:56+0200,892469bd-1f88-49dd-9e5e-40938c7b963c,2026-06-29T11:15:00Z,2026-06-29T13:15:00+0200,18069.56,MW,FR,FR,actual_solar_generation,Solar,2026-07-30T03:20:47Z
2026-07-30T03:19:56Z,2026-07-30T05:19:56+0200,892469bd-1f88-49dd-9e5e-40938c7b963c,2026-06-29T11:30:00Z,2026-06-29T13:30:00+0200,18072.48,MW,FR,FR,actual_solar_generation,Solar,2026-07-30T03:20:47Z
2026-07-30T03:19:56Z,2026-07-30T05:19:56+0200,892469bd-1f88-49dd-9e5e-40938c7b963c,2026-06-29T11:45:00Z,2026-06-29T13:45:00+0200,18125.06,MW,FR,FR,actual_solar_generation,Solar,2026-07-30T03:20:47Z
2026-07-30T03:19:56Z,2026-07-30T05:19:56+0200,892469bd-1f88-49dd-9e5e-40938c7b963c,2026-06-29T12:00:00Z,2026-06-29T14:00:00+0200,18253.5,MW,FR,FR,actual_solar_generation,Solar,2026-07-30T03:20:47Z
2026-07-30T03:19:56Z,2026-07-30T05:19:56+0200,892469bd-1f88-49dd-9e5e-40938c7b963c,2026-06-29T12:15:00Z,2026-06-29T14:15:00+0200,17634.34,MW,FR,FR,actual_solar_generation,Solar,2026-07-30T03:20:47Z
2026-07-30T03:19:56Z,2026-07-30T05:19:56+0200,892469bd-1f88-49dd-9e5e-40938c7b963c,2026-06-29T12:30:00Z,2026-06-29T14:30:00+0200,18029.24,MW,FR,FR,actual_solar_generation,Solar,2026-07-30T03:20:47Z
2026-07-30T03:19:56Z,2026-07-30T05:19:56+0200,892469bd-1f88-49dd-9e5e-40938c7b963c,2026-06-29T12:45:00Z,2026-06-29T14:45:00+0200,17961.4,MW,FR,FR,actual_solar_generation,Solar,2026-07-30T03:20:47Z
2026-07-30T03:19:56Z,2026-07-30T05:19:56+0200,892469bd-1f88-49dd-9e5e-40938c7b963c,2026-06-29T13:00:00Z,2026-06-29T15:00:00+0200,17578.33,MW,FR,FR,actual_solar_generation,Solar,2026-07-30T03:20:47Z
2026-07-30T03:19:56Z,2026-07-30T05:19:56+0200,892469bd-1f88-49dd-9e5e-40938c7b963c,2026-06-29T13:15:00Z,2026-06-29T15:15:00+0200,17272.51,MW,FR,FR,actual_solar_generation,Solar,2026-07-30T03:20:47Z
2026-07-30T03:19:56Z,2026-07-30T05:19:56+0200,892469bd-1f88-49dd-9e5e-40938c7b963c,2026-06-29T13:30:00Z,2026-06-29T15:30:00+0200,16845.41,MW,FR,FR,actual_solar_generation,Solar,2026-07-30T03:20:47Z
2026-07-30T03:19:56Z,2026-07-30T05:19:56+0200,892469bd-1f88-49dd-9e5e-40938c7b963c,2026-06-29T13:45:00Z,2026-06-29T15:45:00+0200,16590.45,MW,FR,FR,actual_solar_generation,Solar,2026-07-30T03:20:47Z
2026-07-30T03:19:56Z,2026-07-30T05:19:56+0200,892469bd-1f88-49dd-9e5e-40938c7b963c,2026-06-29T14:00:00Z,2026-06-29T16:00:00+0200,16114.39,MW,FR,FR,actual_solar_generation,Solar,2026-07-30T03:20:47Z
2026-07-30T03:19:56Z,2026-07-30T05:19:56+0200,892469bd-1f88-49dd-9e5e-40938c7b963c,2026-06-29T14:15:00Z,2026-06-29T16:15:00+0200,15575.62,MW,FR,FR,actual_solar_generation,Solar,2026-07-30T03:20:47Z
2026-07-30T03:19:56Z,2026-07-30T05:19:56+0200,892469bd-1f88-49dd-9e5e-40938c7b963c,2026-06-29T14:30:00Z,2026-06-29T16:30:00+0200,15066.12,MW,FR,FR,actual_solar_generation,Solar,2026-07-30T03:20:47Z
2026-07-30T03:19:56Z,2026-07-30T05:19:56+0200,892469bd-1f88-49dd-9e5e-40938c7b963c,2026-06-29T14:45:00Z,2026-06-29T16:45:00+0200,14499.94,MW,FR,FR,actual_solar_generation,Solar,2026-07-30T03:20:47Z
2026-07-30T03:19:56Z,2026-07-30T05:19:56+0200,892469bd-1f88-49dd-9e5e-40938c7b963c,2026-06-29T15:00:00Z,2026-06-29T17:00:00+0200,13998.97,MW,FR,FR,actual_solar_generation,Solar,2026-07-30T03:20:47Z
2026-07-30T03:19:56Z,2026-07-30T05:19:56+0200,892469bd-1f88-49dd-9e5e-40938c7b963c,2026-06-29T15:15:00Z,2026-06-29T17:15:00+0200,13229.97,MW,FR,FR,actual_solar_generation,Solar,2026-07-30T03:20:47Z
2026-07-30T03:19:56Z,2026-07-30T05:19:56+0200,892469bd-1f88-49dd-9e5e-40938c7b963c,2026-06-29T15:30:00Z,2026-06-29T17:30:00+0200,12377.63,MW,FR,FR,actual_solar_generation,Solar,2026-07-30T03:20:47Z
2026-07-30T03:19:56Z,2026-07-30T05:19:56+0200,892469bd-1f88-49dd-9e5e-40938c7b963c,2026-06-29T15:45:00Z,2026-06-29T17:45:00+0200,11441.87,MW,FR,FR,actual_solar_generation,Solar,2026-07-30T03:20:47Z
2026-07-30T03:19:56Z,2026-07-30T05:19:56+0200,892469bd-1f88-49dd-9e5e-40938c7b963c,2026-06-29T16:00:00Z,2026-06-29T18:00:00+0200,10571.17,MW,FR,FR,actual_solar_generation,Solar,2026-07-30T03:20:47Z
2026-07-30T03:19:56Z,2026-07-30T05:19:56+0200,892469bd-1f88-49dd-9e5e-40938c7b963c,2026-06-29T16:15:00Z,2026-06-29T18:15:00+0200,9577.85,MW,FR,FR,actual_solar_generation,Solar,2026-07-30T03:20:47Z
2026-07-30T03:19:56Z,2026-07-30T05:19:56+0200,892469bd-1f88-49dd-9e5e-40938c7b963c,2026-06-29T16:30:00Z,2026-06-29T18:30:00+0200,8654.68,MW,FR,FR,actual_solar_generation,Solar,2026-07-30T03:20:47Z
2026-07-30T03:19:56Z,2026-07-30T05:19:56+0200,892469bd-1f88-49dd-9e5e-40938c7b963c,2026-06-29T16:45:00Z,2026-06-29T18:45:00+0200,7839.31,MW,FR,FR,actual_solar_generation,Solar,2026-07-30T03:20:47Z
2026-07-30T03:19:56Z,2026-07-30T05:19:56+0200,892469bd-1f88-49dd-9e5e-40938c7b963c,2026-06-29T17:00:00Z,2026-06-29T19:00:00+0200,6931.58,MW,FR,FR,actual_solar_generation,Solar,2026-07-30T03:20:47Z
2026-07-30T03:19:56Z,2026-07-30T05:19:56+0200,892469bd-1f88-49dd-9e5e-40938c7b963c,2026-06-29T17:15:00Z,2026-06-29T19:15:00+0200,5918.68,MW,FR,FR,actual_solar_generation,Solar,2026-07-30T03:20:47Z
2026-07-30T03:19:56Z,2026-07-30T05:19:56+0200,892469bd-1f88-49dd-9e5e-40938c7b963c,2026-06-29T17:30:00Z,2026-06-29T19:30:00+0200,4943.34,MW,FR,FR,actual_solar_generation,Solar,2026-07-30T03:20:47Z
2026-07-30T03:19:56Z,2026-07-30T05:19:56+0200,892469bd-1f88-49dd-9e5e-40938c7b963c,2026-06-29T17:45:00Z,2026-06-29T19:45:00+0200,3997.18,MW,FR,FR,actual_solar_generation,Solar,2026-07-30T03:20:47Z
2026-07-30T03:19:56Z,2026-07-30T05:19:56+0200,892469bd-1f88-49dd-9e5e-40938c7b963c,2026-06-29T18:00:00Z,2026-06-29T20:00:00+0200,3091.13,MW,FR,FR,actual_solar_generation,Solar,2026-07-30T03:20:47Z
2026-07-30T03:19:56Z,2026-07-30T05:19:56+0200,892469bd-1f88-49dd-9e5e-40938c7b963c,2026-06-29T18:15:00Z,2026-06-29T20:15:00+0200,2378.55,MW,FR,FR,actual_solar_generation,Solar,2026-07-30T03:20:47Z
2026-07-30T03:19:56Z,2026-07-30T05:19:56+0200,892469bd-1f88-49dd-9e5e-40938c7b963c,2026-06-29T18:30:00Z,2026-06-29T20:30:00+0200,1793.7,MW,FR,FR,actual_solar_generation,Solar,2026-07-30T03:20:47Z
2026-07-30T03:19:56Z,2026-07-30T05:19:56+0200,892469bd-1f88-49dd-9e5e-40938c7b963c,2026-06-29T18:45:00Z,2026-06-29T20:45:00+0200,1315.5,MW,FR,FR,actual_solar_generation,Solar,2026-07-30T03:20:47Z
2026-07-30T03:19:56Z,2026-07-30T05:19:56+0200,892469bd-1f88-49dd-9e5e-40938c7b963c,2026-06-29T19:00:00Z,2026-06-29T21:00:00+0200,914.92,MW,FR,FR,actual_solar_generation,Solar,2026-07-30T03:20:47Z
2026-07-30T03:19:56Z,2026-07-30T05:19:56+0200,892469bd-1f88-49dd-9e5e-40938c7b963c,2026-06-29T19:15:00Z,2026-06-29T21:15:00+0200,592.5,MW,FR,FR,actual_solar_generation,Solar,2026-07-30T03:20:47Z
2026-07-30T03:19:56Z,2026-07-30T05:19:56+0200,892469bd-1f88-49dd-9e5e-40938c7b963c,2026-06-29T19:30:00Z,2026-06-29T21:30:00+0200,370.13,MW,FR,FR,actual_solar_generation,Solar,2026-07-30T03:20:47Z
2026-07-30T03:19:56Z,2026-07-30T05:19:56+0200,892469bd-1f88-49dd-9e5e-40938c7b963c,2026-06-29T19:45:00Z,2026-06-29T21:45:00+0200,266.64,MW,FR,FR,actual_solar_generation,Solar,2026-07-30T03:20:47Z
2026-07-30T03:19:56Z,2026-07-30T05:19:56+0200,892469bd-1f88-49dd-9e5e-40938c7b963c,2026-06-29T20:00:00Z,2026-06-29T22:00:00+0200,220.52,MW,FR,FR,actual_solar_generation,Solar,2026-07-30T03:20:47Z
2026-07-30T03:19:56Z,2026-07-30T05:19:56+0200,892469bd-1f88-49dd-9e5e-40938c7b963c,2026-06-29T20:15:00Z,2026-06-29T22:15:00+0200,212.66,MW,FR,FR,actual_solar_generation,Solar,2026-07-30T03:20:47Z
2026-07-30T03:19:56Z,2026-07-30T05:19:56+0200,892469bd-1f88-49dd-9e5e-40938c7b963c,2026-06-29T20:30:00Z,2026-06-29T22:30:00+0200,211.78,MW,FR,FR,actual_solar_generation,Solar,2026-07-30T03:20:47Z
2026-07-30T03:19:56Z,2026-07-30T05:19:56+0200,892469bd-1f88-49dd-9e5e-40938c7b963c,2026-06-29T20:45:00Z,2026-06-29T22:45:00+0200,210.09,MW,FR,FR,actual_solar_generation,Solar,2026-07-30T03:20:47Z
2026-07-30T03:19:56Z,2026-07-30T05:19:56+0200,892469bd-1f88-49dd-9e5e-40938c7b963c,2026-06-29T21:00:00Z,2026-06-29T23:00:00+0200,209.95,MW,FR,FR,actual_solar_generation,Solar,2026-07-30T03:20:47Z
2026-07-30T03:19:56Z,2026-07-30T05:19:56+0200,892469bd-1f88-49dd-9e5e-40938c7b963c,2026-06-29T21:15:00Z,2026-06-29T23:15:00+0200,208.38,MW,FR,FR,actual_solar_generation,Solar,2026-07-30T03:20:47Z
2026-07-30T03:19:56Z,2026-07-30T05:19:56+0200,892469bd-1f88-49dd-9e5e-40938c7b963c,2026-06-29T21:30:00Z,2026-06-29T23:30:00+0200,205.92,MW,FR,FR,actual_solar_generation,Solar,2026-07-30T03:20:47Z
2026-07-30T03:19:56Z,2026-07-30T05:19:56+0200,892469bd-1f88-49dd-9e5e-40938c7b963c,2026-06-29T21:45:00Z,2026-06-29T23:45:00+0200,202.33,MW,FR,FR,actual_solar_generation,Solar,2026-07-30T03:20:47Z
2026-07-30T03:19:56Z,2026-07-30T05:19:56+0200,892469bd-1f88-49dd-9e5e-40938c7b963c,2026-06-29T22:00:00Z,2026-06-30T00:00:00+0200,0.0,MW,FR,FR,actual_solar_generation,Solar,2026-07-30T03:20:47Z
2026-07-30T03:19:56Z,2026-07-30T05:19:56+0200,892469bd-1f88-49dd-9e5e-40938c7b963c,2026-06-29T22:15:00Z,2026-06-30T00:15:00+0200,0.0,MW,FR,FR,actual_solar_generation,Solar,2026-07-30T03:20:47Z
2026-07-30T03:19:56Z,2026-07-30T05:19:56+0200,892469bd-1f88-49dd-9e5e-40938c7b963c,2026-06-29T22:30:00Z,2026-06-30T00:30:00+0200,0.0,MW,FR,FR,actual_solar_generation,Solar,2026-07-30T03:20:47Z
2026-07-30T03:19:56Z,2026-07-30T05:19:56+0200,892469bd-1f88-49dd-9e5e-40938c7b963c,2026-06-29T22:45:00Z,2026-06-30T00:45:00+0200,0.0,MW,FR,FR,actual_solar_generation,Solar,2026-07-30T03:20:47Z
2026-07-30T03:19:56Z,2026-07-30T05:19:56+0200,892469bd-1f88-49dd-9e5e-40938c7b963c,2026-06-29T23:00:00Z,2026-06-30T01:00:00+0200,0.0,MW,FR,FR,actual_solar_generation,Solar,2026-07-30T03:20:47Z
2026-07-30T03:19:56Z,2026-07-30T05:19:56+0200,892469bd-1f88-49dd-9e5e-40938c7b963c,2026-06-29T23:15:00Z,2026-06-30T01:15:00+0200,0.0,MW,FR,FR,actual_solar_generation,Solar,2026-07-30T03:20:47Z
2026-07-30T03:19:56Z,2026-07-30T05:19:56+0200,892469bd-1f88-49dd-9e5e-40938c7b963c,2026-06-29T23:30:00Z,2026-06-30T01:30:00+0200,0.0,MW,FR,FR,actual_solar_generation,Solar,2026-07-30T03:20:47Z
2026-07-30T03:19:56Z,2026-07-30T05:19:56+0200,892469bd-1f88-49dd-9e5e-40938c7b963c,2026-06-29T23:45:00Z,2026-06-30T01:45:00+0200,0.0,MW,FR,FR,actual_solar_generation,Solar,2026-07-30T03:20:47Z
2026-07-30T03:19:56Z,2026-07-30T05:19:56+0200,892469bd-1f88-49dd-9e5e-40938c7b963c,2026-06-30T00:00:00Z,2026-06-30T02:00:00+0200,0.0,MW,FR,FR,actual_solar_generation,Solar,2026-07-30T03:20:47Z
2026-07-30T03:19:56Z,2026-07-30T05:19:56+0200,892469bd-1f88-49dd-9e5e-40938c7b963c,2026-06-30T00:15:00Z,2026-06-30T02:15:00+0200,0.0,MW,FR,FR,actual_solar_generation,Solar,2026-07-30T03:20:47Z
2026-07-30T03:19:56Z,2026-07-30T05:19:56+0200,892469bd-1f88-49dd-9e5e-40938c7b963c,2026-06-30T00:30:00Z,2026-06-30T02:30:00+0200,0.0,MW,FR,FR,actual_solar_generation,Solar,2026-07-30T03:20:47Z
2026-07-30T03:19:56Z,2026-07-30T05:19:56+0200,892469bd-1f88-49dd-9e5e-40938c7b963c,2026-06-30T00:45:00Z,2026-06-30T02:45:00+0200,0.0,MW,FR,FR,actual_solar_generation,Solar,2026-07-30T03:20:47Z
2026-07-30T03:19:56Z,2026-07-30T05:19:56+0200,892469bd-1f88-49dd-9e5e-40938c7b963c,2026-06-30T01:00:00Z,2026-06-30T03:00:00+0200,0.0,MW,FR,FR,actual_solar_generation,Solar,2026-07-30T03:20:47Z
2026-07-30T03:19:56Z,2026-07-30T05:19:56+0200,892469bd-1f88-49dd-9e5e-40938c7b963c,2026-06-30T01:15:00Z,2026-06-30T03:15:00+0200,0.0,MW,FR,FR,actual_solar_generation,Solar,2026-07-30T03:20:47Z
2026-07-30T03:19:56Z,2026-07-30T05:19:56+0200,892469bd-1f88-49dd-9e5e-40938c7b963c,2026-06-30T01:30:00Z,2026-06-30T03:30:00+0200,0.0,MW,FR,FR,actual_solar_generation,Solar,2026-07-30T03:20:47Z
2026-07-30T03:19:56Z,2026-07-30T05:19:56+0200,892469bd-1f88-49dd-9e5e-40938c7b963c,2026-06-30T01:45:00Z,2026-06-30T03:45:00+0200,0.0,MW,FR,FR,actual_solar_generation,Solar,2026-07-30T03:20:47Z
2026-07-30T03:19:56Z,2026-07-30T05:19:56+0200,892469bd-1f88-49dd-9e5e-40938c7b963c,2026-06-30T02:00:00Z,2026-06-30T04:00:00+0200,0.0,MW,FR,FR,actual_solar_generation,Solar,2026-07-30T03:20:47Z
2026-07-30T03:19:56Z,2026-07-30T05:19:56+0200,892469bd-1f88-49dd-9e5e-40938c7b963c,2026-06-30T02:15:00Z,2026-06-30T04:15:00+0200,0.0,MW,FR,FR,actual_solar_generation,Solar,2026-07-30T03:20:47Z
2026-07-30T03:19:56Z,2026-07-30T05:19:56+0200,892469bd-1f88-49dd-9e5e-40938c7b963c,2026-06-30T02:30:00Z,2026-06-30T04:30:00+0200,0.0,MW,FR,FR,actual_solar_generation,Solar,2026-07-30T03:20:47Z
2026-07-30T03:19:56Z,2026-07-30T05:19:56+0200,892469bd-1f88-49dd-9e5e-40938c7b963c,2026-06-30T02:45:00Z,2026-06-30T04:45:00+0200,0.0,MW,FR,FR,actual_solar_generation,Solar,2026-07-30T03:20:47Z
2026-07-30T03:19:56Z,2026-07-30T05:19:56+0200,892469bd-1f88-49dd-9e5e-40938c7b963c,2026-06-30T03:00:00Z,2026-06-30T05:00:00+0200,0.0,MW,FR,FR,actual_solar_generation,Solar,2026-07-30T03:20:47Z
2026-07-30T03:19:56Z,2026-07-30T05:19:56+0200,892469bd-1f88-49dd-9e5e-40938c7b963c,2026-06-30T03:15:00Z,2026-06-30T05:15:00+0200,0.0,MW,FR,FR,actual_solar_generation,Solar,2026-07-30T03:20:47Z
2026-07-30T03:19:56Z,2026-07-30T05:19:56+0200,892469bd-1f88-49dd-9e5e-40938c7b963c,2026-06-30T03:30:00Z,2026-06-30T05:30:00+0200,0.0,MW,FR,FR,actual_solar_generation,Solar,2026-07-30T03:20:47Z
2026-07-30T03:19:56Z,2026-07-30T05:19:56+0200,892469bd-1f88-49dd-9e5e-40938c7b963c,2026-06-30T03:45:00Z,2026-06-30T05:45:00+0200,0.0,MW,FR,FR,actual_solar_generation,Solar,2026-07-30T03:20:47Z
2026-07-30T03:19:56Z,2026-07-30T05:19:56+0200,892469bd-1f88-49dd-9e5e-40938c7b963c,2026-06-30T04:00:00Z,2026-06-30T06:00:00+0200,258.26,MW,FR,FR,actual_solar_generation,Solar,2026-07-30T03:20:47Z
2026-07-30T03:19:56Z,2026-07-30T05:19:56+0200,892469bd-1f88-49dd-9e5e-40938c7b963c,2026-06-30T04:15:00Z,2026-06-30T06:15:00+0200,340.08,MW,FR,FR,actual_solar_generation,Solar,2026-07-30T03:20:47Z
2026-07-30T03:19:56Z,2026-07-30T05:19:56+0200,892469bd-1f88-49dd-9e5e-40938c7b963c,2026-06-30T04:30:00Z,2026-06-30T06:30:00+0200,498.66,MW,FR,FR,actual_solar_generation,Solar,2026-07-30T03:20:47Z
2026-07-30T03:19:56Z,2026-07-30T05:19:56+0200,892469bd-1f88-49dd-9e5e-40938c7b963c,2026-06-30T04:45:00Z,2026-06-30T06:45:00+0200,779.42,MW,FR,FR,actual_solar_generation,Solar,2026-07-30T03:20:47Z
2026-07-30T03:19:56Z,2026-07-30T05:19:56+0200,892469bd-1f88-49dd-9e5e-40938c7b963c,2026-06-30T05:00:00Z,2026-06-30T07:00:00+0200,1163.77,MW,FR,FR,actual_solar_generation,Solar,2026-07-30T03:20:47Z
2026-07-30T03:19:56Z,2026-07-30T05:19:56+0200,892469bd-1f88-49dd-9e5e-40938c7b963c,2026-06-30T05:15:00Z,2026-06-30T07:15:00+0200,1635.97,MW,FR,FR,actual_solar_generation,Solar,2026-07-30T03:20:47Z
2026-07-30T03:19:56Z,2026-07-30T05:19:56+0200,892469bd-1f88-49dd-9e5e-40938c7b963c,2026-06-30T05:30:00Z,2026-06-30T07:30:00+0200,2284.75,MW,FR,FR,actual_solar_generation,Solar,2026-07-30T03:20:47Z
2026-07-30T03:19:56Z,2026-07-30T05:19:56+0200,892469bd-1f88-49dd-9e5e-40938c7b963c,2026-06-30T05:45:00Z,2026-06-30T07:45:00+0200,3014.55,MW,FR,FR,actual_solar_generation,Solar,2026-07-30T03:20:47Z
2026-07-30T03:19:56Z,2026-07-30T05:19:56+0200,892469bd-1f88-49dd-9e5e-40938c7b963c,2026-06-30T06:00:00Z,2026-06-30T08:00:00+0200,3876.64,MW,FR,FR,actual_solar_generation,Solar,2026-07-30T03:20:47Z
2026-07-30T03:19:56Z,2026-07-30T05:19:56+0200,892469bd-1f88-49dd-9e5e-40938c7b963c,2026-06-30T06:15:00Z,2026-06-30T08:15:00+0200,4896.79,MW,FR,FR,actual_solar_generation,Solar,2026-07-30T03:20:47Z
2026-07-30T03:19:56Z,2026-07-30T05:19:56+0200,892469bd-1f88-49dd-9e5e-40938c7b963c,2026-06-30T06:30:00Z,2026-06-30T08:30:00+0200,5989.1,MW,FR,FR,actual_solar_generation,Solar,2026-07-30T03:20:47Z
2026-07-30T03:19:56Z,2026-07-30T05:19:56+0200,892469bd-1f88-49dd-9e5e-40938c7b963c,2026-06-30T06:45:00Z,2026-06-30T08:45:00+0200,7053.8,MW,FR,FR,actual_solar_generation,Solar,2026-07-30T03:20:47Z
2026-07-30T03:19:56Z,2026-07-30T05:19:56+0200,892469bd-1f88-49dd-9e5e-40938c7b963c,2026-06-30T07:00:00Z,2026-06-30T09:00:00+0200,8135.25,MW,FR,FR,actual_solar_generation,Solar,2026-07-30T03:20:47Z
2026-07-30T03:19:56Z,2026-07-30T05:19:56+0200,892469bd-1f88-49dd-9e5e-40938c7b963c,2026-06-30T07:15:00Z,2026-06-30T09:15:00+0200,9303.4,MW,FR,FR,actual_solar_generation,Solar,2026-07-30T03:20:47Z
2026-07-30T03:19:56Z,2026-07-30T05:19:56+0200,892469bd-1f88-49dd-9e5e-40938c7b963c,2026-06-30T07:30:00Z,2026-06-30T09:30:00+0200,10387.88,MW,FR,FR,actual_solar_generation,Solar,2026-07-30T03:20:47Z
2026-07-30T03:19:56Z,2026-07-30T05:19:56+0200,892469bd-1f88-49dd-9e5e-40938c7b963c,2026-06-30T07:45:00Z,2026-06-30T09:45:00+0200,11412.18,MW,FR,FR,actual_solar_generation,Solar,2026-07-30T03:20:47Z
2026-07-30T03:19:56Z,2026-07-30T05:19:56+0200,892469bd-1f88-49dd-9e5e-40938c7b963c,2026-06-30T08:00:00Z,2026-06-30T10:00:00+0200,12298.78,MW,FR,FR,actual_solar_generation,Solar,2026-07-30T03:20:47Z
2026-07-30T03:19:56Z,2026-07-30T05:19:56+0200,892469bd-1f88-49dd-9e5e-40938c7b963c,2026-06-30T08:15:00Z,2026-06-30T10:15:00+0200,13158.62,MW,FR,FR,actual_solar_generation,Solar,2026-07-30T03:20:47Z
2026-07-30T03:19:56Z,2026-07-30T05:19:56+0200,892469bd-1f88-49dd-9e5e-40938c7b963c,2026-06-30T08:30:00Z,2026-06-30T10:30:00+0200,13983.52,MW,FR,FR,actual_solar_generation,Solar,2026-07-30T03:20:47Z
2026-07-30T03:19:56Z,2026-07-30T05:19:56+0200,892469bd-1f88-49dd-9e5e-40938c7b963c,2026-06-30T08:45:00Z,2026-06-30T10:45:00+0200,14680.95,MW,FR,FR,actual_solar_generation,Solar,2026-07-30T03:20:47Z
2026-07-30T03:19:56Z,2026-07-30T05:19:56+0200,892469bd-1f88-49dd-9e5e-40938c7b963c,2026-06-30T09:00:00Z,2026-06-30T11:00:00+0200,15291.74,MW,FR,FR,actual_solar_generation,Solar,2026-07-30T03:20:47Z
2026-07-30T03:19:56Z,2026-07-30T05:19:56+0200,892469bd-1f88-49dd-9e5e-40938c7b963c,2026-06-30T09:15:00Z,2026-06-30T11:15:00+0200,15942.79,MW,FR,FR,actual_solar_generation,Solar,2026-07-30T03:20:47Z
2026-07-30T03:19:56Z,2026-07-30T05:19:56+0200,892469bd-1f88-49dd-9e5e-40938c7b963c,2026-06-30T09:30:00Z,2026-06-30T11:30:00+0200,16631.1,MW,FR,FR,actual_solar_generation,Solar,2026-07-30T03:20:47Z
2026-07-30T03:19:56Z,2026-07-30T05:19:56+0200,892469bd-1f88-49dd-9e5e-40938c7b963c,2026-06-30T09:45:00Z,2026-06-30T11:45:00+0200,17241.49,MW,FR,FR,actual_solar_generation,Solar,2026-07-30T03:20:47Z
2026-07-30T03:19:56Z,2026-07-30T05:19:56+0200,892469bd-1f88-49dd-9e5e-40938c7b963c,2026-06-30T10:00:00Z,2026-06-30T12:00:00+0200,17648.79,MW,FR,FR,actual_solar_generation,Solar,2026-07-30T03:20:47Z
2026-07-30T03:19:56Z,2026-07-30T05:19:56+0200,892469bd-1f88-49dd-9e5e-40938c7b963c,2026-06-30T10:15:00Z,2026-06-30T12:15:00+0200,18061.68,MW,FR,FR,actual_solar_generation,Solar,2026-07-30T03:20:47Z
2026-07-30T03:19:56Z,2026-07-30T05:19:56+0200,892469bd-1f88-49dd-9e5e-40938c7b963c,2026-06-30T10:30:00Z,2026-06-30T12:30:00+0200,18231.85,MW,FR,FR,actual_solar_generation,Solar,2026-07-30T03:20:47Z
2026-07-30T03:19:56Z,2026-07-30T05:19:56+0200,892469bd-1f88-49dd-9e5e-40938c7b963c,2026-06-30T10:45:00Z,2026-06-30T12:45:00+0200,18315.03,MW,FR,FR,actual_solar_generation,Solar,2026-07-30T03:20:47Z
2026-07-30T03:19:56Z,2026-07-30T05:19:56+0200,892469bd-1f88-49dd-9e5e-40938c7b963c,2026-06-30T11:00:00Z,2026-06-30T13:00:00+0200,18470.12,MW,FR,FR,actual_solar_generation,Solar,2026-07-30T03:20:47Z
2026-07-30T03:19:56Z,2026-07-30T05:19:56+0200,892469bd-1f88-49dd-9e5e-40938c7b963c,2026-06-30T11:15:00Z,2026-06-30T13:15:00+0200,18556.14,MW,FR,FR,actual_solar_generation,Solar,2026-07-30T03:20:47Z
2026-07-30T03:19:56Z,2026-07-30T05:19:56+0200,892469bd-1f88-49dd-9e5e-40938c7b963c,2026-06-30T11:30:00Z,2026-06-30T13:30:00+0200,18434.23,MW,FR,FR,actual_solar_generation,Solar,2026-07-30T03:20:47Z
2026-07-30T03:19:56Z,2026-07-30T05:19:56+0200,892469bd-1f88-49dd-9e5e-40938c7b963c,2026-06-30T11:45:00Z,2026-06-30T13:45:00+0200,18200.53,MW,FR,FR,actual_solar_generation,Solar,2026-07-30T03:20:47Z
2026-07-30T03:19:56Z,2026-07-30T05:19:56+0200,892469bd-1f88-49dd-9e5e-40938c7b963c,2026-06-30T12:00:00Z,2026-06-30T14:00:00+0200,18001.0,MW,FR,FR,actual_solar_generation,Solar,2026-07-30T03:20:47Z
2026-07-30T03:19:56Z,2026-07-30T05:19:56+0200,892469bd-1f88-49dd-9e5e-40938c7b963c,2026-06-30T12:15:00Z,2026-06-30T14:15:00+0200,17704.81,MW,FR,FR,actual_solar_generation,Solar,2026-07-30T03:20:47Z
2026-07-30T03:19:56Z,2026-07-30T05:19:56+0200,892469bd-1f88-49dd-9e5e-40938c7b963c,2026-06-30T12:30:00Z,2026-06-30T14:30:00+0200,17585.96,MW,FR,FR,actual_solar_generation,Solar,2026-07-30T03:20:47Z
2026-07-30T03:19:56Z,2026-07-30T05:19:56+0200,892469bd-1f88-49dd-9e5e-40938c7b963c,2026-06-30T12:45:00Z,2026-06-30T14:45:00+0200,17543.94,MW,FR,FR,actual_solar_generation,Solar,2026-07-30T03:20:47Z
2026-07-30T03:19:56Z,2026-07-30T05:19:56+0200,892469bd-1f88-49dd-9e5e-40938c7b963c,2026-06-30T13:00:00Z,2026-06-30T15:00:00+0200,17439.6,MW,FR,FR,actual_solar_generation,Solar,2026-07-30T03:20:47Z
2026-07-30T03:19:56Z,2026-07-30T05:19:56+0200,892469bd-1f88-49dd-9e5e-40938c7b963c,2026-06-30T13:15:00Z,2026-06-30T15:15:00+0200,17081.12,MW,FR,FR,actual_solar_generation,Solar,2026-07-30T03:20:47Z
2026-07-30T03:19:56Z,2026-07-30T05:19:56+0200,892469bd-1f88-49dd-9e5e-40938c7b963c,2026-06-30T13:30:00Z,2026-06-30T15:30:00+0200,16804.37,MW,FR,FR,actual_solar_generation,Solar,2026-07-30T03:20:47Z
2026-07-30T03:19:56Z,2026-07-30T05:19:56+0200,892469bd-1f88-49dd-9e5e-40938c7b963c,2026-06-30T13:45:00Z,2026-06-30T15:45:00+0200,16457.78,MW,FR,FR,actual_solar_generation,Solar,2026-07-30T03:20:47Z
2026-07-30T03:19:56Z,2026-07-30T05:19:56+0200,892469bd-1f88-49dd-9e5e-40938c7b963c,2026-06-30T14:00:00Z,2026-06-30T16:00:00+0200,16082.61,MW,FR,FR,actual_solar_generation,Solar,2026-07-30T03:20:47Z
2026-07-30T03:19:56Z,2026-07-30T05:19:56+0200,892469bd-1f88-49dd-9e5e-40938c7b963c,2026-06-30T14:15:00Z,2026-06-30T16:15:00+0200,15343.33,MW,FR,FR,actual_solar_generation,Solar,2026-07-30T03:20:47Z
2026-07-30T03:19:56Z,2026-07-30T05:19:56+0200,892469bd-1f88-49dd-9e5e-40938c7b963c,2026-06-30T14:30:00Z,2026-06-30T16:30:00+0200,14710.6,MW,FR,FR,actual_solar_generation,Solar,2026-07-30T03:20:47Z
2026-07-30T03:19:56Z,2026-07-30T05:19:56+0200,892469bd-1f88-49dd-9e5e-40938c7b963c,2026-06-30T14:45:00Z,2026-06-30T16:45:00+0200,14395.72,MW,FR,FR,actual_solar_generation,Solar,2026-07-30T03:20:47Z
2026-07-30T03:19:56Z,2026-07-30T05:19:56+0200,892469bd-1f88-49dd-9e5e-40938c7b963c,2026-06-30T15:00:00Z,2026-06-30T17:00:00+0200,13764.52,MW,FR,FR,actual_solar_generation,Solar,2026-07-30T03:20:47Z
2026-07-30T03:19:56Z,2026-07-30T05:19:56+0200,892469bd-1f88-49dd-9e5e-40938c7b963c,2026-06-30T15:15:00Z,2026-06-30T17:15:00+0200,13026.5,MW,FR,FR,actual_solar_generation,Solar,2026-07-30T03:20:47Z
2026-07-30T03:19:56Z,2026-07-30T05:19:56+0200,892469bd-1f88-49dd-9e5e-40938c7b963c,2026-06-30T15:30:00Z,2026-06-30T17:30:00+0200,12233.25,MW,FR,FR,actual_solar_generation,Solar,2026-07-30T03:20:47Z
2026-07-30T03:19:56Z,2026-07-30T05:19:56+0200,892469bd-1f88-49dd-9e5e-40938c7b963c,2026-06-30T15:45:00Z,2026-06-30T17:45:00+0200,11471.42,MW,FR,FR,actual_solar_generation,Solar,2026-07-30T03:20:47Z
2026-07-30T03:19:56Z,2026-07-30T05:19:56+0200,892469bd-1f88-49dd-9e5e-40938c7b963c,2026-06-30T16:00:00Z,2026-06-30T18:00:00+0200,10750.04,MW,FR,FR,actual_solar_generation,Solar,2026-07-30T03:20:47Z
2026-07-30T03:19:56Z,2026-07-30T05:19:56+0200,892469bd-1f88-49dd-9e5e-40938c7b963c,2026-06-30T16:15:00Z,2026-06-30T18:15:00+0200,9786.97,MW,FR,FR,actual_solar_generation,Solar,2026-07-30T03:20:47Z
2026-07-30T03:19:56Z,2026-07-30T05:19:56+0200,892469bd-1f88-49dd-9e5e-40938c7b963c,2026-06-30T16:30:00Z,2026-06-30T18:30:00+0200,8848.76,MW,FR,FR,actual_solar_generation,Solar,2026-07-30T03:20:47Z
2026-07-30T03:19:56Z,2026-07-30T05:19:56+0200,892469bd-1f88-49dd-9e5e-40938c7b963c,2026-06-30T16:45:00Z,2026-06-30T18:45:00+0200,7824.06,MW,FR,FR,actual_solar_generation,Solar,2026-07-30T03:20:47Z
2026-07-30T03:19:56Z,2026-07-30T05:19:56+0200,892469bd-1f88-49dd-9e5e-40938c7b963c,2026-06-30T17:00:00Z,2026-06-30T19:00:00+0200,6785.33,MW,FR,FR,actual_solar_generation,Solar,2026-07-30T03:20:47Z
2026-07-30T03:19:56Z,2026-07-30T05:19:56+0200,892469bd-1f88-49dd-9e5e-40938c7b963c,2026-06-30T17:15:00Z,2026-06-30T19:15:00+0200,5831.41,MW,FR,FR,actual_solar_generation,Solar,2026-07-30T03:20:47Z
2026-07-30T03:19:56Z,2026-07-30T05:19:56+0200,892469bd-1f88-49dd-9e5e-40938c7b963c,2026-06-30T17:30:00Z,2026-06-30T19:30:00+0200,4807.09,MW,FR,FR,actual_solar_generation,Solar,2026-07-30T03:20:47Z
2026-07-30T03:19:56Z,2026-07-30T05:19:56+0200,892469bd-1f88-49dd-9e5e-40938c7b963c,2026-06-30T17:45:00Z,2026-06-30T19:45:00+0200,3838.41,MW,FR,FR,actual_solar_generation,Solar,2026-07-30T03:20:47Z
2026-07-30T03:19:56Z,2026-07-30T05:19:56+0200,892469bd-1f88-49dd-9e5e-40938c7b963c,2026-06-30T18:00:00Z,2026-06-30T20:00:00+0200,3021.88,MW,FR,FR,actual_solar_generation,Solar,2026-07-30T03:20:47Z
2026-07-30T03:19:56Z,2026-07-30T05:19:56+0200,892469bd-1f88-49dd-9e5e-40938c7b963c,2026-06-30T18:15:00Z,2026-06-30T20:15:00+0200,2324.0,MW,FR,FR,actual_solar_generation,Solar,2026-07-30T03:20:47Z
2026-07-30T03:19:56Z,2026-07-30T05:19:56+0200,892469bd-1f88-49dd-9e5e-40938c7b963c,2026-06-30T18:30:00Z,2026-06-30T20:30:00+0200,1724.02,MW,FR,FR,actual_solar_generation,Solar,2026-07-30T03:20:47Z
2026-07-30T03:19:56Z,2026-07-30T05:19:56+0200,892469bd-1f88-49dd-9e5e-40938c7b963c,2026-06-30T18:45:00Z,2026-06-30T20:45:00+0200,1275.11,MW,FR,FR,actual_solar_generation,Solar,2026-07-30T03:20:47Z
2026-07-30T03:19:56Z,2026-07-30T05:19:56+0200,892469bd-1f88-49dd-9e5e-40938c7b963c,2026-06-30T19:00:00Z,2026-06-30T21:00:00+0200,871.8,MW,FR,FR,actual_solar_generation,Solar,2026-07-30T03:20:47Z
2026-07-30T03:19:56Z,2026-07-30T05:19:56+0200,892469bd-1f88-49dd-9e5e-40938c7b963c,2026-06-30T19:15:00Z,2026-06-30T21:15:00+0200,562.47,MW,FR,FR,actual_solar_generation,Solar,2026-07-30T03:20:47Z
2026-07-30T03:19:56Z,2026-07-30T05:19:56+0200,892469bd-1f88-49dd-9e5e-40938c7b963c,2026-06-30T19:30:00Z,2026-06-30T21:30:00+0200,364.3,MW,FR,FR,actual_solar_generation,Solar,2026-07-30T03:20:47Z
2026-07-30T03:19:56Z,2026-07-30T05:19:56+0200,892469bd-1f88-49dd-9e5e-40938c7b963c,2026-06-30T19:45:00Z,2026-06-30T21:45:00+0200,269.32,MW,FR,FR,actual_solar_generation,Solar,2026-07-30T03:20:47Z
2026-07-30T03:19:56Z,2026-07-30T05:19:56+0200,892469bd-1f88-49dd-9e5e-40938c7b963c,2026-06-30T20:00:00Z,2026-06-30T22:00:00+0200,228.97,MW,FR,FR,actual_solar_generation,Solar,2026-07-30T03:20:47Z
2026-07-30T03:19:56Z,2026-07-30T05:19:56+0200,892469bd-1f88-49dd-9e5e-40938c7b963c,2026-06-30T20:15:00Z,2026-06-30T22:15:00+0200,216.28,MW,FR,FR,actual_solar_generation,Solar,2026-07-30T03:20:47Z
2026-07-30T03:19:56Z,2026-07-30T05:19:56+0200,892469bd-1f88-49dd-9e5e-40938c7b963c,2026-06-30T20:30:00Z,2026-06-30T22:30:00+0200,219.05,MW,FR,FR,actual_solar_generation,Solar,2026-07-30T03:20:47Z
2026-07-30T03:19:56Z,2026-07-30T05:19:56+0200,892469bd-1f88-49dd-9e5e-40938c7b963c,2026-06-30T20:45:00Z,2026-06-30T22:45:00+0200,221.58,MW,FR,FR,actual_solar_generation,Solar,2026-07-30T03:20:47Z
2026-07-30T03:19:56Z,2026-07-30T05:19:56+0200,892469bd-1f88-49dd-9e5e-40938c7b963c,2026-06-30T21:00:00Z,2026-06-30T23:00:00+0200,0.0,MW,FR,FR,actual_solar_generation,Solar,2026-07-30T03:20:47Z
2026-07-30T03:19:56Z,2026-07-30T05:19:56+0200,892469bd-1f88-49dd-9e5e-40938c7b963c,2026-06-30T21:15:00Z,2026-06-30T23:15:00+0200,0.0,MW,FR,FR,actual_solar_generation,Solar,2026-07-30T03:20:47Z
2026-07-30T03:19:56Z,2026-07-30T05:19:56+0200,892469bd-1f88-49dd-9e5e-40938c7b963c,2026-06-30T21:30:00Z,2026-06-30T23:30:00+0200,0.0,MW,FR,FR,actual_solar_generation,Solar,2026-07-30T03:20:47Z
2026-07-30T03:19:56Z,2026-07-30T05:19:56+0200,892469bd-1f88-49dd-9e5e-40938c7b963c,2026-06-30T21:45:00Z,2026-06-30T23:45:00+0200,0.0,MW,FR,FR,actual_solar_generation,Solar,2026-07-30T03:20:47Z
2026-07-30T03:19:56Z,2026-07-30T05:19:56+0200,892469bd-1f88-49dd-9e5e-40938c7b963c,2026-06-30T22:00:00Z,2026-07-01T00:00:00+0200,0.0,MW,FR,FR,actual_solar_generation,Solar,2026-07-30T03:20:47Z
2026-07-30T03:19:56Z,2026-07-30T05:19:56+0200,892469bd-1f88-49dd-9e5e-40938c7b963c,2026-06-30T22:15:00Z,2026-07-01T00:15:00+0200,0.0,MW,FR,FR,actual_solar_generation,Solar,2026-07-30T03:20:47Z
2026-07-30T03:19:56Z,2026-07-30T05:19:56+0200,892469bd-1f88-49dd-9e5e-40938c7b963c,2026-06-30T22:30:00Z,2026-07-01T00:30:00+0200,0.0,MW,FR,FR,actual_solar_generation,Solar,2026-07-30T03:20:47Z
2026-07-30T03:19:56Z,2026-07-30T05:19:56+0200,892469bd-1f88-49dd-9e5e-40938c7b963c,2026-06-30T22:45:00Z,2026-07-01T00:45:00+0200,0.0,MW,FR,FR,actual_solar_generation,Solar,2026-07-30T03:20:47Z
2026-07-30T03:19:56Z,2026-07-30T05:19:56+0200,892469bd-1f88-49dd-9e5e-40938c7b963c,2026-06-30T23:00:00Z,2026-07-01T01:00:00+0200,0.0,MW,FR,FR,actual_solar_generation,Solar,2026-07-30T03:20:47Z
2026-07-30T03:19:56Z,2026-07-30T05:19:56+0200,892469bd-1f88-49dd-9e5e-40938c7b963c,2026-06-30T23:15:00Z,2026-07-01T01:15:00+0200,0.0,MW,FR,FR,actual_solar_generation,Solar,2026-07-30T03:20:47Z
2026-07-30T03:19:56Z,2026-07-30T05:19:56+0200,892469bd-1f88-49dd-9e5e-40938c7b963c,2026-06-30T23:30:00Z,2026-07-01T01:30:00+0200,0.0,MW,FR,FR,actual_solar_generation,Solar,2026-07-30T03:20:47Z
2026-07-30T03:19:56Z,2026-07-30T05:19:56+0200,892469bd-1f88-49dd-9e5e-40938c7b963c,2026-06-30T23:45:00Z,2026-07-01T01:45:00+0200,0.0,MW,FR,FR,actual_solar_generation,Solar,2026-07-30T03:20:47Z
2026-07-30T03:19:56Z,2026-07-30T05:19:56+0200,892469bd-1f88-49dd-9e5e-40938c7b963c,2026-07-01T00:00:00Z,2026-07-01T02:00:00+0200,0.0,MW,FR,FR,actual_solar_generation,Solar,2026-07-30T03:20:47Z
2026-07-30T03:19:56Z,2026-07-30T05:19:56+0200,892469bd-1f88-49dd-9e5e-40938c7b963c,2026-07-01T00:15:00Z,2026-07-01T02:15:00+0200,0.0,MW,FR,FR,actual_solar_generation,Solar,2026-07-30T03:20:47Z
2026-07-30T03:19:56Z,2026-07-30T05:19:56+0200,892469bd-1f88-49dd-9e5e-40938c7b963c,2026-07-01T00:30:00Z,2026-07-01T02:30:00+0200,0.0,MW,FR,FR,actual_solar_generation,Solar,2026-07-30T03:20:47Z
2026-07-30T03:19:56Z,2026-07-30T05:19:56+0200,892469bd-1f88-49dd-9e5e-40938c7b963c,2026-07-01T00:45:00Z,2026-07-01T02:45:00+0200,0.0,MW,FR,FR,actual_solar_generation,Solar,2026-07-30T03:20:47Z
2026-07-30T03:19:56Z,2026-07-30T05:19:56+0200,892469bd-1f88-49dd-9e5e-40938c7b963c,2026-07-01T01:00:00Z,2026-07-01T03:00:00+0200,0.0,MW,FR,FR,actual_solar_generation,Solar,2026-07-30T03:20:47Z
2026-07-30T03:19:56Z,2026-07-30T05:19:56+0200,892469bd-1f88-49dd-9e5e-40938c7b963c,2026-07-01T01:15:00Z,2026-07-01T03:15:00+0200,0.0,MW,FR,FR,actual_solar_generation,Solar,2026-07-30T03:20:47Z
2026-07-30T03:19:56Z,2026-07-30T05:19:56+0200,892469bd-1f88-49dd-9e5e-40938c7b963c,2026-07-01T01:30:00Z,2026-07-01T03:30:00+0200,0.0,MW,FR,FR,actual_solar_generation,Solar,2026-07-30T03:20:47Z
2026-07-30T03:19:56Z,2026-07-30T05:19:56+0200,892469bd-1f88-49dd-9e5e-40938c7b963c,2026-07-01T01:45:00Z,2026-07-01T03:45:00+0200,0.0,MW,FR,FR,actual_solar_generation,Solar,2026-07-30T03:20:47Z
2026-07-30T03:19:56Z,2026-07-30T05:19:56+0200,892469bd-1f88-49dd-9e5e-40938c7b963c,2026-07-01T02:00:00Z,2026-07-01T04:00:00+0200,0.0,MW,FR,FR,actual_solar_generation,Solar,2026-07-30T03:20:47Z
2026-07-30T03:19:56Z,2026-07-30T05:19:56+0200,892469bd-1f88-49dd-9e5e-40938c7b963c,2026-07-01T02:15:00Z,2026-07-01T04:15:00+0200,0.0,MW,FR,FR,actual_solar_generation,Solar,2026-07-30T03:20:47Z
2026-07-30T03:19:56Z,2026-07-30T05:19:56+0200,892469bd-1f88-49dd-9e5e-40938c7b963c,2026-07-01T02:30:00Z,2026-07-01T04:30:00+0200,0.0,MW,FR,FR,actual_solar_generation,Solar,2026-07-30T03:20:47Z
2026-07-30T03:19:56Z,2026-07-30T05:19:56+0200,892469bd-1f88-49dd-9e5e-40938c7b963c,2026-07-01T02:45:00Z,2026-07-01T04:45:00+0200,0.0,MW,FR,FR,actual_solar_generation,Solar,2026-07-30T03:20:47Z
2026-07-30T03:19:56Z,2026-07-30T05:19:56+0200,892469bd-1f88-49dd-9e5e-40938c7b963c,2026-07-01T03:00:00Z,2026-07-01T05:00:00+0200,208.68,MW,FR,FR,actual_solar_generation,Solar,2026-07-30T03:20:47Z
2026-07-30T03:19:56Z,2026-07-30T05:19:56+0200,892469bd-1f88-49dd-9e5e-40938c7b963c,2026-07-01T03:15:00Z,2026-07-01T05:15:00+0200,213.32,MW,FR,FR,actual_solar_generation,Solar,2026-07-30T03:20:47Z
2026-07-30T03:19:56Z,2026-07-30T05:19:56+0200,892469bd-1f88-49dd-9e5e-40938c7b963c,2026-07-01T03:30:00Z,2026-07-01T05:30:00+0200,215.98,MW,FR,FR,actual_solar_generation,Solar,2026-07-30T03:20:47Z
2026-07-30T03:19:56Z,2026-07-30T05:19:56+0200,892469bd-1f88-49dd-9e5e-40938c7b963c,2026-07-01T03:45:00Z,2026-07-01T05:45:00+0200,231.39,MW,FR,FR,actual_solar_generation,Solar,2026-07-30T03:20:47Z
2026-07-30T03:19:56Z,2026-07-30T05:19:56+0200,892469bd-1f88-49dd-9e5e-40938c7b963c,2026-07-01T04:00:00Z,2026-07-01T06:00:00+0200,277.49,MW,FR,FR,actual_solar_generation,Solar,2026-07-30T03:20:47Z
2026-07-30T03:19:56Z,2026-07-30T05:19:56+0200,892469bd-1f88-49dd-9e5e-40938c7b963c,2026-07-01T04:15:00Z,2026-07-01T06:15:00+0200,350.18,MW,FR,FR,actual_solar_generation,Solar,2026-07-30T03:20:47Z
2026-07-30T03:19:56Z,2026-07-30T05:19:56+0200,892469bd-1f88-49dd-9e5e-40938c7b963c,2026-07-01T04:30:00Z,2026-07-01T06:30:00+0200,504.23,MW,FR,FR,actual_solar_generation,Solar,2026-07-30T03:20:47Z
2026-07-30T03:19:56Z,2026-07-30T05:19:56+0200,892469bd-1f88-49dd-9e5e-40938c7b963c,2026-07-01T04:45:00Z,2026-07-01T06:45:00+0200,778.33,MW,FR,FR,actual_solar_generation,Solar,2026-07-30T03:20:47Z
2026-07-30T03:19:56Z,2026-07-30T05:19:56+0200,892469bd-1f88-49dd-9e5e-40938c7b963c,2026-07-01T05:00:00Z,2026-07-01T07:00:00+0200,1153.83,MW,FR,FR,actual_solar_generation,Solar,2026-07-30T03:20:47Z
2026-07-30T03:19:56Z,2026-07-30T05:19:56+0200,892469bd-1f88-49dd-9e5e-40938c7b963c,2026-07-01T05:15:00Z,2026-07-01T07:15:00+0200,1605.33,MW,FR,FR,actual_solar_generation,Solar,2026-07-30T03:20:47Z
2026-07-30T03:19:56Z,2026-07-30T05:19:56+0200,892469bd-1f88-49dd-9e5e-40938c7b963c,2026-07-01T05:30:00Z,2026-07-01T07:30:00+0200,2225.65,MW,FR,FR,actual_solar_generation,Solar,2026-07-30T03:20:47Z
2026-07-30T03:19:56Z,2026-07-30T05:19:56+0200,892469bd-1f88-49dd-9e5e-40938c7b963c,2026-07-01T05:45:00Z,2026-07-01T07:45:00+0200,2916.44,MW,FR,FR,actual_solar_generation,Solar,2026-07-30T03:20:47Z
2026-07-30T03:19:56Z,2026-07-30T05:19:56+0200,892469bd-1f88-49dd-9e5e-40938c7b963c,2026-07-01T06:00:00Z,2026-07-01T08:00:00+0200,3648.1,MW,FR,FR,actual_solar_generation,Solar,2026-07-30T03:20:47Z
2026-07-30T03:19:56Z,2026-07-30T05:19:56+0200,892469bd-1f88-49dd-9e5e-40938c7b963c,2026-07-01T06:15:00Z,2026-07-01T08:15:00+0200,4559.5,MW,FR,FR,actual_solar_generation,Solar,2026-07-30T03:20:47Z
2026-07-30T03:19:56Z,2026-07-30T05:19:56+0200,892469bd-1f88-49dd-9e5e-40938c7b963c,2026-07-01T06:30:00Z,2026-07-01T08:30:00+0200,5659.52,MW,FR,FR,actual_solar_generation,Solar,2026-07-30T03:20:47Z
2026-07-30T03:19:56Z,2026-07-30T05:19:56+0200,892469bd-1f88-49dd-9e5e-40938c7b963c,2026-07-01T06:45:00Z,2026-07-01T08:45:00+0200,6737.3,MW,FR,FR,actual_solar_generation,Solar,2026-07-30T03:20:47Z
2026-07-30T03:19:56Z,2026-07-30T05:19:56+0200,892469bd-1f88-49dd-9e5e-40938c7b963c,2026-07-01T07:00:00Z,2026-07-01T09:00:00+0200,7841.89,MW,FR,FR,actual_solar_generation,Solar,2026-07-30T03:20:47Z
2026-07-30T03:19:56Z,2026-07-30T05:19:56+0200,892469bd-1f88-49dd-9e5e-40938c7b963c,2026-07-01T07:15:00Z,2026-07-01T09:15:00+0200,8889.41,MW,FR,FR,actual_solar_generation,Solar,2026-07-30T03:20:47Z
2026-07-30T03:19:56Z,2026-07-30T05:19:56+0200,892469bd-1f88-49dd-9e5e-40938c7b963c,2026-07-01T07:30:00Z,2026-07-01T09:30:00+0200,10126.29,MW,FR,FR,actual_solar_generation,Solar,2026-07-30T03:20:47Z
2026-07-30T03:19:56Z,2026-07-30T05:19:56+0200,892469bd-1f88-49dd-9e5e-40938c7b963c,2026-07-01T07:45:00Z,2026-07-01T09:45:00+0200,11652.57,MW,FR,FR,actual_solar_generation,Solar,2026-07-30T03:20:47Z
2026-07-30T03:19:56Z,2026-07-30T05:19:56+0200,892469bd-1f88-49dd-9e5e-40938c7b963c,2026-07-01T08:00:00Z,2026-07-01T10:00:00+0200,12678.77,MW,FR,FR,actual_solar_generation,Solar,2026-07-30T03:20:47Z
2026-07-30T03:19:56Z,2026-07-30T05:19:56+0200,892469bd-1f88-49dd-9e5e-40938c7b963c,2026-07-01T08:15:00Z,2026-07-01T10:15:00+0200,13764.5,MW,FR,FR,actual_solar_generation,Solar,2026-07-30T03:20:47Z
2026-07-30T03:19:56Z,2026-07-30T05:19:56+0200,892469bd-1f88-49dd-9e5e-40938c7b963c,2026-07-01T08:30:00Z,2026-07-01T10:30:00+0200,14472.79,MW,FR,FR,actual_solar_generation,Solar,2026-07-30T03:20:47Z
2026-07-30T03:19:56Z,2026-07-30T05:19:56+0200,892469bd-1f88-49dd-9e5e-40938c7b963c,2026-07-01T08:45:00Z,2026-07-01T10:45:00+0200,15156.62,MW,FR,FR,actual_solar_generation,Solar,2026-07-30T03:20:47Z
2026-07-30T03:19:56Z,2026-07-30T05:19:56+0200,892469bd-1f88-49dd-9e5e-40938c7b963c,2026-07-01T09:00:00Z,2026-07-01T11:00:00+0200,15865.11,MW,FR,FR,actual_solar_generation,Solar,2026-07-30T03:20:47Z
2026-07-30T03:19:56Z,2026-07-30T05:19:56+0200,892469bd-1f88-49dd-9e5e-40938c7b963c,2026-07-01T09:15:00Z,2026-07-01T11:15:00+0200,16328.14,MW,FR,FR,actual_solar_generation,Solar,2026-07-30T03:20:47Z
2026-07-30T03:19:56Z,2026-07-30T05:19:56+0200,892469bd-1f88-49dd-9e5e-40938c7b963c,2026-07-01T09:30:00Z,2026-07-01T11:30:00+0200,16956.59,MW,FR,FR,actual_solar_generation,Solar,2026-07-30T03:20:47Z
2026-07-30T03:19:56Z,2026-07-30T05:19:56+0200,892469bd-1f88-49dd-9e5e-40938c7b963c,2026-07-01T09:45:00Z,2026-07-01T11:45:00+0200,17327.29,MW,FR,FR,actual_solar_generation,Solar,2026-07-30T03:20:47Z
2026-07-30T03:19:56Z,2026-07-30T05:19:56+0200,892469bd-1f88-49dd-9e5e-40938c7b963c,2026-07-01T10:00:00Z,2026-07-01T12:00:00+0200,17492.36,MW,FR,FR,actual_solar_generation,Solar,2026-07-30T03:20:47Z
2026-07-30T03:19:56Z,2026-07-30T05:19:56+0200,892469bd-1f88-49dd-9e5e-40938c7b963c,2026-07-01T10:15:00Z,2026-07-01T12:15:00+0200,17779.81,MW,FR,FR,actual_solar_generation,Solar,2026-07-30T03:20:47Z
2026-07-30T03:19:56Z,2026-07-30T05:19:56+0200,892469bd-1f88-49dd-9e5e-40938c7b963c,2026-07-01T10:30:00Z,2026-07-01T12:30:00+0200,18089.21,MW,FR,FR,actual_solar_generation,Solar,2026-07-30T03:20:47Z
2026-07-30T03:19:56Z,2026-07-30T05:19:56+0200,892469bd-1f88-49dd-9e5e-40938c7b963c,2026-07-01T10:45:00Z,2026-07-01T12:45:00+0200,18196.38,MW,FR,FR,actual_solar_generation,Solar,2026-07-30T03:20:47Z
2026-07-30T03:19:56Z,2026-07-30T05:19:56+0200,892469bd-1f88-49dd-9e5e-40938c7b963c,2026-07-01T11:00:00Z,2026-07-01T13:00:00+0200,18238.97,MW,FR,FR,actual_solar_generation,Solar,2026-07-30T03:20:47Z
2026-07-30T03:19:56Z,2026-07-30T05:19:56+0200,892469bd-1f88-49dd-9e5e-40938c7b963c,2026-07-01T11:15:00Z,2026-07-01T13:15:00+0200,18101.11,MW,FR,FR,actual_solar_generation,Solar,2026-07-30T03:20:47Z
2026-07-30T03:19:56Z,2026-07-30T05:19:56+0200,892469bd-1f88-49dd-9e5e-40938c7b963c,2026-07-01T11:30:00Z,2026-07-01T13:30:00+0200,18040.03,MW,FR,FR,actual_solar_generation,Solar,2026-07-30T03:20:47Z
2026-07-30T03:19:56Z,2026-07-30T05:19:56+0200,892469bd-1f88-49dd-9e5e-40938c7b963c,2026-07-01T11:45:00Z,2026-07-01T13:45:00+0200,18096.89,MW,FR,FR,actual_solar_generation,Solar,2026-07-30T03:20:47Z
2026-07-30T03:19:56Z,2026-07-30T05:19:56+0200,892469bd-1f88-49dd-9e5e-40938c7b963c,2026-07-01T12:00:00Z,2026-07-01T14:00:00+0200,18070.41,MW,FR,FR,actual_solar_generation,Solar,2026-07-30T03:20:47Z
2026-07-30T03:19:56Z,2026-07-30T05:19:56+0200,892469bd-1f88-49dd-9e5e-40938c7b963c,2026-07-01T12:15:00Z,2026-07-01T14:15:00+0200,17977.79,MW,FR,FR,actual_solar_generation,Solar,2026-07-30T03:20:47Z
2026-07-30T03:19:56Z,2026-07-30T05:19:56+0200,892469bd-1f88-49dd-9e5e-40938c7b963c,2026-07-01T12:30:00Z,2026-07-01T14:30:00+0200,17907.47,MW,FR,FR,actual_solar_generation,Solar,2026-07-30T03:20:47Z
2026-07-30T03:19:56Z,2026-07-30T05:19:56+0200,892469bd-1f88-49dd-9e5e-40938c7b963c,2026-07-01T12:45:00Z,2026-07-01T14:45:00+0200,17969.98,MW,FR,FR,actual_solar_generation,Solar,2026-07-30T03:20:47Z
2026-07-30T03:19:56Z,2026-07-30T05:19:56+0200,892469bd-1f88-49dd-9e5e-40938c7b963c,2026-07-01T13:00:00Z,2026-07-01T15:00:00+0200,17964.68,MW,FR,FR,actual_solar_generation,Solar,2026-07-30T03:20:47Z
2026-07-30T03:19:56Z,2026-07-30T05:19:56+0200,892469bd-1f88-49dd-9e5e-40938c7b963c,2026-07-01T13:15:00Z,2026-07-01T15:15:00+0200,17667.44,MW,FR,FR,actual_solar_generation,Solar,2026-07-30T03:20:47Z
2026-07-30T03:19:56Z,2026-07-30T05:19:56+0200,892469bd-1f88-49dd-9e5e-40938c7b963c,2026-07-01T13:30:00Z,2026-07-01T15:30:00+0200,17292.15,MW,FR,FR,actual_solar_generation,Solar,2026-07-30T03:20:47Z
2026-07-30T03:19:56Z,2026-07-30T05:19:56+0200,892469bd-1f88-49dd-9e5e-40938c7b963c,2026-07-01T13:45:00Z,2026-07-01T15:45:00+0200,17154.31,MW,FR,FR,actual_solar_generation,Solar,2026-07-30T03:20:47Z
2026-07-30T03:19:56Z,2026-07-30T05:19:56+0200,892469bd-1f88-49dd-9e5e-40938c7b963c,2026-07-01T14:00:00Z,2026-07-01T16:00:00+0200,16844.67,MW,FR,FR,actual_solar_generation,Solar,2026-07-30T03:20:47Z
2026-07-30T03:19:56Z,2026-07-30T05:19:56+0200,892469bd-1f88-49dd-9e5e-40938c7b963c,2026-07-01T14:15:00Z,2026-07-01T16:15:00+0200,16312.52,MW,FR,FR,actual_solar_generation,Solar,2026-07-30T03:20:47Z
2026-07-30T03:19:56Z,2026-07-30T05:19:56+0200,892469bd-1f88-49dd-9e5e-40938c7b963c,2026-07-01T14:30:00Z,2026-07-01T16:30:00+0200,15718.08,MW,FR,FR,actual_solar_generation,Solar,2026-07-30T03:20:47Z
2026-07-30T03:19:56Z,2026-07-30T05:19:56+0200,892469bd-1f88-49dd-9e5e-40938c7b963c,2026-07-01T14:45:00Z,2026-07-01T16:45:00+0200,15289.09,MW,FR,FR,actual_solar_generation,Solar,2026-07-30T03:20:47Z
2026-07-30T03:19:56Z,2026-07-30T05:19:56+0200,892469bd-1f88-49dd-9e5e-40938c7b963c,2026-07-01T15:00:00Z,2026-07-01T17:00:00+0200,15039.82,MW,FR,FR,actual_solar_generation,Solar,2026-07-30T03:20:47Z
2026-07-30T03:19:56Z,2026-07-30T05:19:56+0200,892469bd-1f88-49dd-9e5e-40938c7b963c,2026-07-01T15:15:00Z,2026-07-01T17:15:00+0200,14247.96,MW,FR,FR,actual_solar_generation,Solar,2026-07-30T03:20:47Z
2026-07-30T03:19:56Z,2026-07-30T05:19:56+0200,892469bd-1f88-49dd-9e5e-40938c7b963c,2026-07-01T15:30:00Z,2026-07-01T17:30:00+0200,13508.61,MW,FR,FR,actual_solar_generation,Solar,2026-07-30T03:20:47Z
2026-07-30T03:19:56Z,2026-07-30T05:19:56+0200,892469bd-1f88-49dd-9e5e-40938c7b963c,2026-07-01T15:45:00Z,2026-07-01T17:45:00+0200,12741.02,MW,FR,FR,actual_solar_generation,Solar,2026-07-30T03:20:47Z
2026-07-30T03:19:56Z,2026-07-30T05:19:56+0200,892469bd-1f88-49dd-9e5e-40938c7b963c,2026-07-01T16:00:00Z,2026-07-01T18:00:00+0200,11708.68,MW,FR,FR,actual_solar_generation,Solar,2026-07-30T03:20:47Z
2026-07-30T03:19:56Z,2026-07-30T05:19:56+0200,892469bd-1f88-49dd-9e5e-40938c7b963c,2026-07-01T16:15:00Z,2026-07-01T18:15:00+0200,10690.58,MW,FR,FR,actual_solar_generation,Solar,2026-07-30T03:20:47Z
2026-07-30T03:19:56Z,2026-07-30T05:19:56+0200,892469bd-1f88-49dd-9e5e-40938c7b963c,2026-07-01T16:30:00Z,2026-07-01T18:30:00+0200,9742.48,MW,FR,FR,actual_solar_generation,Solar,2026-07-30T03:20:47Z
2026-07-30T03:19:56Z,2026-07-30T05:19:56+0200,892469bd-1f88-49dd-9e5e-40938c7b963c,2026-07-01T16:45:00Z,2026-07-01T18:45:00+0200,8635.53,MW,FR,FR,actual_solar_generation,Solar,2026-07-30T03:20:47Z
2026-07-30T03:19:56Z,2026-07-30T05:19:56+0200,892469bd-1f88-49dd-9e5e-40938c7b963c,2026-07-01T17:00:00Z,2026-07-01T19:00:00+0200,7515.76,MW,FR,FR,actual_solar_generation,Solar,2026-07-30T03:20:47Z
2026-07-30T03:19:56Z,2026-07-30T05:19:56+0200,892469bd-1f88-49dd-9e5e-40938c7b963c,2026-07-01T17:15:00Z,2026-07-01T19:15:00+0200,6404.51,MW,FR,FR,actual_solar_generation,Solar,2026-07-30T03:20:47Z
2026-07-30T03:19:56Z,2026-07-30T05:19:56+0200,892469bd-1f88-49dd-9e5e-40938c7b963c,2026-07-01T17:30:00Z,2026-07-01T19:30:00+0200,5326.25,MW,FR,FR,actual_solar_generation,Solar,2026-07-30T03:20:47Z
2026-07-30T03:19:56Z,2026-07-30T05:19:56+0200,892469bd-1f88-49dd-9e5e-40938c7b963c,2026-07-01T17:45:00Z,2026-07-01T19:45:00+0200,4322.41,MW,FR,FR,actual_solar_generation,Solar,2026-07-30T03:20:47Z
2026-07-30T03:19:56Z,2026-07-30T05:19:56+0200,892469bd-1f88-49dd-9e5e-40938c7b963c,2026-07-01T18:00:00Z,2026-07-01T20:00:00+0200,3302.59,MW,FR,FR,actual_solar_generation,Solar,2026-07-30T03:20:47Z
2026-07-30T03:19:56Z,2026-07-30T05:19:56+0200,892469bd-1f88-49dd-9e5e-40938c7b963c,2026-07-01T18:15:00Z,2026-07-01T20:15:00+0200,2493.75,MW,FR,FR,actual_solar_generation,Solar,2026-07-30T03:20:47Z
2026-07-30T03:19:56Z,2026-07-30T05:19:56+0200,892469bd-1f88-49dd-9e5e-40938c7b963c,2026-07-01T18:30:00Z,2026-07-01T20:30:00+0200,1864.15,MW,FR,FR,actual_solar_generation,Solar,2026-07-30T03:20:47Z
2026-07-30T03:19:56Z,2026-07-30T05:19:56+0200,892469bd-1f88-49dd-9e5e-40938c7b963c,2026-07-01T18:45:00Z,2026-07-01T20:45:00+0200,1346.72,MW,FR,FR,actual_solar_generation,Solar,2026-07-30T03:20:47Z
2026-07-30T03:19:56Z,2026-07-30T05:19:56+0200,892469bd-1f88-49dd-9e5e-40938c7b963c,2026-07-01T19:00:00Z,2026-07-01T21:00:00+0200,933.58,MW,FR,FR,actual_solar_generation,Solar,2026-07-30T03:20:47Z
2026-07-30T03:19:56Z,2026-07-30T05:19:56+0200,892469bd-1f88-49dd-9e5e-40938c7b963c,2026-07-01T19:15:00Z,2026-07-01T21:15:00+0200,604.34,MW,FR,FR,actual_solar_generation,Solar,2026-07-30T03:20:47Z
2026-07-30T03:19:56Z,2026-07-30T05:19:56+0200,892469bd-1f88-49dd-9e5e-40938c7b963c,2026-07-01T19:30:00Z,2026-07-01T21:30:00+0200,391.03,MW,FR,FR,actual_solar_generation,Solar,2026-07-30T03:20:47Z
2026-07-30T03:19:56Z,2026-07-30T05:19:56+0200,892469bd-1f88-49dd-9e5e-40938c7b963c,2026-07-01T19:45:00Z,2026-07-01T21:45:00+0200,293.53,MW,FR,FR,actual_solar_generation,Solar,2026-07-30T03:20:47Z
2026-07-30T03:19:56Z,2026-07-30T05:19:56+0200,892469bd-1f88-49dd-9e5e-40938c7b963c,2026-07-01T20:00:00Z,2026-07-01T22:00:00+0200,237.4,MW,FR,FR,actual_solar_generation,Solar,2026-07-30T03:20:47Z
2026-07-30T03:19:56Z,2026-07-30T05:19:56+0200,892469bd-1f88-49dd-9e5e-40938c7b963c,2026-07-01T20:15:00Z,2026-07-01T22:15:00+0200,219.02,MW,FR,FR,actual_solar_generation,Solar,2026-07-30T03:20:47Z
2026-07-30T03:19:56Z,2026-07-30T05:19:56+0200,892469bd-1f88-49dd-9e5e-40938c7b963c,2026-07-01T20:30:00Z,2026-07-01T22:30:00+0200,216.23,MW,FR,FR,actual_solar_generation,Solar,2026-07-30T03:20:47Z
2026-07-30T03:19:56Z,2026-07-30T05:19:56+0200,892469bd-1f88-49dd-9e5e-40938c7b963c,2026-07-01T20:45:00Z,2026-07-01T22:45:00+0200,217.29,MW,FR,FR,actual_solar_generation,Solar,2026-07-30T03:20:47Z
2026-07-30T03:19:56Z,2026-07-30T05:19:56+0200,892469bd-1f88-49dd-9e5e-40938c7b963c,2026-07-01T21:00:00Z,2026-07-01T23:00:00+0200,217.72,MW,FR,FR,actual_solar_generation,Solar,2026-07-30T03:20:47Z
2026-07-30T03:19:56Z,2026-07-30T05:19:56+0200,892469bd-1f88-49dd-9e5e-40938c7b963c,2026-07-01T21:15:00Z,2026-07-01T23:15:00+0200,218.17,MW,FR,FR,actual_solar_generation,Solar,2026-07-30T03:20:47Z
2026-07-30T03:19:56Z,2026-07-30T05:19:56+0200,892469bd-1f88-49dd-9e5e-40938c7b963c,2026-07-01T21:30:00Z,2026-07-01T23:30:00+0200,222.14,MW,FR,FR,actual_solar_generation,Solar,2026-07-30T03:20:47Z
2026-07-30T03:19:56Z,2026-07-30T05:19:56+0200,892469bd-1f88-49dd-9e5e-40938c7b963c,2026-07-01T21:45:00Z,2026-07-01T23:45:00+0200,217.27,MW,FR,FR,actual_solar_generation,Solar,2026-07-30T03:20:47Z
2026-07-30T03:19:56Z,2026-07-30T05:19:56+0200,892469bd-1f88-49dd-9e5e-40938c7b963c,2026-07-01T22:00:00Z,2026-07-02T00:00:00+0200,0.0,MW,FR,FR,actual_solar_generation,Solar,2026-07-30T03:20:47Z
2026-07-30T03:19:56Z,2026-07-30T05:19:56+0200,892469bd-1f88-49dd-9e5e-40938c7b963c,2026-07-01T22:15:00Z,2026-07-02T00:15:00+0200,0.0,MW,FR,FR,actual_solar_generation,Solar,2026-07-30T03:20:47Z
2026-07-30T03:19:56Z,2026-07-30T05:19:56+0200,892469bd-1f88-49dd-9e5e-40938c7b963c,2026-07-01T22:30:00Z,2026-07-02T00:30:00+0200,0.0,MW,FR,FR,actual_solar_generation,Solar,2026-07-30T03:20:47Z
2026-07-30T03:19:56Z,2026-07-30T05:19:56+0200,892469bd-1f88-49dd-9e5e-40938c7b963c,2026-07-01T22:45:00Z,2026-07-02T00:45:00+0200,0.0,MW,FR,FR,actual_solar_generation,Solar,2026-07-30T03:20:47Z
2026-07-30T03:19:56Z,2026-07-30T05:19:56+0200,892469bd-1f88-49dd-9e5e-40938c7b963c,2026-07-01T23:00:00Z,2026-07-02T01:00:00+0200,0.0,MW,FR,FR,actual_solar_generation,Solar,2026-07-30T03:20:47Z
2026-07-30T03:19:56Z,2026-07-30T05:19:56+0200,892469bd-1f88-49dd-9e5e-40938c7b963c,2026-07-01T23:15:00Z,2026-07-02T01:15:00+0200,0.0,MW,FR,FR,actual_solar_generation,Solar,2026-07-30T03:20:47Z
2026-07-30T03:19:56Z,2026-07-30T05:19:56+0200,892469bd-1f88-49dd-9e5e-40938c7b963c,2026-07-01T23:30:00Z,2026-07-02T01:30:00+0200,0.0,MW,FR,FR,actual_solar_generation,Solar,2026-07-30T03:20:47Z
2026-07-30T03:19:56Z,2026-07-30T05:19:56+0200,892469bd-1f88-49dd-9e5e-40938c7b963c,2026-07-01T23:45:00Z,2026-07-02T01:45:00+0200,0.0,MW,FR,FR,actual_solar_generation,Solar,2026-07-30T03:20:47Z
2026-07-30T03:19:56Z,2026-07-30T05:19:56+0200,892469bd-1f88-49dd-9e5e-40938c7b963c,2026-07-02T00:00:00Z,2026-07-02T02:00:00+0200,0.0,MW,FR,FR,actual_solar_generation,Solar,2026-07-30T03:20:47Z
2026-07-30T03:19:56Z,2026-07-30T05:19:56+0200,892469bd-1f88-49dd-9e5e-40938c7b963c,2026-07-02T00:15:00Z,2026-07-02T02:15:00+0200,0.0,MW,FR,FR,actual_solar_generation,Solar,2026-07-30T03:20:47Z
2026-07-30T03:19:56Z,2026-07-30T05:19:56+0200,892469bd-1f88-49dd-9e5e-40938c7b963c,2026-07-02T00:30:00Z,2026-07-02T02:30:00+0200,0.0,MW,FR,FR,actual_solar_generation,Solar,2026-07-30T03:20:47Z
2026-07-30T03:19:56Z,2026-07-30T05:19:56+0200,892469bd-1f88-49dd-9e5e-40938c7b963c,2026-07-02T00:45:00Z,2026-07-02T02:45:00+0200,0.0,MW,FR,FR,actual_solar_generation,Solar,2026-07-30T03:20:47Z
2026-07-30T03:19:56Z,2026-07-30T05:19:56+0200,892469bd-1f88-49dd-9e5e-40938c7b963c,2026-07-02T01:00:00Z,2026-07-02T03:00:00+0200,0.0,MW,FR,FR,actual_solar_generation,Solar,2026-07-30T03:20:47Z
2026-07-30T03:19:56Z,2026-07-30T05:19:56+0200,892469bd-1f88-49dd-9e5e-40938c7b963c,2026-07-02T01:15:00Z,2026-07-02T03:15:00+0200,0.0,MW,FR,FR,actual_solar_generation,Solar,2026-07-30T03:20:47Z
2026-07-30T03:19:56Z,2026-07-30T05:19:56+0200,892469bd-1f88-49dd-9e5e-40938c7b963c,2026-07-02T01:30:00Z,2026-07-02T03:30:00+0200,0.0,MW,FR,FR,actual_solar_generation,Solar,2026-07-30T03:20:47Z
2026-07-30T03:19:56Z,2026-07-30T05:19:56+0200,892469bd-1f88-49dd-9e5e-40938c7b963c,2026-07-02T01:45:00Z,2026-07-02T03:45:00+0200,0.0,MW,FR,FR,actual_solar_generation,Solar,2026-07-30T03:20:47Z
2026-07-30T03:19:56Z,2026-07-30T05:19:56+0200,892469bd-1f88-49dd-9e5e-40938c7b963c,2026-07-02T02:00:00Z,2026-07-02T04:00:00+0200,0.0,MW,FR,FR,actual_solar_generation,Solar,2026-07-30T03:20:47Z
2026-07-30T03:19:56Z,2026-07-30T05:19:56+0200,892469bd-1f88-49dd-9e5e-40938c7b963c,2026-07-02T02:15:00Z,2026-07-02T04:15:00+0200,0.0,MW,FR,FR,actual_solar_generation,Solar,2026-07-30T03:20:47Z
2026-07-30T03:19:56Z,2026-07-30T05:19:56+0200,892469bd-1f88-49dd-9e5e-40938c7b963c,2026-07-02T02:30:00Z,2026-07-02T04:30:00+0200,0.0,MW,FR,FR,actual_solar_generation,Solar,2026-07-30T03:20:47Z
2026-07-30T03:19:56Z,2026-07-30T05:19:56+0200,892469bd-1f88-49dd-9e5e-40938c7b963c,2026-07-02T02:45:00Z,2026-07-02T04:45:00+0200,0.0,MW,FR,FR,actual_solar_generation,Solar,2026-07-30T03:20:47Z
2026-07-30T03:19:56Z,2026-07-30T05:19:56+0200,892469bd-1f88-49dd-9e5e-40938c7b963c,2026-07-02T03:00:00Z,2026-07-02T05:00:00+0200,249.95,MW,FR,FR,actual_solar_generation,Solar,2026-07-30T03:20:47Z
2026-07-30T03:19:56Z,2026-07-30T05:19:56+0200,892469bd-1f88-49dd-9e5e-40938c7b963c,2026-07-02T03:15:00Z,2026-07-02T05:15:00+0200,253.45,MW,FR,FR,actual_solar_generation,Solar,2026-07-30T03:20:47Z
2026-07-30T03:19:56Z,2026-07-30T05:19:56+0200,892469bd-1f88-49dd-9e5e-40938c7b963c,2026-07-02T03:30:00Z,2026-07-02T05:30:00+0200,256.2,MW,FR,FR,actual_solar_generation,Solar,2026-07-30T03:20:47Z
2026-07-30T03:19:56Z,2026-07-30T05:19:56+0200,892469bd-1f88-49dd-9e5e-40938c7b963c,2026-07-02T03:45:00Z,2026-07-02T05:45:00+0200,285.92,MW,FR,FR,actual_solar_generation,Solar,2026-07-30T03:20:47Z
2026-07-30T03:19:56Z,2026-07-30T05:19:56+0200,892469bd-1f88-49dd-9e5e-40938c7b963c,2026-07-02T04:00:00Z,2026-07-02T06:00:00+0200,346.42,MW,FR,FR,actual_solar_generation,Solar,2026-07-30T03:20:47Z
2026-07-30T03:19:56Z,2026-07-30T05:19:56+0200,892469bd-1f88-49dd-9e5e-40938c7b963c,2026-07-02T04:15:00Z,2026-07-02T06:15:00+0200,422.51,MW,FR,FR,actual_solar_generation,Solar,2026-07-30T03:20:47Z
2026-07-30T03:19:56Z,2026-07-30T05:19:56+0200,892469bd-1f88-49dd-9e5e-40938c7b963c,2026-07-02T04:30:00Z,2026-07-02T06:30:00+0200,586.18,MW,FR,FR,actual_solar_generation,Solar,2026-07-30T03:20:47Z
2026-07-30T03:19:56Z,2026-07-30T05:19:56+0200,892469bd-1f88-49dd-9e5e-40938c7b963c,2026-07-02T04:45:00Z,2026-07-02T06:45:00+0200,867.74,MW,FR,FR,actual_solar_generation,Solar,2026-07-30T03:20:47Z
2026-07-30T03:19:56Z,2026-07-30T05:19:56+0200,892469bd-1f88-49dd-9e5e-40938c7b963c,2026-07-02T05:00:00Z,2026-07-02T07:00:00+0200,1272.26,MW,FR,FR,actual_solar_generation,Solar,2026-07-30T03:20:47Z
2026-07-30T03:19:56Z,2026-07-30T05:19:56+0200,892469bd-1f88-49dd-9e5e-40938c7b963c,2026-07-02T05:15:00Z,2026-07-02T07:15:00+0200,1772.66,MW,FR,FR,actual_solar_generation,Solar,2026-07-30T03:20:47Z
2026-07-30T03:19:56Z,2026-07-30T05:19:56+0200,892469bd-1f88-49dd-9e5e-40938c7b963c,2026-07-02T05:30:00Z,2026-07-02T07:30:00+0200,2416.08,MW,FR,FR,actual_solar_generation,Solar,2026-07-30T03:20:47Z
2026-07-30T03:19:56Z,2026-07-30T05:19:56+0200,892469bd-1f88-49dd-9e5e-40938c7b963c,2026-07-02T05:45:00Z,2026-07-02T07:45:00+0200,3244.61,MW,FR,FR,actual_solar_generation,Solar,2026-07-30T03:20:47Z
2026-07-30T03:19:56Z,2026-07-30T05:19:56+0200,892469bd-1f88-49dd-9e5e-40938c7b963c,2026-07-02T06:00:00Z,2026-07-02T08:00:00+0200,4076.08,MW,FR,FR,actual_solar_generation,Solar,2026-07-30T03:20:47Z
2026-07-30T03:19:56Z,2026-07-30T05:19:56+0200,892469bd-1f88-49dd-9e5e-40938c7b963c,2026-07-02T06:15:00Z,2026-07-02T08:15:00+0200,5177.61,MW,FR,FR,actual_solar_generation,Solar,2026-07-30T03:20:47Z
2026-07-30T03:19:56Z,2026-07-30T05:19:56+0200,892469bd-1f88-49dd-9e5e-40938c7b963c,2026-07-02T06:30:00Z,2026-07-02T08:30:00+0200,6278.98,MW,FR,FR,actual_solar_generation,Solar,2026-07-30T03:20:47Z
2026-07-30T03:19:56Z,2026-07-30T05:19:56+0200,892469bd-1f88-49dd-9e5e-40938c7b963c,2026-07-02T06:45:00Z,2026-07-02T08:45:00+0200,7354.61,MW,FR,FR,actual_solar_generation,Solar,2026-07-30T03:20:47Z
2026-07-30T03:19:56Z,2026-07-30T05:19:56+0200,892469bd-1f88-49dd-9e5e-40938c7b963c,2026-07-02T07:00:00Z,2026-07-02T09:00:00+0200,8540.25,MW,FR,FR,actual_solar_generation,Solar,2026-07-30T03:20:47Z
2026-07-30T03:19:56Z,2026-07-30T05:19:56+0200,892469bd-1f88-49dd-9e5e-40938c7b963c,2026-07-02T07:15:00Z,2026-07-02T09:15:00+0200,9647.78,MW,FR,FR,actual_solar_generation,Solar,2026-07-30T03:20:47Z
2026-07-30T03:19:56Z,2026-07-30T05:19:56+0200,892469bd-1f88-49dd-9e5e-40938c7b963c,2026-07-02T07:30:00Z,2026-07-02T09:30:00+0200,10705.62,MW,FR,FR,actual_solar_generation,Solar,2026-07-30T03:20:47Z
2026-07-30T03:19:56Z,2026-07-30T05:19:56+0200,892469bd-1f88-49dd-9e5e-40938c7b963c,2026-07-02T07:45:00Z,2026-07-02T09:45:00+0200,11656.81,MW,FR,FR,actual_solar_generation,Solar,2026-07-30T03:20:47Z
2026-07-30T03:19:56Z,2026-07-30T05:19:56+0200,892469bd-1f88-49dd-9e5e-40938c7b963c,2026-07-02T08:00:00Z,2026-07-02T10:00:00+0200,12566.98,MW,FR,FR,actual_solar_generation,Solar,2026-07-30T03:20:47Z
2026-07-30T03:19:56Z,2026-07-30T05:19:56+0200,892469bd-1f88-49dd-9e5e-40938c7b963c,2026-07-02T08:15:00Z,2026-07-02T10:15:00+0200,13420.28,MW,FR,FR,actual_solar_generation,Solar,2026-07-30T03:20:47Z
2026-07-30T03:19:56Z,2026-07-30T05:19:56+0200,892469bd-1f88-49dd-9e5e-40938c7b963c,2026-07-02T08:30:00Z,2026-07-02T10:30:00+0200,14145.58,MW,FR,FR,actual_solar_generation,Solar,2026-07-30T03:20:47Z
2026-07-30T03:19:56Z,2026-07-30T05:19:56+0200,892469bd-1f88-49dd-9e5e-40938c7b963c,2026-07-02T08:45:00Z,2026-07-02T10:45:00+0200,14971.69,MW,FR,FR,actual_solar_generation,Solar,2026-07-30T03:20:47Z
2026-07-30T03:19:56Z,2026-07-30T05:19:56+0200,892469bd-1f88-49dd-9e5e-40938c7b963c,2026-07-02T09:00:00Z,2026-07-02T11:00:00+0200,14039.23,MW,FR,FR,actual_solar_generation,Solar,2026-07-30T03:20:47Z
2026-07-30T03:19:56Z,2026-07-30T05:19:56+0200,892469bd-1f88-49dd-9e5e-40938c7b963c,2026-07-02T09:15:00Z,2026-07-02T11:15:00+0200,12107.43,MW,FR,FR,actual_solar_generation,Solar,2026-07-30T03:20:47Z
2026-07-30T03:19:56Z,2026-07-30T05:19:56+0200,892469bd-1f88-49dd-9e5e-40938c7b963c,2026-07-02T09:30:00Z,2026-07-02T11:30:00+0200,12283.86,MW,FR,FR,actual_solar_generation,Solar,2026-07-30T03:20:47Z
2026-07-30T03:19:56Z,2026-07-30T05:19:56+0200,892469bd-1f88-49dd-9e5e-40938c7b963c,2026-07-02T09:45:00Z,2026-07-02T11:45:00+0200,13611.5,MW,FR,FR,actual_solar_generation,Solar,2026-07-30T03:20:47Z
2026-07-30T03:19:56Z,2026-07-30T05:19:56+0200,892469bd-1f88-49dd-9e5e-40938c7b963c,2026-07-02T10:00:00Z,2026-07-02T12:00:00+0200,13888.5,MW,FR,FR,actual_solar_generation,Solar,2026-07-30T03:20:47Z
2026-07-30T03:19:56Z,2026-07-30T05:19:56+0200,892469bd-1f88-49dd-9e5e-40938c7b963c,2026-07-02T10:15:00Z,2026-07-02T12:15:00+0200,14148.11,MW,FR,FR,actual_solar_generation,Solar,2026-07-30T03:20:47Z
2026-07-30T03:19:56Z,2026-07-30T05:19:56+0200,892469bd-1f88-49dd-9e5e-40938c7b963c,2026-07-02T10:30:00Z,2026-07-02T12:30:00+0200,14382.76,MW,FR,FR,actual_solar_generation,Solar,2026-07-30T03:20:47Z
2026-07-30T03:19:56Z,2026-07-30T05:19:56+0200,892469bd-1f88-49dd-9e5e-40938c7b963c,2026-07-02T10:45:00Z,2026-07-02T12:45:00+0200,14657.34,MW,FR,FR,actual_solar_generation,Solar,2026-07-30T03:20:47Z
2026-07-30T03:19:56Z,2026-07-30T05:19:56+0200,892469bd-1f88-49dd-9e5e-40938c7b963c,2026-07-02T11:00:00Z,2026-07-02T13:00:00+0200,14865.28,MW,FR,FR,actual_solar_generation,Solar,2026-07-30T03:20:47Z
2026-07-30T03:19:56Z,2026-07-30T05:19:56+0200,892469bd-1f88-49dd-9e5e-40938c7b963c,2026-07-02T11:15:00Z,2026-07-02T13:15:00+0200,14855.54,MW,FR,FR,actual_solar_generation,Solar,2026-07-30T03:20:47Z
2026-07-30T03:19:56Z,2026-07-30T05:19:56+0200,892469bd-1f88-49dd-9e5e-40938c7b963c,2026-07-02T11:30:00Z,2026-07-02T13:30:00+0200,14752.56,MW,FR,FR,actual_solar_generation,Solar,2026-07-30T03:20:47Z
2026-07-30T03:19:56Z,2026-07-30T05:19:56+0200,892469bd-1f88-49dd-9e5e-40938c7b963c,2026-07-02T11:45:00Z,2026-07-02T13:45:00+0200,14795.84,MW,FR,FR,actual_solar_generation,Solar,2026-07-30T03:20:47Z
2026-07-30T03:19:56Z,2026-07-30T05:19:56+0200,892469bd-1f88-49dd-9e5e-40938c7b963c,2026-07-02T12:00:00Z,2026-07-02T14:00:00+0200,14700.6,MW,FR,FR,actual_solar_generation,Solar,2026-07-30T03:20:47Z
2026-07-30T03:19:56Z,2026-07-30T05:19:56+0200,892469bd-1f88-49dd-9e5e-40938c7b963c,2026-07-02T12:15:00Z,2026-07-02T14:15:00+0200,14650.12,MW,FR,FR,actual_solar_generation,Solar,2026-07-30T03:20:47Z
2026-07-30T03:19:56Z,2026-07-30T05:19:56+0200,892469bd-1f88-49dd-9e5e-40938c7b963c,2026-07-02T12:30:00Z,2026-07-02T14:30:00+0200,14584.27,MW,FR,FR,actual_solar_generation,Solar,2026-07-30T03:20:47Z
2026-07-30T03:19:56Z,2026-07-30T05:19:56+0200,892469bd-1f88-49dd-9e5e-40938c7b963c,2026-07-02T12:45:00Z,2026-07-02T14:45:00+0200,14506.17,MW,FR,FR,actual_solar_generation,Solar,2026-07-30T03:20:47Z
2026-07-30T03:19:56Z,2026-07-30T05:19:56+0200,892469bd-1f88-49dd-9e5e-40938c7b963c,2026-07-02T13:00:00Z,2026-07-02T15:00:00+0200,14342.51,MW,FR,FR,actual_solar_generation,Solar,2026-07-30T03:20:47Z
2026-07-30T03:19:56Z,2026-07-30T05:19:56+0200,892469bd-1f88-49dd-9e5e-40938c7b963c,2026-07-02T13:15:00Z,2026-07-02T15:15:00+0200,14191.34,MW,FR,FR,actual_solar_generation,Solar,2026-07-30T03:20:47Z
2026-07-30T03:19:56Z,2026-07-30T05:19:56+0200,892469bd-1f88-49dd-9e5e-40938c7b963c,2026-07-02T13:30:00Z,2026-07-02T15:30:00+0200,13967.21,MW,FR,FR,actual_solar_generation,Solar,2026-07-30T03:20:47Z
2026-07-30T03:19:56Z,2026-07-30T05:19:56+0200,892469bd-1f88-49dd-9e5e-40938c7b963c,2026-07-02T13:45:00Z,2026-07-02T15:45:00+0200,13716.13,MW,FR,FR,actual_solar_generation,Solar,2026-07-30T03:20:47Z
2026-07-30T03:19:56Z,2026-07-30T05:19:56+0200,892469bd-1f88-49dd-9e5e-40938c7b963c,2026-07-02T14:00:00Z,2026-07-02T16:00:00+0200,13390.13,MW,FR,FR,actual_solar_generation,Solar,2026-07-30T03:20:47Z
2026-07-30T03:19:56Z,2026-07-30T05:19:56+0200,892469bd-1f88-49dd-9e5e-40938c7b963c,2026-07-02T14:15:00Z,2026-07-02T16:15:00+0200,13132.05,MW,FR,FR,actual_solar_generation,Solar,2026-07-30T03:20:47Z
2026-07-30T03:19:56Z,2026-07-30T05:19:56+0200,892469bd-1f88-49dd-9e5e-40938c7b963c,2026-07-02T14:30:00Z,2026-07-02T16:30:00+0200,12711.83,MW,FR,FR,actual_solar_generation,Solar,2026-07-30T03:20:47Z
2026-07-30T03:19:56Z,2026-07-30T05:19:56+0200,892469bd-1f88-49dd-9e5e-40938c7b963c,2026-07-02T14:45:00Z,2026-07-02T16:45:00+0200,12220.6,MW,FR,FR,actual_solar_generation,Solar,2026-07-30T03:20:47Z
2026-07-30T03:19:56Z,2026-07-30T05:19:56+0200,892469bd-1f88-49dd-9e5e-40938c7b963c,2026-07-02T15:00:00Z,2026-07-02T17:00:00+0200,13311.2,MW,FR,FR,actual_solar_generation,Solar,2026-07-30T03:20:47Z
2026-07-30T03:19:56Z,2026-07-30T05:19:56+0200,892469bd-1f88-49dd-9e5e-40938c7b963c,2026-07-02T15:15:00Z,2026-07-02T17:15:00+0200,13644.12,MW,FR,FR,actual_solar_generation,Solar,2026-07-30T03:20:47Z
2026-07-30T03:19:56Z,2026-07-30T05:19:56+0200,892469bd-1f88-49dd-9e5e-40938c7b963c,2026-07-02T15:30:00Z,2026-07-02T17:30:00+0200,12429.93,MW,FR,FR,actual_solar_generation,Solar,2026-07-30T03:20:47Z
2026-07-30T03:19:56Z,2026-07-30T05:19:56+0200,892469bd-1f88-49dd-9e5e-40938c7b963c,2026-07-02T15:45:00Z,2026-07-02T17:45:00+0200,11593.07,MW,FR,FR,actual_solar_generation,Solar,2026-07-30T03:20:47Z
2026-07-30T03:19:56Z,2026-07-30T05:19:56+0200,892469bd-1f88-49dd-9e5e-40938c7b963c,2026-07-02T16:00:00Z,2026-07-02T18:00:00+0200,10854.64,MW,FR,FR,actual_solar_generation,Solar,2026-07-30T03:20:47Z
2026-07-30T03:19:56Z,2026-07-30T05:19:56+0200,892469bd-1f88-49dd-9e5e-40938c7b963c,2026-07-02T16:15:00Z,2026-07-02T18:15:00+0200,9971.23,MW,FR,FR,actual_solar_generation,Solar,2026-07-30T03:20:47Z
2026-07-30T03:19:56Z,2026-07-30T05:19:56+0200,892469bd-1f88-49dd-9e5e-40938c7b963c,2026-07-02T16:30:00Z,2026-07-02T18:30:00+0200,9053.82,MW,FR,FR,actual_solar_generation,Solar,2026-07-30T03:20:47Z
2026-07-30T03:19:56Z,2026-07-30T05:19:56+0200,892469bd-1f88-49dd-9e5e-40938c7b963c,2026-07-02T16:45:00Z,2026-07-02T18:45:00+0200,8036.5,MW,FR,FR,actual_solar_generation,Solar,2026-07-30T03:20:47Z
2026-07-30T03:19:56Z,2026-07-30T05:19:56+0200,892469bd-1f88-49dd-9e5e-40938c7b963c,2026-07-02T17:00:00Z,2026-07-02T19:00:00+0200,7037.07,MW,FR,FR,actual_solar_generation,Solar,2026-07-30T03:20:47Z
2026-07-30T03:19:56Z,2026-07-30T05:19:56+0200,892469bd-1f88-49dd-9e5e-40938c7b963c,2026-07-02T17:15:00Z,2026-07-02T19:15:00+0200,5998.76,MW,FR,FR,actual_solar_generation,Solar,2026-07-30T03:20:47Z
2026-07-30T03:19:56Z,2026-07-30T05:19:56+0200,892469bd-1f88-49dd-9e5e-40938c7b963c,2026-07-02T17:30:00Z,2026-07-02T19:30:00+0200,4944.81,MW,FR,FR,actual_solar_generation,Solar,2026-07-30T03:20:47Z
2026-07-30T03:19:56Z,2026-07-30T05:19:56+0200,892469bd-1f88-49dd-9e5e-40938c7b963c,2026-07-02T17:45:00Z,2026-07-02T19:45:00+0200,3942.13,MW,FR,FR,actual_solar_generation,Solar,2026-07-30T03:20:47Z
2026-07-30T03:19:56Z,2026-07-30T05:19:56+0200,892469bd-1f88-49dd-9e5e-40938c7b963c,2026-07-02T18:00:00Z,2026-07-02T20:00:00+0200,3057.66,MW,FR,FR,actual_solar_generation,Solar,2026-07-30T03:20:47Z
2026-07-30T03:19:56Z,2026-07-30T05:19:56+0200,892469bd-1f88-49dd-9e5e-40938c7b963c,2026-07-02T18:15:00Z,2026-07-02T20:15:00+0200,2367.36,MW,FR,FR,actual_solar_generation,Solar,2026-07-30T03:20:47Z
2026-07-30T03:19:56Z,2026-07-30T05:19:56+0200,892469bd-1f88-49dd-9e5e-40938c7b963c,2026-07-02T18:30:00Z,2026-07-02T20:30:00+0200,1782.72,MW,FR,FR,actual_solar_generation,Solar,2026-07-30T03:20:47Z
2026-07-30T03:19:56Z,2026-07-30T05:19:56+0200,892469bd-1f88-49dd-9e5e-40938c7b963c,2026-07-02T18:45:00Z,2026-07-02T20:45:00+0200,1314.03,MW,FR,FR,actual_solar_generation,Solar,2026-07-30T03:20:47Z
2026-07-30T03:19:56Z,2026-07-30T05:19:56+0200,892469bd-1f88-49dd-9e5e-40938c7b963c,2026-07-02T19:00:00Z,2026-07-02T21:00:00+0200,933.94,MW,FR,FR,actual_solar_generation,Solar,2026-07-30T03:20:47Z
2026-07-30T03:19:56Z,2026-07-30T05:19:56+0200,892469bd-1f88-49dd-9e5e-40938c7b963c,2026-07-02T19:15:00Z,2026-07-02T21:15:00+0200,611.25,MW,FR,FR,actual_solar_generation,Solar,2026-07-30T03:20:47Z
2026-07-30T03:19:56Z,2026-07-30T05:19:56+0200,892469bd-1f88-49dd-9e5e-40938c7b963c,2026-07-02T19:30:00Z,2026-07-02T21:30:00+0200,397.93,MW,FR,FR,actual_solar_generation,Solar,2026-07-30T03:20:47Z
2026-07-30T03:19:56Z,2026-07-30T05:19:56+0200,892469bd-1f88-49dd-9e5e-40938c7b963c,2026-07-02T19:45:00Z,2026-07-02T21:45:00+0200,299.91,MW,FR,FR,actual_solar_generation,Solar,2026-07-30T03:20:47Z
2026-07-30T03:19:56Z,2026-07-30T05:19:56+0200,892469bd-1f88-49dd-9e5e-40938c7b963c,2026-07-02T20:00:00Z,2026-07-02T22:00:00+0200,261.18,MW,FR,FR,actual_solar_generation,Solar,2026-07-30T03:20:47Z
2026-07-30T03:19:56Z,2026-07-30T05:19:56+0200,892469bd-1f88-49dd-9e5e-40938c7b963c,2026-07-02T20:15:00Z,2026-07-02T22:15:00+0200,251.32,MW,FR,FR,actual_solar_generation,Solar,2026-07-30T03:20:47Z
2026-07-30T03:19:56Z,2026-07-30T05:19:56+0200,892469bd-1f88-49dd-9e5e-40938c7b963c,2026-07-02T20:30:00Z,2026-07-02T22:30:00+0200,256.57,MW,FR,FR,actual_solar_generation,Solar,2026-07-30T03:20:47Z
2026-07-30T03:19:56Z,2026-07-30T05:19:56+0200,892469bd-1f88-49dd-9e5e-40938c7b963c,2026-07-02T20:45:00Z,2026-07-02T22:45:00+0200,247.35,MW,FR,FR,actual_solar_generation,Solar,2026-07-30T03:20:47Z
2026-07-30T03:19:56Z,2026-07-30T05:19:56+0200,892469bd-1f88-49dd-9e5e-40938c7b963c,2026-07-02T21:00:00Z,2026-07-02T23:00:00+0200,247.99,MW,FR,FR,actual_solar_generation,Solar,2026-07-30T03:20:47Z
2026-07-30T03:19:56Z,2026-07-30T05:19:56+0200,892469bd-1f88-49dd-9e5e-40938c7b963c,2026-07-02T21:15:00Z,2026-07-02T23:15:00+0200,227.93,MW,FR,FR,actual_solar_generation,Solar,2026-07-30T03:20:47Z
2026-07-30T03:19:56Z,2026-07-30T05:19:56+0200,892469bd-1f88-49dd-9e5e-40938c7b963c,2026-07-02T21:30:00Z,2026-07-02T23:30:00+0200,208.5,MW,FR,FR,actual_solar_generation,Solar,2026-07-30T03:20:47Z
2026-07-30T03:19:56Z,2026-07-30T05:19:56+0200,892469bd-1f88-49dd-9e5e-40938c7b963c,2026-07-02T21:45:00Z,2026-07-02T23:45:00+0200,204.4,MW,FR,FR,actual_solar_generation,Solar,2026-07-30T03:20:47Z
2026-07-30T03:19:56Z,2026-07-30T05:19:56+0200,892469bd-1f88-49dd-9e5e-40938c7b963c,2026-07-02T22:00:00Z,2026-07-03T00:00:00+0200,0.0,MW,FR,FR,actual_solar_generation,Solar,2026-07-30T03:20:47Z
2026-07-30T03:19:56Z,2026-07-30T05:19:56+0200,892469bd-1f88-49dd-9e5e-40938c7b963c,2026-07-02T22:15:00Z,2026-07-03T00:15:00+0200,0.0,MW,FR,FR,actual_solar_generation,Solar,2026-07-30T03:20:47Z
2026-07-30T03:19:56Z,2026-07-30T05:19:56+0200,892469bd-1f88-49dd-9e5e-40938c7b963c,2026-07-02T22:30:00Z,2026-07-03T00:30:00+0200,0.0,MW,FR,FR,actual_solar_generation,Solar,2026-07-30T03:20:47Z
2026-07-30T03:19:56Z,2026-07-30T05:19:56+0200,892469bd-1f88-49dd-9e5e-40938c7b963c,2026-07-02T22:45:00Z,2026-07-03T00:45:00+0200,0.0,MW,FR,FR,actual_solar_generation,Solar,2026-07-30T03:20:47Z
2026-07-30T03:19:56Z,2026-07-30T05:19:56+0200,892469bd-1f88-49dd-9e5e-40938c7b963c,2026-07-02T23:00:00Z,2026-07-03T01:00:00+0200,0.0,MW,FR,FR,actual_solar_generation,Solar,2026-07-30T03:20:47Z
2026-07-30T03:19:56Z,2026-07-30T05:19:56+0200,892469bd-1f88-49dd-9e5e-40938c7b963c,2026-07-02T23:15:00Z,2026-07-03T01:15:00+0200,0.0,MW,FR,FR,actual_solar_generation,Solar,2026-07-30T03:20:47Z
2026-07-30T03:19:56Z,2026-07-30T05:19:56+0200,892469bd-1f88-49dd-9e5e-40938c7b963c,2026-07-02T23:30:00Z,2026-07-03T01:30:00+0200,0.0,MW,FR,FR,actual_solar_generation,Solar,2026-07-30T03:20:47Z
2026-07-30T03:19:56Z,2026-07-30T05:19:56+0200,892469bd-1f88-49dd-9e5e-40938c7b963c,2026-07-02T23:45:00Z,2026-07-03T01:45:00+0200,0.0,MW,FR,FR,actual_solar_generation,Solar,2026-07-30T03:20:47Z
2026-07-30T03:19:56Z,2026-07-30T05:19:56+0200,892469bd-1f88-49dd-9e5e-40938c7b963c,2026-07-03T00:00:00Z,2026-07-03T02:00:00+0200,0.0,MW,FR,FR,actual_solar_generation,Solar,2026-07-30T03:20:47Z
2026-07-30T03:19:56Z,2026-07-30T05:19:56+0200,892469bd-1f88-49dd-9e5e-40938c7b963c,2026-07-03T00:15:00Z,2026-07-03T02:15:00+0200,0.0,MW,FR,FR,actual_solar_generation,Solar,2026-07-30T03:20:47Z
2026-07-30T03:19:56Z,2026-07-30T05:19:56+0200,892469bd-1f88-49dd-9e5e-40938c7b963c,2026-07-03T00:30:00Z,2026-07-03T02:30:00+0200,0.0,MW,FR,FR,actual_solar_generation,Solar,2026-07-30T03:20:47Z
2026-07-30T03:19:56Z,2026-07-30T05:19:56+0200,892469bd-1f88-49dd-9e5e-40938c7b963c,2026-07-03T00:45:00Z,2026-07-03T02:45:00+0200,0.0,MW,FR,FR,actual_solar_generation,Solar,2026-07-30T03:20:47Z
2026-07-30T03:19:56Z,2026-07-30T05:19:56+0200,892469bd-1f88-49dd-9e5e-40938c7b963c,2026-07-03T01:00:00Z,2026-07-03T03:00:00+0200,0.0,MW,FR,FR,actual_solar_generation,Solar,2026-07-30T03:20:47Z
2026-07-30T03:19:56Z,2026-07-30T05:19:56+0200,892469bd-1f88-49dd-9e5e-40938c7b963c,2026-07-03T01:15:00Z,2026-07-03T03:15:00+0200,0.0,MW,FR,FR,actual_solar_generation,Solar,2026-07-30T03:20:47Z
2026-07-30T03:19:56Z,2026-07-30T05:19:56+0200,892469bd-1f88-49dd-9e5e-40938c7b963c,2026-07-03T01:30:00Z,2026-07-03T03:30:00+0200,0.0,MW,FR,FR,actual_solar_generation,Solar,2026-07-30T03:20:47Z
2026-07-30T03:19:56Z,2026-07-30T05:19:56+0200,892469bd-1f88-49dd-9e5e-40938c7b963c,2026-07-03T01:45:00Z,2026-07-03T03:45:00+0200,0.0,MW,FR,FR,actual_solar_generation,Solar,2026-07-30T03:20:47Z
2026-07-30T03:19:56Z,2026-07-30T05:19:56+0200,892469bd-1f88-49dd-9e5e-40938c7b963c,2026-07-03T02:00:00Z,2026-07-03T04:00:00+0200,0.0,MW,FR,FR,actual_solar_generation,Solar,2026-07-30T03:20:47Z
2026-07-30T03:19:56Z,2026-07-30T05:19:56+0200,892469bd-1f88-49dd-9e5e-40938c7b963c,2026-07-03T02:15:00Z,2026-07-03T04:15:00+0200,0.0,MW,FR,FR,actual_solar_generation,Solar,2026-07-30T03:20:47Z
2026-07-30T03:19:56Z,2026-07-30T05:19:56+0200,892469bd-1f88-49dd-9e5e-40938c7b963c,2026-07-03T02:30:00Z,2026-07-03T04:30:00+0200,0.0,MW,FR,FR,actual_solar_generation,Solar,2026-07-30T03:20:47Z
2026-07-30T03:19:56Z,2026-07-30T05:19:56+0200,892469bd-1f88-49dd-9e5e-40938c7b963c,2026-07-03T02:45:00Z,2026-07-03T04:45:00+0200,0.0,MW,FR,FR,actual_solar_generation,Solar,2026-07-30T03:20:47Z
2026-07-30T03:19:56Z,2026-07-30T05:19:56+0200,892469bd-1f88-49dd-9e5e-40938c7b963c,2026-07-03T03:00:00Z,2026-07-03T05:00:00+0200,246.43,MW,FR,FR,actual_solar_generation,Solar,2026-07-30T03:20:47Z
2026-07-30T03:19:56Z,2026-07-30T05:19:56+0200,892469bd-1f88-49dd-9e5e-40938c7b963c,2026-07-03T03:15:00Z,2026-07-03T05:15:00+0200,237.7,MW,FR,FR,actual_solar_generation,Solar,2026-07-30T03:20:47Z
2026-07-30T03:19:56Z,2026-07-30T05:19:56+0200,892469bd-1f88-49dd-9e5e-40938c7b963c,2026-07-03T03:30:00Z,2026-07-03T05:30:00+0200,240.97,MW,FR,FR,actual_solar_generation,Solar,2026-07-30T03:20:47Z
2026-07-30T03:19:56Z,2026-07-30T05:19:56+0200,892469bd-1f88-49dd-9e5e-40938c7b963c,2026-07-03T03:45:00Z,2026-07-03T05:45:00+0200,264.98,MW,FR,FR,actual_solar_generation,Solar,2026-07-30T03:20:47Z
2026-07-30T03:19:56Z,2026-07-30T05:19:56+0200,892469bd-1f88-49dd-9e5e-40938c7b963c,2026-07-03T04:00:00Z,2026-07-03T06:00:00+0200,321.88,MW,FR,FR,actual_solar_generation,Solar,2026-07-30T03:20:47Z
2026-07-30T03:19:56Z,2026-07-30T05:19:56+0200,892469bd-1f88-49dd-9e5e-40938c7b963c,2026-07-03T04:15:00Z,2026-07-03T06:15:00+0200,402.06,MW,FR,FR,actual_solar_generation,Solar,2026-07-30T03:20:47Z
2026-07-30T03:19:56Z,2026-07-30T05:19:56+0200,892469bd-1f88-49dd-9e5e-40938c7b963c,2026-07-03T04:30:00Z,2026-07-03T06:30:00+0200,555.26,MW,FR,FR,actual_solar_generation,Solar,2026-07-30T03:20:47Z
2026-07-30T03:19:56Z,2026-07-30T05:19:56+0200,892469bd-1f88-49dd-9e5e-40938c7b963c,2026-07-03T04:45:00Z,2026-07-03T06:45:00+0200,846.2,MW,FR,FR,actual_solar_generation,Solar,2026-07-30T03:20:47Z
2026-07-30T03:19:56Z,2026-07-30T05:19:56+0200,892469bd-1f88-49dd-9e5e-40938c7b963c,2026-07-03T05:00:00Z,2026-07-03T07:00:00+0200,1231.16,MW,FR,FR,actual_solar_generation,Solar,2026-07-30T03:20:47Z
2026-07-30T03:19:56Z,2026-07-30T05:19:56+0200,892469bd-1f88-49dd-9e5e-40938c7b963c,2026-07-03T05:15:00Z,2026-07-03T07:15:00+0200,1722.26,MW,FR,FR,actual_solar_generation,Solar,2026-07-30T03:20:47Z
2026-07-30T03:19:56Z,2026-07-30T05:19:56+0200,892469bd-1f88-49dd-9e5e-40938c7b963c,2026-07-03T05:30:00Z,2026-07-03T07:30:00+0200,2358.85,MW,FR,FR,actual_solar_generation,Solar,2026-07-30T03:20:47Z
2026-07-30T03:19:56Z,2026-07-30T05:19:56+0200,892469bd-1f88-49dd-9e5e-40938c7b963c,2026-07-03T05:45:00Z,2026-07-03T07:45:00+0200,3106.91,MW,FR,FR,actual_solar_generation,Solar,2026-07-30T03:20:47Z
2026-07-30T03:19:56Z,2026-07-30T05:19:56+0200,892469bd-1f88-49dd-9e5e-40938c7b963c,2026-07-03T06:00:00Z,2026-07-03T08:00:00+0200,3874.68,MW,FR,FR,actual_solar_generation,Solar,2026-07-30T03:20:47Z
2026-07-30T03:19:56Z,2026-07-30T05:19:56+0200,892469bd-1f88-49dd-9e5e-40938c7b963c,2026-07-03T06:15:00Z,2026-07-03T08:15:00+0200,4837.5,MW,FR,FR,actual_solar_generation,Solar,2026-07-30T03:20:47Z
2026-07-30T03:19:56Z,2026-07-30T05:19:56+0200,892469bd-1f88-49dd-9e5e-40938c7b963c,2026-07-03T06:30:00Z,2026-07-03T08:30:00+0200,5828.49,MW,FR,FR,actual_solar_generation,Solar,2026-07-30T03:20:47Z
2026-07-30T03:19:56Z,2026-07-30T05:19:56+0200,892469bd-1f88-49dd-9e5e-40938c7b963c,2026-07-03T06:45:00Z,2026-07-03T08:45:00+0200,6883.84,MW,FR,FR,actual_solar_generation,Solar,2026-07-30T03:20:47Z
2026-07-30T03:19:56Z,2026-07-30T05:19:56+0200,892469bd-1f88-49dd-9e5e-40938c7b963c,2026-07-03T07:00:00Z,2026-07-03T09:00:00+0200,7984.05,MW,FR,FR,actual_solar_generation,Solar,2026-07-30T03:20:47Z
2026-07-30T03:19:56Z,2026-07-30T05:19:56+0200,892469bd-1f88-49dd-9e5e-40938c7b963c,2026-07-03T07:15:00Z,2026-07-03T09:15:00+0200,9210.38,MW,FR,FR,actual_solar_generation,Solar,2026-07-30T03:20:47Z
2026-07-30T03:19:56Z,2026-07-30T05:19:56+0200,892469bd-1f88-49dd-9e5e-40938c7b963c,2026-07-03T07:30:00Z,2026-07-03T09:30:00+0200,10397.53,MW,FR,FR,actual_solar_generation,Solar,2026-07-30T03:20:47Z
2026-07-30T03:19:56Z,2026-07-30T05:19:56+0200,892469bd-1f88-49dd-9e5e-40938c7b963c,2026-07-03T07:45:00Z,2026-07-03T09:45:00+0200,11475.69,MW,FR,FR,actual_solar_generation,Solar,2026-07-30T03:20:47Z
2026-07-30T03:19:56Z,2026-07-30T05:19:56+0200,892469bd-1f88-49dd-9e5e-40938c7b963c,2026-07-03T08:00:00Z,2026-07-03T10:00:00+0200,12591.11,MW,FR,FR,actual_solar_generation,Solar,2026-07-30T03:20:47Z
2026-07-30T03:19:56Z,2026-07-30T05:19:56+0200,892469bd-1f88-49dd-9e5e-40938c7b963c,2026-07-03T08:15:00Z,2026-07-03T10:15:00+0200,13531.73,MW,FR,FR,actual_solar_generation,Solar,2026-07-30T03:20:47Z
2026-07-30T03:19:56Z,2026-07-30T05:19:56+0200,892469bd-1f88-49dd-9e5e-40938c7b963c,2026-07-03T08:30:00Z,2026-07-03T10:30:00+0200,14254.34,MW,FR,FR,actual_solar_generation,Solar,2026-07-30T03:20:47Z
2026-07-30T03:19:56Z,2026-07-30T05:19:56+0200,892469bd-1f88-49dd-9e5e-40938c7b963c,2026-07-03T08:45:00Z,2026-07-03T10:45:00+0200,14824.58,MW,FR,FR,actual_solar_generation,Solar,2026-07-30T03:20:47Z
2026-07-30T03:19:56Z,2026-07-30T05:19:56+0200,892469bd-1f88-49dd-9e5e-40938c7b963c,2026-07-03T09:00:00Z,2026-07-03T11:00:00+0200,16292.62,MW,FR,FR,actual_solar_generation,Solar,2026-07-30T03:20:47Z
2026-07-30T03:19:56Z,2026-07-30T05:19:56+0200,892469bd-1f88-49dd-9e5e-40938c7b963c,2026-07-03T09:15:00Z,2026-07-03T11:15:00+0200,17023.99,MW,FR,FR,actual_solar_generation,Solar,2026-07-30T03:20:47Z
2026-07-30T03:19:56Z,2026-07-30T05:19:56+0200,892469bd-1f88-49dd-9e5e-40938c7b963c,2026-07-03T09:30:00Z,2026-07-03T11:30:00+0200,17684.62,MW,FR,FR,actual_solar_generation,Solar,2026-07-30T03:20:47Z
2026-07-30T03:19:56Z,2026-07-30T05:19:56+0200,892469bd-1f88-49dd-9e5e-40938c7b963c,2026-07-03T09:45:00Z,2026-07-03T11:45:00+0200,16791.35,MW,FR,FR,actual_solar_generation,Solar,2026-07-30T03:20:47Z
2026-07-30T03:19:56Z,2026-07-30T05:19:56+0200,892469bd-1f88-49dd-9e5e-40938c7b963c,2026-07-03T10:00:00Z,2026-07-03T12:00:00+0200,14625.94,MW,FR,FR,actual_solar_generation,Solar,2026-07-30T03:20:47Z
2026-07-30T03:19:56Z,2026-07-30T05:19:56+0200,892469bd-1f88-49dd-9e5e-40938c7b963c,2026-07-03T10:15:00Z,2026-07-03T12:15:00+0200,14892.71,MW,FR,FR,actual_solar_generation,Solar,2026-07-30T03:20:47Z
2026-07-30T03:19:56Z,2026-07-30T05:19:56+0200,892469bd-1f88-49dd-9e5e-40938c7b963c,2026-07-03T10:30:00Z,2026-07-03T12:30:00+0200,14851.42,MW,FR,FR,actual_solar_generation,Solar,2026-07-30T03:20:47Z
2026-07-30T03:19:56Z,2026-07-30T05:19:56+0200,892469bd-1f88-49dd-9e5e-40938c7b963c,2026-07-03T10:45:00Z,2026-07-03T12:45:00+0200,15029.38,MW,FR,FR,actual_solar_generation,Solar,2026-07-30T03:20:47Z
2026-07-30T03:19:56Z,2026-07-30T05:19:56+0200,892469bd-1f88-49dd-9e5e-40938c7b963c,2026-07-03T11:00:00Z,2026-07-03T13:00:00+0200,15128.17,MW,FR,FR,actual_solar_generation,Solar,2026-07-30T03:20:47Z
2026-07-30T03:19:56Z,2026-07-30T05:19:56+0200,892469bd-1f88-49dd-9e5e-40938c7b963c,2026-07-03T11:15:00Z,2026-07-03T13:15:00+0200,15022.76,MW,FR,FR,actual_solar_generation,Solar,2026-07-30T03:20:47Z
2026-07-30T03:19:56Z,2026-07-30T05:19:56+0200,892469bd-1f88-49dd-9e5e-40938c7b963c,2026-07-03T11:30:00Z,2026-07-03T13:30:00+0200,14429.51,MW,FR,FR,actual_solar_generation,Solar,2026-07-30T03:20:47Z
2026-07-30T03:19:56Z,2026-07-30T05:19:56+0200,892469bd-1f88-49dd-9e5e-40938c7b963c,2026-07-03T11:45:00Z,2026-07-03T13:45:00+0200,14294.53,MW,FR,FR,actual_solar_generation,Solar,2026-07-30T03:20:47Z
2026-07-30T03:19:56Z,2026-07-30T05:19:56+0200,892469bd-1f88-49dd-9e5e-40938c7b963c,2026-07-03T12:00:00Z,2026-07-03T14:00:00+0200,14181.61,MW,FR,FR,actual_solar_generation,Solar,2026-07-30T03:20:47Z
2026-07-30T03:19:56Z,2026-07-30T05:19:56+0200,892469bd-1f88-49dd-9e5e-40938c7b963c,2026-07-03T12:15:00Z,2026-07-03T14:15:00+0200,14335.34,MW,FR,FR,actual_solar_generation,Solar,2026-07-30T03:20:47Z
2026-07-30T03:19:56Z,2026-07-30T05:19:56+0200,892469bd-1f88-49dd-9e5e-40938c7b963c,2026-07-03T12:30:00Z,2026-07-03T14:30:00+0200,14481.32,MW,FR,FR,actual_solar_generation,Solar,2026-07-30T03:20:47Z
2026-07-30T03:19:56Z,2026-07-30T05:19:56+0200,892469bd-1f88-49dd-9e5e-40938c7b963c,2026-07-03T12:45:00Z,2026-07-03T14:45:00+0200,15013.52,MW,FR,FR,actual_solar_generation,Solar,2026-07-30T03:20:47Z
2026-07-30T03:19:56Z,2026-07-30T05:19:56+0200,892469bd-1f88-49dd-9e5e-40938c7b963c,2026-07-03T13:00:00Z,2026-07-03T15:00:00+0200,14669.12,MW,FR,FR,actual_solar_generation,Solar,2026-07-30T03:20:47Z
2026-07-30T03:19:56Z,2026-07-30T05:19:56+0200,892469bd-1f88-49dd-9e5e-40938c7b963c,2026-07-03T13:15:00Z,2026-07-03T15:15:00+0200,14195.02,MW,FR,FR,actual_solar_generation,Solar,2026-07-30T03:20:47Z
2026-07-30T03:19:56Z,2026-07-30T05:19:56+0200,892469bd-1f88-49dd-9e5e-40938c7b963c,2026-07-03T13:30:00Z,2026-07-03T15:30:00+0200,13455.91,MW,FR,FR,actual_solar_generation,Solar,2026-07-30T03:20:47Z
2026-07-30T03:19:56Z,2026-07-30T05:19:56+0200,892469bd-1f88-49dd-9e5e-40938c7b963c,2026-07-03T13:45:00Z,2026-07-03T15:45:00+0200,14328.44,MW,FR,FR,actual_solar_generation,Solar,2026-07-30T03:20:47Z
2026-07-30T03:19:56Z,2026-07-30T05:19:56+0200,892469bd-1f88-49dd-9e5e-40938c7b963c,2026-07-03T14:00:00Z,2026-07-03T16:00:00+0200,14450.71,MW,FR,FR,actual_solar_generation,Solar,2026-07-30T03:20:47Z
2026-07-30T03:19:56Z,2026-07-30T05:19:56+0200,892469bd-1f88-49dd-9e5e-40938c7b963c,2026-07-03T14:15:00Z,2026-07-03T16:15:00+0200,13884.04,MW,FR,FR,actual_solar_generation,Solar,2026-07-30T03:20:47Z
2026-07-30T03:19:56Z,2026-07-30T05:19:56+0200,892469bd-1f88-49dd-9e5e-40938c7b963c,2026-07-03T14:30:00Z,2026-07-03T16:30:00+0200,15287.24,MW,FR,FR,actual_solar_generation,Solar,2026-07-30T03:20:47Z
2026-07-30T03:19:56Z,2026-07-30T05:19:56+0200,892469bd-1f88-49dd-9e5e-40938c7b963c,2026-07-03T14:45:00Z,2026-07-03T16:45:00+0200,16679.02,MW,FR,FR,actual_solar_generation,Solar,2026-07-30T03:20:47Z
2026-07-30T03:19:56Z,2026-07-30T05:19:56+0200,892469bd-1f88-49dd-9e5e-40938c7b963c,2026-07-03T15:00:00Z,2026-07-03T17:00:00+0200,16585.93,MW,FR,FR,actual_solar_generation,Solar,2026-07-30T03:20:47Z
2026-07-30T03:19:56Z,2026-07-30T05:19:56+0200,892469bd-1f88-49dd-9e5e-40938c7b963c,2026-07-03T15:15:00Z,2026-07-03T17:15:00+0200,15969.07,MW,FR,FR,actual_solar_generation,Solar,2026-07-30T03:20:47Z
2026-07-30T03:19:56Z,2026-07-30T05:19:56+0200,892469bd-1f88-49dd-9e5e-40938c7b963c,2026-07-03T15:30:00Z,2026-07-03T17:30:00+0200,15068.41,MW,FR,FR,actual_solar_generation,Solar,2026-07-30T03:20:47Z
2026-07-30T03:19:56Z,2026-07-30T05:19:56+0200,892469bd-1f88-49dd-9e5e-40938c7b963c,2026-07-03T15:45:00Z,2026-07-03T17:45:00+0200,14156.69,MW,FR,FR,actual_solar_generation,Solar,2026-07-30T03:20:47Z
2026-07-30T03:19:56Z,2026-07-30T05:19:56+0200,892469bd-1f88-49dd-9e5e-40938c7b963c,2026-07-03T16:00:00Z,2026-07-03T18:00:00+0200,13210.55,MW,FR,FR,actual_solar_generation,Solar,2026-07-30T03:20:47Z
2026-07-30T03:19:56Z,2026-07-30T05:19:56+0200,892469bd-1f88-49dd-9e5e-40938c7b963c,2026-07-03T16:15:00Z,2026-07-03T18:15:00+0200,12090.92,MW,FR,FR,actual_solar_generation,Solar,2026-07-30T03:20:47Z
2026-07-30T03:19:56Z,2026-07-30T05:19:56+0200,892469bd-1f88-49dd-9e5e-40938c7b963c,2026-07-03T16:30:00Z,2026-07-03T18:30:00+0200,10886.68,MW,FR,FR,actual_solar_generation,Solar,2026-07-30T03:20:47Z
2026-07-30T03:19:56Z,2026-07-30T05:19:56+0200,892469bd-1f88-49dd-9e5e-40938c7b963c,2026-07-03T16:45:00Z,2026-07-03T18:45:00+0200,9640.12,MW,FR,FR,actual_solar_generation,Solar,2026-07-30T03:20:47Z
2026-07-30T03:19:56Z,2026-07-30T05:19:56+0200,892469bd-1f88-49dd-9e5e-40938c7b963c,2026-07-03T17:00:00Z,2026-07-03T19:00:00+0200,8357.02,MW,FR,FR,actual_solar_generation,Solar,2026-07-30T03:20:47Z
2026-07-30T03:19:56Z,2026-07-30T05:19:56+0200,892469bd-1f88-49dd-9e5e-40938c7b963c,2026-07-03T17:15:00Z,2026-07-03T19:15:00+0200,7100.24,MW,FR,FR,actual_solar_generation,Solar,2026-07-30T03:20:47Z
2026-07-30T03:19:56Z,2026-07-30T05:19:56+0200,892469bd-1f88-49dd-9e5e-40938c7b963c,2026-07-03T17:30:00Z,2026-07-03T19:30:00+0200,5812.49,MW,FR,FR,actual_solar_generation,Solar,2026-07-30T03:20:47Z
2026-07-30T03:19:56Z,2026-07-30T05:19:56+0200,892469bd-1f88-49dd-9e5e-40938c7b963c,2026-07-03T17:45:00Z,2026-07-03T19:45:00+0200,4605.94,MW,FR,FR,actual_solar_generation,Solar,2026-07-30T03:20:47Z
2026-07-30T03:19:56Z,2026-07-30T05:19:56+0200,892469bd-1f88-49dd-9e5e-40938c7b963c,2026-07-03T18:00:00Z,2026-07-03T20:00:00+0200,3507.14,MW,FR,FR,actual_solar_generation,Solar,2026-07-30T03:20:47Z
2026-07-30T03:19:56Z,2026-07-30T05:19:56+0200,892469bd-1f88-49dd-9e5e-40938c7b963c,2026-07-03T18:15:00Z,2026-07-03T20:15:00+0200,2596.38,MW,FR,FR,actual_solar_generation,Solar,2026-07-30T03:20:47Z
2026-07-30T03:19:56Z,2026-07-30T05:19:56+0200,892469bd-1f88-49dd-9e5e-40938c7b963c,2026-07-03T18:30:00Z,2026-07-03T20:30:00+0200,1898.87,MW,FR,FR,actual_solar_generation,Solar,2026-07-30T03:20:47Z
2026-07-30T03:19:56Z,2026-07-30T05:19:56+0200,892469bd-1f88-49dd-9e5e-40938c7b963c,2026-07-03T18:45:00Z,2026-07-03T20:45:00+0200,1386.78,MW,FR,FR,actual_solar_generation,Solar,2026-07-30T03:20:47Z
2026-07-30T03:19:56Z,2026-07-30T05:19:56+0200,892469bd-1f88-49dd-9e5e-40938c7b963c,2026-07-03T19:00:00Z,2026-07-03T21:00:00+0200,967.04,MW,FR,FR,actual_solar_generation,Solar,2026-07-30T03:20:47Z
2026-07-30T03:19:56Z,2026-07-30T05:19:56+0200,892469bd-1f88-49dd-9e5e-40938c7b963c,2026-07-03T19:15:00Z,2026-07-03T21:15:00+0200,609.96,MW,FR,FR,actual_solar_generation,Solar,2026-07-30T03:20:47Z
2026-07-30T03:19:56Z,2026-07-30T05:19:56+0200,892469bd-1f88-49dd-9e5e-40938c7b963c,2026-07-03T19:30:00Z,2026-07-03T21:30:00+0200,377.01,MW,FR,FR,actual_solar_generation,Solar,2026-07-30T03:20:47Z
2026-07-30T03:19:56Z,2026-07-30T05:19:56+0200,892469bd-1f88-49dd-9e5e-40938c7b963c,2026-07-03T19:45:00Z,2026-07-03T21:45:00+0200,265.38,MW,FR,FR,actual_solar_generation,Solar,2026-07-30T03:20:47Z
2026-07-30T03:19:56Z,2026-07-30T05:19:56+0200,892469bd-1f88-49dd-9e5e-40938c7b963c,2026-07-03T20:00:00Z,2026-07-03T22:00:00+0200,211.66,MW,FR,FR,actual_solar_generation,Solar,2026-07-30T03:20:47Z
2026-07-30T03:19:56Z,2026-07-30T05:19:56+0200,892469bd-1f88-49dd-9e5e-40938c7b963c,2026-07-03T20:15:00Z,2026-07-03T22:15:00+0200,199.55,MW,FR,FR,actual_solar_generation,Solar,2026-07-30T03:20:47Z
2026-07-30T03:19:56Z,2026-07-30T05:19:56+0200,892469bd-1f88-49dd-9e5e-40938c7b963c,2026-07-03T20:30:00Z,2026-07-03T22:30:00+0200,196.0,MW,FR,FR,actual_solar_generation,Solar,2026-07-30T03:20:47Z
2026-07-30T03:19:56Z,2026-07-30T05:19:56+0200,892469bd-1f88-49dd-9e5e-40938c7b963c,2026-07-03T20:45:00Z,2026-07-03T22:45:00+0200,197.53,MW,FR,FR,actual_solar_generation,Solar,2026-07-30T03:20:47Z
2026-07-30T03:19:56Z,2026-07-30T05:19:56+0200,892469bd-1f88-49dd-9e5e-40938c7b963c,2026-07-03T21:00:00Z,2026-07-03T23:00:00+0200,195.84,MW,FR,FR,actual_solar_generation,Solar,2026-07-30T03:20:47Z
2026-07-30T03:19:56Z,2026-07-30T05:19:56+0200,892469bd-1f88-49dd-9e5e-40938c7b963c,2026-07-03T21:15:00Z,2026-07-03T23:15:00+0200,194.93,MW,FR,FR,actual_solar_generation,Solar,2026-07-30T03:20:47Z
2026-07-30T03:19:56Z,2026-07-30T05:19:56+0200,892469bd-1f88-49dd-9e5e-40938c7b963c,2026-07-03T21:30:00Z,2026-07-03T23:30:00+0200,194.31,MW,FR,FR,actual_solar_generation,Solar,2026-07-30T03:20:47Z
2026-07-30T03:19:56Z,2026-07-30T05:19:56+0200,892469bd-1f88-49dd-9e5e-40938c7b963c,2026-07-03T21:45:00Z,2026-07-03T23:45:00+0200,193.16,MW,FR,FR,actual_solar_generation,Solar,2026-07-30T03:20:47Z
2026-07-30T03:19:56Z,2026-07-30T05:19:56+0200,892469bd-1f88-49dd-9e5e-40938c7b963c,2026-07-03T22:00:00Z,2026-07-04T00:00:00+0200,0.0,MW,FR,FR,actual_solar_generation,Solar,2026-07-30T03:20:47Z
2026-07-30T03:19:56Z,2026-07-30T05:19:56+0200,892469bd-1f88-49dd-9e5e-40938c7b963c,2026-07-03T22:15:00Z,2026-07-04T00:15:00+0200,0.0,MW,FR,FR,actual_solar_generation,Solar,2026-07-30T03:20:47Z
2026-07-30T03:19:56Z,2026-07-30T05:19:56+0200,892469bd-1f88-49dd-9e5e-40938c7b963c,2026-07-03T22:30:00Z,2026-07-04T00:30:00+0200,0.0,MW,FR,FR,actual_solar_generation,Solar,2026-07-30T03:20:47Z
2026-07-30T03:19:56Z,2026-07-30T05:19:56+0200,892469bd-1f88-49dd-9e5e-40938c7b963c,2026-07-03T22:45:00Z,2026-07-04T00:45:00+0200,0.0,MW,FR,FR,actual_solar_generation,Solar,2026-07-30T03:20:47Z
2026-07-30T03:19:56Z,2026-07-30T05:19:56+0200,892469bd-1f88-49dd-9e5e-40938c7b963c,2026-07-03T23:00:00Z,2026-07-04T01:00:00+0200,0.0,MW,FR,FR,actual_solar_generation,Solar,2026-07-30T03:20:47Z
2026-07-30T03:19:56Z,2026-07-30T05:19:56+0200,892469bd-1f88-49dd-9e5e-40938c7b963c,2026-07-03T23:15:00Z,2026-07-04T01:15:00+0200,0.0,MW,FR,FR,actual_solar_generation,Solar,2026-07-30T03:20:47Z
2026-07-30T03:19:56Z,2026-07-30T05:19:56+0200,892469bd-1f88-49dd-9e5e-40938c7b963c,2026-07-03T23:30:00Z,2026-07-04T01:30:00+0200,0.0,MW,FR,FR,actual_solar_generation,Solar,2026-07-30T03:20:47Z
2026-07-30T03:19:56Z,2026-07-30T05:19:56+0200,892469bd-1f88-49dd-9e5e-40938c7b963c,2026-07-03T23:45:00Z,2026-07-04T01:45:00+0200,0.0,MW,FR,FR,actual_solar_generation,Solar,2026-07-30T03:20:47Z
2026-07-30T03:19:56Z,2026-07-30T05:19:56+0200,892469bd-1f88-49dd-9e5e-40938c7b963c,2026-07-04T00:00:00Z,2026-07-04T02:00:00+0200,0.0,MW,FR,FR,actual_solar_generation,Solar,2026-07-30T03:20:47Z
2026-07-30T03:19:56Z,2026-07-30T05:19:56+0200,892469bd-1f88-49dd-9e5e-40938c7b963c,2026-07-04T00:15:00Z,2026-07-04T02:15:00+0200,0.0,MW,FR,FR,actual_solar_generation,Solar,2026-07-30T03:20:47Z
2026-07-30T03:19:56Z,2026-07-30T05:19:56+0200,892469bd-1f88-49dd-9e5e-40938c7b963c,2026-07-04T00:30:00Z,2026-07-04T02:30:00+0200,0.0,MW,FR,FR,actual_solar_generation,Solar,2026-07-30T03:20:47Z
2026-07-30T03:19:56Z,2026-07-30T05:19:56+0200,892469bd-1f88-49dd-9e5e-40938c7b963c,2026-07-04T00:45:00Z,2026-07-04T02:45:00+0200,0.0,MW,FR,FR,actual_solar_generation,Solar,2026-07-30T03:20:47Z
2026-07-30T03:19:56Z,2026-07-30T05:19:56+0200,892469bd-1f88-49dd-9e5e-40938c7b963c,2026-07-04T01:00:00Z,2026-07-04T03:00:00+0200,0.0,MW,FR,FR,actual_solar_generation,Solar,2026-07-30T03:20:47Z
2026-07-30T03:19:56Z,2026-07-30T05:19:56+0200,892469bd-1f88-49dd-9e5e-40938c7b963c,2026-07-04T01:15:00Z,2026-07-04T03:15:00+0200,0.0,MW,FR,FR,actual_solar_generation,Solar,2026-07-30T03:20:47Z
2026-07-30T03:19:56Z,2026-07-30T05:19:56+0200,892469bd-1f88-49dd-9e5e-40938c7b963c,2026-07-04T01:30:00Z,2026-07-04T03:30:00+0200,0.0,MW,FR,FR,actual_solar_generation,Solar,2026-07-30T03:20:47Z
2026-07-30T03:19:56Z,2026-07-30T05:19:56+0200,892469bd-1f88-49dd-9e5e-40938c7b963c,2026-07-04T01:45:00Z,2026-07-04T03:45:00+0200,0.0,MW,FR,FR,actual_solar_generation,Solar,2026-07-30T03:20:47Z
2026-07-30T03:19:56Z,2026-07-30T05:19:56+0200,892469bd-1f88-49dd-9e5e-40938c7b963c,2026-07-04T02:00:00Z,2026-07-04T04:00:00+0200,0.0,MW,FR,FR,actual_solar_generation,Solar,2026-07-30T03:20:47Z
2026-07-30T03:19:56Z,2026-07-30T05:19:56+0200,892469bd-1f88-49dd-9e5e-40938c7b963c,2026-07-04T02:15:00Z,2026-07-04T04:15:00+0200,0.0,MW,FR,FR,actual_solar_generation,Solar,2026-07-30T03:20:47Z
2026-07-30T03:19:56Z,2026-07-30T05:19:56+0200,892469bd-1f88-49dd-9e5e-40938c7b963c,2026-07-04T02:30:00Z,2026-07-04T04:30:00+0200,0.0,MW,FR,FR,actual_solar_generation,Solar,2026-07-30T03:20:47Z
2026-07-30T03:19:56Z,2026-07-30T05:19:56+0200,892469bd-1f88-49dd-9e5e-40938c7b963c,2026-07-04T02:45:00Z,2026-07-04T04:45:00+0200,0.0,MW,FR,FR,actual_solar_generation,Solar,2026-07-30T03:20:47Z
2026-07-30T03:19:56Z,2026-07-30T05:19:56+0200,892469bd-1f88-49dd-9e5e-40938c7b963c,2026-07-04T03:00:00Z,2026-07-04T05:00:00+0200,188.55,MW,FR,FR,actual_solar_generation,Solar,2026-07-30T03:20:47Z
2026-07-30T03:19:56Z,2026-07-30T05:19:56+0200,892469bd-1f88-49dd-9e5e-40938c7b963c,2026-07-04T03:15:00Z,2026-07-04T05:15:00+0200,189.38,MW,FR,FR,actual_solar_generation,Solar,2026-07-30T03:20:47Z
2026-07-30T03:19:56Z,2026-07-30T05:19:56+0200,892469bd-1f88-49dd-9e5e-40938c7b963c,2026-07-04T03:30:00Z,2026-07-04T05:30:00+0200,192.57,MW,FR,FR,actual_solar_generation,Solar,2026-07-30T03:20:47Z
2026-07-30T03:19:56Z,2026-07-30T05:19:56+0200,892469bd-1f88-49dd-9e5e-40938c7b963c,2026-07-04T03:45:00Z,2026-07-04T05:45:00+0200,214.95,MW,FR,FR,actual_solar_generation,Solar,2026-07-30T03:20:47Z
2026-07-30T03:19:56Z,2026-07-30T05:19:56+0200,892469bd-1f88-49dd-9e5e-40938c7b963c,2026-07-04T04:00:00Z,2026-07-04T06:00:00+0200,269.89,MW,FR,FR,actual_solar_generation,Solar,2026-07-30T03:20:47Z
2026-07-30T03:19:56Z,2026-07-30T05:19:56+0200,892469bd-1f88-49dd-9e5e-40938c7b963c,2026-07-04T04:15:00Z,2026-07-04T06:15:00+0200,356.82,MW,FR,FR,actual_solar_generation,Solar,2026-07-30T03:20:47Z
2026-07-30T03:19:56Z,2026-07-30T05:19:56+0200,892469bd-1f88-49dd-9e5e-40938c7b963c,2026-07-04T04:30:00Z,2026-07-04T06:30:00+0200,525.68,MW,FR,FR,actual_solar_generation,Solar,2026-07-30T03:20:47Z
2026-07-30T03:19:56Z,2026-07-30T05:19:56+0200,892469bd-1f88-49dd-9e5e-40938c7b963c,2026-07-04T04:45:00Z,2026-07-04T06:45:00+0200,834.87,MW,FR,FR,actual_solar_generation,Solar,2026-07-30T03:20:47Z
2026-07-30T03:19:56Z,2026-07-30T05:19:56+0200,892469bd-1f88-49dd-9e5e-40938c7b963c,2026-07-04T05:00:00Z,2026-07-04T07:00:00+0200,1264.23,MW,FR,FR,actual_solar_generation,Solar,2026-07-30T03:20:47Z
2026-07-30T03:19:56Z,2026-07-30T05:19:56+0200,892469bd-1f88-49dd-9e5e-40938c7b963c,2026-07-04T05:15:00Z,2026-07-04T07:15:00+0200,1815.37,MW,FR,FR,actual_solar_generation,Solar,2026-07-30T03:20:47Z
2026-07-30T03:19:56Z,2026-07-30T05:19:56+0200,892469bd-1f88-49dd-9e5e-40938c7b963c,2026-07-04T05:30:00Z,2026-07-04T07:30:00+0200,2543.68,MW,FR,FR,actual_solar_generation,Solar,2026-07-30T03:20:47Z
2026-07-30T03:19:56Z,2026-07-30T05:19:56+0200,892469bd-1f88-49dd-9e5e-40938c7b963c,2026-07-04T05:45:00Z,2026-07-04T07:45:00+0200,3478.33,MW,FR,FR,actual_solar_generation,Solar,2026-07-30T03:20:47Z
2026-07-30T03:19:56Z,2026-07-30T05:19:56+0200,892469bd-1f88-49dd-9e5e-40938c7b963c,2026-07-04T06:00:00Z,2026-07-04T08:00:00+0200,4453.25,MW,FR,FR,actual_solar_generation,Solar,2026-07-30T03:20:47Z
2026-07-30T03:19:56Z,2026-07-30T05:19:56+0200,892469bd-1f88-49dd-9e5e-40938c7b963c,2026-07-04T06:15:00Z,2026-07-04T08:15:00+0200,5686.3,MW,FR,FR,actual_solar_generation,Solar,2026-07-30T03:20:47Z
2026-07-30T03:19:56Z,2026-07-30T05:19:56+0200,892469bd-1f88-49dd-9e5e-40938c7b963c,2026-07-04T06:30:00Z,2026-07-04T08:30:00+0200,6971.35,MW,FR,FR,actual_solar_generation,Solar,2026-07-30T03:20:47Z
2026-07-30T03:19:56Z,2026-07-30T05:19:56+0200,892469bd-1f88-49dd-9e5e-40938c7b963c,2026-07-04T06:45:00Z,2026-07-04T08:45:00+0200,8277.43,MW,FR,FR,actual_solar_generation,Solar,2026-07-30T03:20:47Z
2026-07-30T03:19:56Z,2026-07-30T05:19:56+0200,892469bd-1f88-49dd-9e5e-40938c7b963c,2026-07-04T07:00:00Z,2026-07-04T09:00:00+0200,9665.5,MW,FR,FR,actual_solar_generation,Solar,2026-07-30T03:20:47Z
2026-07-30T03:19:56Z,2026-07-30T05:19:56+0200,892469bd-1f88-49dd-9e5e-40938c7b963c,2026-07-04T07:15:00Z,2026-07-04T09:15:00+0200,10991.28,MW,FR,FR,actual_solar_generation,Solar,2026-07-30T03:20:47Z
2026-07-30T03:19:56Z,2026-07-30T05:19:56+0200,892469bd-1f88-49dd-9e5e-40938c7b963c,2026-07-04T07:30:00Z,2026-07-04T09:30:00+0200,11256.29,MW,FR,FR,actual_solar_generation,Solar,2026-07-30T03:20:47Z
2026-07-30T03:19:56Z,2026-07-30T05:19:56+0200,892469bd-1f88-49dd-9e5e-40938c7b963c,2026-07-04T07:45:00Z,2026-07-04T09:45:00+0200,10419.9,MW,FR,FR,actual_solar_generation,Solar,2026-07-30T03:20:47Z
2026-07-30T03:19:56Z,2026-07-30T05:19:56+0200,892469bd-1f88-49dd-9e5e-40938c7b963c,2026-07-04T08:00:00Z,2026-07-04T10:00:00+0200,10859.24,MW,FR,FR,actual_solar_generation,Solar,2026-07-30T03:20:47Z
2026-07-30T03:19:56Z,2026-07-30T05:19:56+0200,892469bd-1f88-49dd-9e5e-40938c7b963c,2026-07-04T08:15:00Z,2026-07-04T10:15:00+0200,11202.15,MW,FR,FR,actual_solar_generation,Solar,2026-07-30T03:20:47Z
2026-07-30T03:19:56Z,2026-07-30T05:19:56+0200,892469bd-1f88-49dd-9e5e-40938c7b963c,2026-07-04T08:30:00Z,2026-07-04T10:30:00+0200,12389.98,MW,FR,FR,actual_solar_generation,Solar,2026-07-30T03:20:47Z
2026-07-30T03:19:56Z,2026-07-30T05:19:56+0200,892469bd-1f88-49dd-9e5e-40938c7b963c,2026-07-04T08:45:00Z,2026-07-04T10:45:00+0200,13254.03,MW,FR,FR,actual_solar_generation,Solar,2026-07-30T03:20:47Z
2026-07-30T03:19:56Z,2026-07-30T05:19:56+0200,892469bd-1f88-49dd-9e5e-40938c7b963c,2026-07-04T09:00:00Z,2026-07-04T11:00:00+0200,14082.87,MW,FR,FR,actual_solar_generation,Solar,2026-07-30T03:20:47Z
2026-07-30T03:19:56Z,2026-07-30T05:19:56+0200,892469bd-1f88-49dd-9e5e-40938c7b963c,2026-07-04T09:15:00Z,2026-07-04T11:15:00+0200,12881.49,MW,FR,FR,actual_solar_generation,Solar,2026-07-30T03:20:47Z
2026-07-30T03:19:56Z,2026-07-30T05:19:56+0200,892469bd-1f88-49dd-9e5e-40938c7b963c,2026-07-04T09:30:00Z,2026-07-04T11:30:00+0200,12667.76,MW,FR,FR,actual_solar_generation,Solar,2026-07-30T03:20:47Z
2026-07-30T03:19:56Z,2026-07-30T05:19:56+0200,892469bd-1f88-49dd-9e5e-40938c7b963c,2026-07-04T09:45:00Z,2026-07-04T11:45:00+0200,12944.73,MW,FR,FR,actual_solar_generation,Solar,2026-07-30T03:20:47Z
2026-07-30T03:19:56Z,2026-07-30T05:19:56+0200,892469bd-1f88-49dd-9e5e-40938c7b963c,2026-07-04T10:00:00Z,2026-07-04T12:00:00+0200,13234.52,MW,FR,FR,actual_solar_generation,Solar,2026-07-30T03:20:47Z
2026-07-30T03:19:56Z,2026-07-30T05:19:56+0200,892469bd-1f88-49dd-9e5e-40938c7b963c,2026-07-04T10:15:00Z,2026-07-04T12:15:00+0200,13439.9,MW,FR,FR,actual_solar_generation,Solar,2026-07-30T03:20:47Z
2026-07-30T03:19:56Z,2026-07-30T05:19:56+0200,892469bd-1f88-49dd-9e5e-40938c7b963c,2026-07-04T10:30:00Z,2026-07-04T12:30:00+0200,13582.43,MW,FR,FR,actual_solar_generation,Solar,2026-07-30T03:20:47Z
2026-07-30T03:19:56Z,2026-07-30T05:19:56+0200,892469bd-1f88-49dd-9e5e-40938c7b963c,2026-07-04T10:45:00Z,2026-07-04T12:45:00+0200,13736.37,MW,FR,FR,actual_solar_generation,Solar,2026-07-30T03:20:47Z
2026-07-30T03:19:56Z,2026-07-30T05:19:56+0200,892469bd-1f88-49dd-9e5e-40938c7b963c,2026-07-04T11:00:00Z,2026-07-04T13:00:00+0200,13857.85,MW,FR,FR,actual_solar_generation,Solar,2026-07-30T03:20:47Z
2026-07-30T03:19:56Z,2026-07-30T05:19:56+0200,892469bd-1f88-49dd-9e5e-40938c7b963c,2026-07-04T11:15:00Z,2026-07-04T13:15:00+0200,13925.94,MW,FR,FR,actual_solar_generation,Solar,2026-07-30T03:20:47Z
2026-07-30T03:19:56Z,2026-07-30T05:19:56+0200,892469bd-1f88-49dd-9e5e-40938c7b963c,2026-07-04T11:30:00Z,2026-07-04T13:30:00+0200,13884.92,MW,FR,FR,actual_solar_generation,Solar,2026-07-30T03:20:47Z
2026-07-30T03:19:56Z,2026-07-30T05:19:56+0200,892469bd-1f88-49dd-9e5e-40938c7b963c,2026-07-04T11:45:00Z,2026-07-04T13:45:00+0200,13882.94,MW,FR,FR,actual_solar_generation,Solar,2026-07-30T03:20:47Z
2026-07-30T03:19:56Z,2026-07-30T05:19:56+0200,892469bd-1f88-49dd-9e5e-40938c7b963c,2026-07-04T12:00:00Z,2026-07-04T14:00:00+0200,13846.4,MW,FR,FR,actual_solar_generation,Solar,2026-07-30T03:20:47Z
2026-07-30T03:19:56Z,2026-07-30T05:19:56+0200,892469bd-1f88-49dd-9e5e-40938c7b963c,2026-07-04T12:15:00Z,2026-07-04T14:15:00+0200,13840.99,MW,FR,FR,actual_solar_generation,Solar,2026-07-30T03:20:47Z
2026-07-30T03:19:56Z,2026-07-30T05:19:56+0200,892469bd-1f88-49dd-9e5e-40938c7b963c,2026-07-04T12:30:00Z,2026-07-04T14:30:00+0200,13803.38,MW,FR,FR,actual_solar_generation,Solar,2026-07-30T03:20:47Z
2026-07-30T03:19:56Z,2026-07-30T05:19:56+0200,892469bd-1f88-49dd-9e5e-40938c7b963c,2026-07-04T12:45:00Z,2026-07-04T14:45:00+0200,13769.67,MW,FR,FR,actual_solar_generation,Solar,2026-07-30T03:20:47Z
2026-07-30T03:19:56Z,2026-07-30T05:19:56+0200,892469bd-1f88-49dd-9e5e-40938c7b963c,2026-07-04T13:00:00Z,2026-07-04T15:00:00+0200,13861.35,MW,FR,FR,actual_solar_generation,Solar,2026-07-30T03:20:47Z
2026-07-30T03:19:56Z,2026-07-30T05:19:56+0200,892469bd-1f88-49dd-9e5e-40938c7b963c,2026-07-04T13:15:00Z,2026-07-04T15:15:00+0200,13694.8,MW,FR,FR,actual_solar_generation,Solar,2026-07-30T03:20:47Z
2026-07-30T03:19:56Z,2026-07-30T05:19:56+0200,892469bd-1f88-49dd-9e5e-40938c7b963c,2026-07-04T13:30:00Z,2026-07-04T15:30:00+0200,13474.78,MW,FR,FR,actual_solar_generation,Solar,2026-07-30T03:20:47Z
2026-07-30T03:19:56Z,2026-07-30T05:19:56+0200,892469bd-1f88-49dd-9e5e-40938c7b963c,2026-07-04T13:45:00Z,2026-07-04T15:45:00+0200,13215.15,MW,FR,FR,actual_solar_generation,Solar,2026-07-30T03:20:47Z
2026-07-30T03:19:56Z,2026-07-30T05:19:56+0200,892469bd-1f88-49dd-9e5e-40938c7b963c,2026-07-04T14:00:00Z,2026-07-04T16:00:00+0200,12921.02,MW,FR,FR,actual_solar_generation,Solar,2026-07-30T03:20:47Z
2026-07-30T03:19:56Z,2026-07-30T05:19:56+0200,892469bd-1f88-49dd-9e5e-40938c7b963c,2026-07-04T14:15:00Z,2026-07-04T16:15:00+0200,12677.1,MW,FR,FR,actual_solar_generation,Solar,2026-07-30T03:20:47Z
2026-07-30T03:19:56Z,2026-07-30T05:19:56+0200,892469bd-1f88-49dd-9e5e-40938c7b963c,2026-07-04T14:30:00Z,2026-07-04T16:30:00+0200,13357.73,MW,FR,FR,actual_solar_generation,Solar,2026-07-30T03:20:47Z
2026-07-30T03:19:56Z,2026-07-30T05:19:56+0200,892469bd-1f88-49dd-9e5e-40938c7b963c,2026-07-04T14:45:00Z,2026-07-04T16:45:00+0200,13161.69,MW,FR,FR,actual_solar_generation,Solar,2026-07-30T03:20:47Z
2026-07-30T03:19:56Z,2026-07-30T05:19:56+0200,892469bd-1f88-49dd-9e5e-40938c7b963c,2026-07-04T15:00:00Z,2026-07-04T17:00:00+0200,12968.1,MW,FR,FR,actual_solar_generation,Solar,2026-07-30T03:20:47Z
2026-07-30T03:19:56Z,2026-07-30T05:19:56+0200,892469bd-1f88-49dd-9e5e-40938c7b963c,2026-07-04T15:15:00Z,2026-07-04T17:15:00+0200,12417.27,MW,FR,FR,actual_solar_generation,Solar,2026-07-30T03:20:47Z
2026-07-30T03:19:56Z,2026-07-30T05:19:56+0200,892469bd-1f88-49dd-9e5e-40938c7b963c,2026-07-04T15:30:00Z,2026-07-04T17:30:00+0200,11858.13,MW,FR,FR,actual_solar_generation,Solar,2026-07-30T03:20:47Z
2026-07-30T03:19:56Z,2026-07-30T05:19:56+0200,892469bd-1f88-49dd-9e5e-40938c7b963c,2026-07-04T15:45:00Z,2026-07-04T17:45:00+0200,11173.97,MW,FR,FR,actual_solar_generation,Solar,2026-07-30T03:20:47Z
2026-07-30T03:19:56Z,2026-07-30T05:19:56+0200,892469bd-1f88-49dd-9e5e-40938c7b963c,2026-07-04T16:00:00Z,2026-07-04T18:00:00+0200,12074.16,MW,FR,FR,actual_solar_generation,Solar,2026-07-30T03:20:47Z
2026-07-30T03:19:56Z,2026-07-30T05:19:56+0200,892469bd-1f88-49dd-9e5e-40938c7b963c,2026-07-04T16:15:00Z,2026-07-04T18:15:00+0200,12518.89,MW,FR,FR,actual_solar_generation,Solar,2026-07-30T03:20:47Z
2026-07-30T03:19:56Z,2026-07-30T05:19:56+0200,892469bd-1f88-49dd-9e5e-40938c7b963c,2026-07-04T16:30:00Z,2026-07-04T18:30:00+0200,11280.5,MW,FR,FR,actual_solar_generation,Solar,2026-07-30T03:20:47Z
2026-07-30T03:19:56Z,2026-07-30T05:19:56+0200,892469bd-1f88-49dd-9e5e-40938c7b963c,2026-07-04T16:45:00Z,2026-07-04T18:45:00+0200,10048.7,MW,FR,FR,actual_solar_generation,Solar,2026-07-30T03:20:47Z
2026-07-30T03:19:56Z,2026-07-30T05:19:56+0200,892469bd-1f88-49dd-9e5e-40938c7b963c,2026-07-04T17:00:00Z,2026-07-04T19:00:00+0200,8693.54,MW,FR,FR,actual_solar_generation,Solar,2026-07-30T03:20:47Z
2026-07-30T03:19:56Z,2026-07-30T05:19:56+0200,892469bd-1f88-49dd-9e5e-40938c7b963c,2026-07-04T17:15:00Z,2026-07-04T19:15:00+0200,7347.93,MW,FR,FR,actual_solar_generation,Solar,2026-07-30T03:20:47Z
2026-07-30T03:19:56Z,2026-07-30T05:19:56+0200,892469bd-1f88-49dd-9e5e-40938c7b963c,2026-07-04T17:30:00Z,2026-07-04T19:30:00+0200,6001.63,MW,FR,FR,actual_solar_generation,Solar,2026-07-30T03:20:47Z
2026-07-30T03:19:56Z,2026-07-30T05:19:56+0200,892469bd-1f88-49dd-9e5e-40938c7b963c,2026-07-04T17:45:00Z,2026-07-04T19:45:00+0200,4730.26,MW,FR,FR,actual_solar_generation,Solar,2026-07-30T03:20:47Z
2026-07-30T03:19:56Z,2026-07-30T05:19:56+0200,892469bd-1f88-49dd-9e5e-40938c7b963c,2026-07-04T18:00:00Z,2026-07-04T20:00:00+0200,3596.86,MW,FR,FR,actual_solar_generation,Solar,2026-07-30T03:20:47Z
2026-07-30T03:19:56Z,2026-07-30T05:19:56+0200,892469bd-1f88-49dd-9e5e-40938c7b963c,2026-07-04T18:15:00Z,2026-07-04T20:15:00+0200,2655.43,MW,FR,FR,actual_solar_generation,Solar,2026-07-30T03:20:47Z
2026-07-30T03:19:56Z,2026-07-30T05:19:56+0200,892469bd-1f88-49dd-9e5e-40938c7b963c,2026-07-04T18:30:00Z,2026-07-04T20:30:00+0200,1926.16,MW,FR,FR,actual_solar_generation,Solar,2026-07-30T03:20:47Z
2026-07-30T03:19:56Z,2026-07-30T05:19:56+0200,892469bd-1f88-49dd-9e5e-40938c7b963c,2026-07-04T18:45:00Z,2026-07-04T20:45:00+0200,1399.47,MW,FR,FR,actual_solar_generation,Solar,2026-07-30T03:20:47Z
2026-07-30T03:19:56Z,2026-07-30T05:19:56+0200,892469bd-1f88-49dd-9e5e-40938c7b963c,2026-07-04T19:00:00Z,2026-07-04T21:00:00+0200,965.85,MW,FR,FR,actual_solar_generation,Solar,2026-07-30T03:20:47Z
2026-07-30T03:19:56Z,2026-07-30T05:19:56+0200,892469bd-1f88-49dd-9e5e-40938c7b963c,2026-07-04T19:15:00Z,2026-07-04T21:15:00+0200,602.89,MW,FR,FR,actual_solar_generation,Solar,2026-07-30T03:20:47Z
2026-07-30T03:19:56Z,2026-07-30T05:19:56+0200,892469bd-1f88-49dd-9e5e-40938c7b963c,2026-07-04T19:30:00Z,2026-07-04T21:30:00+0200,361.46,MW,FR,FR,actual_solar_generation,Solar,2026-07-30T03:20:47Z
2026-07-30T03:19:56Z,2026-07-30T05:19:56+0200,892469bd-1f88-49dd-9e5e-40938c7b963c,2026-07-04T19:45:00Z,2026-07-04T21:45:00+0200,256.89,MW,FR,FR,actual_solar_generation,Solar,2026-07-30T03:20:47Z
2026-07-30T03:19:56Z,2026-07-30T05:19:56+0200,892469bd-1f88-49dd-9e5e-40938c7b963c,2026-07-04T20:00:00Z,2026-07-04T22:00:00+0200,206.28,MW,FR,FR,actual_solar_generation,Solar,2026-07-30T03:20:47Z
2026-07-30T03:19:56Z,2026-07-30T05:19:56+0200,892469bd-1f88-49dd-9e5e-40938c7b963c,2026-07-04T20:15:00Z,2026-07-04T22:15:00+0200,196.07,MW,FR,FR,actual_solar_generation,Solar,2026-07-30T03:20:47Z
2026-07-30T03:19:56Z,2026-07-30T05:19:56+0200,892469bd-1f88-49dd-9e5e-40938c7b963c,2026-07-04T20:30:00Z,2026-07-04T22:30:00+0200,196.21,MW,FR,FR,actual_solar_generation,Solar,2026-07-30T03:20:47Z
2026-07-30T03:19:56Z,2026-07-30T05:19:56+0200,892469bd-1f88-49dd-9e5e-40938c7b963c,2026-07-04T20:45:00Z,2026-07-04T22:45:00+0200,196.32,MW,FR,FR,actual_solar_generation,Solar,2026-07-30T03:20:47Z
2026-07-30T03:19:56Z,2026-07-30T05:19:56+0200,892469bd-1f88-49dd-9e5e-40938c7b963c,2026-07-04T21:00:00Z,2026-07-04T23:00:00+0200,195.46,MW,FR,FR,actual_solar_generation,Solar,2026-07-30T03:20:47Z
2026-07-30T03:19:56Z,2026-07-30T05:19:56+0200,892469bd-1f88-49dd-9e5e-40938c7b963c,2026-07-04T21:15:00Z,2026-07-04T23:15:00+0200,193.57,MW,FR,FR,actual_solar_generation,Solar,2026-07-30T03:20:47Z
2026-07-30T03:19:56Z,2026-07-30T05:19:56+0200,892469bd-1f88-49dd-9e5e-40938c7b963c,2026-07-04T21:30:00Z,2026-07-04T23:30:00+0200,193.12,MW,FR,FR,actual_solar_generation,Solar,2026-07-30T03:20:47Z
2026-07-30T03:19:56Z,2026-07-30T05:19:56+0200,892469bd-1f88-49dd-9e5e-40938c7b963c,2026-07-04T21:45:00Z,2026-07-04T23:45:00+0200,192.47,MW,FR,FR,actual_solar_generation,Solar,2026-07-30T03:20:47Z
2026-07-30T03:19:56Z,2026-07-30T05:19:56+0200,892469bd-1f88-49dd-9e5e-40938c7b963c,2026-07-04T22:00:00Z,2026-07-05T00:00:00+0200,0.0,MW,FR,FR,actual_solar_generation,Solar,2026-07-30T03:20:47Z
2026-07-30T03:19:56Z,2026-07-30T05:19:56+0200,892469bd-1f88-49dd-9e5e-40938c7b963c,2026-07-04T22:15:00Z,2026-07-05T00:15:00+0200,0.0,MW,FR,FR,actual_solar_generation,Solar,2026-07-30T03:20:47Z
2026-07-30T03:19:56Z,2026-07-30T05:19:56+0200,892469bd-1f88-49dd-9e5e-40938c7b963c,2026-07-04T22:30:00Z,2026-07-05T00:30:00+0200,0.0,MW,FR,FR,actual_solar_generation,Solar,2026-07-30T03:20:47Z
2026-07-30T03:19:56Z,2026-07-30T05:19:56+0200,892469bd-1f88-49dd-9e5e-40938c7b963c,2026-07-04T22:45:00Z,2026-07-05T00:45:00+0200,0.0,MW,FR,FR,actual_solar_generation,Solar,2026-07-30T03:20:47Z
2026-07-30T03:19:56Z,2026-07-30T05:19:56+0200,892469bd-1f88-49dd-9e5e-40938c7b963c,2026-07-04T23:00:00Z,2026-07-05T01:00:00+0200,0.0,MW,FR,FR,actual_solar_generation,Solar,2026-07-30T03:20:47Z
2026-07-30T03:19:56Z,2026-07-30T05:19:56+0200,892469bd-1f88-49dd-9e5e-40938c7b963c,2026-07-04T23:15:00Z,2026-07-05T01:15:00+0200,0.0,MW,FR,FR,actual_solar_generation,Solar,2026-07-30T03:20:47Z
2026-07-30T03:19:56Z,2026-07-30T05:19:56+0200,892469bd-1f88-49dd-9e5e-40938c7b963c,2026-07-04T23:30:00Z,2026-07-05T01:30:00+0200,0.0,MW,FR,FR,actual_solar_generation,Solar,2026-07-30T03:20:47Z
2026-07-30T03:19:56Z,2026-07-30T05:19:56+0200,892469bd-1f88-49dd-9e5e-40938c7b963c,2026-07-04T23:45:00Z,2026-07-05T01:45:00+0200,0.0,MW,FR,FR,actual_solar_generation,Solar,2026-07-30T03:20:47Z
2026-07-30T03:19:56Z,2026-07-30T05:19:56+0200,892469bd-1f88-49dd-9e5e-40938c7b963c,2026-07-05T00:00:00Z,2026-07-05T02:00:00+0200,0.0,MW,FR,FR,actual_solar_generation,Solar,2026-07-30T03:20:47Z
2026-07-30T03:19:56Z,2026-07-30T05:19:56+0200,892469bd-1f88-49dd-9e5e-40938c7b963c,2026-07-05T00:15:00Z,2026-07-05T02:15:00+0200,0.0,MW,FR,FR,actual_solar_generation,Solar,2026-07-30T03:20:47Z
2026-07-30T03:19:56Z,2026-07-30T05:19:56+0200,892469bd-1f88-49dd-9e5e-40938c7b963c,2026-07-05T00:30:00Z,2026-07-05T02:30:00+0200,0.0,MW,FR,FR,actual_solar_generation,Solar,2026-07-30T03:20:47Z
2026-07-30T03:19:56Z,2026-07-30T05:19:56+0200,892469bd-1f88-49dd-9e5e-40938c7b963c,2026-07-05T00:45:00Z,2026-07-05T02:45:00+0200,0.0,MW,FR,FR,actual_solar_generation,Solar,2026-07-30T03:20:47Z
2026-07-30T03:19:56Z,2026-07-30T05:19:56+0200,892469bd-1f88-49dd-9e5e-40938c7b963c,2026-07-05T01:00:00Z,2026-07-05T03:00:00+0200,0.0,MW,FR,FR,actual_solar_generation,Solar,2026-07-30T03:20:47Z
2026-07-30T03:19:56Z,2026-07-30T05:19:56+0200,892469bd-1f88-49dd-9e5e-40938c7b963c,2026-07-05T01:15:00Z,2026-07-05T03:15:00+0200,0.0,MW,FR,FR,actual_solar_generation,Solar,2026-07-30T03:20:47Z
2026-07-30T03:19:56Z,2026-07-30T05:19:56+0200,892469bd-1f88-49dd-9e5e-40938c7b963c,2026-07-05T01:30:00Z,2026-07-05T03:30:00+0200,0.0,MW,FR,FR,actual_solar_generation,Solar,2026-07-30T03:20:47Z
2026-07-30T03:19:56Z,2026-07-30T05:19:56+0200,892469bd-1f88-49dd-9e5e-40938c7b963c,2026-07-05T01:45:00Z,2026-07-05T03:45:00+0200,0.0,MW,FR,FR,actual_solar_generation,Solar,2026-07-30T03:20:47Z
2026-07-30T03:19:56Z,2026-07-30T05:19:56+0200,892469bd-1f88-49dd-9e5e-40938c7b963c,2026-07-05T02:00:00Z,2026-07-05T04:00:00+0200,0.0,MW,FR,FR,actual_solar_generation,Solar,2026-07-30T03:20:47Z
2026-07-30T03:19:56Z,2026-07-30T05:19:56+0200,892469bd-1f88-49dd-9e5e-40938c7b963c,2026-07-05T02:15:00Z,2026-07-05T04:15:00+0200,0.0,MW,FR,FR,actual_solar_generation,Solar,2026-07-30T03:20:47Z
2026-07-30T03:19:56Z,2026-07-30T05:19:56+0200,892469bd-1f88-49dd-9e5e-40938c7b963c,2026-07-05T02:30:00Z,2026-07-05T04:30:00+0200,0.0,MW,FR,FR,actual_solar_generation,Solar,2026-07-30T03:20:47Z
2026-07-30T03:19:56Z,2026-07-30T05:19:56+0200,892469bd-1f88-49dd-9e5e-40938c7b963c,2026-07-05T02:45:00Z,2026-07-05T04:45:00+0200,0.0,MW,FR,FR,actual_solar_generation,Solar,2026-07-30T03:20:47Z
2026-07-30T03:19:56Z,2026-07-30T05:19:56+0200,892469bd-1f88-49dd-9e5e-40938c7b963c,2026-07-05T03:00:00Z,2026-07-05T05:00:00+0200,188.68,MW,FR,FR,actual_solar_generation,Solar,2026-07-30T03:20:47Z
2026-07-30T03:19:56Z,2026-07-30T05:19:56+0200,892469bd-1f88-49dd-9e5e-40938c7b963c,2026-07-05T03:15:00Z,2026-07-05T05:15:00+0200,187.81,MW,FR,FR,actual_solar_generation,Solar,2026-07-30T03:20:47Z
2026-07-30T03:19:56Z,2026-07-30T05:19:56+0200,892469bd-1f88-49dd-9e5e-40938c7b963c,2026-07-05T03:30:00Z,2026-07-05T05:30:00+0200,191.95,MW,FR,FR,actual_solar_generation,Solar,2026-07-30T03:20:47Z
2026-07-30T03:19:56Z,2026-07-30T05:19:56+0200,892469bd-1f88-49dd-9e5e-40938c7b963c,2026-07-05T03:45:00Z,2026-07-05T05:45:00+0200,214.48,MW,FR,FR,actual_solar_generation,Solar,2026-07-30T03:20:47Z
2026-07-30T03:19:56Z,2026-07-30T05:19:56+0200,892469bd-1f88-49dd-9e5e-40938c7b963c,2026-07-05T04:00:00Z,2026-07-05T06:00:00+0200,266.86,MW,FR,FR,actual_solar_generation,Solar,2026-07-30T03:20:47Z
2026-07-30T03:19:56Z,2026-07-30T05:19:56+0200,892469bd-1f88-49dd-9e5e-40938c7b963c,2026-07-05T04:15:00Z,2026-07-05T06:15:00+0200,355.41,MW,FR,FR,actual_solar_generation,Solar,2026-07-30T03:20:47Z
2026-07-30T03:19:56Z,2026-07-30T05:19:56+0200,892469bd-1f88-49dd-9e5e-40938c7b963c,2026-07-05T04:30:00Z,2026-07-05T06:30:00+0200,520.71,MW,FR,FR,actual_solar_generation,Solar,2026-07-30T03:20:47Z
2026-07-30T03:19:56Z,2026-07-30T05:19:56+0200,892469bd-1f88-49dd-9e5e-40938c7b963c,2026-07-05T04:45:00Z,2026-07-05T06:45:00+0200,815.4,MW,FR,FR,actual_solar_generation,Solar,2026-07-30T03:20:47Z
2026-07-30T03:19:56Z,2026-07-30T05:19:56+0200,892469bd-1f88-49dd-9e5e-40938c7b963c,2026-07-05T05:00:00Z,2026-07-05T07:00:00+0200,1227.57,MW,FR,FR,actual_solar_generation,Solar,2026-07-30T03:20:47Z
2026-07-30T03:19:56Z,2026-07-30T05:19:56+0200,892469bd-1f88-49dd-9e5e-40938c7b963c,2026-07-05T05:15:00Z,2026-07-05T07:15:00+0200,1765.95,MW,FR,FR,actual_solar_generation,Solar,2026-07-30T03:20:47Z
2026-07-30T03:19:56Z,2026-07-30T05:19:56+0200,892469bd-1f88-49dd-9e5e-40938c7b963c,2026-07-05T05:30:00Z,2026-07-05T07:30:00+0200,2485.84,MW,FR,FR,actual_solar_generation,Solar,2026-07-30T03:20:47Z
2026-07-30T03:19:56Z,2026-07-30T05:19:56+0200,892469bd-1f88-49dd-9e5e-40938c7b963c,2026-07-05T05:45:00Z,2026-07-05T07:45:00+0200,3036.56,MW,FR,FR,actual_solar_generation,Solar,2026-07-30T03:20:47Z
2026-07-30T03:19:56Z,2026-07-30T05:19:56+0200,892469bd-1f88-49dd-9e5e-40938c7b963c,2026-07-05T06:00:00Z,2026-07-05T08:00:00+0200,3302.17,MW,FR,FR,actual_solar_generation,Solar,2026-07-30T03:20:47Z
2026-07-30T03:19:56Z,2026-07-30T05:19:56+0200,892469bd-1f88-49dd-9e5e-40938c7b963c,2026-07-05T06:15:00Z,2026-07-05T08:15:00+0200,4138.15,MW,FR,FR,actual_solar_generation,Solar,2026-07-30T03:20:47Z
2026-07-30T03:19:56Z,2026-07-30T05:19:56+0200,892469bd-1f88-49dd-9e5e-40938c7b963c,2026-07-05T06:30:00Z,2026-07-05T08:30:00+0200,5065.54,MW,FR,FR,actual_solar_generation,Solar,2026-07-30T03:20:47Z
2026-07-30T03:19:56Z,2026-07-30T05:19:56+0200,892469bd-1f88-49dd-9e5e-40938c7b963c,2026-07-05T06:45:00Z,2026-07-05T08:45:00+0200,6014.79,MW,FR,FR,actual_solar_generation,Solar,2026-07-30T03:20:47Z
2026-07-30T03:19:56Z,2026-07-30T05:19:56+0200,892469bd-1f88-49dd-9e5e-40938c7b963c,2026-07-05T07:00:00Z,2026-07-05T09:00:00+0200,6997.02,MW,FR,FR,actual_solar_generation,Solar,2026-07-30T03:20:47Z
2026-07-30T03:19:56Z,2026-07-30T05:19:56+0200,892469bd-1f88-49dd-9e5e-40938c7b963c,2026-07-05T07:15:00Z,2026-07-05T09:15:00+0200,8014.72,MW,FR,FR,actual_solar_generation,Solar,2026-07-30T03:20:47Z
2026-07-30T03:19:56Z,2026-07-30T05:19:56+0200,892469bd-1f88-49dd-9e5e-40938c7b963c,2026-07-05T07:30:00Z,2026-07-05T09:30:00+0200,8963.28,MW,FR,FR,actual_solar_generation,Solar,2026-07-30T03:20:47Z
2026-07-30T03:19:56Z,2026-07-30T05:19:56+0200,892469bd-1f88-49dd-9e5e-40938c7b963c,2026-07-05T07:45:00Z,2026-07-05T09:45:00+0200,9855.79,MW,FR,FR,actual_solar_generation,Solar,2026-07-30T03:20:47Z
2026-07-30T03:19:56Z,2026-07-30T05:19:56+0200,892469bd-1f88-49dd-9e5e-40938c7b963c,2026-07-05T08:00:00Z,2026-07-05T10:00:00+0200,10753.36,MW,FR,FR,actual_solar_generation,Solar,2026-07-30T03:20:47Z
2026-07-30T03:19:56Z,2026-07-30T05:19:56+0200,892469bd-1f88-49dd-9e5e-40938c7b963c,2026-07-05T08:15:00Z,2026-07-05T10:15:00+0200,11577.97,MW,FR,FR,actual_solar_generation,Solar,2026-07-30T03:20:47Z
2026-07-30T03:19:56Z,2026-07-30T05:19:56+0200,892469bd-1f88-49dd-9e5e-40938c7b963c,2026-07-05T08:30:00Z,2026-07-05T10:30:00+0200,12121.52,MW,FR,FR,actual_solar_generation,Solar,2026-07-30T03:20:47Z
2026-07-30T03:19:56Z,2026-07-30T05:19:56+0200,892469bd-1f88-49dd-9e5e-40938c7b963c,2026-07-05T08:45:00Z,2026-07-05T10:45:00+0200,12692.49,MW,FR,FR,actual_solar_generation,Solar,2026-07-30T03:20:47Z
2026-07-30T03:19:56Z,2026-07-30T05:19:56+0200,892469bd-1f88-49dd-9e5e-40938c7b963c,2026-07-05T09:00:00Z,2026-07-05T11:00:00+0200,13330.6,MW,FR,FR,actual_solar_generation,Solar,2026-07-30T03:20:47Z
2026-07-30T03:19:56Z,2026-07-30T05:19:56+0200,892469bd-1f88-49dd-9e5e-40938c7b963c,2026-07-05T09:15:00Z,2026-07-05T11:15:00+0200,13600.54,MW,FR,FR,actual_solar_generation,Solar,2026-07-30T03:20:47Z
2026-07-30T03:19:56Z,2026-07-30T05:19:56+0200,892469bd-1f88-49dd-9e5e-40938c7b963c,2026-07-05T09:30:00Z,2026-07-05T11:30:00+0200,13266.31,MW,FR,FR,actual_solar_generation,Solar,2026-07-30T03:20:47Z
2026-07-30T03:19:56Z,2026-07-30T05:19:56+0200,892469bd-1f88-49dd-9e5e-40938c7b963c,2026-07-05T09:45:00Z,2026-07-05T11:45:00+0200,13296.18,MW,FR,FR,actual_solar_generation,Solar,2026-07-30T03:20:47Z
2026-07-30T03:19:56Z,2026-07-30T05:19:56+0200,892469bd-1f88-49dd-9e5e-40938c7b963c,2026-07-05T10:00:00Z,2026-07-05T12:00:00+0200,14396.2,MW,FR,FR,actual_solar_generation,Solar,2026-07-30T03:20:47Z
2026-07-30T03:19:56Z,2026-07-30T05:19:56+0200,892469bd-1f88-49dd-9e5e-40938c7b963c,2026-07-05T10:15:00Z,2026-07-05T12:15:00+0200,15187.86,MW,FR,FR,actual_solar_generation,Solar,2026-07-30T03:20:47Z
2026-07-30T03:19:56Z,2026-07-30T05:19:56+0200,892469bd-1f88-49dd-9e5e-40938c7b963c,2026-07-05T10:30:00Z,2026-07-05T12:30:00+0200,15236.78,MW,FR,FR,actual_solar_generation,Solar,2026-07-30T03:20:47Z
2026-07-30T03:19:56Z,2026-07-30T05:19:56+0200,892469bd-1f88-49dd-9e5e-40938c7b963c,2026-07-05T10:45:00Z,2026-07-05T12:45:00+0200,14397.74,MW,FR,FR,actual_solar_generation,Solar,2026-07-30T03:20:47Z
2026-07-30T03:19:56Z,2026-07-30T05:19:56+0200,892469bd-1f88-49dd-9e5e-40938c7b963c,2026-07-05T11:00:00Z,2026-07-05T13:00:00+0200,12983.33,MW,FR,FR,actual_solar_generation,Solar,2026-07-30T03:20:47Z
2026-07-30T03:19:56Z,2026-07-30T05:19:56+0200,892469bd-1f88-49dd-9e5e-40938c7b963c,2026-07-05T11:15:00Z,2026-07-05T13:15:00+0200,12920.67,MW,FR,FR,actual_solar_generation,Solar,2026-07-30T03:20:47Z
2026-07-30T03:19:56Z,2026-07-30T05:19:56+0200,892469bd-1f88-49dd-9e5e-40938c7b963c,2026-07-05T11:30:00Z,2026-07-05T13:30:00+0200,12981.41,MW,FR,FR,actual_solar_generation,Solar,2026-07-30T03:20:47Z
2026-07-30T03:19:56Z,2026-07-30T05:19:56+0200,892469bd-1f88-49dd-9e5e-40938c7b963c,2026-07-05T11:45:00Z,2026-07-05T13:45:00+0200,12971.02,MW,FR,FR,actual_solar_generation,Solar,2026-07-30T03:20:47Z
2026-07-30T03:19:56Z,2026-07-30T05:19:56+0200,892469bd-1f88-49dd-9e5e-40938c7b963c,2026-07-05T12:00:00Z,2026-07-05T14:00:00+0200,12943.74,MW,FR,FR,actual_solar_generation,Solar,2026-07-30T03:20:47Z
2026-07-30T03:19:56Z,2026-07-30T05:19:56+0200,892469bd-1f88-49dd-9e5e-40938c7b963c,2026-07-05T12:15:00Z,2026-07-05T14:15:00+0200,12909.33,MW,FR,FR,actual_solar_generation,Solar,2026-07-30T03:20:47Z
2026-07-30T03:19:56Z,2026-07-30T05:19:56+0200,892469bd-1f88-49dd-9e5e-40938c7b963c,2026-07-05T12:30:00Z,2026-07-05T14:30:00+0200,12854.75,MW,FR,FR,actual_solar_generation,Solar,2026-07-30T03:20:47Z
2026-07-30T03:19:56Z,2026-07-30T05:19:56+0200,892469bd-1f88-49dd-9e5e-40938c7b963c,2026-07-05T12:45:00Z,2026-07-05T14:45:00+0200,12751.86,MW,FR,FR,actual_solar_generation,Solar,2026-07-30T03:20:47Z
2026-07-30T03:19:56Z,2026-07-30T05:19:56+0200,892469bd-1f88-49dd-9e5e-40938c7b963c,2026-07-05T13:00:00Z,2026-07-05T15:00:00+0200,12631.26,MW,FR,FR,actual_solar_generation,Solar,2026-07-30T03:20:47Z
2026-07-30T03:19:56Z,2026-07-30T05:19:56+0200,892469bd-1f88-49dd-9e5e-40938c7b963c,2026-07-05T13:15:00Z,2026-07-05T15:15:00+0200,12459.46,MW,FR,FR,actual_solar_generation,Solar,2026-07-30T03:20:47Z
2026-07-30T03:19:56Z,2026-07-30T05:19:56+0200,892469bd-1f88-49dd-9e5e-40938c7b963c,2026-07-05T13:30:00Z,2026-07-05T15:30:00+0200,12271.8,MW,FR,FR,actual_solar_generation,Solar,2026-07-30T03:20:47Z
2026-07-30T03:19:56Z,2026-07-30T05:19:56+0200,892469bd-1f88-49dd-9e5e-40938c7b963c,2026-07-05T13:45:00Z,2026-07-05T15:45:00+0200,12048.66,MW,FR,FR,actual_solar_generation,Solar,2026-07-30T03:20:47Z
2026-07-30T03:19:56Z,2026-07-30T05:19:56+0200,892469bd-1f88-49dd-9e5e-40938c7b963c,2026-07-05T14:00:00Z,2026-07-05T16:00:00+0200,11786.96,MW,FR,FR,actual_solar_generation,Solar,2026-07-30T03:20:47Z
2026-07-30T03:19:56Z,2026-07-30T05:19:56+0200,892469bd-1f88-49dd-9e5e-40938c7b963c,2026-07-05T14:15:00Z,2026-07-05T16:15:00+0200,11814.68,MW,FR,FR,actual_solar_generation,Solar,2026-07-30T03:20:47Z
2026-07-30T03:19:56Z,2026-07-30T05:19:56+0200,892469bd-1f88-49dd-9e5e-40938c7b963c,2026-07-05T14:30:00Z,2026-07-05T16:30:00+0200,12290.7,MW,FR,FR,actual_solar_generation,Solar,2026-07-30T03:20:47Z
2026-07-30T03:19:56Z,2026-07-30T05:19:56+0200,892469bd-1f88-49dd-9e5e-40938c7b963c,2026-07-05T14:45:00Z,2026-07-05T16:45:00+0200,12291.18,MW,FR,FR,actual_solar_generation,Solar,2026-07-30T03:20:47Z
2026-07-30T03:19:56Z,2026-07-30T05:19:56+0200,892469bd-1f88-49dd-9e5e-40938c7b963c,2026-07-05T15:00:00Z,2026-07-05T17:00:00+0200,12576.06,MW,FR,FR,actual_solar_generation,Solar,2026-07-30T03:20:47Z
2026-07-30T03:19:56Z,2026-07-30T05:19:56+0200,892469bd-1f88-49dd-9e5e-40938c7b963c,2026-07-05T15:15:00Z,2026-07-05T17:15:00+0200,12212.79,MW,FR,FR,actual_solar_generation,Solar,2026-07-30T03:20:47Z
2026-07-30T03:19:56Z,2026-07-30T05:19:56+0200,892469bd-1f88-49dd-9e5e-40938c7b963c,2026-07-05T15:30:00Z,2026-07-05T17:30:00+0200,11575.46,MW,FR,FR,actual_solar_generation,Solar,2026-07-30T03:20:47Z
2026-07-30T03:19:56Z,2026-07-30T05:19:56+0200,892469bd-1f88-49dd-9e5e-40938c7b963c,2026-07-05T15:45:00Z,2026-07-05T17:45:00+0200,10844.87,MW,FR,FR,actual_solar_generation,Solar,2026-07-30T03:20:47Z
2026-07-30T03:19:56Z,2026-07-30T05:19:56+0200,892469bd-1f88-49dd-9e5e-40938c7b963c,2026-07-05T16:00:00Z,2026-07-05T18:00:00+0200,11731.65,MW,FR,FR,actual_solar_generation,Solar,2026-07-30T03:20:47Z
2026-07-30T03:19:56Z,2026-07-30T05:19:56+0200,892469bd-1f88-49dd-9e5e-40938c7b963c,2026-07-05T16:15:00Z,2026-07-05T18:15:00+0200,12094.06,MW,FR,FR,actual_solar_generation,Solar,2026-07-30T03:20:47Z
2026-07-30T03:19:56Z,2026-07-30T05:19:56+0200,892469bd-1f88-49dd-9e5e-40938c7b963c,2026-07-05T16:30:00Z,2026-07-05T18:30:00+0200,11025.54,MW,FR,FR,actual_solar_generation,Solar,2026-07-30T03:20:47Z
2026-07-30T03:19:56Z,2026-07-30T05:19:56+0200,892469bd-1f88-49dd-9e5e-40938c7b963c,2026-07-05T16:45:00Z,2026-07-05T18:45:00+0200,9796.08,MW,FR,FR,actual_solar_generation,Solar,2026-07-30T03:20:47Z
2026-07-30T03:19:56Z,2026-07-30T05:19:56+0200,892469bd-1f88-49dd-9e5e-40938c7b963c,2026-07-05T17:00:00Z,2026-07-05T19:00:00+0200,8498.92,MW,FR,FR,actual_solar_generation,Solar,2026-07-30T03:20:47Z
2026-07-30T03:19:56Z,2026-07-30T05:19:56+0200,892469bd-1f88-49dd-9e5e-40938c7b963c,2026-07-05T17:15:00Z,2026-07-05T19:15:00+0200,7187.55,MW,FR,FR,actual_solar_generation,Solar,2026-07-30T03:20:47Z
2026-07-30T03:19:56Z,2026-07-30T05:19:56+0200,892469bd-1f88-49dd-9e5e-40938c7b963c,2026-07-05T17:30:00Z,2026-07-05T19:30:00+0200,5863.07,MW,FR,FR,actual_solar_generation,Solar,2026-07-30T03:20:47Z
2026-07-30T03:19:56Z,2026-07-30T05:19:56+0200,892469bd-1f88-49dd-9e5e-40938c7b963c,2026-07-05T17:45:00Z,2026-07-05T19:45:00+0200,4629.29,MW,FR,FR,actual_solar_generation,Solar,2026-07-30T03:20:47Z
2026-07-30T03:19:56Z,2026-07-30T05:19:56+0200,892469bd-1f88-49dd-9e5e-40938c7b963c,2026-07-05T18:00:00Z,2026-07-05T20:00:00+0200,3527.32,MW,FR,FR,actual_solar_generation,Solar,2026-07-30T03:20:47Z
2026-07-30T03:19:56Z,2026-07-30T05:19:56+0200,892469bd-1f88-49dd-9e5e-40938c7b963c,2026-07-05T18:15:00Z,2026-07-05T20:15:00+0200,2607.12,MW,FR,FR,actual_solar_generation,Solar,2026-07-30T03:20:47Z
2026-07-30T03:19:56Z,2026-07-30T05:19:56+0200,892469bd-1f88-49dd-9e5e-40938c7b963c,2026-07-05T18:30:00Z,2026-07-05T20:30:00+0200,1911.99,MW,FR,FR,actual_solar_generation,Solar,2026-07-30T03:20:47Z
2026-07-30T03:19:56Z,2026-07-30T05:19:56+0200,892469bd-1f88-49dd-9e5e-40938c7b963c,2026-07-05T18:45:00Z,2026-07-05T20:45:00+0200,1385.67,MW,FR,FR,actual_solar_generation,Solar,2026-07-30T03:20:47Z
2026-07-30T03:19:56Z,2026-07-30T05:19:56+0200,892469bd-1f88-49dd-9e5e-40938c7b963c,2026-07-05T19:00:00Z,2026-07-05T21:00:00+0200,958.84,MW,FR,FR,actual_solar_generation,Solar,2026-07-30T03:20:47Z
2026-07-30T03:19:56Z,2026-07-30T05:19:56+0200,892469bd-1f88-49dd-9e5e-40938c7b963c,2026-07-05T19:15:00Z,2026-07-05T21:15:00+0200,606.65,MW,FR,FR,actual_solar_generation,Solar,2026-07-30T03:20:47Z
2026-07-30T03:19:56Z,2026-07-30T05:19:56+0200,892469bd-1f88-49dd-9e5e-40938c7b963c,2026-07-05T19:30:00Z,2026-07-05T21:30:00+0200,369.18,MW,FR,FR,actual_solar_generation,Solar,2026-07-30T03:20:47Z
2026-07-30T03:19:56Z,2026-07-30T05:19:56+0200,892469bd-1f88-49dd-9e5e-40938c7b963c,2026-07-05T19:45:00Z,2026-07-05T21:45:00+0200,257.93,MW,FR,FR,actual_solar_generation,Solar,2026-07-30T03:20:47Z
2026-07-30T03:19:56Z,2026-07-30T05:19:56+0200,892469bd-1f88-49dd-9e5e-40938c7b963c,2026-07-05T20:00:00Z,2026-07-05T22:00:00+0200,208.89,MW,FR,FR,actual_solar_generation,Solar,2026-07-30T03:20:47Z
2026-07-30T03:19:56Z,2026-07-30T05:19:56+0200,892469bd-1f88-49dd-9e5e-40938c7b963c,2026-07-05T20:15:00Z,2026-07-05T22:15:00+0200,199.34,MW,FR,FR,actual_solar_generation,Solar,2026-07-30T03:20:47Z
2026-07-30T03:19:56Z,2026-07-30T05:19:56+0200,892469bd-1f88-49dd-9e5e-40938c7b963c,2026-07-05T20:30:00Z,2026-07-05T22:30:00+0200,196.69,MW,FR,FR,actual_solar_generation,Solar,2026-07-30T03:20:47Z
2026-07-30T03:19:56Z,2026-07-30T05:19:56+0200,892469bd-1f88-49dd-9e5e-40938c7b963c,2026-07-05T20:45:00Z,2026-07-05T22:45:00+0200,196.25,MW,FR,FR,actual_solar_generation,Solar,2026-07-30T03:20:47Z
2026-07-30T03:19:56Z,2026-07-30T05:19:56+0200,892469bd-1f88-49dd-9e5e-40938c7b963c,2026-07-05T21:00:00Z,2026-07-05T23:00:00+0200,194.46,MW,FR,FR,actual_solar_generation,Solar,2026-07-30T03:20:47Z
2026-07-30T03:19:56Z,2026-07-30T05:19:56+0200,892469bd-1f88-49dd-9e5e-40938c7b963c,2026-07-05T21:15:00Z,2026-07-05T23:15:00+0200,194.31,MW,FR,FR,actual_solar_generation,Solar,2026-07-30T03:20:47Z
2026-07-30T03:19:56Z,2026-07-30T05:19:56+0200,892469bd-1f88-49dd-9e5e-40938c7b963c,2026-07-05T21:30:00Z,2026-07-05T23:30:00+0200,193.63,MW,FR,FR,actual_solar_generation,Solar,2026-07-30T03:20:47Z
2026-07-30T03:19:56Z,2026-07-30T05:19:56+0200,892469bd-1f88-49dd-9e5e-40938c7b963c,2026-07-05T21:45:00Z,2026-07-05T23:45:00+0200,194.75,MW,FR,FR,actual_solar_generation,Solar,2026-07-30T03:20:47Z
2026-07-30T03:19:56Z,2026-07-30T05:19:56+0200,892469bd-1f88-49dd-9e5e-40938c7b963c,2026-07-05T22:00:00Z,2026-07-06T00:00:00+0200,0.0,MW,FR,FR,actual_solar_generation,Solar,2026-07-30T03:20:47Z
2026-07-30T03:19:56Z,2026-07-30T05:19:56+0200,892469bd-1f88-49dd-9e5e-40938c7b963c,2026-07-05T22:15:00Z,2026-07-06T00:15:00+0200,0.0,MW,FR,FR,actual_solar_generation,Solar,2026-07-30T03:20:47Z
2026-07-30T03:19:56Z,2026-07-30T05:19:56+0200,892469bd-1f88-49dd-9e5e-40938c7b963c,2026-07-05T22:30:00Z,2026-07-06T00:30:00+0200,0.0,MW,FR,FR,actual_solar_generation,Solar,2026-07-30T03:20:47Z
2026-07-30T03:19:56Z,2026-07-30T05:19:56+0200,892469bd-1f88-49dd-9e5e-40938c7b963c,2026-07-05T22:45:00Z,2026-07-06T00:45:00+0200,0.0,MW,FR,FR,actual_solar_generation,Solar,2026-07-30T03:20:47Z
2026-07-30T03:19:56Z,2026-07-30T05:19:56+0200,892469bd-1f88-49dd-9e5e-40938c7b963c,2026-07-05T23:00:00Z,2026-07-06T01:00:00+0200,0.0,MW,FR,FR,actual_solar_generation,Solar,2026-07-30T03:20:47Z
2026-07-30T03:19:56Z,2026-07-30T05:19:56+0200,892469bd-1f88-49dd-9e5e-40938c7b963c,2026-07-05T23:15:00Z,2026-07-06T01:15:00+0200,0.0,MW,FR,FR,actual_solar_generation,Solar,2026-07-30T03:20:47Z
2026-07-30T03:19:56Z,2026-07-30T05:19:56+0200,892469bd-1f88-49dd-9e5e-40938c7b963c,2026-07-05T23:30:00Z,2026-07-06T01:30:00+0200,0.0,MW,FR,FR,actual_solar_generation,Solar,2026-07-30T03:20:47Z
2026-07-30T03:19:56Z,2026-07-30T05:19:56+0200,892469bd-1f88-49dd-9e5e-40938c7b963c,2026-07-05T23:45:00Z,2026-07-06T01:45:00+0200,0.0,MW,FR,FR,actual_solar_generation,Solar,2026-07-30T03:20:47Z
2026-07-30T03:19:56Z,2026-07-30T05:19:56+0200,892469bd-1f88-49dd-9e5e-40938c7b963c,2026-07-06T00:00:00Z,2026-07-06T02:00:00+0200,0.0,MW,FR,FR,actual_solar_generation,Solar,2026-07-30T03:20:47Z
2026-07-30T03:19:56Z,2026-07-30T05:19:56+0200,892469bd-1f88-49dd-9e5e-40938c7b963c,2026-07-06T00:15:00Z,2026-07-06T02:15:00+0200,0.0,MW,FR,FR,actual_solar_generation,Solar,2026-07-30T03:20:47Z
2026-07-30T03:19:56Z,2026-07-30T05:19:56+0200,892469bd-1f88-49dd-9e5e-40938c7b963c,2026-07-06T00:30:00Z,2026-07-06T02:30:00+0200,0.0,MW,FR,FR,actual_solar_generation,Solar,2026-07-30T03:20:47Z
2026-07-30T03:19:56Z,2026-07-30T05:19:56+0200,892469bd-1f88-49dd-9e5e-40938c7b963c,2026-07-06T00:45:00Z,2026-07-06T02:45:00+0200,0.0,MW,FR,FR,actual_solar_generation,Solar,2026-07-30T03:20:47Z
2026-07-30T03:19:56Z,2026-07-30T05:19:56+0200,892469bd-1f88-49dd-9e5e-40938c7b963c,2026-07-06T01:00:00Z,2026-07-06T03:00:00+0200,0.0,MW,FR,FR,actual_solar_generation,Solar,2026-07-30T03:20:47Z
2026-07-30T03:19:56Z,2026-07-30T05:19:56+0200,892469bd-1f88-49dd-9e5e-40938c7b963c,2026-07-06T01:15:00Z,2026-07-06T03:15:00+0200,0.0,MW,FR,FR,actual_solar_generation,Solar,2026-07-30T03:20:47Z
2026-07-30T03:19:56Z,2026-07-30T05:19:56+0200,892469bd-1f88-49dd-9e5e-40938c7b963c,2026-07-06T01:30:00Z,2026-07-06T03:30:00+0200,0.0,MW,FR,FR,actual_solar_generation,Solar,2026-07-30T03:20:47Z
2026-07-30T03:19:56Z,2026-07-30T05:19:56+0200,892469bd-1f88-49dd-9e5e-40938c7b963c,2026-07-06T01:45:00Z,2026-07-06T03:45:00+0200,0.0,MW,FR,FR,actual_solar_generation,Solar,2026-07-30T03:20:47Z
2026-07-30T03:19:56Z,2026-07-30T05:19:56+0200,892469bd-1f88-49dd-9e5e-40938c7b963c,2026-07-06T02:00:00Z,2026-07-06T04:00:00+0200,0.0,MW,FR,FR,actual_solar_generation,Solar,2026-07-30T03:20:47Z
2026-07-30T03:19:56Z,2026-07-30T05:19:56+0200,892469bd-1f88-49dd-9e5e-40938c7b963c,2026-07-06T02:15:00Z,2026-07-06T04:15:00+0200,0.0,MW,FR,FR,actual_solar_generation,Solar,2026-07-30T03:20:47Z
2026-07-30T03:19:56Z,2026-07-30T05:19:56+0200,892469bd-1f88-49dd-9e5e-40938c7b963c,2026-07-06T02:30:00Z,2026-07-06T04:30:00+0200,0.0,MW,FR,FR,actual_solar_generation,Solar,2026-07-30T03:20:47Z
2026-07-30T03:19:56Z,2026-07-30T05:19:56+0200,892469bd-1f88-49dd-9e5e-40938c7b963c,2026-07-06T02:45:00Z,2026-07-06T04:45:00+0200,0.0,MW,FR,FR,actual_solar_generation,Solar,2026-07-30T03:20:47Z
2026-07-30T03:19:56Z,2026-07-30T05:19:56+0200,892469bd-1f88-49dd-9e5e-40938c7b963c,2026-07-06T03:00:00Z,2026-07-06T05:00:00+0200,189.6,MW,FR,FR,actual_solar_generation,Solar,2026-07-30T03:20:47Z
2026-07-30T03:19:56Z,2026-07-30T05:19:56+0200,892469bd-1f88-49dd-9e5e-40938c7b963c,2026-07-06T03:15:00Z,2026-07-06T05:15:00+0200,189.9,MW,FR,FR,actual_solar_generation,Solar,2026-07-30T03:20:47Z
2026-07-30T03:19:56Z,2026-07-30T05:19:56+0200,892469bd-1f88-49dd-9e5e-40938c7b963c,2026-07-06T03:30:00Z,2026-07-06T05:30:00+0200,194.33,MW,FR,FR,actual_solar_generation,Solar,2026-07-30T03:20:47Z
2026-07-30T03:19:56Z,2026-07-30T05:19:56+0200,892469bd-1f88-49dd-9e5e-40938c7b963c,2026-07-06T03:45:00Z,2026-07-06T05:45:00+0200,217.23,MW,FR,FR,actual_solar_generation,Solar,2026-07-30T03:20:47Z
2026-07-30T03:19:56Z,2026-07-30T05:19:56+0200,892469bd-1f88-49dd-9e5e-40938c7b963c,2026-07-06T04:00:00Z,2026-07-06T06:00:00+0200,273.69,MW,FR,FR,actual_solar_generation,Solar,2026-07-30T03:20:47Z
2026-07-30T03:19:56Z,2026-07-30T05:19:56+0200,892469bd-1f88-49dd-9e5e-40938c7b963c,2026-07-06T04:15:00Z,2026-07-06T06:15:00+0200,357.68,MW,FR,FR,actual_solar_generation,Solar,2026-07-30T03:20:47Z
2026-07-30T03:19:56Z,2026-07-30T05:19:56+0200,892469bd-1f88-49dd-9e5e-40938c7b963c,2026-07-06T04:30:00Z,2026-07-06T06:30:00+0200,523.05,MW,FR,FR,actual_solar_generation,Solar,2026-07-30T03:20:47Z
2026-07-30T03:19:56Z,2026-07-30T05:19:56+0200,892469bd-1f88-49dd-9e5e-40938c7b963c,2026-07-06T04:45:00Z,2026-07-06T06:45:00+0200,829.97,MW,FR,FR,actual_solar_generation,Solar,2026-07-30T03:20:47Z
2026-07-30T03:19:56Z,2026-07-30T05:19:56+0200,892469bd-1f88-49dd-9e5e-40938c7b963c,2026-07-06T05:00:00Z,2026-07-06T07:00:00+0200,1228.83,MW,FR,FR,actual_solar_generation,Solar,2026-07-30T03:20:47Z
2026-07-30T03:19:56Z,2026-07-30T05:19:56+0200,892469bd-1f88-49dd-9e5e-40938c7b963c,2026-07-06T05:15:00Z,2026-07-06T07:15:00+0200,1762.92,MW,FR,FR,actual_solar_generation,Solar,2026-07-30T03:20:47Z
2026-07-30T03:19:56Z,2026-07-30T05:19:56+0200,892469bd-1f88-49dd-9e5e-40938c7b963c,2026-07-06T05:30:00Z,2026-07-06T07:30:00+0200,2484.01,MW,FR,FR,actual_solar_generation,Solar,2026-07-30T03:20:47Z
2026-07-30T03:19:56Z,2026-07-30T05:19:56+0200,892469bd-1f88-49dd-9e5e-40938c7b963c,2026-07-06T05:45:00Z,2026-07-06T07:45:00+0200,3311.01,MW,FR,FR,actual_solar_generation,Solar,2026-07-30T03:20:47Z
2026-07-30T03:19:56Z,2026-07-30T05:19:56+0200,892469bd-1f88-49dd-9e5e-40938c7b963c,2026-07-06T06:00:00Z,2026-07-06T08:00:00+0200,4310.34,MW,FR,FR,actual_solar_generation,Solar,2026-07-30T03:20:47Z
2026-07-30T03:19:56Z,2026-07-30T05:19:56+0200,892469bd-1f88-49dd-9e5e-40938c7b963c,2026-07-06T06:15:00Z,2026-07-06T08:15:00+0200,5527.33,MW,FR,FR,actual_solar_generation,Solar,2026-07-30T03:20:47Z
2026-07-30T03:19:56Z,2026-07-30T05:19:56+0200,892469bd-1f88-49dd-9e5e-40938c7b963c,2026-07-06T06:30:00Z,2026-07-06T08:30:00+0200,6876.17,MW,FR,FR,actual_solar_generation,Solar,2026-07-30T03:20:47Z
2026-07-30T03:19:56Z,2026-07-30T05:19:56+0200,892469bd-1f88-49dd-9e5e-40938c7b963c,2026-07-06T06:45:00Z,2026-07-06T08:45:00+0200,8212.92,MW,FR,FR,actual_solar_generation,Solar,2026-07-30T03:20:47Z
2026-07-30T03:19:56Z,2026-07-30T05:19:56+0200,892469bd-1f88-49dd-9e5e-40938c7b963c,2026-07-06T07:00:00Z,2026-07-06T09:00:00+0200,9581.2,MW,FR,FR,actual_solar_generation,Solar,2026-07-30T03:20:47Z
2026-07-30T03:19:56Z,2026-07-30T05:19:56+0200,892469bd-1f88-49dd-9e5e-40938c7b963c,2026-07-06T07:15:00Z,2026-07-06T09:15:00+0200,11014.2,MW,FR,FR,actual_solar_generation,Solar,2026-07-30T03:20:47Z
2026-07-30T03:19:56Z,2026-07-30T05:19:56+0200,892469bd-1f88-49dd-9e5e-40938c7b963c,2026-07-06T07:30:00Z,2026-07-06T09:30:00+0200,12283.35,MW,FR,FR,actual_solar_generation,Solar,2026-07-30T03:20:47Z
2026-07-30T03:19:56Z,2026-07-30T05:19:56+0200,892469bd-1f88-49dd-9e5e-40938c7b963c,2026-07-06T07:45:00Z,2026-07-06T09:45:00+0200,13559.37,MW,FR,FR,actual_solar_generation,Solar,2026-07-30T03:20:47Z
2026-07-30T03:19:56Z,2026-07-30T05:19:56+0200,892469bd-1f88-49dd-9e5e-40938c7b963c,2026-07-06T08:00:00Z,2026-07-06T10:00:00+0200,14709.67,MW,FR,FR,actual_solar_generation,Solar,2026-07-30T03:20:47Z
2026-07-30T03:19:56Z,2026-07-30T05:19:56+0200,892469bd-1f88-49dd-9e5e-40938c7b963c,2026-07-06T08:15:00Z,2026-07-06T10:15:00+0200,15921.84,MW,FR,FR,actual_solar_generation,Solar,2026-07-30T03:20:47Z
2026-07-30T03:19:56Z,2026-07-30T05:19:56+0200,892469bd-1f88-49dd-9e5e-40938c7b963c,2026-07-06T08:30:00Z,2026-07-06T10:30:00+0200,16879.82,MW,FR,FR,actual_solar_generation,Solar,2026-07-30T03:20:47Z
2026-07-30T03:19:56Z,2026-07-30T05:19:56+0200,892469bd-1f88-49dd-9e5e-40938c7b963c,2026-07-06T08:45:00Z,2026-07-06T10:45:00+0200,17792.49,MW,FR,FR,actual_solar_generation,Solar,2026-07-30T03:20:47Z
2026-07-30T03:19:56Z,2026-07-30T05:19:56+0200,892469bd-1f88-49dd-9e5e-40938c7b963c,2026-07-06T09:00:00Z,2026-07-06T11:00:00+0200,18683.04,MW,FR,FR,actual_solar_generation,Solar,2026-07-30T03:20:47Z
2026-07-30T03:19:56Z,2026-07-30T05:19:56+0200,892469bd-1f88-49dd-9e5e-40938c7b963c,2026-07-06T09:15:00Z,2026-07-06T11:15:00+0200,19332.01,MW,FR,FR,actual_solar_generation,Solar,2026-07-30T03:20:47Z
2026-07-30T03:19:56Z,2026-07-30T05:19:56+0200,892469bd-1f88-49dd-9e5e-40938c7b963c,2026-07-06T09:30:00Z,2026-07-06T11:30:00+0200,19925.88,MW,FR,FR,actual_solar_generation,Solar,2026-07-30T03:20:47Z
2026-07-30T03:19:56Z,2026-07-30T05:19:56+0200,892469bd-1f88-49dd-9e5e-40938c7b963c,2026-07-06T09:45:00Z,2026-07-06T11:45:00+0200,20428.0,MW,FR,FR,actual_solar_generation,Solar,2026-07-30T03:20:47Z
2026-07-30T03:19:56Z,2026-07-30T05:19:56+0200,892469bd-1f88-49dd-9e5e-40938c7b963c,2026-07-06T10:00:00Z,2026-07-06T12:00:00+0200,20826.74,MW,FR,FR,actual_solar_generation,Solar,2026-07-30T03:20:47Z
2026-07-30T03:19:56Z,2026-07-30T05:19:56+0200,892469bd-1f88-49dd-9e5e-40938c7b963c,2026-07-06T10:15:00Z,2026-07-06T12:15:00+0200,21170.48,MW,FR,FR,actual_solar_generation,Solar,2026-07-30T03:20:47Z
2026-07-30T03:19:56Z,2026-07-30T05:19:56+0200,892469bd-1f88-49dd-9e5e-40938c7b963c,2026-07-06T10:30:00Z,2026-07-06T12:30:00+0200,21471.71,MW,FR,FR,actual_solar_generation,Solar,2026-07-30T03:20:47Z
2026-07-30T03:19:56Z,2026-07-30T05:19:56+0200,892469bd-1f88-49dd-9e5e-40938c7b963c,2026-07-06T10:45:00Z,2026-07-06T12:45:00+0200,21688.22,MW,FR,FR,actual_solar_generation,Solar,2026-07-30T03:20:47Z
2026-07-30T03:19:56Z,2026-07-30T05:19:56+0200,892469bd-1f88-49dd-9e5e-40938c7b963c,2026-07-06T11:00:00Z,2026-07-06T13:00:00+0200,21787.76,MW,FR,FR,actual_solar_generation,Solar,2026-07-30T03:20:47Z
2026-07-30T03:19:56Z,2026-07-30T05:19:56+0200,892469bd-1f88-49dd-9e5e-40938c7b963c,2026-07-06T11:15:00Z,2026-07-06T13:15:00+0200,21842.69,MW,FR,FR,actual_solar_generation,Solar,2026-07-30T03:20:47Z
2026-07-30T03:19:56Z,2026-07-30T05:19:56+0200,892469bd-1f88-49dd-9e5e-40938c7b963c,2026-07-06T11:30:00Z,2026-07-06T13:30:00+0200,21830.93,MW,FR,FR,actual_solar_generation,Solar,2026-07-30T03:20:47Z
2026-07-30T03:19:56Z,2026-07-30T05:19:56+0200,892469bd-1f88-49dd-9e5e-40938c7b963c,2026-07-06T11:45:00Z,2026-07-06T13:45:00+0200,21843.83,MW,FR,FR,actual_solar_generation,Solar,2026-07-30T03:20:47Z
2026-07-30T03:19:56Z,2026-07-30T05:19:56+0200,892469bd-1f88-49dd-9e5e-40938c7b963c,2026-07-06T12:00:00Z,2026-07-06T14:00:00+0200,21655.98,MW,FR,FR,actual_solar_generation,Solar,2026-07-30T03:20:47Z
2026-07-30T03:19:56Z,2026-07-30T05:19:56+0200,892469bd-1f88-49dd-9e5e-40938c7b963c,2026-07-06T12:15:00Z,2026-07-06T14:15:00+0200,21603.0,MW,FR,FR,actual_solar_generation,Solar,2026-07-30T03:20:47Z
2026-07-30T03:19:56Z,2026-07-30T05:19:56+0200,892469bd-1f88-49dd-9e5e-40938c7b963c,2026-07-06T12:30:00Z,2026-07-06T14:30:00+0200,21505.43,MW,FR,FR,actual_solar_generation,Solar,2026-07-30T03:20:47Z
2026-07-30T03:19:56Z,2026-07-30T05:19:56+0200,892469bd-1f88-49dd-9e5e-40938c7b963c,2026-07-06T12:45:00Z,2026-07-06T14:45:00+0200,21374.81,MW,FR,FR,actual_solar_generation,Solar,2026-07-30T03:20:47Z
2026-07-30T03:19:56Z,2026-07-30T05:19:56+0200,892469bd-1f88-49dd-9e5e-40938c7b963c,2026-07-06T13:00:00Z,2026-07-06T15:00:00+0200,21218.9,MW,FR,FR,actual_solar_generation,Solar,2026-07-30T03:20:47Z
2026-07-30T03:19:56Z,2026-07-30T05:19:56+0200,892469bd-1f88-49dd-9e5e-40938c7b963c,2026-07-06T13:15:00Z,2026-07-06T15:15:00+0200,20991.88,MW,FR,FR,actual_solar_generation,Solar,2026-07-30T03:20:47Z
2026-07-30T03:19:56Z,2026-07-30T05:19:56+0200,892469bd-1f88-49dd-9e5e-40938c7b963c,2026-07-06T13:30:00Z,2026-07-06T15:30:00+0200,20675.91,MW,FR,FR,actual_solar_generation,Solar,2026-07-30T03:20:47Z
2026-07-30T03:19:56Z,2026-07-30T05:19:56+0200,892469bd-1f88-49dd-9e5e-40938c7b963c,2026-07-06T13:45:00Z,2026-07-06T15:45:00+0200,20250.25,MW,FR,FR,actual_solar_generation,Solar,2026-07-30T03:20:47Z
2026-07-30T03:19:56Z,2026-07-30T05:19:56+0200,892469bd-1f88-49dd-9e5e-40938c7b963c,2026-07-06T14:00:00Z,2026-07-06T16:00:00+0200,19808.38,MW,FR,FR,actual_solar_generation,Solar,2026-07-30T03:20:47Z
2026-07-30T03:19:56Z,2026-07-30T05:19:56+0200,892469bd-1f88-49dd-9e5e-40938c7b963c,2026-07-06T14:15:00Z,2026-07-06T16:15:00+0200,19316.72,MW,FR,FR,actual_solar_generation,Solar,2026-07-30T03:20:47Z
2026-07-30T03:19:56Z,2026-07-30T05:19:56+0200,892469bd-1f88-49dd-9e5e-40938c7b963c,2026-07-06T14:30:00Z,2026-07-06T16:30:00+0200,18758.65,MW,FR,FR,actual_solar_generation,Solar,2026-07-30T03:20:47Z
2026-07-30T03:19:56Z,2026-07-30T05:19:56+0200,892469bd-1f88-49dd-9e5e-40938c7b963c,2026-07-06T14:45:00Z,2026-07-06T16:45:00+0200,18088.48,MW,FR,FR,actual_solar_generation,Solar,2026-07-30T03:20:47Z
2026-07-30T03:19:56Z,2026-07-30T05:19:56+0200,892469bd-1f88-49dd-9e5e-40938c7b963c,2026-07-06T15:00:00Z,2026-07-06T17:00:00+0200,17326.76,MW,FR,FR,actual_solar_generation,Solar,2026-07-30T03:20:47Z
2026-07-30T03:19:56Z,2026-07-30T05:19:56+0200,892469bd-1f88-49dd-9e5e-40938c7b963c,2026-07-06T15:15:00Z,2026-07-06T17:15:00+0200,16461.67,MW,FR,FR,actual_solar_generation,Solar,2026-07-30T03:20:47Z
2026-07-30T03:19:56Z,2026-07-30T05:19:56+0200,892469bd-1f88-49dd-9e5e-40938c7b963c,2026-07-06T15:30:00Z,2026-07-06T17:30:00+0200,15594.7,MW,FR,FR,actual_solar_generation,Solar,2026-07-30T03:20:47Z
2026-07-30T03:19:56Z,2026-07-30T05:19:56+0200,892469bd-1f88-49dd-9e5e-40938c7b963c,2026-07-06T15:45:00Z,2026-07-06T17:45:00+0200,14535.62,MW,FR,FR,actual_solar_generation,Solar,2026-07-30T03:20:47Z
2026-07-30T03:19:56Z,2026-07-30T05:19:56+0200,892469bd-1f88-49dd-9e5e-40938c7b963c,2026-07-06T16:00:00Z,2026-07-06T18:00:00+0200,13486.44,MW,FR,FR,actual_solar_generation,Solar,2026-07-30T03:20:47Z
2026-07-30T03:19:56Z,2026-07-30T05:19:56+0200,892469bd-1f88-49dd-9e5e-40938c7b963c,2026-07-06T16:15:00Z,2026-07-06T18:15:00+0200,12335.49,MW,FR,FR,actual_solar_generation,Solar,2026-07-30T03:20:47Z
2026-07-30T03:19:56Z,2026-07-30T05:19:56+0200,892469bd-1f88-49dd-9e5e-40938c7b963c,2026-07-06T16:30:00Z,2026-07-06T18:30:00+0200,11170.72,MW,FR,FR,actual_solar_generation,Solar,2026-07-30T03:20:47Z
2026-07-30T03:19:56Z,2026-07-30T05:19:56+0200,892469bd-1f88-49dd-9e5e-40938c7b963c,2026-07-06T16:45:00Z,2026-07-06T18:45:00+0200,9973.71,MW,FR,FR,actual_solar_generation,Solar,2026-07-30T03:20:47Z
2026-07-30T03:19:56Z,2026-07-30T05:19:56+0200,892469bd-1f88-49dd-9e5e-40938c7b963c,2026-07-06T17:00:00Z,2026-07-06T19:00:00+0200,8637.35,MW,FR,FR,actual_solar_generation,Solar,2026-07-30T03:20:47Z
2026-07-30T03:19:56Z,2026-07-30T05:19:56+0200,892469bd-1f88-49dd-9e5e-40938c7b963c,2026-07-06T17:15:00Z,2026-07-06T19:15:00+0200,7284.25,MW,FR,FR,actual_solar_generation,Solar,2026-07-30T03:20:47Z
2026-07-30T03:19:56Z,2026-07-30T05:19:56+0200,892469bd-1f88-49dd-9e5e-40938c7b963c,2026-07-06T17:30:00Z,2026-07-06T19:30:00+0200,5958.15,MW,FR,FR,actual_solar_generation,Solar,2026-07-30T03:20:47Z
2026-07-30T03:19:56Z,2026-07-30T05:19:56+0200,892469bd-1f88-49dd-9e5e-40938c7b963c,2026-07-06T17:45:00Z,2026-07-06T19:45:00+0200,4706.44,MW,FR,FR,actual_solar_generation,Solar,2026-07-30T03:20:47Z
2026-07-30T03:19:56Z,2026-07-30T05:19:56+0200,892469bd-1f88-49dd-9e5e-40938c7b963c,2026-07-06T18:00:00Z,2026-07-06T20:00:00+0200,3583.01,MW,FR,FR,actual_solar_generation,Solar,2026-07-30T03:20:47Z
2026-07-30T03:19:56Z,2026-07-30T05:19:56+0200,892469bd-1f88-49dd-9e5e-40938c7b963c,2026-07-06T18:15:00Z,2026-07-06T20:15:00+0200,2649.96,MW,FR,FR,actual_solar_generation,Solar,2026-07-30T03:20:47Z
2026-07-30T03:19:56Z,2026-07-30T05:19:56+0200,892469bd-1f88-49dd-9e5e-40938c7b963c,2026-07-06T18:30:00Z,2026-07-06T20:30:00+0200,1941.26,MW,FR,FR,actual_solar_generation,Solar,2026-07-30T03:20:47Z
2026-07-30T03:19:56Z,2026-07-30T05:19:56+0200,892469bd-1f88-49dd-9e5e-40938c7b963c,2026-07-06T18:45:00Z,2026-07-06T20:45:00+0200,1417.23,MW,FR,FR,actual_solar_generation,Solar,2026-07-30T03:20:47Z
2026-07-30T03:19:56Z,2026-07-30T05:19:56+0200,892469bd-1f88-49dd-9e5e-40938c7b963c,2026-07-06T19:00:00Z,2026-07-06T21:00:00+0200,985.97,MW,FR,FR,actual_solar_generation,Solar,2026-07-30T03:20:47Z
2026-07-30T03:19:56Z,2026-07-30T05:19:56+0200,892469bd-1f88-49dd-9e5e-40938c7b963c,2026-07-06T19:15:00Z,2026-07-06T21:15:00+0200,613.22,MW,FR,FR,actual_solar_generation,Solar,2026-07-30T03:20:47Z
2026-07-30T03:19:56Z,2026-07-30T05:19:56+0200,892469bd-1f88-49dd-9e5e-40938c7b963c,2026-07-06T19:30:00Z,2026-07-06T21:30:00+0200,365.06,MW,FR,FR,actual_solar_generation,Solar,2026-07-30T03:20:47Z
2026-07-30T03:19:56Z,2026-07-30T05:19:56+0200,892469bd-1f88-49dd-9e5e-40938c7b963c,2026-07-06T19:45:00Z,2026-07-06T21:45:00+0200,255.37,MW,FR,FR,actual_solar_generation,Solar,2026-07-30T03:20:47Z
2026-07-30T03:19:56Z,2026-07-30T05:19:56+0200,892469bd-1f88-49dd-9e5e-40938c7b963c,2026-07-06T20:00:00Z,2026-07-06T22:00:00+0200,206.3,MW,FR,FR,actual_solar_generation,Solar,2026-07-30T03:20:47Z
2026-07-30T03:19:56Z,2026-07-30T05:19:56+0200,892469bd-1f88-49dd-9e5e-40938c7b963c,2026-07-06T20:15:00Z,2026-07-06T22:15:00+0200,195.13,MW,FR,FR,actual_solar_generation,Solar,2026-07-30T03:20:47Z
2026-07-30T03:19:56Z,2026-07-30T05:19:56+0200,892469bd-1f88-49dd-9e5e-40938c7b963c,2026-07-06T20:30:00Z,2026-07-06T22:30:00+0200,197.06,MW,FR,FR,actual_solar_generation,Solar,2026-07-30T03:20:47Z
2026-07-30T03:19:56Z,2026-07-30T05:19:56+0200,892469bd-1f88-49dd-9e5e-40938c7b963c,2026-07-06T20:45:00Z,2026-07-06T22:45:00+0200,198.82,MW,FR,FR,actual_solar_generation,Solar,2026-07-30T03:20:47Z
2026-07-30T03:19:56Z,2026-07-30T05:19:56+0200,892469bd-1f88-49dd-9e5e-40938c7b963c,2026-07-06T21:00:00Z,2026-07-06T23:00:00+0200,197.09,MW,FR,FR,actual_solar_generation,Solar,2026-07-30T03:20:47Z
2026-07-30T03:19:56Z,2026-07-30T05:19:56+0200,892469bd-1f88-49dd-9e5e-40938c7b963c,2026-07-06T21:15:00Z,2026-07-06T23:15:00+0200,193.46,MW,FR,FR,actual_solar_generation,Solar,2026-07-30T03:20:47Z
2026-07-30T03:19:56Z,2026-07-30T05:19:56+0200,892469bd-1f88-49dd-9e5e-40938c7b963c,2026-07-06T21:30:00Z,2026-07-06T23:30:00+0200,197.69,MW,FR,FR,actual_solar_generation,Solar,2026-07-30T03:20:47Z
2026-07-30T03:19:56Z,2026-07-30T05:19:56+0200,892469bd-1f88-49dd-9e5e-40938c7b963c,2026-07-06T21:45:00Z,2026-07-06T23:45:00+0200,193.79,MW,FR,FR,actual_solar_generation,Solar,2026-07-30T03:20:47Z
2026-07-30T03:19:56Z,2026-07-30T05:19:56+0200,892469bd-1f88-49dd-9e5e-40938c7b963c,2026-07-06T22:00:00Z,2026-07-07T00:00:00+0200,0.0,MW,FR,FR,actual_solar_generation,Solar,2026-07-30T03:20:47Z
2026-07-30T03:19:56Z,2026-07-30T05:19:56+0200,892469bd-1f88-49dd-9e5e-40938c7b963c,2026-07-06T22:15:00Z,2026-07-07T00:15:00+0200,0.0,MW,FR,FR,actual_solar_generation,Solar,2026-07-30T03:20:47Z
2026-07-30T03:19:56Z,2026-07-30T05:19:56+0200,892469bd-1f88-49dd-9e5e-40938c7b963c,2026-07-06T22:30:00Z,2026-07-07T00:30:00+0200,0.0,MW,FR,FR,actual_solar_generation,Solar,2026-07-30T03:20:47Z
2026-07-30T03:19:56Z,2026-07-30T05:19:56+0200,892469bd-1f88-49dd-9e5e-40938c7b963c,2026-07-06T22:45:00Z,2026-07-07T00:45:00+0200,0.0,MW,FR,FR,actual_solar_generation,Solar,2026-07-30T03:20:47Z
2026-07-30T03:19:56Z,2026-07-30T05:19:56+0200,892469bd-1f88-49dd-9e5e-40938c7b963c,2026-07-06T23:00:00Z,2026-07-07T01:00:00+0200,0.0,MW,FR,FR,actual_solar_generation,Solar,2026-07-30T03:20:47Z
2026-07-30T03:19:56Z,2026-07-30T05:19:56+0200,892469bd-1f88-49dd-9e5e-40938c7b963c,2026-07-06T23:15:00Z,2026-07-07T01:15:00+0200,0.0,MW,FR,FR,actual_solar_generation,Solar,2026-07-30T03:20:47Z
2026-07-30T03:19:56Z,2026-07-30T05:19:56+0200,892469bd-1f88-49dd-9e5e-40938c7b963c,2026-07-06T23:30:00Z,2026-07-07T01:30:00+0200,0.0,MW,FR,FR,actual_solar_generation,Solar,2026-07-30T03:20:47Z
2026-07-30T03:19:56Z,2026-07-30T05:19:56+0200,892469bd-1f88-49dd-9e5e-40938c7b963c,2026-07-06T23:45:00Z,2026-07-07T01:45:00+0200,0.0,MW,FR,FR,actual_solar_generation,Solar,2026-07-30T03:20:47Z
2026-07-30T03:19:56Z,2026-07-30T05:19:56+0200,892469bd-1f88-49dd-9e5e-40938c7b963c,2026-07-07T00:00:00Z,2026-07-07T02:00:00+0200,0.0,MW,FR,FR,actual_solar_generation,Solar,2026-07-30T03:20:47Z
2026-07-30T03:19:56Z,2026-07-30T05:19:56+0200,892469bd-1f88-49dd-9e5e-40938c7b963c,2026-07-07T00:15:00Z,2026-07-07T02:15:00+0200,0.0,MW,FR,FR,actual_solar_generation,Solar,2026-07-30T03:20:47Z
2026-07-30T03:19:56Z,2026-07-30T05:19:56+0200,892469bd-1f88-49dd-9e5e-40938c7b963c,2026-07-07T00:30:00Z,2026-07-07T02:30:00+0200,0.0,MW,FR,FR,actual_solar_generation,Solar,2026-07-30T03:20:47Z
2026-07-30T03:19:56Z,2026-07-30T05:19:56+0200,892469bd-1f88-49dd-9e5e-40938c7b963c,2026-07-07T00:45:00Z,2026-07-07T02:45:00+0200,0.0,MW,FR,FR,actual_solar_generation,Solar,2026-07-30T03:20:47Z
2026-07-30T03:19:56Z,2026-07-30T05:19:56+0200,892469bd-1f88-49dd-9e5e-40938c7b963c,2026-07-07T01:00:00Z,2026-07-07T03:00:00+0200,0.0,MW,FR,FR,actual_solar_generation,Solar,2026-07-30T03:20:47Z
2026-07-30T03:19:56Z,2026-07-30T05:19:56+0200,892469bd-1f88-49dd-9e5e-40938c7b963c,2026-07-07T01:15:00Z,2026-07-07T03:15:00+0200,0.0,MW,FR,FR,actual_solar_generation,Solar,2026-07-30T03:20:47Z
2026-07-30T03:19:56Z,2026-07-30T05:19:56+0200,892469bd-1f88-49dd-9e5e-40938c7b963c,2026-07-07T01:30:00Z,2026-07-07T03:30:00+0200,0.0,MW,FR,FR,actual_solar_generation,Solar,2026-07-30T03:20:47Z
2026-07-30T03:19:56Z,2026-07-30T05:19:56+0200,892469bd-1f88-49dd-9e5e-40938c7b963c,2026-07-07T01:45:00Z,2026-07-07T03:45:00+0200,0.0,MW,FR,FR,actual_solar_generation,Solar,2026-07-30T03:20:47Z
2026-07-30T03:19:56Z,2026-07-30T05:19:56+0200,892469bd-1f88-49dd-9e5e-40938c7b963c,2026-07-07T02:00:00Z,2026-07-07T04:00:00+0200,0.0,MW,FR,FR,actual_solar_generation,Solar,2026-07-30T03:20:47Z
2026-07-30T03:19:56Z,2026-07-30T05:19:56+0200,892469bd-1f88-49dd-9e5e-40938c7b963c,2026-07-07T02:15:00Z,2026-07-07T04:15:00+0200,0.0,MW,FR,FR,actual_solar_generation,Solar,2026-07-30T03:20:47Z
2026-07-30T03:19:56Z,2026-07-30T05:19:56+0200,892469bd-1f88-49dd-9e5e-40938c7b963c,2026-07-07T02:30:00Z,2026-07-07T04:30:00+0200,0.0,MW,FR,FR,actual_solar_generation,Solar,2026-07-30T03:20:47Z
2026-07-30T03:19:56Z,2026-07-30T05:19:56+0200,892469bd-1f88-49dd-9e5e-40938c7b963c,2026-07-07T02:45:00Z,2026-07-07T04:45:00+0200,0.0,MW,FR,FR,actual_solar_generation,Solar,2026-07-30T03:20:47Z
2026-07-30T03:19:56Z,2026-07-30T05:19:56+0200,892469bd-1f88-49dd-9e5e-40938c7b963c,2026-07-07T03:00:00Z,2026-07-07T05:00:00+0200,194.11,MW,FR,FR,actual_solar_generation,Solar,2026-07-30T03:20:47Z
2026-07-30T03:19:56Z,2026-07-30T05:19:56+0200,892469bd-1f88-49dd-9e5e-40938c7b963c,2026-07-07T03:15:00Z,2026-07-07T05:15:00+0200,190.23,MW,FR,FR,actual_solar_generation,Solar,2026-07-30T03:20:47Z
2026-07-30T03:19:56Z,2026-07-30T05:19:56+0200,892469bd-1f88-49dd-9e5e-40938c7b963c,2026-07-07T03:30:00Z,2026-07-07T05:30:00+0200,193.39,MW,FR,FR,actual_solar_generation,Solar,2026-07-30T03:20:47Z
2026-07-30T03:19:56Z,2026-07-30T05:19:56+0200,892469bd-1f88-49dd-9e5e-40938c7b963c,2026-07-07T03:45:00Z,2026-07-07T05:45:00+0200,216.13,MW,FR,FR,actual_solar_generation,Solar,2026-07-30T03:20:47Z
2026-07-30T03:19:56Z,2026-07-30T05:19:56+0200,892469bd-1f88-49dd-9e5e-40938c7b963c,2026-07-07T04:00:00Z,2026-07-07T06:00:00+0200,273.79,MW,FR,FR,actual_solar_generation,Solar,2026-07-30T03:20:47Z
2026-07-30T03:19:56Z,2026-07-30T05:19:56+0200,892469bd-1f88-49dd-9e5e-40938c7b963c,2026-07-07T04:15:00Z,2026-07-07T06:15:00+0200,358.84,MW,FR,FR,actual_solar_generation,Solar,2026-07-30T03:20:47Z
2026-07-30T03:19:56Z,2026-07-30T05:19:56+0200,892469bd-1f88-49dd-9e5e-40938c7b963c,2026-07-07T04:30:00Z,2026-07-07T06:30:00+0200,511.29,MW,FR,FR,actual_solar_generation,Solar,2026-07-30T03:20:47Z
2026-07-30T03:19:56Z,2026-07-30T05:19:56+0200,892469bd-1f88-49dd-9e5e-40938c7b963c,2026-07-07T04:45:00Z,2026-07-07T06:45:00+0200,798.35,MW,FR,FR,actual_solar_generation,Solar,2026-07-30T03:20:47Z
2026-07-30T03:19:56Z,2026-07-30T05:19:56+0200,892469bd-1f88-49dd-9e5e-40938c7b963c,2026-07-07T05:00:00Z,2026-07-07T07:00:00+0200,1197.37,MW,FR,FR,actual_solar_generation,Solar,2026-07-30T03:20:47Z
2026-07-30T03:19:56Z,2026-07-30T05:19:56+0200,892469bd-1f88-49dd-9e5e-40938c7b963c,2026-07-07T05:15:00Z,2026-07-07T07:15:00+0200,1720.37,MW,FR,FR,actual_solar_generation,Solar,2026-07-30T03:20:47Z
2026-07-30T03:19:56Z,2026-07-30T05:19:56+0200,892469bd-1f88-49dd-9e5e-40938c7b963c,2026-07-07T05:30:00Z,2026-07-07T07:30:00+0200,2431.12,MW,FR,FR,actual_solar_generation,Solar,2026-07-30T03:20:47Z
2026-07-30T03:19:56Z,2026-07-30T05:19:56+0200,892469bd-1f88-49dd-9e5e-40938c7b963c,2026-07-07T05:45:00Z,2026-07-07T07:45:00+0200,3309.04,MW,FR,FR,actual_solar_generation,Solar,2026-07-30T03:20:47Z
2026-07-30T03:19:56Z,2026-07-30T05:19:56+0200,892469bd-1f88-49dd-9e5e-40938c7b963c,2026-07-07T06:00:00Z,2026-07-07T08:00:00+0200,4244.15,MW,FR,FR,actual_solar_generation,Solar,2026-07-30T03:20:47Z
2026-07-30T03:19:56Z,2026-07-30T05:19:56+0200,892469bd-1f88-49dd-9e5e-40938c7b963c,2026-07-07T06:15:00Z,2026-07-07T08:15:00+0200,5399.73,MW,FR,FR,actual_solar_generation,Solar,2026-07-30T03:20:47Z
2026-07-30T03:19:56Z,2026-07-30T05:19:56+0200,892469bd-1f88-49dd-9e5e-40938c7b963c,2026-07-07T06:30:00Z,2026-07-07T08:30:00+0200,6657.04,MW,FR,FR,actual_solar_generation,Solar,2026-07-30T03:20:47Z
2026-07-30T03:19:56Z,2026-07-30T05:19:56+0200,892469bd-1f88-49dd-9e5e-40938c7b963c,2026-07-07T06:45:00Z,2026-07-07T08:45:00+0200,7975.28,MW,FR,FR,actual_solar_generation,Solar,2026-07-30T03:20:47Z
2026-07-30T03:19:56Z,2026-07-30T05:19:56+0200,892469bd-1f88-49dd-9e5e-40938c7b963c,2026-07-07T07:00:00Z,2026-07-07T09:00:00+0200,9237.46,MW,FR,FR,actual_solar_generation,Solar,2026-07-30T03:20:47Z
2026-07-30T03:19:56Z,2026-07-30T05:19:56+0200,892469bd-1f88-49dd-9e5e-40938c7b963c,2026-07-07T07:15:00Z,2026-07-07T09:15:00+0200,10640.24,MW,FR,FR,actual_solar_generation,Solar,2026-07-30T03:20:47Z
2026-07-30T03:19:56Z,2026-07-30T05:19:56+0200,892469bd-1f88-49dd-9e5e-40938c7b963c,2026-07-07T07:30:00Z,2026-07-07T09:30:00+0200,11919.04,MW,FR,FR,actual_solar_generation,Solar,2026-07-30T03:20:47Z
2026-07-30T03:19:56Z,2026-07-30T05:19:56+0200,892469bd-1f88-49dd-9e5e-40938c7b963c,2026-07-07T07:45:00Z,2026-07-07T09:45:00+0200,13216.46,MW,FR,FR,actual_solar_generation,Solar,2026-07-30T03:20:47Z
2026-07-30T03:19:56Z,2026-07-30T05:19:56+0200,892469bd-1f88-49dd-9e5e-40938c7b963c,2026-07-07T08:00:00Z,2026-07-07T10:00:00+0200,14309.9,MW,FR,FR,actual_solar_generation,Solar,2026-07-30T03:20:47Z
2026-07-30T03:19:56Z,2026-07-30T05:19:56+0200,892469bd-1f88-49dd-9e5e-40938c7b963c,2026-07-07T08:15:00Z,2026-07-07T10:15:00+0200,15383.82,MW,FR,FR,actual_solar_generation,Solar,2026-07-30T03:20:47Z
2026-07-30T03:19:56Z,2026-07-30T05:19:56+0200,892469bd-1f88-49dd-9e5e-40938c7b963c,2026-07-07T08:30:00Z,2026-07-07T10:30:00+0200,16386.69,MW,FR,FR,actual_solar_generation,Solar,2026-07-30T03:20:47Z
2026-07-30T03:19:56Z,2026-07-30T05:19:56+0200,892469bd-1f88-49dd-9e5e-40938c7b963c,2026-07-07T08:45:00Z,2026-07-07T10:45:00+0200,17195.28,MW,FR,FR,actual_solar_generation,Solar,2026-07-30T03:20:47Z
2026-07-30T03:19:56Z,2026-07-30T05:19:56+0200,892469bd-1f88-49dd-9e5e-40938c7b963c,2026-07-07T09:00:00Z,2026-07-07T11:00:00+0200,17968.86,MW,FR,FR,actual_solar_generation,Solar,2026-07-30T03:20:47Z
2026-07-30T03:19:56Z,2026-07-30T05:19:56+0200,892469bd-1f88-49dd-9e5e-40938c7b963c,2026-07-07T09:15:00Z,2026-07-07T11:15:00+0200,18666.09,MW,FR,FR,actual_solar_generation,Solar,2026-07-30T03:20:47Z
2026-07-30T03:19:56Z,2026-07-30T05:19:56+0200,892469bd-1f88-49dd-9e5e-40938c7b963c,2026-07-07T09:30:00Z,2026-07-07T11:30:00+0200,17659.49,MW,FR,FR,actual_solar_generation,Solar,2026-07-30T03:20:47Z
2026-07-30T03:19:56Z,2026-07-30T05:19:56+0200,892469bd-1f88-49dd-9e5e-40938c7b963c,2026-07-07T09:45:00Z,2026-07-07T11:45:00+0200,15280.38,MW,FR,FR,actual_solar_generation,Solar,2026-07-30T03:20:47Z
2026-07-30T03:19:56Z,2026-07-30T05:19:56+0200,892469bd-1f88-49dd-9e5e-40938c7b963c,2026-07-07T10:00:00Z,2026-07-07T12:00:00+0200,17952.07,MW,FR,FR,actual_solar_generation,Solar,2026-07-30T03:20:47Z
2026-07-30T03:19:56Z,2026-07-30T05:19:56+0200,892469bd-1f88-49dd-9e5e-40938c7b963c,2026-07-07T10:15:00Z,2026-07-07T12:15:00+0200,20404.76,MW,FR,FR,actual_solar_generation,Solar,2026-07-30T03:20:47Z
2026-07-30T03:19:56Z,2026-07-30T05:19:56+0200,892469bd-1f88-49dd-9e5e-40938c7b963c,2026-07-07T10:30:00Z,2026-07-07T12:30:00+0200,20643.94,MW,FR,FR,actual_solar_generation,Solar,2026-07-30T03:20:47Z
2026-07-30T03:19:56Z,2026-07-30T05:19:56+0200,892469bd-1f88-49dd-9e5e-40938c7b963c,2026-07-07T10:45:00Z,2026-07-07T12:45:00+0200,20792.92,MW,FR,FR,actual_solar_generation,Solar,2026-07-30T03:20:47Z
2026-07-30T03:19:56Z,2026-07-30T05:19:56+0200,892469bd-1f88-49dd-9e5e-40938c7b963c,2026-07-07T11:00:00Z,2026-07-07T13:00:00+0200,19030.45,MW,FR,FR,actual_solar_generation,Solar,2026-07-30T03:20:47Z
2026-07-30T03:19:56Z,2026-07-30T05:19:56+0200,892469bd-1f88-49dd-9e5e-40938c7b963c,2026-07-07T11:15:00Z,2026-07-07T13:15:00+0200,16544.49,MW,FR,FR,actual_solar_generation,Solar,2026-07-30T03:20:47Z
2026-07-30T03:19:56Z,2026-07-30T05:19:56+0200,892469bd-1f88-49dd-9e5e-40938c7b963c,2026-07-07T11:30:00Z,2026-07-07T13:30:00+0200,17301.18,MW,FR,FR,actual_solar_generation,Solar,2026-07-30T03:20:47Z
2026-07-30T03:19:56Z,2026-07-30T05:19:56+0200,892469bd-1f88-49dd-9e5e-40938c7b963c,2026-07-07T11:45:00Z,2026-07-07T13:45:00+0200,17319.74,MW,FR,FR,actual_solar_generation,Solar,2026-07-30T03:20:47Z
2026-07-30T03:19:56Z,2026-07-30T05:19:56+0200,892469bd-1f88-49dd-9e5e-40938c7b963c,2026-07-07T12:00:00Z,2026-07-07T14:00:00+0200,19554.57,MW,FR,FR,actual_solar_generation,Solar,2026-07-30T03:20:47Z
2026-07-30T03:19:56Z,2026-07-30T05:19:56+0200,892469bd-1f88-49dd-9e5e-40938c7b963c,2026-07-07T12:15:00Z,2026-07-07T14:15:00+0200,20944.9,MW,FR,FR,actual_solar_generation,Solar,2026-07-30T03:20:47Z
2026-07-30T03:19:56Z,2026-07-30T05:19:56+0200,892469bd-1f88-49dd-9e5e-40938c7b963c,2026-07-07T12:30:00Z,2026-07-07T14:30:00+0200,20332.92,MW,FR,FR,actual_solar_generation,Solar,2026-07-30T03:20:47Z
2026-07-30T03:19:56Z,2026-07-30T05:19:56+0200,892469bd-1f88-49dd-9e5e-40938c7b963c,2026-07-07T12:45:00Z,2026-07-07T14:45:00+0200,18578.84,MW,FR,FR,actual_solar_generation,Solar,2026-07-30T03:20:47Z
2026-07-30T03:19:56Z,2026-07-30T05:19:56+0200,892469bd-1f88-49dd-9e5e-40938c7b963c,2026-07-07T13:00:00Z,2026-07-07T15:00:00+0200,15809.32,MW,FR,FR,actual_solar_generation,Solar,2026-07-30T03:20:47Z
2026-07-30T03:19:56Z,2026-07-30T05:19:56+0200,892469bd-1f88-49dd-9e5e-40938c7b963c,2026-07-07T13:15:00Z,2026-07-07T15:15:00+0200,16679.76,MW,FR,FR,actual_solar_generation,Solar,2026-07-30T03:20:47Z
2026-07-30T03:19:56Z,2026-07-30T05:19:56+0200,892469bd-1f88-49dd-9e5e-40938c7b963c,2026-07-07T13:30:00Z,2026-07-07T15:30:00+0200,18594.41,MW,FR,FR,actual_solar_generation,Solar,2026-07-30T03:20:47Z
2026-07-30T03:19:56Z,2026-07-30T05:19:56+0200,892469bd-1f88-49dd-9e5e-40938c7b963c,2026-07-07T13:45:00Z,2026-07-07T15:45:00+0200,17499.04,MW,FR,FR,actual_solar_generation,Solar,2026-07-30T03:20:47Z
2026-07-30T03:19:56Z,2026-07-30T05:19:56+0200,892469bd-1f88-49dd-9e5e-40938c7b963c,2026-07-07T14:00:00Z,2026-07-07T16:00:00+0200,14416.6,MW,FR,FR,actual_solar_generation,Solar,2026-07-30T03:20:47Z
2026-07-30T03:19:56Z,2026-07-30T05:19:56+0200,892469bd-1f88-49dd-9e5e-40938c7b963c,2026-07-07T14:15:00Z,2026-07-07T16:15:00+0200,15347.0,MW,FR,FR,actual_solar_generation,Solar,2026-07-30T03:20:47Z
2026-07-30T03:19:56Z,2026-07-30T05:19:56+0200,892469bd-1f88-49dd-9e5e-40938c7b963c,2026-07-07T14:30:00Z,2026-07-07T16:30:00+0200,15049.67,MW,FR,FR,actual_solar_generation,Solar,2026-07-30T03:20:47Z
2026-07-30T03:19:56Z,2026-07-30T05:19:56+0200,892469bd-1f88-49dd-9e5e-40938c7b963c,2026-07-07T14:45:00Z,2026-07-07T16:45:00+0200,14461.6,MW,FR,FR,actual_solar_generation,Solar,2026-07-30T03:20:47Z
2026-07-30T03:19:56Z,2026-07-30T05:19:56+0200,892469bd-1f88-49dd-9e5e-40938c7b963c,2026-07-07T15:00:00Z,2026-07-07T17:00:00+0200,14370.05,MW,FR,FR,actual_solar_generation,Solar,2026-07-30T03:20:47Z
2026-07-30T03:19:56Z,2026-07-30T05:19:56+0200,892469bd-1f88-49dd-9e5e-40938c7b963c,2026-07-07T15:15:00Z,2026-07-07T17:15:00+0200,13463.84,MW,FR,FR,actual_solar_generation,Solar,2026-07-30T03:20:47Z
2026-07-30T03:19:56Z,2026-07-30T05:19:56+0200,892469bd-1f88-49dd-9e5e-40938c7b963c,2026-07-07T15:30:00Z,2026-07-07T17:30:00+0200,14374.93,MW,FR,FR,actual_solar_generation,Solar,2026-07-30T03:20:47Z
2026-07-30T03:19:56Z,2026-07-30T05:19:56+0200,892469bd-1f88-49dd-9e5e-40938c7b963c,2026-07-07T15:45:00Z,2026-07-07T17:45:00+0200,13706.11,MW,FR,FR,actual_solar_generation,Solar,2026-07-30T03:20:47Z
2026-07-30T03:19:56Z,2026-07-30T05:19:56+0200,892469bd-1f88-49dd-9e5e-40938c7b963c,2026-07-07T16:00:00Z,2026-07-07T18:00:00+0200,12510.09,MW,FR,FR,actual_solar_generation,Solar,2026-07-30T03:20:47Z
2026-07-30T03:19:56Z,2026-07-30T05:19:56+0200,892469bd-1f88-49dd-9e5e-40938c7b963c,2026-07-07T16:15:00Z,2026-07-07T18:15:00+0200,11436.29,MW,FR,FR,actual_solar_generation,Solar,2026-07-30T03:20:47Z
2026-07-30T03:19:56Z,2026-07-30T05:19:56+0200,892469bd-1f88-49dd-9e5e-40938c7b963c,2026-07-07T16:30:00Z,2026-07-07T18:30:00+0200,10346.75,MW,FR,FR,actual_solar_generation,Solar,2026-07-30T03:20:47Z
2026-07-30T03:19:56Z,2026-07-30T05:19:56+0200,892469bd-1f88-49dd-9e5e-40938c7b963c,2026-07-07T16:45:00Z,2026-07-07T18:45:00+0200,9194.1,MW,FR,FR,actual_solar_generation,Solar,2026-07-30T03:20:47Z
2026-07-30T03:19:56Z,2026-07-30T05:19:56+0200,892469bd-1f88-49dd-9e5e-40938c7b963c,2026-07-07T17:00:00Z,2026-07-07T19:00:00+0200,7944.17,MW,FR,FR,actual_solar_generation,Solar,2026-07-30T03:20:47Z
2026-07-30T03:19:56Z,2026-07-30T05:19:56+0200,892469bd-1f88-49dd-9e5e-40938c7b963c,2026-07-07T17:15:00Z,2026-07-07T19:15:00+0200,6752.93,MW,FR,FR,actual_solar_generation,Solar,2026-07-30T03:20:47Z
2026-07-30T03:19:56Z,2026-07-30T05:19:56+0200,892469bd-1f88-49dd-9e5e-40938c7b963c,2026-07-07T17:30:00Z,2026-07-07T19:30:00+0200,5530.2,MW,FR,FR,actual_solar_generation,Solar,2026-07-30T03:20:47Z
2026-07-30T03:19:56Z,2026-07-30T05:19:56+0200,892469bd-1f88-49dd-9e5e-40938c7b963c,2026-07-07T17:45:00Z,2026-07-07T19:45:00+0200,4401.57,MW,FR,FR,actual_solar_generation,Solar,2026-07-30T03:20:47Z
2026-07-30T03:19:56Z,2026-07-30T05:19:56+0200,892469bd-1f88-49dd-9e5e-40938c7b963c,2026-07-07T18:00:00Z,2026-07-07T20:00:00+0200,3400.15,MW,FR,FR,actual_solar_generation,Solar,2026-07-30T03:20:47Z
2026-07-30T03:19:56Z,2026-07-30T05:19:56+0200,892469bd-1f88-49dd-9e5e-40938c7b963c,2026-07-07T18:15:00Z,2026-07-07T20:15:00+0200,2556.14,MW,FR,FR,actual_solar_generation,Solar,2026-07-30T03:20:47Z
2026-07-30T03:19:56Z,2026-07-30T05:19:56+0200,892469bd-1f88-49dd-9e5e-40938c7b963c,2026-07-07T18:30:00Z,2026-07-07T20:30:00+0200,1891.28,MW,FR,FR,actual_solar_generation,Solar,2026-07-30T03:20:47Z
2026-07-30T03:19:56Z,2026-07-30T05:19:56+0200,892469bd-1f88-49dd-9e5e-40938c7b963c,2026-07-07T18:45:00Z,2026-07-07T20:45:00+0200,1366.26,MW,FR,FR,actual_solar_generation,Solar,2026-07-30T03:20:47Z
2026-07-30T03:19:56Z,2026-07-30T05:19:56+0200,892469bd-1f88-49dd-9e5e-40938c7b963c,2026-07-07T19:00:00Z,2026-07-07T21:00:00+0200,943.55,MW,FR,FR,actual_solar_generation,Solar,2026-07-30T03:20:47Z
2026-07-30T03:19:56Z,2026-07-30T05:19:56+0200,892469bd-1f88-49dd-9e5e-40938c7b963c,2026-07-07T19:15:00Z,2026-07-07T21:15:00+0200,597.45,MW,FR,FR,actual_solar_generation,Solar,2026-07-30T03:20:47Z
2026-07-30T03:19:56Z,2026-07-30T05:19:56+0200,892469bd-1f88-49dd-9e5e-40938c7b963c,2026-07-07T19:30:00Z,2026-07-07T21:30:00+0200,363.75,MW,FR,FR,actual_solar_generation,Solar,2026-07-30T03:20:47Z
2026-07-30T03:19:56Z,2026-07-30T05:19:56+0200,892469bd-1f88-49dd-9e5e-40938c7b963c,2026-07-07T19:45:00Z,2026-07-07T21:45:00+0200,265.61,MW,FR,FR,actual_solar_generation,Solar,2026-07-30T03:20:47Z
2026-07-30T03:19:56Z,2026-07-30T05:19:56+0200,892469bd-1f88-49dd-9e5e-40938c7b963c,2026-07-07T20:00:00Z,2026-07-07T22:00:00+0200,217.94,MW,FR,FR,actual_solar_generation,Solar,2026-07-30T03:20:47Z
2026-07-30T03:19:56Z,2026-07-30T05:19:56+0200,892469bd-1f88-49dd-9e5e-40938c7b963c,2026-07-07T20:15:00Z,2026-07-07T22:15:00+0200,207.95,MW,FR,FR,actual_solar_generation,Solar,2026-07-30T03:20:47Z
2026-07-30T03:19:56Z,2026-07-30T05:19:56+0200,892469bd-1f88-49dd-9e5e-40938c7b963c,2026-07-07T20:30:00Z,2026-07-07T22:30:00+0200,208.07,MW,FR,FR,actual_solar_generation,Solar,2026-07-30T03:20:47Z
2026-07-30T03:19:56Z,2026-07-30T05:19:56+0200,892469bd-1f88-49dd-9e5e-40938c7b963c,2026-07-07T20:45:00Z,2026-07-07T22:45:00+0200,204.79,MW,FR,FR,actual_solar_generation,Solar,2026-07-30T03:20:47Z
2026-07-30T03:19:56Z,2026-07-30T05:19:56+0200,892469bd-1f88-49dd-9e5e-40938c7b963c,2026-07-07T21:00:00Z,2026-07-07T23:00:00+0200,195.13,MW,FR,FR,actual_solar_generation,Solar,2026-07-30T03:20:47Z
2026-07-30T03:19:56Z,2026-07-30T05:19:56+0200,892469bd-1f88-49dd-9e5e-40938c7b963c,2026-07-07T21:15:00Z,2026-07-07T23:15:00+0200,193.22,MW,FR,FR,actual_solar_generation,Solar,2026-07-30T03:20:47Z
2026-07-30T03:19:56Z,2026-07-30T05:19:56+0200,892469bd-1f88-49dd-9e5e-40938c7b963c,2026-07-07T21:30:00Z,2026-07-07T23:30:00+0200,193.48,MW,FR,FR,actual_solar_generation,Solar,2026-07-30T03:20:47Z
2026-07-30T03:19:56Z,2026-07-30T05:19:56+0200,892469bd-1f88-49dd-9e5e-40938c7b963c,2026-07-07T21:45:00Z,2026-07-07T23:45:00+0200,192.15,MW,FR,FR,actual_solar_generation,Solar,2026-07-30T03:20:47Z
2026-07-30T03:19:56Z,2026-07-30T05:19:56+0200,892469bd-1f88-49dd-9e5e-40938c7b963c,2026-07-07T22:00:00Z,2026-07-08T00:00:00+0200,0.0,MW,FR,FR,actual_solar_generation,Solar,2026-07-30T03:20:47Z
2026-07-30T03:19:56Z,2026-07-30T05:19:56+0200,892469bd-1f88-49dd-9e5e-40938c7b963c,2026-07-07T22:15:00Z,2026-07-08T00:15:00+0200,0.0,MW,FR,FR,actual_solar_generation,Solar,2026-07-30T03:20:47Z
2026-07-30T03:19:56Z,2026-07-30T05:19:56+0200,892469bd-1f88-49dd-9e5e-40938c7b963c,2026-07-07T22:30:00Z,2026-07-08T00:30:00+0200,0.0,MW,FR,FR,actual_solar_generation,Solar,2026-07-30T03:20:47Z
2026-07-30T03:19:56Z,2026-07-30T05:19:56+0200,892469bd-1f88-49dd-9e5e-40938c7b963c,2026-07-07T22:45:00Z,2026-07-08T00:45:00+0200,0.0,MW,FR,FR,actual_solar_generation,Solar,2026-07-30T03:20:47Z
2026-07-30T03:19:56Z,2026-07-30T05:19:56+0200,892469bd-1f88-49dd-9e5e-40938c7b963c,2026-07-07T23:00:00Z,2026-07-08T01:00:00+0200,0.0,MW,FR,FR,actual_solar_generation,Solar,2026-07-30T03:20:47Z
2026-07-30T03:19:56Z,2026-07-30T05:19:56+0200,892469bd-1f88-49dd-9e5e-40938c7b963c,2026-07-07T23:15:00Z,2026-07-08T01:15:00+0200,0.0,MW,FR,FR,actual_solar_generation,Solar,2026-07-30T03:20:47Z
2026-07-30T03:19:56Z,2026-07-30T05:19:56+0200,892469bd-1f88-49dd-9e5e-40938c7b963c,2026-07-07T23:30:00Z,2026-07-08T01:30:00+0200,0.0,MW,FR,FR,actual_solar_generation,Solar,2026-07-30T03:20:47Z
2026-07-30T03:19:56Z,2026-07-30T05:19:56+0200,892469bd-1f88-49dd-9e5e-40938c7b963c,2026-07-07T23:45:00Z,2026-07-08T01:45:00+0200,0.0,MW,FR,FR,actual_solar_generation,Solar,2026-07-30T03:20:47Z
2026-07-30T03:19:56Z,2026-07-30T05:19:56+0200,892469bd-1f88-49dd-9e5e-40938c7b963c,2026-07-08T00:00:00Z,2026-07-08T02:00:00+0200,0.0,MW,FR,FR,actual_solar_generation,Solar,2026-07-30T03:20:47Z
2026-07-30T03:19:56Z,2026-07-30T05:19:56+0200,892469bd-1f88-49dd-9e5e-40938c7b963c,2026-07-08T00:15:00Z,2026-07-08T02:15:00+0200,0.0,MW,FR,FR,actual_solar_generation,Solar,2026-07-30T03:20:47Z
2026-07-30T03:19:56Z,2026-07-30T05:19:56+0200,892469bd-1f88-49dd-9e5e-40938c7b963c,2026-07-08T00:30:00Z,2026-07-08T02:30:00+0200,0.0,MW,FR,FR,actual_solar_generation,Solar,2026-07-30T03:20:47Z
2026-07-30T03:19:56Z,2026-07-30T05:19:56+0200,892469bd-1f88-49dd-9e5e-40938c7b963c,2026-07-08T00:45:00Z,2026-07-08T02:45:00+0200,0.0,MW,FR,FR,actual_solar_generation,Solar,2026-07-30T03:20:47Z
2026-07-30T03:19:56Z,2026-07-30T05:19:56+0200,892469bd-1f88-49dd-9e5e-40938c7b963c,2026-07-08T01:00:00Z,2026-07-08T03:00:00+0200,0.0,MW,FR,FR,actual_solar_generation,Solar,2026-07-30T03:20:47Z
2026-07-30T03:19:56Z,2026-07-30T05:19:56+0200,892469bd-1f88-49dd-9e5e-40938c7b963c,2026-07-08T01:15:00Z,2026-07-08T03:15:00+0200,0.0,MW,FR,FR,actual_solar_generation,Solar,2026-07-30T03:20:47Z
2026-07-30T03:19:56Z,2026-07-30T05:19:56+0200,892469bd-1f88-49dd-9e5e-40938c7b963c,2026-07-08T01:30:00Z,2026-07-08T03:30:00+0200,0.0,MW,FR,FR,actual_solar_generation,Solar,2026-07-30T03:20:47Z
2026-07-30T03:19:56Z,2026-07-30T05:19:56+0200,892469bd-1f88-49dd-9e5e-40938c7b963c,2026-07-08T01:45:00Z,2026-07-08T03:45:00+0200,0.0,MW,FR,FR,actual_solar_generation,Solar,2026-07-30T03:20:47Z
2026-07-30T03:19:56Z,2026-07-30T05:19:56+0200,892469bd-1f88-49dd-9e5e-40938c7b963c,2026-07-08T02:00:00Z,2026-07-08T04:00:00+0200,0.0,MW,FR,FR,actual_solar_generation,Solar,2026-07-30T03:20:47Z
2026-07-30T03:19:56Z,2026-07-30T05:19:56+0200,892469bd-1f88-49dd-9e5e-40938c7b963c,2026-07-08T02:15:00Z,2026-07-08T04:15:00+0200,0.0,MW,FR,FR,actual_solar_generation,Solar,2026-07-30T03:20:47Z
2026-07-30T03:19:56Z,2026-07-30T05:19:56+0200,892469bd-1f88-49dd-9e5e-40938c7b963c,2026-07-08T02:30:00Z,2026-07-08T04:30:00+0200,0.0,MW,FR,FR,actual_solar_generation,Solar,2026-07-30T03:20:47Z
2026-07-30T03:19:56Z,2026-07-30T05:19:56+0200,892469bd-1f88-49dd-9e5e-40938c7b963c,2026-07-08T02:45:00Z,2026-07-08T04:45:00+0200,0.0,MW,FR,FR,actual_solar_generation,Solar,2026-07-30T03:20:47Z
2026-07-30T03:19:56Z,2026-07-30T05:19:56+0200,892469bd-1f88-49dd-9e5e-40938c7b963c,2026-07-08T03:00:00Z,2026-07-08T05:00:00+0200,194.08,MW,FR,FR,actual_solar_generation,Solar,2026-07-30T03:20:47Z
2026-07-30T03:19:56Z,2026-07-30T05:19:56+0200,892469bd-1f88-49dd-9e5e-40938c7b963c,2026-07-08T03:15:00Z,2026-07-08T05:15:00+0200,193.89,MW,FR,FR,actual_solar_generation,Solar,2026-07-30T03:20:47Z
2026-07-30T03:19:56Z,2026-07-30T05:19:56+0200,892469bd-1f88-49dd-9e5e-40938c7b963c,2026-07-08T03:30:00Z,2026-07-08T05:30:00+0200,195.28,MW,FR,FR,actual_solar_generation,Solar,2026-07-30T03:20:47Z
2026-07-30T03:19:56Z,2026-07-30T05:19:56+0200,892469bd-1f88-49dd-9e5e-40938c7b963c,2026-07-08T03:45:00Z,2026-07-08T05:45:00+0200,217.65,MW,FR,FR,actual_solar_generation,Solar,2026-07-30T03:20:47Z
2026-07-30T03:19:56Z,2026-07-30T05:19:56+0200,892469bd-1f88-49dd-9e5e-40938c7b963c,2026-07-08T04:00:00Z,2026-07-08T06:00:00+0200,265.91,MW,FR,FR,actual_solar_generation,Solar,2026-07-30T03:20:47Z
2026-07-30T03:19:56Z,2026-07-30T05:19:56+0200,892469bd-1f88-49dd-9e5e-40938c7b963c,2026-07-08T04:15:00Z,2026-07-08T06:15:00+0200,344.4,MW,FR,FR,actual_solar_generation,Solar,2026-07-30T03:20:47Z
2026-07-30T03:19:56Z,2026-07-30T05:19:56+0200,892469bd-1f88-49dd-9e5e-40938c7b963c,2026-07-08T04:30:00Z,2026-07-08T06:30:00+0200,493.28,MW,FR,FR,actual_solar_generation,Solar,2026-07-30T03:20:47Z
2026-07-30T03:19:56Z,2026-07-30T05:19:56+0200,892469bd-1f88-49dd-9e5e-40938c7b963c,2026-07-08T04:45:00Z,2026-07-08T06:45:00+0200,778.78,MW,FR,FR,actual_solar_generation,Solar,2026-07-30T03:20:47Z
2026-07-30T03:19:56Z,2026-07-30T05:19:56+0200,892469bd-1f88-49dd-9e5e-40938c7b963c,2026-07-08T05:00:00Z,2026-07-08T07:00:00+0200,1164.44,MW,FR,FR,actual_solar_generation,Solar,2026-07-30T03:20:47Z
2026-07-30T03:19:56Z,2026-07-30T05:19:56+0200,892469bd-1f88-49dd-9e5e-40938c7b963c,2026-07-08T05:15:00Z,2026-07-08T07:15:00+0200,1659.11,MW,FR,FR,actual_solar_generation,Solar,2026-07-30T03:20:47Z
2026-07-30T03:19:56Z,2026-07-30T05:19:56+0200,892469bd-1f88-49dd-9e5e-40938c7b963c,2026-07-08T05:30:00Z,2026-07-08T07:30:00+0200,2329.33,MW,FR,FR,actual_solar_generation,Solar,2026-07-30T03:20:47Z
2026-07-30T03:19:56Z,2026-07-30T05:19:56+0200,892469bd-1f88-49dd-9e5e-40938c7b963c,2026-07-08T05:45:00Z,2026-07-08T07:45:00+0200,3127.59,MW,FR,FR,actual_solar_generation,Solar,2026-07-30T03:20:47Z
2026-07-30T03:19:56Z,2026-07-30T05:19:56+0200,892469bd-1f88-49dd-9e5e-40938c7b963c,2026-07-08T06:00:00Z,2026-07-08T08:00:00+0200,4004.1,MW,FR,FR,actual_solar_generation,Solar,2026-07-30T03:20:47Z
2026-07-30T03:19:56Z,2026-07-30T05:19:56+0200,892469bd-1f88-49dd-9e5e-40938c7b963c,2026-07-08T06:15:00Z,2026-07-08T08:15:00+0200,5114.31,MW,FR,FR,actual_solar_generation,Solar,2026-07-30T03:20:47Z
2026-07-30T03:19:56Z,2026-07-30T05:19:56+0200,892469bd-1f88-49dd-9e5e-40938c7b963c,2026-07-08T06:30:00Z,2026-07-08T08:30:00+0200,6325.66,MW,FR,FR,actual_solar_generation,Solar,2026-07-30T03:20:47Z
2026-07-30T03:19:56Z,2026-07-30T05:19:56+0200,892469bd-1f88-49dd-9e5e-40938c7b963c,2026-07-08T06:45:00Z,2026-07-08T08:45:00+0200,7564.77,MW,FR,FR,actual_solar_generation,Solar,2026-07-30T03:20:47Z
2026-07-30T03:19:56Z,2026-07-30T05:19:56+0200,892469bd-1f88-49dd-9e5e-40938c7b963c,2026-07-08T07:00:00Z,2026-07-08T09:00:00+0200,8792.18,MW,FR,FR,actual_solar_generation,Solar,2026-07-30T03:20:47Z
2026-07-30T03:19:56Z,2026-07-30T05:19:56+0200,892469bd-1f88-49dd-9e5e-40938c7b963c,2026-07-08T07:15:00Z,2026-07-08T09:15:00+0200,10108.17,MW,FR,FR,actual_solar_generation,Solar,2026-07-30T03:20:47Z
2026-07-30T03:19:56Z,2026-07-30T05:19:56+0200,892469bd-1f88-49dd-9e5e-40938c7b963c,2026-07-08T07:30:00Z,2026-07-08T09:30:00+0200,11263.24,MW,FR,FR,actual_solar_generation,Solar,2026-07-30T03:20:47Z
2026-07-30T03:19:56Z,2026-07-30T05:19:56+0200,892469bd-1f88-49dd-9e5e-40938c7b963c,2026-07-08T07:45:00Z,2026-07-08T09:45:00+0200,12611.74,MW,FR,FR,actual_solar_generation,Solar,2026-07-30T03:20:47Z
2026-07-30T03:19:56Z,2026-07-30T05:19:56+0200,892469bd-1f88-49dd-9e5e-40938c7b963c,2026-07-08T08:00:00Z,2026-07-08T10:00:00+0200,13854.65,MW,FR,FR,actual_solar_generation,Solar,2026-07-30T03:20:47Z
2026-07-30T03:19:56Z,2026-07-30T05:19:56+0200,892469bd-1f88-49dd-9e5e-40938c7b963c,2026-07-08T08:15:00Z,2026-07-08T10:15:00+0200,15002.56,MW,FR,FR,actual_solar_generation,Solar,2026-07-30T03:20:47Z
2026-07-30T03:19:56Z,2026-07-30T05:19:56+0200,892469bd-1f88-49dd-9e5e-40938c7b963c,2026-07-08T08:30:00Z,2026-07-08T10:30:00+0200,15923.6,MW,FR,FR,actual_solar_generation,Solar,2026-07-30T03:20:47Z
2026-07-30T03:19:56Z,2026-07-30T05:19:56+0200,892469bd-1f88-49dd-9e5e-40938c7b963c,2026-07-08T08:45:00Z,2026-07-08T10:45:00+0200,16842.49,MW,FR,FR,actual_solar_generation,Solar,2026-07-30T03:20:47Z
2026-07-30T03:19:56Z,2026-07-30T05:19:56+0200,892469bd-1f88-49dd-9e5e-40938c7b963c,2026-07-08T09:00:00Z,2026-07-08T11:00:00+0200,17611.2,MW,FR,FR,actual_solar_generation,Solar,2026-07-30T03:20:47Z
2026-07-30T03:19:56Z,2026-07-30T05:19:56+0200,892469bd-1f88-49dd-9e5e-40938c7b963c,2026-07-08T09:15:00Z,2026-07-08T11:15:00+0200,18428.29,MW,FR,FR,actual_solar_generation,Solar,2026-07-30T03:20:47Z
2026-07-30T03:19:56Z,2026-07-30T05:19:56+0200,892469bd-1f88-49dd-9e5e-40938c7b963c,2026-07-08T09:30:00Z,2026-07-08T11:30:00+0200,19091.87,MW,FR,FR,actual_solar_generation,Solar,2026-07-30T03:20:47Z
2026-07-30T03:19:56Z,2026-07-30T05:19:56+0200,892469bd-1f88-49dd-9e5e-40938c7b963c,2026-07-08T09:45:00Z,2026-07-08T11:45:00+0200,19617.44,MW,FR,FR,actual_solar_generation,Solar,2026-07-30T03:20:47Z
2026-07-30T03:19:56Z,2026-07-30T05:19:56+0200,892469bd-1f88-49dd-9e5e-40938c7b963c,2026-07-08T10:00:00Z,2026-07-08T12:00:00+0200,20144.18,MW,FR,FR,actual_solar_generation,Solar,2026-07-30T03:20:47Z
2026-07-30T03:19:56Z,2026-07-30T05:19:56+0200,892469bd-1f88-49dd-9e5e-40938c7b963c,2026-07-08T10:15:00Z,2026-07-08T12:15:00+0200,20549.38,MW,FR,FR,actual_solar_generation,Solar,2026-07-30T03:20:47Z
2026-07-30T03:19:56Z,2026-07-30T05:19:56+0200,892469bd-1f88-49dd-9e5e-40938c7b963c,2026-07-08T10:30:00Z,2026-07-08T12:30:00+0200,20834.5,MW,FR,FR,actual_solar_generation,Solar,2026-07-30T03:20:47Z
2026-07-30T03:19:56Z,2026-07-30T05:19:56+0200,892469bd-1f88-49dd-9e5e-40938c7b963c,2026-07-08T10:45:00Z,2026-07-08T12:45:00+0200,21138.32,MW,FR,FR,actual_solar_generation,Solar,2026-07-30T03:20:47Z
2026-07-30T03:19:56Z,2026-07-30T05:19:56+0200,892469bd-1f88-49dd-9e5e-40938c7b963c,2026-07-08T11:00:00Z,2026-07-08T13:00:00+0200,21203.9,MW,FR,FR,actual_solar_generation,Solar,2026-07-30T03:20:47Z
2026-07-30T03:19:56Z,2026-07-30T05:19:56+0200,892469bd-1f88-49dd-9e5e-40938c7b963c,2026-07-08T11:15:00Z,2026-07-08T13:15:00+0200,21313.46,MW,FR,FR,actual_solar_generation,Solar,2026-07-30T03:20:47Z
2026-07-30T03:19:56Z,2026-07-30T05:19:56+0200,892469bd-1f88-49dd-9e5e-40938c7b963c,2026-07-08T11:30:00Z,2026-07-08T13:30:00+0200,21386.66,MW,FR,FR,actual_solar_generation,Solar,2026-07-30T03:20:47Z
2026-07-30T03:19:56Z,2026-07-30T05:19:56+0200,892469bd-1f88-49dd-9e5e-40938c7b963c,2026-07-08T11:45:00Z,2026-07-08T13:45:00+0200,21390.04,MW,FR,FR,actual_solar_generation,Solar,2026-07-30T03:20:47Z
2026-07-30T03:19:56Z,2026-07-30T05:19:56+0200,892469bd-1f88-49dd-9e5e-40938c7b963c,2026-07-08T12:00:00Z,2026-07-08T14:00:00+0200,21478.27,MW,FR,FR,actual_solar_generation,Solar,2026-07-30T03:20:47Z
2026-07-30T03:19:56Z,2026-07-30T05:19:56+0200,892469bd-1f88-49dd-9e5e-40938c7b963c,2026-07-08T12:15:00Z,2026-07-08T14:15:00+0200,21088.33,MW,FR,FR,actual_solar_generation,Solar,2026-07-30T03:20:47Z
2026-07-30T03:19:56Z,2026-07-30T05:19:56+0200,892469bd-1f88-49dd-9e5e-40938c7b963c,2026-07-08T12:30:00Z,2026-07-08T14:30:00+0200,21204.83,MW,FR,FR,actual_solar_generation,Solar,2026-07-30T03:20:47Z
2026-07-30T03:19:56Z,2026-07-30T05:19:56+0200,892469bd-1f88-49dd-9e5e-40938c7b963c,2026-07-08T12:45:00Z,2026-07-08T14:45:00+0200,20935.28,MW,FR,FR,actual_solar_generation,Solar,2026-07-30T03:20:47Z
2026-07-30T03:19:56Z,2026-07-30T05:19:56+0200,892469bd-1f88-49dd-9e5e-40938c7b963c,2026-07-08T13:00:00Z,2026-07-08T15:00:00+0200,20796.68,MW,FR,FR,actual_solar_generation,Solar,2026-07-30T03:20:47Z
2026-07-30T03:19:56Z,2026-07-30T05:19:56+0200,892469bd-1f88-49dd-9e5e-40938c7b963c,2026-07-08T13:15:00Z,2026-07-08T15:15:00+0200,20494.9,MW,FR,FR,actual_solar_generation,Solar,2026-07-30T03:20:47Z
2026-07-30T03:19:56Z,2026-07-30T05:19:56+0200,892469bd-1f88-49dd-9e5e-40938c7b963c,2026-07-08T13:30:00Z,2026-07-08T15:30:00+0200,20248.11,MW,FR,FR,actual_solar_generation,Solar,2026-07-30T03:20:47Z
2026-07-30T03:19:56Z,2026-07-30T05:19:56+0200,892469bd-1f88-49dd-9e5e-40938c7b963c,2026-07-08T13:45:00Z,2026-07-08T15:45:00+0200,19621.74,MW,FR,FR,actual_solar_generation,Solar,2026-07-30T03:20:47Z
2026-07-30T03:19:56Z,2026-07-30T05:19:56+0200,892469bd-1f88-49dd-9e5e-40938c7b963c,2026-07-08T14:00:00Z,2026-07-08T16:00:00+0200,19317.59,MW,FR,FR,actual_solar_generation,Solar,2026-07-30T03:20:47Z
2026-07-30T03:19:56Z,2026-07-30T05:19:56+0200,892469bd-1f88-49dd-9e5e-40938c7b963c,2026-07-08T14:15:00Z,2026-07-08T16:15:00+0200,18790.93,MW,FR,FR,actual_solar_generation,Solar,2026-07-30T03:20:47Z
2026-07-30T03:19:56Z,2026-07-30T05:19:56+0200,892469bd-1f88-49dd-9e5e-40938c7b963c,2026-07-08T14:30:00Z,2026-07-08T16:30:00+0200,18188.65,MW,FR,FR,actual_solar_generation,Solar,2026-07-30T03:20:47Z
2026-07-30T03:19:56Z,2026-07-30T05:19:56+0200,892469bd-1f88-49dd-9e5e-40938c7b963c,2026-07-08T14:45:00Z,2026-07-08T16:45:00+0200,17472.88,MW,FR,FR,actual_solar_generation,Solar,2026-07-30T03:20:47Z
2026-07-30T03:19:56Z,2026-07-30T05:19:56+0200,892469bd-1f88-49dd-9e5e-40938c7b963c,2026-07-08T15:00:00Z,2026-07-08T17:00:00+0200,16658.72,MW,FR,FR,actual_solar_generation,Solar,2026-07-30T03:20:47Z
2026-07-30T03:19:56Z,2026-07-30T05:19:56+0200,892469bd-1f88-49dd-9e5e-40938c7b963c,2026-07-08T15:15:00Z,2026-07-08T17:15:00+0200,15844.57,MW,FR,FR,actual_solar_generation,Solar,2026-07-30T03:20:47Z
2026-07-30T03:19:56Z,2026-07-30T05:19:56+0200,892469bd-1f88-49dd-9e5e-40938c7b963c,2026-07-08T15:30:00Z,2026-07-08T17:30:00+0200,14938.64,MW,FR,FR,actual_solar_generation,Solar,2026-07-30T03:20:47Z
2026-07-30T03:19:56Z,2026-07-30T05:19:56+0200,892469bd-1f88-49dd-9e5e-40938c7b963c,2026-07-08T15:45:00Z,2026-07-08T17:45:00+0200,13912.78,MW,FR,FR,actual_solar_generation,Solar,2026-07-30T03:20:47Z
2026-07-30T03:19:56Z,2026-07-30T05:19:56+0200,892469bd-1f88-49dd-9e5e-40938c7b963c,2026-07-08T16:00:00Z,2026-07-08T18:00:00+0200,12844.81,MW,FR,FR,actual_solar_generation,Solar,2026-07-30T03:20:47Z
2026-07-30T03:19:56Z,2026-07-30T05:19:56+0200,892469bd-1f88-49dd-9e5e-40938c7b963c,2026-07-08T16:15:00Z,2026-07-08T18:15:00+0200,11720.19,MW,FR,FR,actual_solar_generation,Solar,2026-07-30T03:20:47Z
2026-07-30T03:19:56Z,2026-07-30T05:19:56+0200,892469bd-1f88-49dd-9e5e-40938c7b963c,2026-07-08T16:30:00Z,2026-07-08T18:30:00+0200,10567.98,MW,FR,FR,actual_solar_generation,Solar,2026-07-30T03:20:47Z
2026-07-30T03:19:56Z,2026-07-30T05:19:56+0200,892469bd-1f88-49dd-9e5e-40938c7b963c,2026-07-08T16:45:00Z,2026-07-08T18:45:00+0200,9326.05,MW,FR,FR,actual_solar_generation,Solar,2026-07-30T03:20:47Z
2026-07-30T03:19:56Z,2026-07-30T05:19:56+0200,892469bd-1f88-49dd-9e5e-40938c7b963c,2026-07-08T17:00:00Z,2026-07-08T19:00:00+0200,8061.01,MW,FR,FR,actual_solar_generation,Solar,2026-07-30T03:20:47Z
2026-07-30T03:19:56Z,2026-07-30T05:19:56+0200,892469bd-1f88-49dd-9e5e-40938c7b963c,2026-07-08T17:15:00Z,2026-07-08T19:15:00+0200,6784.36,MW,FR,FR,actual_solar_generation,Solar,2026-07-30T03:20:47Z
2026-07-30T03:19:56Z,2026-07-30T05:19:56+0200,892469bd-1f88-49dd-9e5e-40938c7b963c,2026-07-08T17:30:00Z,2026-07-08T19:30:00+0200,5534.05,MW,FR,FR,actual_solar_generation,Solar,2026-07-30T03:20:47Z
2026-07-30T03:19:56Z,2026-07-30T05:19:56+0200,892469bd-1f88-49dd-9e5e-40938c7b963c,2026-07-08T17:45:00Z,2026-07-08T19:45:00+0200,4389.64,MW,FR,FR,actual_solar_generation,Solar,2026-07-30T03:20:47Z
2026-07-30T03:19:56Z,2026-07-30T05:19:56+0200,892469bd-1f88-49dd-9e5e-40938c7b963c,2026-07-08T18:00:00Z,2026-07-08T20:00:00+0200,3354.46,MW,FR,FR,actual_solar_generation,Solar,2026-07-30T03:20:47Z
2026-07-30T03:19:56Z,2026-07-30T05:19:56+0200,892469bd-1f88-49dd-9e5e-40938c7b963c,2026-07-08T18:15:00Z,2026-07-08T20:15:00+0200,2503.67,MW,FR,FR,actual_solar_generation,Solar,2026-07-30T03:20:47Z
2026-07-30T03:19:56Z,2026-07-30T05:19:56+0200,892469bd-1f88-49dd-9e5e-40938c7b963c,2026-07-08T18:30:00Z,2026-07-08T20:30:00+0200,1823.6,MW,FR,FR,actual_solar_generation,Solar,2026-07-30T03:20:47Z
2026-07-30T03:19:56Z,2026-07-30T05:19:56+0200,892469bd-1f88-49dd-9e5e-40938c7b963c,2026-07-08T18:45:00Z,2026-07-08T20:45:00+0200,1327.76,MW,FR,FR,actual_solar_generation,Solar,2026-07-30T03:20:47Z
2026-07-30T03:19:56Z,2026-07-30T05:19:56+0200,892469bd-1f88-49dd-9e5e-40938c7b963c,2026-07-08T19:00:00Z,2026-07-08T21:00:00+0200,910.95,MW,FR,FR,actual_solar_generation,Solar,2026-07-30T03:20:47Z
2026-07-30T03:19:56Z,2026-07-30T05:19:56+0200,892469bd-1f88-49dd-9e5e-40938c7b963c,2026-07-08T19:15:00Z,2026-07-08T21:15:00+0200,563.49,MW,FR,FR,actual_solar_generation,Solar,2026-07-30T03:20:47Z
2026-07-30T03:19:56Z,2026-07-30T05:19:56+0200,892469bd-1f88-49dd-9e5e-40938c7b963c,2026-07-08T19:30:00Z,2026-07-08T21:30:00+0200,339.23,MW,FR,FR,actual_solar_generation,Solar,2026-07-30T03:20:47Z
2026-07-30T03:19:56Z,2026-07-30T05:19:56+0200,892469bd-1f88-49dd-9e5e-40938c7b963c,2026-07-08T19:45:00Z,2026-07-08T21:45:00+0200,242.78,MW,FR,FR,actual_solar_generation,Solar,2026-07-30T03:20:47Z
2026-07-30T03:19:56Z,2026-07-30T05:19:56+0200,892469bd-1f88-49dd-9e5e-40938c7b963c,2026-07-08T20:00:00Z,2026-07-08T22:00:00+0200,205.08,MW,FR,FR,actual_solar_generation,Solar,2026-07-30T03:20:47Z
2026-07-30T03:19:56Z,2026-07-30T05:19:56+0200,892469bd-1f88-49dd-9e5e-40938c7b963c,2026-07-08T20:15:00Z,2026-07-08T22:15:00+0200,195.54,MW,FR,FR,actual_solar_generation,Solar,2026-07-30T03:20:47Z
2026-07-30T03:19:56Z,2026-07-30T05:19:56+0200,892469bd-1f88-49dd-9e5e-40938c7b963c,2026-07-08T20:30:00Z,2026-07-08T22:30:00+0200,196.78,MW,FR,FR,actual_solar_generation,Solar,2026-07-30T03:20:47Z
2026-07-30T03:19:56Z,2026-07-30T05:19:56+0200,892469bd-1f88-49dd-9e5e-40938c7b963c,2026-07-08T20:45:00Z,2026-07-08T22:45:00+0200,196.67,MW,FR,FR,actual_solar_generation,Solar,2026-07-30T03:20:47Z
2026-07-30T03:19:56Z,2026-07-30T05:19:56+0200,892469bd-1f88-49dd-9e5e-40938c7b963c,2026-07-08T21:00:00Z,2026-07-08T23:00:00+0200,194.69,MW,FR,FR,actual_solar_generation,Solar,2026-07-30T03:20:47Z
2026-07-30T03:19:56Z,2026-07-30T05:19:56+0200,892469bd-1f88-49dd-9e5e-40938c7b963c,2026-07-08T21:15:00Z,2026-07-08T23:15:00+0200,194.02,MW,FR,FR,actual_solar_generation,Solar,2026-07-30T03:20:47Z
2026-07-30T03:19:56Z,2026-07-30T05:19:56+0200,892469bd-1f88-49dd-9e5e-40938c7b963c,2026-07-08T21:30:00Z,2026-07-08T23:30:00+0200,193.94,MW,FR,FR,actual_solar_generation,Solar,2026-07-30T03:20:47Z
2026-07-30T03:19:56Z,2026-07-30T05:19:56+0200,892469bd-1f88-49dd-9e5e-40938c7b963c,2026-07-08T21:45:00Z,2026-07-08T23:45:00+0200,193.1,MW,FR,FR,actual_solar_generation,Solar,2026-07-30T03:20:47Z
2026-07-30T03:19:56Z,2026-07-30T05:19:56+0200,892469bd-1f88-49dd-9e5e-40938c7b963c,2026-07-08T22:00:00Z,2026-07-09T00:00:00+0200,0.0,MW,FR,FR,actual_solar_generation,Solar,2026-07-30T03:20:47Z
2026-07-30T03:19:56Z,2026-07-30T05:19:56+0200,892469bd-1f88-49dd-9e5e-40938c7b963c,2026-07-08T22:15:00Z,2026-07-09T00:15:00+0200,0.0,MW,FR,FR,actual_solar_generation,Solar,2026-07-30T03:20:47Z
2026-07-30T03:19:56Z,2026-07-30T05:19:56+0200,892469bd-1f88-49dd-9e5e-40938c7b963c,2026-07-08T22:30:00Z,2026-07-09T00:30:00+0200,0.0,MW,FR,FR,actual_solar_generation,Solar,2026-07-30T03:20:47Z
2026-07-30T03:19:56Z,2026-07-30T05:19:56+0200,892469bd-1f88-49dd-9e5e-40938c7b963c,2026-07-08T22:45:00Z,2026-07-09T00:45:00+0200,0.0,MW,FR,FR,actual_solar_generation,Solar,2026-07-30T03:20:47Z
2026-07-30T03:19:56Z,2026-07-30T05:19:56+0200,892469bd-1f88-49dd-9e5e-40938c7b963c,2026-07-08T23:00:00Z,2026-07-09T01:00:00+0200,0.0,MW,FR,FR,actual_solar_generation,Solar,2026-07-30T03:20:47Z
2026-07-30T03:19:56Z,2026-07-30T05:19:56+0200,892469bd-1f88-49dd-9e5e-40938c7b963c,2026-07-08T23:15:00Z,2026-07-09T01:15:00+0200,0.0,MW,FR,FR,actual_solar_generation,Solar,2026-07-30T03:20:47Z
2026-07-30T03:19:56Z,2026-07-30T05:19:56+0200,892469bd-1f88-49dd-9e5e-40938c7b963c,2026-07-08T23:30:00Z,2026-07-09T01:30:00+0200,0.0,MW,FR,FR,actual_solar_generation,Solar,2026-07-30T03:20:47Z
2026-07-30T03:19:56Z,2026-07-30T05:19:56+0200,892469bd-1f88-49dd-9e5e-40938c7b963c,2026-07-08T23:45:00Z,2026-07-09T01:45:00+0200,0.0,MW,FR,FR,actual_solar_generation,Solar,2026-07-30T03:20:47Z
2026-07-30T03:19:56Z,2026-07-30T05:19:56+0200,892469bd-1f88-49dd-9e5e-40938c7b963c,2026-07-09T00:00:00Z,2026-07-09T02:00:00+0200,0.0,MW,FR,FR,actual_solar_generation,Solar,2026-07-30T03:20:47Z
2026-07-30T03:19:56Z,2026-07-30T05:19:56+0200,892469bd-1f88-49dd-9e5e-40938c7b963c,2026-07-09T00:15:00Z,2026-07-09T02:15:00+0200,0.0,MW,FR,FR,actual_solar_generation,Solar,2026-07-30T03:20:47Z
2026-07-30T03:19:56Z,2026-07-30T05:19:56+0200,892469bd-1f88-49dd-9e5e-40938c7b963c,2026-07-09T00:30:00Z,2026-07-09T02:30:00+0200,0.0,MW,FR,FR,actual_solar_generation,Solar,2026-07-30T03:20:47Z
2026-07-30T03:19:56Z,2026-07-30T05:19:56+0200,892469bd-1f88-49dd-9e5e-40938c7b963c,2026-07-09T00:45:00Z,2026-07-09T02:45:00+0200,0.0,MW,FR,FR,actual_solar_generation,Solar,2026-07-30T03:20:47Z
2026-07-30T03:19:56Z,2026-07-30T05:19:56+0200,892469bd-1f88-49dd-9e5e-40938c7b963c,2026-07-09T01:00:00Z,2026-07-09T03:00:00+0200,0.0,MW,FR,FR,actual_solar_generation,Solar,2026-07-30T03:20:47Z
2026-07-30T03:19:56Z,2026-07-30T05:19:56+0200,892469bd-1f88-49dd-9e5e-40938c7b963c,2026-07-09T01:15:00Z,2026-07-09T03:15:00+0200,0.0,MW,FR,FR,actual_solar_generation,Solar,2026-07-30T03:20:47Z
2026-07-30T03:19:56Z,2026-07-30T05:19:56+0200,892469bd-1f88-49dd-9e5e-40938c7b963c,2026-07-09T01:30:00Z,2026-07-09T03:30:00+0200,0.0,MW,FR,FR,actual_solar_generation,Solar,2026-07-30T03:20:47Z
2026-07-30T03:19:56Z,2026-07-30T05:19:56+0200,892469bd-1f88-49dd-9e5e-40938c7b963c,2026-07-09T01:45:00Z,2026-07-09T03:45:00+0200,0.0,MW,FR,FR,actual_solar_generation,Solar,2026-07-30T03:20:47Z
2026-07-30T03:19:56Z,2026-07-30T05:19:56+0200,892469bd-1f88-49dd-9e5e-40938c7b963c,2026-07-09T02:00:00Z,2026-07-09T04:00:00+0200,0.0,MW,FR,FR,actual_solar_generation,Solar,2026-07-30T03:20:47Z
2026-07-30T03:19:56Z,2026-07-30T05:19:56+0200,892469bd-1f88-49dd-9e5e-40938c7b963c,2026-07-09T02:15:00Z,2026-07-09T04:15:00+0200,0.0,MW,FR,FR,actual_solar_generation,Solar,2026-07-30T03:20:47Z
2026-07-30T03:19:56Z,2026-07-30T05:19:56+0200,892469bd-1f88-49dd-9e5e-40938c7b963c,2026-07-09T02:30:00Z,2026-07-09T04:30:00+0200,0.0,MW,FR,FR,actual_solar_generation,Solar,2026-07-30T03:20:47Z
2026-07-30T03:19:56Z,2026-07-30T05:19:56+0200,892469bd-1f88-49dd-9e5e-40938c7b963c,2026-07-09T02:45:00Z,2026-07-09T04:45:00+0200,0.0,MW,FR,FR,actual_solar_generation,Solar,2026-07-30T03:20:47Z
2026-07-30T03:19:56Z,2026-07-30T05:19:56+0200,892469bd-1f88-49dd-9e5e-40938c7b963c,2026-07-09T03:00:00Z,2026-07-09T05:00:00+0200,188.27,MW,FR,FR,actual_solar_generation,Solar,2026-07-30T03:20:47Z
2026-07-30T03:19:56Z,2026-07-30T05:19:56+0200,892469bd-1f88-49dd-9e5e-40938c7b963c,2026-07-09T03:15:00Z,2026-07-09T05:15:00+0200,188.07,MW,FR,FR,actual_solar_generation,Solar,2026-07-30T03:20:47Z
2026-07-30T03:19:56Z,2026-07-30T05:19:56+0200,892469bd-1f88-49dd-9e5e-40938c7b963c,2026-07-09T03:30:00Z,2026-07-09T05:30:00+0200,191.35,MW,FR,FR,actual_solar_generation,Solar,2026-07-30T03:20:47Z
2026-07-30T03:19:56Z,2026-07-30T05:19:56+0200,892469bd-1f88-49dd-9e5e-40938c7b963c,2026-07-09T03:45:00Z,2026-07-09T05:45:00+0200,209.27,MW,FR,FR,actual_solar_generation,Solar,2026-07-30T03:20:47Z
2026-07-30T03:19:56Z,2026-07-30T05:19:56+0200,892469bd-1f88-49dd-9e5e-40938c7b963c,2026-07-09T04:00:00Z,2026-07-09T06:00:00+0200,258.2,MW,FR,FR,actual_solar_generation,Solar,2026-07-30T03:20:47Z
2026-07-30T03:19:56Z,2026-07-30T05:19:56+0200,892469bd-1f88-49dd-9e5e-40938c7b963c,2026-07-09T04:15:00Z,2026-07-09T06:15:00+0200,340.63,MW,FR,FR,actual_solar_generation,Solar,2026-07-30T03:20:47Z
2026-07-30T03:19:56Z,2026-07-30T05:19:56+0200,892469bd-1f88-49dd-9e5e-40938c7b963c,2026-07-09T04:30:00Z,2026-07-09T06:30:00+0200,481.71,MW,FR,FR,actual_solar_generation,Solar,2026-07-30T03:20:47Z
2026-07-30T03:19:56Z,2026-07-30T05:19:56+0200,892469bd-1f88-49dd-9e5e-40938c7b963c,2026-07-09T04:45:00Z,2026-07-09T06:45:00+0200,747.31,MW,FR,FR,actual_solar_generation,Solar,2026-07-30T03:20:47Z
2026-07-30T03:19:56Z,2026-07-30T05:19:56+0200,892469bd-1f88-49dd-9e5e-40938c7b963c,2026-07-09T05:00:00Z,2026-07-09T07:00:00+0200,1112.68,MW,FR,FR,actual_solar_generation,Solar,2026-07-30T03:20:47Z
2026-07-30T03:19:56Z,2026-07-30T05:19:56+0200,892469bd-1f88-49dd-9e5e-40938c7b963c,2026-07-09T05:15:00Z,2026-07-09T07:15:00+0200,1582.44,MW,FR,FR,actual_solar_generation,Solar,2026-07-30T03:20:47Z
2026-07-30T03:19:56Z,2026-07-30T05:19:56+0200,892469bd-1f88-49dd-9e5e-40938c7b963c,2026-07-09T05:30:00Z,2026-07-09T07:30:00+0200,2237.01,MW,FR,FR,actual_solar_generation,Solar,2026-07-30T03:20:47Z
2026-07-30T03:19:56Z,2026-07-30T05:19:56+0200,892469bd-1f88-49dd-9e5e-40938c7b963c,2026-07-09T05:45:00Z,2026-07-09T07:45:00+0200,3046.2,MW,FR,FR,actual_solar_generation,Solar,2026-07-30T03:20:47Z
2026-07-30T03:19:56Z,2026-07-30T05:19:56+0200,892469bd-1f88-49dd-9e5e-40938c7b963c,2026-07-09T06:00:00Z,2026-07-09T08:00:00+0200,3959.19,MW,FR,FR,actual_solar_generation,Solar,2026-07-30T03:20:47Z
2026-07-30T03:19:56Z,2026-07-30T05:19:56+0200,892469bd-1f88-49dd-9e5e-40938c7b963c,2026-07-09T06:15:00Z,2026-07-09T08:15:00+0200,5010.03,MW,FR,FR,actual_solar_generation,Solar,2026-07-30T03:20:47Z
2026-07-30T03:19:56Z,2026-07-30T05:19:56+0200,892469bd-1f88-49dd-9e5e-40938c7b963c,2026-07-09T06:30:00Z,2026-07-09T08:30:00+0200,6203.45,MW,FR,FR,actual_solar_generation,Solar,2026-07-30T03:20:47Z
2026-07-30T03:19:56Z,2026-07-30T05:19:56+0200,892469bd-1f88-49dd-9e5e-40938c7b963c,2026-07-09T06:45:00Z,2026-07-09T08:45:00+0200,7412.29,MW,FR,FR,actual_solar_generation,Solar,2026-07-30T03:20:47Z
2026-07-30T03:19:56Z,2026-07-30T05:19:56+0200,892469bd-1f88-49dd-9e5e-40938c7b963c,2026-07-09T07:00:00Z,2026-07-09T09:00:00+0200,8648.21,MW,FR,FR,actual_solar_generation,Solar,2026-07-30T03:20:47Z
2026-07-30T03:19:56Z,2026-07-30T05:19:56+0200,892469bd-1f88-49dd-9e5e-40938c7b963c,2026-07-09T07:15:00Z,2026-07-09T09:15:00+0200,9980.97,MW,FR,FR,actual_solar_generation,Solar,2026-07-30T03:20:47Z
2026-07-30T03:19:56Z,2026-07-30T05:19:56+0200,892469bd-1f88-49dd-9e5e-40938c7b963c,2026-07-09T07:30:00Z,2026-07-09T09:30:00+0200,11256.74,MW,FR,FR,actual_solar_generation,Solar,2026-07-30T03:20:47Z
2026-07-30T03:19:56Z,2026-07-30T05:19:56+0200,892469bd-1f88-49dd-9e5e-40938c7b963c,2026-07-09T07:45:00Z,2026-07-09T09:45:00+0200,12467.84,MW,FR,FR,actual_solar_generation,Solar,2026-07-30T03:20:47Z
2026-07-30T03:19:56Z,2026-07-30T05:19:56+0200,892469bd-1f88-49dd-9e5e-40938c7b963c,2026-07-09T08:00:00Z,2026-07-09T10:00:00+0200,13585.9,MW,FR,FR,actual_solar_generation,Solar,2026-07-30T03:20:47Z
2026-07-30T03:19:56Z,2026-07-30T05:19:56+0200,892469bd-1f88-49dd-9e5e-40938c7b963c,2026-07-09T08:15:00Z,2026-07-09T10:15:00+0200,14834.94,MW,FR,FR,actual_solar_generation,Solar,2026-07-30T03:20:47Z
2026-07-30T03:19:56Z,2026-07-30T05:19:56+0200,892469bd-1f88-49dd-9e5e-40938c7b963c,2026-07-09T08:30:00Z,2026-07-09T10:30:00+0200,15932.92,MW,FR,FR,actual_solar_generation,Solar,2026-07-30T03:20:47Z
2026-07-30T03:19:56Z,2026-07-30T05:19:56+0200,892469bd-1f88-49dd-9e5e-40938c7b963c,2026-07-09T08:45:00Z,2026-07-09T10:45:00+0200,16866.66,MW,FR,FR,actual_solar_generation,Solar,2026-07-30T03:20:47Z
2026-07-30T03:19:56Z,2026-07-30T05:19:56+0200,892469bd-1f88-49dd-9e5e-40938c7b963c,2026-07-09T09:00:00Z,2026-07-09T11:00:00+0200,17788.97,MW,FR,FR,actual_solar_generation,Solar,2026-07-30T03:20:47Z
2026-07-30T03:19:56Z,2026-07-30T05:19:56+0200,892469bd-1f88-49dd-9e5e-40938c7b963c,2026-07-09T09:15:00Z,2026-07-09T11:15:00+0200,18586.33,MW,FR,FR,actual_solar_generation,Solar,2026-07-30T03:20:47Z
2026-07-30T03:19:56Z,2026-07-30T05:19:56+0200,892469bd-1f88-49dd-9e5e-40938c7b963c,2026-07-09T09:30:00Z,2026-07-09T11:30:00+0200,19281.53,MW,FR,FR,actual_solar_generation,Solar,2026-07-30T03:20:47Z
2026-07-30T03:19:56Z,2026-07-30T05:19:56+0200,892469bd-1f88-49dd-9e5e-40938c7b963c,2026-07-09T09:45:00Z,2026-07-09T11:45:00+0200,19844.01,MW,FR,FR,actual_solar_generation,Solar,2026-07-30T03:20:47Z
2026-07-30T03:19:56Z,2026-07-30T05:19:56+0200,892469bd-1f88-49dd-9e5e-40938c7b963c,2026-07-09T10:00:00Z,2026-07-09T12:00:00+0200,20243.94,MW,FR,FR,actual_solar_generation,Solar,2026-07-30T03:20:47Z
2026-07-30T03:19:56Z,2026-07-30T05:19:56+0200,892469bd-1f88-49dd-9e5e-40938c7b963c,2026-07-09T10:15:00Z,2026-07-09T12:15:00+0200,20707.6,MW,FR,FR,actual_solar_generation,Solar,2026-07-30T03:20:47Z
2026-07-30T03:19:56Z,2026-07-30T05:19:56+0200,892469bd-1f88-49dd-9e5e-40938c7b963c,2026-07-09T10:30:00Z,2026-07-09T12:30:00+0200,21018.58,MW,FR,FR,actual_solar_generation,Solar,2026-07-30T03:20:47Z
2026-07-30T03:19:56Z,2026-07-30T05:19:56+0200,892469bd-1f88-49dd-9e5e-40938c7b963c,2026-07-09T10:45:00Z,2026-07-09T12:45:00+0200,21247.46,MW,FR,FR,actual_solar_generation,Solar,2026-07-30T03:20:47Z
2026-07-30T03:19:56Z,2026-07-30T05:19:56+0200,892469bd-1f88-49dd-9e5e-40938c7b963c,2026-07-09T11:00:00Z,2026-07-09T13:00:00+0200,21469.52,MW,FR,FR,actual_solar_generation,Solar,2026-07-30T03:20:47Z
2026-07-30T03:19:56Z,2026-07-30T05:19:56+0200,892469bd-1f88-49dd-9e5e-40938c7b963c,2026-07-09T11:15:00Z,2026-07-09T13:15:00+0200,21496.54,MW,FR,FR,actual_solar_generation,Solar,2026-07-30T03:20:47Z
2026-07-30T03:19:56Z,2026-07-30T05:19:56+0200,892469bd-1f88-49dd-9e5e-40938c7b963c,2026-07-09T11:30:00Z,2026-07-09T13:30:00+0200,21526.05,MW,FR,FR,actual_solar_generation,Solar,2026-07-30T03:20:47Z
2026-07-30T03:19:56Z,2026-07-30T05:19:56+0200,892469bd-1f88-49dd-9e5e-40938c7b963c,2026-07-09T11:45:00Z,2026-07-09T13:45:00+0200,21645.02,MW,FR,FR,actual_solar_generation,Solar,2026-07-30T03:20:47Z
2026-07-30T03:19:56Z,2026-07-30T05:19:56+0200,892469bd-1f88-49dd-9e5e-40938c7b963c,2026-07-09T12:00:00Z,2026-07-09T14:00:00+0200,21632.08,MW,FR,FR,actual_solar_generation,Solar,2026-07-30T03:20:47Z
2026-07-30T03:19:56Z,2026-07-30T05:19:56+0200,892469bd-1f88-49dd-9e5e-40938c7b963c,2026-07-09T12:15:00Z,2026-07-09T14:15:00+0200,21605.15,MW,FR,FR,actual_solar_generation,Solar,2026-07-30T03:20:47Z
2026-07-30T03:19:56Z,2026-07-30T05:19:56+0200,892469bd-1f88-49dd-9e5e-40938c7b963c,2026-07-09T12:30:00Z,2026-07-09T14:30:00+0200,21438.95,MW,FR,FR,actual_solar_generation,Solar,2026-07-30T03:20:47Z
2026-07-30T03:19:56Z,2026-07-30T05:19:56+0200,892469bd-1f88-49dd-9e5e-40938c7b963c,2026-07-09T12:45:00Z,2026-07-09T14:45:00+0200,21268.5,MW,FR,FR,actual_solar_generation,Solar,2026-07-30T03:20:47Z
2026-07-30T03:19:56Z,2026-07-30T05:19:56+0200,892469bd-1f88-49dd-9e5e-40938c7b963c,2026-07-09T13:00:00Z,2026-07-09T15:00:00+0200,21004.89,MW,FR,FR,actual_solar_generation,Solar,2026-07-30T03:20:47Z
2026-07-30T03:19:56Z,2026-07-30T05:19:56+0200,892469bd-1f88-49dd-9e5e-40938c7b963c,2026-07-09T13:15:00Z,2026-07-09T15:15:00+0200,20714.21,MW,FR,FR,actual_solar_generation,Solar,2026-07-30T03:20:47Z
2026-07-30T03:19:56Z,2026-07-30T05:19:56+0200,892469bd-1f88-49dd-9e5e-40938c7b963c,2026-07-09T13:30:00Z,2026-07-09T15:30:00+0200,20362.36,MW,FR,FR,actual_solar_generation,Solar,2026-07-30T03:20:47Z
2026-07-30T03:19:56Z,2026-07-30T05:19:56+0200,892469bd-1f88-49dd-9e5e-40938c7b963c,2026-07-09T13:45:00Z,2026-07-09T15:45:00+0200,19897.07,MW,FR,FR,actual_solar_generation,Solar,2026-07-30T03:20:47Z
2026-07-30T03:19:56Z,2026-07-30T05:19:56+0200,892469bd-1f88-49dd-9e5e-40938c7b963c,2026-07-09T14:00:00Z,2026-07-09T16:00:00+0200,19436.64,MW,FR,FR,actual_solar_generation,Solar,2026-07-30T03:20:47Z
2026-07-30T03:19:56Z,2026-07-30T05:19:56+0200,892469bd-1f88-49dd-9e5e-40938c7b963c,2026-07-09T14:15:00Z,2026-07-09T16:15:00+0200,18832.46,MW,FR,FR,actual_solar_generation,Solar,2026-07-30T03:20:47Z
2026-07-30T03:19:56Z,2026-07-30T05:19:56+0200,892469bd-1f88-49dd-9e5e-40938c7b963c,2026-07-09T14:30:00Z,2026-07-09T16:30:00+0200,18046.85,MW,FR,FR,actual_solar_generation,Solar,2026-07-30T03:20:47Z
2026-07-30T03:19:56Z,2026-07-30T05:19:56+0200,892469bd-1f88-49dd-9e5e-40938c7b963c,2026-07-09T14:45:00Z,2026-07-09T16:45:00+0200,17433.09,MW,FR,FR,actual_solar_generation,Solar,2026-07-30T03:20:47Z
2026-07-30T03:19:56Z,2026-07-30T05:19:56+0200,892469bd-1f88-49dd-9e5e-40938c7b963c,2026-07-09T15:00:00Z,2026-07-09T17:00:00+0200,16691.17,MW,FR,FR,actual_solar_generation,Solar,2026-07-30T03:20:47Z
2026-07-30T03:19:56Z,2026-07-30T05:19:56+0200,892469bd-1f88-49dd-9e5e-40938c7b963c,2026-07-09T15:15:00Z,2026-07-09T17:15:00+0200,15791.7,MW,FR,FR,actual_solar_generation,Solar,2026-07-30T03:20:47Z
2026-07-30T03:19:56Z,2026-07-30T05:19:56+0200,892469bd-1f88-49dd-9e5e-40938c7b963c,2026-07-09T15:30:00Z,2026-07-09T17:30:00+0200,14858.24,MW,FR,FR,actual_solar_generation,Solar,2026-07-30T03:20:47Z
2026-07-30T03:19:56Z,2026-07-30T05:19:56+0200,892469bd-1f88-49dd-9e5e-40938c7b963c,2026-07-09T15:45:00Z,2026-07-09T17:45:00+0200,13910.29,MW,FR,FR,actual_solar_generation,Solar,2026-07-30T03:20:47Z
2026-07-30T03:19:56Z,2026-07-30T05:19:56+0200,892469bd-1f88-49dd-9e5e-40938c7b963c,2026-07-09T16:00:00Z,2026-07-09T18:00:00+0200,12827.46,MW,FR,FR,actual_solar_generation,Solar,2026-07-30T03:20:47Z
2026-07-30T03:19:56Z,2026-07-30T05:19:56+0200,892469bd-1f88-49dd-9e5e-40938c7b963c,2026-07-09T16:15:00Z,2026-07-09T18:15:00+0200,11740.99,MW,FR,FR,actual_solar_generation,Solar,2026-07-30T03:20:47Z
2026-07-30T03:19:56Z,2026-07-30T05:19:56+0200,892469bd-1f88-49dd-9e5e-40938c7b963c,2026-07-09T16:30:00Z,2026-07-09T18:30:00+0200,10516.88,MW,FR,FR,actual_solar_generation,Solar,2026-07-30T03:20:47Z
2026-07-30T03:19:56Z,2026-07-30T05:19:56+0200,892469bd-1f88-49dd-9e5e-40938c7b963c,2026-07-09T16:45:00Z,2026-07-09T18:45:00+0200,9277.15,MW,FR,FR,actual_solar_generation,Solar,2026-07-30T03:20:47Z
2026-07-30T03:19:56Z,2026-07-30T05:19:56+0200,892469bd-1f88-49dd-9e5e-40938c7b963c,2026-07-09T17:00:00Z,2026-07-09T19:00:00+0200,7973.69,MW,FR,FR,actual_solar_generation,Solar,2026-07-30T03:20:47Z
2026-07-30T03:19:56Z,2026-07-30T05:19:56+0200,892469bd-1f88-49dd-9e5e-40938c7b963c,2026-07-09T17:15:00Z,2026-07-09T19:15:00+0200,6705.0,MW,FR,FR,actual_solar_generation,Solar,2026-07-30T03:20:47Z
2026-07-30T03:19:56Z,2026-07-30T05:19:56+0200,892469bd-1f88-49dd-9e5e-40938c7b963c,2026-07-09T17:30:00Z,2026-07-09T19:30:00+0200,5463.95,MW,FR,FR,actual_solar_generation,Solar,2026-07-30T03:20:47Z
2026-07-30T03:19:56Z,2026-07-30T05:19:56+0200,892469bd-1f88-49dd-9e5e-40938c7b963c,2026-07-09T17:45:00Z,2026-07-09T19:45:00+0200,4321.03,MW,FR,FR,actual_solar_generation,Solar,2026-07-30T03:20:47Z
2026-07-30T03:19:56Z,2026-07-30T05:19:56+0200,892469bd-1f88-49dd-9e5e-40938c7b963c,2026-07-09T18:00:00Z,2026-07-09T20:00:00+0200,3268.69,MW,FR,FR,actual_solar_generation,Solar,2026-07-30T03:20:47Z
2026-07-30T03:19:56Z,2026-07-30T05:19:56+0200,892469bd-1f88-49dd-9e5e-40938c7b963c,2026-07-09T18:15:00Z,2026-07-09T20:15:00+0200,2438.15,MW,FR,FR,actual_solar_generation,Solar,2026-07-30T03:20:47Z
2026-07-30T03:19:56Z,2026-07-30T05:19:56+0200,892469bd-1f88-49dd-9e5e-40938c7b963c,2026-07-09T18:30:00Z,2026-07-09T20:30:00+0200,1767.21,MW,FR,FR,actual_solar_generation,Solar,2026-07-30T03:20:47Z
2026-07-30T03:19:56Z,2026-07-30T05:19:56+0200,892469bd-1f88-49dd-9e5e-40938c7b963c,2026-07-09T18:45:00Z,2026-07-09T20:45:00+0200,1276.72,MW,FR,FR,actual_solar_generation,Solar,2026-07-30T03:20:47Z
2026-07-30T03:19:56Z,2026-07-30T05:19:56+0200,892469bd-1f88-49dd-9e5e-40938c7b963c,2026-07-09T19:00:00Z,2026-07-09T21:00:00+0200,877.08,MW,FR,FR,actual_solar_generation,Solar,2026-07-30T03:20:47Z
2026-07-30T03:19:56Z,2026-07-30T05:19:56+0200,892469bd-1f88-49dd-9e5e-40938c7b963c,2026-07-09T19:15:00Z,2026-07-09T21:15:00+0200,549.7,MW,FR,FR,actual_solar_generation,Solar,2026-07-30T03:20:47Z
2026-07-30T03:19:56Z,2026-07-30T05:19:56+0200,892469bd-1f88-49dd-9e5e-40938c7b963c,2026-07-09T19:30:00Z,2026-07-09T21:30:00+0200,336.11,MW,FR,FR,actual_solar_generation,Solar,2026-07-30T03:20:47Z
2026-07-30T03:19:56Z,2026-07-30T05:19:56+0200,892469bd-1f88-49dd-9e5e-40938c7b963c,2026-07-09T19:45:00Z,2026-07-09T21:45:00+0200,242.71,MW,FR,FR,actual_solar_generation,Solar,2026-07-30T03:20:47Z
2026-07-30T03:19:56Z,2026-07-30T05:19:56+0200,892469bd-1f88-49dd-9e5e-40938c7b963c,2026-07-09T20:00:00Z,2026-07-09T22:00:00+0200,208.86,MW,FR,FR,actual_solar_generation,Solar,2026-07-30T03:20:47Z
2026-07-30T03:19:56Z,2026-07-30T05:19:56+0200,892469bd-1f88-49dd-9e5e-40938c7b963c,2026-07-09T20:15:00Z,2026-07-09T22:15:00+0200,198.54,MW,FR,FR,actual_solar_generation,Solar,2026-07-30T03:20:47Z
2026-07-30T03:19:56Z,2026-07-30T05:19:56+0200,892469bd-1f88-49dd-9e5e-40938c7b963c,2026-07-09T20:30:00Z,2026-07-09T22:30:00+0200,195.86,MW,FR,FR,actual_solar_generation,Solar,2026-07-30T03:20:47Z
2026-07-30T03:19:56Z,2026-07-30T05:19:56+0200,892469bd-1f88-49dd-9e5e-40938c7b963c,2026-07-09T20:45:00Z,2026-07-09T22:45:00+0200,196.74,MW,FR,FR,actual_solar_generation,Solar,2026-07-30T03:20:47Z
2026-07-30T03:19:56Z,2026-07-30T05:19:56+0200,892469bd-1f88-49dd-9e5e-40938c7b963c,2026-07-09T21:00:00Z,2026-07-09T23:00:00+0200,196.33,MW,FR,FR,actual_solar_generation,Solar,2026-07-30T03:20:47Z
2026-07-30T03:19:56Z,2026-07-30T05:19:56+0200,892469bd-1f88-49dd-9e5e-40938c7b963c,2026-07-09T21:15:00Z,2026-07-09T23:15:00+0200,195.47,MW,FR,FR,actual_solar_generation,Solar,2026-07-30T03:20:47Z
2026-07-30T03:19:56Z,2026-07-30T05:19:56+0200,892469bd-1f88-49dd-9e5e-40938c7b963c,2026-07-09T21:30:00Z,2026-07-09T23:30:00+0200,195.66,MW,FR,FR,actual_solar_generation,Solar,2026-07-30T03:20:47Z
2026-07-30T03:19:56Z,2026-07-30T05:19:56+0200,892469bd-1f88-49dd-9e5e-40938c7b963c,2026-07-09T21:45:00Z,2026-07-09T23:45:00+0200,196.24,MW,FR,FR,actual_solar_generation,Solar,2026-07-30T03:20:47Z
2026-07-30T03:19:56Z,2026-07-30T05:19:56+0200,892469bd-1f88-49dd-9e5e-40938c7b963c,2026-07-09T22:00:00Z,2026-07-10T00:00:00+0200,0.0,MW,FR,FR,actual_solar_generation,Solar,2026-07-30T03:20:47Z
2026-07-30T03:19:56Z,2026-07-30T05:19:56+0200,892469bd-1f88-49dd-9e5e-40938c7b963c,2026-07-09T22:15:00Z,2026-07-10T00:15:00+0200,0.0,MW,FR,FR,actual_solar_generation,Solar,2026-07-30T03:20:47Z
2026-07-30T03:19:56Z,2026-07-30T05:19:56+0200,892469bd-1f88-49dd-9e5e-40938c7b963c,2026-07-09T22:30:00Z,2026-07-10T00:30:00+0200,0.0,MW,FR,FR,actual_solar_generation,Solar,2026-07-30T03:20:47Z
2026-07-30T03:19:56Z,2026-07-30T05:19:56+0200,892469bd-1f88-49dd-9e5e-40938c7b963c,2026-07-09T22:45:00Z,2026-07-10T00:45:00+0200,0.0,MW,FR,FR,actual_solar_generation,Solar,2026-07-30T03:20:47Z
2026-07-30T03:19:56Z,2026-07-30T05:19:56+0200,892469bd-1f88-49dd-9e5e-40938c7b963c,2026-07-09T23:00:00Z,2026-07-10T01:00:00+0200,0.0,MW,FR,FR,actual_solar_generation,Solar,2026-07-30T03:20:47Z
2026-07-30T03:19:56Z,2026-07-30T05:19:56+0200,892469bd-1f88-49dd-9e5e-40938c7b963c,2026-07-09T23:15:00Z,2026-07-10T01:15:00+0200,0.0,MW,FR,FR,actual_solar_generation,Solar,2026-07-30T03:20:47Z
2026-07-30T03:19:56Z,2026-07-30T05:19:56+0200,892469bd-1f88-49dd-9e5e-40938c7b963c,2026-07-09T23:30:00Z,2026-07-10T01:30:00+0200,0.0,MW,FR,FR,actual_solar_generation,Solar,2026-07-30T03:20:47Z
2026-07-30T03:19:56Z,2026-07-30T05:19:56+0200,892469bd-1f88-49dd-9e5e-40938c7b963c,2026-07-09T23:45:00Z,2026-07-10T01:45:00+0200,0.0,MW,FR,FR,actual_solar_generation,Solar,2026-07-30T03:20:47Z
2026-07-30T03:19:56Z,2026-07-30T05:19:56+0200,892469bd-1f88-49dd-9e5e-40938c7b963c,2026-07-10T00:00:00Z,2026-07-10T02:00:00+0200,0.0,MW,FR,FR,actual_solar_generation,Solar,2026-07-30T03:20:47Z
2026-07-30T03:19:56Z,2026-07-30T05:19:56+0200,892469bd-1f88-49dd-9e5e-40938c7b963c,2026-07-10T00:15:00Z,2026-07-10T02:15:00+0200,0.0,MW,FR,FR,actual_solar_generation,Solar,2026-07-30T03:20:47Z
2026-07-30T03:19:56Z,2026-07-30T05:19:56+0200,892469bd-1f88-49dd-9e5e-40938c7b963c,2026-07-10T00:30:00Z,2026-07-10T02:30:00+0200,0.0,MW,FR,FR,actual_solar_generation,Solar,2026-07-30T03:20:47Z
2026-07-30T03:19:56Z,2026-07-30T05:19:56+0200,892469bd-1f88-49dd-9e5e-40938c7b963c,2026-07-10T00:45:00Z,2026-07-10T02:45:00+0200,0.0,MW,FR,FR,actual_solar_generation,Solar,2026-07-30T03:20:47Z
2026-07-30T03:19:56Z,2026-07-30T05:19:56+0200,892469bd-1f88-49dd-9e5e-40938c7b963c,2026-07-10T01:00:00Z,2026-07-10T03:00:00+0200,0.0,MW,FR,FR,actual_solar_generation,Solar,2026-07-30T03:20:47Z
2026-07-30T03:19:56Z,2026-07-30T05:19:56+0200,892469bd-1f88-49dd-9e5e-40938c7b963c,2026-07-10T01:15:00Z,2026-07-10T03:15:00+0200,0.0,MW,FR,FR,actual_solar_generation,Solar,2026-07-30T03:20:47Z
2026-07-30T03:19:56Z,2026-07-30T05:19:56+0200,892469bd-1f88-49dd-9e5e-40938c7b963c,2026-07-10T01:30:00Z,2026-07-10T03:30:00+0200,0.0,MW,FR,FR,actual_solar_generation,Solar,2026-07-30T03:20:47Z
2026-07-30T03:19:56Z,2026-07-30T05:19:56+0200,892469bd-1f88-49dd-9e5e-40938c7b963c,2026-07-10T01:45:00Z,2026-07-10T03:45:00+0200,0.0,MW,FR,FR,actual_solar_generation,Solar,2026-07-30T03:20:47Z
2026-07-30T03:19:56Z,2026-07-30T05:19:56+0200,892469bd-1f88-49dd-9e5e-40938c7b963c,2026-07-10T02:00:00Z,2026-07-10T04:00:00+0200,0.0,MW,FR,FR,actual_solar_generation,Solar,2026-07-30T03:20:47Z
2026-07-30T03:19:56Z,2026-07-30T05:19:56+0200,892469bd-1f88-49dd-9e5e-40938c7b963c,2026-07-10T02:15:00Z,2026-07-10T04:15:00+0200,0.0,MW,FR,FR,actual_solar_generation,Solar,2026-07-30T03:20:47Z
2026-07-30T03:19:56Z,2026-07-30T05:19:56+0200,892469bd-1f88-49dd-9e5e-40938c7b963c,2026-07-10T02:30:00Z,2026-07-10T04:30:00+0200,0.0,MW,FR,FR,actual_solar_generation,Solar,2026-07-30T03:20:47Z
2026-07-30T03:19:56Z,2026-07-30T05:19:56+0200,892469bd-1f88-49dd-9e5e-40938c7b963c,2026-07-10T02:45:00Z,2026-07-10T04:45:00+0200,0.0,MW,FR,FR,actual_solar_generation,Solar,2026-07-30T03:20:47Z
2026-07-30T03:19:56Z,2026-07-30T05:19:56+0200,892469bd-1f88-49dd-9e5e-40938c7b963c,2026-07-10T03:00:00Z,2026-07-10T05:00:00+0200,187.38,MW,FR,FR,actual_solar_generation,Solar,2026-07-30T03:20:47Z
2026-07-30T03:19:56Z,2026-07-30T05:19:56+0200,892469bd-1f88-49dd-9e5e-40938c7b963c,2026-07-10T03:15:00Z,2026-07-10T05:15:00+0200,187.79,MW,FR,FR,actual_solar_generation,Solar,2026-07-30T03:20:47Z
2026-07-30T03:19:56Z,2026-07-30T05:19:56+0200,892469bd-1f88-49dd-9e5e-40938c7b963c,2026-07-10T03:30:00Z,2026-07-10T05:30:00+0200,191.15,MW,FR,FR,actual_solar_generation,Solar,2026-07-30T03:20:47Z
2026-07-30T03:19:56Z,2026-07-30T05:19:56+0200,892469bd-1f88-49dd-9e5e-40938c7b963c,2026-07-10T03:45:00Z,2026-07-10T05:45:00+0200,207.86,MW,FR,FR,actual_solar_generation,Solar,2026-07-30T03:20:47Z
2026-07-30T03:19:56Z,2026-07-30T05:19:56+0200,892469bd-1f88-49dd-9e5e-40938c7b963c,2026-07-10T04:00:00Z,2026-07-10T06:00:00+0200,250.86,MW,FR,FR,actual_solar_generation,Solar,2026-07-30T03:20:47Z
2026-07-30T03:19:56Z,2026-07-30T05:19:56+0200,892469bd-1f88-49dd-9e5e-40938c7b963c,2026-07-10T04:15:00Z,2026-07-10T06:15:00+0200,327.7,MW,FR,FR,actual_solar_generation,Solar,2026-07-30T03:20:47Z
2026-07-30T03:19:56Z,2026-07-30T05:19:56+0200,892469bd-1f88-49dd-9e5e-40938c7b963c,2026-07-10T04:30:00Z,2026-07-10T06:30:00+0200,467.79,MW,FR,FR,actual_solar_generation,Solar,2026-07-30T03:20:47Z
2026-07-30T03:19:56Z,2026-07-30T05:19:56+0200,892469bd-1f88-49dd-9e5e-40938c7b963c,2026-07-10T04:45:00Z,2026-07-10T06:45:00+0200,742.68,MW,FR,FR,actual_solar_generation,Solar,2026-07-30T03:20:47Z
2026-07-30T03:19:56Z,2026-07-30T05:19:56+0200,892469bd-1f88-49dd-9e5e-40938c7b963c,2026-07-10T05:00:00Z,2026-07-10T07:00:00+0200,1117.88,MW,FR,FR,actual_solar_generation,Solar,2026-07-30T03:20:47Z
2026-07-30T03:19:56Z,2026-07-30T05:19:56+0200,892469bd-1f88-49dd-9e5e-40938c7b963c,2026-07-10T05:15:00Z,2026-07-10T07:15:00+0200,1602.9,MW,FR,FR,actual_solar_generation,Solar,2026-07-30T03:20:47Z
2026-07-30T03:19:56Z,2026-07-30T05:19:56+0200,892469bd-1f88-49dd-9e5e-40938c7b963c,2026-07-10T05:30:00Z,2026-07-10T07:30:00+0200,2244.84,MW,FR,FR,actual_solar_generation,Solar,2026-07-30T03:20:47Z
2026-07-30T03:19:56Z,2026-07-30T05:19:56+0200,892469bd-1f88-49dd-9e5e-40938c7b963c,2026-07-10T05:45:00Z,2026-07-10T07:45:00+0200,3074.87,MW,FR,FR,actual_solar_generation,Solar,2026-07-30T03:20:47Z
2026-07-30T03:19:56Z,2026-07-30T05:19:56+0200,892469bd-1f88-49dd-9e5e-40938c7b963c,2026-07-10T06:00:00Z,2026-07-10T08:00:00+0200,3935.85,MW,FR,FR,actual_solar_generation,Solar,2026-07-30T03:20:47Z
2026-07-30T03:19:56Z,2026-07-30T05:19:56+0200,892469bd-1f88-49dd-9e5e-40938c7b963c,2026-07-10T06:15:00Z,2026-07-10T08:15:00+0200,4968.04,MW,FR,FR,actual_solar_generation,Solar,2026-07-30T03:20:47Z
2026-07-30T03:19:56Z,2026-07-30T05:19:56+0200,892469bd-1f88-49dd-9e5e-40938c7b963c,2026-07-10T06:30:00Z,2026-07-10T08:30:00+0200,6103.76,MW,FR,FR,actual_solar_generation,Solar,2026-07-30T03:20:47Z
2026-07-30T03:19:56Z,2026-07-30T05:19:56+0200,892469bd-1f88-49dd-9e5e-40938c7b963c,2026-07-10T06:45:00Z,2026-07-10T08:45:00+0200,7391.4,MW,FR,FR,actual_solar_generation,Solar,2026-07-30T03:20:47Z
2026-07-30T03:19:56Z,2026-07-30T05:19:56+0200,892469bd-1f88-49dd-9e5e-40938c7b963c,2026-07-10T07:00:00Z,2026-07-10T09:00:00+0200,8597.06,MW,FR,FR,actual_solar_generation,Solar,2026-07-30T03:20:47Z
2026-07-30T03:19:56Z,2026-07-30T05:19:56+0200,892469bd-1f88-49dd-9e5e-40938c7b963c,2026-07-10T07:15:00Z,2026-07-10T09:15:00+0200,9920.78,MW,FR,FR,actual_solar_generation,Solar,2026-07-30T03:20:47Z
2026-07-30T03:19:56Z,2026-07-30T05:19:56+0200,892469bd-1f88-49dd-9e5e-40938c7b963c,2026-07-10T07:30:00Z,2026-07-10T09:30:00+0200,11082.17,MW,FR,FR,actual_solar_generation,Solar,2026-07-30T03:20:47Z
2026-07-30T03:19:56Z,2026-07-30T05:19:56+0200,892469bd-1f88-49dd-9e5e-40938c7b963c,2026-07-10T07:45:00Z,2026-07-10T09:45:00+0200,12313.04,MW,FR,FR,actual_solar_generation,Solar,2026-07-30T03:20:47Z
2026-07-30T03:19:56Z,2026-07-30T05:19:56+0200,892469bd-1f88-49dd-9e5e-40938c7b963c,2026-07-10T08:00:00Z,2026-07-10T10:00:00+0200,13443.48,MW,FR,FR,actual_solar_generation,Solar,2026-07-30T03:20:47Z
2026-07-30T03:19:56Z,2026-07-30T05:19:56+0200,892469bd-1f88-49dd-9e5e-40938c7b963c,2026-07-10T08:15:00Z,2026-07-10T10:15:00+0200,14392.83,MW,FR,FR,actual_solar_generation,Solar,2026-07-30T03:20:47Z
2026-07-30T03:19:56Z,2026-07-30T05:19:56+0200,892469bd-1f88-49dd-9e5e-40938c7b963c,2026-07-10T08:30:00Z,2026-07-10T10:30:00+0200,15448.98,MW,FR,FR,actual_solar_generation,Solar,2026-07-30T03:20:47Z
2026-07-30T03:19:56Z,2026-07-30T05:19:56+0200,892469bd-1f88-49dd-9e5e-40938c7b963c,2026-07-10T08:45:00Z,2026-07-10T10:45:00+0200,16273.05,MW,FR,FR,actual_solar_generation,Solar,2026-07-30T03:20:47Z
2026-07-30T03:19:56Z,2026-07-30T05:19:56+0200,892469bd-1f88-49dd-9e5e-40938c7b963c,2026-07-10T09:00:00Z,2026-07-10T11:00:00+0200,17065.87,MW,FR,FR,actual_solar_generation,Solar,2026-07-30T03:20:47Z
2026-07-30T03:19:56Z,2026-07-30T05:19:56+0200,892469bd-1f88-49dd-9e5e-40938c7b963c,2026-07-10T09:15:00Z,2026-07-10T11:15:00+0200,17805.31,MW,FR,FR,actual_solar_generation,Solar,2026-07-30T03:20:47Z
2026-07-30T03:19:56Z,2026-07-30T05:19:56+0200,892469bd-1f88-49dd-9e5e-40938c7b963c,2026-07-10T09:30:00Z,2026-07-10T11:30:00+0200,18376.98,MW,FR,FR,actual_solar_generation,Solar,2026-07-30T03:20:47Z
2026-07-30T03:19:56Z,2026-07-30T05:19:56+0200,892469bd-1f88-49dd-9e5e-40938c7b963c,2026-07-10T09:45:00Z,2026-07-10T11:45:00+0200,18858.41,MW,FR,FR,actual_solar_generation,Solar,2026-07-30T03:20:47Z
2026-07-30T03:19:56Z,2026-07-30T05:19:56+0200,892469bd-1f88-49dd-9e5e-40938c7b963c,2026-07-10T10:00:00Z,2026-07-10T12:00:00+0200,19307.76,MW,FR,FR,actual_solar_generation,Solar,2026-07-30T03:20:47Z
2026-07-30T03:19:56Z,2026-07-30T05:19:56+0200,892469bd-1f88-49dd-9e5e-40938c7b963c,2026-07-10T10:15:00Z,2026-07-10T12:15:00+0200,19810.91,MW,FR,FR,actual_solar_generation,Solar,2026-07-30T03:20:47Z
2026-07-30T03:19:56Z,2026-07-30T05:19:56+0200,892469bd-1f88-49dd-9e5e-40938c7b963c,2026-07-10T10:30:00Z,2026-07-10T12:30:00+0200,19946.52,MW,FR,FR,actual_solar_generation,Solar,2026-07-30T03:20:47Z
2026-07-30T03:19:56Z,2026-07-30T05:19:56+0200,892469bd-1f88-49dd-9e5e-40938c7b963c,2026-07-10T10:45:00Z,2026-07-10T12:45:00+0200,20163.12,MW,FR,FR,actual_solar_generation,Solar,2026-07-30T03:20:47Z
2026-07-30T03:19:56Z,2026-07-30T05:19:56+0200,892469bd-1f88-49dd-9e5e-40938c7b963c,2026-07-10T11:00:00Z,2026-07-10T13:00:00+0200,20299.42,MW,FR,FR,actual_solar_generation,Solar,2026-07-30T03:20:47Z
2026-07-30T03:19:56Z,2026-07-30T05:19:56+0200,892469bd-1f88-49dd-9e5e-40938c7b963c,2026-07-10T11:15:00Z,2026-07-10T13:15:00+0200,20413.83,MW,FR,FR,actual_solar_generation,Solar,2026-07-30T03:20:47Z
2026-07-30T03:19:56Z,2026-07-30T05:19:56+0200,892469bd-1f88-49dd-9e5e-40938c7b963c,2026-07-10T11:30:00Z,2026-07-10T13:30:00+0200,20542.84,MW,FR,FR,actual_solar_generation,Solar,2026-07-30T03:20:47Z
2026-07-30T03:19:56Z,2026-07-30T05:19:56+0200,892469bd-1f88-49dd-9e5e-40938c7b963c,2026-07-10T11:45:00Z,2026-07-10T13:45:00+0200,20693.04,MW,FR,FR,actual_solar_generation,Solar,2026-07-30T03:20:47Z
2026-07-30T03:19:56Z,2026-07-30T05:19:56+0200,892469bd-1f88-49dd-9e5e-40938c7b963c,2026-07-10T12:00:00Z,2026-07-10T14:00:00+0200,20516.9,MW,FR,FR,actual_solar_generation,Solar,2026-07-30T03:20:47Z
2026-07-30T03:19:56Z,2026-07-30T05:19:56+0200,892469bd-1f88-49dd-9e5e-40938c7b963c,2026-07-10T12:15:00Z,2026-07-10T14:15:00+0200,20317.72,MW,FR,FR,actual_solar_generation,Solar,2026-07-30T03:20:47Z
2026-07-30T03:19:56Z,2026-07-30T05:19:56+0200,892469bd-1f88-49dd-9e5e-40938c7b963c,2026-07-10T12:30:00Z,2026-07-10T14:30:00+0200,20028.84,MW,FR,FR,actual_solar_generation,Solar,2026-07-30T03:20:47Z
2026-07-30T03:19:56Z,2026-07-30T05:19:56+0200,892469bd-1f88-49dd-9e5e-40938c7b963c,2026-07-10T12:45:00Z,2026-07-10T14:45:00+0200,19737.26,MW,FR,FR,actual_solar_generation,Solar,2026-07-30T03:20:47Z
2026-07-30T03:19:56Z,2026-07-30T05:19:56+0200,892469bd-1f88-49dd-9e5e-40938c7b963c,2026-07-10T13:00:00Z,2026-07-10T15:00:00+0200,19412.9,MW,FR,FR,actual_solar_generation,Solar,2026-07-30T03:20:47Z
2026-07-30T03:19:56Z,2026-07-30T05:19:56+0200,892469bd-1f88-49dd-9e5e-40938c7b963c,2026-07-10T13:15:00Z,2026-07-10T15:15:00+0200,19021.17,MW,FR,FR,actual_solar_generation,Solar,2026-07-30T03:20:47Z
2026-07-30T03:19:56Z,2026-07-30T05:19:56+0200,892469bd-1f88-49dd-9e5e-40938c7b963c,2026-07-10T13:30:00Z,2026-07-10T15:30:00+0200,18643.22,MW,FR,FR,actual_solar_generation,Solar,2026-07-30T03:20:47Z
2026-07-30T03:19:56Z,2026-07-30T05:19:56+0200,892469bd-1f88-49dd-9e5e-40938c7b963c,2026-07-10T13:45:00Z,2026-07-10T15:45:00+0200,18057.4,MW,FR,FR,actual_solar_generation,Solar,2026-07-30T03:20:47Z
2026-07-30T03:19:56Z,2026-07-30T05:19:56+0200,892469bd-1f88-49dd-9e5e-40938c7b963c,2026-07-10T14:00:00Z,2026-07-10T16:00:00+0200,17411.02,MW,FR,FR,actual_solar_generation,Solar,2026-07-30T03:20:47Z
2026-07-30T03:19:56Z,2026-07-30T05:19:56+0200,892469bd-1f88-49dd-9e5e-40938c7b963c,2026-07-10T14:15:00Z,2026-07-10T16:15:00+0200,16765.72,MW,FR,FR,actual_solar_generation,Solar,2026-07-30T03:20:47Z
2026-07-30T03:19:56Z,2026-07-30T05:19:56+0200,892469bd-1f88-49dd-9e5e-40938c7b963c,2026-07-10T14:30:00Z,2026-07-10T16:30:00+0200,15947.32,MW,FR,FR,actual_solar_generation,Solar,2026-07-30T03:20:47Z
2026-07-30T03:19:56Z,2026-07-30T05:19:56+0200,892469bd-1f88-49dd-9e5e-40938c7b963c,2026-07-10T14:45:00Z,2026-07-10T16:45:00+0200,15247.08,MW,FR,FR,actual_solar_generation,Solar,2026-07-30T03:20:47Z
2026-07-30T03:19:56Z,2026-07-30T05:19:56+0200,892469bd-1f88-49dd-9e5e-40938c7b963c,2026-07-10T15:00:00Z,2026-07-10T17:00:00+0200,14532.51,MW,FR,FR,actual_solar_generation,Solar,2026-07-30T03:20:47Z
2026-07-30T03:19:56Z,2026-07-30T05:19:56+0200,892469bd-1f88-49dd-9e5e-40938c7b963c,2026-07-10T15:15:00Z,2026-07-10T17:15:00+0200,13618.98,MW,FR,FR,actual_solar_generation,Solar,2026-07-30T03:20:47Z
2026-07-30T03:19:56Z,2026-07-30T05:19:56+0200,892469bd-1f88-49dd-9e5e-40938c7b963c,2026-07-10T15:30:00Z,2026-07-10T17:30:00+0200,12464.38,MW,FR,FR,actual_solar_generation,Solar,2026-07-30T03:20:47Z
2026-07-30T03:19:56Z,2026-07-30T05:19:56+0200,892469bd-1f88-49dd-9e5e-40938c7b963c,2026-07-10T15:45:00Z,2026-07-10T17:45:00+0200,11460.04,MW,FR,FR,actual_solar_generation,Solar,2026-07-30T03:20:47Z
2026-07-30T03:19:56Z,2026-07-30T05:19:56+0200,892469bd-1f88-49dd-9e5e-40938c7b963c,2026-07-10T16:00:00Z,2026-07-10T18:00:00+0200,10375.15,MW,FR,FR,actual_solar_generation,Solar,2026-07-30T03:20:47Z
2026-07-30T03:19:56Z,2026-07-30T05:19:56+0200,892469bd-1f88-49dd-9e5e-40938c7b963c,2026-07-10T16:15:00Z,2026-07-10T18:15:00+0200,9375.78,MW,FR,FR,actual_solar_generation,Solar,2026-07-30T03:20:47Z
2026-07-30T03:19:56Z,2026-07-30T05:19:56+0200,892469bd-1f88-49dd-9e5e-40938c7b963c,2026-07-10T16:30:00Z,2026-07-10T18:30:00+0200,8387.06,MW,FR,FR,actual_solar_generation,Solar,2026-07-30T03:20:47Z
2026-07-30T03:19:56Z,2026-07-30T05:19:56+0200,892469bd-1f88-49dd-9e5e-40938c7b963c,2026-07-10T16:45:00Z,2026-07-10T18:45:00+0200,7399.68,MW,FR,FR,actual_solar_generation,Solar,2026-07-30T03:20:47Z
2026-07-30T03:19:56Z,2026-07-30T05:19:56+0200,892469bd-1f88-49dd-9e5e-40938c7b963c,2026-07-10T17:00:00Z,2026-07-10T19:00:00+0200,6433.7,MW,FR,FR,actual_solar_generation,Solar,2026-07-30T03:20:47Z
2026-07-30T03:19:56Z,2026-07-30T05:19:56+0200,892469bd-1f88-49dd-9e5e-40938c7b963c,2026-07-10T17:15:00Z,2026-07-10T19:15:00+0200,5480.86,MW,FR,FR,actual_solar_generation,Solar,2026-07-30T03:20:47Z
2026-07-30T03:19:56Z,2026-07-30T05:19:56+0200,892469bd-1f88-49dd-9e5e-40938c7b963c,2026-07-10T17:30:00Z,2026-07-10T19:30:00+0200,4468.9,MW,FR,FR,actual_solar_generation,Solar,2026-07-30T03:20:47Z
2026-07-30T03:19:56Z,2026-07-30T05:19:56+0200,892469bd-1f88-49dd-9e5e-40938c7b963c,2026-07-10T17:45:00Z,2026-07-10T19:45:00+0200,3598.7,MW,FR,FR,actual_solar_generation,Solar,2026-07-30T03:20:47Z
2026-07-30T03:19:56Z,2026-07-30T05:19:56+0200,892469bd-1f88-49dd-9e5e-40938c7b963c,2026-07-10T18:00:00Z,2026-07-10T20:00:00+0200,2805.11,MW,FR,FR,actual_solar_generation,Solar,2026-07-30T03:20:47Z
2026-07-30T03:19:56Z,2026-07-30T05:19:56+0200,892469bd-1f88-49dd-9e5e-40938c7b963c,2026-07-10T18:15:00Z,2026-07-10T20:15:00+0200,2145.62,MW,FR,FR,actual_solar_generation,Solar,2026-07-30T03:20:47Z
2026-07-30T03:19:56Z,2026-07-30T05:19:56+0200,892469bd-1f88-49dd-9e5e-40938c7b963c,2026-07-10T18:30:00Z,2026-07-10T20:30:00+0200,1623.34,MW,FR,FR,actual_solar_generation,Solar,2026-07-30T03:20:47Z
2026-07-30T03:19:56Z,2026-07-30T05:19:56+0200,892469bd-1f88-49dd-9e5e-40938c7b963c,2026-07-10T18:45:00Z,2026-07-10T20:45:00+0200,1218.91,MW,FR,FR,actual_solar_generation,Solar,2026-07-30T03:20:47Z
2026-07-30T03:19:56Z,2026-07-30T05:19:56+0200,892469bd-1f88-49dd-9e5e-40938c7b963c,2026-07-10T19:00:00Z,2026-07-10T21:00:00+0200,864.63,MW,FR,FR,actual_solar_generation,Solar,2026-07-30T03:20:47Z
2026-07-30T03:19:56Z,2026-07-30T05:19:56+0200,892469bd-1f88-49dd-9e5e-40938c7b963c,2026-07-10T19:15:00Z,2026-07-10T21:15:00+0200,576.37,MW,FR,FR,actual_solar_generation,Solar,2026-07-30T03:20:47Z
2026-07-30T03:19:56Z,2026-07-30T05:19:56+0200,892469bd-1f88-49dd-9e5e-40938c7b963c,2026-07-10T19:30:00Z,2026-07-10T21:30:00+0200,383.04,MW,FR,FR,actual_solar_generation,Solar,2026-07-30T03:20:47Z
2026-07-30T03:19:56Z,2026-07-30T05:19:56+0200,892469bd-1f88-49dd-9e5e-40938c7b963c,2026-07-10T19:45:00Z,2026-07-10T21:45:00+0200,280.41,MW,FR,FR,actual_solar_generation,Solar,2026-07-30T03:20:47Z
2026-07-30T03:19:56Z,2026-07-30T05:19:56+0200,892469bd-1f88-49dd-9e5e-40938c7b963c,2026-07-10T20:00:00Z,2026-07-10T22:00:00+0200,243.76,MW,FR,FR,actual_solar_generation,Solar,2026-07-30T03:20:47Z
2026-07-30T03:19:56Z,2026-07-30T05:19:56+0200,892469bd-1f88-49dd-9e5e-40938c7b963c,2026-07-10T20:15:00Z,2026-07-10T22:15:00+0200,238.73,MW,FR,FR,actual_solar_generation,Solar,2026-07-30T03:20:47Z
2026-07-30T03:19:56Z,2026-07-30T05:19:56+0200,892469bd-1f88-49dd-9e5e-40938c7b963c,2026-07-10T20:30:00Z,2026-07-10T22:30:00+0200,246.33,MW,FR,FR,actual_solar_generation,Solar,2026-07-30T03:20:47Z
2026-07-30T03:19:56Z,2026-07-30T05:19:56+0200,892469bd-1f88-49dd-9e5e-40938c7b963c,2026-07-10T20:45:00Z,2026-07-10T22:45:00+0200,247.07,MW,FR,FR,actual_solar_generation,Solar,2026-07-30T03:20:47Z
2026-07-30T03:19:56Z,2026-07-30T05:19:56+0200,892469bd-1f88-49dd-9e5e-40938c7b963c,2026-07-10T21:00:00Z,2026-07-10T23:00:00+0200,246.95,MW,FR,FR,actual_solar_generation,Solar,2026-07-30T03:20:47Z
2026-07-30T03:19:56Z,2026-07-30T05:19:56+0200,892469bd-1f88-49dd-9e5e-40938c7b963c,2026-07-10T21:15:00Z,2026-07-10T23:15:00+0200,242.66,MW,FR,FR,actual_solar_generation,Solar,2026-07-30T03:20:47Z
2026-07-30T03:19:56Z,2026-07-30T05:19:56+0200,892469bd-1f88-49dd-9e5e-40938c7b963c,2026-07-10T21:30:00Z,2026-07-10T23:30:00+0200,241.44,MW,FR,FR,actual_solar_generation,Solar,2026-07-30T03:20:47Z
2026-07-30T03:19:56Z,2026-07-30T05:19:56+0200,892469bd-1f88-49dd-9e5e-40938c7b963c,2026-07-10T21:45:00Z,2026-07-10T23:45:00+0200,239.17,MW,FR,FR,actual_solar_generation,Solar,2026-07-30T03:20:47Z
2026-07-30T03:19:56Z,2026-07-30T05:19:56+0200,892469bd-1f88-49dd-9e5e-40938c7b963c,2026-07-10T22:00:00Z,2026-07-11T00:00:00+0200,0.0,MW,FR,FR,actual_solar_generation,Solar,2026-07-30T03:20:47Z
2026-07-30T03:19:56Z,2026-07-30T05:19:56+0200,892469bd-1f88-49dd-9e5e-40938c7b963c,2026-07-10T22:15:00Z,2026-07-11T00:15:00+0200,0.0,MW,FR,FR,actual_solar_generation,Solar,2026-07-30T03:20:47Z
2026-07-30T03:19:56Z,2026-07-30T05:19:56+0200,892469bd-1f88-49dd-9e5e-40938c7b963c,2026-07-10T22:30:00Z,2026-07-11T00:30:00+0200,0.0,MW,FR,FR,actual_solar_generation,Solar,2026-07-30T03:20:47Z
2026-07-30T03:19:56Z,2026-07-30T05:19:56+0200,892469bd-1f88-49dd-9e5e-40938c7b963c,2026-07-10T22:45:00Z,2026-07-11T00:45:00+0200,0.0,MW,FR,FR,actual_solar_generation,Solar,2026-07-30T03:20:47Z
2026-07-30T03:19:56Z,2026-07-30T05:19:56+0200,892469bd-1f88-49dd-9e5e-40938c7b963c,2026-07-10T23:00:00Z,2026-07-11T01:00:00+0200,0.0,MW,FR,FR,actual_solar_generation,Solar,2026-07-30T03:20:47Z
2026-07-30T03:19:56Z,2026-07-30T05:19:56+0200,892469bd-1f88-49dd-9e5e-40938c7b963c,2026-07-10T23:15:00Z,2026-07-11T01:15:00+0200,0.0,MW,FR,FR,actual_solar_generation,Solar,2026-07-30T03:20:47Z
2026-07-30T03:19:56Z,2026-07-30T05:19:56+0200,892469bd-1f88-49dd-9e5e-40938c7b963c,2026-07-10T23:30:00Z,2026-07-11T01:30:00+0200,0.0,MW,FR,FR,actual_solar_generation,Solar,2026-07-30T03:20:47Z
2026-07-30T03:19:56Z,2026-07-30T05:19:56+0200,892469bd-1f88-49dd-9e5e-40938c7b963c,2026-07-10T23:45:00Z,2026-07-11T01:45:00+0200,0.0,MW,FR,FR,actual_solar_generation,Solar,2026-07-30T03:20:47Z
2026-07-30T03:19:56Z,2026-07-30T05:19:56+0200,892469bd-1f88-49dd-9e5e-40938c7b963c,2026-07-11T00:00:00Z,2026-07-11T02:00:00+0200,0.0,MW,FR,FR,actual_solar_generation,Solar,2026-07-30T03:20:47Z
2026-07-30T03:19:56Z,2026-07-30T05:19:56+0200,892469bd-1f88-49dd-9e5e-40938c7b963c,2026-07-11T00:15:00Z,2026-07-11T02:15:00+0200,0.0,MW,FR,FR,actual_solar_generation,Solar,2026-07-30T03:20:47Z
2026-07-30T03:19:56Z,2026-07-30T05:19:56+0200,892469bd-1f88-49dd-9e5e-40938c7b963c,2026-07-11T00:30:00Z,2026-07-11T02:30:00+0200,0.0,MW,FR,FR,actual_solar_generation,Solar,2026-07-30T03:20:47Z
2026-07-30T03:19:56Z,2026-07-30T05:19:56+0200,892469bd-1f88-49dd-9e5e-40938c7b963c,2026-07-11T00:45:00Z,2026-07-11T02:45:00+0200,0.0,MW,FR,FR,actual_solar_generation,Solar,2026-07-30T03:20:47Z
2026-07-30T03:19:56Z,2026-07-30T05:19:56+0200,892469bd-1f88-49dd-9e5e-40938c7b963c,2026-07-11T01:00:00Z,2026-07-11T03:00:00+0200,0.0,MW,FR,FR,actual_solar_generation,Solar,2026-07-30T03:20:47Z
2026-07-30T03:19:56Z,2026-07-30T05:19:56+0200,892469bd-1f88-49dd-9e5e-40938c7b963c,2026-07-11T01:15:00Z,2026-07-11T03:15:00+0200,0.0,MW,FR,FR,actual_solar_generation,Solar,2026-07-30T03:20:47Z
2026-07-30T03:19:56Z,2026-07-30T05:19:56+0200,892469bd-1f88-49dd-9e5e-40938c7b963c,2026-07-11T01:30:00Z,2026-07-11T03:30:00+0200,0.0,MW,FR,FR,actual_solar_generation,Solar,2026-07-30T03:20:47Z
2026-07-30T03:19:56Z,2026-07-30T05:19:56+0200,892469bd-1f88-49dd-9e5e-40938c7b963c,2026-07-11T01:45:00Z,2026-07-11T03:45:00+0200,0.0,MW,FR,FR,actual_solar_generation,Solar,2026-07-30T03:20:47Z
2026-07-30T03:19:56Z,2026-07-30T05:19:56+0200,892469bd-1f88-49dd-9e5e-40938c7b963c,2026-07-11T02:00:00Z,2026-07-11T04:00:00+0200,0.0,MW,FR,FR,actual_solar_generation,Solar,2026-07-30T03:20:47Z
2026-07-30T03:19:56Z,2026-07-30T05:19:56+0200,892469bd-1f88-49dd-9e5e-40938c7b963c,2026-07-11T02:15:00Z,2026-07-11T04:15:00+0200,0.0,MW,FR,FR,actual_solar_generation,Solar,2026-07-30T03:20:47Z
2026-07-30T03:19:56Z,2026-07-30T05:19:56+0200,892469bd-1f88-49dd-9e5e-40938c7b963c,2026-07-11T02:30:00Z,2026-07-11T04:30:00+0200,0.0,MW,FR,FR,actual_solar_generation,Solar,2026-07-30T03:20:47Z
2026-07-30T03:19:56Z,2026-07-30T05:19:56+0200,892469bd-1f88-49dd-9e5e-40938c7b963c,2026-07-11T02:45:00Z,2026-07-11T04:45:00+0200,0.0,MW,FR,FR,actual_solar_generation,Solar,2026-07-30T03:20:47Z
2026-07-30T03:19:56Z,2026-07-30T05:19:56+0200,892469bd-1f88-49dd-9e5e-40938c7b963c,2026-07-11T03:00:00Z,2026-07-11T05:00:00+0200,239.87,MW,FR,FR,actual_solar_generation,Solar,2026-07-30T03:20:47Z
2026-07-30T03:19:56Z,2026-07-30T05:19:56+0200,892469bd-1f88-49dd-9e5e-40938c7b963c,2026-07-11T03:15:00Z,2026-07-11T05:15:00+0200,235.06,MW,FR,FR,actual_solar_generation,Solar,2026-07-30T03:20:47Z
2026-07-30T03:19:56Z,2026-07-30T05:19:56+0200,892469bd-1f88-49dd-9e5e-40938c7b963c,2026-07-11T03:30:00Z,2026-07-11T05:30:00+0200,249.5,MW,FR,FR,actual_solar_generation,Solar,2026-07-30T03:20:47Z
2026-07-30T03:19:56Z,2026-07-30T05:19:56+0200,892469bd-1f88-49dd-9e5e-40938c7b963c,2026-07-11T03:45:00Z,2026-07-11T05:45:00+0200,261.6,MW,FR,FR,actual_solar_generation,Solar,2026-07-30T03:20:47Z
2026-07-30T03:19:56Z,2026-07-30T05:19:56+0200,892469bd-1f88-49dd-9e5e-40938c7b963c,2026-07-11T04:00:00Z,2026-07-11T06:00:00+0200,294.57,MW,FR,FR,actual_solar_generation,Solar,2026-07-30T03:20:47Z
2026-07-30T03:19:56Z,2026-07-30T05:19:56+0200,892469bd-1f88-49dd-9e5e-40938c7b963c,2026-07-11T04:15:00Z,2026-07-11T06:15:00+0200,373.18,MW,FR,FR,actual_solar_generation,Solar,2026-07-30T03:20:47Z
2026-07-30T03:19:56Z,2026-07-30T05:19:56+0200,892469bd-1f88-49dd-9e5e-40938c7b963c,2026-07-11T04:30:00Z,2026-07-11T06:30:00+0200,496.25,MW,FR,FR,actual_solar_generation,Solar,2026-07-30T03:20:47Z
2026-07-30T03:19:56Z,2026-07-30T05:19:56+0200,892469bd-1f88-49dd-9e5e-40938c7b963c,2026-07-11T04:45:00Z,2026-07-11T06:45:00+0200,738.18,MW,FR,FR,actual_solar_generation,Solar,2026-07-30T03:20:47Z
2026-07-30T03:19:56Z,2026-07-30T05:19:56+0200,892469bd-1f88-49dd-9e5e-40938c7b963c,2026-07-11T05:00:00Z,2026-07-11T07:00:00+0200,1088.87,MW,FR,FR,actual_solar_generation,Solar,2026-07-30T03:20:47Z
2026-07-30T03:19:56Z,2026-07-30T05:19:56+0200,892469bd-1f88-49dd-9e5e-40938c7b963c,2026-07-11T05:15:00Z,2026-07-11T07:15:00+0200,1525.72,MW,FR,FR,actual_solar_generation,Solar,2026-07-30T03:20:47Z
2026-07-30T03:19:56Z,2026-07-30T05:19:56+0200,892469bd-1f88-49dd-9e5e-40938c7b963c,2026-07-11T05:30:00Z,2026-07-11T07:30:00+0200,2079.66,MW,FR,FR,actual_solar_generation,Solar,2026-07-30T03:20:47Z
2026-07-30T03:19:56Z,2026-07-30T05:19:56+0200,892469bd-1f88-49dd-9e5e-40938c7b963c,2026-07-11T05:45:00Z,2026-07-11T07:45:00+0200,2788.59,MW,FR,FR,actual_solar_generation,Solar,2026-07-30T03:20:47Z
2026-07-30T03:19:56Z,2026-07-30T05:19:56+0200,892469bd-1f88-49dd-9e5e-40938c7b963c,2026-07-11T06:00:00Z,2026-07-11T08:00:00+0200,3548.19,MW,FR,FR,actual_solar_generation,Solar,2026-07-30T03:20:47Z
2026-07-30T03:19:56Z,2026-07-30T05:19:56+0200,892469bd-1f88-49dd-9e5e-40938c7b963c,2026-07-11T06:15:00Z,2026-07-11T08:15:00+0200,4281.71,MW,FR,FR,actual_solar_generation,Solar,2026-07-30T03:20:47Z
2026-07-30T03:19:56Z,2026-07-30T05:19:56+0200,892469bd-1f88-49dd-9e5e-40938c7b963c,2026-07-11T06:30:00Z,2026-07-11T08:30:00+0200,5465.7,MW,FR,FR,actual_solar_generation,Solar,2026-07-30T03:20:47Z
2026-07-30T03:19:56Z,2026-07-30T05:19:56+0200,892469bd-1f88-49dd-9e5e-40938c7b963c,2026-07-11T06:45:00Z,2026-07-11T08:45:00+0200,6449.44,MW,FR,FR,actual_solar_generation,Solar,2026-07-30T03:20:47Z
2026-07-30T03:19:56Z,2026-07-30T05:19:56+0200,892469bd-1f88-49dd-9e5e-40938c7b963c,2026-07-11T07:00:00Z,2026-07-11T09:00:00+0200,7492.3,MW,FR,FR,actual_solar_generation,Solar,2026-07-30T03:20:47Z
2026-07-30T03:19:56Z,2026-07-30T05:19:56+0200,892469bd-1f88-49dd-9e5e-40938c7b963c,2026-07-11T07:15:00Z,2026-07-11T09:15:00+0200,8603.19,MW,FR,FR,actual_solar_generation,Solar,2026-07-30T03:20:47Z
2026-07-30T03:19:56Z,2026-07-30T05:19:56+0200,892469bd-1f88-49dd-9e5e-40938c7b963c,2026-07-11T07:30:00Z,2026-07-11T09:30:00+0200,9711.17,MW,FR,FR,actual_solar_generation,Solar,2026-07-30T03:20:47Z
2026-07-30T03:19:56Z,2026-07-30T05:19:56+0200,892469bd-1f88-49dd-9e5e-40938c7b963c,2026-07-11T07:45:00Z,2026-07-11T09:45:00+0200,10756.58,MW,FR,FR,actual_solar_generation,Solar,2026-07-30T03:20:47Z
2026-07-30T03:19:56Z,2026-07-30T05:19:56+0200,892469bd-1f88-49dd-9e5e-40938c7b963c,2026-07-11T08:00:00Z,2026-07-11T10:00:00+0200,11877.73,MW,FR,FR,actual_solar_generation,Solar,2026-07-30T03:20:47Z
2026-07-30T03:19:56Z,2026-07-30T05:19:56+0200,892469bd-1f88-49dd-9e5e-40938c7b963c,2026-07-11T08:15:00Z,2026-07-11T10:15:00+0200,12956.86,MW,FR,FR,actual_solar_generation,Solar,2026-07-30T03:20:47Z
2026-07-30T03:19:56Z,2026-07-30T05:19:56+0200,892469bd-1f88-49dd-9e5e-40938c7b963c,2026-07-11T08:30:00Z,2026-07-11T10:30:00+0200,13916.03,MW,FR,FR,actual_solar_generation,Solar,2026-07-30T03:20:47Z
2026-07-30T03:19:56Z,2026-07-30T05:19:56+0200,892469bd-1f88-49dd-9e5e-40938c7b963c,2026-07-11T08:45:00Z,2026-07-11T10:45:00+0200,14900.86,MW,FR,FR,actual_solar_generation,Solar,2026-07-30T03:20:47Z
2026-07-30T03:19:56Z,2026-07-30T05:19:56+0200,892469bd-1f88-49dd-9e5e-40938c7b963c,2026-07-11T09:00:00Z,2026-07-11T11:00:00+0200,15815.58,MW,FR,FR,actual_solar_generation,Solar,2026-07-30T03:20:47Z
2026-07-30T03:19:56Z,2026-07-30T05:19:56+0200,892469bd-1f88-49dd-9e5e-40938c7b963c,2026-07-11T09:15:00Z,2026-07-11T11:15:00+0200,16590.37,MW,FR,FR,actual_solar_generation,Solar,2026-07-30T03:20:47Z
2026-07-30T03:19:56Z,2026-07-30T05:19:56+0200,892469bd-1f88-49dd-9e5e-40938c7b963c,2026-07-11T09:30:00Z,2026-07-11T11:30:00+0200,17186.77,MW,FR,FR,actual_solar_generation,Solar,2026-07-30T03:20:47Z
2026-07-30T03:19:56Z,2026-07-30T05:19:56+0200,892469bd-1f88-49dd-9e5e-40938c7b963c,2026-07-11T09:45:00Z,2026-07-11T11:45:00+0200,17814.71,MW,FR,FR,actual_solar_generation,Solar,2026-07-30T03:20:47Z
2026-07-30T03:19:56Z,2026-07-30T05:19:56+0200,892469bd-1f88-49dd-9e5e-40938c7b963c,2026-07-11T10:00:00Z,2026-07-11T12:00:00+0200,18363.06,MW,FR,FR,actual_solar_generation,Solar,2026-07-30T03:20:47Z
2026-07-30T03:19:56Z,2026-07-30T05:19:56+0200,892469bd-1f88-49dd-9e5e-40938c7b963c,2026-07-11T10:15:00Z,2026-07-11T12:15:00+0200,18721.33,MW,FR,FR,actual_solar_generation,Solar,2026-07-30T03:20:47Z
2026-07-30T03:19:56Z,2026-07-30T05:19:56+0200,892469bd-1f88-49dd-9e5e-40938c7b963c,2026-07-11T10:30:00Z,2026-07-11T12:30:00+0200,19154.89,MW,FR,FR,actual_solar_generation,Solar,2026-07-30T03:20:47Z
2026-07-30T03:19:56Z,2026-07-30T05:19:56+0200,892469bd-1f88-49dd-9e5e-40938c7b963c,2026-07-11T10:45:00Z,2026-07-11T12:45:00+0200,17974.51,MW,FR,FR,actual_solar_generation,Solar,2026-07-30T03:20:47Z
2026-07-30T03:19:56Z,2026-07-30T05:19:56+0200,892469bd-1f88-49dd-9e5e-40938c7b963c,2026-07-11T11:00:00Z,2026-07-11T13:00:00+0200,16088.72,MW,FR,FR,actual_solar_generation,Solar,2026-07-30T03:20:47Z
2026-07-30T03:19:56Z,2026-07-30T05:19:56+0200,892469bd-1f88-49dd-9e5e-40938c7b963c,2026-07-11T11:15:00Z,2026-07-11T13:15:00+0200,15804.68,MW,FR,FR,actual_solar_generation,Solar,2026-07-30T03:20:47Z
2026-07-30T03:19:56Z,2026-07-30T05:19:56+0200,892469bd-1f88-49dd-9e5e-40938c7b963c,2026-07-11T11:30:00Z,2026-07-11T13:30:00+0200,16003.45,MW,FR,FR,actual_solar_generation,Solar,2026-07-30T03:20:47Z
2026-07-30T03:19:56Z,2026-07-30T05:19:56+0200,892469bd-1f88-49dd-9e5e-40938c7b963c,2026-07-11T11:45:00Z,2026-07-11T13:45:00+0200,16393.84,MW,FR,FR,actual_solar_generation,Solar,2026-07-30T03:20:47Z
2026-07-30T03:19:56Z,2026-07-30T05:19:56+0200,892469bd-1f88-49dd-9e5e-40938c7b963c,2026-07-11T12:00:00Z,2026-07-11T14:00:00+0200,16379.59,MW,FR,FR,actual_solar_generation,Solar,2026-07-30T03:20:47Z
2026-07-30T03:19:56Z,2026-07-30T05:19:56+0200,892469bd-1f88-49dd-9e5e-40938c7b963c,2026-07-11T12:15:00Z,2026-07-11T14:15:00+0200,16319.6,MW,FR,FR,actual_solar_generation,Solar,2026-07-30T03:20:47Z
2026-07-30T03:19:56Z,2026-07-30T05:19:56+0200,892469bd-1f88-49dd-9e5e-40938c7b963c,2026-07-11T12:30:00Z,2026-07-11T14:30:00+0200,16270.89,MW,FR,FR,actual_solar_generation,Solar,2026-07-30T03:20:47Z
2026-07-30T03:19:56Z,2026-07-30T05:19:56+0200,892469bd-1f88-49dd-9e5e-40938c7b963c,2026-07-11T12:45:00Z,2026-07-11T14:45:00+0200,16174.16,MW,FR,FR,actual_solar_generation,Solar,2026-07-30T03:20:47Z
2026-07-30T03:19:56Z,2026-07-30T05:19:56+0200,892469bd-1f88-49dd-9e5e-40938c7b963c,2026-07-11T13:00:00Z,2026-07-11T15:00:00+0200,16989.84,MW,FR,FR,actual_solar_generation,Solar,2026-07-30T03:20:47Z
2026-07-30T03:19:56Z,2026-07-30T05:19:56+0200,892469bd-1f88-49dd-9e5e-40938c7b963c,2026-07-11T13:15:00Z,2026-07-11T15:15:00+0200,18821.07,MW,FR,FR,actual_solar_generation,Solar,2026-07-30T03:20:47Z
2026-07-30T03:19:56Z,2026-07-30T05:19:56+0200,892469bd-1f88-49dd-9e5e-40938c7b963c,2026-07-11T13:30:00Z,2026-07-11T15:30:00+0200,18562.8,MW,FR,FR,actual_solar_generation,Solar,2026-07-30T03:20:47Z
2026-07-30T03:19:56Z,2026-07-30T05:19:56+0200,892469bd-1f88-49dd-9e5e-40938c7b963c,2026-07-11T13:45:00Z,2026-07-11T15:45:00+0200,18215.31,MW,FR,FR,actual_solar_generation,Solar,2026-07-30T03:20:47Z
2026-07-30T03:19:56Z,2026-07-30T05:19:56+0200,892469bd-1f88-49dd-9e5e-40938c7b963c,2026-07-11T14:00:00Z,2026-07-11T16:00:00+0200,17765.56,MW,FR,FR,actual_solar_generation,Solar,2026-07-30T03:20:47Z
2026-07-30T03:19:56Z,2026-07-30T05:19:56+0200,892469bd-1f88-49dd-9e5e-40938c7b963c,2026-07-11T14:15:00Z,2026-07-11T16:15:00+0200,17038.07,MW,FR,FR,actual_solar_generation,Solar,2026-07-30T03:20:47Z
2026-07-30T03:19:56Z,2026-07-30T05:19:56+0200,892469bd-1f88-49dd-9e5e-40938c7b963c,2026-07-11T14:30:00Z,2026-07-11T16:30:00+0200,16294.14,MW,FR,FR,actual_solar_generation,Solar,2026-07-30T03:20:47Z
2026-07-30T03:19:56Z,2026-07-30T05:19:56+0200,892469bd-1f88-49dd-9e5e-40938c7b963c,2026-07-11T14:45:00Z,2026-07-11T16:45:00+0200,15639.72,MW,FR,FR,actual_solar_generation,Solar,2026-07-30T03:20:47Z
2026-07-30T03:19:56Z,2026-07-30T05:19:56+0200,892469bd-1f88-49dd-9e5e-40938c7b963c,2026-07-11T15:00:00Z,2026-07-11T17:00:00+0200,14857.26,MW,FR,FR,actual_solar_generation,Solar,2026-07-30T03:20:47Z
2026-07-30T03:19:56Z,2026-07-30T05:19:56+0200,892469bd-1f88-49dd-9e5e-40938c7b963c,2026-07-11T15:15:00Z,2026-07-11T17:15:00+0200,14034.95,MW,FR,FR,actual_solar_generation,Solar,2026-07-30T03:20:47Z
2026-07-30T03:19:56Z,2026-07-30T05:19:56+0200,892469bd-1f88-49dd-9e5e-40938c7b963c,2026-07-11T15:30:00Z,2026-07-11T17:30:00+0200,13139.28,MW,FR,FR,actual_solar_generation,Solar,2026-07-30T03:20:47Z
2026-07-30T03:19:56Z,2026-07-30T05:19:56+0200,892469bd-1f88-49dd-9e5e-40938c7b963c,2026-07-11T15:45:00Z,2026-07-11T17:45:00+0200,12120.38,MW,FR,FR,actual_solar_generation,Solar,2026-07-30T03:20:47Z
2026-07-30T03:19:56Z,2026-07-30T05:19:56+0200,892469bd-1f88-49dd-9e5e-40938c7b963c,2026-07-11T16:00:00Z,2026-07-11T18:00:00+0200,11129.87,MW,FR,FR,actual_solar_generation,Solar,2026-07-30T03:20:47Z
2026-07-30T03:19:56Z,2026-07-30T05:19:56+0200,892469bd-1f88-49dd-9e5e-40938c7b963c,2026-07-11T16:15:00Z,2026-07-11T18:15:00+0200,10160.95,MW,FR,FR,actual_solar_generation,Solar,2026-07-30T03:20:47Z
2026-07-30T03:19:56Z,2026-07-30T05:19:56+0200,892469bd-1f88-49dd-9e5e-40938c7b963c,2026-07-11T16:30:00Z,2026-07-11T18:30:00+0200,9068.16,MW,FR,FR,actual_solar_generation,Solar,2026-07-30T03:20:47Z
2026-07-30T03:19:56Z,2026-07-30T05:19:56+0200,892469bd-1f88-49dd-9e5e-40938c7b963c,2026-07-11T16:45:00Z,2026-07-11T18:45:00+0200,8039.08,MW,FR,FR,actual_solar_generation,Solar,2026-07-30T03:20:47Z
2026-07-30T03:19:56Z,2026-07-30T05:19:56+0200,892469bd-1f88-49dd-9e5e-40938c7b963c,2026-07-11T17:00:00Z,2026-07-11T19:00:00+0200,6946.44,MW,FR,FR,actual_solar_generation,Solar,2026-07-30T03:20:47Z
2026-07-30T03:19:56Z,2026-07-30T05:19:56+0200,892469bd-1f88-49dd-9e5e-40938c7b963c,2026-07-11T17:15:00Z,2026-07-11T19:15:00+0200,5861.74,MW,FR,FR,actual_solar_generation,Solar,2026-07-30T03:20:47Z
2026-07-30T03:19:56Z,2026-07-30T05:19:56+0200,892469bd-1f88-49dd-9e5e-40938c7b963c,2026-07-11T17:30:00Z,2026-07-11T19:30:00+0200,4851.69,MW,FR,FR,actual_solar_generation,Solar,2026-07-30T03:20:47Z
2026-07-30T03:19:56Z,2026-07-30T05:19:56+0200,892469bd-1f88-49dd-9e5e-40938c7b963c,2026-07-11T17:45:00Z,2026-07-11T19:45:00+0200,3887.74,MW,FR,FR,actual_solar_generation,Solar,2026-07-30T03:20:47Z
2026-07-30T03:19:56Z,2026-07-30T05:19:56+0200,892469bd-1f88-49dd-9e5e-40938c7b963c,2026-07-11T18:00:00Z,2026-07-11T20:00:00+0200,2980.37,MW,FR,FR,actual_solar_generation,Solar,2026-07-30T03:20:47Z
2026-07-30T03:19:56Z,2026-07-30T05:19:56+0200,892469bd-1f88-49dd-9e5e-40938c7b963c,2026-07-11T18:15:00Z,2026-07-11T20:15:00+0200,2278.84,MW,FR,FR,actual_solar_generation,Solar,2026-07-30T03:20:47Z
2026-07-30T03:19:56Z,2026-07-30T05:19:56+0200,892469bd-1f88-49dd-9e5e-40938c7b963c,2026-07-11T18:30:00Z,2026-07-11T20:30:00+0200,1702.47,MW,FR,FR,actual_solar_generation,Solar,2026-07-30T03:20:47Z
2026-07-30T03:19:56Z,2026-07-30T05:19:56+0200,892469bd-1f88-49dd-9e5e-40938c7b963c,2026-07-11T18:45:00Z,2026-07-11T20:45:00+0200,1252.19,MW,FR,FR,actual_solar_generation,Solar,2026-07-30T03:20:47Z
2026-07-30T03:19:56Z,2026-07-30T05:19:56+0200,892469bd-1f88-49dd-9e5e-40938c7b963c,2026-07-11T19:00:00Z,2026-07-11T21:00:00+0200,868.48,MW,FR,FR,actual_solar_generation,Solar,2026-07-30T03:20:47Z
2026-07-30T03:19:56Z,2026-07-30T05:19:56+0200,892469bd-1f88-49dd-9e5e-40938c7b963c,2026-07-11T19:15:00Z,2026-07-11T21:15:00+0200,559.13,MW,FR,FR,actual_solar_generation,Solar,2026-07-30T03:20:47Z
2026-07-30T03:19:56Z,2026-07-30T05:19:56+0200,892469bd-1f88-49dd-9e5e-40938c7b963c,2026-07-11T19:30:00Z,2026-07-11T21:30:00+0200,357.81,MW,FR,FR,actual_solar_generation,Solar,2026-07-30T03:20:47Z
2026-07-30T03:19:56Z,2026-07-30T05:19:56+0200,892469bd-1f88-49dd-9e5e-40938c7b963c,2026-07-11T19:45:00Z,2026-07-11T21:45:00+0200,270.78,MW,FR,FR,actual_solar_generation,Solar,2026-07-30T03:20:47Z
2026-07-30T03:19:56Z,2026-07-30T05:19:56+0200,892469bd-1f88-49dd-9e5e-40938c7b963c,2026-07-11T20:00:00Z,2026-07-11T22:00:00+0200,246.28,MW,FR,FR,actual_solar_generation,Solar,2026-07-30T03:20:47Z
2026-07-30T03:19:56Z,2026-07-30T05:19:56+0200,892469bd-1f88-49dd-9e5e-40938c7b963c,2026-07-11T20:15:00Z,2026-07-11T22:15:00+0200,240.24,MW,FR,FR,actual_solar_generation,Solar,2026-07-30T03:20:47Z
2026-07-30T03:19:56Z,2026-07-30T05:19:56+0200,892469bd-1f88-49dd-9e5e-40938c7b963c,2026-07-11T20:30:00Z,2026-07-11T22:30:00+0200,248.75,MW,FR,FR,actual_solar_generation,Solar,2026-07-30T03:20:47Z
2026-07-30T03:19:56Z,2026-07-30T05:19:56+0200,892469bd-1f88-49dd-9e5e-40938c7b963c,2026-07-11T20:45:00Z,2026-07-11T22:45:00+0200,247.57,MW,FR,FR,actual_solar_generation,Solar,2026-07-30T03:20:47Z
2026-07-30T03:19:56Z,2026-07-30T05:19:56+0200,892469bd-1f88-49dd-9e5e-40938c7b963c,2026-07-11T21:00:00Z,2026-07-11T23:00:00+0200,250.69,MW,FR,FR,actual_solar_generation,Solar,2026-07-30T03:20:47Z
2026-07-30T03:19:56Z,2026-07-30T05:19:56+0200,892469bd-1f88-49dd-9e5e-40938c7b963c,2026-07-11T21:15:00Z,2026-07-11T23:15:00+0200,255.82,MW,FR,FR,actual_solar_generation,Solar,2026-07-30T03:20:47Z
2026-07-30T03:19:56Z,2026-07-30T05:19:56+0200,892469bd-1f88-49dd-9e5e-40938c7b963c,2026-07-11T21:30:00Z,2026-07-11T23:30:00+0200,259.23,MW,FR,FR,actual_solar_generation,Solar,2026-07-30T03:20:47Z
2026-07-30T03:19:56Z,2026-07-30T05:19:56+0200,892469bd-1f88-49dd-9e5e-40938c7b963c,2026-07-11T21:45:00Z,2026-07-11T23:45:00+0200,260.32,MW,FR,FR,actual_solar_generation,Solar,2026-07-30T03:20:47Z
2026-07-30T03:19:56Z,2026-07-30T05:19:56+0200,892469bd-1f88-49dd-9e5e-40938c7b963c,2026-07-11T22:00:00Z,2026-07-12T00:00:00+0200,0.0,MW,FR,FR,actual_solar_generation,Solar,2026-07-30T03:20:47Z
2026-07-30T03:19:56Z,2026-07-30T05:19:56+0200,892469bd-1f88-49dd-9e5e-40938c7b963c,2026-07-11T22:15:00Z,2026-07-12T00:15:00+0200,0.0,MW,FR,FR,actual_solar_generation,Solar,2026-07-30T03:20:47Z
2026-07-30T03:19:56Z,2026-07-30T05:19:56+0200,892469bd-1f88-49dd-9e5e-40938c7b963c,2026-07-11T22:30:00Z,2026-07-12T00:30:00+0200,0.0,MW,FR,FR,actual_solar_generation,Solar,2026-07-30T03:20:47Z
2026-07-30T03:19:56Z,2026-07-30T05:19:56+0200,892469bd-1f88-49dd-9e5e-40938c7b963c,2026-07-11T22:45:00Z,2026-07-12T00:45:00+0200,0.0,MW,FR,FR,actual_solar_generation,Solar,2026-07-30T03:20:47Z
2026-07-30T03:19:56Z,2026-07-30T05:19:56+0200,892469bd-1f88-49dd-9e5e-40938c7b963c,2026-07-11T23:00:00Z,2026-07-12T01:00:00+0200,0.0,MW,FR,FR,actual_solar_generation,Solar,2026-07-30T03:20:47Z
2026-07-30T03:19:56Z,2026-07-30T05:19:56+0200,892469bd-1f88-49dd-9e5e-40938c7b963c,2026-07-11T23:15:00Z,2026-07-12T01:15:00+0200,0.0,MW,FR,FR,actual_solar_generation,Solar,2026-07-30T03:20:47Z
2026-07-30T03:19:56Z,2026-07-30T05:19:56+0200,892469bd-1f88-49dd-9e5e-40938c7b963c,2026-07-11T23:30:00Z,2026-07-12T01:30:00+0200,0.0,MW,FR,FR,actual_solar_generation,Solar,2026-07-30T03:20:47Z
2026-07-30T03:19:56Z,2026-07-30T05:19:56+0200,892469bd-1f88-49dd-9e5e-40938c7b963c,2026-07-11T23:45:00Z,2026-07-12T01:45:00+0200,0.0,MW,FR,FR,actual_solar_generation,Solar,2026-07-30T03:20:47Z
2026-07-30T03:19:56Z,2026-07-30T05:19:56+0200,892469bd-1f88-49dd-9e5e-40938c7b963c,2026-07-12T00:00:00Z,2026-07-12T02:00:00+0200,0.0,MW,FR,FR,actual_solar_generation,Solar,2026-07-30T03:20:47Z
2026-07-30T03:19:56Z,2026-07-30T05:19:56+0200,892469bd-1f88-49dd-9e5e-40938c7b963c,2026-07-12T00:15:00Z,2026-07-12T02:15:00+0200,0.0,MW,FR,FR,actual_solar_generation,Solar,2026-07-30T03:20:47Z
2026-07-30T03:19:56Z,2026-07-30T05:19:56+0200,892469bd-1f88-49dd-9e5e-40938c7b963c,2026-07-12T00:30:00Z,2026-07-12T02:30:00+0200,0.0,MW,FR,FR,actual_solar_generation,Solar,2026-07-30T03:20:47Z
2026-07-30T03:19:56Z,2026-07-30T05:19:56+0200,892469bd-1f88-49dd-9e5e-40938c7b963c,2026-07-12T00:45:00Z,2026-07-12T02:45:00+0200,0.0,MW,FR,FR,actual_solar_generation,Solar,2026-07-30T03:20:47Z
2026-07-30T03:19:56Z,2026-07-30T05:19:56+0200,892469bd-1f88-49dd-9e5e-40938c7b963c,2026-07-12T01:00:00Z,2026-07-12T03:00:00+0200,0.0,MW,FR,FR,actual_solar_generation,Solar,2026-07-30T03:20:47Z
2026-07-30T03:19:56Z,2026-07-30T05:19:56+0200,892469bd-1f88-49dd-9e5e-40938c7b963c,2026-07-12T01:15:00Z,2026-07-12T03:15:00+0200,0.0,MW,FR,FR,actual_solar_generation,Solar,2026-07-30T03:20:47Z
2026-07-30T03:19:56Z,2026-07-30T05:19:56+0200,892469bd-1f88-49dd-9e5e-40938c7b963c,2026-07-12T01:30:00Z,2026-07-12T03:30:00+0200,0.0,MW,FR,FR,actual_solar_generation,Solar,2026-07-30T03:20:47Z
2026-07-30T03:19:56Z,2026-07-30T05:19:56+0200,892469bd-1f88-49dd-9e5e-40938c7b963c,2026-07-12T01:45:00Z,2026-07-12T03:45:00+0200,0.0,MW,FR,FR,actual_solar_generation,Solar,2026-07-30T03:20:47Z
2026-07-30T03:19:56Z,2026-07-30T05:19:56+0200,892469bd-1f88-49dd-9e5e-40938c7b963c,2026-07-12T02:00:00Z,2026-07-12T04:00:00+0200,0.0,MW,FR,FR,actual_solar_generation,Solar,2026-07-30T03:20:47Z
2026-07-30T03:19:56Z,2026-07-30T05:19:56+0200,892469bd-1f88-49dd-9e5e-40938c7b963c,2026-07-12T02:15:00Z,2026-07-12T04:15:00+0200,0.0,MW,FR,FR,actual_solar_generation,Solar,2026-07-30T03:20:47Z
2026-07-30T03:19:56Z,2026-07-30T05:19:56+0200,892469bd-1f88-49dd-9e5e-40938c7b963c,2026-07-12T02:30:00Z,2026-07-12T04:30:00+0200,0.0,MW,FR,FR,actual_solar_generation,Solar,2026-07-30T03:20:47Z
2026-07-30T03:19:56Z,2026-07-30T05:19:56+0200,892469bd-1f88-49dd-9e5e-40938c7b963c,2026-07-12T02:45:00Z,2026-07-12T04:45:00+0200,0.0,MW,FR,FR,actual_solar_generation,Solar,2026-07-30T03:20:47Z
2026-07-30T03:19:56Z,2026-07-30T05:19:56+0200,892469bd-1f88-49dd-9e5e-40938c7b963c,2026-07-12T03:00:00Z,2026-07-12T05:00:00+0200,239.22,MW,FR,FR,actual_solar_generation,Solar,2026-07-30T03:20:47Z
2026-07-30T03:19:56Z,2026-07-30T05:19:56+0200,892469bd-1f88-49dd-9e5e-40938c7b963c,2026-07-12T03:15:00Z,2026-07-12T05:15:00+0200,237.94,MW,FR,FR,actual_solar_generation,Solar,2026-07-30T03:20:47Z
2026-07-30T03:19:56Z,2026-07-30T05:19:56+0200,892469bd-1f88-49dd-9e5e-40938c7b963c,2026-07-12T03:30:00Z,2026-07-12T05:30:00+0200,244.79,MW,FR,FR,actual_solar_generation,Solar,2026-07-30T03:20:47Z
2026-07-30T03:19:56Z,2026-07-30T05:19:56+0200,892469bd-1f88-49dd-9e5e-40938c7b963c,2026-07-12T03:45:00Z,2026-07-12T05:45:00+0200,254.34,MW,FR,FR,actual_solar_generation,Solar,2026-07-30T03:20:47Z
2026-07-30T03:19:56Z,2026-07-30T05:19:56+0200,892469bd-1f88-49dd-9e5e-40938c7b963c,2026-07-12T04:00:00Z,2026-07-12T06:00:00+0200,293.62,MW,FR,FR,actual_solar_generation,Solar,2026-07-30T03:20:47Z
2026-07-30T03:19:56Z,2026-07-30T05:19:56+0200,892469bd-1f88-49dd-9e5e-40938c7b963c,2026-07-12T04:15:00Z,2026-07-12T06:15:00+0200,363.85,MW,FR,FR,actual_solar_generation,Solar,2026-07-30T03:20:47Z
2026-07-30T03:19:56Z,2026-07-30T05:19:56+0200,892469bd-1f88-49dd-9e5e-40938c7b963c,2026-07-12T04:30:00Z,2026-07-12T06:30:00+0200,486.76,MW,FR,FR,actual_solar_generation,Solar,2026-07-30T03:20:47Z
2026-07-30T03:19:56Z,2026-07-30T05:19:56+0200,892469bd-1f88-49dd-9e5e-40938c7b963c,2026-07-12T04:45:00Z,2026-07-12T06:45:00+0200,747.45,MW,FR,FR,actual_solar_generation,Solar,2026-07-30T03:20:47Z
2026-07-30T03:19:56Z,2026-07-30T05:19:56+0200,892469bd-1f88-49dd-9e5e-40938c7b963c,2026-07-12T05:00:00Z,2026-07-12T07:00:00+0200,1108.41,MW,FR,FR,actual_solar_generation,Solar,2026-07-30T03:20:47Z
2026-07-30T03:19:56Z,2026-07-30T05:19:56+0200,892469bd-1f88-49dd-9e5e-40938c7b963c,2026-07-12T05:15:00Z,2026-07-12T07:15:00+0200,1574.06,MW,FR,FR,actual_solar_generation,Solar,2026-07-30T03:20:47Z
2026-07-30T03:19:56Z,2026-07-30T05:19:56+0200,892469bd-1f88-49dd-9e5e-40938c7b963c,2026-07-12T05:30:00Z,2026-07-12T07:30:00+0200,2199.78,MW,FR,FR,actual_solar_generation,Solar,2026-07-30T03:20:47Z
2026-07-30T03:19:56Z,2026-07-30T05:19:56+0200,892469bd-1f88-49dd-9e5e-40938c7b963c,2026-07-12T05:45:00Z,2026-07-12T07:45:00+0200,3029.35,MW,FR,FR,actual_solar_generation,Solar,2026-07-30T03:20:47Z
2026-07-30T03:19:56Z,2026-07-30T05:19:56+0200,892469bd-1f88-49dd-9e5e-40938c7b963c,2026-07-12T06:00:00Z,2026-07-12T08:00:00+0200,3971.1,MW,FR,FR,actual_solar_generation,Solar,2026-07-30T03:20:47Z
2026-07-30T03:19:56Z,2026-07-30T05:19:56+0200,892469bd-1f88-49dd-9e5e-40938c7b963c,2026-07-12T06:15:00Z,2026-07-12T08:15:00+0200,4951.69,MW,FR,FR,actual_solar_generation,Solar,2026-07-30T03:20:47Z
2026-07-30T03:19:56Z,2026-07-30T05:19:56+0200,892469bd-1f88-49dd-9e5e-40938c7b963c,2026-07-12T06:30:00Z,2026-07-12T08:30:00+0200,6207.01,MW,FR,FR,actual_solar_generation,Solar,2026-07-30T03:20:47Z
2026-07-30T03:19:56Z,2026-07-30T05:19:56+0200,892469bd-1f88-49dd-9e5e-40938c7b963c,2026-07-12T06:45:00Z,2026-07-12T08:45:00+0200,7469.27,MW,FR,FR,actual_solar_generation,Solar,2026-07-30T03:20:47Z
2026-07-30T03:19:56Z,2026-07-30T05:19:56+0200,892469bd-1f88-49dd-9e5e-40938c7b963c,2026-07-12T07:00:00Z,2026-07-12T09:00:00+0200,8658.49,MW,FR,FR,actual_solar_generation,Solar,2026-07-30T03:20:47Z
2026-07-30T03:19:56Z,2026-07-30T05:19:56+0200,892469bd-1f88-49dd-9e5e-40938c7b963c,2026-07-12T07:15:00Z,2026-07-12T09:15:00+0200,10042.87,MW,FR,FR,actual_solar_generation,Solar,2026-07-30T03:20:47Z
2026-07-30T03:19:56Z,2026-07-30T05:19:56+0200,892469bd-1f88-49dd-9e5e-40938c7b963c,2026-07-12T07:30:00Z,2026-07-12T09:30:00+0200,11332.09,MW,FR,FR,actual_solar_generation,Solar,2026-07-30T03:20:47Z
2026-07-30T03:19:56Z,2026-07-30T05:19:56+0200,892469bd-1f88-49dd-9e5e-40938c7b963c,2026-07-12T07:45:00Z,2026-07-12T09:45:00+0200,11519.23,MW,FR,FR,actual_solar_generation,Solar,2026-07-30T03:20:47Z
2026-07-30T03:19:56Z,2026-07-30T05:19:56+0200,892469bd-1f88-49dd-9e5e-40938c7b963c,2026-07-12T08:00:00Z,2026-07-12T10:00:00+0200,10551.26,MW,FR,FR,actual_solar_generation,Solar,2026-07-30T03:20:47Z
2026-07-30T03:19:56Z,2026-07-30T05:19:56+0200,892469bd-1f88-49dd-9e5e-40938c7b963c,2026-07-12T08:15:00Z,2026-07-12T10:15:00+0200,11271.94,MW,FR,FR,actual_solar_generation,Solar,2026-07-30T03:20:47Z
2026-07-30T03:19:56Z,2026-07-30T05:19:56+0200,892469bd-1f88-49dd-9e5e-40938c7b963c,2026-07-12T08:30:00Z,2026-07-12T10:30:00+0200,11720.8,MW,FR,FR,actual_solar_generation,Solar,2026-07-30T03:20:47Z
2026-07-30T03:19:56Z,2026-07-30T05:19:56+0200,892469bd-1f88-49dd-9e5e-40938c7b963c,2026-07-12T08:45:00Z,2026-07-12T10:45:00+0200,11373.6,MW,FR,FR,actual_solar_generation,Solar,2026-07-30T03:20:47Z
2026-07-30T03:19:56Z,2026-07-30T05:19:56+0200,892469bd-1f88-49dd-9e5e-40938c7b963c,2026-07-12T09:00:00Z,2026-07-12T11:00:00+0200,10528.12,MW,FR,FR,actual_solar_generation,Solar,2026-07-30T03:20:47Z
2026-07-30T03:19:56Z,2026-07-30T05:19:56+0200,892469bd-1f88-49dd-9e5e-40938c7b963c,2026-07-12T09:15:00Z,2026-07-12T11:15:00+0200,11411.83,MW,FR,FR,actual_solar_generation,Solar,2026-07-30T03:20:47Z
2026-07-30T03:19:56Z,2026-07-30T05:19:56+0200,892469bd-1f88-49dd-9e5e-40938c7b963c,2026-07-12T09:30:00Z,2026-07-12T11:30:00+0200,12068.77,MW,FR,FR,actual_solar_generation,Solar,2026-07-30T03:20:47Z
2026-07-30T03:19:56Z,2026-07-30T05:19:56+0200,892469bd-1f88-49dd-9e5e-40938c7b963c,2026-07-12T09:45:00Z,2026-07-12T11:45:00+0200,12401.5,MW,FR,FR,actual_solar_generation,Solar,2026-07-30T03:20:47Z
2026-07-30T03:19:56Z,2026-07-30T05:19:56+0200,892469bd-1f88-49dd-9e5e-40938c7b963c,2026-07-12T10:00:00Z,2026-07-12T12:00:00+0200,12698.88,MW,FR,FR,actual_solar_generation,Solar,2026-07-30T03:20:47Z
2026-07-30T03:19:56Z,2026-07-30T05:19:56+0200,892469bd-1f88-49dd-9e5e-40938c7b963c,2026-07-12T10:15:00Z,2026-07-12T12:15:00+0200,12940.53,MW,FR,FR,actual_solar_generation,Solar,2026-07-30T03:20:47Z
2026-07-30T03:19:56Z,2026-07-30T05:19:56+0200,892469bd-1f88-49dd-9e5e-40938c7b963c,2026-07-12T10:30:00Z,2026-07-12T12:30:00+0200,13126.15,MW,FR,FR,actual_solar_generation,Solar,2026-07-30T03:20:47Z
2026-07-30T03:19:56Z,2026-07-30T05:19:56+0200,892469bd-1f88-49dd-9e5e-40938c7b963c,2026-07-12T10:45:00Z,2026-07-12T12:45:00+0200,13259.46,MW,FR,FR,actual_solar_generation,Solar,2026-07-30T03:20:47Z
2026-07-30T03:19:56Z,2026-07-30T05:19:56+0200,892469bd-1f88-49dd-9e5e-40938c7b963c,2026-07-12T11:00:00Z,2026-07-12T13:00:00+0200,13378.8,MW,FR,FR,actual_solar_generation,Solar,2026-07-30T03:20:47Z
2026-07-30T03:19:56Z,2026-07-30T05:19:56+0200,892469bd-1f88-49dd-9e5e-40938c7b963c,2026-07-12T11:15:00Z,2026-07-12T13:15:00+0200,13505.59,MW,FR,FR,actual_solar_generation,Solar,2026-07-30T03:20:47Z
2026-07-30T03:19:56Z,2026-07-30T05:19:56+0200,892469bd-1f88-49dd-9e5e-40938c7b963c,2026-07-12T11:30:00Z,2026-07-12T13:30:00+0200,13538.15,MW,FR,FR,actual_solar_generation,Solar,2026-07-30T03:20:47Z
2026-07-30T03:19:56Z,2026-07-30T05:19:56+0200,892469bd-1f88-49dd-9e5e-40938c7b963c,2026-07-12T11:45:00Z,2026-07-12T13:45:00+0200,13551.38,MW,FR,FR,actual_solar_generation,Solar,2026-07-30T03:20:47Z
2026-07-30T03:19:56Z,2026-07-30T05:19:56+0200,892469bd-1f88-49dd-9e5e-40938c7b963c,2026-07-12T12:00:00Z,2026-07-12T14:00:00+0200,13638.45,MW,FR,FR,actual_solar_generation,Solar,2026-07-30T03:20:47Z
2026-07-30T03:19:56Z,2026-07-30T05:19:56+0200,892469bd-1f88-49dd-9e5e-40938c7b963c,2026-07-12T12:15:00Z,2026-07-12T14:15:00+0200,13609.1,MW,FR,FR,actual_solar_generation,Solar,2026-07-30T03:20:47Z
2026-07-30T03:19:56Z,2026-07-30T05:19:56+0200,892469bd-1f88-49dd-9e5e-40938c7b963c,2026-07-12T12:30:00Z,2026-07-12T14:30:00+0200,13436.45,MW,FR,FR,actual_solar_generation,Solar,2026-07-30T03:20:47Z
2026-07-30T03:19:56Z,2026-07-30T05:19:56+0200,892469bd-1f88-49dd-9e5e-40938c7b963c,2026-07-12T12:45:00Z,2026-07-12T14:45:00+0200,13232.74,MW,FR,FR,actual_solar_generation,Solar,2026-07-30T03:20:47Z
2026-07-30T03:19:56Z,2026-07-30T05:19:56+0200,892469bd-1f88-49dd-9e5e-40938c7b963c,2026-07-12T13:00:00Z,2026-07-12T15:00:00+0200,12987.45,MW,FR,FR,actual_solar_generation,Solar,2026-07-30T03:20:47Z
2026-07-30T03:19:56Z,2026-07-30T05:19:56+0200,892469bd-1f88-49dd-9e5e-40938c7b963c,2026-07-12T13:15:00Z,2026-07-12T15:15:00+0200,12856.67,MW,FR,FR,actual_solar_generation,Solar,2026-07-30T03:20:47Z
2026-07-30T03:19:56Z,2026-07-30T05:19:56+0200,892469bd-1f88-49dd-9e5e-40938c7b963c,2026-07-12T13:30:00Z,2026-07-12T15:30:00+0200,12578.75,MW,FR,FR,actual_solar_generation,Solar,2026-07-30T03:20:47Z
2026-07-30T03:19:56Z,2026-07-30T05:19:56+0200,892469bd-1f88-49dd-9e5e-40938c7b963c,2026-07-12T13:45:00Z,2026-07-12T15:45:00+0200,12285.55,MW,FR,FR,actual_solar_generation,Solar,2026-07-30T03:20:47Z
2026-07-30T03:19:56Z,2026-07-30T05:19:56+0200,892469bd-1f88-49dd-9e5e-40938c7b963c,2026-07-12T14:00:00Z,2026-07-12T16:00:00+0200,11971.09,MW,FR,FR,actual_solar_generation,Solar,2026-07-30T03:20:47Z
2026-07-30T03:19:56Z,2026-07-30T05:19:56+0200,892469bd-1f88-49dd-9e5e-40938c7b963c,2026-07-12T14:15:00Z,2026-07-12T16:15:00+0200,11591.21,MW,FR,FR,actual_solar_generation,Solar,2026-07-30T03:20:47Z
2026-07-30T03:19:56Z,2026-07-30T05:19:56+0200,892469bd-1f88-49dd-9e5e-40938c7b963c,2026-07-12T14:30:00Z,2026-07-12T16:30:00+0200,11387.82,MW,FR,FR,actual_solar_generation,Solar,2026-07-30T03:20:47Z
2026-07-30T03:19:56Z,2026-07-30T05:19:56+0200,892469bd-1f88-49dd-9e5e-40938c7b963c,2026-07-12T14:45:00Z,2026-07-12T16:45:00+0200,12388.81,MW,FR,FR,actual_solar_generation,Solar,2026-07-30T03:20:47Z
2026-07-30T03:19:56Z,2026-07-30T05:19:56+0200,892469bd-1f88-49dd-9e5e-40938c7b963c,2026-07-12T15:00:00Z,2026-07-12T17:00:00+0200,12742.87,MW,FR,FR,actual_solar_generation,Solar,2026-07-30T03:20:47Z
2026-07-30T03:19:56Z,2026-07-30T05:19:56+0200,892469bd-1f88-49dd-9e5e-40938c7b963c,2026-07-12T15:15:00Z,2026-07-12T17:15:00+0200,12783.36,MW,FR,FR,actual_solar_generation,Solar,2026-07-30T03:20:47Z
2026-07-30T03:19:56Z,2026-07-30T05:19:56+0200,892469bd-1f88-49dd-9e5e-40938c7b963c,2026-07-12T15:30:00Z,2026-07-12T17:30:00+0200,13696.87,MW,FR,FR,actual_solar_generation,Solar,2026-07-30T03:20:47Z
2026-07-30T03:19:56Z,2026-07-30T05:19:56+0200,892469bd-1f88-49dd-9e5e-40938c7b963c,2026-07-12T15:45:00Z,2026-07-12T17:45:00+0200,12660.01,MW,FR,FR,actual_solar_generation,Solar,2026-07-30T03:20:47Z
2026-07-30T03:19:56Z,2026-07-30T05:19:56+0200,892469bd-1f88-49dd-9e5e-40938c7b963c,2026-07-12T16:00:00Z,2026-07-12T18:00:00+0200,11541.51,MW,FR,FR,actual_solar_generation,Solar,2026-07-30T03:20:47Z
2026-07-30T03:19:56Z,2026-07-30T05:19:56+0200,892469bd-1f88-49dd-9e5e-40938c7b963c,2026-07-12T16:15:00Z,2026-07-12T18:15:00+0200,10529.69,MW,FR,FR,actual_solar_generation,Solar,2026-07-30T03:20:47Z
2026-07-30T03:19:56Z,2026-07-30T05:19:56+0200,892469bd-1f88-49dd-9e5e-40938c7b963c,2026-07-12T16:30:00Z,2026-07-12T18:30:00+0200,9416.71,MW,FR,FR,actual_solar_generation,Solar,2026-07-30T03:20:47Z
2026-07-30T03:19:56Z,2026-07-30T05:19:56+0200,892469bd-1f88-49dd-9e5e-40938c7b963c,2026-07-12T16:45:00Z,2026-07-12T18:45:00+0200,8272.33,MW,FR,FR,actual_solar_generation,Solar,2026-07-30T03:20:47Z
2026-07-30T03:19:56Z,2026-07-30T05:19:56+0200,892469bd-1f88-49dd-9e5e-40938c7b963c,2026-07-12T17:00:00Z,2026-07-12T19:00:00+0200,7075.02,MW,FR,FR,actual_solar_generation,Solar,2026-07-30T03:20:47Z
2026-07-30T03:19:56Z,2026-07-30T05:19:56+0200,892469bd-1f88-49dd-9e5e-40938c7b963c,2026-07-12T17:15:00Z,2026-07-12T19:15:00+0200,5896.82,MW,FR,FR,actual_solar_generation,Solar,2026-07-30T03:20:47Z
2026-07-30T03:19:56Z,2026-07-30T05:19:56+0200,892469bd-1f88-49dd-9e5e-40938c7b963c,2026-07-12T17:30:00Z,2026-07-12T19:30:00+0200,4788.12,MW,FR,FR,actual_solar_generation,Solar,2026-07-30T03:20:47Z
2026-07-30T03:19:56Z,2026-07-30T05:19:56+0200,892469bd-1f88-49dd-9e5e-40938c7b963c,2026-07-12T17:45:00Z,2026-07-12T19:45:00+0200,3824.13,MW,FR,FR,actual_solar_generation,Solar,2026-07-30T03:20:47Z
2026-07-30T03:19:56Z,2026-07-30T05:19:56+0200,892469bd-1f88-49dd-9e5e-40938c7b963c,2026-07-12T18:00:00Z,2026-07-12T20:00:00+0200,2939.98,MW,FR,FR,actual_solar_generation,Solar,2026-07-30T03:20:47Z
2026-07-30T03:19:56Z,2026-07-30T05:19:56+0200,892469bd-1f88-49dd-9e5e-40938c7b963c,2026-07-12T18:15:00Z,2026-07-12T20:15:00+0200,2215.29,MW,FR,FR,actual_solar_generation,Solar,2026-07-30T03:20:47Z
2026-07-30T03:19:56Z,2026-07-30T05:19:56+0200,892469bd-1f88-49dd-9e5e-40938c7b963c,2026-07-12T18:30:00Z,2026-07-12T20:30:00+0200,1618.16,MW,FR,FR,actual_solar_generation,Solar,2026-07-30T03:20:47Z
2026-07-30T03:19:56Z,2026-07-30T05:19:56+0200,892469bd-1f88-49dd-9e5e-40938c7b963c,2026-07-12T18:45:00Z,2026-07-12T20:45:00+0200,1181.52,MW,FR,FR,actual_solar_generation,Solar,2026-07-30T03:20:47Z
2026-07-30T03:19:56Z,2026-07-30T05:19:56+0200,892469bd-1f88-49dd-9e5e-40938c7b963c,2026-07-12T19:00:00Z,2026-07-12T21:00:00+0200,817.05,MW,FR,FR,actual_solar_generation,Solar,2026-07-30T03:20:47Z
2026-07-30T03:19:56Z,2026-07-30T05:19:56+0200,892469bd-1f88-49dd-9e5e-40938c7b963c,2026-07-12T19:15:00Z,2026-07-12T21:15:00+0200,528.84,MW,FR,FR,actual_solar_generation,Solar,2026-07-30T03:20:47Z
2026-07-30T03:19:56Z,2026-07-30T05:19:56+0200,892469bd-1f88-49dd-9e5e-40938c7b963c,2026-07-12T19:30:00Z,2026-07-12T21:30:00+0200,363.18,MW,FR,FR,actual_solar_generation,Solar,2026-07-30T03:20:47Z
2026-07-30T03:19:56Z,2026-07-30T05:19:56+0200,892469bd-1f88-49dd-9e5e-40938c7b963c,2026-07-12T19:45:00Z,2026-07-12T21:45:00+0200,296.83,MW,FR,FR,actual_solar_generation,Solar,2026-07-30T03:20:47Z
2026-07-30T03:19:56Z,2026-07-30T05:19:56+0200,892469bd-1f88-49dd-9e5e-40938c7b963c,2026-07-12T20:00:00Z,2026-07-12T22:00:00+0200,273.36,MW,FR,FR,actual_solar_generation,Solar,2026-07-30T03:20:47Z
2026-07-30T03:19:56Z,2026-07-30T05:19:56+0200,892469bd-1f88-49dd-9e5e-40938c7b963c,2026-07-12T20:15:00Z,2026-07-12T22:15:00+0200,265.86,MW,FR,FR,actual_solar_generation,Solar,2026-07-30T03:20:47Z
2026-07-30T03:19:56Z,2026-07-30T05:19:56+0200,892469bd-1f88-49dd-9e5e-40938c7b963c,2026-07-12T20:30:00Z,2026-07-12T22:30:00+0200,268.69,MW,FR,FR,actual_solar_generation,Solar,2026-07-30T03:20:47Z
2026-07-30T03:19:56Z,2026-07-30T05:19:56+0200,892469bd-1f88-49dd-9e5e-40938c7b963c,2026-07-12T20:45:00Z,2026-07-12T22:45:00+0200,269.39,MW,FR,FR,actual_solar_generation,Solar,2026-07-30T03:20:47Z
2026-07-30T03:19:56Z,2026-07-30T05:19:56+0200,892469bd-1f88-49dd-9e5e-40938c7b963c,2026-07-12T21:00:00Z,2026-07-12T23:00:00+0200,271.46,MW,FR,FR,actual_solar_generation,Solar,2026-07-30T03:20:47Z
2026-07-30T03:19:56Z,2026-07-30T05:19:56+0200,892469bd-1f88-49dd-9e5e-40938c7b963c,2026-07-12T21:15:00Z,2026-07-12T23:15:00+0200,270.64,MW,FR,FR,actual_solar_generation,Solar,2026-07-30T03:20:47Z
2026-07-30T03:19:56Z,2026-07-30T05:19:56+0200,892469bd-1f88-49dd-9e5e-40938c7b963c,2026-07-12T21:30:00Z,2026-07-12T23:30:00+0200,270.91,MW,FR,FR,actual_solar_generation,Solar,2026-07-30T03:20:47Z
2026-07-30T03:19:56Z,2026-07-30T05:19:56+0200,892469bd-1f88-49dd-9e5e-40938c7b963c,2026-07-12T21:45:00Z,2026-07-12T23:45:00+0200,267.51,MW,FR,FR,actual_solar_generation,Solar,2026-07-30T03:20:47Z
2026-07-30T03:19:56Z,2026-07-30T05:19:56+0200,892469bd-1f88-49dd-9e5e-40938c7b963c,2026-07-12T22:00:00Z,2026-07-13T00:00:00+0200,0.0,MW,FR,FR,actual_solar_generation,Solar,2026-07-30T03:20:47Z
2026-07-30T03:19:56Z,2026-07-30T05:19:56+0200,892469bd-1f88-49dd-9e5e-40938c7b963c,2026-07-12T22:15:00Z,2026-07-13T00:15:00+0200,0.0,MW,FR,FR,actual_solar_generation,Solar,2026-07-30T03:20:47Z
2026-07-30T03:19:56Z,2026-07-30T05:19:56+0200,892469bd-1f88-49dd-9e5e-40938c7b963c,2026-07-12T22:30:00Z,2026-07-13T00:30:00+0200,0.0,MW,FR,FR,actual_solar_generation,Solar,2026-07-30T03:20:47Z
2026-07-30T03:19:56Z,2026-07-30T05:19:56+0200,892469bd-1f88-49dd-9e5e-40938c7b963c,2026-07-12T22:45:00Z,2026-07-13T00:45:00+0200,0.0,MW,FR,FR,actual_solar_generation,Solar,2026-07-30T03:20:47Z
2026-07-30T03:19:56Z,2026-07-30T05:19:56+0200,892469bd-1f88-49dd-9e5e-40938c7b963c,2026-07-12T23:00:00Z,2026-07-13T01:00:00+0200,0.0,MW,FR,FR,actual_solar_generation,Solar,2026-07-30T03:20:47Z
2026-07-30T03:19:56Z,2026-07-30T05:19:56+0200,892469bd-1f88-49dd-9e5e-40938c7b963c,2026-07-12T23:15:00Z,2026-07-13T01:15:00+0200,0.0,MW,FR,FR,actual_solar_generation,Solar,2026-07-30T03:20:47Z
2026-07-30T03:19:56Z,2026-07-30T05:19:56+0200,892469bd-1f88-49dd-9e5e-40938c7b963c,2026-07-12T23:30:00Z,2026-07-13T01:30:00+0200,0.0,MW,FR,FR,actual_solar_generation,Solar,2026-07-30T03:20:47Z
2026-07-30T03:19:56Z,2026-07-30T05:19:56+0200,892469bd-1f88-49dd-9e5e-40938c7b963c,2026-07-12T23:45:00Z,2026-07-13T01:45:00+0200,0.0,MW,FR,FR,actual_solar_generation,Solar,2026-07-30T03:20:47Z
2026-07-30T03:19:56Z,2026-07-30T05:19:56+0200,892469bd-1f88-49dd-9e5e-40938c7b963c,2026-07-13T00:00:00Z,2026-07-13T02:00:00+0200,0.0,MW,FR,FR,actual_solar_generation,Solar,2026-07-30T03:20:47Z
2026-07-30T03:19:56Z,2026-07-30T05:19:56+0200,892469bd-1f88-49dd-9e5e-40938c7b963c,2026-07-13T00:15:00Z,2026-07-13T02:15:00+0200,0.0,MW,FR,FR,actual_solar_generation,Solar,2026-07-30T03:20:47Z
2026-07-30T03:19:56Z,2026-07-30T05:19:56+0200,892469bd-1f88-49dd-9e5e-40938c7b963c,2026-07-13T00:30:00Z,2026-07-13T02:30:00+0200,0.0,MW,FR,FR,actual_solar_generation,Solar,2026-07-30T03:20:47Z
2026-07-30T03:19:56Z,2026-07-30T05:19:56+0200,892469bd-1f88-49dd-9e5e-40938c7b963c,2026-07-13T00:45:00Z,2026-07-13T02:45:00+0200,0.0,MW,FR,FR,actual_solar_generation,Solar,2026-07-30T03:20:47Z
2026-07-30T03:19:56Z,2026-07-30T05:19:56+0200,892469bd-1f88-49dd-9e5e-40938c7b963c,2026-07-13T01:00:00Z,2026-07-13T03:00:00+0200,0.0,MW,FR,FR,actual_solar_generation,Solar,2026-07-30T03:20:47Z
2026-07-30T03:19:56Z,2026-07-30T05:19:56+0200,892469bd-1f88-49dd-9e5e-40938c7b963c,2026-07-13T01:15:00Z,2026-07-13T03:15:00+0200,0.0,MW,FR,FR,actual_solar_generation,Solar,2026-07-30T03:20:47Z
2026-07-30T03:19:56Z,2026-07-30T05:19:56+0200,892469bd-1f88-49dd-9e5e-40938c7b963c,2026-07-13T01:30:00Z,2026-07-13T03:30:00+0200,0.0,MW,FR,FR,actual_solar_generation,Solar,2026-07-30T03:20:47Z
2026-07-30T03:19:56Z,2026-07-30T05:19:56+0200,892469bd-1f88-49dd-9e5e-40938c7b963c,2026-07-13T01:45:00Z,2026-07-13T03:45:00+0200,0.0,MW,FR,FR,actual_solar_generation,Solar,2026-07-30T03:20:47Z
2026-07-30T03:19:56Z,2026-07-30T05:19:56+0200,892469bd-1f88-49dd-9e5e-40938c7b963c,2026-07-13T02:00:00Z,2026-07-13T04:00:00+0200,0.0,MW,FR,FR,actual_solar_generation,Solar,2026-07-30T03:20:47Z
2026-07-30T03:19:56Z,2026-07-30T05:19:56+0200,892469bd-1f88-49dd-9e5e-40938c7b963c,2026-07-13T02:15:00Z,2026-07-13T04:15:00+0200,0.0,MW,FR,FR,actual_solar_generation,Solar,2026-07-30T03:20:47Z
2026-07-30T03:19:56Z,2026-07-30T05:19:56+0200,892469bd-1f88-49dd-9e5e-40938c7b963c,2026-07-13T02:30:00Z,2026-07-13T04:30:00+0200,0.0,MW,FR,FR,actual_solar_generation,Solar,2026-07-30T03:20:47Z
2026-07-30T03:19:56Z,2026-07-30T05:19:56+0200,892469bd-1f88-49dd-9e5e-40938c7b963c,2026-07-13T02:45:00Z,2026-07-13T04:45:00+0200,0.0,MW,FR,FR,actual_solar_generation,Solar,2026-07-30T03:20:47Z
2026-07-30T03:19:56Z,2026-07-30T05:19:56+0200,892469bd-1f88-49dd-9e5e-40938c7b963c,2026-07-13T03:00:00Z,2026-07-13T05:00:00+0200,266.48,MW,FR,FR,actual_solar_generation,Solar,2026-07-30T03:20:47Z
2026-07-30T03:19:56Z,2026-07-30T05:19:56+0200,892469bd-1f88-49dd-9e5e-40938c7b963c,2026-07-13T03:15:00Z,2026-07-13T05:15:00+0200,267.82,MW,FR,FR,actual_solar_generation,Solar,2026-07-30T03:20:47Z
2026-07-30T03:19:56Z,2026-07-30T05:19:56+0200,892469bd-1f88-49dd-9e5e-40938c7b963c,2026-07-13T03:30:00Z,2026-07-13T05:30:00+0200,264.7,MW,FR,FR,actual_solar_generation,Solar,2026-07-30T03:20:47Z
2026-07-30T03:19:56Z,2026-07-30T05:19:56+0200,892469bd-1f88-49dd-9e5e-40938c7b963c,2026-07-13T03:45:00Z,2026-07-13T05:45:00+0200,281.4,MW,FR,FR,actual_solar_generation,Solar,2026-07-30T03:20:47Z
2026-07-30T03:19:56Z,2026-07-30T05:19:56+0200,892469bd-1f88-49dd-9e5e-40938c7b963c,2026-07-13T04:00:00Z,2026-07-13T06:00:00+0200,314.41,MW,FR,FR,actual_solar_generation,Solar,2026-07-30T03:20:47Z
2026-07-30T03:19:56Z,2026-07-30T05:19:56+0200,892469bd-1f88-49dd-9e5e-40938c7b963c,2026-07-13T04:15:00Z,2026-07-13T06:15:00+0200,377.88,MW,FR,FR,actual_solar_generation,Solar,2026-07-30T03:20:47Z
2026-07-30T03:19:56Z,2026-07-30T05:19:56+0200,892469bd-1f88-49dd-9e5e-40938c7b963c,2026-07-13T04:30:00Z,2026-07-13T06:30:00+0200,483.55,MW,FR,FR,actual_solar_generation,Solar,2026-07-30T03:20:47Z
2026-07-30T03:19:56Z,2026-07-30T05:19:56+0200,892469bd-1f88-49dd-9e5e-40938c7b963c,2026-07-13T04:45:00Z,2026-07-13T06:45:00+0200,676.8,MW,FR,FR,actual_solar_generation,Solar,2026-07-30T03:20:47Z
2026-07-30T03:19:56Z,2026-07-30T05:19:56+0200,892469bd-1f88-49dd-9e5e-40938c7b963c,2026-07-13T05:00:00Z,2026-07-13T07:00:00+0200,964.64,MW,FR,FR,actual_solar_generation,Solar,2026-07-30T03:20:47Z
2026-07-30T03:19:56Z,2026-07-30T05:19:56+0200,892469bd-1f88-49dd-9e5e-40938c7b963c,2026-07-13T05:15:00Z,2026-07-13T07:15:00+0200,1326.21,MW,FR,FR,actual_solar_generation,Solar,2026-07-30T03:20:47Z
2026-07-30T03:19:56Z,2026-07-30T05:19:56+0200,892469bd-1f88-49dd-9e5e-40938c7b963c,2026-07-13T05:30:00Z,2026-07-13T07:30:00+0200,1793.88,MW,FR,FR,actual_solar_generation,Solar,2026-07-30T03:20:47Z
2026-07-30T03:19:56Z,2026-07-30T05:19:56+0200,892469bd-1f88-49dd-9e5e-40938c7b963c,2026-07-13T05:45:00Z,2026-07-13T07:45:00+0200,2417.43,MW,FR,FR,actual_solar_generation,Solar,2026-07-30T03:20:47Z
2026-07-30T03:19:56Z,2026-07-30T05:19:56+0200,892469bd-1f88-49dd-9e5e-40938c7b963c,2026-07-13T06:00:00Z,2026-07-13T08:00:00+0200,3045.11,MW,FR,FR,actual_solar_generation,Solar,2026-07-30T03:20:47Z
2026-07-30T03:19:56Z,2026-07-30T05:19:56+0200,892469bd-1f88-49dd-9e5e-40938c7b963c,2026-07-13T06:15:00Z,2026-07-13T08:15:00+0200,3700.5,MW,FR,FR,actual_solar_generation,Solar,2026-07-30T03:20:47Z
2026-07-30T03:19:56Z,2026-07-30T05:19:56+0200,892469bd-1f88-49dd-9e5e-40938c7b963c,2026-07-13T06:30:00Z,2026-07-13T08:30:00+0200,4400.68,MW,FR,FR,actual_solar_generation,Solar,2026-07-30T03:20:47Z
2026-07-30T03:19:56Z,2026-07-30T05:19:56+0200,892469bd-1f88-49dd-9e5e-40938c7b963c,2026-07-13T06:45:00Z,2026-07-13T08:45:00+0200,5333.06,MW,FR,FR,actual_solar_generation,Solar,2026-07-30T03:20:47Z
2026-07-30T03:19:56Z,2026-07-30T05:19:56+0200,892469bd-1f88-49dd-9e5e-40938c7b963c,2026-07-13T07:00:00Z,2026-07-13T09:00:00+0200,6034.19,MW,FR,FR,actual_solar_generation,Solar,2026-07-30T03:20:47Z
2026-07-30T03:19:56Z,2026-07-30T05:19:56+0200,892469bd-1f88-49dd-9e5e-40938c7b963c,2026-07-13T07:15:00Z,2026-07-13T09:15:00+0200,6991.84,MW,FR,FR,actual_solar_generation,Solar,2026-07-30T03:20:47Z
2026-07-30T03:19:56Z,2026-07-30T05:19:56+0200,892469bd-1f88-49dd-9e5e-40938c7b963c,2026-07-13T07:30:00Z,2026-07-13T09:30:00+0200,8068.85,MW,FR,FR,actual_solar_generation,Solar,2026-07-30T03:20:47Z
2026-07-30T03:19:56Z,2026-07-30T05:19:56+0200,892469bd-1f88-49dd-9e5e-40938c7b963c,2026-07-13T07:45:00Z,2026-07-13T09:45:00+0200,9012.11,MW,FR,FR,actual_solar_generation,Solar,2026-07-30T03:20:47Z
2026-07-30T03:19:56Z,2026-07-30T05:19:56+0200,892469bd-1f88-49dd-9e5e-40938c7b963c,2026-07-13T08:00:00Z,2026-07-13T10:00:00+0200,9920.58,MW,FR,FR,actual_solar_generation,Solar,2026-07-30T03:20:47Z
2026-07-30T03:19:56Z,2026-07-30T05:19:56+0200,892469bd-1f88-49dd-9e5e-40938c7b963c,2026-07-13T08:15:00Z,2026-07-13T10:15:00+0200,10770.45,MW,FR,FR,actual_solar_generation,Solar,2026-07-30T03:20:47Z
2026-07-30T03:19:56Z,2026-07-30T05:19:56+0200,892469bd-1f88-49dd-9e5e-40938c7b963c,2026-07-13T08:30:00Z,2026-07-13T10:30:00+0200,11611.6,MW,FR,FR,actual_solar_generation,Solar,2026-07-30T03:20:47Z
2026-07-30T03:19:56Z,2026-07-30T05:19:56+0200,892469bd-1f88-49dd-9e5e-40938c7b963c,2026-07-13T08:45:00Z,2026-07-13T10:45:00+0200,12363.22,MW,FR,FR,actual_solar_generation,Solar,2026-07-30T03:20:47Z
2026-07-30T03:19:56Z,2026-07-30T05:19:56+0200,892469bd-1f88-49dd-9e5e-40938c7b963c,2026-07-13T09:00:00Z,2026-07-13T11:00:00+0200,13028.8,MW,FR,FR,actual_solar_generation,Solar,2026-07-30T03:20:47Z
2026-07-30T03:19:56Z,2026-07-30T05:19:56+0200,892469bd-1f88-49dd-9e5e-40938c7b963c,2026-07-13T09:15:00Z,2026-07-13T11:15:00+0200,13552.9,MW,FR,FR,actual_solar_generation,Solar,2026-07-30T03:20:47Z
2026-07-30T03:19:56Z,2026-07-30T05:19:56+0200,892469bd-1f88-49dd-9e5e-40938c7b963c,2026-07-13T09:30:00Z,2026-07-13T11:30:00+0200,14104.62,MW,FR,FR,actual_solar_generation,Solar,2026-07-30T03:20:47Z
2026-07-30T03:19:56Z,2026-07-30T05:19:56+0200,892469bd-1f88-49dd-9e5e-40938c7b963c,2026-07-13T09:45:00Z,2026-07-13T11:45:00+0200,14679.34,MW,FR,FR,actual_solar_generation,Solar,2026-07-30T03:20:47Z
2026-07-30T03:19:56Z,2026-07-30T05:19:56+0200,892469bd-1f88-49dd-9e5e-40938c7b963c,2026-07-13T10:00:00Z,2026-07-13T12:00:00+0200,14972.81,MW,FR,FR,actual_solar_generation,Solar,2026-07-30T03:20:47Z
2026-07-30T03:19:56Z,2026-07-30T05:19:56+0200,892469bd-1f88-49dd-9e5e-40938c7b963c,2026-07-13T10:15:00Z,2026-07-13T12:15:00+0200,15423.44,MW,FR,FR,actual_solar_generation,Solar,2026-07-30T03:20:47Z
2026-07-30T03:19:56Z,2026-07-30T05:19:56+0200,892469bd-1f88-49dd-9e5e-40938c7b963c,2026-07-13T10:30:00Z,2026-07-13T12:30:00+0200,16075.1,MW,FR,FR,actual_solar_generation,Solar,2026-07-30T03:20:47Z
2026-07-30T03:19:56Z,2026-07-30T05:19:56+0200,892469bd-1f88-49dd-9e5e-40938c7b963c,2026-07-13T10:45:00Z,2026-07-13T12:45:00+0200,16280.24,MW,FR,FR,actual_solar_generation,Solar,2026-07-30T03:20:47Z
2026-07-30T03:19:56Z,2026-07-30T05:19:56+0200,892469bd-1f88-49dd-9e5e-40938c7b963c,2026-07-13T11:00:00Z,2026-07-13T13:00:00+0200,16619.45,MW,FR,FR,actual_solar_generation,Solar,2026-07-30T03:20:47Z
2026-07-30T03:19:56Z,2026-07-30T05:19:56+0200,892469bd-1f88-49dd-9e5e-40938c7b963c,2026-07-13T11:15:00Z,2026-07-13T13:15:00+0200,16904.02,MW,FR,FR,actual_solar_generation,Solar,2026-07-30T03:20:47Z
2026-07-30T03:19:56Z,2026-07-30T05:19:56+0200,892469bd-1f88-49dd-9e5e-40938c7b963c,2026-07-13T11:30:00Z,2026-07-13T13:30:00+0200,16931.8,MW,FR,FR,actual_solar_generation,Solar,2026-07-30T03:20:47Z
2026-07-30T03:19:56Z,2026-07-30T05:19:56+0200,892469bd-1f88-49dd-9e5e-40938c7b963c,2026-07-13T11:45:00Z,2026-07-13T13:45:00+0200,16720.69,MW,FR,FR,actual_solar_generation,Solar,2026-07-30T03:20:47Z
2026-07-30T03:19:56Z,2026-07-30T05:19:56+0200,892469bd-1f88-49dd-9e5e-40938c7b963c,2026-07-13T12:00:00Z,2026-07-13T14:00:00+0200,16485.01,MW,FR,FR,actual_solar_generation,Solar,2026-07-30T03:20:47Z
2026-07-30T03:19:56Z,2026-07-30T05:19:56+0200,892469bd-1f88-49dd-9e5e-40938c7b963c,2026-07-13T12:15:00Z,2026-07-13T14:15:00+0200,16512.98,MW,FR,FR,actual_solar_generation,Solar,2026-07-30T03:20:47Z
2026-07-30T03:19:56Z,2026-07-30T05:19:56+0200,892469bd-1f88-49dd-9e5e-40938c7b963c,2026-07-13T12:30:00Z,2026-07-13T14:30:00+0200,16406.21,MW,FR,FR,actual_solar_generation,Solar,2026-07-30T03:20:47Z
2026-07-30T03:19:56Z,2026-07-30T05:19:56+0200,892469bd-1f88-49dd-9e5e-40938c7b963c,2026-07-13T12:45:00Z,2026-07-13T14:45:00+0200,16189.11,MW,FR,FR,actual_solar_generation,Solar,2026-07-30T03:20:47Z
2026-07-30T03:19:56Z,2026-07-30T05:19:56+0200,892469bd-1f88-49dd-9e5e-40938c7b963c,2026-07-13T13:00:00Z,2026-07-13T15:00:00+0200,16046.4,MW,FR,FR,actual_solar_generation,Solar,2026-07-30T03:20:47Z
2026-07-30T03:19:56Z,2026-07-30T05:19:56+0200,892469bd-1f88-49dd-9e5e-40938c7b963c,2026-07-13T13:15:00Z,2026-07-13T15:15:00+0200,15911.38,MW,FR,FR,actual_solar_generation,Solar,2026-07-30T03:20:47Z
2026-07-30T03:19:56Z,2026-07-30T05:19:56+0200,892469bd-1f88-49dd-9e5e-40938c7b963c,2026-07-13T13:30:00Z,2026-07-13T15:30:00+0200,15792.55,MW,FR,FR,actual_solar_generation,Solar,2026-07-30T03:20:47Z
2026-07-30T03:19:56Z,2026-07-30T05:19:56+0200,892469bd-1f88-49dd-9e5e-40938c7b963c,2026-07-13T13:45:00Z,2026-07-13T15:45:00+0200,15313.75,MW,FR,FR,actual_solar_generation,Solar,2026-07-30T03:20:47Z
2026-07-30T03:19:56Z,2026-07-30T05:19:56+0200,892469bd-1f88-49dd-9e5e-40938c7b963c,2026-07-13T14:00:00Z,2026-07-13T16:00:00+0200,15042.92,MW,FR,FR,actual_solar_generation,Solar,2026-07-30T03:20:47Z
2026-07-30T03:19:56Z,2026-07-30T05:19:56+0200,892469bd-1f88-49dd-9e5e-40938c7b963c,2026-07-13T14:15:00Z,2026-07-13T16:15:00+0200,14600.4,MW,FR,FR,actual_solar_generation,Solar,2026-07-30T03:20:47Z
2026-07-30T03:19:56Z,2026-07-30T05:19:56+0200,892469bd-1f88-49dd-9e5e-40938c7b963c,2026-07-13T14:30:00Z,2026-07-13T16:30:00+0200,14033.03,MW,FR,FR,actual_solar_generation,Solar,2026-07-30T03:20:47Z
2026-07-30T03:19:56Z,2026-07-30T05:19:56+0200,892469bd-1f88-49dd-9e5e-40938c7b963c,2026-07-13T14:45:00Z,2026-07-13T16:45:00+0200,13494.76,MW,FR,FR,actual_solar_generation,Solar,2026-07-30T03:20:47Z
2026-07-30T03:19:56Z,2026-07-30T05:19:56+0200,892469bd-1f88-49dd-9e5e-40938c7b963c,2026-07-13T15:00:00Z,2026-07-13T17:00:00+0200,12915.6,MW,FR,FR,actual_solar_generation,Solar,2026-07-30T03:20:47Z
2026-07-30T03:19:56Z,2026-07-30T05:19:56+0200,892469bd-1f88-49dd-9e5e-40938c7b963c,2026-07-13T15:15:00Z,2026-07-13T17:15:00+0200,12186.85,MW,FR,FR,actual_solar_generation,Solar,2026-07-30T03:20:47Z
2026-07-30T03:19:56Z,2026-07-30T05:19:56+0200,892469bd-1f88-49dd-9e5e-40938c7b963c,2026-07-13T15:30:00Z,2026-07-13T17:30:00+0200,11423.29,MW,FR,FR,actual_solar_generation,Solar,2026-07-30T03:20:47Z
2026-07-30T03:19:56Z,2026-07-30T05:19:56+0200,892469bd-1f88-49dd-9e5e-40938c7b963c,2026-07-13T15:45:00Z,2026-07-13T17:45:00+0200,10570.51,MW,FR,FR,actual_solar_generation,Solar,2026-07-30T03:20:47Z
2026-07-30T03:19:56Z,2026-07-30T05:19:56+0200,892469bd-1f88-49dd-9e5e-40938c7b963c,2026-07-13T16:00:00Z,2026-07-13T18:00:00+0200,9727.43,MW,FR,FR,actual_solar_generation,Solar,2026-07-30T03:20:47Z
2026-07-30T03:19:56Z,2026-07-30T05:19:56+0200,892469bd-1f88-49dd-9e5e-40938c7b963c,2026-07-13T16:15:00Z,2026-07-13T18:15:00+0200,8827.4,MW,FR,FR,actual_solar_generation,Solar,2026-07-30T03:20:47Z
2026-07-30T03:19:56Z,2026-07-30T05:19:56+0200,892469bd-1f88-49dd-9e5e-40938c7b963c,2026-07-13T16:30:00Z,2026-07-13T18:30:00+0200,7957.28,MW,FR,FR,actual_solar_generation,Solar,2026-07-30T03:20:47Z
2026-07-30T03:19:56Z,2026-07-30T05:19:56+0200,892469bd-1f88-49dd-9e5e-40938c7b963c,2026-07-13T16:45:00Z,2026-07-13T18:45:00+0200,7048.85,MW,FR,FR,actual_solar_generation,Solar,2026-07-30T03:20:47Z
2026-07-30T03:19:56Z,2026-07-30T05:19:56+0200,892469bd-1f88-49dd-9e5e-40938c7b963c,2026-07-13T17:00:00Z,2026-07-13T19:00:00+0200,6076.94,MW,FR,FR,actual_solar_generation,Solar,2026-07-30T03:20:47Z
2026-07-30T03:19:56Z,2026-07-30T05:19:56+0200,892469bd-1f88-49dd-9e5e-40938c7b963c,2026-07-13T17:15:00Z,2026-07-13T19:15:00+0200,5111.01,MW,FR,FR,actual_solar_generation,Solar,2026-07-30T03:20:47Z
2026-07-30T03:19:56Z,2026-07-30T05:19:56+0200,892469bd-1f88-49dd-9e5e-40938c7b963c,2026-07-13T17:30:00Z,2026-07-13T19:30:00+0200,4199.12,MW,FR,FR,actual_solar_generation,Solar,2026-07-30T03:20:47Z
2026-07-30T03:19:56Z,2026-07-30T05:19:56+0200,892469bd-1f88-49dd-9e5e-40938c7b963c,2026-07-13T17:45:00Z,2026-07-13T19:45:00+0200,3455.55,MW,FR,FR,actual_solar_generation,Solar,2026-07-30T03:20:47Z
2026-07-30T03:19:56Z,2026-07-30T05:19:56+0200,892469bd-1f88-49dd-9e5e-40938c7b963c,2026-07-13T18:00:00Z,2026-07-13T20:00:00+0200,2721.22,MW,FR,FR,actual_solar_generation,Solar,2026-07-30T03:20:47Z
2026-07-30T03:19:56Z,2026-07-30T05:19:56+0200,892469bd-1f88-49dd-9e5e-40938c7b963c,2026-07-13T18:15:00Z,2026-07-13T20:15:00+0200,2081.36,MW,FR,FR,actual_solar_generation,Solar,2026-07-30T03:20:47Z
2026-07-30T03:19:56Z,2026-07-30T05:19:56+0200,892469bd-1f88-49dd-9e5e-40938c7b963c,2026-07-13T18:30:00Z,2026-07-13T20:30:00+0200,1520.02,MW,FR,FR,actual_solar_generation,Solar,2026-07-30T03:20:47Z
2026-07-30T03:19:56Z,2026-07-30T05:19:56+0200,892469bd-1f88-49dd-9e5e-40938c7b963c,2026-07-13T18:45:00Z,2026-07-13T20:45:00+0200,1101.38,MW,FR,FR,actual_solar_generation,Solar,2026-07-30T03:20:47Z
2026-07-30T03:19:56Z,2026-07-30T05:19:56+0200,892469bd-1f88-49dd-9e5e-40938c7b963c,2026-07-13T19:00:00Z,2026-07-13T21:00:00+0200,756.24,MW,FR,FR,actual_solar_generation,Solar,2026-07-30T03:20:47Z
2026-07-30T03:19:56Z,2026-07-30T05:19:56+0200,892469bd-1f88-49dd-9e5e-40938c7b963c,2026-07-13T19:15:00Z,2026-07-13T21:15:00+0200,486.66,MW,FR,FR,actual_solar_generation,Solar,2026-07-30T03:20:47Z
2026-07-30T03:19:56Z,2026-07-30T05:19:56+0200,892469bd-1f88-49dd-9e5e-40938c7b963c,2026-07-13T19:30:00Z,2026-07-13T21:30:00+0200,314.89,MW,FR,FR,actual_solar_generation,Solar,2026-07-30T03:20:47Z
2026-07-30T03:19:56Z,2026-07-30T05:19:56+0200,892469bd-1f88-49dd-9e5e-40938c7b963c,2026-07-13T19:45:00Z,2026-07-13T21:45:00+0200,241.5,MW,FR,FR,actual_solar_generation,Solar,2026-07-30T03:20:47Z
2026-07-30T03:19:56Z,2026-07-30T05:19:56+0200,892469bd-1f88-49dd-9e5e-40938c7b963c,2026-07-13T20:00:00Z,2026-07-13T22:00:00+0200,208.13,MW,FR,FR,actual_solar_generation,Solar,2026-07-30T03:20:47Z
2026-07-30T03:19:56Z,2026-07-30T05:19:56+0200,892469bd-1f88-49dd-9e5e-40938c7b963c,2026-07-13T20:15:00Z,2026-07-13T22:15:00+0200,196.31,MW,FR,FR,actual_solar_generation,Solar,2026-07-30T03:20:47Z
2026-07-30T03:19:56Z,2026-07-30T05:19:56+0200,892469bd-1f88-49dd-9e5e-40938c7b963c,2026-07-13T20:30:00Z,2026-07-13T22:30:00+0200,205.31,MW,FR,FR,actual_solar_generation,Solar,2026-07-30T03:20:47Z
2026-07-30T03:19:56Z,2026-07-30T05:19:56+0200,892469bd-1f88-49dd-9e5e-40938c7b963c,2026-07-13T20:45:00Z,2026-07-13T22:45:00+0200,205.09,MW,FR,FR,actual_solar_generation,Solar,2026-07-30T03:20:47Z
2026-07-30T03:19:56Z,2026-07-30T05:19:56+0200,892469bd-1f88-49dd-9e5e-40938c7b963c,2026-07-13T21:00:00Z,2026-07-13T23:00:00+0200,200.46,MW,FR,FR,actual_solar_generation,Solar,2026-07-30T03:20:47Z
2026-07-30T03:19:56Z,2026-07-30T05:19:56+0200,892469bd-1f88-49dd-9e5e-40938c7b963c,2026-07-13T21:15:00Z,2026-07-13T23:15:00+0200,200.03,MW,FR,FR,actual_solar_generation,Solar,2026-07-30T03:20:47Z
2026-07-30T03:19:56Z,2026-07-30T05:19:56+0200,892469bd-1f88-49dd-9e5e-40938c7b963c,2026-07-13T21:30:00Z,2026-07-13T23:30:00+0200,202.23,MW,FR,FR,actual_solar_generation,Solar,2026-07-30T03:20:47Z
2026-07-30T03:19:56Z,2026-07-30T05:19:56+0200,892469bd-1f88-49dd-9e5e-40938c7b963c,2026-07-13T21:45:00Z,2026-07-13T23:45:00+0200,204.72,MW,FR,FR,actual_solar_generation,Solar,2026-07-30T03:20:47Z
2026-07-30T03:19:56Z,2026-07-30T05:19:56+0200,892469bd-1f88-49dd-9e5e-40938c7b963c,2026-07-13T22:00:00Z,2026-07-14T00:00:00+0200,0.0,MW,FR,FR,actual_solar_generation,Solar,2026-07-30T03:20:47Z
2026-07-30T03:19:56Z,2026-07-30T05:19:56+0200,892469bd-1f88-49dd-9e5e-40938c7b963c,2026-07-13T22:15:00Z,2026-07-14T00:15:00+0200,0.0,MW,FR,FR,actual_solar_generation,Solar,2026-07-30T03:20:47Z
2026-07-30T03:19:56Z,2026-07-30T05:19:56+0200,892469bd-1f88-49dd-9e5e-40938c7b963c,2026-07-13T22:30:00Z,2026-07-14T00:30:00+0200,0.0,MW,FR,FR,actual_solar_generation,Solar,2026-07-30T03:20:47Z
2026-07-30T03:19:56Z,2026-07-30T05:19:56+0200,892469bd-1f88-49dd-9e5e-40938c7b963c,2026-07-13T22:45:00Z,2026-07-14T00:45:00+0200,0.0,MW,FR,FR,actual_solar_generation,Solar,2026-07-30T03:20:47Z
2026-07-30T03:19:56Z,2026-07-30T05:19:56+0200,892469bd-1f88-49dd-9e5e-40938c7b963c,2026-07-13T23:00:00Z,2026-07-14T01:00:00+0200,0.0,MW,FR,FR,actual_solar_generation,Solar,2026-07-30T03:20:47Z
2026-07-30T03:19:56Z,2026-07-30T05:19:56+0200,892469bd-1f88-49dd-9e5e-40938c7b963c,2026-07-13T23:15:00Z,2026-07-14T01:15:00+0200,0.0,MW,FR,FR,actual_solar_generation,Solar,2026-07-30T03:20:47Z
2026-07-30T03:19:56Z,2026-07-30T05:19:56+0200,892469bd-1f88-49dd-9e5e-40938c7b963c,2026-07-13T23:30:00Z,2026-07-14T01:30:00+0200,0.0,MW,FR,FR,actual_solar_generation,Solar,2026-07-30T03:20:47Z
2026-07-30T03:19:56Z,2026-07-30T05:19:56+0200,892469bd-1f88-49dd-9e5e-40938c7b963c,2026-07-13T23:45:00Z,2026-07-14T01:45:00+0200,0.0,MW,FR,FR,actual_solar_generation,Solar,2026-07-30T03:20:47Z
2026-07-30T03:19:56Z,2026-07-30T05:19:56+0200,892469bd-1f88-49dd-9e5e-40938c7b963c,2026-07-14T00:00:00Z,2026-07-14T02:00:00+0200,0.0,MW,FR,FR,actual_solar_generation,Solar,2026-07-30T03:20:47Z
2026-07-30T03:19:56Z,2026-07-30T05:19:56+0200,892469bd-1f88-49dd-9e5e-40938c7b963c,2026-07-14T00:15:00Z,2026-07-14T02:15:00+0200,0.0,MW,FR,FR,actual_solar_generation,Solar,2026-07-30T03:20:47Z
2026-07-30T03:19:56Z,2026-07-30T05:19:56+0200,892469bd-1f88-49dd-9e5e-40938c7b963c,2026-07-14T00:30:00Z,2026-07-14T02:30:00+0200,0.0,MW,FR,FR,actual_solar_generation,Solar,2026-07-30T03:20:47Z
2026-07-30T03:19:56Z,2026-07-30T05:19:56+0200,892469bd-1f88-49dd-9e5e-40938c7b963c,2026-07-14T00:45:00Z,2026-07-14T02:45:00+0200,0.0,MW,FR,FR,actual_solar_generation,Solar,2026-07-30T03:20:47Z
2026-07-30T03:19:56Z,2026-07-30T05:19:56+0200,892469bd-1f88-49dd-9e5e-40938c7b963c,2026-07-14T01:00:00Z,2026-07-14T03:00:00+0200,0.0,MW,FR,FR,actual_solar_generation,Solar,2026-07-30T03:20:47Z
2026-07-30T03:19:56Z,2026-07-30T05:19:56+0200,892469bd-1f88-49dd-9e5e-40938c7b963c,2026-07-14T01:15:00Z,2026-07-14T03:15:00+0200,0.0,MW,FR,FR,actual_solar_generation,Solar,2026-07-30T03:20:47Z
2026-07-30T03:19:56Z,2026-07-30T05:19:56+0200,892469bd-1f88-49dd-9e5e-40938c7b963c,2026-07-14T01:30:00Z,2026-07-14T03:30:00+0200,0.0,MW,FR,FR,actual_solar_generation,Solar,2026-07-30T03:20:47Z
2026-07-30T03:19:56Z,2026-07-30T05:19:56+0200,892469bd-1f88-49dd-9e5e-40938c7b963c,2026-07-14T01:45:00Z,2026-07-14T03:45:00+0200,0.0,MW,FR,FR,actual_solar_generation,Solar,2026-07-30T03:20:47Z
2026-07-30T03:19:56Z,2026-07-30T05:19:56+0200,892469bd-1f88-49dd-9e5e-40938c7b963c,2026-07-14T02:00:00Z,2026-07-14T04:00:00+0200,0.0,MW,FR,FR,actual_solar_generation,Solar,2026-07-30T03:20:47Z
2026-07-30T03:19:56Z,2026-07-30T05:19:56+0200,892469bd-1f88-49dd-9e5e-40938c7b963c,2026-07-14T02:15:00Z,2026-07-14T04:15:00+0200,0.0,MW,FR,FR,actual_solar_generation,Solar,2026-07-30T03:20:47Z
2026-07-30T03:19:56Z,2026-07-30T05:19:56+0200,892469bd-1f88-49dd-9e5e-40938c7b963c,2026-07-14T02:30:00Z,2026-07-14T04:30:00+0200,0.0,MW,FR,FR,actual_solar_generation,Solar,2026-07-30T03:20:47Z
2026-07-30T03:19:56Z,2026-07-30T05:19:56+0200,892469bd-1f88-49dd-9e5e-40938c7b963c,2026-07-14T02:45:00Z,2026-07-14T04:45:00+0200,0.0,MW,FR,FR,actual_solar_generation,Solar,2026-07-30T03:20:47Z
2026-07-30T03:19:56Z,2026-07-30T05:19:56+0200,892469bd-1f88-49dd-9e5e-40938c7b963c,2026-07-14T03:00:00Z,2026-07-14T05:00:00+0200,195.93,MW,FR,FR,actual_solar_generation,Solar,2026-07-30T03:20:47Z
2026-07-30T03:19:56Z,2026-07-30T05:19:56+0200,892469bd-1f88-49dd-9e5e-40938c7b963c,2026-07-14T03:15:00Z,2026-07-14T05:15:00+0200,195.75,MW,FR,FR,actual_solar_generation,Solar,2026-07-30T03:20:47Z
2026-07-30T03:19:56Z,2026-07-30T05:19:56+0200,892469bd-1f88-49dd-9e5e-40938c7b963c,2026-07-14T03:30:00Z,2026-07-14T05:30:00+0200,197.27,MW,FR,FR,actual_solar_generation,Solar,2026-07-30T03:20:47Z
2026-07-30T03:19:56Z,2026-07-30T05:19:56+0200,892469bd-1f88-49dd-9e5e-40938c7b963c,2026-07-14T03:45:00Z,2026-07-14T05:45:00+0200,208.97,MW,FR,FR,actual_solar_generation,Solar,2026-07-30T03:20:47Z
2026-07-30T03:19:56Z,2026-07-30T05:19:56+0200,892469bd-1f88-49dd-9e5e-40938c7b963c,2026-07-14T04:00:00Z,2026-07-14T06:00:00+0200,244.25,MW,FR,FR,actual_solar_generation,Solar,2026-07-30T03:20:47Z
2026-07-30T03:19:56Z,2026-07-30T05:19:56+0200,892469bd-1f88-49dd-9e5e-40938c7b963c,2026-07-14T04:15:00Z,2026-07-14T06:15:00+0200,306.96,MW,FR,FR,actual_solar_generation,Solar,2026-07-30T03:20:47Z
2026-07-30T03:19:56Z,2026-07-30T05:19:56+0200,892469bd-1f88-49dd-9e5e-40938c7b963c,2026-07-14T04:30:00Z,2026-07-14T06:30:00+0200,412.94,MW,FR,FR,actual_solar_generation,Solar,2026-07-30T03:20:47Z
2026-07-30T03:19:56Z,2026-07-30T05:19:56+0200,892469bd-1f88-49dd-9e5e-40938c7b963c,2026-07-14T04:45:00Z,2026-07-14T06:45:00+0200,633.92,MW,FR,FR,actual_solar_generation,Solar,2026-07-30T03:20:47Z
2026-07-30T03:19:56Z,2026-07-30T05:19:56+0200,892469bd-1f88-49dd-9e5e-40938c7b963c,2026-07-14T05:00:00Z,2026-07-14T07:00:00+0200,953.79,MW,FR,FR,actual_solar_generation,Solar,2026-07-30T03:20:47Z
2026-07-30T03:19:56Z,2026-07-30T05:19:56+0200,892469bd-1f88-49dd-9e5e-40938c7b963c,2026-07-14T05:15:00Z,2026-07-14T07:15:00+0200,1357.5,MW,FR,FR,actual_solar_generation,Solar,2026-07-30T03:20:47Z
2026-07-30T03:19:56Z,2026-07-30T05:19:56+0200,892469bd-1f88-49dd-9e5e-40938c7b963c,2026-07-14T05:30:00Z,2026-07-14T07:30:00+0200,1879.74,MW,FR,FR,actual_solar_generation,Solar,2026-07-30T03:20:47Z
2026-07-30T03:19:56Z,2026-07-30T05:19:56+0200,892469bd-1f88-49dd-9e5e-40938c7b963c,2026-07-14T05:45:00Z,2026-07-14T07:45:00+0200,2590.02,MW,FR,FR,actual_solar_generation,Solar,2026-07-30T03:20:47Z
2026-07-30T03:19:56Z,2026-07-30T05:19:56+0200,892469bd-1f88-49dd-9e5e-40938c7b963c,2026-07-14T06:00:00Z,2026-07-14T08:00:00+0200,3340.62,MW,FR,FR,actual_solar_generation,Solar,2026-07-30T03:20:47Z
2026-07-30T03:19:56Z,2026-07-30T05:19:56+0200,892469bd-1f88-49dd-9e5e-40938c7b963c,2026-07-14T06:15:00Z,2026-07-14T08:15:00+0200,4342.64,MW,FR,FR,actual_solar_generation,Solar,2026-07-30T03:20:47Z
2026-07-30T03:19:56Z,2026-07-30T05:19:56+0200,892469bd-1f88-49dd-9e5e-40938c7b963c,2026-07-14T06:30:00Z,2026-07-14T08:30:00+0200,5260.02,MW,FR,FR,actual_solar_generation,Solar,2026-07-30T03:20:47Z
2026-07-30T03:19:56Z,2026-07-30T05:19:56+0200,892469bd-1f88-49dd-9e5e-40938c7b963c,2026-07-14T06:45:00Z,2026-07-14T08:45:00+0200,6392.1,MW,FR,FR,actual_solar_generation,Solar,2026-07-30T03:20:47Z
2026-07-30T03:19:56Z,2026-07-30T05:19:56+0200,892469bd-1f88-49dd-9e5e-40938c7b963c,2026-07-14T07:00:00Z,2026-07-14T09:00:00+0200,7546.26,MW,FR,FR,actual_solar_generation,Solar,2026-07-30T03:20:47Z
2026-07-30T03:19:56Z,2026-07-30T05:19:56+0200,892469bd-1f88-49dd-9e5e-40938c7b963c,2026-07-14T07:15:00Z,2026-07-14T09:15:00+0200,8861.16,MW,FR,FR,actual_solar_generation,Solar,2026-07-30T03:20:47Z
2026-07-30T03:19:56Z,2026-07-30T05:19:56+0200,892469bd-1f88-49dd-9e5e-40938c7b963c,2026-07-14T07:30:00Z,2026-07-14T09:30:00+0200,10074.03,MW,FR,FR,actual_solar_generation,Solar,2026-07-30T03:20:47Z
2026-07-30T03:19:56Z,2026-07-30T05:19:56+0200,892469bd-1f88-49dd-9e5e-40938c7b963c,2026-07-14T07:45:00Z,2026-07-14T09:45:00+0200,11314.86,MW,FR,FR,actual_solar_generation,Solar,2026-07-30T03:20:47Z
2026-07-30T03:19:56Z,2026-07-30T05:19:56+0200,892469bd-1f88-49dd-9e5e-40938c7b963c,2026-07-14T08:00:00Z,2026-07-14T10:00:00+0200,12347.12,MW,FR,FR,actual_solar_generation,Solar,2026-07-30T03:20:47Z
2026-07-30T03:19:56Z,2026-07-30T05:19:56+0200,892469bd-1f88-49dd-9e5e-40938c7b963c,2026-07-14T08:15:00Z,2026-07-14T10:15:00+0200,13415.89,MW,FR,FR,actual_solar_generation,Solar,2026-07-30T03:20:47Z
2026-07-30T03:19:56Z,2026-07-30T05:19:56+0200,892469bd-1f88-49dd-9e5e-40938c7b963c,2026-07-14T08:30:00Z,2026-07-14T10:30:00+0200,14417.53,MW,FR,FR,actual_solar_generation,Solar,2026-07-30T03:20:47Z
2026-07-30T03:19:56Z,2026-07-30T05:19:56+0200,892469bd-1f88-49dd-9e5e-40938c7b963c,2026-07-14T08:45:00Z,2026-07-14T10:45:00+0200,15555.75,MW,FR,FR,actual_solar_generation,Solar,2026-07-30T03:20:47Z
2026-07-30T03:19:56Z,2026-07-30T05:19:56+0200,892469bd-1f88-49dd-9e5e-40938c7b963c,2026-07-14T09:00:00Z,2026-07-14T11:00:00+0200,16347.49,MW,FR,FR,actual_solar_generation,Solar,2026-07-30T03:20:47Z
2026-07-30T03:19:56Z,2026-07-30T05:19:56+0200,892469bd-1f88-49dd-9e5e-40938c7b963c,2026-07-14T09:15:00Z,2026-07-14T11:15:00+0200,17099.68,MW,FR,FR,actual_solar_generation,Solar,2026-07-30T03:20:47Z
2026-07-30T03:19:56Z,2026-07-30T05:19:56+0200,892469bd-1f88-49dd-9e5e-40938c7b963c,2026-07-14T09:30:00Z,2026-07-14T11:30:00+0200,17728.33,MW,FR,FR,actual_solar_generation,Solar,2026-07-30T03:20:47Z
2026-07-30T03:19:56Z,2026-07-30T05:19:56+0200,892469bd-1f88-49dd-9e5e-40938c7b963c,2026-07-14T09:45:00Z,2026-07-14T11:45:00+0200,18250.12,MW,FR,FR,actual_solar_generation,Solar,2026-07-30T03:20:47Z
2026-07-30T03:19:56Z,2026-07-30T05:19:56+0200,892469bd-1f88-49dd-9e5e-40938c7b963c,2026-07-14T10:00:00Z,2026-07-14T12:00:00+0200,18706.91,MW,FR,FR,actual_solar_generation,Solar,2026-07-30T03:20:47Z
2026-07-30T03:19:56Z,2026-07-30T05:19:56+0200,892469bd-1f88-49dd-9e5e-40938c7b963c,2026-07-14T10:15:00Z,2026-07-14T12:15:00+0200,19137.78,MW,FR,FR,actual_solar_generation,Solar,2026-07-30T03:20:47Z
2026-07-30T03:19:56Z,2026-07-30T05:19:56+0200,892469bd-1f88-49dd-9e5e-40938c7b963c,2026-07-14T10:30:00Z,2026-07-14T12:30:00+0200,19500.61,MW,FR,FR,actual_solar_generation,Solar,2026-07-30T03:20:47Z
2026-07-30T03:19:56Z,2026-07-30T05:19:56+0200,892469bd-1f88-49dd-9e5e-40938c7b963c,2026-07-14T10:45:00Z,2026-07-14T12:45:00+0200,19722.35,MW,FR,FR,actual_solar_generation,Solar,2026-07-30T03:20:47Z
2026-07-30T03:19:56Z,2026-07-30T05:19:56+0200,892469bd-1f88-49dd-9e5e-40938c7b963c,2026-07-14T11:00:00Z,2026-07-14T13:00:00+0200,19968.06,MW,FR,FR,actual_solar_generation,Solar,2026-07-30T03:20:47Z
2026-07-30T03:19:56Z,2026-07-30T05:19:56+0200,892469bd-1f88-49dd-9e5e-40938c7b963c,2026-07-14T11:15:00Z,2026-07-14T13:15:00+0200,20020.42,MW,FR,FR,actual_solar_generation,Solar,2026-07-30T03:20:47Z
2026-07-30T03:19:56Z,2026-07-30T05:19:56+0200,892469bd-1f88-49dd-9e5e-40938c7b963c,2026-07-14T11:30:00Z,2026-07-14T13:30:00+0200,20045.62,MW,FR,FR,actual_solar_generation,Solar,2026-07-30T03:20:47Z
2026-07-30T03:19:56Z,2026-07-30T05:19:56+0200,892469bd-1f88-49dd-9e5e-40938c7b963c,2026-07-14T11:45:00Z,2026-07-14T13:45:00+0200,20060.29,MW,FR,FR,actual_solar_generation,Solar,2026-07-30T03:20:47Z
2026-07-30T03:19:56Z,2026-07-30T05:19:56+0200,892469bd-1f88-49dd-9e5e-40938c7b963c,2026-07-14T12:00:00Z,2026-07-14T14:00:00+0200,20060.82,MW,FR,FR,actual_solar_generation,Solar,2026-07-30T03:20:47Z
2026-07-30T03:19:56Z,2026-07-30T05:19:56+0200,892469bd-1f88-49dd-9e5e-40938c7b963c,2026-07-14T12:15:00Z,2026-07-14T14:15:00+0200,19942.18,MW,FR,FR,actual_solar_generation,Solar,2026-07-30T03:20:47Z
2026-07-30T03:19:56Z,2026-07-30T05:19:56+0200,892469bd-1f88-49dd-9e5e-40938c7b963c,2026-07-14T12:30:00Z,2026-07-14T14:30:00+0200,19787.73,MW,FR,FR,actual_solar_generation,Solar,2026-07-30T03:20:47Z
2026-07-30T03:19:56Z,2026-07-30T05:19:56+0200,892469bd-1f88-49dd-9e5e-40938c7b963c,2026-07-14T12:45:00Z,2026-07-14T14:45:00+0200,19545.93,MW,FR,FR,actual_solar_generation,Solar,2026-07-30T03:20:47Z
2026-07-30T03:19:56Z,2026-07-30T05:19:56+0200,892469bd-1f88-49dd-9e5e-40938c7b963c,2026-07-14T13:00:00Z,2026-07-14T15:00:00+0200,19195.86,MW,FR,FR,actual_solar_generation,Solar,2026-07-30T03:20:47Z
2026-07-30T03:19:56Z,2026-07-30T05:19:56+0200,892469bd-1f88-49dd-9e5e-40938c7b963c,2026-07-14T13:15:00Z,2026-07-14T15:15:00+0200,18864.48,MW,FR,FR,actual_solar_generation,Solar,2026-07-30T03:20:47Z
2026-07-30T03:19:56Z,2026-07-30T05:19:56+0200,892469bd-1f88-49dd-9e5e-40938c7b963c,2026-07-14T13:30:00Z,2026-07-14T15:30:00+0200,18546.12,MW,FR,FR,actual_solar_generation,Solar,2026-07-30T03:20:47Z
2026-07-30T03:19:56Z,2026-07-30T05:19:56+0200,892469bd-1f88-49dd-9e5e-40938c7b963c,2026-07-14T13:45:00Z,2026-07-14T15:45:00+0200,18152.17,MW,FR,FR,actual_solar_generation,Solar,2026-07-30T03:20:47Z
2026-07-30T03:19:56Z,2026-07-30T05:19:56+0200,892469bd-1f88-49dd-9e5e-40938c7b963c,2026-07-14T14:00:00Z,2026-07-14T16:00:00+0200,17681.2,MW,FR,FR,actual_solar_generation,Solar,2026-07-30T03:20:47Z
2026-07-30T03:19:56Z,2026-07-30T05:19:56+0200,892469bd-1f88-49dd-9e5e-40938c7b963c,2026-07-14T14:15:00Z,2026-07-14T16:15:00+0200,17206.88,MW,FR,FR,actual_solar_generation,Solar,2026-07-30T03:20:47Z
2026-07-30T03:19:56Z,2026-07-30T05:19:56+0200,892469bd-1f88-49dd-9e5e-40938c7b963c,2026-07-14T14:30:00Z,2026-07-14T16:30:00+0200,16584.16,MW,FR,FR,actual_solar_generation,Solar,2026-07-30T03:20:47Z
2026-07-30T03:19:56Z,2026-07-30T05:19:56+0200,892469bd-1f88-49dd-9e5e-40938c7b963c,2026-07-14T14:45:00Z,2026-07-14T16:45:00+0200,15833.95,MW,FR,FR,actual_solar_generation,Solar,2026-07-30T03:20:47Z
2026-07-30T03:19:56Z,2026-07-30T05:19:56+0200,892469bd-1f88-49dd-9e5e-40938c7b963c,2026-07-14T15:00:00Z,2026-07-14T17:00:00+0200,15066.07,MW,FR,FR,actual_solar_generation,Solar,2026-07-30T03:20:47Z
2026-07-30T03:19:56Z,2026-07-30T05:19:56+0200,892469bd-1f88-49dd-9e5e-40938c7b963c,2026-07-14T15:15:00Z,2026-07-14T17:15:00+0200,14209.43,MW,FR,FR,actual_solar_generation,Solar,2026-07-30T03:20:47Z
2026-07-30T03:19:56Z,2026-07-30T05:19:56+0200,892469bd-1f88-49dd-9e5e-40938c7b963c,2026-07-14T15:30:00Z,2026-07-14T17:30:00+0200,13291.92,MW,FR,FR,actual_solar_generation,Solar,2026-07-30T03:20:47Z
2026-07-30T03:19:56Z,2026-07-30T05:19:56+0200,892469bd-1f88-49dd-9e5e-40938c7b963c,2026-07-14T15:45:00Z,2026-07-14T17:45:00+0200,12311.49,MW,FR,FR,actual_solar_generation,Solar,2026-07-30T03:20:47Z
2026-07-30T03:19:56Z,2026-07-30T05:19:56+0200,892469bd-1f88-49dd-9e5e-40938c7b963c,2026-07-14T16:00:00Z,2026-07-14T18:00:00+0200,11298.93,MW,FR,FR,actual_solar_generation,Solar,2026-07-30T03:20:47Z
2026-07-30T03:19:56Z,2026-07-30T05:19:56+0200,892469bd-1f88-49dd-9e5e-40938c7b963c,2026-07-14T16:15:00Z,2026-07-14T18:15:00+0200,10213.52,MW,FR,FR,actual_solar_generation,Solar,2026-07-30T03:20:47Z
2026-07-30T03:19:56Z,2026-07-30T05:19:56+0200,892469bd-1f88-49dd-9e5e-40938c7b963c,2026-07-14T16:30:00Z,2026-07-14T18:30:00+0200,9095.81,MW,FR,FR,actual_solar_generation,Solar,2026-07-30T03:20:47Z
2026-07-30T03:19:56Z,2026-07-30T05:19:56+0200,892469bd-1f88-49dd-9e5e-40938c7b963c,2026-07-14T16:45:00Z,2026-07-14T18:45:00+0200,8132.98,MW,FR,FR,actual_solar_generation,Solar,2026-07-30T03:20:47Z
2026-07-30T03:19:56Z,2026-07-30T05:19:56+0200,892469bd-1f88-49dd-9e5e-40938c7b963c,2026-07-14T17:00:00Z,2026-07-14T19:00:00+0200,7030.04,MW,FR,FR,actual_solar_generation,Solar,2026-07-30T03:20:47Z
2026-07-30T03:19:56Z,2026-07-30T05:19:56+0200,892469bd-1f88-49dd-9e5e-40938c7b963c,2026-07-14T17:15:00Z,2026-07-14T19:15:00+0200,5879.68,MW,FR,FR,actual_solar_generation,Solar,2026-07-30T03:20:47Z
2026-07-30T03:19:56Z,2026-07-30T05:19:56+0200,892469bd-1f88-49dd-9e5e-40938c7b963c,2026-07-14T17:30:00Z,2026-07-14T19:30:00+0200,4767.97,MW,FR,FR,actual_solar_generation,Solar,2026-07-30T03:20:47Z
2026-07-30T03:19:56Z,2026-07-30T05:19:56+0200,892469bd-1f88-49dd-9e5e-40938c7b963c,2026-07-14T17:45:00Z,2026-07-14T19:45:00+0200,3788.69,MW,FR,FR,actual_solar_generation,Solar,2026-07-30T03:20:47Z
2026-07-30T03:19:56Z,2026-07-30T05:19:56+0200,892469bd-1f88-49dd-9e5e-40938c7b963c,2026-07-14T18:00:00Z,2026-07-14T20:00:00+0200,2889.95,MW,FR,FR,actual_solar_generation,Solar,2026-07-30T03:20:47Z
2026-07-30T03:19:56Z,2026-07-30T05:19:56+0200,892469bd-1f88-49dd-9e5e-40938c7b963c,2026-07-14T18:15:00Z,2026-07-14T20:15:00+0200,2201.49,MW,FR,FR,actual_solar_generation,Solar,2026-07-30T03:20:47Z
2026-07-30T03:19:56Z,2026-07-30T05:19:56+0200,892469bd-1f88-49dd-9e5e-40938c7b963c,2026-07-14T18:30:00Z,2026-07-14T20:30:00+0200,1620.27,MW,FR,FR,actual_solar_generation,Solar,2026-07-30T03:20:47Z
2026-07-30T03:19:56Z,2026-07-30T05:19:56+0200,892469bd-1f88-49dd-9e5e-40938c7b963c,2026-07-14T18:45:00Z,2026-07-14T20:45:00+0200,1175.75,MW,FR,FR,actual_solar_generation,Solar,2026-07-30T03:20:47Z
2026-07-30T03:19:56Z,2026-07-30T05:19:56+0200,892469bd-1f88-49dd-9e5e-40938c7b963c,2026-07-14T19:00:00Z,2026-07-14T21:00:00+0200,798.71,MW,FR,FR,actual_solar_generation,Solar,2026-07-30T03:20:47Z
2026-07-30T03:19:56Z,2026-07-30T05:19:56+0200,892469bd-1f88-49dd-9e5e-40938c7b963c,2026-07-14T19:15:00Z,2026-07-14T21:15:00+0200,506.42,MW,FR,FR,actual_solar_generation,Solar,2026-07-30T03:20:47Z
2026-07-30T03:19:56Z,2026-07-30T05:19:56+0200,892469bd-1f88-49dd-9e5e-40938c7b963c,2026-07-14T19:30:00Z,2026-07-14T21:30:00+0200,321.06,MW,FR,FR,actual_solar_generation,Solar,2026-07-30T03:20:47Z
2026-07-30T03:19:56Z,2026-07-30T05:19:56+0200,892469bd-1f88-49dd-9e5e-40938c7b963c,2026-07-14T19:45:00Z,2026-07-14T21:45:00+0200,251.74,MW,FR,FR,actual_solar_generation,Solar,2026-07-30T03:20:47Z
2026-07-30T03:19:56Z,2026-07-30T05:19:56+0200,892469bd-1f88-49dd-9e5e-40938c7b963c,2026-07-14T20:00:00Z,2026-07-14T22:00:00+0200,232.13,MW,FR,FR,actual_solar_generation,Solar,2026-07-30T03:20:47Z
2026-07-30T03:19:56Z,2026-07-30T05:19:56+0200,892469bd-1f88-49dd-9e5e-40938c7b963c,2026-07-14T20:15:00Z,2026-07-14T22:15:00+0200,220.11,MW,FR,FR,actual_solar_generation,Solar,2026-07-30T03:20:47Z
2026-07-30T03:19:56Z,2026-07-30T05:19:56+0200,892469bd-1f88-49dd-9e5e-40938c7b963c,2026-07-14T20:30:00Z,2026-07-14T22:30:00+0200,225.0,MW,FR,FR,actual_solar_generation,Solar,2026-07-30T03:20:47Z
2026-07-30T03:19:56Z,2026-07-30T05:19:56+0200,892469bd-1f88-49dd-9e5e-40938c7b963c,2026-07-14T20:45:00Z,2026-07-14T22:45:00+0200,220.97,MW,FR,FR,actual_solar_generation,Solar,2026-07-30T03:20:47Z
2026-07-30T03:19:56Z,2026-07-30T05:19:56+0200,892469bd-1f88-49dd-9e5e-40938c7b963c,2026-07-14T21:00:00Z,2026-07-14T23:00:00+0200,226.09,MW,FR,FR,actual_solar_generation,Solar,2026-07-30T03:20:47Z
2026-07-30T03:19:56Z,2026-07-30T05:19:56+0200,892469bd-1f88-49dd-9e5e-40938c7b963c,2026-07-14T21:15:00Z,2026-07-14T23:15:00+0200,226.78,MW,FR,FR,actual_solar_generation,Solar,2026-07-30T03:20:47Z
2026-07-30T03:19:56Z,2026-07-30T05:19:56+0200,892469bd-1f88-49dd-9e5e-40938c7b963c,2026-07-14T21:30:00Z,2026-07-14T23:30:00+0200,225.47,MW,FR,FR,actual_solar_generation,Solar,2026-07-30T03:20:47Z
2026-07-30T03:19:56Z,2026-07-30T05:19:56+0200,892469bd-1f88-49dd-9e5e-40938c7b963c,2026-07-14T21:45:00Z,2026-07-14T23:45:00+0200,225.68,MW,FR,FR,actual_solar_generation,Solar,2026-07-30T03:20:47Z
2026-07-30T03:19:56Z,2026-07-30T05:19:56+0200,892469bd-1f88-49dd-9e5e-40938c7b963c,2026-07-14T22:00:00Z,2026-07-15T00:00:00+0200,0.0,MW,FR,FR,actual_solar_generation,Solar,2026-07-30T03:20:47Z
2026-07-30T03:19:56Z,2026-07-30T05:19:56+0200,892469bd-1f88-49dd-9e5e-40938c7b963c,2026-07-14T22:15:00Z,2026-07-15T00:15:00+0200,0.0,MW,FR,FR,actual_solar_generation,Solar,2026-07-30T03:20:47Z
2026-07-30T03:19:56Z,2026-07-30T05:19:56+0200,892469bd-1f88-49dd-9e5e-40938c7b963c,2026-07-14T22:30:00Z,2026-07-15T00:30:00+0200,0.0,MW,FR,FR,actual_solar_generation,Solar,2026-07-30T03:20:47Z
2026-07-30T03:19:56Z,2026-07-30T05:19:56+0200,892469bd-1f88-49dd-9e5e-40938c7b963c,2026-07-14T22:45:00Z,2026-07-15T00:45:00+0200,0.0,MW,FR,FR,actual_solar_generation,Solar,2026-07-30T03:20:47Z
2026-07-30T03:19:56Z,2026-07-30T05:19:56+0200,892469bd-1f88-49dd-9e5e-40938c7b963c,2026-07-14T23:00:00Z,2026-07-15T01:00:00+0200,0.0,MW,FR,FR,actual_solar_generation,Solar,2026-07-30T03:20:47Z
2026-07-30T03:19:56Z,2026-07-30T05:19:56+0200,892469bd-1f88-49dd-9e5e-40938c7b963c,2026-07-14T23:15:00Z,2026-07-15T01:15:00+0200,0.0,MW,FR,FR,actual_solar_generation,Solar,2026-07-30T03:20:47Z
2026-07-30T03:19:56Z,2026-07-30T05:19:56+0200,892469bd-1f88-49dd-9e5e-40938c7b963c,2026-07-14T23:30:00Z,2026-07-15T01:30:00+0200,0.0,MW,FR,FR,actual_solar_generation,Solar,2026-07-30T03:20:47Z
2026-07-30T03:19:56Z,2026-07-30T05:19:56+0200,892469bd-1f88-49dd-9e5e-40938c7b963c,2026-07-14T23:45:00Z,2026-07-15T01:45:00+0200,0.0,MW,FR,FR,actual_solar_generation,Solar,2026-07-30T03:20:47Z
2026-07-30T03:19:56Z,2026-07-30T05:19:56+0200,892469bd-1f88-49dd-9e5e-40938c7b963c,2026-07-15T00:00:00Z,2026-07-15T02:00:00+0200,0.0,MW,FR,FR,actual_solar_generation,Solar,2026-07-30T03:20:47Z
2026-07-30T03:19:56Z,2026-07-30T05:19:56+0200,892469bd-1f88-49dd-9e5e-40938c7b963c,2026-07-15T00:15:00Z,2026-07-15T02:15:00+0200,0.0,MW,FR,FR,actual_solar_generation,Solar,2026-07-30T03:20:47Z
2026-07-30T03:19:56Z,2026-07-30T05:19:56+0200,892469bd-1f88-49dd-9e5e-40938c7b963c,2026-07-15T00:30:00Z,2026-07-15T02:30:00+0200,0.0,MW,FR,FR,actual_solar_generation,Solar,2026-07-30T03:20:47Z
2026-07-30T03:19:56Z,2026-07-30T05:19:56+0200,892469bd-1f88-49dd-9e5e-40938c7b963c,2026-07-15T00:45:00Z,2026-07-15T02:45:00+0200,0.0,MW,FR,FR,actual_solar_generation,Solar,2026-07-30T03:20:47Z
2026-07-30T03:19:56Z,2026-07-30T05:19:56+0200,892469bd-1f88-49dd-9e5e-40938c7b963c,2026-07-15T01:00:00Z,2026-07-15T03:00:00+0200,0.0,MW,FR,FR,actual_solar_generation,Solar,2026-07-30T03:20:47Z
2026-07-30T03:19:56Z,2026-07-30T05:19:56+0200,892469bd-1f88-49dd-9e5e-40938c7b963c,2026-07-15T01:15:00Z,2026-07-15T03:15:00+0200,0.0,MW,FR,FR,actual_solar_generation,Solar,2026-07-30T03:20:47Z
2026-07-30T03:19:56Z,2026-07-30T05:19:56+0200,892469bd-1f88-49dd-9e5e-40938c7b963c,2026-07-15T01:30:00Z,2026-07-15T03:30:00+0200,0.0,MW,FR,FR,actual_solar_generation,Solar,2026-07-30T03:20:47Z
2026-07-30T03:19:56Z,2026-07-30T05:19:56+0200,892469bd-1f88-49dd-9e5e-40938c7b963c,2026-07-15T01:45:00Z,2026-07-15T03:45:00+0200,0.0,MW,FR,FR,actual_solar_generation,Solar,2026-07-30T03:20:47Z
2026-07-30T03:19:56Z,2026-07-30T05:19:56+0200,892469bd-1f88-49dd-9e5e-40938c7b963c,2026-07-15T02:00:00Z,2026-07-15T04:00:00+0200,0.0,MW,FR,FR,actual_solar_generation,Solar,2026-07-30T03:20:47Z
2026-07-30T03:19:56Z,2026-07-30T05:19:56+0200,892469bd-1f88-49dd-9e5e-40938c7b963c,2026-07-15T02:15:00Z,2026-07-15T04:15:00+0200,0.0,MW,FR,FR,actual_solar_generation,Solar,2026-07-30T03:20:47Z
2026-07-30T03:19:56Z,2026-07-30T05:19:56+0200,892469bd-1f88-49dd-9e5e-40938c7b963c,2026-07-15T02:30:00Z,2026-07-15T04:30:00+0200,0.0,MW,FR,FR,actual_solar_generation,Solar,2026-07-30T03:20:47Z
2026-07-30T03:19:56Z,2026-07-30T05:19:56+0200,892469bd-1f88-49dd-9e5e-40938c7b963c,2026-07-15T02:45:00Z,2026-07-15T04:45:00+0200,0.0,MW,FR,FR,actual_solar_generation,Solar,2026-07-30T03:20:47Z
2026-07-30T03:19:56Z,2026-07-30T05:19:56+0200,892469bd-1f88-49dd-9e5e-40938c7b963c,2026-07-15T03:00:00Z,2026-07-15T05:00:00+0200,194.62,MW,FR,FR,actual_solar_generation,Solar,2026-07-30T03:20:47Z
2026-07-30T03:19:56Z,2026-07-30T05:19:56+0200,892469bd-1f88-49dd-9e5e-40938c7b963c,2026-07-15T03:15:00Z,2026-07-15T05:15:00+0200,193.79,MW,FR,FR,actual_solar_generation,Solar,2026-07-30T03:20:47Z
2026-07-30T03:19:56Z,2026-07-30T05:19:56+0200,892469bd-1f88-49dd-9e5e-40938c7b963c,2026-07-15T03:30:00Z,2026-07-15T05:30:00+0200,195.14,MW,FR,FR,actual_solar_generation,Solar,2026-07-30T03:20:47Z
2026-07-30T03:19:56Z,2026-07-30T05:19:56+0200,892469bd-1f88-49dd-9e5e-40938c7b963c,2026-07-15T03:45:00Z,2026-07-15T05:45:00+0200,205.64,MW,FR,FR,actual_solar_generation,Solar,2026-07-30T03:20:47Z
2026-07-30T03:19:56Z,2026-07-30T05:19:56+0200,892469bd-1f88-49dd-9e5e-40938c7b963c,2026-07-15T04:00:00Z,2026-07-15T06:00:00+0200,248.29,MW,FR,FR,actual_solar_generation,Solar,2026-07-30T03:20:47Z
2026-07-30T03:19:56Z,2026-07-30T05:19:56+0200,892469bd-1f88-49dd-9e5e-40938c7b963c,2026-07-15T04:15:00Z,2026-07-15T06:15:00+0200,312.87,MW,FR,FR,actual_solar_generation,Solar,2026-07-30T03:20:47Z
2026-07-30T03:19:56Z,2026-07-30T05:19:56+0200,892469bd-1f88-49dd-9e5e-40938c7b963c,2026-07-15T04:30:00Z,2026-07-15T06:30:00+0200,413.44,MW,FR,FR,actual_solar_generation,Solar,2026-07-30T03:20:47Z
2026-07-30T03:19:56Z,2026-07-30T05:19:56+0200,892469bd-1f88-49dd-9e5e-40938c7b963c,2026-07-15T04:45:00Z,2026-07-15T06:45:00+0200,579.82,MW,FR,FR,actual_solar_generation,Solar,2026-07-30T03:20:47Z
2026-07-30T03:19:56Z,2026-07-30T05:19:56+0200,892469bd-1f88-49dd-9e5e-40938c7b963c,2026-07-15T05:00:00Z,2026-07-15T07:00:00+0200,833.71,MW,FR,FR,actual_solar_generation,Solar,2026-07-30T03:20:47Z
2026-07-30T03:19:56Z,2026-07-30T05:19:56+0200,892469bd-1f88-49dd-9e5e-40938c7b963c,2026-07-15T05:15:00Z,2026-07-15T07:15:00+0200,1186.75,MW,FR,FR,actual_solar_generation,Solar,2026-07-30T03:20:47Z
2026-07-30T03:19:56Z,2026-07-30T05:19:56+0200,892469bd-1f88-49dd-9e5e-40938c7b963c,2026-07-15T05:30:00Z,2026-07-15T07:30:00+0200,1643.28,MW,FR,FR,actual_solar_generation,Solar,2026-07-30T03:20:47Z
2026-07-30T03:19:56Z,2026-07-30T05:19:56+0200,892469bd-1f88-49dd-9e5e-40938c7b963c,2026-07-15T05:45:00Z,2026-07-15T07:45:00+0200,2253.82,MW,FR,FR,actual_solar_generation,Solar,2026-07-30T03:20:47Z
2026-07-30T03:19:56Z,2026-07-30T05:19:56+0200,892469bd-1f88-49dd-9e5e-40938c7b963c,2026-07-15T06:00:00Z,2026-07-15T08:00:00+0200,2845.28,MW,FR,FR,actual_solar_generation,Solar,2026-07-30T03:20:47Z
2026-07-30T03:19:56Z,2026-07-30T05:19:56+0200,892469bd-1f88-49dd-9e5e-40938c7b963c,2026-07-15T06:15:00Z,2026-07-15T08:15:00+0200,3545.94,MW,FR,FR,actual_solar_generation,Solar,2026-07-30T03:20:47Z
2026-07-30T03:19:56Z,2026-07-30T05:19:56+0200,892469bd-1f88-49dd-9e5e-40938c7b963c,2026-07-15T06:30:00Z,2026-07-15T08:30:00+0200,4178.15,MW,FR,FR,actual_solar_generation,Solar,2026-07-30T03:20:47Z
2026-07-30T03:19:56Z,2026-07-30T05:19:56+0200,892469bd-1f88-49dd-9e5e-40938c7b963c,2026-07-15T06:45:00Z,2026-07-15T08:45:00+0200,5087.61,MW,FR,FR,actual_solar_generation,Solar,2026-07-30T03:20:47Z
2026-07-30T03:19:56Z,2026-07-30T05:19:56+0200,892469bd-1f88-49dd-9e5e-40938c7b963c,2026-07-15T07:00:00Z,2026-07-15T09:00:00+0200,5808.49,MW,FR,FR,actual_solar_generation,Solar,2026-07-30T03:20:47Z
2026-07-30T03:19:56Z,2026-07-30T05:19:56+0200,892469bd-1f88-49dd-9e5e-40938c7b963c,2026-07-15T07:15:00Z,2026-07-15T09:15:00+0200,6769.17,MW,FR,FR,actual_solar_generation,Solar,2026-07-30T03:20:47Z
2026-07-30T03:19:56Z,2026-07-30T05:19:56+0200,892469bd-1f88-49dd-9e5e-40938c7b963c,2026-07-15T07:30:00Z,2026-07-15T09:30:00+0200,7770.24,MW,FR,FR,actual_solar_generation,Solar,2026-07-30T03:20:47Z
2026-07-30T03:19:56Z,2026-07-30T05:19:56+0200,892469bd-1f88-49dd-9e5e-40938c7b963c,2026-07-15T07:45:00Z,2026-07-15T09:45:00+0200,8578.79,MW,FR,FR,actual_solar_generation,Solar,2026-07-30T03:20:47Z
2026-07-30T03:19:56Z,2026-07-30T05:19:56+0200,892469bd-1f88-49dd-9e5e-40938c7b963c,2026-07-15T08:00:00Z,2026-07-15T10:00:00+0200,9477.94,MW,FR,FR,actual_solar_generation,Solar,2026-07-30T03:20:47Z
2026-07-30T03:19:56Z,2026-07-30T05:19:56+0200,892469bd-1f88-49dd-9e5e-40938c7b963c,2026-07-15T08:15:00Z,2026-07-15T10:15:00+0200,10333.98,MW,FR,FR,actual_solar_generation,Solar,2026-07-30T03:20:47Z
2026-07-30T03:19:56Z,2026-07-30T05:19:56+0200,892469bd-1f88-49dd-9e5e-40938c7b963c,2026-07-15T08:30:00Z,2026-07-15T10:30:00+0200,11253.87,MW,FR,FR,actual_solar_generation,Solar,2026-07-30T03:20:47Z
2026-07-30T03:19:56Z,2026-07-30T05:19:56+0200,892469bd-1f88-49dd-9e5e-40938c7b963c,2026-07-15T08:45:00Z,2026-07-15T10:45:00+0200,11801.44,MW,FR,FR,actual_solar_generation,Solar,2026-07-30T03:20:47Z
2026-07-30T03:19:56Z,2026-07-30T05:19:56+0200,892469bd-1f88-49dd-9e5e-40938c7b963c,2026-07-15T09:00:00Z,2026-07-15T11:00:00+0200,12548.2,MW,FR,FR,actual_solar_generation,Solar,2026-07-30T03:20:47Z
2026-07-30T03:19:56Z,2026-07-30T05:19:56+0200,892469bd-1f88-49dd-9e5e-40938c7b963c,2026-07-15T09:15:00Z,2026-07-15T11:15:00+0200,13230.47,MW,FR,FR,actual_solar_generation,Solar,2026-07-30T03:20:47Z
2026-07-30T03:19:56Z,2026-07-30T05:19:56+0200,892469bd-1f88-49dd-9e5e-40938c7b963c,2026-07-15T09:30:00Z,2026-07-15T11:30:00+0200,14061.1,MW,FR,FR,actual_solar_generation,Solar,2026-07-30T03:20:47Z
2026-07-30T03:19:56Z,2026-07-30T05:19:56+0200,892469bd-1f88-49dd-9e5e-40938c7b963c,2026-07-15T09:45:00Z,2026-07-15T11:45:00+0200,14254.25,MW,FR,FR,actual_solar_generation,Solar,2026-07-30T03:20:47Z
2026-07-30T03:19:56Z,2026-07-30T05:19:56+0200,892469bd-1f88-49dd-9e5e-40938c7b963c,2026-07-15T10:00:00Z,2026-07-15T12:00:00+0200,14899.91,MW,FR,FR,actual_solar_generation,Solar,2026-07-30T03:20:47Z
2026-07-30T03:19:56Z,2026-07-30T05:19:56+0200,892469bd-1f88-49dd-9e5e-40938c7b963c,2026-07-15T10:15:00Z,2026-07-15T12:15:00+0200,15235.61,MW,FR,FR,actual_solar_generation,Solar,2026-07-30T03:20:47Z
2026-07-30T03:19:56Z,2026-07-30T05:19:56+0200,892469bd-1f88-49dd-9e5e-40938c7b963c,2026-07-15T10:30:00Z,2026-07-15T12:30:00+0200,15765.45,MW,FR,FR,actual_solar_generation,Solar,2026-07-30T03:20:47Z
2026-07-30T03:19:56Z,2026-07-30T05:19:56+0200,892469bd-1f88-49dd-9e5e-40938c7b963c,2026-07-15T10:45:00Z,2026-07-15T12:45:00+0200,15956.23,MW,FR,FR,actual_solar_generation,Solar,2026-07-30T03:20:47Z
2026-07-30T03:19:56Z,2026-07-30T05:19:56+0200,892469bd-1f88-49dd-9e5e-40938c7b963c,2026-07-15T11:00:00Z,2026-07-15T13:00:00+0200,16336.73,MW,FR,FR,actual_solar_generation,Solar,2026-07-30T03:20:47Z
2026-07-30T03:19:56Z,2026-07-30T05:19:56+0200,892469bd-1f88-49dd-9e5e-40938c7b963c,2026-07-15T11:15:00Z,2026-07-15T13:15:00+0200,16832.13,MW,FR,FR,actual_solar_generation,Solar,2026-07-30T03:20:47Z
2026-07-30T03:19:56Z,2026-07-30T05:19:56+0200,892469bd-1f88-49dd-9e5e-40938c7b963c,2026-07-15T11:30:00Z,2026-07-15T13:30:00+0200,16918.09,MW,FR,FR,actual_solar_generation,Solar,2026-07-30T03:20:47Z
2026-07-30T03:19:56Z,2026-07-30T05:19:56+0200,892469bd-1f88-49dd-9e5e-40938c7b963c,2026-07-15T11:45:00Z,2026-07-15T13:45:00+0200,16856.38,MW,FR,FR,actual_solar_generation,Solar,2026-07-30T03:20:47Z
2026-07-30T03:19:56Z,2026-07-30T05:19:56+0200,892469bd-1f88-49dd-9e5e-40938c7b963c,2026-07-15T12:00:00Z,2026-07-15T14:00:00+0200,16901.53,MW,FR,FR,actual_solar_generation,Solar,2026-07-30T03:20:47Z
2026-07-30T03:19:56Z,2026-07-30T05:19:56+0200,892469bd-1f88-49dd-9e5e-40938c7b963c,2026-07-15T12:15:00Z,2026-07-15T14:15:00+0200,17015.69,MW,FR,FR,actual_solar_generation,Solar,2026-07-30T03:20:47Z
2026-07-30T03:19:56Z,2026-07-30T05:19:56+0200,892469bd-1f88-49dd-9e5e-40938c7b963c,2026-07-15T12:30:00Z,2026-07-15T14:30:00+0200,17208.25,MW,FR,FR,actual_solar_generation,Solar,2026-07-30T03:20:47Z
2026-07-30T03:19:56Z,2026-07-30T05:19:56+0200,892469bd-1f88-49dd-9e5e-40938c7b963c,2026-07-15T12:45:00Z,2026-07-15T14:45:00+0200,17071.49,MW,FR,FR,actual_solar_generation,Solar,2026-07-30T03:20:47Z
2026-07-30T03:19:56Z,2026-07-30T05:19:56+0200,892469bd-1f88-49dd-9e5e-40938c7b963c,2026-07-15T13:00:00Z,2026-07-15T15:00:00+0200,16627.18,MW,FR,FR,actual_solar_generation,Solar,2026-07-30T03:20:47Z
2026-07-30T03:19:56Z,2026-07-30T05:19:56+0200,892469bd-1f88-49dd-9e5e-40938c7b963c,2026-07-15T13:15:00Z,2026-07-15T15:15:00+0200,16653.84,MW,FR,FR,actual_solar_generation,Solar,2026-07-30T03:20:47Z
2026-07-30T03:19:56Z,2026-07-30T05:19:56+0200,892469bd-1f88-49dd-9e5e-40938c7b963c,2026-07-15T13:30:00Z,2026-07-15T15:30:00+0200,16363.52,MW,FR,FR,actual_solar_generation,Solar,2026-07-30T03:20:47Z
2026-07-30T03:19:56Z,2026-07-30T05:19:56+0200,892469bd-1f88-49dd-9e5e-40938c7b963c,2026-07-15T13:45:00Z,2026-07-15T15:45:00+0200,15933.07,MW,FR,FR,actual_solar_generation,Solar,2026-07-30T03:20:47Z
2026-07-30T03:19:56Z,2026-07-30T05:19:56+0200,892469bd-1f88-49dd-9e5e-40938c7b963c,2026-07-15T14:00:00Z,2026-07-15T16:00:00+0200,15497.7,MW,FR,FR,actual_solar_generation,Solar,2026-07-30T03:20:47Z
2026-07-30T03:19:56Z,2026-07-30T05:19:56+0200,892469bd-1f88-49dd-9e5e-40938c7b963c,2026-07-15T14:15:00Z,2026-07-15T16:15:00+0200,15153.68,MW,FR,FR,actual_solar_generation,Solar,2026-07-30T03:20:47Z
2026-07-30T03:19:56Z,2026-07-30T05:19:56+0200,892469bd-1f88-49dd-9e5e-40938c7b963c,2026-07-15T14:30:00Z,2026-07-15T16:30:00+0200,14516.84,MW,FR,FR,actual_solar_generation,Solar,2026-07-30T03:20:47Z
2026-07-30T03:19:56Z,2026-07-30T05:19:56+0200,892469bd-1f88-49dd-9e5e-40938c7b963c,2026-07-15T14:45:00Z,2026-07-15T16:45:00+0200,13736.2,MW,FR,FR,actual_solar_generation,Solar,2026-07-30T03:20:47Z
2026-07-30T03:19:56Z,2026-07-30T05:19:56+0200,892469bd-1f88-49dd-9e5e-40938c7b963c,2026-07-15T15:00:00Z,2026-07-15T17:00:00+0200,12926.76,MW,FR,FR,actual_solar_generation,Solar,2026-07-30T03:20:47Z
2026-07-30T03:19:56Z,2026-07-30T05:19:56+0200,892469bd-1f88-49dd-9e5e-40938c7b963c,2026-07-15T15:15:00Z,2026-07-15T17:15:00+0200,12204.62,MW,FR,FR,actual_solar_generation,Solar,2026-07-30T03:20:47Z
2026-07-30T03:19:56Z,2026-07-30T05:19:56+0200,892469bd-1f88-49dd-9e5e-40938c7b963c,2026-07-15T15:30:00Z,2026-07-15T17:30:00+0200,11539.67,MW,FR,FR,actual_solar_generation,Solar,2026-07-30T03:20:47Z
2026-07-30T03:19:56Z,2026-07-30T05:19:56+0200,892469bd-1f88-49dd-9e5e-40938c7b963c,2026-07-15T15:45:00Z,2026-07-15T17:45:00+0200,10784.61,MW,FR,FR,actual_solar_generation,Solar,2026-07-30T03:20:47Z
2026-07-30T03:19:56Z,2026-07-30T05:19:56+0200,892469bd-1f88-49dd-9e5e-40938c7b963c,2026-07-15T16:00:00Z,2026-07-15T18:00:00+0200,9957.44,MW,FR,FR,actual_solar_generation,Solar,2026-07-30T03:20:47Z
2026-07-30T03:19:56Z,2026-07-30T05:19:56+0200,892469bd-1f88-49dd-9e5e-40938c7b963c,2026-07-15T16:15:00Z,2026-07-15T18:15:00+0200,9045.62,MW,FR,FR,actual_solar_generation,Solar,2026-07-30T03:20:47Z
2026-07-30T03:19:56Z,2026-07-30T05:19:56+0200,892469bd-1f88-49dd-9e5e-40938c7b963c,2026-07-15T16:30:00Z,2026-07-15T18:30:00+0200,8103.78,MW,FR,FR,actual_solar_generation,Solar,2026-07-30T03:20:47Z
2026-07-30T03:19:56Z,2026-07-30T05:19:56+0200,892469bd-1f88-49dd-9e5e-40938c7b963c,2026-07-15T16:45:00Z,2026-07-15T18:45:00+0200,7124.24,MW,FR,FR,actual_solar_generation,Solar,2026-07-30T03:20:47Z
2026-07-30T03:19:56Z,2026-07-30T05:19:56+0200,892469bd-1f88-49dd-9e5e-40938c7b963c,2026-07-15T17:00:00Z,2026-07-15T19:00:00+0200,6212.55,MW,FR,FR,actual_solar_generation,Solar,2026-07-30T03:20:47Z
2026-07-30T03:19:56Z,2026-07-30T05:19:56+0200,892469bd-1f88-49dd-9e5e-40938c7b963c,2026-07-15T17:15:00Z,2026-07-15T19:15:00+0200,5304.0,MW,FR,FR,actual_solar_generation,Solar,2026-07-30T03:20:47Z
2026-07-30T03:19:56Z,2026-07-30T05:19:56+0200,892469bd-1f88-49dd-9e5e-40938c7b963c,2026-07-15T17:30:00Z,2026-07-15T19:30:00+0200,4315.87,MW,FR,FR,actual_solar_generation,Solar,2026-07-30T03:20:47Z
2026-07-30T03:19:56Z,2026-07-30T05:19:56+0200,892469bd-1f88-49dd-9e5e-40938c7b963c,2026-07-15T17:45:00Z,2026-07-15T19:45:00+0200,3482.58,MW,FR,FR,actual_solar_generation,Solar,2026-07-30T03:20:47Z
2026-07-30T03:19:56Z,2026-07-30T05:19:56+0200,892469bd-1f88-49dd-9e5e-40938c7b963c,2026-07-15T18:00:00Z,2026-07-15T20:00:00+0200,2658.87,MW,FR,FR,actual_solar_generation,Solar,2026-07-30T03:20:47Z
2026-07-30T03:19:56Z,2026-07-30T05:19:56+0200,892469bd-1f88-49dd-9e5e-40938c7b963c,2026-07-15T18:15:00Z,2026-07-15T20:15:00+0200,2013.95,MW,FR,FR,actual_solar_generation,Solar,2026-07-30T03:20:47Z
2026-07-30T03:19:56Z,2026-07-30T05:19:56+0200,892469bd-1f88-49dd-9e5e-40938c7b963c,2026-07-15T18:30:00Z,2026-07-15T20:30:00+0200,1481.35,MW,FR,FR,actual_solar_generation,Solar,2026-07-30T03:20:47Z
2026-07-30T03:19:56Z,2026-07-30T05:19:56+0200,892469bd-1f88-49dd-9e5e-40938c7b963c,2026-07-15T18:45:00Z,2026-07-15T20:45:00+0200,1052.69,MW,FR,FR,actual_solar_generation,Solar,2026-07-30T03:20:47Z
2026-07-30T03:19:56Z,2026-07-30T05:19:56+0200,892469bd-1f88-49dd-9e5e-40938c7b963c,2026-07-15T19:00:00Z,2026-07-15T21:00:00+0200,714.15,MW,FR,FR,actual_solar_generation,Solar,2026-07-30T03:20:47Z
2026-07-30T03:19:56Z,2026-07-30T05:19:56+0200,892469bd-1f88-49dd-9e5e-40938c7b963c,2026-07-15T19:15:00Z,2026-07-15T21:15:00+0200,460.28,MW,FR,FR,actual_solar_generation,Solar,2026-07-30T03:20:47Z
2026-07-30T03:19:56Z,2026-07-30T05:19:56+0200,892469bd-1f88-49dd-9e5e-40938c7b963c,2026-07-15T19:30:00Z,2026-07-15T21:30:00+0200,282.59,MW,FR,FR,actual_solar_generation,Solar,2026-07-30T03:20:47Z
2026-07-30T03:19:56Z,2026-07-30T05:19:56+0200,892469bd-1f88-49dd-9e5e-40938c7b963c,2026-07-15T19:45:00Z,2026-07-15T21:45:00+0200,219.12,MW,FR,FR,actual_solar_generation,Solar,2026-07-30T03:20:47Z
2026-07-30T03:19:56Z,2026-07-30T05:19:56+0200,892469bd-1f88-49dd-9e5e-40938c7b963c,2026-07-15T20:00:00Z,2026-07-15T22:00:00+0200,197.84,MW,FR,FR,actual_solar_generation,Solar,2026-07-30T03:20:47Z
2026-07-30T03:19:56Z,2026-07-30T05:19:56+0200,892469bd-1f88-49dd-9e5e-40938c7b963c,2026-07-15T20:15:00Z,2026-07-15T22:15:00+0200,194.7,MW,FR,FR,actual_solar_generation,Solar,2026-07-30T03:20:47Z
2026-07-30T03:19:56Z,2026-07-30T05:19:56+0200,892469bd-1f88-49dd-9e5e-40938c7b963c,2026-07-15T20:30:00Z,2026-07-15T22:30:00+0200,182.89,MW,FR,FR,actual_solar_generation,Solar,2026-07-30T03:20:47Z
2026-07-30T03:19:56Z,2026-07-30T05:19:56+0200,892469bd-1f88-49dd-9e5e-40938c7b963c,2026-07-15T20:45:00Z,2026-07-15T22:45:00+0200,198.64,MW,FR,FR,actual_solar_generation,Solar,2026-07-30T03:20:47Z
2026-07-30T03:19:56Z,2026-07-30T05:19:56+0200,892469bd-1f88-49dd-9e5e-40938c7b963c,2026-07-15T21:00:00Z,2026-07-15T23:00:00+0200,195.2,MW,FR,FR,actual_solar_generation,Solar,2026-07-30T03:20:47Z
2026-07-30T03:19:56Z,2026-07-30T05:19:56+0200,892469bd-1f88-49dd-9e5e-40938c7b963c,2026-07-15T21:15:00Z,2026-07-15T23:15:00+0200,191.1,MW,FR,FR,actual_solar_generation,Solar,2026-07-30T03:20:47Z
2026-07-30T03:19:56Z,2026-07-30T05:19:56+0200,892469bd-1f88-49dd-9e5e-40938c7b963c,2026-07-15T21:30:00Z,2026-07-15T23:30:00+0200,189.25,MW,FR,FR,actual_solar_generation,Solar,2026-07-30T03:20:47Z
2026-07-30T03:19:56Z,2026-07-30T05:19:56+0200,892469bd-1f88-49dd-9e5e-40938c7b963c,2026-07-15T21:45:00Z,2026-07-15T23:45:00+0200,191.61,MW,FR,FR,actual_solar_generation,Solar,2026-07-30T03:20:47Z
2026-07-30T03:19:56Z,2026-07-30T05:19:56+0200,892469bd-1f88-49dd-9e5e-40938c7b963c,2026-07-15T22:00:00Z,2026-07-16T00:00:00+0200,0.0,MW,FR,FR,actual_solar_generation,Solar,2026-07-30T03:20:47Z
2026-07-30T03:19:56Z,2026-07-30T05:19:56+0200,892469bd-1f88-49dd-9e5e-40938c7b963c,2026-07-15T22:15:00Z,2026-07-16T00:15:00+0200,0.0,MW,FR,FR,actual_solar_generation,Solar,2026-07-30T03:20:47Z
2026-07-30T03:19:56Z,2026-07-30T05:19:56+0200,892469bd-1f88-49dd-9e5e-40938c7b963c,2026-07-15T22:30:00Z,2026-07-16T00:30:00+0200,0.0,MW,FR,FR,actual_solar_generation,Solar,2026-07-30T03:20:47Z
2026-07-30T03:19:56Z,2026-07-30T05:19:56+0200,892469bd-1f88-49dd-9e5e-40938c7b963c,2026-07-15T22:45:00Z,2026-07-16T00:45:00+0200,0.0,MW,FR,FR,actual_solar_generation,Solar,2026-07-30T03:20:47Z
2026-07-30T03:19:56Z,2026-07-30T05:19:56+0200,892469bd-1f88-49dd-9e5e-40938c7b963c,2026-07-15T23:00:00Z,2026-07-16T01:00:00+0200,0.0,MW,FR,FR,actual_solar_generation,Solar,2026-07-30T03:20:47Z
2026-07-30T03:19:56Z,2026-07-30T05:19:56+0200,892469bd-1f88-49dd-9e5e-40938c7b963c,2026-07-15T23:15:00Z,2026-07-16T01:15:00+0200,0.0,MW,FR,FR,actual_solar_generation,Solar,2026-07-30T03:20:47Z
2026-07-30T03:19:56Z,2026-07-30T05:19:56+0200,892469bd-1f88-49dd-9e5e-40938c7b963c,2026-07-15T23:30:00Z,2026-07-16T01:30:00+0200,0.0,MW,FR,FR,actual_solar_generation,Solar,2026-07-30T03:20:47Z
2026-07-30T03:19:56Z,2026-07-30T05:19:56+0200,892469bd-1f88-49dd-9e5e-40938c7b963c,2026-07-15T23:45:00Z,2026-07-16T01:45:00+0200,0.0,MW,FR,FR,actual_solar_generation,Solar,2026-07-30T03:20:47Z
2026-07-30T03:19:56Z,2026-07-30T05:19:56+0200,892469bd-1f88-49dd-9e5e-40938c7b963c,2026-07-16T00:00:00Z,2026-07-16T02:00:00+0200,0.0,MW,FR,FR,actual_solar_generation,Solar,2026-07-30T03:20:47Z
2026-07-30T03:19:56Z,2026-07-30T05:19:56+0200,892469bd-1f88-49dd-9e5e-40938c7b963c,2026-07-16T00:15:00Z,2026-07-16T02:15:00+0200,0.0,MW,FR,FR,actual_solar_generation,Solar,2026-07-30T03:20:47Z
2026-07-30T03:19:56Z,2026-07-30T05:19:56+0200,892469bd-1f88-49dd-9e5e-40938c7b963c,2026-07-16T00:30:00Z,2026-07-16T02:30:00+0200,0.0,MW,FR,FR,actual_solar_generation,Solar,2026-07-30T03:20:47Z
2026-07-30T03:19:56Z,2026-07-30T05:19:56+0200,892469bd-1f88-49dd-9e5e-40938c7b963c,2026-07-16T00:45:00Z,2026-07-16T02:45:00+0200,0.0,MW,FR,FR,actual_solar_generation,Solar,2026-07-30T03:20:47Z
2026-07-30T03:19:56Z,2026-07-30T05:19:56+0200,892469bd-1f88-49dd-9e5e-40938c7b963c,2026-07-16T01:00:00Z,2026-07-16T03:00:00+0200,0.0,MW,FR,FR,actual_solar_generation,Solar,2026-07-30T03:20:47Z
2026-07-30T03:19:56Z,2026-07-30T05:19:56+0200,892469bd-1f88-49dd-9e5e-40938c7b963c,2026-07-16T01:15:00Z,2026-07-16T03:15:00+0200,0.0,MW,FR,FR,actual_solar_generation,Solar,2026-07-30T03:20:47Z
2026-07-30T03:19:56Z,2026-07-30T05:19:56+0200,892469bd-1f88-49dd-9e5e-40938c7b963c,2026-07-16T01:30:00Z,2026-07-16T03:30:00+0200,0.0,MW,FR,FR,actual_solar_generation,Solar,2026-07-30T03:20:47Z
2026-07-30T03:19:56Z,2026-07-30T05:19:56+0200,892469bd-1f88-49dd-9e5e-40938c7b963c,2026-07-16T01:45:00Z,2026-07-16T03:45:00+0200,0.0,MW,FR,FR,actual_solar_generation,Solar,2026-07-30T03:20:47Z
2026-07-30T03:19:56Z,2026-07-30T05:19:56+0200,892469bd-1f88-49dd-9e5e-40938c7b963c,2026-07-16T02:00:00Z,2026-07-16T04:00:00+0200,0.0,MW,FR,FR,actual_solar_generation,Solar,2026-07-30T03:20:47Z
2026-07-30T03:19:56Z,2026-07-30T05:19:56+0200,892469bd-1f88-49dd-9e5e-40938c7b963c,2026-07-16T02:15:00Z,2026-07-16T04:15:00+0200,0.0,MW,FR,FR,actual_solar_generation,Solar,2026-07-30T03:20:47Z
2026-07-30T03:19:56Z,2026-07-30T05:19:56+0200,892469bd-1f88-49dd-9e5e-40938c7b963c,2026-07-16T02:30:00Z,2026-07-16T04:30:00+0200,0.0,MW,FR,FR,actual_solar_generation,Solar,2026-07-30T03:20:47Z
2026-07-30T03:19:56Z,2026-07-30T05:19:56+0200,892469bd-1f88-49dd-9e5e-40938c7b963c,2026-07-16T02:45:00Z,2026-07-16T04:45:00+0200,0.0,MW,FR,FR,actual_solar_generation,Solar,2026-07-30T03:20:47Z
2026-07-30T03:19:56Z,2026-07-30T05:19:56+0200,892469bd-1f88-49dd-9e5e-40938c7b963c,2026-07-16T03:00:00Z,2026-07-16T05:00:00+0200,179.08,MW,FR,FR,actual_solar_generation,Solar,2026-07-30T03:20:47Z
2026-07-30T03:19:56Z,2026-07-30T05:19:56+0200,892469bd-1f88-49dd-9e5e-40938c7b963c,2026-07-16T03:15:00Z,2026-07-16T05:15:00+0200,179.14,MW,FR,FR,actual_solar_generation,Solar,2026-07-30T03:20:47Z
2026-07-30T03:19:56Z,2026-07-30T05:19:56+0200,892469bd-1f88-49dd-9e5e-40938c7b963c,2026-07-16T03:30:00Z,2026-07-16T05:30:00+0200,179.85,MW,FR,FR,actual_solar_generation,Solar,2026-07-30T03:20:47Z
2026-07-30T03:19:56Z,2026-07-30T05:19:56+0200,892469bd-1f88-49dd-9e5e-40938c7b963c,2026-07-16T03:45:00Z,2026-07-16T05:45:00+0200,189.3,MW,FR,FR,actual_solar_generation,Solar,2026-07-30T03:20:47Z
2026-07-30T03:19:56Z,2026-07-30T05:19:56+0200,892469bd-1f88-49dd-9e5e-40938c7b963c,2026-07-16T04:00:00Z,2026-07-16T06:00:00+0200,228.03,MW,FR,FR,actual_solar_generation,Solar,2026-07-30T03:20:47Z
2026-07-30T03:19:56Z,2026-07-30T05:19:56+0200,892469bd-1f88-49dd-9e5e-40938c7b963c,2026-07-16T04:15:00Z,2026-07-16T06:15:00+0200,301.95,MW,FR,FR,actual_solar_generation,Solar,2026-07-30T03:20:47Z
2026-07-30T03:19:56Z,2026-07-30T05:19:56+0200,892469bd-1f88-49dd-9e5e-40938c7b963c,2026-07-16T04:30:00Z,2026-07-16T06:30:00+0200,398.48,MW,FR,FR,actual_solar_generation,Solar,2026-07-30T03:20:47Z
2026-07-30T03:19:56Z,2026-07-30T05:19:56+0200,892469bd-1f88-49dd-9e5e-40938c7b963c,2026-07-16T04:45:00Z,2026-07-16T06:45:00+0200,605.87,MW,FR,FR,actual_solar_generation,Solar,2026-07-30T03:20:47Z
2026-07-30T03:19:56Z,2026-07-30T05:19:56+0200,892469bd-1f88-49dd-9e5e-40938c7b963c,2026-07-16T05:00:00Z,2026-07-16T07:00:00+0200,905.21,MW,FR,FR,actual_solar_generation,Solar,2026-07-30T03:20:47Z
2026-07-30T03:19:56Z,2026-07-30T05:19:56+0200,892469bd-1f88-49dd-9e5e-40938c7b963c,2026-07-16T05:15:00Z,2026-07-16T07:15:00+0200,1298.38,MW,FR,FR,actual_solar_generation,Solar,2026-07-30T03:20:47Z
2026-07-30T03:19:56Z,2026-07-30T05:19:56+0200,892469bd-1f88-49dd-9e5e-40938c7b963c,2026-07-16T05:30:00Z,2026-07-16T07:30:00+0200,1855.76,MW,FR,FR,actual_solar_generation,Solar,2026-07-30T03:20:47Z
2026-07-30T03:19:56Z,2026-07-30T05:19:56+0200,892469bd-1f88-49dd-9e5e-40938c7b963c,2026-07-16T05:45:00Z,2026-07-16T07:45:00+0200,2510.55,MW,FR,FR,actual_solar_generation,Solar,2026-07-30T03:20:47Z
2026-07-30T03:19:56Z,2026-07-30T05:19:56+0200,892469bd-1f88-49dd-9e5e-40938c7b963c,2026-07-16T06:00:00Z,2026-07-16T08:00:00+0200,3205.38,MW,FR,FR,actual_solar_generation,Solar,2026-07-30T03:20:47Z
2026-07-30T03:19:56Z,2026-07-30T05:19:56+0200,892469bd-1f88-49dd-9e5e-40938c7b963c,2026-07-16T06:15:00Z,2026-07-16T08:15:00+0200,3980.94,MW,FR,FR,actual_solar_generation,Solar,2026-07-30T03:20:47Z
2026-07-30T03:19:56Z,2026-07-30T05:19:56+0200,892469bd-1f88-49dd-9e5e-40938c7b963c,2026-07-16T06:30:00Z,2026-07-16T08:30:00+0200,4836.75,MW,FR,FR,actual_solar_generation,Solar,2026-07-30T03:20:47Z
2026-07-30T03:19:56Z,2026-07-30T05:19:56+0200,892469bd-1f88-49dd-9e5e-40938c7b963c,2026-07-16T06:45:00Z,2026-07-16T08:45:00+0200,5792.78,MW,FR,FR,actual_solar_generation,Solar,2026-07-30T03:20:47Z
2026-07-30T03:19:56Z,2026-07-30T05:19:56+0200,892469bd-1f88-49dd-9e5e-40938c7b963c,2026-07-16T07:00:00Z,2026-07-16T09:00:00+0200,6598.56,MW,FR,FR,actual_solar_generation,Solar,2026-07-30T03:20:47Z
2026-07-30T03:19:56Z,2026-07-30T05:19:56+0200,892469bd-1f88-49dd-9e5e-40938c7b963c,2026-07-16T07:15:00Z,2026-07-16T09:15:00+0200,7506.01,MW,FR,FR,actual_solar_generation,Solar,2026-07-30T03:20:47Z
2026-07-30T03:19:56Z,2026-07-30T05:19:56+0200,892469bd-1f88-49dd-9e5e-40938c7b963c,2026-07-16T07:30:00Z,2026-07-16T09:30:00+0200,8610.86,MW,FR,FR,actual_solar_generation,Solar,2026-07-30T03:20:47Z
2026-07-30T03:19:56Z,2026-07-30T05:19:56+0200,892469bd-1f88-49dd-9e5e-40938c7b963c,2026-07-16T07:45:00Z,2026-07-16T09:45:00+0200,9490.39,MW,FR,FR,actual_solar_generation,Solar,2026-07-30T03:20:47Z
2026-07-30T03:19:56Z,2026-07-30T05:19:56+0200,892469bd-1f88-49dd-9e5e-40938c7b963c,2026-07-16T08:00:00Z,2026-07-16T10:00:00+0200,10269.63,MW,FR,FR,actual_solar_generation,Solar,2026-07-30T03:20:47Z
2026-07-30T03:19:56Z,2026-07-30T05:19:56+0200,892469bd-1f88-49dd-9e5e-40938c7b963c,2026-07-16T08:15:00Z,2026-07-16T10:15:00+0200,11119.8,MW,FR,FR,actual_solar_generation,Solar,2026-07-30T03:20:47Z
2026-07-30T03:19:56Z,2026-07-30T05:19:56+0200,892469bd-1f88-49dd-9e5e-40938c7b963c,2026-07-16T08:30:00Z,2026-07-16T10:30:00+0200,11817.37,MW,FR,FR,actual_solar_generation,Solar,2026-07-30T03:20:47Z
2026-07-30T03:19:56Z,2026-07-30T05:19:56+0200,892469bd-1f88-49dd-9e5e-40938c7b963c,2026-07-16T08:45:00Z,2026-07-16T10:45:00+0200,12610.76,MW,FR,FR,actual_solar_generation,Solar,2026-07-30T03:20:47Z
2026-07-30T03:19:56Z,2026-07-30T05:19:56+0200,892469bd-1f88-49dd-9e5e-40938c7b963c,2026-07-16T09:00:00Z,2026-07-16T11:00:00+0200,13388.41,MW,FR,FR,actual_solar_generation,Solar,2026-07-30T03:20:47Z
2026-07-30T03:19:56Z,2026-07-30T05:19:56+0200,892469bd-1f88-49dd-9e5e-40938c7b963c,2026-07-16T09:15:00Z,2026-07-16T11:15:00+0200,13803.67,MW,FR,FR,actual_solar_generation,Solar,2026-07-30T03:20:47Z
2026-07-30T03:19:56Z,2026-07-30T05:19:56+0200,892469bd-1f88-49dd-9e5e-40938c7b963c,2026-07-16T09:30:00Z,2026-07-16T11:30:00+0200,14316.26,MW,FR,FR,actual_solar_generation,Solar,2026-07-30T03:20:47Z
2026-07-30T03:19:56Z,2026-07-30T05:19:56+0200,892469bd-1f88-49dd-9e5e-40938c7b963c,2026-07-16T09:45:00Z,2026-07-16T11:45:00+0200,14712.3,MW,FR,FR,actual_solar_generation,Solar,2026-07-30T03:20:47Z
2026-07-30T03:19:56Z,2026-07-30T05:19:56+0200,892469bd-1f88-49dd-9e5e-40938c7b963c,2026-07-16T10:00:00Z,2026-07-16T12:00:00+0200,14709.44,MW,FR,FR,actual_solar_generation,Solar,2026-07-30T03:20:47Z
2026-07-30T03:19:56Z,2026-07-30T05:19:56+0200,892469bd-1f88-49dd-9e5e-40938c7b963c,2026-07-16T10:15:00Z,2026-07-16T12:15:00+0200,14646.07,MW,FR,FR,actual_solar_generation,Solar,2026-07-30T03:20:47Z
2026-07-30T03:19:56Z,2026-07-30T05:19:56+0200,892469bd-1f88-49dd-9e5e-40938c7b963c,2026-07-16T10:30:00Z,2026-07-16T12:30:00+0200,14575.41,MW,FR,FR,actual_solar_generation,Solar,2026-07-30T03:20:47Z
2026-07-30T03:19:56Z,2026-07-30T05:19:56+0200,892469bd-1f88-49dd-9e5e-40938c7b963c,2026-07-16T10:45:00Z,2026-07-16T12:45:00+0200,14974.6,MW,FR,FR,actual_solar_generation,Solar,2026-07-30T03:20:47Z
2026-07-30T03:19:56Z,2026-07-30T05:19:56+0200,892469bd-1f88-49dd-9e5e-40938c7b963c,2026-07-16T11:00:00Z,2026-07-16T13:00:00+0200,14897.94,MW,FR,FR,actual_solar_generation,Solar,2026-07-30T03:20:47Z
2026-07-30T03:19:56Z,2026-07-30T05:19:56+0200,892469bd-1f88-49dd-9e5e-40938c7b963c,2026-07-16T11:15:00Z,2026-07-16T13:15:00+0200,14820.7,MW,FR,FR,actual_solar_generation,Solar,2026-07-30T03:20:47Z
2026-07-30T03:19:56Z,2026-07-30T05:19:56+0200,892469bd-1f88-49dd-9e5e-40938c7b963c,2026-07-16T11:30:00Z,2026-07-16T13:30:00+0200,14875.6,MW,FR,FR,actual_solar_generation,Solar,2026-07-30T03:20:47Z
2026-07-30T03:19:56Z,2026-07-30T05:19:56+0200,892469bd-1f88-49dd-9e5e-40938c7b963c,2026-07-16T11:45:00Z,2026-07-16T13:45:00+0200,14848.39,MW,FR,FR,actual_solar_generation,Solar,2026-07-30T03:20:47Z
2026-07-30T03:19:56Z,2026-07-30T05:19:56+0200,892469bd-1f88-49dd-9e5e-40938c7b963c,2026-07-16T12:00:00Z,2026-07-16T14:00:00+0200,14717.55,MW,FR,FR,actual_solar_generation,Solar,2026-07-30T03:20:47Z
2026-07-30T03:19:56Z,2026-07-30T05:19:56+0200,892469bd-1f88-49dd-9e5e-40938c7b963c,2026-07-16T12:15:00Z,2026-07-16T14:15:00+0200,14851.06,MW,FR,FR,actual_solar_generation,Solar,2026-07-30T03:20:47Z
2026-07-30T03:19:56Z,2026-07-30T05:19:56+0200,892469bd-1f88-49dd-9e5e-40938c7b963c,2026-07-16T12:30:00Z,2026-07-16T14:30:00+0200,14671.29,MW,FR,FR,actual_solar_generation,Solar,2026-07-30T03:20:47Z
2026-07-30T03:19:56Z,2026-07-30T05:19:56+0200,892469bd-1f88-49dd-9e5e-40938c7b963c,2026-07-16T12:45:00Z,2026-07-16T14:45:00+0200,14495.94,MW,FR,FR,actual_solar_generation,Solar,2026-07-30T03:20:47Z
2026-07-30T03:19:56Z,2026-07-30T05:19:56+0200,892469bd-1f88-49dd-9e5e-40938c7b963c,2026-07-16T13:00:00Z,2026-07-16T15:00:00+0200,14300.75,MW,FR,FR,actual_solar_generation,Solar,2026-07-30T03:20:47Z
2026-07-30T03:19:56Z,2026-07-30T05:19:56+0200,892469bd-1f88-49dd-9e5e-40938c7b963c,2026-07-16T13:15:00Z,2026-07-16T15:15:00+0200,14064.11,MW,FR,FR,actual_solar_generation,Solar,2026-07-30T03:20:47Z
2026-07-30T03:19:56Z,2026-07-30T05:19:56+0200,892469bd-1f88-49dd-9e5e-40938c7b963c,2026-07-16T13:30:00Z,2026-07-16T15:30:00+0200,13864.78,MW,FR,FR,actual_solar_generation,Solar,2026-07-30T03:20:47Z
2026-07-30T03:19:56Z,2026-07-30T05:19:56+0200,892469bd-1f88-49dd-9e5e-40938c7b963c,2026-07-16T13:45:00Z,2026-07-16T15:45:00+0200,13227.79,MW,FR,FR,actual_solar_generation,Solar,2026-07-30T03:20:47Z
2026-07-30T03:19:56Z,2026-07-30T05:19:56+0200,892469bd-1f88-49dd-9e5e-40938c7b963c,2026-07-16T14:00:00Z,2026-07-16T16:00:00+0200,12979.7,MW,FR,FR,actual_solar_generation,Solar,2026-07-30T03:20:47Z
2026-07-30T03:19:56Z,2026-07-30T05:19:56+0200,892469bd-1f88-49dd-9e5e-40938c7b963c,2026-07-16T14:15:00Z,2026-07-16T16:15:00+0200,12607.27,MW,FR,FR,actual_solar_generation,Solar,2026-07-30T03:20:47Z
2026-07-30T03:19:56Z,2026-07-30T05:19:56+0200,892469bd-1f88-49dd-9e5e-40938c7b963c,2026-07-16T14:30:00Z,2026-07-16T16:30:00+0200,12048.97,MW,FR,FR,actual_solar_generation,Solar,2026-07-30T03:20:47Z
2026-07-30T03:19:56Z,2026-07-30T05:19:56+0200,892469bd-1f88-49dd-9e5e-40938c7b963c,2026-07-16T14:45:00Z,2026-07-16T16:45:00+0200,11657.43,MW,FR,FR,actual_solar_generation,Solar,2026-07-30T03:20:47Z
2026-07-30T03:19:56Z,2026-07-30T05:19:56+0200,892469bd-1f88-49dd-9e5e-40938c7b963c,2026-07-16T15:00:00Z,2026-07-16T17:00:00+0200,11033.04,MW,FR,FR,actual_solar_generation,Solar,2026-07-30T03:20:47Z
2026-07-30T03:19:56Z,2026-07-30T05:19:56+0200,892469bd-1f88-49dd-9e5e-40938c7b963c,2026-07-16T15:15:00Z,2026-07-16T17:15:00+0200,10612.48,MW,FR,FR,actual_solar_generation,Solar,2026-07-30T03:20:47Z
2026-07-30T03:19:56Z,2026-07-30T05:19:56+0200,892469bd-1f88-49dd-9e5e-40938c7b963c,2026-07-16T15:30:00Z,2026-07-16T17:30:00+0200,10041.03,MW,FR,FR,actual_solar_generation,Solar,2026-07-30T03:20:47Z
2026-07-30T03:19:56Z,2026-07-30T05:19:56+0200,892469bd-1f88-49dd-9e5e-40938c7b963c,2026-07-16T15:45:00Z,2026-07-16T17:45:00+0200,9521.11,MW,FR,FR,actual_solar_generation,Solar,2026-07-30T03:20:47Z
2026-07-30T03:19:56Z,2026-07-30T05:19:56+0200,892469bd-1f88-49dd-9e5e-40938c7b963c,2026-07-16T16:00:00Z,2026-07-16T18:00:00+0200,8733.86,MW,FR,FR,actual_solar_generation,Solar,2026-07-30T03:20:47Z
2026-07-30T03:19:56Z,2026-07-30T05:19:56+0200,892469bd-1f88-49dd-9e5e-40938c7b963c,2026-07-16T16:15:00Z,2026-07-16T18:15:00+0200,8024.29,MW,FR,FR,actual_solar_generation,Solar,2026-07-30T03:20:47Z
2026-07-30T03:19:56Z,2026-07-30T05:19:56+0200,892469bd-1f88-49dd-9e5e-40938c7b963c,2026-07-16T16:30:00Z,2026-07-16T18:30:00+0200,7172.61,MW,FR,FR,actual_solar_generation,Solar,2026-07-30T03:20:47Z
2026-07-30T03:19:56Z,2026-07-30T05:19:56+0200,892469bd-1f88-49dd-9e5e-40938c7b963c,2026-07-16T16:45:00Z,2026-07-16T18:45:00+0200,6356.24,MW,FR,FR,actual_solar_generation,Solar,2026-07-30T03:20:47Z
2026-07-30T03:19:56Z,2026-07-30T05:19:56+0200,892469bd-1f88-49dd-9e5e-40938c7b963c,2026-07-16T17:00:00Z,2026-07-16T19:00:00+0200,5565.64,MW,FR,FR,actual_solar_generation,Solar,2026-07-30T03:20:47Z
2026-07-30T03:19:56Z,2026-07-30T05:19:56+0200,892469bd-1f88-49dd-9e5e-40938c7b963c,2026-07-16T17:15:00Z,2026-07-16T19:15:00+0200,4732.79,MW,FR,FR,actual_solar_generation,Solar,2026-07-30T03:20:47Z
2026-07-30T03:19:56Z,2026-07-30T05:19:56+0200,892469bd-1f88-49dd-9e5e-40938c7b963c,2026-07-16T17:30:00Z,2026-07-16T19:30:00+0200,3913.44,MW,FR,FR,actual_solar_generation,Solar,2026-07-30T03:20:47Z
2026-07-30T03:19:56Z,2026-07-30T05:19:56+0200,892469bd-1f88-49dd-9e5e-40938c7b963c,2026-07-16T17:45:00Z,2026-07-16T19:45:00+0200,3133.34,MW,FR,FR,actual_solar_generation,Solar,2026-07-30T03:20:47Z
2026-07-30T03:19:56Z,2026-07-30T05:19:56+0200,892469bd-1f88-49dd-9e5e-40938c7b963c,2026-07-16T18:00:00Z,2026-07-16T20:00:00+0200,2438.57,MW,FR,FR,actual_solar_generation,Solar,2026-07-30T03:20:47Z
2026-07-30T03:19:56Z,2026-07-30T05:19:56+0200,892469bd-1f88-49dd-9e5e-40938c7b963c,2026-07-16T18:15:00Z,2026-07-16T20:15:00+0200,1883.82,MW,FR,FR,actual_solar_generation,Solar,2026-07-30T03:20:47Z
2026-07-30T03:19:56Z,2026-07-30T05:19:56+0200,892469bd-1f88-49dd-9e5e-40938c7b963c,2026-07-16T18:30:00Z,2026-07-16T20:30:00+0200,1404.91,MW,FR,FR,actual_solar_generation,Solar,2026-07-30T03:20:47Z
2026-07-30T03:19:56Z,2026-07-30T05:19:56+0200,892469bd-1f88-49dd-9e5e-40938c7b963c,2026-07-16T18:45:00Z,2026-07-16T20:45:00+0200,1004.45,MW,FR,FR,actual_solar_generation,Solar,2026-07-30T03:20:47Z
2026-07-30T03:19:56Z,2026-07-30T05:19:56+0200,892469bd-1f88-49dd-9e5e-40938c7b963c,2026-07-16T19:00:00Z,2026-07-16T21:00:00+0200,689.65,MW,FR,FR,actual_solar_generation,Solar,2026-07-30T03:20:47Z
2026-07-30T03:19:56Z,2026-07-30T05:19:56+0200,892469bd-1f88-49dd-9e5e-40938c7b963c,2026-07-16T19:15:00Z,2026-07-16T21:15:00+0200,447.04,MW,FR,FR,actual_solar_generation,Solar,2026-07-30T03:20:47Z
2026-07-30T03:19:56Z,2026-07-30T05:19:56+0200,892469bd-1f88-49dd-9e5e-40938c7b963c,2026-07-16T19:30:00Z,2026-07-16T21:30:00+0200,288.95,MW,FR,FR,actual_solar_generation,Solar,2026-07-30T03:20:47Z
2026-07-30T03:19:56Z,2026-07-30T05:19:56+0200,892469bd-1f88-49dd-9e5e-40938c7b963c,2026-07-16T19:45:00Z,2026-07-16T21:45:00+0200,222.57,MW,FR,FR,actual_solar_generation,Solar,2026-07-30T03:20:47Z
2026-07-30T03:19:56Z,2026-07-30T05:19:56+0200,892469bd-1f88-49dd-9e5e-40938c7b963c,2026-07-16T20:00:00Z,2026-07-16T22:00:00+0200,201.31,MW,FR,FR,actual_solar_generation,Solar,2026-07-30T03:20:47Z
2026-07-30T03:19:56Z,2026-07-30T05:19:56+0200,892469bd-1f88-49dd-9e5e-40938c7b963c,2026-07-16T20:15:00Z,2026-07-16T22:15:00+0200,191.61,MW,FR,FR,actual_solar_generation,Solar,2026-07-30T03:20:47Z
2026-07-30T03:19:56Z,2026-07-30T05:19:56+0200,892469bd-1f88-49dd-9e5e-40938c7b963c,2026-07-16T20:30:00Z,2026-07-16T22:30:00+0200,193.76,MW,FR,FR,actual_solar_generation,Solar,2026-07-30T03:20:47Z
2026-07-30T03:19:56Z,2026-07-30T05:19:56+0200,892469bd-1f88-49dd-9e5e-40938c7b963c,2026-07-16T20:45:00Z,2026-07-16T22:45:00+0200,195.6,MW,FR,FR,actual_solar_generation,Solar,2026-07-30T03:20:47Z
2026-07-30T03:19:56Z,2026-07-30T05:19:56+0200,892469bd-1f88-49dd-9e5e-40938c7b963c,2026-07-16T21:00:00Z,2026-07-16T23:00:00+0200,197.75,MW,FR,FR,actual_solar_generation,Solar,2026-07-30T03:20:47Z
2026-07-30T03:19:56Z,2026-07-30T05:19:56+0200,892469bd-1f88-49dd-9e5e-40938c7b963c,2026-07-16T21:15:00Z,2026-07-16T23:15:00+0200,198.04,MW,FR,FR,actual_solar_generation,Solar,2026-07-30T03:20:47Z
2026-07-30T03:19:56Z,2026-07-30T05:19:56+0200,892469bd-1f88-49dd-9e5e-40938c7b963c,2026-07-16T21:30:00Z,2026-07-16T23:30:00+0200,195.97,MW,FR,FR,actual_solar_generation,Solar,2026-07-30T03:20:47Z
2026-07-30T03:19:56Z,2026-07-30T05:19:56+0200,892469bd-1f88-49dd-9e5e-40938c7b963c,2026-07-16T21:45:00Z,2026-07-16T23:45:00+0200,193.4,MW,FR,FR,actual_solar_generation,Solar,2026-07-30T03:20:47Z
2026-07-30T03:19:56Z,2026-07-30T05:19:56+0200,892469bd-1f88-49dd-9e5e-40938c7b963c,2026-07-16T22:00:00Z,2026-07-17T00:00:00+0200,0.0,MW,FR,FR,actual_solar_generation,Solar,2026-07-30T03:20:47Z
2026-07-30T03:19:56Z,2026-07-30T05:19:56+0200,892469bd-1f88-49dd-9e5e-40938c7b963c,2026-07-16T22:15:00Z,2026-07-17T00:15:00+0200,0.0,MW,FR,FR,actual_solar_generation,Solar,2026-07-30T03:20:47Z
2026-07-30T03:19:56Z,2026-07-30T05:19:56+0200,892469bd-1f88-49dd-9e5e-40938c7b963c,2026-07-16T22:30:00Z,2026-07-17T00:30:00+0200,0.0,MW,FR,FR,actual_solar_generation,Solar,2026-07-30T03:20:47Z
2026-07-30T03:19:56Z,2026-07-30T05:19:56+0200,892469bd-1f88-49dd-9e5e-40938c7b963c,2026-07-16T22:45:00Z,2026-07-17T00:45:00+0200,0.0,MW,FR,FR,actual_solar_generation,Solar,2026-07-30T03:20:47Z
2026-07-30T03:19:56Z,2026-07-30T05:19:56+0200,892469bd-1f88-49dd-9e5e-40938c7b963c,2026-07-16T23:00:00Z,2026-07-17T01:00:00+0200,0.0,MW,FR,FR,actual_solar_generation,Solar,2026-07-30T03:20:47Z
2026-07-30T03:19:56Z,2026-07-30T05:19:56+0200,892469bd-1f88-49dd-9e5e-40938c7b963c,2026-07-16T23:15:00Z,2026-07-17T01:15:00+0200,0.0,MW,FR,FR,actual_solar_generation,Solar,2026-07-30T03:20:47Z
2026-07-30T03:19:56Z,2026-07-30T05:19:56+0200,892469bd-1f88-49dd-9e5e-40938c7b963c,2026-07-16T23:30:00Z,2026-07-17T01:30:00+0200,0.0,MW,FR,FR,actual_solar_generation,Solar,2026-07-30T03:20:47Z
2026-07-30T03:19:56Z,2026-07-30T05:19:56+0200,892469bd-1f88-49dd-9e5e-40938c7b963c,2026-07-16T23:45:00Z,2026-07-17T01:45:00+0200,0.0,MW,FR,FR,actual_solar_generation,Solar,2026-07-30T03:20:47Z
2026-07-30T03:19:56Z,2026-07-30T05:19:56+0200,892469bd-1f88-49dd-9e5e-40938c7b963c,2026-07-17T00:00:00Z,2026-07-17T02:00:00+0200,0.0,MW,FR,FR,actual_solar_generation,Solar,2026-07-30T03:20:47Z
2026-07-30T03:19:56Z,2026-07-30T05:19:56+0200,892469bd-1f88-49dd-9e5e-40938c7b963c,2026-07-17T00:15:00Z,2026-07-17T02:15:00+0200,0.0,MW,FR,FR,actual_solar_generation,Solar,2026-07-30T03:20:47Z
2026-07-30T03:19:56Z,2026-07-30T05:19:56+0200,892469bd-1f88-49dd-9e5e-40938c7b963c,2026-07-17T00:30:00Z,2026-07-17T02:30:00+0200,0.0,MW,FR,FR,actual_solar_generation,Solar,2026-07-30T03:20:47Z
2026-07-30T03:19:56Z,2026-07-30T05:19:56+0200,892469bd-1f88-49dd-9e5e-40938c7b963c,2026-07-17T00:45:00Z,2026-07-17T02:45:00+0200,0.0,MW,FR,FR,actual_solar_generation,Solar,2026-07-30T03:20:47Z
2026-07-30T03:19:56Z,2026-07-30T05:19:56+0200,892469bd-1f88-49dd-9e5e-40938c7b963c,2026-07-17T01:00:00Z,2026-07-17T03:00:00+0200,0.0,MW,FR,FR,actual_solar_generation,Solar,2026-07-30T03:20:47Z
2026-07-30T03:19:56Z,2026-07-30T05:19:56+0200,892469bd-1f88-49dd-9e5e-40938c7b963c,2026-07-17T01:15:00Z,2026-07-17T03:15:00+0200,0.0,MW,FR,FR,actual_solar_generation,Solar,2026-07-30T03:20:47Z
2026-07-30T03:19:56Z,2026-07-30T05:19:56+0200,892469bd-1f88-49dd-9e5e-40938c7b963c,2026-07-17T01:30:00Z,2026-07-17T03:30:00+0200,0.0,MW,FR,FR,actual_solar_generation,Solar,2026-07-30T03:20:47Z
2026-07-30T03:19:56Z,2026-07-30T05:19:56+0200,892469bd-1f88-49dd-9e5e-40938c7b963c,2026-07-17T01:45:00Z,2026-07-17T03:45:00+0200,0.0,MW,FR,FR,actual_solar_generation,Solar,2026-07-30T03:20:47Z
2026-07-30T03:19:56Z,2026-07-30T05:19:56+0200,892469bd-1f88-49dd-9e5e-40938c7b963c,2026-07-17T02:00:00Z,2026-07-17T04:00:00+0200,0.0,MW,FR,FR,actual_solar_generation,Solar,2026-07-30T03:20:47Z
2026-07-30T03:19:56Z,2026-07-30T05:19:56+0200,892469bd-1f88-49dd-9e5e-40938c7b963c,2026-07-17T02:15:00Z,2026-07-17T04:15:00+0200,0.0,MW,FR,FR,actual_solar_generation,Solar,2026-07-30T03:20:47Z
2026-07-30T03:19:56Z,2026-07-30T05:19:56+0200,892469bd-1f88-49dd-9e5e-40938c7b963c,2026-07-17T02:30:00Z,2026-07-17T04:30:00+0200,0.0,MW,FR,FR,actual_solar_generation,Solar,2026-07-30T03:20:47Z
2026-07-30T03:19:56Z,2026-07-30T05:19:56+0200,892469bd-1f88-49dd-9e5e-40938c7b963c,2026-07-17T02:45:00Z,2026-07-17T04:45:00+0200,0.0,MW,FR,FR,actual_solar_generation,Solar,2026-07-30T03:20:47Z
2026-07-30T03:19:56Z,2026-07-30T05:19:56+0200,892469bd-1f88-49dd-9e5e-40938c7b963c,2026-07-17T03:00:00Z,2026-07-17T05:00:00+0200,179.22,MW,FR,FR,actual_solar_generation,Solar,2026-07-30T03:20:47Z
2026-07-30T03:19:56Z,2026-07-30T05:19:56+0200,892469bd-1f88-49dd-9e5e-40938c7b963c,2026-07-17T03:15:00Z,2026-07-17T05:15:00+0200,178.7,MW,FR,FR,actual_solar_generation,Solar,2026-07-30T03:20:47Z
2026-07-30T03:19:56Z,2026-07-30T05:19:56+0200,892469bd-1f88-49dd-9e5e-40938c7b963c,2026-07-17T03:30:00Z,2026-07-17T05:30:00+0200,178.69,MW,FR,FR,actual_solar_generation,Solar,2026-07-30T03:20:47Z
2026-07-30T03:19:56Z,2026-07-30T05:19:56+0200,892469bd-1f88-49dd-9e5e-40938c7b963c,2026-07-17T03:45:00Z,2026-07-17T05:45:00+0200,187.27,MW,FR,FR,actual_solar_generation,Solar,2026-07-30T03:20:47Z
2026-07-30T03:19:56Z,2026-07-30T05:19:56+0200,892469bd-1f88-49dd-9e5e-40938c7b963c,2026-07-17T04:00:00Z,2026-07-17T06:00:00+0200,218.85,MW,FR,FR,actual_solar_generation,Solar,2026-07-30T03:20:47Z
2026-07-30T03:19:56Z,2026-07-30T05:19:56+0200,892469bd-1f88-49dd-9e5e-40938c7b963c,2026-07-17T04:15:00Z,2026-07-17T06:15:00+0200,273.79,MW,FR,FR,actual_solar_generation,Solar,2026-07-30T03:20:47Z
2026-07-30T03:19:56Z,2026-07-30T05:19:56+0200,892469bd-1f88-49dd-9e5e-40938c7b963c,2026-07-17T04:30:00Z,2026-07-17T06:30:00+0200,365.72,MW,FR,FR,actual_solar_generation,Solar,2026-07-30T03:20:47Z
2026-07-30T03:19:56Z,2026-07-30T05:19:56+0200,892469bd-1f88-49dd-9e5e-40938c7b963c,2026-07-17T04:45:00Z,2026-07-17T06:45:00+0200,539.73,MW,FR,FR,actual_solar_generation,Solar,2026-07-30T03:20:47Z
2026-07-30T03:19:56Z,2026-07-30T05:19:56+0200,892469bd-1f88-49dd-9e5e-40938c7b963c,2026-07-17T05:00:00Z,2026-07-17T07:00:00+0200,820.55,MW,FR,FR,actual_solar_generation,Solar,2026-07-30T03:20:47Z
2026-07-30T03:19:56Z,2026-07-30T05:19:56+0200,892469bd-1f88-49dd-9e5e-40938c7b963c,2026-07-17T05:15:00Z,2026-07-17T07:15:00+0200,1199.6,MW,FR,FR,actual_solar_generation,Solar,2026-07-30T03:20:47Z
2026-07-30T03:19:56Z,2026-07-30T05:19:56+0200,892469bd-1f88-49dd-9e5e-40938c7b963c,2026-07-17T05:30:00Z,2026-07-17T07:30:00+0200,1711.05,MW,FR,FR,actual_solar_generation,Solar,2026-07-30T03:20:47Z
2026-07-30T03:19:56Z,2026-07-30T05:19:56+0200,892469bd-1f88-49dd-9e5e-40938c7b963c,2026-07-17T05:45:00Z,2026-07-17T07:45:00+0200,2328.38,MW,FR,FR,actual_solar_generation,Solar,2026-07-30T03:20:47Z
2026-07-30T03:19:56Z,2026-07-30T05:19:56+0200,892469bd-1f88-49dd-9e5e-40938c7b963c,2026-07-17T06:00:00Z,2026-07-17T08:00:00+0200,3049.69,MW,FR,FR,actual_solar_generation,Solar,2026-07-30T03:20:47Z
2026-07-30T03:19:56Z,2026-07-30T05:19:56+0200,892469bd-1f88-49dd-9e5e-40938c7b963c,2026-07-17T06:15:00Z,2026-07-17T08:15:00+0200,3939.93,MW,FR,FR,actual_solar_generation,Solar,2026-07-30T03:20:47Z
2026-07-30T03:19:56Z,2026-07-30T05:19:56+0200,892469bd-1f88-49dd-9e5e-40938c7b963c,2026-07-17T06:30:00Z,2026-07-17T08:30:00+0200,4822.92,MW,FR,FR,actual_solar_generation,Solar,2026-07-30T03:20:47Z
2026-07-30T03:19:56Z,2026-07-30T05:19:56+0200,892469bd-1f88-49dd-9e5e-40938c7b963c,2026-07-17T06:45:00Z,2026-07-17T08:45:00+0200,5887.29,MW,FR,FR,actual_solar_generation,Solar,2026-07-30T03:20:47Z
2026-07-30T03:19:56Z,2026-07-30T05:19:56+0200,892469bd-1f88-49dd-9e5e-40938c7b963c,2026-07-17T07:00:00Z,2026-07-17T09:00:00+0200,6850.42,MW,FR,FR,actual_solar_generation,Solar,2026-07-30T03:20:47Z
2026-07-30T03:19:56Z,2026-07-30T05:19:56+0200,892469bd-1f88-49dd-9e5e-40938c7b963c,2026-07-17T07:15:00Z,2026-07-17T09:15:00+0200,7904.91,MW,FR,FR,actual_solar_generation,Solar,2026-07-30T03:20:47Z
2026-07-30T03:19:56Z,2026-07-30T05:19:56+0200,892469bd-1f88-49dd-9e5e-40938c7b963c,2026-07-17T07:30:00Z,2026-07-17T09:30:00+0200,8923.49,MW,FR,FR,actual_solar_generation,Solar,2026-07-30T03:20:47Z
2026-07-30T03:19:56Z,2026-07-30T05:19:56+0200,892469bd-1f88-49dd-9e5e-40938c7b963c,2026-07-17T07:45:00Z,2026-07-17T09:45:00+0200,9990.88,MW,FR,FR,actual_solar_generation,Solar,2026-07-30T03:20:47Z
2026-07-30T03:19:56Z,2026-07-30T05:19:56+0200,892469bd-1f88-49dd-9e5e-40938c7b963c,2026-07-17T08:00:00Z,2026-07-17T10:00:00+0200,10959.36,MW,FR,FR,actual_solar_generation,Solar,2026-07-30T03:20:47Z
2026-07-30T03:19:56Z,2026-07-30T05:19:56+0200,892469bd-1f88-49dd-9e5e-40938c7b963c,2026-07-17T08:15:00Z,2026-07-17T10:15:00+0200,12066.88,MW,FR,FR,actual_solar_generation,Solar,2026-07-30T03:20:47Z
2026-07-30T03:19:56Z,2026-07-30T05:19:56+0200,892469bd-1f88-49dd-9e5e-40938c7b963c,2026-07-17T08:30:00Z,2026-07-17T10:30:00+0200,12985.66,MW,FR,FR,actual_solar_generation,Solar,2026-07-30T03:20:47Z
2026-07-30T03:19:56Z,2026-07-30T05:19:56+0200,892469bd-1f88-49dd-9e5e-40938c7b963c,2026-07-17T08:45:00Z,2026-07-17T10:45:00+0200,13751.97,MW,FR,FR,actual_solar_generation,Solar,2026-07-30T03:20:47Z
2026-07-30T03:19:56Z,2026-07-30T05:19:56+0200,892469bd-1f88-49dd-9e5e-40938c7b963c,2026-07-17T09:00:00Z,2026-07-17T11:00:00+0200,14606.93,MW,FR,FR,actual_solar_generation,Solar,2026-07-30T03:20:47Z
2026-07-30T03:19:56Z,2026-07-30T05:19:56+0200,892469bd-1f88-49dd-9e5e-40938c7b963c,2026-07-17T09:15:00Z,2026-07-17T11:15:00+0200,15303.2,MW,FR,FR,actual_solar_generation,Solar,2026-07-30T03:20:47Z
2026-07-30T03:19:56Z,2026-07-30T05:19:56+0200,892469bd-1f88-49dd-9e5e-40938c7b963c,2026-07-17T09:30:00Z,2026-07-17T11:30:00+0200,15890.7,MW,FR,FR,actual_solar_generation,Solar,2026-07-30T03:20:47Z
2026-07-30T03:19:56Z,2026-07-30T05:19:56+0200,892469bd-1f88-49dd-9e5e-40938c7b963c,2026-07-17T09:45:00Z,2026-07-17T11:45:00+0200,16495.49,MW,FR,FR,actual_solar_generation,Solar,2026-07-30T03:20:47Z
2026-07-30T03:19:56Z,2026-07-30T05:19:56+0200,892469bd-1f88-49dd-9e5e-40938c7b963c,2026-07-17T10:00:00Z,2026-07-17T12:00:00+0200,16852.37,MW,FR,FR,actual_solar_generation,Solar,2026-07-30T03:20:47Z
2026-07-30T03:19:56Z,2026-07-30T05:19:56+0200,892469bd-1f88-49dd-9e5e-40938c7b963c,2026-07-17T10:15:00Z,2026-07-17T12:15:00+0200,17368.58,MW,FR,FR,actual_solar_generation,Solar,2026-07-30T03:20:47Z
2026-07-30T03:19:56Z,2026-07-30T05:19:56+0200,892469bd-1f88-49dd-9e5e-40938c7b963c,2026-07-17T10:30:00Z,2026-07-17T12:30:00+0200,17929.56,MW,FR,FR,actual_solar_generation,Solar,2026-07-30T03:20:47Z
2026-07-30T03:19:56Z,2026-07-30T05:19:56+0200,892469bd-1f88-49dd-9e5e-40938c7b963c,2026-07-17T10:45:00Z,2026-07-17T12:45:00+0200,18159.72,MW,FR,FR,actual_solar_generation,Solar,2026-07-30T03:20:47Z
2026-07-30T03:19:56Z,2026-07-30T05:19:56+0200,892469bd-1f88-49dd-9e5e-40938c7b963c,2026-07-17T11:00:00Z,2026-07-17T13:00:00+0200,18415.68,MW,FR,FR,actual_solar_generation,Solar,2026-07-30T03:20:47Z
2026-07-30T03:19:56Z,2026-07-30T05:19:56+0200,892469bd-1f88-49dd-9e5e-40938c7b963c,2026-07-17T11:15:00Z,2026-07-17T13:15:00+0200,18404.56,MW,FR,FR,actual_solar_generation,Solar,2026-07-30T03:20:47Z
2026-07-30T03:19:56Z,2026-07-30T05:19:56+0200,892469bd-1f88-49dd-9e5e-40938c7b963c,2026-07-17T11:30:00Z,2026-07-17T13:30:00+0200,18544.85,MW,FR,FR,actual_solar_generation,Solar,2026-07-30T03:20:47Z
2026-07-30T03:19:56Z,2026-07-30T05:19:56+0200,892469bd-1f88-49dd-9e5e-40938c7b963c,2026-07-17T11:45:00Z,2026-07-17T13:45:00+0200,18366.24,MW,FR,FR,actual_solar_generation,Solar,2026-07-30T03:20:47Z
2026-07-30T03:19:56Z,2026-07-30T05:19:56+0200,892469bd-1f88-49dd-9e5e-40938c7b963c,2026-07-17T12:00:00Z,2026-07-17T14:00:00+0200,18607.78,MW,FR,FR,actual_solar_generation,Solar,2026-07-30T03:20:47Z
2026-07-30T03:19:56Z,2026-07-30T05:19:56+0200,892469bd-1f88-49dd-9e5e-40938c7b963c,2026-07-17T12:15:00Z,2026-07-17T14:15:00+0200,18223.58,MW,FR,FR,actual_solar_generation,Solar,2026-07-30T03:20:47Z
2026-07-30T03:19:56Z,2026-07-30T05:19:56+0200,892469bd-1f88-49dd-9e5e-40938c7b963c,2026-07-17T12:30:00Z,2026-07-17T14:30:00+0200,17925.71,MW,FR,FR,actual_solar_generation,Solar,2026-07-30T03:20:47Z
2026-07-30T03:19:56Z,2026-07-30T05:19:56+0200,892469bd-1f88-49dd-9e5e-40938c7b963c,2026-07-17T12:45:00Z,2026-07-17T14:45:00+0200,17674.19,MW,FR,FR,actual_solar_generation,Solar,2026-07-30T03:20:47Z
2026-07-30T03:19:56Z,2026-07-30T05:19:56+0200,892469bd-1f88-49dd-9e5e-40938c7b963c,2026-07-17T13:00:00Z,2026-07-17T15:00:00+0200,17433.4,MW,FR,FR,actual_solar_generation,Solar,2026-07-30T03:20:47Z
2026-07-30T03:19:56Z,2026-07-30T05:19:56+0200,892469bd-1f88-49dd-9e5e-40938c7b963c,2026-07-17T13:15:00Z,2026-07-17T15:15:00+0200,17194.99,MW,FR,FR,actual_solar_generation,Solar,2026-07-30T03:20:47Z
2026-07-30T03:19:56Z,2026-07-30T05:19:56+0200,892469bd-1f88-49dd-9e5e-40938c7b963c,2026-07-17T13:30:00Z,2026-07-17T15:30:00+0200,16709.43,MW,FR,FR,actual_solar_generation,Solar,2026-07-30T03:20:47Z
2026-07-30T03:19:56Z,2026-07-30T05:19:56+0200,892469bd-1f88-49dd-9e5e-40938c7b963c,2026-07-17T13:45:00Z,2026-07-17T15:45:00+0200,16397.57,MW,FR,FR,actual_solar_generation,Solar,2026-07-30T03:20:47Z
2026-07-30T03:19:56Z,2026-07-30T05:19:56+0200,892469bd-1f88-49dd-9e5e-40938c7b963c,2026-07-17T14:00:00Z,2026-07-17T16:00:00+0200,16030.08,MW,FR,FR,actual_solar_generation,Solar,2026-07-30T03:20:47Z
2026-07-30T03:19:56Z,2026-07-30T05:19:56+0200,892469bd-1f88-49dd-9e5e-40938c7b963c,2026-07-17T14:15:00Z,2026-07-17T16:15:00+0200,15321.89,MW,FR,FR,actual_solar_generation,Solar,2026-07-30T03:20:47Z
2026-07-30T03:19:56Z,2026-07-30T05:19:56+0200,892469bd-1f88-49dd-9e5e-40938c7b963c,2026-07-17T14:30:00Z,2026-07-17T16:30:00+0200,14813.95,MW,FR,FR,actual_solar_generation,Solar,2026-07-30T03:20:47Z
2026-07-30T03:19:56Z,2026-07-30T05:19:56+0200,892469bd-1f88-49dd-9e5e-40938c7b963c,2026-07-17T14:45:00Z,2026-07-17T16:45:00+0200,14255.7,MW,FR,FR,actual_solar_generation,Solar,2026-07-30T03:20:47Z
2026-07-30T03:19:56Z,2026-07-30T05:19:56+0200,892469bd-1f88-49dd-9e5e-40938c7b963c,2026-07-17T15:00:00Z,2026-07-17T17:00:00+0200,13522.94,MW,FR,FR,actual_solar_generation,Solar,2026-07-30T03:20:47Z
2026-07-30T03:19:56Z,2026-07-30T05:19:56+0200,892469bd-1f88-49dd-9e5e-40938c7b963c,2026-07-17T15:15:00Z,2026-07-17T17:15:00+0200,12823.33,MW,FR,FR,actual_solar_generation,Solar,2026-07-30T03:20:47Z
2026-07-30T03:19:56Z,2026-07-30T05:19:56+0200,892469bd-1f88-49dd-9e5e-40938c7b963c,2026-07-17T15:30:00Z,2026-07-17T17:30:00+0200,12185.44,MW,FR,FR,actual_solar_generation,Solar,2026-07-30T03:20:47Z
2026-07-30T03:19:56Z,2026-07-30T05:19:56+0200,892469bd-1f88-49dd-9e5e-40938c7b963c,2026-07-17T15:45:00Z,2026-07-17T17:45:00+0200,11405.08,MW,FR,FR,actual_solar_generation,Solar,2026-07-30T03:20:47Z
2026-07-30T03:19:56Z,2026-07-30T05:19:56+0200,892469bd-1f88-49dd-9e5e-40938c7b963c,2026-07-17T16:00:00Z,2026-07-17T18:00:00+0200,10514.47,MW,FR,FR,actual_solar_generation,Solar,2026-07-30T03:20:47Z
2026-07-30T03:19:56Z,2026-07-30T05:19:56+0200,892469bd-1f88-49dd-9e5e-40938c7b963c,2026-07-17T16:15:00Z,2026-07-17T18:15:00+0200,9531.37,MW,FR,FR,actual_solar_generation,Solar,2026-07-30T03:20:47Z
2026-07-30T03:19:56Z,2026-07-30T05:19:56+0200,892469bd-1f88-49dd-9e5e-40938c7b963c,2026-07-17T16:30:00Z,2026-07-17T18:30:00+0200,8644.7,MW,FR,FR,actual_solar_generation,Solar,2026-07-30T03:20:47Z
2026-07-30T03:19:56Z,2026-07-30T05:19:56+0200,892469bd-1f88-49dd-9e5e-40938c7b963c,2026-07-17T16:45:00Z,2026-07-17T18:45:00+0200,7711.89,MW,FR,FR,actual_solar_generation,Solar,2026-07-30T03:20:47Z
2026-07-30T03:19:56Z,2026-07-30T05:19:56+0200,892469bd-1f88-49dd-9e5e-40938c7b963c,2026-07-17T17:00:00Z,2026-07-17T19:00:00+0200,6685.59,MW,FR,FR,actual_solar_generation,Solar,2026-07-30T03:20:47Z
2026-07-30T03:19:56Z,2026-07-30T05:19:56+0200,892469bd-1f88-49dd-9e5e-40938c7b963c,2026-07-17T17:15:00Z,2026-07-17T19:15:00+0200,5685.28,MW,FR,FR,actual_solar_generation,Solar,2026-07-30T03:20:47Z
2026-07-30T03:19:56Z,2026-07-30T05:19:56+0200,892469bd-1f88-49dd-9e5e-40938c7b963c,2026-07-17T17:30:00Z,2026-07-17T19:30:00+0200,4680.84,MW,FR,FR,actual_solar_generation,Solar,2026-07-30T03:20:47Z
2026-07-30T03:19:56Z,2026-07-30T05:19:56+0200,892469bd-1f88-49dd-9e5e-40938c7b963c,2026-07-17T17:45:00Z,2026-07-17T19:45:00+0200,3725.27,MW,FR,FR,actual_solar_generation,Solar,2026-07-30T03:20:47Z
2026-07-30T03:19:56Z,2026-07-30T05:19:56+0200,892469bd-1f88-49dd-9e5e-40938c7b963c,2026-07-17T18:00:00Z,2026-07-17T20:00:00+0200,2867.02,MW,FR,FR,actual_solar_generation,Solar,2026-07-30T03:20:47Z
2026-07-30T03:19:56Z,2026-07-30T05:19:56+0200,892469bd-1f88-49dd-9e5e-40938c7b963c,2026-07-17T18:15:00Z,2026-07-17T20:15:00+0200,2147.38,MW,FR,FR,actual_solar_generation,Solar,2026-07-30T03:20:47Z
2026-07-30T03:19:56Z,2026-07-30T05:19:56+0200,892469bd-1f88-49dd-9e5e-40938c7b963c,2026-07-17T18:30:00Z,2026-07-17T20:30:00+0200,1570.14,MW,FR,FR,actual_solar_generation,Solar,2026-07-30T03:20:47Z
2026-07-30T03:19:56Z,2026-07-30T05:19:56+0200,892469bd-1f88-49dd-9e5e-40938c7b963c,2026-07-17T18:45:00Z,2026-07-17T20:45:00+0200,1127.8,MW,FR,FR,actual_solar_generation,Solar,2026-07-30T03:20:47Z
2026-07-30T03:19:56Z,2026-07-30T05:19:56+0200,892469bd-1f88-49dd-9e5e-40938c7b963c,2026-07-17T19:00:00Z,2026-07-17T21:00:00+0200,762.5,MW,FR,FR,actual_solar_generation,Solar,2026-07-30T03:20:47Z
2026-07-30T03:19:56Z,2026-07-30T05:19:56+0200,892469bd-1f88-49dd-9e5e-40938c7b963c,2026-07-17T19:15:00Z,2026-07-17T21:15:00+0200,471.5,MW,FR,FR,actual_solar_generation,Solar,2026-07-30T03:20:47Z
2026-07-30T03:19:56Z,2026-07-30T05:19:56+0200,892469bd-1f88-49dd-9e5e-40938c7b963c,2026-07-17T19:30:00Z,2026-07-17T21:30:00+0200,301.41,MW,FR,FR,actual_solar_generation,Solar,2026-07-30T03:20:47Z
2026-07-30T03:19:56Z,2026-07-30T05:19:56+0200,892469bd-1f88-49dd-9e5e-40938c7b963c,2026-07-17T19:45:00Z,2026-07-17T21:45:00+0200,226.23,MW,FR,FR,actual_solar_generation,Solar,2026-07-30T03:20:47Z
2026-07-30T03:19:56Z,2026-07-30T05:19:56+0200,892469bd-1f88-49dd-9e5e-40938c7b963c,2026-07-17T20:00:00Z,2026-07-17T22:00:00+0200,201.95,MW,FR,FR,actual_solar_generation,Solar,2026-07-30T03:20:47Z
2026-07-30T03:19:56Z,2026-07-30T05:19:56+0200,892469bd-1f88-49dd-9e5e-40938c7b963c,2026-07-17T20:15:00Z,2026-07-17T22:15:00+0200,199.23,MW,FR,FR,actual_solar_generation,Solar,2026-07-30T03:20:47Z
2026-07-30T03:19:56Z,2026-07-30T05:19:56+0200,892469bd-1f88-49dd-9e5e-40938c7b963c,2026-07-17T20:30:00Z,2026-07-17T22:30:00+0200,200.69,MW,FR,FR,actual_solar_generation,Solar,2026-07-30T03:20:47Z
2026-07-30T03:19:56Z,2026-07-30T05:19:56+0200,892469bd-1f88-49dd-9e5e-40938c7b963c,2026-07-17T20:45:00Z,2026-07-17T22:45:00+0200,202.59,MW,FR,FR,actual_solar_generation,Solar,2026-07-30T03:20:47Z
2026-07-30T03:19:56Z,2026-07-30T05:19:56+0200,892469bd-1f88-49dd-9e5e-40938c7b963c,2026-07-17T21:00:00Z,2026-07-17T23:00:00+0200,201.18,MW,FR,FR,actual_solar_generation,Solar,2026-07-30T03:20:47Z
2026-07-30T03:19:56Z,2026-07-30T05:19:56+0200,892469bd-1f88-49dd-9e5e-40938c7b963c,2026-07-17T21:15:00Z,2026-07-17T23:15:00+0200,202.18,MW,FR,FR,actual_solar_generation,Solar,2026-07-30T03:20:47Z
2026-07-30T03:19:56Z,2026-07-30T05:19:56+0200,892469bd-1f88-49dd-9e5e-40938c7b963c,2026-07-17T21:30:00Z,2026-07-17T23:30:00+0200,199.78,MW,FR,FR,actual_solar_generation,Solar,2026-07-30T03:20:47Z
2026-07-30T03:19:56Z,2026-07-30T05:19:56+0200,892469bd-1f88-49dd-9e5e-40938c7b963c,2026-07-17T21:45:00Z,2026-07-17T23:45:00+0200,197.71,MW,FR,FR,actual_solar_generation,Solar,2026-07-30T03:20:47Z
2026-07-30T03:19:56Z,2026-07-30T05:19:56+0200,892469bd-1f88-49dd-9e5e-40938c7b963c,2026-07-17T22:00:00Z,2026-07-18T00:00:00+0200,0.0,MW,FR,FR,actual_solar_generation,Solar,2026-07-30T03:20:47Z
2026-07-30T03:19:56Z,2026-07-30T05:19:56+0200,892469bd-1f88-49dd-9e5e-40938c7b963c,2026-07-17T22:15:00Z,2026-07-18T00:15:00+0200,0.0,MW,FR,FR,actual_solar_generation,Solar,2026-07-30T03:20:47Z
2026-07-30T03:19:56Z,2026-07-30T05:19:56+0200,892469bd-1f88-49dd-9e5e-40938c7b963c,2026-07-17T22:30:00Z,2026-07-18T00:30:00+0200,0.0,MW,FR,FR,actual_solar_generation,Solar,2026-07-30T03:20:47Z
2026-07-30T03:19:56Z,2026-07-30T05:19:56+0200,892469bd-1f88-49dd-9e5e-40938c7b963c,2026-07-17T22:45:00Z,2026-07-18T00:45:00+0200,0.0,MW,FR,FR,actual_solar_generation,Solar,2026-07-30T03:20:47Z
2026-07-30T03:19:56Z,2026-07-30T05:19:56+0200,892469bd-1f88-49dd-9e5e-40938c7b963c,2026-07-17T23:00:00Z,2026-07-18T01:00:00+0200,0.0,MW,FR,FR,actual_solar_generation,Solar,2026-07-30T03:20:47Z
2026-07-30T03:19:56Z,2026-07-30T05:19:56+0200,892469bd-1f88-49dd-9e5e-40938c7b963c,2026-07-17T23:15:00Z,2026-07-18T01:15:00+0200,0.0,MW,FR,FR,actual_solar_generation,Solar,2026-07-30T03:20:47Z
2026-07-30T03:19:56Z,2026-07-30T05:19:56+0200,892469bd-1f88-49dd-9e5e-40938c7b963c,2026-07-17T23:30:00Z,2026-07-18T01:30:00+0200,0.0,MW,FR,FR,actual_solar_generation,Solar,2026-07-30T03:20:47Z
2026-07-30T03:19:56Z,2026-07-30T05:19:56+0200,892469bd-1f88-49dd-9e5e-40938c7b963c,2026-07-17T23:45:00Z,2026-07-18T01:45:00+0200,0.0,MW,FR,FR,actual_solar_generation,Solar,2026-07-30T03:20:47Z
2026-07-30T03:19:56Z,2026-07-30T05:19:56+0200,892469bd-1f88-49dd-9e5e-40938c7b963c,2026-07-18T00:00:00Z,2026-07-18T02:00:00+0200,0.0,MW,FR,FR,actual_solar_generation,Solar,2026-07-30T03:20:47Z
2026-07-30T03:19:56Z,2026-07-30T05:19:56+0200,892469bd-1f88-49dd-9e5e-40938c7b963c,2026-07-18T00:15:00Z,2026-07-18T02:15:00+0200,0.0,MW,FR,FR,actual_solar_generation,Solar,2026-07-30T03:20:47Z
2026-07-30T03:19:56Z,2026-07-30T05:19:56+0200,892469bd-1f88-49dd-9e5e-40938c7b963c,2026-07-18T00:30:00Z,2026-07-18T02:30:00+0200,0.0,MW,FR,FR,actual_solar_generation,Solar,2026-07-30T03:20:47Z
2026-07-30T03:19:56Z,2026-07-30T05:19:56+0200,892469bd-1f88-49dd-9e5e-40938c7b963c,2026-07-18T00:45:00Z,2026-07-18T02:45:00+0200,0.0,MW,FR,FR,actual_solar_generation,Solar,2026-07-30T03:20:47Z
2026-07-30T03:19:56Z,2026-07-30T05:19:56+0200,892469bd-1f88-49dd-9e5e-40938c7b963c,2026-07-18T01:00:00Z,2026-07-18T03:00:00+0200,0.0,MW,FR,FR,actual_solar_generation,Solar,2026-07-30T03:20:47Z
2026-07-30T03:19:56Z,2026-07-30T05:19:56+0200,892469bd-1f88-49dd-9e5e-40938c7b963c,2026-07-18T01:15:00Z,2026-07-18T03:15:00+0200,0.0,MW,FR,FR,actual_solar_generation,Solar,2026-07-30T03:20:47Z
2026-07-30T03:19:56Z,2026-07-30T05:19:56+0200,892469bd-1f88-49dd-9e5e-40938c7b963c,2026-07-18T01:30:00Z,2026-07-18T03:30:00+0200,0.0,MW,FR,FR,actual_solar_generation,Solar,2026-07-30T03:20:47Z
2026-07-30T03:19:56Z,2026-07-30T05:19:56+0200,892469bd-1f88-49dd-9e5e-40938c7b963c,2026-07-18T01:45:00Z,2026-07-18T03:45:00+0200,0.0,MW,FR,FR,actual_solar_generation,Solar,2026-07-30T03:20:47Z
2026-07-30T03:19:56Z,2026-07-30T05:19:56+0200,892469bd-1f88-49dd-9e5e-40938c7b963c,2026-07-18T02:00:00Z,2026-07-18T04:00:00+0200,0.0,MW,FR,FR,actual_solar_generation,Solar,2026-07-30T03:20:47Z
2026-07-30T03:19:56Z,2026-07-30T05:19:56+0200,892469bd-1f88-49dd-9e5e-40938c7b963c,2026-07-18T02:15:00Z,2026-07-18T04:15:00+0200,0.0,MW,FR,FR,actual_solar_generation,Solar,2026-07-30T03:20:47Z
2026-07-30T03:19:56Z,2026-07-30T05:19:56+0200,892469bd-1f88-49dd-9e5e-40938c7b963c,2026-07-18T02:30:00Z,2026-07-18T04:30:00+0200,0.0,MW,FR,FR,actual_solar_generation,Solar,2026-07-30T03:20:47Z
2026-07-30T03:19:56Z,2026-07-30T05:19:56+0200,892469bd-1f88-49dd-9e5e-40938c7b963c,2026-07-18T02:45:00Z,2026-07-18T04:45:00+0200,0.0,MW,FR,FR,actual_solar_generation,Solar,2026-07-30T03:20:47Z
2026-07-30T03:19:56Z,2026-07-30T05:19:56+0200,892469bd-1f88-49dd-9e5e-40938c7b963c,2026-07-18T03:00:00Z,2026-07-18T05:00:00+0200,189.33,MW,FR,FR,actual_solar_generation,Solar,2026-07-30T03:20:47Z
2026-07-30T03:19:56Z,2026-07-30T05:19:56+0200,892469bd-1f88-49dd-9e5e-40938c7b963c,2026-07-18T03:15:00Z,2026-07-18T05:15:00+0200,189.33,MW,FR,FR,actual_solar_generation,Solar,2026-07-30T03:20:47Z
2026-07-30T03:19:56Z,2026-07-30T05:19:56+0200,892469bd-1f88-49dd-9e5e-40938c7b963c,2026-07-18T03:30:00Z,2026-07-18T05:30:00+0200,187.9,MW,FR,FR,actual_solar_generation,Solar,2026-07-30T03:20:47Z
2026-07-30T03:19:56Z,2026-07-30T05:19:56+0200,892469bd-1f88-49dd-9e5e-40938c7b963c,2026-07-18T03:45:00Z,2026-07-18T05:45:00+0200,195.01,MW,FR,FR,actual_solar_generation,Solar,2026-07-30T03:20:47Z
2026-07-30T03:19:56Z,2026-07-30T05:19:56+0200,892469bd-1f88-49dd-9e5e-40938c7b963c,2026-07-18T04:00:00Z,2026-07-18T06:00:00+0200,227.26,MW,FR,FR,actual_solar_generation,Solar,2026-07-30T03:20:47Z
2026-07-30T03:19:56Z,2026-07-30T05:19:56+0200,892469bd-1f88-49dd-9e5e-40938c7b963c,2026-07-18T04:15:00Z,2026-07-18T06:15:00+0200,278.02,MW,FR,FR,actual_solar_generation,Solar,2026-07-30T03:20:47Z
2026-07-30T03:19:56Z,2026-07-30T05:19:56+0200,892469bd-1f88-49dd-9e5e-40938c7b963c,2026-07-18T04:30:00Z,2026-07-18T06:30:00+0200,372.53,MW,FR,FR,actual_solar_generation,Solar,2026-07-30T03:20:47Z
2026-07-30T03:19:56Z,2026-07-30T05:19:56+0200,892469bd-1f88-49dd-9e5e-40938c7b963c,2026-07-18T04:45:00Z,2026-07-18T06:45:00+0200,578.68,MW,FR,FR,actual_solar_generation,Solar,2026-07-30T03:20:47Z
2026-07-30T03:19:56Z,2026-07-30T05:19:56+0200,892469bd-1f88-49dd-9e5e-40938c7b963c,2026-07-18T05:00:00Z,2026-07-18T07:00:00+0200,885.35,MW,FR,FR,actual_solar_generation,Solar,2026-07-30T03:20:47Z
2026-07-30T03:19:56Z,2026-07-30T05:19:56+0200,892469bd-1f88-49dd-9e5e-40938c7b963c,2026-07-18T05:15:00Z,2026-07-18T07:15:00+0200,1284.55,MW,FR,FR,actual_solar_generation,Solar,2026-07-30T03:20:47Z
2026-07-30T03:19:56Z,2026-07-30T05:19:56+0200,892469bd-1f88-49dd-9e5e-40938c7b963c,2026-07-18T05:30:00Z,2026-07-18T07:30:00+0200,1828.82,MW,FR,FR,actual_solar_generation,Solar,2026-07-30T03:20:47Z
2026-07-30T03:19:56Z,2026-07-30T05:19:56+0200,892469bd-1f88-49dd-9e5e-40938c7b963c,2026-07-18T05:45:00Z,2026-07-18T07:45:00+0200,2574.01,MW,FR,FR,actual_solar_generation,Solar,2026-07-30T03:20:47Z
2026-07-30T03:19:56Z,2026-07-30T05:19:56+0200,892469bd-1f88-49dd-9e5e-40938c7b963c,2026-07-18T06:00:00Z,2026-07-18T08:00:00+0200,3429.56,MW,FR,FR,actual_solar_generation,Solar,2026-07-30T03:20:47Z
2026-07-30T03:19:56Z,2026-07-30T05:19:56+0200,892469bd-1f88-49dd-9e5e-40938c7b963c,2026-07-18T06:15:00Z,2026-07-18T08:15:00+0200,4265.51,MW,FR,FR,actual_solar_generation,Solar,2026-07-30T03:20:47Z
2026-07-30T03:19:56Z,2026-07-30T05:19:56+0200,892469bd-1f88-49dd-9e5e-40938c7b963c,2026-07-18T06:30:00Z,2026-07-18T08:30:00+0200,5444.11,MW,FR,FR,actual_solar_generation,Solar,2026-07-30T03:20:47Z
2026-07-30T03:19:56Z,2026-07-30T05:19:56+0200,892469bd-1f88-49dd-9e5e-40938c7b963c,2026-07-18T06:45:00Z,2026-07-18T08:45:00+0200,6527.02,MW,FR,FR,actual_solar_generation,Solar,2026-07-30T03:20:47Z
2026-07-30T03:19:56Z,2026-07-30T05:19:56+0200,892469bd-1f88-49dd-9e5e-40938c7b963c,2026-07-18T07:00:00Z,2026-07-18T09:00:00+0200,7663.91,MW,FR,FR,actual_solar_generation,Solar,2026-07-30T03:20:47Z
2026-07-30T03:19:56Z,2026-07-30T05:19:56+0200,892469bd-1f88-49dd-9e5e-40938c7b963c,2026-07-18T07:15:00Z,2026-07-18T09:15:00+0200,9053.94,MW,FR,FR,actual_solar_generation,Solar,2026-07-30T03:20:47Z
2026-07-30T03:19:56Z,2026-07-30T05:19:56+0200,892469bd-1f88-49dd-9e5e-40938c7b963c,2026-07-18T07:30:00Z,2026-07-18T09:30:00+0200,10268.11,MW,FR,FR,actual_solar_generation,Solar,2026-07-30T03:20:47Z
2026-07-30T03:19:56Z,2026-07-30T05:19:56+0200,892469bd-1f88-49dd-9e5e-40938c7b963c,2026-07-18T07:45:00Z,2026-07-18T09:45:00+0200,11417.34,MW,FR,FR,actual_solar_generation,Solar,2026-07-30T03:20:47Z
2026-07-30T03:19:56Z,2026-07-30T05:19:56+0200,892469bd-1f88-49dd-9e5e-40938c7b963c,2026-07-18T08:00:00Z,2026-07-18T10:00:00+0200,12642.47,MW,FR,FR,actual_solar_generation,Solar,2026-07-30T03:20:47Z
2026-07-30T03:19:56Z,2026-07-30T05:19:56+0200,892469bd-1f88-49dd-9e5e-40938c7b963c,2026-07-18T08:15:00Z,2026-07-18T10:15:00+0200,13889.34,MW,FR,FR,actual_solar_generation,Solar,2026-07-30T03:20:47Z
2026-07-30T03:19:56Z,2026-07-30T05:19:56+0200,892469bd-1f88-49dd-9e5e-40938c7b963c,2026-07-18T08:30:00Z,2026-07-18T10:30:00+0200,15007.52,MW,FR,FR,actual_solar_generation,Solar,2026-07-30T03:20:47Z
2026-07-30T03:19:56Z,2026-07-30T05:19:56+0200,892469bd-1f88-49dd-9e5e-40938c7b963c,2026-07-18T08:45:00Z,2026-07-18T10:45:00+0200,15940.62,MW,FR,FR,actual_solar_generation,Solar,2026-07-30T03:20:47Z
2026-07-30T03:19:56Z,2026-07-30T05:19:56+0200,892469bd-1f88-49dd-9e5e-40938c7b963c,2026-07-18T09:00:00Z,2026-07-18T11:00:00+0200,16875.81,MW,FR,FR,actual_solar_generation,Solar,2026-07-30T03:20:47Z
2026-07-30T03:19:56Z,2026-07-30T05:19:56+0200,892469bd-1f88-49dd-9e5e-40938c7b963c,2026-07-18T09:15:00Z,2026-07-18T11:15:00+0200,17593.81,MW,FR,FR,actual_solar_generation,Solar,2026-07-30T03:20:47Z
2026-07-30T03:19:56Z,2026-07-30T05:19:56+0200,892469bd-1f88-49dd-9e5e-40938c7b963c,2026-07-18T09:30:00Z,2026-07-18T11:30:00+0200,18384.92,MW,FR,FR,actual_solar_generation,Solar,2026-07-30T03:20:47Z
2026-07-30T03:19:56Z,2026-07-30T05:19:56+0200,892469bd-1f88-49dd-9e5e-40938c7b963c,2026-07-18T09:45:00Z,2026-07-18T11:45:00+0200,19019.31,MW,FR,FR,actual_solar_generation,Solar,2026-07-30T03:20:47Z
2026-07-30T03:19:56Z,2026-07-30T05:19:56+0200,892469bd-1f88-49dd-9e5e-40938c7b963c,2026-07-18T10:00:00Z,2026-07-18T12:00:00+0200,19561.66,MW,FR,FR,actual_solar_generation,Solar,2026-07-30T03:20:47Z
2026-07-30T03:19:56Z,2026-07-30T05:19:56+0200,892469bd-1f88-49dd-9e5e-40938c7b963c,2026-07-18T10:15:00Z,2026-07-18T12:15:00+0200,19929.09,MW,FR,FR,actual_solar_generation,Solar,2026-07-30T03:20:47Z
2026-07-30T03:19:56Z,2026-07-30T05:19:56+0200,892469bd-1f88-49dd-9e5e-40938c7b963c,2026-07-18T10:30:00Z,2026-07-18T12:30:00+0200,20057.64,MW,FR,FR,actual_solar_generation,Solar,2026-07-30T03:20:47Z
2026-07-30T03:19:56Z,2026-07-30T05:19:56+0200,892469bd-1f88-49dd-9e5e-40938c7b963c,2026-07-18T10:45:00Z,2026-07-18T12:45:00+0200,20083.26,MW,FR,FR,actual_solar_generation,Solar,2026-07-30T03:20:47Z
2026-07-30T03:19:56Z,2026-07-30T05:19:56+0200,892469bd-1f88-49dd-9e5e-40938c7b963c,2026-07-18T11:00:00Z,2026-07-18T13:00:00+0200,19978.85,MW,FR,FR,actual_solar_generation,Solar,2026-07-30T03:20:47Z
2026-07-30T03:19:56Z,2026-07-30T05:19:56+0200,892469bd-1f88-49dd-9e5e-40938c7b963c,2026-07-18T11:15:00Z,2026-07-18T13:15:00+0200,18435.86,MW,FR,FR,actual_solar_generation,Solar,2026-07-30T03:20:47Z
2026-07-30T03:19:56Z,2026-07-30T05:19:56+0200,892469bd-1f88-49dd-9e5e-40938c7b963c,2026-07-18T11:30:00Z,2026-07-18T13:30:00+0200,15548.19,MW,FR,FR,actual_solar_generation,Solar,2026-07-30T03:20:47Z
2026-07-30T03:19:56Z,2026-07-30T05:19:56+0200,892469bd-1f88-49dd-9e5e-40938c7b963c,2026-07-18T11:45:00Z,2026-07-18T13:45:00+0200,16514.35,MW,FR,FR,actual_solar_generation,Solar,2026-07-30T03:20:47Z
2026-07-30T03:19:56Z,2026-07-30T05:19:56+0200,892469bd-1f88-49dd-9e5e-40938c7b963c,2026-07-18T12:00:00Z,2026-07-18T14:00:00+0200,16471.21,MW,FR,FR,actual_solar_generation,Solar,2026-07-30T03:20:47Z
2026-07-30T03:19:56Z,2026-07-30T05:19:56+0200,892469bd-1f88-49dd-9e5e-40938c7b963c,2026-07-18T12:15:00Z,2026-07-18T14:15:00+0200,16178.94,MW,FR,FR,actual_solar_generation,Solar,2026-07-30T03:20:47Z
2026-07-30T03:19:56Z,2026-07-30T05:19:56+0200,892469bd-1f88-49dd-9e5e-40938c7b963c,2026-07-18T12:30:00Z,2026-07-18T14:30:00+0200,16333.27,MW,FR,FR,actual_solar_generation,Solar,2026-07-30T03:20:47Z
2026-07-30T03:19:56Z,2026-07-30T05:19:56+0200,892469bd-1f88-49dd-9e5e-40938c7b963c,2026-07-18T12:45:00Z,2026-07-18T14:45:00+0200,16118.8,MW,FR,FR,actual_solar_generation,Solar,2026-07-30T03:20:47Z
2026-07-30T03:19:56Z,2026-07-30T05:19:56+0200,892469bd-1f88-49dd-9e5e-40938c7b963c,2026-07-18T13:00:00Z,2026-07-18T15:00:00+0200,17881.75,MW,FR,FR,actual_solar_generation,Solar,2026-07-30T03:20:47Z
2026-07-30T03:19:56Z,2026-07-30T05:19:56+0200,892469bd-1f88-49dd-9e5e-40938c7b963c,2026-07-18T13:15:00Z,2026-07-18T15:15:00+0200,18969.66,MW,FR,FR,actual_solar_generation,Solar,2026-07-30T03:20:47Z
2026-07-30T03:19:56Z,2026-07-30T05:19:56+0200,892469bd-1f88-49dd-9e5e-40938c7b963c,2026-07-18T13:30:00Z,2026-07-18T15:30:00+0200,18281.0,MW,FR,FR,actual_solar_generation,Solar,2026-07-30T03:20:47Z
2026-07-30T03:19:56Z,2026-07-30T05:19:56+0200,892469bd-1f88-49dd-9e5e-40938c7b963c,2026-07-18T13:45:00Z,2026-07-18T15:45:00+0200,18041.75,MW,FR,FR,actual_solar_generation,Solar,2026-07-30T03:20:47Z
2026-07-30T03:19:56Z,2026-07-30T05:19:56+0200,892469bd-1f88-49dd-9e5e-40938c7b963c,2026-07-18T14:00:00Z,2026-07-18T16:00:00+0200,17684.91,MW,FR,FR,actual_solar_generation,Solar,2026-07-30T03:20:47Z
2026-07-30T03:19:56Z,2026-07-30T05:19:56+0200,892469bd-1f88-49dd-9e5e-40938c7b963c,2026-07-18T14:15:00Z,2026-07-18T16:15:00+0200,17056.76,MW,FR,FR,actual_solar_generation,Solar,2026-07-30T03:20:47Z
2026-07-30T03:19:56Z,2026-07-30T05:19:56+0200,892469bd-1f88-49dd-9e5e-40938c7b963c,2026-07-18T14:30:00Z,2026-07-18T16:30:00+0200,16424.39,MW,FR,FR,actual_solar_generation,Solar,2026-07-30T03:20:47Z
2026-07-30T03:19:56Z,2026-07-30T05:19:56+0200,892469bd-1f88-49dd-9e5e-40938c7b963c,2026-07-18T14:45:00Z,2026-07-18T16:45:00+0200,15684.67,MW,FR,FR,actual_solar_generation,Solar,2026-07-30T03:20:47Z
2026-07-30T03:19:56Z,2026-07-30T05:19:56+0200,892469bd-1f88-49dd-9e5e-40938c7b963c,2026-07-18T15:00:00Z,2026-07-18T17:00:00+0200,15037.34,MW,FR,FR,actual_solar_generation,Solar,2026-07-30T03:20:47Z
2026-07-30T03:19:56Z,2026-07-30T05:19:56+0200,892469bd-1f88-49dd-9e5e-40938c7b963c,2026-07-18T15:15:00Z,2026-07-18T17:15:00+0200,14162.23,MW,FR,FR,actual_solar_generation,Solar,2026-07-30T03:20:47Z
2026-07-30T03:19:56Z,2026-07-30T05:19:56+0200,892469bd-1f88-49dd-9e5e-40938c7b963c,2026-07-18T15:30:00Z,2026-07-18T17:30:00+0200,13430.73,MW,FR,FR,actual_solar_generation,Solar,2026-07-30T03:20:47Z
2026-07-30T03:19:56Z,2026-07-30T05:19:56+0200,892469bd-1f88-49dd-9e5e-40938c7b963c,2026-07-18T15:45:00Z,2026-07-18T17:45:00+0200,12551.82,MW,FR,FR,actual_solar_generation,Solar,2026-07-30T03:20:47Z
2026-07-30T03:19:56Z,2026-07-30T05:19:56+0200,892469bd-1f88-49dd-9e5e-40938c7b963c,2026-07-18T16:00:00Z,2026-07-18T18:00:00+0200,11635.81,MW,FR,FR,actual_solar_generation,Solar,2026-07-30T03:20:47Z
2026-07-30T03:19:56Z,2026-07-30T05:19:56+0200,892469bd-1f88-49dd-9e5e-40938c7b963c,2026-07-18T16:15:00Z,2026-07-18T18:15:00+0200,10543.43,MW,FR,FR,actual_solar_generation,Solar,2026-07-30T03:20:47Z
2026-07-30T03:19:56Z,2026-07-30T05:19:56+0200,892469bd-1f88-49dd-9e5e-40938c7b963c,2026-07-18T16:30:00Z,2026-07-18T18:30:00+0200,9506.61,MW,FR,FR,actual_solar_generation,Solar,2026-07-30T03:20:47Z
2026-07-30T03:19:56Z,2026-07-30T05:19:56+0200,892469bd-1f88-49dd-9e5e-40938c7b963c,2026-07-18T16:45:00Z,2026-07-18T18:45:00+0200,8394.51,MW,FR,FR,actual_solar_generation,Solar,2026-07-30T03:20:47Z
2026-07-30T03:19:56Z,2026-07-30T05:19:56+0200,892469bd-1f88-49dd-9e5e-40938c7b963c,2026-07-18T17:00:00Z,2026-07-18T19:00:00+0200,7179.36,MW,FR,FR,actual_solar_generation,Solar,2026-07-30T03:20:47Z
2026-07-30T03:19:56Z,2026-07-30T05:19:56+0200,892469bd-1f88-49dd-9e5e-40938c7b963c,2026-07-18T17:15:00Z,2026-07-18T19:15:00+0200,6125.85,MW,FR,FR,actual_solar_generation,Solar,2026-07-30T03:20:47Z
2026-07-30T03:19:56Z,2026-07-30T05:19:56+0200,892469bd-1f88-49dd-9e5e-40938c7b963c,2026-07-18T17:30:00Z,2026-07-18T19:30:00+0200,4990.89,MW,FR,FR,actual_solar_generation,Solar,2026-07-30T03:20:47Z
2026-07-30T03:19:56Z,2026-07-30T05:19:56+0200,892469bd-1f88-49dd-9e5e-40938c7b963c,2026-07-18T17:45:00Z,2026-07-18T19:45:00+0200,3971.8,MW,FR,FR,actual_solar_generation,Solar,2026-07-30T03:20:47Z
2026-07-30T03:19:56Z,2026-07-30T05:19:56+0200,892469bd-1f88-49dd-9e5e-40938c7b963c,2026-07-18T18:00:00Z,2026-07-18T20:00:00+0200,3032.35,MW,FR,FR,actual_solar_generation,Solar,2026-07-30T03:20:47Z
2026-07-30T03:19:56Z,2026-07-30T05:19:56+0200,892469bd-1f88-49dd-9e5e-40938c7b963c,2026-07-18T18:15:00Z,2026-07-18T20:15:00+0200,2275.75,MW,FR,FR,actual_solar_generation,Solar,2026-07-30T03:20:47Z
2026-07-30T03:19:56Z,2026-07-30T05:19:56+0200,892469bd-1f88-49dd-9e5e-40938c7b963c,2026-07-18T18:30:00Z,2026-07-18T20:30:00+0200,1662.98,MW,FR,FR,actual_solar_generation,Solar,2026-07-30T03:20:47Z
2026-07-30T03:19:56Z,2026-07-30T05:19:56+0200,892469bd-1f88-49dd-9e5e-40938c7b963c,2026-07-18T18:45:00Z,2026-07-18T20:45:00+0200,1185.0,MW,FR,FR,actual_solar_generation,Solar,2026-07-30T03:20:47Z
2026-07-30T03:19:56Z,2026-07-30T05:19:56+0200,892469bd-1f88-49dd-9e5e-40938c7b963c,2026-07-18T19:00:00Z,2026-07-18T21:00:00+0200,786.64,MW,FR,FR,actual_solar_generation,Solar,2026-07-30T03:20:47Z
2026-07-30T03:19:56Z,2026-07-30T05:19:56+0200,892469bd-1f88-49dd-9e5e-40938c7b963c,2026-07-18T19:15:00Z,2026-07-18T21:15:00+0200,489.44,MW,FR,FR,actual_solar_generation,Solar,2026-07-30T03:20:47Z
2026-07-30T03:19:56Z,2026-07-30T05:19:56+0200,892469bd-1f88-49dd-9e5e-40938c7b963c,2026-07-18T19:30:00Z,2026-07-18T21:30:00+0200,309.8,MW,FR,FR,actual_solar_generation,Solar,2026-07-30T03:20:47Z
2026-07-30T03:19:56Z,2026-07-30T05:19:56+0200,892469bd-1f88-49dd-9e5e-40938c7b963c,2026-07-18T19:45:00Z,2026-07-18T21:45:00+0200,237.91,MW,FR,FR,actual_solar_generation,Solar,2026-07-30T03:20:47Z
2026-07-30T03:19:56Z,2026-07-30T05:19:56+0200,892469bd-1f88-49dd-9e5e-40938c7b963c,2026-07-18T20:00:00Z,2026-07-18T22:00:00+0200,220.52,MW,FR,FR,actual_solar_generation,Solar,2026-07-30T03:20:47Z
2026-07-30T03:19:56Z,2026-07-30T05:19:56+0200,892469bd-1f88-49dd-9e5e-40938c7b963c,2026-07-18T20:15:00Z,2026-07-18T22:15:00+0200,217.66,MW,FR,FR,actual_solar_generation,Solar,2026-07-30T03:20:47Z
2026-07-30T03:19:56Z,2026-07-30T05:19:56+0200,892469bd-1f88-49dd-9e5e-40938c7b963c,2026-07-18T20:30:00Z,2026-07-18T22:30:00+0200,219.05,MW,FR,FR,actual_solar_generation,Solar,2026-07-30T03:20:47Z
2026-07-30T03:19:56Z,2026-07-30T05:19:56+0200,892469bd-1f88-49dd-9e5e-40938c7b963c,2026-07-18T20:45:00Z,2026-07-18T22:45:00+0200,222.35,MW,FR,FR,actual_solar_generation,Solar,2026-07-30T03:20:47Z
2026-07-30T03:19:56Z,2026-07-30T05:19:56+0200,892469bd-1f88-49dd-9e5e-40938c7b963c,2026-07-18T21:00:00Z,2026-07-18T23:00:00+0200,216.79,MW,FR,FR,actual_solar_generation,Solar,2026-07-30T03:20:47Z
2026-07-30T03:19:56Z,2026-07-30T05:19:56+0200,892469bd-1f88-49dd-9e5e-40938c7b963c,2026-07-18T21:15:00Z,2026-07-18T23:15:00+0200,213.92,MW,FR,FR,actual_solar_generation,Solar,2026-07-30T03:20:47Z
2026-07-30T03:19:56Z,2026-07-30T05:19:56+0200,892469bd-1f88-49dd-9e5e-40938c7b963c,2026-07-18T21:30:00Z,2026-07-18T23:30:00+0200,212.17,MW,FR,FR,actual_solar_generation,Solar,2026-07-30T03:20:47Z
2026-07-30T03:19:56Z,2026-07-30T05:19:56+0200,892469bd-1f88-49dd-9e5e-40938c7b963c,2026-07-18T21:45:00Z,2026-07-18T23:45:00+0200,210.25,MW,FR,FR,actual_solar_generation,Solar,2026-07-30T03:20:47Z
2026-07-30T03:19:56Z,2026-07-30T05:19:56+0200,892469bd-1f88-49dd-9e5e-40938c7b963c,2026-07-18T22:00:00Z,2026-07-19T00:00:00+0200,0.0,MW,FR,FR,actual_solar_generation,Solar,2026-07-30T03:20:47Z
2026-07-30T03:19:56Z,2026-07-30T05:19:56+0200,892469bd-1f88-49dd-9e5e-40938c7b963c,2026-07-18T22:15:00Z,2026-07-19T00:15:00+0200,0.0,MW,FR,FR,actual_solar_generation,Solar,2026-07-30T03:20:47Z
2026-07-30T03:19:56Z,2026-07-30T05:19:56+0200,892469bd-1f88-49dd-9e5e-40938c7b963c,2026-07-18T22:30:00Z,2026-07-19T00:30:00+0200,0.0,MW,FR,FR,actual_solar_generation,Solar,2026-07-30T03:20:47Z
2026-07-30T03:19:56Z,2026-07-30T05:19:56+0200,892469bd-1f88-49dd-9e5e-40938c7b963c,2026-07-18T22:45:00Z,2026-07-19T00:45:00+0200,0.0,MW,FR,FR,actual_solar_generation,Solar,2026-07-30T03:20:47Z
2026-07-30T03:19:56Z,2026-07-30T05:19:56+0200,892469bd-1f88-49dd-9e5e-40938c7b963c,2026-07-18T23:00:00Z,2026-07-19T01:00:00+0200,0.0,MW,FR,FR,actual_solar_generation,Solar,2026-07-30T03:20:47Z
2026-07-30T03:19:56Z,2026-07-30T05:19:56+0200,892469bd-1f88-49dd-9e5e-40938c7b963c,2026-07-18T23:15:00Z,2026-07-19T01:15:00+0200,0.0,MW,FR,FR,actual_solar_generation,Solar,2026-07-30T03:20:47Z
2026-07-30T03:19:56Z,2026-07-30T05:19:56+0200,892469bd-1f88-49dd-9e5e-40938c7b963c,2026-07-18T23:30:00Z,2026-07-19T01:30:00+0200,0.0,MW,FR,FR,actual_solar_generation,Solar,2026-07-30T03:20:47Z
2026-07-30T03:19:56Z,2026-07-30T05:19:56+0200,892469bd-1f88-49dd-9e5e-40938c7b963c,2026-07-18T23:45:00Z,2026-07-19T01:45:00+0200,0.0,MW,FR,FR,actual_solar_generation,Solar,2026-07-30T03:20:47Z
2026-07-30T03:19:56Z,2026-07-30T05:19:56+0200,892469bd-1f88-49dd-9e5e-40938c7b963c,2026-07-19T00:00:00Z,2026-07-19T02:00:00+0200,0.0,MW,FR,FR,actual_solar_generation,Solar,2026-07-30T03:20:47Z
2026-07-30T03:19:56Z,2026-07-30T05:19:56+0200,892469bd-1f88-49dd-9e5e-40938c7b963c,2026-07-19T00:15:00Z,2026-07-19T02:15:00+0200,0.0,MW,FR,FR,actual_solar_generation,Solar,2026-07-30T03:20:47Z
2026-07-30T03:19:56Z,2026-07-30T05:19:56+0200,892469bd-1f88-49dd-9e5e-40938c7b963c,2026-07-19T00:30:00Z,2026-07-19T02:30:00+0200,0.0,MW,FR,FR,actual_solar_generation,Solar,2026-07-30T03:20:47Z
2026-07-30T03:19:56Z,2026-07-30T05:19:56+0200,892469bd-1f88-49dd-9e5e-40938c7b963c,2026-07-19T00:45:00Z,2026-07-19T02:45:00+0200,0.0,MW,FR,FR,actual_solar_generation,Solar,2026-07-30T03:20:47Z
2026-07-30T03:19:56Z,2026-07-30T05:19:56+0200,892469bd-1f88-49dd-9e5e-40938c7b963c,2026-07-19T01:00:00Z,2026-07-19T03:00:00+0200,0.0,MW,FR,FR,actual_solar_generation,Solar,2026-07-30T03:20:47Z
2026-07-30T03:19:56Z,2026-07-30T05:19:56+0200,892469bd-1f88-49dd-9e5e-40938c7b963c,2026-07-19T01:15:00Z,2026-07-19T03:15:00+0200,0.0,MW,FR,FR,actual_solar_generation,Solar,2026-07-30T03:20:47Z
2026-07-30T03:19:56Z,2026-07-30T05:19:56+0200,892469bd-1f88-49dd-9e5e-40938c7b963c,2026-07-19T01:30:00Z,2026-07-19T03:30:00+0200,0.0,MW,FR,FR,actual_solar_generation,Solar,2026-07-30T03:20:47Z
2026-07-30T03:19:56Z,2026-07-30T05:19:56+0200,892469bd-1f88-49dd-9e5e-40938c7b963c,2026-07-19T01:45:00Z,2026-07-19T03:45:00+0200,0.0,MW,FR,FR,actual_solar_generation,Solar,2026-07-30T03:20:47Z
2026-07-30T03:19:56Z,2026-07-30T05:19:56+0200,892469bd-1f88-49dd-9e5e-40938c7b963c,2026-07-19T02:00:00Z,2026-07-19T04:00:00+0200,0.0,MW,FR,FR,actual_solar_generation,Solar,2026-07-30T03:20:47Z
2026-07-30T03:19:56Z,2026-07-30T05:19:56+0200,892469bd-1f88-49dd-9e5e-40938c7b963c,2026-07-19T02:15:00Z,2026-07-19T04:15:00+0200,0.0,MW,FR,FR,actual_solar_generation,Solar,2026-07-30T03:20:47Z
2026-07-30T03:19:56Z,2026-07-30T05:19:56+0200,892469bd-1f88-49dd-9e5e-40938c7b963c,2026-07-19T02:30:00Z,2026-07-19T04:30:00+0200,0.0,MW,FR,FR,actual_solar_generation,Solar,2026-07-30T03:20:47Z
2026-07-30T03:19:56Z,2026-07-30T05:19:56+0200,892469bd-1f88-49dd-9e5e-40938c7b963c,2026-07-19T02:45:00Z,2026-07-19T04:45:00+0200,0.0,MW,FR,FR,actual_solar_generation,Solar,2026-07-30T03:20:47Z
2026-07-30T03:19:56Z,2026-07-30T05:19:56+0200,892469bd-1f88-49dd-9e5e-40938c7b963c,2026-07-19T03:00:00Z,2026-07-19T05:00:00+0200,211.16,MW,FR,FR,actual_solar_generation,Solar,2026-07-30T03:20:47Z
2026-07-30T03:19:56Z,2026-07-30T05:19:56+0200,892469bd-1f88-49dd-9e5e-40938c7b963c,2026-07-19T03:15:00Z,2026-07-19T05:15:00+0200,210.05,MW,FR,FR,actual_solar_generation,Solar,2026-07-30T03:20:47Z
2026-07-30T03:19:56Z,2026-07-30T05:19:56+0200,892469bd-1f88-49dd-9e5e-40938c7b963c,2026-07-19T03:30:00Z,2026-07-19T05:30:00+0200,208.59,MW,FR,FR,actual_solar_generation,Solar,2026-07-30T03:20:47Z
2026-07-30T03:19:56Z,2026-07-30T05:19:56+0200,892469bd-1f88-49dd-9e5e-40938c7b963c,2026-07-19T03:45:00Z,2026-07-19T05:45:00+0200,216.62,MW,FR,FR,actual_solar_generation,Solar,2026-07-30T03:20:47Z
2026-07-30T03:19:56Z,2026-07-30T05:19:56+0200,892469bd-1f88-49dd-9e5e-40938c7b963c,2026-07-19T04:00:00Z,2026-07-19T06:00:00+0200,241.45,MW,FR,FR,actual_solar_generation,Solar,2026-07-30T03:20:47Z
2026-07-30T03:19:56Z,2026-07-30T05:19:56+0200,892469bd-1f88-49dd-9e5e-40938c7b963c,2026-07-19T04:15:00Z,2026-07-19T06:15:00+0200,291.21,MW,FR,FR,actual_solar_generation,Solar,2026-07-30T03:20:47Z
2026-07-30T03:19:56Z,2026-07-30T05:19:56+0200,892469bd-1f88-49dd-9e5e-40938c7b963c,2026-07-19T04:30:00Z,2026-07-19T06:30:00+0200,392.12,MW,FR,FR,actual_solar_generation,Solar,2026-07-30T03:20:47Z
2026-07-30T03:19:56Z,2026-07-30T05:19:56+0200,892469bd-1f88-49dd-9e5e-40938c7b963c,2026-07-19T04:45:00Z,2026-07-19T06:45:00+0200,602.59,MW,FR,FR,actual_solar_generation,Solar,2026-07-30T03:20:47Z
2026-07-30T03:19:56Z,2026-07-30T05:19:56+0200,892469bd-1f88-49dd-9e5e-40938c7b963c,2026-07-19T05:00:00Z,2026-07-19T07:00:00+0200,908.46,MW,FR,FR,actual_solar_generation,Solar,2026-07-30T03:20:47Z
2026-07-30T03:19:56Z,2026-07-30T05:19:56+0200,892469bd-1f88-49dd-9e5e-40938c7b963c,2026-07-19T05:15:00Z,2026-07-19T07:15:00+0200,1329.49,MW,FR,FR,actual_solar_generation,Solar,2026-07-30T03:20:47Z
2026-07-30T03:19:56Z,2026-07-30T05:19:56+0200,892469bd-1f88-49dd-9e5e-40938c7b963c,2026-07-19T05:30:00Z,2026-07-19T07:30:00+0200,1908.11,MW,FR,FR,actual_solar_generation,Solar,2026-07-30T03:20:47Z
2026-07-30T03:19:56Z,2026-07-30T05:19:56+0200,892469bd-1f88-49dd-9e5e-40938c7b963c,2026-07-19T05:45:00Z,2026-07-19T07:45:00+0200,2671.33,MW,FR,FR,actual_solar_generation,Solar,2026-07-30T03:20:47Z
2026-07-30T03:19:56Z,2026-07-30T05:19:56+0200,892469bd-1f88-49dd-9e5e-40938c7b963c,2026-07-19T06:00:00Z,2026-07-19T08:00:00+0200,3540.28,MW,FR,FR,actual_solar_generation,Solar,2026-07-30T03:20:47Z
2026-07-30T03:19:56Z,2026-07-30T05:19:56+0200,892469bd-1f88-49dd-9e5e-40938c7b963c,2026-07-19T06:15:00Z,2026-07-19T08:15:00+0200,4361.33,MW,FR,FR,actual_solar_generation,Solar,2026-07-30T03:20:47Z
2026-07-30T03:19:56Z,2026-07-30T05:19:56+0200,892469bd-1f88-49dd-9e5e-40938c7b963c,2026-07-19T06:30:00Z,2026-07-19T08:30:00+0200,5545.13,MW,FR,FR,actual_solar_generation,Solar,2026-07-30T03:20:47Z
2026-07-30T03:19:56Z,2026-07-30T05:19:56+0200,892469bd-1f88-49dd-9e5e-40938c7b963c,2026-07-19T06:45:00Z,2026-07-19T08:45:00+0200,6647.01,MW,FR,FR,actual_solar_generation,Solar,2026-07-30T03:20:47Z
2026-07-30T03:19:56Z,2026-07-30T05:19:56+0200,892469bd-1f88-49dd-9e5e-40938c7b963c,2026-07-19T07:00:00Z,2026-07-19T09:00:00+0200,7806.0,MW,FR,FR,actual_solar_generation,Solar,2026-07-30T03:20:47Z
2026-07-30T03:19:56Z,2026-07-30T05:19:56+0200,892469bd-1f88-49dd-9e5e-40938c7b963c,2026-07-19T07:15:00Z,2026-07-19T09:15:00+0200,8513.98,MW,FR,FR,actual_solar_generation,Solar,2026-07-30T03:20:47Z
2026-07-30T03:19:56Z,2026-07-30T05:19:56+0200,892469bd-1f88-49dd-9e5e-40938c7b963c,2026-07-19T07:30:00Z,2026-07-19T09:30:00+0200,8161.21,MW,FR,FR,actual_solar_generation,Solar,2026-07-30T03:20:47Z
2026-07-30T03:19:56Z,2026-07-30T05:19:56+0200,892469bd-1f88-49dd-9e5e-40938c7b963c,2026-07-19T07:45:00Z,2026-07-19T09:45:00+0200,8889.42,MW,FR,FR,actual_solar_generation,Solar,2026-07-30T03:20:47Z
2026-07-30T03:19:56Z,2026-07-30T05:19:56+0200,892469bd-1f88-49dd-9e5e-40938c7b963c,2026-07-19T08:00:00Z,2026-07-19T10:00:00+0200,10123.05,MW,FR,FR,actual_solar_generation,Solar,2026-07-30T03:20:47Z
2026-07-30T03:19:56Z,2026-07-30T05:19:56+0200,892469bd-1f88-49dd-9e5e-40938c7b963c,2026-07-19T08:15:00Z,2026-07-19T10:15:00+0200,10511.88,MW,FR,FR,actual_solar_generation,Solar,2026-07-30T03:20:47Z
2026-07-30T03:19:56Z,2026-07-30T05:19:56+0200,892469bd-1f88-49dd-9e5e-40938c7b963c,2026-07-19T08:30:00Z,2026-07-19T10:30:00+0200,11269.36,MW,FR,FR,actual_solar_generation,Solar,2026-07-30T03:20:47Z
2026-07-30T03:19:56Z,2026-07-30T05:19:56+0200,892469bd-1f88-49dd-9e5e-40938c7b963c,2026-07-19T08:45:00Z,2026-07-19T10:45:00+0200,12014.51,MW,FR,FR,actual_solar_generation,Solar,2026-07-30T03:20:47Z
2026-07-30T03:19:56Z,2026-07-30T05:19:56+0200,892469bd-1f88-49dd-9e5e-40938c7b963c,2026-07-19T09:00:00Z,2026-07-19T11:00:00+0200,12737.85,MW,FR,FR,actual_solar_generation,Solar,2026-07-30T03:20:47Z
2026-07-30T03:19:56Z,2026-07-30T05:19:56+0200,892469bd-1f88-49dd-9e5e-40938c7b963c,2026-07-19T09:15:00Z,2026-07-19T11:15:00+0200,13213.62,MW,FR,FR,actual_solar_generation,Solar,2026-07-30T03:20:47Z
2026-07-30T03:19:56Z,2026-07-30T05:19:56+0200,892469bd-1f88-49dd-9e5e-40938c7b963c,2026-07-19T09:30:00Z,2026-07-19T11:30:00+0200,13609.15,MW,FR,FR,actual_solar_generation,Solar,2026-07-30T03:20:47Z
2026-07-30T03:19:56Z,2026-07-30T05:19:56+0200,892469bd-1f88-49dd-9e5e-40938c7b963c,2026-07-19T09:45:00Z,2026-07-19T11:45:00+0200,14004.34,MW,FR,FR,actual_solar_generation,Solar,2026-07-30T03:20:47Z
2026-07-30T03:19:56Z,2026-07-30T05:19:56+0200,892469bd-1f88-49dd-9e5e-40938c7b963c,2026-07-19T10:00:00Z,2026-07-19T12:00:00+0200,14346.15,MW,FR,FR,actual_solar_generation,Solar,2026-07-30T03:20:47Z
2026-07-30T03:19:56Z,2026-07-30T05:19:56+0200,892469bd-1f88-49dd-9e5e-40938c7b963c,2026-07-19T10:15:00Z,2026-07-19T12:15:00+0200,14073.9,MW,FR,FR,actual_solar_generation,Solar,2026-07-30T03:20:47Z
2026-07-30T03:19:56Z,2026-07-30T05:19:56+0200,892469bd-1f88-49dd-9e5e-40938c7b963c,2026-07-19T10:30:00Z,2026-07-19T12:30:00+0200,13259.41,MW,FR,FR,actual_solar_generation,Solar,2026-07-30T03:20:47Z
2026-07-30T03:19:56Z,2026-07-30T05:19:56+0200,892469bd-1f88-49dd-9e5e-40938c7b963c,2026-07-19T10:45:00Z,2026-07-19T12:45:00+0200,12940.9,MW,FR,FR,actual_solar_generation,Solar,2026-07-30T03:20:47Z
2026-07-30T03:19:56Z,2026-07-30T05:19:56+0200,892469bd-1f88-49dd-9e5e-40938c7b963c,2026-07-19T11:00:00Z,2026-07-19T13:00:00+0200,12673.67,MW,FR,FR,actual_solar_generation,Solar,2026-07-30T03:20:47Z
2026-07-30T03:19:56Z,2026-07-30T05:19:56+0200,892469bd-1f88-49dd-9e5e-40938c7b963c,2026-07-19T11:15:00Z,2026-07-19T13:15:00+0200,12442.02,MW,FR,FR,actual_solar_generation,Solar,2026-07-30T03:20:47Z
2026-07-30T03:19:56Z,2026-07-30T05:19:56+0200,892469bd-1f88-49dd-9e5e-40938c7b963c,2026-07-19T11:30:00Z,2026-07-19T13:30:00+0200,12374.75,MW,FR,FR,actual_solar_generation,Solar,2026-07-30T03:20:47Z
2026-07-30T03:19:56Z,2026-07-30T05:19:56+0200,892469bd-1f88-49dd-9e5e-40938c7b963c,2026-07-19T11:45:00Z,2026-07-19T13:45:00+0200,12371.72,MW,FR,FR,actual_solar_generation,Solar,2026-07-30T03:20:47Z
2026-07-30T03:19:56Z,2026-07-30T05:19:56+0200,892469bd-1f88-49dd-9e5e-40938c7b963c,2026-07-19T12:00:00Z,2026-07-19T14:00:00+0200,12413.53,MW,FR,FR,actual_solar_generation,Solar,2026-07-30T03:20:47Z
2026-07-30T03:19:56Z,2026-07-30T05:19:56+0200,892469bd-1f88-49dd-9e5e-40938c7b963c,2026-07-19T12:15:00Z,2026-07-19T14:15:00+0200,12248.15,MW,FR,FR,actual_solar_generation,Solar,2026-07-30T03:20:47Z
2026-07-30T03:19:56Z,2026-07-30T05:19:56+0200,892469bd-1f88-49dd-9e5e-40938c7b963c,2026-07-19T12:30:00Z,2026-07-19T14:30:00+0200,12150.32,MW,FR,FR,actual_solar_generation,Solar,2026-07-30T03:20:47Z
2026-07-30T03:19:56Z,2026-07-30T05:19:56+0200,892469bd-1f88-49dd-9e5e-40938c7b963c,2026-07-19T12:45:00Z,2026-07-19T14:45:00+0200,12033.41,MW,FR,FR,actual_solar_generation,Solar,2026-07-30T03:20:47Z
2026-07-30T03:19:56Z,2026-07-30T05:19:56+0200,892469bd-1f88-49dd-9e5e-40938c7b963c,2026-07-19T13:00:00Z,2026-07-19T15:00:00+0200,11992.69,MW,FR,FR,actual_solar_generation,Solar,2026-07-30T03:20:47Z
2026-07-30T03:19:56Z,2026-07-30T05:19:56+0200,892469bd-1f88-49dd-9e5e-40938c7b963c,2026-07-19T13:15:00Z,2026-07-19T15:15:00+0200,11747.38,MW,FR,FR,actual_solar_generation,Solar,2026-07-30T03:20:47Z
2026-07-30T03:19:56Z,2026-07-30T05:19:56+0200,892469bd-1f88-49dd-9e5e-40938c7b963c,2026-07-19T13:30:00Z,2026-07-19T15:30:00+0200,11485.07,MW,FR,FR,actual_solar_generation,Solar,2026-07-30T03:20:47Z
2026-07-30T03:19:56Z,2026-07-30T05:19:56+0200,892469bd-1f88-49dd-9e5e-40938c7b963c,2026-07-19T13:45:00Z,2026-07-19T15:45:00+0200,11187.84,MW,FR,FR,actual_solar_generation,Solar,2026-07-30T03:20:47Z
2026-07-30T03:19:56Z,2026-07-30T05:19:56+0200,892469bd-1f88-49dd-9e5e-40938c7b963c,2026-07-19T14:00:00Z,2026-07-19T16:00:00+0200,11237.51,MW,FR,FR,actual_solar_generation,Solar,2026-07-30T03:20:47Z
2026-07-30T03:19:56Z,2026-07-30T05:19:56+0200,892469bd-1f88-49dd-9e5e-40938c7b963c,2026-07-19T14:15:00Z,2026-07-19T16:15:00+0200,12119.36,MW,FR,FR,actual_solar_generation,Solar,2026-07-30T03:20:47Z
2026-07-30T03:19:56Z,2026-07-30T05:19:56+0200,892469bd-1f88-49dd-9e5e-40938c7b963c,2026-07-19T14:30:00Z,2026-07-19T16:30:00+0200,12509.37,MW,FR,FR,actual_solar_generation,Solar,2026-07-30T03:20:47Z
2026-07-30T03:19:56Z,2026-07-30T05:19:56+0200,892469bd-1f88-49dd-9e5e-40938c7b963c,2026-07-19T14:45:00Z,2026-07-19T16:45:00+0200,12072.89,MW,FR,FR,actual_solar_generation,Solar,2026-07-30T03:20:47Z
2026-07-30T03:19:56Z,2026-07-30T05:19:56+0200,892469bd-1f88-49dd-9e5e-40938c7b963c,2026-07-19T15:00:00Z,2026-07-19T17:00:00+0200,11529.43,MW,FR,FR,actual_solar_generation,Solar,2026-07-30T03:20:47Z
2026-07-30T03:19:56Z,2026-07-30T05:19:56+0200,892469bd-1f88-49dd-9e5e-40938c7b963c,2026-07-19T15:15:00Z,2026-07-19T17:15:00+0200,12590.07,MW,FR,FR,actual_solar_generation,Solar,2026-07-30T03:20:47Z
2026-07-30T03:19:56Z,2026-07-30T05:19:56+0200,892469bd-1f88-49dd-9e5e-40938c7b963c,2026-07-19T15:30:00Z,2026-07-19T17:30:00+0200,13546.68,MW,FR,FR,actual_solar_generation,Solar,2026-07-30T03:20:47Z
2026-07-30T03:19:56Z,2026-07-30T05:19:56+0200,892469bd-1f88-49dd-9e5e-40938c7b963c,2026-07-19T15:45:00Z,2026-07-19T17:45:00+0200,12794.48,MW,FR,FR,actual_solar_generation,Solar,2026-07-30T03:20:47Z
2026-07-30T03:19:56Z,2026-07-30T05:19:56+0200,892469bd-1f88-49dd-9e5e-40938c7b963c,2026-07-19T16:00:00Z,2026-07-19T18:00:00+0200,11730.83,MW,FR,FR,actual_solar_generation,Solar,2026-07-30T03:20:47Z
2026-07-30T03:19:56Z,2026-07-30T05:19:56+0200,892469bd-1f88-49dd-9e5e-40938c7b963c,2026-07-19T16:15:00Z,2026-07-19T18:15:00+0200,10704.26,MW,FR,FR,actual_solar_generation,Solar,2026-07-30T03:20:47Z
2026-07-30T03:19:56Z,2026-07-30T05:19:56+0200,892469bd-1f88-49dd-9e5e-40938c7b963c,2026-07-19T16:30:00Z,2026-07-19T18:30:00+0200,9612.09,MW,FR,FR,actual_solar_generation,Solar,2026-07-30T03:20:47Z
2026-07-30T03:19:56Z,2026-07-30T05:19:56+0200,892469bd-1f88-49dd-9e5e-40938c7b963c,2026-07-19T16:45:00Z,2026-07-19T18:45:00+0200,8469.6,MW,FR,FR,actual_solar_generation,Solar,2026-07-30T03:20:47Z
2026-07-30T03:19:56Z,2026-07-30T05:19:56+0200,892469bd-1f88-49dd-9e5e-40938c7b963c,2026-07-19T17:00:00Z,2026-07-19T19:00:00+0200,7199.45,MW,FR,FR,actual_solar_generation,Solar,2026-07-30T03:20:47Z
2026-07-30T03:19:56Z,2026-07-30T05:19:56+0200,892469bd-1f88-49dd-9e5e-40938c7b963c,2026-07-19T17:15:00Z,2026-07-19T19:15:00+0200,6057.88,MW,FR,FR,actual_solar_generation,Solar,2026-07-30T03:20:47Z
2026-07-30T03:19:56Z,2026-07-30T05:19:56+0200,892469bd-1f88-49dd-9e5e-40938c7b963c,2026-07-19T17:30:00Z,2026-07-19T19:30:00+0200,4944.15,MW,FR,FR,actual_solar_generation,Solar,2026-07-30T03:20:47Z
2026-07-30T03:19:56Z,2026-07-30T05:19:56+0200,892469bd-1f88-49dd-9e5e-40938c7b963c,2026-07-19T17:45:00Z,2026-07-19T19:45:00+0200,3937.13,MW,FR,FR,actual_solar_generation,Solar,2026-07-30T03:20:47Z
2026-07-30T03:19:56Z,2026-07-30T05:19:56+0200,892469bd-1f88-49dd-9e5e-40938c7b963c,2026-07-19T18:00:00Z,2026-07-19T20:00:00+0200,3010.41,MW,FR,FR,actual_solar_generation,Solar,2026-07-30T03:20:47Z
2026-07-30T03:19:56Z,2026-07-30T05:19:56+0200,892469bd-1f88-49dd-9e5e-40938c7b963c,2026-07-19T18:15:00Z,2026-07-19T20:15:00+0200,2217.52,MW,FR,FR,actual_solar_generation,Solar,2026-07-30T03:20:47Z
2026-07-30T03:19:56Z,2026-07-30T05:19:56+0200,892469bd-1f88-49dd-9e5e-40938c7b963c,2026-07-19T18:30:00Z,2026-07-19T20:30:00+0200,1595.9,MW,FR,FR,actual_solar_generation,Solar,2026-07-30T03:20:47Z
2026-07-30T03:19:56Z,2026-07-30T05:19:56+0200,892469bd-1f88-49dd-9e5e-40938c7b963c,2026-07-19T18:45:00Z,2026-07-19T20:45:00+0200,1137.29,MW,FR,FR,actual_solar_generation,Solar,2026-07-30T03:20:47Z
2026-07-30T03:19:56Z,2026-07-30T05:19:56+0200,892469bd-1f88-49dd-9e5e-40938c7b963c,2026-07-19T19:00:00Z,2026-07-19T21:00:00+0200,745.42,MW,FR,FR,actual_solar_generation,Solar,2026-07-30T03:20:47Z
2026-07-30T03:19:56Z,2026-07-30T05:19:56+0200,892469bd-1f88-49dd-9e5e-40938c7b963c,2026-07-19T19:15:00Z,2026-07-19T21:15:00+0200,450.73,MW,FR,FR,actual_solar_generation,Solar,2026-07-30T03:20:47Z
2026-07-30T03:19:56Z,2026-07-30T05:19:56+0200,892469bd-1f88-49dd-9e5e-40938c7b963c,2026-07-19T19:30:00Z,2026-07-19T21:30:00+0200,277.03,MW,FR,FR,actual_solar_generation,Solar,2026-07-30T03:20:47Z
2026-07-30T03:19:56Z,2026-07-30T05:19:56+0200,892469bd-1f88-49dd-9e5e-40938c7b963c,2026-07-19T19:45:00Z,2026-07-19T21:45:00+0200,211.09,MW,FR,FR,actual_solar_generation,Solar,2026-07-30T03:20:47Z
2026-07-30T03:19:56Z,2026-07-30T05:19:56+0200,892469bd-1f88-49dd-9e5e-40938c7b963c,2026-07-19T20:00:00Z,2026-07-19T22:00:00+0200,193.39,MW,FR,FR,actual_solar_generation,Solar,2026-07-30T03:20:47Z
2026-07-30T03:19:56Z,2026-07-30T05:19:56+0200,892469bd-1f88-49dd-9e5e-40938c7b963c,2026-07-19T20:15:00Z,2026-07-19T22:15:00+0200,190.12,MW,FR,FR,actual_solar_generation,Solar,2026-07-30T03:20:47Z
2026-07-30T03:19:56Z,2026-07-30T05:19:56+0200,892469bd-1f88-49dd-9e5e-40938c7b963c,2026-07-19T20:30:00Z,2026-07-19T22:30:00+0200,192.23,MW,FR,FR,actual_solar_generation,Solar,2026-07-30T03:20:47Z
2026-07-30T03:19:56Z,2026-07-30T05:19:56+0200,892469bd-1f88-49dd-9e5e-40938c7b963c,2026-07-19T20:45:00Z,2026-07-19T22:45:00+0200,193.46,MW,FR,FR,actual_solar_generation,Solar,2026-07-30T03:20:47Z
2026-07-30T03:19:56Z,2026-07-30T05:19:56+0200,892469bd-1f88-49dd-9e5e-40938c7b963c,2026-07-19T21:00:00Z,2026-07-19T23:00:00+0200,193.41,MW,FR,FR,actual_solar_generation,Solar,2026-07-30T03:20:47Z
2026-07-30T03:19:56Z,2026-07-30T05:19:56+0200,892469bd-1f88-49dd-9e5e-40938c7b963c,2026-07-19T21:15:00Z,2026-07-19T23:15:00+0200,194.63,MW,FR,FR,actual_solar_generation,Solar,2026-07-30T03:20:47Z
2026-07-30T03:19:56Z,2026-07-30T05:19:56+0200,892469bd-1f88-49dd-9e5e-40938c7b963c,2026-07-19T21:30:00Z,2026-07-19T23:30:00+0200,194.54,MW,FR,FR,actual_solar_generation,Solar,2026-07-30T03:20:47Z
2026-07-30T03:19:56Z,2026-07-30T05:19:56+0200,892469bd-1f88-49dd-9e5e-40938c7b963c,2026-07-19T21:45:00Z,2026-07-19T23:45:00+0200,191.57,MW,FR,FR,actual_solar_generation,Solar,2026-07-30T03:20:47Z
2026-07-30T03:19:56Z,2026-07-30T05:19:56+0200,892469bd-1f88-49dd-9e5e-40938c7b963c,2026-07-19T22:00:00Z,2026-07-20T00:00:00+0200,0.0,MW,FR,FR,actual_solar_generation,Solar,2026-07-30T03:20:47Z
2026-07-30T03:19:56Z,2026-07-30T05:19:56+0200,892469bd-1f88-49dd-9e5e-40938c7b963c,2026-07-19T22:15:00Z,2026-07-20T00:15:00+0200,0.0,MW,FR,FR,actual_solar_generation,Solar,2026-07-30T03:20:47Z
2026-07-30T03:19:56Z,2026-07-30T05:19:56+0200,892469bd-1f88-49dd-9e5e-40938c7b963c,2026-07-19T22:30:00Z,2026-07-20T00:30:00+0200,0.0,MW,FR,FR,actual_solar_generation,Solar,2026-07-30T03:20:47Z
2026-07-30T03:19:56Z,2026-07-30T05:19:56+0200,892469bd-1f88-49dd-9e5e-40938c7b963c,2026-07-19T22:45:00Z,2026-07-20T00:45:00+0200,0.0,MW,FR,FR,actual_solar_generation,Solar,2026-07-30T03:20:47Z
2026-07-30T03:19:56Z,2026-07-30T05:19:56+0200,892469bd-1f88-49dd-9e5e-40938c7b963c,2026-07-19T23:00:00Z,2026-07-20T01:00:00+0200,0.0,MW,FR,FR,actual_solar_generation,Solar,2026-07-30T03:20:47Z
2026-07-30T03:19:56Z,2026-07-30T05:19:56+0200,892469bd-1f88-49dd-9e5e-40938c7b963c,2026-07-19T23:15:00Z,2026-07-20T01:15:00+0200,0.0,MW,FR,FR,actual_solar_generation,Solar,2026-07-30T03:20:47Z
2026-07-30T03:19:56Z,2026-07-30T05:19:56+0200,892469bd-1f88-49dd-9e5e-40938c7b963c,2026-07-19T23:30:00Z,2026-07-20T01:30:00+0200,0.0,MW,FR,FR,actual_solar_generation,Solar,2026-07-30T03:20:47Z
2026-07-30T03:19:56Z,2026-07-30T05:19:56+0200,892469bd-1f88-49dd-9e5e-40938c7b963c,2026-07-19T23:45:00Z,2026-07-20T01:45:00+0200,0.0,MW,FR,FR,actual_solar_generation,Solar,2026-07-30T03:20:47Z
2026-07-30T03:19:56Z,2026-07-30T05:19:56+0200,892469bd-1f88-49dd-9e5e-40938c7b963c,2026-07-20T00:00:00Z,2026-07-20T02:00:00+0200,0.0,MW,FR,FR,actual_solar_generation,Solar,2026-07-30T03:20:47Z
2026-07-30T03:19:56Z,2026-07-30T05:19:56+0200,892469bd-1f88-49dd-9e5e-40938c7b963c,2026-07-20T00:15:00Z,2026-07-20T02:15:00+0200,0.0,MW,FR,FR,actual_solar_generation,Solar,2026-07-30T03:20:47Z
2026-07-30T03:19:56Z,2026-07-30T05:19:56+0200,892469bd-1f88-49dd-9e5e-40938c7b963c,2026-07-20T00:30:00Z,2026-07-20T02:30:00+0200,0.0,MW,FR,FR,actual_solar_generation,Solar,2026-07-30T03:20:47Z
2026-07-30T03:19:56Z,2026-07-30T05:19:56+0200,892469bd-1f88-49dd-9e5e-40938c7b963c,2026-07-20T00:45:00Z,2026-07-20T02:45:00+0200,0.0,MW,FR,FR,actual_solar_generation,Solar,2026-07-30T03:20:47Z
2026-07-30T03:19:56Z,2026-07-30T05:19:56+0200,892469bd-1f88-49dd-9e5e-40938c7b963c,2026-07-20T01:00:00Z,2026-07-20T03:00:00+0200,0.0,MW,FR,FR,actual_solar_generation,Solar,2026-07-30T03:20:47Z
2026-07-30T03:19:56Z,2026-07-30T05:19:56+0200,892469bd-1f88-49dd-9e5e-40938c7b963c,2026-07-20T01:15:00Z,2026-07-20T03:15:00+0200,0.0,MW,FR,FR,actual_solar_generation,Solar,2026-07-30T03:20:47Z
2026-07-30T03:19:56Z,2026-07-30T05:19:56+0200,892469bd-1f88-49dd-9e5e-40938c7b963c,2026-07-20T01:30:00Z,2026-07-20T03:30:00+0200,0.0,MW,FR,FR,actual_solar_generation,Solar,2026-07-30T03:20:47Z
2026-07-30T03:19:56Z,2026-07-30T05:19:56+0200,892469bd-1f88-49dd-9e5e-40938c7b963c,2026-07-20T01:45:00Z,2026-07-20T03:45:00+0200,0.0,MW,FR,FR,actual_solar_generation,Solar,2026-07-30T03:20:47Z
2026-07-30T03:19:56Z,2026-07-30T05:19:56+0200,892469bd-1f88-49dd-9e5e-40938c7b963c,2026-07-20T02:00:00Z,2026-07-20T04:00:00+0200,0.0,MW,FR,FR,actual_solar_generation,Solar,2026-07-30T03:20:47Z
2026-07-30T03:19:56Z,2026-07-30T05:19:56+0200,892469bd-1f88-49dd-9e5e-40938c7b963c,2026-07-20T02:15:00Z,2026-07-20T04:15:00+0200,0.0,MW,FR,FR,actual_solar_generation,Solar,2026-07-30T03:20:47Z
2026-07-30T03:19:56Z,2026-07-30T05:19:56+0200,892469bd-1f88-49dd-9e5e-40938c7b963c,2026-07-20T02:30:00Z,2026-07-20T04:30:00+0200,0.0,MW,FR,FR,actual_solar_generation,Solar,2026-07-30T03:20:47Z
2026-07-30T03:19:56Z,2026-07-30T05:19:56+0200,892469bd-1f88-49dd-9e5e-40938c7b963c,2026-07-20T02:45:00Z,2026-07-20T04:45:00+0200,0.0,MW,FR,FR,actual_solar_generation,Solar,2026-07-30T03:20:47Z
2026-07-30T03:19:56Z,2026-07-30T05:19:56+0200,892469bd-1f88-49dd-9e5e-40938c7b963c,2026-07-20T03:00:00Z,2026-07-20T05:00:00+0200,188.33,MW,FR,FR,actual_solar_generation,Solar,2026-07-30T03:20:47Z
2026-07-30T03:19:56Z,2026-07-30T05:19:56+0200,892469bd-1f88-49dd-9e5e-40938c7b963c,2026-07-20T03:15:00Z,2026-07-20T05:15:00+0200,188.87,MW,FR,FR,actual_solar_generation,Solar,2026-07-30T03:20:47Z
2026-07-30T03:19:56Z,2026-07-30T05:19:56+0200,892469bd-1f88-49dd-9e5e-40938c7b963c,2026-07-20T03:30:00Z,2026-07-20T05:30:00+0200,189.28,MW,FR,FR,actual_solar_generation,Solar,2026-07-30T03:20:47Z
2026-07-30T03:19:56Z,2026-07-30T05:19:56+0200,892469bd-1f88-49dd-9e5e-40938c7b963c,2026-07-20T03:45:00Z,2026-07-20T05:45:00+0200,195.43,MW,FR,FR,actual_solar_generation,Solar,2026-07-30T03:20:47Z
2026-07-30T03:19:56Z,2026-07-30T05:19:56+0200,892469bd-1f88-49dd-9e5e-40938c7b963c,2026-07-20T04:00:00Z,2026-07-20T06:00:00+0200,222.99,MW,FR,FR,actual_solar_generation,Solar,2026-07-30T03:20:47Z
2026-07-30T03:19:56Z,2026-07-30T05:19:56+0200,892469bd-1f88-49dd-9e5e-40938c7b963c,2026-07-20T04:15:00Z,2026-07-20T06:15:00+0200,278.01,MW,FR,FR,actual_solar_generation,Solar,2026-07-30T03:20:47Z
2026-07-30T03:19:56Z,2026-07-30T05:19:56+0200,892469bd-1f88-49dd-9e5e-40938c7b963c,2026-07-20T04:30:00Z,2026-07-20T06:30:00+0200,388.87,MW,FR,FR,actual_solar_generation,Solar,2026-07-30T03:20:47Z
2026-07-30T03:19:56Z,2026-07-30T05:19:56+0200,892469bd-1f88-49dd-9e5e-40938c7b963c,2026-07-20T04:45:00Z,2026-07-20T06:45:00+0200,601.26,MW,FR,FR,actual_solar_generation,Solar,2026-07-30T03:20:47Z
2026-07-30T03:19:56Z,2026-07-30T05:19:56+0200,892469bd-1f88-49dd-9e5e-40938c7b963c,2026-07-20T05:00:00Z,2026-07-20T07:00:00+0200,908.95,MW,FR,FR,actual_solar_generation,Solar,2026-07-30T03:20:47Z
2026-07-30T03:19:56Z,2026-07-30T05:19:56+0200,892469bd-1f88-49dd-9e5e-40938c7b963c,2026-07-20T05:15:00Z,2026-07-20T07:15:00+0200,1313.46,MW,FR,FR,actual_solar_generation,Solar,2026-07-30T03:20:47Z
2026-07-30T03:19:56Z,2026-07-30T05:19:56+0200,892469bd-1f88-49dd-9e5e-40938c7b963c,2026-07-20T05:30:00Z,2026-07-20T07:30:00+0200,1879.0,MW,FR,FR,actual_solar_generation,Solar,2026-07-30T03:20:47Z
2026-07-30T03:19:56Z,2026-07-30T05:19:56+0200,892469bd-1f88-49dd-9e5e-40938c7b963c,2026-07-20T05:45:00Z,2026-07-20T07:45:00+0200,2679.23,MW,FR,FR,actual_solar_generation,Solar,2026-07-30T03:20:47Z
2026-07-30T03:19:56Z,2026-07-30T05:19:56+0200,892469bd-1f88-49dd-9e5e-40938c7b963c,2026-07-20T06:00:00Z,2026-07-20T08:00:00+0200,3611.52,MW,FR,FR,actual_solar_generation,Solar,2026-07-30T03:20:47Z
2026-07-30T03:19:56Z,2026-07-30T05:19:56+0200,892469bd-1f88-49dd-9e5e-40938c7b963c,2026-07-20T06:15:00Z,2026-07-20T08:15:00+0200,4520.18,MW,FR,FR,actual_solar_generation,Solar,2026-07-30T03:20:47Z
2026-07-30T03:19:56Z,2026-07-30T05:19:56+0200,892469bd-1f88-49dd-9e5e-40938c7b963c,2026-07-20T06:30:00Z,2026-07-20T08:30:00+0200,5771.67,MW,FR,FR,actual_solar_generation,Solar,2026-07-30T03:20:47Z
2026-07-30T03:19:56Z,2026-07-30T05:19:56+0200,892469bd-1f88-49dd-9e5e-40938c7b963c,2026-07-20T06:45:00Z,2026-07-20T08:45:00+0200,7007.72,MW,FR,FR,actual_solar_generation,Solar,2026-07-30T03:20:47Z
2026-07-30T03:19:56Z,2026-07-30T05:19:56+0200,892469bd-1f88-49dd-9e5e-40938c7b963c,2026-07-20T07:00:00Z,2026-07-20T09:00:00+0200,8267.61,MW,FR,FR,actual_solar_generation,Solar,2026-07-30T03:20:47Z
2026-07-30T03:19:56Z,2026-07-30T05:19:56+0200,892469bd-1f88-49dd-9e5e-40938c7b963c,2026-07-20T07:15:00Z,2026-07-20T09:15:00+0200,9683.63,MW,FR,FR,actual_solar_generation,Solar,2026-07-30T03:20:47Z
2026-07-30T03:19:56Z,2026-07-30T05:19:56+0200,892469bd-1f88-49dd-9e5e-40938c7b963c,2026-07-20T07:30:00Z,2026-07-20T09:30:00+0200,10970.56,MW,FR,FR,actual_solar_generation,Solar,2026-07-30T03:20:47Z
2026-07-30T03:19:56Z,2026-07-30T05:19:56+0200,892469bd-1f88-49dd-9e5e-40938c7b963c,2026-07-20T07:45:00Z,2026-07-20T09:45:00+0200,12189.31,MW,FR,FR,actual_solar_generation,Solar,2026-07-30T03:20:47Z
2026-07-30T03:19:56Z,2026-07-30T05:19:56+0200,892469bd-1f88-49dd-9e5e-40938c7b963c,2026-07-20T08:00:00Z,2026-07-20T10:00:00+0200,13376.3,MW,FR,FR,actual_solar_generation,Solar,2026-07-30T03:20:47Z
2026-07-30T03:19:56Z,2026-07-30T05:19:56+0200,892469bd-1f88-49dd-9e5e-40938c7b963c,2026-07-20T08:15:00Z,2026-07-20T10:15:00+0200,14577.88,MW,FR,FR,actual_solar_generation,Solar,2026-07-30T03:20:47Z
2026-07-30T03:19:56Z,2026-07-30T05:19:56+0200,892469bd-1f88-49dd-9e5e-40938c7b963c,2026-07-20T08:30:00Z,2026-07-20T10:30:00+0200,15486.99,MW,FR,FR,actual_solar_generation,Solar,2026-07-30T03:20:47Z
2026-07-30T03:19:56Z,2026-07-30T05:19:56+0200,892469bd-1f88-49dd-9e5e-40938c7b963c,2026-07-20T08:45:00Z,2026-07-20T10:45:00+0200,16349.51,MW,FR,FR,actual_solar_generation,Solar,2026-07-30T03:20:47Z
2026-07-30T03:19:56Z,2026-07-30T05:19:56+0200,892469bd-1f88-49dd-9e5e-40938c7b963c,2026-07-20T09:00:00Z,2026-07-20T11:00:00+0200,17063.47,MW,FR,FR,actual_solar_generation,Solar,2026-07-30T03:20:47Z
2026-07-30T03:19:56Z,2026-07-30T05:19:56+0200,892469bd-1f88-49dd-9e5e-40938c7b963c,2026-07-20T09:15:00Z,2026-07-20T11:15:00+0200,17899.71,MW,FR,FR,actual_solar_generation,Solar,2026-07-30T03:20:47Z
2026-07-30T03:19:56Z,2026-07-30T05:19:56+0200,892469bd-1f88-49dd-9e5e-40938c7b963c,2026-07-20T09:30:00Z,2026-07-20T11:30:00+0200,18565.0,MW,FR,FR,actual_solar_generation,Solar,2026-07-30T03:20:47Z
2026-07-30T03:19:56Z,2026-07-30T05:19:56+0200,892469bd-1f88-49dd-9e5e-40938c7b963c,2026-07-20T09:45:00Z,2026-07-20T11:45:00+0200,17724.18,MW,FR,FR,actual_solar_generation,Solar,2026-07-30T03:20:47Z
2026-07-30T03:19:56Z,2026-07-30T05:19:56+0200,892469bd-1f88-49dd-9e5e-40938c7b963c,2026-07-20T10:00:00Z,2026-07-20T12:00:00+0200,14973.31,MW,FR,FR,actual_solar_generation,Solar,2026-07-30T03:20:47Z
2026-07-30T03:19:56Z,2026-07-30T05:19:56+0200,892469bd-1f88-49dd-9e5e-40938c7b963c,2026-07-20T10:15:00Z,2026-07-20T12:15:00+0200,15151.43,MW,FR,FR,actual_solar_generation,Solar,2026-07-30T03:20:47Z
2026-07-30T03:19:56Z,2026-07-30T05:19:56+0200,892469bd-1f88-49dd-9e5e-40938c7b963c,2026-07-20T10:30:00Z,2026-07-20T12:30:00+0200,15245.31,MW,FR,FR,actual_solar_generation,Solar,2026-07-30T03:20:47Z
2026-07-30T03:19:56Z,2026-07-30T05:19:56+0200,892469bd-1f88-49dd-9e5e-40938c7b963c,2026-07-20T10:45:00Z,2026-07-20T12:45:00+0200,15486.03,MW,FR,FR,actual_solar_generation,Solar,2026-07-30T03:20:47Z
2026-07-30T03:19:56Z,2026-07-30T05:19:56+0200,892469bd-1f88-49dd-9e5e-40938c7b963c,2026-07-20T11:00:00Z,2026-07-20T13:00:00+0200,18014.48,MW,FR,FR,actual_solar_generation,Solar,2026-07-30T03:20:47Z
2026-07-30T03:19:56Z,2026-07-30T05:19:56+0200,892469bd-1f88-49dd-9e5e-40938c7b963c,2026-07-20T11:15:00Z,2026-07-20T13:15:00+0200,20694.47,MW,FR,FR,actual_solar_generation,Solar,2026-07-30T03:20:47Z
2026-07-30T03:19:56Z,2026-07-30T05:19:56+0200,892469bd-1f88-49dd-9e5e-40938c7b963c,2026-07-20T11:30:00Z,2026-07-20T13:30:00+0200,20776.76,MW,FR,FR,actual_solar_generation,Solar,2026-07-30T03:20:47Z
2026-07-30T03:19:56Z,2026-07-30T05:19:56+0200,892469bd-1f88-49dd-9e5e-40938c7b963c,2026-07-20T11:45:00Z,2026-07-20T13:45:00+0200,20781.8,MW,FR,FR,actual_solar_generation,Solar,2026-07-30T03:20:47Z
2026-07-30T03:19:56Z,2026-07-30T05:19:56+0200,892469bd-1f88-49dd-9e5e-40938c7b963c,2026-07-20T12:00:00Z,2026-07-20T14:00:00+0200,20787.66,MW,FR,FR,actual_solar_generation,Solar,2026-07-30T03:20:47Z
2026-07-30T03:19:56Z,2026-07-30T05:19:56+0200,892469bd-1f88-49dd-9e5e-40938c7b963c,2026-07-20T12:15:00Z,2026-07-20T14:15:00+0200,19181.96,MW,FR,FR,actual_solar_generation,Solar,2026-07-30T03:20:47Z
2026-07-30T03:19:56Z,2026-07-30T05:19:56+0200,892469bd-1f88-49dd-9e5e-40938c7b963c,2026-07-20T12:30:00Z,2026-07-20T14:30:00+0200,15936.4,MW,FR,FR,actual_solar_generation,Solar,2026-07-30T03:20:47Z
2026-07-30T03:19:56Z,2026-07-30T05:19:56+0200,892469bd-1f88-49dd-9e5e-40938c7b963c,2026-07-20T12:45:00Z,2026-07-20T14:45:00+0200,15724.33,MW,FR,FR,actual_solar_generation,Solar,2026-07-30T03:20:47Z
2026-07-30T03:19:56Z,2026-07-30T05:19:56+0200,892469bd-1f88-49dd-9e5e-40938c7b963c,2026-07-20T13:00:00Z,2026-07-20T15:00:00+0200,17997.24,MW,FR,FR,actual_solar_generation,Solar,2026-07-30T03:20:47Z
2026-07-30T03:19:56Z,2026-07-30T05:19:56+0200,892469bd-1f88-49dd-9e5e-40938c7b963c,2026-07-20T13:15:00Z,2026-07-20T15:15:00+0200,20040.58,MW,FR,FR,actual_solar_generation,Solar,2026-07-30T03:20:47Z
2026-07-30T03:19:56Z,2026-07-30T05:19:56+0200,892469bd-1f88-49dd-9e5e-40938c7b963c,2026-07-20T13:30:00Z,2026-07-20T15:30:00+0200,19697.62,MW,FR,FR,actual_solar_generation,Solar,2026-07-30T03:20:47Z
2026-07-30T03:19:56Z,2026-07-30T05:19:56+0200,892469bd-1f88-49dd-9e5e-40938c7b963c,2026-07-20T13:45:00Z,2026-07-20T15:45:00+0200,19349.51,MW,FR,FR,actual_solar_generation,Solar,2026-07-30T03:20:47Z
2026-07-30T03:19:56Z,2026-07-30T05:19:56+0200,892469bd-1f88-49dd-9e5e-40938c7b963c,2026-07-20T14:00:00Z,2026-07-20T16:00:00+0200,18766.5,MW,FR,FR,actual_solar_generation,Solar,2026-07-30T03:20:47Z
2026-07-30T03:19:56Z,2026-07-30T05:19:56+0200,892469bd-1f88-49dd-9e5e-40938c7b963c,2026-07-20T14:15:00Z,2026-07-20T16:15:00+0200,18180.8,MW,FR,FR,actual_solar_generation,Solar,2026-07-30T03:20:47Z
2026-07-30T03:19:56Z,2026-07-30T05:19:56+0200,892469bd-1f88-49dd-9e5e-40938c7b963c,2026-07-20T14:30:00Z,2026-07-20T16:30:00+0200,17600.7,MW,FR,FR,actual_solar_generation,Solar,2026-07-30T03:20:47Z
2026-07-30T03:19:56Z,2026-07-30T05:19:56+0200,892469bd-1f88-49dd-9e5e-40938c7b963c,2026-07-20T14:45:00Z,2026-07-20T16:45:00+0200,16802.85,MW,FR,FR,actual_solar_generation,Solar,2026-07-30T03:20:47Z
2026-07-30T03:19:56Z,2026-07-30T05:19:56+0200,892469bd-1f88-49dd-9e5e-40938c7b963c,2026-07-20T15:00:00Z,2026-07-20T17:00:00+0200,16075.66,MW,FR,FR,actual_solar_generation,Solar,2026-07-30T03:20:47Z
2026-07-30T03:19:56Z,2026-07-30T05:19:56+0200,892469bd-1f88-49dd-9e5e-40938c7b963c,2026-07-20T15:15:00Z,2026-07-20T17:15:00+0200,15128.51,MW,FR,FR,actual_solar_generation,Solar,2026-07-30T03:20:47Z
2026-07-30T03:19:56Z,2026-07-30T05:19:56+0200,892469bd-1f88-49dd-9e5e-40938c7b963c,2026-07-20T15:30:00Z,2026-07-20T17:30:00+0200,14167.12,MW,FR,FR,actual_solar_generation,Solar,2026-07-30T03:20:47Z
2026-07-30T03:19:56Z,2026-07-30T05:19:56+0200,892469bd-1f88-49dd-9e5e-40938c7b963c,2026-07-20T15:45:00Z,2026-07-20T17:45:00+0200,13234.33,MW,FR,FR,actual_solar_generation,Solar,2026-07-30T03:20:47Z
2026-07-30T03:19:56Z,2026-07-30T05:19:56+0200,892469bd-1f88-49dd-9e5e-40938c7b963c,2026-07-20T16:00:00Z,2026-07-20T18:00:00+0200,12223.5,MW,FR,FR,actual_solar_generation,Solar,2026-07-30T03:20:47Z
2026-07-30T03:19:56Z,2026-07-30T05:19:56+0200,892469bd-1f88-49dd-9e5e-40938c7b963c,2026-07-20T16:15:00Z,2026-07-20T18:15:00+0200,11061.69,MW,FR,FR,actual_solar_generation,Solar,2026-07-30T03:20:47Z
2026-07-30T03:19:56Z,2026-07-30T05:19:56+0200,892469bd-1f88-49dd-9e5e-40938c7b963c,2026-07-20T16:30:00Z,2026-07-20T18:30:00+0200,9986.64,MW,FR,FR,actual_solar_generation,Solar,2026-07-30T03:20:47Z
2026-07-30T03:19:56Z,2026-07-30T05:19:56+0200,892469bd-1f88-49dd-9e5e-40938c7b963c,2026-07-20T16:45:00Z,2026-07-20T18:45:00+0200,8761.53,MW,FR,FR,actual_solar_generation,Solar,2026-07-30T03:20:47Z
2026-07-30T03:19:56Z,2026-07-30T05:19:56+0200,892469bd-1f88-49dd-9e5e-40938c7b963c,2026-07-20T17:00:00Z,2026-07-20T19:00:00+0200,7526.42,MW,FR,FR,actual_solar_generation,Solar,2026-07-30T03:20:47Z
2026-07-30T03:19:56Z,2026-07-30T05:19:56+0200,892469bd-1f88-49dd-9e5e-40938c7b963c,2026-07-20T17:15:00Z,2026-07-20T19:15:00+0200,6337.45,MW,FR,FR,actual_solar_generation,Solar,2026-07-30T03:20:47Z
2026-07-30T03:19:56Z,2026-07-30T05:19:56+0200,892469bd-1f88-49dd-9e5e-40938c7b963c,2026-07-20T17:30:00Z,2026-07-20T19:30:00+0200,5106.84,MW,FR,FR,actual_solar_generation,Solar,2026-07-30T03:20:47Z
2026-07-30T03:19:56Z,2026-07-30T05:19:56+0200,892469bd-1f88-49dd-9e5e-40938c7b963c,2026-07-20T17:45:00Z,2026-07-20T19:45:00+0200,4015.92,MW,FR,FR,actual_solar_generation,Solar,2026-07-30T03:20:47Z
2026-07-30T03:19:56Z,2026-07-30T05:19:56+0200,892469bd-1f88-49dd-9e5e-40938c7b963c,2026-07-20T18:00:00Z,2026-07-20T20:00:00+0200,3011.96,MW,FR,FR,actual_solar_generation,Solar,2026-07-30T03:20:47Z
2026-07-30T03:19:56Z,2026-07-30T05:19:56+0200,892469bd-1f88-49dd-9e5e-40938c7b963c,2026-07-20T18:15:00Z,2026-07-20T20:15:00+0200,2199.74,MW,FR,FR,actual_solar_generation,Solar,2026-07-30T03:20:47Z
2026-07-30T03:19:56Z,2026-07-30T05:19:56+0200,892469bd-1f88-49dd-9e5e-40938c7b963c,2026-07-20T18:30:00Z,2026-07-20T20:30:00+0200,1591.54,MW,FR,FR,actual_solar_generation,Solar,2026-07-30T03:20:47Z
2026-07-30T03:19:56Z,2026-07-30T05:19:56+0200,892469bd-1f88-49dd-9e5e-40938c7b963c,2026-07-20T18:45:00Z,2026-07-20T20:45:00+0200,1156.98,MW,FR,FR,actual_solar_generation,Solar,2026-07-30T03:20:47Z
2026-07-30T03:19:56Z,2026-07-30T05:19:56+0200,892469bd-1f88-49dd-9e5e-40938c7b963c,2026-07-20T19:00:00Z,2026-07-20T21:00:00+0200,760.13,MW,FR,FR,actual_solar_generation,Solar,2026-07-30T03:20:47Z
2026-07-30T03:19:56Z,2026-07-30T05:19:56+0200,892469bd-1f88-49dd-9e5e-40938c7b963c,2026-07-20T19:15:00Z,2026-07-20T21:15:00+0200,464.76,MW,FR,FR,actual_solar_generation,Solar,2026-07-30T03:20:47Z
2026-07-30T03:19:56Z,2026-07-30T05:19:56+0200,892469bd-1f88-49dd-9e5e-40938c7b963c,2026-07-20T19:30:00Z,2026-07-20T21:30:00+0200,287.86,MW,FR,FR,actual_solar_generation,Solar,2026-07-30T03:20:47Z
2026-07-30T03:19:56Z,2026-07-30T05:19:56+0200,892469bd-1f88-49dd-9e5e-40938c7b963c,2026-07-20T19:45:00Z,2026-07-20T21:45:00+0200,221.18,MW,FR,FR,actual_solar_generation,Solar,2026-07-30T03:20:47Z
2026-07-30T03:19:56Z,2026-07-30T05:19:56+0200,892469bd-1f88-49dd-9e5e-40938c7b963c,2026-07-20T20:00:00Z,2026-07-20T22:00:00+0200,207.03,MW,FR,FR,actual_solar_generation,Solar,2026-07-30T03:20:47Z
2026-07-30T03:19:56Z,2026-07-30T05:19:56+0200,892469bd-1f88-49dd-9e5e-40938c7b963c,2026-07-20T20:15:00Z,2026-07-20T22:15:00+0200,202.34,MW,FR,FR,actual_solar_generation,Solar,2026-07-30T03:20:47Z
2026-07-30T03:19:56Z,2026-07-30T05:19:56+0200,892469bd-1f88-49dd-9e5e-40938c7b963c,2026-07-20T20:30:00Z,2026-07-20T22:30:00+0200,202.55,MW,FR,FR,actual_solar_generation,Solar,2026-07-30T03:20:47Z
2026-07-30T03:19:56Z,2026-07-30T05:19:56+0200,892469bd-1f88-49dd-9e5e-40938c7b963c,2026-07-20T20:45:00Z,2026-07-20T22:45:00+0200,202.2,MW,FR,FR,actual_solar_generation,Solar,2026-07-30T03:20:47Z
2026-07-30T03:19:56Z,2026-07-30T05:19:56+0200,892469bd-1f88-49dd-9e5e-40938c7b963c,2026-07-20T21:00:00Z,2026-07-20T23:00:00+0200,201.15,MW,FR,FR,actual_solar_generation,Solar,2026-07-30T03:20:47Z
2026-07-30T03:19:56Z,2026-07-30T05:19:56+0200,892469bd-1f88-49dd-9e5e-40938c7b963c,2026-07-20T21:15:00Z,2026-07-20T23:15:00+0200,201.91,MW,FR,FR,actual_solar_generation,Solar,2026-07-30T03:20:47Z
2026-07-30T03:19:56Z,2026-07-30T05:19:56+0200,892469bd-1f88-49dd-9e5e-40938c7b963c,2026-07-20T21:30:00Z,2026-07-20T23:30:00+0200,199.46,MW,FR,FR,actual_solar_generation,Solar,2026-07-30T03:20:47Z
2026-07-30T03:19:56Z,2026-07-30T05:19:56+0200,892469bd-1f88-49dd-9e5e-40938c7b963c,2026-07-20T21:45:00Z,2026-07-20T23:45:00+0200,199.63,MW,FR,FR,actual_solar_generation,Solar,2026-07-30T03:20:47Z
2026-07-30T03:19:56Z,2026-07-30T05:19:56+0200,892469bd-1f88-49dd-9e5e-40938c7b963c,2026-07-20T22:00:00Z,2026-07-21T00:00:00+0200,0.0,MW,FR,FR,actual_solar_generation,Solar,2026-07-30T03:20:47Z
2026-07-30T03:19:56Z,2026-07-30T05:19:56+0200,892469bd-1f88-49dd-9e5e-40938c7b963c,2026-07-20T22:15:00Z,2026-07-21T00:15:00+0200,0.0,MW,FR,FR,actual_solar_generation,Solar,2026-07-30T03:20:47Z
2026-07-30T03:19:56Z,2026-07-30T05:19:56+0200,892469bd-1f88-49dd-9e5e-40938c7b963c,2026-07-20T22:30:00Z,2026-07-21T00:30:00+0200,0.0,MW,FR,FR,actual_solar_generation,Solar,2026-07-30T03:20:47Z
2026-07-30T03:19:56Z,2026-07-30T05:19:56+0200,892469bd-1f88-49dd-9e5e-40938c7b963c,2026-07-20T22:45:00Z,2026-07-21T00:45:00+0200,0.0,MW,FR,FR,actual_solar_generation,Solar,2026-07-30T03:20:47Z
2026-07-30T03:19:56Z,2026-07-30T05:19:56+0200,892469bd-1f88-49dd-9e5e-40938c7b963c,2026-07-20T23:00:00Z,2026-07-21T01:00:00+0200,0.0,MW,FR,FR,actual_solar_generation,Solar,2026-07-30T03:20:47Z
2026-07-30T03:19:56Z,2026-07-30T05:19:56+0200,892469bd-1f88-49dd-9e5e-40938c7b963c,2026-07-20T23:15:00Z,2026-07-21T01:15:00+0200,0.0,MW,FR,FR,actual_solar_generation,Solar,2026-07-30T03:20:47Z
2026-07-30T03:19:56Z,2026-07-30T05:19:56+0200,892469bd-1f88-49dd-9e5e-40938c7b963c,2026-07-20T23:30:00Z,2026-07-21T01:30:00+0200,0.0,MW,FR,FR,actual_solar_generation,Solar,2026-07-30T03:20:47Z
2026-07-30T03:19:56Z,2026-07-30T05:19:56+0200,892469bd-1f88-49dd-9e5e-40938c7b963c,2026-07-20T23:45:00Z,2026-07-21T01:45:00+0200,0.0,MW,FR,FR,actual_solar_generation,Solar,2026-07-30T03:20:47Z
2026-07-30T03:19:56Z,2026-07-30T05:19:56+0200,892469bd-1f88-49dd-9e5e-40938c7b963c,2026-07-21T00:00:00Z,2026-07-21T02:00:00+0200,0.0,MW,FR,FR,actual_solar_generation,Solar,2026-07-30T03:20:47Z
2026-07-30T03:19:56Z,2026-07-30T05:19:56+0200,892469bd-1f88-49dd-9e5e-40938c7b963c,2026-07-21T00:15:00Z,2026-07-21T02:15:00+0200,0.0,MW,FR,FR,actual_solar_generation,Solar,2026-07-30T03:20:47Z
2026-07-30T03:19:56Z,2026-07-30T05:19:56+0200,892469bd-1f88-49dd-9e5e-40938c7b963c,2026-07-21T00:30:00Z,2026-07-21T02:30:00+0200,0.0,MW,FR,FR,actual_solar_generation,Solar,2026-07-30T03:20:47Z
2026-07-30T03:19:56Z,2026-07-30T05:19:56+0200,892469bd-1f88-49dd-9e5e-40938c7b963c,2026-07-21T00:45:00Z,2026-07-21T02:45:00+0200,0.0,MW,FR,FR,actual_solar_generation,Solar,2026-07-30T03:20:47Z
2026-07-30T03:19:56Z,2026-07-30T05:19:56+0200,892469bd-1f88-49dd-9e5e-40938c7b963c,2026-07-21T01:00:00Z,2026-07-21T03:00:00+0200,0.0,MW,FR,FR,actual_solar_generation,Solar,2026-07-30T03:20:47Z
2026-07-30T03:19:56Z,2026-07-30T05:19:56+0200,892469bd-1f88-49dd-9e5e-40938c7b963c,2026-07-21T01:15:00Z,2026-07-21T03:15:00+0200,0.0,MW,FR,FR,actual_solar_generation,Solar,2026-07-30T03:20:47Z
2026-07-30T03:19:56Z,2026-07-30T05:19:56+0200,892469bd-1f88-49dd-9e5e-40938c7b963c,2026-07-21T01:30:00Z,2026-07-21T03:30:00+0200,0.0,MW,FR,FR,actual_solar_generation,Solar,2026-07-30T03:20:47Z
2026-07-30T03:19:56Z,2026-07-30T05:19:56+0200,892469bd-1f88-49dd-9e5e-40938c7b963c,2026-07-21T01:45:00Z,2026-07-21T03:45:00+0200,0.0,MW,FR,FR,actual_solar_generation,Solar,2026-07-30T03:20:47Z
2026-07-30T03:19:56Z,2026-07-30T05:19:56+0200,892469bd-1f88-49dd-9e5e-40938c7b963c,2026-07-21T02:00:00Z,2026-07-21T04:00:00+0200,0.0,MW,FR,FR,actual_solar_generation,Solar,2026-07-30T03:20:47Z
2026-07-30T03:19:56Z,2026-07-30T05:19:56+0200,892469bd-1f88-49dd-9e5e-40938c7b963c,2026-07-21T02:15:00Z,2026-07-21T04:15:00+0200,0.0,MW,FR,FR,actual_solar_generation,Solar,2026-07-30T03:20:47Z
2026-07-30T03:19:56Z,2026-07-30T05:19:56+0200,892469bd-1f88-49dd-9e5e-40938c7b963c,2026-07-21T02:30:00Z,2026-07-21T04:30:00+0200,0.0,MW,FR,FR,actual_solar_generation,Solar,2026-07-30T03:20:47Z
2026-07-30T03:19:56Z,2026-07-30T05:19:56+0200,892469bd-1f88-49dd-9e5e-40938c7b963c,2026-07-21T02:45:00Z,2026-07-21T04:45:00+0200,0.0,MW,FR,FR,actual_solar_generation,Solar,2026-07-30T03:20:47Z
2026-07-30T03:19:56Z,2026-07-30T05:19:56+0200,892469bd-1f88-49dd-9e5e-40938c7b963c,2026-07-21T03:00:00Z,2026-07-21T05:00:00+0200,197.53,MW,FR,FR,actual_solar_generation,Solar,2026-07-30T03:20:47Z
2026-07-30T03:19:56Z,2026-07-30T05:19:56+0200,892469bd-1f88-49dd-9e5e-40938c7b963c,2026-07-21T03:15:00Z,2026-07-21T05:15:00+0200,195.78,MW,FR,FR,actual_solar_generation,Solar,2026-07-30T03:20:47Z
2026-07-30T03:19:56Z,2026-07-30T05:19:56+0200,892469bd-1f88-49dd-9e5e-40938c7b963c,2026-07-21T03:30:00Z,2026-07-21T05:30:00+0200,195.47,MW,FR,FR,actual_solar_generation,Solar,2026-07-30T03:20:47Z
2026-07-30T03:19:56Z,2026-07-30T05:19:56+0200,892469bd-1f88-49dd-9e5e-40938c7b963c,2026-07-21T03:45:00Z,2026-07-21T05:45:00+0200,200.96,MW,FR,FR,actual_solar_generation,Solar,2026-07-30T03:20:47Z
2026-07-30T03:19:56Z,2026-07-30T05:19:56+0200,892469bd-1f88-49dd-9e5e-40938c7b963c,2026-07-21T04:00:00Z,2026-07-21T06:00:00+0200,225.49,MW,FR,FR,actual_solar_generation,Solar,2026-07-30T03:20:47Z
2026-07-30T03:19:56Z,2026-07-30T05:19:56+0200,892469bd-1f88-49dd-9e5e-40938c7b963c,2026-07-21T04:15:00Z,2026-07-21T06:15:00+0200,280.69,MW,FR,FR,actual_solar_generation,Solar,2026-07-30T03:20:47Z
2026-07-30T03:19:56Z,2026-07-30T05:19:56+0200,892469bd-1f88-49dd-9e5e-40938c7b963c,2026-07-21T04:30:00Z,2026-07-21T06:30:00+0200,385.79,MW,FR,FR,actual_solar_generation,Solar,2026-07-30T03:20:47Z
2026-07-30T03:19:56Z,2026-07-30T05:19:56+0200,892469bd-1f88-49dd-9e5e-40938c7b963c,2026-07-21T04:45:00Z,2026-07-21T06:45:00+0200,582.68,MW,FR,FR,actual_solar_generation,Solar,2026-07-30T03:20:47Z
2026-07-30T03:19:56Z,2026-07-30T05:19:56+0200,892469bd-1f88-49dd-9e5e-40938c7b963c,2026-07-21T05:00:00Z,2026-07-21T07:00:00+0200,887.19,MW,FR,FR,actual_solar_generation,Solar,2026-07-30T03:20:47Z
2026-07-30T03:19:56Z,2026-07-30T05:19:56+0200,892469bd-1f88-49dd-9e5e-40938c7b963c,2026-07-21T05:15:00Z,2026-07-21T07:15:00+0200,1285.04,MW,FR,FR,actual_solar_generation,Solar,2026-07-30T03:20:47Z
2026-07-30T03:19:56Z,2026-07-30T05:19:56+0200,892469bd-1f88-49dd-9e5e-40938c7b963c,2026-07-21T05:30:00Z,2026-07-21T07:30:00+0200,1845.17,MW,FR,FR,actual_solar_generation,Solar,2026-07-30T03:20:47Z
2026-07-30T03:19:56Z,2026-07-30T05:19:56+0200,892469bd-1f88-49dd-9e5e-40938c7b963c,2026-07-21T05:45:00Z,2026-07-21T07:45:00+0200,2644.73,MW,FR,FR,actual_solar_generation,Solar,2026-07-30T03:20:47Z
2026-07-30T03:19:56Z,2026-07-30T05:19:56+0200,892469bd-1f88-49dd-9e5e-40938c7b963c,2026-07-21T06:00:00Z,2026-07-21T08:00:00+0200,3517.81,MW,FR,FR,actual_solar_generation,Solar,2026-07-30T03:20:47Z
2026-07-30T03:19:56Z,2026-07-30T05:19:56+0200,892469bd-1f88-49dd-9e5e-40938c7b963c,2026-07-21T06:15:00Z,2026-07-21T08:15:00+0200,4555.89,MW,FR,FR,actual_solar_generation,Solar,2026-07-30T03:20:47Z
2026-07-30T03:19:56Z,2026-07-30T05:19:56+0200,892469bd-1f88-49dd-9e5e-40938c7b963c,2026-07-21T06:30:00Z,2026-07-21T08:30:00+0200,5672.14,MW,FR,FR,actual_solar_generation,Solar,2026-07-30T03:20:47Z
2026-07-30T03:19:56Z,2026-07-30T05:19:56+0200,892469bd-1f88-49dd-9e5e-40938c7b963c,2026-07-21T06:45:00Z,2026-07-21T08:45:00+0200,6977.33,MW,FR,FR,actual_solar_generation,Solar,2026-07-30T03:20:47Z
2026-07-30T03:19:56Z,2026-07-30T05:19:56+0200,892469bd-1f88-49dd-9e5e-40938c7b963c,2026-07-21T07:00:00Z,2026-07-21T09:00:00+0200,8250.66,MW,FR,FR,actual_solar_generation,Solar,2026-07-30T03:20:47Z
2026-07-30T03:19:56Z,2026-07-30T05:19:56+0200,892469bd-1f88-49dd-9e5e-40938c7b963c,2026-07-21T07:15:00Z,2026-07-21T09:15:00+0200,9766.09,MW,FR,FR,actual_solar_generation,Solar,2026-07-30T03:20:47Z
2026-07-30T03:19:56Z,2026-07-30T05:19:56+0200,892469bd-1f88-49dd-9e5e-40938c7b963c,2026-07-21T07:30:00Z,2026-07-21T09:30:00+0200,11079.83,MW,FR,FR,actual_solar_generation,Solar,2026-07-30T03:20:47Z
2026-07-30T03:19:56Z,2026-07-30T05:19:56+0200,892469bd-1f88-49dd-9e5e-40938c7b963c,2026-07-21T07:45:00Z,2026-07-21T09:45:00+0200,12388.18,MW,FR,FR,actual_solar_generation,Solar,2026-07-30T03:20:47Z
2026-07-30T03:19:56Z,2026-07-30T05:19:56+0200,892469bd-1f88-49dd-9e5e-40938c7b963c,2026-07-21T08:00:00Z,2026-07-21T10:00:00+0200,13528.66,MW,FR,FR,actual_solar_generation,Solar,2026-07-30T03:20:47Z
2026-07-30T03:19:56Z,2026-07-30T05:19:56+0200,892469bd-1f88-49dd-9e5e-40938c7b963c,2026-07-21T08:15:00Z,2026-07-21T10:15:00+0200,14638.49,MW,FR,FR,actual_solar_generation,Solar,2026-07-30T03:20:47Z
2026-07-30T03:19:56Z,2026-07-30T05:19:56+0200,892469bd-1f88-49dd-9e5e-40938c7b963c,2026-07-21T08:30:00Z,2026-07-21T10:30:00+0200,15689.73,MW,FR,FR,actual_solar_generation,Solar,2026-07-30T03:20:47Z
2026-07-30T03:19:56Z,2026-07-30T05:19:56+0200,892469bd-1f88-49dd-9e5e-40938c7b963c,2026-07-21T08:45:00Z,2026-07-21T10:45:00+0200,16598.88,MW,FR,FR,actual_solar_generation,Solar,2026-07-30T03:20:47Z
2026-07-30T03:19:56Z,2026-07-30T05:19:56+0200,892469bd-1f88-49dd-9e5e-40938c7b963c,2026-07-21T09:00:00Z,2026-07-21T11:00:00+0200,17486.39,MW,FR,FR,actual_solar_generation,Solar,2026-07-30T03:20:47Z
2026-07-30T03:19:56Z,2026-07-30T05:19:56+0200,892469bd-1f88-49dd-9e5e-40938c7b963c,2026-07-21T09:15:00Z,2026-07-21T11:15:00+0200,18283.63,MW,FR,FR,actual_solar_generation,Solar,2026-07-30T03:20:47Z
2026-07-30T03:19:56Z,2026-07-30T05:19:56+0200,892469bd-1f88-49dd-9e5e-40938c7b963c,2026-07-21T09:30:00Z,2026-07-21T11:30:00+0200,18758.77,MW,FR,FR,actual_solar_generation,Solar,2026-07-30T03:20:47Z
2026-07-30T03:19:56Z,2026-07-30T05:19:56+0200,892469bd-1f88-49dd-9e5e-40938c7b963c,2026-07-21T09:45:00Z,2026-07-21T11:45:00+0200,19227.57,MW,FR,FR,actual_solar_generation,Solar,2026-07-30T03:20:47Z
2026-07-30T03:19:56Z,2026-07-30T05:19:56+0200,892469bd-1f88-49dd-9e5e-40938c7b963c,2026-07-21T10:00:00Z,2026-07-21T12:00:00+0200,19644.83,MW,FR,FR,actual_solar_generation,Solar,2026-07-30T03:20:47Z
2026-07-30T03:19:56Z,2026-07-30T05:19:56+0200,892469bd-1f88-49dd-9e5e-40938c7b963c,2026-07-21T10:15:00Z,2026-07-21T12:15:00+0200,19826.21,MW,FR,FR,actual_solar_generation,Solar,2026-07-30T03:20:47Z
2026-07-30T03:19:56Z,2026-07-30T05:19:56+0200,892469bd-1f88-49dd-9e5e-40938c7b963c,2026-07-21T10:30:00Z,2026-07-21T12:30:00+0200,20218.14,MW,FR,FR,actual_solar_generation,Solar,2026-07-30T03:20:47Z
2026-07-30T03:19:56Z,2026-07-30T05:19:56+0200,892469bd-1f88-49dd-9e5e-40938c7b963c,2026-07-21T10:45:00Z,2026-07-21T12:45:00+0200,20651.74,MW,FR,FR,actual_solar_generation,Solar,2026-07-30T03:20:47Z
2026-07-30T03:19:56Z,2026-07-30T05:19:56+0200,892469bd-1f88-49dd-9e5e-40938c7b963c,2026-07-21T11:00:00Z,2026-07-21T13:00:00+0200,20809.04,MW,FR,FR,actual_solar_generation,Solar,2026-07-30T03:20:47Z
2026-07-30T03:19:56Z,2026-07-30T05:19:56+0200,892469bd-1f88-49dd-9e5e-40938c7b963c,2026-07-21T11:15:00Z,2026-07-21T13:15:00+0200,20828.82,MW,FR,FR,actual_solar_generation,Solar,2026-07-30T03:20:47Z
2026-07-30T03:19:56Z,2026-07-30T05:19:56+0200,892469bd-1f88-49dd-9e5e-40938c7b963c,2026-07-21T11:30:00Z,2026-07-21T13:30:00+0200,20901.54,MW,FR,FR,actual_solar_generation,Solar,2026-07-30T03:20:47Z
2026-07-30T03:19:56Z,2026-07-30T05:19:56+0200,892469bd-1f88-49dd-9e5e-40938c7b963c,2026-07-21T11:45:00Z,2026-07-21T13:45:00+0200,21053.68,MW,FR,FR,actual_solar_generation,Solar,2026-07-30T03:20:47Z
2026-07-30T03:19:56Z,2026-07-30T05:19:56+0200,892469bd-1f88-49dd-9e5e-40938c7b963c,2026-07-21T12:00:00Z,2026-07-21T14:00:00+0200,21113.79,MW,FR,FR,actual_solar_generation,Solar,2026-07-30T03:20:47Z
2026-07-30T03:19:56Z,2026-07-30T05:19:56+0200,892469bd-1f88-49dd-9e5e-40938c7b963c,2026-07-21T12:15:00Z,2026-07-21T14:15:00+0200,21163.53,MW,FR,FR,actual_solar_generation,Solar,2026-07-30T03:20:47Z
2026-07-30T03:19:56Z,2026-07-30T05:19:56+0200,892469bd-1f88-49dd-9e5e-40938c7b963c,2026-07-21T12:30:00Z,2026-07-21T14:30:00+0200,21175.27,MW,FR,FR,actual_solar_generation,Solar,2026-07-30T03:20:47Z
2026-07-30T03:19:56Z,2026-07-30T05:19:56+0200,892469bd-1f88-49dd-9e5e-40938c7b963c,2026-07-21T12:45:00Z,2026-07-21T14:45:00+0200,20970.25,MW,FR,FR,actual_solar_generation,Solar,2026-07-30T03:20:47Z
2026-07-30T03:19:56Z,2026-07-30T05:19:56+0200,892469bd-1f88-49dd-9e5e-40938c7b963c,2026-07-21T13:00:00Z,2026-07-21T15:00:00+0200,20873.28,MW,FR,FR,actual_solar_generation,Solar,2026-07-30T03:20:47Z
2026-07-30T03:19:56Z,2026-07-30T05:19:56+0200,892469bd-1f88-49dd-9e5e-40938c7b963c,2026-07-21T13:15:00Z,2026-07-21T15:15:00+0200,20724.14,MW,FR,FR,actual_solar_generation,Solar,2026-07-30T03:20:47Z
2026-07-30T03:19:56Z,2026-07-30T05:19:56+0200,892469bd-1f88-49dd-9e5e-40938c7b963c,2026-07-21T13:30:00Z,2026-07-21T15:30:00+0200,20526.75,MW,FR,FR,actual_solar_generation,Solar,2026-07-30T03:20:47Z
2026-07-30T03:19:56Z,2026-07-30T05:19:56+0200,892469bd-1f88-49dd-9e5e-40938c7b963c,2026-07-21T13:45:00Z,2026-07-21T15:45:00+0200,20179.52,MW,FR,FR,actual_solar_generation,Solar,2026-07-30T03:20:47Z
2026-07-30T03:19:56Z,2026-07-30T05:19:56+0200,892469bd-1f88-49dd-9e5e-40938c7b963c,2026-07-21T14:00:00Z,2026-07-21T16:00:00+0200,19754.05,MW,FR,FR,actual_solar_generation,Solar,2026-07-30T03:20:47Z
2026-07-30T03:19:56Z,2026-07-30T05:19:56+0200,892469bd-1f88-49dd-9e5e-40938c7b963c,2026-07-21T14:15:00Z,2026-07-21T16:15:00+0200,19202.69,MW,FR,FR,actual_solar_generation,Solar,2026-07-30T03:20:47Z
2026-07-30T03:19:56Z,2026-07-30T05:19:56+0200,892469bd-1f88-49dd-9e5e-40938c7b963c,2026-07-21T14:30:00Z,2026-07-21T16:30:00+0200,18481.33,MW,FR,FR,actual_solar_generation,Solar,2026-07-30T03:20:47Z
2026-07-30T03:19:56Z,2026-07-30T05:19:56+0200,892469bd-1f88-49dd-9e5e-40938c7b963c,2026-07-21T14:45:00Z,2026-07-21T16:45:00+0200,17777.79,MW,FR,FR,actual_solar_generation,Solar,2026-07-30T03:20:47Z
2026-07-30T03:19:56Z,2026-07-30T05:19:56+0200,892469bd-1f88-49dd-9e5e-40938c7b963c,2026-07-21T15:00:00Z,2026-07-21T17:00:00+0200,17065.3,MW,FR,FR,actual_solar_generation,Solar,2026-07-30T03:20:47Z
2026-07-30T03:19:56Z,2026-07-30T05:19:56+0200,892469bd-1f88-49dd-9e5e-40938c7b963c,2026-07-21T15:15:00Z,2026-07-21T17:15:00+0200,16217.78,MW,FR,FR,actual_solar_generation,Solar,2026-07-30T03:20:47Z
2026-07-30T03:19:56Z,2026-07-30T05:19:56+0200,892469bd-1f88-49dd-9e5e-40938c7b963c,2026-07-21T15:30:00Z,2026-07-21T17:30:00+0200,15257.98,MW,FR,FR,actual_solar_generation,Solar,2026-07-30T03:20:47Z
2026-07-30T03:19:56Z,2026-07-30T05:19:56+0200,892469bd-1f88-49dd-9e5e-40938c7b963c,2026-07-21T15:45:00Z,2026-07-21T17:45:00+0200,14218.31,MW,FR,FR,actual_solar_generation,Solar,2026-07-30T03:20:47Z
2026-07-30T03:19:56Z,2026-07-30T05:19:56+0200,892469bd-1f88-49dd-9e5e-40938c7b963c,2026-07-21T16:00:00Z,2026-07-21T18:00:00+0200,13095.57,MW,FR,FR,actual_solar_generation,Solar,2026-07-30T03:20:47Z
2026-07-30T03:19:56Z,2026-07-30T05:19:56+0200,892469bd-1f88-49dd-9e5e-40938c7b963c,2026-07-21T16:15:00Z,2026-07-21T18:15:00+0200,11855.27,MW,FR,FR,actual_solar_generation,Solar,2026-07-30T03:20:47Z
2026-07-30T03:19:56Z,2026-07-30T05:19:56+0200,892469bd-1f88-49dd-9e5e-40938c7b963c,2026-07-21T16:30:00Z,2026-07-21T18:30:00+0200,10596.45,MW,FR,FR,actual_solar_generation,Solar,2026-07-30T03:20:47Z
2026-07-30T03:19:56Z,2026-07-30T05:19:56+0200,892469bd-1f88-49dd-9e5e-40938c7b963c,2026-07-21T16:45:00Z,2026-07-21T18:45:00+0200,9328.05,MW,FR,FR,actual_solar_generation,Solar,2026-07-30T03:20:47Z
2026-07-30T03:19:56Z,2026-07-30T05:19:56+0200,892469bd-1f88-49dd-9e5e-40938c7b963c,2026-07-21T17:00:00Z,2026-07-21T19:00:00+0200,8000.03,MW,FR,FR,actual_solar_generation,Solar,2026-07-30T03:20:47Z
2026-07-30T03:19:56Z,2026-07-30T05:19:56+0200,892469bd-1f88-49dd-9e5e-40938c7b963c,2026-07-21T17:15:00Z,2026-07-21T19:15:00+0200,6712.33,MW,FR,FR,actual_solar_generation,Solar,2026-07-30T03:20:47Z
2026-07-30T03:19:56Z,2026-07-30T05:19:56+0200,892469bd-1f88-49dd-9e5e-40938c7b963c,2026-07-21T17:30:00Z,2026-07-21T19:30:00+0200,5434.94,MW,FR,FR,actual_solar_generation,Solar,2026-07-30T03:20:47Z
2026-07-30T03:19:56Z,2026-07-30T05:19:56+0200,892469bd-1f88-49dd-9e5e-40938c7b963c,2026-07-21T17:45:00Z,2026-07-21T19:45:00+0200,4232.78,MW,FR,FR,actual_solar_generation,Solar,2026-07-30T03:20:47Z
2026-07-30T03:19:56Z,2026-07-30T05:19:56+0200,892469bd-1f88-49dd-9e5e-40938c7b963c,2026-07-21T18:00:00Z,2026-07-21T20:00:00+0200,3155.14,MW,FR,FR,actual_solar_generation,Solar,2026-07-30T03:20:47Z
2026-07-30T03:19:56Z,2026-07-30T05:19:56+0200,892469bd-1f88-49dd-9e5e-40938c7b963c,2026-07-21T18:15:00Z,2026-07-21T20:15:00+0200,2305.82,MW,FR,FR,actual_solar_generation,Solar,2026-07-30T03:20:47Z
2026-07-30T03:19:56Z,2026-07-30T05:19:56+0200,892469bd-1f88-49dd-9e5e-40938c7b963c,2026-07-21T18:30:00Z,2026-07-21T20:30:00+0200,1643.84,MW,FR,FR,actual_solar_generation,Solar,2026-07-30T03:20:47Z
2026-07-30T03:19:56Z,2026-07-30T05:19:56+0200,892469bd-1f88-49dd-9e5e-40938c7b963c,2026-07-21T18:45:00Z,2026-07-21T20:45:00+0200,1169.28,MW,FR,FR,actual_solar_generation,Solar,2026-07-30T03:20:47Z
2026-07-30T03:19:56Z,2026-07-30T05:19:56+0200,892469bd-1f88-49dd-9e5e-40938c7b963c,2026-07-21T19:00:00Z,2026-07-21T21:00:00+0200,766.87,MW,FR,FR,actual_solar_generation,Solar,2026-07-30T03:20:47Z
2026-07-30T03:19:56Z,2026-07-30T05:19:56+0200,892469bd-1f88-49dd-9e5e-40938c7b963c,2026-07-21T19:15:00Z,2026-07-21T21:15:00+0200,451.34,MW,FR,FR,actual_solar_generation,Solar,2026-07-30T03:20:47Z
2026-07-30T03:19:56Z,2026-07-30T05:19:56+0200,892469bd-1f88-49dd-9e5e-40938c7b963c,2026-07-21T19:30:00Z,2026-07-21T21:30:00+0200,275.79,MW,FR,FR,actual_solar_generation,Solar,2026-07-30T03:20:47Z
2026-07-30T03:19:56Z,2026-07-30T05:19:56+0200,892469bd-1f88-49dd-9e5e-40938c7b963c,2026-07-21T19:45:00Z,2026-07-21T21:45:00+0200,212.19,MW,FR,FR,actual_solar_generation,Solar,2026-07-30T03:20:47Z
2026-07-30T03:19:56Z,2026-07-30T05:19:56+0200,892469bd-1f88-49dd-9e5e-40938c7b963c,2026-07-21T20:00:00Z,2026-07-21T22:00:00+0200,197.95,MW,FR,FR,actual_solar_generation,Solar,2026-07-30T03:20:47Z
2026-07-30T03:19:56Z,2026-07-30T05:19:56+0200,892469bd-1f88-49dd-9e5e-40938c7b963c,2026-07-21T20:15:00Z,2026-07-21T22:15:00+0200,193.92,MW,FR,FR,actual_solar_generation,Solar,2026-07-30T03:20:47Z
2026-07-30T03:19:56Z,2026-07-30T05:19:56+0200,892469bd-1f88-49dd-9e5e-40938c7b963c,2026-07-21T20:30:00Z,2026-07-21T22:30:00+0200,195.03,MW,FR,FR,actual_solar_generation,Solar,2026-07-30T03:20:47Z
2026-07-30T03:19:56Z,2026-07-30T05:19:56+0200,892469bd-1f88-49dd-9e5e-40938c7b963c,2026-07-21T20:45:00Z,2026-07-21T22:45:00+0200,194.54,MW,FR,FR,actual_solar_generation,Solar,2026-07-30T03:20:47Z
2026-07-30T03:19:56Z,2026-07-30T05:19:56+0200,892469bd-1f88-49dd-9e5e-40938c7b963c,2026-07-21T21:00:00Z,2026-07-21T23:00:00+0200,194.88,MW,FR,FR,actual_solar_generation,Solar,2026-07-30T03:20:47Z
2026-07-30T03:19:56Z,2026-07-30T05:19:56+0200,892469bd-1f88-49dd-9e5e-40938c7b963c,2026-07-21T21:15:00Z,2026-07-21T23:15:00+0200,194.02,MW,FR,FR,actual_solar_generation,Solar,2026-07-30T03:20:47Z
2026-07-30T03:19:56Z,2026-07-30T05:19:56+0200,892469bd-1f88-49dd-9e5e-40938c7b963c,2026-07-21T21:30:00Z,2026-07-21T23:30:00+0200,193.61,MW,FR,FR,actual_solar_generation,Solar,2026-07-30T03:20:47Z
2026-07-30T03:19:56Z,2026-07-30T05:19:56+0200,892469bd-1f88-49dd-9e5e-40938c7b963c,2026-07-21T21:45:00Z,2026-07-21T23:45:00+0200,191.94,MW,FR,FR,actual_solar_generation,Solar,2026-07-30T03:20:47Z
2026-07-30T03:19:56Z,2026-07-30T05:19:56+0200,892469bd-1f88-49dd-9e5e-40938c7b963c,2026-07-21T22:00:00Z,2026-07-22T00:00:00+0200,0.0,MW,FR,FR,actual_solar_generation,Solar,2026-07-30T03:20:47Z
2026-07-30T03:19:56Z,2026-07-30T05:19:56+0200,892469bd-1f88-49dd-9e5e-40938c7b963c,2026-07-21T22:15:00Z,2026-07-22T00:15:00+0200,0.0,MW,FR,FR,actual_solar_generation,Solar,2026-07-30T03:20:47Z
2026-07-30T03:19:56Z,2026-07-30T05:19:56+0200,892469bd-1f88-49dd-9e5e-40938c7b963c,2026-07-21T22:30:00Z,2026-07-22T00:30:00+0200,0.0,MW,FR,FR,actual_solar_generation,Solar,2026-07-30T03:20:47Z
2026-07-30T03:19:56Z,2026-07-30T05:19:56+0200,892469bd-1f88-49dd-9e5e-40938c7b963c,2026-07-21T22:45:00Z,2026-07-22T00:45:00+0200,0.0,MW,FR,FR,actual_solar_generation,Solar,2026-07-30T03:20:47Z
2026-07-30T03:19:56Z,2026-07-30T05:19:56+0200,892469bd-1f88-49dd-9e5e-40938c7b963c,2026-07-21T23:00:00Z,2026-07-22T01:00:00+0200,0.0,MW,FR,FR,actual_solar_generation,Solar,2026-07-30T03:20:47Z
2026-07-30T03:19:56Z,2026-07-30T05:19:56+0200,892469bd-1f88-49dd-9e5e-40938c7b963c,2026-07-21T23:15:00Z,2026-07-22T01:15:00+0200,0.0,MW,FR,FR,actual_solar_generation,Solar,2026-07-30T03:20:47Z
2026-07-30T03:19:56Z,2026-07-30T05:19:56+0200,892469bd-1f88-49dd-9e5e-40938c7b963c,2026-07-21T23:30:00Z,2026-07-22T01:30:00+0200,0.0,MW,FR,FR,actual_solar_generation,Solar,2026-07-30T03:20:47Z
2026-07-30T03:19:56Z,2026-07-30T05:19:56+0200,892469bd-1f88-49dd-9e5e-40938c7b963c,2026-07-21T23:45:00Z,2026-07-22T01:45:00+0200,0.0,MW,FR,FR,actual_solar_generation,Solar,2026-07-30T03:20:47Z
2026-07-30T03:19:56Z,2026-07-30T05:19:56+0200,892469bd-1f88-49dd-9e5e-40938c7b963c,2026-07-22T00:00:00Z,2026-07-22T02:00:00+0200,0.0,MW,FR,FR,actual_solar_generation,Solar,2026-07-30T03:20:47Z
2026-07-30T03:19:56Z,2026-07-30T05:19:56+0200,892469bd-1f88-49dd-9e5e-40938c7b963c,2026-07-22T00:15:00Z,2026-07-22T02:15:00+0200,0.0,MW,FR,FR,actual_solar_generation,Solar,2026-07-30T03:20:47Z
2026-07-30T03:19:56Z,2026-07-30T05:19:56+0200,892469bd-1f88-49dd-9e5e-40938c7b963c,2026-07-22T00:30:00Z,2026-07-22T02:30:00+0200,0.0,MW,FR,FR,actual_solar_generation,Solar,2026-07-30T03:20:47Z
2026-07-30T03:19:56Z,2026-07-30T05:19:56+0200,892469bd-1f88-49dd-9e5e-40938c7b963c,2026-07-22T00:45:00Z,2026-07-22T02:45:00+0200,0.0,MW,FR,FR,actual_solar_generation,Solar,2026-07-30T03:20:47Z
2026-07-30T03:19:56Z,2026-07-30T05:19:56+0200,892469bd-1f88-49dd-9e5e-40938c7b963c,2026-07-22T01:00:00Z,2026-07-22T03:00:00+0200,0.0,MW,FR,FR,actual_solar_generation,Solar,2026-07-30T03:20:47Z
2026-07-30T03:19:56Z,2026-07-30T05:19:56+0200,892469bd-1f88-49dd-9e5e-40938c7b963c,2026-07-22T01:15:00Z,2026-07-22T03:15:00+0200,0.0,MW,FR,FR,actual_solar_generation,Solar,2026-07-30T03:20:47Z
2026-07-30T03:19:56Z,2026-07-30T05:19:56+0200,892469bd-1f88-49dd-9e5e-40938c7b963c,2026-07-22T01:30:00Z,2026-07-22T03:30:00+0200,0.0,MW,FR,FR,actual_solar_generation,Solar,2026-07-30T03:20:47Z
2026-07-30T03:19:56Z,2026-07-30T05:19:56+0200,892469bd-1f88-49dd-9e5e-40938c7b963c,2026-07-22T01:45:00Z,2026-07-22T03:45:00+0200,0.0,MW,FR,FR,actual_solar_generation,Solar,2026-07-30T03:20:47Z
2026-07-30T03:19:56Z,2026-07-30T05:19:56+0200,892469bd-1f88-49dd-9e5e-40938c7b963c,2026-07-22T02:00:00Z,2026-07-22T04:00:00+0200,0.0,MW,FR,FR,actual_solar_generation,Solar,2026-07-30T03:20:47Z
2026-07-30T03:19:56Z,2026-07-30T05:19:56+0200,892469bd-1f88-49dd-9e5e-40938c7b963c,2026-07-22T02:15:00Z,2026-07-22T04:15:00+0200,0.0,MW,FR,FR,actual_solar_generation,Solar,2026-07-30T03:20:47Z
2026-07-30T03:19:56Z,2026-07-30T05:19:56+0200,892469bd-1f88-49dd-9e5e-40938c7b963c,2026-07-22T02:30:00Z,2026-07-22T04:30:00+0200,0.0,MW,FR,FR,actual_solar_generation,Solar,2026-07-30T03:20:47Z
2026-07-30T03:19:56Z,2026-07-30T05:19:56+0200,892469bd-1f88-49dd-9e5e-40938c7b963c,2026-07-22T02:45:00Z,2026-07-22T04:45:00+0200,0.0,MW,FR,FR,actual_solar_generation,Solar,2026-07-30T03:20:47Z
2026-07-30T03:19:56Z,2026-07-30T05:19:56+0200,892469bd-1f88-49dd-9e5e-40938c7b963c,2026-07-22T03:00:00Z,2026-07-22T05:00:00+0200,184.78,MW,FR,FR,actual_solar_generation,Solar,2026-07-30T03:20:47Z
2026-07-30T03:19:56Z,2026-07-30T05:19:56+0200,892469bd-1f88-49dd-9e5e-40938c7b963c,2026-07-22T03:15:00Z,2026-07-22T05:15:00+0200,185.54,MW,FR,FR,actual_solar_generation,Solar,2026-07-30T03:20:47Z
2026-07-30T03:19:56Z,2026-07-30T05:19:56+0200,892469bd-1f88-49dd-9e5e-40938c7b963c,2026-07-22T03:30:00Z,2026-07-22T05:30:00+0200,184.94,MW,FR,FR,actual_solar_generation,Solar,2026-07-30T03:20:47Z
2026-07-30T03:19:56Z,2026-07-30T05:19:56+0200,892469bd-1f88-49dd-9e5e-40938c7b963c,2026-07-22T03:45:00Z,2026-07-22T05:45:00+0200,188.57,MW,FR,FR,actual_solar_generation,Solar,2026-07-30T03:20:47Z
2026-07-30T03:19:56Z,2026-07-30T05:19:56+0200,892469bd-1f88-49dd-9e5e-40938c7b963c,2026-07-22T04:00:00Z,2026-07-22T06:00:00+0200,213.69,MW,FR,FR,actual_solar_generation,Solar,2026-07-30T03:20:47Z
2026-07-30T03:19:56Z,2026-07-30T05:19:56+0200,892469bd-1f88-49dd-9e5e-40938c7b963c,2026-07-22T04:15:00Z,2026-07-22T06:15:00+0200,262.95,MW,FR,FR,actual_solar_generation,Solar,2026-07-30T03:20:47Z
2026-07-30T03:19:56Z,2026-07-30T05:19:56+0200,892469bd-1f88-49dd-9e5e-40938c7b963c,2026-07-22T04:30:00Z,2026-07-22T06:30:00+0200,375.09,MW,FR,FR,actual_solar_generation,Solar,2026-07-30T03:20:47Z
2026-07-30T03:19:56Z,2026-07-30T05:19:56+0200,892469bd-1f88-49dd-9e5e-40938c7b963c,2026-07-22T04:45:00Z,2026-07-22T06:45:00+0200,595.47,MW,FR,FR,actual_solar_generation,Solar,2026-07-30T03:20:47Z
2026-07-30T03:19:56Z,2026-07-30T05:19:56+0200,892469bd-1f88-49dd-9e5e-40938c7b963c,2026-07-22T05:00:00Z,2026-07-22T07:00:00+0200,903.2,MW,FR,FR,actual_solar_generation,Solar,2026-07-30T03:20:47Z
2026-07-30T03:19:56Z,2026-07-30T05:19:56+0200,892469bd-1f88-49dd-9e5e-40938c7b963c,2026-07-22T05:15:00Z,2026-07-22T07:15:00+0200,1308.99,MW,FR,FR,actual_solar_generation,Solar,2026-07-30T03:20:47Z
2026-07-30T03:19:56Z,2026-07-30T05:19:56+0200,892469bd-1f88-49dd-9e5e-40938c7b963c,2026-07-22T05:30:00Z,2026-07-22T07:30:00+0200,1892.53,MW,FR,FR,actual_solar_generation,Solar,2026-07-30T03:20:47Z
2026-07-30T03:19:56Z,2026-07-30T05:19:56+0200,892469bd-1f88-49dd-9e5e-40938c7b963c,2026-07-22T05:45:00Z,2026-07-22T07:45:00+0200,2699.04,MW,FR,FR,actual_solar_generation,Solar,2026-07-30T03:20:47Z
2026-07-30T03:19:56Z,2026-07-30T05:19:56+0200,892469bd-1f88-49dd-9e5e-40938c7b963c,2026-07-22T06:00:00Z,2026-07-22T08:00:00+0200,3517.36,MW,FR,FR,actual_solar_generation,Solar,2026-07-30T03:20:47Z
2026-07-30T03:19:56Z,2026-07-30T05:19:56+0200,892469bd-1f88-49dd-9e5e-40938c7b963c,2026-07-22T06:15:00Z,2026-07-22T08:15:00+0200,4564.91,MW,FR,FR,actual_solar_generation,Solar,2026-07-30T03:20:47Z
2026-07-30T03:19:56Z,2026-07-30T05:19:56+0200,892469bd-1f88-49dd-9e5e-40938c7b963c,2026-07-22T06:30:00Z,2026-07-22T08:30:00+0200,5742.62,MW,FR,FR,actual_solar_generation,Solar,2026-07-30T03:20:47Z
2026-07-30T03:19:56Z,2026-07-30T05:19:56+0200,892469bd-1f88-49dd-9e5e-40938c7b963c,2026-07-22T06:45:00Z,2026-07-22T08:45:00+0200,7067.47,MW,FR,FR,actual_solar_generation,Solar,2026-07-30T03:20:47Z
2026-07-30T03:19:56Z,2026-07-30T05:19:56+0200,892469bd-1f88-49dd-9e5e-40938c7b963c,2026-07-22T07:00:00Z,2026-07-22T09:00:00+0200,8407.1,MW,FR,FR,actual_solar_generation,Solar,2026-07-30T03:20:47Z
2026-07-30T03:19:56Z,2026-07-30T05:19:56+0200,892469bd-1f88-49dd-9e5e-40938c7b963c,2026-07-22T07:15:00Z,2026-07-22T09:15:00+0200,9868.35,MW,FR,FR,actual_solar_generation,Solar,2026-07-30T03:20:47Z
2026-07-30T03:19:56Z,2026-07-30T05:19:56+0200,892469bd-1f88-49dd-9e5e-40938c7b963c,2026-07-22T07:30:00Z,2026-07-22T09:30:00+0200,11273.95,MW,FR,FR,actual_solar_generation,Solar,2026-07-30T03:20:47Z
2026-07-30T03:19:56Z,2026-07-30T05:19:56+0200,892469bd-1f88-49dd-9e5e-40938c7b963c,2026-07-22T07:45:00Z,2026-07-22T09:45:00+0200,12514.1,MW,FR,FR,actual_solar_generation,Solar,2026-07-30T03:20:47Z
2026-07-30T03:19:56Z,2026-07-30T05:19:56+0200,892469bd-1f88-49dd-9e5e-40938c7b963c,2026-07-22T08:00:00Z,2026-07-22T10:00:00+0200,13733.41,MW,FR,FR,actual_solar_generation,Solar,2026-07-30T03:20:47Z
2026-07-30T03:19:56Z,2026-07-30T05:19:56+0200,892469bd-1f88-49dd-9e5e-40938c7b963c,2026-07-22T08:15:00Z,2026-07-22T10:15:00+0200,14845.94,MW,FR,FR,actual_solar_generation,Solar,2026-07-30T03:20:47Z
2026-07-30T03:19:56Z,2026-07-30T05:19:56+0200,892469bd-1f88-49dd-9e5e-40938c7b963c,2026-07-22T08:30:00Z,2026-07-22T10:30:00+0200,15878.08,MW,FR,FR,actual_solar_generation,Solar,2026-07-30T03:20:47Z
2026-07-30T03:19:56Z,2026-07-30T05:19:56+0200,892469bd-1f88-49dd-9e5e-40938c7b963c,2026-07-22T08:45:00Z,2026-07-22T10:45:00+0200,16890.56,MW,FR,FR,actual_solar_generation,Solar,2026-07-30T03:20:47Z
2026-07-30T03:19:56Z,2026-07-30T05:19:56+0200,892469bd-1f88-49dd-9e5e-40938c7b963c,2026-07-22T09:00:00Z,2026-07-22T11:00:00+0200,17623.58,MW,FR,FR,actual_solar_generation,Solar,2026-07-30T03:20:47Z
2026-07-30T03:19:56Z,2026-07-30T05:19:56+0200,892469bd-1f88-49dd-9e5e-40938c7b963c,2026-07-22T09:15:00Z,2026-07-22T11:15:00+0200,18369.82,MW,FR,FR,actual_solar_generation,Solar,2026-07-30T03:20:47Z
2026-07-30T03:19:56Z,2026-07-30T05:19:56+0200,892469bd-1f88-49dd-9e5e-40938c7b963c,2026-07-22T09:30:00Z,2026-07-22T11:30:00+0200,18952.71,MW,FR,FR,actual_solar_generation,Solar,2026-07-30T03:20:47Z
2026-07-30T03:19:56Z,2026-07-30T05:19:56+0200,892469bd-1f88-49dd-9e5e-40938c7b963c,2026-07-22T09:45:00Z,2026-07-22T11:45:00+0200,19401.1,MW,FR,FR,actual_solar_generation,Solar,2026-07-30T03:20:47Z
2026-07-30T03:19:56Z,2026-07-30T05:19:56+0200,892469bd-1f88-49dd-9e5e-40938c7b963c,2026-07-22T10:00:00Z,2026-07-22T12:00:00+0200,20035.93,MW,FR,FR,actual_solar_generation,Solar,2026-07-30T03:20:47Z
2026-07-30T03:19:56Z,2026-07-30T05:19:56+0200,892469bd-1f88-49dd-9e5e-40938c7b963c,2026-07-22T10:15:00Z,2026-07-22T12:15:00+0200,20400.45,MW,FR,FR,actual_solar_generation,Solar,2026-07-30T03:20:47Z
2026-07-30T03:19:56Z,2026-07-30T05:19:56+0200,892469bd-1f88-49dd-9e5e-40938c7b963c,2026-07-22T10:30:00Z,2026-07-22T12:30:00+0200,20704.2,MW,FR,FR,actual_solar_generation,Solar,2026-07-30T03:20:47Z
2026-07-30T03:19:56Z,2026-07-30T05:19:56+0200,892469bd-1f88-49dd-9e5e-40938c7b963c,2026-07-22T10:45:00Z,2026-07-22T12:45:00+0200,20899.5,MW,FR,FR,actual_solar_generation,Solar,2026-07-30T03:20:47Z
2026-07-30T03:19:56Z,2026-07-30T05:19:56+0200,892469bd-1f88-49dd-9e5e-40938c7b963c,2026-07-22T11:00:00Z,2026-07-22T13:00:00+0200,21089.83,MW,FR,FR,actual_solar_generation,Solar,2026-07-30T03:20:47Z
2026-07-30T03:19:56Z,2026-07-30T05:19:56+0200,892469bd-1f88-49dd-9e5e-40938c7b963c,2026-07-22T11:15:00Z,2026-07-22T13:15:00+0200,21240.42,MW,FR,FR,actual_solar_generation,Solar,2026-07-30T03:20:47Z
2026-07-30T03:19:56Z,2026-07-30T05:19:56+0200,892469bd-1f88-49dd-9e5e-40938c7b963c,2026-07-22T11:30:00Z,2026-07-22T13:30:00+0200,21188.62,MW,FR,FR,actual_solar_generation,Solar,2026-07-30T03:20:47Z
2026-07-30T03:19:56Z,2026-07-30T05:19:56+0200,892469bd-1f88-49dd-9e5e-40938c7b963c,2026-07-22T11:45:00Z,2026-07-22T13:45:00+0200,21024.7,MW,FR,FR,actual_solar_generation,Solar,2026-07-30T03:20:47Z
2026-07-30T03:19:56Z,2026-07-30T05:19:56+0200,892469bd-1f88-49dd-9e5e-40938c7b963c,2026-07-22T12:00:00Z,2026-07-22T14:00:00+0200,21064.22,MW,FR,FR,actual_solar_generation,Solar,2026-07-30T03:20:47Z
2026-07-30T03:19:56Z,2026-07-30T05:19:56+0200,892469bd-1f88-49dd-9e5e-40938c7b963c,2026-07-22T12:15:00Z,2026-07-22T14:15:00+0200,21001.87,MW,FR,FR,actual_solar_generation,Solar,2026-07-30T03:20:47Z
2026-07-30T03:19:56Z,2026-07-30T05:19:56+0200,892469bd-1f88-49dd-9e5e-40938c7b963c,2026-07-22T12:30:00Z,2026-07-22T14:30:00+0200,20802.79,MW,FR,FR,actual_solar_generation,Solar,2026-07-30T03:20:47Z
2026-07-30T03:19:56Z,2026-07-30T05:19:56+0200,892469bd-1f88-49dd-9e5e-40938c7b963c,2026-07-22T12:45:00Z,2026-07-22T14:45:00+0200,20653.19,MW,FR,FR,actual_solar_generation,Solar,2026-07-30T03:20:47Z
2026-07-30T03:19:56Z,2026-07-30T05:19:56+0200,892469bd-1f88-49dd-9e5e-40938c7b963c,2026-07-22T13:00:00Z,2026-07-22T15:00:00+0200,20498.97,MW,FR,FR,actual_solar_generation,Solar,2026-07-30T03:20:47Z
2026-07-30T03:19:56Z,2026-07-30T05:19:56+0200,892469bd-1f88-49dd-9e5e-40938c7b963c,2026-07-22T13:15:00Z,2026-07-22T15:15:00+0200,20119.02,MW,FR,FR,actual_solar_generation,Solar,2026-07-30T03:20:47Z
2026-07-30T03:19:56Z,2026-07-30T05:19:56+0200,892469bd-1f88-49dd-9e5e-40938c7b963c,2026-07-22T13:30:00Z,2026-07-22T15:30:00+0200,19815.25,MW,FR,FR,actual_solar_generation,Solar,2026-07-30T03:20:47Z
2026-07-30T03:19:56Z,2026-07-30T05:19:56+0200,892469bd-1f88-49dd-9e5e-40938c7b963c,2026-07-22T13:45:00Z,2026-07-22T15:45:00+0200,19365.13,MW,FR,FR,actual_solar_generation,Solar,2026-07-30T03:20:47Z
2026-07-30T03:19:56Z,2026-07-30T05:19:56+0200,892469bd-1f88-49dd-9e5e-40938c7b963c,2026-07-22T14:00:00Z,2026-07-22T16:00:00+0200,18864.58,MW,FR,FR,actual_solar_generation,Solar,2026-07-30T03:20:47Z
2026-07-30T03:19:56Z,2026-07-30T05:19:56+0200,892469bd-1f88-49dd-9e5e-40938c7b963c,2026-07-22T14:15:00Z,2026-07-22T16:15:00+0200,18281.79,MW,FR,FR,actual_solar_generation,Solar,2026-07-30T03:20:47Z
2026-07-30T03:19:56Z,2026-07-30T05:19:56+0200,892469bd-1f88-49dd-9e5e-40938c7b963c,2026-07-22T14:30:00Z,2026-07-22T16:30:00+0200,17848.66,MW,FR,FR,actual_solar_generation,Solar,2026-07-30T03:20:47Z
2026-07-30T03:19:56Z,2026-07-30T05:19:56+0200,892469bd-1f88-49dd-9e5e-40938c7b963c,2026-07-22T14:45:00Z,2026-07-22T16:45:00+0200,16953.42,MW,FR,FR,actual_solar_generation,Solar,2026-07-30T03:20:47Z
2026-07-30T03:19:56Z,2026-07-30T05:19:56+0200,892469bd-1f88-49dd-9e5e-40938c7b963c,2026-07-22T15:00:00Z,2026-07-22T17:00:00+0200,16149.57,MW,FR,FR,actual_solar_generation,Solar,2026-07-30T03:20:47Z
2026-07-30T03:19:56Z,2026-07-30T05:19:56+0200,892469bd-1f88-49dd-9e5e-40938c7b963c,2026-07-22T15:15:00Z,2026-07-22T17:15:00+0200,15181.67,MW,FR,FR,actual_solar_generation,Solar,2026-07-30T03:20:47Z
2026-07-30T03:19:56Z,2026-07-30T05:19:56+0200,892469bd-1f88-49dd-9e5e-40938c7b963c,2026-07-22T15:30:00Z,2026-07-22T17:30:00+0200,14327.91,MW,FR,FR,actual_solar_generation,Solar,2026-07-30T03:20:47Z
2026-07-30T03:19:56Z,2026-07-30T05:19:56+0200,892469bd-1f88-49dd-9e5e-40938c7b963c,2026-07-22T15:45:00Z,2026-07-22T17:45:00+0200,13327.07,MW,FR,FR,actual_solar_generation,Solar,2026-07-30T03:20:47Z
2026-07-30T03:19:56Z,2026-07-30T05:19:56+0200,892469bd-1f88-49dd-9e5e-40938c7b963c,2026-07-22T16:00:00Z,2026-07-22T18:00:00+0200,12428.61,MW,FR,FR,actual_solar_generation,Solar,2026-07-30T03:20:47Z
2026-07-30T03:19:56Z,2026-07-30T05:19:56+0200,892469bd-1f88-49dd-9e5e-40938c7b963c,2026-07-22T16:15:00Z,2026-07-22T18:15:00+0200,11313.59,MW,FR,FR,actual_solar_generation,Solar,2026-07-30T03:20:47Z
2026-07-30T03:19:56Z,2026-07-30T05:19:56+0200,892469bd-1f88-49dd-9e5e-40938c7b963c,2026-07-22T16:30:00Z,2026-07-22T18:30:00+0200,10108.63,MW,FR,FR,actual_solar_generation,Solar,2026-07-30T03:20:47Z
2026-07-30T03:19:56Z,2026-07-30T05:19:56+0200,892469bd-1f88-49dd-9e5e-40938c7b963c,2026-07-22T16:45:00Z,2026-07-22T18:45:00+0200,8897.5,MW,FR,FR,actual_solar_generation,Solar,2026-07-30T03:20:47Z
2026-07-30T03:19:56Z,2026-07-30T05:19:56+0200,892469bd-1f88-49dd-9e5e-40938c7b963c,2026-07-22T17:00:00Z,2026-07-22T19:00:00+0200,7628.0,MW,FR,FR,actual_solar_generation,Solar,2026-07-30T03:20:47Z
2026-07-30T03:19:56Z,2026-07-30T05:19:56+0200,892469bd-1f88-49dd-9e5e-40938c7b963c,2026-07-22T17:15:00Z,2026-07-22T19:15:00+0200,6315.85,MW,FR,FR,actual_solar_generation,Solar,2026-07-30T03:20:47Z
2026-07-30T03:19:56Z,2026-07-30T05:19:56+0200,892469bd-1f88-49dd-9e5e-40938c7b963c,2026-07-22T17:30:00Z,2026-07-22T19:30:00+0200,5086.71,MW,FR,FR,actual_solar_generation,Solar,2026-07-30T03:20:47Z
2026-07-30T03:19:56Z,2026-07-30T05:19:56+0200,892469bd-1f88-49dd-9e5e-40938c7b963c,2026-07-22T17:45:00Z,2026-07-22T19:45:00+0200,3941.45,MW,FR,FR,actual_solar_generation,Solar,2026-07-30T03:20:47Z
2026-07-30T03:19:56Z,2026-07-30T05:19:56+0200,892469bd-1f88-49dd-9e5e-40938c7b963c,2026-07-22T18:00:00Z,2026-07-22T20:00:00+0200,2956.6,MW,FR,FR,actual_solar_generation,Solar,2026-07-30T03:20:47Z
2026-07-30T03:19:56Z,2026-07-30T05:19:56+0200,892469bd-1f88-49dd-9e5e-40938c7b963c,2026-07-22T18:15:00Z,2026-07-22T20:15:00+0200,2165.18,MW,FR,FR,actual_solar_generation,Solar,2026-07-30T03:20:47Z
2026-07-30T03:19:56Z,2026-07-30T05:19:56+0200,892469bd-1f88-49dd-9e5e-40938c7b963c,2026-07-22T18:30:00Z,2026-07-22T20:30:00+0200,1551.11,MW,FR,FR,actual_solar_generation,Solar,2026-07-30T03:20:47Z
2026-07-30T03:19:56Z,2026-07-30T05:19:56+0200,892469bd-1f88-49dd-9e5e-40938c7b963c,2026-07-22T18:45:00Z,2026-07-22T20:45:00+0200,1104.15,MW,FR,FR,actual_solar_generation,Solar,2026-07-30T03:20:47Z
2026-07-30T03:19:56Z,2026-07-30T05:19:56+0200,892469bd-1f88-49dd-9e5e-40938c7b963c,2026-07-22T19:00:00Z,2026-07-22T21:00:00+0200,742.2,MW,FR,FR,actual_solar_generation,Solar,2026-07-30T03:20:47Z
2026-07-30T03:19:56Z,2026-07-30T05:19:56+0200,892469bd-1f88-49dd-9e5e-40938c7b963c,2026-07-22T19:15:00Z,2026-07-22T21:15:00+0200,447.47,MW,FR,FR,actual_solar_generation,Solar,2026-07-30T03:20:47Z
2026-07-30T03:19:56Z,2026-07-30T05:19:56+0200,892469bd-1f88-49dd-9e5e-40938c7b963c,2026-07-22T19:30:00Z,2026-07-22T21:30:00+0200,280.98,MW,FR,FR,actual_solar_generation,Solar,2026-07-30T03:20:47Z
2026-07-30T03:19:56Z,2026-07-30T05:19:56+0200,892469bd-1f88-49dd-9e5e-40938c7b963c,2026-07-22T19:45:00Z,2026-07-22T21:45:00+0200,224.83,MW,FR,FR,actual_solar_generation,Solar,2026-07-30T03:20:47Z
2026-07-30T03:19:56Z,2026-07-30T05:19:56+0200,892469bd-1f88-49dd-9e5e-40938c7b963c,2026-07-22T20:00:00Z,2026-07-22T22:00:00+0200,209.4,MW,FR,FR,actual_solar_generation,Solar,2026-07-30T03:20:47Z
2026-07-30T03:19:56Z,2026-07-30T05:19:56+0200,892469bd-1f88-49dd-9e5e-40938c7b963c,2026-07-22T20:15:00Z,2026-07-22T22:15:00+0200,207.68,MW,FR,FR,actual_solar_generation,Solar,2026-07-30T03:20:47Z
2026-07-30T03:19:56Z,2026-07-30T05:19:56+0200,892469bd-1f88-49dd-9e5e-40938c7b963c,2026-07-22T20:30:00Z,2026-07-22T22:30:00+0200,205.73,MW,FR,FR,actual_solar_generation,Solar,2026-07-30T03:20:47Z
2026-07-30T03:19:56Z,2026-07-30T05:19:56+0200,892469bd-1f88-49dd-9e5e-40938c7b963c,2026-07-22T20:45:00Z,2026-07-22T22:45:00+0200,210.88,MW,FR,FR,actual_solar_generation,Solar,2026-07-30T03:20:47Z
2026-07-30T03:19:56Z,2026-07-30T05:19:56+0200,892469bd-1f88-49dd-9e5e-40938c7b963c,2026-07-22T21:00:00Z,2026-07-22T23:00:00+0200,203.96,MW,FR,FR,actual_solar_generation,Solar,2026-07-30T03:20:47Z
2026-07-30T03:19:56Z,2026-07-30T05:19:56+0200,892469bd-1f88-49dd-9e5e-40938c7b963c,2026-07-22T21:15:00Z,2026-07-22T23:15:00+0200,203.62,MW,FR,FR,actual_solar_generation,Solar,2026-07-30T03:20:47Z
2026-07-30T03:19:56Z,2026-07-30T05:19:56+0200,892469bd-1f88-49dd-9e5e-40938c7b963c,2026-07-22T21:30:00Z,2026-07-22T23:30:00+0200,203.06,MW,FR,FR,actual_solar_generation,Solar,2026-07-30T03:20:47Z
2026-07-30T03:19:56Z,2026-07-30T05:19:56+0200,892469bd-1f88-49dd-9e5e-40938c7b963c,2026-07-22T21:45:00Z,2026-07-22T23:45:00+0200,202.45,MW,FR,FR,actual_solar_generation,Solar,2026-07-30T03:20:47Z
2026-07-30T03:19:56Z,2026-07-30T05:19:56+0200,892469bd-1f88-49dd-9e5e-40938c7b963c,2026-07-22T22:00:00Z,2026-07-23T00:00:00+0200,0.0,MW,FR,FR,actual_solar_generation,Solar,2026-07-30T03:20:47Z
2026-07-30T03:19:56Z,2026-07-30T05:19:56+0200,892469bd-1f88-49dd-9e5e-40938c7b963c,2026-07-22T22:15:00Z,2026-07-23T00:15:00+0200,0.0,MW,FR,FR,actual_solar_generation,Solar,2026-07-30T03:20:47Z
2026-07-30T03:19:56Z,2026-07-30T05:19:56+0200,892469bd-1f88-49dd-9e5e-40938c7b963c,2026-07-22T22:30:00Z,2026-07-23T00:30:00+0200,0.0,MW,FR,FR,actual_solar_generation,Solar,2026-07-30T03:20:47Z
2026-07-30T03:19:56Z,2026-07-30T05:19:56+0200,892469bd-1f88-49dd-9e5e-40938c7b963c,2026-07-22T22:45:00Z,2026-07-23T00:45:00+0200,0.0,MW,FR,FR,actual_solar_generation,Solar,2026-07-30T03:20:47Z
2026-07-30T03:19:56Z,2026-07-30T05:19:56+0200,892469bd-1f88-49dd-9e5e-40938c7b963c,2026-07-22T23:00:00Z,2026-07-23T01:00:00+0200,0.0,MW,FR,FR,actual_solar_generation,Solar,2026-07-30T03:20:47Z
2026-07-30T03:19:56Z,2026-07-30T05:19:56+0200,892469bd-1f88-49dd-9e5e-40938c7b963c,2026-07-22T23:15:00Z,2026-07-23T01:15:00+0200,0.0,MW,FR,FR,actual_solar_generation,Solar,2026-07-30T03:20:47Z
2026-07-30T03:19:56Z,2026-07-30T05:19:56+0200,892469bd-1f88-49dd-9e5e-40938c7b963c,2026-07-22T23:30:00Z,2026-07-23T01:30:00+0200,0.0,MW,FR,FR,actual_solar_generation,Solar,2026-07-30T03:20:47Z
2026-07-30T03:19:56Z,2026-07-30T05:19:56+0200,892469bd-1f88-49dd-9e5e-40938c7b963c,2026-07-22T23:45:00Z,2026-07-23T01:45:00+0200,0.0,MW,FR,FR,actual_solar_generation,Solar,2026-07-30T03:20:47Z
2026-07-30T03:19:56Z,2026-07-30T05:19:56+0200,892469bd-1f88-49dd-9e5e-40938c7b963c,2026-07-23T00:00:00Z,2026-07-23T02:00:00+0200,0.0,MW,FR,FR,actual_solar_generation,Solar,2026-07-30T03:20:47Z
2026-07-30T03:19:56Z,2026-07-30T05:19:56+0200,892469bd-1f88-49dd-9e5e-40938c7b963c,2026-07-23T00:15:00Z,2026-07-23T02:15:00+0200,0.0,MW,FR,FR,actual_solar_generation,Solar,2026-07-30T03:20:47Z
2026-07-30T03:19:56Z,2026-07-30T05:19:56+0200,892469bd-1f88-49dd-9e5e-40938c7b963c,2026-07-23T00:30:00Z,2026-07-23T02:30:00+0200,0.0,MW,FR,FR,actual_solar_generation,Solar,2026-07-30T03:20:47Z
2026-07-30T03:19:56Z,2026-07-30T05:19:56+0200,892469bd-1f88-49dd-9e5e-40938c7b963c,2026-07-23T00:45:00Z,2026-07-23T02:45:00+0200,0.0,MW,FR,FR,actual_solar_generation,Solar,2026-07-30T03:20:47Z
2026-07-30T03:19:56Z,2026-07-30T05:19:56+0200,892469bd-1f88-49dd-9e5e-40938c7b963c,2026-07-23T01:00:00Z,2026-07-23T03:00:00+0200,0.0,MW,FR,FR,actual_solar_generation,Solar,2026-07-30T03:20:47Z
2026-07-30T03:19:56Z,2026-07-30T05:19:56+0200,892469bd-1f88-49dd-9e5e-40938c7b963c,2026-07-23T01:15:00Z,2026-07-23T03:15:00+0200,0.0,MW,FR,FR,actual_solar_generation,Solar,2026-07-30T03:20:47Z
2026-07-30T03:19:56Z,2026-07-30T05:19:56+0200,892469bd-1f88-49dd-9e5e-40938c7b963c,2026-07-23T01:30:00Z,2026-07-23T03:30:00+0200,0.0,MW,FR,FR,actual_solar_generation,Solar,2026-07-30T03:20:47Z
2026-07-30T03:19:56Z,2026-07-30T05:19:56+0200,892469bd-1f88-49dd-9e5e-40938c7b963c,2026-07-23T01:45:00Z,2026-07-23T03:45:00+0200,0.0,MW,FR,FR,actual_solar_generation,Solar,2026-07-30T03:20:47Z
2026-07-30T03:19:56Z,2026-07-30T05:19:56+0200,892469bd-1f88-49dd-9e5e-40938c7b963c,2026-07-23T02:00:00Z,2026-07-23T04:00:00+0200,0.0,MW,FR,FR,actual_solar_generation,Solar,2026-07-30T03:20:47Z
2026-07-30T03:19:56Z,2026-07-30T05:19:56+0200,892469bd-1f88-49dd-9e5e-40938c7b963c,2026-07-23T02:15:00Z,2026-07-23T04:15:00+0200,0.0,MW,FR,FR,actual_solar_generation,Solar,2026-07-30T03:20:47Z
2026-07-30T03:19:56Z,2026-07-30T05:19:56+0200,892469bd-1f88-49dd-9e5e-40938c7b963c,2026-07-23T02:30:00Z,2026-07-23T04:30:00+0200,0.0,MW,FR,FR,actual_solar_generation,Solar,2026-07-30T03:20:47Z
2026-07-30T03:19:56Z,2026-07-30T05:19:56+0200,892469bd-1f88-49dd-9e5e-40938c7b963c,2026-07-23T02:45:00Z,2026-07-23T04:45:00+0200,0.0,MW,FR,FR,actual_solar_generation,Solar,2026-07-30T03:20:47Z
2026-07-30T03:19:56Z,2026-07-30T05:19:56+0200,892469bd-1f88-49dd-9e5e-40938c7b963c,2026-07-23T03:00:00Z,2026-07-23T05:00:00+0200,195.99,MW,FR,FR,actual_solar_generation,Solar,2026-07-30T03:20:47Z
2026-07-30T03:19:56Z,2026-07-30T05:19:56+0200,892469bd-1f88-49dd-9e5e-40938c7b963c,2026-07-23T03:15:00Z,2026-07-23T05:15:00+0200,196.28,MW,FR,FR,actual_solar_generation,Solar,2026-07-30T03:20:47Z
2026-07-30T03:19:56Z,2026-07-30T05:19:56+0200,892469bd-1f88-49dd-9e5e-40938c7b963c,2026-07-23T03:30:00Z,2026-07-23T05:30:00+0200,196.1,MW,FR,FR,actual_solar_generation,Solar,2026-07-30T03:20:47Z
2026-07-30T03:19:56Z,2026-07-30T05:19:56+0200,892469bd-1f88-49dd-9e5e-40938c7b963c,2026-07-23T03:45:00Z,2026-07-23T05:45:00+0200,200.51,MW,FR,FR,actual_solar_generation,Solar,2026-07-30T03:20:47Z
2026-07-30T03:19:56Z,2026-07-30T05:19:56+0200,892469bd-1f88-49dd-9e5e-40938c7b963c,2026-07-23T04:00:00Z,2026-07-23T06:00:00+0200,222.74,MW,FR,FR,actual_solar_generation,Solar,2026-07-30T03:20:47Z
2026-07-30T03:19:56Z,2026-07-30T05:19:56+0200,892469bd-1f88-49dd-9e5e-40938c7b963c,2026-07-23T04:15:00Z,2026-07-23T06:15:00+0200,273.57,MW,FR,FR,actual_solar_generation,Solar,2026-07-30T03:20:47Z
2026-07-30T03:19:56Z,2026-07-30T05:19:56+0200,892469bd-1f88-49dd-9e5e-40938c7b963c,2026-07-23T04:30:00Z,2026-07-23T06:30:00+0200,378.12,MW,FR,FR,actual_solar_generation,Solar,2026-07-30T03:20:47Z
2026-07-30T03:19:56Z,2026-07-30T05:19:56+0200,892469bd-1f88-49dd-9e5e-40938c7b963c,2026-07-23T04:45:00Z,2026-07-23T06:45:00+0200,575.97,MW,FR,FR,actual_solar_generation,Solar,2026-07-30T03:20:47Z
2026-07-30T03:19:56Z,2026-07-30T05:19:56+0200,892469bd-1f88-49dd-9e5e-40938c7b963c,2026-07-23T05:00:00Z,2026-07-23T07:00:00+0200,872.25,MW,FR,FR,actual_solar_generation,Solar,2026-07-30T03:20:47Z
2026-07-30T03:19:56Z,2026-07-30T05:19:56+0200,892469bd-1f88-49dd-9e5e-40938c7b963c,2026-07-23T05:15:00Z,2026-07-23T07:15:00+0200,1242.36,MW,FR,FR,actual_solar_generation,Solar,2026-07-30T03:20:47Z
2026-07-30T03:19:56Z,2026-07-30T05:19:56+0200,892469bd-1f88-49dd-9e5e-40938c7b963c,2026-07-23T05:30:00Z,2026-07-23T07:30:00+0200,1796.21,MW,FR,FR,actual_solar_generation,Solar,2026-07-30T03:20:47Z
2026-07-30T03:19:56Z,2026-07-30T05:19:56+0200,892469bd-1f88-49dd-9e5e-40938c7b963c,2026-07-23T05:45:00Z,2026-07-23T07:45:00+0200,2578.41,MW,FR,FR,actual_solar_generation,Solar,2026-07-30T03:20:47Z
2026-07-30T03:19:56Z,2026-07-30T05:19:56+0200,892469bd-1f88-49dd-9e5e-40938c7b963c,2026-07-23T06:00:00Z,2026-07-23T08:00:00+0200,3381.73,MW,FR,FR,actual_solar_generation,Solar,2026-07-30T03:20:47Z
2026-07-30T03:19:56Z,2026-07-30T05:19:56+0200,892469bd-1f88-49dd-9e5e-40938c7b963c,2026-07-23T06:15:00Z,2026-07-23T08:15:00+0200,4359.24,MW,FR,FR,actual_solar_generation,Solar,2026-07-30T03:20:47Z
2026-07-30T03:19:56Z,2026-07-30T05:19:56+0200,892469bd-1f88-49dd-9e5e-40938c7b963c,2026-07-23T06:30:00Z,2026-07-23T08:30:00+0200,5484.5,MW,FR,FR,actual_solar_generation,Solar,2026-07-30T03:20:47Z
2026-07-30T03:19:56Z,2026-07-30T05:19:56+0200,892469bd-1f88-49dd-9e5e-40938c7b963c,2026-07-23T06:45:00Z,2026-07-23T08:45:00+0200,6743.75,MW,FR,FR,actual_solar_generation,Solar,2026-07-30T03:20:47Z
2026-07-30T03:19:56Z,2026-07-30T05:19:56+0200,892469bd-1f88-49dd-9e5e-40938c7b963c,2026-07-23T07:00:00Z,2026-07-23T09:00:00+0200,8029.08,MW,FR,FR,actual_solar_generation,Solar,2026-07-30T03:20:47Z
2026-07-30T03:19:56Z,2026-07-30T05:19:56+0200,892469bd-1f88-49dd-9e5e-40938c7b963c,2026-07-23T07:15:00Z,2026-07-23T09:15:00+0200,9475.57,MW,FR,FR,actual_solar_generation,Solar,2026-07-30T03:20:47Z
2026-07-30T03:19:56Z,2026-07-30T05:19:56+0200,892469bd-1f88-49dd-9e5e-40938c7b963c,2026-07-23T07:30:00Z,2026-07-23T09:30:00+0200,10809.2,MW,FR,FR,actual_solar_generation,Solar,2026-07-30T03:20:47Z
2026-07-30T03:19:56Z,2026-07-30T05:19:56+0200,892469bd-1f88-49dd-9e5e-40938c7b963c,2026-07-23T07:45:00Z,2026-07-23T09:45:00+0200,12103.88,MW,FR,FR,actual_solar_generation,Solar,2026-07-30T03:20:47Z
2026-07-30T03:19:56Z,2026-07-30T05:19:56+0200,892469bd-1f88-49dd-9e5e-40938c7b963c,2026-07-23T08:00:00Z,2026-07-23T10:00:00+0200,13267.37,MW,FR,FR,actual_solar_generation,Solar,2026-07-30T03:20:47Z
2026-07-30T03:19:56Z,2026-07-30T05:19:56+0200,892469bd-1f88-49dd-9e5e-40938c7b963c,2026-07-23T08:15:00Z,2026-07-23T10:15:00+0200,14514.2,MW,FR,FR,actual_solar_generation,Solar,2026-07-30T03:20:47Z
2026-07-30T03:19:56Z,2026-07-30T05:19:56+0200,892469bd-1f88-49dd-9e5e-40938c7b963c,2026-07-23T08:30:00Z,2026-07-23T10:30:00+0200,15625.76,MW,FR,FR,actual_solar_generation,Solar,2026-07-30T03:20:47Z
2026-07-30T03:19:56Z,2026-07-30T05:19:56+0200,892469bd-1f88-49dd-9e5e-40938c7b963c,2026-07-23T08:45:00Z,2026-07-23T10:45:00+0200,16585.79,MW,FR,FR,actual_solar_generation,Solar,2026-07-30T03:20:47Z
2026-07-30T03:19:56Z,2026-07-30T05:19:56+0200,892469bd-1f88-49dd-9e5e-40938c7b963c,2026-07-23T09:00:00Z,2026-07-23T11:00:00+0200,17350.14,MW,FR,FR,actual_solar_generation,Solar,2026-07-30T03:20:47Z
2026-07-30T03:19:56Z,2026-07-30T05:19:56+0200,892469bd-1f88-49dd-9e5e-40938c7b963c,2026-07-23T09:15:00Z,2026-07-23T11:15:00+0200,18056.57,MW,FR,FR,actual_solar_generation,Solar,2026-07-30T03:20:47Z
2026-07-30T03:19:56Z,2026-07-30T05:19:56+0200,892469bd-1f88-49dd-9e5e-40938c7b963c,2026-07-23T09:30:00Z,2026-07-23T11:30:00+0200,18701.07,MW,FR,FR,actual_solar_generation,Solar,2026-07-30T03:20:47Z
2026-07-30T03:19:56Z,2026-07-30T05:19:56+0200,892469bd-1f88-49dd-9e5e-40938c7b963c,2026-07-23T09:45:00Z,2026-07-23T11:45:00+0200,19174.83,MW,FR,FR,actual_solar_generation,Solar,2026-07-30T03:20:47Z
2026-07-30T03:19:56Z,2026-07-30T05:19:56+0200,892469bd-1f88-49dd-9e5e-40938c7b963c,2026-07-23T10:00:00Z,2026-07-23T12:00:00+0200,19678.65,MW,FR,FR,actual_solar_generation,Solar,2026-07-30T03:20:47Z
2026-07-30T03:19:56Z,2026-07-30T05:19:56+0200,892469bd-1f88-49dd-9e5e-40938c7b963c,2026-07-23T10:15:00Z,2026-07-23T12:15:00+0200,20102.24,MW,FR,FR,actual_solar_generation,Solar,2026-07-30T03:20:47Z
2026-07-30T03:19:56Z,2026-07-30T05:19:56+0200,892469bd-1f88-49dd-9e5e-40938c7b963c,2026-07-23T10:30:00Z,2026-07-23T12:30:00+0200,20520.53,MW,FR,FR,actual_solar_generation,Solar,2026-07-30T03:20:47Z
2026-07-30T03:19:56Z,2026-07-30T05:19:56+0200,892469bd-1f88-49dd-9e5e-40938c7b963c,2026-07-23T10:45:00Z,2026-07-23T12:45:00+0200,20868.64,MW,FR,FR,actual_solar_generation,Solar,2026-07-30T03:20:47Z
2026-07-30T03:19:56Z,2026-07-30T05:19:56+0200,892469bd-1f88-49dd-9e5e-40938c7b963c,2026-07-23T11:00:00Z,2026-07-23T13:00:00+0200,21076.55,MW,FR,FR,actual_solar_generation,Solar,2026-07-30T03:20:47Z
2026-07-30T03:19:56Z,2026-07-30T05:19:56+0200,892469bd-1f88-49dd-9e5e-40938c7b963c,2026-07-23T11:15:00Z,2026-07-23T13:15:00+0200,21187.71,MW,FR,FR,actual_solar_generation,Solar,2026-07-30T03:20:47Z
2026-07-30T03:19:56Z,2026-07-30T05:19:56+0200,892469bd-1f88-49dd-9e5e-40938c7b963c,2026-07-23T11:30:00Z,2026-07-23T13:30:00+0200,21307.1,MW,FR,FR,actual_solar_generation,Solar,2026-07-30T03:20:47Z
2026-07-30T03:19:56Z,2026-07-30T05:19:56+0200,892469bd-1f88-49dd-9e5e-40938c7b963c,2026-07-23T11:45:00Z,2026-07-23T13:45:00+0200,21439.0,MW,FR,FR,actual_solar_generation,Solar,2026-07-30T03:20:47Z
2026-07-30T03:19:56Z,2026-07-30T05:19:56+0200,892469bd-1f88-49dd-9e5e-40938c7b963c,2026-07-23T12:00:00Z,2026-07-23T14:00:00+0200,21464.21,MW,FR,FR,actual_solar_generation,Solar,2026-07-30T03:20:47Z
2026-07-30T03:19:56Z,2026-07-30T05:19:56+0200,892469bd-1f88-49dd-9e5e-40938c7b963c,2026-07-23T12:15:00Z,2026-07-23T14:15:00+0200,21349.28,MW,FR,FR,actual_solar_generation,Solar,2026-07-30T03:20:47Z
2026-07-30T03:19:56Z,2026-07-30T05:19:56+0200,892469bd-1f88-49dd-9e5e-40938c7b963c,2026-07-23T12:30:00Z,2026-07-23T14:30:00+0200,21232.63,MW,FR,FR,actual_solar_generation,Solar,2026-07-30T03:20:47Z
2026-07-30T03:19:56Z,2026-07-30T05:19:56+0200,892469bd-1f88-49dd-9e5e-40938c7b963c,2026-07-23T12:45:00Z,2026-07-23T14:45:00+0200,21109.5,MW,FR,FR,actual_solar_generation,Solar,2026-07-30T03:20:47Z
2026-07-30T03:19:56Z,2026-07-30T05:19:56+0200,892469bd-1f88-49dd-9e5e-40938c7b963c,2026-07-23T13:00:00Z,2026-07-23T15:00:00+0200,20753.7,MW,FR,FR,actual_solar_generation,Solar,2026-07-30T03:20:47Z
2026-07-30T03:19:56Z,2026-07-30T05:19:56+0200,892469bd-1f88-49dd-9e5e-40938c7b963c,2026-07-23T13:15:00Z,2026-07-23T15:15:00+0200,20534.92,MW,FR,FR,actual_solar_generation,Solar,2026-07-30T03:20:47Z
2026-07-30T03:19:56Z,2026-07-30T05:19:56+0200,892469bd-1f88-49dd-9e5e-40938c7b963c,2026-07-23T13:30:00Z,2026-07-23T15:30:00+0200,20355.13,MW,FR,FR,actual_solar_generation,Solar,2026-07-30T03:20:47Z
2026-07-30T03:19:56Z,2026-07-30T05:19:56+0200,892469bd-1f88-49dd-9e5e-40938c7b963c,2026-07-23T13:45:00Z,2026-07-23T15:45:00+0200,19863.18,MW,FR,FR,actual_solar_generation,Solar,2026-07-30T03:20:47Z
2026-07-30T03:19:56Z,2026-07-30T05:19:56+0200,892469bd-1f88-49dd-9e5e-40938c7b963c,2026-07-23T14:00:00Z,2026-07-23T16:00:00+0200,19398.41,MW,FR,FR,actual_solar_generation,Solar,2026-07-30T03:20:47Z
2026-07-30T03:19:56Z,2026-07-30T05:19:56+0200,892469bd-1f88-49dd-9e5e-40938c7b963c,2026-07-23T14:15:00Z,2026-07-23T16:15:00+0200,18695.54,MW,FR,FR,actual_solar_generation,Solar,2026-07-30T03:20:47Z
2026-07-30T03:19:56Z,2026-07-30T05:19:56+0200,892469bd-1f88-49dd-9e5e-40938c7b963c,2026-07-23T14:30:00Z,2026-07-23T16:30:00+0200,18159.86,MW,FR,FR,actual_solar_generation,Solar,2026-07-30T03:20:47Z
2026-07-30T03:19:56Z,2026-07-30T05:19:56+0200,892469bd-1f88-49dd-9e5e-40938c7b963c,2026-07-23T14:45:00Z,2026-07-23T16:45:00+0200,17430.86,MW,FR,FR,actual_solar_generation,Solar,2026-07-30T03:20:47Z
2026-07-30T03:19:56Z,2026-07-30T05:19:56+0200,892469bd-1f88-49dd-9e5e-40938c7b963c,2026-07-23T15:00:00Z,2026-07-23T17:00:00+0200,16622.02,MW,FR,FR,actual_solar_generation,Solar,2026-07-30T03:20:47Z
2026-07-30T03:19:56Z,2026-07-30T05:19:56+0200,892469bd-1f88-49dd-9e5e-40938c7b963c,2026-07-23T15:15:00Z,2026-07-23T17:15:00+0200,15709.27,MW,FR,FR,actual_solar_generation,Solar,2026-07-30T03:20:47Z
2026-07-30T03:19:56Z,2026-07-30T05:19:56+0200,892469bd-1f88-49dd-9e5e-40938c7b963c,2026-07-23T15:30:00Z,2026-07-23T17:30:00+0200,14656.08,MW,FR,FR,actual_solar_generation,Solar,2026-07-30T03:20:47Z
2026-07-30T03:19:56Z,2026-07-30T05:19:56+0200,892469bd-1f88-49dd-9e5e-40938c7b963c,2026-07-23T15:45:00Z,2026-07-23T17:45:00+0200,13768.25,MW,FR,FR,actual_solar_generation,Solar,2026-07-30T03:20:47Z
2026-07-30T03:19:56Z,2026-07-30T05:19:56+0200,892469bd-1f88-49dd-9e5e-40938c7b963c,2026-07-23T16:00:00Z,2026-07-23T18:00:00+0200,12541.53,MW,FR,FR,actual_solar_generation,Solar,2026-07-30T03:20:47Z
2026-07-30T03:19:56Z,2026-07-30T05:19:56+0200,892469bd-1f88-49dd-9e5e-40938c7b963c,2026-07-23T16:15:00Z,2026-07-23T18:15:00+0200,11324.98,MW,FR,FR,actual_solar_generation,Solar,2026-07-30T03:20:47Z
2026-07-30T03:19:56Z,2026-07-30T05:19:56+0200,892469bd-1f88-49dd-9e5e-40938c7b963c,2026-07-23T16:30:00Z,2026-07-23T18:30:00+0200,10151.62,MW,FR,FR,actual_solar_generation,Solar,2026-07-30T03:20:47Z
2026-07-30T03:19:56Z,2026-07-30T05:19:56+0200,892469bd-1f88-49dd-9e5e-40938c7b963c,2026-07-23T16:45:00Z,2026-07-23T18:45:00+0200,8893.65,MW,FR,FR,actual_solar_generation,Solar,2026-07-30T03:20:47Z
2026-07-30T03:19:56Z,2026-07-30T05:19:56+0200,892469bd-1f88-49dd-9e5e-40938c7b963c,2026-07-23T17:00:00Z,2026-07-23T19:00:00+0200,7641.45,MW,FR,FR,actual_solar_generation,Solar,2026-07-30T03:20:47Z
2026-07-30T03:19:56Z,2026-07-30T05:19:56+0200,892469bd-1f88-49dd-9e5e-40938c7b963c,2026-07-23T17:15:00Z,2026-07-23T19:15:00+0200,6410.07,MW,FR,FR,actual_solar_generation,Solar,2026-07-30T03:20:47Z
2026-07-30T03:19:56Z,2026-07-30T05:19:56+0200,892469bd-1f88-49dd-9e5e-40938c7b963c,2026-07-23T17:30:00Z,2026-07-23T19:30:00+0200,5151.18,MW,FR,FR,actual_solar_generation,Solar,2026-07-30T03:20:47Z
2026-07-30T03:19:56Z,2026-07-30T05:19:56+0200,892469bd-1f88-49dd-9e5e-40938c7b963c,2026-07-23T17:45:00Z,2026-07-23T19:45:00+0200,4007.34,MW,FR,FR,actual_solar_generation,Solar,2026-07-30T03:20:47Z
2026-07-30T03:19:56Z,2026-07-30T05:19:56+0200,892469bd-1f88-49dd-9e5e-40938c7b963c,2026-07-23T18:00:00Z,2026-07-23T20:00:00+0200,2958.43,MW,FR,FR,actual_solar_generation,Solar,2026-07-30T03:20:47Z
2026-07-30T03:19:56Z,2026-07-30T05:19:56+0200,892469bd-1f88-49dd-9e5e-40938c7b963c,2026-07-23T18:15:00Z,2026-07-23T20:15:00+0200,2153.31,MW,FR,FR,actual_solar_generation,Solar,2026-07-30T03:20:47Z
2026-07-30T03:19:56Z,2026-07-30T05:19:56+0200,892469bd-1f88-49dd-9e5e-40938c7b963c,2026-07-23T18:30:00Z,2026-07-23T20:30:00+0200,1532.62,MW,FR,FR,actual_solar_generation,Solar,2026-07-30T03:20:47Z
2026-07-30T03:19:56Z,2026-07-30T05:19:56+0200,892469bd-1f88-49dd-9e5e-40938c7b963c,2026-07-23T18:45:00Z,2026-07-23T20:45:00+0200,1087.23,MW,FR,FR,actual_solar_generation,Solar,2026-07-30T03:20:47Z
2026-07-30T03:19:56Z,2026-07-30T05:19:56+0200,892469bd-1f88-49dd-9e5e-40938c7b963c,2026-07-23T19:00:00Z,2026-07-23T21:00:00+0200,717.52,MW,FR,FR,actual_solar_generation,Solar,2026-07-30T03:20:47Z
2026-07-30T03:19:56Z,2026-07-30T05:19:56+0200,892469bd-1f88-49dd-9e5e-40938c7b963c,2026-07-23T19:15:00Z,2026-07-23T21:15:00+0200,420.21,MW,FR,FR,actual_solar_generation,Solar,2026-07-30T03:20:47Z
2026-07-30T03:19:56Z,2026-07-30T05:19:56+0200,892469bd-1f88-49dd-9e5e-40938c7b963c,2026-07-23T19:30:00Z,2026-07-23T21:30:00+0200,271.88,MW,FR,FR,actual_solar_generation,Solar,2026-07-30T03:20:47Z
2026-07-30T03:19:56Z,2026-07-30T05:19:56+0200,892469bd-1f88-49dd-9e5e-40938c7b963c,2026-07-23T19:45:00Z,2026-07-23T21:45:00+0200,221.8,MW,FR,FR,actual_solar_generation,Solar,2026-07-30T03:20:47Z
2026-07-30T03:19:56Z,2026-07-30T05:19:56+0200,892469bd-1f88-49dd-9e5e-40938c7b963c,2026-07-23T20:00:00Z,2026-07-23T22:00:00+0200,210.65,MW,FR,FR,actual_solar_generation,Solar,2026-07-30T03:20:47Z
2026-07-30T03:19:56Z,2026-07-30T05:19:56+0200,892469bd-1f88-49dd-9e5e-40938c7b963c,2026-07-23T20:15:00Z,2026-07-23T22:15:00+0200,207.59,MW,FR,FR,actual_solar_generation,Solar,2026-07-30T03:20:47Z
2026-07-30T03:19:56Z,2026-07-30T05:19:56+0200,892469bd-1f88-49dd-9e5e-40938c7b963c,2026-07-23T20:30:00Z,2026-07-23T22:30:00+0200,210.34,MW,FR,FR,actual_solar_generation,Solar,2026-07-30T03:20:47Z
2026-07-30T03:19:56Z,2026-07-30T05:19:56+0200,892469bd-1f88-49dd-9e5e-40938c7b963c,2026-07-23T20:45:00Z,2026-07-23T22:45:00+0200,210.76,MW,FR,FR,actual_solar_generation,Solar,2026-07-30T03:20:47Z
2026-07-30T03:19:56Z,2026-07-30T05:19:56+0200,892469bd-1f88-49dd-9e5e-40938c7b963c,2026-07-23T21:00:00Z,2026-07-23T23:00:00+0200,211.06,MW,FR,FR,actual_solar_generation,Solar,2026-07-30T03:20:47Z
2026-07-30T03:19:56Z,2026-07-30T05:19:56+0200,892469bd-1f88-49dd-9e5e-40938c7b963c,2026-07-23T21:15:00Z,2026-07-23T23:15:00+0200,208.39,MW,FR,FR,actual_solar_generation,Solar,2026-07-30T03:20:47Z
2026-07-30T03:19:56Z,2026-07-30T05:19:56+0200,892469bd-1f88-49dd-9e5e-40938c7b963c,2026-07-23T21:30:00Z,2026-07-23T23:30:00+0200,208.68,MW,FR,FR,actual_solar_generation,Solar,2026-07-30T03:20:47Z
2026-07-30T03:19:56Z,2026-07-30T05:19:56+0200,892469bd-1f88-49dd-9e5e-40938c7b963c,2026-07-23T21:45:00Z,2026-07-23T23:45:00+0200,207.03,MW,FR,FR,actual_solar_generation,Solar,2026-07-30T03:20:47Z
2026-07-30T03:19:56Z,2026-07-30T05:19:56+0200,892469bd-1f88-49dd-9e5e-40938c7b963c,2026-07-23T22:00:00Z,2026-07-24T00:00:00+0200,0.0,MW,FR,FR,actual_solar_generation,Solar,2026-07-30T03:20:47Z
2026-07-30T03:19:56Z,2026-07-30T05:19:56+0200,892469bd-1f88-49dd-9e5e-40938c7b963c,2026-07-23T22:15:00Z,2026-07-24T00:15:00+0200,0.0,MW,FR,FR,actual_solar_generation,Solar,2026-07-30T03:20:47Z
2026-07-30T03:19:56Z,2026-07-30T05:19:56+0200,892469bd-1f88-49dd-9e5e-40938c7b963c,2026-07-23T22:30:00Z,2026-07-24T00:30:00+0200,0.0,MW,FR,FR,actual_solar_generation,Solar,2026-07-30T03:20:47Z
2026-07-30T03:19:56Z,2026-07-30T05:19:56+0200,892469bd-1f88-49dd-9e5e-40938c7b963c,2026-07-23T22:45:00Z,2026-07-24T00:45:00+0200,0.0,MW,FR,FR,actual_solar_generation,Solar,2026-07-30T03:20:47Z
2026-07-30T03:19:56Z,2026-07-30T05:19:56+0200,892469bd-1f88-49dd-9e5e-40938c7b963c,2026-07-23T23:00:00Z,2026-07-24T01:00:00+0200,0.0,MW,FR,FR,actual_solar_generation,Solar,2026-07-30T03:20:47Z
2026-07-30T03:19:56Z,2026-07-30T05:19:56+0200,892469bd-1f88-49dd-9e5e-40938c7b963c,2026-07-23T23:15:00Z,2026-07-24T01:15:00+0200,0.0,MW,FR,FR,actual_solar_generation,Solar,2026-07-30T03:20:47Z
2026-07-30T03:19:56Z,2026-07-30T05:19:56+0200,892469bd-1f88-49dd-9e5e-40938c7b963c,2026-07-23T23:30:00Z,2026-07-24T01:30:00+0200,0.0,MW,FR,FR,actual_solar_generation,Solar,2026-07-30T03:20:47Z
2026-07-30T03:19:56Z,2026-07-30T05:19:56+0200,892469bd-1f88-49dd-9e5e-40938c7b963c,2026-07-23T23:45:00Z,2026-07-24T01:45:00+0200,0.0,MW,FR,FR,actual_solar_generation,Solar,2026-07-30T03:20:47Z
2026-07-30T03:19:56Z,2026-07-30T05:19:56+0200,892469bd-1f88-49dd-9e5e-40938c7b963c,2026-07-24T00:00:00Z,2026-07-24T02:00:00+0200,0.0,MW,FR,FR,actual_solar_generation,Solar,2026-07-30T03:20:47Z
2026-07-30T03:19:56Z,2026-07-30T05:19:56+0200,892469bd-1f88-49dd-9e5e-40938c7b963c,2026-07-24T00:15:00Z,2026-07-24T02:15:00+0200,0.0,MW,FR,FR,actual_solar_generation,Solar,2026-07-30T03:20:47Z
2026-07-30T03:19:56Z,2026-07-30T05:19:56+0200,892469bd-1f88-49dd-9e5e-40938c7b963c,2026-07-24T00:30:00Z,2026-07-24T02:30:00+0200,0.0,MW,FR,FR,actual_solar_generation,Solar,2026-07-30T03:20:47Z
2026-07-30T03:19:56Z,2026-07-30T05:19:56+0200,892469bd-1f88-49dd-9e5e-40938c7b963c,2026-07-24T00:45:00Z,2026-07-24T02:45:00+0200,0.0,MW,FR,FR,actual_solar_generation,Solar,2026-07-30T03:20:47Z
2026-07-30T03:19:56Z,2026-07-30T05:19:56+0200,892469bd-1f88-49dd-9e5e-40938c7b963c,2026-07-24T01:00:00Z,2026-07-24T03:00:00+0200,0.0,MW,FR,FR,actual_solar_generation,Solar,2026-07-30T03:20:47Z
2026-07-30T03:19:56Z,2026-07-30T05:19:56+0200,892469bd-1f88-49dd-9e5e-40938c7b963c,2026-07-24T01:15:00Z,2026-07-24T03:15:00+0200,0.0,MW,FR,FR,actual_solar_generation,Solar,2026-07-30T03:20:47Z
2026-07-30T03:19:56Z,2026-07-30T05:19:56+0200,892469bd-1f88-49dd-9e5e-40938c7b963c,2026-07-24T01:30:00Z,2026-07-24T03:30:00+0200,0.0,MW,FR,FR,actual_solar_generation,Solar,2026-07-30T03:20:47Z
2026-07-30T03:19:56Z,2026-07-30T05:19:56+0200,892469bd-1f88-49dd-9e5e-40938c7b963c,2026-07-24T01:45:00Z,2026-07-24T03:45:00+0200,0.0,MW,FR,FR,actual_solar_generation,Solar,2026-07-30T03:20:47Z
2026-07-30T03:19:56Z,2026-07-30T05:19:56+0200,892469bd-1f88-49dd-9e5e-40938c7b963c,2026-07-24T02:00:00Z,2026-07-24T04:00:00+0200,0.0,MW,FR,FR,actual_solar_generation,Solar,2026-07-30T03:20:47Z
2026-07-30T03:19:56Z,2026-07-30T05:19:56+0200,892469bd-1f88-49dd-9e5e-40938c7b963c,2026-07-24T02:15:00Z,2026-07-24T04:15:00+0200,0.0,MW,FR,FR,actual_solar_generation,Solar,2026-07-30T03:20:47Z
2026-07-30T03:19:56Z,2026-07-30T05:19:56+0200,892469bd-1f88-49dd-9e5e-40938c7b963c,2026-07-24T02:30:00Z,2026-07-24T04:30:00+0200,0.0,MW,FR,FR,actual_solar_generation,Solar,2026-07-30T03:20:47Z
2026-07-30T03:19:56Z,2026-07-30T05:19:56+0200,892469bd-1f88-49dd-9e5e-40938c7b963c,2026-07-24T02:45:00Z,2026-07-24T04:45:00+0200,0.0,MW,FR,FR,actual_solar_generation,Solar,2026-07-30T03:20:47Z
2026-07-30T03:19:56Z,2026-07-30T05:19:56+0200,892469bd-1f88-49dd-9e5e-40938c7b963c,2026-07-24T03:00:00Z,2026-07-24T05:00:00+0200,200.98,MW,FR,FR,actual_solar_generation,Solar,2026-07-30T03:20:47Z
2026-07-30T03:19:56Z,2026-07-30T05:19:56+0200,892469bd-1f88-49dd-9e5e-40938c7b963c,2026-07-24T03:15:00Z,2026-07-24T05:15:00+0200,200.2,MW,FR,FR,actual_solar_generation,Solar,2026-07-30T03:20:47Z
2026-07-30T03:19:56Z,2026-07-30T05:19:56+0200,892469bd-1f88-49dd-9e5e-40938c7b963c,2026-07-24T03:30:00Z,2026-07-24T05:30:00+0200,200.7,MW,FR,FR,actual_solar_generation,Solar,2026-07-30T03:20:47Z
2026-07-30T03:19:56Z,2026-07-30T05:19:56+0200,892469bd-1f88-49dd-9e5e-40938c7b963c,2026-07-24T03:45:00Z,2026-07-24T05:45:00+0200,204.18,MW,FR,FR,actual_solar_generation,Solar,2026-07-30T03:20:47Z
2026-07-30T03:19:56Z,2026-07-30T05:19:56+0200,892469bd-1f88-49dd-9e5e-40938c7b963c,2026-07-24T04:00:00Z,2026-07-24T06:00:00+0200,220.44,MW,FR,FR,actual_solar_generation,Solar,2026-07-30T03:20:47Z
2026-07-30T03:19:56Z,2026-07-30T05:19:56+0200,892469bd-1f88-49dd-9e5e-40938c7b963c,2026-07-24T04:15:00Z,2026-07-24T06:15:00+0200,263.75,MW,FR,FR,actual_solar_generation,Solar,2026-07-30T03:20:47Z
2026-07-30T03:19:56Z,2026-07-30T05:19:56+0200,892469bd-1f88-49dd-9e5e-40938c7b963c,2026-07-24T04:30:00Z,2026-07-24T06:30:00+0200,361.08,MW,FR,FR,actual_solar_generation,Solar,2026-07-30T03:20:47Z
2026-07-30T03:19:56Z,2026-07-30T05:19:56+0200,892469bd-1f88-49dd-9e5e-40938c7b963c,2026-07-24T04:45:00Z,2026-07-24T06:45:00+0200,555.04,MW,FR,FR,actual_solar_generation,Solar,2026-07-30T03:20:47Z
2026-07-30T03:19:56Z,2026-07-30T05:19:56+0200,892469bd-1f88-49dd-9e5e-40938c7b963c,2026-07-24T05:00:00Z,2026-07-24T07:00:00+0200,848.42,MW,FR,FR,actual_solar_generation,Solar,2026-07-30T03:20:47Z
2026-07-30T03:19:56Z,2026-07-30T05:19:56+0200,892469bd-1f88-49dd-9e5e-40938c7b963c,2026-07-24T05:15:00Z,2026-07-24T07:15:00+0200,1241.34,MW,FR,FR,actual_solar_generation,Solar,2026-07-30T03:20:47Z
2026-07-30T03:19:56Z,2026-07-30T05:19:56+0200,892469bd-1f88-49dd-9e5e-40938c7b963c,2026-07-24T05:30:00Z,2026-07-24T07:30:00+0200,1822.49,MW,FR,FR,actual_solar_generation,Solar,2026-07-30T03:20:47Z
2026-07-30T03:19:56Z,2026-07-30T05:19:56+0200,892469bd-1f88-49dd-9e5e-40938c7b963c,2026-07-24T05:45:00Z,2026-07-24T07:45:00+0200,2626.08,MW,FR,FR,actual_solar_generation,Solar,2026-07-30T03:20:47Z
2026-07-30T03:19:56Z,2026-07-30T05:19:56+0200,892469bd-1f88-49dd-9e5e-40938c7b963c,2026-07-24T06:00:00Z,2026-07-24T08:00:00+0200,3502.51,MW,FR,FR,actual_solar_generation,Solar,2026-07-30T03:20:47Z
2026-07-30T03:19:56Z,2026-07-30T05:19:56+0200,892469bd-1f88-49dd-9e5e-40938c7b963c,2026-07-24T06:15:00Z,2026-07-24T08:15:00+0200,4582.07,MW,FR,FR,actual_solar_generation,Solar,2026-07-30T03:20:47Z
2026-07-30T03:19:56Z,2026-07-30T05:19:56+0200,892469bd-1f88-49dd-9e5e-40938c7b963c,2026-07-24T06:30:00Z,2026-07-24T08:30:00+0200,5738.04,MW,FR,FR,actual_solar_generation,Solar,2026-07-30T03:20:47Z
2026-07-30T03:19:56Z,2026-07-30T05:19:56+0200,892469bd-1f88-49dd-9e5e-40938c7b963c,2026-07-24T06:45:00Z,2026-07-24T08:45:00+0200,7003.87,MW,FR,FR,actual_solar_generation,Solar,2026-07-30T03:20:47Z
2026-07-30T03:19:56Z,2026-07-30T05:19:56+0200,892469bd-1f88-49dd-9e5e-40938c7b963c,2026-07-24T07:00:00Z,2026-07-24T09:00:00+0200,8334.84,MW,FR,FR,actual_solar_generation,Solar,2026-07-30T03:20:47Z
2026-07-30T03:19:56Z,2026-07-30T05:19:56+0200,892469bd-1f88-49dd-9e5e-40938c7b963c,2026-07-24T07:15:00Z,2026-07-24T09:15:00+0200,9724.21,MW,FR,FR,actual_solar_generation,Solar,2026-07-30T03:20:47Z
2026-07-30T03:19:56Z,2026-07-30T05:19:56+0200,892469bd-1f88-49dd-9e5e-40938c7b963c,2026-07-24T07:30:00Z,2026-07-24T09:30:00+0200,11045.31,MW,FR,FR,actual_solar_generation,Solar,2026-07-30T03:20:47Z
2026-07-30T03:19:56Z,2026-07-30T05:19:56+0200,892469bd-1f88-49dd-9e5e-40938c7b963c,2026-07-24T07:45:00Z,2026-07-24T09:45:00+0200,12301.76,MW,FR,FR,actual_solar_generation,Solar,2026-07-30T03:20:47Z
2026-07-30T03:19:56Z,2026-07-30T05:19:56+0200,892469bd-1f88-49dd-9e5e-40938c7b963c,2026-07-24T08:00:00Z,2026-07-24T10:00:00+0200,13499.62,MW,FR,FR,actual_solar_generation,Solar,2026-07-30T03:20:47Z
2026-07-30T03:19:56Z,2026-07-30T05:19:56+0200,892469bd-1f88-49dd-9e5e-40938c7b963c,2026-07-24T08:15:00Z,2026-07-24T10:15:00+0200,14694.96,MW,FR,FR,actual_solar_generation,Solar,2026-07-30T03:20:47Z
2026-07-30T03:19:56Z,2026-07-30T05:19:56+0200,892469bd-1f88-49dd-9e5e-40938c7b963c,2026-07-24T08:30:00Z,2026-07-24T10:30:00+0200,15728.18,MW,FR,FR,actual_solar_generation,Solar,2026-07-30T03:20:47Z
2026-07-30T03:19:56Z,2026-07-30T05:19:56+0200,892469bd-1f88-49dd-9e5e-40938c7b963c,2026-07-24T08:45:00Z,2026-07-24T10:45:00+0200,16683.89,MW,FR,FR,actual_solar_generation,Solar,2026-07-30T03:20:47Z
2026-07-30T03:19:56Z,2026-07-30T05:19:56+0200,892469bd-1f88-49dd-9e5e-40938c7b963c,2026-07-24T09:00:00Z,2026-07-24T11:00:00+0200,17578.52,MW,FR,FR,actual_solar_generation,Solar,2026-07-30T03:20:47Z
2026-07-30T03:19:56Z,2026-07-30T05:19:56+0200,892469bd-1f88-49dd-9e5e-40938c7b963c,2026-07-24T09:15:00Z,2026-07-24T11:15:00+0200,18334.42,MW,FR,FR,actual_solar_generation,Solar,2026-07-30T03:20:47Z
2026-07-30T03:19:56Z,2026-07-30T05:19:56+0200,892469bd-1f88-49dd-9e5e-40938c7b963c,2026-07-24T09:30:00Z,2026-07-24T11:30:00+0200,18965.36,MW,FR,FR,actual_solar_generation,Solar,2026-07-30T03:20:47Z
2026-07-30T03:19:56Z,2026-07-30T05:19:56+0200,892469bd-1f88-49dd-9e5e-40938c7b963c,2026-07-24T09:45:00Z,2026-07-24T11:45:00+0200,19456.98,MW,FR,FR,actual_solar_generation,Solar,2026-07-30T03:20:47Z
2026-07-30T03:19:56Z,2026-07-30T05:19:56+0200,892469bd-1f88-49dd-9e5e-40938c7b963c,2026-07-24T10:00:00Z,2026-07-24T12:00:00+0200,19953.61,MW,FR,FR,actual_solar_generation,Solar,2026-07-30T03:20:47Z
2026-07-30T03:19:56Z,2026-07-30T05:19:56+0200,892469bd-1f88-49dd-9e5e-40938c7b963c,2026-07-24T10:15:00Z,2026-07-24T12:15:00+0200,20525.49,MW,FR,FR,actual_solar_generation,Solar,2026-07-30T03:20:47Z
2026-07-30T03:19:56Z,2026-07-30T05:19:56+0200,892469bd-1f88-49dd-9e5e-40938c7b963c,2026-07-24T10:30:00Z,2026-07-24T12:30:00+0200,20822.83,MW,FR,FR,actual_solar_generation,Solar,2026-07-30T03:20:47Z
2026-07-30T03:19:56Z,2026-07-30T05:19:56+0200,892469bd-1f88-49dd-9e5e-40938c7b963c,2026-07-24T10:45:00Z,2026-07-24T12:45:00+0200,21038.83,MW,FR,FR,actual_solar_generation,Solar,2026-07-30T03:20:47Z
2026-07-30T03:19:56Z,2026-07-30T05:19:56+0200,892469bd-1f88-49dd-9e5e-40938c7b963c,2026-07-24T11:00:00Z,2026-07-24T13:00:00+0200,21234.38,MW,FR,FR,actual_solar_generation,Solar,2026-07-30T03:20:47Z
2026-07-30T03:19:56Z,2026-07-30T05:19:56+0200,892469bd-1f88-49dd-9e5e-40938c7b963c,2026-07-24T11:15:00Z,2026-07-24T13:15:00+0200,21315.8,MW,FR,FR,actual_solar_generation,Solar,2026-07-30T03:20:47Z
2026-07-30T03:19:56Z,2026-07-30T05:19:56+0200,892469bd-1f88-49dd-9e5e-40938c7b963c,2026-07-24T11:30:00Z,2026-07-24T13:30:00+0200,21424.39,MW,FR,FR,actual_solar_generation,Solar,2026-07-30T03:20:47Z
2026-07-30T03:19:56Z,2026-07-30T05:19:56+0200,892469bd-1f88-49dd-9e5e-40938c7b963c,2026-07-24T11:45:00Z,2026-07-24T13:45:00+0200,21424.18,MW,FR,FR,actual_solar_generation,Solar,2026-07-30T03:20:47Z
2026-07-30T03:19:56Z,2026-07-30T05:19:56+0200,892469bd-1f88-49dd-9e5e-40938c7b963c,2026-07-24T12:00:00Z,2026-07-24T14:00:00+0200,21370.98,MW,FR,FR,actual_solar_generation,Solar,2026-07-30T03:20:47Z
2026-07-30T03:19:56Z,2026-07-30T05:19:56+0200,892469bd-1f88-49dd-9e5e-40938c7b963c,2026-07-24T12:15:00Z,2026-07-24T14:15:00+0200,21219.1,MW,FR,FR,actual_solar_generation,Solar,2026-07-30T03:20:47Z
2026-07-30T03:19:56Z,2026-07-30T05:19:56+0200,892469bd-1f88-49dd-9e5e-40938c7b963c,2026-07-24T12:30:00Z,2026-07-24T14:30:00+0200,20975.7,MW,FR,FR,actual_solar_generation,Solar,2026-07-30T03:20:47Z
2026-07-30T03:19:56Z,2026-07-30T05:19:56+0200,892469bd-1f88-49dd-9e5e-40938c7b963c,2026-07-24T12:45:00Z,2026-07-24T14:45:00+0200,20811.23,MW,FR,FR,actual_solar_generation,Solar,2026-07-30T03:20:47Z
2026-07-30T03:19:56Z,2026-07-30T05:19:56+0200,892469bd-1f88-49dd-9e5e-40938c7b963c,2026-07-24T13:00:00Z,2026-07-24T15:00:00+0200,20520.9,MW,FR,FR,actual_solar_generation,Solar,2026-07-30T03:20:47Z
2026-07-30T03:19:56Z,2026-07-30T05:19:56+0200,892469bd-1f88-49dd-9e5e-40938c7b963c,2026-07-24T13:15:00Z,2026-07-24T15:15:00+0200,20192.66,MW,FR,FR,actual_solar_generation,Solar,2026-07-30T03:20:47Z
2026-07-30T03:19:56Z,2026-07-30T05:19:56+0200,892469bd-1f88-49dd-9e5e-40938c7b963c,2026-07-24T13:30:00Z,2026-07-24T15:30:00+0200,19838.49,MW,FR,FR,actual_solar_generation,Solar,2026-07-30T03:20:47Z
2026-07-30T03:19:56Z,2026-07-30T05:19:56+0200,892469bd-1f88-49dd-9e5e-40938c7b963c,2026-07-24T13:45:00Z,2026-07-24T15:45:00+0200,19380.74,MW,FR,FR,actual_solar_generation,Solar,2026-07-30T03:20:47Z
2026-07-30T03:19:56Z,2026-07-30T05:19:56+0200,892469bd-1f88-49dd-9e5e-40938c7b963c,2026-07-24T14:00:00Z,2026-07-24T16:00:00+0200,18922.75,MW,FR,FR,actual_solar_generation,Solar,2026-07-30T03:20:47Z
2026-07-30T03:19:56Z,2026-07-30T05:19:56+0200,892469bd-1f88-49dd-9e5e-40938c7b963c,2026-07-24T14:15:00Z,2026-07-24T16:15:00+0200,18340.89,MW,FR,FR,actual_solar_generation,Solar,2026-07-30T03:20:47Z
2026-07-30T03:19:56Z,2026-07-30T05:19:56+0200,892469bd-1f88-49dd-9e5e-40938c7b963c,2026-07-24T14:30:00Z,2026-07-24T16:30:00+0200,17641.97,MW,FR,FR,actual_solar_generation,Solar,2026-07-30T03:20:47Z
2026-07-30T03:19:56Z,2026-07-30T05:19:56+0200,892469bd-1f88-49dd-9e5e-40938c7b963c,2026-07-24T14:45:00Z,2026-07-24T16:45:00+0200,16850.37,MW,FR,FR,actual_solar_generation,Solar,2026-07-30T03:20:47Z
2026-07-30T03:19:56Z,2026-07-30T05:19:56+0200,892469bd-1f88-49dd-9e5e-40938c7b963c,2026-07-24T15:00:00Z,2026-07-24T17:00:00+0200,16089.7,MW,FR,FR,actual_solar_generation,Solar,2026-07-30T03:20:47Z
2026-07-30T03:19:56Z,2026-07-30T05:19:56+0200,892469bd-1f88-49dd-9e5e-40938c7b963c,2026-07-24T15:15:00Z,2026-07-24T17:15:00+0200,15178.78,MW,FR,FR,actual_solar_generation,Solar,2026-07-30T03:20:47Z
2026-07-30T03:19:56Z,2026-07-30T05:19:56+0200,892469bd-1f88-49dd-9e5e-40938c7b963c,2026-07-24T15:30:00Z,2026-07-24T17:30:00+0200,14193.66,MW,FR,FR,actual_solar_generation,Solar,2026-07-30T03:20:47Z
2026-07-30T03:19:56Z,2026-07-30T05:19:56+0200,892469bd-1f88-49dd-9e5e-40938c7b963c,2026-07-24T15:45:00Z,2026-07-24T17:45:00+0200,13122.92,MW,FR,FR,actual_solar_generation,Solar,2026-07-30T03:20:47Z
2026-07-30T03:19:56Z,2026-07-30T05:19:56+0200,892469bd-1f88-49dd-9e5e-40938c7b963c,2026-07-24T16:00:00Z,2026-07-24T18:00:00+0200,12008.92,MW,FR,FR,actual_solar_generation,Solar,2026-07-30T03:20:47Z
2026-07-30T03:19:56Z,2026-07-30T05:19:56+0200,892469bd-1f88-49dd-9e5e-40938c7b963c,2026-07-24T16:15:00Z,2026-07-24T18:15:00+0200,10826.93,MW,FR,FR,actual_solar_generation,Solar,2026-07-30T03:20:47Z
2026-07-30T03:19:56Z,2026-07-30T05:19:56+0200,892469bd-1f88-49dd-9e5e-40938c7b963c,2026-07-24T16:30:00Z,2026-07-24T18:30:00+0200,9610.81,MW,FR,FR,actual_solar_generation,Solar,2026-07-30T03:20:47Z
2026-07-30T03:19:56Z,2026-07-30T05:19:56+0200,892469bd-1f88-49dd-9e5e-40938c7b963c,2026-07-24T16:45:00Z,2026-07-24T18:45:00+0200,8335.46,MW,FR,FR,actual_solar_generation,Solar,2026-07-30T03:20:47Z
2026-07-30T03:19:56Z,2026-07-30T05:19:56+0200,892469bd-1f88-49dd-9e5e-40938c7b963c,2026-07-24T17:00:00Z,2026-07-24T19:00:00+0200,7064.65,MW,FR,FR,actual_solar_generation,Solar,2026-07-30T03:20:47Z
2026-07-30T03:19:56Z,2026-07-30T05:19:56+0200,892469bd-1f88-49dd-9e5e-40938c7b963c,2026-07-24T17:15:00Z,2026-07-24T19:15:00+0200,5806.86,MW,FR,FR,actual_solar_generation,Solar,2026-07-30T03:20:47Z
2026-07-30T03:19:56Z,2026-07-30T05:19:56+0200,892469bd-1f88-49dd-9e5e-40938c7b963c,2026-07-24T17:30:00Z,2026-07-24T19:30:00+0200,4619.31,MW,FR,FR,actual_solar_generation,Solar,2026-07-30T03:20:47Z
2026-07-30T03:19:56Z,2026-07-30T05:19:56+0200,892469bd-1f88-49dd-9e5e-40938c7b963c,2026-07-24T17:45:00Z,2026-07-24T19:45:00+0200,3600.89,MW,FR,FR,actual_solar_generation,Solar,2026-07-30T03:20:47Z
2026-07-30T03:19:56Z,2026-07-30T05:19:56+0200,892469bd-1f88-49dd-9e5e-40938c7b963c,2026-07-24T18:00:00Z,2026-07-24T20:00:00+0200,2667.61,MW,FR,FR,actual_solar_generation,Solar,2026-07-30T03:20:47Z
2026-07-30T03:19:56Z,2026-07-30T05:19:56+0200,892469bd-1f88-49dd-9e5e-40938c7b963c,2026-07-24T18:15:00Z,2026-07-24T20:15:00+0200,1935.92,MW,FR,FR,actual_solar_generation,Solar,2026-07-30T03:20:47Z
2026-07-30T03:19:56Z,2026-07-30T05:19:56+0200,892469bd-1f88-49dd-9e5e-40938c7b963c,2026-07-24T18:30:00Z,2026-07-24T20:30:00+0200,1367.1,MW,FR,FR,actual_solar_generation,Solar,2026-07-30T03:20:47Z
2026-07-30T03:19:56Z,2026-07-30T05:19:56+0200,892469bd-1f88-49dd-9e5e-40938c7b963c,2026-07-24T18:45:00Z,2026-07-24T20:45:00+0200,965.17,MW,FR,FR,actual_solar_generation,Solar,2026-07-30T03:20:47Z
2026-07-30T03:19:56Z,2026-07-30T05:19:56+0200,892469bd-1f88-49dd-9e5e-40938c7b963c,2026-07-24T19:00:00Z,2026-07-24T21:00:00+0200,634.84,MW,FR,FR,actual_solar_generation,Solar,2026-07-30T03:20:47Z
2026-07-30T03:19:56Z,2026-07-30T05:19:56+0200,892469bd-1f88-49dd-9e5e-40938c7b963c,2026-07-24T19:15:00Z,2026-07-24T21:15:00+0200,379.13,MW,FR,FR,actual_solar_generation,Solar,2026-07-30T03:20:47Z
2026-07-30T03:19:56Z,2026-07-30T05:19:56+0200,892469bd-1f88-49dd-9e5e-40938c7b963c,2026-07-24T19:30:00Z,2026-07-24T21:30:00+0200,250.35,MW,FR,FR,actual_solar_generation,Solar,2026-07-30T03:20:47Z
2026-07-30T03:19:56Z,2026-07-30T05:19:56+0200,892469bd-1f88-49dd-9e5e-40938c7b963c,2026-07-24T19:45:00Z,2026-07-24T21:45:00+0200,209.91,MW,FR,FR,actual_solar_generation,Solar,2026-07-30T03:20:47Z
2026-07-30T03:19:56Z,2026-07-30T05:19:56+0200,892469bd-1f88-49dd-9e5e-40938c7b963c,2026-07-24T20:00:00Z,2026-07-24T22:00:00+0200,201.12,MW,FR,FR,actual_solar_generation,Solar,2026-07-30T03:20:47Z
2026-07-30T03:19:56Z,2026-07-30T05:19:56+0200,892469bd-1f88-49dd-9e5e-40938c7b963c,2026-07-24T20:15:00Z,2026-07-24T22:15:00+0200,200.08,MW,FR,FR,actual_solar_generation,Solar,2026-07-30T03:20:47Z
2026-07-30T03:19:56Z,2026-07-30T05:19:56+0200,892469bd-1f88-49dd-9e5e-40938c7b963c,2026-07-24T20:30:00Z,2026-07-24T22:30:00+0200,199.04,MW,FR,FR,actual_solar_generation,Solar,2026-07-30T03:20:47Z
2026-07-30T03:19:56Z,2026-07-30T05:19:56+0200,892469bd-1f88-49dd-9e5e-40938c7b963c,2026-07-24T20:45:00Z,2026-07-24T22:45:00+0200,199.71,MW,FR,FR,actual_solar_generation,Solar,2026-07-30T03:20:47Z
2026-07-30T03:19:56Z,2026-07-30T05:19:56+0200,892469bd-1f88-49dd-9e5e-40938c7b963c,2026-07-24T21:00:00Z,2026-07-24T23:00:00+0200,198.66,MW,FR,FR,actual_solar_generation,Solar,2026-07-30T03:20:47Z
2026-07-30T03:19:56Z,2026-07-30T05:19:56+0200,892469bd-1f88-49dd-9e5e-40938c7b963c,2026-07-24T21:15:00Z,2026-07-24T23:15:00+0200,197.19,MW,FR,FR,actual_solar_generation,Solar,2026-07-30T03:20:47Z
2026-07-30T03:19:56Z,2026-07-30T05:19:56+0200,892469bd-1f88-49dd-9e5e-40938c7b963c,2026-07-24T21:30:00Z,2026-07-24T23:30:00+0200,198.1,MW,FR,FR,actual_solar_generation,Solar,2026-07-30T03:20:47Z
2026-07-30T03:19:56Z,2026-07-30T05:19:56+0200,892469bd-1f88-49dd-9e5e-40938c7b963c,2026-07-24T21:45:00Z,2026-07-24T23:45:00+0200,195.12,MW,FR,FR,actual_solar_generation,Solar,2026-07-30T03:20:47Z
2026-07-30T03:19:56Z,2026-07-30T05:19:56+0200,892469bd-1f88-49dd-9e5e-40938c7b963c,2026-07-24T22:00:00Z,2026-07-25T00:00:00+0200,0.0,MW,FR,FR,actual_solar_generation,Solar,2026-07-30T03:20:47Z
2026-07-30T03:19:56Z,2026-07-30T05:19:56+0200,892469bd-1f88-49dd-9e5e-40938c7b963c,2026-07-24T22:15:00Z,2026-07-25T00:15:00+0200,0.0,MW,FR,FR,actual_solar_generation,Solar,2026-07-30T03:20:47Z
2026-07-30T03:19:56Z,2026-07-30T05:19:56+0200,892469bd-1f88-49dd-9e5e-40938c7b963c,2026-07-24T22:30:00Z,2026-07-25T00:30:00+0200,0.0,MW,FR,FR,actual_solar_generation,Solar,2026-07-30T03:20:47Z
2026-07-30T03:19:56Z,2026-07-30T05:19:56+0200,892469bd-1f88-49dd-9e5e-40938c7b963c,2026-07-24T22:45:00Z,2026-07-25T00:45:00+0200,0.0,MW,FR,FR,actual_solar_generation,Solar,2026-07-30T03:20:47Z
2026-07-30T03:19:56Z,2026-07-30T05:19:56+0200,892469bd-1f88-49dd-9e5e-40938c7b963c,2026-07-24T23:00:00Z,2026-07-25T01:00:00+0200,0.0,MW,FR,FR,actual_solar_generation,Solar,2026-07-30T03:20:47Z
2026-07-30T03:19:56Z,2026-07-30T05:19:56+0200,892469bd-1f88-49dd-9e5e-40938c7b963c,2026-07-24T23:15:00Z,2026-07-25T01:15:00+0200,0.0,MW,FR,FR,actual_solar_generation,Solar,2026-07-30T03:20:47Z
2026-07-30T03:19:56Z,2026-07-30T05:19:56+0200,892469bd-1f88-49dd-9e5e-40938c7b963c,2026-07-24T23:30:00Z,2026-07-25T01:30:00+0200,0.0,MW,FR,FR,actual_solar_generation,Solar,2026-07-30T03:20:47Z
2026-07-30T03:19:56Z,2026-07-30T05:19:56+0200,892469bd-1f88-49dd-9e5e-40938c7b963c,2026-07-24T23:45:00Z,2026-07-25T01:45:00+0200,0.0,MW,FR,FR,actual_solar_generation,Solar,2026-07-30T03:20:47Z
2026-07-30T03:19:56Z,2026-07-30T05:19:56+0200,892469bd-1f88-49dd-9e5e-40938c7b963c,2026-07-25T00:00:00Z,2026-07-25T02:00:00+0200,0.0,MW,FR,FR,actual_solar_generation,Solar,2026-07-30T03:20:47Z
2026-07-30T03:19:56Z,2026-07-30T05:19:56+0200,892469bd-1f88-49dd-9e5e-40938c7b963c,2026-07-25T00:15:00Z,2026-07-25T02:15:00+0200,0.0,MW,FR,FR,actual_solar_generation,Solar,2026-07-30T03:20:47Z
2026-07-30T03:19:56Z,2026-07-30T05:19:56+0200,892469bd-1f88-49dd-9e5e-40938c7b963c,2026-07-25T00:30:00Z,2026-07-25T02:30:00+0200,0.0,MW,FR,FR,actual_solar_generation,Solar,2026-07-30T03:20:47Z
2026-07-30T03:19:56Z,2026-07-30T05:19:56+0200,892469bd-1f88-49dd-9e5e-40938c7b963c,2026-07-25T00:45:00Z,2026-07-25T02:45:00+0200,0.0,MW,FR,FR,actual_solar_generation,Solar,2026-07-30T03:20:47Z
2026-07-30T03:19:56Z,2026-07-30T05:19:56+0200,892469bd-1f88-49dd-9e5e-40938c7b963c,2026-07-25T01:00:00Z,2026-07-25T03:00:00+0200,0.0,MW,FR,FR,actual_solar_generation,Solar,2026-07-30T03:20:47Z
2026-07-30T03:19:56Z,2026-07-30T05:19:56+0200,892469bd-1f88-49dd-9e5e-40938c7b963c,2026-07-25T01:15:00Z,2026-07-25T03:15:00+0200,0.0,MW,FR,FR,actual_solar_generation,Solar,2026-07-30T03:20:47Z
2026-07-30T03:19:56Z,2026-07-30T05:19:56+0200,892469bd-1f88-49dd-9e5e-40938c7b963c,2026-07-25T01:30:00Z,2026-07-25T03:30:00+0200,0.0,MW,FR,FR,actual_solar_generation,Solar,2026-07-30T03:20:47Z
2026-07-30T03:19:56Z,2026-07-30T05:19:56+0200,892469bd-1f88-49dd-9e5e-40938c7b963c,2026-07-25T01:45:00Z,2026-07-25T03:45:00+0200,0.0,MW,FR,FR,actual_solar_generation,Solar,2026-07-30T03:20:47Z
2026-07-30T03:19:56Z,2026-07-30T05:19:56+0200,892469bd-1f88-49dd-9e5e-40938c7b963c,2026-07-25T02:00:00Z,2026-07-25T04:00:00+0200,0.0,MW,FR,FR,actual_solar_generation,Solar,2026-07-30T03:20:47Z
2026-07-30T03:19:56Z,2026-07-30T05:19:56+0200,892469bd-1f88-49dd-9e5e-40938c7b963c,2026-07-25T02:15:00Z,2026-07-25T04:15:00+0200,0.0,MW,FR,FR,actual_solar_generation,Solar,2026-07-30T03:20:47Z
2026-07-30T03:19:56Z,2026-07-30T05:19:56+0200,892469bd-1f88-49dd-9e5e-40938c7b963c,2026-07-25T02:30:00Z,2026-07-25T04:30:00+0200,0.0,MW,FR,FR,actual_solar_generation,Solar,2026-07-30T03:20:47Z
2026-07-30T03:19:56Z,2026-07-30T05:19:56+0200,892469bd-1f88-49dd-9e5e-40938c7b963c,2026-07-25T02:45:00Z,2026-07-25T04:45:00+0200,0.0,MW,FR,FR,actual_solar_generation,Solar,2026-07-30T03:20:47Z
2026-07-30T03:19:56Z,2026-07-30T05:19:56+0200,892469bd-1f88-49dd-9e5e-40938c7b963c,2026-07-25T03:00:00Z,2026-07-25T05:00:00+0200,188.16,MW,FR,FR,actual_solar_generation,Solar,2026-07-30T03:20:47Z
2026-07-30T03:19:56Z,2026-07-30T05:19:56+0200,892469bd-1f88-49dd-9e5e-40938c7b963c,2026-07-25T03:15:00Z,2026-07-25T05:15:00+0200,187.57,MW,FR,FR,actual_solar_generation,Solar,2026-07-30T03:20:47Z
2026-07-30T03:19:56Z,2026-07-30T05:19:56+0200,892469bd-1f88-49dd-9e5e-40938c7b963c,2026-07-25T03:30:00Z,2026-07-25T05:30:00+0200,187.16,MW,FR,FR,actual_solar_generation,Solar,2026-07-30T03:20:47Z
2026-07-30T03:19:56Z,2026-07-30T05:19:56+0200,892469bd-1f88-49dd-9e5e-40938c7b963c,2026-07-25T03:45:00Z,2026-07-25T05:45:00+0200,190.75,MW,FR,FR,actual_solar_generation,Solar,2026-07-30T03:20:47Z
2026-07-30T03:19:56Z,2026-07-30T05:19:56+0200,892469bd-1f88-49dd-9e5e-40938c7b963c,2026-07-25T04:00:00Z,2026-07-25T06:00:00+0200,207.22,MW,FR,FR,actual_solar_generation,Solar,2026-07-30T03:20:47Z
2026-07-30T03:19:56Z,2026-07-30T05:19:56+0200,892469bd-1f88-49dd-9e5e-40938c7b963c,2026-07-25T04:15:00Z,2026-07-25T06:15:00+0200,245.45,MW,FR,FR,actual_solar_generation,Solar,2026-07-30T03:20:47Z
2026-07-30T03:19:56Z,2026-07-30T05:19:56+0200,892469bd-1f88-49dd-9e5e-40938c7b963c,2026-07-25T04:30:00Z,2026-07-25T06:30:00+0200,331.43,MW,FR,FR,actual_solar_generation,Solar,2026-07-30T03:20:47Z
2026-07-30T03:19:56Z,2026-07-30T05:19:56+0200,892469bd-1f88-49dd-9e5e-40938c7b963c,2026-07-25T04:45:00Z,2026-07-25T06:45:00+0200,479.26,MW,FR,FR,actual_solar_generation,Solar,2026-07-30T03:20:47Z
2026-07-30T03:19:56Z,2026-07-30T05:19:56+0200,892469bd-1f88-49dd-9e5e-40938c7b963c,2026-07-25T05:00:00Z,2026-07-25T07:00:00+0200,705.39,MW,FR,FR,actual_solar_generation,Solar,2026-07-30T03:20:47Z
2026-07-30T03:19:56Z,2026-07-30T05:19:56+0200,892469bd-1f88-49dd-9e5e-40938c7b963c,2026-07-25T05:15:00Z,2026-07-25T07:15:00+0200,1014.05,MW,FR,FR,actual_solar_generation,Solar,2026-07-30T03:20:47Z
2026-07-30T03:19:56Z,2026-07-30T05:19:56+0200,892469bd-1f88-49dd-9e5e-40938c7b963c,2026-07-25T05:30:00Z,2026-07-25T07:30:00+0200,1447.22,MW,FR,FR,actual_solar_generation,Solar,2026-07-30T03:20:47Z
2026-07-30T03:19:56Z,2026-07-30T05:19:56+0200,892469bd-1f88-49dd-9e5e-40938c7b963c,2026-07-25T05:45:00Z,2026-07-25T07:45:00+0200,2036.4,MW,FR,FR,actual_solar_generation,Solar,2026-07-30T03:20:47Z
2026-07-30T03:19:56Z,2026-07-30T05:19:56+0200,892469bd-1f88-49dd-9e5e-40938c7b963c,2026-07-25T06:00:00Z,2026-07-25T08:00:00+0200,2773.51,MW,FR,FR,actual_solar_generation,Solar,2026-07-30T03:20:47Z
2026-07-30T03:19:56Z,2026-07-30T05:19:56+0200,892469bd-1f88-49dd-9e5e-40938c7b963c,2026-07-25T06:15:00Z,2026-07-25T08:15:00+0200,3382.01,MW,FR,FR,actual_solar_generation,Solar,2026-07-30T03:20:47Z
2026-07-30T03:19:56Z,2026-07-30T05:19:56+0200,892469bd-1f88-49dd-9e5e-40938c7b963c,2026-07-25T06:30:00Z,2026-07-25T08:30:00+0200,4259.23,MW,FR,FR,actual_solar_generation,Solar,2026-07-30T03:20:47Z
2026-07-30T03:19:56Z,2026-07-30T05:19:56+0200,892469bd-1f88-49dd-9e5e-40938c7b963c,2026-07-25T06:45:00Z,2026-07-25T08:45:00+0200,4879.51,MW,FR,FR,actual_solar_generation,Solar,2026-07-30T03:20:47Z
2026-07-30T03:19:56Z,2026-07-30T05:19:56+0200,892469bd-1f88-49dd-9e5e-40938c7b963c,2026-07-25T07:00:00Z,2026-07-25T09:00:00+0200,5559.1,MW,FR,FR,actual_solar_generation,Solar,2026-07-30T03:20:47Z
2026-07-30T03:19:56Z,2026-07-30T05:19:56+0200,892469bd-1f88-49dd-9e5e-40938c7b963c,2026-07-25T07:15:00Z,2026-07-25T09:15:00+0200,6518.27,MW,FR,FR,actual_solar_generation,Solar,2026-07-30T03:20:47Z
2026-07-30T03:19:56Z,2026-07-30T05:19:56+0200,892469bd-1f88-49dd-9e5e-40938c7b963c,2026-07-25T07:30:00Z,2026-07-25T09:30:00+0200,7378.99,MW,FR,FR,actual_solar_generation,Solar,2026-07-30T03:20:47Z
2026-07-30T03:19:56Z,2026-07-30T05:19:56+0200,892469bd-1f88-49dd-9e5e-40938c7b963c,2026-07-25T07:45:00Z,2026-07-25T09:45:00+0200,8264.19,MW,FR,FR,actual_solar_generation,Solar,2026-07-30T03:20:47Z
2026-07-30T03:19:56Z,2026-07-30T05:19:56+0200,892469bd-1f88-49dd-9e5e-40938c7b963c,2026-07-25T08:00:00Z,2026-07-25T10:00:00+0200,8312.15,MW,FR,FR,actual_solar_generation,Solar,2026-07-30T03:20:47Z
2026-07-30T03:19:56Z,2026-07-30T05:19:56+0200,892469bd-1f88-49dd-9e5e-40938c7b963c,2026-07-25T08:15:00Z,2026-07-25T10:15:00+0200,7740.49,MW,FR,FR,actual_solar_generation,Solar,2026-07-30T03:20:47Z
2026-07-30T03:19:56Z,2026-07-30T05:19:56+0200,892469bd-1f88-49dd-9e5e-40938c7b963c,2026-07-25T08:30:00Z,2026-07-25T10:30:00+0200,7760.9,MW,FR,FR,actual_solar_generation,Solar,2026-07-30T03:20:47Z
2026-07-30T03:19:56Z,2026-07-30T05:19:56+0200,892469bd-1f88-49dd-9e5e-40938c7b963c,2026-07-25T08:45:00Z,2026-07-25T10:45:00+0200,7184.93,MW,FR,FR,actual_solar_generation,Solar,2026-07-30T03:20:47Z
2026-07-30T03:19:56Z,2026-07-30T05:19:56+0200,892469bd-1f88-49dd-9e5e-40938c7b963c,2026-07-25T09:00:00Z,2026-07-25T11:00:00+0200,7520.22,MW,FR,FR,actual_solar_generation,Solar,2026-07-30T03:20:47Z
2026-07-30T03:19:56Z,2026-07-30T05:19:56+0200,892469bd-1f88-49dd-9e5e-40938c7b963c,2026-07-25T09:15:00Z,2026-07-25T11:15:00+0200,7813.52,MW,FR,FR,actual_solar_generation,Solar,2026-07-30T03:20:47Z
2026-07-30T03:19:56Z,2026-07-30T05:19:56+0200,892469bd-1f88-49dd-9e5e-40938c7b963c,2026-07-25T09:30:00Z,2026-07-25T11:30:00+0200,8124.81,MW,FR,FR,actual_solar_generation,Solar,2026-07-30T03:20:47Z
2026-07-30T03:19:56Z,2026-07-30T05:19:56+0200,892469bd-1f88-49dd-9e5e-40938c7b963c,2026-07-25T09:45:00Z,2026-07-25T11:45:00+0200,8274.39,MW,FR,FR,actual_solar_generation,Solar,2026-07-30T03:20:47Z
2026-07-30T03:19:56Z,2026-07-30T05:19:56+0200,892469bd-1f88-49dd-9e5e-40938c7b963c,2026-07-25T10:00:00Z,2026-07-25T12:00:00+0200,8448.81,MW,FR,FR,actual_solar_generation,Solar,2026-07-30T03:20:47Z
2026-07-30T03:19:56Z,2026-07-30T05:19:56+0200,892469bd-1f88-49dd-9e5e-40938c7b963c,2026-07-25T10:15:00Z,2026-07-25T12:15:00+0200,8793.2,MW,FR,FR,actual_solar_generation,Solar,2026-07-30T03:20:47Z
2026-07-30T03:19:56Z,2026-07-30T05:19:56+0200,892469bd-1f88-49dd-9e5e-40938c7b963c,2026-07-25T10:30:00Z,2026-07-25T12:30:00+0200,8918.12,MW,FR,FR,actual_solar_generation,Solar,2026-07-30T03:20:47Z
2026-07-30T03:19:56Z,2026-07-30T05:19:56+0200,892469bd-1f88-49dd-9e5e-40938c7b963c,2026-07-25T10:45:00Z,2026-07-25T12:45:00+0200,9032.91,MW,FR,FR,actual_solar_generation,Solar,2026-07-30T03:20:47Z
2026-07-30T03:19:56Z,2026-07-30T05:19:56+0200,892469bd-1f88-49dd-9e5e-40938c7b963c,2026-07-25T11:00:00Z,2026-07-25T13:00:00+0200,9060.1,MW,FR,FR,actual_solar_generation,Solar,2026-07-30T03:20:47Z
2026-07-30T03:19:56Z,2026-07-30T05:19:56+0200,892469bd-1f88-49dd-9e5e-40938c7b963c,2026-07-25T11:15:00Z,2026-07-25T13:15:00+0200,9002.8,MW,FR,FR,actual_solar_generation,Solar,2026-07-30T03:20:47Z
2026-07-30T03:19:56Z,2026-07-30T05:19:56+0200,892469bd-1f88-49dd-9e5e-40938c7b963c,2026-07-25T11:30:00Z,2026-07-25T13:30:00+0200,9093.18,MW,FR,FR,actual_solar_generation,Solar,2026-07-30T03:20:47Z
2026-07-30T03:19:56Z,2026-07-30T05:19:56+0200,892469bd-1f88-49dd-9e5e-40938c7b963c,2026-07-25T11:45:00Z,2026-07-25T13:45:00+0200,8997.03,MW,FR,FR,actual_solar_generation,Solar,2026-07-30T03:20:47Z
2026-07-30T03:19:56Z,2026-07-30T05:19:56+0200,892469bd-1f88-49dd-9e5e-40938c7b963c,2026-07-25T12:00:00Z,2026-07-25T14:00:00+0200,9007.07,MW,FR,FR,actual_solar_generation,Solar,2026-07-30T03:20:47Z
2026-07-30T03:19:56Z,2026-07-30T05:19:56+0200,892469bd-1f88-49dd-9e5e-40938c7b963c,2026-07-25T12:15:00Z,2026-07-25T14:15:00+0200,8972.77,MW,FR,FR,actual_solar_generation,Solar,2026-07-30T03:20:47Z
2026-07-30T03:19:56Z,2026-07-30T05:19:56+0200,892469bd-1f88-49dd-9e5e-40938c7b963c,2026-07-25T12:30:00Z,2026-07-25T14:30:00+0200,8827.53,MW,FR,FR,actual_solar_generation,Solar,2026-07-30T03:20:47Z
2026-07-30T03:19:56Z,2026-07-30T05:19:56+0200,892469bd-1f88-49dd-9e5e-40938c7b963c,2026-07-25T12:45:00Z,2026-07-25T14:45:00+0200,8773.98,MW,FR,FR,actual_solar_generation,Solar,2026-07-30T03:20:47Z
2026-07-30T03:19:56Z,2026-07-30T05:19:56+0200,892469bd-1f88-49dd-9e5e-40938c7b963c,2026-07-25T13:00:00Z,2026-07-25T15:00:00+0200,8643.93,MW,FR,FR,actual_solar_generation,Solar,2026-07-30T03:20:47Z
2026-07-30T03:19:56Z,2026-07-30T05:19:56+0200,892469bd-1f88-49dd-9e5e-40938c7b963c,2026-07-25T13:15:00Z,2026-07-25T15:15:00+0200,8585.3,MW,FR,FR,actual_solar_generation,Solar,2026-07-30T03:20:47Z
2026-07-30T03:19:56Z,2026-07-30T05:19:56+0200,892469bd-1f88-49dd-9e5e-40938c7b963c,2026-07-25T13:30:00Z,2026-07-25T15:30:00+0200,8368.74,MW,FR,FR,actual_solar_generation,Solar,2026-07-30T03:20:47Z
2026-07-30T03:19:56Z,2026-07-30T05:19:56+0200,892469bd-1f88-49dd-9e5e-40938c7b963c,2026-07-25T13:45:00Z,2026-07-25T15:45:00+0200,8023.58,MW,FR,FR,actual_solar_generation,Solar,2026-07-30T03:20:47Z
2026-07-30T03:19:56Z,2026-07-30T05:19:56+0200,892469bd-1f88-49dd-9e5e-40938c7b963c,2026-07-25T14:00:00Z,2026-07-25T16:00:00+0200,7781.62,MW,FR,FR,actual_solar_generation,Solar,2026-07-30T03:20:47Z
2026-07-30T03:19:56Z,2026-07-30T05:19:56+0200,892469bd-1f88-49dd-9e5e-40938c7b963c,2026-07-25T14:15:00Z,2026-07-25T16:15:00+0200,7629.52,MW,FR,FR,actual_solar_generation,Solar,2026-07-30T03:20:47Z
2026-07-30T03:19:56Z,2026-07-30T05:19:56+0200,892469bd-1f88-49dd-9e5e-40938c7b963c,2026-07-25T14:30:00Z,2026-07-25T16:30:00+0200,8251.39,MW,FR,FR,actual_solar_generation,Solar,2026-07-30T03:20:47Z
2026-07-30T03:19:56Z,2026-07-30T05:19:56+0200,892469bd-1f88-49dd-9e5e-40938c7b963c,2026-07-25T14:45:00Z,2026-07-25T16:45:00+0200,8577.46,MW,FR,FR,actual_solar_generation,Solar,2026-07-30T03:20:47Z
2026-07-30T03:19:56Z,2026-07-30T05:19:56+0200,892469bd-1f88-49dd-9e5e-40938c7b963c,2026-07-25T15:00:00Z,2026-07-25T17:00:00+0200,8012.6,MW,FR,FR,actual_solar_generation,Solar,2026-07-30T03:20:47Z
2026-07-30T03:19:56Z,2026-07-30T05:19:56+0200,892469bd-1f88-49dd-9e5e-40938c7b963c,2026-07-25T15:15:00Z,2026-07-25T17:15:00+0200,8709.02,MW,FR,FR,actual_solar_generation,Solar,2026-07-30T03:20:47Z
2026-07-30T03:19:56Z,2026-07-30T05:19:56+0200,892469bd-1f88-49dd-9e5e-40938c7b963c,2026-07-25T15:30:00Z,2026-07-25T17:30:00+0200,9181.95,MW,FR,FR,actual_solar_generation,Solar,2026-07-30T03:20:47Z
2026-07-30T03:19:56Z,2026-07-30T05:19:56+0200,892469bd-1f88-49dd-9e5e-40938c7b963c,2026-07-25T15:45:00Z,2026-07-25T17:45:00+0200,8467.18,MW,FR,FR,actual_solar_generation,Solar,2026-07-30T03:20:47Z
2026-07-30T03:19:56Z,2026-07-30T05:19:56+0200,892469bd-1f88-49dd-9e5e-40938c7b963c,2026-07-25T16:00:00Z,2026-07-25T18:00:00+0200,7639.98,MW,FR,FR,actual_solar_generation,Solar,2026-07-30T03:20:47Z
2026-07-30T03:19:56Z,2026-07-30T05:19:56+0200,892469bd-1f88-49dd-9e5e-40938c7b963c,2026-07-25T16:15:00Z,2026-07-25T18:15:00+0200,6759.27,MW,FR,FR,actual_solar_generation,Solar,2026-07-30T03:20:47Z
2026-07-30T03:19:56Z,2026-07-30T05:19:56+0200,892469bd-1f88-49dd-9e5e-40938c7b963c,2026-07-25T16:30:00Z,2026-07-25T18:30:00+0200,6025.83,MW,FR,FR,actual_solar_generation,Solar,2026-07-30T03:20:47Z
2026-07-30T03:19:56Z,2026-07-30T05:19:56+0200,892469bd-1f88-49dd-9e5e-40938c7b963c,2026-07-25T16:45:00Z,2026-07-25T18:45:00+0200,5326.78,MW,FR,FR,actual_solar_generation,Solar,2026-07-30T03:20:47Z
2026-07-30T03:19:56Z,2026-07-30T05:19:56+0200,892469bd-1f88-49dd-9e5e-40938c7b963c,2026-07-25T17:00:00Z,2026-07-25T19:00:00+0200,4570.15,MW,FR,FR,actual_solar_generation,Solar,2026-07-30T03:20:47Z
2026-07-30T03:19:56Z,2026-07-30T05:19:56+0200,892469bd-1f88-49dd-9e5e-40938c7b963c,2026-07-25T17:15:00Z,2026-07-25T19:15:00+0200,3859.85,MW,FR,FR,actual_solar_generation,Solar,2026-07-30T03:20:47Z
2026-07-30T03:19:56Z,2026-07-30T05:19:56+0200,892469bd-1f88-49dd-9e5e-40938c7b963c,2026-07-25T17:30:00Z,2026-07-25T19:30:00+0200,3182.74,MW,FR,FR,actual_solar_generation,Solar,2026-07-30T03:20:47Z
2026-07-30T03:19:56Z,2026-07-30T05:19:56+0200,892469bd-1f88-49dd-9e5e-40938c7b963c,2026-07-25T17:45:00Z,2026-07-25T19:45:00+0200,2607.65,MW,FR,FR,actual_solar_generation,Solar,2026-07-30T03:20:47Z
2026-07-30T03:19:56Z,2026-07-30T05:19:56+0200,892469bd-1f88-49dd-9e5e-40938c7b963c,2026-07-25T18:00:00Z,2026-07-25T20:00:00+0200,2027.31,MW,FR,FR,actual_solar_generation,Solar,2026-07-30T03:20:47Z
2026-07-30T03:19:56Z,2026-07-30T05:19:56+0200,892469bd-1f88-49dd-9e5e-40938c7b963c,2026-07-25T18:15:00Z,2026-07-25T20:15:00+0200,1518.45,MW,FR,FR,actual_solar_generation,Solar,2026-07-30T03:20:47Z
2026-07-30T03:19:56Z,2026-07-30T05:19:56+0200,892469bd-1f88-49dd-9e5e-40938c7b963c,2026-07-25T18:30:00Z,2026-07-25T20:30:00+0200,1100.3,MW,FR,FR,actual_solar_generation,Solar,2026-07-30T03:20:47Z
2026-07-30T03:19:56Z,2026-07-30T05:19:56+0200,892469bd-1f88-49dd-9e5e-40938c7b963c,2026-07-25T18:45:00Z,2026-07-25T20:45:00+0200,784.36,MW,FR,FR,actual_solar_generation,Solar,2026-07-30T03:20:47Z
2026-07-30T03:19:56Z,2026-07-30T05:19:56+0200,892469bd-1f88-49dd-9e5e-40938c7b963c,2026-07-25T19:00:00Z,2026-07-25T21:00:00+0200,541.07,MW,FR,FR,actual_solar_generation,Solar,2026-07-30T03:20:47Z
2026-07-30T03:19:56Z,2026-07-30T05:19:56+0200,892469bd-1f88-49dd-9e5e-40938c7b963c,2026-07-25T19:15:00Z,2026-07-25T21:15:00+0200,345.29,MW,FR,FR,actual_solar_generation,Solar,2026-07-30T03:20:47Z
2026-07-30T03:19:56Z,2026-07-30T05:19:56+0200,892469bd-1f88-49dd-9e5e-40938c7b963c,2026-07-25T19:30:00Z,2026-07-25T21:30:00+0200,235.4,MW,FR,FR,actual_solar_generation,Solar,2026-07-30T03:20:47Z
2026-07-30T03:19:56Z,2026-07-30T05:19:56+0200,892469bd-1f88-49dd-9e5e-40938c7b963c,2026-07-25T19:45:00Z,2026-07-25T21:45:00+0200,200.26,MW,FR,FR,actual_solar_generation,Solar,2026-07-30T03:20:47Z
2026-07-30T03:19:56Z,2026-07-30T05:19:56+0200,892469bd-1f88-49dd-9e5e-40938c7b963c,2026-07-25T20:00:00Z,2026-07-25T22:00:00+0200,195.34,MW,FR,FR,actual_solar_generation,Solar,2026-07-30T03:20:47Z
2026-07-30T03:19:56Z,2026-07-30T05:19:56+0200,892469bd-1f88-49dd-9e5e-40938c7b963c,2026-07-25T20:15:00Z,2026-07-25T22:15:00+0200,195.04,MW,FR,FR,actual_solar_generation,Solar,2026-07-30T03:20:47Z
2026-07-30T03:19:56Z,2026-07-30T05:19:56+0200,892469bd-1f88-49dd-9e5e-40938c7b963c,2026-07-25T20:30:00Z,2026-07-25T22:30:00+0200,195.29,MW,FR,FR,actual_solar_generation,Solar,2026-07-30T03:20:47Z
2026-07-30T03:19:56Z,2026-07-30T05:19:56+0200,892469bd-1f88-49dd-9e5e-40938c7b963c,2026-07-25T20:45:00Z,2026-07-25T22:45:00+0200,193.34,MW,FR,FR,actual_solar_generation,Solar,2026-07-30T03:20:47Z
2026-07-30T03:19:56Z,2026-07-30T05:19:56+0200,892469bd-1f88-49dd-9e5e-40938c7b963c,2026-07-25T21:00:00Z,2026-07-25T23:00:00+0200,194.04,MW,FR,FR,actual_solar_generation,Solar,2026-07-30T03:20:47Z
2026-07-30T03:19:56Z,2026-07-30T05:19:56+0200,892469bd-1f88-49dd-9e5e-40938c7b963c,2026-07-25T21:15:00Z,2026-07-25T23:15:00+0200,192.54,MW,FR,FR,actual_solar_generation,Solar,2026-07-30T03:20:47Z
2026-07-30T03:19:56Z,2026-07-30T05:19:56+0200,892469bd-1f88-49dd-9e5e-40938c7b963c,2026-07-25T21:30:00Z,2026-07-25T23:30:00+0200,191.51,MW,FR,FR,actual_solar_generation,Solar,2026-07-30T03:20:47Z
2026-07-30T03:19:56Z,2026-07-30T05:19:56+0200,892469bd-1f88-49dd-9e5e-40938c7b963c,2026-07-25T21:45:00Z,2026-07-25T23:45:00+0200,193.52,MW,FR,FR,actual_solar_generation,Solar,2026-07-30T03:20:47Z
2026-07-30T03:19:56Z,2026-07-30T05:19:56+0200,892469bd-1f88-49dd-9e5e-40938c7b963c,2026-07-25T22:00:00Z,2026-07-26T00:00:00+0200,0.0,MW,FR,FR,actual_solar_generation,Solar,2026-07-30T03:20:47Z
2026-07-30T03:19:56Z,2026-07-30T05:19:56+0200,892469bd-1f88-49dd-9e5e-40938c7b963c,2026-07-25T22:15:00Z,2026-07-26T00:15:00+0200,0.0,MW,FR,FR,actual_solar_generation,Solar,2026-07-30T03:20:47Z
2026-07-30T03:19:56Z,2026-07-30T05:19:56+0200,892469bd-1f88-49dd-9e5e-40938c7b963c,2026-07-25T22:30:00Z,2026-07-26T00:30:00+0200,0.0,MW,FR,FR,actual_solar_generation,Solar,2026-07-30T03:20:47Z
2026-07-30T03:19:56Z,2026-07-30T05:19:56+0200,892469bd-1f88-49dd-9e5e-40938c7b963c,2026-07-25T22:45:00Z,2026-07-26T00:45:00+0200,0.0,MW,FR,FR,actual_solar_generation,Solar,2026-07-30T03:20:47Z
2026-07-30T03:19:56Z,2026-07-30T05:19:56+0200,892469bd-1f88-49dd-9e5e-40938c7b963c,2026-07-25T23:00:00Z,2026-07-26T01:00:00+0200,0.0,MW,FR,FR,actual_solar_generation,Solar,2026-07-30T03:20:47Z
2026-07-30T03:19:56Z,2026-07-30T05:19:56+0200,892469bd-1f88-49dd-9e5e-40938c7b963c,2026-07-25T23:15:00Z,2026-07-26T01:15:00+0200,0.0,MW,FR,FR,actual_solar_generation,Solar,2026-07-30T03:20:47Z
2026-07-30T03:19:56Z,2026-07-30T05:19:56+0200,892469bd-1f88-49dd-9e5e-40938c7b963c,2026-07-25T23:30:00Z,2026-07-26T01:30:00+0200,0.0,MW,FR,FR,actual_solar_generation,Solar,2026-07-30T03:20:47Z
2026-07-30T03:19:56Z,2026-07-30T05:19:56+0200,892469bd-1f88-49dd-9e5e-40938c7b963c,2026-07-25T23:45:00Z,2026-07-26T01:45:00+0200,0.0,MW,FR,FR,actual_solar_generation,Solar,2026-07-30T03:20:47Z
2026-07-30T03:19:56Z,2026-07-30T05:19:56+0200,892469bd-1f88-49dd-9e5e-40938c7b963c,2026-07-26T00:00:00Z,2026-07-26T02:00:00+0200,0.0,MW,FR,FR,actual_solar_generation,Solar,2026-07-30T03:20:47Z
2026-07-30T03:19:56Z,2026-07-30T05:19:56+0200,892469bd-1f88-49dd-9e5e-40938c7b963c,2026-07-26T00:15:00Z,2026-07-26T02:15:00+0200,0.0,MW,FR,FR,actual_solar_generation,Solar,2026-07-30T03:20:47Z
2026-07-30T03:19:56Z,2026-07-30T05:19:56+0200,892469bd-1f88-49dd-9e5e-40938c7b963c,2026-07-26T00:30:00Z,2026-07-26T02:30:00+0200,0.0,MW,FR,FR,actual_solar_generation,Solar,2026-07-30T03:20:47Z
2026-07-30T03:19:56Z,2026-07-30T05:19:56+0200,892469bd-1f88-49dd-9e5e-40938c7b963c,2026-07-26T00:45:00Z,2026-07-26T02:45:00+0200,0.0,MW,FR,FR,actual_solar_generation,Solar,2026-07-30T03:20:47Z
2026-07-30T03:19:56Z,2026-07-30T05:19:56+0200,892469bd-1f88-49dd-9e5e-40938c7b963c,2026-07-26T01:00:00Z,2026-07-26T03:00:00+0200,0.0,MW,FR,FR,actual_solar_generation,Solar,2026-07-30T03:20:47Z
2026-07-30T03:19:56Z,2026-07-30T05:19:56+0200,892469bd-1f88-49dd-9e5e-40938c7b963c,2026-07-26T01:15:00Z,2026-07-26T03:15:00+0200,0.0,MW,FR,FR,actual_solar_generation,Solar,2026-07-30T03:20:47Z
2026-07-30T03:19:56Z,2026-07-30T05:19:56+0200,892469bd-1f88-49dd-9e5e-40938c7b963c,2026-07-26T01:30:00Z,2026-07-26T03:30:00+0200,0.0,MW,FR,FR,actual_solar_generation,Solar,2026-07-30T03:20:47Z
2026-07-30T03:19:56Z,2026-07-30T05:19:56+0200,892469bd-1f88-49dd-9e5e-40938c7b963c,2026-07-26T01:45:00Z,2026-07-26T03:45:00+0200,0.0,MW,FR,FR,actual_solar_generation,Solar,2026-07-30T03:20:47Z
2026-07-30T03:19:56Z,2026-07-30T05:19:56+0200,892469bd-1f88-49dd-9e5e-40938c7b963c,2026-07-26T02:00:00Z,2026-07-26T04:00:00+0200,0.0,MW,FR,FR,actual_solar_generation,Solar,2026-07-30T03:20:47Z
2026-07-30T03:19:56Z,2026-07-30T05:19:56+0200,892469bd-1f88-49dd-9e5e-40938c7b963c,2026-07-26T02:15:00Z,2026-07-26T04:15:00+0200,0.0,MW,FR,FR,actual_solar_generation,Solar,2026-07-30T03:20:47Z
2026-07-30T03:19:56Z,2026-07-30T05:19:56+0200,892469bd-1f88-49dd-9e5e-40938c7b963c,2026-07-26T02:30:00Z,2026-07-26T04:30:00+0200,0.0,MW,FR,FR,actual_solar_generation,Solar,2026-07-30T03:20:47Z
2026-07-30T03:19:56Z,2026-07-30T05:19:56+0200,892469bd-1f88-49dd-9e5e-40938c7b963c,2026-07-26T02:45:00Z,2026-07-26T04:45:00+0200,0.0,MW,FR,FR,actual_solar_generation,Solar,2026-07-30T03:20:47Z
2026-07-30T03:19:56Z,2026-07-30T05:19:56+0200,892469bd-1f88-49dd-9e5e-40938c7b963c,2026-07-26T03:00:00Z,2026-07-26T05:00:00+0200,187.01,MW,FR,FR,actual_solar_generation,Solar,2026-07-30T03:20:47Z
2026-07-30T03:19:56Z,2026-07-30T05:19:56+0200,892469bd-1f88-49dd-9e5e-40938c7b963c,2026-07-26T03:15:00Z,2026-07-26T05:15:00+0200,187.79,MW,FR,FR,actual_solar_generation,Solar,2026-07-30T03:20:47Z
2026-07-30T03:19:56Z,2026-07-30T05:19:56+0200,892469bd-1f88-49dd-9e5e-40938c7b963c,2026-07-26T03:30:00Z,2026-07-26T05:30:00+0200,187.25,MW,FR,FR,actual_solar_generation,Solar,2026-07-30T03:20:47Z
2026-07-30T03:19:56Z,2026-07-30T05:19:56+0200,892469bd-1f88-49dd-9e5e-40938c7b963c,2026-07-26T03:45:00Z,2026-07-26T05:45:00+0200,189.86,MW,FR,FR,actual_solar_generation,Solar,2026-07-30T03:20:47Z
2026-07-30T03:19:56Z,2026-07-30T05:19:56+0200,892469bd-1f88-49dd-9e5e-40938c7b963c,2026-07-26T04:00:00Z,2026-07-26T06:00:00+0200,202.49,MW,FR,FR,actual_solar_generation,Solar,2026-07-30T03:20:47Z
2026-07-30T03:19:56Z,2026-07-30T05:19:56+0200,892469bd-1f88-49dd-9e5e-40938c7b963c,2026-07-26T04:15:00Z,2026-07-26T06:15:00+0200,241.84,MW,FR,FR,actual_solar_generation,Solar,2026-07-30T03:20:47Z
2026-07-30T03:19:56Z,2026-07-30T05:19:56+0200,892469bd-1f88-49dd-9e5e-40938c7b963c,2026-07-26T04:30:00Z,2026-07-26T06:30:00+0200,324.1,MW,FR,FR,actual_solar_generation,Solar,2026-07-30T03:20:47Z
2026-07-30T03:19:56Z,2026-07-30T05:19:56+0200,892469bd-1f88-49dd-9e5e-40938c7b963c,2026-07-26T04:45:00Z,2026-07-26T06:45:00+0200,465.83,MW,FR,FR,actual_solar_generation,Solar,2026-07-30T03:20:47Z
2026-07-30T03:19:56Z,2026-07-30T05:19:56+0200,892469bd-1f88-49dd-9e5e-40938c7b963c,2026-07-26T05:00:00Z,2026-07-26T07:00:00+0200,665.07,MW,FR,FR,actual_solar_generation,Solar,2026-07-30T03:20:47Z
2026-07-30T03:19:56Z,2026-07-30T05:19:56+0200,892469bd-1f88-49dd-9e5e-40938c7b963c,2026-07-26T05:15:00Z,2026-07-26T07:15:00+0200,941.41,MW,FR,FR,actual_solar_generation,Solar,2026-07-30T03:20:47Z
2026-07-30T03:19:56Z,2026-07-30T05:19:56+0200,892469bd-1f88-49dd-9e5e-40938c7b963c,2026-07-26T05:30:00Z,2026-07-26T07:30:00+0200,1312.32,MW,FR,FR,actual_solar_generation,Solar,2026-07-30T03:20:47Z
2026-07-30T03:19:56Z,2026-07-30T05:19:56+0200,892469bd-1f88-49dd-9e5e-40938c7b963c,2026-07-26T05:45:00Z,2026-07-26T07:45:00+0200,1827.52,MW,FR,FR,actual_solar_generation,Solar,2026-07-30T03:20:47Z
2026-07-30T03:19:56Z,2026-07-30T05:19:56+0200,892469bd-1f88-49dd-9e5e-40938c7b963c,2026-07-26T06:00:00Z,2026-07-26T08:00:00+0200,2485.35,MW,FR,FR,actual_solar_generation,Solar,2026-07-30T03:20:47Z
2026-07-30T03:19:56Z,2026-07-30T05:19:56+0200,892469bd-1f88-49dd-9e5e-40938c7b963c,2026-07-26T06:15:00Z,2026-07-26T08:15:00+0200,3070.44,MW,FR,FR,actual_solar_generation,Solar,2026-07-30T03:20:47Z
2026-07-30T03:19:56Z,2026-07-30T05:19:56+0200,892469bd-1f88-49dd-9e5e-40938c7b963c,2026-07-26T06:30:00Z,2026-07-26T08:30:00+0200,3936.56,MW,FR,FR,actual_solar_generation,Solar,2026-07-30T03:20:47Z
2026-07-30T03:19:56Z,2026-07-30T05:19:56+0200,892469bd-1f88-49dd-9e5e-40938c7b963c,2026-07-26T06:45:00Z,2026-07-26T08:45:00+0200,4568.11,MW,FR,FR,actual_solar_generation,Solar,2026-07-30T03:20:47Z
2026-07-30T03:19:56Z,2026-07-30T05:19:56+0200,892469bd-1f88-49dd-9e5e-40938c7b963c,2026-07-26T07:00:00Z,2026-07-26T09:00:00+0200,4757.03,MW,FR,FR,actual_solar_generation,Solar,2026-07-30T03:20:47Z
2026-07-30T03:19:56Z,2026-07-30T05:19:56+0200,892469bd-1f88-49dd-9e5e-40938c7b963c,2026-07-26T07:15:00Z,2026-07-26T09:15:00+0200,4622.43,MW,FR,FR,actual_solar_generation,Solar,2026-07-30T03:20:47Z
2026-07-30T03:19:56Z,2026-07-30T05:19:56+0200,892469bd-1f88-49dd-9e5e-40938c7b963c,2026-07-26T07:30:00Z,2026-07-26T09:30:00+0200,5078.28,MW,FR,FR,actual_solar_generation,Solar,2026-07-30T03:20:47Z
2026-07-30T03:19:56Z,2026-07-30T05:19:56+0200,892469bd-1f88-49dd-9e5e-40938c7b963c,2026-07-26T07:45:00Z,2026-07-26T09:45:00+0200,5413.77,MW,FR,FR,actual_solar_generation,Solar,2026-07-30T03:20:47Z
2026-07-30T03:19:56Z,2026-07-30T05:19:56+0200,892469bd-1f88-49dd-9e5e-40938c7b963c,2026-07-26T08:00:00Z,2026-07-26T10:00:00+0200,5925.33,MW,FR,FR,actual_solar_generation,Solar,2026-07-30T03:20:47Z
2026-07-30T03:19:56Z,2026-07-30T05:19:56+0200,892469bd-1f88-49dd-9e5e-40938c7b963c,2026-07-26T08:15:00Z,2026-07-26T10:15:00+0200,6581.6,MW,FR,FR,actual_solar_generation,Solar,2026-07-30T03:20:47Z
2026-07-30T03:19:56Z,2026-07-30T05:19:56+0200,892469bd-1f88-49dd-9e5e-40938c7b963c,2026-07-26T08:30:00Z,2026-07-26T10:30:00+0200,7156.22,MW,FR,FR,actual_solar_generation,Solar,2026-07-30T03:20:47Z
2026-07-30T03:19:56Z,2026-07-30T05:19:56+0200,892469bd-1f88-49dd-9e5e-40938c7b963c,2026-07-26T08:45:00Z,2026-07-26T10:45:00+0200,7707.42,MW,FR,FR,actual_solar_generation,Solar,2026-07-30T03:20:47Z
2026-07-30T03:19:56Z,2026-07-30T05:19:56+0200,892469bd-1f88-49dd-9e5e-40938c7b963c,2026-07-26T09:00:00Z,2026-07-26T11:00:00+0200,8370.34,MW,FR,FR,actual_solar_generation,Solar,2026-07-30T03:20:47Z
2026-07-30T03:19:56Z,2026-07-30T05:19:56+0200,892469bd-1f88-49dd-9e5e-40938c7b963c,2026-07-26T09:15:00Z,2026-07-26T11:15:00+0200,8892.51,MW,FR,FR,actual_solar_generation,Solar,2026-07-30T03:20:47Z
2026-07-30T03:19:56Z,2026-07-30T05:19:56+0200,892469bd-1f88-49dd-9e5e-40938c7b963c,2026-07-26T09:30:00Z,2026-07-26T11:30:00+0200,9096.35,MW,FR,FR,actual_solar_generation,Solar,2026-07-30T03:20:47Z
2026-07-30T03:19:56Z,2026-07-30T05:19:56+0200,892469bd-1f88-49dd-9e5e-40938c7b963c,2026-07-26T09:45:00Z,2026-07-26T11:45:00+0200,9171.67,MW,FR,FR,actual_solar_generation,Solar,2026-07-30T03:20:47Z
2026-07-30T03:19:56Z,2026-07-30T05:19:56+0200,892469bd-1f88-49dd-9e5e-40938c7b963c,2026-07-26T10:00:00Z,2026-07-26T12:00:00+0200,9647.56,MW,FR,FR,actual_solar_generation,Solar,2026-07-30T03:20:47Z
2026-07-30T03:19:56Z,2026-07-30T05:19:56+0200,892469bd-1f88-49dd-9e5e-40938c7b963c,2026-07-26T10:15:00Z,2026-07-26T12:15:00+0200,10085.75,MW,FR,FR,actual_solar_generation,Solar,2026-07-30T03:20:47Z
2026-07-30T03:19:56Z,2026-07-30T05:19:56+0200,892469bd-1f88-49dd-9e5e-40938c7b963c,2026-07-26T10:30:00Z,2026-07-26T12:30:00+0200,10088.68,MW,FR,FR,actual_solar_generation,Solar,2026-07-30T03:20:47Z
2026-07-30T03:19:56Z,2026-07-30T05:19:56+0200,892469bd-1f88-49dd-9e5e-40938c7b963c,2026-07-26T10:45:00Z,2026-07-26T12:45:00+0200,9843.22,MW,FR,FR,actual_solar_generation,Solar,2026-07-30T03:20:47Z
2026-07-30T03:19:56Z,2026-07-30T05:19:56+0200,892469bd-1f88-49dd-9e5e-40938c7b963c,2026-07-26T11:00:00Z,2026-07-26T13:00:00+0200,8894.92,MW,FR,FR,actual_solar_generation,Solar,2026-07-30T03:20:47Z
2026-07-30T03:19:56Z,2026-07-30T05:19:56+0200,892469bd-1f88-49dd-9e5e-40938c7b963c,2026-07-26T11:15:00Z,2026-07-26T13:15:00+0200,8509.1,MW,FR,FR,actual_solar_generation,Solar,2026-07-30T03:20:47Z
2026-07-30T03:19:56Z,2026-07-30T05:19:56+0200,892469bd-1f88-49dd-9e5e-40938c7b963c,2026-07-26T11:30:00Z,2026-07-26T13:30:00+0200,8980.72,MW,FR,FR,actual_solar_generation,Solar,2026-07-30T03:20:47Z
2026-07-30T03:19:56Z,2026-07-30T05:19:56+0200,892469bd-1f88-49dd-9e5e-40938c7b963c,2026-07-26T11:45:00Z,2026-07-26T13:45:00+0200,9894.61,MW,FR,FR,actual_solar_generation,Solar,2026-07-30T03:20:47Z
2026-07-30T03:19:56Z,2026-07-30T05:19:56+0200,892469bd-1f88-49dd-9e5e-40938c7b963c,2026-07-26T12:00:00Z,2026-07-26T14:00:00+0200,10198.42,MW,FR,FR,actual_solar_generation,Solar,2026-07-30T03:20:47Z
2026-07-30T03:19:56Z,2026-07-30T05:19:56+0200,892469bd-1f88-49dd-9e5e-40938c7b963c,2026-07-26T12:15:00Z,2026-07-26T14:15:00+0200,10258.68,MW,FR,FR,actual_solar_generation,Solar,2026-07-30T03:20:47Z
2026-07-30T03:19:56Z,2026-07-30T05:19:56+0200,892469bd-1f88-49dd-9e5e-40938c7b963c,2026-07-26T12:30:00Z,2026-07-26T14:30:00+0200,10153.06,MW,FR,FR,actual_solar_generation,Solar,2026-07-30T03:20:47Z
2026-07-30T03:19:56Z,2026-07-30T05:19:56+0200,892469bd-1f88-49dd-9e5e-40938c7b963c,2026-07-26T12:45:00Z,2026-07-26T14:45:00+0200,10252.4,MW,FR,FR,actual_solar_generation,Solar,2026-07-30T03:20:47Z
2026-07-30T03:19:56Z,2026-07-30T05:19:56+0200,892469bd-1f88-49dd-9e5e-40938c7b963c,2026-07-26T13:00:00Z,2026-07-26T15:00:00+0200,10221.78,MW,FR,FR,actual_solar_generation,Solar,2026-07-30T03:20:47Z
2026-07-30T03:19:56Z,2026-07-30T05:19:56+0200,892469bd-1f88-49dd-9e5e-40938c7b963c,2026-07-26T13:15:00Z,2026-07-26T15:15:00+0200,10267.97,MW,FR,FR,actual_solar_generation,Solar,2026-07-30T03:20:47Z
2026-07-30T03:19:56Z,2026-07-30T05:19:56+0200,892469bd-1f88-49dd-9e5e-40938c7b963c,2026-07-26T13:30:00Z,2026-07-26T15:30:00+0200,10119.57,MW,FR,FR,actual_solar_generation,Solar,2026-07-30T03:20:47Z
2026-07-30T03:19:56Z,2026-07-30T05:19:56+0200,892469bd-1f88-49dd-9e5e-40938c7b963c,2026-07-26T13:45:00Z,2026-07-26T15:45:00+0200,10007.4,MW,FR,FR,actual_solar_generation,Solar,2026-07-30T03:20:47Z
2026-07-30T03:19:56Z,2026-07-30T05:19:56+0200,892469bd-1f88-49dd-9e5e-40938c7b963c,2026-07-26T14:00:00Z,2026-07-26T16:00:00+0200,9895.74,MW,FR,FR,actual_solar_generation,Solar,2026-07-30T03:20:47Z
2026-07-30T03:19:56Z,2026-07-30T05:19:56+0200,892469bd-1f88-49dd-9e5e-40938c7b963c,2026-07-26T14:15:00Z,2026-07-26T16:15:00+0200,9590.27,MW,FR,FR,actual_solar_generation,Solar,2026-07-30T03:20:47Z
2026-07-30T03:19:56Z,2026-07-30T05:19:56+0200,892469bd-1f88-49dd-9e5e-40938c7b963c,2026-07-26T14:30:00Z,2026-07-26T16:30:00+0200,9254.19,MW,FR,FR,actual_solar_generation,Solar,2026-07-30T03:20:47Z
2026-07-30T03:19:56Z,2026-07-30T05:19:56+0200,892469bd-1f88-49dd-9e5e-40938c7b963c,2026-07-26T14:45:00Z,2026-07-26T16:45:00+0200,8871.77,MW,FR,FR,actual_solar_generation,Solar,2026-07-30T03:20:47Z
2026-07-30T03:19:56Z,2026-07-30T05:19:56+0200,892469bd-1f88-49dd-9e5e-40938c7b963c,2026-07-26T15:00:00Z,2026-07-26T17:00:00+0200,8590.1,MW,FR,FR,actual_solar_generation,Solar,2026-07-30T03:20:47Z
2026-07-30T03:19:56Z,2026-07-30T05:19:56+0200,892469bd-1f88-49dd-9e5e-40938c7b963c,2026-07-26T15:15:00Z,2026-07-26T17:15:00+0200,8210.39,MW,FR,FR,actual_solar_generation,Solar,2026-07-30T03:20:47Z
2026-07-30T03:19:56Z,2026-07-30T05:19:56+0200,892469bd-1f88-49dd-9e5e-40938c7b963c,2026-07-26T15:30:00Z,2026-07-26T17:30:00+0200,8002.94,MW,FR,FR,actual_solar_generation,Solar,2026-07-30T03:20:47Z
2026-07-30T03:19:56Z,2026-07-30T05:19:56+0200,892469bd-1f88-49dd-9e5e-40938c7b963c,2026-07-26T15:45:00Z,2026-07-26T17:45:00+0200,7914.86,MW,FR,FR,actual_solar_generation,Solar,2026-07-30T03:20:47Z
2026-07-30T03:19:56Z,2026-07-30T05:19:56+0200,892469bd-1f88-49dd-9e5e-40938c7b963c,2026-07-26T16:00:00Z,2026-07-26T18:00:00+0200,8051.28,MW,FR,FR,actual_solar_generation,Solar,2026-07-30T03:20:47Z
2026-07-30T03:19:56Z,2026-07-30T05:19:56+0200,892469bd-1f88-49dd-9e5e-40938c7b963c,2026-07-26T16:15:00Z,2026-07-26T18:15:00+0200,7832.34,MW,FR,FR,actual_solar_generation,Solar,2026-07-30T03:20:47Z
2026-07-30T03:19:56Z,2026-07-30T05:19:56+0200,892469bd-1f88-49dd-9e5e-40938c7b963c,2026-07-26T16:30:00Z,2026-07-26T18:30:00+0200,7198.52,MW,FR,FR,actual_solar_generation,Solar,2026-07-30T03:20:47Z
2026-07-30T03:19:56Z,2026-07-30T05:19:56+0200,892469bd-1f88-49dd-9e5e-40938c7b963c,2026-07-26T16:45:00Z,2026-07-26T18:45:00+0200,6301.3,MW,FR,FR,actual_solar_generation,Solar,2026-07-30T03:20:47Z
2026-07-30T03:19:56Z,2026-07-30T05:19:56+0200,892469bd-1f88-49dd-9e5e-40938c7b963c,2026-07-26T17:00:00Z,2026-07-26T19:00:00+0200,5218.16,MW,FR,FR,actual_solar_generation,Solar,2026-07-30T03:20:47Z
2026-07-30T03:19:56Z,2026-07-30T05:19:56+0200,892469bd-1f88-49dd-9e5e-40938c7b963c,2026-07-26T17:15:00Z,2026-07-26T19:15:00+0200,4359.41,MW,FR,FR,actual_solar_generation,Solar,2026-07-30T03:20:47Z
2026-07-30T03:19:56Z,2026-07-30T05:19:56+0200,892469bd-1f88-49dd-9e5e-40938c7b963c,2026-07-26T17:30:00Z,2026-07-26T19:30:00+0200,3503.3,MW,FR,FR,actual_solar_generation,Solar,2026-07-30T03:20:47Z
2026-07-30T03:19:56Z,2026-07-30T05:19:56+0200,892469bd-1f88-49dd-9e5e-40938c7b963c,2026-07-26T17:45:00Z,2026-07-26T19:45:00+0200,2753.78,MW,FR,FR,actual_solar_generation,Solar,2026-07-30T03:20:47Z
2026-07-30T03:19:56Z,2026-07-30T05:19:56+0200,892469bd-1f88-49dd-9e5e-40938c7b963c,2026-07-26T18:00:00Z,2026-07-26T20:00:00+0200,2108.51,MW,FR,FR,actual_solar_generation,Solar,2026-07-30T03:20:47Z
2026-07-30T03:19:56Z,2026-07-30T05:19:56+0200,892469bd-1f88-49dd-9e5e-40938c7b963c,2026-07-26T18:15:00Z,2026-07-26T20:15:00+0200,1560.71,MW,FR,FR,actual_solar_generation,Solar,2026-07-30T03:20:47Z
2026-07-30T03:19:56Z,2026-07-30T05:19:56+0200,892469bd-1f88-49dd-9e5e-40938c7b963c,2026-07-26T18:30:00Z,2026-07-26T20:30:00+0200,1128.2,MW,FR,FR,actual_solar_generation,Solar,2026-07-30T03:20:47Z
2026-07-30T03:19:56Z,2026-07-30T05:19:56+0200,892469bd-1f88-49dd-9e5e-40938c7b963c,2026-07-26T18:45:00Z,2026-07-26T20:45:00+0200,801.48,MW,FR,FR,actual_solar_generation,Solar,2026-07-30T03:20:47Z
2026-07-30T03:19:56Z,2026-07-30T05:19:56+0200,892469bd-1f88-49dd-9e5e-40938c7b963c,2026-07-26T19:00:00Z,2026-07-26T21:00:00+0200,536.63,MW,FR,FR,actual_solar_generation,Solar,2026-07-30T03:20:47Z
2026-07-30T03:19:56Z,2026-07-30T05:19:56+0200,892469bd-1f88-49dd-9e5e-40938c7b963c,2026-07-26T19:15:00Z,2026-07-26T21:15:00+0200,343.07,MW,FR,FR,actual_solar_generation,Solar,2026-07-30T03:20:47Z
2026-07-30T03:19:56Z,2026-07-30T05:19:56+0200,892469bd-1f88-49dd-9e5e-40938c7b963c,2026-07-26T19:30:00Z,2026-07-26T21:30:00+0200,243.4,MW,FR,FR,actual_solar_generation,Solar,2026-07-30T03:20:47Z
2026-07-30T03:19:56Z,2026-07-30T05:19:56+0200,892469bd-1f88-49dd-9e5e-40938c7b963c,2026-07-26T19:45:00Z,2026-07-26T21:45:00+0200,206.4,MW,FR,FR,actual_solar_generation,Solar,2026-07-30T03:20:47Z
2026-07-30T03:19:56Z,2026-07-30T05:19:56+0200,892469bd-1f88-49dd-9e5e-40938c7b963c,2026-07-26T20:00:00Z,2026-07-26T22:00:00+0200,200.32,MW,FR,FR,actual_solar_generation,Solar,2026-07-30T03:20:47Z
2026-07-30T03:19:56Z,2026-07-30T05:19:56+0200,892469bd-1f88-49dd-9e5e-40938c7b963c,2026-07-26T20:15:00Z,2026-07-26T22:15:00+0200,201.05,MW,FR,FR,actual_solar_generation,Solar,2026-07-30T03:20:47Z
2026-07-30T03:19:56Z,2026-07-30T05:19:56+0200,892469bd-1f88-49dd-9e5e-40938c7b963c,2026-07-26T20:30:00Z,2026-07-26T22:30:00+0200,201.58,MW,FR,FR,actual_solar_generation,Solar,2026-07-30T03:20:47Z
2026-07-30T03:19:56Z,2026-07-30T05:19:56+0200,892469bd-1f88-49dd-9e5e-40938c7b963c,2026-07-26T20:45:00Z,2026-07-26T22:45:00+0200,200.87,MW,FR,FR,actual_solar_generation,Solar,2026-07-30T03:20:47Z
2026-07-30T03:19:56Z,2026-07-30T05:19:56+0200,892469bd-1f88-49dd-9e5e-40938c7b963c,2026-07-26T21:00:00Z,2026-07-26T23:00:00+0200,200.34,MW,FR,FR,actual_solar_generation,Solar,2026-07-30T03:20:47Z
2026-07-30T03:19:56Z,2026-07-30T05:19:56+0200,892469bd-1f88-49dd-9e5e-40938c7b963c,2026-07-26T21:15:00Z,2026-07-26T23:15:00+0200,200.51,MW,FR,FR,actual_solar_generation,Solar,2026-07-30T03:20:47Z
2026-07-30T03:19:56Z,2026-07-30T05:19:56+0200,892469bd-1f88-49dd-9e5e-40938c7b963c,2026-07-26T21:30:00Z,2026-07-26T23:30:00+0200,199.15,MW,FR,FR,actual_solar_generation,Solar,2026-07-30T03:20:47Z
2026-07-30T03:19:56Z,2026-07-30T05:19:56+0200,892469bd-1f88-49dd-9e5e-40938c7b963c,2026-07-26T21:45:00Z,2026-07-26T23:45:00+0200,196.89,MW,FR,FR,actual_solar_generation,Solar,2026-07-30T03:20:47Z
2026-07-30T03:19:56Z,2026-07-30T05:19:56+0200,892469bd-1f88-49dd-9e5e-40938c7b963c,2026-07-26T22:00:00Z,2026-07-27T00:00:00+0200,0.0,MW,FR,FR,actual_solar_generation,Solar,2026-07-30T03:20:47Z
2026-07-30T03:19:56Z,2026-07-30T05:19:56+0200,892469bd-1f88-49dd-9e5e-40938c7b963c,2026-07-26T22:15:00Z,2026-07-27T00:15:00+0200,0.0,MW,FR,FR,actual_solar_generation,Solar,2026-07-30T03:20:47Z
2026-07-30T03:19:56Z,2026-07-30T05:19:56+0200,892469bd-1f88-49dd-9e5e-40938c7b963c,2026-07-26T22:30:00Z,2026-07-27T00:30:00+0200,0.0,MW,FR,FR,actual_solar_generation,Solar,2026-07-30T03:20:47Z
2026-07-30T03:19:56Z,2026-07-30T05:19:56+0200,892469bd-1f88-49dd-9e5e-40938c7b963c,2026-07-26T22:45:00Z,2026-07-27T00:45:00+0200,0.0,MW,FR,FR,actual_solar_generation,Solar,2026-07-30T03:20:47Z
2026-07-30T03:19:56Z,2026-07-30T05:19:56+0200,892469bd-1f88-49dd-9e5e-40938c7b963c,2026-07-26T23:00:00Z,2026-07-27T01:00:00+0200,0.0,MW,FR,FR,actual_solar_generation,Solar,2026-07-30T03:20:47Z
2026-07-30T03:19:56Z,2026-07-30T05:19:56+0200,892469bd-1f88-49dd-9e5e-40938c7b963c,2026-07-26T23:15:00Z,2026-07-27T01:15:00+0200,0.0,MW,FR,FR,actual_solar_generation,Solar,2026-07-30T03:20:47Z
2026-07-30T03:19:56Z,2026-07-30T05:19:56+0200,892469bd-1f88-49dd-9e5e-40938c7b963c,2026-07-26T23:30:00Z,2026-07-27T01:30:00+0200,0.0,MW,FR,FR,actual_solar_generation,Solar,2026-07-30T03:20:47Z
2026-07-30T03:19:56Z,2026-07-30T05:19:56+0200,892469bd-1f88-49dd-9e5e-40938c7b963c,2026-07-26T23:45:00Z,2026-07-27T01:45:00+0200,0.0,MW,FR,FR,actual_solar_generation,Solar,2026-07-30T03:20:47Z
2026-07-30T03:19:56Z,2026-07-30T05:19:56+0200,892469bd-1f88-49dd-9e5e-40938c7b963c,2026-07-27T00:00:00Z,2026-07-27T02:00:00+0200,0.0,MW,FR,FR,actual_solar_generation,Solar,2026-07-30T03:20:47Z
2026-07-30T03:19:56Z,2026-07-30T05:19:56+0200,892469bd-1f88-49dd-9e5e-40938c7b963c,2026-07-27T00:15:00Z,2026-07-27T02:15:00+0200,0.0,MW,FR,FR,actual_solar_generation,Solar,2026-07-30T03:20:47Z
2026-07-30T03:19:56Z,2026-07-30T05:19:56+0200,892469bd-1f88-49dd-9e5e-40938c7b963c,2026-07-27T00:30:00Z,2026-07-27T02:30:00+0200,0.0,MW,FR,FR,actual_solar_generation,Solar,2026-07-30T03:20:47Z
2026-07-30T03:19:56Z,2026-07-30T05:19:56+0200,892469bd-1f88-49dd-9e5e-40938c7b963c,2026-07-27T00:45:00Z,2026-07-27T02:45:00+0200,0.0,MW,FR,FR,actual_solar_generation,Solar,2026-07-30T03:20:47Z
2026-07-30T03:19:56Z,2026-07-30T05:19:56+0200,892469bd-1f88-49dd-9e5e-40938c7b963c,2026-07-27T01:00:00Z,2026-07-27T03:00:00+0200,0.0,MW,FR,FR,actual_solar_generation,Solar,2026-07-30T03:20:47Z
2026-07-30T03:19:56Z,2026-07-30T05:19:56+0200,892469bd-1f88-49dd-9e5e-40938c7b963c,2026-07-27T01:15:00Z,2026-07-27T03:15:00+0200,0.0,MW,FR,FR,actual_solar_generation,Solar,2026-07-30T03:20:47Z
2026-07-30T03:19:56Z,2026-07-30T05:19:56+0200,892469bd-1f88-49dd-9e5e-40938c7b963c,2026-07-27T01:30:00Z,2026-07-27T03:30:00+0200,0.0,MW,FR,FR,actual_solar_generation,Solar,2026-07-30T03:20:47Z
2026-07-30T03:19:56Z,2026-07-30T05:19:56+0200,892469bd-1f88-49dd-9e5e-40938c7b963c,2026-07-27T01:45:00Z,2026-07-27T03:45:00+0200,0.0,MW,FR,FR,actual_solar_generation,Solar,2026-07-30T03:20:47Z
2026-07-30T03:19:56Z,2026-07-30T05:19:56+0200,892469bd-1f88-49dd-9e5e-40938c7b963c,2026-07-27T02:00:00Z,2026-07-27T04:00:00+0200,0.0,MW,FR,FR,actual_solar_generation,Solar,2026-07-30T03:20:47Z
2026-07-30T03:19:56Z,2026-07-30T05:19:56+0200,892469bd-1f88-49dd-9e5e-40938c7b963c,2026-07-27T02:15:00Z,2026-07-27T04:15:00+0200,0.0,MW,FR,FR,actual_solar_generation,Solar,2026-07-30T03:20:47Z
2026-07-30T03:19:56Z,2026-07-30T05:19:56+0200,892469bd-1f88-49dd-9e5e-40938c7b963c,2026-07-27T02:30:00Z,2026-07-27T04:30:00+0200,0.0,MW,FR,FR,actual_solar_generation,Solar,2026-07-30T03:20:47Z
2026-07-30T03:19:56Z,2026-07-30T05:19:56+0200,892469bd-1f88-49dd-9e5e-40938c7b963c,2026-07-27T02:45:00Z,2026-07-27T04:45:00+0200,0.0,MW,FR,FR,actual_solar_generation,Solar,2026-07-30T03:20:47Z
2026-07-30T03:19:56Z,2026-07-30T05:19:56+0200,892469bd-1f88-49dd-9e5e-40938c7b963c,2026-07-27T03:00:00Z,2026-07-27T05:00:00+0200,194.97,MW,FR,FR,actual_solar_generation,Solar,2026-07-30T03:20:47Z
2026-07-30T03:19:56Z,2026-07-30T05:19:56+0200,892469bd-1f88-49dd-9e5e-40938c7b963c,2026-07-27T03:15:00Z,2026-07-27T05:15:00+0200,193.31,MW,FR,FR,actual_solar_generation,Solar,2026-07-30T03:20:47Z
2026-07-30T03:19:56Z,2026-07-30T05:19:56+0200,892469bd-1f88-49dd-9e5e-40938c7b963c,2026-07-27T03:30:00Z,2026-07-27T05:30:00+0200,193.43,MW,FR,FR,actual_solar_generation,Solar,2026-07-30T03:20:47Z
2026-07-30T03:19:56Z,2026-07-30T05:19:56+0200,892469bd-1f88-49dd-9e5e-40938c7b963c,2026-07-27T03:45:00Z,2026-07-27T05:45:00+0200,195.89,MW,FR,FR,actual_solar_generation,Solar,2026-07-30T03:20:47Z
2026-07-30T03:19:56Z,2026-07-30T05:19:56+0200,892469bd-1f88-49dd-9e5e-40938c7b963c,2026-07-27T04:00:00Z,2026-07-27T06:00:00+0200,208.7,MW,FR,FR,actual_solar_generation,Solar,2026-07-30T03:20:47Z
2026-07-30T03:19:56Z,2026-07-30T05:19:56+0200,892469bd-1f88-49dd-9e5e-40938c7b963c,2026-07-27T04:15:00Z,2026-07-27T06:15:00+0200,245.67,MW,FR,FR,actual_solar_generation,Solar,2026-07-30T03:20:47Z
2026-07-30T03:19:56Z,2026-07-30T05:19:56+0200,892469bd-1f88-49dd-9e5e-40938c7b963c,2026-07-27T04:30:00Z,2026-07-27T06:30:00+0200,324.1,MW,FR,FR,actual_solar_generation,Solar,2026-07-30T03:20:47Z
2026-07-30T03:19:56Z,2026-07-30T05:19:56+0200,892469bd-1f88-49dd-9e5e-40938c7b963c,2026-07-27T04:45:00Z,2026-07-27T06:45:00+0200,465.31,MW,FR,FR,actual_solar_generation,Solar,2026-07-30T03:20:47Z
2026-07-30T03:19:56Z,2026-07-30T05:19:56+0200,892469bd-1f88-49dd-9e5e-40938c7b963c,2026-07-27T05:00:00Z,2026-07-27T07:00:00+0200,657.4,MW,FR,FR,actual_solar_generation,Solar,2026-07-30T03:20:47Z
2026-07-30T03:19:56Z,2026-07-30T05:19:56+0200,892469bd-1f88-49dd-9e5e-40938c7b963c,2026-07-27T05:15:00Z,2026-07-27T07:15:00+0200,927.43,MW,FR,FR,actual_solar_generation,Solar,2026-07-30T03:20:47Z
2026-07-30T03:19:56Z,2026-07-30T05:19:56+0200,892469bd-1f88-49dd-9e5e-40938c7b963c,2026-07-27T05:30:00Z,2026-07-27T07:30:00+0200,1341.58,MW,FR,FR,actual_solar_generation,Solar,2026-07-30T03:20:47Z
2026-07-30T03:19:56Z,2026-07-30T05:19:56+0200,892469bd-1f88-49dd-9e5e-40938c7b963c,2026-07-27T05:45:00Z,2026-07-27T07:45:00+0200,1920.28,MW,FR,FR,actual_solar_generation,Solar,2026-07-30T03:20:47Z
2026-07-30T03:19:56Z,2026-07-30T05:19:56+0200,892469bd-1f88-49dd-9e5e-40938c7b963c,2026-07-27T06:00:00Z,2026-07-27T08:00:00+0200,2632.45,MW,FR,FR,actual_solar_generation,Solar,2026-07-30T03:20:47Z
2026-07-30T03:19:56Z,2026-07-30T05:19:56+0200,892469bd-1f88-49dd-9e5e-40938c7b963c,2026-07-27T06:15:00Z,2026-07-27T08:15:00+0200,3315.09,MW,FR,FR,actual_solar_generation,Solar,2026-07-30T03:20:47Z
2026-07-30T03:19:56Z,2026-07-30T05:19:56+0200,892469bd-1f88-49dd-9e5e-40938c7b963c,2026-07-27T06:30:00Z,2026-07-27T08:30:00+0200,4209.25,MW,FR,FR,actual_solar_generation,Solar,2026-07-30T03:20:47Z
2026-07-30T03:19:56Z,2026-07-30T05:19:56+0200,892469bd-1f88-49dd-9e5e-40938c7b963c,2026-07-27T06:45:00Z,2026-07-27T08:45:00+0200,5094.45,MW,FR,FR,actual_solar_generation,Solar,2026-07-30T03:20:47Z
2026-07-30T03:19:56Z,2026-07-30T05:19:56+0200,892469bd-1f88-49dd-9e5e-40938c7b963c,2026-07-27T07:00:00Z,2026-07-27T09:00:00+0200,6018.4,MW,FR,FR,actual_solar_generation,Solar,2026-07-30T03:20:47Z
2026-07-30T03:19:56Z,2026-07-30T05:19:56+0200,892469bd-1f88-49dd-9e5e-40938c7b963c,2026-07-27T07:15:00Z,2026-07-27T09:15:00+0200,7155.17,MW,FR,FR,actual_solar_generation,Solar,2026-07-30T03:20:47Z
2026-07-30T03:19:56Z,2026-07-30T05:19:56+0200,892469bd-1f88-49dd-9e5e-40938c7b963c,2026-07-27T07:30:00Z,2026-07-27T09:30:00+0200,8203.16,MW,FR,FR,actual_solar_generation,Solar,2026-07-30T03:20:47Z
2026-07-30T03:19:56Z,2026-07-30T05:19:56+0200,892469bd-1f88-49dd-9e5e-40938c7b963c,2026-07-27T07:45:00Z,2026-07-27T09:45:00+0200,9148.02,MW,FR,FR,actual_solar_generation,Solar,2026-07-30T03:20:47Z
2026-07-30T03:19:56Z,2026-07-30T05:19:56+0200,892469bd-1f88-49dd-9e5e-40938c7b963c,2026-07-27T08:00:00Z,2026-07-27T10:00:00+0200,10140.72,MW,FR,FR,actual_solar_generation,Solar,2026-07-30T03:20:47Z
2026-07-30T03:19:56Z,2026-07-30T05:19:56+0200,892469bd-1f88-49dd-9e5e-40938c7b963c,2026-07-27T08:15:00Z,2026-07-27T10:15:00+0200,10980.26,MW,FR,FR,actual_solar_generation,Solar,2026-07-30T03:20:47Z
2026-07-30T03:19:56Z,2026-07-30T05:19:56+0200,892469bd-1f88-49dd-9e5e-40938c7b963c,2026-07-27T08:30:00Z,2026-07-27T10:30:00+0200,11647.92,MW,FR,FR,actual_solar_generation,Solar,2026-07-30T03:20:47Z
2026-07-30T03:19:56Z,2026-07-30T05:19:56+0200,892469bd-1f88-49dd-9e5e-40938c7b963c,2026-07-27T08:45:00Z,2026-07-27T10:45:00+0200,12308.6,MW,FR,FR,actual_solar_generation,Solar,2026-07-30T03:20:47Z
2026-07-30T03:19:56Z,2026-07-30T05:19:56+0200,892469bd-1f88-49dd-9e5e-40938c7b963c,2026-07-27T09:00:00Z,2026-07-27T11:00:00+0200,12990.14,MW,FR,FR,actual_solar_generation,Solar,2026-07-30T03:20:47Z
2026-07-30T03:19:56Z,2026-07-30T05:19:56+0200,892469bd-1f88-49dd-9e5e-40938c7b963c,2026-07-27T09:15:00Z,2026-07-27T11:15:00+0200,13490.67,MW,FR,FR,actual_solar_generation,Solar,2026-07-30T03:20:47Z
2026-07-30T03:19:56Z,2026-07-30T05:19:56+0200,892469bd-1f88-49dd-9e5e-40938c7b963c,2026-07-27T09:30:00Z,2026-07-27T11:30:00+0200,13986.44,MW,FR,FR,actual_solar_generation,Solar,2026-07-30T03:20:47Z
2026-07-30T03:19:56Z,2026-07-30T05:19:56+0200,892469bd-1f88-49dd-9e5e-40938c7b963c,2026-07-27T09:45:00Z,2026-07-27T11:45:00+0200,14598.97,MW,FR,FR,actual_solar_generation,Solar,2026-07-30T03:20:47Z
2026-07-30T03:19:56Z,2026-07-30T05:19:56+0200,892469bd-1f88-49dd-9e5e-40938c7b963c,2026-07-27T10:00:00Z,2026-07-27T12:00:00+0200,14982.0,MW,FR,FR,actual_solar_generation,Solar,2026-07-30T03:20:47Z
2026-07-30T03:19:56Z,2026-07-30T05:19:56+0200,892469bd-1f88-49dd-9e5e-40938c7b963c,2026-07-27T10:15:00Z,2026-07-27T12:15:00+0200,15390.58,MW,FR,FR,actual_solar_generation,Solar,2026-07-30T03:20:47Z
2026-07-30T03:19:56Z,2026-07-30T05:19:56+0200,892469bd-1f88-49dd-9e5e-40938c7b963c,2026-07-27T10:30:00Z,2026-07-27T12:30:00+0200,15711.78,MW,FR,FR,actual_solar_generation,Solar,2026-07-30T03:20:47Z
2026-07-30T03:19:56Z,2026-07-30T05:19:56+0200,892469bd-1f88-49dd-9e5e-40938c7b963c,2026-07-27T10:45:00Z,2026-07-27T12:45:00+0200,14892.83,MW,FR,FR,actual_solar_generation,Solar,2026-07-30T03:20:47Z
2026-07-30T03:19:56Z,2026-07-30T05:19:56+0200,892469bd-1f88-49dd-9e5e-40938c7b963c,2026-07-27T11:00:00Z,2026-07-27T13:00:00+0200,13153.3,MW,FR,FR,actual_solar_generation,Solar,2026-07-30T03:20:47Z
2026-07-30T03:19:56Z,2026-07-30T05:19:56+0200,892469bd-1f88-49dd-9e5e-40938c7b963c,2026-07-27T11:15:00Z,2026-07-27T13:15:00+0200,14026.83,MW,FR,FR,actual_solar_generation,Solar,2026-07-30T03:20:47Z
2026-07-30T03:19:56Z,2026-07-30T05:19:56+0200,892469bd-1f88-49dd-9e5e-40938c7b963c,2026-07-27T11:30:00Z,2026-07-27T13:30:00+0200,14281.61,MW,FR,FR,actual_solar_generation,Solar,2026-07-30T03:20:47Z
2026-07-30T03:19:56Z,2026-07-30T05:19:56+0200,892469bd-1f88-49dd-9e5e-40938c7b963c,2026-07-27T11:45:00Z,2026-07-27T13:45:00+0200,14634.56,MW,FR,FR,actual_solar_generation,Solar,2026-07-30T03:20:47Z
2026-07-30T03:19:56Z,2026-07-30T05:19:56+0200,892469bd-1f88-49dd-9e5e-40938c7b963c,2026-07-27T12:00:00Z,2026-07-27T14:00:00+0200,14805.2,MW,FR,FR,actual_solar_generation,Solar,2026-07-30T03:20:47Z
2026-07-30T03:19:56Z,2026-07-30T05:19:56+0200,892469bd-1f88-49dd-9e5e-40938c7b963c,2026-07-27T12:15:00Z,2026-07-27T14:15:00+0200,14779.8,MW,FR,FR,actual_solar_generation,Solar,2026-07-30T03:20:47Z
2026-07-30T03:19:56Z,2026-07-30T05:19:56+0200,892469bd-1f88-49dd-9e5e-40938c7b963c,2026-07-27T12:30:00Z,2026-07-27T14:30:00+0200,15113.55,MW,FR,FR,actual_solar_generation,Solar,2026-07-30T03:20:47Z
2026-07-30T03:19:56Z,2026-07-30T05:19:56+0200,892469bd-1f88-49dd-9e5e-40938c7b963c,2026-07-27T12:45:00Z,2026-07-27T14:45:00+0200,15021.53,MW,FR,FR,actual_solar_generation,Solar,2026-07-30T03:20:47Z
2026-07-30T03:19:56Z,2026-07-30T05:19:56+0200,892469bd-1f88-49dd-9e5e-40938c7b963c,2026-07-27T13:00:00Z,2026-07-27T15:00:00+0200,14952.1,MW,FR,FR,actual_solar_generation,Solar,2026-07-30T03:20:47Z
2026-07-30T03:19:56Z,2026-07-30T05:19:56+0200,892469bd-1f88-49dd-9e5e-40938c7b963c,2026-07-27T13:15:00Z,2026-07-27T15:15:00+0200,14987.01,MW,FR,FR,actual_solar_generation,Solar,2026-07-30T03:20:47Z
2026-07-30T03:19:56Z,2026-07-30T05:19:56+0200,892469bd-1f88-49dd-9e5e-40938c7b963c,2026-07-27T13:30:00Z,2026-07-27T15:30:00+0200,15149.54,MW,FR,FR,actual_solar_generation,Solar,2026-07-30T03:20:47Z
2026-07-30T03:19:56Z,2026-07-30T05:19:56+0200,892469bd-1f88-49dd-9e5e-40938c7b963c,2026-07-27T13:45:00Z,2026-07-27T15:45:00+0200,15000.51,MW,FR,FR,actual_solar_generation,Solar,2026-07-30T03:20:47Z
2026-07-30T03:19:56Z,2026-07-30T05:19:56+0200,892469bd-1f88-49dd-9e5e-40938c7b963c,2026-07-27T14:00:00Z,2026-07-27T16:00:00+0200,14921.19,MW,FR,FR,actual_solar_generation,Solar,2026-07-30T03:20:47Z
2026-07-30T03:19:56Z,2026-07-30T05:19:56+0200,892469bd-1f88-49dd-9e5e-40938c7b963c,2026-07-27T14:15:00Z,2026-07-27T16:15:00+0200,14648.47,MW,FR,FR,actual_solar_generation,Solar,2026-07-30T03:20:47Z
2026-07-30T03:19:56Z,2026-07-30T05:19:56+0200,892469bd-1f88-49dd-9e5e-40938c7b963c,2026-07-27T14:30:00Z,2026-07-27T16:30:00+0200,14230.54,MW,FR,FR,actual_solar_generation,Solar,2026-07-30T03:20:47Z
2026-07-30T03:19:56Z,2026-07-30T05:19:56+0200,892469bd-1f88-49dd-9e5e-40938c7b963c,2026-07-27T14:45:00Z,2026-07-27T16:45:00+0200,13911.36,MW,FR,FR,actual_solar_generation,Solar,2026-07-30T03:20:47Z
2026-07-30T03:19:56Z,2026-07-30T05:19:56+0200,892469bd-1f88-49dd-9e5e-40938c7b963c,2026-07-27T15:00:00Z,2026-07-27T17:00:00+0200,15313.8,MW,FR,FR,actual_solar_generation,Solar,2026-07-30T03:20:47Z
2026-07-30T03:19:56Z,2026-07-30T05:19:56+0200,892469bd-1f88-49dd-9e5e-40938c7b963c,2026-07-27T15:15:00Z,2026-07-27T17:15:00+0200,15427.87,MW,FR,FR,actual_solar_generation,Solar,2026-07-30T03:20:47Z
2026-07-30T03:19:56Z,2026-07-30T05:19:56+0200,892469bd-1f88-49dd-9e5e-40938c7b963c,2026-07-27T15:30:00Z,2026-07-27T17:30:00+0200,14214.32,MW,FR,FR,actual_solar_generation,Solar,2026-07-30T03:20:47Z
2026-07-30T03:19:56Z,2026-07-30T05:19:56+0200,892469bd-1f88-49dd-9e5e-40938c7b963c,2026-07-27T15:45:00Z,2026-07-27T17:45:00+0200,13273.96,MW,FR,FR,actual_solar_generation,Solar,2026-07-30T03:20:47Z
2026-07-30T03:19:56Z,2026-07-30T05:19:56+0200,892469bd-1f88-49dd-9e5e-40938c7b963c,2026-07-27T16:00:00Z,2026-07-27T18:00:00+0200,12343.13,MW,FR,FR,actual_solar_generation,Solar,2026-07-30T03:20:47Z
2026-07-30T03:19:56Z,2026-07-30T05:19:56+0200,892469bd-1f88-49dd-9e5e-40938c7b963c,2026-07-27T16:15:00Z,2026-07-27T18:15:00+0200,11309.15,MW,FR,FR,actual_solar_generation,Solar,2026-07-30T03:20:47Z
2026-07-30T03:19:56Z,2026-07-30T05:19:56+0200,892469bd-1f88-49dd-9e5e-40938c7b963c,2026-07-27T16:30:00Z,2026-07-27T18:30:00+0200,10045.27,MW,FR,FR,actual_solar_generation,Solar,2026-07-30T03:20:47Z
2026-07-30T03:19:56Z,2026-07-30T05:19:56+0200,892469bd-1f88-49dd-9e5e-40938c7b963c,2026-07-27T16:45:00Z,2026-07-27T18:45:00+0200,8833.15,MW,FR,FR,actual_solar_generation,Solar,2026-07-30T03:20:47Z
2026-07-30T03:19:56Z,2026-07-30T05:19:56+0200,892469bd-1f88-49dd-9e5e-40938c7b963c,2026-07-27T17:00:00Z,2026-07-27T19:00:00+0200,7425.88,MW,FR,FR,actual_solar_generation,Solar,2026-07-30T03:20:47Z
2026-07-30T03:19:56Z,2026-07-30T05:19:56+0200,892469bd-1f88-49dd-9e5e-40938c7b963c,2026-07-27T17:15:00Z,2026-07-27T19:15:00+0200,6157.53,MW,FR,FR,actual_solar_generation,Solar,2026-07-30T03:20:47Z
2026-07-30T03:19:56Z,2026-07-30T05:19:56+0200,892469bd-1f88-49dd-9e5e-40938c7b963c,2026-07-27T17:30:00Z,2026-07-27T19:30:00+0200,4860.92,MW,FR,FR,actual_solar_generation,Solar,2026-07-30T03:20:47Z
2026-07-30T03:19:56Z,2026-07-30T05:19:56+0200,892469bd-1f88-49dd-9e5e-40938c7b963c,2026-07-27T17:45:00Z,2026-07-27T19:45:00+0200,3745.5,MW,FR,FR,actual_solar_generation,Solar,2026-07-30T03:20:47Z
2026-07-30T03:19:56Z,2026-07-30T05:19:56+0200,892469bd-1f88-49dd-9e5e-40938c7b963c,2026-07-27T18:00:00Z,2026-07-27T20:00:00+0200,2722.78,MW,FR,FR,actual_solar_generation,Solar,2026-07-30T03:20:47Z
2026-07-30T03:19:56Z,2026-07-30T05:19:56+0200,892469bd-1f88-49dd-9e5e-40938c7b963c,2026-07-27T18:15:00Z,2026-07-27T20:15:00+0200,1938.36,MW,FR,FR,actual_solar_generation,Solar,2026-07-30T03:20:47Z
2026-07-30T03:19:56Z,2026-07-30T05:19:56+0200,892469bd-1f88-49dd-9e5e-40938c7b963c,2026-07-27T18:30:00Z,2026-07-27T20:30:00+0200,1351.93,MW,FR,FR,actual_solar_generation,Solar,2026-07-30T03:20:47Z
2026-07-30T03:19:56Z,2026-07-30T05:19:56+0200,892469bd-1f88-49dd-9e5e-40938c7b963c,2026-07-27T18:45:00Z,2026-07-27T20:45:00+0200,944.68,MW,FR,FR,actual_solar_generation,Solar,2026-07-30T03:20:47Z
2026-07-30T03:19:56Z,2026-07-30T05:19:56+0200,892469bd-1f88-49dd-9e5e-40938c7b963c,2026-07-27T19:00:00Z,2026-07-27T21:00:00+0200,600.82,MW,FR,FR,actual_solar_generation,Solar,2026-07-30T03:20:47Z
2026-07-30T03:19:56Z,2026-07-30T05:19:56+0200,892469bd-1f88-49dd-9e5e-40938c7b963c,2026-07-27T19:15:00Z,2026-07-27T21:15:00+0200,345.87,MW,FR,FR,actual_solar_generation,Solar,2026-07-30T03:20:47Z
2026-07-30T03:19:56Z,2026-07-30T05:19:56+0200,892469bd-1f88-49dd-9e5e-40938c7b963c,2026-07-27T19:30:00Z,2026-07-27T21:30:00+0200,231.15,MW,FR,FR,actual_solar_generation,Solar,2026-07-30T03:20:47Z
2026-07-30T03:19:56Z,2026-07-30T05:19:56+0200,892469bd-1f88-49dd-9e5e-40938c7b963c,2026-07-27T19:45:00Z,2026-07-27T21:45:00+0200,200.96,MW,FR,FR,actual_solar_generation,Solar,2026-07-30T03:20:47Z
2026-07-30T03:19:56Z,2026-07-30T05:19:56+0200,892469bd-1f88-49dd-9e5e-40938c7b963c,2026-07-27T20:00:00Z,2026-07-27T22:00:00+0200,193.58,MW,FR,FR,actual_solar_generation,Solar,2026-07-30T03:20:47Z
2026-07-30T03:19:56Z,2026-07-30T05:19:56+0200,892469bd-1f88-49dd-9e5e-40938c7b963c,2026-07-27T20:15:00Z,2026-07-27T22:15:00+0200,192.14,MW,FR,FR,actual_solar_generation,Solar,2026-07-30T03:20:47Z
2026-07-30T03:19:56Z,2026-07-30T05:19:56+0200,892469bd-1f88-49dd-9e5e-40938c7b963c,2026-07-27T20:30:00Z,2026-07-27T22:30:00+0200,192.99,MW,FR,FR,actual_solar_generation,Solar,2026-07-30T03:20:47Z
2026-07-30T03:19:56Z,2026-07-30T05:19:56+0200,892469bd-1f88-49dd-9e5e-40938c7b963c,2026-07-27T20:45:00Z,2026-07-27T22:45:00+0200,193.66,MW,FR,FR,actual_solar_generation,Solar,2026-07-30T03:20:47Z
2026-07-30T03:19:56Z,2026-07-30T05:19:56+0200,892469bd-1f88-49dd-9e5e-40938c7b963c,2026-07-27T21:00:00Z,2026-07-27T23:00:00+0200,193.14,MW,FR,FR,actual_solar_generation,Solar,2026-07-30T03:20:47Z
2026-07-30T03:19:56Z,2026-07-30T05:19:56+0200,892469bd-1f88-49dd-9e5e-40938c7b963c,2026-07-27T21:15:00Z,2026-07-27T23:15:00+0200,191.78,MW,FR,FR,actual_solar_generation,Solar,2026-07-30T03:20:47Z
2026-07-30T03:19:56Z,2026-07-30T05:19:56+0200,892469bd-1f88-49dd-9e5e-40938c7b963c,2026-07-27T21:30:00Z,2026-07-27T23:30:00+0200,191.18,MW,FR,FR,actual_solar_generation,Solar,2026-07-30T03:20:47Z
2026-07-30T03:19:56Z,2026-07-30T05:19:56+0200,892469bd-1f88-49dd-9e5e-40938c7b963c,2026-07-27T21:45:00Z,2026-07-27T23:45:00+0200,190.2,MW,FR,FR,actual_solar_generation,Solar,2026-07-30T03:20:47Z
2026-07-30T03:19:56Z,2026-07-30T05:19:56+0200,892469bd-1f88-49dd-9e5e-40938c7b963c,2026-07-27T22:00:00Z,2026-07-28T00:00:00+0200,0.0,MW,FR,FR,actual_solar_generation,Solar,2026-07-30T03:20:47Z
2026-07-30T03:19:56Z,2026-07-30T05:19:56+0200,892469bd-1f88-49dd-9e5e-40938c7b963c,2026-07-27T22:15:00Z,2026-07-28T00:15:00+0200,0.0,MW,FR,FR,actual_solar_generation,Solar,2026-07-30T03:20:47Z
2026-07-30T03:19:56Z,2026-07-30T05:19:56+0200,892469bd-1f88-49dd-9e5e-40938c7b963c,2026-07-27T22:30:00Z,2026-07-28T00:30:00+0200,0.0,MW,FR,FR,actual_solar_generation,Solar,2026-07-30T03:20:47Z
2026-07-30T03:19:56Z,2026-07-30T05:19:56+0200,892469bd-1f88-49dd-9e5e-40938c7b963c,2026-07-27T22:45:00Z,2026-07-28T00:45:00+0200,0.0,MW,FR,FR,actual_solar_generation,Solar,2026-07-30T03:20:47Z
2026-07-30T03:19:56Z,2026-07-30T05:19:56+0200,892469bd-1f88-49dd-9e5e-40938c7b963c,2026-07-27T23:00:00Z,2026-07-28T01:00:00+0200,0.0,MW,FR,FR,actual_solar_generation,Solar,2026-07-30T03:20:47Z
2026-07-30T03:19:56Z,2026-07-30T05:19:56+0200,892469bd-1f88-49dd-9e5e-40938c7b963c,2026-07-27T23:15:00Z,2026-07-28T01:15:00+0200,0.0,MW,FR,FR,actual_solar_generation,Solar,2026-07-30T03:20:47Z
2026-07-30T03:19:56Z,2026-07-30T05:19:56+0200,892469bd-1f88-49dd-9e5e-40938c7b963c,2026-07-27T23:30:00Z,2026-07-28T01:30:00+0200,0.0,MW,FR,FR,actual_solar_generation,Solar,2026-07-30T03:20:47Z
2026-07-30T03:19:56Z,2026-07-30T05:19:56+0200,892469bd-1f88-49dd-9e5e-40938c7b963c,2026-07-27T23:45:00Z,2026-07-28T01:45:00+0200,0.0,MW,FR,FR,actual_solar_generation,Solar,2026-07-30T03:20:47Z
2026-07-30T03:19:56Z,2026-07-30T05:19:56+0200,892469bd-1f88-49dd-9e5e-40938c7b963c,2026-07-28T00:00:00Z,2026-07-28T02:00:00+0200,0.0,MW,FR,FR,actual_solar_generation,Solar,2026-07-30T03:20:47Z
2026-07-30T03:19:56Z,2026-07-30T05:19:56+0200,892469bd-1f88-49dd-9e5e-40938c7b963c,2026-07-28T00:15:00Z,2026-07-28T02:15:00+0200,0.0,MW,FR,FR,actual_solar_generation,Solar,2026-07-30T03:20:47Z
2026-07-30T03:19:56Z,2026-07-30T05:19:56+0200,892469bd-1f88-49dd-9e5e-40938c7b963c,2026-07-28T00:30:00Z,2026-07-28T02:30:00+0200,0.0,MW,FR,FR,actual_solar_generation,Solar,2026-07-30T03:20:47Z
2026-07-30T03:19:56Z,2026-07-30T05:19:56+0200,892469bd-1f88-49dd-9e5e-40938c7b963c,2026-07-28T00:45:00Z,2026-07-28T02:45:00+0200,0.0,MW,FR,FR,actual_solar_generation,Solar,2026-07-30T03:20:47Z
2026-07-30T03:19:56Z,2026-07-30T05:19:56+0200,892469bd-1f88-49dd-9e5e-40938c7b963c,2026-07-28T01:00:00Z,2026-07-28T03:00:00+0200,0.0,MW,FR,FR,actual_solar_generation,Solar,2026-07-30T03:20:47Z
2026-07-30T03:19:56Z,2026-07-30T05:19:56+0200,892469bd-1f88-49dd-9e5e-40938c7b963c,2026-07-28T01:15:00Z,2026-07-28T03:15:00+0200,0.0,MW,FR,FR,actual_solar_generation,Solar,2026-07-30T03:20:47Z
2026-07-30T03:19:56Z,2026-07-30T05:19:56+0200,892469bd-1f88-49dd-9e5e-40938c7b963c,2026-07-28T01:30:00Z,2026-07-28T03:30:00+0200,0.0,MW,FR,FR,actual_solar_generation,Solar,2026-07-30T03:20:47Z
2026-07-30T03:19:56Z,2026-07-30T05:19:56+0200,892469bd-1f88-49dd-9e5e-40938c7b963c,2026-07-28T01:45:00Z,2026-07-28T03:45:00+0200,0.0,MW,FR,FR,actual_solar_generation,Solar,2026-07-30T03:20:47Z
2026-07-30T03:19:56Z,2026-07-30T05:19:56+0200,892469bd-1f88-49dd-9e5e-40938c7b963c,2026-07-28T02:00:00Z,2026-07-28T04:00:00+0200,0.0,MW,FR,FR,actual_solar_generation,Solar,2026-07-30T03:20:47Z
2026-07-30T03:19:56Z,2026-07-30T05:19:56+0200,892469bd-1f88-49dd-9e5e-40938c7b963c,2026-07-28T02:15:00Z,2026-07-28T04:15:00+0200,0.0,MW,FR,FR,actual_solar_generation,Solar,2026-07-30T03:20:47Z
2026-07-30T03:19:56Z,2026-07-30T05:19:56+0200,892469bd-1f88-49dd-9e5e-40938c7b963c,2026-07-28T02:30:00Z,2026-07-28T04:30:00+0200,0.0,MW,FR,FR,actual_solar_generation,Solar,2026-07-30T03:20:47Z
2026-07-30T03:19:56Z,2026-07-30T05:19:56+0200,892469bd-1f88-49dd-9e5e-40938c7b963c,2026-07-28T02:45:00Z,2026-07-28T04:45:00+0200,0.0,MW,FR,FR,actual_solar_generation,Solar,2026-07-30T03:20:47Z
2026-07-30T03:19:56Z,2026-07-30T05:19:56+0200,892469bd-1f88-49dd-9e5e-40938c7b963c,2026-07-28T03:00:00Z,2026-07-28T05:00:00+0200,188.93,MW,FR,FR,actual_solar_generation,Solar,2026-07-30T03:20:47Z
2026-07-30T03:19:56Z,2026-07-30T05:19:56+0200,892469bd-1f88-49dd-9e5e-40938c7b963c,2026-07-28T03:15:00Z,2026-07-28T05:15:00+0200,186.92,MW,FR,FR,actual_solar_generation,Solar,2026-07-30T03:20:47Z
2026-07-30T03:19:56Z,2026-07-30T05:19:56+0200,892469bd-1f88-49dd-9e5e-40938c7b963c,2026-07-28T03:30:00Z,2026-07-28T05:30:00+0200,188.08,MW,FR,FR,actual_solar_generation,Solar,2026-07-30T03:20:47Z
2026-07-30T03:19:56Z,2026-07-30T05:19:56+0200,892469bd-1f88-49dd-9e5e-40938c7b963c,2026-07-28T03:45:00Z,2026-07-28T05:45:00+0200,188.47,MW,FR,FR,actual_solar_generation,Solar,2026-07-30T03:20:47Z
2026-07-30T03:19:56Z,2026-07-30T05:19:56+0200,892469bd-1f88-49dd-9e5e-40938c7b963c,2026-07-28T04:00:00Z,2026-07-28T06:00:00+0200,196.01,MW,FR,FR,actual_solar_generation,Solar,2026-07-30T03:20:47Z
2026-07-30T03:19:56Z,2026-07-30T05:19:56+0200,892469bd-1f88-49dd-9e5e-40938c7b963c,2026-07-28T04:15:00Z,2026-07-28T06:15:00+0200,224.98,MW,FR,FR,actual_solar_generation,Solar,2026-07-30T03:20:47Z
2026-07-30T03:19:56Z,2026-07-30T05:19:56+0200,892469bd-1f88-49dd-9e5e-40938c7b963c,2026-07-28T04:30:00Z,2026-07-28T06:30:00+0200,316.77,MW,FR,FR,actual_solar_generation,Solar,2026-07-30T03:20:47Z
2026-07-30T03:19:56Z,2026-07-30T05:19:56+0200,892469bd-1f88-49dd-9e5e-40938c7b963c,2026-07-28T04:45:00Z,2026-07-28T06:45:00+0200,483.2,MW,FR,FR,actual_solar_generation,Solar,2026-07-30T03:20:47Z
2026-07-30T03:19:56Z,2026-07-30T05:19:56+0200,892469bd-1f88-49dd-9e5e-40938c7b963c,2026-07-28T05:00:00Z,2026-07-28T07:00:00+0200,736.27,MW,FR,FR,actual_solar_generation,Solar,2026-07-30T03:20:47Z
2026-07-30T03:19:56Z,2026-07-30T05:19:56+0200,892469bd-1f88-49dd-9e5e-40938c7b963c,2026-07-28T05:15:00Z,2026-07-28T07:15:00+0200,1102.61,MW,FR,FR,actual_solar_generation,Solar,2026-07-30T03:20:47Z
2026-07-30T03:19:56Z,2026-07-30T05:19:56+0200,892469bd-1f88-49dd-9e5e-40938c7b963c,2026-07-28T05:30:00Z,2026-07-28T07:30:00+0200,1637.63,MW,FR,FR,actual_solar_generation,Solar,2026-07-30T03:20:47Z
2026-07-30T03:19:56Z,2026-07-30T05:19:56+0200,892469bd-1f88-49dd-9e5e-40938c7b963c,2026-07-28T05:45:00Z,2026-07-28T07:45:00+0200,2409.87,MW,FR,FR,actual_solar_generation,Solar,2026-07-30T03:20:47Z
2026-07-30T03:19:56Z,2026-07-30T05:19:56+0200,892469bd-1f88-49dd-9e5e-40938c7b963c,2026-07-28T06:00:00Z,2026-07-28T08:00:00+0200,3383.82,MW,FR,FR,actual_solar_generation,Solar,2026-07-30T03:20:47Z
2026-07-30T03:19:56Z,2026-07-30T05:19:56+0200,892469bd-1f88-49dd-9e5e-40938c7b963c,2026-07-28T06:15:00Z,2026-07-28T08:15:00+0200,4452.29,MW,FR,FR,actual_solar_generation,Solar,2026-07-30T03:20:47Z
2026-07-30T03:19:56Z,2026-07-30T05:19:56+0200,892469bd-1f88-49dd-9e5e-40938c7b963c,2026-07-28T06:30:00Z,2026-07-28T08:30:00+0200,5664.98,MW,FR,FR,actual_solar_generation,Solar,2026-07-30T03:20:47Z
2026-07-30T03:19:56Z,2026-07-30T05:19:56+0200,892469bd-1f88-49dd-9e5e-40938c7b963c,2026-07-28T06:45:00Z,2026-07-28T08:45:00+0200,7015.7,MW,FR,FR,actual_solar_generation,Solar,2026-07-30T03:20:47Z
2026-07-30T03:19:56Z,2026-07-30T05:19:56+0200,892469bd-1f88-49dd-9e5e-40938c7b963c,2026-07-28T07:00:00Z,2026-07-28T09:00:00+0200,8391.6,MW,FR,FR,actual_solar_generation,Solar,2026-07-30T03:20:47Z
2026-07-30T03:19:56Z,2026-07-30T05:19:56+0200,892469bd-1f88-49dd-9e5e-40938c7b963c,2026-07-28T07:15:00Z,2026-07-28T09:15:00+0200,9816.0,MW,FR,FR,actual_solar_generation,Solar,2026-07-30T03:20:47Z
2026-07-30T03:19:56Z,2026-07-30T05:19:56+0200,892469bd-1f88-49dd-9e5e-40938c7b963c,2026-07-28T07:30:00Z,2026-07-28T09:30:00+0200,11253.03,MW,FR,FR,actual_solar_generation,Solar,2026-07-30T03:20:47Z
2026-07-30T03:19:56Z,2026-07-30T05:19:56+0200,892469bd-1f88-49dd-9e5e-40938c7b963c,2026-07-28T07:45:00Z,2026-07-28T09:45:00+0200,12533.24,MW,FR,FR,actual_solar_generation,Solar,2026-07-30T03:20:47Z
2026-07-30T03:19:56Z,2026-07-30T05:19:56+0200,892469bd-1f88-49dd-9e5e-40938c7b963c,2026-07-28T08:00:00Z,2026-07-28T10:00:00+0200,13542.47,MW,FR,FR,actual_solar_generation,Solar,2026-07-30T03:20:47Z
2026-07-30T03:19:56Z,2026-07-30T05:19:56+0200,892469bd-1f88-49dd-9e5e-40938c7b963c,2026-07-28T08:15:00Z,2026-07-28T10:15:00+0200,13060.44,MW,FR,FR,actual_solar_generation,Solar,2026-07-30T03:20:47Z
2026-07-30T03:19:56Z,2026-07-30T05:19:56+0200,892469bd-1f88-49dd-9e5e-40938c7b963c,2026-07-28T08:30:00Z,2026-07-28T10:30:00+0200,11747.49,MW,FR,FR,actual_solar_generation,Solar,2026-07-30T03:20:47Z
2026-07-30T03:19:56Z,2026-07-30T05:19:56+0200,892469bd-1f88-49dd-9e5e-40938c7b963c,2026-07-28T08:45:00Z,2026-07-28T10:45:00+0200,12337.16,MW,FR,FR,actual_solar_generation,Solar,2026-07-30T03:20:47Z
2026-07-30T03:19:56Z,2026-07-30T05:19:56+0200,892469bd-1f88-49dd-9e5e-40938c7b963c,2026-07-28T09:00:00Z,2026-07-28T11:00:00+0200,12981.25,MW,FR,FR,actual_solar_generation,Solar,2026-07-30T03:20:47Z
2026-07-30T03:19:56Z,2026-07-30T05:19:56+0200,892469bd-1f88-49dd-9e5e-40938c7b963c,2026-07-28T09:15:00Z,2026-07-28T11:15:00+0200,13597.0,MW,FR,FR,actual_solar_generation,Solar,2026-07-30T03:20:47Z
2026-07-30T03:19:56Z,2026-07-30T05:19:56+0200,892469bd-1f88-49dd-9e5e-40938c7b963c,2026-07-28T09:30:00Z,2026-07-28T11:30:00+0200,14388.42,MW,FR,FR,actual_solar_generation,Solar,2026-07-30T03:20:47Z
2026-07-30T03:19:56Z,2026-07-30T05:19:56+0200,892469bd-1f88-49dd-9e5e-40938c7b963c,2026-07-28T09:45:00Z,2026-07-28T11:45:00+0200,14926.77,MW,FR,FR,actual_solar_generation,Solar,2026-07-30T03:20:47Z
2026-07-30T03:19:56Z,2026-07-30T05:19:56+0200,892469bd-1f88-49dd-9e5e-40938c7b963c,2026-07-28T10:00:00Z,2026-07-28T12:00:00+0200,18008.59,MW,FR,FR,actual_solar_generation,Solar,2026-07-30T03:20:47Z
2026-07-30T03:19:56Z,2026-07-30T05:19:56+0200,892469bd-1f88-49dd-9e5e-40938c7b963c,2026-07-28T10:15:00Z,2026-07-28T12:15:00+0200,20764.58,MW,FR,FR,actual_solar_generation,Solar,2026-07-30T03:20:47Z
2026-07-30T03:19:56Z,2026-07-30T05:19:56+0200,892469bd-1f88-49dd-9e5e-40938c7b963c,2026-07-28T10:30:00Z,2026-07-28T12:30:00+0200,19466.63,MW,FR,FR,actual_solar_generation,Solar,2026-07-30T03:20:47Z
2026-07-30T03:19:56Z,2026-07-30T05:19:56+0200,892469bd-1f88-49dd-9e5e-40938c7b963c,2026-07-28T10:45:00Z,2026-07-28T12:45:00+0200,16513.85,MW,FR,FR,actual_solar_generation,Solar,2026-07-30T03:20:47Z
2026-07-30T03:19:56Z,2026-07-30T05:19:56+0200,892469bd-1f88-49dd-9e5e-40938c7b963c,2026-07-28T11:00:00Z,2026-07-28T13:00:00+0200,16999.16,MW,FR,FR,actual_solar_generation,Solar,2026-07-30T03:20:47Z
2026-07-30T03:19:56Z,2026-07-30T05:19:56+0200,892469bd-1f88-49dd-9e5e-40938c7b963c,2026-07-28T11:15:00Z,2026-07-28T13:15:00+0200,17505.67,MW,FR,FR,actual_solar_generation,Solar,2026-07-30T03:20:47Z
2026-07-30T03:19:56Z,2026-07-30T05:19:56+0200,892469bd-1f88-49dd-9e5e-40938c7b963c,2026-07-28T11:30:00Z,2026-07-28T13:30:00+0200,17580.91,MW,FR,FR,actual_solar_generation,Solar,2026-07-30T03:20:47Z
2026-07-30T03:19:56Z,2026-07-30T05:19:56+0200,892469bd-1f88-49dd-9e5e-40938c7b963c,2026-07-28T11:45:00Z,2026-07-28T13:45:00+0200,17589.26,MW,FR,FR,actual_solar_generation,Solar,2026-07-30T03:20:47Z
2026-07-30T03:19:56Z,2026-07-30T05:19:56+0200,892469bd-1f88-49dd-9e5e-40938c7b963c,2026-07-28T12:00:00Z,2026-07-28T14:00:00+0200,17652.71,MW,FR,FR,actual_solar_generation,Solar,2026-07-30T03:20:47Z
2026-07-30T03:19:56Z,2026-07-30T05:19:56+0200,892469bd-1f88-49dd-9e5e-40938c7b963c,2026-07-28T12:15:00Z,2026-07-28T14:15:00+0200,20347.86,MW,FR,FR,actual_solar_generation,Solar,2026-07-30T03:20:47Z
2026-07-30T03:19:56Z,2026-07-30T05:19:56+0200,892469bd-1f88-49dd-9e5e-40938c7b963c,2026-07-28T12:30:00Z,2026-07-28T14:30:00+0200,21959.0,MW,FR,FR,actual_solar_generation,Solar,2026-07-30T03:20:47Z
2026-07-30T03:19:56Z,2026-07-30T05:19:56+0200,892469bd-1f88-49dd-9e5e-40938c7b963c,2026-07-28T12:45:00Z,2026-07-28T14:45:00+0200,21265.06,MW,FR,FR,actual_solar_generation,Solar,2026-07-30T03:20:47Z
2026-07-30T03:19:56Z,2026-07-30T05:19:56+0200,892469bd-1f88-49dd-9e5e-40938c7b963c,2026-07-28T13:00:00Z,2026-07-28T15:00:00+0200,21077.04,MW,FR,FR,actual_solar_generation,Solar,2026-07-30T03:20:47Z
2026-07-30T03:19:56Z,2026-07-30T05:19:56+0200,892469bd-1f88-49dd-9e5e-40938c7b963c,2026-07-28T13:15:00Z,2026-07-28T15:15:00+0200,20826.65,MW,FR,FR,actual_solar_generation,Solar,2026-07-30T03:20:47Z
2026-07-30T03:19:56Z,2026-07-30T05:19:56+0200,892469bd-1f88-49dd-9e5e-40938c7b963c,2026-07-28T13:30:00Z,2026-07-28T15:30:00+0200,20519.61,MW,FR,FR,actual_solar_generation,Solar,2026-07-30T03:20:47Z
2026-07-30T03:19:56Z,2026-07-30T05:19:56+0200,892469bd-1f88-49dd-9e5e-40938c7b963c,2026-07-28T13:45:00Z,2026-07-28T15:45:00+0200,20136.38,MW,FR,FR,actual_solar_generation,Solar,2026-07-30T03:20:47Z
2026-07-30T03:19:56Z,2026-07-30T05:19:56+0200,892469bd-1f88-49dd-9e5e-40938c7b963c,2026-07-28T14:00:00Z,2026-07-28T16:00:00+0200,19417.93,MW,FR,FR,actual_solar_generation,Solar,2026-07-30T03:20:47Z
2026-07-30T03:19:56Z,2026-07-30T05:19:56+0200,892469bd-1f88-49dd-9e5e-40938c7b963c,2026-07-28T14:15:00Z,2026-07-28T16:15:00+0200,18824.05,MW,FR,FR,actual_solar_generation,Solar,2026-07-30T03:20:47Z
2026-07-30T03:19:56Z,2026-07-30T05:19:56+0200,892469bd-1f88-49dd-9e5e-40938c7b963c,2026-07-28T14:30:00Z,2026-07-28T16:30:00+0200,18090.64,MW,FR,FR,actual_solar_generation,Solar,2026-07-30T03:20:47Z
2026-07-30T03:19:56Z,2026-07-30T05:19:56+0200,892469bd-1f88-49dd-9e5e-40938c7b963c,2026-07-28T14:45:00Z,2026-07-28T16:45:00+0200,17379.3,MW,FR,FR,actual_solar_generation,Solar,2026-07-30T03:20:47Z
2026-07-30T03:19:56Z,2026-07-30T05:19:56+0200,892469bd-1f88-49dd-9e5e-40938c7b963c,2026-07-28T15:00:00Z,2026-07-28T17:00:00+0200,16528.25,MW,FR,FR,actual_solar_generation,Solar,2026-07-30T03:20:47Z
2026-07-30T03:19:56Z,2026-07-30T05:19:56+0200,892469bd-1f88-49dd-9e5e-40938c7b963c,2026-07-28T15:15:00Z,2026-07-28T17:15:00+0200,15637.93,MW,FR,FR,actual_solar_generation,Solar,2026-07-30T03:20:47Z
2026-07-30T03:19:56Z,2026-07-30T05:19:56+0200,892469bd-1f88-49dd-9e5e-40938c7b963c,2026-07-28T15:30:00Z,2026-07-28T17:30:00+0200,14663.14,MW,FR,FR,actual_solar_generation,Solar,2026-07-30T03:20:47Z
2026-07-30T03:19:56Z,2026-07-30T05:19:56+0200,892469bd-1f88-49dd-9e5e-40938c7b963c,2026-07-28T15:45:00Z,2026-07-28T17:45:00+0200,13644.03,MW,FR,FR,actual_solar_generation,Solar,2026-07-30T03:20:47Z
2026-07-30T03:19:56Z,2026-07-30T05:19:56+0200,892469bd-1f88-49dd-9e5e-40938c7b963c,2026-07-28T16:00:00Z,2026-07-28T18:00:00+0200,12477.84,MW,FR,FR,actual_solar_generation,Solar,2026-07-30T03:20:47Z
2026-07-30T03:19:56Z,2026-07-30T05:19:56+0200,892469bd-1f88-49dd-9e5e-40938c7b963c,2026-07-28T16:15:00Z,2026-07-28T18:15:00+0200,11290.47,MW,FR,FR,actual_solar_generation,Solar,2026-07-30T03:20:47Z
2026-07-30T03:19:56Z,2026-07-30T05:19:56+0200,892469bd-1f88-49dd-9e5e-40938c7b963c,2026-07-28T16:30:00Z,2026-07-28T18:30:00+0200,10025.54,MW,FR,FR,actual_solar_generation,Solar,2026-07-30T03:20:47Z
2026-07-30T03:19:56Z,2026-07-30T05:19:56+0200,892469bd-1f88-49dd-9e5e-40938c7b963c,2026-07-28T16:45:00Z,2026-07-28T18:45:00+0200,8725.42,MW,FR,FR,actual_solar_generation,Solar,2026-07-30T03:20:47Z
2026-07-30T03:19:56Z,2026-07-30T05:19:56+0200,892469bd-1f88-49dd-9e5e-40938c7b963c,2026-07-28T17:00:00Z,2026-07-28T19:00:00+0200,7356.9,MW,FR,FR,actual_solar_generation,Solar,2026-07-30T03:20:47Z
2026-07-30T03:19:56Z,2026-07-30T05:19:56+0200,892469bd-1f88-49dd-9e5e-40938c7b963c,2026-07-28T17:15:00Z,2026-07-28T19:15:00+0200,6053.75,MW,FR,FR,actual_solar_generation,Solar,2026-07-30T03:20:47Z
2026-07-30T03:19:56Z,2026-07-30T05:19:56+0200,892469bd-1f88-49dd-9e5e-40938c7b963c,2026-07-28T17:30:00Z,2026-07-28T19:30:00+0200,4791.98,MW,FR,FR,actual_solar_generation,Solar,2026-07-30T03:20:47Z
2026-07-30T03:19:56Z,2026-07-30T05:19:56+0200,892469bd-1f88-49dd-9e5e-40938c7b963c,2026-07-28T17:45:00Z,2026-07-28T19:45:00+0200,3666.4,MW,FR,FR,actual_solar_generation,Solar,2026-07-30T03:20:47Z
2026-07-30T03:19:56Z,2026-07-30T05:19:56+0200,892469bd-1f88-49dd-9e5e-40938c7b963c,2026-07-28T18:00:00Z,2026-07-28T20:00:00+0200,2683.31,MW,FR,FR,actual_solar_generation,Solar,2026-07-30T03:20:47Z
2026-07-30T03:19:56Z,2026-07-30T05:19:56+0200,892469bd-1f88-49dd-9e5e-40938c7b963c,2026-07-28T18:15:00Z,2026-07-28T20:15:00+0200,1910.1,MW,FR,FR,actual_solar_generation,Solar,2026-07-30T03:20:47Z
2026-07-30T03:19:56Z,2026-07-30T05:19:56+0200,892469bd-1f88-49dd-9e5e-40938c7b963c,2026-07-28T18:30:00Z,2026-07-28T20:30:00+0200,1338.0,MW,FR,FR,actual_solar_generation,Solar,2026-07-30T03:20:47Z
2026-07-30T03:19:56Z,2026-07-30T05:19:56+0200,892469bd-1f88-49dd-9e5e-40938c7b963c,2026-07-28T18:45:00Z,2026-07-28T20:45:00+0200,927.25,MW,FR,FR,actual_solar_generation,Solar,2026-07-30T03:20:47Z
2026-07-30T03:19:56Z,2026-07-30T05:19:56+0200,892469bd-1f88-49dd-9e5e-40938c7b963c,2026-07-28T19:00:00Z,2026-07-28T21:00:00+0200,597.83,MW,FR,FR,actual_solar_generation,Solar,2026-07-30T03:20:47Z
2026-07-30T03:19:56Z,2026-07-30T05:19:56+0200,892469bd-1f88-49dd-9e5e-40938c7b963c,2026-07-28T19:15:00Z,2026-07-28T21:15:00+0200,358.76,MW,FR,FR,actual_solar_generation,Solar,2026-07-30T03:20:47Z
2026-07-30T03:19:56Z,2026-07-30T05:19:56+0200,892469bd-1f88-49dd-9e5e-40938c7b963c,2026-07-28T19:30:00Z,2026-07-28T21:30:00+0200,241.78,MW,FR,FR,actual_solar_generation,Solar,2026-07-30T03:20:47Z
2026-07-30T03:19:56Z,2026-07-30T05:19:56+0200,892469bd-1f88-49dd-9e5e-40938c7b963c,2026-07-28T19:45:00Z,2026-07-28T21:45:00+0200,216.19,MW,FR,FR,actual_solar_generation,Solar,2026-07-30T03:20:47Z
2026-07-30T03:19:56Z,2026-07-30T05:19:56+0200,892469bd-1f88-49dd-9e5e-40938c7b963c,2026-07-28T20:00:00Z,2026-07-28T22:00:00+0200,205.21,MW,FR,FR,actual_solar_generation,Solar,2026-07-30T03:20:47Z
2026-07-30T03:19:56Z,2026-07-30T05:19:56+0200,892469bd-1f88-49dd-9e5e-40938c7b963c,2026-07-28T20:15:00Z,2026-07-28T22:15:00+0200,208.06,MW,FR,FR,actual_solar_generation,Solar,2026-07-30T03:20:47Z
2026-07-30T03:19:56Z,2026-07-30T05:19:56+0200,892469bd-1f88-49dd-9e5e-40938c7b963c,2026-07-28T20:30:00Z,2026-07-28T22:30:00+0200,206.85,MW,FR,FR,actual_solar_generation,Solar,2026-07-30T03:20:47Z
2026-07-30T03:19:56Z,2026-07-30T05:19:56+0200,892469bd-1f88-49dd-9e5e-40938c7b963c,2026-07-28T20:45:00Z,2026-07-28T22:45:00+0200,209.51,MW,FR,FR,actual_solar_generation,Solar,2026-07-30T03:20:47Z
2026-07-30T03:19:56Z,2026-07-30T05:19:56+0200,892469bd-1f88-49dd-9e5e-40938c7b963c,2026-07-28T21:00:00Z,2026-07-28T23:00:00+0200,204.63,MW,FR,FR,actual_solar_generation,Solar,2026-07-30T03:20:47Z
2026-07-30T03:19:56Z,2026-07-30T05:19:56+0200,892469bd-1f88-49dd-9e5e-40938c7b963c,2026-07-28T21:15:00Z,2026-07-28T23:15:00+0200,203.47,MW,FR,FR,actual_solar_generation,Solar,2026-07-30T03:20:47Z
2026-07-30T03:19:56Z,2026-07-30T05:19:56+0200,892469bd-1f88-49dd-9e5e-40938c7b963c,2026-07-28T21:30:00Z,2026-07-28T23:30:00+0200,202.53,MW,FR,FR,actual_solar_generation,Solar,2026-07-30T03:20:47Z
2026-07-30T03:19:56Z,2026-07-30T05:19:56+0200,892469bd-1f88-49dd-9e5e-40938c7b963c,2026-07-28T21:45:00Z,2026-07-28T23:45:00+0200,200.84,MW,FR,FR,actual_solar_generation,Solar,2026-07-30T03:20:47Z
2026-07-30T03:19:56Z,2026-07-30T05:19:56+0200,892469bd-1f88-49dd-9e5e-40938c7b963c,2026-07-28T22:00:00Z,2026-07-29T00:00:00+0200,0.0,MW,FR,FR,actual_solar_generation,Solar,2026-07-30T03:20:47Z
2026-07-30T03:19:56Z,2026-07-30T05:19:56+0200,892469bd-1f88-49dd-9e5e-40938c7b963c,2026-07-28T22:15:00Z,2026-07-29T00:15:00+0200,0.0,MW,FR,FR,actual_solar_generation,Solar,2026-07-30T03:20:47Z
2026-07-30T03:19:56Z,2026-07-30T05:19:56+0200,892469bd-1f88-49dd-9e5e-40938c7b963c,2026-07-28T22:30:00Z,2026-07-29T00:30:00+0200,0.0,MW,FR,FR,actual_solar_generation,Solar,2026-07-30T03:20:47Z
2026-07-30T03:19:56Z,2026-07-30T05:19:56+0200,892469bd-1f88-49dd-9e5e-40938c7b963c,2026-07-28T22:45:00Z,2026-07-29T00:45:00+0200,0.0,MW,FR,FR,actual_solar_generation,Solar,2026-07-30T03:20:47Z
2026-07-30T03:19:56Z,2026-07-30T05:19:56+0200,892469bd-1f88-49dd-9e5e-40938c7b963c,2026-07-28T23:00:00Z,2026-07-29T01:00:00+0200,0.0,MW,FR,FR,actual_solar_generation,Solar,2026-07-30T03:20:47Z
2026-07-30T03:19:56Z,2026-07-30T05:19:56+0200,892469bd-1f88-49dd-9e5e-40938c7b963c,2026-07-28T23:15:00Z,2026-07-29T01:15:00+0200,0.0,MW,FR,FR,actual_solar_generation,Solar,2026-07-30T03:20:47Z
2026-07-30T03:19:56Z,2026-07-30T05:19:56+0200,892469bd-1f88-49dd-9e5e-40938c7b963c,2026-07-28T23:30:00Z,2026-07-29T01:30:00+0200,0.0,MW,FR,FR,actual_solar_generation,Solar,2026-07-30T03:20:47Z
2026-07-30T03:19:56Z,2026-07-30T05:19:56+0200,892469bd-1f88-49dd-9e5e-40938c7b963c,2026-07-28T23:45:00Z,2026-07-29T01:45:00+0200,0.0,MW,FR,FR,actual_solar_generation,Solar,2026-07-30T03:20:47Z
2026-07-30T03:19:56Z,2026-07-30T05:19:56+0200,892469bd-1f88-49dd-9e5e-40938c7b963c,2026-07-29T00:00:00Z,2026-07-29T02:00:00+0200,0.0,MW,FR,FR,actual_solar_generation,Solar,2026-07-30T03:20:47Z
2026-07-30T03:19:56Z,2026-07-30T05:19:56+0200,892469bd-1f88-49dd-9e5e-40938c7b963c,2026-07-29T00:15:00Z,2026-07-29T02:15:00+0200,0.0,MW,FR,FR,actual_solar_generation,Solar,2026-07-30T03:20:47Z
2026-07-30T03:19:56Z,2026-07-30T05:19:56+0200,892469bd-1f88-49dd-9e5e-40938c7b963c,2026-07-29T00:30:00Z,2026-07-29T02:30:00+0200,0.0,MW,FR,FR,actual_solar_generation,Solar,2026-07-30T03:20:47Z
2026-07-30T03:19:56Z,2026-07-30T05:19:56+0200,892469bd-1f88-49dd-9e5e-40938c7b963c,2026-07-29T00:45:00Z,2026-07-29T02:45:00+0200,0.0,MW,FR,FR,actual_solar_generation,Solar,2026-07-30T03:20:47Z
2026-07-30T03:19:56Z,2026-07-30T05:19:56+0200,892469bd-1f88-49dd-9e5e-40938c7b963c,2026-07-29T01:00:00Z,2026-07-29T03:00:00+0200,0.0,MW,FR,FR,actual_solar_generation,Solar,2026-07-30T03:20:47Z
2026-07-30T03:19:56Z,2026-07-30T05:19:56+0200,892469bd-1f88-49dd-9e5e-40938c7b963c,2026-07-29T01:15:00Z,2026-07-29T03:15:00+0200,0.0,MW,FR,FR,actual_solar_generation,Solar,2026-07-30T03:20:47Z
2026-07-30T03:19:56Z,2026-07-30T05:19:56+0200,892469bd-1f88-49dd-9e5e-40938c7b963c,2026-07-29T01:30:00Z,2026-07-29T03:30:00+0200,0.0,MW,FR,FR,actual_solar_generation,Solar,2026-07-30T03:20:47Z
2026-07-30T03:19:56Z,2026-07-30T05:19:56+0200,892469bd-1f88-49dd-9e5e-40938c7b963c,2026-07-29T01:45:00Z,2026-07-29T03:45:00+0200,0.0,MW,FR,FR,actual_solar_generation,Solar,2026-07-30T03:20:47Z
2026-07-30T03:19:56Z,2026-07-30T05:19:56+0200,892469bd-1f88-49dd-9e5e-40938c7b963c,2026-07-29T02:00:00Z,2026-07-29T04:00:00+0200,0.0,MW,FR,FR,actual_solar_generation,Solar,2026-07-30T03:20:47Z
2026-07-30T03:19:56Z,2026-07-30T05:19:56+0200,892469bd-1f88-49dd-9e5e-40938c7b963c,2026-07-29T02:15:00Z,2026-07-29T04:15:00+0200,0.0,MW,FR,FR,actual_solar_generation,Solar,2026-07-30T03:20:47Z
2026-07-30T03:19:56Z,2026-07-30T05:19:56+0200,892469bd-1f88-49dd-9e5e-40938c7b963c,2026-07-29T02:30:00Z,2026-07-29T04:30:00+0200,0.0,MW,FR,FR,actual_solar_generation,Solar,2026-07-30T03:20:47Z
2026-07-30T03:19:56Z,2026-07-30T05:19:56+0200,892469bd-1f88-49dd-9e5e-40938c7b963c,2026-07-29T02:45:00Z,2026-07-29T04:45:00+0200,0.0,MW,FR,FR,actual_solar_generation,Solar,2026-07-30T03:20:47Z
2026-07-30T03:19:56Z,2026-07-30T05:19:56+0200,892469bd-1f88-49dd-9e5e-40938c7b963c,2026-07-29T03:00:00Z,2026-07-29T05:00:00+0200,194.8,MW,FR,FR,actual_solar_generation,Solar,2026-07-30T03:20:47Z
2026-07-30T03:19:56Z,2026-07-30T05:19:56+0200,892469bd-1f88-49dd-9e5e-40938c7b963c,2026-07-29T03:15:00Z,2026-07-29T05:15:00+0200,195.14,MW,FR,FR,actual_solar_generation,Solar,2026-07-30T03:20:47Z
2026-07-30T03:19:56Z,2026-07-30T05:19:56+0200,892469bd-1f88-49dd-9e5e-40938c7b963c,2026-07-29T03:30:00Z,2026-07-29T05:30:00+0200,194.52,MW,FR,FR,actual_solar_generation,Solar,2026-07-30T03:20:47Z
2026-07-30T03:19:56Z,2026-07-30T05:19:56+0200,892469bd-1f88-49dd-9e5e-40938c7b963c,2026-07-29T03:45:00Z,2026-07-29T05:45:00+0200,196.08,MW,FR,FR,actual_solar_generation,Solar,2026-07-30T03:20:47Z
2026-07-30T03:19:56Z,2026-07-30T05:19:56+0200,892469bd-1f88-49dd-9e5e-40938c7b963c,2026-07-29T04:00:00Z,2026-07-29T06:00:00+0200,204.92,MW,FR,FR,actual_solar_generation,Solar,2026-07-30T03:20:47Z
2026-07-30T03:19:56Z,2026-07-30T05:19:56+0200,892469bd-1f88-49dd-9e5e-40938c7b963c,2026-07-29T04:15:00Z,2026-07-29T06:15:00+0200,238.61,MW,FR,FR,actual_solar_generation,Solar,2026-07-30T03:20:47Z
2026-07-30T03:19:56Z,2026-07-30T05:19:56+0200,892469bd-1f88-49dd-9e5e-40938c7b963c,2026-07-29T04:30:00Z,2026-07-29T06:30:00+0200,323.52,MW,FR,FR,actual_solar_generation,Solar,2026-07-30T03:20:47Z
2026-07-30T03:19:56Z,2026-07-30T05:19:56+0200,892469bd-1f88-49dd-9e5e-40938c7b963c,2026-07-29T04:45:00Z,2026-07-29T06:45:00+0200,480.45,MW,FR,FR,actual_solar_generation,Solar,2026-07-30T03:20:47Z
2026-07-30T03:19:56Z,2026-07-30T05:19:56+0200,892469bd-1f88-49dd-9e5e-40938c7b963c,2026-07-29T05:00:00Z,2026-07-29T07:00:00+0200,718.82,MW,FR,FR,actual_solar_generation,Solar,2026-07-30T03:20:47Z
2026-07-30T03:19:56Z,2026-07-30T05:19:56+0200,892469bd-1f88-49dd-9e5e-40938c7b963c,2026-07-29T05:15:00Z,2026-07-29T07:15:00+0200,1064.39,MW,FR,FR,actual_solar_generation,Solar,2026-07-30T03:20:47Z
2026-07-30T03:19:56Z,2026-07-30T05:19:56+0200,892469bd-1f88-49dd-9e5e-40938c7b963c,2026-07-29T05:30:00Z,2026-07-29T07:30:00+0200,1571.96,MW,FR,FR,actual_solar_generation,Solar,2026-07-30T03:20:47Z
2026-07-30T03:19:56Z,2026-07-30T05:19:56+0200,892469bd-1f88-49dd-9e5e-40938c7b963c,2026-07-29T05:45:00Z,2026-07-29T07:45:00+0200,2290.33,MW,FR,FR,actual_solar_generation,Solar,2026-07-30T03:20:47Z
2026-07-30T03:19:56Z,2026-07-30T05:19:56+0200,892469bd-1f88-49dd-9e5e-40938c7b963c,2026-07-29T06:00:00Z,2026-07-29T08:00:00+0200,3139.65,MW,FR,FR,actual_solar_generation,Solar,2026-07-30T03:20:47Z
2026-07-30T03:19:56Z,2026-07-30T05:19:56+0200,892469bd-1f88-49dd-9e5e-40938c7b963c,2026-07-29T06:15:00Z,2026-07-29T08:15:00+0200,4149.23,MW,FR,FR,actual_solar_generation,Solar,2026-07-30T03:20:47Z
2026-07-30T03:19:56Z,2026-07-30T05:19:56+0200,892469bd-1f88-49dd-9e5e-40938c7b963c,2026-07-29T06:30:00Z,2026-07-29T08:30:00+0200,5265.91,MW,FR,FR,actual_solar_generation,Solar,2026-07-30T03:20:47Z
2026-07-30T03:19:56Z,2026-07-30T05:19:56+0200,892469bd-1f88-49dd-9e5e-40938c7b963c,2026-07-29T06:45:00Z,2026-07-29T08:45:00+0200,6477.15,MW,FR,FR,actual_solar_generation,Solar,2026-07-30T03:20:47Z
2026-07-30T03:19:56Z,2026-07-30T05:19:56+0200,892469bd-1f88-49dd-9e5e-40938c7b963c,2026-07-29T07:00:00Z,2026-07-29T09:00:00+0200,7714.76,MW,FR,FR,actual_solar_generation,Solar,2026-07-30T03:20:47Z
2026-07-30T03:19:56Z,2026-07-30T05:19:56+0200,892469bd-1f88-49dd-9e5e-40938c7b963c,2026-07-29T07:15:00Z,2026-07-29T09:15:00+0200,9095.85,MW,FR,FR,actual_solar_generation,Solar,2026-07-30T03:20:47Z
2026-07-30T03:19:56Z,2026-07-30T05:19:56+0200,892469bd-1f88-49dd-9e5e-40938c7b963c,2026-07-29T07:30:00Z,2026-07-29T09:30:00+0200,10419.66,MW,FR,FR,actual_solar_generation,Solar,2026-07-30T03:20:47Z
2026-07-30T03:19:56Z,2026-07-30T05:19:56+0200,892469bd-1f88-49dd-9e5e-40938c7b963c,2026-07-29T07:45:00Z,2026-07-29T09:45:00+0200,11721.58,MW,FR,FR,actual_solar_generation,Solar,2026-07-30T03:20:47Z
2026-07-30T03:19:56Z,2026-07-30T05:19:56+0200,892469bd-1f88-49dd-9e5e-40938c7b963c,2026-07-29T08:00:00Z,2026-07-29T10:00:00+0200,12901.66,MW,FR,FR,actual_solar_generation,Solar,2026-07-30T03:20:47Z
2026-07-30T03:19:56Z,2026-07-30T05:19:56+0200,892469bd-1f88-49dd-9e5e-40938c7b963c,2026-07-29T08:15:00Z,2026-07-29T10:15:00+0200,13943.93,MW,FR,FR,actual_solar_generation,Solar,2026-07-30T03:20:47Z
2026-07-30T03:19:56Z,2026-07-30T05:19:56+0200,892469bd-1f88-49dd-9e5e-40938c7b963c,2026-07-29T08:30:00Z,2026-07-29T10:30:00+0200,14948.23,MW,FR,FR,actual_solar_generation,Solar,2026-07-30T03:20:47Z
2026-07-30T03:19:56Z,2026-07-30T05:19:56+0200,892469bd-1f88-49dd-9e5e-40938c7b963c,2026-07-29T08:45:00Z,2026-07-29T10:45:00+0200,15939.85,MW,FR,FR,actual_solar_generation,Solar,2026-07-30T03:20:47Z
2026-07-30T03:19:56Z,2026-07-30T05:19:56+0200,892469bd-1f88-49dd-9e5e-40938c7b963c,2026-07-29T09:00:00Z,2026-07-29T11:00:00+0200,16767.64,MW,FR,FR,actual_solar_generation,Solar,2026-07-30T03:20:47Z
2026-07-30T03:19:56Z,2026-07-30T05:19:56+0200,892469bd-1f88-49dd-9e5e-40938c7b963c,2026-07-29T09:15:00Z,2026-07-29T11:15:00+0200,17541.91,MW,FR,FR,actual_solar_generation,Solar,2026-07-30T03:20:47Z
2026-07-30T03:19:56Z,2026-07-30T05:19:56+0200,892469bd-1f88-49dd-9e5e-40938c7b963c,2026-07-29T09:30:00Z,2026-07-29T11:30:00+0200,18227.07,MW,FR,FR,actual_solar_generation,Solar,2026-07-30T03:20:47Z
2026-07-30T03:19:56Z,2026-07-30T05:19:56+0200,892469bd-1f88-49dd-9e5e-40938c7b963c,2026-07-29T09:45:00Z,2026-07-29T11:45:00+0200,18815.76,MW,FR,FR,actual_solar_generation,Solar,2026-07-30T03:20:47Z
2026-07-30T03:19:56Z,2026-07-30T05:19:56+0200,892469bd-1f88-49dd-9e5e-40938c7b963c,2026-07-29T10:00:00Z,2026-07-29T12:00:00+0200,19332.2,MW,FR,FR,actual_solar_generation,Solar,2026-07-30T03:20:47Z
2026-07-30T03:19:56Z,2026-07-30T05:19:56+0200,892469bd-1f88-49dd-9e5e-40938c7b963c,2026-07-29T10:15:00Z,2026-07-29T12:15:00+0200,19746.21,MW,FR,FR,actual_solar_generation,Solar,2026-07-30T03:20:47Z
2026-07-30T03:19:56Z,2026-07-30T05:19:56+0200,892469bd-1f88-49dd-9e5e-40938c7b963c,2026-07-29T10:30:00Z,2026-07-29T12:30:00+0200,20126.12,MW,FR,FR,actual_solar_generation,Solar,2026-07-30T03:20:47Z
2026-07-30T03:19:56Z,2026-07-30T05:19:56+0200,892469bd-1f88-49dd-9e5e-40938c7b963c,2026-07-29T10:45:00Z,2026-07-29T12:45:00+0200,20370.29,MW,FR,FR,actual_solar_generation,Solar,2026-07-30T03:20:47Z
2026-07-30T03:19:56Z,2026-07-30T05:19:56+0200,892469bd-1f88-49dd-9e5e-40938c7b963c,2026-07-29T11:00:00Z,2026-07-29T13:00:00+0200,20592.24,MW,FR,FR,actual_solar_generation,Solar,2026-07-30T03:20:47Z
2026-07-30T03:19:56Z,2026-07-30T05:19:56+0200,892469bd-1f88-49dd-9e5e-40938c7b963c,2026-07-29T11:15:00Z,2026-07-29T13:15:00+0200,20752.84,MW,FR,FR,actual_solar_generation,Solar,2026-07-30T03:20:47Z
2026-07-30T03:19:56Z,2026-07-30T05:19:56+0200,892469bd-1f88-49dd-9e5e-40938c7b963c,2026-07-29T11:30:00Z,2026-07-29T13:30:00+0200,20820.43,MW,FR,FR,actual_solar_generation,Solar,2026-07-30T03:20:47Z
2026-07-30T03:19:56Z,2026-07-30T05:19:56+0200,892469bd-1f88-49dd-9e5e-40938c7b963c,2026-07-29T11:45:00Z,2026-07-29T13:45:00+0200,20884.96,MW,FR,FR,actual_solar_generation,Solar,2026-07-30T03:20:47Z
2026-07-30T03:19:56Z,2026-07-30T05:19:56+0200,892469bd-1f88-49dd-9e5e-40938c7b963c,2026-07-29T12:00:00Z,2026-07-29T14:00:00+0200,20866.0,MW,FR,FR,actual_solar_generation,Solar,2026-07-30T03:20:47Z
2026-07-30T03:19:56Z,2026-07-30T05:19:56+0200,892469bd-1f88-49dd-9e5e-40938c7b963c,2026-07-29T12:15:00Z,2026-07-29T14:15:00+0200,20813.95,MW,FR,FR,actual_solar_generation,Solar,2026-07-30T03:20:47Z
2026-07-30T03:19:56Z,2026-07-30T05:19:56+0200,892469bd-1f88-49dd-9e5e-40938c7b963c,2026-07-29T12:30:00Z,2026-07-29T14:30:00+0200,20666.53,MW,FR,FR,actual_solar_generation,Solar,2026-07-30T03:20:47Z
2026-07-30T03:19:56Z,2026-07-30T05:19:56+0200,892469bd-1f88-49dd-9e5e-40938c7b963c,2026-07-29T12:45:00Z,2026-07-29T14:45:00+0200,20344.98,MW,FR,FR,actual_solar_generation,Solar,2026-07-30T03:20:47Z
2026-07-30T03:19:56Z,2026-07-30T05:19:56+0200,892469bd-1f88-49dd-9e5e-40938c7b963c,2026-07-29T13:00:00Z,2026-07-29T15:00:00+0200,20034.82,MW,FR,FR,actual_solar_generation,Solar,2026-07-30T03:20:47Z
2026-07-30T03:19:56Z,2026-07-30T05:19:56+0200,892469bd-1f88-49dd-9e5e-40938c7b963c,2026-07-29T13:15:00Z,2026-07-29T15:15:00+0200,19639.68,MW,FR,FR,actual_solar_generation,Solar,2026-07-30T03:20:47Z
2026-07-30T03:19:56Z,2026-07-30T05:19:56+0200,892469bd-1f88-49dd-9e5e-40938c7b963c,2026-07-29T13:30:00Z,2026-07-29T15:30:00+0200,19318.18,MW,FR,FR,actual_solar_generation,Solar,2026-07-30T03:20:47Z
2026-07-30T03:19:56Z,2026-07-30T05:19:56+0200,892469bd-1f88-49dd-9e5e-40938c7b963c,2026-07-29T13:45:00Z,2026-07-29T15:45:00+0200,18866.4,MW,FR,FR,actual_solar_generation,Solar,2026-07-30T03:20:47Z
2026-07-30T03:19:56Z,2026-07-30T05:19:56+0200,892469bd-1f88-49dd-9e5e-40938c7b963c,2026-07-29T14:00:00Z,2026-07-29T16:00:00+0200,18329.66,MW,FR,FR,actual_solar_generation,Solar,2026-07-30T03:20:47Z
2026-07-30T03:19:56Z,2026-07-30T05:19:56+0200,892469bd-1f88-49dd-9e5e-40938c7b963c,2026-07-29T14:15:00Z,2026-07-29T16:15:00+0200,17752.03,MW,FR,FR,actual_solar_generation,Solar,2026-07-30T03:20:47Z
2026-07-30T03:19:56Z,2026-07-30T05:19:56+0200,892469bd-1f88-49dd-9e5e-40938c7b963c,2026-07-29T14:30:00Z,2026-07-29T16:30:00+0200,17086.99,MW,FR,FR,actual_solar_generation,Solar,2026-07-30T03:20:47Z
2026-07-30T03:19:56Z,2026-07-30T05:19:56+0200,892469bd-1f88-49dd-9e5e-40938c7b963c,2026-07-29T14:45:00Z,2026-07-29T16:45:00+0200,16343.48,MW,FR,FR,actual_solar_generation,Solar,2026-07-30T03:20:47Z
2026-07-30T03:19:56Z,2026-07-30T05:19:56+0200,892469bd-1f88-49dd-9e5e-40938c7b963c,2026-07-29T15:00:00Z,2026-07-29T17:00:00+0200,15736.4,MW,FR,FR,actual_solar_generation,Solar,2026-07-30T03:20:47Z
2026-07-30T03:19:56Z,2026-07-30T05:19:56+0200,892469bd-1f88-49dd-9e5e-40938c7b963c,2026-07-29T15:15:00Z,2026-07-29T17:15:00+0200,14842.43,MW,FR,FR,actual_solar_generation,Solar,2026-07-30T03:20:47Z
2026-07-30T03:19:56Z,2026-07-30T05:19:56+0200,892469bd-1f88-49dd-9e5e-40938c7b963c,2026-07-29T15:30:00Z,2026-07-29T17:30:00+0200,13877.33,MW,FR,FR,actual_solar_generation,Solar,2026-07-30T03:20:47Z
2026-07-30T03:19:56Z,2026-07-30T05:19:56+0200,892469bd-1f88-49dd-9e5e-40938c7b963c,2026-07-29T15:45:00Z,2026-07-29T17:45:00+0200,12823.92,MW,FR,FR,actual_solar_generation,Solar,2026-07-30T03:20:47Z
2026-07-30T03:19:56Z,2026-07-30T05:19:56+0200,892469bd-1f88-49dd-9e5e-40938c7b963c,2026-07-29T16:00:00Z,2026-07-29T18:00:00+0200,11740.8,MW,FR,FR,actual_solar_generation,Solar,2026-07-30T03:20:47Z
2026-07-30T03:19:56Z,2026-07-30T05:19:56+0200,892469bd-1f88-49dd-9e5e-40938c7b963c,2026-07-29T16:15:00Z,2026-07-29T18:15:00+0200,10537.89,MW,FR,FR,actual_solar_generation,Solar,2026-07-30T03:20:47Z
2026-07-30T03:19:56Z,2026-07-30T05:19:56+0200,892469bd-1f88-49dd-9e5e-40938c7b963c,2026-07-29T16:30:00Z,2026-07-29T18:30:00+0200,9290.27,MW,FR,FR,actual_solar_generation,Solar,2026-07-30T03:20:47Z
2026-07-30T03:19:56Z,2026-07-30T05:19:56+0200,892469bd-1f88-49dd-9e5e-40938c7b963c,2026-07-29T16:45:00Z,2026-07-29T18:45:00+0200,8029.41,MW,FR,FR,actual_solar_generation,Solar,2026-07-30T03:20:47Z
2026-07-30T03:19:56Z,2026-07-30T05:19:56+0200,892469bd-1f88-49dd-9e5e-40938c7b963c,2026-07-29T17:00:00Z,2026-07-29T19:00:00+0200,6769.16,MW,FR,FR,actual_solar_generation,Solar,2026-07-30T03:20:47Z
2026-07-30T03:19:56Z,2026-07-30T05:19:56+0200,892469bd-1f88-49dd-9e5e-40938c7b963c,2026-07-29T17:15:00Z,2026-07-29T19:15:00+0200,5526.25,MW,FR,FR,actual_solar_generation,Solar,2026-07-30T03:20:47Z
2026-07-30T03:19:56Z,2026-07-30T05:19:56+0200,892469bd-1f88-49dd-9e5e-40938c7b963c,2026-07-29T17:30:00Z,2026-07-29T19:30:00+0200,4373.98,MW,FR,FR,actual_solar_generation,Solar,2026-07-30T03:20:47Z
2026-07-30T03:19:56Z,2026-07-30T05:19:56+0200,892469bd-1f88-49dd-9e5e-40938c7b963c,2026-07-29T17:45:00Z,2026-07-29T19:45:00+0200,3359.69,MW,FR,FR,actual_solar_generation,Solar,2026-07-30T03:20:47Z
2026-07-30T03:19:56Z,2026-07-30T05:19:56+0200,892469bd-1f88-49dd-9e5e-40938c7b963c,2026-07-29T18:00:00Z,2026-07-29T20:00:00+0200,2466.81,MW,FR,FR,actual_solar_generation,Solar,2026-07-30T03:20:47Z
2026-07-30T03:19:56Z,2026-07-30T05:19:56+0200,892469bd-1f88-49dd-9e5e-40938c7b963c,2026-07-29T18:15:00Z,2026-07-29T20:15:00+0200,1751.01,MW,FR,FR,actual_solar_generation,Solar,2026-07-30T03:20:47Z
2026-07-30T03:19:56Z,2026-07-30T05:19:56+0200,892469bd-1f88-49dd-9e5e-40938c7b963c,2026-07-29T18:30:00Z,2026-07-29T20:30:00+0200,1221.11,MW,FR,FR,actual_solar_generation,Solar,2026-07-30T03:20:47Z
2026-07-30T03:19:56Z,2026-07-30T05:19:56+0200,892469bd-1f88-49dd-9e5e-40938c7b963c,2026-07-29T18:45:00Z,2026-07-29T20:45:00+0200,832.07,MW,FR,FR,actual_solar_generation,Solar,2026-07-30T03:20:47Z
2026-07-30T03:19:56Z,2026-07-30T05:19:56+0200,892469bd-1f88-49dd-9e5e-40938c7b963c,2026-07-29T19:00:00Z,2026-07-29T21:00:00+0200,530.86,MW,FR,FR,actual_solar_generation,Solar,2026-07-30T03:20:47Z
2026-07-30T03:19:56Z,2026-07-30T05:19:56+0200,892469bd-1f88-49dd-9e5e-40938c7b963c,2026-07-29T19:15:00Z,2026-07-29T21:15:00+0200,314.92,MW,FR,FR,actual_solar_generation,Solar,2026-07-30T03:20:47Z
2026-07-30T03:19:56Z,2026-07-30T05:19:56+0200,892469bd-1f88-49dd-9e5e-40938c7b963c,2026-07-29T19:30:00Z,2026-07-29T21:30:00+0200,220.05,MW,FR,FR,actual_solar_generation,Solar,2026-07-30T03:20:47Z
2026-07-30T03:19:56Z,2026-07-30T05:19:56+0200,892469bd-1f88-49dd-9e5e-40938c7b963c,2026-07-29T19:45:00Z,2026-07-29T21:45:00+0200,195.64,MW,FR,FR,actual_solar_generation,Solar,2026-07-30T03:20:47Z
2026-07-30T03:19:56Z,2026-07-30T05:19:56+0200,892469bd-1f88-49dd-9e5e-40938c7b963c,2026-07-29T20:00:00Z,2026-07-29T22:00:00+0200,192.02,MW,FR,FR,actual_solar_generation,Solar,2026-07-30T03:20:47Z
2026-07-30T03:19:56Z,2026-07-30T05:19:56+0200,892469bd-1f88-49dd-9e5e-40938c7b963c,2026-07-29T20:15:00Z,2026-07-29T22:15:00+0200,192.82,MW,FR,FR,actual_solar_generation,Solar,2026-07-30T03:20:47Z
2026-07-30T03:19:56Z,2026-07-30T05:19:56+0200,892469bd-1f88-49dd-9e5e-40938c7b963c,2026-07-29T20:30:00Z,2026-07-29T22:30:00+0200,194.9,MW,FR,FR,actual_solar_generation,Solar,2026-07-30T03:20:47Z
2026-07-30T03:19:56Z,2026-07-30T05:19:56+0200,892469bd-1f88-49dd-9e5e-40938c7b963c,2026-07-29T20:45:00Z,2026-07-29T22:45:00+0200,195.43,MW,FR,FR,actual_solar_generation,Solar,2026-07-30T03:20:47Z
2026-07-30T03:19:56Z,2026-07-30T05:19:56+0200,892469bd-1f88-49dd-9e5e-40938c7b963c,2026-07-29T21:00:00Z,2026-07-29T23:00:00+0200,194.24,MW,FR,FR,actual_solar_generation,Solar,2026-07-30T03:20:47Z
2026-07-30T03:19:56Z,2026-07-30T05:19:56+0200,892469bd-1f88-49dd-9e5e-40938c7b963c,2026-07-29T21:15:00Z,2026-07-29T23:15:00+0200,194.85,MW,FR,FR,actual_solar_generation,Solar,2026-07-30T03:20:47Z
2026-07-30T03:19:56Z,2026-07-30T05:19:56+0200,892469bd-1f88-49dd-9e5e-40938c7b963c,2026-07-29T21:30:00Z,2026-07-29T23:30:00+0200,195.72,MW,FR,FR,actual_solar_generation,Solar,2026-07-30T03:20:47Z
2026-07-30T03:19:56Z,2026-07-30T05:19:56+0200,892469bd-1f88-49dd-9e5e-40938c7b963c,2026-07-29T21:45:00Z,2026-07-29T23:45:00+0200,194.59,MW,FR,FR,actual_solar_generation,Solar,2026-07-30T03:20:47Z
2026-07-30T03:19:56Z,2026-07-30T05:19:56+0200,892469bd-1f88-49dd-9e5e-40938c7b963c,2026-07-29T22:00:00Z,2026-07-30T00:00:00+0200,0.0,MW,FR,FR,actual_solar_generation,Solar,2026-07-30T03:20:47Z
2026-07-30T03:19:56Z,2026-07-30T05:19:56+0200,892469bd-1f88-49dd-9e5e-40938c7b963c,2026-07-29T22:15:00Z,2026-07-30T00:15:00+0200,0.0,MW,FR,FR,actual_solar_generation,Solar,2026-07-30T03:20:47Z
2026-07-30T03:19:56Z,2026-07-30T05:19:56+0200,892469bd-1f88-49dd-9e5e-40938c7b963c,2026-07-29T22:30:00Z,2026-07-30T00:30:00+0200,0.0,MW,FR,FR,actual_solar_generation,Solar,2026-07-30T03:20:47Z
2026-07-30T03:19:56Z,2026-07-30T05:19:56+0200,892469bd-1f88-49dd-9e5e-40938c7b963c,2026-07-29T22:45:00Z,2026-07-30T00:45:00+0200,0.0,MW,FR,FR,actual_solar_generation,Solar,2026-07-30T03:20:47Z
2026-07-30T03:19:56Z,2026-07-30T05:19:56+0200,892469bd-1f88-49dd-9e5e-40938c7b963c,2026-07-29T23:00:00Z,2026-07-30T01:00:00+0200,0.0,MW,FR,FR,actual_solar_generation,Solar,2026-07-30T03:20:47Z
2026-07-30T03:19:56Z,2026-07-30T05:19:56+0200,892469bd-1f88-49dd-9e5e-40938c7b963c,2026-07-29T23:15:00Z,2026-07-30T01:15:00+0200,0.0,MW,FR,FR,actual_solar_generation,Solar,2026-07-30T03:20:47Z
2026-07-30T03:19:56Z,2026-07-30T05:19:56+0200,892469bd-1f88-49dd-9e5e-40938c7b963c,2026-07-29T23:30:00Z,2026-07-30T01:30:00+0200,0.0,MW,FR,FR,actual_solar_generation,Solar,2026-07-30T03:20:47Z
2026-07-30T03:19:56Z,2026-07-30T05:19:56+0200,892469bd-1f88-49dd-9e5e-40938c7b963c,2026-07-29T23:45:00Z,2026-07-30T01:45:00+0200,0.0,MW,FR,FR,actual_solar_generation,Solar,2026-07-30T03:20:47Z
2026-07-30T03:19:56Z,2026-07-30T05:19:56+0200,892469bd-1f88-49dd-9e5e-40938c7b963c,2026-07-30T00:00:00Z,2026-07-30T02:00:00+0200,0.0,MW,FR,FR,actual_solar_generation,Solar,2026-07-30T03:20:47Z
2026-07-30T03:19:56Z,2026-07-30T05:19:56+0200,892469bd-1f88-49dd-9e5e-40938c7b963c,2026-07-30T00:15:00Z,2026-07-30T02:15:00+0200,0.0,MW,FR,FR,actual_solar_generation,Solar,2026-07-30T03:20:47Z
2026-07-30T03:19:56Z,2026-07-30T05:19:56+0200,892469bd-1f88-49dd-9e5e-40938c7b963c,2026-07-30T00:30:00Z,2026-07-30T02:30:00+0200,0.0,MW,FR,FR,actual_solar_generation,Solar,2026-07-30T03:20:47Z
2026-07-30T03:19:56Z,2026-07-30T05:19:56+0200,892469bd-1f88-49dd-9e5e-40938c7b963c,2026-07-30T00:45:00Z,2026-07-30T02:45:00+0200,0.0,MW,FR,FR,actual_solar_generation,Solar,2026-07-30T03:20:47Z
2026-07-30T03:19:56Z,2026-07-30T05:19:56+0200,892469bd-1f88-49dd-9e5e-40938c7b963c,2026-07-30T01:00:00Z,2026-07-30T03:00:00+0200,0.0,MW,FR,FR,actual_solar_generation,Solar,2026-07-30T03:20:47Z
2026-07-30T03:19:56Z,2026-07-30T05:19:56+0200,892469bd-1f88-49dd-9e5e-40938c7b963c,2026-07-30T01:15:00Z,2026-07-30T03:15:00+0200,0.0,MW,FR,FR,actual_solar_generation,Solar,2026-07-30T03:20:47Z
2026-07-30T03:19:56Z,2026-07-30T05:19:56+0200,892469bd-1f88-49dd-9e5e-40938c7b963c,2026-07-30T01:30:00Z,2026-07-30T03:30:00+0200,0.0,MW,FR,FR,actual_solar_generation,Solar,2026-07-30T03:20:47Z
2026-07-30T03:19:56Z,2026-07-30T05:19:56+0200,892469bd-1f88-49dd-9e5e-40938c7b963c,2026-07-30T01:45:00Z,2026-07-30T03:45:00+0200,0.0,MW,FR,FR,actual_solar_generation,Solar,2026-07-30T03:20:47Z
2026-07-30T03:19:56Z,2026-07-30T05:19:56+0200,892469bd-1f88-49dd-9e5e-40938c7b963c,2026-07-30T02:00:00Z,2026-07-30T04:00:00+0200,0.0,MW,FR,FR,actual_solar_generation,Solar,2026-07-30T03:20:47Z
2026-07-30T03:19:56Z,2026-07-30T05:19:56+0200,892469bd-1f88-49dd-9e5e-40938c7b963c,2026-07-30T02:15:00Z,2026-07-30T04:15:00+0200,0.0,MW,FR,FR,actual_solar_generation,Solar,2026-07-30T03:20:47Z
2026-07-30T03:19:56Z,2026-07-30T05:19:56+0200,892469bd-1f88-49dd-9e5e-40938c7b963c,2026-07-30T02:30:00Z,2026-07-30T04:30:00+0200,0.0,MW,FR,FR,actual_solar_generation,Solar,2026-07-30T03:20:47Z
2026-07-30T03:19:56Z,2026-07-30T05:19:56+0200,892469bd-1f88-49dd-9e5e-40938c7b963c,2026-07-30T02:45:00Z,2026-07-30T04:45:00+0200,0.0,MW,FR,FR,actual_solar_generation,Solar,2026-07-30T03:20:47Z
