collection_time_utc,collection_time_local,run_id,timestamp_utc,timestamp_local,value,unit,country,entsoe_area,variable,source,updated_at_utc
2026-07-13T04:56:31Z,2026-07-13T06:56:31+0200,46fca521-fea0-4798-9f2d-95ad89ae35bc,2026-06-12T05:00:00Z,2026-06-12T07:00:00+0200,1159.84,MW,FR,FR,actual_solar_generation,Solar,2026-07-13T04:57:06Z
2026-07-13T04:56:31Z,2026-07-13T06:56:31+0200,46fca521-fea0-4798-9f2d-95ad89ae35bc,2026-06-12T05:15:00Z,2026-06-12T07:15:00+0200,1627.23,MW,FR,FR,actual_solar_generation,Solar,2026-07-13T04:57:06Z
2026-07-13T04:56:31Z,2026-07-13T06:56:31+0200,46fca521-fea0-4798-9f2d-95ad89ae35bc,2026-06-12T05:30:00Z,2026-06-12T07:30:00+0200,2213.52,MW,FR,FR,actual_solar_generation,Solar,2026-07-13T04:57:06Z
2026-07-13T04:56:31Z,2026-07-13T06:56:31+0200,46fca521-fea0-4798-9f2d-95ad89ae35bc,2026-06-12T05:45:00Z,2026-06-12T07:45:00+0200,2945.16,MW,FR,FR,actual_solar_generation,Solar,2026-07-13T04:57:06Z
2026-07-13T04:56:31Z,2026-07-13T06:56:31+0200,46fca521-fea0-4798-9f2d-95ad89ae35bc,2026-06-12T06:00:00Z,2026-06-12T08:00:00+0200,3693.57,MW,FR,FR,actual_solar_generation,Solar,2026-07-13T04:57:06Z
2026-07-13T04:56:31Z,2026-07-13T06:56:31+0200,46fca521-fea0-4798-9f2d-95ad89ae35bc,2026-06-12T06:15:00Z,2026-06-12T08:15:00+0200,4626.52,MW,FR,FR,actual_solar_generation,Solar,2026-07-13T04:57:06Z
2026-07-13T04:56:31Z,2026-07-13T06:56:31+0200,46fca521-fea0-4798-9f2d-95ad89ae35bc,2026-06-12T06:30:00Z,2026-06-12T08:30:00+0200,5583.26,MW,FR,FR,actual_solar_generation,Solar,2026-07-13T04:57:06Z
2026-07-13T04:56:31Z,2026-07-13T06:56:31+0200,46fca521-fea0-4798-9f2d-95ad89ae35bc,2026-06-12T06:45:00Z,2026-06-12T08:45:00+0200,6520.49,MW,FR,FR,actual_solar_generation,Solar,2026-07-13T04:57:06Z
2026-07-13T04:56:31Z,2026-07-13T06:56:31+0200,46fca521-fea0-4798-9f2d-95ad89ae35bc,2026-06-12T07:00:00Z,2026-06-12T09:00:00+0200,7497.15,MW,FR,FR,actual_solar_generation,Solar,2026-07-13T04:57:06Z
2026-07-13T04:56:31Z,2026-07-13T06:56:31+0200,46fca521-fea0-4798-9f2d-95ad89ae35bc,2026-06-12T07:15:00Z,2026-06-12T09:15:00+0200,8432.66,MW,FR,FR,actual_solar_generation,Solar,2026-07-13T04:57:06Z
2026-07-13T04:56:31Z,2026-07-13T06:56:31+0200,46fca521-fea0-4798-9f2d-95ad89ae35bc,2026-06-12T07:30:00Z,2026-06-12T09:30:00+0200,8602.29,MW,FR,FR,actual_solar_generation,Solar,2026-07-13T04:57:06Z
2026-07-13T04:56:31Z,2026-07-13T06:56:31+0200,46fca521-fea0-4798-9f2d-95ad89ae35bc,2026-06-12T07:45:00Z,2026-06-12T09:45:00+0200,7944.99,MW,FR,FR,actual_solar_generation,Solar,2026-07-13T04:57:06Z
2026-07-13T04:56:31Z,2026-07-13T06:56:31+0200,46fca521-fea0-4798-9f2d-95ad89ae35bc,2026-06-12T08:00:00Z,2026-06-12T10:00:00+0200,9870.33,MW,FR,FR,actual_solar_generation,Solar,2026-07-13T04:57:06Z
2026-07-13T04:56:31Z,2026-07-13T06:56:31+0200,46fca521-fea0-4798-9f2d-95ad89ae35bc,2026-06-12T08:15:00Z,2026-06-12T10:15:00+0200,10942.11,MW,FR,FR,actual_solar_generation,Solar,2026-07-13T04:57:06Z
2026-07-13T04:56:31Z,2026-07-13T06:56:31+0200,46fca521-fea0-4798-9f2d-95ad89ae35bc,2026-06-12T08:30:00Z,2026-06-12T10:30:00+0200,9847.36,MW,FR,FR,actual_solar_generation,Solar,2026-07-13T04:57:06Z
2026-07-13T04:56:31Z,2026-07-13T06:56:31+0200,46fca521-fea0-4798-9f2d-95ad89ae35bc,2026-06-12T08:45:00Z,2026-06-12T10:45:00+0200,10579.94,MW,FR,FR,actual_solar_generation,Solar,2026-07-13T04:57:06Z
2026-07-13T04:56:31Z,2026-07-13T06:56:31+0200,46fca521-fea0-4798-9f2d-95ad89ae35bc,2026-06-12T09:00:00Z,2026-06-12T11:00:00+0200,11062.69,MW,FR,FR,actual_solar_generation,Solar,2026-07-13T04:57:06Z
2026-07-13T04:56:31Z,2026-07-13T06:56:31+0200,46fca521-fea0-4798-9f2d-95ad89ae35bc,2026-06-12T09:15:00Z,2026-06-12T11:15:00+0200,11520.54,MW,FR,FR,actual_solar_generation,Solar,2026-07-13T04:57:06Z
2026-07-13T04:56:31Z,2026-07-13T06:56:31+0200,46fca521-fea0-4798-9f2d-95ad89ae35bc,2026-06-12T09:30:00Z,2026-06-12T11:30:00+0200,11921.03,MW,FR,FR,actual_solar_generation,Solar,2026-07-13T04:57:06Z
2026-07-13T04:56:31Z,2026-07-13T06:56:31+0200,46fca521-fea0-4798-9f2d-95ad89ae35bc,2026-06-12T09:45:00Z,2026-06-12T11:45:00+0200,12295.68,MW,FR,FR,actual_solar_generation,Solar,2026-07-13T04:57:06Z
2026-07-13T04:56:31Z,2026-07-13T06:56:31+0200,46fca521-fea0-4798-9f2d-95ad89ae35bc,2026-06-12T10:00:00Z,2026-06-12T12:00:00+0200,12545.17,MW,FR,FR,actual_solar_generation,Solar,2026-07-13T04:57:06Z
2026-07-13T04:56:31Z,2026-07-13T06:56:31+0200,46fca521-fea0-4798-9f2d-95ad89ae35bc,2026-06-12T10:15:00Z,2026-06-12T12:15:00+0200,12921.06,MW,FR,FR,actual_solar_generation,Solar,2026-07-13T04:57:06Z
2026-07-13T04:56:31Z,2026-07-13T06:56:31+0200,46fca521-fea0-4798-9f2d-95ad89ae35bc,2026-06-12T10:30:00Z,2026-06-12T12:30:00+0200,13213.62,MW,FR,FR,actual_solar_generation,Solar,2026-07-13T04:57:06Z
2026-07-13T04:56:31Z,2026-07-13T06:56:31+0200,46fca521-fea0-4798-9f2d-95ad89ae35bc,2026-06-12T10:45:00Z,2026-06-12T12:45:00+0200,13430.61,MW,FR,FR,actual_solar_generation,Solar,2026-07-13T04:57:06Z
2026-07-13T04:56:31Z,2026-07-13T06:56:31+0200,46fca521-fea0-4798-9f2d-95ad89ae35bc,2026-06-12T11:00:00Z,2026-06-12T13:00:00+0200,13569.86,MW,FR,FR,actual_solar_generation,Solar,2026-07-13T04:57:06Z
2026-07-13T04:56:31Z,2026-07-13T06:56:31+0200,46fca521-fea0-4798-9f2d-95ad89ae35bc,2026-06-12T11:15:00Z,2026-06-12T13:15:00+0200,13695.14,MW,FR,FR,actual_solar_generation,Solar,2026-07-13T04:57:06Z
2026-07-13T04:56:31Z,2026-07-13T06:56:31+0200,46fca521-fea0-4798-9f2d-95ad89ae35bc,2026-06-12T11:30:00Z,2026-06-12T13:30:00+0200,13772.96,MW,FR,FR,actual_solar_generation,Solar,2026-07-13T04:57:06Z
2026-07-13T04:56:31Z,2026-07-13T06:56:31+0200,46fca521-fea0-4798-9f2d-95ad89ae35bc,2026-06-12T11:45:00Z,2026-06-12T13:45:00+0200,13889.13,MW,FR,FR,actual_solar_generation,Solar,2026-07-13T04:57:06Z
2026-07-13T04:56:31Z,2026-07-13T06:56:31+0200,46fca521-fea0-4798-9f2d-95ad89ae35bc,2026-06-12T12:00:00Z,2026-06-12T14:00:00+0200,13966.41,MW,FR,FR,actual_solar_generation,Solar,2026-07-13T04:57:06Z
2026-07-13T04:56:31Z,2026-07-13T06:56:31+0200,46fca521-fea0-4798-9f2d-95ad89ae35bc,2026-06-12T12:15:00Z,2026-06-12T14:15:00+0200,14104.07,MW,FR,FR,actual_solar_generation,Solar,2026-07-13T04:57:06Z
2026-07-13T04:56:31Z,2026-07-13T06:56:31+0200,46fca521-fea0-4798-9f2d-95ad89ae35bc,2026-06-12T12:30:00Z,2026-06-12T14:30:00+0200,14177.55,MW,FR,FR,actual_solar_generation,Solar,2026-07-13T04:57:06Z
2026-07-13T04:56:31Z,2026-07-13T06:56:31+0200,46fca521-fea0-4798-9f2d-95ad89ae35bc,2026-06-12T12:45:00Z,2026-06-12T14:45:00+0200,14203.85,MW,FR,FR,actual_solar_generation,Solar,2026-07-13T04:57:06Z
2026-07-13T04:56:31Z,2026-07-13T06:56:31+0200,46fca521-fea0-4798-9f2d-95ad89ae35bc,2026-06-12T13:00:00Z,2026-06-12T15:00:00+0200,14126.42,MW,FR,FR,actual_solar_generation,Solar,2026-07-13T04:57:06Z
2026-07-13T04:56:31Z,2026-07-13T06:56:31+0200,46fca521-fea0-4798-9f2d-95ad89ae35bc,2026-06-12T13:15:00Z,2026-06-12T15:15:00+0200,14064.58,MW,FR,FR,actual_solar_generation,Solar,2026-07-13T04:57:06Z
2026-07-13T04:56:31Z,2026-07-13T06:56:31+0200,46fca521-fea0-4798-9f2d-95ad89ae35bc,2026-06-12T13:30:00Z,2026-06-12T15:30:00+0200,13821.68,MW,FR,FR,actual_solar_generation,Solar,2026-07-13T04:57:06Z
2026-07-13T04:56:31Z,2026-07-13T06:56:31+0200,46fca521-fea0-4798-9f2d-95ad89ae35bc,2026-06-12T13:45:00Z,2026-06-12T15:45:00+0200,13533.01,MW,FR,FR,actual_solar_generation,Solar,2026-07-13T04:57:06Z
2026-07-13T04:56:31Z,2026-07-13T06:56:31+0200,46fca521-fea0-4798-9f2d-95ad89ae35bc,2026-06-12T14:00:00Z,2026-06-12T16:00:00+0200,13215.38,MW,FR,FR,actual_solar_generation,Solar,2026-07-13T04:57:06Z
2026-07-13T04:56:31Z,2026-07-13T06:56:31+0200,46fca521-fea0-4798-9f2d-95ad89ae35bc,2026-06-12T14:15:00Z,2026-06-12T16:15:00+0200,12875.18,MW,FR,FR,actual_solar_generation,Solar,2026-07-13T04:57:06Z
2026-07-13T04:56:31Z,2026-07-13T06:56:31+0200,46fca521-fea0-4798-9f2d-95ad89ae35bc,2026-06-12T14:30:00Z,2026-06-12T16:30:00+0200,12582.29,MW,FR,FR,actual_solar_generation,Solar,2026-07-13T04:57:06Z
2026-07-13T04:56:31Z,2026-07-13T06:56:31+0200,46fca521-fea0-4798-9f2d-95ad89ae35bc,2026-06-12T14:45:00Z,2026-06-12T16:45:00+0200,12174.75,MW,FR,FR,actual_solar_generation,Solar,2026-07-13T04:57:06Z
2026-07-13T04:56:31Z,2026-07-13T06:56:31+0200,46fca521-fea0-4798-9f2d-95ad89ae35bc,2026-06-12T15:00:00Z,2026-06-12T17:00:00+0200,11663.05,MW,FR,FR,actual_solar_generation,Solar,2026-07-13T04:57:06Z
2026-07-13T04:56:31Z,2026-07-13T06:56:31+0200,46fca521-fea0-4798-9f2d-95ad89ae35bc,2026-06-12T15:15:00Z,2026-06-12T17:15:00+0200,11154.49,MW,FR,FR,actual_solar_generation,Solar,2026-07-13T04:57:06Z
2026-07-13T04:56:31Z,2026-07-13T06:56:31+0200,46fca521-fea0-4798-9f2d-95ad89ae35bc,2026-06-12T15:30:00Z,2026-06-12T17:30:00+0200,12086.44,MW,FR,FR,actual_solar_generation,Solar,2026-07-13T04:57:06Z
2026-07-13T04:56:31Z,2026-07-13T06:56:31+0200,46fca521-fea0-4798-9f2d-95ad89ae35bc,2026-06-12T15:45:00Z,2026-06-12T17:45:00+0200,12557.57,MW,FR,FR,actual_solar_generation,Solar,2026-07-13T04:57:06Z
2026-07-13T04:56:31Z,2026-07-13T06:56:31+0200,46fca521-fea0-4798-9f2d-95ad89ae35bc,2026-06-12T16:00:00Z,2026-06-12T18:00:00+0200,11554.21,MW,FR,FR,actual_solar_generation,Solar,2026-07-13T04:57:06Z
2026-07-13T04:56:31Z,2026-07-13T06:56:31+0200,46fca521-fea0-4798-9f2d-95ad89ae35bc,2026-06-12T16:15:00Z,2026-06-12T18:15:00+0200,10612.77,MW,FR,FR,actual_solar_generation,Solar,2026-07-13T04:57:06Z
2026-07-13T04:56:31Z,2026-07-13T06:56:31+0200,46fca521-fea0-4798-9f2d-95ad89ae35bc,2026-06-12T16:30:00Z,2026-06-12T18:30:00+0200,9599.61,MW,FR,FR,actual_solar_generation,Solar,2026-07-13T04:57:06Z
2026-07-13T04:56:31Z,2026-07-13T06:56:31+0200,46fca521-fea0-4798-9f2d-95ad89ae35bc,2026-06-12T16:45:00Z,2026-06-12T18:45:00+0200,8508.78,MW,FR,FR,actual_solar_generation,Solar,2026-07-13T04:57:06Z
2026-07-13T04:56:31Z,2026-07-13T06:56:31+0200,46fca521-fea0-4798-9f2d-95ad89ae35bc,2026-06-12T17:00:00Z,2026-06-12T19:00:00+0200,7355.13,MW,FR,FR,actual_solar_generation,Solar,2026-07-13T04:57:06Z
2026-07-13T04:56:31Z,2026-07-13T06:56:31+0200,46fca521-fea0-4798-9f2d-95ad89ae35bc,2026-06-12T17:15:00Z,2026-06-12T19:15:00+0200,6187.47,MW,FR,FR,actual_solar_generation,Solar,2026-07-13T04:57:06Z
2026-07-13T04:56:31Z,2026-07-13T06:56:31+0200,46fca521-fea0-4798-9f2d-95ad89ae35bc,2026-06-12T17:30:00Z,2026-06-12T19:30:00+0200,5050.26,MW,FR,FR,actual_solar_generation,Solar,2026-07-13T04:57:06Z
2026-07-13T04:56:31Z,2026-07-13T06:56:31+0200,46fca521-fea0-4798-9f2d-95ad89ae35bc,2026-06-12T17:45:00Z,2026-06-12T19:45:00+0200,3986.07,MW,FR,FR,actual_solar_generation,Solar,2026-07-13T04:57:06Z
2026-07-13T04:56:31Z,2026-07-13T06:56:31+0200,46fca521-fea0-4798-9f2d-95ad89ae35bc,2026-06-12T18:00:00Z,2026-06-12T20:00:00+0200,3042.67,MW,FR,FR,actual_solar_generation,Solar,2026-07-13T04:57:06Z
2026-07-13T04:56:31Z,2026-07-13T06:56:31+0200,46fca521-fea0-4798-9f2d-95ad89ae35bc,2026-06-12T18:15:00Z,2026-06-12T20:15:00+0200,2288.29,MW,FR,FR,actual_solar_generation,Solar,2026-07-13T04:57:06Z
2026-07-13T04:56:31Z,2026-07-13T06:56:31+0200,46fca521-fea0-4798-9f2d-95ad89ae35bc,2026-06-12T18:30:00Z,2026-06-12T20:30:00+0200,1686.17,MW,FR,FR,actual_solar_generation,Solar,2026-07-13T04:57:06Z
2026-07-13T04:56:31Z,2026-07-13T06:56:31+0200,46fca521-fea0-4798-9f2d-95ad89ae35bc,2026-06-12T18:45:00Z,2026-06-12T20:45:00+0200,1229.61,MW,FR,FR,actual_solar_generation,Solar,2026-07-13T04:57:06Z
2026-07-13T04:56:31Z,2026-07-13T06:56:31+0200,46fca521-fea0-4798-9f2d-95ad89ae35bc,2026-06-12T19:00:00Z,2026-06-12T21:00:00+0200,858.87,MW,FR,FR,actual_solar_generation,Solar,2026-07-13T04:57:06Z
2026-07-13T04:56:31Z,2026-07-13T06:56:31+0200,46fca521-fea0-4798-9f2d-95ad89ae35bc,2026-06-12T19:15:00Z,2026-06-12T21:15:00+0200,566.73,MW,FR,FR,actual_solar_generation,Solar,2026-07-13T04:57:06Z
2026-07-13T04:56:31Z,2026-07-13T06:56:31+0200,46fca521-fea0-4798-9f2d-95ad89ae35bc,2026-06-12T19:30:00Z,2026-06-12T21:30:00+0200,374.23,MW,FR,FR,actual_solar_generation,Solar,2026-07-13T04:57:06Z
2026-07-13T04:56:31Z,2026-07-13T06:56:31+0200,46fca521-fea0-4798-9f2d-95ad89ae35bc,2026-06-12T19:45:00Z,2026-06-12T21:45:00+0200,273.31,MW,FR,FR,actual_solar_generation,Solar,2026-07-13T04:57:06Z
2026-07-13T04:56:31Z,2026-07-13T06:56:31+0200,46fca521-fea0-4798-9f2d-95ad89ae35bc,2026-06-12T20:00:00Z,2026-06-12T22:00:00+0200,222.59,MW,FR,FR,actual_solar_generation,Solar,2026-07-13T04:57:06Z
2026-07-13T04:56:31Z,2026-07-13T06:56:31+0200,46fca521-fea0-4798-9f2d-95ad89ae35bc,2026-06-12T20:15:00Z,2026-06-12T22:15:00+0200,214.19,MW,FR,FR,actual_solar_generation,Solar,2026-07-13T04:57:06Z
2026-07-13T04:56:31Z,2026-07-13T06:56:31+0200,46fca521-fea0-4798-9f2d-95ad89ae35bc,2026-06-12T20:30:00Z,2026-06-12T22:30:00+0200,216.97,MW,FR,FR,actual_solar_generation,Solar,2026-07-13T04:57:06Z
2026-07-13T04:56:31Z,2026-07-13T06:56:31+0200,46fca521-fea0-4798-9f2d-95ad89ae35bc,2026-06-12T20:45:00Z,2026-06-12T22:45:00+0200,214.86,MW,FR,FR,actual_solar_generation,Solar,2026-07-13T04:57:06Z
2026-07-13T04:56:31Z,2026-07-13T06:56:31+0200,46fca521-fea0-4798-9f2d-95ad89ae35bc,2026-06-12T21:00:00Z,2026-06-12T23:00:00+0200,217.67,MW,FR,FR,actual_solar_generation,Solar,2026-07-13T04:57:06Z
2026-07-13T04:56:31Z,2026-07-13T06:56:31+0200,46fca521-fea0-4798-9f2d-95ad89ae35bc,2026-06-12T21:15:00Z,2026-06-12T23:15:00+0200,216.2,MW,FR,FR,actual_solar_generation,Solar,2026-07-13T04:57:06Z
2026-07-13T04:56:31Z,2026-07-13T06:56:31+0200,46fca521-fea0-4798-9f2d-95ad89ae35bc,2026-06-12T21:30:00Z,2026-06-12T23:30:00+0200,208.01,MW,FR,FR,actual_solar_generation,Solar,2026-07-13T04:57:06Z
2026-07-13T04:56:31Z,2026-07-13T06:56:31+0200,46fca521-fea0-4798-9f2d-95ad89ae35bc,2026-06-12T21:45:00Z,2026-06-12T23:45:00+0200,212.34,MW,FR,FR,actual_solar_generation,Solar,2026-07-13T04:57:06Z
2026-07-13T04:56:31Z,2026-07-13T06:56:31+0200,46fca521-fea0-4798-9f2d-95ad89ae35bc,2026-06-12T22:00:00Z,2026-06-13T00:00:00+0200,0.0,MW,FR,FR,actual_solar_generation,Solar,2026-07-13T04:57:06Z
2026-07-13T04:56:31Z,2026-07-13T06:56:31+0200,46fca521-fea0-4798-9f2d-95ad89ae35bc,2026-06-12T22:15:00Z,2026-06-13T00:15:00+0200,0.0,MW,FR,FR,actual_solar_generation,Solar,2026-07-13T04:57:06Z
2026-07-13T04:56:31Z,2026-07-13T06:56:31+0200,46fca521-fea0-4798-9f2d-95ad89ae35bc,2026-06-12T22:30:00Z,2026-06-13T00:30:00+0200,0.0,MW,FR,FR,actual_solar_generation,Solar,2026-07-13T04:57:06Z
2026-07-13T04:56:31Z,2026-07-13T06:56:31+0200,46fca521-fea0-4798-9f2d-95ad89ae35bc,2026-06-12T22:45:00Z,2026-06-13T00:45:00+0200,0.0,MW,FR,FR,actual_solar_generation,Solar,2026-07-13T04:57:06Z
2026-07-13T04:56:31Z,2026-07-13T06:56:31+0200,46fca521-fea0-4798-9f2d-95ad89ae35bc,2026-06-12T23:00:00Z,2026-06-13T01:00:00+0200,0.0,MW,FR,FR,actual_solar_generation,Solar,2026-07-13T04:57:06Z
2026-07-13T04:56:31Z,2026-07-13T06:56:31+0200,46fca521-fea0-4798-9f2d-95ad89ae35bc,2026-06-12T23:15:00Z,2026-06-13T01:15:00+0200,0.0,MW,FR,FR,actual_solar_generation,Solar,2026-07-13T04:57:06Z
2026-07-13T04:56:31Z,2026-07-13T06:56:31+0200,46fca521-fea0-4798-9f2d-95ad89ae35bc,2026-06-12T23:30:00Z,2026-06-13T01:30:00+0200,0.0,MW,FR,FR,actual_solar_generation,Solar,2026-07-13T04:57:06Z
2026-07-13T04:56:31Z,2026-07-13T06:56:31+0200,46fca521-fea0-4798-9f2d-95ad89ae35bc,2026-06-12T23:45:00Z,2026-06-13T01:45:00+0200,0.0,MW,FR,FR,actual_solar_generation,Solar,2026-07-13T04:57:06Z
2026-07-13T04:56:31Z,2026-07-13T06:56:31+0200,46fca521-fea0-4798-9f2d-95ad89ae35bc,2026-06-13T00:00:00Z,2026-06-13T02:00:00+0200,0.0,MW,FR,FR,actual_solar_generation,Solar,2026-07-13T04:57:06Z
2026-07-13T04:56:31Z,2026-07-13T06:56:31+0200,46fca521-fea0-4798-9f2d-95ad89ae35bc,2026-06-13T00:15:00Z,2026-06-13T02:15:00+0200,0.0,MW,FR,FR,actual_solar_generation,Solar,2026-07-13T04:57:06Z
2026-07-13T04:56:31Z,2026-07-13T06:56:31+0200,46fca521-fea0-4798-9f2d-95ad89ae35bc,2026-06-13T00:30:00Z,2026-06-13T02:30:00+0200,0.0,MW,FR,FR,actual_solar_generation,Solar,2026-07-13T04:57:06Z
2026-07-13T04:56:31Z,2026-07-13T06:56:31+0200,46fca521-fea0-4798-9f2d-95ad89ae35bc,2026-06-13T00:45:00Z,2026-06-13T02:45:00+0200,0.0,MW,FR,FR,actual_solar_generation,Solar,2026-07-13T04:57:06Z
2026-07-13T04:56:31Z,2026-07-13T06:56:31+0200,46fca521-fea0-4798-9f2d-95ad89ae35bc,2026-06-13T01:00:00Z,2026-06-13T03:00:00+0200,0.0,MW,FR,FR,actual_solar_generation,Solar,2026-07-13T04:57:06Z
2026-07-13T04:56:31Z,2026-07-13T06:56:31+0200,46fca521-fea0-4798-9f2d-95ad89ae35bc,2026-06-13T01:15:00Z,2026-06-13T03:15:00+0200,0.0,MW,FR,FR,actual_solar_generation,Solar,2026-07-13T04:57:06Z
2026-07-13T04:56:31Z,2026-07-13T06:56:31+0200,46fca521-fea0-4798-9f2d-95ad89ae35bc,2026-06-13T01:30:00Z,2026-06-13T03:30:00+0200,0.0,MW,FR,FR,actual_solar_generation,Solar,2026-07-13T04:57:06Z
2026-07-13T04:56:31Z,2026-07-13T06:56:31+0200,46fca521-fea0-4798-9f2d-95ad89ae35bc,2026-06-13T01:45:00Z,2026-06-13T03:45:00+0200,0.0,MW,FR,FR,actual_solar_generation,Solar,2026-07-13T04:57:06Z
2026-07-13T04:56:31Z,2026-07-13T06:56:31+0200,46fca521-fea0-4798-9f2d-95ad89ae35bc,2026-06-13T02:00:00Z,2026-06-13T04:00:00+0200,0.0,MW,FR,FR,actual_solar_generation,Solar,2026-07-13T04:57:06Z
2026-07-13T04:56:31Z,2026-07-13T06:56:31+0200,46fca521-fea0-4798-9f2d-95ad89ae35bc,2026-06-13T02:15:00Z,2026-06-13T04:15:00+0200,0.0,MW,FR,FR,actual_solar_generation,Solar,2026-07-13T04:57:06Z
2026-07-13T04:56:31Z,2026-07-13T06:56:31+0200,46fca521-fea0-4798-9f2d-95ad89ae35bc,2026-06-13T02:30:00Z,2026-06-13T04:30:00+0200,0.0,MW,FR,FR,actual_solar_generation,Solar,2026-07-13T04:57:06Z
2026-07-13T04:56:31Z,2026-07-13T06:56:31+0200,46fca521-fea0-4798-9f2d-95ad89ae35bc,2026-06-13T02:45:00Z,2026-06-13T04:45:00+0200,0.0,MW,FR,FR,actual_solar_generation,Solar,2026-07-13T04:57:06Z
2026-07-13T04:56:31Z,2026-07-13T06:56:31+0200,46fca521-fea0-4798-9f2d-95ad89ae35bc,2026-06-13T03:00:00Z,2026-06-13T05:00:00+0200,0.0,MW,FR,FR,actual_solar_generation,Solar,2026-07-13T04:57:06Z
2026-07-13T04:56:31Z,2026-07-13T06:56:31+0200,46fca521-fea0-4798-9f2d-95ad89ae35bc,2026-06-13T03:15:00Z,2026-06-13T05:15:00+0200,0.0,MW,FR,FR,actual_solar_generation,Solar,2026-07-13T04:57:06Z
2026-07-13T04:56:31Z,2026-07-13T06:56:31+0200,46fca521-fea0-4798-9f2d-95ad89ae35bc,2026-06-13T03:30:00Z,2026-06-13T05:30:00+0200,0.0,MW,FR,FR,actual_solar_generation,Solar,2026-07-13T04:57:06Z
2026-07-13T04:56:31Z,2026-07-13T06:56:31+0200,46fca521-fea0-4798-9f2d-95ad89ae35bc,2026-06-13T03:45:00Z,2026-06-13T05:45:00+0200,0.0,MW,FR,FR,actual_solar_generation,Solar,2026-07-13T04:57:06Z
2026-07-13T04:56:31Z,2026-07-13T06:56:31+0200,46fca521-fea0-4798-9f2d-95ad89ae35bc,2026-06-13T04:00:00Z,2026-06-13T06:00:00+0200,297.06,MW,FR,FR,actual_solar_generation,Solar,2026-07-13T04:57:06Z
2026-07-13T04:56:31Z,2026-07-13T06:56:31+0200,46fca521-fea0-4798-9f2d-95ad89ae35bc,2026-06-13T04:15:00Z,2026-06-13T06:15:00+0200,395.28,MW,FR,FR,actual_solar_generation,Solar,2026-07-13T04:57:06Z
2026-07-13T04:56:31Z,2026-07-13T06:56:31+0200,46fca521-fea0-4798-9f2d-95ad89ae35bc,2026-06-13T04:30:00Z,2026-06-13T06:30:00+0200,570.75,MW,FR,FR,actual_solar_generation,Solar,2026-07-13T04:57:06Z
2026-07-13T04:56:31Z,2026-07-13T06:56:31+0200,46fca521-fea0-4798-9f2d-95ad89ae35bc,2026-06-13T04:45:00Z,2026-06-13T06:45:00+0200,878.02,MW,FR,FR,actual_solar_generation,Solar,2026-07-13T04:57:06Z
2026-07-13T04:56:31Z,2026-07-13T06:56:31+0200,46fca521-fea0-4798-9f2d-95ad89ae35bc,2026-06-13T05:00:00Z,2026-06-13T07:00:00+0200,1285.0,MW,FR,FR,actual_solar_generation,Solar,2026-07-13T04:57:06Z
2026-07-13T04:56:31Z,2026-07-13T06:56:31+0200,46fca521-fea0-4798-9f2d-95ad89ae35bc,2026-06-13T05:15:00Z,2026-06-13T07:15:00+0200,1817.06,MW,FR,FR,actual_solar_generation,Solar,2026-07-13T04:57:06Z
2026-07-13T04:56:31Z,2026-07-13T06:56:31+0200,46fca521-fea0-4798-9f2d-95ad89ae35bc,2026-06-13T05:30:00Z,2026-06-13T07:30:00+0200,2519.99,MW,FR,FR,actual_solar_generation,Solar,2026-07-13T04:57:06Z
2026-07-13T04:56:31Z,2026-07-13T06:56:31+0200,46fca521-fea0-4798-9f2d-95ad89ae35bc,2026-06-13T05:45:00Z,2026-06-13T07:45:00+0200,3359.58,MW,FR,FR,actual_solar_generation,Solar,2026-07-13T04:57:06Z
2026-07-13T04:56:31Z,2026-07-13T06:56:31+0200,46fca521-fea0-4798-9f2d-95ad89ae35bc,2026-06-13T06:00:00Z,2026-06-13T08:00:00+0200,4236.27,MW,FR,FR,actual_solar_generation,Solar,2026-07-13T04:57:06Z
2026-07-13T04:56:31Z,2026-07-13T06:56:31+0200,46fca521-fea0-4798-9f2d-95ad89ae35bc,2026-06-13T06:15:00Z,2026-06-13T08:15:00+0200,4806.53,MW,FR,FR,actual_solar_generation,Solar,2026-07-13T04:57:06Z
2026-07-13T04:56:31Z,2026-07-13T06:56:31+0200,46fca521-fea0-4798-9f2d-95ad89ae35bc,2026-06-13T06:30:00Z,2026-06-13T08:30:00+0200,4826.6,MW,FR,FR,actual_solar_generation,Solar,2026-07-13T04:57:06Z
2026-07-13T04:56:31Z,2026-07-13T06:56:31+0200,46fca521-fea0-4798-9f2d-95ad89ae35bc,2026-06-13T06:45:00Z,2026-06-13T08:45:00+0200,5548.83,MW,FR,FR,actual_solar_generation,Solar,2026-07-13T04:57:06Z
2026-07-13T04:56:31Z,2026-07-13T06:56:31+0200,46fca521-fea0-4798-9f2d-95ad89ae35bc,2026-06-13T07:00:00Z,2026-06-13T09:00:00+0200,6034.04,MW,FR,FR,actual_solar_generation,Solar,2026-07-13T04:57:06Z
2026-07-13T04:56:31Z,2026-07-13T06:56:31+0200,46fca521-fea0-4798-9f2d-95ad89ae35bc,2026-06-13T07:15:00Z,2026-06-13T09:15:00+0200,5742.4,MW,FR,FR,actual_solar_generation,Solar,2026-07-13T04:57:06Z
2026-07-13T04:56:31Z,2026-07-13T06:56:31+0200,46fca521-fea0-4798-9f2d-95ad89ae35bc,2026-06-13T07:30:00Z,2026-06-13T09:30:00+0200,6808.92,MW,FR,FR,actual_solar_generation,Solar,2026-07-13T04:57:06Z
2026-07-13T04:56:31Z,2026-07-13T06:56:31+0200,46fca521-fea0-4798-9f2d-95ad89ae35bc,2026-06-13T07:45:00Z,2026-06-13T09:45:00+0200,7443.05,MW,FR,FR,actual_solar_generation,Solar,2026-07-13T04:57:06Z
2026-07-13T04:56:31Z,2026-07-13T06:56:31+0200,46fca521-fea0-4798-9f2d-95ad89ae35bc,2026-06-13T08:00:00Z,2026-06-13T10:00:00+0200,8549.24,MW,FR,FR,actual_solar_generation,Solar,2026-07-13T04:57:06Z
2026-07-13T04:56:31Z,2026-07-13T06:56:31+0200,46fca521-fea0-4798-9f2d-95ad89ae35bc,2026-06-13T08:15:00Z,2026-06-13T10:15:00+0200,9123.56,MW,FR,FR,actual_solar_generation,Solar,2026-07-13T04:57:06Z
2026-07-13T04:56:31Z,2026-07-13T06:56:31+0200,46fca521-fea0-4798-9f2d-95ad89ae35bc,2026-06-13T08:30:00Z,2026-06-13T10:30:00+0200,10512.13,MW,FR,FR,actual_solar_generation,Solar,2026-07-13T04:57:06Z
2026-07-13T04:56:31Z,2026-07-13T06:56:31+0200,46fca521-fea0-4798-9f2d-95ad89ae35bc,2026-06-13T08:45:00Z,2026-06-13T10:45:00+0200,11038.35,MW,FR,FR,actual_solar_generation,Solar,2026-07-13T04:57:06Z
2026-07-13T04:56:31Z,2026-07-13T06:56:31+0200,46fca521-fea0-4798-9f2d-95ad89ae35bc,2026-06-13T09:00:00Z,2026-06-13T11:00:00+0200,11466.71,MW,FR,FR,actual_solar_generation,Solar,2026-07-13T04:57:06Z
2026-07-13T04:56:31Z,2026-07-13T06:56:31+0200,46fca521-fea0-4798-9f2d-95ad89ae35bc,2026-06-13T09:15:00Z,2026-06-13T11:15:00+0200,11908.26,MW,FR,FR,actual_solar_generation,Solar,2026-07-13T04:57:06Z
2026-07-13T04:56:31Z,2026-07-13T06:56:31+0200,46fca521-fea0-4798-9f2d-95ad89ae35bc,2026-06-13T09:30:00Z,2026-06-13T11:30:00+0200,11227.97,MW,FR,FR,actual_solar_generation,Solar,2026-07-13T04:57:06Z
2026-07-13T04:56:31Z,2026-07-13T06:56:31+0200,46fca521-fea0-4798-9f2d-95ad89ae35bc,2026-06-13T09:45:00Z,2026-06-13T11:45:00+0200,11491.16,MW,FR,FR,actual_solar_generation,Solar,2026-07-13T04:57:06Z
2026-07-13T04:56:31Z,2026-07-13T06:56:31+0200,46fca521-fea0-4798-9f2d-95ad89ae35bc,2026-06-13T10:00:00Z,2026-06-13T12:00:00+0200,13215.22,MW,FR,FR,actual_solar_generation,Solar,2026-07-13T04:57:06Z
2026-07-13T04:56:31Z,2026-07-13T06:56:31+0200,46fca521-fea0-4798-9f2d-95ad89ae35bc,2026-06-13T10:15:00Z,2026-06-13T12:15:00+0200,13449.37,MW,FR,FR,actual_solar_generation,Solar,2026-07-13T04:57:06Z
2026-07-13T04:56:31Z,2026-07-13T06:56:31+0200,46fca521-fea0-4798-9f2d-95ad89ae35bc,2026-06-13T10:30:00Z,2026-06-13T12:30:00+0200,13615.8,MW,FR,FR,actual_solar_generation,Solar,2026-07-13T04:57:06Z
2026-07-13T04:56:31Z,2026-07-13T06:56:31+0200,46fca521-fea0-4798-9f2d-95ad89ae35bc,2026-06-13T10:45:00Z,2026-06-13T12:45:00+0200,13790.72,MW,FR,FR,actual_solar_generation,Solar,2026-07-13T04:57:06Z
2026-07-13T04:56:31Z,2026-07-13T06:56:31+0200,46fca521-fea0-4798-9f2d-95ad89ae35bc,2026-06-13T11:00:00Z,2026-06-13T13:00:00+0200,13942.45,MW,FR,FR,actual_solar_generation,Solar,2026-07-13T04:57:06Z
2026-07-13T04:56:31Z,2026-07-13T06:56:31+0200,46fca521-fea0-4798-9f2d-95ad89ae35bc,2026-06-13T11:15:00Z,2026-06-13T13:15:00+0200,13917.64,MW,FR,FR,actual_solar_generation,Solar,2026-07-13T04:57:06Z
2026-07-13T04:56:31Z,2026-07-13T06:56:31+0200,46fca521-fea0-4798-9f2d-95ad89ae35bc,2026-06-13T11:30:00Z,2026-06-13T13:30:00+0200,13976.02,MW,FR,FR,actual_solar_generation,Solar,2026-07-13T04:57:06Z
2026-07-13T04:56:31Z,2026-07-13T06:56:31+0200,46fca521-fea0-4798-9f2d-95ad89ae35bc,2026-06-13T11:45:00Z,2026-06-13T13:45:00+0200,13971.74,MW,FR,FR,actual_solar_generation,Solar,2026-07-13T04:57:06Z
2026-07-13T04:56:31Z,2026-07-13T06:56:31+0200,46fca521-fea0-4798-9f2d-95ad89ae35bc,2026-06-13T12:00:00Z,2026-06-13T14:00:00+0200,13905.42,MW,FR,FR,actual_solar_generation,Solar,2026-07-13T04:57:06Z
2026-07-13T04:56:31Z,2026-07-13T06:56:31+0200,46fca521-fea0-4798-9f2d-95ad89ae35bc,2026-06-13T12:15:00Z,2026-06-13T14:15:00+0200,13864.62,MW,FR,FR,actual_solar_generation,Solar,2026-07-13T04:57:06Z
2026-07-13T04:56:31Z,2026-07-13T06:56:31+0200,46fca521-fea0-4798-9f2d-95ad89ae35bc,2026-06-13T12:30:00Z,2026-06-13T14:30:00+0200,13810.38,MW,FR,FR,actual_solar_generation,Solar,2026-07-13T04:57:06Z
2026-07-13T04:56:31Z,2026-07-13T06:56:31+0200,46fca521-fea0-4798-9f2d-95ad89ae35bc,2026-06-13T12:45:00Z,2026-06-13T14:45:00+0200,13792.5,MW,FR,FR,actual_solar_generation,Solar,2026-07-13T04:57:06Z
2026-07-13T04:56:31Z,2026-07-13T06:56:31+0200,46fca521-fea0-4798-9f2d-95ad89ae35bc,2026-06-13T13:00:00Z,2026-06-13T15:00:00+0200,13615.83,MW,FR,FR,actual_solar_generation,Solar,2026-07-13T04:57:06Z
2026-07-13T04:56:31Z,2026-07-13T06:56:31+0200,46fca521-fea0-4798-9f2d-95ad89ae35bc,2026-06-13T13:15:00Z,2026-06-13T15:15:00+0200,13466.73,MW,FR,FR,actual_solar_generation,Solar,2026-07-13T04:57:06Z
2026-07-13T04:56:31Z,2026-07-13T06:56:31+0200,46fca521-fea0-4798-9f2d-95ad89ae35bc,2026-06-13T13:30:00Z,2026-06-13T15:30:00+0200,13248.36,MW,FR,FR,actual_solar_generation,Solar,2026-07-13T04:57:06Z
2026-07-13T04:56:31Z,2026-07-13T06:56:31+0200,46fca521-fea0-4798-9f2d-95ad89ae35bc,2026-06-13T13:45:00Z,2026-06-13T15:45:00+0200,12967.84,MW,FR,FR,actual_solar_generation,Solar,2026-07-13T04:57:06Z
2026-07-13T04:56:31Z,2026-07-13T06:56:31+0200,46fca521-fea0-4798-9f2d-95ad89ae35bc,2026-06-13T14:00:00Z,2026-06-13T16:00:00+0200,12742.27,MW,FR,FR,actual_solar_generation,Solar,2026-07-13T04:57:06Z
2026-07-13T04:56:31Z,2026-07-13T06:56:31+0200,46fca521-fea0-4798-9f2d-95ad89ae35bc,2026-06-13T14:15:00Z,2026-06-13T16:15:00+0200,12505.76,MW,FR,FR,actual_solar_generation,Solar,2026-07-13T04:57:06Z
2026-07-13T04:56:31Z,2026-07-13T06:56:31+0200,46fca521-fea0-4798-9f2d-95ad89ae35bc,2026-06-13T14:30:00Z,2026-06-13T16:30:00+0200,12196.28,MW,FR,FR,actual_solar_generation,Solar,2026-07-13T04:57:06Z
2026-07-13T04:56:31Z,2026-07-13T06:56:31+0200,46fca521-fea0-4798-9f2d-95ad89ae35bc,2026-06-13T14:45:00Z,2026-06-13T16:45:00+0200,11786.99,MW,FR,FR,actual_solar_generation,Solar,2026-07-13T04:57:06Z
2026-07-13T04:56:31Z,2026-07-13T06:56:31+0200,46fca521-fea0-4798-9f2d-95ad89ae35bc,2026-06-13T15:00:00Z,2026-06-13T17:00:00+0200,11372.98,MW,FR,FR,actual_solar_generation,Solar,2026-07-13T04:57:06Z
2026-07-13T04:56:31Z,2026-07-13T06:56:31+0200,46fca521-fea0-4798-9f2d-95ad89ae35bc,2026-06-13T15:15:00Z,2026-06-13T17:15:00+0200,10931.46,MW,FR,FR,actual_solar_generation,Solar,2026-07-13T04:57:06Z
2026-07-13T04:56:31Z,2026-07-13T06:56:31+0200,46fca521-fea0-4798-9f2d-95ad89ae35bc,2026-06-13T15:30:00Z,2026-06-13T17:30:00+0200,10440.35,MW,FR,FR,actual_solar_generation,Solar,2026-07-13T04:57:06Z
2026-07-13T04:56:31Z,2026-07-13T06:56:31+0200,46fca521-fea0-4798-9f2d-95ad89ae35bc,2026-06-13T15:45:00Z,2026-06-13T17:45:00+0200,9971.17,MW,FR,FR,actual_solar_generation,Solar,2026-07-13T04:57:06Z
2026-07-13T04:56:31Z,2026-07-13T06:56:31+0200,46fca521-fea0-4798-9f2d-95ad89ae35bc,2026-06-13T16:00:00Z,2026-06-13T18:00:00+0200,10251.65,MW,FR,FR,actual_solar_generation,Solar,2026-07-13T04:57:06Z
2026-07-13T04:56:31Z,2026-07-13T06:56:31+0200,46fca521-fea0-4798-9f2d-95ad89ae35bc,2026-06-13T16:15:00Z,2026-06-13T18:15:00+0200,11823.11,MW,FR,FR,actual_solar_generation,Solar,2026-07-13T04:57:06Z
2026-07-13T04:56:31Z,2026-07-13T06:56:31+0200,46fca521-fea0-4798-9f2d-95ad89ae35bc,2026-06-13T16:30:00Z,2026-06-13T18:30:00+0200,10762.75,MW,FR,FR,actual_solar_generation,Solar,2026-07-13T04:57:06Z
2026-07-13T04:56:31Z,2026-07-13T06:56:31+0200,46fca521-fea0-4798-9f2d-95ad89ae35bc,2026-06-13T16:45:00Z,2026-06-13T18:45:00+0200,8593.46,MW,FR,FR,actual_solar_generation,Solar,2026-07-13T04:57:06Z
2026-07-13T04:56:31Z,2026-07-13T06:56:31+0200,46fca521-fea0-4798-9f2d-95ad89ae35bc,2026-06-13T17:00:00Z,2026-06-13T19:00:00+0200,7445.44,MW,FR,FR,actual_solar_generation,Solar,2026-07-13T04:57:06Z
2026-07-13T04:56:31Z,2026-07-13T06:56:31+0200,46fca521-fea0-4798-9f2d-95ad89ae35bc,2026-06-13T17:15:00Z,2026-06-13T19:15:00+0200,6287.12,MW,FR,FR,actual_solar_generation,Solar,2026-07-13T04:57:06Z
2026-07-13T04:56:31Z,2026-07-13T06:56:31+0200,46fca521-fea0-4798-9f2d-95ad89ae35bc,2026-06-13T17:30:00Z,2026-06-13T19:30:00+0200,5151.31,MW,FR,FR,actual_solar_generation,Solar,2026-07-13T04:57:06Z
2026-07-13T04:56:31Z,2026-07-13T06:56:31+0200,46fca521-fea0-4798-9f2d-95ad89ae35bc,2026-06-13T17:45:00Z,2026-06-13T19:45:00+0200,4062.53,MW,FR,FR,actual_solar_generation,Solar,2026-07-13T04:57:06Z
2026-07-13T04:56:31Z,2026-07-13T06:56:31+0200,46fca521-fea0-4798-9f2d-95ad89ae35bc,2026-06-13T18:00:00Z,2026-06-13T20:00:00+0200,3119.32,MW,FR,FR,actual_solar_generation,Solar,2026-07-13T04:57:06Z
2026-07-13T04:56:31Z,2026-07-13T06:56:31+0200,46fca521-fea0-4798-9f2d-95ad89ae35bc,2026-06-13T18:15:00Z,2026-06-13T20:15:00+0200,2368.32,MW,FR,FR,actual_solar_generation,Solar,2026-07-13T04:57:06Z
2026-07-13T04:56:31Z,2026-07-13T06:56:31+0200,46fca521-fea0-4798-9f2d-95ad89ae35bc,2026-06-13T18:30:00Z,2026-06-13T20:30:00+0200,1755.93,MW,FR,FR,actual_solar_generation,Solar,2026-07-13T04:57:06Z
2026-07-13T04:56:31Z,2026-07-13T06:56:31+0200,46fca521-fea0-4798-9f2d-95ad89ae35bc,2026-06-13T18:45:00Z,2026-06-13T20:45:00+0200,1280.02,MW,FR,FR,actual_solar_generation,Solar,2026-07-13T04:57:06Z
2026-07-13T04:56:31Z,2026-07-13T06:56:31+0200,46fca521-fea0-4798-9f2d-95ad89ae35bc,2026-06-13T19:00:00Z,2026-06-13T21:00:00+0200,876.01,MW,FR,FR,actual_solar_generation,Solar,2026-07-13T04:57:06Z
2026-07-13T04:56:31Z,2026-07-13T06:56:31+0200,46fca521-fea0-4798-9f2d-95ad89ae35bc,2026-06-13T19:15:00Z,2026-06-13T21:15:00+0200,564.28,MW,FR,FR,actual_solar_generation,Solar,2026-07-13T04:57:06Z
2026-07-13T04:56:31Z,2026-07-13T06:56:31+0200,46fca521-fea0-4798-9f2d-95ad89ae35bc,2026-06-13T19:30:00Z,2026-06-13T21:30:00+0200,359.69,MW,FR,FR,actual_solar_generation,Solar,2026-07-13T04:57:06Z
2026-07-13T04:56:31Z,2026-07-13T06:56:31+0200,46fca521-fea0-4798-9f2d-95ad89ae35bc,2026-06-13T19:45:00Z,2026-06-13T21:45:00+0200,256.17,MW,FR,FR,actual_solar_generation,Solar,2026-07-13T04:57:06Z
2026-07-13T04:56:31Z,2026-07-13T06:56:31+0200,46fca521-fea0-4798-9f2d-95ad89ae35bc,2026-06-13T20:00:00Z,2026-06-13T22:00:00+0200,209.8,MW,FR,FR,actual_solar_generation,Solar,2026-07-13T04:57:06Z
2026-07-13T04:56:31Z,2026-07-13T06:56:31+0200,46fca521-fea0-4798-9f2d-95ad89ae35bc,2026-06-13T20:15:00Z,2026-06-13T22:15:00+0200,199.86,MW,FR,FR,actual_solar_generation,Solar,2026-07-13T04:57:06Z
2026-07-13T04:56:31Z,2026-07-13T06:56:31+0200,46fca521-fea0-4798-9f2d-95ad89ae35bc,2026-06-13T20:30:00Z,2026-06-13T22:30:00+0200,199.93,MW,FR,FR,actual_solar_generation,Solar,2026-07-13T04:57:06Z
2026-07-13T04:56:31Z,2026-07-13T06:56:31+0200,46fca521-fea0-4798-9f2d-95ad89ae35bc,2026-06-13T20:45:00Z,2026-06-13T22:45:00+0200,202.04,MW,FR,FR,actual_solar_generation,Solar,2026-07-13T04:57:06Z
2026-07-13T04:56:31Z,2026-07-13T06:56:31+0200,46fca521-fea0-4798-9f2d-95ad89ae35bc,2026-06-13T21:00:00Z,2026-06-13T23:00:00+0200,198.72,MW,FR,FR,actual_solar_generation,Solar,2026-07-13T04:57:06Z
2026-07-13T04:56:31Z,2026-07-13T06:56:31+0200,46fca521-fea0-4798-9f2d-95ad89ae35bc,2026-06-13T21:15:00Z,2026-06-13T23:15:00+0200,197.11,MW,FR,FR,actual_solar_generation,Solar,2026-07-13T04:57:06Z
2026-07-13T04:56:31Z,2026-07-13T06:56:31+0200,46fca521-fea0-4798-9f2d-95ad89ae35bc,2026-06-13T21:30:00Z,2026-06-13T23:30:00+0200,200.16,MW,FR,FR,actual_solar_generation,Solar,2026-07-13T04:57:06Z
2026-07-13T04:56:31Z,2026-07-13T06:56:31+0200,46fca521-fea0-4798-9f2d-95ad89ae35bc,2026-06-13T21:45:00Z,2026-06-13T23:45:00+0200,199.75,MW,FR,FR,actual_solar_generation,Solar,2026-07-13T04:57:06Z
2026-07-13T04:56:31Z,2026-07-13T06:56:31+0200,46fca521-fea0-4798-9f2d-95ad89ae35bc,2026-06-13T22:00:00Z,2026-06-14T00:00:00+0200,0.0,MW,FR,FR,actual_solar_generation,Solar,2026-07-13T04:57:06Z
2026-07-13T04:56:31Z,2026-07-13T06:56:31+0200,46fca521-fea0-4798-9f2d-95ad89ae35bc,2026-06-13T22:15:00Z,2026-06-14T00:15:00+0200,0.0,MW,FR,FR,actual_solar_generation,Solar,2026-07-13T04:57:06Z
2026-07-13T04:56:31Z,2026-07-13T06:56:31+0200,46fca521-fea0-4798-9f2d-95ad89ae35bc,2026-06-13T22:30:00Z,2026-06-14T00:30:00+0200,0.0,MW,FR,FR,actual_solar_generation,Solar,2026-07-13T04:57:06Z
2026-07-13T04:56:31Z,2026-07-13T06:56:31+0200,46fca521-fea0-4798-9f2d-95ad89ae35bc,2026-06-13T22:45:00Z,2026-06-14T00:45:00+0200,0.0,MW,FR,FR,actual_solar_generation,Solar,2026-07-13T04:57:06Z
2026-07-13T04:56:31Z,2026-07-13T06:56:31+0200,46fca521-fea0-4798-9f2d-95ad89ae35bc,2026-06-13T23:00:00Z,2026-06-14T01:00:00+0200,0.0,MW,FR,FR,actual_solar_generation,Solar,2026-07-13T04:57:06Z
2026-07-13T04:56:31Z,2026-07-13T06:56:31+0200,46fca521-fea0-4798-9f2d-95ad89ae35bc,2026-06-13T23:15:00Z,2026-06-14T01:15:00+0200,0.0,MW,FR,FR,actual_solar_generation,Solar,2026-07-13T04:57:06Z
2026-07-13T04:56:31Z,2026-07-13T06:56:31+0200,46fca521-fea0-4798-9f2d-95ad89ae35bc,2026-06-13T23:30:00Z,2026-06-14T01:30:00+0200,0.0,MW,FR,FR,actual_solar_generation,Solar,2026-07-13T04:57:06Z
2026-07-13T04:56:31Z,2026-07-13T06:56:31+0200,46fca521-fea0-4798-9f2d-95ad89ae35bc,2026-06-13T23:45:00Z,2026-06-14T01:45:00+0200,0.0,MW,FR,FR,actual_solar_generation,Solar,2026-07-13T04:57:06Z
2026-07-13T04:56:31Z,2026-07-13T06:56:31+0200,46fca521-fea0-4798-9f2d-95ad89ae35bc,2026-06-14T00:00:00Z,2026-06-14T02:00:00+0200,0.0,MW,FR,FR,actual_solar_generation,Solar,2026-07-13T04:57:06Z
2026-07-13T04:56:31Z,2026-07-13T06:56:31+0200,46fca521-fea0-4798-9f2d-95ad89ae35bc,2026-06-14T00:15:00Z,2026-06-14T02:15:00+0200,0.0,MW,FR,FR,actual_solar_generation,Solar,2026-07-13T04:57:06Z
2026-07-13T04:56:31Z,2026-07-13T06:56:31+0200,46fca521-fea0-4798-9f2d-95ad89ae35bc,2026-06-14T00:30:00Z,2026-06-14T02:30:00+0200,0.0,MW,FR,FR,actual_solar_generation,Solar,2026-07-13T04:57:06Z
2026-07-13T04:56:31Z,2026-07-13T06:56:31+0200,46fca521-fea0-4798-9f2d-95ad89ae35bc,2026-06-14T00:45:00Z,2026-06-14T02:45:00+0200,0.0,MW,FR,FR,actual_solar_generation,Solar,2026-07-13T04:57:06Z
2026-07-13T04:56:31Z,2026-07-13T06:56:31+0200,46fca521-fea0-4798-9f2d-95ad89ae35bc,2026-06-14T01:00:00Z,2026-06-14T03:00:00+0200,0.0,MW,FR,FR,actual_solar_generation,Solar,2026-07-13T04:57:06Z
2026-07-13T04:56:31Z,2026-07-13T06:56:31+0200,46fca521-fea0-4798-9f2d-95ad89ae35bc,2026-06-14T01:15:00Z,2026-06-14T03:15:00+0200,0.0,MW,FR,FR,actual_solar_generation,Solar,2026-07-13T04:57:06Z
2026-07-13T04:56:31Z,2026-07-13T06:56:31+0200,46fca521-fea0-4798-9f2d-95ad89ae35bc,2026-06-14T01:30:00Z,2026-06-14T03:30:00+0200,0.0,MW,FR,FR,actual_solar_generation,Solar,2026-07-13T04:57:06Z
2026-07-13T04:56:31Z,2026-07-13T06:56:31+0200,46fca521-fea0-4798-9f2d-95ad89ae35bc,2026-06-14T01:45:00Z,2026-06-14T03:45:00+0200,0.0,MW,FR,FR,actual_solar_generation,Solar,2026-07-13T04:57:06Z
2026-07-13T04:56:31Z,2026-07-13T06:56:31+0200,46fca521-fea0-4798-9f2d-95ad89ae35bc,2026-06-14T02:00:00Z,2026-06-14T04:00:00+0200,0.0,MW,FR,FR,actual_solar_generation,Solar,2026-07-13T04:57:06Z
2026-07-13T04:56:31Z,2026-07-13T06:56:31+0200,46fca521-fea0-4798-9f2d-95ad89ae35bc,2026-06-14T02:15:00Z,2026-06-14T04:15:00+0200,0.0,MW,FR,FR,actual_solar_generation,Solar,2026-07-13T04:57:06Z
2026-07-13T04:56:31Z,2026-07-13T06:56:31+0200,46fca521-fea0-4798-9f2d-95ad89ae35bc,2026-06-14T02:30:00Z,2026-06-14T04:30:00+0200,0.0,MW,FR,FR,actual_solar_generation,Solar,2026-07-13T04:57:06Z
2026-07-13T04:56:31Z,2026-07-13T06:56:31+0200,46fca521-fea0-4798-9f2d-95ad89ae35bc,2026-06-14T02:45:00Z,2026-06-14T04:45:00+0200,0.0,MW,FR,FR,actual_solar_generation,Solar,2026-07-13T04:57:06Z
2026-07-13T04:56:31Z,2026-07-13T06:56:31+0200,46fca521-fea0-4798-9f2d-95ad89ae35bc,2026-06-14T03:00:00Z,2026-06-14T05:00:00+0200,0.0,MW,FR,FR,actual_solar_generation,Solar,2026-07-13T04:57:06Z
2026-07-13T04:56:31Z,2026-07-13T06:56:31+0200,46fca521-fea0-4798-9f2d-95ad89ae35bc,2026-06-14T03:15:00Z,2026-06-14T05:15:00+0200,0.0,MW,FR,FR,actual_solar_generation,Solar,2026-07-13T04:57:06Z
2026-07-13T04:56:31Z,2026-07-13T06:56:31+0200,46fca521-fea0-4798-9f2d-95ad89ae35bc,2026-06-14T03:30:00Z,2026-06-14T05:30:00+0200,0.0,MW,FR,FR,actual_solar_generation,Solar,2026-07-13T04:57:06Z
2026-07-13T04:56:31Z,2026-07-13T06:56:31+0200,46fca521-fea0-4798-9f2d-95ad89ae35bc,2026-06-14T03:45:00Z,2026-06-14T05:45:00+0200,0.0,MW,FR,FR,actual_solar_generation,Solar,2026-07-13T04:57:06Z
2026-07-13T04:56:31Z,2026-07-13T06:56:31+0200,46fca521-fea0-4798-9f2d-95ad89ae35bc,2026-06-14T04:00:00Z,2026-06-14T06:00:00+0200,296.79,MW,FR,FR,actual_solar_generation,Solar,2026-07-13T04:57:06Z
2026-07-13T04:56:31Z,2026-07-13T06:56:31+0200,46fca521-fea0-4798-9f2d-95ad89ae35bc,2026-06-14T04:15:00Z,2026-06-14T06:15:00+0200,403.58,MW,FR,FR,actual_solar_generation,Solar,2026-07-13T04:57:06Z
2026-07-13T04:56:31Z,2026-07-13T06:56:31+0200,46fca521-fea0-4798-9f2d-95ad89ae35bc,2026-06-14T04:30:00Z,2026-06-14T06:30:00+0200,610.11,MW,FR,FR,actual_solar_generation,Solar,2026-07-13T04:57:06Z
2026-07-13T04:56:31Z,2026-07-13T06:56:31+0200,46fca521-fea0-4798-9f2d-95ad89ae35bc,2026-06-14T04:45:00Z,2026-06-14T06:45:00+0200,941.23,MW,FR,FR,actual_solar_generation,Solar,2026-07-13T04:57:06Z
2026-07-13T04:56:31Z,2026-07-13T06:56:31+0200,46fca521-fea0-4798-9f2d-95ad89ae35bc,2026-06-14T05:00:00Z,2026-06-14T07:00:00+0200,1379.35,MW,FR,FR,actual_solar_generation,Solar,2026-07-13T04:57:06Z
2026-07-13T04:56:31Z,2026-07-13T06:56:31+0200,46fca521-fea0-4798-9f2d-95ad89ae35bc,2026-06-14T05:15:00Z,2026-06-14T07:15:00+0200,1726.98,MW,FR,FR,actual_solar_generation,Solar,2026-07-13T04:57:06Z
2026-07-13T04:56:31Z,2026-07-13T06:56:31+0200,46fca521-fea0-4798-9f2d-95ad89ae35bc,2026-06-14T05:30:00Z,2026-06-14T07:30:00+0200,1970.96,MW,FR,FR,actual_solar_generation,Solar,2026-07-13T04:57:06Z
2026-07-13T04:56:31Z,2026-07-13T06:56:31+0200,46fca521-fea0-4798-9f2d-95ad89ae35bc,2026-06-14T05:45:00Z,2026-06-14T07:45:00+0200,2553.75,MW,FR,FR,actual_solar_generation,Solar,2026-07-13T04:57:06Z
2026-07-13T04:56:31Z,2026-07-13T06:56:31+0200,46fca521-fea0-4798-9f2d-95ad89ae35bc,2026-06-14T06:00:00Z,2026-06-14T08:00:00+0200,3422.73,MW,FR,FR,actual_solar_generation,Solar,2026-07-13T04:57:06Z
2026-07-13T04:56:31Z,2026-07-13T06:56:31+0200,46fca521-fea0-4798-9f2d-95ad89ae35bc,2026-06-14T06:15:00Z,2026-06-14T08:15:00+0200,4163.15,MW,FR,FR,actual_solar_generation,Solar,2026-07-13T04:57:06Z
2026-07-13T04:56:31Z,2026-07-13T06:56:31+0200,46fca521-fea0-4798-9f2d-95ad89ae35bc,2026-06-14T06:30:00Z,2026-06-14T08:30:00+0200,4281.64,MW,FR,FR,actual_solar_generation,Solar,2026-07-13T04:57:06Z
2026-07-13T04:56:31Z,2026-07-13T06:56:31+0200,46fca521-fea0-4798-9f2d-95ad89ae35bc,2026-06-14T06:45:00Z,2026-06-14T08:45:00+0200,4846.63,MW,FR,FR,actual_solar_generation,Solar,2026-07-13T04:57:06Z
2026-07-13T04:56:31Z,2026-07-13T06:56:31+0200,46fca521-fea0-4798-9f2d-95ad89ae35bc,2026-06-14T07:00:00Z,2026-06-14T09:00:00+0200,5529.43,MW,FR,FR,actual_solar_generation,Solar,2026-07-13T04:57:06Z
2026-07-13T04:56:31Z,2026-07-13T06:56:31+0200,46fca521-fea0-4798-9f2d-95ad89ae35bc,2026-06-14T07:15:00Z,2026-06-14T09:15:00+0200,6233.13,MW,FR,FR,actual_solar_generation,Solar,2026-07-13T04:57:06Z
2026-07-13T04:56:31Z,2026-07-13T06:56:31+0200,46fca521-fea0-4798-9f2d-95ad89ae35bc,2026-06-14T07:30:00Z,2026-06-14T09:30:00+0200,6955.64,MW,FR,FR,actual_solar_generation,Solar,2026-07-13T04:57:06Z
2026-07-13T04:56:31Z,2026-07-13T06:56:31+0200,46fca521-fea0-4798-9f2d-95ad89ae35bc,2026-06-14T07:45:00Z,2026-06-14T09:45:00+0200,7721.78,MW,FR,FR,actual_solar_generation,Solar,2026-07-13T04:57:06Z
2026-07-13T04:56:31Z,2026-07-13T06:56:31+0200,46fca521-fea0-4798-9f2d-95ad89ae35bc,2026-06-14T08:00:00Z,2026-06-14T10:00:00+0200,8773.38,MW,FR,FR,actual_solar_generation,Solar,2026-07-13T04:57:06Z
2026-07-13T04:56:31Z,2026-07-13T06:56:31+0200,46fca521-fea0-4798-9f2d-95ad89ae35bc,2026-06-14T08:15:00Z,2026-06-14T10:15:00+0200,9331.06,MW,FR,FR,actual_solar_generation,Solar,2026-07-13T04:57:06Z
2026-07-13T04:56:31Z,2026-07-13T06:56:31+0200,46fca521-fea0-4798-9f2d-95ad89ae35bc,2026-06-14T08:30:00Z,2026-06-14T10:30:00+0200,9746.43,MW,FR,FR,actual_solar_generation,Solar,2026-07-13T04:57:06Z
2026-07-13T04:56:31Z,2026-07-13T06:56:31+0200,46fca521-fea0-4798-9f2d-95ad89ae35bc,2026-06-14T08:45:00Z,2026-06-14T10:45:00+0200,10185.55,MW,FR,FR,actual_solar_generation,Solar,2026-07-13T04:57:06Z
2026-07-13T04:56:31Z,2026-07-13T06:56:31+0200,46fca521-fea0-4798-9f2d-95ad89ae35bc,2026-06-14T09:00:00Z,2026-06-14T11:00:00+0200,10693.19,MW,FR,FR,actual_solar_generation,Solar,2026-07-13T04:57:06Z
2026-07-13T04:56:31Z,2026-07-13T06:56:31+0200,46fca521-fea0-4798-9f2d-95ad89ae35bc,2026-06-14T09:15:00Z,2026-06-14T11:15:00+0200,11019.26,MW,FR,FR,actual_solar_generation,Solar,2026-07-13T04:57:06Z
2026-07-13T04:56:31Z,2026-07-13T06:56:31+0200,46fca521-fea0-4798-9f2d-95ad89ae35bc,2026-06-14T09:30:00Z,2026-06-14T11:30:00+0200,11377.37,MW,FR,FR,actual_solar_generation,Solar,2026-07-13T04:57:06Z
2026-07-13T04:56:31Z,2026-07-13T06:56:31+0200,46fca521-fea0-4798-9f2d-95ad89ae35bc,2026-06-14T09:45:00Z,2026-06-14T11:45:00+0200,11658.58,MW,FR,FR,actual_solar_generation,Solar,2026-07-13T04:57:06Z
2026-07-13T04:56:31Z,2026-07-13T06:56:31+0200,46fca521-fea0-4798-9f2d-95ad89ae35bc,2026-06-14T10:00:00Z,2026-06-14T12:00:00+0200,11925.58,MW,FR,FR,actual_solar_generation,Solar,2026-07-13T04:57:06Z
2026-07-13T04:56:31Z,2026-07-13T06:56:31+0200,46fca521-fea0-4798-9f2d-95ad89ae35bc,2026-06-14T10:15:00Z,2026-06-14T12:15:00+0200,12152.79,MW,FR,FR,actual_solar_generation,Solar,2026-07-13T04:57:06Z
2026-07-13T04:56:31Z,2026-07-13T06:56:31+0200,46fca521-fea0-4798-9f2d-95ad89ae35bc,2026-06-14T10:30:00Z,2026-06-14T12:30:00+0200,12309.79,MW,FR,FR,actual_solar_generation,Solar,2026-07-13T04:57:06Z
2026-07-13T04:56:31Z,2026-07-13T06:56:31+0200,46fca521-fea0-4798-9f2d-95ad89ae35bc,2026-06-14T10:45:00Z,2026-06-14T12:45:00+0200,12436.76,MW,FR,FR,actual_solar_generation,Solar,2026-07-13T04:57:06Z
2026-07-13T04:56:31Z,2026-07-13T06:56:31+0200,46fca521-fea0-4798-9f2d-95ad89ae35bc,2026-06-14T11:00:00Z,2026-06-14T13:00:00+0200,12534.03,MW,FR,FR,actual_solar_generation,Solar,2026-07-13T04:57:06Z
2026-07-13T04:56:31Z,2026-07-13T06:56:31+0200,46fca521-fea0-4798-9f2d-95ad89ae35bc,2026-06-14T11:15:00Z,2026-06-14T13:15:00+0200,12633.99,MW,FR,FR,actual_solar_generation,Solar,2026-07-13T04:57:06Z
2026-07-13T04:56:31Z,2026-07-13T06:56:31+0200,46fca521-fea0-4798-9f2d-95ad89ae35bc,2026-06-14T11:30:00Z,2026-06-14T13:30:00+0200,12628.27,MW,FR,FR,actual_solar_generation,Solar,2026-07-13T04:57:06Z
2026-07-13T04:56:31Z,2026-07-13T06:56:31+0200,46fca521-fea0-4798-9f2d-95ad89ae35bc,2026-06-14T11:45:00Z,2026-06-14T13:45:00+0200,12557.62,MW,FR,FR,actual_solar_generation,Solar,2026-07-13T04:57:06Z
2026-07-13T04:56:31Z,2026-07-13T06:56:31+0200,46fca521-fea0-4798-9f2d-95ad89ae35bc,2026-06-14T12:00:00Z,2026-06-14T14:00:00+0200,12628.46,MW,FR,FR,actual_solar_generation,Solar,2026-07-13T04:57:06Z
2026-07-13T04:56:31Z,2026-07-13T06:56:31+0200,46fca521-fea0-4798-9f2d-95ad89ae35bc,2026-06-14T12:15:00Z,2026-06-14T14:15:00+0200,12568.22,MW,FR,FR,actual_solar_generation,Solar,2026-07-13T04:57:06Z
2026-07-13T04:56:31Z,2026-07-13T06:56:31+0200,46fca521-fea0-4798-9f2d-95ad89ae35bc,2026-06-14T12:30:00Z,2026-06-14T14:30:00+0200,12521.85,MW,FR,FR,actual_solar_generation,Solar,2026-07-13T04:57:06Z
2026-07-13T04:56:31Z,2026-07-13T06:56:31+0200,46fca521-fea0-4798-9f2d-95ad89ae35bc,2026-06-14T12:45:00Z,2026-06-14T14:45:00+0200,12474.75,MW,FR,FR,actual_solar_generation,Solar,2026-07-13T04:57:06Z
2026-07-13T04:56:31Z,2026-07-13T06:56:31+0200,46fca521-fea0-4798-9f2d-95ad89ae35bc,2026-06-14T13:00:00Z,2026-06-14T15:00:00+0200,12281.68,MW,FR,FR,actual_solar_generation,Solar,2026-07-13T04:57:06Z
2026-07-13T04:56:31Z,2026-07-13T06:56:31+0200,46fca521-fea0-4798-9f2d-95ad89ae35bc,2026-06-14T13:15:00Z,2026-06-14T15:15:00+0200,12187.54,MW,FR,FR,actual_solar_generation,Solar,2026-07-13T04:57:06Z
2026-07-13T04:56:31Z,2026-07-13T06:56:31+0200,46fca521-fea0-4798-9f2d-95ad89ae35bc,2026-06-14T13:30:00Z,2026-06-14T15:30:00+0200,11983.64,MW,FR,FR,actual_solar_generation,Solar,2026-07-13T04:57:06Z
2026-07-13T04:56:31Z,2026-07-13T06:56:31+0200,46fca521-fea0-4798-9f2d-95ad89ae35bc,2026-06-14T13:45:00Z,2026-06-14T15:45:00+0200,11725.72,MW,FR,FR,actual_solar_generation,Solar,2026-07-13T04:57:06Z
2026-07-13T04:56:31Z,2026-07-13T06:56:31+0200,46fca521-fea0-4798-9f2d-95ad89ae35bc,2026-06-14T14:00:00Z,2026-06-14T16:00:00+0200,11478.38,MW,FR,FR,actual_solar_generation,Solar,2026-07-13T04:57:06Z
2026-07-13T04:56:31Z,2026-07-13T06:56:31+0200,46fca521-fea0-4798-9f2d-95ad89ae35bc,2026-06-14T14:15:00Z,2026-06-14T16:15:00+0200,10983.46,MW,FR,FR,actual_solar_generation,Solar,2026-07-13T04:57:06Z
2026-07-13T04:56:31Z,2026-07-13T06:56:31+0200,46fca521-fea0-4798-9f2d-95ad89ae35bc,2026-06-14T14:30:00Z,2026-06-14T16:30:00+0200,10402.25,MW,FR,FR,actual_solar_generation,Solar,2026-07-13T04:57:06Z
2026-07-13T04:56:31Z,2026-07-13T06:56:31+0200,46fca521-fea0-4798-9f2d-95ad89ae35bc,2026-06-14T14:45:00Z,2026-06-14T16:45:00+0200,10004.47,MW,FR,FR,actual_solar_generation,Solar,2026-07-13T04:57:06Z
2026-07-13T04:56:31Z,2026-07-13T06:56:31+0200,46fca521-fea0-4798-9f2d-95ad89ae35bc,2026-06-14T15:00:00Z,2026-06-14T17:00:00+0200,9602.17,MW,FR,FR,actual_solar_generation,Solar,2026-07-13T04:57:06Z
2026-07-13T04:56:31Z,2026-07-13T06:56:31+0200,46fca521-fea0-4798-9f2d-95ad89ae35bc,2026-06-14T15:15:00Z,2026-06-14T17:15:00+0200,9256.52,MW,FR,FR,actual_solar_generation,Solar,2026-07-13T04:57:06Z
2026-07-13T04:56:31Z,2026-07-13T06:56:31+0200,46fca521-fea0-4798-9f2d-95ad89ae35bc,2026-06-14T15:30:00Z,2026-06-14T17:30:00+0200,9860.48,MW,FR,FR,actual_solar_generation,Solar,2026-07-13T04:57:06Z
2026-07-13T04:56:31Z,2026-07-13T06:56:31+0200,46fca521-fea0-4798-9f2d-95ad89ae35bc,2026-06-14T15:45:00Z,2026-06-14T17:45:00+0200,11821.81,MW,FR,FR,actual_solar_generation,Solar,2026-07-13T04:57:06Z
2026-07-13T04:56:31Z,2026-07-13T06:56:31+0200,46fca521-fea0-4798-9f2d-95ad89ae35bc,2026-06-14T16:00:00Z,2026-06-14T18:00:00+0200,12343.84,MW,FR,FR,actual_solar_generation,Solar,2026-07-13T04:57:06Z
2026-07-13T04:56:31Z,2026-07-13T06:56:31+0200,46fca521-fea0-4798-9f2d-95ad89ae35bc,2026-06-14T16:15:00Z,2026-06-14T18:15:00+0200,11116.54,MW,FR,FR,actual_solar_generation,Solar,2026-07-13T04:57:06Z
2026-07-13T04:56:31Z,2026-07-13T06:56:31+0200,46fca521-fea0-4798-9f2d-95ad89ae35bc,2026-06-14T16:30:00Z,2026-06-14T18:30:00+0200,10030.82,MW,FR,FR,actual_solar_generation,Solar,2026-07-13T04:57:06Z
2026-07-13T04:56:31Z,2026-07-13T06:56:31+0200,46fca521-fea0-4798-9f2d-95ad89ae35bc,2026-06-14T16:45:00Z,2026-06-14T18:45:00+0200,8906.59,MW,FR,FR,actual_solar_generation,Solar,2026-07-13T04:57:06Z
2026-07-13T04:56:31Z,2026-07-13T06:56:31+0200,46fca521-fea0-4798-9f2d-95ad89ae35bc,2026-06-14T17:00:00Z,2026-06-14T19:00:00+0200,7694.46,MW,FR,FR,actual_solar_generation,Solar,2026-07-13T04:57:06Z
2026-07-13T04:56:31Z,2026-07-13T06:56:31+0200,46fca521-fea0-4798-9f2d-95ad89ae35bc,2026-06-14T17:15:00Z,2026-06-14T19:15:00+0200,6444.56,MW,FR,FR,actual_solar_generation,Solar,2026-07-13T04:57:06Z
2026-07-13T04:56:31Z,2026-07-13T06:56:31+0200,46fca521-fea0-4798-9f2d-95ad89ae35bc,2026-06-14T17:30:00Z,2026-06-14T19:30:00+0200,5254.14,MW,FR,FR,actual_solar_generation,Solar,2026-07-13T04:57:06Z
2026-07-13T04:56:31Z,2026-07-13T06:56:31+0200,46fca521-fea0-4798-9f2d-95ad89ae35bc,2026-06-14T17:45:00Z,2026-06-14T19:45:00+0200,4135.36,MW,FR,FR,actual_solar_generation,Solar,2026-07-13T04:57:06Z
2026-07-13T04:56:31Z,2026-07-13T06:56:31+0200,46fca521-fea0-4798-9f2d-95ad89ae35bc,2026-06-14T18:00:00Z,2026-06-14T20:00:00+0200,3174.51,MW,FR,FR,actual_solar_generation,Solar,2026-07-13T04:57:06Z
2026-07-13T04:56:31Z,2026-07-13T06:56:31+0200,46fca521-fea0-4798-9f2d-95ad89ae35bc,2026-06-14T18:15:00Z,2026-06-14T20:15:00+0200,2367.67,MW,FR,FR,actual_solar_generation,Solar,2026-07-13T04:57:06Z
2026-07-13T04:56:31Z,2026-07-13T06:56:31+0200,46fca521-fea0-4798-9f2d-95ad89ae35bc,2026-06-14T18:30:00Z,2026-06-14T20:30:00+0200,1736.79,MW,FR,FR,actual_solar_generation,Solar,2026-07-13T04:57:06Z
2026-07-13T04:56:31Z,2026-07-13T06:56:31+0200,46fca521-fea0-4798-9f2d-95ad89ae35bc,2026-06-14T18:45:00Z,2026-06-14T20:45:00+0200,1254.65,MW,FR,FR,actual_solar_generation,Solar,2026-07-13T04:57:06Z
2026-07-13T04:56:31Z,2026-07-13T06:56:31+0200,46fca521-fea0-4798-9f2d-95ad89ae35bc,2026-06-14T19:00:00Z,2026-06-14T21:00:00+0200,868.29,MW,FR,FR,actual_solar_generation,Solar,2026-07-13T04:57:06Z
2026-07-13T04:56:31Z,2026-07-13T06:56:31+0200,46fca521-fea0-4798-9f2d-95ad89ae35bc,2026-06-14T19:15:00Z,2026-06-14T21:15:00+0200,565.59,MW,FR,FR,actual_solar_generation,Solar,2026-07-13T04:57:06Z
2026-07-13T04:56:31Z,2026-07-13T06:56:31+0200,46fca521-fea0-4798-9f2d-95ad89ae35bc,2026-06-14T19:30:00Z,2026-06-14T21:30:00+0200,358.12,MW,FR,FR,actual_solar_generation,Solar,2026-07-13T04:57:06Z
2026-07-13T04:56:31Z,2026-07-13T06:56:31+0200,46fca521-fea0-4798-9f2d-95ad89ae35bc,2026-06-14T19:45:00Z,2026-06-14T21:45:00+0200,248.15,MW,FR,FR,actual_solar_generation,Solar,2026-07-13T04:57:06Z
2026-07-13T04:56:31Z,2026-07-13T06:56:31+0200,46fca521-fea0-4798-9f2d-95ad89ae35bc,2026-06-14T20:00:00Z,2026-06-14T22:00:00+0200,209.81,MW,FR,FR,actual_solar_generation,Solar,2026-07-13T04:57:06Z
2026-07-13T04:56:31Z,2026-07-13T06:56:31+0200,46fca521-fea0-4798-9f2d-95ad89ae35bc,2026-06-14T20:15:00Z,2026-06-14T22:15:00+0200,202.29,MW,FR,FR,actual_solar_generation,Solar,2026-07-13T04:57:06Z
2026-07-13T04:56:31Z,2026-07-13T06:56:31+0200,46fca521-fea0-4798-9f2d-95ad89ae35bc,2026-06-14T20:30:00Z,2026-06-14T22:30:00+0200,195.75,MW,FR,FR,actual_solar_generation,Solar,2026-07-13T04:57:06Z
2026-07-13T04:56:31Z,2026-07-13T06:56:31+0200,46fca521-fea0-4798-9f2d-95ad89ae35bc,2026-06-14T20:45:00Z,2026-06-14T22:45:00+0200,192.37,MW,FR,FR,actual_solar_generation,Solar,2026-07-13T04:57:06Z
2026-07-13T04:56:31Z,2026-07-13T06:56:31+0200,46fca521-fea0-4798-9f2d-95ad89ae35bc,2026-06-14T21:00:00Z,2026-06-14T23:00:00+0200,191.16,MW,FR,FR,actual_solar_generation,Solar,2026-07-13T04:57:06Z
2026-07-13T04:56:31Z,2026-07-13T06:56:31+0200,46fca521-fea0-4798-9f2d-95ad89ae35bc,2026-06-14T21:15:00Z,2026-06-14T23:15:00+0200,192.26,MW,FR,FR,actual_solar_generation,Solar,2026-07-13T04:57:06Z
2026-07-13T04:56:31Z,2026-07-13T06:56:31+0200,46fca521-fea0-4798-9f2d-95ad89ae35bc,2026-06-14T21:30:00Z,2026-06-14T23:30:00+0200,193.51,MW,FR,FR,actual_solar_generation,Solar,2026-07-13T04:57:06Z
2026-07-13T04:56:31Z,2026-07-13T06:56:31+0200,46fca521-fea0-4798-9f2d-95ad89ae35bc,2026-06-14T21:45:00Z,2026-06-14T23:45:00+0200,202.69,MW,FR,FR,actual_solar_generation,Solar,2026-07-13T04:57:06Z
2026-07-13T04:56:31Z,2026-07-13T06:56:31+0200,46fca521-fea0-4798-9f2d-95ad89ae35bc,2026-06-14T22:00:00Z,2026-06-15T00:00:00+0200,0.0,MW,FR,FR,actual_solar_generation,Solar,2026-07-13T04:57:06Z
2026-07-13T04:56:31Z,2026-07-13T06:56:31+0200,46fca521-fea0-4798-9f2d-95ad89ae35bc,2026-06-14T22:15:00Z,2026-06-15T00:15:00+0200,0.0,MW,FR,FR,actual_solar_generation,Solar,2026-07-13T04:57:06Z
2026-07-13T04:56:31Z,2026-07-13T06:56:31+0200,46fca521-fea0-4798-9f2d-95ad89ae35bc,2026-06-14T22:30:00Z,2026-06-15T00:30:00+0200,0.0,MW,FR,FR,actual_solar_generation,Solar,2026-07-13T04:57:06Z
2026-07-13T04:56:31Z,2026-07-13T06:56:31+0200,46fca521-fea0-4798-9f2d-95ad89ae35bc,2026-06-14T22:45:00Z,2026-06-15T00:45:00+0200,0.0,MW,FR,FR,actual_solar_generation,Solar,2026-07-13T04:57:06Z
2026-07-13T04:56:31Z,2026-07-13T06:56:31+0200,46fca521-fea0-4798-9f2d-95ad89ae35bc,2026-06-14T23:00:00Z,2026-06-15T01:00:00+0200,0.0,MW,FR,FR,actual_solar_generation,Solar,2026-07-13T04:57:06Z
2026-07-13T04:56:31Z,2026-07-13T06:56:31+0200,46fca521-fea0-4798-9f2d-95ad89ae35bc,2026-06-14T23:15:00Z,2026-06-15T01:15:00+0200,0.0,MW,FR,FR,actual_solar_generation,Solar,2026-07-13T04:57:06Z
2026-07-13T04:56:31Z,2026-07-13T06:56:31+0200,46fca521-fea0-4798-9f2d-95ad89ae35bc,2026-06-14T23:30:00Z,2026-06-15T01:30:00+0200,0.0,MW,FR,FR,actual_solar_generation,Solar,2026-07-13T04:57:06Z
2026-07-13T04:56:31Z,2026-07-13T06:56:31+0200,46fca521-fea0-4798-9f2d-95ad89ae35bc,2026-06-14T23:45:00Z,2026-06-15T01:45:00+0200,0.0,MW,FR,FR,actual_solar_generation,Solar,2026-07-13T04:57:06Z
2026-07-13T04:56:31Z,2026-07-13T06:56:31+0200,46fca521-fea0-4798-9f2d-95ad89ae35bc,2026-06-15T00:00:00Z,2026-06-15T02:00:00+0200,0.0,MW,FR,FR,actual_solar_generation,Solar,2026-07-13T04:57:06Z
2026-07-13T04:56:31Z,2026-07-13T06:56:31+0200,46fca521-fea0-4798-9f2d-95ad89ae35bc,2026-06-15T00:15:00Z,2026-06-15T02:15:00+0200,0.0,MW,FR,FR,actual_solar_generation,Solar,2026-07-13T04:57:06Z
2026-07-13T04:56:31Z,2026-07-13T06:56:31+0200,46fca521-fea0-4798-9f2d-95ad89ae35bc,2026-06-15T00:30:00Z,2026-06-15T02:30:00+0200,0.0,MW,FR,FR,actual_solar_generation,Solar,2026-07-13T04:57:06Z
2026-07-13T04:56:31Z,2026-07-13T06:56:31+0200,46fca521-fea0-4798-9f2d-95ad89ae35bc,2026-06-15T00:45:00Z,2026-06-15T02:45:00+0200,0.0,MW,FR,FR,actual_solar_generation,Solar,2026-07-13T04:57:06Z
2026-07-13T04:56:31Z,2026-07-13T06:56:31+0200,46fca521-fea0-4798-9f2d-95ad89ae35bc,2026-06-15T01:00:00Z,2026-06-15T03:00:00+0200,0.0,MW,FR,FR,actual_solar_generation,Solar,2026-07-13T04:57:06Z
2026-07-13T04:56:31Z,2026-07-13T06:56:31+0200,46fca521-fea0-4798-9f2d-95ad89ae35bc,2026-06-15T01:15:00Z,2026-06-15T03:15:00+0200,0.0,MW,FR,FR,actual_solar_generation,Solar,2026-07-13T04:57:06Z
2026-07-13T04:56:31Z,2026-07-13T06:56:31+0200,46fca521-fea0-4798-9f2d-95ad89ae35bc,2026-06-15T01:30:00Z,2026-06-15T03:30:00+0200,0.0,MW,FR,FR,actual_solar_generation,Solar,2026-07-13T04:57:06Z
2026-07-13T04:56:31Z,2026-07-13T06:56:31+0200,46fca521-fea0-4798-9f2d-95ad89ae35bc,2026-06-15T01:45:00Z,2026-06-15T03:45:00+0200,0.0,MW,FR,FR,actual_solar_generation,Solar,2026-07-13T04:57:06Z
2026-07-13T04:56:31Z,2026-07-13T06:56:31+0200,46fca521-fea0-4798-9f2d-95ad89ae35bc,2026-06-15T02:00:00Z,2026-06-15T04:00:00+0200,0.0,MW,FR,FR,actual_solar_generation,Solar,2026-07-13T04:57:06Z
2026-07-13T04:56:31Z,2026-07-13T06:56:31+0200,46fca521-fea0-4798-9f2d-95ad89ae35bc,2026-06-15T02:15:00Z,2026-06-15T04:15:00+0200,0.0,MW,FR,FR,actual_solar_generation,Solar,2026-07-13T04:57:06Z
2026-07-13T04:56:31Z,2026-07-13T06:56:31+0200,46fca521-fea0-4798-9f2d-95ad89ae35bc,2026-06-15T02:30:00Z,2026-06-15T04:30:00+0200,0.0,MW,FR,FR,actual_solar_generation,Solar,2026-07-13T04:57:06Z
2026-07-13T04:56:31Z,2026-07-13T06:56:31+0200,46fca521-fea0-4798-9f2d-95ad89ae35bc,2026-06-15T02:45:00Z,2026-06-15T04:45:00+0200,0.0,MW,FR,FR,actual_solar_generation,Solar,2026-07-13T04:57:06Z
2026-07-13T04:56:31Z,2026-07-13T06:56:31+0200,46fca521-fea0-4798-9f2d-95ad89ae35bc,2026-06-15T03:00:00Z,2026-06-15T05:00:00+0200,0.0,MW,FR,FR,actual_solar_generation,Solar,2026-07-13T04:57:06Z
2026-07-13T04:56:31Z,2026-07-13T06:56:31+0200,46fca521-fea0-4798-9f2d-95ad89ae35bc,2026-06-15T03:15:00Z,2026-06-15T05:15:00+0200,0.0,MW,FR,FR,actual_solar_generation,Solar,2026-07-13T04:57:06Z
2026-07-13T04:56:31Z,2026-07-13T06:56:31+0200,46fca521-fea0-4798-9f2d-95ad89ae35bc,2026-06-15T03:30:00Z,2026-06-15T05:30:00+0200,0.0,MW,FR,FR,actual_solar_generation,Solar,2026-07-13T04:57:06Z
2026-07-13T04:56:31Z,2026-07-13T06:56:31+0200,46fca521-fea0-4798-9f2d-95ad89ae35bc,2026-06-15T03:45:00Z,2026-06-15T05:45:00+0200,0.0,MW,FR,FR,actual_solar_generation,Solar,2026-07-13T04:57:06Z
2026-07-13T04:56:31Z,2026-07-13T06:56:31+0200,46fca521-fea0-4798-9f2d-95ad89ae35bc,2026-06-15T04:00:00Z,2026-06-15T06:00:00+0200,286.74,MW,FR,FR,actual_solar_generation,Solar,2026-07-13T04:57:06Z
2026-07-13T04:56:31Z,2026-07-13T06:56:31+0200,46fca521-fea0-4798-9f2d-95ad89ae35bc,2026-06-15T04:15:00Z,2026-06-15T06:15:00+0200,393.87,MW,FR,FR,actual_solar_generation,Solar,2026-07-13T04:57:06Z
2026-07-13T04:56:31Z,2026-07-13T06:56:31+0200,46fca521-fea0-4798-9f2d-95ad89ae35bc,2026-06-15T04:30:00Z,2026-06-15T06:30:00+0200,598.38,MW,FR,FR,actual_solar_generation,Solar,2026-07-13T04:57:06Z
2026-07-13T04:56:31Z,2026-07-13T06:56:31+0200,46fca521-fea0-4798-9f2d-95ad89ae35bc,2026-06-15T04:45:00Z,2026-06-15T06:45:00+0200,930.59,MW,FR,FR,actual_solar_generation,Solar,2026-07-13T04:57:06Z
2026-07-13T04:56:31Z,2026-07-13T06:56:31+0200,46fca521-fea0-4798-9f2d-95ad89ae35bc,2026-06-15T05:00:00Z,2026-06-15T07:00:00+0200,1378.61,MW,FR,FR,actual_solar_generation,Solar,2026-07-13T04:57:06Z
2026-07-13T04:56:31Z,2026-07-13T06:56:31+0200,46fca521-fea0-4798-9f2d-95ad89ae35bc,2026-06-15T05:15:00Z,2026-06-15T07:15:00+0200,1958.01,MW,FR,FR,actual_solar_generation,Solar,2026-07-13T04:57:06Z
2026-07-13T04:56:31Z,2026-07-13T06:56:31+0200,46fca521-fea0-4798-9f2d-95ad89ae35bc,2026-06-15T05:30:00Z,2026-06-15T07:30:00+0200,2692.12,MW,FR,FR,actual_solar_generation,Solar,2026-07-13T04:57:06Z
2026-07-13T04:56:31Z,2026-07-13T06:56:31+0200,46fca521-fea0-4798-9f2d-95ad89ae35bc,2026-06-15T05:45:00Z,2026-06-15T07:45:00+0200,3462.79,MW,FR,FR,actual_solar_generation,Solar,2026-07-13T04:57:06Z
2026-07-13T04:56:31Z,2026-07-13T06:56:31+0200,46fca521-fea0-4798-9f2d-95ad89ae35bc,2026-06-15T06:00:00Z,2026-06-15T08:00:00+0200,4373.04,MW,FR,FR,actual_solar_generation,Solar,2026-07-13T04:57:06Z
2026-07-13T04:56:31Z,2026-07-13T06:56:31+0200,46fca521-fea0-4798-9f2d-95ad89ae35bc,2026-06-15T06:15:00Z,2026-06-15T08:15:00+0200,5520.35,MW,FR,FR,actual_solar_generation,Solar,2026-07-13T04:57:06Z
2026-07-13T04:56:31Z,2026-07-13T06:56:31+0200,46fca521-fea0-4798-9f2d-95ad89ae35bc,2026-06-15T06:30:00Z,2026-06-15T08:30:00+0200,6741.84,MW,FR,FR,actual_solar_generation,Solar,2026-07-13T04:57:06Z
2026-07-13T04:56:31Z,2026-07-13T06:56:31+0200,46fca521-fea0-4798-9f2d-95ad89ae35bc,2026-06-15T06:45:00Z,2026-06-15T08:45:00+0200,7986.34,MW,FR,FR,actual_solar_generation,Solar,2026-07-13T04:57:06Z
2026-07-13T04:56:31Z,2026-07-13T06:56:31+0200,46fca521-fea0-4798-9f2d-95ad89ae35bc,2026-06-15T07:00:00Z,2026-06-15T09:00:00+0200,9209.86,MW,FR,FR,actual_solar_generation,Solar,2026-07-13T04:57:06Z
2026-07-13T04:56:31Z,2026-07-13T06:56:31+0200,46fca521-fea0-4798-9f2d-95ad89ae35bc,2026-06-15T07:15:00Z,2026-06-15T09:15:00+0200,10465.45,MW,FR,FR,actual_solar_generation,Solar,2026-07-13T04:57:06Z
2026-07-13T04:56:31Z,2026-07-13T06:56:31+0200,46fca521-fea0-4798-9f2d-95ad89ae35bc,2026-06-15T07:30:00Z,2026-06-15T09:30:00+0200,11564.4,MW,FR,FR,actual_solar_generation,Solar,2026-07-13T04:57:06Z
2026-07-13T04:56:31Z,2026-07-13T06:56:31+0200,46fca521-fea0-4798-9f2d-95ad89ae35bc,2026-06-15T07:45:00Z,2026-06-15T09:45:00+0200,12596.57,MW,FR,FR,actual_solar_generation,Solar,2026-07-13T04:57:06Z
2026-07-13T04:56:31Z,2026-07-13T06:56:31+0200,46fca521-fea0-4798-9f2d-95ad89ae35bc,2026-06-15T08:00:00Z,2026-06-15T10:00:00+0200,13654.88,MW,FR,FR,actual_solar_generation,Solar,2026-07-13T04:57:06Z
2026-07-13T04:56:31Z,2026-07-13T06:56:31+0200,46fca521-fea0-4798-9f2d-95ad89ae35bc,2026-06-15T08:15:00Z,2026-06-15T10:15:00+0200,14677.85,MW,FR,FR,actual_solar_generation,Solar,2026-07-13T04:57:06Z
2026-07-13T04:56:31Z,2026-07-13T06:56:31+0200,46fca521-fea0-4798-9f2d-95ad89ae35bc,2026-06-15T08:30:00Z,2026-06-15T10:30:00+0200,15530.72,MW,FR,FR,actual_solar_generation,Solar,2026-07-13T04:57:06Z
2026-07-13T04:56:31Z,2026-07-13T06:56:31+0200,46fca521-fea0-4798-9f2d-95ad89ae35bc,2026-06-15T08:45:00Z,2026-06-15T10:45:00+0200,16342.29,MW,FR,FR,actual_solar_generation,Solar,2026-07-13T04:57:06Z
2026-07-13T04:56:31Z,2026-07-13T06:56:31+0200,46fca521-fea0-4798-9f2d-95ad89ae35bc,2026-06-15T09:00:00Z,2026-06-15T11:00:00+0200,17063.88,MW,FR,FR,actual_solar_generation,Solar,2026-07-13T04:57:06Z
2026-07-13T04:56:31Z,2026-07-13T06:56:31+0200,46fca521-fea0-4798-9f2d-95ad89ae35bc,2026-06-15T09:15:00Z,2026-06-15T11:15:00+0200,17669.65,MW,FR,FR,actual_solar_generation,Solar,2026-07-13T04:57:06Z
2026-07-13T04:56:31Z,2026-07-13T06:56:31+0200,46fca521-fea0-4798-9f2d-95ad89ae35bc,2026-06-15T09:30:00Z,2026-06-15T11:30:00+0200,18378.32,MW,FR,FR,actual_solar_generation,Solar,2026-07-13T04:57:06Z
2026-07-13T04:56:31Z,2026-07-13T06:56:31+0200,46fca521-fea0-4798-9f2d-95ad89ae35bc,2026-06-15T09:45:00Z,2026-06-15T11:45:00+0200,18859.1,MW,FR,FR,actual_solar_generation,Solar,2026-07-13T04:57:06Z
2026-07-13T04:56:31Z,2026-07-13T06:56:31+0200,46fca521-fea0-4798-9f2d-95ad89ae35bc,2026-06-15T10:00:00Z,2026-06-15T12:00:00+0200,19212.42,MW,FR,FR,actual_solar_generation,Solar,2026-07-13T04:57:06Z
2026-07-13T04:56:31Z,2026-07-13T06:56:31+0200,46fca521-fea0-4798-9f2d-95ad89ae35bc,2026-06-15T10:15:00Z,2026-06-15T12:15:00+0200,19514.12,MW,FR,FR,actual_solar_generation,Solar,2026-07-13T04:57:06Z
2026-07-13T04:56:31Z,2026-07-13T06:56:31+0200,46fca521-fea0-4798-9f2d-95ad89ae35bc,2026-06-15T10:30:00Z,2026-06-15T12:30:00+0200,19888.42,MW,FR,FR,actual_solar_generation,Solar,2026-07-13T04:57:06Z
2026-07-13T04:56:31Z,2026-07-13T06:56:31+0200,46fca521-fea0-4798-9f2d-95ad89ae35bc,2026-06-15T10:45:00Z,2026-06-15T12:45:00+0200,20160.25,MW,FR,FR,actual_solar_generation,Solar,2026-07-13T04:57:06Z
2026-07-13T04:56:31Z,2026-07-13T06:56:31+0200,46fca521-fea0-4798-9f2d-95ad89ae35bc,2026-06-15T11:00:00Z,2026-06-15T13:00:00+0200,20252.88,MW,FR,FR,actual_solar_generation,Solar,2026-07-13T04:57:06Z
2026-07-13T04:56:31Z,2026-07-13T06:56:31+0200,46fca521-fea0-4798-9f2d-95ad89ae35bc,2026-06-15T11:15:00Z,2026-06-15T13:15:00+0200,20263.62,MW,FR,FR,actual_solar_generation,Solar,2026-07-13T04:57:06Z
2026-07-13T04:56:31Z,2026-07-13T06:56:31+0200,46fca521-fea0-4798-9f2d-95ad89ae35bc,2026-06-15T11:30:00Z,2026-06-15T13:30:00+0200,20312.18,MW,FR,FR,actual_solar_generation,Solar,2026-07-13T04:57:06Z
2026-07-13T04:56:31Z,2026-07-13T06:56:31+0200,46fca521-fea0-4798-9f2d-95ad89ae35bc,2026-06-15T11:45:00Z,2026-06-15T13:45:00+0200,20371.17,MW,FR,FR,actual_solar_generation,Solar,2026-07-13T04:57:06Z
2026-07-13T04:56:31Z,2026-07-13T06:56:31+0200,46fca521-fea0-4798-9f2d-95ad89ae35bc,2026-06-15T12:00:00Z,2026-06-15T14:00:00+0200,20310.24,MW,FR,FR,actual_solar_generation,Solar,2026-07-13T04:57:06Z
2026-07-13T04:56:31Z,2026-07-13T06:56:31+0200,46fca521-fea0-4798-9f2d-95ad89ae35bc,2026-06-15T12:15:00Z,2026-06-15T14:15:00+0200,20139.75,MW,FR,FR,actual_solar_generation,Solar,2026-07-13T04:57:06Z
2026-07-13T04:56:31Z,2026-07-13T06:56:31+0200,46fca521-fea0-4798-9f2d-95ad89ae35bc,2026-06-15T12:30:00Z,2026-06-15T14:30:00+0200,20103.44,MW,FR,FR,actual_solar_generation,Solar,2026-07-13T04:57:06Z
2026-07-13T04:56:31Z,2026-07-13T06:56:31+0200,46fca521-fea0-4798-9f2d-95ad89ae35bc,2026-06-15T12:45:00Z,2026-06-15T14:45:00+0200,20099.69,MW,FR,FR,actual_solar_generation,Solar,2026-07-13T04:57:06Z
2026-07-13T04:56:31Z,2026-07-13T06:56:31+0200,46fca521-fea0-4798-9f2d-95ad89ae35bc,2026-06-15T13:00:00Z,2026-06-15T15:00:00+0200,19751.78,MW,FR,FR,actual_solar_generation,Solar,2026-07-13T04:57:06Z
2026-07-13T04:56:31Z,2026-07-13T06:56:31+0200,46fca521-fea0-4798-9f2d-95ad89ae35bc,2026-06-15T13:15:00Z,2026-06-15T15:15:00+0200,19398.99,MW,FR,FR,actual_solar_generation,Solar,2026-07-13T04:57:06Z
2026-07-13T04:56:31Z,2026-07-13T06:56:31+0200,46fca521-fea0-4798-9f2d-95ad89ae35bc,2026-06-15T13:30:00Z,2026-06-15T15:30:00+0200,19104.78,MW,FR,FR,actual_solar_generation,Solar,2026-07-13T04:57:06Z
2026-07-13T04:56:31Z,2026-07-13T06:56:31+0200,46fca521-fea0-4798-9f2d-95ad89ae35bc,2026-06-15T13:45:00Z,2026-06-15T15:45:00+0200,18613.78,MW,FR,FR,actual_solar_generation,Solar,2026-07-13T04:57:06Z
2026-07-13T04:56:31Z,2026-07-13T06:56:31+0200,46fca521-fea0-4798-9f2d-95ad89ae35bc,2026-06-15T14:00:00Z,2026-06-15T16:00:00+0200,18116.7,MW,FR,FR,actual_solar_generation,Solar,2026-07-13T04:57:06Z
2026-07-13T04:56:31Z,2026-07-13T06:56:31+0200,46fca521-fea0-4798-9f2d-95ad89ae35bc,2026-06-15T14:15:00Z,2026-06-15T16:15:00+0200,17586.68,MW,FR,FR,actual_solar_generation,Solar,2026-07-13T04:57:06Z
2026-07-13T04:56:31Z,2026-07-13T06:56:31+0200,46fca521-fea0-4798-9f2d-95ad89ae35bc,2026-06-15T14:30:00Z,2026-06-15T16:30:00+0200,17015.64,MW,FR,FR,actual_solar_generation,Solar,2026-07-13T04:57:06Z
2026-07-13T04:56:31Z,2026-07-13T06:56:31+0200,46fca521-fea0-4798-9f2d-95ad89ae35bc,2026-06-15T14:45:00Z,2026-06-15T16:45:00+0200,16212.0,MW,FR,FR,actual_solar_generation,Solar,2026-07-13T04:57:06Z
2026-07-13T04:56:31Z,2026-07-13T06:56:31+0200,46fca521-fea0-4798-9f2d-95ad89ae35bc,2026-06-15T15:00:00Z,2026-06-15T17:00:00+0200,15519.02,MW,FR,FR,actual_solar_generation,Solar,2026-07-13T04:57:06Z
2026-07-13T04:56:31Z,2026-07-13T06:56:31+0200,46fca521-fea0-4798-9f2d-95ad89ae35bc,2026-06-15T15:15:00Z,2026-06-15T17:15:00+0200,14665.92,MW,FR,FR,actual_solar_generation,Solar,2026-07-13T04:57:06Z
2026-07-13T04:56:31Z,2026-07-13T06:56:31+0200,46fca521-fea0-4798-9f2d-95ad89ae35bc,2026-06-15T15:30:00Z,2026-06-15T17:30:00+0200,13737.48,MW,FR,FR,actual_solar_generation,Solar,2026-07-13T04:57:06Z
2026-07-13T04:56:31Z,2026-07-13T06:56:31+0200,46fca521-fea0-4798-9f2d-95ad89ae35bc,2026-06-15T15:45:00Z,2026-06-15T17:45:00+0200,12751.63,MW,FR,FR,actual_solar_generation,Solar,2026-07-13T04:57:06Z
2026-07-13T04:56:31Z,2026-07-13T06:56:31+0200,46fca521-fea0-4798-9f2d-95ad89ae35bc,2026-06-15T16:00:00Z,2026-06-15T18:00:00+0200,11735.46,MW,FR,FR,actual_solar_generation,Solar,2026-07-13T04:57:06Z
2026-07-13T04:56:31Z,2026-07-13T06:56:31+0200,46fca521-fea0-4798-9f2d-95ad89ae35bc,2026-06-15T16:15:00Z,2026-06-15T18:15:00+0200,10691.96,MW,FR,FR,actual_solar_generation,Solar,2026-07-13T04:57:06Z
2026-07-13T04:56:31Z,2026-07-13T06:56:31+0200,46fca521-fea0-4798-9f2d-95ad89ae35bc,2026-06-15T16:30:00Z,2026-06-15T18:30:00+0200,9621.65,MW,FR,FR,actual_solar_generation,Solar,2026-07-13T04:57:06Z
2026-07-13T04:56:31Z,2026-07-13T06:56:31+0200,46fca521-fea0-4798-9f2d-95ad89ae35bc,2026-06-15T16:45:00Z,2026-06-15T18:45:00+0200,8479.97,MW,FR,FR,actual_solar_generation,Solar,2026-07-13T04:57:06Z
2026-07-13T04:56:31Z,2026-07-13T06:56:31+0200,46fca521-fea0-4798-9f2d-95ad89ae35bc,2026-06-15T17:00:00Z,2026-06-15T19:00:00+0200,7336.3,MW,FR,FR,actual_solar_generation,Solar,2026-07-13T04:57:06Z
2026-07-13T04:56:31Z,2026-07-13T06:56:31+0200,46fca521-fea0-4798-9f2d-95ad89ae35bc,2026-06-15T17:15:00Z,2026-06-15T19:15:00+0200,6126.82,MW,FR,FR,actual_solar_generation,Solar,2026-07-13T04:57:06Z
2026-07-13T04:56:31Z,2026-07-13T06:56:31+0200,46fca521-fea0-4798-9f2d-95ad89ae35bc,2026-06-15T17:30:00Z,2026-06-15T19:30:00+0200,4971.67,MW,FR,FR,actual_solar_generation,Solar,2026-07-13T04:57:06Z
2026-07-13T04:56:31Z,2026-07-13T06:56:31+0200,46fca521-fea0-4798-9f2d-95ad89ae35bc,2026-06-15T17:45:00Z,2026-06-15T19:45:00+0200,3949.22,MW,FR,FR,actual_solar_generation,Solar,2026-07-13T04:57:06Z
2026-07-13T04:56:31Z,2026-07-13T06:56:31+0200,46fca521-fea0-4798-9f2d-95ad89ae35bc,2026-06-15T18:00:00Z,2026-06-15T20:00:00+0200,3047.11,MW,FR,FR,actual_solar_generation,Solar,2026-07-13T04:57:06Z
2026-07-13T04:56:31Z,2026-07-13T06:56:31+0200,46fca521-fea0-4798-9f2d-95ad89ae35bc,2026-06-15T18:15:00Z,2026-06-15T20:15:00+0200,2275.24,MW,FR,FR,actual_solar_generation,Solar,2026-07-13T04:57:06Z
2026-07-13T04:56:31Z,2026-07-13T06:56:31+0200,46fca521-fea0-4798-9f2d-95ad89ae35bc,2026-06-15T18:30:00Z,2026-06-15T20:30:00+0200,1661.6,MW,FR,FR,actual_solar_generation,Solar,2026-07-13T04:57:06Z
2026-07-13T04:56:31Z,2026-07-13T06:56:31+0200,46fca521-fea0-4798-9f2d-95ad89ae35bc,2026-06-15T18:45:00Z,2026-06-15T20:45:00+0200,1195.61,MW,FR,FR,actual_solar_generation,Solar,2026-07-13T04:57:06Z
2026-07-13T04:56:31Z,2026-07-13T06:56:31+0200,46fca521-fea0-4798-9f2d-95ad89ae35bc,2026-06-15T19:00:00Z,2026-06-15T21:00:00+0200,829.8,MW,FR,FR,actual_solar_generation,Solar,2026-07-13T04:57:06Z
2026-07-13T04:56:31Z,2026-07-13T06:56:31+0200,46fca521-fea0-4798-9f2d-95ad89ae35bc,2026-06-15T19:15:00Z,2026-06-15T21:15:00+0200,539.54,MW,FR,FR,actual_solar_generation,Solar,2026-07-13T04:57:06Z
2026-07-13T04:56:31Z,2026-07-13T06:56:31+0200,46fca521-fea0-4798-9f2d-95ad89ae35bc,2026-06-15T19:30:00Z,2026-06-15T21:30:00+0200,339.0,MW,FR,FR,actual_solar_generation,Solar,2026-07-13T04:57:06Z
2026-07-13T04:56:31Z,2026-07-13T06:56:31+0200,46fca521-fea0-4798-9f2d-95ad89ae35bc,2026-06-15T19:45:00Z,2026-06-15T21:45:00+0200,249.1,MW,FR,FR,actual_solar_generation,Solar,2026-07-13T04:57:06Z
2026-07-13T04:56:31Z,2026-07-13T06:56:31+0200,46fca521-fea0-4798-9f2d-95ad89ae35bc,2026-06-15T20:00:00Z,2026-06-15T22:00:00+0200,207.45,MW,FR,FR,actual_solar_generation,Solar,2026-07-13T04:57:06Z
2026-07-13T04:56:31Z,2026-07-13T06:56:31+0200,46fca521-fea0-4798-9f2d-95ad89ae35bc,2026-06-15T20:15:00Z,2026-06-15T22:15:00+0200,193.41,MW,FR,FR,actual_solar_generation,Solar,2026-07-13T04:57:06Z
2026-07-13T04:56:31Z,2026-07-13T06:56:31+0200,46fca521-fea0-4798-9f2d-95ad89ae35bc,2026-06-15T20:30:00Z,2026-06-15T22:30:00+0200,194.49,MW,FR,FR,actual_solar_generation,Solar,2026-07-13T04:57:06Z
2026-07-13T04:56:31Z,2026-07-13T06:56:31+0200,46fca521-fea0-4798-9f2d-95ad89ae35bc,2026-06-15T20:45:00Z,2026-06-15T22:45:00+0200,194.73,MW,FR,FR,actual_solar_generation,Solar,2026-07-13T04:57:06Z
2026-07-13T04:56:31Z,2026-07-13T06:56:31+0200,46fca521-fea0-4798-9f2d-95ad89ae35bc,2026-06-15T21:00:00Z,2026-06-15T23:00:00+0200,192.07,MW,FR,FR,actual_solar_generation,Solar,2026-07-13T04:57:06Z
2026-07-13T04:56:31Z,2026-07-13T06:56:31+0200,46fca521-fea0-4798-9f2d-95ad89ae35bc,2026-06-15T21:15:00Z,2026-06-15T23:15:00+0200,192.49,MW,FR,FR,actual_solar_generation,Solar,2026-07-13T04:57:06Z
2026-07-13T04:56:31Z,2026-07-13T06:56:31+0200,46fca521-fea0-4798-9f2d-95ad89ae35bc,2026-06-15T21:30:00Z,2026-06-15T23:30:00+0200,191.29,MW,FR,FR,actual_solar_generation,Solar,2026-07-13T04:57:06Z
2026-07-13T04:56:31Z,2026-07-13T06:56:31+0200,46fca521-fea0-4798-9f2d-95ad89ae35bc,2026-06-15T21:45:00Z,2026-06-15T23:45:00+0200,191.77,MW,FR,FR,actual_solar_generation,Solar,2026-07-13T04:57:06Z
2026-07-13T04:56:31Z,2026-07-13T06:56:31+0200,46fca521-fea0-4798-9f2d-95ad89ae35bc,2026-06-15T22:00:00Z,2026-06-16T00:00:00+0200,0.0,MW,FR,FR,actual_solar_generation,Solar,2026-07-13T04:57:06Z
2026-07-13T04:56:31Z,2026-07-13T06:56:31+0200,46fca521-fea0-4798-9f2d-95ad89ae35bc,2026-06-15T22:15:00Z,2026-06-16T00:15:00+0200,0.0,MW,FR,FR,actual_solar_generation,Solar,2026-07-13T04:57:06Z
2026-07-13T04:56:31Z,2026-07-13T06:56:31+0200,46fca521-fea0-4798-9f2d-95ad89ae35bc,2026-06-15T22:30:00Z,2026-06-16T00:30:00+0200,0.0,MW,FR,FR,actual_solar_generation,Solar,2026-07-13T04:57:06Z
2026-07-13T04:56:31Z,2026-07-13T06:56:31+0200,46fca521-fea0-4798-9f2d-95ad89ae35bc,2026-06-15T22:45:00Z,2026-06-16T00:45:00+0200,0.0,MW,FR,FR,actual_solar_generation,Solar,2026-07-13T04:57:06Z
2026-07-13T04:56:31Z,2026-07-13T06:56:31+0200,46fca521-fea0-4798-9f2d-95ad89ae35bc,2026-06-15T23:00:00Z,2026-06-16T01:00:00+0200,0.0,MW,FR,FR,actual_solar_generation,Solar,2026-07-13T04:57:06Z
2026-07-13T04:56:31Z,2026-07-13T06:56:31+0200,46fca521-fea0-4798-9f2d-95ad89ae35bc,2026-06-15T23:15:00Z,2026-06-16T01:15:00+0200,0.0,MW,FR,FR,actual_solar_generation,Solar,2026-07-13T04:57:06Z
2026-07-13T04:56:31Z,2026-07-13T06:56:31+0200,46fca521-fea0-4798-9f2d-95ad89ae35bc,2026-06-15T23:30:00Z,2026-06-16T01:30:00+0200,0.0,MW,FR,FR,actual_solar_generation,Solar,2026-07-13T04:57:06Z
2026-07-13T04:56:31Z,2026-07-13T06:56:31+0200,46fca521-fea0-4798-9f2d-95ad89ae35bc,2026-06-15T23:45:00Z,2026-06-16T01:45:00+0200,0.0,MW,FR,FR,actual_solar_generation,Solar,2026-07-13T04:57:06Z
2026-07-13T04:56:31Z,2026-07-13T06:56:31+0200,46fca521-fea0-4798-9f2d-95ad89ae35bc,2026-06-16T00:00:00Z,2026-06-16T02:00:00+0200,0.0,MW,FR,FR,actual_solar_generation,Solar,2026-07-13T04:57:06Z
2026-07-13T04:56:31Z,2026-07-13T06:56:31+0200,46fca521-fea0-4798-9f2d-95ad89ae35bc,2026-06-16T00:15:00Z,2026-06-16T02:15:00+0200,0.0,MW,FR,FR,actual_solar_generation,Solar,2026-07-13T04:57:06Z
2026-07-13T04:56:31Z,2026-07-13T06:56:31+0200,46fca521-fea0-4798-9f2d-95ad89ae35bc,2026-06-16T00:30:00Z,2026-06-16T02:30:00+0200,0.0,MW,FR,FR,actual_solar_generation,Solar,2026-07-13T04:57:06Z
2026-07-13T04:56:31Z,2026-07-13T06:56:31+0200,46fca521-fea0-4798-9f2d-95ad89ae35bc,2026-06-16T00:45:00Z,2026-06-16T02:45:00+0200,0.0,MW,FR,FR,actual_solar_generation,Solar,2026-07-13T04:57:06Z
2026-07-13T04:56:31Z,2026-07-13T06:56:31+0200,46fca521-fea0-4798-9f2d-95ad89ae35bc,2026-06-16T01:00:00Z,2026-06-16T03:00:00+0200,0.0,MW,FR,FR,actual_solar_generation,Solar,2026-07-13T04:57:06Z
2026-07-13T04:56:31Z,2026-07-13T06:56:31+0200,46fca521-fea0-4798-9f2d-95ad89ae35bc,2026-06-16T01:15:00Z,2026-06-16T03:15:00+0200,0.0,MW,FR,FR,actual_solar_generation,Solar,2026-07-13T04:57:06Z
2026-07-13T04:56:31Z,2026-07-13T06:56:31+0200,46fca521-fea0-4798-9f2d-95ad89ae35bc,2026-06-16T01:30:00Z,2026-06-16T03:30:00+0200,0.0,MW,FR,FR,actual_solar_generation,Solar,2026-07-13T04:57:06Z
2026-07-13T04:56:31Z,2026-07-13T06:56:31+0200,46fca521-fea0-4798-9f2d-95ad89ae35bc,2026-06-16T01:45:00Z,2026-06-16T03:45:00+0200,0.0,MW,FR,FR,actual_solar_generation,Solar,2026-07-13T04:57:06Z
2026-07-13T04:56:31Z,2026-07-13T06:56:31+0200,46fca521-fea0-4798-9f2d-95ad89ae35bc,2026-06-16T02:00:00Z,2026-06-16T04:00:00+0200,0.0,MW,FR,FR,actual_solar_generation,Solar,2026-07-13T04:57:06Z
2026-07-13T04:56:31Z,2026-07-13T06:56:31+0200,46fca521-fea0-4798-9f2d-95ad89ae35bc,2026-06-16T02:15:00Z,2026-06-16T04:15:00+0200,0.0,MW,FR,FR,actual_solar_generation,Solar,2026-07-13T04:57:06Z
2026-07-13T04:56:31Z,2026-07-13T06:56:31+0200,46fca521-fea0-4798-9f2d-95ad89ae35bc,2026-06-16T02:30:00Z,2026-06-16T04:30:00+0200,0.0,MW,FR,FR,actual_solar_generation,Solar,2026-07-13T04:57:06Z
2026-07-13T04:56:31Z,2026-07-13T06:56:31+0200,46fca521-fea0-4798-9f2d-95ad89ae35bc,2026-06-16T02:45:00Z,2026-06-16T04:45:00+0200,0.0,MW,FR,FR,actual_solar_generation,Solar,2026-07-13T04:57:06Z
2026-07-13T04:56:31Z,2026-07-13T06:56:31+0200,46fca521-fea0-4798-9f2d-95ad89ae35bc,2026-06-16T03:00:00Z,2026-06-16T05:00:00+0200,0.0,MW,FR,FR,actual_solar_generation,Solar,2026-07-13T04:57:06Z
2026-07-13T04:56:31Z,2026-07-13T06:56:31+0200,46fca521-fea0-4798-9f2d-95ad89ae35bc,2026-06-16T03:15:00Z,2026-06-16T05:15:00+0200,0.0,MW,FR,FR,actual_solar_generation,Solar,2026-07-13T04:57:06Z
2026-07-13T04:56:31Z,2026-07-13T06:56:31+0200,46fca521-fea0-4798-9f2d-95ad89ae35bc,2026-06-16T03:30:00Z,2026-06-16T05:30:00+0200,0.0,MW,FR,FR,actual_solar_generation,Solar,2026-07-13T04:57:06Z
2026-07-13T04:56:31Z,2026-07-13T06:56:31+0200,46fca521-fea0-4798-9f2d-95ad89ae35bc,2026-06-16T03:45:00Z,2026-06-16T05:45:00+0200,0.0,MW,FR,FR,actual_solar_generation,Solar,2026-07-13T04:57:06Z
2026-07-13T04:56:31Z,2026-07-13T06:56:31+0200,46fca521-fea0-4798-9f2d-95ad89ae35bc,2026-06-16T04:00:00Z,2026-06-16T06:00:00+0200,287.75,MW,FR,FR,actual_solar_generation,Solar,2026-07-13T04:57:06Z
2026-07-13T04:56:31Z,2026-07-13T06:56:31+0200,46fca521-fea0-4798-9f2d-95ad89ae35bc,2026-06-16T04:15:00Z,2026-06-16T06:15:00+0200,377.77,MW,FR,FR,actual_solar_generation,Solar,2026-07-13T04:57:06Z
2026-07-13T04:56:31Z,2026-07-13T06:56:31+0200,46fca521-fea0-4798-9f2d-95ad89ae35bc,2026-06-16T04:30:00Z,2026-06-16T06:30:00+0200,526.09,MW,FR,FR,actual_solar_generation,Solar,2026-07-13T04:57:06Z
2026-07-13T04:56:31Z,2026-07-13T06:56:31+0200,46fca521-fea0-4798-9f2d-95ad89ae35bc,2026-06-16T04:45:00Z,2026-06-16T06:45:00+0200,770.51,MW,FR,FR,actual_solar_generation,Solar,2026-07-13T04:57:06Z
2026-07-13T04:56:31Z,2026-07-13T06:56:31+0200,46fca521-fea0-4798-9f2d-95ad89ae35bc,2026-06-16T05:00:00Z,2026-06-16T07:00:00+0200,1102.59,MW,FR,FR,actual_solar_generation,Solar,2026-07-13T04:57:06Z
2026-07-13T04:56:31Z,2026-07-13T06:56:31+0200,46fca521-fea0-4798-9f2d-95ad89ae35bc,2026-06-16T05:15:00Z,2026-06-16T07:15:00+0200,1532.5,MW,FR,FR,actual_solar_generation,Solar,2026-07-13T04:57:06Z
2026-07-13T04:56:31Z,2026-07-13T06:56:31+0200,46fca521-fea0-4798-9f2d-95ad89ae35bc,2026-06-16T05:30:00Z,2026-06-16T07:30:00+0200,2077.0,MW,FR,FR,actual_solar_generation,Solar,2026-07-13T04:57:06Z
2026-07-13T04:56:31Z,2026-07-13T06:56:31+0200,46fca521-fea0-4798-9f2d-95ad89ae35bc,2026-06-16T05:45:00Z,2026-06-16T07:45:00+0200,2593.38,MW,FR,FR,actual_solar_generation,Solar,2026-07-13T04:57:06Z
2026-07-13T04:56:31Z,2026-07-13T06:56:31+0200,46fca521-fea0-4798-9f2d-95ad89ae35bc,2026-06-16T06:00:00Z,2026-06-16T08:00:00+0200,3140.21,MW,FR,FR,actual_solar_generation,Solar,2026-07-13T04:57:06Z
2026-07-13T04:56:31Z,2026-07-13T06:56:31+0200,46fca521-fea0-4798-9f2d-95ad89ae35bc,2026-06-16T06:15:00Z,2026-06-16T08:15:00+0200,3828.7,MW,FR,FR,actual_solar_generation,Solar,2026-07-13T04:57:06Z
2026-07-13T04:56:31Z,2026-07-13T06:56:31+0200,46fca521-fea0-4798-9f2d-95ad89ae35bc,2026-06-16T06:30:00Z,2026-06-16T08:30:00+0200,4608.15,MW,FR,FR,actual_solar_generation,Solar,2026-07-13T04:57:06Z
2026-07-13T04:56:31Z,2026-07-13T06:56:31+0200,46fca521-fea0-4798-9f2d-95ad89ae35bc,2026-06-16T06:45:00Z,2026-06-16T08:45:00+0200,5291.66,MW,FR,FR,actual_solar_generation,Solar,2026-07-13T04:57:06Z
2026-07-13T04:56:31Z,2026-07-13T06:56:31+0200,46fca521-fea0-4798-9f2d-95ad89ae35bc,2026-06-16T07:00:00Z,2026-06-16T09:00:00+0200,6038.58,MW,FR,FR,actual_solar_generation,Solar,2026-07-13T04:57:06Z
2026-07-13T04:56:31Z,2026-07-13T06:56:31+0200,46fca521-fea0-4798-9f2d-95ad89ae35bc,2026-06-16T07:15:00Z,2026-06-16T09:15:00+0200,6765.43,MW,FR,FR,actual_solar_generation,Solar,2026-07-13T04:57:06Z
2026-07-13T04:56:31Z,2026-07-13T06:56:31+0200,46fca521-fea0-4798-9f2d-95ad89ae35bc,2026-06-16T07:30:00Z,2026-06-16T09:30:00+0200,7517.51,MW,FR,FR,actual_solar_generation,Solar,2026-07-13T04:57:06Z
2026-07-13T04:56:31Z,2026-07-13T06:56:31+0200,46fca521-fea0-4798-9f2d-95ad89ae35bc,2026-06-16T07:45:00Z,2026-06-16T09:45:00+0200,8345.8,MW,FR,FR,actual_solar_generation,Solar,2026-07-13T04:57:06Z
2026-07-13T04:56:31Z,2026-07-13T06:56:31+0200,46fca521-fea0-4798-9f2d-95ad89ae35bc,2026-06-16T08:00:00Z,2026-06-16T10:00:00+0200,9137.51,MW,FR,FR,actual_solar_generation,Solar,2026-07-13T04:57:06Z
2026-07-13T04:56:31Z,2026-07-13T06:56:31+0200,46fca521-fea0-4798-9f2d-95ad89ae35bc,2026-06-16T08:15:00Z,2026-06-16T10:15:00+0200,9939.46,MW,FR,FR,actual_solar_generation,Solar,2026-07-13T04:57:06Z
2026-07-13T04:56:31Z,2026-07-13T06:56:31+0200,46fca521-fea0-4798-9f2d-95ad89ae35bc,2026-06-16T08:30:00Z,2026-06-16T10:30:00+0200,10553.75,MW,FR,FR,actual_solar_generation,Solar,2026-07-13T04:57:06Z
2026-07-13T04:56:31Z,2026-07-13T06:56:31+0200,46fca521-fea0-4798-9f2d-95ad89ae35bc,2026-06-16T08:45:00Z,2026-06-16T10:45:00+0200,11240.81,MW,FR,FR,actual_solar_generation,Solar,2026-07-13T04:57:06Z
2026-07-13T04:56:31Z,2026-07-13T06:56:31+0200,46fca521-fea0-4798-9f2d-95ad89ae35bc,2026-06-16T09:00:00Z,2026-06-16T11:00:00+0200,12037.35,MW,FR,FR,actual_solar_generation,Solar,2026-07-13T04:57:06Z
2026-07-13T04:56:31Z,2026-07-13T06:56:31+0200,46fca521-fea0-4798-9f2d-95ad89ae35bc,2026-06-16T09:15:00Z,2026-06-16T11:15:00+0200,12527.12,MW,FR,FR,actual_solar_generation,Solar,2026-07-13T04:57:06Z
2026-07-13T04:56:31Z,2026-07-13T06:56:31+0200,46fca521-fea0-4798-9f2d-95ad89ae35bc,2026-06-16T09:30:00Z,2026-06-16T11:30:00+0200,13274.6,MW,FR,FR,actual_solar_generation,Solar,2026-07-13T04:57:06Z
2026-07-13T04:56:31Z,2026-07-13T06:56:31+0200,46fca521-fea0-4798-9f2d-95ad89ae35bc,2026-06-16T09:45:00Z,2026-06-16T11:45:00+0200,13828.55,MW,FR,FR,actual_solar_generation,Solar,2026-07-13T04:57:06Z
2026-07-13T04:56:31Z,2026-07-13T06:56:31+0200,46fca521-fea0-4798-9f2d-95ad89ae35bc,2026-06-16T10:00:00Z,2026-06-16T12:00:00+0200,14517.34,MW,FR,FR,actual_solar_generation,Solar,2026-07-13T04:57:06Z
2026-07-13T04:56:31Z,2026-07-13T06:56:31+0200,46fca521-fea0-4798-9f2d-95ad89ae35bc,2026-06-16T10:15:00Z,2026-06-16T12:15:00+0200,15207.24,MW,FR,FR,actual_solar_generation,Solar,2026-07-13T04:57:06Z
2026-07-13T04:56:31Z,2026-07-13T06:56:31+0200,46fca521-fea0-4798-9f2d-95ad89ae35bc,2026-06-16T10:30:00Z,2026-06-16T12:30:00+0200,15608.38,MW,FR,FR,actual_solar_generation,Solar,2026-07-13T04:57:06Z
2026-07-13T04:56:31Z,2026-07-13T06:56:31+0200,46fca521-fea0-4798-9f2d-95ad89ae35bc,2026-06-16T10:45:00Z,2026-06-16T12:45:00+0200,16104.56,MW,FR,FR,actual_solar_generation,Solar,2026-07-13T04:57:06Z
2026-07-13T04:56:31Z,2026-07-13T06:56:31+0200,46fca521-fea0-4798-9f2d-95ad89ae35bc,2026-06-16T11:00:00Z,2026-06-16T13:00:00+0200,16388.5,MW,FR,FR,actual_solar_generation,Solar,2026-07-13T04:57:06Z
2026-07-13T04:56:31Z,2026-07-13T06:56:31+0200,46fca521-fea0-4798-9f2d-95ad89ae35bc,2026-06-16T11:15:00Z,2026-06-16T13:15:00+0200,16631.78,MW,FR,FR,actual_solar_generation,Solar,2026-07-13T04:57:06Z
2026-07-13T04:56:31Z,2026-07-13T06:56:31+0200,46fca521-fea0-4798-9f2d-95ad89ae35bc,2026-06-16T11:30:00Z,2026-06-16T13:30:00+0200,16730.01,MW,FR,FR,actual_solar_generation,Solar,2026-07-13T04:57:06Z
2026-07-13T04:56:31Z,2026-07-13T06:56:31+0200,46fca521-fea0-4798-9f2d-95ad89ae35bc,2026-06-16T11:45:00Z,2026-06-16T13:45:00+0200,16934.89,MW,FR,FR,actual_solar_generation,Solar,2026-07-13T04:57:06Z
2026-07-13T04:56:31Z,2026-07-13T06:56:31+0200,46fca521-fea0-4798-9f2d-95ad89ae35bc,2026-06-16T12:00:00Z,2026-06-16T14:00:00+0200,17163.2,MW,FR,FR,actual_solar_generation,Solar,2026-07-13T04:57:06Z
2026-07-13T04:56:31Z,2026-07-13T06:56:31+0200,46fca521-fea0-4798-9f2d-95ad89ae35bc,2026-06-16T12:15:00Z,2026-06-16T14:15:00+0200,17475.72,MW,FR,FR,actual_solar_generation,Solar,2026-07-13T04:57:06Z
2026-07-13T04:56:31Z,2026-07-13T06:56:31+0200,46fca521-fea0-4798-9f2d-95ad89ae35bc,2026-06-16T12:30:00Z,2026-06-16T14:30:00+0200,17631.13,MW,FR,FR,actual_solar_generation,Solar,2026-07-13T04:57:06Z
2026-07-13T04:56:31Z,2026-07-13T06:56:31+0200,46fca521-fea0-4798-9f2d-95ad89ae35bc,2026-06-16T12:45:00Z,2026-06-16T14:45:00+0200,17664.6,MW,FR,FR,actual_solar_generation,Solar,2026-07-13T04:57:06Z
2026-07-13T04:56:31Z,2026-07-13T06:56:31+0200,46fca521-fea0-4798-9f2d-95ad89ae35bc,2026-06-16T13:00:00Z,2026-06-16T15:00:00+0200,17385.76,MW,FR,FR,actual_solar_generation,Solar,2026-07-13T04:57:06Z
2026-07-13T04:56:31Z,2026-07-13T06:56:31+0200,46fca521-fea0-4798-9f2d-95ad89ae35bc,2026-06-16T13:15:00Z,2026-06-16T15:15:00+0200,17320.6,MW,FR,FR,actual_solar_generation,Solar,2026-07-13T04:57:06Z
2026-07-13T04:56:31Z,2026-07-13T06:56:31+0200,46fca521-fea0-4798-9f2d-95ad89ae35bc,2026-06-16T13:30:00Z,2026-06-16T15:30:00+0200,17112.98,MW,FR,FR,actual_solar_generation,Solar,2026-07-13T04:57:06Z
2026-07-13T04:56:31Z,2026-07-13T06:56:31+0200,46fca521-fea0-4798-9f2d-95ad89ae35bc,2026-06-16T13:45:00Z,2026-06-16T15:45:00+0200,16792.19,MW,FR,FR,actual_solar_generation,Solar,2026-07-13T04:57:06Z
2026-07-13T04:56:31Z,2026-07-13T06:56:31+0200,46fca521-fea0-4798-9f2d-95ad89ae35bc,2026-06-16T14:00:00Z,2026-06-16T16:00:00+0200,16603.14,MW,FR,FR,actual_solar_generation,Solar,2026-07-13T04:57:06Z
2026-07-13T04:56:31Z,2026-07-13T06:56:31+0200,46fca521-fea0-4798-9f2d-95ad89ae35bc,2026-06-16T14:15:00Z,2026-06-16T16:15:00+0200,16364.71,MW,FR,FR,actual_solar_generation,Solar,2026-07-13T04:57:06Z
2026-07-13T04:56:31Z,2026-07-13T06:56:31+0200,46fca521-fea0-4798-9f2d-95ad89ae35bc,2026-06-16T14:30:00Z,2026-06-16T16:30:00+0200,15953.83,MW,FR,FR,actual_solar_generation,Solar,2026-07-13T04:57:06Z
2026-07-13T04:56:31Z,2026-07-13T06:56:31+0200,46fca521-fea0-4798-9f2d-95ad89ae35bc,2026-06-16T14:45:00Z,2026-06-16T16:45:00+0200,15186.17,MW,FR,FR,actual_solar_generation,Solar,2026-07-13T04:57:06Z
2026-07-13T04:56:31Z,2026-07-13T06:56:31+0200,46fca521-fea0-4798-9f2d-95ad89ae35bc,2026-06-16T15:00:00Z,2026-06-16T17:00:00+0200,14504.55,MW,FR,FR,actual_solar_generation,Solar,2026-07-13T04:57:06Z
2026-07-13T04:56:31Z,2026-07-13T06:56:31+0200,46fca521-fea0-4798-9f2d-95ad89ae35bc,2026-06-16T15:15:00Z,2026-06-16T17:15:00+0200,13862.92,MW,FR,FR,actual_solar_generation,Solar,2026-07-13T04:57:06Z
2026-07-13T04:56:31Z,2026-07-13T06:56:31+0200,46fca521-fea0-4798-9f2d-95ad89ae35bc,2026-06-16T15:30:00Z,2026-06-16T17:30:00+0200,13043.93,MW,FR,FR,actual_solar_generation,Solar,2026-07-13T04:57:06Z
2026-07-13T04:56:31Z,2026-07-13T06:56:31+0200,46fca521-fea0-4798-9f2d-95ad89ae35bc,2026-06-16T15:45:00Z,2026-06-16T17:45:00+0200,12193.99,MW,FR,FR,actual_solar_generation,Solar,2026-07-13T04:57:06Z
2026-07-13T04:56:31Z,2026-07-13T06:56:31+0200,46fca521-fea0-4798-9f2d-95ad89ae35bc,2026-06-16T16:00:00Z,2026-06-16T18:00:00+0200,11272.79,MW,FR,FR,actual_solar_generation,Solar,2026-07-13T04:57:06Z
2026-07-13T04:56:31Z,2026-07-13T06:56:31+0200,46fca521-fea0-4798-9f2d-95ad89ae35bc,2026-06-16T16:15:00Z,2026-06-16T18:15:00+0200,10314.06,MW,FR,FR,actual_solar_generation,Solar,2026-07-13T04:57:06Z
2026-07-13T04:56:31Z,2026-07-13T06:56:31+0200,46fca521-fea0-4798-9f2d-95ad89ae35bc,2026-06-16T16:30:00Z,2026-06-16T18:30:00+0200,9261.11,MW,FR,FR,actual_solar_generation,Solar,2026-07-13T04:57:06Z
2026-07-13T04:56:31Z,2026-07-13T06:56:31+0200,46fca521-fea0-4798-9f2d-95ad89ae35bc,2026-06-16T16:45:00Z,2026-06-16T18:45:00+0200,8197.59,MW,FR,FR,actual_solar_generation,Solar,2026-07-13T04:57:06Z
2026-07-13T04:56:31Z,2026-07-13T06:56:31+0200,46fca521-fea0-4798-9f2d-95ad89ae35bc,2026-06-16T17:00:00Z,2026-06-16T19:00:00+0200,7170.48,MW,FR,FR,actual_solar_generation,Solar,2026-07-13T04:57:06Z
2026-07-13T04:56:31Z,2026-07-13T06:56:31+0200,46fca521-fea0-4798-9f2d-95ad89ae35bc,2026-06-16T17:15:00Z,2026-06-16T19:15:00+0200,6078.63,MW,FR,FR,actual_solar_generation,Solar,2026-07-13T04:57:06Z
2026-07-13T04:56:31Z,2026-07-13T06:56:31+0200,46fca521-fea0-4798-9f2d-95ad89ae35bc,2026-06-16T17:30:00Z,2026-06-16T19:30:00+0200,4962.61,MW,FR,FR,actual_solar_generation,Solar,2026-07-13T04:57:06Z
2026-07-13T04:56:31Z,2026-07-13T06:56:31+0200,46fca521-fea0-4798-9f2d-95ad89ae35bc,2026-06-16T17:45:00Z,2026-06-16T19:45:00+0200,3990.43,MW,FR,FR,actual_solar_generation,Solar,2026-07-13T04:57:06Z
2026-07-13T04:56:31Z,2026-07-13T06:56:31+0200,46fca521-fea0-4798-9f2d-95ad89ae35bc,2026-06-16T18:00:00Z,2026-06-16T20:00:00+0200,3073.79,MW,FR,FR,actual_solar_generation,Solar,2026-07-13T04:57:06Z
2026-07-13T04:56:31Z,2026-07-13T06:56:31+0200,46fca521-fea0-4798-9f2d-95ad89ae35bc,2026-06-16T18:15:00Z,2026-06-16T20:15:00+0200,2319.46,MW,FR,FR,actual_solar_generation,Solar,2026-07-13T04:57:06Z
2026-07-13T04:56:31Z,2026-07-13T06:56:31+0200,46fca521-fea0-4798-9f2d-95ad89ae35bc,2026-06-16T18:30:00Z,2026-06-16T20:30:00+0200,1722.3,MW,FR,FR,actual_solar_generation,Solar,2026-07-13T04:57:06Z
2026-07-13T04:56:31Z,2026-07-13T06:56:31+0200,46fca521-fea0-4798-9f2d-95ad89ae35bc,2026-06-16T18:45:00Z,2026-06-16T20:45:00+0200,1274.29,MW,FR,FR,actual_solar_generation,Solar,2026-07-13T04:57:06Z
2026-07-13T04:56:31Z,2026-07-13T06:56:31+0200,46fca521-fea0-4798-9f2d-95ad89ae35bc,2026-06-16T19:00:00Z,2026-06-16T21:00:00+0200,893.37,MW,FR,FR,actual_solar_generation,Solar,2026-07-13T04:57:06Z
2026-07-13T04:56:31Z,2026-07-13T06:56:31+0200,46fca521-fea0-4798-9f2d-95ad89ae35bc,2026-06-16T19:15:00Z,2026-06-16T21:15:00+0200,600.82,MW,FR,FR,actual_solar_generation,Solar,2026-07-13T04:57:06Z
2026-07-13T04:56:31Z,2026-07-13T06:56:31+0200,46fca521-fea0-4798-9f2d-95ad89ae35bc,2026-06-16T19:30:00Z,2026-06-16T21:30:00+0200,393.37,MW,FR,FR,actual_solar_generation,Solar,2026-07-13T04:57:06Z
2026-07-13T04:56:31Z,2026-07-13T06:56:31+0200,46fca521-fea0-4798-9f2d-95ad89ae35bc,2026-06-16T19:45:00Z,2026-06-16T21:45:00+0200,285.84,MW,FR,FR,actual_solar_generation,Solar,2026-07-13T04:57:06Z
2026-07-13T04:56:31Z,2026-07-13T06:56:31+0200,46fca521-fea0-4798-9f2d-95ad89ae35bc,2026-06-16T20:00:00Z,2026-06-16T22:00:00+0200,235.93,MW,FR,FR,actual_solar_generation,Solar,2026-07-13T04:57:06Z
2026-07-13T04:56:31Z,2026-07-13T06:56:31+0200,46fca521-fea0-4798-9f2d-95ad89ae35bc,2026-06-16T20:15:00Z,2026-06-16T22:15:00+0200,224.04,MW,FR,FR,actual_solar_generation,Solar,2026-07-13T04:57:06Z
2026-07-13T04:56:31Z,2026-07-13T06:56:31+0200,46fca521-fea0-4798-9f2d-95ad89ae35bc,2026-06-16T20:30:00Z,2026-06-16T22:30:00+0200,224.91,MW,FR,FR,actual_solar_generation,Solar,2026-07-13T04:57:06Z
2026-07-13T04:56:31Z,2026-07-13T06:56:31+0200,46fca521-fea0-4798-9f2d-95ad89ae35bc,2026-06-16T20:45:00Z,2026-06-16T22:45:00+0200,222.79,MW,FR,FR,actual_solar_generation,Solar,2026-07-13T04:57:06Z
2026-07-13T04:56:31Z,2026-07-13T06:56:31+0200,46fca521-fea0-4798-9f2d-95ad89ae35bc,2026-06-16T21:00:00Z,2026-06-16T23:00:00+0200,221.73,MW,FR,FR,actual_solar_generation,Solar,2026-07-13T04:57:06Z
2026-07-13T04:56:31Z,2026-07-13T06:56:31+0200,46fca521-fea0-4798-9f2d-95ad89ae35bc,2026-06-16T21:15:00Z,2026-06-16T23:15:00+0200,220.31,MW,FR,FR,actual_solar_generation,Solar,2026-07-13T04:57:06Z
2026-07-13T04:56:31Z,2026-07-13T06:56:31+0200,46fca521-fea0-4798-9f2d-95ad89ae35bc,2026-06-16T21:30:00Z,2026-06-16T23:30:00+0200,218.86,MW,FR,FR,actual_solar_generation,Solar,2026-07-13T04:57:06Z
2026-07-13T04:56:31Z,2026-07-13T06:56:31+0200,46fca521-fea0-4798-9f2d-95ad89ae35bc,2026-06-16T21:45:00Z,2026-06-16T23:45:00+0200,217.1,MW,FR,FR,actual_solar_generation,Solar,2026-07-13T04:57:06Z
2026-07-13T04:56:31Z,2026-07-13T06:56:31+0200,46fca521-fea0-4798-9f2d-95ad89ae35bc,2026-06-16T22:00:00Z,2026-06-17T00:00:00+0200,0.0,MW,FR,FR,actual_solar_generation,Solar,2026-07-13T04:57:06Z
2026-07-13T04:56:31Z,2026-07-13T06:56:31+0200,46fca521-fea0-4798-9f2d-95ad89ae35bc,2026-06-16T22:15:00Z,2026-06-17T00:15:00+0200,0.0,MW,FR,FR,actual_solar_generation,Solar,2026-07-13T04:57:06Z
2026-07-13T04:56:31Z,2026-07-13T06:56:31+0200,46fca521-fea0-4798-9f2d-95ad89ae35bc,2026-06-16T22:30:00Z,2026-06-17T00:30:00+0200,0.0,MW,FR,FR,actual_solar_generation,Solar,2026-07-13T04:57:06Z
2026-07-13T04:56:31Z,2026-07-13T06:56:31+0200,46fca521-fea0-4798-9f2d-95ad89ae35bc,2026-06-16T22:45:00Z,2026-06-17T00:45:00+0200,0.0,MW,FR,FR,actual_solar_generation,Solar,2026-07-13T04:57:06Z
2026-07-13T04:56:31Z,2026-07-13T06:56:31+0200,46fca521-fea0-4798-9f2d-95ad89ae35bc,2026-06-16T23:00:00Z,2026-06-17T01:00:00+0200,0.0,MW,FR,FR,actual_solar_generation,Solar,2026-07-13T04:57:06Z
2026-07-13T04:56:31Z,2026-07-13T06:56:31+0200,46fca521-fea0-4798-9f2d-95ad89ae35bc,2026-06-16T23:15:00Z,2026-06-17T01:15:00+0200,0.0,MW,FR,FR,actual_solar_generation,Solar,2026-07-13T04:57:06Z
2026-07-13T04:56:31Z,2026-07-13T06:56:31+0200,46fca521-fea0-4798-9f2d-95ad89ae35bc,2026-06-16T23:30:00Z,2026-06-17T01:30:00+0200,0.0,MW,FR,FR,actual_solar_generation,Solar,2026-07-13T04:57:06Z
2026-07-13T04:56:31Z,2026-07-13T06:56:31+0200,46fca521-fea0-4798-9f2d-95ad89ae35bc,2026-06-16T23:45:00Z,2026-06-17T01:45:00+0200,0.0,MW,FR,FR,actual_solar_generation,Solar,2026-07-13T04:57:06Z
2026-07-13T04:56:31Z,2026-07-13T06:56:31+0200,46fca521-fea0-4798-9f2d-95ad89ae35bc,2026-06-17T00:00:00Z,2026-06-17T02:00:00+0200,0.0,MW,FR,FR,actual_solar_generation,Solar,2026-07-13T04:57:06Z
2026-07-13T04:56:31Z,2026-07-13T06:56:31+0200,46fca521-fea0-4798-9f2d-95ad89ae35bc,2026-06-17T00:15:00Z,2026-06-17T02:15:00+0200,0.0,MW,FR,FR,actual_solar_generation,Solar,2026-07-13T04:57:06Z
2026-07-13T04:56:31Z,2026-07-13T06:56:31+0200,46fca521-fea0-4798-9f2d-95ad89ae35bc,2026-06-17T00:30:00Z,2026-06-17T02:30:00+0200,0.0,MW,FR,FR,actual_solar_generation,Solar,2026-07-13T04:57:06Z
2026-07-13T04:56:31Z,2026-07-13T06:56:31+0200,46fca521-fea0-4798-9f2d-95ad89ae35bc,2026-06-17T00:45:00Z,2026-06-17T02:45:00+0200,0.0,MW,FR,FR,actual_solar_generation,Solar,2026-07-13T04:57:06Z
2026-07-13T04:56:31Z,2026-07-13T06:56:31+0200,46fca521-fea0-4798-9f2d-95ad89ae35bc,2026-06-17T01:00:00Z,2026-06-17T03:00:00+0200,0.0,MW,FR,FR,actual_solar_generation,Solar,2026-07-13T04:57:06Z
2026-07-13T04:56:31Z,2026-07-13T06:56:31+0200,46fca521-fea0-4798-9f2d-95ad89ae35bc,2026-06-17T01:15:00Z,2026-06-17T03:15:00+0200,0.0,MW,FR,FR,actual_solar_generation,Solar,2026-07-13T04:57:06Z
2026-07-13T04:56:31Z,2026-07-13T06:56:31+0200,46fca521-fea0-4798-9f2d-95ad89ae35bc,2026-06-17T01:30:00Z,2026-06-17T03:30:00+0200,0.0,MW,FR,FR,actual_solar_generation,Solar,2026-07-13T04:57:06Z
2026-07-13T04:56:31Z,2026-07-13T06:56:31+0200,46fca521-fea0-4798-9f2d-95ad89ae35bc,2026-06-17T01:45:00Z,2026-06-17T03:45:00+0200,0.0,MW,FR,FR,actual_solar_generation,Solar,2026-07-13T04:57:06Z
2026-07-13T04:56:31Z,2026-07-13T06:56:31+0200,46fca521-fea0-4798-9f2d-95ad89ae35bc,2026-06-17T02:00:00Z,2026-06-17T04:00:00+0200,0.0,MW,FR,FR,actual_solar_generation,Solar,2026-07-13T04:57:06Z
2026-07-13T04:56:31Z,2026-07-13T06:56:31+0200,46fca521-fea0-4798-9f2d-95ad89ae35bc,2026-06-17T02:15:00Z,2026-06-17T04:15:00+0200,0.0,MW,FR,FR,actual_solar_generation,Solar,2026-07-13T04:57:06Z
2026-07-13T04:56:31Z,2026-07-13T06:56:31+0200,46fca521-fea0-4798-9f2d-95ad89ae35bc,2026-06-17T02:30:00Z,2026-06-17T04:30:00+0200,0.0,MW,FR,FR,actual_solar_generation,Solar,2026-07-13T04:57:06Z
2026-07-13T04:56:31Z,2026-07-13T06:56:31+0200,46fca521-fea0-4798-9f2d-95ad89ae35bc,2026-06-17T02:45:00Z,2026-06-17T04:45:00+0200,0.0,MW,FR,FR,actual_solar_generation,Solar,2026-07-13T04:57:06Z
2026-07-13T04:56:31Z,2026-07-13T06:56:31+0200,46fca521-fea0-4798-9f2d-95ad89ae35bc,2026-06-17T03:00:00Z,2026-06-17T05:00:00+0200,0.0,MW,FR,FR,actual_solar_generation,Solar,2026-07-13T04:57:06Z
2026-07-13T04:56:31Z,2026-07-13T06:56:31+0200,46fca521-fea0-4798-9f2d-95ad89ae35bc,2026-06-17T03:15:00Z,2026-06-17T05:15:00+0200,0.0,MW,FR,FR,actual_solar_generation,Solar,2026-07-13T04:57:06Z
2026-07-13T04:56:31Z,2026-07-13T06:56:31+0200,46fca521-fea0-4798-9f2d-95ad89ae35bc,2026-06-17T03:30:00Z,2026-06-17T05:30:00+0200,0.0,MW,FR,FR,actual_solar_generation,Solar,2026-07-13T04:57:06Z
2026-07-13T04:56:31Z,2026-07-13T06:56:31+0200,46fca521-fea0-4798-9f2d-95ad89ae35bc,2026-06-17T03:45:00Z,2026-06-17T05:45:00+0200,0.0,MW,FR,FR,actual_solar_generation,Solar,2026-07-13T04:57:06Z
2026-07-13T04:56:31Z,2026-07-13T06:56:31+0200,46fca521-fea0-4798-9f2d-95ad89ae35bc,2026-06-17T04:00:00Z,2026-06-17T06:00:00+0200,297.85,MW,FR,FR,actual_solar_generation,Solar,2026-07-13T04:57:06Z
2026-07-13T04:56:31Z,2026-07-13T06:56:31+0200,46fca521-fea0-4798-9f2d-95ad89ae35bc,2026-06-17T04:15:00Z,2026-06-17T06:15:00+0200,394.51,MW,FR,FR,actual_solar_generation,Solar,2026-07-13T04:57:06Z
2026-07-13T04:56:31Z,2026-07-13T06:56:31+0200,46fca521-fea0-4798-9f2d-95ad89ae35bc,2026-06-17T04:30:00Z,2026-06-17T06:30:00+0200,575.23,MW,FR,FR,actual_solar_generation,Solar,2026-07-13T04:57:06Z
2026-07-13T04:56:31Z,2026-07-13T06:56:31+0200,46fca521-fea0-4798-9f2d-95ad89ae35bc,2026-06-17T04:45:00Z,2026-06-17T06:45:00+0200,876.33,MW,FR,FR,actual_solar_generation,Solar,2026-07-13T04:57:06Z
2026-07-13T04:56:31Z,2026-07-13T06:56:31+0200,46fca521-fea0-4798-9f2d-95ad89ae35bc,2026-06-17T05:00:00Z,2026-06-17T07:00:00+0200,1285.32,MW,FR,FR,actual_solar_generation,Solar,2026-07-13T04:57:06Z
2026-07-13T04:56:31Z,2026-07-13T06:56:31+0200,46fca521-fea0-4798-9f2d-95ad89ae35bc,2026-06-17T05:15:00Z,2026-06-17T07:15:00+0200,1764.53,MW,FR,FR,actual_solar_generation,Solar,2026-07-13T04:57:06Z
2026-07-13T04:56:31Z,2026-07-13T06:56:31+0200,46fca521-fea0-4798-9f2d-95ad89ae35bc,2026-06-17T05:30:00Z,2026-06-17T07:30:00+0200,2381.51,MW,FR,FR,actual_solar_generation,Solar,2026-07-13T04:57:06Z
2026-07-13T04:56:31Z,2026-07-13T06:56:31+0200,46fca521-fea0-4798-9f2d-95ad89ae35bc,2026-06-17T05:45:00Z,2026-06-17T07:45:00+0200,3107.77,MW,FR,FR,actual_solar_generation,Solar,2026-07-13T04:57:06Z
2026-07-13T04:56:31Z,2026-07-13T06:56:31+0200,46fca521-fea0-4798-9f2d-95ad89ae35bc,2026-06-17T06:00:00Z,2026-06-17T08:00:00+0200,3922.12,MW,FR,FR,actual_solar_generation,Solar,2026-07-13T04:57:06Z
2026-07-13T04:56:31Z,2026-07-13T06:56:31+0200,46fca521-fea0-4798-9f2d-95ad89ae35bc,2026-06-17T06:15:00Z,2026-06-17T08:15:00+0200,4866.45,MW,FR,FR,actual_solar_generation,Solar,2026-07-13T04:57:06Z
2026-07-13T04:56:31Z,2026-07-13T06:56:31+0200,46fca521-fea0-4798-9f2d-95ad89ae35bc,2026-06-17T06:30:00Z,2026-06-17T08:30:00+0200,5922.21,MW,FR,FR,actual_solar_generation,Solar,2026-07-13T04:57:06Z
2026-07-13T04:56:31Z,2026-07-13T06:56:31+0200,46fca521-fea0-4798-9f2d-95ad89ae35bc,2026-06-17T06:45:00Z,2026-06-17T08:45:00+0200,6927.36,MW,FR,FR,actual_solar_generation,Solar,2026-07-13T04:57:06Z
2026-07-13T04:56:31Z,2026-07-13T06:56:31+0200,46fca521-fea0-4798-9f2d-95ad89ae35bc,2026-06-17T07:00:00Z,2026-06-17T09:00:00+0200,8073.37,MW,FR,FR,actual_solar_generation,Solar,2026-07-13T04:57:06Z
2026-07-13T04:56:31Z,2026-07-13T06:56:31+0200,46fca521-fea0-4798-9f2d-95ad89ae35bc,2026-06-17T07:15:00Z,2026-06-17T09:15:00+0200,9241.19,MW,FR,FR,actual_solar_generation,Solar,2026-07-13T04:57:06Z
2026-07-13T04:56:31Z,2026-07-13T06:56:31+0200,46fca521-fea0-4798-9f2d-95ad89ae35bc,2026-06-17T07:30:00Z,2026-06-17T09:30:00+0200,10187.34,MW,FR,FR,actual_solar_generation,Solar,2026-07-13T04:57:06Z
2026-07-13T04:56:31Z,2026-07-13T06:56:31+0200,46fca521-fea0-4798-9f2d-95ad89ae35bc,2026-06-17T07:45:00Z,2026-06-17T09:45:00+0200,11340.29,MW,FR,FR,actual_solar_generation,Solar,2026-07-13T04:57:06Z
2026-07-13T04:56:31Z,2026-07-13T06:56:31+0200,46fca521-fea0-4798-9f2d-95ad89ae35bc,2026-06-17T08:00:00Z,2026-06-17T10:00:00+0200,12263.87,MW,FR,FR,actual_solar_generation,Solar,2026-07-13T04:57:06Z
2026-07-13T04:56:31Z,2026-07-13T06:56:31+0200,46fca521-fea0-4798-9f2d-95ad89ae35bc,2026-06-17T08:15:00Z,2026-06-17T10:15:00+0200,13203.0,MW,FR,FR,actual_solar_generation,Solar,2026-07-13T04:57:06Z
2026-07-13T04:56:31Z,2026-07-13T06:56:31+0200,46fca521-fea0-4798-9f2d-95ad89ae35bc,2026-06-17T08:30:00Z,2026-06-17T10:30:00+0200,13948.03,MW,FR,FR,actual_solar_generation,Solar,2026-07-13T04:57:06Z
2026-07-13T04:56:31Z,2026-07-13T06:56:31+0200,46fca521-fea0-4798-9f2d-95ad89ae35bc,2026-06-17T08:45:00Z,2026-06-17T10:45:00+0200,14767.38,MW,FR,FR,actual_solar_generation,Solar,2026-07-13T04:57:06Z
2026-07-13T04:56:31Z,2026-07-13T06:56:31+0200,46fca521-fea0-4798-9f2d-95ad89ae35bc,2026-06-17T09:00:00Z,2026-06-17T11:00:00+0200,15585.9,MW,FR,FR,actual_solar_generation,Solar,2026-07-13T04:57:06Z
2026-07-13T04:56:31Z,2026-07-13T06:56:31+0200,46fca521-fea0-4798-9f2d-95ad89ae35bc,2026-06-17T09:15:00Z,2026-06-17T11:15:00+0200,16193.25,MW,FR,FR,actual_solar_generation,Solar,2026-07-13T04:57:06Z
2026-07-13T04:56:31Z,2026-07-13T06:56:31+0200,46fca521-fea0-4798-9f2d-95ad89ae35bc,2026-06-17T09:30:00Z,2026-06-17T11:30:00+0200,16736.17,MW,FR,FR,actual_solar_generation,Solar,2026-07-13T04:57:06Z
2026-07-13T04:56:31Z,2026-07-13T06:56:31+0200,46fca521-fea0-4798-9f2d-95ad89ae35bc,2026-06-17T09:45:00Z,2026-06-17T11:45:00+0200,17131.42,MW,FR,FR,actual_solar_generation,Solar,2026-07-13T04:57:06Z
2026-07-13T04:56:31Z,2026-07-13T06:56:31+0200,46fca521-fea0-4798-9f2d-95ad89ae35bc,2026-06-17T10:00:00Z,2026-06-17T12:00:00+0200,17508.27,MW,FR,FR,actual_solar_generation,Solar,2026-07-13T04:57:06Z
2026-07-13T04:56:31Z,2026-07-13T06:56:31+0200,46fca521-fea0-4798-9f2d-95ad89ae35bc,2026-06-17T10:15:00Z,2026-06-17T12:15:00+0200,17886.34,MW,FR,FR,actual_solar_generation,Solar,2026-07-13T04:57:06Z
2026-07-13T04:56:31Z,2026-07-13T06:56:31+0200,46fca521-fea0-4798-9f2d-95ad89ae35bc,2026-06-17T10:30:00Z,2026-06-17T12:30:00+0200,18160.8,MW,FR,FR,actual_solar_generation,Solar,2026-07-13T04:57:06Z
2026-07-13T04:56:31Z,2026-07-13T06:56:31+0200,46fca521-fea0-4798-9f2d-95ad89ae35bc,2026-06-17T10:45:00Z,2026-06-17T12:45:00+0200,18392.22,MW,FR,FR,actual_solar_generation,Solar,2026-07-13T04:57:06Z
2026-07-13T04:56:31Z,2026-07-13T06:56:31+0200,46fca521-fea0-4798-9f2d-95ad89ae35bc,2026-06-17T11:00:00Z,2026-06-17T13:00:00+0200,18519.84,MW,FR,FR,actual_solar_generation,Solar,2026-07-13T04:57:06Z
2026-07-13T04:56:31Z,2026-07-13T06:56:31+0200,46fca521-fea0-4798-9f2d-95ad89ae35bc,2026-06-17T11:15:00Z,2026-06-17T13:15:00+0200,18643.1,MW,FR,FR,actual_solar_generation,Solar,2026-07-13T04:57:06Z
2026-07-13T04:56:31Z,2026-07-13T06:56:31+0200,46fca521-fea0-4798-9f2d-95ad89ae35bc,2026-06-17T11:30:00Z,2026-06-17T13:30:00+0200,18674.7,MW,FR,FR,actual_solar_generation,Solar,2026-07-13T04:57:06Z
2026-07-13T04:56:31Z,2026-07-13T06:56:31+0200,46fca521-fea0-4798-9f2d-95ad89ae35bc,2026-06-17T11:45:00Z,2026-06-17T13:45:00+0200,18601.88,MW,FR,FR,actual_solar_generation,Solar,2026-07-13T04:57:06Z
2026-07-13T04:56:31Z,2026-07-13T06:56:31+0200,46fca521-fea0-4798-9f2d-95ad89ae35bc,2026-06-17T12:00:00Z,2026-06-17T14:00:00+0200,18564.23,MW,FR,FR,actual_solar_generation,Solar,2026-07-13T04:57:06Z
2026-07-13T04:56:31Z,2026-07-13T06:56:31+0200,46fca521-fea0-4798-9f2d-95ad89ae35bc,2026-06-17T12:15:00Z,2026-06-17T14:15:00+0200,18452.75,MW,FR,FR,actual_solar_generation,Solar,2026-07-13T04:57:06Z
2026-07-13T04:56:31Z,2026-07-13T06:56:31+0200,46fca521-fea0-4798-9f2d-95ad89ae35bc,2026-06-17T12:30:00Z,2026-06-17T14:30:00+0200,18351.13,MW,FR,FR,actual_solar_generation,Solar,2026-07-13T04:57:06Z
2026-07-13T04:56:31Z,2026-07-13T06:56:31+0200,46fca521-fea0-4798-9f2d-95ad89ae35bc,2026-06-17T12:45:00Z,2026-06-17T14:45:00+0200,18134.13,MW,FR,FR,actual_solar_generation,Solar,2026-07-13T04:57:06Z
2026-07-13T04:56:31Z,2026-07-13T06:56:31+0200,46fca521-fea0-4798-9f2d-95ad89ae35bc,2026-06-17T13:00:00Z,2026-06-17T15:00:00+0200,17979.38,MW,FR,FR,actual_solar_generation,Solar,2026-07-13T04:57:06Z
2026-07-13T04:56:31Z,2026-07-13T06:56:31+0200,46fca521-fea0-4798-9f2d-95ad89ae35bc,2026-06-17T13:15:00Z,2026-06-17T15:15:00+0200,17705.11,MW,FR,FR,actual_solar_generation,Solar,2026-07-13T04:57:06Z
2026-07-13T04:56:31Z,2026-07-13T06:56:31+0200,46fca521-fea0-4798-9f2d-95ad89ae35bc,2026-06-17T13:30:00Z,2026-06-17T15:30:00+0200,17450.19,MW,FR,FR,actual_solar_generation,Solar,2026-07-13T04:57:06Z
2026-07-13T04:56:31Z,2026-07-13T06:56:31+0200,46fca521-fea0-4798-9f2d-95ad89ae35bc,2026-06-17T13:45:00Z,2026-06-17T15:45:00+0200,17037.62,MW,FR,FR,actual_solar_generation,Solar,2026-07-13T04:57:06Z
2026-07-13T04:56:31Z,2026-07-13T06:56:31+0200,46fca521-fea0-4798-9f2d-95ad89ae35bc,2026-06-17T14:00:00Z,2026-06-17T16:00:00+0200,16606.67,MW,FR,FR,actual_solar_generation,Solar,2026-07-13T04:57:06Z
2026-07-13T04:56:31Z,2026-07-13T06:56:31+0200,46fca521-fea0-4798-9f2d-95ad89ae35bc,2026-06-17T14:15:00Z,2026-06-17T16:15:00+0200,16075.36,MW,FR,FR,actual_solar_generation,Solar,2026-07-13T04:57:06Z
2026-07-13T04:56:31Z,2026-07-13T06:56:31+0200,46fca521-fea0-4798-9f2d-95ad89ae35bc,2026-06-17T14:30:00Z,2026-06-17T16:30:00+0200,15519.83,MW,FR,FR,actual_solar_generation,Solar,2026-07-13T04:57:06Z
2026-07-13T04:56:31Z,2026-07-13T06:56:31+0200,46fca521-fea0-4798-9f2d-95ad89ae35bc,2026-06-17T14:45:00Z,2026-06-17T16:45:00+0200,14985.75,MW,FR,FR,actual_solar_generation,Solar,2026-07-13T04:57:06Z
2026-07-13T04:56:31Z,2026-07-13T06:56:31+0200,46fca521-fea0-4798-9f2d-95ad89ae35bc,2026-06-17T15:00:00Z,2026-06-17T17:00:00+0200,14331.62,MW,FR,FR,actual_solar_generation,Solar,2026-07-13T04:57:06Z
2026-07-13T04:56:31Z,2026-07-13T06:56:31+0200,46fca521-fea0-4798-9f2d-95ad89ae35bc,2026-06-17T15:15:00Z,2026-06-17T17:15:00+0200,13577.57,MW,FR,FR,actual_solar_generation,Solar,2026-07-13T04:57:06Z
2026-07-13T04:56:31Z,2026-07-13T06:56:31+0200,46fca521-fea0-4798-9f2d-95ad89ae35bc,2026-06-17T15:30:00Z,2026-06-17T17:30:00+0200,12789.35,MW,FR,FR,actual_solar_generation,Solar,2026-07-13T04:57:06Z
2026-07-13T04:56:31Z,2026-07-13T06:56:31+0200,46fca521-fea0-4798-9f2d-95ad89ae35bc,2026-06-17T15:45:00Z,2026-06-17T17:45:00+0200,11891.19,MW,FR,FR,actual_solar_generation,Solar,2026-07-13T04:57:06Z
2026-07-13T04:56:31Z,2026-07-13T06:56:31+0200,46fca521-fea0-4798-9f2d-95ad89ae35bc,2026-06-17T16:00:00Z,2026-06-17T18:00:00+0200,10945.99,MW,FR,FR,actual_solar_generation,Solar,2026-07-13T04:57:06Z
2026-07-13T04:56:31Z,2026-07-13T06:56:31+0200,46fca521-fea0-4798-9f2d-95ad89ae35bc,2026-06-17T16:15:00Z,2026-06-17T18:15:00+0200,10021.7,MW,FR,FR,actual_solar_generation,Solar,2026-07-13T04:57:06Z
2026-07-13T04:56:31Z,2026-07-13T06:56:31+0200,46fca521-fea0-4798-9f2d-95ad89ae35bc,2026-06-17T16:30:00Z,2026-06-17T18:30:00+0200,9029.67,MW,FR,FR,actual_solar_generation,Solar,2026-07-13T04:57:06Z
2026-07-13T04:56:31Z,2026-07-13T06:56:31+0200,46fca521-fea0-4798-9f2d-95ad89ae35bc,2026-06-17T16:45:00Z,2026-06-17T18:45:00+0200,7973.96,MW,FR,FR,actual_solar_generation,Solar,2026-07-13T04:57:06Z
2026-07-13T04:56:31Z,2026-07-13T06:56:31+0200,46fca521-fea0-4798-9f2d-95ad89ae35bc,2026-06-17T17:00:00Z,2026-06-17T19:00:00+0200,6885.03,MW,FR,FR,actual_solar_generation,Solar,2026-07-13T04:57:06Z
2026-07-13T04:56:31Z,2026-07-13T06:56:31+0200,46fca521-fea0-4798-9f2d-95ad89ae35bc,2026-06-17T17:15:00Z,2026-06-17T19:15:00+0200,5799.65,MW,FR,FR,actual_solar_generation,Solar,2026-07-13T04:57:06Z
2026-07-13T04:56:31Z,2026-07-13T06:56:31+0200,46fca521-fea0-4798-9f2d-95ad89ae35bc,2026-06-17T17:30:00Z,2026-06-17T19:30:00+0200,4764.49,MW,FR,FR,actual_solar_generation,Solar,2026-07-13T04:57:06Z
2026-07-13T04:56:31Z,2026-07-13T06:56:31+0200,46fca521-fea0-4798-9f2d-95ad89ae35bc,2026-06-17T17:45:00Z,2026-06-17T19:45:00+0200,3798.97,MW,FR,FR,actual_solar_generation,Solar,2026-07-13T04:57:06Z
2026-07-13T04:56:31Z,2026-07-13T06:56:31+0200,46fca521-fea0-4798-9f2d-95ad89ae35bc,2026-06-17T18:00:00Z,2026-06-17T20:00:00+0200,2919.88,MW,FR,FR,actual_solar_generation,Solar,2026-07-13T04:57:06Z
2026-07-13T04:56:31Z,2026-07-13T06:56:31+0200,46fca521-fea0-4798-9f2d-95ad89ae35bc,2026-06-17T18:15:00Z,2026-06-17T20:15:00+0200,2219.86,MW,FR,FR,actual_solar_generation,Solar,2026-07-13T04:57:06Z
2026-07-13T04:56:31Z,2026-07-13T06:56:31+0200,46fca521-fea0-4798-9f2d-95ad89ae35bc,2026-06-17T18:30:00Z,2026-06-17T20:30:00+0200,1650.79,MW,FR,FR,actual_solar_generation,Solar,2026-07-13T04:57:06Z
2026-07-13T04:56:31Z,2026-07-13T06:56:31+0200,46fca521-fea0-4798-9f2d-95ad89ae35bc,2026-06-17T18:45:00Z,2026-06-17T20:45:00+0200,1228.17,MW,FR,FR,actual_solar_generation,Solar,2026-07-13T04:57:06Z
2026-07-13T04:56:31Z,2026-07-13T06:56:31+0200,46fca521-fea0-4798-9f2d-95ad89ae35bc,2026-06-17T19:00:00Z,2026-06-17T21:00:00+0200,872.8,MW,FR,FR,actual_solar_generation,Solar,2026-07-13T04:57:06Z
2026-07-13T04:56:31Z,2026-07-13T06:56:31+0200,46fca521-fea0-4798-9f2d-95ad89ae35bc,2026-06-17T19:15:00Z,2026-06-17T21:15:00+0200,573.07,MW,FR,FR,actual_solar_generation,Solar,2026-07-13T04:57:06Z
2026-07-13T04:56:31Z,2026-07-13T06:56:31+0200,46fca521-fea0-4798-9f2d-95ad89ae35bc,2026-06-17T19:30:00Z,2026-06-17T21:30:00+0200,360.99,MW,FR,FR,actual_solar_generation,Solar,2026-07-13T04:57:06Z
2026-07-13T04:56:31Z,2026-07-13T06:56:31+0200,46fca521-fea0-4798-9f2d-95ad89ae35bc,2026-06-17T19:45:00Z,2026-06-17T21:45:00+0200,256.54,MW,FR,FR,actual_solar_generation,Solar,2026-07-13T04:57:06Z
2026-07-13T04:56:31Z,2026-07-13T06:56:31+0200,46fca521-fea0-4798-9f2d-95ad89ae35bc,2026-06-17T20:00:00Z,2026-06-17T22:00:00+0200,209.91,MW,FR,FR,actual_solar_generation,Solar,2026-07-13T04:57:06Z
2026-07-13T04:56:31Z,2026-07-13T06:56:31+0200,46fca521-fea0-4798-9f2d-95ad89ae35bc,2026-06-17T20:15:00Z,2026-06-17T22:15:00+0200,199.62,MW,FR,FR,actual_solar_generation,Solar,2026-07-13T04:57:06Z
2026-07-13T04:56:31Z,2026-07-13T06:56:31+0200,46fca521-fea0-4798-9f2d-95ad89ae35bc,2026-06-17T20:30:00Z,2026-06-17T22:30:00+0200,201.43,MW,FR,FR,actual_solar_generation,Solar,2026-07-13T04:57:06Z
2026-07-13T04:56:31Z,2026-07-13T06:56:31+0200,46fca521-fea0-4798-9f2d-95ad89ae35bc,2026-06-17T20:45:00Z,2026-06-17T22:45:00+0200,199.05,MW,FR,FR,actual_solar_generation,Solar,2026-07-13T04:57:06Z
2026-07-13T04:56:31Z,2026-07-13T06:56:31+0200,46fca521-fea0-4798-9f2d-95ad89ae35bc,2026-06-17T21:00:00Z,2026-06-17T23:00:00+0200,194.2,MW,FR,FR,actual_solar_generation,Solar,2026-07-13T04:57:06Z
2026-07-13T04:56:31Z,2026-07-13T06:56:31+0200,46fca521-fea0-4798-9f2d-95ad89ae35bc,2026-06-17T21:15:00Z,2026-06-17T23:15:00+0200,193.04,MW,FR,FR,actual_solar_generation,Solar,2026-07-13T04:57:06Z
2026-07-13T04:56:31Z,2026-07-13T06:56:31+0200,46fca521-fea0-4798-9f2d-95ad89ae35bc,2026-06-17T21:30:00Z,2026-06-17T23:30:00+0200,191.02,MW,FR,FR,actual_solar_generation,Solar,2026-07-13T04:57:06Z
2026-07-13T04:56:31Z,2026-07-13T06:56:31+0200,46fca521-fea0-4798-9f2d-95ad89ae35bc,2026-06-17T21:45:00Z,2026-06-17T23:45:00+0200,189.54,MW,FR,FR,actual_solar_generation,Solar,2026-07-13T04:57:06Z
2026-07-13T04:56:31Z,2026-07-13T06:56:31+0200,46fca521-fea0-4798-9f2d-95ad89ae35bc,2026-06-17T22:00:00Z,2026-06-18T00:00:00+0200,0.0,MW,FR,FR,actual_solar_generation,Solar,2026-07-13T04:57:06Z
2026-07-13T04:56:31Z,2026-07-13T06:56:31+0200,46fca521-fea0-4798-9f2d-95ad89ae35bc,2026-06-17T22:15:00Z,2026-06-18T00:15:00+0200,0.0,MW,FR,FR,actual_solar_generation,Solar,2026-07-13T04:57:06Z
2026-07-13T04:56:31Z,2026-07-13T06:56:31+0200,46fca521-fea0-4798-9f2d-95ad89ae35bc,2026-06-17T22:30:00Z,2026-06-18T00:30:00+0200,0.0,MW,FR,FR,actual_solar_generation,Solar,2026-07-13T04:57:06Z
2026-07-13T04:56:31Z,2026-07-13T06:56:31+0200,46fca521-fea0-4798-9f2d-95ad89ae35bc,2026-06-17T22:45:00Z,2026-06-18T00:45:00+0200,0.0,MW,FR,FR,actual_solar_generation,Solar,2026-07-13T04:57:06Z
2026-07-13T04:56:31Z,2026-07-13T06:56:31+0200,46fca521-fea0-4798-9f2d-95ad89ae35bc,2026-06-17T23:00:00Z,2026-06-18T01:00:00+0200,0.0,MW,FR,FR,actual_solar_generation,Solar,2026-07-13T04:57:06Z
2026-07-13T04:56:31Z,2026-07-13T06:56:31+0200,46fca521-fea0-4798-9f2d-95ad89ae35bc,2026-06-17T23:15:00Z,2026-06-18T01:15:00+0200,0.0,MW,FR,FR,actual_solar_generation,Solar,2026-07-13T04:57:06Z
2026-07-13T04:56:31Z,2026-07-13T06:56:31+0200,46fca521-fea0-4798-9f2d-95ad89ae35bc,2026-06-17T23:30:00Z,2026-06-18T01:30:00+0200,0.0,MW,FR,FR,actual_solar_generation,Solar,2026-07-13T04:57:06Z
2026-07-13T04:56:31Z,2026-07-13T06:56:31+0200,46fca521-fea0-4798-9f2d-95ad89ae35bc,2026-06-17T23:45:00Z,2026-06-18T01:45:00+0200,0.0,MW,FR,FR,actual_solar_generation,Solar,2026-07-13T04:57:06Z
2026-07-13T04:56:31Z,2026-07-13T06:56:31+0200,46fca521-fea0-4798-9f2d-95ad89ae35bc,2026-06-18T00:00:00Z,2026-06-18T02:00:00+0200,0.0,MW,FR,FR,actual_solar_generation,Solar,2026-07-13T04:57:06Z
2026-07-13T04:56:31Z,2026-07-13T06:56:31+0200,46fca521-fea0-4798-9f2d-95ad89ae35bc,2026-06-18T00:15:00Z,2026-06-18T02:15:00+0200,0.0,MW,FR,FR,actual_solar_generation,Solar,2026-07-13T04:57:06Z
2026-07-13T04:56:31Z,2026-07-13T06:56:31+0200,46fca521-fea0-4798-9f2d-95ad89ae35bc,2026-06-18T00:30:00Z,2026-06-18T02:30:00+0200,0.0,MW,FR,FR,actual_solar_generation,Solar,2026-07-13T04:57:06Z
2026-07-13T04:56:31Z,2026-07-13T06:56:31+0200,46fca521-fea0-4798-9f2d-95ad89ae35bc,2026-06-18T00:45:00Z,2026-06-18T02:45:00+0200,0.0,MW,FR,FR,actual_solar_generation,Solar,2026-07-13T04:57:06Z
2026-07-13T04:56:31Z,2026-07-13T06:56:31+0200,46fca521-fea0-4798-9f2d-95ad89ae35bc,2026-06-18T01:00:00Z,2026-06-18T03:00:00+0200,0.0,MW,FR,FR,actual_solar_generation,Solar,2026-07-13T04:57:06Z
2026-07-13T04:56:31Z,2026-07-13T06:56:31+0200,46fca521-fea0-4798-9f2d-95ad89ae35bc,2026-06-18T01:15:00Z,2026-06-18T03:15:00+0200,0.0,MW,FR,FR,actual_solar_generation,Solar,2026-07-13T04:57:06Z
2026-07-13T04:56:31Z,2026-07-13T06:56:31+0200,46fca521-fea0-4798-9f2d-95ad89ae35bc,2026-06-18T01:30:00Z,2026-06-18T03:30:00+0200,0.0,MW,FR,FR,actual_solar_generation,Solar,2026-07-13T04:57:06Z
2026-07-13T04:56:31Z,2026-07-13T06:56:31+0200,46fca521-fea0-4798-9f2d-95ad89ae35bc,2026-06-18T01:45:00Z,2026-06-18T03:45:00+0200,0.0,MW,FR,FR,actual_solar_generation,Solar,2026-07-13T04:57:06Z
2026-07-13T04:56:31Z,2026-07-13T06:56:31+0200,46fca521-fea0-4798-9f2d-95ad89ae35bc,2026-06-18T02:00:00Z,2026-06-18T04:00:00+0200,0.0,MW,FR,FR,actual_solar_generation,Solar,2026-07-13T04:57:06Z
2026-07-13T04:56:31Z,2026-07-13T06:56:31+0200,46fca521-fea0-4798-9f2d-95ad89ae35bc,2026-06-18T02:15:00Z,2026-06-18T04:15:00+0200,0.0,MW,FR,FR,actual_solar_generation,Solar,2026-07-13T04:57:06Z
2026-07-13T04:56:31Z,2026-07-13T06:56:31+0200,46fca521-fea0-4798-9f2d-95ad89ae35bc,2026-06-18T02:30:00Z,2026-06-18T04:30:00+0200,0.0,MW,FR,FR,actual_solar_generation,Solar,2026-07-13T04:57:06Z
2026-07-13T04:56:31Z,2026-07-13T06:56:31+0200,46fca521-fea0-4798-9f2d-95ad89ae35bc,2026-06-18T02:45:00Z,2026-06-18T04:45:00+0200,0.0,MW,FR,FR,actual_solar_generation,Solar,2026-07-13T04:57:06Z
2026-07-13T04:56:31Z,2026-07-13T06:56:31+0200,46fca521-fea0-4798-9f2d-95ad89ae35bc,2026-06-18T03:00:00Z,2026-06-18T05:00:00+0200,0.0,MW,FR,FR,actual_solar_generation,Solar,2026-07-13T04:57:06Z
2026-07-13T04:56:31Z,2026-07-13T06:56:31+0200,46fca521-fea0-4798-9f2d-95ad89ae35bc,2026-06-18T03:15:00Z,2026-06-18T05:15:00+0200,0.0,MW,FR,FR,actual_solar_generation,Solar,2026-07-13T04:57:06Z
2026-07-13T04:56:31Z,2026-07-13T06:56:31+0200,46fca521-fea0-4798-9f2d-95ad89ae35bc,2026-06-18T03:30:00Z,2026-06-18T05:30:00+0200,0.0,MW,FR,FR,actual_solar_generation,Solar,2026-07-13T04:57:06Z
2026-07-13T04:56:31Z,2026-07-13T06:56:31+0200,46fca521-fea0-4798-9f2d-95ad89ae35bc,2026-06-18T03:45:00Z,2026-06-18T05:45:00+0200,0.0,MW,FR,FR,actual_solar_generation,Solar,2026-07-13T04:57:06Z
2026-07-13T04:56:31Z,2026-07-13T06:56:31+0200,46fca521-fea0-4798-9f2d-95ad89ae35bc,2026-06-18T04:00:00Z,2026-06-18T06:00:00+0200,296.89,MW,FR,FR,actual_solar_generation,Solar,2026-07-13T04:57:06Z
2026-07-13T04:56:31Z,2026-07-13T06:56:31+0200,46fca521-fea0-4798-9f2d-95ad89ae35bc,2026-06-18T04:15:00Z,2026-06-18T06:15:00+0200,392.57,MW,FR,FR,actual_solar_generation,Solar,2026-07-13T04:57:06Z
2026-07-13T04:56:31Z,2026-07-13T06:56:31+0200,46fca521-fea0-4798-9f2d-95ad89ae35bc,2026-06-18T04:30:00Z,2026-06-18T06:30:00+0200,577.32,MW,FR,FR,actual_solar_generation,Solar,2026-07-13T04:57:06Z
2026-07-13T04:56:31Z,2026-07-13T06:56:31+0200,46fca521-fea0-4798-9f2d-95ad89ae35bc,2026-06-18T04:45:00Z,2026-06-18T06:45:00+0200,887.68,MW,FR,FR,actual_solar_generation,Solar,2026-07-13T04:57:06Z
2026-07-13T04:56:31Z,2026-07-13T06:56:31+0200,46fca521-fea0-4798-9f2d-95ad89ae35bc,2026-06-18T05:00:00Z,2026-06-18T07:00:00+0200,1294.1,MW,FR,FR,actual_solar_generation,Solar,2026-07-13T04:57:06Z
2026-07-13T04:56:31Z,2026-07-13T06:56:31+0200,46fca521-fea0-4798-9f2d-95ad89ae35bc,2026-06-18T05:15:00Z,2026-06-18T07:15:00+0200,1822.69,MW,FR,FR,actual_solar_generation,Solar,2026-07-13T04:57:06Z
2026-07-13T04:56:31Z,2026-07-13T06:56:31+0200,46fca521-fea0-4798-9f2d-95ad89ae35bc,2026-06-18T05:30:00Z,2026-06-18T07:30:00+0200,2510.89,MW,FR,FR,actual_solar_generation,Solar,2026-07-13T04:57:06Z
2026-07-13T04:56:31Z,2026-07-13T06:56:31+0200,46fca521-fea0-4798-9f2d-95ad89ae35bc,2026-06-18T05:45:00Z,2026-06-18T07:45:00+0200,3282.24,MW,FR,FR,actual_solar_generation,Solar,2026-07-13T04:57:06Z
2026-07-13T04:56:31Z,2026-07-13T06:56:31+0200,46fca521-fea0-4798-9f2d-95ad89ae35bc,2026-06-18T06:00:00Z,2026-06-18T08:00:00+0200,4192.6,MW,FR,FR,actual_solar_generation,Solar,2026-07-13T04:57:06Z
2026-07-13T04:56:31Z,2026-07-13T06:56:31+0200,46fca521-fea0-4798-9f2d-95ad89ae35bc,2026-06-18T06:15:00Z,2026-06-18T08:15:00+0200,5235.2,MW,FR,FR,actual_solar_generation,Solar,2026-07-13T04:57:06Z
2026-07-13T04:56:31Z,2026-07-13T06:56:31+0200,46fca521-fea0-4798-9f2d-95ad89ae35bc,2026-06-18T06:30:00Z,2026-06-18T08:30:00+0200,6381.75,MW,FR,FR,actual_solar_generation,Solar,2026-07-13T04:57:06Z
2026-07-13T04:56:31Z,2026-07-13T06:56:31+0200,46fca521-fea0-4798-9f2d-95ad89ae35bc,2026-06-18T06:45:00Z,2026-06-18T08:45:00+0200,7552.51,MW,FR,FR,actual_solar_generation,Solar,2026-07-13T04:57:06Z
2026-07-13T04:56:31Z,2026-07-13T06:56:31+0200,46fca521-fea0-4798-9f2d-95ad89ae35bc,2026-06-18T07:00:00Z,2026-06-18T09:00:00+0200,8715.66,MW,FR,FR,actual_solar_generation,Solar,2026-07-13T04:57:06Z
2026-07-13T04:56:31Z,2026-07-13T06:56:31+0200,46fca521-fea0-4798-9f2d-95ad89ae35bc,2026-06-18T07:15:00Z,2026-06-18T09:15:00+0200,9908.67,MW,FR,FR,actual_solar_generation,Solar,2026-07-13T04:57:06Z
2026-07-13T04:56:31Z,2026-07-13T06:56:31+0200,46fca521-fea0-4798-9f2d-95ad89ae35bc,2026-06-18T07:30:00Z,2026-06-18T09:30:00+0200,10879.37,MW,FR,FR,actual_solar_generation,Solar,2026-07-13T04:57:06Z
2026-07-13T04:56:31Z,2026-07-13T06:56:31+0200,46fca521-fea0-4798-9f2d-95ad89ae35bc,2026-06-18T07:45:00Z,2026-06-18T09:45:00+0200,11931.24,MW,FR,FR,actual_solar_generation,Solar,2026-07-13T04:57:06Z
2026-07-13T04:56:31Z,2026-07-13T06:56:31+0200,46fca521-fea0-4798-9f2d-95ad89ae35bc,2026-06-18T08:00:00Z,2026-06-18T10:00:00+0200,13060.41,MW,FR,FR,actual_solar_generation,Solar,2026-07-13T04:57:06Z
2026-07-13T04:56:31Z,2026-07-13T06:56:31+0200,46fca521-fea0-4798-9f2d-95ad89ae35bc,2026-06-18T08:15:00Z,2026-06-18T10:15:00+0200,14024.54,MW,FR,FR,actual_solar_generation,Solar,2026-07-13T04:57:06Z
2026-07-13T04:56:31Z,2026-07-13T06:56:31+0200,46fca521-fea0-4798-9f2d-95ad89ae35bc,2026-06-18T08:30:00Z,2026-06-18T10:30:00+0200,14801.39,MW,FR,FR,actual_solar_generation,Solar,2026-07-13T04:57:06Z
2026-07-13T04:56:31Z,2026-07-13T06:56:31+0200,46fca521-fea0-4798-9f2d-95ad89ae35bc,2026-06-18T08:45:00Z,2026-06-18T10:45:00+0200,15578.65,MW,FR,FR,actual_solar_generation,Solar,2026-07-13T04:57:06Z
2026-07-13T04:56:31Z,2026-07-13T06:56:31+0200,46fca521-fea0-4798-9f2d-95ad89ae35bc,2026-06-18T09:00:00Z,2026-06-18T11:00:00+0200,16399.21,MW,FR,FR,actual_solar_generation,Solar,2026-07-13T04:57:06Z
2026-07-13T04:56:31Z,2026-07-13T06:56:31+0200,46fca521-fea0-4798-9f2d-95ad89ae35bc,2026-06-18T09:15:00Z,2026-06-18T11:15:00+0200,17045.13,MW,FR,FR,actual_solar_generation,Solar,2026-07-13T04:57:06Z
2026-07-13T04:56:31Z,2026-07-13T06:56:31+0200,46fca521-fea0-4798-9f2d-95ad89ae35bc,2026-06-18T09:30:00Z,2026-06-18T11:30:00+0200,17848.24,MW,FR,FR,actual_solar_generation,Solar,2026-07-13T04:57:06Z
2026-07-13T04:56:31Z,2026-07-13T06:56:31+0200,46fca521-fea0-4798-9f2d-95ad89ae35bc,2026-06-18T09:45:00Z,2026-06-18T11:45:00+0200,18206.71,MW,FR,FR,actual_solar_generation,Solar,2026-07-13T04:57:06Z
2026-07-13T04:56:31Z,2026-07-13T06:56:31+0200,46fca521-fea0-4798-9f2d-95ad89ae35bc,2026-06-18T10:00:00Z,2026-06-18T12:00:00+0200,18516.81,MW,FR,FR,actual_solar_generation,Solar,2026-07-13T04:57:06Z
2026-07-13T04:56:31Z,2026-07-13T06:56:31+0200,46fca521-fea0-4798-9f2d-95ad89ae35bc,2026-06-18T10:15:00Z,2026-06-18T12:15:00+0200,18856.55,MW,FR,FR,actual_solar_generation,Solar,2026-07-13T04:57:06Z
2026-07-13T04:56:31Z,2026-07-13T06:56:31+0200,46fca521-fea0-4798-9f2d-95ad89ae35bc,2026-06-18T10:30:00Z,2026-06-18T12:30:00+0200,19180.18,MW,FR,FR,actual_solar_generation,Solar,2026-07-13T04:57:06Z
2026-07-13T04:56:31Z,2026-07-13T06:56:31+0200,46fca521-fea0-4798-9f2d-95ad89ae35bc,2026-06-18T10:45:00Z,2026-06-18T12:45:00+0200,19439.21,MW,FR,FR,actual_solar_generation,Solar,2026-07-13T04:57:06Z
2026-07-13T04:56:31Z,2026-07-13T06:56:31+0200,46fca521-fea0-4798-9f2d-95ad89ae35bc,2026-06-18T11:00:00Z,2026-06-18T13:00:00+0200,19528.05,MW,FR,FR,actual_solar_generation,Solar,2026-07-13T04:57:06Z
2026-07-13T04:56:31Z,2026-07-13T06:56:31+0200,46fca521-fea0-4798-9f2d-95ad89ae35bc,2026-06-18T11:15:00Z,2026-06-18T13:15:00+0200,19558.24,MW,FR,FR,actual_solar_generation,Solar,2026-07-13T04:57:06Z
2026-07-13T04:56:31Z,2026-07-13T06:56:31+0200,46fca521-fea0-4798-9f2d-95ad89ae35bc,2026-06-18T11:30:00Z,2026-06-18T13:30:00+0200,19773.15,MW,FR,FR,actual_solar_generation,Solar,2026-07-13T04:57:06Z
2026-07-13T04:56:31Z,2026-07-13T06:56:31+0200,46fca521-fea0-4798-9f2d-95ad89ae35bc,2026-06-18T11:45:00Z,2026-06-18T13:45:00+0200,19537.85,MW,FR,FR,actual_solar_generation,Solar,2026-07-13T04:57:06Z
2026-07-13T04:56:31Z,2026-07-13T06:56:31+0200,46fca521-fea0-4798-9f2d-95ad89ae35bc,2026-06-18T12:00:00Z,2026-06-18T14:00:00+0200,19548.12,MW,FR,FR,actual_solar_generation,Solar,2026-07-13T04:57:06Z
2026-07-13T04:56:31Z,2026-07-13T06:56:31+0200,46fca521-fea0-4798-9f2d-95ad89ae35bc,2026-06-18T12:15:00Z,2026-06-18T14:15:00+0200,19471.07,MW,FR,FR,actual_solar_generation,Solar,2026-07-13T04:57:06Z
2026-07-13T04:56:31Z,2026-07-13T06:56:31+0200,46fca521-fea0-4798-9f2d-95ad89ae35bc,2026-06-18T12:30:00Z,2026-06-18T14:30:00+0200,19311.15,MW,FR,FR,actual_solar_generation,Solar,2026-07-13T04:57:06Z
2026-07-13T04:56:31Z,2026-07-13T06:56:31+0200,46fca521-fea0-4798-9f2d-95ad89ae35bc,2026-06-18T12:45:00Z,2026-06-18T14:45:00+0200,19136.69,MW,FR,FR,actual_solar_generation,Solar,2026-07-13T04:57:06Z
2026-07-13T04:56:31Z,2026-07-13T06:56:31+0200,46fca521-fea0-4798-9f2d-95ad89ae35bc,2026-06-18T13:00:00Z,2026-06-18T15:00:00+0200,18891.95,MW,FR,FR,actual_solar_generation,Solar,2026-07-13T04:57:06Z
2026-07-13T04:56:31Z,2026-07-13T06:56:31+0200,46fca521-fea0-4798-9f2d-95ad89ae35bc,2026-06-18T13:15:00Z,2026-06-18T15:15:00+0200,18455.64,MW,FR,FR,actual_solar_generation,Solar,2026-07-13T04:57:06Z
2026-07-13T04:56:31Z,2026-07-13T06:56:31+0200,46fca521-fea0-4798-9f2d-95ad89ae35bc,2026-06-18T13:30:00Z,2026-06-18T15:30:00+0200,18153.64,MW,FR,FR,actual_solar_generation,Solar,2026-07-13T04:57:06Z
2026-07-13T04:56:31Z,2026-07-13T06:56:31+0200,46fca521-fea0-4798-9f2d-95ad89ae35bc,2026-06-18T13:45:00Z,2026-06-18T15:45:00+0200,17557.6,MW,FR,FR,actual_solar_generation,Solar,2026-07-13T04:57:06Z
2026-07-13T04:56:31Z,2026-07-13T06:56:31+0200,46fca521-fea0-4798-9f2d-95ad89ae35bc,2026-06-18T14:00:00Z,2026-06-18T16:00:00+0200,17085.32,MW,FR,FR,actual_solar_generation,Solar,2026-07-13T04:57:06Z
2026-07-13T04:56:31Z,2026-07-13T06:56:31+0200,46fca521-fea0-4798-9f2d-95ad89ae35bc,2026-06-18T14:15:00Z,2026-06-18T16:15:00+0200,16536.17,MW,FR,FR,actual_solar_generation,Solar,2026-07-13T04:57:06Z
2026-07-13T04:56:31Z,2026-07-13T06:56:31+0200,46fca521-fea0-4798-9f2d-95ad89ae35bc,2026-06-18T14:30:00Z,2026-06-18T16:30:00+0200,15980.63,MW,FR,FR,actual_solar_generation,Solar,2026-07-13T04:57:06Z
2026-07-13T04:56:31Z,2026-07-13T06:56:31+0200,46fca521-fea0-4798-9f2d-95ad89ae35bc,2026-06-18T14:45:00Z,2026-06-18T16:45:00+0200,15468.63,MW,FR,FR,actual_solar_generation,Solar,2026-07-13T04:57:06Z
2026-07-13T04:56:31Z,2026-07-13T06:56:31+0200,46fca521-fea0-4798-9f2d-95ad89ae35bc,2026-06-18T15:00:00Z,2026-06-18T17:00:00+0200,14460.02,MW,FR,FR,actual_solar_generation,Solar,2026-07-13T04:57:06Z
2026-07-13T04:56:31Z,2026-07-13T06:56:31+0200,46fca521-fea0-4798-9f2d-95ad89ae35bc,2026-06-18T15:15:00Z,2026-06-18T17:15:00+0200,13582.65,MW,FR,FR,actual_solar_generation,Solar,2026-07-13T04:57:06Z
2026-07-13T04:56:31Z,2026-07-13T06:56:31+0200,46fca521-fea0-4798-9f2d-95ad89ae35bc,2026-06-18T15:30:00Z,2026-06-18T17:30:00+0200,12891.87,MW,FR,FR,actual_solar_generation,Solar,2026-07-13T04:57:06Z
2026-07-13T04:56:31Z,2026-07-13T06:56:31+0200,46fca521-fea0-4798-9f2d-95ad89ae35bc,2026-06-18T15:45:00Z,2026-06-18T17:45:00+0200,11894.62,MW,FR,FR,actual_solar_generation,Solar,2026-07-13T04:57:06Z
2026-07-13T04:56:31Z,2026-07-13T06:56:31+0200,46fca521-fea0-4798-9f2d-95ad89ae35bc,2026-06-18T16:00:00Z,2026-06-18T18:00:00+0200,10941.47,MW,FR,FR,actual_solar_generation,Solar,2026-07-13T04:57:06Z
2026-07-13T04:56:31Z,2026-07-13T06:56:31+0200,46fca521-fea0-4798-9f2d-95ad89ae35bc,2026-06-18T16:15:00Z,2026-06-18T18:15:00+0200,9847.19,MW,FR,FR,actual_solar_generation,Solar,2026-07-13T04:57:06Z
2026-07-13T04:56:31Z,2026-07-13T06:56:31+0200,46fca521-fea0-4798-9f2d-95ad89ae35bc,2026-06-18T16:30:00Z,2026-06-18T18:30:00+0200,8813.0,MW,FR,FR,actual_solar_generation,Solar,2026-07-13T04:57:06Z
2026-07-13T04:56:31Z,2026-07-13T06:56:31+0200,46fca521-fea0-4798-9f2d-95ad89ae35bc,2026-06-18T16:45:00Z,2026-06-18T18:45:00+0200,7804.58,MW,FR,FR,actual_solar_generation,Solar,2026-07-13T04:57:06Z
2026-07-13T04:56:31Z,2026-07-13T06:56:31+0200,46fca521-fea0-4798-9f2d-95ad89ae35bc,2026-06-18T17:00:00Z,2026-06-18T19:00:00+0200,6691.33,MW,FR,FR,actual_solar_generation,Solar,2026-07-13T04:57:06Z
2026-07-13T04:56:31Z,2026-07-13T06:56:31+0200,46fca521-fea0-4798-9f2d-95ad89ae35bc,2026-06-18T17:15:00Z,2026-06-18T19:15:00+0200,5645.1,MW,FR,FR,actual_solar_generation,Solar,2026-07-13T04:57:06Z
2026-07-13T04:56:31Z,2026-07-13T06:56:31+0200,46fca521-fea0-4798-9f2d-95ad89ae35bc,2026-06-18T17:30:00Z,2026-06-18T19:30:00+0200,4681.79,MW,FR,FR,actual_solar_generation,Solar,2026-07-13T04:57:06Z
2026-07-13T04:56:31Z,2026-07-13T06:56:31+0200,46fca521-fea0-4798-9f2d-95ad89ae35bc,2026-06-18T17:45:00Z,2026-06-18T19:45:00+0200,3754.23,MW,FR,FR,actual_solar_generation,Solar,2026-07-13T04:57:06Z
2026-07-13T04:56:31Z,2026-07-13T06:56:31+0200,46fca521-fea0-4798-9f2d-95ad89ae35bc,2026-06-18T18:00:00Z,2026-06-18T20:00:00+0200,2930.6,MW,FR,FR,actual_solar_generation,Solar,2026-07-13T04:57:06Z
2026-07-13T04:56:31Z,2026-07-13T06:56:31+0200,46fca521-fea0-4798-9f2d-95ad89ae35bc,2026-06-18T18:15:00Z,2026-06-18T20:15:00+0200,2252.77,MW,FR,FR,actual_solar_generation,Solar,2026-07-13T04:57:06Z
2026-07-13T04:56:31Z,2026-07-13T06:56:31+0200,46fca521-fea0-4798-9f2d-95ad89ae35bc,2026-06-18T18:30:00Z,2026-06-18T20:30:00+0200,1689.97,MW,FR,FR,actual_solar_generation,Solar,2026-07-13T04:57:06Z
2026-07-13T04:56:31Z,2026-07-13T06:56:31+0200,46fca521-fea0-4798-9f2d-95ad89ae35bc,2026-06-18T18:45:00Z,2026-06-18T20:45:00+0200,1238.13,MW,FR,FR,actual_solar_generation,Solar,2026-07-13T04:57:06Z
2026-07-13T04:56:31Z,2026-07-13T06:56:31+0200,46fca521-fea0-4798-9f2d-95ad89ae35bc,2026-06-18T19:00:00Z,2026-06-18T21:00:00+0200,881.91,MW,FR,FR,actual_solar_generation,Solar,2026-07-13T04:57:06Z
2026-07-13T04:56:31Z,2026-07-13T06:56:31+0200,46fca521-fea0-4798-9f2d-95ad89ae35bc,2026-06-18T19:15:00Z,2026-06-18T21:15:00+0200,603.52,MW,FR,FR,actual_solar_generation,Solar,2026-07-13T04:57:06Z
2026-07-13T04:56:31Z,2026-07-13T06:56:31+0200,46fca521-fea0-4798-9f2d-95ad89ae35bc,2026-06-18T19:30:00Z,2026-06-18T21:30:00+0200,391.92,MW,FR,FR,actual_solar_generation,Solar,2026-07-13T04:57:06Z
2026-07-13T04:56:31Z,2026-07-13T06:56:31+0200,46fca521-fea0-4798-9f2d-95ad89ae35bc,2026-06-18T19:45:00Z,2026-06-18T21:45:00+0200,281.43,MW,FR,FR,actual_solar_generation,Solar,2026-07-13T04:57:06Z
2026-07-13T04:56:31Z,2026-07-13T06:56:31+0200,46fca521-fea0-4798-9f2d-95ad89ae35bc,2026-06-18T20:00:00Z,2026-06-18T22:00:00+0200,239.2,MW,FR,FR,actual_solar_generation,Solar,2026-07-13T04:57:06Z
2026-07-13T04:56:31Z,2026-07-13T06:56:31+0200,46fca521-fea0-4798-9f2d-95ad89ae35bc,2026-06-18T20:15:00Z,2026-06-18T22:15:00+0200,219.74,MW,FR,FR,actual_solar_generation,Solar,2026-07-13T04:57:06Z
2026-07-13T04:56:31Z,2026-07-13T06:56:31+0200,46fca521-fea0-4798-9f2d-95ad89ae35bc,2026-06-18T20:30:00Z,2026-06-18T22:30:00+0200,243.97,MW,FR,FR,actual_solar_generation,Solar,2026-07-13T04:57:06Z
2026-07-13T04:56:31Z,2026-07-13T06:56:31+0200,46fca521-fea0-4798-9f2d-95ad89ae35bc,2026-06-18T20:45:00Z,2026-06-18T22:45:00+0200,253.84,MW,FR,FR,actual_solar_generation,Solar,2026-07-13T04:57:06Z
2026-07-13T04:56:31Z,2026-07-13T06:56:31+0200,46fca521-fea0-4798-9f2d-95ad89ae35bc,2026-06-18T21:00:00Z,2026-06-18T23:00:00+0200,250.59,MW,FR,FR,actual_solar_generation,Solar,2026-07-13T04:57:06Z
2026-07-13T04:56:31Z,2026-07-13T06:56:31+0200,46fca521-fea0-4798-9f2d-95ad89ae35bc,2026-06-18T21:15:00Z,2026-06-18T23:15:00+0200,245.94,MW,FR,FR,actual_solar_generation,Solar,2026-07-13T04:57:06Z
2026-07-13T04:56:31Z,2026-07-13T06:56:31+0200,46fca521-fea0-4798-9f2d-95ad89ae35bc,2026-06-18T21:30:00Z,2026-06-18T23:30:00+0200,243.94,MW,FR,FR,actual_solar_generation,Solar,2026-07-13T04:57:06Z
2026-07-13T04:56:31Z,2026-07-13T06:56:31+0200,46fca521-fea0-4798-9f2d-95ad89ae35bc,2026-06-18T21:45:00Z,2026-06-18T23:45:00+0200,243.29,MW,FR,FR,actual_solar_generation,Solar,2026-07-13T04:57:06Z
2026-07-13T04:56:31Z,2026-07-13T06:56:31+0200,46fca521-fea0-4798-9f2d-95ad89ae35bc,2026-06-18T22:00:00Z,2026-06-19T00:00:00+0200,0.0,MW,FR,FR,actual_solar_generation,Solar,2026-07-13T04:57:06Z
2026-07-13T04:56:31Z,2026-07-13T06:56:31+0200,46fca521-fea0-4798-9f2d-95ad89ae35bc,2026-06-18T22:15:00Z,2026-06-19T00:15:00+0200,0.0,MW,FR,FR,actual_solar_generation,Solar,2026-07-13T04:57:06Z
2026-07-13T04:56:31Z,2026-07-13T06:56:31+0200,46fca521-fea0-4798-9f2d-95ad89ae35bc,2026-06-18T22:30:00Z,2026-06-19T00:30:00+0200,0.0,MW,FR,FR,actual_solar_generation,Solar,2026-07-13T04:57:06Z
2026-07-13T04:56:31Z,2026-07-13T06:56:31+0200,46fca521-fea0-4798-9f2d-95ad89ae35bc,2026-06-18T22:45:00Z,2026-06-19T00:45:00+0200,0.0,MW,FR,FR,actual_solar_generation,Solar,2026-07-13T04:57:06Z
2026-07-13T04:56:31Z,2026-07-13T06:56:31+0200,46fca521-fea0-4798-9f2d-95ad89ae35bc,2026-06-18T23:00:00Z,2026-06-19T01:00:00+0200,0.0,MW,FR,FR,actual_solar_generation,Solar,2026-07-13T04:57:06Z
2026-07-13T04:56:31Z,2026-07-13T06:56:31+0200,46fca521-fea0-4798-9f2d-95ad89ae35bc,2026-06-18T23:15:00Z,2026-06-19T01:15:00+0200,0.0,MW,FR,FR,actual_solar_generation,Solar,2026-07-13T04:57:06Z
2026-07-13T04:56:31Z,2026-07-13T06:56:31+0200,46fca521-fea0-4798-9f2d-95ad89ae35bc,2026-06-18T23:30:00Z,2026-06-19T01:30:00+0200,0.0,MW,FR,FR,actual_solar_generation,Solar,2026-07-13T04:57:06Z
2026-07-13T04:56:31Z,2026-07-13T06:56:31+0200,46fca521-fea0-4798-9f2d-95ad89ae35bc,2026-06-18T23:45:00Z,2026-06-19T01:45:00+0200,0.0,MW,FR,FR,actual_solar_generation,Solar,2026-07-13T04:57:06Z
2026-07-13T04:56:31Z,2026-07-13T06:56:31+0200,46fca521-fea0-4798-9f2d-95ad89ae35bc,2026-06-19T00:00:00Z,2026-06-19T02:00:00+0200,0.0,MW,FR,FR,actual_solar_generation,Solar,2026-07-13T04:57:06Z
2026-07-13T04:56:31Z,2026-07-13T06:56:31+0200,46fca521-fea0-4798-9f2d-95ad89ae35bc,2026-06-19T00:15:00Z,2026-06-19T02:15:00+0200,0.0,MW,FR,FR,actual_solar_generation,Solar,2026-07-13T04:57:06Z
2026-07-13T04:56:31Z,2026-07-13T06:56:31+0200,46fca521-fea0-4798-9f2d-95ad89ae35bc,2026-06-19T00:30:00Z,2026-06-19T02:30:00+0200,0.0,MW,FR,FR,actual_solar_generation,Solar,2026-07-13T04:57:06Z
2026-07-13T04:56:31Z,2026-07-13T06:56:31+0200,46fca521-fea0-4798-9f2d-95ad89ae35bc,2026-06-19T00:45:00Z,2026-06-19T02:45:00+0200,0.0,MW,FR,FR,actual_solar_generation,Solar,2026-07-13T04:57:06Z
2026-07-13T04:56:31Z,2026-07-13T06:56:31+0200,46fca521-fea0-4798-9f2d-95ad89ae35bc,2026-06-19T01:00:00Z,2026-06-19T03:00:00+0200,0.0,MW,FR,FR,actual_solar_generation,Solar,2026-07-13T04:57:06Z
2026-07-13T04:56:31Z,2026-07-13T06:56:31+0200,46fca521-fea0-4798-9f2d-95ad89ae35bc,2026-06-19T01:15:00Z,2026-06-19T03:15:00+0200,0.0,MW,FR,FR,actual_solar_generation,Solar,2026-07-13T04:57:06Z
2026-07-13T04:56:31Z,2026-07-13T06:56:31+0200,46fca521-fea0-4798-9f2d-95ad89ae35bc,2026-06-19T01:30:00Z,2026-06-19T03:30:00+0200,0.0,MW,FR,FR,actual_solar_generation,Solar,2026-07-13T04:57:06Z
2026-07-13T04:56:31Z,2026-07-13T06:56:31+0200,46fca521-fea0-4798-9f2d-95ad89ae35bc,2026-06-19T01:45:00Z,2026-06-19T03:45:00+0200,0.0,MW,FR,FR,actual_solar_generation,Solar,2026-07-13T04:57:06Z
2026-07-13T04:56:31Z,2026-07-13T06:56:31+0200,46fca521-fea0-4798-9f2d-95ad89ae35bc,2026-06-19T02:00:00Z,2026-06-19T04:00:00+0200,0.0,MW,FR,FR,actual_solar_generation,Solar,2026-07-13T04:57:06Z
2026-07-13T04:56:31Z,2026-07-13T06:56:31+0200,46fca521-fea0-4798-9f2d-95ad89ae35bc,2026-06-19T02:15:00Z,2026-06-19T04:15:00+0200,0.0,MW,FR,FR,actual_solar_generation,Solar,2026-07-13T04:57:06Z
2026-07-13T04:56:31Z,2026-07-13T06:56:31+0200,46fca521-fea0-4798-9f2d-95ad89ae35bc,2026-06-19T02:30:00Z,2026-06-19T04:30:00+0200,0.0,MW,FR,FR,actual_solar_generation,Solar,2026-07-13T04:57:06Z
2026-07-13T04:56:31Z,2026-07-13T06:56:31+0200,46fca521-fea0-4798-9f2d-95ad89ae35bc,2026-06-19T02:45:00Z,2026-06-19T04:45:00+0200,0.0,MW,FR,FR,actual_solar_generation,Solar,2026-07-13T04:57:06Z
2026-07-13T04:56:31Z,2026-07-13T06:56:31+0200,46fca521-fea0-4798-9f2d-95ad89ae35bc,2026-06-19T03:00:00Z,2026-06-19T05:00:00+0200,0.0,MW,FR,FR,actual_solar_generation,Solar,2026-07-13T04:57:06Z
2026-07-13T04:56:31Z,2026-07-13T06:56:31+0200,46fca521-fea0-4798-9f2d-95ad89ae35bc,2026-06-19T03:15:00Z,2026-06-19T05:15:00+0200,0.0,MW,FR,FR,actual_solar_generation,Solar,2026-07-13T04:57:06Z
2026-07-13T04:56:31Z,2026-07-13T06:56:31+0200,46fca521-fea0-4798-9f2d-95ad89ae35bc,2026-06-19T03:30:00Z,2026-06-19T05:30:00+0200,0.0,MW,FR,FR,actual_solar_generation,Solar,2026-07-13T04:57:06Z
2026-07-13T04:56:31Z,2026-07-13T06:56:31+0200,46fca521-fea0-4798-9f2d-95ad89ae35bc,2026-06-19T03:45:00Z,2026-06-19T05:45:00+0200,0.0,MW,FR,FR,actual_solar_generation,Solar,2026-07-13T04:57:06Z
2026-07-13T04:56:31Z,2026-07-13T06:56:31+0200,46fca521-fea0-4798-9f2d-95ad89ae35bc,2026-06-19T04:00:00Z,2026-06-19T06:00:00+0200,288.8,MW,FR,FR,actual_solar_generation,Solar,2026-07-13T04:57:06Z
2026-07-13T04:56:31Z,2026-07-13T06:56:31+0200,46fca521-fea0-4798-9f2d-95ad89ae35bc,2026-06-19T04:15:00Z,2026-06-19T06:15:00+0200,386.11,MW,FR,FR,actual_solar_generation,Solar,2026-07-13T04:57:06Z
2026-07-13T04:56:31Z,2026-07-13T06:56:31+0200,46fca521-fea0-4798-9f2d-95ad89ae35bc,2026-06-19T04:30:00Z,2026-06-19T06:30:00+0200,590.99,MW,FR,FR,actual_solar_generation,Solar,2026-07-13T04:57:06Z
2026-07-13T04:56:31Z,2026-07-13T06:56:31+0200,46fca521-fea0-4798-9f2d-95ad89ae35bc,2026-06-19T04:45:00Z,2026-06-19T06:45:00+0200,917.8,MW,FR,FR,actual_solar_generation,Solar,2026-07-13T04:57:06Z
2026-07-13T04:56:31Z,2026-07-13T06:56:31+0200,46fca521-fea0-4798-9f2d-95ad89ae35bc,2026-06-19T05:00:00Z,2026-06-19T07:00:00+0200,1335.92,MW,FR,FR,actual_solar_generation,Solar,2026-07-13T04:57:06Z
2026-07-13T04:56:31Z,2026-07-13T06:56:31+0200,46fca521-fea0-4798-9f2d-95ad89ae35bc,2026-06-19T05:15:00Z,2026-06-19T07:15:00+0200,1872.78,MW,FR,FR,actual_solar_generation,Solar,2026-07-13T04:57:06Z
2026-07-13T04:56:31Z,2026-07-13T06:56:31+0200,46fca521-fea0-4798-9f2d-95ad89ae35bc,2026-06-19T05:30:00Z,2026-06-19T07:30:00+0200,2580.5,MW,FR,FR,actual_solar_generation,Solar,2026-07-13T04:57:06Z
2026-07-13T04:56:31Z,2026-07-13T06:56:31+0200,46fca521-fea0-4798-9f2d-95ad89ae35bc,2026-06-19T05:45:00Z,2026-06-19T07:45:00+0200,3340.42,MW,FR,FR,actual_solar_generation,Solar,2026-07-13T04:57:06Z
2026-07-13T04:56:31Z,2026-07-13T06:56:31+0200,46fca521-fea0-4798-9f2d-95ad89ae35bc,2026-06-19T06:00:00Z,2026-06-19T08:00:00+0200,4159.05,MW,FR,FR,actual_solar_generation,Solar,2026-07-13T04:57:06Z
2026-07-13T04:56:31Z,2026-07-13T06:56:31+0200,46fca521-fea0-4798-9f2d-95ad89ae35bc,2026-06-19T06:15:00Z,2026-06-19T08:15:00+0200,5196.46,MW,FR,FR,actual_solar_generation,Solar,2026-07-13T04:57:06Z
2026-07-13T04:56:31Z,2026-07-13T06:56:31+0200,46fca521-fea0-4798-9f2d-95ad89ae35bc,2026-06-19T06:30:00Z,2026-06-19T08:30:00+0200,6390.63,MW,FR,FR,actual_solar_generation,Solar,2026-07-13T04:57:06Z
2026-07-13T04:56:31Z,2026-07-13T06:56:31+0200,46fca521-fea0-4798-9f2d-95ad89ae35bc,2026-06-19T06:45:00Z,2026-06-19T08:45:00+0200,7519.04,MW,FR,FR,actual_solar_generation,Solar,2026-07-13T04:57:06Z
2026-07-13T04:56:31Z,2026-07-13T06:56:31+0200,46fca521-fea0-4798-9f2d-95ad89ae35bc,2026-06-19T07:00:00Z,2026-06-19T09:00:00+0200,8648.17,MW,FR,FR,actual_solar_generation,Solar,2026-07-13T04:57:06Z
2026-07-13T04:56:31Z,2026-07-13T06:56:31+0200,46fca521-fea0-4798-9f2d-95ad89ae35bc,2026-06-19T07:15:00Z,2026-06-19T09:15:00+0200,9892.92,MW,FR,FR,actual_solar_generation,Solar,2026-07-13T04:57:06Z
2026-07-13T04:56:31Z,2026-07-13T06:56:31+0200,46fca521-fea0-4798-9f2d-95ad89ae35bc,2026-06-19T07:30:00Z,2026-06-19T09:30:00+0200,10956.74,MW,FR,FR,actual_solar_generation,Solar,2026-07-13T04:57:06Z
2026-07-13T04:56:31Z,2026-07-13T06:56:31+0200,46fca521-fea0-4798-9f2d-95ad89ae35bc,2026-06-19T07:45:00Z,2026-06-19T09:45:00+0200,12156.22,MW,FR,FR,actual_solar_generation,Solar,2026-07-13T04:57:06Z
2026-07-13T04:56:31Z,2026-07-13T06:56:31+0200,46fca521-fea0-4798-9f2d-95ad89ae35bc,2026-06-19T08:00:00Z,2026-06-19T10:00:00+0200,13216.16,MW,FR,FR,actual_solar_generation,Solar,2026-07-13T04:57:06Z
2026-07-13T04:56:31Z,2026-07-13T06:56:31+0200,46fca521-fea0-4798-9f2d-95ad89ae35bc,2026-06-19T08:15:00Z,2026-06-19T10:15:00+0200,13953.4,MW,FR,FR,actual_solar_generation,Solar,2026-07-13T04:57:06Z
2026-07-13T04:56:31Z,2026-07-13T06:56:31+0200,46fca521-fea0-4798-9f2d-95ad89ae35bc,2026-06-19T08:30:00Z,2026-06-19T10:30:00+0200,14592.91,MW,FR,FR,actual_solar_generation,Solar,2026-07-13T04:57:06Z
2026-07-13T04:56:31Z,2026-07-13T06:56:31+0200,46fca521-fea0-4798-9f2d-95ad89ae35bc,2026-06-19T08:45:00Z,2026-06-19T10:45:00+0200,15476.64,MW,FR,FR,actual_solar_generation,Solar,2026-07-13T04:57:06Z
2026-07-13T04:56:31Z,2026-07-13T06:56:31+0200,46fca521-fea0-4798-9f2d-95ad89ae35bc,2026-06-19T09:00:00Z,2026-06-19T11:00:00+0200,16367.05,MW,FR,FR,actual_solar_generation,Solar,2026-07-13T04:57:06Z
2026-07-13T04:56:31Z,2026-07-13T06:56:31+0200,46fca521-fea0-4798-9f2d-95ad89ae35bc,2026-06-19T09:15:00Z,2026-06-19T11:15:00+0200,17049.28,MW,FR,FR,actual_solar_generation,Solar,2026-07-13T04:57:06Z
2026-07-13T04:56:31Z,2026-07-13T06:56:31+0200,46fca521-fea0-4798-9f2d-95ad89ae35bc,2026-06-19T09:30:00Z,2026-06-19T11:30:00+0200,17566.1,MW,FR,FR,actual_solar_generation,Solar,2026-07-13T04:57:06Z
2026-07-13T04:56:31Z,2026-07-13T06:56:31+0200,46fca521-fea0-4798-9f2d-95ad89ae35bc,2026-06-19T09:45:00Z,2026-06-19T11:45:00+0200,18089.46,MW,FR,FR,actual_solar_generation,Solar,2026-07-13T04:57:06Z
2026-07-13T04:56:31Z,2026-07-13T06:56:31+0200,46fca521-fea0-4798-9f2d-95ad89ae35bc,2026-06-19T10:00:00Z,2026-06-19T12:00:00+0200,18496.99,MW,FR,FR,actual_solar_generation,Solar,2026-07-13T04:57:06Z
2026-07-13T04:56:31Z,2026-07-13T06:56:31+0200,46fca521-fea0-4798-9f2d-95ad89ae35bc,2026-06-19T10:15:00Z,2026-06-19T12:15:00+0200,18954.02,MW,FR,FR,actual_solar_generation,Solar,2026-07-13T04:57:06Z
2026-07-13T04:56:31Z,2026-07-13T06:56:31+0200,46fca521-fea0-4798-9f2d-95ad89ae35bc,2026-06-19T10:30:00Z,2026-06-19T12:30:00+0200,19241.21,MW,FR,FR,actual_solar_generation,Solar,2026-07-13T04:57:06Z
2026-07-13T04:56:31Z,2026-07-13T06:56:31+0200,46fca521-fea0-4798-9f2d-95ad89ae35bc,2026-06-19T10:45:00Z,2026-06-19T12:45:00+0200,19540.48,MW,FR,FR,actual_solar_generation,Solar,2026-07-13T04:57:06Z
2026-07-13T04:56:31Z,2026-07-13T06:56:31+0200,46fca521-fea0-4798-9f2d-95ad89ae35bc,2026-06-19T11:00:00Z,2026-06-19T13:00:00+0200,19772.74,MW,FR,FR,actual_solar_generation,Solar,2026-07-13T04:57:06Z
2026-07-13T04:56:31Z,2026-07-13T06:56:31+0200,46fca521-fea0-4798-9f2d-95ad89ae35bc,2026-06-19T11:15:00Z,2026-06-19T13:15:00+0200,19777.33,MW,FR,FR,actual_solar_generation,Solar,2026-07-13T04:57:06Z
2026-07-13T04:56:31Z,2026-07-13T06:56:31+0200,46fca521-fea0-4798-9f2d-95ad89ae35bc,2026-06-19T11:30:00Z,2026-06-19T13:30:00+0200,19841.17,MW,FR,FR,actual_solar_generation,Solar,2026-07-13T04:57:06Z
2026-07-13T04:56:31Z,2026-07-13T06:56:31+0200,46fca521-fea0-4798-9f2d-95ad89ae35bc,2026-06-19T11:45:00Z,2026-06-19T13:45:00+0200,19860.12,MW,FR,FR,actual_solar_generation,Solar,2026-07-13T04:57:06Z
2026-07-13T04:56:31Z,2026-07-13T06:56:31+0200,46fca521-fea0-4798-9f2d-95ad89ae35bc,2026-06-19T12:00:00Z,2026-06-19T14:00:00+0200,19752.92,MW,FR,FR,actual_solar_generation,Solar,2026-07-13T04:57:06Z
2026-07-13T04:56:31Z,2026-07-13T06:56:31+0200,46fca521-fea0-4798-9f2d-95ad89ae35bc,2026-06-19T12:15:00Z,2026-06-19T14:15:00+0200,19765.96,MW,FR,FR,actual_solar_generation,Solar,2026-07-13T04:57:06Z
2026-07-13T04:56:31Z,2026-07-13T06:56:31+0200,46fca521-fea0-4798-9f2d-95ad89ae35bc,2026-06-19T12:30:00Z,2026-06-19T14:30:00+0200,19711.81,MW,FR,FR,actual_solar_generation,Solar,2026-07-13T04:57:06Z
2026-07-13T04:56:31Z,2026-07-13T06:56:31+0200,46fca521-fea0-4798-9f2d-95ad89ae35bc,2026-06-19T12:45:00Z,2026-06-19T14:45:00+0200,19294.1,MW,FR,FR,actual_solar_generation,Solar,2026-07-13T04:57:06Z
2026-07-13T04:56:31Z,2026-07-13T06:56:31+0200,46fca521-fea0-4798-9f2d-95ad89ae35bc,2026-06-19T13:00:00Z,2026-06-19T15:00:00+0200,18976.91,MW,FR,FR,actual_solar_generation,Solar,2026-07-13T04:57:06Z
2026-07-13T04:56:31Z,2026-07-13T06:56:31+0200,46fca521-fea0-4798-9f2d-95ad89ae35bc,2026-06-19T13:15:00Z,2026-06-19T15:15:00+0200,18594.04,MW,FR,FR,actual_solar_generation,Solar,2026-07-13T04:57:06Z
2026-07-13T04:56:31Z,2026-07-13T06:56:31+0200,46fca521-fea0-4798-9f2d-95ad89ae35bc,2026-06-19T13:30:00Z,2026-06-19T15:30:00+0200,18228.04,MW,FR,FR,actual_solar_generation,Solar,2026-07-13T04:57:06Z
2026-07-13T04:56:31Z,2026-07-13T06:56:31+0200,46fca521-fea0-4798-9f2d-95ad89ae35bc,2026-06-19T13:45:00Z,2026-06-19T15:45:00+0200,17951.78,MW,FR,FR,actual_solar_generation,Solar,2026-07-13T04:57:06Z
2026-07-13T04:56:31Z,2026-07-13T06:56:31+0200,46fca521-fea0-4798-9f2d-95ad89ae35bc,2026-06-19T14:00:00Z,2026-06-19T16:00:00+0200,17486.86,MW,FR,FR,actual_solar_generation,Solar,2026-07-13T04:57:06Z
2026-07-13T04:56:31Z,2026-07-13T06:56:31+0200,46fca521-fea0-4798-9f2d-95ad89ae35bc,2026-06-19T14:15:00Z,2026-06-19T16:15:00+0200,17055.93,MW,FR,FR,actual_solar_generation,Solar,2026-07-13T04:57:06Z
2026-07-13T04:56:31Z,2026-07-13T06:56:31+0200,46fca521-fea0-4798-9f2d-95ad89ae35bc,2026-06-19T14:30:00Z,2026-06-19T16:30:00+0200,16431.84,MW,FR,FR,actual_solar_generation,Solar,2026-07-13T04:57:06Z
2026-07-13T04:56:31Z,2026-07-13T06:56:31+0200,46fca521-fea0-4798-9f2d-95ad89ae35bc,2026-06-19T14:45:00Z,2026-06-19T16:45:00+0200,15697.82,MW,FR,FR,actual_solar_generation,Solar,2026-07-13T04:57:06Z
2026-07-13T04:56:31Z,2026-07-13T06:56:31+0200,46fca521-fea0-4798-9f2d-95ad89ae35bc,2026-06-19T15:00:00Z,2026-06-19T17:00:00+0200,15058.61,MW,FR,FR,actual_solar_generation,Solar,2026-07-13T04:57:06Z
2026-07-13T04:56:31Z,2026-07-13T06:56:31+0200,46fca521-fea0-4798-9f2d-95ad89ae35bc,2026-06-19T15:15:00Z,2026-06-19T17:15:00+0200,14183.22,MW,FR,FR,actual_solar_generation,Solar,2026-07-13T04:57:06Z
2026-07-13T04:56:31Z,2026-07-13T06:56:31+0200,46fca521-fea0-4798-9f2d-95ad89ae35bc,2026-06-19T15:30:00Z,2026-06-19T17:30:00+0200,13404.18,MW,FR,FR,actual_solar_generation,Solar,2026-07-13T04:57:06Z
2026-07-13T04:56:31Z,2026-07-13T06:56:31+0200,46fca521-fea0-4798-9f2d-95ad89ae35bc,2026-06-19T15:45:00Z,2026-06-19T17:45:00+0200,12423.91,MW,FR,FR,actual_solar_generation,Solar,2026-07-13T04:57:06Z
2026-07-13T04:56:31Z,2026-07-13T06:56:31+0200,46fca521-fea0-4798-9f2d-95ad89ae35bc,2026-06-19T16:00:00Z,2026-06-19T18:00:00+0200,11342.2,MW,FR,FR,actual_solar_generation,Solar,2026-07-13T04:57:06Z
2026-07-13T04:56:31Z,2026-07-13T06:56:31+0200,46fca521-fea0-4798-9f2d-95ad89ae35bc,2026-06-19T16:15:00Z,2026-06-19T18:15:00+0200,10324.91,MW,FR,FR,actual_solar_generation,Solar,2026-07-13T04:57:06Z
2026-07-13T04:56:31Z,2026-07-13T06:56:31+0200,46fca521-fea0-4798-9f2d-95ad89ae35bc,2026-06-19T16:30:00Z,2026-06-19T18:30:00+0200,9226.97,MW,FR,FR,actual_solar_generation,Solar,2026-07-13T04:57:06Z
2026-07-13T04:56:31Z,2026-07-13T06:56:31+0200,46fca521-fea0-4798-9f2d-95ad89ae35bc,2026-06-19T16:45:00Z,2026-06-19T18:45:00+0200,8140.69,MW,FR,FR,actual_solar_generation,Solar,2026-07-13T04:57:06Z
2026-07-13T04:56:31Z,2026-07-13T06:56:31+0200,46fca521-fea0-4798-9f2d-95ad89ae35bc,2026-06-19T17:00:00Z,2026-06-19T19:00:00+0200,7004.27,MW,FR,FR,actual_solar_generation,Solar,2026-07-13T04:57:06Z
2026-07-13T04:56:31Z,2026-07-13T06:56:31+0200,46fca521-fea0-4798-9f2d-95ad89ae35bc,2026-06-19T17:15:00Z,2026-06-19T19:15:00+0200,5909.95,MW,FR,FR,actual_solar_generation,Solar,2026-07-13T04:57:06Z
2026-07-13T04:56:31Z,2026-07-13T06:56:31+0200,46fca521-fea0-4798-9f2d-95ad89ae35bc,2026-06-19T17:30:00Z,2026-06-19T19:30:00+0200,4857.32,MW,FR,FR,actual_solar_generation,Solar,2026-07-13T04:57:06Z
2026-07-13T04:56:31Z,2026-07-13T06:56:31+0200,46fca521-fea0-4798-9f2d-95ad89ae35bc,2026-06-19T17:45:00Z,2026-06-19T19:45:00+0200,3866.69,MW,FR,FR,actual_solar_generation,Solar,2026-07-13T04:57:06Z
2026-07-13T04:56:31Z,2026-07-13T06:56:31+0200,46fca521-fea0-4798-9f2d-95ad89ae35bc,2026-06-19T18:00:00Z,2026-06-19T20:00:00+0200,2966.23,MW,FR,FR,actual_solar_generation,Solar,2026-07-13T04:57:06Z
2026-07-13T04:56:31Z,2026-07-13T06:56:31+0200,46fca521-fea0-4798-9f2d-95ad89ae35bc,2026-06-19T18:15:00Z,2026-06-19T20:15:00+0200,2257.53,MW,FR,FR,actual_solar_generation,Solar,2026-07-13T04:57:06Z
2026-07-13T04:56:31Z,2026-07-13T06:56:31+0200,46fca521-fea0-4798-9f2d-95ad89ae35bc,2026-06-19T18:30:00Z,2026-06-19T20:30:00+0200,1691.15,MW,FR,FR,actual_solar_generation,Solar,2026-07-13T04:57:06Z
2026-07-13T04:56:31Z,2026-07-13T06:56:31+0200,46fca521-fea0-4798-9f2d-95ad89ae35bc,2026-06-19T18:45:00Z,2026-06-19T20:45:00+0200,1254.29,MW,FR,FR,actual_solar_generation,Solar,2026-07-13T04:57:06Z
2026-07-13T04:56:31Z,2026-07-13T06:56:31+0200,46fca521-fea0-4798-9f2d-95ad89ae35bc,2026-06-19T19:00:00Z,2026-06-19T21:00:00+0200,881.86,MW,FR,FR,actual_solar_generation,Solar,2026-07-13T04:57:06Z
2026-07-13T04:56:31Z,2026-07-13T06:56:31+0200,46fca521-fea0-4798-9f2d-95ad89ae35bc,2026-06-19T19:15:00Z,2026-06-19T21:15:00+0200,595.81,MW,FR,FR,actual_solar_generation,Solar,2026-07-13T04:57:06Z
2026-07-13T04:56:31Z,2026-07-13T06:56:31+0200,46fca521-fea0-4798-9f2d-95ad89ae35bc,2026-06-19T19:30:00Z,2026-06-19T21:30:00+0200,399.13,MW,FR,FR,actual_solar_generation,Solar,2026-07-13T04:57:06Z
2026-07-13T04:56:31Z,2026-07-13T06:56:31+0200,46fca521-fea0-4798-9f2d-95ad89ae35bc,2026-06-19T19:45:00Z,2026-06-19T21:45:00+0200,295.9,MW,FR,FR,actual_solar_generation,Solar,2026-07-13T04:57:06Z
2026-07-13T04:56:31Z,2026-07-13T06:56:31+0200,46fca521-fea0-4798-9f2d-95ad89ae35bc,2026-06-19T20:00:00Z,2026-06-19T22:00:00+0200,245.39,MW,FR,FR,actual_solar_generation,Solar,2026-07-13T04:57:06Z
2026-07-13T04:56:31Z,2026-07-13T06:56:31+0200,46fca521-fea0-4798-9f2d-95ad89ae35bc,2026-06-19T20:15:00Z,2026-06-19T22:15:00+0200,236.6,MW,FR,FR,actual_solar_generation,Solar,2026-07-13T04:57:06Z
2026-07-13T04:56:31Z,2026-07-13T06:56:31+0200,46fca521-fea0-4798-9f2d-95ad89ae35bc,2026-06-19T20:30:00Z,2026-06-19T22:30:00+0200,234.36,MW,FR,FR,actual_solar_generation,Solar,2026-07-13T04:57:06Z
2026-07-13T04:56:31Z,2026-07-13T06:56:31+0200,46fca521-fea0-4798-9f2d-95ad89ae35bc,2026-06-19T20:45:00Z,2026-06-19T22:45:00+0200,232.12,MW,FR,FR,actual_solar_generation,Solar,2026-07-13T04:57:06Z
2026-07-13T04:56:31Z,2026-07-13T06:56:31+0200,46fca521-fea0-4798-9f2d-95ad89ae35bc,2026-06-19T21:00:00Z,2026-06-19T23:00:00+0200,226.21,MW,FR,FR,actual_solar_generation,Solar,2026-07-13T04:57:06Z
2026-07-13T04:56:31Z,2026-07-13T06:56:31+0200,46fca521-fea0-4798-9f2d-95ad89ae35bc,2026-06-19T21:15:00Z,2026-06-19T23:15:00+0200,220.2,MW,FR,FR,actual_solar_generation,Solar,2026-07-13T04:57:06Z
2026-07-13T04:56:31Z,2026-07-13T06:56:31+0200,46fca521-fea0-4798-9f2d-95ad89ae35bc,2026-06-19T21:30:00Z,2026-06-19T23:30:00+0200,217.7,MW,FR,FR,actual_solar_generation,Solar,2026-07-13T04:57:06Z
2026-07-13T04:56:31Z,2026-07-13T06:56:31+0200,46fca521-fea0-4798-9f2d-95ad89ae35bc,2026-06-19T21:45:00Z,2026-06-19T23:45:00+0200,216.42,MW,FR,FR,actual_solar_generation,Solar,2026-07-13T04:57:06Z
2026-07-13T04:56:31Z,2026-07-13T06:56:31+0200,46fca521-fea0-4798-9f2d-95ad89ae35bc,2026-06-19T22:00:00Z,2026-06-20T00:00:00+0200,0.0,MW,FR,FR,actual_solar_generation,Solar,2026-07-13T04:57:06Z
2026-07-13T04:56:31Z,2026-07-13T06:56:31+0200,46fca521-fea0-4798-9f2d-95ad89ae35bc,2026-06-19T22:15:00Z,2026-06-20T00:15:00+0200,0.0,MW,FR,FR,actual_solar_generation,Solar,2026-07-13T04:57:06Z
2026-07-13T04:56:31Z,2026-07-13T06:56:31+0200,46fca521-fea0-4798-9f2d-95ad89ae35bc,2026-06-19T22:30:00Z,2026-06-20T00:30:00+0200,0.0,MW,FR,FR,actual_solar_generation,Solar,2026-07-13T04:57:06Z
2026-07-13T04:56:31Z,2026-07-13T06:56:31+0200,46fca521-fea0-4798-9f2d-95ad89ae35bc,2026-06-19T22:45:00Z,2026-06-20T00:45:00+0200,0.0,MW,FR,FR,actual_solar_generation,Solar,2026-07-13T04:57:06Z
2026-07-13T04:56:31Z,2026-07-13T06:56:31+0200,46fca521-fea0-4798-9f2d-95ad89ae35bc,2026-06-19T23:00:00Z,2026-06-20T01:00:00+0200,0.0,MW,FR,FR,actual_solar_generation,Solar,2026-07-13T04:57:06Z
2026-07-13T04:56:31Z,2026-07-13T06:56:31+0200,46fca521-fea0-4798-9f2d-95ad89ae35bc,2026-06-19T23:15:00Z,2026-06-20T01:15:00+0200,0.0,MW,FR,FR,actual_solar_generation,Solar,2026-07-13T04:57:06Z
2026-07-13T04:56:31Z,2026-07-13T06:56:31+0200,46fca521-fea0-4798-9f2d-95ad89ae35bc,2026-06-19T23:30:00Z,2026-06-20T01:30:00+0200,0.0,MW,FR,FR,actual_solar_generation,Solar,2026-07-13T04:57:06Z
2026-07-13T04:56:31Z,2026-07-13T06:56:31+0200,46fca521-fea0-4798-9f2d-95ad89ae35bc,2026-06-19T23:45:00Z,2026-06-20T01:45:00+0200,0.0,MW,FR,FR,actual_solar_generation,Solar,2026-07-13T04:57:06Z
2026-07-13T04:56:31Z,2026-07-13T06:56:31+0200,46fca521-fea0-4798-9f2d-95ad89ae35bc,2026-06-20T00:00:00Z,2026-06-20T02:00:00+0200,0.0,MW,FR,FR,actual_solar_generation,Solar,2026-07-13T04:57:06Z
2026-07-13T04:56:31Z,2026-07-13T06:56:31+0200,46fca521-fea0-4798-9f2d-95ad89ae35bc,2026-06-20T00:15:00Z,2026-06-20T02:15:00+0200,0.0,MW,FR,FR,actual_solar_generation,Solar,2026-07-13T04:57:06Z
2026-07-13T04:56:31Z,2026-07-13T06:56:31+0200,46fca521-fea0-4798-9f2d-95ad89ae35bc,2026-06-20T00:30:00Z,2026-06-20T02:30:00+0200,0.0,MW,FR,FR,actual_solar_generation,Solar,2026-07-13T04:57:06Z
2026-07-13T04:56:31Z,2026-07-13T06:56:31+0200,46fca521-fea0-4798-9f2d-95ad89ae35bc,2026-06-20T00:45:00Z,2026-06-20T02:45:00+0200,0.0,MW,FR,FR,actual_solar_generation,Solar,2026-07-13T04:57:06Z
2026-07-13T04:56:31Z,2026-07-13T06:56:31+0200,46fca521-fea0-4798-9f2d-95ad89ae35bc,2026-06-20T01:00:00Z,2026-06-20T03:00:00+0200,0.0,MW,FR,FR,actual_solar_generation,Solar,2026-07-13T04:57:06Z
2026-07-13T04:56:31Z,2026-07-13T06:56:31+0200,46fca521-fea0-4798-9f2d-95ad89ae35bc,2026-06-20T01:15:00Z,2026-06-20T03:15:00+0200,0.0,MW,FR,FR,actual_solar_generation,Solar,2026-07-13T04:57:06Z
2026-07-13T04:56:31Z,2026-07-13T06:56:31+0200,46fca521-fea0-4798-9f2d-95ad89ae35bc,2026-06-20T01:30:00Z,2026-06-20T03:30:00+0200,0.0,MW,FR,FR,actual_solar_generation,Solar,2026-07-13T04:57:06Z
2026-07-13T04:56:31Z,2026-07-13T06:56:31+0200,46fca521-fea0-4798-9f2d-95ad89ae35bc,2026-06-20T01:45:00Z,2026-06-20T03:45:00+0200,0.0,MW,FR,FR,actual_solar_generation,Solar,2026-07-13T04:57:06Z
2026-07-13T04:56:31Z,2026-07-13T06:56:31+0200,46fca521-fea0-4798-9f2d-95ad89ae35bc,2026-06-20T02:00:00Z,2026-06-20T04:00:00+0200,0.0,MW,FR,FR,actual_solar_generation,Solar,2026-07-13T04:57:06Z
2026-07-13T04:56:31Z,2026-07-13T06:56:31+0200,46fca521-fea0-4798-9f2d-95ad89ae35bc,2026-06-20T02:15:00Z,2026-06-20T04:15:00+0200,0.0,MW,FR,FR,actual_solar_generation,Solar,2026-07-13T04:57:06Z
2026-07-13T04:56:31Z,2026-07-13T06:56:31+0200,46fca521-fea0-4798-9f2d-95ad89ae35bc,2026-06-20T02:30:00Z,2026-06-20T04:30:00+0200,0.0,MW,FR,FR,actual_solar_generation,Solar,2026-07-13T04:57:06Z
2026-07-13T04:56:31Z,2026-07-13T06:56:31+0200,46fca521-fea0-4798-9f2d-95ad89ae35bc,2026-06-20T02:45:00Z,2026-06-20T04:45:00+0200,0.0,MW,FR,FR,actual_solar_generation,Solar,2026-07-13T04:57:06Z
2026-07-13T04:56:31Z,2026-07-13T06:56:31+0200,46fca521-fea0-4798-9f2d-95ad89ae35bc,2026-06-20T03:00:00Z,2026-06-20T05:00:00+0200,0.0,MW,FR,FR,actual_solar_generation,Solar,2026-07-13T04:57:06Z
2026-07-13T04:56:31Z,2026-07-13T06:56:31+0200,46fca521-fea0-4798-9f2d-95ad89ae35bc,2026-06-20T03:15:00Z,2026-06-20T05:15:00+0200,0.0,MW,FR,FR,actual_solar_generation,Solar,2026-07-13T04:57:06Z
2026-07-13T04:56:31Z,2026-07-13T06:56:31+0200,46fca521-fea0-4798-9f2d-95ad89ae35bc,2026-06-20T03:30:00Z,2026-06-20T05:30:00+0200,0.0,MW,FR,FR,actual_solar_generation,Solar,2026-07-13T04:57:06Z
2026-07-13T04:56:31Z,2026-07-13T06:56:31+0200,46fca521-fea0-4798-9f2d-95ad89ae35bc,2026-06-20T03:45:00Z,2026-06-20T05:45:00+0200,0.0,MW,FR,FR,actual_solar_generation,Solar,2026-07-13T04:57:06Z
2026-07-13T04:56:31Z,2026-07-13T06:56:31+0200,46fca521-fea0-4798-9f2d-95ad89ae35bc,2026-06-20T04:00:00Z,2026-06-20T06:00:00+0200,308.14,MW,FR,FR,actual_solar_generation,Solar,2026-07-13T04:57:06Z
2026-07-13T04:56:31Z,2026-07-13T06:56:31+0200,46fca521-fea0-4798-9f2d-95ad89ae35bc,2026-06-20T04:15:00Z,2026-06-20T06:15:00+0200,399.5,MW,FR,FR,actual_solar_generation,Solar,2026-07-13T04:57:06Z
2026-07-13T04:56:31Z,2026-07-13T06:56:31+0200,46fca521-fea0-4798-9f2d-95ad89ae35bc,2026-06-20T04:30:00Z,2026-06-20T06:30:00+0200,571.35,MW,FR,FR,actual_solar_generation,Solar,2026-07-13T04:57:06Z
2026-07-13T04:56:31Z,2026-07-13T06:56:31+0200,46fca521-fea0-4798-9f2d-95ad89ae35bc,2026-06-20T04:45:00Z,2026-06-20T06:45:00+0200,891.53,MW,FR,FR,actual_solar_generation,Solar,2026-07-13T04:57:06Z
2026-07-13T04:56:31Z,2026-07-13T06:56:31+0200,46fca521-fea0-4798-9f2d-95ad89ae35bc,2026-06-20T05:00:00Z,2026-06-20T07:00:00+0200,1295.51,MW,FR,FR,actual_solar_generation,Solar,2026-07-13T04:57:06Z
2026-07-13T04:56:31Z,2026-07-13T06:56:31+0200,46fca521-fea0-4798-9f2d-95ad89ae35bc,2026-06-20T05:15:00Z,2026-06-20T07:15:00+0200,1813.96,MW,FR,FR,actual_solar_generation,Solar,2026-07-13T04:57:06Z
2026-07-13T04:56:31Z,2026-07-13T06:56:31+0200,46fca521-fea0-4798-9f2d-95ad89ae35bc,2026-06-20T05:30:00Z,2026-06-20T07:30:00+0200,2487.46,MW,FR,FR,actual_solar_generation,Solar,2026-07-13T04:57:06Z
2026-07-13T04:56:31Z,2026-07-13T06:56:31+0200,46fca521-fea0-4798-9f2d-95ad89ae35bc,2026-06-20T05:45:00Z,2026-06-20T07:45:00+0200,3322.53,MW,FR,FR,actual_solar_generation,Solar,2026-07-13T04:57:06Z
2026-07-13T04:56:31Z,2026-07-13T06:56:31+0200,46fca521-fea0-4798-9f2d-95ad89ae35bc,2026-06-20T06:00:00Z,2026-06-20T08:00:00+0200,4148.94,MW,FR,FR,actual_solar_generation,Solar,2026-07-13T04:57:06Z
2026-07-13T04:56:31Z,2026-07-13T06:56:31+0200,46fca521-fea0-4798-9f2d-95ad89ae35bc,2026-06-20T06:15:00Z,2026-06-20T08:15:00+0200,5155.11,MW,FR,FR,actual_solar_generation,Solar,2026-07-13T04:57:06Z
2026-07-13T04:56:31Z,2026-07-13T06:56:31+0200,46fca521-fea0-4798-9f2d-95ad89ae35bc,2026-06-20T06:30:00Z,2026-06-20T08:30:00+0200,6221.08,MW,FR,FR,actual_solar_generation,Solar,2026-07-13T04:57:06Z
2026-07-13T04:56:31Z,2026-07-13T06:56:31+0200,46fca521-fea0-4798-9f2d-95ad89ae35bc,2026-06-20T06:45:00Z,2026-06-20T08:45:00+0200,7320.93,MW,FR,FR,actual_solar_generation,Solar,2026-07-13T04:57:06Z
2026-07-13T04:56:31Z,2026-07-13T06:56:31+0200,46fca521-fea0-4798-9f2d-95ad89ae35bc,2026-06-20T07:00:00Z,2026-06-20T09:00:00+0200,8429.58,MW,FR,FR,actual_solar_generation,Solar,2026-07-13T04:57:06Z
2026-07-13T04:56:31Z,2026-07-13T06:56:31+0200,46fca521-fea0-4798-9f2d-95ad89ae35bc,2026-06-20T07:15:00Z,2026-06-20T09:15:00+0200,9693.47,MW,FR,FR,actual_solar_generation,Solar,2026-07-13T04:57:06Z
2026-07-13T04:56:31Z,2026-07-13T06:56:31+0200,46fca521-fea0-4798-9f2d-95ad89ae35bc,2026-06-20T07:30:00Z,2026-06-20T09:30:00+0200,10816.45,MW,FR,FR,actual_solar_generation,Solar,2026-07-13T04:57:06Z
2026-07-13T04:56:31Z,2026-07-13T06:56:31+0200,46fca521-fea0-4798-9f2d-95ad89ae35bc,2026-06-20T07:45:00Z,2026-06-20T09:45:00+0200,11870.76,MW,FR,FR,actual_solar_generation,Solar,2026-07-13T04:57:06Z
2026-07-13T04:56:31Z,2026-07-13T06:56:31+0200,46fca521-fea0-4798-9f2d-95ad89ae35bc,2026-06-20T08:00:00Z,2026-06-20T10:00:00+0200,12981.44,MW,FR,FR,actual_solar_generation,Solar,2026-07-13T04:57:06Z
2026-07-13T04:56:31Z,2026-07-13T06:56:31+0200,46fca521-fea0-4798-9f2d-95ad89ae35bc,2026-06-20T08:15:00Z,2026-06-20T10:15:00+0200,13842.92,MW,FR,FR,actual_solar_generation,Solar,2026-07-13T04:57:06Z
2026-07-13T04:56:31Z,2026-07-13T06:56:31+0200,46fca521-fea0-4798-9f2d-95ad89ae35bc,2026-06-20T08:30:00Z,2026-06-20T10:30:00+0200,14679.61,MW,FR,FR,actual_solar_generation,Solar,2026-07-13T04:57:06Z
2026-07-13T04:56:31Z,2026-07-13T06:56:31+0200,46fca521-fea0-4798-9f2d-95ad89ae35bc,2026-06-20T08:45:00Z,2026-06-20T10:45:00+0200,15485.28,MW,FR,FR,actual_solar_generation,Solar,2026-07-13T04:57:06Z
2026-07-13T04:56:31Z,2026-07-13T06:56:31+0200,46fca521-fea0-4798-9f2d-95ad89ae35bc,2026-06-20T09:00:00Z,2026-06-20T11:00:00+0200,16130.23,MW,FR,FR,actual_solar_generation,Solar,2026-07-13T04:57:06Z
2026-07-13T04:56:31Z,2026-07-13T06:56:31+0200,46fca521-fea0-4798-9f2d-95ad89ae35bc,2026-06-20T09:15:00Z,2026-06-20T11:15:00+0200,16790.77,MW,FR,FR,actual_solar_generation,Solar,2026-07-13T04:57:06Z
2026-07-13T04:56:31Z,2026-07-13T06:56:31+0200,46fca521-fea0-4798-9f2d-95ad89ae35bc,2026-06-20T09:30:00Z,2026-06-20T11:30:00+0200,15904.0,MW,FR,FR,actual_solar_generation,Solar,2026-07-13T04:57:06Z
2026-07-13T04:56:31Z,2026-07-13T06:56:31+0200,46fca521-fea0-4798-9f2d-95ad89ae35bc,2026-06-20T09:45:00Z,2026-06-20T11:45:00+0200,13798.85,MW,FR,FR,actual_solar_generation,Solar,2026-07-13T04:57:06Z
2026-07-13T04:56:31Z,2026-07-13T06:56:31+0200,46fca521-fea0-4798-9f2d-95ad89ae35bc,2026-06-20T10:00:00Z,2026-06-20T12:00:00+0200,14531.75,MW,FR,FR,actual_solar_generation,Solar,2026-07-13T04:57:06Z
2026-07-13T04:56:31Z,2026-07-13T06:56:31+0200,46fca521-fea0-4798-9f2d-95ad89ae35bc,2026-06-20T10:15:00Z,2026-06-20T12:15:00+0200,14749.74,MW,FR,FR,actual_solar_generation,Solar,2026-07-13T04:57:06Z
2026-07-13T04:56:31Z,2026-07-13T06:56:31+0200,46fca521-fea0-4798-9f2d-95ad89ae35bc,2026-06-20T10:30:00Z,2026-06-20T12:30:00+0200,14997.1,MW,FR,FR,actual_solar_generation,Solar,2026-07-13T04:57:06Z
2026-07-13T04:56:31Z,2026-07-13T06:56:31+0200,46fca521-fea0-4798-9f2d-95ad89ae35bc,2026-06-20T10:45:00Z,2026-06-20T12:45:00+0200,15231.31,MW,FR,FR,actual_solar_generation,Solar,2026-07-13T04:57:06Z
2026-07-13T04:56:31Z,2026-07-13T06:56:31+0200,46fca521-fea0-4798-9f2d-95ad89ae35bc,2026-06-20T11:00:00Z,2026-06-20T13:00:00+0200,15372.43,MW,FR,FR,actual_solar_generation,Solar,2026-07-13T04:57:06Z
2026-07-13T04:56:31Z,2026-07-13T06:56:31+0200,46fca521-fea0-4798-9f2d-95ad89ae35bc,2026-06-20T11:15:00Z,2026-06-20T13:15:00+0200,15368.78,MW,FR,FR,actual_solar_generation,Solar,2026-07-13T04:57:06Z
2026-07-13T04:56:31Z,2026-07-13T06:56:31+0200,46fca521-fea0-4798-9f2d-95ad89ae35bc,2026-06-20T11:30:00Z,2026-06-20T13:30:00+0200,15445.97,MW,FR,FR,actual_solar_generation,Solar,2026-07-13T04:57:06Z
2026-07-13T04:56:31Z,2026-07-13T06:56:31+0200,46fca521-fea0-4798-9f2d-95ad89ae35bc,2026-06-20T11:45:00Z,2026-06-20T13:45:00+0200,15438.1,MW,FR,FR,actual_solar_generation,Solar,2026-07-13T04:57:06Z
2026-07-13T04:56:31Z,2026-07-13T06:56:31+0200,46fca521-fea0-4798-9f2d-95ad89ae35bc,2026-06-20T12:00:00Z,2026-06-20T14:00:00+0200,15470.7,MW,FR,FR,actual_solar_generation,Solar,2026-07-13T04:57:06Z
2026-07-13T04:56:31Z,2026-07-13T06:56:31+0200,46fca521-fea0-4798-9f2d-95ad89ae35bc,2026-06-20T12:15:00Z,2026-06-20T14:15:00+0200,15381.92,MW,FR,FR,actual_solar_generation,Solar,2026-07-13T04:57:06Z
2026-07-13T04:56:31Z,2026-07-13T06:56:31+0200,46fca521-fea0-4798-9f2d-95ad89ae35bc,2026-06-20T12:30:00Z,2026-06-20T14:30:00+0200,15200.38,MW,FR,FR,actual_solar_generation,Solar,2026-07-13T04:57:06Z
2026-07-13T04:56:31Z,2026-07-13T06:56:31+0200,46fca521-fea0-4798-9f2d-95ad89ae35bc,2026-06-20T12:45:00Z,2026-06-20T14:45:00+0200,14972.1,MW,FR,FR,actual_solar_generation,Solar,2026-07-13T04:57:06Z
2026-07-13T04:56:31Z,2026-07-13T06:56:31+0200,46fca521-fea0-4798-9f2d-95ad89ae35bc,2026-06-20T13:00:00Z,2026-06-20T15:00:00+0200,16224.57,MW,FR,FR,actual_solar_generation,Solar,2026-07-13T04:57:06Z
2026-07-13T04:56:31Z,2026-07-13T06:56:31+0200,46fca521-fea0-4798-9f2d-95ad89ae35bc,2026-06-20T13:15:00Z,2026-06-20T15:15:00+0200,18311.3,MW,FR,FR,actual_solar_generation,Solar,2026-07-13T04:57:06Z
2026-07-13T04:56:31Z,2026-07-13T06:56:31+0200,46fca521-fea0-4798-9f2d-95ad89ae35bc,2026-06-20T13:30:00Z,2026-06-20T15:30:00+0200,17812.31,MW,FR,FR,actual_solar_generation,Solar,2026-07-13T04:57:06Z
2026-07-13T04:56:31Z,2026-07-13T06:56:31+0200,46fca521-fea0-4798-9f2d-95ad89ae35bc,2026-06-20T13:45:00Z,2026-06-20T15:45:00+0200,17442.03,MW,FR,FR,actual_solar_generation,Solar,2026-07-13T04:57:06Z
2026-07-13T04:56:31Z,2026-07-13T06:56:31+0200,46fca521-fea0-4798-9f2d-95ad89ae35bc,2026-06-20T14:00:00Z,2026-06-20T16:00:00+0200,16917.88,MW,FR,FR,actual_solar_generation,Solar,2026-07-13T04:57:06Z
2026-07-13T04:56:31Z,2026-07-13T06:56:31+0200,46fca521-fea0-4798-9f2d-95ad89ae35bc,2026-06-20T14:15:00Z,2026-06-20T16:15:00+0200,16344.0,MW,FR,FR,actual_solar_generation,Solar,2026-07-13T04:57:06Z
2026-07-13T04:56:31Z,2026-07-13T06:56:31+0200,46fca521-fea0-4798-9f2d-95ad89ae35bc,2026-06-20T14:30:00Z,2026-06-20T16:30:00+0200,15772.72,MW,FR,FR,actual_solar_generation,Solar,2026-07-13T04:57:06Z
2026-07-13T04:56:31Z,2026-07-13T06:56:31+0200,46fca521-fea0-4798-9f2d-95ad89ae35bc,2026-06-20T14:45:00Z,2026-06-20T16:45:00+0200,15017.6,MW,FR,FR,actual_solar_generation,Solar,2026-07-13T04:57:06Z
2026-07-13T04:56:31Z,2026-07-13T06:56:31+0200,46fca521-fea0-4798-9f2d-95ad89ae35bc,2026-06-20T15:00:00Z,2026-06-20T17:00:00+0200,14146.29,MW,FR,FR,actual_solar_generation,Solar,2026-07-13T04:57:06Z
2026-07-13T04:56:31Z,2026-07-13T06:56:31+0200,46fca521-fea0-4798-9f2d-95ad89ae35bc,2026-06-20T15:15:00Z,2026-06-20T17:15:00+0200,13275.7,MW,FR,FR,actual_solar_generation,Solar,2026-07-13T04:57:06Z
2026-07-13T04:56:31Z,2026-07-13T06:56:31+0200,46fca521-fea0-4798-9f2d-95ad89ae35bc,2026-06-20T15:30:00Z,2026-06-20T17:30:00+0200,12492.52,MW,FR,FR,actual_solar_generation,Solar,2026-07-13T04:57:06Z
2026-07-13T04:56:31Z,2026-07-13T06:56:31+0200,46fca521-fea0-4798-9f2d-95ad89ae35bc,2026-06-20T15:45:00Z,2026-06-20T17:45:00+0200,11476.42,MW,FR,FR,actual_solar_generation,Solar,2026-07-13T04:57:06Z
2026-07-13T04:56:31Z,2026-07-13T06:56:31+0200,46fca521-fea0-4798-9f2d-95ad89ae35bc,2026-06-20T16:00:00Z,2026-06-20T18:00:00+0200,10495.28,MW,FR,FR,actual_solar_generation,Solar,2026-07-13T04:57:06Z
2026-07-13T04:56:31Z,2026-07-13T06:56:31+0200,46fca521-fea0-4798-9f2d-95ad89ae35bc,2026-06-20T16:15:00Z,2026-06-20T18:15:00+0200,9556.13,MW,FR,FR,actual_solar_generation,Solar,2026-07-13T04:57:06Z
2026-07-13T04:56:31Z,2026-07-13T06:56:31+0200,46fca521-fea0-4798-9f2d-95ad89ae35bc,2026-06-20T16:30:00Z,2026-06-20T18:30:00+0200,8542.12,MW,FR,FR,actual_solar_generation,Solar,2026-07-13T04:57:06Z
2026-07-13T04:56:31Z,2026-07-13T06:56:31+0200,46fca521-fea0-4798-9f2d-95ad89ae35bc,2026-06-20T16:45:00Z,2026-06-20T18:45:00+0200,7545.13,MW,FR,FR,actual_solar_generation,Solar,2026-07-13T04:57:06Z
2026-07-13T04:56:31Z,2026-07-13T06:56:31+0200,46fca521-fea0-4798-9f2d-95ad89ae35bc,2026-06-20T17:00:00Z,2026-06-20T19:00:00+0200,6577.03,MW,FR,FR,actual_solar_generation,Solar,2026-07-13T04:57:06Z
2026-07-13T04:56:31Z,2026-07-13T06:56:31+0200,46fca521-fea0-4798-9f2d-95ad89ae35bc,2026-06-20T17:15:00Z,2026-06-20T19:15:00+0200,5518.24,MW,FR,FR,actual_solar_generation,Solar,2026-07-13T04:57:06Z
2026-07-13T04:56:31Z,2026-07-13T06:56:31+0200,46fca521-fea0-4798-9f2d-95ad89ae35bc,2026-06-20T17:30:00Z,2026-06-20T19:30:00+0200,4585.96,MW,FR,FR,actual_solar_generation,Solar,2026-07-13T04:57:06Z
2026-07-13T04:56:31Z,2026-07-13T06:56:31+0200,46fca521-fea0-4798-9f2d-95ad89ae35bc,2026-06-20T17:45:00Z,2026-06-20T19:45:00+0200,3718.34,MW,FR,FR,actual_solar_generation,Solar,2026-07-13T04:57:06Z
2026-07-13T04:56:31Z,2026-07-13T06:56:31+0200,46fca521-fea0-4798-9f2d-95ad89ae35bc,2026-06-20T18:00:00Z,2026-06-20T20:00:00+0200,2944.69,MW,FR,FR,actual_solar_generation,Solar,2026-07-13T04:57:06Z
2026-07-13T04:56:31Z,2026-07-13T06:56:31+0200,46fca521-fea0-4798-9f2d-95ad89ae35bc,2026-06-20T18:15:00Z,2026-06-20T20:15:00+0200,2234.7,MW,FR,FR,actual_solar_generation,Solar,2026-07-13T04:57:06Z
2026-07-13T04:56:31Z,2026-07-13T06:56:31+0200,46fca521-fea0-4798-9f2d-95ad89ae35bc,2026-06-20T18:30:00Z,2026-06-20T20:30:00+0200,1680.56,MW,FR,FR,actual_solar_generation,Solar,2026-07-13T04:57:06Z
2026-07-13T04:56:31Z,2026-07-13T06:56:31+0200,46fca521-fea0-4798-9f2d-95ad89ae35bc,2026-06-20T18:45:00Z,2026-06-20T20:45:00+0200,1256.41,MW,FR,FR,actual_solar_generation,Solar,2026-07-13T04:57:06Z
2026-07-13T04:56:31Z,2026-07-13T06:56:31+0200,46fca521-fea0-4798-9f2d-95ad89ae35bc,2026-06-20T19:00:00Z,2026-06-20T21:00:00+0200,873.44,MW,FR,FR,actual_solar_generation,Solar,2026-07-13T04:57:06Z
2026-07-13T04:56:31Z,2026-07-13T06:56:31+0200,46fca521-fea0-4798-9f2d-95ad89ae35bc,2026-06-20T19:15:00Z,2026-06-20T21:15:00+0200,578.82,MW,FR,FR,actual_solar_generation,Solar,2026-07-13T04:57:06Z
2026-07-13T04:56:31Z,2026-07-13T06:56:31+0200,46fca521-fea0-4798-9f2d-95ad89ae35bc,2026-06-20T19:30:00Z,2026-06-20T21:30:00+0200,392.12,MW,FR,FR,actual_solar_generation,Solar,2026-07-13T04:57:06Z
2026-07-13T04:56:31Z,2026-07-13T06:56:31+0200,46fca521-fea0-4798-9f2d-95ad89ae35bc,2026-06-20T19:45:00Z,2026-06-20T21:45:00+0200,295.48,MW,FR,FR,actual_solar_generation,Solar,2026-07-13T04:57:06Z
2026-07-13T04:56:31Z,2026-07-13T06:56:31+0200,46fca521-fea0-4798-9f2d-95ad89ae35bc,2026-06-20T20:00:00Z,2026-06-20T22:00:00+0200,257.42,MW,FR,FR,actual_solar_generation,Solar,2026-07-13T04:57:06Z
2026-07-13T04:56:31Z,2026-07-13T06:56:31+0200,46fca521-fea0-4798-9f2d-95ad89ae35bc,2026-06-20T20:15:00Z,2026-06-20T22:15:00+0200,243.61,MW,FR,FR,actual_solar_generation,Solar,2026-07-13T04:57:06Z
2026-07-13T04:56:31Z,2026-07-13T06:56:31+0200,46fca521-fea0-4798-9f2d-95ad89ae35bc,2026-06-20T20:30:00Z,2026-06-20T22:30:00+0200,244.79,MW,FR,FR,actual_solar_generation,Solar,2026-07-13T04:57:06Z
2026-07-13T04:56:31Z,2026-07-13T06:56:31+0200,46fca521-fea0-4798-9f2d-95ad89ae35bc,2026-06-20T20:45:00Z,2026-06-20T22:45:00+0200,243.07,MW,FR,FR,actual_solar_generation,Solar,2026-07-13T04:57:06Z
2026-07-13T04:56:31Z,2026-07-13T06:56:31+0200,46fca521-fea0-4798-9f2d-95ad89ae35bc,2026-06-20T21:00:00Z,2026-06-20T23:00:00+0200,243.57,MW,FR,FR,actual_solar_generation,Solar,2026-07-13T04:57:06Z
2026-07-13T04:56:31Z,2026-07-13T06:56:31+0200,46fca521-fea0-4798-9f2d-95ad89ae35bc,2026-06-20T21:15:00Z,2026-06-20T23:15:00+0200,242.48,MW,FR,FR,actual_solar_generation,Solar,2026-07-13T04:57:06Z
2026-07-13T04:56:31Z,2026-07-13T06:56:31+0200,46fca521-fea0-4798-9f2d-95ad89ae35bc,2026-06-20T21:30:00Z,2026-06-20T23:30:00+0200,239.57,MW,FR,FR,actual_solar_generation,Solar,2026-07-13T04:57:06Z
2026-07-13T04:56:31Z,2026-07-13T06:56:31+0200,46fca521-fea0-4798-9f2d-95ad89ae35bc,2026-06-20T21:45:00Z,2026-06-20T23:45:00+0200,239.4,MW,FR,FR,actual_solar_generation,Solar,2026-07-13T04:57:06Z
2026-07-13T04:56:31Z,2026-07-13T06:56:31+0200,46fca521-fea0-4798-9f2d-95ad89ae35bc,2026-06-20T22:00:00Z,2026-06-21T00:00:00+0200,0.0,MW,FR,FR,actual_solar_generation,Solar,2026-07-13T04:57:06Z
2026-07-13T04:56:31Z,2026-07-13T06:56:31+0200,46fca521-fea0-4798-9f2d-95ad89ae35bc,2026-06-20T22:15:00Z,2026-06-21T00:15:00+0200,0.0,MW,FR,FR,actual_solar_generation,Solar,2026-07-13T04:57:06Z
2026-07-13T04:56:31Z,2026-07-13T06:56:31+0200,46fca521-fea0-4798-9f2d-95ad89ae35bc,2026-06-20T22:30:00Z,2026-06-21T00:30:00+0200,0.0,MW,FR,FR,actual_solar_generation,Solar,2026-07-13T04:57:06Z
2026-07-13T04:56:31Z,2026-07-13T06:56:31+0200,46fca521-fea0-4798-9f2d-95ad89ae35bc,2026-06-20T22:45:00Z,2026-06-21T00:45:00+0200,0.0,MW,FR,FR,actual_solar_generation,Solar,2026-07-13T04:57:06Z
2026-07-13T04:56:31Z,2026-07-13T06:56:31+0200,46fca521-fea0-4798-9f2d-95ad89ae35bc,2026-06-20T23:00:00Z,2026-06-21T01:00:00+0200,0.0,MW,FR,FR,actual_solar_generation,Solar,2026-07-13T04:57:06Z
2026-07-13T04:56:31Z,2026-07-13T06:56:31+0200,46fca521-fea0-4798-9f2d-95ad89ae35bc,2026-06-20T23:15:00Z,2026-06-21T01:15:00+0200,0.0,MW,FR,FR,actual_solar_generation,Solar,2026-07-13T04:57:06Z
2026-07-13T04:56:31Z,2026-07-13T06:56:31+0200,46fca521-fea0-4798-9f2d-95ad89ae35bc,2026-06-20T23:30:00Z,2026-06-21T01:30:00+0200,0.0,MW,FR,FR,actual_solar_generation,Solar,2026-07-13T04:57:06Z
2026-07-13T04:56:31Z,2026-07-13T06:56:31+0200,46fca521-fea0-4798-9f2d-95ad89ae35bc,2026-06-20T23:45:00Z,2026-06-21T01:45:00+0200,0.0,MW,FR,FR,actual_solar_generation,Solar,2026-07-13T04:57:06Z
2026-07-13T04:56:31Z,2026-07-13T06:56:31+0200,46fca521-fea0-4798-9f2d-95ad89ae35bc,2026-06-21T00:00:00Z,2026-06-21T02:00:00+0200,0.0,MW,FR,FR,actual_solar_generation,Solar,2026-07-13T04:57:06Z
2026-07-13T04:56:31Z,2026-07-13T06:56:31+0200,46fca521-fea0-4798-9f2d-95ad89ae35bc,2026-06-21T00:15:00Z,2026-06-21T02:15:00+0200,0.0,MW,FR,FR,actual_solar_generation,Solar,2026-07-13T04:57:06Z
2026-07-13T04:56:31Z,2026-07-13T06:56:31+0200,46fca521-fea0-4798-9f2d-95ad89ae35bc,2026-06-21T00:30:00Z,2026-06-21T02:30:00+0200,0.0,MW,FR,FR,actual_solar_generation,Solar,2026-07-13T04:57:06Z
2026-07-13T04:56:31Z,2026-07-13T06:56:31+0200,46fca521-fea0-4798-9f2d-95ad89ae35bc,2026-06-21T00:45:00Z,2026-06-21T02:45:00+0200,0.0,MW,FR,FR,actual_solar_generation,Solar,2026-07-13T04:57:06Z
2026-07-13T04:56:31Z,2026-07-13T06:56:31+0200,46fca521-fea0-4798-9f2d-95ad89ae35bc,2026-06-21T01:00:00Z,2026-06-21T03:00:00+0200,0.0,MW,FR,FR,actual_solar_generation,Solar,2026-07-13T04:57:06Z
2026-07-13T04:56:31Z,2026-07-13T06:56:31+0200,46fca521-fea0-4798-9f2d-95ad89ae35bc,2026-06-21T01:15:00Z,2026-06-21T03:15:00+0200,0.0,MW,FR,FR,actual_solar_generation,Solar,2026-07-13T04:57:06Z
2026-07-13T04:56:31Z,2026-07-13T06:56:31+0200,46fca521-fea0-4798-9f2d-95ad89ae35bc,2026-06-21T01:30:00Z,2026-06-21T03:30:00+0200,0.0,MW,FR,FR,actual_solar_generation,Solar,2026-07-13T04:57:06Z
2026-07-13T04:56:31Z,2026-07-13T06:56:31+0200,46fca521-fea0-4798-9f2d-95ad89ae35bc,2026-06-21T01:45:00Z,2026-06-21T03:45:00+0200,0.0,MW,FR,FR,actual_solar_generation,Solar,2026-07-13T04:57:06Z
2026-07-13T04:56:31Z,2026-07-13T06:56:31+0200,46fca521-fea0-4798-9f2d-95ad89ae35bc,2026-06-21T02:00:00Z,2026-06-21T04:00:00+0200,0.0,MW,FR,FR,actual_solar_generation,Solar,2026-07-13T04:57:06Z
2026-07-13T04:56:31Z,2026-07-13T06:56:31+0200,46fca521-fea0-4798-9f2d-95ad89ae35bc,2026-06-21T02:15:00Z,2026-06-21T04:15:00+0200,0.0,MW,FR,FR,actual_solar_generation,Solar,2026-07-13T04:57:06Z
2026-07-13T04:56:31Z,2026-07-13T06:56:31+0200,46fca521-fea0-4798-9f2d-95ad89ae35bc,2026-06-21T02:30:00Z,2026-06-21T04:30:00+0200,0.0,MW,FR,FR,actual_solar_generation,Solar,2026-07-13T04:57:06Z
2026-07-13T04:56:31Z,2026-07-13T06:56:31+0200,46fca521-fea0-4798-9f2d-95ad89ae35bc,2026-06-21T02:45:00Z,2026-06-21T04:45:00+0200,0.0,MW,FR,FR,actual_solar_generation,Solar,2026-07-13T04:57:06Z
2026-07-13T04:56:31Z,2026-07-13T06:56:31+0200,46fca521-fea0-4798-9f2d-95ad89ae35bc,2026-06-21T03:00:00Z,2026-06-21T05:00:00+0200,0.0,MW,FR,FR,actual_solar_generation,Solar,2026-07-13T04:57:06Z
2026-07-13T04:56:31Z,2026-07-13T06:56:31+0200,46fca521-fea0-4798-9f2d-95ad89ae35bc,2026-06-21T03:15:00Z,2026-06-21T05:15:00+0200,0.0,MW,FR,FR,actual_solar_generation,Solar,2026-07-13T04:57:06Z
2026-07-13T04:56:31Z,2026-07-13T06:56:31+0200,46fca521-fea0-4798-9f2d-95ad89ae35bc,2026-06-21T03:30:00Z,2026-06-21T05:30:00+0200,0.0,MW,FR,FR,actual_solar_generation,Solar,2026-07-13T04:57:06Z
2026-07-13T04:56:31Z,2026-07-13T06:56:31+0200,46fca521-fea0-4798-9f2d-95ad89ae35bc,2026-06-21T03:45:00Z,2026-06-21T05:45:00+0200,0.0,MW,FR,FR,actual_solar_generation,Solar,2026-07-13T04:57:06Z
2026-07-13T04:56:31Z,2026-07-13T06:56:31+0200,46fca521-fea0-4798-9f2d-95ad89ae35bc,2026-06-21T04:00:00Z,2026-06-21T06:00:00+0200,321.91,MW,FR,FR,actual_solar_generation,Solar,2026-07-13T04:57:06Z
2026-07-13T04:56:31Z,2026-07-13T06:56:31+0200,46fca521-fea0-4798-9f2d-95ad89ae35bc,2026-06-21T04:15:00Z,2026-06-21T06:15:00+0200,406.44,MW,FR,FR,actual_solar_generation,Solar,2026-07-13T04:57:06Z
2026-07-13T04:56:31Z,2026-07-13T06:56:31+0200,46fca521-fea0-4798-9f2d-95ad89ae35bc,2026-06-21T04:30:00Z,2026-06-21T06:30:00+0200,585.38,MW,FR,FR,actual_solar_generation,Solar,2026-07-13T04:57:06Z
2026-07-13T04:56:31Z,2026-07-13T06:56:31+0200,46fca521-fea0-4798-9f2d-95ad89ae35bc,2026-06-21T04:45:00Z,2026-06-21T06:45:00+0200,893.98,MW,FR,FR,actual_solar_generation,Solar,2026-07-13T04:57:06Z
2026-07-13T04:56:31Z,2026-07-13T06:56:31+0200,46fca521-fea0-4798-9f2d-95ad89ae35bc,2026-06-21T05:00:00Z,2026-06-21T07:00:00+0200,1298.54,MW,FR,FR,actual_solar_generation,Solar,2026-07-13T04:57:06Z
2026-07-13T04:56:31Z,2026-07-13T06:56:31+0200,46fca521-fea0-4798-9f2d-95ad89ae35bc,2026-06-21T05:15:00Z,2026-06-21T07:15:00+0200,1801.56,MW,FR,FR,actual_solar_generation,Solar,2026-07-13T04:57:06Z
2026-07-13T04:56:31Z,2026-07-13T06:56:31+0200,46fca521-fea0-4798-9f2d-95ad89ae35bc,2026-06-21T05:30:00Z,2026-06-21T07:30:00+0200,2443.96,MW,FR,FR,actual_solar_generation,Solar,2026-07-13T04:57:06Z
2026-07-13T04:56:31Z,2026-07-13T06:56:31+0200,46fca521-fea0-4798-9f2d-95ad89ae35bc,2026-06-21T05:45:00Z,2026-06-21T07:45:00+0200,3254.3,MW,FR,FR,actual_solar_generation,Solar,2026-07-13T04:57:06Z
2026-07-13T04:56:31Z,2026-07-13T06:56:31+0200,46fca521-fea0-4798-9f2d-95ad89ae35bc,2026-06-21T06:00:00Z,2026-06-21T08:00:00+0200,4026.05,MW,FR,FR,actual_solar_generation,Solar,2026-07-13T04:57:06Z
2026-07-13T04:56:31Z,2026-07-13T06:56:31+0200,46fca521-fea0-4798-9f2d-95ad89ae35bc,2026-06-21T06:15:00Z,2026-06-21T08:15:00+0200,5141.67,MW,FR,FR,actual_solar_generation,Solar,2026-07-13T04:57:06Z
2026-07-13T04:56:31Z,2026-07-13T06:56:31+0200,46fca521-fea0-4798-9f2d-95ad89ae35bc,2026-06-21T06:30:00Z,2026-06-21T08:30:00+0200,6279.14,MW,FR,FR,actual_solar_generation,Solar,2026-07-13T04:57:06Z
2026-07-13T04:56:31Z,2026-07-13T06:56:31+0200,46fca521-fea0-4798-9f2d-95ad89ae35bc,2026-06-21T06:45:00Z,2026-06-21T08:45:00+0200,7374.31,MW,FR,FR,actual_solar_generation,Solar,2026-07-13T04:57:06Z
2026-07-13T04:56:31Z,2026-07-13T06:56:31+0200,46fca521-fea0-4798-9f2d-95ad89ae35bc,2026-06-21T07:00:00Z,2026-06-21T09:00:00+0200,8626.86,MW,FR,FR,actual_solar_generation,Solar,2026-07-13T04:57:06Z
2026-07-13T04:56:31Z,2026-07-13T06:56:31+0200,46fca521-fea0-4798-9f2d-95ad89ae35bc,2026-06-21T07:15:00Z,2026-06-21T09:15:00+0200,9881.54,MW,FR,FR,actual_solar_generation,Solar,2026-07-13T04:57:06Z
2026-07-13T04:56:31Z,2026-07-13T06:56:31+0200,46fca521-fea0-4798-9f2d-95ad89ae35bc,2026-06-21T07:30:00Z,2026-06-21T09:30:00+0200,11046.81,MW,FR,FR,actual_solar_generation,Solar,2026-07-13T04:57:06Z
2026-07-13T04:56:31Z,2026-07-13T06:56:31+0200,46fca521-fea0-4798-9f2d-95ad89ae35bc,2026-06-21T07:45:00Z,2026-06-21T09:45:00+0200,12111.81,MW,FR,FR,actual_solar_generation,Solar,2026-07-13T04:57:06Z
2026-07-13T04:56:31Z,2026-07-13T06:56:31+0200,46fca521-fea0-4798-9f2d-95ad89ae35bc,2026-06-21T08:00:00Z,2026-06-21T10:00:00+0200,13203.71,MW,FR,FR,actual_solar_generation,Solar,2026-07-13T04:57:06Z
2026-07-13T04:56:31Z,2026-07-13T06:56:31+0200,46fca521-fea0-4798-9f2d-95ad89ae35bc,2026-06-21T08:15:00Z,2026-06-21T10:15:00+0200,14182.57,MW,FR,FR,actual_solar_generation,Solar,2026-07-13T04:57:06Z
2026-07-13T04:56:31Z,2026-07-13T06:56:31+0200,46fca521-fea0-4798-9f2d-95ad89ae35bc,2026-06-21T08:30:00Z,2026-06-21T10:30:00+0200,15182.23,MW,FR,FR,actual_solar_generation,Solar,2026-07-13T04:57:06Z
2026-07-13T04:56:31Z,2026-07-13T06:56:31+0200,46fca521-fea0-4798-9f2d-95ad89ae35bc,2026-06-21T08:45:00Z,2026-06-21T10:45:00+0200,16007.19,MW,FR,FR,actual_solar_generation,Solar,2026-07-13T04:57:06Z
2026-07-13T04:56:31Z,2026-07-13T06:56:31+0200,46fca521-fea0-4798-9f2d-95ad89ae35bc,2026-06-21T09:00:00Z,2026-06-21T11:00:00+0200,16691.09,MW,FR,FR,actual_solar_generation,Solar,2026-07-13T04:57:06Z
2026-07-13T04:56:31Z,2026-07-13T06:56:31+0200,46fca521-fea0-4798-9f2d-95ad89ae35bc,2026-06-21T09:15:00Z,2026-06-21T11:15:00+0200,17334.64,MW,FR,FR,actual_solar_generation,Solar,2026-07-13T04:57:06Z
2026-07-13T04:56:31Z,2026-07-13T06:56:31+0200,46fca521-fea0-4798-9f2d-95ad89ae35bc,2026-06-21T09:30:00Z,2026-06-21T11:30:00+0200,16378.11,MW,FR,FR,actual_solar_generation,Solar,2026-07-13T04:57:06Z
2026-07-13T04:56:31Z,2026-07-13T06:56:31+0200,46fca521-fea0-4798-9f2d-95ad89ae35bc,2026-06-21T09:45:00Z,2026-06-21T11:45:00+0200,14025.48,MW,FR,FR,actual_solar_generation,Solar,2026-07-13T04:57:06Z
2026-07-13T04:56:31Z,2026-07-13T06:56:31+0200,46fca521-fea0-4798-9f2d-95ad89ae35bc,2026-06-21T10:00:00Z,2026-06-21T12:00:00+0200,14760.66,MW,FR,FR,actual_solar_generation,Solar,2026-07-13T04:57:06Z
2026-07-13T04:56:31Z,2026-07-13T06:56:31+0200,46fca521-fea0-4798-9f2d-95ad89ae35bc,2026-06-21T10:15:00Z,2026-06-21T12:15:00+0200,14517.59,MW,FR,FR,actual_solar_generation,Solar,2026-07-13T04:57:06Z
2026-07-13T04:56:31Z,2026-07-13T06:56:31+0200,46fca521-fea0-4798-9f2d-95ad89ae35bc,2026-06-21T10:30:00Z,2026-06-21T12:30:00+0200,14897.27,MW,FR,FR,actual_solar_generation,Solar,2026-07-13T04:57:06Z
2026-07-13T04:56:31Z,2026-07-13T06:56:31+0200,46fca521-fea0-4798-9f2d-95ad89ae35bc,2026-06-21T10:45:00Z,2026-06-21T12:45:00+0200,15118.05,MW,FR,FR,actual_solar_generation,Solar,2026-07-13T04:57:06Z
2026-07-13T04:56:31Z,2026-07-13T06:56:31+0200,46fca521-fea0-4798-9f2d-95ad89ae35bc,2026-06-21T11:00:00Z,2026-06-21T13:00:00+0200,15211.76,MW,FR,FR,actual_solar_generation,Solar,2026-07-13T04:57:06Z
2026-07-13T04:56:31Z,2026-07-13T06:56:31+0200,46fca521-fea0-4798-9f2d-95ad89ae35bc,2026-06-21T11:15:00Z,2026-06-21T13:15:00+0200,15237.94,MW,FR,FR,actual_solar_generation,Solar,2026-07-13T04:57:06Z
2026-07-13T04:56:31Z,2026-07-13T06:56:31+0200,46fca521-fea0-4798-9f2d-95ad89ae35bc,2026-06-21T11:30:00Z,2026-06-21T13:30:00+0200,15206.26,MW,FR,FR,actual_solar_generation,Solar,2026-07-13T04:57:06Z
2026-07-13T04:56:31Z,2026-07-13T06:56:31+0200,46fca521-fea0-4798-9f2d-95ad89ae35bc,2026-06-21T11:45:00Z,2026-06-21T13:45:00+0200,15238.45,MW,FR,FR,actual_solar_generation,Solar,2026-07-13T04:57:06Z
2026-07-13T04:56:31Z,2026-07-13T06:56:31+0200,46fca521-fea0-4798-9f2d-95ad89ae35bc,2026-06-21T12:00:00Z,2026-06-21T14:00:00+0200,15159.0,MW,FR,FR,actual_solar_generation,Solar,2026-07-13T04:57:06Z
2026-07-13T04:56:31Z,2026-07-13T06:56:31+0200,46fca521-fea0-4798-9f2d-95ad89ae35bc,2026-06-21T12:15:00Z,2026-06-21T14:15:00+0200,15113.83,MW,FR,FR,actual_solar_generation,Solar,2026-07-13T04:57:06Z
2026-07-13T04:56:31Z,2026-07-13T06:56:31+0200,46fca521-fea0-4798-9f2d-95ad89ae35bc,2026-06-21T12:30:00Z,2026-06-21T14:30:00+0200,16817.18,MW,FR,FR,actual_solar_generation,Solar,2026-07-13T04:57:06Z
2026-07-13T04:56:31Z,2026-07-13T06:56:31+0200,46fca521-fea0-4798-9f2d-95ad89ae35bc,2026-06-21T12:45:00Z,2026-06-21T14:45:00+0200,19056.49,MW,FR,FR,actual_solar_generation,Solar,2026-07-13T04:57:06Z
2026-07-13T04:56:31Z,2026-07-13T06:56:31+0200,46fca521-fea0-4798-9f2d-95ad89ae35bc,2026-06-21T13:00:00Z,2026-06-21T15:00:00+0200,19031.87,MW,FR,FR,actual_solar_generation,Solar,2026-07-13T04:57:06Z
2026-07-13T04:56:31Z,2026-07-13T06:56:31+0200,46fca521-fea0-4798-9f2d-95ad89ae35bc,2026-06-21T13:15:00Z,2026-06-21T15:15:00+0200,18843.76,MW,FR,FR,actual_solar_generation,Solar,2026-07-13T04:57:06Z
2026-07-13T04:56:31Z,2026-07-13T06:56:31+0200,46fca521-fea0-4798-9f2d-95ad89ae35bc,2026-06-21T13:30:00Z,2026-06-21T15:30:00+0200,18443.57,MW,FR,FR,actual_solar_generation,Solar,2026-07-13T04:57:06Z
2026-07-13T04:56:31Z,2026-07-13T06:56:31+0200,46fca521-fea0-4798-9f2d-95ad89ae35bc,2026-06-21T13:45:00Z,2026-06-21T15:45:00+0200,18048.37,MW,FR,FR,actual_solar_generation,Solar,2026-07-13T04:57:06Z
2026-07-13T04:56:31Z,2026-07-13T06:56:31+0200,46fca521-fea0-4798-9f2d-95ad89ae35bc,2026-06-21T14:00:00Z,2026-06-21T16:00:00+0200,17546.06,MW,FR,FR,actual_solar_generation,Solar,2026-07-13T04:57:06Z
2026-07-13T04:56:31Z,2026-07-13T06:56:31+0200,46fca521-fea0-4798-9f2d-95ad89ae35bc,2026-06-21T14:15:00Z,2026-06-21T16:15:00+0200,16936.62,MW,FR,FR,actual_solar_generation,Solar,2026-07-13T04:57:06Z
2026-07-13T04:56:31Z,2026-07-13T06:56:31+0200,46fca521-fea0-4798-9f2d-95ad89ae35bc,2026-06-21T14:30:00Z,2026-06-21T16:30:00+0200,16293.67,MW,FR,FR,actual_solar_generation,Solar,2026-07-13T04:57:06Z
2026-07-13T04:56:31Z,2026-07-13T06:56:31+0200,46fca521-fea0-4798-9f2d-95ad89ae35bc,2026-06-21T14:45:00Z,2026-06-21T16:45:00+0200,15658.36,MW,FR,FR,actual_solar_generation,Solar,2026-07-13T04:57:06Z
2026-07-13T04:56:31Z,2026-07-13T06:56:31+0200,46fca521-fea0-4798-9f2d-95ad89ae35bc,2026-06-21T15:00:00Z,2026-06-21T17:00:00+0200,14852.49,MW,FR,FR,actual_solar_generation,Solar,2026-07-13T04:57:06Z
2026-07-13T04:56:31Z,2026-07-13T06:56:31+0200,46fca521-fea0-4798-9f2d-95ad89ae35bc,2026-06-21T15:15:00Z,2026-06-21T17:15:00+0200,13987.9,MW,FR,FR,actual_solar_generation,Solar,2026-07-13T04:57:06Z
2026-07-13T04:56:31Z,2026-07-13T06:56:31+0200,46fca521-fea0-4798-9f2d-95ad89ae35bc,2026-06-21T15:30:00Z,2026-06-21T17:30:00+0200,13108.38,MW,FR,FR,actual_solar_generation,Solar,2026-07-13T04:57:06Z
2026-07-13T04:56:31Z,2026-07-13T06:56:31+0200,46fca521-fea0-4798-9f2d-95ad89ae35bc,2026-06-21T15:45:00Z,2026-06-21T17:45:00+0200,12117.73,MW,FR,FR,actual_solar_generation,Solar,2026-07-13T04:57:06Z
2026-07-13T04:56:31Z,2026-07-13T06:56:31+0200,46fca521-fea0-4798-9f2d-95ad89ae35bc,2026-06-21T16:00:00Z,2026-06-21T18:00:00+0200,11015.96,MW,FR,FR,actual_solar_generation,Solar,2026-07-13T04:57:06Z
2026-07-13T04:56:31Z,2026-07-13T06:56:31+0200,46fca521-fea0-4798-9f2d-95ad89ae35bc,2026-06-21T16:15:00Z,2026-06-21T18:15:00+0200,10049.25,MW,FR,FR,actual_solar_generation,Solar,2026-07-13T04:57:06Z
2026-07-13T04:56:31Z,2026-07-13T06:56:31+0200,46fca521-fea0-4798-9f2d-95ad89ae35bc,2026-06-21T16:30:00Z,2026-06-21T18:30:00+0200,9017.63,MW,FR,FR,actual_solar_generation,Solar,2026-07-13T04:57:06Z
2026-07-13T04:56:31Z,2026-07-13T06:56:31+0200,46fca521-fea0-4798-9f2d-95ad89ae35bc,2026-06-21T16:45:00Z,2026-06-21T18:45:00+0200,7979.26,MW,FR,FR,actual_solar_generation,Solar,2026-07-13T04:57:06Z
2026-07-13T04:56:31Z,2026-07-13T06:56:31+0200,46fca521-fea0-4798-9f2d-95ad89ae35bc,2026-06-21T17:00:00Z,2026-06-21T19:00:00+0200,6884.8,MW,FR,FR,actual_solar_generation,Solar,2026-07-13T04:57:06Z
2026-07-13T04:56:31Z,2026-07-13T06:56:31+0200,46fca521-fea0-4798-9f2d-95ad89ae35bc,2026-06-21T17:15:00Z,2026-06-21T19:15:00+0200,5794.28,MW,FR,FR,actual_solar_generation,Solar,2026-07-13T04:57:06Z
2026-07-13T04:56:31Z,2026-07-13T06:56:31+0200,46fca521-fea0-4798-9f2d-95ad89ae35bc,2026-06-21T17:30:00Z,2026-06-21T19:30:00+0200,4735.54,MW,FR,FR,actual_solar_generation,Solar,2026-07-13T04:57:06Z
2026-07-13T04:56:31Z,2026-07-13T06:56:31+0200,46fca521-fea0-4798-9f2d-95ad89ae35bc,2026-06-21T17:45:00Z,2026-06-21T19:45:00+0200,3823.28,MW,FR,FR,actual_solar_generation,Solar,2026-07-13T04:57:06Z
2026-07-13T04:56:31Z,2026-07-13T06:56:31+0200,46fca521-fea0-4798-9f2d-95ad89ae35bc,2026-06-21T18:00:00Z,2026-06-21T20:00:00+0200,2946.42,MW,FR,FR,actual_solar_generation,Solar,2026-07-13T04:57:06Z
2026-07-13T04:56:31Z,2026-07-13T06:56:31+0200,46fca521-fea0-4798-9f2d-95ad89ae35bc,2026-06-21T18:15:00Z,2026-06-21T20:15:00+0200,2236.03,MW,FR,FR,actual_solar_generation,Solar,2026-07-13T04:57:06Z
2026-07-13T04:56:31Z,2026-07-13T06:56:31+0200,46fca521-fea0-4798-9f2d-95ad89ae35bc,2026-06-21T18:30:00Z,2026-06-21T20:30:00+0200,1649.06,MW,FR,FR,actual_solar_generation,Solar,2026-07-13T04:57:06Z
2026-07-13T04:56:31Z,2026-07-13T06:56:31+0200,46fca521-fea0-4798-9f2d-95ad89ae35bc,2026-06-21T18:45:00Z,2026-06-21T20:45:00+0200,1192.43,MW,FR,FR,actual_solar_generation,Solar,2026-07-13T04:57:06Z
2026-07-13T04:56:31Z,2026-07-13T06:56:31+0200,46fca521-fea0-4798-9f2d-95ad89ae35bc,2026-06-21T19:00:00Z,2026-06-21T21:00:00+0200,822.98,MW,FR,FR,actual_solar_generation,Solar,2026-07-13T04:57:06Z
2026-07-13T04:56:31Z,2026-07-13T06:56:31+0200,46fca521-fea0-4798-9f2d-95ad89ae35bc,2026-06-21T19:15:00Z,2026-06-21T21:15:00+0200,531.72,MW,FR,FR,actual_solar_generation,Solar,2026-07-13T04:57:06Z
2026-07-13T04:56:31Z,2026-07-13T06:56:31+0200,46fca521-fea0-4798-9f2d-95ad89ae35bc,2026-06-21T19:30:00Z,2026-06-21T21:30:00+0200,345.47,MW,FR,FR,actual_solar_generation,Solar,2026-07-13T04:57:06Z
2026-07-13T04:56:31Z,2026-07-13T06:56:31+0200,46fca521-fea0-4798-9f2d-95ad89ae35bc,2026-06-21T19:45:00Z,2026-06-21T21:45:00+0200,253.91,MW,FR,FR,actual_solar_generation,Solar,2026-07-13T04:57:06Z
2026-07-13T04:56:31Z,2026-07-13T06:56:31+0200,46fca521-fea0-4798-9f2d-95ad89ae35bc,2026-06-21T20:00:00Z,2026-06-21T22:00:00+0200,216.79,MW,FR,FR,actual_solar_generation,Solar,2026-07-13T04:57:06Z
2026-07-13T04:56:31Z,2026-07-13T06:56:31+0200,46fca521-fea0-4798-9f2d-95ad89ae35bc,2026-06-21T20:15:00Z,2026-06-21T22:15:00+0200,211.97,MW,FR,FR,actual_solar_generation,Solar,2026-07-13T04:57:06Z
2026-07-13T04:56:31Z,2026-07-13T06:56:31+0200,46fca521-fea0-4798-9f2d-95ad89ae35bc,2026-06-21T20:30:00Z,2026-06-21T22:30:00+0200,213.51,MW,FR,FR,actual_solar_generation,Solar,2026-07-13T04:57:06Z
2026-07-13T04:56:31Z,2026-07-13T06:56:31+0200,46fca521-fea0-4798-9f2d-95ad89ae35bc,2026-06-21T20:45:00Z,2026-06-21T22:45:00+0200,210.21,MW,FR,FR,actual_solar_generation,Solar,2026-07-13T04:57:06Z
2026-07-13T04:56:31Z,2026-07-13T06:56:31+0200,46fca521-fea0-4798-9f2d-95ad89ae35bc,2026-06-21T21:00:00Z,2026-06-21T23:00:00+0200,207.09,MW,FR,FR,actual_solar_generation,Solar,2026-07-13T04:57:06Z
2026-07-13T04:56:31Z,2026-07-13T06:56:31+0200,46fca521-fea0-4798-9f2d-95ad89ae35bc,2026-06-21T21:15:00Z,2026-06-21T23:15:00+0200,207.42,MW,FR,FR,actual_solar_generation,Solar,2026-07-13T04:57:06Z
2026-07-13T04:56:31Z,2026-07-13T06:56:31+0200,46fca521-fea0-4798-9f2d-95ad89ae35bc,2026-06-21T21:30:00Z,2026-06-21T23:30:00+0200,207.9,MW,FR,FR,actual_solar_generation,Solar,2026-07-13T04:57:06Z
2026-07-13T04:56:31Z,2026-07-13T06:56:31+0200,46fca521-fea0-4798-9f2d-95ad89ae35bc,2026-06-21T21:45:00Z,2026-06-21T23:45:00+0200,211.28,MW,FR,FR,actual_solar_generation,Solar,2026-07-13T04:57:06Z
2026-07-13T04:56:31Z,2026-07-13T06:56:31+0200,46fca521-fea0-4798-9f2d-95ad89ae35bc,2026-06-21T22:00:00Z,2026-06-22T00:00:00+0200,0.0,MW,FR,FR,actual_solar_generation,Solar,2026-07-13T04:57:06Z
2026-07-13T04:56:31Z,2026-07-13T06:56:31+0200,46fca521-fea0-4798-9f2d-95ad89ae35bc,2026-06-21T22:15:00Z,2026-06-22T00:15:00+0200,0.0,MW,FR,FR,actual_solar_generation,Solar,2026-07-13T04:57:06Z
2026-07-13T04:56:31Z,2026-07-13T06:56:31+0200,46fca521-fea0-4798-9f2d-95ad89ae35bc,2026-06-21T22:30:00Z,2026-06-22T00:30:00+0200,0.0,MW,FR,FR,actual_solar_generation,Solar,2026-07-13T04:57:06Z
2026-07-13T04:56:31Z,2026-07-13T06:56:31+0200,46fca521-fea0-4798-9f2d-95ad89ae35bc,2026-06-21T22:45:00Z,2026-06-22T00:45:00+0200,0.0,MW,FR,FR,actual_solar_generation,Solar,2026-07-13T04:57:06Z
2026-07-13T04:56:31Z,2026-07-13T06:56:31+0200,46fca521-fea0-4798-9f2d-95ad89ae35bc,2026-06-21T23:00:00Z,2026-06-22T01:00:00+0200,0.0,MW,FR,FR,actual_solar_generation,Solar,2026-07-13T04:57:06Z
2026-07-13T04:56:31Z,2026-07-13T06:56:31+0200,46fca521-fea0-4798-9f2d-95ad89ae35bc,2026-06-21T23:15:00Z,2026-06-22T01:15:00+0200,0.0,MW,FR,FR,actual_solar_generation,Solar,2026-07-13T04:57:06Z
2026-07-13T04:56:31Z,2026-07-13T06:56:31+0200,46fca521-fea0-4798-9f2d-95ad89ae35bc,2026-06-21T23:30:00Z,2026-06-22T01:30:00+0200,0.0,MW,FR,FR,actual_solar_generation,Solar,2026-07-13T04:57:06Z
2026-07-13T04:56:31Z,2026-07-13T06:56:31+0200,46fca521-fea0-4798-9f2d-95ad89ae35bc,2026-06-21T23:45:00Z,2026-06-22T01:45:00+0200,0.0,MW,FR,FR,actual_solar_generation,Solar,2026-07-13T04:57:06Z
2026-07-13T04:56:31Z,2026-07-13T06:56:31+0200,46fca521-fea0-4798-9f2d-95ad89ae35bc,2026-06-22T00:00:00Z,2026-06-22T02:00:00+0200,0.0,MW,FR,FR,actual_solar_generation,Solar,2026-07-13T04:57:06Z
2026-07-13T04:56:31Z,2026-07-13T06:56:31+0200,46fca521-fea0-4798-9f2d-95ad89ae35bc,2026-06-22T00:15:00Z,2026-06-22T02:15:00+0200,0.0,MW,FR,FR,actual_solar_generation,Solar,2026-07-13T04:57:06Z
2026-07-13T04:56:31Z,2026-07-13T06:56:31+0200,46fca521-fea0-4798-9f2d-95ad89ae35bc,2026-06-22T00:30:00Z,2026-06-22T02:30:00+0200,0.0,MW,FR,FR,actual_solar_generation,Solar,2026-07-13T04:57:06Z
2026-07-13T04:56:31Z,2026-07-13T06:56:31+0200,46fca521-fea0-4798-9f2d-95ad89ae35bc,2026-06-22T00:45:00Z,2026-06-22T02:45:00+0200,0.0,MW,FR,FR,actual_solar_generation,Solar,2026-07-13T04:57:06Z
2026-07-13T04:56:31Z,2026-07-13T06:56:31+0200,46fca521-fea0-4798-9f2d-95ad89ae35bc,2026-06-22T01:00:00Z,2026-06-22T03:00:00+0200,0.0,MW,FR,FR,actual_solar_generation,Solar,2026-07-13T04:57:06Z
2026-07-13T04:56:31Z,2026-07-13T06:56:31+0200,46fca521-fea0-4798-9f2d-95ad89ae35bc,2026-06-22T01:15:00Z,2026-06-22T03:15:00+0200,0.0,MW,FR,FR,actual_solar_generation,Solar,2026-07-13T04:57:06Z
2026-07-13T04:56:31Z,2026-07-13T06:56:31+0200,46fca521-fea0-4798-9f2d-95ad89ae35bc,2026-06-22T01:30:00Z,2026-06-22T03:30:00+0200,0.0,MW,FR,FR,actual_solar_generation,Solar,2026-07-13T04:57:06Z
2026-07-13T04:56:31Z,2026-07-13T06:56:31+0200,46fca521-fea0-4798-9f2d-95ad89ae35bc,2026-06-22T01:45:00Z,2026-06-22T03:45:00+0200,0.0,MW,FR,FR,actual_solar_generation,Solar,2026-07-13T04:57:06Z
2026-07-13T04:56:31Z,2026-07-13T06:56:31+0200,46fca521-fea0-4798-9f2d-95ad89ae35bc,2026-06-22T02:00:00Z,2026-06-22T04:00:00+0200,0.0,MW,FR,FR,actual_solar_generation,Solar,2026-07-13T04:57:06Z
2026-07-13T04:56:31Z,2026-07-13T06:56:31+0200,46fca521-fea0-4798-9f2d-95ad89ae35bc,2026-06-22T02:15:00Z,2026-06-22T04:15:00+0200,0.0,MW,FR,FR,actual_solar_generation,Solar,2026-07-13T04:57:06Z
2026-07-13T04:56:31Z,2026-07-13T06:56:31+0200,46fca521-fea0-4798-9f2d-95ad89ae35bc,2026-06-22T02:30:00Z,2026-06-22T04:30:00+0200,0.0,MW,FR,FR,actual_solar_generation,Solar,2026-07-13T04:57:06Z
2026-07-13T04:56:31Z,2026-07-13T06:56:31+0200,46fca521-fea0-4798-9f2d-95ad89ae35bc,2026-06-22T02:45:00Z,2026-06-22T04:45:00+0200,0.0,MW,FR,FR,actual_solar_generation,Solar,2026-07-13T04:57:06Z
2026-07-13T04:56:31Z,2026-07-13T06:56:31+0200,46fca521-fea0-4798-9f2d-95ad89ae35bc,2026-06-22T03:00:00Z,2026-06-22T05:00:00+0200,0.0,MW,FR,FR,actual_solar_generation,Solar,2026-07-13T04:57:06Z
2026-07-13T04:56:31Z,2026-07-13T06:56:31+0200,46fca521-fea0-4798-9f2d-95ad89ae35bc,2026-06-22T03:15:00Z,2026-06-22T05:15:00+0200,0.0,MW,FR,FR,actual_solar_generation,Solar,2026-07-13T04:57:06Z
2026-07-13T04:56:31Z,2026-07-13T06:56:31+0200,46fca521-fea0-4798-9f2d-95ad89ae35bc,2026-06-22T03:30:00Z,2026-06-22T05:30:00+0200,0.0,MW,FR,FR,actual_solar_generation,Solar,2026-07-13T04:57:06Z
2026-07-13T04:56:31Z,2026-07-13T06:56:31+0200,46fca521-fea0-4798-9f2d-95ad89ae35bc,2026-06-22T03:45:00Z,2026-06-22T05:45:00+0200,0.0,MW,FR,FR,actual_solar_generation,Solar,2026-07-13T04:57:06Z
2026-07-13T04:56:31Z,2026-07-13T06:56:31+0200,46fca521-fea0-4798-9f2d-95ad89ae35bc,2026-06-22T04:00:00Z,2026-06-22T06:00:00+0200,306.34,MW,FR,FR,actual_solar_generation,Solar,2026-07-13T04:57:06Z
2026-07-13T04:56:31Z,2026-07-13T06:56:31+0200,46fca521-fea0-4798-9f2d-95ad89ae35bc,2026-06-22T04:15:00Z,2026-06-22T06:15:00+0200,395.89,MW,FR,FR,actual_solar_generation,Solar,2026-07-13T04:57:06Z
2026-07-13T04:56:31Z,2026-07-13T06:56:31+0200,46fca521-fea0-4798-9f2d-95ad89ae35bc,2026-06-22T04:30:00Z,2026-06-22T06:30:00+0200,568.51,MW,FR,FR,actual_solar_generation,Solar,2026-07-13T04:57:06Z
2026-07-13T04:56:31Z,2026-07-13T06:56:31+0200,46fca521-fea0-4798-9f2d-95ad89ae35bc,2026-06-22T04:45:00Z,2026-06-22T06:45:00+0200,888.47,MW,FR,FR,actual_solar_generation,Solar,2026-07-13T04:57:06Z
2026-07-13T04:56:31Z,2026-07-13T06:56:31+0200,46fca521-fea0-4798-9f2d-95ad89ae35bc,2026-06-22T05:00:00Z,2026-06-22T07:00:00+0200,1319.29,MW,FR,FR,actual_solar_generation,Solar,2026-07-13T04:57:06Z
2026-07-13T04:56:31Z,2026-07-13T06:56:31+0200,46fca521-fea0-4798-9f2d-95ad89ae35bc,2026-06-22T05:15:00Z,2026-06-22T07:15:00+0200,1844.47,MW,FR,FR,actual_solar_generation,Solar,2026-07-13T04:57:06Z
2026-07-13T04:56:31Z,2026-07-13T06:56:31+0200,46fca521-fea0-4798-9f2d-95ad89ae35bc,2026-06-22T05:30:00Z,2026-06-22T07:30:00+0200,2530.12,MW,FR,FR,actual_solar_generation,Solar,2026-07-13T04:57:06Z
2026-07-13T04:56:31Z,2026-07-13T06:56:31+0200,46fca521-fea0-4798-9f2d-95ad89ae35bc,2026-06-22T05:45:00Z,2026-06-22T07:45:00+0200,3287.4,MW,FR,FR,actual_solar_generation,Solar,2026-07-13T04:57:06Z
2026-07-13T04:56:31Z,2026-07-13T06:56:31+0200,46fca521-fea0-4798-9f2d-95ad89ae35bc,2026-06-22T06:00:00Z,2026-06-22T08:00:00+0200,4166.58,MW,FR,FR,actual_solar_generation,Solar,2026-07-13T04:57:06Z
2026-07-13T04:56:31Z,2026-07-13T06:56:31+0200,46fca521-fea0-4798-9f2d-95ad89ae35bc,2026-06-22T06:15:00Z,2026-06-22T08:15:00+0200,5247.05,MW,FR,FR,actual_solar_generation,Solar,2026-07-13T04:57:06Z
2026-07-13T04:56:31Z,2026-07-13T06:56:31+0200,46fca521-fea0-4798-9f2d-95ad89ae35bc,2026-06-22T06:30:00Z,2026-06-22T08:30:00+0200,6439.73,MW,FR,FR,actual_solar_generation,Solar,2026-07-13T04:57:06Z
2026-07-13T04:56:31Z,2026-07-13T06:56:31+0200,46fca521-fea0-4798-9f2d-95ad89ae35bc,2026-06-22T06:45:00Z,2026-06-22T08:45:00+0200,7613.84,MW,FR,FR,actual_solar_generation,Solar,2026-07-13T04:57:06Z
2026-07-13T04:56:31Z,2026-07-13T06:56:31+0200,46fca521-fea0-4798-9f2d-95ad89ae35bc,2026-06-22T07:00:00Z,2026-06-22T09:00:00+0200,8813.29,MW,FR,FR,actual_solar_generation,Solar,2026-07-13T04:57:06Z
2026-07-13T04:56:31Z,2026-07-13T06:56:31+0200,46fca521-fea0-4798-9f2d-95ad89ae35bc,2026-06-22T07:15:00Z,2026-06-22T09:15:00+0200,10068.6,MW,FR,FR,actual_solar_generation,Solar,2026-07-13T04:57:06Z
2026-07-13T04:56:31Z,2026-07-13T06:56:31+0200,46fca521-fea0-4798-9f2d-95ad89ae35bc,2026-06-22T07:30:00Z,2026-06-22T09:30:00+0200,11251.2,MW,FR,FR,actual_solar_generation,Solar,2026-07-13T04:57:06Z
2026-07-13T04:56:31Z,2026-07-13T06:56:31+0200,46fca521-fea0-4798-9f2d-95ad89ae35bc,2026-06-22T07:45:00Z,2026-06-22T09:45:00+0200,12358.86,MW,FR,FR,actual_solar_generation,Solar,2026-07-13T04:57:06Z
2026-07-13T04:56:31Z,2026-07-13T06:56:31+0200,46fca521-fea0-4798-9f2d-95ad89ae35bc,2026-06-22T08:00:00Z,2026-06-22T10:00:00+0200,13414.29,MW,FR,FR,actual_solar_generation,Solar,2026-07-13T04:57:06Z
2026-07-13T04:56:31Z,2026-07-13T06:56:31+0200,46fca521-fea0-4798-9f2d-95ad89ae35bc,2026-06-22T08:15:00Z,2026-06-22T10:15:00+0200,14221.82,MW,FR,FR,actual_solar_generation,Solar,2026-07-13T04:57:06Z
2026-07-13T04:56:31Z,2026-07-13T06:56:31+0200,46fca521-fea0-4798-9f2d-95ad89ae35bc,2026-06-22T08:30:00Z,2026-06-22T10:30:00+0200,15274.84,MW,FR,FR,actual_solar_generation,Solar,2026-07-13T04:57:06Z
2026-07-13T04:56:31Z,2026-07-13T06:56:31+0200,46fca521-fea0-4798-9f2d-95ad89ae35bc,2026-06-22T08:45:00Z,2026-06-22T10:45:00+0200,16042.03,MW,FR,FR,actual_solar_generation,Solar,2026-07-13T04:57:06Z
2026-07-13T04:56:31Z,2026-07-13T06:56:31+0200,46fca521-fea0-4798-9f2d-95ad89ae35bc,2026-06-22T09:00:00Z,2026-06-22T11:00:00+0200,16760.82,MW,FR,FR,actual_solar_generation,Solar,2026-07-13T04:57:06Z
2026-07-13T04:56:31Z,2026-07-13T06:56:31+0200,46fca521-fea0-4798-9f2d-95ad89ae35bc,2026-06-22T09:15:00Z,2026-06-22T11:15:00+0200,17273.25,MW,FR,FR,actual_solar_generation,Solar,2026-07-13T04:57:06Z
2026-07-13T04:56:31Z,2026-07-13T06:56:31+0200,46fca521-fea0-4798-9f2d-95ad89ae35bc,2026-06-22T09:30:00Z,2026-06-22T11:30:00+0200,17885.93,MW,FR,FR,actual_solar_generation,Solar,2026-07-13T04:57:06Z
2026-07-13T04:56:31Z,2026-07-13T06:56:31+0200,46fca521-fea0-4798-9f2d-95ad89ae35bc,2026-06-22T09:45:00Z,2026-06-22T11:45:00+0200,18424.78,MW,FR,FR,actual_solar_generation,Solar,2026-07-13T04:57:06Z
2026-07-13T04:56:31Z,2026-07-13T06:56:31+0200,46fca521-fea0-4798-9f2d-95ad89ae35bc,2026-06-22T10:00:00Z,2026-06-22T12:00:00+0200,18833.42,MW,FR,FR,actual_solar_generation,Solar,2026-07-13T04:57:06Z
2026-07-13T04:56:31Z,2026-07-13T06:56:31+0200,46fca521-fea0-4798-9f2d-95ad89ae35bc,2026-06-22T10:15:00Z,2026-06-22T12:15:00+0200,19162.24,MW,FR,FR,actual_solar_generation,Solar,2026-07-13T04:57:06Z
2026-07-13T04:56:31Z,2026-07-13T06:56:31+0200,46fca521-fea0-4798-9f2d-95ad89ae35bc,2026-06-22T10:30:00Z,2026-06-22T12:30:00+0200,19428.86,MW,FR,FR,actual_solar_generation,Solar,2026-07-13T04:57:06Z
2026-07-13T04:56:31Z,2026-07-13T06:56:31+0200,46fca521-fea0-4798-9f2d-95ad89ae35bc,2026-06-22T10:45:00Z,2026-06-22T12:45:00+0200,19654.61,MW,FR,FR,actual_solar_generation,Solar,2026-07-13T04:57:06Z
2026-07-13T04:56:31Z,2026-07-13T06:56:31+0200,46fca521-fea0-4798-9f2d-95ad89ae35bc,2026-06-22T11:00:00Z,2026-06-22T13:00:00+0200,19827.54,MW,FR,FR,actual_solar_generation,Solar,2026-07-13T04:57:06Z
2026-07-13T04:56:31Z,2026-07-13T06:56:31+0200,46fca521-fea0-4798-9f2d-95ad89ae35bc,2026-06-22T11:15:00Z,2026-06-22T13:15:00+0200,19928.96,MW,FR,FR,actual_solar_generation,Solar,2026-07-13T04:57:06Z
2026-07-13T04:56:31Z,2026-07-13T06:56:31+0200,46fca521-fea0-4798-9f2d-95ad89ae35bc,2026-06-22T11:30:00Z,2026-06-22T13:30:00+0200,19969.64,MW,FR,FR,actual_solar_generation,Solar,2026-07-13T04:57:06Z
2026-07-13T04:56:31Z,2026-07-13T06:56:31+0200,46fca521-fea0-4798-9f2d-95ad89ae35bc,2026-06-22T11:45:00Z,2026-06-22T13:45:00+0200,19908.23,MW,FR,FR,actual_solar_generation,Solar,2026-07-13T04:57:06Z
2026-07-13T04:56:31Z,2026-07-13T06:56:31+0200,46fca521-fea0-4798-9f2d-95ad89ae35bc,2026-06-22T12:00:00Z,2026-06-22T14:00:00+0200,19844.24,MW,FR,FR,actual_solar_generation,Solar,2026-07-13T04:57:06Z
2026-07-13T04:56:31Z,2026-07-13T06:56:31+0200,46fca521-fea0-4798-9f2d-95ad89ae35bc,2026-06-22T12:15:00Z,2026-06-22T14:15:00+0200,19730.55,MW,FR,FR,actual_solar_generation,Solar,2026-07-13T04:57:06Z
2026-07-13T04:56:31Z,2026-07-13T06:56:31+0200,46fca521-fea0-4798-9f2d-95ad89ae35bc,2026-06-22T12:30:00Z,2026-06-22T14:30:00+0200,19600.28,MW,FR,FR,actual_solar_generation,Solar,2026-07-13T04:57:06Z
2026-07-13T04:56:31Z,2026-07-13T06:56:31+0200,46fca521-fea0-4798-9f2d-95ad89ae35bc,2026-06-22T12:45:00Z,2026-06-22T14:45:00+0200,19408.83,MW,FR,FR,actual_solar_generation,Solar,2026-07-13T04:57:06Z
2026-07-13T04:56:31Z,2026-07-13T06:56:31+0200,46fca521-fea0-4798-9f2d-95ad89ae35bc,2026-06-22T13:00:00Z,2026-06-22T15:00:00+0200,19042.0,MW,FR,FR,actual_solar_generation,Solar,2026-07-13T04:57:06Z
2026-07-13T04:56:31Z,2026-07-13T06:56:31+0200,46fca521-fea0-4798-9f2d-95ad89ae35bc,2026-06-22T13:15:00Z,2026-06-22T15:15:00+0200,18648.07,MW,FR,FR,actual_solar_generation,Solar,2026-07-13T04:57:06Z
2026-07-13T04:56:31Z,2026-07-13T06:56:31+0200,46fca521-fea0-4798-9f2d-95ad89ae35bc,2026-06-22T13:30:00Z,2026-06-22T15:30:00+0200,18299.57,MW,FR,FR,actual_solar_generation,Solar,2026-07-13T04:57:06Z
2026-07-13T04:56:31Z,2026-07-13T06:56:31+0200,46fca521-fea0-4798-9f2d-95ad89ae35bc,2026-06-22T13:45:00Z,2026-06-22T15:45:00+0200,17827.26,MW,FR,FR,actual_solar_generation,Solar,2026-07-13T04:57:06Z
2026-07-13T04:56:31Z,2026-07-13T06:56:31+0200,46fca521-fea0-4798-9f2d-95ad89ae35bc,2026-06-22T14:00:00Z,2026-06-22T16:00:00+0200,17286.41,MW,FR,FR,actual_solar_generation,Solar,2026-07-13T04:57:06Z
2026-07-13T04:56:31Z,2026-07-13T06:56:31+0200,46fca521-fea0-4798-9f2d-95ad89ae35bc,2026-06-22T14:15:00Z,2026-06-22T16:15:00+0200,16794.95,MW,FR,FR,actual_solar_generation,Solar,2026-07-13T04:57:06Z
2026-07-13T04:56:31Z,2026-07-13T06:56:31+0200,46fca521-fea0-4798-9f2d-95ad89ae35bc,2026-06-22T14:30:00Z,2026-06-22T16:30:00+0200,16143.21,MW,FR,FR,actual_solar_generation,Solar,2026-07-13T04:57:06Z
2026-07-13T04:56:31Z,2026-07-13T06:56:31+0200,46fca521-fea0-4798-9f2d-95ad89ae35bc,2026-06-22T14:45:00Z,2026-06-22T16:45:00+0200,15395.49,MW,FR,FR,actual_solar_generation,Solar,2026-07-13T04:57:06Z
2026-07-13T04:56:31Z,2026-07-13T06:56:31+0200,46fca521-fea0-4798-9f2d-95ad89ae35bc,2026-06-22T15:00:00Z,2026-06-22T17:00:00+0200,14587.62,MW,FR,FR,actual_solar_generation,Solar,2026-07-13T04:57:06Z
2026-07-13T04:56:31Z,2026-07-13T06:56:31+0200,46fca521-fea0-4798-9f2d-95ad89ae35bc,2026-06-22T15:15:00Z,2026-06-22T17:15:00+0200,13730.16,MW,FR,FR,actual_solar_generation,Solar,2026-07-13T04:57:06Z
2026-07-13T04:56:31Z,2026-07-13T06:56:31+0200,46fca521-fea0-4798-9f2d-95ad89ae35bc,2026-06-22T15:30:00Z,2026-06-22T17:30:00+0200,12837.71,MW,FR,FR,actual_solar_generation,Solar,2026-07-13T04:57:06Z
2026-07-13T04:56:31Z,2026-07-13T06:56:31+0200,46fca521-fea0-4798-9f2d-95ad89ae35bc,2026-06-22T15:45:00Z,2026-06-22T17:45:00+0200,11870.96,MW,FR,FR,actual_solar_generation,Solar,2026-07-13T04:57:06Z
2026-07-13T04:56:31Z,2026-07-13T06:56:31+0200,46fca521-fea0-4798-9f2d-95ad89ae35bc,2026-06-22T16:00:00Z,2026-06-22T18:00:00+0200,10998.3,MW,FR,FR,actual_solar_generation,Solar,2026-07-13T04:57:06Z
2026-07-13T04:56:31Z,2026-07-13T06:56:31+0200,46fca521-fea0-4798-9f2d-95ad89ae35bc,2026-06-22T16:15:00Z,2026-06-22T18:15:00+0200,9998.33,MW,FR,FR,actual_solar_generation,Solar,2026-07-13T04:57:06Z
2026-07-13T04:56:31Z,2026-07-13T06:56:31+0200,46fca521-fea0-4798-9f2d-95ad89ae35bc,2026-06-22T16:30:00Z,2026-06-22T18:30:00+0200,9000.01,MW,FR,FR,actual_solar_generation,Solar,2026-07-13T04:57:06Z
2026-07-13T04:56:31Z,2026-07-13T06:56:31+0200,46fca521-fea0-4798-9f2d-95ad89ae35bc,2026-06-22T16:45:00Z,2026-06-22T18:45:00+0200,7946.25,MW,FR,FR,actual_solar_generation,Solar,2026-07-13T04:57:06Z
2026-07-13T04:56:31Z,2026-07-13T06:56:31+0200,46fca521-fea0-4798-9f2d-95ad89ae35bc,2026-06-22T17:00:00Z,2026-06-22T19:00:00+0200,6880.62,MW,FR,FR,actual_solar_generation,Solar,2026-07-13T04:57:06Z
2026-07-13T04:56:31Z,2026-07-13T06:56:31+0200,46fca521-fea0-4798-9f2d-95ad89ae35bc,2026-06-22T17:15:00Z,2026-06-22T19:15:00+0200,5816.41,MW,FR,FR,actual_solar_generation,Solar,2026-07-13T04:57:06Z
2026-07-13T04:56:31Z,2026-07-13T06:56:31+0200,46fca521-fea0-4798-9f2d-95ad89ae35bc,2026-06-22T17:30:00Z,2026-06-22T19:30:00+0200,4774.2,MW,FR,FR,actual_solar_generation,Solar,2026-07-13T04:57:06Z
2026-07-13T04:56:31Z,2026-07-13T06:56:31+0200,46fca521-fea0-4798-9f2d-95ad89ae35bc,2026-06-22T17:45:00Z,2026-06-22T19:45:00+0200,3823.48,MW,FR,FR,actual_solar_generation,Solar,2026-07-13T04:57:06Z
2026-07-13T04:56:31Z,2026-07-13T06:56:31+0200,46fca521-fea0-4798-9f2d-95ad89ae35bc,2026-06-22T18:00:00Z,2026-06-22T20:00:00+0200,2943.73,MW,FR,FR,actual_solar_generation,Solar,2026-07-13T04:57:06Z
2026-07-13T04:56:31Z,2026-07-13T06:56:31+0200,46fca521-fea0-4798-9f2d-95ad89ae35bc,2026-06-22T18:15:00Z,2026-06-22T20:15:00+0200,2249.27,MW,FR,FR,actual_solar_generation,Solar,2026-07-13T04:57:06Z
2026-07-13T04:56:31Z,2026-07-13T06:56:31+0200,46fca521-fea0-4798-9f2d-95ad89ae35bc,2026-06-22T18:30:00Z,2026-06-22T20:30:00+0200,1682.56,MW,FR,FR,actual_solar_generation,Solar,2026-07-13T04:57:06Z
2026-07-13T04:56:31Z,2026-07-13T06:56:31+0200,46fca521-fea0-4798-9f2d-95ad89ae35bc,2026-06-22T18:45:00Z,2026-06-22T20:45:00+0200,1237.52,MW,FR,FR,actual_solar_generation,Solar,2026-07-13T04:57:06Z
2026-07-13T04:56:31Z,2026-07-13T06:56:31+0200,46fca521-fea0-4798-9f2d-95ad89ae35bc,2026-06-22T19:00:00Z,2026-06-22T21:00:00+0200,855.38,MW,FR,FR,actual_solar_generation,Solar,2026-07-13T04:57:06Z
2026-07-13T04:56:31Z,2026-07-13T06:56:31+0200,46fca521-fea0-4798-9f2d-95ad89ae35bc,2026-06-22T19:15:00Z,2026-06-22T21:15:00+0200,539.05,MW,FR,FR,actual_solar_generation,Solar,2026-07-13T04:57:06Z
2026-07-13T04:56:31Z,2026-07-13T06:56:31+0200,46fca521-fea0-4798-9f2d-95ad89ae35bc,2026-06-22T19:30:00Z,2026-06-22T21:30:00+0200,336.81,MW,FR,FR,actual_solar_generation,Solar,2026-07-13T04:57:06Z
2026-07-13T04:56:31Z,2026-07-13T06:56:31+0200,46fca521-fea0-4798-9f2d-95ad89ae35bc,2026-06-22T19:45:00Z,2026-06-22T21:45:00+0200,249.13,MW,FR,FR,actual_solar_generation,Solar,2026-07-13T04:57:06Z
2026-07-13T04:56:31Z,2026-07-13T06:56:31+0200,46fca521-fea0-4798-9f2d-95ad89ae35bc,2026-06-22T20:00:00Z,2026-06-22T22:00:00+0200,210.5,MW,FR,FR,actual_solar_generation,Solar,2026-07-13T04:57:06Z
2026-07-13T04:56:31Z,2026-07-13T06:56:31+0200,46fca521-fea0-4798-9f2d-95ad89ae35bc,2026-06-22T20:15:00Z,2026-06-22T22:15:00+0200,197.45,MW,FR,FR,actual_solar_generation,Solar,2026-07-13T04:57:06Z
2026-07-13T04:56:31Z,2026-07-13T06:56:31+0200,46fca521-fea0-4798-9f2d-95ad89ae35bc,2026-06-22T20:30:00Z,2026-06-22T22:30:00+0200,200.49,MW,FR,FR,actual_solar_generation,Solar,2026-07-13T04:57:06Z
2026-07-13T04:56:31Z,2026-07-13T06:56:31+0200,46fca521-fea0-4798-9f2d-95ad89ae35bc,2026-06-22T20:45:00Z,2026-06-22T22:45:00+0200,200.87,MW,FR,FR,actual_solar_generation,Solar,2026-07-13T04:57:06Z
2026-07-13T04:56:31Z,2026-07-13T06:56:31+0200,46fca521-fea0-4798-9f2d-95ad89ae35bc,2026-06-22T21:00:00Z,2026-06-22T23:00:00+0200,201.15,MW,FR,FR,actual_solar_generation,Solar,2026-07-13T04:57:06Z
2026-07-13T04:56:31Z,2026-07-13T06:56:31+0200,46fca521-fea0-4798-9f2d-95ad89ae35bc,2026-06-22T21:15:00Z,2026-06-22T23:15:00+0200,198.0,MW,FR,FR,actual_solar_generation,Solar,2026-07-13T04:57:06Z
2026-07-13T04:56:31Z,2026-07-13T06:56:31+0200,46fca521-fea0-4798-9f2d-95ad89ae35bc,2026-06-22T21:30:00Z,2026-06-22T23:30:00+0200,194.5,MW,FR,FR,actual_solar_generation,Solar,2026-07-13T04:57:06Z
2026-07-13T04:56:31Z,2026-07-13T06:56:31+0200,46fca521-fea0-4798-9f2d-95ad89ae35bc,2026-06-22T21:45:00Z,2026-06-22T23:45:00+0200,195.49,MW,FR,FR,actual_solar_generation,Solar,2026-07-13T04:57:06Z
2026-07-13T04:56:31Z,2026-07-13T06:56:31+0200,46fca521-fea0-4798-9f2d-95ad89ae35bc,2026-06-22T22:00:00Z,2026-06-23T00:00:00+0200,0.0,MW,FR,FR,actual_solar_generation,Solar,2026-07-13T04:57:06Z
2026-07-13T04:56:31Z,2026-07-13T06:56:31+0200,46fca521-fea0-4798-9f2d-95ad89ae35bc,2026-06-22T22:15:00Z,2026-06-23T00:15:00+0200,0.0,MW,FR,FR,actual_solar_generation,Solar,2026-07-13T04:57:06Z
2026-07-13T04:56:31Z,2026-07-13T06:56:31+0200,46fca521-fea0-4798-9f2d-95ad89ae35bc,2026-06-22T22:30:00Z,2026-06-23T00:30:00+0200,0.0,MW,FR,FR,actual_solar_generation,Solar,2026-07-13T04:57:06Z
2026-07-13T04:56:31Z,2026-07-13T06:56:31+0200,46fca521-fea0-4798-9f2d-95ad89ae35bc,2026-06-22T22:45:00Z,2026-06-23T00:45:00+0200,0.0,MW,FR,FR,actual_solar_generation,Solar,2026-07-13T04:57:06Z
2026-07-13T04:56:31Z,2026-07-13T06:56:31+0200,46fca521-fea0-4798-9f2d-95ad89ae35bc,2026-06-22T23:00:00Z,2026-06-23T01:00:00+0200,0.0,MW,FR,FR,actual_solar_generation,Solar,2026-07-13T04:57:06Z
2026-07-13T04:56:31Z,2026-07-13T06:56:31+0200,46fca521-fea0-4798-9f2d-95ad89ae35bc,2026-06-22T23:15:00Z,2026-06-23T01:15:00+0200,0.0,MW,FR,FR,actual_solar_generation,Solar,2026-07-13T04:57:06Z
2026-07-13T04:56:31Z,2026-07-13T06:56:31+0200,46fca521-fea0-4798-9f2d-95ad89ae35bc,2026-06-22T23:30:00Z,2026-06-23T01:30:00+0200,0.0,MW,FR,FR,actual_solar_generation,Solar,2026-07-13T04:57:06Z
2026-07-13T04:56:31Z,2026-07-13T06:56:31+0200,46fca521-fea0-4798-9f2d-95ad89ae35bc,2026-06-22T23:45:00Z,2026-06-23T01:45:00+0200,0.0,MW,FR,FR,actual_solar_generation,Solar,2026-07-13T04:57:06Z
2026-07-13T04:56:31Z,2026-07-13T06:56:31+0200,46fca521-fea0-4798-9f2d-95ad89ae35bc,2026-06-23T00:00:00Z,2026-06-23T02:00:00+0200,0.0,MW,FR,FR,actual_solar_generation,Solar,2026-07-13T04:57:06Z
2026-07-13T04:56:31Z,2026-07-13T06:56:31+0200,46fca521-fea0-4798-9f2d-95ad89ae35bc,2026-06-23T00:15:00Z,2026-06-23T02:15:00+0200,0.0,MW,FR,FR,actual_solar_generation,Solar,2026-07-13T04:57:06Z
2026-07-13T04:56:31Z,2026-07-13T06:56:31+0200,46fca521-fea0-4798-9f2d-95ad89ae35bc,2026-06-23T00:30:00Z,2026-06-23T02:30:00+0200,0.0,MW,FR,FR,actual_solar_generation,Solar,2026-07-13T04:57:06Z
2026-07-13T04:56:31Z,2026-07-13T06:56:31+0200,46fca521-fea0-4798-9f2d-95ad89ae35bc,2026-06-23T00:45:00Z,2026-06-23T02:45:00+0200,0.0,MW,FR,FR,actual_solar_generation,Solar,2026-07-13T04:57:06Z
2026-07-13T04:56:31Z,2026-07-13T06:56:31+0200,46fca521-fea0-4798-9f2d-95ad89ae35bc,2026-06-23T01:00:00Z,2026-06-23T03:00:00+0200,0.0,MW,FR,FR,actual_solar_generation,Solar,2026-07-13T04:57:06Z
2026-07-13T04:56:31Z,2026-07-13T06:56:31+0200,46fca521-fea0-4798-9f2d-95ad89ae35bc,2026-06-23T01:15:00Z,2026-06-23T03:15:00+0200,0.0,MW,FR,FR,actual_solar_generation,Solar,2026-07-13T04:57:06Z
2026-07-13T04:56:31Z,2026-07-13T06:56:31+0200,46fca521-fea0-4798-9f2d-95ad89ae35bc,2026-06-23T01:30:00Z,2026-06-23T03:30:00+0200,0.0,MW,FR,FR,actual_solar_generation,Solar,2026-07-13T04:57:06Z
2026-07-13T04:56:31Z,2026-07-13T06:56:31+0200,46fca521-fea0-4798-9f2d-95ad89ae35bc,2026-06-23T01:45:00Z,2026-06-23T03:45:00+0200,0.0,MW,FR,FR,actual_solar_generation,Solar,2026-07-13T04:57:06Z
2026-07-13T04:56:31Z,2026-07-13T06:56:31+0200,46fca521-fea0-4798-9f2d-95ad89ae35bc,2026-06-23T02:00:00Z,2026-06-23T04:00:00+0200,0.0,MW,FR,FR,actual_solar_generation,Solar,2026-07-13T04:57:06Z
2026-07-13T04:56:31Z,2026-07-13T06:56:31+0200,46fca521-fea0-4798-9f2d-95ad89ae35bc,2026-06-23T02:15:00Z,2026-06-23T04:15:00+0200,0.0,MW,FR,FR,actual_solar_generation,Solar,2026-07-13T04:57:06Z
2026-07-13T04:56:31Z,2026-07-13T06:56:31+0200,46fca521-fea0-4798-9f2d-95ad89ae35bc,2026-06-23T02:30:00Z,2026-06-23T04:30:00+0200,0.0,MW,FR,FR,actual_solar_generation,Solar,2026-07-13T04:57:06Z
2026-07-13T04:56:31Z,2026-07-13T06:56:31+0200,46fca521-fea0-4798-9f2d-95ad89ae35bc,2026-06-23T02:45:00Z,2026-06-23T04:45:00+0200,0.0,MW,FR,FR,actual_solar_generation,Solar,2026-07-13T04:57:06Z
2026-07-13T04:56:31Z,2026-07-13T06:56:31+0200,46fca521-fea0-4798-9f2d-95ad89ae35bc,2026-06-23T03:00:00Z,2026-06-23T05:00:00+0200,0.0,MW,FR,FR,actual_solar_generation,Solar,2026-07-13T04:57:06Z
2026-07-13T04:56:31Z,2026-07-13T06:56:31+0200,46fca521-fea0-4798-9f2d-95ad89ae35bc,2026-06-23T03:15:00Z,2026-06-23T05:15:00+0200,0.0,MW,FR,FR,actual_solar_generation,Solar,2026-07-13T04:57:06Z
2026-07-13T04:56:31Z,2026-07-13T06:56:31+0200,46fca521-fea0-4798-9f2d-95ad89ae35bc,2026-06-23T03:30:00Z,2026-06-23T05:30:00+0200,0.0,MW,FR,FR,actual_solar_generation,Solar,2026-07-13T04:57:06Z
2026-07-13T04:56:31Z,2026-07-13T06:56:31+0200,46fca521-fea0-4798-9f2d-95ad89ae35bc,2026-06-23T03:45:00Z,2026-06-23T05:45:00+0200,0.0,MW,FR,FR,actual_solar_generation,Solar,2026-07-13T04:57:06Z
2026-07-13T04:56:31Z,2026-07-13T06:56:31+0200,46fca521-fea0-4798-9f2d-95ad89ae35bc,2026-06-23T04:00:00Z,2026-06-23T06:00:00+0200,289.2,MW,FR,FR,actual_solar_generation,Solar,2026-07-13T04:57:06Z
2026-07-13T04:56:31Z,2026-07-13T06:56:31+0200,46fca521-fea0-4798-9f2d-95ad89ae35bc,2026-06-23T04:15:00Z,2026-06-23T06:15:00+0200,385.6,MW,FR,FR,actual_solar_generation,Solar,2026-07-13T04:57:06Z
2026-07-13T04:56:31Z,2026-07-13T06:56:31+0200,46fca521-fea0-4798-9f2d-95ad89ae35bc,2026-06-23T04:30:00Z,2026-06-23T06:30:00+0200,569.93,MW,FR,FR,actual_solar_generation,Solar,2026-07-13T04:57:06Z
2026-07-13T04:56:31Z,2026-07-13T06:56:31+0200,46fca521-fea0-4798-9f2d-95ad89ae35bc,2026-06-23T04:45:00Z,2026-06-23T06:45:00+0200,883.11,MW,FR,FR,actual_solar_generation,Solar,2026-07-13T04:57:06Z
2026-07-13T04:56:31Z,2026-07-13T06:56:31+0200,46fca521-fea0-4798-9f2d-95ad89ae35bc,2026-06-23T05:00:00Z,2026-06-23T07:00:00+0200,1299.01,MW,FR,FR,actual_solar_generation,Solar,2026-07-13T04:57:06Z
2026-07-13T04:56:31Z,2026-07-13T06:56:31+0200,46fca521-fea0-4798-9f2d-95ad89ae35bc,2026-06-23T05:15:00Z,2026-06-23T07:15:00+0200,1831.29,MW,FR,FR,actual_solar_generation,Solar,2026-07-13T04:57:06Z
2026-07-13T04:56:31Z,2026-07-13T06:56:31+0200,46fca521-fea0-4798-9f2d-95ad89ae35bc,2026-06-23T05:30:00Z,2026-06-23T07:30:00+0200,2499.53,MW,FR,FR,actual_solar_generation,Solar,2026-07-13T04:57:06Z
2026-07-13T04:56:31Z,2026-07-13T06:56:31+0200,46fca521-fea0-4798-9f2d-95ad89ae35bc,2026-06-23T05:45:00Z,2026-06-23T07:45:00+0200,3288.96,MW,FR,FR,actual_solar_generation,Solar,2026-07-13T04:57:06Z
2026-07-13T04:56:31Z,2026-07-13T06:56:31+0200,46fca521-fea0-4798-9f2d-95ad89ae35bc,2026-06-23T06:00:00Z,2026-06-23T08:00:00+0200,4145.52,MW,FR,FR,actual_solar_generation,Solar,2026-07-13T04:57:06Z
2026-07-13T04:56:31Z,2026-07-13T06:56:31+0200,46fca521-fea0-4798-9f2d-95ad89ae35bc,2026-06-23T06:15:00Z,2026-06-23T08:15:00+0200,5202.16,MW,FR,FR,actual_solar_generation,Solar,2026-07-13T04:57:06Z
2026-07-13T04:56:31Z,2026-07-13T06:56:31+0200,46fca521-fea0-4798-9f2d-95ad89ae35bc,2026-06-23T06:30:00Z,2026-06-23T08:30:00+0200,6385.86,MW,FR,FR,actual_solar_generation,Solar,2026-07-13T04:57:06Z
2026-07-13T04:56:31Z,2026-07-13T06:56:31+0200,46fca521-fea0-4798-9f2d-95ad89ae35bc,2026-06-23T06:45:00Z,2026-06-23T08:45:00+0200,7611.89,MW,FR,FR,actual_solar_generation,Solar,2026-07-13T04:57:06Z
2026-07-13T04:56:31Z,2026-07-13T06:56:31+0200,46fca521-fea0-4798-9f2d-95ad89ae35bc,2026-06-23T07:00:00Z,2026-06-23T09:00:00+0200,8805.12,MW,FR,FR,actual_solar_generation,Solar,2026-07-13T04:57:06Z
2026-07-13T04:56:31Z,2026-07-13T06:56:31+0200,46fca521-fea0-4798-9f2d-95ad89ae35bc,2026-06-23T07:15:00Z,2026-06-23T09:15:00+0200,10014.96,MW,FR,FR,actual_solar_generation,Solar,2026-07-13T04:57:06Z
2026-07-13T04:56:31Z,2026-07-13T06:56:31+0200,46fca521-fea0-4798-9f2d-95ad89ae35bc,2026-06-23T07:30:00Z,2026-06-23T09:30:00+0200,11105.64,MW,FR,FR,actual_solar_generation,Solar,2026-07-13T04:57:06Z
2026-07-13T04:56:31Z,2026-07-13T06:56:31+0200,46fca521-fea0-4798-9f2d-95ad89ae35bc,2026-06-23T07:45:00Z,2026-06-23T09:45:00+0200,12091.25,MW,FR,FR,actual_solar_generation,Solar,2026-07-13T04:57:06Z
2026-07-13T04:56:31Z,2026-07-13T06:56:31+0200,46fca521-fea0-4798-9f2d-95ad89ae35bc,2026-06-23T08:00:00Z,2026-06-23T10:00:00+0200,13080.81,MW,FR,FR,actual_solar_generation,Solar,2026-07-13T04:57:06Z
2026-07-13T04:56:31Z,2026-07-13T06:56:31+0200,46fca521-fea0-4798-9f2d-95ad89ae35bc,2026-06-23T08:15:00Z,2026-06-23T10:15:00+0200,14039.69,MW,FR,FR,actual_solar_generation,Solar,2026-07-13T04:57:06Z
2026-07-13T04:56:31Z,2026-07-13T06:56:31+0200,46fca521-fea0-4798-9f2d-95ad89ae35bc,2026-06-23T08:30:00Z,2026-06-23T10:30:00+0200,14924.54,MW,FR,FR,actual_solar_generation,Solar,2026-07-13T04:57:06Z
2026-07-13T04:56:31Z,2026-07-13T06:56:31+0200,46fca521-fea0-4798-9f2d-95ad89ae35bc,2026-06-23T08:45:00Z,2026-06-23T10:45:00+0200,15691.65,MW,FR,FR,actual_solar_generation,Solar,2026-07-13T04:57:06Z
2026-07-13T04:56:31Z,2026-07-13T06:56:31+0200,46fca521-fea0-4798-9f2d-95ad89ae35bc,2026-06-23T09:00:00Z,2026-06-23T11:00:00+0200,16126.5,MW,FR,FR,actual_solar_generation,Solar,2026-07-13T04:57:06Z
2026-07-13T04:56:31Z,2026-07-13T06:56:31+0200,46fca521-fea0-4798-9f2d-95ad89ae35bc,2026-06-23T09:15:00Z,2026-06-23T11:15:00+0200,16978.0,MW,FR,FR,actual_solar_generation,Solar,2026-07-13T04:57:06Z
2026-07-13T04:56:31Z,2026-07-13T06:56:31+0200,46fca521-fea0-4798-9f2d-95ad89ae35bc,2026-06-23T09:30:00Z,2026-06-23T11:30:00+0200,17615.98,MW,FR,FR,actual_solar_generation,Solar,2026-07-13T04:57:06Z
2026-07-13T04:56:31Z,2026-07-13T06:56:31+0200,46fca521-fea0-4798-9f2d-95ad89ae35bc,2026-06-23T09:45:00Z,2026-06-23T11:45:00+0200,18076.86,MW,FR,FR,actual_solar_generation,Solar,2026-07-13T04:57:06Z
2026-07-13T04:56:31Z,2026-07-13T06:56:31+0200,46fca521-fea0-4798-9f2d-95ad89ae35bc,2026-06-23T10:00:00Z,2026-06-23T12:00:00+0200,18575.76,MW,FR,FR,actual_solar_generation,Solar,2026-07-13T04:57:06Z
2026-07-13T04:56:31Z,2026-07-13T06:56:31+0200,46fca521-fea0-4798-9f2d-95ad89ae35bc,2026-06-23T10:15:00Z,2026-06-23T12:15:00+0200,19013.85,MW,FR,FR,actual_solar_generation,Solar,2026-07-13T04:57:06Z
2026-07-13T04:56:31Z,2026-07-13T06:56:31+0200,46fca521-fea0-4798-9f2d-95ad89ae35bc,2026-06-23T10:30:00Z,2026-06-23T12:30:00+0200,19273.99,MW,FR,FR,actual_solar_generation,Solar,2026-07-13T04:57:06Z
2026-07-13T04:56:31Z,2026-07-13T06:56:31+0200,46fca521-fea0-4798-9f2d-95ad89ae35bc,2026-06-23T10:45:00Z,2026-06-23T12:45:00+0200,19559.17,MW,FR,FR,actual_solar_generation,Solar,2026-07-13T04:57:06Z
2026-07-13T04:56:31Z,2026-07-13T06:56:31+0200,46fca521-fea0-4798-9f2d-95ad89ae35bc,2026-06-23T11:00:00Z,2026-06-23T13:00:00+0200,19654.19,MW,FR,FR,actual_solar_generation,Solar,2026-07-13T04:57:06Z
2026-07-13T04:56:31Z,2026-07-13T06:56:31+0200,46fca521-fea0-4798-9f2d-95ad89ae35bc,2026-06-23T11:15:00Z,2026-06-23T13:15:00+0200,19851.97,MW,FR,FR,actual_solar_generation,Solar,2026-07-13T04:57:06Z
2026-07-13T04:56:31Z,2026-07-13T06:56:31+0200,46fca521-fea0-4798-9f2d-95ad89ae35bc,2026-06-23T11:30:00Z,2026-06-23T13:30:00+0200,19877.8,MW,FR,FR,actual_solar_generation,Solar,2026-07-13T04:57:06Z
2026-07-13T04:56:31Z,2026-07-13T06:56:31+0200,46fca521-fea0-4798-9f2d-95ad89ae35bc,2026-06-23T11:45:00Z,2026-06-23T13:45:00+0200,19779.22,MW,FR,FR,actual_solar_generation,Solar,2026-07-13T04:57:06Z
2026-07-13T04:56:31Z,2026-07-13T06:56:31+0200,46fca521-fea0-4798-9f2d-95ad89ae35bc,2026-06-23T12:00:00Z,2026-06-23T14:00:00+0200,19775.09,MW,FR,FR,actual_solar_generation,Solar,2026-07-13T04:57:06Z
2026-07-13T04:56:31Z,2026-07-13T06:56:31+0200,46fca521-fea0-4798-9f2d-95ad89ae35bc,2026-06-23T12:15:00Z,2026-06-23T14:15:00+0200,19574.28,MW,FR,FR,actual_solar_generation,Solar,2026-07-13T04:57:06Z
2026-07-13T04:56:31Z,2026-07-13T06:56:31+0200,46fca521-fea0-4798-9f2d-95ad89ae35bc,2026-06-23T12:30:00Z,2026-06-23T14:30:00+0200,19525.79,MW,FR,FR,actual_solar_generation,Solar,2026-07-13T04:57:06Z
2026-07-13T04:56:31Z,2026-07-13T06:56:31+0200,46fca521-fea0-4798-9f2d-95ad89ae35bc,2026-06-23T12:45:00Z,2026-06-23T14:45:00+0200,19310.66,MW,FR,FR,actual_solar_generation,Solar,2026-07-13T04:57:06Z
2026-07-13T04:56:31Z,2026-07-13T06:56:31+0200,46fca521-fea0-4798-9f2d-95ad89ae35bc,2026-06-23T13:00:00Z,2026-06-23T15:00:00+0200,18993.03,MW,FR,FR,actual_solar_generation,Solar,2026-07-13T04:57:06Z
2026-07-13T04:56:31Z,2026-07-13T06:56:31+0200,46fca521-fea0-4798-9f2d-95ad89ae35bc,2026-06-23T13:15:00Z,2026-06-23T15:15:00+0200,18727.1,MW,FR,FR,actual_solar_generation,Solar,2026-07-13T04:57:06Z
2026-07-13T04:56:31Z,2026-07-13T06:56:31+0200,46fca521-fea0-4798-9f2d-95ad89ae35bc,2026-06-23T13:30:00Z,2026-06-23T15:30:00+0200,18299.55,MW,FR,FR,actual_solar_generation,Solar,2026-07-13T04:57:06Z
2026-07-13T04:56:31Z,2026-07-13T06:56:31+0200,46fca521-fea0-4798-9f2d-95ad89ae35bc,2026-06-23T13:45:00Z,2026-06-23T15:45:00+0200,17859.63,MW,FR,FR,actual_solar_generation,Solar,2026-07-13T04:57:06Z
2026-07-13T04:56:31Z,2026-07-13T06:56:31+0200,46fca521-fea0-4798-9f2d-95ad89ae35bc,2026-06-23T14:00:00Z,2026-06-23T16:00:00+0200,17318.43,MW,FR,FR,actual_solar_generation,Solar,2026-07-13T04:57:06Z
2026-07-13T04:56:31Z,2026-07-13T06:56:31+0200,46fca521-fea0-4798-9f2d-95ad89ae35bc,2026-06-23T14:15:00Z,2026-06-23T16:15:00+0200,16743.02,MW,FR,FR,actual_solar_generation,Solar,2026-07-13T04:57:06Z
2026-07-13T04:56:31Z,2026-07-13T06:56:31+0200,46fca521-fea0-4798-9f2d-95ad89ae35bc,2026-06-23T14:30:00Z,2026-06-23T16:30:00+0200,16021.64,MW,FR,FR,actual_solar_generation,Solar,2026-07-13T04:57:06Z
2026-07-13T04:56:31Z,2026-07-13T06:56:31+0200,46fca521-fea0-4798-9f2d-95ad89ae35bc,2026-06-23T14:45:00Z,2026-06-23T16:45:00+0200,15267.82,MW,FR,FR,actual_solar_generation,Solar,2026-07-13T04:57:06Z
2026-07-13T04:56:31Z,2026-07-13T06:56:31+0200,46fca521-fea0-4798-9f2d-95ad89ae35bc,2026-06-23T15:00:00Z,2026-06-23T17:00:00+0200,14576.8,MW,FR,FR,actual_solar_generation,Solar,2026-07-13T04:57:06Z
2026-07-13T04:56:31Z,2026-07-13T06:56:31+0200,46fca521-fea0-4798-9f2d-95ad89ae35bc,2026-06-23T15:15:00Z,2026-06-23T17:15:00+0200,13762.96,MW,FR,FR,actual_solar_generation,Solar,2026-07-13T04:57:06Z
2026-07-13T04:56:31Z,2026-07-13T06:56:31+0200,46fca521-fea0-4798-9f2d-95ad89ae35bc,2026-06-23T15:30:00Z,2026-06-23T17:30:00+0200,12847.73,MW,FR,FR,actual_solar_generation,Solar,2026-07-13T04:57:06Z
2026-07-13T04:56:31Z,2026-07-13T06:56:31+0200,46fca521-fea0-4798-9f2d-95ad89ae35bc,2026-06-23T15:45:00Z,2026-06-23T17:45:00+0200,11942.4,MW,FR,FR,actual_solar_generation,Solar,2026-07-13T04:57:06Z
2026-07-13T04:56:31Z,2026-07-13T06:56:31+0200,46fca521-fea0-4798-9f2d-95ad89ae35bc,2026-06-23T16:00:00Z,2026-06-23T18:00:00+0200,10966.54,MW,FR,FR,actual_solar_generation,Solar,2026-07-13T04:57:06Z
2026-07-13T04:56:31Z,2026-07-13T06:56:31+0200,46fca521-fea0-4798-9f2d-95ad89ae35bc,2026-06-23T16:15:00Z,2026-06-23T18:15:00+0200,10048.43,MW,FR,FR,actual_solar_generation,Solar,2026-07-13T04:57:06Z
2026-07-13T04:56:31Z,2026-07-13T06:56:31+0200,46fca521-fea0-4798-9f2d-95ad89ae35bc,2026-06-23T16:30:00Z,2026-06-23T18:30:00+0200,9057.51,MW,FR,FR,actual_solar_generation,Solar,2026-07-13T04:57:06Z
2026-07-13T04:56:31Z,2026-07-13T06:56:31+0200,46fca521-fea0-4798-9f2d-95ad89ae35bc,2026-06-23T16:45:00Z,2026-06-23T18:45:00+0200,8029.47,MW,FR,FR,actual_solar_generation,Solar,2026-07-13T04:57:06Z
2026-07-13T04:56:31Z,2026-07-13T06:56:31+0200,46fca521-fea0-4798-9f2d-95ad89ae35bc,2026-06-23T17:00:00Z,2026-06-23T19:00:00+0200,6985.37,MW,FR,FR,actual_solar_generation,Solar,2026-07-13T04:57:06Z
2026-07-13T04:56:31Z,2026-07-13T06:56:31+0200,46fca521-fea0-4798-9f2d-95ad89ae35bc,2026-06-23T17:15:00Z,2026-06-23T19:15:00+0200,5893.13,MW,FR,FR,actual_solar_generation,Solar,2026-07-13T04:57:06Z
2026-07-13T04:56:31Z,2026-07-13T06:56:31+0200,46fca521-fea0-4798-9f2d-95ad89ae35bc,2026-06-23T17:30:00Z,2026-06-23T19:30:00+0200,4838.7,MW,FR,FR,actual_solar_generation,Solar,2026-07-13T04:57:06Z
2026-07-13T04:56:31Z,2026-07-13T06:56:31+0200,46fca521-fea0-4798-9f2d-95ad89ae35bc,2026-06-23T17:45:00Z,2026-06-23T19:45:00+0200,3890.33,MW,FR,FR,actual_solar_generation,Solar,2026-07-13T04:57:06Z
2026-07-13T04:56:31Z,2026-07-13T06:56:31+0200,46fca521-fea0-4798-9f2d-95ad89ae35bc,2026-06-23T18:00:00Z,2026-06-23T20:00:00+0200,3009.52,MW,FR,FR,actual_solar_generation,Solar,2026-07-13T04:57:06Z
2026-07-13T04:56:31Z,2026-07-13T06:56:31+0200,46fca521-fea0-4798-9f2d-95ad89ae35bc,2026-06-23T18:15:00Z,2026-06-23T20:15:00+0200,2294.77,MW,FR,FR,actual_solar_generation,Solar,2026-07-13T04:57:06Z
2026-07-13T04:56:31Z,2026-07-13T06:56:31+0200,46fca521-fea0-4798-9f2d-95ad89ae35bc,2026-06-23T18:30:00Z,2026-06-23T20:30:00+0200,1712.13,MW,FR,FR,actual_solar_generation,Solar,2026-07-13T04:57:06Z
2026-07-13T04:56:31Z,2026-07-13T06:56:31+0200,46fca521-fea0-4798-9f2d-95ad89ae35bc,2026-06-23T18:45:00Z,2026-06-23T20:45:00+0200,1247.5,MW,FR,FR,actual_solar_generation,Solar,2026-07-13T04:57:06Z
2026-07-13T04:56:31Z,2026-07-13T06:56:31+0200,46fca521-fea0-4798-9f2d-95ad89ae35bc,2026-06-23T19:00:00Z,2026-06-23T21:00:00+0200,869.38,MW,FR,FR,actual_solar_generation,Solar,2026-07-13T04:57:06Z
2026-07-13T04:56:31Z,2026-07-13T06:56:31+0200,46fca521-fea0-4798-9f2d-95ad89ae35bc,2026-06-23T19:15:00Z,2026-06-23T21:15:00+0200,559.8,MW,FR,FR,actual_solar_generation,Solar,2026-07-13T04:57:06Z
2026-07-13T04:56:31Z,2026-07-13T06:56:31+0200,46fca521-fea0-4798-9f2d-95ad89ae35bc,2026-06-23T19:30:00Z,2026-06-23T21:30:00+0200,358.89,MW,FR,FR,actual_solar_generation,Solar,2026-07-13T04:57:06Z
2026-07-13T04:56:31Z,2026-07-13T06:56:31+0200,46fca521-fea0-4798-9f2d-95ad89ae35bc,2026-06-23T19:45:00Z,2026-06-23T21:45:00+0200,265.01,MW,FR,FR,actual_solar_generation,Solar,2026-07-13T04:57:06Z
2026-07-13T04:56:31Z,2026-07-13T06:56:31+0200,46fca521-fea0-4798-9f2d-95ad89ae35bc,2026-06-23T20:00:00Z,2026-06-23T22:00:00+0200,228.09,MW,FR,FR,actual_solar_generation,Solar,2026-07-13T04:57:06Z
2026-07-13T04:56:31Z,2026-07-13T06:56:31+0200,46fca521-fea0-4798-9f2d-95ad89ae35bc,2026-06-23T20:15:00Z,2026-06-23T22:15:00+0200,216.13,MW,FR,FR,actual_solar_generation,Solar,2026-07-13T04:57:06Z
2026-07-13T04:56:31Z,2026-07-13T06:56:31+0200,46fca521-fea0-4798-9f2d-95ad89ae35bc,2026-06-23T20:30:00Z,2026-06-23T22:30:00+0200,215.17,MW,FR,FR,actual_solar_generation,Solar,2026-07-13T04:57:06Z
2026-07-13T04:56:31Z,2026-07-13T06:56:31+0200,46fca521-fea0-4798-9f2d-95ad89ae35bc,2026-06-23T20:45:00Z,2026-06-23T22:45:00+0200,219.63,MW,FR,FR,actual_solar_generation,Solar,2026-07-13T04:57:06Z
2026-07-13T04:56:31Z,2026-07-13T06:56:31+0200,46fca521-fea0-4798-9f2d-95ad89ae35bc,2026-06-23T21:00:00Z,2026-06-23T23:00:00+0200,217.23,MW,FR,FR,actual_solar_generation,Solar,2026-07-13T04:57:06Z
2026-07-13T04:56:31Z,2026-07-13T06:56:31+0200,46fca521-fea0-4798-9f2d-95ad89ae35bc,2026-06-23T21:15:00Z,2026-06-23T23:15:00+0200,211.76,MW,FR,FR,actual_solar_generation,Solar,2026-07-13T04:57:06Z
2026-07-13T04:56:31Z,2026-07-13T06:56:31+0200,46fca521-fea0-4798-9f2d-95ad89ae35bc,2026-06-23T21:30:00Z,2026-06-23T23:30:00+0200,211.92,MW,FR,FR,actual_solar_generation,Solar,2026-07-13T04:57:06Z
2026-07-13T04:56:31Z,2026-07-13T06:56:31+0200,46fca521-fea0-4798-9f2d-95ad89ae35bc,2026-06-23T21:45:00Z,2026-06-23T23:45:00+0200,213.69,MW,FR,FR,actual_solar_generation,Solar,2026-07-13T04:57:06Z
2026-07-13T04:56:31Z,2026-07-13T06:56:31+0200,46fca521-fea0-4798-9f2d-95ad89ae35bc,2026-06-23T22:00:00Z,2026-06-24T00:00:00+0200,0.0,MW,FR,FR,actual_solar_generation,Solar,2026-07-13T04:57:06Z
2026-07-13T04:56:31Z,2026-07-13T06:56:31+0200,46fca521-fea0-4798-9f2d-95ad89ae35bc,2026-06-23T22:15:00Z,2026-06-24T00:15:00+0200,0.0,MW,FR,FR,actual_solar_generation,Solar,2026-07-13T04:57:06Z
2026-07-13T04:56:31Z,2026-07-13T06:56:31+0200,46fca521-fea0-4798-9f2d-95ad89ae35bc,2026-06-23T22:30:00Z,2026-06-24T00:30:00+0200,0.0,MW,FR,FR,actual_solar_generation,Solar,2026-07-13T04:57:06Z
2026-07-13T04:56:31Z,2026-07-13T06:56:31+0200,46fca521-fea0-4798-9f2d-95ad89ae35bc,2026-06-23T22:45:00Z,2026-06-24T00:45:00+0200,0.0,MW,FR,FR,actual_solar_generation,Solar,2026-07-13T04:57:06Z
2026-07-13T04:56:31Z,2026-07-13T06:56:31+0200,46fca521-fea0-4798-9f2d-95ad89ae35bc,2026-06-23T23:00:00Z,2026-06-24T01:00:00+0200,0.0,MW,FR,FR,actual_solar_generation,Solar,2026-07-13T04:57:06Z
2026-07-13T04:56:31Z,2026-07-13T06:56:31+0200,46fca521-fea0-4798-9f2d-95ad89ae35bc,2026-06-23T23:15:00Z,2026-06-24T01:15:00+0200,0.0,MW,FR,FR,actual_solar_generation,Solar,2026-07-13T04:57:06Z
2026-07-13T04:56:31Z,2026-07-13T06:56:31+0200,46fca521-fea0-4798-9f2d-95ad89ae35bc,2026-06-23T23:30:00Z,2026-06-24T01:30:00+0200,0.0,MW,FR,FR,actual_solar_generation,Solar,2026-07-13T04:57:06Z
2026-07-13T04:56:31Z,2026-07-13T06:56:31+0200,46fca521-fea0-4798-9f2d-95ad89ae35bc,2026-06-23T23:45:00Z,2026-06-24T01:45:00+0200,0.0,MW,FR,FR,actual_solar_generation,Solar,2026-07-13T04:57:06Z
2026-07-13T04:56:31Z,2026-07-13T06:56:31+0200,46fca521-fea0-4798-9f2d-95ad89ae35bc,2026-06-24T00:00:00Z,2026-06-24T02:00:00+0200,0.0,MW,FR,FR,actual_solar_generation,Solar,2026-07-13T04:57:06Z
2026-07-13T04:56:31Z,2026-07-13T06:56:31+0200,46fca521-fea0-4798-9f2d-95ad89ae35bc,2026-06-24T00:15:00Z,2026-06-24T02:15:00+0200,0.0,MW,FR,FR,actual_solar_generation,Solar,2026-07-13T04:57:06Z
2026-07-13T04:56:31Z,2026-07-13T06:56:31+0200,46fca521-fea0-4798-9f2d-95ad89ae35bc,2026-06-24T00:30:00Z,2026-06-24T02:30:00+0200,0.0,MW,FR,FR,actual_solar_generation,Solar,2026-07-13T04:57:06Z
2026-07-13T04:56:31Z,2026-07-13T06:56:31+0200,46fca521-fea0-4798-9f2d-95ad89ae35bc,2026-06-24T00:45:00Z,2026-06-24T02:45:00+0200,0.0,MW,FR,FR,actual_solar_generation,Solar,2026-07-13T04:57:06Z
2026-07-13T04:56:31Z,2026-07-13T06:56:31+0200,46fca521-fea0-4798-9f2d-95ad89ae35bc,2026-06-24T01:00:00Z,2026-06-24T03:00:00+0200,0.0,MW,FR,FR,actual_solar_generation,Solar,2026-07-13T04:57:06Z
2026-07-13T04:56:31Z,2026-07-13T06:56:31+0200,46fca521-fea0-4798-9f2d-95ad89ae35bc,2026-06-24T01:15:00Z,2026-06-24T03:15:00+0200,0.0,MW,FR,FR,actual_solar_generation,Solar,2026-07-13T04:57:06Z
2026-07-13T04:56:31Z,2026-07-13T06:56:31+0200,46fca521-fea0-4798-9f2d-95ad89ae35bc,2026-06-24T01:30:00Z,2026-06-24T03:30:00+0200,0.0,MW,FR,FR,actual_solar_generation,Solar,2026-07-13T04:57:06Z
2026-07-13T04:56:31Z,2026-07-13T06:56:31+0200,46fca521-fea0-4798-9f2d-95ad89ae35bc,2026-06-24T01:45:00Z,2026-06-24T03:45:00+0200,0.0,MW,FR,FR,actual_solar_generation,Solar,2026-07-13T04:57:06Z
2026-07-13T04:56:31Z,2026-07-13T06:56:31+0200,46fca521-fea0-4798-9f2d-95ad89ae35bc,2026-06-24T02:00:00Z,2026-06-24T04:00:00+0200,0.0,MW,FR,FR,actual_solar_generation,Solar,2026-07-13T04:57:06Z
2026-07-13T04:56:31Z,2026-07-13T06:56:31+0200,46fca521-fea0-4798-9f2d-95ad89ae35bc,2026-06-24T02:15:00Z,2026-06-24T04:15:00+0200,0.0,MW,FR,FR,actual_solar_generation,Solar,2026-07-13T04:57:06Z
2026-07-13T04:56:31Z,2026-07-13T06:56:31+0200,46fca521-fea0-4798-9f2d-95ad89ae35bc,2026-06-24T02:30:00Z,2026-06-24T04:30:00+0200,0.0,MW,FR,FR,actual_solar_generation,Solar,2026-07-13T04:57:06Z
2026-07-13T04:56:31Z,2026-07-13T06:56:31+0200,46fca521-fea0-4798-9f2d-95ad89ae35bc,2026-06-24T02:45:00Z,2026-06-24T04:45:00+0200,0.0,MW,FR,FR,actual_solar_generation,Solar,2026-07-13T04:57:06Z
2026-07-13T04:56:31Z,2026-07-13T06:56:31+0200,46fca521-fea0-4798-9f2d-95ad89ae35bc,2026-06-24T03:00:00Z,2026-06-24T05:00:00+0200,0.0,MW,FR,FR,actual_solar_generation,Solar,2026-07-13T04:57:06Z
2026-07-13T04:56:31Z,2026-07-13T06:56:31+0200,46fca521-fea0-4798-9f2d-95ad89ae35bc,2026-06-24T03:15:00Z,2026-06-24T05:15:00+0200,0.0,MW,FR,FR,actual_solar_generation,Solar,2026-07-13T04:57:06Z
2026-07-13T04:56:31Z,2026-07-13T06:56:31+0200,46fca521-fea0-4798-9f2d-95ad89ae35bc,2026-06-24T03:30:00Z,2026-06-24T05:30:00+0200,0.0,MW,FR,FR,actual_solar_generation,Solar,2026-07-13T04:57:06Z
2026-07-13T04:56:31Z,2026-07-13T06:56:31+0200,46fca521-fea0-4798-9f2d-95ad89ae35bc,2026-06-24T03:45:00Z,2026-06-24T05:45:00+0200,0.0,MW,FR,FR,actual_solar_generation,Solar,2026-07-13T04:57:06Z
2026-07-13T04:56:31Z,2026-07-13T06:56:31+0200,46fca521-fea0-4798-9f2d-95ad89ae35bc,2026-06-24T04:00:00Z,2026-06-24T06:00:00+0200,305.32,MW,FR,FR,actual_solar_generation,Solar,2026-07-13T04:57:06Z
2026-07-13T04:56:31Z,2026-07-13T06:56:31+0200,46fca521-fea0-4798-9f2d-95ad89ae35bc,2026-06-24T04:15:00Z,2026-06-24T06:15:00+0200,398.16,MW,FR,FR,actual_solar_generation,Solar,2026-07-13T04:57:06Z
2026-07-13T04:56:31Z,2026-07-13T06:56:31+0200,46fca521-fea0-4798-9f2d-95ad89ae35bc,2026-06-24T04:30:00Z,2026-06-24T06:30:00+0200,575.88,MW,FR,FR,actual_solar_generation,Solar,2026-07-13T04:57:06Z
2026-07-13T04:56:31Z,2026-07-13T06:56:31+0200,46fca521-fea0-4798-9f2d-95ad89ae35bc,2026-06-24T04:45:00Z,2026-06-24T06:45:00+0200,881.97,MW,FR,FR,actual_solar_generation,Solar,2026-07-13T04:57:06Z
2026-07-13T04:56:31Z,2026-07-13T06:56:31+0200,46fca521-fea0-4798-9f2d-95ad89ae35bc,2026-06-24T05:00:00Z,2026-06-24T07:00:00+0200,1297.27,MW,FR,FR,actual_solar_generation,Solar,2026-07-13T04:57:06Z
2026-07-13T04:56:31Z,2026-07-13T06:56:31+0200,46fca521-fea0-4798-9f2d-95ad89ae35bc,2026-06-24T05:15:00Z,2026-06-24T07:15:00+0200,1811.82,MW,FR,FR,actual_solar_generation,Solar,2026-07-13T04:57:06Z
2026-07-13T04:56:31Z,2026-07-13T06:56:31+0200,46fca521-fea0-4798-9f2d-95ad89ae35bc,2026-06-24T05:30:00Z,2026-06-24T07:30:00+0200,2484.58,MW,FR,FR,actual_solar_generation,Solar,2026-07-13T04:57:06Z
2026-07-13T04:56:31Z,2026-07-13T06:56:31+0200,46fca521-fea0-4798-9f2d-95ad89ae35bc,2026-06-24T05:45:00Z,2026-06-24T07:45:00+0200,3300.44,MW,FR,FR,actual_solar_generation,Solar,2026-07-13T04:57:06Z
2026-07-13T04:56:31Z,2026-07-13T06:56:31+0200,46fca521-fea0-4798-9f2d-95ad89ae35bc,2026-06-24T06:00:00Z,2026-06-24T08:00:00+0200,4128.59,MW,FR,FR,actual_solar_generation,Solar,2026-07-13T04:57:06Z
2026-07-13T04:56:31Z,2026-07-13T06:56:31+0200,46fca521-fea0-4798-9f2d-95ad89ae35bc,2026-06-24T06:15:00Z,2026-06-24T08:15:00+0200,5219.78,MW,FR,FR,actual_solar_generation,Solar,2026-07-13T04:57:06Z
2026-07-13T04:56:31Z,2026-07-13T06:56:31+0200,46fca521-fea0-4798-9f2d-95ad89ae35bc,2026-06-24T06:30:00Z,2026-06-24T08:30:00+0200,6402.45,MW,FR,FR,actual_solar_generation,Solar,2026-07-13T04:57:06Z
2026-07-13T04:56:31Z,2026-07-13T06:56:31+0200,46fca521-fea0-4798-9f2d-95ad89ae35bc,2026-06-24T06:45:00Z,2026-06-24T08:45:00+0200,7659.02,MW,FR,FR,actual_solar_generation,Solar,2026-07-13T04:57:06Z
2026-07-13T04:56:31Z,2026-07-13T06:56:31+0200,46fca521-fea0-4798-9f2d-95ad89ae35bc,2026-06-24T07:00:00Z,2026-06-24T09:00:00+0200,8894.01,MW,FR,FR,actual_solar_generation,Solar,2026-07-13T04:57:06Z
2026-07-13T04:56:31Z,2026-07-13T06:56:31+0200,46fca521-fea0-4798-9f2d-95ad89ae35bc,2026-06-24T07:15:00Z,2026-06-24T09:15:00+0200,10143.43,MW,FR,FR,actual_solar_generation,Solar,2026-07-13T04:57:06Z
2026-07-13T04:56:31Z,2026-07-13T06:56:31+0200,46fca521-fea0-4798-9f2d-95ad89ae35bc,2026-06-24T07:30:00Z,2026-06-24T09:30:00+0200,11294.37,MW,FR,FR,actual_solar_generation,Solar,2026-07-13T04:57:06Z
2026-07-13T04:56:31Z,2026-07-13T06:56:31+0200,46fca521-fea0-4798-9f2d-95ad89ae35bc,2026-06-24T07:45:00Z,2026-06-24T09:45:00+0200,12391.98,MW,FR,FR,actual_solar_generation,Solar,2026-07-13T04:57:06Z
2026-07-13T04:56:31Z,2026-07-13T06:56:31+0200,46fca521-fea0-4798-9f2d-95ad89ae35bc,2026-06-24T08:00:00Z,2026-06-24T10:00:00+0200,13417.2,MW,FR,FR,actual_solar_generation,Solar,2026-07-13T04:57:06Z
2026-07-13T04:56:31Z,2026-07-13T06:56:31+0200,46fca521-fea0-4798-9f2d-95ad89ae35bc,2026-06-24T08:15:00Z,2026-06-24T10:15:00+0200,14425.39,MW,FR,FR,actual_solar_generation,Solar,2026-07-13T04:57:06Z
2026-07-13T04:56:31Z,2026-07-13T06:56:31+0200,46fca521-fea0-4798-9f2d-95ad89ae35bc,2026-06-24T08:30:00Z,2026-06-24T10:30:00+0200,15287.15,MW,FR,FR,actual_solar_generation,Solar,2026-07-13T04:57:06Z
2026-07-13T04:56:31Z,2026-07-13T06:56:31+0200,46fca521-fea0-4798-9f2d-95ad89ae35bc,2026-06-24T08:45:00Z,2026-06-24T10:45:00+0200,16090.0,MW,FR,FR,actual_solar_generation,Solar,2026-07-13T04:57:06Z
2026-07-13T04:56:31Z,2026-07-13T06:56:31+0200,46fca521-fea0-4798-9f2d-95ad89ae35bc,2026-06-24T09:00:00Z,2026-06-24T11:00:00+0200,16774.96,MW,FR,FR,actual_solar_generation,Solar,2026-07-13T04:57:06Z
2026-07-13T04:56:31Z,2026-07-13T06:56:31+0200,46fca521-fea0-4798-9f2d-95ad89ae35bc,2026-06-24T09:15:00Z,2026-06-24T11:15:00+0200,17401.61,MW,FR,FR,actual_solar_generation,Solar,2026-07-13T04:57:06Z
2026-07-13T04:56:31Z,2026-07-13T06:56:31+0200,46fca521-fea0-4798-9f2d-95ad89ae35bc,2026-06-24T09:30:00Z,2026-06-24T11:30:00+0200,18000.18,MW,FR,FR,actual_solar_generation,Solar,2026-07-13T04:57:06Z
2026-07-13T04:56:31Z,2026-07-13T06:56:31+0200,46fca521-fea0-4798-9f2d-95ad89ae35bc,2026-06-24T09:45:00Z,2026-06-24T11:45:00+0200,18461.28,MW,FR,FR,actual_solar_generation,Solar,2026-07-13T04:57:06Z
2026-07-13T04:56:31Z,2026-07-13T06:56:31+0200,46fca521-fea0-4798-9f2d-95ad89ae35bc,2026-06-24T10:00:00Z,2026-06-24T12:00:00+0200,18833.03,MW,FR,FR,actual_solar_generation,Solar,2026-07-13T04:57:06Z
2026-07-13T04:56:31Z,2026-07-13T06:56:31+0200,46fca521-fea0-4798-9f2d-95ad89ae35bc,2026-06-24T10:15:00Z,2026-06-24T12:15:00+0200,19152.67,MW,FR,FR,actual_solar_generation,Solar,2026-07-13T04:57:06Z
2026-07-13T04:56:31Z,2026-07-13T06:56:31+0200,46fca521-fea0-4798-9f2d-95ad89ae35bc,2026-06-24T10:30:00Z,2026-06-24T12:30:00+0200,19424.46,MW,FR,FR,actual_solar_generation,Solar,2026-07-13T04:57:06Z
2026-07-13T04:56:31Z,2026-07-13T06:56:31+0200,46fca521-fea0-4798-9f2d-95ad89ae35bc,2026-06-24T10:45:00Z,2026-06-24T12:45:00+0200,19670.01,MW,FR,FR,actual_solar_generation,Solar,2026-07-13T04:57:06Z
2026-07-13T04:56:31Z,2026-07-13T06:56:31+0200,46fca521-fea0-4798-9f2d-95ad89ae35bc,2026-06-24T11:00:00Z,2026-06-24T13:00:00+0200,19831.79,MW,FR,FR,actual_solar_generation,Solar,2026-07-13T04:57:06Z
2026-07-13T04:56:31Z,2026-07-13T06:56:31+0200,46fca521-fea0-4798-9f2d-95ad89ae35bc,2026-06-24T11:15:00Z,2026-06-24T13:15:00+0200,19941.69,MW,FR,FR,actual_solar_generation,Solar,2026-07-13T04:57:06Z
2026-07-13T04:56:31Z,2026-07-13T06:56:31+0200,46fca521-fea0-4798-9f2d-95ad89ae35bc,2026-06-24T11:30:00Z,2026-06-24T13:30:00+0200,19956.98,MW,FR,FR,actual_solar_generation,Solar,2026-07-13T04:57:06Z
2026-07-13T04:56:31Z,2026-07-13T06:56:31+0200,46fca521-fea0-4798-9f2d-95ad89ae35bc,2026-06-24T11:45:00Z,2026-06-24T13:45:00+0200,19968.04,MW,FR,FR,actual_solar_generation,Solar,2026-07-13T04:57:06Z
2026-07-13T04:56:31Z,2026-07-13T06:56:31+0200,46fca521-fea0-4798-9f2d-95ad89ae35bc,2026-06-24T12:00:00Z,2026-06-24T14:00:00+0200,19940.79,MW,FR,FR,actual_solar_generation,Solar,2026-07-13T04:57:06Z
2026-07-13T04:56:31Z,2026-07-13T06:56:31+0200,46fca521-fea0-4798-9f2d-95ad89ae35bc,2026-06-24T12:15:00Z,2026-06-24T14:15:00+0200,19888.76,MW,FR,FR,actual_solar_generation,Solar,2026-07-13T04:57:06Z
2026-07-13T04:56:31Z,2026-07-13T06:56:31+0200,46fca521-fea0-4798-9f2d-95ad89ae35bc,2026-06-24T12:30:00Z,2026-06-24T14:30:00+0200,19527.58,MW,FR,FR,actual_solar_generation,Solar,2026-07-13T04:57:06Z
2026-07-13T04:56:31Z,2026-07-13T06:56:31+0200,46fca521-fea0-4798-9f2d-95ad89ae35bc,2026-06-24T12:45:00Z,2026-06-24T14:45:00+0200,19257.23,MW,FR,FR,actual_solar_generation,Solar,2026-07-13T04:57:06Z
2026-07-13T04:56:31Z,2026-07-13T06:56:31+0200,46fca521-fea0-4798-9f2d-95ad89ae35bc,2026-06-24T13:00:00Z,2026-06-24T15:00:00+0200,18781.96,MW,FR,FR,actual_solar_generation,Solar,2026-07-13T04:57:06Z
2026-07-13T04:56:31Z,2026-07-13T06:56:31+0200,46fca521-fea0-4798-9f2d-95ad89ae35bc,2026-06-24T13:15:00Z,2026-06-24T15:15:00+0200,18347.71,MW,FR,FR,actual_solar_generation,Solar,2026-07-13T04:57:06Z
2026-07-13T04:56:31Z,2026-07-13T06:56:31+0200,46fca521-fea0-4798-9f2d-95ad89ae35bc,2026-06-24T13:30:00Z,2026-06-24T15:30:00+0200,17853.52,MW,FR,FR,actual_solar_generation,Solar,2026-07-13T04:57:06Z
2026-07-13T04:56:31Z,2026-07-13T06:56:31+0200,46fca521-fea0-4798-9f2d-95ad89ae35bc,2026-06-24T13:45:00Z,2026-06-24T15:45:00+0200,17256.27,MW,FR,FR,actual_solar_generation,Solar,2026-07-13T04:57:06Z
2026-07-13T04:56:31Z,2026-07-13T06:56:31+0200,46fca521-fea0-4798-9f2d-95ad89ae35bc,2026-06-24T14:00:00Z,2026-06-24T16:00:00+0200,16735.96,MW,FR,FR,actual_solar_generation,Solar,2026-07-13T04:57:06Z
2026-07-13T04:56:31Z,2026-07-13T06:56:31+0200,46fca521-fea0-4798-9f2d-95ad89ae35bc,2026-06-24T14:15:00Z,2026-06-24T16:15:00+0200,16104.52,MW,FR,FR,actual_solar_generation,Solar,2026-07-13T04:57:06Z
2026-07-13T04:56:31Z,2026-07-13T06:56:31+0200,46fca521-fea0-4798-9f2d-95ad89ae35bc,2026-06-24T14:30:00Z,2026-06-24T16:30:00+0200,15455.68,MW,FR,FR,actual_solar_generation,Solar,2026-07-13T04:57:06Z
2026-07-13T04:56:31Z,2026-07-13T06:56:31+0200,46fca521-fea0-4798-9f2d-95ad89ae35bc,2026-06-24T14:45:00Z,2026-06-24T16:45:00+0200,14875.17,MW,FR,FR,actual_solar_generation,Solar,2026-07-13T04:57:06Z
2026-07-13T04:56:31Z,2026-07-13T06:56:31+0200,46fca521-fea0-4798-9f2d-95ad89ae35bc,2026-06-24T15:00:00Z,2026-06-24T17:00:00+0200,14069.95,MW,FR,FR,actual_solar_generation,Solar,2026-07-13T04:57:06Z
2026-07-13T04:56:31Z,2026-07-13T06:56:31+0200,46fca521-fea0-4798-9f2d-95ad89ae35bc,2026-06-24T15:15:00Z,2026-06-24T17:15:00+0200,13286.44,MW,FR,FR,actual_solar_generation,Solar,2026-07-13T04:57:06Z
2026-07-13T04:56:31Z,2026-07-13T06:56:31+0200,46fca521-fea0-4798-9f2d-95ad89ae35bc,2026-06-24T15:30:00Z,2026-06-24T17:30:00+0200,12445.48,MW,FR,FR,actual_solar_generation,Solar,2026-07-13T04:57:06Z
2026-07-13T04:56:31Z,2026-07-13T06:56:31+0200,46fca521-fea0-4798-9f2d-95ad89ae35bc,2026-06-24T15:45:00Z,2026-06-24T17:45:00+0200,11457.35,MW,FR,FR,actual_solar_generation,Solar,2026-07-13T04:57:06Z
2026-07-13T04:56:31Z,2026-07-13T06:56:31+0200,46fca521-fea0-4798-9f2d-95ad89ae35bc,2026-06-24T16:00:00Z,2026-06-24T18:00:00+0200,10465.9,MW,FR,FR,actual_solar_generation,Solar,2026-07-13T04:57:06Z
2026-07-13T04:56:31Z,2026-07-13T06:56:31+0200,46fca521-fea0-4798-9f2d-95ad89ae35bc,2026-06-24T16:15:00Z,2026-06-24T18:15:00+0200,9480.61,MW,FR,FR,actual_solar_generation,Solar,2026-07-13T04:57:06Z
2026-07-13T04:56:31Z,2026-07-13T06:56:31+0200,46fca521-fea0-4798-9f2d-95ad89ae35bc,2026-06-24T16:30:00Z,2026-06-24T18:30:00+0200,8452.44,MW,FR,FR,actual_solar_generation,Solar,2026-07-13T04:57:06Z
2026-07-13T04:56:31Z,2026-07-13T06:56:31+0200,46fca521-fea0-4798-9f2d-95ad89ae35bc,2026-06-24T16:45:00Z,2026-06-24T18:45:00+0200,7412.11,MW,FR,FR,actual_solar_generation,Solar,2026-07-13T04:57:06Z
2026-07-13T04:56:31Z,2026-07-13T06:56:31+0200,46fca521-fea0-4798-9f2d-95ad89ae35bc,2026-06-24T17:00:00Z,2026-06-24T19:00:00+0200,6417.14,MW,FR,FR,actual_solar_generation,Solar,2026-07-13T04:57:06Z
2026-07-13T04:56:31Z,2026-07-13T06:56:31+0200,46fca521-fea0-4798-9f2d-95ad89ae35bc,2026-06-24T17:15:00Z,2026-06-24T19:15:00+0200,5442.0,MW,FR,FR,actual_solar_generation,Solar,2026-07-13T04:57:06Z
2026-07-13T04:56:31Z,2026-07-13T06:56:31+0200,46fca521-fea0-4798-9f2d-95ad89ae35bc,2026-06-24T17:30:00Z,2026-06-24T19:30:00+0200,4450.35,MW,FR,FR,actual_solar_generation,Solar,2026-07-13T04:57:06Z
2026-07-13T04:56:31Z,2026-07-13T06:56:31+0200,46fca521-fea0-4798-9f2d-95ad89ae35bc,2026-06-24T17:45:00Z,2026-06-24T19:45:00+0200,3597.32,MW,FR,FR,actual_solar_generation,Solar,2026-07-13T04:57:06Z
2026-07-13T04:56:31Z,2026-07-13T06:56:31+0200,46fca521-fea0-4798-9f2d-95ad89ae35bc,2026-06-24T18:00:00Z,2026-06-24T20:00:00+0200,2808.6,MW,FR,FR,actual_solar_generation,Solar,2026-07-13T04:57:06Z
2026-07-13T04:56:31Z,2026-07-13T06:56:31+0200,46fca521-fea0-4798-9f2d-95ad89ae35bc,2026-06-24T18:15:00Z,2026-06-24T20:15:00+0200,2168.61,MW,FR,FR,actual_solar_generation,Solar,2026-07-13T04:57:06Z
2026-07-13T04:56:31Z,2026-07-13T06:56:31+0200,46fca521-fea0-4798-9f2d-95ad89ae35bc,2026-06-24T18:30:00Z,2026-06-24T20:30:00+0200,1634.4,MW,FR,FR,actual_solar_generation,Solar,2026-07-13T04:57:06Z
2026-07-13T04:56:31Z,2026-07-13T06:56:31+0200,46fca521-fea0-4798-9f2d-95ad89ae35bc,2026-06-24T18:45:00Z,2026-06-24T20:45:00+0200,1203.18,MW,FR,FR,actual_solar_generation,Solar,2026-07-13T04:57:06Z
2026-07-13T04:56:31Z,2026-07-13T06:56:31+0200,46fca521-fea0-4798-9f2d-95ad89ae35bc,2026-06-24T19:00:00Z,2026-06-24T21:00:00+0200,847.75,MW,FR,FR,actual_solar_generation,Solar,2026-07-13T04:57:06Z
2026-07-13T04:56:31Z,2026-07-13T06:56:31+0200,46fca521-fea0-4798-9f2d-95ad89ae35bc,2026-06-24T19:15:00Z,2026-06-24T21:15:00+0200,574.84,MW,FR,FR,actual_solar_generation,Solar,2026-07-13T04:57:06Z
2026-07-13T04:56:31Z,2026-07-13T06:56:31+0200,46fca521-fea0-4798-9f2d-95ad89ae35bc,2026-06-24T19:30:00Z,2026-06-24T21:30:00+0200,399.32,MW,FR,FR,actual_solar_generation,Solar,2026-07-13T04:57:06Z
2026-07-13T04:56:31Z,2026-07-13T06:56:31+0200,46fca521-fea0-4798-9f2d-95ad89ae35bc,2026-06-24T19:45:00Z,2026-06-24T21:45:00+0200,303.33,MW,FR,FR,actual_solar_generation,Solar,2026-07-13T04:57:06Z
2026-07-13T04:56:31Z,2026-07-13T06:56:31+0200,46fca521-fea0-4798-9f2d-95ad89ae35bc,2026-06-24T20:00:00Z,2026-06-24T22:00:00+0200,255.28,MW,FR,FR,actual_solar_generation,Solar,2026-07-13T04:57:06Z
2026-07-13T04:56:31Z,2026-07-13T06:56:31+0200,46fca521-fea0-4798-9f2d-95ad89ae35bc,2026-06-24T20:15:00Z,2026-06-24T22:15:00+0200,260.37,MW,FR,FR,actual_solar_generation,Solar,2026-07-13T04:57:06Z
2026-07-13T04:56:31Z,2026-07-13T06:56:31+0200,46fca521-fea0-4798-9f2d-95ad89ae35bc,2026-06-24T20:30:00Z,2026-06-24T22:30:00+0200,242.26,MW,FR,FR,actual_solar_generation,Solar,2026-07-13T04:57:06Z
2026-07-13T04:56:31Z,2026-07-13T06:56:31+0200,46fca521-fea0-4798-9f2d-95ad89ae35bc,2026-06-24T20:45:00Z,2026-06-24T22:45:00+0200,224.97,MW,FR,FR,actual_solar_generation,Solar,2026-07-13T04:57:06Z
2026-07-13T04:56:31Z,2026-07-13T06:56:31+0200,46fca521-fea0-4798-9f2d-95ad89ae35bc,2026-06-24T21:00:00Z,2026-06-24T23:00:00+0200,225.96,MW,FR,FR,actual_solar_generation,Solar,2026-07-13T04:57:06Z
2026-07-13T04:56:31Z,2026-07-13T06:56:31+0200,46fca521-fea0-4798-9f2d-95ad89ae35bc,2026-06-24T21:15:00Z,2026-06-24T23:15:00+0200,227.62,MW,FR,FR,actual_solar_generation,Solar,2026-07-13T04:57:06Z
2026-07-13T04:56:31Z,2026-07-13T06:56:31+0200,46fca521-fea0-4798-9f2d-95ad89ae35bc,2026-06-24T21:30:00Z,2026-06-24T23:30:00+0200,219.28,MW,FR,FR,actual_solar_generation,Solar,2026-07-13T04:57:06Z
2026-07-13T04:56:31Z,2026-07-13T06:56:31+0200,46fca521-fea0-4798-9f2d-95ad89ae35bc,2026-06-24T21:45:00Z,2026-06-24T23:45:00+0200,215.25,MW,FR,FR,actual_solar_generation,Solar,2026-07-13T04:57:06Z
2026-07-13T04:56:31Z,2026-07-13T06:56:31+0200,46fca521-fea0-4798-9f2d-95ad89ae35bc,2026-06-24T22:00:00Z,2026-06-25T00:00:00+0200,0.0,MW,FR,FR,actual_solar_generation,Solar,2026-07-13T04:57:06Z
2026-07-13T04:56:31Z,2026-07-13T06:56:31+0200,46fca521-fea0-4798-9f2d-95ad89ae35bc,2026-06-24T22:15:00Z,2026-06-25T00:15:00+0200,0.0,MW,FR,FR,actual_solar_generation,Solar,2026-07-13T04:57:06Z
2026-07-13T04:56:31Z,2026-07-13T06:56:31+0200,46fca521-fea0-4798-9f2d-95ad89ae35bc,2026-06-24T22:30:00Z,2026-06-25T00:30:00+0200,0.0,MW,FR,FR,actual_solar_generation,Solar,2026-07-13T04:57:06Z
2026-07-13T04:56:31Z,2026-07-13T06:56:31+0200,46fca521-fea0-4798-9f2d-95ad89ae35bc,2026-06-24T22:45:00Z,2026-06-25T00:45:00+0200,0.0,MW,FR,FR,actual_solar_generation,Solar,2026-07-13T04:57:06Z
2026-07-13T04:56:31Z,2026-07-13T06:56:31+0200,46fca521-fea0-4798-9f2d-95ad89ae35bc,2026-06-24T23:00:00Z,2026-06-25T01:00:00+0200,0.0,MW,FR,FR,actual_solar_generation,Solar,2026-07-13T04:57:06Z
2026-07-13T04:56:31Z,2026-07-13T06:56:31+0200,46fca521-fea0-4798-9f2d-95ad89ae35bc,2026-06-24T23:15:00Z,2026-06-25T01:15:00+0200,0.0,MW,FR,FR,actual_solar_generation,Solar,2026-07-13T04:57:06Z
2026-07-13T04:56:31Z,2026-07-13T06:56:31+0200,46fca521-fea0-4798-9f2d-95ad89ae35bc,2026-06-24T23:30:00Z,2026-06-25T01:30:00+0200,0.0,MW,FR,FR,actual_solar_generation,Solar,2026-07-13T04:57:06Z
2026-07-13T04:56:31Z,2026-07-13T06:56:31+0200,46fca521-fea0-4798-9f2d-95ad89ae35bc,2026-06-24T23:45:00Z,2026-06-25T01:45:00+0200,0.0,MW,FR,FR,actual_solar_generation,Solar,2026-07-13T04:57:06Z
2026-07-13T04:56:31Z,2026-07-13T06:56:31+0200,46fca521-fea0-4798-9f2d-95ad89ae35bc,2026-06-25T00:00:00Z,2026-06-25T02:00:00+0200,0.0,MW,FR,FR,actual_solar_generation,Solar,2026-07-13T04:57:06Z
2026-07-13T04:56:31Z,2026-07-13T06:56:31+0200,46fca521-fea0-4798-9f2d-95ad89ae35bc,2026-06-25T00:15:00Z,2026-06-25T02:15:00+0200,0.0,MW,FR,FR,actual_solar_generation,Solar,2026-07-13T04:57:06Z
2026-07-13T04:56:31Z,2026-07-13T06:56:31+0200,46fca521-fea0-4798-9f2d-95ad89ae35bc,2026-06-25T00:30:00Z,2026-06-25T02:30:00+0200,0.0,MW,FR,FR,actual_solar_generation,Solar,2026-07-13T04:57:06Z
2026-07-13T04:56:31Z,2026-07-13T06:56:31+0200,46fca521-fea0-4798-9f2d-95ad89ae35bc,2026-06-25T00:45:00Z,2026-06-25T02:45:00+0200,0.0,MW,FR,FR,actual_solar_generation,Solar,2026-07-13T04:57:06Z
2026-07-13T04:56:31Z,2026-07-13T06:56:31+0200,46fca521-fea0-4798-9f2d-95ad89ae35bc,2026-06-25T01:00:00Z,2026-06-25T03:00:00+0200,0.0,MW,FR,FR,actual_solar_generation,Solar,2026-07-13T04:57:06Z
2026-07-13T04:56:31Z,2026-07-13T06:56:31+0200,46fca521-fea0-4798-9f2d-95ad89ae35bc,2026-06-25T01:15:00Z,2026-06-25T03:15:00+0200,0.0,MW,FR,FR,actual_solar_generation,Solar,2026-07-13T04:57:06Z
2026-07-13T04:56:31Z,2026-07-13T06:56:31+0200,46fca521-fea0-4798-9f2d-95ad89ae35bc,2026-06-25T01:30:00Z,2026-06-25T03:30:00+0200,0.0,MW,FR,FR,actual_solar_generation,Solar,2026-07-13T04:57:06Z
2026-07-13T04:56:31Z,2026-07-13T06:56:31+0200,46fca521-fea0-4798-9f2d-95ad89ae35bc,2026-06-25T01:45:00Z,2026-06-25T03:45:00+0200,0.0,MW,FR,FR,actual_solar_generation,Solar,2026-07-13T04:57:06Z
2026-07-13T04:56:31Z,2026-07-13T06:56:31+0200,46fca521-fea0-4798-9f2d-95ad89ae35bc,2026-06-25T02:00:00Z,2026-06-25T04:00:00+0200,0.0,MW,FR,FR,actual_solar_generation,Solar,2026-07-13T04:57:06Z
2026-07-13T04:56:31Z,2026-07-13T06:56:31+0200,46fca521-fea0-4798-9f2d-95ad89ae35bc,2026-06-25T02:15:00Z,2026-06-25T04:15:00+0200,0.0,MW,FR,FR,actual_solar_generation,Solar,2026-07-13T04:57:06Z
2026-07-13T04:56:31Z,2026-07-13T06:56:31+0200,46fca521-fea0-4798-9f2d-95ad89ae35bc,2026-06-25T02:30:00Z,2026-06-25T04:30:00+0200,0.0,MW,FR,FR,actual_solar_generation,Solar,2026-07-13T04:57:06Z
2026-07-13T04:56:31Z,2026-07-13T06:56:31+0200,46fca521-fea0-4798-9f2d-95ad89ae35bc,2026-06-25T02:45:00Z,2026-06-25T04:45:00+0200,0.0,MW,FR,FR,actual_solar_generation,Solar,2026-07-13T04:57:06Z
2026-07-13T04:56:31Z,2026-07-13T06:56:31+0200,46fca521-fea0-4798-9f2d-95ad89ae35bc,2026-06-25T03:00:00Z,2026-06-25T05:00:00+0200,0.0,MW,FR,FR,actual_solar_generation,Solar,2026-07-13T04:57:06Z
2026-07-13T04:56:31Z,2026-07-13T06:56:31+0200,46fca521-fea0-4798-9f2d-95ad89ae35bc,2026-06-25T03:15:00Z,2026-06-25T05:15:00+0200,0.0,MW,FR,FR,actual_solar_generation,Solar,2026-07-13T04:57:06Z
2026-07-13T04:56:31Z,2026-07-13T06:56:31+0200,46fca521-fea0-4798-9f2d-95ad89ae35bc,2026-06-25T03:30:00Z,2026-06-25T05:30:00+0200,0.0,MW,FR,FR,actual_solar_generation,Solar,2026-07-13T04:57:06Z
2026-07-13T04:56:31Z,2026-07-13T06:56:31+0200,46fca521-fea0-4798-9f2d-95ad89ae35bc,2026-06-25T03:45:00Z,2026-06-25T05:45:00+0200,0.0,MW,FR,FR,actual_solar_generation,Solar,2026-07-13T04:57:06Z
2026-07-13T04:56:31Z,2026-07-13T06:56:31+0200,46fca521-fea0-4798-9f2d-95ad89ae35bc,2026-06-25T04:00:00Z,2026-06-25T06:00:00+0200,345.26,MW,FR,FR,actual_solar_generation,Solar,2026-07-13T04:57:06Z
2026-07-13T04:56:31Z,2026-07-13T06:56:31+0200,46fca521-fea0-4798-9f2d-95ad89ae35bc,2026-06-25T04:15:00Z,2026-06-25T06:15:00+0200,440.59,MW,FR,FR,actual_solar_generation,Solar,2026-07-13T04:57:06Z
2026-07-13T04:56:31Z,2026-07-13T06:56:31+0200,46fca521-fea0-4798-9f2d-95ad89ae35bc,2026-06-25T04:30:00Z,2026-06-25T06:30:00+0200,607.86,MW,FR,FR,actual_solar_generation,Solar,2026-07-13T04:57:06Z
2026-07-13T04:56:31Z,2026-07-13T06:56:31+0200,46fca521-fea0-4798-9f2d-95ad89ae35bc,2026-06-25T04:45:00Z,2026-06-25T06:45:00+0200,906.06,MW,FR,FR,actual_solar_generation,Solar,2026-07-13T04:57:06Z
2026-07-13T04:56:31Z,2026-07-13T06:56:31+0200,46fca521-fea0-4798-9f2d-95ad89ae35bc,2026-06-25T05:00:00Z,2026-06-25T07:00:00+0200,1298.83,MW,FR,FR,actual_solar_generation,Solar,2026-07-13T04:57:06Z
2026-07-13T04:56:31Z,2026-07-13T06:56:31+0200,46fca521-fea0-4798-9f2d-95ad89ae35bc,2026-06-25T05:15:00Z,2026-06-25T07:15:00+0200,1794.96,MW,FR,FR,actual_solar_generation,Solar,2026-07-13T04:57:06Z
2026-07-13T04:56:31Z,2026-07-13T06:56:31+0200,46fca521-fea0-4798-9f2d-95ad89ae35bc,2026-06-25T05:30:00Z,2026-06-25T07:30:00+0200,2442.69,MW,FR,FR,actual_solar_generation,Solar,2026-07-13T04:57:06Z
2026-07-13T04:56:31Z,2026-07-13T06:56:31+0200,46fca521-fea0-4798-9f2d-95ad89ae35bc,2026-06-25T05:45:00Z,2026-06-25T07:45:00+0200,3218.96,MW,FR,FR,actual_solar_generation,Solar,2026-07-13T04:57:06Z
2026-07-13T04:56:31Z,2026-07-13T06:56:31+0200,46fca521-fea0-4798-9f2d-95ad89ae35bc,2026-06-25T06:00:00Z,2026-06-25T08:00:00+0200,4019.02,MW,FR,FR,actual_solar_generation,Solar,2026-07-13T04:57:06Z
2026-07-13T04:56:31Z,2026-07-13T06:56:31+0200,46fca521-fea0-4798-9f2d-95ad89ae35bc,2026-06-25T06:15:00Z,2026-06-25T08:15:00+0200,5091.5,MW,FR,FR,actual_solar_generation,Solar,2026-07-13T04:57:06Z
2026-07-13T04:56:31Z,2026-07-13T06:56:31+0200,46fca521-fea0-4798-9f2d-95ad89ae35bc,2026-06-25T06:30:00Z,2026-06-25T08:30:00+0200,6264.43,MW,FR,FR,actual_solar_generation,Solar,2026-07-13T04:57:06Z
2026-07-13T04:56:31Z,2026-07-13T06:56:31+0200,46fca521-fea0-4798-9f2d-95ad89ae35bc,2026-06-25T06:45:00Z,2026-06-25T08:45:00+0200,7536.77,MW,FR,FR,actual_solar_generation,Solar,2026-07-13T04:57:06Z
2026-07-13T04:56:31Z,2026-07-13T06:56:31+0200,46fca521-fea0-4798-9f2d-95ad89ae35bc,2026-06-25T07:00:00Z,2026-06-25T09:00:00+0200,8727.23,MW,FR,FR,actual_solar_generation,Solar,2026-07-13T04:57:06Z
2026-07-13T04:56:31Z,2026-07-13T06:56:31+0200,46fca521-fea0-4798-9f2d-95ad89ae35bc,2026-06-25T07:15:00Z,2026-06-25T09:15:00+0200,9993.55,MW,FR,FR,actual_solar_generation,Solar,2026-07-13T04:57:06Z
2026-07-13T04:56:31Z,2026-07-13T06:56:31+0200,46fca521-fea0-4798-9f2d-95ad89ae35bc,2026-06-25T07:30:00Z,2026-06-25T09:30:00+0200,11187.92,MW,FR,FR,actual_solar_generation,Solar,2026-07-13T04:57:06Z
2026-07-13T04:56:31Z,2026-07-13T06:56:31+0200,46fca521-fea0-4798-9f2d-95ad89ae35bc,2026-06-25T07:45:00Z,2026-06-25T09:45:00+0200,12365.4,MW,FR,FR,actual_solar_generation,Solar,2026-07-13T04:57:06Z
2026-07-13T04:56:31Z,2026-07-13T06:56:31+0200,46fca521-fea0-4798-9f2d-95ad89ae35bc,2026-06-25T08:00:00Z,2026-06-25T10:00:00+0200,13411.96,MW,FR,FR,actual_solar_generation,Solar,2026-07-13T04:57:06Z
2026-07-13T04:56:31Z,2026-07-13T06:56:31+0200,46fca521-fea0-4798-9f2d-95ad89ae35bc,2026-06-25T08:15:00Z,2026-06-25T10:15:00+0200,14410.7,MW,FR,FR,actual_solar_generation,Solar,2026-07-13T04:57:06Z
2026-07-13T04:56:31Z,2026-07-13T06:56:31+0200,46fca521-fea0-4798-9f2d-95ad89ae35bc,2026-06-25T08:30:00Z,2026-06-25T10:30:00+0200,15296.29,MW,FR,FR,actual_solar_generation,Solar,2026-07-13T04:57:06Z
2026-07-13T04:56:31Z,2026-07-13T06:56:31+0200,46fca521-fea0-4798-9f2d-95ad89ae35bc,2026-06-25T08:45:00Z,2026-06-25T10:45:00+0200,16046.11,MW,FR,FR,actual_solar_generation,Solar,2026-07-13T04:57:06Z
2026-07-13T04:56:31Z,2026-07-13T06:56:31+0200,46fca521-fea0-4798-9f2d-95ad89ae35bc,2026-06-25T09:00:00Z,2026-06-25T11:00:00+0200,16748.15,MW,FR,FR,actual_solar_generation,Solar,2026-07-13T04:57:06Z
2026-07-13T04:56:31Z,2026-07-13T06:56:31+0200,46fca521-fea0-4798-9f2d-95ad89ae35bc,2026-06-25T09:15:00Z,2026-06-25T11:15:00+0200,17345.08,MW,FR,FR,actual_solar_generation,Solar,2026-07-13T04:57:06Z
2026-07-13T04:56:31Z,2026-07-13T06:56:31+0200,46fca521-fea0-4798-9f2d-95ad89ae35bc,2026-06-25T09:30:00Z,2026-06-25T11:30:00+0200,17998.81,MW,FR,FR,actual_solar_generation,Solar,2026-07-13T04:57:06Z
2026-07-13T04:56:31Z,2026-07-13T06:56:31+0200,46fca521-fea0-4798-9f2d-95ad89ae35bc,2026-06-25T09:45:00Z,2026-06-25T11:45:00+0200,18452.0,MW,FR,FR,actual_solar_generation,Solar,2026-07-13T04:57:06Z
2026-07-13T04:56:31Z,2026-07-13T06:56:31+0200,46fca521-fea0-4798-9f2d-95ad89ae35bc,2026-06-25T10:00:00Z,2026-06-25T12:00:00+0200,18932.68,MW,FR,FR,actual_solar_generation,Solar,2026-07-13T04:57:06Z
2026-07-13T04:56:31Z,2026-07-13T06:56:31+0200,46fca521-fea0-4798-9f2d-95ad89ae35bc,2026-06-25T10:15:00Z,2026-06-25T12:15:00+0200,19284.55,MW,FR,FR,actual_solar_generation,Solar,2026-07-13T04:57:06Z
2026-07-13T04:56:31Z,2026-07-13T06:56:31+0200,46fca521-fea0-4798-9f2d-95ad89ae35bc,2026-06-25T10:30:00Z,2026-06-25T12:30:00+0200,19609.64,MW,FR,FR,actual_solar_generation,Solar,2026-07-13T04:57:06Z
2026-07-13T04:56:31Z,2026-07-13T06:56:31+0200,46fca521-fea0-4798-9f2d-95ad89ae35bc,2026-06-25T10:45:00Z,2026-06-25T12:45:00+0200,19866.14,MW,FR,FR,actual_solar_generation,Solar,2026-07-13T04:57:06Z
2026-07-13T04:56:31Z,2026-07-13T06:56:31+0200,46fca521-fea0-4798-9f2d-95ad89ae35bc,2026-06-25T11:00:00Z,2026-06-25T13:00:00+0200,20018.13,MW,FR,FR,actual_solar_generation,Solar,2026-07-13T04:57:06Z
2026-07-13T04:56:31Z,2026-07-13T06:56:31+0200,46fca521-fea0-4798-9f2d-95ad89ae35bc,2026-06-25T11:15:00Z,2026-06-25T13:15:00+0200,20076.68,MW,FR,FR,actual_solar_generation,Solar,2026-07-13T04:57:06Z
2026-07-13T04:56:31Z,2026-07-13T06:56:31+0200,46fca521-fea0-4798-9f2d-95ad89ae35bc,2026-06-25T11:30:00Z,2026-06-25T13:30:00+0200,20180.27,MW,FR,FR,actual_solar_generation,Solar,2026-07-13T04:57:06Z
2026-07-13T04:56:31Z,2026-07-13T06:56:31+0200,46fca521-fea0-4798-9f2d-95ad89ae35bc,2026-06-25T11:45:00Z,2026-06-25T13:45:00+0200,20004.61,MW,FR,FR,actual_solar_generation,Solar,2026-07-13T04:57:06Z
2026-07-13T04:56:31Z,2026-07-13T06:56:31+0200,46fca521-fea0-4798-9f2d-95ad89ae35bc,2026-06-25T12:00:00Z,2026-06-25T14:00:00+0200,20016.69,MW,FR,FR,actual_solar_generation,Solar,2026-07-13T04:57:06Z
2026-07-13T04:56:31Z,2026-07-13T06:56:31+0200,46fca521-fea0-4798-9f2d-95ad89ae35bc,2026-06-25T12:15:00Z,2026-06-25T14:15:00+0200,19905.97,MW,FR,FR,actual_solar_generation,Solar,2026-07-13T04:57:06Z
2026-07-13T04:56:31Z,2026-07-13T06:56:31+0200,46fca521-fea0-4798-9f2d-95ad89ae35bc,2026-06-25T12:30:00Z,2026-06-25T14:30:00+0200,19699.03,MW,FR,FR,actual_solar_generation,Solar,2026-07-13T04:57:06Z
2026-07-13T04:56:31Z,2026-07-13T06:56:31+0200,46fca521-fea0-4798-9f2d-95ad89ae35bc,2026-06-25T12:45:00Z,2026-06-25T14:45:00+0200,19151.53,MW,FR,FR,actual_solar_generation,Solar,2026-07-13T04:57:06Z
2026-07-13T04:56:31Z,2026-07-13T06:56:31+0200,46fca521-fea0-4798-9f2d-95ad89ae35bc,2026-06-25T13:00:00Z,2026-06-25T15:00:00+0200,18496.0,MW,FR,FR,actual_solar_generation,Solar,2026-07-13T04:57:06Z
2026-07-13T04:56:31Z,2026-07-13T06:56:31+0200,46fca521-fea0-4798-9f2d-95ad89ae35bc,2026-06-25T13:15:00Z,2026-06-25T15:15:00+0200,18173.0,MW,FR,FR,actual_solar_generation,Solar,2026-07-13T04:57:06Z
2026-07-13T04:56:31Z,2026-07-13T06:56:31+0200,46fca521-fea0-4798-9f2d-95ad89ae35bc,2026-06-25T13:30:00Z,2026-06-25T15:30:00+0200,17862.11,MW,FR,FR,actual_solar_generation,Solar,2026-07-13T04:57:06Z
2026-07-13T04:56:31Z,2026-07-13T06:56:31+0200,46fca521-fea0-4798-9f2d-95ad89ae35bc,2026-06-25T13:45:00Z,2026-06-25T15:45:00+0200,17495.89,MW,FR,FR,actual_solar_generation,Solar,2026-07-13T04:57:06Z
2026-07-13T04:56:31Z,2026-07-13T06:56:31+0200,46fca521-fea0-4798-9f2d-95ad89ae35bc,2026-06-25T14:00:00Z,2026-06-25T16:00:00+0200,17070.73,MW,FR,FR,actual_solar_generation,Solar,2026-07-13T04:57:06Z
2026-07-13T04:56:31Z,2026-07-13T06:56:31+0200,46fca521-fea0-4798-9f2d-95ad89ae35bc,2026-06-25T14:15:00Z,2026-06-25T16:15:00+0200,16489.07,MW,FR,FR,actual_solar_generation,Solar,2026-07-13T04:57:06Z
2026-07-13T04:56:31Z,2026-07-13T06:56:31+0200,46fca521-fea0-4798-9f2d-95ad89ae35bc,2026-06-25T14:30:00Z,2026-06-25T16:30:00+0200,16022.42,MW,FR,FR,actual_solar_generation,Solar,2026-07-13T04:57:06Z
2026-07-13T04:56:31Z,2026-07-13T06:56:31+0200,46fca521-fea0-4798-9f2d-95ad89ae35bc,2026-06-25T14:45:00Z,2026-06-25T16:45:00+0200,15291.26,MW,FR,FR,actual_solar_generation,Solar,2026-07-13T04:57:06Z
2026-07-13T04:56:31Z,2026-07-13T06:56:31+0200,46fca521-fea0-4798-9f2d-95ad89ae35bc,2026-06-25T15:00:00Z,2026-06-25T17:00:00+0200,14496.36,MW,FR,FR,actual_solar_generation,Solar,2026-07-13T04:57:06Z
2026-07-13T04:56:31Z,2026-07-13T06:56:31+0200,46fca521-fea0-4798-9f2d-95ad89ae35bc,2026-06-25T15:15:00Z,2026-06-25T17:15:00+0200,13592.75,MW,FR,FR,actual_solar_generation,Solar,2026-07-13T04:57:06Z
2026-07-13T04:56:31Z,2026-07-13T06:56:31+0200,46fca521-fea0-4798-9f2d-95ad89ae35bc,2026-06-25T15:30:00Z,2026-06-25T17:30:00+0200,12630.08,MW,FR,FR,actual_solar_generation,Solar,2026-07-13T04:57:06Z
2026-07-13T04:56:31Z,2026-07-13T06:56:31+0200,46fca521-fea0-4798-9f2d-95ad89ae35bc,2026-06-25T15:45:00Z,2026-06-25T17:45:00+0200,11807.12,MW,FR,FR,actual_solar_generation,Solar,2026-07-13T04:57:06Z
2026-07-13T04:56:31Z,2026-07-13T06:56:31+0200,46fca521-fea0-4798-9f2d-95ad89ae35bc,2026-06-25T16:00:00Z,2026-06-25T18:00:00+0200,10798.33,MW,FR,FR,actual_solar_generation,Solar,2026-07-13T04:57:06Z
2026-07-13T04:56:31Z,2026-07-13T06:56:31+0200,46fca521-fea0-4798-9f2d-95ad89ae35bc,2026-06-25T16:15:00Z,2026-06-25T18:15:00+0200,9862.52,MW,FR,FR,actual_solar_generation,Solar,2026-07-13T04:57:06Z
2026-07-13T04:56:31Z,2026-07-13T06:56:31+0200,46fca521-fea0-4798-9f2d-95ad89ae35bc,2026-06-25T16:30:00Z,2026-06-25T18:30:00+0200,8800.49,MW,FR,FR,actual_solar_generation,Solar,2026-07-13T04:57:06Z
2026-07-13T04:56:31Z,2026-07-13T06:56:31+0200,46fca521-fea0-4798-9f2d-95ad89ae35bc,2026-06-25T16:45:00Z,2026-06-25T18:45:00+0200,7752.6,MW,FR,FR,actual_solar_generation,Solar,2026-07-13T04:57:06Z
2026-07-13T04:56:31Z,2026-07-13T06:56:31+0200,46fca521-fea0-4798-9f2d-95ad89ae35bc,2026-06-25T17:00:00Z,2026-06-25T19:00:00+0200,6668.08,MW,FR,FR,actual_solar_generation,Solar,2026-07-13T04:57:06Z
2026-07-13T04:56:31Z,2026-07-13T06:56:31+0200,46fca521-fea0-4798-9f2d-95ad89ae35bc,2026-06-25T17:15:00Z,2026-06-25T19:15:00+0200,5639.52,MW,FR,FR,actual_solar_generation,Solar,2026-07-13T04:57:06Z
2026-07-13T04:56:31Z,2026-07-13T06:56:31+0200,46fca521-fea0-4798-9f2d-95ad89ae35bc,2026-06-25T17:30:00Z,2026-06-25T19:30:00+0200,4582.52,MW,FR,FR,actual_solar_generation,Solar,2026-07-13T04:57:06Z
2026-07-13T04:56:31Z,2026-07-13T06:56:31+0200,46fca521-fea0-4798-9f2d-95ad89ae35bc,2026-06-25T17:45:00Z,2026-06-25T19:45:00+0200,3625.24,MW,FR,FR,actual_solar_generation,Solar,2026-07-13T04:57:06Z
2026-07-13T04:56:31Z,2026-07-13T06:56:31+0200,46fca521-fea0-4798-9f2d-95ad89ae35bc,2026-06-25T18:00:00Z,2026-06-25T20:00:00+0200,2794.8,MW,FR,FR,actual_solar_generation,Solar,2026-07-13T04:57:06Z
2026-07-13T04:56:31Z,2026-07-13T06:56:31+0200,46fca521-fea0-4798-9f2d-95ad89ae35bc,2026-06-25T18:15:00Z,2026-06-25T20:15:00+0200,2151.29,MW,FR,FR,actual_solar_generation,Solar,2026-07-13T04:57:06Z
2026-07-13T04:56:31Z,2026-07-13T06:56:31+0200,46fca521-fea0-4798-9f2d-95ad89ae35bc,2026-06-25T18:30:00Z,2026-06-25T20:30:00+0200,1614.06,MW,FR,FR,actual_solar_generation,Solar,2026-07-13T04:57:06Z
2026-07-13T04:56:31Z,2026-07-13T06:56:31+0200,46fca521-fea0-4798-9f2d-95ad89ae35bc,2026-06-25T18:45:00Z,2026-06-25T20:45:00+0200,1209.63,MW,FR,FR,actual_solar_generation,Solar,2026-07-13T04:57:06Z
2026-07-13T04:56:31Z,2026-07-13T06:56:31+0200,46fca521-fea0-4798-9f2d-95ad89ae35bc,2026-06-25T19:00:00Z,2026-06-25T21:00:00+0200,855.63,MW,FR,FR,actual_solar_generation,Solar,2026-07-13T04:57:06Z
2026-07-13T04:56:31Z,2026-07-13T06:56:31+0200,46fca521-fea0-4798-9f2d-95ad89ae35bc,2026-06-25T19:15:00Z,2026-06-25T21:15:00+0200,574.5,MW,FR,FR,actual_solar_generation,Solar,2026-07-13T04:57:06Z
2026-07-13T04:56:31Z,2026-07-13T06:56:31+0200,46fca521-fea0-4798-9f2d-95ad89ae35bc,2026-06-25T19:30:00Z,2026-06-25T21:30:00+0200,392.49,MW,FR,FR,actual_solar_generation,Solar,2026-07-13T04:57:06Z
2026-07-13T04:56:31Z,2026-07-13T06:56:31+0200,46fca521-fea0-4798-9f2d-95ad89ae35bc,2026-06-25T19:45:00Z,2026-06-25T21:45:00+0200,295.49,MW,FR,FR,actual_solar_generation,Solar,2026-07-13T04:57:06Z
2026-07-13T04:56:31Z,2026-07-13T06:56:31+0200,46fca521-fea0-4798-9f2d-95ad89ae35bc,2026-06-25T20:00:00Z,2026-06-25T22:00:00+0200,256.12,MW,FR,FR,actual_solar_generation,Solar,2026-07-13T04:57:06Z
2026-07-13T04:56:31Z,2026-07-13T06:56:31+0200,46fca521-fea0-4798-9f2d-95ad89ae35bc,2026-06-25T20:15:00Z,2026-06-25T22:15:00+0200,243.89,MW,FR,FR,actual_solar_generation,Solar,2026-07-13T04:57:06Z
2026-07-13T04:56:31Z,2026-07-13T06:56:31+0200,46fca521-fea0-4798-9f2d-95ad89ae35bc,2026-06-25T20:30:00Z,2026-06-25T22:30:00+0200,246.21,MW,FR,FR,actual_solar_generation,Solar,2026-07-13T04:57:06Z
2026-07-13T04:56:31Z,2026-07-13T06:56:31+0200,46fca521-fea0-4798-9f2d-95ad89ae35bc,2026-06-25T20:45:00Z,2026-06-25T22:45:00+0200,251.53,MW,FR,FR,actual_solar_generation,Solar,2026-07-13T04:57:06Z
2026-07-13T04:56:31Z,2026-07-13T06:56:31+0200,46fca521-fea0-4798-9f2d-95ad89ae35bc,2026-06-25T21:00:00Z,2026-06-25T23:00:00+0200,248.46,MW,FR,FR,actual_solar_generation,Solar,2026-07-13T04:57:06Z
2026-07-13T04:56:31Z,2026-07-13T06:56:31+0200,46fca521-fea0-4798-9f2d-95ad89ae35bc,2026-06-25T21:15:00Z,2026-06-25T23:15:00+0200,247.33,MW,FR,FR,actual_solar_generation,Solar,2026-07-13T04:57:06Z
2026-07-13T04:56:31Z,2026-07-13T06:56:31+0200,46fca521-fea0-4798-9f2d-95ad89ae35bc,2026-06-25T21:30:00Z,2026-06-25T23:30:00+0200,242.26,MW,FR,FR,actual_solar_generation,Solar,2026-07-13T04:57:06Z
2026-07-13T04:56:31Z,2026-07-13T06:56:31+0200,46fca521-fea0-4798-9f2d-95ad89ae35bc,2026-06-25T21:45:00Z,2026-06-25T23:45:00+0200,242.89,MW,FR,FR,actual_solar_generation,Solar,2026-07-13T04:57:06Z
2026-07-13T04:56:31Z,2026-07-13T06:56:31+0200,46fca521-fea0-4798-9f2d-95ad89ae35bc,2026-06-25T22:00:00Z,2026-06-26T00:00:00+0200,0.0,MW,FR,FR,actual_solar_generation,Solar,2026-07-13T04:57:06Z
2026-07-13T04:56:31Z,2026-07-13T06:56:31+0200,46fca521-fea0-4798-9f2d-95ad89ae35bc,2026-06-25T22:15:00Z,2026-06-26T00:15:00+0200,0.0,MW,FR,FR,actual_solar_generation,Solar,2026-07-13T04:57:06Z
2026-07-13T04:56:31Z,2026-07-13T06:56:31+0200,46fca521-fea0-4798-9f2d-95ad89ae35bc,2026-06-25T22:30:00Z,2026-06-26T00:30:00+0200,0.0,MW,FR,FR,actual_solar_generation,Solar,2026-07-13T04:57:06Z
2026-07-13T04:56:31Z,2026-07-13T06:56:31+0200,46fca521-fea0-4798-9f2d-95ad89ae35bc,2026-06-25T22:45:00Z,2026-06-26T00:45:00+0200,0.0,MW,FR,FR,actual_solar_generation,Solar,2026-07-13T04:57:06Z
2026-07-13T04:56:31Z,2026-07-13T06:56:31+0200,46fca521-fea0-4798-9f2d-95ad89ae35bc,2026-06-25T23:00:00Z,2026-06-26T01:00:00+0200,0.0,MW,FR,FR,actual_solar_generation,Solar,2026-07-13T04:57:06Z
2026-07-13T04:56:31Z,2026-07-13T06:56:31+0200,46fca521-fea0-4798-9f2d-95ad89ae35bc,2026-06-25T23:15:00Z,2026-06-26T01:15:00+0200,0.0,MW,FR,FR,actual_solar_generation,Solar,2026-07-13T04:57:06Z
2026-07-13T04:56:31Z,2026-07-13T06:56:31+0200,46fca521-fea0-4798-9f2d-95ad89ae35bc,2026-06-25T23:30:00Z,2026-06-26T01:30:00+0200,0.0,MW,FR,FR,actual_solar_generation,Solar,2026-07-13T04:57:06Z
2026-07-13T04:56:31Z,2026-07-13T06:56:31+0200,46fca521-fea0-4798-9f2d-95ad89ae35bc,2026-06-25T23:45:00Z,2026-06-26T01:45:00+0200,0.0,MW,FR,FR,actual_solar_generation,Solar,2026-07-13T04:57:06Z
2026-07-13T04:56:31Z,2026-07-13T06:56:31+0200,46fca521-fea0-4798-9f2d-95ad89ae35bc,2026-06-26T00:00:00Z,2026-06-26T02:00:00+0200,0.0,MW,FR,FR,actual_solar_generation,Solar,2026-07-13T04:57:06Z
2026-07-13T04:56:31Z,2026-07-13T06:56:31+0200,46fca521-fea0-4798-9f2d-95ad89ae35bc,2026-06-26T00:15:00Z,2026-06-26T02:15:00+0200,0.0,MW,FR,FR,actual_solar_generation,Solar,2026-07-13T04:57:06Z
2026-07-13T04:56:31Z,2026-07-13T06:56:31+0200,46fca521-fea0-4798-9f2d-95ad89ae35bc,2026-06-26T00:30:00Z,2026-06-26T02:30:00+0200,0.0,MW,FR,FR,actual_solar_generation,Solar,2026-07-13T04:57:06Z
2026-07-13T04:56:31Z,2026-07-13T06:56:31+0200,46fca521-fea0-4798-9f2d-95ad89ae35bc,2026-06-26T00:45:00Z,2026-06-26T02:45:00+0200,0.0,MW,FR,FR,actual_solar_generation,Solar,2026-07-13T04:57:06Z
2026-07-13T04:56:31Z,2026-07-13T06:56:31+0200,46fca521-fea0-4798-9f2d-95ad89ae35bc,2026-06-26T01:00:00Z,2026-06-26T03:00:00+0200,0.0,MW,FR,FR,actual_solar_generation,Solar,2026-07-13T04:57:06Z
2026-07-13T04:56:31Z,2026-07-13T06:56:31+0200,46fca521-fea0-4798-9f2d-95ad89ae35bc,2026-06-26T01:15:00Z,2026-06-26T03:15:00+0200,0.0,MW,FR,FR,actual_solar_generation,Solar,2026-07-13T04:57:06Z
2026-07-13T04:56:31Z,2026-07-13T06:56:31+0200,46fca521-fea0-4798-9f2d-95ad89ae35bc,2026-06-26T01:30:00Z,2026-06-26T03:30:00+0200,0.0,MW,FR,FR,actual_solar_generation,Solar,2026-07-13T04:57:06Z
2026-07-13T04:56:31Z,2026-07-13T06:56:31+0200,46fca521-fea0-4798-9f2d-95ad89ae35bc,2026-06-26T01:45:00Z,2026-06-26T03:45:00+0200,0.0,MW,FR,FR,actual_solar_generation,Solar,2026-07-13T04:57:06Z
2026-07-13T04:56:31Z,2026-07-13T06:56:31+0200,46fca521-fea0-4798-9f2d-95ad89ae35bc,2026-06-26T02:00:00Z,2026-06-26T04:00:00+0200,0.0,MW,FR,FR,actual_solar_generation,Solar,2026-07-13T04:57:06Z
2026-07-13T04:56:31Z,2026-07-13T06:56:31+0200,46fca521-fea0-4798-9f2d-95ad89ae35bc,2026-06-26T02:15:00Z,2026-06-26T04:15:00+0200,0.0,MW,FR,FR,actual_solar_generation,Solar,2026-07-13T04:57:06Z
2026-07-13T04:56:31Z,2026-07-13T06:56:31+0200,46fca521-fea0-4798-9f2d-95ad89ae35bc,2026-06-26T02:30:00Z,2026-06-26T04:30:00+0200,0.0,MW,FR,FR,actual_solar_generation,Solar,2026-07-13T04:57:06Z
2026-07-13T04:56:31Z,2026-07-13T06:56:31+0200,46fca521-fea0-4798-9f2d-95ad89ae35bc,2026-06-26T02:45:00Z,2026-06-26T04:45:00+0200,0.0,MW,FR,FR,actual_solar_generation,Solar,2026-07-13T04:57:06Z
2026-07-13T04:56:31Z,2026-07-13T06:56:31+0200,46fca521-fea0-4798-9f2d-95ad89ae35bc,2026-06-26T03:00:00Z,2026-06-26T05:00:00+0200,0.0,MW,FR,FR,actual_solar_generation,Solar,2026-07-13T04:57:06Z
2026-07-13T04:56:31Z,2026-07-13T06:56:31+0200,46fca521-fea0-4798-9f2d-95ad89ae35bc,2026-06-26T03:15:00Z,2026-06-26T05:15:00+0200,0.0,MW,FR,FR,actual_solar_generation,Solar,2026-07-13T04:57:06Z
2026-07-13T04:56:31Z,2026-07-13T06:56:31+0200,46fca521-fea0-4798-9f2d-95ad89ae35bc,2026-06-26T03:30:00Z,2026-06-26T05:30:00+0200,0.0,MW,FR,FR,actual_solar_generation,Solar,2026-07-13T04:57:06Z
2026-07-13T04:56:31Z,2026-07-13T06:56:31+0200,46fca521-fea0-4798-9f2d-95ad89ae35bc,2026-06-26T03:45:00Z,2026-06-26T05:45:00+0200,0.0,MW,FR,FR,actual_solar_generation,Solar,2026-07-13T04:57:06Z
2026-07-13T04:56:31Z,2026-07-13T06:56:31+0200,46fca521-fea0-4798-9f2d-95ad89ae35bc,2026-06-26T04:00:00Z,2026-06-26T06:00:00+0200,292.6,MW,FR,FR,actual_solar_generation,Solar,2026-07-13T04:57:06Z
2026-07-13T04:56:31Z,2026-07-13T06:56:31+0200,46fca521-fea0-4798-9f2d-95ad89ae35bc,2026-06-26T04:15:00Z,2026-06-26T06:15:00+0200,381.52,MW,FR,FR,actual_solar_generation,Solar,2026-07-13T04:57:06Z
2026-07-13T04:56:31Z,2026-07-13T06:56:31+0200,46fca521-fea0-4798-9f2d-95ad89ae35bc,2026-06-26T04:30:00Z,2026-06-26T06:30:00+0200,555.3,MW,FR,FR,actual_solar_generation,Solar,2026-07-13T04:57:06Z
2026-07-13T04:56:31Z,2026-07-13T06:56:31+0200,46fca521-fea0-4798-9f2d-95ad89ae35bc,2026-06-26T04:45:00Z,2026-06-26T06:45:00+0200,854.15,MW,FR,FR,actual_solar_generation,Solar,2026-07-13T04:57:06Z
2026-07-13T04:56:31Z,2026-07-13T06:56:31+0200,46fca521-fea0-4798-9f2d-95ad89ae35bc,2026-06-26T05:00:00Z,2026-06-26T07:00:00+0200,1253.6,MW,FR,FR,actual_solar_generation,Solar,2026-07-13T04:57:06Z
2026-07-13T04:56:31Z,2026-07-13T06:56:31+0200,46fca521-fea0-4798-9f2d-95ad89ae35bc,2026-06-26T05:15:00Z,2026-06-26T07:15:00+0200,1770.4,MW,FR,FR,actual_solar_generation,Solar,2026-07-13T04:57:06Z
2026-07-13T04:56:31Z,2026-07-13T06:56:31+0200,46fca521-fea0-4798-9f2d-95ad89ae35bc,2026-06-26T05:30:00Z,2026-06-26T07:30:00+0200,2432.16,MW,FR,FR,actual_solar_generation,Solar,2026-07-13T04:57:06Z
2026-07-13T04:56:31Z,2026-07-13T06:56:31+0200,46fca521-fea0-4798-9f2d-95ad89ae35bc,2026-06-26T05:45:00Z,2026-06-26T07:45:00+0200,3136.85,MW,FR,FR,actual_solar_generation,Solar,2026-07-13T04:57:06Z
2026-07-13T04:56:31Z,2026-07-13T06:56:31+0200,46fca521-fea0-4798-9f2d-95ad89ae35bc,2026-06-26T06:00:00Z,2026-06-26T08:00:00+0200,3954.65,MW,FR,FR,actual_solar_generation,Solar,2026-07-13T04:57:06Z
2026-07-13T04:56:31Z,2026-07-13T06:56:31+0200,46fca521-fea0-4798-9f2d-95ad89ae35bc,2026-06-26T06:15:00Z,2026-06-26T08:15:00+0200,4931.48,MW,FR,FR,actual_solar_generation,Solar,2026-07-13T04:57:06Z
2026-07-13T04:56:31Z,2026-07-13T06:56:31+0200,46fca521-fea0-4798-9f2d-95ad89ae35bc,2026-06-26T06:30:00Z,2026-06-26T08:30:00+0200,6071.55,MW,FR,FR,actual_solar_generation,Solar,2026-07-13T04:57:06Z
2026-07-13T04:56:31Z,2026-07-13T06:56:31+0200,46fca521-fea0-4798-9f2d-95ad89ae35bc,2026-06-26T06:45:00Z,2026-06-26T08:45:00+0200,7137.75,MW,FR,FR,actual_solar_generation,Solar,2026-07-13T04:57:06Z
2026-07-13T04:56:31Z,2026-07-13T06:56:31+0200,46fca521-fea0-4798-9f2d-95ad89ae35bc,2026-06-26T07:00:00Z,2026-06-26T09:00:00+0200,8210.34,MW,FR,FR,actual_solar_generation,Solar,2026-07-13T04:57:06Z
2026-07-13T04:56:31Z,2026-07-13T06:56:31+0200,46fca521-fea0-4798-9f2d-95ad89ae35bc,2026-06-26T07:15:00Z,2026-06-26T09:15:00+0200,9463.7,MW,FR,FR,actual_solar_generation,Solar,2026-07-13T04:57:06Z
2026-07-13T04:56:31Z,2026-07-13T06:56:31+0200,46fca521-fea0-4798-9f2d-95ad89ae35bc,2026-06-26T07:30:00Z,2026-06-26T09:30:00+0200,10582.47,MW,FR,FR,actual_solar_generation,Solar,2026-07-13T04:57:06Z
2026-07-13T04:56:31Z,2026-07-13T06:56:31+0200,46fca521-fea0-4798-9f2d-95ad89ae35bc,2026-06-26T07:45:00Z,2026-06-26T09:45:00+0200,11591.07,MW,FR,FR,actual_solar_generation,Solar,2026-07-13T04:57:06Z
2026-07-13T04:56:31Z,2026-07-13T06:56:31+0200,46fca521-fea0-4798-9f2d-95ad89ae35bc,2026-06-26T08:00:00Z,2026-06-26T10:00:00+0200,12666.22,MW,FR,FR,actual_solar_generation,Solar,2026-07-13T04:57:06Z
2026-07-13T04:56:31Z,2026-07-13T06:56:31+0200,46fca521-fea0-4798-9f2d-95ad89ae35bc,2026-06-26T08:15:00Z,2026-06-26T10:15:00+0200,13469.76,MW,FR,FR,actual_solar_generation,Solar,2026-07-13T04:57:06Z
2026-07-13T04:56:31Z,2026-07-13T06:56:31+0200,46fca521-fea0-4798-9f2d-95ad89ae35bc,2026-06-26T08:30:00Z,2026-06-26T10:30:00+0200,14293.73,MW,FR,FR,actual_solar_generation,Solar,2026-07-13T04:57:06Z
2026-07-13T04:56:31Z,2026-07-13T06:56:31+0200,46fca521-fea0-4798-9f2d-95ad89ae35bc,2026-06-26T08:45:00Z,2026-06-26T10:45:00+0200,15138.62,MW,FR,FR,actual_solar_generation,Solar,2026-07-13T04:57:06Z
2026-07-13T04:56:31Z,2026-07-13T06:56:31+0200,46fca521-fea0-4798-9f2d-95ad89ae35bc,2026-06-26T09:00:00Z,2026-06-26T11:00:00+0200,15821.59,MW,FR,FR,actual_solar_generation,Solar,2026-07-13T04:57:06Z
2026-07-13T04:56:31Z,2026-07-13T06:56:31+0200,46fca521-fea0-4798-9f2d-95ad89ae35bc,2026-06-26T09:15:00Z,2026-06-26T11:15:00+0200,16524.05,MW,FR,FR,actual_solar_generation,Solar,2026-07-13T04:57:06Z
2026-07-13T04:56:31Z,2026-07-13T06:56:31+0200,46fca521-fea0-4798-9f2d-95ad89ae35bc,2026-06-26T09:30:00Z,2026-06-26T11:30:00+0200,17233.62,MW,FR,FR,actual_solar_generation,Solar,2026-07-13T04:57:06Z
2026-07-13T04:56:31Z,2026-07-13T06:56:31+0200,46fca521-fea0-4798-9f2d-95ad89ae35bc,2026-06-26T09:45:00Z,2026-06-26T11:45:00+0200,17810.1,MW,FR,FR,actual_solar_generation,Solar,2026-07-13T04:57:06Z
2026-07-13T04:56:31Z,2026-07-13T06:56:31+0200,46fca521-fea0-4798-9f2d-95ad89ae35bc,2026-06-26T10:00:00Z,2026-06-26T12:00:00+0200,18196.07,MW,FR,FR,actual_solar_generation,Solar,2026-07-13T04:57:06Z
2026-07-13T04:56:31Z,2026-07-13T06:56:31+0200,46fca521-fea0-4798-9f2d-95ad89ae35bc,2026-06-26T10:15:00Z,2026-06-26T12:15:00+0200,18629.88,MW,FR,FR,actual_solar_generation,Solar,2026-07-13T04:57:06Z
2026-07-13T04:56:31Z,2026-07-13T06:56:31+0200,46fca521-fea0-4798-9f2d-95ad89ae35bc,2026-06-26T10:30:00Z,2026-06-26T12:30:00+0200,19048.69,MW,FR,FR,actual_solar_generation,Solar,2026-07-13T04:57:06Z
2026-07-13T04:56:31Z,2026-07-13T06:56:31+0200,46fca521-fea0-4798-9f2d-95ad89ae35bc,2026-06-26T10:45:00Z,2026-06-26T12:45:00+0200,19238.13,MW,FR,FR,actual_solar_generation,Solar,2026-07-13T04:57:06Z
2026-07-13T04:56:31Z,2026-07-13T06:56:31+0200,46fca521-fea0-4798-9f2d-95ad89ae35bc,2026-06-26T11:00:00Z,2026-06-26T13:00:00+0200,19420.6,MW,FR,FR,actual_solar_generation,Solar,2026-07-13T04:57:06Z
2026-07-13T04:56:31Z,2026-07-13T06:56:31+0200,46fca521-fea0-4798-9f2d-95ad89ae35bc,2026-06-26T11:15:00Z,2026-06-26T13:15:00+0200,19471.0,MW,FR,FR,actual_solar_generation,Solar,2026-07-13T04:57:06Z
2026-07-13T04:56:31Z,2026-07-13T06:56:31+0200,46fca521-fea0-4798-9f2d-95ad89ae35bc,2026-06-26T11:30:00Z,2026-06-26T13:30:00+0200,19467.78,MW,FR,FR,actual_solar_generation,Solar,2026-07-13T04:57:06Z
2026-07-13T04:56:31Z,2026-07-13T06:56:31+0200,46fca521-fea0-4798-9f2d-95ad89ae35bc,2026-06-26T11:45:00Z,2026-06-26T13:45:00+0200,19521.32,MW,FR,FR,actual_solar_generation,Solar,2026-07-13T04:57:06Z
2026-07-13T04:56:31Z,2026-07-13T06:56:31+0200,46fca521-fea0-4798-9f2d-95ad89ae35bc,2026-06-26T12:00:00Z,2026-06-26T14:00:00+0200,19532.17,MW,FR,FR,actual_solar_generation,Solar,2026-07-13T04:57:06Z
2026-07-13T04:56:31Z,2026-07-13T06:56:31+0200,46fca521-fea0-4798-9f2d-95ad89ae35bc,2026-06-26T12:15:00Z,2026-06-26T14:15:00+0200,19419.41,MW,FR,FR,actual_solar_generation,Solar,2026-07-13T04:57:06Z
2026-07-13T04:56:31Z,2026-07-13T06:56:31+0200,46fca521-fea0-4798-9f2d-95ad89ae35bc,2026-06-26T12:30:00Z,2026-06-26T14:30:00+0200,19315.0,MW,FR,FR,actual_solar_generation,Solar,2026-07-13T04:57:06Z
2026-07-13T04:56:31Z,2026-07-13T06:56:31+0200,46fca521-fea0-4798-9f2d-95ad89ae35bc,2026-06-26T12:45:00Z,2026-06-26T14:45:00+0200,18955.5,MW,FR,FR,actual_solar_generation,Solar,2026-07-13T04:57:06Z
2026-07-13T04:56:31Z,2026-07-13T06:56:31+0200,46fca521-fea0-4798-9f2d-95ad89ae35bc,2026-06-26T13:00:00Z,2026-06-26T15:00:00+0200,18722.32,MW,FR,FR,actual_solar_generation,Solar,2026-07-13T04:57:06Z
2026-07-13T04:56:31Z,2026-07-13T06:56:31+0200,46fca521-fea0-4798-9f2d-95ad89ae35bc,2026-06-26T13:15:00Z,2026-06-26T15:15:00+0200,18445.49,MW,FR,FR,actual_solar_generation,Solar,2026-07-13T04:57:06Z
2026-07-13T04:56:31Z,2026-07-13T06:56:31+0200,46fca521-fea0-4798-9f2d-95ad89ae35bc,2026-06-26T13:30:00Z,2026-06-26T15:30:00+0200,18191.84,MW,FR,FR,actual_solar_generation,Solar,2026-07-13T04:57:06Z
2026-07-13T04:56:31Z,2026-07-13T06:56:31+0200,46fca521-fea0-4798-9f2d-95ad89ae35bc,2026-06-26T13:45:00Z,2026-06-26T15:45:00+0200,17776.45,MW,FR,FR,actual_solar_generation,Solar,2026-07-13T04:57:06Z
2026-07-13T04:56:31Z,2026-07-13T06:56:31+0200,46fca521-fea0-4798-9f2d-95ad89ae35bc,2026-06-26T14:00:00Z,2026-06-26T16:00:00+0200,17390.23,MW,FR,FR,actual_solar_generation,Solar,2026-07-13T04:57:06Z
2026-07-13T04:56:31Z,2026-07-13T06:56:31+0200,46fca521-fea0-4798-9f2d-95ad89ae35bc,2026-06-26T14:15:00Z,2026-06-26T16:15:00+0200,16850.49,MW,FR,FR,actual_solar_generation,Solar,2026-07-13T04:57:06Z
2026-07-13T04:56:31Z,2026-07-13T06:56:31+0200,46fca521-fea0-4798-9f2d-95ad89ae35bc,2026-06-26T14:30:00Z,2026-06-26T16:30:00+0200,16141.99,MW,FR,FR,actual_solar_generation,Solar,2026-07-13T04:57:06Z
2026-07-13T04:56:31Z,2026-07-13T06:56:31+0200,46fca521-fea0-4798-9f2d-95ad89ae35bc,2026-06-26T14:45:00Z,2026-06-26T16:45:00+0200,15374.26,MW,FR,FR,actual_solar_generation,Solar,2026-07-13T04:57:06Z
2026-07-13T04:56:31Z,2026-07-13T06:56:31+0200,46fca521-fea0-4798-9f2d-95ad89ae35bc,2026-06-26T15:00:00Z,2026-06-26T17:00:00+0200,14720.94,MW,FR,FR,actual_solar_generation,Solar,2026-07-13T04:57:06Z
2026-07-13T04:56:31Z,2026-07-13T06:56:31+0200,46fca521-fea0-4798-9f2d-95ad89ae35bc,2026-06-26T15:15:00Z,2026-06-26T17:15:00+0200,13897.2,MW,FR,FR,actual_solar_generation,Solar,2026-07-13T04:57:06Z
2026-07-13T04:56:31Z,2026-07-13T06:56:31+0200,46fca521-fea0-4798-9f2d-95ad89ae35bc,2026-06-26T15:30:00Z,2026-06-26T17:30:00+0200,13131.23,MW,FR,FR,actual_solar_generation,Solar,2026-07-13T04:57:06Z
2026-07-13T04:56:31Z,2026-07-13T06:56:31+0200,46fca521-fea0-4798-9f2d-95ad89ae35bc,2026-06-26T15:45:00Z,2026-06-26T17:45:00+0200,12238.2,MW,FR,FR,actual_solar_generation,Solar,2026-07-13T04:57:06Z
2026-07-13T04:56:31Z,2026-07-13T06:56:31+0200,46fca521-fea0-4798-9f2d-95ad89ae35bc,2026-06-26T16:00:00Z,2026-06-26T18:00:00+0200,11252.74,MW,FR,FR,actual_solar_generation,Solar,2026-07-13T04:57:06Z
2026-07-13T04:56:31Z,2026-07-13T06:56:31+0200,46fca521-fea0-4798-9f2d-95ad89ae35bc,2026-06-26T16:15:00Z,2026-06-26T18:15:00+0200,10258.88,MW,FR,FR,actual_solar_generation,Solar,2026-07-13T04:57:06Z
2026-07-13T04:56:31Z,2026-07-13T06:56:31+0200,46fca521-fea0-4798-9f2d-95ad89ae35bc,2026-06-26T16:30:00Z,2026-06-26T18:30:00+0200,9262.14,MW,FR,FR,actual_solar_generation,Solar,2026-07-13T04:57:06Z
2026-07-13T04:56:31Z,2026-07-13T06:56:31+0200,46fca521-fea0-4798-9f2d-95ad89ae35bc,2026-06-26T16:45:00Z,2026-06-26T18:45:00+0200,8180.25,MW,FR,FR,actual_solar_generation,Solar,2026-07-13T04:57:06Z
2026-07-13T04:56:31Z,2026-07-13T06:56:31+0200,46fca521-fea0-4798-9f2d-95ad89ae35bc,2026-06-26T17:00:00Z,2026-06-26T19:00:00+0200,7027.32,MW,FR,FR,actual_solar_generation,Solar,2026-07-13T04:57:06Z
2026-07-13T04:56:31Z,2026-07-13T06:56:31+0200,46fca521-fea0-4798-9f2d-95ad89ae35bc,2026-06-26T17:15:00Z,2026-06-26T19:15:00+0200,5931.38,MW,FR,FR,actual_solar_generation,Solar,2026-07-13T04:57:06Z
2026-07-13T04:56:31Z,2026-07-13T06:56:31+0200,46fca521-fea0-4798-9f2d-95ad89ae35bc,2026-06-26T17:30:00Z,2026-06-26T19:30:00+0200,4873.58,MW,FR,FR,actual_solar_generation,Solar,2026-07-13T04:57:06Z
2026-07-13T04:56:31Z,2026-07-13T06:56:31+0200,46fca521-fea0-4798-9f2d-95ad89ae35bc,2026-06-26T17:45:00Z,2026-06-26T19:45:00+0200,3867.4,MW,FR,FR,actual_solar_generation,Solar,2026-07-13T04:57:06Z
2026-07-13T04:56:31Z,2026-07-13T06:56:31+0200,46fca521-fea0-4798-9f2d-95ad89ae35bc,2026-06-26T18:00:00Z,2026-06-26T20:00:00+0200,2985.76,MW,FR,FR,actual_solar_generation,Solar,2026-07-13T04:57:06Z
2026-07-13T04:56:31Z,2026-07-13T06:56:31+0200,46fca521-fea0-4798-9f2d-95ad89ae35bc,2026-06-26T18:15:00Z,2026-06-26T20:15:00+0200,2282.72,MW,FR,FR,actual_solar_generation,Solar,2026-07-13T04:57:06Z
2026-07-13T04:56:31Z,2026-07-13T06:56:31+0200,46fca521-fea0-4798-9f2d-95ad89ae35bc,2026-06-26T18:30:00Z,2026-06-26T20:30:00+0200,1715.65,MW,FR,FR,actual_solar_generation,Solar,2026-07-13T04:57:06Z
2026-07-13T04:56:31Z,2026-07-13T06:56:31+0200,46fca521-fea0-4798-9f2d-95ad89ae35bc,2026-06-26T18:45:00Z,2026-06-26T20:45:00+0200,1275.84,MW,FR,FR,actual_solar_generation,Solar,2026-07-13T04:57:06Z
2026-07-13T04:56:31Z,2026-07-13T06:56:31+0200,46fca521-fea0-4798-9f2d-95ad89ae35bc,2026-06-26T19:00:00Z,2026-06-26T21:00:00+0200,907.24,MW,FR,FR,actual_solar_generation,Solar,2026-07-13T04:57:06Z
2026-07-13T04:56:31Z,2026-07-13T06:56:31+0200,46fca521-fea0-4798-9f2d-95ad89ae35bc,2026-06-26T19:15:00Z,2026-06-26T21:15:00+0200,608.47,MW,FR,FR,actual_solar_generation,Solar,2026-07-13T04:57:06Z
2026-07-13T04:56:31Z,2026-07-13T06:56:31+0200,46fca521-fea0-4798-9f2d-95ad89ae35bc,2026-06-26T19:30:00Z,2026-06-26T21:30:00+0200,411.19,MW,FR,FR,actual_solar_generation,Solar,2026-07-13T04:57:06Z
2026-07-13T04:56:31Z,2026-07-13T06:56:31+0200,46fca521-fea0-4798-9f2d-95ad89ae35bc,2026-06-26T19:45:00Z,2026-06-26T21:45:00+0200,305.95,MW,FR,FR,actual_solar_generation,Solar,2026-07-13T04:57:06Z
2026-07-13T04:56:31Z,2026-07-13T06:56:31+0200,46fca521-fea0-4798-9f2d-95ad89ae35bc,2026-06-26T20:00:00Z,2026-06-26T22:00:00+0200,252.86,MW,FR,FR,actual_solar_generation,Solar,2026-07-13T04:57:06Z
2026-07-13T04:56:31Z,2026-07-13T06:56:31+0200,46fca521-fea0-4798-9f2d-95ad89ae35bc,2026-06-26T20:15:00Z,2026-06-26T22:15:00+0200,239.88,MW,FR,FR,actual_solar_generation,Solar,2026-07-13T04:57:06Z
2026-07-13T04:56:31Z,2026-07-13T06:56:31+0200,46fca521-fea0-4798-9f2d-95ad89ae35bc,2026-06-26T20:30:00Z,2026-06-26T22:30:00+0200,239.3,MW,FR,FR,actual_solar_generation,Solar,2026-07-13T04:57:06Z
2026-07-13T04:56:31Z,2026-07-13T06:56:31+0200,46fca521-fea0-4798-9f2d-95ad89ae35bc,2026-06-26T20:45:00Z,2026-06-26T22:45:00+0200,245.69,MW,FR,FR,actual_solar_generation,Solar,2026-07-13T04:57:06Z
2026-07-13T04:56:31Z,2026-07-13T06:56:31+0200,46fca521-fea0-4798-9f2d-95ad89ae35bc,2026-06-26T21:00:00Z,2026-06-26T23:00:00+0200,242.05,MW,FR,FR,actual_solar_generation,Solar,2026-07-13T04:57:06Z
2026-07-13T04:56:31Z,2026-07-13T06:56:31+0200,46fca521-fea0-4798-9f2d-95ad89ae35bc,2026-06-26T21:15:00Z,2026-06-26T23:15:00+0200,235.88,MW,FR,FR,actual_solar_generation,Solar,2026-07-13T04:57:06Z
2026-07-13T04:56:31Z,2026-07-13T06:56:31+0200,46fca521-fea0-4798-9f2d-95ad89ae35bc,2026-06-26T21:30:00Z,2026-06-26T23:30:00+0200,241.77,MW,FR,FR,actual_solar_generation,Solar,2026-07-13T04:57:06Z
2026-07-13T04:56:31Z,2026-07-13T06:56:31+0200,46fca521-fea0-4798-9f2d-95ad89ae35bc,2026-06-26T21:45:00Z,2026-06-26T23:45:00+0200,232.45,MW,FR,FR,actual_solar_generation,Solar,2026-07-13T04:57:06Z
2026-07-13T04:56:31Z,2026-07-13T06:56:31+0200,46fca521-fea0-4798-9f2d-95ad89ae35bc,2026-06-26T22:00:00Z,2026-06-27T00:00:00+0200,0.0,MW,FR,FR,actual_solar_generation,Solar,2026-07-13T04:57:06Z
2026-07-13T04:56:31Z,2026-07-13T06:56:31+0200,46fca521-fea0-4798-9f2d-95ad89ae35bc,2026-06-26T22:15:00Z,2026-06-27T00:15:00+0200,0.0,MW,FR,FR,actual_solar_generation,Solar,2026-07-13T04:57:06Z
2026-07-13T04:56:31Z,2026-07-13T06:56:31+0200,46fca521-fea0-4798-9f2d-95ad89ae35bc,2026-06-26T22:30:00Z,2026-06-27T00:30:00+0200,0.0,MW,FR,FR,actual_solar_generation,Solar,2026-07-13T04:57:06Z
2026-07-13T04:56:31Z,2026-07-13T06:56:31+0200,46fca521-fea0-4798-9f2d-95ad89ae35bc,2026-06-26T22:45:00Z,2026-06-27T00:45:00+0200,0.0,MW,FR,FR,actual_solar_generation,Solar,2026-07-13T04:57:06Z
2026-07-13T04:56:31Z,2026-07-13T06:56:31+0200,46fca521-fea0-4798-9f2d-95ad89ae35bc,2026-06-26T23:00:00Z,2026-06-27T01:00:00+0200,0.0,MW,FR,FR,actual_solar_generation,Solar,2026-07-13T04:57:06Z
2026-07-13T04:56:31Z,2026-07-13T06:56:31+0200,46fca521-fea0-4798-9f2d-95ad89ae35bc,2026-06-26T23:15:00Z,2026-06-27T01:15:00+0200,0.0,MW,FR,FR,actual_solar_generation,Solar,2026-07-13T04:57:06Z
2026-07-13T04:56:31Z,2026-07-13T06:56:31+0200,46fca521-fea0-4798-9f2d-95ad89ae35bc,2026-06-26T23:30:00Z,2026-06-27T01:30:00+0200,0.0,MW,FR,FR,actual_solar_generation,Solar,2026-07-13T04:57:06Z
2026-07-13T04:56:31Z,2026-07-13T06:56:31+0200,46fca521-fea0-4798-9f2d-95ad89ae35bc,2026-06-26T23:45:00Z,2026-06-27T01:45:00+0200,0.0,MW,FR,FR,actual_solar_generation,Solar,2026-07-13T04:57:06Z
2026-07-13T04:56:31Z,2026-07-13T06:56:31+0200,46fca521-fea0-4798-9f2d-95ad89ae35bc,2026-06-27T00:00:00Z,2026-06-27T02:00:00+0200,0.0,MW,FR,FR,actual_solar_generation,Solar,2026-07-13T04:57:06Z
2026-07-13T04:56:31Z,2026-07-13T06:56:31+0200,46fca521-fea0-4798-9f2d-95ad89ae35bc,2026-06-27T00:15:00Z,2026-06-27T02:15:00+0200,0.0,MW,FR,FR,actual_solar_generation,Solar,2026-07-13T04:57:06Z
2026-07-13T04:56:31Z,2026-07-13T06:56:31+0200,46fca521-fea0-4798-9f2d-95ad89ae35bc,2026-06-27T00:30:00Z,2026-06-27T02:30:00+0200,0.0,MW,FR,FR,actual_solar_generation,Solar,2026-07-13T04:57:06Z
2026-07-13T04:56:31Z,2026-07-13T06:56:31+0200,46fca521-fea0-4798-9f2d-95ad89ae35bc,2026-06-27T00:45:00Z,2026-06-27T02:45:00+0200,0.0,MW,FR,FR,actual_solar_generation,Solar,2026-07-13T04:57:06Z
2026-07-13T04:56:31Z,2026-07-13T06:56:31+0200,46fca521-fea0-4798-9f2d-95ad89ae35bc,2026-06-27T01:00:00Z,2026-06-27T03:00:00+0200,0.0,MW,FR,FR,actual_solar_generation,Solar,2026-07-13T04:57:06Z
2026-07-13T04:56:31Z,2026-07-13T06:56:31+0200,46fca521-fea0-4798-9f2d-95ad89ae35bc,2026-06-27T01:15:00Z,2026-06-27T03:15:00+0200,0.0,MW,FR,FR,actual_solar_generation,Solar,2026-07-13T04:57:06Z
2026-07-13T04:56:31Z,2026-07-13T06:56:31+0200,46fca521-fea0-4798-9f2d-95ad89ae35bc,2026-06-27T01:30:00Z,2026-06-27T03:30:00+0200,0.0,MW,FR,FR,actual_solar_generation,Solar,2026-07-13T04:57:06Z
2026-07-13T04:56:31Z,2026-07-13T06:56:31+0200,46fca521-fea0-4798-9f2d-95ad89ae35bc,2026-06-27T01:45:00Z,2026-06-27T03:45:00+0200,0.0,MW,FR,FR,actual_solar_generation,Solar,2026-07-13T04:57:06Z
2026-07-13T04:56:31Z,2026-07-13T06:56:31+0200,46fca521-fea0-4798-9f2d-95ad89ae35bc,2026-06-27T02:00:00Z,2026-06-27T04:00:00+0200,0.0,MW,FR,FR,actual_solar_generation,Solar,2026-07-13T04:57:06Z
2026-07-13T04:56:31Z,2026-07-13T06:56:31+0200,46fca521-fea0-4798-9f2d-95ad89ae35bc,2026-06-27T02:15:00Z,2026-06-27T04:15:00+0200,0.0,MW,FR,FR,actual_solar_generation,Solar,2026-07-13T04:57:06Z
2026-07-13T04:56:31Z,2026-07-13T06:56:31+0200,46fca521-fea0-4798-9f2d-95ad89ae35bc,2026-06-27T02:30:00Z,2026-06-27T04:30:00+0200,0.0,MW,FR,FR,actual_solar_generation,Solar,2026-07-13T04:57:06Z
2026-07-13T04:56:31Z,2026-07-13T06:56:31+0200,46fca521-fea0-4798-9f2d-95ad89ae35bc,2026-06-27T02:45:00Z,2026-06-27T04:45:00+0200,0.0,MW,FR,FR,actual_solar_generation,Solar,2026-07-13T04:57:06Z
2026-07-13T04:56:31Z,2026-07-13T06:56:31+0200,46fca521-fea0-4798-9f2d-95ad89ae35bc,2026-06-27T03:00:00Z,2026-06-27T05:00:00+0200,0.0,MW,FR,FR,actual_solar_generation,Solar,2026-07-13T04:57:06Z
2026-07-13T04:56:31Z,2026-07-13T06:56:31+0200,46fca521-fea0-4798-9f2d-95ad89ae35bc,2026-06-27T03:15:00Z,2026-06-27T05:15:00+0200,0.0,MW,FR,FR,actual_solar_generation,Solar,2026-07-13T04:57:06Z
2026-07-13T04:56:31Z,2026-07-13T06:56:31+0200,46fca521-fea0-4798-9f2d-95ad89ae35bc,2026-06-27T03:30:00Z,2026-06-27T05:30:00+0200,0.0,MW,FR,FR,actual_solar_generation,Solar,2026-07-13T04:57:06Z
2026-07-13T04:56:31Z,2026-07-13T06:56:31+0200,46fca521-fea0-4798-9f2d-95ad89ae35bc,2026-06-27T03:45:00Z,2026-06-27T05:45:00+0200,0.0,MW,FR,FR,actual_solar_generation,Solar,2026-07-13T04:57:06Z
2026-07-13T04:56:31Z,2026-07-13T06:56:31+0200,46fca521-fea0-4798-9f2d-95ad89ae35bc,2026-06-27T04:00:00Z,2026-06-27T06:00:00+0200,328.56,MW,FR,FR,actual_solar_generation,Solar,2026-07-13T04:57:06Z
2026-07-13T04:56:31Z,2026-07-13T06:56:31+0200,46fca521-fea0-4798-9f2d-95ad89ae35bc,2026-06-27T04:15:00Z,2026-06-27T06:15:00+0200,419.08,MW,FR,FR,actual_solar_generation,Solar,2026-07-13T04:57:06Z
2026-07-13T04:56:31Z,2026-07-13T06:56:31+0200,46fca521-fea0-4798-9f2d-95ad89ae35bc,2026-06-27T04:30:00Z,2026-06-27T06:30:00+0200,601.55,MW,FR,FR,actual_solar_generation,Solar,2026-07-13T04:57:06Z
2026-07-13T04:56:31Z,2026-07-13T06:56:31+0200,46fca521-fea0-4798-9f2d-95ad89ae35bc,2026-06-27T04:45:00Z,2026-06-27T06:45:00+0200,893.68,MW,FR,FR,actual_solar_generation,Solar,2026-07-13T04:57:06Z
2026-07-13T04:56:31Z,2026-07-13T06:56:31+0200,46fca521-fea0-4798-9f2d-95ad89ae35bc,2026-06-27T05:00:00Z,2026-06-27T07:00:00+0200,1292.57,MW,FR,FR,actual_solar_generation,Solar,2026-07-13T04:57:06Z
2026-07-13T04:56:31Z,2026-07-13T06:56:31+0200,46fca521-fea0-4798-9f2d-95ad89ae35bc,2026-06-27T05:15:00Z,2026-06-27T07:15:00+0200,1796.15,MW,FR,FR,actual_solar_generation,Solar,2026-07-13T04:57:06Z
2026-07-13T04:56:31Z,2026-07-13T06:56:31+0200,46fca521-fea0-4798-9f2d-95ad89ae35bc,2026-06-27T05:30:00Z,2026-06-27T07:30:00+0200,2455.97,MW,FR,FR,actual_solar_generation,Solar,2026-07-13T04:57:06Z
2026-07-13T04:56:31Z,2026-07-13T06:56:31+0200,46fca521-fea0-4798-9f2d-95ad89ae35bc,2026-06-27T05:45:00Z,2026-06-27T07:45:00+0200,3196.06,MW,FR,FR,actual_solar_generation,Solar,2026-07-13T04:57:06Z
2026-07-13T04:56:31Z,2026-07-13T06:56:31+0200,46fca521-fea0-4798-9f2d-95ad89ae35bc,2026-06-27T06:00:00Z,2026-06-27T08:00:00+0200,4057.78,MW,FR,FR,actual_solar_generation,Solar,2026-07-13T04:57:06Z
2026-07-13T04:56:31Z,2026-07-13T06:56:31+0200,46fca521-fea0-4798-9f2d-95ad89ae35bc,2026-06-27T06:15:00Z,2026-06-27T08:15:00+0200,5071.02,MW,FR,FR,actual_solar_generation,Solar,2026-07-13T04:57:06Z
2026-07-13T04:56:31Z,2026-07-13T06:56:31+0200,46fca521-fea0-4798-9f2d-95ad89ae35bc,2026-06-27T06:30:00Z,2026-06-27T08:30:00+0200,6169.17,MW,FR,FR,actual_solar_generation,Solar,2026-07-13T04:57:06Z
2026-07-13T04:56:31Z,2026-07-13T06:56:31+0200,46fca521-fea0-4798-9f2d-95ad89ae35bc,2026-06-27T06:45:00Z,2026-06-27T08:45:00+0200,7254.96,MW,FR,FR,actual_solar_generation,Solar,2026-07-13T04:57:06Z
2026-07-13T04:56:31Z,2026-07-13T06:56:31+0200,46fca521-fea0-4798-9f2d-95ad89ae35bc,2026-06-27T07:00:00Z,2026-06-27T09:00:00+0200,8424.12,MW,FR,FR,actual_solar_generation,Solar,2026-07-13T04:57:06Z
2026-07-13T04:56:31Z,2026-07-13T06:56:31+0200,46fca521-fea0-4798-9f2d-95ad89ae35bc,2026-06-27T07:15:00Z,2026-06-27T09:15:00+0200,9682.26,MW,FR,FR,actual_solar_generation,Solar,2026-07-13T04:57:06Z
2026-07-13T04:56:31Z,2026-07-13T06:56:31+0200,46fca521-fea0-4798-9f2d-95ad89ae35bc,2026-06-27T07:30:00Z,2026-06-27T09:30:00+0200,10699.86,MW,FR,FR,actual_solar_generation,Solar,2026-07-13T04:57:06Z
2026-07-13T04:56:31Z,2026-07-13T06:56:31+0200,46fca521-fea0-4798-9f2d-95ad89ae35bc,2026-06-27T07:45:00Z,2026-06-27T09:45:00+0200,11728.7,MW,FR,FR,actual_solar_generation,Solar,2026-07-13T04:57:06Z
2026-07-13T04:56:31Z,2026-07-13T06:56:31+0200,46fca521-fea0-4798-9f2d-95ad89ae35bc,2026-06-27T08:00:00Z,2026-06-27T10:00:00+0200,12769.14,MW,FR,FR,actual_solar_generation,Solar,2026-07-13T04:57:06Z
2026-07-13T04:56:31Z,2026-07-13T06:56:31+0200,46fca521-fea0-4798-9f2d-95ad89ae35bc,2026-06-27T08:15:00Z,2026-06-27T10:15:00+0200,13773.53,MW,FR,FR,actual_solar_generation,Solar,2026-07-13T04:57:06Z
2026-07-13T04:56:31Z,2026-07-13T06:56:31+0200,46fca521-fea0-4798-9f2d-95ad89ae35bc,2026-06-27T08:30:00Z,2026-06-27T10:30:00+0200,14702.09,MW,FR,FR,actual_solar_generation,Solar,2026-07-13T04:57:06Z
2026-07-13T04:56:31Z,2026-07-13T06:56:31+0200,46fca521-fea0-4798-9f2d-95ad89ae35bc,2026-06-27T08:45:00Z,2026-06-27T10:45:00+0200,15443.21,MW,FR,FR,actual_solar_generation,Solar,2026-07-13T04:57:06Z
2026-07-13T04:56:31Z,2026-07-13T06:56:31+0200,46fca521-fea0-4798-9f2d-95ad89ae35bc,2026-06-27T09:00:00Z,2026-06-27T11:00:00+0200,16197.08,MW,FR,FR,actual_solar_generation,Solar,2026-07-13T04:57:06Z
2026-07-13T04:56:31Z,2026-07-13T06:56:31+0200,46fca521-fea0-4798-9f2d-95ad89ae35bc,2026-06-27T09:15:00Z,2026-06-27T11:15:00+0200,16993.1,MW,FR,FR,actual_solar_generation,Solar,2026-07-13T04:57:06Z
2026-07-13T04:56:31Z,2026-07-13T06:56:31+0200,46fca521-fea0-4798-9f2d-95ad89ae35bc,2026-06-27T09:30:00Z,2026-06-27T11:30:00+0200,17555.51,MW,FR,FR,actual_solar_generation,Solar,2026-07-13T04:57:06Z
2026-07-13T04:56:31Z,2026-07-13T06:56:31+0200,46fca521-fea0-4798-9f2d-95ad89ae35bc,2026-06-27T09:45:00Z,2026-06-27T11:45:00+0200,18019.4,MW,FR,FR,actual_solar_generation,Solar,2026-07-13T04:57:06Z
2026-07-13T04:56:31Z,2026-07-13T06:56:31+0200,46fca521-fea0-4798-9f2d-95ad89ae35bc,2026-06-27T10:00:00Z,2026-06-27T12:00:00+0200,18531.49,MW,FR,FR,actual_solar_generation,Solar,2026-07-13T04:57:06Z
2026-07-13T04:56:31Z,2026-07-13T06:56:31+0200,46fca521-fea0-4798-9f2d-95ad89ae35bc,2026-06-27T10:15:00Z,2026-06-27T12:15:00+0200,18900.81,MW,FR,FR,actual_solar_generation,Solar,2026-07-13T04:57:06Z
2026-07-13T04:56:31Z,2026-07-13T06:56:31+0200,46fca521-fea0-4798-9f2d-95ad89ae35bc,2026-06-27T10:30:00Z,2026-06-27T12:30:00+0200,19167.03,MW,FR,FR,actual_solar_generation,Solar,2026-07-13T04:57:06Z
2026-07-13T04:56:31Z,2026-07-13T06:56:31+0200,46fca521-fea0-4798-9f2d-95ad89ae35bc,2026-06-27T10:45:00Z,2026-06-27T12:45:00+0200,19374.86,MW,FR,FR,actual_solar_generation,Solar,2026-07-13T04:57:06Z
2026-07-13T04:56:31Z,2026-07-13T06:56:31+0200,46fca521-fea0-4798-9f2d-95ad89ae35bc,2026-06-27T11:00:00Z,2026-06-27T13:00:00+0200,19577.66,MW,FR,FR,actual_solar_generation,Solar,2026-07-13T04:57:06Z
2026-07-13T04:56:31Z,2026-07-13T06:56:31+0200,46fca521-fea0-4798-9f2d-95ad89ae35bc,2026-06-27T11:15:00Z,2026-06-27T13:15:00+0200,19721.97,MW,FR,FR,actual_solar_generation,Solar,2026-07-13T04:57:06Z
2026-07-13T04:56:31Z,2026-07-13T06:56:31+0200,46fca521-fea0-4798-9f2d-95ad89ae35bc,2026-06-27T11:30:00Z,2026-06-27T13:30:00+0200,19766.85,MW,FR,FR,actual_solar_generation,Solar,2026-07-13T04:57:06Z
2026-07-13T04:56:31Z,2026-07-13T06:56:31+0200,46fca521-fea0-4798-9f2d-95ad89ae35bc,2026-06-27T11:45:00Z,2026-06-27T13:45:00+0200,19820.48,MW,FR,FR,actual_solar_generation,Solar,2026-07-13T04:57:06Z
2026-07-13T04:56:31Z,2026-07-13T06:56:31+0200,46fca521-fea0-4798-9f2d-95ad89ae35bc,2026-06-27T12:00:00Z,2026-06-27T14:00:00+0200,19791.08,MW,FR,FR,actual_solar_generation,Solar,2026-07-13T04:57:06Z
2026-07-13T04:56:31Z,2026-07-13T06:56:31+0200,46fca521-fea0-4798-9f2d-95ad89ae35bc,2026-06-27T12:15:00Z,2026-06-27T14:15:00+0200,19687.51,MW,FR,FR,actual_solar_generation,Solar,2026-07-13T04:57:06Z
2026-07-13T04:56:31Z,2026-07-13T06:56:31+0200,46fca521-fea0-4798-9f2d-95ad89ae35bc,2026-06-27T12:30:00Z,2026-06-27T14:30:00+0200,19596.33,MW,FR,FR,actual_solar_generation,Solar,2026-07-13T04:57:06Z
2026-07-13T04:56:31Z,2026-07-13T06:56:31+0200,46fca521-fea0-4798-9f2d-95ad89ae35bc,2026-06-27T12:45:00Z,2026-06-27T14:45:00+0200,19377.4,MW,FR,FR,actual_solar_generation,Solar,2026-07-13T04:57:06Z
2026-07-13T04:56:31Z,2026-07-13T06:56:31+0200,46fca521-fea0-4798-9f2d-95ad89ae35bc,2026-06-27T13:00:00Z,2026-06-27T15:00:00+0200,19111.96,MW,FR,FR,actual_solar_generation,Solar,2026-07-13T04:57:06Z
2026-07-13T04:56:31Z,2026-07-13T06:56:31+0200,46fca521-fea0-4798-9f2d-95ad89ae35bc,2026-06-27T13:15:00Z,2026-06-27T15:15:00+0200,18784.34,MW,FR,FR,actual_solar_generation,Solar,2026-07-13T04:57:06Z
2026-07-13T04:56:31Z,2026-07-13T06:56:31+0200,46fca521-fea0-4798-9f2d-95ad89ae35bc,2026-06-27T13:30:00Z,2026-06-27T15:30:00+0200,18391.91,MW,FR,FR,actual_solar_generation,Solar,2026-07-13T04:57:06Z
2026-07-13T04:56:31Z,2026-07-13T06:56:31+0200,46fca521-fea0-4798-9f2d-95ad89ae35bc,2026-06-27T13:45:00Z,2026-06-27T15:45:00+0200,17938.87,MW,FR,FR,actual_solar_generation,Solar,2026-07-13T04:57:06Z
2026-07-13T04:56:31Z,2026-07-13T06:56:31+0200,46fca521-fea0-4798-9f2d-95ad89ae35bc,2026-06-27T14:00:00Z,2026-06-27T16:00:00+0200,17532.03,MW,FR,FR,actual_solar_generation,Solar,2026-07-13T04:57:06Z
2026-07-13T04:56:31Z,2026-07-13T06:56:31+0200,46fca521-fea0-4798-9f2d-95ad89ae35bc,2026-06-27T14:15:00Z,2026-06-27T16:15:00+0200,16960.33,MW,FR,FR,actual_solar_generation,Solar,2026-07-13T04:57:06Z
2026-07-13T04:56:31Z,2026-07-13T06:56:31+0200,46fca521-fea0-4798-9f2d-95ad89ae35bc,2026-06-27T14:30:00Z,2026-06-27T16:30:00+0200,16326.66,MW,FR,FR,actual_solar_generation,Solar,2026-07-13T04:57:06Z
2026-07-13T04:56:31Z,2026-07-13T06:56:31+0200,46fca521-fea0-4798-9f2d-95ad89ae35bc,2026-06-27T14:45:00Z,2026-06-27T16:45:00+0200,15639.11,MW,FR,FR,actual_solar_generation,Solar,2026-07-13T04:57:06Z
2026-07-13T04:56:31Z,2026-07-13T06:56:31+0200,46fca521-fea0-4798-9f2d-95ad89ae35bc,2026-06-27T15:00:00Z,2026-06-27T17:00:00+0200,14842.14,MW,FR,FR,actual_solar_generation,Solar,2026-07-13T04:57:06Z
2026-07-13T04:56:31Z,2026-07-13T06:56:31+0200,46fca521-fea0-4798-9f2d-95ad89ae35bc,2026-06-27T15:15:00Z,2026-06-27T17:15:00+0200,14102.24,MW,FR,FR,actual_solar_generation,Solar,2026-07-13T04:57:06Z
2026-07-13T04:56:31Z,2026-07-13T06:56:31+0200,46fca521-fea0-4798-9f2d-95ad89ae35bc,2026-06-27T15:30:00Z,2026-06-27T17:30:00+0200,13206.7,MW,FR,FR,actual_solar_generation,Solar,2026-07-13T04:57:06Z
2026-07-13T04:56:31Z,2026-07-13T06:56:31+0200,46fca521-fea0-4798-9f2d-95ad89ae35bc,2026-06-27T15:45:00Z,2026-06-27T17:45:00+0200,12248.26,MW,FR,FR,actual_solar_generation,Solar,2026-07-13T04:57:06Z
2026-07-13T04:56:31Z,2026-07-13T06:56:31+0200,46fca521-fea0-4798-9f2d-95ad89ae35bc,2026-06-27T16:00:00Z,2026-06-27T18:00:00+0200,11315.27,MW,FR,FR,actual_solar_generation,Solar,2026-07-13T04:57:06Z
2026-07-13T04:56:31Z,2026-07-13T06:56:31+0200,46fca521-fea0-4798-9f2d-95ad89ae35bc,2026-06-27T16:15:00Z,2026-06-27T18:15:00+0200,10319.59,MW,FR,FR,actual_solar_generation,Solar,2026-07-13T04:57:06Z
2026-07-13T04:56:31Z,2026-07-13T06:56:31+0200,46fca521-fea0-4798-9f2d-95ad89ae35bc,2026-06-27T16:30:00Z,2026-06-27T18:30:00+0200,9218.26,MW,FR,FR,actual_solar_generation,Solar,2026-07-13T04:57:06Z
2026-07-13T04:56:31Z,2026-07-13T06:56:31+0200,46fca521-fea0-4798-9f2d-95ad89ae35bc,2026-06-27T16:45:00Z,2026-06-27T18:45:00+0200,8199.93,MW,FR,FR,actual_solar_generation,Solar,2026-07-13T04:57:06Z
2026-07-13T04:56:31Z,2026-07-13T06:56:31+0200,46fca521-fea0-4798-9f2d-95ad89ae35bc,2026-06-27T17:00:00Z,2026-06-27T19:00:00+0200,7082.51,MW,FR,FR,actual_solar_generation,Solar,2026-07-13T04:57:06Z
2026-07-13T04:56:31Z,2026-07-13T06:56:31+0200,46fca521-fea0-4798-9f2d-95ad89ae35bc,2026-06-27T17:15:00Z,2026-06-27T19:15:00+0200,6012.36,MW,FR,FR,actual_solar_generation,Solar,2026-07-13T04:57:06Z
2026-07-13T04:56:31Z,2026-07-13T06:56:31+0200,46fca521-fea0-4798-9f2d-95ad89ae35bc,2026-06-27T17:30:00Z,2026-06-27T19:30:00+0200,4917.42,MW,FR,FR,actual_solar_generation,Solar,2026-07-13T04:57:06Z
2026-07-13T04:56:31Z,2026-07-13T06:56:31+0200,46fca521-fea0-4798-9f2d-95ad89ae35bc,2026-06-27T17:45:00Z,2026-06-27T19:45:00+0200,3916.35,MW,FR,FR,actual_solar_generation,Solar,2026-07-13T04:57:06Z
2026-07-13T04:56:31Z,2026-07-13T06:56:31+0200,46fca521-fea0-4798-9f2d-95ad89ae35bc,2026-06-27T18:00:00Z,2026-06-27T20:00:00+0200,3033.69,MW,FR,FR,actual_solar_generation,Solar,2026-07-13T04:57:06Z
2026-07-13T04:56:31Z,2026-07-13T06:56:31+0200,46fca521-fea0-4798-9f2d-95ad89ae35bc,2026-06-27T18:15:00Z,2026-06-27T20:15:00+0200,2334.63,MW,FR,FR,actual_solar_generation,Solar,2026-07-13T04:57:06Z
2026-07-13T04:56:31Z,2026-07-13T06:56:31+0200,46fca521-fea0-4798-9f2d-95ad89ae35bc,2026-06-27T18:30:00Z,2026-06-27T20:30:00+0200,1748.27,MW,FR,FR,actual_solar_generation,Solar,2026-07-13T04:57:06Z
2026-07-13T04:56:31Z,2026-07-13T06:56:31+0200,46fca521-fea0-4798-9f2d-95ad89ae35bc,2026-06-27T18:45:00Z,2026-06-27T20:45:00+0200,1310.55,MW,FR,FR,actual_solar_generation,Solar,2026-07-13T04:57:06Z
2026-07-13T04:56:31Z,2026-07-13T06:56:31+0200,46fca521-fea0-4798-9f2d-95ad89ae35bc,2026-06-27T19:00:00Z,2026-06-27T21:00:00+0200,923.7,MW,FR,FR,actual_solar_generation,Solar,2026-07-13T04:57:06Z
2026-07-13T04:56:31Z,2026-07-13T06:56:31+0200,46fca521-fea0-4798-9f2d-95ad89ae35bc,2026-06-27T19:15:00Z,2026-06-27T21:15:00+0200,606.6,MW,FR,FR,actual_solar_generation,Solar,2026-07-13T04:57:06Z
2026-07-13T04:56:31Z,2026-07-13T06:56:31+0200,46fca521-fea0-4798-9f2d-95ad89ae35bc,2026-06-27T19:30:00Z,2026-06-27T21:30:00+0200,397.25,MW,FR,FR,actual_solar_generation,Solar,2026-07-13T04:57:06Z
2026-07-13T04:56:31Z,2026-07-13T06:56:31+0200,46fca521-fea0-4798-9f2d-95ad89ae35bc,2026-06-27T19:45:00Z,2026-06-27T21:45:00+0200,289.15,MW,FR,FR,actual_solar_generation,Solar,2026-07-13T04:57:06Z
2026-07-13T04:56:31Z,2026-07-13T06:56:31+0200,46fca521-fea0-4798-9f2d-95ad89ae35bc,2026-06-27T20:00:00Z,2026-06-27T22:00:00+0200,227.95,MW,FR,FR,actual_solar_generation,Solar,2026-07-13T04:57:06Z
2026-07-13T04:56:31Z,2026-07-13T06:56:31+0200,46fca521-fea0-4798-9f2d-95ad89ae35bc,2026-06-27T20:15:00Z,2026-06-27T22:15:00+0200,201.09,MW,FR,FR,actual_solar_generation,Solar,2026-07-13T04:57:06Z
2026-07-13T04:56:31Z,2026-07-13T06:56:31+0200,46fca521-fea0-4798-9f2d-95ad89ae35bc,2026-06-27T20:30:00Z,2026-06-27T22:30:00+0200,201.69,MW,FR,FR,actual_solar_generation,Solar,2026-07-13T04:57:06Z
2026-07-13T04:56:31Z,2026-07-13T06:56:31+0200,46fca521-fea0-4798-9f2d-95ad89ae35bc,2026-06-27T20:45:00Z,2026-06-27T22:45:00+0200,207.98,MW,FR,FR,actual_solar_generation,Solar,2026-07-13T04:57:06Z
2026-07-13T04:56:31Z,2026-07-13T06:56:31+0200,46fca521-fea0-4798-9f2d-95ad89ae35bc,2026-06-27T21:00:00Z,2026-06-27T23:00:00+0200,213.55,MW,FR,FR,actual_solar_generation,Solar,2026-07-13T04:57:06Z
2026-07-13T04:56:31Z,2026-07-13T06:56:31+0200,46fca521-fea0-4798-9f2d-95ad89ae35bc,2026-06-27T21:15:00Z,2026-06-27T23:15:00+0200,214.42,MW,FR,FR,actual_solar_generation,Solar,2026-07-13T04:57:06Z
2026-07-13T04:56:31Z,2026-07-13T06:56:31+0200,46fca521-fea0-4798-9f2d-95ad89ae35bc,2026-06-27T21:30:00Z,2026-06-27T23:30:00+0200,219.41,MW,FR,FR,actual_solar_generation,Solar,2026-07-13T04:57:06Z
2026-07-13T04:56:31Z,2026-07-13T06:56:31+0200,46fca521-fea0-4798-9f2d-95ad89ae35bc,2026-06-27T21:45:00Z,2026-06-27T23:45:00+0200,217.83,MW,FR,FR,actual_solar_generation,Solar,2026-07-13T04:57:06Z
2026-07-13T04:56:31Z,2026-07-13T06:56:31+0200,46fca521-fea0-4798-9f2d-95ad89ae35bc,2026-06-27T22:00:00Z,2026-06-28T00:00:00+0200,0.0,MW,FR,FR,actual_solar_generation,Solar,2026-07-13T04:57:06Z
2026-07-13T04:56:31Z,2026-07-13T06:56:31+0200,46fca521-fea0-4798-9f2d-95ad89ae35bc,2026-06-27T22:15:00Z,2026-06-28T00:15:00+0200,0.0,MW,FR,FR,actual_solar_generation,Solar,2026-07-13T04:57:06Z
2026-07-13T04:56:31Z,2026-07-13T06:56:31+0200,46fca521-fea0-4798-9f2d-95ad89ae35bc,2026-06-27T22:30:00Z,2026-06-28T00:30:00+0200,0.0,MW,FR,FR,actual_solar_generation,Solar,2026-07-13T04:57:06Z
2026-07-13T04:56:31Z,2026-07-13T06:56:31+0200,46fca521-fea0-4798-9f2d-95ad89ae35bc,2026-06-27T22:45:00Z,2026-06-28T00:45:00+0200,0.0,MW,FR,FR,actual_solar_generation,Solar,2026-07-13T04:57:06Z
2026-07-13T04:56:31Z,2026-07-13T06:56:31+0200,46fca521-fea0-4798-9f2d-95ad89ae35bc,2026-06-27T23:00:00Z,2026-06-28T01:00:00+0200,0.0,MW,FR,FR,actual_solar_generation,Solar,2026-07-13T04:57:06Z
2026-07-13T04:56:31Z,2026-07-13T06:56:31+0200,46fca521-fea0-4798-9f2d-95ad89ae35bc,2026-06-27T23:15:00Z,2026-06-28T01:15:00+0200,0.0,MW,FR,FR,actual_solar_generation,Solar,2026-07-13T04:57:06Z
2026-07-13T04:56:31Z,2026-07-13T06:56:31+0200,46fca521-fea0-4798-9f2d-95ad89ae35bc,2026-06-27T23:30:00Z,2026-06-28T01:30:00+0200,0.0,MW,FR,FR,actual_solar_generation,Solar,2026-07-13T04:57:06Z
2026-07-13T04:56:31Z,2026-07-13T06:56:31+0200,46fca521-fea0-4798-9f2d-95ad89ae35bc,2026-06-27T23:45:00Z,2026-06-28T01:45:00+0200,0.0,MW,FR,FR,actual_solar_generation,Solar,2026-07-13T04:57:06Z
2026-07-13T04:56:31Z,2026-07-13T06:56:31+0200,46fca521-fea0-4798-9f2d-95ad89ae35bc,2026-06-28T00:00:00Z,2026-06-28T02:00:00+0200,0.0,MW,FR,FR,actual_solar_generation,Solar,2026-07-13T04:57:06Z
2026-07-13T04:56:31Z,2026-07-13T06:56:31+0200,46fca521-fea0-4798-9f2d-95ad89ae35bc,2026-06-28T00:15:00Z,2026-06-28T02:15:00+0200,0.0,MW,FR,FR,actual_solar_generation,Solar,2026-07-13T04:57:06Z
2026-07-13T04:56:31Z,2026-07-13T06:56:31+0200,46fca521-fea0-4798-9f2d-95ad89ae35bc,2026-06-28T00:30:00Z,2026-06-28T02:30:00+0200,0.0,MW,FR,FR,actual_solar_generation,Solar,2026-07-13T04:57:06Z
2026-07-13T04:56:31Z,2026-07-13T06:56:31+0200,46fca521-fea0-4798-9f2d-95ad89ae35bc,2026-06-28T00:45:00Z,2026-06-28T02:45:00+0200,0.0,MW,FR,FR,actual_solar_generation,Solar,2026-07-13T04:57:06Z
2026-07-13T04:56:31Z,2026-07-13T06:56:31+0200,46fca521-fea0-4798-9f2d-95ad89ae35bc,2026-06-28T01:00:00Z,2026-06-28T03:00:00+0200,0.0,MW,FR,FR,actual_solar_generation,Solar,2026-07-13T04:57:06Z
2026-07-13T04:56:31Z,2026-07-13T06:56:31+0200,46fca521-fea0-4798-9f2d-95ad89ae35bc,2026-06-28T01:15:00Z,2026-06-28T03:15:00+0200,0.0,MW,FR,FR,actual_solar_generation,Solar,2026-07-13T04:57:06Z
2026-07-13T04:56:31Z,2026-07-13T06:56:31+0200,46fca521-fea0-4798-9f2d-95ad89ae35bc,2026-06-28T01:30:00Z,2026-06-28T03:30:00+0200,0.0,MW,FR,FR,actual_solar_generation,Solar,2026-07-13T04:57:06Z
2026-07-13T04:56:31Z,2026-07-13T06:56:31+0200,46fca521-fea0-4798-9f2d-95ad89ae35bc,2026-06-28T01:45:00Z,2026-06-28T03:45:00+0200,0.0,MW,FR,FR,actual_solar_generation,Solar,2026-07-13T04:57:06Z
2026-07-13T04:56:31Z,2026-07-13T06:56:31+0200,46fca521-fea0-4798-9f2d-95ad89ae35bc,2026-06-28T02:00:00Z,2026-06-28T04:00:00+0200,0.0,MW,FR,FR,actual_solar_generation,Solar,2026-07-13T04:57:06Z
2026-07-13T04:56:31Z,2026-07-13T06:56:31+0200,46fca521-fea0-4798-9f2d-95ad89ae35bc,2026-06-28T02:15:00Z,2026-06-28T04:15:00+0200,0.0,MW,FR,FR,actual_solar_generation,Solar,2026-07-13T04:57:06Z
2026-07-13T04:56:31Z,2026-07-13T06:56:31+0200,46fca521-fea0-4798-9f2d-95ad89ae35bc,2026-06-28T02:30:00Z,2026-06-28T04:30:00+0200,0.0,MW,FR,FR,actual_solar_generation,Solar,2026-07-13T04:57:06Z
2026-07-13T04:56:31Z,2026-07-13T06:56:31+0200,46fca521-fea0-4798-9f2d-95ad89ae35bc,2026-06-28T02:45:00Z,2026-06-28T04:45:00+0200,0.0,MW,FR,FR,actual_solar_generation,Solar,2026-07-13T04:57:06Z
2026-07-13T04:56:31Z,2026-07-13T06:56:31+0200,46fca521-fea0-4798-9f2d-95ad89ae35bc,2026-06-28T03:00:00Z,2026-06-28T05:00:00+0200,0.0,MW,FR,FR,actual_solar_generation,Solar,2026-07-13T04:57:06Z
2026-07-13T04:56:31Z,2026-07-13T06:56:31+0200,46fca521-fea0-4798-9f2d-95ad89ae35bc,2026-06-28T03:15:00Z,2026-06-28T05:15:00+0200,0.0,MW,FR,FR,actual_solar_generation,Solar,2026-07-13T04:57:06Z
2026-07-13T04:56:31Z,2026-07-13T06:56:31+0200,46fca521-fea0-4798-9f2d-95ad89ae35bc,2026-06-28T03:30:00Z,2026-06-28T05:30:00+0200,0.0,MW,FR,FR,actual_solar_generation,Solar,2026-07-13T04:57:06Z
2026-07-13T04:56:31Z,2026-07-13T06:56:31+0200,46fca521-fea0-4798-9f2d-95ad89ae35bc,2026-06-28T03:45:00Z,2026-06-28T05:45:00+0200,0.0,MW,FR,FR,actual_solar_generation,Solar,2026-07-13T04:57:06Z
2026-07-13T04:56:31Z,2026-07-13T06:56:31+0200,46fca521-fea0-4798-9f2d-95ad89ae35bc,2026-06-28T04:00:00Z,2026-06-28T06:00:00+0200,286.41,MW,FR,FR,actual_solar_generation,Solar,2026-07-13T04:57:06Z
2026-07-13T04:56:31Z,2026-07-13T06:56:31+0200,46fca521-fea0-4798-9f2d-95ad89ae35bc,2026-06-28T04:15:00Z,2026-06-28T06:15:00+0200,370.46,MW,FR,FR,actual_solar_generation,Solar,2026-07-13T04:57:06Z
2026-07-13T04:56:31Z,2026-07-13T06:56:31+0200,46fca521-fea0-4798-9f2d-95ad89ae35bc,2026-06-28T04:30:00Z,2026-06-28T06:30:00+0200,535.51,MW,FR,FR,actual_solar_generation,Solar,2026-07-13T04:57:06Z
2026-07-13T04:56:31Z,2026-07-13T06:56:31+0200,46fca521-fea0-4798-9f2d-95ad89ae35bc,2026-06-28T04:45:00Z,2026-06-28T06:45:00+0200,806.02,MW,FR,FR,actual_solar_generation,Solar,2026-07-13T04:57:06Z
2026-07-13T04:56:31Z,2026-07-13T06:56:31+0200,46fca521-fea0-4798-9f2d-95ad89ae35bc,2026-06-28T05:00:00Z,2026-06-28T07:00:00+0200,1164.67,MW,FR,FR,actual_solar_generation,Solar,2026-07-13T04:57:06Z
2026-07-13T04:56:31Z,2026-07-13T06:56:31+0200,46fca521-fea0-4798-9f2d-95ad89ae35bc,2026-06-28T05:15:00Z,2026-06-28T07:15:00+0200,1631.88,MW,FR,FR,actual_solar_generation,Solar,2026-07-13T04:57:06Z
2026-07-13T04:56:31Z,2026-07-13T06:56:31+0200,46fca521-fea0-4798-9f2d-95ad89ae35bc,2026-06-28T05:30:00Z,2026-06-28T07:30:00+0200,2225.38,MW,FR,FR,actual_solar_generation,Solar,2026-07-13T04:57:06Z
2026-07-13T04:56:31Z,2026-07-13T06:56:31+0200,46fca521-fea0-4798-9f2d-95ad89ae35bc,2026-06-28T05:45:00Z,2026-06-28T07:45:00+0200,2867.37,MW,FR,FR,actual_solar_generation,Solar,2026-07-13T04:57:06Z
2026-07-13T04:56:31Z,2026-07-13T06:56:31+0200,46fca521-fea0-4798-9f2d-95ad89ae35bc,2026-06-28T06:00:00Z,2026-06-28T08:00:00+0200,3653.85,MW,FR,FR,actual_solar_generation,Solar,2026-07-13T04:57:06Z
2026-07-13T04:56:31Z,2026-07-13T06:56:31+0200,46fca521-fea0-4798-9f2d-95ad89ae35bc,2026-06-28T06:15:00Z,2026-06-28T08:15:00+0200,4490.77,MW,FR,FR,actual_solar_generation,Solar,2026-07-13T04:57:06Z
2026-07-13T04:56:31Z,2026-07-13T06:56:31+0200,46fca521-fea0-4798-9f2d-95ad89ae35bc,2026-06-28T06:30:00Z,2026-06-28T08:30:00+0200,5444.9,MW,FR,FR,actual_solar_generation,Solar,2026-07-13T04:57:06Z
2026-07-13T04:56:31Z,2026-07-13T06:56:31+0200,46fca521-fea0-4798-9f2d-95ad89ae35bc,2026-06-28T06:45:00Z,2026-06-28T08:45:00+0200,6437.27,MW,FR,FR,actual_solar_generation,Solar,2026-07-13T04:57:06Z
2026-07-13T04:56:31Z,2026-07-13T06:56:31+0200,46fca521-fea0-4798-9f2d-95ad89ae35bc,2026-06-28T07:00:00Z,2026-06-28T09:00:00+0200,7462.12,MW,FR,FR,actual_solar_generation,Solar,2026-07-13T04:57:06Z
2026-07-13T04:56:31Z,2026-07-13T06:56:31+0200,46fca521-fea0-4798-9f2d-95ad89ae35bc,2026-06-28T07:15:00Z,2026-06-28T09:15:00+0200,8494.8,MW,FR,FR,actual_solar_generation,Solar,2026-07-13T04:57:06Z
2026-07-13T04:56:31Z,2026-07-13T06:56:31+0200,46fca521-fea0-4798-9f2d-95ad89ae35bc,2026-06-28T07:30:00Z,2026-06-28T09:30:00+0200,9393.65,MW,FR,FR,actual_solar_generation,Solar,2026-07-13T04:57:06Z
2026-07-13T04:56:31Z,2026-07-13T06:56:31+0200,46fca521-fea0-4798-9f2d-95ad89ae35bc,2026-06-28T07:45:00Z,2026-06-28T09:45:00+0200,10158.88,MW,FR,FR,actual_solar_generation,Solar,2026-07-13T04:57:06Z
2026-07-13T04:56:31Z,2026-07-13T06:56:31+0200,46fca521-fea0-4798-9f2d-95ad89ae35bc,2026-06-28T08:00:00Z,2026-06-28T10:00:00+0200,10928.32,MW,FR,FR,actual_solar_generation,Solar,2026-07-13T04:57:06Z
2026-07-13T04:56:31Z,2026-07-13T06:56:31+0200,46fca521-fea0-4798-9f2d-95ad89ae35bc,2026-06-28T08:15:00Z,2026-06-28T10:15:00+0200,11746.47,MW,FR,FR,actual_solar_generation,Solar,2026-07-13T04:57:06Z
2026-07-13T04:56:31Z,2026-07-13T06:56:31+0200,46fca521-fea0-4798-9f2d-95ad89ae35bc,2026-06-28T08:30:00Z,2026-06-28T10:30:00+0200,12538.57,MW,FR,FR,actual_solar_generation,Solar,2026-07-13T04:57:06Z
2026-07-13T04:56:31Z,2026-07-13T06:56:31+0200,46fca521-fea0-4798-9f2d-95ad89ae35bc,2026-06-28T08:45:00Z,2026-06-28T10:45:00+0200,13269.02,MW,FR,FR,actual_solar_generation,Solar,2026-07-13T04:57:06Z
2026-07-13T04:56:31Z,2026-07-13T06:56:31+0200,46fca521-fea0-4798-9f2d-95ad89ae35bc,2026-06-28T09:00:00Z,2026-06-28T11:00:00+0200,13776.88,MW,FR,FR,actual_solar_generation,Solar,2026-07-13T04:57:06Z
2026-07-13T04:56:31Z,2026-07-13T06:56:31+0200,46fca521-fea0-4798-9f2d-95ad89ae35bc,2026-06-28T09:15:00Z,2026-06-28T11:15:00+0200,14253.84,MW,FR,FR,actual_solar_generation,Solar,2026-07-13T04:57:06Z
2026-07-13T04:56:31Z,2026-07-13T06:56:31+0200,46fca521-fea0-4798-9f2d-95ad89ae35bc,2026-06-28T09:30:00Z,2026-06-28T11:30:00+0200,14788.95,MW,FR,FR,actual_solar_generation,Solar,2026-07-13T04:57:06Z
2026-07-13T04:56:31Z,2026-07-13T06:56:31+0200,46fca521-fea0-4798-9f2d-95ad89ae35bc,2026-06-28T09:45:00Z,2026-06-28T11:45:00+0200,15364.24,MW,FR,FR,actual_solar_generation,Solar,2026-07-13T04:57:06Z
2026-07-13T04:56:31Z,2026-07-13T06:56:31+0200,46fca521-fea0-4798-9f2d-95ad89ae35bc,2026-06-28T10:00:00Z,2026-06-28T12:00:00+0200,15773.12,MW,FR,FR,actual_solar_generation,Solar,2026-07-13T04:57:06Z
2026-07-13T04:56:31Z,2026-07-13T06:56:31+0200,46fca521-fea0-4798-9f2d-95ad89ae35bc,2026-06-28T10:15:00Z,2026-06-28T12:15:00+0200,16319.55,MW,FR,FR,actual_solar_generation,Solar,2026-07-13T04:57:06Z
2026-07-13T04:56:31Z,2026-07-13T06:56:31+0200,46fca521-fea0-4798-9f2d-95ad89ae35bc,2026-06-28T10:30:00Z,2026-06-28T12:30:00+0200,16740.08,MW,FR,FR,actual_solar_generation,Solar,2026-07-13T04:57:06Z
2026-07-13T04:56:31Z,2026-07-13T06:56:31+0200,46fca521-fea0-4798-9f2d-95ad89ae35bc,2026-06-28T10:45:00Z,2026-06-28T12:45:00+0200,16833.15,MW,FR,FR,actual_solar_generation,Solar,2026-07-13T04:57:06Z
2026-07-13T04:56:31Z,2026-07-13T06:56:31+0200,46fca521-fea0-4798-9f2d-95ad89ae35bc,2026-06-28T11:00:00Z,2026-06-28T13:00:00+0200,17169.56,MW,FR,FR,actual_solar_generation,Solar,2026-07-13T04:57:06Z
2026-07-13T04:56:31Z,2026-07-13T06:56:31+0200,46fca521-fea0-4798-9f2d-95ad89ae35bc,2026-06-28T11:15:00Z,2026-06-28T13:15:00+0200,17418.37,MW,FR,FR,actual_solar_generation,Solar,2026-07-13T04:57:06Z
2026-07-13T04:56:31Z,2026-07-13T06:56:31+0200,46fca521-fea0-4798-9f2d-95ad89ae35bc,2026-06-28T11:30:00Z,2026-06-28T13:30:00+0200,17448.25,MW,FR,FR,actual_solar_generation,Solar,2026-07-13T04:57:06Z
2026-07-13T04:56:31Z,2026-07-13T06:56:31+0200,46fca521-fea0-4798-9f2d-95ad89ae35bc,2026-06-28T11:45:00Z,2026-06-28T13:45:00+0200,17394.22,MW,FR,FR,actual_solar_generation,Solar,2026-07-13T04:57:06Z
2026-07-13T04:56:31Z,2026-07-13T06:56:31+0200,46fca521-fea0-4798-9f2d-95ad89ae35bc,2026-06-28T12:00:00Z,2026-06-28T14:00:00+0200,17436.25,MW,FR,FR,actual_solar_generation,Solar,2026-07-13T04:57:06Z
2026-07-13T04:56:31Z,2026-07-13T06:56:31+0200,46fca521-fea0-4798-9f2d-95ad89ae35bc,2026-06-28T12:15:00Z,2026-06-28T14:15:00+0200,17417.74,MW,FR,FR,actual_solar_generation,Solar,2026-07-13T04:57:06Z
2026-07-13T04:56:31Z,2026-07-13T06:56:31+0200,46fca521-fea0-4798-9f2d-95ad89ae35bc,2026-06-28T12:30:00Z,2026-06-28T14:30:00+0200,17457.4,MW,FR,FR,actual_solar_generation,Solar,2026-07-13T04:57:06Z
2026-07-13T04:56:31Z,2026-07-13T06:56:31+0200,46fca521-fea0-4798-9f2d-95ad89ae35bc,2026-06-28T12:45:00Z,2026-06-28T14:45:00+0200,17070.95,MW,FR,FR,actual_solar_generation,Solar,2026-07-13T04:57:06Z
2026-07-13T04:56:31Z,2026-07-13T06:56:31+0200,46fca521-fea0-4798-9f2d-95ad89ae35bc,2026-06-28T13:00:00Z,2026-06-28T15:00:00+0200,17057.79,MW,FR,FR,actual_solar_generation,Solar,2026-07-13T04:57:06Z
2026-07-13T04:56:31Z,2026-07-13T06:56:31+0200,46fca521-fea0-4798-9f2d-95ad89ae35bc,2026-06-28T13:15:00Z,2026-06-28T15:15:00+0200,16401.15,MW,FR,FR,actual_solar_generation,Solar,2026-07-13T04:57:06Z
2026-07-13T04:56:31Z,2026-07-13T06:56:31+0200,46fca521-fea0-4798-9f2d-95ad89ae35bc,2026-06-28T13:30:00Z,2026-06-28T15:30:00+0200,15906.56,MW,FR,FR,actual_solar_generation,Solar,2026-07-13T04:57:06Z
2026-07-13T04:56:31Z,2026-07-13T06:56:31+0200,46fca521-fea0-4798-9f2d-95ad89ae35bc,2026-06-28T13:45:00Z,2026-06-28T15:45:00+0200,15785.18,MW,FR,FR,actual_solar_generation,Solar,2026-07-13T04:57:06Z
2026-07-13T04:56:31Z,2026-07-13T06:56:31+0200,46fca521-fea0-4798-9f2d-95ad89ae35bc,2026-06-28T14:00:00Z,2026-06-28T16:00:00+0200,15531.9,MW,FR,FR,actual_solar_generation,Solar,2026-07-13T04:57:06Z
2026-07-13T04:56:31Z,2026-07-13T06:56:31+0200,46fca521-fea0-4798-9f2d-95ad89ae35bc,2026-06-28T14:15:00Z,2026-06-28T16:15:00+0200,14979.24,MW,FR,FR,actual_solar_generation,Solar,2026-07-13T04:57:06Z
2026-07-13T04:56:31Z,2026-07-13T06:56:31+0200,46fca521-fea0-4798-9f2d-95ad89ae35bc,2026-06-28T14:30:00Z,2026-06-28T16:30:00+0200,14207.49,MW,FR,FR,actual_solar_generation,Solar,2026-07-13T04:57:06Z
2026-07-13T04:56:31Z,2026-07-13T06:56:31+0200,46fca521-fea0-4798-9f2d-95ad89ae35bc,2026-06-28T14:45:00Z,2026-06-28T16:45:00+0200,13533.36,MW,FR,FR,actual_solar_generation,Solar,2026-07-13T04:57:06Z
2026-07-13T04:56:31Z,2026-07-13T06:56:31+0200,46fca521-fea0-4798-9f2d-95ad89ae35bc,2026-06-28T15:00:00Z,2026-06-28T17:00:00+0200,12682.35,MW,FR,FR,actual_solar_generation,Solar,2026-07-13T04:57:06Z
2026-07-13T04:56:31Z,2026-07-13T06:56:31+0200,46fca521-fea0-4798-9f2d-95ad89ae35bc,2026-06-28T15:15:00Z,2026-06-28T17:15:00+0200,11972.26,MW,FR,FR,actual_solar_generation,Solar,2026-07-13T04:57:06Z
2026-07-13T04:56:31Z,2026-07-13T06:56:31+0200,46fca521-fea0-4798-9f2d-95ad89ae35bc,2026-06-28T15:30:00Z,2026-06-28T17:30:00+0200,11190.23,MW,FR,FR,actual_solar_generation,Solar,2026-07-13T04:57:06Z
2026-07-13T04:56:31Z,2026-07-13T06:56:31+0200,46fca521-fea0-4798-9f2d-95ad89ae35bc,2026-06-28T15:45:00Z,2026-06-28T17:45:00+0200,10198.38,MW,FR,FR,actual_solar_generation,Solar,2026-07-13T04:57:06Z
2026-07-13T04:56:31Z,2026-07-13T06:56:31+0200,46fca521-fea0-4798-9f2d-95ad89ae35bc,2026-06-28T16:00:00Z,2026-06-28T18:00:00+0200,9270.98,MW,FR,FR,actual_solar_generation,Solar,2026-07-13T04:57:06Z
2026-07-13T04:56:31Z,2026-07-13T06:56:31+0200,46fca521-fea0-4798-9f2d-95ad89ae35bc,2026-06-28T16:15:00Z,2026-06-28T18:15:00+0200,8276.22,MW,FR,FR,actual_solar_generation,Solar,2026-07-13T04:57:06Z
2026-07-13T04:56:31Z,2026-07-13T06:56:31+0200,46fca521-fea0-4798-9f2d-95ad89ae35bc,2026-06-28T16:30:00Z,2026-06-28T18:30:00+0200,7371.8,MW,FR,FR,actual_solar_generation,Solar,2026-07-13T04:57:06Z
2026-07-13T04:56:31Z,2026-07-13T06:56:31+0200,46fca521-fea0-4798-9f2d-95ad89ae35bc,2026-06-28T16:45:00Z,2026-06-28T18:45:00+0200,6358.67,MW,FR,FR,actual_solar_generation,Solar,2026-07-13T04:57:06Z
2026-07-13T04:56:31Z,2026-07-13T06:56:31+0200,46fca521-fea0-4798-9f2d-95ad89ae35bc,2026-06-28T17:00:00Z,2026-06-28T19:00:00+0200,5463.38,MW,FR,FR,actual_solar_generation,Solar,2026-07-13T04:57:06Z
2026-07-13T04:56:31Z,2026-07-13T06:56:31+0200,46fca521-fea0-4798-9f2d-95ad89ae35bc,2026-06-28T17:15:00Z,2026-06-28T19:15:00+0200,4576.22,MW,FR,FR,actual_solar_generation,Solar,2026-07-13T04:57:06Z
2026-07-13T04:56:31Z,2026-07-13T06:56:31+0200,46fca521-fea0-4798-9f2d-95ad89ae35bc,2026-06-28T17:30:00Z,2026-06-28T19:30:00+0200,3759.18,MW,FR,FR,actual_solar_generation,Solar,2026-07-13T04:57:06Z
2026-07-13T04:56:31Z,2026-07-13T06:56:31+0200,46fca521-fea0-4798-9f2d-95ad89ae35bc,2026-06-28T17:45:00Z,2026-06-28T19:45:00+0200,3028.75,MW,FR,FR,actual_solar_generation,Solar,2026-07-13T04:57:06Z
2026-07-13T04:56:31Z,2026-07-13T06:56:31+0200,46fca521-fea0-4798-9f2d-95ad89ae35bc,2026-06-28T18:00:00Z,2026-06-28T20:00:00+0200,2380.59,MW,FR,FR,actual_solar_generation,Solar,2026-07-13T04:57:06Z
2026-07-13T04:56:31Z,2026-07-13T06:56:31+0200,46fca521-fea0-4798-9f2d-95ad89ae35bc,2026-06-28T18:15:00Z,2026-06-28T20:15:00+0200,1867.74,MW,FR,FR,actual_solar_generation,Solar,2026-07-13T04:57:06Z
2026-07-13T04:56:31Z,2026-07-13T06:56:31+0200,46fca521-fea0-4798-9f2d-95ad89ae35bc,2026-06-28T18:30:00Z,2026-06-28T20:30:00+0200,1433.33,MW,FR,FR,actual_solar_generation,Solar,2026-07-13T04:57:06Z
2026-07-13T04:56:31Z,2026-07-13T06:56:31+0200,46fca521-fea0-4798-9f2d-95ad89ae35bc,2026-06-28T18:45:00Z,2026-06-28T20:45:00+0200,1072.52,MW,FR,FR,actual_solar_generation,Solar,2026-07-13T04:57:06Z
2026-07-13T04:56:31Z,2026-07-13T06:56:31+0200,46fca521-fea0-4798-9f2d-95ad89ae35bc,2026-06-28T19:00:00Z,2026-06-28T21:00:00+0200,771.82,MW,FR,FR,actual_solar_generation,Solar,2026-07-13T04:57:06Z
2026-07-13T04:56:31Z,2026-07-13T06:56:31+0200,46fca521-fea0-4798-9f2d-95ad89ae35bc,2026-06-28T19:15:00Z,2026-06-28T21:15:00+0200,534.21,MW,FR,FR,actual_solar_generation,Solar,2026-07-13T04:57:06Z
2026-07-13T04:56:31Z,2026-07-13T06:56:31+0200,46fca521-fea0-4798-9f2d-95ad89ae35bc,2026-06-28T19:30:00Z,2026-06-28T21:30:00+0200,367.12,MW,FR,FR,actual_solar_generation,Solar,2026-07-13T04:57:06Z
2026-07-13T04:56:31Z,2026-07-13T06:56:31+0200,46fca521-fea0-4798-9f2d-95ad89ae35bc,2026-06-28T19:45:00Z,2026-06-28T21:45:00+0200,262.23,MW,FR,FR,actual_solar_generation,Solar,2026-07-13T04:57:06Z
2026-07-13T04:56:31Z,2026-07-13T06:56:31+0200,46fca521-fea0-4798-9f2d-95ad89ae35bc,2026-06-28T20:00:00Z,2026-06-28T22:00:00+0200,217.21,MW,FR,FR,actual_solar_generation,Solar,2026-07-13T04:57:06Z
2026-07-13T04:56:31Z,2026-07-13T06:56:31+0200,46fca521-fea0-4798-9f2d-95ad89ae35bc,2026-06-28T20:15:00Z,2026-06-28T22:15:00+0200,241.95,MW,FR,FR,actual_solar_generation,Solar,2026-07-13T04:57:06Z
2026-07-13T04:56:31Z,2026-07-13T06:56:31+0200,46fca521-fea0-4798-9f2d-95ad89ae35bc,2026-06-28T20:30:00Z,2026-06-28T22:30:00+0200,243.85,MW,FR,FR,actual_solar_generation,Solar,2026-07-13T04:57:06Z
2026-07-13T04:56:31Z,2026-07-13T06:56:31+0200,46fca521-fea0-4798-9f2d-95ad89ae35bc,2026-06-28T20:45:00Z,2026-06-28T22:45:00+0200,241.7,MW,FR,FR,actual_solar_generation,Solar,2026-07-13T04:57:06Z
2026-07-13T04:56:31Z,2026-07-13T06:56:31+0200,46fca521-fea0-4798-9f2d-95ad89ae35bc,2026-06-28T21:00:00Z,2026-06-28T23:00:00+0200,234.26,MW,FR,FR,actual_solar_generation,Solar,2026-07-13T04:57:06Z
2026-07-13T04:56:31Z,2026-07-13T06:56:31+0200,46fca521-fea0-4798-9f2d-95ad89ae35bc,2026-06-28T21:15:00Z,2026-06-28T23:15:00+0200,236.55,MW,FR,FR,actual_solar_generation,Solar,2026-07-13T04:57:06Z
2026-07-13T04:56:31Z,2026-07-13T06:56:31+0200,46fca521-fea0-4798-9f2d-95ad89ae35bc,2026-06-28T21:30:00Z,2026-06-28T23:30:00+0200,236.03,MW,FR,FR,actual_solar_generation,Solar,2026-07-13T04:57:06Z
2026-07-13T04:56:31Z,2026-07-13T06:56:31+0200,46fca521-fea0-4798-9f2d-95ad89ae35bc,2026-06-28T21:45:00Z,2026-06-28T23:45:00+0200,244.52,MW,FR,FR,actual_solar_generation,Solar,2026-07-13T04:57:06Z
2026-07-13T04:56:31Z,2026-07-13T06:56:31+0200,46fca521-fea0-4798-9f2d-95ad89ae35bc,2026-06-28T22:00:00Z,2026-06-29T00:00:00+0200,0.0,MW,FR,FR,actual_solar_generation,Solar,2026-07-13T04:57:06Z
2026-07-13T04:56:31Z,2026-07-13T06:56:31+0200,46fca521-fea0-4798-9f2d-95ad89ae35bc,2026-06-28T22:15:00Z,2026-06-29T00:15:00+0200,0.0,MW,FR,FR,actual_solar_generation,Solar,2026-07-13T04:57:06Z
2026-07-13T04:56:31Z,2026-07-13T06:56:31+0200,46fca521-fea0-4798-9f2d-95ad89ae35bc,2026-06-28T22:30:00Z,2026-06-29T00:30:00+0200,0.0,MW,FR,FR,actual_solar_generation,Solar,2026-07-13T04:57:06Z
2026-07-13T04:56:31Z,2026-07-13T06:56:31+0200,46fca521-fea0-4798-9f2d-95ad89ae35bc,2026-06-28T22:45:00Z,2026-06-29T00:45:00+0200,0.0,MW,FR,FR,actual_solar_generation,Solar,2026-07-13T04:57:06Z
2026-07-13T04:56:31Z,2026-07-13T06:56:31+0200,46fca521-fea0-4798-9f2d-95ad89ae35bc,2026-06-28T23:00:00Z,2026-06-29T01:00:00+0200,0.0,MW,FR,FR,actual_solar_generation,Solar,2026-07-13T04:57:06Z
2026-07-13T04:56:31Z,2026-07-13T06:56:31+0200,46fca521-fea0-4798-9f2d-95ad89ae35bc,2026-06-28T23:15:00Z,2026-06-29T01:15:00+0200,0.0,MW,FR,FR,actual_solar_generation,Solar,2026-07-13T04:57:06Z
2026-07-13T04:56:31Z,2026-07-13T06:56:31+0200,46fca521-fea0-4798-9f2d-95ad89ae35bc,2026-06-28T23:30:00Z,2026-06-29T01:30:00+0200,0.0,MW,FR,FR,actual_solar_generation,Solar,2026-07-13T04:57:06Z
2026-07-13T04:56:31Z,2026-07-13T06:56:31+0200,46fca521-fea0-4798-9f2d-95ad89ae35bc,2026-06-28T23:45:00Z,2026-06-29T01:45:00+0200,0.0,MW,FR,FR,actual_solar_generation,Solar,2026-07-13T04:57:06Z
2026-07-13T04:56:31Z,2026-07-13T06:56:31+0200,46fca521-fea0-4798-9f2d-95ad89ae35bc,2026-06-29T00:00:00Z,2026-06-29T02:00:00+0200,0.0,MW,FR,FR,actual_solar_generation,Solar,2026-07-13T04:57:06Z
2026-07-13T04:56:31Z,2026-07-13T06:56:31+0200,46fca521-fea0-4798-9f2d-95ad89ae35bc,2026-06-29T00:15:00Z,2026-06-29T02:15:00+0200,0.0,MW,FR,FR,actual_solar_generation,Solar,2026-07-13T04:57:06Z
2026-07-13T04:56:31Z,2026-07-13T06:56:31+0200,46fca521-fea0-4798-9f2d-95ad89ae35bc,2026-06-29T00:30:00Z,2026-06-29T02:30:00+0200,0.0,MW,FR,FR,actual_solar_generation,Solar,2026-07-13T04:57:06Z
2026-07-13T04:56:31Z,2026-07-13T06:56:31+0200,46fca521-fea0-4798-9f2d-95ad89ae35bc,2026-06-29T00:45:00Z,2026-06-29T02:45:00+0200,0.0,MW,FR,FR,actual_solar_generation,Solar,2026-07-13T04:57:06Z
2026-07-13T04:56:31Z,2026-07-13T06:56:31+0200,46fca521-fea0-4798-9f2d-95ad89ae35bc,2026-06-29T01:00:00Z,2026-06-29T03:00:00+0200,0.0,MW,FR,FR,actual_solar_generation,Solar,2026-07-13T04:57:06Z
2026-07-13T04:56:31Z,2026-07-13T06:56:31+0200,46fca521-fea0-4798-9f2d-95ad89ae35bc,2026-06-29T01:15:00Z,2026-06-29T03:15:00+0200,0.0,MW,FR,FR,actual_solar_generation,Solar,2026-07-13T04:57:06Z
2026-07-13T04:56:31Z,2026-07-13T06:56:31+0200,46fca521-fea0-4798-9f2d-95ad89ae35bc,2026-06-29T01:30:00Z,2026-06-29T03:30:00+0200,0.0,MW,FR,FR,actual_solar_generation,Solar,2026-07-13T04:57:06Z
2026-07-13T04:56:31Z,2026-07-13T06:56:31+0200,46fca521-fea0-4798-9f2d-95ad89ae35bc,2026-06-29T01:45:00Z,2026-06-29T03:45:00+0200,0.0,MW,FR,FR,actual_solar_generation,Solar,2026-07-13T04:57:06Z
2026-07-13T04:56:31Z,2026-07-13T06:56:31+0200,46fca521-fea0-4798-9f2d-95ad89ae35bc,2026-06-29T02:00:00Z,2026-06-29T04:00:00+0200,0.0,MW,FR,FR,actual_solar_generation,Solar,2026-07-13T04:57:06Z
2026-07-13T04:56:31Z,2026-07-13T06:56:31+0200,46fca521-fea0-4798-9f2d-95ad89ae35bc,2026-06-29T02:15:00Z,2026-06-29T04:15:00+0200,0.0,MW,FR,FR,actual_solar_generation,Solar,2026-07-13T04:57:06Z
2026-07-13T04:56:31Z,2026-07-13T06:56:31+0200,46fca521-fea0-4798-9f2d-95ad89ae35bc,2026-06-29T02:30:00Z,2026-06-29T04:30:00+0200,0.0,MW,FR,FR,actual_solar_generation,Solar,2026-07-13T04:57:06Z
2026-07-13T04:56:31Z,2026-07-13T06:56:31+0200,46fca521-fea0-4798-9f2d-95ad89ae35bc,2026-06-29T02:45:00Z,2026-06-29T04:45:00+0200,0.0,MW,FR,FR,actual_solar_generation,Solar,2026-07-13T04:57:06Z
2026-07-13T04:56:31Z,2026-07-13T06:56:31+0200,46fca521-fea0-4798-9f2d-95ad89ae35bc,2026-06-29T03:00:00Z,2026-06-29T05:00:00+0200,0.0,MW,FR,FR,actual_solar_generation,Solar,2026-07-13T04:57:06Z
2026-07-13T04:56:31Z,2026-07-13T06:56:31+0200,46fca521-fea0-4798-9f2d-95ad89ae35bc,2026-06-29T03:15:00Z,2026-06-29T05:15:00+0200,0.0,MW,FR,FR,actual_solar_generation,Solar,2026-07-13T04:57:06Z
2026-07-13T04:56:31Z,2026-07-13T06:56:31+0200,46fca521-fea0-4798-9f2d-95ad89ae35bc,2026-06-29T03:30:00Z,2026-06-29T05:30:00+0200,0.0,MW,FR,FR,actual_solar_generation,Solar,2026-07-13T04:57:06Z
2026-07-13T04:56:31Z,2026-07-13T06:56:31+0200,46fca521-fea0-4798-9f2d-95ad89ae35bc,2026-06-29T03:45:00Z,2026-06-29T05:45:00+0200,0.0,MW,FR,FR,actual_solar_generation,Solar,2026-07-13T04:57:06Z
2026-07-13T04:56:31Z,2026-07-13T06:56:31+0200,46fca521-fea0-4798-9f2d-95ad89ae35bc,2026-06-29T04:00:00Z,2026-06-29T06:00:00+0200,282.6,MW,FR,FR,actual_solar_generation,Solar,2026-07-13T04:57:06Z
2026-07-13T04:56:31Z,2026-07-13T06:56:31+0200,46fca521-fea0-4798-9f2d-95ad89ae35bc,2026-06-29T04:15:00Z,2026-06-29T06:15:00+0200,354.46,MW,FR,FR,actual_solar_generation,Solar,2026-07-13T04:57:06Z
2026-07-13T04:56:31Z,2026-07-13T06:56:31+0200,46fca521-fea0-4798-9f2d-95ad89ae35bc,2026-06-29T04:30:00Z,2026-06-29T06:30:00+0200,493.66,MW,FR,FR,actual_solar_generation,Solar,2026-07-13T04:57:06Z
2026-07-13T04:56:31Z,2026-07-13T06:56:31+0200,46fca521-fea0-4798-9f2d-95ad89ae35bc,2026-06-29T04:45:00Z,2026-06-29T06:45:00+0200,744.65,MW,FR,FR,actual_solar_generation,Solar,2026-07-13T04:57:06Z
2026-07-13T04:56:31Z,2026-07-13T06:56:31+0200,46fca521-fea0-4798-9f2d-95ad89ae35bc,2026-06-29T05:00:00Z,2026-06-29T07:00:00+0200,1086.25,MW,FR,FR,actual_solar_generation,Solar,2026-07-13T04:57:06Z
2026-07-13T04:56:31Z,2026-07-13T06:56:31+0200,46fca521-fea0-4798-9f2d-95ad89ae35bc,2026-06-29T05:15:00Z,2026-06-29T07:15:00+0200,1525.5,MW,FR,FR,actual_solar_generation,Solar,2026-07-13T04:57:06Z
2026-07-13T04:56:31Z,2026-07-13T06:56:31+0200,46fca521-fea0-4798-9f2d-95ad89ae35bc,2026-06-29T05:30:00Z,2026-06-29T07:30:00+0200,2101.23,MW,FR,FR,actual_solar_generation,Solar,2026-07-13T04:57:06Z
2026-07-13T04:56:31Z,2026-07-13T06:56:31+0200,46fca521-fea0-4798-9f2d-95ad89ae35bc,2026-06-29T05:45:00Z,2026-06-29T07:45:00+0200,2697.11,MW,FR,FR,actual_solar_generation,Solar,2026-07-13T04:57:06Z
2026-07-13T04:56:31Z,2026-07-13T06:56:31+0200,46fca521-fea0-4798-9f2d-95ad89ae35bc,2026-06-29T06:00:00Z,2026-06-29T08:00:00+0200,3364.78,MW,FR,FR,actual_solar_generation,Solar,2026-07-13T04:57:06Z
2026-07-13T04:56:31Z,2026-07-13T06:56:31+0200,46fca521-fea0-4798-9f2d-95ad89ae35bc,2026-06-29T06:15:00Z,2026-06-29T08:15:00+0200,4184.65,MW,FR,FR,actual_solar_generation,Solar,2026-07-13T04:57:06Z
2026-07-13T04:56:31Z,2026-07-13T06:56:31+0200,46fca521-fea0-4798-9f2d-95ad89ae35bc,2026-06-29T06:30:00Z,2026-06-29T08:30:00+0200,5139.25,MW,FR,FR,actual_solar_generation,Solar,2026-07-13T04:57:06Z
2026-07-13T04:56:31Z,2026-07-13T06:56:31+0200,46fca521-fea0-4798-9f2d-95ad89ae35bc,2026-06-29T06:45:00Z,2026-06-29T08:45:00+0200,6036.11,MW,FR,FR,actual_solar_generation,Solar,2026-07-13T04:57:06Z
2026-07-13T04:56:31Z,2026-07-13T06:56:31+0200,46fca521-fea0-4798-9f2d-95ad89ae35bc,2026-06-29T07:00:00Z,2026-06-29T09:00:00+0200,6944.1,MW,FR,FR,actual_solar_generation,Solar,2026-07-13T04:57:06Z
2026-07-13T04:56:31Z,2026-07-13T06:56:31+0200,46fca521-fea0-4798-9f2d-95ad89ae35bc,2026-06-29T07:15:00Z,2026-06-29T09:15:00+0200,7996.6,MW,FR,FR,actual_solar_generation,Solar,2026-07-13T04:57:06Z
2026-07-13T04:56:31Z,2026-07-13T06:56:31+0200,46fca521-fea0-4798-9f2d-95ad89ae35bc,2026-06-29T07:30:00Z,2026-06-29T09:30:00+0200,9047.46,MW,FR,FR,actual_solar_generation,Solar,2026-07-13T04:57:06Z
2026-07-13T04:56:31Z,2026-07-13T06:56:31+0200,46fca521-fea0-4798-9f2d-95ad89ae35bc,2026-06-29T07:45:00Z,2026-06-29T09:45:00+0200,9991.21,MW,FR,FR,actual_solar_generation,Solar,2026-07-13T04:57:06Z
2026-07-13T04:56:31Z,2026-07-13T06:56:31+0200,46fca521-fea0-4798-9f2d-95ad89ae35bc,2026-06-29T08:00:00Z,2026-06-29T10:00:00+0200,11016.52,MW,FR,FR,actual_solar_generation,Solar,2026-07-13T04:57:06Z
2026-07-13T04:56:31Z,2026-07-13T06:56:31+0200,46fca521-fea0-4798-9f2d-95ad89ae35bc,2026-06-29T08:15:00Z,2026-06-29T10:15:00+0200,11754.48,MW,FR,FR,actual_solar_generation,Solar,2026-07-13T04:57:06Z
2026-07-13T04:56:31Z,2026-07-13T06:56:31+0200,46fca521-fea0-4798-9f2d-95ad89ae35bc,2026-06-29T08:30:00Z,2026-06-29T10:30:00+0200,12576.72,MW,FR,FR,actual_solar_generation,Solar,2026-07-13T04:57:06Z
2026-07-13T04:56:31Z,2026-07-13T06:56:31+0200,46fca521-fea0-4798-9f2d-95ad89ae35bc,2026-06-29T08:45:00Z,2026-06-29T10:45:00+0200,13272.08,MW,FR,FR,actual_solar_generation,Solar,2026-07-13T04:57:06Z
2026-07-13T04:56:31Z,2026-07-13T06:56:31+0200,46fca521-fea0-4798-9f2d-95ad89ae35bc,2026-06-29T09:00:00Z,2026-06-29T11:00:00+0200,14057.64,MW,FR,FR,actual_solar_generation,Solar,2026-07-13T04:57:06Z
2026-07-13T04:56:31Z,2026-07-13T06:56:31+0200,46fca521-fea0-4798-9f2d-95ad89ae35bc,2026-06-29T09:15:00Z,2026-06-29T11:15:00+0200,14828.25,MW,FR,FR,actual_solar_generation,Solar,2026-07-13T04:57:06Z
2026-07-13T04:56:31Z,2026-07-13T06:56:31+0200,46fca521-fea0-4798-9f2d-95ad89ae35bc,2026-06-29T09:30:00Z,2026-06-29T11:30:00+0200,15319.59,MW,FR,FR,actual_solar_generation,Solar,2026-07-13T04:57:06Z
2026-07-13T04:56:31Z,2026-07-13T06:56:31+0200,46fca521-fea0-4798-9f2d-95ad89ae35bc,2026-06-29T09:45:00Z,2026-06-29T11:45:00+0200,15894.39,MW,FR,FR,actual_solar_generation,Solar,2026-07-13T04:57:06Z
2026-07-13T04:56:31Z,2026-07-13T06:56:31+0200,46fca521-fea0-4798-9f2d-95ad89ae35bc,2026-06-29T10:00:00Z,2026-06-29T12:00:00+0200,16418.88,MW,FR,FR,actual_solar_generation,Solar,2026-07-13T04:57:06Z
2026-07-13T04:56:31Z,2026-07-13T06:56:31+0200,46fca521-fea0-4798-9f2d-95ad89ae35bc,2026-06-29T10:15:00Z,2026-06-29T12:15:00+0200,16860.34,MW,FR,FR,actual_solar_generation,Solar,2026-07-13T04:57:06Z
2026-07-13T04:56:31Z,2026-07-13T06:56:31+0200,46fca521-fea0-4798-9f2d-95ad89ae35bc,2026-06-29T10:30:00Z,2026-06-29T12:30:00+0200,17204.1,MW,FR,FR,actual_solar_generation,Solar,2026-07-13T04:57:06Z
2026-07-13T04:56:31Z,2026-07-13T06:56:31+0200,46fca521-fea0-4798-9f2d-95ad89ae35bc,2026-06-29T10:45:00Z,2026-06-29T12:45:00+0200,17575.34,MW,FR,FR,actual_solar_generation,Solar,2026-07-13T04:57:06Z
2026-07-13T04:56:31Z,2026-07-13T06:56:31+0200,46fca521-fea0-4798-9f2d-95ad89ae35bc,2026-06-29T11:00:00Z,2026-06-29T13:00:00+0200,17899.48,MW,FR,FR,actual_solar_generation,Solar,2026-07-13T04:57:06Z
2026-07-13T04:56:31Z,2026-07-13T06:56:31+0200,46fca521-fea0-4798-9f2d-95ad89ae35bc,2026-06-29T11:15:00Z,2026-06-29T13:15:00+0200,18069.56,MW,FR,FR,actual_solar_generation,Solar,2026-07-13T04:57:06Z
2026-07-13T04:56:31Z,2026-07-13T06:56:31+0200,46fca521-fea0-4798-9f2d-95ad89ae35bc,2026-06-29T11:30:00Z,2026-06-29T13:30:00+0200,18072.48,MW,FR,FR,actual_solar_generation,Solar,2026-07-13T04:57:06Z
2026-07-13T04:56:31Z,2026-07-13T06:56:31+0200,46fca521-fea0-4798-9f2d-95ad89ae35bc,2026-06-29T11:45:00Z,2026-06-29T13:45:00+0200,18125.06,MW,FR,FR,actual_solar_generation,Solar,2026-07-13T04:57:06Z
2026-07-13T04:56:31Z,2026-07-13T06:56:31+0200,46fca521-fea0-4798-9f2d-95ad89ae35bc,2026-06-29T12:00:00Z,2026-06-29T14:00:00+0200,18253.5,MW,FR,FR,actual_solar_generation,Solar,2026-07-13T04:57:06Z
2026-07-13T04:56:31Z,2026-07-13T06:56:31+0200,46fca521-fea0-4798-9f2d-95ad89ae35bc,2026-06-29T12:15:00Z,2026-06-29T14:15:00+0200,17634.34,MW,FR,FR,actual_solar_generation,Solar,2026-07-13T04:57:06Z
2026-07-13T04:56:31Z,2026-07-13T06:56:31+0200,46fca521-fea0-4798-9f2d-95ad89ae35bc,2026-06-29T12:30:00Z,2026-06-29T14:30:00+0200,18029.24,MW,FR,FR,actual_solar_generation,Solar,2026-07-13T04:57:06Z
2026-07-13T04:56:31Z,2026-07-13T06:56:31+0200,46fca521-fea0-4798-9f2d-95ad89ae35bc,2026-06-29T12:45:00Z,2026-06-29T14:45:00+0200,17961.4,MW,FR,FR,actual_solar_generation,Solar,2026-07-13T04:57:06Z
2026-07-13T04:56:31Z,2026-07-13T06:56:31+0200,46fca521-fea0-4798-9f2d-95ad89ae35bc,2026-06-29T13:00:00Z,2026-06-29T15:00:00+0200,17578.33,MW,FR,FR,actual_solar_generation,Solar,2026-07-13T04:57:06Z
2026-07-13T04:56:31Z,2026-07-13T06:56:31+0200,46fca521-fea0-4798-9f2d-95ad89ae35bc,2026-06-29T13:15:00Z,2026-06-29T15:15:00+0200,17272.51,MW,FR,FR,actual_solar_generation,Solar,2026-07-13T04:57:06Z
2026-07-13T04:56:31Z,2026-07-13T06:56:31+0200,46fca521-fea0-4798-9f2d-95ad89ae35bc,2026-06-29T13:30:00Z,2026-06-29T15:30:00+0200,16845.41,MW,FR,FR,actual_solar_generation,Solar,2026-07-13T04:57:06Z
2026-07-13T04:56:31Z,2026-07-13T06:56:31+0200,46fca521-fea0-4798-9f2d-95ad89ae35bc,2026-06-29T13:45:00Z,2026-06-29T15:45:00+0200,16590.45,MW,FR,FR,actual_solar_generation,Solar,2026-07-13T04:57:06Z
2026-07-13T04:56:31Z,2026-07-13T06:56:31+0200,46fca521-fea0-4798-9f2d-95ad89ae35bc,2026-06-29T14:00:00Z,2026-06-29T16:00:00+0200,16114.39,MW,FR,FR,actual_solar_generation,Solar,2026-07-13T04:57:06Z
2026-07-13T04:56:31Z,2026-07-13T06:56:31+0200,46fca521-fea0-4798-9f2d-95ad89ae35bc,2026-06-29T14:15:00Z,2026-06-29T16:15:00+0200,15575.62,MW,FR,FR,actual_solar_generation,Solar,2026-07-13T04:57:06Z
2026-07-13T04:56:31Z,2026-07-13T06:56:31+0200,46fca521-fea0-4798-9f2d-95ad89ae35bc,2026-06-29T14:30:00Z,2026-06-29T16:30:00+0200,15066.12,MW,FR,FR,actual_solar_generation,Solar,2026-07-13T04:57:06Z
2026-07-13T04:56:31Z,2026-07-13T06:56:31+0200,46fca521-fea0-4798-9f2d-95ad89ae35bc,2026-06-29T14:45:00Z,2026-06-29T16:45:00+0200,14499.94,MW,FR,FR,actual_solar_generation,Solar,2026-07-13T04:57:06Z
2026-07-13T04:56:31Z,2026-07-13T06:56:31+0200,46fca521-fea0-4798-9f2d-95ad89ae35bc,2026-06-29T15:00:00Z,2026-06-29T17:00:00+0200,13998.97,MW,FR,FR,actual_solar_generation,Solar,2026-07-13T04:57:06Z
2026-07-13T04:56:31Z,2026-07-13T06:56:31+0200,46fca521-fea0-4798-9f2d-95ad89ae35bc,2026-06-29T15:15:00Z,2026-06-29T17:15:00+0200,13229.97,MW,FR,FR,actual_solar_generation,Solar,2026-07-13T04:57:06Z
2026-07-13T04:56:31Z,2026-07-13T06:56:31+0200,46fca521-fea0-4798-9f2d-95ad89ae35bc,2026-06-29T15:30:00Z,2026-06-29T17:30:00+0200,12377.63,MW,FR,FR,actual_solar_generation,Solar,2026-07-13T04:57:06Z
2026-07-13T04:56:31Z,2026-07-13T06:56:31+0200,46fca521-fea0-4798-9f2d-95ad89ae35bc,2026-06-29T15:45:00Z,2026-06-29T17:45:00+0200,11441.87,MW,FR,FR,actual_solar_generation,Solar,2026-07-13T04:57:06Z
2026-07-13T04:56:31Z,2026-07-13T06:56:31+0200,46fca521-fea0-4798-9f2d-95ad89ae35bc,2026-06-29T16:00:00Z,2026-06-29T18:00:00+0200,10571.17,MW,FR,FR,actual_solar_generation,Solar,2026-07-13T04:57:06Z
2026-07-13T04:56:31Z,2026-07-13T06:56:31+0200,46fca521-fea0-4798-9f2d-95ad89ae35bc,2026-06-29T16:15:00Z,2026-06-29T18:15:00+0200,9577.85,MW,FR,FR,actual_solar_generation,Solar,2026-07-13T04:57:06Z
2026-07-13T04:56:31Z,2026-07-13T06:56:31+0200,46fca521-fea0-4798-9f2d-95ad89ae35bc,2026-06-29T16:30:00Z,2026-06-29T18:30:00+0200,8654.68,MW,FR,FR,actual_solar_generation,Solar,2026-07-13T04:57:06Z
2026-07-13T04:56:31Z,2026-07-13T06:56:31+0200,46fca521-fea0-4798-9f2d-95ad89ae35bc,2026-06-29T16:45:00Z,2026-06-29T18:45:00+0200,7839.31,MW,FR,FR,actual_solar_generation,Solar,2026-07-13T04:57:06Z
2026-07-13T04:56:31Z,2026-07-13T06:56:31+0200,46fca521-fea0-4798-9f2d-95ad89ae35bc,2026-06-29T17:00:00Z,2026-06-29T19:00:00+0200,6931.58,MW,FR,FR,actual_solar_generation,Solar,2026-07-13T04:57:06Z
2026-07-13T04:56:31Z,2026-07-13T06:56:31+0200,46fca521-fea0-4798-9f2d-95ad89ae35bc,2026-06-29T17:15:00Z,2026-06-29T19:15:00+0200,5918.68,MW,FR,FR,actual_solar_generation,Solar,2026-07-13T04:57:06Z
2026-07-13T04:56:31Z,2026-07-13T06:56:31+0200,46fca521-fea0-4798-9f2d-95ad89ae35bc,2026-06-29T17:30:00Z,2026-06-29T19:30:00+0200,4943.34,MW,FR,FR,actual_solar_generation,Solar,2026-07-13T04:57:06Z
2026-07-13T04:56:31Z,2026-07-13T06:56:31+0200,46fca521-fea0-4798-9f2d-95ad89ae35bc,2026-06-29T17:45:00Z,2026-06-29T19:45:00+0200,3997.18,MW,FR,FR,actual_solar_generation,Solar,2026-07-13T04:57:06Z
2026-07-13T04:56:31Z,2026-07-13T06:56:31+0200,46fca521-fea0-4798-9f2d-95ad89ae35bc,2026-06-29T18:00:00Z,2026-06-29T20:00:00+0200,3091.13,MW,FR,FR,actual_solar_generation,Solar,2026-07-13T04:57:06Z
2026-07-13T04:56:31Z,2026-07-13T06:56:31+0200,46fca521-fea0-4798-9f2d-95ad89ae35bc,2026-06-29T18:15:00Z,2026-06-29T20:15:00+0200,2378.55,MW,FR,FR,actual_solar_generation,Solar,2026-07-13T04:57:06Z
2026-07-13T04:56:31Z,2026-07-13T06:56:31+0200,46fca521-fea0-4798-9f2d-95ad89ae35bc,2026-06-29T18:30:00Z,2026-06-29T20:30:00+0200,1793.7,MW,FR,FR,actual_solar_generation,Solar,2026-07-13T04:57:06Z
2026-07-13T04:56:31Z,2026-07-13T06:56:31+0200,46fca521-fea0-4798-9f2d-95ad89ae35bc,2026-06-29T18:45:00Z,2026-06-29T20:45:00+0200,1315.5,MW,FR,FR,actual_solar_generation,Solar,2026-07-13T04:57:06Z
2026-07-13T04:56:31Z,2026-07-13T06:56:31+0200,46fca521-fea0-4798-9f2d-95ad89ae35bc,2026-06-29T19:00:00Z,2026-06-29T21:00:00+0200,914.92,MW,FR,FR,actual_solar_generation,Solar,2026-07-13T04:57:06Z
2026-07-13T04:56:31Z,2026-07-13T06:56:31+0200,46fca521-fea0-4798-9f2d-95ad89ae35bc,2026-06-29T19:15:00Z,2026-06-29T21:15:00+0200,592.5,MW,FR,FR,actual_solar_generation,Solar,2026-07-13T04:57:06Z
2026-07-13T04:56:31Z,2026-07-13T06:56:31+0200,46fca521-fea0-4798-9f2d-95ad89ae35bc,2026-06-29T19:30:00Z,2026-06-29T21:30:00+0200,370.13,MW,FR,FR,actual_solar_generation,Solar,2026-07-13T04:57:06Z
2026-07-13T04:56:31Z,2026-07-13T06:56:31+0200,46fca521-fea0-4798-9f2d-95ad89ae35bc,2026-06-29T19:45:00Z,2026-06-29T21:45:00+0200,266.64,MW,FR,FR,actual_solar_generation,Solar,2026-07-13T04:57:06Z
2026-07-13T04:56:31Z,2026-07-13T06:56:31+0200,46fca521-fea0-4798-9f2d-95ad89ae35bc,2026-06-29T20:00:00Z,2026-06-29T22:00:00+0200,220.52,MW,FR,FR,actual_solar_generation,Solar,2026-07-13T04:57:06Z
2026-07-13T04:56:31Z,2026-07-13T06:56:31+0200,46fca521-fea0-4798-9f2d-95ad89ae35bc,2026-06-29T20:15:00Z,2026-06-29T22:15:00+0200,212.66,MW,FR,FR,actual_solar_generation,Solar,2026-07-13T04:57:06Z
2026-07-13T04:56:31Z,2026-07-13T06:56:31+0200,46fca521-fea0-4798-9f2d-95ad89ae35bc,2026-06-29T20:30:00Z,2026-06-29T22:30:00+0200,211.78,MW,FR,FR,actual_solar_generation,Solar,2026-07-13T04:57:06Z
2026-07-13T04:56:31Z,2026-07-13T06:56:31+0200,46fca521-fea0-4798-9f2d-95ad89ae35bc,2026-06-29T20:45:00Z,2026-06-29T22:45:00+0200,210.09,MW,FR,FR,actual_solar_generation,Solar,2026-07-13T04:57:06Z
2026-07-13T04:56:31Z,2026-07-13T06:56:31+0200,46fca521-fea0-4798-9f2d-95ad89ae35bc,2026-06-29T21:00:00Z,2026-06-29T23:00:00+0200,209.95,MW,FR,FR,actual_solar_generation,Solar,2026-07-13T04:57:06Z
2026-07-13T04:56:31Z,2026-07-13T06:56:31+0200,46fca521-fea0-4798-9f2d-95ad89ae35bc,2026-06-29T21:15:00Z,2026-06-29T23:15:00+0200,208.38,MW,FR,FR,actual_solar_generation,Solar,2026-07-13T04:57:06Z
2026-07-13T04:56:31Z,2026-07-13T06:56:31+0200,46fca521-fea0-4798-9f2d-95ad89ae35bc,2026-06-29T21:30:00Z,2026-06-29T23:30:00+0200,205.92,MW,FR,FR,actual_solar_generation,Solar,2026-07-13T04:57:06Z
2026-07-13T04:56:31Z,2026-07-13T06:56:31+0200,46fca521-fea0-4798-9f2d-95ad89ae35bc,2026-06-29T21:45:00Z,2026-06-29T23:45:00+0200,202.33,MW,FR,FR,actual_solar_generation,Solar,2026-07-13T04:57:06Z
2026-07-13T04:56:31Z,2026-07-13T06:56:31+0200,46fca521-fea0-4798-9f2d-95ad89ae35bc,2026-06-29T22:00:00Z,2026-06-30T00:00:00+0200,0.0,MW,FR,FR,actual_solar_generation,Solar,2026-07-13T04:57:06Z
2026-07-13T04:56:31Z,2026-07-13T06:56:31+0200,46fca521-fea0-4798-9f2d-95ad89ae35bc,2026-06-29T22:15:00Z,2026-06-30T00:15:00+0200,0.0,MW,FR,FR,actual_solar_generation,Solar,2026-07-13T04:57:06Z
2026-07-13T04:56:31Z,2026-07-13T06:56:31+0200,46fca521-fea0-4798-9f2d-95ad89ae35bc,2026-06-29T22:30:00Z,2026-06-30T00:30:00+0200,0.0,MW,FR,FR,actual_solar_generation,Solar,2026-07-13T04:57:06Z
2026-07-13T04:56:31Z,2026-07-13T06:56:31+0200,46fca521-fea0-4798-9f2d-95ad89ae35bc,2026-06-29T22:45:00Z,2026-06-30T00:45:00+0200,0.0,MW,FR,FR,actual_solar_generation,Solar,2026-07-13T04:57:06Z
2026-07-13T04:56:31Z,2026-07-13T06:56:31+0200,46fca521-fea0-4798-9f2d-95ad89ae35bc,2026-06-29T23:00:00Z,2026-06-30T01:00:00+0200,0.0,MW,FR,FR,actual_solar_generation,Solar,2026-07-13T04:57:06Z
2026-07-13T04:56:31Z,2026-07-13T06:56:31+0200,46fca521-fea0-4798-9f2d-95ad89ae35bc,2026-06-29T23:15:00Z,2026-06-30T01:15:00+0200,0.0,MW,FR,FR,actual_solar_generation,Solar,2026-07-13T04:57:06Z
2026-07-13T04:56:31Z,2026-07-13T06:56:31+0200,46fca521-fea0-4798-9f2d-95ad89ae35bc,2026-06-29T23:30:00Z,2026-06-30T01:30:00+0200,0.0,MW,FR,FR,actual_solar_generation,Solar,2026-07-13T04:57:06Z
2026-07-13T04:56:31Z,2026-07-13T06:56:31+0200,46fca521-fea0-4798-9f2d-95ad89ae35bc,2026-06-29T23:45:00Z,2026-06-30T01:45:00+0200,0.0,MW,FR,FR,actual_solar_generation,Solar,2026-07-13T04:57:06Z
2026-07-13T04:56:31Z,2026-07-13T06:56:31+0200,46fca521-fea0-4798-9f2d-95ad89ae35bc,2026-06-30T00:00:00Z,2026-06-30T02:00:00+0200,0.0,MW,FR,FR,actual_solar_generation,Solar,2026-07-13T04:57:06Z
2026-07-13T04:56:31Z,2026-07-13T06:56:31+0200,46fca521-fea0-4798-9f2d-95ad89ae35bc,2026-06-30T00:15:00Z,2026-06-30T02:15:00+0200,0.0,MW,FR,FR,actual_solar_generation,Solar,2026-07-13T04:57:06Z
2026-07-13T04:56:31Z,2026-07-13T06:56:31+0200,46fca521-fea0-4798-9f2d-95ad89ae35bc,2026-06-30T00:30:00Z,2026-06-30T02:30:00+0200,0.0,MW,FR,FR,actual_solar_generation,Solar,2026-07-13T04:57:06Z
2026-07-13T04:56:31Z,2026-07-13T06:56:31+0200,46fca521-fea0-4798-9f2d-95ad89ae35bc,2026-06-30T00:45:00Z,2026-06-30T02:45:00+0200,0.0,MW,FR,FR,actual_solar_generation,Solar,2026-07-13T04:57:06Z
2026-07-13T04:56:31Z,2026-07-13T06:56:31+0200,46fca521-fea0-4798-9f2d-95ad89ae35bc,2026-06-30T01:00:00Z,2026-06-30T03:00:00+0200,0.0,MW,FR,FR,actual_solar_generation,Solar,2026-07-13T04:57:06Z
2026-07-13T04:56:31Z,2026-07-13T06:56:31+0200,46fca521-fea0-4798-9f2d-95ad89ae35bc,2026-06-30T01:15:00Z,2026-06-30T03:15:00+0200,0.0,MW,FR,FR,actual_solar_generation,Solar,2026-07-13T04:57:06Z
2026-07-13T04:56:31Z,2026-07-13T06:56:31+0200,46fca521-fea0-4798-9f2d-95ad89ae35bc,2026-06-30T01:30:00Z,2026-06-30T03:30:00+0200,0.0,MW,FR,FR,actual_solar_generation,Solar,2026-07-13T04:57:06Z
2026-07-13T04:56:31Z,2026-07-13T06:56:31+0200,46fca521-fea0-4798-9f2d-95ad89ae35bc,2026-06-30T01:45:00Z,2026-06-30T03:45:00+0200,0.0,MW,FR,FR,actual_solar_generation,Solar,2026-07-13T04:57:06Z
2026-07-13T04:56:31Z,2026-07-13T06:56:31+0200,46fca521-fea0-4798-9f2d-95ad89ae35bc,2026-06-30T02:00:00Z,2026-06-30T04:00:00+0200,0.0,MW,FR,FR,actual_solar_generation,Solar,2026-07-13T04:57:06Z
2026-07-13T04:56:31Z,2026-07-13T06:56:31+0200,46fca521-fea0-4798-9f2d-95ad89ae35bc,2026-06-30T02:15:00Z,2026-06-30T04:15:00+0200,0.0,MW,FR,FR,actual_solar_generation,Solar,2026-07-13T04:57:06Z
2026-07-13T04:56:31Z,2026-07-13T06:56:31+0200,46fca521-fea0-4798-9f2d-95ad89ae35bc,2026-06-30T02:30:00Z,2026-06-30T04:30:00+0200,0.0,MW,FR,FR,actual_solar_generation,Solar,2026-07-13T04:57:06Z
2026-07-13T04:56:31Z,2026-07-13T06:56:31+0200,46fca521-fea0-4798-9f2d-95ad89ae35bc,2026-06-30T02:45:00Z,2026-06-30T04:45:00+0200,0.0,MW,FR,FR,actual_solar_generation,Solar,2026-07-13T04:57:06Z
2026-07-13T04:56:31Z,2026-07-13T06:56:31+0200,46fca521-fea0-4798-9f2d-95ad89ae35bc,2026-06-30T03:00:00Z,2026-06-30T05:00:00+0200,0.0,MW,FR,FR,actual_solar_generation,Solar,2026-07-13T04:57:06Z
2026-07-13T04:56:31Z,2026-07-13T06:56:31+0200,46fca521-fea0-4798-9f2d-95ad89ae35bc,2026-06-30T03:15:00Z,2026-06-30T05:15:00+0200,0.0,MW,FR,FR,actual_solar_generation,Solar,2026-07-13T04:57:06Z
2026-07-13T04:56:31Z,2026-07-13T06:56:31+0200,46fca521-fea0-4798-9f2d-95ad89ae35bc,2026-06-30T03:30:00Z,2026-06-30T05:30:00+0200,0.0,MW,FR,FR,actual_solar_generation,Solar,2026-07-13T04:57:06Z
2026-07-13T04:56:31Z,2026-07-13T06:56:31+0200,46fca521-fea0-4798-9f2d-95ad89ae35bc,2026-06-30T03:45:00Z,2026-06-30T05:45:00+0200,0.0,MW,FR,FR,actual_solar_generation,Solar,2026-07-13T04:57:06Z
2026-07-13T04:56:31Z,2026-07-13T06:56:31+0200,46fca521-fea0-4798-9f2d-95ad89ae35bc,2026-06-30T04:00:00Z,2026-06-30T06:00:00+0200,258.26,MW,FR,FR,actual_solar_generation,Solar,2026-07-13T04:57:06Z
2026-07-13T04:56:31Z,2026-07-13T06:56:31+0200,46fca521-fea0-4798-9f2d-95ad89ae35bc,2026-06-30T04:15:00Z,2026-06-30T06:15:00+0200,340.08,MW,FR,FR,actual_solar_generation,Solar,2026-07-13T04:57:06Z
2026-07-13T04:56:31Z,2026-07-13T06:56:31+0200,46fca521-fea0-4798-9f2d-95ad89ae35bc,2026-06-30T04:30:00Z,2026-06-30T06:30:00+0200,498.66,MW,FR,FR,actual_solar_generation,Solar,2026-07-13T04:57:06Z
2026-07-13T04:56:31Z,2026-07-13T06:56:31+0200,46fca521-fea0-4798-9f2d-95ad89ae35bc,2026-06-30T04:45:00Z,2026-06-30T06:45:00+0200,779.42,MW,FR,FR,actual_solar_generation,Solar,2026-07-13T04:57:06Z
2026-07-13T04:56:31Z,2026-07-13T06:56:31+0200,46fca521-fea0-4798-9f2d-95ad89ae35bc,2026-06-30T05:00:00Z,2026-06-30T07:00:00+0200,1163.77,MW,FR,FR,actual_solar_generation,Solar,2026-07-13T04:57:06Z
2026-07-13T04:56:31Z,2026-07-13T06:56:31+0200,46fca521-fea0-4798-9f2d-95ad89ae35bc,2026-06-30T05:15:00Z,2026-06-30T07:15:00+0200,1635.97,MW,FR,FR,actual_solar_generation,Solar,2026-07-13T04:57:06Z
2026-07-13T04:56:31Z,2026-07-13T06:56:31+0200,46fca521-fea0-4798-9f2d-95ad89ae35bc,2026-06-30T05:30:00Z,2026-06-30T07:30:00+0200,2284.75,MW,FR,FR,actual_solar_generation,Solar,2026-07-13T04:57:06Z
2026-07-13T04:56:31Z,2026-07-13T06:56:31+0200,46fca521-fea0-4798-9f2d-95ad89ae35bc,2026-06-30T05:45:00Z,2026-06-30T07:45:00+0200,3014.55,MW,FR,FR,actual_solar_generation,Solar,2026-07-13T04:57:06Z
2026-07-13T04:56:31Z,2026-07-13T06:56:31+0200,46fca521-fea0-4798-9f2d-95ad89ae35bc,2026-06-30T06:00:00Z,2026-06-30T08:00:00+0200,3876.64,MW,FR,FR,actual_solar_generation,Solar,2026-07-13T04:57:06Z
2026-07-13T04:56:31Z,2026-07-13T06:56:31+0200,46fca521-fea0-4798-9f2d-95ad89ae35bc,2026-06-30T06:15:00Z,2026-06-30T08:15:00+0200,4896.79,MW,FR,FR,actual_solar_generation,Solar,2026-07-13T04:57:06Z
2026-07-13T04:56:31Z,2026-07-13T06:56:31+0200,46fca521-fea0-4798-9f2d-95ad89ae35bc,2026-06-30T06:30:00Z,2026-06-30T08:30:00+0200,5989.1,MW,FR,FR,actual_solar_generation,Solar,2026-07-13T04:57:06Z
2026-07-13T04:56:31Z,2026-07-13T06:56:31+0200,46fca521-fea0-4798-9f2d-95ad89ae35bc,2026-06-30T06:45:00Z,2026-06-30T08:45:00+0200,7053.8,MW,FR,FR,actual_solar_generation,Solar,2026-07-13T04:57:06Z
2026-07-13T04:56:31Z,2026-07-13T06:56:31+0200,46fca521-fea0-4798-9f2d-95ad89ae35bc,2026-06-30T07:00:00Z,2026-06-30T09:00:00+0200,8135.25,MW,FR,FR,actual_solar_generation,Solar,2026-07-13T04:57:06Z
2026-07-13T04:56:31Z,2026-07-13T06:56:31+0200,46fca521-fea0-4798-9f2d-95ad89ae35bc,2026-06-30T07:15:00Z,2026-06-30T09:15:00+0200,9303.4,MW,FR,FR,actual_solar_generation,Solar,2026-07-13T04:57:06Z
2026-07-13T04:56:31Z,2026-07-13T06:56:31+0200,46fca521-fea0-4798-9f2d-95ad89ae35bc,2026-06-30T07:30:00Z,2026-06-30T09:30:00+0200,10387.88,MW,FR,FR,actual_solar_generation,Solar,2026-07-13T04:57:06Z
2026-07-13T04:56:31Z,2026-07-13T06:56:31+0200,46fca521-fea0-4798-9f2d-95ad89ae35bc,2026-06-30T07:45:00Z,2026-06-30T09:45:00+0200,11412.18,MW,FR,FR,actual_solar_generation,Solar,2026-07-13T04:57:06Z
2026-07-13T04:56:31Z,2026-07-13T06:56:31+0200,46fca521-fea0-4798-9f2d-95ad89ae35bc,2026-06-30T08:00:00Z,2026-06-30T10:00:00+0200,12298.78,MW,FR,FR,actual_solar_generation,Solar,2026-07-13T04:57:06Z
2026-07-13T04:56:31Z,2026-07-13T06:56:31+0200,46fca521-fea0-4798-9f2d-95ad89ae35bc,2026-06-30T08:15:00Z,2026-06-30T10:15:00+0200,13158.62,MW,FR,FR,actual_solar_generation,Solar,2026-07-13T04:57:06Z
2026-07-13T04:56:31Z,2026-07-13T06:56:31+0200,46fca521-fea0-4798-9f2d-95ad89ae35bc,2026-06-30T08:30:00Z,2026-06-30T10:30:00+0200,13983.52,MW,FR,FR,actual_solar_generation,Solar,2026-07-13T04:57:06Z
2026-07-13T04:56:31Z,2026-07-13T06:56:31+0200,46fca521-fea0-4798-9f2d-95ad89ae35bc,2026-06-30T08:45:00Z,2026-06-30T10:45:00+0200,14680.95,MW,FR,FR,actual_solar_generation,Solar,2026-07-13T04:57:06Z
2026-07-13T04:56:31Z,2026-07-13T06:56:31+0200,46fca521-fea0-4798-9f2d-95ad89ae35bc,2026-06-30T09:00:00Z,2026-06-30T11:00:00+0200,15291.74,MW,FR,FR,actual_solar_generation,Solar,2026-07-13T04:57:06Z
2026-07-13T04:56:31Z,2026-07-13T06:56:31+0200,46fca521-fea0-4798-9f2d-95ad89ae35bc,2026-06-30T09:15:00Z,2026-06-30T11:15:00+0200,15942.79,MW,FR,FR,actual_solar_generation,Solar,2026-07-13T04:57:06Z
2026-07-13T04:56:31Z,2026-07-13T06:56:31+0200,46fca521-fea0-4798-9f2d-95ad89ae35bc,2026-06-30T09:30:00Z,2026-06-30T11:30:00+0200,16631.1,MW,FR,FR,actual_solar_generation,Solar,2026-07-13T04:57:06Z
2026-07-13T04:56:31Z,2026-07-13T06:56:31+0200,46fca521-fea0-4798-9f2d-95ad89ae35bc,2026-06-30T09:45:00Z,2026-06-30T11:45:00+0200,17241.49,MW,FR,FR,actual_solar_generation,Solar,2026-07-13T04:57:06Z
2026-07-13T04:56:31Z,2026-07-13T06:56:31+0200,46fca521-fea0-4798-9f2d-95ad89ae35bc,2026-06-30T10:00:00Z,2026-06-30T12:00:00+0200,17648.79,MW,FR,FR,actual_solar_generation,Solar,2026-07-13T04:57:06Z
2026-07-13T04:56:31Z,2026-07-13T06:56:31+0200,46fca521-fea0-4798-9f2d-95ad89ae35bc,2026-06-30T10:15:00Z,2026-06-30T12:15:00+0200,18061.68,MW,FR,FR,actual_solar_generation,Solar,2026-07-13T04:57:06Z
2026-07-13T04:56:31Z,2026-07-13T06:56:31+0200,46fca521-fea0-4798-9f2d-95ad89ae35bc,2026-06-30T10:30:00Z,2026-06-30T12:30:00+0200,18231.85,MW,FR,FR,actual_solar_generation,Solar,2026-07-13T04:57:06Z
2026-07-13T04:56:31Z,2026-07-13T06:56:31+0200,46fca521-fea0-4798-9f2d-95ad89ae35bc,2026-06-30T10:45:00Z,2026-06-30T12:45:00+0200,18315.03,MW,FR,FR,actual_solar_generation,Solar,2026-07-13T04:57:06Z
2026-07-13T04:56:31Z,2026-07-13T06:56:31+0200,46fca521-fea0-4798-9f2d-95ad89ae35bc,2026-06-30T11:00:00Z,2026-06-30T13:00:00+0200,18470.12,MW,FR,FR,actual_solar_generation,Solar,2026-07-13T04:57:06Z
2026-07-13T04:56:31Z,2026-07-13T06:56:31+0200,46fca521-fea0-4798-9f2d-95ad89ae35bc,2026-06-30T11:15:00Z,2026-06-30T13:15:00+0200,18556.14,MW,FR,FR,actual_solar_generation,Solar,2026-07-13T04:57:06Z
2026-07-13T04:56:31Z,2026-07-13T06:56:31+0200,46fca521-fea0-4798-9f2d-95ad89ae35bc,2026-06-30T11:30:00Z,2026-06-30T13:30:00+0200,18434.23,MW,FR,FR,actual_solar_generation,Solar,2026-07-13T04:57:06Z
2026-07-13T04:56:31Z,2026-07-13T06:56:31+0200,46fca521-fea0-4798-9f2d-95ad89ae35bc,2026-06-30T11:45:00Z,2026-06-30T13:45:00+0200,18200.53,MW,FR,FR,actual_solar_generation,Solar,2026-07-13T04:57:06Z
2026-07-13T04:56:31Z,2026-07-13T06:56:31+0200,46fca521-fea0-4798-9f2d-95ad89ae35bc,2026-06-30T12:00:00Z,2026-06-30T14:00:00+0200,18001.0,MW,FR,FR,actual_solar_generation,Solar,2026-07-13T04:57:06Z
2026-07-13T04:56:31Z,2026-07-13T06:56:31+0200,46fca521-fea0-4798-9f2d-95ad89ae35bc,2026-06-30T12:15:00Z,2026-06-30T14:15:00+0200,17704.81,MW,FR,FR,actual_solar_generation,Solar,2026-07-13T04:57:06Z
2026-07-13T04:56:31Z,2026-07-13T06:56:31+0200,46fca521-fea0-4798-9f2d-95ad89ae35bc,2026-06-30T12:30:00Z,2026-06-30T14:30:00+0200,17585.96,MW,FR,FR,actual_solar_generation,Solar,2026-07-13T04:57:06Z
2026-07-13T04:56:31Z,2026-07-13T06:56:31+0200,46fca521-fea0-4798-9f2d-95ad89ae35bc,2026-06-30T12:45:00Z,2026-06-30T14:45:00+0200,17543.94,MW,FR,FR,actual_solar_generation,Solar,2026-07-13T04:57:06Z
2026-07-13T04:56:31Z,2026-07-13T06:56:31+0200,46fca521-fea0-4798-9f2d-95ad89ae35bc,2026-06-30T13:00:00Z,2026-06-30T15:00:00+0200,17439.6,MW,FR,FR,actual_solar_generation,Solar,2026-07-13T04:57:06Z
2026-07-13T04:56:31Z,2026-07-13T06:56:31+0200,46fca521-fea0-4798-9f2d-95ad89ae35bc,2026-06-30T13:15:00Z,2026-06-30T15:15:00+0200,17081.12,MW,FR,FR,actual_solar_generation,Solar,2026-07-13T04:57:06Z
2026-07-13T04:56:31Z,2026-07-13T06:56:31+0200,46fca521-fea0-4798-9f2d-95ad89ae35bc,2026-06-30T13:30:00Z,2026-06-30T15:30:00+0200,16804.37,MW,FR,FR,actual_solar_generation,Solar,2026-07-13T04:57:06Z
2026-07-13T04:56:31Z,2026-07-13T06:56:31+0200,46fca521-fea0-4798-9f2d-95ad89ae35bc,2026-06-30T13:45:00Z,2026-06-30T15:45:00+0200,16457.78,MW,FR,FR,actual_solar_generation,Solar,2026-07-13T04:57:06Z
2026-07-13T04:56:31Z,2026-07-13T06:56:31+0200,46fca521-fea0-4798-9f2d-95ad89ae35bc,2026-06-30T14:00:00Z,2026-06-30T16:00:00+0200,16082.61,MW,FR,FR,actual_solar_generation,Solar,2026-07-13T04:57:06Z
2026-07-13T04:56:31Z,2026-07-13T06:56:31+0200,46fca521-fea0-4798-9f2d-95ad89ae35bc,2026-06-30T14:15:00Z,2026-06-30T16:15:00+0200,15343.33,MW,FR,FR,actual_solar_generation,Solar,2026-07-13T04:57:06Z
2026-07-13T04:56:31Z,2026-07-13T06:56:31+0200,46fca521-fea0-4798-9f2d-95ad89ae35bc,2026-06-30T14:30:00Z,2026-06-30T16:30:00+0200,14710.6,MW,FR,FR,actual_solar_generation,Solar,2026-07-13T04:57:06Z
2026-07-13T04:56:31Z,2026-07-13T06:56:31+0200,46fca521-fea0-4798-9f2d-95ad89ae35bc,2026-06-30T14:45:00Z,2026-06-30T16:45:00+0200,14395.72,MW,FR,FR,actual_solar_generation,Solar,2026-07-13T04:57:06Z
2026-07-13T04:56:31Z,2026-07-13T06:56:31+0200,46fca521-fea0-4798-9f2d-95ad89ae35bc,2026-06-30T15:00:00Z,2026-06-30T17:00:00+0200,13764.52,MW,FR,FR,actual_solar_generation,Solar,2026-07-13T04:57:06Z
2026-07-13T04:56:31Z,2026-07-13T06:56:31+0200,46fca521-fea0-4798-9f2d-95ad89ae35bc,2026-06-30T15:15:00Z,2026-06-30T17:15:00+0200,13026.5,MW,FR,FR,actual_solar_generation,Solar,2026-07-13T04:57:06Z
2026-07-13T04:56:31Z,2026-07-13T06:56:31+0200,46fca521-fea0-4798-9f2d-95ad89ae35bc,2026-06-30T15:30:00Z,2026-06-30T17:30:00+0200,12233.25,MW,FR,FR,actual_solar_generation,Solar,2026-07-13T04:57:06Z
2026-07-13T04:56:31Z,2026-07-13T06:56:31+0200,46fca521-fea0-4798-9f2d-95ad89ae35bc,2026-06-30T15:45:00Z,2026-06-30T17:45:00+0200,11471.42,MW,FR,FR,actual_solar_generation,Solar,2026-07-13T04:57:06Z
2026-07-13T04:56:31Z,2026-07-13T06:56:31+0200,46fca521-fea0-4798-9f2d-95ad89ae35bc,2026-06-30T16:00:00Z,2026-06-30T18:00:00+0200,10750.04,MW,FR,FR,actual_solar_generation,Solar,2026-07-13T04:57:06Z
2026-07-13T04:56:31Z,2026-07-13T06:56:31+0200,46fca521-fea0-4798-9f2d-95ad89ae35bc,2026-06-30T16:15:00Z,2026-06-30T18:15:00+0200,9786.97,MW,FR,FR,actual_solar_generation,Solar,2026-07-13T04:57:06Z
2026-07-13T04:56:31Z,2026-07-13T06:56:31+0200,46fca521-fea0-4798-9f2d-95ad89ae35bc,2026-06-30T16:30:00Z,2026-06-30T18:30:00+0200,8848.76,MW,FR,FR,actual_solar_generation,Solar,2026-07-13T04:57:06Z
2026-07-13T04:56:31Z,2026-07-13T06:56:31+0200,46fca521-fea0-4798-9f2d-95ad89ae35bc,2026-06-30T16:45:00Z,2026-06-30T18:45:00+0200,7824.06,MW,FR,FR,actual_solar_generation,Solar,2026-07-13T04:57:06Z
2026-07-13T04:56:31Z,2026-07-13T06:56:31+0200,46fca521-fea0-4798-9f2d-95ad89ae35bc,2026-06-30T17:00:00Z,2026-06-30T19:00:00+0200,6785.33,MW,FR,FR,actual_solar_generation,Solar,2026-07-13T04:57:06Z
2026-07-13T04:56:31Z,2026-07-13T06:56:31+0200,46fca521-fea0-4798-9f2d-95ad89ae35bc,2026-06-30T17:15:00Z,2026-06-30T19:15:00+0200,5831.41,MW,FR,FR,actual_solar_generation,Solar,2026-07-13T04:57:06Z
2026-07-13T04:56:31Z,2026-07-13T06:56:31+0200,46fca521-fea0-4798-9f2d-95ad89ae35bc,2026-06-30T17:30:00Z,2026-06-30T19:30:00+0200,4807.09,MW,FR,FR,actual_solar_generation,Solar,2026-07-13T04:57:06Z
2026-07-13T04:56:31Z,2026-07-13T06:56:31+0200,46fca521-fea0-4798-9f2d-95ad89ae35bc,2026-06-30T17:45:00Z,2026-06-30T19:45:00+0200,3838.41,MW,FR,FR,actual_solar_generation,Solar,2026-07-13T04:57:06Z
2026-07-13T04:56:31Z,2026-07-13T06:56:31+0200,46fca521-fea0-4798-9f2d-95ad89ae35bc,2026-06-30T18:00:00Z,2026-06-30T20:00:00+0200,3021.88,MW,FR,FR,actual_solar_generation,Solar,2026-07-13T04:57:06Z
2026-07-13T04:56:31Z,2026-07-13T06:56:31+0200,46fca521-fea0-4798-9f2d-95ad89ae35bc,2026-06-30T18:15:00Z,2026-06-30T20:15:00+0200,2324.0,MW,FR,FR,actual_solar_generation,Solar,2026-07-13T04:57:06Z
2026-07-13T04:56:31Z,2026-07-13T06:56:31+0200,46fca521-fea0-4798-9f2d-95ad89ae35bc,2026-06-30T18:30:00Z,2026-06-30T20:30:00+0200,1724.02,MW,FR,FR,actual_solar_generation,Solar,2026-07-13T04:57:06Z
2026-07-13T04:56:31Z,2026-07-13T06:56:31+0200,46fca521-fea0-4798-9f2d-95ad89ae35bc,2026-06-30T18:45:00Z,2026-06-30T20:45:00+0200,1275.11,MW,FR,FR,actual_solar_generation,Solar,2026-07-13T04:57:06Z
2026-07-13T04:56:31Z,2026-07-13T06:56:31+0200,46fca521-fea0-4798-9f2d-95ad89ae35bc,2026-06-30T19:00:00Z,2026-06-30T21:00:00+0200,871.8,MW,FR,FR,actual_solar_generation,Solar,2026-07-13T04:57:06Z
2026-07-13T04:56:31Z,2026-07-13T06:56:31+0200,46fca521-fea0-4798-9f2d-95ad89ae35bc,2026-06-30T19:15:00Z,2026-06-30T21:15:00+0200,562.47,MW,FR,FR,actual_solar_generation,Solar,2026-07-13T04:57:06Z
2026-07-13T04:56:31Z,2026-07-13T06:56:31+0200,46fca521-fea0-4798-9f2d-95ad89ae35bc,2026-06-30T19:30:00Z,2026-06-30T21:30:00+0200,364.3,MW,FR,FR,actual_solar_generation,Solar,2026-07-13T04:57:06Z
2026-07-13T04:56:31Z,2026-07-13T06:56:31+0200,46fca521-fea0-4798-9f2d-95ad89ae35bc,2026-06-30T19:45:00Z,2026-06-30T21:45:00+0200,269.32,MW,FR,FR,actual_solar_generation,Solar,2026-07-13T04:57:06Z
2026-07-13T04:56:31Z,2026-07-13T06:56:31+0200,46fca521-fea0-4798-9f2d-95ad89ae35bc,2026-06-30T20:00:00Z,2026-06-30T22:00:00+0200,228.97,MW,FR,FR,actual_solar_generation,Solar,2026-07-13T04:57:06Z
2026-07-13T04:56:31Z,2026-07-13T06:56:31+0200,46fca521-fea0-4798-9f2d-95ad89ae35bc,2026-06-30T20:15:00Z,2026-06-30T22:15:00+0200,216.28,MW,FR,FR,actual_solar_generation,Solar,2026-07-13T04:57:06Z
2026-07-13T04:56:31Z,2026-07-13T06:56:31+0200,46fca521-fea0-4798-9f2d-95ad89ae35bc,2026-06-30T20:30:00Z,2026-06-30T22:30:00+0200,219.05,MW,FR,FR,actual_solar_generation,Solar,2026-07-13T04:57:06Z
2026-07-13T04:56:31Z,2026-07-13T06:56:31+0200,46fca521-fea0-4798-9f2d-95ad89ae35bc,2026-06-30T20:45:00Z,2026-06-30T22:45:00+0200,221.58,MW,FR,FR,actual_solar_generation,Solar,2026-07-13T04:57:06Z
2026-07-13T04:56:31Z,2026-07-13T06:56:31+0200,46fca521-fea0-4798-9f2d-95ad89ae35bc,2026-06-30T21:00:00Z,2026-06-30T23:00:00+0200,0.0,MW,FR,FR,actual_solar_generation,Solar,2026-07-13T04:57:06Z
2026-07-13T04:56:31Z,2026-07-13T06:56:31+0200,46fca521-fea0-4798-9f2d-95ad89ae35bc,2026-06-30T21:15:00Z,2026-06-30T23:15:00+0200,0.0,MW,FR,FR,actual_solar_generation,Solar,2026-07-13T04:57:06Z
2026-07-13T04:56:31Z,2026-07-13T06:56:31+0200,46fca521-fea0-4798-9f2d-95ad89ae35bc,2026-06-30T21:30:00Z,2026-06-30T23:30:00+0200,0.0,MW,FR,FR,actual_solar_generation,Solar,2026-07-13T04:57:06Z
2026-07-13T04:56:31Z,2026-07-13T06:56:31+0200,46fca521-fea0-4798-9f2d-95ad89ae35bc,2026-06-30T21:45:00Z,2026-06-30T23:45:00+0200,0.0,MW,FR,FR,actual_solar_generation,Solar,2026-07-13T04:57:06Z
2026-07-13T04:56:31Z,2026-07-13T06:56:31+0200,46fca521-fea0-4798-9f2d-95ad89ae35bc,2026-06-30T22:00:00Z,2026-07-01T00:00:00+0200,0.0,MW,FR,FR,actual_solar_generation,Solar,2026-07-13T04:57:06Z
2026-07-13T04:56:31Z,2026-07-13T06:56:31+0200,46fca521-fea0-4798-9f2d-95ad89ae35bc,2026-06-30T22:15:00Z,2026-07-01T00:15:00+0200,0.0,MW,FR,FR,actual_solar_generation,Solar,2026-07-13T04:57:06Z
2026-07-13T04:56:31Z,2026-07-13T06:56:31+0200,46fca521-fea0-4798-9f2d-95ad89ae35bc,2026-06-30T22:30:00Z,2026-07-01T00:30:00+0200,0.0,MW,FR,FR,actual_solar_generation,Solar,2026-07-13T04:57:06Z
2026-07-13T04:56:31Z,2026-07-13T06:56:31+0200,46fca521-fea0-4798-9f2d-95ad89ae35bc,2026-06-30T22:45:00Z,2026-07-01T00:45:00+0200,0.0,MW,FR,FR,actual_solar_generation,Solar,2026-07-13T04:57:06Z
2026-07-13T04:56:31Z,2026-07-13T06:56:31+0200,46fca521-fea0-4798-9f2d-95ad89ae35bc,2026-06-30T23:00:00Z,2026-07-01T01:00:00+0200,0.0,MW,FR,FR,actual_solar_generation,Solar,2026-07-13T04:57:06Z
2026-07-13T04:56:31Z,2026-07-13T06:56:31+0200,46fca521-fea0-4798-9f2d-95ad89ae35bc,2026-06-30T23:15:00Z,2026-07-01T01:15:00+0200,0.0,MW,FR,FR,actual_solar_generation,Solar,2026-07-13T04:57:06Z
2026-07-13T04:56:31Z,2026-07-13T06:56:31+0200,46fca521-fea0-4798-9f2d-95ad89ae35bc,2026-06-30T23:30:00Z,2026-07-01T01:30:00+0200,0.0,MW,FR,FR,actual_solar_generation,Solar,2026-07-13T04:57:06Z
2026-07-13T04:56:31Z,2026-07-13T06:56:31+0200,46fca521-fea0-4798-9f2d-95ad89ae35bc,2026-06-30T23:45:00Z,2026-07-01T01:45:00+0200,0.0,MW,FR,FR,actual_solar_generation,Solar,2026-07-13T04:57:06Z
2026-07-13T04:56:31Z,2026-07-13T06:56:31+0200,46fca521-fea0-4798-9f2d-95ad89ae35bc,2026-07-01T00:00:00Z,2026-07-01T02:00:00+0200,0.0,MW,FR,FR,actual_solar_generation,Solar,2026-07-13T04:57:06Z
2026-07-13T04:56:31Z,2026-07-13T06:56:31+0200,46fca521-fea0-4798-9f2d-95ad89ae35bc,2026-07-01T00:15:00Z,2026-07-01T02:15:00+0200,0.0,MW,FR,FR,actual_solar_generation,Solar,2026-07-13T04:57:06Z
2026-07-13T04:56:31Z,2026-07-13T06:56:31+0200,46fca521-fea0-4798-9f2d-95ad89ae35bc,2026-07-01T00:30:00Z,2026-07-01T02:30:00+0200,0.0,MW,FR,FR,actual_solar_generation,Solar,2026-07-13T04:57:06Z
2026-07-13T04:56:31Z,2026-07-13T06:56:31+0200,46fca521-fea0-4798-9f2d-95ad89ae35bc,2026-07-01T00:45:00Z,2026-07-01T02:45:00+0200,0.0,MW,FR,FR,actual_solar_generation,Solar,2026-07-13T04:57:06Z
2026-07-13T04:56:31Z,2026-07-13T06:56:31+0200,46fca521-fea0-4798-9f2d-95ad89ae35bc,2026-07-01T01:00:00Z,2026-07-01T03:00:00+0200,0.0,MW,FR,FR,actual_solar_generation,Solar,2026-07-13T04:57:06Z
2026-07-13T04:56:31Z,2026-07-13T06:56:31+0200,46fca521-fea0-4798-9f2d-95ad89ae35bc,2026-07-01T01:15:00Z,2026-07-01T03:15:00+0200,0.0,MW,FR,FR,actual_solar_generation,Solar,2026-07-13T04:57:06Z
2026-07-13T04:56:31Z,2026-07-13T06:56:31+0200,46fca521-fea0-4798-9f2d-95ad89ae35bc,2026-07-01T01:30:00Z,2026-07-01T03:30:00+0200,0.0,MW,FR,FR,actual_solar_generation,Solar,2026-07-13T04:57:06Z
2026-07-13T04:56:31Z,2026-07-13T06:56:31+0200,46fca521-fea0-4798-9f2d-95ad89ae35bc,2026-07-01T01:45:00Z,2026-07-01T03:45:00+0200,0.0,MW,FR,FR,actual_solar_generation,Solar,2026-07-13T04:57:06Z
2026-07-13T04:56:31Z,2026-07-13T06:56:31+0200,46fca521-fea0-4798-9f2d-95ad89ae35bc,2026-07-01T02:00:00Z,2026-07-01T04:00:00+0200,0.0,MW,FR,FR,actual_solar_generation,Solar,2026-07-13T04:57:06Z
2026-07-13T04:56:31Z,2026-07-13T06:56:31+0200,46fca521-fea0-4798-9f2d-95ad89ae35bc,2026-07-01T02:15:00Z,2026-07-01T04:15:00+0200,0.0,MW,FR,FR,actual_solar_generation,Solar,2026-07-13T04:57:06Z
2026-07-13T04:56:31Z,2026-07-13T06:56:31+0200,46fca521-fea0-4798-9f2d-95ad89ae35bc,2026-07-01T02:30:00Z,2026-07-01T04:30:00+0200,0.0,MW,FR,FR,actual_solar_generation,Solar,2026-07-13T04:57:06Z
2026-07-13T04:56:31Z,2026-07-13T06:56:31+0200,46fca521-fea0-4798-9f2d-95ad89ae35bc,2026-07-01T02:45:00Z,2026-07-01T04:45:00+0200,0.0,MW,FR,FR,actual_solar_generation,Solar,2026-07-13T04:57:06Z
2026-07-13T04:56:31Z,2026-07-13T06:56:31+0200,46fca521-fea0-4798-9f2d-95ad89ae35bc,2026-07-01T03:00:00Z,2026-07-01T05:00:00+0200,208.68,MW,FR,FR,actual_solar_generation,Solar,2026-07-13T04:57:06Z
2026-07-13T04:56:31Z,2026-07-13T06:56:31+0200,46fca521-fea0-4798-9f2d-95ad89ae35bc,2026-07-01T03:15:00Z,2026-07-01T05:15:00+0200,213.32,MW,FR,FR,actual_solar_generation,Solar,2026-07-13T04:57:06Z
2026-07-13T04:56:31Z,2026-07-13T06:56:31+0200,46fca521-fea0-4798-9f2d-95ad89ae35bc,2026-07-01T03:30:00Z,2026-07-01T05:30:00+0200,215.98,MW,FR,FR,actual_solar_generation,Solar,2026-07-13T04:57:06Z
2026-07-13T04:56:31Z,2026-07-13T06:56:31+0200,46fca521-fea0-4798-9f2d-95ad89ae35bc,2026-07-01T03:45:00Z,2026-07-01T05:45:00+0200,231.39,MW,FR,FR,actual_solar_generation,Solar,2026-07-13T04:57:06Z
2026-07-13T04:56:31Z,2026-07-13T06:56:31+0200,46fca521-fea0-4798-9f2d-95ad89ae35bc,2026-07-01T04:00:00Z,2026-07-01T06:00:00+0200,277.49,MW,FR,FR,actual_solar_generation,Solar,2026-07-13T04:57:06Z
2026-07-13T04:56:31Z,2026-07-13T06:56:31+0200,46fca521-fea0-4798-9f2d-95ad89ae35bc,2026-07-01T04:15:00Z,2026-07-01T06:15:00+0200,350.18,MW,FR,FR,actual_solar_generation,Solar,2026-07-13T04:57:06Z
2026-07-13T04:56:31Z,2026-07-13T06:56:31+0200,46fca521-fea0-4798-9f2d-95ad89ae35bc,2026-07-01T04:30:00Z,2026-07-01T06:30:00+0200,504.23,MW,FR,FR,actual_solar_generation,Solar,2026-07-13T04:57:06Z
2026-07-13T04:56:31Z,2026-07-13T06:56:31+0200,46fca521-fea0-4798-9f2d-95ad89ae35bc,2026-07-01T04:45:00Z,2026-07-01T06:45:00+0200,778.33,MW,FR,FR,actual_solar_generation,Solar,2026-07-13T04:57:06Z
2026-07-13T04:56:31Z,2026-07-13T06:56:31+0200,46fca521-fea0-4798-9f2d-95ad89ae35bc,2026-07-01T05:00:00Z,2026-07-01T07:00:00+0200,1153.83,MW,FR,FR,actual_solar_generation,Solar,2026-07-13T04:57:06Z
2026-07-13T04:56:31Z,2026-07-13T06:56:31+0200,46fca521-fea0-4798-9f2d-95ad89ae35bc,2026-07-01T05:15:00Z,2026-07-01T07:15:00+0200,1605.33,MW,FR,FR,actual_solar_generation,Solar,2026-07-13T04:57:06Z
2026-07-13T04:56:31Z,2026-07-13T06:56:31+0200,46fca521-fea0-4798-9f2d-95ad89ae35bc,2026-07-01T05:30:00Z,2026-07-01T07:30:00+0200,2225.65,MW,FR,FR,actual_solar_generation,Solar,2026-07-13T04:57:06Z
2026-07-13T04:56:31Z,2026-07-13T06:56:31+0200,46fca521-fea0-4798-9f2d-95ad89ae35bc,2026-07-01T05:45:00Z,2026-07-01T07:45:00+0200,2916.44,MW,FR,FR,actual_solar_generation,Solar,2026-07-13T04:57:06Z
2026-07-13T04:56:31Z,2026-07-13T06:56:31+0200,46fca521-fea0-4798-9f2d-95ad89ae35bc,2026-07-01T06:00:00Z,2026-07-01T08:00:00+0200,3648.1,MW,FR,FR,actual_solar_generation,Solar,2026-07-13T04:57:06Z
2026-07-13T04:56:31Z,2026-07-13T06:56:31+0200,46fca521-fea0-4798-9f2d-95ad89ae35bc,2026-07-01T06:15:00Z,2026-07-01T08:15:00+0200,4559.5,MW,FR,FR,actual_solar_generation,Solar,2026-07-13T04:57:06Z
2026-07-13T04:56:31Z,2026-07-13T06:56:31+0200,46fca521-fea0-4798-9f2d-95ad89ae35bc,2026-07-01T06:30:00Z,2026-07-01T08:30:00+0200,5659.52,MW,FR,FR,actual_solar_generation,Solar,2026-07-13T04:57:06Z
2026-07-13T04:56:31Z,2026-07-13T06:56:31+0200,46fca521-fea0-4798-9f2d-95ad89ae35bc,2026-07-01T06:45:00Z,2026-07-01T08:45:00+0200,6737.3,MW,FR,FR,actual_solar_generation,Solar,2026-07-13T04:57:06Z
2026-07-13T04:56:31Z,2026-07-13T06:56:31+0200,46fca521-fea0-4798-9f2d-95ad89ae35bc,2026-07-01T07:00:00Z,2026-07-01T09:00:00+0200,7841.89,MW,FR,FR,actual_solar_generation,Solar,2026-07-13T04:57:06Z
2026-07-13T04:56:31Z,2026-07-13T06:56:31+0200,46fca521-fea0-4798-9f2d-95ad89ae35bc,2026-07-01T07:15:00Z,2026-07-01T09:15:00+0200,8889.41,MW,FR,FR,actual_solar_generation,Solar,2026-07-13T04:57:06Z
2026-07-13T04:56:31Z,2026-07-13T06:56:31+0200,46fca521-fea0-4798-9f2d-95ad89ae35bc,2026-07-01T07:30:00Z,2026-07-01T09:30:00+0200,10126.29,MW,FR,FR,actual_solar_generation,Solar,2026-07-13T04:57:06Z
2026-07-13T04:56:31Z,2026-07-13T06:56:31+0200,46fca521-fea0-4798-9f2d-95ad89ae35bc,2026-07-01T07:45:00Z,2026-07-01T09:45:00+0200,11652.57,MW,FR,FR,actual_solar_generation,Solar,2026-07-13T04:57:06Z
2026-07-13T04:56:31Z,2026-07-13T06:56:31+0200,46fca521-fea0-4798-9f2d-95ad89ae35bc,2026-07-01T08:00:00Z,2026-07-01T10:00:00+0200,12678.77,MW,FR,FR,actual_solar_generation,Solar,2026-07-13T04:57:06Z
2026-07-13T04:56:31Z,2026-07-13T06:56:31+0200,46fca521-fea0-4798-9f2d-95ad89ae35bc,2026-07-01T08:15:00Z,2026-07-01T10:15:00+0200,13764.5,MW,FR,FR,actual_solar_generation,Solar,2026-07-13T04:57:06Z
2026-07-13T04:56:31Z,2026-07-13T06:56:31+0200,46fca521-fea0-4798-9f2d-95ad89ae35bc,2026-07-01T08:30:00Z,2026-07-01T10:30:00+0200,14472.79,MW,FR,FR,actual_solar_generation,Solar,2026-07-13T04:57:06Z
2026-07-13T04:56:31Z,2026-07-13T06:56:31+0200,46fca521-fea0-4798-9f2d-95ad89ae35bc,2026-07-01T08:45:00Z,2026-07-01T10:45:00+0200,15156.62,MW,FR,FR,actual_solar_generation,Solar,2026-07-13T04:57:06Z
2026-07-13T04:56:31Z,2026-07-13T06:56:31+0200,46fca521-fea0-4798-9f2d-95ad89ae35bc,2026-07-01T09:00:00Z,2026-07-01T11:00:00+0200,15865.11,MW,FR,FR,actual_solar_generation,Solar,2026-07-13T04:57:06Z
2026-07-13T04:56:31Z,2026-07-13T06:56:31+0200,46fca521-fea0-4798-9f2d-95ad89ae35bc,2026-07-01T09:15:00Z,2026-07-01T11:15:00+0200,16328.14,MW,FR,FR,actual_solar_generation,Solar,2026-07-13T04:57:06Z
2026-07-13T04:56:31Z,2026-07-13T06:56:31+0200,46fca521-fea0-4798-9f2d-95ad89ae35bc,2026-07-01T09:30:00Z,2026-07-01T11:30:00+0200,16956.59,MW,FR,FR,actual_solar_generation,Solar,2026-07-13T04:57:06Z
2026-07-13T04:56:31Z,2026-07-13T06:56:31+0200,46fca521-fea0-4798-9f2d-95ad89ae35bc,2026-07-01T09:45:00Z,2026-07-01T11:45:00+0200,17327.29,MW,FR,FR,actual_solar_generation,Solar,2026-07-13T04:57:06Z
2026-07-13T04:56:31Z,2026-07-13T06:56:31+0200,46fca521-fea0-4798-9f2d-95ad89ae35bc,2026-07-01T10:00:00Z,2026-07-01T12:00:00+0200,17492.36,MW,FR,FR,actual_solar_generation,Solar,2026-07-13T04:57:06Z
2026-07-13T04:56:31Z,2026-07-13T06:56:31+0200,46fca521-fea0-4798-9f2d-95ad89ae35bc,2026-07-01T10:15:00Z,2026-07-01T12:15:00+0200,17779.81,MW,FR,FR,actual_solar_generation,Solar,2026-07-13T04:57:06Z
2026-07-13T04:56:31Z,2026-07-13T06:56:31+0200,46fca521-fea0-4798-9f2d-95ad89ae35bc,2026-07-01T10:30:00Z,2026-07-01T12:30:00+0200,18089.21,MW,FR,FR,actual_solar_generation,Solar,2026-07-13T04:57:06Z
2026-07-13T04:56:31Z,2026-07-13T06:56:31+0200,46fca521-fea0-4798-9f2d-95ad89ae35bc,2026-07-01T10:45:00Z,2026-07-01T12:45:00+0200,18196.38,MW,FR,FR,actual_solar_generation,Solar,2026-07-13T04:57:06Z
2026-07-13T04:56:31Z,2026-07-13T06:56:31+0200,46fca521-fea0-4798-9f2d-95ad89ae35bc,2026-07-01T11:00:00Z,2026-07-01T13:00:00+0200,18238.97,MW,FR,FR,actual_solar_generation,Solar,2026-07-13T04:57:06Z
2026-07-13T04:56:31Z,2026-07-13T06:56:31+0200,46fca521-fea0-4798-9f2d-95ad89ae35bc,2026-07-01T11:15:00Z,2026-07-01T13:15:00+0200,18101.11,MW,FR,FR,actual_solar_generation,Solar,2026-07-13T04:57:06Z
2026-07-13T04:56:31Z,2026-07-13T06:56:31+0200,46fca521-fea0-4798-9f2d-95ad89ae35bc,2026-07-01T11:30:00Z,2026-07-01T13:30:00+0200,18040.03,MW,FR,FR,actual_solar_generation,Solar,2026-07-13T04:57:06Z
2026-07-13T04:56:31Z,2026-07-13T06:56:31+0200,46fca521-fea0-4798-9f2d-95ad89ae35bc,2026-07-01T11:45:00Z,2026-07-01T13:45:00+0200,18096.89,MW,FR,FR,actual_solar_generation,Solar,2026-07-13T04:57:06Z
2026-07-13T04:56:31Z,2026-07-13T06:56:31+0200,46fca521-fea0-4798-9f2d-95ad89ae35bc,2026-07-01T12:00:00Z,2026-07-01T14:00:00+0200,18070.41,MW,FR,FR,actual_solar_generation,Solar,2026-07-13T04:57:06Z
2026-07-13T04:56:31Z,2026-07-13T06:56:31+0200,46fca521-fea0-4798-9f2d-95ad89ae35bc,2026-07-01T12:15:00Z,2026-07-01T14:15:00+0200,17977.79,MW,FR,FR,actual_solar_generation,Solar,2026-07-13T04:57:06Z
2026-07-13T04:56:31Z,2026-07-13T06:56:31+0200,46fca521-fea0-4798-9f2d-95ad89ae35bc,2026-07-01T12:30:00Z,2026-07-01T14:30:00+0200,17907.47,MW,FR,FR,actual_solar_generation,Solar,2026-07-13T04:57:06Z
2026-07-13T04:56:31Z,2026-07-13T06:56:31+0200,46fca521-fea0-4798-9f2d-95ad89ae35bc,2026-07-01T12:45:00Z,2026-07-01T14:45:00+0200,17969.98,MW,FR,FR,actual_solar_generation,Solar,2026-07-13T04:57:06Z
2026-07-13T04:56:31Z,2026-07-13T06:56:31+0200,46fca521-fea0-4798-9f2d-95ad89ae35bc,2026-07-01T13:00:00Z,2026-07-01T15:00:00+0200,17964.68,MW,FR,FR,actual_solar_generation,Solar,2026-07-13T04:57:06Z
2026-07-13T04:56:31Z,2026-07-13T06:56:31+0200,46fca521-fea0-4798-9f2d-95ad89ae35bc,2026-07-01T13:15:00Z,2026-07-01T15:15:00+0200,17667.44,MW,FR,FR,actual_solar_generation,Solar,2026-07-13T04:57:06Z
2026-07-13T04:56:31Z,2026-07-13T06:56:31+0200,46fca521-fea0-4798-9f2d-95ad89ae35bc,2026-07-01T13:30:00Z,2026-07-01T15:30:00+0200,17292.15,MW,FR,FR,actual_solar_generation,Solar,2026-07-13T04:57:06Z
2026-07-13T04:56:31Z,2026-07-13T06:56:31+0200,46fca521-fea0-4798-9f2d-95ad89ae35bc,2026-07-01T13:45:00Z,2026-07-01T15:45:00+0200,17154.31,MW,FR,FR,actual_solar_generation,Solar,2026-07-13T04:57:06Z
2026-07-13T04:56:31Z,2026-07-13T06:56:31+0200,46fca521-fea0-4798-9f2d-95ad89ae35bc,2026-07-01T14:00:00Z,2026-07-01T16:00:00+0200,16844.67,MW,FR,FR,actual_solar_generation,Solar,2026-07-13T04:57:06Z
2026-07-13T04:56:31Z,2026-07-13T06:56:31+0200,46fca521-fea0-4798-9f2d-95ad89ae35bc,2026-07-01T14:15:00Z,2026-07-01T16:15:00+0200,16312.52,MW,FR,FR,actual_solar_generation,Solar,2026-07-13T04:57:06Z
2026-07-13T04:56:31Z,2026-07-13T06:56:31+0200,46fca521-fea0-4798-9f2d-95ad89ae35bc,2026-07-01T14:30:00Z,2026-07-01T16:30:00+0200,15718.08,MW,FR,FR,actual_solar_generation,Solar,2026-07-13T04:57:06Z
2026-07-13T04:56:31Z,2026-07-13T06:56:31+0200,46fca521-fea0-4798-9f2d-95ad89ae35bc,2026-07-01T14:45:00Z,2026-07-01T16:45:00+0200,15289.09,MW,FR,FR,actual_solar_generation,Solar,2026-07-13T04:57:06Z
2026-07-13T04:56:31Z,2026-07-13T06:56:31+0200,46fca521-fea0-4798-9f2d-95ad89ae35bc,2026-07-01T15:00:00Z,2026-07-01T17:00:00+0200,15039.82,MW,FR,FR,actual_solar_generation,Solar,2026-07-13T04:57:06Z
2026-07-13T04:56:31Z,2026-07-13T06:56:31+0200,46fca521-fea0-4798-9f2d-95ad89ae35bc,2026-07-01T15:15:00Z,2026-07-01T17:15:00+0200,14247.96,MW,FR,FR,actual_solar_generation,Solar,2026-07-13T04:57:06Z
2026-07-13T04:56:31Z,2026-07-13T06:56:31+0200,46fca521-fea0-4798-9f2d-95ad89ae35bc,2026-07-01T15:30:00Z,2026-07-01T17:30:00+0200,13508.61,MW,FR,FR,actual_solar_generation,Solar,2026-07-13T04:57:06Z
2026-07-13T04:56:31Z,2026-07-13T06:56:31+0200,46fca521-fea0-4798-9f2d-95ad89ae35bc,2026-07-01T15:45:00Z,2026-07-01T17:45:00+0200,12741.02,MW,FR,FR,actual_solar_generation,Solar,2026-07-13T04:57:06Z
2026-07-13T04:56:31Z,2026-07-13T06:56:31+0200,46fca521-fea0-4798-9f2d-95ad89ae35bc,2026-07-01T16:00:00Z,2026-07-01T18:00:00+0200,11708.68,MW,FR,FR,actual_solar_generation,Solar,2026-07-13T04:57:06Z
2026-07-13T04:56:31Z,2026-07-13T06:56:31+0200,46fca521-fea0-4798-9f2d-95ad89ae35bc,2026-07-01T16:15:00Z,2026-07-01T18:15:00+0200,10690.58,MW,FR,FR,actual_solar_generation,Solar,2026-07-13T04:57:06Z
2026-07-13T04:56:31Z,2026-07-13T06:56:31+0200,46fca521-fea0-4798-9f2d-95ad89ae35bc,2026-07-01T16:30:00Z,2026-07-01T18:30:00+0200,9742.48,MW,FR,FR,actual_solar_generation,Solar,2026-07-13T04:57:06Z
2026-07-13T04:56:31Z,2026-07-13T06:56:31+0200,46fca521-fea0-4798-9f2d-95ad89ae35bc,2026-07-01T16:45:00Z,2026-07-01T18:45:00+0200,8635.53,MW,FR,FR,actual_solar_generation,Solar,2026-07-13T04:57:06Z
2026-07-13T04:56:31Z,2026-07-13T06:56:31+0200,46fca521-fea0-4798-9f2d-95ad89ae35bc,2026-07-01T17:00:00Z,2026-07-01T19:00:00+0200,7515.76,MW,FR,FR,actual_solar_generation,Solar,2026-07-13T04:57:06Z
2026-07-13T04:56:31Z,2026-07-13T06:56:31+0200,46fca521-fea0-4798-9f2d-95ad89ae35bc,2026-07-01T17:15:00Z,2026-07-01T19:15:00+0200,6404.51,MW,FR,FR,actual_solar_generation,Solar,2026-07-13T04:57:06Z
2026-07-13T04:56:31Z,2026-07-13T06:56:31+0200,46fca521-fea0-4798-9f2d-95ad89ae35bc,2026-07-01T17:30:00Z,2026-07-01T19:30:00+0200,5326.25,MW,FR,FR,actual_solar_generation,Solar,2026-07-13T04:57:06Z
2026-07-13T04:56:31Z,2026-07-13T06:56:31+0200,46fca521-fea0-4798-9f2d-95ad89ae35bc,2026-07-01T17:45:00Z,2026-07-01T19:45:00+0200,4322.41,MW,FR,FR,actual_solar_generation,Solar,2026-07-13T04:57:06Z
2026-07-13T04:56:31Z,2026-07-13T06:56:31+0200,46fca521-fea0-4798-9f2d-95ad89ae35bc,2026-07-01T18:00:00Z,2026-07-01T20:00:00+0200,3302.59,MW,FR,FR,actual_solar_generation,Solar,2026-07-13T04:57:06Z
2026-07-13T04:56:31Z,2026-07-13T06:56:31+0200,46fca521-fea0-4798-9f2d-95ad89ae35bc,2026-07-01T18:15:00Z,2026-07-01T20:15:00+0200,2493.75,MW,FR,FR,actual_solar_generation,Solar,2026-07-13T04:57:06Z
2026-07-13T04:56:31Z,2026-07-13T06:56:31+0200,46fca521-fea0-4798-9f2d-95ad89ae35bc,2026-07-01T18:30:00Z,2026-07-01T20:30:00+0200,1864.15,MW,FR,FR,actual_solar_generation,Solar,2026-07-13T04:57:06Z
2026-07-13T04:56:31Z,2026-07-13T06:56:31+0200,46fca521-fea0-4798-9f2d-95ad89ae35bc,2026-07-01T18:45:00Z,2026-07-01T20:45:00+0200,1346.72,MW,FR,FR,actual_solar_generation,Solar,2026-07-13T04:57:06Z
2026-07-13T04:56:31Z,2026-07-13T06:56:31+0200,46fca521-fea0-4798-9f2d-95ad89ae35bc,2026-07-01T19:00:00Z,2026-07-01T21:00:00+0200,933.58,MW,FR,FR,actual_solar_generation,Solar,2026-07-13T04:57:06Z
2026-07-13T04:56:31Z,2026-07-13T06:56:31+0200,46fca521-fea0-4798-9f2d-95ad89ae35bc,2026-07-01T19:15:00Z,2026-07-01T21:15:00+0200,604.34,MW,FR,FR,actual_solar_generation,Solar,2026-07-13T04:57:06Z
2026-07-13T04:56:31Z,2026-07-13T06:56:31+0200,46fca521-fea0-4798-9f2d-95ad89ae35bc,2026-07-01T19:30:00Z,2026-07-01T21:30:00+0200,391.03,MW,FR,FR,actual_solar_generation,Solar,2026-07-13T04:57:06Z
2026-07-13T04:56:31Z,2026-07-13T06:56:31+0200,46fca521-fea0-4798-9f2d-95ad89ae35bc,2026-07-01T19:45:00Z,2026-07-01T21:45:00+0200,293.53,MW,FR,FR,actual_solar_generation,Solar,2026-07-13T04:57:06Z
2026-07-13T04:56:31Z,2026-07-13T06:56:31+0200,46fca521-fea0-4798-9f2d-95ad89ae35bc,2026-07-01T20:00:00Z,2026-07-01T22:00:00+0200,237.4,MW,FR,FR,actual_solar_generation,Solar,2026-07-13T04:57:06Z
2026-07-13T04:56:31Z,2026-07-13T06:56:31+0200,46fca521-fea0-4798-9f2d-95ad89ae35bc,2026-07-01T20:15:00Z,2026-07-01T22:15:00+0200,219.02,MW,FR,FR,actual_solar_generation,Solar,2026-07-13T04:57:06Z
2026-07-13T04:56:31Z,2026-07-13T06:56:31+0200,46fca521-fea0-4798-9f2d-95ad89ae35bc,2026-07-01T20:30:00Z,2026-07-01T22:30:00+0200,216.23,MW,FR,FR,actual_solar_generation,Solar,2026-07-13T04:57:06Z
2026-07-13T04:56:31Z,2026-07-13T06:56:31+0200,46fca521-fea0-4798-9f2d-95ad89ae35bc,2026-07-01T20:45:00Z,2026-07-01T22:45:00+0200,217.29,MW,FR,FR,actual_solar_generation,Solar,2026-07-13T04:57:06Z
2026-07-13T04:56:31Z,2026-07-13T06:56:31+0200,46fca521-fea0-4798-9f2d-95ad89ae35bc,2026-07-01T21:00:00Z,2026-07-01T23:00:00+0200,217.72,MW,FR,FR,actual_solar_generation,Solar,2026-07-13T04:57:06Z
2026-07-13T04:56:31Z,2026-07-13T06:56:31+0200,46fca521-fea0-4798-9f2d-95ad89ae35bc,2026-07-01T21:15:00Z,2026-07-01T23:15:00+0200,218.17,MW,FR,FR,actual_solar_generation,Solar,2026-07-13T04:57:06Z
2026-07-13T04:56:31Z,2026-07-13T06:56:31+0200,46fca521-fea0-4798-9f2d-95ad89ae35bc,2026-07-01T21:30:00Z,2026-07-01T23:30:00+0200,222.14,MW,FR,FR,actual_solar_generation,Solar,2026-07-13T04:57:06Z
2026-07-13T04:56:31Z,2026-07-13T06:56:31+0200,46fca521-fea0-4798-9f2d-95ad89ae35bc,2026-07-01T21:45:00Z,2026-07-01T23:45:00+0200,217.27,MW,FR,FR,actual_solar_generation,Solar,2026-07-13T04:57:06Z
2026-07-13T04:56:31Z,2026-07-13T06:56:31+0200,46fca521-fea0-4798-9f2d-95ad89ae35bc,2026-07-01T22:00:00Z,2026-07-02T00:00:00+0200,0.0,MW,FR,FR,actual_solar_generation,Solar,2026-07-13T04:57:06Z
2026-07-13T04:56:31Z,2026-07-13T06:56:31+0200,46fca521-fea0-4798-9f2d-95ad89ae35bc,2026-07-01T22:15:00Z,2026-07-02T00:15:00+0200,0.0,MW,FR,FR,actual_solar_generation,Solar,2026-07-13T04:57:06Z
2026-07-13T04:56:31Z,2026-07-13T06:56:31+0200,46fca521-fea0-4798-9f2d-95ad89ae35bc,2026-07-01T22:30:00Z,2026-07-02T00:30:00+0200,0.0,MW,FR,FR,actual_solar_generation,Solar,2026-07-13T04:57:06Z
2026-07-13T04:56:31Z,2026-07-13T06:56:31+0200,46fca521-fea0-4798-9f2d-95ad89ae35bc,2026-07-01T22:45:00Z,2026-07-02T00:45:00+0200,0.0,MW,FR,FR,actual_solar_generation,Solar,2026-07-13T04:57:06Z
2026-07-13T04:56:31Z,2026-07-13T06:56:31+0200,46fca521-fea0-4798-9f2d-95ad89ae35bc,2026-07-01T23:00:00Z,2026-07-02T01:00:00+0200,0.0,MW,FR,FR,actual_solar_generation,Solar,2026-07-13T04:57:06Z
2026-07-13T04:56:31Z,2026-07-13T06:56:31+0200,46fca521-fea0-4798-9f2d-95ad89ae35bc,2026-07-01T23:15:00Z,2026-07-02T01:15:00+0200,0.0,MW,FR,FR,actual_solar_generation,Solar,2026-07-13T04:57:06Z
2026-07-13T04:56:31Z,2026-07-13T06:56:31+0200,46fca521-fea0-4798-9f2d-95ad89ae35bc,2026-07-01T23:30:00Z,2026-07-02T01:30:00+0200,0.0,MW,FR,FR,actual_solar_generation,Solar,2026-07-13T04:57:06Z
2026-07-13T04:56:31Z,2026-07-13T06:56:31+0200,46fca521-fea0-4798-9f2d-95ad89ae35bc,2026-07-01T23:45:00Z,2026-07-02T01:45:00+0200,0.0,MW,FR,FR,actual_solar_generation,Solar,2026-07-13T04:57:06Z
2026-07-13T04:56:31Z,2026-07-13T06:56:31+0200,46fca521-fea0-4798-9f2d-95ad89ae35bc,2026-07-02T00:00:00Z,2026-07-02T02:00:00+0200,0.0,MW,FR,FR,actual_solar_generation,Solar,2026-07-13T04:57:06Z
2026-07-13T04:56:31Z,2026-07-13T06:56:31+0200,46fca521-fea0-4798-9f2d-95ad89ae35bc,2026-07-02T00:15:00Z,2026-07-02T02:15:00+0200,0.0,MW,FR,FR,actual_solar_generation,Solar,2026-07-13T04:57:06Z
2026-07-13T04:56:31Z,2026-07-13T06:56:31+0200,46fca521-fea0-4798-9f2d-95ad89ae35bc,2026-07-02T00:30:00Z,2026-07-02T02:30:00+0200,0.0,MW,FR,FR,actual_solar_generation,Solar,2026-07-13T04:57:06Z
2026-07-13T04:56:31Z,2026-07-13T06:56:31+0200,46fca521-fea0-4798-9f2d-95ad89ae35bc,2026-07-02T00:45:00Z,2026-07-02T02:45:00+0200,0.0,MW,FR,FR,actual_solar_generation,Solar,2026-07-13T04:57:06Z
2026-07-13T04:56:31Z,2026-07-13T06:56:31+0200,46fca521-fea0-4798-9f2d-95ad89ae35bc,2026-07-02T01:00:00Z,2026-07-02T03:00:00+0200,0.0,MW,FR,FR,actual_solar_generation,Solar,2026-07-13T04:57:06Z
2026-07-13T04:56:31Z,2026-07-13T06:56:31+0200,46fca521-fea0-4798-9f2d-95ad89ae35bc,2026-07-02T01:15:00Z,2026-07-02T03:15:00+0200,0.0,MW,FR,FR,actual_solar_generation,Solar,2026-07-13T04:57:06Z
2026-07-13T04:56:31Z,2026-07-13T06:56:31+0200,46fca521-fea0-4798-9f2d-95ad89ae35bc,2026-07-02T01:30:00Z,2026-07-02T03:30:00+0200,0.0,MW,FR,FR,actual_solar_generation,Solar,2026-07-13T04:57:06Z
2026-07-13T04:56:31Z,2026-07-13T06:56:31+0200,46fca521-fea0-4798-9f2d-95ad89ae35bc,2026-07-02T01:45:00Z,2026-07-02T03:45:00+0200,0.0,MW,FR,FR,actual_solar_generation,Solar,2026-07-13T04:57:06Z
2026-07-13T04:56:31Z,2026-07-13T06:56:31+0200,46fca521-fea0-4798-9f2d-95ad89ae35bc,2026-07-02T02:00:00Z,2026-07-02T04:00:00+0200,0.0,MW,FR,FR,actual_solar_generation,Solar,2026-07-13T04:57:06Z
2026-07-13T04:56:31Z,2026-07-13T06:56:31+0200,46fca521-fea0-4798-9f2d-95ad89ae35bc,2026-07-02T02:15:00Z,2026-07-02T04:15:00+0200,0.0,MW,FR,FR,actual_solar_generation,Solar,2026-07-13T04:57:06Z
2026-07-13T04:56:31Z,2026-07-13T06:56:31+0200,46fca521-fea0-4798-9f2d-95ad89ae35bc,2026-07-02T02:30:00Z,2026-07-02T04:30:00+0200,0.0,MW,FR,FR,actual_solar_generation,Solar,2026-07-13T04:57:06Z
2026-07-13T04:56:31Z,2026-07-13T06:56:31+0200,46fca521-fea0-4798-9f2d-95ad89ae35bc,2026-07-02T02:45:00Z,2026-07-02T04:45:00+0200,0.0,MW,FR,FR,actual_solar_generation,Solar,2026-07-13T04:57:06Z
2026-07-13T04:56:31Z,2026-07-13T06:56:31+0200,46fca521-fea0-4798-9f2d-95ad89ae35bc,2026-07-02T03:00:00Z,2026-07-02T05:00:00+0200,249.95,MW,FR,FR,actual_solar_generation,Solar,2026-07-13T04:57:06Z
2026-07-13T04:56:31Z,2026-07-13T06:56:31+0200,46fca521-fea0-4798-9f2d-95ad89ae35bc,2026-07-02T03:15:00Z,2026-07-02T05:15:00+0200,253.45,MW,FR,FR,actual_solar_generation,Solar,2026-07-13T04:57:06Z
2026-07-13T04:56:31Z,2026-07-13T06:56:31+0200,46fca521-fea0-4798-9f2d-95ad89ae35bc,2026-07-02T03:30:00Z,2026-07-02T05:30:00+0200,256.2,MW,FR,FR,actual_solar_generation,Solar,2026-07-13T04:57:06Z
2026-07-13T04:56:31Z,2026-07-13T06:56:31+0200,46fca521-fea0-4798-9f2d-95ad89ae35bc,2026-07-02T03:45:00Z,2026-07-02T05:45:00+0200,285.92,MW,FR,FR,actual_solar_generation,Solar,2026-07-13T04:57:06Z
2026-07-13T04:56:31Z,2026-07-13T06:56:31+0200,46fca521-fea0-4798-9f2d-95ad89ae35bc,2026-07-02T04:00:00Z,2026-07-02T06:00:00+0200,346.42,MW,FR,FR,actual_solar_generation,Solar,2026-07-13T04:57:06Z
2026-07-13T04:56:31Z,2026-07-13T06:56:31+0200,46fca521-fea0-4798-9f2d-95ad89ae35bc,2026-07-02T04:15:00Z,2026-07-02T06:15:00+0200,422.51,MW,FR,FR,actual_solar_generation,Solar,2026-07-13T04:57:06Z
2026-07-13T04:56:31Z,2026-07-13T06:56:31+0200,46fca521-fea0-4798-9f2d-95ad89ae35bc,2026-07-02T04:30:00Z,2026-07-02T06:30:00+0200,586.18,MW,FR,FR,actual_solar_generation,Solar,2026-07-13T04:57:06Z
2026-07-13T04:56:31Z,2026-07-13T06:56:31+0200,46fca521-fea0-4798-9f2d-95ad89ae35bc,2026-07-02T04:45:00Z,2026-07-02T06:45:00+0200,867.74,MW,FR,FR,actual_solar_generation,Solar,2026-07-13T04:57:06Z
2026-07-13T04:56:31Z,2026-07-13T06:56:31+0200,46fca521-fea0-4798-9f2d-95ad89ae35bc,2026-07-02T05:00:00Z,2026-07-02T07:00:00+0200,1272.26,MW,FR,FR,actual_solar_generation,Solar,2026-07-13T04:57:06Z
2026-07-13T04:56:31Z,2026-07-13T06:56:31+0200,46fca521-fea0-4798-9f2d-95ad89ae35bc,2026-07-02T05:15:00Z,2026-07-02T07:15:00+0200,1772.66,MW,FR,FR,actual_solar_generation,Solar,2026-07-13T04:57:06Z
2026-07-13T04:56:31Z,2026-07-13T06:56:31+0200,46fca521-fea0-4798-9f2d-95ad89ae35bc,2026-07-02T05:30:00Z,2026-07-02T07:30:00+0200,2416.08,MW,FR,FR,actual_solar_generation,Solar,2026-07-13T04:57:06Z
2026-07-13T04:56:31Z,2026-07-13T06:56:31+0200,46fca521-fea0-4798-9f2d-95ad89ae35bc,2026-07-02T05:45:00Z,2026-07-02T07:45:00+0200,3244.61,MW,FR,FR,actual_solar_generation,Solar,2026-07-13T04:57:06Z
2026-07-13T04:56:31Z,2026-07-13T06:56:31+0200,46fca521-fea0-4798-9f2d-95ad89ae35bc,2026-07-02T06:00:00Z,2026-07-02T08:00:00+0200,4076.08,MW,FR,FR,actual_solar_generation,Solar,2026-07-13T04:57:06Z
2026-07-13T04:56:31Z,2026-07-13T06:56:31+0200,46fca521-fea0-4798-9f2d-95ad89ae35bc,2026-07-02T06:15:00Z,2026-07-02T08:15:00+0200,5177.61,MW,FR,FR,actual_solar_generation,Solar,2026-07-13T04:57:06Z
2026-07-13T04:56:31Z,2026-07-13T06:56:31+0200,46fca521-fea0-4798-9f2d-95ad89ae35bc,2026-07-02T06:30:00Z,2026-07-02T08:30:00+0200,6278.98,MW,FR,FR,actual_solar_generation,Solar,2026-07-13T04:57:06Z
2026-07-13T04:56:31Z,2026-07-13T06:56:31+0200,46fca521-fea0-4798-9f2d-95ad89ae35bc,2026-07-02T06:45:00Z,2026-07-02T08:45:00+0200,7354.61,MW,FR,FR,actual_solar_generation,Solar,2026-07-13T04:57:06Z
2026-07-13T04:56:31Z,2026-07-13T06:56:31+0200,46fca521-fea0-4798-9f2d-95ad89ae35bc,2026-07-02T07:00:00Z,2026-07-02T09:00:00+0200,8540.25,MW,FR,FR,actual_solar_generation,Solar,2026-07-13T04:57:06Z
2026-07-13T04:56:31Z,2026-07-13T06:56:31+0200,46fca521-fea0-4798-9f2d-95ad89ae35bc,2026-07-02T07:15:00Z,2026-07-02T09:15:00+0200,9647.78,MW,FR,FR,actual_solar_generation,Solar,2026-07-13T04:57:06Z
2026-07-13T04:56:31Z,2026-07-13T06:56:31+0200,46fca521-fea0-4798-9f2d-95ad89ae35bc,2026-07-02T07:30:00Z,2026-07-02T09:30:00+0200,10705.62,MW,FR,FR,actual_solar_generation,Solar,2026-07-13T04:57:06Z
2026-07-13T04:56:31Z,2026-07-13T06:56:31+0200,46fca521-fea0-4798-9f2d-95ad89ae35bc,2026-07-02T07:45:00Z,2026-07-02T09:45:00+0200,11656.81,MW,FR,FR,actual_solar_generation,Solar,2026-07-13T04:57:06Z
2026-07-13T04:56:31Z,2026-07-13T06:56:31+0200,46fca521-fea0-4798-9f2d-95ad89ae35bc,2026-07-02T08:00:00Z,2026-07-02T10:00:00+0200,12566.98,MW,FR,FR,actual_solar_generation,Solar,2026-07-13T04:57:06Z
2026-07-13T04:56:31Z,2026-07-13T06:56:31+0200,46fca521-fea0-4798-9f2d-95ad89ae35bc,2026-07-02T08:15:00Z,2026-07-02T10:15:00+0200,13420.28,MW,FR,FR,actual_solar_generation,Solar,2026-07-13T04:57:06Z
2026-07-13T04:56:31Z,2026-07-13T06:56:31+0200,46fca521-fea0-4798-9f2d-95ad89ae35bc,2026-07-02T08:30:00Z,2026-07-02T10:30:00+0200,14145.58,MW,FR,FR,actual_solar_generation,Solar,2026-07-13T04:57:06Z
2026-07-13T04:56:31Z,2026-07-13T06:56:31+0200,46fca521-fea0-4798-9f2d-95ad89ae35bc,2026-07-02T08:45:00Z,2026-07-02T10:45:00+0200,14971.69,MW,FR,FR,actual_solar_generation,Solar,2026-07-13T04:57:06Z
2026-07-13T04:56:31Z,2026-07-13T06:56:31+0200,46fca521-fea0-4798-9f2d-95ad89ae35bc,2026-07-02T09:00:00Z,2026-07-02T11:00:00+0200,14039.23,MW,FR,FR,actual_solar_generation,Solar,2026-07-13T04:57:06Z
2026-07-13T04:56:31Z,2026-07-13T06:56:31+0200,46fca521-fea0-4798-9f2d-95ad89ae35bc,2026-07-02T09:15:00Z,2026-07-02T11:15:00+0200,12107.43,MW,FR,FR,actual_solar_generation,Solar,2026-07-13T04:57:06Z
2026-07-13T04:56:31Z,2026-07-13T06:56:31+0200,46fca521-fea0-4798-9f2d-95ad89ae35bc,2026-07-02T09:30:00Z,2026-07-02T11:30:00+0200,12283.86,MW,FR,FR,actual_solar_generation,Solar,2026-07-13T04:57:06Z
2026-07-13T04:56:31Z,2026-07-13T06:56:31+0200,46fca521-fea0-4798-9f2d-95ad89ae35bc,2026-07-02T09:45:00Z,2026-07-02T11:45:00+0200,13611.5,MW,FR,FR,actual_solar_generation,Solar,2026-07-13T04:57:06Z
2026-07-13T04:56:31Z,2026-07-13T06:56:31+0200,46fca521-fea0-4798-9f2d-95ad89ae35bc,2026-07-02T10:00:00Z,2026-07-02T12:00:00+0200,13888.5,MW,FR,FR,actual_solar_generation,Solar,2026-07-13T04:57:06Z
2026-07-13T04:56:31Z,2026-07-13T06:56:31+0200,46fca521-fea0-4798-9f2d-95ad89ae35bc,2026-07-02T10:15:00Z,2026-07-02T12:15:00+0200,14148.11,MW,FR,FR,actual_solar_generation,Solar,2026-07-13T04:57:06Z
2026-07-13T04:56:31Z,2026-07-13T06:56:31+0200,46fca521-fea0-4798-9f2d-95ad89ae35bc,2026-07-02T10:30:00Z,2026-07-02T12:30:00+0200,14382.76,MW,FR,FR,actual_solar_generation,Solar,2026-07-13T04:57:06Z
2026-07-13T04:56:31Z,2026-07-13T06:56:31+0200,46fca521-fea0-4798-9f2d-95ad89ae35bc,2026-07-02T10:45:00Z,2026-07-02T12:45:00+0200,14657.34,MW,FR,FR,actual_solar_generation,Solar,2026-07-13T04:57:06Z
2026-07-13T04:56:31Z,2026-07-13T06:56:31+0200,46fca521-fea0-4798-9f2d-95ad89ae35bc,2026-07-02T11:00:00Z,2026-07-02T13:00:00+0200,14865.28,MW,FR,FR,actual_solar_generation,Solar,2026-07-13T04:57:06Z
2026-07-13T04:56:31Z,2026-07-13T06:56:31+0200,46fca521-fea0-4798-9f2d-95ad89ae35bc,2026-07-02T11:15:00Z,2026-07-02T13:15:00+0200,14855.54,MW,FR,FR,actual_solar_generation,Solar,2026-07-13T04:57:06Z
2026-07-13T04:56:31Z,2026-07-13T06:56:31+0200,46fca521-fea0-4798-9f2d-95ad89ae35bc,2026-07-02T11:30:00Z,2026-07-02T13:30:00+0200,14752.56,MW,FR,FR,actual_solar_generation,Solar,2026-07-13T04:57:06Z
2026-07-13T04:56:31Z,2026-07-13T06:56:31+0200,46fca521-fea0-4798-9f2d-95ad89ae35bc,2026-07-02T11:45:00Z,2026-07-02T13:45:00+0200,14795.84,MW,FR,FR,actual_solar_generation,Solar,2026-07-13T04:57:06Z
2026-07-13T04:56:31Z,2026-07-13T06:56:31+0200,46fca521-fea0-4798-9f2d-95ad89ae35bc,2026-07-02T12:00:00Z,2026-07-02T14:00:00+0200,14700.6,MW,FR,FR,actual_solar_generation,Solar,2026-07-13T04:57:06Z
2026-07-13T04:56:31Z,2026-07-13T06:56:31+0200,46fca521-fea0-4798-9f2d-95ad89ae35bc,2026-07-02T12:15:00Z,2026-07-02T14:15:00+0200,14650.12,MW,FR,FR,actual_solar_generation,Solar,2026-07-13T04:57:06Z
2026-07-13T04:56:31Z,2026-07-13T06:56:31+0200,46fca521-fea0-4798-9f2d-95ad89ae35bc,2026-07-02T12:30:00Z,2026-07-02T14:30:00+0200,14584.27,MW,FR,FR,actual_solar_generation,Solar,2026-07-13T04:57:06Z
2026-07-13T04:56:31Z,2026-07-13T06:56:31+0200,46fca521-fea0-4798-9f2d-95ad89ae35bc,2026-07-02T12:45:00Z,2026-07-02T14:45:00+0200,14506.17,MW,FR,FR,actual_solar_generation,Solar,2026-07-13T04:57:06Z
2026-07-13T04:56:31Z,2026-07-13T06:56:31+0200,46fca521-fea0-4798-9f2d-95ad89ae35bc,2026-07-02T13:00:00Z,2026-07-02T15:00:00+0200,14342.51,MW,FR,FR,actual_solar_generation,Solar,2026-07-13T04:57:06Z
2026-07-13T04:56:31Z,2026-07-13T06:56:31+0200,46fca521-fea0-4798-9f2d-95ad89ae35bc,2026-07-02T13:15:00Z,2026-07-02T15:15:00+0200,14191.34,MW,FR,FR,actual_solar_generation,Solar,2026-07-13T04:57:06Z
2026-07-13T04:56:31Z,2026-07-13T06:56:31+0200,46fca521-fea0-4798-9f2d-95ad89ae35bc,2026-07-02T13:30:00Z,2026-07-02T15:30:00+0200,13967.21,MW,FR,FR,actual_solar_generation,Solar,2026-07-13T04:57:06Z
2026-07-13T04:56:31Z,2026-07-13T06:56:31+0200,46fca521-fea0-4798-9f2d-95ad89ae35bc,2026-07-02T13:45:00Z,2026-07-02T15:45:00+0200,13716.13,MW,FR,FR,actual_solar_generation,Solar,2026-07-13T04:57:06Z
2026-07-13T04:56:31Z,2026-07-13T06:56:31+0200,46fca521-fea0-4798-9f2d-95ad89ae35bc,2026-07-02T14:00:00Z,2026-07-02T16:00:00+0200,13390.13,MW,FR,FR,actual_solar_generation,Solar,2026-07-13T04:57:06Z
2026-07-13T04:56:31Z,2026-07-13T06:56:31+0200,46fca521-fea0-4798-9f2d-95ad89ae35bc,2026-07-02T14:15:00Z,2026-07-02T16:15:00+0200,13132.05,MW,FR,FR,actual_solar_generation,Solar,2026-07-13T04:57:06Z
2026-07-13T04:56:31Z,2026-07-13T06:56:31+0200,46fca521-fea0-4798-9f2d-95ad89ae35bc,2026-07-02T14:30:00Z,2026-07-02T16:30:00+0200,12711.83,MW,FR,FR,actual_solar_generation,Solar,2026-07-13T04:57:06Z
2026-07-13T04:56:31Z,2026-07-13T06:56:31+0200,46fca521-fea0-4798-9f2d-95ad89ae35bc,2026-07-02T14:45:00Z,2026-07-02T16:45:00+0200,12220.6,MW,FR,FR,actual_solar_generation,Solar,2026-07-13T04:57:06Z
2026-07-13T04:56:31Z,2026-07-13T06:56:31+0200,46fca521-fea0-4798-9f2d-95ad89ae35bc,2026-07-02T15:00:00Z,2026-07-02T17:00:00+0200,13311.2,MW,FR,FR,actual_solar_generation,Solar,2026-07-13T04:57:06Z
2026-07-13T04:56:31Z,2026-07-13T06:56:31+0200,46fca521-fea0-4798-9f2d-95ad89ae35bc,2026-07-02T15:15:00Z,2026-07-02T17:15:00+0200,13644.12,MW,FR,FR,actual_solar_generation,Solar,2026-07-13T04:57:06Z
2026-07-13T04:56:31Z,2026-07-13T06:56:31+0200,46fca521-fea0-4798-9f2d-95ad89ae35bc,2026-07-02T15:30:00Z,2026-07-02T17:30:00+0200,12429.93,MW,FR,FR,actual_solar_generation,Solar,2026-07-13T04:57:06Z
2026-07-13T04:56:31Z,2026-07-13T06:56:31+0200,46fca521-fea0-4798-9f2d-95ad89ae35bc,2026-07-02T15:45:00Z,2026-07-02T17:45:00+0200,11593.07,MW,FR,FR,actual_solar_generation,Solar,2026-07-13T04:57:06Z
2026-07-13T04:56:31Z,2026-07-13T06:56:31+0200,46fca521-fea0-4798-9f2d-95ad89ae35bc,2026-07-02T16:00:00Z,2026-07-02T18:00:00+0200,10854.64,MW,FR,FR,actual_solar_generation,Solar,2026-07-13T04:57:06Z
2026-07-13T04:56:31Z,2026-07-13T06:56:31+0200,46fca521-fea0-4798-9f2d-95ad89ae35bc,2026-07-02T16:15:00Z,2026-07-02T18:15:00+0200,9971.23,MW,FR,FR,actual_solar_generation,Solar,2026-07-13T04:57:06Z
2026-07-13T04:56:31Z,2026-07-13T06:56:31+0200,46fca521-fea0-4798-9f2d-95ad89ae35bc,2026-07-02T16:30:00Z,2026-07-02T18:30:00+0200,9053.82,MW,FR,FR,actual_solar_generation,Solar,2026-07-13T04:57:06Z
2026-07-13T04:56:31Z,2026-07-13T06:56:31+0200,46fca521-fea0-4798-9f2d-95ad89ae35bc,2026-07-02T16:45:00Z,2026-07-02T18:45:00+0200,8036.5,MW,FR,FR,actual_solar_generation,Solar,2026-07-13T04:57:06Z
2026-07-13T04:56:31Z,2026-07-13T06:56:31+0200,46fca521-fea0-4798-9f2d-95ad89ae35bc,2026-07-02T17:00:00Z,2026-07-02T19:00:00+0200,7037.07,MW,FR,FR,actual_solar_generation,Solar,2026-07-13T04:57:06Z
2026-07-13T04:56:31Z,2026-07-13T06:56:31+0200,46fca521-fea0-4798-9f2d-95ad89ae35bc,2026-07-02T17:15:00Z,2026-07-02T19:15:00+0200,5998.76,MW,FR,FR,actual_solar_generation,Solar,2026-07-13T04:57:06Z
2026-07-13T04:56:31Z,2026-07-13T06:56:31+0200,46fca521-fea0-4798-9f2d-95ad89ae35bc,2026-07-02T17:30:00Z,2026-07-02T19:30:00+0200,4944.81,MW,FR,FR,actual_solar_generation,Solar,2026-07-13T04:57:06Z
2026-07-13T04:56:31Z,2026-07-13T06:56:31+0200,46fca521-fea0-4798-9f2d-95ad89ae35bc,2026-07-02T17:45:00Z,2026-07-02T19:45:00+0200,3942.13,MW,FR,FR,actual_solar_generation,Solar,2026-07-13T04:57:06Z
2026-07-13T04:56:31Z,2026-07-13T06:56:31+0200,46fca521-fea0-4798-9f2d-95ad89ae35bc,2026-07-02T18:00:00Z,2026-07-02T20:00:00+0200,3057.66,MW,FR,FR,actual_solar_generation,Solar,2026-07-13T04:57:06Z
2026-07-13T04:56:31Z,2026-07-13T06:56:31+0200,46fca521-fea0-4798-9f2d-95ad89ae35bc,2026-07-02T18:15:00Z,2026-07-02T20:15:00+0200,2367.36,MW,FR,FR,actual_solar_generation,Solar,2026-07-13T04:57:06Z
2026-07-13T04:56:31Z,2026-07-13T06:56:31+0200,46fca521-fea0-4798-9f2d-95ad89ae35bc,2026-07-02T18:30:00Z,2026-07-02T20:30:00+0200,1782.72,MW,FR,FR,actual_solar_generation,Solar,2026-07-13T04:57:06Z
2026-07-13T04:56:31Z,2026-07-13T06:56:31+0200,46fca521-fea0-4798-9f2d-95ad89ae35bc,2026-07-02T18:45:00Z,2026-07-02T20:45:00+0200,1314.03,MW,FR,FR,actual_solar_generation,Solar,2026-07-13T04:57:06Z
2026-07-13T04:56:31Z,2026-07-13T06:56:31+0200,46fca521-fea0-4798-9f2d-95ad89ae35bc,2026-07-02T19:00:00Z,2026-07-02T21:00:00+0200,933.94,MW,FR,FR,actual_solar_generation,Solar,2026-07-13T04:57:06Z
2026-07-13T04:56:31Z,2026-07-13T06:56:31+0200,46fca521-fea0-4798-9f2d-95ad89ae35bc,2026-07-02T19:15:00Z,2026-07-02T21:15:00+0200,611.25,MW,FR,FR,actual_solar_generation,Solar,2026-07-13T04:57:06Z
2026-07-13T04:56:31Z,2026-07-13T06:56:31+0200,46fca521-fea0-4798-9f2d-95ad89ae35bc,2026-07-02T19:30:00Z,2026-07-02T21:30:00+0200,397.93,MW,FR,FR,actual_solar_generation,Solar,2026-07-13T04:57:06Z
2026-07-13T04:56:31Z,2026-07-13T06:56:31+0200,46fca521-fea0-4798-9f2d-95ad89ae35bc,2026-07-02T19:45:00Z,2026-07-02T21:45:00+0200,299.91,MW,FR,FR,actual_solar_generation,Solar,2026-07-13T04:57:06Z
2026-07-13T04:56:31Z,2026-07-13T06:56:31+0200,46fca521-fea0-4798-9f2d-95ad89ae35bc,2026-07-02T20:00:00Z,2026-07-02T22:00:00+0200,261.18,MW,FR,FR,actual_solar_generation,Solar,2026-07-13T04:57:06Z
2026-07-13T04:56:31Z,2026-07-13T06:56:31+0200,46fca521-fea0-4798-9f2d-95ad89ae35bc,2026-07-02T20:15:00Z,2026-07-02T22:15:00+0200,251.32,MW,FR,FR,actual_solar_generation,Solar,2026-07-13T04:57:06Z
2026-07-13T04:56:31Z,2026-07-13T06:56:31+0200,46fca521-fea0-4798-9f2d-95ad89ae35bc,2026-07-02T20:30:00Z,2026-07-02T22:30:00+0200,256.57,MW,FR,FR,actual_solar_generation,Solar,2026-07-13T04:57:06Z
2026-07-13T04:56:31Z,2026-07-13T06:56:31+0200,46fca521-fea0-4798-9f2d-95ad89ae35bc,2026-07-02T20:45:00Z,2026-07-02T22:45:00+0200,247.35,MW,FR,FR,actual_solar_generation,Solar,2026-07-13T04:57:06Z
2026-07-13T04:56:31Z,2026-07-13T06:56:31+0200,46fca521-fea0-4798-9f2d-95ad89ae35bc,2026-07-02T21:00:00Z,2026-07-02T23:00:00+0200,247.99,MW,FR,FR,actual_solar_generation,Solar,2026-07-13T04:57:06Z
2026-07-13T04:56:31Z,2026-07-13T06:56:31+0200,46fca521-fea0-4798-9f2d-95ad89ae35bc,2026-07-02T21:15:00Z,2026-07-02T23:15:00+0200,227.93,MW,FR,FR,actual_solar_generation,Solar,2026-07-13T04:57:06Z
2026-07-13T04:56:31Z,2026-07-13T06:56:31+0200,46fca521-fea0-4798-9f2d-95ad89ae35bc,2026-07-02T21:30:00Z,2026-07-02T23:30:00+0200,208.5,MW,FR,FR,actual_solar_generation,Solar,2026-07-13T04:57:06Z
2026-07-13T04:56:31Z,2026-07-13T06:56:31+0200,46fca521-fea0-4798-9f2d-95ad89ae35bc,2026-07-02T21:45:00Z,2026-07-02T23:45:00+0200,204.4,MW,FR,FR,actual_solar_generation,Solar,2026-07-13T04:57:06Z
2026-07-13T04:56:31Z,2026-07-13T06:56:31+0200,46fca521-fea0-4798-9f2d-95ad89ae35bc,2026-07-02T22:00:00Z,2026-07-03T00:00:00+0200,0.0,MW,FR,FR,actual_solar_generation,Solar,2026-07-13T04:57:06Z
2026-07-13T04:56:31Z,2026-07-13T06:56:31+0200,46fca521-fea0-4798-9f2d-95ad89ae35bc,2026-07-02T22:15:00Z,2026-07-03T00:15:00+0200,0.0,MW,FR,FR,actual_solar_generation,Solar,2026-07-13T04:57:06Z
2026-07-13T04:56:31Z,2026-07-13T06:56:31+0200,46fca521-fea0-4798-9f2d-95ad89ae35bc,2026-07-02T22:30:00Z,2026-07-03T00:30:00+0200,0.0,MW,FR,FR,actual_solar_generation,Solar,2026-07-13T04:57:06Z
2026-07-13T04:56:31Z,2026-07-13T06:56:31+0200,46fca521-fea0-4798-9f2d-95ad89ae35bc,2026-07-02T22:45:00Z,2026-07-03T00:45:00+0200,0.0,MW,FR,FR,actual_solar_generation,Solar,2026-07-13T04:57:06Z
2026-07-13T04:56:31Z,2026-07-13T06:56:31+0200,46fca521-fea0-4798-9f2d-95ad89ae35bc,2026-07-02T23:00:00Z,2026-07-03T01:00:00+0200,0.0,MW,FR,FR,actual_solar_generation,Solar,2026-07-13T04:57:06Z
2026-07-13T04:56:31Z,2026-07-13T06:56:31+0200,46fca521-fea0-4798-9f2d-95ad89ae35bc,2026-07-02T23:15:00Z,2026-07-03T01:15:00+0200,0.0,MW,FR,FR,actual_solar_generation,Solar,2026-07-13T04:57:06Z
2026-07-13T04:56:31Z,2026-07-13T06:56:31+0200,46fca521-fea0-4798-9f2d-95ad89ae35bc,2026-07-02T23:30:00Z,2026-07-03T01:30:00+0200,0.0,MW,FR,FR,actual_solar_generation,Solar,2026-07-13T04:57:06Z
2026-07-13T04:56:31Z,2026-07-13T06:56:31+0200,46fca521-fea0-4798-9f2d-95ad89ae35bc,2026-07-02T23:45:00Z,2026-07-03T01:45:00+0200,0.0,MW,FR,FR,actual_solar_generation,Solar,2026-07-13T04:57:06Z
2026-07-13T04:56:31Z,2026-07-13T06:56:31+0200,46fca521-fea0-4798-9f2d-95ad89ae35bc,2026-07-03T00:00:00Z,2026-07-03T02:00:00+0200,0.0,MW,FR,FR,actual_solar_generation,Solar,2026-07-13T04:57:06Z
2026-07-13T04:56:31Z,2026-07-13T06:56:31+0200,46fca521-fea0-4798-9f2d-95ad89ae35bc,2026-07-03T00:15:00Z,2026-07-03T02:15:00+0200,0.0,MW,FR,FR,actual_solar_generation,Solar,2026-07-13T04:57:06Z
2026-07-13T04:56:31Z,2026-07-13T06:56:31+0200,46fca521-fea0-4798-9f2d-95ad89ae35bc,2026-07-03T00:30:00Z,2026-07-03T02:30:00+0200,0.0,MW,FR,FR,actual_solar_generation,Solar,2026-07-13T04:57:06Z
2026-07-13T04:56:31Z,2026-07-13T06:56:31+0200,46fca521-fea0-4798-9f2d-95ad89ae35bc,2026-07-03T00:45:00Z,2026-07-03T02:45:00+0200,0.0,MW,FR,FR,actual_solar_generation,Solar,2026-07-13T04:57:06Z
2026-07-13T04:56:31Z,2026-07-13T06:56:31+0200,46fca521-fea0-4798-9f2d-95ad89ae35bc,2026-07-03T01:00:00Z,2026-07-03T03:00:00+0200,0.0,MW,FR,FR,actual_solar_generation,Solar,2026-07-13T04:57:06Z
2026-07-13T04:56:31Z,2026-07-13T06:56:31+0200,46fca521-fea0-4798-9f2d-95ad89ae35bc,2026-07-03T01:15:00Z,2026-07-03T03:15:00+0200,0.0,MW,FR,FR,actual_solar_generation,Solar,2026-07-13T04:57:06Z
2026-07-13T04:56:31Z,2026-07-13T06:56:31+0200,46fca521-fea0-4798-9f2d-95ad89ae35bc,2026-07-03T01:30:00Z,2026-07-03T03:30:00+0200,0.0,MW,FR,FR,actual_solar_generation,Solar,2026-07-13T04:57:06Z
2026-07-13T04:56:31Z,2026-07-13T06:56:31+0200,46fca521-fea0-4798-9f2d-95ad89ae35bc,2026-07-03T01:45:00Z,2026-07-03T03:45:00+0200,0.0,MW,FR,FR,actual_solar_generation,Solar,2026-07-13T04:57:06Z
2026-07-13T04:56:31Z,2026-07-13T06:56:31+0200,46fca521-fea0-4798-9f2d-95ad89ae35bc,2026-07-03T02:00:00Z,2026-07-03T04:00:00+0200,0.0,MW,FR,FR,actual_solar_generation,Solar,2026-07-13T04:57:06Z
2026-07-13T04:56:31Z,2026-07-13T06:56:31+0200,46fca521-fea0-4798-9f2d-95ad89ae35bc,2026-07-03T02:15:00Z,2026-07-03T04:15:00+0200,0.0,MW,FR,FR,actual_solar_generation,Solar,2026-07-13T04:57:06Z
2026-07-13T04:56:31Z,2026-07-13T06:56:31+0200,46fca521-fea0-4798-9f2d-95ad89ae35bc,2026-07-03T02:30:00Z,2026-07-03T04:30:00+0200,0.0,MW,FR,FR,actual_solar_generation,Solar,2026-07-13T04:57:06Z
2026-07-13T04:56:31Z,2026-07-13T06:56:31+0200,46fca521-fea0-4798-9f2d-95ad89ae35bc,2026-07-03T02:45:00Z,2026-07-03T04:45:00+0200,0.0,MW,FR,FR,actual_solar_generation,Solar,2026-07-13T04:57:06Z
2026-07-13T04:56:31Z,2026-07-13T06:56:31+0200,46fca521-fea0-4798-9f2d-95ad89ae35bc,2026-07-03T03:00:00Z,2026-07-03T05:00:00+0200,246.43,MW,FR,FR,actual_solar_generation,Solar,2026-07-13T04:57:06Z
2026-07-13T04:56:31Z,2026-07-13T06:56:31+0200,46fca521-fea0-4798-9f2d-95ad89ae35bc,2026-07-03T03:15:00Z,2026-07-03T05:15:00+0200,237.7,MW,FR,FR,actual_solar_generation,Solar,2026-07-13T04:57:06Z
2026-07-13T04:56:31Z,2026-07-13T06:56:31+0200,46fca521-fea0-4798-9f2d-95ad89ae35bc,2026-07-03T03:30:00Z,2026-07-03T05:30:00+0200,240.97,MW,FR,FR,actual_solar_generation,Solar,2026-07-13T04:57:06Z
2026-07-13T04:56:31Z,2026-07-13T06:56:31+0200,46fca521-fea0-4798-9f2d-95ad89ae35bc,2026-07-03T03:45:00Z,2026-07-03T05:45:00+0200,264.98,MW,FR,FR,actual_solar_generation,Solar,2026-07-13T04:57:06Z
2026-07-13T04:56:31Z,2026-07-13T06:56:31+0200,46fca521-fea0-4798-9f2d-95ad89ae35bc,2026-07-03T04:00:00Z,2026-07-03T06:00:00+0200,321.88,MW,FR,FR,actual_solar_generation,Solar,2026-07-13T04:57:06Z
2026-07-13T04:56:31Z,2026-07-13T06:56:31+0200,46fca521-fea0-4798-9f2d-95ad89ae35bc,2026-07-03T04:15:00Z,2026-07-03T06:15:00+0200,402.06,MW,FR,FR,actual_solar_generation,Solar,2026-07-13T04:57:06Z
2026-07-13T04:56:31Z,2026-07-13T06:56:31+0200,46fca521-fea0-4798-9f2d-95ad89ae35bc,2026-07-03T04:30:00Z,2026-07-03T06:30:00+0200,555.26,MW,FR,FR,actual_solar_generation,Solar,2026-07-13T04:57:06Z
2026-07-13T04:56:31Z,2026-07-13T06:56:31+0200,46fca521-fea0-4798-9f2d-95ad89ae35bc,2026-07-03T04:45:00Z,2026-07-03T06:45:00+0200,846.2,MW,FR,FR,actual_solar_generation,Solar,2026-07-13T04:57:06Z
2026-07-13T04:56:31Z,2026-07-13T06:56:31+0200,46fca521-fea0-4798-9f2d-95ad89ae35bc,2026-07-03T05:00:00Z,2026-07-03T07:00:00+0200,1231.16,MW,FR,FR,actual_solar_generation,Solar,2026-07-13T04:57:06Z
2026-07-13T04:56:31Z,2026-07-13T06:56:31+0200,46fca521-fea0-4798-9f2d-95ad89ae35bc,2026-07-03T05:15:00Z,2026-07-03T07:15:00+0200,1722.26,MW,FR,FR,actual_solar_generation,Solar,2026-07-13T04:57:06Z
2026-07-13T04:56:31Z,2026-07-13T06:56:31+0200,46fca521-fea0-4798-9f2d-95ad89ae35bc,2026-07-03T05:30:00Z,2026-07-03T07:30:00+0200,2358.85,MW,FR,FR,actual_solar_generation,Solar,2026-07-13T04:57:06Z
2026-07-13T04:56:31Z,2026-07-13T06:56:31+0200,46fca521-fea0-4798-9f2d-95ad89ae35bc,2026-07-03T05:45:00Z,2026-07-03T07:45:00+0200,3106.91,MW,FR,FR,actual_solar_generation,Solar,2026-07-13T04:57:06Z
2026-07-13T04:56:31Z,2026-07-13T06:56:31+0200,46fca521-fea0-4798-9f2d-95ad89ae35bc,2026-07-03T06:00:00Z,2026-07-03T08:00:00+0200,3874.68,MW,FR,FR,actual_solar_generation,Solar,2026-07-13T04:57:06Z
2026-07-13T04:56:31Z,2026-07-13T06:56:31+0200,46fca521-fea0-4798-9f2d-95ad89ae35bc,2026-07-03T06:15:00Z,2026-07-03T08:15:00+0200,4837.5,MW,FR,FR,actual_solar_generation,Solar,2026-07-13T04:57:06Z
2026-07-13T04:56:31Z,2026-07-13T06:56:31+0200,46fca521-fea0-4798-9f2d-95ad89ae35bc,2026-07-03T06:30:00Z,2026-07-03T08:30:00+0200,5828.49,MW,FR,FR,actual_solar_generation,Solar,2026-07-13T04:57:06Z
2026-07-13T04:56:31Z,2026-07-13T06:56:31+0200,46fca521-fea0-4798-9f2d-95ad89ae35bc,2026-07-03T06:45:00Z,2026-07-03T08:45:00+0200,6883.84,MW,FR,FR,actual_solar_generation,Solar,2026-07-13T04:57:06Z
2026-07-13T04:56:31Z,2026-07-13T06:56:31+0200,46fca521-fea0-4798-9f2d-95ad89ae35bc,2026-07-03T07:00:00Z,2026-07-03T09:00:00+0200,7984.05,MW,FR,FR,actual_solar_generation,Solar,2026-07-13T04:57:06Z
2026-07-13T04:56:31Z,2026-07-13T06:56:31+0200,46fca521-fea0-4798-9f2d-95ad89ae35bc,2026-07-03T07:15:00Z,2026-07-03T09:15:00+0200,9210.38,MW,FR,FR,actual_solar_generation,Solar,2026-07-13T04:57:06Z
2026-07-13T04:56:31Z,2026-07-13T06:56:31+0200,46fca521-fea0-4798-9f2d-95ad89ae35bc,2026-07-03T07:30:00Z,2026-07-03T09:30:00+0200,10397.53,MW,FR,FR,actual_solar_generation,Solar,2026-07-13T04:57:06Z
2026-07-13T04:56:31Z,2026-07-13T06:56:31+0200,46fca521-fea0-4798-9f2d-95ad89ae35bc,2026-07-03T07:45:00Z,2026-07-03T09:45:00+0200,11475.69,MW,FR,FR,actual_solar_generation,Solar,2026-07-13T04:57:06Z
2026-07-13T04:56:31Z,2026-07-13T06:56:31+0200,46fca521-fea0-4798-9f2d-95ad89ae35bc,2026-07-03T08:00:00Z,2026-07-03T10:00:00+0200,12591.11,MW,FR,FR,actual_solar_generation,Solar,2026-07-13T04:57:06Z
2026-07-13T04:56:31Z,2026-07-13T06:56:31+0200,46fca521-fea0-4798-9f2d-95ad89ae35bc,2026-07-03T08:15:00Z,2026-07-03T10:15:00+0200,13531.73,MW,FR,FR,actual_solar_generation,Solar,2026-07-13T04:57:06Z
2026-07-13T04:56:31Z,2026-07-13T06:56:31+0200,46fca521-fea0-4798-9f2d-95ad89ae35bc,2026-07-03T08:30:00Z,2026-07-03T10:30:00+0200,14254.34,MW,FR,FR,actual_solar_generation,Solar,2026-07-13T04:57:06Z
2026-07-13T04:56:31Z,2026-07-13T06:56:31+0200,46fca521-fea0-4798-9f2d-95ad89ae35bc,2026-07-03T08:45:00Z,2026-07-03T10:45:00+0200,14824.58,MW,FR,FR,actual_solar_generation,Solar,2026-07-13T04:57:06Z
2026-07-13T04:56:31Z,2026-07-13T06:56:31+0200,46fca521-fea0-4798-9f2d-95ad89ae35bc,2026-07-03T09:00:00Z,2026-07-03T11:00:00+0200,16292.62,MW,FR,FR,actual_solar_generation,Solar,2026-07-13T04:57:06Z
2026-07-13T04:56:31Z,2026-07-13T06:56:31+0200,46fca521-fea0-4798-9f2d-95ad89ae35bc,2026-07-03T09:15:00Z,2026-07-03T11:15:00+0200,17023.99,MW,FR,FR,actual_solar_generation,Solar,2026-07-13T04:57:06Z
2026-07-13T04:56:31Z,2026-07-13T06:56:31+0200,46fca521-fea0-4798-9f2d-95ad89ae35bc,2026-07-03T09:30:00Z,2026-07-03T11:30:00+0200,17684.62,MW,FR,FR,actual_solar_generation,Solar,2026-07-13T04:57:06Z
2026-07-13T04:56:31Z,2026-07-13T06:56:31+0200,46fca521-fea0-4798-9f2d-95ad89ae35bc,2026-07-03T09:45:00Z,2026-07-03T11:45:00+0200,16791.35,MW,FR,FR,actual_solar_generation,Solar,2026-07-13T04:57:06Z
2026-07-13T04:56:31Z,2026-07-13T06:56:31+0200,46fca521-fea0-4798-9f2d-95ad89ae35bc,2026-07-03T10:00:00Z,2026-07-03T12:00:00+0200,14625.94,MW,FR,FR,actual_solar_generation,Solar,2026-07-13T04:57:06Z
2026-07-13T04:56:31Z,2026-07-13T06:56:31+0200,46fca521-fea0-4798-9f2d-95ad89ae35bc,2026-07-03T10:15:00Z,2026-07-03T12:15:00+0200,14892.71,MW,FR,FR,actual_solar_generation,Solar,2026-07-13T04:57:06Z
2026-07-13T04:56:31Z,2026-07-13T06:56:31+0200,46fca521-fea0-4798-9f2d-95ad89ae35bc,2026-07-03T10:30:00Z,2026-07-03T12:30:00+0200,14851.42,MW,FR,FR,actual_solar_generation,Solar,2026-07-13T04:57:06Z
2026-07-13T04:56:31Z,2026-07-13T06:56:31+0200,46fca521-fea0-4798-9f2d-95ad89ae35bc,2026-07-03T10:45:00Z,2026-07-03T12:45:00+0200,15029.38,MW,FR,FR,actual_solar_generation,Solar,2026-07-13T04:57:06Z
2026-07-13T04:56:31Z,2026-07-13T06:56:31+0200,46fca521-fea0-4798-9f2d-95ad89ae35bc,2026-07-03T11:00:00Z,2026-07-03T13:00:00+0200,15128.17,MW,FR,FR,actual_solar_generation,Solar,2026-07-13T04:57:06Z
2026-07-13T04:56:31Z,2026-07-13T06:56:31+0200,46fca521-fea0-4798-9f2d-95ad89ae35bc,2026-07-03T11:15:00Z,2026-07-03T13:15:00+0200,15022.76,MW,FR,FR,actual_solar_generation,Solar,2026-07-13T04:57:06Z
2026-07-13T04:56:31Z,2026-07-13T06:56:31+0200,46fca521-fea0-4798-9f2d-95ad89ae35bc,2026-07-03T11:30:00Z,2026-07-03T13:30:00+0200,14429.51,MW,FR,FR,actual_solar_generation,Solar,2026-07-13T04:57:06Z
2026-07-13T04:56:31Z,2026-07-13T06:56:31+0200,46fca521-fea0-4798-9f2d-95ad89ae35bc,2026-07-03T11:45:00Z,2026-07-03T13:45:00+0200,14294.53,MW,FR,FR,actual_solar_generation,Solar,2026-07-13T04:57:06Z
2026-07-13T04:56:31Z,2026-07-13T06:56:31+0200,46fca521-fea0-4798-9f2d-95ad89ae35bc,2026-07-03T12:00:00Z,2026-07-03T14:00:00+0200,14181.61,MW,FR,FR,actual_solar_generation,Solar,2026-07-13T04:57:06Z
2026-07-13T04:56:31Z,2026-07-13T06:56:31+0200,46fca521-fea0-4798-9f2d-95ad89ae35bc,2026-07-03T12:15:00Z,2026-07-03T14:15:00+0200,14335.34,MW,FR,FR,actual_solar_generation,Solar,2026-07-13T04:57:06Z
2026-07-13T04:56:31Z,2026-07-13T06:56:31+0200,46fca521-fea0-4798-9f2d-95ad89ae35bc,2026-07-03T12:30:00Z,2026-07-03T14:30:00+0200,14481.32,MW,FR,FR,actual_solar_generation,Solar,2026-07-13T04:57:06Z
2026-07-13T04:56:31Z,2026-07-13T06:56:31+0200,46fca521-fea0-4798-9f2d-95ad89ae35bc,2026-07-03T12:45:00Z,2026-07-03T14:45:00+0200,15013.52,MW,FR,FR,actual_solar_generation,Solar,2026-07-13T04:57:06Z
2026-07-13T04:56:31Z,2026-07-13T06:56:31+0200,46fca521-fea0-4798-9f2d-95ad89ae35bc,2026-07-03T13:00:00Z,2026-07-03T15:00:00+0200,14669.12,MW,FR,FR,actual_solar_generation,Solar,2026-07-13T04:57:06Z
2026-07-13T04:56:31Z,2026-07-13T06:56:31+0200,46fca521-fea0-4798-9f2d-95ad89ae35bc,2026-07-03T13:15:00Z,2026-07-03T15:15:00+0200,14195.02,MW,FR,FR,actual_solar_generation,Solar,2026-07-13T04:57:06Z
2026-07-13T04:56:31Z,2026-07-13T06:56:31+0200,46fca521-fea0-4798-9f2d-95ad89ae35bc,2026-07-03T13:30:00Z,2026-07-03T15:30:00+0200,13455.91,MW,FR,FR,actual_solar_generation,Solar,2026-07-13T04:57:06Z
2026-07-13T04:56:31Z,2026-07-13T06:56:31+0200,46fca521-fea0-4798-9f2d-95ad89ae35bc,2026-07-03T13:45:00Z,2026-07-03T15:45:00+0200,14328.44,MW,FR,FR,actual_solar_generation,Solar,2026-07-13T04:57:06Z
2026-07-13T04:56:31Z,2026-07-13T06:56:31+0200,46fca521-fea0-4798-9f2d-95ad89ae35bc,2026-07-03T14:00:00Z,2026-07-03T16:00:00+0200,14450.71,MW,FR,FR,actual_solar_generation,Solar,2026-07-13T04:57:06Z
2026-07-13T04:56:31Z,2026-07-13T06:56:31+0200,46fca521-fea0-4798-9f2d-95ad89ae35bc,2026-07-03T14:15:00Z,2026-07-03T16:15:00+0200,13884.04,MW,FR,FR,actual_solar_generation,Solar,2026-07-13T04:57:06Z
2026-07-13T04:56:31Z,2026-07-13T06:56:31+0200,46fca521-fea0-4798-9f2d-95ad89ae35bc,2026-07-03T14:30:00Z,2026-07-03T16:30:00+0200,15287.24,MW,FR,FR,actual_solar_generation,Solar,2026-07-13T04:57:06Z
2026-07-13T04:56:31Z,2026-07-13T06:56:31+0200,46fca521-fea0-4798-9f2d-95ad89ae35bc,2026-07-03T14:45:00Z,2026-07-03T16:45:00+0200,16679.02,MW,FR,FR,actual_solar_generation,Solar,2026-07-13T04:57:06Z
2026-07-13T04:56:31Z,2026-07-13T06:56:31+0200,46fca521-fea0-4798-9f2d-95ad89ae35bc,2026-07-03T15:00:00Z,2026-07-03T17:00:00+0200,16585.93,MW,FR,FR,actual_solar_generation,Solar,2026-07-13T04:57:06Z
2026-07-13T04:56:31Z,2026-07-13T06:56:31+0200,46fca521-fea0-4798-9f2d-95ad89ae35bc,2026-07-03T15:15:00Z,2026-07-03T17:15:00+0200,15969.07,MW,FR,FR,actual_solar_generation,Solar,2026-07-13T04:57:06Z
2026-07-13T04:56:31Z,2026-07-13T06:56:31+0200,46fca521-fea0-4798-9f2d-95ad89ae35bc,2026-07-03T15:30:00Z,2026-07-03T17:30:00+0200,15068.41,MW,FR,FR,actual_solar_generation,Solar,2026-07-13T04:57:06Z
2026-07-13T04:56:31Z,2026-07-13T06:56:31+0200,46fca521-fea0-4798-9f2d-95ad89ae35bc,2026-07-03T15:45:00Z,2026-07-03T17:45:00+0200,14156.69,MW,FR,FR,actual_solar_generation,Solar,2026-07-13T04:57:06Z
2026-07-13T04:56:31Z,2026-07-13T06:56:31+0200,46fca521-fea0-4798-9f2d-95ad89ae35bc,2026-07-03T16:00:00Z,2026-07-03T18:00:00+0200,13210.55,MW,FR,FR,actual_solar_generation,Solar,2026-07-13T04:57:06Z
2026-07-13T04:56:31Z,2026-07-13T06:56:31+0200,46fca521-fea0-4798-9f2d-95ad89ae35bc,2026-07-03T16:15:00Z,2026-07-03T18:15:00+0200,12090.92,MW,FR,FR,actual_solar_generation,Solar,2026-07-13T04:57:06Z
2026-07-13T04:56:31Z,2026-07-13T06:56:31+0200,46fca521-fea0-4798-9f2d-95ad89ae35bc,2026-07-03T16:30:00Z,2026-07-03T18:30:00+0200,10886.68,MW,FR,FR,actual_solar_generation,Solar,2026-07-13T04:57:06Z
2026-07-13T04:56:31Z,2026-07-13T06:56:31+0200,46fca521-fea0-4798-9f2d-95ad89ae35bc,2026-07-03T16:45:00Z,2026-07-03T18:45:00+0200,9640.12,MW,FR,FR,actual_solar_generation,Solar,2026-07-13T04:57:06Z
2026-07-13T04:56:31Z,2026-07-13T06:56:31+0200,46fca521-fea0-4798-9f2d-95ad89ae35bc,2026-07-03T17:00:00Z,2026-07-03T19:00:00+0200,8357.02,MW,FR,FR,actual_solar_generation,Solar,2026-07-13T04:57:06Z
2026-07-13T04:56:31Z,2026-07-13T06:56:31+0200,46fca521-fea0-4798-9f2d-95ad89ae35bc,2026-07-03T17:15:00Z,2026-07-03T19:15:00+0200,7100.24,MW,FR,FR,actual_solar_generation,Solar,2026-07-13T04:57:06Z
2026-07-13T04:56:31Z,2026-07-13T06:56:31+0200,46fca521-fea0-4798-9f2d-95ad89ae35bc,2026-07-03T17:30:00Z,2026-07-03T19:30:00+0200,5812.49,MW,FR,FR,actual_solar_generation,Solar,2026-07-13T04:57:06Z
2026-07-13T04:56:31Z,2026-07-13T06:56:31+0200,46fca521-fea0-4798-9f2d-95ad89ae35bc,2026-07-03T17:45:00Z,2026-07-03T19:45:00+0200,4605.94,MW,FR,FR,actual_solar_generation,Solar,2026-07-13T04:57:06Z
2026-07-13T04:56:31Z,2026-07-13T06:56:31+0200,46fca521-fea0-4798-9f2d-95ad89ae35bc,2026-07-03T18:00:00Z,2026-07-03T20:00:00+0200,3507.14,MW,FR,FR,actual_solar_generation,Solar,2026-07-13T04:57:06Z
2026-07-13T04:56:31Z,2026-07-13T06:56:31+0200,46fca521-fea0-4798-9f2d-95ad89ae35bc,2026-07-03T18:15:00Z,2026-07-03T20:15:00+0200,2596.38,MW,FR,FR,actual_solar_generation,Solar,2026-07-13T04:57:06Z
2026-07-13T04:56:31Z,2026-07-13T06:56:31+0200,46fca521-fea0-4798-9f2d-95ad89ae35bc,2026-07-03T18:30:00Z,2026-07-03T20:30:00+0200,1898.87,MW,FR,FR,actual_solar_generation,Solar,2026-07-13T04:57:06Z
2026-07-13T04:56:31Z,2026-07-13T06:56:31+0200,46fca521-fea0-4798-9f2d-95ad89ae35bc,2026-07-03T18:45:00Z,2026-07-03T20:45:00+0200,1386.78,MW,FR,FR,actual_solar_generation,Solar,2026-07-13T04:57:06Z
2026-07-13T04:56:31Z,2026-07-13T06:56:31+0200,46fca521-fea0-4798-9f2d-95ad89ae35bc,2026-07-03T19:00:00Z,2026-07-03T21:00:00+0200,967.04,MW,FR,FR,actual_solar_generation,Solar,2026-07-13T04:57:06Z
2026-07-13T04:56:31Z,2026-07-13T06:56:31+0200,46fca521-fea0-4798-9f2d-95ad89ae35bc,2026-07-03T19:15:00Z,2026-07-03T21:15:00+0200,609.96,MW,FR,FR,actual_solar_generation,Solar,2026-07-13T04:57:06Z
2026-07-13T04:56:31Z,2026-07-13T06:56:31+0200,46fca521-fea0-4798-9f2d-95ad89ae35bc,2026-07-03T19:30:00Z,2026-07-03T21:30:00+0200,377.01,MW,FR,FR,actual_solar_generation,Solar,2026-07-13T04:57:06Z
2026-07-13T04:56:31Z,2026-07-13T06:56:31+0200,46fca521-fea0-4798-9f2d-95ad89ae35bc,2026-07-03T19:45:00Z,2026-07-03T21:45:00+0200,265.38,MW,FR,FR,actual_solar_generation,Solar,2026-07-13T04:57:06Z
2026-07-13T04:56:31Z,2026-07-13T06:56:31+0200,46fca521-fea0-4798-9f2d-95ad89ae35bc,2026-07-03T20:00:00Z,2026-07-03T22:00:00+0200,211.66,MW,FR,FR,actual_solar_generation,Solar,2026-07-13T04:57:06Z
2026-07-13T04:56:31Z,2026-07-13T06:56:31+0200,46fca521-fea0-4798-9f2d-95ad89ae35bc,2026-07-03T20:15:00Z,2026-07-03T22:15:00+0200,199.55,MW,FR,FR,actual_solar_generation,Solar,2026-07-13T04:57:06Z
2026-07-13T04:56:31Z,2026-07-13T06:56:31+0200,46fca521-fea0-4798-9f2d-95ad89ae35bc,2026-07-03T20:30:00Z,2026-07-03T22:30:00+0200,196.0,MW,FR,FR,actual_solar_generation,Solar,2026-07-13T04:57:06Z
2026-07-13T04:56:31Z,2026-07-13T06:56:31+0200,46fca521-fea0-4798-9f2d-95ad89ae35bc,2026-07-03T20:45:00Z,2026-07-03T22:45:00+0200,197.53,MW,FR,FR,actual_solar_generation,Solar,2026-07-13T04:57:06Z
2026-07-13T04:56:31Z,2026-07-13T06:56:31+0200,46fca521-fea0-4798-9f2d-95ad89ae35bc,2026-07-03T21:00:00Z,2026-07-03T23:00:00+0200,195.84,MW,FR,FR,actual_solar_generation,Solar,2026-07-13T04:57:06Z
2026-07-13T04:56:31Z,2026-07-13T06:56:31+0200,46fca521-fea0-4798-9f2d-95ad89ae35bc,2026-07-03T21:15:00Z,2026-07-03T23:15:00+0200,194.93,MW,FR,FR,actual_solar_generation,Solar,2026-07-13T04:57:06Z
2026-07-13T04:56:31Z,2026-07-13T06:56:31+0200,46fca521-fea0-4798-9f2d-95ad89ae35bc,2026-07-03T21:30:00Z,2026-07-03T23:30:00+0200,194.31,MW,FR,FR,actual_solar_generation,Solar,2026-07-13T04:57:06Z
2026-07-13T04:56:31Z,2026-07-13T06:56:31+0200,46fca521-fea0-4798-9f2d-95ad89ae35bc,2026-07-03T21:45:00Z,2026-07-03T23:45:00+0200,193.16,MW,FR,FR,actual_solar_generation,Solar,2026-07-13T04:57:06Z
2026-07-13T04:56:31Z,2026-07-13T06:56:31+0200,46fca521-fea0-4798-9f2d-95ad89ae35bc,2026-07-03T22:00:00Z,2026-07-04T00:00:00+0200,0.0,MW,FR,FR,actual_solar_generation,Solar,2026-07-13T04:57:06Z
2026-07-13T04:56:31Z,2026-07-13T06:56:31+0200,46fca521-fea0-4798-9f2d-95ad89ae35bc,2026-07-03T22:15:00Z,2026-07-04T00:15:00+0200,0.0,MW,FR,FR,actual_solar_generation,Solar,2026-07-13T04:57:06Z
2026-07-13T04:56:31Z,2026-07-13T06:56:31+0200,46fca521-fea0-4798-9f2d-95ad89ae35bc,2026-07-03T22:30:00Z,2026-07-04T00:30:00+0200,0.0,MW,FR,FR,actual_solar_generation,Solar,2026-07-13T04:57:06Z
2026-07-13T04:56:31Z,2026-07-13T06:56:31+0200,46fca521-fea0-4798-9f2d-95ad89ae35bc,2026-07-03T22:45:00Z,2026-07-04T00:45:00+0200,0.0,MW,FR,FR,actual_solar_generation,Solar,2026-07-13T04:57:06Z
2026-07-13T04:56:31Z,2026-07-13T06:56:31+0200,46fca521-fea0-4798-9f2d-95ad89ae35bc,2026-07-03T23:00:00Z,2026-07-04T01:00:00+0200,0.0,MW,FR,FR,actual_solar_generation,Solar,2026-07-13T04:57:06Z
2026-07-13T04:56:31Z,2026-07-13T06:56:31+0200,46fca521-fea0-4798-9f2d-95ad89ae35bc,2026-07-03T23:15:00Z,2026-07-04T01:15:00+0200,0.0,MW,FR,FR,actual_solar_generation,Solar,2026-07-13T04:57:06Z
2026-07-13T04:56:31Z,2026-07-13T06:56:31+0200,46fca521-fea0-4798-9f2d-95ad89ae35bc,2026-07-03T23:30:00Z,2026-07-04T01:30:00+0200,0.0,MW,FR,FR,actual_solar_generation,Solar,2026-07-13T04:57:06Z
2026-07-13T04:56:31Z,2026-07-13T06:56:31+0200,46fca521-fea0-4798-9f2d-95ad89ae35bc,2026-07-03T23:45:00Z,2026-07-04T01:45:00+0200,0.0,MW,FR,FR,actual_solar_generation,Solar,2026-07-13T04:57:06Z
2026-07-13T04:56:31Z,2026-07-13T06:56:31+0200,46fca521-fea0-4798-9f2d-95ad89ae35bc,2026-07-04T00:00:00Z,2026-07-04T02:00:00+0200,0.0,MW,FR,FR,actual_solar_generation,Solar,2026-07-13T04:57:06Z
2026-07-13T04:56:31Z,2026-07-13T06:56:31+0200,46fca521-fea0-4798-9f2d-95ad89ae35bc,2026-07-04T00:15:00Z,2026-07-04T02:15:00+0200,0.0,MW,FR,FR,actual_solar_generation,Solar,2026-07-13T04:57:06Z
2026-07-13T04:56:31Z,2026-07-13T06:56:31+0200,46fca521-fea0-4798-9f2d-95ad89ae35bc,2026-07-04T00:30:00Z,2026-07-04T02:30:00+0200,0.0,MW,FR,FR,actual_solar_generation,Solar,2026-07-13T04:57:06Z
2026-07-13T04:56:31Z,2026-07-13T06:56:31+0200,46fca521-fea0-4798-9f2d-95ad89ae35bc,2026-07-04T00:45:00Z,2026-07-04T02:45:00+0200,0.0,MW,FR,FR,actual_solar_generation,Solar,2026-07-13T04:57:06Z
2026-07-13T04:56:31Z,2026-07-13T06:56:31+0200,46fca521-fea0-4798-9f2d-95ad89ae35bc,2026-07-04T01:00:00Z,2026-07-04T03:00:00+0200,0.0,MW,FR,FR,actual_solar_generation,Solar,2026-07-13T04:57:06Z
2026-07-13T04:56:31Z,2026-07-13T06:56:31+0200,46fca521-fea0-4798-9f2d-95ad89ae35bc,2026-07-04T01:15:00Z,2026-07-04T03:15:00+0200,0.0,MW,FR,FR,actual_solar_generation,Solar,2026-07-13T04:57:06Z
2026-07-13T04:56:31Z,2026-07-13T06:56:31+0200,46fca521-fea0-4798-9f2d-95ad89ae35bc,2026-07-04T01:30:00Z,2026-07-04T03:30:00+0200,0.0,MW,FR,FR,actual_solar_generation,Solar,2026-07-13T04:57:06Z
2026-07-13T04:56:31Z,2026-07-13T06:56:31+0200,46fca521-fea0-4798-9f2d-95ad89ae35bc,2026-07-04T01:45:00Z,2026-07-04T03:45:00+0200,0.0,MW,FR,FR,actual_solar_generation,Solar,2026-07-13T04:57:06Z
2026-07-13T04:56:31Z,2026-07-13T06:56:31+0200,46fca521-fea0-4798-9f2d-95ad89ae35bc,2026-07-04T02:00:00Z,2026-07-04T04:00:00+0200,0.0,MW,FR,FR,actual_solar_generation,Solar,2026-07-13T04:57:06Z
2026-07-13T04:56:31Z,2026-07-13T06:56:31+0200,46fca521-fea0-4798-9f2d-95ad89ae35bc,2026-07-04T02:15:00Z,2026-07-04T04:15:00+0200,0.0,MW,FR,FR,actual_solar_generation,Solar,2026-07-13T04:57:06Z
2026-07-13T04:56:31Z,2026-07-13T06:56:31+0200,46fca521-fea0-4798-9f2d-95ad89ae35bc,2026-07-04T02:30:00Z,2026-07-04T04:30:00+0200,0.0,MW,FR,FR,actual_solar_generation,Solar,2026-07-13T04:57:06Z
2026-07-13T04:56:31Z,2026-07-13T06:56:31+0200,46fca521-fea0-4798-9f2d-95ad89ae35bc,2026-07-04T02:45:00Z,2026-07-04T04:45:00+0200,0.0,MW,FR,FR,actual_solar_generation,Solar,2026-07-13T04:57:06Z
2026-07-13T04:56:31Z,2026-07-13T06:56:31+0200,46fca521-fea0-4798-9f2d-95ad89ae35bc,2026-07-04T03:00:00Z,2026-07-04T05:00:00+0200,188.55,MW,FR,FR,actual_solar_generation,Solar,2026-07-13T04:57:06Z
2026-07-13T04:56:31Z,2026-07-13T06:56:31+0200,46fca521-fea0-4798-9f2d-95ad89ae35bc,2026-07-04T03:15:00Z,2026-07-04T05:15:00+0200,189.38,MW,FR,FR,actual_solar_generation,Solar,2026-07-13T04:57:06Z
2026-07-13T04:56:31Z,2026-07-13T06:56:31+0200,46fca521-fea0-4798-9f2d-95ad89ae35bc,2026-07-04T03:30:00Z,2026-07-04T05:30:00+0200,192.57,MW,FR,FR,actual_solar_generation,Solar,2026-07-13T04:57:06Z
2026-07-13T04:56:31Z,2026-07-13T06:56:31+0200,46fca521-fea0-4798-9f2d-95ad89ae35bc,2026-07-04T03:45:00Z,2026-07-04T05:45:00+0200,214.95,MW,FR,FR,actual_solar_generation,Solar,2026-07-13T04:57:06Z
2026-07-13T04:56:31Z,2026-07-13T06:56:31+0200,46fca521-fea0-4798-9f2d-95ad89ae35bc,2026-07-04T04:00:00Z,2026-07-04T06:00:00+0200,269.89,MW,FR,FR,actual_solar_generation,Solar,2026-07-13T04:57:06Z
2026-07-13T04:56:31Z,2026-07-13T06:56:31+0200,46fca521-fea0-4798-9f2d-95ad89ae35bc,2026-07-04T04:15:00Z,2026-07-04T06:15:00+0200,356.82,MW,FR,FR,actual_solar_generation,Solar,2026-07-13T04:57:06Z
2026-07-13T04:56:31Z,2026-07-13T06:56:31+0200,46fca521-fea0-4798-9f2d-95ad89ae35bc,2026-07-04T04:30:00Z,2026-07-04T06:30:00+0200,525.68,MW,FR,FR,actual_solar_generation,Solar,2026-07-13T04:57:06Z
2026-07-13T04:56:31Z,2026-07-13T06:56:31+0200,46fca521-fea0-4798-9f2d-95ad89ae35bc,2026-07-04T04:45:00Z,2026-07-04T06:45:00+0200,834.87,MW,FR,FR,actual_solar_generation,Solar,2026-07-13T04:57:06Z
2026-07-13T04:56:31Z,2026-07-13T06:56:31+0200,46fca521-fea0-4798-9f2d-95ad89ae35bc,2026-07-04T05:00:00Z,2026-07-04T07:00:00+0200,1264.23,MW,FR,FR,actual_solar_generation,Solar,2026-07-13T04:57:06Z
2026-07-13T04:56:31Z,2026-07-13T06:56:31+0200,46fca521-fea0-4798-9f2d-95ad89ae35bc,2026-07-04T05:15:00Z,2026-07-04T07:15:00+0200,1815.37,MW,FR,FR,actual_solar_generation,Solar,2026-07-13T04:57:06Z
2026-07-13T04:56:31Z,2026-07-13T06:56:31+0200,46fca521-fea0-4798-9f2d-95ad89ae35bc,2026-07-04T05:30:00Z,2026-07-04T07:30:00+0200,2543.68,MW,FR,FR,actual_solar_generation,Solar,2026-07-13T04:57:06Z
2026-07-13T04:56:31Z,2026-07-13T06:56:31+0200,46fca521-fea0-4798-9f2d-95ad89ae35bc,2026-07-04T05:45:00Z,2026-07-04T07:45:00+0200,3478.33,MW,FR,FR,actual_solar_generation,Solar,2026-07-13T04:57:06Z
2026-07-13T04:56:31Z,2026-07-13T06:56:31+0200,46fca521-fea0-4798-9f2d-95ad89ae35bc,2026-07-04T06:00:00Z,2026-07-04T08:00:00+0200,4453.25,MW,FR,FR,actual_solar_generation,Solar,2026-07-13T04:57:06Z
2026-07-13T04:56:31Z,2026-07-13T06:56:31+0200,46fca521-fea0-4798-9f2d-95ad89ae35bc,2026-07-04T06:15:00Z,2026-07-04T08:15:00+0200,5686.3,MW,FR,FR,actual_solar_generation,Solar,2026-07-13T04:57:06Z
2026-07-13T04:56:31Z,2026-07-13T06:56:31+0200,46fca521-fea0-4798-9f2d-95ad89ae35bc,2026-07-04T06:30:00Z,2026-07-04T08:30:00+0200,6971.35,MW,FR,FR,actual_solar_generation,Solar,2026-07-13T04:57:06Z
2026-07-13T04:56:31Z,2026-07-13T06:56:31+0200,46fca521-fea0-4798-9f2d-95ad89ae35bc,2026-07-04T06:45:00Z,2026-07-04T08:45:00+0200,8277.43,MW,FR,FR,actual_solar_generation,Solar,2026-07-13T04:57:06Z
2026-07-13T04:56:31Z,2026-07-13T06:56:31+0200,46fca521-fea0-4798-9f2d-95ad89ae35bc,2026-07-04T07:00:00Z,2026-07-04T09:00:00+0200,9665.5,MW,FR,FR,actual_solar_generation,Solar,2026-07-13T04:57:06Z
2026-07-13T04:56:31Z,2026-07-13T06:56:31+0200,46fca521-fea0-4798-9f2d-95ad89ae35bc,2026-07-04T07:15:00Z,2026-07-04T09:15:00+0200,10991.28,MW,FR,FR,actual_solar_generation,Solar,2026-07-13T04:57:06Z
2026-07-13T04:56:31Z,2026-07-13T06:56:31+0200,46fca521-fea0-4798-9f2d-95ad89ae35bc,2026-07-04T07:30:00Z,2026-07-04T09:30:00+0200,11256.29,MW,FR,FR,actual_solar_generation,Solar,2026-07-13T04:57:06Z
2026-07-13T04:56:31Z,2026-07-13T06:56:31+0200,46fca521-fea0-4798-9f2d-95ad89ae35bc,2026-07-04T07:45:00Z,2026-07-04T09:45:00+0200,10419.9,MW,FR,FR,actual_solar_generation,Solar,2026-07-13T04:57:06Z
2026-07-13T04:56:31Z,2026-07-13T06:56:31+0200,46fca521-fea0-4798-9f2d-95ad89ae35bc,2026-07-04T08:00:00Z,2026-07-04T10:00:00+0200,10859.24,MW,FR,FR,actual_solar_generation,Solar,2026-07-13T04:57:06Z
2026-07-13T04:56:31Z,2026-07-13T06:56:31+0200,46fca521-fea0-4798-9f2d-95ad89ae35bc,2026-07-04T08:15:00Z,2026-07-04T10:15:00+0200,11202.15,MW,FR,FR,actual_solar_generation,Solar,2026-07-13T04:57:06Z
2026-07-13T04:56:31Z,2026-07-13T06:56:31+0200,46fca521-fea0-4798-9f2d-95ad89ae35bc,2026-07-04T08:30:00Z,2026-07-04T10:30:00+0200,12389.98,MW,FR,FR,actual_solar_generation,Solar,2026-07-13T04:57:06Z
2026-07-13T04:56:31Z,2026-07-13T06:56:31+0200,46fca521-fea0-4798-9f2d-95ad89ae35bc,2026-07-04T08:45:00Z,2026-07-04T10:45:00+0200,13254.03,MW,FR,FR,actual_solar_generation,Solar,2026-07-13T04:57:06Z
2026-07-13T04:56:31Z,2026-07-13T06:56:31+0200,46fca521-fea0-4798-9f2d-95ad89ae35bc,2026-07-04T09:00:00Z,2026-07-04T11:00:00+0200,14082.87,MW,FR,FR,actual_solar_generation,Solar,2026-07-13T04:57:06Z
2026-07-13T04:56:31Z,2026-07-13T06:56:31+0200,46fca521-fea0-4798-9f2d-95ad89ae35bc,2026-07-04T09:15:00Z,2026-07-04T11:15:00+0200,12881.49,MW,FR,FR,actual_solar_generation,Solar,2026-07-13T04:57:06Z
2026-07-13T04:56:31Z,2026-07-13T06:56:31+0200,46fca521-fea0-4798-9f2d-95ad89ae35bc,2026-07-04T09:30:00Z,2026-07-04T11:30:00+0200,12667.76,MW,FR,FR,actual_solar_generation,Solar,2026-07-13T04:57:06Z
2026-07-13T04:56:31Z,2026-07-13T06:56:31+0200,46fca521-fea0-4798-9f2d-95ad89ae35bc,2026-07-04T09:45:00Z,2026-07-04T11:45:00+0200,12944.73,MW,FR,FR,actual_solar_generation,Solar,2026-07-13T04:57:06Z
2026-07-13T04:56:31Z,2026-07-13T06:56:31+0200,46fca521-fea0-4798-9f2d-95ad89ae35bc,2026-07-04T10:00:00Z,2026-07-04T12:00:00+0200,13234.52,MW,FR,FR,actual_solar_generation,Solar,2026-07-13T04:57:06Z
2026-07-13T04:56:31Z,2026-07-13T06:56:31+0200,46fca521-fea0-4798-9f2d-95ad89ae35bc,2026-07-04T10:15:00Z,2026-07-04T12:15:00+0200,13439.9,MW,FR,FR,actual_solar_generation,Solar,2026-07-13T04:57:06Z
2026-07-13T04:56:31Z,2026-07-13T06:56:31+0200,46fca521-fea0-4798-9f2d-95ad89ae35bc,2026-07-04T10:30:00Z,2026-07-04T12:30:00+0200,13582.43,MW,FR,FR,actual_solar_generation,Solar,2026-07-13T04:57:06Z
2026-07-13T04:56:31Z,2026-07-13T06:56:31+0200,46fca521-fea0-4798-9f2d-95ad89ae35bc,2026-07-04T10:45:00Z,2026-07-04T12:45:00+0200,13736.37,MW,FR,FR,actual_solar_generation,Solar,2026-07-13T04:57:06Z
2026-07-13T04:56:31Z,2026-07-13T06:56:31+0200,46fca521-fea0-4798-9f2d-95ad89ae35bc,2026-07-04T11:00:00Z,2026-07-04T13:00:00+0200,13857.85,MW,FR,FR,actual_solar_generation,Solar,2026-07-13T04:57:06Z
2026-07-13T04:56:31Z,2026-07-13T06:56:31+0200,46fca521-fea0-4798-9f2d-95ad89ae35bc,2026-07-04T11:15:00Z,2026-07-04T13:15:00+0200,13925.94,MW,FR,FR,actual_solar_generation,Solar,2026-07-13T04:57:06Z
2026-07-13T04:56:31Z,2026-07-13T06:56:31+0200,46fca521-fea0-4798-9f2d-95ad89ae35bc,2026-07-04T11:30:00Z,2026-07-04T13:30:00+0200,13884.92,MW,FR,FR,actual_solar_generation,Solar,2026-07-13T04:57:06Z
2026-07-13T04:56:31Z,2026-07-13T06:56:31+0200,46fca521-fea0-4798-9f2d-95ad89ae35bc,2026-07-04T11:45:00Z,2026-07-04T13:45:00+0200,13882.94,MW,FR,FR,actual_solar_generation,Solar,2026-07-13T04:57:06Z
2026-07-13T04:56:31Z,2026-07-13T06:56:31+0200,46fca521-fea0-4798-9f2d-95ad89ae35bc,2026-07-04T12:00:00Z,2026-07-04T14:00:00+0200,13846.4,MW,FR,FR,actual_solar_generation,Solar,2026-07-13T04:57:06Z
2026-07-13T04:56:31Z,2026-07-13T06:56:31+0200,46fca521-fea0-4798-9f2d-95ad89ae35bc,2026-07-04T12:15:00Z,2026-07-04T14:15:00+0200,13840.99,MW,FR,FR,actual_solar_generation,Solar,2026-07-13T04:57:06Z
2026-07-13T04:56:31Z,2026-07-13T06:56:31+0200,46fca521-fea0-4798-9f2d-95ad89ae35bc,2026-07-04T12:30:00Z,2026-07-04T14:30:00+0200,13803.38,MW,FR,FR,actual_solar_generation,Solar,2026-07-13T04:57:06Z
2026-07-13T04:56:31Z,2026-07-13T06:56:31+0200,46fca521-fea0-4798-9f2d-95ad89ae35bc,2026-07-04T12:45:00Z,2026-07-04T14:45:00+0200,13769.67,MW,FR,FR,actual_solar_generation,Solar,2026-07-13T04:57:06Z
2026-07-13T04:56:31Z,2026-07-13T06:56:31+0200,46fca521-fea0-4798-9f2d-95ad89ae35bc,2026-07-04T13:00:00Z,2026-07-04T15:00:00+0200,13861.35,MW,FR,FR,actual_solar_generation,Solar,2026-07-13T04:57:06Z
2026-07-13T04:56:31Z,2026-07-13T06:56:31+0200,46fca521-fea0-4798-9f2d-95ad89ae35bc,2026-07-04T13:15:00Z,2026-07-04T15:15:00+0200,13694.8,MW,FR,FR,actual_solar_generation,Solar,2026-07-13T04:57:06Z
2026-07-13T04:56:31Z,2026-07-13T06:56:31+0200,46fca521-fea0-4798-9f2d-95ad89ae35bc,2026-07-04T13:30:00Z,2026-07-04T15:30:00+0200,13474.78,MW,FR,FR,actual_solar_generation,Solar,2026-07-13T04:57:06Z
2026-07-13T04:56:31Z,2026-07-13T06:56:31+0200,46fca521-fea0-4798-9f2d-95ad89ae35bc,2026-07-04T13:45:00Z,2026-07-04T15:45:00+0200,13215.15,MW,FR,FR,actual_solar_generation,Solar,2026-07-13T04:57:06Z
2026-07-13T04:56:31Z,2026-07-13T06:56:31+0200,46fca521-fea0-4798-9f2d-95ad89ae35bc,2026-07-04T14:00:00Z,2026-07-04T16:00:00+0200,12921.02,MW,FR,FR,actual_solar_generation,Solar,2026-07-13T04:57:06Z
2026-07-13T04:56:31Z,2026-07-13T06:56:31+0200,46fca521-fea0-4798-9f2d-95ad89ae35bc,2026-07-04T14:15:00Z,2026-07-04T16:15:00+0200,12677.1,MW,FR,FR,actual_solar_generation,Solar,2026-07-13T04:57:06Z
2026-07-13T04:56:31Z,2026-07-13T06:56:31+0200,46fca521-fea0-4798-9f2d-95ad89ae35bc,2026-07-04T14:30:00Z,2026-07-04T16:30:00+0200,13357.73,MW,FR,FR,actual_solar_generation,Solar,2026-07-13T04:57:06Z
2026-07-13T04:56:31Z,2026-07-13T06:56:31+0200,46fca521-fea0-4798-9f2d-95ad89ae35bc,2026-07-04T14:45:00Z,2026-07-04T16:45:00+0200,13161.69,MW,FR,FR,actual_solar_generation,Solar,2026-07-13T04:57:06Z
2026-07-13T04:56:31Z,2026-07-13T06:56:31+0200,46fca521-fea0-4798-9f2d-95ad89ae35bc,2026-07-04T15:00:00Z,2026-07-04T17:00:00+0200,12968.1,MW,FR,FR,actual_solar_generation,Solar,2026-07-13T04:57:06Z
2026-07-13T04:56:31Z,2026-07-13T06:56:31+0200,46fca521-fea0-4798-9f2d-95ad89ae35bc,2026-07-04T15:15:00Z,2026-07-04T17:15:00+0200,12417.27,MW,FR,FR,actual_solar_generation,Solar,2026-07-13T04:57:06Z
2026-07-13T04:56:31Z,2026-07-13T06:56:31+0200,46fca521-fea0-4798-9f2d-95ad89ae35bc,2026-07-04T15:30:00Z,2026-07-04T17:30:00+0200,11858.13,MW,FR,FR,actual_solar_generation,Solar,2026-07-13T04:57:06Z
2026-07-13T04:56:31Z,2026-07-13T06:56:31+0200,46fca521-fea0-4798-9f2d-95ad89ae35bc,2026-07-04T15:45:00Z,2026-07-04T17:45:00+0200,11173.97,MW,FR,FR,actual_solar_generation,Solar,2026-07-13T04:57:06Z
2026-07-13T04:56:31Z,2026-07-13T06:56:31+0200,46fca521-fea0-4798-9f2d-95ad89ae35bc,2026-07-04T16:00:00Z,2026-07-04T18:00:00+0200,12074.16,MW,FR,FR,actual_solar_generation,Solar,2026-07-13T04:57:06Z
2026-07-13T04:56:31Z,2026-07-13T06:56:31+0200,46fca521-fea0-4798-9f2d-95ad89ae35bc,2026-07-04T16:15:00Z,2026-07-04T18:15:00+0200,12518.89,MW,FR,FR,actual_solar_generation,Solar,2026-07-13T04:57:06Z
2026-07-13T04:56:31Z,2026-07-13T06:56:31+0200,46fca521-fea0-4798-9f2d-95ad89ae35bc,2026-07-04T16:30:00Z,2026-07-04T18:30:00+0200,11280.5,MW,FR,FR,actual_solar_generation,Solar,2026-07-13T04:57:06Z
2026-07-13T04:56:31Z,2026-07-13T06:56:31+0200,46fca521-fea0-4798-9f2d-95ad89ae35bc,2026-07-04T16:45:00Z,2026-07-04T18:45:00+0200,10048.7,MW,FR,FR,actual_solar_generation,Solar,2026-07-13T04:57:06Z
2026-07-13T04:56:31Z,2026-07-13T06:56:31+0200,46fca521-fea0-4798-9f2d-95ad89ae35bc,2026-07-04T17:00:00Z,2026-07-04T19:00:00+0200,8693.54,MW,FR,FR,actual_solar_generation,Solar,2026-07-13T04:57:06Z
2026-07-13T04:56:31Z,2026-07-13T06:56:31+0200,46fca521-fea0-4798-9f2d-95ad89ae35bc,2026-07-04T17:15:00Z,2026-07-04T19:15:00+0200,7347.93,MW,FR,FR,actual_solar_generation,Solar,2026-07-13T04:57:06Z
2026-07-13T04:56:31Z,2026-07-13T06:56:31+0200,46fca521-fea0-4798-9f2d-95ad89ae35bc,2026-07-04T17:30:00Z,2026-07-04T19:30:00+0200,6001.63,MW,FR,FR,actual_solar_generation,Solar,2026-07-13T04:57:06Z
2026-07-13T04:56:31Z,2026-07-13T06:56:31+0200,46fca521-fea0-4798-9f2d-95ad89ae35bc,2026-07-04T17:45:00Z,2026-07-04T19:45:00+0200,4730.26,MW,FR,FR,actual_solar_generation,Solar,2026-07-13T04:57:06Z
2026-07-13T04:56:31Z,2026-07-13T06:56:31+0200,46fca521-fea0-4798-9f2d-95ad89ae35bc,2026-07-04T18:00:00Z,2026-07-04T20:00:00+0200,3596.86,MW,FR,FR,actual_solar_generation,Solar,2026-07-13T04:57:06Z
2026-07-13T04:56:31Z,2026-07-13T06:56:31+0200,46fca521-fea0-4798-9f2d-95ad89ae35bc,2026-07-04T18:15:00Z,2026-07-04T20:15:00+0200,2655.43,MW,FR,FR,actual_solar_generation,Solar,2026-07-13T04:57:06Z
2026-07-13T04:56:31Z,2026-07-13T06:56:31+0200,46fca521-fea0-4798-9f2d-95ad89ae35bc,2026-07-04T18:30:00Z,2026-07-04T20:30:00+0200,1926.16,MW,FR,FR,actual_solar_generation,Solar,2026-07-13T04:57:06Z
2026-07-13T04:56:31Z,2026-07-13T06:56:31+0200,46fca521-fea0-4798-9f2d-95ad89ae35bc,2026-07-04T18:45:00Z,2026-07-04T20:45:00+0200,1399.47,MW,FR,FR,actual_solar_generation,Solar,2026-07-13T04:57:06Z
2026-07-13T04:56:31Z,2026-07-13T06:56:31+0200,46fca521-fea0-4798-9f2d-95ad89ae35bc,2026-07-04T19:00:00Z,2026-07-04T21:00:00+0200,965.85,MW,FR,FR,actual_solar_generation,Solar,2026-07-13T04:57:06Z
2026-07-13T04:56:31Z,2026-07-13T06:56:31+0200,46fca521-fea0-4798-9f2d-95ad89ae35bc,2026-07-04T19:15:00Z,2026-07-04T21:15:00+0200,602.89,MW,FR,FR,actual_solar_generation,Solar,2026-07-13T04:57:06Z
2026-07-13T04:56:31Z,2026-07-13T06:56:31+0200,46fca521-fea0-4798-9f2d-95ad89ae35bc,2026-07-04T19:30:00Z,2026-07-04T21:30:00+0200,361.46,MW,FR,FR,actual_solar_generation,Solar,2026-07-13T04:57:06Z
2026-07-13T04:56:31Z,2026-07-13T06:56:31+0200,46fca521-fea0-4798-9f2d-95ad89ae35bc,2026-07-04T19:45:00Z,2026-07-04T21:45:00+0200,256.89,MW,FR,FR,actual_solar_generation,Solar,2026-07-13T04:57:06Z
2026-07-13T04:56:31Z,2026-07-13T06:56:31+0200,46fca521-fea0-4798-9f2d-95ad89ae35bc,2026-07-04T20:00:00Z,2026-07-04T22:00:00+0200,206.28,MW,FR,FR,actual_solar_generation,Solar,2026-07-13T04:57:06Z
2026-07-13T04:56:31Z,2026-07-13T06:56:31+0200,46fca521-fea0-4798-9f2d-95ad89ae35bc,2026-07-04T20:15:00Z,2026-07-04T22:15:00+0200,196.07,MW,FR,FR,actual_solar_generation,Solar,2026-07-13T04:57:06Z
2026-07-13T04:56:31Z,2026-07-13T06:56:31+0200,46fca521-fea0-4798-9f2d-95ad89ae35bc,2026-07-04T20:30:00Z,2026-07-04T22:30:00+0200,196.21,MW,FR,FR,actual_solar_generation,Solar,2026-07-13T04:57:06Z
2026-07-13T04:56:31Z,2026-07-13T06:56:31+0200,46fca521-fea0-4798-9f2d-95ad89ae35bc,2026-07-04T20:45:00Z,2026-07-04T22:45:00+0200,196.32,MW,FR,FR,actual_solar_generation,Solar,2026-07-13T04:57:06Z
2026-07-13T04:56:31Z,2026-07-13T06:56:31+0200,46fca521-fea0-4798-9f2d-95ad89ae35bc,2026-07-04T21:00:00Z,2026-07-04T23:00:00+0200,195.46,MW,FR,FR,actual_solar_generation,Solar,2026-07-13T04:57:06Z
2026-07-13T04:56:31Z,2026-07-13T06:56:31+0200,46fca521-fea0-4798-9f2d-95ad89ae35bc,2026-07-04T21:15:00Z,2026-07-04T23:15:00+0200,193.57,MW,FR,FR,actual_solar_generation,Solar,2026-07-13T04:57:06Z
2026-07-13T04:56:31Z,2026-07-13T06:56:31+0200,46fca521-fea0-4798-9f2d-95ad89ae35bc,2026-07-04T21:30:00Z,2026-07-04T23:30:00+0200,193.12,MW,FR,FR,actual_solar_generation,Solar,2026-07-13T04:57:06Z
2026-07-13T04:56:31Z,2026-07-13T06:56:31+0200,46fca521-fea0-4798-9f2d-95ad89ae35bc,2026-07-04T21:45:00Z,2026-07-04T23:45:00+0200,192.47,MW,FR,FR,actual_solar_generation,Solar,2026-07-13T04:57:06Z
2026-07-13T04:56:31Z,2026-07-13T06:56:31+0200,46fca521-fea0-4798-9f2d-95ad89ae35bc,2026-07-04T22:00:00Z,2026-07-05T00:00:00+0200,0.0,MW,FR,FR,actual_solar_generation,Solar,2026-07-13T04:57:06Z
2026-07-13T04:56:31Z,2026-07-13T06:56:31+0200,46fca521-fea0-4798-9f2d-95ad89ae35bc,2026-07-04T22:15:00Z,2026-07-05T00:15:00+0200,0.0,MW,FR,FR,actual_solar_generation,Solar,2026-07-13T04:57:06Z
2026-07-13T04:56:31Z,2026-07-13T06:56:31+0200,46fca521-fea0-4798-9f2d-95ad89ae35bc,2026-07-04T22:30:00Z,2026-07-05T00:30:00+0200,0.0,MW,FR,FR,actual_solar_generation,Solar,2026-07-13T04:57:06Z
2026-07-13T04:56:31Z,2026-07-13T06:56:31+0200,46fca521-fea0-4798-9f2d-95ad89ae35bc,2026-07-04T22:45:00Z,2026-07-05T00:45:00+0200,0.0,MW,FR,FR,actual_solar_generation,Solar,2026-07-13T04:57:06Z
2026-07-13T04:56:31Z,2026-07-13T06:56:31+0200,46fca521-fea0-4798-9f2d-95ad89ae35bc,2026-07-04T23:00:00Z,2026-07-05T01:00:00+0200,0.0,MW,FR,FR,actual_solar_generation,Solar,2026-07-13T04:57:06Z
2026-07-13T04:56:31Z,2026-07-13T06:56:31+0200,46fca521-fea0-4798-9f2d-95ad89ae35bc,2026-07-04T23:15:00Z,2026-07-05T01:15:00+0200,0.0,MW,FR,FR,actual_solar_generation,Solar,2026-07-13T04:57:06Z
2026-07-13T04:56:31Z,2026-07-13T06:56:31+0200,46fca521-fea0-4798-9f2d-95ad89ae35bc,2026-07-04T23:30:00Z,2026-07-05T01:30:00+0200,0.0,MW,FR,FR,actual_solar_generation,Solar,2026-07-13T04:57:06Z
2026-07-13T04:56:31Z,2026-07-13T06:56:31+0200,46fca521-fea0-4798-9f2d-95ad89ae35bc,2026-07-04T23:45:00Z,2026-07-05T01:45:00+0200,0.0,MW,FR,FR,actual_solar_generation,Solar,2026-07-13T04:57:06Z
2026-07-13T04:56:31Z,2026-07-13T06:56:31+0200,46fca521-fea0-4798-9f2d-95ad89ae35bc,2026-07-05T00:00:00Z,2026-07-05T02:00:00+0200,0.0,MW,FR,FR,actual_solar_generation,Solar,2026-07-13T04:57:06Z
2026-07-13T04:56:31Z,2026-07-13T06:56:31+0200,46fca521-fea0-4798-9f2d-95ad89ae35bc,2026-07-05T00:15:00Z,2026-07-05T02:15:00+0200,0.0,MW,FR,FR,actual_solar_generation,Solar,2026-07-13T04:57:06Z
2026-07-13T04:56:31Z,2026-07-13T06:56:31+0200,46fca521-fea0-4798-9f2d-95ad89ae35bc,2026-07-05T00:30:00Z,2026-07-05T02:30:00+0200,0.0,MW,FR,FR,actual_solar_generation,Solar,2026-07-13T04:57:06Z
2026-07-13T04:56:31Z,2026-07-13T06:56:31+0200,46fca521-fea0-4798-9f2d-95ad89ae35bc,2026-07-05T00:45:00Z,2026-07-05T02:45:00+0200,0.0,MW,FR,FR,actual_solar_generation,Solar,2026-07-13T04:57:06Z
2026-07-13T04:56:31Z,2026-07-13T06:56:31+0200,46fca521-fea0-4798-9f2d-95ad89ae35bc,2026-07-05T01:00:00Z,2026-07-05T03:00:00+0200,0.0,MW,FR,FR,actual_solar_generation,Solar,2026-07-13T04:57:06Z
2026-07-13T04:56:31Z,2026-07-13T06:56:31+0200,46fca521-fea0-4798-9f2d-95ad89ae35bc,2026-07-05T01:15:00Z,2026-07-05T03:15:00+0200,0.0,MW,FR,FR,actual_solar_generation,Solar,2026-07-13T04:57:06Z
2026-07-13T04:56:31Z,2026-07-13T06:56:31+0200,46fca521-fea0-4798-9f2d-95ad89ae35bc,2026-07-05T01:30:00Z,2026-07-05T03:30:00+0200,0.0,MW,FR,FR,actual_solar_generation,Solar,2026-07-13T04:57:06Z
2026-07-13T04:56:31Z,2026-07-13T06:56:31+0200,46fca521-fea0-4798-9f2d-95ad89ae35bc,2026-07-05T01:45:00Z,2026-07-05T03:45:00+0200,0.0,MW,FR,FR,actual_solar_generation,Solar,2026-07-13T04:57:06Z
2026-07-13T04:56:31Z,2026-07-13T06:56:31+0200,46fca521-fea0-4798-9f2d-95ad89ae35bc,2026-07-05T02:00:00Z,2026-07-05T04:00:00+0200,0.0,MW,FR,FR,actual_solar_generation,Solar,2026-07-13T04:57:06Z
2026-07-13T04:56:31Z,2026-07-13T06:56:31+0200,46fca521-fea0-4798-9f2d-95ad89ae35bc,2026-07-05T02:15:00Z,2026-07-05T04:15:00+0200,0.0,MW,FR,FR,actual_solar_generation,Solar,2026-07-13T04:57:06Z
2026-07-13T04:56:31Z,2026-07-13T06:56:31+0200,46fca521-fea0-4798-9f2d-95ad89ae35bc,2026-07-05T02:30:00Z,2026-07-05T04:30:00+0200,0.0,MW,FR,FR,actual_solar_generation,Solar,2026-07-13T04:57:06Z
2026-07-13T04:56:31Z,2026-07-13T06:56:31+0200,46fca521-fea0-4798-9f2d-95ad89ae35bc,2026-07-05T02:45:00Z,2026-07-05T04:45:00+0200,0.0,MW,FR,FR,actual_solar_generation,Solar,2026-07-13T04:57:06Z
2026-07-13T04:56:31Z,2026-07-13T06:56:31+0200,46fca521-fea0-4798-9f2d-95ad89ae35bc,2026-07-05T03:00:00Z,2026-07-05T05:00:00+0200,188.68,MW,FR,FR,actual_solar_generation,Solar,2026-07-13T04:57:06Z
2026-07-13T04:56:31Z,2026-07-13T06:56:31+0200,46fca521-fea0-4798-9f2d-95ad89ae35bc,2026-07-05T03:15:00Z,2026-07-05T05:15:00+0200,187.81,MW,FR,FR,actual_solar_generation,Solar,2026-07-13T04:57:06Z
2026-07-13T04:56:31Z,2026-07-13T06:56:31+0200,46fca521-fea0-4798-9f2d-95ad89ae35bc,2026-07-05T03:30:00Z,2026-07-05T05:30:00+0200,191.95,MW,FR,FR,actual_solar_generation,Solar,2026-07-13T04:57:06Z
2026-07-13T04:56:31Z,2026-07-13T06:56:31+0200,46fca521-fea0-4798-9f2d-95ad89ae35bc,2026-07-05T03:45:00Z,2026-07-05T05:45:00+0200,214.48,MW,FR,FR,actual_solar_generation,Solar,2026-07-13T04:57:06Z
2026-07-13T04:56:31Z,2026-07-13T06:56:31+0200,46fca521-fea0-4798-9f2d-95ad89ae35bc,2026-07-05T04:00:00Z,2026-07-05T06:00:00+0200,266.86,MW,FR,FR,actual_solar_generation,Solar,2026-07-13T04:57:06Z
2026-07-13T04:56:31Z,2026-07-13T06:56:31+0200,46fca521-fea0-4798-9f2d-95ad89ae35bc,2026-07-05T04:15:00Z,2026-07-05T06:15:00+0200,355.41,MW,FR,FR,actual_solar_generation,Solar,2026-07-13T04:57:06Z
2026-07-13T04:56:31Z,2026-07-13T06:56:31+0200,46fca521-fea0-4798-9f2d-95ad89ae35bc,2026-07-05T04:30:00Z,2026-07-05T06:30:00+0200,520.71,MW,FR,FR,actual_solar_generation,Solar,2026-07-13T04:57:06Z
2026-07-13T04:56:31Z,2026-07-13T06:56:31+0200,46fca521-fea0-4798-9f2d-95ad89ae35bc,2026-07-05T04:45:00Z,2026-07-05T06:45:00+0200,815.4,MW,FR,FR,actual_solar_generation,Solar,2026-07-13T04:57:06Z
2026-07-13T04:56:31Z,2026-07-13T06:56:31+0200,46fca521-fea0-4798-9f2d-95ad89ae35bc,2026-07-05T05:00:00Z,2026-07-05T07:00:00+0200,1227.57,MW,FR,FR,actual_solar_generation,Solar,2026-07-13T04:57:06Z
2026-07-13T04:56:31Z,2026-07-13T06:56:31+0200,46fca521-fea0-4798-9f2d-95ad89ae35bc,2026-07-05T05:15:00Z,2026-07-05T07:15:00+0200,1765.95,MW,FR,FR,actual_solar_generation,Solar,2026-07-13T04:57:06Z
2026-07-13T04:56:31Z,2026-07-13T06:56:31+0200,46fca521-fea0-4798-9f2d-95ad89ae35bc,2026-07-05T05:30:00Z,2026-07-05T07:30:00+0200,2485.84,MW,FR,FR,actual_solar_generation,Solar,2026-07-13T04:57:06Z
2026-07-13T04:56:31Z,2026-07-13T06:56:31+0200,46fca521-fea0-4798-9f2d-95ad89ae35bc,2026-07-05T05:45:00Z,2026-07-05T07:45:00+0200,3036.56,MW,FR,FR,actual_solar_generation,Solar,2026-07-13T04:57:06Z
2026-07-13T04:56:31Z,2026-07-13T06:56:31+0200,46fca521-fea0-4798-9f2d-95ad89ae35bc,2026-07-05T06:00:00Z,2026-07-05T08:00:00+0200,3302.17,MW,FR,FR,actual_solar_generation,Solar,2026-07-13T04:57:06Z
2026-07-13T04:56:31Z,2026-07-13T06:56:31+0200,46fca521-fea0-4798-9f2d-95ad89ae35bc,2026-07-05T06:15:00Z,2026-07-05T08:15:00+0200,4138.15,MW,FR,FR,actual_solar_generation,Solar,2026-07-13T04:57:06Z
2026-07-13T04:56:31Z,2026-07-13T06:56:31+0200,46fca521-fea0-4798-9f2d-95ad89ae35bc,2026-07-05T06:30:00Z,2026-07-05T08:30:00+0200,5065.54,MW,FR,FR,actual_solar_generation,Solar,2026-07-13T04:57:06Z
2026-07-13T04:56:31Z,2026-07-13T06:56:31+0200,46fca521-fea0-4798-9f2d-95ad89ae35bc,2026-07-05T06:45:00Z,2026-07-05T08:45:00+0200,6014.79,MW,FR,FR,actual_solar_generation,Solar,2026-07-13T04:57:06Z
2026-07-13T04:56:31Z,2026-07-13T06:56:31+0200,46fca521-fea0-4798-9f2d-95ad89ae35bc,2026-07-05T07:00:00Z,2026-07-05T09:00:00+0200,6997.02,MW,FR,FR,actual_solar_generation,Solar,2026-07-13T04:57:06Z
2026-07-13T04:56:31Z,2026-07-13T06:56:31+0200,46fca521-fea0-4798-9f2d-95ad89ae35bc,2026-07-05T07:15:00Z,2026-07-05T09:15:00+0200,8014.72,MW,FR,FR,actual_solar_generation,Solar,2026-07-13T04:57:06Z
2026-07-13T04:56:31Z,2026-07-13T06:56:31+0200,46fca521-fea0-4798-9f2d-95ad89ae35bc,2026-07-05T07:30:00Z,2026-07-05T09:30:00+0200,8963.28,MW,FR,FR,actual_solar_generation,Solar,2026-07-13T04:57:06Z
2026-07-13T04:56:31Z,2026-07-13T06:56:31+0200,46fca521-fea0-4798-9f2d-95ad89ae35bc,2026-07-05T07:45:00Z,2026-07-05T09:45:00+0200,9855.79,MW,FR,FR,actual_solar_generation,Solar,2026-07-13T04:57:06Z
2026-07-13T04:56:31Z,2026-07-13T06:56:31+0200,46fca521-fea0-4798-9f2d-95ad89ae35bc,2026-07-05T08:00:00Z,2026-07-05T10:00:00+0200,10753.36,MW,FR,FR,actual_solar_generation,Solar,2026-07-13T04:57:06Z
2026-07-13T04:56:31Z,2026-07-13T06:56:31+0200,46fca521-fea0-4798-9f2d-95ad89ae35bc,2026-07-05T08:15:00Z,2026-07-05T10:15:00+0200,11577.97,MW,FR,FR,actual_solar_generation,Solar,2026-07-13T04:57:06Z
2026-07-13T04:56:31Z,2026-07-13T06:56:31+0200,46fca521-fea0-4798-9f2d-95ad89ae35bc,2026-07-05T08:30:00Z,2026-07-05T10:30:00+0200,12121.52,MW,FR,FR,actual_solar_generation,Solar,2026-07-13T04:57:06Z
2026-07-13T04:56:31Z,2026-07-13T06:56:31+0200,46fca521-fea0-4798-9f2d-95ad89ae35bc,2026-07-05T08:45:00Z,2026-07-05T10:45:00+0200,12692.49,MW,FR,FR,actual_solar_generation,Solar,2026-07-13T04:57:06Z
2026-07-13T04:56:31Z,2026-07-13T06:56:31+0200,46fca521-fea0-4798-9f2d-95ad89ae35bc,2026-07-05T09:00:00Z,2026-07-05T11:00:00+0200,13330.6,MW,FR,FR,actual_solar_generation,Solar,2026-07-13T04:57:06Z
2026-07-13T04:56:31Z,2026-07-13T06:56:31+0200,46fca521-fea0-4798-9f2d-95ad89ae35bc,2026-07-05T09:15:00Z,2026-07-05T11:15:00+0200,13600.54,MW,FR,FR,actual_solar_generation,Solar,2026-07-13T04:57:06Z
2026-07-13T04:56:31Z,2026-07-13T06:56:31+0200,46fca521-fea0-4798-9f2d-95ad89ae35bc,2026-07-05T09:30:00Z,2026-07-05T11:30:00+0200,13266.31,MW,FR,FR,actual_solar_generation,Solar,2026-07-13T04:57:06Z
2026-07-13T04:56:31Z,2026-07-13T06:56:31+0200,46fca521-fea0-4798-9f2d-95ad89ae35bc,2026-07-05T09:45:00Z,2026-07-05T11:45:00+0200,13296.18,MW,FR,FR,actual_solar_generation,Solar,2026-07-13T04:57:06Z
2026-07-13T04:56:31Z,2026-07-13T06:56:31+0200,46fca521-fea0-4798-9f2d-95ad89ae35bc,2026-07-05T10:00:00Z,2026-07-05T12:00:00+0200,14396.2,MW,FR,FR,actual_solar_generation,Solar,2026-07-13T04:57:06Z
2026-07-13T04:56:31Z,2026-07-13T06:56:31+0200,46fca521-fea0-4798-9f2d-95ad89ae35bc,2026-07-05T10:15:00Z,2026-07-05T12:15:00+0200,15187.86,MW,FR,FR,actual_solar_generation,Solar,2026-07-13T04:57:06Z
2026-07-13T04:56:31Z,2026-07-13T06:56:31+0200,46fca521-fea0-4798-9f2d-95ad89ae35bc,2026-07-05T10:30:00Z,2026-07-05T12:30:00+0200,15236.78,MW,FR,FR,actual_solar_generation,Solar,2026-07-13T04:57:06Z
2026-07-13T04:56:31Z,2026-07-13T06:56:31+0200,46fca521-fea0-4798-9f2d-95ad89ae35bc,2026-07-05T10:45:00Z,2026-07-05T12:45:00+0200,14397.74,MW,FR,FR,actual_solar_generation,Solar,2026-07-13T04:57:06Z
2026-07-13T04:56:31Z,2026-07-13T06:56:31+0200,46fca521-fea0-4798-9f2d-95ad89ae35bc,2026-07-05T11:00:00Z,2026-07-05T13:00:00+0200,12983.33,MW,FR,FR,actual_solar_generation,Solar,2026-07-13T04:57:06Z
2026-07-13T04:56:31Z,2026-07-13T06:56:31+0200,46fca521-fea0-4798-9f2d-95ad89ae35bc,2026-07-05T11:15:00Z,2026-07-05T13:15:00+0200,12920.67,MW,FR,FR,actual_solar_generation,Solar,2026-07-13T04:57:06Z
2026-07-13T04:56:31Z,2026-07-13T06:56:31+0200,46fca521-fea0-4798-9f2d-95ad89ae35bc,2026-07-05T11:30:00Z,2026-07-05T13:30:00+0200,12981.41,MW,FR,FR,actual_solar_generation,Solar,2026-07-13T04:57:06Z
2026-07-13T04:56:31Z,2026-07-13T06:56:31+0200,46fca521-fea0-4798-9f2d-95ad89ae35bc,2026-07-05T11:45:00Z,2026-07-05T13:45:00+0200,12971.02,MW,FR,FR,actual_solar_generation,Solar,2026-07-13T04:57:06Z
2026-07-13T04:56:31Z,2026-07-13T06:56:31+0200,46fca521-fea0-4798-9f2d-95ad89ae35bc,2026-07-05T12:00:00Z,2026-07-05T14:00:00+0200,12943.74,MW,FR,FR,actual_solar_generation,Solar,2026-07-13T04:57:06Z
2026-07-13T04:56:31Z,2026-07-13T06:56:31+0200,46fca521-fea0-4798-9f2d-95ad89ae35bc,2026-07-05T12:15:00Z,2026-07-05T14:15:00+0200,12909.33,MW,FR,FR,actual_solar_generation,Solar,2026-07-13T04:57:06Z
2026-07-13T04:56:31Z,2026-07-13T06:56:31+0200,46fca521-fea0-4798-9f2d-95ad89ae35bc,2026-07-05T12:30:00Z,2026-07-05T14:30:00+0200,12854.75,MW,FR,FR,actual_solar_generation,Solar,2026-07-13T04:57:06Z
2026-07-13T04:56:31Z,2026-07-13T06:56:31+0200,46fca521-fea0-4798-9f2d-95ad89ae35bc,2026-07-05T12:45:00Z,2026-07-05T14:45:00+0200,12751.86,MW,FR,FR,actual_solar_generation,Solar,2026-07-13T04:57:06Z
2026-07-13T04:56:31Z,2026-07-13T06:56:31+0200,46fca521-fea0-4798-9f2d-95ad89ae35bc,2026-07-05T13:00:00Z,2026-07-05T15:00:00+0200,12631.26,MW,FR,FR,actual_solar_generation,Solar,2026-07-13T04:57:06Z
2026-07-13T04:56:31Z,2026-07-13T06:56:31+0200,46fca521-fea0-4798-9f2d-95ad89ae35bc,2026-07-05T13:15:00Z,2026-07-05T15:15:00+0200,12459.46,MW,FR,FR,actual_solar_generation,Solar,2026-07-13T04:57:06Z
2026-07-13T04:56:31Z,2026-07-13T06:56:31+0200,46fca521-fea0-4798-9f2d-95ad89ae35bc,2026-07-05T13:30:00Z,2026-07-05T15:30:00+0200,12271.8,MW,FR,FR,actual_solar_generation,Solar,2026-07-13T04:57:06Z
2026-07-13T04:56:31Z,2026-07-13T06:56:31+0200,46fca521-fea0-4798-9f2d-95ad89ae35bc,2026-07-05T13:45:00Z,2026-07-05T15:45:00+0200,12048.66,MW,FR,FR,actual_solar_generation,Solar,2026-07-13T04:57:06Z
2026-07-13T04:56:31Z,2026-07-13T06:56:31+0200,46fca521-fea0-4798-9f2d-95ad89ae35bc,2026-07-05T14:00:00Z,2026-07-05T16:00:00+0200,11786.96,MW,FR,FR,actual_solar_generation,Solar,2026-07-13T04:57:06Z
2026-07-13T04:56:31Z,2026-07-13T06:56:31+0200,46fca521-fea0-4798-9f2d-95ad89ae35bc,2026-07-05T14:15:00Z,2026-07-05T16:15:00+0200,11814.68,MW,FR,FR,actual_solar_generation,Solar,2026-07-13T04:57:06Z
2026-07-13T04:56:31Z,2026-07-13T06:56:31+0200,46fca521-fea0-4798-9f2d-95ad89ae35bc,2026-07-05T14:30:00Z,2026-07-05T16:30:00+0200,12290.7,MW,FR,FR,actual_solar_generation,Solar,2026-07-13T04:57:06Z
2026-07-13T04:56:31Z,2026-07-13T06:56:31+0200,46fca521-fea0-4798-9f2d-95ad89ae35bc,2026-07-05T14:45:00Z,2026-07-05T16:45:00+0200,12291.18,MW,FR,FR,actual_solar_generation,Solar,2026-07-13T04:57:06Z
2026-07-13T04:56:31Z,2026-07-13T06:56:31+0200,46fca521-fea0-4798-9f2d-95ad89ae35bc,2026-07-05T15:00:00Z,2026-07-05T17:00:00+0200,12576.06,MW,FR,FR,actual_solar_generation,Solar,2026-07-13T04:57:06Z
2026-07-13T04:56:31Z,2026-07-13T06:56:31+0200,46fca521-fea0-4798-9f2d-95ad89ae35bc,2026-07-05T15:15:00Z,2026-07-05T17:15:00+0200,12212.79,MW,FR,FR,actual_solar_generation,Solar,2026-07-13T04:57:06Z
2026-07-13T04:56:31Z,2026-07-13T06:56:31+0200,46fca521-fea0-4798-9f2d-95ad89ae35bc,2026-07-05T15:30:00Z,2026-07-05T17:30:00+0200,11575.46,MW,FR,FR,actual_solar_generation,Solar,2026-07-13T04:57:06Z
2026-07-13T04:56:31Z,2026-07-13T06:56:31+0200,46fca521-fea0-4798-9f2d-95ad89ae35bc,2026-07-05T15:45:00Z,2026-07-05T17:45:00+0200,10844.87,MW,FR,FR,actual_solar_generation,Solar,2026-07-13T04:57:06Z
2026-07-13T04:56:31Z,2026-07-13T06:56:31+0200,46fca521-fea0-4798-9f2d-95ad89ae35bc,2026-07-05T16:00:00Z,2026-07-05T18:00:00+0200,11731.65,MW,FR,FR,actual_solar_generation,Solar,2026-07-13T04:57:06Z
2026-07-13T04:56:31Z,2026-07-13T06:56:31+0200,46fca521-fea0-4798-9f2d-95ad89ae35bc,2026-07-05T16:15:00Z,2026-07-05T18:15:00+0200,12094.06,MW,FR,FR,actual_solar_generation,Solar,2026-07-13T04:57:06Z
2026-07-13T04:56:31Z,2026-07-13T06:56:31+0200,46fca521-fea0-4798-9f2d-95ad89ae35bc,2026-07-05T16:30:00Z,2026-07-05T18:30:00+0200,11025.54,MW,FR,FR,actual_solar_generation,Solar,2026-07-13T04:57:06Z
2026-07-13T04:56:31Z,2026-07-13T06:56:31+0200,46fca521-fea0-4798-9f2d-95ad89ae35bc,2026-07-05T16:45:00Z,2026-07-05T18:45:00+0200,9796.08,MW,FR,FR,actual_solar_generation,Solar,2026-07-13T04:57:06Z
2026-07-13T04:56:31Z,2026-07-13T06:56:31+0200,46fca521-fea0-4798-9f2d-95ad89ae35bc,2026-07-05T17:00:00Z,2026-07-05T19:00:00+0200,8498.92,MW,FR,FR,actual_solar_generation,Solar,2026-07-13T04:57:06Z
2026-07-13T04:56:31Z,2026-07-13T06:56:31+0200,46fca521-fea0-4798-9f2d-95ad89ae35bc,2026-07-05T17:15:00Z,2026-07-05T19:15:00+0200,7187.55,MW,FR,FR,actual_solar_generation,Solar,2026-07-13T04:57:06Z
2026-07-13T04:56:31Z,2026-07-13T06:56:31+0200,46fca521-fea0-4798-9f2d-95ad89ae35bc,2026-07-05T17:30:00Z,2026-07-05T19:30:00+0200,5863.07,MW,FR,FR,actual_solar_generation,Solar,2026-07-13T04:57:06Z
2026-07-13T04:56:31Z,2026-07-13T06:56:31+0200,46fca521-fea0-4798-9f2d-95ad89ae35bc,2026-07-05T17:45:00Z,2026-07-05T19:45:00+0200,4629.29,MW,FR,FR,actual_solar_generation,Solar,2026-07-13T04:57:06Z
2026-07-13T04:56:31Z,2026-07-13T06:56:31+0200,46fca521-fea0-4798-9f2d-95ad89ae35bc,2026-07-05T18:00:00Z,2026-07-05T20:00:00+0200,3527.32,MW,FR,FR,actual_solar_generation,Solar,2026-07-13T04:57:06Z
2026-07-13T04:56:31Z,2026-07-13T06:56:31+0200,46fca521-fea0-4798-9f2d-95ad89ae35bc,2026-07-05T18:15:00Z,2026-07-05T20:15:00+0200,2607.12,MW,FR,FR,actual_solar_generation,Solar,2026-07-13T04:57:06Z
2026-07-13T04:56:31Z,2026-07-13T06:56:31+0200,46fca521-fea0-4798-9f2d-95ad89ae35bc,2026-07-05T18:30:00Z,2026-07-05T20:30:00+0200,1911.99,MW,FR,FR,actual_solar_generation,Solar,2026-07-13T04:57:06Z
2026-07-13T04:56:31Z,2026-07-13T06:56:31+0200,46fca521-fea0-4798-9f2d-95ad89ae35bc,2026-07-05T18:45:00Z,2026-07-05T20:45:00+0200,1385.67,MW,FR,FR,actual_solar_generation,Solar,2026-07-13T04:57:06Z
2026-07-13T04:56:31Z,2026-07-13T06:56:31+0200,46fca521-fea0-4798-9f2d-95ad89ae35bc,2026-07-05T19:00:00Z,2026-07-05T21:00:00+0200,958.84,MW,FR,FR,actual_solar_generation,Solar,2026-07-13T04:57:06Z
2026-07-13T04:56:31Z,2026-07-13T06:56:31+0200,46fca521-fea0-4798-9f2d-95ad89ae35bc,2026-07-05T19:15:00Z,2026-07-05T21:15:00+0200,606.65,MW,FR,FR,actual_solar_generation,Solar,2026-07-13T04:57:06Z
2026-07-13T04:56:31Z,2026-07-13T06:56:31+0200,46fca521-fea0-4798-9f2d-95ad89ae35bc,2026-07-05T19:30:00Z,2026-07-05T21:30:00+0200,369.18,MW,FR,FR,actual_solar_generation,Solar,2026-07-13T04:57:06Z
2026-07-13T04:56:31Z,2026-07-13T06:56:31+0200,46fca521-fea0-4798-9f2d-95ad89ae35bc,2026-07-05T19:45:00Z,2026-07-05T21:45:00+0200,257.93,MW,FR,FR,actual_solar_generation,Solar,2026-07-13T04:57:06Z
2026-07-13T04:56:31Z,2026-07-13T06:56:31+0200,46fca521-fea0-4798-9f2d-95ad89ae35bc,2026-07-05T20:00:00Z,2026-07-05T22:00:00+0200,208.89,MW,FR,FR,actual_solar_generation,Solar,2026-07-13T04:57:06Z
2026-07-13T04:56:31Z,2026-07-13T06:56:31+0200,46fca521-fea0-4798-9f2d-95ad89ae35bc,2026-07-05T20:15:00Z,2026-07-05T22:15:00+0200,199.34,MW,FR,FR,actual_solar_generation,Solar,2026-07-13T04:57:06Z
2026-07-13T04:56:31Z,2026-07-13T06:56:31+0200,46fca521-fea0-4798-9f2d-95ad89ae35bc,2026-07-05T20:30:00Z,2026-07-05T22:30:00+0200,196.69,MW,FR,FR,actual_solar_generation,Solar,2026-07-13T04:57:06Z
2026-07-13T04:56:31Z,2026-07-13T06:56:31+0200,46fca521-fea0-4798-9f2d-95ad89ae35bc,2026-07-05T20:45:00Z,2026-07-05T22:45:00+0200,196.25,MW,FR,FR,actual_solar_generation,Solar,2026-07-13T04:57:06Z
2026-07-13T04:56:31Z,2026-07-13T06:56:31+0200,46fca521-fea0-4798-9f2d-95ad89ae35bc,2026-07-05T21:00:00Z,2026-07-05T23:00:00+0200,194.46,MW,FR,FR,actual_solar_generation,Solar,2026-07-13T04:57:06Z
2026-07-13T04:56:31Z,2026-07-13T06:56:31+0200,46fca521-fea0-4798-9f2d-95ad89ae35bc,2026-07-05T21:15:00Z,2026-07-05T23:15:00+0200,194.31,MW,FR,FR,actual_solar_generation,Solar,2026-07-13T04:57:06Z
2026-07-13T04:56:31Z,2026-07-13T06:56:31+0200,46fca521-fea0-4798-9f2d-95ad89ae35bc,2026-07-05T21:30:00Z,2026-07-05T23:30:00+0200,193.63,MW,FR,FR,actual_solar_generation,Solar,2026-07-13T04:57:06Z
2026-07-13T04:56:31Z,2026-07-13T06:56:31+0200,46fca521-fea0-4798-9f2d-95ad89ae35bc,2026-07-05T21:45:00Z,2026-07-05T23:45:00+0200,194.75,MW,FR,FR,actual_solar_generation,Solar,2026-07-13T04:57:06Z
2026-07-13T04:56:31Z,2026-07-13T06:56:31+0200,46fca521-fea0-4798-9f2d-95ad89ae35bc,2026-07-05T22:00:00Z,2026-07-06T00:00:00+0200,0.0,MW,FR,FR,actual_solar_generation,Solar,2026-07-13T04:57:06Z
2026-07-13T04:56:31Z,2026-07-13T06:56:31+0200,46fca521-fea0-4798-9f2d-95ad89ae35bc,2026-07-05T22:15:00Z,2026-07-06T00:15:00+0200,0.0,MW,FR,FR,actual_solar_generation,Solar,2026-07-13T04:57:06Z
2026-07-13T04:56:31Z,2026-07-13T06:56:31+0200,46fca521-fea0-4798-9f2d-95ad89ae35bc,2026-07-05T22:30:00Z,2026-07-06T00:30:00+0200,0.0,MW,FR,FR,actual_solar_generation,Solar,2026-07-13T04:57:06Z
2026-07-13T04:56:31Z,2026-07-13T06:56:31+0200,46fca521-fea0-4798-9f2d-95ad89ae35bc,2026-07-05T22:45:00Z,2026-07-06T00:45:00+0200,0.0,MW,FR,FR,actual_solar_generation,Solar,2026-07-13T04:57:06Z
2026-07-13T04:56:31Z,2026-07-13T06:56:31+0200,46fca521-fea0-4798-9f2d-95ad89ae35bc,2026-07-05T23:00:00Z,2026-07-06T01:00:00+0200,0.0,MW,FR,FR,actual_solar_generation,Solar,2026-07-13T04:57:06Z
2026-07-13T04:56:31Z,2026-07-13T06:56:31+0200,46fca521-fea0-4798-9f2d-95ad89ae35bc,2026-07-05T23:15:00Z,2026-07-06T01:15:00+0200,0.0,MW,FR,FR,actual_solar_generation,Solar,2026-07-13T04:57:06Z
2026-07-13T04:56:31Z,2026-07-13T06:56:31+0200,46fca521-fea0-4798-9f2d-95ad89ae35bc,2026-07-05T23:30:00Z,2026-07-06T01:30:00+0200,0.0,MW,FR,FR,actual_solar_generation,Solar,2026-07-13T04:57:06Z
2026-07-13T04:56:31Z,2026-07-13T06:56:31+0200,46fca521-fea0-4798-9f2d-95ad89ae35bc,2026-07-05T23:45:00Z,2026-07-06T01:45:00+0200,0.0,MW,FR,FR,actual_solar_generation,Solar,2026-07-13T04:57:06Z
2026-07-13T04:56:31Z,2026-07-13T06:56:31+0200,46fca521-fea0-4798-9f2d-95ad89ae35bc,2026-07-06T00:00:00Z,2026-07-06T02:00:00+0200,0.0,MW,FR,FR,actual_solar_generation,Solar,2026-07-13T04:57:06Z
2026-07-13T04:56:31Z,2026-07-13T06:56:31+0200,46fca521-fea0-4798-9f2d-95ad89ae35bc,2026-07-06T00:15:00Z,2026-07-06T02:15:00+0200,0.0,MW,FR,FR,actual_solar_generation,Solar,2026-07-13T04:57:06Z
2026-07-13T04:56:31Z,2026-07-13T06:56:31+0200,46fca521-fea0-4798-9f2d-95ad89ae35bc,2026-07-06T00:30:00Z,2026-07-06T02:30:00+0200,0.0,MW,FR,FR,actual_solar_generation,Solar,2026-07-13T04:57:06Z
2026-07-13T04:56:31Z,2026-07-13T06:56:31+0200,46fca521-fea0-4798-9f2d-95ad89ae35bc,2026-07-06T00:45:00Z,2026-07-06T02:45:00+0200,0.0,MW,FR,FR,actual_solar_generation,Solar,2026-07-13T04:57:06Z
2026-07-13T04:56:31Z,2026-07-13T06:56:31+0200,46fca521-fea0-4798-9f2d-95ad89ae35bc,2026-07-06T01:00:00Z,2026-07-06T03:00:00+0200,0.0,MW,FR,FR,actual_solar_generation,Solar,2026-07-13T04:57:06Z
2026-07-13T04:56:31Z,2026-07-13T06:56:31+0200,46fca521-fea0-4798-9f2d-95ad89ae35bc,2026-07-06T01:15:00Z,2026-07-06T03:15:00+0200,0.0,MW,FR,FR,actual_solar_generation,Solar,2026-07-13T04:57:06Z
2026-07-13T04:56:31Z,2026-07-13T06:56:31+0200,46fca521-fea0-4798-9f2d-95ad89ae35bc,2026-07-06T01:30:00Z,2026-07-06T03:30:00+0200,0.0,MW,FR,FR,actual_solar_generation,Solar,2026-07-13T04:57:06Z
2026-07-13T04:56:31Z,2026-07-13T06:56:31+0200,46fca521-fea0-4798-9f2d-95ad89ae35bc,2026-07-06T01:45:00Z,2026-07-06T03:45:00+0200,0.0,MW,FR,FR,actual_solar_generation,Solar,2026-07-13T04:57:06Z
2026-07-13T04:56:31Z,2026-07-13T06:56:31+0200,46fca521-fea0-4798-9f2d-95ad89ae35bc,2026-07-06T02:00:00Z,2026-07-06T04:00:00+0200,0.0,MW,FR,FR,actual_solar_generation,Solar,2026-07-13T04:57:06Z
2026-07-13T04:56:31Z,2026-07-13T06:56:31+0200,46fca521-fea0-4798-9f2d-95ad89ae35bc,2026-07-06T02:15:00Z,2026-07-06T04:15:00+0200,0.0,MW,FR,FR,actual_solar_generation,Solar,2026-07-13T04:57:06Z
2026-07-13T04:56:31Z,2026-07-13T06:56:31+0200,46fca521-fea0-4798-9f2d-95ad89ae35bc,2026-07-06T02:30:00Z,2026-07-06T04:30:00+0200,0.0,MW,FR,FR,actual_solar_generation,Solar,2026-07-13T04:57:06Z
2026-07-13T04:56:31Z,2026-07-13T06:56:31+0200,46fca521-fea0-4798-9f2d-95ad89ae35bc,2026-07-06T02:45:00Z,2026-07-06T04:45:00+0200,0.0,MW,FR,FR,actual_solar_generation,Solar,2026-07-13T04:57:06Z
2026-07-13T04:56:31Z,2026-07-13T06:56:31+0200,46fca521-fea0-4798-9f2d-95ad89ae35bc,2026-07-06T03:00:00Z,2026-07-06T05:00:00+0200,189.6,MW,FR,FR,actual_solar_generation,Solar,2026-07-13T04:57:06Z
2026-07-13T04:56:31Z,2026-07-13T06:56:31+0200,46fca521-fea0-4798-9f2d-95ad89ae35bc,2026-07-06T03:15:00Z,2026-07-06T05:15:00+0200,189.9,MW,FR,FR,actual_solar_generation,Solar,2026-07-13T04:57:06Z
2026-07-13T04:56:31Z,2026-07-13T06:56:31+0200,46fca521-fea0-4798-9f2d-95ad89ae35bc,2026-07-06T03:30:00Z,2026-07-06T05:30:00+0200,194.33,MW,FR,FR,actual_solar_generation,Solar,2026-07-13T04:57:06Z
2026-07-13T04:56:31Z,2026-07-13T06:56:31+0200,46fca521-fea0-4798-9f2d-95ad89ae35bc,2026-07-06T03:45:00Z,2026-07-06T05:45:00+0200,217.23,MW,FR,FR,actual_solar_generation,Solar,2026-07-13T04:57:06Z
2026-07-13T04:56:31Z,2026-07-13T06:56:31+0200,46fca521-fea0-4798-9f2d-95ad89ae35bc,2026-07-06T04:00:00Z,2026-07-06T06:00:00+0200,273.69,MW,FR,FR,actual_solar_generation,Solar,2026-07-13T04:57:06Z
2026-07-13T04:56:31Z,2026-07-13T06:56:31+0200,46fca521-fea0-4798-9f2d-95ad89ae35bc,2026-07-06T04:15:00Z,2026-07-06T06:15:00+0200,357.68,MW,FR,FR,actual_solar_generation,Solar,2026-07-13T04:57:06Z
2026-07-13T04:56:31Z,2026-07-13T06:56:31+0200,46fca521-fea0-4798-9f2d-95ad89ae35bc,2026-07-06T04:30:00Z,2026-07-06T06:30:00+0200,523.05,MW,FR,FR,actual_solar_generation,Solar,2026-07-13T04:57:06Z
2026-07-13T04:56:31Z,2026-07-13T06:56:31+0200,46fca521-fea0-4798-9f2d-95ad89ae35bc,2026-07-06T04:45:00Z,2026-07-06T06:45:00+0200,829.97,MW,FR,FR,actual_solar_generation,Solar,2026-07-13T04:57:06Z
2026-07-13T04:56:31Z,2026-07-13T06:56:31+0200,46fca521-fea0-4798-9f2d-95ad89ae35bc,2026-07-06T05:00:00Z,2026-07-06T07:00:00+0200,1228.83,MW,FR,FR,actual_solar_generation,Solar,2026-07-13T04:57:06Z
2026-07-13T04:56:31Z,2026-07-13T06:56:31+0200,46fca521-fea0-4798-9f2d-95ad89ae35bc,2026-07-06T05:15:00Z,2026-07-06T07:15:00+0200,1762.92,MW,FR,FR,actual_solar_generation,Solar,2026-07-13T04:57:06Z
2026-07-13T04:56:31Z,2026-07-13T06:56:31+0200,46fca521-fea0-4798-9f2d-95ad89ae35bc,2026-07-06T05:30:00Z,2026-07-06T07:30:00+0200,2484.01,MW,FR,FR,actual_solar_generation,Solar,2026-07-13T04:57:06Z
2026-07-13T04:56:31Z,2026-07-13T06:56:31+0200,46fca521-fea0-4798-9f2d-95ad89ae35bc,2026-07-06T05:45:00Z,2026-07-06T07:45:00+0200,3311.01,MW,FR,FR,actual_solar_generation,Solar,2026-07-13T04:57:06Z
2026-07-13T04:56:31Z,2026-07-13T06:56:31+0200,46fca521-fea0-4798-9f2d-95ad89ae35bc,2026-07-06T06:00:00Z,2026-07-06T08:00:00+0200,4310.34,MW,FR,FR,actual_solar_generation,Solar,2026-07-13T04:57:06Z
2026-07-13T04:56:31Z,2026-07-13T06:56:31+0200,46fca521-fea0-4798-9f2d-95ad89ae35bc,2026-07-06T06:15:00Z,2026-07-06T08:15:00+0200,5527.33,MW,FR,FR,actual_solar_generation,Solar,2026-07-13T04:57:06Z
2026-07-13T04:56:31Z,2026-07-13T06:56:31+0200,46fca521-fea0-4798-9f2d-95ad89ae35bc,2026-07-06T06:30:00Z,2026-07-06T08:30:00+0200,6876.17,MW,FR,FR,actual_solar_generation,Solar,2026-07-13T04:57:06Z
2026-07-13T04:56:31Z,2026-07-13T06:56:31+0200,46fca521-fea0-4798-9f2d-95ad89ae35bc,2026-07-06T06:45:00Z,2026-07-06T08:45:00+0200,8212.92,MW,FR,FR,actual_solar_generation,Solar,2026-07-13T04:57:06Z
2026-07-13T04:56:31Z,2026-07-13T06:56:31+0200,46fca521-fea0-4798-9f2d-95ad89ae35bc,2026-07-06T07:00:00Z,2026-07-06T09:00:00+0200,9581.2,MW,FR,FR,actual_solar_generation,Solar,2026-07-13T04:57:06Z
2026-07-13T04:56:31Z,2026-07-13T06:56:31+0200,46fca521-fea0-4798-9f2d-95ad89ae35bc,2026-07-06T07:15:00Z,2026-07-06T09:15:00+0200,11014.2,MW,FR,FR,actual_solar_generation,Solar,2026-07-13T04:57:06Z
2026-07-13T04:56:31Z,2026-07-13T06:56:31+0200,46fca521-fea0-4798-9f2d-95ad89ae35bc,2026-07-06T07:30:00Z,2026-07-06T09:30:00+0200,12283.35,MW,FR,FR,actual_solar_generation,Solar,2026-07-13T04:57:06Z
2026-07-13T04:56:31Z,2026-07-13T06:56:31+0200,46fca521-fea0-4798-9f2d-95ad89ae35bc,2026-07-06T07:45:00Z,2026-07-06T09:45:00+0200,13559.37,MW,FR,FR,actual_solar_generation,Solar,2026-07-13T04:57:06Z
2026-07-13T04:56:31Z,2026-07-13T06:56:31+0200,46fca521-fea0-4798-9f2d-95ad89ae35bc,2026-07-06T08:00:00Z,2026-07-06T10:00:00+0200,14709.67,MW,FR,FR,actual_solar_generation,Solar,2026-07-13T04:57:06Z
2026-07-13T04:56:31Z,2026-07-13T06:56:31+0200,46fca521-fea0-4798-9f2d-95ad89ae35bc,2026-07-06T08:15:00Z,2026-07-06T10:15:00+0200,15921.84,MW,FR,FR,actual_solar_generation,Solar,2026-07-13T04:57:06Z
2026-07-13T04:56:31Z,2026-07-13T06:56:31+0200,46fca521-fea0-4798-9f2d-95ad89ae35bc,2026-07-06T08:30:00Z,2026-07-06T10:30:00+0200,16879.82,MW,FR,FR,actual_solar_generation,Solar,2026-07-13T04:57:06Z
2026-07-13T04:56:31Z,2026-07-13T06:56:31+0200,46fca521-fea0-4798-9f2d-95ad89ae35bc,2026-07-06T08:45:00Z,2026-07-06T10:45:00+0200,17792.49,MW,FR,FR,actual_solar_generation,Solar,2026-07-13T04:57:06Z
2026-07-13T04:56:31Z,2026-07-13T06:56:31+0200,46fca521-fea0-4798-9f2d-95ad89ae35bc,2026-07-06T09:00:00Z,2026-07-06T11:00:00+0200,18683.04,MW,FR,FR,actual_solar_generation,Solar,2026-07-13T04:57:06Z
2026-07-13T04:56:31Z,2026-07-13T06:56:31+0200,46fca521-fea0-4798-9f2d-95ad89ae35bc,2026-07-06T09:15:00Z,2026-07-06T11:15:00+0200,19332.01,MW,FR,FR,actual_solar_generation,Solar,2026-07-13T04:57:06Z
2026-07-13T04:56:31Z,2026-07-13T06:56:31+0200,46fca521-fea0-4798-9f2d-95ad89ae35bc,2026-07-06T09:30:00Z,2026-07-06T11:30:00+0200,19925.88,MW,FR,FR,actual_solar_generation,Solar,2026-07-13T04:57:06Z
2026-07-13T04:56:31Z,2026-07-13T06:56:31+0200,46fca521-fea0-4798-9f2d-95ad89ae35bc,2026-07-06T09:45:00Z,2026-07-06T11:45:00+0200,20428.0,MW,FR,FR,actual_solar_generation,Solar,2026-07-13T04:57:06Z
2026-07-13T04:56:31Z,2026-07-13T06:56:31+0200,46fca521-fea0-4798-9f2d-95ad89ae35bc,2026-07-06T10:00:00Z,2026-07-06T12:00:00+0200,20826.74,MW,FR,FR,actual_solar_generation,Solar,2026-07-13T04:57:06Z
2026-07-13T04:56:31Z,2026-07-13T06:56:31+0200,46fca521-fea0-4798-9f2d-95ad89ae35bc,2026-07-06T10:15:00Z,2026-07-06T12:15:00+0200,21170.48,MW,FR,FR,actual_solar_generation,Solar,2026-07-13T04:57:06Z
2026-07-13T04:56:31Z,2026-07-13T06:56:31+0200,46fca521-fea0-4798-9f2d-95ad89ae35bc,2026-07-06T10:30:00Z,2026-07-06T12:30:00+0200,21471.71,MW,FR,FR,actual_solar_generation,Solar,2026-07-13T04:57:06Z
2026-07-13T04:56:31Z,2026-07-13T06:56:31+0200,46fca521-fea0-4798-9f2d-95ad89ae35bc,2026-07-06T10:45:00Z,2026-07-06T12:45:00+0200,21688.22,MW,FR,FR,actual_solar_generation,Solar,2026-07-13T04:57:06Z
2026-07-13T04:56:31Z,2026-07-13T06:56:31+0200,46fca521-fea0-4798-9f2d-95ad89ae35bc,2026-07-06T11:00:00Z,2026-07-06T13:00:00+0200,21787.76,MW,FR,FR,actual_solar_generation,Solar,2026-07-13T04:57:06Z
2026-07-13T04:56:31Z,2026-07-13T06:56:31+0200,46fca521-fea0-4798-9f2d-95ad89ae35bc,2026-07-06T11:15:00Z,2026-07-06T13:15:00+0200,21842.69,MW,FR,FR,actual_solar_generation,Solar,2026-07-13T04:57:06Z
2026-07-13T04:56:31Z,2026-07-13T06:56:31+0200,46fca521-fea0-4798-9f2d-95ad89ae35bc,2026-07-06T11:30:00Z,2026-07-06T13:30:00+0200,21830.93,MW,FR,FR,actual_solar_generation,Solar,2026-07-13T04:57:06Z
2026-07-13T04:56:31Z,2026-07-13T06:56:31+0200,46fca521-fea0-4798-9f2d-95ad89ae35bc,2026-07-06T11:45:00Z,2026-07-06T13:45:00+0200,21843.83,MW,FR,FR,actual_solar_generation,Solar,2026-07-13T04:57:06Z
2026-07-13T04:56:31Z,2026-07-13T06:56:31+0200,46fca521-fea0-4798-9f2d-95ad89ae35bc,2026-07-06T12:00:00Z,2026-07-06T14:00:00+0200,21655.98,MW,FR,FR,actual_solar_generation,Solar,2026-07-13T04:57:06Z
2026-07-13T04:56:31Z,2026-07-13T06:56:31+0200,46fca521-fea0-4798-9f2d-95ad89ae35bc,2026-07-06T12:15:00Z,2026-07-06T14:15:00+0200,21603.0,MW,FR,FR,actual_solar_generation,Solar,2026-07-13T04:57:06Z
2026-07-13T04:56:31Z,2026-07-13T06:56:31+0200,46fca521-fea0-4798-9f2d-95ad89ae35bc,2026-07-06T12:30:00Z,2026-07-06T14:30:00+0200,21505.43,MW,FR,FR,actual_solar_generation,Solar,2026-07-13T04:57:06Z
2026-07-13T04:56:31Z,2026-07-13T06:56:31+0200,46fca521-fea0-4798-9f2d-95ad89ae35bc,2026-07-06T12:45:00Z,2026-07-06T14:45:00+0200,21374.81,MW,FR,FR,actual_solar_generation,Solar,2026-07-13T04:57:06Z
2026-07-13T04:56:31Z,2026-07-13T06:56:31+0200,46fca521-fea0-4798-9f2d-95ad89ae35bc,2026-07-06T13:00:00Z,2026-07-06T15:00:00+0200,21218.9,MW,FR,FR,actual_solar_generation,Solar,2026-07-13T04:57:06Z
2026-07-13T04:56:31Z,2026-07-13T06:56:31+0200,46fca521-fea0-4798-9f2d-95ad89ae35bc,2026-07-06T13:15:00Z,2026-07-06T15:15:00+0200,20991.88,MW,FR,FR,actual_solar_generation,Solar,2026-07-13T04:57:06Z
2026-07-13T04:56:31Z,2026-07-13T06:56:31+0200,46fca521-fea0-4798-9f2d-95ad89ae35bc,2026-07-06T13:30:00Z,2026-07-06T15:30:00+0200,20675.91,MW,FR,FR,actual_solar_generation,Solar,2026-07-13T04:57:06Z
2026-07-13T04:56:31Z,2026-07-13T06:56:31+0200,46fca521-fea0-4798-9f2d-95ad89ae35bc,2026-07-06T13:45:00Z,2026-07-06T15:45:00+0200,20250.25,MW,FR,FR,actual_solar_generation,Solar,2026-07-13T04:57:06Z
2026-07-13T04:56:31Z,2026-07-13T06:56:31+0200,46fca521-fea0-4798-9f2d-95ad89ae35bc,2026-07-06T14:00:00Z,2026-07-06T16:00:00+0200,19808.38,MW,FR,FR,actual_solar_generation,Solar,2026-07-13T04:57:06Z
2026-07-13T04:56:31Z,2026-07-13T06:56:31+0200,46fca521-fea0-4798-9f2d-95ad89ae35bc,2026-07-06T14:15:00Z,2026-07-06T16:15:00+0200,19316.72,MW,FR,FR,actual_solar_generation,Solar,2026-07-13T04:57:06Z
2026-07-13T04:56:31Z,2026-07-13T06:56:31+0200,46fca521-fea0-4798-9f2d-95ad89ae35bc,2026-07-06T14:30:00Z,2026-07-06T16:30:00+0200,18758.65,MW,FR,FR,actual_solar_generation,Solar,2026-07-13T04:57:06Z
2026-07-13T04:56:31Z,2026-07-13T06:56:31+0200,46fca521-fea0-4798-9f2d-95ad89ae35bc,2026-07-06T14:45:00Z,2026-07-06T16:45:00+0200,18088.48,MW,FR,FR,actual_solar_generation,Solar,2026-07-13T04:57:06Z
2026-07-13T04:56:31Z,2026-07-13T06:56:31+0200,46fca521-fea0-4798-9f2d-95ad89ae35bc,2026-07-06T15:00:00Z,2026-07-06T17:00:00+0200,17326.76,MW,FR,FR,actual_solar_generation,Solar,2026-07-13T04:57:06Z
2026-07-13T04:56:31Z,2026-07-13T06:56:31+0200,46fca521-fea0-4798-9f2d-95ad89ae35bc,2026-07-06T15:15:00Z,2026-07-06T17:15:00+0200,16461.67,MW,FR,FR,actual_solar_generation,Solar,2026-07-13T04:57:06Z
2026-07-13T04:56:31Z,2026-07-13T06:56:31+0200,46fca521-fea0-4798-9f2d-95ad89ae35bc,2026-07-06T15:30:00Z,2026-07-06T17:30:00+0200,15594.7,MW,FR,FR,actual_solar_generation,Solar,2026-07-13T04:57:06Z
2026-07-13T04:56:31Z,2026-07-13T06:56:31+0200,46fca521-fea0-4798-9f2d-95ad89ae35bc,2026-07-06T15:45:00Z,2026-07-06T17:45:00+0200,14535.62,MW,FR,FR,actual_solar_generation,Solar,2026-07-13T04:57:06Z
2026-07-13T04:56:31Z,2026-07-13T06:56:31+0200,46fca521-fea0-4798-9f2d-95ad89ae35bc,2026-07-06T16:00:00Z,2026-07-06T18:00:00+0200,13486.44,MW,FR,FR,actual_solar_generation,Solar,2026-07-13T04:57:06Z
2026-07-13T04:56:31Z,2026-07-13T06:56:31+0200,46fca521-fea0-4798-9f2d-95ad89ae35bc,2026-07-06T16:15:00Z,2026-07-06T18:15:00+0200,12335.49,MW,FR,FR,actual_solar_generation,Solar,2026-07-13T04:57:06Z
2026-07-13T04:56:31Z,2026-07-13T06:56:31+0200,46fca521-fea0-4798-9f2d-95ad89ae35bc,2026-07-06T16:30:00Z,2026-07-06T18:30:00+0200,11170.72,MW,FR,FR,actual_solar_generation,Solar,2026-07-13T04:57:06Z
2026-07-13T04:56:31Z,2026-07-13T06:56:31+0200,46fca521-fea0-4798-9f2d-95ad89ae35bc,2026-07-06T16:45:00Z,2026-07-06T18:45:00+0200,9973.71,MW,FR,FR,actual_solar_generation,Solar,2026-07-13T04:57:06Z
2026-07-13T04:56:31Z,2026-07-13T06:56:31+0200,46fca521-fea0-4798-9f2d-95ad89ae35bc,2026-07-06T17:00:00Z,2026-07-06T19:00:00+0200,8637.35,MW,FR,FR,actual_solar_generation,Solar,2026-07-13T04:57:06Z
2026-07-13T04:56:31Z,2026-07-13T06:56:31+0200,46fca521-fea0-4798-9f2d-95ad89ae35bc,2026-07-06T17:15:00Z,2026-07-06T19:15:00+0200,7284.25,MW,FR,FR,actual_solar_generation,Solar,2026-07-13T04:57:06Z
2026-07-13T04:56:31Z,2026-07-13T06:56:31+0200,46fca521-fea0-4798-9f2d-95ad89ae35bc,2026-07-06T17:30:00Z,2026-07-06T19:30:00+0200,5958.15,MW,FR,FR,actual_solar_generation,Solar,2026-07-13T04:57:06Z
2026-07-13T04:56:31Z,2026-07-13T06:56:31+0200,46fca521-fea0-4798-9f2d-95ad89ae35bc,2026-07-06T17:45:00Z,2026-07-06T19:45:00+0200,4706.44,MW,FR,FR,actual_solar_generation,Solar,2026-07-13T04:57:06Z
2026-07-13T04:56:31Z,2026-07-13T06:56:31+0200,46fca521-fea0-4798-9f2d-95ad89ae35bc,2026-07-06T18:00:00Z,2026-07-06T20:00:00+0200,3583.01,MW,FR,FR,actual_solar_generation,Solar,2026-07-13T04:57:06Z
2026-07-13T04:56:31Z,2026-07-13T06:56:31+0200,46fca521-fea0-4798-9f2d-95ad89ae35bc,2026-07-06T18:15:00Z,2026-07-06T20:15:00+0200,2649.96,MW,FR,FR,actual_solar_generation,Solar,2026-07-13T04:57:06Z
2026-07-13T04:56:31Z,2026-07-13T06:56:31+0200,46fca521-fea0-4798-9f2d-95ad89ae35bc,2026-07-06T18:30:00Z,2026-07-06T20:30:00+0200,1941.26,MW,FR,FR,actual_solar_generation,Solar,2026-07-13T04:57:06Z
2026-07-13T04:56:31Z,2026-07-13T06:56:31+0200,46fca521-fea0-4798-9f2d-95ad89ae35bc,2026-07-06T18:45:00Z,2026-07-06T20:45:00+0200,1417.23,MW,FR,FR,actual_solar_generation,Solar,2026-07-13T04:57:06Z
2026-07-13T04:56:31Z,2026-07-13T06:56:31+0200,46fca521-fea0-4798-9f2d-95ad89ae35bc,2026-07-06T19:00:00Z,2026-07-06T21:00:00+0200,985.97,MW,FR,FR,actual_solar_generation,Solar,2026-07-13T04:57:06Z
2026-07-13T04:56:31Z,2026-07-13T06:56:31+0200,46fca521-fea0-4798-9f2d-95ad89ae35bc,2026-07-06T19:15:00Z,2026-07-06T21:15:00+0200,613.22,MW,FR,FR,actual_solar_generation,Solar,2026-07-13T04:57:06Z
2026-07-13T04:56:31Z,2026-07-13T06:56:31+0200,46fca521-fea0-4798-9f2d-95ad89ae35bc,2026-07-06T19:30:00Z,2026-07-06T21:30:00+0200,365.06,MW,FR,FR,actual_solar_generation,Solar,2026-07-13T04:57:06Z
2026-07-13T04:56:31Z,2026-07-13T06:56:31+0200,46fca521-fea0-4798-9f2d-95ad89ae35bc,2026-07-06T19:45:00Z,2026-07-06T21:45:00+0200,255.37,MW,FR,FR,actual_solar_generation,Solar,2026-07-13T04:57:06Z
2026-07-13T04:56:31Z,2026-07-13T06:56:31+0200,46fca521-fea0-4798-9f2d-95ad89ae35bc,2026-07-06T20:00:00Z,2026-07-06T22:00:00+0200,206.3,MW,FR,FR,actual_solar_generation,Solar,2026-07-13T04:57:06Z
2026-07-13T04:56:31Z,2026-07-13T06:56:31+0200,46fca521-fea0-4798-9f2d-95ad89ae35bc,2026-07-06T20:15:00Z,2026-07-06T22:15:00+0200,195.13,MW,FR,FR,actual_solar_generation,Solar,2026-07-13T04:57:06Z
2026-07-13T04:56:31Z,2026-07-13T06:56:31+0200,46fca521-fea0-4798-9f2d-95ad89ae35bc,2026-07-06T20:30:00Z,2026-07-06T22:30:00+0200,197.06,MW,FR,FR,actual_solar_generation,Solar,2026-07-13T04:57:06Z
2026-07-13T04:56:31Z,2026-07-13T06:56:31+0200,46fca521-fea0-4798-9f2d-95ad89ae35bc,2026-07-06T20:45:00Z,2026-07-06T22:45:00+0200,198.82,MW,FR,FR,actual_solar_generation,Solar,2026-07-13T04:57:06Z
2026-07-13T04:56:31Z,2026-07-13T06:56:31+0200,46fca521-fea0-4798-9f2d-95ad89ae35bc,2026-07-06T21:00:00Z,2026-07-06T23:00:00+0200,197.09,MW,FR,FR,actual_solar_generation,Solar,2026-07-13T04:57:06Z
2026-07-13T04:56:31Z,2026-07-13T06:56:31+0200,46fca521-fea0-4798-9f2d-95ad89ae35bc,2026-07-06T21:15:00Z,2026-07-06T23:15:00+0200,193.46,MW,FR,FR,actual_solar_generation,Solar,2026-07-13T04:57:06Z
2026-07-13T04:56:31Z,2026-07-13T06:56:31+0200,46fca521-fea0-4798-9f2d-95ad89ae35bc,2026-07-06T21:30:00Z,2026-07-06T23:30:00+0200,197.69,MW,FR,FR,actual_solar_generation,Solar,2026-07-13T04:57:06Z
2026-07-13T04:56:31Z,2026-07-13T06:56:31+0200,46fca521-fea0-4798-9f2d-95ad89ae35bc,2026-07-06T21:45:00Z,2026-07-06T23:45:00+0200,193.79,MW,FR,FR,actual_solar_generation,Solar,2026-07-13T04:57:06Z
2026-07-13T04:56:31Z,2026-07-13T06:56:31+0200,46fca521-fea0-4798-9f2d-95ad89ae35bc,2026-07-06T22:00:00Z,2026-07-07T00:00:00+0200,0.0,MW,FR,FR,actual_solar_generation,Solar,2026-07-13T04:57:06Z
2026-07-13T04:56:31Z,2026-07-13T06:56:31+0200,46fca521-fea0-4798-9f2d-95ad89ae35bc,2026-07-06T22:15:00Z,2026-07-07T00:15:00+0200,0.0,MW,FR,FR,actual_solar_generation,Solar,2026-07-13T04:57:06Z
2026-07-13T04:56:31Z,2026-07-13T06:56:31+0200,46fca521-fea0-4798-9f2d-95ad89ae35bc,2026-07-06T22:30:00Z,2026-07-07T00:30:00+0200,0.0,MW,FR,FR,actual_solar_generation,Solar,2026-07-13T04:57:06Z
2026-07-13T04:56:31Z,2026-07-13T06:56:31+0200,46fca521-fea0-4798-9f2d-95ad89ae35bc,2026-07-06T22:45:00Z,2026-07-07T00:45:00+0200,0.0,MW,FR,FR,actual_solar_generation,Solar,2026-07-13T04:57:06Z
2026-07-13T04:56:31Z,2026-07-13T06:56:31+0200,46fca521-fea0-4798-9f2d-95ad89ae35bc,2026-07-06T23:00:00Z,2026-07-07T01:00:00+0200,0.0,MW,FR,FR,actual_solar_generation,Solar,2026-07-13T04:57:06Z
2026-07-13T04:56:31Z,2026-07-13T06:56:31+0200,46fca521-fea0-4798-9f2d-95ad89ae35bc,2026-07-06T23:15:00Z,2026-07-07T01:15:00+0200,0.0,MW,FR,FR,actual_solar_generation,Solar,2026-07-13T04:57:06Z
2026-07-13T04:56:31Z,2026-07-13T06:56:31+0200,46fca521-fea0-4798-9f2d-95ad89ae35bc,2026-07-06T23:30:00Z,2026-07-07T01:30:00+0200,0.0,MW,FR,FR,actual_solar_generation,Solar,2026-07-13T04:57:06Z
2026-07-13T04:56:31Z,2026-07-13T06:56:31+0200,46fca521-fea0-4798-9f2d-95ad89ae35bc,2026-07-06T23:45:00Z,2026-07-07T01:45:00+0200,0.0,MW,FR,FR,actual_solar_generation,Solar,2026-07-13T04:57:06Z
2026-07-13T04:56:31Z,2026-07-13T06:56:31+0200,46fca521-fea0-4798-9f2d-95ad89ae35bc,2026-07-07T00:00:00Z,2026-07-07T02:00:00+0200,0.0,MW,FR,FR,actual_solar_generation,Solar,2026-07-13T04:57:06Z
2026-07-13T04:56:31Z,2026-07-13T06:56:31+0200,46fca521-fea0-4798-9f2d-95ad89ae35bc,2026-07-07T00:15:00Z,2026-07-07T02:15:00+0200,0.0,MW,FR,FR,actual_solar_generation,Solar,2026-07-13T04:57:06Z
2026-07-13T04:56:31Z,2026-07-13T06:56:31+0200,46fca521-fea0-4798-9f2d-95ad89ae35bc,2026-07-07T00:30:00Z,2026-07-07T02:30:00+0200,0.0,MW,FR,FR,actual_solar_generation,Solar,2026-07-13T04:57:06Z
2026-07-13T04:56:31Z,2026-07-13T06:56:31+0200,46fca521-fea0-4798-9f2d-95ad89ae35bc,2026-07-07T00:45:00Z,2026-07-07T02:45:00+0200,0.0,MW,FR,FR,actual_solar_generation,Solar,2026-07-13T04:57:06Z
2026-07-13T04:56:31Z,2026-07-13T06:56:31+0200,46fca521-fea0-4798-9f2d-95ad89ae35bc,2026-07-07T01:00:00Z,2026-07-07T03:00:00+0200,0.0,MW,FR,FR,actual_solar_generation,Solar,2026-07-13T04:57:06Z
2026-07-13T04:56:31Z,2026-07-13T06:56:31+0200,46fca521-fea0-4798-9f2d-95ad89ae35bc,2026-07-07T01:15:00Z,2026-07-07T03:15:00+0200,0.0,MW,FR,FR,actual_solar_generation,Solar,2026-07-13T04:57:06Z
2026-07-13T04:56:31Z,2026-07-13T06:56:31+0200,46fca521-fea0-4798-9f2d-95ad89ae35bc,2026-07-07T01:30:00Z,2026-07-07T03:30:00+0200,0.0,MW,FR,FR,actual_solar_generation,Solar,2026-07-13T04:57:06Z
2026-07-13T04:56:31Z,2026-07-13T06:56:31+0200,46fca521-fea0-4798-9f2d-95ad89ae35bc,2026-07-07T01:45:00Z,2026-07-07T03:45:00+0200,0.0,MW,FR,FR,actual_solar_generation,Solar,2026-07-13T04:57:06Z
2026-07-13T04:56:31Z,2026-07-13T06:56:31+0200,46fca521-fea0-4798-9f2d-95ad89ae35bc,2026-07-07T02:00:00Z,2026-07-07T04:00:00+0200,0.0,MW,FR,FR,actual_solar_generation,Solar,2026-07-13T04:57:06Z
2026-07-13T04:56:31Z,2026-07-13T06:56:31+0200,46fca521-fea0-4798-9f2d-95ad89ae35bc,2026-07-07T02:15:00Z,2026-07-07T04:15:00+0200,0.0,MW,FR,FR,actual_solar_generation,Solar,2026-07-13T04:57:06Z
2026-07-13T04:56:31Z,2026-07-13T06:56:31+0200,46fca521-fea0-4798-9f2d-95ad89ae35bc,2026-07-07T02:30:00Z,2026-07-07T04:30:00+0200,0.0,MW,FR,FR,actual_solar_generation,Solar,2026-07-13T04:57:06Z
2026-07-13T04:56:31Z,2026-07-13T06:56:31+0200,46fca521-fea0-4798-9f2d-95ad89ae35bc,2026-07-07T02:45:00Z,2026-07-07T04:45:00+0200,0.0,MW,FR,FR,actual_solar_generation,Solar,2026-07-13T04:57:06Z
2026-07-13T04:56:31Z,2026-07-13T06:56:31+0200,46fca521-fea0-4798-9f2d-95ad89ae35bc,2026-07-07T03:00:00Z,2026-07-07T05:00:00+0200,194.11,MW,FR,FR,actual_solar_generation,Solar,2026-07-13T04:57:06Z
2026-07-13T04:56:31Z,2026-07-13T06:56:31+0200,46fca521-fea0-4798-9f2d-95ad89ae35bc,2026-07-07T03:15:00Z,2026-07-07T05:15:00+0200,190.23,MW,FR,FR,actual_solar_generation,Solar,2026-07-13T04:57:06Z
2026-07-13T04:56:31Z,2026-07-13T06:56:31+0200,46fca521-fea0-4798-9f2d-95ad89ae35bc,2026-07-07T03:30:00Z,2026-07-07T05:30:00+0200,193.39,MW,FR,FR,actual_solar_generation,Solar,2026-07-13T04:57:06Z
2026-07-13T04:56:31Z,2026-07-13T06:56:31+0200,46fca521-fea0-4798-9f2d-95ad89ae35bc,2026-07-07T03:45:00Z,2026-07-07T05:45:00+0200,216.13,MW,FR,FR,actual_solar_generation,Solar,2026-07-13T04:57:06Z
2026-07-13T04:56:31Z,2026-07-13T06:56:31+0200,46fca521-fea0-4798-9f2d-95ad89ae35bc,2026-07-07T04:00:00Z,2026-07-07T06:00:00+0200,273.79,MW,FR,FR,actual_solar_generation,Solar,2026-07-13T04:57:06Z
2026-07-13T04:56:31Z,2026-07-13T06:56:31+0200,46fca521-fea0-4798-9f2d-95ad89ae35bc,2026-07-07T04:15:00Z,2026-07-07T06:15:00+0200,358.84,MW,FR,FR,actual_solar_generation,Solar,2026-07-13T04:57:06Z
2026-07-13T04:56:31Z,2026-07-13T06:56:31+0200,46fca521-fea0-4798-9f2d-95ad89ae35bc,2026-07-07T04:30:00Z,2026-07-07T06:30:00+0200,511.29,MW,FR,FR,actual_solar_generation,Solar,2026-07-13T04:57:06Z
2026-07-13T04:56:31Z,2026-07-13T06:56:31+0200,46fca521-fea0-4798-9f2d-95ad89ae35bc,2026-07-07T04:45:00Z,2026-07-07T06:45:00+0200,798.35,MW,FR,FR,actual_solar_generation,Solar,2026-07-13T04:57:06Z
2026-07-13T04:56:31Z,2026-07-13T06:56:31+0200,46fca521-fea0-4798-9f2d-95ad89ae35bc,2026-07-07T05:00:00Z,2026-07-07T07:00:00+0200,1197.37,MW,FR,FR,actual_solar_generation,Solar,2026-07-13T04:57:06Z
2026-07-13T04:56:31Z,2026-07-13T06:56:31+0200,46fca521-fea0-4798-9f2d-95ad89ae35bc,2026-07-07T05:15:00Z,2026-07-07T07:15:00+0200,1720.37,MW,FR,FR,actual_solar_generation,Solar,2026-07-13T04:57:06Z
2026-07-13T04:56:31Z,2026-07-13T06:56:31+0200,46fca521-fea0-4798-9f2d-95ad89ae35bc,2026-07-07T05:30:00Z,2026-07-07T07:30:00+0200,2431.12,MW,FR,FR,actual_solar_generation,Solar,2026-07-13T04:57:06Z
2026-07-13T04:56:31Z,2026-07-13T06:56:31+0200,46fca521-fea0-4798-9f2d-95ad89ae35bc,2026-07-07T05:45:00Z,2026-07-07T07:45:00+0200,3309.04,MW,FR,FR,actual_solar_generation,Solar,2026-07-13T04:57:06Z
2026-07-13T04:56:31Z,2026-07-13T06:56:31+0200,46fca521-fea0-4798-9f2d-95ad89ae35bc,2026-07-07T06:00:00Z,2026-07-07T08:00:00+0200,4244.15,MW,FR,FR,actual_solar_generation,Solar,2026-07-13T04:57:06Z
2026-07-13T04:56:31Z,2026-07-13T06:56:31+0200,46fca521-fea0-4798-9f2d-95ad89ae35bc,2026-07-07T06:15:00Z,2026-07-07T08:15:00+0200,5399.73,MW,FR,FR,actual_solar_generation,Solar,2026-07-13T04:57:06Z
2026-07-13T04:56:31Z,2026-07-13T06:56:31+0200,46fca521-fea0-4798-9f2d-95ad89ae35bc,2026-07-07T06:30:00Z,2026-07-07T08:30:00+0200,6657.04,MW,FR,FR,actual_solar_generation,Solar,2026-07-13T04:57:06Z
2026-07-13T04:56:31Z,2026-07-13T06:56:31+0200,46fca521-fea0-4798-9f2d-95ad89ae35bc,2026-07-07T06:45:00Z,2026-07-07T08:45:00+0200,7975.28,MW,FR,FR,actual_solar_generation,Solar,2026-07-13T04:57:06Z
2026-07-13T04:56:31Z,2026-07-13T06:56:31+0200,46fca521-fea0-4798-9f2d-95ad89ae35bc,2026-07-07T07:00:00Z,2026-07-07T09:00:00+0200,9237.46,MW,FR,FR,actual_solar_generation,Solar,2026-07-13T04:57:06Z
2026-07-13T04:56:31Z,2026-07-13T06:56:31+0200,46fca521-fea0-4798-9f2d-95ad89ae35bc,2026-07-07T07:15:00Z,2026-07-07T09:15:00+0200,10640.24,MW,FR,FR,actual_solar_generation,Solar,2026-07-13T04:57:06Z
2026-07-13T04:56:31Z,2026-07-13T06:56:31+0200,46fca521-fea0-4798-9f2d-95ad89ae35bc,2026-07-07T07:30:00Z,2026-07-07T09:30:00+0200,11919.04,MW,FR,FR,actual_solar_generation,Solar,2026-07-13T04:57:06Z
2026-07-13T04:56:31Z,2026-07-13T06:56:31+0200,46fca521-fea0-4798-9f2d-95ad89ae35bc,2026-07-07T07:45:00Z,2026-07-07T09:45:00+0200,13216.46,MW,FR,FR,actual_solar_generation,Solar,2026-07-13T04:57:06Z
2026-07-13T04:56:31Z,2026-07-13T06:56:31+0200,46fca521-fea0-4798-9f2d-95ad89ae35bc,2026-07-07T08:00:00Z,2026-07-07T10:00:00+0200,14309.9,MW,FR,FR,actual_solar_generation,Solar,2026-07-13T04:57:06Z
2026-07-13T04:56:31Z,2026-07-13T06:56:31+0200,46fca521-fea0-4798-9f2d-95ad89ae35bc,2026-07-07T08:15:00Z,2026-07-07T10:15:00+0200,15383.82,MW,FR,FR,actual_solar_generation,Solar,2026-07-13T04:57:06Z
2026-07-13T04:56:31Z,2026-07-13T06:56:31+0200,46fca521-fea0-4798-9f2d-95ad89ae35bc,2026-07-07T08:30:00Z,2026-07-07T10:30:00+0200,16386.69,MW,FR,FR,actual_solar_generation,Solar,2026-07-13T04:57:06Z
2026-07-13T04:56:31Z,2026-07-13T06:56:31+0200,46fca521-fea0-4798-9f2d-95ad89ae35bc,2026-07-07T08:45:00Z,2026-07-07T10:45:00+0200,17195.28,MW,FR,FR,actual_solar_generation,Solar,2026-07-13T04:57:06Z
2026-07-13T04:56:31Z,2026-07-13T06:56:31+0200,46fca521-fea0-4798-9f2d-95ad89ae35bc,2026-07-07T09:00:00Z,2026-07-07T11:00:00+0200,17968.86,MW,FR,FR,actual_solar_generation,Solar,2026-07-13T04:57:06Z
2026-07-13T04:56:31Z,2026-07-13T06:56:31+0200,46fca521-fea0-4798-9f2d-95ad89ae35bc,2026-07-07T09:15:00Z,2026-07-07T11:15:00+0200,18666.09,MW,FR,FR,actual_solar_generation,Solar,2026-07-13T04:57:06Z
2026-07-13T04:56:31Z,2026-07-13T06:56:31+0200,46fca521-fea0-4798-9f2d-95ad89ae35bc,2026-07-07T09:30:00Z,2026-07-07T11:30:00+0200,17659.49,MW,FR,FR,actual_solar_generation,Solar,2026-07-13T04:57:06Z
2026-07-13T04:56:31Z,2026-07-13T06:56:31+0200,46fca521-fea0-4798-9f2d-95ad89ae35bc,2026-07-07T09:45:00Z,2026-07-07T11:45:00+0200,15280.38,MW,FR,FR,actual_solar_generation,Solar,2026-07-13T04:57:06Z
2026-07-13T04:56:31Z,2026-07-13T06:56:31+0200,46fca521-fea0-4798-9f2d-95ad89ae35bc,2026-07-07T10:00:00Z,2026-07-07T12:00:00+0200,17952.07,MW,FR,FR,actual_solar_generation,Solar,2026-07-13T04:57:06Z
2026-07-13T04:56:31Z,2026-07-13T06:56:31+0200,46fca521-fea0-4798-9f2d-95ad89ae35bc,2026-07-07T10:15:00Z,2026-07-07T12:15:00+0200,20404.76,MW,FR,FR,actual_solar_generation,Solar,2026-07-13T04:57:06Z
2026-07-13T04:56:31Z,2026-07-13T06:56:31+0200,46fca521-fea0-4798-9f2d-95ad89ae35bc,2026-07-07T10:30:00Z,2026-07-07T12:30:00+0200,20643.94,MW,FR,FR,actual_solar_generation,Solar,2026-07-13T04:57:06Z
2026-07-13T04:56:31Z,2026-07-13T06:56:31+0200,46fca521-fea0-4798-9f2d-95ad89ae35bc,2026-07-07T10:45:00Z,2026-07-07T12:45:00+0200,20792.92,MW,FR,FR,actual_solar_generation,Solar,2026-07-13T04:57:06Z
2026-07-13T04:56:31Z,2026-07-13T06:56:31+0200,46fca521-fea0-4798-9f2d-95ad89ae35bc,2026-07-07T11:00:00Z,2026-07-07T13:00:00+0200,19030.45,MW,FR,FR,actual_solar_generation,Solar,2026-07-13T04:57:06Z
2026-07-13T04:56:31Z,2026-07-13T06:56:31+0200,46fca521-fea0-4798-9f2d-95ad89ae35bc,2026-07-07T11:15:00Z,2026-07-07T13:15:00+0200,16544.49,MW,FR,FR,actual_solar_generation,Solar,2026-07-13T04:57:06Z
2026-07-13T04:56:31Z,2026-07-13T06:56:31+0200,46fca521-fea0-4798-9f2d-95ad89ae35bc,2026-07-07T11:30:00Z,2026-07-07T13:30:00+0200,17301.18,MW,FR,FR,actual_solar_generation,Solar,2026-07-13T04:57:06Z
2026-07-13T04:56:31Z,2026-07-13T06:56:31+0200,46fca521-fea0-4798-9f2d-95ad89ae35bc,2026-07-07T11:45:00Z,2026-07-07T13:45:00+0200,17319.74,MW,FR,FR,actual_solar_generation,Solar,2026-07-13T04:57:06Z
2026-07-13T04:56:31Z,2026-07-13T06:56:31+0200,46fca521-fea0-4798-9f2d-95ad89ae35bc,2026-07-07T12:00:00Z,2026-07-07T14:00:00+0200,19554.57,MW,FR,FR,actual_solar_generation,Solar,2026-07-13T04:57:06Z
2026-07-13T04:56:31Z,2026-07-13T06:56:31+0200,46fca521-fea0-4798-9f2d-95ad89ae35bc,2026-07-07T12:15:00Z,2026-07-07T14:15:00+0200,20944.9,MW,FR,FR,actual_solar_generation,Solar,2026-07-13T04:57:06Z
2026-07-13T04:56:31Z,2026-07-13T06:56:31+0200,46fca521-fea0-4798-9f2d-95ad89ae35bc,2026-07-07T12:30:00Z,2026-07-07T14:30:00+0200,20332.92,MW,FR,FR,actual_solar_generation,Solar,2026-07-13T04:57:06Z
2026-07-13T04:56:31Z,2026-07-13T06:56:31+0200,46fca521-fea0-4798-9f2d-95ad89ae35bc,2026-07-07T12:45:00Z,2026-07-07T14:45:00+0200,18578.84,MW,FR,FR,actual_solar_generation,Solar,2026-07-13T04:57:06Z
2026-07-13T04:56:31Z,2026-07-13T06:56:31+0200,46fca521-fea0-4798-9f2d-95ad89ae35bc,2026-07-07T13:00:00Z,2026-07-07T15:00:00+0200,15809.32,MW,FR,FR,actual_solar_generation,Solar,2026-07-13T04:57:06Z
2026-07-13T04:56:31Z,2026-07-13T06:56:31+0200,46fca521-fea0-4798-9f2d-95ad89ae35bc,2026-07-07T13:15:00Z,2026-07-07T15:15:00+0200,16679.76,MW,FR,FR,actual_solar_generation,Solar,2026-07-13T04:57:06Z
2026-07-13T04:56:31Z,2026-07-13T06:56:31+0200,46fca521-fea0-4798-9f2d-95ad89ae35bc,2026-07-07T13:30:00Z,2026-07-07T15:30:00+0200,18594.41,MW,FR,FR,actual_solar_generation,Solar,2026-07-13T04:57:06Z
2026-07-13T04:56:31Z,2026-07-13T06:56:31+0200,46fca521-fea0-4798-9f2d-95ad89ae35bc,2026-07-07T13:45:00Z,2026-07-07T15:45:00+0200,17499.04,MW,FR,FR,actual_solar_generation,Solar,2026-07-13T04:57:06Z
2026-07-13T04:56:31Z,2026-07-13T06:56:31+0200,46fca521-fea0-4798-9f2d-95ad89ae35bc,2026-07-07T14:00:00Z,2026-07-07T16:00:00+0200,14416.6,MW,FR,FR,actual_solar_generation,Solar,2026-07-13T04:57:06Z
2026-07-13T04:56:31Z,2026-07-13T06:56:31+0200,46fca521-fea0-4798-9f2d-95ad89ae35bc,2026-07-07T14:15:00Z,2026-07-07T16:15:00+0200,15347.0,MW,FR,FR,actual_solar_generation,Solar,2026-07-13T04:57:06Z
2026-07-13T04:56:31Z,2026-07-13T06:56:31+0200,46fca521-fea0-4798-9f2d-95ad89ae35bc,2026-07-07T14:30:00Z,2026-07-07T16:30:00+0200,15049.67,MW,FR,FR,actual_solar_generation,Solar,2026-07-13T04:57:06Z
2026-07-13T04:56:31Z,2026-07-13T06:56:31+0200,46fca521-fea0-4798-9f2d-95ad89ae35bc,2026-07-07T14:45:00Z,2026-07-07T16:45:00+0200,14461.6,MW,FR,FR,actual_solar_generation,Solar,2026-07-13T04:57:06Z
2026-07-13T04:56:31Z,2026-07-13T06:56:31+0200,46fca521-fea0-4798-9f2d-95ad89ae35bc,2026-07-07T15:00:00Z,2026-07-07T17:00:00+0200,14370.05,MW,FR,FR,actual_solar_generation,Solar,2026-07-13T04:57:06Z
2026-07-13T04:56:31Z,2026-07-13T06:56:31+0200,46fca521-fea0-4798-9f2d-95ad89ae35bc,2026-07-07T15:15:00Z,2026-07-07T17:15:00+0200,13463.84,MW,FR,FR,actual_solar_generation,Solar,2026-07-13T04:57:06Z
2026-07-13T04:56:31Z,2026-07-13T06:56:31+0200,46fca521-fea0-4798-9f2d-95ad89ae35bc,2026-07-07T15:30:00Z,2026-07-07T17:30:00+0200,14374.93,MW,FR,FR,actual_solar_generation,Solar,2026-07-13T04:57:06Z
2026-07-13T04:56:31Z,2026-07-13T06:56:31+0200,46fca521-fea0-4798-9f2d-95ad89ae35bc,2026-07-07T15:45:00Z,2026-07-07T17:45:00+0200,13706.11,MW,FR,FR,actual_solar_generation,Solar,2026-07-13T04:57:06Z
2026-07-13T04:56:31Z,2026-07-13T06:56:31+0200,46fca521-fea0-4798-9f2d-95ad89ae35bc,2026-07-07T16:00:00Z,2026-07-07T18:00:00+0200,12510.09,MW,FR,FR,actual_solar_generation,Solar,2026-07-13T04:57:06Z
2026-07-13T04:56:31Z,2026-07-13T06:56:31+0200,46fca521-fea0-4798-9f2d-95ad89ae35bc,2026-07-07T16:15:00Z,2026-07-07T18:15:00+0200,11436.29,MW,FR,FR,actual_solar_generation,Solar,2026-07-13T04:57:06Z
2026-07-13T04:56:31Z,2026-07-13T06:56:31+0200,46fca521-fea0-4798-9f2d-95ad89ae35bc,2026-07-07T16:30:00Z,2026-07-07T18:30:00+0200,10346.75,MW,FR,FR,actual_solar_generation,Solar,2026-07-13T04:57:06Z
2026-07-13T04:56:31Z,2026-07-13T06:56:31+0200,46fca521-fea0-4798-9f2d-95ad89ae35bc,2026-07-07T16:45:00Z,2026-07-07T18:45:00+0200,9194.1,MW,FR,FR,actual_solar_generation,Solar,2026-07-13T04:57:06Z
2026-07-13T04:56:31Z,2026-07-13T06:56:31+0200,46fca521-fea0-4798-9f2d-95ad89ae35bc,2026-07-07T17:00:00Z,2026-07-07T19:00:00+0200,7944.17,MW,FR,FR,actual_solar_generation,Solar,2026-07-13T04:57:06Z
2026-07-13T04:56:31Z,2026-07-13T06:56:31+0200,46fca521-fea0-4798-9f2d-95ad89ae35bc,2026-07-07T17:15:00Z,2026-07-07T19:15:00+0200,6752.93,MW,FR,FR,actual_solar_generation,Solar,2026-07-13T04:57:06Z
2026-07-13T04:56:31Z,2026-07-13T06:56:31+0200,46fca521-fea0-4798-9f2d-95ad89ae35bc,2026-07-07T17:30:00Z,2026-07-07T19:30:00+0200,5530.2,MW,FR,FR,actual_solar_generation,Solar,2026-07-13T04:57:06Z
2026-07-13T04:56:31Z,2026-07-13T06:56:31+0200,46fca521-fea0-4798-9f2d-95ad89ae35bc,2026-07-07T17:45:00Z,2026-07-07T19:45:00+0200,4401.57,MW,FR,FR,actual_solar_generation,Solar,2026-07-13T04:57:06Z
2026-07-13T04:56:31Z,2026-07-13T06:56:31+0200,46fca521-fea0-4798-9f2d-95ad89ae35bc,2026-07-07T18:00:00Z,2026-07-07T20:00:00+0200,3400.15,MW,FR,FR,actual_solar_generation,Solar,2026-07-13T04:57:06Z
2026-07-13T04:56:31Z,2026-07-13T06:56:31+0200,46fca521-fea0-4798-9f2d-95ad89ae35bc,2026-07-07T18:15:00Z,2026-07-07T20:15:00+0200,2556.14,MW,FR,FR,actual_solar_generation,Solar,2026-07-13T04:57:06Z
2026-07-13T04:56:31Z,2026-07-13T06:56:31+0200,46fca521-fea0-4798-9f2d-95ad89ae35bc,2026-07-07T18:30:00Z,2026-07-07T20:30:00+0200,1891.28,MW,FR,FR,actual_solar_generation,Solar,2026-07-13T04:57:06Z
2026-07-13T04:56:31Z,2026-07-13T06:56:31+0200,46fca521-fea0-4798-9f2d-95ad89ae35bc,2026-07-07T18:45:00Z,2026-07-07T20:45:00+0200,1366.26,MW,FR,FR,actual_solar_generation,Solar,2026-07-13T04:57:06Z
2026-07-13T04:56:31Z,2026-07-13T06:56:31+0200,46fca521-fea0-4798-9f2d-95ad89ae35bc,2026-07-07T19:00:00Z,2026-07-07T21:00:00+0200,943.55,MW,FR,FR,actual_solar_generation,Solar,2026-07-13T04:57:06Z
2026-07-13T04:56:31Z,2026-07-13T06:56:31+0200,46fca521-fea0-4798-9f2d-95ad89ae35bc,2026-07-07T19:15:00Z,2026-07-07T21:15:00+0200,597.45,MW,FR,FR,actual_solar_generation,Solar,2026-07-13T04:57:06Z
2026-07-13T04:56:31Z,2026-07-13T06:56:31+0200,46fca521-fea0-4798-9f2d-95ad89ae35bc,2026-07-07T19:30:00Z,2026-07-07T21:30:00+0200,363.75,MW,FR,FR,actual_solar_generation,Solar,2026-07-13T04:57:06Z
2026-07-13T04:56:31Z,2026-07-13T06:56:31+0200,46fca521-fea0-4798-9f2d-95ad89ae35bc,2026-07-07T19:45:00Z,2026-07-07T21:45:00+0200,265.61,MW,FR,FR,actual_solar_generation,Solar,2026-07-13T04:57:06Z
2026-07-13T04:56:31Z,2026-07-13T06:56:31+0200,46fca521-fea0-4798-9f2d-95ad89ae35bc,2026-07-07T20:00:00Z,2026-07-07T22:00:00+0200,217.94,MW,FR,FR,actual_solar_generation,Solar,2026-07-13T04:57:06Z
2026-07-13T04:56:31Z,2026-07-13T06:56:31+0200,46fca521-fea0-4798-9f2d-95ad89ae35bc,2026-07-07T20:15:00Z,2026-07-07T22:15:00+0200,207.95,MW,FR,FR,actual_solar_generation,Solar,2026-07-13T04:57:06Z
2026-07-13T04:56:31Z,2026-07-13T06:56:31+0200,46fca521-fea0-4798-9f2d-95ad89ae35bc,2026-07-07T20:30:00Z,2026-07-07T22:30:00+0200,208.07,MW,FR,FR,actual_solar_generation,Solar,2026-07-13T04:57:06Z
2026-07-13T04:56:31Z,2026-07-13T06:56:31+0200,46fca521-fea0-4798-9f2d-95ad89ae35bc,2026-07-07T20:45:00Z,2026-07-07T22:45:00+0200,204.79,MW,FR,FR,actual_solar_generation,Solar,2026-07-13T04:57:06Z
2026-07-13T04:56:31Z,2026-07-13T06:56:31+0200,46fca521-fea0-4798-9f2d-95ad89ae35bc,2026-07-07T21:00:00Z,2026-07-07T23:00:00+0200,195.13,MW,FR,FR,actual_solar_generation,Solar,2026-07-13T04:57:06Z
2026-07-13T04:56:31Z,2026-07-13T06:56:31+0200,46fca521-fea0-4798-9f2d-95ad89ae35bc,2026-07-07T21:15:00Z,2026-07-07T23:15:00+0200,193.22,MW,FR,FR,actual_solar_generation,Solar,2026-07-13T04:57:06Z
2026-07-13T04:56:31Z,2026-07-13T06:56:31+0200,46fca521-fea0-4798-9f2d-95ad89ae35bc,2026-07-07T21:30:00Z,2026-07-07T23:30:00+0200,193.48,MW,FR,FR,actual_solar_generation,Solar,2026-07-13T04:57:06Z
2026-07-13T04:56:31Z,2026-07-13T06:56:31+0200,46fca521-fea0-4798-9f2d-95ad89ae35bc,2026-07-07T21:45:00Z,2026-07-07T23:45:00+0200,192.15,MW,FR,FR,actual_solar_generation,Solar,2026-07-13T04:57:06Z
2026-07-13T04:56:31Z,2026-07-13T06:56:31+0200,46fca521-fea0-4798-9f2d-95ad89ae35bc,2026-07-07T22:00:00Z,2026-07-08T00:00:00+0200,0.0,MW,FR,FR,actual_solar_generation,Solar,2026-07-13T04:57:06Z
2026-07-13T04:56:31Z,2026-07-13T06:56:31+0200,46fca521-fea0-4798-9f2d-95ad89ae35bc,2026-07-07T22:15:00Z,2026-07-08T00:15:00+0200,0.0,MW,FR,FR,actual_solar_generation,Solar,2026-07-13T04:57:06Z
2026-07-13T04:56:31Z,2026-07-13T06:56:31+0200,46fca521-fea0-4798-9f2d-95ad89ae35bc,2026-07-07T22:30:00Z,2026-07-08T00:30:00+0200,0.0,MW,FR,FR,actual_solar_generation,Solar,2026-07-13T04:57:06Z
2026-07-13T04:56:31Z,2026-07-13T06:56:31+0200,46fca521-fea0-4798-9f2d-95ad89ae35bc,2026-07-07T22:45:00Z,2026-07-08T00:45:00+0200,0.0,MW,FR,FR,actual_solar_generation,Solar,2026-07-13T04:57:06Z
2026-07-13T04:56:31Z,2026-07-13T06:56:31+0200,46fca521-fea0-4798-9f2d-95ad89ae35bc,2026-07-07T23:00:00Z,2026-07-08T01:00:00+0200,0.0,MW,FR,FR,actual_solar_generation,Solar,2026-07-13T04:57:06Z
2026-07-13T04:56:31Z,2026-07-13T06:56:31+0200,46fca521-fea0-4798-9f2d-95ad89ae35bc,2026-07-07T23:15:00Z,2026-07-08T01:15:00+0200,0.0,MW,FR,FR,actual_solar_generation,Solar,2026-07-13T04:57:06Z
2026-07-13T04:56:31Z,2026-07-13T06:56:31+0200,46fca521-fea0-4798-9f2d-95ad89ae35bc,2026-07-07T23:30:00Z,2026-07-08T01:30:00+0200,0.0,MW,FR,FR,actual_solar_generation,Solar,2026-07-13T04:57:06Z
2026-07-13T04:56:31Z,2026-07-13T06:56:31+0200,46fca521-fea0-4798-9f2d-95ad89ae35bc,2026-07-07T23:45:00Z,2026-07-08T01:45:00+0200,0.0,MW,FR,FR,actual_solar_generation,Solar,2026-07-13T04:57:06Z
2026-07-13T04:56:31Z,2026-07-13T06:56:31+0200,46fca521-fea0-4798-9f2d-95ad89ae35bc,2026-07-08T00:00:00Z,2026-07-08T02:00:00+0200,0.0,MW,FR,FR,actual_solar_generation,Solar,2026-07-13T04:57:06Z
2026-07-13T04:56:31Z,2026-07-13T06:56:31+0200,46fca521-fea0-4798-9f2d-95ad89ae35bc,2026-07-08T00:15:00Z,2026-07-08T02:15:00+0200,0.0,MW,FR,FR,actual_solar_generation,Solar,2026-07-13T04:57:06Z
2026-07-13T04:56:31Z,2026-07-13T06:56:31+0200,46fca521-fea0-4798-9f2d-95ad89ae35bc,2026-07-08T00:30:00Z,2026-07-08T02:30:00+0200,0.0,MW,FR,FR,actual_solar_generation,Solar,2026-07-13T04:57:06Z
2026-07-13T04:56:31Z,2026-07-13T06:56:31+0200,46fca521-fea0-4798-9f2d-95ad89ae35bc,2026-07-08T00:45:00Z,2026-07-08T02:45:00+0200,0.0,MW,FR,FR,actual_solar_generation,Solar,2026-07-13T04:57:06Z
2026-07-13T04:56:31Z,2026-07-13T06:56:31+0200,46fca521-fea0-4798-9f2d-95ad89ae35bc,2026-07-08T01:00:00Z,2026-07-08T03:00:00+0200,0.0,MW,FR,FR,actual_solar_generation,Solar,2026-07-13T04:57:06Z
2026-07-13T04:56:31Z,2026-07-13T06:56:31+0200,46fca521-fea0-4798-9f2d-95ad89ae35bc,2026-07-08T01:15:00Z,2026-07-08T03:15:00+0200,0.0,MW,FR,FR,actual_solar_generation,Solar,2026-07-13T04:57:06Z
2026-07-13T04:56:31Z,2026-07-13T06:56:31+0200,46fca521-fea0-4798-9f2d-95ad89ae35bc,2026-07-08T01:30:00Z,2026-07-08T03:30:00+0200,0.0,MW,FR,FR,actual_solar_generation,Solar,2026-07-13T04:57:06Z
2026-07-13T04:56:31Z,2026-07-13T06:56:31+0200,46fca521-fea0-4798-9f2d-95ad89ae35bc,2026-07-08T01:45:00Z,2026-07-08T03:45:00+0200,0.0,MW,FR,FR,actual_solar_generation,Solar,2026-07-13T04:57:06Z
2026-07-13T04:56:31Z,2026-07-13T06:56:31+0200,46fca521-fea0-4798-9f2d-95ad89ae35bc,2026-07-08T02:00:00Z,2026-07-08T04:00:00+0200,0.0,MW,FR,FR,actual_solar_generation,Solar,2026-07-13T04:57:06Z
2026-07-13T04:56:31Z,2026-07-13T06:56:31+0200,46fca521-fea0-4798-9f2d-95ad89ae35bc,2026-07-08T02:15:00Z,2026-07-08T04:15:00+0200,0.0,MW,FR,FR,actual_solar_generation,Solar,2026-07-13T04:57:06Z
2026-07-13T04:56:31Z,2026-07-13T06:56:31+0200,46fca521-fea0-4798-9f2d-95ad89ae35bc,2026-07-08T02:30:00Z,2026-07-08T04:30:00+0200,0.0,MW,FR,FR,actual_solar_generation,Solar,2026-07-13T04:57:06Z
2026-07-13T04:56:31Z,2026-07-13T06:56:31+0200,46fca521-fea0-4798-9f2d-95ad89ae35bc,2026-07-08T02:45:00Z,2026-07-08T04:45:00+0200,0.0,MW,FR,FR,actual_solar_generation,Solar,2026-07-13T04:57:06Z
2026-07-13T04:56:31Z,2026-07-13T06:56:31+0200,46fca521-fea0-4798-9f2d-95ad89ae35bc,2026-07-08T03:00:00Z,2026-07-08T05:00:00+0200,194.08,MW,FR,FR,actual_solar_generation,Solar,2026-07-13T04:57:06Z
2026-07-13T04:56:31Z,2026-07-13T06:56:31+0200,46fca521-fea0-4798-9f2d-95ad89ae35bc,2026-07-08T03:15:00Z,2026-07-08T05:15:00+0200,193.89,MW,FR,FR,actual_solar_generation,Solar,2026-07-13T04:57:06Z
2026-07-13T04:56:31Z,2026-07-13T06:56:31+0200,46fca521-fea0-4798-9f2d-95ad89ae35bc,2026-07-08T03:30:00Z,2026-07-08T05:30:00+0200,195.28,MW,FR,FR,actual_solar_generation,Solar,2026-07-13T04:57:06Z
2026-07-13T04:56:31Z,2026-07-13T06:56:31+0200,46fca521-fea0-4798-9f2d-95ad89ae35bc,2026-07-08T03:45:00Z,2026-07-08T05:45:00+0200,217.65,MW,FR,FR,actual_solar_generation,Solar,2026-07-13T04:57:06Z
2026-07-13T04:56:31Z,2026-07-13T06:56:31+0200,46fca521-fea0-4798-9f2d-95ad89ae35bc,2026-07-08T04:00:00Z,2026-07-08T06:00:00+0200,265.91,MW,FR,FR,actual_solar_generation,Solar,2026-07-13T04:57:06Z
2026-07-13T04:56:31Z,2026-07-13T06:56:31+0200,46fca521-fea0-4798-9f2d-95ad89ae35bc,2026-07-08T04:15:00Z,2026-07-08T06:15:00+0200,344.4,MW,FR,FR,actual_solar_generation,Solar,2026-07-13T04:57:06Z
2026-07-13T04:56:31Z,2026-07-13T06:56:31+0200,46fca521-fea0-4798-9f2d-95ad89ae35bc,2026-07-08T04:30:00Z,2026-07-08T06:30:00+0200,493.28,MW,FR,FR,actual_solar_generation,Solar,2026-07-13T04:57:06Z
2026-07-13T04:56:31Z,2026-07-13T06:56:31+0200,46fca521-fea0-4798-9f2d-95ad89ae35bc,2026-07-08T04:45:00Z,2026-07-08T06:45:00+0200,778.78,MW,FR,FR,actual_solar_generation,Solar,2026-07-13T04:57:06Z
2026-07-13T04:56:31Z,2026-07-13T06:56:31+0200,46fca521-fea0-4798-9f2d-95ad89ae35bc,2026-07-08T05:00:00Z,2026-07-08T07:00:00+0200,1164.44,MW,FR,FR,actual_solar_generation,Solar,2026-07-13T04:57:06Z
2026-07-13T04:56:31Z,2026-07-13T06:56:31+0200,46fca521-fea0-4798-9f2d-95ad89ae35bc,2026-07-08T05:15:00Z,2026-07-08T07:15:00+0200,1659.11,MW,FR,FR,actual_solar_generation,Solar,2026-07-13T04:57:06Z
2026-07-13T04:56:31Z,2026-07-13T06:56:31+0200,46fca521-fea0-4798-9f2d-95ad89ae35bc,2026-07-08T05:30:00Z,2026-07-08T07:30:00+0200,2329.33,MW,FR,FR,actual_solar_generation,Solar,2026-07-13T04:57:06Z
2026-07-13T04:56:31Z,2026-07-13T06:56:31+0200,46fca521-fea0-4798-9f2d-95ad89ae35bc,2026-07-08T05:45:00Z,2026-07-08T07:45:00+0200,3127.59,MW,FR,FR,actual_solar_generation,Solar,2026-07-13T04:57:06Z
2026-07-13T04:56:31Z,2026-07-13T06:56:31+0200,46fca521-fea0-4798-9f2d-95ad89ae35bc,2026-07-08T06:00:00Z,2026-07-08T08:00:00+0200,4004.1,MW,FR,FR,actual_solar_generation,Solar,2026-07-13T04:57:06Z
2026-07-13T04:56:31Z,2026-07-13T06:56:31+0200,46fca521-fea0-4798-9f2d-95ad89ae35bc,2026-07-08T06:15:00Z,2026-07-08T08:15:00+0200,5114.31,MW,FR,FR,actual_solar_generation,Solar,2026-07-13T04:57:06Z
2026-07-13T04:56:31Z,2026-07-13T06:56:31+0200,46fca521-fea0-4798-9f2d-95ad89ae35bc,2026-07-08T06:30:00Z,2026-07-08T08:30:00+0200,6325.66,MW,FR,FR,actual_solar_generation,Solar,2026-07-13T04:57:06Z
2026-07-13T04:56:31Z,2026-07-13T06:56:31+0200,46fca521-fea0-4798-9f2d-95ad89ae35bc,2026-07-08T06:45:00Z,2026-07-08T08:45:00+0200,7564.77,MW,FR,FR,actual_solar_generation,Solar,2026-07-13T04:57:06Z
2026-07-13T04:56:31Z,2026-07-13T06:56:31+0200,46fca521-fea0-4798-9f2d-95ad89ae35bc,2026-07-08T07:00:00Z,2026-07-08T09:00:00+0200,8792.18,MW,FR,FR,actual_solar_generation,Solar,2026-07-13T04:57:06Z
2026-07-13T04:56:31Z,2026-07-13T06:56:31+0200,46fca521-fea0-4798-9f2d-95ad89ae35bc,2026-07-08T07:15:00Z,2026-07-08T09:15:00+0200,10108.17,MW,FR,FR,actual_solar_generation,Solar,2026-07-13T04:57:06Z
2026-07-13T04:56:31Z,2026-07-13T06:56:31+0200,46fca521-fea0-4798-9f2d-95ad89ae35bc,2026-07-08T07:30:00Z,2026-07-08T09:30:00+0200,11263.24,MW,FR,FR,actual_solar_generation,Solar,2026-07-13T04:57:06Z
2026-07-13T04:56:31Z,2026-07-13T06:56:31+0200,46fca521-fea0-4798-9f2d-95ad89ae35bc,2026-07-08T07:45:00Z,2026-07-08T09:45:00+0200,12611.74,MW,FR,FR,actual_solar_generation,Solar,2026-07-13T04:57:06Z
2026-07-13T04:56:31Z,2026-07-13T06:56:31+0200,46fca521-fea0-4798-9f2d-95ad89ae35bc,2026-07-08T08:00:00Z,2026-07-08T10:00:00+0200,13854.65,MW,FR,FR,actual_solar_generation,Solar,2026-07-13T04:57:06Z
2026-07-13T04:56:31Z,2026-07-13T06:56:31+0200,46fca521-fea0-4798-9f2d-95ad89ae35bc,2026-07-08T08:15:00Z,2026-07-08T10:15:00+0200,15002.56,MW,FR,FR,actual_solar_generation,Solar,2026-07-13T04:57:06Z
2026-07-13T04:56:31Z,2026-07-13T06:56:31+0200,46fca521-fea0-4798-9f2d-95ad89ae35bc,2026-07-08T08:30:00Z,2026-07-08T10:30:00+0200,15923.6,MW,FR,FR,actual_solar_generation,Solar,2026-07-13T04:57:06Z
2026-07-13T04:56:31Z,2026-07-13T06:56:31+0200,46fca521-fea0-4798-9f2d-95ad89ae35bc,2026-07-08T08:45:00Z,2026-07-08T10:45:00+0200,16842.49,MW,FR,FR,actual_solar_generation,Solar,2026-07-13T04:57:06Z
2026-07-13T04:56:31Z,2026-07-13T06:56:31+0200,46fca521-fea0-4798-9f2d-95ad89ae35bc,2026-07-08T09:00:00Z,2026-07-08T11:00:00+0200,17611.2,MW,FR,FR,actual_solar_generation,Solar,2026-07-13T04:57:06Z
2026-07-13T04:56:31Z,2026-07-13T06:56:31+0200,46fca521-fea0-4798-9f2d-95ad89ae35bc,2026-07-08T09:15:00Z,2026-07-08T11:15:00+0200,18428.29,MW,FR,FR,actual_solar_generation,Solar,2026-07-13T04:57:06Z
2026-07-13T04:56:31Z,2026-07-13T06:56:31+0200,46fca521-fea0-4798-9f2d-95ad89ae35bc,2026-07-08T09:30:00Z,2026-07-08T11:30:00+0200,19091.87,MW,FR,FR,actual_solar_generation,Solar,2026-07-13T04:57:06Z
2026-07-13T04:56:31Z,2026-07-13T06:56:31+0200,46fca521-fea0-4798-9f2d-95ad89ae35bc,2026-07-08T09:45:00Z,2026-07-08T11:45:00+0200,19617.44,MW,FR,FR,actual_solar_generation,Solar,2026-07-13T04:57:06Z
2026-07-13T04:56:31Z,2026-07-13T06:56:31+0200,46fca521-fea0-4798-9f2d-95ad89ae35bc,2026-07-08T10:00:00Z,2026-07-08T12:00:00+0200,20144.18,MW,FR,FR,actual_solar_generation,Solar,2026-07-13T04:57:06Z
2026-07-13T04:56:31Z,2026-07-13T06:56:31+0200,46fca521-fea0-4798-9f2d-95ad89ae35bc,2026-07-08T10:15:00Z,2026-07-08T12:15:00+0200,20549.38,MW,FR,FR,actual_solar_generation,Solar,2026-07-13T04:57:06Z
2026-07-13T04:56:31Z,2026-07-13T06:56:31+0200,46fca521-fea0-4798-9f2d-95ad89ae35bc,2026-07-08T10:30:00Z,2026-07-08T12:30:00+0200,20834.5,MW,FR,FR,actual_solar_generation,Solar,2026-07-13T04:57:06Z
2026-07-13T04:56:31Z,2026-07-13T06:56:31+0200,46fca521-fea0-4798-9f2d-95ad89ae35bc,2026-07-08T10:45:00Z,2026-07-08T12:45:00+0200,21138.32,MW,FR,FR,actual_solar_generation,Solar,2026-07-13T04:57:06Z
2026-07-13T04:56:31Z,2026-07-13T06:56:31+0200,46fca521-fea0-4798-9f2d-95ad89ae35bc,2026-07-08T11:00:00Z,2026-07-08T13:00:00+0200,21203.9,MW,FR,FR,actual_solar_generation,Solar,2026-07-13T04:57:06Z
2026-07-13T04:56:31Z,2026-07-13T06:56:31+0200,46fca521-fea0-4798-9f2d-95ad89ae35bc,2026-07-08T11:15:00Z,2026-07-08T13:15:00+0200,21313.46,MW,FR,FR,actual_solar_generation,Solar,2026-07-13T04:57:06Z
2026-07-13T04:56:31Z,2026-07-13T06:56:31+0200,46fca521-fea0-4798-9f2d-95ad89ae35bc,2026-07-08T11:30:00Z,2026-07-08T13:30:00+0200,21386.66,MW,FR,FR,actual_solar_generation,Solar,2026-07-13T04:57:06Z
2026-07-13T04:56:31Z,2026-07-13T06:56:31+0200,46fca521-fea0-4798-9f2d-95ad89ae35bc,2026-07-08T11:45:00Z,2026-07-08T13:45:00+0200,21390.04,MW,FR,FR,actual_solar_generation,Solar,2026-07-13T04:57:06Z
2026-07-13T04:56:31Z,2026-07-13T06:56:31+0200,46fca521-fea0-4798-9f2d-95ad89ae35bc,2026-07-08T12:00:00Z,2026-07-08T14:00:00+0200,21478.27,MW,FR,FR,actual_solar_generation,Solar,2026-07-13T04:57:06Z
2026-07-13T04:56:31Z,2026-07-13T06:56:31+0200,46fca521-fea0-4798-9f2d-95ad89ae35bc,2026-07-08T12:15:00Z,2026-07-08T14:15:00+0200,21088.33,MW,FR,FR,actual_solar_generation,Solar,2026-07-13T04:57:06Z
2026-07-13T04:56:31Z,2026-07-13T06:56:31+0200,46fca521-fea0-4798-9f2d-95ad89ae35bc,2026-07-08T12:30:00Z,2026-07-08T14:30:00+0200,21204.83,MW,FR,FR,actual_solar_generation,Solar,2026-07-13T04:57:06Z
2026-07-13T04:56:31Z,2026-07-13T06:56:31+0200,46fca521-fea0-4798-9f2d-95ad89ae35bc,2026-07-08T12:45:00Z,2026-07-08T14:45:00+0200,20935.28,MW,FR,FR,actual_solar_generation,Solar,2026-07-13T04:57:06Z
2026-07-13T04:56:31Z,2026-07-13T06:56:31+0200,46fca521-fea0-4798-9f2d-95ad89ae35bc,2026-07-08T13:00:00Z,2026-07-08T15:00:00+0200,20796.68,MW,FR,FR,actual_solar_generation,Solar,2026-07-13T04:57:06Z
2026-07-13T04:56:31Z,2026-07-13T06:56:31+0200,46fca521-fea0-4798-9f2d-95ad89ae35bc,2026-07-08T13:15:00Z,2026-07-08T15:15:00+0200,20494.9,MW,FR,FR,actual_solar_generation,Solar,2026-07-13T04:57:06Z
2026-07-13T04:56:31Z,2026-07-13T06:56:31+0200,46fca521-fea0-4798-9f2d-95ad89ae35bc,2026-07-08T13:30:00Z,2026-07-08T15:30:00+0200,20248.11,MW,FR,FR,actual_solar_generation,Solar,2026-07-13T04:57:06Z
2026-07-13T04:56:31Z,2026-07-13T06:56:31+0200,46fca521-fea0-4798-9f2d-95ad89ae35bc,2026-07-08T13:45:00Z,2026-07-08T15:45:00+0200,19621.74,MW,FR,FR,actual_solar_generation,Solar,2026-07-13T04:57:06Z
2026-07-13T04:56:31Z,2026-07-13T06:56:31+0200,46fca521-fea0-4798-9f2d-95ad89ae35bc,2026-07-08T14:00:00Z,2026-07-08T16:00:00+0200,19317.59,MW,FR,FR,actual_solar_generation,Solar,2026-07-13T04:57:06Z
2026-07-13T04:56:31Z,2026-07-13T06:56:31+0200,46fca521-fea0-4798-9f2d-95ad89ae35bc,2026-07-08T14:15:00Z,2026-07-08T16:15:00+0200,18790.93,MW,FR,FR,actual_solar_generation,Solar,2026-07-13T04:57:06Z
2026-07-13T04:56:31Z,2026-07-13T06:56:31+0200,46fca521-fea0-4798-9f2d-95ad89ae35bc,2026-07-08T14:30:00Z,2026-07-08T16:30:00+0200,18188.65,MW,FR,FR,actual_solar_generation,Solar,2026-07-13T04:57:06Z
2026-07-13T04:56:31Z,2026-07-13T06:56:31+0200,46fca521-fea0-4798-9f2d-95ad89ae35bc,2026-07-08T14:45:00Z,2026-07-08T16:45:00+0200,17472.88,MW,FR,FR,actual_solar_generation,Solar,2026-07-13T04:57:06Z
2026-07-13T04:56:31Z,2026-07-13T06:56:31+0200,46fca521-fea0-4798-9f2d-95ad89ae35bc,2026-07-08T15:00:00Z,2026-07-08T17:00:00+0200,16658.72,MW,FR,FR,actual_solar_generation,Solar,2026-07-13T04:57:06Z
2026-07-13T04:56:31Z,2026-07-13T06:56:31+0200,46fca521-fea0-4798-9f2d-95ad89ae35bc,2026-07-08T15:15:00Z,2026-07-08T17:15:00+0200,15844.57,MW,FR,FR,actual_solar_generation,Solar,2026-07-13T04:57:06Z
2026-07-13T04:56:31Z,2026-07-13T06:56:31+0200,46fca521-fea0-4798-9f2d-95ad89ae35bc,2026-07-08T15:30:00Z,2026-07-08T17:30:00+0200,14938.64,MW,FR,FR,actual_solar_generation,Solar,2026-07-13T04:57:06Z
2026-07-13T04:56:31Z,2026-07-13T06:56:31+0200,46fca521-fea0-4798-9f2d-95ad89ae35bc,2026-07-08T15:45:00Z,2026-07-08T17:45:00+0200,13912.78,MW,FR,FR,actual_solar_generation,Solar,2026-07-13T04:57:06Z
2026-07-13T04:56:31Z,2026-07-13T06:56:31+0200,46fca521-fea0-4798-9f2d-95ad89ae35bc,2026-07-08T16:00:00Z,2026-07-08T18:00:00+0200,12844.81,MW,FR,FR,actual_solar_generation,Solar,2026-07-13T04:57:06Z
2026-07-13T04:56:31Z,2026-07-13T06:56:31+0200,46fca521-fea0-4798-9f2d-95ad89ae35bc,2026-07-08T16:15:00Z,2026-07-08T18:15:00+0200,11720.19,MW,FR,FR,actual_solar_generation,Solar,2026-07-13T04:57:06Z
2026-07-13T04:56:31Z,2026-07-13T06:56:31+0200,46fca521-fea0-4798-9f2d-95ad89ae35bc,2026-07-08T16:30:00Z,2026-07-08T18:30:00+0200,10567.98,MW,FR,FR,actual_solar_generation,Solar,2026-07-13T04:57:06Z
2026-07-13T04:56:31Z,2026-07-13T06:56:31+0200,46fca521-fea0-4798-9f2d-95ad89ae35bc,2026-07-08T16:45:00Z,2026-07-08T18:45:00+0200,9326.05,MW,FR,FR,actual_solar_generation,Solar,2026-07-13T04:57:06Z
2026-07-13T04:56:31Z,2026-07-13T06:56:31+0200,46fca521-fea0-4798-9f2d-95ad89ae35bc,2026-07-08T17:00:00Z,2026-07-08T19:00:00+0200,8061.01,MW,FR,FR,actual_solar_generation,Solar,2026-07-13T04:57:06Z
2026-07-13T04:56:31Z,2026-07-13T06:56:31+0200,46fca521-fea0-4798-9f2d-95ad89ae35bc,2026-07-08T17:15:00Z,2026-07-08T19:15:00+0200,6784.36,MW,FR,FR,actual_solar_generation,Solar,2026-07-13T04:57:06Z
2026-07-13T04:56:31Z,2026-07-13T06:56:31+0200,46fca521-fea0-4798-9f2d-95ad89ae35bc,2026-07-08T17:30:00Z,2026-07-08T19:30:00+0200,5534.05,MW,FR,FR,actual_solar_generation,Solar,2026-07-13T04:57:06Z
2026-07-13T04:56:31Z,2026-07-13T06:56:31+0200,46fca521-fea0-4798-9f2d-95ad89ae35bc,2026-07-08T17:45:00Z,2026-07-08T19:45:00+0200,4389.64,MW,FR,FR,actual_solar_generation,Solar,2026-07-13T04:57:06Z
2026-07-13T04:56:31Z,2026-07-13T06:56:31+0200,46fca521-fea0-4798-9f2d-95ad89ae35bc,2026-07-08T18:00:00Z,2026-07-08T20:00:00+0200,3354.46,MW,FR,FR,actual_solar_generation,Solar,2026-07-13T04:57:06Z
2026-07-13T04:56:31Z,2026-07-13T06:56:31+0200,46fca521-fea0-4798-9f2d-95ad89ae35bc,2026-07-08T18:15:00Z,2026-07-08T20:15:00+0200,2503.67,MW,FR,FR,actual_solar_generation,Solar,2026-07-13T04:57:06Z
2026-07-13T04:56:31Z,2026-07-13T06:56:31+0200,46fca521-fea0-4798-9f2d-95ad89ae35bc,2026-07-08T18:30:00Z,2026-07-08T20:30:00+0200,1823.6,MW,FR,FR,actual_solar_generation,Solar,2026-07-13T04:57:06Z
2026-07-13T04:56:31Z,2026-07-13T06:56:31+0200,46fca521-fea0-4798-9f2d-95ad89ae35bc,2026-07-08T18:45:00Z,2026-07-08T20:45:00+0200,1327.76,MW,FR,FR,actual_solar_generation,Solar,2026-07-13T04:57:06Z
2026-07-13T04:56:31Z,2026-07-13T06:56:31+0200,46fca521-fea0-4798-9f2d-95ad89ae35bc,2026-07-08T19:00:00Z,2026-07-08T21:00:00+0200,910.95,MW,FR,FR,actual_solar_generation,Solar,2026-07-13T04:57:06Z
2026-07-13T04:56:31Z,2026-07-13T06:56:31+0200,46fca521-fea0-4798-9f2d-95ad89ae35bc,2026-07-08T19:15:00Z,2026-07-08T21:15:00+0200,563.49,MW,FR,FR,actual_solar_generation,Solar,2026-07-13T04:57:06Z
2026-07-13T04:56:31Z,2026-07-13T06:56:31+0200,46fca521-fea0-4798-9f2d-95ad89ae35bc,2026-07-08T19:30:00Z,2026-07-08T21:30:00+0200,339.23,MW,FR,FR,actual_solar_generation,Solar,2026-07-13T04:57:06Z
2026-07-13T04:56:31Z,2026-07-13T06:56:31+0200,46fca521-fea0-4798-9f2d-95ad89ae35bc,2026-07-08T19:45:00Z,2026-07-08T21:45:00+0200,242.78,MW,FR,FR,actual_solar_generation,Solar,2026-07-13T04:57:06Z
2026-07-13T04:56:31Z,2026-07-13T06:56:31+0200,46fca521-fea0-4798-9f2d-95ad89ae35bc,2026-07-08T20:00:00Z,2026-07-08T22:00:00+0200,205.08,MW,FR,FR,actual_solar_generation,Solar,2026-07-13T04:57:06Z
2026-07-13T04:56:31Z,2026-07-13T06:56:31+0200,46fca521-fea0-4798-9f2d-95ad89ae35bc,2026-07-08T20:15:00Z,2026-07-08T22:15:00+0200,195.54,MW,FR,FR,actual_solar_generation,Solar,2026-07-13T04:57:06Z
2026-07-13T04:56:31Z,2026-07-13T06:56:31+0200,46fca521-fea0-4798-9f2d-95ad89ae35bc,2026-07-08T20:30:00Z,2026-07-08T22:30:00+0200,196.78,MW,FR,FR,actual_solar_generation,Solar,2026-07-13T04:57:06Z
2026-07-13T04:56:31Z,2026-07-13T06:56:31+0200,46fca521-fea0-4798-9f2d-95ad89ae35bc,2026-07-08T20:45:00Z,2026-07-08T22:45:00+0200,196.67,MW,FR,FR,actual_solar_generation,Solar,2026-07-13T04:57:06Z
2026-07-13T04:56:31Z,2026-07-13T06:56:31+0200,46fca521-fea0-4798-9f2d-95ad89ae35bc,2026-07-08T21:00:00Z,2026-07-08T23:00:00+0200,194.69,MW,FR,FR,actual_solar_generation,Solar,2026-07-13T04:57:06Z
2026-07-13T04:56:31Z,2026-07-13T06:56:31+0200,46fca521-fea0-4798-9f2d-95ad89ae35bc,2026-07-08T21:15:00Z,2026-07-08T23:15:00+0200,194.02,MW,FR,FR,actual_solar_generation,Solar,2026-07-13T04:57:06Z
2026-07-13T04:56:31Z,2026-07-13T06:56:31+0200,46fca521-fea0-4798-9f2d-95ad89ae35bc,2026-07-08T21:30:00Z,2026-07-08T23:30:00+0200,193.94,MW,FR,FR,actual_solar_generation,Solar,2026-07-13T04:57:06Z
2026-07-13T04:56:31Z,2026-07-13T06:56:31+0200,46fca521-fea0-4798-9f2d-95ad89ae35bc,2026-07-08T21:45:00Z,2026-07-08T23:45:00+0200,193.1,MW,FR,FR,actual_solar_generation,Solar,2026-07-13T04:57:06Z
2026-07-13T04:56:31Z,2026-07-13T06:56:31+0200,46fca521-fea0-4798-9f2d-95ad89ae35bc,2026-07-08T22:00:00Z,2026-07-09T00:00:00+0200,0.0,MW,FR,FR,actual_solar_generation,Solar,2026-07-13T04:57:06Z
2026-07-13T04:56:31Z,2026-07-13T06:56:31+0200,46fca521-fea0-4798-9f2d-95ad89ae35bc,2026-07-08T22:15:00Z,2026-07-09T00:15:00+0200,0.0,MW,FR,FR,actual_solar_generation,Solar,2026-07-13T04:57:06Z
2026-07-13T04:56:31Z,2026-07-13T06:56:31+0200,46fca521-fea0-4798-9f2d-95ad89ae35bc,2026-07-08T22:30:00Z,2026-07-09T00:30:00+0200,0.0,MW,FR,FR,actual_solar_generation,Solar,2026-07-13T04:57:06Z
2026-07-13T04:56:31Z,2026-07-13T06:56:31+0200,46fca521-fea0-4798-9f2d-95ad89ae35bc,2026-07-08T22:45:00Z,2026-07-09T00:45:00+0200,0.0,MW,FR,FR,actual_solar_generation,Solar,2026-07-13T04:57:06Z
2026-07-13T04:56:31Z,2026-07-13T06:56:31+0200,46fca521-fea0-4798-9f2d-95ad89ae35bc,2026-07-08T23:00:00Z,2026-07-09T01:00:00+0200,0.0,MW,FR,FR,actual_solar_generation,Solar,2026-07-13T04:57:06Z
2026-07-13T04:56:31Z,2026-07-13T06:56:31+0200,46fca521-fea0-4798-9f2d-95ad89ae35bc,2026-07-08T23:15:00Z,2026-07-09T01:15:00+0200,0.0,MW,FR,FR,actual_solar_generation,Solar,2026-07-13T04:57:06Z
2026-07-13T04:56:31Z,2026-07-13T06:56:31+0200,46fca521-fea0-4798-9f2d-95ad89ae35bc,2026-07-08T23:30:00Z,2026-07-09T01:30:00+0200,0.0,MW,FR,FR,actual_solar_generation,Solar,2026-07-13T04:57:06Z
2026-07-13T04:56:31Z,2026-07-13T06:56:31+0200,46fca521-fea0-4798-9f2d-95ad89ae35bc,2026-07-08T23:45:00Z,2026-07-09T01:45:00+0200,0.0,MW,FR,FR,actual_solar_generation,Solar,2026-07-13T04:57:06Z
2026-07-13T04:56:31Z,2026-07-13T06:56:31+0200,46fca521-fea0-4798-9f2d-95ad89ae35bc,2026-07-09T00:00:00Z,2026-07-09T02:00:00+0200,0.0,MW,FR,FR,actual_solar_generation,Solar,2026-07-13T04:57:06Z
2026-07-13T04:56:31Z,2026-07-13T06:56:31+0200,46fca521-fea0-4798-9f2d-95ad89ae35bc,2026-07-09T00:15:00Z,2026-07-09T02:15:00+0200,0.0,MW,FR,FR,actual_solar_generation,Solar,2026-07-13T04:57:06Z
2026-07-13T04:56:31Z,2026-07-13T06:56:31+0200,46fca521-fea0-4798-9f2d-95ad89ae35bc,2026-07-09T00:30:00Z,2026-07-09T02:30:00+0200,0.0,MW,FR,FR,actual_solar_generation,Solar,2026-07-13T04:57:06Z
2026-07-13T04:56:31Z,2026-07-13T06:56:31+0200,46fca521-fea0-4798-9f2d-95ad89ae35bc,2026-07-09T00:45:00Z,2026-07-09T02:45:00+0200,0.0,MW,FR,FR,actual_solar_generation,Solar,2026-07-13T04:57:06Z
2026-07-13T04:56:31Z,2026-07-13T06:56:31+0200,46fca521-fea0-4798-9f2d-95ad89ae35bc,2026-07-09T01:00:00Z,2026-07-09T03:00:00+0200,0.0,MW,FR,FR,actual_solar_generation,Solar,2026-07-13T04:57:06Z
2026-07-13T04:56:31Z,2026-07-13T06:56:31+0200,46fca521-fea0-4798-9f2d-95ad89ae35bc,2026-07-09T01:15:00Z,2026-07-09T03:15:00+0200,0.0,MW,FR,FR,actual_solar_generation,Solar,2026-07-13T04:57:06Z
2026-07-13T04:56:31Z,2026-07-13T06:56:31+0200,46fca521-fea0-4798-9f2d-95ad89ae35bc,2026-07-09T01:30:00Z,2026-07-09T03:30:00+0200,0.0,MW,FR,FR,actual_solar_generation,Solar,2026-07-13T04:57:06Z
2026-07-13T04:56:31Z,2026-07-13T06:56:31+0200,46fca521-fea0-4798-9f2d-95ad89ae35bc,2026-07-09T01:45:00Z,2026-07-09T03:45:00+0200,0.0,MW,FR,FR,actual_solar_generation,Solar,2026-07-13T04:57:06Z
2026-07-13T04:56:31Z,2026-07-13T06:56:31+0200,46fca521-fea0-4798-9f2d-95ad89ae35bc,2026-07-09T02:00:00Z,2026-07-09T04:00:00+0200,0.0,MW,FR,FR,actual_solar_generation,Solar,2026-07-13T04:57:06Z
2026-07-13T04:56:31Z,2026-07-13T06:56:31+0200,46fca521-fea0-4798-9f2d-95ad89ae35bc,2026-07-09T02:15:00Z,2026-07-09T04:15:00+0200,0.0,MW,FR,FR,actual_solar_generation,Solar,2026-07-13T04:57:06Z
2026-07-13T04:56:31Z,2026-07-13T06:56:31+0200,46fca521-fea0-4798-9f2d-95ad89ae35bc,2026-07-09T02:30:00Z,2026-07-09T04:30:00+0200,0.0,MW,FR,FR,actual_solar_generation,Solar,2026-07-13T04:57:06Z
2026-07-13T04:56:31Z,2026-07-13T06:56:31+0200,46fca521-fea0-4798-9f2d-95ad89ae35bc,2026-07-09T02:45:00Z,2026-07-09T04:45:00+0200,0.0,MW,FR,FR,actual_solar_generation,Solar,2026-07-13T04:57:06Z
2026-07-13T04:56:31Z,2026-07-13T06:56:31+0200,46fca521-fea0-4798-9f2d-95ad89ae35bc,2026-07-09T03:00:00Z,2026-07-09T05:00:00+0200,188.27,MW,FR,FR,actual_solar_generation,Solar,2026-07-13T04:57:06Z
2026-07-13T04:56:31Z,2026-07-13T06:56:31+0200,46fca521-fea0-4798-9f2d-95ad89ae35bc,2026-07-09T03:15:00Z,2026-07-09T05:15:00+0200,188.07,MW,FR,FR,actual_solar_generation,Solar,2026-07-13T04:57:06Z
2026-07-13T04:56:31Z,2026-07-13T06:56:31+0200,46fca521-fea0-4798-9f2d-95ad89ae35bc,2026-07-09T03:30:00Z,2026-07-09T05:30:00+0200,191.35,MW,FR,FR,actual_solar_generation,Solar,2026-07-13T04:57:06Z
2026-07-13T04:56:31Z,2026-07-13T06:56:31+0200,46fca521-fea0-4798-9f2d-95ad89ae35bc,2026-07-09T03:45:00Z,2026-07-09T05:45:00+0200,209.27,MW,FR,FR,actual_solar_generation,Solar,2026-07-13T04:57:06Z
2026-07-13T04:56:31Z,2026-07-13T06:56:31+0200,46fca521-fea0-4798-9f2d-95ad89ae35bc,2026-07-09T04:00:00Z,2026-07-09T06:00:00+0200,258.2,MW,FR,FR,actual_solar_generation,Solar,2026-07-13T04:57:06Z
2026-07-13T04:56:31Z,2026-07-13T06:56:31+0200,46fca521-fea0-4798-9f2d-95ad89ae35bc,2026-07-09T04:15:00Z,2026-07-09T06:15:00+0200,340.63,MW,FR,FR,actual_solar_generation,Solar,2026-07-13T04:57:06Z
2026-07-13T04:56:31Z,2026-07-13T06:56:31+0200,46fca521-fea0-4798-9f2d-95ad89ae35bc,2026-07-09T04:30:00Z,2026-07-09T06:30:00+0200,481.71,MW,FR,FR,actual_solar_generation,Solar,2026-07-13T04:57:06Z
2026-07-13T04:56:31Z,2026-07-13T06:56:31+0200,46fca521-fea0-4798-9f2d-95ad89ae35bc,2026-07-09T04:45:00Z,2026-07-09T06:45:00+0200,747.31,MW,FR,FR,actual_solar_generation,Solar,2026-07-13T04:57:06Z
2026-07-13T04:56:31Z,2026-07-13T06:56:31+0200,46fca521-fea0-4798-9f2d-95ad89ae35bc,2026-07-09T05:00:00Z,2026-07-09T07:00:00+0200,1112.68,MW,FR,FR,actual_solar_generation,Solar,2026-07-13T04:57:06Z
2026-07-13T04:56:31Z,2026-07-13T06:56:31+0200,46fca521-fea0-4798-9f2d-95ad89ae35bc,2026-07-09T05:15:00Z,2026-07-09T07:15:00+0200,1582.44,MW,FR,FR,actual_solar_generation,Solar,2026-07-13T04:57:06Z
2026-07-13T04:56:31Z,2026-07-13T06:56:31+0200,46fca521-fea0-4798-9f2d-95ad89ae35bc,2026-07-09T05:30:00Z,2026-07-09T07:30:00+0200,2237.01,MW,FR,FR,actual_solar_generation,Solar,2026-07-13T04:57:06Z
2026-07-13T04:56:31Z,2026-07-13T06:56:31+0200,46fca521-fea0-4798-9f2d-95ad89ae35bc,2026-07-09T05:45:00Z,2026-07-09T07:45:00+0200,3046.2,MW,FR,FR,actual_solar_generation,Solar,2026-07-13T04:57:06Z
2026-07-13T04:56:31Z,2026-07-13T06:56:31+0200,46fca521-fea0-4798-9f2d-95ad89ae35bc,2026-07-09T06:00:00Z,2026-07-09T08:00:00+0200,3959.19,MW,FR,FR,actual_solar_generation,Solar,2026-07-13T04:57:06Z
2026-07-13T04:56:31Z,2026-07-13T06:56:31+0200,46fca521-fea0-4798-9f2d-95ad89ae35bc,2026-07-09T06:15:00Z,2026-07-09T08:15:00+0200,5010.03,MW,FR,FR,actual_solar_generation,Solar,2026-07-13T04:57:06Z
2026-07-13T04:56:31Z,2026-07-13T06:56:31+0200,46fca521-fea0-4798-9f2d-95ad89ae35bc,2026-07-09T06:30:00Z,2026-07-09T08:30:00+0200,6203.45,MW,FR,FR,actual_solar_generation,Solar,2026-07-13T04:57:06Z
2026-07-13T04:56:31Z,2026-07-13T06:56:31+0200,46fca521-fea0-4798-9f2d-95ad89ae35bc,2026-07-09T06:45:00Z,2026-07-09T08:45:00+0200,7412.29,MW,FR,FR,actual_solar_generation,Solar,2026-07-13T04:57:06Z
2026-07-13T04:56:31Z,2026-07-13T06:56:31+0200,46fca521-fea0-4798-9f2d-95ad89ae35bc,2026-07-09T07:00:00Z,2026-07-09T09:00:00+0200,8648.21,MW,FR,FR,actual_solar_generation,Solar,2026-07-13T04:57:06Z
2026-07-13T04:56:31Z,2026-07-13T06:56:31+0200,46fca521-fea0-4798-9f2d-95ad89ae35bc,2026-07-09T07:15:00Z,2026-07-09T09:15:00+0200,9980.97,MW,FR,FR,actual_solar_generation,Solar,2026-07-13T04:57:06Z
2026-07-13T04:56:31Z,2026-07-13T06:56:31+0200,46fca521-fea0-4798-9f2d-95ad89ae35bc,2026-07-09T07:30:00Z,2026-07-09T09:30:00+0200,11256.74,MW,FR,FR,actual_solar_generation,Solar,2026-07-13T04:57:06Z
2026-07-13T04:56:31Z,2026-07-13T06:56:31+0200,46fca521-fea0-4798-9f2d-95ad89ae35bc,2026-07-09T07:45:00Z,2026-07-09T09:45:00+0200,12467.84,MW,FR,FR,actual_solar_generation,Solar,2026-07-13T04:57:06Z
2026-07-13T04:56:31Z,2026-07-13T06:56:31+0200,46fca521-fea0-4798-9f2d-95ad89ae35bc,2026-07-09T08:00:00Z,2026-07-09T10:00:00+0200,13585.9,MW,FR,FR,actual_solar_generation,Solar,2026-07-13T04:57:06Z
2026-07-13T04:56:31Z,2026-07-13T06:56:31+0200,46fca521-fea0-4798-9f2d-95ad89ae35bc,2026-07-09T08:15:00Z,2026-07-09T10:15:00+0200,14834.94,MW,FR,FR,actual_solar_generation,Solar,2026-07-13T04:57:06Z
2026-07-13T04:56:31Z,2026-07-13T06:56:31+0200,46fca521-fea0-4798-9f2d-95ad89ae35bc,2026-07-09T08:30:00Z,2026-07-09T10:30:00+0200,15932.92,MW,FR,FR,actual_solar_generation,Solar,2026-07-13T04:57:06Z
2026-07-13T04:56:31Z,2026-07-13T06:56:31+0200,46fca521-fea0-4798-9f2d-95ad89ae35bc,2026-07-09T08:45:00Z,2026-07-09T10:45:00+0200,16866.66,MW,FR,FR,actual_solar_generation,Solar,2026-07-13T04:57:06Z
2026-07-13T04:56:31Z,2026-07-13T06:56:31+0200,46fca521-fea0-4798-9f2d-95ad89ae35bc,2026-07-09T09:00:00Z,2026-07-09T11:00:00+0200,17788.97,MW,FR,FR,actual_solar_generation,Solar,2026-07-13T04:57:06Z
2026-07-13T04:56:31Z,2026-07-13T06:56:31+0200,46fca521-fea0-4798-9f2d-95ad89ae35bc,2026-07-09T09:15:00Z,2026-07-09T11:15:00+0200,18586.33,MW,FR,FR,actual_solar_generation,Solar,2026-07-13T04:57:06Z
2026-07-13T04:56:31Z,2026-07-13T06:56:31+0200,46fca521-fea0-4798-9f2d-95ad89ae35bc,2026-07-09T09:30:00Z,2026-07-09T11:30:00+0200,19281.53,MW,FR,FR,actual_solar_generation,Solar,2026-07-13T04:57:06Z
2026-07-13T04:56:31Z,2026-07-13T06:56:31+0200,46fca521-fea0-4798-9f2d-95ad89ae35bc,2026-07-09T09:45:00Z,2026-07-09T11:45:00+0200,19844.01,MW,FR,FR,actual_solar_generation,Solar,2026-07-13T04:57:06Z
2026-07-13T04:56:31Z,2026-07-13T06:56:31+0200,46fca521-fea0-4798-9f2d-95ad89ae35bc,2026-07-09T10:00:00Z,2026-07-09T12:00:00+0200,20243.94,MW,FR,FR,actual_solar_generation,Solar,2026-07-13T04:57:06Z
2026-07-13T04:56:31Z,2026-07-13T06:56:31+0200,46fca521-fea0-4798-9f2d-95ad89ae35bc,2026-07-09T10:15:00Z,2026-07-09T12:15:00+0200,20707.6,MW,FR,FR,actual_solar_generation,Solar,2026-07-13T04:57:06Z
2026-07-13T04:56:31Z,2026-07-13T06:56:31+0200,46fca521-fea0-4798-9f2d-95ad89ae35bc,2026-07-09T10:30:00Z,2026-07-09T12:30:00+0200,21018.58,MW,FR,FR,actual_solar_generation,Solar,2026-07-13T04:57:06Z
2026-07-13T04:56:31Z,2026-07-13T06:56:31+0200,46fca521-fea0-4798-9f2d-95ad89ae35bc,2026-07-09T10:45:00Z,2026-07-09T12:45:00+0200,21247.46,MW,FR,FR,actual_solar_generation,Solar,2026-07-13T04:57:06Z
2026-07-13T04:56:31Z,2026-07-13T06:56:31+0200,46fca521-fea0-4798-9f2d-95ad89ae35bc,2026-07-09T11:00:00Z,2026-07-09T13:00:00+0200,21469.52,MW,FR,FR,actual_solar_generation,Solar,2026-07-13T04:57:06Z
2026-07-13T04:56:31Z,2026-07-13T06:56:31+0200,46fca521-fea0-4798-9f2d-95ad89ae35bc,2026-07-09T11:15:00Z,2026-07-09T13:15:00+0200,21496.54,MW,FR,FR,actual_solar_generation,Solar,2026-07-13T04:57:06Z
2026-07-13T04:56:31Z,2026-07-13T06:56:31+0200,46fca521-fea0-4798-9f2d-95ad89ae35bc,2026-07-09T11:30:00Z,2026-07-09T13:30:00+0200,21526.05,MW,FR,FR,actual_solar_generation,Solar,2026-07-13T04:57:06Z
2026-07-13T04:56:31Z,2026-07-13T06:56:31+0200,46fca521-fea0-4798-9f2d-95ad89ae35bc,2026-07-09T11:45:00Z,2026-07-09T13:45:00+0200,21645.02,MW,FR,FR,actual_solar_generation,Solar,2026-07-13T04:57:06Z
2026-07-13T04:56:31Z,2026-07-13T06:56:31+0200,46fca521-fea0-4798-9f2d-95ad89ae35bc,2026-07-09T12:00:00Z,2026-07-09T14:00:00+0200,21632.08,MW,FR,FR,actual_solar_generation,Solar,2026-07-13T04:57:06Z
2026-07-13T04:56:31Z,2026-07-13T06:56:31+0200,46fca521-fea0-4798-9f2d-95ad89ae35bc,2026-07-09T12:15:00Z,2026-07-09T14:15:00+0200,21605.15,MW,FR,FR,actual_solar_generation,Solar,2026-07-13T04:57:06Z
2026-07-13T04:56:31Z,2026-07-13T06:56:31+0200,46fca521-fea0-4798-9f2d-95ad89ae35bc,2026-07-09T12:30:00Z,2026-07-09T14:30:00+0200,21438.95,MW,FR,FR,actual_solar_generation,Solar,2026-07-13T04:57:06Z
2026-07-13T04:56:31Z,2026-07-13T06:56:31+0200,46fca521-fea0-4798-9f2d-95ad89ae35bc,2026-07-09T12:45:00Z,2026-07-09T14:45:00+0200,21268.5,MW,FR,FR,actual_solar_generation,Solar,2026-07-13T04:57:06Z
2026-07-13T04:56:31Z,2026-07-13T06:56:31+0200,46fca521-fea0-4798-9f2d-95ad89ae35bc,2026-07-09T13:00:00Z,2026-07-09T15:00:00+0200,21004.89,MW,FR,FR,actual_solar_generation,Solar,2026-07-13T04:57:06Z
2026-07-13T04:56:31Z,2026-07-13T06:56:31+0200,46fca521-fea0-4798-9f2d-95ad89ae35bc,2026-07-09T13:15:00Z,2026-07-09T15:15:00+0200,20714.21,MW,FR,FR,actual_solar_generation,Solar,2026-07-13T04:57:06Z
2026-07-13T04:56:31Z,2026-07-13T06:56:31+0200,46fca521-fea0-4798-9f2d-95ad89ae35bc,2026-07-09T13:30:00Z,2026-07-09T15:30:00+0200,20362.36,MW,FR,FR,actual_solar_generation,Solar,2026-07-13T04:57:06Z
2026-07-13T04:56:31Z,2026-07-13T06:56:31+0200,46fca521-fea0-4798-9f2d-95ad89ae35bc,2026-07-09T13:45:00Z,2026-07-09T15:45:00+0200,19897.07,MW,FR,FR,actual_solar_generation,Solar,2026-07-13T04:57:06Z
2026-07-13T04:56:31Z,2026-07-13T06:56:31+0200,46fca521-fea0-4798-9f2d-95ad89ae35bc,2026-07-09T14:00:00Z,2026-07-09T16:00:00+0200,19436.64,MW,FR,FR,actual_solar_generation,Solar,2026-07-13T04:57:06Z
2026-07-13T04:56:31Z,2026-07-13T06:56:31+0200,46fca521-fea0-4798-9f2d-95ad89ae35bc,2026-07-09T14:15:00Z,2026-07-09T16:15:00+0200,18832.46,MW,FR,FR,actual_solar_generation,Solar,2026-07-13T04:57:06Z
2026-07-13T04:56:31Z,2026-07-13T06:56:31+0200,46fca521-fea0-4798-9f2d-95ad89ae35bc,2026-07-09T14:30:00Z,2026-07-09T16:30:00+0200,18046.85,MW,FR,FR,actual_solar_generation,Solar,2026-07-13T04:57:06Z
2026-07-13T04:56:31Z,2026-07-13T06:56:31+0200,46fca521-fea0-4798-9f2d-95ad89ae35bc,2026-07-09T14:45:00Z,2026-07-09T16:45:00+0200,17433.09,MW,FR,FR,actual_solar_generation,Solar,2026-07-13T04:57:06Z
2026-07-13T04:56:31Z,2026-07-13T06:56:31+0200,46fca521-fea0-4798-9f2d-95ad89ae35bc,2026-07-09T15:00:00Z,2026-07-09T17:00:00+0200,16691.17,MW,FR,FR,actual_solar_generation,Solar,2026-07-13T04:57:06Z
2026-07-13T04:56:31Z,2026-07-13T06:56:31+0200,46fca521-fea0-4798-9f2d-95ad89ae35bc,2026-07-09T15:15:00Z,2026-07-09T17:15:00+0200,15791.7,MW,FR,FR,actual_solar_generation,Solar,2026-07-13T04:57:06Z
2026-07-13T04:56:31Z,2026-07-13T06:56:31+0200,46fca521-fea0-4798-9f2d-95ad89ae35bc,2026-07-09T15:30:00Z,2026-07-09T17:30:00+0200,14858.24,MW,FR,FR,actual_solar_generation,Solar,2026-07-13T04:57:06Z
2026-07-13T04:56:31Z,2026-07-13T06:56:31+0200,46fca521-fea0-4798-9f2d-95ad89ae35bc,2026-07-09T15:45:00Z,2026-07-09T17:45:00+0200,13910.29,MW,FR,FR,actual_solar_generation,Solar,2026-07-13T04:57:06Z
2026-07-13T04:56:31Z,2026-07-13T06:56:31+0200,46fca521-fea0-4798-9f2d-95ad89ae35bc,2026-07-09T16:00:00Z,2026-07-09T18:00:00+0200,12827.46,MW,FR,FR,actual_solar_generation,Solar,2026-07-13T04:57:06Z
2026-07-13T04:56:31Z,2026-07-13T06:56:31+0200,46fca521-fea0-4798-9f2d-95ad89ae35bc,2026-07-09T16:15:00Z,2026-07-09T18:15:00+0200,11740.99,MW,FR,FR,actual_solar_generation,Solar,2026-07-13T04:57:06Z
2026-07-13T04:56:31Z,2026-07-13T06:56:31+0200,46fca521-fea0-4798-9f2d-95ad89ae35bc,2026-07-09T16:30:00Z,2026-07-09T18:30:00+0200,10516.88,MW,FR,FR,actual_solar_generation,Solar,2026-07-13T04:57:06Z
2026-07-13T04:56:31Z,2026-07-13T06:56:31+0200,46fca521-fea0-4798-9f2d-95ad89ae35bc,2026-07-09T16:45:00Z,2026-07-09T18:45:00+0200,9277.15,MW,FR,FR,actual_solar_generation,Solar,2026-07-13T04:57:06Z
2026-07-13T04:56:31Z,2026-07-13T06:56:31+0200,46fca521-fea0-4798-9f2d-95ad89ae35bc,2026-07-09T17:00:00Z,2026-07-09T19:00:00+0200,7973.69,MW,FR,FR,actual_solar_generation,Solar,2026-07-13T04:57:06Z
2026-07-13T04:56:31Z,2026-07-13T06:56:31+0200,46fca521-fea0-4798-9f2d-95ad89ae35bc,2026-07-09T17:15:00Z,2026-07-09T19:15:00+0200,6705.0,MW,FR,FR,actual_solar_generation,Solar,2026-07-13T04:57:06Z
2026-07-13T04:56:31Z,2026-07-13T06:56:31+0200,46fca521-fea0-4798-9f2d-95ad89ae35bc,2026-07-09T17:30:00Z,2026-07-09T19:30:00+0200,5463.95,MW,FR,FR,actual_solar_generation,Solar,2026-07-13T04:57:06Z
2026-07-13T04:56:31Z,2026-07-13T06:56:31+0200,46fca521-fea0-4798-9f2d-95ad89ae35bc,2026-07-09T17:45:00Z,2026-07-09T19:45:00+0200,4321.03,MW,FR,FR,actual_solar_generation,Solar,2026-07-13T04:57:06Z
2026-07-13T04:56:31Z,2026-07-13T06:56:31+0200,46fca521-fea0-4798-9f2d-95ad89ae35bc,2026-07-09T18:00:00Z,2026-07-09T20:00:00+0200,3268.69,MW,FR,FR,actual_solar_generation,Solar,2026-07-13T04:57:06Z
2026-07-13T04:56:31Z,2026-07-13T06:56:31+0200,46fca521-fea0-4798-9f2d-95ad89ae35bc,2026-07-09T18:15:00Z,2026-07-09T20:15:00+0200,2438.15,MW,FR,FR,actual_solar_generation,Solar,2026-07-13T04:57:06Z
2026-07-13T04:56:31Z,2026-07-13T06:56:31+0200,46fca521-fea0-4798-9f2d-95ad89ae35bc,2026-07-09T18:30:00Z,2026-07-09T20:30:00+0200,1767.21,MW,FR,FR,actual_solar_generation,Solar,2026-07-13T04:57:06Z
2026-07-13T04:56:31Z,2026-07-13T06:56:31+0200,46fca521-fea0-4798-9f2d-95ad89ae35bc,2026-07-09T18:45:00Z,2026-07-09T20:45:00+0200,1276.72,MW,FR,FR,actual_solar_generation,Solar,2026-07-13T04:57:06Z
2026-07-13T04:56:31Z,2026-07-13T06:56:31+0200,46fca521-fea0-4798-9f2d-95ad89ae35bc,2026-07-09T19:00:00Z,2026-07-09T21:00:00+0200,877.08,MW,FR,FR,actual_solar_generation,Solar,2026-07-13T04:57:06Z
2026-07-13T04:56:31Z,2026-07-13T06:56:31+0200,46fca521-fea0-4798-9f2d-95ad89ae35bc,2026-07-09T19:15:00Z,2026-07-09T21:15:00+0200,549.7,MW,FR,FR,actual_solar_generation,Solar,2026-07-13T04:57:06Z
2026-07-13T04:56:31Z,2026-07-13T06:56:31+0200,46fca521-fea0-4798-9f2d-95ad89ae35bc,2026-07-09T19:30:00Z,2026-07-09T21:30:00+0200,336.11,MW,FR,FR,actual_solar_generation,Solar,2026-07-13T04:57:06Z
2026-07-13T04:56:31Z,2026-07-13T06:56:31+0200,46fca521-fea0-4798-9f2d-95ad89ae35bc,2026-07-09T19:45:00Z,2026-07-09T21:45:00+0200,242.71,MW,FR,FR,actual_solar_generation,Solar,2026-07-13T04:57:06Z
2026-07-13T04:56:31Z,2026-07-13T06:56:31+0200,46fca521-fea0-4798-9f2d-95ad89ae35bc,2026-07-09T20:00:00Z,2026-07-09T22:00:00+0200,208.86,MW,FR,FR,actual_solar_generation,Solar,2026-07-13T04:57:06Z
2026-07-13T04:56:31Z,2026-07-13T06:56:31+0200,46fca521-fea0-4798-9f2d-95ad89ae35bc,2026-07-09T20:15:00Z,2026-07-09T22:15:00+0200,198.54,MW,FR,FR,actual_solar_generation,Solar,2026-07-13T04:57:06Z
2026-07-13T04:56:31Z,2026-07-13T06:56:31+0200,46fca521-fea0-4798-9f2d-95ad89ae35bc,2026-07-09T20:30:00Z,2026-07-09T22:30:00+0200,195.86,MW,FR,FR,actual_solar_generation,Solar,2026-07-13T04:57:06Z
2026-07-13T04:56:31Z,2026-07-13T06:56:31+0200,46fca521-fea0-4798-9f2d-95ad89ae35bc,2026-07-09T20:45:00Z,2026-07-09T22:45:00+0200,196.74,MW,FR,FR,actual_solar_generation,Solar,2026-07-13T04:57:06Z
2026-07-13T04:56:31Z,2026-07-13T06:56:31+0200,46fca521-fea0-4798-9f2d-95ad89ae35bc,2026-07-09T21:00:00Z,2026-07-09T23:00:00+0200,196.33,MW,FR,FR,actual_solar_generation,Solar,2026-07-13T04:57:06Z
2026-07-13T04:56:31Z,2026-07-13T06:56:31+0200,46fca521-fea0-4798-9f2d-95ad89ae35bc,2026-07-09T21:15:00Z,2026-07-09T23:15:00+0200,195.47,MW,FR,FR,actual_solar_generation,Solar,2026-07-13T04:57:06Z
2026-07-13T04:56:31Z,2026-07-13T06:56:31+0200,46fca521-fea0-4798-9f2d-95ad89ae35bc,2026-07-09T21:30:00Z,2026-07-09T23:30:00+0200,195.66,MW,FR,FR,actual_solar_generation,Solar,2026-07-13T04:57:06Z
2026-07-13T04:56:31Z,2026-07-13T06:56:31+0200,46fca521-fea0-4798-9f2d-95ad89ae35bc,2026-07-09T21:45:00Z,2026-07-09T23:45:00+0200,196.24,MW,FR,FR,actual_solar_generation,Solar,2026-07-13T04:57:06Z
2026-07-13T04:56:31Z,2026-07-13T06:56:31+0200,46fca521-fea0-4798-9f2d-95ad89ae35bc,2026-07-09T22:00:00Z,2026-07-10T00:00:00+0200,0.0,MW,FR,FR,actual_solar_generation,Solar,2026-07-13T04:57:06Z
2026-07-13T04:56:31Z,2026-07-13T06:56:31+0200,46fca521-fea0-4798-9f2d-95ad89ae35bc,2026-07-09T22:15:00Z,2026-07-10T00:15:00+0200,0.0,MW,FR,FR,actual_solar_generation,Solar,2026-07-13T04:57:06Z
2026-07-13T04:56:31Z,2026-07-13T06:56:31+0200,46fca521-fea0-4798-9f2d-95ad89ae35bc,2026-07-09T22:30:00Z,2026-07-10T00:30:00+0200,0.0,MW,FR,FR,actual_solar_generation,Solar,2026-07-13T04:57:06Z
2026-07-13T04:56:31Z,2026-07-13T06:56:31+0200,46fca521-fea0-4798-9f2d-95ad89ae35bc,2026-07-09T22:45:00Z,2026-07-10T00:45:00+0200,0.0,MW,FR,FR,actual_solar_generation,Solar,2026-07-13T04:57:06Z
2026-07-13T04:56:31Z,2026-07-13T06:56:31+0200,46fca521-fea0-4798-9f2d-95ad89ae35bc,2026-07-09T23:00:00Z,2026-07-10T01:00:00+0200,0.0,MW,FR,FR,actual_solar_generation,Solar,2026-07-13T04:57:06Z
2026-07-13T04:56:31Z,2026-07-13T06:56:31+0200,46fca521-fea0-4798-9f2d-95ad89ae35bc,2026-07-09T23:15:00Z,2026-07-10T01:15:00+0200,0.0,MW,FR,FR,actual_solar_generation,Solar,2026-07-13T04:57:06Z
2026-07-13T04:56:31Z,2026-07-13T06:56:31+0200,46fca521-fea0-4798-9f2d-95ad89ae35bc,2026-07-09T23:30:00Z,2026-07-10T01:30:00+0200,0.0,MW,FR,FR,actual_solar_generation,Solar,2026-07-13T04:57:06Z
2026-07-13T04:56:31Z,2026-07-13T06:56:31+0200,46fca521-fea0-4798-9f2d-95ad89ae35bc,2026-07-09T23:45:00Z,2026-07-10T01:45:00+0200,0.0,MW,FR,FR,actual_solar_generation,Solar,2026-07-13T04:57:06Z
2026-07-13T04:56:31Z,2026-07-13T06:56:31+0200,46fca521-fea0-4798-9f2d-95ad89ae35bc,2026-07-10T00:00:00Z,2026-07-10T02:00:00+0200,0.0,MW,FR,FR,actual_solar_generation,Solar,2026-07-13T04:57:06Z
2026-07-13T04:56:31Z,2026-07-13T06:56:31+0200,46fca521-fea0-4798-9f2d-95ad89ae35bc,2026-07-10T00:15:00Z,2026-07-10T02:15:00+0200,0.0,MW,FR,FR,actual_solar_generation,Solar,2026-07-13T04:57:06Z
2026-07-13T04:56:31Z,2026-07-13T06:56:31+0200,46fca521-fea0-4798-9f2d-95ad89ae35bc,2026-07-10T00:30:00Z,2026-07-10T02:30:00+0200,0.0,MW,FR,FR,actual_solar_generation,Solar,2026-07-13T04:57:06Z
2026-07-13T04:56:31Z,2026-07-13T06:56:31+0200,46fca521-fea0-4798-9f2d-95ad89ae35bc,2026-07-10T00:45:00Z,2026-07-10T02:45:00+0200,0.0,MW,FR,FR,actual_solar_generation,Solar,2026-07-13T04:57:06Z
2026-07-13T04:56:31Z,2026-07-13T06:56:31+0200,46fca521-fea0-4798-9f2d-95ad89ae35bc,2026-07-10T01:00:00Z,2026-07-10T03:00:00+0200,0.0,MW,FR,FR,actual_solar_generation,Solar,2026-07-13T04:57:06Z
2026-07-13T04:56:31Z,2026-07-13T06:56:31+0200,46fca521-fea0-4798-9f2d-95ad89ae35bc,2026-07-10T01:15:00Z,2026-07-10T03:15:00+0200,0.0,MW,FR,FR,actual_solar_generation,Solar,2026-07-13T04:57:06Z
2026-07-13T04:56:31Z,2026-07-13T06:56:31+0200,46fca521-fea0-4798-9f2d-95ad89ae35bc,2026-07-10T01:30:00Z,2026-07-10T03:30:00+0200,0.0,MW,FR,FR,actual_solar_generation,Solar,2026-07-13T04:57:06Z
2026-07-13T04:56:31Z,2026-07-13T06:56:31+0200,46fca521-fea0-4798-9f2d-95ad89ae35bc,2026-07-10T01:45:00Z,2026-07-10T03:45:00+0200,0.0,MW,FR,FR,actual_solar_generation,Solar,2026-07-13T04:57:06Z
2026-07-13T04:56:31Z,2026-07-13T06:56:31+0200,46fca521-fea0-4798-9f2d-95ad89ae35bc,2026-07-10T02:00:00Z,2026-07-10T04:00:00+0200,0.0,MW,FR,FR,actual_solar_generation,Solar,2026-07-13T04:57:06Z
2026-07-13T04:56:31Z,2026-07-13T06:56:31+0200,46fca521-fea0-4798-9f2d-95ad89ae35bc,2026-07-10T02:15:00Z,2026-07-10T04:15:00+0200,0.0,MW,FR,FR,actual_solar_generation,Solar,2026-07-13T04:57:06Z
2026-07-13T04:56:31Z,2026-07-13T06:56:31+0200,46fca521-fea0-4798-9f2d-95ad89ae35bc,2026-07-10T02:30:00Z,2026-07-10T04:30:00+0200,0.0,MW,FR,FR,actual_solar_generation,Solar,2026-07-13T04:57:06Z
2026-07-13T04:56:31Z,2026-07-13T06:56:31+0200,46fca521-fea0-4798-9f2d-95ad89ae35bc,2026-07-10T02:45:00Z,2026-07-10T04:45:00+0200,0.0,MW,FR,FR,actual_solar_generation,Solar,2026-07-13T04:57:06Z
2026-07-13T04:56:31Z,2026-07-13T06:56:31+0200,46fca521-fea0-4798-9f2d-95ad89ae35bc,2026-07-10T03:00:00Z,2026-07-10T05:00:00+0200,187.38,MW,FR,FR,actual_solar_generation,Solar,2026-07-13T04:57:06Z
2026-07-13T04:56:31Z,2026-07-13T06:56:31+0200,46fca521-fea0-4798-9f2d-95ad89ae35bc,2026-07-10T03:15:00Z,2026-07-10T05:15:00+0200,187.79,MW,FR,FR,actual_solar_generation,Solar,2026-07-13T04:57:06Z
2026-07-13T04:56:31Z,2026-07-13T06:56:31+0200,46fca521-fea0-4798-9f2d-95ad89ae35bc,2026-07-10T03:30:00Z,2026-07-10T05:30:00+0200,191.15,MW,FR,FR,actual_solar_generation,Solar,2026-07-13T04:57:06Z
2026-07-13T04:56:31Z,2026-07-13T06:56:31+0200,46fca521-fea0-4798-9f2d-95ad89ae35bc,2026-07-10T03:45:00Z,2026-07-10T05:45:00+0200,207.86,MW,FR,FR,actual_solar_generation,Solar,2026-07-13T04:57:06Z
2026-07-13T04:56:31Z,2026-07-13T06:56:31+0200,46fca521-fea0-4798-9f2d-95ad89ae35bc,2026-07-10T04:00:00Z,2026-07-10T06:00:00+0200,250.86,MW,FR,FR,actual_solar_generation,Solar,2026-07-13T04:57:06Z
2026-07-13T04:56:31Z,2026-07-13T06:56:31+0200,46fca521-fea0-4798-9f2d-95ad89ae35bc,2026-07-10T04:15:00Z,2026-07-10T06:15:00+0200,327.7,MW,FR,FR,actual_solar_generation,Solar,2026-07-13T04:57:06Z
2026-07-13T04:56:31Z,2026-07-13T06:56:31+0200,46fca521-fea0-4798-9f2d-95ad89ae35bc,2026-07-10T04:30:00Z,2026-07-10T06:30:00+0200,467.79,MW,FR,FR,actual_solar_generation,Solar,2026-07-13T04:57:06Z
2026-07-13T04:56:31Z,2026-07-13T06:56:31+0200,46fca521-fea0-4798-9f2d-95ad89ae35bc,2026-07-10T04:45:00Z,2026-07-10T06:45:00+0200,742.68,MW,FR,FR,actual_solar_generation,Solar,2026-07-13T04:57:06Z
2026-07-13T04:56:31Z,2026-07-13T06:56:31+0200,46fca521-fea0-4798-9f2d-95ad89ae35bc,2026-07-10T05:00:00Z,2026-07-10T07:00:00+0200,1117.88,MW,FR,FR,actual_solar_generation,Solar,2026-07-13T04:57:06Z
2026-07-13T04:56:31Z,2026-07-13T06:56:31+0200,46fca521-fea0-4798-9f2d-95ad89ae35bc,2026-07-10T05:15:00Z,2026-07-10T07:15:00+0200,1602.9,MW,FR,FR,actual_solar_generation,Solar,2026-07-13T04:57:06Z
2026-07-13T04:56:31Z,2026-07-13T06:56:31+0200,46fca521-fea0-4798-9f2d-95ad89ae35bc,2026-07-10T05:30:00Z,2026-07-10T07:30:00+0200,2244.84,MW,FR,FR,actual_solar_generation,Solar,2026-07-13T04:57:06Z
2026-07-13T04:56:31Z,2026-07-13T06:56:31+0200,46fca521-fea0-4798-9f2d-95ad89ae35bc,2026-07-10T05:45:00Z,2026-07-10T07:45:00+0200,3074.87,MW,FR,FR,actual_solar_generation,Solar,2026-07-13T04:57:06Z
2026-07-13T04:56:31Z,2026-07-13T06:56:31+0200,46fca521-fea0-4798-9f2d-95ad89ae35bc,2026-07-10T06:00:00Z,2026-07-10T08:00:00+0200,3935.85,MW,FR,FR,actual_solar_generation,Solar,2026-07-13T04:57:06Z
2026-07-13T04:56:31Z,2026-07-13T06:56:31+0200,46fca521-fea0-4798-9f2d-95ad89ae35bc,2026-07-10T06:15:00Z,2026-07-10T08:15:00+0200,4968.04,MW,FR,FR,actual_solar_generation,Solar,2026-07-13T04:57:06Z
2026-07-13T04:56:31Z,2026-07-13T06:56:31+0200,46fca521-fea0-4798-9f2d-95ad89ae35bc,2026-07-10T06:30:00Z,2026-07-10T08:30:00+0200,6103.76,MW,FR,FR,actual_solar_generation,Solar,2026-07-13T04:57:06Z
2026-07-13T04:56:31Z,2026-07-13T06:56:31+0200,46fca521-fea0-4798-9f2d-95ad89ae35bc,2026-07-10T06:45:00Z,2026-07-10T08:45:00+0200,7391.4,MW,FR,FR,actual_solar_generation,Solar,2026-07-13T04:57:06Z
2026-07-13T04:56:31Z,2026-07-13T06:56:31+0200,46fca521-fea0-4798-9f2d-95ad89ae35bc,2026-07-10T07:00:00Z,2026-07-10T09:00:00+0200,8597.06,MW,FR,FR,actual_solar_generation,Solar,2026-07-13T04:57:06Z
2026-07-13T04:56:31Z,2026-07-13T06:56:31+0200,46fca521-fea0-4798-9f2d-95ad89ae35bc,2026-07-10T07:15:00Z,2026-07-10T09:15:00+0200,9920.78,MW,FR,FR,actual_solar_generation,Solar,2026-07-13T04:57:06Z
2026-07-13T04:56:31Z,2026-07-13T06:56:31+0200,46fca521-fea0-4798-9f2d-95ad89ae35bc,2026-07-10T07:30:00Z,2026-07-10T09:30:00+0200,11082.17,MW,FR,FR,actual_solar_generation,Solar,2026-07-13T04:57:06Z
2026-07-13T04:56:31Z,2026-07-13T06:56:31+0200,46fca521-fea0-4798-9f2d-95ad89ae35bc,2026-07-10T07:45:00Z,2026-07-10T09:45:00+0200,12313.04,MW,FR,FR,actual_solar_generation,Solar,2026-07-13T04:57:06Z
2026-07-13T04:56:31Z,2026-07-13T06:56:31+0200,46fca521-fea0-4798-9f2d-95ad89ae35bc,2026-07-10T08:00:00Z,2026-07-10T10:00:00+0200,13443.48,MW,FR,FR,actual_solar_generation,Solar,2026-07-13T04:57:06Z
2026-07-13T04:56:31Z,2026-07-13T06:56:31+0200,46fca521-fea0-4798-9f2d-95ad89ae35bc,2026-07-10T08:15:00Z,2026-07-10T10:15:00+0200,14392.83,MW,FR,FR,actual_solar_generation,Solar,2026-07-13T04:57:06Z
2026-07-13T04:56:31Z,2026-07-13T06:56:31+0200,46fca521-fea0-4798-9f2d-95ad89ae35bc,2026-07-10T08:30:00Z,2026-07-10T10:30:00+0200,15448.98,MW,FR,FR,actual_solar_generation,Solar,2026-07-13T04:57:06Z
2026-07-13T04:56:31Z,2026-07-13T06:56:31+0200,46fca521-fea0-4798-9f2d-95ad89ae35bc,2026-07-10T08:45:00Z,2026-07-10T10:45:00+0200,16273.05,MW,FR,FR,actual_solar_generation,Solar,2026-07-13T04:57:06Z
2026-07-13T04:56:31Z,2026-07-13T06:56:31+0200,46fca521-fea0-4798-9f2d-95ad89ae35bc,2026-07-10T09:00:00Z,2026-07-10T11:00:00+0200,17065.87,MW,FR,FR,actual_solar_generation,Solar,2026-07-13T04:57:06Z
2026-07-13T04:56:31Z,2026-07-13T06:56:31+0200,46fca521-fea0-4798-9f2d-95ad89ae35bc,2026-07-10T09:15:00Z,2026-07-10T11:15:00+0200,17805.31,MW,FR,FR,actual_solar_generation,Solar,2026-07-13T04:57:06Z
2026-07-13T04:56:31Z,2026-07-13T06:56:31+0200,46fca521-fea0-4798-9f2d-95ad89ae35bc,2026-07-10T09:30:00Z,2026-07-10T11:30:00+0200,18376.98,MW,FR,FR,actual_solar_generation,Solar,2026-07-13T04:57:06Z
2026-07-13T04:56:31Z,2026-07-13T06:56:31+0200,46fca521-fea0-4798-9f2d-95ad89ae35bc,2026-07-10T09:45:00Z,2026-07-10T11:45:00+0200,18858.41,MW,FR,FR,actual_solar_generation,Solar,2026-07-13T04:57:06Z
2026-07-13T04:56:31Z,2026-07-13T06:56:31+0200,46fca521-fea0-4798-9f2d-95ad89ae35bc,2026-07-10T10:00:00Z,2026-07-10T12:00:00+0200,19307.76,MW,FR,FR,actual_solar_generation,Solar,2026-07-13T04:57:06Z
2026-07-13T04:56:31Z,2026-07-13T06:56:31+0200,46fca521-fea0-4798-9f2d-95ad89ae35bc,2026-07-10T10:15:00Z,2026-07-10T12:15:00+0200,19810.91,MW,FR,FR,actual_solar_generation,Solar,2026-07-13T04:57:06Z
2026-07-13T04:56:31Z,2026-07-13T06:56:31+0200,46fca521-fea0-4798-9f2d-95ad89ae35bc,2026-07-10T10:30:00Z,2026-07-10T12:30:00+0200,19946.52,MW,FR,FR,actual_solar_generation,Solar,2026-07-13T04:57:06Z
2026-07-13T04:56:31Z,2026-07-13T06:56:31+0200,46fca521-fea0-4798-9f2d-95ad89ae35bc,2026-07-10T10:45:00Z,2026-07-10T12:45:00+0200,20163.12,MW,FR,FR,actual_solar_generation,Solar,2026-07-13T04:57:06Z
2026-07-13T04:56:31Z,2026-07-13T06:56:31+0200,46fca521-fea0-4798-9f2d-95ad89ae35bc,2026-07-10T11:00:00Z,2026-07-10T13:00:00+0200,20299.42,MW,FR,FR,actual_solar_generation,Solar,2026-07-13T04:57:06Z
2026-07-13T04:56:31Z,2026-07-13T06:56:31+0200,46fca521-fea0-4798-9f2d-95ad89ae35bc,2026-07-10T11:15:00Z,2026-07-10T13:15:00+0200,20413.83,MW,FR,FR,actual_solar_generation,Solar,2026-07-13T04:57:06Z
2026-07-13T04:56:31Z,2026-07-13T06:56:31+0200,46fca521-fea0-4798-9f2d-95ad89ae35bc,2026-07-10T11:30:00Z,2026-07-10T13:30:00+0200,20542.84,MW,FR,FR,actual_solar_generation,Solar,2026-07-13T04:57:06Z
2026-07-13T04:56:31Z,2026-07-13T06:56:31+0200,46fca521-fea0-4798-9f2d-95ad89ae35bc,2026-07-10T11:45:00Z,2026-07-10T13:45:00+0200,20693.04,MW,FR,FR,actual_solar_generation,Solar,2026-07-13T04:57:06Z
2026-07-13T04:56:31Z,2026-07-13T06:56:31+0200,46fca521-fea0-4798-9f2d-95ad89ae35bc,2026-07-10T12:00:00Z,2026-07-10T14:00:00+0200,20516.9,MW,FR,FR,actual_solar_generation,Solar,2026-07-13T04:57:06Z
2026-07-13T04:56:31Z,2026-07-13T06:56:31+0200,46fca521-fea0-4798-9f2d-95ad89ae35bc,2026-07-10T12:15:00Z,2026-07-10T14:15:00+0200,20317.72,MW,FR,FR,actual_solar_generation,Solar,2026-07-13T04:57:06Z
2026-07-13T04:56:31Z,2026-07-13T06:56:31+0200,46fca521-fea0-4798-9f2d-95ad89ae35bc,2026-07-10T12:30:00Z,2026-07-10T14:30:00+0200,20028.84,MW,FR,FR,actual_solar_generation,Solar,2026-07-13T04:57:06Z
2026-07-13T04:56:31Z,2026-07-13T06:56:31+0200,46fca521-fea0-4798-9f2d-95ad89ae35bc,2026-07-10T12:45:00Z,2026-07-10T14:45:00+0200,19737.26,MW,FR,FR,actual_solar_generation,Solar,2026-07-13T04:57:06Z
2026-07-13T04:56:31Z,2026-07-13T06:56:31+0200,46fca521-fea0-4798-9f2d-95ad89ae35bc,2026-07-10T13:00:00Z,2026-07-10T15:00:00+0200,19412.9,MW,FR,FR,actual_solar_generation,Solar,2026-07-13T04:57:06Z
2026-07-13T04:56:31Z,2026-07-13T06:56:31+0200,46fca521-fea0-4798-9f2d-95ad89ae35bc,2026-07-10T13:15:00Z,2026-07-10T15:15:00+0200,19021.17,MW,FR,FR,actual_solar_generation,Solar,2026-07-13T04:57:06Z
2026-07-13T04:56:31Z,2026-07-13T06:56:31+0200,46fca521-fea0-4798-9f2d-95ad89ae35bc,2026-07-10T13:30:00Z,2026-07-10T15:30:00+0200,18643.22,MW,FR,FR,actual_solar_generation,Solar,2026-07-13T04:57:06Z
2026-07-13T04:56:31Z,2026-07-13T06:56:31+0200,46fca521-fea0-4798-9f2d-95ad89ae35bc,2026-07-10T13:45:00Z,2026-07-10T15:45:00+0200,18057.4,MW,FR,FR,actual_solar_generation,Solar,2026-07-13T04:57:06Z
2026-07-13T04:56:31Z,2026-07-13T06:56:31+0200,46fca521-fea0-4798-9f2d-95ad89ae35bc,2026-07-10T14:00:00Z,2026-07-10T16:00:00+0200,17411.02,MW,FR,FR,actual_solar_generation,Solar,2026-07-13T04:57:06Z
2026-07-13T04:56:31Z,2026-07-13T06:56:31+0200,46fca521-fea0-4798-9f2d-95ad89ae35bc,2026-07-10T14:15:00Z,2026-07-10T16:15:00+0200,16765.72,MW,FR,FR,actual_solar_generation,Solar,2026-07-13T04:57:06Z
2026-07-13T04:56:31Z,2026-07-13T06:56:31+0200,46fca521-fea0-4798-9f2d-95ad89ae35bc,2026-07-10T14:30:00Z,2026-07-10T16:30:00+0200,15947.32,MW,FR,FR,actual_solar_generation,Solar,2026-07-13T04:57:06Z
2026-07-13T04:56:31Z,2026-07-13T06:56:31+0200,46fca521-fea0-4798-9f2d-95ad89ae35bc,2026-07-10T14:45:00Z,2026-07-10T16:45:00+0200,15247.08,MW,FR,FR,actual_solar_generation,Solar,2026-07-13T04:57:06Z
2026-07-13T04:56:31Z,2026-07-13T06:56:31+0200,46fca521-fea0-4798-9f2d-95ad89ae35bc,2026-07-10T15:00:00Z,2026-07-10T17:00:00+0200,14532.51,MW,FR,FR,actual_solar_generation,Solar,2026-07-13T04:57:06Z
2026-07-13T04:56:31Z,2026-07-13T06:56:31+0200,46fca521-fea0-4798-9f2d-95ad89ae35bc,2026-07-10T15:15:00Z,2026-07-10T17:15:00+0200,13618.98,MW,FR,FR,actual_solar_generation,Solar,2026-07-13T04:57:06Z
2026-07-13T04:56:31Z,2026-07-13T06:56:31+0200,46fca521-fea0-4798-9f2d-95ad89ae35bc,2026-07-10T15:30:00Z,2026-07-10T17:30:00+0200,12464.38,MW,FR,FR,actual_solar_generation,Solar,2026-07-13T04:57:06Z
2026-07-13T04:56:31Z,2026-07-13T06:56:31+0200,46fca521-fea0-4798-9f2d-95ad89ae35bc,2026-07-10T15:45:00Z,2026-07-10T17:45:00+0200,11460.04,MW,FR,FR,actual_solar_generation,Solar,2026-07-13T04:57:06Z
2026-07-13T04:56:31Z,2026-07-13T06:56:31+0200,46fca521-fea0-4798-9f2d-95ad89ae35bc,2026-07-10T16:00:00Z,2026-07-10T18:00:00+0200,10375.15,MW,FR,FR,actual_solar_generation,Solar,2026-07-13T04:57:06Z
2026-07-13T04:56:31Z,2026-07-13T06:56:31+0200,46fca521-fea0-4798-9f2d-95ad89ae35bc,2026-07-10T16:15:00Z,2026-07-10T18:15:00+0200,9375.78,MW,FR,FR,actual_solar_generation,Solar,2026-07-13T04:57:06Z
2026-07-13T04:56:31Z,2026-07-13T06:56:31+0200,46fca521-fea0-4798-9f2d-95ad89ae35bc,2026-07-10T16:30:00Z,2026-07-10T18:30:00+0200,8387.06,MW,FR,FR,actual_solar_generation,Solar,2026-07-13T04:57:06Z
2026-07-13T04:56:31Z,2026-07-13T06:56:31+0200,46fca521-fea0-4798-9f2d-95ad89ae35bc,2026-07-10T16:45:00Z,2026-07-10T18:45:00+0200,7399.68,MW,FR,FR,actual_solar_generation,Solar,2026-07-13T04:57:06Z
2026-07-13T04:56:31Z,2026-07-13T06:56:31+0200,46fca521-fea0-4798-9f2d-95ad89ae35bc,2026-07-10T17:00:00Z,2026-07-10T19:00:00+0200,6433.7,MW,FR,FR,actual_solar_generation,Solar,2026-07-13T04:57:06Z
2026-07-13T04:56:31Z,2026-07-13T06:56:31+0200,46fca521-fea0-4798-9f2d-95ad89ae35bc,2026-07-10T17:15:00Z,2026-07-10T19:15:00+0200,5480.86,MW,FR,FR,actual_solar_generation,Solar,2026-07-13T04:57:06Z
2026-07-13T04:56:31Z,2026-07-13T06:56:31+0200,46fca521-fea0-4798-9f2d-95ad89ae35bc,2026-07-10T17:30:00Z,2026-07-10T19:30:00+0200,4468.9,MW,FR,FR,actual_solar_generation,Solar,2026-07-13T04:57:06Z
2026-07-13T04:56:31Z,2026-07-13T06:56:31+0200,46fca521-fea0-4798-9f2d-95ad89ae35bc,2026-07-10T17:45:00Z,2026-07-10T19:45:00+0200,3598.7,MW,FR,FR,actual_solar_generation,Solar,2026-07-13T04:57:06Z
2026-07-13T04:56:31Z,2026-07-13T06:56:31+0200,46fca521-fea0-4798-9f2d-95ad89ae35bc,2026-07-10T18:00:00Z,2026-07-10T20:00:00+0200,2805.11,MW,FR,FR,actual_solar_generation,Solar,2026-07-13T04:57:06Z
2026-07-13T04:56:31Z,2026-07-13T06:56:31+0200,46fca521-fea0-4798-9f2d-95ad89ae35bc,2026-07-10T18:15:00Z,2026-07-10T20:15:00+0200,2145.62,MW,FR,FR,actual_solar_generation,Solar,2026-07-13T04:57:06Z
2026-07-13T04:56:31Z,2026-07-13T06:56:31+0200,46fca521-fea0-4798-9f2d-95ad89ae35bc,2026-07-10T18:30:00Z,2026-07-10T20:30:00+0200,1623.34,MW,FR,FR,actual_solar_generation,Solar,2026-07-13T04:57:06Z
2026-07-13T04:56:31Z,2026-07-13T06:56:31+0200,46fca521-fea0-4798-9f2d-95ad89ae35bc,2026-07-10T18:45:00Z,2026-07-10T20:45:00+0200,1218.91,MW,FR,FR,actual_solar_generation,Solar,2026-07-13T04:57:06Z
2026-07-13T04:56:31Z,2026-07-13T06:56:31+0200,46fca521-fea0-4798-9f2d-95ad89ae35bc,2026-07-10T19:00:00Z,2026-07-10T21:00:00+0200,864.63,MW,FR,FR,actual_solar_generation,Solar,2026-07-13T04:57:06Z
2026-07-13T04:56:31Z,2026-07-13T06:56:31+0200,46fca521-fea0-4798-9f2d-95ad89ae35bc,2026-07-10T19:15:00Z,2026-07-10T21:15:00+0200,576.37,MW,FR,FR,actual_solar_generation,Solar,2026-07-13T04:57:06Z
2026-07-13T04:56:31Z,2026-07-13T06:56:31+0200,46fca521-fea0-4798-9f2d-95ad89ae35bc,2026-07-10T19:30:00Z,2026-07-10T21:30:00+0200,383.04,MW,FR,FR,actual_solar_generation,Solar,2026-07-13T04:57:06Z
2026-07-13T04:56:31Z,2026-07-13T06:56:31+0200,46fca521-fea0-4798-9f2d-95ad89ae35bc,2026-07-10T19:45:00Z,2026-07-10T21:45:00+0200,280.41,MW,FR,FR,actual_solar_generation,Solar,2026-07-13T04:57:06Z
2026-07-13T04:56:31Z,2026-07-13T06:56:31+0200,46fca521-fea0-4798-9f2d-95ad89ae35bc,2026-07-10T20:00:00Z,2026-07-10T22:00:00+0200,243.76,MW,FR,FR,actual_solar_generation,Solar,2026-07-13T04:57:06Z
2026-07-13T04:56:31Z,2026-07-13T06:56:31+0200,46fca521-fea0-4798-9f2d-95ad89ae35bc,2026-07-10T20:15:00Z,2026-07-10T22:15:00+0200,238.73,MW,FR,FR,actual_solar_generation,Solar,2026-07-13T04:57:06Z
2026-07-13T04:56:31Z,2026-07-13T06:56:31+0200,46fca521-fea0-4798-9f2d-95ad89ae35bc,2026-07-10T20:30:00Z,2026-07-10T22:30:00+0200,246.33,MW,FR,FR,actual_solar_generation,Solar,2026-07-13T04:57:06Z
2026-07-13T04:56:31Z,2026-07-13T06:56:31+0200,46fca521-fea0-4798-9f2d-95ad89ae35bc,2026-07-10T20:45:00Z,2026-07-10T22:45:00+0200,247.07,MW,FR,FR,actual_solar_generation,Solar,2026-07-13T04:57:06Z
2026-07-13T04:56:31Z,2026-07-13T06:56:31+0200,46fca521-fea0-4798-9f2d-95ad89ae35bc,2026-07-10T21:00:00Z,2026-07-10T23:00:00+0200,246.95,MW,FR,FR,actual_solar_generation,Solar,2026-07-13T04:57:06Z
2026-07-13T04:56:31Z,2026-07-13T06:56:31+0200,46fca521-fea0-4798-9f2d-95ad89ae35bc,2026-07-10T21:15:00Z,2026-07-10T23:15:00+0200,242.66,MW,FR,FR,actual_solar_generation,Solar,2026-07-13T04:57:06Z
2026-07-13T04:56:31Z,2026-07-13T06:56:31+0200,46fca521-fea0-4798-9f2d-95ad89ae35bc,2026-07-10T21:30:00Z,2026-07-10T23:30:00+0200,241.44,MW,FR,FR,actual_solar_generation,Solar,2026-07-13T04:57:06Z
2026-07-13T04:56:31Z,2026-07-13T06:56:31+0200,46fca521-fea0-4798-9f2d-95ad89ae35bc,2026-07-10T21:45:00Z,2026-07-10T23:45:00+0200,239.17,MW,FR,FR,actual_solar_generation,Solar,2026-07-13T04:57:06Z
2026-07-13T04:56:31Z,2026-07-13T06:56:31+0200,46fca521-fea0-4798-9f2d-95ad89ae35bc,2026-07-10T22:00:00Z,2026-07-11T00:00:00+0200,0.0,MW,FR,FR,actual_solar_generation,Solar,2026-07-13T04:57:06Z
2026-07-13T04:56:31Z,2026-07-13T06:56:31+0200,46fca521-fea0-4798-9f2d-95ad89ae35bc,2026-07-10T22:15:00Z,2026-07-11T00:15:00+0200,0.0,MW,FR,FR,actual_solar_generation,Solar,2026-07-13T04:57:06Z
2026-07-13T04:56:31Z,2026-07-13T06:56:31+0200,46fca521-fea0-4798-9f2d-95ad89ae35bc,2026-07-10T22:30:00Z,2026-07-11T00:30:00+0200,0.0,MW,FR,FR,actual_solar_generation,Solar,2026-07-13T04:57:06Z
2026-07-13T04:56:31Z,2026-07-13T06:56:31+0200,46fca521-fea0-4798-9f2d-95ad89ae35bc,2026-07-10T22:45:00Z,2026-07-11T00:45:00+0200,0.0,MW,FR,FR,actual_solar_generation,Solar,2026-07-13T04:57:06Z
2026-07-13T04:56:31Z,2026-07-13T06:56:31+0200,46fca521-fea0-4798-9f2d-95ad89ae35bc,2026-07-10T23:00:00Z,2026-07-11T01:00:00+0200,0.0,MW,FR,FR,actual_solar_generation,Solar,2026-07-13T04:57:06Z
2026-07-13T04:56:31Z,2026-07-13T06:56:31+0200,46fca521-fea0-4798-9f2d-95ad89ae35bc,2026-07-10T23:15:00Z,2026-07-11T01:15:00+0200,0.0,MW,FR,FR,actual_solar_generation,Solar,2026-07-13T04:57:06Z
2026-07-13T04:56:31Z,2026-07-13T06:56:31+0200,46fca521-fea0-4798-9f2d-95ad89ae35bc,2026-07-10T23:30:00Z,2026-07-11T01:30:00+0200,0.0,MW,FR,FR,actual_solar_generation,Solar,2026-07-13T04:57:06Z
2026-07-13T04:56:31Z,2026-07-13T06:56:31+0200,46fca521-fea0-4798-9f2d-95ad89ae35bc,2026-07-10T23:45:00Z,2026-07-11T01:45:00+0200,0.0,MW,FR,FR,actual_solar_generation,Solar,2026-07-13T04:57:06Z
2026-07-13T04:56:31Z,2026-07-13T06:56:31+0200,46fca521-fea0-4798-9f2d-95ad89ae35bc,2026-07-11T00:00:00Z,2026-07-11T02:00:00+0200,0.0,MW,FR,FR,actual_solar_generation,Solar,2026-07-13T04:57:06Z
2026-07-13T04:56:31Z,2026-07-13T06:56:31+0200,46fca521-fea0-4798-9f2d-95ad89ae35bc,2026-07-11T00:15:00Z,2026-07-11T02:15:00+0200,0.0,MW,FR,FR,actual_solar_generation,Solar,2026-07-13T04:57:06Z
2026-07-13T04:56:31Z,2026-07-13T06:56:31+0200,46fca521-fea0-4798-9f2d-95ad89ae35bc,2026-07-11T00:30:00Z,2026-07-11T02:30:00+0200,0.0,MW,FR,FR,actual_solar_generation,Solar,2026-07-13T04:57:06Z
2026-07-13T04:56:31Z,2026-07-13T06:56:31+0200,46fca521-fea0-4798-9f2d-95ad89ae35bc,2026-07-11T00:45:00Z,2026-07-11T02:45:00+0200,0.0,MW,FR,FR,actual_solar_generation,Solar,2026-07-13T04:57:06Z
2026-07-13T04:56:31Z,2026-07-13T06:56:31+0200,46fca521-fea0-4798-9f2d-95ad89ae35bc,2026-07-11T01:00:00Z,2026-07-11T03:00:00+0200,0.0,MW,FR,FR,actual_solar_generation,Solar,2026-07-13T04:57:06Z
2026-07-13T04:56:31Z,2026-07-13T06:56:31+0200,46fca521-fea0-4798-9f2d-95ad89ae35bc,2026-07-11T01:15:00Z,2026-07-11T03:15:00+0200,0.0,MW,FR,FR,actual_solar_generation,Solar,2026-07-13T04:57:06Z
2026-07-13T04:56:31Z,2026-07-13T06:56:31+0200,46fca521-fea0-4798-9f2d-95ad89ae35bc,2026-07-11T01:30:00Z,2026-07-11T03:30:00+0200,0.0,MW,FR,FR,actual_solar_generation,Solar,2026-07-13T04:57:06Z
2026-07-13T04:56:31Z,2026-07-13T06:56:31+0200,46fca521-fea0-4798-9f2d-95ad89ae35bc,2026-07-11T01:45:00Z,2026-07-11T03:45:00+0200,0.0,MW,FR,FR,actual_solar_generation,Solar,2026-07-13T04:57:06Z
2026-07-13T04:56:31Z,2026-07-13T06:56:31+0200,46fca521-fea0-4798-9f2d-95ad89ae35bc,2026-07-11T02:00:00Z,2026-07-11T04:00:00+0200,0.0,MW,FR,FR,actual_solar_generation,Solar,2026-07-13T04:57:06Z
2026-07-13T04:56:31Z,2026-07-13T06:56:31+0200,46fca521-fea0-4798-9f2d-95ad89ae35bc,2026-07-11T02:15:00Z,2026-07-11T04:15:00+0200,0.0,MW,FR,FR,actual_solar_generation,Solar,2026-07-13T04:57:06Z
2026-07-13T04:56:31Z,2026-07-13T06:56:31+0200,46fca521-fea0-4798-9f2d-95ad89ae35bc,2026-07-11T02:30:00Z,2026-07-11T04:30:00+0200,0.0,MW,FR,FR,actual_solar_generation,Solar,2026-07-13T04:57:06Z
2026-07-13T04:56:31Z,2026-07-13T06:56:31+0200,46fca521-fea0-4798-9f2d-95ad89ae35bc,2026-07-11T02:45:00Z,2026-07-11T04:45:00+0200,0.0,MW,FR,FR,actual_solar_generation,Solar,2026-07-13T04:57:06Z
2026-07-13T04:56:31Z,2026-07-13T06:56:31+0200,46fca521-fea0-4798-9f2d-95ad89ae35bc,2026-07-11T03:00:00Z,2026-07-11T05:00:00+0200,239.87,MW,FR,FR,actual_solar_generation,Solar,2026-07-13T04:57:06Z
2026-07-13T04:56:31Z,2026-07-13T06:56:31+0200,46fca521-fea0-4798-9f2d-95ad89ae35bc,2026-07-11T03:15:00Z,2026-07-11T05:15:00+0200,235.06,MW,FR,FR,actual_solar_generation,Solar,2026-07-13T04:57:06Z
2026-07-13T04:56:31Z,2026-07-13T06:56:31+0200,46fca521-fea0-4798-9f2d-95ad89ae35bc,2026-07-11T03:30:00Z,2026-07-11T05:30:00+0200,249.5,MW,FR,FR,actual_solar_generation,Solar,2026-07-13T04:57:06Z
2026-07-13T04:56:31Z,2026-07-13T06:56:31+0200,46fca521-fea0-4798-9f2d-95ad89ae35bc,2026-07-11T03:45:00Z,2026-07-11T05:45:00+0200,261.6,MW,FR,FR,actual_solar_generation,Solar,2026-07-13T04:57:06Z
2026-07-13T04:56:31Z,2026-07-13T06:56:31+0200,46fca521-fea0-4798-9f2d-95ad89ae35bc,2026-07-11T04:00:00Z,2026-07-11T06:00:00+0200,294.57,MW,FR,FR,actual_solar_generation,Solar,2026-07-13T04:57:06Z
2026-07-13T04:56:31Z,2026-07-13T06:56:31+0200,46fca521-fea0-4798-9f2d-95ad89ae35bc,2026-07-11T04:15:00Z,2026-07-11T06:15:00+0200,373.18,MW,FR,FR,actual_solar_generation,Solar,2026-07-13T04:57:06Z
2026-07-13T04:56:31Z,2026-07-13T06:56:31+0200,46fca521-fea0-4798-9f2d-95ad89ae35bc,2026-07-11T04:30:00Z,2026-07-11T06:30:00+0200,496.25,MW,FR,FR,actual_solar_generation,Solar,2026-07-13T04:57:06Z
2026-07-13T04:56:31Z,2026-07-13T06:56:31+0200,46fca521-fea0-4798-9f2d-95ad89ae35bc,2026-07-11T04:45:00Z,2026-07-11T06:45:00+0200,738.18,MW,FR,FR,actual_solar_generation,Solar,2026-07-13T04:57:06Z
2026-07-13T04:56:31Z,2026-07-13T06:56:31+0200,46fca521-fea0-4798-9f2d-95ad89ae35bc,2026-07-11T05:00:00Z,2026-07-11T07:00:00+0200,1088.87,MW,FR,FR,actual_solar_generation,Solar,2026-07-13T04:57:06Z
2026-07-13T04:56:31Z,2026-07-13T06:56:31+0200,46fca521-fea0-4798-9f2d-95ad89ae35bc,2026-07-11T05:15:00Z,2026-07-11T07:15:00+0200,1525.72,MW,FR,FR,actual_solar_generation,Solar,2026-07-13T04:57:06Z
2026-07-13T04:56:31Z,2026-07-13T06:56:31+0200,46fca521-fea0-4798-9f2d-95ad89ae35bc,2026-07-11T05:30:00Z,2026-07-11T07:30:00+0200,2079.66,MW,FR,FR,actual_solar_generation,Solar,2026-07-13T04:57:06Z
2026-07-13T04:56:31Z,2026-07-13T06:56:31+0200,46fca521-fea0-4798-9f2d-95ad89ae35bc,2026-07-11T05:45:00Z,2026-07-11T07:45:00+0200,2788.59,MW,FR,FR,actual_solar_generation,Solar,2026-07-13T04:57:06Z
2026-07-13T04:56:31Z,2026-07-13T06:56:31+0200,46fca521-fea0-4798-9f2d-95ad89ae35bc,2026-07-11T06:00:00Z,2026-07-11T08:00:00+0200,3548.19,MW,FR,FR,actual_solar_generation,Solar,2026-07-13T04:57:06Z
2026-07-13T04:56:31Z,2026-07-13T06:56:31+0200,46fca521-fea0-4798-9f2d-95ad89ae35bc,2026-07-11T06:15:00Z,2026-07-11T08:15:00+0200,4281.71,MW,FR,FR,actual_solar_generation,Solar,2026-07-13T04:57:06Z
2026-07-13T04:56:31Z,2026-07-13T06:56:31+0200,46fca521-fea0-4798-9f2d-95ad89ae35bc,2026-07-11T06:30:00Z,2026-07-11T08:30:00+0200,5465.7,MW,FR,FR,actual_solar_generation,Solar,2026-07-13T04:57:06Z
2026-07-13T04:56:31Z,2026-07-13T06:56:31+0200,46fca521-fea0-4798-9f2d-95ad89ae35bc,2026-07-11T06:45:00Z,2026-07-11T08:45:00+0200,6449.44,MW,FR,FR,actual_solar_generation,Solar,2026-07-13T04:57:06Z
2026-07-13T04:56:31Z,2026-07-13T06:56:31+0200,46fca521-fea0-4798-9f2d-95ad89ae35bc,2026-07-11T07:00:00Z,2026-07-11T09:00:00+0200,7492.3,MW,FR,FR,actual_solar_generation,Solar,2026-07-13T04:57:06Z
2026-07-13T04:56:31Z,2026-07-13T06:56:31+0200,46fca521-fea0-4798-9f2d-95ad89ae35bc,2026-07-11T07:15:00Z,2026-07-11T09:15:00+0200,8603.19,MW,FR,FR,actual_solar_generation,Solar,2026-07-13T04:57:06Z
2026-07-13T04:56:31Z,2026-07-13T06:56:31+0200,46fca521-fea0-4798-9f2d-95ad89ae35bc,2026-07-11T07:30:00Z,2026-07-11T09:30:00+0200,9711.17,MW,FR,FR,actual_solar_generation,Solar,2026-07-13T04:57:06Z
2026-07-13T04:56:31Z,2026-07-13T06:56:31+0200,46fca521-fea0-4798-9f2d-95ad89ae35bc,2026-07-11T07:45:00Z,2026-07-11T09:45:00+0200,10756.58,MW,FR,FR,actual_solar_generation,Solar,2026-07-13T04:57:06Z
2026-07-13T04:56:31Z,2026-07-13T06:56:31+0200,46fca521-fea0-4798-9f2d-95ad89ae35bc,2026-07-11T08:00:00Z,2026-07-11T10:00:00+0200,11877.73,MW,FR,FR,actual_solar_generation,Solar,2026-07-13T04:57:06Z
2026-07-13T04:56:31Z,2026-07-13T06:56:31+0200,46fca521-fea0-4798-9f2d-95ad89ae35bc,2026-07-11T08:15:00Z,2026-07-11T10:15:00+0200,12956.86,MW,FR,FR,actual_solar_generation,Solar,2026-07-13T04:57:06Z
2026-07-13T04:56:31Z,2026-07-13T06:56:31+0200,46fca521-fea0-4798-9f2d-95ad89ae35bc,2026-07-11T08:30:00Z,2026-07-11T10:30:00+0200,13916.03,MW,FR,FR,actual_solar_generation,Solar,2026-07-13T04:57:06Z
2026-07-13T04:56:31Z,2026-07-13T06:56:31+0200,46fca521-fea0-4798-9f2d-95ad89ae35bc,2026-07-11T08:45:00Z,2026-07-11T10:45:00+0200,14900.86,MW,FR,FR,actual_solar_generation,Solar,2026-07-13T04:57:06Z
2026-07-13T04:56:31Z,2026-07-13T06:56:31+0200,46fca521-fea0-4798-9f2d-95ad89ae35bc,2026-07-11T09:00:00Z,2026-07-11T11:00:00+0200,15815.58,MW,FR,FR,actual_solar_generation,Solar,2026-07-13T04:57:06Z
2026-07-13T04:56:31Z,2026-07-13T06:56:31+0200,46fca521-fea0-4798-9f2d-95ad89ae35bc,2026-07-11T09:15:00Z,2026-07-11T11:15:00+0200,16590.37,MW,FR,FR,actual_solar_generation,Solar,2026-07-13T04:57:06Z
2026-07-13T04:56:31Z,2026-07-13T06:56:31+0200,46fca521-fea0-4798-9f2d-95ad89ae35bc,2026-07-11T09:30:00Z,2026-07-11T11:30:00+0200,17186.77,MW,FR,FR,actual_solar_generation,Solar,2026-07-13T04:57:06Z
2026-07-13T04:56:31Z,2026-07-13T06:56:31+0200,46fca521-fea0-4798-9f2d-95ad89ae35bc,2026-07-11T09:45:00Z,2026-07-11T11:45:00+0200,17814.71,MW,FR,FR,actual_solar_generation,Solar,2026-07-13T04:57:06Z
2026-07-13T04:56:31Z,2026-07-13T06:56:31+0200,46fca521-fea0-4798-9f2d-95ad89ae35bc,2026-07-11T10:00:00Z,2026-07-11T12:00:00+0200,18363.06,MW,FR,FR,actual_solar_generation,Solar,2026-07-13T04:57:06Z
2026-07-13T04:56:31Z,2026-07-13T06:56:31+0200,46fca521-fea0-4798-9f2d-95ad89ae35bc,2026-07-11T10:15:00Z,2026-07-11T12:15:00+0200,18721.33,MW,FR,FR,actual_solar_generation,Solar,2026-07-13T04:57:06Z
2026-07-13T04:56:31Z,2026-07-13T06:56:31+0200,46fca521-fea0-4798-9f2d-95ad89ae35bc,2026-07-11T10:30:00Z,2026-07-11T12:30:00+0200,19154.89,MW,FR,FR,actual_solar_generation,Solar,2026-07-13T04:57:06Z
2026-07-13T04:56:31Z,2026-07-13T06:56:31+0200,46fca521-fea0-4798-9f2d-95ad89ae35bc,2026-07-11T10:45:00Z,2026-07-11T12:45:00+0200,17974.51,MW,FR,FR,actual_solar_generation,Solar,2026-07-13T04:57:06Z
2026-07-13T04:56:31Z,2026-07-13T06:56:31+0200,46fca521-fea0-4798-9f2d-95ad89ae35bc,2026-07-11T11:00:00Z,2026-07-11T13:00:00+0200,16088.72,MW,FR,FR,actual_solar_generation,Solar,2026-07-13T04:57:06Z
2026-07-13T04:56:31Z,2026-07-13T06:56:31+0200,46fca521-fea0-4798-9f2d-95ad89ae35bc,2026-07-11T11:15:00Z,2026-07-11T13:15:00+0200,15804.68,MW,FR,FR,actual_solar_generation,Solar,2026-07-13T04:57:06Z
2026-07-13T04:56:31Z,2026-07-13T06:56:31+0200,46fca521-fea0-4798-9f2d-95ad89ae35bc,2026-07-11T11:30:00Z,2026-07-11T13:30:00+0200,16003.45,MW,FR,FR,actual_solar_generation,Solar,2026-07-13T04:57:06Z
2026-07-13T04:56:31Z,2026-07-13T06:56:31+0200,46fca521-fea0-4798-9f2d-95ad89ae35bc,2026-07-11T11:45:00Z,2026-07-11T13:45:00+0200,16393.84,MW,FR,FR,actual_solar_generation,Solar,2026-07-13T04:57:06Z
2026-07-13T04:56:31Z,2026-07-13T06:56:31+0200,46fca521-fea0-4798-9f2d-95ad89ae35bc,2026-07-11T12:00:00Z,2026-07-11T14:00:00+0200,16379.59,MW,FR,FR,actual_solar_generation,Solar,2026-07-13T04:57:06Z
2026-07-13T04:56:31Z,2026-07-13T06:56:31+0200,46fca521-fea0-4798-9f2d-95ad89ae35bc,2026-07-11T12:15:00Z,2026-07-11T14:15:00+0200,16319.6,MW,FR,FR,actual_solar_generation,Solar,2026-07-13T04:57:06Z
2026-07-13T04:56:31Z,2026-07-13T06:56:31+0200,46fca521-fea0-4798-9f2d-95ad89ae35bc,2026-07-11T12:30:00Z,2026-07-11T14:30:00+0200,16270.89,MW,FR,FR,actual_solar_generation,Solar,2026-07-13T04:57:06Z
2026-07-13T04:56:31Z,2026-07-13T06:56:31+0200,46fca521-fea0-4798-9f2d-95ad89ae35bc,2026-07-11T12:45:00Z,2026-07-11T14:45:00+0200,16174.16,MW,FR,FR,actual_solar_generation,Solar,2026-07-13T04:57:06Z
2026-07-13T04:56:31Z,2026-07-13T06:56:31+0200,46fca521-fea0-4798-9f2d-95ad89ae35bc,2026-07-11T13:00:00Z,2026-07-11T15:00:00+0200,16989.84,MW,FR,FR,actual_solar_generation,Solar,2026-07-13T04:57:06Z
2026-07-13T04:56:31Z,2026-07-13T06:56:31+0200,46fca521-fea0-4798-9f2d-95ad89ae35bc,2026-07-11T13:15:00Z,2026-07-11T15:15:00+0200,18821.07,MW,FR,FR,actual_solar_generation,Solar,2026-07-13T04:57:06Z
2026-07-13T04:56:31Z,2026-07-13T06:56:31+0200,46fca521-fea0-4798-9f2d-95ad89ae35bc,2026-07-11T13:30:00Z,2026-07-11T15:30:00+0200,18562.8,MW,FR,FR,actual_solar_generation,Solar,2026-07-13T04:57:06Z
2026-07-13T04:56:31Z,2026-07-13T06:56:31+0200,46fca521-fea0-4798-9f2d-95ad89ae35bc,2026-07-11T13:45:00Z,2026-07-11T15:45:00+0200,18215.31,MW,FR,FR,actual_solar_generation,Solar,2026-07-13T04:57:06Z
2026-07-13T04:56:31Z,2026-07-13T06:56:31+0200,46fca521-fea0-4798-9f2d-95ad89ae35bc,2026-07-11T14:00:00Z,2026-07-11T16:00:00+0200,17765.56,MW,FR,FR,actual_solar_generation,Solar,2026-07-13T04:57:06Z
2026-07-13T04:56:31Z,2026-07-13T06:56:31+0200,46fca521-fea0-4798-9f2d-95ad89ae35bc,2026-07-11T14:15:00Z,2026-07-11T16:15:00+0200,17038.07,MW,FR,FR,actual_solar_generation,Solar,2026-07-13T04:57:06Z
2026-07-13T04:56:31Z,2026-07-13T06:56:31+0200,46fca521-fea0-4798-9f2d-95ad89ae35bc,2026-07-11T14:30:00Z,2026-07-11T16:30:00+0200,16294.14,MW,FR,FR,actual_solar_generation,Solar,2026-07-13T04:57:06Z
2026-07-13T04:56:31Z,2026-07-13T06:56:31+0200,46fca521-fea0-4798-9f2d-95ad89ae35bc,2026-07-11T14:45:00Z,2026-07-11T16:45:00+0200,15639.72,MW,FR,FR,actual_solar_generation,Solar,2026-07-13T04:57:06Z
2026-07-13T04:56:31Z,2026-07-13T06:56:31+0200,46fca521-fea0-4798-9f2d-95ad89ae35bc,2026-07-11T15:00:00Z,2026-07-11T17:00:00+0200,14857.26,MW,FR,FR,actual_solar_generation,Solar,2026-07-13T04:57:06Z
2026-07-13T04:56:31Z,2026-07-13T06:56:31+0200,46fca521-fea0-4798-9f2d-95ad89ae35bc,2026-07-11T15:15:00Z,2026-07-11T17:15:00+0200,14034.95,MW,FR,FR,actual_solar_generation,Solar,2026-07-13T04:57:06Z
2026-07-13T04:56:31Z,2026-07-13T06:56:31+0200,46fca521-fea0-4798-9f2d-95ad89ae35bc,2026-07-11T15:30:00Z,2026-07-11T17:30:00+0200,13139.28,MW,FR,FR,actual_solar_generation,Solar,2026-07-13T04:57:06Z
2026-07-13T04:56:31Z,2026-07-13T06:56:31+0200,46fca521-fea0-4798-9f2d-95ad89ae35bc,2026-07-11T15:45:00Z,2026-07-11T17:45:00+0200,12120.38,MW,FR,FR,actual_solar_generation,Solar,2026-07-13T04:57:06Z
2026-07-13T04:56:31Z,2026-07-13T06:56:31+0200,46fca521-fea0-4798-9f2d-95ad89ae35bc,2026-07-11T16:00:00Z,2026-07-11T18:00:00+0200,11129.87,MW,FR,FR,actual_solar_generation,Solar,2026-07-13T04:57:06Z
2026-07-13T04:56:31Z,2026-07-13T06:56:31+0200,46fca521-fea0-4798-9f2d-95ad89ae35bc,2026-07-11T16:15:00Z,2026-07-11T18:15:00+0200,10160.95,MW,FR,FR,actual_solar_generation,Solar,2026-07-13T04:57:06Z
2026-07-13T04:56:31Z,2026-07-13T06:56:31+0200,46fca521-fea0-4798-9f2d-95ad89ae35bc,2026-07-11T16:30:00Z,2026-07-11T18:30:00+0200,9068.16,MW,FR,FR,actual_solar_generation,Solar,2026-07-13T04:57:06Z
2026-07-13T04:56:31Z,2026-07-13T06:56:31+0200,46fca521-fea0-4798-9f2d-95ad89ae35bc,2026-07-11T16:45:00Z,2026-07-11T18:45:00+0200,8039.08,MW,FR,FR,actual_solar_generation,Solar,2026-07-13T04:57:06Z
2026-07-13T04:56:31Z,2026-07-13T06:56:31+0200,46fca521-fea0-4798-9f2d-95ad89ae35bc,2026-07-11T17:00:00Z,2026-07-11T19:00:00+0200,6946.44,MW,FR,FR,actual_solar_generation,Solar,2026-07-13T04:57:06Z
2026-07-13T04:56:31Z,2026-07-13T06:56:31+0200,46fca521-fea0-4798-9f2d-95ad89ae35bc,2026-07-11T17:15:00Z,2026-07-11T19:15:00+0200,5861.74,MW,FR,FR,actual_solar_generation,Solar,2026-07-13T04:57:06Z
2026-07-13T04:56:31Z,2026-07-13T06:56:31+0200,46fca521-fea0-4798-9f2d-95ad89ae35bc,2026-07-11T17:30:00Z,2026-07-11T19:30:00+0200,4851.69,MW,FR,FR,actual_solar_generation,Solar,2026-07-13T04:57:06Z
2026-07-13T04:56:31Z,2026-07-13T06:56:31+0200,46fca521-fea0-4798-9f2d-95ad89ae35bc,2026-07-11T17:45:00Z,2026-07-11T19:45:00+0200,3887.74,MW,FR,FR,actual_solar_generation,Solar,2026-07-13T04:57:06Z
2026-07-13T04:56:31Z,2026-07-13T06:56:31+0200,46fca521-fea0-4798-9f2d-95ad89ae35bc,2026-07-11T18:00:00Z,2026-07-11T20:00:00+0200,2980.37,MW,FR,FR,actual_solar_generation,Solar,2026-07-13T04:57:06Z
2026-07-13T04:56:31Z,2026-07-13T06:56:31+0200,46fca521-fea0-4798-9f2d-95ad89ae35bc,2026-07-11T18:15:00Z,2026-07-11T20:15:00+0200,2278.84,MW,FR,FR,actual_solar_generation,Solar,2026-07-13T04:57:06Z
2026-07-13T04:56:31Z,2026-07-13T06:56:31+0200,46fca521-fea0-4798-9f2d-95ad89ae35bc,2026-07-11T18:30:00Z,2026-07-11T20:30:00+0200,1702.47,MW,FR,FR,actual_solar_generation,Solar,2026-07-13T04:57:06Z
2026-07-13T04:56:31Z,2026-07-13T06:56:31+0200,46fca521-fea0-4798-9f2d-95ad89ae35bc,2026-07-11T18:45:00Z,2026-07-11T20:45:00+0200,1252.19,MW,FR,FR,actual_solar_generation,Solar,2026-07-13T04:57:06Z
2026-07-13T04:56:31Z,2026-07-13T06:56:31+0200,46fca521-fea0-4798-9f2d-95ad89ae35bc,2026-07-11T19:00:00Z,2026-07-11T21:00:00+0200,868.48,MW,FR,FR,actual_solar_generation,Solar,2026-07-13T04:57:06Z
2026-07-13T04:56:31Z,2026-07-13T06:56:31+0200,46fca521-fea0-4798-9f2d-95ad89ae35bc,2026-07-11T19:15:00Z,2026-07-11T21:15:00+0200,559.13,MW,FR,FR,actual_solar_generation,Solar,2026-07-13T04:57:06Z
2026-07-13T04:56:31Z,2026-07-13T06:56:31+0200,46fca521-fea0-4798-9f2d-95ad89ae35bc,2026-07-11T19:30:00Z,2026-07-11T21:30:00+0200,357.81,MW,FR,FR,actual_solar_generation,Solar,2026-07-13T04:57:06Z
2026-07-13T04:56:31Z,2026-07-13T06:56:31+0200,46fca521-fea0-4798-9f2d-95ad89ae35bc,2026-07-11T19:45:00Z,2026-07-11T21:45:00+0200,270.78,MW,FR,FR,actual_solar_generation,Solar,2026-07-13T04:57:06Z
2026-07-13T04:56:31Z,2026-07-13T06:56:31+0200,46fca521-fea0-4798-9f2d-95ad89ae35bc,2026-07-11T20:00:00Z,2026-07-11T22:00:00+0200,246.28,MW,FR,FR,actual_solar_generation,Solar,2026-07-13T04:57:06Z
2026-07-13T04:56:31Z,2026-07-13T06:56:31+0200,46fca521-fea0-4798-9f2d-95ad89ae35bc,2026-07-11T20:15:00Z,2026-07-11T22:15:00+0200,240.24,MW,FR,FR,actual_solar_generation,Solar,2026-07-13T04:57:06Z
2026-07-13T04:56:31Z,2026-07-13T06:56:31+0200,46fca521-fea0-4798-9f2d-95ad89ae35bc,2026-07-11T20:30:00Z,2026-07-11T22:30:00+0200,248.75,MW,FR,FR,actual_solar_generation,Solar,2026-07-13T04:57:06Z
2026-07-13T04:56:31Z,2026-07-13T06:56:31+0200,46fca521-fea0-4798-9f2d-95ad89ae35bc,2026-07-11T20:45:00Z,2026-07-11T22:45:00+0200,247.57,MW,FR,FR,actual_solar_generation,Solar,2026-07-13T04:57:06Z
2026-07-13T04:56:31Z,2026-07-13T06:56:31+0200,46fca521-fea0-4798-9f2d-95ad89ae35bc,2026-07-11T21:00:00Z,2026-07-11T23:00:00+0200,250.69,MW,FR,FR,actual_solar_generation,Solar,2026-07-13T04:57:06Z
2026-07-13T04:56:31Z,2026-07-13T06:56:31+0200,46fca521-fea0-4798-9f2d-95ad89ae35bc,2026-07-11T21:15:00Z,2026-07-11T23:15:00+0200,255.82,MW,FR,FR,actual_solar_generation,Solar,2026-07-13T04:57:06Z
2026-07-13T04:56:31Z,2026-07-13T06:56:31+0200,46fca521-fea0-4798-9f2d-95ad89ae35bc,2026-07-11T21:30:00Z,2026-07-11T23:30:00+0200,259.23,MW,FR,FR,actual_solar_generation,Solar,2026-07-13T04:57:06Z
2026-07-13T04:56:31Z,2026-07-13T06:56:31+0200,46fca521-fea0-4798-9f2d-95ad89ae35bc,2026-07-11T21:45:00Z,2026-07-11T23:45:00+0200,260.32,MW,FR,FR,actual_solar_generation,Solar,2026-07-13T04:57:06Z
2026-07-13T04:56:31Z,2026-07-13T06:56:31+0200,46fca521-fea0-4798-9f2d-95ad89ae35bc,2026-07-11T22:00:00Z,2026-07-12T00:00:00+0200,0.0,MW,FR,FR,actual_solar_generation,Solar,2026-07-13T04:57:06Z
2026-07-13T04:56:31Z,2026-07-13T06:56:31+0200,46fca521-fea0-4798-9f2d-95ad89ae35bc,2026-07-11T22:15:00Z,2026-07-12T00:15:00+0200,0.0,MW,FR,FR,actual_solar_generation,Solar,2026-07-13T04:57:06Z
2026-07-13T04:56:31Z,2026-07-13T06:56:31+0200,46fca521-fea0-4798-9f2d-95ad89ae35bc,2026-07-11T22:30:00Z,2026-07-12T00:30:00+0200,0.0,MW,FR,FR,actual_solar_generation,Solar,2026-07-13T04:57:06Z
2026-07-13T04:56:31Z,2026-07-13T06:56:31+0200,46fca521-fea0-4798-9f2d-95ad89ae35bc,2026-07-11T22:45:00Z,2026-07-12T00:45:00+0200,0.0,MW,FR,FR,actual_solar_generation,Solar,2026-07-13T04:57:06Z
2026-07-13T04:56:31Z,2026-07-13T06:56:31+0200,46fca521-fea0-4798-9f2d-95ad89ae35bc,2026-07-11T23:00:00Z,2026-07-12T01:00:00+0200,0.0,MW,FR,FR,actual_solar_generation,Solar,2026-07-13T04:57:06Z
2026-07-13T04:56:31Z,2026-07-13T06:56:31+0200,46fca521-fea0-4798-9f2d-95ad89ae35bc,2026-07-11T23:15:00Z,2026-07-12T01:15:00+0200,0.0,MW,FR,FR,actual_solar_generation,Solar,2026-07-13T04:57:06Z
2026-07-13T04:56:31Z,2026-07-13T06:56:31+0200,46fca521-fea0-4798-9f2d-95ad89ae35bc,2026-07-11T23:30:00Z,2026-07-12T01:30:00+0200,0.0,MW,FR,FR,actual_solar_generation,Solar,2026-07-13T04:57:06Z
2026-07-13T04:56:31Z,2026-07-13T06:56:31+0200,46fca521-fea0-4798-9f2d-95ad89ae35bc,2026-07-11T23:45:00Z,2026-07-12T01:45:00+0200,0.0,MW,FR,FR,actual_solar_generation,Solar,2026-07-13T04:57:06Z
2026-07-13T04:56:31Z,2026-07-13T06:56:31+0200,46fca521-fea0-4798-9f2d-95ad89ae35bc,2026-07-12T00:00:00Z,2026-07-12T02:00:00+0200,0.0,MW,FR,FR,actual_solar_generation,Solar,2026-07-13T04:57:06Z
2026-07-13T04:56:31Z,2026-07-13T06:56:31+0200,46fca521-fea0-4798-9f2d-95ad89ae35bc,2026-07-12T00:15:00Z,2026-07-12T02:15:00+0200,0.0,MW,FR,FR,actual_solar_generation,Solar,2026-07-13T04:57:06Z
2026-07-13T04:56:31Z,2026-07-13T06:56:31+0200,46fca521-fea0-4798-9f2d-95ad89ae35bc,2026-07-12T00:30:00Z,2026-07-12T02:30:00+0200,0.0,MW,FR,FR,actual_solar_generation,Solar,2026-07-13T04:57:06Z
2026-07-13T04:56:31Z,2026-07-13T06:56:31+0200,46fca521-fea0-4798-9f2d-95ad89ae35bc,2026-07-12T00:45:00Z,2026-07-12T02:45:00+0200,0.0,MW,FR,FR,actual_solar_generation,Solar,2026-07-13T04:57:06Z
2026-07-13T04:56:31Z,2026-07-13T06:56:31+0200,46fca521-fea0-4798-9f2d-95ad89ae35bc,2026-07-12T01:00:00Z,2026-07-12T03:00:00+0200,0.0,MW,FR,FR,actual_solar_generation,Solar,2026-07-13T04:57:06Z
2026-07-13T04:56:31Z,2026-07-13T06:56:31+0200,46fca521-fea0-4798-9f2d-95ad89ae35bc,2026-07-12T01:15:00Z,2026-07-12T03:15:00+0200,0.0,MW,FR,FR,actual_solar_generation,Solar,2026-07-13T04:57:06Z
2026-07-13T04:56:31Z,2026-07-13T06:56:31+0200,46fca521-fea0-4798-9f2d-95ad89ae35bc,2026-07-12T01:30:00Z,2026-07-12T03:30:00+0200,0.0,MW,FR,FR,actual_solar_generation,Solar,2026-07-13T04:57:06Z
2026-07-13T04:56:31Z,2026-07-13T06:56:31+0200,46fca521-fea0-4798-9f2d-95ad89ae35bc,2026-07-12T01:45:00Z,2026-07-12T03:45:00+0200,0.0,MW,FR,FR,actual_solar_generation,Solar,2026-07-13T04:57:06Z
2026-07-13T04:56:31Z,2026-07-13T06:56:31+0200,46fca521-fea0-4798-9f2d-95ad89ae35bc,2026-07-12T02:00:00Z,2026-07-12T04:00:00+0200,0.0,MW,FR,FR,actual_solar_generation,Solar,2026-07-13T04:57:06Z
2026-07-13T04:56:31Z,2026-07-13T06:56:31+0200,46fca521-fea0-4798-9f2d-95ad89ae35bc,2026-07-12T02:15:00Z,2026-07-12T04:15:00+0200,0.0,MW,FR,FR,actual_solar_generation,Solar,2026-07-13T04:57:06Z
2026-07-13T04:56:31Z,2026-07-13T06:56:31+0200,46fca521-fea0-4798-9f2d-95ad89ae35bc,2026-07-12T02:30:00Z,2026-07-12T04:30:00+0200,0.0,MW,FR,FR,actual_solar_generation,Solar,2026-07-13T04:57:06Z
2026-07-13T04:56:31Z,2026-07-13T06:56:31+0200,46fca521-fea0-4798-9f2d-95ad89ae35bc,2026-07-12T02:45:00Z,2026-07-12T04:45:00+0200,0.0,MW,FR,FR,actual_solar_generation,Solar,2026-07-13T04:57:06Z
2026-07-13T04:56:31Z,2026-07-13T06:56:31+0200,46fca521-fea0-4798-9f2d-95ad89ae35bc,2026-07-12T03:00:00Z,2026-07-12T05:00:00+0200,239.22,MW,FR,FR,actual_solar_generation,Solar,2026-07-13T04:57:06Z
2026-07-13T04:56:31Z,2026-07-13T06:56:31+0200,46fca521-fea0-4798-9f2d-95ad89ae35bc,2026-07-12T03:15:00Z,2026-07-12T05:15:00+0200,237.94,MW,FR,FR,actual_solar_generation,Solar,2026-07-13T04:57:06Z
2026-07-13T04:56:31Z,2026-07-13T06:56:31+0200,46fca521-fea0-4798-9f2d-95ad89ae35bc,2026-07-12T03:30:00Z,2026-07-12T05:30:00+0200,244.79,MW,FR,FR,actual_solar_generation,Solar,2026-07-13T04:57:06Z
2026-07-13T04:56:31Z,2026-07-13T06:56:31+0200,46fca521-fea0-4798-9f2d-95ad89ae35bc,2026-07-12T03:45:00Z,2026-07-12T05:45:00+0200,254.34,MW,FR,FR,actual_solar_generation,Solar,2026-07-13T04:57:06Z
2026-07-13T04:56:31Z,2026-07-13T06:56:31+0200,46fca521-fea0-4798-9f2d-95ad89ae35bc,2026-07-12T04:00:00Z,2026-07-12T06:00:00+0200,293.62,MW,FR,FR,actual_solar_generation,Solar,2026-07-13T04:57:06Z
2026-07-13T04:56:31Z,2026-07-13T06:56:31+0200,46fca521-fea0-4798-9f2d-95ad89ae35bc,2026-07-12T04:15:00Z,2026-07-12T06:15:00+0200,363.85,MW,FR,FR,actual_solar_generation,Solar,2026-07-13T04:57:06Z
2026-07-13T04:56:31Z,2026-07-13T06:56:31+0200,46fca521-fea0-4798-9f2d-95ad89ae35bc,2026-07-12T04:30:00Z,2026-07-12T06:30:00+0200,486.76,MW,FR,FR,actual_solar_generation,Solar,2026-07-13T04:57:06Z
2026-07-13T04:56:31Z,2026-07-13T06:56:31+0200,46fca521-fea0-4798-9f2d-95ad89ae35bc,2026-07-12T04:45:00Z,2026-07-12T06:45:00+0200,747.45,MW,FR,FR,actual_solar_generation,Solar,2026-07-13T04:57:06Z
2026-07-13T04:56:31Z,2026-07-13T06:56:31+0200,46fca521-fea0-4798-9f2d-95ad89ae35bc,2026-07-12T05:00:00Z,2026-07-12T07:00:00+0200,1108.41,MW,FR,FR,actual_solar_generation,Solar,2026-07-13T04:57:06Z
2026-07-13T04:56:31Z,2026-07-13T06:56:31+0200,46fca521-fea0-4798-9f2d-95ad89ae35bc,2026-07-12T05:15:00Z,2026-07-12T07:15:00+0200,1574.06,MW,FR,FR,actual_solar_generation,Solar,2026-07-13T04:57:06Z
2026-07-13T04:56:31Z,2026-07-13T06:56:31+0200,46fca521-fea0-4798-9f2d-95ad89ae35bc,2026-07-12T05:30:00Z,2026-07-12T07:30:00+0200,2199.78,MW,FR,FR,actual_solar_generation,Solar,2026-07-13T04:57:06Z
2026-07-13T04:56:31Z,2026-07-13T06:56:31+0200,46fca521-fea0-4798-9f2d-95ad89ae35bc,2026-07-12T05:45:00Z,2026-07-12T07:45:00+0200,3029.35,MW,FR,FR,actual_solar_generation,Solar,2026-07-13T04:57:06Z
2026-07-13T04:56:31Z,2026-07-13T06:56:31+0200,46fca521-fea0-4798-9f2d-95ad89ae35bc,2026-07-12T06:00:00Z,2026-07-12T08:00:00+0200,3971.1,MW,FR,FR,actual_solar_generation,Solar,2026-07-13T04:57:06Z
2026-07-13T04:56:31Z,2026-07-13T06:56:31+0200,46fca521-fea0-4798-9f2d-95ad89ae35bc,2026-07-12T06:15:00Z,2026-07-12T08:15:00+0200,4951.69,MW,FR,FR,actual_solar_generation,Solar,2026-07-13T04:57:06Z
2026-07-13T04:56:31Z,2026-07-13T06:56:31+0200,46fca521-fea0-4798-9f2d-95ad89ae35bc,2026-07-12T06:30:00Z,2026-07-12T08:30:00+0200,6207.01,MW,FR,FR,actual_solar_generation,Solar,2026-07-13T04:57:06Z
2026-07-13T04:56:31Z,2026-07-13T06:56:31+0200,46fca521-fea0-4798-9f2d-95ad89ae35bc,2026-07-12T06:45:00Z,2026-07-12T08:45:00+0200,7469.27,MW,FR,FR,actual_solar_generation,Solar,2026-07-13T04:57:06Z
2026-07-13T04:56:31Z,2026-07-13T06:56:31+0200,46fca521-fea0-4798-9f2d-95ad89ae35bc,2026-07-12T07:00:00Z,2026-07-12T09:00:00+0200,8658.49,MW,FR,FR,actual_solar_generation,Solar,2026-07-13T04:57:06Z
2026-07-13T04:56:31Z,2026-07-13T06:56:31+0200,46fca521-fea0-4798-9f2d-95ad89ae35bc,2026-07-12T07:15:00Z,2026-07-12T09:15:00+0200,10042.87,MW,FR,FR,actual_solar_generation,Solar,2026-07-13T04:57:06Z
2026-07-13T04:56:31Z,2026-07-13T06:56:31+0200,46fca521-fea0-4798-9f2d-95ad89ae35bc,2026-07-12T07:30:00Z,2026-07-12T09:30:00+0200,11332.09,MW,FR,FR,actual_solar_generation,Solar,2026-07-13T04:57:06Z
2026-07-13T04:56:31Z,2026-07-13T06:56:31+0200,46fca521-fea0-4798-9f2d-95ad89ae35bc,2026-07-12T07:45:00Z,2026-07-12T09:45:00+0200,11519.23,MW,FR,FR,actual_solar_generation,Solar,2026-07-13T04:57:06Z
2026-07-13T04:56:31Z,2026-07-13T06:56:31+0200,46fca521-fea0-4798-9f2d-95ad89ae35bc,2026-07-12T08:00:00Z,2026-07-12T10:00:00+0200,10551.26,MW,FR,FR,actual_solar_generation,Solar,2026-07-13T04:57:06Z
2026-07-13T04:56:31Z,2026-07-13T06:56:31+0200,46fca521-fea0-4798-9f2d-95ad89ae35bc,2026-07-12T08:15:00Z,2026-07-12T10:15:00+0200,11271.94,MW,FR,FR,actual_solar_generation,Solar,2026-07-13T04:57:06Z
2026-07-13T04:56:31Z,2026-07-13T06:56:31+0200,46fca521-fea0-4798-9f2d-95ad89ae35bc,2026-07-12T08:30:00Z,2026-07-12T10:30:00+0200,11720.8,MW,FR,FR,actual_solar_generation,Solar,2026-07-13T04:57:06Z
2026-07-13T04:56:31Z,2026-07-13T06:56:31+0200,46fca521-fea0-4798-9f2d-95ad89ae35bc,2026-07-12T08:45:00Z,2026-07-12T10:45:00+0200,11373.6,MW,FR,FR,actual_solar_generation,Solar,2026-07-13T04:57:06Z
2026-07-13T04:56:31Z,2026-07-13T06:56:31+0200,46fca521-fea0-4798-9f2d-95ad89ae35bc,2026-07-12T09:00:00Z,2026-07-12T11:00:00+0200,10528.12,MW,FR,FR,actual_solar_generation,Solar,2026-07-13T04:57:06Z
2026-07-13T04:56:31Z,2026-07-13T06:56:31+0200,46fca521-fea0-4798-9f2d-95ad89ae35bc,2026-07-12T09:15:00Z,2026-07-12T11:15:00+0200,11411.83,MW,FR,FR,actual_solar_generation,Solar,2026-07-13T04:57:06Z
2026-07-13T04:56:31Z,2026-07-13T06:56:31+0200,46fca521-fea0-4798-9f2d-95ad89ae35bc,2026-07-12T09:30:00Z,2026-07-12T11:30:00+0200,12068.77,MW,FR,FR,actual_solar_generation,Solar,2026-07-13T04:57:06Z
2026-07-13T04:56:31Z,2026-07-13T06:56:31+0200,46fca521-fea0-4798-9f2d-95ad89ae35bc,2026-07-12T09:45:00Z,2026-07-12T11:45:00+0200,12401.5,MW,FR,FR,actual_solar_generation,Solar,2026-07-13T04:57:06Z
2026-07-13T04:56:31Z,2026-07-13T06:56:31+0200,46fca521-fea0-4798-9f2d-95ad89ae35bc,2026-07-12T10:00:00Z,2026-07-12T12:00:00+0200,12698.88,MW,FR,FR,actual_solar_generation,Solar,2026-07-13T04:57:06Z
2026-07-13T04:56:31Z,2026-07-13T06:56:31+0200,46fca521-fea0-4798-9f2d-95ad89ae35bc,2026-07-12T10:15:00Z,2026-07-12T12:15:00+0200,12940.53,MW,FR,FR,actual_solar_generation,Solar,2026-07-13T04:57:06Z
2026-07-13T04:56:31Z,2026-07-13T06:56:31+0200,46fca521-fea0-4798-9f2d-95ad89ae35bc,2026-07-12T10:30:00Z,2026-07-12T12:30:00+0200,13126.15,MW,FR,FR,actual_solar_generation,Solar,2026-07-13T04:57:06Z
2026-07-13T04:56:31Z,2026-07-13T06:56:31+0200,46fca521-fea0-4798-9f2d-95ad89ae35bc,2026-07-12T10:45:00Z,2026-07-12T12:45:00+0200,13259.46,MW,FR,FR,actual_solar_generation,Solar,2026-07-13T04:57:06Z
2026-07-13T04:56:31Z,2026-07-13T06:56:31+0200,46fca521-fea0-4798-9f2d-95ad89ae35bc,2026-07-12T11:00:00Z,2026-07-12T13:00:00+0200,13378.8,MW,FR,FR,actual_solar_generation,Solar,2026-07-13T04:57:06Z
2026-07-13T04:56:31Z,2026-07-13T06:56:31+0200,46fca521-fea0-4798-9f2d-95ad89ae35bc,2026-07-12T11:15:00Z,2026-07-12T13:15:00+0200,13505.59,MW,FR,FR,actual_solar_generation,Solar,2026-07-13T04:57:06Z
2026-07-13T04:56:31Z,2026-07-13T06:56:31+0200,46fca521-fea0-4798-9f2d-95ad89ae35bc,2026-07-12T11:30:00Z,2026-07-12T13:30:00+0200,13538.15,MW,FR,FR,actual_solar_generation,Solar,2026-07-13T04:57:06Z
2026-07-13T04:56:31Z,2026-07-13T06:56:31+0200,46fca521-fea0-4798-9f2d-95ad89ae35bc,2026-07-12T11:45:00Z,2026-07-12T13:45:00+0200,13551.38,MW,FR,FR,actual_solar_generation,Solar,2026-07-13T04:57:06Z
2026-07-13T04:56:31Z,2026-07-13T06:56:31+0200,46fca521-fea0-4798-9f2d-95ad89ae35bc,2026-07-12T12:00:00Z,2026-07-12T14:00:00+0200,13638.45,MW,FR,FR,actual_solar_generation,Solar,2026-07-13T04:57:06Z
2026-07-13T04:56:31Z,2026-07-13T06:56:31+0200,46fca521-fea0-4798-9f2d-95ad89ae35bc,2026-07-12T12:15:00Z,2026-07-12T14:15:00+0200,13609.1,MW,FR,FR,actual_solar_generation,Solar,2026-07-13T04:57:06Z
2026-07-13T04:56:31Z,2026-07-13T06:56:31+0200,46fca521-fea0-4798-9f2d-95ad89ae35bc,2026-07-12T12:30:00Z,2026-07-12T14:30:00+0200,13436.45,MW,FR,FR,actual_solar_generation,Solar,2026-07-13T04:57:06Z
2026-07-13T04:56:31Z,2026-07-13T06:56:31+0200,46fca521-fea0-4798-9f2d-95ad89ae35bc,2026-07-12T12:45:00Z,2026-07-12T14:45:00+0200,13232.74,MW,FR,FR,actual_solar_generation,Solar,2026-07-13T04:57:06Z
2026-07-13T04:56:31Z,2026-07-13T06:56:31+0200,46fca521-fea0-4798-9f2d-95ad89ae35bc,2026-07-12T13:00:00Z,2026-07-12T15:00:00+0200,12987.45,MW,FR,FR,actual_solar_generation,Solar,2026-07-13T04:57:06Z
2026-07-13T04:56:31Z,2026-07-13T06:56:31+0200,46fca521-fea0-4798-9f2d-95ad89ae35bc,2026-07-12T13:15:00Z,2026-07-12T15:15:00+0200,12856.67,MW,FR,FR,actual_solar_generation,Solar,2026-07-13T04:57:06Z
2026-07-13T04:56:31Z,2026-07-13T06:56:31+0200,46fca521-fea0-4798-9f2d-95ad89ae35bc,2026-07-12T13:30:00Z,2026-07-12T15:30:00+0200,12578.75,MW,FR,FR,actual_solar_generation,Solar,2026-07-13T04:57:06Z
2026-07-13T04:56:31Z,2026-07-13T06:56:31+0200,46fca521-fea0-4798-9f2d-95ad89ae35bc,2026-07-12T13:45:00Z,2026-07-12T15:45:00+0200,12285.55,MW,FR,FR,actual_solar_generation,Solar,2026-07-13T04:57:06Z
2026-07-13T04:56:31Z,2026-07-13T06:56:31+0200,46fca521-fea0-4798-9f2d-95ad89ae35bc,2026-07-12T14:00:00Z,2026-07-12T16:00:00+0200,11971.09,MW,FR,FR,actual_solar_generation,Solar,2026-07-13T04:57:06Z
2026-07-13T04:56:31Z,2026-07-13T06:56:31+0200,46fca521-fea0-4798-9f2d-95ad89ae35bc,2026-07-12T14:15:00Z,2026-07-12T16:15:00+0200,11591.21,MW,FR,FR,actual_solar_generation,Solar,2026-07-13T04:57:06Z
2026-07-13T04:56:31Z,2026-07-13T06:56:31+0200,46fca521-fea0-4798-9f2d-95ad89ae35bc,2026-07-12T14:30:00Z,2026-07-12T16:30:00+0200,11387.82,MW,FR,FR,actual_solar_generation,Solar,2026-07-13T04:57:06Z
2026-07-13T04:56:31Z,2026-07-13T06:56:31+0200,46fca521-fea0-4798-9f2d-95ad89ae35bc,2026-07-12T14:45:00Z,2026-07-12T16:45:00+0200,12388.81,MW,FR,FR,actual_solar_generation,Solar,2026-07-13T04:57:06Z
2026-07-13T04:56:31Z,2026-07-13T06:56:31+0200,46fca521-fea0-4798-9f2d-95ad89ae35bc,2026-07-12T15:00:00Z,2026-07-12T17:00:00+0200,12742.87,MW,FR,FR,actual_solar_generation,Solar,2026-07-13T04:57:06Z
2026-07-13T04:56:31Z,2026-07-13T06:56:31+0200,46fca521-fea0-4798-9f2d-95ad89ae35bc,2026-07-12T15:15:00Z,2026-07-12T17:15:00+0200,12783.36,MW,FR,FR,actual_solar_generation,Solar,2026-07-13T04:57:06Z
2026-07-13T04:56:31Z,2026-07-13T06:56:31+0200,46fca521-fea0-4798-9f2d-95ad89ae35bc,2026-07-12T15:30:00Z,2026-07-12T17:30:00+0200,13696.87,MW,FR,FR,actual_solar_generation,Solar,2026-07-13T04:57:06Z
2026-07-13T04:56:31Z,2026-07-13T06:56:31+0200,46fca521-fea0-4798-9f2d-95ad89ae35bc,2026-07-12T15:45:00Z,2026-07-12T17:45:00+0200,12660.01,MW,FR,FR,actual_solar_generation,Solar,2026-07-13T04:57:06Z
2026-07-13T04:56:31Z,2026-07-13T06:56:31+0200,46fca521-fea0-4798-9f2d-95ad89ae35bc,2026-07-12T16:00:00Z,2026-07-12T18:00:00+0200,11541.51,MW,FR,FR,actual_solar_generation,Solar,2026-07-13T04:57:06Z
2026-07-13T04:56:31Z,2026-07-13T06:56:31+0200,46fca521-fea0-4798-9f2d-95ad89ae35bc,2026-07-12T16:15:00Z,2026-07-12T18:15:00+0200,10529.69,MW,FR,FR,actual_solar_generation,Solar,2026-07-13T04:57:06Z
2026-07-13T04:56:31Z,2026-07-13T06:56:31+0200,46fca521-fea0-4798-9f2d-95ad89ae35bc,2026-07-12T16:30:00Z,2026-07-12T18:30:00+0200,9416.71,MW,FR,FR,actual_solar_generation,Solar,2026-07-13T04:57:06Z
2026-07-13T04:56:31Z,2026-07-13T06:56:31+0200,46fca521-fea0-4798-9f2d-95ad89ae35bc,2026-07-12T16:45:00Z,2026-07-12T18:45:00+0200,8272.33,MW,FR,FR,actual_solar_generation,Solar,2026-07-13T04:57:06Z
2026-07-13T04:56:31Z,2026-07-13T06:56:31+0200,46fca521-fea0-4798-9f2d-95ad89ae35bc,2026-07-12T17:00:00Z,2026-07-12T19:00:00+0200,7075.02,MW,FR,FR,actual_solar_generation,Solar,2026-07-13T04:57:06Z
2026-07-13T04:56:31Z,2026-07-13T06:56:31+0200,46fca521-fea0-4798-9f2d-95ad89ae35bc,2026-07-12T17:15:00Z,2026-07-12T19:15:00+0200,5896.82,MW,FR,FR,actual_solar_generation,Solar,2026-07-13T04:57:06Z
2026-07-13T04:56:31Z,2026-07-13T06:56:31+0200,46fca521-fea0-4798-9f2d-95ad89ae35bc,2026-07-12T17:30:00Z,2026-07-12T19:30:00+0200,4788.12,MW,FR,FR,actual_solar_generation,Solar,2026-07-13T04:57:06Z
2026-07-13T04:56:31Z,2026-07-13T06:56:31+0200,46fca521-fea0-4798-9f2d-95ad89ae35bc,2026-07-12T17:45:00Z,2026-07-12T19:45:00+0200,3824.13,MW,FR,FR,actual_solar_generation,Solar,2026-07-13T04:57:06Z
2026-07-13T04:56:31Z,2026-07-13T06:56:31+0200,46fca521-fea0-4798-9f2d-95ad89ae35bc,2026-07-12T18:00:00Z,2026-07-12T20:00:00+0200,2939.98,MW,FR,FR,actual_solar_generation,Solar,2026-07-13T04:57:06Z
2026-07-13T04:56:31Z,2026-07-13T06:56:31+0200,46fca521-fea0-4798-9f2d-95ad89ae35bc,2026-07-12T18:15:00Z,2026-07-12T20:15:00+0200,2215.29,MW,FR,FR,actual_solar_generation,Solar,2026-07-13T04:57:06Z
2026-07-13T04:56:31Z,2026-07-13T06:56:31+0200,46fca521-fea0-4798-9f2d-95ad89ae35bc,2026-07-12T18:30:00Z,2026-07-12T20:30:00+0200,1618.16,MW,FR,FR,actual_solar_generation,Solar,2026-07-13T04:57:06Z
2026-07-13T04:56:31Z,2026-07-13T06:56:31+0200,46fca521-fea0-4798-9f2d-95ad89ae35bc,2026-07-12T18:45:00Z,2026-07-12T20:45:00+0200,1181.52,MW,FR,FR,actual_solar_generation,Solar,2026-07-13T04:57:06Z
2026-07-13T04:56:31Z,2026-07-13T06:56:31+0200,46fca521-fea0-4798-9f2d-95ad89ae35bc,2026-07-12T19:00:00Z,2026-07-12T21:00:00+0200,817.05,MW,FR,FR,actual_solar_generation,Solar,2026-07-13T04:57:06Z
2026-07-13T04:56:31Z,2026-07-13T06:56:31+0200,46fca521-fea0-4798-9f2d-95ad89ae35bc,2026-07-12T19:15:00Z,2026-07-12T21:15:00+0200,528.84,MW,FR,FR,actual_solar_generation,Solar,2026-07-13T04:57:06Z
2026-07-13T04:56:31Z,2026-07-13T06:56:31+0200,46fca521-fea0-4798-9f2d-95ad89ae35bc,2026-07-12T19:30:00Z,2026-07-12T21:30:00+0200,363.18,MW,FR,FR,actual_solar_generation,Solar,2026-07-13T04:57:06Z
2026-07-13T04:56:31Z,2026-07-13T06:56:31+0200,46fca521-fea0-4798-9f2d-95ad89ae35bc,2026-07-12T19:45:00Z,2026-07-12T21:45:00+0200,296.83,MW,FR,FR,actual_solar_generation,Solar,2026-07-13T04:57:06Z
2026-07-13T04:56:31Z,2026-07-13T06:56:31+0200,46fca521-fea0-4798-9f2d-95ad89ae35bc,2026-07-12T20:00:00Z,2026-07-12T22:00:00+0200,273.36,MW,FR,FR,actual_solar_generation,Solar,2026-07-13T04:57:06Z
2026-07-13T04:56:31Z,2026-07-13T06:56:31+0200,46fca521-fea0-4798-9f2d-95ad89ae35bc,2026-07-12T20:15:00Z,2026-07-12T22:15:00+0200,265.86,MW,FR,FR,actual_solar_generation,Solar,2026-07-13T04:57:06Z
2026-07-13T04:56:31Z,2026-07-13T06:56:31+0200,46fca521-fea0-4798-9f2d-95ad89ae35bc,2026-07-12T20:30:00Z,2026-07-12T22:30:00+0200,268.69,MW,FR,FR,actual_solar_generation,Solar,2026-07-13T04:57:06Z
2026-07-13T04:56:31Z,2026-07-13T06:56:31+0200,46fca521-fea0-4798-9f2d-95ad89ae35bc,2026-07-12T20:45:00Z,2026-07-12T22:45:00+0200,269.39,MW,FR,FR,actual_solar_generation,Solar,2026-07-13T04:57:06Z
2026-07-13T04:56:31Z,2026-07-13T06:56:31+0200,46fca521-fea0-4798-9f2d-95ad89ae35bc,2026-07-12T21:00:00Z,2026-07-12T23:00:00+0200,271.46,MW,FR,FR,actual_solar_generation,Solar,2026-07-13T04:57:06Z
2026-07-13T04:56:31Z,2026-07-13T06:56:31+0200,46fca521-fea0-4798-9f2d-95ad89ae35bc,2026-07-12T21:15:00Z,2026-07-12T23:15:00+0200,270.64,MW,FR,FR,actual_solar_generation,Solar,2026-07-13T04:57:06Z
2026-07-13T04:56:31Z,2026-07-13T06:56:31+0200,46fca521-fea0-4798-9f2d-95ad89ae35bc,2026-07-12T21:30:00Z,2026-07-12T23:30:00+0200,270.91,MW,FR,FR,actual_solar_generation,Solar,2026-07-13T04:57:06Z
2026-07-13T04:56:31Z,2026-07-13T06:56:31+0200,46fca521-fea0-4798-9f2d-95ad89ae35bc,2026-07-12T21:45:00Z,2026-07-12T23:45:00+0200,267.51,MW,FR,FR,actual_solar_generation,Solar,2026-07-13T04:57:06Z
2026-07-13T04:56:31Z,2026-07-13T06:56:31+0200,46fca521-fea0-4798-9f2d-95ad89ae35bc,2026-07-12T22:00:00Z,2026-07-13T00:00:00+0200,0.0,MW,FR,FR,actual_solar_generation,Solar,2026-07-13T04:57:06Z
2026-07-13T04:56:31Z,2026-07-13T06:56:31+0200,46fca521-fea0-4798-9f2d-95ad89ae35bc,2026-07-12T22:15:00Z,2026-07-13T00:15:00+0200,0.0,MW,FR,FR,actual_solar_generation,Solar,2026-07-13T04:57:06Z
2026-07-13T04:56:31Z,2026-07-13T06:56:31+0200,46fca521-fea0-4798-9f2d-95ad89ae35bc,2026-07-12T22:30:00Z,2026-07-13T00:30:00+0200,0.0,MW,FR,FR,actual_solar_generation,Solar,2026-07-13T04:57:06Z
2026-07-13T04:56:31Z,2026-07-13T06:56:31+0200,46fca521-fea0-4798-9f2d-95ad89ae35bc,2026-07-12T22:45:00Z,2026-07-13T00:45:00+0200,0.0,MW,FR,FR,actual_solar_generation,Solar,2026-07-13T04:57:06Z
2026-07-13T04:56:31Z,2026-07-13T06:56:31+0200,46fca521-fea0-4798-9f2d-95ad89ae35bc,2026-07-12T23:00:00Z,2026-07-13T01:00:00+0200,0.0,MW,FR,FR,actual_solar_generation,Solar,2026-07-13T04:57:06Z
2026-07-13T04:56:31Z,2026-07-13T06:56:31+0200,46fca521-fea0-4798-9f2d-95ad89ae35bc,2026-07-12T23:15:00Z,2026-07-13T01:15:00+0200,0.0,MW,FR,FR,actual_solar_generation,Solar,2026-07-13T04:57:06Z
2026-07-13T04:56:31Z,2026-07-13T06:56:31+0200,46fca521-fea0-4798-9f2d-95ad89ae35bc,2026-07-12T23:30:00Z,2026-07-13T01:30:00+0200,0.0,MW,FR,FR,actual_solar_generation,Solar,2026-07-13T04:57:06Z
2026-07-13T04:56:31Z,2026-07-13T06:56:31+0200,46fca521-fea0-4798-9f2d-95ad89ae35bc,2026-07-12T23:45:00Z,2026-07-13T01:45:00+0200,0.0,MW,FR,FR,actual_solar_generation,Solar,2026-07-13T04:57:06Z
2026-07-13T04:56:31Z,2026-07-13T06:56:31+0200,46fca521-fea0-4798-9f2d-95ad89ae35bc,2026-07-13T00:00:00Z,2026-07-13T02:00:00+0200,0.0,MW,FR,FR,actual_solar_generation,Solar,2026-07-13T04:57:06Z
2026-07-13T04:56:31Z,2026-07-13T06:56:31+0200,46fca521-fea0-4798-9f2d-95ad89ae35bc,2026-07-13T00:15:00Z,2026-07-13T02:15:00+0200,0.0,MW,FR,FR,actual_solar_generation,Solar,2026-07-13T04:57:06Z
2026-07-13T04:56:31Z,2026-07-13T06:56:31+0200,46fca521-fea0-4798-9f2d-95ad89ae35bc,2026-07-13T00:30:00Z,2026-07-13T02:30:00+0200,0.0,MW,FR,FR,actual_solar_generation,Solar,2026-07-13T04:57:06Z
2026-07-13T04:56:31Z,2026-07-13T06:56:31+0200,46fca521-fea0-4798-9f2d-95ad89ae35bc,2026-07-13T00:45:00Z,2026-07-13T02:45:00+0200,0.0,MW,FR,FR,actual_solar_generation,Solar,2026-07-13T04:57:06Z
2026-07-13T04:56:31Z,2026-07-13T06:56:31+0200,46fca521-fea0-4798-9f2d-95ad89ae35bc,2026-07-13T01:00:00Z,2026-07-13T03:00:00+0200,0.0,MW,FR,FR,actual_solar_generation,Solar,2026-07-13T04:57:06Z
2026-07-13T04:56:31Z,2026-07-13T06:56:31+0200,46fca521-fea0-4798-9f2d-95ad89ae35bc,2026-07-13T01:15:00Z,2026-07-13T03:15:00+0200,0.0,MW,FR,FR,actual_solar_generation,Solar,2026-07-13T04:57:06Z
2026-07-13T04:56:31Z,2026-07-13T06:56:31+0200,46fca521-fea0-4798-9f2d-95ad89ae35bc,2026-07-13T01:30:00Z,2026-07-13T03:30:00+0200,0.0,MW,FR,FR,actual_solar_generation,Solar,2026-07-13T04:57:06Z
2026-07-13T04:56:31Z,2026-07-13T06:56:31+0200,46fca521-fea0-4798-9f2d-95ad89ae35bc,2026-07-13T01:45:00Z,2026-07-13T03:45:00+0200,0.0,MW,FR,FR,actual_solar_generation,Solar,2026-07-13T04:57:06Z
2026-07-13T04:56:31Z,2026-07-13T06:56:31+0200,46fca521-fea0-4798-9f2d-95ad89ae35bc,2026-07-13T02:00:00Z,2026-07-13T04:00:00+0200,0.0,MW,FR,FR,actual_solar_generation,Solar,2026-07-13T04:57:06Z
2026-07-13T04:56:31Z,2026-07-13T06:56:31+0200,46fca521-fea0-4798-9f2d-95ad89ae35bc,2026-07-13T02:15:00Z,2026-07-13T04:15:00+0200,0.0,MW,FR,FR,actual_solar_generation,Solar,2026-07-13T04:57:06Z
2026-07-13T04:56:31Z,2026-07-13T06:56:31+0200,46fca521-fea0-4798-9f2d-95ad89ae35bc,2026-07-13T02:30:00Z,2026-07-13T04:30:00+0200,0.0,MW,FR,FR,actual_solar_generation,Solar,2026-07-13T04:57:06Z
2026-07-13T04:56:31Z,2026-07-13T06:56:31+0200,46fca521-fea0-4798-9f2d-95ad89ae35bc,2026-07-13T02:45:00Z,2026-07-13T04:45:00+0200,0.0,MW,FR,FR,actual_solar_generation,Solar,2026-07-13T04:57:06Z
2026-07-13T04:56:31Z,2026-07-13T06:56:31+0200,46fca521-fea0-4798-9f2d-95ad89ae35bc,2026-07-13T03:00:00Z,2026-07-13T05:00:00+0200,266.48,MW,FR,FR,actual_solar_generation,Solar,2026-07-13T04:57:06Z
2026-07-13T04:56:31Z,2026-07-13T06:56:31+0200,46fca521-fea0-4798-9f2d-95ad89ae35bc,2026-07-13T03:15:00Z,2026-07-13T05:15:00+0200,267.82,MW,FR,FR,actual_solar_generation,Solar,2026-07-13T04:57:06Z
2026-07-13T04:56:31Z,2026-07-13T06:56:31+0200,46fca521-fea0-4798-9f2d-95ad89ae35bc,2026-07-13T03:30:00Z,2026-07-13T05:30:00+0200,264.7,MW,FR,FR,actual_solar_generation,Solar,2026-07-13T04:57:06Z
2026-07-13T04:56:31Z,2026-07-13T06:56:31+0200,46fca521-fea0-4798-9f2d-95ad89ae35bc,2026-07-13T03:45:00Z,2026-07-13T05:45:00+0200,281.4,MW,FR,FR,actual_solar_generation,Solar,2026-07-13T04:57:06Z
