collection_time_utc,collection_time_local,run_id,timestamp_utc,timestamp_local,value,unit,country,entsoe_area,variable,source,updated_at_utc
2026-09-25T20:14:32Z,2026-09-25T22:14:32+0200,0058ff56-e9e2-4f32-86d7-71abbced9686,2026-09-18T20:30:00Z,2026-09-18T22:30:00+0200,781.975,MW,DK2,DK_2,actual_offshore_wind_generation,Wind Offshore,2026-09-25T20:15:59Z
2026-09-25T20:14:32Z,2026-09-25T22:14:32+0200,0058ff56-e9e2-4f32-86d7-71abbced9686,2026-09-18T20:45:00Z,2026-09-18T22:45:00+0200,797.126,MW,DK2,DK_2,actual_offshore_wind_generation,Wind Offshore,2026-09-25T20:15:59Z
2026-09-25T20:14:32Z,2026-09-25T22:14:32+0200,0058ff56-e9e2-4f32-86d7-71abbced9686,2026-09-18T21:00:00Z,2026-09-18T23:00:00+0200,828.926,MW,DK2,DK_2,actual_offshore_wind_generation,Wind Offshore,2026-09-25T20:15:59Z
2026-09-25T20:14:32Z,2026-09-25T22:14:32+0200,0058ff56-e9e2-4f32-86d7-71abbced9686,2026-09-18T21:15:00Z,2026-09-18T23:15:00+0200,866.818,MW,DK2,DK_2,actual_offshore_wind_generation,Wind Offshore,2026-09-25T20:15:59Z
2026-09-25T20:14:32Z,2026-09-25T22:14:32+0200,0058ff56-e9e2-4f32-86d7-71abbced9686,2026-09-18T21:30:00Z,2026-09-18T23:30:00+0200,881.048,MW,DK2,DK_2,actual_offshore_wind_generation,Wind Offshore,2026-09-25T20:15:59Z
2026-09-25T20:14:32Z,2026-09-25T22:14:32+0200,0058ff56-e9e2-4f32-86d7-71abbced9686,2026-09-18T21:45:00Z,2026-09-18T23:45:00+0200,885.671,MW,DK2,DK_2,actual_offshore_wind_generation,Wind Offshore,2026-09-25T20:15:59Z
2026-09-25T20:14:32Z,2026-09-25T22:14:32+0200,0058ff56-e9e2-4f32-86d7-71abbced9686,2026-09-18T22:00:00Z,2026-09-19T00:00:00+0200,893.641,MW,DK2,DK_2,actual_offshore_wind_generation,Wind Offshore,2026-09-25T20:15:59Z
2026-09-25T20:14:32Z,2026-09-25T22:14:32+0200,0058ff56-e9e2-4f32-86d7-71abbced9686,2026-09-18T22:15:00Z,2026-09-19T00:15:00+0200,895.491,MW,DK2,DK_2,actual_offshore_wind_generation,Wind Offshore,2026-09-25T20:15:59Z
2026-09-25T20:14:32Z,2026-09-25T22:14:32+0200,0058ff56-e9e2-4f32-86d7-71abbced9686,2026-09-18T22:30:00Z,2026-09-19T00:30:00+0200,878.682,MW,DK2,DK_2,actual_offshore_wind_generation,Wind Offshore,2026-09-25T20:15:59Z
2026-09-25T20:14:32Z,2026-09-25T22:14:32+0200,0058ff56-e9e2-4f32-86d7-71abbced9686,2026-09-18T22:45:00Z,2026-09-19T00:45:00+0200,885.576,MW,DK2,DK_2,actual_offshore_wind_generation,Wind Offshore,2026-09-25T20:15:59Z
2026-09-25T20:14:32Z,2026-09-25T22:14:32+0200,0058ff56-e9e2-4f32-86d7-71abbced9686,2026-09-18T23:00:00Z,2026-09-19T01:00:00+0200,890.703,MW,DK2,DK_2,actual_offshore_wind_generation,Wind Offshore,2026-09-25T20:15:59Z
2026-09-25T20:14:32Z,2026-09-25T22:14:32+0200,0058ff56-e9e2-4f32-86d7-71abbced9686,2026-09-18T23:15:00Z,2026-09-19T01:15:00+0200,898.101,MW,DK2,DK_2,actual_offshore_wind_generation,Wind Offshore,2026-09-25T20:15:59Z
2026-09-25T20:14:32Z,2026-09-25T22:14:32+0200,0058ff56-e9e2-4f32-86d7-71abbced9686,2026-09-18T23:30:00Z,2026-09-19T01:30:00+0200,878.44,MW,DK2,DK_2,actual_offshore_wind_generation,Wind Offshore,2026-09-25T20:15:59Z
2026-09-25T20:14:32Z,2026-09-25T22:14:32+0200,0058ff56-e9e2-4f32-86d7-71abbced9686,2026-09-18T23:45:00Z,2026-09-19T01:45:00+0200,893.998,MW,DK2,DK_2,actual_offshore_wind_generation,Wind Offshore,2026-09-25T20:15:59Z
2026-09-25T20:14:32Z,2026-09-25T22:14:32+0200,0058ff56-e9e2-4f32-86d7-71abbced9686,2026-09-19T00:00:00Z,2026-09-19T02:00:00+0200,893.608,MW,DK2,DK_2,actual_offshore_wind_generation,Wind Offshore,2026-09-25T20:15:59Z
2026-09-25T20:14:32Z,2026-09-25T22:14:32+0200,0058ff56-e9e2-4f32-86d7-71abbced9686,2026-09-19T00:15:00Z,2026-09-19T02:15:00+0200,890.486,MW,DK2,DK_2,actual_offshore_wind_generation,Wind Offshore,2026-09-25T20:15:59Z
2026-09-25T20:14:32Z,2026-09-25T22:14:32+0200,0058ff56-e9e2-4f32-86d7-71abbced9686,2026-09-19T00:30:00Z,2026-09-19T02:30:00+0200,905.649,MW,DK2,DK_2,actual_offshore_wind_generation,Wind Offshore,2026-09-25T20:15:59Z
2026-09-25T20:14:32Z,2026-09-25T22:14:32+0200,0058ff56-e9e2-4f32-86d7-71abbced9686,2026-09-19T00:45:00Z,2026-09-19T02:45:00+0200,888.052,MW,DK2,DK_2,actual_offshore_wind_generation,Wind Offshore,2026-09-25T20:15:59Z
2026-09-25T20:14:32Z,2026-09-25T22:14:32+0200,0058ff56-e9e2-4f32-86d7-71abbced9686,2026-09-19T01:00:00Z,2026-09-19T03:00:00+0200,890.11,MW,DK2,DK_2,actual_offshore_wind_generation,Wind Offshore,2026-09-25T20:15:59Z
2026-09-25T20:14:32Z,2026-09-25T22:14:32+0200,0058ff56-e9e2-4f32-86d7-71abbced9686,2026-09-19T01:15:00Z,2026-09-19T03:15:00+0200,887.775,MW,DK2,DK_2,actual_offshore_wind_generation,Wind Offshore,2026-09-25T20:15:59Z
2026-09-25T20:14:32Z,2026-09-25T22:14:32+0200,0058ff56-e9e2-4f32-86d7-71abbced9686,2026-09-19T01:30:00Z,2026-09-19T03:30:00+0200,878.129,MW,DK2,DK_2,actual_offshore_wind_generation,Wind Offshore,2026-09-25T20:15:59Z
2026-09-25T20:14:32Z,2026-09-25T22:14:32+0200,0058ff56-e9e2-4f32-86d7-71abbced9686,2026-09-19T01:45:00Z,2026-09-19T03:45:00+0200,873.62,MW,DK2,DK_2,actual_offshore_wind_generation,Wind Offshore,2026-09-25T20:15:59Z
2026-09-25T20:14:32Z,2026-09-25T22:14:32+0200,0058ff56-e9e2-4f32-86d7-71abbced9686,2026-09-19T02:00:00Z,2026-09-19T04:00:00+0200,839.821,MW,DK2,DK_2,actual_offshore_wind_generation,Wind Offshore,2026-09-25T20:15:59Z
2026-09-25T20:14:32Z,2026-09-25T22:14:32+0200,0058ff56-e9e2-4f32-86d7-71abbced9686,2026-09-19T02:15:00Z,2026-09-19T04:15:00+0200,848.67,MW,DK2,DK_2,actual_offshore_wind_generation,Wind Offshore,2026-09-25T20:15:59Z
2026-09-25T20:14:32Z,2026-09-25T22:14:32+0200,0058ff56-e9e2-4f32-86d7-71abbced9686,2026-09-19T02:30:00Z,2026-09-19T04:30:00+0200,861.457,MW,DK2,DK_2,actual_offshore_wind_generation,Wind Offshore,2026-09-25T20:15:59Z
2026-09-25T20:14:32Z,2026-09-25T22:14:32+0200,0058ff56-e9e2-4f32-86d7-71abbced9686,2026-09-19T02:45:00Z,2026-09-19T04:45:00+0200,873.461,MW,DK2,DK_2,actual_offshore_wind_generation,Wind Offshore,2026-09-25T20:15:59Z
2026-09-25T20:14:32Z,2026-09-25T22:14:32+0200,0058ff56-e9e2-4f32-86d7-71abbced9686,2026-09-19T03:00:00Z,2026-09-19T05:00:00+0200,892.613,MW,DK2,DK_2,actual_offshore_wind_generation,Wind Offshore,2026-09-25T20:15:59Z
2026-09-25T20:14:32Z,2026-09-25T22:14:32+0200,0058ff56-e9e2-4f32-86d7-71abbced9686,2026-09-19T03:15:00Z,2026-09-19T05:15:00+0200,857.567,MW,DK2,DK_2,actual_offshore_wind_generation,Wind Offshore,2026-09-25T20:15:59Z
2026-09-25T20:14:32Z,2026-09-25T22:14:32+0200,0058ff56-e9e2-4f32-86d7-71abbced9686,2026-09-19T03:30:00Z,2026-09-19T05:30:00+0200,882.151,MW,DK2,DK_2,actual_offshore_wind_generation,Wind Offshore,2026-09-25T20:15:59Z
2026-09-25T20:14:32Z,2026-09-25T22:14:32+0200,0058ff56-e9e2-4f32-86d7-71abbced9686,2026-09-19T03:45:00Z,2026-09-19T05:45:00+0200,842.635,MW,DK2,DK_2,actual_offshore_wind_generation,Wind Offshore,2026-09-25T20:15:59Z
2026-09-25T20:14:32Z,2026-09-25T22:14:32+0200,0058ff56-e9e2-4f32-86d7-71abbced9686,2026-09-19T04:00:00Z,2026-09-19T06:00:00+0200,889.163,MW,DK2,DK_2,actual_offshore_wind_generation,Wind Offshore,2026-09-25T20:15:59Z
2026-09-25T20:14:32Z,2026-09-25T22:14:32+0200,0058ff56-e9e2-4f32-86d7-71abbced9686,2026-09-19T04:15:00Z,2026-09-19T06:15:00+0200,884.149,MW,DK2,DK_2,actual_offshore_wind_generation,Wind Offshore,2026-09-25T20:15:59Z
2026-09-25T20:14:32Z,2026-09-25T22:14:32+0200,0058ff56-e9e2-4f32-86d7-71abbced9686,2026-09-19T04:30:00Z,2026-09-19T06:30:00+0200,885.214,MW,DK2,DK_2,actual_offshore_wind_generation,Wind Offshore,2026-09-25T20:15:59Z
2026-09-25T20:14:32Z,2026-09-25T22:14:32+0200,0058ff56-e9e2-4f32-86d7-71abbced9686,2026-09-19T04:45:00Z,2026-09-19T06:45:00+0200,891.01,MW,DK2,DK_2,actual_offshore_wind_generation,Wind Offshore,2026-09-25T20:15:59Z
2026-09-25T20:14:32Z,2026-09-25T22:14:32+0200,0058ff56-e9e2-4f32-86d7-71abbced9686,2026-09-19T05:00:00Z,2026-09-19T07:00:00+0200,888.972,MW,DK2,DK_2,actual_offshore_wind_generation,Wind Offshore,2026-09-25T20:15:59Z
2026-09-25T20:14:32Z,2026-09-25T22:14:32+0200,0058ff56-e9e2-4f32-86d7-71abbced9686,2026-09-19T05:15:00Z,2026-09-19T07:15:00+0200,884.117,MW,DK2,DK_2,actual_offshore_wind_generation,Wind Offshore,2026-09-25T20:15:59Z
2026-09-25T20:14:32Z,2026-09-25T22:14:32+0200,0058ff56-e9e2-4f32-86d7-71abbced9686,2026-09-19T05:30:00Z,2026-09-19T07:30:00+0200,887.472,MW,DK2,DK_2,actual_offshore_wind_generation,Wind Offshore,2026-09-25T20:15:59Z
2026-09-25T20:14:32Z,2026-09-25T22:14:32+0200,0058ff56-e9e2-4f32-86d7-71abbced9686,2026-09-19T05:45:00Z,2026-09-19T07:45:00+0200,895.921,MW,DK2,DK_2,actual_offshore_wind_generation,Wind Offshore,2026-09-25T20:15:59Z
2026-09-25T20:14:32Z,2026-09-25T22:14:32+0200,0058ff56-e9e2-4f32-86d7-71abbced9686,2026-09-19T06:00:00Z,2026-09-19T08:00:00+0200,899.049,MW,DK2,DK_2,actual_offshore_wind_generation,Wind Offshore,2026-09-25T20:15:59Z
2026-09-25T20:14:32Z,2026-09-25T22:14:32+0200,0058ff56-e9e2-4f32-86d7-71abbced9686,2026-09-19T06:15:00Z,2026-09-19T08:15:00+0200,898.211,MW,DK2,DK_2,actual_offshore_wind_generation,Wind Offshore,2026-09-25T20:15:59Z
2026-09-25T20:14:32Z,2026-09-25T22:14:32+0200,0058ff56-e9e2-4f32-86d7-71abbced9686,2026-09-19T06:30:00Z,2026-09-19T08:30:00+0200,902.064,MW,DK2,DK_2,actual_offshore_wind_generation,Wind Offshore,2026-09-25T20:15:59Z
2026-09-25T20:14:32Z,2026-09-25T22:14:32+0200,0058ff56-e9e2-4f32-86d7-71abbced9686,2026-09-19T06:45:00Z,2026-09-19T08:45:00+0200,908.255,MW,DK2,DK_2,actual_offshore_wind_generation,Wind Offshore,2026-09-25T20:15:59Z
2026-09-25T20:14:32Z,2026-09-25T22:14:32+0200,0058ff56-e9e2-4f32-86d7-71abbced9686,2026-09-19T07:00:00Z,2026-09-19T09:00:00+0200,926.183,MW,DK2,DK_2,actual_offshore_wind_generation,Wind Offshore,2026-09-25T20:15:59Z
2026-09-25T20:14:32Z,2026-09-25T22:14:32+0200,0058ff56-e9e2-4f32-86d7-71abbced9686,2026-09-19T07:15:00Z,2026-09-19T09:15:00+0200,888.354,MW,DK2,DK_2,actual_offshore_wind_generation,Wind Offshore,2026-09-25T20:15:59Z
2026-09-25T20:14:32Z,2026-09-25T22:14:32+0200,0058ff56-e9e2-4f32-86d7-71abbced9686,2026-09-19T07:30:00Z,2026-09-19T09:30:00+0200,481.484,MW,DK2,DK_2,actual_offshore_wind_generation,Wind Offshore,2026-09-25T20:15:59Z
2026-09-25T20:14:32Z,2026-09-25T22:14:32+0200,0058ff56-e9e2-4f32-86d7-71abbced9686,2026-09-19T07:45:00Z,2026-09-19T09:45:00+0200,235.213,MW,DK2,DK_2,actual_offshore_wind_generation,Wind Offshore,2026-09-25T20:15:59Z
2026-09-25T20:14:32Z,2026-09-25T22:14:32+0200,0058ff56-e9e2-4f32-86d7-71abbced9686,2026-09-19T08:00:00Z,2026-09-19T10:00:00+0200,354.395,MW,DK2,DK_2,actual_offshore_wind_generation,Wind Offshore,2026-09-25T20:15:59Z
2026-09-25T20:14:32Z,2026-09-25T22:14:32+0200,0058ff56-e9e2-4f32-86d7-71abbced9686,2026-09-19T08:15:00Z,2026-09-19T10:15:00+0200,181.21,MW,DK2,DK_2,actual_offshore_wind_generation,Wind Offshore,2026-09-25T20:15:59Z
2026-09-25T20:14:32Z,2026-09-25T22:14:32+0200,0058ff56-e9e2-4f32-86d7-71abbced9686,2026-09-19T08:30:00Z,2026-09-19T10:30:00+0200,109.578,MW,DK2,DK_2,actual_offshore_wind_generation,Wind Offshore,2026-09-25T20:15:59Z
2026-09-25T20:14:32Z,2026-09-25T22:14:32+0200,0058ff56-e9e2-4f32-86d7-71abbced9686,2026-09-19T08:45:00Z,2026-09-19T10:45:00+0200,139.509,MW,DK2,DK_2,actual_offshore_wind_generation,Wind Offshore,2026-09-25T20:15:59Z
2026-09-25T20:14:32Z,2026-09-25T22:14:32+0200,0058ff56-e9e2-4f32-86d7-71abbced9686,2026-09-19T09:00:00Z,2026-09-19T11:00:00+0200,137.271,MW,DK2,DK_2,actual_offshore_wind_generation,Wind Offshore,2026-09-25T20:15:59Z
2026-09-25T20:14:32Z,2026-09-25T22:14:32+0200,0058ff56-e9e2-4f32-86d7-71abbced9686,2026-09-19T09:15:00Z,2026-09-19T11:15:00+0200,114.901,MW,DK2,DK_2,actual_offshore_wind_generation,Wind Offshore,2026-09-25T20:15:59Z
2026-09-25T20:14:32Z,2026-09-25T22:14:32+0200,0058ff56-e9e2-4f32-86d7-71abbced9686,2026-09-19T09:30:00Z,2026-09-19T11:30:00+0200,92.6088,MW,DK2,DK_2,actual_offshore_wind_generation,Wind Offshore,2026-09-25T20:15:59Z
2026-09-25T20:14:32Z,2026-09-25T22:14:32+0200,0058ff56-e9e2-4f32-86d7-71abbced9686,2026-09-19T09:45:00Z,2026-09-19T11:45:00+0200,107.231,MW,DK2,DK_2,actual_offshore_wind_generation,Wind Offshore,2026-09-25T20:15:59Z
2026-09-25T20:14:32Z,2026-09-25T22:14:32+0200,0058ff56-e9e2-4f32-86d7-71abbced9686,2026-09-19T10:00:00Z,2026-09-19T12:00:00+0200,100.104,MW,DK2,DK_2,actual_offshore_wind_generation,Wind Offshore,2026-09-25T20:15:59Z
2026-09-25T20:14:32Z,2026-09-25T22:14:32+0200,0058ff56-e9e2-4f32-86d7-71abbced9686,2026-09-19T10:15:00Z,2026-09-19T12:15:00+0200,96.7444,MW,DK2,DK_2,actual_offshore_wind_generation,Wind Offshore,2026-09-25T20:15:59Z
2026-09-25T20:14:32Z,2026-09-25T22:14:32+0200,0058ff56-e9e2-4f32-86d7-71abbced9686,2026-09-19T10:30:00Z,2026-09-19T12:30:00+0200,105.782,MW,DK2,DK_2,actual_offshore_wind_generation,Wind Offshore,2026-09-25T20:15:59Z
2026-09-25T20:14:32Z,2026-09-25T22:14:32+0200,0058ff56-e9e2-4f32-86d7-71abbced9686,2026-09-19T10:45:00Z,2026-09-19T12:45:00+0200,110.44,MW,DK2,DK_2,actual_offshore_wind_generation,Wind Offshore,2026-09-25T20:15:59Z
2026-09-25T20:14:32Z,2026-09-25T22:14:32+0200,0058ff56-e9e2-4f32-86d7-71abbced9686,2026-09-19T11:00:00Z,2026-09-19T13:00:00+0200,138.451,MW,DK2,DK_2,actual_offshore_wind_generation,Wind Offshore,2026-09-25T20:15:59Z
2026-09-25T20:14:32Z,2026-09-25T22:14:32+0200,0058ff56-e9e2-4f32-86d7-71abbced9686,2026-09-19T11:15:00Z,2026-09-19T13:15:00+0200,105.66,MW,DK2,DK_2,actual_offshore_wind_generation,Wind Offshore,2026-09-25T20:15:59Z
2026-09-25T20:14:32Z,2026-09-25T22:14:32+0200,0058ff56-e9e2-4f32-86d7-71abbced9686,2026-09-19T11:30:00Z,2026-09-19T13:30:00+0200,114.741,MW,DK2,DK_2,actual_offshore_wind_generation,Wind Offshore,2026-09-25T20:15:59Z
2026-09-25T20:14:32Z,2026-09-25T22:14:32+0200,0058ff56-e9e2-4f32-86d7-71abbced9686,2026-09-19T11:45:00Z,2026-09-19T13:45:00+0200,79.2735,MW,DK2,DK_2,actual_offshore_wind_generation,Wind Offshore,2026-09-25T20:15:59Z
2026-09-25T20:14:32Z,2026-09-25T22:14:32+0200,0058ff56-e9e2-4f32-86d7-71abbced9686,2026-09-19T12:00:00Z,2026-09-19T14:00:00+0200,88.6063,MW,DK2,DK_2,actual_offshore_wind_generation,Wind Offshore,2026-09-25T20:15:59Z
2026-09-25T20:14:32Z,2026-09-25T22:14:32+0200,0058ff56-e9e2-4f32-86d7-71abbced9686,2026-09-19T12:15:00Z,2026-09-19T14:15:00+0200,70.2106,MW,DK2,DK_2,actual_offshore_wind_generation,Wind Offshore,2026-09-25T20:15:59Z
2026-09-25T20:14:32Z,2026-09-25T22:14:32+0200,0058ff56-e9e2-4f32-86d7-71abbced9686,2026-09-19T12:30:00Z,2026-09-19T14:30:00+0200,77.057,MW,DK2,DK_2,actual_offshore_wind_generation,Wind Offshore,2026-09-25T20:15:59Z
2026-09-25T20:14:32Z,2026-09-25T22:14:32+0200,0058ff56-e9e2-4f32-86d7-71abbced9686,2026-09-19T12:45:00Z,2026-09-19T14:45:00+0200,76.4884,MW,DK2,DK_2,actual_offshore_wind_generation,Wind Offshore,2026-09-25T20:15:59Z
2026-09-25T20:14:32Z,2026-09-25T22:14:32+0200,0058ff56-e9e2-4f32-86d7-71abbced9686,2026-09-19T13:00:00Z,2026-09-19T15:00:00+0200,75.9497,MW,DK2,DK_2,actual_offshore_wind_generation,Wind Offshore,2026-09-25T20:15:59Z
2026-09-25T20:14:32Z,2026-09-25T22:14:32+0200,0058ff56-e9e2-4f32-86d7-71abbced9686,2026-09-19T13:15:00Z,2026-09-19T15:15:00+0200,71.0903,MW,DK2,DK_2,actual_offshore_wind_generation,Wind Offshore,2026-09-25T20:15:59Z
2026-09-25T20:14:32Z,2026-09-25T22:14:32+0200,0058ff56-e9e2-4f32-86d7-71abbced9686,2026-09-19T13:30:00Z,2026-09-19T15:30:00+0200,74.8131,MW,DK2,DK_2,actual_offshore_wind_generation,Wind Offshore,2026-09-25T20:15:59Z
2026-09-25T20:14:32Z,2026-09-25T22:14:32+0200,0058ff56-e9e2-4f32-86d7-71abbced9686,2026-09-19T13:45:00Z,2026-09-19T15:45:00+0200,79.8958,MW,DK2,DK_2,actual_offshore_wind_generation,Wind Offshore,2026-09-25T20:15:59Z
2026-09-25T20:14:32Z,2026-09-25T22:14:32+0200,0058ff56-e9e2-4f32-86d7-71abbced9686,2026-09-19T14:00:00Z,2026-09-19T16:00:00+0200,85.0757,MW,DK2,DK_2,actual_offshore_wind_generation,Wind Offshore,2026-09-25T20:15:59Z
2026-09-25T20:14:32Z,2026-09-25T22:14:32+0200,0058ff56-e9e2-4f32-86d7-71abbced9686,2026-09-19T14:15:00Z,2026-09-19T16:15:00+0200,264.63,MW,DK2,DK_2,actual_offshore_wind_generation,Wind Offshore,2026-09-25T20:15:59Z
2026-09-25T20:14:32Z,2026-09-25T22:14:32+0200,0058ff56-e9e2-4f32-86d7-71abbced9686,2026-09-19T14:30:00Z,2026-09-19T16:30:00+0200,323.11,MW,DK2,DK_2,actual_offshore_wind_generation,Wind Offshore,2026-09-25T20:15:59Z
2026-09-25T20:14:32Z,2026-09-25T22:14:32+0200,0058ff56-e9e2-4f32-86d7-71abbced9686,2026-09-19T14:45:00Z,2026-09-19T16:45:00+0200,397.471,MW,DK2,DK_2,actual_offshore_wind_generation,Wind Offshore,2026-09-25T20:15:59Z
2026-09-25T20:14:32Z,2026-09-25T22:14:32+0200,0058ff56-e9e2-4f32-86d7-71abbced9686,2026-09-19T15:00:00Z,2026-09-19T17:00:00+0200,530.746,MW,DK2,DK_2,actual_offshore_wind_generation,Wind Offshore,2026-09-25T20:15:59Z
2026-09-25T20:14:32Z,2026-09-25T22:14:32+0200,0058ff56-e9e2-4f32-86d7-71abbced9686,2026-09-19T15:15:00Z,2026-09-19T17:15:00+0200,549.965,MW,DK2,DK_2,actual_offshore_wind_generation,Wind Offshore,2026-09-25T20:15:59Z
2026-09-25T20:14:32Z,2026-09-25T22:14:32+0200,0058ff56-e9e2-4f32-86d7-71abbced9686,2026-09-19T15:30:00Z,2026-09-19T17:30:00+0200,780.649,MW,DK2,DK_2,actual_offshore_wind_generation,Wind Offshore,2026-09-25T20:15:59Z
2026-09-25T20:14:32Z,2026-09-25T22:14:32+0200,0058ff56-e9e2-4f32-86d7-71abbced9686,2026-09-19T15:45:00Z,2026-09-19T17:45:00+0200,906.269,MW,DK2,DK_2,actual_offshore_wind_generation,Wind Offshore,2026-09-25T20:15:59Z
2026-09-25T20:14:32Z,2026-09-25T22:14:32+0200,0058ff56-e9e2-4f32-86d7-71abbced9686,2026-09-19T16:00:00Z,2026-09-19T18:00:00+0200,923.602,MW,DK2,DK_2,actual_offshore_wind_generation,Wind Offshore,2026-09-25T20:15:59Z
2026-09-25T20:14:32Z,2026-09-25T22:14:32+0200,0058ff56-e9e2-4f32-86d7-71abbced9686,2026-09-19T16:15:00Z,2026-09-19T18:15:00+0200,921.9,MW,DK2,DK_2,actual_offshore_wind_generation,Wind Offshore,2026-09-25T20:15:59Z
2026-09-25T20:14:32Z,2026-09-25T22:14:32+0200,0058ff56-e9e2-4f32-86d7-71abbced9686,2026-09-19T16:30:00Z,2026-09-19T18:30:00+0200,928.587,MW,DK2,DK_2,actual_offshore_wind_generation,Wind Offshore,2026-09-25T20:15:59Z
2026-09-25T20:14:32Z,2026-09-25T22:14:32+0200,0058ff56-e9e2-4f32-86d7-71abbced9686,2026-09-19T16:45:00Z,2026-09-19T18:45:00+0200,926.188,MW,DK2,DK_2,actual_offshore_wind_generation,Wind Offshore,2026-09-25T20:15:59Z
2026-09-25T20:14:32Z,2026-09-25T22:14:32+0200,0058ff56-e9e2-4f32-86d7-71abbced9686,2026-09-19T17:00:00Z,2026-09-19T19:00:00+0200,913.236,MW,DK2,DK_2,actual_offshore_wind_generation,Wind Offshore,2026-09-25T20:15:59Z
2026-09-25T20:14:32Z,2026-09-25T22:14:32+0200,0058ff56-e9e2-4f32-86d7-71abbced9686,2026-09-19T17:15:00Z,2026-09-19T19:15:00+0200,919.381,MW,DK2,DK_2,actual_offshore_wind_generation,Wind Offshore,2026-09-25T20:15:59Z
2026-09-25T20:14:32Z,2026-09-25T22:14:32+0200,0058ff56-e9e2-4f32-86d7-71abbced9686,2026-09-19T17:30:00Z,2026-09-19T19:30:00+0200,927.508,MW,DK2,DK_2,actual_offshore_wind_generation,Wind Offshore,2026-09-25T20:15:59Z
2026-09-25T20:14:32Z,2026-09-25T22:14:32+0200,0058ff56-e9e2-4f32-86d7-71abbced9686,2026-09-19T17:45:00Z,2026-09-19T19:45:00+0200,926.559,MW,DK2,DK_2,actual_offshore_wind_generation,Wind Offshore,2026-09-25T20:15:59Z
2026-09-25T20:14:32Z,2026-09-25T22:14:32+0200,0058ff56-e9e2-4f32-86d7-71abbced9686,2026-09-19T18:00:00Z,2026-09-19T20:00:00+0200,928.749,MW,DK2,DK_2,actual_offshore_wind_generation,Wind Offshore,2026-09-25T20:15:59Z
2026-09-25T20:14:32Z,2026-09-25T22:14:32+0200,0058ff56-e9e2-4f32-86d7-71abbced9686,2026-09-19T18:15:00Z,2026-09-19T20:15:00+0200,926.769,MW,DK2,DK_2,actual_offshore_wind_generation,Wind Offshore,2026-09-25T20:15:59Z
2026-09-25T20:14:32Z,2026-09-25T22:14:32+0200,0058ff56-e9e2-4f32-86d7-71abbced9686,2026-09-19T18:30:00Z,2026-09-19T20:30:00+0200,926.093,MW,DK2,DK_2,actual_offshore_wind_generation,Wind Offshore,2026-09-25T20:15:59Z
2026-09-25T20:14:32Z,2026-09-25T22:14:32+0200,0058ff56-e9e2-4f32-86d7-71abbced9686,2026-09-19T18:45:00Z,2026-09-19T20:45:00+0200,924.752,MW,DK2,DK_2,actual_offshore_wind_generation,Wind Offshore,2026-09-25T20:15:59Z
2026-09-25T20:14:32Z,2026-09-25T22:14:32+0200,0058ff56-e9e2-4f32-86d7-71abbced9686,2026-09-19T19:00:00Z,2026-09-19T21:00:00+0200,922.85,MW,DK2,DK_2,actual_offshore_wind_generation,Wind Offshore,2026-09-25T20:15:59Z
2026-09-25T20:14:32Z,2026-09-25T22:14:32+0200,0058ff56-e9e2-4f32-86d7-71abbced9686,2026-09-19T19:15:00Z,2026-09-19T21:15:00+0200,922.753,MW,DK2,DK_2,actual_offshore_wind_generation,Wind Offshore,2026-09-25T20:15:59Z
2026-09-25T20:14:32Z,2026-09-25T22:14:32+0200,0058ff56-e9e2-4f32-86d7-71abbced9686,2026-09-19T19:30:00Z,2026-09-19T21:30:00+0200,922.796,MW,DK2,DK_2,actual_offshore_wind_generation,Wind Offshore,2026-09-25T20:15:59Z
2026-09-25T20:14:32Z,2026-09-25T22:14:32+0200,0058ff56-e9e2-4f32-86d7-71abbced9686,2026-09-19T19:45:00Z,2026-09-19T21:45:00+0200,917.786,MW,DK2,DK_2,actual_offshore_wind_generation,Wind Offshore,2026-09-25T20:15:59Z
2026-09-25T20:14:32Z,2026-09-25T22:14:32+0200,0058ff56-e9e2-4f32-86d7-71abbced9686,2026-09-19T20:00:00Z,2026-09-19T22:00:00+0200,915.704,MW,DK2,DK_2,actual_offshore_wind_generation,Wind Offshore,2026-09-25T20:15:59Z
2026-09-25T20:14:32Z,2026-09-25T22:14:32+0200,0058ff56-e9e2-4f32-86d7-71abbced9686,2026-09-19T20:15:00Z,2026-09-19T22:15:00+0200,921.724,MW,DK2,DK_2,actual_offshore_wind_generation,Wind Offshore,2026-09-25T20:15:59Z
2026-09-25T20:14:32Z,2026-09-25T22:14:32+0200,0058ff56-e9e2-4f32-86d7-71abbced9686,2026-09-19T20:30:00Z,2026-09-19T22:30:00+0200,914.141,MW,DK2,DK_2,actual_offshore_wind_generation,Wind Offshore,2026-09-25T20:15:59Z
2026-09-25T20:14:32Z,2026-09-25T22:14:32+0200,0058ff56-e9e2-4f32-86d7-71abbced9686,2026-09-19T20:45:00Z,2026-09-19T22:45:00+0200,909.026,MW,DK2,DK_2,actual_offshore_wind_generation,Wind Offshore,2026-09-25T20:15:59Z
2026-09-25T20:14:32Z,2026-09-25T22:14:32+0200,0058ff56-e9e2-4f32-86d7-71abbced9686,2026-09-19T21:00:00Z,2026-09-19T23:00:00+0200,912.423,MW,DK2,DK_2,actual_offshore_wind_generation,Wind Offshore,2026-09-25T20:15:59Z
2026-09-25T20:14:32Z,2026-09-25T22:14:32+0200,0058ff56-e9e2-4f32-86d7-71abbced9686,2026-09-19T21:15:00Z,2026-09-19T23:15:00+0200,893.056,MW,DK2,DK_2,actual_offshore_wind_generation,Wind Offshore,2026-09-25T20:15:59Z
2026-09-25T20:14:32Z,2026-09-25T22:14:32+0200,0058ff56-e9e2-4f32-86d7-71abbced9686,2026-09-19T21:30:00Z,2026-09-19T23:30:00+0200,872.32,MW,DK2,DK_2,actual_offshore_wind_generation,Wind Offshore,2026-09-25T20:15:59Z
2026-09-25T20:14:32Z,2026-09-25T22:14:32+0200,0058ff56-e9e2-4f32-86d7-71abbced9686,2026-09-19T21:45:00Z,2026-09-19T23:45:00+0200,896.67,MW,DK2,DK_2,actual_offshore_wind_generation,Wind Offshore,2026-09-25T20:15:59Z
2026-09-25T20:14:32Z,2026-09-25T22:14:32+0200,0058ff56-e9e2-4f32-86d7-71abbced9686,2026-09-19T22:00:00Z,2026-09-20T00:00:00+0200,900.8,MW,DK2,DK_2,actual_offshore_wind_generation,Wind Offshore,2026-09-25T20:15:59Z
2026-09-25T20:14:32Z,2026-09-25T22:14:32+0200,0058ff56-e9e2-4f32-86d7-71abbced9686,2026-09-19T22:15:00Z,2026-09-20T00:15:00+0200,877.72,MW,DK2,DK_2,actual_offshore_wind_generation,Wind Offshore,2026-09-25T20:15:59Z
2026-09-25T20:14:32Z,2026-09-25T22:14:32+0200,0058ff56-e9e2-4f32-86d7-71abbced9686,2026-09-19T22:30:00Z,2026-09-20T00:30:00+0200,863.843,MW,DK2,DK_2,actual_offshore_wind_generation,Wind Offshore,2026-09-25T20:15:59Z
2026-09-25T20:14:32Z,2026-09-25T22:14:32+0200,0058ff56-e9e2-4f32-86d7-71abbced9686,2026-09-19T22:45:00Z,2026-09-20T00:45:00+0200,783.732,MW,DK2,DK_2,actual_offshore_wind_generation,Wind Offshore,2026-09-25T20:15:59Z
2026-09-25T20:14:32Z,2026-09-25T22:14:32+0200,0058ff56-e9e2-4f32-86d7-71abbced9686,2026-09-19T23:00:00Z,2026-09-20T01:00:00+0200,560.886,MW,DK2,DK_2,actual_offshore_wind_generation,Wind Offshore,2026-09-25T20:15:59Z
2026-09-25T20:14:32Z,2026-09-25T22:14:32+0200,0058ff56-e9e2-4f32-86d7-71abbced9686,2026-09-19T23:15:00Z,2026-09-20T01:15:00+0200,457.705,MW,DK2,DK_2,actual_offshore_wind_generation,Wind Offshore,2026-09-25T20:15:59Z
2026-09-25T20:14:32Z,2026-09-25T22:14:32+0200,0058ff56-e9e2-4f32-86d7-71abbced9686,2026-09-19T23:30:00Z,2026-09-20T01:30:00+0200,494.013,MW,DK2,DK_2,actual_offshore_wind_generation,Wind Offshore,2026-09-25T20:15:59Z
2026-09-25T20:14:32Z,2026-09-25T22:14:32+0200,0058ff56-e9e2-4f32-86d7-71abbced9686,2026-09-19T23:45:00Z,2026-09-20T01:45:00+0200,539.137,MW,DK2,DK_2,actual_offshore_wind_generation,Wind Offshore,2026-09-25T20:15:59Z
2026-09-25T20:14:32Z,2026-09-25T22:14:32+0200,0058ff56-e9e2-4f32-86d7-71abbced9686,2026-09-20T00:00:00Z,2026-09-20T02:00:00+0200,588.4,MW,DK2,DK_2,actual_offshore_wind_generation,Wind Offshore,2026-09-25T20:15:59Z
2026-09-25T20:14:32Z,2026-09-25T22:14:32+0200,0058ff56-e9e2-4f32-86d7-71abbced9686,2026-09-20T00:15:00Z,2026-09-20T02:15:00+0200,615.016,MW,DK2,DK_2,actual_offshore_wind_generation,Wind Offshore,2026-09-25T20:15:59Z
2026-09-25T20:14:32Z,2026-09-25T22:14:32+0200,0058ff56-e9e2-4f32-86d7-71abbced9686,2026-09-20T00:30:00Z,2026-09-20T02:30:00+0200,549.223,MW,DK2,DK_2,actual_offshore_wind_generation,Wind Offshore,2026-09-25T20:15:59Z
2026-09-25T20:14:32Z,2026-09-25T22:14:32+0200,0058ff56-e9e2-4f32-86d7-71abbced9686,2026-09-20T00:45:00Z,2026-09-20T02:45:00+0200,541.302,MW,DK2,DK_2,actual_offshore_wind_generation,Wind Offshore,2026-09-25T20:15:59Z
2026-09-25T20:14:32Z,2026-09-25T22:14:32+0200,0058ff56-e9e2-4f32-86d7-71abbced9686,2026-09-20T01:00:00Z,2026-09-20T03:00:00+0200,503.895,MW,DK2,DK_2,actual_offshore_wind_generation,Wind Offshore,2026-09-25T20:15:59Z
2026-09-25T20:14:32Z,2026-09-25T22:14:32+0200,0058ff56-e9e2-4f32-86d7-71abbced9686,2026-09-20T01:15:00Z,2026-09-20T03:15:00+0200,500.346,MW,DK2,DK_2,actual_offshore_wind_generation,Wind Offshore,2026-09-25T20:15:59Z
2026-09-25T20:14:32Z,2026-09-25T22:14:32+0200,0058ff56-e9e2-4f32-86d7-71abbced9686,2026-09-20T01:30:00Z,2026-09-20T03:30:00+0200,505.686,MW,DK2,DK_2,actual_offshore_wind_generation,Wind Offshore,2026-09-25T20:15:59Z
2026-09-25T20:14:32Z,2026-09-25T22:14:32+0200,0058ff56-e9e2-4f32-86d7-71abbced9686,2026-09-20T01:45:00Z,2026-09-20T03:45:00+0200,442.367,MW,DK2,DK_2,actual_offshore_wind_generation,Wind Offshore,2026-09-25T20:15:59Z
2026-09-25T20:14:32Z,2026-09-25T22:14:32+0200,0058ff56-e9e2-4f32-86d7-71abbced9686,2026-09-20T02:00:00Z,2026-09-20T04:00:00+0200,456.194,MW,DK2,DK_2,actual_offshore_wind_generation,Wind Offshore,2026-09-25T20:15:59Z
2026-09-25T20:14:32Z,2026-09-25T22:14:32+0200,0058ff56-e9e2-4f32-86d7-71abbced9686,2026-09-20T02:15:00Z,2026-09-20T04:15:00+0200,504.501,MW,DK2,DK_2,actual_offshore_wind_generation,Wind Offshore,2026-09-25T20:15:59Z
2026-09-25T20:14:32Z,2026-09-25T22:14:32+0200,0058ff56-e9e2-4f32-86d7-71abbced9686,2026-09-20T02:30:00Z,2026-09-20T04:30:00+0200,565.852,MW,DK2,DK_2,actual_offshore_wind_generation,Wind Offshore,2026-09-25T20:15:59Z
2026-09-25T20:14:32Z,2026-09-25T22:14:32+0200,0058ff56-e9e2-4f32-86d7-71abbced9686,2026-09-20T02:45:00Z,2026-09-20T04:45:00+0200,514.407,MW,DK2,DK_2,actual_offshore_wind_generation,Wind Offshore,2026-09-25T20:15:59Z
2026-09-25T20:14:32Z,2026-09-25T22:14:32+0200,0058ff56-e9e2-4f32-86d7-71abbced9686,2026-09-20T03:00:00Z,2026-09-20T05:00:00+0200,586.236,MW,DK2,DK_2,actual_offshore_wind_generation,Wind Offshore,2026-09-25T20:15:59Z
2026-09-25T20:14:32Z,2026-09-25T22:14:32+0200,0058ff56-e9e2-4f32-86d7-71abbced9686,2026-09-20T03:15:00Z,2026-09-20T05:15:00+0200,632.857,MW,DK2,DK_2,actual_offshore_wind_generation,Wind Offshore,2026-09-25T20:15:59Z
2026-09-25T20:14:32Z,2026-09-25T22:14:32+0200,0058ff56-e9e2-4f32-86d7-71abbced9686,2026-09-20T03:30:00Z,2026-09-20T05:30:00+0200,626.549,MW,DK2,DK_2,actual_offshore_wind_generation,Wind Offshore,2026-09-25T20:15:59Z
2026-09-25T20:14:32Z,2026-09-25T22:14:32+0200,0058ff56-e9e2-4f32-86d7-71abbced9686,2026-09-20T03:45:00Z,2026-09-20T05:45:00+0200,594.487,MW,DK2,DK_2,actual_offshore_wind_generation,Wind Offshore,2026-09-25T20:15:59Z
2026-09-25T20:14:32Z,2026-09-25T22:14:32+0200,0058ff56-e9e2-4f32-86d7-71abbced9686,2026-09-20T04:00:00Z,2026-09-20T06:00:00+0200,572.116,MW,DK2,DK_2,actual_offshore_wind_generation,Wind Offshore,2026-09-25T20:15:59Z
2026-09-25T20:14:32Z,2026-09-25T22:14:32+0200,0058ff56-e9e2-4f32-86d7-71abbced9686,2026-09-20T04:15:00Z,2026-09-20T06:15:00+0200,597.261,MW,DK2,DK_2,actual_offshore_wind_generation,Wind Offshore,2026-09-25T20:15:59Z
2026-09-25T20:14:32Z,2026-09-25T22:14:32+0200,0058ff56-e9e2-4f32-86d7-71abbced9686,2026-09-20T04:30:00Z,2026-09-20T06:30:00+0200,597.432,MW,DK2,DK_2,actual_offshore_wind_generation,Wind Offshore,2026-09-25T20:15:59Z
2026-09-25T20:14:32Z,2026-09-25T22:14:32+0200,0058ff56-e9e2-4f32-86d7-71abbced9686,2026-09-20T04:45:00Z,2026-09-20T06:45:00+0200,659.501,MW,DK2,DK_2,actual_offshore_wind_generation,Wind Offshore,2026-09-25T20:15:59Z
2026-09-25T20:14:32Z,2026-09-25T22:14:32+0200,0058ff56-e9e2-4f32-86d7-71abbced9686,2026-09-20T05:00:00Z,2026-09-20T07:00:00+0200,769.959,MW,DK2,DK_2,actual_offshore_wind_generation,Wind Offshore,2026-09-25T20:15:59Z
2026-09-25T20:14:32Z,2026-09-25T22:14:32+0200,0058ff56-e9e2-4f32-86d7-71abbced9686,2026-09-20T05:15:00Z,2026-09-20T07:15:00+0200,759.749,MW,DK2,DK_2,actual_offshore_wind_generation,Wind Offshore,2026-09-25T20:15:59Z
2026-09-25T20:14:32Z,2026-09-25T22:14:32+0200,0058ff56-e9e2-4f32-86d7-71abbced9686,2026-09-20T05:30:00Z,2026-09-20T07:30:00+0200,712.774,MW,DK2,DK_2,actual_offshore_wind_generation,Wind Offshore,2026-09-25T20:15:59Z
2026-09-25T20:14:32Z,2026-09-25T22:14:32+0200,0058ff56-e9e2-4f32-86d7-71abbced9686,2026-09-20T05:45:00Z,2026-09-20T07:45:00+0200,663.874,MW,DK2,DK_2,actual_offshore_wind_generation,Wind Offshore,2026-09-25T20:15:59Z
2026-09-25T20:14:32Z,2026-09-25T22:14:32+0200,0058ff56-e9e2-4f32-86d7-71abbced9686,2026-09-20T06:00:00Z,2026-09-20T08:00:00+0200,708.007,MW,DK2,DK_2,actual_offshore_wind_generation,Wind Offshore,2026-09-25T20:15:59Z
2026-09-25T20:14:32Z,2026-09-25T22:14:32+0200,0058ff56-e9e2-4f32-86d7-71abbced9686,2026-09-20T06:15:00Z,2026-09-20T08:15:00+0200,758.67,MW,DK2,DK_2,actual_offshore_wind_generation,Wind Offshore,2026-09-25T20:15:59Z
2026-09-25T20:14:32Z,2026-09-25T22:14:32+0200,0058ff56-e9e2-4f32-86d7-71abbced9686,2026-09-20T06:30:00Z,2026-09-20T08:30:00+0200,784.277,MW,DK2,DK_2,actual_offshore_wind_generation,Wind Offshore,2026-09-25T20:15:59Z
2026-09-25T20:14:32Z,2026-09-25T22:14:32+0200,0058ff56-e9e2-4f32-86d7-71abbced9686,2026-09-20T06:45:00Z,2026-09-20T08:45:00+0200,767.68,MW,DK2,DK_2,actual_offshore_wind_generation,Wind Offshore,2026-09-25T20:15:59Z
2026-09-25T20:14:32Z,2026-09-25T22:14:32+0200,0058ff56-e9e2-4f32-86d7-71abbced9686,2026-09-20T07:00:00Z,2026-09-20T09:00:00+0200,783.209,MW,DK2,DK_2,actual_offshore_wind_generation,Wind Offshore,2026-09-25T20:15:59Z
2026-09-25T20:14:32Z,2026-09-25T22:14:32+0200,0058ff56-e9e2-4f32-86d7-71abbced9686,2026-09-20T07:15:00Z,2026-09-20T09:15:00+0200,520.453,MW,DK2,DK_2,actual_offshore_wind_generation,Wind Offshore,2026-09-25T20:15:59Z
2026-09-25T20:14:32Z,2026-09-25T22:14:32+0200,0058ff56-e9e2-4f32-86d7-71abbced9686,2026-09-20T07:30:00Z,2026-09-20T09:30:00+0200,196.178,MW,DK2,DK_2,actual_offshore_wind_generation,Wind Offshore,2026-09-25T20:15:59Z
2026-09-25T20:14:32Z,2026-09-25T22:14:32+0200,0058ff56-e9e2-4f32-86d7-71abbced9686,2026-09-20T07:45:00Z,2026-09-20T09:45:00+0200,83.0809,MW,DK2,DK_2,actual_offshore_wind_generation,Wind Offshore,2026-09-25T20:15:59Z
2026-09-25T20:14:32Z,2026-09-25T22:14:32+0200,0058ff56-e9e2-4f32-86d7-71abbced9686,2026-09-20T08:00:00Z,2026-09-20T10:00:00+0200,8.90592,MW,DK2,DK_2,actual_offshore_wind_generation,Wind Offshore,2026-09-25T20:15:59Z
2026-09-25T20:14:32Z,2026-09-25T22:14:32+0200,0058ff56-e9e2-4f32-86d7-71abbced9686,2026-09-20T08:15:00Z,2026-09-20T10:15:00+0200,12.1954,MW,DK2,DK_2,actual_offshore_wind_generation,Wind Offshore,2026-09-25T20:15:59Z
2026-09-25T20:14:32Z,2026-09-25T22:14:32+0200,0058ff56-e9e2-4f32-86d7-71abbced9686,2026-09-20T08:30:00Z,2026-09-20T10:30:00+0200,14.8101,MW,DK2,DK_2,actual_offshore_wind_generation,Wind Offshore,2026-09-25T20:15:59Z
2026-09-25T20:14:32Z,2026-09-25T22:14:32+0200,0058ff56-e9e2-4f32-86d7-71abbced9686,2026-09-20T08:45:00Z,2026-09-20T10:45:00+0200,16.2834,MW,DK2,DK_2,actual_offshore_wind_generation,Wind Offshore,2026-09-25T20:15:59Z
2026-09-25T20:14:32Z,2026-09-25T22:14:32+0200,0058ff56-e9e2-4f32-86d7-71abbced9686,2026-09-20T09:00:00Z,2026-09-20T11:00:00+0200,19.9581,MW,DK2,DK_2,actual_offshore_wind_generation,Wind Offshore,2026-09-25T20:15:59Z
2026-09-25T20:14:32Z,2026-09-25T22:14:32+0200,0058ff56-e9e2-4f32-86d7-71abbced9686,2026-09-20T09:15:00Z,2026-09-20T11:15:00+0200,16.1754,MW,DK2,DK_2,actual_offshore_wind_generation,Wind Offshore,2026-09-25T20:15:59Z
2026-09-25T20:14:32Z,2026-09-25T22:14:32+0200,0058ff56-e9e2-4f32-86d7-71abbced9686,2026-09-20T09:30:00Z,2026-09-20T11:30:00+0200,18.3974,MW,DK2,DK_2,actual_offshore_wind_generation,Wind Offshore,2026-09-25T20:15:59Z
2026-09-25T20:14:32Z,2026-09-25T22:14:32+0200,0058ff56-e9e2-4f32-86d7-71abbced9686,2026-09-20T09:45:00Z,2026-09-20T11:45:00+0200,19.7647,MW,DK2,DK_2,actual_offshore_wind_generation,Wind Offshore,2026-09-25T20:15:59Z
2026-09-25T20:14:32Z,2026-09-25T22:14:32+0200,0058ff56-e9e2-4f32-86d7-71abbced9686,2026-09-20T10:00:00Z,2026-09-20T12:00:00+0200,14.7181,MW,DK2,DK_2,actual_offshore_wind_generation,Wind Offshore,2026-09-25T20:15:59Z
2026-09-25T20:14:32Z,2026-09-25T22:14:32+0200,0058ff56-e9e2-4f32-86d7-71abbced9686,2026-09-20T10:15:00Z,2026-09-20T12:15:00+0200,12.8536,MW,DK2,DK_2,actual_offshore_wind_generation,Wind Offshore,2026-09-25T20:15:59Z
2026-09-25T20:14:32Z,2026-09-25T22:14:32+0200,0058ff56-e9e2-4f32-86d7-71abbced9686,2026-09-20T10:30:00Z,2026-09-20T12:30:00+0200,13.3418,MW,DK2,DK_2,actual_offshore_wind_generation,Wind Offshore,2026-09-25T20:15:59Z
2026-09-25T20:14:32Z,2026-09-25T22:14:32+0200,0058ff56-e9e2-4f32-86d7-71abbced9686,2026-09-20T10:45:00Z,2026-09-20T12:45:00+0200,16.0766,MW,DK2,DK_2,actual_offshore_wind_generation,Wind Offshore,2026-09-25T20:15:59Z
2026-09-25T20:14:32Z,2026-09-25T22:14:32+0200,0058ff56-e9e2-4f32-86d7-71abbced9686,2026-09-20T11:00:00Z,2026-09-20T13:00:00+0200,16.305,MW,DK2,DK_2,actual_offshore_wind_generation,Wind Offshore,2026-09-25T20:15:59Z
2026-09-25T20:14:32Z,2026-09-25T22:14:32+0200,0058ff56-e9e2-4f32-86d7-71abbced9686,2026-09-20T11:15:00Z,2026-09-20T13:15:00+0200,29.5693,MW,DK2,DK_2,actual_offshore_wind_generation,Wind Offshore,2026-09-25T20:15:59Z
2026-09-25T20:14:32Z,2026-09-25T22:14:32+0200,0058ff56-e9e2-4f32-86d7-71abbced9686,2026-09-20T11:30:00Z,2026-09-20T13:30:00+0200,48.8511,MW,DK2,DK_2,actual_offshore_wind_generation,Wind Offshore,2026-09-25T20:15:59Z
2026-09-25T20:14:32Z,2026-09-25T22:14:32+0200,0058ff56-e9e2-4f32-86d7-71abbced9686,2026-09-20T11:45:00Z,2026-09-20T13:45:00+0200,42.3708,MW,DK2,DK_2,actual_offshore_wind_generation,Wind Offshore,2026-09-25T20:15:59Z
2026-09-25T20:14:32Z,2026-09-25T22:14:32+0200,0058ff56-e9e2-4f32-86d7-71abbced9686,2026-09-20T12:00:00Z,2026-09-20T14:00:00+0200,37.1236,MW,DK2,DK_2,actual_offshore_wind_generation,Wind Offshore,2026-09-25T20:15:59Z
2026-09-25T20:14:32Z,2026-09-25T22:14:32+0200,0058ff56-e9e2-4f32-86d7-71abbced9686,2026-09-20T12:15:00Z,2026-09-20T14:15:00+0200,120.323,MW,DK2,DK_2,actual_offshore_wind_generation,Wind Offshore,2026-09-25T20:15:59Z
2026-09-25T20:14:32Z,2026-09-25T22:14:32+0200,0058ff56-e9e2-4f32-86d7-71abbced9686,2026-09-20T12:30:00Z,2026-09-20T14:30:00+0200,50.1715,MW,DK2,DK_2,actual_offshore_wind_generation,Wind Offshore,2026-09-25T20:15:59Z
2026-09-25T20:14:32Z,2026-09-25T22:14:32+0200,0058ff56-e9e2-4f32-86d7-71abbced9686,2026-09-20T12:45:00Z,2026-09-20T14:45:00+0200,184.406,MW,DK2,DK_2,actual_offshore_wind_generation,Wind Offshore,2026-09-25T20:15:59Z
2026-09-25T20:14:32Z,2026-09-25T22:14:32+0200,0058ff56-e9e2-4f32-86d7-71abbced9686,2026-09-20T13:00:00Z,2026-09-20T15:00:00+0200,329.22,MW,DK2,DK_2,actual_offshore_wind_generation,Wind Offshore,2026-09-25T20:15:59Z
2026-09-25T20:14:32Z,2026-09-25T22:14:32+0200,0058ff56-e9e2-4f32-86d7-71abbced9686,2026-09-20T13:15:00Z,2026-09-20T15:15:00+0200,368.795,MW,DK2,DK_2,actual_offshore_wind_generation,Wind Offshore,2026-09-25T20:15:59Z
2026-09-25T20:14:32Z,2026-09-25T22:14:32+0200,0058ff56-e9e2-4f32-86d7-71abbced9686,2026-09-20T13:30:00Z,2026-09-20T15:30:00+0200,379.348,MW,DK2,DK_2,actual_offshore_wind_generation,Wind Offshore,2026-09-25T20:15:59Z
2026-09-25T20:14:32Z,2026-09-25T22:14:32+0200,0058ff56-e9e2-4f32-86d7-71abbced9686,2026-09-20T13:45:00Z,2026-09-20T15:45:00+0200,382.752,MW,DK2,DK_2,actual_offshore_wind_generation,Wind Offshore,2026-09-25T20:15:59Z
2026-09-25T20:14:32Z,2026-09-25T22:14:32+0200,0058ff56-e9e2-4f32-86d7-71abbced9686,2026-09-20T14:00:00Z,2026-09-20T16:00:00+0200,382.424,MW,DK2,DK_2,actual_offshore_wind_generation,Wind Offshore,2026-09-25T20:15:59Z
2026-09-25T20:14:32Z,2026-09-25T22:14:32+0200,0058ff56-e9e2-4f32-86d7-71abbced9686,2026-09-20T14:15:00Z,2026-09-20T16:15:00+0200,383.75,MW,DK2,DK_2,actual_offshore_wind_generation,Wind Offshore,2026-09-25T20:15:59Z
2026-09-25T20:14:32Z,2026-09-25T22:14:32+0200,0058ff56-e9e2-4f32-86d7-71abbced9686,2026-09-20T14:30:00Z,2026-09-20T16:30:00+0200,392.76,MW,DK2,DK_2,actual_offshore_wind_generation,Wind Offshore,2026-09-25T20:15:59Z
2026-09-25T20:14:32Z,2026-09-25T22:14:32+0200,0058ff56-e9e2-4f32-86d7-71abbced9686,2026-09-20T14:45:00Z,2026-09-20T16:45:00+0200,732.302,MW,DK2,DK_2,actual_offshore_wind_generation,Wind Offshore,2026-09-25T20:15:59Z
2026-09-25T20:14:32Z,2026-09-25T22:14:32+0200,0058ff56-e9e2-4f32-86d7-71abbced9686,2026-09-20T15:00:00Z,2026-09-20T17:00:00+0200,758.416,MW,DK2,DK_2,actual_offshore_wind_generation,Wind Offshore,2026-09-25T20:15:59Z
2026-09-25T20:14:32Z,2026-09-25T22:14:32+0200,0058ff56-e9e2-4f32-86d7-71abbced9686,2026-09-20T15:15:00Z,2026-09-20T17:15:00+0200,743.002,MW,DK2,DK_2,actual_offshore_wind_generation,Wind Offshore,2026-09-25T20:15:59Z
2026-09-25T20:14:32Z,2026-09-25T22:14:32+0200,0058ff56-e9e2-4f32-86d7-71abbced9686,2026-09-20T15:30:00Z,2026-09-20T17:30:00+0200,871.567,MW,DK2,DK_2,actual_offshore_wind_generation,Wind Offshore,2026-09-25T20:15:59Z
2026-09-25T20:14:32Z,2026-09-25T22:14:32+0200,0058ff56-e9e2-4f32-86d7-71abbced9686,2026-09-20T15:45:00Z,2026-09-20T17:45:00+0200,920.492,MW,DK2,DK_2,actual_offshore_wind_generation,Wind Offshore,2026-09-25T20:15:59Z
2026-09-25T20:14:32Z,2026-09-25T22:14:32+0200,0058ff56-e9e2-4f32-86d7-71abbced9686,2026-09-20T16:00:00Z,2026-09-20T18:00:00+0200,923.958,MW,DK2,DK_2,actual_offshore_wind_generation,Wind Offshore,2026-09-25T20:15:59Z
2026-09-25T20:14:32Z,2026-09-25T22:14:32+0200,0058ff56-e9e2-4f32-86d7-71abbced9686,2026-09-20T16:15:00Z,2026-09-20T18:15:00+0200,930.536,MW,DK2,DK_2,actual_offshore_wind_generation,Wind Offshore,2026-09-25T20:15:59Z
2026-09-25T20:14:32Z,2026-09-25T22:14:32+0200,0058ff56-e9e2-4f32-86d7-71abbced9686,2026-09-20T16:30:00Z,2026-09-20T18:30:00+0200,939.208,MW,DK2,DK_2,actual_offshore_wind_generation,Wind Offshore,2026-09-25T20:15:59Z
2026-09-25T20:14:32Z,2026-09-25T22:14:32+0200,0058ff56-e9e2-4f32-86d7-71abbced9686,2026-09-20T16:45:00Z,2026-09-20T18:45:00+0200,937.21,MW,DK2,DK_2,actual_offshore_wind_generation,Wind Offshore,2026-09-25T20:15:59Z
2026-09-25T20:14:32Z,2026-09-25T22:14:32+0200,0058ff56-e9e2-4f32-86d7-71abbced9686,2026-09-20T17:00:00Z,2026-09-20T19:00:00+0200,935.69,MW,DK2,DK_2,actual_offshore_wind_generation,Wind Offshore,2026-09-25T20:15:59Z
2026-09-25T20:14:32Z,2026-09-25T22:14:32+0200,0058ff56-e9e2-4f32-86d7-71abbced9686,2026-09-20T17:15:00Z,2026-09-20T19:15:00+0200,911.762,MW,DK2,DK_2,actual_offshore_wind_generation,Wind Offshore,2026-09-25T20:15:59Z
2026-09-25T20:14:32Z,2026-09-25T22:14:32+0200,0058ff56-e9e2-4f32-86d7-71abbced9686,2026-09-20T17:30:00Z,2026-09-20T19:30:00+0200,938.486,MW,DK2,DK_2,actual_offshore_wind_generation,Wind Offshore,2026-09-25T20:15:59Z
2026-09-25T20:14:32Z,2026-09-25T22:14:32+0200,0058ff56-e9e2-4f32-86d7-71abbced9686,2026-09-20T17:45:00Z,2026-09-20T19:45:00+0200,935.433,MW,DK2,DK_2,actual_offshore_wind_generation,Wind Offshore,2026-09-25T20:15:59Z
2026-09-25T20:14:32Z,2026-09-25T22:14:32+0200,0058ff56-e9e2-4f32-86d7-71abbced9686,2026-09-20T18:00:00Z,2026-09-20T20:00:00+0200,934.158,MW,DK2,DK_2,actual_offshore_wind_generation,Wind Offshore,2026-09-25T20:15:59Z
2026-09-25T20:14:32Z,2026-09-25T22:14:32+0200,0058ff56-e9e2-4f32-86d7-71abbced9686,2026-09-20T18:15:00Z,2026-09-20T20:15:00+0200,938.179,MW,DK2,DK_2,actual_offshore_wind_generation,Wind Offshore,2026-09-25T20:15:59Z
2026-09-25T20:14:32Z,2026-09-25T22:14:32+0200,0058ff56-e9e2-4f32-86d7-71abbced9686,2026-09-20T18:30:00Z,2026-09-20T20:30:00+0200,939.324,MW,DK2,DK_2,actual_offshore_wind_generation,Wind Offshore,2026-09-25T20:15:59Z
2026-09-25T20:14:32Z,2026-09-25T22:14:32+0200,0058ff56-e9e2-4f32-86d7-71abbced9686,2026-09-20T18:45:00Z,2026-09-20T20:45:00+0200,935.454,MW,DK2,DK_2,actual_offshore_wind_generation,Wind Offshore,2026-09-25T20:15:59Z
2026-09-25T20:14:32Z,2026-09-25T22:14:32+0200,0058ff56-e9e2-4f32-86d7-71abbced9686,2026-09-20T19:00:00Z,2026-09-20T21:00:00+0200,934.33,MW,DK2,DK_2,actual_offshore_wind_generation,Wind Offshore,2026-09-25T20:15:59Z
2026-09-25T20:14:32Z,2026-09-25T22:14:32+0200,0058ff56-e9e2-4f32-86d7-71abbced9686,2026-09-20T19:15:00Z,2026-09-20T21:15:00+0200,936.831,MW,DK2,DK_2,actual_offshore_wind_generation,Wind Offshore,2026-09-25T20:15:59Z
2026-09-25T20:14:32Z,2026-09-25T22:14:32+0200,0058ff56-e9e2-4f32-86d7-71abbced9686,2026-09-20T19:30:00Z,2026-09-20T21:30:00+0200,935.372,MW,DK2,DK_2,actual_offshore_wind_generation,Wind Offshore,2026-09-25T20:15:59Z
2026-09-25T20:14:32Z,2026-09-25T22:14:32+0200,0058ff56-e9e2-4f32-86d7-71abbced9686,2026-09-20T19:45:00Z,2026-09-20T21:45:00+0200,926.841,MW,DK2,DK_2,actual_offshore_wind_generation,Wind Offshore,2026-09-25T20:15:59Z
2026-09-25T20:14:32Z,2026-09-25T22:14:32+0200,0058ff56-e9e2-4f32-86d7-71abbced9686,2026-09-20T20:00:00Z,2026-09-20T22:00:00+0200,927.967,MW,DK2,DK_2,actual_offshore_wind_generation,Wind Offshore,2026-09-25T20:15:59Z
2026-09-25T20:14:32Z,2026-09-25T22:14:32+0200,0058ff56-e9e2-4f32-86d7-71abbced9686,2026-09-20T20:15:00Z,2026-09-20T22:15:00+0200,925.144,MW,DK2,DK_2,actual_offshore_wind_generation,Wind Offshore,2026-09-25T20:15:59Z
2026-09-25T20:14:32Z,2026-09-25T22:14:32+0200,0058ff56-e9e2-4f32-86d7-71abbced9686,2026-09-20T20:30:00Z,2026-09-20T22:30:00+0200,924.241,MW,DK2,DK_2,actual_offshore_wind_generation,Wind Offshore,2026-09-25T20:15:59Z
2026-09-25T20:14:32Z,2026-09-25T22:14:32+0200,0058ff56-e9e2-4f32-86d7-71abbced9686,2026-09-20T20:45:00Z,2026-09-20T22:45:00+0200,929.514,MW,DK2,DK_2,actual_offshore_wind_generation,Wind Offshore,2026-09-25T20:15:59Z
2026-09-25T20:14:32Z,2026-09-25T22:14:32+0200,0058ff56-e9e2-4f32-86d7-71abbced9686,2026-09-20T21:00:00Z,2026-09-20T23:00:00+0200,921.202,MW,DK2,DK_2,actual_offshore_wind_generation,Wind Offshore,2026-09-25T20:15:59Z
2026-09-25T20:14:32Z,2026-09-25T22:14:32+0200,0058ff56-e9e2-4f32-86d7-71abbced9686,2026-09-20T21:15:00Z,2026-09-20T23:15:00+0200,917.219,MW,DK2,DK_2,actual_offshore_wind_generation,Wind Offshore,2026-09-25T20:15:59Z
2026-09-25T20:14:32Z,2026-09-25T22:14:32+0200,0058ff56-e9e2-4f32-86d7-71abbced9686,2026-09-20T21:30:00Z,2026-09-20T23:30:00+0200,924.316,MW,DK2,DK_2,actual_offshore_wind_generation,Wind Offshore,2026-09-25T20:15:59Z
2026-09-25T20:14:32Z,2026-09-25T22:14:32+0200,0058ff56-e9e2-4f32-86d7-71abbced9686,2026-09-20T21:45:00Z,2026-09-20T23:45:00+0200,924.445,MW,DK2,DK_2,actual_offshore_wind_generation,Wind Offshore,2026-09-25T20:15:59Z
2026-09-25T20:14:32Z,2026-09-25T22:14:32+0200,0058ff56-e9e2-4f32-86d7-71abbced9686,2026-09-20T22:00:00Z,2026-09-21T00:00:00+0200,926.079,MW,DK2,DK_2,actual_offshore_wind_generation,Wind Offshore,2026-09-25T20:15:59Z
2026-09-25T20:14:32Z,2026-09-25T22:14:32+0200,0058ff56-e9e2-4f32-86d7-71abbced9686,2026-09-20T22:15:00Z,2026-09-21T00:15:00+0200,926.903,MW,DK2,DK_2,actual_offshore_wind_generation,Wind Offshore,2026-09-25T20:15:59Z
2026-09-25T20:14:32Z,2026-09-25T22:14:32+0200,0058ff56-e9e2-4f32-86d7-71abbced9686,2026-09-20T22:30:00Z,2026-09-21T00:30:00+0200,924.723,MW,DK2,DK_2,actual_offshore_wind_generation,Wind Offshore,2026-09-25T20:15:59Z
2026-09-25T20:14:32Z,2026-09-25T22:14:32+0200,0058ff56-e9e2-4f32-86d7-71abbced9686,2026-09-20T22:45:00Z,2026-09-21T00:45:00+0200,921.628,MW,DK2,DK_2,actual_offshore_wind_generation,Wind Offshore,2026-09-25T20:15:59Z
2026-09-25T20:14:32Z,2026-09-25T22:14:32+0200,0058ff56-e9e2-4f32-86d7-71abbced9686,2026-09-20T23:00:00Z,2026-09-21T01:00:00+0200,926.259,MW,DK2,DK_2,actual_offshore_wind_generation,Wind Offshore,2026-09-25T20:15:59Z
2026-09-25T20:14:32Z,2026-09-25T22:14:32+0200,0058ff56-e9e2-4f32-86d7-71abbced9686,2026-09-20T23:15:00Z,2026-09-21T01:15:00+0200,926.158,MW,DK2,DK_2,actual_offshore_wind_generation,Wind Offshore,2026-09-25T20:15:59Z
2026-09-25T20:14:32Z,2026-09-25T22:14:32+0200,0058ff56-e9e2-4f32-86d7-71abbced9686,2026-09-20T23:30:00Z,2026-09-21T01:30:00+0200,926.28,MW,DK2,DK_2,actual_offshore_wind_generation,Wind Offshore,2026-09-25T20:15:59Z
2026-09-25T20:14:32Z,2026-09-25T22:14:32+0200,0058ff56-e9e2-4f32-86d7-71abbced9686,2026-09-20T23:45:00Z,2026-09-21T01:45:00+0200,927.752,MW,DK2,DK_2,actual_offshore_wind_generation,Wind Offshore,2026-09-25T20:15:59Z
2026-09-25T20:14:32Z,2026-09-25T22:14:32+0200,0058ff56-e9e2-4f32-86d7-71abbced9686,2026-09-21T00:00:00Z,2026-09-21T02:00:00+0200,928.397,MW,DK2,DK_2,actual_offshore_wind_generation,Wind Offshore,2026-09-25T20:15:59Z
2026-09-25T20:14:32Z,2026-09-25T22:14:32+0200,0058ff56-e9e2-4f32-86d7-71abbced9686,2026-09-21T00:15:00Z,2026-09-21T02:15:00+0200,931.405,MW,DK2,DK_2,actual_offshore_wind_generation,Wind Offshore,2026-09-25T20:15:59Z
2026-09-25T20:14:32Z,2026-09-25T22:14:32+0200,0058ff56-e9e2-4f32-86d7-71abbced9686,2026-09-21T00:30:00Z,2026-09-21T02:30:00+0200,934.734,MW,DK2,DK_2,actual_offshore_wind_generation,Wind Offshore,2026-09-25T20:15:59Z
2026-09-25T20:14:32Z,2026-09-25T22:14:32+0200,0058ff56-e9e2-4f32-86d7-71abbced9686,2026-09-21T00:45:00Z,2026-09-21T02:45:00+0200,935.343,MW,DK2,DK_2,actual_offshore_wind_generation,Wind Offshore,2026-09-25T20:15:59Z
2026-09-25T20:14:32Z,2026-09-25T22:14:32+0200,0058ff56-e9e2-4f32-86d7-71abbced9686,2026-09-21T01:00:00Z,2026-09-21T03:00:00+0200,934.762,MW,DK2,DK_2,actual_offshore_wind_generation,Wind Offshore,2026-09-25T20:15:59Z
2026-09-25T20:14:32Z,2026-09-25T22:14:32+0200,0058ff56-e9e2-4f32-86d7-71abbced9686,2026-09-21T01:15:00Z,2026-09-21T03:15:00+0200,935.016,MW,DK2,DK_2,actual_offshore_wind_generation,Wind Offshore,2026-09-25T20:15:59Z
2026-09-25T20:14:32Z,2026-09-25T22:14:32+0200,0058ff56-e9e2-4f32-86d7-71abbced9686,2026-09-21T01:30:00Z,2026-09-21T03:30:00+0200,934.641,MW,DK2,DK_2,actual_offshore_wind_generation,Wind Offshore,2026-09-25T20:15:59Z
2026-09-25T20:14:32Z,2026-09-25T22:14:32+0200,0058ff56-e9e2-4f32-86d7-71abbced9686,2026-09-21T01:45:00Z,2026-09-21T03:45:00+0200,935.029,MW,DK2,DK_2,actual_offshore_wind_generation,Wind Offshore,2026-09-25T20:15:59Z
2026-09-25T20:14:32Z,2026-09-25T22:14:32+0200,0058ff56-e9e2-4f32-86d7-71abbced9686,2026-09-21T02:00:00Z,2026-09-21T04:00:00+0200,934.627,MW,DK2,DK_2,actual_offshore_wind_generation,Wind Offshore,2026-09-25T20:15:59Z
2026-09-25T20:14:32Z,2026-09-25T22:14:32+0200,0058ff56-e9e2-4f32-86d7-71abbced9686,2026-09-21T02:15:00Z,2026-09-21T04:15:00+0200,934.932,MW,DK2,DK_2,actual_offshore_wind_generation,Wind Offshore,2026-09-25T20:15:59Z
2026-09-25T20:14:32Z,2026-09-25T22:14:32+0200,0058ff56-e9e2-4f32-86d7-71abbced9686,2026-09-21T02:30:00Z,2026-09-21T04:30:00+0200,928.595,MW,DK2,DK_2,actual_offshore_wind_generation,Wind Offshore,2026-09-25T20:15:59Z
2026-09-25T20:14:32Z,2026-09-25T22:14:32+0200,0058ff56-e9e2-4f32-86d7-71abbced9686,2026-09-21T02:45:00Z,2026-09-21T04:45:00+0200,932.549,MW,DK2,DK_2,actual_offshore_wind_generation,Wind Offshore,2026-09-25T20:15:59Z
2026-09-25T20:14:32Z,2026-09-25T22:14:32+0200,0058ff56-e9e2-4f32-86d7-71abbced9686,2026-09-21T03:00:00Z,2026-09-21T05:00:00+0200,933.544,MW,DK2,DK_2,actual_offshore_wind_generation,Wind Offshore,2026-09-25T20:15:59Z
2026-09-25T20:14:32Z,2026-09-25T22:14:32+0200,0058ff56-e9e2-4f32-86d7-71abbced9686,2026-09-21T03:15:00Z,2026-09-21T05:15:00+0200,930.054,MW,DK2,DK_2,actual_offshore_wind_generation,Wind Offshore,2026-09-25T20:15:59Z
2026-09-25T20:14:32Z,2026-09-25T22:14:32+0200,0058ff56-e9e2-4f32-86d7-71abbced9686,2026-09-21T03:30:00Z,2026-09-21T05:30:00+0200,927.221,MW,DK2,DK_2,actual_offshore_wind_generation,Wind Offshore,2026-09-25T20:15:59Z
2026-09-25T20:14:32Z,2026-09-25T22:14:32+0200,0058ff56-e9e2-4f32-86d7-71abbced9686,2026-09-21T03:45:00Z,2026-09-21T05:45:00+0200,926.594,MW,DK2,DK_2,actual_offshore_wind_generation,Wind Offshore,2026-09-25T20:15:59Z
2026-09-25T20:14:32Z,2026-09-25T22:14:32+0200,0058ff56-e9e2-4f32-86d7-71abbced9686,2026-09-21T04:00:00Z,2026-09-21T06:00:00+0200,926.691,MW,DK2,DK_2,actual_offshore_wind_generation,Wind Offshore,2026-09-25T20:15:59Z
2026-09-25T20:14:32Z,2026-09-25T22:14:32+0200,0058ff56-e9e2-4f32-86d7-71abbced9686,2026-09-21T04:15:00Z,2026-09-21T06:15:00+0200,929.782,MW,DK2,DK_2,actual_offshore_wind_generation,Wind Offshore,2026-09-25T20:15:59Z
2026-09-25T20:14:32Z,2026-09-25T22:14:32+0200,0058ff56-e9e2-4f32-86d7-71abbced9686,2026-09-21T04:30:00Z,2026-09-21T06:30:00+0200,929.725,MW,DK2,DK_2,actual_offshore_wind_generation,Wind Offshore,2026-09-25T20:15:59Z
2026-09-25T20:14:32Z,2026-09-25T22:14:32+0200,0058ff56-e9e2-4f32-86d7-71abbced9686,2026-09-21T04:45:00Z,2026-09-21T06:45:00+0200,934.046,MW,DK2,DK_2,actual_offshore_wind_generation,Wind Offshore,2026-09-25T20:15:59Z
2026-09-25T20:14:32Z,2026-09-25T22:14:32+0200,0058ff56-e9e2-4f32-86d7-71abbced9686,2026-09-21T05:00:00Z,2026-09-21T07:00:00+0200,931.872,MW,DK2,DK_2,actual_offshore_wind_generation,Wind Offshore,2026-09-25T20:15:59Z
2026-09-25T20:14:32Z,2026-09-25T22:14:32+0200,0058ff56-e9e2-4f32-86d7-71abbced9686,2026-09-21T05:15:00Z,2026-09-21T07:15:00+0200,937.219,MW,DK2,DK_2,actual_offshore_wind_generation,Wind Offshore,2026-09-25T20:15:59Z
2026-09-25T20:14:32Z,2026-09-25T22:14:32+0200,0058ff56-e9e2-4f32-86d7-71abbced9686,2026-09-21T05:30:00Z,2026-09-21T07:30:00+0200,940.88,MW,DK2,DK_2,actual_offshore_wind_generation,Wind Offshore,2026-09-25T20:15:59Z
2026-09-25T20:14:32Z,2026-09-25T22:14:32+0200,0058ff56-e9e2-4f32-86d7-71abbced9686,2026-09-21T05:45:00Z,2026-09-21T07:45:00+0200,935.527,MW,DK2,DK_2,actual_offshore_wind_generation,Wind Offshore,2026-09-25T20:15:59Z
2026-09-25T20:14:32Z,2026-09-25T22:14:32+0200,0058ff56-e9e2-4f32-86d7-71abbced9686,2026-09-21T06:00:00Z,2026-09-21T08:00:00+0200,937.152,MW,DK2,DK_2,actual_offshore_wind_generation,Wind Offshore,2026-09-25T20:15:59Z
2026-09-25T20:14:32Z,2026-09-25T22:14:32+0200,0058ff56-e9e2-4f32-86d7-71abbced9686,2026-09-21T06:15:00Z,2026-09-21T08:15:00+0200,935.189,MW,DK2,DK_2,actual_offshore_wind_generation,Wind Offshore,2026-09-25T20:15:59Z
2026-09-25T20:14:32Z,2026-09-25T22:14:32+0200,0058ff56-e9e2-4f32-86d7-71abbced9686,2026-09-21T06:30:00Z,2026-09-21T08:30:00+0200,928.726,MW,DK2,DK_2,actual_offshore_wind_generation,Wind Offshore,2026-09-25T20:15:59Z
2026-09-25T20:14:32Z,2026-09-25T22:14:32+0200,0058ff56-e9e2-4f32-86d7-71abbced9686,2026-09-21T06:45:00Z,2026-09-21T08:45:00+0200,930.634,MW,DK2,DK_2,actual_offshore_wind_generation,Wind Offshore,2026-09-25T20:15:59Z
2026-09-25T20:14:32Z,2026-09-25T22:14:32+0200,0058ff56-e9e2-4f32-86d7-71abbced9686,2026-09-21T07:00:00Z,2026-09-21T09:00:00+0200,925.115,MW,DK2,DK_2,actual_offshore_wind_generation,Wind Offshore,2026-09-25T20:15:59Z
2026-09-25T20:14:32Z,2026-09-25T22:14:32+0200,0058ff56-e9e2-4f32-86d7-71abbced9686,2026-09-21T07:15:00Z,2026-09-21T09:15:00+0200,928.304,MW,DK2,DK_2,actual_offshore_wind_generation,Wind Offshore,2026-09-25T20:15:59Z
2026-09-25T20:14:32Z,2026-09-25T22:14:32+0200,0058ff56-e9e2-4f32-86d7-71abbced9686,2026-09-21T07:30:00Z,2026-09-21T09:30:00+0200,933.59,MW,DK2,DK_2,actual_offshore_wind_generation,Wind Offshore,2026-09-25T20:15:59Z
2026-09-25T20:14:32Z,2026-09-25T22:14:32+0200,0058ff56-e9e2-4f32-86d7-71abbced9686,2026-09-21T07:45:00Z,2026-09-21T09:45:00+0200,930.128,MW,DK2,DK_2,actual_offshore_wind_generation,Wind Offshore,2026-09-25T20:15:59Z
2026-09-25T20:14:32Z,2026-09-25T22:14:32+0200,0058ff56-e9e2-4f32-86d7-71abbced9686,2026-09-21T08:00:00Z,2026-09-21T10:00:00+0200,895.097,MW,DK2,DK_2,actual_offshore_wind_generation,Wind Offshore,2026-09-25T20:15:59Z
2026-09-25T20:14:32Z,2026-09-25T22:14:32+0200,0058ff56-e9e2-4f32-86d7-71abbced9686,2026-09-21T08:15:00Z,2026-09-21T10:15:00+0200,891.304,MW,DK2,DK_2,actual_offshore_wind_generation,Wind Offshore,2026-09-25T20:15:59Z
2026-09-25T20:14:32Z,2026-09-25T22:14:32+0200,0058ff56-e9e2-4f32-86d7-71abbced9686,2026-09-21T08:30:00Z,2026-09-21T10:30:00+0200,920.371,MW,DK2,DK_2,actual_offshore_wind_generation,Wind Offshore,2026-09-25T20:15:59Z
2026-09-25T20:14:32Z,2026-09-25T22:14:32+0200,0058ff56-e9e2-4f32-86d7-71abbced9686,2026-09-21T08:45:00Z,2026-09-21T10:45:00+0200,918.204,MW,DK2,DK_2,actual_offshore_wind_generation,Wind Offshore,2026-09-25T20:15:59Z
2026-09-25T20:14:32Z,2026-09-25T22:14:32+0200,0058ff56-e9e2-4f32-86d7-71abbced9686,2026-09-21T09:00:00Z,2026-09-21T11:00:00+0200,912.165,MW,DK2,DK_2,actual_offshore_wind_generation,Wind Offshore,2026-09-25T20:15:59Z
2026-09-25T20:14:32Z,2026-09-25T22:14:32+0200,0058ff56-e9e2-4f32-86d7-71abbced9686,2026-09-21T09:15:00Z,2026-09-21T11:15:00+0200,896.621,MW,DK2,DK_2,actual_offshore_wind_generation,Wind Offshore,2026-09-25T20:15:59Z
2026-09-25T20:14:32Z,2026-09-25T22:14:32+0200,0058ff56-e9e2-4f32-86d7-71abbced9686,2026-09-21T09:30:00Z,2026-09-21T11:30:00+0200,822.654,MW,DK2,DK_2,actual_offshore_wind_generation,Wind Offshore,2026-09-25T20:15:59Z
2026-09-25T20:14:32Z,2026-09-25T22:14:32+0200,0058ff56-e9e2-4f32-86d7-71abbced9686,2026-09-21T09:45:00Z,2026-09-21T11:45:00+0200,796.866,MW,DK2,DK_2,actual_offshore_wind_generation,Wind Offshore,2026-09-25T20:15:59Z
2026-09-25T20:14:32Z,2026-09-25T22:14:32+0200,0058ff56-e9e2-4f32-86d7-71abbced9686,2026-09-21T10:00:00Z,2026-09-21T12:00:00+0200,817.741,MW,DK2,DK_2,actual_offshore_wind_generation,Wind Offshore,2026-09-25T20:15:59Z
2026-09-25T20:14:32Z,2026-09-25T22:14:32+0200,0058ff56-e9e2-4f32-86d7-71abbced9686,2026-09-21T10:15:00Z,2026-09-21T12:15:00+0200,823.134,MW,DK2,DK_2,actual_offshore_wind_generation,Wind Offshore,2026-09-25T20:15:59Z
2026-09-25T20:14:32Z,2026-09-25T22:14:32+0200,0058ff56-e9e2-4f32-86d7-71abbced9686,2026-09-21T10:30:00Z,2026-09-21T12:30:00+0200,724.563,MW,DK2,DK_2,actual_offshore_wind_generation,Wind Offshore,2026-09-25T20:15:59Z
2026-09-25T20:14:32Z,2026-09-25T22:14:32+0200,0058ff56-e9e2-4f32-86d7-71abbced9686,2026-09-21T10:45:00Z,2026-09-21T12:45:00+0200,700.883,MW,DK2,DK_2,actual_offshore_wind_generation,Wind Offshore,2026-09-25T20:15:59Z
2026-09-25T20:14:32Z,2026-09-25T22:14:32+0200,0058ff56-e9e2-4f32-86d7-71abbced9686,2026-09-21T11:00:00Z,2026-09-21T13:00:00+0200,693.51,MW,DK2,DK_2,actual_offshore_wind_generation,Wind Offshore,2026-09-25T20:15:59Z
2026-09-25T20:14:32Z,2026-09-25T22:14:32+0200,0058ff56-e9e2-4f32-86d7-71abbced9686,2026-09-21T11:15:00Z,2026-09-21T13:15:00+0200,682.417,MW,DK2,DK_2,actual_offshore_wind_generation,Wind Offshore,2026-09-25T20:15:59Z
2026-09-25T20:14:32Z,2026-09-25T22:14:32+0200,0058ff56-e9e2-4f32-86d7-71abbced9686,2026-09-21T11:30:00Z,2026-09-21T13:30:00+0200,674.852,MW,DK2,DK_2,actual_offshore_wind_generation,Wind Offshore,2026-09-25T20:15:59Z
2026-09-25T20:14:32Z,2026-09-25T22:14:32+0200,0058ff56-e9e2-4f32-86d7-71abbced9686,2026-09-21T11:45:00Z,2026-09-21T13:45:00+0200,678.059,MW,DK2,DK_2,actual_offshore_wind_generation,Wind Offshore,2026-09-25T20:15:59Z
2026-09-25T20:14:32Z,2026-09-25T22:14:32+0200,0058ff56-e9e2-4f32-86d7-71abbced9686,2026-09-21T12:00:00Z,2026-09-21T14:00:00+0200,662.993,MW,DK2,DK_2,actual_offshore_wind_generation,Wind Offshore,2026-09-25T20:15:59Z
2026-09-25T20:14:32Z,2026-09-25T22:14:32+0200,0058ff56-e9e2-4f32-86d7-71abbced9686,2026-09-21T12:15:00Z,2026-09-21T14:15:00+0200,652.703,MW,DK2,DK_2,actual_offshore_wind_generation,Wind Offshore,2026-09-25T20:15:59Z
2026-09-25T20:14:32Z,2026-09-25T22:14:32+0200,0058ff56-e9e2-4f32-86d7-71abbced9686,2026-09-21T12:30:00Z,2026-09-21T14:30:00+0200,676.154,MW,DK2,DK_2,actual_offshore_wind_generation,Wind Offshore,2026-09-25T20:15:59Z
2026-09-25T20:14:32Z,2026-09-25T22:14:32+0200,0058ff56-e9e2-4f32-86d7-71abbced9686,2026-09-21T12:45:00Z,2026-09-21T14:45:00+0200,569.62,MW,DK2,DK_2,actual_offshore_wind_generation,Wind Offshore,2026-09-25T20:15:59Z
2026-09-25T20:14:32Z,2026-09-25T22:14:32+0200,0058ff56-e9e2-4f32-86d7-71abbced9686,2026-09-21T13:00:00Z,2026-09-21T15:00:00+0200,547.857,MW,DK2,DK_2,actual_offshore_wind_generation,Wind Offshore,2026-09-25T20:15:59Z
2026-09-25T20:14:32Z,2026-09-25T22:14:32+0200,0058ff56-e9e2-4f32-86d7-71abbced9686,2026-09-21T13:15:00Z,2026-09-21T15:15:00+0200,607.687,MW,DK2,DK_2,actual_offshore_wind_generation,Wind Offshore,2026-09-25T20:15:59Z
2026-09-25T20:14:32Z,2026-09-25T22:14:32+0200,0058ff56-e9e2-4f32-86d7-71abbced9686,2026-09-21T13:30:00Z,2026-09-21T15:30:00+0200,667.044,MW,DK2,DK_2,actual_offshore_wind_generation,Wind Offshore,2026-09-25T20:15:59Z
2026-09-25T20:14:32Z,2026-09-25T22:14:32+0200,0058ff56-e9e2-4f32-86d7-71abbced9686,2026-09-21T13:45:00Z,2026-09-21T15:45:00+0200,659.036,MW,DK2,DK_2,actual_offshore_wind_generation,Wind Offshore,2026-09-25T20:15:59Z
2026-09-25T20:14:32Z,2026-09-25T22:14:32+0200,0058ff56-e9e2-4f32-86d7-71abbced9686,2026-09-21T14:00:00Z,2026-09-21T16:00:00+0200,627.707,MW,DK2,DK_2,actual_offshore_wind_generation,Wind Offshore,2026-09-25T20:15:59Z
2026-09-25T20:14:32Z,2026-09-25T22:14:32+0200,0058ff56-e9e2-4f32-86d7-71abbced9686,2026-09-21T14:15:00Z,2026-09-21T16:15:00+0200,687.106,MW,DK2,DK_2,actual_offshore_wind_generation,Wind Offshore,2026-09-25T20:15:59Z
2026-09-25T20:14:32Z,2026-09-25T22:14:32+0200,0058ff56-e9e2-4f32-86d7-71abbced9686,2026-09-21T14:30:00Z,2026-09-21T16:30:00+0200,691.617,MW,DK2,DK_2,actual_offshore_wind_generation,Wind Offshore,2026-09-25T20:15:59Z
2026-09-25T20:14:32Z,2026-09-25T22:14:32+0200,0058ff56-e9e2-4f32-86d7-71abbced9686,2026-09-21T14:45:00Z,2026-09-21T16:45:00+0200,757.214,MW,DK2,DK_2,actual_offshore_wind_generation,Wind Offshore,2026-09-25T20:15:59Z
2026-09-25T20:14:32Z,2026-09-25T22:14:32+0200,0058ff56-e9e2-4f32-86d7-71abbced9686,2026-09-21T15:00:00Z,2026-09-21T17:00:00+0200,763.528,MW,DK2,DK_2,actual_offshore_wind_generation,Wind Offshore,2026-09-25T20:15:59Z
2026-09-25T20:14:32Z,2026-09-25T22:14:32+0200,0058ff56-e9e2-4f32-86d7-71abbced9686,2026-09-21T15:15:00Z,2026-09-21T17:15:00+0200,811.796,MW,DK2,DK_2,actual_offshore_wind_generation,Wind Offshore,2026-09-25T20:15:59Z
2026-09-25T20:14:32Z,2026-09-25T22:14:32+0200,0058ff56-e9e2-4f32-86d7-71abbced9686,2026-09-21T15:30:00Z,2026-09-21T17:30:00+0200,823.987,MW,DK2,DK_2,actual_offshore_wind_generation,Wind Offshore,2026-09-25T20:15:59Z
2026-09-25T20:14:32Z,2026-09-25T22:14:32+0200,0058ff56-e9e2-4f32-86d7-71abbced9686,2026-09-21T15:45:00Z,2026-09-21T17:45:00+0200,815.855,MW,DK2,DK_2,actual_offshore_wind_generation,Wind Offshore,2026-09-25T20:15:59Z
2026-09-25T20:14:32Z,2026-09-25T22:14:32+0200,0058ff56-e9e2-4f32-86d7-71abbced9686,2026-09-21T16:00:00Z,2026-09-21T18:00:00+0200,829.145,MW,DK2,DK_2,actual_offshore_wind_generation,Wind Offshore,2026-09-25T20:15:59Z
2026-09-25T20:14:32Z,2026-09-25T22:14:32+0200,0058ff56-e9e2-4f32-86d7-71abbced9686,2026-09-21T16:15:00Z,2026-09-21T18:15:00+0200,807.54,MW,DK2,DK_2,actual_offshore_wind_generation,Wind Offshore,2026-09-25T20:15:59Z
2026-09-25T20:14:32Z,2026-09-25T22:14:32+0200,0058ff56-e9e2-4f32-86d7-71abbced9686,2026-09-21T16:30:00Z,2026-09-21T18:30:00+0200,819.955,MW,DK2,DK_2,actual_offshore_wind_generation,Wind Offshore,2026-09-25T20:15:59Z
2026-09-25T20:14:32Z,2026-09-25T22:14:32+0200,0058ff56-e9e2-4f32-86d7-71abbced9686,2026-09-21T16:45:00Z,2026-09-21T18:45:00+0200,799.89,MW,DK2,DK_2,actual_offshore_wind_generation,Wind Offshore,2026-09-25T20:15:59Z
2026-09-25T20:14:32Z,2026-09-25T22:14:32+0200,0058ff56-e9e2-4f32-86d7-71abbced9686,2026-09-21T17:00:00Z,2026-09-21T19:00:00+0200,776.948,MW,DK2,DK_2,actual_offshore_wind_generation,Wind Offshore,2026-09-25T20:15:59Z
2026-09-25T20:14:32Z,2026-09-25T22:14:32+0200,0058ff56-e9e2-4f32-86d7-71abbced9686,2026-09-21T17:15:00Z,2026-09-21T19:15:00+0200,776.63,MW,DK2,DK_2,actual_offshore_wind_generation,Wind Offshore,2026-09-25T20:15:59Z
2026-09-25T20:14:32Z,2026-09-25T22:14:32+0200,0058ff56-e9e2-4f32-86d7-71abbced9686,2026-09-21T17:30:00Z,2026-09-21T19:30:00+0200,784.53,MW,DK2,DK_2,actual_offshore_wind_generation,Wind Offshore,2026-09-25T20:15:59Z
2026-09-25T20:14:32Z,2026-09-25T22:14:32+0200,0058ff56-e9e2-4f32-86d7-71abbced9686,2026-09-21T17:45:00Z,2026-09-21T19:45:00+0200,785.422,MW,DK2,DK_2,actual_offshore_wind_generation,Wind Offshore,2026-09-25T20:15:59Z
2026-09-25T20:14:32Z,2026-09-25T22:14:32+0200,0058ff56-e9e2-4f32-86d7-71abbced9686,2026-09-21T18:00:00Z,2026-09-21T20:00:00+0200,782.72,MW,DK2,DK_2,actual_offshore_wind_generation,Wind Offshore,2026-09-25T20:15:59Z
2026-09-25T20:14:32Z,2026-09-25T22:14:32+0200,0058ff56-e9e2-4f32-86d7-71abbced9686,2026-09-21T18:15:00Z,2026-09-21T20:15:00+0200,763.825,MW,DK2,DK_2,actual_offshore_wind_generation,Wind Offshore,2026-09-25T20:15:59Z
2026-09-25T20:14:32Z,2026-09-25T22:14:32+0200,0058ff56-e9e2-4f32-86d7-71abbced9686,2026-09-21T18:30:00Z,2026-09-21T20:30:00+0200,761.16,MW,DK2,DK_2,actual_offshore_wind_generation,Wind Offshore,2026-09-25T20:15:59Z
2026-09-25T20:14:32Z,2026-09-25T22:14:32+0200,0058ff56-e9e2-4f32-86d7-71abbced9686,2026-09-21T18:45:00Z,2026-09-21T20:45:00+0200,744.706,MW,DK2,DK_2,actual_offshore_wind_generation,Wind Offshore,2026-09-25T20:15:59Z
2026-09-25T20:14:32Z,2026-09-25T22:14:32+0200,0058ff56-e9e2-4f32-86d7-71abbced9686,2026-09-21T19:00:00Z,2026-09-21T21:00:00+0200,734.77,MW,DK2,DK_2,actual_offshore_wind_generation,Wind Offshore,2026-09-25T20:15:59Z
2026-09-25T20:14:32Z,2026-09-25T22:14:32+0200,0058ff56-e9e2-4f32-86d7-71abbced9686,2026-09-21T19:15:00Z,2026-09-21T21:15:00+0200,704.757,MW,DK2,DK_2,actual_offshore_wind_generation,Wind Offshore,2026-09-25T20:15:59Z
2026-09-25T20:14:32Z,2026-09-25T22:14:32+0200,0058ff56-e9e2-4f32-86d7-71abbced9686,2026-09-21T19:30:00Z,2026-09-21T21:30:00+0200,650.388,MW,DK2,DK_2,actual_offshore_wind_generation,Wind Offshore,2026-09-25T20:15:59Z
2026-09-25T20:14:32Z,2026-09-25T22:14:32+0200,0058ff56-e9e2-4f32-86d7-71abbced9686,2026-09-21T19:45:00Z,2026-09-21T21:45:00+0200,617.652,MW,DK2,DK_2,actual_offshore_wind_generation,Wind Offshore,2026-09-25T20:15:59Z
2026-09-25T20:14:32Z,2026-09-25T22:14:32+0200,0058ff56-e9e2-4f32-86d7-71abbced9686,2026-09-21T20:00:00Z,2026-09-21T22:00:00+0200,565.469,MW,DK2,DK_2,actual_offshore_wind_generation,Wind Offshore,2026-09-25T20:15:59Z
2026-09-25T20:14:32Z,2026-09-25T22:14:32+0200,0058ff56-e9e2-4f32-86d7-71abbced9686,2026-09-21T20:15:00Z,2026-09-21T22:15:00+0200,545.756,MW,DK2,DK_2,actual_offshore_wind_generation,Wind Offshore,2026-09-25T20:15:59Z
2026-09-25T20:14:32Z,2026-09-25T22:14:32+0200,0058ff56-e9e2-4f32-86d7-71abbced9686,2026-09-21T20:30:00Z,2026-09-21T22:30:00+0200,532.805,MW,DK2,DK_2,actual_offshore_wind_generation,Wind Offshore,2026-09-25T20:15:59Z
2026-09-25T20:14:32Z,2026-09-25T22:14:32+0200,0058ff56-e9e2-4f32-86d7-71abbced9686,2026-09-21T20:45:00Z,2026-09-21T22:45:00+0200,498.918,MW,DK2,DK_2,actual_offshore_wind_generation,Wind Offshore,2026-09-25T20:15:59Z
2026-09-25T20:14:32Z,2026-09-25T22:14:32+0200,0058ff56-e9e2-4f32-86d7-71abbced9686,2026-09-21T21:00:00Z,2026-09-21T23:00:00+0200,467.861,MW,DK2,DK_2,actual_offshore_wind_generation,Wind Offshore,2026-09-25T20:15:59Z
2026-09-25T20:14:32Z,2026-09-25T22:14:32+0200,0058ff56-e9e2-4f32-86d7-71abbced9686,2026-09-21T21:15:00Z,2026-09-21T23:15:00+0200,469.396,MW,DK2,DK_2,actual_offshore_wind_generation,Wind Offshore,2026-09-25T20:15:59Z
2026-09-25T20:14:32Z,2026-09-25T22:14:32+0200,0058ff56-e9e2-4f32-86d7-71abbced9686,2026-09-21T21:30:00Z,2026-09-21T23:30:00+0200,489.337,MW,DK2,DK_2,actual_offshore_wind_generation,Wind Offshore,2026-09-25T20:15:59Z
2026-09-25T20:14:32Z,2026-09-25T22:14:32+0200,0058ff56-e9e2-4f32-86d7-71abbced9686,2026-09-21T21:45:00Z,2026-09-21T23:45:00+0200,514.456,MW,DK2,DK_2,actual_offshore_wind_generation,Wind Offshore,2026-09-25T20:15:59Z
2026-09-25T20:14:32Z,2026-09-25T22:14:32+0200,0058ff56-e9e2-4f32-86d7-71abbced9686,2026-09-21T22:00:00Z,2026-09-22T00:00:00+0200,531.391,MW,DK2,DK_2,actual_offshore_wind_generation,Wind Offshore,2026-09-25T20:15:59Z
2026-09-25T20:14:32Z,2026-09-25T22:14:32+0200,0058ff56-e9e2-4f32-86d7-71abbced9686,2026-09-21T22:15:00Z,2026-09-22T00:15:00+0200,573.083,MW,DK2,DK_2,actual_offshore_wind_generation,Wind Offshore,2026-09-25T20:15:59Z
2026-09-25T20:14:32Z,2026-09-25T22:14:32+0200,0058ff56-e9e2-4f32-86d7-71abbced9686,2026-09-21T22:30:00Z,2026-09-22T00:30:00+0200,604.348,MW,DK2,DK_2,actual_offshore_wind_generation,Wind Offshore,2026-09-25T20:15:59Z
2026-09-25T20:14:32Z,2026-09-25T22:14:32+0200,0058ff56-e9e2-4f32-86d7-71abbced9686,2026-09-21T22:45:00Z,2026-09-22T00:45:00+0200,616.826,MW,DK2,DK_2,actual_offshore_wind_generation,Wind Offshore,2026-09-25T20:15:59Z
2026-09-25T20:14:32Z,2026-09-25T22:14:32+0200,0058ff56-e9e2-4f32-86d7-71abbced9686,2026-09-21T23:00:00Z,2026-09-22T01:00:00+0200,642.778,MW,DK2,DK_2,actual_offshore_wind_generation,Wind Offshore,2026-09-25T20:15:59Z
2026-09-25T20:14:32Z,2026-09-25T22:14:32+0200,0058ff56-e9e2-4f32-86d7-71abbced9686,2026-09-21T23:15:00Z,2026-09-22T01:15:00+0200,655.786,MW,DK2,DK_2,actual_offshore_wind_generation,Wind Offshore,2026-09-25T20:15:59Z
2026-09-25T20:14:32Z,2026-09-25T22:14:32+0200,0058ff56-e9e2-4f32-86d7-71abbced9686,2026-09-21T23:30:00Z,2026-09-22T01:30:00+0200,649.647,MW,DK2,DK_2,actual_offshore_wind_generation,Wind Offshore,2026-09-25T20:15:59Z
2026-09-25T20:14:32Z,2026-09-25T22:14:32+0200,0058ff56-e9e2-4f32-86d7-71abbced9686,2026-09-21T23:45:00Z,2026-09-22T01:45:00+0200,651.852,MW,DK2,DK_2,actual_offshore_wind_generation,Wind Offshore,2026-09-25T20:15:59Z
2026-09-25T20:14:32Z,2026-09-25T22:14:32+0200,0058ff56-e9e2-4f32-86d7-71abbced9686,2026-09-22T00:00:00Z,2026-09-22T02:00:00+0200,630.873,MW,DK2,DK_2,actual_offshore_wind_generation,Wind Offshore,2026-09-25T20:15:59Z
2026-09-25T20:14:32Z,2026-09-25T22:14:32+0200,0058ff56-e9e2-4f32-86d7-71abbced9686,2026-09-22T00:15:00Z,2026-09-22T02:15:00+0200,609.174,MW,DK2,DK_2,actual_offshore_wind_generation,Wind Offshore,2026-09-25T20:15:59Z
2026-09-25T20:14:32Z,2026-09-25T22:14:32+0200,0058ff56-e9e2-4f32-86d7-71abbced9686,2026-09-22T00:30:00Z,2026-09-22T02:30:00+0200,576.776,MW,DK2,DK_2,actual_offshore_wind_generation,Wind Offshore,2026-09-25T20:15:59Z
2026-09-25T20:14:32Z,2026-09-25T22:14:32+0200,0058ff56-e9e2-4f32-86d7-71abbced9686,2026-09-22T00:45:00Z,2026-09-22T02:45:00+0200,539.468,MW,DK2,DK_2,actual_offshore_wind_generation,Wind Offshore,2026-09-25T20:15:59Z
2026-09-25T20:14:32Z,2026-09-25T22:14:32+0200,0058ff56-e9e2-4f32-86d7-71abbced9686,2026-09-22T01:00:00Z,2026-09-22T03:00:00+0200,498.905,MW,DK2,DK_2,actual_offshore_wind_generation,Wind Offshore,2026-09-25T20:15:59Z
2026-09-25T20:14:32Z,2026-09-25T22:14:32+0200,0058ff56-e9e2-4f32-86d7-71abbced9686,2026-09-22T01:15:00Z,2026-09-22T03:15:00+0200,458.151,MW,DK2,DK_2,actual_offshore_wind_generation,Wind Offshore,2026-09-25T20:15:59Z
2026-09-25T20:14:32Z,2026-09-25T22:14:32+0200,0058ff56-e9e2-4f32-86d7-71abbced9686,2026-09-22T01:30:00Z,2026-09-22T03:30:00+0200,434.357,MW,DK2,DK_2,actual_offshore_wind_generation,Wind Offshore,2026-09-25T20:15:59Z
2026-09-25T20:14:32Z,2026-09-25T22:14:32+0200,0058ff56-e9e2-4f32-86d7-71abbced9686,2026-09-22T01:45:00Z,2026-09-22T03:45:00+0200,424.385,MW,DK2,DK_2,actual_offshore_wind_generation,Wind Offshore,2026-09-25T20:15:59Z
2026-09-25T20:14:32Z,2026-09-25T22:14:32+0200,0058ff56-e9e2-4f32-86d7-71abbced9686,2026-09-22T02:00:00Z,2026-09-22T04:00:00+0200,414.502,MW,DK2,DK_2,actual_offshore_wind_generation,Wind Offshore,2026-09-25T20:15:59Z
2026-09-25T20:14:32Z,2026-09-25T22:14:32+0200,0058ff56-e9e2-4f32-86d7-71abbced9686,2026-09-22T02:15:00Z,2026-09-22T04:15:00+0200,394.676,MW,DK2,DK_2,actual_offshore_wind_generation,Wind Offshore,2026-09-25T20:15:59Z
2026-09-25T20:14:32Z,2026-09-25T22:14:32+0200,0058ff56-e9e2-4f32-86d7-71abbced9686,2026-09-22T02:30:00Z,2026-09-22T04:30:00+0200,354.401,MW,DK2,DK_2,actual_offshore_wind_generation,Wind Offshore,2026-09-25T20:15:59Z
2026-09-25T20:14:32Z,2026-09-25T22:14:32+0200,0058ff56-e9e2-4f32-86d7-71abbced9686,2026-09-22T02:45:00Z,2026-09-22T04:45:00+0200,298.707,MW,DK2,DK_2,actual_offshore_wind_generation,Wind Offshore,2026-09-25T20:15:59Z
2026-09-25T20:14:32Z,2026-09-25T22:14:32+0200,0058ff56-e9e2-4f32-86d7-71abbced9686,2026-09-22T03:00:00Z,2026-09-22T05:00:00+0200,259.616,MW,DK2,DK_2,actual_offshore_wind_generation,Wind Offshore,2026-09-25T20:15:59Z
2026-09-25T20:14:32Z,2026-09-25T22:14:32+0200,0058ff56-e9e2-4f32-86d7-71abbced9686,2026-09-22T03:15:00Z,2026-09-22T05:15:00+0200,236.574,MW,DK2,DK_2,actual_offshore_wind_generation,Wind Offshore,2026-09-25T20:15:59Z
2026-09-25T20:14:32Z,2026-09-25T22:14:32+0200,0058ff56-e9e2-4f32-86d7-71abbced9686,2026-09-22T03:30:00Z,2026-09-22T05:30:00+0200,230.486,MW,DK2,DK_2,actual_offshore_wind_generation,Wind Offshore,2026-09-25T20:15:59Z
2026-09-25T20:14:32Z,2026-09-25T22:14:32+0200,0058ff56-e9e2-4f32-86d7-71abbced9686,2026-09-22T03:45:00Z,2026-09-22T05:45:00+0200,215.549,MW,DK2,DK_2,actual_offshore_wind_generation,Wind Offshore,2026-09-25T20:15:59Z
2026-09-25T20:14:32Z,2026-09-25T22:14:32+0200,0058ff56-e9e2-4f32-86d7-71abbced9686,2026-09-22T04:00:00Z,2026-09-22T06:00:00+0200,201.973,MW,DK2,DK_2,actual_offshore_wind_generation,Wind Offshore,2026-09-25T20:15:59Z
2026-09-25T20:14:32Z,2026-09-25T22:14:32+0200,0058ff56-e9e2-4f32-86d7-71abbced9686,2026-09-22T04:15:00Z,2026-09-22T06:15:00+0200,200.979,MW,DK2,DK_2,actual_offshore_wind_generation,Wind Offshore,2026-09-25T20:15:59Z
2026-09-25T20:14:32Z,2026-09-25T22:14:32+0200,0058ff56-e9e2-4f32-86d7-71abbced9686,2026-09-22T04:30:00Z,2026-09-22T06:30:00+0200,198.263,MW,DK2,DK_2,actual_offshore_wind_generation,Wind Offshore,2026-09-25T20:15:59Z
2026-09-25T20:14:32Z,2026-09-25T22:14:32+0200,0058ff56-e9e2-4f32-86d7-71abbced9686,2026-09-22T04:45:00Z,2026-09-22T06:45:00+0200,186.489,MW,DK2,DK_2,actual_offshore_wind_generation,Wind Offshore,2026-09-25T20:15:59Z
2026-09-25T20:14:32Z,2026-09-25T22:14:32+0200,0058ff56-e9e2-4f32-86d7-71abbced9686,2026-09-22T05:00:00Z,2026-09-22T07:00:00+0200,168.178,MW,DK2,DK_2,actual_offshore_wind_generation,Wind Offshore,2026-09-25T20:15:59Z
2026-09-25T20:14:32Z,2026-09-25T22:14:32+0200,0058ff56-e9e2-4f32-86d7-71abbced9686,2026-09-22T05:15:00Z,2026-09-22T07:15:00+0200,145.084,MW,DK2,DK_2,actual_offshore_wind_generation,Wind Offshore,2026-09-25T20:15:59Z
2026-09-25T20:14:32Z,2026-09-25T22:14:32+0200,0058ff56-e9e2-4f32-86d7-71abbced9686,2026-09-22T05:30:00Z,2026-09-22T07:30:00+0200,123.888,MW,DK2,DK_2,actual_offshore_wind_generation,Wind Offshore,2026-09-25T20:15:59Z
2026-09-25T20:14:32Z,2026-09-25T22:14:32+0200,0058ff56-e9e2-4f32-86d7-71abbced9686,2026-09-22T05:45:00Z,2026-09-22T07:45:00+0200,119.441,MW,DK2,DK_2,actual_offshore_wind_generation,Wind Offshore,2026-09-25T20:15:59Z
2026-09-25T20:14:32Z,2026-09-25T22:14:32+0200,0058ff56-e9e2-4f32-86d7-71abbced9686,2026-09-22T06:00:00Z,2026-09-22T08:00:00+0200,109.375,MW,DK2,DK_2,actual_offshore_wind_generation,Wind Offshore,2026-09-25T20:15:59Z
2026-09-25T20:14:32Z,2026-09-25T22:14:32+0200,0058ff56-e9e2-4f32-86d7-71abbced9686,2026-09-22T06:15:00Z,2026-09-22T08:15:00+0200,93.7784,MW,DK2,DK_2,actual_offshore_wind_generation,Wind Offshore,2026-09-25T20:15:59Z
2026-09-25T20:14:32Z,2026-09-25T22:14:32+0200,0058ff56-e9e2-4f32-86d7-71abbced9686,2026-09-22T06:30:00Z,2026-09-22T08:30:00+0200,79.9562,MW,DK2,DK_2,actual_offshore_wind_generation,Wind Offshore,2026-09-25T20:15:59Z
2026-09-25T20:14:32Z,2026-09-25T22:14:32+0200,0058ff56-e9e2-4f32-86d7-71abbced9686,2026-09-22T06:45:00Z,2026-09-22T08:45:00+0200,65.7767,MW,DK2,DK_2,actual_offshore_wind_generation,Wind Offshore,2026-09-25T20:15:59Z
2026-09-25T20:14:32Z,2026-09-25T22:14:32+0200,0058ff56-e9e2-4f32-86d7-71abbced9686,2026-09-22T07:00:00Z,2026-09-22T09:00:00+0200,43.6354,MW,DK2,DK_2,actual_offshore_wind_generation,Wind Offshore,2026-09-25T20:15:59Z
2026-09-25T20:14:32Z,2026-09-25T22:14:32+0200,0058ff56-e9e2-4f32-86d7-71abbced9686,2026-09-22T07:15:00Z,2026-09-22T09:15:00+0200,40.4003,MW,DK2,DK_2,actual_offshore_wind_generation,Wind Offshore,2026-09-25T20:15:59Z
2026-09-25T20:14:32Z,2026-09-25T22:14:32+0200,0058ff56-e9e2-4f32-86d7-71abbced9686,2026-09-22T07:30:00Z,2026-09-22T09:30:00+0200,41.876,MW,DK2,DK_2,actual_offshore_wind_generation,Wind Offshore,2026-09-25T20:15:59Z
2026-09-25T20:14:32Z,2026-09-25T22:14:32+0200,0058ff56-e9e2-4f32-86d7-71abbced9686,2026-09-22T07:45:00Z,2026-09-22T09:45:00+0200,34.6246,MW,DK2,DK_2,actual_offshore_wind_generation,Wind Offshore,2026-09-25T20:15:59Z
2026-09-25T20:14:32Z,2026-09-25T22:14:32+0200,0058ff56-e9e2-4f32-86d7-71abbced9686,2026-09-22T08:00:00Z,2026-09-22T10:00:00+0200,32.2427,MW,DK2,DK_2,actual_offshore_wind_generation,Wind Offshore,2026-09-25T20:15:59Z
2026-09-25T20:14:32Z,2026-09-25T22:14:32+0200,0058ff56-e9e2-4f32-86d7-71abbced9686,2026-09-22T08:15:00Z,2026-09-22T10:15:00+0200,33.0383,MW,DK2,DK_2,actual_offshore_wind_generation,Wind Offshore,2026-09-25T20:15:59Z
2026-09-25T20:14:32Z,2026-09-25T22:14:32+0200,0058ff56-e9e2-4f32-86d7-71abbced9686,2026-09-22T08:30:00Z,2026-09-22T10:30:00+0200,30.5968,MW,DK2,DK_2,actual_offshore_wind_generation,Wind Offshore,2026-09-25T20:15:59Z
2026-09-25T20:14:32Z,2026-09-25T22:14:32+0200,0058ff56-e9e2-4f32-86d7-71abbced9686,2026-09-22T08:45:00Z,2026-09-22T10:45:00+0200,29.9896,MW,DK2,DK_2,actual_offshore_wind_generation,Wind Offshore,2026-09-25T20:15:59Z
2026-09-25T20:14:32Z,2026-09-25T22:14:32+0200,0058ff56-e9e2-4f32-86d7-71abbced9686,2026-09-22T09:00:00Z,2026-09-22T11:00:00+0200,28.5004,MW,DK2,DK_2,actual_offshore_wind_generation,Wind Offshore,2026-09-25T20:15:59Z
2026-09-25T20:14:32Z,2026-09-25T22:14:32+0200,0058ff56-e9e2-4f32-86d7-71abbced9686,2026-09-22T09:15:00Z,2026-09-22T11:15:00+0200,32.5758,MW,DK2,DK_2,actual_offshore_wind_generation,Wind Offshore,2026-09-25T20:15:59Z
2026-09-25T20:14:32Z,2026-09-25T22:14:32+0200,0058ff56-e9e2-4f32-86d7-71abbced9686,2026-09-22T09:30:00Z,2026-09-22T11:30:00+0200,31.2137,MW,DK2,DK_2,actual_offshore_wind_generation,Wind Offshore,2026-09-25T20:15:59Z
2026-09-25T20:14:32Z,2026-09-25T22:14:32+0200,0058ff56-e9e2-4f32-86d7-71abbced9686,2026-09-22T09:45:00Z,2026-09-22T11:45:00+0200,27.248,MW,DK2,DK_2,actual_offshore_wind_generation,Wind Offshore,2026-09-25T20:15:59Z
2026-09-25T20:14:32Z,2026-09-25T22:14:32+0200,0058ff56-e9e2-4f32-86d7-71abbced9686,2026-09-22T10:00:00Z,2026-09-22T12:00:00+0200,26.6513,MW,DK2,DK_2,actual_offshore_wind_generation,Wind Offshore,2026-09-25T20:15:59Z
2026-09-25T20:14:32Z,2026-09-25T22:14:32+0200,0058ff56-e9e2-4f32-86d7-71abbced9686,2026-09-22T10:15:00Z,2026-09-22T12:15:00+0200,23.5749,MW,DK2,DK_2,actual_offshore_wind_generation,Wind Offshore,2026-09-25T20:15:59Z
2026-09-25T20:14:32Z,2026-09-25T22:14:32+0200,0058ff56-e9e2-4f32-86d7-71abbced9686,2026-09-22T10:30:00Z,2026-09-22T12:30:00+0200,28.3979,MW,DK2,DK_2,actual_offshore_wind_generation,Wind Offshore,2026-09-25T20:15:59Z
2026-09-25T20:14:32Z,2026-09-25T22:14:32+0200,0058ff56-e9e2-4f32-86d7-71abbced9686,2026-09-22T10:45:00Z,2026-09-22T12:45:00+0200,30.5061,MW,DK2,DK_2,actual_offshore_wind_generation,Wind Offshore,2026-09-25T20:15:59Z
2026-09-25T20:14:32Z,2026-09-25T22:14:32+0200,0058ff56-e9e2-4f32-86d7-71abbced9686,2026-09-22T11:00:00Z,2026-09-22T13:00:00+0200,37.6478,MW,DK2,DK_2,actual_offshore_wind_generation,Wind Offshore,2026-09-25T20:15:59Z
2026-09-25T20:14:32Z,2026-09-25T22:14:32+0200,0058ff56-e9e2-4f32-86d7-71abbced9686,2026-09-22T11:15:00Z,2026-09-22T13:15:00+0200,39.2063,MW,DK2,DK_2,actual_offshore_wind_generation,Wind Offshore,2026-09-25T20:15:59Z
2026-09-25T20:14:32Z,2026-09-25T22:14:32+0200,0058ff56-e9e2-4f32-86d7-71abbced9686,2026-09-22T11:30:00Z,2026-09-22T13:30:00+0200,40.7307,MW,DK2,DK_2,actual_offshore_wind_generation,Wind Offshore,2026-09-25T20:15:59Z
2026-09-25T20:14:32Z,2026-09-25T22:14:32+0200,0058ff56-e9e2-4f32-86d7-71abbced9686,2026-09-22T11:45:00Z,2026-09-22T13:45:00+0200,50.2399,MW,DK2,DK_2,actual_offshore_wind_generation,Wind Offshore,2026-09-25T20:15:59Z
2026-09-25T20:14:32Z,2026-09-25T22:14:32+0200,0058ff56-e9e2-4f32-86d7-71abbced9686,2026-09-22T12:00:00Z,2026-09-22T14:00:00+0200,57.2714,MW,DK2,DK_2,actual_offshore_wind_generation,Wind Offshore,2026-09-25T20:15:59Z
2026-09-25T20:14:32Z,2026-09-25T22:14:32+0200,0058ff56-e9e2-4f32-86d7-71abbced9686,2026-09-22T12:15:00Z,2026-09-22T14:15:00+0200,49.252,MW,DK2,DK_2,actual_offshore_wind_generation,Wind Offshore,2026-09-25T20:15:59Z
2026-09-25T20:14:32Z,2026-09-25T22:14:32+0200,0058ff56-e9e2-4f32-86d7-71abbced9686,2026-09-22T12:30:00Z,2026-09-22T14:30:00+0200,46.0735,MW,DK2,DK_2,actual_offshore_wind_generation,Wind Offshore,2026-09-25T20:15:59Z
2026-09-25T20:14:32Z,2026-09-25T22:14:32+0200,0058ff56-e9e2-4f32-86d7-71abbced9686,2026-09-22T12:45:00Z,2026-09-22T14:45:00+0200,51.0881,MW,DK2,DK_2,actual_offshore_wind_generation,Wind Offshore,2026-09-25T20:15:59Z
2026-09-25T20:14:32Z,2026-09-25T22:14:32+0200,0058ff56-e9e2-4f32-86d7-71abbced9686,2026-09-22T13:00:00Z,2026-09-22T15:00:00+0200,60.2133,MW,DK2,DK_2,actual_offshore_wind_generation,Wind Offshore,2026-09-25T20:15:59Z
2026-09-25T20:14:32Z,2026-09-25T22:14:32+0200,0058ff56-e9e2-4f32-86d7-71abbced9686,2026-09-22T13:15:00Z,2026-09-22T15:15:00+0200,55.5312,MW,DK2,DK_2,actual_offshore_wind_generation,Wind Offshore,2026-09-25T20:15:59Z
2026-09-25T20:14:32Z,2026-09-25T22:14:32+0200,0058ff56-e9e2-4f32-86d7-71abbced9686,2026-09-22T13:30:00Z,2026-09-22T15:30:00+0200,53.8883,MW,DK2,DK_2,actual_offshore_wind_generation,Wind Offshore,2026-09-25T20:15:59Z
2026-09-25T20:14:32Z,2026-09-25T22:14:32+0200,0058ff56-e9e2-4f32-86d7-71abbced9686,2026-09-22T13:45:00Z,2026-09-22T15:45:00+0200,58.6111,MW,DK2,DK_2,actual_offshore_wind_generation,Wind Offshore,2026-09-25T20:15:59Z
2026-09-25T20:14:32Z,2026-09-25T22:14:32+0200,0058ff56-e9e2-4f32-86d7-71abbced9686,2026-09-22T14:00:00Z,2026-09-22T16:00:00+0200,59.0663,MW,DK2,DK_2,actual_offshore_wind_generation,Wind Offshore,2026-09-25T20:15:59Z
2026-09-25T20:14:32Z,2026-09-25T22:14:32+0200,0058ff56-e9e2-4f32-86d7-71abbced9686,2026-09-22T14:15:00Z,2026-09-22T16:15:00+0200,53.8955,MW,DK2,DK_2,actual_offshore_wind_generation,Wind Offshore,2026-09-25T20:15:59Z
2026-09-25T20:14:32Z,2026-09-25T22:14:32+0200,0058ff56-e9e2-4f32-86d7-71abbced9686,2026-09-22T14:30:00Z,2026-09-22T16:30:00+0200,54.0577,MW,DK2,DK_2,actual_offshore_wind_generation,Wind Offshore,2026-09-25T20:15:59Z
2026-09-25T20:14:32Z,2026-09-25T22:14:32+0200,0058ff56-e9e2-4f32-86d7-71abbced9686,2026-09-22T14:45:00Z,2026-09-22T16:45:00+0200,55.2444,MW,DK2,DK_2,actual_offshore_wind_generation,Wind Offshore,2026-09-25T20:15:59Z
2026-09-25T20:14:32Z,2026-09-25T22:14:32+0200,0058ff56-e9e2-4f32-86d7-71abbced9686,2026-09-22T15:00:00Z,2026-09-22T17:00:00+0200,59.8418,MW,DK2,DK_2,actual_offshore_wind_generation,Wind Offshore,2026-09-25T20:15:59Z
2026-09-25T20:14:32Z,2026-09-25T22:14:32+0200,0058ff56-e9e2-4f32-86d7-71abbced9686,2026-09-22T15:15:00Z,2026-09-22T17:15:00+0200,62.486,MW,DK2,DK_2,actual_offshore_wind_generation,Wind Offshore,2026-09-25T20:15:59Z
2026-09-25T20:14:32Z,2026-09-25T22:14:32+0200,0058ff56-e9e2-4f32-86d7-71abbced9686,2026-09-22T15:30:00Z,2026-09-22T17:30:00+0200,76.9574,MW,DK2,DK_2,actual_offshore_wind_generation,Wind Offshore,2026-09-25T20:15:59Z
2026-09-25T20:14:32Z,2026-09-25T22:14:32+0200,0058ff56-e9e2-4f32-86d7-71abbced9686,2026-09-22T15:45:00Z,2026-09-22T17:45:00+0200,92.1051,MW,DK2,DK_2,actual_offshore_wind_generation,Wind Offshore,2026-09-25T20:15:59Z
2026-09-25T20:14:32Z,2026-09-25T22:14:32+0200,0058ff56-e9e2-4f32-86d7-71abbced9686,2026-09-22T16:00:00Z,2026-09-22T18:00:00+0200,93.9453,MW,DK2,DK_2,actual_offshore_wind_generation,Wind Offshore,2026-09-25T20:15:59Z
2026-09-25T20:14:32Z,2026-09-25T22:14:32+0200,0058ff56-e9e2-4f32-86d7-71abbced9686,2026-09-22T16:15:00Z,2026-09-22T18:15:00+0200,92.1565,MW,DK2,DK_2,actual_offshore_wind_generation,Wind Offshore,2026-09-25T20:15:59Z
2026-09-25T20:14:32Z,2026-09-25T22:14:32+0200,0058ff56-e9e2-4f32-86d7-71abbced9686,2026-09-22T16:30:00Z,2026-09-22T18:30:00+0200,75.3564,MW,DK2,DK_2,actual_offshore_wind_generation,Wind Offshore,2026-09-25T20:15:59Z
2026-09-25T20:14:32Z,2026-09-25T22:14:32+0200,0058ff56-e9e2-4f32-86d7-71abbced9686,2026-09-22T16:45:00Z,2026-09-22T18:45:00+0200,62.6608,MW,DK2,DK_2,actual_offshore_wind_generation,Wind Offshore,2026-09-25T20:15:59Z
2026-09-25T20:14:32Z,2026-09-25T22:14:32+0200,0058ff56-e9e2-4f32-86d7-71abbced9686,2026-09-22T17:00:00Z,2026-09-22T19:00:00+0200,64.3527,MW,DK2,DK_2,actual_offshore_wind_generation,Wind Offshore,2026-09-25T20:15:59Z
2026-09-25T20:14:32Z,2026-09-25T22:14:32+0200,0058ff56-e9e2-4f32-86d7-71abbced9686,2026-09-22T17:15:00Z,2026-09-22T19:15:00+0200,70.5127,MW,DK2,DK_2,actual_offshore_wind_generation,Wind Offshore,2026-09-25T20:15:59Z
2026-09-25T20:14:32Z,2026-09-25T22:14:32+0200,0058ff56-e9e2-4f32-86d7-71abbced9686,2026-09-22T17:30:00Z,2026-09-22T19:30:00+0200,61.5775,MW,DK2,DK_2,actual_offshore_wind_generation,Wind Offshore,2026-09-25T20:15:59Z
2026-09-25T20:14:32Z,2026-09-25T22:14:32+0200,0058ff56-e9e2-4f32-86d7-71abbced9686,2026-09-22T17:45:00Z,2026-09-22T19:45:00+0200,66.4005,MW,DK2,DK_2,actual_offshore_wind_generation,Wind Offshore,2026-09-25T20:15:59Z
2026-09-25T20:14:32Z,2026-09-25T22:14:32+0200,0058ff56-e9e2-4f32-86d7-71abbced9686,2026-09-22T18:00:00Z,2026-09-22T20:00:00+0200,77.0905,MW,DK2,DK_2,actual_offshore_wind_generation,Wind Offshore,2026-09-25T20:15:59Z
2026-09-25T20:14:32Z,2026-09-25T22:14:32+0200,0058ff56-e9e2-4f32-86d7-71abbced9686,2026-09-22T18:15:00Z,2026-09-22T20:15:00+0200,87.6867,MW,DK2,DK_2,actual_offshore_wind_generation,Wind Offshore,2026-09-25T20:15:59Z
2026-09-25T20:14:32Z,2026-09-25T22:14:32+0200,0058ff56-e9e2-4f32-86d7-71abbced9686,2026-09-22T18:30:00Z,2026-09-22T20:30:00+0200,99.6956,MW,DK2,DK_2,actual_offshore_wind_generation,Wind Offshore,2026-09-25T20:15:59Z
2026-09-25T20:14:32Z,2026-09-25T22:14:32+0200,0058ff56-e9e2-4f32-86d7-71abbced9686,2026-09-22T18:45:00Z,2026-09-22T20:45:00+0200,104.783,MW,DK2,DK_2,actual_offshore_wind_generation,Wind Offshore,2026-09-25T20:15:59Z
2026-09-25T20:14:32Z,2026-09-25T22:14:32+0200,0058ff56-e9e2-4f32-86d7-71abbced9686,2026-09-22T19:00:00Z,2026-09-22T21:00:00+0200,101.933,MW,DK2,DK_2,actual_offshore_wind_generation,Wind Offshore,2026-09-25T20:15:59Z
2026-09-25T20:14:32Z,2026-09-25T22:14:32+0200,0058ff56-e9e2-4f32-86d7-71abbced9686,2026-09-22T19:15:00Z,2026-09-22T21:15:00+0200,102.05,MW,DK2,DK_2,actual_offshore_wind_generation,Wind Offshore,2026-09-25T20:15:59Z
2026-09-25T20:14:32Z,2026-09-25T22:14:32+0200,0058ff56-e9e2-4f32-86d7-71abbced9686,2026-09-22T19:30:00Z,2026-09-22T21:30:00+0200,102.846,MW,DK2,DK_2,actual_offshore_wind_generation,Wind Offshore,2026-09-25T20:15:59Z
2026-09-25T20:14:32Z,2026-09-25T22:14:32+0200,0058ff56-e9e2-4f32-86d7-71abbced9686,2026-09-22T19:45:00Z,2026-09-22T21:45:00+0200,93.9882,MW,DK2,DK_2,actual_offshore_wind_generation,Wind Offshore,2026-09-25T20:15:59Z
2026-09-25T20:14:32Z,2026-09-25T22:14:32+0200,0058ff56-e9e2-4f32-86d7-71abbced9686,2026-09-22T20:00:00Z,2026-09-22T22:00:00+0200,83.9726,MW,DK2,DK_2,actual_offshore_wind_generation,Wind Offshore,2026-09-25T20:15:59Z
2026-09-25T20:14:32Z,2026-09-25T22:14:32+0200,0058ff56-e9e2-4f32-86d7-71abbced9686,2026-09-22T20:15:00Z,2026-09-22T22:15:00+0200,63.0086,MW,DK2,DK_2,actual_offshore_wind_generation,Wind Offshore,2026-09-25T20:15:59Z
2026-09-25T20:14:32Z,2026-09-25T22:14:32+0200,0058ff56-e9e2-4f32-86d7-71abbced9686,2026-09-22T20:30:00Z,2026-09-22T22:30:00+0200,51.4593,MW,DK2,DK_2,actual_offshore_wind_generation,Wind Offshore,2026-09-25T20:15:59Z
2026-09-25T20:14:32Z,2026-09-25T22:14:32+0200,0058ff56-e9e2-4f32-86d7-71abbced9686,2026-09-22T20:45:00Z,2026-09-22T22:45:00+0200,51.5809,MW,DK2,DK_2,actual_offshore_wind_generation,Wind Offshore,2026-09-25T20:15:59Z
2026-09-25T20:14:32Z,2026-09-25T22:14:32+0200,0058ff56-e9e2-4f32-86d7-71abbced9686,2026-09-22T21:00:00Z,2026-09-22T23:00:00+0200,51.3479,MW,DK2,DK_2,actual_offshore_wind_generation,Wind Offshore,2026-09-25T20:15:59Z
2026-09-25T20:14:32Z,2026-09-25T22:14:32+0200,0058ff56-e9e2-4f32-86d7-71abbced9686,2026-09-22T21:15:00Z,2026-09-22T23:15:00+0200,44.5117,MW,DK2,DK_2,actual_offshore_wind_generation,Wind Offshore,2026-09-25T20:15:59Z
2026-09-25T20:14:32Z,2026-09-25T22:14:32+0200,0058ff56-e9e2-4f32-86d7-71abbced9686,2026-09-22T21:30:00Z,2026-09-22T23:30:00+0200,41.4323,MW,DK2,DK_2,actual_offshore_wind_generation,Wind Offshore,2026-09-25T20:15:59Z
2026-09-25T20:14:32Z,2026-09-25T22:14:32+0200,0058ff56-e9e2-4f32-86d7-71abbced9686,2026-09-22T21:45:00Z,2026-09-22T23:45:00+0200,34.7237,MW,DK2,DK_2,actual_offshore_wind_generation,Wind Offshore,2026-09-25T20:15:59Z
2026-09-25T20:14:32Z,2026-09-25T22:14:32+0200,0058ff56-e9e2-4f32-86d7-71abbced9686,2026-09-22T22:00:00Z,2026-09-23T00:00:00+0200,26.5291,MW,DK2,DK_2,actual_offshore_wind_generation,Wind Offshore,2026-09-25T20:15:59Z
2026-09-25T20:14:32Z,2026-09-25T22:14:32+0200,0058ff56-e9e2-4f32-86d7-71abbced9686,2026-09-22T22:15:00Z,2026-09-23T00:15:00+0200,18.5617,MW,DK2,DK_2,actual_offshore_wind_generation,Wind Offshore,2026-09-25T20:15:59Z
2026-09-25T20:14:32Z,2026-09-25T22:14:32+0200,0058ff56-e9e2-4f32-86d7-71abbced9686,2026-09-22T22:30:00Z,2026-09-23T00:30:00+0200,16.4934,MW,DK2,DK_2,actual_offshore_wind_generation,Wind Offshore,2026-09-25T20:15:59Z
2026-09-25T20:14:32Z,2026-09-25T22:14:32+0200,0058ff56-e9e2-4f32-86d7-71abbced9686,2026-09-22T22:45:00Z,2026-09-23T00:45:00+0200,12.4263,MW,DK2,DK_2,actual_offshore_wind_generation,Wind Offshore,2026-09-25T20:15:59Z
2026-09-25T20:14:32Z,2026-09-25T22:14:32+0200,0058ff56-e9e2-4f32-86d7-71abbced9686,2026-09-22T23:00:00Z,2026-09-23T01:00:00+0200,13.8677,MW,DK2,DK_2,actual_offshore_wind_generation,Wind Offshore,2026-09-25T20:15:59Z
2026-09-25T20:14:32Z,2026-09-25T22:14:32+0200,0058ff56-e9e2-4f32-86d7-71abbced9686,2026-09-22T23:15:00Z,2026-09-23T01:15:00+0200,20.2701,MW,DK2,DK_2,actual_offshore_wind_generation,Wind Offshore,2026-09-25T20:15:59Z
2026-09-25T20:14:32Z,2026-09-25T22:14:32+0200,0058ff56-e9e2-4f32-86d7-71abbced9686,2026-09-22T23:30:00Z,2026-09-23T01:30:00+0200,26.4317,MW,DK2,DK_2,actual_offshore_wind_generation,Wind Offshore,2026-09-25T20:15:59Z
2026-09-25T20:14:32Z,2026-09-25T22:14:32+0200,0058ff56-e9e2-4f32-86d7-71abbced9686,2026-09-22T23:45:00Z,2026-09-23T01:45:00+0200,28.532,MW,DK2,DK_2,actual_offshore_wind_generation,Wind Offshore,2026-09-25T20:15:59Z
2026-09-25T20:14:32Z,2026-09-25T22:14:32+0200,0058ff56-e9e2-4f32-86d7-71abbced9686,2026-09-23T00:00:00Z,2026-09-23T02:00:00+0200,31.5983,MW,DK2,DK_2,actual_offshore_wind_generation,Wind Offshore,2026-09-25T20:15:59Z
2026-09-25T20:14:32Z,2026-09-25T22:14:32+0200,0058ff56-e9e2-4f32-86d7-71abbced9686,2026-09-23T00:15:00Z,2026-09-23T02:15:00+0200,30.4451,MW,DK2,DK_2,actual_offshore_wind_generation,Wind Offshore,2026-09-25T20:15:59Z
2026-09-25T20:14:32Z,2026-09-25T22:14:32+0200,0058ff56-e9e2-4f32-86d7-71abbced9686,2026-09-23T00:30:00Z,2026-09-23T02:30:00+0200,34.8783,MW,DK2,DK_2,actual_offshore_wind_generation,Wind Offshore,2026-09-25T20:15:59Z
2026-09-25T20:14:32Z,2026-09-25T22:14:32+0200,0058ff56-e9e2-4f32-86d7-71abbced9686,2026-09-23T00:45:00Z,2026-09-23T02:45:00+0200,36.2057,MW,DK2,DK_2,actual_offshore_wind_generation,Wind Offshore,2026-09-25T20:15:59Z
2026-09-25T20:14:32Z,2026-09-25T22:14:32+0200,0058ff56-e9e2-4f32-86d7-71abbced9686,2026-09-23T01:00:00Z,2026-09-23T03:00:00+0200,34.6123,MW,DK2,DK_2,actual_offshore_wind_generation,Wind Offshore,2026-09-25T20:15:59Z
2026-09-25T20:14:32Z,2026-09-25T22:14:32+0200,0058ff56-e9e2-4f32-86d7-71abbced9686,2026-09-23T01:15:00Z,2026-09-23T03:15:00+0200,35.5492,MW,DK2,DK_2,actual_offshore_wind_generation,Wind Offshore,2026-09-25T20:15:59Z
2026-09-25T20:14:32Z,2026-09-25T22:14:32+0200,0058ff56-e9e2-4f32-86d7-71abbced9686,2026-09-23T01:30:00Z,2026-09-23T03:30:00+0200,34.1086,MW,DK2,DK_2,actual_offshore_wind_generation,Wind Offshore,2026-09-25T20:15:59Z
2026-09-25T20:14:32Z,2026-09-25T22:14:32+0200,0058ff56-e9e2-4f32-86d7-71abbced9686,2026-09-23T01:45:00Z,2026-09-23T03:45:00+0200,32.9925,MW,DK2,DK_2,actual_offshore_wind_generation,Wind Offshore,2026-09-25T20:15:59Z
2026-09-25T20:14:32Z,2026-09-25T22:14:32+0200,0058ff56-e9e2-4f32-86d7-71abbced9686,2026-09-23T02:00:00Z,2026-09-23T04:00:00+0200,33.8232,MW,DK2,DK_2,actual_offshore_wind_generation,Wind Offshore,2026-09-25T20:15:59Z
2026-09-25T20:14:32Z,2026-09-25T22:14:32+0200,0058ff56-e9e2-4f32-86d7-71abbced9686,2026-09-23T02:15:00Z,2026-09-23T04:15:00+0200,38.2661,MW,DK2,DK_2,actual_offshore_wind_generation,Wind Offshore,2026-09-25T20:15:59Z
2026-09-25T20:14:32Z,2026-09-25T22:14:32+0200,0058ff56-e9e2-4f32-86d7-71abbced9686,2026-09-23T02:30:00Z,2026-09-23T04:30:00+0200,44.5609,MW,DK2,DK_2,actual_offshore_wind_generation,Wind Offshore,2026-09-25T20:15:59Z
2026-09-25T20:14:32Z,2026-09-25T22:14:32+0200,0058ff56-e9e2-4f32-86d7-71abbced9686,2026-09-23T02:45:00Z,2026-09-23T04:45:00+0200,52.7526,MW,DK2,DK_2,actual_offshore_wind_generation,Wind Offshore,2026-09-25T20:15:59Z
2026-09-25T20:14:32Z,2026-09-25T22:14:32+0200,0058ff56-e9e2-4f32-86d7-71abbced9686,2026-09-23T03:00:00Z,2026-09-23T05:00:00+0200,57.8422,MW,DK2,DK_2,actual_offshore_wind_generation,Wind Offshore,2026-09-25T20:15:59Z
2026-09-25T20:14:32Z,2026-09-25T22:14:32+0200,0058ff56-e9e2-4f32-86d7-71abbced9686,2026-09-23T03:15:00Z,2026-09-23T05:15:00+0200,59.0055,MW,DK2,DK_2,actual_offshore_wind_generation,Wind Offshore,2026-09-25T20:15:59Z
2026-09-25T20:14:32Z,2026-09-25T22:14:32+0200,0058ff56-e9e2-4f32-86d7-71abbced9686,2026-09-23T03:30:00Z,2026-09-23T05:30:00+0200,55.9055,MW,DK2,DK_2,actual_offshore_wind_generation,Wind Offshore,2026-09-25T20:15:59Z
2026-09-25T20:14:32Z,2026-09-25T22:14:32+0200,0058ff56-e9e2-4f32-86d7-71abbced9686,2026-09-23T03:45:00Z,2026-09-23T05:45:00+0200,59.2612,MW,DK2,DK_2,actual_offshore_wind_generation,Wind Offshore,2026-09-25T20:15:59Z
2026-09-25T20:14:32Z,2026-09-25T22:14:32+0200,0058ff56-e9e2-4f32-86d7-71abbced9686,2026-09-23T04:00:00Z,2026-09-23T06:00:00+0200,55.171,MW,DK2,DK_2,actual_offshore_wind_generation,Wind Offshore,2026-09-25T20:15:59Z
2026-09-25T20:14:32Z,2026-09-25T22:14:32+0200,0058ff56-e9e2-4f32-86d7-71abbced9686,2026-09-23T04:15:00Z,2026-09-23T06:15:00+0200,53.1041,MW,DK2,DK_2,actual_offshore_wind_generation,Wind Offshore,2026-09-25T20:15:59Z
2026-09-25T20:14:32Z,2026-09-25T22:14:32+0200,0058ff56-e9e2-4f32-86d7-71abbced9686,2026-09-23T04:30:00Z,2026-09-23T06:30:00+0200,56.1169,MW,DK2,DK_2,actual_offshore_wind_generation,Wind Offshore,2026-09-25T20:15:59Z
2026-09-25T20:14:32Z,2026-09-25T22:14:32+0200,0058ff56-e9e2-4f32-86d7-71abbced9686,2026-09-23T04:45:00Z,2026-09-23T06:45:00+0200,59.508,MW,DK2,DK_2,actual_offshore_wind_generation,Wind Offshore,2026-09-25T20:15:59Z
2026-09-25T20:14:32Z,2026-09-25T22:14:32+0200,0058ff56-e9e2-4f32-86d7-71abbced9686,2026-09-23T05:00:00Z,2026-09-23T07:00:00+0200,58.4693,MW,DK2,DK_2,actual_offshore_wind_generation,Wind Offshore,2026-09-25T20:15:59Z
2026-09-25T20:14:32Z,2026-09-25T22:14:32+0200,0058ff56-e9e2-4f32-86d7-71abbced9686,2026-09-23T05:15:00Z,2026-09-23T07:15:00+0200,57.4077,MW,DK2,DK_2,actual_offshore_wind_generation,Wind Offshore,2026-09-25T20:15:59Z
2026-09-25T20:14:32Z,2026-09-25T22:14:32+0200,0058ff56-e9e2-4f32-86d7-71abbced9686,2026-09-23T05:30:00Z,2026-09-23T07:30:00+0200,51.1621,MW,DK2,DK_2,actual_offshore_wind_generation,Wind Offshore,2026-09-25T20:15:59Z
2026-09-25T20:14:32Z,2026-09-25T22:14:32+0200,0058ff56-e9e2-4f32-86d7-71abbced9686,2026-09-23T05:45:00Z,2026-09-23T07:45:00+0200,48.9402,MW,DK2,DK_2,actual_offshore_wind_generation,Wind Offshore,2026-09-25T20:15:59Z
2026-09-25T20:14:32Z,2026-09-25T22:14:32+0200,0058ff56-e9e2-4f32-86d7-71abbced9686,2026-09-23T06:00:00Z,2026-09-23T08:00:00+0200,43.5988,MW,DK2,DK_2,actual_offshore_wind_generation,Wind Offshore,2026-09-25T20:15:59Z
2026-09-25T20:14:32Z,2026-09-25T22:14:32+0200,0058ff56-e9e2-4f32-86d7-71abbced9686,2026-09-23T06:15:00Z,2026-09-23T08:15:00+0200,37.8666,MW,DK2,DK_2,actual_offshore_wind_generation,Wind Offshore,2026-09-25T20:15:59Z
2026-09-25T20:14:32Z,2026-09-25T22:14:32+0200,0058ff56-e9e2-4f32-86d7-71abbced9686,2026-09-23T06:30:00Z,2026-09-23T08:30:00+0200,28.9318,MW,DK2,DK_2,actual_offshore_wind_generation,Wind Offshore,2026-09-25T20:15:59Z
2026-09-25T20:14:32Z,2026-09-25T22:14:32+0200,0058ff56-e9e2-4f32-86d7-71abbced9686,2026-09-23T06:45:00Z,2026-09-23T08:45:00+0200,26.2994,MW,DK2,DK_2,actual_offshore_wind_generation,Wind Offshore,2026-09-25T20:15:59Z
2026-09-25T20:14:32Z,2026-09-25T22:14:32+0200,0058ff56-e9e2-4f32-86d7-71abbced9686,2026-09-23T07:00:00Z,2026-09-23T09:00:00+0200,18.8948,MW,DK2,DK_2,actual_offshore_wind_generation,Wind Offshore,2026-09-25T20:15:59Z
2026-09-25T20:14:32Z,2026-09-25T22:14:32+0200,0058ff56-e9e2-4f32-86d7-71abbced9686,2026-09-23T07:15:00Z,2026-09-23T09:15:00+0200,14.7755,MW,DK2,DK_2,actual_offshore_wind_generation,Wind Offshore,2026-09-25T20:15:59Z
2026-09-25T20:14:32Z,2026-09-25T22:14:32+0200,0058ff56-e9e2-4f32-86d7-71abbced9686,2026-09-23T07:30:00Z,2026-09-23T09:30:00+0200,14.1911,MW,DK2,DK_2,actual_offshore_wind_generation,Wind Offshore,2026-09-25T20:15:59Z
2026-09-25T20:14:32Z,2026-09-25T22:14:32+0200,0058ff56-e9e2-4f32-86d7-71abbced9686,2026-09-23T07:45:00Z,2026-09-23T09:45:00+0200,15.0538,MW,DK2,DK_2,actual_offshore_wind_generation,Wind Offshore,2026-09-25T20:15:59Z
2026-09-25T20:14:32Z,2026-09-25T22:14:32+0200,0058ff56-e9e2-4f32-86d7-71abbced9686,2026-09-23T08:00:00Z,2026-09-23T10:00:00+0200,20.2555,MW,DK2,DK_2,actual_offshore_wind_generation,Wind Offshore,2026-09-25T20:15:59Z
2026-09-25T20:14:32Z,2026-09-25T22:14:32+0200,0058ff56-e9e2-4f32-86d7-71abbced9686,2026-09-23T08:15:00Z,2026-09-23T10:15:00+0200,24.4872,MW,DK2,DK_2,actual_offshore_wind_generation,Wind Offshore,2026-09-25T20:15:59Z
2026-09-25T20:14:32Z,2026-09-25T22:14:32+0200,0058ff56-e9e2-4f32-86d7-71abbced9686,2026-09-23T08:30:00Z,2026-09-23T10:30:00+0200,30.2551,MW,DK2,DK_2,actual_offshore_wind_generation,Wind Offshore,2026-09-25T20:15:59Z
2026-09-25T20:14:32Z,2026-09-25T22:14:32+0200,0058ff56-e9e2-4f32-86d7-71abbced9686,2026-09-23T08:45:00Z,2026-09-23T10:45:00+0200,32.5111,MW,DK2,DK_2,actual_offshore_wind_generation,Wind Offshore,2026-09-25T20:15:59Z
2026-09-25T20:14:32Z,2026-09-25T22:14:32+0200,0058ff56-e9e2-4f32-86d7-71abbced9686,2026-09-23T09:00:00Z,2026-09-23T11:00:00+0200,32.2492,MW,DK2,DK_2,actual_offshore_wind_generation,Wind Offshore,2026-09-25T20:15:59Z
2026-09-25T20:14:32Z,2026-09-25T22:14:32+0200,0058ff56-e9e2-4f32-86d7-71abbced9686,2026-09-23T09:15:00Z,2026-09-23T11:15:00+0200,32.7476,MW,DK2,DK_2,actual_offshore_wind_generation,Wind Offshore,2026-09-25T20:15:59Z
2026-09-25T20:14:32Z,2026-09-25T22:14:32+0200,0058ff56-e9e2-4f32-86d7-71abbced9686,2026-09-23T09:30:00Z,2026-09-23T11:30:00+0200,32.7308,MW,DK2,DK_2,actual_offshore_wind_generation,Wind Offshore,2026-09-25T20:15:59Z
2026-09-25T20:14:32Z,2026-09-25T22:14:32+0200,0058ff56-e9e2-4f32-86d7-71abbced9686,2026-09-23T09:45:00Z,2026-09-23T11:45:00+0200,39.3222,MW,DK2,DK_2,actual_offshore_wind_generation,Wind Offshore,2026-09-25T20:15:59Z
2026-09-25T20:14:32Z,2026-09-25T22:14:32+0200,0058ff56-e9e2-4f32-86d7-71abbced9686,2026-09-23T10:00:00Z,2026-09-23T12:00:00+0200,44.4344,MW,DK2,DK_2,actual_offshore_wind_generation,Wind Offshore,2026-09-25T20:15:59Z
2026-09-25T20:14:32Z,2026-09-25T22:14:32+0200,0058ff56-e9e2-4f32-86d7-71abbced9686,2026-09-23T10:15:00Z,2026-09-23T12:15:00+0200,41.0115,MW,DK2,DK_2,actual_offshore_wind_generation,Wind Offshore,2026-09-25T20:15:59Z
2026-09-25T20:14:32Z,2026-09-25T22:14:32+0200,0058ff56-e9e2-4f32-86d7-71abbced9686,2026-09-23T10:30:00Z,2026-09-23T12:30:00+0200,35.5481,MW,DK2,DK_2,actual_offshore_wind_generation,Wind Offshore,2026-09-25T20:15:59Z
2026-09-25T20:14:32Z,2026-09-25T22:14:32+0200,0058ff56-e9e2-4f32-86d7-71abbced9686,2026-09-23T10:45:00Z,2026-09-23T12:45:00+0200,34.4693,MW,DK2,DK_2,actual_offshore_wind_generation,Wind Offshore,2026-09-25T20:15:59Z
2026-09-25T20:14:32Z,2026-09-25T22:14:32+0200,0058ff56-e9e2-4f32-86d7-71abbced9686,2026-09-23T11:00:00Z,2026-09-23T13:00:00+0200,32.1643,MW,DK2,DK_2,actual_offshore_wind_generation,Wind Offshore,2026-09-25T20:15:59Z
2026-09-25T20:14:32Z,2026-09-25T22:14:32+0200,0058ff56-e9e2-4f32-86d7-71abbced9686,2026-09-23T11:15:00Z,2026-09-23T13:15:00+0200,30.6877,MW,DK2,DK_2,actual_offshore_wind_generation,Wind Offshore,2026-09-25T20:15:59Z
2026-09-25T20:14:32Z,2026-09-25T22:14:32+0200,0058ff56-e9e2-4f32-86d7-71abbced9686,2026-09-23T11:30:00Z,2026-09-23T13:30:00+0200,26.8752,MW,DK2,DK_2,actual_offshore_wind_generation,Wind Offshore,2026-09-25T20:15:59Z
2026-09-25T20:14:32Z,2026-09-25T22:14:32+0200,0058ff56-e9e2-4f32-86d7-71abbced9686,2026-09-23T11:45:00Z,2026-09-23T13:45:00+0200,24.0115,MW,DK2,DK_2,actual_offshore_wind_generation,Wind Offshore,2026-09-25T20:15:59Z
2026-09-25T20:14:32Z,2026-09-25T22:14:32+0200,0058ff56-e9e2-4f32-86d7-71abbced9686,2026-09-23T12:00:00Z,2026-09-23T14:00:00+0200,16.9566,MW,DK2,DK_2,actual_offshore_wind_generation,Wind Offshore,2026-09-25T20:15:59Z
2026-09-25T20:14:32Z,2026-09-25T22:14:32+0200,0058ff56-e9e2-4f32-86d7-71abbced9686,2026-09-23T12:15:00Z,2026-09-23T14:15:00+0200,21.0893,MW,DK2,DK_2,actual_offshore_wind_generation,Wind Offshore,2026-09-25T20:15:59Z
2026-09-25T20:14:32Z,2026-09-25T22:14:32+0200,0058ff56-e9e2-4f32-86d7-71abbced9686,2026-09-23T12:30:00Z,2026-09-23T14:30:00+0200,25.1311,MW,DK2,DK_2,actual_offshore_wind_generation,Wind Offshore,2026-09-25T20:15:59Z
2026-09-25T20:14:32Z,2026-09-25T22:14:32+0200,0058ff56-e9e2-4f32-86d7-71abbced9686,2026-09-23T12:45:00Z,2026-09-23T14:45:00+0200,20.5399,MW,DK2,DK_2,actual_offshore_wind_generation,Wind Offshore,2026-09-25T20:15:59Z
2026-09-25T20:14:32Z,2026-09-25T22:14:32+0200,0058ff56-e9e2-4f32-86d7-71abbced9686,2026-09-23T13:00:00Z,2026-09-23T15:00:00+0200,10.7206,MW,DK2,DK_2,actual_offshore_wind_generation,Wind Offshore,2026-09-25T20:15:59Z
2026-09-25T20:14:32Z,2026-09-25T22:14:32+0200,0058ff56-e9e2-4f32-86d7-71abbced9686,2026-09-23T13:15:00Z,2026-09-23T15:15:00+0200,11.1021,MW,DK2,DK_2,actual_offshore_wind_generation,Wind Offshore,2026-09-25T20:15:59Z
2026-09-25T20:14:32Z,2026-09-25T22:14:32+0200,0058ff56-e9e2-4f32-86d7-71abbced9686,2026-09-23T13:30:00Z,2026-09-23T15:30:00+0200,11.9389,MW,DK2,DK_2,actual_offshore_wind_generation,Wind Offshore,2026-09-25T20:15:59Z
2026-09-25T20:14:32Z,2026-09-25T22:14:32+0200,0058ff56-e9e2-4f32-86d7-71abbced9686,2026-09-23T13:45:00Z,2026-09-23T15:45:00+0200,9.79043,MW,DK2,DK_2,actual_offshore_wind_generation,Wind Offshore,2026-09-25T20:15:59Z
2026-09-25T20:14:32Z,2026-09-25T22:14:32+0200,0058ff56-e9e2-4f32-86d7-71abbced9686,2026-09-23T14:00:00Z,2026-09-23T16:00:00+0200,13.2755,MW,DK2,DK_2,actual_offshore_wind_generation,Wind Offshore,2026-09-25T20:15:59Z
2026-09-25T20:14:32Z,2026-09-25T22:14:32+0200,0058ff56-e9e2-4f32-86d7-71abbced9686,2026-09-23T14:15:00Z,2026-09-23T16:15:00+0200,16.3124,MW,DK2,DK_2,actual_offshore_wind_generation,Wind Offshore,2026-09-25T20:15:59Z
2026-09-25T20:14:32Z,2026-09-25T22:14:32+0200,0058ff56-e9e2-4f32-86d7-71abbced9686,2026-09-23T14:30:00Z,2026-09-23T16:30:00+0200,21.2323,MW,DK2,DK_2,actual_offshore_wind_generation,Wind Offshore,2026-09-25T20:15:59Z
2026-09-25T20:14:32Z,2026-09-25T22:14:32+0200,0058ff56-e9e2-4f32-86d7-71abbced9686,2026-09-23T14:45:00Z,2026-09-23T16:45:00+0200,23.8277,MW,DK2,DK_2,actual_offshore_wind_generation,Wind Offshore,2026-09-25T20:15:59Z
2026-09-25T20:14:32Z,2026-09-25T22:14:32+0200,0058ff56-e9e2-4f32-86d7-71abbced9686,2026-09-23T15:00:00Z,2026-09-23T17:00:00+0200,38.3454,MW,DK2,DK_2,actual_offshore_wind_generation,Wind Offshore,2026-09-25T20:15:59Z
2026-09-25T20:14:32Z,2026-09-25T22:14:32+0200,0058ff56-e9e2-4f32-86d7-71abbced9686,2026-09-23T15:15:00Z,2026-09-23T17:15:00+0200,61.4407,MW,DK2,DK_2,actual_offshore_wind_generation,Wind Offshore,2026-09-25T20:15:59Z
2026-09-25T20:14:32Z,2026-09-25T22:14:32+0200,0058ff56-e9e2-4f32-86d7-71abbced9686,2026-09-23T15:30:00Z,2026-09-23T17:30:00+0200,85.9424,MW,DK2,DK_2,actual_offshore_wind_generation,Wind Offshore,2026-09-25T20:15:59Z
2026-09-25T20:14:32Z,2026-09-25T22:14:32+0200,0058ff56-e9e2-4f32-86d7-71abbced9686,2026-09-23T15:45:00Z,2026-09-23T17:45:00+0200,78.6849,MW,DK2,DK_2,actual_offshore_wind_generation,Wind Offshore,2026-09-25T20:15:59Z
2026-09-25T20:14:32Z,2026-09-25T22:14:32+0200,0058ff56-e9e2-4f32-86d7-71abbced9686,2026-09-23T16:00:00Z,2026-09-23T18:00:00+0200,73.9392,MW,DK2,DK_2,actual_offshore_wind_generation,Wind Offshore,2026-09-25T20:15:59Z
2026-09-25T20:14:32Z,2026-09-25T22:14:32+0200,0058ff56-e9e2-4f32-86d7-71abbced9686,2026-09-23T16:15:00Z,2026-09-23T18:15:00+0200,65.6908,MW,DK2,DK_2,actual_offshore_wind_generation,Wind Offshore,2026-09-25T20:15:59Z
2026-09-25T20:14:32Z,2026-09-25T22:14:32+0200,0058ff56-e9e2-4f32-86d7-71abbced9686,2026-09-23T16:30:00Z,2026-09-23T18:30:00+0200,53.4931,MW,DK2,DK_2,actual_offshore_wind_generation,Wind Offshore,2026-09-25T20:15:59Z
2026-09-25T20:14:32Z,2026-09-25T22:14:32+0200,0058ff56-e9e2-4f32-86d7-71abbced9686,2026-09-23T16:45:00Z,2026-09-23T18:45:00+0200,50.0583,MW,DK2,DK_2,actual_offshore_wind_generation,Wind Offshore,2026-09-25T20:15:59Z
2026-09-25T20:14:32Z,2026-09-25T22:14:32+0200,0058ff56-e9e2-4f32-86d7-71abbced9686,2026-09-23T17:00:00Z,2026-09-23T19:00:00+0200,73.5815,MW,DK2,DK_2,actual_offshore_wind_generation,Wind Offshore,2026-09-25T20:15:59Z
2026-09-25T20:14:32Z,2026-09-25T22:14:32+0200,0058ff56-e9e2-4f32-86d7-71abbced9686,2026-09-23T17:15:00Z,2026-09-23T19:15:00+0200,71.9616,MW,DK2,DK_2,actual_offshore_wind_generation,Wind Offshore,2026-09-25T20:15:59Z
2026-09-25T20:14:32Z,2026-09-25T22:14:32+0200,0058ff56-e9e2-4f32-86d7-71abbced9686,2026-09-23T17:30:00Z,2026-09-23T19:30:00+0200,58.4784,MW,DK2,DK_2,actual_offshore_wind_generation,Wind Offshore,2026-09-25T20:15:59Z
2026-09-25T20:14:32Z,2026-09-25T22:14:32+0200,0058ff56-e9e2-4f32-86d7-71abbced9686,2026-09-23T17:45:00Z,2026-09-23T19:45:00+0200,78.2462,MW,DK2,DK_2,actual_offshore_wind_generation,Wind Offshore,2026-09-25T20:15:59Z
2026-09-25T20:14:32Z,2026-09-25T22:14:32+0200,0058ff56-e9e2-4f32-86d7-71abbced9686,2026-09-23T18:00:00Z,2026-09-23T20:00:00+0200,87.3435,MW,DK2,DK_2,actual_offshore_wind_generation,Wind Offshore,2026-09-25T20:15:59Z
2026-09-25T20:14:32Z,2026-09-25T22:14:32+0200,0058ff56-e9e2-4f32-86d7-71abbced9686,2026-09-23T18:15:00Z,2026-09-23T20:15:00+0200,89.092,MW,DK2,DK_2,actual_offshore_wind_generation,Wind Offshore,2026-09-25T20:15:59Z
2026-09-25T20:14:32Z,2026-09-25T22:14:32+0200,0058ff56-e9e2-4f32-86d7-71abbced9686,2026-09-23T18:30:00Z,2026-09-23T20:30:00+0200,84.7119,MW,DK2,DK_2,actual_offshore_wind_generation,Wind Offshore,2026-09-25T20:15:59Z
2026-09-25T20:14:32Z,2026-09-25T22:14:32+0200,0058ff56-e9e2-4f32-86d7-71abbced9686,2026-09-23T18:45:00Z,2026-09-23T20:45:00+0200,89.2399,MW,DK2,DK_2,actual_offshore_wind_generation,Wind Offshore,2026-09-25T20:15:59Z
2026-09-25T20:14:32Z,2026-09-25T22:14:32+0200,0058ff56-e9e2-4f32-86d7-71abbced9686,2026-09-23T19:00:00Z,2026-09-23T21:00:00+0200,102.345,MW,DK2,DK_2,actual_offshore_wind_generation,Wind Offshore,2026-09-25T20:15:59Z
2026-09-25T20:14:32Z,2026-09-25T22:14:32+0200,0058ff56-e9e2-4f32-86d7-71abbced9686,2026-09-23T19:15:00Z,2026-09-23T21:15:00+0200,105.438,MW,DK2,DK_2,actual_offshore_wind_generation,Wind Offshore,2026-09-25T20:15:59Z
2026-09-25T20:14:32Z,2026-09-25T22:14:32+0200,0058ff56-e9e2-4f32-86d7-71abbced9686,2026-09-23T19:30:00Z,2026-09-23T21:30:00+0200,175.603,MW,DK2,DK_2,actual_offshore_wind_generation,Wind Offshore,2026-09-25T20:15:59Z
2026-09-25T20:14:32Z,2026-09-25T22:14:32+0200,0058ff56-e9e2-4f32-86d7-71abbced9686,2026-09-23T19:45:00Z,2026-09-23T21:45:00+0200,292.587,MW,DK2,DK_2,actual_offshore_wind_generation,Wind Offshore,2026-09-25T20:15:59Z
2026-09-25T20:14:32Z,2026-09-25T22:14:32+0200,0058ff56-e9e2-4f32-86d7-71abbced9686,2026-09-23T20:00:00Z,2026-09-23T22:00:00+0200,331.109,MW,DK2,DK_2,actual_offshore_wind_generation,Wind Offshore,2026-09-25T20:15:59Z
2026-09-25T20:14:32Z,2026-09-25T22:14:32+0200,0058ff56-e9e2-4f32-86d7-71abbced9686,2026-09-23T20:15:00Z,2026-09-23T22:15:00+0200,242.437,MW,DK2,DK_2,actual_offshore_wind_generation,Wind Offshore,2026-09-25T20:15:59Z
2026-09-25T20:14:32Z,2026-09-25T22:14:32+0200,0058ff56-e9e2-4f32-86d7-71abbced9686,2026-09-23T20:30:00Z,2026-09-23T22:30:00+0200,150.925,MW,DK2,DK_2,actual_offshore_wind_generation,Wind Offshore,2026-09-25T20:15:59Z
2026-09-25T20:14:32Z,2026-09-25T22:14:32+0200,0058ff56-e9e2-4f32-86d7-71abbced9686,2026-09-23T20:45:00Z,2026-09-23T22:45:00+0200,137.02,MW,DK2,DK_2,actual_offshore_wind_generation,Wind Offshore,2026-09-25T20:15:59Z
2026-09-25T20:14:32Z,2026-09-25T22:14:32+0200,0058ff56-e9e2-4f32-86d7-71abbced9686,2026-09-23T21:00:00Z,2026-09-23T23:00:00+0200,170.935,MW,DK2,DK_2,actual_offshore_wind_generation,Wind Offshore,2026-09-25T20:15:59Z
2026-09-25T20:14:32Z,2026-09-25T22:14:32+0200,0058ff56-e9e2-4f32-86d7-71abbced9686,2026-09-23T21:15:00Z,2026-09-23T23:15:00+0200,307.527,MW,DK2,DK_2,actual_offshore_wind_generation,Wind Offshore,2026-09-25T20:15:59Z
2026-09-25T20:14:32Z,2026-09-25T22:14:32+0200,0058ff56-e9e2-4f32-86d7-71abbced9686,2026-09-23T21:30:00Z,2026-09-23T23:30:00+0200,400.995,MW,DK2,DK_2,actual_offshore_wind_generation,Wind Offshore,2026-09-25T20:15:59Z
2026-09-25T20:14:32Z,2026-09-25T22:14:32+0200,0058ff56-e9e2-4f32-86d7-71abbced9686,2026-09-23T21:45:00Z,2026-09-23T23:45:00+0200,418.21,MW,DK2,DK_2,actual_offshore_wind_generation,Wind Offshore,2026-09-25T20:15:59Z
2026-09-25T20:14:32Z,2026-09-25T22:14:32+0200,0058ff56-e9e2-4f32-86d7-71abbced9686,2026-09-23T22:00:00Z,2026-09-24T00:00:00+0200,364.044,MW,DK2,DK_2,actual_offshore_wind_generation,Wind Offshore,2026-09-25T20:15:59Z
2026-09-25T20:14:32Z,2026-09-25T22:14:32+0200,0058ff56-e9e2-4f32-86d7-71abbced9686,2026-09-23T22:15:00Z,2026-09-24T00:15:00+0200,289.697,MW,DK2,DK_2,actual_offshore_wind_generation,Wind Offshore,2026-09-25T20:15:59Z
2026-09-25T20:14:32Z,2026-09-25T22:14:32+0200,0058ff56-e9e2-4f32-86d7-71abbced9686,2026-09-23T22:30:00Z,2026-09-24T00:30:00+0200,220.264,MW,DK2,DK_2,actual_offshore_wind_generation,Wind Offshore,2026-09-25T20:15:59Z
2026-09-25T20:14:32Z,2026-09-25T22:14:32+0200,0058ff56-e9e2-4f32-86d7-71abbced9686,2026-09-23T22:45:00Z,2026-09-24T00:45:00+0200,168.998,MW,DK2,DK_2,actual_offshore_wind_generation,Wind Offshore,2026-09-25T20:15:59Z
2026-09-25T20:14:32Z,2026-09-25T22:14:32+0200,0058ff56-e9e2-4f32-86d7-71abbced9686,2026-09-23T23:00:00Z,2026-09-24T01:00:00+0200,190.308,MW,DK2,DK_2,actual_offshore_wind_generation,Wind Offshore,2026-09-25T20:15:59Z
2026-09-25T20:14:32Z,2026-09-25T22:14:32+0200,0058ff56-e9e2-4f32-86d7-71abbced9686,2026-09-23T23:15:00Z,2026-09-24T01:15:00+0200,199.463,MW,DK2,DK_2,actual_offshore_wind_generation,Wind Offshore,2026-09-25T20:15:59Z
2026-09-25T20:14:32Z,2026-09-25T22:14:32+0200,0058ff56-e9e2-4f32-86d7-71abbced9686,2026-09-23T23:30:00Z,2026-09-24T01:30:00+0200,192.981,MW,DK2,DK_2,actual_offshore_wind_generation,Wind Offshore,2026-09-25T20:15:59Z
2026-09-25T20:14:32Z,2026-09-25T22:14:32+0200,0058ff56-e9e2-4f32-86d7-71abbced9686,2026-09-23T23:45:00Z,2026-09-24T01:45:00+0200,215.975,MW,DK2,DK_2,actual_offshore_wind_generation,Wind Offshore,2026-09-25T20:15:59Z
2026-09-25T20:14:32Z,2026-09-25T22:14:32+0200,0058ff56-e9e2-4f32-86d7-71abbced9686,2026-09-24T00:00:00Z,2026-09-24T02:00:00+0200,250.036,MW,DK2,DK_2,actual_offshore_wind_generation,Wind Offshore,2026-09-25T20:15:59Z
2026-09-25T20:14:32Z,2026-09-25T22:14:32+0200,0058ff56-e9e2-4f32-86d7-71abbced9686,2026-09-24T00:15:00Z,2026-09-24T02:15:00+0200,333.751,MW,DK2,DK_2,actual_offshore_wind_generation,Wind Offshore,2026-09-25T20:15:59Z
2026-09-25T20:14:32Z,2026-09-25T22:14:32+0200,0058ff56-e9e2-4f32-86d7-71abbced9686,2026-09-24T00:30:00Z,2026-09-24T02:30:00+0200,427.189,MW,DK2,DK_2,actual_offshore_wind_generation,Wind Offshore,2026-09-25T20:15:59Z
2026-09-25T20:14:32Z,2026-09-25T22:14:32+0200,0058ff56-e9e2-4f32-86d7-71abbced9686,2026-09-24T00:45:00Z,2026-09-24T02:45:00+0200,532.588,MW,DK2,DK_2,actual_offshore_wind_generation,Wind Offshore,2026-09-25T20:15:59Z
2026-09-25T20:14:32Z,2026-09-25T22:14:32+0200,0058ff56-e9e2-4f32-86d7-71abbced9686,2026-09-24T01:00:00Z,2026-09-24T03:00:00+0200,562.969,MW,DK2,DK_2,actual_offshore_wind_generation,Wind Offshore,2026-09-25T20:15:59Z
2026-09-25T20:14:32Z,2026-09-25T22:14:32+0200,0058ff56-e9e2-4f32-86d7-71abbced9686,2026-09-24T01:15:00Z,2026-09-24T03:15:00+0200,531.311,MW,DK2,DK_2,actual_offshore_wind_generation,Wind Offshore,2026-09-25T20:15:59Z
2026-09-25T20:14:32Z,2026-09-25T22:14:32+0200,0058ff56-e9e2-4f32-86d7-71abbced9686,2026-09-24T01:30:00Z,2026-09-24T03:30:00+0200,486.373,MW,DK2,DK_2,actual_offshore_wind_generation,Wind Offshore,2026-09-25T20:15:59Z
2026-09-25T20:14:32Z,2026-09-25T22:14:32+0200,0058ff56-e9e2-4f32-86d7-71abbced9686,2026-09-24T01:45:00Z,2026-09-24T03:45:00+0200,457.825,MW,DK2,DK_2,actual_offshore_wind_generation,Wind Offshore,2026-09-25T20:15:59Z
2026-09-25T20:14:32Z,2026-09-25T22:14:32+0200,0058ff56-e9e2-4f32-86d7-71abbced9686,2026-09-24T02:00:00Z,2026-09-24T04:00:00+0200,431.67,MW,DK2,DK_2,actual_offshore_wind_generation,Wind Offshore,2026-09-25T20:15:59Z
2026-09-25T20:14:32Z,2026-09-25T22:14:32+0200,0058ff56-e9e2-4f32-86d7-71abbced9686,2026-09-24T02:15:00Z,2026-09-24T04:15:00+0200,411.16,MW,DK2,DK_2,actual_offshore_wind_generation,Wind Offshore,2026-09-25T20:15:59Z
2026-09-25T20:14:32Z,2026-09-25T22:14:32+0200,0058ff56-e9e2-4f32-86d7-71abbced9686,2026-09-24T02:30:00Z,2026-09-24T04:30:00+0200,407.247,MW,DK2,DK_2,actual_offshore_wind_generation,Wind Offshore,2026-09-25T20:15:59Z
2026-09-25T20:14:32Z,2026-09-25T22:14:32+0200,0058ff56-e9e2-4f32-86d7-71abbced9686,2026-09-24T02:45:00Z,2026-09-24T04:45:00+0200,386.222,MW,DK2,DK_2,actual_offshore_wind_generation,Wind Offshore,2026-09-25T20:15:59Z
2026-09-25T20:14:32Z,2026-09-25T22:14:32+0200,0058ff56-e9e2-4f32-86d7-71abbced9686,2026-09-24T03:00:00Z,2026-09-24T05:00:00+0200,367.098,MW,DK2,DK_2,actual_offshore_wind_generation,Wind Offshore,2026-09-25T20:15:59Z
2026-09-25T20:14:32Z,2026-09-25T22:14:32+0200,0058ff56-e9e2-4f32-86d7-71abbced9686,2026-09-24T03:15:00Z,2026-09-24T05:15:00+0200,368.461,MW,DK2,DK_2,actual_offshore_wind_generation,Wind Offshore,2026-09-25T20:15:59Z
2026-09-25T20:14:32Z,2026-09-25T22:14:32+0200,0058ff56-e9e2-4f32-86d7-71abbced9686,2026-09-24T03:30:00Z,2026-09-24T05:30:00+0200,371.698,MW,DK2,DK_2,actual_offshore_wind_generation,Wind Offshore,2026-09-25T20:15:59Z
2026-09-25T20:14:32Z,2026-09-25T22:14:32+0200,0058ff56-e9e2-4f32-86d7-71abbced9686,2026-09-24T03:45:00Z,2026-09-24T05:45:00+0200,447.002,MW,DK2,DK_2,actual_offshore_wind_generation,Wind Offshore,2026-09-25T20:15:59Z
2026-09-25T20:14:32Z,2026-09-25T22:14:32+0200,0058ff56-e9e2-4f32-86d7-71abbced9686,2026-09-24T04:00:00Z,2026-09-24T06:00:00+0200,532.389,MW,DK2,DK_2,actual_offshore_wind_generation,Wind Offshore,2026-09-25T20:15:59Z
2026-09-25T20:14:32Z,2026-09-25T22:14:32+0200,0058ff56-e9e2-4f32-86d7-71abbced9686,2026-09-24T04:15:00Z,2026-09-24T06:15:00+0200,626.674,MW,DK2,DK_2,actual_offshore_wind_generation,Wind Offshore,2026-09-25T20:15:59Z
2026-09-25T20:14:32Z,2026-09-25T22:14:32+0200,0058ff56-e9e2-4f32-86d7-71abbced9686,2026-09-24T04:30:00Z,2026-09-24T06:30:00+0200,675.816,MW,DK2,DK_2,actual_offshore_wind_generation,Wind Offshore,2026-09-25T20:15:59Z
2026-09-25T20:14:32Z,2026-09-25T22:14:32+0200,0058ff56-e9e2-4f32-86d7-71abbced9686,2026-09-24T04:45:00Z,2026-09-24T06:45:00+0200,721.732,MW,DK2,DK_2,actual_offshore_wind_generation,Wind Offshore,2026-09-25T20:15:59Z
2026-09-25T20:14:32Z,2026-09-25T22:14:32+0200,0058ff56-e9e2-4f32-86d7-71abbced9686,2026-09-24T05:00:00Z,2026-09-24T07:00:00+0200,764.507,MW,DK2,DK_2,actual_offshore_wind_generation,Wind Offshore,2026-09-25T20:15:59Z
2026-09-25T20:14:32Z,2026-09-25T22:14:32+0200,0058ff56-e9e2-4f32-86d7-71abbced9686,2026-09-24T05:15:00Z,2026-09-24T07:15:00+0200,796.431,MW,DK2,DK_2,actual_offshore_wind_generation,Wind Offshore,2026-09-25T20:15:59Z
2026-09-25T20:14:32Z,2026-09-25T22:14:32+0200,0058ff56-e9e2-4f32-86d7-71abbced9686,2026-09-24T05:30:00Z,2026-09-24T07:30:00+0200,782.754,MW,DK2,DK_2,actual_offshore_wind_generation,Wind Offshore,2026-09-25T20:15:59Z
2026-09-25T20:14:32Z,2026-09-25T22:14:32+0200,0058ff56-e9e2-4f32-86d7-71abbced9686,2026-09-24T05:45:00Z,2026-09-24T07:45:00+0200,744.554,MW,DK2,DK_2,actual_offshore_wind_generation,Wind Offshore,2026-09-25T20:15:59Z
2026-09-25T20:14:32Z,2026-09-25T22:14:32+0200,0058ff56-e9e2-4f32-86d7-71abbced9686,2026-09-24T06:00:00Z,2026-09-24T08:00:00+0200,692.586,MW,DK2,DK_2,actual_offshore_wind_generation,Wind Offshore,2026-09-25T20:15:59Z
2026-09-25T20:14:32Z,2026-09-25T22:14:32+0200,0058ff56-e9e2-4f32-86d7-71abbced9686,2026-09-24T06:15:00Z,2026-09-24T08:15:00+0200,650.436,MW,DK2,DK_2,actual_offshore_wind_generation,Wind Offshore,2026-09-25T20:15:59Z
2026-09-25T20:14:32Z,2026-09-25T22:14:32+0200,0058ff56-e9e2-4f32-86d7-71abbced9686,2026-09-24T06:30:00Z,2026-09-24T08:30:00+0200,621.886,MW,DK2,DK_2,actual_offshore_wind_generation,Wind Offshore,2026-09-25T20:15:59Z
2026-09-25T20:14:32Z,2026-09-25T22:14:32+0200,0058ff56-e9e2-4f32-86d7-71abbced9686,2026-09-24T06:45:00Z,2026-09-24T08:45:00+0200,620.635,MW,DK2,DK_2,actual_offshore_wind_generation,Wind Offshore,2026-09-25T20:15:59Z
2026-09-25T20:14:32Z,2026-09-25T22:14:32+0200,0058ff56-e9e2-4f32-86d7-71abbced9686,2026-09-24T07:00:00Z,2026-09-24T09:00:00+0200,554.463,MW,DK2,DK_2,actual_offshore_wind_generation,Wind Offshore,2026-09-25T20:15:59Z
2026-09-25T20:14:32Z,2026-09-25T22:14:32+0200,0058ff56-e9e2-4f32-86d7-71abbced9686,2026-09-24T07:15:00Z,2026-09-24T09:15:00+0200,530.603,MW,DK2,DK_2,actual_offshore_wind_generation,Wind Offshore,2026-09-25T20:15:59Z
2026-09-25T20:14:32Z,2026-09-25T22:14:32+0200,0058ff56-e9e2-4f32-86d7-71abbced9686,2026-09-24T07:30:00Z,2026-09-24T09:30:00+0200,490.433,MW,DK2,DK_2,actual_offshore_wind_generation,Wind Offshore,2026-09-25T20:15:59Z
2026-09-25T20:14:32Z,2026-09-25T22:14:32+0200,0058ff56-e9e2-4f32-86d7-71abbced9686,2026-09-24T07:45:00Z,2026-09-24T09:45:00+0200,466.645,MW,DK2,DK_2,actual_offshore_wind_generation,Wind Offshore,2026-09-25T20:15:59Z
2026-09-25T20:14:32Z,2026-09-25T22:14:32+0200,0058ff56-e9e2-4f32-86d7-71abbced9686,2026-09-24T08:00:00Z,2026-09-24T10:00:00+0200,407.433,MW,DK2,DK_2,actual_offshore_wind_generation,Wind Offshore,2026-09-25T20:15:59Z
2026-09-25T20:14:32Z,2026-09-25T22:14:32+0200,0058ff56-e9e2-4f32-86d7-71abbced9686,2026-09-24T08:15:00Z,2026-09-24T10:15:00+0200,345.48,MW,DK2,DK_2,actual_offshore_wind_generation,Wind Offshore,2026-09-25T20:15:59Z
2026-09-25T20:14:32Z,2026-09-25T22:14:32+0200,0058ff56-e9e2-4f32-86d7-71abbced9686,2026-09-24T08:30:00Z,2026-09-24T10:30:00+0200,310.252,MW,DK2,DK_2,actual_offshore_wind_generation,Wind Offshore,2026-09-25T20:15:59Z
2026-09-25T20:14:32Z,2026-09-25T22:14:32+0200,0058ff56-e9e2-4f32-86d7-71abbced9686,2026-09-24T08:45:00Z,2026-09-24T10:45:00+0200,278.09,MW,DK2,DK_2,actual_offshore_wind_generation,Wind Offshore,2026-09-25T20:15:59Z
2026-09-25T20:14:32Z,2026-09-25T22:14:32+0200,0058ff56-e9e2-4f32-86d7-71abbced9686,2026-09-24T09:00:00Z,2026-09-24T11:00:00+0200,227.582,MW,DK2,DK_2,actual_offshore_wind_generation,Wind Offshore,2026-09-25T20:15:59Z
2026-09-25T20:14:32Z,2026-09-25T22:14:32+0200,0058ff56-e9e2-4f32-86d7-71abbced9686,2026-09-24T09:15:00Z,2026-09-24T11:15:00+0200,194.771,MW,DK2,DK_2,actual_offshore_wind_generation,Wind Offshore,2026-09-25T20:15:59Z
2026-09-25T20:14:32Z,2026-09-25T22:14:32+0200,0058ff56-e9e2-4f32-86d7-71abbced9686,2026-09-24T09:30:00Z,2026-09-24T11:30:00+0200,155.314,MW,DK2,DK_2,actual_offshore_wind_generation,Wind Offshore,2026-09-25T20:15:59Z
2026-09-25T20:14:32Z,2026-09-25T22:14:32+0200,0058ff56-e9e2-4f32-86d7-71abbced9686,2026-09-24T09:45:00Z,2026-09-24T11:45:00+0200,129.02,MW,DK2,DK_2,actual_offshore_wind_generation,Wind Offshore,2026-09-25T20:15:59Z
2026-09-25T20:14:32Z,2026-09-25T22:14:32+0200,0058ff56-e9e2-4f32-86d7-71abbced9686,2026-09-24T10:00:00Z,2026-09-24T12:00:00+0200,118.654,MW,DK2,DK_2,actual_offshore_wind_generation,Wind Offshore,2026-09-25T20:15:59Z
2026-09-25T20:14:32Z,2026-09-25T22:14:32+0200,0058ff56-e9e2-4f32-86d7-71abbced9686,2026-09-24T10:15:00Z,2026-09-24T12:15:00+0200,95.7282,MW,DK2,DK_2,actual_offshore_wind_generation,Wind Offshore,2026-09-25T20:15:59Z
2026-09-25T20:14:32Z,2026-09-25T22:14:32+0200,0058ff56-e9e2-4f32-86d7-71abbced9686,2026-09-24T10:30:00Z,2026-09-24T12:30:00+0200,76.0912,MW,DK2,DK_2,actual_offshore_wind_generation,Wind Offshore,2026-09-25T20:15:59Z
2026-09-25T20:14:32Z,2026-09-25T22:14:32+0200,0058ff56-e9e2-4f32-86d7-71abbced9686,2026-09-24T10:45:00Z,2026-09-24T12:45:00+0200,64.5655,MW,DK2,DK_2,actual_offshore_wind_generation,Wind Offshore,2026-09-25T20:15:59Z
2026-09-25T20:14:32Z,2026-09-25T22:14:32+0200,0058ff56-e9e2-4f32-86d7-71abbced9686,2026-09-24T11:00:00Z,2026-09-24T13:00:00+0200,68.6485,MW,DK2,DK_2,actual_offshore_wind_generation,Wind Offshore,2026-09-25T20:15:59Z
2026-09-25T20:14:32Z,2026-09-25T22:14:32+0200,0058ff56-e9e2-4f32-86d7-71abbced9686,2026-09-24T11:15:00Z,2026-09-24T13:15:00+0200,76.2608,MW,DK2,DK_2,actual_offshore_wind_generation,Wind Offshore,2026-09-25T20:15:59Z
2026-09-25T20:14:32Z,2026-09-25T22:14:32+0200,0058ff56-e9e2-4f32-86d7-71abbced9686,2026-09-24T11:30:00Z,2026-09-24T13:30:00+0200,75.4276,MW,DK2,DK_2,actual_offshore_wind_generation,Wind Offshore,2026-09-25T20:15:59Z
2026-09-25T20:14:32Z,2026-09-25T22:14:32+0200,0058ff56-e9e2-4f32-86d7-71abbced9686,2026-09-24T11:45:00Z,2026-09-24T13:45:00+0200,69.6609,MW,DK2,DK_2,actual_offshore_wind_generation,Wind Offshore,2026-09-25T20:15:59Z
2026-09-25T20:14:32Z,2026-09-25T22:14:32+0200,0058ff56-e9e2-4f32-86d7-71abbced9686,2026-09-24T12:00:00Z,2026-09-24T14:00:00+0200,56.8282,MW,DK2,DK_2,actual_offshore_wind_generation,Wind Offshore,2026-09-25T20:15:59Z
2026-09-25T20:14:32Z,2026-09-25T22:14:32+0200,0058ff56-e9e2-4f32-86d7-71abbced9686,2026-09-24T12:15:00Z,2026-09-24T14:15:00+0200,36.2797,MW,DK2,DK_2,actual_offshore_wind_generation,Wind Offshore,2026-09-25T20:15:59Z
2026-09-25T20:14:32Z,2026-09-25T22:14:32+0200,0058ff56-e9e2-4f32-86d7-71abbced9686,2026-09-24T12:30:00Z,2026-09-24T14:30:00+0200,21.7377,MW,DK2,DK_2,actual_offshore_wind_generation,Wind Offshore,2026-09-25T20:15:59Z
2026-09-25T20:14:32Z,2026-09-25T22:14:32+0200,0058ff56-e9e2-4f32-86d7-71abbced9686,2026-09-24T12:45:00Z,2026-09-24T14:45:00+0200,20.7293,MW,DK2,DK_2,actual_offshore_wind_generation,Wind Offshore,2026-09-25T20:15:59Z
2026-09-25T20:14:32Z,2026-09-25T22:14:32+0200,0058ff56-e9e2-4f32-86d7-71abbced9686,2026-09-24T13:00:00Z,2026-09-24T15:00:00+0200,24.577,MW,DK2,DK_2,actual_offshore_wind_generation,Wind Offshore,2026-09-25T20:15:59Z
2026-09-25T20:14:32Z,2026-09-25T22:14:32+0200,0058ff56-e9e2-4f32-86d7-71abbced9686,2026-09-24T13:15:00Z,2026-09-24T15:15:00+0200,17.6847,MW,DK2,DK_2,actual_offshore_wind_generation,Wind Offshore,2026-09-25T20:15:59Z
2026-09-25T20:14:32Z,2026-09-25T22:14:32+0200,0058ff56-e9e2-4f32-86d7-71abbced9686,2026-09-24T13:30:00Z,2026-09-24T15:30:00+0200,16.8826,MW,DK2,DK_2,actual_offshore_wind_generation,Wind Offshore,2026-09-25T20:15:59Z
2026-09-25T20:14:32Z,2026-09-25T22:14:32+0200,0058ff56-e9e2-4f32-86d7-71abbced9686,2026-09-24T13:45:00Z,2026-09-24T15:45:00+0200,18.2504,MW,DK2,DK_2,actual_offshore_wind_generation,Wind Offshore,2026-09-25T20:15:59Z
2026-09-25T20:14:32Z,2026-09-25T22:14:32+0200,0058ff56-e9e2-4f32-86d7-71abbced9686,2026-09-24T14:00:00Z,2026-09-24T16:00:00+0200,28.9644,MW,DK2,DK_2,actual_offshore_wind_generation,Wind Offshore,2026-09-25T20:15:59Z
2026-09-25T20:14:32Z,2026-09-25T22:14:32+0200,0058ff56-e9e2-4f32-86d7-71abbced9686,2026-09-24T14:15:00Z,2026-09-24T16:15:00+0200,39.8731,MW,DK2,DK_2,actual_offshore_wind_generation,Wind Offshore,2026-09-25T20:15:59Z
2026-09-25T20:14:32Z,2026-09-25T22:14:32+0200,0058ff56-e9e2-4f32-86d7-71abbced9686,2026-09-24T14:30:00Z,2026-09-24T16:30:00+0200,31.484,MW,DK2,DK_2,actual_offshore_wind_generation,Wind Offshore,2026-09-25T20:15:59Z
2026-09-25T20:14:32Z,2026-09-25T22:14:32+0200,0058ff56-e9e2-4f32-86d7-71abbced9686,2026-09-24T14:45:00Z,2026-09-24T16:45:00+0200,24.7381,MW,DK2,DK_2,actual_offshore_wind_generation,Wind Offshore,2026-09-25T20:15:59Z
2026-09-25T20:14:32Z,2026-09-25T22:14:32+0200,0058ff56-e9e2-4f32-86d7-71abbced9686,2026-09-24T15:00:00Z,2026-09-24T17:00:00+0200,37.5519,MW,DK2,DK_2,actual_offshore_wind_generation,Wind Offshore,2026-09-25T20:15:59Z
2026-09-25T20:14:32Z,2026-09-25T22:14:32+0200,0058ff56-e9e2-4f32-86d7-71abbced9686,2026-09-24T15:15:00Z,2026-09-24T17:15:00+0200,55.9962,MW,DK2,DK_2,actual_offshore_wind_generation,Wind Offshore,2026-09-25T20:15:59Z
2026-09-25T20:14:32Z,2026-09-25T22:14:32+0200,0058ff56-e9e2-4f32-86d7-71abbced9686,2026-09-24T15:30:00Z,2026-09-24T17:30:00+0200,64.8221,MW,DK2,DK_2,actual_offshore_wind_generation,Wind Offshore,2026-09-25T20:15:59Z
2026-09-25T20:14:32Z,2026-09-25T22:14:32+0200,0058ff56-e9e2-4f32-86d7-71abbced9686,2026-09-24T15:45:00Z,2026-09-24T17:45:00+0200,71.1854,MW,DK2,DK_2,actual_offshore_wind_generation,Wind Offshore,2026-09-25T20:15:59Z
2026-09-25T20:14:32Z,2026-09-25T22:14:32+0200,0058ff56-e9e2-4f32-86d7-71abbced9686,2026-09-24T16:00:00Z,2026-09-24T18:00:00+0200,71.1026,MW,DK2,DK_2,actual_offshore_wind_generation,Wind Offshore,2026-09-25T20:15:59Z
2026-09-25T20:14:32Z,2026-09-25T22:14:32+0200,0058ff56-e9e2-4f32-86d7-71abbced9686,2026-09-24T16:15:00Z,2026-09-24T18:15:00+0200,58.1489,MW,DK2,DK_2,actual_offshore_wind_generation,Wind Offshore,2026-09-25T20:15:59Z
2026-09-25T20:14:32Z,2026-09-25T22:14:32+0200,0058ff56-e9e2-4f32-86d7-71abbced9686,2026-09-24T16:30:00Z,2026-09-24T18:30:00+0200,50.1842,MW,DK2,DK_2,actual_offshore_wind_generation,Wind Offshore,2026-09-25T20:15:59Z
2026-09-25T20:14:32Z,2026-09-25T22:14:32+0200,0058ff56-e9e2-4f32-86d7-71abbced9686,2026-09-24T16:45:00Z,2026-09-24T18:45:00+0200,47.6873,MW,DK2,DK_2,actual_offshore_wind_generation,Wind Offshore,2026-09-25T20:15:59Z
2026-09-25T20:14:32Z,2026-09-25T22:14:32+0200,0058ff56-e9e2-4f32-86d7-71abbced9686,2026-09-24T17:00:00Z,2026-09-24T19:00:00+0200,49.7804,MW,DK2,DK_2,actual_offshore_wind_generation,Wind Offshore,2026-09-25T20:15:59Z
2026-09-25T20:14:32Z,2026-09-25T22:14:32+0200,0058ff56-e9e2-4f32-86d7-71abbced9686,2026-09-24T17:15:00Z,2026-09-24T19:15:00+0200,59.0591,MW,DK2,DK_2,actual_offshore_wind_generation,Wind Offshore,2026-09-25T20:15:59Z
2026-09-25T20:14:32Z,2026-09-25T22:14:32+0200,0058ff56-e9e2-4f32-86d7-71abbced9686,2026-09-24T17:30:00Z,2026-09-24T19:30:00+0200,66.0371,MW,DK2,DK_2,actual_offshore_wind_generation,Wind Offshore,2026-09-25T20:15:59Z
2026-09-25T20:14:32Z,2026-09-25T22:14:32+0200,0058ff56-e9e2-4f32-86d7-71abbced9686,2026-09-24T17:45:00Z,2026-09-24T19:45:00+0200,70.8642,MW,DK2,DK_2,actual_offshore_wind_generation,Wind Offshore,2026-09-25T20:15:59Z
2026-09-25T20:14:32Z,2026-09-25T22:14:32+0200,0058ff56-e9e2-4f32-86d7-71abbced9686,2026-09-24T18:00:00Z,2026-09-24T20:00:00+0200,68.8682,MW,DK2,DK_2,actual_offshore_wind_generation,Wind Offshore,2026-09-25T20:15:59Z
2026-09-25T20:14:32Z,2026-09-25T22:14:32+0200,0058ff56-e9e2-4f32-86d7-71abbced9686,2026-09-24T18:15:00Z,2026-09-24T20:15:00+0200,73.3454,MW,DK2,DK_2,actual_offshore_wind_generation,Wind Offshore,2026-09-25T20:15:59Z
2026-09-25T20:14:32Z,2026-09-25T22:14:32+0200,0058ff56-e9e2-4f32-86d7-71abbced9686,2026-09-24T18:30:00Z,2026-09-24T20:30:00+0200,75.823,MW,DK2,DK_2,actual_offshore_wind_generation,Wind Offshore,2026-09-25T20:15:59Z
2026-09-25T20:14:32Z,2026-09-25T22:14:32+0200,0058ff56-e9e2-4f32-86d7-71abbced9686,2026-09-24T18:45:00Z,2026-09-24T20:45:00+0200,79.1706,MW,DK2,DK_2,actual_offshore_wind_generation,Wind Offshore,2026-09-25T20:15:59Z
2026-09-25T20:14:32Z,2026-09-25T22:14:32+0200,0058ff56-e9e2-4f32-86d7-71abbced9686,2026-09-24T19:00:00Z,2026-09-24T21:00:00+0200,91.5212,MW,DK2,DK_2,actual_offshore_wind_generation,Wind Offshore,2026-09-25T20:15:59Z
2026-09-25T20:14:32Z,2026-09-25T22:14:32+0200,0058ff56-e9e2-4f32-86d7-71abbced9686,2026-09-24T19:15:00Z,2026-09-24T21:15:00+0200,111.366,MW,DK2,DK_2,actual_offshore_wind_generation,Wind Offshore,2026-09-25T20:15:59Z
2026-09-25T20:14:32Z,2026-09-25T22:14:32+0200,0058ff56-e9e2-4f32-86d7-71abbced9686,2026-09-24T19:30:00Z,2026-09-24T21:30:00+0200,144.987,MW,DK2,DK_2,actual_offshore_wind_generation,Wind Offshore,2026-09-25T20:15:59Z
2026-09-25T20:14:32Z,2026-09-25T22:14:32+0200,0058ff56-e9e2-4f32-86d7-71abbced9686,2026-09-24T19:45:00Z,2026-09-24T21:45:00+0200,178.237,MW,DK2,DK_2,actual_offshore_wind_generation,Wind Offshore,2026-09-25T20:15:59Z
2026-09-25T20:14:32Z,2026-09-25T22:14:32+0200,0058ff56-e9e2-4f32-86d7-71abbced9686,2026-09-24T20:00:00Z,2026-09-24T22:00:00+0200,150.997,MW,DK2,DK_2,actual_offshore_wind_generation,Wind Offshore,2026-09-25T20:15:59Z
2026-09-25T20:14:32Z,2026-09-25T22:14:32+0200,0058ff56-e9e2-4f32-86d7-71abbced9686,2026-09-24T20:15:00Z,2026-09-24T22:15:00+0200,144.777,MW,DK2,DK_2,actual_offshore_wind_generation,Wind Offshore,2026-09-25T20:15:59Z
2026-09-25T20:14:32Z,2026-09-25T22:14:32+0200,0058ff56-e9e2-4f32-86d7-71abbced9686,2026-09-24T20:30:00Z,2026-09-24T22:30:00+0200,133.023,MW,DK2,DK_2,actual_offshore_wind_generation,Wind Offshore,2026-09-25T20:15:59Z
2026-09-25T20:14:32Z,2026-09-25T22:14:32+0200,0058ff56-e9e2-4f32-86d7-71abbced9686,2026-09-24T20:45:00Z,2026-09-24T22:45:00+0200,140.68,MW,DK2,DK_2,actual_offshore_wind_generation,Wind Offshore,2026-09-25T20:15:59Z
2026-09-25T20:14:32Z,2026-09-25T22:14:32+0200,0058ff56-e9e2-4f32-86d7-71abbced9686,2026-09-24T21:00:00Z,2026-09-24T23:00:00+0200,156.896,MW,DK2,DK_2,actual_offshore_wind_generation,Wind Offshore,2026-09-25T20:15:59Z
2026-09-25T20:14:32Z,2026-09-25T22:14:32+0200,0058ff56-e9e2-4f32-86d7-71abbced9686,2026-09-24T21:15:00Z,2026-09-24T23:15:00+0200,146.796,MW,DK2,DK_2,actual_offshore_wind_generation,Wind Offshore,2026-09-25T20:15:59Z
2026-09-25T20:14:32Z,2026-09-25T22:14:32+0200,0058ff56-e9e2-4f32-86d7-71abbced9686,2026-09-24T21:30:00Z,2026-09-24T23:30:00+0200,130.15,MW,DK2,DK_2,actual_offshore_wind_generation,Wind Offshore,2026-09-25T20:15:59Z
2026-09-25T20:14:32Z,2026-09-25T22:14:32+0200,0058ff56-e9e2-4f32-86d7-71abbced9686,2026-09-24T21:45:00Z,2026-09-24T23:45:00+0200,122.387,MW,DK2,DK_2,actual_offshore_wind_generation,Wind Offshore,2026-09-25T20:15:59Z
2026-09-25T20:14:32Z,2026-09-25T22:14:32+0200,0058ff56-e9e2-4f32-86d7-71abbced9686,2026-09-24T22:00:00Z,2026-09-25T00:00:00+0200,119.889,MW,DK2,DK_2,actual_offshore_wind_generation,Wind Offshore,2026-09-25T20:15:59Z
2026-09-25T20:14:32Z,2026-09-25T22:14:32+0200,0058ff56-e9e2-4f32-86d7-71abbced9686,2026-09-24T22:15:00Z,2026-09-25T00:15:00+0200,107.769,MW,DK2,DK_2,actual_offshore_wind_generation,Wind Offshore,2026-09-25T20:15:59Z
2026-09-25T20:14:32Z,2026-09-25T22:14:32+0200,0058ff56-e9e2-4f32-86d7-71abbced9686,2026-09-24T22:30:00Z,2026-09-25T00:30:00+0200,101.659,MW,DK2,DK_2,actual_offshore_wind_generation,Wind Offshore,2026-09-25T20:15:59Z
2026-09-25T20:14:32Z,2026-09-25T22:14:32+0200,0058ff56-e9e2-4f32-86d7-71abbced9686,2026-09-24T22:45:00Z,2026-09-25T00:45:00+0200,105.401,MW,DK2,DK_2,actual_offshore_wind_generation,Wind Offshore,2026-09-25T20:15:59Z
2026-09-25T20:14:32Z,2026-09-25T22:14:32+0200,0058ff56-e9e2-4f32-86d7-71abbced9686,2026-09-24T23:00:00Z,2026-09-25T01:00:00+0200,126.309,MW,DK2,DK_2,actual_offshore_wind_generation,Wind Offshore,2026-09-25T20:15:59Z
2026-09-25T20:14:32Z,2026-09-25T22:14:32+0200,0058ff56-e9e2-4f32-86d7-71abbced9686,2026-09-24T23:15:00Z,2026-09-25T01:15:00+0200,150.647,MW,DK2,DK_2,actual_offshore_wind_generation,Wind Offshore,2026-09-25T20:15:59Z
2026-09-25T20:14:32Z,2026-09-25T22:14:32+0200,0058ff56-e9e2-4f32-86d7-71abbced9686,2026-09-24T23:30:00Z,2026-09-25T01:30:00+0200,180.642,MW,DK2,DK_2,actual_offshore_wind_generation,Wind Offshore,2026-09-25T20:15:59Z
2026-09-25T20:14:32Z,2026-09-25T22:14:32+0200,0058ff56-e9e2-4f32-86d7-71abbced9686,2026-09-24T23:45:00Z,2026-09-25T01:45:00+0200,209.424,MW,DK2,DK_2,actual_offshore_wind_generation,Wind Offshore,2026-09-25T20:15:59Z
2026-09-25T20:14:32Z,2026-09-25T22:14:32+0200,0058ff56-e9e2-4f32-86d7-71abbced9686,2026-09-25T00:00:00Z,2026-09-25T02:00:00+0200,226.849,MW,DK2,DK_2,actual_offshore_wind_generation,Wind Offshore,2026-09-25T20:15:59Z
2026-09-25T20:14:32Z,2026-09-25T22:14:32+0200,0058ff56-e9e2-4f32-86d7-71abbced9686,2026-09-25T00:15:00Z,2026-09-25T02:15:00+0200,231.289,MW,DK2,DK_2,actual_offshore_wind_generation,Wind Offshore,2026-09-25T20:15:59Z
2026-09-25T20:14:32Z,2026-09-25T22:14:32+0200,0058ff56-e9e2-4f32-86d7-71abbced9686,2026-09-25T00:30:00Z,2026-09-25T02:30:00+0200,213.522,MW,DK2,DK_2,actual_offshore_wind_generation,Wind Offshore,2026-09-25T20:15:59Z
2026-09-25T20:14:32Z,2026-09-25T22:14:32+0200,0058ff56-e9e2-4f32-86d7-71abbced9686,2026-09-25T00:45:00Z,2026-09-25T02:45:00+0200,209.025,MW,DK2,DK_2,actual_offshore_wind_generation,Wind Offshore,2026-09-25T20:15:59Z
2026-09-25T20:14:32Z,2026-09-25T22:14:32+0200,0058ff56-e9e2-4f32-86d7-71abbced9686,2026-09-25T01:00:00Z,2026-09-25T03:00:00+0200,217.419,MW,DK2,DK_2,actual_offshore_wind_generation,Wind Offshore,2026-09-25T20:15:59Z
2026-09-25T20:14:32Z,2026-09-25T22:14:32+0200,0058ff56-e9e2-4f32-86d7-71abbced9686,2026-09-25T01:15:00Z,2026-09-25T03:15:00+0200,204.82,MW,DK2,DK_2,actual_offshore_wind_generation,Wind Offshore,2026-09-25T20:15:59Z
2026-09-25T20:14:32Z,2026-09-25T22:14:32+0200,0058ff56-e9e2-4f32-86d7-71abbced9686,2026-09-25T01:30:00Z,2026-09-25T03:30:00+0200,168.232,MW,DK2,DK_2,actual_offshore_wind_generation,Wind Offshore,2026-09-25T20:15:59Z
2026-09-25T20:14:32Z,2026-09-25T22:14:32+0200,0058ff56-e9e2-4f32-86d7-71abbced9686,2026-09-25T01:45:00Z,2026-09-25T03:45:00+0200,157.868,MW,DK2,DK_2,actual_offshore_wind_generation,Wind Offshore,2026-09-25T20:15:59Z
2026-09-25T20:14:32Z,2026-09-25T22:14:32+0200,0058ff56-e9e2-4f32-86d7-71abbced9686,2026-09-25T02:00:00Z,2026-09-25T04:00:00+0200,173.72,MW,DK2,DK_2,actual_offshore_wind_generation,Wind Offshore,2026-09-25T20:15:59Z
2026-09-25T20:14:32Z,2026-09-25T22:14:32+0200,0058ff56-e9e2-4f32-86d7-71abbced9686,2026-09-25T02:15:00Z,2026-09-25T04:15:00+0200,201.587,MW,DK2,DK_2,actual_offshore_wind_generation,Wind Offshore,2026-09-25T20:15:59Z
2026-09-25T20:14:32Z,2026-09-25T22:14:32+0200,0058ff56-e9e2-4f32-86d7-71abbced9686,2026-09-25T02:30:00Z,2026-09-25T04:30:00+0200,211.33,MW,DK2,DK_2,actual_offshore_wind_generation,Wind Offshore,2026-09-25T20:15:59Z
2026-09-25T20:14:32Z,2026-09-25T22:14:32+0200,0058ff56-e9e2-4f32-86d7-71abbced9686,2026-09-25T02:45:00Z,2026-09-25T04:45:00+0200,211.085,MW,DK2,DK_2,actual_offshore_wind_generation,Wind Offshore,2026-09-25T20:15:59Z
2026-09-25T20:14:32Z,2026-09-25T22:14:32+0200,0058ff56-e9e2-4f32-86d7-71abbced9686,2026-09-25T03:00:00Z,2026-09-25T05:00:00+0200,219.332,MW,DK2,DK_2,actual_offshore_wind_generation,Wind Offshore,2026-09-25T20:15:59Z
2026-09-25T20:14:32Z,2026-09-25T22:14:32+0200,0058ff56-e9e2-4f32-86d7-71abbced9686,2026-09-25T03:15:00Z,2026-09-25T05:15:00+0200,238.601,MW,DK2,DK_2,actual_offshore_wind_generation,Wind Offshore,2026-09-25T20:15:59Z
2026-09-25T20:14:32Z,2026-09-25T22:14:32+0200,0058ff56-e9e2-4f32-86d7-71abbced9686,2026-09-25T03:30:00Z,2026-09-25T05:30:00+0200,263.8,MW,DK2,DK_2,actual_offshore_wind_generation,Wind Offshore,2026-09-25T20:15:59Z
2026-09-25T20:14:32Z,2026-09-25T22:14:32+0200,0058ff56-e9e2-4f32-86d7-71abbced9686,2026-09-25T03:45:00Z,2026-09-25T05:45:00+0200,301.452,MW,DK2,DK_2,actual_offshore_wind_generation,Wind Offshore,2026-09-25T20:15:59Z
2026-09-25T20:14:32Z,2026-09-25T22:14:32+0200,0058ff56-e9e2-4f32-86d7-71abbced9686,2026-09-25T04:00:00Z,2026-09-25T06:00:00+0200,299.915,MW,DK2,DK_2,actual_offshore_wind_generation,Wind Offshore,2026-09-25T20:15:59Z
2026-09-25T20:14:32Z,2026-09-25T22:14:32+0200,0058ff56-e9e2-4f32-86d7-71abbced9686,2026-09-25T04:15:00Z,2026-09-25T06:15:00+0200,314.178,MW,DK2,DK_2,actual_offshore_wind_generation,Wind Offshore,2026-09-25T20:15:59Z
2026-09-25T20:14:32Z,2026-09-25T22:14:32+0200,0058ff56-e9e2-4f32-86d7-71abbced9686,2026-09-25T04:30:00Z,2026-09-25T06:30:00+0200,334.354,MW,DK2,DK_2,actual_offshore_wind_generation,Wind Offshore,2026-09-25T20:15:59Z
2026-09-25T20:14:32Z,2026-09-25T22:14:32+0200,0058ff56-e9e2-4f32-86d7-71abbced9686,2026-09-25T04:45:00Z,2026-09-25T06:45:00+0200,387.916,MW,DK2,DK_2,actual_offshore_wind_generation,Wind Offshore,2026-09-25T20:15:59Z
2026-09-25T20:14:32Z,2026-09-25T22:14:32+0200,0058ff56-e9e2-4f32-86d7-71abbced9686,2026-09-25T05:00:00Z,2026-09-25T07:00:00+0200,433.61,MW,DK2,DK_2,actual_offshore_wind_generation,Wind Offshore,2026-09-25T20:15:59Z
2026-09-25T20:14:32Z,2026-09-25T22:14:32+0200,0058ff56-e9e2-4f32-86d7-71abbced9686,2026-09-25T05:15:00Z,2026-09-25T07:15:00+0200,411.361,MW,DK2,DK_2,actual_offshore_wind_generation,Wind Offshore,2026-09-25T20:15:59Z
2026-09-25T20:14:32Z,2026-09-25T22:14:32+0200,0058ff56-e9e2-4f32-86d7-71abbced9686,2026-09-25T05:30:00Z,2026-09-25T07:30:00+0200,374.89,MW,DK2,DK_2,actual_offshore_wind_generation,Wind Offshore,2026-09-25T20:15:59Z
2026-09-25T20:14:32Z,2026-09-25T22:14:32+0200,0058ff56-e9e2-4f32-86d7-71abbced9686,2026-09-25T05:45:00Z,2026-09-25T07:45:00+0200,348.843,MW,DK2,DK_2,actual_offshore_wind_generation,Wind Offshore,2026-09-25T20:15:59Z
2026-09-25T20:14:32Z,2026-09-25T22:14:32+0200,0058ff56-e9e2-4f32-86d7-71abbced9686,2026-09-25T06:00:00Z,2026-09-25T08:00:00+0200,321.76,MW,DK2,DK_2,actual_offshore_wind_generation,Wind Offshore,2026-09-25T20:15:59Z
2026-09-25T20:14:32Z,2026-09-25T22:14:32+0200,0058ff56-e9e2-4f32-86d7-71abbced9686,2026-09-25T06:15:00Z,2026-09-25T08:15:00+0200,312.786,MW,DK2,DK_2,actual_offshore_wind_generation,Wind Offshore,2026-09-25T20:15:59Z
2026-09-25T20:14:32Z,2026-09-25T22:14:32+0200,0058ff56-e9e2-4f32-86d7-71abbced9686,2026-09-25T06:30:00Z,2026-09-25T08:30:00+0200,308.766,MW,DK2,DK_2,actual_offshore_wind_generation,Wind Offshore,2026-09-25T20:15:59Z
2026-09-25T20:14:32Z,2026-09-25T22:14:32+0200,0058ff56-e9e2-4f32-86d7-71abbced9686,2026-09-25T06:45:00Z,2026-09-25T08:45:00+0200,292.629,MW,DK2,DK_2,actual_offshore_wind_generation,Wind Offshore,2026-09-25T20:15:59Z
2026-09-25T20:14:32Z,2026-09-25T22:14:32+0200,0058ff56-e9e2-4f32-86d7-71abbced9686,2026-09-25T07:00:00Z,2026-09-25T09:00:00+0200,258.836,MW,DK2,DK_2,actual_offshore_wind_generation,Wind Offshore,2026-09-25T20:15:59Z
2026-09-25T20:14:32Z,2026-09-25T22:14:32+0200,0058ff56-e9e2-4f32-86d7-71abbced9686,2026-09-25T07:15:00Z,2026-09-25T09:15:00+0200,221.54,MW,DK2,DK_2,actual_offshore_wind_generation,Wind Offshore,2026-09-25T20:15:59Z
2026-09-25T20:14:32Z,2026-09-25T22:14:32+0200,0058ff56-e9e2-4f32-86d7-71abbced9686,2026-09-25T07:30:00Z,2026-09-25T09:30:00+0200,245.187,MW,DK2,DK_2,actual_offshore_wind_generation,Wind Offshore,2026-09-25T20:15:59Z
2026-09-25T20:14:32Z,2026-09-25T22:14:32+0200,0058ff56-e9e2-4f32-86d7-71abbced9686,2026-09-25T07:45:00Z,2026-09-25T09:45:00+0200,258.092,MW,DK2,DK_2,actual_offshore_wind_generation,Wind Offshore,2026-09-25T20:15:59Z
2026-09-25T20:14:32Z,2026-09-25T22:14:32+0200,0058ff56-e9e2-4f32-86d7-71abbced9686,2026-09-25T08:00:00Z,2026-09-25T10:00:00+0200,278.074,MW,DK2,DK_2,actual_offshore_wind_generation,Wind Offshore,2026-09-25T20:15:59Z
2026-09-25T20:14:32Z,2026-09-25T22:14:32+0200,0058ff56-e9e2-4f32-86d7-71abbced9686,2026-09-25T08:15:00Z,2026-09-25T10:15:00+0200,299.227,MW,DK2,DK_2,actual_offshore_wind_generation,Wind Offshore,2026-09-25T20:15:59Z
2026-09-25T20:14:32Z,2026-09-25T22:14:32+0200,0058ff56-e9e2-4f32-86d7-71abbced9686,2026-09-25T08:30:00Z,2026-09-25T10:30:00+0200,288.59,MW,DK2,DK_2,actual_offshore_wind_generation,Wind Offshore,2026-09-25T20:15:59Z
2026-09-25T20:14:32Z,2026-09-25T22:14:32+0200,0058ff56-e9e2-4f32-86d7-71abbced9686,2026-09-25T08:45:00Z,2026-09-25T10:45:00+0200,256.323,MW,DK2,DK_2,actual_offshore_wind_generation,Wind Offshore,2026-09-25T20:15:59Z
2026-09-25T20:14:32Z,2026-09-25T22:14:32+0200,0058ff56-e9e2-4f32-86d7-71abbced9686,2026-09-25T09:00:00Z,2026-09-25T11:00:00+0200,220.37,MW,DK2,DK_2,actual_offshore_wind_generation,Wind Offshore,2026-09-25T20:15:59Z
2026-09-25T20:14:32Z,2026-09-25T22:14:32+0200,0058ff56-e9e2-4f32-86d7-71abbced9686,2026-09-25T09:15:00Z,2026-09-25T11:15:00+0200,176.032,MW,DK2,DK_2,actual_offshore_wind_generation,Wind Offshore,2026-09-25T20:15:59Z
2026-09-25T20:14:32Z,2026-09-25T22:14:32+0200,0058ff56-e9e2-4f32-86d7-71abbced9686,2026-09-25T09:30:00Z,2026-09-25T11:30:00+0200,176.011,MW,DK2,DK_2,actual_offshore_wind_generation,Wind Offshore,2026-09-25T20:15:59Z
2026-09-25T20:14:32Z,2026-09-25T22:14:32+0200,0058ff56-e9e2-4f32-86d7-71abbced9686,2026-09-25T09:45:00Z,2026-09-25T11:45:00+0200,210.479,MW,DK2,DK_2,actual_offshore_wind_generation,Wind Offshore,2026-09-25T20:15:59Z
2026-09-25T20:14:32Z,2026-09-25T22:14:32+0200,0058ff56-e9e2-4f32-86d7-71abbced9686,2026-09-25T10:00:00Z,2026-09-25T12:00:00+0200,225.293,MW,DK2,DK_2,actual_offshore_wind_generation,Wind Offshore,2026-09-25T20:15:59Z
2026-09-25T20:14:32Z,2026-09-25T22:14:32+0200,0058ff56-e9e2-4f32-86d7-71abbced9686,2026-09-25T10:15:00Z,2026-09-25T12:15:00+0200,220.622,MW,DK2,DK_2,actual_offshore_wind_generation,Wind Offshore,2026-09-25T20:15:59Z
2026-09-25T20:14:32Z,2026-09-25T22:14:32+0200,0058ff56-e9e2-4f32-86d7-71abbced9686,2026-09-25T10:30:00Z,2026-09-25T12:30:00+0200,231.83,MW,DK2,DK_2,actual_offshore_wind_generation,Wind Offshore,2026-09-25T20:15:59Z
2026-09-25T20:14:32Z,2026-09-25T22:14:32+0200,0058ff56-e9e2-4f32-86d7-71abbced9686,2026-09-25T10:45:00Z,2026-09-25T12:45:00+0200,224.417,MW,DK2,DK_2,actual_offshore_wind_generation,Wind Offshore,2026-09-25T20:15:59Z
2026-09-25T20:14:32Z,2026-09-25T22:14:32+0200,0058ff56-e9e2-4f32-86d7-71abbced9686,2026-09-25T11:00:00Z,2026-09-25T13:00:00+0200,214.948,MW,DK2,DK_2,actual_offshore_wind_generation,Wind Offshore,2026-09-25T20:15:59Z
2026-09-25T20:14:32Z,2026-09-25T22:14:32+0200,0058ff56-e9e2-4f32-86d7-71abbced9686,2026-09-25T11:15:00Z,2026-09-25T13:15:00+0200,214.192,MW,DK2,DK_2,actual_offshore_wind_generation,Wind Offshore,2026-09-25T20:15:59Z
2026-09-25T20:14:32Z,2026-09-25T22:14:32+0200,0058ff56-e9e2-4f32-86d7-71abbced9686,2026-09-25T11:30:00Z,2026-09-25T13:30:00+0200,222.535,MW,DK2,DK_2,actual_offshore_wind_generation,Wind Offshore,2026-09-25T20:15:59Z
2026-09-25T20:14:32Z,2026-09-25T22:14:32+0200,0058ff56-e9e2-4f32-86d7-71abbced9686,2026-09-25T11:45:00Z,2026-09-25T13:45:00+0200,227.42,MW,DK2,DK_2,actual_offshore_wind_generation,Wind Offshore,2026-09-25T20:15:59Z
2026-09-25T20:14:32Z,2026-09-25T22:14:32+0200,0058ff56-e9e2-4f32-86d7-71abbced9686,2026-09-25T12:00:00Z,2026-09-25T14:00:00+0200,239.421,MW,DK2,DK_2,actual_offshore_wind_generation,Wind Offshore,2026-09-25T20:15:59Z
2026-09-25T20:14:32Z,2026-09-25T22:14:32+0200,0058ff56-e9e2-4f32-86d7-71abbced9686,2026-09-25T12:15:00Z,2026-09-25T14:15:00+0200,231.187,MW,DK2,DK_2,actual_offshore_wind_generation,Wind Offshore,2026-09-25T20:15:59Z
2026-09-25T20:14:32Z,2026-09-25T22:14:32+0200,0058ff56-e9e2-4f32-86d7-71abbced9686,2026-09-25T12:30:00Z,2026-09-25T14:30:00+0200,222.014,MW,DK2,DK_2,actual_offshore_wind_generation,Wind Offshore,2026-09-25T20:15:59Z
2026-09-25T20:14:32Z,2026-09-25T22:14:32+0200,0058ff56-e9e2-4f32-86d7-71abbced9686,2026-09-25T12:45:00Z,2026-09-25T14:45:00+0200,211.303,MW,DK2,DK_2,actual_offshore_wind_generation,Wind Offshore,2026-09-25T20:15:59Z
2026-09-25T20:14:32Z,2026-09-25T22:14:32+0200,0058ff56-e9e2-4f32-86d7-71abbced9686,2026-09-25T13:00:00Z,2026-09-25T15:00:00+0200,207.513,MW,DK2,DK_2,actual_offshore_wind_generation,Wind Offshore,2026-09-25T20:15:59Z
2026-09-25T20:14:32Z,2026-09-25T22:14:32+0200,0058ff56-e9e2-4f32-86d7-71abbced9686,2026-09-25T13:15:00Z,2026-09-25T15:15:00+0200,207.723,MW,DK2,DK_2,actual_offshore_wind_generation,Wind Offshore,2026-09-25T20:15:59Z
2026-09-25T20:14:32Z,2026-09-25T22:14:32+0200,0058ff56-e9e2-4f32-86d7-71abbced9686,2026-09-25T13:30:00Z,2026-09-25T15:30:00+0200,195.665,MW,DK2,DK_2,actual_offshore_wind_generation,Wind Offshore,2026-09-25T20:15:59Z
2026-09-25T20:14:32Z,2026-09-25T22:14:32+0200,0058ff56-e9e2-4f32-86d7-71abbced9686,2026-09-25T13:45:00Z,2026-09-25T15:45:00+0200,178.108,MW,DK2,DK_2,actual_offshore_wind_generation,Wind Offshore,2026-09-25T20:15:59Z
2026-09-25T20:14:32Z,2026-09-25T22:14:32+0200,0058ff56-e9e2-4f32-86d7-71abbced9686,2026-09-25T14:00:00Z,2026-09-25T16:00:00+0200,191.246,MW,DK2,DK_2,actual_offshore_wind_generation,Wind Offshore,2026-09-25T20:15:59Z
2026-09-25T20:14:32Z,2026-09-25T22:14:32+0200,0058ff56-e9e2-4f32-86d7-71abbced9686,2026-09-25T14:15:00Z,2026-09-25T16:15:00+0200,226.396,MW,DK2,DK_2,actual_offshore_wind_generation,Wind Offshore,2026-09-25T20:15:59Z
2026-09-25T20:14:32Z,2026-09-25T22:14:32+0200,0058ff56-e9e2-4f32-86d7-71abbced9686,2026-09-25T14:30:00Z,2026-09-25T16:30:00+0200,241.039,MW,DK2,DK_2,actual_offshore_wind_generation,Wind Offshore,2026-09-25T20:15:59Z
2026-09-25T20:14:32Z,2026-09-25T22:14:32+0200,0058ff56-e9e2-4f32-86d7-71abbced9686,2026-09-25T14:45:00Z,2026-09-25T16:45:00+0200,271.393,MW,DK2,DK_2,actual_offshore_wind_generation,Wind Offshore,2026-09-25T20:15:59Z
2026-09-25T20:14:32Z,2026-09-25T22:14:32+0200,0058ff56-e9e2-4f32-86d7-71abbced9686,2026-09-25T15:00:00Z,2026-09-25T17:00:00+0200,302.28,MW,DK2,DK_2,actual_offshore_wind_generation,Wind Offshore,2026-09-25T20:15:59Z
2026-09-25T20:14:32Z,2026-09-25T22:14:32+0200,0058ff56-e9e2-4f32-86d7-71abbced9686,2026-09-25T15:15:00Z,2026-09-25T17:15:00+0200,281.992,MW,DK2,DK_2,actual_offshore_wind_generation,Wind Offshore,2026-09-25T20:15:59Z
2026-09-25T20:14:32Z,2026-09-25T22:14:32+0200,0058ff56-e9e2-4f32-86d7-71abbced9686,2026-09-25T15:30:00Z,2026-09-25T17:30:00+0200,268.208,MW,DK2,DK_2,actual_offshore_wind_generation,Wind Offshore,2026-09-25T20:15:59Z
2026-09-25T20:14:32Z,2026-09-25T22:14:32+0200,0058ff56-e9e2-4f32-86d7-71abbced9686,2026-09-25T15:45:00Z,2026-09-25T17:45:00+0200,259.143,MW,DK2,DK_2,actual_offshore_wind_generation,Wind Offshore,2026-09-25T20:15:59Z
2026-09-25T20:14:32Z,2026-09-25T22:14:32+0200,0058ff56-e9e2-4f32-86d7-71abbced9686,2026-09-25T16:00:00Z,2026-09-25T18:00:00+0200,247.506,MW,DK2,DK_2,actual_offshore_wind_generation,Wind Offshore,2026-09-25T20:15:59Z
2026-09-25T20:14:32Z,2026-09-25T22:14:32+0200,0058ff56-e9e2-4f32-86d7-71abbced9686,2026-09-25T16:15:00Z,2026-09-25T18:15:00+0200,243.476,MW,DK2,DK_2,actual_offshore_wind_generation,Wind Offshore,2026-09-25T20:15:59Z
2026-09-25T20:14:32Z,2026-09-25T22:14:32+0200,0058ff56-e9e2-4f32-86d7-71abbced9686,2026-09-25T16:30:00Z,2026-09-25T18:30:00+0200,233.195,MW,DK2,DK_2,actual_offshore_wind_generation,Wind Offshore,2026-09-25T20:15:59Z
2026-09-25T20:14:32Z,2026-09-25T22:14:32+0200,0058ff56-e9e2-4f32-86d7-71abbced9686,2026-09-25T16:45:00Z,2026-09-25T18:45:00+0200,208.628,MW,DK2,DK_2,actual_offshore_wind_generation,Wind Offshore,2026-09-25T20:15:59Z
2026-09-25T20:14:32Z,2026-09-25T22:14:32+0200,0058ff56-e9e2-4f32-86d7-71abbced9686,2026-09-25T17:00:00Z,2026-09-25T19:00:00+0200,199.23,MW,DK2,DK_2,actual_offshore_wind_generation,Wind Offshore,2026-09-25T20:15:59Z
2026-09-25T20:14:32Z,2026-09-25T22:14:32+0200,0058ff56-e9e2-4f32-86d7-71abbced9686,2026-09-25T17:15:00Z,2026-09-25T19:15:00+0200,183.07,MW,DK2,DK_2,actual_offshore_wind_generation,Wind Offshore,2026-09-25T20:15:59Z
2026-09-25T20:14:32Z,2026-09-25T22:14:32+0200,0058ff56-e9e2-4f32-86d7-71abbced9686,2026-09-25T17:30:00Z,2026-09-25T19:30:00+0200,160.043,MW,DK2,DK_2,actual_offshore_wind_generation,Wind Offshore,2026-09-25T20:15:59Z
2026-09-25T20:14:32Z,2026-09-25T22:14:32+0200,0058ff56-e9e2-4f32-86d7-71abbced9686,2026-09-25T17:45:00Z,2026-09-25T19:45:00+0200,149.798,MW,DK2,DK_2,actual_offshore_wind_generation,Wind Offshore,2026-09-25T20:15:59Z
2026-09-25T20:14:32Z,2026-09-25T22:14:32+0200,0058ff56-e9e2-4f32-86d7-71abbced9686,2026-09-25T18:00:00Z,2026-09-25T20:00:00+0200,151.242,MW,DK2,DK_2,actual_offshore_wind_generation,Wind Offshore,2026-09-25T20:15:59Z
2026-09-25T20:14:32Z,2026-09-25T22:14:32+0200,0058ff56-e9e2-4f32-86d7-71abbced9686,2026-09-25T18:15:00Z,2026-09-25T20:15:00+0200,155.376,MW,DK2,DK_2,actual_offshore_wind_generation,Wind Offshore,2026-09-25T20:15:59Z
2026-09-25T20:14:32Z,2026-09-25T22:14:32+0200,0058ff56-e9e2-4f32-86d7-71abbced9686,2026-09-25T18:30:00Z,2026-09-25T20:30:00+0200,176.447,MW,DK2,DK_2,actual_offshore_wind_generation,Wind Offshore,2026-09-25T20:15:59Z
2026-09-25T20:14:32Z,2026-09-25T22:14:32+0200,0058ff56-e9e2-4f32-86d7-71abbced9686,2026-09-25T18:45:00Z,2026-09-25T20:45:00+0200,191.303,MW,DK2,DK_2,actual_offshore_wind_generation,Wind Offshore,2026-09-25T20:15:59Z
2026-09-25T20:14:32Z,2026-09-25T22:14:32+0200,0058ff56-e9e2-4f32-86d7-71abbced9686,2026-09-25T19:00:00Z,2026-09-25T21:00:00+0200,225.798,MW,DK2,DK_2,actual_offshore_wind_generation,Wind Offshore,2026-09-25T20:15:59Z
2026-09-25T20:14:32Z,2026-09-25T22:14:32+0200,0058ff56-e9e2-4f32-86d7-71abbced9686,2026-09-25T19:15:00Z,2026-09-25T21:15:00+0200,272.73,MW,DK2,DK_2,actual_offshore_wind_generation,Wind Offshore,2026-09-25T20:15:59Z
2026-09-25T20:14:32Z,2026-09-25T22:14:32+0200,0058ff56-e9e2-4f32-86d7-71abbced9686,2026-09-25T19:30:00Z,2026-09-25T21:30:00+0200,299.742,MW,DK2,DK_2,actual_offshore_wind_generation,Wind Offshore,2026-09-25T20:15:59Z
