collection_time_utc,collection_time_local,run_id,timestamp_utc,timestamp_local,value,unit,country,entsoe_area,variable,source,updated_at_utc
2026-06-23T17:23:48Z,2026-06-23T19:23:48+0200,c51852f0-2285-49e0-9c34-cd4ce69db778,2026-05-23T18:00:00Z,2026-05-23T20:00:00+0200,47762.41369,MW,DE,DE_LU,actual_load,Actual Load,2026-06-23T17:24:51Z
2026-06-23T17:23:48Z,2026-06-23T19:23:48+0200,c51852f0-2285-49e0-9c34-cd4ce69db778,2026-05-23T18:15:00Z,2026-05-23T20:15:00+0200,46645.05603,MW,DE,DE_LU,actual_load,Actual Load,2026-06-23T17:24:51Z
2026-06-23T17:23:48Z,2026-06-23T19:23:48+0200,c51852f0-2285-49e0-9c34-cd4ce69db778,2026-05-23T18:30:00Z,2026-05-23T20:30:00+0200,45902.34836,MW,DE,DE_LU,actual_load,Actual Load,2026-06-23T17:24:51Z
2026-06-23T17:23:48Z,2026-06-23T19:23:48+0200,c51852f0-2285-49e0-9c34-cd4ce69db778,2026-05-23T18:45:00Z,2026-05-23T20:45:00+0200,45789.37608,MW,DE,DE_LU,actual_load,Actual Load,2026-06-23T17:24:51Z
2026-06-23T17:23:48Z,2026-06-23T19:23:48+0200,c51852f0-2285-49e0-9c34-cd4ce69db778,2026-05-23T19:00:00Z,2026-05-23T21:00:00+0200,45479.66255,MW,DE,DE_LU,actual_load,Actual Load,2026-06-23T17:24:51Z
2026-06-23T17:23:48Z,2026-06-23T19:23:48+0200,c51852f0-2285-49e0-9c34-cd4ce69db778,2026-05-23T19:15:00Z,2026-05-23T21:15:00+0200,45449.26653,MW,DE,DE_LU,actual_load,Actual Load,2026-06-23T17:24:51Z
2026-06-23T17:23:48Z,2026-06-23T19:23:48+0200,c51852f0-2285-49e0-9c34-cd4ce69db778,2026-05-23T19:30:00Z,2026-05-23T21:30:00+0200,45615.12213,MW,DE,DE_LU,actual_load,Actual Load,2026-06-23T17:24:51Z
2026-06-23T17:23:48Z,2026-06-23T19:23:48+0200,c51852f0-2285-49e0-9c34-cd4ce69db778,2026-05-23T19:45:00Z,2026-05-23T21:45:00+0200,45743.46023,MW,DE,DE_LU,actual_load,Actual Load,2026-06-23T17:24:51Z
2026-06-23T17:23:48Z,2026-06-23T19:23:48+0200,c51852f0-2285-49e0-9c34-cd4ce69db778,2026-05-23T20:00:00Z,2026-05-23T22:00:00+0200,45158.61532,MW,DE,DE_LU,actual_load,Actual Load,2026-06-23T17:24:51Z
2026-06-23T17:23:48Z,2026-06-23T19:23:48+0200,c51852f0-2285-49e0-9c34-cd4ce69db778,2026-05-23T20:15:00Z,2026-05-23T22:15:00+0200,45049.39019,MW,DE,DE_LU,actual_load,Actual Load,2026-06-23T17:24:51Z
2026-06-23T17:23:48Z,2026-06-23T19:23:48+0200,c51852f0-2285-49e0-9c34-cd4ce69db778,2026-05-23T20:30:00Z,2026-05-23T22:30:00+0200,44579.26679,MW,DE,DE_LU,actual_load,Actual Load,2026-06-23T17:24:51Z
2026-06-23T17:23:48Z,2026-06-23T19:23:48+0200,c51852f0-2285-49e0-9c34-cd4ce69db778,2026-05-23T20:45:00Z,2026-05-23T22:45:00+0200,43995.27816,MW,DE,DE_LU,actual_load,Actual Load,2026-06-23T17:24:51Z
2026-06-23T17:23:48Z,2026-06-23T19:23:48+0200,c51852f0-2285-49e0-9c34-cd4ce69db778,2026-05-23T21:00:00Z,2026-05-23T23:00:00+0200,43177.77591,MW,DE,DE_LU,actual_load,Actual Load,2026-06-23T17:24:51Z
2026-06-23T17:23:48Z,2026-06-23T19:23:48+0200,c51852f0-2285-49e0-9c34-cd4ce69db778,2026-05-23T21:15:00Z,2026-05-23T23:15:00+0200,42613.47444,MW,DE,DE_LU,actual_load,Actual Load,2026-06-23T17:24:51Z
2026-06-23T17:23:48Z,2026-06-23T19:23:48+0200,c51852f0-2285-49e0-9c34-cd4ce69db778,2026-05-23T21:30:00Z,2026-05-23T23:30:00+0200,41974.02573,MW,DE,DE_LU,actual_load,Actual Load,2026-06-23T17:24:51Z
2026-06-23T17:23:48Z,2026-06-23T19:23:48+0200,c51852f0-2285-49e0-9c34-cd4ce69db778,2026-05-23T21:45:00Z,2026-05-23T23:45:00+0200,41546.05477,MW,DE,DE_LU,actual_load,Actual Load,2026-06-23T17:24:51Z
2026-06-23T17:23:48Z,2026-06-23T19:23:48+0200,c51852f0-2285-49e0-9c34-cd4ce69db778,2026-05-23T22:00:00Z,2026-05-24T00:00:00+0200,41080.20566,MW,DE,DE_LU,actual_load,Actual Load,2026-06-23T17:24:51Z
2026-06-23T17:23:48Z,2026-06-23T19:23:48+0200,c51852f0-2285-49e0-9c34-cd4ce69db778,2026-05-23T22:15:00Z,2026-05-24T00:15:00+0200,40386.17713,MW,DE,DE_LU,actual_load,Actual Load,2026-06-23T17:24:51Z
2026-06-23T17:23:48Z,2026-06-23T19:23:48+0200,c51852f0-2285-49e0-9c34-cd4ce69db778,2026-05-23T22:30:00Z,2026-05-24T00:30:00+0200,39995.89924,MW,DE,DE_LU,actual_load,Actual Load,2026-06-23T17:24:51Z
2026-06-23T17:23:48Z,2026-06-23T19:23:48+0200,c51852f0-2285-49e0-9c34-cd4ce69db778,2026-05-23T22:45:00Z,2026-05-24T00:45:00+0200,39478.15043,MW,DE,DE_LU,actual_load,Actual Load,2026-06-23T17:24:51Z
2026-06-23T17:23:48Z,2026-06-23T19:23:48+0200,c51852f0-2285-49e0-9c34-cd4ce69db778,2026-05-23T23:00:00Z,2026-05-24T01:00:00+0200,38884.30254,MW,DE,DE_LU,actual_load,Actual Load,2026-06-23T17:24:51Z
2026-06-23T17:23:48Z,2026-06-23T19:23:48+0200,c51852f0-2285-49e0-9c34-cd4ce69db778,2026-05-23T23:15:00Z,2026-05-24T01:15:00+0200,38646.26953,MW,DE,DE_LU,actual_load,Actual Load,2026-06-23T17:24:51Z
2026-06-23T17:23:48Z,2026-06-23T19:23:48+0200,c51852f0-2285-49e0-9c34-cd4ce69db778,2026-05-23T23:30:00Z,2026-05-24T01:30:00+0200,38435.44854,MW,DE,DE_LU,actual_load,Actual Load,2026-06-23T17:24:51Z
2026-06-23T17:23:48Z,2026-06-23T19:23:48+0200,c51852f0-2285-49e0-9c34-cd4ce69db778,2026-05-23T23:45:00Z,2026-05-24T01:45:00+0200,38112.16822,MW,DE,DE_LU,actual_load,Actual Load,2026-06-23T17:24:51Z
2026-06-23T17:23:48Z,2026-06-23T19:23:48+0200,c51852f0-2285-49e0-9c34-cd4ce69db778,2026-05-24T00:00:00Z,2026-05-24T02:00:00+0200,37302.19394,MW,DE,DE_LU,actual_load,Actual Load,2026-06-23T17:24:51Z
2026-06-23T17:23:48Z,2026-06-23T19:23:48+0200,c51852f0-2285-49e0-9c34-cd4ce69db778,2026-05-24T00:15:00Z,2026-05-24T02:15:00+0200,37280.71537,MW,DE,DE_LU,actual_load,Actual Load,2026-06-23T17:24:51Z
2026-06-23T17:23:48Z,2026-06-23T19:23:48+0200,c51852f0-2285-49e0-9c34-cd4ce69db778,2026-05-24T00:30:00Z,2026-05-24T02:30:00+0200,37126.34446,MW,DE,DE_LU,actual_load,Actual Load,2026-06-23T17:24:51Z
2026-06-23T17:23:48Z,2026-06-23T19:23:48+0200,c51852f0-2285-49e0-9c34-cd4ce69db778,2026-05-24T00:45:00Z,2026-05-24T02:45:00+0200,36961.89656,MW,DE,DE_LU,actual_load,Actual Load,2026-06-23T17:24:51Z
2026-06-23T17:23:48Z,2026-06-23T19:23:48+0200,c51852f0-2285-49e0-9c34-cd4ce69db778,2026-05-24T01:00:00Z,2026-05-24T03:00:00+0200,36933.37484,MW,DE,DE_LU,actual_load,Actual Load,2026-06-23T17:24:51Z
2026-06-23T17:23:48Z,2026-06-23T19:23:48+0200,c51852f0-2285-49e0-9c34-cd4ce69db778,2026-05-24T01:15:00Z,2026-05-24T03:15:00+0200,36876.2398,MW,DE,DE_LU,actual_load,Actual Load,2026-06-23T17:24:51Z
2026-06-23T17:23:48Z,2026-06-23T19:23:48+0200,c51852f0-2285-49e0-9c34-cd4ce69db778,2026-05-24T01:30:00Z,2026-05-24T03:30:00+0200,36836.53491,MW,DE,DE_LU,actual_load,Actual Load,2026-06-23T17:24:51Z
2026-06-23T17:23:48Z,2026-06-23T19:23:48+0200,c51852f0-2285-49e0-9c34-cd4ce69db778,2026-05-24T01:45:00Z,2026-05-24T03:45:00+0200,36747.04606,MW,DE,DE_LU,actual_load,Actual Load,2026-06-23T17:24:51Z
2026-06-23T17:23:48Z,2026-06-23T19:23:48+0200,c51852f0-2285-49e0-9c34-cd4ce69db778,2026-05-24T02:00:00Z,2026-05-24T04:00:00+0200,36570.52272,MW,DE,DE_LU,actual_load,Actual Load,2026-06-23T17:24:51Z
2026-06-23T17:23:48Z,2026-06-23T19:23:48+0200,c51852f0-2285-49e0-9c34-cd4ce69db778,2026-05-24T02:15:00Z,2026-05-24T04:15:00+0200,36430.22759,MW,DE,DE_LU,actual_load,Actual Load,2026-06-23T17:24:51Z
2026-06-23T17:23:48Z,2026-06-23T19:23:48+0200,c51852f0-2285-49e0-9c34-cd4ce69db778,2026-05-24T02:30:00Z,2026-05-24T04:30:00+0200,36812.79199,MW,DE,DE_LU,actual_load,Actual Load,2026-06-23T17:24:51Z
2026-06-23T17:23:48Z,2026-06-23T19:23:48+0200,c51852f0-2285-49e0-9c34-cd4ce69db778,2026-05-24T02:45:00Z,2026-05-24T04:45:00+0200,37306.28512,MW,DE,DE_LU,actual_load,Actual Load,2026-06-23T17:24:51Z
2026-06-23T17:23:48Z,2026-06-23T19:23:48+0200,c51852f0-2285-49e0-9c34-cd4ce69db778,2026-05-24T03:00:00Z,2026-05-24T05:00:00+0200,37170.45766,MW,DE,DE_LU,actual_load,Actual Load,2026-06-23T17:24:51Z
2026-06-23T17:23:48Z,2026-06-23T19:23:48+0200,c51852f0-2285-49e0-9c34-cd4ce69db778,2026-05-24T03:15:00Z,2026-05-24T05:15:00+0200,36929.96438,MW,DE,DE_LU,actual_load,Actual Load,2026-06-23T17:24:51Z
2026-06-23T17:23:48Z,2026-06-23T19:23:48+0200,c51852f0-2285-49e0-9c34-cd4ce69db778,2026-05-24T03:30:00Z,2026-05-24T05:30:00+0200,36617.62489,MW,DE,DE_LU,actual_load,Actual Load,2026-06-23T17:24:51Z
2026-06-23T17:23:48Z,2026-06-23T19:23:48+0200,c51852f0-2285-49e0-9c34-cd4ce69db778,2026-05-24T03:45:00Z,2026-05-24T05:45:00+0200,36411.5879,MW,DE,DE_LU,actual_load,Actual Load,2026-06-23T17:24:51Z
2026-06-23T17:23:48Z,2026-06-23T19:23:48+0200,c51852f0-2285-49e0-9c34-cd4ce69db778,2026-05-24T04:00:00Z,2026-05-24T06:00:00+0200,36332.339,MW,DE,DE_LU,actual_load,Actual Load,2026-06-23T17:24:51Z
2026-06-23T17:23:48Z,2026-06-23T19:23:48+0200,c51852f0-2285-49e0-9c34-cd4ce69db778,2026-05-24T04:15:00Z,2026-05-24T06:15:00+0200,36388.10547,MW,DE,DE_LU,actual_load,Actual Load,2026-06-23T17:24:51Z
2026-06-23T17:23:48Z,2026-06-23T19:23:48+0200,c51852f0-2285-49e0-9c34-cd4ce69db778,2026-05-24T04:30:00Z,2026-05-24T06:30:00+0200,36631.52998,MW,DE,DE_LU,actual_load,Actual Load,2026-06-23T17:24:51Z
2026-06-23T17:23:48Z,2026-06-23T19:23:48+0200,c51852f0-2285-49e0-9c34-cd4ce69db778,2026-05-24T04:45:00Z,2026-05-24T06:45:00+0200,36855.71885,MW,DE,DE_LU,actual_load,Actual Load,2026-06-23T17:24:51Z
2026-06-23T17:23:48Z,2026-06-23T19:23:48+0200,c51852f0-2285-49e0-9c34-cd4ce69db778,2026-05-24T05:00:00Z,2026-05-24T07:00:00+0200,37046.08145,MW,DE,DE_LU,actual_load,Actual Load,2026-06-23T17:24:51Z
2026-06-23T17:23:48Z,2026-06-23T19:23:48+0200,c51852f0-2285-49e0-9c34-cd4ce69db778,2026-05-24T05:15:00Z,2026-05-24T07:15:00+0200,37909.31304,MW,DE,DE_LU,actual_load,Actual Load,2026-06-23T17:24:51Z
2026-06-23T17:23:48Z,2026-06-23T19:23:48+0200,c51852f0-2285-49e0-9c34-cd4ce69db778,2026-05-24T05:30:00Z,2026-05-24T07:30:00+0200,38737.13135,MW,DE,DE_LU,actual_load,Actual Load,2026-06-23T17:24:51Z
2026-06-23T17:23:48Z,2026-06-23T19:23:48+0200,c51852f0-2285-49e0-9c34-cd4ce69db778,2026-05-24T05:45:00Z,2026-05-24T07:45:00+0200,39669.95223,MW,DE,DE_LU,actual_load,Actual Load,2026-06-23T17:24:51Z
2026-06-23T17:23:48Z,2026-06-23T19:23:48+0200,c51852f0-2285-49e0-9c34-cd4ce69db778,2026-05-24T06:00:00Z,2026-05-24T08:00:00+0200,39867.24247,MW,DE,DE_LU,actual_load,Actual Load,2026-06-23T17:24:51Z
2026-06-23T17:23:48Z,2026-06-23T19:23:48+0200,c51852f0-2285-49e0-9c34-cd4ce69db778,2026-05-24T06:15:00Z,2026-05-24T08:15:00+0200,40169.20946,MW,DE,DE_LU,actual_load,Actual Load,2026-06-23T17:24:51Z
2026-06-23T17:23:48Z,2026-06-23T19:23:48+0200,c51852f0-2285-49e0-9c34-cd4ce69db778,2026-05-24T06:30:00Z,2026-05-24T08:30:00+0200,40689.60495,MW,DE,DE_LU,actual_load,Actual Load,2026-06-23T17:24:51Z
2026-06-23T17:23:48Z,2026-06-23T19:23:48+0200,c51852f0-2285-49e0-9c34-cd4ce69db778,2026-05-24T06:45:00Z,2026-05-24T08:45:00+0200,41012.29272,MW,DE,DE_LU,actual_load,Actual Load,2026-06-23T17:24:51Z
2026-06-23T17:23:48Z,2026-06-23T19:23:48+0200,c51852f0-2285-49e0-9c34-cd4ce69db778,2026-05-24T07:00:00Z,2026-05-24T09:00:00+0200,40361.20156,MW,DE,DE_LU,actual_load,Actual Load,2026-06-23T17:24:51Z
2026-06-23T17:23:48Z,2026-06-23T19:23:48+0200,c51852f0-2285-49e0-9c34-cd4ce69db778,2026-05-24T07:15:00Z,2026-05-24T09:15:00+0200,40853.50474,MW,DE,DE_LU,actual_load,Actual Load,2026-06-23T17:24:51Z
2026-06-23T17:23:48Z,2026-06-23T19:23:48+0200,c51852f0-2285-49e0-9c34-cd4ce69db778,2026-05-24T07:30:00Z,2026-05-24T09:30:00+0200,41396.83886,MW,DE,DE_LU,actual_load,Actual Load,2026-06-23T17:24:51Z
2026-06-23T17:23:48Z,2026-06-23T19:23:48+0200,c51852f0-2285-49e0-9c34-cd4ce69db778,2026-05-24T07:45:00Z,2026-05-24T09:45:00+0200,41641.84638,MW,DE,DE_LU,actual_load,Actual Load,2026-06-23T17:24:51Z
2026-06-23T17:23:48Z,2026-06-23T19:23:48+0200,c51852f0-2285-49e0-9c34-cd4ce69db778,2026-05-24T08:00:00Z,2026-05-24T10:00:00+0200,41533.73074,MW,DE,DE_LU,actual_load,Actual Load,2026-06-23T17:24:51Z
2026-06-23T17:23:48Z,2026-06-23T19:23:48+0200,c51852f0-2285-49e0-9c34-cd4ce69db778,2026-05-24T08:15:00Z,2026-05-24T10:15:00+0200,41057.84888,MW,DE,DE_LU,actual_load,Actual Load,2026-06-23T17:24:51Z
2026-06-23T17:23:48Z,2026-06-23T19:23:48+0200,c51852f0-2285-49e0-9c34-cd4ce69db778,2026-05-24T08:30:00Z,2026-05-24T10:30:00+0200,41850.44965,MW,DE,DE_LU,actual_load,Actual Load,2026-06-23T17:24:51Z
2026-06-23T17:23:48Z,2026-06-23T19:23:48+0200,c51852f0-2285-49e0-9c34-cd4ce69db778,2026-05-24T08:45:00Z,2026-05-24T10:45:00+0200,41954.88884,MW,DE,DE_LU,actual_load,Actual Load,2026-06-23T17:24:51Z
2026-06-23T17:23:48Z,2026-06-23T19:23:48+0200,c51852f0-2285-49e0-9c34-cd4ce69db778,2026-05-24T09:00:00Z,2026-05-24T11:00:00+0200,41596.16683,MW,DE,DE_LU,actual_load,Actual Load,2026-06-23T17:24:51Z
2026-06-23T17:23:48Z,2026-06-23T19:23:48+0200,c51852f0-2285-49e0-9c34-cd4ce69db778,2026-05-24T09:15:00Z,2026-05-24T11:15:00+0200,42120.24341,MW,DE,DE_LU,actual_load,Actual Load,2026-06-23T17:24:51Z
2026-06-23T17:23:48Z,2026-06-23T19:23:48+0200,c51852f0-2285-49e0-9c34-cd4ce69db778,2026-05-24T09:30:00Z,2026-05-24T11:30:00+0200,42073.57016,MW,DE,DE_LU,actual_load,Actual Load,2026-06-23T17:24:51Z
2026-06-23T17:23:48Z,2026-06-23T19:23:48+0200,c51852f0-2285-49e0-9c34-cd4ce69db778,2026-05-24T09:45:00Z,2026-05-24T11:45:00+0200,41758.62908,MW,DE,DE_LU,actual_load,Actual Load,2026-06-23T17:24:51Z
2026-06-23T17:23:48Z,2026-06-23T19:23:48+0200,c51852f0-2285-49e0-9c34-cd4ce69db778,2026-05-24T10:00:00Z,2026-05-24T12:00:00+0200,41897.02994,MW,DE,DE_LU,actual_load,Actual Load,2026-06-23T17:24:51Z
2026-06-23T17:23:48Z,2026-06-23T19:23:48+0200,c51852f0-2285-49e0-9c34-cd4ce69db778,2026-05-24T10:15:00Z,2026-05-24T12:15:00+0200,42005.29115,MW,DE,DE_LU,actual_load,Actual Load,2026-06-23T17:24:51Z
2026-06-23T17:23:48Z,2026-06-23T19:23:48+0200,c51852f0-2285-49e0-9c34-cd4ce69db778,2026-05-24T10:30:00Z,2026-05-24T12:30:00+0200,41425.72777,MW,DE,DE_LU,actual_load,Actual Load,2026-06-23T17:24:51Z
2026-06-23T17:23:48Z,2026-06-23T19:23:48+0200,c51852f0-2285-49e0-9c34-cd4ce69db778,2026-05-24T10:45:00Z,2026-05-24T12:45:00+0200,40916.08492,MW,DE,DE_LU,actual_load,Actual Load,2026-06-23T17:24:51Z
2026-06-23T17:23:48Z,2026-06-23T19:23:48+0200,c51852f0-2285-49e0-9c34-cd4ce69db778,2026-05-24T11:00:00Z,2026-05-24T13:00:00+0200,40828.84932,MW,DE,DE_LU,actual_load,Actual Load,2026-06-23T17:24:51Z
2026-06-23T17:23:48Z,2026-06-23T19:23:48+0200,c51852f0-2285-49e0-9c34-cd4ce69db778,2026-05-24T11:15:00Z,2026-05-24T13:15:00+0200,40864.74735,MW,DE,DE_LU,actual_load,Actual Load,2026-06-23T17:24:51Z
2026-06-23T17:23:48Z,2026-06-23T19:23:48+0200,c51852f0-2285-49e0-9c34-cd4ce69db778,2026-05-24T11:30:00Z,2026-05-24T13:30:00+0200,40262.74121,MW,DE,DE_LU,actual_load,Actual Load,2026-06-23T17:24:51Z
2026-06-23T17:23:48Z,2026-06-23T19:23:48+0200,c51852f0-2285-49e0-9c34-cd4ce69db778,2026-05-24T11:45:00Z,2026-05-24T13:45:00+0200,39865.46452,MW,DE,DE_LU,actual_load,Actual Load,2026-06-23T17:24:51Z
2026-06-23T17:23:48Z,2026-06-23T19:23:48+0200,c51852f0-2285-49e0-9c34-cd4ce69db778,2026-05-24T12:00:00Z,2026-05-24T14:00:00+0200,39070.16334,MW,DE,DE_LU,actual_load,Actual Load,2026-06-23T17:24:51Z
2026-06-23T17:23:48Z,2026-06-23T19:23:48+0200,c51852f0-2285-49e0-9c34-cd4ce69db778,2026-05-24T12:15:00Z,2026-05-24T14:15:00+0200,38789.43328,MW,DE,DE_LU,actual_load,Actual Load,2026-06-23T17:24:51Z
2026-06-23T17:23:48Z,2026-06-23T19:23:48+0200,c51852f0-2285-49e0-9c34-cd4ce69db778,2026-05-24T12:30:00Z,2026-05-24T14:30:00+0200,38360.40536,MW,DE,DE_LU,actual_load,Actual Load,2026-06-23T17:24:51Z
2026-06-23T17:23:48Z,2026-06-23T19:23:48+0200,c51852f0-2285-49e0-9c34-cd4ce69db778,2026-05-24T12:45:00Z,2026-05-24T14:45:00+0200,37452.09295,MW,DE,DE_LU,actual_load,Actual Load,2026-06-23T17:24:51Z
2026-06-23T17:23:48Z,2026-06-23T19:23:48+0200,c51852f0-2285-49e0-9c34-cd4ce69db778,2026-05-24T13:00:00Z,2026-05-24T15:00:00+0200,37692.97871,MW,DE,DE_LU,actual_load,Actual Load,2026-06-23T17:24:51Z
2026-06-23T17:23:48Z,2026-06-23T19:23:48+0200,c51852f0-2285-49e0-9c34-cd4ce69db778,2026-05-24T13:15:00Z,2026-05-24T15:15:00+0200,37387.9644,MW,DE,DE_LU,actual_load,Actual Load,2026-06-23T17:24:51Z
2026-06-23T17:23:48Z,2026-06-23T19:23:48+0200,c51852f0-2285-49e0-9c34-cd4ce69db778,2026-05-24T13:30:00Z,2026-05-24T15:30:00+0200,36997.47502,MW,DE,DE_LU,actual_load,Actual Load,2026-06-23T17:24:51Z
2026-06-23T17:23:48Z,2026-06-23T19:23:48+0200,c51852f0-2285-49e0-9c34-cd4ce69db778,2026-05-24T13:45:00Z,2026-05-24T15:45:00+0200,37163.34012,MW,DE,DE_LU,actual_load,Actual Load,2026-06-23T17:24:51Z
2026-06-23T17:23:48Z,2026-06-23T19:23:48+0200,c51852f0-2285-49e0-9c34-cd4ce69db778,2026-05-24T14:00:00Z,2026-05-24T16:00:00+0200,38066.24946,MW,DE,DE_LU,actual_load,Actual Load,2026-06-23T17:24:51Z
2026-06-23T17:23:48Z,2026-06-23T19:23:48+0200,c51852f0-2285-49e0-9c34-cd4ce69db778,2026-05-24T14:15:00Z,2026-05-24T16:15:00+0200,38254.56006,MW,DE,DE_LU,actual_load,Actual Load,2026-06-23T17:24:51Z
2026-06-23T17:23:48Z,2026-06-23T19:23:48+0200,c51852f0-2285-49e0-9c34-cd4ce69db778,2026-05-24T14:30:00Z,2026-05-24T16:30:00+0200,37787.10392,MW,DE,DE_LU,actual_load,Actual Load,2026-06-23T17:24:51Z
2026-06-23T17:23:48Z,2026-06-23T19:23:48+0200,c51852f0-2285-49e0-9c34-cd4ce69db778,2026-05-24T14:45:00Z,2026-05-24T16:45:00+0200,37297.6471,MW,DE,DE_LU,actual_load,Actual Load,2026-06-23T17:24:51Z
2026-06-23T17:23:48Z,2026-06-23T19:23:48+0200,c51852f0-2285-49e0-9c34-cd4ce69db778,2026-05-24T15:00:00Z,2026-05-24T17:00:00+0200,38450.50199,MW,DE,DE_LU,actual_load,Actual Load,2026-06-23T17:24:51Z
2026-06-23T17:23:48Z,2026-06-23T19:23:48+0200,c51852f0-2285-49e0-9c34-cd4ce69db778,2026-05-24T15:15:00Z,2026-05-24T17:15:00+0200,38736.42563,MW,DE,DE_LU,actual_load,Actual Load,2026-06-23T17:24:51Z
2026-06-23T17:23:48Z,2026-06-23T19:23:48+0200,c51852f0-2285-49e0-9c34-cd4ce69db778,2026-05-24T15:30:00Z,2026-05-24T17:30:00+0200,39622.37762,MW,DE,DE_LU,actual_load,Actual Load,2026-06-23T17:24:51Z
2026-06-23T17:23:48Z,2026-06-23T19:23:48+0200,c51852f0-2285-49e0-9c34-cd4ce69db778,2026-05-24T15:45:00Z,2026-05-24T17:45:00+0200,40391.06391,MW,DE,DE_LU,actual_load,Actual Load,2026-06-23T17:24:51Z
2026-06-23T17:23:48Z,2026-06-23T19:23:48+0200,c51852f0-2285-49e0-9c34-cd4ce69db778,2026-05-24T16:00:00Z,2026-05-24T18:00:00+0200,41322.96199,MW,DE,DE_LU,actual_load,Actual Load,2026-06-23T17:24:51Z
2026-06-23T17:23:48Z,2026-06-23T19:23:48+0200,c51852f0-2285-49e0-9c34-cd4ce69db778,2026-05-24T16:15:00Z,2026-05-24T18:15:00+0200,41921.25854,MW,DE,DE_LU,actual_load,Actual Load,2026-06-23T17:24:51Z
2026-06-23T17:23:48Z,2026-06-23T19:23:48+0200,c51852f0-2285-49e0-9c34-cd4ce69db778,2026-05-24T16:30:00Z,2026-05-24T18:30:00+0200,42463.67561,MW,DE,DE_LU,actual_load,Actual Load,2026-06-23T17:24:51Z
2026-06-23T17:23:48Z,2026-06-23T19:23:48+0200,c51852f0-2285-49e0-9c34-cd4ce69db778,2026-05-24T16:45:00Z,2026-05-24T18:45:00+0200,43881.45095,MW,DE,DE_LU,actual_load,Actual Load,2026-06-23T17:24:51Z
2026-06-23T17:23:48Z,2026-06-23T19:23:48+0200,c51852f0-2285-49e0-9c34-cd4ce69db778,2026-05-24T17:00:00Z,2026-05-24T19:00:00+0200,44503.92618,MW,DE,DE_LU,actual_load,Actual Load,2026-06-23T17:24:51Z
2026-06-23T17:23:48Z,2026-06-23T19:23:48+0200,c51852f0-2285-49e0-9c34-cd4ce69db778,2026-05-24T17:15:00Z,2026-05-24T19:15:00+0200,45272.36804,MW,DE,DE_LU,actual_load,Actual Load,2026-06-23T17:24:51Z
2026-06-23T17:23:48Z,2026-06-23T19:23:48+0200,c51852f0-2285-49e0-9c34-cd4ce69db778,2026-05-24T17:30:00Z,2026-05-24T19:30:00+0200,45822.49331,MW,DE,DE_LU,actual_load,Actual Load,2026-06-23T17:24:51Z
2026-06-23T17:23:48Z,2026-06-23T19:23:48+0200,c51852f0-2285-49e0-9c34-cd4ce69db778,2026-05-24T17:45:00Z,2026-05-24T19:45:00+0200,45452.81247,MW,DE,DE_LU,actual_load,Actual Load,2026-06-23T17:24:51Z
2026-06-23T17:23:48Z,2026-06-23T19:23:48+0200,c51852f0-2285-49e0-9c34-cd4ce69db778,2026-05-24T18:00:00Z,2026-05-24T20:00:00+0200,46159.82914,MW,DE,DE_LU,actual_load,Actual Load,2026-06-23T17:24:51Z
2026-06-23T17:23:48Z,2026-06-23T19:23:48+0200,c51852f0-2285-49e0-9c34-cd4ce69db778,2026-05-24T18:15:00Z,2026-05-24T20:15:00+0200,45925.96167,MW,DE,DE_LU,actual_load,Actual Load,2026-06-23T17:24:51Z
2026-06-23T17:23:48Z,2026-06-23T19:23:48+0200,c51852f0-2285-49e0-9c34-cd4ce69db778,2026-05-24T18:30:00Z,2026-05-24T20:30:00+0200,45318.36557,MW,DE,DE_LU,actual_load,Actual Load,2026-06-23T17:24:51Z
2026-06-23T17:23:48Z,2026-06-23T19:23:48+0200,c51852f0-2285-49e0-9c34-cd4ce69db778,2026-05-24T18:45:00Z,2026-05-24T20:45:00+0200,44655.56882,MW,DE,DE_LU,actual_load,Actual Load,2026-06-23T17:24:51Z
2026-06-23T17:23:48Z,2026-06-23T19:23:48+0200,c51852f0-2285-49e0-9c34-cd4ce69db778,2026-05-24T19:00:00Z,2026-05-24T21:00:00+0200,45028.74746,MW,DE,DE_LU,actual_load,Actual Load,2026-06-23T17:24:51Z
2026-06-23T17:23:48Z,2026-06-23T19:23:48+0200,c51852f0-2285-49e0-9c34-cd4ce69db778,2026-05-24T19:15:00Z,2026-05-24T21:15:00+0200,45148.38669,MW,DE,DE_LU,actual_load,Actual Load,2026-06-23T17:24:51Z
2026-06-23T17:23:48Z,2026-06-23T19:23:48+0200,c51852f0-2285-49e0-9c34-cd4ce69db778,2026-05-24T19:30:00Z,2026-05-24T21:30:00+0200,45581.66028,MW,DE,DE_LU,actual_load,Actual Load,2026-06-23T17:24:51Z
2026-06-23T17:23:48Z,2026-06-23T19:23:48+0200,c51852f0-2285-49e0-9c34-cd4ce69db778,2026-05-24T19:45:00Z,2026-05-24T21:45:00+0200,45495.24443,MW,DE,DE_LU,actual_load,Actual Load,2026-06-23T17:24:51Z
2026-06-23T17:23:48Z,2026-06-23T19:23:48+0200,c51852f0-2285-49e0-9c34-cd4ce69db778,2026-05-24T20:00:00Z,2026-05-24T22:00:00+0200,44913.37034,MW,DE,DE_LU,actual_load,Actual Load,2026-06-23T17:24:51Z
2026-06-23T17:23:48Z,2026-06-23T19:23:48+0200,c51852f0-2285-49e0-9c34-cd4ce69db778,2026-05-24T20:15:00Z,2026-05-24T22:15:00+0200,44693.41686,MW,DE,DE_LU,actual_load,Actual Load,2026-06-23T17:24:51Z
2026-06-23T17:23:48Z,2026-06-23T19:23:48+0200,c51852f0-2285-49e0-9c34-cd4ce69db778,2026-05-24T20:30:00Z,2026-05-24T22:30:00+0200,44113.97818,MW,DE,DE_LU,actual_load,Actual Load,2026-06-23T17:24:51Z
2026-06-23T17:23:48Z,2026-06-23T19:23:48+0200,c51852f0-2285-49e0-9c34-cd4ce69db778,2026-05-24T20:45:00Z,2026-05-24T22:45:00+0200,43711.24094,MW,DE,DE_LU,actual_load,Actual Load,2026-06-23T17:24:51Z
2026-06-23T17:23:48Z,2026-06-23T19:23:48+0200,c51852f0-2285-49e0-9c34-cd4ce69db778,2026-05-24T21:00:00Z,2026-05-24T23:00:00+0200,42859.9608,MW,DE,DE_LU,actual_load,Actual Load,2026-06-23T17:24:51Z
2026-06-23T17:23:48Z,2026-06-23T19:23:48+0200,c51852f0-2285-49e0-9c34-cd4ce69db778,2026-05-24T21:15:00Z,2026-05-24T23:15:00+0200,42469.16171,MW,DE,DE_LU,actual_load,Actual Load,2026-06-23T17:24:51Z
2026-06-23T17:23:48Z,2026-06-23T19:23:48+0200,c51852f0-2285-49e0-9c34-cd4ce69db778,2026-05-24T21:30:00Z,2026-05-24T23:30:00+0200,41802.32616,MW,DE,DE_LU,actual_load,Actual Load,2026-06-23T17:24:51Z
2026-06-23T17:23:48Z,2026-06-23T19:23:48+0200,c51852f0-2285-49e0-9c34-cd4ce69db778,2026-05-24T21:45:00Z,2026-05-24T23:45:00+0200,41175.7214,MW,DE,DE_LU,actual_load,Actual Load,2026-06-23T17:24:51Z
2026-06-23T17:23:48Z,2026-06-23T19:23:48+0200,c51852f0-2285-49e0-9c34-cd4ce69db778,2026-05-24T22:00:00Z,2026-05-25T00:00:00+0200,40432.31676,MW,DE,DE_LU,actual_load,Actual Load,2026-06-23T17:24:51Z
2026-06-23T17:23:48Z,2026-06-23T19:23:48+0200,c51852f0-2285-49e0-9c34-cd4ce69db778,2026-05-24T22:15:00Z,2026-05-25T00:15:00+0200,39780.13767,MW,DE,DE_LU,actual_load,Actual Load,2026-06-23T17:24:51Z
2026-06-23T17:23:48Z,2026-06-23T19:23:48+0200,c51852f0-2285-49e0-9c34-cd4ce69db778,2026-05-24T22:30:00Z,2026-05-25T00:30:00+0200,39506.89738,MW,DE,DE_LU,actual_load,Actual Load,2026-06-23T17:24:51Z
2026-06-23T17:23:48Z,2026-06-23T19:23:48+0200,c51852f0-2285-49e0-9c34-cd4ce69db778,2026-05-24T22:45:00Z,2026-05-25T00:45:00+0200,39186.47275,MW,DE,DE_LU,actual_load,Actual Load,2026-06-23T17:24:51Z
2026-06-23T17:23:48Z,2026-06-23T19:23:48+0200,c51852f0-2285-49e0-9c34-cd4ce69db778,2026-05-24T23:00:00Z,2026-05-25T01:00:00+0200,38497.84695,MW,DE,DE_LU,actual_load,Actual Load,2026-06-23T17:24:51Z
2026-06-23T17:23:48Z,2026-06-23T19:23:48+0200,c51852f0-2285-49e0-9c34-cd4ce69db778,2026-05-24T23:15:00Z,2026-05-25T01:15:00+0200,38097.08924,MW,DE,DE_LU,actual_load,Actual Load,2026-06-23T17:24:51Z
2026-06-23T17:23:48Z,2026-06-23T19:23:48+0200,c51852f0-2285-49e0-9c34-cd4ce69db778,2026-05-24T23:30:00Z,2026-05-25T01:30:00+0200,37721.04944,MW,DE,DE_LU,actual_load,Actual Load,2026-06-23T17:24:51Z
2026-06-23T17:23:48Z,2026-06-23T19:23:48+0200,c51852f0-2285-49e0-9c34-cd4ce69db778,2026-05-24T23:45:00Z,2026-05-25T01:45:00+0200,37624.61659,MW,DE,DE_LU,actual_load,Actual Load,2026-06-23T17:24:51Z
2026-06-23T17:23:48Z,2026-06-23T19:23:48+0200,c51852f0-2285-49e0-9c34-cd4ce69db778,2026-05-25T00:00:00Z,2026-05-25T02:00:00+0200,37399.71164,MW,DE,DE_LU,actual_load,Actual Load,2026-06-23T17:24:51Z
2026-06-23T17:23:48Z,2026-06-23T19:23:48+0200,c51852f0-2285-49e0-9c34-cd4ce69db778,2026-05-25T00:15:00Z,2026-05-25T02:15:00+0200,37306.08165,MW,DE,DE_LU,actual_load,Actual Load,2026-06-23T17:24:51Z
2026-06-23T17:23:48Z,2026-06-23T19:23:48+0200,c51852f0-2285-49e0-9c34-cd4ce69db778,2026-05-25T00:30:00Z,2026-05-25T02:30:00+0200,36985.84968,MW,DE,DE_LU,actual_load,Actual Load,2026-06-23T17:24:51Z
2026-06-23T17:23:48Z,2026-06-23T19:23:48+0200,c51852f0-2285-49e0-9c34-cd4ce69db778,2026-05-25T00:45:00Z,2026-05-25T02:45:00+0200,36839.90262,MW,DE,DE_LU,actual_load,Actual Load,2026-06-23T17:24:51Z
2026-06-23T17:23:48Z,2026-06-23T19:23:48+0200,c51852f0-2285-49e0-9c34-cd4ce69db778,2026-05-25T01:00:00Z,2026-05-25T03:00:00+0200,36587.38385,MW,DE,DE_LU,actual_load,Actual Load,2026-06-23T17:24:51Z
2026-06-23T17:23:48Z,2026-06-23T19:23:48+0200,c51852f0-2285-49e0-9c34-cd4ce69db778,2026-05-25T01:15:00Z,2026-05-25T03:15:00+0200,36462.78665,MW,DE,DE_LU,actual_load,Actual Load,2026-06-23T17:24:51Z
2026-06-23T17:23:48Z,2026-06-23T19:23:48+0200,c51852f0-2285-49e0-9c34-cd4ce69db778,2026-05-25T01:30:00Z,2026-05-25T03:30:00+0200,36830.49209,MW,DE,DE_LU,actual_load,Actual Load,2026-06-23T17:24:51Z
2026-06-23T17:23:48Z,2026-06-23T19:23:48+0200,c51852f0-2285-49e0-9c34-cd4ce69db778,2026-05-25T01:45:00Z,2026-05-25T03:45:00+0200,36815.81819,MW,DE,DE_LU,actual_load,Actual Load,2026-06-23T17:24:51Z
2026-06-23T17:23:48Z,2026-06-23T19:23:48+0200,c51852f0-2285-49e0-9c34-cd4ce69db778,2026-05-25T02:00:00Z,2026-05-25T04:00:00+0200,36497.47936,MW,DE,DE_LU,actual_load,Actual Load,2026-06-23T17:24:51Z
2026-06-23T17:23:48Z,2026-06-23T19:23:48+0200,c51852f0-2285-49e0-9c34-cd4ce69db778,2026-05-25T02:15:00Z,2026-05-25T04:15:00+0200,36869.7506,MW,DE,DE_LU,actual_load,Actual Load,2026-06-23T17:24:51Z
2026-06-23T17:23:48Z,2026-06-23T19:23:48+0200,c51852f0-2285-49e0-9c34-cd4ce69db778,2026-05-25T02:30:00Z,2026-05-25T04:30:00+0200,37198.95584,MW,DE,DE_LU,actual_load,Actual Load,2026-06-23T17:24:51Z
2026-06-23T17:23:48Z,2026-06-23T19:23:48+0200,c51852f0-2285-49e0-9c34-cd4ce69db778,2026-05-25T02:45:00Z,2026-05-25T04:45:00+0200,36915.32831,MW,DE,DE_LU,actual_load,Actual Load,2026-06-23T17:24:51Z
2026-06-23T17:23:48Z,2026-06-23T19:23:48+0200,c51852f0-2285-49e0-9c34-cd4ce69db778,2026-05-25T03:00:00Z,2026-05-25T05:00:00+0200,37242.64519,MW,DE,DE_LU,actual_load,Actual Load,2026-06-23T17:24:51Z
2026-06-23T17:23:48Z,2026-06-23T19:23:48+0200,c51852f0-2285-49e0-9c34-cd4ce69db778,2026-05-25T03:15:00Z,2026-05-25T05:15:00+0200,36945.67641,MW,DE,DE_LU,actual_load,Actual Load,2026-06-23T17:24:51Z
2026-06-23T17:23:48Z,2026-06-23T19:23:48+0200,c51852f0-2285-49e0-9c34-cd4ce69db778,2026-05-25T03:30:00Z,2026-05-25T05:30:00+0200,36936.65402,MW,DE,DE_LU,actual_load,Actual Load,2026-06-23T17:24:51Z
2026-06-23T17:23:48Z,2026-06-23T19:23:48+0200,c51852f0-2285-49e0-9c34-cd4ce69db778,2026-05-25T03:45:00Z,2026-05-25T05:45:00+0200,37471.3806,MW,DE,DE_LU,actual_load,Actual Load,2026-06-23T17:24:51Z
2026-06-23T17:23:48Z,2026-06-23T19:23:48+0200,c51852f0-2285-49e0-9c34-cd4ce69db778,2026-05-25T04:00:00Z,2026-05-25T06:00:00+0200,37463.72024,MW,DE,DE_LU,actual_load,Actual Load,2026-06-23T17:24:51Z
2026-06-23T17:23:48Z,2026-06-23T19:23:48+0200,c51852f0-2285-49e0-9c34-cd4ce69db778,2026-05-25T04:15:00Z,2026-05-25T06:15:00+0200,37942.27416,MW,DE,DE_LU,actual_load,Actual Load,2026-06-23T17:24:51Z
2026-06-23T17:23:48Z,2026-06-23T19:23:48+0200,c51852f0-2285-49e0-9c34-cd4ce69db778,2026-05-25T04:30:00Z,2026-05-25T06:30:00+0200,38603.22457,MW,DE,DE_LU,actual_load,Actual Load,2026-06-23T17:24:51Z
2026-06-23T17:23:48Z,2026-06-23T19:23:48+0200,c51852f0-2285-49e0-9c34-cd4ce69db778,2026-05-25T04:45:00Z,2026-05-25T06:45:00+0200,39006.2344,MW,DE,DE_LU,actual_load,Actual Load,2026-06-23T17:24:51Z
2026-06-23T17:23:48Z,2026-06-23T19:23:48+0200,c51852f0-2285-49e0-9c34-cd4ce69db778,2026-05-25T05:00:00Z,2026-05-25T07:00:00+0200,38616.75864,MW,DE,DE_LU,actual_load,Actual Load,2026-06-23T17:24:51Z
2026-06-23T17:23:48Z,2026-06-23T19:23:48+0200,c51852f0-2285-49e0-9c34-cd4ce69db778,2026-05-25T05:15:00Z,2026-05-25T07:15:00+0200,38923.37496,MW,DE,DE_LU,actual_load,Actual Load,2026-06-23T17:24:51Z
2026-06-23T17:23:48Z,2026-06-23T19:23:48+0200,c51852f0-2285-49e0-9c34-cd4ce69db778,2026-05-25T05:30:00Z,2026-05-25T07:30:00+0200,39499.54583,MW,DE,DE_LU,actual_load,Actual Load,2026-06-23T17:24:51Z
2026-06-23T17:23:48Z,2026-06-23T19:23:48+0200,c51852f0-2285-49e0-9c34-cd4ce69db778,2026-05-25T05:45:00Z,2026-05-25T07:45:00+0200,39729.12624,MW,DE,DE_LU,actual_load,Actual Load,2026-06-23T17:24:51Z
2026-06-23T17:23:48Z,2026-06-23T19:23:48+0200,c51852f0-2285-49e0-9c34-cd4ce69db778,2026-05-25T06:00:00Z,2026-05-25T08:00:00+0200,39469.51669,MW,DE,DE_LU,actual_load,Actual Load,2026-06-23T17:24:51Z
2026-06-23T17:23:48Z,2026-06-23T19:23:48+0200,c51852f0-2285-49e0-9c34-cd4ce69db778,2026-05-25T06:15:00Z,2026-05-25T08:15:00+0200,39972.60132,MW,DE,DE_LU,actual_load,Actual Load,2026-06-23T17:24:51Z
2026-06-23T17:23:48Z,2026-06-23T19:23:48+0200,c51852f0-2285-49e0-9c34-cd4ce69db778,2026-05-25T06:30:00Z,2026-05-25T08:30:00+0200,40326.18645,MW,DE,DE_LU,actual_load,Actual Load,2026-06-23T17:24:51Z
2026-06-23T17:23:48Z,2026-06-23T19:23:48+0200,c51852f0-2285-49e0-9c34-cd4ce69db778,2026-05-25T06:45:00Z,2026-05-25T08:45:00+0200,40779.59436,MW,DE,DE_LU,actual_load,Actual Load,2026-06-23T17:24:51Z
2026-06-23T17:23:48Z,2026-06-23T19:23:48+0200,c51852f0-2285-49e0-9c34-cd4ce69db778,2026-05-25T07:00:00Z,2026-05-25T09:00:00+0200,40546.52219,MW,DE,DE_LU,actual_load,Actual Load,2026-06-23T17:24:51Z
2026-06-23T17:23:48Z,2026-06-23T19:23:48+0200,c51852f0-2285-49e0-9c34-cd4ce69db778,2026-05-25T07:15:00Z,2026-05-25T09:15:00+0200,40756.20519,MW,DE,DE_LU,actual_load,Actual Load,2026-06-23T17:24:51Z
2026-06-23T17:23:48Z,2026-06-23T19:23:48+0200,c51852f0-2285-49e0-9c34-cd4ce69db778,2026-05-25T07:30:00Z,2026-05-25T09:30:00+0200,41293.82065,MW,DE,DE_LU,actual_load,Actual Load,2026-06-23T17:24:51Z
2026-06-23T17:23:48Z,2026-06-23T19:23:48+0200,c51852f0-2285-49e0-9c34-cd4ce69db778,2026-05-25T07:45:00Z,2026-05-25T09:45:00+0200,41067.8918,MW,DE,DE_LU,actual_load,Actual Load,2026-06-23T17:24:51Z
2026-06-23T17:23:48Z,2026-06-23T19:23:48+0200,c51852f0-2285-49e0-9c34-cd4ce69db778,2026-05-25T08:00:00Z,2026-05-25T10:00:00+0200,41090.32217,MW,DE,DE_LU,actual_load,Actual Load,2026-06-23T17:24:51Z
2026-06-23T17:23:48Z,2026-06-23T19:23:48+0200,c51852f0-2285-49e0-9c34-cd4ce69db778,2026-05-25T08:15:00Z,2026-05-25T10:15:00+0200,41220.49231,MW,DE,DE_LU,actual_load,Actual Load,2026-06-23T17:24:51Z
2026-06-23T17:23:48Z,2026-06-23T19:23:48+0200,c51852f0-2285-49e0-9c34-cd4ce69db778,2026-05-25T08:30:00Z,2026-05-25T10:30:00+0200,41129.90256,MW,DE,DE_LU,actual_load,Actual Load,2026-06-23T17:24:51Z
2026-06-23T17:23:48Z,2026-06-23T19:23:48+0200,c51852f0-2285-49e0-9c34-cd4ce69db778,2026-05-25T08:45:00Z,2026-05-25T10:45:00+0200,41421.29424,MW,DE,DE_LU,actual_load,Actual Load,2026-06-23T17:24:51Z
2026-06-23T17:23:48Z,2026-06-23T19:23:48+0200,c51852f0-2285-49e0-9c34-cd4ce69db778,2026-05-25T09:00:00Z,2026-05-25T11:00:00+0200,41527.92305,MW,DE,DE_LU,actual_load,Actual Load,2026-06-23T17:24:51Z
2026-06-23T17:23:48Z,2026-06-23T19:23:48+0200,c51852f0-2285-49e0-9c34-cd4ce69db778,2026-05-25T09:15:00Z,2026-05-25T11:15:00+0200,41704.39722,MW,DE,DE_LU,actual_load,Actual Load,2026-06-23T17:24:51Z
2026-06-23T17:23:48Z,2026-06-23T19:23:48+0200,c51852f0-2285-49e0-9c34-cd4ce69db778,2026-05-25T09:30:00Z,2026-05-25T11:30:00+0200,41835.64802,MW,DE,DE_LU,actual_load,Actual Load,2026-06-23T17:24:51Z
2026-06-23T17:23:48Z,2026-06-23T19:23:48+0200,c51852f0-2285-49e0-9c34-cd4ce69db778,2026-05-25T09:45:00Z,2026-05-25T11:45:00+0200,41962.65687,MW,DE,DE_LU,actual_load,Actual Load,2026-06-23T17:24:51Z
2026-06-23T17:23:48Z,2026-06-23T19:23:48+0200,c51852f0-2285-49e0-9c34-cd4ce69db778,2026-05-25T10:00:00Z,2026-05-25T12:00:00+0200,41635.68668,MW,DE,DE_LU,actual_load,Actual Load,2026-06-23T17:24:51Z
2026-06-23T17:23:48Z,2026-06-23T19:23:48+0200,c51852f0-2285-49e0-9c34-cd4ce69db778,2026-05-25T10:15:00Z,2026-05-25T12:15:00+0200,41201.63902,MW,DE,DE_LU,actual_load,Actual Load,2026-06-23T17:24:51Z
2026-06-23T17:23:48Z,2026-06-23T19:23:48+0200,c51852f0-2285-49e0-9c34-cd4ce69db778,2026-05-25T10:30:00Z,2026-05-25T12:30:00+0200,41326.58888,MW,DE,DE_LU,actual_load,Actual Load,2026-06-23T17:24:51Z
2026-06-23T17:23:48Z,2026-06-23T19:23:48+0200,c51852f0-2285-49e0-9c34-cd4ce69db778,2026-05-25T10:45:00Z,2026-05-25T12:45:00+0200,41509.7223,MW,DE,DE_LU,actual_load,Actual Load,2026-06-23T17:24:51Z
2026-06-23T17:23:48Z,2026-06-23T19:23:48+0200,c51852f0-2285-49e0-9c34-cd4ce69db778,2026-05-25T11:00:00Z,2026-05-25T13:00:00+0200,40675.33533,MW,DE,DE_LU,actual_load,Actual Load,2026-06-23T17:24:51Z
2026-06-23T17:23:48Z,2026-06-23T19:23:48+0200,c51852f0-2285-49e0-9c34-cd4ce69db778,2026-05-25T11:15:00Z,2026-05-25T13:15:00+0200,40309.75783,MW,DE,DE_LU,actual_load,Actual Load,2026-06-23T17:24:51Z
2026-06-23T17:23:48Z,2026-06-23T19:23:48+0200,c51852f0-2285-49e0-9c34-cd4ce69db778,2026-05-25T11:30:00Z,2026-05-25T13:30:00+0200,39724.32121,MW,DE,DE_LU,actual_load,Actual Load,2026-06-23T17:24:51Z
2026-06-23T17:23:48Z,2026-06-23T19:23:48+0200,c51852f0-2285-49e0-9c34-cd4ce69db778,2026-05-25T11:45:00Z,2026-05-25T13:45:00+0200,40008.68471,MW,DE,DE_LU,actual_load,Actual Load,2026-06-23T17:24:51Z
2026-06-23T17:23:48Z,2026-06-23T19:23:48+0200,c51852f0-2285-49e0-9c34-cd4ce69db778,2026-05-25T12:00:00Z,2026-05-25T14:00:00+0200,40251.62534,MW,DE,DE_LU,actual_load,Actual Load,2026-06-23T17:24:51Z
2026-06-23T17:23:48Z,2026-06-23T19:23:48+0200,c51852f0-2285-49e0-9c34-cd4ce69db778,2026-05-25T12:15:00Z,2026-05-25T14:15:00+0200,39607.12471,MW,DE,DE_LU,actual_load,Actual Load,2026-06-23T17:24:51Z
2026-06-23T17:23:48Z,2026-06-23T19:23:48+0200,c51852f0-2285-49e0-9c34-cd4ce69db778,2026-05-25T12:30:00Z,2026-05-25T14:30:00+0200,39385.06349,MW,DE,DE_LU,actual_load,Actual Load,2026-06-23T17:24:51Z
2026-06-23T17:23:48Z,2026-06-23T19:23:48+0200,c51852f0-2285-49e0-9c34-cd4ce69db778,2026-05-25T12:45:00Z,2026-05-25T14:45:00+0200,39232.5732,MW,DE,DE_LU,actual_load,Actual Load,2026-06-23T17:24:51Z
2026-06-23T17:23:48Z,2026-06-23T19:23:48+0200,c51852f0-2285-49e0-9c34-cd4ce69db778,2026-05-25T13:00:00Z,2026-05-25T15:00:00+0200,38695.63241,MW,DE,DE_LU,actual_load,Actual Load,2026-06-23T17:24:51Z
2026-06-23T17:23:48Z,2026-06-23T19:23:48+0200,c51852f0-2285-49e0-9c34-cd4ce69db778,2026-05-25T13:15:00Z,2026-05-25T15:15:00+0200,38494.40077,MW,DE,DE_LU,actual_load,Actual Load,2026-06-23T17:24:51Z
2026-06-23T17:23:48Z,2026-06-23T19:23:48+0200,c51852f0-2285-49e0-9c34-cd4ce69db778,2026-05-25T13:30:00Z,2026-05-25T15:30:00+0200,38071.89294,MW,DE,DE_LU,actual_load,Actual Load,2026-06-23T17:24:51Z
2026-06-23T17:23:48Z,2026-06-23T19:23:48+0200,c51852f0-2285-49e0-9c34-cd4ce69db778,2026-05-25T13:45:00Z,2026-05-25T15:45:00+0200,38138.01761,MW,DE,DE_LU,actual_load,Actual Load,2026-06-23T17:24:51Z
2026-06-23T17:23:48Z,2026-06-23T19:23:48+0200,c51852f0-2285-49e0-9c34-cd4ce69db778,2026-05-25T14:00:00Z,2026-05-25T16:00:00+0200,39359.39354,MW,DE,DE_LU,actual_load,Actual Load,2026-06-23T17:24:51Z
2026-06-23T17:23:48Z,2026-06-23T19:23:48+0200,c51852f0-2285-49e0-9c34-cd4ce69db778,2026-05-25T14:15:00Z,2026-05-25T16:15:00+0200,38982.1603,MW,DE,DE_LU,actual_load,Actual Load,2026-06-23T17:24:51Z
2026-06-23T17:23:48Z,2026-06-23T19:23:48+0200,c51852f0-2285-49e0-9c34-cd4ce69db778,2026-05-25T14:30:00Z,2026-05-25T16:30:00+0200,39436.22373,MW,DE,DE_LU,actual_load,Actual Load,2026-06-23T17:24:51Z
2026-06-23T17:23:48Z,2026-06-23T19:23:48+0200,c51852f0-2285-49e0-9c34-cd4ce69db778,2026-05-25T14:45:00Z,2026-05-25T16:45:00+0200,39089.67432,MW,DE,DE_LU,actual_load,Actual Load,2026-06-23T17:24:51Z
2026-06-23T17:23:48Z,2026-06-23T19:23:48+0200,c51852f0-2285-49e0-9c34-cd4ce69db778,2026-05-25T15:00:00Z,2026-05-25T17:00:00+0200,39882.68593,MW,DE,DE_LU,actual_load,Actual Load,2026-06-23T17:24:51Z
2026-06-23T17:23:48Z,2026-06-23T19:23:48+0200,c51852f0-2285-49e0-9c34-cd4ce69db778,2026-05-25T15:15:00Z,2026-05-25T17:15:00+0200,40130.90898,MW,DE,DE_LU,actual_load,Actual Load,2026-06-23T17:24:51Z
2026-06-23T17:23:48Z,2026-06-23T19:23:48+0200,c51852f0-2285-49e0-9c34-cd4ce69db778,2026-05-25T15:30:00Z,2026-05-25T17:30:00+0200,41471.84845,MW,DE,DE_LU,actual_load,Actual Load,2026-06-23T17:24:51Z
2026-06-23T17:23:48Z,2026-06-23T19:23:48+0200,c51852f0-2285-49e0-9c34-cd4ce69db778,2026-05-25T15:45:00Z,2026-05-25T17:45:00+0200,42444.20957,MW,DE,DE_LU,actual_load,Actual Load,2026-06-23T17:24:51Z
2026-06-23T17:23:48Z,2026-06-23T19:23:48+0200,c51852f0-2285-49e0-9c34-cd4ce69db778,2026-05-25T16:00:00Z,2026-05-25T18:00:00+0200,43315.62988,MW,DE,DE_LU,actual_load,Actual Load,2026-06-23T17:24:51Z
2026-06-23T17:23:48Z,2026-06-23T19:23:48+0200,c51852f0-2285-49e0-9c34-cd4ce69db778,2026-05-25T16:15:00Z,2026-05-25T18:15:00+0200,43659.23723,MW,DE,DE_LU,actual_load,Actual Load,2026-06-23T17:24:51Z
2026-06-23T17:23:48Z,2026-06-23T19:23:48+0200,c51852f0-2285-49e0-9c34-cd4ce69db778,2026-05-25T16:30:00Z,2026-05-25T18:30:00+0200,44441.98705,MW,DE,DE_LU,actual_load,Actual Load,2026-06-23T17:24:51Z
2026-06-23T17:23:48Z,2026-06-23T19:23:48+0200,c51852f0-2285-49e0-9c34-cd4ce69db778,2026-05-25T16:45:00Z,2026-05-25T18:45:00+0200,45162.25871,MW,DE,DE_LU,actual_load,Actual Load,2026-06-23T17:24:51Z
2026-06-23T17:23:48Z,2026-06-23T19:23:48+0200,c51852f0-2285-49e0-9c34-cd4ce69db778,2026-05-25T17:00:00Z,2026-05-25T19:00:00+0200,46297.39847,MW,DE,DE_LU,actual_load,Actual Load,2026-06-23T17:24:51Z
2026-06-23T17:23:48Z,2026-06-23T19:23:48+0200,c51852f0-2285-49e0-9c34-cd4ce69db778,2026-05-25T17:15:00Z,2026-05-25T19:15:00+0200,46640.66503,MW,DE,DE_LU,actual_load,Actual Load,2026-06-23T17:24:51Z
2026-06-23T17:23:48Z,2026-06-23T19:23:48+0200,c51852f0-2285-49e0-9c34-cd4ce69db778,2026-05-25T17:30:00Z,2026-05-25T19:30:00+0200,47183.25488,MW,DE,DE_LU,actual_load,Actual Load,2026-06-23T17:24:51Z
2026-06-23T17:23:48Z,2026-06-23T19:23:48+0200,c51852f0-2285-49e0-9c34-cd4ce69db778,2026-05-25T17:45:00Z,2026-05-25T19:45:00+0200,46924.75048,MW,DE,DE_LU,actual_load,Actual Load,2026-06-23T17:24:51Z
2026-06-23T17:23:48Z,2026-06-23T19:23:48+0200,c51852f0-2285-49e0-9c34-cd4ce69db778,2026-05-25T18:00:00Z,2026-05-25T20:00:00+0200,47394.81419,MW,DE,DE_LU,actual_load,Actual Load,2026-06-23T17:24:51Z
2026-06-23T17:23:48Z,2026-06-23T19:23:48+0200,c51852f0-2285-49e0-9c34-cd4ce69db778,2026-05-25T18:15:00Z,2026-05-25T20:15:00+0200,47036.16035,MW,DE,DE_LU,actual_load,Actual Load,2026-06-23T17:24:51Z
2026-06-23T17:23:48Z,2026-06-23T19:23:48+0200,c51852f0-2285-49e0-9c34-cd4ce69db778,2026-05-25T18:30:00Z,2026-05-25T20:30:00+0200,46579.62738,MW,DE,DE_LU,actual_load,Actual Load,2026-06-23T17:24:51Z
2026-06-23T17:23:48Z,2026-06-23T19:23:48+0200,c51852f0-2285-49e0-9c34-cd4ce69db778,2026-05-25T18:45:00Z,2026-05-25T20:45:00+0200,46297.53507,MW,DE,DE_LU,actual_load,Actual Load,2026-06-23T17:24:51Z
2026-06-23T17:23:48Z,2026-06-23T19:23:48+0200,c51852f0-2285-49e0-9c34-cd4ce69db778,2026-05-25T19:00:00Z,2026-05-25T21:00:00+0200,46287.43344,MW,DE,DE_LU,actual_load,Actual Load,2026-06-23T17:24:51Z
2026-06-23T17:23:48Z,2026-06-23T19:23:48+0200,c51852f0-2285-49e0-9c34-cd4ce69db778,2026-05-25T19:15:00Z,2026-05-25T21:15:00+0200,46322.54825,MW,DE,DE_LU,actual_load,Actual Load,2026-06-23T17:24:51Z
2026-06-23T17:23:48Z,2026-06-23T19:23:48+0200,c51852f0-2285-49e0-9c34-cd4ce69db778,2026-05-25T19:30:00Z,2026-05-25T21:30:00+0200,46769.34173,MW,DE,DE_LU,actual_load,Actual Load,2026-06-23T17:24:51Z
2026-06-23T17:23:48Z,2026-06-23T19:23:48+0200,c51852f0-2285-49e0-9c34-cd4ce69db778,2026-05-25T19:45:00Z,2026-05-25T21:45:00+0200,46633.84569,MW,DE,DE_LU,actual_load,Actual Load,2026-06-23T17:24:51Z
2026-06-23T17:23:48Z,2026-06-23T19:23:48+0200,c51852f0-2285-49e0-9c34-cd4ce69db778,2026-05-25T20:00:00Z,2026-05-25T22:00:00+0200,45990.44588,MW,DE,DE_LU,actual_load,Actual Load,2026-06-23T17:24:51Z
2026-06-23T17:23:48Z,2026-06-23T19:23:48+0200,c51852f0-2285-49e0-9c34-cd4ce69db778,2026-05-25T20:15:00Z,2026-05-25T22:15:00+0200,46097.42185,MW,DE,DE_LU,actual_load,Actual Load,2026-06-23T17:24:51Z
2026-06-23T17:23:48Z,2026-06-23T19:23:48+0200,c51852f0-2285-49e0-9c34-cd4ce69db778,2026-05-25T20:30:00Z,2026-05-25T22:30:00+0200,45345.35165,MW,DE,DE_LU,actual_load,Actual Load,2026-06-23T17:24:51Z
2026-06-23T17:23:48Z,2026-06-23T19:23:48+0200,c51852f0-2285-49e0-9c34-cd4ce69db778,2026-05-25T20:45:00Z,2026-05-25T22:45:00+0200,45034.52823,MW,DE,DE_LU,actual_load,Actual Load,2026-06-23T17:24:51Z
2026-06-23T17:23:48Z,2026-06-23T19:23:48+0200,c51852f0-2285-49e0-9c34-cd4ce69db778,2026-05-25T21:00:00Z,2026-05-25T23:00:00+0200,44392.44139,MW,DE,DE_LU,actual_load,Actual Load,2026-06-23T17:24:51Z
2026-06-23T17:23:48Z,2026-06-23T19:23:48+0200,c51852f0-2285-49e0-9c34-cd4ce69db778,2026-05-25T21:15:00Z,2026-05-25T23:15:00+0200,43498.98583,MW,DE,DE_LU,actual_load,Actual Load,2026-06-23T17:24:51Z
2026-06-23T17:23:48Z,2026-06-23T19:23:48+0200,c51852f0-2285-49e0-9c34-cd4ce69db778,2026-05-25T21:30:00Z,2026-05-25T23:30:00+0200,42945.64676,MW,DE,DE_LU,actual_load,Actual Load,2026-06-23T17:24:51Z
2026-06-23T17:23:48Z,2026-06-23T19:23:48+0200,c51852f0-2285-49e0-9c34-cd4ce69db778,2026-05-25T21:45:00Z,2026-05-25T23:45:00+0200,42204.98309,MW,DE,DE_LU,actual_load,Actual Load,2026-06-23T17:24:51Z
2026-06-23T17:23:48Z,2026-06-23T19:23:48+0200,c51852f0-2285-49e0-9c34-cd4ce69db778,2026-05-25T22:00:00Z,2026-05-26T00:00:00+0200,42281.98141,MW,DE,DE_LU,actual_load,Actual Load,2026-06-23T17:24:51Z
2026-06-23T17:23:48Z,2026-06-23T19:23:48+0200,c51852f0-2285-49e0-9c34-cd4ce69db778,2026-05-25T22:15:00Z,2026-05-26T00:15:00+0200,41888.30047,MW,DE,DE_LU,actual_load,Actual Load,2026-06-23T17:24:51Z
2026-06-23T17:23:48Z,2026-06-23T19:23:48+0200,c51852f0-2285-49e0-9c34-cd4ce69db778,2026-05-25T22:30:00Z,2026-05-26T00:30:00+0200,41888.21886,MW,DE,DE_LU,actual_load,Actual Load,2026-06-23T17:24:51Z
2026-06-23T17:23:48Z,2026-06-23T19:23:48+0200,c51852f0-2285-49e0-9c34-cd4ce69db778,2026-05-25T22:45:00Z,2026-05-26T00:45:00+0200,40891.77311,MW,DE,DE_LU,actual_load,Actual Load,2026-06-23T17:24:51Z
2026-06-23T17:23:48Z,2026-06-23T19:23:48+0200,c51852f0-2285-49e0-9c34-cd4ce69db778,2026-05-25T23:00:00Z,2026-05-26T01:00:00+0200,40270.52722,MW,DE,DE_LU,actual_load,Actual Load,2026-06-23T17:24:51Z
2026-06-23T17:23:48Z,2026-06-23T19:23:48+0200,c51852f0-2285-49e0-9c34-cd4ce69db778,2026-05-25T23:15:00Z,2026-05-26T01:15:00+0200,40256.60866,MW,DE,DE_LU,actual_load,Actual Load,2026-06-23T17:24:51Z
2026-06-23T17:23:48Z,2026-06-23T19:23:48+0200,c51852f0-2285-49e0-9c34-cd4ce69db778,2026-05-25T23:30:00Z,2026-05-26T01:30:00+0200,40705.94815,MW,DE,DE_LU,actual_load,Actual Load,2026-06-23T17:24:51Z
2026-06-23T17:23:48Z,2026-06-23T19:23:48+0200,c51852f0-2285-49e0-9c34-cd4ce69db778,2026-05-25T23:45:00Z,2026-05-26T01:45:00+0200,40348.58169,MW,DE,DE_LU,actual_load,Actual Load,2026-06-23T17:24:51Z
2026-06-23T17:23:48Z,2026-06-23T19:23:48+0200,c51852f0-2285-49e0-9c34-cd4ce69db778,2026-05-26T00:00:00Z,2026-05-26T02:00:00+0200,39687.31959,MW,DE,DE_LU,actual_load,Actual Load,2026-06-23T17:24:51Z
2026-06-23T17:23:48Z,2026-06-23T19:23:48+0200,c51852f0-2285-49e0-9c34-cd4ce69db778,2026-05-26T00:15:00Z,2026-05-26T02:15:00+0200,39707.94643,MW,DE,DE_LU,actual_load,Actual Load,2026-06-23T17:24:51Z
2026-06-23T17:23:48Z,2026-06-23T19:23:48+0200,c51852f0-2285-49e0-9c34-cd4ce69db778,2026-05-26T00:30:00Z,2026-05-26T02:30:00+0200,39573.68639,MW,DE,DE_LU,actual_load,Actual Load,2026-06-23T17:24:51Z
2026-06-23T17:23:48Z,2026-06-23T19:23:48+0200,c51852f0-2285-49e0-9c34-cd4ce69db778,2026-05-26T00:45:00Z,2026-05-26T02:45:00+0200,39317.11459,MW,DE,DE_LU,actual_load,Actual Load,2026-06-23T17:24:51Z
2026-06-23T17:23:48Z,2026-06-23T19:23:48+0200,c51852f0-2285-49e0-9c34-cd4ce69db778,2026-05-26T01:00:00Z,2026-05-26T03:00:00+0200,39076.38002,MW,DE,DE_LU,actual_load,Actual Load,2026-06-23T17:24:51Z
2026-06-23T17:23:48Z,2026-06-23T19:23:48+0200,c51852f0-2285-49e0-9c34-cd4ce69db778,2026-05-26T01:15:00Z,2026-05-26T03:15:00+0200,39261.71423,MW,DE,DE_LU,actual_load,Actual Load,2026-06-23T17:24:51Z
2026-06-23T17:23:48Z,2026-06-23T19:23:48+0200,c51852f0-2285-49e0-9c34-cd4ce69db778,2026-05-26T01:30:00Z,2026-05-26T03:30:00+0200,39665.38608,MW,DE,DE_LU,actual_load,Actual Load,2026-06-23T17:24:51Z
2026-06-23T17:23:48Z,2026-06-23T19:23:48+0200,c51852f0-2285-49e0-9c34-cd4ce69db778,2026-05-26T01:45:00Z,2026-05-26T03:45:00+0200,39555.55538,MW,DE,DE_LU,actual_load,Actual Load,2026-06-23T17:24:51Z
2026-06-23T17:23:48Z,2026-06-23T19:23:48+0200,c51852f0-2285-49e0-9c34-cd4ce69db778,2026-05-26T02:00:00Z,2026-05-26T04:00:00+0200,39490.78864,MW,DE,DE_LU,actual_load,Actual Load,2026-06-23T17:24:51Z
2026-06-23T17:23:48Z,2026-06-23T19:23:48+0200,c51852f0-2285-49e0-9c34-cd4ce69db778,2026-05-26T02:15:00Z,2026-05-26T04:15:00+0200,39834.03318,MW,DE,DE_LU,actual_load,Actual Load,2026-06-23T17:24:51Z
2026-06-23T17:23:48Z,2026-06-23T19:23:48+0200,c51852f0-2285-49e0-9c34-cd4ce69db778,2026-05-26T02:30:00Z,2026-05-26T04:30:00+0200,40259.37826,MW,DE,DE_LU,actual_load,Actual Load,2026-06-23T17:24:51Z
2026-06-23T17:23:48Z,2026-06-23T19:23:48+0200,c51852f0-2285-49e0-9c34-cd4ce69db778,2026-05-26T02:45:00Z,2026-05-26T04:45:00+0200,40662.15147,MW,DE,DE_LU,actual_load,Actual Load,2026-06-23T17:24:51Z
2026-06-23T17:23:48Z,2026-06-23T19:23:48+0200,c51852f0-2285-49e0-9c34-cd4ce69db778,2026-05-26T03:00:00Z,2026-05-26T05:00:00+0200,41789.55245,MW,DE,DE_LU,actual_load,Actual Load,2026-06-23T17:24:51Z
2026-06-23T17:23:48Z,2026-06-23T19:23:48+0200,c51852f0-2285-49e0-9c34-cd4ce69db778,2026-05-26T03:15:00Z,2026-05-26T05:15:00+0200,42417.53736,MW,DE,DE_LU,actual_load,Actual Load,2026-06-23T17:24:51Z
2026-06-23T17:23:48Z,2026-06-23T19:23:48+0200,c51852f0-2285-49e0-9c34-cd4ce69db778,2026-05-26T03:30:00Z,2026-05-26T05:30:00+0200,43677.43585,MW,DE,DE_LU,actual_load,Actual Load,2026-06-23T17:24:51Z
2026-06-23T17:23:48Z,2026-06-23T19:23:48+0200,c51852f0-2285-49e0-9c34-cd4ce69db778,2026-05-26T03:45:00Z,2026-05-26T05:45:00+0200,42719.69954,MW,DE,DE_LU,actual_load,Actual Load,2026-06-23T17:24:51Z
2026-06-23T17:23:48Z,2026-06-23T19:23:48+0200,c51852f0-2285-49e0-9c34-cd4ce69db778,2026-05-26T04:00:00Z,2026-05-26T06:00:00+0200,47776.7001,MW,DE,DE_LU,actual_load,Actual Load,2026-06-23T17:24:51Z
2026-06-23T17:23:48Z,2026-06-23T19:23:48+0200,c51852f0-2285-49e0-9c34-cd4ce69db778,2026-05-26T04:15:00Z,2026-05-26T06:15:00+0200,49280.12798,MW,DE,DE_LU,actual_load,Actual Load,2026-06-23T17:24:51Z
2026-06-23T17:23:48Z,2026-06-23T19:23:48+0200,c51852f0-2285-49e0-9c34-cd4ce69db778,2026-05-26T04:30:00Z,2026-05-26T06:30:00+0200,51051.04443,MW,DE,DE_LU,actual_load,Actual Load,2026-06-23T17:24:51Z
2026-06-23T17:23:48Z,2026-06-23T19:23:48+0200,c51852f0-2285-49e0-9c34-cd4ce69db778,2026-05-26T04:45:00Z,2026-05-26T06:45:00+0200,52602.82848,MW,DE,DE_LU,actual_load,Actual Load,2026-06-23T17:24:51Z
2026-06-23T17:23:48Z,2026-06-23T19:23:48+0200,c51852f0-2285-49e0-9c34-cd4ce69db778,2026-05-26T05:00:00Z,2026-05-26T07:00:00+0200,53380.8747,MW,DE,DE_LU,actual_load,Actual Load,2026-06-23T17:24:51Z
2026-06-23T17:23:48Z,2026-06-23T19:23:48+0200,c51852f0-2285-49e0-9c34-cd4ce69db778,2026-05-26T05:15:00Z,2026-05-26T07:15:00+0200,54522.79002,MW,DE,DE_LU,actual_load,Actual Load,2026-06-23T17:24:51Z
2026-06-23T17:23:48Z,2026-06-23T19:23:48+0200,c51852f0-2285-49e0-9c34-cd4ce69db778,2026-05-26T05:30:00Z,2026-05-26T07:30:00+0200,55741.72678,MW,DE,DE_LU,actual_load,Actual Load,2026-06-23T17:24:51Z
2026-06-23T17:23:48Z,2026-06-23T19:23:48+0200,c51852f0-2285-49e0-9c34-cd4ce69db778,2026-05-26T05:45:00Z,2026-05-26T07:45:00+0200,56507.95763,MW,DE,DE_LU,actual_load,Actual Load,2026-06-23T17:24:51Z
2026-06-23T17:23:48Z,2026-06-23T19:23:48+0200,c51852f0-2285-49e0-9c34-cd4ce69db778,2026-05-26T06:00:00Z,2026-05-26T08:00:00+0200,56289.57639,MW,DE,DE_LU,actual_load,Actual Load,2026-06-23T17:24:51Z
2026-06-23T17:23:48Z,2026-06-23T19:23:48+0200,c51852f0-2285-49e0-9c34-cd4ce69db778,2026-05-26T06:15:00Z,2026-05-26T08:15:00+0200,56747.15234,MW,DE,DE_LU,actual_load,Actual Load,2026-06-23T17:24:51Z
2026-06-23T17:23:48Z,2026-06-23T19:23:48+0200,c51852f0-2285-49e0-9c34-cd4ce69db778,2026-05-26T06:30:00Z,2026-05-26T08:30:00+0200,57821.02373,MW,DE,DE_LU,actual_load,Actual Load,2026-06-23T17:24:51Z
2026-06-23T17:23:48Z,2026-06-23T19:23:48+0200,c51852f0-2285-49e0-9c34-cd4ce69db778,2026-05-26T06:45:00Z,2026-05-26T08:45:00+0200,58445.28046,MW,DE,DE_LU,actual_load,Actual Load,2026-06-23T17:24:51Z
2026-06-23T17:23:48Z,2026-06-23T19:23:48+0200,c51852f0-2285-49e0-9c34-cd4ce69db778,2026-05-26T07:00:00Z,2026-05-26T09:00:00+0200,57557.56433,MW,DE,DE_LU,actual_load,Actual Load,2026-06-23T17:24:51Z
2026-06-23T17:23:48Z,2026-06-23T19:23:48+0200,c51852f0-2285-49e0-9c34-cd4ce69db778,2026-05-26T07:15:00Z,2026-05-26T09:15:00+0200,57553.91455,MW,DE,DE_LU,actual_load,Actual Load,2026-06-23T17:24:51Z
2026-06-23T17:23:48Z,2026-06-23T19:23:48+0200,c51852f0-2285-49e0-9c34-cd4ce69db778,2026-05-26T07:30:00Z,2026-05-26T09:30:00+0200,57522.61259,MW,DE,DE_LU,actual_load,Actual Load,2026-06-23T17:24:51Z
2026-06-23T17:23:48Z,2026-06-23T19:23:48+0200,c51852f0-2285-49e0-9c34-cd4ce69db778,2026-05-26T07:45:00Z,2026-05-26T09:45:00+0200,57683.17293,MW,DE,DE_LU,actual_load,Actual Load,2026-06-23T17:24:51Z
2026-06-23T17:23:48Z,2026-06-23T19:23:48+0200,c51852f0-2285-49e0-9c34-cd4ce69db778,2026-05-26T08:00:00Z,2026-05-26T10:00:00+0200,57731.78062,MW,DE,DE_LU,actual_load,Actual Load,2026-06-23T17:24:51Z
2026-06-23T17:23:48Z,2026-06-23T19:23:48+0200,c51852f0-2285-49e0-9c34-cd4ce69db778,2026-05-26T08:15:00Z,2026-05-26T10:15:00+0200,57482.85233,MW,DE,DE_LU,actual_load,Actual Load,2026-06-23T17:24:51Z
2026-06-23T17:23:48Z,2026-06-23T19:23:48+0200,c51852f0-2285-49e0-9c34-cd4ce69db778,2026-05-26T08:30:00Z,2026-05-26T10:30:00+0200,57428.41772,MW,DE,DE_LU,actual_load,Actual Load,2026-06-23T17:24:51Z
2026-06-23T17:23:48Z,2026-06-23T19:23:48+0200,c51852f0-2285-49e0-9c34-cd4ce69db778,2026-05-26T08:45:00Z,2026-05-26T10:45:00+0200,58052.55754,MW,DE,DE_LU,actual_load,Actual Load,2026-06-23T17:24:51Z
2026-06-23T17:23:48Z,2026-06-23T19:23:48+0200,c51852f0-2285-49e0-9c34-cd4ce69db778,2026-05-26T09:00:00Z,2026-05-26T11:00:00+0200,56846.10461,MW,DE,DE_LU,actual_load,Actual Load,2026-06-23T17:24:51Z
2026-06-23T17:23:48Z,2026-06-23T19:23:48+0200,c51852f0-2285-49e0-9c34-cd4ce69db778,2026-05-26T09:15:00Z,2026-05-26T11:15:00+0200,57277.80139,MW,DE,DE_LU,actual_load,Actual Load,2026-06-23T17:24:51Z
2026-06-23T17:23:48Z,2026-06-23T19:23:48+0200,c51852f0-2285-49e0-9c34-cd4ce69db778,2026-05-26T09:30:00Z,2026-05-26T11:30:00+0200,57321.38002,MW,DE,DE_LU,actual_load,Actual Load,2026-06-23T17:24:51Z
2026-06-23T17:23:48Z,2026-06-23T19:23:48+0200,c51852f0-2285-49e0-9c34-cd4ce69db778,2026-05-26T09:45:00Z,2026-05-26T11:45:00+0200,57544.35739,MW,DE,DE_LU,actual_load,Actual Load,2026-06-23T17:24:51Z
2026-06-23T17:23:48Z,2026-06-23T19:23:48+0200,c51852f0-2285-49e0-9c34-cd4ce69db778,2026-05-26T10:00:00Z,2026-05-26T12:00:00+0200,56512.88237,MW,DE,DE_LU,actual_load,Actual Load,2026-06-23T17:24:51Z
2026-06-23T17:23:48Z,2026-06-23T19:23:48+0200,c51852f0-2285-49e0-9c34-cd4ce69db778,2026-05-26T10:15:00Z,2026-05-26T12:15:00+0200,56637.32667,MW,DE,DE_LU,actual_load,Actual Load,2026-06-23T17:24:51Z
2026-06-23T17:23:48Z,2026-06-23T19:23:48+0200,c51852f0-2285-49e0-9c34-cd4ce69db778,2026-05-26T10:30:00Z,2026-05-26T12:30:00+0200,56869.87957,MW,DE,DE_LU,actual_load,Actual Load,2026-06-23T17:24:51Z
2026-06-23T17:23:48Z,2026-06-23T19:23:48+0200,c51852f0-2285-49e0-9c34-cd4ce69db778,2026-05-26T10:45:00Z,2026-05-26T12:45:00+0200,56883.58661,MW,DE,DE_LU,actual_load,Actual Load,2026-06-23T17:24:51Z
2026-06-23T17:23:48Z,2026-06-23T19:23:48+0200,c51852f0-2285-49e0-9c34-cd4ce69db778,2026-05-26T11:00:00Z,2026-05-26T13:00:00+0200,56303.84374,MW,DE,DE_LU,actual_load,Actual Load,2026-06-23T17:24:51Z
2026-06-23T17:23:48Z,2026-06-23T19:23:48+0200,c51852f0-2285-49e0-9c34-cd4ce69db778,2026-05-26T11:15:00Z,2026-05-26T13:15:00+0200,55240.97083,MW,DE,DE_LU,actual_load,Actual Load,2026-06-23T17:24:51Z
2026-06-23T17:23:48Z,2026-06-23T19:23:48+0200,c51852f0-2285-49e0-9c34-cd4ce69db778,2026-05-26T11:30:00Z,2026-05-26T13:30:00+0200,55492.06596,MW,DE,DE_LU,actual_load,Actual Load,2026-06-23T17:24:51Z
2026-06-23T17:23:48Z,2026-06-23T19:23:48+0200,c51852f0-2285-49e0-9c34-cd4ce69db778,2026-05-26T11:45:00Z,2026-05-26T13:45:00+0200,54762.60692,MW,DE,DE_LU,actual_load,Actual Load,2026-06-23T17:24:51Z
2026-06-23T17:23:48Z,2026-06-23T19:23:48+0200,c51852f0-2285-49e0-9c34-cd4ce69db778,2026-05-26T12:00:00Z,2026-05-26T14:00:00+0200,54726.61464,MW,DE,DE_LU,actual_load,Actual Load,2026-06-23T17:24:51Z
2026-06-23T17:23:48Z,2026-06-23T19:23:48+0200,c51852f0-2285-49e0-9c34-cd4ce69db778,2026-05-26T12:15:00Z,2026-05-26T14:15:00+0200,54398.14105,MW,DE,DE_LU,actual_load,Actual Load,2026-06-23T17:24:51Z
2026-06-23T17:23:48Z,2026-06-23T19:23:48+0200,c51852f0-2285-49e0-9c34-cd4ce69db778,2026-05-26T12:30:00Z,2026-05-26T14:30:00+0200,54043.0889,MW,DE,DE_LU,actual_load,Actual Load,2026-06-23T17:24:51Z
2026-06-23T17:23:48Z,2026-06-23T19:23:48+0200,c51852f0-2285-49e0-9c34-cd4ce69db778,2026-05-26T12:45:00Z,2026-05-26T14:45:00+0200,53968.59243,MW,DE,DE_LU,actual_load,Actual Load,2026-06-23T17:24:51Z
2026-06-23T17:23:48Z,2026-06-23T19:23:48+0200,c51852f0-2285-49e0-9c34-cd4ce69db778,2026-05-26T13:00:00Z,2026-05-26T15:00:00+0200,53735.88824,MW,DE,DE_LU,actual_load,Actual Load,2026-06-23T17:24:51Z
2026-06-23T17:23:48Z,2026-06-23T19:23:48+0200,c51852f0-2285-49e0-9c34-cd4ce69db778,2026-05-26T13:15:00Z,2026-05-26T15:15:00+0200,53806.09691,MW,DE,DE_LU,actual_load,Actual Load,2026-06-23T17:24:51Z
2026-06-23T17:23:48Z,2026-06-23T19:23:48+0200,c51852f0-2285-49e0-9c34-cd4ce69db778,2026-05-26T13:30:00Z,2026-05-26T15:30:00+0200,53675.36959,MW,DE,DE_LU,actual_load,Actual Load,2026-06-23T17:24:51Z
2026-06-23T17:23:48Z,2026-06-23T19:23:48+0200,c51852f0-2285-49e0-9c34-cd4ce69db778,2026-05-26T13:45:00Z,2026-05-26T15:45:00+0200,52979.67876,MW,DE,DE_LU,actual_load,Actual Load,2026-06-23T17:24:51Z
2026-06-23T17:23:48Z,2026-06-23T19:23:48+0200,c51852f0-2285-49e0-9c34-cd4ce69db778,2026-05-26T14:00:00Z,2026-05-26T16:00:00+0200,54040.06521,MW,DE,DE_LU,actual_load,Actual Load,2026-06-23T17:24:51Z
2026-06-23T17:23:48Z,2026-06-23T19:23:48+0200,c51852f0-2285-49e0-9c34-cd4ce69db778,2026-05-26T14:15:00Z,2026-05-26T16:15:00+0200,53810.32165,MW,DE,DE_LU,actual_load,Actual Load,2026-06-23T17:24:51Z
2026-06-23T17:23:48Z,2026-06-23T19:23:48+0200,c51852f0-2285-49e0-9c34-cd4ce69db778,2026-05-26T14:30:00Z,2026-05-26T16:30:00+0200,53768.939,MW,DE,DE_LU,actual_load,Actual Load,2026-06-23T17:24:51Z
2026-06-23T17:23:48Z,2026-06-23T19:23:48+0200,c51852f0-2285-49e0-9c34-cd4ce69db778,2026-05-26T14:45:00Z,2026-05-26T16:45:00+0200,53716.90258,MW,DE,DE_LU,actual_load,Actual Load,2026-06-23T17:24:51Z
2026-06-23T17:23:48Z,2026-06-23T19:23:48+0200,c51852f0-2285-49e0-9c34-cd4ce69db778,2026-05-26T15:00:00Z,2026-05-26T17:00:00+0200,54551.35034,MW,DE,DE_LU,actual_load,Actual Load,2026-06-23T17:24:51Z
2026-06-23T17:23:48Z,2026-06-23T19:23:48+0200,c51852f0-2285-49e0-9c34-cd4ce69db778,2026-05-26T15:15:00Z,2026-05-26T17:15:00+0200,54709.46782,MW,DE,DE_LU,actual_load,Actual Load,2026-06-23T17:24:51Z
2026-06-23T17:23:48Z,2026-06-23T19:23:48+0200,c51852f0-2285-49e0-9c34-cd4ce69db778,2026-05-26T15:30:00Z,2026-05-26T17:30:00+0200,55150.96624,MW,DE,DE_LU,actual_load,Actual Load,2026-06-23T17:24:51Z
2026-06-23T17:23:48Z,2026-06-23T19:23:48+0200,c51852f0-2285-49e0-9c34-cd4ce69db778,2026-05-26T15:45:00Z,2026-05-26T17:45:00+0200,55418.30461,MW,DE,DE_LU,actual_load,Actual Load,2026-06-23T17:24:51Z
2026-06-23T17:23:48Z,2026-06-23T19:23:48+0200,c51852f0-2285-49e0-9c34-cd4ce69db778,2026-05-26T16:00:00Z,2026-05-26T18:00:00+0200,55051.28539,MW,DE,DE_LU,actual_load,Actual Load,2026-06-23T17:24:51Z
2026-06-23T17:23:48Z,2026-06-23T19:23:48+0200,c51852f0-2285-49e0-9c34-cd4ce69db778,2026-05-26T16:15:00Z,2026-05-26T18:15:00+0200,55813.99483,MW,DE,DE_LU,actual_load,Actual Load,2026-06-23T17:24:51Z
2026-06-23T17:23:48Z,2026-06-23T19:23:48+0200,c51852f0-2285-49e0-9c34-cd4ce69db778,2026-05-26T16:30:00Z,2026-05-26T18:30:00+0200,55963.00473,MW,DE,DE_LU,actual_load,Actual Load,2026-06-23T17:24:51Z
2026-06-23T17:23:48Z,2026-06-23T19:23:48+0200,c51852f0-2285-49e0-9c34-cd4ce69db778,2026-05-26T16:45:00Z,2026-05-26T18:45:00+0200,56008.38219,MW,DE,DE_LU,actual_load,Actual Load,2026-06-23T17:24:51Z
2026-06-23T17:23:48Z,2026-06-23T19:23:48+0200,c51852f0-2285-49e0-9c34-cd4ce69db778,2026-05-26T17:00:00Z,2026-05-26T19:00:00+0200,57591.30024,MW,DE,DE_LU,actual_load,Actual Load,2026-06-23T17:24:51Z
2026-06-23T17:23:48Z,2026-06-23T19:23:48+0200,c51852f0-2285-49e0-9c34-cd4ce69db778,2026-05-26T17:15:00Z,2026-05-26T19:15:00+0200,57784.36263,MW,DE,DE_LU,actual_load,Actual Load,2026-06-23T17:24:51Z
2026-06-23T17:23:48Z,2026-06-23T19:23:48+0200,c51852f0-2285-49e0-9c34-cd4ce69db778,2026-05-26T17:30:00Z,2026-05-26T19:30:00+0200,57495.12432,MW,DE,DE_LU,actual_load,Actual Load,2026-06-23T17:24:51Z
2026-06-23T17:23:48Z,2026-06-23T19:23:48+0200,c51852f0-2285-49e0-9c34-cd4ce69db778,2026-05-26T17:45:00Z,2026-05-26T19:45:00+0200,57169.60999,MW,DE,DE_LU,actual_load,Actual Load,2026-06-23T17:24:51Z
2026-06-23T17:23:48Z,2026-06-23T19:23:48+0200,c51852f0-2285-49e0-9c34-cd4ce69db778,2026-05-26T18:00:00Z,2026-05-26T20:00:00+0200,56838.70582,MW,DE,DE_LU,actual_load,Actual Load,2026-06-23T17:24:51Z
2026-06-23T17:23:48Z,2026-06-23T19:23:48+0200,c51852f0-2285-49e0-9c34-cd4ce69db778,2026-05-26T18:15:00Z,2026-05-26T20:15:00+0200,56109.47708,MW,DE,DE_LU,actual_load,Actual Load,2026-06-23T17:24:51Z
2026-06-23T17:23:48Z,2026-06-23T19:23:48+0200,c51852f0-2285-49e0-9c34-cd4ce69db778,2026-05-26T18:30:00Z,2026-05-26T20:30:00+0200,55902.7373,MW,DE,DE_LU,actual_load,Actual Load,2026-06-23T17:24:51Z
2026-06-23T17:23:48Z,2026-06-23T19:23:48+0200,c51852f0-2285-49e0-9c34-cd4ce69db778,2026-05-26T18:45:00Z,2026-05-26T20:45:00+0200,55354.97891,MW,DE,DE_LU,actual_load,Actual Load,2026-06-23T17:24:51Z
2026-06-23T17:23:48Z,2026-06-23T19:23:48+0200,c51852f0-2285-49e0-9c34-cd4ce69db778,2026-05-26T19:00:00Z,2026-05-26T21:00:00+0200,54771.27164,MW,DE,DE_LU,actual_load,Actual Load,2026-06-23T17:24:51Z
2026-06-23T17:23:48Z,2026-06-23T19:23:48+0200,c51852f0-2285-49e0-9c34-cd4ce69db778,2026-05-26T19:15:00Z,2026-05-26T21:15:00+0200,55160.81609,MW,DE,DE_LU,actual_load,Actual Load,2026-06-23T17:24:51Z
2026-06-23T17:23:48Z,2026-06-23T19:23:48+0200,c51852f0-2285-49e0-9c34-cd4ce69db778,2026-05-26T19:30:00Z,2026-05-26T21:30:00+0200,54903.19979,MW,DE,DE_LU,actual_load,Actual Load,2026-06-23T17:24:51Z
2026-06-23T17:23:48Z,2026-06-23T19:23:48+0200,c51852f0-2285-49e0-9c34-cd4ce69db778,2026-05-26T19:45:00Z,2026-05-26T21:45:00+0200,54703.2033,MW,DE,DE_LU,actual_load,Actual Load,2026-06-23T17:24:51Z
2026-06-23T17:23:48Z,2026-06-23T19:23:48+0200,c51852f0-2285-49e0-9c34-cd4ce69db778,2026-05-26T20:00:00Z,2026-05-26T22:00:00+0200,53487.56164,MW,DE,DE_LU,actual_load,Actual Load,2026-06-23T17:24:51Z
2026-06-23T17:23:48Z,2026-06-23T19:23:48+0200,c51852f0-2285-49e0-9c34-cd4ce69db778,2026-05-26T20:15:00Z,2026-05-26T22:15:00+0200,52719.35933,MW,DE,DE_LU,actual_load,Actual Load,2026-06-23T17:24:51Z
2026-06-23T17:23:48Z,2026-06-23T19:23:48+0200,c51852f0-2285-49e0-9c34-cd4ce69db778,2026-05-26T20:30:00Z,2026-05-26T22:30:00+0200,51835.54319,MW,DE,DE_LU,actual_load,Actual Load,2026-06-23T17:24:51Z
2026-06-23T17:23:48Z,2026-06-23T19:23:48+0200,c51852f0-2285-49e0-9c34-cd4ce69db778,2026-05-26T20:45:00Z,2026-05-26T22:45:00+0200,51042.23638,MW,DE,DE_LU,actual_load,Actual Load,2026-06-23T17:24:51Z
2026-06-23T17:23:48Z,2026-06-23T19:23:48+0200,c51852f0-2285-49e0-9c34-cd4ce69db778,2026-05-26T21:00:00Z,2026-05-26T23:00:00+0200,50161.14464,MW,DE,DE_LU,actual_load,Actual Load,2026-06-23T17:24:51Z
2026-06-23T17:23:48Z,2026-06-23T19:23:48+0200,c51852f0-2285-49e0-9c34-cd4ce69db778,2026-05-26T21:15:00Z,2026-05-26T23:15:00+0200,49206.52628,MW,DE,DE_LU,actual_load,Actual Load,2026-06-23T17:24:51Z
2026-06-23T17:23:48Z,2026-06-23T19:23:48+0200,c51852f0-2285-49e0-9c34-cd4ce69db778,2026-05-26T21:30:00Z,2026-05-26T23:30:00+0200,48469.48768,MW,DE,DE_LU,actual_load,Actual Load,2026-06-23T17:24:51Z
2026-06-23T17:23:48Z,2026-06-23T19:23:48+0200,c51852f0-2285-49e0-9c34-cd4ce69db778,2026-05-26T21:45:00Z,2026-05-26T23:45:00+0200,48164.15859,MW,DE,DE_LU,actual_load,Actual Load,2026-06-23T17:24:51Z
2026-06-23T17:23:48Z,2026-06-23T19:23:48+0200,c51852f0-2285-49e0-9c34-cd4ce69db778,2026-05-26T22:00:00Z,2026-05-27T00:00:00+0200,47986.45893,MW,DE,DE_LU,actual_load,Actual Load,2026-06-23T17:24:51Z
2026-06-23T17:23:48Z,2026-06-23T19:23:48+0200,c51852f0-2285-49e0-9c34-cd4ce69db778,2026-05-26T22:15:00Z,2026-05-27T00:15:00+0200,47203.92244,MW,DE,DE_LU,actual_load,Actual Load,2026-06-23T17:24:51Z
2026-06-23T17:23:48Z,2026-06-23T19:23:48+0200,c51852f0-2285-49e0-9c34-cd4ce69db778,2026-05-26T22:30:00Z,2026-05-27T00:30:00+0200,46471.8572,MW,DE,DE_LU,actual_load,Actual Load,2026-06-23T17:24:51Z
2026-06-23T17:23:48Z,2026-06-23T19:23:48+0200,c51852f0-2285-49e0-9c34-cd4ce69db778,2026-05-26T22:45:00Z,2026-05-27T00:45:00+0200,46184.0474,MW,DE,DE_LU,actual_load,Actual Load,2026-06-23T17:24:51Z
2026-06-23T17:23:48Z,2026-06-23T19:23:48+0200,c51852f0-2285-49e0-9c34-cd4ce69db778,2026-05-26T23:00:00Z,2026-05-27T01:00:00+0200,45892.86146,MW,DE,DE_LU,actual_load,Actual Load,2026-06-23T17:24:51Z
2026-06-23T17:23:48Z,2026-06-23T19:23:48+0200,c51852f0-2285-49e0-9c34-cd4ce69db778,2026-05-26T23:15:00Z,2026-05-27T01:15:00+0200,45560.56073,MW,DE,DE_LU,actual_load,Actual Load,2026-06-23T17:24:51Z
2026-06-23T17:23:48Z,2026-06-23T19:23:48+0200,c51852f0-2285-49e0-9c34-cd4ce69db778,2026-05-26T23:30:00Z,2026-05-27T01:30:00+0200,45061.57968,MW,DE,DE_LU,actual_load,Actual Load,2026-06-23T17:24:51Z
2026-06-23T17:23:48Z,2026-06-23T19:23:48+0200,c51852f0-2285-49e0-9c34-cd4ce69db778,2026-05-26T23:45:00Z,2026-05-27T01:45:00+0200,44962.1916,MW,DE,DE_LU,actual_load,Actual Load,2026-06-23T17:24:51Z
2026-06-23T17:23:48Z,2026-06-23T19:23:48+0200,c51852f0-2285-49e0-9c34-cd4ce69db778,2026-05-27T00:00:00Z,2026-05-27T02:00:00+0200,44129.61058,MW,DE,DE_LU,actual_load,Actual Load,2026-06-23T17:24:51Z
2026-06-23T17:23:48Z,2026-06-23T19:23:48+0200,c51852f0-2285-49e0-9c34-cd4ce69db778,2026-05-27T00:15:00Z,2026-05-27T02:15:00+0200,43906.56393,MW,DE,DE_LU,actual_load,Actual Load,2026-06-23T17:24:51Z
2026-06-23T17:23:48Z,2026-06-23T19:23:48+0200,c51852f0-2285-49e0-9c34-cd4ce69db778,2026-05-27T00:30:00Z,2026-05-27T02:30:00+0200,44081.0809,MW,DE,DE_LU,actual_load,Actual Load,2026-06-23T17:24:51Z
2026-06-23T17:23:48Z,2026-06-23T19:23:48+0200,c51852f0-2285-49e0-9c34-cd4ce69db778,2026-05-27T00:45:00Z,2026-05-27T02:45:00+0200,44591.90324,MW,DE,DE_LU,actual_load,Actual Load,2026-06-23T17:24:51Z
2026-06-23T17:23:48Z,2026-06-23T19:23:48+0200,c51852f0-2285-49e0-9c34-cd4ce69db778,2026-05-27T01:00:00Z,2026-05-27T03:00:00+0200,44297.06283,MW,DE,DE_LU,actual_load,Actual Load,2026-06-23T17:24:51Z
2026-06-23T17:23:48Z,2026-06-23T19:23:48+0200,c51852f0-2285-49e0-9c34-cd4ce69db778,2026-05-27T01:15:00Z,2026-05-27T03:15:00+0200,44192.46194,MW,DE,DE_LU,actual_load,Actual Load,2026-06-23T17:24:51Z
2026-06-23T17:23:48Z,2026-06-23T19:23:48+0200,c51852f0-2285-49e0-9c34-cd4ce69db778,2026-05-27T01:30:00Z,2026-05-27T03:30:00+0200,44207.64076,MW,DE,DE_LU,actual_load,Actual Load,2026-06-23T17:24:51Z
2026-06-23T17:23:48Z,2026-06-23T19:23:48+0200,c51852f0-2285-49e0-9c34-cd4ce69db778,2026-05-27T01:45:00Z,2026-05-27T03:45:00+0200,44511.34456,MW,DE,DE_LU,actual_load,Actual Load,2026-06-23T17:24:51Z
2026-06-23T17:23:48Z,2026-06-23T19:23:48+0200,c51852f0-2285-49e0-9c34-cd4ce69db778,2026-05-27T02:00:00Z,2026-05-27T04:00:00+0200,44621.37812,MW,DE,DE_LU,actual_load,Actual Load,2026-06-23T17:24:51Z
2026-06-23T17:23:48Z,2026-06-23T19:23:48+0200,c51852f0-2285-49e0-9c34-cd4ce69db778,2026-05-27T02:15:00Z,2026-05-27T04:15:00+0200,44960.69968,MW,DE,DE_LU,actual_load,Actual Load,2026-06-23T17:24:51Z
2026-06-23T17:23:48Z,2026-06-23T19:23:48+0200,c51852f0-2285-49e0-9c34-cd4ce69db778,2026-05-27T02:30:00Z,2026-05-27T04:30:00+0200,45051.33693,MW,DE,DE_LU,actual_load,Actual Load,2026-06-23T17:24:51Z
2026-06-23T17:23:48Z,2026-06-23T19:23:48+0200,c51852f0-2285-49e0-9c34-cd4ce69db778,2026-05-27T02:45:00Z,2026-05-27T04:45:00+0200,45064.83948,MW,DE,DE_LU,actual_load,Actual Load,2026-06-23T17:24:51Z
2026-06-23T17:23:48Z,2026-06-23T19:23:48+0200,c51852f0-2285-49e0-9c34-cd4ce69db778,2026-05-27T03:00:00Z,2026-05-27T05:00:00+0200,46263.83477,MW,DE,DE_LU,actual_load,Actual Load,2026-06-23T17:24:51Z
2026-06-23T17:23:48Z,2026-06-23T19:23:48+0200,c51852f0-2285-49e0-9c34-cd4ce69db778,2026-05-27T03:15:00Z,2026-05-27T05:15:00+0200,46800.39222,MW,DE,DE_LU,actual_load,Actual Load,2026-06-23T17:24:51Z
2026-06-23T17:23:48Z,2026-06-23T19:23:48+0200,c51852f0-2285-49e0-9c34-cd4ce69db778,2026-05-27T03:30:00Z,2026-05-27T05:30:00+0200,47552.51591,MW,DE,DE_LU,actual_load,Actual Load,2026-06-23T17:24:51Z
2026-06-23T17:23:48Z,2026-06-23T19:23:48+0200,c51852f0-2285-49e0-9c34-cd4ce69db778,2026-05-27T03:45:00Z,2026-05-27T05:45:00+0200,48813.40072,MW,DE,DE_LU,actual_load,Actual Load,2026-06-23T17:24:51Z
2026-06-23T17:23:48Z,2026-06-23T19:23:48+0200,c51852f0-2285-49e0-9c34-cd4ce69db778,2026-05-27T04:00:00Z,2026-05-27T06:00:00+0200,51291.09727,MW,DE,DE_LU,actual_load,Actual Load,2026-06-23T17:24:51Z
2026-06-23T17:23:48Z,2026-06-23T19:23:48+0200,c51852f0-2285-49e0-9c34-cd4ce69db778,2026-05-27T04:15:00Z,2026-05-27T06:15:00+0200,53005.35045,MW,DE,DE_LU,actual_load,Actual Load,2026-06-23T17:24:51Z
2026-06-23T17:23:48Z,2026-06-23T19:23:48+0200,c51852f0-2285-49e0-9c34-cd4ce69db778,2026-05-27T04:30:00Z,2026-05-27T06:30:00+0200,54333.2432,MW,DE,DE_LU,actual_load,Actual Load,2026-06-23T17:24:51Z
2026-06-23T17:23:48Z,2026-06-23T19:23:48+0200,c51852f0-2285-49e0-9c34-cd4ce69db778,2026-05-27T04:45:00Z,2026-05-27T06:45:00+0200,55310.07649,MW,DE,DE_LU,actual_load,Actual Load,2026-06-23T17:24:51Z
2026-06-23T17:23:48Z,2026-06-23T19:23:48+0200,c51852f0-2285-49e0-9c34-cd4ce69db778,2026-05-27T05:00:00Z,2026-05-27T07:00:00+0200,56430.96333,MW,DE,DE_LU,actual_load,Actual Load,2026-06-23T17:24:51Z
2026-06-23T17:23:48Z,2026-06-23T19:23:48+0200,c51852f0-2285-49e0-9c34-cd4ce69db778,2026-05-27T05:15:00Z,2026-05-27T07:15:00+0200,57525.02432,MW,DE,DE_LU,actual_load,Actual Load,2026-06-23T17:24:51Z
2026-06-23T17:23:48Z,2026-06-23T19:23:48+0200,c51852f0-2285-49e0-9c34-cd4ce69db778,2026-05-27T05:30:00Z,2026-05-27T07:30:00+0200,58711.63542,MW,DE,DE_LU,actual_load,Actual Load,2026-06-23T17:24:51Z
2026-06-23T17:23:48Z,2026-06-23T19:23:48+0200,c51852f0-2285-49e0-9c34-cd4ce69db778,2026-05-27T05:45:00Z,2026-05-27T07:45:00+0200,60248.78173,MW,DE,DE_LU,actual_load,Actual Load,2026-06-23T17:24:51Z
2026-06-23T17:23:48Z,2026-06-23T19:23:48+0200,c51852f0-2285-49e0-9c34-cd4ce69db778,2026-05-27T06:00:00Z,2026-05-27T08:00:00+0200,59833.65294,MW,DE,DE_LU,actual_load,Actual Load,2026-06-23T17:24:51Z
2026-06-23T17:23:48Z,2026-06-23T19:23:48+0200,c51852f0-2285-49e0-9c34-cd4ce69db778,2026-05-27T06:15:00Z,2026-05-27T08:15:00+0200,60280.57821,MW,DE,DE_LU,actual_load,Actual Load,2026-06-23T17:24:51Z
2026-06-23T17:23:48Z,2026-06-23T19:23:48+0200,c51852f0-2285-49e0-9c34-cd4ce69db778,2026-05-27T06:30:00Z,2026-05-27T08:30:00+0200,60231.29123,MW,DE,DE_LU,actual_load,Actual Load,2026-06-23T17:24:51Z
2026-06-23T17:23:48Z,2026-06-23T19:23:48+0200,c51852f0-2285-49e0-9c34-cd4ce69db778,2026-05-27T06:45:00Z,2026-05-27T08:45:00+0200,60152.66595,MW,DE,DE_LU,actual_load,Actual Load,2026-06-23T17:24:51Z
2026-06-23T17:23:48Z,2026-06-23T19:23:48+0200,c51852f0-2285-49e0-9c34-cd4ce69db778,2026-05-27T07:00:00Z,2026-05-27T09:00:00+0200,59789.69501,MW,DE,DE_LU,actual_load,Actual Load,2026-06-23T17:24:51Z
2026-06-23T17:23:48Z,2026-06-23T19:23:48+0200,c51852f0-2285-49e0-9c34-cd4ce69db778,2026-05-27T07:15:00Z,2026-05-27T09:15:00+0200,59736.43555,MW,DE,DE_LU,actual_load,Actual Load,2026-06-23T17:24:51Z
2026-06-23T17:23:48Z,2026-06-23T19:23:48+0200,c51852f0-2285-49e0-9c34-cd4ce69db778,2026-05-27T07:30:00Z,2026-05-27T09:30:00+0200,59499.83633,MW,DE,DE_LU,actual_load,Actual Load,2026-06-23T17:24:51Z
2026-06-23T17:23:48Z,2026-06-23T19:23:48+0200,c51852f0-2285-49e0-9c34-cd4ce69db778,2026-05-27T07:45:00Z,2026-05-27T09:45:00+0200,59201.62637,MW,DE,DE_LU,actual_load,Actual Load,2026-06-23T17:24:51Z
2026-06-23T17:23:48Z,2026-06-23T19:23:48+0200,c51852f0-2285-49e0-9c34-cd4ce69db778,2026-05-27T08:00:00Z,2026-05-27T10:00:00+0200,58994.31239,MW,DE,DE_LU,actual_load,Actual Load,2026-06-23T17:24:51Z
2026-06-23T17:23:48Z,2026-06-23T19:23:48+0200,c51852f0-2285-49e0-9c34-cd4ce69db778,2026-05-27T08:15:00Z,2026-05-27T10:15:00+0200,58914.55412,MW,DE,DE_LU,actual_load,Actual Load,2026-06-23T17:24:51Z
2026-06-23T17:23:48Z,2026-06-23T19:23:48+0200,c51852f0-2285-49e0-9c34-cd4ce69db778,2026-05-27T08:30:00Z,2026-05-27T10:30:00+0200,58409.2376,MW,DE,DE_LU,actual_load,Actual Load,2026-06-23T17:24:51Z
2026-06-23T17:23:48Z,2026-06-23T19:23:48+0200,c51852f0-2285-49e0-9c34-cd4ce69db778,2026-05-27T08:45:00Z,2026-05-27T10:45:00+0200,58378.87923,MW,DE,DE_LU,actual_load,Actual Load,2026-06-23T17:24:51Z
2026-06-23T17:23:48Z,2026-06-23T19:23:48+0200,c51852f0-2285-49e0-9c34-cd4ce69db778,2026-05-27T09:00:00Z,2026-05-27T11:00:00+0200,57715.74801,MW,DE,DE_LU,actual_load,Actual Load,2026-06-23T17:24:51Z
2026-06-23T17:23:48Z,2026-06-23T19:23:48+0200,c51852f0-2285-49e0-9c34-cd4ce69db778,2026-05-27T09:15:00Z,2026-05-27T11:15:00+0200,57790.01647,MW,DE,DE_LU,actual_load,Actual Load,2026-06-23T17:24:51Z
2026-06-23T17:23:48Z,2026-06-23T19:23:48+0200,c51852f0-2285-49e0-9c34-cd4ce69db778,2026-05-27T09:30:00Z,2026-05-27T11:30:00+0200,58093.24246,MW,DE,DE_LU,actual_load,Actual Load,2026-06-23T17:24:51Z
2026-06-23T17:23:48Z,2026-06-23T19:23:48+0200,c51852f0-2285-49e0-9c34-cd4ce69db778,2026-05-27T09:45:00Z,2026-05-27T11:45:00+0200,57980.52757,MW,DE,DE_LU,actual_load,Actual Load,2026-06-23T17:24:51Z
2026-06-23T17:23:48Z,2026-06-23T19:23:48+0200,c51852f0-2285-49e0-9c34-cd4ce69db778,2026-05-27T10:00:00Z,2026-05-27T12:00:00+0200,57444.27526,MW,DE,DE_LU,actual_load,Actual Load,2026-06-23T17:24:51Z
2026-06-23T17:23:48Z,2026-06-23T19:23:48+0200,c51852f0-2285-49e0-9c34-cd4ce69db778,2026-05-27T10:15:00Z,2026-05-27T12:15:00+0200,56987.1551,MW,DE,DE_LU,actual_load,Actual Load,2026-06-23T17:24:51Z
2026-06-23T17:23:48Z,2026-06-23T19:23:48+0200,c51852f0-2285-49e0-9c34-cd4ce69db778,2026-05-27T10:30:00Z,2026-05-27T12:30:00+0200,56551.88102,MW,DE,DE_LU,actual_load,Actual Load,2026-06-23T17:24:51Z
2026-06-23T17:23:48Z,2026-06-23T19:23:48+0200,c51852f0-2285-49e0-9c34-cd4ce69db778,2026-05-27T10:45:00Z,2026-05-27T12:45:00+0200,56644.4332,MW,DE,DE_LU,actual_load,Actual Load,2026-06-23T17:24:51Z
2026-06-23T17:23:48Z,2026-06-23T19:23:48+0200,c51852f0-2285-49e0-9c34-cd4ce69db778,2026-05-27T11:00:00Z,2026-05-27T13:00:00+0200,56517.65122,MW,DE,DE_LU,actual_load,Actual Load,2026-06-23T17:24:51Z
2026-06-23T17:23:48Z,2026-06-23T19:23:48+0200,c51852f0-2285-49e0-9c34-cd4ce69db778,2026-05-27T11:15:00Z,2026-05-27T13:15:00+0200,56035.73408,MW,DE,DE_LU,actual_load,Actual Load,2026-06-23T17:24:51Z
2026-06-23T17:23:48Z,2026-06-23T19:23:48+0200,c51852f0-2285-49e0-9c34-cd4ce69db778,2026-05-27T11:30:00Z,2026-05-27T13:30:00+0200,56161.85962,MW,DE,DE_LU,actual_load,Actual Load,2026-06-23T17:24:51Z
2026-06-23T17:23:48Z,2026-06-23T19:23:48+0200,c51852f0-2285-49e0-9c34-cd4ce69db778,2026-05-27T11:45:00Z,2026-05-27T13:45:00+0200,54862.93014,MW,DE,DE_LU,actual_load,Actual Load,2026-06-23T17:24:51Z
2026-06-23T17:23:48Z,2026-06-23T19:23:48+0200,c51852f0-2285-49e0-9c34-cd4ce69db778,2026-05-27T12:00:00Z,2026-05-27T14:00:00+0200,54316.07013,MW,DE,DE_LU,actual_load,Actual Load,2026-06-23T17:24:51Z
2026-06-23T17:23:48Z,2026-06-23T19:23:48+0200,c51852f0-2285-49e0-9c34-cd4ce69db778,2026-05-27T12:15:00Z,2026-05-27T14:15:00+0200,54051.91634,MW,DE,DE_LU,actual_load,Actual Load,2026-06-23T17:24:51Z
2026-06-23T17:23:48Z,2026-06-23T19:23:48+0200,c51852f0-2285-49e0-9c34-cd4ce69db778,2026-05-27T12:30:00Z,2026-05-27T14:30:00+0200,53464.73502,MW,DE,DE_LU,actual_load,Actual Load,2026-06-23T17:24:51Z
2026-06-23T17:23:48Z,2026-06-23T19:23:48+0200,c51852f0-2285-49e0-9c34-cd4ce69db778,2026-05-27T12:45:00Z,2026-05-27T14:45:00+0200,53724.54029,MW,DE,DE_LU,actual_load,Actual Load,2026-06-23T17:24:51Z
2026-06-23T17:23:48Z,2026-06-23T19:23:48+0200,c51852f0-2285-49e0-9c34-cd4ce69db778,2026-05-27T13:00:00Z,2026-05-27T15:00:00+0200,53810.64327,MW,DE,DE_LU,actual_load,Actual Load,2026-06-23T17:24:51Z
2026-06-23T17:23:48Z,2026-06-23T19:23:48+0200,c51852f0-2285-49e0-9c34-cd4ce69db778,2026-05-27T13:15:00Z,2026-05-27T15:15:00+0200,53542.10411,MW,DE,DE_LU,actual_load,Actual Load,2026-06-23T17:24:51Z
2026-06-23T17:23:48Z,2026-06-23T19:23:48+0200,c51852f0-2285-49e0-9c34-cd4ce69db778,2026-05-27T13:30:00Z,2026-05-27T15:30:00+0200,53653.43236,MW,DE,DE_LU,actual_load,Actual Load,2026-06-23T17:24:51Z
2026-06-23T17:23:48Z,2026-06-23T19:23:48+0200,c51852f0-2285-49e0-9c34-cd4ce69db778,2026-05-27T13:45:00Z,2026-05-27T15:45:00+0200,53449.88413,MW,DE,DE_LU,actual_load,Actual Load,2026-06-23T17:24:51Z
2026-06-23T17:23:48Z,2026-06-23T19:23:48+0200,c51852f0-2285-49e0-9c34-cd4ce69db778,2026-05-27T14:00:00Z,2026-05-27T16:00:00+0200,53086.6838,MW,DE,DE_LU,actual_load,Actual Load,2026-06-23T17:24:51Z
2026-06-23T17:23:48Z,2026-06-23T19:23:48+0200,c51852f0-2285-49e0-9c34-cd4ce69db778,2026-05-27T14:15:00Z,2026-05-27T16:15:00+0200,52809.93059,MW,DE,DE_LU,actual_load,Actual Load,2026-06-23T17:24:51Z
2026-06-23T17:23:48Z,2026-06-23T19:23:48+0200,c51852f0-2285-49e0-9c34-cd4ce69db778,2026-05-27T14:30:00Z,2026-05-27T16:30:00+0200,53409.91474,MW,DE,DE_LU,actual_load,Actual Load,2026-06-23T17:24:51Z
2026-06-23T17:23:48Z,2026-06-23T19:23:48+0200,c51852f0-2285-49e0-9c34-cd4ce69db778,2026-05-27T14:45:00Z,2026-05-27T16:45:00+0200,53516.75766,MW,DE,DE_LU,actual_load,Actual Load,2026-06-23T17:24:51Z
2026-06-23T17:23:48Z,2026-06-23T19:23:48+0200,c51852f0-2285-49e0-9c34-cd4ce69db778,2026-05-27T15:00:00Z,2026-05-27T17:00:00+0200,53716.11238,MW,DE,DE_LU,actual_load,Actual Load,2026-06-23T17:24:51Z
2026-06-23T17:23:48Z,2026-06-23T19:23:48+0200,c51852f0-2285-49e0-9c34-cd4ce69db778,2026-05-27T15:15:00Z,2026-05-27T17:15:00+0200,54056.82352,MW,DE,DE_LU,actual_load,Actual Load,2026-06-23T17:24:51Z
2026-06-23T17:23:48Z,2026-06-23T19:23:48+0200,c51852f0-2285-49e0-9c34-cd4ce69db778,2026-05-27T15:30:00Z,2026-05-27T17:30:00+0200,55063.70201,MW,DE,DE_LU,actual_load,Actual Load,2026-06-23T17:24:51Z
2026-06-23T17:23:48Z,2026-06-23T19:23:48+0200,c51852f0-2285-49e0-9c34-cd4ce69db778,2026-05-27T15:45:00Z,2026-05-27T17:45:00+0200,55056.56631,MW,DE,DE_LU,actual_load,Actual Load,2026-06-23T17:24:51Z
2026-06-23T17:23:48Z,2026-06-23T19:23:48+0200,c51852f0-2285-49e0-9c34-cd4ce69db778,2026-05-27T16:00:00Z,2026-05-27T18:00:00+0200,55368.94944,MW,DE,DE_LU,actual_load,Actual Load,2026-06-23T17:24:51Z
2026-06-23T17:23:48Z,2026-06-23T19:23:48+0200,c51852f0-2285-49e0-9c34-cd4ce69db778,2026-05-27T16:15:00Z,2026-05-27T18:15:00+0200,55230.37669,MW,DE,DE_LU,actual_load,Actual Load,2026-06-23T17:24:51Z
2026-06-23T17:23:48Z,2026-06-23T19:23:48+0200,c51852f0-2285-49e0-9c34-cd4ce69db778,2026-05-27T16:30:00Z,2026-05-27T18:30:00+0200,56151.9871,MW,DE,DE_LU,actual_load,Actual Load,2026-06-23T17:24:51Z
2026-06-23T17:23:48Z,2026-06-23T19:23:48+0200,c51852f0-2285-49e0-9c34-cd4ce69db778,2026-05-27T16:45:00Z,2026-05-27T18:45:00+0200,57108.16371,MW,DE,DE_LU,actual_load,Actual Load,2026-06-23T17:24:51Z
2026-06-23T17:23:48Z,2026-06-23T19:23:48+0200,c51852f0-2285-49e0-9c34-cd4ce69db778,2026-05-27T17:00:00Z,2026-05-27T19:00:00+0200,58308.20233,MW,DE,DE_LU,actual_load,Actual Load,2026-06-23T17:24:51Z
2026-06-23T17:23:48Z,2026-06-23T19:23:48+0200,c51852f0-2285-49e0-9c34-cd4ce69db778,2026-05-27T17:15:00Z,2026-05-27T19:15:00+0200,57689.85839,MW,DE,DE_LU,actual_load,Actual Load,2026-06-23T17:24:51Z
2026-06-23T17:23:48Z,2026-06-23T19:23:48+0200,c51852f0-2285-49e0-9c34-cd4ce69db778,2026-05-27T17:30:00Z,2026-05-27T19:30:00+0200,57679.51921,MW,DE,DE_LU,actual_load,Actual Load,2026-06-23T17:24:51Z
2026-06-23T17:23:48Z,2026-06-23T19:23:48+0200,c51852f0-2285-49e0-9c34-cd4ce69db778,2026-05-27T17:45:00Z,2026-05-27T19:45:00+0200,57785.24146,MW,DE,DE_LU,actual_load,Actual Load,2026-06-23T17:24:51Z
2026-06-23T17:23:48Z,2026-06-23T19:23:48+0200,c51852f0-2285-49e0-9c34-cd4ce69db778,2026-05-27T18:00:00Z,2026-05-27T20:00:00+0200,57807.48831,MW,DE,DE_LU,actual_load,Actual Load,2026-06-23T17:24:51Z
2026-06-23T17:23:48Z,2026-06-23T19:23:48+0200,c51852f0-2285-49e0-9c34-cd4ce69db778,2026-05-27T18:15:00Z,2026-05-27T20:15:00+0200,57253.56436,MW,DE,DE_LU,actual_load,Actual Load,2026-06-23T17:24:51Z
2026-06-23T17:23:48Z,2026-06-23T19:23:48+0200,c51852f0-2285-49e0-9c34-cd4ce69db778,2026-05-27T18:30:00Z,2026-05-27T20:30:00+0200,56472.419,MW,DE,DE_LU,actual_load,Actual Load,2026-06-23T17:24:51Z
2026-06-23T17:23:48Z,2026-06-23T19:23:48+0200,c51852f0-2285-49e0-9c34-cd4ce69db778,2026-05-27T18:45:00Z,2026-05-27T20:45:00+0200,55574.5696,MW,DE,DE_LU,actual_load,Actual Load,2026-06-23T17:24:51Z
2026-06-23T17:23:48Z,2026-06-23T19:23:48+0200,c51852f0-2285-49e0-9c34-cd4ce69db778,2026-05-27T19:00:00Z,2026-05-27T21:00:00+0200,54704.56166,MW,DE,DE_LU,actual_load,Actual Load,2026-06-23T17:24:51Z
2026-06-23T17:23:48Z,2026-06-23T19:23:48+0200,c51852f0-2285-49e0-9c34-cd4ce69db778,2026-05-27T19:15:00Z,2026-05-27T21:15:00+0200,54348.32776,MW,DE,DE_LU,actual_load,Actual Load,2026-06-23T17:24:51Z
2026-06-23T17:23:48Z,2026-06-23T19:23:48+0200,c51852f0-2285-49e0-9c34-cd4ce69db778,2026-05-27T19:30:00Z,2026-05-27T21:30:00+0200,54648.11563,MW,DE,DE_LU,actual_load,Actual Load,2026-06-23T17:24:51Z
2026-06-23T17:23:48Z,2026-06-23T19:23:48+0200,c51852f0-2285-49e0-9c34-cd4ce69db778,2026-05-27T19:45:00Z,2026-05-27T21:45:00+0200,54692.65784,MW,DE,DE_LU,actual_load,Actual Load,2026-06-23T17:24:51Z
2026-06-23T17:23:48Z,2026-06-23T19:23:48+0200,c51852f0-2285-49e0-9c34-cd4ce69db778,2026-05-27T20:00:00Z,2026-05-27T22:00:00+0200,53126.07465,MW,DE,DE_LU,actual_load,Actual Load,2026-06-23T17:24:51Z
2026-06-23T17:23:48Z,2026-06-23T19:23:48+0200,c51852f0-2285-49e0-9c34-cd4ce69db778,2026-05-27T20:15:00Z,2026-05-27T22:15:00+0200,52995.22181,MW,DE,DE_LU,actual_load,Actual Load,2026-06-23T17:24:51Z
2026-06-23T17:23:48Z,2026-06-23T19:23:48+0200,c51852f0-2285-49e0-9c34-cd4ce69db778,2026-05-27T20:30:00Z,2026-05-27T22:30:00+0200,52615.8778,MW,DE,DE_LU,actual_load,Actual Load,2026-06-23T17:24:51Z
2026-06-23T17:23:48Z,2026-06-23T19:23:48+0200,c51852f0-2285-49e0-9c34-cd4ce69db778,2026-05-27T20:45:00Z,2026-05-27T22:45:00+0200,52090.24963,MW,DE,DE_LU,actual_load,Actual Load,2026-06-23T17:24:51Z
2026-06-23T17:23:48Z,2026-06-23T19:23:48+0200,c51852f0-2285-49e0-9c34-cd4ce69db778,2026-05-27T21:00:00Z,2026-05-27T23:00:00+0200,50638.05452,MW,DE,DE_LU,actual_load,Actual Load,2026-06-23T17:24:51Z
2026-06-23T17:23:48Z,2026-06-23T19:23:48+0200,c51852f0-2285-49e0-9c34-cd4ce69db778,2026-05-27T21:15:00Z,2026-05-27T23:15:00+0200,49977.02461,MW,DE,DE_LU,actual_load,Actual Load,2026-06-23T17:24:51Z
2026-06-23T17:23:48Z,2026-06-23T19:23:48+0200,c51852f0-2285-49e0-9c34-cd4ce69db778,2026-05-27T21:30:00Z,2026-05-27T23:30:00+0200,49127.51727,MW,DE,DE_LU,actual_load,Actual Load,2026-06-23T17:24:51Z
2026-06-23T17:23:48Z,2026-06-23T19:23:48+0200,c51852f0-2285-49e0-9c34-cd4ce69db778,2026-05-27T21:45:00Z,2026-05-27T23:45:00+0200,48570.79221,MW,DE,DE_LU,actual_load,Actual Load,2026-06-23T17:24:51Z
2026-06-23T17:23:48Z,2026-06-23T19:23:48+0200,c51852f0-2285-49e0-9c34-cd4ce69db778,2026-05-27T22:00:00Z,2026-05-28T00:00:00+0200,46991.02549,MW,DE,DE_LU,actual_load,Actual Load,2026-06-23T17:24:51Z
2026-06-23T17:23:48Z,2026-06-23T19:23:48+0200,c51852f0-2285-49e0-9c34-cd4ce69db778,2026-05-27T22:15:00Z,2026-05-28T00:15:00+0200,46524.47206,MW,DE,DE_LU,actual_load,Actual Load,2026-06-23T17:24:51Z
2026-06-23T17:23:48Z,2026-06-23T19:23:48+0200,c51852f0-2285-49e0-9c34-cd4ce69db778,2026-05-27T22:30:00Z,2026-05-28T00:30:00+0200,46503.91169,MW,DE,DE_LU,actual_load,Actual Load,2026-06-23T17:24:51Z
2026-06-23T17:23:48Z,2026-06-23T19:23:48+0200,c51852f0-2285-49e0-9c34-cd4ce69db778,2026-05-27T22:45:00Z,2026-05-28T00:45:00+0200,46108.9432,MW,DE,DE_LU,actual_load,Actual Load,2026-06-23T17:24:51Z
2026-06-23T17:23:48Z,2026-06-23T19:23:48+0200,c51852f0-2285-49e0-9c34-cd4ce69db778,2026-05-27T23:00:00Z,2026-05-28T01:00:00+0200,45195.27352,MW,DE,DE_LU,actual_load,Actual Load,2026-06-23T17:24:51Z
2026-06-23T17:23:48Z,2026-06-23T19:23:48+0200,c51852f0-2285-49e0-9c34-cd4ce69db778,2026-05-27T23:15:00Z,2026-05-28T01:15:00+0200,45044.36867,MW,DE,DE_LU,actual_load,Actual Load,2026-06-23T17:24:51Z
2026-06-23T17:23:48Z,2026-06-23T19:23:48+0200,c51852f0-2285-49e0-9c34-cd4ce69db778,2026-05-27T23:30:00Z,2026-05-28T01:30:00+0200,44519.45816,MW,DE,DE_LU,actual_load,Actual Load,2026-06-23T17:24:51Z
2026-06-23T17:23:48Z,2026-06-23T19:23:48+0200,c51852f0-2285-49e0-9c34-cd4ce69db778,2026-05-27T23:45:00Z,2026-05-28T01:45:00+0200,44435.54486,MW,DE,DE_LU,actual_load,Actual Load,2026-06-23T17:24:51Z
2026-06-23T17:23:48Z,2026-06-23T19:23:48+0200,c51852f0-2285-49e0-9c34-cd4ce69db778,2026-05-28T00:00:00Z,2026-05-28T02:00:00+0200,43913.25759,MW,DE,DE_LU,actual_load,Actual Load,2026-06-23T17:24:51Z
2026-06-23T17:23:48Z,2026-06-23T19:23:48+0200,c51852f0-2285-49e0-9c34-cd4ce69db778,2026-05-28T00:15:00Z,2026-05-28T02:15:00+0200,43733.80022,MW,DE,DE_LU,actual_load,Actual Load,2026-06-23T17:24:51Z
2026-06-23T17:23:48Z,2026-06-23T19:23:48+0200,c51852f0-2285-49e0-9c34-cd4ce69db778,2026-05-28T00:30:00Z,2026-05-28T02:30:00+0200,43480.18046,MW,DE,DE_LU,actual_load,Actual Load,2026-06-23T17:24:51Z
2026-06-23T17:23:48Z,2026-06-23T19:23:48+0200,c51852f0-2285-49e0-9c34-cd4ce69db778,2026-05-28T00:45:00Z,2026-05-28T02:45:00+0200,43605.37547,MW,DE,DE_LU,actual_load,Actual Load,2026-06-23T17:24:51Z
2026-06-23T17:23:48Z,2026-06-23T19:23:48+0200,c51852f0-2285-49e0-9c34-cd4ce69db778,2026-05-28T01:00:00Z,2026-05-28T03:00:00+0200,44078.23682,MW,DE,DE_LU,actual_load,Actual Load,2026-06-23T17:24:51Z
2026-06-23T17:23:48Z,2026-06-23T19:23:48+0200,c51852f0-2285-49e0-9c34-cd4ce69db778,2026-05-28T01:15:00Z,2026-05-28T03:15:00+0200,43929.21596,MW,DE,DE_LU,actual_load,Actual Load,2026-06-23T17:24:51Z
2026-06-23T17:23:48Z,2026-06-23T19:23:48+0200,c51852f0-2285-49e0-9c34-cd4ce69db778,2026-05-28T01:30:00Z,2026-05-28T03:30:00+0200,44344.593,MW,DE,DE_LU,actual_load,Actual Load,2026-06-23T17:24:51Z
2026-06-23T17:23:48Z,2026-06-23T19:23:48+0200,c51852f0-2285-49e0-9c34-cd4ce69db778,2026-05-28T01:45:00Z,2026-05-28T03:45:00+0200,44361.4745,MW,DE,DE_LU,actual_load,Actual Load,2026-06-23T17:24:51Z
2026-06-23T17:23:48Z,2026-06-23T19:23:48+0200,c51852f0-2285-49e0-9c34-cd4ce69db778,2026-05-28T02:00:00Z,2026-05-28T04:00:00+0200,43949.85541,MW,DE,DE_LU,actual_load,Actual Load,2026-06-23T17:24:51Z
2026-06-23T17:23:48Z,2026-06-23T19:23:48+0200,c51852f0-2285-49e0-9c34-cd4ce69db778,2026-05-28T02:15:00Z,2026-05-28T04:15:00+0200,44270.49299,MW,DE,DE_LU,actual_load,Actual Load,2026-06-23T17:24:51Z
2026-06-23T17:23:48Z,2026-06-23T19:23:48+0200,c51852f0-2285-49e0-9c34-cd4ce69db778,2026-05-28T02:30:00Z,2026-05-28T04:30:00+0200,44670.24822,MW,DE,DE_LU,actual_load,Actual Load,2026-06-23T17:24:51Z
2026-06-23T17:23:48Z,2026-06-23T19:23:48+0200,c51852f0-2285-49e0-9c34-cd4ce69db778,2026-05-28T02:45:00Z,2026-05-28T04:45:00+0200,45141.47457,MW,DE,DE_LU,actual_load,Actual Load,2026-06-23T17:24:51Z
2026-06-23T17:23:48Z,2026-06-23T19:23:48+0200,c51852f0-2285-49e0-9c34-cd4ce69db778,2026-05-28T03:00:00Z,2026-05-28T05:00:00+0200,46170.60444,MW,DE,DE_LU,actual_load,Actual Load,2026-06-23T17:24:51Z
2026-06-23T17:23:48Z,2026-06-23T19:23:48+0200,c51852f0-2285-49e0-9c34-cd4ce69db778,2026-05-28T03:15:00Z,2026-05-28T05:15:00+0200,46563.35568,MW,DE,DE_LU,actual_load,Actual Load,2026-06-23T17:24:51Z
2026-06-23T17:23:48Z,2026-06-23T19:23:48+0200,c51852f0-2285-49e0-9c34-cd4ce69db778,2026-05-28T03:30:00Z,2026-05-28T05:30:00+0200,47020.96715,MW,DE,DE_LU,actual_load,Actual Load,2026-06-23T17:24:51Z
2026-06-23T17:23:48Z,2026-06-23T19:23:48+0200,c51852f0-2285-49e0-9c34-cd4ce69db778,2026-05-28T03:45:00Z,2026-05-28T05:45:00+0200,48462.87573,MW,DE,DE_LU,actual_load,Actual Load,2026-06-23T17:24:51Z
2026-06-23T17:23:48Z,2026-06-23T19:23:48+0200,c51852f0-2285-49e0-9c34-cd4ce69db778,2026-05-28T04:00:00Z,2026-05-28T06:00:00+0200,50776.13766,MW,DE,DE_LU,actual_load,Actual Load,2026-06-23T17:24:51Z
2026-06-23T17:23:48Z,2026-06-23T19:23:48+0200,c51852f0-2285-49e0-9c34-cd4ce69db778,2026-05-28T04:15:00Z,2026-05-28T06:15:00+0200,52153.92402,MW,DE,DE_LU,actual_load,Actual Load,2026-06-23T17:24:51Z
2026-06-23T17:23:48Z,2026-06-23T19:23:48+0200,c51852f0-2285-49e0-9c34-cd4ce69db778,2026-05-28T04:30:00Z,2026-05-28T06:30:00+0200,53480.09228,MW,DE,DE_LU,actual_load,Actual Load,2026-06-23T17:24:51Z
2026-06-23T17:23:48Z,2026-06-23T19:23:48+0200,c51852f0-2285-49e0-9c34-cd4ce69db778,2026-05-28T04:45:00Z,2026-05-28T06:45:00+0200,54387.21098,MW,DE,DE_LU,actual_load,Actual Load,2026-06-23T17:24:51Z
2026-06-23T17:23:48Z,2026-06-23T19:23:48+0200,c51852f0-2285-49e0-9c34-cd4ce69db778,2026-05-28T05:00:00Z,2026-05-28T07:00:00+0200,55279.83359,MW,DE,DE_LU,actual_load,Actual Load,2026-06-23T17:24:51Z
2026-06-23T17:23:48Z,2026-06-23T19:23:48+0200,c51852f0-2285-49e0-9c34-cd4ce69db778,2026-05-28T05:15:00Z,2026-05-28T07:15:00+0200,56058.59814,MW,DE,DE_LU,actual_load,Actual Load,2026-06-23T17:24:51Z
2026-06-23T17:23:48Z,2026-06-23T19:23:48+0200,c51852f0-2285-49e0-9c34-cd4ce69db778,2026-05-28T05:30:00Z,2026-05-28T07:30:00+0200,56796.61471,MW,DE,DE_LU,actual_load,Actual Load,2026-06-23T17:24:51Z
2026-06-23T17:23:48Z,2026-06-23T19:23:48+0200,c51852f0-2285-49e0-9c34-cd4ce69db778,2026-05-28T05:45:00Z,2026-05-28T07:45:00+0200,57200.72829,MW,DE,DE_LU,actual_load,Actual Load,2026-06-23T17:24:51Z
2026-06-23T17:23:48Z,2026-06-23T19:23:48+0200,c51852f0-2285-49e0-9c34-cd4ce69db778,2026-05-28T06:00:00Z,2026-05-28T08:00:00+0200,57044.33774,MW,DE,DE_LU,actual_load,Actual Load,2026-06-23T17:24:51Z
2026-06-23T17:23:48Z,2026-06-23T19:23:48+0200,c51852f0-2285-49e0-9c34-cd4ce69db778,2026-05-28T06:15:00Z,2026-05-28T08:15:00+0200,57758.14252,MW,DE,DE_LU,actual_load,Actual Load,2026-06-23T17:24:51Z
2026-06-23T17:23:48Z,2026-06-23T19:23:48+0200,c51852f0-2285-49e0-9c34-cd4ce69db778,2026-05-28T06:30:00Z,2026-05-28T08:30:00+0200,58421.36916,MW,DE,DE_LU,actual_load,Actual Load,2026-06-23T17:24:51Z
2026-06-23T17:23:48Z,2026-06-23T19:23:48+0200,c51852f0-2285-49e0-9c34-cd4ce69db778,2026-05-28T06:45:00Z,2026-05-28T08:45:00+0200,58242.85082,MW,DE,DE_LU,actual_load,Actual Load,2026-06-23T17:24:51Z
2026-06-23T17:23:48Z,2026-06-23T19:23:48+0200,c51852f0-2285-49e0-9c34-cd4ce69db778,2026-05-28T07:00:00Z,2026-05-28T09:00:00+0200,57204.07271,MW,DE,DE_LU,actual_load,Actual Load,2026-06-23T17:24:51Z
2026-06-23T17:23:48Z,2026-06-23T19:23:48+0200,c51852f0-2285-49e0-9c34-cd4ce69db778,2026-05-28T07:15:00Z,2026-05-28T09:15:00+0200,56842.49928,MW,DE,DE_LU,actual_load,Actual Load,2026-06-23T17:24:51Z
2026-06-23T17:23:48Z,2026-06-23T19:23:48+0200,c51852f0-2285-49e0-9c34-cd4ce69db778,2026-05-28T07:30:00Z,2026-05-28T09:30:00+0200,56861.51669,MW,DE,DE_LU,actual_load,Actual Load,2026-06-23T17:24:51Z
2026-06-23T17:23:48Z,2026-06-23T19:23:48+0200,c51852f0-2285-49e0-9c34-cd4ce69db778,2026-05-28T07:45:00Z,2026-05-28T09:45:00+0200,57007.646,MW,DE,DE_LU,actual_load,Actual Load,2026-06-23T17:24:51Z
2026-06-23T17:23:48Z,2026-06-23T19:23:48+0200,c51852f0-2285-49e0-9c34-cd4ce69db778,2026-05-28T08:00:00Z,2026-05-28T10:00:00+0200,56990.58922,MW,DE,DE_LU,actual_load,Actual Load,2026-06-23T17:24:51Z
2026-06-23T17:23:48Z,2026-06-23T19:23:48+0200,c51852f0-2285-49e0-9c34-cd4ce69db778,2026-05-28T08:15:00Z,2026-05-28T10:15:00+0200,56763.45418,MW,DE,DE_LU,actual_load,Actual Load,2026-06-23T17:24:51Z
2026-06-23T17:23:48Z,2026-06-23T19:23:48+0200,c51852f0-2285-49e0-9c34-cd4ce69db778,2026-05-28T08:30:00Z,2026-05-28T10:30:00+0200,56605.28786,MW,DE,DE_LU,actual_load,Actual Load,2026-06-23T17:24:51Z
2026-06-23T17:23:48Z,2026-06-23T19:23:48+0200,c51852f0-2285-49e0-9c34-cd4ce69db778,2026-05-28T08:45:00Z,2026-05-28T10:45:00+0200,56078.20632,MW,DE,DE_LU,actual_load,Actual Load,2026-06-23T17:24:51Z
2026-06-23T17:23:48Z,2026-06-23T19:23:48+0200,c51852f0-2285-49e0-9c34-cd4ce69db778,2026-05-28T09:00:00Z,2026-05-28T11:00:00+0200,56006.4852,MW,DE,DE_LU,actual_load,Actual Load,2026-06-23T17:24:51Z
2026-06-23T17:23:48Z,2026-06-23T19:23:48+0200,c51852f0-2285-49e0-9c34-cd4ce69db778,2026-05-28T09:15:00Z,2026-05-28T11:15:00+0200,55233.05406,MW,DE,DE_LU,actual_load,Actual Load,2026-06-23T17:24:51Z
2026-06-23T17:23:48Z,2026-06-23T19:23:48+0200,c51852f0-2285-49e0-9c34-cd4ce69db778,2026-05-28T09:30:00Z,2026-05-28T11:30:00+0200,55539.90408,MW,DE,DE_LU,actual_load,Actual Load,2026-06-23T17:24:51Z
2026-06-23T17:23:48Z,2026-06-23T19:23:48+0200,c51852f0-2285-49e0-9c34-cd4ce69db778,2026-05-28T09:45:00Z,2026-05-28T11:45:00+0200,55689.73545,MW,DE,DE_LU,actual_load,Actual Load,2026-06-23T17:24:51Z
2026-06-23T17:23:48Z,2026-06-23T19:23:48+0200,c51852f0-2285-49e0-9c34-cd4ce69db778,2026-05-28T10:00:00Z,2026-05-28T12:00:00+0200,55370.1142,MW,DE,DE_LU,actual_load,Actual Load,2026-06-23T17:24:51Z
2026-06-23T17:23:48Z,2026-06-23T19:23:48+0200,c51852f0-2285-49e0-9c34-cd4ce69db778,2026-05-28T10:15:00Z,2026-05-28T12:15:00+0200,55345.59764,MW,DE,DE_LU,actual_load,Actual Load,2026-06-23T17:24:51Z
2026-06-23T17:23:48Z,2026-06-23T19:23:48+0200,c51852f0-2285-49e0-9c34-cd4ce69db778,2026-05-28T10:30:00Z,2026-05-28T12:30:00+0200,55144.79016,MW,DE,DE_LU,actual_load,Actual Load,2026-06-23T17:24:51Z
2026-06-23T17:23:48Z,2026-06-23T19:23:48+0200,c51852f0-2285-49e0-9c34-cd4ce69db778,2026-05-28T10:45:00Z,2026-05-28T12:45:00+0200,55014.81918,MW,DE,DE_LU,actual_load,Actual Load,2026-06-23T17:24:51Z
2026-06-23T17:23:48Z,2026-06-23T19:23:48+0200,c51852f0-2285-49e0-9c34-cd4ce69db778,2026-05-28T11:00:00Z,2026-05-28T13:00:00+0200,54921.17062,MW,DE,DE_LU,actual_load,Actual Load,2026-06-23T17:24:51Z
2026-06-23T17:23:48Z,2026-06-23T19:23:48+0200,c51852f0-2285-49e0-9c34-cd4ce69db778,2026-05-28T11:15:00Z,2026-05-28T13:15:00+0200,54710.7938,MW,DE,DE_LU,actual_load,Actual Load,2026-06-23T17:24:51Z
2026-06-23T17:23:48Z,2026-06-23T19:23:48+0200,c51852f0-2285-49e0-9c34-cd4ce69db778,2026-05-28T11:30:00Z,2026-05-28T13:30:00+0200,54604.16555,MW,DE,DE_LU,actual_load,Actual Load,2026-06-23T17:24:51Z
2026-06-23T17:23:48Z,2026-06-23T19:23:48+0200,c51852f0-2285-49e0-9c34-cd4ce69db778,2026-05-28T11:45:00Z,2026-05-28T13:45:00+0200,54028.11624,MW,DE,DE_LU,actual_load,Actual Load,2026-06-23T17:24:51Z
2026-06-23T17:23:48Z,2026-06-23T19:23:48+0200,c51852f0-2285-49e0-9c34-cd4ce69db778,2026-05-28T12:00:00Z,2026-05-28T14:00:00+0200,53233.64354,MW,DE,DE_LU,actual_load,Actual Load,2026-06-23T17:24:51Z
2026-06-23T17:23:48Z,2026-06-23T19:23:48+0200,c51852f0-2285-49e0-9c34-cd4ce69db778,2026-05-28T12:15:00Z,2026-05-28T14:15:00+0200,53038.44384,MW,DE,DE_LU,actual_load,Actual Load,2026-06-23T17:24:51Z
2026-06-23T17:23:48Z,2026-06-23T19:23:48+0200,c51852f0-2285-49e0-9c34-cd4ce69db778,2026-05-28T12:30:00Z,2026-05-28T14:30:00+0200,52537.42478,MW,DE,DE_LU,actual_load,Actual Load,2026-06-23T17:24:51Z
2026-06-23T17:23:48Z,2026-06-23T19:23:48+0200,c51852f0-2285-49e0-9c34-cd4ce69db778,2026-05-28T12:45:00Z,2026-05-28T14:45:00+0200,52162.40299,MW,DE,DE_LU,actual_load,Actual Load,2026-06-23T17:24:51Z
2026-06-23T17:23:48Z,2026-06-23T19:23:48+0200,c51852f0-2285-49e0-9c34-cd4ce69db778,2026-05-28T13:00:00Z,2026-05-28T15:00:00+0200,52456.61581,MW,DE,DE_LU,actual_load,Actual Load,2026-06-23T17:24:51Z
2026-06-23T17:23:48Z,2026-06-23T19:23:48+0200,c51852f0-2285-49e0-9c34-cd4ce69db778,2026-05-28T13:15:00Z,2026-05-28T15:15:00+0200,52367.20468,MW,DE,DE_LU,actual_load,Actual Load,2026-06-23T17:24:51Z
2026-06-23T17:23:48Z,2026-06-23T19:23:48+0200,c51852f0-2285-49e0-9c34-cd4ce69db778,2026-05-28T13:30:00Z,2026-05-28T15:30:00+0200,51818.66293,MW,DE,DE_LU,actual_load,Actual Load,2026-06-23T17:24:51Z
2026-06-23T17:23:48Z,2026-06-23T19:23:48+0200,c51852f0-2285-49e0-9c34-cd4ce69db778,2026-05-28T13:45:00Z,2026-05-28T15:45:00+0200,52022.52411,MW,DE,DE_LU,actual_load,Actual Load,2026-06-23T17:24:51Z
2026-06-23T17:23:48Z,2026-06-23T19:23:48+0200,c51852f0-2285-49e0-9c34-cd4ce69db778,2026-05-28T14:00:00Z,2026-05-28T16:00:00+0200,52631.78876,MW,DE,DE_LU,actual_load,Actual Load,2026-06-23T17:24:51Z
2026-06-23T17:23:48Z,2026-06-23T19:23:48+0200,c51852f0-2285-49e0-9c34-cd4ce69db778,2026-05-28T14:15:00Z,2026-05-28T16:15:00+0200,52759.59306,MW,DE,DE_LU,actual_load,Actual Load,2026-06-23T17:24:51Z
2026-06-23T17:23:48Z,2026-06-23T19:23:48+0200,c51852f0-2285-49e0-9c34-cd4ce69db778,2026-05-28T14:30:00Z,2026-05-28T16:30:00+0200,52226.98703,MW,DE,DE_LU,actual_load,Actual Load,2026-06-23T17:24:51Z
2026-06-23T17:23:48Z,2026-06-23T19:23:48+0200,c51852f0-2285-49e0-9c34-cd4ce69db778,2026-05-28T14:45:00Z,2026-05-28T16:45:00+0200,52551.96785,MW,DE,DE_LU,actual_load,Actual Load,2026-06-23T17:24:51Z
2026-06-23T17:23:48Z,2026-06-23T19:23:48+0200,c51852f0-2285-49e0-9c34-cd4ce69db778,2026-05-28T15:00:00Z,2026-05-28T17:00:00+0200,52742.00446,MW,DE,DE_LU,actual_load,Actual Load,2026-06-23T17:24:51Z
2026-06-23T17:23:48Z,2026-06-23T19:23:48+0200,c51852f0-2285-49e0-9c34-cd4ce69db778,2026-05-28T15:15:00Z,2026-05-28T17:15:00+0200,53243.85353,MW,DE,DE_LU,actual_load,Actual Load,2026-06-23T17:24:51Z
2026-06-23T17:23:48Z,2026-06-23T19:23:48+0200,c51852f0-2285-49e0-9c34-cd4ce69db778,2026-05-28T15:30:00Z,2026-05-28T17:30:00+0200,54043.3042,MW,DE,DE_LU,actual_load,Actual Load,2026-06-23T17:24:51Z
2026-06-23T17:23:48Z,2026-06-23T19:23:48+0200,c51852f0-2285-49e0-9c34-cd4ce69db778,2026-05-28T15:45:00Z,2026-05-28T17:45:00+0200,54236.08766,MW,DE,DE_LU,actual_load,Actual Load,2026-06-23T17:24:51Z
2026-06-23T17:23:48Z,2026-06-23T19:23:48+0200,c51852f0-2285-49e0-9c34-cd4ce69db778,2026-05-28T16:00:00Z,2026-05-28T18:00:00+0200,54364.85524,MW,DE,DE_LU,actual_load,Actual Load,2026-06-23T17:24:51Z
2026-06-23T17:23:48Z,2026-06-23T19:23:48+0200,c51852f0-2285-49e0-9c34-cd4ce69db778,2026-05-28T16:15:00Z,2026-05-28T18:15:00+0200,54532.92824,MW,DE,DE_LU,actual_load,Actual Load,2026-06-23T17:24:51Z
2026-06-23T17:23:48Z,2026-06-23T19:23:48+0200,c51852f0-2285-49e0-9c34-cd4ce69db778,2026-05-28T16:30:00Z,2026-05-28T18:30:00+0200,54967.00313,MW,DE,DE_LU,actual_load,Actual Load,2026-06-23T17:24:51Z
2026-06-23T17:23:48Z,2026-06-23T19:23:48+0200,c51852f0-2285-49e0-9c34-cd4ce69db778,2026-05-28T16:45:00Z,2026-05-28T18:45:00+0200,55790.39981,MW,DE,DE_LU,actual_load,Actual Load,2026-06-23T17:24:51Z
2026-06-23T17:23:48Z,2026-06-23T19:23:48+0200,c51852f0-2285-49e0-9c34-cd4ce69db778,2026-05-28T17:00:00Z,2026-05-28T19:00:00+0200,56507.70482,MW,DE,DE_LU,actual_load,Actual Load,2026-06-23T17:24:51Z
2026-06-23T17:23:48Z,2026-06-23T19:23:48+0200,c51852f0-2285-49e0-9c34-cd4ce69db778,2026-05-28T17:15:00Z,2026-05-28T19:15:00+0200,56732.27218,MW,DE,DE_LU,actual_load,Actual Load,2026-06-23T17:24:51Z
2026-06-23T17:23:48Z,2026-06-23T19:23:48+0200,c51852f0-2285-49e0-9c34-cd4ce69db778,2026-05-28T17:30:00Z,2026-05-28T19:30:00+0200,56984.05922,MW,DE,DE_LU,actual_load,Actual Load,2026-06-23T17:24:51Z
2026-06-23T17:23:48Z,2026-06-23T19:23:48+0200,c51852f0-2285-49e0-9c34-cd4ce69db778,2026-05-28T17:45:00Z,2026-05-28T19:45:00+0200,56815.78843,MW,DE,DE_LU,actual_load,Actual Load,2026-06-23T17:24:51Z
2026-06-23T17:23:48Z,2026-06-23T19:23:48+0200,c51852f0-2285-49e0-9c34-cd4ce69db778,2026-05-28T18:00:00Z,2026-05-28T20:00:00+0200,56498.9197,MW,DE,DE_LU,actual_load,Actual Load,2026-06-23T17:24:51Z
2026-06-23T17:23:48Z,2026-06-23T19:23:48+0200,c51852f0-2285-49e0-9c34-cd4ce69db778,2026-05-28T18:15:00Z,2026-05-28T20:15:00+0200,56037.29781,MW,DE,DE_LU,actual_load,Actual Load,2026-06-23T17:24:51Z
2026-06-23T17:23:48Z,2026-06-23T19:23:48+0200,c51852f0-2285-49e0-9c34-cd4ce69db778,2026-05-28T18:30:00Z,2026-05-28T20:30:00+0200,55268.54981,MW,DE,DE_LU,actual_load,Actual Load,2026-06-23T17:24:51Z
2026-06-23T17:23:48Z,2026-06-23T19:23:48+0200,c51852f0-2285-49e0-9c34-cd4ce69db778,2026-05-28T18:45:00Z,2026-05-28T20:45:00+0200,54592.41992,MW,DE,DE_LU,actual_load,Actual Load,2026-06-23T17:24:51Z
2026-06-23T17:23:48Z,2026-06-23T19:23:48+0200,c51852f0-2285-49e0-9c34-cd4ce69db778,2026-05-28T19:00:00Z,2026-05-28T21:00:00+0200,53993.49113,MW,DE,DE_LU,actual_load,Actual Load,2026-06-23T17:24:51Z
2026-06-23T17:23:48Z,2026-06-23T19:23:48+0200,c51852f0-2285-49e0-9c34-cd4ce69db778,2026-05-28T19:15:00Z,2026-05-28T21:15:00+0200,53876.58346,MW,DE,DE_LU,actual_load,Actual Load,2026-06-23T17:24:51Z
2026-06-23T17:23:48Z,2026-06-23T19:23:48+0200,c51852f0-2285-49e0-9c34-cd4ce69db778,2026-05-28T19:30:00Z,2026-05-28T21:30:00+0200,53447.59518,MW,DE,DE_LU,actual_load,Actual Load,2026-06-23T17:24:51Z
2026-06-23T17:23:48Z,2026-06-23T19:23:48+0200,c51852f0-2285-49e0-9c34-cd4ce69db778,2026-05-28T19:45:00Z,2026-05-28T21:45:00+0200,53347.98263,MW,DE,DE_LU,actual_load,Actual Load,2026-06-23T17:24:51Z
2026-06-23T17:23:48Z,2026-06-23T19:23:48+0200,c51852f0-2285-49e0-9c34-cd4ce69db778,2026-05-28T20:00:00Z,2026-05-28T22:00:00+0200,52230.61564,MW,DE,DE_LU,actual_load,Actual Load,2026-06-23T17:24:51Z
2026-06-23T17:23:48Z,2026-06-23T19:23:48+0200,c51852f0-2285-49e0-9c34-cd4ce69db778,2026-05-28T20:15:00Z,2026-05-28T22:15:00+0200,52112.29258,MW,DE,DE_LU,actual_load,Actual Load,2026-06-23T17:24:51Z
2026-06-23T17:23:48Z,2026-06-23T19:23:48+0200,c51852f0-2285-49e0-9c34-cd4ce69db778,2026-05-28T20:30:00Z,2026-05-28T22:30:00+0200,51415.1835,MW,DE,DE_LU,actual_load,Actual Load,2026-06-23T17:24:51Z
2026-06-23T17:23:48Z,2026-06-23T19:23:48+0200,c51852f0-2285-49e0-9c34-cd4ce69db778,2026-05-28T20:45:00Z,2026-05-28T22:45:00+0200,50954.30675,MW,DE,DE_LU,actual_load,Actual Load,2026-06-23T17:24:51Z
2026-06-23T17:23:48Z,2026-06-23T19:23:48+0200,c51852f0-2285-49e0-9c34-cd4ce69db778,2026-05-28T21:00:00Z,2026-05-28T23:00:00+0200,49775.16167,MW,DE,DE_LU,actual_load,Actual Load,2026-06-23T17:24:51Z
2026-06-23T17:23:48Z,2026-06-23T19:23:48+0200,c51852f0-2285-49e0-9c34-cd4ce69db778,2026-05-28T21:15:00Z,2026-05-28T23:15:00+0200,49430.53008,MW,DE,DE_LU,actual_load,Actual Load,2026-06-23T17:24:51Z
2026-06-23T17:23:48Z,2026-06-23T19:23:48+0200,c51852f0-2285-49e0-9c34-cd4ce69db778,2026-05-28T21:30:00Z,2026-05-28T23:30:00+0200,48846.2799,MW,DE,DE_LU,actual_load,Actual Load,2026-06-23T17:24:51Z
2026-06-23T17:23:48Z,2026-06-23T19:23:48+0200,c51852f0-2285-49e0-9c34-cd4ce69db778,2026-05-28T21:45:00Z,2026-05-28T23:45:00+0200,47774.80483,MW,DE,DE_LU,actual_load,Actual Load,2026-06-23T17:24:51Z
2026-06-23T17:23:48Z,2026-06-23T19:23:48+0200,c51852f0-2285-49e0-9c34-cd4ce69db778,2026-05-28T22:00:00Z,2026-05-29T00:00:00+0200,46917.73329,MW,DE,DE_LU,actual_load,Actual Load,2026-06-23T17:24:51Z
2026-06-23T17:23:48Z,2026-06-23T19:23:48+0200,c51852f0-2285-49e0-9c34-cd4ce69db778,2026-05-28T22:15:00Z,2026-05-29T00:15:00+0200,46381.36601,MW,DE,DE_LU,actual_load,Actual Load,2026-06-23T17:24:51Z
2026-06-23T17:23:48Z,2026-06-23T19:23:48+0200,c51852f0-2285-49e0-9c34-cd4ce69db778,2026-05-28T22:30:00Z,2026-05-29T00:30:00+0200,46089.15766,MW,DE,DE_LU,actual_load,Actual Load,2026-06-23T17:24:51Z
2026-06-23T17:23:48Z,2026-06-23T19:23:48+0200,c51852f0-2285-49e0-9c34-cd4ce69db778,2026-05-28T22:45:00Z,2026-05-29T00:45:00+0200,45861.45459,MW,DE,DE_LU,actual_load,Actual Load,2026-06-23T17:24:51Z
2026-06-23T17:23:48Z,2026-06-23T19:23:48+0200,c51852f0-2285-49e0-9c34-cd4ce69db778,2026-05-28T23:00:00Z,2026-05-29T01:00:00+0200,45498.10537,MW,DE,DE_LU,actual_load,Actual Load,2026-06-23T17:24:51Z
2026-06-23T17:23:48Z,2026-06-23T19:23:48+0200,c51852f0-2285-49e0-9c34-cd4ce69db778,2026-05-28T23:15:00Z,2026-05-29T01:15:00+0200,45027.9261,MW,DE,DE_LU,actual_load,Actual Load,2026-06-23T17:24:51Z
2026-06-23T17:23:48Z,2026-06-23T19:23:48+0200,c51852f0-2285-49e0-9c34-cd4ce69db778,2026-05-28T23:30:00Z,2026-05-29T01:30:00+0200,44414.76379,MW,DE,DE_LU,actual_load,Actual Load,2026-06-23T17:24:51Z
2026-06-23T17:23:48Z,2026-06-23T19:23:48+0200,c51852f0-2285-49e0-9c34-cd4ce69db778,2026-05-28T23:45:00Z,2026-05-29T01:45:00+0200,44026.99325,MW,DE,DE_LU,actual_load,Actual Load,2026-06-23T17:24:51Z
2026-06-23T17:23:48Z,2026-06-23T19:23:48+0200,c51852f0-2285-49e0-9c34-cd4ce69db778,2026-05-29T00:00:00Z,2026-05-29T02:00:00+0200,44133.80893,MW,DE,DE_LU,actual_load,Actual Load,2026-06-23T17:24:51Z
2026-06-23T17:23:48Z,2026-06-23T19:23:48+0200,c51852f0-2285-49e0-9c34-cd4ce69db778,2026-05-29T00:15:00Z,2026-05-29T02:15:00+0200,44305.27677,MW,DE,DE_LU,actual_load,Actual Load,2026-06-23T17:24:51Z
2026-06-23T17:23:48Z,2026-06-23T19:23:48+0200,c51852f0-2285-49e0-9c34-cd4ce69db778,2026-05-29T00:30:00Z,2026-05-29T02:30:00+0200,44085.97977,MW,DE,DE_LU,actual_load,Actual Load,2026-06-23T17:24:51Z
2026-06-23T17:23:48Z,2026-06-23T19:23:48+0200,c51852f0-2285-49e0-9c34-cd4ce69db778,2026-05-29T00:45:00Z,2026-05-29T02:45:00+0200,43976.90168,MW,DE,DE_LU,actual_load,Actual Load,2026-06-23T17:24:51Z
2026-06-23T17:23:48Z,2026-06-23T19:23:48+0200,c51852f0-2285-49e0-9c34-cd4ce69db778,2026-05-29T01:00:00Z,2026-05-29T03:00:00+0200,43870.37981,MW,DE,DE_LU,actual_load,Actual Load,2026-06-23T17:24:51Z
2026-06-23T17:23:48Z,2026-06-23T19:23:48+0200,c51852f0-2285-49e0-9c34-cd4ce69db778,2026-05-29T01:15:00Z,2026-05-29T03:15:00+0200,43883.63168,MW,DE,DE_LU,actual_load,Actual Load,2026-06-23T17:24:51Z
2026-06-23T17:23:48Z,2026-06-23T19:23:48+0200,c51852f0-2285-49e0-9c34-cd4ce69db778,2026-05-29T01:30:00Z,2026-05-29T03:30:00+0200,44208.92801,MW,DE,DE_LU,actual_load,Actual Load,2026-06-23T17:24:51Z
2026-06-23T17:23:48Z,2026-06-23T19:23:48+0200,c51852f0-2285-49e0-9c34-cd4ce69db778,2026-05-29T01:45:00Z,2026-05-29T03:45:00+0200,44469.42583,MW,DE,DE_LU,actual_load,Actual Load,2026-06-23T17:24:51Z
2026-06-23T17:23:48Z,2026-06-23T19:23:48+0200,c51852f0-2285-49e0-9c34-cd4ce69db778,2026-05-29T02:00:00Z,2026-05-29T04:00:00+0200,44686.79319,MW,DE,DE_LU,actual_load,Actual Load,2026-06-23T17:24:51Z
2026-06-23T17:23:48Z,2026-06-23T19:23:48+0200,c51852f0-2285-49e0-9c34-cd4ce69db778,2026-05-29T02:15:00Z,2026-05-29T04:15:00+0200,45255.59945,MW,DE,DE_LU,actual_load,Actual Load,2026-06-23T17:24:51Z
2026-06-23T17:23:48Z,2026-06-23T19:23:48+0200,c51852f0-2285-49e0-9c34-cd4ce69db778,2026-05-29T02:30:00Z,2026-05-29T04:30:00+0200,45789.86262,MW,DE,DE_LU,actual_load,Actual Load,2026-06-23T17:24:51Z
2026-06-23T17:23:48Z,2026-06-23T19:23:48+0200,c51852f0-2285-49e0-9c34-cd4ce69db778,2026-05-29T02:45:00Z,2026-05-29T04:45:00+0200,46239.51843,MW,DE,DE_LU,actual_load,Actual Load,2026-06-23T17:24:51Z
2026-06-23T17:23:48Z,2026-06-23T19:23:48+0200,c51852f0-2285-49e0-9c34-cd4ce69db778,2026-05-29T03:00:00Z,2026-05-29T05:00:00+0200,46856.58207,MW,DE,DE_LU,actual_load,Actual Load,2026-06-23T17:24:51Z
2026-06-23T17:23:48Z,2026-06-23T19:23:48+0200,c51852f0-2285-49e0-9c34-cd4ce69db778,2026-05-29T03:15:00Z,2026-05-29T05:15:00+0200,46908.74708,MW,DE,DE_LU,actual_load,Actual Load,2026-06-23T17:24:51Z
2026-06-23T17:23:48Z,2026-06-23T19:23:48+0200,c51852f0-2285-49e0-9c34-cd4ce69db778,2026-05-29T03:30:00Z,2026-05-29T05:30:00+0200,47831.91804,MW,DE,DE_LU,actual_load,Actual Load,2026-06-23T17:24:51Z
2026-06-23T17:23:48Z,2026-06-23T19:23:48+0200,c51852f0-2285-49e0-9c34-cd4ce69db778,2026-05-29T03:45:00Z,2026-05-29T05:45:00+0200,49139.21746,MW,DE,DE_LU,actual_load,Actual Load,2026-06-23T17:24:51Z
2026-06-23T17:23:48Z,2026-06-23T19:23:48+0200,c51852f0-2285-49e0-9c34-cd4ce69db778,2026-05-29T04:00:00Z,2026-05-29T06:00:00+0200,51873.83116,MW,DE,DE_LU,actual_load,Actual Load,2026-06-23T17:24:51Z
2026-06-23T17:23:48Z,2026-06-23T19:23:48+0200,c51852f0-2285-49e0-9c34-cd4ce69db778,2026-05-29T04:15:00Z,2026-05-29T06:15:00+0200,53907.60481,MW,DE,DE_LU,actual_load,Actual Load,2026-06-23T17:24:51Z
2026-06-23T17:23:48Z,2026-06-23T19:23:48+0200,c51852f0-2285-49e0-9c34-cd4ce69db778,2026-05-29T04:30:00Z,2026-05-29T06:30:00+0200,54639.48298,MW,DE,DE_LU,actual_load,Actual Load,2026-06-23T17:24:51Z
2026-06-23T17:23:48Z,2026-06-23T19:23:48+0200,c51852f0-2285-49e0-9c34-cd4ce69db778,2026-05-29T04:45:00Z,2026-05-29T06:45:00+0200,55550.8567,MW,DE,DE_LU,actual_load,Actual Load,2026-06-23T17:24:51Z
2026-06-23T17:23:48Z,2026-06-23T19:23:48+0200,c51852f0-2285-49e0-9c34-cd4ce69db778,2026-05-29T05:00:00Z,2026-05-29T07:00:00+0200,56315.39057,MW,DE,DE_LU,actual_load,Actual Load,2026-06-23T17:24:51Z
2026-06-23T17:23:48Z,2026-06-23T19:23:48+0200,c51852f0-2285-49e0-9c34-cd4ce69db778,2026-05-29T05:15:00Z,2026-05-29T07:15:00+0200,57248.6342,MW,DE,DE_LU,actual_load,Actual Load,2026-06-23T17:24:51Z
2026-06-23T17:23:48Z,2026-06-23T19:23:48+0200,c51852f0-2285-49e0-9c34-cd4ce69db778,2026-05-29T05:30:00Z,2026-05-29T07:30:00+0200,57933.88964,MW,DE,DE_LU,actual_load,Actual Load,2026-06-23T17:24:51Z
2026-06-23T17:23:48Z,2026-06-23T19:23:48+0200,c51852f0-2285-49e0-9c34-cd4ce69db778,2026-05-29T05:45:00Z,2026-05-29T07:45:00+0200,58654.76634,MW,DE,DE_LU,actual_load,Actual Load,2026-06-23T17:24:51Z
2026-06-23T17:23:48Z,2026-06-23T19:23:48+0200,c51852f0-2285-49e0-9c34-cd4ce69db778,2026-05-29T06:00:00Z,2026-05-29T08:00:00+0200,59112.38915,MW,DE,DE_LU,actual_load,Actual Load,2026-06-23T17:24:51Z
2026-06-23T17:23:48Z,2026-06-23T19:23:48+0200,c51852f0-2285-49e0-9c34-cd4ce69db778,2026-05-29T06:15:00Z,2026-05-29T08:15:00+0200,59172.79221,MW,DE,DE_LU,actual_load,Actual Load,2026-06-23T17:24:51Z
2026-06-23T17:23:48Z,2026-06-23T19:23:48+0200,c51852f0-2285-49e0-9c34-cd4ce69db778,2026-05-29T06:30:00Z,2026-05-29T08:30:00+0200,59105.59117,MW,DE,DE_LU,actual_load,Actual Load,2026-06-23T17:24:51Z
2026-06-23T17:23:48Z,2026-06-23T19:23:48+0200,c51852f0-2285-49e0-9c34-cd4ce69db778,2026-05-29T06:45:00Z,2026-05-29T08:45:00+0200,58334.13704,MW,DE,DE_LU,actual_load,Actual Load,2026-06-23T17:24:51Z
2026-06-23T17:23:48Z,2026-06-23T19:23:48+0200,c51852f0-2285-49e0-9c34-cd4ce69db778,2026-05-29T07:00:00Z,2026-05-29T09:00:00+0200,58058.47914,MW,DE,DE_LU,actual_load,Actual Load,2026-06-23T17:24:51Z
2026-06-23T17:23:48Z,2026-06-23T19:23:48+0200,c51852f0-2285-49e0-9c34-cd4ce69db778,2026-05-29T07:15:00Z,2026-05-29T09:15:00+0200,58042.73311,MW,DE,DE_LU,actual_load,Actual Load,2026-06-23T17:24:51Z
2026-06-23T17:23:48Z,2026-06-23T19:23:48+0200,c51852f0-2285-49e0-9c34-cd4ce69db778,2026-05-29T07:30:00Z,2026-05-29T09:30:00+0200,57627.53706,MW,DE,DE_LU,actual_load,Actual Load,2026-06-23T17:24:51Z
2026-06-23T17:23:48Z,2026-06-23T19:23:48+0200,c51852f0-2285-49e0-9c34-cd4ce69db778,2026-05-29T07:45:00Z,2026-05-29T09:45:00+0200,58071.53999,MW,DE,DE_LU,actual_load,Actual Load,2026-06-23T17:24:51Z
2026-06-23T17:23:48Z,2026-06-23T19:23:48+0200,c51852f0-2285-49e0-9c34-cd4ce69db778,2026-05-29T08:00:00Z,2026-05-29T10:00:00+0200,58308.54978,MW,DE,DE_LU,actual_load,Actual Load,2026-06-23T17:24:51Z
2026-06-23T17:23:48Z,2026-06-23T19:23:48+0200,c51852f0-2285-49e0-9c34-cd4ce69db778,2026-05-29T08:15:00Z,2026-05-29T10:15:00+0200,58105.24781,MW,DE,DE_LU,actual_load,Actual Load,2026-06-23T17:24:51Z
2026-06-23T17:23:48Z,2026-06-23T19:23:48+0200,c51852f0-2285-49e0-9c34-cd4ce69db778,2026-05-29T08:30:00Z,2026-05-29T10:30:00+0200,57674.40848,MW,DE,DE_LU,actual_load,Actual Load,2026-06-23T17:24:51Z
2026-06-23T17:23:48Z,2026-06-23T19:23:48+0200,c51852f0-2285-49e0-9c34-cd4ce69db778,2026-05-29T08:45:00Z,2026-05-29T10:45:00+0200,57369.01598,MW,DE,DE_LU,actual_load,Actual Load,2026-06-23T17:24:51Z
2026-06-23T17:23:48Z,2026-06-23T19:23:48+0200,c51852f0-2285-49e0-9c34-cd4ce69db778,2026-05-29T09:00:00Z,2026-05-29T11:00:00+0200,56862.25111,MW,DE,DE_LU,actual_load,Actual Load,2026-06-23T17:24:51Z
2026-06-23T17:23:48Z,2026-06-23T19:23:48+0200,c51852f0-2285-49e0-9c34-cd4ce69db778,2026-05-29T09:15:00Z,2026-05-29T11:15:00+0200,56404.64597,MW,DE,DE_LU,actual_load,Actual Load,2026-06-23T17:24:51Z
2026-06-23T17:23:48Z,2026-06-23T19:23:48+0200,c51852f0-2285-49e0-9c34-cd4ce69db778,2026-05-29T09:30:00Z,2026-05-29T11:30:00+0200,56971.78446,MW,DE,DE_LU,actual_load,Actual Load,2026-06-23T17:24:51Z
2026-06-23T17:23:48Z,2026-06-23T19:23:48+0200,c51852f0-2285-49e0-9c34-cd4ce69db778,2026-05-29T09:45:00Z,2026-05-29T11:45:00+0200,57473.85641,MW,DE,DE_LU,actual_load,Actual Load,2026-06-23T17:24:51Z
2026-06-23T17:23:48Z,2026-06-23T19:23:48+0200,c51852f0-2285-49e0-9c34-cd4ce69db778,2026-05-29T10:00:00Z,2026-05-29T12:00:00+0200,56806.83389,MW,DE,DE_LU,actual_load,Actual Load,2026-06-23T17:24:51Z
2026-06-23T17:23:48Z,2026-06-23T19:23:48+0200,c51852f0-2285-49e0-9c34-cd4ce69db778,2026-05-29T10:15:00Z,2026-05-29T12:15:00+0200,56373.37068,MW,DE,DE_LU,actual_load,Actual Load,2026-06-23T17:24:51Z
2026-06-23T17:23:48Z,2026-06-23T19:23:48+0200,c51852f0-2285-49e0-9c34-cd4ce69db778,2026-05-29T10:30:00Z,2026-05-29T12:30:00+0200,56580.63665,MW,DE,DE_LU,actual_load,Actual Load,2026-06-23T17:24:51Z
2026-06-23T17:23:48Z,2026-06-23T19:23:48+0200,c51852f0-2285-49e0-9c34-cd4ce69db778,2026-05-29T10:45:00Z,2026-05-29T12:45:00+0200,55312.44993,MW,DE,DE_LU,actual_load,Actual Load,2026-06-23T17:24:51Z
2026-06-23T17:23:48Z,2026-06-23T19:23:48+0200,c51852f0-2285-49e0-9c34-cd4ce69db778,2026-05-29T11:00:00Z,2026-05-29T13:00:00+0200,55793.83079,MW,DE,DE_LU,actual_load,Actual Load,2026-06-23T17:24:51Z
2026-06-23T17:23:48Z,2026-06-23T19:23:48+0200,c51852f0-2285-49e0-9c34-cd4ce69db778,2026-05-29T11:15:00Z,2026-05-29T13:15:00+0200,55499.3967,MW,DE,DE_LU,actual_load,Actual Load,2026-06-23T17:24:51Z
2026-06-23T17:23:48Z,2026-06-23T19:23:48+0200,c51852f0-2285-49e0-9c34-cd4ce69db778,2026-05-29T11:30:00Z,2026-05-29T13:30:00+0200,54847.31994,MW,DE,DE_LU,actual_load,Actual Load,2026-06-23T17:24:51Z
2026-06-23T17:23:48Z,2026-06-23T19:23:48+0200,c51852f0-2285-49e0-9c34-cd4ce69db778,2026-05-29T11:45:00Z,2026-05-29T13:45:00+0200,53182.5489,MW,DE,DE_LU,actual_load,Actual Load,2026-06-23T17:24:51Z
2026-06-23T17:23:48Z,2026-06-23T19:23:48+0200,c51852f0-2285-49e0-9c34-cd4ce69db778,2026-05-29T12:00:00Z,2026-05-29T14:00:00+0200,53503.87699,MW,DE,DE_LU,actual_load,Actual Load,2026-06-23T17:24:51Z
2026-06-23T17:23:48Z,2026-06-23T19:23:48+0200,c51852f0-2285-49e0-9c34-cd4ce69db778,2026-05-29T12:15:00Z,2026-05-29T14:15:00+0200,53032.02746,MW,DE,DE_LU,actual_load,Actual Load,2026-06-23T17:24:51Z
2026-06-23T17:23:48Z,2026-06-23T19:23:48+0200,c51852f0-2285-49e0-9c34-cd4ce69db778,2026-05-29T12:30:00Z,2026-05-29T14:30:00+0200,52454.02449,MW,DE,DE_LU,actual_load,Actual Load,2026-06-23T17:24:51Z
2026-06-23T17:23:48Z,2026-06-23T19:23:48+0200,c51852f0-2285-49e0-9c34-cd4ce69db778,2026-05-29T12:45:00Z,2026-05-29T14:45:00+0200,52670.55079,MW,DE,DE_LU,actual_load,Actual Load,2026-06-23T17:24:51Z
2026-06-23T17:23:48Z,2026-06-23T19:23:48+0200,c51852f0-2285-49e0-9c34-cd4ce69db778,2026-05-29T13:00:00Z,2026-05-29T15:00:00+0200,53129.30071,MW,DE,DE_LU,actual_load,Actual Load,2026-06-23T17:24:51Z
2026-06-23T17:23:48Z,2026-06-23T19:23:48+0200,c51852f0-2285-49e0-9c34-cd4ce69db778,2026-05-29T13:15:00Z,2026-05-29T15:15:00+0200,52990.09416,MW,DE,DE_LU,actual_load,Actual Load,2026-06-23T17:24:51Z
2026-06-23T17:23:48Z,2026-06-23T19:23:48+0200,c51852f0-2285-49e0-9c34-cd4ce69db778,2026-05-29T13:30:00Z,2026-05-29T15:30:00+0200,53351.41179,MW,DE,DE_LU,actual_load,Actual Load,2026-06-23T17:24:51Z
2026-06-23T17:23:48Z,2026-06-23T19:23:48+0200,c51852f0-2285-49e0-9c34-cd4ce69db778,2026-05-29T13:45:00Z,2026-05-29T15:45:00+0200,53566.42893,MW,DE,DE_LU,actual_load,Actual Load,2026-06-23T17:24:51Z
2026-06-23T17:23:48Z,2026-06-23T19:23:48+0200,c51852f0-2285-49e0-9c34-cd4ce69db778,2026-05-29T14:00:00Z,2026-05-29T16:00:00+0200,54204.85772,MW,DE,DE_LU,actual_load,Actual Load,2026-06-23T17:24:51Z
2026-06-23T17:23:48Z,2026-06-23T19:23:48+0200,c51852f0-2285-49e0-9c34-cd4ce69db778,2026-05-29T14:15:00Z,2026-05-29T16:15:00+0200,54062.42356,MW,DE,DE_LU,actual_load,Actual Load,2026-06-23T17:24:51Z
2026-06-23T17:23:48Z,2026-06-23T19:23:48+0200,c51852f0-2285-49e0-9c34-cd4ce69db778,2026-05-29T14:30:00Z,2026-05-29T16:30:00+0200,53899.29367,MW,DE,DE_LU,actual_load,Actual Load,2026-06-23T17:24:51Z
2026-06-23T17:23:48Z,2026-06-23T19:23:48+0200,c51852f0-2285-49e0-9c34-cd4ce69db778,2026-05-29T14:45:00Z,2026-05-29T16:45:00+0200,54232.50646,MW,DE,DE_LU,actual_load,Actual Load,2026-06-23T17:24:51Z
2026-06-23T17:23:48Z,2026-06-23T19:23:48+0200,c51852f0-2285-49e0-9c34-cd4ce69db778,2026-05-29T15:00:00Z,2026-05-29T17:00:00+0200,54634.27713,MW,DE,DE_LU,actual_load,Actual Load,2026-06-23T17:24:51Z
2026-06-23T17:23:48Z,2026-06-23T19:23:48+0200,c51852f0-2285-49e0-9c34-cd4ce69db778,2026-05-29T15:15:00Z,2026-05-29T17:15:00+0200,54041.03063,MW,DE,DE_LU,actual_load,Actual Load,2026-06-23T17:24:51Z
2026-06-23T17:23:48Z,2026-06-23T19:23:48+0200,c51852f0-2285-49e0-9c34-cd4ce69db778,2026-05-29T15:30:00Z,2026-05-29T17:30:00+0200,54009.52488,MW,DE,DE_LU,actual_load,Actual Load,2026-06-23T17:24:51Z
2026-06-23T17:23:48Z,2026-06-23T19:23:48+0200,c51852f0-2285-49e0-9c34-cd4ce69db778,2026-05-29T15:45:00Z,2026-05-29T17:45:00+0200,54153.32701,MW,DE,DE_LU,actual_load,Actual Load,2026-06-23T17:24:51Z
2026-06-23T17:23:48Z,2026-06-23T19:23:48+0200,c51852f0-2285-49e0-9c34-cd4ce69db778,2026-05-29T16:00:00Z,2026-05-29T18:00:00+0200,54972.19753,MW,DE,DE_LU,actual_load,Actual Load,2026-06-23T17:24:51Z
2026-06-23T17:23:48Z,2026-06-23T19:23:48+0200,c51852f0-2285-49e0-9c34-cd4ce69db778,2026-05-29T16:15:00Z,2026-05-29T18:15:00+0200,55904.39734,MW,DE,DE_LU,actual_load,Actual Load,2026-06-23T17:24:51Z
2026-06-23T17:23:48Z,2026-06-23T19:23:48+0200,c51852f0-2285-49e0-9c34-cd4ce69db778,2026-05-29T16:30:00Z,2026-05-29T18:30:00+0200,55912.26745,MW,DE,DE_LU,actual_load,Actual Load,2026-06-23T17:24:51Z
2026-06-23T17:23:48Z,2026-06-23T19:23:48+0200,c51852f0-2285-49e0-9c34-cd4ce69db778,2026-05-29T16:45:00Z,2026-05-29T18:45:00+0200,56592.6878,MW,DE,DE_LU,actual_load,Actual Load,2026-06-23T17:24:51Z
2026-06-23T17:23:48Z,2026-06-23T19:23:48+0200,c51852f0-2285-49e0-9c34-cd4ce69db778,2026-05-29T17:00:00Z,2026-05-29T19:00:00+0200,56976.84079,MW,DE,DE_LU,actual_load,Actual Load,2026-06-23T17:24:51Z
2026-06-23T17:23:48Z,2026-06-23T19:23:48+0200,c51852f0-2285-49e0-9c34-cd4ce69db778,2026-05-29T17:15:00Z,2026-05-29T19:15:00+0200,56185.47214,MW,DE,DE_LU,actual_load,Actual Load,2026-06-23T17:24:51Z
2026-06-23T17:23:48Z,2026-06-23T19:23:48+0200,c51852f0-2285-49e0-9c34-cd4ce69db778,2026-05-29T17:30:00Z,2026-05-29T19:30:00+0200,56141.27961,MW,DE,DE_LU,actual_load,Actual Load,2026-06-23T17:24:51Z
2026-06-23T17:23:48Z,2026-06-23T19:23:48+0200,c51852f0-2285-49e0-9c34-cd4ce69db778,2026-05-29T17:45:00Z,2026-05-29T19:45:00+0200,56207.81847,MW,DE,DE_LU,actual_load,Actual Load,2026-06-23T17:24:51Z
2026-06-23T17:23:48Z,2026-06-23T19:23:48+0200,c51852f0-2285-49e0-9c34-cd4ce69db778,2026-05-29T18:00:00Z,2026-05-29T20:00:00+0200,55341.40398,MW,DE,DE_LU,actual_load,Actual Load,2026-06-23T17:24:51Z
2026-06-23T17:23:48Z,2026-06-23T19:23:48+0200,c51852f0-2285-49e0-9c34-cd4ce69db778,2026-05-29T18:15:00Z,2026-05-29T20:15:00+0200,56193.90289,MW,DE,DE_LU,actual_load,Actual Load,2026-06-23T17:24:51Z
2026-06-23T17:23:48Z,2026-06-23T19:23:48+0200,c51852f0-2285-49e0-9c34-cd4ce69db778,2026-05-29T18:30:00Z,2026-05-29T20:30:00+0200,55373.35332,MW,DE,DE_LU,actual_load,Actual Load,2026-06-23T17:24:51Z
2026-06-23T17:23:48Z,2026-06-23T19:23:48+0200,c51852f0-2285-49e0-9c34-cd4ce69db778,2026-05-29T18:45:00Z,2026-05-29T20:45:00+0200,54440.85358,MW,DE,DE_LU,actual_load,Actual Load,2026-06-23T17:24:51Z
2026-06-23T17:23:48Z,2026-06-23T19:23:48+0200,c51852f0-2285-49e0-9c34-cd4ce69db778,2026-05-29T19:00:00Z,2026-05-29T21:00:00+0200,53631.80801,MW,DE,DE_LU,actual_load,Actual Load,2026-06-23T17:24:51Z
2026-06-23T17:23:48Z,2026-06-23T19:23:48+0200,c51852f0-2285-49e0-9c34-cd4ce69db778,2026-05-29T19:15:00Z,2026-05-29T21:15:00+0200,53150.42472,MW,DE,DE_LU,actual_load,Actual Load,2026-06-23T17:24:51Z
2026-06-23T17:23:48Z,2026-06-23T19:23:48+0200,c51852f0-2285-49e0-9c34-cd4ce69db778,2026-05-29T19:30:00Z,2026-05-29T21:30:00+0200,52891.22084,MW,DE,DE_LU,actual_load,Actual Load,2026-06-23T17:24:51Z
2026-06-23T17:23:48Z,2026-06-23T19:23:48+0200,c51852f0-2285-49e0-9c34-cd4ce69db778,2026-05-29T19:45:00Z,2026-05-29T21:45:00+0200,52236.61852,MW,DE,DE_LU,actual_load,Actual Load,2026-06-23T17:24:51Z
2026-06-23T17:23:48Z,2026-06-23T19:23:48+0200,c51852f0-2285-49e0-9c34-cd4ce69db778,2026-05-29T20:00:00Z,2026-05-29T22:00:00+0200,52166.99043,MW,DE,DE_LU,actual_load,Actual Load,2026-06-23T17:24:51Z
2026-06-23T17:23:48Z,2026-06-23T19:23:48+0200,c51852f0-2285-49e0-9c34-cd4ce69db778,2026-05-29T20:15:00Z,2026-05-29T22:15:00+0200,51915.42589,MW,DE,DE_LU,actual_load,Actual Load,2026-06-23T17:24:51Z
2026-06-23T17:23:48Z,2026-06-23T19:23:48+0200,c51852f0-2285-49e0-9c34-cd4ce69db778,2026-05-29T20:30:00Z,2026-05-29T22:30:00+0200,51106.32867,MW,DE,DE_LU,actual_load,Actual Load,2026-06-23T17:24:51Z
2026-06-23T17:23:48Z,2026-06-23T19:23:48+0200,c51852f0-2285-49e0-9c34-cd4ce69db778,2026-05-29T20:45:00Z,2026-05-29T22:45:00+0200,49987.39739,MW,DE,DE_LU,actual_load,Actual Load,2026-06-23T17:24:51Z
2026-06-23T17:23:48Z,2026-06-23T19:23:48+0200,c51852f0-2285-49e0-9c34-cd4ce69db778,2026-05-29T21:00:00Z,2026-05-29T23:00:00+0200,48749.18885,MW,DE,DE_LU,actual_load,Actual Load,2026-06-23T17:24:51Z
2026-06-23T17:23:48Z,2026-06-23T19:23:48+0200,c51852f0-2285-49e0-9c34-cd4ce69db778,2026-05-29T21:15:00Z,2026-05-29T23:15:00+0200,47936.89459,MW,DE,DE_LU,actual_load,Actual Load,2026-06-23T17:24:51Z
2026-06-23T17:23:48Z,2026-06-23T19:23:48+0200,c51852f0-2285-49e0-9c34-cd4ce69db778,2026-05-29T21:30:00Z,2026-05-29T23:30:00+0200,46850.17637,MW,DE,DE_LU,actual_load,Actual Load,2026-06-23T17:24:51Z
2026-06-23T17:23:48Z,2026-06-23T19:23:48+0200,c51852f0-2285-49e0-9c34-cd4ce69db778,2026-05-29T21:45:00Z,2026-05-29T23:45:00+0200,45995.95714,MW,DE,DE_LU,actual_load,Actual Load,2026-06-23T17:24:51Z
2026-06-23T17:23:48Z,2026-06-23T19:23:48+0200,c51852f0-2285-49e0-9c34-cd4ce69db778,2026-05-29T22:00:00Z,2026-05-30T00:00:00+0200,45315.13315,MW,DE,DE_LU,actual_load,Actual Load,2026-06-23T17:24:51Z
2026-06-23T17:23:48Z,2026-06-23T19:23:48+0200,c51852f0-2285-49e0-9c34-cd4ce69db778,2026-05-29T22:15:00Z,2026-05-30T00:15:00+0200,45176.58407,MW,DE,DE_LU,actual_load,Actual Load,2026-06-23T17:24:51Z
2026-06-23T17:23:48Z,2026-06-23T19:23:48+0200,c51852f0-2285-49e0-9c34-cd4ce69db778,2026-05-29T22:30:00Z,2026-05-30T00:30:00+0200,44553.70588,MW,DE,DE_LU,actual_load,Actual Load,2026-06-23T17:24:51Z
2026-06-23T17:23:48Z,2026-06-23T19:23:48+0200,c51852f0-2285-49e0-9c34-cd4ce69db778,2026-05-29T22:45:00Z,2026-05-30T00:45:00+0200,43828.94158,MW,DE,DE_LU,actual_load,Actual Load,2026-06-23T17:24:51Z
2026-06-23T17:23:48Z,2026-06-23T19:23:48+0200,c51852f0-2285-49e0-9c34-cd4ce69db778,2026-05-29T23:00:00Z,2026-05-30T01:00:00+0200,43655.32341,MW,DE,DE_LU,actual_load,Actual Load,2026-06-23T17:24:51Z
2026-06-23T17:23:48Z,2026-06-23T19:23:48+0200,c51852f0-2285-49e0-9c34-cd4ce69db778,2026-05-29T23:15:00Z,2026-05-30T01:15:00+0200,42909.11192,MW,DE,DE_LU,actual_load,Actual Load,2026-06-23T17:24:51Z
2026-06-23T17:23:48Z,2026-06-23T19:23:48+0200,c51852f0-2285-49e0-9c34-cd4ce69db778,2026-05-29T23:30:00Z,2026-05-30T01:30:00+0200,43047.70143,MW,DE,DE_LU,actual_load,Actual Load,2026-06-23T17:24:51Z
2026-06-23T17:23:48Z,2026-06-23T19:23:48+0200,c51852f0-2285-49e0-9c34-cd4ce69db778,2026-05-29T23:45:00Z,2026-05-30T01:45:00+0200,43130.48613,MW,DE,DE_LU,actual_load,Actual Load,2026-06-23T17:24:51Z
2026-06-23T17:23:48Z,2026-06-23T19:23:48+0200,c51852f0-2285-49e0-9c34-cd4ce69db778,2026-05-30T00:00:00Z,2026-05-30T02:00:00+0200,42462.72557,MW,DE,DE_LU,actual_load,Actual Load,2026-06-23T17:24:51Z
2026-06-23T17:23:48Z,2026-06-23T19:23:48+0200,c51852f0-2285-49e0-9c34-cd4ce69db778,2026-05-30T00:15:00Z,2026-05-30T02:15:00+0200,42094.58427,MW,DE,DE_LU,actual_load,Actual Load,2026-06-23T17:24:51Z
2026-06-23T17:23:48Z,2026-06-23T19:23:48+0200,c51852f0-2285-49e0-9c34-cd4ce69db778,2026-05-30T00:30:00Z,2026-05-30T02:30:00+0200,41704.20215,MW,DE,DE_LU,actual_load,Actual Load,2026-06-23T17:24:51Z
2026-06-23T17:23:48Z,2026-06-23T19:23:48+0200,c51852f0-2285-49e0-9c34-cd4ce69db778,2026-05-30T00:45:00Z,2026-05-30T02:45:00+0200,41409.79128,MW,DE,DE_LU,actual_load,Actual Load,2026-06-23T17:24:51Z
2026-06-23T17:23:48Z,2026-06-23T19:23:48+0200,c51852f0-2285-49e0-9c34-cd4ce69db778,2026-05-30T01:00:00Z,2026-05-30T03:00:00+0200,41377.99288,MW,DE,DE_LU,actual_load,Actual Load,2026-06-23T17:24:51Z
2026-06-23T17:23:48Z,2026-06-23T19:23:48+0200,c51852f0-2285-49e0-9c34-cd4ce69db778,2026-05-30T01:15:00Z,2026-05-30T03:15:00+0200,41350.61784,MW,DE,DE_LU,actual_load,Actual Load,2026-06-23T17:24:51Z
2026-06-23T17:23:48Z,2026-06-23T19:23:48+0200,c51852f0-2285-49e0-9c34-cd4ce69db778,2026-05-30T01:30:00Z,2026-05-30T03:30:00+0200,41204.03028,MW,DE,DE_LU,actual_load,Actual Load,2026-06-23T17:24:51Z
2026-06-23T17:23:48Z,2026-06-23T19:23:48+0200,c51852f0-2285-49e0-9c34-cd4ce69db778,2026-05-30T01:45:00Z,2026-05-30T03:45:00+0200,41061.89048,MW,DE,DE_LU,actual_load,Actual Load,2026-06-23T17:24:51Z
2026-06-23T17:23:48Z,2026-06-23T19:23:48+0200,c51852f0-2285-49e0-9c34-cd4ce69db778,2026-05-30T02:00:00Z,2026-05-30T04:00:00+0200,41254.60138,MW,DE,DE_LU,actual_load,Actual Load,2026-06-23T17:24:51Z
2026-06-23T17:23:48Z,2026-06-23T19:23:48+0200,c51852f0-2285-49e0-9c34-cd4ce69db778,2026-05-30T02:15:00Z,2026-05-30T04:15:00+0200,41076.22964,MW,DE,DE_LU,actual_load,Actual Load,2026-06-23T17:24:51Z
2026-06-23T17:23:48Z,2026-06-23T19:23:48+0200,c51852f0-2285-49e0-9c34-cd4ce69db778,2026-05-30T02:30:00Z,2026-05-30T04:30:00+0200,41146.0142,MW,DE,DE_LU,actual_load,Actual Load,2026-06-23T17:24:51Z
2026-06-23T17:23:48Z,2026-06-23T19:23:48+0200,c51852f0-2285-49e0-9c34-cd4ce69db778,2026-05-30T02:45:00Z,2026-05-30T04:45:00+0200,41018.95043,MW,DE,DE_LU,actual_load,Actual Load,2026-06-23T17:24:51Z
2026-06-23T17:23:48Z,2026-06-23T19:23:48+0200,c51852f0-2285-49e0-9c34-cd4ce69db778,2026-05-30T03:00:00Z,2026-05-30T05:00:00+0200,41241.42514,MW,DE,DE_LU,actual_load,Actual Load,2026-06-23T17:24:51Z
2026-06-23T17:23:48Z,2026-06-23T19:23:48+0200,c51852f0-2285-49e0-9c34-cd4ce69db778,2026-05-30T03:15:00Z,2026-05-30T05:15:00+0200,41007.26953,MW,DE,DE_LU,actual_load,Actual Load,2026-06-23T17:24:51Z
2026-06-23T17:23:48Z,2026-06-23T19:23:48+0200,c51852f0-2285-49e0-9c34-cd4ce69db778,2026-05-30T03:30:00Z,2026-05-30T05:30:00+0200,41286.02749,MW,DE,DE_LU,actual_load,Actual Load,2026-06-23T17:24:51Z
2026-06-23T17:23:48Z,2026-06-23T19:23:48+0200,c51852f0-2285-49e0-9c34-cd4ce69db778,2026-05-30T03:45:00Z,2026-05-30T05:45:00+0200,41637.19525,MW,DE,DE_LU,actual_load,Actual Load,2026-06-23T17:24:51Z
2026-06-23T17:23:48Z,2026-06-23T19:23:48+0200,c51852f0-2285-49e0-9c34-cd4ce69db778,2026-05-30T04:00:00Z,2026-05-30T06:00:00+0200,43061.94132,MW,DE,DE_LU,actual_load,Actual Load,2026-06-23T17:24:51Z
2026-06-23T17:23:48Z,2026-06-23T19:23:48+0200,c51852f0-2285-49e0-9c34-cd4ce69db778,2026-05-30T04:15:00Z,2026-05-30T06:15:00+0200,43480.30189,MW,DE,DE_LU,actual_load,Actual Load,2026-06-23T17:24:51Z
2026-06-23T17:23:48Z,2026-06-23T19:23:48+0200,c51852f0-2285-49e0-9c34-cd4ce69db778,2026-05-30T04:30:00Z,2026-05-30T06:30:00+0200,44405.97038,MW,DE,DE_LU,actual_load,Actual Load,2026-06-23T17:24:51Z
2026-06-23T17:23:48Z,2026-06-23T19:23:48+0200,c51852f0-2285-49e0-9c34-cd4ce69db778,2026-05-30T04:45:00Z,2026-05-30T06:45:00+0200,43858.85413,MW,DE,DE_LU,actual_load,Actual Load,2026-06-23T17:24:51Z
2026-06-23T17:23:48Z,2026-06-23T19:23:48+0200,c51852f0-2285-49e0-9c34-cd4ce69db778,2026-05-30T05:00:00Z,2026-05-30T07:00:00+0200,43734.25016,MW,DE,DE_LU,actual_load,Actual Load,2026-06-23T17:24:51Z
2026-06-23T17:23:48Z,2026-06-23T19:23:48+0200,c51852f0-2285-49e0-9c34-cd4ce69db778,2026-05-30T05:15:00Z,2026-05-30T07:15:00+0200,44318.22088,MW,DE,DE_LU,actual_load,Actual Load,2026-06-23T17:24:51Z
2026-06-23T17:23:48Z,2026-06-23T19:23:48+0200,c51852f0-2285-49e0-9c34-cd4ce69db778,2026-05-30T05:30:00Z,2026-05-30T07:30:00+0200,45137.37247,MW,DE,DE_LU,actual_load,Actual Load,2026-06-23T17:24:51Z
2026-06-23T17:23:48Z,2026-06-23T19:23:48+0200,c51852f0-2285-49e0-9c34-cd4ce69db778,2026-05-30T05:45:00Z,2026-05-30T07:45:00+0200,45197.41956,MW,DE,DE_LU,actual_load,Actual Load,2026-06-23T17:24:51Z
2026-06-23T17:23:48Z,2026-06-23T19:23:48+0200,c51852f0-2285-49e0-9c34-cd4ce69db778,2026-05-30T06:00:00Z,2026-05-30T08:00:00+0200,46057.02923,MW,DE,DE_LU,actual_load,Actual Load,2026-06-23T17:24:51Z
2026-06-23T17:23:48Z,2026-06-23T19:23:48+0200,c51852f0-2285-49e0-9c34-cd4ce69db778,2026-05-30T06:15:00Z,2026-05-30T08:15:00+0200,46514.16718,MW,DE,DE_LU,actual_load,Actual Load,2026-06-23T17:24:51Z
2026-06-23T17:23:48Z,2026-06-23T19:23:48+0200,c51852f0-2285-49e0-9c34-cd4ce69db778,2026-05-30T06:30:00Z,2026-05-30T08:30:00+0200,46761.11461,MW,DE,DE_LU,actual_load,Actual Load,2026-06-23T17:24:51Z
2026-06-23T17:23:48Z,2026-06-23T19:23:48+0200,c51852f0-2285-49e0-9c34-cd4ce69db778,2026-05-30T06:45:00Z,2026-05-30T08:45:00+0200,47223.44259,MW,DE,DE_LU,actual_load,Actual Load,2026-06-23T17:24:51Z
2026-06-23T17:23:48Z,2026-06-23T19:23:48+0200,c51852f0-2285-49e0-9c34-cd4ce69db778,2026-05-30T07:00:00Z,2026-05-30T09:00:00+0200,47885.77303,MW,DE,DE_LU,actual_load,Actual Load,2026-06-23T17:24:51Z
2026-06-23T17:23:48Z,2026-06-23T19:23:48+0200,c51852f0-2285-49e0-9c34-cd4ce69db778,2026-05-30T07:15:00Z,2026-05-30T09:15:00+0200,47568.77888,MW,DE,DE_LU,actual_load,Actual Load,2026-06-23T17:24:51Z
2026-06-23T17:23:48Z,2026-06-23T19:23:48+0200,c51852f0-2285-49e0-9c34-cd4ce69db778,2026-05-30T07:30:00Z,2026-05-30T09:30:00+0200,47797.27572,MW,DE,DE_LU,actual_load,Actual Load,2026-06-23T17:24:51Z
2026-06-23T17:23:48Z,2026-06-23T19:23:48+0200,c51852f0-2285-49e0-9c34-cd4ce69db778,2026-05-30T07:45:00Z,2026-05-30T09:45:00+0200,47389.67511,MW,DE,DE_LU,actual_load,Actual Load,2026-06-23T17:24:51Z
2026-06-23T17:23:48Z,2026-06-23T19:23:48+0200,c51852f0-2285-49e0-9c34-cd4ce69db778,2026-05-30T08:00:00Z,2026-05-30T10:00:00+0200,46954.1051,MW,DE,DE_LU,actual_load,Actual Load,2026-06-23T17:24:51Z
2026-06-23T17:23:48Z,2026-06-23T19:23:48+0200,c51852f0-2285-49e0-9c34-cd4ce69db778,2026-05-30T08:15:00Z,2026-05-30T10:15:00+0200,46889.88968,MW,DE,DE_LU,actual_load,Actual Load,2026-06-23T17:24:51Z
2026-06-23T17:23:48Z,2026-06-23T19:23:48+0200,c51852f0-2285-49e0-9c34-cd4ce69db778,2026-05-30T08:30:00Z,2026-05-30T10:30:00+0200,46798.3359,MW,DE,DE_LU,actual_load,Actual Load,2026-06-23T17:24:51Z
2026-06-23T17:23:48Z,2026-06-23T19:23:48+0200,c51852f0-2285-49e0-9c34-cd4ce69db778,2026-05-30T08:45:00Z,2026-05-30T10:45:00+0200,46648.24761,MW,DE,DE_LU,actual_load,Actual Load,2026-06-23T17:24:51Z
2026-06-23T17:23:48Z,2026-06-23T19:23:48+0200,c51852f0-2285-49e0-9c34-cd4ce69db778,2026-05-30T09:00:00Z,2026-05-30T11:00:00+0200,46869.59229,MW,DE,DE_LU,actual_load,Actual Load,2026-06-23T17:24:51Z
2026-06-23T17:23:48Z,2026-06-23T19:23:48+0200,c51852f0-2285-49e0-9c34-cd4ce69db778,2026-05-30T09:15:00Z,2026-05-30T11:15:00+0200,47170.8419,MW,DE,DE_LU,actual_load,Actual Load,2026-06-23T17:24:51Z
2026-06-23T17:23:48Z,2026-06-23T19:23:48+0200,c51852f0-2285-49e0-9c34-cd4ce69db778,2026-05-30T09:30:00Z,2026-05-30T11:30:00+0200,47229.99493,MW,DE,DE_LU,actual_load,Actual Load,2026-06-23T17:24:51Z
2026-06-23T17:23:48Z,2026-06-23T19:23:48+0200,c51852f0-2285-49e0-9c34-cd4ce69db778,2026-05-30T09:45:00Z,2026-05-30T11:45:00+0200,46272.65045,MW,DE,DE_LU,actual_load,Actual Load,2026-06-23T17:24:51Z
2026-06-23T17:23:48Z,2026-06-23T19:23:48+0200,c51852f0-2285-49e0-9c34-cd4ce69db778,2026-05-30T10:00:00Z,2026-05-30T12:00:00+0200,46161.86995,MW,DE,DE_LU,actual_load,Actual Load,2026-06-23T17:24:51Z
2026-06-23T17:23:48Z,2026-06-23T19:23:48+0200,c51852f0-2285-49e0-9c34-cd4ce69db778,2026-05-30T10:15:00Z,2026-05-30T12:15:00+0200,46376.77192,MW,DE,DE_LU,actual_load,Actual Load,2026-06-23T17:24:51Z
2026-06-23T17:23:48Z,2026-06-23T19:23:48+0200,c51852f0-2285-49e0-9c34-cd4ce69db778,2026-05-30T10:30:00Z,2026-05-30T12:30:00+0200,46094.32788,MW,DE,DE_LU,actual_load,Actual Load,2026-06-23T17:24:51Z
2026-06-23T17:23:48Z,2026-06-23T19:23:48+0200,c51852f0-2285-49e0-9c34-cd4ce69db778,2026-05-30T10:45:00Z,2026-05-30T12:45:00+0200,45659.61855,MW,DE,DE_LU,actual_load,Actual Load,2026-06-23T17:24:51Z
2026-06-23T17:23:48Z,2026-06-23T19:23:48+0200,c51852f0-2285-49e0-9c34-cd4ce69db778,2026-05-30T11:00:00Z,2026-05-30T13:00:00+0200,45139.81872,MW,DE,DE_LU,actual_load,Actual Load,2026-06-23T17:24:51Z
2026-06-23T17:23:48Z,2026-06-23T19:23:48+0200,c51852f0-2285-49e0-9c34-cd4ce69db778,2026-05-30T11:15:00Z,2026-05-30T13:15:00+0200,45032.95427,MW,DE,DE_LU,actual_load,Actual Load,2026-06-23T17:24:51Z
2026-06-23T17:23:48Z,2026-06-23T19:23:48+0200,c51852f0-2285-49e0-9c34-cd4ce69db778,2026-05-30T11:30:00Z,2026-05-30T13:30:00+0200,44688.37632,MW,DE,DE_LU,actual_load,Actual Load,2026-06-23T17:24:51Z
2026-06-23T17:23:48Z,2026-06-23T19:23:48+0200,c51852f0-2285-49e0-9c34-cd4ce69db778,2026-05-30T11:45:00Z,2026-05-30T13:45:00+0200,44403.85115,MW,DE,DE_LU,actual_load,Actual Load,2026-06-23T17:24:51Z
2026-06-23T17:23:48Z,2026-06-23T19:23:48+0200,c51852f0-2285-49e0-9c34-cd4ce69db778,2026-05-30T12:00:00Z,2026-05-30T14:00:00+0200,44183.30284,MW,DE,DE_LU,actual_load,Actual Load,2026-06-23T17:24:51Z
2026-06-23T17:23:48Z,2026-06-23T19:23:48+0200,c51852f0-2285-49e0-9c34-cd4ce69db778,2026-05-30T12:15:00Z,2026-05-30T14:15:00+0200,44217.79655,MW,DE,DE_LU,actual_load,Actual Load,2026-06-23T17:24:51Z
2026-06-23T17:23:48Z,2026-06-23T19:23:48+0200,c51852f0-2285-49e0-9c34-cd4ce69db778,2026-05-30T12:30:00Z,2026-05-30T14:30:00+0200,42961.90881,MW,DE,DE_LU,actual_load,Actual Load,2026-06-23T17:24:51Z
2026-06-23T17:23:48Z,2026-06-23T19:23:48+0200,c51852f0-2285-49e0-9c34-cd4ce69db778,2026-05-30T12:45:00Z,2026-05-30T14:45:00+0200,43369.92224,MW,DE,DE_LU,actual_load,Actual Load,2026-06-23T17:24:51Z
2026-06-23T17:23:48Z,2026-06-23T19:23:48+0200,c51852f0-2285-49e0-9c34-cd4ce69db778,2026-05-30T13:00:00Z,2026-05-30T15:00:00+0200,43573.07819,MW,DE,DE_LU,actual_load,Actual Load,2026-06-23T17:24:51Z
2026-06-23T17:23:48Z,2026-06-23T19:23:48+0200,c51852f0-2285-49e0-9c34-cd4ce69db778,2026-05-30T13:15:00Z,2026-05-30T15:15:00+0200,43265.24777,MW,DE,DE_LU,actual_load,Actual Load,2026-06-23T17:24:51Z
2026-06-23T17:23:48Z,2026-06-23T19:23:48+0200,c51852f0-2285-49e0-9c34-cd4ce69db778,2026-05-30T13:30:00Z,2026-05-30T15:30:00+0200,42715.90717,MW,DE,DE_LU,actual_load,Actual Load,2026-06-23T17:24:51Z
2026-06-23T17:23:48Z,2026-06-23T19:23:48+0200,c51852f0-2285-49e0-9c34-cd4ce69db778,2026-05-30T13:45:00Z,2026-05-30T15:45:00+0200,42809.20346,MW,DE,DE_LU,actual_load,Actual Load,2026-06-23T17:24:51Z
2026-06-23T17:23:48Z,2026-06-23T19:23:48+0200,c51852f0-2285-49e0-9c34-cd4ce69db778,2026-05-30T14:00:00Z,2026-05-30T16:00:00+0200,42764.62858,MW,DE,DE_LU,actual_load,Actual Load,2026-06-23T17:24:51Z
2026-06-23T17:23:48Z,2026-06-23T19:23:48+0200,c51852f0-2285-49e0-9c34-cd4ce69db778,2026-05-30T14:15:00Z,2026-05-30T16:15:00+0200,42712.76745,MW,DE,DE_LU,actual_load,Actual Load,2026-06-23T17:24:51Z
2026-06-23T17:23:48Z,2026-06-23T19:23:48+0200,c51852f0-2285-49e0-9c34-cd4ce69db778,2026-05-30T14:30:00Z,2026-05-30T16:30:00+0200,42890.93469,MW,DE,DE_LU,actual_load,Actual Load,2026-06-23T17:24:51Z
2026-06-23T17:23:48Z,2026-06-23T19:23:48+0200,c51852f0-2285-49e0-9c34-cd4ce69db778,2026-05-30T14:45:00Z,2026-05-30T16:45:00+0200,43602.43133,MW,DE,DE_LU,actual_load,Actual Load,2026-06-23T17:24:51Z
2026-06-23T17:23:48Z,2026-06-23T19:23:48+0200,c51852f0-2285-49e0-9c34-cd4ce69db778,2026-05-30T15:00:00Z,2026-05-30T17:00:00+0200,43854.02437,MW,DE,DE_LU,actual_load,Actual Load,2026-06-23T17:24:51Z
2026-06-23T17:23:48Z,2026-06-23T19:23:48+0200,c51852f0-2285-49e0-9c34-cd4ce69db778,2026-05-30T15:15:00Z,2026-05-30T17:15:00+0200,44235.22775,MW,DE,DE_LU,actual_load,Actual Load,2026-06-23T17:24:51Z
2026-06-23T17:23:48Z,2026-06-23T19:23:48+0200,c51852f0-2285-49e0-9c34-cd4ce69db778,2026-05-30T15:30:00Z,2026-05-30T17:30:00+0200,45062.45556,MW,DE,DE_LU,actual_load,Actual Load,2026-06-23T17:24:51Z
2026-06-23T17:23:48Z,2026-06-23T19:23:48+0200,c51852f0-2285-49e0-9c34-cd4ce69db778,2026-05-30T15:45:00Z,2026-05-30T17:45:00+0200,45731.74476,MW,DE,DE_LU,actual_load,Actual Load,2026-06-23T17:24:51Z
2026-06-23T17:23:48Z,2026-06-23T19:23:48+0200,c51852f0-2285-49e0-9c34-cd4ce69db778,2026-05-30T16:00:00Z,2026-05-30T18:00:00+0200,46067.93585,MW,DE,DE_LU,actual_load,Actual Load,2026-06-23T17:24:51Z
2026-06-23T17:23:48Z,2026-06-23T19:23:48+0200,c51852f0-2285-49e0-9c34-cd4ce69db778,2026-05-30T16:15:00Z,2026-05-30T18:15:00+0200,45752.85603,MW,DE,DE_LU,actual_load,Actual Load,2026-06-23T17:24:51Z
2026-06-23T17:23:48Z,2026-06-23T19:23:48+0200,c51852f0-2285-49e0-9c34-cd4ce69db778,2026-05-30T16:30:00Z,2026-05-30T18:30:00+0200,46685.34267,MW,DE,DE_LU,actual_load,Actual Load,2026-06-23T17:24:51Z
2026-06-23T17:23:48Z,2026-06-23T19:23:48+0200,c51852f0-2285-49e0-9c34-cd4ce69db778,2026-05-30T16:45:00Z,2026-05-30T18:45:00+0200,47356.7163,MW,DE,DE_LU,actual_load,Actual Load,2026-06-23T17:24:51Z
2026-06-23T17:23:48Z,2026-06-23T19:23:48+0200,c51852f0-2285-49e0-9c34-cd4ce69db778,2026-05-30T17:00:00Z,2026-05-30T19:00:00+0200,48690.23822,MW,DE,DE_LU,actual_load,Actual Load,2026-06-23T17:24:51Z
2026-06-23T17:23:48Z,2026-06-23T19:23:48+0200,c51852f0-2285-49e0-9c34-cd4ce69db778,2026-05-30T17:15:00Z,2026-05-30T19:15:00+0200,48489.39892,MW,DE,DE_LU,actual_load,Actual Load,2026-06-23T17:24:51Z
2026-06-23T17:23:48Z,2026-06-23T19:23:48+0200,c51852f0-2285-49e0-9c34-cd4ce69db778,2026-05-30T17:30:00Z,2026-05-30T19:30:00+0200,48870.71498,MW,DE,DE_LU,actual_load,Actual Load,2026-06-23T17:24:51Z
2026-06-23T17:23:48Z,2026-06-23T19:23:48+0200,c51852f0-2285-49e0-9c34-cd4ce69db778,2026-05-30T17:45:00Z,2026-05-30T19:45:00+0200,48465.38363,MW,DE,DE_LU,actual_load,Actual Load,2026-06-23T17:24:51Z
2026-06-23T17:23:48Z,2026-06-23T19:23:48+0200,c51852f0-2285-49e0-9c34-cd4ce69db778,2026-05-30T18:00:00Z,2026-05-30T20:00:00+0200,48860.8041,MW,DE,DE_LU,actual_load,Actual Load,2026-06-23T17:24:51Z
2026-06-23T17:23:48Z,2026-06-23T19:23:48+0200,c51852f0-2285-49e0-9c34-cd4ce69db778,2026-05-30T18:15:00Z,2026-05-30T20:15:00+0200,48764.66201,MW,DE,DE_LU,actual_load,Actual Load,2026-06-23T17:24:51Z
2026-06-23T17:23:48Z,2026-06-23T19:23:48+0200,c51852f0-2285-49e0-9c34-cd4ce69db778,2026-05-30T18:30:00Z,2026-05-30T20:30:00+0200,48024.30064,MW,DE,DE_LU,actual_load,Actual Load,2026-06-23T17:24:51Z
2026-06-23T17:23:48Z,2026-06-23T19:23:48+0200,c51852f0-2285-49e0-9c34-cd4ce69db778,2026-05-30T18:45:00Z,2026-05-30T20:45:00+0200,47375.75248,MW,DE,DE_LU,actual_load,Actual Load,2026-06-23T17:24:51Z
2026-06-23T17:23:48Z,2026-06-23T19:23:48+0200,c51852f0-2285-49e0-9c34-cd4ce69db778,2026-05-30T19:00:00Z,2026-05-30T21:00:00+0200,47571.17812,MW,DE,DE_LU,actual_load,Actual Load,2026-06-23T17:24:51Z
2026-06-23T17:23:48Z,2026-06-23T19:23:48+0200,c51852f0-2285-49e0-9c34-cd4ce69db778,2026-05-30T19:15:00Z,2026-05-30T21:15:00+0200,46948.37383,MW,DE,DE_LU,actual_load,Actual Load,2026-06-23T17:24:51Z
2026-06-23T17:23:48Z,2026-06-23T19:23:48+0200,c51852f0-2285-49e0-9c34-cd4ce69db778,2026-05-30T19:30:00Z,2026-05-30T21:30:00+0200,46861.07624,MW,DE,DE_LU,actual_load,Actual Load,2026-06-23T17:24:51Z
2026-06-23T17:23:48Z,2026-06-23T19:23:48+0200,c51852f0-2285-49e0-9c34-cd4ce69db778,2026-05-30T19:45:00Z,2026-05-30T21:45:00+0200,47108.43492,MW,DE,DE_LU,actual_load,Actual Load,2026-06-23T17:24:51Z
2026-06-23T17:23:48Z,2026-06-23T19:23:48+0200,c51852f0-2285-49e0-9c34-cd4ce69db778,2026-05-30T20:00:00Z,2026-05-30T22:00:00+0200,46784.5282,MW,DE,DE_LU,actual_load,Actual Load,2026-06-23T17:24:51Z
2026-06-23T17:23:48Z,2026-06-23T19:23:48+0200,c51852f0-2285-49e0-9c34-cd4ce69db778,2026-05-30T20:15:00Z,2026-05-30T22:15:00+0200,46126.7808,MW,DE,DE_LU,actual_load,Actual Load,2026-06-23T17:24:51Z
2026-06-23T17:23:48Z,2026-06-23T19:23:48+0200,c51852f0-2285-49e0-9c34-cd4ce69db778,2026-05-30T20:30:00Z,2026-05-30T22:30:00+0200,45407.44664,MW,DE,DE_LU,actual_load,Actual Load,2026-06-23T17:24:51Z
2026-06-23T17:23:48Z,2026-06-23T19:23:48+0200,c51852f0-2285-49e0-9c34-cd4ce69db778,2026-05-30T20:45:00Z,2026-05-30T22:45:00+0200,45088.39905,MW,DE,DE_LU,actual_load,Actual Load,2026-06-23T17:24:51Z
2026-06-23T17:23:48Z,2026-06-23T19:23:48+0200,c51852f0-2285-49e0-9c34-cd4ce69db778,2026-05-30T21:00:00Z,2026-05-30T23:00:00+0200,44660.68464,MW,DE,DE_LU,actual_load,Actual Load,2026-06-23T17:24:51Z
2026-06-23T17:23:48Z,2026-06-23T19:23:48+0200,c51852f0-2285-49e0-9c34-cd4ce69db778,2026-05-30T21:15:00Z,2026-05-30T23:15:00+0200,43884.38869,MW,DE,DE_LU,actual_load,Actual Load,2026-06-23T17:24:51Z
2026-06-23T17:23:48Z,2026-06-23T19:23:48+0200,c51852f0-2285-49e0-9c34-cd4ce69db778,2026-05-30T21:30:00Z,2026-05-30T23:30:00+0200,42848.47366,MW,DE,DE_LU,actual_load,Actual Load,2026-06-23T17:24:51Z
2026-06-23T17:23:48Z,2026-06-23T19:23:48+0200,c51852f0-2285-49e0-9c34-cd4ce69db778,2026-05-30T21:45:00Z,2026-05-30T23:45:00+0200,42609.09071,MW,DE,DE_LU,actual_load,Actual Load,2026-06-23T17:24:51Z
2026-06-23T17:23:48Z,2026-06-23T19:23:48+0200,c51852f0-2285-49e0-9c34-cd4ce69db778,2026-05-30T22:00:00Z,2026-05-31T00:00:00+0200,41483.37131,MW,DE,DE_LU,actual_load,Actual Load,2026-06-23T17:24:51Z
2026-06-23T17:23:48Z,2026-06-23T19:23:48+0200,c51852f0-2285-49e0-9c34-cd4ce69db778,2026-05-30T22:15:00Z,2026-05-31T00:15:00+0200,41059.61718,MW,DE,DE_LU,actual_load,Actual Load,2026-06-23T17:24:51Z
2026-06-23T17:23:48Z,2026-06-23T19:23:48+0200,c51852f0-2285-49e0-9c34-cd4ce69db778,2026-05-30T22:30:00Z,2026-05-31T00:30:00+0200,40302.28884,MW,DE,DE_LU,actual_load,Actual Load,2026-06-23T17:24:51Z
2026-06-23T17:23:48Z,2026-06-23T19:23:48+0200,c51852f0-2285-49e0-9c34-cd4ce69db778,2026-05-30T22:45:00Z,2026-05-31T00:45:00+0200,40027.17786,MW,DE,DE_LU,actual_load,Actual Load,2026-06-23T17:24:51Z
2026-06-23T17:23:48Z,2026-06-23T19:23:48+0200,c51852f0-2285-49e0-9c34-cd4ce69db778,2026-05-30T23:00:00Z,2026-05-31T01:00:00+0200,39696.93526,MW,DE,DE_LU,actual_load,Actual Load,2026-06-23T17:24:51Z
2026-06-23T17:23:48Z,2026-06-23T19:23:48+0200,c51852f0-2285-49e0-9c34-cd4ce69db778,2026-05-30T23:15:00Z,2026-05-31T01:15:00+0200,39190.46555,MW,DE,DE_LU,actual_load,Actual Load,2026-06-23T17:24:51Z
2026-06-23T17:23:48Z,2026-06-23T19:23:48+0200,c51852f0-2285-49e0-9c34-cd4ce69db778,2026-05-30T23:30:00Z,2026-05-31T01:30:00+0200,38544.9217,MW,DE,DE_LU,actual_load,Actual Load,2026-06-23T17:24:51Z
2026-06-23T17:23:48Z,2026-06-23T19:23:48+0200,c51852f0-2285-49e0-9c34-cd4ce69db778,2026-05-30T23:45:00Z,2026-05-31T01:45:00+0200,38235.73684,MW,DE,DE_LU,actual_load,Actual Load,2026-06-23T17:24:51Z
2026-06-23T17:23:48Z,2026-06-23T19:23:48+0200,c51852f0-2285-49e0-9c34-cd4ce69db778,2026-05-31T00:00:00Z,2026-05-31T02:00:00+0200,37887.73902,MW,DE,DE_LU,actual_load,Actual Load,2026-06-23T17:24:51Z
2026-06-23T17:23:48Z,2026-06-23T19:23:48+0200,c51852f0-2285-49e0-9c34-cd4ce69db778,2026-05-31T00:15:00Z,2026-05-31T02:15:00+0200,37708.34908,MW,DE,DE_LU,actual_load,Actual Load,2026-06-23T17:24:51Z
2026-06-23T17:23:48Z,2026-06-23T19:23:48+0200,c51852f0-2285-49e0-9c34-cd4ce69db778,2026-05-31T00:30:00Z,2026-05-31T02:30:00+0200,37680.29927,MW,DE,DE_LU,actual_load,Actual Load,2026-06-23T17:24:51Z
2026-06-23T17:23:48Z,2026-06-23T19:23:48+0200,c51852f0-2285-49e0-9c34-cd4ce69db778,2026-05-31T00:45:00Z,2026-05-31T02:45:00+0200,37681.08215,MW,DE,DE_LU,actual_load,Actual Load,2026-06-23T17:24:51Z
2026-06-23T17:23:48Z,2026-06-23T19:23:48+0200,c51852f0-2285-49e0-9c34-cd4ce69db778,2026-05-31T01:00:00Z,2026-05-31T03:00:00+0200,37492.68444,MW,DE,DE_LU,actual_load,Actual Load,2026-06-23T17:24:51Z
2026-06-23T17:23:48Z,2026-06-23T19:23:48+0200,c51852f0-2285-49e0-9c34-cd4ce69db778,2026-05-31T01:15:00Z,2026-05-31T03:15:00+0200,37553.99479,MW,DE,DE_LU,actual_load,Actual Load,2026-06-23T17:24:51Z
2026-06-23T17:23:48Z,2026-06-23T19:23:48+0200,c51852f0-2285-49e0-9c34-cd4ce69db778,2026-05-31T01:30:00Z,2026-05-31T03:30:00+0200,37612.02004,MW,DE,DE_LU,actual_load,Actual Load,2026-06-23T17:24:51Z
2026-06-23T17:23:48Z,2026-06-23T19:23:48+0200,c51852f0-2285-49e0-9c34-cd4ce69db778,2026-05-31T01:45:00Z,2026-05-31T03:45:00+0200,37496.60751,MW,DE,DE_LU,actual_load,Actual Load,2026-06-23T17:24:51Z
2026-06-23T17:23:48Z,2026-06-23T19:23:48+0200,c51852f0-2285-49e0-9c34-cd4ce69db778,2026-05-31T02:00:00Z,2026-05-31T04:00:00+0200,37798.91897,MW,DE,DE_LU,actual_load,Actual Load,2026-06-23T17:24:51Z
2026-06-23T17:23:48Z,2026-06-23T19:23:48+0200,c51852f0-2285-49e0-9c34-cd4ce69db778,2026-05-31T02:15:00Z,2026-05-31T04:15:00+0200,37531.62095,MW,DE,DE_LU,actual_load,Actual Load,2026-06-23T17:24:51Z
2026-06-23T17:23:48Z,2026-06-23T19:23:48+0200,c51852f0-2285-49e0-9c34-cd4ce69db778,2026-05-31T02:30:00Z,2026-05-31T04:30:00+0200,37400.38192,MW,DE,DE_LU,actual_load,Actual Load,2026-06-23T17:24:51Z
2026-06-23T17:23:48Z,2026-06-23T19:23:48+0200,c51852f0-2285-49e0-9c34-cd4ce69db778,2026-05-31T02:45:00Z,2026-05-31T04:45:00+0200,37610.64107,MW,DE,DE_LU,actual_load,Actual Load,2026-06-23T17:24:51Z
2026-06-23T17:23:48Z,2026-06-23T19:23:48+0200,c51852f0-2285-49e0-9c34-cd4ce69db778,2026-05-31T03:00:00Z,2026-05-31T05:00:00+0200,37286.92388,MW,DE,DE_LU,actual_load,Actual Load,2026-06-23T17:24:51Z
2026-06-23T17:23:48Z,2026-06-23T19:23:48+0200,c51852f0-2285-49e0-9c34-cd4ce69db778,2026-05-31T03:15:00Z,2026-05-31T05:15:00+0200,37592.14894,MW,DE,DE_LU,actual_load,Actual Load,2026-06-23T17:24:51Z
2026-06-23T17:23:48Z,2026-06-23T19:23:48+0200,c51852f0-2285-49e0-9c34-cd4ce69db778,2026-05-31T03:30:00Z,2026-05-31T05:30:00+0200,37237.0105,MW,DE,DE_LU,actual_load,Actual Load,2026-06-23T17:24:51Z
2026-06-23T17:23:48Z,2026-06-23T19:23:48+0200,c51852f0-2285-49e0-9c34-cd4ce69db778,2026-05-31T03:45:00Z,2026-05-31T05:45:00+0200,37578.31197,MW,DE,DE_LU,actual_load,Actual Load,2026-06-23T17:24:51Z
2026-06-23T17:23:48Z,2026-06-23T19:23:48+0200,c51852f0-2285-49e0-9c34-cd4ce69db778,2026-05-31T04:00:00Z,2026-05-31T06:00:00+0200,38158.43019,MW,DE,DE_LU,actual_load,Actual Load,2026-06-23T17:24:51Z
2026-06-23T17:23:48Z,2026-06-23T19:23:48+0200,c51852f0-2285-49e0-9c34-cd4ce69db778,2026-05-31T04:15:00Z,2026-05-31T06:15:00+0200,38240.55803,MW,DE,DE_LU,actual_load,Actual Load,2026-06-23T17:24:51Z
2026-06-23T17:23:48Z,2026-06-23T19:23:48+0200,c51852f0-2285-49e0-9c34-cd4ce69db778,2026-05-31T04:30:00Z,2026-05-31T06:30:00+0200,38536.93389,MW,DE,DE_LU,actual_load,Actual Load,2026-06-23T17:24:51Z
2026-06-23T17:23:48Z,2026-06-23T19:23:48+0200,c51852f0-2285-49e0-9c34-cd4ce69db778,2026-05-31T04:45:00Z,2026-05-31T06:45:00+0200,38588.57013,MW,DE,DE_LU,actual_load,Actual Load,2026-06-23T17:24:51Z
2026-06-23T17:23:48Z,2026-06-23T19:23:48+0200,c51852f0-2285-49e0-9c34-cd4ce69db778,2026-05-31T05:00:00Z,2026-05-31T07:00:00+0200,38710.84719,MW,DE,DE_LU,actual_load,Actual Load,2026-06-23T17:24:51Z
2026-06-23T17:23:48Z,2026-06-23T19:23:48+0200,c51852f0-2285-49e0-9c34-cd4ce69db778,2026-05-31T05:15:00Z,2026-05-31T07:15:00+0200,38687.9602,MW,DE,DE_LU,actual_load,Actual Load,2026-06-23T17:24:51Z
2026-06-23T17:23:48Z,2026-06-23T19:23:48+0200,c51852f0-2285-49e0-9c34-cd4ce69db778,2026-05-31T05:30:00Z,2026-05-31T07:30:00+0200,38358.00613,MW,DE,DE_LU,actual_load,Actual Load,2026-06-23T17:24:51Z
2026-06-23T17:23:48Z,2026-06-23T19:23:48+0200,c51852f0-2285-49e0-9c34-cd4ce69db778,2026-05-31T05:45:00Z,2026-05-31T07:45:00+0200,39081.20245,MW,DE,DE_LU,actual_load,Actual Load,2026-06-23T17:24:51Z
2026-06-23T17:23:48Z,2026-06-23T19:23:48+0200,c51852f0-2285-49e0-9c34-cd4ce69db778,2026-05-31T06:00:00Z,2026-05-31T08:00:00+0200,39360.98194,MW,DE,DE_LU,actual_load,Actual Load,2026-06-23T17:24:51Z
2026-06-23T17:23:48Z,2026-06-23T19:23:48+0200,c51852f0-2285-49e0-9c34-cd4ce69db778,2026-05-31T06:15:00Z,2026-05-31T08:15:00+0200,40027.36791,MW,DE,DE_LU,actual_load,Actual Load,2026-06-23T17:24:51Z
2026-06-23T17:23:48Z,2026-06-23T19:23:48+0200,c51852f0-2285-49e0-9c34-cd4ce69db778,2026-05-31T06:30:00Z,2026-05-31T08:30:00+0200,40714.15098,MW,DE,DE_LU,actual_load,Actual Load,2026-06-23T17:24:51Z
2026-06-23T17:23:48Z,2026-06-23T19:23:48+0200,c51852f0-2285-49e0-9c34-cd4ce69db778,2026-05-31T06:45:00Z,2026-05-31T08:45:00+0200,41310.09117,MW,DE,DE_LU,actual_load,Actual Load,2026-06-23T17:24:51Z
2026-06-23T17:23:48Z,2026-06-23T19:23:48+0200,c51852f0-2285-49e0-9c34-cd4ce69db778,2026-05-31T07:00:00Z,2026-05-31T09:00:00+0200,41522.32124,MW,DE,DE_LU,actual_load,Actual Load,2026-06-23T17:24:51Z
2026-06-23T17:23:48Z,2026-06-23T19:23:48+0200,c51852f0-2285-49e0-9c34-cd4ce69db778,2026-05-31T07:15:00Z,2026-05-31T09:15:00+0200,42495.81266,MW,DE,DE_LU,actual_load,Actual Load,2026-06-23T17:24:51Z
2026-06-23T17:23:48Z,2026-06-23T19:23:48+0200,c51852f0-2285-49e0-9c34-cd4ce69db778,2026-05-31T07:30:00Z,2026-05-31T09:30:00+0200,43340.9264,MW,DE,DE_LU,actual_load,Actual Load,2026-06-23T17:24:51Z
2026-06-23T17:23:48Z,2026-06-23T19:23:48+0200,c51852f0-2285-49e0-9c34-cd4ce69db778,2026-05-31T07:45:00Z,2026-05-31T09:45:00+0200,43624.08113,MW,DE,DE_LU,actual_load,Actual Load,2026-06-23T17:24:51Z
2026-06-23T17:23:48Z,2026-06-23T19:23:48+0200,c51852f0-2285-49e0-9c34-cd4ce69db778,2026-05-31T08:00:00Z,2026-05-31T10:00:00+0200,44271.46998,MW,DE,DE_LU,actual_load,Actual Load,2026-06-23T17:24:51Z
2026-06-23T17:23:48Z,2026-06-23T19:23:48+0200,c51852f0-2285-49e0-9c34-cd4ce69db778,2026-05-31T08:15:00Z,2026-05-31T10:15:00+0200,44561.09092,MW,DE,DE_LU,actual_load,Actual Load,2026-06-23T17:24:51Z
2026-06-23T17:23:48Z,2026-06-23T19:23:48+0200,c51852f0-2285-49e0-9c34-cd4ce69db778,2026-05-31T08:30:00Z,2026-05-31T10:30:00+0200,45293.12053,MW,DE,DE_LU,actual_load,Actual Load,2026-06-23T17:24:51Z
2026-06-23T17:23:48Z,2026-06-23T19:23:48+0200,c51852f0-2285-49e0-9c34-cd4ce69db778,2026-05-31T08:45:00Z,2026-05-31T10:45:00+0200,46481.05099,MW,DE,DE_LU,actual_load,Actual Load,2026-06-23T17:24:51Z
2026-06-23T17:23:48Z,2026-06-23T19:23:48+0200,c51852f0-2285-49e0-9c34-cd4ce69db778,2026-05-31T09:00:00Z,2026-05-31T11:00:00+0200,46270.70809,MW,DE,DE_LU,actual_load,Actual Load,2026-06-23T17:24:51Z
2026-06-23T17:23:48Z,2026-06-23T19:23:48+0200,c51852f0-2285-49e0-9c34-cd4ce69db778,2026-05-31T09:15:00Z,2026-05-31T11:15:00+0200,46550.25679,MW,DE,DE_LU,actual_load,Actual Load,2026-06-23T17:24:51Z
2026-06-23T17:23:48Z,2026-06-23T19:23:48+0200,c51852f0-2285-49e0-9c34-cd4ce69db778,2026-05-31T09:30:00Z,2026-05-31T11:30:00+0200,46818.94525,MW,DE,DE_LU,actual_load,Actual Load,2026-06-23T17:24:51Z
2026-06-23T17:23:48Z,2026-06-23T19:23:48+0200,c51852f0-2285-49e0-9c34-cd4ce69db778,2026-05-31T09:45:00Z,2026-05-31T11:45:00+0200,46915.83859,MW,DE,DE_LU,actual_load,Actual Load,2026-06-23T17:24:51Z
2026-06-23T17:23:48Z,2026-06-23T19:23:48+0200,c51852f0-2285-49e0-9c34-cd4ce69db778,2026-05-31T10:00:00Z,2026-05-31T12:00:00+0200,45781.8974,MW,DE,DE_LU,actual_load,Actual Load,2026-06-23T17:24:51Z
2026-06-23T17:23:48Z,2026-06-23T19:23:48+0200,c51852f0-2285-49e0-9c34-cd4ce69db778,2026-05-31T10:15:00Z,2026-05-31T12:15:00+0200,45038.29366,MW,DE,DE_LU,actual_load,Actual Load,2026-06-23T17:24:51Z
2026-06-23T17:23:48Z,2026-06-23T19:23:48+0200,c51852f0-2285-49e0-9c34-cd4ce69db778,2026-05-31T10:30:00Z,2026-05-31T12:30:00+0200,44900.93322,MW,DE,DE_LU,actual_load,Actual Load,2026-06-23T17:24:51Z
2026-06-23T17:23:48Z,2026-06-23T19:23:48+0200,c51852f0-2285-49e0-9c34-cd4ce69db778,2026-05-31T10:45:00Z,2026-05-31T12:45:00+0200,44800.47575,MW,DE,DE_LU,actual_load,Actual Load,2026-06-23T17:24:51Z
2026-06-23T17:23:48Z,2026-06-23T19:23:48+0200,c51852f0-2285-49e0-9c34-cd4ce69db778,2026-05-31T11:00:00Z,2026-05-31T13:00:00+0200,44366.09337,MW,DE,DE_LU,actual_load,Actual Load,2026-06-23T17:24:51Z
2026-06-23T17:23:48Z,2026-06-23T19:23:48+0200,c51852f0-2285-49e0-9c34-cd4ce69db778,2026-05-31T11:15:00Z,2026-05-31T13:15:00+0200,43300.24609,MW,DE,DE_LU,actual_load,Actual Load,2026-06-23T17:24:51Z
2026-06-23T17:23:48Z,2026-06-23T19:23:48+0200,c51852f0-2285-49e0-9c34-cd4ce69db778,2026-05-31T11:30:00Z,2026-05-31T13:30:00+0200,42383.92517,MW,DE,DE_LU,actual_load,Actual Load,2026-06-23T17:24:51Z
2026-06-23T17:23:48Z,2026-06-23T19:23:48+0200,c51852f0-2285-49e0-9c34-cd4ce69db778,2026-05-31T11:45:00Z,2026-05-31T13:45:00+0200,41856.03896,MW,DE,DE_LU,actual_load,Actual Load,2026-06-23T17:24:51Z
2026-06-23T17:23:48Z,2026-06-23T19:23:48+0200,c51852f0-2285-49e0-9c34-cd4ce69db778,2026-05-31T12:00:00Z,2026-05-31T14:00:00+0200,41455.78255,MW,DE,DE_LU,actual_load,Actual Load,2026-06-23T17:24:51Z
2026-06-23T17:23:48Z,2026-06-23T19:23:48+0200,c51852f0-2285-49e0-9c34-cd4ce69db778,2026-05-31T12:15:00Z,2026-05-31T14:15:00+0200,41575.60547,MW,DE,DE_LU,actual_load,Actual Load,2026-06-23T17:24:51Z
2026-06-23T17:23:48Z,2026-06-23T19:23:48+0200,c51852f0-2285-49e0-9c34-cd4ce69db778,2026-05-31T12:30:00Z,2026-05-31T14:30:00+0200,41092.55823,MW,DE,DE_LU,actual_load,Actual Load,2026-06-23T17:24:51Z
2026-06-23T17:23:48Z,2026-06-23T19:23:48+0200,c51852f0-2285-49e0-9c34-cd4ce69db778,2026-05-31T12:45:00Z,2026-05-31T14:45:00+0200,42077.64584,MW,DE,DE_LU,actual_load,Actual Load,2026-06-23T17:24:51Z
2026-06-23T17:23:48Z,2026-06-23T19:23:48+0200,c51852f0-2285-49e0-9c34-cd4ce69db778,2026-05-31T13:00:00Z,2026-05-31T15:00:00+0200,42259.64713,MW,DE,DE_LU,actual_load,Actual Load,2026-06-23T17:24:51Z
2026-06-23T17:23:48Z,2026-06-23T19:23:48+0200,c51852f0-2285-49e0-9c34-cd4ce69db778,2026-05-31T13:15:00Z,2026-05-31T15:15:00+0200,41697.45318,MW,DE,DE_LU,actual_load,Actual Load,2026-06-23T17:24:51Z
2026-06-23T17:23:48Z,2026-06-23T19:23:48+0200,c51852f0-2285-49e0-9c34-cd4ce69db778,2026-05-31T13:30:00Z,2026-05-31T15:30:00+0200,41471.90213,MW,DE,DE_LU,actual_load,Actual Load,2026-06-23T17:24:51Z
2026-06-23T17:23:48Z,2026-06-23T19:23:48+0200,c51852f0-2285-49e0-9c34-cd4ce69db778,2026-05-31T13:45:00Z,2026-05-31T15:45:00+0200,41786.24955,MW,DE,DE_LU,actual_load,Actual Load,2026-06-23T17:24:51Z
2026-06-23T17:23:48Z,2026-06-23T19:23:48+0200,c51852f0-2285-49e0-9c34-cd4ce69db778,2026-05-31T14:00:00Z,2026-05-31T16:00:00+0200,42835.78549,MW,DE,DE_LU,actual_load,Actual Load,2026-06-23T17:24:51Z
2026-06-23T17:23:48Z,2026-06-23T19:23:48+0200,c51852f0-2285-49e0-9c34-cd4ce69db778,2026-05-31T14:15:00Z,2026-05-31T16:15:00+0200,41899.7909,MW,DE,DE_LU,actual_load,Actual Load,2026-06-23T17:24:51Z
2026-06-23T17:23:48Z,2026-06-23T19:23:48+0200,c51852f0-2285-49e0-9c34-cd4ce69db778,2026-05-31T14:30:00Z,2026-05-31T16:30:00+0200,42017.44728,MW,DE,DE_LU,actual_load,Actual Load,2026-06-23T17:24:51Z
2026-06-23T17:23:48Z,2026-06-23T19:23:48+0200,c51852f0-2285-49e0-9c34-cd4ce69db778,2026-05-31T14:45:00Z,2026-05-31T16:45:00+0200,42390.70148,MW,DE,DE_LU,actual_load,Actual Load,2026-06-23T17:24:51Z
2026-06-23T17:23:48Z,2026-06-23T19:23:48+0200,c51852f0-2285-49e0-9c34-cd4ce69db778,2026-05-31T15:00:00Z,2026-05-31T17:00:00+0200,42987.64548,MW,DE,DE_LU,actual_load,Actual Load,2026-06-23T17:24:51Z
2026-06-23T17:23:48Z,2026-06-23T19:23:48+0200,c51852f0-2285-49e0-9c34-cd4ce69db778,2026-05-31T15:15:00Z,2026-05-31T17:15:00+0200,43191.96719,MW,DE,DE_LU,actual_load,Actual Load,2026-06-23T17:24:51Z
2026-06-23T17:23:48Z,2026-06-23T19:23:48+0200,c51852f0-2285-49e0-9c34-cd4ce69db778,2026-05-31T15:30:00Z,2026-05-31T17:30:00+0200,43222.45131,MW,DE,DE_LU,actual_load,Actual Load,2026-06-23T17:24:51Z
2026-06-23T17:23:48Z,2026-06-23T19:23:48+0200,c51852f0-2285-49e0-9c34-cd4ce69db778,2026-05-31T15:45:00Z,2026-05-31T17:45:00+0200,44347.07108,MW,DE,DE_LU,actual_load,Actual Load,2026-06-23T17:24:51Z
2026-06-23T17:23:48Z,2026-06-23T19:23:48+0200,c51852f0-2285-49e0-9c34-cd4ce69db778,2026-05-31T16:00:00Z,2026-05-31T18:00:00+0200,45827.41704,MW,DE,DE_LU,actual_load,Actual Load,2026-06-23T17:24:51Z
2026-06-23T17:23:48Z,2026-06-23T19:23:48+0200,c51852f0-2285-49e0-9c34-cd4ce69db778,2026-05-31T16:15:00Z,2026-05-31T18:15:00+0200,46585.75782,MW,DE,DE_LU,actual_load,Actual Load,2026-06-23T17:24:51Z
2026-06-23T17:23:48Z,2026-06-23T19:23:48+0200,c51852f0-2285-49e0-9c34-cd4ce69db778,2026-05-31T16:30:00Z,2026-05-31T18:30:00+0200,47775.23715,MW,DE,DE_LU,actual_load,Actual Load,2026-06-23T17:24:51Z
2026-06-23T17:23:48Z,2026-06-23T19:23:48+0200,c51852f0-2285-49e0-9c34-cd4ce69db778,2026-05-31T16:45:00Z,2026-05-31T18:45:00+0200,47967.89256,MW,DE,DE_LU,actual_load,Actual Load,2026-06-23T17:24:51Z
2026-06-23T17:23:48Z,2026-06-23T19:23:48+0200,c51852f0-2285-49e0-9c34-cd4ce69db778,2026-05-31T17:00:00Z,2026-05-31T19:00:00+0200,48361.34782,MW,DE,DE_LU,actual_load,Actual Load,2026-06-23T17:24:51Z
2026-06-23T17:23:48Z,2026-06-23T19:23:48+0200,c51852f0-2285-49e0-9c34-cd4ce69db778,2026-05-31T17:15:00Z,2026-05-31T19:15:00+0200,48004.32204,MW,DE,DE_LU,actual_load,Actual Load,2026-06-23T17:24:51Z
2026-06-23T17:23:48Z,2026-06-23T19:23:48+0200,c51852f0-2285-49e0-9c34-cd4ce69db778,2026-05-31T17:30:00Z,2026-05-31T19:30:00+0200,48369.38197,MW,DE,DE_LU,actual_load,Actual Load,2026-06-23T17:24:51Z
2026-06-23T17:23:48Z,2026-06-23T19:23:48+0200,c51852f0-2285-49e0-9c34-cd4ce69db778,2026-05-31T17:45:00Z,2026-05-31T19:45:00+0200,48310.2344,MW,DE,DE_LU,actual_load,Actual Load,2026-06-23T17:24:51Z
2026-06-23T17:23:48Z,2026-06-23T19:23:48+0200,c51852f0-2285-49e0-9c34-cd4ce69db778,2026-05-31T18:00:00Z,2026-05-31T20:00:00+0200,48298.69831,MW,DE,DE_LU,actual_load,Actual Load,2026-06-23T17:24:51Z
2026-06-23T17:23:48Z,2026-06-23T19:23:48+0200,c51852f0-2285-49e0-9c34-cd4ce69db778,2026-05-31T18:15:00Z,2026-05-31T20:15:00+0200,47812.44733,MW,DE,DE_LU,actual_load,Actual Load,2026-06-23T17:24:51Z
2026-06-23T17:23:48Z,2026-06-23T19:23:48+0200,c51852f0-2285-49e0-9c34-cd4ce69db778,2026-05-31T18:30:00Z,2026-05-31T20:30:00+0200,47847.74949,MW,DE,DE_LU,actual_load,Actual Load,2026-06-23T17:24:51Z
2026-06-23T17:23:48Z,2026-06-23T19:23:48+0200,c51852f0-2285-49e0-9c34-cd4ce69db778,2026-05-31T18:45:00Z,2026-05-31T20:45:00+0200,47512.60304,MW,DE,DE_LU,actual_load,Actual Load,2026-06-23T17:24:51Z
2026-06-23T17:23:48Z,2026-06-23T19:23:48+0200,c51852f0-2285-49e0-9c34-cd4ce69db778,2026-05-31T19:00:00Z,2026-05-31T21:00:00+0200,47135.37466,MW,DE,DE_LU,actual_load,Actual Load,2026-06-23T17:24:51Z
2026-06-23T17:23:48Z,2026-06-23T19:23:48+0200,c51852f0-2285-49e0-9c34-cd4ce69db778,2026-05-31T19:15:00Z,2026-05-31T21:15:00+0200,46850.95511,MW,DE,DE_LU,actual_load,Actual Load,2026-06-23T17:24:51Z
2026-06-23T17:23:48Z,2026-06-23T19:23:48+0200,c51852f0-2285-49e0-9c34-cd4ce69db778,2026-05-31T19:30:00Z,2026-05-31T21:30:00+0200,47019.92989,MW,DE,DE_LU,actual_load,Actual Load,2026-06-23T17:24:51Z
2026-06-23T17:23:48Z,2026-06-23T19:23:48+0200,c51852f0-2285-49e0-9c34-cd4ce69db778,2026-05-31T19:45:00Z,2026-05-31T21:45:00+0200,46981.39646,MW,DE,DE_LU,actual_load,Actual Load,2026-06-23T17:24:51Z
2026-06-23T17:23:48Z,2026-06-23T19:23:48+0200,c51852f0-2285-49e0-9c34-cd4ce69db778,2026-05-31T20:00:00Z,2026-05-31T22:00:00+0200,46640.62951,MW,DE,DE_LU,actual_load,Actual Load,2026-06-23T17:24:51Z
2026-06-23T17:23:48Z,2026-06-23T19:23:48+0200,c51852f0-2285-49e0-9c34-cd4ce69db778,2026-05-31T20:15:00Z,2026-05-31T22:15:00+0200,46223.39574,MW,DE,DE_LU,actual_load,Actual Load,2026-06-23T17:24:51Z
2026-06-23T17:23:48Z,2026-06-23T19:23:48+0200,c51852f0-2285-49e0-9c34-cd4ce69db778,2026-05-31T20:30:00Z,2026-05-31T22:30:00+0200,45971.8662,MW,DE,DE_LU,actual_load,Actual Load,2026-06-23T17:24:51Z
2026-06-23T17:23:48Z,2026-06-23T19:23:48+0200,c51852f0-2285-49e0-9c34-cd4ce69db778,2026-05-31T20:45:00Z,2026-05-31T22:45:00+0200,45101.03049,MW,DE,DE_LU,actual_load,Actual Load,2026-06-23T17:24:51Z
2026-06-23T17:23:48Z,2026-06-23T19:23:48+0200,c51852f0-2285-49e0-9c34-cd4ce69db778,2026-05-31T21:00:00Z,2026-05-31T23:00:00+0200,44041.57155,MW,DE,DE_LU,actual_load,Actual Load,2026-06-23T17:24:51Z
2026-06-23T17:23:48Z,2026-06-23T19:23:48+0200,c51852f0-2285-49e0-9c34-cd4ce69db778,2026-05-31T21:15:00Z,2026-05-31T23:15:00+0200,43494.23428,MW,DE,DE_LU,actual_load,Actual Load,2026-06-23T17:24:51Z
2026-06-23T17:23:48Z,2026-06-23T19:23:48+0200,c51852f0-2285-49e0-9c34-cd4ce69db778,2026-05-31T21:30:00Z,2026-05-31T23:30:00+0200,42648.25583,MW,DE,DE_LU,actual_load,Actual Load,2026-06-23T17:24:51Z
2026-06-23T17:23:48Z,2026-06-23T19:23:48+0200,c51852f0-2285-49e0-9c34-cd4ce69db778,2026-05-31T21:45:00Z,2026-05-31T23:45:00+0200,42247.01718,MW,DE,DE_LU,actual_load,Actual Load,2026-06-23T17:24:51Z
2026-06-23T17:23:48Z,2026-06-23T19:23:48+0200,c51852f0-2285-49e0-9c34-cd4ce69db778,2026-05-31T22:00:00Z,2026-06-01T00:00:00+0200,42039.28684,MW,DE,DE_LU,actual_load,Actual Load,2026-06-23T17:24:51Z
2026-06-23T17:23:48Z,2026-06-23T19:23:48+0200,c51852f0-2285-49e0-9c34-cd4ce69db778,2026-05-31T22:15:00Z,2026-06-01T00:15:00+0200,40877.03698,MW,DE,DE_LU,actual_load,Actual Load,2026-06-23T17:24:51Z
2026-06-23T17:23:48Z,2026-06-23T19:23:48+0200,c51852f0-2285-49e0-9c34-cd4ce69db778,2026-05-31T22:30:00Z,2026-06-01T00:30:00+0200,40833.22697,MW,DE,DE_LU,actual_load,Actual Load,2026-06-23T17:24:51Z
2026-06-23T17:23:48Z,2026-06-23T19:23:48+0200,c51852f0-2285-49e0-9c34-cd4ce69db778,2026-05-31T22:45:00Z,2026-06-01T00:45:00+0200,40467.27302,MW,DE,DE_LU,actual_load,Actual Load,2026-06-23T17:24:51Z
2026-06-23T17:23:48Z,2026-06-23T19:23:48+0200,c51852f0-2285-49e0-9c34-cd4ce69db778,2026-05-31T23:00:00Z,2026-06-01T01:00:00+0200,40082.8562,MW,DE,DE_LU,actual_load,Actual Load,2026-06-23T17:24:51Z
2026-06-23T17:23:48Z,2026-06-23T19:23:48+0200,c51852f0-2285-49e0-9c34-cd4ce69db778,2026-05-31T23:15:00Z,2026-06-01T01:15:00+0200,39959.21378,MW,DE,DE_LU,actual_load,Actual Load,2026-06-23T17:24:51Z
2026-06-23T17:23:48Z,2026-06-23T19:23:48+0200,c51852f0-2285-49e0-9c34-cd4ce69db778,2026-05-31T23:30:00Z,2026-06-01T01:30:00+0200,39676.26191,MW,DE,DE_LU,actual_load,Actual Load,2026-06-23T17:24:51Z
2026-06-23T17:23:48Z,2026-06-23T19:23:48+0200,c51852f0-2285-49e0-9c34-cd4ce69db778,2026-05-31T23:45:00Z,2026-06-01T01:45:00+0200,39287.30995,MW,DE,DE_LU,actual_load,Actual Load,2026-06-23T17:24:51Z
2026-06-23T17:23:48Z,2026-06-23T19:23:48+0200,c51852f0-2285-49e0-9c34-cd4ce69db778,2026-06-01T00:00:00Z,2026-06-01T02:00:00+0200,39138.3535,MW,DE,DE_LU,actual_load,Actual Load,2026-06-23T17:24:51Z
2026-06-23T17:23:48Z,2026-06-23T19:23:48+0200,c51852f0-2285-49e0-9c34-cd4ce69db778,2026-06-01T00:15:00Z,2026-06-01T02:15:00+0200,39027.43756,MW,DE,DE_LU,actual_load,Actual Load,2026-06-23T17:24:51Z
2026-06-23T17:23:48Z,2026-06-23T19:23:48+0200,c51852f0-2285-49e0-9c34-cd4ce69db778,2026-06-01T00:30:00Z,2026-06-01T02:30:00+0200,39305.83816,MW,DE,DE_LU,actual_load,Actual Load,2026-06-23T17:24:51Z
2026-06-23T17:23:48Z,2026-06-23T19:23:48+0200,c51852f0-2285-49e0-9c34-cd4ce69db778,2026-06-01T00:45:00Z,2026-06-01T02:45:00+0200,39591.29558,MW,DE,DE_LU,actual_load,Actual Load,2026-06-23T17:24:51Z
2026-06-23T17:23:48Z,2026-06-23T19:23:48+0200,c51852f0-2285-49e0-9c34-cd4ce69db778,2026-06-01T01:00:00Z,2026-06-01T03:00:00+0200,39917.83081,MW,DE,DE_LU,actual_load,Actual Load,2026-06-23T17:24:51Z
2026-06-23T17:23:48Z,2026-06-23T19:23:48+0200,c51852f0-2285-49e0-9c34-cd4ce69db778,2026-06-01T01:15:00Z,2026-06-01T03:15:00+0200,40206.58075,MW,DE,DE_LU,actual_load,Actual Load,2026-06-23T17:24:51Z
2026-06-23T17:23:48Z,2026-06-23T19:23:48+0200,c51852f0-2285-49e0-9c34-cd4ce69db778,2026-06-01T01:30:00Z,2026-06-01T03:30:00+0200,40134.14577,MW,DE,DE_LU,actual_load,Actual Load,2026-06-23T17:24:51Z
2026-06-23T17:23:48Z,2026-06-23T19:23:48+0200,c51852f0-2285-49e0-9c34-cd4ce69db778,2026-06-01T01:45:00Z,2026-06-01T03:45:00+0200,40235.75646,MW,DE,DE_LU,actual_load,Actual Load,2026-06-23T17:24:51Z
2026-06-23T17:23:48Z,2026-06-23T19:23:48+0200,c51852f0-2285-49e0-9c34-cd4ce69db778,2026-06-01T02:00:00Z,2026-06-01T04:00:00+0200,40834.5616,MW,DE,DE_LU,actual_load,Actual Load,2026-06-23T17:24:51Z
2026-06-23T17:23:48Z,2026-06-23T19:23:48+0200,c51852f0-2285-49e0-9c34-cd4ce69db778,2026-06-01T02:15:00Z,2026-06-01T04:15:00+0200,41110.2672,MW,DE,DE_LU,actual_load,Actual Load,2026-06-23T17:24:51Z
2026-06-23T17:23:48Z,2026-06-23T19:23:48+0200,c51852f0-2285-49e0-9c34-cd4ce69db778,2026-06-01T02:30:00Z,2026-06-01T04:30:00+0200,41372.79434,MW,DE,DE_LU,actual_load,Actual Load,2026-06-23T17:24:51Z
2026-06-23T17:23:48Z,2026-06-23T19:23:48+0200,c51852f0-2285-49e0-9c34-cd4ce69db778,2026-06-01T02:45:00Z,2026-06-01T04:45:00+0200,41751.41676,MW,DE,DE_LU,actual_load,Actual Load,2026-06-23T17:24:51Z
2026-06-23T17:23:48Z,2026-06-23T19:23:48+0200,c51852f0-2285-49e0-9c34-cd4ce69db778,2026-06-01T03:00:00Z,2026-06-01T05:00:00+0200,42979.82177,MW,DE,DE_LU,actual_load,Actual Load,2026-06-23T17:24:51Z
2026-06-23T17:23:48Z,2026-06-23T19:23:48+0200,c51852f0-2285-49e0-9c34-cd4ce69db778,2026-06-01T03:15:00Z,2026-06-01T05:15:00+0200,43679.50097,MW,DE,DE_LU,actual_load,Actual Load,2026-06-23T17:24:51Z
2026-06-23T17:23:48Z,2026-06-23T19:23:48+0200,c51852f0-2285-49e0-9c34-cd4ce69db778,2026-06-01T03:30:00Z,2026-06-01T05:30:00+0200,44421.90292,MW,DE,DE_LU,actual_load,Actual Load,2026-06-23T17:24:51Z
2026-06-23T17:23:48Z,2026-06-23T19:23:48+0200,c51852f0-2285-49e0-9c34-cd4ce69db778,2026-06-01T03:45:00Z,2026-06-01T05:45:00+0200,45916.79776,MW,DE,DE_LU,actual_load,Actual Load,2026-06-23T17:24:51Z
2026-06-23T17:23:48Z,2026-06-23T19:23:48+0200,c51852f0-2285-49e0-9c34-cd4ce69db778,2026-06-01T04:00:00Z,2026-06-01T06:00:00+0200,48322.08739,MW,DE,DE_LU,actual_load,Actual Load,2026-06-23T17:24:51Z
2026-06-23T17:23:48Z,2026-06-23T19:23:48+0200,c51852f0-2285-49e0-9c34-cd4ce69db778,2026-06-01T04:15:00Z,2026-06-01T06:15:00+0200,50271.35709,MW,DE,DE_LU,actual_load,Actual Load,2026-06-23T17:24:51Z
2026-06-23T17:23:48Z,2026-06-23T19:23:48+0200,c51852f0-2285-49e0-9c34-cd4ce69db778,2026-06-01T04:30:00Z,2026-06-01T06:30:00+0200,51840.45485,MW,DE,DE_LU,actual_load,Actual Load,2026-06-23T17:24:51Z
2026-06-23T17:23:48Z,2026-06-23T19:23:48+0200,c51852f0-2285-49e0-9c34-cd4ce69db778,2026-06-01T04:45:00Z,2026-06-01T06:45:00+0200,53096.82483,MW,DE,DE_LU,actual_load,Actual Load,2026-06-23T17:24:51Z
2026-06-23T17:23:48Z,2026-06-23T19:23:48+0200,c51852f0-2285-49e0-9c34-cd4ce69db778,2026-06-01T05:00:00Z,2026-06-01T07:00:00+0200,54437.65192,MW,DE,DE_LU,actual_load,Actual Load,2026-06-23T17:24:51Z
2026-06-23T17:23:48Z,2026-06-23T19:23:48+0200,c51852f0-2285-49e0-9c34-cd4ce69db778,2026-06-01T05:15:00Z,2026-06-01T07:15:00+0200,55612.71543,MW,DE,DE_LU,actual_load,Actual Load,2026-06-23T17:24:51Z
2026-06-23T17:23:48Z,2026-06-23T19:23:48+0200,c51852f0-2285-49e0-9c34-cd4ce69db778,2026-06-01T05:30:00Z,2026-06-01T07:30:00+0200,56319.32679,MW,DE,DE_LU,actual_load,Actual Load,2026-06-23T17:24:51Z
2026-06-23T17:23:48Z,2026-06-23T19:23:48+0200,c51852f0-2285-49e0-9c34-cd4ce69db778,2026-06-01T05:45:00Z,2026-06-01T07:45:00+0200,57327.585,MW,DE,DE_LU,actual_load,Actual Load,2026-06-23T17:24:51Z
2026-06-23T17:23:48Z,2026-06-23T19:23:48+0200,c51852f0-2285-49e0-9c34-cd4ce69db778,2026-06-01T06:00:00Z,2026-06-01T08:00:00+0200,57265.5947,MW,DE,DE_LU,actual_load,Actual Load,2026-06-23T17:24:51Z
2026-06-23T17:23:48Z,2026-06-23T19:23:48+0200,c51852f0-2285-49e0-9c34-cd4ce69db778,2026-06-01T06:15:00Z,2026-06-01T08:15:00+0200,58082.58657,MW,DE,DE_LU,actual_load,Actual Load,2026-06-23T17:24:51Z
2026-06-23T17:23:48Z,2026-06-23T19:23:48+0200,c51852f0-2285-49e0-9c34-cd4ce69db778,2026-06-01T06:30:00Z,2026-06-01T08:30:00+0200,58460.48103,MW,DE,DE_LU,actual_load,Actual Load,2026-06-23T17:24:51Z
2026-06-23T17:23:48Z,2026-06-23T19:23:48+0200,c51852f0-2285-49e0-9c34-cd4ce69db778,2026-06-01T06:45:00Z,2026-06-01T08:45:00+0200,58294.90394,MW,DE,DE_LU,actual_load,Actual Load,2026-06-23T17:24:51Z
2026-06-23T17:23:48Z,2026-06-23T19:23:48+0200,c51852f0-2285-49e0-9c34-cd4ce69db778,2026-06-01T07:00:00Z,2026-06-01T09:00:00+0200,57277.03117,MW,DE,DE_LU,actual_load,Actual Load,2026-06-23T17:24:51Z
2026-06-23T17:23:48Z,2026-06-23T19:23:48+0200,c51852f0-2285-49e0-9c34-cd4ce69db778,2026-06-01T07:15:00Z,2026-06-01T09:15:00+0200,57240.41855,MW,DE,DE_LU,actual_load,Actual Load,2026-06-23T17:24:51Z
2026-06-23T17:23:48Z,2026-06-23T19:23:48+0200,c51852f0-2285-49e0-9c34-cd4ce69db778,2026-06-01T07:30:00Z,2026-06-01T09:30:00+0200,57748.58346,MW,DE,DE_LU,actual_load,Actual Load,2026-06-23T17:24:51Z
2026-06-23T17:23:48Z,2026-06-23T19:23:48+0200,c51852f0-2285-49e0-9c34-cd4ce69db778,2026-06-01T07:45:00Z,2026-06-01T09:45:00+0200,58118.90735,MW,DE,DE_LU,actual_load,Actual Load,2026-06-23T17:24:51Z
2026-06-23T17:23:48Z,2026-06-23T19:23:48+0200,c51852f0-2285-49e0-9c34-cd4ce69db778,2026-06-01T08:00:00Z,2026-06-01T10:00:00+0200,57197.86731,MW,DE,DE_LU,actual_load,Actual Load,2026-06-23T17:24:51Z
2026-06-23T17:23:48Z,2026-06-23T19:23:48+0200,c51852f0-2285-49e0-9c34-cd4ce69db778,2026-06-01T08:15:00Z,2026-06-01T10:15:00+0200,56520.63826,MW,DE,DE_LU,actual_load,Actual Load,2026-06-23T17:24:51Z
2026-06-23T17:23:48Z,2026-06-23T19:23:48+0200,c51852f0-2285-49e0-9c34-cd4ce69db778,2026-06-01T08:30:00Z,2026-06-01T10:30:00+0200,56784.71316,MW,DE,DE_LU,actual_load,Actual Load,2026-06-23T17:24:51Z
2026-06-23T17:23:48Z,2026-06-23T19:23:48+0200,c51852f0-2285-49e0-9c34-cd4ce69db778,2026-06-01T08:45:00Z,2026-06-01T10:45:00+0200,56589.13869,MW,DE,DE_LU,actual_load,Actual Load,2026-06-23T17:24:51Z
2026-06-23T17:23:48Z,2026-06-23T19:23:48+0200,c51852f0-2285-49e0-9c34-cd4ce69db778,2026-06-01T09:00:00Z,2026-06-01T11:00:00+0200,56640.67859,MW,DE,DE_LU,actual_load,Actual Load,2026-06-23T17:24:51Z
2026-06-23T17:23:48Z,2026-06-23T19:23:48+0200,c51852f0-2285-49e0-9c34-cd4ce69db778,2026-06-01T09:15:00Z,2026-06-01T11:15:00+0200,56885.37933,MW,DE,DE_LU,actual_load,Actual Load,2026-06-23T17:24:51Z
2026-06-23T17:23:48Z,2026-06-23T19:23:48+0200,c51852f0-2285-49e0-9c34-cd4ce69db778,2026-06-01T09:30:00Z,2026-06-01T11:30:00+0200,56865.22296,MW,DE,DE_LU,actual_load,Actual Load,2026-06-23T17:24:51Z
2026-06-23T17:23:48Z,2026-06-23T19:23:48+0200,c51852f0-2285-49e0-9c34-cd4ce69db778,2026-06-01T09:45:00Z,2026-06-01T11:45:00+0200,56474.39393,MW,DE,DE_LU,actual_load,Actual Load,2026-06-23T17:24:51Z
2026-06-23T17:23:48Z,2026-06-23T19:23:48+0200,c51852f0-2285-49e0-9c34-cd4ce69db778,2026-06-01T10:00:00Z,2026-06-01T12:00:00+0200,56431.33898,MW,DE,DE_LU,actual_load,Actual Load,2026-06-23T17:24:51Z
2026-06-23T17:23:48Z,2026-06-23T19:23:48+0200,c51852f0-2285-49e0-9c34-cd4ce69db778,2026-06-01T10:15:00Z,2026-06-01T12:15:00+0200,56575.44197,MW,DE,DE_LU,actual_load,Actual Load,2026-06-23T17:24:51Z
2026-06-23T17:23:48Z,2026-06-23T19:23:48+0200,c51852f0-2285-49e0-9c34-cd4ce69db778,2026-06-01T10:30:00Z,2026-06-01T12:30:00+0200,55712.12911,MW,DE,DE_LU,actual_load,Actual Load,2026-06-23T17:24:51Z
2026-06-23T17:23:48Z,2026-06-23T19:23:48+0200,c51852f0-2285-49e0-9c34-cd4ce69db778,2026-06-01T10:45:00Z,2026-06-01T12:45:00+0200,55264.17264,MW,DE,DE_LU,actual_load,Actual Load,2026-06-23T17:24:51Z
2026-06-23T17:23:48Z,2026-06-23T19:23:48+0200,c51852f0-2285-49e0-9c34-cd4ce69db778,2026-06-01T11:00:00Z,2026-06-01T13:00:00+0200,54428.47845,MW,DE,DE_LU,actual_load,Actual Load,2026-06-23T17:24:51Z
2026-06-23T17:23:48Z,2026-06-23T19:23:48+0200,c51852f0-2285-49e0-9c34-cd4ce69db778,2026-06-01T11:15:00Z,2026-06-01T13:15:00+0200,55089.49491,MW,DE,DE_LU,actual_load,Actual Load,2026-06-23T17:24:51Z
2026-06-23T17:23:48Z,2026-06-23T19:23:48+0200,c51852f0-2285-49e0-9c34-cd4ce69db778,2026-06-01T11:30:00Z,2026-06-01T13:30:00+0200,55632.63698,MW,DE,DE_LU,actual_load,Actual Load,2026-06-23T17:24:51Z
2026-06-23T17:23:48Z,2026-06-23T19:23:48+0200,c51852f0-2285-49e0-9c34-cd4ce69db778,2026-06-01T11:45:00Z,2026-06-01T13:45:00+0200,55066.60434,MW,DE,DE_LU,actual_load,Actual Load,2026-06-23T17:24:51Z
2026-06-23T17:23:48Z,2026-06-23T19:23:48+0200,c51852f0-2285-49e0-9c34-cd4ce69db778,2026-06-01T12:00:00Z,2026-06-01T14:00:00+0200,54842.78013,MW,DE,DE_LU,actual_load,Actual Load,2026-06-23T17:24:51Z
2026-06-23T17:23:48Z,2026-06-23T19:23:48+0200,c51852f0-2285-49e0-9c34-cd4ce69db778,2026-06-01T12:15:00Z,2026-06-01T14:15:00+0200,54662.56708,MW,DE,DE_LU,actual_load,Actual Load,2026-06-23T17:24:51Z
2026-06-23T17:23:48Z,2026-06-23T19:23:48+0200,c51852f0-2285-49e0-9c34-cd4ce69db778,2026-06-01T12:30:00Z,2026-06-01T14:30:00+0200,54451.93802,MW,DE,DE_LU,actual_load,Actual Load,2026-06-23T17:24:51Z
2026-06-23T17:23:48Z,2026-06-23T19:23:48+0200,c51852f0-2285-49e0-9c34-cd4ce69db778,2026-06-01T12:45:00Z,2026-06-01T14:45:00+0200,54509.21642,MW,DE,DE_LU,actual_load,Actual Load,2026-06-23T17:24:51Z
2026-06-23T17:23:48Z,2026-06-23T19:23:48+0200,c51852f0-2285-49e0-9c34-cd4ce69db778,2026-06-01T13:00:00Z,2026-06-01T15:00:00+0200,54250.01637,MW,DE,DE_LU,actual_load,Actual Load,2026-06-23T17:24:51Z
2026-06-23T17:23:48Z,2026-06-23T19:23:48+0200,c51852f0-2285-49e0-9c34-cd4ce69db778,2026-06-01T13:15:00Z,2026-06-01T15:15:00+0200,53890.46398,MW,DE,DE_LU,actual_load,Actual Load,2026-06-23T17:24:51Z
2026-06-23T17:23:48Z,2026-06-23T19:23:48+0200,c51852f0-2285-49e0-9c34-cd4ce69db778,2026-06-01T13:30:00Z,2026-06-01T15:30:00+0200,53995.72521,MW,DE,DE_LU,actual_load,Actual Load,2026-06-23T17:24:51Z
2026-06-23T17:23:48Z,2026-06-23T19:23:48+0200,c51852f0-2285-49e0-9c34-cd4ce69db778,2026-06-01T13:45:00Z,2026-06-01T15:45:00+0200,53644.88836,MW,DE,DE_LU,actual_load,Actual Load,2026-06-23T17:24:51Z
2026-06-23T17:23:48Z,2026-06-23T19:23:48+0200,c51852f0-2285-49e0-9c34-cd4ce69db778,2026-06-01T14:00:00Z,2026-06-01T16:00:00+0200,53329.84059,MW,DE,DE_LU,actual_load,Actual Load,2026-06-23T17:24:51Z
2026-06-23T17:23:48Z,2026-06-23T19:23:48+0200,c51852f0-2285-49e0-9c34-cd4ce69db778,2026-06-01T14:15:00Z,2026-06-01T16:15:00+0200,53689.65964,MW,DE,DE_LU,actual_load,Actual Load,2026-06-23T17:24:51Z
2026-06-23T17:23:48Z,2026-06-23T19:23:48+0200,c51852f0-2285-49e0-9c34-cd4ce69db778,2026-06-01T14:30:00Z,2026-06-01T16:30:00+0200,54247.02762,MW,DE,DE_LU,actual_load,Actual Load,2026-06-23T17:24:51Z
2026-06-23T17:23:48Z,2026-06-23T19:23:48+0200,c51852f0-2285-49e0-9c34-cd4ce69db778,2026-06-01T14:45:00Z,2026-06-01T16:45:00+0200,54221.06487,MW,DE,DE_LU,actual_load,Actual Load,2026-06-23T17:24:51Z
2026-06-23T17:23:48Z,2026-06-23T19:23:48+0200,c51852f0-2285-49e0-9c34-cd4ce69db778,2026-06-01T15:00:00Z,2026-06-01T17:00:00+0200,54305.616,MW,DE,DE_LU,actual_load,Actual Load,2026-06-23T17:24:51Z
2026-06-23T17:23:48Z,2026-06-23T19:23:48+0200,c51852f0-2285-49e0-9c34-cd4ce69db778,2026-06-01T15:15:00Z,2026-06-01T17:15:00+0200,54959.76892,MW,DE,DE_LU,actual_load,Actual Load,2026-06-23T17:24:51Z
2026-06-23T17:23:48Z,2026-06-23T19:23:48+0200,c51852f0-2285-49e0-9c34-cd4ce69db778,2026-06-01T15:30:00Z,2026-06-01T17:30:00+0200,55659.73996,MW,DE,DE_LU,actual_load,Actual Load,2026-06-23T17:24:51Z
2026-06-23T17:23:48Z,2026-06-23T19:23:48+0200,c51852f0-2285-49e0-9c34-cd4ce69db778,2026-06-01T15:45:00Z,2026-06-01T17:45:00+0200,55445.61287,MW,DE,DE_LU,actual_load,Actual Load,2026-06-23T17:24:51Z
2026-06-23T17:23:48Z,2026-06-23T19:23:48+0200,c51852f0-2285-49e0-9c34-cd4ce69db778,2026-06-01T16:00:00Z,2026-06-01T18:00:00+0200,56696.99391,MW,DE,DE_LU,actual_load,Actual Load,2026-06-23T17:24:51Z
2026-06-23T17:23:48Z,2026-06-23T19:23:48+0200,c51852f0-2285-49e0-9c34-cd4ce69db778,2026-06-01T16:15:00Z,2026-06-01T18:15:00+0200,56379.71396,MW,DE,DE_LU,actual_load,Actual Load,2026-06-23T17:24:51Z
2026-06-23T17:23:48Z,2026-06-23T19:23:48+0200,c51852f0-2285-49e0-9c34-cd4ce69db778,2026-06-01T16:30:00Z,2026-06-01T18:30:00+0200,56863.03504,MW,DE,DE_LU,actual_load,Actual Load,2026-06-23T17:24:51Z
2026-06-23T17:23:48Z,2026-06-23T19:23:48+0200,c51852f0-2285-49e0-9c34-cd4ce69db778,2026-06-01T16:45:00Z,2026-06-01T18:45:00+0200,57548.72856,MW,DE,DE_LU,actual_load,Actual Load,2026-06-23T17:24:51Z
2026-06-23T17:23:48Z,2026-06-23T19:23:48+0200,c51852f0-2285-49e0-9c34-cd4ce69db778,2026-06-01T17:00:00Z,2026-06-01T19:00:00+0200,58162.47501,MW,DE,DE_LU,actual_load,Actual Load,2026-06-23T17:24:51Z
2026-06-23T17:23:48Z,2026-06-23T19:23:48+0200,c51852f0-2285-49e0-9c34-cd4ce69db778,2026-06-01T17:15:00Z,2026-06-01T19:15:00+0200,57906.88971,MW,DE,DE_LU,actual_load,Actual Load,2026-06-23T17:24:51Z
2026-06-23T17:23:48Z,2026-06-23T19:23:48+0200,c51852f0-2285-49e0-9c34-cd4ce69db778,2026-06-01T17:30:00Z,2026-06-01T19:30:00+0200,58215.78119,MW,DE,DE_LU,actual_load,Actual Load,2026-06-23T17:24:51Z
2026-06-23T17:23:48Z,2026-06-23T19:23:48+0200,c51852f0-2285-49e0-9c34-cd4ce69db778,2026-06-01T17:45:00Z,2026-06-01T19:45:00+0200,57463.10535,MW,DE,DE_LU,actual_load,Actual Load,2026-06-23T17:24:51Z
2026-06-23T17:23:48Z,2026-06-23T19:23:48+0200,c51852f0-2285-49e0-9c34-cd4ce69db778,2026-06-01T18:00:00Z,2026-06-01T20:00:00+0200,57186.25799,MW,DE,DE_LU,actual_load,Actual Load,2026-06-23T17:24:51Z
2026-06-23T17:23:48Z,2026-06-23T19:23:48+0200,c51852f0-2285-49e0-9c34-cd4ce69db778,2026-06-01T18:15:00Z,2026-06-01T20:15:00+0200,56450.61294,MW,DE,DE_LU,actual_load,Actual Load,2026-06-23T17:24:51Z
2026-06-23T17:23:48Z,2026-06-23T19:23:48+0200,c51852f0-2285-49e0-9c34-cd4ce69db778,2026-06-01T18:30:00Z,2026-06-01T20:30:00+0200,56402.4437,MW,DE,DE_LU,actual_load,Actual Load,2026-06-23T17:24:51Z
2026-06-23T17:23:48Z,2026-06-23T19:23:48+0200,c51852f0-2285-49e0-9c34-cd4ce69db778,2026-06-01T18:45:00Z,2026-06-01T20:45:00+0200,55737.49453,MW,DE,DE_LU,actual_load,Actual Load,2026-06-23T17:24:51Z
2026-06-23T17:23:48Z,2026-06-23T19:23:48+0200,c51852f0-2285-49e0-9c34-cd4ce69db778,2026-06-01T19:00:00Z,2026-06-01T21:00:00+0200,55379.86142,MW,DE,DE_LU,actual_load,Actual Load,2026-06-23T17:24:51Z
2026-06-23T17:23:48Z,2026-06-23T19:23:48+0200,c51852f0-2285-49e0-9c34-cd4ce69db778,2026-06-01T19:15:00Z,2026-06-01T21:15:00+0200,54998.07428,MW,DE,DE_LU,actual_load,Actual Load,2026-06-23T17:24:51Z
2026-06-23T17:23:48Z,2026-06-23T19:23:48+0200,c51852f0-2285-49e0-9c34-cd4ce69db778,2026-06-01T19:30:00Z,2026-06-01T21:30:00+0200,54933.8049,MW,DE,DE_LU,actual_load,Actual Load,2026-06-23T17:24:51Z
2026-06-23T17:23:48Z,2026-06-23T19:23:48+0200,c51852f0-2285-49e0-9c34-cd4ce69db778,2026-06-01T19:45:00Z,2026-06-01T21:45:00+0200,54794.01634,MW,DE,DE_LU,actual_load,Actual Load,2026-06-23T17:24:51Z
2026-06-23T17:23:48Z,2026-06-23T19:23:48+0200,c51852f0-2285-49e0-9c34-cd4ce69db778,2026-06-01T20:00:00Z,2026-06-01T22:00:00+0200,53581.73415,MW,DE,DE_LU,actual_load,Actual Load,2026-06-23T17:24:51Z
2026-06-23T17:23:48Z,2026-06-23T19:23:48+0200,c51852f0-2285-49e0-9c34-cd4ce69db778,2026-06-01T20:15:00Z,2026-06-01T22:15:00+0200,53094.74963,MW,DE,DE_LU,actual_load,Actual Load,2026-06-23T17:24:51Z
2026-06-23T17:23:48Z,2026-06-23T19:23:48+0200,c51852f0-2285-49e0-9c34-cd4ce69db778,2026-06-01T20:30:00Z,2026-06-01T22:30:00+0200,52694.10742,MW,DE,DE_LU,actual_load,Actual Load,2026-06-23T17:24:51Z
2026-06-23T17:23:48Z,2026-06-23T19:23:48+0200,c51852f0-2285-49e0-9c34-cd4ce69db778,2026-06-01T20:45:00Z,2026-06-01T22:45:00+0200,52035.81122,MW,DE,DE_LU,actual_load,Actual Load,2026-06-23T17:24:51Z
2026-06-23T17:23:48Z,2026-06-23T19:23:48+0200,c51852f0-2285-49e0-9c34-cd4ce69db778,2026-06-01T21:00:00Z,2026-06-01T23:00:00+0200,50479.27253,MW,DE,DE_LU,actual_load,Actual Load,2026-06-23T17:24:51Z
2026-06-23T17:23:48Z,2026-06-23T19:23:48+0200,c51852f0-2285-49e0-9c34-cd4ce69db778,2026-06-01T21:15:00Z,2026-06-01T23:15:00+0200,50059.86352,MW,DE,DE_LU,actual_load,Actual Load,2026-06-23T17:24:51Z
2026-06-23T17:23:48Z,2026-06-23T19:23:48+0200,c51852f0-2285-49e0-9c34-cd4ce69db778,2026-06-01T21:30:00Z,2026-06-01T23:30:00+0200,49635.10872,MW,DE,DE_LU,actual_load,Actual Load,2026-06-23T17:24:51Z
2026-06-23T17:23:48Z,2026-06-23T19:23:48+0200,c51852f0-2285-49e0-9c34-cd4ce69db778,2026-06-01T21:45:00Z,2026-06-01T23:45:00+0200,49606.34333,MW,DE,DE_LU,actual_load,Actual Load,2026-06-23T17:24:51Z
2026-06-23T17:23:48Z,2026-06-23T19:23:48+0200,c51852f0-2285-49e0-9c34-cd4ce69db778,2026-06-01T22:00:00Z,2026-06-02T00:00:00+0200,47727.68061,MW,DE,DE_LU,actual_load,Actual Load,2026-06-23T17:24:51Z
2026-06-23T17:23:48Z,2026-06-23T19:23:48+0200,c51852f0-2285-49e0-9c34-cd4ce69db778,2026-06-01T22:15:00Z,2026-06-02T00:15:00+0200,47720.83052,MW,DE,DE_LU,actual_load,Actual Load,2026-06-23T17:24:51Z
2026-06-23T17:23:48Z,2026-06-23T19:23:48+0200,c51852f0-2285-49e0-9c34-cd4ce69db778,2026-06-01T22:30:00Z,2026-06-02T00:30:00+0200,47724.53294,MW,DE,DE_LU,actual_load,Actual Load,2026-06-23T17:24:51Z
2026-06-23T17:23:48Z,2026-06-23T19:23:48+0200,c51852f0-2285-49e0-9c34-cd4ce69db778,2026-06-01T22:45:00Z,2026-06-02T00:45:00+0200,47579.09556,MW,DE,DE_LU,actual_load,Actual Load,2026-06-23T17:24:51Z
2026-06-23T17:23:48Z,2026-06-23T19:23:48+0200,c51852f0-2285-49e0-9c34-cd4ce69db778,2026-06-01T23:00:00Z,2026-06-02T01:00:00+0200,45853.37045,MW,DE,DE_LU,actual_load,Actual Load,2026-06-23T17:24:51Z
2026-06-23T17:23:48Z,2026-06-23T19:23:48+0200,c51852f0-2285-49e0-9c34-cd4ce69db778,2026-06-01T23:15:00Z,2026-06-02T01:15:00+0200,45421.88343,MW,DE,DE_LU,actual_load,Actual Load,2026-06-23T17:24:51Z
2026-06-23T17:23:48Z,2026-06-23T19:23:48+0200,c51852f0-2285-49e0-9c34-cd4ce69db778,2026-06-01T23:30:00Z,2026-06-02T01:30:00+0200,45038.52884,MW,DE,DE_LU,actual_load,Actual Load,2026-06-23T17:24:51Z
2026-06-23T17:23:48Z,2026-06-23T19:23:48+0200,c51852f0-2285-49e0-9c34-cd4ce69db778,2026-06-01T23:45:00Z,2026-06-02T01:45:00+0200,45052.082,MW,DE,DE_LU,actual_load,Actual Load,2026-06-23T17:24:51Z
2026-06-23T17:23:48Z,2026-06-23T19:23:48+0200,c51852f0-2285-49e0-9c34-cd4ce69db778,2026-06-02T00:00:00Z,2026-06-02T02:00:00+0200,44287.67725,MW,DE,DE_LU,actual_load,Actual Load,2026-06-23T17:24:51Z
2026-06-23T17:23:48Z,2026-06-23T19:23:48+0200,c51852f0-2285-49e0-9c34-cd4ce69db778,2026-06-02T00:15:00Z,2026-06-02T02:15:00+0200,43974.19819,MW,DE,DE_LU,actual_load,Actual Load,2026-06-23T17:24:51Z
2026-06-23T17:23:48Z,2026-06-23T19:23:48+0200,c51852f0-2285-49e0-9c34-cd4ce69db778,2026-06-02T00:30:00Z,2026-06-02T02:30:00+0200,44427.79028,MW,DE,DE_LU,actual_load,Actual Load,2026-06-23T17:24:51Z
2026-06-23T17:23:48Z,2026-06-23T19:23:48+0200,c51852f0-2285-49e0-9c34-cd4ce69db778,2026-06-02T00:45:00Z,2026-06-02T02:45:00+0200,44447.19921,MW,DE,DE_LU,actual_load,Actual Load,2026-06-23T17:24:51Z
2026-06-23T17:23:48Z,2026-06-23T19:23:48+0200,c51852f0-2285-49e0-9c34-cd4ce69db778,2026-06-02T01:00:00Z,2026-06-02T03:00:00+0200,44733.5443,MW,DE,DE_LU,actual_load,Actual Load,2026-06-23T17:24:51Z
2026-06-23T17:23:48Z,2026-06-23T19:23:48+0200,c51852f0-2285-49e0-9c34-cd4ce69db778,2026-06-02T01:15:00Z,2026-06-02T03:15:00+0200,44957.36584,MW,DE,DE_LU,actual_load,Actual Load,2026-06-23T17:24:51Z
2026-06-23T17:23:48Z,2026-06-23T19:23:48+0200,c51852f0-2285-49e0-9c34-cd4ce69db778,2026-06-02T01:30:00Z,2026-06-02T03:30:00+0200,44839.74955,MW,DE,DE_LU,actual_load,Actual Load,2026-06-23T17:24:51Z
2026-06-23T17:23:48Z,2026-06-23T19:23:48+0200,c51852f0-2285-49e0-9c34-cd4ce69db778,2026-06-02T01:45:00Z,2026-06-02T03:45:00+0200,45186.17905,MW,DE,DE_LU,actual_load,Actual Load,2026-06-23T17:24:51Z
2026-06-23T17:23:48Z,2026-06-23T19:23:48+0200,c51852f0-2285-49e0-9c34-cd4ce69db778,2026-06-02T02:00:00Z,2026-06-02T04:00:00+0200,45449.17119,MW,DE,DE_LU,actual_load,Actual Load,2026-06-23T17:24:51Z
2026-06-23T17:23:48Z,2026-06-23T19:23:48+0200,c51852f0-2285-49e0-9c34-cd4ce69db778,2026-06-02T02:15:00Z,2026-06-02T04:15:00+0200,45405.71179,MW,DE,DE_LU,actual_load,Actual Load,2026-06-23T17:24:51Z
2026-06-23T17:23:48Z,2026-06-23T19:23:48+0200,c51852f0-2285-49e0-9c34-cd4ce69db778,2026-06-02T02:30:00Z,2026-06-02T04:30:00+0200,45633.46186,MW,DE,DE_LU,actual_load,Actual Load,2026-06-23T17:24:51Z
2026-06-23T17:23:48Z,2026-06-23T19:23:48+0200,c51852f0-2285-49e0-9c34-cd4ce69db778,2026-06-02T02:45:00Z,2026-06-02T04:45:00+0200,46204.8552,MW,DE,DE_LU,actual_load,Actual Load,2026-06-23T17:24:51Z
2026-06-23T17:23:48Z,2026-06-23T19:23:48+0200,c51852f0-2285-49e0-9c34-cd4ce69db778,2026-06-02T03:00:00Z,2026-06-02T05:00:00+0200,47304.32997,MW,DE,DE_LU,actual_load,Actual Load,2026-06-23T17:24:51Z
2026-06-23T17:23:48Z,2026-06-23T19:23:48+0200,c51852f0-2285-49e0-9c34-cd4ce69db778,2026-06-02T03:15:00Z,2026-06-02T05:15:00+0200,47621.84301,MW,DE,DE_LU,actual_load,Actual Load,2026-06-23T17:24:51Z
2026-06-23T17:23:48Z,2026-06-23T19:23:48+0200,c51852f0-2285-49e0-9c34-cd4ce69db778,2026-06-02T03:30:00Z,2026-06-02T05:30:00+0200,48469.2676,MW,DE,DE_LU,actual_load,Actual Load,2026-06-23T17:24:51Z
2026-06-23T17:23:48Z,2026-06-23T19:23:48+0200,c51852f0-2285-49e0-9c34-cd4ce69db778,2026-06-02T03:45:00Z,2026-06-02T05:45:00+0200,49287.57173,MW,DE,DE_LU,actual_load,Actual Load,2026-06-23T17:24:51Z
2026-06-23T17:23:48Z,2026-06-23T19:23:48+0200,c51852f0-2285-49e0-9c34-cd4ce69db778,2026-06-02T04:00:00Z,2026-06-02T06:00:00+0200,51970.31465,MW,DE,DE_LU,actual_load,Actual Load,2026-06-23T17:24:51Z
2026-06-23T17:23:48Z,2026-06-23T19:23:48+0200,c51852f0-2285-49e0-9c34-cd4ce69db778,2026-06-02T04:15:00Z,2026-06-02T06:15:00+0200,53655.44706,MW,DE,DE_LU,actual_load,Actual Load,2026-06-23T17:24:51Z
2026-06-23T17:23:48Z,2026-06-23T19:23:48+0200,c51852f0-2285-49e0-9c34-cd4ce69db778,2026-06-02T04:30:00Z,2026-06-02T06:30:00+0200,55019.20728,MW,DE,DE_LU,actual_load,Actual Load,2026-06-23T17:24:51Z
2026-06-23T17:23:48Z,2026-06-23T19:23:48+0200,c51852f0-2285-49e0-9c34-cd4ce69db778,2026-06-02T04:45:00Z,2026-06-02T06:45:00+0200,55921.35505,MW,DE,DE_LU,actual_load,Actual Load,2026-06-23T17:24:51Z
2026-06-23T17:23:48Z,2026-06-23T19:23:48+0200,c51852f0-2285-49e0-9c34-cd4ce69db778,2026-06-02T05:00:00Z,2026-06-02T07:00:00+0200,56669.47719,MW,DE,DE_LU,actual_load,Actual Load,2026-06-23T17:24:51Z
2026-06-23T17:23:48Z,2026-06-23T19:23:48+0200,c51852f0-2285-49e0-9c34-cd4ce69db778,2026-06-02T05:15:00Z,2026-06-02T07:15:00+0200,57903.09229,MW,DE,DE_LU,actual_load,Actual Load,2026-06-23T17:24:51Z
2026-06-23T17:23:48Z,2026-06-23T19:23:48+0200,c51852f0-2285-49e0-9c34-cd4ce69db778,2026-06-02T05:30:00Z,2026-06-02T07:30:00+0200,58759.01306,MW,DE,DE_LU,actual_load,Actual Load,2026-06-23T17:24:51Z
2026-06-23T17:23:48Z,2026-06-23T19:23:48+0200,c51852f0-2285-49e0-9c34-cd4ce69db778,2026-06-02T05:45:00Z,2026-06-02T07:45:00+0200,58857.95537,MW,DE,DE_LU,actual_load,Actual Load,2026-06-23T17:24:51Z
2026-06-23T17:23:48Z,2026-06-23T19:23:48+0200,c51852f0-2285-49e0-9c34-cd4ce69db778,2026-06-02T06:00:00Z,2026-06-02T08:00:00+0200,58477.13359,MW,DE,DE_LU,actual_load,Actual Load,2026-06-23T17:24:51Z
2026-06-23T17:23:48Z,2026-06-23T19:23:48+0200,c51852f0-2285-49e0-9c34-cd4ce69db778,2026-06-02T06:15:00Z,2026-06-02T08:15:00+0200,59112.04874,MW,DE,DE_LU,actual_load,Actual Load,2026-06-23T17:24:51Z
2026-06-23T17:23:48Z,2026-06-23T19:23:48+0200,c51852f0-2285-49e0-9c34-cd4ce69db778,2026-06-02T06:30:00Z,2026-06-02T08:30:00+0200,59553.25801,MW,DE,DE_LU,actual_load,Actual Load,2026-06-23T17:24:51Z
2026-06-23T17:23:48Z,2026-06-23T19:23:48+0200,c51852f0-2285-49e0-9c34-cd4ce69db778,2026-06-02T06:45:00Z,2026-06-02T08:45:00+0200,59786.92834,MW,DE,DE_LU,actual_load,Actual Load,2026-06-23T17:24:51Z
2026-06-23T17:23:48Z,2026-06-23T19:23:48+0200,c51852f0-2285-49e0-9c34-cd4ce69db778,2026-06-02T07:00:00Z,2026-06-02T09:00:00+0200,59329.86511,MW,DE,DE_LU,actual_load,Actual Load,2026-06-23T17:24:51Z
2026-06-23T17:23:48Z,2026-06-23T19:23:48+0200,c51852f0-2285-49e0-9c34-cd4ce69db778,2026-06-02T07:15:00Z,2026-06-02T09:15:00+0200,59360.32867,MW,DE,DE_LU,actual_load,Actual Load,2026-06-23T17:24:51Z
2026-06-23T17:23:48Z,2026-06-23T19:23:48+0200,c51852f0-2285-49e0-9c34-cd4ce69db778,2026-06-02T07:30:00Z,2026-06-02T09:30:00+0200,58622.42104,MW,DE,DE_LU,actual_load,Actual Load,2026-06-23T17:24:51Z
2026-06-23T17:23:48Z,2026-06-23T19:23:48+0200,c51852f0-2285-49e0-9c34-cd4ce69db778,2026-06-02T07:45:00Z,2026-06-02T09:45:00+0200,58357.87741,MW,DE,DE_LU,actual_load,Actual Load,2026-06-23T17:24:51Z
2026-06-23T17:23:48Z,2026-06-23T19:23:48+0200,c51852f0-2285-49e0-9c34-cd4ce69db778,2026-06-02T08:00:00Z,2026-06-02T10:00:00+0200,58105.92195,MW,DE,DE_LU,actual_load,Actual Load,2026-06-23T17:24:51Z
2026-06-23T17:23:48Z,2026-06-23T19:23:48+0200,c51852f0-2285-49e0-9c34-cd4ce69db778,2026-06-02T08:15:00Z,2026-06-02T10:15:00+0200,58261.80773,MW,DE,DE_LU,actual_load,Actual Load,2026-06-23T17:24:51Z
2026-06-23T17:23:48Z,2026-06-23T19:23:48+0200,c51852f0-2285-49e0-9c34-cd4ce69db778,2026-06-02T08:30:00Z,2026-06-02T10:30:00+0200,57627.02104,MW,DE,DE_LU,actual_load,Actual Load,2026-06-23T17:24:51Z
2026-06-23T17:23:48Z,2026-06-23T19:23:48+0200,c51852f0-2285-49e0-9c34-cd4ce69db778,2026-06-02T08:45:00Z,2026-06-02T10:45:00+0200,58343.11339,MW,DE,DE_LU,actual_load,Actual Load,2026-06-23T17:24:51Z
2026-06-23T17:23:48Z,2026-06-23T19:23:48+0200,c51852f0-2285-49e0-9c34-cd4ce69db778,2026-06-02T09:00:00Z,2026-06-02T11:00:00+0200,58307.17707,MW,DE,DE_LU,actual_load,Actual Load,2026-06-23T17:24:51Z
2026-06-23T17:23:48Z,2026-06-23T19:23:48+0200,c51852f0-2285-49e0-9c34-cd4ce69db778,2026-06-02T09:15:00Z,2026-06-02T11:15:00+0200,58079.75722,MW,DE,DE_LU,actual_load,Actual Load,2026-06-23T17:24:51Z
2026-06-23T17:23:48Z,2026-06-23T19:23:48+0200,c51852f0-2285-49e0-9c34-cd4ce69db778,2026-06-02T09:30:00Z,2026-06-02T11:30:00+0200,58126.34633,MW,DE,DE_LU,actual_load,Actual Load,2026-06-23T17:24:51Z
2026-06-23T17:23:48Z,2026-06-23T19:23:48+0200,c51852f0-2285-49e0-9c34-cd4ce69db778,2026-06-02T09:45:00Z,2026-06-02T11:45:00+0200,58165.15011,MW,DE,DE_LU,actual_load,Actual Load,2026-06-23T17:24:51Z
2026-06-23T17:23:48Z,2026-06-23T19:23:48+0200,c51852f0-2285-49e0-9c34-cd4ce69db778,2026-06-02T10:00:00Z,2026-06-02T12:00:00+0200,58079.16561,MW,DE,DE_LU,actual_load,Actual Load,2026-06-23T17:24:51Z
2026-06-23T17:23:48Z,2026-06-23T19:23:48+0200,c51852f0-2285-49e0-9c34-cd4ce69db778,2026-06-02T10:15:00Z,2026-06-02T12:15:00+0200,57850.81317,MW,DE,DE_LU,actual_load,Actual Load,2026-06-23T17:24:51Z
2026-06-23T17:23:48Z,2026-06-23T19:23:48+0200,c51852f0-2285-49e0-9c34-cd4ce69db778,2026-06-02T10:30:00Z,2026-06-02T12:30:00+0200,58771.27388,MW,DE,DE_LU,actual_load,Actual Load,2026-06-23T17:24:51Z
2026-06-23T17:23:48Z,2026-06-23T19:23:48+0200,c51852f0-2285-49e0-9c34-cd4ce69db778,2026-06-02T10:45:00Z,2026-06-02T12:45:00+0200,58808.45741,MW,DE,DE_LU,actual_load,Actual Load,2026-06-23T17:24:51Z
2026-06-23T17:23:48Z,2026-06-23T19:23:48+0200,c51852f0-2285-49e0-9c34-cd4ce69db778,2026-06-02T11:00:00Z,2026-06-02T13:00:00+0200,59059.95542,MW,DE,DE_LU,actual_load,Actual Load,2026-06-23T17:24:51Z
2026-06-23T17:23:48Z,2026-06-23T19:23:48+0200,c51852f0-2285-49e0-9c34-cd4ce69db778,2026-06-02T11:15:00Z,2026-06-02T13:15:00+0200,58449.13114,MW,DE,DE_LU,actual_load,Actual Load,2026-06-23T17:24:51Z
2026-06-23T17:23:48Z,2026-06-23T19:23:48+0200,c51852f0-2285-49e0-9c34-cd4ce69db778,2026-06-02T11:30:00Z,2026-06-02T13:30:00+0200,57651.92903,MW,DE,DE_LU,actual_load,Actual Load,2026-06-23T17:24:51Z
2026-06-23T17:23:48Z,2026-06-23T19:23:48+0200,c51852f0-2285-49e0-9c34-cd4ce69db778,2026-06-02T11:45:00Z,2026-06-02T13:45:00+0200,57045.9464,MW,DE,DE_LU,actual_load,Actual Load,2026-06-23T17:24:51Z
2026-06-23T17:23:48Z,2026-06-23T19:23:48+0200,c51852f0-2285-49e0-9c34-cd4ce69db778,2026-06-02T12:00:00Z,2026-06-02T14:00:00+0200,57434.92969,MW,DE,DE_LU,actual_load,Actual Load,2026-06-23T17:24:51Z
2026-06-23T17:23:48Z,2026-06-23T19:23:48+0200,c51852f0-2285-49e0-9c34-cd4ce69db778,2026-06-02T12:15:00Z,2026-06-02T14:15:00+0200,56519.61675,MW,DE,DE_LU,actual_load,Actual Load,2026-06-23T17:24:51Z
2026-06-23T17:23:48Z,2026-06-23T19:23:48+0200,c51852f0-2285-49e0-9c34-cd4ce69db778,2026-06-02T12:30:00Z,2026-06-02T14:30:00+0200,56684.70452,MW,DE,DE_LU,actual_load,Actual Load,2026-06-23T17:24:51Z
2026-06-23T17:23:48Z,2026-06-23T19:23:48+0200,c51852f0-2285-49e0-9c34-cd4ce69db778,2026-06-02T12:45:00Z,2026-06-02T14:45:00+0200,56287.57716,MW,DE,DE_LU,actual_load,Actual Load,2026-06-23T17:24:51Z
2026-06-23T17:23:48Z,2026-06-23T19:23:48+0200,c51852f0-2285-49e0-9c34-cd4ce69db778,2026-06-02T13:00:00Z,2026-06-02T15:00:00+0200,56736.57798,MW,DE,DE_LU,actual_load,Actual Load,2026-06-23T17:24:51Z
2026-06-23T17:23:48Z,2026-06-23T19:23:48+0200,c51852f0-2285-49e0-9c34-cd4ce69db778,2026-06-02T13:15:00Z,2026-06-02T15:15:00+0200,56209.19324,MW,DE,DE_LU,actual_load,Actual Load,2026-06-23T17:24:51Z
2026-06-23T17:23:48Z,2026-06-23T19:23:48+0200,c51852f0-2285-49e0-9c34-cd4ce69db778,2026-06-02T13:30:00Z,2026-06-02T15:30:00+0200,55245.82332,MW,DE,DE_LU,actual_load,Actual Load,2026-06-23T17:24:51Z
2026-06-23T17:23:48Z,2026-06-23T19:23:48+0200,c51852f0-2285-49e0-9c34-cd4ce69db778,2026-06-02T13:45:00Z,2026-06-02T15:45:00+0200,55635.19541,MW,DE,DE_LU,actual_load,Actual Load,2026-06-23T17:24:51Z
2026-06-23T17:23:48Z,2026-06-23T19:23:48+0200,c51852f0-2285-49e0-9c34-cd4ce69db778,2026-06-02T14:00:00Z,2026-06-02T16:00:00+0200,56874.2405,MW,DE,DE_LU,actual_load,Actual Load,2026-06-23T17:24:51Z
2026-06-23T17:23:48Z,2026-06-23T19:23:48+0200,c51852f0-2285-49e0-9c34-cd4ce69db778,2026-06-02T14:15:00Z,2026-06-02T16:15:00+0200,56383.8094,MW,DE,DE_LU,actual_load,Actual Load,2026-06-23T17:24:51Z
2026-06-23T17:23:48Z,2026-06-23T19:23:48+0200,c51852f0-2285-49e0-9c34-cd4ce69db778,2026-06-02T14:30:00Z,2026-06-02T16:30:00+0200,57152.17136,MW,DE,DE_LU,actual_load,Actual Load,2026-06-23T17:24:51Z
2026-06-23T17:23:48Z,2026-06-23T19:23:48+0200,c51852f0-2285-49e0-9c34-cd4ce69db778,2026-06-02T14:45:00Z,2026-06-02T16:45:00+0200,57323.57588,MW,DE,DE_LU,actual_load,Actual Load,2026-06-23T17:24:51Z
2026-06-23T17:23:48Z,2026-06-23T19:23:48+0200,c51852f0-2285-49e0-9c34-cd4ce69db778,2026-06-02T15:00:00Z,2026-06-02T17:00:00+0200,58085.43365,MW,DE,DE_LU,actual_load,Actual Load,2026-06-23T17:24:51Z
2026-06-23T17:23:48Z,2026-06-23T19:23:48+0200,c51852f0-2285-49e0-9c34-cd4ce69db778,2026-06-02T15:15:00Z,2026-06-02T17:15:00+0200,57917.41423,MW,DE,DE_LU,actual_load,Actual Load,2026-06-23T17:24:51Z
2026-06-23T17:23:48Z,2026-06-23T19:23:48+0200,c51852f0-2285-49e0-9c34-cd4ce69db778,2026-06-02T15:30:00Z,2026-06-02T17:30:00+0200,58967.77236,MW,DE,DE_LU,actual_load,Actual Load,2026-06-23T17:24:51Z
2026-06-23T17:23:48Z,2026-06-23T19:23:48+0200,c51852f0-2285-49e0-9c34-cd4ce69db778,2026-06-02T15:45:00Z,2026-06-02T17:45:00+0200,59259.58812,MW,DE,DE_LU,actual_load,Actual Load,2026-06-23T17:24:51Z
2026-06-23T17:23:48Z,2026-06-23T19:23:48+0200,c51852f0-2285-49e0-9c34-cd4ce69db778,2026-06-02T16:00:00Z,2026-06-02T18:00:00+0200,60220.4965,MW,DE,DE_LU,actual_load,Actual Load,2026-06-23T17:24:51Z
2026-06-23T17:23:48Z,2026-06-23T19:23:48+0200,c51852f0-2285-49e0-9c34-cd4ce69db778,2026-06-02T16:15:00Z,2026-06-02T18:15:00+0200,60131.97533,MW,DE,DE_LU,actual_load,Actual Load,2026-06-23T17:24:51Z
2026-06-23T17:23:48Z,2026-06-23T19:23:48+0200,c51852f0-2285-49e0-9c34-cd4ce69db778,2026-06-02T16:30:00Z,2026-06-02T18:30:00+0200,59737.33005,MW,DE,DE_LU,actual_load,Actual Load,2026-06-23T17:24:51Z
2026-06-23T17:23:48Z,2026-06-23T19:23:48+0200,c51852f0-2285-49e0-9c34-cd4ce69db778,2026-06-02T16:45:00Z,2026-06-02T18:45:00+0200,59620.17175,MW,DE,DE_LU,actual_load,Actual Load,2026-06-23T17:24:51Z
2026-06-23T17:23:48Z,2026-06-23T19:23:48+0200,c51852f0-2285-49e0-9c34-cd4ce69db778,2026-06-02T17:00:00Z,2026-06-02T19:00:00+0200,60577.43848,MW,DE,DE_LU,actual_load,Actual Load,2026-06-23T17:24:51Z
2026-06-23T17:23:48Z,2026-06-23T19:23:48+0200,c51852f0-2285-49e0-9c34-cd4ce69db778,2026-06-02T17:15:00Z,2026-06-02T19:15:00+0200,60104.07584,MW,DE,DE_LU,actual_load,Actual Load,2026-06-23T17:24:51Z
2026-06-23T17:23:48Z,2026-06-23T19:23:48+0200,c51852f0-2285-49e0-9c34-cd4ce69db778,2026-06-02T17:30:00Z,2026-06-02T19:30:00+0200,59549.05715,MW,DE,DE_LU,actual_load,Actual Load,2026-06-23T17:24:51Z
2026-06-23T17:23:48Z,2026-06-23T19:23:48+0200,c51852f0-2285-49e0-9c34-cd4ce69db778,2026-06-02T17:45:00Z,2026-06-02T19:45:00+0200,59739.20758,MW,DE,DE_LU,actual_load,Actual Load,2026-06-23T17:24:51Z
2026-06-23T17:23:48Z,2026-06-23T19:23:48+0200,c51852f0-2285-49e0-9c34-cd4ce69db778,2026-06-02T18:00:00Z,2026-06-02T20:00:00+0200,59466.66366,MW,DE,DE_LU,actual_load,Actual Load,2026-06-23T17:24:51Z
2026-06-23T17:23:48Z,2026-06-23T19:23:48+0200,c51852f0-2285-49e0-9c34-cd4ce69db778,2026-06-02T18:15:00Z,2026-06-02T20:15:00+0200,59616.51128,MW,DE,DE_LU,actual_load,Actual Load,2026-06-23T17:24:51Z
2026-06-23T17:23:48Z,2026-06-23T19:23:48+0200,c51852f0-2285-49e0-9c34-cd4ce69db778,2026-06-02T18:30:00Z,2026-06-02T20:30:00+0200,59438.03375,MW,DE,DE_LU,actual_load,Actual Load,2026-06-23T17:24:51Z
2026-06-23T17:23:48Z,2026-06-23T19:23:48+0200,c51852f0-2285-49e0-9c34-cd4ce69db778,2026-06-02T18:45:00Z,2026-06-02T20:45:00+0200,58941.99513,MW,DE,DE_LU,actual_load,Actual Load,2026-06-23T17:24:51Z
2026-06-23T17:23:48Z,2026-06-23T19:23:48+0200,c51852f0-2285-49e0-9c34-cd4ce69db778,2026-06-02T19:00:00Z,2026-06-02T21:00:00+0200,57565.6887,MW,DE,DE_LU,actual_load,Actual Load,2026-06-23T17:24:51Z
2026-06-23T17:23:48Z,2026-06-23T19:23:48+0200,c51852f0-2285-49e0-9c34-cd4ce69db778,2026-06-02T19:15:00Z,2026-06-02T21:15:00+0200,56961.5269,MW,DE,DE_LU,actual_load,Actual Load,2026-06-23T17:24:51Z
2026-06-23T17:23:48Z,2026-06-23T19:23:48+0200,c51852f0-2285-49e0-9c34-cd4ce69db778,2026-06-02T19:30:00Z,2026-06-02T21:30:00+0200,56198.6906,MW,DE,DE_LU,actual_load,Actual Load,2026-06-23T17:24:51Z
2026-06-23T17:23:48Z,2026-06-23T19:23:48+0200,c51852f0-2285-49e0-9c34-cd4ce69db778,2026-06-02T19:45:00Z,2026-06-02T21:45:00+0200,56086.31195,MW,DE,DE_LU,actual_load,Actual Load,2026-06-23T17:24:51Z
2026-06-23T17:23:48Z,2026-06-23T19:23:48+0200,c51852f0-2285-49e0-9c34-cd4ce69db778,2026-06-02T20:00:00Z,2026-06-02T22:00:00+0200,54793.9496,MW,DE,DE_LU,actual_load,Actual Load,2026-06-23T17:24:51Z
2026-06-23T17:23:48Z,2026-06-23T19:23:48+0200,c51852f0-2285-49e0-9c34-cd4ce69db778,2026-06-02T20:15:00Z,2026-06-02T22:15:00+0200,53724.211,MW,DE,DE_LU,actual_load,Actual Load,2026-06-23T17:24:51Z
2026-06-23T17:23:48Z,2026-06-23T19:23:48+0200,c51852f0-2285-49e0-9c34-cd4ce69db778,2026-06-02T20:30:00Z,2026-06-02T22:30:00+0200,52533.81041,MW,DE,DE_LU,actual_load,Actual Load,2026-06-23T17:24:51Z
2026-06-23T17:23:48Z,2026-06-23T19:23:48+0200,c51852f0-2285-49e0-9c34-cd4ce69db778,2026-06-02T20:45:00Z,2026-06-02T22:45:00+0200,51921.11416,MW,DE,DE_LU,actual_load,Actual Load,2026-06-23T17:24:51Z
2026-06-23T17:23:48Z,2026-06-23T19:23:48+0200,c51852f0-2285-49e0-9c34-cd4ce69db778,2026-06-02T21:00:00Z,2026-06-02T23:00:00+0200,51060.1218,MW,DE,DE_LU,actual_load,Actual Load,2026-06-23T17:24:51Z
2026-06-23T17:23:48Z,2026-06-23T19:23:48+0200,c51852f0-2285-49e0-9c34-cd4ce69db778,2026-06-02T21:15:00Z,2026-06-02T23:15:00+0200,50033.75373,MW,DE,DE_LU,actual_load,Actual Load,2026-06-23T17:24:51Z
2026-06-23T17:23:48Z,2026-06-23T19:23:48+0200,c51852f0-2285-49e0-9c34-cd4ce69db778,2026-06-02T21:30:00Z,2026-06-02T23:30:00+0200,49363.10706,MW,DE,DE_LU,actual_load,Actual Load,2026-06-23T17:24:51Z
2026-06-23T17:23:48Z,2026-06-23T19:23:48+0200,c51852f0-2285-49e0-9c34-cd4ce69db778,2026-06-02T21:45:00Z,2026-06-02T23:45:00+0200,49064.3175,MW,DE,DE_LU,actual_load,Actual Load,2026-06-23T17:24:51Z
2026-06-23T17:23:48Z,2026-06-23T19:23:48+0200,c51852f0-2285-49e0-9c34-cd4ce69db778,2026-06-02T22:00:00Z,2026-06-03T00:00:00+0200,47390.78468,MW,DE,DE_LU,actual_load,Actual Load,2026-06-23T17:24:51Z
2026-06-23T17:23:48Z,2026-06-23T19:23:48+0200,c51852f0-2285-49e0-9c34-cd4ce69db778,2026-06-02T22:15:00Z,2026-06-03T00:15:00+0200,46665.82377,MW,DE,DE_LU,actual_load,Actual Load,2026-06-23T17:24:51Z
2026-06-23T17:23:48Z,2026-06-23T19:23:48+0200,c51852f0-2285-49e0-9c34-cd4ce69db778,2026-06-02T22:30:00Z,2026-06-03T00:30:00+0200,46379.30148,MW,DE,DE_LU,actual_load,Actual Load,2026-06-23T17:24:51Z
2026-06-23T17:23:48Z,2026-06-23T19:23:48+0200,c51852f0-2285-49e0-9c34-cd4ce69db778,2026-06-02T22:45:00Z,2026-06-03T00:45:00+0200,46222.10941,MW,DE,DE_LU,actual_load,Actual Load,2026-06-23T17:24:51Z
2026-06-23T17:23:48Z,2026-06-23T19:23:48+0200,c51852f0-2285-49e0-9c34-cd4ce69db778,2026-06-02T23:00:00Z,2026-06-03T01:00:00+0200,45622.74743,MW,DE,DE_LU,actual_load,Actual Load,2026-06-23T17:24:51Z
2026-06-23T17:23:48Z,2026-06-23T19:23:48+0200,c51852f0-2285-49e0-9c34-cd4ce69db778,2026-06-02T23:15:00Z,2026-06-03T01:15:00+0200,45262.798,MW,DE,DE_LU,actual_load,Actual Load,2026-06-23T17:24:51Z
2026-06-23T17:23:48Z,2026-06-23T19:23:48+0200,c51852f0-2285-49e0-9c34-cd4ce69db778,2026-06-02T23:30:00Z,2026-06-03T01:30:00+0200,44604.862,MW,DE,DE_LU,actual_load,Actual Load,2026-06-23T17:24:51Z
2026-06-23T17:23:48Z,2026-06-23T19:23:48+0200,c51852f0-2285-49e0-9c34-cd4ce69db778,2026-06-02T23:45:00Z,2026-06-03T01:45:00+0200,43891.956,MW,DE,DE_LU,actual_load,Actual Load,2026-06-23T17:24:51Z
2026-06-23T17:23:48Z,2026-06-23T19:23:48+0200,c51852f0-2285-49e0-9c34-cd4ce69db778,2026-06-03T00:00:00Z,2026-06-03T02:00:00+0200,43772.0496,MW,DE,DE_LU,actual_load,Actual Load,2026-06-23T17:24:51Z
2026-06-23T17:23:48Z,2026-06-23T19:23:48+0200,c51852f0-2285-49e0-9c34-cd4ce69db778,2026-06-03T00:15:00Z,2026-06-03T02:15:00+0200,43990.3907,MW,DE,DE_LU,actual_load,Actual Load,2026-06-23T17:24:51Z
2026-06-23T17:23:48Z,2026-06-23T19:23:48+0200,c51852f0-2285-49e0-9c34-cd4ce69db778,2026-06-03T00:30:00Z,2026-06-03T02:30:00+0200,43897.78247,MW,DE,DE_LU,actual_load,Actual Load,2026-06-23T17:24:51Z
2026-06-23T17:23:48Z,2026-06-23T19:23:48+0200,c51852f0-2285-49e0-9c34-cd4ce69db778,2026-06-03T00:45:00Z,2026-06-03T02:45:00+0200,43732.16789,MW,DE,DE_LU,actual_load,Actual Load,2026-06-23T17:24:51Z
2026-06-23T17:23:48Z,2026-06-23T19:23:48+0200,c51852f0-2285-49e0-9c34-cd4ce69db778,2026-06-03T01:00:00Z,2026-06-03T03:00:00+0200,44161.62415,MW,DE,DE_LU,actual_load,Actual Load,2026-06-23T17:24:51Z
2026-06-23T17:23:48Z,2026-06-23T19:23:48+0200,c51852f0-2285-49e0-9c34-cd4ce69db778,2026-06-03T01:15:00Z,2026-06-03T03:15:00+0200,44275.00215,MW,DE,DE_LU,actual_load,Actual Load,2026-06-23T17:24:51Z
2026-06-23T17:23:48Z,2026-06-23T19:23:48+0200,c51852f0-2285-49e0-9c34-cd4ce69db778,2026-06-03T01:30:00Z,2026-06-03T03:30:00+0200,44183.51837,MW,DE,DE_LU,actual_load,Actual Load,2026-06-23T17:24:51Z
2026-06-23T17:23:48Z,2026-06-23T19:23:48+0200,c51852f0-2285-49e0-9c34-cd4ce69db778,2026-06-03T01:45:00Z,2026-06-03T03:45:00+0200,44481.59395,MW,DE,DE_LU,actual_load,Actual Load,2026-06-23T17:24:51Z
2026-06-23T17:23:48Z,2026-06-23T19:23:48+0200,c51852f0-2285-49e0-9c34-cd4ce69db778,2026-06-03T02:00:00Z,2026-06-03T04:00:00+0200,45108.64022,MW,DE,DE_LU,actual_load,Actual Load,2026-06-23T17:24:51Z
2026-06-23T17:23:48Z,2026-06-23T19:23:48+0200,c51852f0-2285-49e0-9c34-cd4ce69db778,2026-06-03T02:15:00Z,2026-06-03T04:15:00+0200,45268.30633,MW,DE,DE_LU,actual_load,Actual Load,2026-06-23T17:24:51Z
2026-06-23T17:23:48Z,2026-06-23T19:23:48+0200,c51852f0-2285-49e0-9c34-cd4ce69db778,2026-06-03T02:30:00Z,2026-06-03T04:30:00+0200,45936.17504,MW,DE,DE_LU,actual_load,Actual Load,2026-06-23T17:24:51Z
2026-06-23T17:23:48Z,2026-06-23T19:23:48+0200,c51852f0-2285-49e0-9c34-cd4ce69db778,2026-06-03T02:45:00Z,2026-06-03T04:45:00+0200,46325.74758,MW,DE,DE_LU,actual_load,Actual Load,2026-06-23T17:24:51Z
2026-06-23T17:23:48Z,2026-06-23T19:23:48+0200,c51852f0-2285-49e0-9c34-cd4ce69db778,2026-06-03T03:00:00Z,2026-06-03T05:00:00+0200,47424.31637,MW,DE,DE_LU,actual_load,Actual Load,2026-06-23T17:24:51Z
2026-06-23T17:23:48Z,2026-06-23T19:23:48+0200,c51852f0-2285-49e0-9c34-cd4ce69db778,2026-06-03T03:15:00Z,2026-06-03T05:15:00+0200,47861.88531,MW,DE,DE_LU,actual_load,Actual Load,2026-06-23T17:24:51Z
2026-06-23T17:23:48Z,2026-06-23T19:23:48+0200,c51852f0-2285-49e0-9c34-cd4ce69db778,2026-06-03T03:30:00Z,2026-06-03T05:30:00+0200,48707.61932,MW,DE,DE_LU,actual_load,Actual Load,2026-06-23T17:24:51Z
2026-06-23T17:23:48Z,2026-06-23T19:23:48+0200,c51852f0-2285-49e0-9c34-cd4ce69db778,2026-06-03T03:45:00Z,2026-06-03T05:45:00+0200,50095.01687,MW,DE,DE_LU,actual_load,Actual Load,2026-06-23T17:24:51Z
2026-06-23T17:23:48Z,2026-06-23T19:23:48+0200,c51852f0-2285-49e0-9c34-cd4ce69db778,2026-06-03T04:00:00Z,2026-06-03T06:00:00+0200,52591.26824,MW,DE,DE_LU,actual_load,Actual Load,2026-06-23T17:24:51Z
2026-06-23T17:23:48Z,2026-06-23T19:23:48+0200,c51852f0-2285-49e0-9c34-cd4ce69db778,2026-06-03T04:15:00Z,2026-06-03T06:15:00+0200,54065.82153,MW,DE,DE_LU,actual_load,Actual Load,2026-06-23T17:24:51Z
2026-06-23T17:23:48Z,2026-06-23T19:23:48+0200,c51852f0-2285-49e0-9c34-cd4ce69db778,2026-06-03T04:30:00Z,2026-06-03T06:30:00+0200,54766.05539,MW,DE,DE_LU,actual_load,Actual Load,2026-06-23T17:24:51Z
2026-06-23T17:23:48Z,2026-06-23T19:23:48+0200,c51852f0-2285-49e0-9c34-cd4ce69db778,2026-06-03T04:45:00Z,2026-06-03T06:45:00+0200,55680.68172,MW,DE,DE_LU,actual_load,Actual Load,2026-06-23T17:24:51Z
2026-06-23T17:23:48Z,2026-06-23T19:23:48+0200,c51852f0-2285-49e0-9c34-cd4ce69db778,2026-06-03T05:00:00Z,2026-06-03T07:00:00+0200,56471.77788,MW,DE,DE_LU,actual_load,Actual Load,2026-06-23T17:24:51Z
2026-06-23T17:23:48Z,2026-06-23T19:23:48+0200,c51852f0-2285-49e0-9c34-cd4ce69db778,2026-06-03T05:15:00Z,2026-06-03T07:15:00+0200,57387.00672,MW,DE,DE_LU,actual_load,Actual Load,2026-06-23T17:24:51Z
2026-06-23T17:23:48Z,2026-06-23T19:23:48+0200,c51852f0-2285-49e0-9c34-cd4ce69db778,2026-06-03T05:30:00Z,2026-06-03T07:30:00+0200,58435.53268,MW,DE,DE_LU,actual_load,Actual Load,2026-06-23T17:24:51Z
2026-06-23T17:23:48Z,2026-06-23T19:23:48+0200,c51852f0-2285-49e0-9c34-cd4ce69db778,2026-06-03T05:45:00Z,2026-06-03T07:45:00+0200,59549.79967,MW,DE,DE_LU,actual_load,Actual Load,2026-06-23T17:24:51Z
2026-06-23T17:23:48Z,2026-06-23T19:23:48+0200,c51852f0-2285-49e0-9c34-cd4ce69db778,2026-06-03T06:00:00Z,2026-06-03T08:00:00+0200,60266.35287,MW,DE,DE_LU,actual_load,Actual Load,2026-06-23T17:24:51Z
2026-06-23T17:23:48Z,2026-06-23T19:23:48+0200,c51852f0-2285-49e0-9c34-cd4ce69db778,2026-06-03T06:15:00Z,2026-06-03T08:15:00+0200,60969.04186,MW,DE,DE_LU,actual_load,Actual Load,2026-06-23T17:24:51Z
2026-06-23T17:23:48Z,2026-06-23T19:23:48+0200,c51852f0-2285-49e0-9c34-cd4ce69db778,2026-06-03T06:30:00Z,2026-06-03T08:30:00+0200,61768.44644,MW,DE,DE_LU,actual_load,Actual Load,2026-06-23T17:24:51Z
2026-06-23T17:23:48Z,2026-06-23T19:23:48+0200,c51852f0-2285-49e0-9c34-cd4ce69db778,2026-06-03T06:45:00Z,2026-06-03T08:45:00+0200,61952.31036,MW,DE,DE_LU,actual_load,Actual Load,2026-06-23T17:24:51Z
2026-06-23T17:23:48Z,2026-06-23T19:23:48+0200,c51852f0-2285-49e0-9c34-cd4ce69db778,2026-06-03T07:00:00Z,2026-06-03T09:00:00+0200,61586.36543,MW,DE,DE_LU,actual_load,Actual Load,2026-06-23T17:24:51Z
2026-06-23T17:23:48Z,2026-06-23T19:23:48+0200,c51852f0-2285-49e0-9c34-cd4ce69db778,2026-06-03T07:15:00Z,2026-06-03T09:15:00+0200,61111.24346,MW,DE,DE_LU,actual_load,Actual Load,2026-06-23T17:24:51Z
2026-06-23T17:23:48Z,2026-06-23T19:23:48+0200,c51852f0-2285-49e0-9c34-cd4ce69db778,2026-06-03T07:30:00Z,2026-06-03T09:30:00+0200,60963.34664,MW,DE,DE_LU,actual_load,Actual Load,2026-06-23T17:24:51Z
2026-06-23T17:23:48Z,2026-06-23T19:23:48+0200,c51852f0-2285-49e0-9c34-cd4ce69db778,2026-06-03T07:45:00Z,2026-06-03T09:45:00+0200,60622.4432,MW,DE,DE_LU,actual_load,Actual Load,2026-06-23T17:24:51Z
2026-06-23T17:23:48Z,2026-06-23T19:23:48+0200,c51852f0-2285-49e0-9c34-cd4ce69db778,2026-06-03T08:00:00Z,2026-06-03T10:00:00+0200,60167.54065,MW,DE,DE_LU,actual_load,Actual Load,2026-06-23T17:24:51Z
2026-06-23T17:23:48Z,2026-06-23T19:23:48+0200,c51852f0-2285-49e0-9c34-cd4ce69db778,2026-06-03T08:15:00Z,2026-06-03T10:15:00+0200,60081.54012,MW,DE,DE_LU,actual_load,Actual Load,2026-06-23T17:24:51Z
2026-06-23T17:23:48Z,2026-06-23T19:23:48+0200,c51852f0-2285-49e0-9c34-cd4ce69db778,2026-06-03T08:30:00Z,2026-06-03T10:30:00+0200,59727.47991,MW,DE,DE_LU,actual_load,Actual Load,2026-06-23T17:24:51Z
2026-06-23T17:23:48Z,2026-06-23T19:23:48+0200,c51852f0-2285-49e0-9c34-cd4ce69db778,2026-06-03T08:45:00Z,2026-06-03T10:45:00+0200,59843.72013,MW,DE,DE_LU,actual_load,Actual Load,2026-06-23T17:24:51Z
2026-06-23T17:23:48Z,2026-06-23T19:23:48+0200,c51852f0-2285-49e0-9c34-cd4ce69db778,2026-06-03T09:00:00Z,2026-06-03T11:00:00+0200,59769.81225,MW,DE,DE_LU,actual_load,Actual Load,2026-06-23T17:24:51Z
2026-06-23T17:23:48Z,2026-06-23T19:23:48+0200,c51852f0-2285-49e0-9c34-cd4ce69db778,2026-06-03T09:15:00Z,2026-06-03T11:15:00+0200,59646.98645,MW,DE,DE_LU,actual_load,Actual Load,2026-06-23T17:24:51Z
2026-06-23T17:23:48Z,2026-06-23T19:23:48+0200,c51852f0-2285-49e0-9c34-cd4ce69db778,2026-06-03T09:30:00Z,2026-06-03T11:30:00+0200,59700.19484,MW,DE,DE_LU,actual_load,Actual Load,2026-06-23T17:24:51Z
2026-06-23T17:23:48Z,2026-06-23T19:23:48+0200,c51852f0-2285-49e0-9c34-cd4ce69db778,2026-06-03T09:45:00Z,2026-06-03T11:45:00+0200,58641.31964,MW,DE,DE_LU,actual_load,Actual Load,2026-06-23T17:24:51Z
2026-06-23T17:23:48Z,2026-06-23T19:23:48+0200,c51852f0-2285-49e0-9c34-cd4ce69db778,2026-06-03T10:00:00Z,2026-06-03T12:00:00+0200,58141.58386,MW,DE,DE_LU,actual_load,Actual Load,2026-06-23T17:24:51Z
2026-06-23T17:23:48Z,2026-06-23T19:23:48+0200,c51852f0-2285-49e0-9c34-cd4ce69db778,2026-06-03T10:15:00Z,2026-06-03T12:15:00+0200,58037.46203,MW,DE,DE_LU,actual_load,Actual Load,2026-06-23T17:24:51Z
2026-06-23T17:23:48Z,2026-06-23T19:23:48+0200,c51852f0-2285-49e0-9c34-cd4ce69db778,2026-06-03T10:30:00Z,2026-06-03T12:30:00+0200,58135.51009,MW,DE,DE_LU,actual_load,Actual Load,2026-06-23T17:24:51Z
2026-06-23T17:23:48Z,2026-06-23T19:23:48+0200,c51852f0-2285-49e0-9c34-cd4ce69db778,2026-06-03T10:45:00Z,2026-06-03T12:45:00+0200,57396.61822,MW,DE,DE_LU,actual_load,Actual Load,2026-06-23T17:24:51Z
2026-06-23T17:23:48Z,2026-06-23T19:23:48+0200,c51852f0-2285-49e0-9c34-cd4ce69db778,2026-06-03T11:00:00Z,2026-06-03T13:00:00+0200,56517.03187,MW,DE,DE_LU,actual_load,Actual Load,2026-06-23T17:24:51Z
2026-06-23T17:23:48Z,2026-06-23T19:23:48+0200,c51852f0-2285-49e0-9c34-cd4ce69db778,2026-06-03T11:15:00Z,2026-06-03T13:15:00+0200,56949.17669,MW,DE,DE_LU,actual_load,Actual Load,2026-06-23T17:24:51Z
2026-06-23T17:23:48Z,2026-06-23T19:23:48+0200,c51852f0-2285-49e0-9c34-cd4ce69db778,2026-06-03T11:30:00Z,2026-06-03T13:30:00+0200,56136.68482,MW,DE,DE_LU,actual_load,Actual Load,2026-06-23T17:24:51Z
2026-06-23T17:23:48Z,2026-06-23T19:23:48+0200,c51852f0-2285-49e0-9c34-cd4ce69db778,2026-06-03T11:45:00Z,2026-06-03T13:45:00+0200,55434.65371,MW,DE,DE_LU,actual_load,Actual Load,2026-06-23T17:24:51Z
2026-06-23T17:23:48Z,2026-06-23T19:23:48+0200,c51852f0-2285-49e0-9c34-cd4ce69db778,2026-06-03T12:00:00Z,2026-06-03T14:00:00+0200,55695.89598,MW,DE,DE_LU,actual_load,Actual Load,2026-06-23T17:24:51Z
2026-06-23T17:23:48Z,2026-06-23T19:23:48+0200,c51852f0-2285-49e0-9c34-cd4ce69db778,2026-06-03T12:15:00Z,2026-06-03T14:15:00+0200,55780.92511,MW,DE,DE_LU,actual_load,Actual Load,2026-06-23T17:24:51Z
2026-06-23T17:23:48Z,2026-06-23T19:23:48+0200,c51852f0-2285-49e0-9c34-cd4ce69db778,2026-06-03T12:30:00Z,2026-06-03T14:30:00+0200,55837.88997,MW,DE,DE_LU,actual_load,Actual Load,2026-06-23T17:24:51Z
2026-06-23T17:23:48Z,2026-06-23T19:23:48+0200,c51852f0-2285-49e0-9c34-cd4ce69db778,2026-06-03T12:45:00Z,2026-06-03T14:45:00+0200,55431.14449,MW,DE,DE_LU,actual_load,Actual Load,2026-06-23T17:24:51Z
2026-06-23T17:23:48Z,2026-06-23T19:23:48+0200,c51852f0-2285-49e0-9c34-cd4ce69db778,2026-06-03T13:00:00Z,2026-06-03T15:00:00+0200,56236.15272,MW,DE,DE_LU,actual_load,Actual Load,2026-06-23T17:24:51Z
2026-06-23T17:23:48Z,2026-06-23T19:23:48+0200,c51852f0-2285-49e0-9c34-cd4ce69db778,2026-06-03T13:15:00Z,2026-06-03T15:15:00+0200,55028.44044,MW,DE,DE_LU,actual_load,Actual Load,2026-06-23T17:24:51Z
2026-06-23T17:23:48Z,2026-06-23T19:23:48+0200,c51852f0-2285-49e0-9c34-cd4ce69db778,2026-06-03T13:30:00Z,2026-06-03T15:30:00+0200,54590.3906,MW,DE,DE_LU,actual_load,Actual Load,2026-06-23T17:24:51Z
2026-06-23T17:23:48Z,2026-06-23T19:23:48+0200,c51852f0-2285-49e0-9c34-cd4ce69db778,2026-06-03T13:45:00Z,2026-06-03T15:45:00+0200,54358.86386,MW,DE,DE_LU,actual_load,Actual Load,2026-06-23T17:24:51Z
2026-06-23T17:23:48Z,2026-06-23T19:23:48+0200,c51852f0-2285-49e0-9c34-cd4ce69db778,2026-06-03T14:00:00Z,2026-06-03T16:00:00+0200,54889.42363,MW,DE,DE_LU,actual_load,Actual Load,2026-06-23T17:24:51Z
2026-06-23T17:23:48Z,2026-06-23T19:23:48+0200,c51852f0-2285-49e0-9c34-cd4ce69db778,2026-06-03T14:15:00Z,2026-06-03T16:15:00+0200,54019.84821,MW,DE,DE_LU,actual_load,Actual Load,2026-06-23T17:24:51Z
2026-06-23T17:23:48Z,2026-06-23T19:23:48+0200,c51852f0-2285-49e0-9c34-cd4ce69db778,2026-06-03T14:30:00Z,2026-06-03T16:30:00+0200,53262.59071,MW,DE,DE_LU,actual_load,Actual Load,2026-06-23T17:24:51Z
2026-06-23T17:23:48Z,2026-06-23T19:23:48+0200,c51852f0-2285-49e0-9c34-cd4ce69db778,2026-06-03T14:45:00Z,2026-06-03T16:45:00+0200,53269.58912,MW,DE,DE_LU,actual_load,Actual Load,2026-06-23T17:24:51Z
2026-06-23T17:23:48Z,2026-06-23T19:23:48+0200,c51852f0-2285-49e0-9c34-cd4ce69db778,2026-06-03T15:00:00Z,2026-06-03T17:00:00+0200,53075.96075,MW,DE,DE_LU,actual_load,Actual Load,2026-06-23T17:24:51Z
2026-06-23T17:23:48Z,2026-06-23T19:23:48+0200,c51852f0-2285-49e0-9c34-cd4ce69db778,2026-06-03T15:15:00Z,2026-06-03T17:15:00+0200,53835.5436,MW,DE,DE_LU,actual_load,Actual Load,2026-06-23T17:24:51Z
2026-06-23T17:23:48Z,2026-06-23T19:23:48+0200,c51852f0-2285-49e0-9c34-cd4ce69db778,2026-06-03T15:30:00Z,2026-06-03T17:30:00+0200,54228.5198,MW,DE,DE_LU,actual_load,Actual Load,2026-06-23T17:24:51Z
2026-06-23T17:23:48Z,2026-06-23T19:23:48+0200,c51852f0-2285-49e0-9c34-cd4ce69db778,2026-06-03T15:45:00Z,2026-06-03T17:45:00+0200,55078.07338,MW,DE,DE_LU,actual_load,Actual Load,2026-06-23T17:24:51Z
2026-06-23T17:23:48Z,2026-06-23T19:23:48+0200,c51852f0-2285-49e0-9c34-cd4ce69db778,2026-06-03T16:00:00Z,2026-06-03T18:00:00+0200,55095.88876,MW,DE,DE_LU,actual_load,Actual Load,2026-06-23T17:24:51Z
2026-06-23T17:23:48Z,2026-06-23T19:23:48+0200,c51852f0-2285-49e0-9c34-cd4ce69db778,2026-06-03T16:15:00Z,2026-06-03T18:15:00+0200,55678.56783,MW,DE,DE_LU,actual_load,Actual Load,2026-06-23T17:24:51Z
2026-06-23T17:23:48Z,2026-06-23T19:23:48+0200,c51852f0-2285-49e0-9c34-cd4ce69db778,2026-06-03T16:30:00Z,2026-06-03T18:30:00+0200,56372.47657,MW,DE,DE_LU,actual_load,Actual Load,2026-06-23T17:24:51Z
2026-06-23T17:23:48Z,2026-06-23T19:23:48+0200,c51852f0-2285-49e0-9c34-cd4ce69db778,2026-06-03T16:45:00Z,2026-06-03T18:45:00+0200,57030.26967,MW,DE,DE_LU,actual_load,Actual Load,2026-06-23T17:24:51Z
2026-06-23T17:23:48Z,2026-06-23T19:23:48+0200,c51852f0-2285-49e0-9c34-cd4ce69db778,2026-06-03T17:00:00Z,2026-06-03T19:00:00+0200,56769.08348,MW,DE,DE_LU,actual_load,Actual Load,2026-06-23T17:24:51Z
2026-06-23T17:23:48Z,2026-06-23T19:23:48+0200,c51852f0-2285-49e0-9c34-cd4ce69db778,2026-06-03T17:15:00Z,2026-06-03T19:15:00+0200,56646.06814,MW,DE,DE_LU,actual_load,Actual Load,2026-06-23T17:24:51Z
2026-06-23T17:23:48Z,2026-06-23T19:23:48+0200,c51852f0-2285-49e0-9c34-cd4ce69db778,2026-06-03T17:30:00Z,2026-06-03T19:30:00+0200,56240.74185,MW,DE,DE_LU,actual_load,Actual Load,2026-06-23T17:24:51Z
2026-06-23T17:23:48Z,2026-06-23T19:23:48+0200,c51852f0-2285-49e0-9c34-cd4ce69db778,2026-06-03T17:45:00Z,2026-06-03T19:45:00+0200,55717.98284,MW,DE,DE_LU,actual_load,Actual Load,2026-06-23T17:24:51Z
2026-06-23T17:23:48Z,2026-06-23T19:23:48+0200,c51852f0-2285-49e0-9c34-cd4ce69db778,2026-06-03T18:00:00Z,2026-06-03T20:00:00+0200,55512.20828,MW,DE,DE_LU,actual_load,Actual Load,2026-06-23T17:24:51Z
2026-06-23T17:23:48Z,2026-06-23T19:23:48+0200,c51852f0-2285-49e0-9c34-cd4ce69db778,2026-06-03T18:15:00Z,2026-06-03T20:15:00+0200,55102.70807,MW,DE,DE_LU,actual_load,Actual Load,2026-06-23T17:24:51Z
2026-06-23T17:23:48Z,2026-06-23T19:23:48+0200,c51852f0-2285-49e0-9c34-cd4ce69db778,2026-06-03T18:30:00Z,2026-06-03T20:30:00+0200,55292.81608,MW,DE,DE_LU,actual_load,Actual Load,2026-06-23T17:24:51Z
2026-06-23T17:23:48Z,2026-06-23T19:23:48+0200,c51852f0-2285-49e0-9c34-cd4ce69db778,2026-06-03T18:45:00Z,2026-06-03T20:45:00+0200,55043.3016,MW,DE,DE_LU,actual_load,Actual Load,2026-06-23T17:24:51Z
2026-06-23T17:23:48Z,2026-06-23T19:23:48+0200,c51852f0-2285-49e0-9c34-cd4ce69db778,2026-06-03T19:00:00Z,2026-06-03T21:00:00+0200,54524.30645,MW,DE,DE_LU,actual_load,Actual Load,2026-06-23T17:24:51Z
2026-06-23T17:23:48Z,2026-06-23T19:23:48+0200,c51852f0-2285-49e0-9c34-cd4ce69db778,2026-06-03T19:15:00Z,2026-06-03T21:15:00+0200,54016.2264,MW,DE,DE_LU,actual_load,Actual Load,2026-06-23T17:24:51Z
2026-06-23T17:23:48Z,2026-06-23T19:23:48+0200,c51852f0-2285-49e0-9c34-cd4ce69db778,2026-06-03T19:30:00Z,2026-06-03T21:30:00+0200,53353.25349,MW,DE,DE_LU,actual_load,Actual Load,2026-06-23T17:24:51Z
2026-06-23T17:23:48Z,2026-06-23T19:23:48+0200,c51852f0-2285-49e0-9c34-cd4ce69db778,2026-06-03T19:45:00Z,2026-06-03T21:45:00+0200,52792.40581,MW,DE,DE_LU,actual_load,Actual Load,2026-06-23T17:24:51Z
2026-06-23T17:23:48Z,2026-06-23T19:23:48+0200,c51852f0-2285-49e0-9c34-cd4ce69db778,2026-06-03T20:00:00Z,2026-06-03T22:00:00+0200,51662.78337,MW,DE,DE_LU,actual_load,Actual Load,2026-06-23T17:24:51Z
2026-06-23T17:23:48Z,2026-06-23T19:23:48+0200,c51852f0-2285-49e0-9c34-cd4ce69db778,2026-06-03T20:15:00Z,2026-06-03T22:15:00+0200,50892.87941,MW,DE,DE_LU,actual_load,Actual Load,2026-06-23T17:24:51Z
2026-06-23T17:23:48Z,2026-06-23T19:23:48+0200,c51852f0-2285-49e0-9c34-cd4ce69db778,2026-06-03T20:30:00Z,2026-06-03T22:30:00+0200,50655.84279,MW,DE,DE_LU,actual_load,Actual Load,2026-06-23T17:24:51Z
2026-06-23T17:23:48Z,2026-06-23T19:23:48+0200,c51852f0-2285-49e0-9c34-cd4ce69db778,2026-06-03T20:45:00Z,2026-06-03T22:45:00+0200,49905.11943,MW,DE,DE_LU,actual_load,Actual Load,2026-06-23T17:24:51Z
2026-06-23T17:23:48Z,2026-06-23T19:23:48+0200,c51852f0-2285-49e0-9c34-cd4ce69db778,2026-06-03T21:00:00Z,2026-06-03T23:00:00+0200,49007.66269,MW,DE,DE_LU,actual_load,Actual Load,2026-06-23T17:24:51Z
2026-06-23T17:23:48Z,2026-06-23T19:23:48+0200,c51852f0-2285-49e0-9c34-cd4ce69db778,2026-06-03T21:15:00Z,2026-06-03T23:15:00+0200,48133.11758,MW,DE,DE_LU,actual_load,Actual Load,2026-06-23T17:24:51Z
2026-06-23T17:23:48Z,2026-06-23T19:23:48+0200,c51852f0-2285-49e0-9c34-cd4ce69db778,2026-06-03T21:30:00Z,2026-06-03T23:30:00+0200,47493.23825,MW,DE,DE_LU,actual_load,Actual Load,2026-06-23T17:24:51Z
2026-06-23T17:23:48Z,2026-06-23T19:23:48+0200,c51852f0-2285-49e0-9c34-cd4ce69db778,2026-06-03T21:45:00Z,2026-06-03T23:45:00+0200,47188.95056,MW,DE,DE_LU,actual_load,Actual Load,2026-06-23T17:24:51Z
2026-06-23T17:23:48Z,2026-06-23T19:23:48+0200,c51852f0-2285-49e0-9c34-cd4ce69db778,2026-06-03T22:00:00Z,2026-06-04T00:00:00+0200,46134.55315,MW,DE,DE_LU,actual_load,Actual Load,2026-06-23T17:24:51Z
2026-06-23T17:23:48Z,2026-06-23T19:23:48+0200,c51852f0-2285-49e0-9c34-cd4ce69db778,2026-06-03T22:15:00Z,2026-06-04T00:15:00+0200,45427.91016,MW,DE,DE_LU,actual_load,Actual Load,2026-06-23T17:24:51Z
2026-06-23T17:23:48Z,2026-06-23T19:23:48+0200,c51852f0-2285-49e0-9c34-cd4ce69db778,2026-06-03T22:30:00Z,2026-06-04T00:30:00+0200,45387.80705,MW,DE,DE_LU,actual_load,Actual Load,2026-06-23T17:24:51Z
2026-06-23T17:23:48Z,2026-06-23T19:23:48+0200,c51852f0-2285-49e0-9c34-cd4ce69db778,2026-06-03T22:45:00Z,2026-06-04T00:45:00+0200,45220.95337,MW,DE,DE_LU,actual_load,Actual Load,2026-06-23T17:24:51Z
2026-06-23T17:23:48Z,2026-06-23T19:23:48+0200,c51852f0-2285-49e0-9c34-cd4ce69db778,2026-06-03T23:00:00Z,2026-06-04T01:00:00+0200,44460.22406,MW,DE,DE_LU,actual_load,Actual Load,2026-06-23T17:24:51Z
2026-06-23T17:23:48Z,2026-06-23T19:23:48+0200,c51852f0-2285-49e0-9c34-cd4ce69db778,2026-06-03T23:15:00Z,2026-06-04T01:15:00+0200,44289.04744,MW,DE,DE_LU,actual_load,Actual Load,2026-06-23T17:24:51Z
2026-06-23T17:23:48Z,2026-06-23T19:23:48+0200,c51852f0-2285-49e0-9c34-cd4ce69db778,2026-06-03T23:30:00Z,2026-06-04T01:30:00+0200,43589.07798,MW,DE,DE_LU,actual_load,Actual Load,2026-06-23T17:24:51Z
2026-06-23T17:23:48Z,2026-06-23T19:23:48+0200,c51852f0-2285-49e0-9c34-cd4ce69db778,2026-06-03T23:45:00Z,2026-06-04T01:45:00+0200,43121.15647,MW,DE,DE_LU,actual_load,Actual Load,2026-06-23T17:24:51Z
2026-06-23T17:23:48Z,2026-06-23T19:23:48+0200,c51852f0-2285-49e0-9c34-cd4ce69db778,2026-06-04T00:00:00Z,2026-06-04T02:00:00+0200,42632.73126,MW,DE,DE_LU,actual_load,Actual Load,2026-06-23T17:24:51Z
2026-06-23T17:23:48Z,2026-06-23T19:23:48+0200,c51852f0-2285-49e0-9c34-cd4ce69db778,2026-06-04T00:15:00Z,2026-06-04T02:15:00+0200,41652.22628,MW,DE,DE_LU,actual_load,Actual Load,2026-06-23T17:24:51Z
2026-06-23T17:23:48Z,2026-06-23T19:23:48+0200,c51852f0-2285-49e0-9c34-cd4ce69db778,2026-06-04T00:30:00Z,2026-06-04T02:30:00+0200,41792.33891,MW,DE,DE_LU,actual_load,Actual Load,2026-06-23T17:24:51Z
2026-06-23T17:23:48Z,2026-06-23T19:23:48+0200,c51852f0-2285-49e0-9c34-cd4ce69db778,2026-06-04T00:45:00Z,2026-06-04T02:45:00+0200,41908.67413,MW,DE,DE_LU,actual_load,Actual Load,2026-06-23T17:24:51Z
2026-06-23T17:23:48Z,2026-06-23T19:23:48+0200,c51852f0-2285-49e0-9c34-cd4ce69db778,2026-06-04T01:00:00Z,2026-06-04T03:00:00+0200,41941.66675,MW,DE,DE_LU,actual_load,Actual Load,2026-06-23T17:24:51Z
2026-06-23T17:23:48Z,2026-06-23T19:23:48+0200,c51852f0-2285-49e0-9c34-cd4ce69db778,2026-06-04T01:15:00Z,2026-06-04T03:15:00+0200,42383.23881,MW,DE,DE_LU,actual_load,Actual Load,2026-06-23T17:24:51Z
2026-06-23T17:23:48Z,2026-06-23T19:23:48+0200,c51852f0-2285-49e0-9c34-cd4ce69db778,2026-06-04T01:30:00Z,2026-06-04T03:30:00+0200,42446.352,MW,DE,DE_LU,actual_load,Actual Load,2026-06-23T17:24:51Z
2026-06-23T17:23:48Z,2026-06-23T19:23:48+0200,c51852f0-2285-49e0-9c34-cd4ce69db778,2026-06-04T01:45:00Z,2026-06-04T03:45:00+0200,42133.74269,MW,DE,DE_LU,actual_load,Actual Load,2026-06-23T17:24:51Z
2026-06-23T17:23:48Z,2026-06-23T19:23:48+0200,c51852f0-2285-49e0-9c34-cd4ce69db778,2026-06-04T02:00:00Z,2026-06-04T04:00:00+0200,42656.64774,MW,DE,DE_LU,actual_load,Actual Load,2026-06-23T17:24:51Z
2026-06-23T17:23:48Z,2026-06-23T19:23:48+0200,c51852f0-2285-49e0-9c34-cd4ce69db778,2026-06-04T02:15:00Z,2026-06-04T04:15:00+0200,42716.06777,MW,DE,DE_LU,actual_load,Actual Load,2026-06-23T17:24:51Z
2026-06-23T17:23:48Z,2026-06-23T19:23:48+0200,c51852f0-2285-49e0-9c34-cd4ce69db778,2026-06-04T02:30:00Z,2026-06-04T04:30:00+0200,42938.07882,MW,DE,DE_LU,actual_load,Actual Load,2026-06-23T17:24:51Z
2026-06-23T17:23:48Z,2026-06-23T19:23:48+0200,c51852f0-2285-49e0-9c34-cd4ce69db778,2026-06-04T02:45:00Z,2026-06-04T04:45:00+0200,42858.41386,MW,DE,DE_LU,actual_load,Actual Load,2026-06-23T17:24:51Z
2026-06-23T17:23:48Z,2026-06-23T19:23:48+0200,c51852f0-2285-49e0-9c34-cd4ce69db778,2026-06-04T03:00:00Z,2026-06-04T05:00:00+0200,43413.61752,MW,DE,DE_LU,actual_load,Actual Load,2026-06-23T17:24:51Z
2026-06-23T17:23:48Z,2026-06-23T19:23:48+0200,c51852f0-2285-49e0-9c34-cd4ce69db778,2026-06-04T03:15:00Z,2026-06-04T05:15:00+0200,43453.10814,MW,DE,DE_LU,actual_load,Actual Load,2026-06-23T17:24:51Z
2026-06-23T17:23:48Z,2026-06-23T19:23:48+0200,c51852f0-2285-49e0-9c34-cd4ce69db778,2026-06-04T03:30:00Z,2026-06-04T05:30:00+0200,43632.53793,MW,DE,DE_LU,actual_load,Actual Load,2026-06-23T17:24:51Z
2026-06-23T17:23:48Z,2026-06-23T19:23:48+0200,c51852f0-2285-49e0-9c34-cd4ce69db778,2026-06-04T03:45:00Z,2026-06-04T05:45:00+0200,43436.05499,MW,DE,DE_LU,actual_load,Actual Load,2026-06-23T17:24:51Z
2026-06-23T17:23:48Z,2026-06-23T19:23:48+0200,c51852f0-2285-49e0-9c34-cd4ce69db778,2026-06-04T04:00:00Z,2026-06-04T06:00:00+0200,44151.61048,MW,DE,DE_LU,actual_load,Actual Load,2026-06-23T17:24:51Z
2026-06-23T17:23:48Z,2026-06-23T19:23:48+0200,c51852f0-2285-49e0-9c34-cd4ce69db778,2026-06-04T04:15:00Z,2026-06-04T06:15:00+0200,44615.81594,MW,DE,DE_LU,actual_load,Actual Load,2026-06-23T17:24:51Z
2026-06-23T17:23:48Z,2026-06-23T19:23:48+0200,c51852f0-2285-49e0-9c34-cd4ce69db778,2026-06-04T04:30:00Z,2026-06-04T06:30:00+0200,44847.95175,MW,DE,DE_LU,actual_load,Actual Load,2026-06-23T17:24:51Z
2026-06-23T17:23:48Z,2026-06-23T19:23:48+0200,c51852f0-2285-49e0-9c34-cd4ce69db778,2026-06-04T04:45:00Z,2026-06-04T06:45:00+0200,44964.03549,MW,DE,DE_LU,actual_load,Actual Load,2026-06-23T17:24:51Z
2026-06-23T17:23:48Z,2026-06-23T19:23:48+0200,c51852f0-2285-49e0-9c34-cd4ce69db778,2026-06-04T05:00:00Z,2026-06-04T07:00:00+0200,44987.78132,MW,DE,DE_LU,actual_load,Actual Load,2026-06-23T17:24:51Z
2026-06-23T17:23:48Z,2026-06-23T19:23:48+0200,c51852f0-2285-49e0-9c34-cd4ce69db778,2026-06-04T05:15:00Z,2026-06-04T07:15:00+0200,45512.56856,MW,DE,DE_LU,actual_load,Actual Load,2026-06-23T17:24:51Z
2026-06-23T17:23:48Z,2026-06-23T19:23:48+0200,c51852f0-2285-49e0-9c34-cd4ce69db778,2026-06-04T05:30:00Z,2026-06-04T07:30:00+0200,46353.10591,MW,DE,DE_LU,actual_load,Actual Load,2026-06-23T17:24:51Z
2026-06-23T17:23:48Z,2026-06-23T19:23:48+0200,c51852f0-2285-49e0-9c34-cd4ce69db778,2026-06-04T05:45:00Z,2026-06-04T07:45:00+0200,46654.91824,MW,DE,DE_LU,actual_load,Actual Load,2026-06-23T17:24:51Z
2026-06-23T17:23:48Z,2026-06-23T19:23:48+0200,c51852f0-2285-49e0-9c34-cd4ce69db778,2026-06-04T06:00:00Z,2026-06-04T08:00:00+0200,46845.41994,MW,DE,DE_LU,actual_load,Actual Load,2026-06-23T17:24:51Z
2026-06-23T17:23:48Z,2026-06-23T19:23:48+0200,c51852f0-2285-49e0-9c34-cd4ce69db778,2026-06-04T06:15:00Z,2026-06-04T08:15:00+0200,47818.01695,MW,DE,DE_LU,actual_load,Actual Load,2026-06-23T17:24:51Z
2026-06-23T17:23:48Z,2026-06-23T19:23:48+0200,c51852f0-2285-49e0-9c34-cd4ce69db778,2026-06-04T06:30:00Z,2026-06-04T08:30:00+0200,48680.09733,MW,DE,DE_LU,actual_load,Actual Load,2026-06-23T17:24:51Z
2026-06-23T17:23:48Z,2026-06-23T19:23:48+0200,c51852f0-2285-49e0-9c34-cd4ce69db778,2026-06-04T06:45:00Z,2026-06-04T08:45:00+0200,49328.40276,MW,DE,DE_LU,actual_load,Actual Load,2026-06-23T17:24:51Z
2026-06-23T17:23:48Z,2026-06-23T19:23:48+0200,c51852f0-2285-49e0-9c34-cd4ce69db778,2026-06-04T07:00:00Z,2026-06-04T09:00:00+0200,49889.33003,MW,DE,DE_LU,actual_load,Actual Load,2026-06-23T17:24:51Z
2026-06-23T17:23:48Z,2026-06-23T19:23:48+0200,c51852f0-2285-49e0-9c34-cd4ce69db778,2026-06-04T07:15:00Z,2026-06-04T09:15:00+0200,50011.53448,MW,DE,DE_LU,actual_load,Actual Load,2026-06-23T17:24:51Z
2026-06-23T17:23:48Z,2026-06-23T19:23:48+0200,c51852f0-2285-49e0-9c34-cd4ce69db778,2026-06-04T07:30:00Z,2026-06-04T09:30:00+0200,51432.95534,MW,DE,DE_LU,actual_load,Actual Load,2026-06-23T17:24:51Z
2026-06-23T17:23:48Z,2026-06-23T19:23:48+0200,c51852f0-2285-49e0-9c34-cd4ce69db778,2026-06-04T07:45:00Z,2026-06-04T09:45:00+0200,52125.99685,MW,DE,DE_LU,actual_load,Actual Load,2026-06-23T17:24:51Z
2026-06-23T17:23:48Z,2026-06-23T19:23:48+0200,c51852f0-2285-49e0-9c34-cd4ce69db778,2026-06-04T08:00:00Z,2026-06-04T10:00:00+0200,51787.79482,MW,DE,DE_LU,actual_load,Actual Load,2026-06-23T17:24:51Z
2026-06-23T17:23:48Z,2026-06-23T19:23:48+0200,c51852f0-2285-49e0-9c34-cd4ce69db778,2026-06-04T08:15:00Z,2026-06-04T10:15:00+0200,52258.00032,MW,DE,DE_LU,actual_load,Actual Load,2026-06-23T17:24:51Z
2026-06-23T17:23:48Z,2026-06-23T19:23:48+0200,c51852f0-2285-49e0-9c34-cd4ce69db778,2026-06-04T08:30:00Z,2026-06-04T10:30:00+0200,52599.05253,MW,DE,DE_LU,actual_load,Actual Load,2026-06-23T17:24:51Z
2026-06-23T17:23:48Z,2026-06-23T19:23:48+0200,c51852f0-2285-49e0-9c34-cd4ce69db778,2026-06-04T08:45:00Z,2026-06-04T10:45:00+0200,52686.44034,MW,DE,DE_LU,actual_load,Actual Load,2026-06-23T17:24:51Z
2026-06-23T17:23:48Z,2026-06-23T19:23:48+0200,c51852f0-2285-49e0-9c34-cd4ce69db778,2026-06-04T09:00:00Z,2026-06-04T11:00:00+0200,53044.32076,MW,DE,DE_LU,actual_load,Actual Load,2026-06-23T17:24:51Z
2026-06-23T17:23:48Z,2026-06-23T19:23:48+0200,c51852f0-2285-49e0-9c34-cd4ce69db778,2026-06-04T09:15:00Z,2026-06-04T11:15:00+0200,53144.36378,MW,DE,DE_LU,actual_load,Actual Load,2026-06-23T17:24:51Z
2026-06-23T17:23:48Z,2026-06-23T19:23:48+0200,c51852f0-2285-49e0-9c34-cd4ce69db778,2026-06-04T09:30:00Z,2026-06-04T11:30:00+0200,53506.61233,MW,DE,DE_LU,actual_load,Actual Load,2026-06-23T17:24:51Z
2026-06-23T17:23:48Z,2026-06-23T19:23:48+0200,c51852f0-2285-49e0-9c34-cd4ce69db778,2026-06-04T09:45:00Z,2026-06-04T11:45:00+0200,53055.2718,MW,DE,DE_LU,actual_load,Actual Load,2026-06-23T17:24:51Z
2026-06-23T17:23:48Z,2026-06-23T19:23:48+0200,c51852f0-2285-49e0-9c34-cd4ce69db778,2026-06-04T10:00:00Z,2026-06-04T12:00:00+0200,53246.81132,MW,DE,DE_LU,actual_load,Actual Load,2026-06-23T17:24:51Z
2026-06-23T17:23:48Z,2026-06-23T19:23:48+0200,c51852f0-2285-49e0-9c34-cd4ce69db778,2026-06-04T10:15:00Z,2026-06-04T12:15:00+0200,52899.3824,MW,DE,DE_LU,actual_load,Actual Load,2026-06-23T17:24:51Z
2026-06-23T17:23:48Z,2026-06-23T19:23:48+0200,c51852f0-2285-49e0-9c34-cd4ce69db778,2026-06-04T10:30:00Z,2026-06-04T12:30:00+0200,52395.90053,MW,DE,DE_LU,actual_load,Actual Load,2026-06-23T17:24:51Z
2026-06-23T17:23:48Z,2026-06-23T19:23:48+0200,c51852f0-2285-49e0-9c34-cd4ce69db778,2026-06-04T10:45:00Z,2026-06-04T12:45:00+0200,51744.31942,MW,DE,DE_LU,actual_load,Actual Load,2026-06-23T17:24:51Z
2026-06-23T17:23:48Z,2026-06-23T19:23:48+0200,c51852f0-2285-49e0-9c34-cd4ce69db778,2026-06-04T11:00:00Z,2026-06-04T13:00:00+0200,51351.91425,MW,DE,DE_LU,actual_load,Actual Load,2026-06-23T17:24:51Z
2026-06-23T17:23:48Z,2026-06-23T19:23:48+0200,c51852f0-2285-49e0-9c34-cd4ce69db778,2026-06-04T11:15:00Z,2026-06-04T13:15:00+0200,51418.21479,MW,DE,DE_LU,actual_load,Actual Load,2026-06-23T17:24:51Z
2026-06-23T17:23:48Z,2026-06-23T19:23:48+0200,c51852f0-2285-49e0-9c34-cd4ce69db778,2026-06-04T11:30:00Z,2026-06-04T13:30:00+0200,51323.24109,MW,DE,DE_LU,actual_load,Actual Load,2026-06-23T17:24:51Z
2026-06-23T17:23:48Z,2026-06-23T19:23:48+0200,c51852f0-2285-49e0-9c34-cd4ce69db778,2026-06-04T11:45:00Z,2026-06-04T13:45:00+0200,51585.10706,MW,DE,DE_LU,actual_load,Actual Load,2026-06-23T17:24:51Z
2026-06-23T17:23:48Z,2026-06-23T19:23:48+0200,c51852f0-2285-49e0-9c34-cd4ce69db778,2026-06-04T12:00:00Z,2026-06-04T14:00:00+0200,50100.14072,MW,DE,DE_LU,actual_load,Actual Load,2026-06-23T17:24:51Z
2026-06-23T17:23:48Z,2026-06-23T19:23:48+0200,c51852f0-2285-49e0-9c34-cd4ce69db778,2026-06-04T12:15:00Z,2026-06-04T14:15:00+0200,50407.91089,MW,DE,DE_LU,actual_load,Actual Load,2026-06-23T17:24:51Z
2026-06-23T17:23:48Z,2026-06-23T19:23:48+0200,c51852f0-2285-49e0-9c34-cd4ce69db778,2026-06-04T12:30:00Z,2026-06-04T14:30:00+0200,50332.74126,MW,DE,DE_LU,actual_load,Actual Load,2026-06-23T17:24:51Z
2026-06-23T17:23:48Z,2026-06-23T19:23:48+0200,c51852f0-2285-49e0-9c34-cd4ce69db778,2026-06-04T12:45:00Z,2026-06-04T14:45:00+0200,49993.12046,MW,DE,DE_LU,actual_load,Actual Load,2026-06-23T17:24:51Z
2026-06-23T17:23:48Z,2026-06-23T19:23:48+0200,c51852f0-2285-49e0-9c34-cd4ce69db778,2026-06-04T13:00:00Z,2026-06-04T15:00:00+0200,49423.08447,MW,DE,DE_LU,actual_load,Actual Load,2026-06-23T17:24:51Z
2026-06-23T17:23:48Z,2026-06-23T19:23:48+0200,c51852f0-2285-49e0-9c34-cd4ce69db778,2026-06-04T13:15:00Z,2026-06-04T15:15:00+0200,49323.95629,MW,DE,DE_LU,actual_load,Actual Load,2026-06-23T17:24:51Z
2026-06-23T17:23:48Z,2026-06-23T19:23:48+0200,c51852f0-2285-49e0-9c34-cd4ce69db778,2026-06-04T13:30:00Z,2026-06-04T15:30:00+0200,49097.34756,MW,DE,DE_LU,actual_load,Actual Load,2026-06-23T17:24:51Z
2026-06-23T17:23:48Z,2026-06-23T19:23:48+0200,c51852f0-2285-49e0-9c34-cd4ce69db778,2026-06-04T13:45:00Z,2026-06-04T15:45:00+0200,48657.72766,MW,DE,DE_LU,actual_load,Actual Load,2026-06-23T17:24:51Z
2026-06-23T17:23:48Z,2026-06-23T19:23:48+0200,c51852f0-2285-49e0-9c34-cd4ce69db778,2026-06-04T14:00:00Z,2026-06-04T16:00:00+0200,49068.83315,MW,DE,DE_LU,actual_load,Actual Load,2026-06-23T17:24:51Z
2026-06-23T17:23:48Z,2026-06-23T19:23:48+0200,c51852f0-2285-49e0-9c34-cd4ce69db778,2026-06-04T14:15:00Z,2026-06-04T16:15:00+0200,49957.1208,MW,DE,DE_LU,actual_load,Actual Load,2026-06-23T17:24:51Z
2026-06-23T17:23:48Z,2026-06-23T19:23:48+0200,c51852f0-2285-49e0-9c34-cd4ce69db778,2026-06-04T14:30:00Z,2026-06-04T16:30:00+0200,49783.19675,MW,DE,DE_LU,actual_load,Actual Load,2026-06-23T17:24:51Z
2026-06-23T17:23:48Z,2026-06-23T19:23:48+0200,c51852f0-2285-49e0-9c34-cd4ce69db778,2026-06-04T14:45:00Z,2026-06-04T16:45:00+0200,50044.66529,MW,DE,DE_LU,actual_load,Actual Load,2026-06-23T17:24:51Z
2026-06-23T17:23:48Z,2026-06-23T19:23:48+0200,c51852f0-2285-49e0-9c34-cd4ce69db778,2026-06-04T15:00:00Z,2026-06-04T17:00:00+0200,50010.89873,MW,DE,DE_LU,actual_load,Actual Load,2026-06-23T17:24:51Z
2026-06-23T17:23:48Z,2026-06-23T19:23:48+0200,c51852f0-2285-49e0-9c34-cd4ce69db778,2026-06-04T15:15:00Z,2026-06-04T17:15:00+0200,50264.7102,MW,DE,DE_LU,actual_load,Actual Load,2026-06-23T17:24:51Z
2026-06-23T17:23:48Z,2026-06-23T19:23:48+0200,c51852f0-2285-49e0-9c34-cd4ce69db778,2026-06-04T15:30:00Z,2026-06-04T17:30:00+0200,50473.21821,MW,DE,DE_LU,actual_load,Actual Load,2026-06-23T17:24:51Z
2026-06-23T17:23:48Z,2026-06-23T19:23:48+0200,c51852f0-2285-49e0-9c34-cd4ce69db778,2026-06-04T15:45:00Z,2026-06-04T17:45:00+0200,51134.3336,MW,DE,DE_LU,actual_load,Actual Load,2026-06-23T17:24:51Z
2026-06-23T17:23:48Z,2026-06-23T19:23:48+0200,c51852f0-2285-49e0-9c34-cd4ce69db778,2026-06-04T16:00:00Z,2026-06-04T18:00:00+0200,50923.84642,MW,DE,DE_LU,actual_load,Actual Load,2026-06-23T17:24:51Z
2026-06-23T17:23:48Z,2026-06-23T19:23:48+0200,c51852f0-2285-49e0-9c34-cd4ce69db778,2026-06-04T16:15:00Z,2026-06-04T18:15:00+0200,50875.88644,MW,DE,DE_LU,actual_load,Actual Load,2026-06-23T17:24:51Z
2026-06-23T17:23:48Z,2026-06-23T19:23:48+0200,c51852f0-2285-49e0-9c34-cd4ce69db778,2026-06-04T16:30:00Z,2026-06-04T18:30:00+0200,51099.67847,MW,DE,DE_LU,actual_load,Actual Load,2026-06-23T17:24:51Z
2026-06-23T17:23:48Z,2026-06-23T19:23:48+0200,c51852f0-2285-49e0-9c34-cd4ce69db778,2026-06-04T16:45:00Z,2026-06-04T18:45:00+0200,50981.60896,MW,DE,DE_LU,actual_load,Actual Load,2026-06-23T17:24:51Z
2026-06-23T17:23:48Z,2026-06-23T19:23:48+0200,c51852f0-2285-49e0-9c34-cd4ce69db778,2026-06-04T17:00:00Z,2026-06-04T19:00:00+0200,51733.98178,MW,DE,DE_LU,actual_load,Actual Load,2026-06-23T17:24:51Z
2026-06-23T17:23:48Z,2026-06-23T19:23:48+0200,c51852f0-2285-49e0-9c34-cd4ce69db778,2026-06-04T17:15:00Z,2026-06-04T19:15:00+0200,52183.74535,MW,DE,DE_LU,actual_load,Actual Load,2026-06-23T17:24:51Z
2026-06-23T17:23:48Z,2026-06-23T19:23:48+0200,c51852f0-2285-49e0-9c34-cd4ce69db778,2026-06-04T17:30:00Z,2026-06-04T19:30:00+0200,51776.66768,MW,DE,DE_LU,actual_load,Actual Load,2026-06-23T17:24:51Z
2026-06-23T17:23:48Z,2026-06-23T19:23:48+0200,c51852f0-2285-49e0-9c34-cd4ce69db778,2026-06-04T17:45:00Z,2026-06-04T19:45:00+0200,50776.50006,MW,DE,DE_LU,actual_load,Actual Load,2026-06-23T17:24:51Z
2026-06-23T17:23:48Z,2026-06-23T19:23:48+0200,c51852f0-2285-49e0-9c34-cd4ce69db778,2026-06-04T18:00:00Z,2026-06-04T20:00:00+0200,50826.8994,MW,DE,DE_LU,actual_load,Actual Load,2026-06-23T17:24:51Z
2026-06-23T17:23:48Z,2026-06-23T19:23:48+0200,c51852f0-2285-49e0-9c34-cd4ce69db778,2026-06-04T18:15:00Z,2026-06-04T20:15:00+0200,50456.35363,MW,DE,DE_LU,actual_load,Actual Load,2026-06-23T17:24:51Z
2026-06-23T17:23:48Z,2026-06-23T19:23:48+0200,c51852f0-2285-49e0-9c34-cd4ce69db778,2026-06-04T18:30:00Z,2026-06-04T20:30:00+0200,49603.84568,MW,DE,DE_LU,actual_load,Actual Load,2026-06-23T17:24:51Z
2026-06-23T17:23:48Z,2026-06-23T19:23:48+0200,c51852f0-2285-49e0-9c34-cd4ce69db778,2026-06-04T18:45:00Z,2026-06-04T20:45:00+0200,49008.99526,MW,DE,DE_LU,actual_load,Actual Load,2026-06-23T17:24:51Z
2026-06-23T17:23:48Z,2026-06-23T19:23:48+0200,c51852f0-2285-49e0-9c34-cd4ce69db778,2026-06-04T19:00:00Z,2026-06-04T21:00:00+0200,48369.63219,MW,DE,DE_LU,actual_load,Actual Load,2026-06-23T17:24:51Z
2026-06-23T17:23:48Z,2026-06-23T19:23:48+0200,c51852f0-2285-49e0-9c34-cd4ce69db778,2026-06-04T19:15:00Z,2026-06-04T21:15:00+0200,48255.71854,MW,DE,DE_LU,actual_load,Actual Load,2026-06-23T17:24:51Z
2026-06-23T17:23:48Z,2026-06-23T19:23:48+0200,c51852f0-2285-49e0-9c34-cd4ce69db778,2026-06-04T19:30:00Z,2026-06-04T21:30:00+0200,48235.67053,MW,DE,DE_LU,actual_load,Actual Load,2026-06-23T17:24:51Z
2026-06-23T17:23:48Z,2026-06-23T19:23:48+0200,c51852f0-2285-49e0-9c34-cd4ce69db778,2026-06-04T19:45:00Z,2026-06-04T21:45:00+0200,48245.37594,MW,DE,DE_LU,actual_load,Actual Load,2026-06-23T17:24:51Z
2026-06-23T17:23:48Z,2026-06-23T19:23:48+0200,c51852f0-2285-49e0-9c34-cd4ce69db778,2026-06-04T20:00:00Z,2026-06-04T22:00:00+0200,48348.82812,MW,DE,DE_LU,actual_load,Actual Load,2026-06-23T17:24:51Z
2026-06-23T17:23:48Z,2026-06-23T19:23:48+0200,c51852f0-2285-49e0-9c34-cd4ce69db778,2026-06-04T20:15:00Z,2026-06-04T22:15:00+0200,48569.10253,MW,DE,DE_LU,actual_load,Actual Load,2026-06-23T17:24:51Z
2026-06-23T17:23:48Z,2026-06-23T19:23:48+0200,c51852f0-2285-49e0-9c34-cd4ce69db778,2026-06-04T20:30:00Z,2026-06-04T22:30:00+0200,48071.63239,MW,DE,DE_LU,actual_load,Actual Load,2026-06-23T17:24:51Z
2026-06-23T17:23:48Z,2026-06-23T19:23:48+0200,c51852f0-2285-49e0-9c34-cd4ce69db778,2026-06-04T20:45:00Z,2026-06-04T22:45:00+0200,47270.61519,MW,DE,DE_LU,actual_load,Actual Load,2026-06-23T17:24:51Z
2026-06-23T17:23:48Z,2026-06-23T19:23:48+0200,c51852f0-2285-49e0-9c34-cd4ce69db778,2026-06-04T21:00:00Z,2026-06-04T23:00:00+0200,45958.21521,MW,DE,DE_LU,actual_load,Actual Load,2026-06-23T17:24:51Z
2026-06-23T17:23:48Z,2026-06-23T19:23:48+0200,c51852f0-2285-49e0-9c34-cd4ce69db778,2026-06-04T21:15:00Z,2026-06-04T23:15:00+0200,45687.09854,MW,DE,DE_LU,actual_load,Actual Load,2026-06-23T17:24:51Z
2026-06-23T17:23:48Z,2026-06-23T19:23:48+0200,c51852f0-2285-49e0-9c34-cd4ce69db778,2026-06-04T21:30:00Z,2026-06-04T23:30:00+0200,45033.89061,MW,DE,DE_LU,actual_load,Actual Load,2026-06-23T17:24:51Z
2026-06-23T17:23:48Z,2026-06-23T19:23:48+0200,c51852f0-2285-49e0-9c34-cd4ce69db778,2026-06-04T21:45:00Z,2026-06-04T23:45:00+0200,44779.39072,MW,DE,DE_LU,actual_load,Actual Load,2026-06-23T17:24:51Z
2026-06-23T17:23:48Z,2026-06-23T19:23:48+0200,c51852f0-2285-49e0-9c34-cd4ce69db778,2026-06-04T22:00:00Z,2026-06-05T00:00:00+0200,43472.71165,MW,DE,DE_LU,actual_load,Actual Load,2026-06-23T17:24:51Z
2026-06-23T17:23:48Z,2026-06-23T19:23:48+0200,c51852f0-2285-49e0-9c34-cd4ce69db778,2026-06-04T22:15:00Z,2026-06-05T00:15:00+0200,43344.29896,MW,DE,DE_LU,actual_load,Actual Load,2026-06-23T17:24:51Z
2026-06-23T17:23:48Z,2026-06-23T19:23:48+0200,c51852f0-2285-49e0-9c34-cd4ce69db778,2026-06-04T22:30:00Z,2026-06-05T00:30:00+0200,43491.89148,MW,DE,DE_LU,actual_load,Actual Load,2026-06-23T17:24:51Z
2026-06-23T17:23:48Z,2026-06-23T19:23:48+0200,c51852f0-2285-49e0-9c34-cd4ce69db778,2026-06-04T22:45:00Z,2026-06-05T00:45:00+0200,43167.38469,MW,DE,DE_LU,actual_load,Actual Load,2026-06-23T17:24:51Z
2026-06-23T17:23:48Z,2026-06-23T19:23:48+0200,c51852f0-2285-49e0-9c34-cd4ce69db778,2026-06-04T23:00:00Z,2026-06-05T01:00:00+0200,42284.69191,MW,DE,DE_LU,actual_load,Actual Load,2026-06-23T17:24:51Z
2026-06-23T17:23:48Z,2026-06-23T19:23:48+0200,c51852f0-2285-49e0-9c34-cd4ce69db778,2026-06-04T23:15:00Z,2026-06-05T01:15:00+0200,41824.08039,MW,DE,DE_LU,actual_load,Actual Load,2026-06-23T17:24:51Z
2026-06-23T17:23:48Z,2026-06-23T19:23:48+0200,c51852f0-2285-49e0-9c34-cd4ce69db778,2026-06-04T23:30:00Z,2026-06-05T01:30:00+0200,41644.20644,MW,DE,DE_LU,actual_load,Actual Load,2026-06-23T17:24:51Z
2026-06-23T17:23:48Z,2026-06-23T19:23:48+0200,c51852f0-2285-49e0-9c34-cd4ce69db778,2026-06-04T23:45:00Z,2026-06-05T01:45:00+0200,41863.51909,MW,DE,DE_LU,actual_load,Actual Load,2026-06-23T17:24:51Z
2026-06-23T17:23:48Z,2026-06-23T19:23:48+0200,c51852f0-2285-49e0-9c34-cd4ce69db778,2026-06-05T00:00:00Z,2026-06-05T02:00:00+0200,41764.54617,MW,DE,DE_LU,actual_load,Actual Load,2026-06-23T17:24:51Z
2026-06-23T17:23:48Z,2026-06-23T19:23:48+0200,c51852f0-2285-49e0-9c34-cd4ce69db778,2026-06-05T00:15:00Z,2026-06-05T02:15:00+0200,41369.59164,MW,DE,DE_LU,actual_load,Actual Load,2026-06-23T17:24:51Z
2026-06-23T17:23:48Z,2026-06-23T19:23:48+0200,c51852f0-2285-49e0-9c34-cd4ce69db778,2026-06-05T00:30:00Z,2026-06-05T02:30:00+0200,41225.20432,MW,DE,DE_LU,actual_load,Actual Load,2026-06-23T17:24:51Z
2026-06-23T17:23:48Z,2026-06-23T19:23:48+0200,c51852f0-2285-49e0-9c34-cd4ce69db778,2026-06-05T00:45:00Z,2026-06-05T02:45:00+0200,40924.03377,MW,DE,DE_LU,actual_load,Actual Load,2026-06-23T17:24:51Z
2026-06-23T17:23:48Z,2026-06-23T19:23:48+0200,c51852f0-2285-49e0-9c34-cd4ce69db778,2026-06-05T01:00:00Z,2026-06-05T03:00:00+0200,40722.57913,MW,DE,DE_LU,actual_load,Actual Load,2026-06-23T17:24:51Z
2026-06-23T17:23:48Z,2026-06-23T19:23:48+0200,c51852f0-2285-49e0-9c34-cd4ce69db778,2026-06-05T01:15:00Z,2026-06-05T03:15:00+0200,40573.16777,MW,DE,DE_LU,actual_load,Actual Load,2026-06-23T17:24:51Z
2026-06-23T17:23:48Z,2026-06-23T19:23:48+0200,c51852f0-2285-49e0-9c34-cd4ce69db778,2026-06-05T01:30:00Z,2026-06-05T03:30:00+0200,40029.32563,MW,DE,DE_LU,actual_load,Actual Load,2026-06-23T17:24:51Z
2026-06-23T17:23:48Z,2026-06-23T19:23:48+0200,c51852f0-2285-49e0-9c34-cd4ce69db778,2026-06-05T01:45:00Z,2026-06-05T03:45:00+0200,39936.64931,MW,DE,DE_LU,actual_load,Actual Load,2026-06-23T17:24:51Z
2026-06-23T17:23:48Z,2026-06-23T19:23:48+0200,c51852f0-2285-49e0-9c34-cd4ce69db778,2026-06-05T02:00:00Z,2026-06-05T04:00:00+0200,40484.3521,MW,DE,DE_LU,actual_load,Actual Load,2026-06-23T17:24:51Z
2026-06-23T17:23:48Z,2026-06-23T19:23:48+0200,c51852f0-2285-49e0-9c34-cd4ce69db778,2026-06-05T02:15:00Z,2026-06-05T04:15:00+0200,40803.09106,MW,DE,DE_LU,actual_load,Actual Load,2026-06-23T17:24:51Z
2026-06-23T17:23:48Z,2026-06-23T19:23:48+0200,c51852f0-2285-49e0-9c34-cd4ce69db778,2026-06-05T02:30:00Z,2026-06-05T04:30:00+0200,40796.88064,MW,DE,DE_LU,actual_load,Actual Load,2026-06-23T17:24:51Z
2026-06-23T17:23:48Z,2026-06-23T19:23:48+0200,c51852f0-2285-49e0-9c34-cd4ce69db778,2026-06-05T02:45:00Z,2026-06-05T04:45:00+0200,41045.52767,MW,DE,DE_LU,actual_load,Actual Load,2026-06-23T17:24:51Z
2026-06-23T17:23:48Z,2026-06-23T19:23:48+0200,c51852f0-2285-49e0-9c34-cd4ce69db778,2026-06-05T03:00:00Z,2026-06-05T05:00:00+0200,42247.00363,MW,DE,DE_LU,actual_load,Actual Load,2026-06-23T17:24:51Z
2026-06-23T17:23:48Z,2026-06-23T19:23:48+0200,c51852f0-2285-49e0-9c34-cd4ce69db778,2026-06-05T03:15:00Z,2026-06-05T05:15:00+0200,42484.49866,MW,DE,DE_LU,actual_load,Actual Load,2026-06-23T17:24:51Z
2026-06-23T17:23:48Z,2026-06-23T19:23:48+0200,c51852f0-2285-49e0-9c34-cd4ce69db778,2026-06-05T03:30:00Z,2026-06-05T05:30:00+0200,42840.70546,MW,DE,DE_LU,actual_load,Actual Load,2026-06-23T17:24:51Z
2026-06-23T17:23:48Z,2026-06-23T19:23:48+0200,c51852f0-2285-49e0-9c34-cd4ce69db778,2026-06-05T03:45:00Z,2026-06-05T05:45:00+0200,44000.57177,MW,DE,DE_LU,actual_load,Actual Load,2026-06-23T17:24:51Z
2026-06-23T17:23:48Z,2026-06-23T19:23:48+0200,c51852f0-2285-49e0-9c34-cd4ce69db778,2026-06-05T04:00:00Z,2026-06-05T06:00:00+0200,45938.67351,MW,DE,DE_LU,actual_load,Actual Load,2026-06-23T17:24:51Z
2026-06-23T17:23:48Z,2026-06-23T19:23:48+0200,c51852f0-2285-49e0-9c34-cd4ce69db778,2026-06-05T04:15:00Z,2026-06-05T06:15:00+0200,46951.57611,MW,DE,DE_LU,actual_load,Actual Load,2026-06-23T17:24:51Z
2026-06-23T17:23:48Z,2026-06-23T19:23:48+0200,c51852f0-2285-49e0-9c34-cd4ce69db778,2026-06-05T04:30:00Z,2026-06-05T06:30:00+0200,47796.5965,MW,DE,DE_LU,actual_load,Actual Load,2026-06-23T17:24:51Z
2026-06-23T17:23:48Z,2026-06-23T19:23:48+0200,c51852f0-2285-49e0-9c34-cd4ce69db778,2026-06-05T04:45:00Z,2026-06-05T06:45:00+0200,48726.50312,MW,DE,DE_LU,actual_load,Actual Load,2026-06-23T17:24:51Z
2026-06-23T17:23:48Z,2026-06-23T19:23:48+0200,c51852f0-2285-49e0-9c34-cd4ce69db778,2026-06-05T05:00:00Z,2026-06-05T07:00:00+0200,49879.93418,MW,DE,DE_LU,actual_load,Actual Load,2026-06-23T17:24:51Z
2026-06-23T17:23:48Z,2026-06-23T19:23:48+0200,c51852f0-2285-49e0-9c34-cd4ce69db778,2026-06-05T05:15:00Z,2026-06-05T07:15:00+0200,51486.47743,MW,DE,DE_LU,actual_load,Actual Load,2026-06-23T17:24:51Z
2026-06-23T17:23:48Z,2026-06-23T19:23:48+0200,c51852f0-2285-49e0-9c34-cd4ce69db778,2026-06-05T05:30:00Z,2026-06-05T07:30:00+0200,52093.46204,MW,DE,DE_LU,actual_load,Actual Load,2026-06-23T17:24:51Z
2026-06-23T17:23:48Z,2026-06-23T19:23:48+0200,c51852f0-2285-49e0-9c34-cd4ce69db778,2026-06-05T05:45:00Z,2026-06-05T07:45:00+0200,52740.47976,MW,DE,DE_LU,actual_load,Actual Load,2026-06-23T17:24:51Z
2026-06-23T17:23:48Z,2026-06-23T19:23:48+0200,c51852f0-2285-49e0-9c34-cd4ce69db778,2026-06-05T06:00:00Z,2026-06-05T08:00:00+0200,53105.69753,MW,DE,DE_LU,actual_load,Actual Load,2026-06-23T17:24:51Z
2026-06-23T17:23:48Z,2026-06-23T19:23:48+0200,c51852f0-2285-49e0-9c34-cd4ce69db778,2026-06-05T06:15:00Z,2026-06-05T08:15:00+0200,54464.64487,MW,DE,DE_LU,actual_load,Actual Load,2026-06-23T17:24:51Z
2026-06-23T17:23:48Z,2026-06-23T19:23:48+0200,c51852f0-2285-49e0-9c34-cd4ce69db778,2026-06-05T06:30:00Z,2026-06-05T08:30:00+0200,54536.74401,MW,DE,DE_LU,actual_load,Actual Load,2026-06-23T17:24:51Z
2026-06-23T17:23:48Z,2026-06-23T19:23:48+0200,c51852f0-2285-49e0-9c34-cd4ce69db778,2026-06-05T06:45:00Z,2026-06-05T08:45:00+0200,53989.48408,MW,DE,DE_LU,actual_load,Actual Load,2026-06-23T17:24:51Z
2026-06-23T17:23:48Z,2026-06-23T19:23:48+0200,c51852f0-2285-49e0-9c34-cd4ce69db778,2026-06-05T07:00:00Z,2026-06-05T09:00:00+0200,53990.41835,MW,DE,DE_LU,actual_load,Actual Load,2026-06-23T17:24:51Z
2026-06-23T17:23:48Z,2026-06-23T19:23:48+0200,c51852f0-2285-49e0-9c34-cd4ce69db778,2026-06-05T07:15:00Z,2026-06-05T09:15:00+0200,54306.31932,MW,DE,DE_LU,actual_load,Actual Load,2026-06-23T17:24:51Z
2026-06-23T17:23:48Z,2026-06-23T19:23:48+0200,c51852f0-2285-49e0-9c34-cd4ce69db778,2026-06-05T07:30:00Z,2026-06-05T09:30:00+0200,54710.06951,MW,DE,DE_LU,actual_load,Actual Load,2026-06-23T17:24:51Z
2026-06-23T17:23:48Z,2026-06-23T19:23:48+0200,c51852f0-2285-49e0-9c34-cd4ce69db778,2026-06-05T07:45:00Z,2026-06-05T09:45:00+0200,55160.63271,MW,DE,DE_LU,actual_load,Actual Load,2026-06-23T17:24:51Z
2026-06-23T17:23:48Z,2026-06-23T19:23:48+0200,c51852f0-2285-49e0-9c34-cd4ce69db778,2026-06-05T08:00:00Z,2026-06-05T10:00:00+0200,55574.49892,MW,DE,DE_LU,actual_load,Actual Load,2026-06-23T17:24:51Z
2026-06-23T17:23:48Z,2026-06-23T19:23:48+0200,c51852f0-2285-49e0-9c34-cd4ce69db778,2026-06-05T08:15:00Z,2026-06-05T10:15:00+0200,55185.69761,MW,DE,DE_LU,actual_load,Actual Load,2026-06-23T17:24:51Z
2026-06-23T17:23:48Z,2026-06-23T19:23:48+0200,c51852f0-2285-49e0-9c34-cd4ce69db778,2026-06-05T08:30:00Z,2026-06-05T10:30:00+0200,54672.6596,MW,DE,DE_LU,actual_load,Actual Load,2026-06-23T17:24:51Z
2026-06-23T17:23:48Z,2026-06-23T19:23:48+0200,c51852f0-2285-49e0-9c34-cd4ce69db778,2026-06-05T08:45:00Z,2026-06-05T10:45:00+0200,54845.63749,MW,DE,DE_LU,actual_load,Actual Load,2026-06-23T17:24:51Z
2026-06-23T17:23:48Z,2026-06-23T19:23:48+0200,c51852f0-2285-49e0-9c34-cd4ce69db778,2026-06-05T09:00:00Z,2026-06-05T11:00:00+0200,54612.67229,MW,DE,DE_LU,actual_load,Actual Load,2026-06-23T17:24:51Z
2026-06-23T17:23:48Z,2026-06-23T19:23:48+0200,c51852f0-2285-49e0-9c34-cd4ce69db778,2026-06-05T09:15:00Z,2026-06-05T11:15:00+0200,54838.33957,MW,DE,DE_LU,actual_load,Actual Load,2026-06-23T17:24:51Z
2026-06-23T17:23:48Z,2026-06-23T19:23:48+0200,c51852f0-2285-49e0-9c34-cd4ce69db778,2026-06-05T09:30:00Z,2026-06-05T11:30:00+0200,54459.68206,MW,DE,DE_LU,actual_load,Actual Load,2026-06-23T17:24:51Z
2026-06-23T17:23:48Z,2026-06-23T19:23:48+0200,c51852f0-2285-49e0-9c34-cd4ce69db778,2026-06-05T09:45:00Z,2026-06-05T11:45:00+0200,54146.43708,MW,DE,DE_LU,actual_load,Actual Load,2026-06-23T17:24:51Z
2026-06-23T17:23:48Z,2026-06-23T19:23:48+0200,c51852f0-2285-49e0-9c34-cd4ce69db778,2026-06-05T10:00:00Z,2026-06-05T12:00:00+0200,52962.85278,MW,DE,DE_LU,actual_load,Actual Load,2026-06-23T17:24:51Z
2026-06-23T17:23:48Z,2026-06-23T19:23:48+0200,c51852f0-2285-49e0-9c34-cd4ce69db778,2026-06-05T10:15:00Z,2026-06-05T12:15:00+0200,52809.5141,MW,DE,DE_LU,actual_load,Actual Load,2026-06-23T17:24:51Z
2026-06-23T17:23:48Z,2026-06-23T19:23:48+0200,c51852f0-2285-49e0-9c34-cd4ce69db778,2026-06-05T10:30:00Z,2026-06-05T12:30:00+0200,53044.39742,MW,DE,DE_LU,actual_load,Actual Load,2026-06-23T17:24:51Z
2026-06-23T17:23:48Z,2026-06-23T19:23:48+0200,c51852f0-2285-49e0-9c34-cd4ce69db778,2026-06-05T10:45:00Z,2026-06-05T12:45:00+0200,53029.87601,MW,DE,DE_LU,actual_load,Actual Load,2026-06-23T17:24:51Z
2026-06-23T17:23:48Z,2026-06-23T19:23:48+0200,c51852f0-2285-49e0-9c34-cd4ce69db778,2026-06-05T11:00:00Z,2026-06-05T13:00:00+0200,52477.46437,MW,DE,DE_LU,actual_load,Actual Load,2026-06-23T17:24:51Z
2026-06-23T17:23:48Z,2026-06-23T19:23:48+0200,c51852f0-2285-49e0-9c34-cd4ce69db778,2026-06-05T11:15:00Z,2026-06-05T13:15:00+0200,52534.52945,MW,DE,DE_LU,actual_load,Actual Load,2026-06-23T17:24:51Z
2026-06-23T17:23:48Z,2026-06-23T19:23:48+0200,c51852f0-2285-49e0-9c34-cd4ce69db778,2026-06-05T11:30:00Z,2026-06-05T13:30:00+0200,51776.37004,MW,DE,DE_LU,actual_load,Actual Load,2026-06-23T17:24:51Z
2026-06-23T17:23:48Z,2026-06-23T19:23:48+0200,c51852f0-2285-49e0-9c34-cd4ce69db778,2026-06-05T11:45:00Z,2026-06-05T13:45:00+0200,50955.08588,MW,DE,DE_LU,actual_load,Actual Load,2026-06-23T17:24:51Z
2026-06-23T17:23:48Z,2026-06-23T19:23:48+0200,c51852f0-2285-49e0-9c34-cd4ce69db778,2026-06-05T12:00:00Z,2026-06-05T14:00:00+0200,50524.08934,MW,DE,DE_LU,actual_load,Actual Load,2026-06-23T17:24:51Z
2026-06-23T17:23:48Z,2026-06-23T19:23:48+0200,c51852f0-2285-49e0-9c34-cd4ce69db778,2026-06-05T12:15:00Z,2026-06-05T14:15:00+0200,50283.20012,MW,DE,DE_LU,actual_load,Actual Load,2026-06-23T17:24:51Z
2026-06-23T17:23:48Z,2026-06-23T19:23:48+0200,c51852f0-2285-49e0-9c34-cd4ce69db778,2026-06-05T12:30:00Z,2026-06-05T14:30:00+0200,49932.7099,MW,DE,DE_LU,actual_load,Actual Load,2026-06-23T17:24:51Z
2026-06-23T17:23:48Z,2026-06-23T19:23:48+0200,c51852f0-2285-49e0-9c34-cd4ce69db778,2026-06-05T12:45:00Z,2026-06-05T14:45:00+0200,49077.93142,MW,DE,DE_LU,actual_load,Actual Load,2026-06-23T17:24:51Z
2026-06-23T17:23:48Z,2026-06-23T19:23:48+0200,c51852f0-2285-49e0-9c34-cd4ce69db778,2026-06-05T13:00:00Z,2026-06-05T15:00:00+0200,49457.51943,MW,DE,DE_LU,actual_load,Actual Load,2026-06-23T17:24:51Z
2026-06-23T17:23:48Z,2026-06-23T19:23:48+0200,c51852f0-2285-49e0-9c34-cd4ce69db778,2026-06-05T13:15:00Z,2026-06-05T15:15:00+0200,49332.30885,MW,DE,DE_LU,actual_load,Actual Load,2026-06-23T17:24:51Z
2026-06-23T17:23:48Z,2026-06-23T19:23:48+0200,c51852f0-2285-49e0-9c34-cd4ce69db778,2026-06-05T13:30:00Z,2026-06-05T15:30:00+0200,49850.82472,MW,DE,DE_LU,actual_load,Actual Load,2026-06-23T17:24:51Z
2026-06-23T17:23:48Z,2026-06-23T19:23:48+0200,c51852f0-2285-49e0-9c34-cd4ce69db778,2026-06-05T13:45:00Z,2026-06-05T15:45:00+0200,49409.73389,MW,DE,DE_LU,actual_load,Actual Load,2026-06-23T17:24:51Z
2026-06-23T17:23:48Z,2026-06-23T19:23:48+0200,c51852f0-2285-49e0-9c34-cd4ce69db778,2026-06-05T14:00:00Z,2026-06-05T16:00:00+0200,49058.2549,MW,DE,DE_LU,actual_load,Actual Load,2026-06-23T17:24:51Z
2026-06-23T17:23:48Z,2026-06-23T19:23:48+0200,c51852f0-2285-49e0-9c34-cd4ce69db778,2026-06-05T14:15:00Z,2026-06-05T16:15:00+0200,48896.90158,MW,DE,DE_LU,actual_load,Actual Load,2026-06-23T17:24:51Z
2026-06-23T17:23:48Z,2026-06-23T19:23:48+0200,c51852f0-2285-49e0-9c34-cd4ce69db778,2026-06-05T14:30:00Z,2026-06-05T16:30:00+0200,48796.22819,MW,DE,DE_LU,actual_load,Actual Load,2026-06-23T17:24:51Z
2026-06-23T17:23:48Z,2026-06-23T19:23:48+0200,c51852f0-2285-49e0-9c34-cd4ce69db778,2026-06-05T14:45:00Z,2026-06-05T16:45:00+0200,49368.48329,MW,DE,DE_LU,actual_load,Actual Load,2026-06-23T17:24:51Z
2026-06-23T17:23:48Z,2026-06-23T19:23:48+0200,c51852f0-2285-49e0-9c34-cd4ce69db778,2026-06-05T15:00:00Z,2026-06-05T17:00:00+0200,50146.27621,MW,DE,DE_LU,actual_load,Actual Load,2026-06-23T17:24:51Z
2026-06-23T17:23:48Z,2026-06-23T19:23:48+0200,c51852f0-2285-49e0-9c34-cd4ce69db778,2026-06-05T15:15:00Z,2026-06-05T17:15:00+0200,49596.59761,MW,DE,DE_LU,actual_load,Actual Load,2026-06-23T17:24:51Z
2026-06-23T17:23:48Z,2026-06-23T19:23:48+0200,c51852f0-2285-49e0-9c34-cd4ce69db778,2026-06-05T15:30:00Z,2026-06-05T17:30:00+0200,49733.05264,MW,DE,DE_LU,actual_load,Actual Load,2026-06-23T17:24:51Z
2026-06-23T17:23:48Z,2026-06-23T19:23:48+0200,c51852f0-2285-49e0-9c34-cd4ce69db778,2026-06-05T15:45:00Z,2026-06-05T17:45:00+0200,50268.67375,MW,DE,DE_LU,actual_load,Actual Load,2026-06-23T17:24:51Z
2026-06-23T17:23:48Z,2026-06-23T19:23:48+0200,c51852f0-2285-49e0-9c34-cd4ce69db778,2026-06-05T16:00:00Z,2026-06-05T18:00:00+0200,51629.08632,MW,DE,DE_LU,actual_load,Actual Load,2026-06-23T17:24:51Z
2026-06-23T17:23:48Z,2026-06-23T19:23:48+0200,c51852f0-2285-49e0-9c34-cd4ce69db778,2026-06-05T16:15:00Z,2026-06-05T18:15:00+0200,51815.60934,MW,DE,DE_LU,actual_load,Actual Load,2026-06-23T17:24:51Z
2026-06-23T17:23:48Z,2026-06-23T19:23:48+0200,c51852f0-2285-49e0-9c34-cd4ce69db778,2026-06-05T16:30:00Z,2026-06-05T18:30:00+0200,52223.37729,MW,DE,DE_LU,actual_load,Actual Load,2026-06-23T17:24:51Z
2026-06-23T17:23:48Z,2026-06-23T19:23:48+0200,c51852f0-2285-49e0-9c34-cd4ce69db778,2026-06-05T16:45:00Z,2026-06-05T18:45:00+0200,52932.69825,MW,DE,DE_LU,actual_load,Actual Load,2026-06-23T17:24:51Z
2026-06-23T17:23:48Z,2026-06-23T19:23:48+0200,c51852f0-2285-49e0-9c34-cd4ce69db778,2026-06-05T17:00:00Z,2026-06-05T19:00:00+0200,52780.11106,MW,DE,DE_LU,actual_load,Actual Load,2026-06-23T17:24:51Z
2026-06-23T17:23:48Z,2026-06-23T19:23:48+0200,c51852f0-2285-49e0-9c34-cd4ce69db778,2026-06-05T17:15:00Z,2026-06-05T19:15:00+0200,52482.29344,MW,DE,DE_LU,actual_load,Actual Load,2026-06-23T17:24:51Z
2026-06-23T17:23:48Z,2026-06-23T19:23:48+0200,c51852f0-2285-49e0-9c34-cd4ce69db778,2026-06-05T17:30:00Z,2026-06-05T19:30:00+0200,52898.53956,MW,DE,DE_LU,actual_load,Actual Load,2026-06-23T17:24:51Z
2026-06-23T17:23:48Z,2026-06-23T19:23:48+0200,c51852f0-2285-49e0-9c34-cd4ce69db778,2026-06-05T17:45:00Z,2026-06-05T19:45:00+0200,52954.41895,MW,DE,DE_LU,actual_load,Actual Load,2026-06-23T17:24:51Z
2026-06-23T17:23:48Z,2026-06-23T19:23:48+0200,c51852f0-2285-49e0-9c34-cd4ce69db778,2026-06-05T18:00:00Z,2026-06-05T20:00:00+0200,52678.09673,MW,DE,DE_LU,actual_load,Actual Load,2026-06-23T17:24:51Z
2026-06-23T17:23:48Z,2026-06-23T19:23:48+0200,c51852f0-2285-49e0-9c34-cd4ce69db778,2026-06-05T18:15:00Z,2026-06-05T20:15:00+0200,52159.50853,MW,DE,DE_LU,actual_load,Actual Load,2026-06-23T17:24:51Z
2026-06-23T17:23:48Z,2026-06-23T19:23:48+0200,c51852f0-2285-49e0-9c34-cd4ce69db778,2026-06-05T18:30:00Z,2026-06-05T20:30:00+0200,51633.92191,MW,DE,DE_LU,actual_load,Actual Load,2026-06-23T17:24:51Z
2026-06-23T17:23:48Z,2026-06-23T19:23:48+0200,c51852f0-2285-49e0-9c34-cd4ce69db778,2026-06-05T18:45:00Z,2026-06-05T20:45:00+0200,50777.35093,MW,DE,DE_LU,actual_load,Actual Load,2026-06-23T17:24:51Z
2026-06-23T17:23:48Z,2026-06-23T19:23:48+0200,c51852f0-2285-49e0-9c34-cd4ce69db778,2026-06-05T19:00:00Z,2026-06-05T21:00:00+0200,50392.55685,MW,DE,DE_LU,actual_load,Actual Load,2026-06-23T17:24:51Z
2026-06-23T17:23:48Z,2026-06-23T19:23:48+0200,c51852f0-2285-49e0-9c34-cd4ce69db778,2026-06-05T19:15:00Z,2026-06-05T21:15:00+0200,49618.7424,MW,DE,DE_LU,actual_load,Actual Load,2026-06-23T17:24:51Z
2026-06-23T17:23:48Z,2026-06-23T19:23:48+0200,c51852f0-2285-49e0-9c34-cd4ce69db778,2026-06-05T19:30:00Z,2026-06-05T21:30:00+0200,49346.43634,MW,DE,DE_LU,actual_load,Actual Load,2026-06-23T17:24:51Z
2026-06-23T17:23:48Z,2026-06-23T19:23:48+0200,c51852f0-2285-49e0-9c34-cd4ce69db778,2026-06-05T19:45:00Z,2026-06-05T21:45:00+0200,49552.75501,MW,DE,DE_LU,actual_load,Actual Load,2026-06-23T17:24:51Z
2026-06-23T17:23:48Z,2026-06-23T19:23:48+0200,c51852f0-2285-49e0-9c34-cd4ce69db778,2026-06-05T20:00:00Z,2026-06-05T22:00:00+0200,48895.66804,MW,DE,DE_LU,actual_load,Actual Load,2026-06-23T17:24:51Z
2026-06-23T17:23:48Z,2026-06-23T19:23:48+0200,c51852f0-2285-49e0-9c34-cd4ce69db778,2026-06-05T20:15:00Z,2026-06-05T22:15:00+0200,48752.8359,MW,DE,DE_LU,actual_load,Actual Load,2026-06-23T17:24:51Z
2026-06-23T17:23:48Z,2026-06-23T19:23:48+0200,c51852f0-2285-49e0-9c34-cd4ce69db778,2026-06-05T20:30:00Z,2026-06-05T22:30:00+0200,47783.087,MW,DE,DE_LU,actual_load,Actual Load,2026-06-23T17:24:51Z
2026-06-23T17:23:48Z,2026-06-23T19:23:48+0200,c51852f0-2285-49e0-9c34-cd4ce69db778,2026-06-05T20:45:00Z,2026-06-05T22:45:00+0200,47268.54713,MW,DE,DE_LU,actual_load,Actual Load,2026-06-23T17:24:51Z
2026-06-23T17:23:48Z,2026-06-23T19:23:48+0200,c51852f0-2285-49e0-9c34-cd4ce69db778,2026-06-05T21:00:00Z,2026-06-05T23:00:00+0200,46192.28484,MW,DE,DE_LU,actual_load,Actual Load,2026-06-23T17:24:51Z
2026-06-23T17:23:48Z,2026-06-23T19:23:48+0200,c51852f0-2285-49e0-9c34-cd4ce69db778,2026-06-05T21:15:00Z,2026-06-05T23:15:00+0200,45474.40693,MW,DE,DE_LU,actual_load,Actual Load,2026-06-23T17:24:51Z
2026-06-23T17:23:48Z,2026-06-23T19:23:48+0200,c51852f0-2285-49e0-9c34-cd4ce69db778,2026-06-05T21:30:00Z,2026-06-05T23:30:00+0200,45146.55068,MW,DE,DE_LU,actual_load,Actual Load,2026-06-23T17:24:51Z
2026-06-23T17:23:48Z,2026-06-23T19:23:48+0200,c51852f0-2285-49e0-9c34-cd4ce69db778,2026-06-05T21:45:00Z,2026-06-05T23:45:00+0200,44465.77014,MW,DE,DE_LU,actual_load,Actual Load,2026-06-23T17:24:51Z
2026-06-23T17:23:48Z,2026-06-23T19:23:48+0200,c51852f0-2285-49e0-9c34-cd4ce69db778,2026-06-05T22:00:00Z,2026-06-06T00:00:00+0200,43504.58592,MW,DE,DE_LU,actual_load,Actual Load,2026-06-23T17:24:51Z
2026-06-23T17:23:48Z,2026-06-23T19:23:48+0200,c51852f0-2285-49e0-9c34-cd4ce69db778,2026-06-05T22:15:00Z,2026-06-06T00:15:00+0200,43519.83969,MW,DE,DE_LU,actual_load,Actual Load,2026-06-23T17:24:51Z
2026-06-23T17:23:48Z,2026-06-23T19:23:48+0200,c51852f0-2285-49e0-9c34-cd4ce69db778,2026-06-05T22:30:00Z,2026-06-06T00:30:00+0200,43262.71886,MW,DE,DE_LU,actual_load,Actual Load,2026-06-23T17:24:51Z
2026-06-23T17:23:48Z,2026-06-23T19:23:48+0200,c51852f0-2285-49e0-9c34-cd4ce69db778,2026-06-05T22:45:00Z,2026-06-06T00:45:00+0200,42662.64823,MW,DE,DE_LU,actual_load,Actual Load,2026-06-23T17:24:51Z
2026-06-23T17:23:48Z,2026-06-23T19:23:48+0200,c51852f0-2285-49e0-9c34-cd4ce69db778,2026-06-05T23:00:00Z,2026-06-06T01:00:00+0200,42134.52424,MW,DE,DE_LU,actual_load,Actual Load,2026-06-23T17:24:51Z
2026-06-23T17:23:48Z,2026-06-23T19:23:48+0200,c51852f0-2285-49e0-9c34-cd4ce69db778,2026-06-05T23:15:00Z,2026-06-06T01:15:00+0200,41704.60918,MW,DE,DE_LU,actual_load,Actual Load,2026-06-23T17:24:51Z
2026-06-23T17:23:48Z,2026-06-23T19:23:48+0200,c51852f0-2285-49e0-9c34-cd4ce69db778,2026-06-05T23:30:00Z,2026-06-06T01:30:00+0200,41572.30169,MW,DE,DE_LU,actual_load,Actual Load,2026-06-23T17:24:51Z
2026-06-23T17:23:48Z,2026-06-23T19:23:48+0200,c51852f0-2285-49e0-9c34-cd4ce69db778,2026-06-05T23:45:00Z,2026-06-06T01:45:00+0200,41367.39726,MW,DE,DE_LU,actual_load,Actual Load,2026-06-23T17:24:51Z
2026-06-23T17:23:48Z,2026-06-23T19:23:48+0200,c51852f0-2285-49e0-9c34-cd4ce69db778,2026-06-06T00:00:00Z,2026-06-06T02:00:00+0200,40659.86258,MW,DE,DE_LU,actual_load,Actual Load,2026-06-23T17:24:51Z
2026-06-23T17:23:48Z,2026-06-23T19:23:48+0200,c51852f0-2285-49e0-9c34-cd4ce69db778,2026-06-06T00:15:00Z,2026-06-06T02:15:00+0200,40433.20805,MW,DE,DE_LU,actual_load,Actual Load,2026-06-23T17:24:51Z
2026-06-23T17:23:48Z,2026-06-23T19:23:48+0200,c51852f0-2285-49e0-9c34-cd4ce69db778,2026-06-06T00:30:00Z,2026-06-06T02:30:00+0200,40494.43789,MW,DE,DE_LU,actual_load,Actual Load,2026-06-23T17:24:51Z
2026-06-23T17:23:48Z,2026-06-23T19:23:48+0200,c51852f0-2285-49e0-9c34-cd4ce69db778,2026-06-06T00:45:00Z,2026-06-06T02:45:00+0200,40781.39498,MW,DE,DE_LU,actual_load,Actual Load,2026-06-23T17:24:51Z
2026-06-23T17:23:48Z,2026-06-23T19:23:48+0200,c51852f0-2285-49e0-9c34-cd4ce69db778,2026-06-06T01:00:00Z,2026-06-06T03:00:00+0200,40407.00503,MW,DE,DE_LU,actual_load,Actual Load,2026-06-23T17:24:51Z
2026-06-23T17:23:48Z,2026-06-23T19:23:48+0200,c51852f0-2285-49e0-9c34-cd4ce69db778,2026-06-06T01:15:00Z,2026-06-06T03:15:00+0200,40386.59098,MW,DE,DE_LU,actual_load,Actual Load,2026-06-23T17:24:51Z
2026-06-23T17:23:48Z,2026-06-23T19:23:48+0200,c51852f0-2285-49e0-9c34-cd4ce69db778,2026-06-06T01:30:00Z,2026-06-06T03:30:00+0200,40774.56176,MW,DE,DE_LU,actual_load,Actual Load,2026-06-23T17:24:51Z
2026-06-23T17:23:48Z,2026-06-23T19:23:48+0200,c51852f0-2285-49e0-9c34-cd4ce69db778,2026-06-06T01:45:00Z,2026-06-06T03:45:00+0200,40670.28959,MW,DE,DE_LU,actual_load,Actual Load,2026-06-23T17:24:51Z
2026-06-23T17:23:48Z,2026-06-23T19:23:48+0200,c51852f0-2285-49e0-9c34-cd4ce69db778,2026-06-06T02:00:00Z,2026-06-06T04:00:00+0200,40455.30821,MW,DE,DE_LU,actual_load,Actual Load,2026-06-23T17:24:51Z
2026-06-23T17:23:48Z,2026-06-23T19:23:48+0200,c51852f0-2285-49e0-9c34-cd4ce69db778,2026-06-06T02:15:00Z,2026-06-06T04:15:00+0200,39941.185,MW,DE,DE_LU,actual_load,Actual Load,2026-06-23T17:24:51Z
2026-06-23T17:23:48Z,2026-06-23T19:23:48+0200,c51852f0-2285-49e0-9c34-cd4ce69db778,2026-06-06T02:30:00Z,2026-06-06T04:30:00+0200,39697.30225,MW,DE,DE_LU,actual_load,Actual Load,2026-06-23T17:24:51Z
2026-06-23T17:23:48Z,2026-06-23T19:23:48+0200,c51852f0-2285-49e0-9c34-cd4ce69db778,2026-06-06T02:45:00Z,2026-06-06T04:45:00+0200,39679.99424,MW,DE,DE_LU,actual_load,Actual Load,2026-06-23T17:24:51Z
2026-06-23T17:23:48Z,2026-06-23T19:23:48+0200,c51852f0-2285-49e0-9c34-cd4ce69db778,2026-06-06T03:00:00Z,2026-06-06T05:00:00+0200,40019.27172,MW,DE,DE_LU,actual_load,Actual Load,2026-06-23T17:24:51Z
2026-06-23T17:23:48Z,2026-06-23T19:23:48+0200,c51852f0-2285-49e0-9c34-cd4ce69db778,2026-06-06T03:15:00Z,2026-06-06T05:15:00+0200,40052.73306,MW,DE,DE_LU,actual_load,Actual Load,2026-06-23T17:24:51Z
2026-06-23T17:23:48Z,2026-06-23T19:23:48+0200,c51852f0-2285-49e0-9c34-cd4ce69db778,2026-06-06T03:30:00Z,2026-06-06T05:30:00+0200,40929.85371,MW,DE,DE_LU,actual_load,Actual Load,2026-06-23T17:24:51Z
2026-06-23T17:23:48Z,2026-06-23T19:23:48+0200,c51852f0-2285-49e0-9c34-cd4ce69db778,2026-06-06T03:45:00Z,2026-06-06T05:45:00+0200,41609.75787,MW,DE,DE_LU,actual_load,Actual Load,2026-06-23T17:24:51Z
2026-06-23T17:23:48Z,2026-06-23T19:23:48+0200,c51852f0-2285-49e0-9c34-cd4ce69db778,2026-06-06T04:00:00Z,2026-06-06T06:00:00+0200,42245.88437,MW,DE,DE_LU,actual_load,Actual Load,2026-06-23T17:24:51Z
2026-06-23T17:23:48Z,2026-06-23T19:23:48+0200,c51852f0-2285-49e0-9c34-cd4ce69db778,2026-06-06T04:15:00Z,2026-06-06T06:15:00+0200,43090.62162,MW,DE,DE_LU,actual_load,Actual Load,2026-06-23T17:24:51Z
2026-06-23T17:23:48Z,2026-06-23T19:23:48+0200,c51852f0-2285-49e0-9c34-cd4ce69db778,2026-06-06T04:30:00Z,2026-06-06T06:30:00+0200,43090.86808,MW,DE,DE_LU,actual_load,Actual Load,2026-06-23T17:24:51Z
2026-06-23T17:23:48Z,2026-06-23T19:23:48+0200,c51852f0-2285-49e0-9c34-cd4ce69db778,2026-06-06T04:45:00Z,2026-06-06T06:45:00+0200,42803.56772,MW,DE,DE_LU,actual_load,Actual Load,2026-06-23T17:24:51Z
2026-06-23T17:23:48Z,2026-06-23T19:23:48+0200,c51852f0-2285-49e0-9c34-cd4ce69db778,2026-06-06T05:00:00Z,2026-06-06T07:00:00+0200,42594.76194,MW,DE,DE_LU,actual_load,Actual Load,2026-06-23T17:24:51Z
2026-06-23T17:23:48Z,2026-06-23T19:23:48+0200,c51852f0-2285-49e0-9c34-cd4ce69db778,2026-06-06T05:15:00Z,2026-06-06T07:15:00+0200,43067.35913,MW,DE,DE_LU,actual_load,Actual Load,2026-06-23T17:24:51Z
2026-06-23T17:23:48Z,2026-06-23T19:23:48+0200,c51852f0-2285-49e0-9c34-cd4ce69db778,2026-06-06T05:30:00Z,2026-06-06T07:30:00+0200,44107.37357,MW,DE,DE_LU,actual_load,Actual Load,2026-06-23T17:24:51Z
2026-06-23T17:23:48Z,2026-06-23T19:23:48+0200,c51852f0-2285-49e0-9c34-cd4ce69db778,2026-06-06T05:45:00Z,2026-06-06T07:45:00+0200,44465.15147,MW,DE,DE_LU,actual_load,Actual Load,2026-06-23T17:24:51Z
2026-06-23T17:23:48Z,2026-06-23T19:23:48+0200,c51852f0-2285-49e0-9c34-cd4ce69db778,2026-06-06T06:00:00Z,2026-06-06T08:00:00+0200,43672.14363,MW,DE,DE_LU,actual_load,Actual Load,2026-06-23T17:24:51Z
2026-06-23T17:23:48Z,2026-06-23T19:23:48+0200,c51852f0-2285-49e0-9c34-cd4ce69db778,2026-06-06T06:15:00Z,2026-06-06T08:15:00+0200,44188.85996,MW,DE,DE_LU,actual_load,Actual Load,2026-06-23T17:24:51Z
2026-06-23T17:23:48Z,2026-06-23T19:23:48+0200,c51852f0-2285-49e0-9c34-cd4ce69db778,2026-06-06T06:30:00Z,2026-06-06T08:30:00+0200,44754.46318,MW,DE,DE_LU,actual_load,Actual Load,2026-06-23T17:24:51Z
2026-06-23T17:23:48Z,2026-06-23T19:23:48+0200,c51852f0-2285-49e0-9c34-cd4ce69db778,2026-06-06T06:45:00Z,2026-06-06T08:45:00+0200,45047.10164,MW,DE,DE_LU,actual_load,Actual Load,2026-06-23T17:24:51Z
2026-06-23T17:23:48Z,2026-06-23T19:23:48+0200,c51852f0-2285-49e0-9c34-cd4ce69db778,2026-06-06T07:00:00Z,2026-06-06T09:00:00+0200,45038.55427,MW,DE,DE_LU,actual_load,Actual Load,2026-06-23T17:24:51Z
2026-06-23T17:23:48Z,2026-06-23T19:23:48+0200,c51852f0-2285-49e0-9c34-cd4ce69db778,2026-06-06T07:15:00Z,2026-06-06T09:15:00+0200,45350.21566,MW,DE,DE_LU,actual_load,Actual Load,2026-06-23T17:24:51Z
2026-06-23T17:23:48Z,2026-06-23T19:23:48+0200,c51852f0-2285-49e0-9c34-cd4ce69db778,2026-06-06T07:30:00Z,2026-06-06T09:30:00+0200,45874.12234,MW,DE,DE_LU,actual_load,Actual Load,2026-06-23T17:24:51Z
2026-06-23T17:23:48Z,2026-06-23T19:23:48+0200,c51852f0-2285-49e0-9c34-cd4ce69db778,2026-06-06T07:45:00Z,2026-06-06T09:45:00+0200,45986.13774,MW,DE,DE_LU,actual_load,Actual Load,2026-06-23T17:24:51Z
2026-06-23T17:23:48Z,2026-06-23T19:23:48+0200,c51852f0-2285-49e0-9c34-cd4ce69db778,2026-06-06T08:00:00Z,2026-06-06T10:00:00+0200,45063.26189,MW,DE,DE_LU,actual_load,Actual Load,2026-06-23T17:24:51Z
2026-06-23T17:23:48Z,2026-06-23T19:23:48+0200,c51852f0-2285-49e0-9c34-cd4ce69db778,2026-06-06T08:15:00Z,2026-06-06T10:15:00+0200,45200.02989,MW,DE,DE_LU,actual_load,Actual Load,2026-06-23T17:24:51Z
2026-06-23T17:23:48Z,2026-06-23T19:23:48+0200,c51852f0-2285-49e0-9c34-cd4ce69db778,2026-06-06T08:30:00Z,2026-06-06T10:30:00+0200,45737.54098,MW,DE,DE_LU,actual_load,Actual Load,2026-06-23T17:24:51Z
2026-06-23T17:23:48Z,2026-06-23T19:23:48+0200,c51852f0-2285-49e0-9c34-cd4ce69db778,2026-06-06T08:45:00Z,2026-06-06T10:45:00+0200,45527.93875,MW,DE,DE_LU,actual_load,Actual Load,2026-06-23T17:24:51Z
2026-06-23T17:23:48Z,2026-06-23T19:23:48+0200,c51852f0-2285-49e0-9c34-cd4ce69db778,2026-06-06T09:00:00Z,2026-06-06T11:00:00+0200,45256.49542,MW,DE,DE_LU,actual_load,Actual Load,2026-06-23T17:24:51Z
2026-06-23T17:23:48Z,2026-06-23T19:23:48+0200,c51852f0-2285-49e0-9c34-cd4ce69db778,2026-06-06T09:15:00Z,2026-06-06T11:15:00+0200,45552.16685,MW,DE,DE_LU,actual_load,Actual Load,2026-06-23T17:24:51Z
2026-06-23T17:23:48Z,2026-06-23T19:23:48+0200,c51852f0-2285-49e0-9c34-cd4ce69db778,2026-06-06T09:30:00Z,2026-06-06T11:30:00+0200,45732.79327,MW,DE,DE_LU,actual_load,Actual Load,2026-06-23T17:24:51Z
2026-06-23T17:23:48Z,2026-06-23T19:23:48+0200,c51852f0-2285-49e0-9c34-cd4ce69db778,2026-06-06T09:45:00Z,2026-06-06T11:45:00+0200,45896.48671,MW,DE,DE_LU,actual_load,Actual Load,2026-06-23T17:24:51Z
2026-06-23T17:23:48Z,2026-06-23T19:23:48+0200,c51852f0-2285-49e0-9c34-cd4ce69db778,2026-06-06T10:00:00Z,2026-06-06T12:00:00+0200,45834.79737,MW,DE,DE_LU,actual_load,Actual Load,2026-06-23T17:24:51Z
2026-06-23T17:23:48Z,2026-06-23T19:23:48+0200,c51852f0-2285-49e0-9c34-cd4ce69db778,2026-06-06T10:15:00Z,2026-06-06T12:15:00+0200,45507.64769,MW,DE,DE_LU,actual_load,Actual Load,2026-06-23T17:24:51Z
2026-06-23T17:23:48Z,2026-06-23T19:23:48+0200,c51852f0-2285-49e0-9c34-cd4ce69db778,2026-06-06T10:30:00Z,2026-06-06T12:30:00+0200,45629.80514,MW,DE,DE_LU,actual_load,Actual Load,2026-06-23T17:24:51Z
2026-06-23T17:23:48Z,2026-06-23T19:23:48+0200,c51852f0-2285-49e0-9c34-cd4ce69db778,2026-06-06T10:45:00Z,2026-06-06T12:45:00+0200,45825.48492,MW,DE,DE_LU,actual_load,Actual Load,2026-06-23T17:24:51Z
2026-06-23T17:23:48Z,2026-06-23T19:23:48+0200,c51852f0-2285-49e0-9c34-cd4ce69db778,2026-06-06T11:00:00Z,2026-06-06T13:00:00+0200,45171.61609,MW,DE,DE_LU,actual_load,Actual Load,2026-06-23T17:24:51Z
2026-06-23T17:23:48Z,2026-06-23T19:23:48+0200,c51852f0-2285-49e0-9c34-cd4ce69db778,2026-06-06T11:15:00Z,2026-06-06T13:15:00+0200,44444.20366,MW,DE,DE_LU,actual_load,Actual Load,2026-06-23T17:24:51Z
2026-06-23T17:23:48Z,2026-06-23T19:23:48+0200,c51852f0-2285-49e0-9c34-cd4ce69db778,2026-06-06T11:30:00Z,2026-06-06T13:30:00+0200,43970.0931,MW,DE,DE_LU,actual_load,Actual Load,2026-06-23T17:24:51Z
2026-06-23T17:23:48Z,2026-06-23T19:23:48+0200,c51852f0-2285-49e0-9c34-cd4ce69db778,2026-06-06T11:45:00Z,2026-06-06T13:45:00+0200,43793.18807,MW,DE,DE_LU,actual_load,Actual Load,2026-06-23T17:24:51Z
2026-06-23T17:23:48Z,2026-06-23T19:23:48+0200,c51852f0-2285-49e0-9c34-cd4ce69db778,2026-06-06T12:00:00Z,2026-06-06T14:00:00+0200,43721.20502,MW,DE,DE_LU,actual_load,Actual Load,2026-06-23T17:24:51Z
2026-06-23T17:23:48Z,2026-06-23T19:23:48+0200,c51852f0-2285-49e0-9c34-cd4ce69db778,2026-06-06T12:15:00Z,2026-06-06T14:15:00+0200,42435.99506,MW,DE,DE_LU,actual_load,Actual Load,2026-06-23T17:24:51Z
2026-06-23T17:23:48Z,2026-06-23T19:23:48+0200,c51852f0-2285-49e0-9c34-cd4ce69db778,2026-06-06T12:30:00Z,2026-06-06T14:30:00+0200,42027.75678,MW,DE,DE_LU,actual_load,Actual Load,2026-06-23T17:24:51Z
2026-06-23T17:23:48Z,2026-06-23T19:23:48+0200,c51852f0-2285-49e0-9c34-cd4ce69db778,2026-06-06T12:45:00Z,2026-06-06T14:45:00+0200,42509.35058,MW,DE,DE_LU,actual_load,Actual Load,2026-06-23T17:24:51Z
2026-06-23T17:23:48Z,2026-06-23T19:23:48+0200,c51852f0-2285-49e0-9c34-cd4ce69db778,2026-06-06T13:00:00Z,2026-06-06T15:00:00+0200,42725.91267,MW,DE,DE_LU,actual_load,Actual Load,2026-06-23T17:24:51Z
2026-06-23T17:23:48Z,2026-06-23T19:23:48+0200,c51852f0-2285-49e0-9c34-cd4ce69db778,2026-06-06T13:15:00Z,2026-06-06T15:15:00+0200,41977.74848,MW,DE,DE_LU,actual_load,Actual Load,2026-06-23T17:24:51Z
2026-06-23T17:23:48Z,2026-06-23T19:23:48+0200,c51852f0-2285-49e0-9c34-cd4ce69db778,2026-06-06T13:30:00Z,2026-06-06T15:30:00+0200,41898.5999,MW,DE,DE_LU,actual_load,Actual Load,2026-06-23T17:24:51Z
2026-06-23T17:23:48Z,2026-06-23T19:23:48+0200,c51852f0-2285-49e0-9c34-cd4ce69db778,2026-06-06T13:45:00Z,2026-06-06T15:45:00+0200,42147.35333,MW,DE,DE_LU,actual_load,Actual Load,2026-06-23T17:24:51Z
2026-06-23T17:23:48Z,2026-06-23T19:23:48+0200,c51852f0-2285-49e0-9c34-cd4ce69db778,2026-06-06T14:00:00Z,2026-06-06T16:00:00+0200,43064.00071,MW,DE,DE_LU,actual_load,Actual Load,2026-06-23T17:24:51Z
2026-06-23T17:23:48Z,2026-06-23T19:23:48+0200,c51852f0-2285-49e0-9c34-cd4ce69db778,2026-06-06T14:15:00Z,2026-06-06T16:15:00+0200,43396.13777,MW,DE,DE_LU,actual_load,Actual Load,2026-06-23T17:24:51Z
2026-06-23T17:23:48Z,2026-06-23T19:23:48+0200,c51852f0-2285-49e0-9c34-cd4ce69db778,2026-06-06T14:30:00Z,2026-06-06T16:30:00+0200,43053.45826,MW,DE,DE_LU,actual_load,Actual Load,2026-06-23T17:24:51Z
2026-06-23T17:23:48Z,2026-06-23T19:23:48+0200,c51852f0-2285-49e0-9c34-cd4ce69db778,2026-06-06T14:45:00Z,2026-06-06T16:45:00+0200,43424.71237,MW,DE,DE_LU,actual_load,Actual Load,2026-06-23T17:24:51Z
2026-06-23T17:23:48Z,2026-06-23T19:23:48+0200,c51852f0-2285-49e0-9c34-cd4ce69db778,2026-06-06T15:00:00Z,2026-06-06T17:00:00+0200,44186.51005,MW,DE,DE_LU,actual_load,Actual Load,2026-06-23T17:24:51Z
2026-06-23T17:23:48Z,2026-06-23T19:23:48+0200,c51852f0-2285-49e0-9c34-cd4ce69db778,2026-06-06T15:15:00Z,2026-06-06T17:15:00+0200,44597.31121,MW,DE,DE_LU,actual_load,Actual Load,2026-06-23T17:24:51Z
2026-06-23T17:23:48Z,2026-06-23T19:23:48+0200,c51852f0-2285-49e0-9c34-cd4ce69db778,2026-06-06T15:30:00Z,2026-06-06T17:30:00+0200,44881.97982,MW,DE,DE_LU,actual_load,Actual Load,2026-06-23T17:24:51Z
2026-06-23T17:23:48Z,2026-06-23T19:23:48+0200,c51852f0-2285-49e0-9c34-cd4ce69db778,2026-06-06T15:45:00Z,2026-06-06T17:45:00+0200,46337.88998,MW,DE,DE_LU,actual_load,Actual Load,2026-06-23T17:24:51Z
2026-06-23T17:23:48Z,2026-06-23T19:23:48+0200,c51852f0-2285-49e0-9c34-cd4ce69db778,2026-06-06T16:00:00Z,2026-06-06T18:00:00+0200,46712.07753,MW,DE,DE_LU,actual_load,Actual Load,2026-06-23T17:24:51Z
2026-06-23T17:23:48Z,2026-06-23T19:23:48+0200,c51852f0-2285-49e0-9c34-cd4ce69db778,2026-06-06T16:15:00Z,2026-06-06T18:15:00+0200,47110.38961,MW,DE,DE_LU,actual_load,Actual Load,2026-06-23T17:24:51Z
2026-06-23T17:23:48Z,2026-06-23T19:23:48+0200,c51852f0-2285-49e0-9c34-cd4ce69db778,2026-06-06T16:30:00Z,2026-06-06T18:30:00+0200,47389.64642,MW,DE,DE_LU,actual_load,Actual Load,2026-06-23T17:24:51Z
2026-06-23T17:23:48Z,2026-06-23T19:23:48+0200,c51852f0-2285-49e0-9c34-cd4ce69db778,2026-06-06T16:45:00Z,2026-06-06T18:45:00+0200,48120.08005,MW,DE,DE_LU,actual_load,Actual Load,2026-06-23T17:24:51Z
2026-06-23T17:23:48Z,2026-06-23T19:23:48+0200,c51852f0-2285-49e0-9c34-cd4ce69db778,2026-06-06T17:00:00Z,2026-06-06T19:00:00+0200,48194.00907,MW,DE,DE_LU,actual_load,Actual Load,2026-06-23T17:24:51Z
2026-06-23T17:23:48Z,2026-06-23T19:23:48+0200,c51852f0-2285-49e0-9c34-cd4ce69db778,2026-06-06T17:15:00Z,2026-06-06T19:15:00+0200,48323.51441,MW,DE,DE_LU,actual_load,Actual Load,2026-06-23T17:24:51Z
2026-06-23T17:23:48Z,2026-06-23T19:23:48+0200,c51852f0-2285-49e0-9c34-cd4ce69db778,2026-06-06T17:30:00Z,2026-06-06T19:30:00+0200,47934.02289,MW,DE,DE_LU,actual_load,Actual Load,2026-06-23T17:24:51Z
2026-06-23T17:23:48Z,2026-06-23T19:23:48+0200,c51852f0-2285-49e0-9c34-cd4ce69db778,2026-06-06T17:45:00Z,2026-06-06T19:45:00+0200,47382.82456,MW,DE,DE_LU,actual_load,Actual Load,2026-06-23T17:24:51Z
2026-06-23T17:23:48Z,2026-06-23T19:23:48+0200,c51852f0-2285-49e0-9c34-cd4ce69db778,2026-06-06T18:00:00Z,2026-06-06T20:00:00+0200,48302.40239,MW,DE,DE_LU,actual_load,Actual Load,2026-06-23T17:24:51Z
2026-06-23T17:23:48Z,2026-06-23T19:23:48+0200,c51852f0-2285-49e0-9c34-cd4ce69db778,2026-06-06T18:15:00Z,2026-06-06T20:15:00+0200,47629.59412,MW,DE,DE_LU,actual_load,Actual Load,2026-06-23T17:24:51Z
2026-06-23T17:23:48Z,2026-06-23T19:23:48+0200,c51852f0-2285-49e0-9c34-cd4ce69db778,2026-06-06T18:30:00Z,2026-06-06T20:30:00+0200,46958.29548,MW,DE,DE_LU,actual_load,Actual Load,2026-06-23T17:24:51Z
2026-06-23T17:23:48Z,2026-06-23T19:23:48+0200,c51852f0-2285-49e0-9c34-cd4ce69db778,2026-06-06T18:45:00Z,2026-06-06T20:45:00+0200,46843.34627,MW,DE,DE_LU,actual_load,Actual Load,2026-06-23T17:24:51Z
2026-06-23T17:23:48Z,2026-06-23T19:23:48+0200,c51852f0-2285-49e0-9c34-cd4ce69db778,2026-06-06T19:00:00Z,2026-06-06T21:00:00+0200,46445.70483,MW,DE,DE_LU,actual_load,Actual Load,2026-06-23T17:24:51Z
2026-06-23T17:23:48Z,2026-06-23T19:23:48+0200,c51852f0-2285-49e0-9c34-cd4ce69db778,2026-06-06T19:15:00Z,2026-06-06T21:15:00+0200,46289.76329,MW,DE,DE_LU,actual_load,Actual Load,2026-06-23T17:24:51Z
2026-06-23T17:23:48Z,2026-06-23T19:23:48+0200,c51852f0-2285-49e0-9c34-cd4ce69db778,2026-06-06T19:30:00Z,2026-06-06T21:30:00+0200,46433.57459,MW,DE,DE_LU,actual_load,Actual Load,2026-06-23T17:24:51Z
2026-06-23T17:23:48Z,2026-06-23T19:23:48+0200,c51852f0-2285-49e0-9c34-cd4ce69db778,2026-06-06T19:45:00Z,2026-06-06T21:45:00+0200,47230.84797,MW,DE,DE_LU,actual_load,Actual Load,2026-06-23T17:24:51Z
2026-06-23T17:23:48Z,2026-06-23T19:23:48+0200,c51852f0-2285-49e0-9c34-cd4ce69db778,2026-06-06T20:00:00Z,2026-06-06T22:00:00+0200,45596.28188,MW,DE,DE_LU,actual_load,Actual Load,2026-06-23T17:24:51Z
2026-06-23T17:23:48Z,2026-06-23T19:23:48+0200,c51852f0-2285-49e0-9c34-cd4ce69db778,2026-06-06T20:15:00Z,2026-06-06T22:15:00+0200,44560.45439,MW,DE,DE_LU,actual_load,Actual Load,2026-06-23T17:24:51Z
2026-06-23T17:23:48Z,2026-06-23T19:23:48+0200,c51852f0-2285-49e0-9c34-cd4ce69db778,2026-06-06T20:30:00Z,2026-06-06T22:30:00+0200,44389.59356,MW,DE,DE_LU,actual_load,Actual Load,2026-06-23T17:24:51Z
2026-06-23T17:23:48Z,2026-06-23T19:23:48+0200,c51852f0-2285-49e0-9c34-cd4ce69db778,2026-06-06T20:45:00Z,2026-06-06T22:45:00+0200,43845.94962,MW,DE,DE_LU,actual_load,Actual Load,2026-06-23T17:24:51Z
2026-06-23T17:23:48Z,2026-06-23T19:23:48+0200,c51852f0-2285-49e0-9c34-cd4ce69db778,2026-06-06T21:00:00Z,2026-06-06T23:00:00+0200,42314.23612,MW,DE,DE_LU,actual_load,Actual Load,2026-06-23T17:24:51Z
2026-06-23T17:23:48Z,2026-06-23T19:23:48+0200,c51852f0-2285-49e0-9c34-cd4ce69db778,2026-06-06T21:15:00Z,2026-06-06T23:15:00+0200,41865.46423,MW,DE,DE_LU,actual_load,Actual Load,2026-06-23T17:24:51Z
2026-06-23T17:23:48Z,2026-06-23T19:23:48+0200,c51852f0-2285-49e0-9c34-cd4ce69db778,2026-06-06T21:30:00Z,2026-06-06T23:30:00+0200,41150.67131,MW,DE,DE_LU,actual_load,Actual Load,2026-06-23T17:24:51Z
2026-06-23T17:23:48Z,2026-06-23T19:23:48+0200,c51852f0-2285-49e0-9c34-cd4ce69db778,2026-06-06T21:45:00Z,2026-06-06T23:45:00+0200,40429.00466,MW,DE,DE_LU,actual_load,Actual Load,2026-06-23T17:24:51Z
2026-06-23T17:23:48Z,2026-06-23T19:23:48+0200,c51852f0-2285-49e0-9c34-cd4ce69db778,2026-06-06T22:00:00Z,2026-06-07T00:00:00+0200,39468.72364,MW,DE,DE_LU,actual_load,Actual Load,2026-06-23T17:24:51Z
2026-06-23T17:23:48Z,2026-06-23T19:23:48+0200,c51852f0-2285-49e0-9c34-cd4ce69db778,2026-06-06T22:15:00Z,2026-06-07T00:15:00+0200,39079.22441,MW,DE,DE_LU,actual_load,Actual Load,2026-06-23T17:24:51Z
2026-06-23T17:23:48Z,2026-06-23T19:23:48+0200,c51852f0-2285-49e0-9c34-cd4ce69db778,2026-06-06T22:30:00Z,2026-06-07T00:30:00+0200,38882.3049,MW,DE,DE_LU,actual_load,Actual Load,2026-06-23T17:24:51Z
2026-06-23T17:23:48Z,2026-06-23T19:23:48+0200,c51852f0-2285-49e0-9c34-cd4ce69db778,2026-06-06T22:45:00Z,2026-06-07T00:45:00+0200,38748.48398,MW,DE,DE_LU,actual_load,Actual Load,2026-06-23T17:24:51Z
2026-06-23T17:23:48Z,2026-06-23T19:23:48+0200,c51852f0-2285-49e0-9c34-cd4ce69db778,2026-06-06T23:00:00Z,2026-06-07T01:00:00+0200,38588.18126,MW,DE,DE_LU,actual_load,Actual Load,2026-06-23T17:24:51Z
2026-06-23T17:23:48Z,2026-06-23T19:23:48+0200,c51852f0-2285-49e0-9c34-cd4ce69db778,2026-06-06T23:15:00Z,2026-06-07T01:15:00+0200,38104.00413,MW,DE,DE_LU,actual_load,Actual Load,2026-06-23T17:24:51Z
2026-06-23T17:23:48Z,2026-06-23T19:23:48+0200,c51852f0-2285-49e0-9c34-cd4ce69db778,2026-06-06T23:30:00Z,2026-06-07T01:30:00+0200,38263.41149,MW,DE,DE_LU,actual_load,Actual Load,2026-06-23T17:24:51Z
2026-06-23T17:23:48Z,2026-06-23T19:23:48+0200,c51852f0-2285-49e0-9c34-cd4ce69db778,2026-06-06T23:45:00Z,2026-06-07T01:45:00+0200,37808.9012,MW,DE,DE_LU,actual_load,Actual Load,2026-06-23T17:24:51Z
2026-06-23T17:23:48Z,2026-06-23T19:23:48+0200,c51852f0-2285-49e0-9c34-cd4ce69db778,2026-06-07T00:00:00Z,2026-06-07T02:00:00+0200,37731.42221,MW,DE,DE_LU,actual_load,Actual Load,2026-06-23T17:24:51Z
2026-06-23T17:23:48Z,2026-06-23T19:23:48+0200,c51852f0-2285-49e0-9c34-cd4ce69db778,2026-06-07T00:15:00Z,2026-06-07T02:15:00+0200,37330.57335,MW,DE,DE_LU,actual_load,Actual Load,2026-06-23T17:24:51Z
2026-06-23T17:23:48Z,2026-06-23T19:23:48+0200,c51852f0-2285-49e0-9c34-cd4ce69db778,2026-06-07T00:30:00Z,2026-06-07T02:30:00+0200,36832.71769,MW,DE,DE_LU,actual_load,Actual Load,2026-06-23T17:24:51Z
2026-06-23T17:23:48Z,2026-06-23T19:23:48+0200,c51852f0-2285-49e0-9c34-cd4ce69db778,2026-06-07T00:45:00Z,2026-06-07T02:45:00+0200,36863.11282,MW,DE,DE_LU,actual_load,Actual Load,2026-06-23T17:24:51Z
2026-06-23T17:23:48Z,2026-06-23T19:23:48+0200,c51852f0-2285-49e0-9c34-cd4ce69db778,2026-06-07T01:00:00Z,2026-06-07T03:00:00+0200,36589.7012,MW,DE,DE_LU,actual_load,Actual Load,2026-06-23T17:24:51Z
2026-06-23T17:23:48Z,2026-06-23T19:23:48+0200,c51852f0-2285-49e0-9c34-cd4ce69db778,2026-06-07T01:15:00Z,2026-06-07T03:15:00+0200,36366.01795,MW,DE,DE_LU,actual_load,Actual Load,2026-06-23T17:24:51Z
2026-06-23T17:23:48Z,2026-06-23T19:23:48+0200,c51852f0-2285-49e0-9c34-cd4ce69db778,2026-06-07T01:30:00Z,2026-06-07T03:30:00+0200,36360.00163,MW,DE,DE_LU,actual_load,Actual Load,2026-06-23T17:24:51Z
2026-06-23T17:23:48Z,2026-06-23T19:23:48+0200,c51852f0-2285-49e0-9c34-cd4ce69db778,2026-06-07T01:45:00Z,2026-06-07T03:45:00+0200,36172.88081,MW,DE,DE_LU,actual_load,Actual Load,2026-06-23T17:24:51Z
2026-06-23T17:23:48Z,2026-06-23T19:23:48+0200,c51852f0-2285-49e0-9c34-cd4ce69db778,2026-06-07T02:00:00Z,2026-06-07T04:00:00+0200,36661.70727,MW,DE,DE_LU,actual_load,Actual Load,2026-06-23T17:24:51Z
2026-06-23T17:23:48Z,2026-06-23T19:23:48+0200,c51852f0-2285-49e0-9c34-cd4ce69db778,2026-06-07T02:15:00Z,2026-06-07T04:15:00+0200,36700.93836,MW,DE,DE_LU,actual_load,Actual Load,2026-06-23T17:24:51Z
2026-06-23T17:23:48Z,2026-06-23T19:23:48+0200,c51852f0-2285-49e0-9c34-cd4ce69db778,2026-06-07T02:30:00Z,2026-06-07T04:30:00+0200,36782.68754,MW,DE,DE_LU,actual_load,Actual Load,2026-06-23T17:24:51Z
2026-06-23T17:23:48Z,2026-06-23T19:23:48+0200,c51852f0-2285-49e0-9c34-cd4ce69db778,2026-06-07T02:45:00Z,2026-06-07T04:45:00+0200,36792.25999,MW,DE,DE_LU,actual_load,Actual Load,2026-06-23T17:24:51Z
2026-06-23T17:23:48Z,2026-06-23T19:23:48+0200,c51852f0-2285-49e0-9c34-cd4ce69db778,2026-06-07T03:00:00Z,2026-06-07T05:00:00+0200,37237.72962,MW,DE,DE_LU,actual_load,Actual Load,2026-06-23T17:24:51Z
2026-06-23T17:23:48Z,2026-06-23T19:23:48+0200,c51852f0-2285-49e0-9c34-cd4ce69db778,2026-06-07T03:15:00Z,2026-06-07T05:15:00+0200,37262.75604,MW,DE,DE_LU,actual_load,Actual Load,2026-06-23T17:24:51Z
2026-06-23T17:23:48Z,2026-06-23T19:23:48+0200,c51852f0-2285-49e0-9c34-cd4ce69db778,2026-06-07T03:30:00Z,2026-06-07T05:30:00+0200,37442.94595,MW,DE,DE_LU,actual_load,Actual Load,2026-06-23T17:24:51Z
2026-06-23T17:23:48Z,2026-06-23T19:23:48+0200,c51852f0-2285-49e0-9c34-cd4ce69db778,2026-06-07T03:45:00Z,2026-06-07T05:45:00+0200,37084.60041,MW,DE,DE_LU,actual_load,Actual Load,2026-06-23T17:24:51Z
2026-06-23T17:23:48Z,2026-06-23T19:23:48+0200,c51852f0-2285-49e0-9c34-cd4ce69db778,2026-06-07T04:00:00Z,2026-06-07T06:00:00+0200,37103.03883,MW,DE,DE_LU,actual_load,Actual Load,2026-06-23T17:24:51Z
2026-06-23T17:23:48Z,2026-06-23T19:23:48+0200,c51852f0-2285-49e0-9c34-cd4ce69db778,2026-06-07T04:15:00Z,2026-06-07T06:15:00+0200,37296.38437,MW,DE,DE_LU,actual_load,Actual Load,2026-06-23T17:24:51Z
2026-06-23T17:23:48Z,2026-06-23T19:23:48+0200,c51852f0-2285-49e0-9c34-cd4ce69db778,2026-06-07T04:30:00Z,2026-06-07T06:30:00+0200,37348.14113,MW,DE,DE_LU,actual_load,Actual Load,2026-06-23T17:24:51Z
2026-06-23T17:23:48Z,2026-06-23T19:23:48+0200,c51852f0-2285-49e0-9c34-cd4ce69db778,2026-06-07T04:45:00Z,2026-06-07T06:45:00+0200,37274.6046,MW,DE,DE_LU,actual_load,Actual Load,2026-06-23T17:24:51Z
2026-06-23T17:23:48Z,2026-06-23T19:23:48+0200,c51852f0-2285-49e0-9c34-cd4ce69db778,2026-06-07T05:00:00Z,2026-06-07T07:00:00+0200,37526.89064,MW,DE,DE_LU,actual_load,Actual Load,2026-06-23T17:24:51Z
2026-06-23T17:23:48Z,2026-06-23T19:23:48+0200,c51852f0-2285-49e0-9c34-cd4ce69db778,2026-06-07T05:15:00Z,2026-06-07T07:15:00+0200,38031.69186,MW,DE,DE_LU,actual_load,Actual Load,2026-06-23T17:24:51Z
2026-06-23T17:23:48Z,2026-06-23T19:23:48+0200,c51852f0-2285-49e0-9c34-cd4ce69db778,2026-06-07T05:30:00Z,2026-06-07T07:30:00+0200,38164.65119,MW,DE,DE_LU,actual_load,Actual Load,2026-06-23T17:24:51Z
2026-06-23T17:23:48Z,2026-06-23T19:23:48+0200,c51852f0-2285-49e0-9c34-cd4ce69db778,2026-06-07T05:45:00Z,2026-06-07T07:45:00+0200,39282.34215,MW,DE,DE_LU,actual_load,Actual Load,2026-06-23T17:24:51Z
2026-06-23T17:23:48Z,2026-06-23T19:23:48+0200,c51852f0-2285-49e0-9c34-cd4ce69db778,2026-06-07T06:00:00Z,2026-06-07T08:00:00+0200,40628.61032,MW,DE,DE_LU,actual_load,Actual Load,2026-06-23T17:24:51Z
2026-06-23T17:23:48Z,2026-06-23T19:23:48+0200,c51852f0-2285-49e0-9c34-cd4ce69db778,2026-06-07T06:15:00Z,2026-06-07T08:15:00+0200,40818.87996,MW,DE,DE_LU,actual_load,Actual Load,2026-06-23T17:24:51Z
2026-06-23T17:23:48Z,2026-06-23T19:23:48+0200,c51852f0-2285-49e0-9c34-cd4ce69db778,2026-06-07T06:30:00Z,2026-06-07T08:30:00+0200,41369.37313,MW,DE,DE_LU,actual_load,Actual Load,2026-06-23T17:24:51Z
2026-06-23T17:23:48Z,2026-06-23T19:23:48+0200,c51852f0-2285-49e0-9c34-cd4ce69db778,2026-06-07T06:45:00Z,2026-06-07T08:45:00+0200,41692.54519,MW,DE,DE_LU,actual_load,Actual Load,2026-06-23T17:24:51Z
2026-06-23T17:23:48Z,2026-06-23T19:23:48+0200,c51852f0-2285-49e0-9c34-cd4ce69db778,2026-06-07T07:00:00Z,2026-06-07T09:00:00+0200,41872.46147,MW,DE,DE_LU,actual_load,Actual Load,2026-06-23T17:24:51Z
2026-06-23T17:23:48Z,2026-06-23T19:23:48+0200,c51852f0-2285-49e0-9c34-cd4ce69db778,2026-06-07T07:15:00Z,2026-06-07T09:15:00+0200,42382.18911,MW,DE,DE_LU,actual_load,Actual Load,2026-06-23T17:24:51Z
2026-06-23T17:23:48Z,2026-06-23T19:23:48+0200,c51852f0-2285-49e0-9c34-cd4ce69db778,2026-06-07T07:30:00Z,2026-06-07T09:30:00+0200,42693.69287,MW,DE,DE_LU,actual_load,Actual Load,2026-06-23T17:24:51Z
2026-06-23T17:23:48Z,2026-06-23T19:23:48+0200,c51852f0-2285-49e0-9c34-cd4ce69db778,2026-06-07T07:45:00Z,2026-06-07T09:45:00+0200,43008.69483,MW,DE,DE_LU,actual_load,Actual Load,2026-06-23T17:24:51Z
2026-06-23T17:23:48Z,2026-06-23T19:23:48+0200,c51852f0-2285-49e0-9c34-cd4ce69db778,2026-06-07T08:00:00Z,2026-06-07T10:00:00+0200,43267.61651,MW,DE,DE_LU,actual_load,Actual Load,2026-06-23T17:24:51Z
2026-06-23T17:23:48Z,2026-06-23T19:23:48+0200,c51852f0-2285-49e0-9c34-cd4ce69db778,2026-06-07T08:15:00Z,2026-06-07T10:15:00+0200,44266.06024,MW,DE,DE_LU,actual_load,Actual Load,2026-06-23T17:24:51Z
2026-06-23T17:23:48Z,2026-06-23T19:23:48+0200,c51852f0-2285-49e0-9c34-cd4ce69db778,2026-06-07T08:30:00Z,2026-06-07T10:30:00+0200,44396.42604,MW,DE,DE_LU,actual_load,Actual Load,2026-06-23T17:24:51Z
2026-06-23T17:23:48Z,2026-06-23T19:23:48+0200,c51852f0-2285-49e0-9c34-cd4ce69db778,2026-06-07T08:45:00Z,2026-06-07T10:45:00+0200,44531.08075,MW,DE,DE_LU,actual_load,Actual Load,2026-06-23T17:24:51Z
2026-06-23T17:23:48Z,2026-06-23T19:23:48+0200,c51852f0-2285-49e0-9c34-cd4ce69db778,2026-06-07T09:00:00Z,2026-06-07T11:00:00+0200,43910.36978,MW,DE,DE_LU,actual_load,Actual Load,2026-06-23T17:24:51Z
2026-06-23T17:23:48Z,2026-06-23T19:23:48+0200,c51852f0-2285-49e0-9c34-cd4ce69db778,2026-06-07T09:15:00Z,2026-06-07T11:15:00+0200,44097.04311,MW,DE,DE_LU,actual_load,Actual Load,2026-06-23T17:24:51Z
2026-06-23T17:23:48Z,2026-06-23T19:23:48+0200,c51852f0-2285-49e0-9c34-cd4ce69db778,2026-06-07T09:30:00Z,2026-06-07T11:30:00+0200,44706.76923,MW,DE,DE_LU,actual_load,Actual Load,2026-06-23T17:24:51Z
2026-06-23T17:23:48Z,2026-06-23T19:23:48+0200,c51852f0-2285-49e0-9c34-cd4ce69db778,2026-06-07T09:45:00Z,2026-06-07T11:45:00+0200,44507.12452,MW,DE,DE_LU,actual_load,Actual Load,2026-06-23T17:24:51Z
2026-06-23T17:23:48Z,2026-06-23T19:23:48+0200,c51852f0-2285-49e0-9c34-cd4ce69db778,2026-06-07T10:00:00Z,2026-06-07T12:00:00+0200,44671.74498,MW,DE,DE_LU,actual_load,Actual Load,2026-06-23T17:24:51Z
2026-06-23T17:23:48Z,2026-06-23T19:23:48+0200,c51852f0-2285-49e0-9c34-cd4ce69db778,2026-06-07T10:15:00Z,2026-06-07T12:15:00+0200,44562.69753,MW,DE,DE_LU,actual_load,Actual Load,2026-06-23T17:24:51Z
2026-06-23T17:23:48Z,2026-06-23T19:23:48+0200,c51852f0-2285-49e0-9c34-cd4ce69db778,2026-06-07T10:30:00Z,2026-06-07T12:30:00+0200,44204.4962,MW,DE,DE_LU,actual_load,Actual Load,2026-06-23T17:24:51Z
2026-06-23T17:23:48Z,2026-06-23T19:23:48+0200,c51852f0-2285-49e0-9c34-cd4ce69db778,2026-06-07T10:45:00Z,2026-06-07T12:45:00+0200,43606.60888,MW,DE,DE_LU,actual_load,Actual Load,2026-06-23T17:24:51Z
2026-06-23T17:23:48Z,2026-06-23T19:23:48+0200,c51852f0-2285-49e0-9c34-cd4ce69db778,2026-06-07T11:00:00Z,2026-06-07T13:00:00+0200,43250.50491,MW,DE,DE_LU,actual_load,Actual Load,2026-06-23T17:24:51Z
2026-06-23T17:23:48Z,2026-06-23T19:23:48+0200,c51852f0-2285-49e0-9c34-cd4ce69db778,2026-06-07T11:15:00Z,2026-06-07T13:15:00+0200,43762.64811,MW,DE,DE_LU,actual_load,Actual Load,2026-06-23T17:24:51Z
2026-06-23T17:23:48Z,2026-06-23T19:23:48+0200,c51852f0-2285-49e0-9c34-cd4ce69db778,2026-06-07T11:30:00Z,2026-06-07T13:30:00+0200,42565.73356,MW,DE,DE_LU,actual_load,Actual Load,2026-06-23T17:24:51Z
2026-06-23T17:23:48Z,2026-06-23T19:23:48+0200,c51852f0-2285-49e0-9c34-cd4ce69db778,2026-06-07T11:45:00Z,2026-06-07T13:45:00+0200,42417.03143,MW,DE,DE_LU,actual_load,Actual Load,2026-06-23T17:24:51Z
2026-06-23T17:23:48Z,2026-06-23T19:23:48+0200,c51852f0-2285-49e0-9c34-cd4ce69db778,2026-06-07T12:00:00Z,2026-06-07T14:00:00+0200,42431.60201,MW,DE,DE_LU,actual_load,Actual Load,2026-06-23T17:24:51Z
2026-06-23T17:23:48Z,2026-06-23T19:23:48+0200,c51852f0-2285-49e0-9c34-cd4ce69db778,2026-06-07T12:15:00Z,2026-06-07T14:15:00+0200,41927.50217,MW,DE,DE_LU,actual_load,Actual Load,2026-06-23T17:24:51Z
2026-06-23T17:23:48Z,2026-06-23T19:23:48+0200,c51852f0-2285-49e0-9c34-cd4ce69db778,2026-06-07T12:30:00Z,2026-06-07T14:30:00+0200,41538.31176,MW,DE,DE_LU,actual_load,Actual Load,2026-06-23T17:24:51Z
2026-06-23T17:23:48Z,2026-06-23T19:23:48+0200,c51852f0-2285-49e0-9c34-cd4ce69db778,2026-06-07T12:45:00Z,2026-06-07T14:45:00+0200,41366.96246,MW,DE,DE_LU,actual_load,Actual Load,2026-06-23T17:24:51Z
2026-06-23T17:23:48Z,2026-06-23T19:23:48+0200,c51852f0-2285-49e0-9c34-cd4ce69db778,2026-06-07T13:00:00Z,2026-06-07T15:00:00+0200,41818.67793,MW,DE,DE_LU,actual_load,Actual Load,2026-06-23T17:24:51Z
2026-06-23T17:23:48Z,2026-06-23T19:23:48+0200,c51852f0-2285-49e0-9c34-cd4ce69db778,2026-06-07T13:15:00Z,2026-06-07T15:15:00+0200,41112.09508,MW,DE,DE_LU,actual_load,Actual Load,2026-06-23T17:24:51Z
2026-06-23T17:23:48Z,2026-06-23T19:23:48+0200,c51852f0-2285-49e0-9c34-cd4ce69db778,2026-06-07T13:30:00Z,2026-06-07T15:30:00+0200,40879.94668,MW,DE,DE_LU,actual_load,Actual Load,2026-06-23T17:24:51Z
2026-06-23T17:23:48Z,2026-06-23T19:23:48+0200,c51852f0-2285-49e0-9c34-cd4ce69db778,2026-06-07T13:45:00Z,2026-06-07T15:45:00+0200,40334.95638,MW,DE,DE_LU,actual_load,Actual Load,2026-06-23T17:24:51Z
2026-06-23T17:23:48Z,2026-06-23T19:23:48+0200,c51852f0-2285-49e0-9c34-cd4ce69db778,2026-06-07T14:00:00Z,2026-06-07T16:00:00+0200,41048.39931,MW,DE,DE_LU,actual_load,Actual Load,2026-06-23T17:24:51Z
2026-06-23T17:23:48Z,2026-06-23T19:23:48+0200,c51852f0-2285-49e0-9c34-cd4ce69db778,2026-06-07T14:15:00Z,2026-06-07T16:15:00+0200,41350.04051,MW,DE,DE_LU,actual_load,Actual Load,2026-06-23T17:24:51Z
2026-06-23T17:23:48Z,2026-06-23T19:23:48+0200,c51852f0-2285-49e0-9c34-cd4ce69db778,2026-06-07T14:30:00Z,2026-06-07T16:30:00+0200,40414.03929,MW,DE,DE_LU,actual_load,Actual Load,2026-06-23T17:24:51Z
2026-06-23T17:23:48Z,2026-06-23T19:23:48+0200,c51852f0-2285-49e0-9c34-cd4ce69db778,2026-06-07T14:45:00Z,2026-06-07T16:45:00+0200,40801.96565,MW,DE,DE_LU,actual_load,Actual Load,2026-06-23T17:24:51Z
2026-06-23T17:23:48Z,2026-06-23T19:23:48+0200,c51852f0-2285-49e0-9c34-cd4ce69db778,2026-06-07T15:00:00Z,2026-06-07T17:00:00+0200,41451.3061,MW,DE,DE_LU,actual_load,Actual Load,2026-06-23T17:24:51Z
2026-06-23T17:23:48Z,2026-06-23T19:23:48+0200,c51852f0-2285-49e0-9c34-cd4ce69db778,2026-06-07T15:15:00Z,2026-06-07T17:15:00+0200,41473.90955,MW,DE,DE_LU,actual_load,Actual Load,2026-06-23T17:24:51Z
2026-06-23T17:23:48Z,2026-06-23T19:23:48+0200,c51852f0-2285-49e0-9c34-cd4ce69db778,2026-06-07T15:30:00Z,2026-06-07T17:30:00+0200,41622.95873,MW,DE,DE_LU,actual_load,Actual Load,2026-06-23T17:24:51Z
2026-06-23T17:23:48Z,2026-06-23T19:23:48+0200,c51852f0-2285-49e0-9c34-cd4ce69db778,2026-06-07T15:45:00Z,2026-06-07T17:45:00+0200,42365.12293,MW,DE,DE_LU,actual_load,Actual Load,2026-06-23T17:24:51Z
2026-06-23T17:23:48Z,2026-06-23T19:23:48+0200,c51852f0-2285-49e0-9c34-cd4ce69db778,2026-06-07T16:00:00Z,2026-06-07T18:00:00+0200,43349.49459,MW,DE,DE_LU,actual_load,Actual Load,2026-06-23T17:24:51Z
2026-06-23T17:23:48Z,2026-06-23T19:23:48+0200,c51852f0-2285-49e0-9c34-cd4ce69db778,2026-06-07T16:15:00Z,2026-06-07T18:15:00+0200,44439.05689,MW,DE,DE_LU,actual_load,Actual Load,2026-06-23T17:24:51Z
2026-06-23T17:23:48Z,2026-06-23T19:23:48+0200,c51852f0-2285-49e0-9c34-cd4ce69db778,2026-06-07T16:30:00Z,2026-06-07T18:30:00+0200,44499.14972,MW,DE,DE_LU,actual_load,Actual Load,2026-06-23T17:24:51Z
2026-06-23T17:23:48Z,2026-06-23T19:23:48+0200,c51852f0-2285-49e0-9c34-cd4ce69db778,2026-06-07T16:45:00Z,2026-06-07T18:45:00+0200,44826.6286,MW,DE,DE_LU,actual_load,Actual Load,2026-06-23T17:24:51Z
2026-06-23T17:23:48Z,2026-06-23T19:23:48+0200,c51852f0-2285-49e0-9c34-cd4ce69db778,2026-06-07T17:00:00Z,2026-06-07T19:00:00+0200,45957.15842,MW,DE,DE_LU,actual_load,Actual Load,2026-06-23T17:24:51Z
2026-06-23T17:23:48Z,2026-06-23T19:23:48+0200,c51852f0-2285-49e0-9c34-cd4ce69db778,2026-06-07T17:15:00Z,2026-06-07T19:15:00+0200,46184.15359,MW,DE,DE_LU,actual_load,Actual Load,2026-06-23T17:24:51Z
2026-06-23T17:23:48Z,2026-06-23T19:23:48+0200,c51852f0-2285-49e0-9c34-cd4ce69db778,2026-06-07T17:30:00Z,2026-06-07T19:30:00+0200,46176.88957,MW,DE,DE_LU,actual_load,Actual Load,2026-06-23T17:24:51Z
2026-06-23T17:23:48Z,2026-06-23T19:23:48+0200,c51852f0-2285-49e0-9c34-cd4ce69db778,2026-06-07T17:45:00Z,2026-06-07T19:45:00+0200,46661.01889,MW,DE,DE_LU,actual_load,Actual Load,2026-06-23T17:24:51Z
2026-06-23T17:23:48Z,2026-06-23T19:23:48+0200,c51852f0-2285-49e0-9c34-cd4ce69db778,2026-06-07T18:00:00Z,2026-06-07T20:00:00+0200,47045.10166,MW,DE,DE_LU,actual_load,Actual Load,2026-06-23T17:24:51Z
2026-06-23T17:23:48Z,2026-06-23T19:23:48+0200,c51852f0-2285-49e0-9c34-cd4ce69db778,2026-06-07T18:15:00Z,2026-06-07T20:15:00+0200,46440.64694,MW,DE,DE_LU,actual_load,Actual Load,2026-06-23T17:24:51Z
2026-06-23T17:23:48Z,2026-06-23T19:23:48+0200,c51852f0-2285-49e0-9c34-cd4ce69db778,2026-06-07T18:30:00Z,2026-06-07T20:30:00+0200,46475.40276,MW,DE,DE_LU,actual_load,Actual Load,2026-06-23T17:24:51Z
2026-06-23T17:23:48Z,2026-06-23T19:23:48+0200,c51852f0-2285-49e0-9c34-cd4ce69db778,2026-06-07T18:45:00Z,2026-06-07T20:45:00+0200,46596.01148,MW,DE,DE_LU,actual_load,Actual Load,2026-06-23T17:24:51Z
2026-06-23T17:23:48Z,2026-06-23T19:23:48+0200,c51852f0-2285-49e0-9c34-cd4ce69db778,2026-06-07T19:00:00Z,2026-06-07T21:00:00+0200,46930.35783,MW,DE,DE_LU,actual_load,Actual Load,2026-06-23T17:24:51Z
2026-06-23T17:23:48Z,2026-06-23T19:23:48+0200,c51852f0-2285-49e0-9c34-cd4ce69db778,2026-06-07T19:15:00Z,2026-06-07T21:15:00+0200,46713.50802,MW,DE,DE_LU,actual_load,Actual Load,2026-06-23T17:24:51Z
2026-06-23T17:23:48Z,2026-06-23T19:23:48+0200,c51852f0-2285-49e0-9c34-cd4ce69db778,2026-06-07T19:30:00Z,2026-06-07T21:30:00+0200,46744.73377,MW,DE,DE_LU,actual_load,Actual Load,2026-06-23T17:24:51Z
2026-06-23T17:23:48Z,2026-06-23T19:23:48+0200,c51852f0-2285-49e0-9c34-cd4ce69db778,2026-06-07T19:45:00Z,2026-06-07T21:45:00+0200,47226.85542,MW,DE,DE_LU,actual_load,Actual Load,2026-06-23T17:24:51Z
2026-06-23T17:23:48Z,2026-06-23T19:23:48+0200,c51852f0-2285-49e0-9c34-cd4ce69db778,2026-06-07T20:00:00Z,2026-06-07T22:00:00+0200,46799.80408,MW,DE,DE_LU,actual_load,Actual Load,2026-06-23T17:24:51Z
2026-06-23T17:23:48Z,2026-06-23T19:23:48+0200,c51852f0-2285-49e0-9c34-cd4ce69db778,2026-06-07T20:15:00Z,2026-06-07T22:15:00+0200,46582.0776,MW,DE,DE_LU,actual_load,Actual Load,2026-06-23T17:24:51Z
2026-06-23T17:23:48Z,2026-06-23T19:23:48+0200,c51852f0-2285-49e0-9c34-cd4ce69db778,2026-06-07T20:30:00Z,2026-06-07T22:30:00+0200,46121.34087,MW,DE,DE_LU,actual_load,Actual Load,2026-06-23T17:24:51Z
2026-06-23T17:23:48Z,2026-06-23T19:23:48+0200,c51852f0-2285-49e0-9c34-cd4ce69db778,2026-06-07T20:45:00Z,2026-06-07T22:45:00+0200,45279.2591,MW,DE,DE_LU,actual_load,Actual Load,2026-06-23T17:24:51Z
2026-06-23T17:23:48Z,2026-06-23T19:23:48+0200,c51852f0-2285-49e0-9c34-cd4ce69db778,2026-06-07T21:00:00Z,2026-06-07T23:00:00+0200,44575.41405,MW,DE,DE_LU,actual_load,Actual Load,2026-06-23T17:24:51Z
2026-06-23T17:23:48Z,2026-06-23T19:23:48+0200,c51852f0-2285-49e0-9c34-cd4ce69db778,2026-06-07T21:15:00Z,2026-06-07T23:15:00+0200,44167.63578,MW,DE,DE_LU,actual_load,Actual Load,2026-06-23T17:24:51Z
2026-06-23T17:23:48Z,2026-06-23T19:23:48+0200,c51852f0-2285-49e0-9c34-cd4ce69db778,2026-06-07T21:30:00Z,2026-06-07T23:30:00+0200,43679.64776,MW,DE,DE_LU,actual_load,Actual Load,2026-06-23T17:24:51Z
2026-06-23T17:23:48Z,2026-06-23T19:23:48+0200,c51852f0-2285-49e0-9c34-cd4ce69db778,2026-06-07T21:45:00Z,2026-06-07T23:45:00+0200,43252.4151,MW,DE,DE_LU,actual_load,Actual Load,2026-06-23T17:24:51Z
2026-06-23T17:23:48Z,2026-06-23T19:23:48+0200,c51852f0-2285-49e0-9c34-cd4ce69db778,2026-06-07T22:00:00Z,2026-06-08T00:00:00+0200,43079.92767,MW,DE,DE_LU,actual_load,Actual Load,2026-06-23T17:24:51Z
2026-06-23T17:23:48Z,2026-06-23T19:23:48+0200,c51852f0-2285-49e0-9c34-cd4ce69db778,2026-06-07T22:15:00Z,2026-06-08T00:15:00+0200,43595.15322,MW,DE,DE_LU,actual_load,Actual Load,2026-06-23T17:24:51Z
2026-06-23T17:23:48Z,2026-06-23T19:23:48+0200,c51852f0-2285-49e0-9c34-cd4ce69db778,2026-06-07T22:30:00Z,2026-06-08T00:30:00+0200,43422.05444,MW,DE,DE_LU,actual_load,Actual Load,2026-06-23T17:24:51Z
2026-06-23T17:23:48Z,2026-06-23T19:23:48+0200,c51852f0-2285-49e0-9c34-cd4ce69db778,2026-06-07T22:45:00Z,2026-06-08T00:45:00+0200,43096.52797,MW,DE,DE_LU,actual_load,Actual Load,2026-06-23T17:24:51Z
2026-06-23T17:23:48Z,2026-06-23T19:23:48+0200,c51852f0-2285-49e0-9c34-cd4ce69db778,2026-06-07T23:00:00Z,2026-06-08T01:00:00+0200,42797.98568,MW,DE,DE_LU,actual_load,Actual Load,2026-06-23T17:24:51Z
2026-06-23T17:23:48Z,2026-06-23T19:23:48+0200,c51852f0-2285-49e0-9c34-cd4ce69db778,2026-06-07T23:15:00Z,2026-06-08T01:15:00+0200,42398.77139,MW,DE,DE_LU,actual_load,Actual Load,2026-06-23T17:24:51Z
2026-06-23T17:23:48Z,2026-06-23T19:23:48+0200,c51852f0-2285-49e0-9c34-cd4ce69db778,2026-06-07T23:30:00Z,2026-06-08T01:30:00+0200,42184.62425,MW,DE,DE_LU,actual_load,Actual Load,2026-06-23T17:24:51Z
2026-06-23T17:23:48Z,2026-06-23T19:23:48+0200,c51852f0-2285-49e0-9c34-cd4ce69db778,2026-06-07T23:45:00Z,2026-06-08T01:45:00+0200,42082.14969,MW,DE,DE_LU,actual_load,Actual Load,2026-06-23T17:24:51Z
2026-06-23T17:23:48Z,2026-06-23T19:23:48+0200,c51852f0-2285-49e0-9c34-cd4ce69db778,2026-06-08T00:00:00Z,2026-06-08T02:00:00+0200,41635.32002,MW,DE,DE_LU,actual_load,Actual Load,2026-06-23T17:24:51Z
2026-06-23T17:23:48Z,2026-06-23T19:23:48+0200,c51852f0-2285-49e0-9c34-cd4ce69db778,2026-06-08T00:15:00Z,2026-06-08T02:15:00+0200,41525.5507,MW,DE,DE_LU,actual_load,Actual Load,2026-06-23T17:24:51Z
2026-06-23T17:23:48Z,2026-06-23T19:23:48+0200,c51852f0-2285-49e0-9c34-cd4ce69db778,2026-06-08T00:30:00Z,2026-06-08T02:30:00+0200,41562.49371,MW,DE,DE_LU,actual_load,Actual Load,2026-06-23T17:24:51Z
2026-06-23T17:23:48Z,2026-06-23T19:23:48+0200,c51852f0-2285-49e0-9c34-cd4ce69db778,2026-06-08T00:45:00Z,2026-06-08T02:45:00+0200,41770.12634,MW,DE,DE_LU,actual_load,Actual Load,2026-06-23T17:24:51Z
2026-06-23T17:23:48Z,2026-06-23T19:23:48+0200,c51852f0-2285-49e0-9c34-cd4ce69db778,2026-06-08T01:00:00Z,2026-06-08T03:00:00+0200,41637.64315,MW,DE,DE_LU,actual_load,Actual Load,2026-06-23T17:24:51Z
2026-06-23T17:23:48Z,2026-06-23T19:23:48+0200,c51852f0-2285-49e0-9c34-cd4ce69db778,2026-06-08T01:15:00Z,2026-06-08T03:15:00+0200,41674.38735,MW,DE,DE_LU,actual_load,Actual Load,2026-06-23T17:24:51Z
2026-06-23T17:23:48Z,2026-06-23T19:23:48+0200,c51852f0-2285-49e0-9c34-cd4ce69db778,2026-06-08T01:30:00Z,2026-06-08T03:30:00+0200,41671.68254,MW,DE,DE_LU,actual_load,Actual Load,2026-06-23T17:24:51Z
2026-06-23T17:23:48Z,2026-06-23T19:23:48+0200,c51852f0-2285-49e0-9c34-cd4ce69db778,2026-06-08T01:45:00Z,2026-06-08T03:45:00+0200,41962.08599,MW,DE,DE_LU,actual_load,Actual Load,2026-06-23T17:24:51Z
2026-06-23T17:23:48Z,2026-06-23T19:23:48+0200,c51852f0-2285-49e0-9c34-cd4ce69db778,2026-06-08T02:00:00Z,2026-06-08T04:00:00+0200,42223.29944,MW,DE,DE_LU,actual_load,Actual Load,2026-06-23T17:24:51Z
2026-06-23T17:23:48Z,2026-06-23T19:23:48+0200,c51852f0-2285-49e0-9c34-cd4ce69db778,2026-06-08T02:15:00Z,2026-06-08T04:15:00+0200,42412.85006,MW,DE,DE_LU,actual_load,Actual Load,2026-06-23T17:24:51Z
2026-06-23T17:23:48Z,2026-06-23T19:23:48+0200,c51852f0-2285-49e0-9c34-cd4ce69db778,2026-06-08T02:30:00Z,2026-06-08T04:30:00+0200,42928.13978,MW,DE,DE_LU,actual_load,Actual Load,2026-06-23T17:24:51Z
2026-06-23T17:23:48Z,2026-06-23T19:23:48+0200,c51852f0-2285-49e0-9c34-cd4ce69db778,2026-06-08T02:45:00Z,2026-06-08T04:45:00+0200,43259.5718,MW,DE,DE_LU,actual_load,Actual Load,2026-06-23T17:24:51Z
2026-06-23T17:23:48Z,2026-06-23T19:23:48+0200,c51852f0-2285-49e0-9c34-cd4ce69db778,2026-06-08T03:00:00Z,2026-06-08T05:00:00+0200,43939.65787,MW,DE,DE_LU,actual_load,Actual Load,2026-06-23T17:24:51Z
2026-06-23T17:23:48Z,2026-06-23T19:23:48+0200,c51852f0-2285-49e0-9c34-cd4ce69db778,2026-06-08T03:15:00Z,2026-06-08T05:15:00+0200,44034.61014,MW,DE,DE_LU,actual_load,Actual Load,2026-06-23T17:24:51Z
2026-06-23T17:23:48Z,2026-06-23T19:23:48+0200,c51852f0-2285-49e0-9c34-cd4ce69db778,2026-06-08T03:30:00Z,2026-06-08T05:30:00+0200,45486.76022,MW,DE,DE_LU,actual_load,Actual Load,2026-06-23T17:24:51Z
2026-06-23T17:23:48Z,2026-06-23T19:23:48+0200,c51852f0-2285-49e0-9c34-cd4ce69db778,2026-06-08T03:45:00Z,2026-06-08T05:45:00+0200,47262.65767,MW,DE,DE_LU,actual_load,Actual Load,2026-06-23T17:24:51Z
2026-06-23T17:23:48Z,2026-06-23T19:23:48+0200,c51852f0-2285-49e0-9c34-cd4ce69db778,2026-06-08T04:00:00Z,2026-06-08T06:00:00+0200,49634.39577,MW,DE,DE_LU,actual_load,Actual Load,2026-06-23T17:24:51Z
2026-06-23T17:23:48Z,2026-06-23T19:23:48+0200,c51852f0-2285-49e0-9c34-cd4ce69db778,2026-06-08T04:15:00Z,2026-06-08T06:15:00+0200,51880.10705,MW,DE,DE_LU,actual_load,Actual Load,2026-06-23T17:24:51Z
2026-06-23T17:23:48Z,2026-06-23T19:23:48+0200,c51852f0-2285-49e0-9c34-cd4ce69db778,2026-06-08T04:30:00Z,2026-06-08T06:30:00+0200,53089.21439,MW,DE,DE_LU,actual_load,Actual Load,2026-06-23T17:24:51Z
2026-06-23T17:23:48Z,2026-06-23T19:23:48+0200,c51852f0-2285-49e0-9c34-cd4ce69db778,2026-06-08T04:45:00Z,2026-06-08T06:45:00+0200,54107.10287,MW,DE,DE_LU,actual_load,Actual Load,2026-06-23T17:24:51Z
2026-06-23T17:23:48Z,2026-06-23T19:23:48+0200,c51852f0-2285-49e0-9c34-cd4ce69db778,2026-06-08T05:00:00Z,2026-06-08T07:00:00+0200,54200.38177,MW,DE,DE_LU,actual_load,Actual Load,2026-06-23T17:24:51Z
2026-06-23T17:23:48Z,2026-06-23T19:23:48+0200,c51852f0-2285-49e0-9c34-cd4ce69db778,2026-06-08T05:15:00Z,2026-06-08T07:15:00+0200,55428.98447,MW,DE,DE_LU,actual_load,Actual Load,2026-06-23T17:24:51Z
2026-06-23T17:23:48Z,2026-06-23T19:23:48+0200,c51852f0-2285-49e0-9c34-cd4ce69db778,2026-06-08T05:30:00Z,2026-06-08T07:30:00+0200,56684.8287,MW,DE,DE_LU,actual_load,Actual Load,2026-06-23T17:24:51Z
2026-06-23T17:23:48Z,2026-06-23T19:23:48+0200,c51852f0-2285-49e0-9c34-cd4ce69db778,2026-06-08T05:45:00Z,2026-06-08T07:45:00+0200,57573.89143,MW,DE,DE_LU,actual_load,Actual Load,2026-06-23T17:24:51Z
2026-06-23T17:23:48Z,2026-06-23T19:23:48+0200,c51852f0-2285-49e0-9c34-cd4ce69db778,2026-06-08T06:00:00Z,2026-06-08T08:00:00+0200,57929.4528,MW,DE,DE_LU,actual_load,Actual Load,2026-06-23T17:24:51Z
2026-06-23T17:23:48Z,2026-06-23T19:23:48+0200,c51852f0-2285-49e0-9c34-cd4ce69db778,2026-06-08T06:15:00Z,2026-06-08T08:15:00+0200,58305.80192,MW,DE,DE_LU,actual_load,Actual Load,2026-06-23T17:24:51Z
2026-06-23T17:23:48Z,2026-06-23T19:23:48+0200,c51852f0-2285-49e0-9c34-cd4ce69db778,2026-06-08T06:30:00Z,2026-06-08T08:30:00+0200,59566.82985,MW,DE,DE_LU,actual_load,Actual Load,2026-06-23T17:24:51Z
2026-06-23T17:23:48Z,2026-06-23T19:23:48+0200,c51852f0-2285-49e0-9c34-cd4ce69db778,2026-06-08T06:45:00Z,2026-06-08T08:45:00+0200,59098.96521,MW,DE,DE_LU,actual_load,Actual Load,2026-06-23T17:24:51Z
2026-06-23T17:23:48Z,2026-06-23T19:23:48+0200,c51852f0-2285-49e0-9c34-cd4ce69db778,2026-06-08T07:00:00Z,2026-06-08T09:00:00+0200,58088.28404,MW,DE,DE_LU,actual_load,Actual Load,2026-06-23T17:24:51Z
2026-06-23T17:23:48Z,2026-06-23T19:23:48+0200,c51852f0-2285-49e0-9c34-cd4ce69db778,2026-06-08T07:15:00Z,2026-06-08T09:15:00+0200,57893.2251,MW,DE,DE_LU,actual_load,Actual Load,2026-06-23T17:24:51Z
2026-06-23T17:23:48Z,2026-06-23T19:23:48+0200,c51852f0-2285-49e0-9c34-cd4ce69db778,2026-06-08T07:30:00Z,2026-06-08T09:30:00+0200,57239.14287,MW,DE,DE_LU,actual_load,Actual Load,2026-06-23T17:24:51Z
2026-06-23T17:23:48Z,2026-06-23T19:23:48+0200,c51852f0-2285-49e0-9c34-cd4ce69db778,2026-06-08T07:45:00Z,2026-06-08T09:45:00+0200,57779.34735,MW,DE,DE_LU,actual_load,Actual Load,2026-06-23T17:24:51Z
2026-06-23T17:23:48Z,2026-06-23T19:23:48+0200,c51852f0-2285-49e0-9c34-cd4ce69db778,2026-06-08T08:00:00Z,2026-06-08T10:00:00+0200,57360.1066,MW,DE,DE_LU,actual_load,Actual Load,2026-06-23T17:24:51Z
2026-06-23T17:23:48Z,2026-06-23T19:23:48+0200,c51852f0-2285-49e0-9c34-cd4ce69db778,2026-06-08T08:15:00Z,2026-06-08T10:15:00+0200,57207.92452,MW,DE,DE_LU,actual_load,Actual Load,2026-06-23T17:24:51Z
2026-06-23T17:23:48Z,2026-06-23T19:23:48+0200,c51852f0-2285-49e0-9c34-cd4ce69db778,2026-06-08T08:30:00Z,2026-06-08T10:30:00+0200,58006.41673,MW,DE,DE_LU,actual_load,Actual Load,2026-06-23T17:24:51Z
2026-06-23T17:23:48Z,2026-06-23T19:23:48+0200,c51852f0-2285-49e0-9c34-cd4ce69db778,2026-06-08T08:45:00Z,2026-06-08T10:45:00+0200,58541.92899,MW,DE,DE_LU,actual_load,Actual Load,2026-06-23T17:24:51Z
2026-06-23T17:23:48Z,2026-06-23T19:23:48+0200,c51852f0-2285-49e0-9c34-cd4ce69db778,2026-06-08T09:00:00Z,2026-06-08T11:00:00+0200,56770.63459,MW,DE,DE_LU,actual_load,Actual Load,2026-06-23T17:24:51Z
2026-06-23T17:23:48Z,2026-06-23T19:23:48+0200,c51852f0-2285-49e0-9c34-cd4ce69db778,2026-06-08T09:15:00Z,2026-06-08T11:15:00+0200,56652.95208,MW,DE,DE_LU,actual_load,Actual Load,2026-06-23T17:24:51Z
2026-06-23T17:23:48Z,2026-06-23T19:23:48+0200,c51852f0-2285-49e0-9c34-cd4ce69db778,2026-06-08T09:30:00Z,2026-06-08T11:30:00+0200,58220.64048,MW,DE,DE_LU,actual_load,Actual Load,2026-06-23T17:24:51Z
2026-06-23T17:23:48Z,2026-06-23T19:23:48+0200,c51852f0-2285-49e0-9c34-cd4ce69db778,2026-06-08T09:45:00Z,2026-06-08T11:45:00+0200,58713.28536,MW,DE,DE_LU,actual_load,Actual Load,2026-06-23T17:24:51Z
2026-06-23T17:23:48Z,2026-06-23T19:23:48+0200,c51852f0-2285-49e0-9c34-cd4ce69db778,2026-06-08T10:00:00Z,2026-06-08T12:00:00+0200,55543.58123,MW,DE,DE_LU,actual_load,Actual Load,2026-06-23T17:24:51Z
2026-06-23T17:23:48Z,2026-06-23T19:23:48+0200,c51852f0-2285-49e0-9c34-cd4ce69db778,2026-06-08T10:15:00Z,2026-06-08T12:15:00+0200,55565.81314,MW,DE,DE_LU,actual_load,Actual Load,2026-06-23T17:24:51Z
2026-06-23T17:23:48Z,2026-06-23T19:23:48+0200,c51852f0-2285-49e0-9c34-cd4ce69db778,2026-06-08T10:30:00Z,2026-06-08T12:30:00+0200,57173.38563,MW,DE,DE_LU,actual_load,Actual Load,2026-06-23T17:24:51Z
2026-06-23T17:23:48Z,2026-06-23T19:23:48+0200,c51852f0-2285-49e0-9c34-cd4ce69db778,2026-06-08T10:45:00Z,2026-06-08T12:45:00+0200,56802.96102,MW,DE,DE_LU,actual_load,Actual Load,2026-06-23T17:24:51Z
2026-06-23T17:23:48Z,2026-06-23T19:23:48+0200,c51852f0-2285-49e0-9c34-cd4ce69db778,2026-06-08T11:00:00Z,2026-06-08T13:00:00+0200,57650.58695,MW,DE,DE_LU,actual_load,Actual Load,2026-06-23T17:24:51Z
2026-06-23T17:23:48Z,2026-06-23T19:23:48+0200,c51852f0-2285-49e0-9c34-cd4ce69db778,2026-06-08T11:15:00Z,2026-06-08T13:15:00+0200,57983.81931,MW,DE,DE_LU,actual_load,Actual Load,2026-06-23T17:24:51Z
2026-06-23T17:23:48Z,2026-06-23T19:23:48+0200,c51852f0-2285-49e0-9c34-cd4ce69db778,2026-06-08T11:30:00Z,2026-06-08T13:30:00+0200,57220.81401,MW,DE,DE_LU,actual_load,Actual Load,2026-06-23T17:24:51Z
2026-06-23T17:23:48Z,2026-06-23T19:23:48+0200,c51852f0-2285-49e0-9c34-cd4ce69db778,2026-06-08T11:45:00Z,2026-06-08T13:45:00+0200,56256.92754,MW,DE,DE_LU,actual_load,Actual Load,2026-06-23T17:24:51Z
2026-06-23T17:23:48Z,2026-06-23T19:23:48+0200,c51852f0-2285-49e0-9c34-cd4ce69db778,2026-06-08T12:00:00Z,2026-06-08T14:00:00+0200,56153.72022,MW,DE,DE_LU,actual_load,Actual Load,2026-06-23T17:24:51Z
2026-06-23T17:23:48Z,2026-06-23T19:23:48+0200,c51852f0-2285-49e0-9c34-cd4ce69db778,2026-06-08T12:15:00Z,2026-06-08T14:15:00+0200,57106.97986,MW,DE,DE_LU,actual_load,Actual Load,2026-06-23T17:24:51Z
2026-06-23T17:23:48Z,2026-06-23T19:23:48+0200,c51852f0-2285-49e0-9c34-cd4ce69db778,2026-06-08T12:30:00Z,2026-06-08T14:30:00+0200,56568.20891,MW,DE,DE_LU,actual_load,Actual Load,2026-06-23T17:24:51Z
2026-06-23T17:23:48Z,2026-06-23T19:23:48+0200,c51852f0-2285-49e0-9c34-cd4ce69db778,2026-06-08T12:45:00Z,2026-06-08T14:45:00+0200,56807.30951,MW,DE,DE_LU,actual_load,Actual Load,2026-06-23T17:24:51Z
2026-06-23T17:23:48Z,2026-06-23T19:23:48+0200,c51852f0-2285-49e0-9c34-cd4ce69db778,2026-06-08T13:00:00Z,2026-06-08T15:00:00+0200,57371.51156,MW,DE,DE_LU,actual_load,Actual Load,2026-06-23T17:24:51Z
2026-06-23T17:23:48Z,2026-06-23T19:23:48+0200,c51852f0-2285-49e0-9c34-cd4ce69db778,2026-06-08T13:15:00Z,2026-06-08T15:15:00+0200,57229.04903,MW,DE,DE_LU,actual_load,Actual Load,2026-06-23T17:24:51Z
2026-06-23T17:23:48Z,2026-06-23T19:23:48+0200,c51852f0-2285-49e0-9c34-cd4ce69db778,2026-06-08T13:30:00Z,2026-06-08T15:30:00+0200,56955.70878,MW,DE,DE_LU,actual_load,Actual Load,2026-06-23T17:24:51Z
2026-06-23T17:23:48Z,2026-06-23T19:23:48+0200,c51852f0-2285-49e0-9c34-cd4ce69db778,2026-06-08T13:45:00Z,2026-06-08T15:45:00+0200,56499.74111,MW,DE,DE_LU,actual_load,Actual Load,2026-06-23T17:24:51Z
2026-06-23T17:23:48Z,2026-06-23T19:23:48+0200,c51852f0-2285-49e0-9c34-cd4ce69db778,2026-06-08T14:00:00Z,2026-06-08T16:00:00+0200,57157.0303,MW,DE,DE_LU,actual_load,Actual Load,2026-06-23T17:24:51Z
2026-06-23T17:23:48Z,2026-06-23T19:23:48+0200,c51852f0-2285-49e0-9c34-cd4ce69db778,2026-06-08T14:15:00Z,2026-06-08T16:15:00+0200,56642.45045,MW,DE,DE_LU,actual_load,Actual Load,2026-06-23T17:24:51Z
2026-06-23T17:23:48Z,2026-06-23T19:23:48+0200,c51852f0-2285-49e0-9c34-cd4ce69db778,2026-06-08T14:30:00Z,2026-06-08T16:30:00+0200,56582.26577,MW,DE,DE_LU,actual_load,Actual Load,2026-06-23T17:24:51Z
2026-06-23T17:23:48Z,2026-06-23T19:23:48+0200,c51852f0-2285-49e0-9c34-cd4ce69db778,2026-06-08T14:45:00Z,2026-06-08T16:45:00+0200,56425.93531,MW,DE,DE_LU,actual_load,Actual Load,2026-06-23T17:24:51Z
2026-06-23T17:23:48Z,2026-06-23T19:23:48+0200,c51852f0-2285-49e0-9c34-cd4ce69db778,2026-06-08T15:00:00Z,2026-06-08T17:00:00+0200,55986.30892,MW,DE,DE_LU,actual_load,Actual Load,2026-06-23T17:24:51Z
2026-06-23T17:23:48Z,2026-06-23T19:23:48+0200,c51852f0-2285-49e0-9c34-cd4ce69db778,2026-06-08T15:15:00Z,2026-06-08T17:15:00+0200,56161.40011,MW,DE,DE_LU,actual_load,Actual Load,2026-06-23T17:24:51Z
2026-06-23T17:23:48Z,2026-06-23T19:23:48+0200,c51852f0-2285-49e0-9c34-cd4ce69db778,2026-06-08T15:30:00Z,2026-06-08T17:30:00+0200,56883.87746,MW,DE,DE_LU,actual_load,Actual Load,2026-06-23T17:24:51Z
2026-06-23T17:23:48Z,2026-06-23T19:23:48+0200,c51852f0-2285-49e0-9c34-cd4ce69db778,2026-06-08T15:45:00Z,2026-06-08T17:45:00+0200,56980.0593,MW,DE,DE_LU,actual_load,Actual Load,2026-06-23T17:24:51Z
2026-06-23T17:23:48Z,2026-06-23T19:23:48+0200,c51852f0-2285-49e0-9c34-cd4ce69db778,2026-06-08T16:00:00Z,2026-06-08T18:00:00+0200,56864.03307,MW,DE,DE_LU,actual_load,Actual Load,2026-06-23T17:24:51Z
2026-06-23T17:23:48Z,2026-06-23T19:23:48+0200,c51852f0-2285-49e0-9c34-cd4ce69db778,2026-06-08T16:15:00Z,2026-06-08T18:15:00+0200,56832.25781,MW,DE,DE_LU,actual_load,Actual Load,2026-06-23T17:24:51Z
2026-06-23T17:23:48Z,2026-06-23T19:23:48+0200,c51852f0-2285-49e0-9c34-cd4ce69db778,2026-06-08T16:30:00Z,2026-06-08T18:30:00+0200,57355.61611,MW,DE,DE_LU,actual_load,Actual Load,2026-06-23T17:24:51Z
2026-06-23T17:23:48Z,2026-06-23T19:23:48+0200,c51852f0-2285-49e0-9c34-cd4ce69db778,2026-06-08T16:45:00Z,2026-06-08T18:45:00+0200,57631.75612,MW,DE,DE_LU,actual_load,Actual Load,2026-06-23T17:24:51Z
2026-06-23T17:23:48Z,2026-06-23T19:23:48+0200,c51852f0-2285-49e0-9c34-cd4ce69db778,2026-06-08T17:00:00Z,2026-06-08T19:00:00+0200,57994.05071,MW,DE,DE_LU,actual_load,Actual Load,2026-06-23T17:24:51Z
2026-06-23T17:23:48Z,2026-06-23T19:23:48+0200,c51852f0-2285-49e0-9c34-cd4ce69db778,2026-06-08T17:15:00Z,2026-06-08T19:15:00+0200,57557.75057,MW,DE,DE_LU,actual_load,Actual Load,2026-06-23T17:24:51Z
2026-06-23T17:23:48Z,2026-06-23T19:23:48+0200,c51852f0-2285-49e0-9c34-cd4ce69db778,2026-06-08T17:30:00Z,2026-06-08T19:30:00+0200,57387.5444,MW,DE,DE_LU,actual_load,Actual Load,2026-06-23T17:24:51Z
2026-06-23T17:23:48Z,2026-06-23T19:23:48+0200,c51852f0-2285-49e0-9c34-cd4ce69db778,2026-06-08T17:45:00Z,2026-06-08T19:45:00+0200,57269.28512,MW,DE,DE_LU,actual_load,Actual Load,2026-06-23T17:24:51Z
2026-06-23T17:23:48Z,2026-06-23T19:23:48+0200,c51852f0-2285-49e0-9c34-cd4ce69db778,2026-06-08T18:00:00Z,2026-06-08T20:00:00+0200,56882.05621,MW,DE,DE_LU,actual_load,Actual Load,2026-06-23T17:24:51Z
2026-06-23T17:23:48Z,2026-06-23T19:23:48+0200,c51852f0-2285-49e0-9c34-cd4ce69db778,2026-06-08T18:15:00Z,2026-06-08T20:15:00+0200,56019.26814,MW,DE,DE_LU,actual_load,Actual Load,2026-06-23T17:24:51Z
2026-06-23T17:23:48Z,2026-06-23T19:23:48+0200,c51852f0-2285-49e0-9c34-cd4ce69db778,2026-06-08T18:30:00Z,2026-06-08T20:30:00+0200,55685.38141,MW,DE,DE_LU,actual_load,Actual Load,2026-06-23T17:24:51Z
2026-06-23T17:23:48Z,2026-06-23T19:23:48+0200,c51852f0-2285-49e0-9c34-cd4ce69db778,2026-06-08T18:45:00Z,2026-06-08T20:45:00+0200,55380.08439,MW,DE,DE_LU,actual_load,Actual Load,2026-06-23T17:24:51Z
2026-06-23T17:23:48Z,2026-06-23T19:23:48+0200,c51852f0-2285-49e0-9c34-cd4ce69db778,2026-06-08T19:00:00Z,2026-06-08T21:00:00+0200,54446.90168,MW,DE,DE_LU,actual_load,Actual Load,2026-06-23T17:24:51Z
2026-06-23T17:23:48Z,2026-06-23T19:23:48+0200,c51852f0-2285-49e0-9c34-cd4ce69db778,2026-06-08T19:15:00Z,2026-06-08T21:15:00+0200,53785.09163,MW,DE,DE_LU,actual_load,Actual Load,2026-06-23T17:24:51Z
2026-06-23T17:23:48Z,2026-06-23T19:23:48+0200,c51852f0-2285-49e0-9c34-cd4ce69db778,2026-06-08T19:30:00Z,2026-06-08T21:30:00+0200,52680.64815,MW,DE,DE_LU,actual_load,Actual Load,2026-06-23T17:24:51Z
2026-06-23T17:23:48Z,2026-06-23T19:23:48+0200,c51852f0-2285-49e0-9c34-cd4ce69db778,2026-06-08T19:45:00Z,2026-06-08T21:45:00+0200,52341.26682,MW,DE,DE_LU,actual_load,Actual Load,2026-06-23T17:24:51Z
2026-06-23T17:23:48Z,2026-06-23T19:23:48+0200,c51852f0-2285-49e0-9c34-cd4ce69db778,2026-06-08T20:00:00Z,2026-06-08T22:00:00+0200,51184.79985,MW,DE,DE_LU,actual_load,Actual Load,2026-06-23T17:24:51Z
2026-06-23T17:23:48Z,2026-06-23T19:23:48+0200,c51852f0-2285-49e0-9c34-cd4ce69db778,2026-06-08T20:15:00Z,2026-06-08T22:15:00+0200,50803.42726,MW,DE,DE_LU,actual_load,Actual Load,2026-06-23T17:24:51Z
2026-06-23T17:23:48Z,2026-06-23T19:23:48+0200,c51852f0-2285-49e0-9c34-cd4ce69db778,2026-06-08T20:30:00Z,2026-06-08T22:30:00+0200,50214.88093,MW,DE,DE_LU,actual_load,Actual Load,2026-06-23T17:24:51Z
2026-06-23T17:23:48Z,2026-06-23T19:23:48+0200,c51852f0-2285-49e0-9c34-cd4ce69db778,2026-06-08T20:45:00Z,2026-06-08T22:45:00+0200,50040.35064,MW,DE,DE_LU,actual_load,Actual Load,2026-06-23T17:24:51Z
2026-06-23T17:23:48Z,2026-06-23T19:23:48+0200,c51852f0-2285-49e0-9c34-cd4ce69db778,2026-06-08T21:00:00Z,2026-06-08T23:00:00+0200,49653.88733,MW,DE,DE_LU,actual_load,Actual Load,2026-06-23T17:24:51Z
2026-06-23T17:23:48Z,2026-06-23T19:23:48+0200,c51852f0-2285-49e0-9c34-cd4ce69db778,2026-06-08T21:15:00Z,2026-06-08T23:15:00+0200,49418.16751,MW,DE,DE_LU,actual_load,Actual Load,2026-06-23T17:24:51Z
2026-06-23T17:23:48Z,2026-06-23T19:23:48+0200,c51852f0-2285-49e0-9c34-cd4ce69db778,2026-06-08T21:30:00Z,2026-06-08T23:30:00+0200,48981.94684,MW,DE,DE_LU,actual_load,Actual Load,2026-06-23T17:24:51Z
2026-06-23T17:23:48Z,2026-06-23T19:23:48+0200,c51852f0-2285-49e0-9c34-cd4ce69db778,2026-06-08T21:45:00Z,2026-06-08T23:45:00+0200,48465.43608,MW,DE,DE_LU,actual_load,Actual Load,2026-06-23T17:24:51Z
2026-06-23T17:23:48Z,2026-06-23T19:23:48+0200,c51852f0-2285-49e0-9c34-cd4ce69db778,2026-06-08T22:00:00Z,2026-06-09T00:00:00+0200,47041.06933,MW,DE,DE_LU,actual_load,Actual Load,2026-06-23T17:24:51Z
2026-06-23T17:23:48Z,2026-06-23T19:23:48+0200,c51852f0-2285-49e0-9c34-cd4ce69db778,2026-06-08T22:15:00Z,2026-06-09T00:15:00+0200,46473.24004,MW,DE,DE_LU,actual_load,Actual Load,2026-06-23T17:24:51Z
2026-06-23T17:23:48Z,2026-06-23T19:23:48+0200,c51852f0-2285-49e0-9c34-cd4ce69db778,2026-06-08T22:30:00Z,2026-06-09T00:30:00+0200,46452.33182,MW,DE,DE_LU,actual_load,Actual Load,2026-06-23T17:24:51Z
2026-06-23T17:23:48Z,2026-06-23T19:23:48+0200,c51852f0-2285-49e0-9c34-cd4ce69db778,2026-06-08T22:45:00Z,2026-06-09T00:45:00+0200,46093.19555,MW,DE,DE_LU,actual_load,Actual Load,2026-06-23T17:24:51Z
2026-06-23T17:23:48Z,2026-06-23T19:23:48+0200,c51852f0-2285-49e0-9c34-cd4ce69db778,2026-06-08T23:00:00Z,2026-06-09T01:00:00+0200,45861.63442,MW,DE,DE_LU,actual_load,Actual Load,2026-06-23T17:24:51Z
2026-06-23T17:23:48Z,2026-06-23T19:23:48+0200,c51852f0-2285-49e0-9c34-cd4ce69db778,2026-06-08T23:15:00Z,2026-06-09T01:15:00+0200,45540.30792,MW,DE,DE_LU,actual_load,Actual Load,2026-06-23T17:24:51Z
2026-06-23T17:23:48Z,2026-06-23T19:23:48+0200,c51852f0-2285-49e0-9c34-cd4ce69db778,2026-06-08T23:30:00Z,2026-06-09T01:30:00+0200,45347.94766,MW,DE,DE_LU,actual_load,Actual Load,2026-06-23T17:24:51Z
2026-06-23T17:23:48Z,2026-06-23T19:23:48+0200,c51852f0-2285-49e0-9c34-cd4ce69db778,2026-06-08T23:45:00Z,2026-06-09T01:45:00+0200,45581.64119,MW,DE,DE_LU,actual_load,Actual Load,2026-06-23T17:24:51Z
2026-06-23T17:23:48Z,2026-06-23T19:23:48+0200,c51852f0-2285-49e0-9c34-cd4ce69db778,2026-06-09T00:00:00Z,2026-06-09T02:00:00+0200,44825.71459,MW,DE,DE_LU,actual_load,Actual Load,2026-06-23T17:24:51Z
2026-06-23T17:23:48Z,2026-06-23T19:23:48+0200,c51852f0-2285-49e0-9c34-cd4ce69db778,2026-06-09T00:15:00Z,2026-06-09T02:15:00+0200,44813.87853,MW,DE,DE_LU,actual_load,Actual Load,2026-06-23T17:24:51Z
2026-06-23T17:23:48Z,2026-06-23T19:23:48+0200,c51852f0-2285-49e0-9c34-cd4ce69db778,2026-06-09T00:30:00Z,2026-06-09T02:30:00+0200,44861.23299,MW,DE,DE_LU,actual_load,Actual Load,2026-06-23T17:24:51Z
2026-06-23T17:23:48Z,2026-06-23T19:23:48+0200,c51852f0-2285-49e0-9c34-cd4ce69db778,2026-06-09T00:45:00Z,2026-06-09T02:45:00+0200,45470.74191,MW,DE,DE_LU,actual_load,Actual Load,2026-06-23T17:24:51Z
2026-06-23T17:23:48Z,2026-06-23T19:23:48+0200,c51852f0-2285-49e0-9c34-cd4ce69db778,2026-06-09T01:00:00Z,2026-06-09T03:00:00+0200,45430.55261,MW,DE,DE_LU,actual_load,Actual Load,2026-06-23T17:24:51Z
2026-06-23T17:23:48Z,2026-06-23T19:23:48+0200,c51852f0-2285-49e0-9c34-cd4ce69db778,2026-06-09T01:15:00Z,2026-06-09T03:15:00+0200,45132.49858,MW,DE,DE_LU,actual_load,Actual Load,2026-06-23T17:24:51Z
2026-06-23T17:23:48Z,2026-06-23T19:23:48+0200,c51852f0-2285-49e0-9c34-cd4ce69db778,2026-06-09T01:30:00Z,2026-06-09T03:30:00+0200,45653.52803,MW,DE,DE_LU,actual_load,Actual Load,2026-06-23T17:24:51Z
2026-06-23T17:23:48Z,2026-06-23T19:23:48+0200,c51852f0-2285-49e0-9c34-cd4ce69db778,2026-06-09T01:45:00Z,2026-06-09T03:45:00+0200,45439.63532,MW,DE,DE_LU,actual_load,Actual Load,2026-06-23T17:24:51Z
2026-06-23T17:23:48Z,2026-06-23T19:23:48+0200,c51852f0-2285-49e0-9c34-cd4ce69db778,2026-06-09T02:00:00Z,2026-06-09T04:00:00+0200,45828.27183,MW,DE,DE_LU,actual_load,Actual Load,2026-06-23T17:24:51Z
2026-06-23T17:23:48Z,2026-06-23T19:23:48+0200,c51852f0-2285-49e0-9c34-cd4ce69db778,2026-06-09T02:15:00Z,2026-06-09T04:15:00+0200,46232.39606,MW,DE,DE_LU,actual_load,Actual Load,2026-06-23T17:24:51Z
2026-06-23T17:23:48Z,2026-06-23T19:23:48+0200,c51852f0-2285-49e0-9c34-cd4ce69db778,2026-06-09T02:30:00Z,2026-06-09T04:30:00+0200,46396.74001,MW,DE,DE_LU,actual_load,Actual Load,2026-06-23T17:24:51Z
2026-06-23T17:23:48Z,2026-06-23T19:23:48+0200,c51852f0-2285-49e0-9c34-cd4ce69db778,2026-06-09T02:45:00Z,2026-06-09T04:45:00+0200,47658.43012,MW,DE,DE_LU,actual_load,Actual Load,2026-06-23T17:24:51Z
2026-06-23T17:23:48Z,2026-06-23T19:23:48+0200,c51852f0-2285-49e0-9c34-cd4ce69db778,2026-06-09T03:00:00Z,2026-06-09T05:00:00+0200,48464.36678,MW,DE,DE_LU,actual_load,Actual Load,2026-06-23T17:24:51Z
2026-06-23T17:23:48Z,2026-06-23T19:23:48+0200,c51852f0-2285-49e0-9c34-cd4ce69db778,2026-06-09T03:15:00Z,2026-06-09T05:15:00+0200,48415.13715,MW,DE,DE_LU,actual_load,Actual Load,2026-06-23T17:24:51Z
2026-06-23T17:23:48Z,2026-06-23T19:23:48+0200,c51852f0-2285-49e0-9c34-cd4ce69db778,2026-06-09T03:30:00Z,2026-06-09T05:30:00+0200,49245.42746,MW,DE,DE_LU,actual_load,Actual Load,2026-06-23T17:24:51Z
2026-06-23T17:23:48Z,2026-06-23T19:23:48+0200,c51852f0-2285-49e0-9c34-cd4ce69db778,2026-06-09T03:45:00Z,2026-06-09T05:45:00+0200,50704.65639,MW,DE,DE_LU,actual_load,Actual Load,2026-06-23T17:24:51Z
2026-06-23T17:23:48Z,2026-06-23T19:23:48+0200,c51852f0-2285-49e0-9c34-cd4ce69db778,2026-06-09T04:00:00Z,2026-06-09T06:00:00+0200,53179.66829,MW,DE,DE_LU,actual_load,Actual Load,2026-06-23T17:24:51Z
2026-06-23T17:23:48Z,2026-06-23T19:23:48+0200,c51852f0-2285-49e0-9c34-cd4ce69db778,2026-06-09T04:15:00Z,2026-06-09T06:15:00+0200,54978.71213,MW,DE,DE_LU,actual_load,Actual Load,2026-06-23T17:24:51Z
2026-06-23T17:23:48Z,2026-06-23T19:23:48+0200,c51852f0-2285-49e0-9c34-cd4ce69db778,2026-06-09T04:30:00Z,2026-06-09T06:30:00+0200,56244.9227,MW,DE,DE_LU,actual_load,Actual Load,2026-06-23T17:24:51Z
2026-06-23T17:23:48Z,2026-06-23T19:23:48+0200,c51852f0-2285-49e0-9c34-cd4ce69db778,2026-06-09T04:45:00Z,2026-06-09T06:45:00+0200,56891.54914,MW,DE,DE_LU,actual_load,Actual Load,2026-06-23T17:24:51Z
2026-06-23T17:23:48Z,2026-06-23T19:23:48+0200,c51852f0-2285-49e0-9c34-cd4ce69db778,2026-06-09T05:00:00Z,2026-06-09T07:00:00+0200,57226.86999,MW,DE,DE_LU,actual_load,Actual Load,2026-06-23T17:24:51Z
2026-06-23T17:23:48Z,2026-06-23T19:23:48+0200,c51852f0-2285-49e0-9c34-cd4ce69db778,2026-06-09T05:15:00Z,2026-06-09T07:15:00+0200,57120.26941,MW,DE,DE_LU,actual_load,Actual Load,2026-06-23T17:24:51Z
2026-06-23T17:23:48Z,2026-06-23T19:23:48+0200,c51852f0-2285-49e0-9c34-cd4ce69db778,2026-06-09T05:30:00Z,2026-06-09T07:30:00+0200,57915.05666,MW,DE,DE_LU,actual_load,Actual Load,2026-06-23T17:24:51Z
2026-06-23T17:23:48Z,2026-06-23T19:23:48+0200,c51852f0-2285-49e0-9c34-cd4ce69db778,2026-06-09T05:45:00Z,2026-06-09T07:45:00+0200,58688.9705,MW,DE,DE_LU,actual_load,Actual Load,2026-06-23T17:24:51Z
2026-06-23T17:23:48Z,2026-06-23T19:23:48+0200,c51852f0-2285-49e0-9c34-cd4ce69db778,2026-06-09T06:00:00Z,2026-06-09T08:00:00+0200,59544.88938,MW,DE,DE_LU,actual_load,Actual Load,2026-06-23T17:24:51Z
2026-06-23T17:23:48Z,2026-06-23T19:23:48+0200,c51852f0-2285-49e0-9c34-cd4ce69db778,2026-06-09T06:15:00Z,2026-06-09T08:15:00+0200,60704.25797,MW,DE,DE_LU,actual_load,Actual Load,2026-06-23T17:24:51Z
2026-06-23T17:23:48Z,2026-06-23T19:23:48+0200,c51852f0-2285-49e0-9c34-cd4ce69db778,2026-06-09T06:30:00Z,2026-06-09T08:30:00+0200,60911.47907,MW,DE,DE_LU,actual_load,Actual Load,2026-06-23T17:24:51Z
2026-06-23T17:23:48Z,2026-06-23T19:23:48+0200,c51852f0-2285-49e0-9c34-cd4ce69db778,2026-06-09T06:45:00Z,2026-06-09T08:45:00+0200,60933.35847,MW,DE,DE_LU,actual_load,Actual Load,2026-06-23T17:24:51Z
2026-06-23T17:23:48Z,2026-06-23T19:23:48+0200,c51852f0-2285-49e0-9c34-cd4ce69db778,2026-06-09T07:00:00Z,2026-06-09T09:00:00+0200,61043.5034,MW,DE,DE_LU,actual_load,Actual Load,2026-06-23T17:24:51Z
2026-06-23T17:23:48Z,2026-06-23T19:23:48+0200,c51852f0-2285-49e0-9c34-cd4ce69db778,2026-06-09T07:15:00Z,2026-06-09T09:15:00+0200,61556.52453,MW,DE,DE_LU,actual_load,Actual Load,2026-06-23T17:24:51Z
2026-06-23T17:23:48Z,2026-06-23T19:23:48+0200,c51852f0-2285-49e0-9c34-cd4ce69db778,2026-06-09T07:30:00Z,2026-06-09T09:30:00+0200,61488.94475,MW,DE,DE_LU,actual_load,Actual Load,2026-06-23T17:24:51Z
2026-06-23T17:23:48Z,2026-06-23T19:23:48+0200,c51852f0-2285-49e0-9c34-cd4ce69db778,2026-06-09T07:45:00Z,2026-06-09T09:45:00+0200,60270.88615,MW,DE,DE_LU,actual_load,Actual Load,2026-06-23T17:24:51Z
2026-06-23T17:23:48Z,2026-06-23T19:23:48+0200,c51852f0-2285-49e0-9c34-cd4ce69db778,2026-06-09T08:00:00Z,2026-06-09T10:00:00+0200,61196.12204,MW,DE,DE_LU,actual_load,Actual Load,2026-06-23T17:24:51Z
2026-06-23T17:23:48Z,2026-06-23T19:23:48+0200,c51852f0-2285-49e0-9c34-cd4ce69db778,2026-06-09T08:15:00Z,2026-06-09T10:15:00+0200,60919.89175,MW,DE,DE_LU,actual_load,Actual Load,2026-06-23T17:24:51Z
2026-06-23T17:23:48Z,2026-06-23T19:23:48+0200,c51852f0-2285-49e0-9c34-cd4ce69db778,2026-06-09T08:30:00Z,2026-06-09T10:30:00+0200,61352.84135,MW,DE,DE_LU,actual_load,Actual Load,2026-06-23T17:24:51Z
2026-06-23T17:23:48Z,2026-06-23T19:23:48+0200,c51852f0-2285-49e0-9c34-cd4ce69db778,2026-06-09T08:45:00Z,2026-06-09T10:45:00+0200,60924.93196,MW,DE,DE_LU,actual_load,Actual Load,2026-06-23T17:24:51Z
2026-06-23T17:23:48Z,2026-06-23T19:23:48+0200,c51852f0-2285-49e0-9c34-cd4ce69db778,2026-06-09T09:00:00Z,2026-06-09T11:00:00+0200,59883.69306,MW,DE,DE_LU,actual_load,Actual Load,2026-06-23T17:24:51Z
2026-06-23T17:23:48Z,2026-06-23T19:23:48+0200,c51852f0-2285-49e0-9c34-cd4ce69db778,2026-06-09T09:15:00Z,2026-06-09T11:15:00+0200,60978.81001,MW,DE,DE_LU,actual_load,Actual Load,2026-06-23T17:24:51Z
2026-06-23T17:23:48Z,2026-06-23T19:23:48+0200,c51852f0-2285-49e0-9c34-cd4ce69db778,2026-06-09T09:30:00Z,2026-06-09T11:30:00+0200,60452.75269,MW,DE,DE_LU,actual_load,Actual Load,2026-06-23T17:24:51Z
2026-06-23T17:23:48Z,2026-06-23T19:23:48+0200,c51852f0-2285-49e0-9c34-cd4ce69db778,2026-06-09T09:45:00Z,2026-06-09T11:45:00+0200,60233.53987,MW,DE,DE_LU,actual_load,Actual Load,2026-06-23T17:24:51Z
2026-06-23T17:23:48Z,2026-06-23T19:23:48+0200,c51852f0-2285-49e0-9c34-cd4ce69db778,2026-06-09T10:00:00Z,2026-06-09T12:00:00+0200,58958.07019,MW,DE,DE_LU,actual_load,Actual Load,2026-06-23T17:24:51Z
2026-06-23T17:23:48Z,2026-06-23T19:23:48+0200,c51852f0-2285-49e0-9c34-cd4ce69db778,2026-06-09T10:15:00Z,2026-06-09T12:15:00+0200,58862.92591,MW,DE,DE_LU,actual_load,Actual Load,2026-06-23T17:24:51Z
2026-06-23T17:23:48Z,2026-06-23T19:23:48+0200,c51852f0-2285-49e0-9c34-cd4ce69db778,2026-06-09T10:30:00Z,2026-06-09T12:30:00+0200,58485.44239,MW,DE,DE_LU,actual_load,Actual Load,2026-06-23T17:24:51Z
2026-06-23T17:23:48Z,2026-06-23T19:23:48+0200,c51852f0-2285-49e0-9c34-cd4ce69db778,2026-06-09T10:45:00Z,2026-06-09T12:45:00+0200,57417.34518,MW,DE,DE_LU,actual_load,Actual Load,2026-06-23T17:24:51Z
2026-06-23T17:23:48Z,2026-06-23T19:23:48+0200,c51852f0-2285-49e0-9c34-cd4ce69db778,2026-06-09T11:00:00Z,2026-06-09T13:00:00+0200,57809.44288,MW,DE,DE_LU,actual_load,Actual Load,2026-06-23T17:24:51Z
2026-06-23T17:23:48Z,2026-06-23T19:23:48+0200,c51852f0-2285-49e0-9c34-cd4ce69db778,2026-06-09T11:15:00Z,2026-06-09T13:15:00+0200,56559.50895,MW,DE,DE_LU,actual_load,Actual Load,2026-06-23T17:24:51Z
2026-06-23T17:23:48Z,2026-06-23T19:23:48+0200,c51852f0-2285-49e0-9c34-cd4ce69db778,2026-06-09T11:30:00Z,2026-06-09T13:30:00+0200,57023.41702,MW,DE,DE_LU,actual_load,Actual Load,2026-06-23T17:24:51Z
2026-06-23T17:23:48Z,2026-06-23T19:23:48+0200,c51852f0-2285-49e0-9c34-cd4ce69db778,2026-06-09T11:45:00Z,2026-06-09T13:45:00+0200,56992.99244,MW,DE,DE_LU,actual_load,Actual Load,2026-06-23T17:24:51Z
2026-06-23T17:23:48Z,2026-06-23T19:23:48+0200,c51852f0-2285-49e0-9c34-cd4ce69db778,2026-06-09T12:00:00Z,2026-06-09T14:00:00+0200,56461.65696,MW,DE,DE_LU,actual_load,Actual Load,2026-06-23T17:24:51Z
2026-06-23T17:23:48Z,2026-06-23T19:23:48+0200,c51852f0-2285-49e0-9c34-cd4ce69db778,2026-06-09T12:15:00Z,2026-06-09T14:15:00+0200,56167.91331,MW,DE,DE_LU,actual_load,Actual Load,2026-06-23T17:24:51Z
2026-06-23T17:23:48Z,2026-06-23T19:23:48+0200,c51852f0-2285-49e0-9c34-cd4ce69db778,2026-06-09T12:30:00Z,2026-06-09T14:30:00+0200,55395.01303,MW,DE,DE_LU,actual_load,Actual Load,2026-06-23T17:24:51Z
2026-06-23T17:23:48Z,2026-06-23T19:23:48+0200,c51852f0-2285-49e0-9c34-cd4ce69db778,2026-06-09T12:45:00Z,2026-06-09T14:45:00+0200,55165.02917,MW,DE,DE_LU,actual_load,Actual Load,2026-06-23T17:24:51Z
2026-06-23T17:23:48Z,2026-06-23T19:23:48+0200,c51852f0-2285-49e0-9c34-cd4ce69db778,2026-06-09T13:00:00Z,2026-06-09T15:00:00+0200,56255.64943,MW,DE,DE_LU,actual_load,Actual Load,2026-06-23T17:24:51Z
2026-06-23T17:23:48Z,2026-06-23T19:23:48+0200,c51852f0-2285-49e0-9c34-cd4ce69db778,2026-06-09T13:15:00Z,2026-06-09T15:15:00+0200,55634.7564,MW,DE,DE_LU,actual_load,Actual Load,2026-06-23T17:24:51Z
2026-06-23T17:23:48Z,2026-06-23T19:23:48+0200,c51852f0-2285-49e0-9c34-cd4ce69db778,2026-06-09T13:30:00Z,2026-06-09T15:30:00+0200,54997.91922,MW,DE,DE_LU,actual_load,Actual Load,2026-06-23T17:24:51Z
2026-06-23T17:23:48Z,2026-06-23T19:23:48+0200,c51852f0-2285-49e0-9c34-cd4ce69db778,2026-06-09T13:45:00Z,2026-06-09T15:45:00+0200,55319.32964,MW,DE,DE_LU,actual_load,Actual Load,2026-06-23T17:24:51Z
2026-06-23T17:23:48Z,2026-06-23T19:23:48+0200,c51852f0-2285-49e0-9c34-cd4ce69db778,2026-06-09T14:00:00Z,2026-06-09T16:00:00+0200,55630.88654,MW,DE,DE_LU,actual_load,Actual Load,2026-06-23T17:24:51Z
2026-06-23T17:23:48Z,2026-06-23T19:23:48+0200,c51852f0-2285-49e0-9c34-cd4ce69db778,2026-06-09T14:15:00Z,2026-06-09T16:15:00+0200,55419.66312,MW,DE,DE_LU,actual_load,Actual Load,2026-06-23T17:24:51Z
2026-06-23T17:23:48Z,2026-06-23T19:23:48+0200,c51852f0-2285-49e0-9c34-cd4ce69db778,2026-06-09T14:30:00Z,2026-06-09T16:30:00+0200,55157.08243,MW,DE,DE_LU,actual_load,Actual Load,2026-06-23T17:24:51Z
2026-06-23T17:23:48Z,2026-06-23T19:23:48+0200,c51852f0-2285-49e0-9c34-cd4ce69db778,2026-06-09T14:45:00Z,2026-06-09T16:45:00+0200,55176.81942,MW,DE,DE_LU,actual_load,Actual Load,2026-06-23T17:24:51Z
2026-06-23T17:23:48Z,2026-06-23T19:23:48+0200,c51852f0-2285-49e0-9c34-cd4ce69db778,2026-06-09T15:00:00Z,2026-06-09T17:00:00+0200,55555.41738,MW,DE,DE_LU,actual_load,Actual Load,2026-06-23T17:24:51Z
2026-06-23T17:23:48Z,2026-06-23T19:23:48+0200,c51852f0-2285-49e0-9c34-cd4ce69db778,2026-06-09T15:15:00Z,2026-06-09T17:15:00+0200,55900.0352,MW,DE,DE_LU,actual_load,Actual Load,2026-06-23T17:24:51Z
2026-06-23T17:23:48Z,2026-06-23T19:23:48+0200,c51852f0-2285-49e0-9c34-cd4ce69db778,2026-06-09T15:30:00Z,2026-06-09T17:30:00+0200,56721.53755,MW,DE,DE_LU,actual_load,Actual Load,2026-06-23T17:24:51Z
2026-06-23T17:23:48Z,2026-06-23T19:23:48+0200,c51852f0-2285-49e0-9c34-cd4ce69db778,2026-06-09T15:45:00Z,2026-06-09T17:45:00+0200,56898.23392,MW,DE,DE_LU,actual_load,Actual Load,2026-06-23T17:24:51Z
2026-06-23T17:23:48Z,2026-06-23T19:23:48+0200,c51852f0-2285-49e0-9c34-cd4ce69db778,2026-06-09T16:00:00Z,2026-06-09T18:00:00+0200,57074.74164,MW,DE,DE_LU,actual_load,Actual Load,2026-06-23T17:24:51Z
2026-06-23T17:23:48Z,2026-06-23T19:23:48+0200,c51852f0-2285-49e0-9c34-cd4ce69db778,2026-06-09T16:15:00Z,2026-06-09T18:15:00+0200,57987.26425,MW,DE,DE_LU,actual_load,Actual Load,2026-06-23T17:24:51Z
2026-06-23T17:23:48Z,2026-06-23T19:23:48+0200,c51852f0-2285-49e0-9c34-cd4ce69db778,2026-06-09T16:30:00Z,2026-06-09T18:30:00+0200,58247.35092,MW,DE,DE_LU,actual_load,Actual Load,2026-06-23T17:24:51Z
2026-06-23T17:23:48Z,2026-06-23T19:23:48+0200,c51852f0-2285-49e0-9c34-cd4ce69db778,2026-06-09T16:45:00Z,2026-06-09T18:45:00+0200,58246.98465,MW,DE,DE_LU,actual_load,Actual Load,2026-06-23T17:24:51Z
2026-06-23T17:23:48Z,2026-06-23T19:23:48+0200,c51852f0-2285-49e0-9c34-cd4ce69db778,2026-06-09T17:00:00Z,2026-06-09T19:00:00+0200,58439.71936,MW,DE,DE_LU,actual_load,Actual Load,2026-06-23T17:24:51Z
2026-06-23T17:23:48Z,2026-06-23T19:23:48+0200,c51852f0-2285-49e0-9c34-cd4ce69db778,2026-06-09T17:15:00Z,2026-06-09T19:15:00+0200,58137.86697,MW,DE,DE_LU,actual_load,Actual Load,2026-06-23T17:24:51Z
2026-06-23T17:23:48Z,2026-06-23T19:23:48+0200,c51852f0-2285-49e0-9c34-cd4ce69db778,2026-06-09T17:30:00Z,2026-06-09T19:30:00+0200,57850.71198,MW,DE,DE_LU,actual_load,Actual Load,2026-06-23T17:24:51Z
2026-06-23T17:23:48Z,2026-06-23T19:23:48+0200,c51852f0-2285-49e0-9c34-cd4ce69db778,2026-06-09T17:45:00Z,2026-06-09T19:45:00+0200,57228.45756,MW,DE,DE_LU,actual_load,Actual Load,2026-06-23T17:24:51Z
2026-06-23T17:23:48Z,2026-06-23T19:23:48+0200,c51852f0-2285-49e0-9c34-cd4ce69db778,2026-06-09T18:00:00Z,2026-06-09T20:00:00+0200,57719.30877,MW,DE,DE_LU,actual_load,Actual Load,2026-06-23T17:24:51Z
2026-06-23T17:23:48Z,2026-06-23T19:23:48+0200,c51852f0-2285-49e0-9c34-cd4ce69db778,2026-06-09T18:15:00Z,2026-06-09T20:15:00+0200,57134.80719,MW,DE,DE_LU,actual_load,Actual Load,2026-06-23T17:24:51Z
2026-06-23T17:23:48Z,2026-06-23T19:23:48+0200,c51852f0-2285-49e0-9c34-cd4ce69db778,2026-06-09T18:30:00Z,2026-06-09T20:30:00+0200,57183.56112,MW,DE,DE_LU,actual_load,Actual Load,2026-06-23T17:24:51Z
2026-06-23T17:23:48Z,2026-06-23T19:23:48+0200,c51852f0-2285-49e0-9c34-cd4ce69db778,2026-06-09T18:45:00Z,2026-06-09T20:45:00+0200,56472.19498,MW,DE,DE_LU,actual_load,Actual Load,2026-06-23T17:24:51Z
2026-06-23T17:23:48Z,2026-06-23T19:23:48+0200,c51852f0-2285-49e0-9c34-cd4ce69db778,2026-06-09T19:00:00Z,2026-06-09T21:00:00+0200,55972.71366,MW,DE,DE_LU,actual_load,Actual Load,2026-06-23T17:24:51Z
2026-06-23T17:23:48Z,2026-06-23T19:23:48+0200,c51852f0-2285-49e0-9c34-cd4ce69db778,2026-06-09T19:15:00Z,2026-06-09T21:15:00+0200,55587.09769,MW,DE,DE_LU,actual_load,Actual Load,2026-06-23T17:24:51Z
2026-06-23T17:23:48Z,2026-06-23T19:23:48+0200,c51852f0-2285-49e0-9c34-cd4ce69db778,2026-06-09T19:30:00Z,2026-06-09T21:30:00+0200,55187.00144,MW,DE,DE_LU,actual_load,Actual Load,2026-06-23T17:24:51Z
2026-06-23T17:23:48Z,2026-06-23T19:23:48+0200,c51852f0-2285-49e0-9c34-cd4ce69db778,2026-06-09T19:45:00Z,2026-06-09T21:45:00+0200,54724.7939,MW,DE,DE_LU,actual_load,Actual Load,2026-06-23T17:24:51Z
2026-06-23T17:23:48Z,2026-06-23T19:23:48+0200,c51852f0-2285-49e0-9c34-cd4ce69db778,2026-06-09T20:00:00Z,2026-06-09T22:00:00+0200,53835.27686,MW,DE,DE_LU,actual_load,Actual Load,2026-06-23T17:24:51Z
2026-06-23T17:23:48Z,2026-06-23T19:23:48+0200,c51852f0-2285-49e0-9c34-cd4ce69db778,2026-06-09T20:15:00Z,2026-06-09T22:15:00+0200,53856.37677,MW,DE,DE_LU,actual_load,Actual Load,2026-06-23T17:24:51Z
2026-06-23T17:23:48Z,2026-06-23T19:23:48+0200,c51852f0-2285-49e0-9c34-cd4ce69db778,2026-06-09T20:30:00Z,2026-06-09T22:30:00+0200,53055.90502,MW,DE,DE_LU,actual_load,Actual Load,2026-06-23T17:24:51Z
2026-06-23T17:23:48Z,2026-06-23T19:23:48+0200,c51852f0-2285-49e0-9c34-cd4ce69db778,2026-06-09T20:45:00Z,2026-06-09T22:45:00+0200,51708.23143,MW,DE,DE_LU,actual_load,Actual Load,2026-06-23T17:24:51Z
2026-06-23T17:23:48Z,2026-06-23T19:23:48+0200,c51852f0-2285-49e0-9c34-cd4ce69db778,2026-06-09T21:00:00Z,2026-06-09T23:00:00+0200,50579.90103,MW,DE,DE_LU,actual_load,Actual Load,2026-06-23T17:24:51Z
2026-06-23T17:23:48Z,2026-06-23T19:23:48+0200,c51852f0-2285-49e0-9c34-cd4ce69db778,2026-06-09T21:15:00Z,2026-06-09T23:15:00+0200,50128.59862,MW,DE,DE_LU,actual_load,Actual Load,2026-06-23T17:24:51Z
2026-06-23T17:23:48Z,2026-06-23T19:23:48+0200,c51852f0-2285-49e0-9c34-cd4ce69db778,2026-06-09T21:30:00Z,2026-06-09T23:30:00+0200,49918.24591,MW,DE,DE_LU,actual_load,Actual Load,2026-06-23T17:24:51Z
2026-06-23T17:23:48Z,2026-06-23T19:23:48+0200,c51852f0-2285-49e0-9c34-cd4ce69db778,2026-06-09T21:45:00Z,2026-06-09T23:45:00+0200,48794.08654,MW,DE,DE_LU,actual_load,Actual Load,2026-06-23T17:24:51Z
2026-06-23T17:23:48Z,2026-06-23T19:23:48+0200,c51852f0-2285-49e0-9c34-cd4ce69db778,2026-06-09T22:00:00Z,2026-06-10T00:00:00+0200,48063.95662,MW,DE,DE_LU,actual_load,Actual Load,2026-06-23T17:24:51Z
2026-06-23T17:23:48Z,2026-06-23T19:23:48+0200,c51852f0-2285-49e0-9c34-cd4ce69db778,2026-06-09T22:15:00Z,2026-06-10T00:15:00+0200,47388.40109,MW,DE,DE_LU,actual_load,Actual Load,2026-06-23T17:24:51Z
2026-06-23T17:23:48Z,2026-06-23T19:23:48+0200,c51852f0-2285-49e0-9c34-cd4ce69db778,2026-06-09T22:30:00Z,2026-06-10T00:30:00+0200,47274.46002,MW,DE,DE_LU,actual_load,Actual Load,2026-06-23T17:24:51Z
2026-06-23T17:23:48Z,2026-06-23T19:23:48+0200,c51852f0-2285-49e0-9c34-cd4ce69db778,2026-06-09T22:45:00Z,2026-06-10T00:45:00+0200,47491.29429,MW,DE,DE_LU,actual_load,Actual Load,2026-06-23T17:24:51Z
2026-06-23T17:23:48Z,2026-06-23T19:23:48+0200,c51852f0-2285-49e0-9c34-cd4ce69db778,2026-06-09T23:00:00Z,2026-06-10T01:00:00+0200,46585.40321,MW,DE,DE_LU,actual_load,Actual Load,2026-06-23T17:24:51Z
2026-06-23T17:23:48Z,2026-06-23T19:23:48+0200,c51852f0-2285-49e0-9c34-cd4ce69db778,2026-06-09T23:15:00Z,2026-06-10T01:15:00+0200,46316.35432,MW,DE,DE_LU,actual_load,Actual Load,2026-06-23T17:24:51Z
2026-06-23T17:23:48Z,2026-06-23T19:23:48+0200,c51852f0-2285-49e0-9c34-cd4ce69db778,2026-06-09T23:30:00Z,2026-06-10T01:30:00+0200,46157.16339,MW,DE,DE_LU,actual_load,Actual Load,2026-06-23T17:24:51Z
2026-06-23T17:23:48Z,2026-06-23T19:23:48+0200,c51852f0-2285-49e0-9c34-cd4ce69db778,2026-06-09T23:45:00Z,2026-06-10T01:45:00+0200,45712.63148,MW,DE,DE_LU,actual_load,Actual Load,2026-06-23T17:24:51Z
2026-06-23T17:23:48Z,2026-06-23T19:23:48+0200,c51852f0-2285-49e0-9c34-cd4ce69db778,2026-06-10T00:00:00Z,2026-06-10T02:00:00+0200,44878.56079,MW,DE,DE_LU,actual_load,Actual Load,2026-06-23T17:24:51Z
2026-06-23T17:23:48Z,2026-06-23T19:23:48+0200,c51852f0-2285-49e0-9c34-cd4ce69db778,2026-06-10T00:15:00Z,2026-06-10T02:15:00+0200,44425.43499,MW,DE,DE_LU,actual_load,Actual Load,2026-06-23T17:24:51Z
2026-06-23T17:23:48Z,2026-06-23T19:23:48+0200,c51852f0-2285-49e0-9c34-cd4ce69db778,2026-06-10T00:30:00Z,2026-06-10T02:30:00+0200,44219.22851,MW,DE,DE_LU,actual_load,Actual Load,2026-06-23T17:24:51Z
2026-06-23T17:23:48Z,2026-06-23T19:23:48+0200,c51852f0-2285-49e0-9c34-cd4ce69db778,2026-06-10T00:45:00Z,2026-06-10T02:45:00+0200,44026.95322,MW,DE,DE_LU,actual_load,Actual Load,2026-06-23T17:24:51Z
2026-06-23T17:23:48Z,2026-06-23T19:23:48+0200,c51852f0-2285-49e0-9c34-cd4ce69db778,2026-06-10T01:00:00Z,2026-06-10T03:00:00+0200,44284.49731,MW,DE,DE_LU,actual_load,Actual Load,2026-06-23T17:24:51Z
2026-06-23T17:23:48Z,2026-06-23T19:23:48+0200,c51852f0-2285-49e0-9c34-cd4ce69db778,2026-06-10T01:15:00Z,2026-06-10T03:15:00+0200,44421.30802,MW,DE,DE_LU,actual_load,Actual Load,2026-06-23T17:24:51Z
2026-06-23T17:23:48Z,2026-06-23T19:23:48+0200,c51852f0-2285-49e0-9c34-cd4ce69db778,2026-06-10T01:30:00Z,2026-06-10T03:30:00+0200,44763.19876,MW,DE,DE_LU,actual_load,Actual Load,2026-06-23T17:24:51Z
2026-06-23T17:23:48Z,2026-06-23T19:23:48+0200,c51852f0-2285-49e0-9c34-cd4ce69db778,2026-06-10T01:45:00Z,2026-06-10T03:45:00+0200,45097.97608,MW,DE,DE_LU,actual_load,Actual Load,2026-06-23T17:24:51Z
2026-06-23T17:23:48Z,2026-06-23T19:23:48+0200,c51852f0-2285-49e0-9c34-cd4ce69db778,2026-06-10T02:00:00Z,2026-06-10T04:00:00+0200,45239.50908,MW,DE,DE_LU,actual_load,Actual Load,2026-06-23T17:24:51Z
2026-06-23T17:23:48Z,2026-06-23T19:23:48+0200,c51852f0-2285-49e0-9c34-cd4ce69db778,2026-06-10T02:15:00Z,2026-06-10T04:15:00+0200,45441.86952,MW,DE,DE_LU,actual_load,Actual Load,2026-06-23T17:24:51Z
2026-06-23T17:23:48Z,2026-06-23T19:23:48+0200,c51852f0-2285-49e0-9c34-cd4ce69db778,2026-06-10T02:30:00Z,2026-06-10T04:30:00+0200,45752.16989,MW,DE,DE_LU,actual_load,Actual Load,2026-06-23T17:24:51Z
2026-06-23T17:23:48Z,2026-06-23T19:23:48+0200,c51852f0-2285-49e0-9c34-cd4ce69db778,2026-06-10T02:45:00Z,2026-06-10T04:45:00+0200,45952.94024,MW,DE,DE_LU,actual_load,Actual Load,2026-06-23T17:24:51Z
2026-06-23T17:23:48Z,2026-06-23T19:23:48+0200,c51852f0-2285-49e0-9c34-cd4ce69db778,2026-06-10T03:00:00Z,2026-06-10T05:00:00+0200,46492.13869,MW,DE,DE_LU,actual_load,Actual Load,2026-06-23T17:24:51Z
2026-06-23T17:23:48Z,2026-06-23T19:23:48+0200,c51852f0-2285-49e0-9c34-cd4ce69db778,2026-06-10T03:15:00Z,2026-06-10T05:15:00+0200,47007.87071,MW,DE,DE_LU,actual_load,Actual Load,2026-06-23T17:24:51Z
2026-06-23T17:23:48Z,2026-06-23T19:23:48+0200,c51852f0-2285-49e0-9c34-cd4ce69db778,2026-06-10T03:30:00Z,2026-06-10T05:30:00+0200,47759.78823,MW,DE,DE_LU,actual_load,Actual Load,2026-06-23T17:24:51Z
2026-06-23T17:23:48Z,2026-06-23T19:23:48+0200,c51852f0-2285-49e0-9c34-cd4ce69db778,2026-06-10T03:45:00Z,2026-06-10T05:45:00+0200,48972.33623,MW,DE,DE_LU,actual_load,Actual Load,2026-06-23T17:24:51Z
2026-06-23T17:23:48Z,2026-06-23T19:23:48+0200,c51852f0-2285-49e0-9c34-cd4ce69db778,2026-06-10T04:00:00Z,2026-06-10T06:00:00+0200,51294.82087,MW,DE,DE_LU,actual_load,Actual Load,2026-06-23T17:24:51Z
2026-06-23T17:23:48Z,2026-06-23T19:23:48+0200,c51852f0-2285-49e0-9c34-cd4ce69db778,2026-06-10T04:15:00Z,2026-06-10T06:15:00+0200,53683.32152,MW,DE,DE_LU,actual_load,Actual Load,2026-06-23T17:24:51Z
2026-06-23T17:23:48Z,2026-06-23T19:23:48+0200,c51852f0-2285-49e0-9c34-cd4ce69db778,2026-06-10T04:30:00Z,2026-06-10T06:30:00+0200,54899.21737,MW,DE,DE_LU,actual_load,Actual Load,2026-06-23T17:24:51Z
2026-06-23T17:23:48Z,2026-06-23T19:23:48+0200,c51852f0-2285-49e0-9c34-cd4ce69db778,2026-06-10T04:45:00Z,2026-06-10T06:45:00+0200,56042.2891,MW,DE,DE_LU,actual_load,Actual Load,2026-06-23T17:24:51Z
2026-06-23T17:23:48Z,2026-06-23T19:23:48+0200,c51852f0-2285-49e0-9c34-cd4ce69db778,2026-06-10T05:00:00Z,2026-06-10T07:00:00+0200,56258.08301,MW,DE,DE_LU,actual_load,Actual Load,2026-06-23T17:24:51Z
2026-06-23T17:23:48Z,2026-06-23T19:23:48+0200,c51852f0-2285-49e0-9c34-cd4ce69db778,2026-06-10T05:15:00Z,2026-06-10T07:15:00+0200,57621.55378,MW,DE,DE_LU,actual_load,Actual Load,2026-06-23T17:24:51Z
2026-06-23T17:23:48Z,2026-06-23T19:23:48+0200,c51852f0-2285-49e0-9c34-cd4ce69db778,2026-06-10T05:30:00Z,2026-06-10T07:30:00+0200,58078.07326,MW,DE,DE_LU,actual_load,Actual Load,2026-06-23T17:24:51Z
2026-06-23T17:23:48Z,2026-06-23T19:23:48+0200,c51852f0-2285-49e0-9c34-cd4ce69db778,2026-06-10T05:45:00Z,2026-06-10T07:45:00+0200,58680.7956,MW,DE,DE_LU,actual_load,Actual Load,2026-06-23T17:24:51Z
2026-06-23T17:23:48Z,2026-06-23T19:23:48+0200,c51852f0-2285-49e0-9c34-cd4ce69db778,2026-06-10T06:00:00Z,2026-06-10T08:00:00+0200,59290.91101,MW,DE,DE_LU,actual_load,Actual Load,2026-06-23T17:24:51Z
2026-06-23T17:23:48Z,2026-06-23T19:23:48+0200,c51852f0-2285-49e0-9c34-cd4ce69db778,2026-06-10T06:15:00Z,2026-06-10T08:15:00+0200,60256.58033,MW,DE,DE_LU,actual_load,Actual Load,2026-06-23T17:24:51Z
2026-06-23T17:23:48Z,2026-06-23T19:23:48+0200,c51852f0-2285-49e0-9c34-cd4ce69db778,2026-06-10T06:30:00Z,2026-06-10T08:30:00+0200,60882.46583,MW,DE,DE_LU,actual_load,Actual Load,2026-06-23T17:24:51Z
2026-06-23T17:23:48Z,2026-06-23T19:23:48+0200,c51852f0-2285-49e0-9c34-cd4ce69db778,2026-06-10T06:45:00Z,2026-06-10T08:45:00+0200,60885.31411,MW,DE,DE_LU,actual_load,Actual Load,2026-06-23T17:24:51Z
2026-06-23T17:23:48Z,2026-06-23T19:23:48+0200,c51852f0-2285-49e0-9c34-cd4ce69db778,2026-06-10T07:00:00Z,2026-06-10T09:00:00+0200,59424.84547,MW,DE,DE_LU,actual_load,Actual Load,2026-06-23T17:24:51Z
2026-06-23T17:23:48Z,2026-06-23T19:23:48+0200,c51852f0-2285-49e0-9c34-cd4ce69db778,2026-06-10T07:15:00Z,2026-06-10T09:15:00+0200,59353.09488,MW,DE,DE_LU,actual_load,Actual Load,2026-06-23T17:24:51Z
2026-06-23T17:23:48Z,2026-06-23T19:23:48+0200,c51852f0-2285-49e0-9c34-cd4ce69db778,2026-06-10T07:30:00Z,2026-06-10T09:30:00+0200,59082.63651,MW,DE,DE_LU,actual_load,Actual Load,2026-06-23T17:24:51Z
2026-06-23T17:23:48Z,2026-06-23T19:23:48+0200,c51852f0-2285-49e0-9c34-cd4ce69db778,2026-06-10T07:45:00Z,2026-06-10T09:45:00+0200,59558.67654,MW,DE,DE_LU,actual_load,Actual Load,2026-06-23T17:24:51Z
2026-06-23T17:23:48Z,2026-06-23T19:23:48+0200,c51852f0-2285-49e0-9c34-cd4ce69db778,2026-06-10T08:00:00Z,2026-06-10T10:00:00+0200,59645.60144,MW,DE,DE_LU,actual_load,Actual Load,2026-06-23T17:24:51Z
2026-06-23T17:23:48Z,2026-06-23T19:23:48+0200,c51852f0-2285-49e0-9c34-cd4ce69db778,2026-06-10T08:15:00Z,2026-06-10T10:15:00+0200,60018.01386,MW,DE,DE_LU,actual_load,Actual Load,2026-06-23T17:24:51Z
2026-06-23T17:23:48Z,2026-06-23T19:23:48+0200,c51852f0-2285-49e0-9c34-cd4ce69db778,2026-06-10T08:30:00Z,2026-06-10T10:30:00+0200,59998.25628,MW,DE,DE_LU,actual_load,Actual Load,2026-06-23T17:24:51Z
2026-06-23T17:23:48Z,2026-06-23T19:23:48+0200,c51852f0-2285-49e0-9c34-cd4ce69db778,2026-06-10T08:45:00Z,2026-06-10T10:45:00+0200,59964.24135,MW,DE,DE_LU,actual_load,Actual Load,2026-06-23T17:24:51Z
2026-06-23T17:23:48Z,2026-06-23T19:23:48+0200,c51852f0-2285-49e0-9c34-cd4ce69db778,2026-06-10T09:00:00Z,2026-06-10T11:00:00+0200,59297.84527,MW,DE,DE_LU,actual_load,Actual Load,2026-06-23T17:24:51Z
2026-06-23T17:23:48Z,2026-06-23T19:23:48+0200,c51852f0-2285-49e0-9c34-cd4ce69db778,2026-06-10T09:15:00Z,2026-06-10T11:15:00+0200,59568.55459,MW,DE,DE_LU,actual_load,Actual Load,2026-06-23T17:24:51Z
2026-06-23T17:23:48Z,2026-06-23T19:23:48+0200,c51852f0-2285-49e0-9c34-cd4ce69db778,2026-06-10T09:30:00Z,2026-06-10T11:30:00+0200,59550.27232,MW,DE,DE_LU,actual_load,Actual Load,2026-06-23T17:24:51Z
2026-06-23T17:23:48Z,2026-06-23T19:23:48+0200,c51852f0-2285-49e0-9c34-cd4ce69db778,2026-06-10T09:45:00Z,2026-06-10T11:45:00+0200,59369.92939,MW,DE,DE_LU,actual_load,Actual Load,2026-06-23T17:24:51Z
2026-06-23T17:23:48Z,2026-06-23T19:23:48+0200,c51852f0-2285-49e0-9c34-cd4ce69db778,2026-06-10T10:00:00Z,2026-06-10T12:00:00+0200,59565.97921,MW,DE,DE_LU,actual_load,Actual Load,2026-06-23T17:24:51Z
2026-06-23T17:23:48Z,2026-06-23T19:23:48+0200,c51852f0-2285-49e0-9c34-cd4ce69db778,2026-06-10T10:15:00Z,2026-06-10T12:15:00+0200,59761.18512,MW,DE,DE_LU,actual_load,Actual Load,2026-06-23T17:24:51Z
2026-06-23T17:23:48Z,2026-06-23T19:23:48+0200,c51852f0-2285-49e0-9c34-cd4ce69db778,2026-06-10T10:30:00Z,2026-06-10T12:30:00+0200,59174.45079,MW,DE,DE_LU,actual_load,Actual Load,2026-06-23T17:24:51Z
2026-06-23T17:23:48Z,2026-06-23T19:23:48+0200,c51852f0-2285-49e0-9c34-cd4ce69db778,2026-06-10T10:45:00Z,2026-06-10T12:45:00+0200,58941.77253,MW,DE,DE_LU,actual_load,Actual Load,2026-06-23T17:24:51Z
2026-06-23T17:23:48Z,2026-06-23T19:23:48+0200,c51852f0-2285-49e0-9c34-cd4ce69db778,2026-06-10T11:00:00Z,2026-06-10T13:00:00+0200,59178.03972,MW,DE,DE_LU,actual_load,Actual Load,2026-06-23T17:24:51Z
2026-06-23T17:23:48Z,2026-06-23T19:23:48+0200,c51852f0-2285-49e0-9c34-cd4ce69db778,2026-06-10T11:15:00Z,2026-06-10T13:15:00+0200,58390.74113,MW,DE,DE_LU,actual_load,Actual Load,2026-06-23T17:24:51Z
2026-06-23T17:23:48Z,2026-06-23T19:23:48+0200,c51852f0-2285-49e0-9c34-cd4ce69db778,2026-06-10T11:30:00Z,2026-06-10T13:30:00+0200,58028.58649,MW,DE,DE_LU,actual_load,Actual Load,2026-06-23T17:24:51Z
2026-06-23T17:23:48Z,2026-06-23T19:23:48+0200,c51852f0-2285-49e0-9c34-cd4ce69db778,2026-06-10T11:45:00Z,2026-06-10T13:45:00+0200,57727.33301,MW,DE,DE_LU,actual_load,Actual Load,2026-06-23T17:24:51Z
2026-06-23T17:23:48Z,2026-06-23T19:23:48+0200,c51852f0-2285-49e0-9c34-cd4ce69db778,2026-06-10T12:00:00Z,2026-06-10T14:00:00+0200,56861.24193,MW,DE,DE_LU,actual_load,Actual Load,2026-06-23T17:24:51Z
2026-06-23T17:23:48Z,2026-06-23T19:23:48+0200,c51852f0-2285-49e0-9c34-cd4ce69db778,2026-06-10T12:15:00Z,2026-06-10T14:15:00+0200,56851.38195,MW,DE,DE_LU,actual_load,Actual Load,2026-06-23T17:24:51Z
2026-06-23T17:23:48Z,2026-06-23T19:23:48+0200,c51852f0-2285-49e0-9c34-cd4ce69db778,2026-06-10T12:30:00Z,2026-06-10T14:30:00+0200,56907.89048,MW,DE,DE_LU,actual_load,Actual Load,2026-06-23T17:24:51Z
2026-06-23T17:23:48Z,2026-06-23T19:23:48+0200,c51852f0-2285-49e0-9c34-cd4ce69db778,2026-06-10T12:45:00Z,2026-06-10T14:45:00+0200,56211.15916,MW,DE,DE_LU,actual_load,Actual Load,2026-06-23T17:24:51Z
2026-06-23T17:23:48Z,2026-06-23T19:23:48+0200,c51852f0-2285-49e0-9c34-cd4ce69db778,2026-06-10T13:00:00Z,2026-06-10T15:00:00+0200,56776.27597,MW,DE,DE_LU,actual_load,Actual Load,2026-06-23T17:24:51Z
2026-06-23T17:23:48Z,2026-06-23T19:23:48+0200,c51852f0-2285-49e0-9c34-cd4ce69db778,2026-06-10T13:15:00Z,2026-06-10T15:15:00+0200,56949.34123,MW,DE,DE_LU,actual_load,Actual Load,2026-06-23T17:24:51Z
2026-06-23T17:23:48Z,2026-06-23T19:23:48+0200,c51852f0-2285-49e0-9c34-cd4ce69db778,2026-06-10T13:30:00Z,2026-06-10T15:30:00+0200,56958.0716,MW,DE,DE_LU,actual_load,Actual Load,2026-06-23T17:24:51Z
2026-06-23T17:23:48Z,2026-06-23T19:23:48+0200,c51852f0-2285-49e0-9c34-cd4ce69db778,2026-06-10T13:45:00Z,2026-06-10T15:45:00+0200,56959.23193,MW,DE,DE_LU,actual_load,Actual Load,2026-06-23T17:24:51Z
2026-06-23T17:23:48Z,2026-06-23T19:23:48+0200,c51852f0-2285-49e0-9c34-cd4ce69db778,2026-06-10T14:00:00Z,2026-06-10T16:00:00+0200,57702.53823,MW,DE,DE_LU,actual_load,Actual Load,2026-06-23T17:24:51Z
2026-06-23T17:23:48Z,2026-06-23T19:23:48+0200,c51852f0-2285-49e0-9c34-cd4ce69db778,2026-06-10T14:15:00Z,2026-06-10T16:15:00+0200,57563.30518,MW,DE,DE_LU,actual_load,Actual Load,2026-06-23T17:24:51Z
2026-06-23T17:23:48Z,2026-06-23T19:23:48+0200,c51852f0-2285-49e0-9c34-cd4ce69db778,2026-06-10T14:30:00Z,2026-06-10T16:30:00+0200,57273.1093,MW,DE,DE_LU,actual_load,Actual Load,2026-06-23T17:24:51Z
2026-06-23T17:23:48Z,2026-06-23T19:23:48+0200,c51852f0-2285-49e0-9c34-cd4ce69db778,2026-06-10T14:45:00Z,2026-06-10T16:45:00+0200,57413.74589,MW,DE,DE_LU,actual_load,Actual Load,2026-06-23T17:24:51Z
2026-06-23T17:23:48Z,2026-06-23T19:23:48+0200,c51852f0-2285-49e0-9c34-cd4ce69db778,2026-06-10T15:00:00Z,2026-06-10T17:00:00+0200,57831.56736,MW,DE,DE_LU,actual_load,Actual Load,2026-06-23T17:24:51Z
2026-06-23T17:23:48Z,2026-06-23T19:23:48+0200,c51852f0-2285-49e0-9c34-cd4ce69db778,2026-06-10T15:15:00Z,2026-06-10T17:15:00+0200,58641.0508,MW,DE,DE_LU,actual_load,Actual Load,2026-06-23T17:24:51Z
2026-06-23T17:23:48Z,2026-06-23T19:23:48+0200,c51852f0-2285-49e0-9c34-cd4ce69db778,2026-06-10T15:30:00Z,2026-06-10T17:30:00+0200,58598.28449,MW,DE,DE_LU,actual_load,Actual Load,2026-06-23T17:24:51Z
2026-06-23T17:23:48Z,2026-06-23T19:23:48+0200,c51852f0-2285-49e0-9c34-cd4ce69db778,2026-06-10T15:45:00Z,2026-06-10T17:45:00+0200,58958.37116,MW,DE,DE_LU,actual_load,Actual Load,2026-06-23T17:24:51Z
2026-06-23T17:23:48Z,2026-06-23T19:23:48+0200,c51852f0-2285-49e0-9c34-cd4ce69db778,2026-06-10T16:00:00Z,2026-06-10T18:00:00+0200,59949.44219,MW,DE,DE_LU,actual_load,Actual Load,2026-06-23T17:24:51Z
2026-06-23T17:23:48Z,2026-06-23T19:23:48+0200,c51852f0-2285-49e0-9c34-cd4ce69db778,2026-06-10T16:15:00Z,2026-06-10T18:15:00+0200,60084.9068,MW,DE,DE_LU,actual_load,Actual Load,2026-06-23T17:24:51Z
2026-06-23T17:23:48Z,2026-06-23T19:23:48+0200,c51852f0-2285-49e0-9c34-cd4ce69db778,2026-06-10T16:30:00Z,2026-06-10T18:30:00+0200,59991.4741,MW,DE,DE_LU,actual_load,Actual Load,2026-06-23T17:24:51Z
2026-06-23T17:23:48Z,2026-06-23T19:23:48+0200,c51852f0-2285-49e0-9c34-cd4ce69db778,2026-06-10T16:45:00Z,2026-06-10T18:45:00+0200,59874.43933,MW,DE,DE_LU,actual_load,Actual Load,2026-06-23T17:24:51Z
2026-06-23T17:23:48Z,2026-06-23T19:23:48+0200,c51852f0-2285-49e0-9c34-cd4ce69db778,2026-06-10T17:00:00Z,2026-06-10T19:00:00+0200,59348.27797,MW,DE,DE_LU,actual_load,Actual Load,2026-06-23T17:24:51Z
2026-06-23T17:23:48Z,2026-06-23T19:23:48+0200,c51852f0-2285-49e0-9c34-cd4ce69db778,2026-06-10T17:15:00Z,2026-06-10T19:15:00+0200,58663.63761,MW,DE,DE_LU,actual_load,Actual Load,2026-06-23T17:24:51Z
2026-06-23T17:23:48Z,2026-06-23T19:23:48+0200,c51852f0-2285-49e0-9c34-cd4ce69db778,2026-06-10T17:30:00Z,2026-06-10T19:30:00+0200,58140.57905,MW,DE,DE_LU,actual_load,Actual Load,2026-06-23T17:24:51Z
2026-06-23T17:23:48Z,2026-06-23T19:23:48+0200,c51852f0-2285-49e0-9c34-cd4ce69db778,2026-06-10T17:45:00Z,2026-06-10T19:45:00+0200,57431.32852,MW,DE,DE_LU,actual_load,Actual Load,2026-06-23T17:24:51Z
2026-06-23T17:23:48Z,2026-06-23T19:23:48+0200,c51852f0-2285-49e0-9c34-cd4ce69db778,2026-06-10T18:00:00Z,2026-06-10T20:00:00+0200,57475.32611,MW,DE,DE_LU,actual_load,Actual Load,2026-06-23T17:24:51Z
2026-06-23T17:23:48Z,2026-06-23T19:23:48+0200,c51852f0-2285-49e0-9c34-cd4ce69db778,2026-06-10T18:15:00Z,2026-06-10T20:15:00+0200,56801.00105,MW,DE,DE_LU,actual_load,Actual Load,2026-06-23T17:24:51Z
2026-06-23T17:23:48Z,2026-06-23T19:23:48+0200,c51852f0-2285-49e0-9c34-cd4ce69db778,2026-06-10T18:30:00Z,2026-06-10T20:30:00+0200,55961.53675,MW,DE,DE_LU,actual_load,Actual Load,2026-06-23T17:24:51Z
2026-06-23T17:23:48Z,2026-06-23T19:23:48+0200,c51852f0-2285-49e0-9c34-cd4ce69db778,2026-06-10T18:45:00Z,2026-06-10T20:45:00+0200,55667.56188,MW,DE,DE_LU,actual_load,Actual Load,2026-06-23T17:24:51Z
2026-06-23T17:23:48Z,2026-06-23T19:23:48+0200,c51852f0-2285-49e0-9c34-cd4ce69db778,2026-06-10T19:00:00Z,2026-06-10T21:00:00+0200,55267.13055,MW,DE,DE_LU,actual_load,Actual Load,2026-06-23T17:24:51Z
2026-06-23T17:23:48Z,2026-06-23T19:23:48+0200,c51852f0-2285-49e0-9c34-cd4ce69db778,2026-06-10T19:15:00Z,2026-06-10T21:15:00+0200,55153.98577,MW,DE,DE_LU,actual_load,Actual Load,2026-06-23T17:24:51Z
2026-06-23T17:23:48Z,2026-06-23T19:23:48+0200,c51852f0-2285-49e0-9c34-cd4ce69db778,2026-06-10T19:30:00Z,2026-06-10T21:30:00+0200,54660.33618,MW,DE,DE_LU,actual_load,Actual Load,2026-06-23T17:24:51Z
2026-06-23T17:23:48Z,2026-06-23T19:23:48+0200,c51852f0-2285-49e0-9c34-cd4ce69db778,2026-06-10T19:45:00Z,2026-06-10T21:45:00+0200,54258.06232,MW,DE,DE_LU,actual_load,Actual Load,2026-06-23T17:24:51Z
2026-06-23T17:23:48Z,2026-06-23T19:23:48+0200,c51852f0-2285-49e0-9c34-cd4ce69db778,2026-06-10T20:00:00Z,2026-06-10T22:00:00+0200,53194.79472,MW,DE,DE_LU,actual_load,Actual Load,2026-06-23T17:24:51Z
2026-06-23T17:23:48Z,2026-06-23T19:23:48+0200,c51852f0-2285-49e0-9c34-cd4ce69db778,2026-06-10T20:15:00Z,2026-06-10T22:15:00+0200,52552.31218,MW,DE,DE_LU,actual_load,Actual Load,2026-06-23T17:24:51Z
2026-06-23T17:23:48Z,2026-06-23T19:23:48+0200,c51852f0-2285-49e0-9c34-cd4ce69db778,2026-06-10T20:30:00Z,2026-06-10T22:30:00+0200,51490.20911,MW,DE,DE_LU,actual_load,Actual Load,2026-06-23T17:24:51Z
2026-06-23T17:23:48Z,2026-06-23T19:23:48+0200,c51852f0-2285-49e0-9c34-cd4ce69db778,2026-06-10T20:45:00Z,2026-06-10T22:45:00+0200,51131.21363,MW,DE,DE_LU,actual_load,Actual Load,2026-06-23T17:24:51Z
2026-06-23T17:23:48Z,2026-06-23T19:23:48+0200,c51852f0-2285-49e0-9c34-cd4ce69db778,2026-06-10T21:00:00Z,2026-06-10T23:00:00+0200,50037.01574,MW,DE,DE_LU,actual_load,Actual Load,2026-06-23T17:24:51Z
2026-06-23T17:23:48Z,2026-06-23T19:23:48+0200,c51852f0-2285-49e0-9c34-cd4ce69db778,2026-06-10T21:15:00Z,2026-06-10T23:15:00+0200,49268.16744,MW,DE,DE_LU,actual_load,Actual Load,2026-06-23T17:24:51Z
2026-06-23T17:23:48Z,2026-06-23T19:23:48+0200,c51852f0-2285-49e0-9c34-cd4ce69db778,2026-06-10T21:30:00Z,2026-06-10T23:30:00+0200,48520.24665,MW,DE,DE_LU,actual_load,Actual Load,2026-06-23T17:24:51Z
2026-06-23T17:23:48Z,2026-06-23T19:23:48+0200,c51852f0-2285-49e0-9c34-cd4ce69db778,2026-06-10T21:45:00Z,2026-06-10T23:45:00+0200,47630.29625,MW,DE,DE_LU,actual_load,Actual Load,2026-06-23T17:24:51Z
2026-06-23T17:23:48Z,2026-06-23T19:23:48+0200,c51852f0-2285-49e0-9c34-cd4ce69db778,2026-06-10T22:00:00Z,2026-06-11T00:00:00+0200,46129.44012,MW,DE,DE_LU,actual_load,Actual Load,2026-06-23T17:24:51Z
2026-06-23T17:23:48Z,2026-06-23T19:23:48+0200,c51852f0-2285-49e0-9c34-cd4ce69db778,2026-06-10T22:15:00Z,2026-06-11T00:15:00+0200,45624.3537,MW,DE,DE_LU,actual_load,Actual Load,2026-06-23T17:24:51Z
2026-06-23T17:23:48Z,2026-06-23T19:23:48+0200,c51852f0-2285-49e0-9c34-cd4ce69db778,2026-06-10T22:30:00Z,2026-06-11T00:30:00+0200,45432.97876,MW,DE,DE_LU,actual_load,Actual Load,2026-06-23T17:24:51Z
2026-06-23T17:23:48Z,2026-06-23T19:23:48+0200,c51852f0-2285-49e0-9c34-cd4ce69db778,2026-06-10T22:45:00Z,2026-06-11T00:45:00+0200,44888.56929,MW,DE,DE_LU,actual_load,Actual Load,2026-06-23T17:24:51Z
2026-06-23T17:23:48Z,2026-06-23T19:23:48+0200,c51852f0-2285-49e0-9c34-cd4ce69db778,2026-06-10T23:00:00Z,2026-06-11T01:00:00+0200,44344.20682,MW,DE,DE_LU,actual_load,Actual Load,2026-06-23T17:24:51Z
2026-06-23T17:23:48Z,2026-06-23T19:23:48+0200,c51852f0-2285-49e0-9c34-cd4ce69db778,2026-06-10T23:15:00Z,2026-06-11T01:15:00+0200,44406.62077,MW,DE,DE_LU,actual_load,Actual Load,2026-06-23T17:24:51Z
2026-06-23T17:23:48Z,2026-06-23T19:23:48+0200,c51852f0-2285-49e0-9c34-cd4ce69db778,2026-06-10T23:30:00Z,2026-06-11T01:30:00+0200,44383.43902,MW,DE,DE_LU,actual_load,Actual Load,2026-06-23T17:24:51Z
2026-06-23T17:23:48Z,2026-06-23T19:23:48+0200,c51852f0-2285-49e0-9c34-cd4ce69db778,2026-06-10T23:45:00Z,2026-06-11T01:45:00+0200,44311.64529,MW,DE,DE_LU,actual_load,Actual Load,2026-06-23T17:24:51Z
2026-06-23T17:23:48Z,2026-06-23T19:23:48+0200,c51852f0-2285-49e0-9c34-cd4ce69db778,2026-06-11T00:00:00Z,2026-06-11T02:00:00+0200,43951.17467,MW,DE,DE_LU,actual_load,Actual Load,2026-06-23T17:24:51Z
2026-06-23T17:23:48Z,2026-06-23T19:23:48+0200,c51852f0-2285-49e0-9c34-cd4ce69db778,2026-06-11T00:15:00Z,2026-06-11T02:15:00+0200,44407.36141,MW,DE,DE_LU,actual_load,Actual Load,2026-06-23T17:24:51Z
2026-06-23T17:23:48Z,2026-06-23T19:23:48+0200,c51852f0-2285-49e0-9c34-cd4ce69db778,2026-06-11T00:30:00Z,2026-06-11T02:30:00+0200,44609.32964,MW,DE,DE_LU,actual_load,Actual Load,2026-06-23T17:24:51Z
2026-06-23T17:23:48Z,2026-06-23T19:23:48+0200,c51852f0-2285-49e0-9c34-cd4ce69db778,2026-06-11T00:45:00Z,2026-06-11T02:45:00+0200,44339.88546,MW,DE,DE_LU,actual_load,Actual Load,2026-06-23T17:24:51Z
2026-06-23T17:23:48Z,2026-06-23T19:23:48+0200,c51852f0-2285-49e0-9c34-cd4ce69db778,2026-06-11T01:00:00Z,2026-06-11T03:00:00+0200,44293.38706,MW,DE,DE_LU,actual_load,Actual Load,2026-06-23T17:24:51Z
2026-06-23T17:23:48Z,2026-06-23T19:23:48+0200,c51852f0-2285-49e0-9c34-cd4ce69db778,2026-06-11T01:15:00Z,2026-06-11T03:15:00+0200,44349.50188,MW,DE,DE_LU,actual_load,Actual Load,2026-06-23T17:24:51Z
2026-06-23T17:23:48Z,2026-06-23T19:23:48+0200,c51852f0-2285-49e0-9c34-cd4ce69db778,2026-06-11T01:30:00Z,2026-06-11T03:30:00+0200,44792.98935,MW,DE,DE_LU,actual_load,Actual Load,2026-06-23T17:24:51Z
2026-06-23T17:23:48Z,2026-06-23T19:23:48+0200,c51852f0-2285-49e0-9c34-cd4ce69db778,2026-06-11T01:45:00Z,2026-06-11T03:45:00+0200,44825.48364,MW,DE,DE_LU,actual_load,Actual Load,2026-06-23T17:24:51Z
2026-06-23T17:23:48Z,2026-06-23T19:23:48+0200,c51852f0-2285-49e0-9c34-cd4ce69db778,2026-06-11T02:00:00Z,2026-06-11T04:00:00+0200,45252.47873,MW,DE,DE_LU,actual_load,Actual Load,2026-06-23T17:24:51Z
2026-06-23T17:23:48Z,2026-06-23T19:23:48+0200,c51852f0-2285-49e0-9c34-cd4ce69db778,2026-06-11T02:15:00Z,2026-06-11T04:15:00+0200,45480.04414,MW,DE,DE_LU,actual_load,Actual Load,2026-06-23T17:24:51Z
2026-06-23T17:23:48Z,2026-06-23T19:23:48+0200,c51852f0-2285-49e0-9c34-cd4ce69db778,2026-06-11T02:30:00Z,2026-06-11T04:30:00+0200,45869.98821,MW,DE,DE_LU,actual_load,Actual Load,2026-06-23T17:24:51Z
2026-06-23T17:23:48Z,2026-06-23T19:23:48+0200,c51852f0-2285-49e0-9c34-cd4ce69db778,2026-06-11T02:45:00Z,2026-06-11T04:45:00+0200,46084.68378,MW,DE,DE_LU,actual_load,Actual Load,2026-06-23T17:24:51Z
2026-06-23T17:23:48Z,2026-06-23T19:23:48+0200,c51852f0-2285-49e0-9c34-cd4ce69db778,2026-06-11T03:00:00Z,2026-06-11T05:00:00+0200,47368.19212,MW,DE,DE_LU,actual_load,Actual Load,2026-06-23T17:24:51Z
2026-06-23T17:23:48Z,2026-06-23T19:23:48+0200,c51852f0-2285-49e0-9c34-cd4ce69db778,2026-06-11T03:15:00Z,2026-06-11T05:15:00+0200,48038.82138,MW,DE,DE_LU,actual_load,Actual Load,2026-06-23T17:24:51Z
2026-06-23T17:23:48Z,2026-06-23T19:23:48+0200,c51852f0-2285-49e0-9c34-cd4ce69db778,2026-06-11T03:30:00Z,2026-06-11T05:30:00+0200,48654.02912,MW,DE,DE_LU,actual_load,Actual Load,2026-06-23T17:24:51Z
2026-06-23T17:23:48Z,2026-06-23T19:23:48+0200,c51852f0-2285-49e0-9c34-cd4ce69db778,2026-06-11T03:45:00Z,2026-06-11T05:45:00+0200,49798.82362,MW,DE,DE_LU,actual_load,Actual Load,2026-06-23T17:24:51Z
2026-06-23T17:23:48Z,2026-06-23T19:23:48+0200,c51852f0-2285-49e0-9c34-cd4ce69db778,2026-06-11T04:00:00Z,2026-06-11T06:00:00+0200,51127.06875,MW,DE,DE_LU,actual_load,Actual Load,2026-06-23T17:24:51Z
2026-06-23T17:23:48Z,2026-06-23T19:23:48+0200,c51852f0-2285-49e0-9c34-cd4ce69db778,2026-06-11T04:15:00Z,2026-06-11T06:15:00+0200,52658.43358,MW,DE,DE_LU,actual_load,Actual Load,2026-06-23T17:24:51Z
2026-06-23T17:23:48Z,2026-06-23T19:23:48+0200,c51852f0-2285-49e0-9c34-cd4ce69db778,2026-06-11T04:30:00Z,2026-06-11T06:30:00+0200,53405.45199,MW,DE,DE_LU,actual_load,Actual Load,2026-06-23T17:24:51Z
2026-06-23T17:23:48Z,2026-06-23T19:23:48+0200,c51852f0-2285-49e0-9c34-cd4ce69db778,2026-06-11T04:45:00Z,2026-06-11T06:45:00+0200,54002.75023,MW,DE,DE_LU,actual_load,Actual Load,2026-06-23T17:24:51Z
2026-06-23T17:23:48Z,2026-06-23T19:23:48+0200,c51852f0-2285-49e0-9c34-cd4ce69db778,2026-06-11T05:00:00Z,2026-06-11T07:00:00+0200,54622.5824,MW,DE,DE_LU,actual_load,Actual Load,2026-06-23T17:24:51Z
2026-06-23T17:23:48Z,2026-06-23T19:23:48+0200,c51852f0-2285-49e0-9c34-cd4ce69db778,2026-06-11T05:15:00Z,2026-06-11T07:15:00+0200,55661.48206,MW,DE,DE_LU,actual_load,Actual Load,2026-06-23T17:24:51Z
2026-06-23T17:23:48Z,2026-06-23T19:23:48+0200,c51852f0-2285-49e0-9c34-cd4ce69db778,2026-06-11T05:30:00Z,2026-06-11T07:30:00+0200,56267.42155,MW,DE,DE_LU,actual_load,Actual Load,2026-06-23T17:24:51Z
2026-06-23T17:23:48Z,2026-06-23T19:23:48+0200,c51852f0-2285-49e0-9c34-cd4ce69db778,2026-06-11T05:45:00Z,2026-06-11T07:45:00+0200,56286.04059,MW,DE,DE_LU,actual_load,Actual Load,2026-06-23T17:24:51Z
2026-06-23T17:23:48Z,2026-06-23T19:23:48+0200,c51852f0-2285-49e0-9c34-cd4ce69db778,2026-06-11T06:00:00Z,2026-06-11T08:00:00+0200,55692.60932,MW,DE,DE_LU,actual_load,Actual Load,2026-06-23T17:24:51Z
2026-06-23T17:23:48Z,2026-06-23T19:23:48+0200,c51852f0-2285-49e0-9c34-cd4ce69db778,2026-06-11T06:15:00Z,2026-06-11T08:15:00+0200,56285.5487,MW,DE,DE_LU,actual_load,Actual Load,2026-06-23T17:24:51Z
2026-06-23T17:23:48Z,2026-06-23T19:23:48+0200,c51852f0-2285-49e0-9c34-cd4ce69db778,2026-06-11T06:30:00Z,2026-06-11T08:30:00+0200,56268.76559,MW,DE,DE_LU,actual_load,Actual Load,2026-06-23T17:24:51Z
2026-06-23T17:23:48Z,2026-06-23T19:23:48+0200,c51852f0-2285-49e0-9c34-cd4ce69db778,2026-06-11T06:45:00Z,2026-06-11T08:45:00+0200,56091.05807,MW,DE,DE_LU,actual_load,Actual Load,2026-06-23T17:24:51Z
2026-06-23T17:23:48Z,2026-06-23T19:23:48+0200,c51852f0-2285-49e0-9c34-cd4ce69db778,2026-06-11T07:00:00Z,2026-06-11T09:00:00+0200,54710.64439,MW,DE,DE_LU,actual_load,Actual Load,2026-06-23T17:24:51Z
2026-06-23T17:23:48Z,2026-06-23T19:23:48+0200,c51852f0-2285-49e0-9c34-cd4ce69db778,2026-06-11T07:15:00Z,2026-06-11T09:15:00+0200,53969.94465,MW,DE,DE_LU,actual_load,Actual Load,2026-06-23T17:24:51Z
2026-06-23T17:23:48Z,2026-06-23T19:23:48+0200,c51852f0-2285-49e0-9c34-cd4ce69db778,2026-06-11T07:30:00Z,2026-06-11T09:30:00+0200,53342.62748,MW,DE,DE_LU,actual_load,Actual Load,2026-06-23T17:24:51Z
2026-06-23T17:23:48Z,2026-06-23T19:23:48+0200,c51852f0-2285-49e0-9c34-cd4ce69db778,2026-06-11T07:45:00Z,2026-06-11T09:45:00+0200,52614.73242,MW,DE,DE_LU,actual_load,Actual Load,2026-06-23T17:24:51Z
2026-06-23T17:23:48Z,2026-06-23T19:23:48+0200,c51852f0-2285-49e0-9c34-cd4ce69db778,2026-06-11T08:00:00Z,2026-06-11T10:00:00+0200,52021.86445,MW,DE,DE_LU,actual_load,Actual Load,2026-06-23T17:24:51Z
2026-06-23T17:23:48Z,2026-06-23T19:23:48+0200,c51852f0-2285-49e0-9c34-cd4ce69db778,2026-06-11T08:15:00Z,2026-06-11T10:15:00+0200,51744.54909,MW,DE,DE_LU,actual_load,Actual Load,2026-06-23T17:24:51Z
2026-06-23T17:23:48Z,2026-06-23T19:23:48+0200,c51852f0-2285-49e0-9c34-cd4ce69db778,2026-06-11T08:30:00Z,2026-06-11T10:30:00+0200,50824.44531,MW,DE,DE_LU,actual_load,Actual Load,2026-06-23T17:24:51Z
2026-06-23T17:23:48Z,2026-06-23T19:23:48+0200,c51852f0-2285-49e0-9c34-cd4ce69db778,2026-06-11T08:45:00Z,2026-06-11T10:45:00+0200,50615.22178,MW,DE,DE_LU,actual_load,Actual Load,2026-06-23T17:24:51Z
2026-06-23T17:23:48Z,2026-06-23T19:23:48+0200,c51852f0-2285-49e0-9c34-cd4ce69db778,2026-06-11T09:00:00Z,2026-06-11T11:00:00+0200,50610.86301,MW,DE,DE_LU,actual_load,Actual Load,2026-06-23T17:24:51Z
2026-06-23T17:23:48Z,2026-06-23T19:23:48+0200,c51852f0-2285-49e0-9c34-cd4ce69db778,2026-06-11T09:15:00Z,2026-06-11T11:15:00+0200,50284.06036,MW,DE,DE_LU,actual_load,Actual Load,2026-06-23T17:24:51Z
2026-06-23T17:23:48Z,2026-06-23T19:23:48+0200,c51852f0-2285-49e0-9c34-cd4ce69db778,2026-06-11T09:30:00Z,2026-06-11T11:30:00+0200,50343.0181,MW,DE,DE_LU,actual_load,Actual Load,2026-06-23T17:24:51Z
2026-06-23T17:23:48Z,2026-06-23T19:23:48+0200,c51852f0-2285-49e0-9c34-cd4ce69db778,2026-06-11T09:45:00Z,2026-06-11T11:45:00+0200,49436.18986,MW,DE,DE_LU,actual_load,Actual Load,2026-06-23T17:24:51Z
2026-06-23T17:23:48Z,2026-06-23T19:23:48+0200,c51852f0-2285-49e0-9c34-cd4ce69db778,2026-06-11T10:00:00Z,2026-06-11T12:00:00+0200,49225.06539,MW,DE,DE_LU,actual_load,Actual Load,2026-06-23T17:24:51Z
2026-06-23T17:23:48Z,2026-06-23T19:23:48+0200,c51852f0-2285-49e0-9c34-cd4ce69db778,2026-06-11T10:15:00Z,2026-06-11T12:15:00+0200,48904.29404,MW,DE,DE_LU,actual_load,Actual Load,2026-06-23T17:24:51Z
2026-06-23T17:23:48Z,2026-06-23T19:23:48+0200,c51852f0-2285-49e0-9c34-cd4ce69db778,2026-06-11T10:30:00Z,2026-06-11T12:30:00+0200,48614.17572,MW,DE,DE_LU,actual_load,Actual Load,2026-06-23T17:24:51Z
2026-06-23T17:23:48Z,2026-06-23T19:23:48+0200,c51852f0-2285-49e0-9c34-cd4ce69db778,2026-06-11T10:45:00Z,2026-06-11T12:45:00+0200,48664.29793,MW,DE,DE_LU,actual_load,Actual Load,2026-06-23T17:24:51Z
2026-06-23T17:23:48Z,2026-06-23T19:23:48+0200,c51852f0-2285-49e0-9c34-cd4ce69db778,2026-06-11T11:00:00Z,2026-06-11T13:00:00+0200,47671.46656,MW,DE,DE_LU,actual_load,Actual Load,2026-06-23T17:24:51Z
2026-06-23T17:23:48Z,2026-06-23T19:23:48+0200,c51852f0-2285-49e0-9c34-cd4ce69db778,2026-06-11T11:15:00Z,2026-06-11T13:15:00+0200,46885.63066,MW,DE,DE_LU,actual_load,Actual Load,2026-06-23T17:24:51Z
2026-06-23T17:23:48Z,2026-06-23T19:23:48+0200,c51852f0-2285-49e0-9c34-cd4ce69db778,2026-06-11T11:30:00Z,2026-06-11T13:30:00+0200,46111.80544,MW,DE,DE_LU,actual_load,Actual Load,2026-06-23T17:24:51Z
2026-06-23T17:23:48Z,2026-06-23T19:23:48+0200,c51852f0-2285-49e0-9c34-cd4ce69db778,2026-06-11T11:45:00Z,2026-06-11T13:45:00+0200,48972.63909,MW,DE,DE_LU,actual_load,Actual Load,2026-06-23T17:24:51Z
2026-06-23T17:23:48Z,2026-06-23T19:23:48+0200,c51852f0-2285-49e0-9c34-cd4ce69db778,2026-06-11T12:00:00Z,2026-06-11T14:00:00+0200,54429.54654,MW,DE,DE_LU,actual_load,Actual Load,2026-06-23T17:24:51Z
2026-06-23T17:23:48Z,2026-06-23T19:23:48+0200,c51852f0-2285-49e0-9c34-cd4ce69db778,2026-06-11T12:15:00Z,2026-06-11T14:15:00+0200,53972.20748,MW,DE,DE_LU,actual_load,Actual Load,2026-06-23T17:24:51Z
2026-06-23T17:23:48Z,2026-06-23T19:23:48+0200,c51852f0-2285-49e0-9c34-cd4ce69db778,2026-06-11T12:30:00Z,2026-06-11T14:30:00+0200,53923.60074,MW,DE,DE_LU,actual_load,Actual Load,2026-06-23T17:24:51Z
2026-06-23T17:23:48Z,2026-06-23T19:23:48+0200,c51852f0-2285-49e0-9c34-cd4ce69db778,2026-06-11T12:45:00Z,2026-06-11T14:45:00+0200,53164.26001,MW,DE,DE_LU,actual_load,Actual Load,2026-06-23T17:24:51Z
2026-06-23T17:23:48Z,2026-06-23T19:23:48+0200,c51852f0-2285-49e0-9c34-cd4ce69db778,2026-06-11T13:00:00Z,2026-06-11T15:00:00+0200,53323.75144,MW,DE,DE_LU,actual_load,Actual Load,2026-06-23T17:24:51Z
2026-06-23T17:23:48Z,2026-06-23T19:23:48+0200,c51852f0-2285-49e0-9c34-cd4ce69db778,2026-06-11T13:15:00Z,2026-06-11T15:15:00+0200,52827.0768,MW,DE,DE_LU,actual_load,Actual Load,2026-06-23T17:24:51Z
2026-06-23T17:23:48Z,2026-06-23T19:23:48+0200,c51852f0-2285-49e0-9c34-cd4ce69db778,2026-06-11T13:30:00Z,2026-06-11T15:30:00+0200,52382.84252,MW,DE,DE_LU,actual_load,Actual Load,2026-06-23T17:24:51Z
2026-06-23T17:23:48Z,2026-06-23T19:23:48+0200,c51852f0-2285-49e0-9c34-cd4ce69db778,2026-06-11T13:45:00Z,2026-06-11T15:45:00+0200,52677.54256,MW,DE,DE_LU,actual_load,Actual Load,2026-06-23T17:24:51Z
2026-06-23T17:23:48Z,2026-06-23T19:23:48+0200,c51852f0-2285-49e0-9c34-cd4ce69db778,2026-06-11T14:00:00Z,2026-06-11T16:00:00+0200,53097.85785,MW,DE,DE_LU,actual_load,Actual Load,2026-06-23T17:24:51Z
2026-06-23T17:23:48Z,2026-06-23T19:23:48+0200,c51852f0-2285-49e0-9c34-cd4ce69db778,2026-06-11T14:15:00Z,2026-06-11T16:15:00+0200,53173.31148,MW,DE,DE_LU,actual_load,Actual Load,2026-06-23T17:24:51Z
2026-06-23T17:23:48Z,2026-06-23T19:23:48+0200,c51852f0-2285-49e0-9c34-cd4ce69db778,2026-06-11T14:30:00Z,2026-06-11T16:30:00+0200,53339.59648,MW,DE,DE_LU,actual_load,Actual Load,2026-06-23T17:24:51Z
2026-06-23T17:23:48Z,2026-06-23T19:23:48+0200,c51852f0-2285-49e0-9c34-cd4ce69db778,2026-06-11T14:45:00Z,2026-06-11T16:45:00+0200,53822.45093,MW,DE,DE_LU,actual_load,Actual Load,2026-06-23T17:24:51Z
2026-06-23T17:23:48Z,2026-06-23T19:23:48+0200,c51852f0-2285-49e0-9c34-cd4ce69db778,2026-06-11T15:00:00Z,2026-06-11T17:00:00+0200,54728.63964,MW,DE,DE_LU,actual_load,Actual Load,2026-06-23T17:24:51Z
2026-06-23T17:23:48Z,2026-06-23T19:23:48+0200,c51852f0-2285-49e0-9c34-cd4ce69db778,2026-06-11T15:15:00Z,2026-06-11T17:15:00+0200,54938.06495,MW,DE,DE_LU,actual_load,Actual Load,2026-06-23T17:24:51Z
2026-06-23T17:23:48Z,2026-06-23T19:23:48+0200,c51852f0-2285-49e0-9c34-cd4ce69db778,2026-06-11T15:30:00Z,2026-06-11T17:30:00+0200,55050.89227,MW,DE,DE_LU,actual_load,Actual Load,2026-06-23T17:24:51Z
2026-06-23T17:23:48Z,2026-06-23T19:23:48+0200,c51852f0-2285-49e0-9c34-cd4ce69db778,2026-06-11T15:45:00Z,2026-06-11T17:45:00+0200,55939.20123,MW,DE,DE_LU,actual_load,Actual Load,2026-06-23T17:24:51Z
2026-06-23T17:23:48Z,2026-06-23T19:23:48+0200,c51852f0-2285-49e0-9c34-cd4ce69db778,2026-06-11T16:00:00Z,2026-06-11T18:00:00+0200,56478.01299,MW,DE,DE_LU,actual_load,Actual Load,2026-06-23T17:24:51Z
2026-06-23T17:23:48Z,2026-06-23T19:23:48+0200,c51852f0-2285-49e0-9c34-cd4ce69db778,2026-06-11T16:15:00Z,2026-06-11T18:15:00+0200,56561.58189,MW,DE,DE_LU,actual_load,Actual Load,2026-06-23T17:24:51Z
2026-06-23T17:23:48Z,2026-06-23T19:23:48+0200,c51852f0-2285-49e0-9c34-cd4ce69db778,2026-06-11T16:30:00Z,2026-06-11T18:30:00+0200,56989.95429,MW,DE,DE_LU,actual_load,Actual Load,2026-06-23T17:24:51Z
2026-06-23T17:23:48Z,2026-06-23T19:23:48+0200,c51852f0-2285-49e0-9c34-cd4ce69db778,2026-06-11T16:45:00Z,2026-06-11T18:45:00+0200,57565.35212,MW,DE,DE_LU,actual_load,Actual Load,2026-06-23T17:24:51Z
2026-06-23T17:23:48Z,2026-06-23T19:23:48+0200,c51852f0-2285-49e0-9c34-cd4ce69db778,2026-06-11T17:00:00Z,2026-06-11T19:00:00+0200,58272.12811,MW,DE,DE_LU,actual_load,Actual Load,2026-06-23T17:24:51Z
2026-06-23T17:23:48Z,2026-06-23T19:23:48+0200,c51852f0-2285-49e0-9c34-cd4ce69db778,2026-06-11T17:15:00Z,2026-06-11T19:15:00+0200,57880.18873,MW,DE,DE_LU,actual_load,Actual Load,2026-06-23T17:24:51Z
2026-06-23T17:23:48Z,2026-06-23T19:23:48+0200,c51852f0-2285-49e0-9c34-cd4ce69db778,2026-06-11T17:30:00Z,2026-06-11T19:30:00+0200,57064.65076,MW,DE,DE_LU,actual_load,Actual Load,2026-06-23T17:24:51Z
2026-06-23T17:23:48Z,2026-06-23T19:23:48+0200,c51852f0-2285-49e0-9c34-cd4ce69db778,2026-06-11T17:45:00Z,2026-06-11T19:45:00+0200,56623.18801,MW,DE,DE_LU,actual_load,Actual Load,2026-06-23T17:24:51Z
2026-06-23T17:23:48Z,2026-06-23T19:23:48+0200,c51852f0-2285-49e0-9c34-cd4ce69db778,2026-06-11T18:00:00Z,2026-06-11T20:00:00+0200,56907.84269,MW,DE,DE_LU,actual_load,Actual Load,2026-06-23T17:24:51Z
2026-06-23T17:23:48Z,2026-06-23T19:23:48+0200,c51852f0-2285-49e0-9c34-cd4ce69db778,2026-06-11T18:15:00Z,2026-06-11T20:15:00+0200,56934.64372,MW,DE,DE_LU,actual_load,Actual Load,2026-06-23T17:24:51Z
2026-06-23T17:23:48Z,2026-06-23T19:23:48+0200,c51852f0-2285-49e0-9c34-cd4ce69db778,2026-06-11T18:30:00Z,2026-06-11T20:30:00+0200,56907.7833,MW,DE,DE_LU,actual_load,Actual Load,2026-06-23T17:24:51Z
2026-06-23T17:23:48Z,2026-06-23T19:23:48+0200,c51852f0-2285-49e0-9c34-cd4ce69db778,2026-06-11T18:45:00Z,2026-06-11T20:45:00+0200,56284.62823,MW,DE,DE_LU,actual_load,Actual Load,2026-06-23T17:24:51Z
2026-06-23T17:23:48Z,2026-06-23T19:23:48+0200,c51852f0-2285-49e0-9c34-cd4ce69db778,2026-06-11T19:00:00Z,2026-06-11T21:00:00+0200,55713.55273,MW,DE,DE_LU,actual_load,Actual Load,2026-06-23T17:24:51Z
2026-06-23T17:23:48Z,2026-06-23T19:23:48+0200,c51852f0-2285-49e0-9c34-cd4ce69db778,2026-06-11T19:15:00Z,2026-06-11T21:15:00+0200,54707.69619,MW,DE,DE_LU,actual_load,Actual Load,2026-06-23T17:24:51Z
2026-06-23T17:23:48Z,2026-06-23T19:23:48+0200,c51852f0-2285-49e0-9c34-cd4ce69db778,2026-06-11T19:30:00Z,2026-06-11T21:30:00+0200,54675.71675,MW,DE,DE_LU,actual_load,Actual Load,2026-06-23T17:24:51Z
2026-06-23T17:23:48Z,2026-06-23T19:23:48+0200,c51852f0-2285-49e0-9c34-cd4ce69db778,2026-06-11T19:45:00Z,2026-06-11T21:45:00+0200,54771.122,MW,DE,DE_LU,actual_load,Actual Load,2026-06-23T17:24:51Z
2026-06-23T17:23:48Z,2026-06-23T19:23:48+0200,c51852f0-2285-49e0-9c34-cd4ce69db778,2026-06-11T20:00:00Z,2026-06-11T22:00:00+0200,54354.14953,MW,DE,DE_LU,actual_load,Actual Load,2026-06-23T17:24:51Z
2026-06-23T17:23:48Z,2026-06-23T19:23:48+0200,c51852f0-2285-49e0-9c34-cd4ce69db778,2026-06-11T20:15:00Z,2026-06-11T22:15:00+0200,53503.47756,MW,DE,DE_LU,actual_load,Actual Load,2026-06-23T17:24:51Z
2026-06-23T17:23:48Z,2026-06-23T19:23:48+0200,c51852f0-2285-49e0-9c34-cd4ce69db778,2026-06-11T20:30:00Z,2026-06-11T22:30:00+0200,52645.22569,MW,DE,DE_LU,actual_load,Actual Load,2026-06-23T17:24:51Z
2026-06-23T17:23:48Z,2026-06-23T19:23:48+0200,c51852f0-2285-49e0-9c34-cd4ce69db778,2026-06-11T20:45:00Z,2026-06-11T22:45:00+0200,51675.60613,MW,DE,DE_LU,actual_load,Actual Load,2026-06-23T17:24:51Z
2026-06-23T17:23:48Z,2026-06-23T19:23:48+0200,c51852f0-2285-49e0-9c34-cd4ce69db778,2026-06-11T21:00:00Z,2026-06-11T23:00:00+0200,50987.72458,MW,DE,DE_LU,actual_load,Actual Load,2026-06-23T17:24:51Z
2026-06-23T17:23:48Z,2026-06-23T19:23:48+0200,c51852f0-2285-49e0-9c34-cd4ce69db778,2026-06-11T21:15:00Z,2026-06-11T23:15:00+0200,49592.01598,MW,DE,DE_LU,actual_load,Actual Load,2026-06-23T17:24:51Z
2026-06-23T17:23:48Z,2026-06-23T19:23:48+0200,c51852f0-2285-49e0-9c34-cd4ce69db778,2026-06-11T21:30:00Z,2026-06-11T23:30:00+0200,48522.60384,MW,DE,DE_LU,actual_load,Actual Load,2026-06-23T17:24:51Z
2026-06-23T17:23:48Z,2026-06-23T19:23:48+0200,c51852f0-2285-49e0-9c34-cd4ce69db778,2026-06-11T21:45:00Z,2026-06-11T23:45:00+0200,48072.27487,MW,DE,DE_LU,actual_load,Actual Load,2026-06-23T17:24:51Z
2026-06-23T17:23:48Z,2026-06-23T19:23:48+0200,c51852f0-2285-49e0-9c34-cd4ce69db778,2026-06-11T22:00:00Z,2026-06-12T00:00:00+0200,48321.91557,MW,DE,DE_LU,actual_load,Actual Load,2026-06-23T17:24:51Z
2026-06-23T17:23:48Z,2026-06-23T19:23:48+0200,c51852f0-2285-49e0-9c34-cd4ce69db778,2026-06-11T22:15:00Z,2026-06-12T00:15:00+0200,47467.51777,MW,DE,DE_LU,actual_load,Actual Load,2026-06-23T17:24:51Z
2026-06-23T17:23:48Z,2026-06-23T19:23:48+0200,c51852f0-2285-49e0-9c34-cd4ce69db778,2026-06-11T22:30:00Z,2026-06-12T00:30:00+0200,46671.45768,MW,DE,DE_LU,actual_load,Actual Load,2026-06-23T17:24:51Z
2026-06-23T17:23:48Z,2026-06-23T19:23:48+0200,c51852f0-2285-49e0-9c34-cd4ce69db778,2026-06-11T22:45:00Z,2026-06-12T00:45:00+0200,46520.37438,MW,DE,DE_LU,actual_load,Actual Load,2026-06-23T17:24:51Z
2026-06-23T17:23:48Z,2026-06-23T19:23:48+0200,c51852f0-2285-49e0-9c34-cd4ce69db778,2026-06-11T23:00:00Z,2026-06-12T01:00:00+0200,45659.01917,MW,DE,DE_LU,actual_load,Actual Load,2026-06-23T17:24:51Z
2026-06-23T17:23:48Z,2026-06-23T19:23:48+0200,c51852f0-2285-49e0-9c34-cd4ce69db778,2026-06-11T23:15:00Z,2026-06-12T01:15:00+0200,44459.16761,MW,DE,DE_LU,actual_load,Actual Load,2026-06-23T17:24:51Z
2026-06-23T17:23:48Z,2026-06-23T19:23:48+0200,c51852f0-2285-49e0-9c34-cd4ce69db778,2026-06-11T23:30:00Z,2026-06-12T01:30:00+0200,43886.2676,MW,DE,DE_LU,actual_load,Actual Load,2026-06-23T17:24:51Z
2026-06-23T17:23:48Z,2026-06-23T19:23:48+0200,c51852f0-2285-49e0-9c34-cd4ce69db778,2026-06-11T23:45:00Z,2026-06-12T01:45:00+0200,44470.99805,MW,DE,DE_LU,actual_load,Actual Load,2026-06-23T17:24:51Z
2026-06-23T17:23:48Z,2026-06-23T19:23:48+0200,c51852f0-2285-49e0-9c34-cd4ce69db778,2026-06-12T00:00:00Z,2026-06-12T02:00:00+0200,44446.37443,MW,DE,DE_LU,actual_load,Actual Load,2026-06-23T17:24:51Z
2026-06-23T17:23:48Z,2026-06-23T19:23:48+0200,c51852f0-2285-49e0-9c34-cd4ce69db778,2026-06-12T00:15:00Z,2026-06-12T02:15:00+0200,44546.34766,MW,DE,DE_LU,actual_load,Actual Load,2026-06-23T17:24:51Z
2026-06-23T17:23:48Z,2026-06-23T19:23:48+0200,c51852f0-2285-49e0-9c34-cd4ce69db778,2026-06-12T00:30:00Z,2026-06-12T02:30:00+0200,44748.97684,MW,DE,DE_LU,actual_load,Actual Load,2026-06-23T17:24:51Z
2026-06-23T17:23:48Z,2026-06-23T19:23:48+0200,c51852f0-2285-49e0-9c34-cd4ce69db778,2026-06-12T00:45:00Z,2026-06-12T02:45:00+0200,45240.31168,MW,DE,DE_LU,actual_load,Actual Load,2026-06-23T17:24:51Z
2026-06-23T17:23:48Z,2026-06-23T19:23:48+0200,c51852f0-2285-49e0-9c34-cd4ce69db778,2026-06-12T01:00:00Z,2026-06-12T03:00:00+0200,44571.29833,MW,DE,DE_LU,actual_load,Actual Load,2026-06-23T17:24:51Z
2026-06-23T17:23:48Z,2026-06-23T19:23:48+0200,c51852f0-2285-49e0-9c34-cd4ce69db778,2026-06-12T01:15:00Z,2026-06-12T03:15:00+0200,44746.59241,MW,DE,DE_LU,actual_load,Actual Load,2026-06-23T17:24:51Z
2026-06-23T17:23:48Z,2026-06-23T19:23:48+0200,c51852f0-2285-49e0-9c34-cd4ce69db778,2026-06-12T01:30:00Z,2026-06-12T03:30:00+0200,44546.83705,MW,DE,DE_LU,actual_load,Actual Load,2026-06-23T17:24:51Z
2026-06-23T17:23:48Z,2026-06-23T19:23:48+0200,c51852f0-2285-49e0-9c34-cd4ce69db778,2026-06-12T01:45:00Z,2026-06-12T03:45:00+0200,44666.55026,MW,DE,DE_LU,actual_load,Actual Load,2026-06-23T17:24:51Z
2026-06-23T17:23:48Z,2026-06-23T19:23:48+0200,c51852f0-2285-49e0-9c34-cd4ce69db778,2026-06-12T02:00:00Z,2026-06-12T04:00:00+0200,45079.87617,MW,DE,DE_LU,actual_load,Actual Load,2026-06-23T17:24:51Z
2026-06-23T17:23:48Z,2026-06-23T19:23:48+0200,c51852f0-2285-49e0-9c34-cd4ce69db778,2026-06-12T02:15:00Z,2026-06-12T04:15:00+0200,45157.90275,MW,DE,DE_LU,actual_load,Actual Load,2026-06-23T17:24:51Z
2026-06-23T17:23:48Z,2026-06-23T19:23:48+0200,c51852f0-2285-49e0-9c34-cd4ce69db778,2026-06-12T02:30:00Z,2026-06-12T04:30:00+0200,45424.61547,MW,DE,DE_LU,actual_load,Actual Load,2026-06-23T17:24:51Z
2026-06-23T17:23:48Z,2026-06-23T19:23:48+0200,c51852f0-2285-49e0-9c34-cd4ce69db778,2026-06-12T02:45:00Z,2026-06-12T04:45:00+0200,45763.1721,MW,DE,DE_LU,actual_load,Actual Load,2026-06-23T17:24:51Z
2026-06-23T17:23:48Z,2026-06-23T19:23:48+0200,c51852f0-2285-49e0-9c34-cd4ce69db778,2026-06-12T03:00:00Z,2026-06-12T05:00:00+0200,46686.6584,MW,DE,DE_LU,actual_load,Actual Load,2026-06-23T17:24:51Z
2026-06-23T17:23:48Z,2026-06-23T19:23:48+0200,c51852f0-2285-49e0-9c34-cd4ce69db778,2026-06-12T03:15:00Z,2026-06-12T05:15:00+0200,47033.4393,MW,DE,DE_LU,actual_load,Actual Load,2026-06-23T17:24:51Z
2026-06-23T17:23:48Z,2026-06-23T19:23:48+0200,c51852f0-2285-49e0-9c34-cd4ce69db778,2026-06-12T03:30:00Z,2026-06-12T05:30:00+0200,48197.77368,MW,DE,DE_LU,actual_load,Actual Load,2026-06-23T17:24:51Z
2026-06-23T17:23:48Z,2026-06-23T19:23:48+0200,c51852f0-2285-49e0-9c34-cd4ce69db778,2026-06-12T03:45:00Z,2026-06-12T05:45:00+0200,49676.92478,MW,DE,DE_LU,actual_load,Actual Load,2026-06-23T17:24:51Z
2026-06-23T17:23:48Z,2026-06-23T19:23:48+0200,c51852f0-2285-49e0-9c34-cd4ce69db778,2026-06-12T04:00:00Z,2026-06-12T06:00:00+0200,51992.86851,MW,DE,DE_LU,actual_load,Actual Load,2026-06-23T17:24:51Z
2026-06-23T17:23:48Z,2026-06-23T19:23:48+0200,c51852f0-2285-49e0-9c34-cd4ce69db778,2026-06-12T04:15:00Z,2026-06-12T06:15:00+0200,53767.34534,MW,DE,DE_LU,actual_load,Actual Load,2026-06-23T17:24:51Z
2026-06-23T17:23:48Z,2026-06-23T19:23:48+0200,c51852f0-2285-49e0-9c34-cd4ce69db778,2026-06-12T04:30:00Z,2026-06-12T06:30:00+0200,54893.73479,MW,DE,DE_LU,actual_load,Actual Load,2026-06-23T17:24:51Z
2026-06-23T17:23:48Z,2026-06-23T19:23:48+0200,c51852f0-2285-49e0-9c34-cd4ce69db778,2026-06-12T04:45:00Z,2026-06-12T06:45:00+0200,55920.73368,MW,DE,DE_LU,actual_load,Actual Load,2026-06-23T17:24:51Z
2026-06-23T17:23:48Z,2026-06-23T19:23:48+0200,c51852f0-2285-49e0-9c34-cd4ce69db778,2026-06-12T05:00:00Z,2026-06-12T07:00:00+0200,56637.20892,MW,DE,DE_LU,actual_load,Actual Load,2026-06-23T17:24:51Z
2026-06-23T17:23:48Z,2026-06-23T19:23:48+0200,c51852f0-2285-49e0-9c34-cd4ce69db778,2026-06-12T05:15:00Z,2026-06-12T07:15:00+0200,57853.14128,MW,DE,DE_LU,actual_load,Actual Load,2026-06-23T17:24:51Z
2026-06-23T17:23:48Z,2026-06-23T19:23:48+0200,c51852f0-2285-49e0-9c34-cd4ce69db778,2026-06-12T05:30:00Z,2026-06-12T07:30:00+0200,59137.63255,MW,DE,DE_LU,actual_load,Actual Load,2026-06-23T17:24:51Z
2026-06-23T17:23:48Z,2026-06-23T19:23:48+0200,c51852f0-2285-49e0-9c34-cd4ce69db778,2026-06-12T05:45:00Z,2026-06-12T07:45:00+0200,59930.69562,MW,DE,DE_LU,actual_load,Actual Load,2026-06-23T17:24:51Z
2026-06-23T17:23:48Z,2026-06-23T19:23:48+0200,c51852f0-2285-49e0-9c34-cd4ce69db778,2026-06-12T06:00:00Z,2026-06-12T08:00:00+0200,60429.96602,MW,DE,DE_LU,actual_load,Actual Load,2026-06-23T17:24:51Z
2026-06-23T17:23:48Z,2026-06-23T19:23:48+0200,c51852f0-2285-49e0-9c34-cd4ce69db778,2026-06-12T06:15:00Z,2026-06-12T08:15:00+0200,61349.06301,MW,DE,DE_LU,actual_load,Actual Load,2026-06-23T17:24:51Z
2026-06-23T17:23:48Z,2026-06-23T19:23:48+0200,c51852f0-2285-49e0-9c34-cd4ce69db778,2026-06-12T06:30:00Z,2026-06-12T08:30:00+0200,62364.19789,MW,DE,DE_LU,actual_load,Actual Load,2026-06-23T17:24:51Z
2026-06-23T17:23:48Z,2026-06-23T19:23:48+0200,c51852f0-2285-49e0-9c34-cd4ce69db778,2026-06-12T06:45:00Z,2026-06-12T08:45:00+0200,62781.1361,MW,DE,DE_LU,actual_load,Actual Load,2026-06-23T17:24:51Z
2026-06-23T17:23:48Z,2026-06-23T19:23:48+0200,c51852f0-2285-49e0-9c34-cd4ce69db778,2026-06-12T07:00:00Z,2026-06-12T09:00:00+0200,61521.54918,MW,DE,DE_LU,actual_load,Actual Load,2026-06-23T17:24:51Z
2026-06-23T17:23:48Z,2026-06-23T19:23:48+0200,c51852f0-2285-49e0-9c34-cd4ce69db778,2026-06-12T07:15:00Z,2026-06-12T09:15:00+0200,62376.54144,MW,DE,DE_LU,actual_load,Actual Load,2026-06-23T17:24:51Z
2026-06-23T17:23:48Z,2026-06-23T19:23:48+0200,c51852f0-2285-49e0-9c34-cd4ce69db778,2026-06-12T07:30:00Z,2026-06-12T09:30:00+0200,62392.25197,MW,DE,DE_LU,actual_load,Actual Load,2026-06-23T17:24:51Z
2026-06-23T17:23:48Z,2026-06-23T19:23:48+0200,c51852f0-2285-49e0-9c34-cd4ce69db778,2026-06-12T07:45:00Z,2026-06-12T09:45:00+0200,62940.20052,MW,DE,DE_LU,actual_load,Actual Load,2026-06-23T17:24:51Z
2026-06-23T17:23:48Z,2026-06-23T19:23:48+0200,c51852f0-2285-49e0-9c34-cd4ce69db778,2026-06-12T08:00:00Z,2026-06-12T10:00:00+0200,63128.79085,MW,DE,DE_LU,actual_load,Actual Load,2026-06-23T17:24:51Z
2026-06-23T17:23:48Z,2026-06-23T19:23:48+0200,c51852f0-2285-49e0-9c34-cd4ce69db778,2026-06-12T08:15:00Z,2026-06-12T10:15:00+0200,63239.68709,MW,DE,DE_LU,actual_load,Actual Load,2026-06-23T17:24:51Z
2026-06-23T17:23:48Z,2026-06-23T19:23:48+0200,c51852f0-2285-49e0-9c34-cd4ce69db778,2026-06-12T08:30:00Z,2026-06-12T10:30:00+0200,63058.81922,MW,DE,DE_LU,actual_load,Actual Load,2026-06-23T17:24:51Z
2026-06-23T17:23:48Z,2026-06-23T19:23:48+0200,c51852f0-2285-49e0-9c34-cd4ce69db778,2026-06-12T08:45:00Z,2026-06-12T10:45:00+0200,63396.2701,MW,DE,DE_LU,actual_load,Actual Load,2026-06-23T17:24:51Z
2026-06-23T17:23:48Z,2026-06-23T19:23:48+0200,c51852f0-2285-49e0-9c34-cd4ce69db778,2026-06-12T09:00:00Z,2026-06-12T11:00:00+0200,63719.69503,MW,DE,DE_LU,actual_load,Actual Load,2026-06-23T17:24:51Z
2026-06-23T17:23:48Z,2026-06-23T19:23:48+0200,c51852f0-2285-49e0-9c34-cd4ce69db778,2026-06-12T09:15:00Z,2026-06-12T11:15:00+0200,63292.64205,MW,DE,DE_LU,actual_load,Actual Load,2026-06-23T17:24:51Z
2026-06-23T17:23:48Z,2026-06-23T19:23:48+0200,c51852f0-2285-49e0-9c34-cd4ce69db778,2026-06-12T09:30:00Z,2026-06-12T11:30:00+0200,62814.49262,MW,DE,DE_LU,actual_load,Actual Load,2026-06-23T17:24:51Z
2026-06-23T17:23:48Z,2026-06-23T19:23:48+0200,c51852f0-2285-49e0-9c34-cd4ce69db778,2026-06-12T09:45:00Z,2026-06-12T11:45:00+0200,63043.84409,MW,DE,DE_LU,actual_load,Actual Load,2026-06-23T17:24:51Z
2026-06-23T17:23:48Z,2026-06-23T19:23:48+0200,c51852f0-2285-49e0-9c34-cd4ce69db778,2026-06-12T10:00:00Z,2026-06-12T12:00:00+0200,62904.40415,MW,DE,DE_LU,actual_load,Actual Load,2026-06-23T17:24:51Z
2026-06-23T17:23:48Z,2026-06-23T19:23:48+0200,c51852f0-2285-49e0-9c34-cd4ce69db778,2026-06-12T10:15:00Z,2026-06-12T12:15:00+0200,62941.75538,MW,DE,DE_LU,actual_load,Actual Load,2026-06-23T17:24:51Z
2026-06-23T17:23:48Z,2026-06-23T19:23:48+0200,c51852f0-2285-49e0-9c34-cd4ce69db778,2026-06-12T10:30:00Z,2026-06-12T12:30:00+0200,62224.18898,MW,DE,DE_LU,actual_load,Actual Load,2026-06-23T17:24:51Z
2026-06-23T17:23:48Z,2026-06-23T19:23:48+0200,c51852f0-2285-49e0-9c34-cd4ce69db778,2026-06-12T10:45:00Z,2026-06-12T12:45:00+0200,62407.30732,MW,DE,DE_LU,actual_load,Actual Load,2026-06-23T17:24:51Z
2026-06-23T17:23:48Z,2026-06-23T19:23:48+0200,c51852f0-2285-49e0-9c34-cd4ce69db778,2026-06-12T11:00:00Z,2026-06-12T13:00:00+0200,62481.91411,MW,DE,DE_LU,actual_load,Actual Load,2026-06-23T17:24:51Z
2026-06-23T17:23:48Z,2026-06-23T19:23:48+0200,c51852f0-2285-49e0-9c34-cd4ce69db778,2026-06-12T11:15:00Z,2026-06-12T13:15:00+0200,62263.10402,MW,DE,DE_LU,actual_load,Actual Load,2026-06-23T17:24:51Z
2026-06-23T17:23:48Z,2026-06-23T19:23:48+0200,c51852f0-2285-49e0-9c34-cd4ce69db778,2026-06-12T11:30:00Z,2026-06-12T13:30:00+0200,61307.61935,MW,DE,DE_LU,actual_load,Actual Load,2026-06-23T17:24:51Z
2026-06-23T17:23:48Z,2026-06-23T19:23:48+0200,c51852f0-2285-49e0-9c34-cd4ce69db778,2026-06-12T11:45:00Z,2026-06-12T13:45:00+0200,60958.82627,MW,DE,DE_LU,actual_load,Actual Load,2026-06-23T17:24:51Z
2026-06-23T17:23:48Z,2026-06-23T19:23:48+0200,c51852f0-2285-49e0-9c34-cd4ce69db778,2026-06-12T12:00:00Z,2026-06-12T14:00:00+0200,59571.46548,MW,DE,DE_LU,actual_load,Actual Load,2026-06-23T17:24:51Z
2026-06-23T17:23:48Z,2026-06-23T19:23:48+0200,c51852f0-2285-49e0-9c34-cd4ce69db778,2026-06-12T12:15:00Z,2026-06-12T14:15:00+0200,59089.67968,MW,DE,DE_LU,actual_load,Actual Load,2026-06-23T17:24:51Z
2026-06-23T17:23:48Z,2026-06-23T19:23:48+0200,c51852f0-2285-49e0-9c34-cd4ce69db778,2026-06-12T12:30:00Z,2026-06-12T14:30:00+0200,59340.32122,MW,DE,DE_LU,actual_load,Actual Load,2026-06-23T17:24:51Z
2026-06-23T17:23:48Z,2026-06-23T19:23:48+0200,c51852f0-2285-49e0-9c34-cd4ce69db778,2026-06-12T12:45:00Z,2026-06-12T14:45:00+0200,59519.83859,MW,DE,DE_LU,actual_load,Actual Load,2026-06-23T17:24:51Z
2026-06-23T17:23:48Z,2026-06-23T19:23:48+0200,c51852f0-2285-49e0-9c34-cd4ce69db778,2026-06-12T13:00:00Z,2026-06-12T15:00:00+0200,59710.05013,MW,DE,DE_LU,actual_load,Actual Load,2026-06-23T17:24:51Z
2026-06-23T17:23:48Z,2026-06-23T19:23:48+0200,c51852f0-2285-49e0-9c34-cd4ce69db778,2026-06-12T13:15:00Z,2026-06-12T15:15:00+0200,58956.55439,MW,DE,DE_LU,actual_load,Actual Load,2026-06-23T17:24:51Z
2026-06-23T17:23:48Z,2026-06-23T19:23:48+0200,c51852f0-2285-49e0-9c34-cd4ce69db778,2026-06-12T13:30:00Z,2026-06-12T15:30:00+0200,58776.67538,MW,DE,DE_LU,actual_load,Actual Load,2026-06-23T17:24:51Z
2026-06-23T17:23:48Z,2026-06-23T19:23:48+0200,c51852f0-2285-49e0-9c34-cd4ce69db778,2026-06-12T13:45:00Z,2026-06-12T15:45:00+0200,58580.6584,MW,DE,DE_LU,actual_load,Actual Load,2026-06-23T17:24:51Z
2026-06-23T17:23:48Z,2026-06-23T19:23:48+0200,c51852f0-2285-49e0-9c34-cd4ce69db778,2026-06-12T14:00:00Z,2026-06-12T16:00:00+0200,59359.04013,MW,DE,DE_LU,actual_load,Actual Load,2026-06-23T17:24:51Z
2026-06-23T17:23:48Z,2026-06-23T19:23:48+0200,c51852f0-2285-49e0-9c34-cd4ce69db778,2026-06-12T14:15:00Z,2026-06-12T16:15:00+0200,58967.97587,MW,DE,DE_LU,actual_load,Actual Load,2026-06-23T17:24:51Z
2026-06-23T17:23:48Z,2026-06-23T19:23:48+0200,c51852f0-2285-49e0-9c34-cd4ce69db778,2026-06-12T14:30:00Z,2026-06-12T16:30:00+0200,58558.01618,MW,DE,DE_LU,actual_load,Actual Load,2026-06-23T17:24:51Z
2026-06-23T17:23:48Z,2026-06-23T19:23:48+0200,c51852f0-2285-49e0-9c34-cd4ce69db778,2026-06-12T14:45:00Z,2026-06-12T16:45:00+0200,58269.57817,MW,DE,DE_LU,actual_load,Actual Load,2026-06-23T17:24:51Z
2026-06-23T17:23:48Z,2026-06-23T19:23:48+0200,c51852f0-2285-49e0-9c34-cd4ce69db778,2026-06-12T15:00:00Z,2026-06-12T17:00:00+0200,58438.31258,MW,DE,DE_LU,actual_load,Actual Load,2026-06-23T17:24:51Z
2026-06-23T17:23:48Z,2026-06-23T19:23:48+0200,c51852f0-2285-49e0-9c34-cd4ce69db778,2026-06-12T15:15:00Z,2026-06-12T17:15:00+0200,58528.59831,MW,DE,DE_LU,actual_load,Actual Load,2026-06-23T17:24:51Z
2026-06-23T17:23:48Z,2026-06-23T19:23:48+0200,c51852f0-2285-49e0-9c34-cd4ce69db778,2026-06-12T15:30:00Z,2026-06-12T17:30:00+0200,58475.53707,MW,DE,DE_LU,actual_load,Actual Load,2026-06-23T17:24:51Z
2026-06-23T17:23:48Z,2026-06-23T19:23:48+0200,c51852f0-2285-49e0-9c34-cd4ce69db778,2026-06-12T15:45:00Z,2026-06-12T17:45:00+0200,58151.64432,MW,DE,DE_LU,actual_load,Actual Load,2026-06-23T17:24:51Z
2026-06-23T17:23:48Z,2026-06-23T19:23:48+0200,c51852f0-2285-49e0-9c34-cd4ce69db778,2026-06-12T16:00:00Z,2026-06-12T18:00:00+0200,58039.37526,MW,DE,DE_LU,actual_load,Actual Load,2026-06-23T17:24:51Z
2026-06-23T17:23:48Z,2026-06-23T19:23:48+0200,c51852f0-2285-49e0-9c34-cd4ce69db778,2026-06-12T16:15:00Z,2026-06-12T18:15:00+0200,57924.76261,MW,DE,DE_LU,actual_load,Actual Load,2026-06-23T17:24:51Z
2026-06-23T17:23:48Z,2026-06-23T19:23:48+0200,c51852f0-2285-49e0-9c34-cd4ce69db778,2026-06-12T16:30:00Z,2026-06-12T18:30:00+0200,57761.53873,MW,DE,DE_LU,actual_load,Actual Load,2026-06-23T17:24:51Z
2026-06-23T17:23:48Z,2026-06-23T19:23:48+0200,c51852f0-2285-49e0-9c34-cd4ce69db778,2026-06-12T16:45:00Z,2026-06-12T18:45:00+0200,57753.07385,MW,DE,DE_LU,actual_load,Actual Load,2026-06-23T17:24:51Z
2026-06-23T17:23:48Z,2026-06-23T19:23:48+0200,c51852f0-2285-49e0-9c34-cd4ce69db778,2026-06-12T17:00:00Z,2026-06-12T19:00:00+0200,57663.01562,MW,DE,DE_LU,actual_load,Actual Load,2026-06-23T17:24:51Z
2026-06-23T17:23:48Z,2026-06-23T19:23:48+0200,c51852f0-2285-49e0-9c34-cd4ce69db778,2026-06-12T17:15:00Z,2026-06-12T19:15:00+0200,56652.82546,MW,DE,DE_LU,actual_load,Actual Load,2026-06-23T17:24:51Z
2026-06-23T17:23:48Z,2026-06-23T19:23:48+0200,c51852f0-2285-49e0-9c34-cd4ce69db778,2026-06-12T17:30:00Z,2026-06-12T19:30:00+0200,55756.38994,MW,DE,DE_LU,actual_load,Actual Load,2026-06-23T17:24:51Z
2026-06-23T17:23:48Z,2026-06-23T19:23:48+0200,c51852f0-2285-49e0-9c34-cd4ce69db778,2026-06-12T17:45:00Z,2026-06-12T19:45:00+0200,55358.91573,MW,DE,DE_LU,actual_load,Actual Load,2026-06-23T17:24:51Z
2026-06-23T17:23:48Z,2026-06-23T19:23:48+0200,c51852f0-2285-49e0-9c34-cd4ce69db778,2026-06-12T18:00:00Z,2026-06-12T20:00:00+0200,54947.99044,MW,DE,DE_LU,actual_load,Actual Load,2026-06-23T17:24:51Z
2026-06-23T17:23:48Z,2026-06-23T19:23:48+0200,c51852f0-2285-49e0-9c34-cd4ce69db778,2026-06-12T18:15:00Z,2026-06-12T20:15:00+0200,53915.42182,MW,DE,DE_LU,actual_load,Actual Load,2026-06-23T17:24:51Z
2026-06-23T17:23:48Z,2026-06-23T19:23:48+0200,c51852f0-2285-49e0-9c34-cd4ce69db778,2026-06-12T18:30:00Z,2026-06-12T20:30:00+0200,53232.92163,MW,DE,DE_LU,actual_load,Actual Load,2026-06-23T17:24:51Z
2026-06-23T17:23:48Z,2026-06-23T19:23:48+0200,c51852f0-2285-49e0-9c34-cd4ce69db778,2026-06-12T18:45:00Z,2026-06-12T20:45:00+0200,53071.44401,MW,DE,DE_LU,actual_load,Actual Load,2026-06-23T17:24:51Z
2026-06-23T17:23:48Z,2026-06-23T19:23:48+0200,c51852f0-2285-49e0-9c34-cd4ce69db778,2026-06-12T19:00:00Z,2026-06-12T21:00:00+0200,52463.43946,MW,DE,DE_LU,actual_load,Actual Load,2026-06-23T17:24:51Z
2026-06-23T17:23:48Z,2026-06-23T19:23:48+0200,c51852f0-2285-49e0-9c34-cd4ce69db778,2026-06-12T19:15:00Z,2026-06-12T21:15:00+0200,51645.60819,MW,DE,DE_LU,actual_load,Actual Load,2026-06-23T17:24:51Z
2026-06-23T17:23:48Z,2026-06-23T19:23:48+0200,c51852f0-2285-49e0-9c34-cd4ce69db778,2026-06-12T19:30:00Z,2026-06-12T21:30:00+0200,51584.84572,MW,DE,DE_LU,actual_load,Actual Load,2026-06-23T17:24:51Z
2026-06-23T17:23:48Z,2026-06-23T19:23:48+0200,c51852f0-2285-49e0-9c34-cd4ce69db778,2026-06-12T19:45:00Z,2026-06-12T21:45:00+0200,50598.78829,MW,DE,DE_LU,actual_load,Actual Load,2026-06-23T17:24:51Z
2026-06-23T17:23:48Z,2026-06-23T19:23:48+0200,c51852f0-2285-49e0-9c34-cd4ce69db778,2026-06-12T20:00:00Z,2026-06-12T22:00:00+0200,50311.79362,MW,DE,DE_LU,actual_load,Actual Load,2026-06-23T17:24:51Z
2026-06-23T17:23:48Z,2026-06-23T19:23:48+0200,c51852f0-2285-49e0-9c34-cd4ce69db778,2026-06-12T20:15:00Z,2026-06-12T22:15:00+0200,49421.39598,MW,DE,DE_LU,actual_load,Actual Load,2026-06-23T17:24:51Z
2026-06-23T17:23:48Z,2026-06-23T19:23:48+0200,c51852f0-2285-49e0-9c34-cd4ce69db778,2026-06-12T20:30:00Z,2026-06-12T22:30:00+0200,48485.72895,MW,DE,DE_LU,actual_load,Actual Load,2026-06-23T17:24:51Z
2026-06-23T17:23:48Z,2026-06-23T19:23:48+0200,c51852f0-2285-49e0-9c34-cd4ce69db778,2026-06-12T20:45:00Z,2026-06-12T22:45:00+0200,47944.95677,MW,DE,DE_LU,actual_load,Actual Load,2026-06-23T17:24:51Z
2026-06-23T17:23:48Z,2026-06-23T19:23:48+0200,c51852f0-2285-49e0-9c34-cd4ce69db778,2026-06-12T21:00:00Z,2026-06-12T23:00:00+0200,47113.48195,MW,DE,DE_LU,actual_load,Actual Load,2026-06-23T17:24:51Z
2026-06-23T17:23:48Z,2026-06-23T19:23:48+0200,c51852f0-2285-49e0-9c34-cd4ce69db778,2026-06-12T21:15:00Z,2026-06-12T23:15:00+0200,46526.07033,MW,DE,DE_LU,actual_load,Actual Load,2026-06-23T17:24:51Z
2026-06-23T17:23:48Z,2026-06-23T19:23:48+0200,c51852f0-2285-49e0-9c34-cd4ce69db778,2026-06-12T21:30:00Z,2026-06-12T23:30:00+0200,45763.13955,MW,DE,DE_LU,actual_load,Actual Load,2026-06-23T17:24:51Z
2026-06-23T17:23:48Z,2026-06-23T19:23:48+0200,c51852f0-2285-49e0-9c34-cd4ce69db778,2026-06-12T21:45:00Z,2026-06-12T23:45:00+0200,44857.61181,MW,DE,DE_LU,actual_load,Actual Load,2026-06-23T17:24:51Z
2026-06-23T17:23:48Z,2026-06-23T19:23:48+0200,c51852f0-2285-49e0-9c34-cd4ce69db778,2026-06-12T22:00:00Z,2026-06-13T00:00:00+0200,43536.93676,MW,DE,DE_LU,actual_load,Actual Load,2026-06-23T17:24:51Z
2026-06-23T17:23:48Z,2026-06-23T19:23:48+0200,c51852f0-2285-49e0-9c34-cd4ce69db778,2026-06-12T22:15:00Z,2026-06-13T00:15:00+0200,42700.2773,MW,DE,DE_LU,actual_load,Actual Load,2026-06-23T17:24:51Z
2026-06-23T17:23:48Z,2026-06-23T19:23:48+0200,c51852f0-2285-49e0-9c34-cd4ce69db778,2026-06-12T22:30:00Z,2026-06-13T00:30:00+0200,42906.51597,MW,DE,DE_LU,actual_load,Actual Load,2026-06-23T17:24:51Z
2026-06-23T17:23:48Z,2026-06-23T19:23:48+0200,c51852f0-2285-49e0-9c34-cd4ce69db778,2026-06-12T22:45:00Z,2026-06-13T00:45:00+0200,42771.84791,MW,DE,DE_LU,actual_load,Actual Load,2026-06-23T17:24:51Z
2026-06-23T17:23:48Z,2026-06-23T19:23:48+0200,c51852f0-2285-49e0-9c34-cd4ce69db778,2026-06-12T23:00:00Z,2026-06-13T01:00:00+0200,41663.64155,MW,DE,DE_LU,actual_load,Actual Load,2026-06-23T17:24:51Z
2026-06-23T17:23:48Z,2026-06-23T19:23:48+0200,c51852f0-2285-49e0-9c34-cd4ce69db778,2026-06-12T23:15:00Z,2026-06-13T01:15:00+0200,41809.43675,MW,DE,DE_LU,actual_load,Actual Load,2026-06-23T17:24:51Z
2026-06-23T17:23:48Z,2026-06-23T19:23:48+0200,c51852f0-2285-49e0-9c34-cd4ce69db778,2026-06-12T23:30:00Z,2026-06-13T01:30:00+0200,41468.13429,MW,DE,DE_LU,actual_load,Actual Load,2026-06-23T17:24:51Z
2026-06-23T17:23:48Z,2026-06-23T19:23:48+0200,c51852f0-2285-49e0-9c34-cd4ce69db778,2026-06-12T23:45:00Z,2026-06-13T01:45:00+0200,41272.00288,MW,DE,DE_LU,actual_load,Actual Load,2026-06-23T17:24:51Z
2026-06-23T17:23:48Z,2026-06-23T19:23:48+0200,c51852f0-2285-49e0-9c34-cd4ce69db778,2026-06-13T00:00:00Z,2026-06-13T02:00:00+0200,40564.05701,MW,DE,DE_LU,actual_load,Actual Load,2026-06-23T17:24:51Z
2026-06-23T17:23:48Z,2026-06-23T19:23:48+0200,c51852f0-2285-49e0-9c34-cd4ce69db778,2026-06-13T00:15:00Z,2026-06-13T02:15:00+0200,40587.27865,MW,DE,DE_LU,actual_load,Actual Load,2026-06-23T17:24:51Z
2026-06-23T17:23:48Z,2026-06-23T19:23:48+0200,c51852f0-2285-49e0-9c34-cd4ce69db778,2026-06-13T00:30:00Z,2026-06-13T02:30:00+0200,41064.42466,MW,DE,DE_LU,actual_load,Actual Load,2026-06-23T17:24:51Z
2026-06-23T17:23:48Z,2026-06-23T19:23:48+0200,c51852f0-2285-49e0-9c34-cd4ce69db778,2026-06-13T00:45:00Z,2026-06-13T02:45:00+0200,41258.53939,MW,DE,DE_LU,actual_load,Actual Load,2026-06-23T17:24:51Z
2026-06-23T17:23:48Z,2026-06-23T19:23:48+0200,c51852f0-2285-49e0-9c34-cd4ce69db778,2026-06-13T01:00:00Z,2026-06-13T03:00:00+0200,40213.51269,MW,DE,DE_LU,actual_load,Actual Load,2026-06-23T17:24:51Z
2026-06-23T17:23:48Z,2026-06-23T19:23:48+0200,c51852f0-2285-49e0-9c34-cd4ce69db778,2026-06-13T01:15:00Z,2026-06-13T03:15:00+0200,40182.47133,MW,DE,DE_LU,actual_load,Actual Load,2026-06-23T17:24:51Z
2026-06-23T17:23:48Z,2026-06-23T19:23:48+0200,c51852f0-2285-49e0-9c34-cd4ce69db778,2026-06-13T01:30:00Z,2026-06-13T03:30:00+0200,40243.01631,MW,DE,DE_LU,actual_load,Actual Load,2026-06-23T17:24:51Z
2026-06-23T17:23:48Z,2026-06-23T19:23:48+0200,c51852f0-2285-49e0-9c34-cd4ce69db778,2026-06-13T01:45:00Z,2026-06-13T03:45:00+0200,40601.37763,MW,DE,DE_LU,actual_load,Actual Load,2026-06-23T17:24:51Z
2026-06-23T17:23:48Z,2026-06-23T19:23:48+0200,c51852f0-2285-49e0-9c34-cd4ce69db778,2026-06-13T02:00:00Z,2026-06-13T04:00:00+0200,40325.15213,MW,DE,DE_LU,actual_load,Actual Load,2026-06-23T17:24:51Z
2026-06-23T17:23:48Z,2026-06-23T19:23:48+0200,c51852f0-2285-49e0-9c34-cd4ce69db778,2026-06-13T02:15:00Z,2026-06-13T04:15:00+0200,40649.37556,MW,DE,DE_LU,actual_load,Actual Load,2026-06-23T17:24:51Z
2026-06-23T17:23:48Z,2026-06-23T19:23:48+0200,c51852f0-2285-49e0-9c34-cd4ce69db778,2026-06-13T02:30:00Z,2026-06-13T04:30:00+0200,40916.08902,MW,DE,DE_LU,actual_load,Actual Load,2026-06-23T17:24:51Z
2026-06-23T17:23:48Z,2026-06-23T19:23:48+0200,c51852f0-2285-49e0-9c34-cd4ce69db778,2026-06-13T02:45:00Z,2026-06-13T04:45:00+0200,40992.46922,MW,DE,DE_LU,actual_load,Actual Load,2026-06-23T17:24:51Z
2026-06-23T17:23:48Z,2026-06-23T19:23:48+0200,c51852f0-2285-49e0-9c34-cd4ce69db778,2026-06-13T03:00:00Z,2026-06-13T05:00:00+0200,40751.63766,MW,DE,DE_LU,actual_load,Actual Load,2026-06-23T17:24:51Z
2026-06-23T17:23:48Z,2026-06-23T19:23:48+0200,c51852f0-2285-49e0-9c34-cd4ce69db778,2026-06-13T03:15:00Z,2026-06-13T05:15:00+0200,41253.04954,MW,DE,DE_LU,actual_load,Actual Load,2026-06-23T17:24:51Z
2026-06-23T17:23:48Z,2026-06-23T19:23:48+0200,c51852f0-2285-49e0-9c34-cd4ce69db778,2026-06-13T03:30:00Z,2026-06-13T05:30:00+0200,41813.82095,MW,DE,DE_LU,actual_load,Actual Load,2026-06-23T17:24:51Z
2026-06-23T17:23:48Z,2026-06-23T19:23:48+0200,c51852f0-2285-49e0-9c34-cd4ce69db778,2026-06-13T03:45:00Z,2026-06-13T05:45:00+0200,42209.70095,MW,DE,DE_LU,actual_load,Actual Load,2026-06-23T17:24:51Z
2026-06-23T17:23:48Z,2026-06-23T19:23:48+0200,c51852f0-2285-49e0-9c34-cd4ce69db778,2026-06-13T04:00:00Z,2026-06-13T06:00:00+0200,41667.01419,MW,DE,DE_LU,actual_load,Actual Load,2026-06-23T17:24:51Z
2026-06-23T17:23:48Z,2026-06-23T19:23:48+0200,c51852f0-2285-49e0-9c34-cd4ce69db778,2026-06-13T04:15:00Z,2026-06-13T06:15:00+0200,41952.52645,MW,DE,DE_LU,actual_load,Actual Load,2026-06-23T17:24:51Z
2026-06-23T17:23:48Z,2026-06-23T19:23:48+0200,c51852f0-2285-49e0-9c34-cd4ce69db778,2026-06-13T04:30:00Z,2026-06-13T06:30:00+0200,42962.54164,MW,DE,DE_LU,actual_load,Actual Load,2026-06-23T17:24:51Z
2026-06-23T17:23:48Z,2026-06-23T19:23:48+0200,c51852f0-2285-49e0-9c34-cd4ce69db778,2026-06-13T04:45:00Z,2026-06-13T06:45:00+0200,42836.52166,MW,DE,DE_LU,actual_load,Actual Load,2026-06-23T17:24:51Z
2026-06-23T17:23:48Z,2026-06-23T19:23:48+0200,c51852f0-2285-49e0-9c34-cd4ce69db778,2026-06-13T05:00:00Z,2026-06-13T07:00:00+0200,43242.90669,MW,DE,DE_LU,actual_load,Actual Load,2026-06-23T17:24:51Z
2026-06-23T17:23:48Z,2026-06-23T19:23:48+0200,c51852f0-2285-49e0-9c34-cd4ce69db778,2026-06-13T05:15:00Z,2026-06-13T07:15:00+0200,43797.61125,MW,DE,DE_LU,actual_load,Actual Load,2026-06-23T17:24:51Z
2026-06-23T17:23:48Z,2026-06-23T19:23:48+0200,c51852f0-2285-49e0-9c34-cd4ce69db778,2026-06-13T05:30:00Z,2026-06-13T07:30:00+0200,44317.92734,MW,DE,DE_LU,actual_load,Actual Load,2026-06-23T17:24:51Z
2026-06-23T17:23:48Z,2026-06-23T19:23:48+0200,c51852f0-2285-49e0-9c34-cd4ce69db778,2026-06-13T05:45:00Z,2026-06-13T07:45:00+0200,45101.37705,MW,DE,DE_LU,actual_load,Actual Load,2026-06-23T17:24:51Z
2026-06-23T17:23:48Z,2026-06-23T19:23:48+0200,c51852f0-2285-49e0-9c34-cd4ce69db778,2026-06-13T06:00:00Z,2026-06-13T08:00:00+0200,45296.76359,MW,DE,DE_LU,actual_load,Actual Load,2026-06-23T17:24:51Z
2026-06-23T17:23:48Z,2026-06-23T19:23:48+0200,c51852f0-2285-49e0-9c34-cd4ce69db778,2026-06-13T06:15:00Z,2026-06-13T08:15:00+0200,46080.71776,MW,DE,DE_LU,actual_load,Actual Load,2026-06-23T17:24:51Z
2026-06-23T17:23:48Z,2026-06-23T19:23:48+0200,c51852f0-2285-49e0-9c34-cd4ce69db778,2026-06-13T06:30:00Z,2026-06-13T08:30:00+0200,46913.52579,MW,DE,DE_LU,actual_load,Actual Load,2026-06-23T17:24:51Z
2026-06-23T17:23:48Z,2026-06-23T19:23:48+0200,c51852f0-2285-49e0-9c34-cd4ce69db778,2026-06-13T06:45:00Z,2026-06-13T08:45:00+0200,47673.51999,MW,DE,DE_LU,actual_load,Actual Load,2026-06-23T17:24:51Z
2026-06-23T17:23:48Z,2026-06-23T19:23:48+0200,c51852f0-2285-49e0-9c34-cd4ce69db778,2026-06-13T07:00:00Z,2026-06-13T09:00:00+0200,47953.78099,MW,DE,DE_LU,actual_load,Actual Load,2026-06-23T17:24:51Z
2026-06-23T17:23:48Z,2026-06-23T19:23:48+0200,c51852f0-2285-49e0-9c34-cd4ce69db778,2026-06-13T07:15:00Z,2026-06-13T09:15:00+0200,47823.74267,MW,DE,DE_LU,actual_load,Actual Load,2026-06-23T17:24:51Z
2026-06-23T17:23:48Z,2026-06-23T19:23:48+0200,c51852f0-2285-49e0-9c34-cd4ce69db778,2026-06-13T07:30:00Z,2026-06-13T09:30:00+0200,48245.27448,MW,DE,DE_LU,actual_load,Actual Load,2026-06-23T17:24:51Z
2026-06-23T17:23:48Z,2026-06-23T19:23:48+0200,c51852f0-2285-49e0-9c34-cd4ce69db778,2026-06-13T07:45:00Z,2026-06-13T09:45:00+0200,48935.93715,MW,DE,DE_LU,actual_load,Actual Load,2026-06-23T17:24:51Z
2026-06-23T17:23:48Z,2026-06-23T19:23:48+0200,c51852f0-2285-49e0-9c34-cd4ce69db778,2026-06-13T08:00:00Z,2026-06-13T10:00:00+0200,48405.93638,MW,DE,DE_LU,actual_load,Actual Load,2026-06-23T17:24:51Z
2026-06-23T17:23:48Z,2026-06-23T19:23:48+0200,c51852f0-2285-49e0-9c34-cd4ce69db778,2026-06-13T08:15:00Z,2026-06-13T10:15:00+0200,48616.91093,MW,DE,DE_LU,actual_load,Actual Load,2026-06-23T17:24:51Z
2026-06-23T17:23:48Z,2026-06-23T19:23:48+0200,c51852f0-2285-49e0-9c34-cd4ce69db778,2026-06-13T08:30:00Z,2026-06-13T10:30:00+0200,48356.07873,MW,DE,DE_LU,actual_load,Actual Load,2026-06-23T17:24:51Z
2026-06-23T17:23:48Z,2026-06-23T19:23:48+0200,c51852f0-2285-49e0-9c34-cd4ce69db778,2026-06-13T08:45:00Z,2026-06-13T10:45:00+0200,49231.23194,MW,DE,DE_LU,actual_load,Actual Load,2026-06-23T17:24:51Z
2026-06-23T17:23:48Z,2026-06-23T19:23:48+0200,c51852f0-2285-49e0-9c34-cd4ce69db778,2026-06-13T09:00:00Z,2026-06-13T11:00:00+0200,49646.84232,MW,DE,DE_LU,actual_load,Actual Load,2026-06-23T17:24:51Z
2026-06-23T17:23:48Z,2026-06-23T19:23:48+0200,c51852f0-2285-49e0-9c34-cd4ce69db778,2026-06-13T09:15:00Z,2026-06-13T11:15:00+0200,49852.28567,MW,DE,DE_LU,actual_load,Actual Load,2026-06-23T17:24:51Z
2026-06-23T17:23:48Z,2026-06-23T19:23:48+0200,c51852f0-2285-49e0-9c34-cd4ce69db778,2026-06-13T09:30:00Z,2026-06-13T11:30:00+0200,49384.64485,MW,DE,DE_LU,actual_load,Actual Load,2026-06-23T17:24:51Z
2026-06-23T17:23:48Z,2026-06-23T19:23:48+0200,c51852f0-2285-49e0-9c34-cd4ce69db778,2026-06-13T09:45:00Z,2026-06-13T11:45:00+0200,48877.76171,MW,DE,DE_LU,actual_load,Actual Load,2026-06-23T17:24:51Z
2026-06-23T17:23:48Z,2026-06-23T19:23:48+0200,c51852f0-2285-49e0-9c34-cd4ce69db778,2026-06-13T10:00:00Z,2026-06-13T12:00:00+0200,49130.47381,MW,DE,DE_LU,actual_load,Actual Load,2026-06-23T17:24:51Z
2026-06-23T17:23:48Z,2026-06-23T19:23:48+0200,c51852f0-2285-49e0-9c34-cd4ce69db778,2026-06-13T10:15:00Z,2026-06-13T12:15:00+0200,49245.70231,MW,DE,DE_LU,actual_load,Actual Load,2026-06-23T17:24:51Z
2026-06-23T17:23:48Z,2026-06-23T19:23:48+0200,c51852f0-2285-49e0-9c34-cd4ce69db778,2026-06-13T10:30:00Z,2026-06-13T12:30:00+0200,48984.89392,MW,DE,DE_LU,actual_load,Actual Load,2026-06-23T17:24:51Z
2026-06-23T17:23:48Z,2026-06-23T19:23:48+0200,c51852f0-2285-49e0-9c34-cd4ce69db778,2026-06-13T10:45:00Z,2026-06-13T12:45:00+0200,48353.28992,MW,DE,DE_LU,actual_load,Actual Load,2026-06-23T17:24:51Z
2026-06-23T17:23:48Z,2026-06-23T19:23:48+0200,c51852f0-2285-49e0-9c34-cd4ce69db778,2026-06-13T11:00:00Z,2026-06-13T13:00:00+0200,47695.50187,MW,DE,DE_LU,actual_load,Actual Load,2026-06-23T17:24:51Z
2026-06-23T17:23:48Z,2026-06-23T19:23:48+0200,c51852f0-2285-49e0-9c34-cd4ce69db778,2026-06-13T11:15:00Z,2026-06-13T13:15:00+0200,46943.67552,MW,DE,DE_LU,actual_load,Actual Load,2026-06-23T17:24:51Z
2026-06-23T17:23:48Z,2026-06-23T19:23:48+0200,c51852f0-2285-49e0-9c34-cd4ce69db778,2026-06-13T11:30:00Z,2026-06-13T13:30:00+0200,46385.14215,MW,DE,DE_LU,actual_load,Actual Load,2026-06-23T17:24:51Z
2026-06-23T17:23:48Z,2026-06-23T19:23:48+0200,c51852f0-2285-49e0-9c34-cd4ce69db778,2026-06-13T11:45:00Z,2026-06-13T13:45:00+0200,45862.20554,MW,DE,DE_LU,actual_load,Actual Load,2026-06-23T17:24:51Z
2026-06-23T17:23:48Z,2026-06-23T19:23:48+0200,c51852f0-2285-49e0-9c34-cd4ce69db778,2026-06-13T12:00:00Z,2026-06-13T14:00:00+0200,46081.71164,MW,DE,DE_LU,actual_load,Actual Load,2026-06-23T17:24:51Z
2026-06-23T17:23:48Z,2026-06-23T19:23:48+0200,c51852f0-2285-49e0-9c34-cd4ce69db778,2026-06-13T12:15:00Z,2026-06-13T14:15:00+0200,46068.95206,MW,DE,DE_LU,actual_load,Actual Load,2026-06-23T17:24:51Z
2026-06-23T17:23:48Z,2026-06-23T19:23:48+0200,c51852f0-2285-49e0-9c34-cd4ce69db778,2026-06-13T12:30:00Z,2026-06-13T14:30:00+0200,45890.05789,MW,DE,DE_LU,actual_load,Actual Load,2026-06-23T17:24:51Z
2026-06-23T17:23:48Z,2026-06-23T19:23:48+0200,c51852f0-2285-49e0-9c34-cd4ce69db778,2026-06-13T12:45:00Z,2026-06-13T14:45:00+0200,45596.12586,MW,DE,DE_LU,actual_load,Actual Load,2026-06-23T17:24:51Z
2026-06-23T17:23:48Z,2026-06-23T19:23:48+0200,c51852f0-2285-49e0-9c34-cd4ce69db778,2026-06-13T13:00:00Z,2026-06-13T15:00:00+0200,45470.3257,MW,DE,DE_LU,actual_load,Actual Load,2026-06-23T17:24:51Z
2026-06-23T17:23:48Z,2026-06-23T19:23:48+0200,c51852f0-2285-49e0-9c34-cd4ce69db778,2026-06-13T13:15:00Z,2026-06-13T15:15:00+0200,45257.54447,MW,DE,DE_LU,actual_load,Actual Load,2026-06-23T17:24:51Z
2026-06-23T17:23:48Z,2026-06-23T19:23:48+0200,c51852f0-2285-49e0-9c34-cd4ce69db778,2026-06-13T13:30:00Z,2026-06-13T15:30:00+0200,44146.57136,MW,DE,DE_LU,actual_load,Actual Load,2026-06-23T17:24:51Z
2026-06-23T17:23:48Z,2026-06-23T19:23:48+0200,c51852f0-2285-49e0-9c34-cd4ce69db778,2026-06-13T13:45:00Z,2026-06-13T15:45:00+0200,43812.34305,MW,DE,DE_LU,actual_load,Actual Load,2026-06-23T17:24:51Z
2026-06-23T17:23:48Z,2026-06-23T19:23:48+0200,c51852f0-2285-49e0-9c34-cd4ce69db778,2026-06-13T14:00:00Z,2026-06-13T16:00:00+0200,44523.5512,MW,DE,DE_LU,actual_load,Actual Load,2026-06-23T17:24:51Z
2026-06-23T17:23:48Z,2026-06-23T19:23:48+0200,c51852f0-2285-49e0-9c34-cd4ce69db778,2026-06-13T14:15:00Z,2026-06-13T16:15:00+0200,43935.62334,MW,DE,DE_LU,actual_load,Actual Load,2026-06-23T17:24:51Z
2026-06-23T17:23:48Z,2026-06-23T19:23:48+0200,c51852f0-2285-49e0-9c34-cd4ce69db778,2026-06-13T14:30:00Z,2026-06-13T16:30:00+0200,43788.76794,MW,DE,DE_LU,actual_load,Actual Load,2026-06-23T17:24:51Z
2026-06-23T17:23:48Z,2026-06-23T19:23:48+0200,c51852f0-2285-49e0-9c34-cd4ce69db778,2026-06-13T14:45:00Z,2026-06-13T16:45:00+0200,44562.00091,MW,DE,DE_LU,actual_load,Actual Load,2026-06-23T17:24:51Z
2026-06-23T17:23:48Z,2026-06-23T19:23:48+0200,c51852f0-2285-49e0-9c34-cd4ce69db778,2026-06-13T15:00:00Z,2026-06-13T17:00:00+0200,44723.9927,MW,DE,DE_LU,actual_load,Actual Load,2026-06-23T17:24:51Z
2026-06-23T17:23:48Z,2026-06-23T19:23:48+0200,c51852f0-2285-49e0-9c34-cd4ce69db778,2026-06-13T15:15:00Z,2026-06-13T17:15:00+0200,44625.83736,MW,DE,DE_LU,actual_load,Actual Load,2026-06-23T17:24:51Z
2026-06-23T17:23:48Z,2026-06-23T19:23:48+0200,c51852f0-2285-49e0-9c34-cd4ce69db778,2026-06-13T15:30:00Z,2026-06-13T17:30:00+0200,45224.74238,MW,DE,DE_LU,actual_load,Actual Load,2026-06-23T17:24:51Z
2026-06-23T17:23:48Z,2026-06-23T19:23:48+0200,c51852f0-2285-49e0-9c34-cd4ce69db778,2026-06-13T15:45:00Z,2026-06-13T17:45:00+0200,46022.09751,MW,DE,DE_LU,actual_load,Actual Load,2026-06-23T17:24:51Z
2026-06-23T17:23:48Z,2026-06-23T19:23:48+0200,c51852f0-2285-49e0-9c34-cd4ce69db778,2026-06-13T16:00:00Z,2026-06-13T18:00:00+0200,45516.81487,MW,DE,DE_LU,actual_load,Actual Load,2026-06-23T17:24:51Z
2026-06-23T17:23:48Z,2026-06-23T19:23:48+0200,c51852f0-2285-49e0-9c34-cd4ce69db778,2026-06-13T16:15:00Z,2026-06-13T18:15:00+0200,46511.54242,MW,DE,DE_LU,actual_load,Actual Load,2026-06-23T17:24:51Z
2026-06-23T17:23:48Z,2026-06-23T19:23:48+0200,c51852f0-2285-49e0-9c34-cd4ce69db778,2026-06-13T16:30:00Z,2026-06-13T18:30:00+0200,46699.5432,MW,DE,DE_LU,actual_load,Actual Load,2026-06-23T17:24:51Z
2026-06-23T17:23:48Z,2026-06-23T19:23:48+0200,c51852f0-2285-49e0-9c34-cd4ce69db778,2026-06-13T16:45:00Z,2026-06-13T18:45:00+0200,46783.57765,MW,DE,DE_LU,actual_load,Actual Load,2026-06-23T17:24:51Z
2026-06-23T17:23:48Z,2026-06-23T19:23:48+0200,c51852f0-2285-49e0-9c34-cd4ce69db778,2026-06-13T17:00:00Z,2026-06-13T19:00:00+0200,47320.61088,MW,DE,DE_LU,actual_load,Actual Load,2026-06-23T17:24:51Z
2026-06-23T17:23:48Z,2026-06-23T19:23:48+0200,c51852f0-2285-49e0-9c34-cd4ce69db778,2026-06-13T17:15:00Z,2026-06-13T19:15:00+0200,47815.09025,MW,DE,DE_LU,actual_load,Actual Load,2026-06-23T17:24:51Z
2026-06-23T17:23:48Z,2026-06-23T19:23:48+0200,c51852f0-2285-49e0-9c34-cd4ce69db778,2026-06-13T17:30:00Z,2026-06-13T19:30:00+0200,48035.20996,MW,DE,DE_LU,actual_load,Actual Load,2026-06-23T17:24:51Z
2026-06-23T17:23:48Z,2026-06-23T19:23:48+0200,c51852f0-2285-49e0-9c34-cd4ce69db778,2026-06-13T17:45:00Z,2026-06-13T19:45:00+0200,48136.10498,MW,DE,DE_LU,actual_load,Actual Load,2026-06-23T17:24:51Z
2026-06-23T17:23:48Z,2026-06-23T19:23:48+0200,c51852f0-2285-49e0-9c34-cd4ce69db778,2026-06-13T18:00:00Z,2026-06-13T20:00:00+0200,48186.21427,MW,DE,DE_LU,actual_load,Actual Load,2026-06-23T17:24:51Z
2026-06-23T17:23:48Z,2026-06-23T19:23:48+0200,c51852f0-2285-49e0-9c34-cd4ce69db778,2026-06-13T18:15:00Z,2026-06-13T20:15:00+0200,47081.12693,MW,DE,DE_LU,actual_load,Actual Load,2026-06-23T17:24:51Z
2026-06-23T17:23:48Z,2026-06-23T19:23:48+0200,c51852f0-2285-49e0-9c34-cd4ce69db778,2026-06-13T18:30:00Z,2026-06-13T20:30:00+0200,46513.5151,MW,DE,DE_LU,actual_load,Actual Load,2026-06-23T17:24:51Z
2026-06-23T17:23:48Z,2026-06-23T19:23:48+0200,c51852f0-2285-49e0-9c34-cd4ce69db778,2026-06-13T18:45:00Z,2026-06-13T20:45:00+0200,45781.50883,MW,DE,DE_LU,actual_load,Actual Load,2026-06-23T17:24:51Z
2026-06-23T17:23:48Z,2026-06-23T19:23:48+0200,c51852f0-2285-49e0-9c34-cd4ce69db778,2026-06-13T19:00:00Z,2026-06-13T21:00:00+0200,44990.75486,MW,DE,DE_LU,actual_load,Actual Load,2026-06-23T17:24:51Z
2026-06-23T17:23:48Z,2026-06-23T19:23:48+0200,c51852f0-2285-49e0-9c34-cd4ce69db778,2026-06-13T19:15:00Z,2026-06-13T21:15:00+0200,44491.78958,MW,DE,DE_LU,actual_load,Actual Load,2026-06-23T17:24:51Z
2026-06-23T17:23:48Z,2026-06-23T19:23:48+0200,c51852f0-2285-49e0-9c34-cd4ce69db778,2026-06-13T19:30:00Z,2026-06-13T21:30:00+0200,43985.41861,MW,DE,DE_LU,actual_load,Actual Load,2026-06-23T17:24:51Z
2026-06-23T17:23:48Z,2026-06-23T19:23:48+0200,c51852f0-2285-49e0-9c34-cd4ce69db778,2026-06-13T19:45:00Z,2026-06-13T21:45:00+0200,44397.8729,MW,DE,DE_LU,actual_load,Actual Load,2026-06-23T17:24:51Z
2026-06-23T17:23:48Z,2026-06-23T19:23:48+0200,c51852f0-2285-49e0-9c34-cd4ce69db778,2026-06-13T20:00:00Z,2026-06-13T22:00:00+0200,44334.46388,MW,DE,DE_LU,actual_load,Actual Load,2026-06-23T17:24:51Z
2026-06-23T17:23:48Z,2026-06-23T19:23:48+0200,c51852f0-2285-49e0-9c34-cd4ce69db778,2026-06-13T20:15:00Z,2026-06-13T22:15:00+0200,43659.46362,MW,DE,DE_LU,actual_load,Actual Load,2026-06-23T17:24:51Z
2026-06-23T17:23:48Z,2026-06-23T19:23:48+0200,c51852f0-2285-49e0-9c34-cd4ce69db778,2026-06-13T20:30:00Z,2026-06-13T22:30:00+0200,42860.14147,MW,DE,DE_LU,actual_load,Actual Load,2026-06-23T17:24:51Z
2026-06-23T17:23:48Z,2026-06-23T19:23:48+0200,c51852f0-2285-49e0-9c34-cd4ce69db778,2026-06-13T20:45:00Z,2026-06-13T22:45:00+0200,42332.83905,MW,DE,DE_LU,actual_load,Actual Load,2026-06-23T17:24:51Z
2026-06-23T17:23:48Z,2026-06-23T19:23:48+0200,c51852f0-2285-49e0-9c34-cd4ce69db778,2026-06-13T21:00:00Z,2026-06-13T23:00:00+0200,41091.85064,MW,DE,DE_LU,actual_load,Actual Load,2026-06-23T17:24:51Z
2026-06-23T17:23:48Z,2026-06-23T19:23:48+0200,c51852f0-2285-49e0-9c34-cd4ce69db778,2026-06-13T21:15:00Z,2026-06-13T23:15:00+0200,40916.41059,MW,DE,DE_LU,actual_load,Actual Load,2026-06-23T17:24:51Z
2026-06-23T17:23:48Z,2026-06-23T19:23:48+0200,c51852f0-2285-49e0-9c34-cd4ce69db778,2026-06-13T21:30:00Z,2026-06-13T23:30:00+0200,40606.79073,MW,DE,DE_LU,actual_load,Actual Load,2026-06-23T17:24:51Z
2026-06-23T17:23:48Z,2026-06-23T19:23:48+0200,c51852f0-2285-49e0-9c34-cd4ce69db778,2026-06-13T21:45:00Z,2026-06-13T23:45:00+0200,40169.25025,MW,DE,DE_LU,actual_load,Actual Load,2026-06-23T17:24:51Z
2026-06-23T17:23:48Z,2026-06-23T19:23:48+0200,c51852f0-2285-49e0-9c34-cd4ce69db778,2026-06-13T22:00:00Z,2026-06-14T00:00:00+0200,38900.94031,MW,DE,DE_LU,actual_load,Actual Load,2026-06-23T17:24:51Z
2026-06-23T17:23:48Z,2026-06-23T19:23:48+0200,c51852f0-2285-49e0-9c34-cd4ce69db778,2026-06-13T22:15:00Z,2026-06-14T00:15:00+0200,38186.37109,MW,DE,DE_LU,actual_load,Actual Load,2026-06-23T17:24:51Z
2026-06-23T17:23:48Z,2026-06-23T19:23:48+0200,c51852f0-2285-49e0-9c34-cd4ce69db778,2026-06-13T22:30:00Z,2026-06-14T00:30:00+0200,38443.08605,MW,DE,DE_LU,actual_load,Actual Load,2026-06-23T17:24:51Z
2026-06-23T17:23:48Z,2026-06-23T19:23:48+0200,c51852f0-2285-49e0-9c34-cd4ce69db778,2026-06-13T22:45:00Z,2026-06-14T00:45:00+0200,37894.6616,MW,DE,DE_LU,actual_load,Actual Load,2026-06-23T17:24:51Z
2026-06-23T17:23:48Z,2026-06-23T19:23:48+0200,c51852f0-2285-49e0-9c34-cd4ce69db778,2026-06-13T23:00:00Z,2026-06-14T01:00:00+0200,36420.57481,MW,DE,DE_LU,actual_load,Actual Load,2026-06-23T17:24:51Z
2026-06-23T17:23:48Z,2026-06-23T19:23:48+0200,c51852f0-2285-49e0-9c34-cd4ce69db778,2026-06-13T23:15:00Z,2026-06-14T01:15:00+0200,36781.20679,MW,DE,DE_LU,actual_load,Actual Load,2026-06-23T17:24:51Z
2026-06-23T17:23:48Z,2026-06-23T19:23:48+0200,c51852f0-2285-49e0-9c34-cd4ce69db778,2026-06-13T23:30:00Z,2026-06-14T01:30:00+0200,36294.87176,MW,DE,DE_LU,actual_load,Actual Load,2026-06-23T17:24:51Z
2026-06-23T17:23:48Z,2026-06-23T19:23:48+0200,c51852f0-2285-49e0-9c34-cd4ce69db778,2026-06-13T23:45:00Z,2026-06-14T01:45:00+0200,36352.78077,MW,DE,DE_LU,actual_load,Actual Load,2026-06-23T17:24:51Z
2026-06-23T17:23:48Z,2026-06-23T19:23:48+0200,c51852f0-2285-49e0-9c34-cd4ce69db778,2026-06-14T00:00:00Z,2026-06-14T02:00:00+0200,36797.56519,MW,DE,DE_LU,actual_load,Actual Load,2026-06-23T17:24:51Z
2026-06-23T17:23:48Z,2026-06-23T19:23:48+0200,c51852f0-2285-49e0-9c34-cd4ce69db778,2026-06-14T00:15:00Z,2026-06-14T02:15:00+0200,36746.92914,MW,DE,DE_LU,actual_load,Actual Load,2026-06-23T17:24:51Z
2026-06-23T17:23:48Z,2026-06-23T19:23:48+0200,c51852f0-2285-49e0-9c34-cd4ce69db778,2026-06-14T00:30:00Z,2026-06-14T02:30:00+0200,36467.33089,MW,DE,DE_LU,actual_load,Actual Load,2026-06-23T17:24:51Z
2026-06-23T17:23:48Z,2026-06-23T19:23:48+0200,c51852f0-2285-49e0-9c34-cd4ce69db778,2026-06-14T00:45:00Z,2026-06-14T02:45:00+0200,36638.48938,MW,DE,DE_LU,actual_load,Actual Load,2026-06-23T17:24:51Z
2026-06-23T17:23:48Z,2026-06-23T19:23:48+0200,c51852f0-2285-49e0-9c34-cd4ce69db778,2026-06-14T01:00:00Z,2026-06-14T03:00:00+0200,36459.82311,MW,DE,DE_LU,actual_load,Actual Load,2026-06-23T17:24:51Z
2026-06-23T17:23:48Z,2026-06-23T19:23:48+0200,c51852f0-2285-49e0-9c34-cd4ce69db778,2026-06-14T01:15:00Z,2026-06-14T03:15:00+0200,36173.87698,MW,DE,DE_LU,actual_load,Actual Load,2026-06-23T17:24:51Z
2026-06-23T17:23:48Z,2026-06-23T19:23:48+0200,c51852f0-2285-49e0-9c34-cd4ce69db778,2026-06-14T01:30:00Z,2026-06-14T03:30:00+0200,35954.04312,MW,DE,DE_LU,actual_load,Actual Load,2026-06-23T17:24:51Z
2026-06-23T17:23:48Z,2026-06-23T19:23:48+0200,c51852f0-2285-49e0-9c34-cd4ce69db778,2026-06-14T01:45:00Z,2026-06-14T03:45:00+0200,35984.14913,MW,DE,DE_LU,actual_load,Actual Load,2026-06-23T17:24:51Z
2026-06-23T17:23:48Z,2026-06-23T19:23:48+0200,c51852f0-2285-49e0-9c34-cd4ce69db778,2026-06-14T02:00:00Z,2026-06-14T04:00:00+0200,35915.55679,MW,DE,DE_LU,actual_load,Actual Load,2026-06-23T17:24:51Z
2026-06-23T17:23:48Z,2026-06-23T19:23:48+0200,c51852f0-2285-49e0-9c34-cd4ce69db778,2026-06-14T02:15:00Z,2026-06-14T04:15:00+0200,35651.50985,MW,DE,DE_LU,actual_load,Actual Load,2026-06-23T17:24:51Z
2026-06-23T17:23:48Z,2026-06-23T19:23:48+0200,c51852f0-2285-49e0-9c34-cd4ce69db778,2026-06-14T02:30:00Z,2026-06-14T04:30:00+0200,35708.53297,MW,DE,DE_LU,actual_load,Actual Load,2026-06-23T17:24:51Z
2026-06-23T17:23:48Z,2026-06-23T19:23:48+0200,c51852f0-2285-49e0-9c34-cd4ce69db778,2026-06-14T02:45:00Z,2026-06-14T04:45:00+0200,35793.7198,MW,DE,DE_LU,actual_load,Actual Load,2026-06-23T17:24:51Z
2026-06-23T17:23:48Z,2026-06-23T19:23:48+0200,c51852f0-2285-49e0-9c34-cd4ce69db778,2026-06-14T03:00:00Z,2026-06-14T05:00:00+0200,35531.37715,MW,DE,DE_LU,actual_load,Actual Load,2026-06-23T17:24:51Z
2026-06-23T17:23:48Z,2026-06-23T19:23:48+0200,c51852f0-2285-49e0-9c34-cd4ce69db778,2026-06-14T03:15:00Z,2026-06-14T05:15:00+0200,35454.49223,MW,DE,DE_LU,actual_load,Actual Load,2026-06-23T17:24:51Z
2026-06-23T17:23:48Z,2026-06-23T19:23:48+0200,c51852f0-2285-49e0-9c34-cd4ce69db778,2026-06-14T03:30:00Z,2026-06-14T05:30:00+0200,35658.08082,MW,DE,DE_LU,actual_load,Actual Load,2026-06-23T17:24:51Z
2026-06-23T17:23:48Z,2026-06-23T19:23:48+0200,c51852f0-2285-49e0-9c34-cd4ce69db778,2026-06-14T03:45:00Z,2026-06-14T05:45:00+0200,35896.72331,MW,DE,DE_LU,actual_load,Actual Load,2026-06-23T17:24:51Z
2026-06-23T17:23:48Z,2026-06-23T19:23:48+0200,c51852f0-2285-49e0-9c34-cd4ce69db778,2026-06-14T04:00:00Z,2026-06-14T06:00:00+0200,35837.14754,MW,DE,DE_LU,actual_load,Actual Load,2026-06-23T17:24:51Z
2026-06-23T17:23:48Z,2026-06-23T19:23:48+0200,c51852f0-2285-49e0-9c34-cd4ce69db778,2026-06-14T04:15:00Z,2026-06-14T06:15:00+0200,36152.781,MW,DE,DE_LU,actual_load,Actual Load,2026-06-23T17:24:51Z
2026-06-23T17:23:48Z,2026-06-23T19:23:48+0200,c51852f0-2285-49e0-9c34-cd4ce69db778,2026-06-14T04:30:00Z,2026-06-14T06:30:00+0200,36741.54944,MW,DE,DE_LU,actual_load,Actual Load,2026-06-23T17:24:51Z
2026-06-23T17:23:48Z,2026-06-23T19:23:48+0200,c51852f0-2285-49e0-9c34-cd4ce69db778,2026-06-14T04:45:00Z,2026-06-14T06:45:00+0200,37092.69473,MW,DE,DE_LU,actual_load,Actual Load,2026-06-23T17:24:51Z
2026-06-23T17:23:48Z,2026-06-23T19:23:48+0200,c51852f0-2285-49e0-9c34-cd4ce69db778,2026-06-14T05:00:00Z,2026-06-14T07:00:00+0200,37584.87234,MW,DE,DE_LU,actual_load,Actual Load,2026-06-23T17:24:51Z
2026-06-23T17:23:48Z,2026-06-23T19:23:48+0200,c51852f0-2285-49e0-9c34-cd4ce69db778,2026-06-14T05:15:00Z,2026-06-14T07:15:00+0200,38163.44276,MW,DE,DE_LU,actual_load,Actual Load,2026-06-23T17:24:51Z
2026-06-23T17:23:48Z,2026-06-23T19:23:48+0200,c51852f0-2285-49e0-9c34-cd4ce69db778,2026-06-14T05:30:00Z,2026-06-14T07:30:00+0200,38475.85778,MW,DE,DE_LU,actual_load,Actual Load,2026-06-23T17:24:51Z
2026-06-23T17:23:48Z,2026-06-23T19:23:48+0200,c51852f0-2285-49e0-9c34-cd4ce69db778,2026-06-14T05:45:00Z,2026-06-14T07:45:00+0200,39059.2968,MW,DE,DE_LU,actual_load,Actual Load,2026-06-23T17:24:51Z
2026-06-23T17:23:48Z,2026-06-23T19:23:48+0200,c51852f0-2285-49e0-9c34-cd4ce69db778,2026-06-14T06:00:00Z,2026-06-14T08:00:00+0200,39093.16229,MW,DE,DE_LU,actual_load,Actual Load,2026-06-23T17:24:51Z
2026-06-23T17:23:48Z,2026-06-23T19:23:48+0200,c51852f0-2285-49e0-9c34-cd4ce69db778,2026-06-14T06:15:00Z,2026-06-14T08:15:00+0200,39622.83687,MW,DE,DE_LU,actual_load,Actual Load,2026-06-23T17:24:51Z
2026-06-23T17:23:48Z,2026-06-23T19:23:48+0200,c51852f0-2285-49e0-9c34-cd4ce69db778,2026-06-14T06:30:00Z,2026-06-14T08:30:00+0200,39999.48932,MW,DE,DE_LU,actual_load,Actual Load,2026-06-23T17:24:51Z
2026-06-23T17:23:48Z,2026-06-23T19:23:48+0200,c51852f0-2285-49e0-9c34-cd4ce69db778,2026-06-14T06:45:00Z,2026-06-14T08:45:00+0200,41279.81817,MW,DE,DE_LU,actual_load,Actual Load,2026-06-23T17:24:51Z
2026-06-23T17:23:48Z,2026-06-23T19:23:48+0200,c51852f0-2285-49e0-9c34-cd4ce69db778,2026-06-14T07:00:00Z,2026-06-14T09:00:00+0200,42250.85958,MW,DE,DE_LU,actual_load,Actual Load,2026-06-23T17:24:51Z
2026-06-23T17:23:48Z,2026-06-23T19:23:48+0200,c51852f0-2285-49e0-9c34-cd4ce69db778,2026-06-14T07:15:00Z,2026-06-14T09:15:00+0200,42733.00959,MW,DE,DE_LU,actual_load,Actual Load,2026-06-23T17:24:51Z
2026-06-23T17:23:48Z,2026-06-23T19:23:48+0200,c51852f0-2285-49e0-9c34-cd4ce69db778,2026-06-14T07:30:00Z,2026-06-14T09:30:00+0200,42831.2038,MW,DE,DE_LU,actual_load,Actual Load,2026-06-23T17:24:51Z
2026-06-23T17:23:48Z,2026-06-23T19:23:48+0200,c51852f0-2285-49e0-9c34-cd4ce69db778,2026-06-14T07:45:00Z,2026-06-14T09:45:00+0200,43209.03782,MW,DE,DE_LU,actual_load,Actual Load,2026-06-23T17:24:51Z
2026-06-23T17:23:48Z,2026-06-23T19:23:48+0200,c51852f0-2285-49e0-9c34-cd4ce69db778,2026-06-14T08:00:00Z,2026-06-14T10:00:00+0200,43437.91478,MW,DE,DE_LU,actual_load,Actual Load,2026-06-23T17:24:51Z
2026-06-23T17:23:48Z,2026-06-23T19:23:48+0200,c51852f0-2285-49e0-9c34-cd4ce69db778,2026-06-14T08:15:00Z,2026-06-14T10:15:00+0200,43428.11185,MW,DE,DE_LU,actual_load,Actual Load,2026-06-23T17:24:51Z
2026-06-23T17:23:48Z,2026-06-23T19:23:48+0200,c51852f0-2285-49e0-9c34-cd4ce69db778,2026-06-14T08:30:00Z,2026-06-14T10:30:00+0200,44309.43907,MW,DE,DE_LU,actual_load,Actual Load,2026-06-23T17:24:51Z
2026-06-23T17:23:48Z,2026-06-23T19:23:48+0200,c51852f0-2285-49e0-9c34-cd4ce69db778,2026-06-14T08:45:00Z,2026-06-14T10:45:00+0200,44410.15233,MW,DE,DE_LU,actual_load,Actual Load,2026-06-23T17:24:51Z
2026-06-23T17:23:48Z,2026-06-23T19:23:48+0200,c51852f0-2285-49e0-9c34-cd4ce69db778,2026-06-14T09:00:00Z,2026-06-14T11:00:00+0200,44322.2383,MW,DE,DE_LU,actual_load,Actual Load,2026-06-23T17:24:51Z
2026-06-23T17:23:48Z,2026-06-23T19:23:48+0200,c51852f0-2285-49e0-9c34-cd4ce69db778,2026-06-14T09:15:00Z,2026-06-14T11:15:00+0200,44658.1216,MW,DE,DE_LU,actual_load,Actual Load,2026-06-23T17:24:51Z
2026-06-23T17:23:48Z,2026-06-23T19:23:48+0200,c51852f0-2285-49e0-9c34-cd4ce69db778,2026-06-14T09:30:00Z,2026-06-14T11:30:00+0200,45134.42861,MW,DE,DE_LU,actual_load,Actual Load,2026-06-23T17:24:51Z
2026-06-23T17:23:48Z,2026-06-23T19:23:48+0200,c51852f0-2285-49e0-9c34-cd4ce69db778,2026-06-14T09:45:00Z,2026-06-14T11:45:00+0200,45211.86583,MW,DE,DE_LU,actual_load,Actual Load,2026-06-23T17:24:51Z
2026-06-23T17:23:48Z,2026-06-23T19:23:48+0200,c51852f0-2285-49e0-9c34-cd4ce69db778,2026-06-14T10:00:00Z,2026-06-14T12:00:00+0200,45090.60274,MW,DE,DE_LU,actual_load,Actual Load,2026-06-23T17:24:51Z
2026-06-23T17:23:48Z,2026-06-23T19:23:48+0200,c51852f0-2285-49e0-9c34-cd4ce69db778,2026-06-14T10:15:00Z,2026-06-14T12:15:00+0200,45165.9229,MW,DE,DE_LU,actual_load,Actual Load,2026-06-23T17:24:51Z
2026-06-23T17:23:48Z,2026-06-23T19:23:48+0200,c51852f0-2285-49e0-9c34-cd4ce69db778,2026-06-14T10:30:00Z,2026-06-14T12:30:00+0200,45062.91016,MW,DE,DE_LU,actual_load,Actual Load,2026-06-23T17:24:51Z
2026-06-23T17:23:48Z,2026-06-23T19:23:48+0200,c51852f0-2285-49e0-9c34-cd4ce69db778,2026-06-14T10:45:00Z,2026-06-14T12:45:00+0200,44384.2168,MW,DE,DE_LU,actual_load,Actual Load,2026-06-23T17:24:51Z
2026-06-23T17:23:48Z,2026-06-23T19:23:48+0200,c51852f0-2285-49e0-9c34-cd4ce69db778,2026-06-14T11:00:00Z,2026-06-14T13:00:00+0200,44097.60928,MW,DE,DE_LU,actual_load,Actual Load,2026-06-23T17:24:51Z
2026-06-23T17:23:48Z,2026-06-23T19:23:48+0200,c51852f0-2285-49e0-9c34-cd4ce69db778,2026-06-14T11:15:00Z,2026-06-14T13:15:00+0200,43468.51299,MW,DE,DE_LU,actual_load,Actual Load,2026-06-23T17:24:51Z
2026-06-23T17:23:48Z,2026-06-23T19:23:48+0200,c51852f0-2285-49e0-9c34-cd4ce69db778,2026-06-14T11:30:00Z,2026-06-14T13:30:00+0200,42996.43522,MW,DE,DE_LU,actual_load,Actual Load,2026-06-23T17:24:51Z
2026-06-23T17:23:48Z,2026-06-23T19:23:48+0200,c51852f0-2285-49e0-9c34-cd4ce69db778,2026-06-14T11:45:00Z,2026-06-14T13:45:00+0200,42912.19686,MW,DE,DE_LU,actual_load,Actual Load,2026-06-23T17:24:51Z
2026-06-23T17:23:48Z,2026-06-23T19:23:48+0200,c51852f0-2285-49e0-9c34-cd4ce69db778,2026-06-14T12:00:00Z,2026-06-14T14:00:00+0200,42430.27749,MW,DE,DE_LU,actual_load,Actual Load,2026-06-23T17:24:51Z
2026-06-23T17:23:48Z,2026-06-23T19:23:48+0200,c51852f0-2285-49e0-9c34-cd4ce69db778,2026-06-14T12:15:00Z,2026-06-14T14:15:00+0200,42261.38157,MW,DE,DE_LU,actual_load,Actual Load,2026-06-23T17:24:51Z
2026-06-23T17:23:48Z,2026-06-23T19:23:48+0200,c51852f0-2285-49e0-9c34-cd4ce69db778,2026-06-14T12:30:00Z,2026-06-14T14:30:00+0200,42294.98027,MW,DE,DE_LU,actual_load,Actual Load,2026-06-23T17:24:51Z
2026-06-23T17:23:48Z,2026-06-23T19:23:48+0200,c51852f0-2285-49e0-9c34-cd4ce69db778,2026-06-14T12:45:00Z,2026-06-14T14:45:00+0200,42102.75908,MW,DE,DE_LU,actual_load,Actual Load,2026-06-23T17:24:51Z
2026-06-23T17:23:48Z,2026-06-23T19:23:48+0200,c51852f0-2285-49e0-9c34-cd4ce69db778,2026-06-14T13:00:00Z,2026-06-14T15:00:00+0200,42167.24773,MW,DE,DE_LU,actual_load,Actual Load,2026-06-23T17:24:51Z
2026-06-23T17:23:48Z,2026-06-23T19:23:48+0200,c51852f0-2285-49e0-9c34-cd4ce69db778,2026-06-14T13:15:00Z,2026-06-14T15:15:00+0200,42120.5475,MW,DE,DE_LU,actual_load,Actual Load,2026-06-23T17:24:51Z
2026-06-23T17:23:48Z,2026-06-23T19:23:48+0200,c51852f0-2285-49e0-9c34-cd4ce69db778,2026-06-14T13:30:00Z,2026-06-14T15:30:00+0200,42076.56394,MW,DE,DE_LU,actual_load,Actual Load,2026-06-23T17:24:51Z
2026-06-23T17:23:48Z,2026-06-23T19:23:48+0200,c51852f0-2285-49e0-9c34-cd4ce69db778,2026-06-14T13:45:00Z,2026-06-14T15:45:00+0200,41486.16045,MW,DE,DE_LU,actual_load,Actual Load,2026-06-23T17:24:51Z
2026-06-23T17:23:48Z,2026-06-23T19:23:48+0200,c51852f0-2285-49e0-9c34-cd4ce69db778,2026-06-14T14:00:00Z,2026-06-14T16:00:00+0200,41395.72354,MW,DE,DE_LU,actual_load,Actual Load,2026-06-23T17:24:51Z
2026-06-23T17:23:48Z,2026-06-23T19:23:48+0200,c51852f0-2285-49e0-9c34-cd4ce69db778,2026-06-14T14:15:00Z,2026-06-14T16:15:00+0200,41035.89381,MW,DE,DE_LU,actual_load,Actual Load,2026-06-23T17:24:51Z
2026-06-23T17:23:48Z,2026-06-23T19:23:48+0200,c51852f0-2285-49e0-9c34-cd4ce69db778,2026-06-14T14:30:00Z,2026-06-14T16:30:00+0200,41359.5246,MW,DE,DE_LU,actual_load,Actual Load,2026-06-23T17:24:51Z
2026-06-23T17:23:48Z,2026-06-23T19:23:48+0200,c51852f0-2285-49e0-9c34-cd4ce69db778,2026-06-14T14:45:00Z,2026-06-14T16:45:00+0200,42058.43612,MW,DE,DE_LU,actual_load,Actual Load,2026-06-23T17:24:51Z
2026-06-23T17:23:48Z,2026-06-23T19:23:48+0200,c51852f0-2285-49e0-9c34-cd4ce69db778,2026-06-14T15:00:00Z,2026-06-14T17:00:00+0200,42952.57892,MW,DE,DE_LU,actual_load,Actual Load,2026-06-23T17:24:51Z
2026-06-23T17:23:48Z,2026-06-23T19:23:48+0200,c51852f0-2285-49e0-9c34-cd4ce69db778,2026-06-14T15:15:00Z,2026-06-14T17:15:00+0200,42492.44691,MW,DE,DE_LU,actual_load,Actual Load,2026-06-23T17:24:51Z
2026-06-23T17:23:48Z,2026-06-23T19:23:48+0200,c51852f0-2285-49e0-9c34-cd4ce69db778,2026-06-14T15:30:00Z,2026-06-14T17:30:00+0200,42734.1764,MW,DE,DE_LU,actual_load,Actual Load,2026-06-23T17:24:51Z
2026-06-23T17:23:48Z,2026-06-23T19:23:48+0200,c51852f0-2285-49e0-9c34-cd4ce69db778,2026-06-14T15:45:00Z,2026-06-14T17:45:00+0200,43157.56254,MW,DE,DE_LU,actual_load,Actual Load,2026-06-23T17:24:51Z
2026-06-23T17:23:48Z,2026-06-23T19:23:48+0200,c51852f0-2285-49e0-9c34-cd4ce69db778,2026-06-14T16:00:00Z,2026-06-14T18:00:00+0200,44497.3075,MW,DE,DE_LU,actual_load,Actual Load,2026-06-23T17:24:51Z
2026-06-23T17:23:48Z,2026-06-23T19:23:48+0200,c51852f0-2285-49e0-9c34-cd4ce69db778,2026-06-14T16:15:00Z,2026-06-14T18:15:00+0200,44673.82452,MW,DE,DE_LU,actual_load,Actual Load,2026-06-23T17:24:51Z
2026-06-23T17:23:48Z,2026-06-23T19:23:48+0200,c51852f0-2285-49e0-9c34-cd4ce69db778,2026-06-14T16:30:00Z,2026-06-14T18:30:00+0200,45229.40613,MW,DE,DE_LU,actual_load,Actual Load,2026-06-23T17:24:51Z
2026-06-23T17:23:48Z,2026-06-23T19:23:48+0200,c51852f0-2285-49e0-9c34-cd4ce69db778,2026-06-14T16:45:00Z,2026-06-14T18:45:00+0200,45893.55824,MW,DE,DE_LU,actual_load,Actual Load,2026-06-23T17:24:51Z
2026-06-23T17:23:48Z,2026-06-23T19:23:48+0200,c51852f0-2285-49e0-9c34-cd4ce69db778,2026-06-14T17:00:00Z,2026-06-14T19:00:00+0200,46219.65326,MW,DE,DE_LU,actual_load,Actual Load,2026-06-23T17:24:51Z
2026-06-23T17:23:48Z,2026-06-23T19:23:48+0200,c51852f0-2285-49e0-9c34-cd4ce69db778,2026-06-14T17:15:00Z,2026-06-14T19:15:00+0200,45352.81226,MW,DE,DE_LU,actual_load,Actual Load,2026-06-23T17:24:51Z
2026-06-23T17:23:48Z,2026-06-23T19:23:48+0200,c51852f0-2285-49e0-9c34-cd4ce69db778,2026-06-14T17:30:00Z,2026-06-14T19:30:00+0200,44900.35848,MW,DE,DE_LU,actual_load,Actual Load,2026-06-23T17:24:51Z
2026-06-23T17:23:48Z,2026-06-23T19:23:48+0200,c51852f0-2285-49e0-9c34-cd4ce69db778,2026-06-14T17:45:00Z,2026-06-14T19:45:00+0200,44560.11241,MW,DE,DE_LU,actual_load,Actual Load,2026-06-23T17:24:51Z
2026-06-23T17:23:48Z,2026-06-23T19:23:48+0200,c51852f0-2285-49e0-9c34-cd4ce69db778,2026-06-14T18:00:00Z,2026-06-14T20:00:00+0200,45884.23652,MW,DE,DE_LU,actual_load,Actual Load,2026-06-23T17:24:51Z
2026-06-23T17:23:48Z,2026-06-23T19:23:48+0200,c51852f0-2285-49e0-9c34-cd4ce69db778,2026-06-14T18:15:00Z,2026-06-14T20:15:00+0200,44794.12811,MW,DE,DE_LU,actual_load,Actual Load,2026-06-23T17:24:51Z
2026-06-23T17:23:48Z,2026-06-23T19:23:48+0200,c51852f0-2285-49e0-9c34-cd4ce69db778,2026-06-14T18:30:00Z,2026-06-14T20:30:00+0200,44635.96737,MW,DE,DE_LU,actual_load,Actual Load,2026-06-23T17:24:51Z
2026-06-23T17:23:48Z,2026-06-23T19:23:48+0200,c51852f0-2285-49e0-9c34-cd4ce69db778,2026-06-14T18:45:00Z,2026-06-14T20:45:00+0200,44475.45246,MW,DE,DE_LU,actual_load,Actual Load,2026-06-23T17:24:51Z
2026-06-23T17:23:48Z,2026-06-23T19:23:48+0200,c51852f0-2285-49e0-9c34-cd4ce69db778,2026-06-14T19:00:00Z,2026-06-14T21:00:00+0200,44560.89684,MW,DE,DE_LU,actual_load,Actual Load,2026-06-23T17:24:51Z
2026-06-23T17:23:48Z,2026-06-23T19:23:48+0200,c51852f0-2285-49e0-9c34-cd4ce69db778,2026-06-14T19:15:00Z,2026-06-14T21:15:00+0200,44868.20488,MW,DE,DE_LU,actual_load,Actual Load,2026-06-23T17:24:51Z
2026-06-23T17:23:48Z,2026-06-23T19:23:48+0200,c51852f0-2285-49e0-9c34-cd4ce69db778,2026-06-14T19:30:00Z,2026-06-14T21:30:00+0200,44829.01481,MW,DE,DE_LU,actual_load,Actual Load,2026-06-23T17:24:51Z
2026-06-23T17:23:48Z,2026-06-23T19:23:48+0200,c51852f0-2285-49e0-9c34-cd4ce69db778,2026-06-14T19:45:00Z,2026-06-14T21:45:00+0200,45039.1555,MW,DE,DE_LU,actual_load,Actual Load,2026-06-23T17:24:51Z
2026-06-23T17:23:48Z,2026-06-23T19:23:48+0200,c51852f0-2285-49e0-9c34-cd4ce69db778,2026-06-14T20:00:00Z,2026-06-14T22:00:00+0200,44162.10324,MW,DE,DE_LU,actual_load,Actual Load,2026-06-23T17:24:51Z
2026-06-23T17:23:48Z,2026-06-23T19:23:48+0200,c51852f0-2285-49e0-9c34-cd4ce69db778,2026-06-14T20:15:00Z,2026-06-14T22:15:00+0200,44717.91519,MW,DE,DE_LU,actual_load,Actual Load,2026-06-23T17:24:51Z
2026-06-23T17:23:48Z,2026-06-23T19:23:48+0200,c51852f0-2285-49e0-9c34-cd4ce69db778,2026-06-14T20:30:00Z,2026-06-14T22:30:00+0200,44286.48224,MW,DE,DE_LU,actual_load,Actual Load,2026-06-23T17:24:51Z
2026-06-23T17:23:48Z,2026-06-23T19:23:48+0200,c51852f0-2285-49e0-9c34-cd4ce69db778,2026-06-14T20:45:00Z,2026-06-14T22:45:00+0200,43622.44578,MW,DE,DE_LU,actual_load,Actual Load,2026-06-23T17:24:51Z
2026-06-23T17:23:48Z,2026-06-23T19:23:48+0200,c51852f0-2285-49e0-9c34-cd4ce69db778,2026-06-14T21:00:00Z,2026-06-14T23:00:00+0200,42726.92326,MW,DE,DE_LU,actual_load,Actual Load,2026-06-23T17:24:51Z
2026-06-23T17:23:48Z,2026-06-23T19:23:48+0200,c51852f0-2285-49e0-9c34-cd4ce69db778,2026-06-14T21:15:00Z,2026-06-14T23:15:00+0200,42452.74749,MW,DE,DE_LU,actual_load,Actual Load,2026-06-23T17:24:51Z
2026-06-23T17:23:48Z,2026-06-23T19:23:48+0200,c51852f0-2285-49e0-9c34-cd4ce69db778,2026-06-14T21:30:00Z,2026-06-14T23:30:00+0200,41807.88703,MW,DE,DE_LU,actual_load,Actual Load,2026-06-23T17:24:51Z
2026-06-23T17:23:48Z,2026-06-23T19:23:48+0200,c51852f0-2285-49e0-9c34-cd4ce69db778,2026-06-14T21:45:00Z,2026-06-14T23:45:00+0200,41304.52201,MW,DE,DE_LU,actual_load,Actual Load,2026-06-23T17:24:51Z
2026-06-23T17:23:48Z,2026-06-23T19:23:48+0200,c51852f0-2285-49e0-9c34-cd4ce69db778,2026-06-14T22:00:00Z,2026-06-15T00:00:00+0200,39625.94746,MW,DE,DE_LU,actual_load,Actual Load,2026-06-23T17:24:51Z
2026-06-23T17:23:48Z,2026-06-23T19:23:48+0200,c51852f0-2285-49e0-9c34-cd4ce69db778,2026-06-14T22:15:00Z,2026-06-15T00:15:00+0200,39805.15968,MW,DE,DE_LU,actual_load,Actual Load,2026-06-23T17:24:51Z
2026-06-23T17:23:48Z,2026-06-23T19:23:48+0200,c51852f0-2285-49e0-9c34-cd4ce69db778,2026-06-14T22:30:00Z,2026-06-15T00:30:00+0200,40209.87426,MW,DE,DE_LU,actual_load,Actual Load,2026-06-23T17:24:51Z
2026-06-23T17:23:48Z,2026-06-23T19:23:48+0200,c51852f0-2285-49e0-9c34-cd4ce69db778,2026-06-14T22:45:00Z,2026-06-15T00:45:00+0200,39879.19766,MW,DE,DE_LU,actual_load,Actual Load,2026-06-23T17:24:51Z
2026-06-23T17:23:48Z,2026-06-23T19:23:48+0200,c51852f0-2285-49e0-9c34-cd4ce69db778,2026-06-14T23:00:00Z,2026-06-15T01:00:00+0200,39205.97203,MW,DE,DE_LU,actual_load,Actual Load,2026-06-23T17:24:51Z
2026-06-23T17:23:48Z,2026-06-23T19:23:48+0200,c51852f0-2285-49e0-9c34-cd4ce69db778,2026-06-14T23:15:00Z,2026-06-15T01:15:00+0200,39410.85483,MW,DE,DE_LU,actual_load,Actual Load,2026-06-23T17:24:51Z
2026-06-23T17:23:48Z,2026-06-23T19:23:48+0200,c51852f0-2285-49e0-9c34-cd4ce69db778,2026-06-14T23:30:00Z,2026-06-15T01:30:00+0200,38946.15004,MW,DE,DE_LU,actual_load,Actual Load,2026-06-23T17:24:51Z
2026-06-23T17:23:48Z,2026-06-23T19:23:48+0200,c51852f0-2285-49e0-9c34-cd4ce69db778,2026-06-14T23:45:00Z,2026-06-15T01:45:00+0200,39085.45733,MW,DE,DE_LU,actual_load,Actual Load,2026-06-23T17:24:51Z
2026-06-23T17:23:48Z,2026-06-23T19:23:48+0200,c51852f0-2285-49e0-9c34-cd4ce69db778,2026-06-15T00:00:00Z,2026-06-15T02:00:00+0200,38215.90431,MW,DE,DE_LU,actual_load,Actual Load,2026-06-23T17:24:51Z
2026-06-23T17:23:48Z,2026-06-23T19:23:48+0200,c51852f0-2285-49e0-9c34-cd4ce69db778,2026-06-15T00:15:00Z,2026-06-15T02:15:00+0200,38518.6712,MW,DE,DE_LU,actual_load,Actual Load,2026-06-23T17:24:51Z
2026-06-23T17:23:48Z,2026-06-23T19:23:48+0200,c51852f0-2285-49e0-9c34-cd4ce69db778,2026-06-15T00:30:00Z,2026-06-15T02:30:00+0200,38021.83269,MW,DE,DE_LU,actual_load,Actual Load,2026-06-23T17:24:51Z
2026-06-23T17:23:48Z,2026-06-23T19:23:48+0200,c51852f0-2285-49e0-9c34-cd4ce69db778,2026-06-15T00:45:00Z,2026-06-15T02:45:00+0200,38103.55344,MW,DE,DE_LU,actual_load,Actual Load,2026-06-23T17:24:51Z
2026-06-23T17:23:48Z,2026-06-23T19:23:48+0200,c51852f0-2285-49e0-9c34-cd4ce69db778,2026-06-15T01:00:00Z,2026-06-15T03:00:00+0200,38510.82388,MW,DE,DE_LU,actual_load,Actual Load,2026-06-23T17:24:51Z
2026-06-23T17:23:48Z,2026-06-23T19:23:48+0200,c51852f0-2285-49e0-9c34-cd4ce69db778,2026-06-15T01:15:00Z,2026-06-15T03:15:00+0200,38421.01425,MW,DE,DE_LU,actual_load,Actual Load,2026-06-23T17:24:51Z
2026-06-23T17:23:48Z,2026-06-23T19:23:48+0200,c51852f0-2285-49e0-9c34-cd4ce69db778,2026-06-15T01:30:00Z,2026-06-15T03:30:00+0200,38697.40045,MW,DE,DE_LU,actual_load,Actual Load,2026-06-23T17:24:51Z
2026-06-23T17:23:48Z,2026-06-23T19:23:48+0200,c51852f0-2285-49e0-9c34-cd4ce69db778,2026-06-15T01:45:00Z,2026-06-15T03:45:00+0200,39520.20857,MW,DE,DE_LU,actual_load,Actual Load,2026-06-23T17:24:51Z
2026-06-23T17:23:48Z,2026-06-23T19:23:48+0200,c51852f0-2285-49e0-9c34-cd4ce69db778,2026-06-15T02:00:00Z,2026-06-15T04:00:00+0200,40172.62387,MW,DE,DE_LU,actual_load,Actual Load,2026-06-23T17:24:51Z
2026-06-23T17:23:48Z,2026-06-23T19:23:48+0200,c51852f0-2285-49e0-9c34-cd4ce69db778,2026-06-15T02:15:00Z,2026-06-15T04:15:00+0200,40444.01882,MW,DE,DE_LU,actual_load,Actual Load,2026-06-23T17:24:51Z
2026-06-23T17:23:48Z,2026-06-23T19:23:48+0200,c51852f0-2285-49e0-9c34-cd4ce69db778,2026-06-15T02:30:00Z,2026-06-15T04:30:00+0200,40930.34422,MW,DE,DE_LU,actual_load,Actual Load,2026-06-23T17:24:51Z
2026-06-23T17:23:48Z,2026-06-23T19:23:48+0200,c51852f0-2285-49e0-9c34-cd4ce69db778,2026-06-15T02:45:00Z,2026-06-15T04:45:00+0200,41125.10979,MW,DE,DE_LU,actual_load,Actual Load,2026-06-23T17:24:51Z
2026-06-23T17:23:48Z,2026-06-23T19:23:48+0200,c51852f0-2285-49e0-9c34-cd4ce69db778,2026-06-15T03:00:00Z,2026-06-15T05:00:00+0200,42488.31968,MW,DE,DE_LU,actual_load,Actual Load,2026-06-23T17:24:51Z
2026-06-23T17:23:48Z,2026-06-23T19:23:48+0200,c51852f0-2285-49e0-9c34-cd4ce69db778,2026-06-15T03:15:00Z,2026-06-15T05:15:00+0200,42940.30883,MW,DE,DE_LU,actual_load,Actual Load,2026-06-23T17:24:51Z
2026-06-23T17:23:48Z,2026-06-23T19:23:48+0200,c51852f0-2285-49e0-9c34-cd4ce69db778,2026-06-15T03:30:00Z,2026-06-15T05:30:00+0200,43891.30522,MW,DE,DE_LU,actual_load,Actual Load,2026-06-23T17:24:51Z
2026-06-23T17:23:48Z,2026-06-23T19:23:48+0200,c51852f0-2285-49e0-9c34-cd4ce69db778,2026-06-15T03:45:00Z,2026-06-15T05:45:00+0200,45665.21123,MW,DE,DE_LU,actual_load,Actual Load,2026-06-23T17:24:51Z
2026-06-23T17:23:48Z,2026-06-23T19:23:48+0200,c51852f0-2285-49e0-9c34-cd4ce69db778,2026-06-15T04:00:00Z,2026-06-15T06:00:00+0200,48438.00715,MW,DE,DE_LU,actual_load,Actual Load,2026-06-23T17:24:51Z
2026-06-23T17:23:48Z,2026-06-23T19:23:48+0200,c51852f0-2285-49e0-9c34-cd4ce69db778,2026-06-15T04:15:00Z,2026-06-15T06:15:00+0200,50305.06602,MW,DE,DE_LU,actual_load,Actual Load,2026-06-23T17:24:51Z
2026-06-23T17:23:48Z,2026-06-23T19:23:48+0200,c51852f0-2285-49e0-9c34-cd4ce69db778,2026-06-15T04:30:00Z,2026-06-15T06:30:00+0200,51780.10511,MW,DE,DE_LU,actual_load,Actual Load,2026-06-23T17:24:51Z
2026-06-23T17:23:48Z,2026-06-23T19:23:48+0200,c51852f0-2285-49e0-9c34-cd4ce69db778,2026-06-15T04:45:00Z,2026-06-15T06:45:00+0200,53212.27329,MW,DE,DE_LU,actual_load,Actual Load,2026-06-23T17:24:51Z
2026-06-23T17:23:48Z,2026-06-23T19:23:48+0200,c51852f0-2285-49e0-9c34-cd4ce69db778,2026-06-15T05:00:00Z,2026-06-15T07:00:00+0200,54357.93404,MW,DE,DE_LU,actual_load,Actual Load,2026-06-23T17:24:51Z
2026-06-23T17:23:48Z,2026-06-23T19:23:48+0200,c51852f0-2285-49e0-9c34-cd4ce69db778,2026-06-15T05:15:00Z,2026-06-15T07:15:00+0200,55144.15999,MW,DE,DE_LU,actual_load,Actual Load,2026-06-23T17:24:51Z
2026-06-23T17:23:48Z,2026-06-23T19:23:48+0200,c51852f0-2285-49e0-9c34-cd4ce69db778,2026-06-15T05:30:00Z,2026-06-15T07:30:00+0200,55980.7349,MW,DE,DE_LU,actual_load,Actual Load,2026-06-23T17:24:51Z
2026-06-23T17:23:48Z,2026-06-23T19:23:48+0200,c51852f0-2285-49e0-9c34-cd4ce69db778,2026-06-15T05:45:00Z,2026-06-15T07:45:00+0200,56252.04943,MW,DE,DE_LU,actual_load,Actual Load,2026-06-23T17:24:51Z
2026-06-23T17:23:48Z,2026-06-23T19:23:48+0200,c51852f0-2285-49e0-9c34-cd4ce69db778,2026-06-15T06:00:00Z,2026-06-15T08:00:00+0200,56869.13875,MW,DE,DE_LU,actual_load,Actual Load,2026-06-23T17:24:51Z
2026-06-23T17:23:48Z,2026-06-23T19:23:48+0200,c51852f0-2285-49e0-9c34-cd4ce69db778,2026-06-15T06:15:00Z,2026-06-15T08:15:00+0200,57341.65517,MW,DE,DE_LU,actual_load,Actual Load,2026-06-23T17:24:51Z
2026-06-23T17:23:48Z,2026-06-23T19:23:48+0200,c51852f0-2285-49e0-9c34-cd4ce69db778,2026-06-15T06:30:00Z,2026-06-15T08:30:00+0200,57602.39541,MW,DE,DE_LU,actual_load,Actual Load,2026-06-23T17:24:51Z
2026-06-23T17:23:48Z,2026-06-23T19:23:48+0200,c51852f0-2285-49e0-9c34-cd4ce69db778,2026-06-15T06:45:00Z,2026-06-15T08:45:00+0200,58064.29892,MW,DE,DE_LU,actual_load,Actual Load,2026-06-23T17:24:51Z
2026-06-23T17:23:48Z,2026-06-23T19:23:48+0200,c51852f0-2285-49e0-9c34-cd4ce69db778,2026-06-15T07:00:00Z,2026-06-15T09:00:00+0200,58057.87524,MW,DE,DE_LU,actual_load,Actual Load,2026-06-23T17:24:51Z
2026-06-23T17:23:48Z,2026-06-23T19:23:48+0200,c51852f0-2285-49e0-9c34-cd4ce69db778,2026-06-15T07:15:00Z,2026-06-15T09:15:00+0200,58325.14843,MW,DE,DE_LU,actual_load,Actual Load,2026-06-23T17:24:51Z
2026-06-23T17:23:48Z,2026-06-23T19:23:48+0200,c51852f0-2285-49e0-9c34-cd4ce69db778,2026-06-15T07:30:00Z,2026-06-15T09:30:00+0200,58675.07803,MW,DE,DE_LU,actual_load,Actual Load,2026-06-23T17:24:51Z
2026-06-23T17:23:48Z,2026-06-23T19:23:48+0200,c51852f0-2285-49e0-9c34-cd4ce69db778,2026-06-15T07:45:00Z,2026-06-15T09:45:00+0200,58957.34232,MW,DE,DE_LU,actual_load,Actual Load,2026-06-23T17:24:51Z
2026-06-23T17:23:48Z,2026-06-23T19:23:48+0200,c51852f0-2285-49e0-9c34-cd4ce69db778,2026-06-15T08:00:00Z,2026-06-15T10:00:00+0200,59608.72464,MW,DE,DE_LU,actual_load,Actual Load,2026-06-23T17:24:51Z
2026-06-23T17:23:48Z,2026-06-23T19:23:48+0200,c51852f0-2285-49e0-9c34-cd4ce69db778,2026-06-15T08:15:00Z,2026-06-15T10:15:00+0200,59808.26704,MW,DE,DE_LU,actual_load,Actual Load,2026-06-23T17:24:51Z
2026-06-23T17:23:48Z,2026-06-23T19:23:48+0200,c51852f0-2285-49e0-9c34-cd4ce69db778,2026-06-15T08:30:00Z,2026-06-15T10:30:00+0200,59913.39539,MW,DE,DE_LU,actual_load,Actual Load,2026-06-23T17:24:51Z
2026-06-23T17:23:48Z,2026-06-23T19:23:48+0200,c51852f0-2285-49e0-9c34-cd4ce69db778,2026-06-15T08:45:00Z,2026-06-15T10:45:00+0200,60132.65514,MW,DE,DE_LU,actual_load,Actual Load,2026-06-23T17:24:51Z
2026-06-23T17:23:48Z,2026-06-23T19:23:48+0200,c51852f0-2285-49e0-9c34-cd4ce69db778,2026-06-15T09:00:00Z,2026-06-15T11:00:00+0200,60321.11644,MW,DE,DE_LU,actual_load,Actual Load,2026-06-23T17:24:51Z
2026-06-23T17:23:48Z,2026-06-23T19:23:48+0200,c51852f0-2285-49e0-9c34-cd4ce69db778,2026-06-15T09:15:00Z,2026-06-15T11:15:00+0200,60214.56517,MW,DE,DE_LU,actual_load,Actual Load,2026-06-23T17:24:51Z
2026-06-23T17:23:48Z,2026-06-23T19:23:48+0200,c51852f0-2285-49e0-9c34-cd4ce69db778,2026-06-15T09:30:00Z,2026-06-15T11:30:00+0200,59964.47387,MW,DE,DE_LU,actual_load,Actual Load,2026-06-23T17:24:51Z
2026-06-23T17:23:48Z,2026-06-23T19:23:48+0200,c51852f0-2285-49e0-9c34-cd4ce69db778,2026-06-15T09:45:00Z,2026-06-15T11:45:00+0200,60219.98097,MW,DE,DE_LU,actual_load,Actual Load,2026-06-23T17:24:51Z
2026-06-23T17:23:48Z,2026-06-23T19:23:48+0200,c51852f0-2285-49e0-9c34-cd4ce69db778,2026-06-15T10:00:00Z,2026-06-15T12:00:00+0200,59577.85498,MW,DE,DE_LU,actual_load,Actual Load,2026-06-23T17:24:51Z
2026-06-23T17:23:48Z,2026-06-23T19:23:48+0200,c51852f0-2285-49e0-9c34-cd4ce69db778,2026-06-15T10:15:00Z,2026-06-15T12:15:00+0200,59169.37319,MW,DE,DE_LU,actual_load,Actual Load,2026-06-23T17:24:51Z
2026-06-23T17:23:48Z,2026-06-23T19:23:48+0200,c51852f0-2285-49e0-9c34-cd4ce69db778,2026-06-15T10:30:00Z,2026-06-15T12:30:00+0200,59083.71817,MW,DE,DE_LU,actual_load,Actual Load,2026-06-23T17:24:51Z
2026-06-23T17:23:48Z,2026-06-23T19:23:48+0200,c51852f0-2285-49e0-9c34-cd4ce69db778,2026-06-15T10:45:00Z,2026-06-15T12:45:00+0200,59152.26511,MW,DE,DE_LU,actual_load,Actual Load,2026-06-23T17:24:51Z
2026-06-23T17:23:48Z,2026-06-23T19:23:48+0200,c51852f0-2285-49e0-9c34-cd4ce69db778,2026-06-15T11:00:00Z,2026-06-15T13:00:00+0200,59774.83943,MW,DE,DE_LU,actual_load,Actual Load,2026-06-23T17:24:51Z
2026-06-23T17:23:48Z,2026-06-23T19:23:48+0200,c51852f0-2285-49e0-9c34-cd4ce69db778,2026-06-15T11:15:00Z,2026-06-15T13:15:00+0200,59827.58253,MW,DE,DE_LU,actual_load,Actual Load,2026-06-23T17:24:51Z
2026-06-23T17:23:48Z,2026-06-23T19:23:48+0200,c51852f0-2285-49e0-9c34-cd4ce69db778,2026-06-15T11:30:00Z,2026-06-15T13:30:00+0200,59138.04403,MW,DE,DE_LU,actual_load,Actual Load,2026-06-23T17:24:51Z
2026-06-23T17:23:48Z,2026-06-23T19:23:48+0200,c51852f0-2285-49e0-9c34-cd4ce69db778,2026-06-15T11:45:00Z,2026-06-15T13:45:00+0200,58920.45819,MW,DE,DE_LU,actual_load,Actual Load,2026-06-23T17:24:51Z
2026-06-23T17:23:48Z,2026-06-23T19:23:48+0200,c51852f0-2285-49e0-9c34-cd4ce69db778,2026-06-15T12:00:00Z,2026-06-15T14:00:00+0200,58638.87008,MW,DE,DE_LU,actual_load,Actual Load,2026-06-23T17:24:51Z
2026-06-23T17:23:48Z,2026-06-23T19:23:48+0200,c51852f0-2285-49e0-9c34-cd4ce69db778,2026-06-15T12:15:00Z,2026-06-15T14:15:00+0200,57995.50694,MW,DE,DE_LU,actual_load,Actual Load,2026-06-23T17:24:51Z
2026-06-23T17:23:48Z,2026-06-23T19:23:48+0200,c51852f0-2285-49e0-9c34-cd4ce69db778,2026-06-15T12:30:00Z,2026-06-15T14:30:00+0200,57474.29882,MW,DE,DE_LU,actual_load,Actual Load,2026-06-23T17:24:51Z
2026-06-23T17:23:48Z,2026-06-23T19:23:48+0200,c51852f0-2285-49e0-9c34-cd4ce69db778,2026-06-15T12:45:00Z,2026-06-15T14:45:00+0200,56832.7093,MW,DE,DE_LU,actual_load,Actual Load,2026-06-23T17:24:51Z
2026-06-23T17:23:48Z,2026-06-23T19:23:48+0200,c51852f0-2285-49e0-9c34-cd4ce69db778,2026-06-15T13:00:00Z,2026-06-15T15:00:00+0200,56342.90205,MW,DE,DE_LU,actual_load,Actual Load,2026-06-23T17:24:51Z
2026-06-23T17:23:48Z,2026-06-23T19:23:48+0200,c51852f0-2285-49e0-9c34-cd4ce69db778,2026-06-15T13:15:00Z,2026-06-15T15:15:00+0200,56140.82494,MW,DE,DE_LU,actual_load,Actual Load,2026-06-23T17:24:51Z
2026-06-23T17:23:48Z,2026-06-23T19:23:48+0200,c51852f0-2285-49e0-9c34-cd4ce69db778,2026-06-15T13:30:00Z,2026-06-15T15:30:00+0200,55058.74674,MW,DE,DE_LU,actual_load,Actual Load,2026-06-23T17:24:51Z
2026-06-23T17:23:48Z,2026-06-23T19:23:48+0200,c51852f0-2285-49e0-9c34-cd4ce69db778,2026-06-15T13:45:00Z,2026-06-15T15:45:00+0200,54905.91056,MW,DE,DE_LU,actual_load,Actual Load,2026-06-23T17:24:51Z
2026-06-23T17:23:48Z,2026-06-23T19:23:48+0200,c51852f0-2285-49e0-9c34-cd4ce69db778,2026-06-15T14:00:00Z,2026-06-15T16:00:00+0200,55476.39383,MW,DE,DE_LU,actual_load,Actual Load,2026-06-23T17:24:51Z
2026-06-23T17:23:48Z,2026-06-23T19:23:48+0200,c51852f0-2285-49e0-9c34-cd4ce69db778,2026-06-15T14:15:00Z,2026-06-15T16:15:00+0200,55194.37342,MW,DE,DE_LU,actual_load,Actual Load,2026-06-23T17:24:51Z
2026-06-23T17:23:48Z,2026-06-23T19:23:48+0200,c51852f0-2285-49e0-9c34-cd4ce69db778,2026-06-15T14:30:00Z,2026-06-15T16:30:00+0200,55036.04774,MW,DE,DE_LU,actual_load,Actual Load,2026-06-23T17:24:51Z
2026-06-23T17:23:48Z,2026-06-23T19:23:48+0200,c51852f0-2285-49e0-9c34-cd4ce69db778,2026-06-15T14:45:00Z,2026-06-15T16:45:00+0200,54579.34897,MW,DE,DE_LU,actual_load,Actual Load,2026-06-23T17:24:51Z
2026-06-23T17:23:48Z,2026-06-23T19:23:48+0200,c51852f0-2285-49e0-9c34-cd4ce69db778,2026-06-15T15:00:00Z,2026-06-15T17:00:00+0200,55018.08821,MW,DE,DE_LU,actual_load,Actual Load,2026-06-23T17:24:51Z
2026-06-23T17:23:48Z,2026-06-23T19:23:48+0200,c51852f0-2285-49e0-9c34-cd4ce69db778,2026-06-15T15:15:00Z,2026-06-15T17:15:00+0200,54776.65476,MW,DE,DE_LU,actual_load,Actual Load,2026-06-23T17:24:51Z
2026-06-23T17:23:48Z,2026-06-23T19:23:48+0200,c51852f0-2285-49e0-9c34-cd4ce69db778,2026-06-15T15:30:00Z,2026-06-15T17:30:00+0200,54795.28668,MW,DE,DE_LU,actual_load,Actual Load,2026-06-23T17:24:51Z
2026-06-23T17:23:48Z,2026-06-23T19:23:48+0200,c51852f0-2285-49e0-9c34-cd4ce69db778,2026-06-15T15:45:00Z,2026-06-15T17:45:00+0200,55000.81792,MW,DE,DE_LU,actual_load,Actual Load,2026-06-23T17:24:51Z
2026-06-23T17:23:48Z,2026-06-23T19:23:48+0200,c51852f0-2285-49e0-9c34-cd4ce69db778,2026-06-15T16:00:00Z,2026-06-15T18:00:00+0200,55457.34793,MW,DE,DE_LU,actual_load,Actual Load,2026-06-23T17:24:51Z
2026-06-23T17:23:48Z,2026-06-23T19:23:48+0200,c51852f0-2285-49e0-9c34-cd4ce69db778,2026-06-15T16:15:00Z,2026-06-15T18:15:00+0200,55629.78924,MW,DE,DE_LU,actual_load,Actual Load,2026-06-23T17:24:51Z
2026-06-23T17:23:48Z,2026-06-23T19:23:48+0200,c51852f0-2285-49e0-9c34-cd4ce69db778,2026-06-15T16:30:00Z,2026-06-15T18:30:00+0200,54957.73975,MW,DE,DE_LU,actual_load,Actual Load,2026-06-23T17:24:51Z
2026-06-23T17:23:48Z,2026-06-23T19:23:48+0200,c51852f0-2285-49e0-9c34-cd4ce69db778,2026-06-15T16:45:00Z,2026-06-15T18:45:00+0200,55503.55512,MW,DE,DE_LU,actual_load,Actual Load,2026-06-23T17:24:51Z
2026-06-23T17:23:48Z,2026-06-23T19:23:48+0200,c51852f0-2285-49e0-9c34-cd4ce69db778,2026-06-15T17:00:00Z,2026-06-15T19:00:00+0200,57214.45561,MW,DE,DE_LU,actual_load,Actual Load,2026-06-23T17:24:51Z
2026-06-23T17:23:48Z,2026-06-23T19:23:48+0200,c51852f0-2285-49e0-9c34-cd4ce69db778,2026-06-15T17:15:00Z,2026-06-15T19:15:00+0200,56807.27636,MW,DE,DE_LU,actual_load,Actual Load,2026-06-23T17:24:51Z
2026-06-23T17:23:48Z,2026-06-23T19:23:48+0200,c51852f0-2285-49e0-9c34-cd4ce69db778,2026-06-15T17:30:00Z,2026-06-15T19:30:00+0200,55887.72285,MW,DE,DE_LU,actual_load,Actual Load,2026-06-23T17:24:51Z
2026-06-23T17:23:48Z,2026-06-23T19:23:48+0200,c51852f0-2285-49e0-9c34-cd4ce69db778,2026-06-15T17:45:00Z,2026-06-15T19:45:00+0200,55463.46907,MW,DE,DE_LU,actual_load,Actual Load,2026-06-23T17:24:51Z
2026-06-23T17:23:48Z,2026-06-23T19:23:48+0200,c51852f0-2285-49e0-9c34-cd4ce69db778,2026-06-15T18:00:00Z,2026-06-15T20:00:00+0200,55722.83768,MW,DE,DE_LU,actual_load,Actual Load,2026-06-23T17:24:51Z
2026-06-23T17:23:48Z,2026-06-23T19:23:48+0200,c51852f0-2285-49e0-9c34-cd4ce69db778,2026-06-15T18:15:00Z,2026-06-15T20:15:00+0200,55252.67338,MW,DE,DE_LU,actual_load,Actual Load,2026-06-23T17:24:51Z
2026-06-23T17:23:48Z,2026-06-23T19:23:48+0200,c51852f0-2285-49e0-9c34-cd4ce69db778,2026-06-15T18:30:00Z,2026-06-15T20:30:00+0200,54514.59112,MW,DE,DE_LU,actual_load,Actual Load,2026-06-23T17:24:51Z
2026-06-23T17:23:48Z,2026-06-23T19:23:48+0200,c51852f0-2285-49e0-9c34-cd4ce69db778,2026-06-15T18:45:00Z,2026-06-15T20:45:00+0200,53757.01898,MW,DE,DE_LU,actual_load,Actual Load,2026-06-23T17:24:51Z
2026-06-23T17:23:48Z,2026-06-23T19:23:48+0200,c51852f0-2285-49e0-9c34-cd4ce69db778,2026-06-15T19:00:00Z,2026-06-15T21:00:00+0200,53258.59883,MW,DE,DE_LU,actual_load,Actual Load,2026-06-23T17:24:51Z
2026-06-23T17:23:48Z,2026-06-23T19:23:48+0200,c51852f0-2285-49e0-9c34-cd4ce69db778,2026-06-15T19:15:00Z,2026-06-15T21:15:00+0200,52597.22351,MW,DE,DE_LU,actual_load,Actual Load,2026-06-23T17:24:51Z
2026-06-23T17:23:48Z,2026-06-23T19:23:48+0200,c51852f0-2285-49e0-9c34-cd4ce69db778,2026-06-15T19:30:00Z,2026-06-15T21:30:00+0200,51605.06622,MW,DE,DE_LU,actual_load,Actual Load,2026-06-23T17:24:51Z
2026-06-23T17:23:48Z,2026-06-23T19:23:48+0200,c51852f0-2285-49e0-9c34-cd4ce69db778,2026-06-15T19:45:00Z,2026-06-15T21:45:00+0200,52014.64771,MW,DE,DE_LU,actual_load,Actual Load,2026-06-23T17:24:51Z
2026-06-23T17:23:48Z,2026-06-23T19:23:48+0200,c51852f0-2285-49e0-9c34-cd4ce69db778,2026-06-15T20:00:00Z,2026-06-15T22:00:00+0200,51316.59557,MW,DE,DE_LU,actual_load,Actual Load,2026-06-23T17:24:51Z
2026-06-23T17:23:48Z,2026-06-23T19:23:48+0200,c51852f0-2285-49e0-9c34-cd4ce69db778,2026-06-15T20:15:00Z,2026-06-15T22:15:00+0200,50934.05182,MW,DE,DE_LU,actual_load,Actual Load,2026-06-23T17:24:51Z
2026-06-23T17:23:48Z,2026-06-23T19:23:48+0200,c51852f0-2285-49e0-9c34-cd4ce69db778,2026-06-15T20:30:00Z,2026-06-15T22:30:00+0200,50086.06993,MW,DE,DE_LU,actual_load,Actual Load,2026-06-23T17:24:51Z
2026-06-23T17:23:48Z,2026-06-23T19:23:48+0200,c51852f0-2285-49e0-9c34-cd4ce69db778,2026-06-15T20:45:00Z,2026-06-15T22:45:00+0200,49120.99128,MW,DE,DE_LU,actual_load,Actual Load,2026-06-23T17:24:51Z
2026-06-23T17:23:48Z,2026-06-23T19:23:48+0200,c51852f0-2285-49e0-9c34-cd4ce69db778,2026-06-15T21:00:00Z,2026-06-15T23:00:00+0200,48299.67761,MW,DE,DE_LU,actual_load,Actual Load,2026-06-23T17:24:51Z
2026-06-23T17:23:48Z,2026-06-23T19:23:48+0200,c51852f0-2285-49e0-9c34-cd4ce69db778,2026-06-15T21:15:00Z,2026-06-15T23:15:00+0200,47513.52445,MW,DE,DE_LU,actual_load,Actual Load,2026-06-23T17:24:51Z
2026-06-23T17:23:48Z,2026-06-23T19:23:48+0200,c51852f0-2285-49e0-9c34-cd4ce69db778,2026-06-15T21:30:00Z,2026-06-15T23:30:00+0200,47121.14336,MW,DE,DE_LU,actual_load,Actual Load,2026-06-23T17:24:51Z
2026-06-23T17:23:48Z,2026-06-23T19:23:48+0200,c51852f0-2285-49e0-9c34-cd4ce69db778,2026-06-15T21:45:00Z,2026-06-15T23:45:00+0200,46797.71505,MW,DE,DE_LU,actual_load,Actual Load,2026-06-23T17:24:51Z
2026-06-23T17:23:48Z,2026-06-23T19:23:48+0200,c51852f0-2285-49e0-9c34-cd4ce69db778,2026-06-15T22:00:00Z,2026-06-16T00:00:00+0200,46105.2676,MW,DE,DE_LU,actual_load,Actual Load,2026-06-23T17:24:51Z
2026-06-23T17:23:48Z,2026-06-23T19:23:48+0200,c51852f0-2285-49e0-9c34-cd4ce69db778,2026-06-15T22:15:00Z,2026-06-16T00:15:00+0200,45679.20743,MW,DE,DE_LU,actual_load,Actual Load,2026-06-23T17:24:51Z
2026-06-23T17:23:48Z,2026-06-23T19:23:48+0200,c51852f0-2285-49e0-9c34-cd4ce69db778,2026-06-15T22:30:00Z,2026-06-16T00:30:00+0200,45461.30838,MW,DE,DE_LU,actual_load,Actual Load,2026-06-23T17:24:51Z
2026-06-23T17:23:48Z,2026-06-23T19:23:48+0200,c51852f0-2285-49e0-9c34-cd4ce69db778,2026-06-15T22:45:00Z,2026-06-16T00:45:00+0200,45476.66361,MW,DE,DE_LU,actual_load,Actual Load,2026-06-23T17:24:51Z
2026-06-23T17:23:48Z,2026-06-23T19:23:48+0200,c51852f0-2285-49e0-9c34-cd4ce69db778,2026-06-15T23:00:00Z,2026-06-16T01:00:00+0200,44465.3221,MW,DE,DE_LU,actual_load,Actual Load,2026-06-23T17:24:51Z
2026-06-23T17:23:48Z,2026-06-23T19:23:48+0200,c51852f0-2285-49e0-9c34-cd4ce69db778,2026-06-15T23:15:00Z,2026-06-16T01:15:00+0200,44422.10692,MW,DE,DE_LU,actual_load,Actual Load,2026-06-23T17:24:51Z
2026-06-23T17:23:48Z,2026-06-23T19:23:48+0200,c51852f0-2285-49e0-9c34-cd4ce69db778,2026-06-15T23:30:00Z,2026-06-16T01:30:00+0200,44075.59619,MW,DE,DE_LU,actual_load,Actual Load,2026-06-23T17:24:51Z
2026-06-23T17:23:48Z,2026-06-23T19:23:48+0200,c51852f0-2285-49e0-9c34-cd4ce69db778,2026-06-15T23:45:00Z,2026-06-16T01:45:00+0200,43842.67035,MW,DE,DE_LU,actual_load,Actual Load,2026-06-23T17:24:51Z
2026-06-23T17:23:48Z,2026-06-23T19:23:48+0200,c51852f0-2285-49e0-9c34-cd4ce69db778,2026-06-16T00:00:00Z,2026-06-16T02:00:00+0200,43408.32676,MW,DE,DE_LU,actual_load,Actual Load,2026-06-23T17:24:51Z
2026-06-23T17:23:48Z,2026-06-23T19:23:48+0200,c51852f0-2285-49e0-9c34-cd4ce69db778,2026-06-16T00:15:00Z,2026-06-16T02:15:00+0200,43181.72517,MW,DE,DE_LU,actual_load,Actual Load,2026-06-23T17:24:51Z
2026-06-23T17:23:48Z,2026-06-23T19:23:48+0200,c51852f0-2285-49e0-9c34-cd4ce69db778,2026-06-16T00:30:00Z,2026-06-16T02:30:00+0200,43226.82206,MW,DE,DE_LU,actual_load,Actual Load,2026-06-23T17:24:51Z
2026-06-23T17:23:48Z,2026-06-23T19:23:48+0200,c51852f0-2285-49e0-9c34-cd4ce69db778,2026-06-16T00:45:00Z,2026-06-16T02:45:00+0200,43621.1403,MW,DE,DE_LU,actual_load,Actual Load,2026-06-23T17:24:51Z
2026-06-23T17:23:48Z,2026-06-23T19:23:48+0200,c51852f0-2285-49e0-9c34-cd4ce69db778,2026-06-16T01:00:00Z,2026-06-16T03:00:00+0200,43339.84292,MW,DE,DE_LU,actual_load,Actual Load,2026-06-23T17:24:51Z
2026-06-23T17:23:48Z,2026-06-23T19:23:48+0200,c51852f0-2285-49e0-9c34-cd4ce69db778,2026-06-16T01:15:00Z,2026-06-16T03:15:00+0200,43559.59868,MW,DE,DE_LU,actual_load,Actual Load,2026-06-23T17:24:51Z
2026-06-23T17:23:48Z,2026-06-23T19:23:48+0200,c51852f0-2285-49e0-9c34-cd4ce69db778,2026-06-16T01:30:00Z,2026-06-16T03:30:00+0200,43884.24374,MW,DE,DE_LU,actual_load,Actual Load,2026-06-23T17:24:51Z
2026-06-23T17:23:48Z,2026-06-23T19:23:48+0200,c51852f0-2285-49e0-9c34-cd4ce69db778,2026-06-16T01:45:00Z,2026-06-16T03:45:00+0200,44146.55403,MW,DE,DE_LU,actual_load,Actual Load,2026-06-23T17:24:51Z
2026-06-23T17:23:48Z,2026-06-23T19:23:48+0200,c51852f0-2285-49e0-9c34-cd4ce69db778,2026-06-16T02:00:00Z,2026-06-16T04:00:00+0200,44610.86467,MW,DE,DE_LU,actual_load,Actual Load,2026-06-23T17:24:51Z
2026-06-23T17:23:48Z,2026-06-23T19:23:48+0200,c51852f0-2285-49e0-9c34-cd4ce69db778,2026-06-16T02:15:00Z,2026-06-16T04:15:00+0200,44512.60311,MW,DE,DE_LU,actual_load,Actual Load,2026-06-23T17:24:51Z
2026-06-23T17:23:48Z,2026-06-23T19:23:48+0200,c51852f0-2285-49e0-9c34-cd4ce69db778,2026-06-16T02:30:00Z,2026-06-16T04:30:00+0200,44437.92924,MW,DE,DE_LU,actual_load,Actual Load,2026-06-23T17:24:51Z
2026-06-23T17:23:48Z,2026-06-23T19:23:48+0200,c51852f0-2285-49e0-9c34-cd4ce69db778,2026-06-16T02:45:00Z,2026-06-16T04:45:00+0200,44896.55709,MW,DE,DE_LU,actual_load,Actual Load,2026-06-23T17:24:51Z
2026-06-23T17:23:48Z,2026-06-23T19:23:48+0200,c51852f0-2285-49e0-9c34-cd4ce69db778,2026-06-16T03:00:00Z,2026-06-16T05:00:00+0200,46290.46168,MW,DE,DE_LU,actual_load,Actual Load,2026-06-23T17:24:51Z
2026-06-23T17:23:48Z,2026-06-23T19:23:48+0200,c51852f0-2285-49e0-9c34-cd4ce69db778,2026-06-16T03:15:00Z,2026-06-16T05:15:00+0200,46787.77705,MW,DE,DE_LU,actual_load,Actual Load,2026-06-23T17:24:51Z
2026-06-23T17:23:48Z,2026-06-23T19:23:48+0200,c51852f0-2285-49e0-9c34-cd4ce69db778,2026-06-16T03:30:00Z,2026-06-16T05:30:00+0200,47539.08117,MW,DE,DE_LU,actual_load,Actual Load,2026-06-23T17:24:51Z
2026-06-23T17:23:48Z,2026-06-23T19:23:48+0200,c51852f0-2285-49e0-9c34-cd4ce69db778,2026-06-16T03:45:00Z,2026-06-16T05:45:00+0200,48857.95154,MW,DE,DE_LU,actual_load,Actual Load,2026-06-23T17:24:51Z
2026-06-23T17:23:48Z,2026-06-23T19:23:48+0200,c51852f0-2285-49e0-9c34-cd4ce69db778,2026-06-16T04:00:00Z,2026-06-16T06:00:00+0200,50653.99544,MW,DE,DE_LU,actual_load,Actual Load,2026-06-23T17:24:51Z
2026-06-23T17:23:48Z,2026-06-23T19:23:48+0200,c51852f0-2285-49e0-9c34-cd4ce69db778,2026-06-16T04:15:00Z,2026-06-16T06:15:00+0200,52276.65434,MW,DE,DE_LU,actual_load,Actual Load,2026-06-23T17:24:51Z
2026-06-23T17:23:48Z,2026-06-23T19:23:48+0200,c51852f0-2285-49e0-9c34-cd4ce69db778,2026-06-16T04:30:00Z,2026-06-16T06:30:00+0200,53910.53925,MW,DE,DE_LU,actual_load,Actual Load,2026-06-23T17:24:51Z
2026-06-23T17:23:48Z,2026-06-23T19:23:48+0200,c51852f0-2285-49e0-9c34-cd4ce69db778,2026-06-16T04:45:00Z,2026-06-16T06:45:00+0200,55096.54181,MW,DE,DE_LU,actual_load,Actual Load,2026-06-23T17:24:51Z
2026-06-23T17:23:48Z,2026-06-23T19:23:48+0200,c51852f0-2285-49e0-9c34-cd4ce69db778,2026-06-16T05:00:00Z,2026-06-16T07:00:00+0200,55666.50995,MW,DE,DE_LU,actual_load,Actual Load,2026-06-23T17:24:51Z
2026-06-23T17:23:48Z,2026-06-23T19:23:48+0200,c51852f0-2285-49e0-9c34-cd4ce69db778,2026-06-16T05:15:00Z,2026-06-16T07:15:00+0200,56680.9867,MW,DE,DE_LU,actual_load,Actual Load,2026-06-23T17:24:51Z
2026-06-23T17:23:48Z,2026-06-23T19:23:48+0200,c51852f0-2285-49e0-9c34-cd4ce69db778,2026-06-16T05:30:00Z,2026-06-16T07:30:00+0200,57379.23529,MW,DE,DE_LU,actual_load,Actual Load,2026-06-23T17:24:51Z
2026-06-23T17:23:48Z,2026-06-23T19:23:48+0200,c51852f0-2285-49e0-9c34-cd4ce69db778,2026-06-16T05:45:00Z,2026-06-16T07:45:00+0200,57988.48244,MW,DE,DE_LU,actual_load,Actual Load,2026-06-23T17:24:51Z
2026-06-23T17:23:48Z,2026-06-23T19:23:48+0200,c51852f0-2285-49e0-9c34-cd4ce69db778,2026-06-16T06:00:00Z,2026-06-16T08:00:00+0200,57956.57214,MW,DE,DE_LU,actual_load,Actual Load,2026-06-23T17:24:51Z
2026-06-23T17:23:48Z,2026-06-23T19:23:48+0200,c51852f0-2285-49e0-9c34-cd4ce69db778,2026-06-16T06:15:00Z,2026-06-16T08:15:00+0200,58759.26774,MW,DE,DE_LU,actual_load,Actual Load,2026-06-23T17:24:51Z
2026-06-23T17:23:48Z,2026-06-23T19:23:48+0200,c51852f0-2285-49e0-9c34-cd4ce69db778,2026-06-16T06:30:00Z,2026-06-16T08:30:00+0200,59109.09157,MW,DE,DE_LU,actual_load,Actual Load,2026-06-23T17:24:51Z
2026-06-23T17:23:48Z,2026-06-23T19:23:48+0200,c51852f0-2285-49e0-9c34-cd4ce69db778,2026-06-16T06:45:00Z,2026-06-16T08:45:00+0200,59241.71307,MW,DE,DE_LU,actual_load,Actual Load,2026-06-23T17:24:51Z
2026-06-23T17:23:48Z,2026-06-23T19:23:48+0200,c51852f0-2285-49e0-9c34-cd4ce69db778,2026-06-16T07:00:00Z,2026-06-16T09:00:00+0200,58720.03093,MW,DE,DE_LU,actual_load,Actual Load,2026-06-23T17:24:51Z
2026-06-23T17:23:48Z,2026-06-23T19:23:48+0200,c51852f0-2285-49e0-9c34-cd4ce69db778,2026-06-16T07:15:00Z,2026-06-16T09:15:00+0200,59631.90818,MW,DE,DE_LU,actual_load,Actual Load,2026-06-23T17:24:51Z
2026-06-23T17:23:48Z,2026-06-23T19:23:48+0200,c51852f0-2285-49e0-9c34-cd4ce69db778,2026-06-16T07:30:00Z,2026-06-16T09:30:00+0200,60330.02455,MW,DE,DE_LU,actual_load,Actual Load,2026-06-23T17:24:51Z
2026-06-23T17:23:48Z,2026-06-23T19:23:48+0200,c51852f0-2285-49e0-9c34-cd4ce69db778,2026-06-16T07:45:00Z,2026-06-16T09:45:00+0200,60840.15127,MW,DE,DE_LU,actual_load,Actual Load,2026-06-23T17:24:51Z
2026-06-23T17:23:48Z,2026-06-23T19:23:48+0200,c51852f0-2285-49e0-9c34-cd4ce69db778,2026-06-16T08:00:00Z,2026-06-16T10:00:00+0200,60438.41428,MW,DE,DE_LU,actual_load,Actual Load,2026-06-23T17:24:51Z
2026-06-23T17:23:48Z,2026-06-23T19:23:48+0200,c51852f0-2285-49e0-9c34-cd4ce69db778,2026-06-16T08:15:00Z,2026-06-16T10:15:00+0200,60913.02377,MW,DE,DE_LU,actual_load,Actual Load,2026-06-23T17:24:51Z
2026-06-23T17:23:48Z,2026-06-23T19:23:48+0200,c51852f0-2285-49e0-9c34-cd4ce69db778,2026-06-16T08:30:00Z,2026-06-16T10:30:00+0200,60883.89074,MW,DE,DE_LU,actual_load,Actual Load,2026-06-23T17:24:51Z
2026-06-23T17:23:48Z,2026-06-23T19:23:48+0200,c51852f0-2285-49e0-9c34-cd4ce69db778,2026-06-16T08:45:00Z,2026-06-16T10:45:00+0200,60463.77306,MW,DE,DE_LU,actual_load,Actual Load,2026-06-23T17:24:51Z
2026-06-23T17:23:48Z,2026-06-23T19:23:48+0200,c51852f0-2285-49e0-9c34-cd4ce69db778,2026-06-16T09:00:00Z,2026-06-16T11:00:00+0200,60427.48297,MW,DE,DE_LU,actual_load,Actual Load,2026-06-23T17:24:51Z
2026-06-23T17:23:48Z,2026-06-23T19:23:48+0200,c51852f0-2285-49e0-9c34-cd4ce69db778,2026-06-16T09:15:00Z,2026-06-16T11:15:00+0200,60555.67697,MW,DE,DE_LU,actual_load,Actual Load,2026-06-23T17:24:51Z
2026-06-23T17:23:48Z,2026-06-23T19:23:48+0200,c51852f0-2285-49e0-9c34-cd4ce69db778,2026-06-16T09:30:00Z,2026-06-16T11:30:00+0200,60096.99216,MW,DE,DE_LU,actual_load,Actual Load,2026-06-23T17:24:51Z
2026-06-23T17:23:48Z,2026-06-23T19:23:48+0200,c51852f0-2285-49e0-9c34-cd4ce69db778,2026-06-16T09:45:00Z,2026-06-16T11:45:00+0200,59764.91077,MW,DE,DE_LU,actual_load,Actual Load,2026-06-23T17:24:51Z
2026-06-23T17:23:48Z,2026-06-23T19:23:48+0200,c51852f0-2285-49e0-9c34-cd4ce69db778,2026-06-16T10:00:00Z,2026-06-16T12:00:00+0200,59097.5688,MW,DE,DE_LU,actual_load,Actual Load,2026-06-23T17:24:51Z
2026-06-23T17:23:48Z,2026-06-23T19:23:48+0200,c51852f0-2285-49e0-9c34-cd4ce69db778,2026-06-16T10:15:00Z,2026-06-16T12:15:00+0200,58672.6053,MW,DE,DE_LU,actual_load,Actual Load,2026-06-23T17:24:51Z
2026-06-23T17:23:48Z,2026-06-23T19:23:48+0200,c51852f0-2285-49e0-9c34-cd4ce69db778,2026-06-16T10:30:00Z,2026-06-16T12:30:00+0200,58573.37945,MW,DE,DE_LU,actual_load,Actual Load,2026-06-23T17:24:51Z
2026-06-23T17:23:48Z,2026-06-23T19:23:48+0200,c51852f0-2285-49e0-9c34-cd4ce69db778,2026-06-16T10:45:00Z,2026-06-16T12:45:00+0200,58263.32398,MW,DE,DE_LU,actual_load,Actual Load,2026-06-23T17:24:51Z
2026-06-23T17:23:48Z,2026-06-23T19:23:48+0200,c51852f0-2285-49e0-9c34-cd4ce69db778,2026-06-16T11:00:00Z,2026-06-16T13:00:00+0200,57430.49923,MW,DE,DE_LU,actual_load,Actual Load,2026-06-23T17:24:51Z
2026-06-23T17:23:48Z,2026-06-23T19:23:48+0200,c51852f0-2285-49e0-9c34-cd4ce69db778,2026-06-16T11:15:00Z,2026-06-16T13:15:00+0200,57536.65325,MW,DE,DE_LU,actual_load,Actual Load,2026-06-23T17:24:51Z
2026-06-23T17:23:48Z,2026-06-23T19:23:48+0200,c51852f0-2285-49e0-9c34-cd4ce69db778,2026-06-16T11:30:00Z,2026-06-16T13:30:00+0200,57747.79863,MW,DE,DE_LU,actual_load,Actual Load,2026-06-23T17:24:51Z
2026-06-23T17:23:48Z,2026-06-23T19:23:48+0200,c51852f0-2285-49e0-9c34-cd4ce69db778,2026-06-16T11:45:00Z,2026-06-16T13:45:00+0200,57580.96449,MW,DE,DE_LU,actual_load,Actual Load,2026-06-23T17:24:51Z
2026-06-23T17:23:48Z,2026-06-23T19:23:48+0200,c51852f0-2285-49e0-9c34-cd4ce69db778,2026-06-16T12:00:00Z,2026-06-16T14:00:00+0200,56962.85485,MW,DE,DE_LU,actual_load,Actual Load,2026-06-23T17:24:51Z
2026-06-23T17:23:48Z,2026-06-23T19:23:48+0200,c51852f0-2285-49e0-9c34-cd4ce69db778,2026-06-16T12:15:00Z,2026-06-16T14:15:00+0200,56517.57969,MW,DE,DE_LU,actual_load,Actual Load,2026-06-23T17:24:51Z
2026-06-23T17:23:48Z,2026-06-23T19:23:48+0200,c51852f0-2285-49e0-9c34-cd4ce69db778,2026-06-16T12:30:00Z,2026-06-16T14:30:00+0200,55982.02938,MW,DE,DE_LU,actual_load,Actual Load,2026-06-23T17:24:51Z
2026-06-23T17:23:48Z,2026-06-23T19:23:48+0200,c51852f0-2285-49e0-9c34-cd4ce69db778,2026-06-16T12:45:00Z,2026-06-16T14:45:00+0200,56207.2952,MW,DE,DE_LU,actual_load,Actual Load,2026-06-23T17:24:51Z
2026-06-23T17:23:48Z,2026-06-23T19:23:48+0200,c51852f0-2285-49e0-9c34-cd4ce69db778,2026-06-16T13:00:00Z,2026-06-16T15:00:00+0200,56023.89672,MW,DE,DE_LU,actual_load,Actual Load,2026-06-23T17:24:51Z
2026-06-23T17:23:48Z,2026-06-23T19:23:48+0200,c51852f0-2285-49e0-9c34-cd4ce69db778,2026-06-16T13:15:00Z,2026-06-16T15:15:00+0200,55517.97771,MW,DE,DE_LU,actual_load,Actual Load,2026-06-23T17:24:51Z
2026-06-23T17:23:48Z,2026-06-23T19:23:48+0200,c51852f0-2285-49e0-9c34-cd4ce69db778,2026-06-16T13:30:00Z,2026-06-16T15:30:00+0200,55412.46132,MW,DE,DE_LU,actual_load,Actual Load,2026-06-23T17:24:51Z
2026-06-23T17:23:48Z,2026-06-23T19:23:48+0200,c51852f0-2285-49e0-9c34-cd4ce69db778,2026-06-16T13:45:00Z,2026-06-16T15:45:00+0200,54524.55241,MW,DE,DE_LU,actual_load,Actual Load,2026-06-23T17:24:51Z
2026-06-23T17:23:48Z,2026-06-23T19:23:48+0200,c51852f0-2285-49e0-9c34-cd4ce69db778,2026-06-16T14:00:00Z,2026-06-16T16:00:00+0200,54529.8404,MW,DE,DE_LU,actual_load,Actual Load,2026-06-23T17:24:51Z
2026-06-23T17:23:48Z,2026-06-23T19:23:48+0200,c51852f0-2285-49e0-9c34-cd4ce69db778,2026-06-16T14:15:00Z,2026-06-16T16:15:00+0200,54619.67816,MW,DE,DE_LU,actual_load,Actual Load,2026-06-23T17:24:51Z
2026-06-23T17:23:48Z,2026-06-23T19:23:48+0200,c51852f0-2285-49e0-9c34-cd4ce69db778,2026-06-16T14:30:00Z,2026-06-16T16:30:00+0200,54421.30691,MW,DE,DE_LU,actual_load,Actual Load,2026-06-23T17:24:51Z
2026-06-23T17:23:48Z,2026-06-23T19:23:48+0200,c51852f0-2285-49e0-9c34-cd4ce69db778,2026-06-16T14:45:00Z,2026-06-16T16:45:00+0200,54865.5925,MW,DE,DE_LU,actual_load,Actual Load,2026-06-23T17:24:51Z
2026-06-23T17:23:48Z,2026-06-23T19:23:48+0200,c51852f0-2285-49e0-9c34-cd4ce69db778,2026-06-16T15:00:00Z,2026-06-16T17:00:00+0200,55654.29425,MW,DE,DE_LU,actual_load,Actual Load,2026-06-23T17:24:51Z
2026-06-23T17:23:48Z,2026-06-23T19:23:48+0200,c51852f0-2285-49e0-9c34-cd4ce69db778,2026-06-16T15:15:00Z,2026-06-16T17:15:00+0200,55851.75852,MW,DE,DE_LU,actual_load,Actual Load,2026-06-23T17:24:51Z
2026-06-23T17:23:48Z,2026-06-23T19:23:48+0200,c51852f0-2285-49e0-9c34-cd4ce69db778,2026-06-16T15:30:00Z,2026-06-16T17:30:00+0200,56307.4588,MW,DE,DE_LU,actual_load,Actual Load,2026-06-23T17:24:51Z
2026-06-23T17:23:48Z,2026-06-23T19:23:48+0200,c51852f0-2285-49e0-9c34-cd4ce69db778,2026-06-16T15:45:00Z,2026-06-16T17:45:00+0200,56865.30793,MW,DE,DE_LU,actual_load,Actual Load,2026-06-23T17:24:51Z
2026-06-23T17:23:48Z,2026-06-23T19:23:48+0200,c51852f0-2285-49e0-9c34-cd4ce69db778,2026-06-16T16:00:00Z,2026-06-16T18:00:00+0200,57056.01451,MW,DE,DE_LU,actual_load,Actual Load,2026-06-23T17:24:51Z
2026-06-23T17:23:48Z,2026-06-23T19:23:48+0200,c51852f0-2285-49e0-9c34-cd4ce69db778,2026-06-16T16:15:00Z,2026-06-16T18:15:00+0200,57836.46489,MW,DE,DE_LU,actual_load,Actual Load,2026-06-23T17:24:51Z
2026-06-23T17:23:48Z,2026-06-23T19:23:48+0200,c51852f0-2285-49e0-9c34-cd4ce69db778,2026-06-16T16:30:00Z,2026-06-16T18:30:00+0200,58573.54071,MW,DE,DE_LU,actual_load,Actual Load,2026-06-23T17:24:51Z
2026-06-23T17:23:48Z,2026-06-23T19:23:48+0200,c51852f0-2285-49e0-9c34-cd4ce69db778,2026-06-16T16:45:00Z,2026-06-16T18:45:00+0200,58607.87967,MW,DE,DE_LU,actual_load,Actual Load,2026-06-23T17:24:51Z
2026-06-23T17:23:48Z,2026-06-23T19:23:48+0200,c51852f0-2285-49e0-9c34-cd4ce69db778,2026-06-16T17:00:00Z,2026-06-16T19:00:00+0200,58569.61682,MW,DE,DE_LU,actual_load,Actual Load,2026-06-23T17:24:51Z
2026-06-23T17:23:48Z,2026-06-23T19:23:48+0200,c51852f0-2285-49e0-9c34-cd4ce69db778,2026-06-16T17:15:00Z,2026-06-16T19:15:00+0200,58166.41609,MW,DE,DE_LU,actual_load,Actual Load,2026-06-23T17:24:51Z
2026-06-23T17:23:48Z,2026-06-23T19:23:48+0200,c51852f0-2285-49e0-9c34-cd4ce69db778,2026-06-16T17:30:00Z,2026-06-16T19:30:00+0200,57757.06716,MW,DE,DE_LU,actual_load,Actual Load,2026-06-23T17:24:51Z
2026-06-23T17:23:48Z,2026-06-23T19:23:48+0200,c51852f0-2285-49e0-9c34-cd4ce69db778,2026-06-16T17:45:00Z,2026-06-16T19:45:00+0200,57575.38701,MW,DE,DE_LU,actual_load,Actual Load,2026-06-23T17:24:51Z
2026-06-23T17:23:48Z,2026-06-23T19:23:48+0200,c51852f0-2285-49e0-9c34-cd4ce69db778,2026-06-16T18:00:00Z,2026-06-16T20:00:00+0200,56742.9749,MW,DE,DE_LU,actual_load,Actual Load,2026-06-23T17:24:51Z
2026-06-23T17:23:48Z,2026-06-23T19:23:48+0200,c51852f0-2285-49e0-9c34-cd4ce69db778,2026-06-16T18:15:00Z,2026-06-16T20:15:00+0200,56074.37867,MW,DE,DE_LU,actual_load,Actual Load,2026-06-23T17:24:51Z
2026-06-23T17:23:48Z,2026-06-23T19:23:48+0200,c51852f0-2285-49e0-9c34-cd4ce69db778,2026-06-16T18:30:00Z,2026-06-16T20:30:00+0200,55787.15129,MW,DE,DE_LU,actual_load,Actual Load,2026-06-23T17:24:51Z
2026-06-23T17:23:48Z,2026-06-23T19:23:48+0200,c51852f0-2285-49e0-9c34-cd4ce69db778,2026-06-16T18:45:00Z,2026-06-16T20:45:00+0200,55321.31172,MW,DE,DE_LU,actual_load,Actual Load,2026-06-23T17:24:51Z
2026-06-23T17:23:48Z,2026-06-23T19:23:48+0200,c51852f0-2285-49e0-9c34-cd4ce69db778,2026-06-16T19:00:00Z,2026-06-16T21:00:00+0200,54380.27775,MW,DE,DE_LU,actual_load,Actual Load,2026-06-23T17:24:51Z
2026-06-23T17:23:48Z,2026-06-23T19:23:48+0200,c51852f0-2285-49e0-9c34-cd4ce69db778,2026-06-16T19:15:00Z,2026-06-16T21:15:00+0200,53943.65021,MW,DE,DE_LU,actual_load,Actual Load,2026-06-23T17:24:51Z
2026-06-23T17:23:48Z,2026-06-23T19:23:48+0200,c51852f0-2285-49e0-9c34-cd4ce69db778,2026-06-16T19:30:00Z,2026-06-16T21:30:00+0200,52721.94073,MW,DE,DE_LU,actual_load,Actual Load,2026-06-23T17:24:51Z
2026-06-23T17:23:48Z,2026-06-23T19:23:48+0200,c51852f0-2285-49e0-9c34-cd4ce69db778,2026-06-16T19:45:00Z,2026-06-16T21:45:00+0200,52847.50438,MW,DE,DE_LU,actual_load,Actual Load,2026-06-23T17:24:51Z
2026-06-23T17:23:48Z,2026-06-23T19:23:48+0200,c51852f0-2285-49e0-9c34-cd4ce69db778,2026-06-16T20:00:00Z,2026-06-16T22:00:00+0200,52073.94632,MW,DE,DE_LU,actual_load,Actual Load,2026-06-23T17:24:51Z
2026-06-23T17:23:48Z,2026-06-23T19:23:48+0200,c51852f0-2285-49e0-9c34-cd4ce69db778,2026-06-16T20:15:00Z,2026-06-16T22:15:00+0200,51691.28495,MW,DE,DE_LU,actual_load,Actual Load,2026-06-23T17:24:51Z
2026-06-23T17:23:48Z,2026-06-23T19:23:48+0200,c51852f0-2285-49e0-9c34-cd4ce69db778,2026-06-16T20:30:00Z,2026-06-16T22:30:00+0200,51012.82163,MW,DE,DE_LU,actual_load,Actual Load,2026-06-23T17:24:51Z
2026-06-23T17:23:48Z,2026-06-23T19:23:48+0200,c51852f0-2285-49e0-9c34-cd4ce69db778,2026-06-16T20:45:00Z,2026-06-16T22:45:00+0200,50445.53894,MW,DE,DE_LU,actual_load,Actual Load,2026-06-23T17:24:51Z
2026-06-23T17:23:48Z,2026-06-23T19:23:48+0200,c51852f0-2285-49e0-9c34-cd4ce69db778,2026-06-16T21:00:00Z,2026-06-16T23:00:00+0200,49427.39339,MW,DE,DE_LU,actual_load,Actual Load,2026-06-23T17:24:51Z
2026-06-23T17:23:48Z,2026-06-23T19:23:48+0200,c51852f0-2285-49e0-9c34-cd4ce69db778,2026-06-16T21:15:00Z,2026-06-16T23:15:00+0200,48284.24944,MW,DE,DE_LU,actual_load,Actual Load,2026-06-23T17:24:51Z
2026-06-23T17:23:48Z,2026-06-23T19:23:48+0200,c51852f0-2285-49e0-9c34-cd4ce69db778,2026-06-16T21:30:00Z,2026-06-16T23:30:00+0200,47601.6558,MW,DE,DE_LU,actual_load,Actual Load,2026-06-23T17:24:51Z
2026-06-23T17:23:48Z,2026-06-23T19:23:48+0200,c51852f0-2285-49e0-9c34-cd4ce69db778,2026-06-16T21:45:00Z,2026-06-16T23:45:00+0200,47109.48424,MW,DE,DE_LU,actual_load,Actual Load,2026-06-23T17:24:51Z
2026-06-23T17:23:48Z,2026-06-23T19:23:48+0200,c51852f0-2285-49e0-9c34-cd4ce69db778,2026-06-16T22:00:00Z,2026-06-17T00:00:00+0200,46131.37019,MW,DE,DE_LU,actual_load,Actual Load,2026-06-23T17:24:51Z
2026-06-23T17:23:48Z,2026-06-23T19:23:48+0200,c51852f0-2285-49e0-9c34-cd4ce69db778,2026-06-16T22:15:00Z,2026-06-17T00:15:00+0200,45578.09506,MW,DE,DE_LU,actual_load,Actual Load,2026-06-23T17:24:51Z
2026-06-23T17:23:48Z,2026-06-23T19:23:48+0200,c51852f0-2285-49e0-9c34-cd4ce69db778,2026-06-16T22:30:00Z,2026-06-17T00:30:00+0200,45426.21873,MW,DE,DE_LU,actual_load,Actual Load,2026-06-23T17:24:51Z
2026-06-23T17:23:48Z,2026-06-23T19:23:48+0200,c51852f0-2285-49e0-9c34-cd4ce69db778,2026-06-16T22:45:00Z,2026-06-17T00:45:00+0200,45180.15798,MW,DE,DE_LU,actual_load,Actual Load,2026-06-23T17:24:51Z
2026-06-23T17:23:48Z,2026-06-23T19:23:48+0200,c51852f0-2285-49e0-9c34-cd4ce69db778,2026-06-16T23:00:00Z,2026-06-17T01:00:00+0200,45089.52486,MW,DE,DE_LU,actual_load,Actual Load,2026-06-23T17:24:51Z
2026-06-23T17:23:48Z,2026-06-23T19:23:48+0200,c51852f0-2285-49e0-9c34-cd4ce69db778,2026-06-16T23:15:00Z,2026-06-17T01:15:00+0200,44737.16766,MW,DE,DE_LU,actual_load,Actual Load,2026-06-23T17:24:51Z
2026-06-23T17:23:48Z,2026-06-23T19:23:48+0200,c51852f0-2285-49e0-9c34-cd4ce69db778,2026-06-16T23:30:00Z,2026-06-17T01:30:00+0200,44594.7052,MW,DE,DE_LU,actual_load,Actual Load,2026-06-23T17:24:51Z
2026-06-23T17:23:48Z,2026-06-23T19:23:48+0200,c51852f0-2285-49e0-9c34-cd4ce69db778,2026-06-16T23:45:00Z,2026-06-17T01:45:00+0200,44257.51456,MW,DE,DE_LU,actual_load,Actual Load,2026-06-23T17:24:51Z
2026-06-23T17:23:48Z,2026-06-23T19:23:48+0200,c51852f0-2285-49e0-9c34-cd4ce69db778,2026-06-17T00:00:00Z,2026-06-17T02:00:00+0200,43625.54226,MW,DE,DE_LU,actual_load,Actual Load,2026-06-23T17:24:51Z
2026-06-23T17:23:48Z,2026-06-23T19:23:48+0200,c51852f0-2285-49e0-9c34-cd4ce69db778,2026-06-17T00:15:00Z,2026-06-17T02:15:00+0200,43517.09052,MW,DE,DE_LU,actual_load,Actual Load,2026-06-23T17:24:51Z
2026-06-23T17:23:48Z,2026-06-23T19:23:48+0200,c51852f0-2285-49e0-9c34-cd4ce69db778,2026-06-17T00:30:00Z,2026-06-17T02:30:00+0200,43728.52733,MW,DE,DE_LU,actual_load,Actual Load,2026-06-23T17:24:51Z
2026-06-23T17:23:48Z,2026-06-23T19:23:48+0200,c51852f0-2285-49e0-9c34-cd4ce69db778,2026-06-17T00:45:00Z,2026-06-17T02:45:00+0200,43795.82899,MW,DE,DE_LU,actual_load,Actual Load,2026-06-23T17:24:51Z
2026-06-23T17:23:48Z,2026-06-23T19:23:48+0200,c51852f0-2285-49e0-9c34-cd4ce69db778,2026-06-17T01:00:00Z,2026-06-17T03:00:00+0200,43690.97363,MW,DE,DE_LU,actual_load,Actual Load,2026-06-23T17:24:51Z
2026-06-23T17:23:48Z,2026-06-23T19:23:48+0200,c51852f0-2285-49e0-9c34-cd4ce69db778,2026-06-17T01:15:00Z,2026-06-17T03:15:00+0200,43855.42332,MW,DE,DE_LU,actual_load,Actual Load,2026-06-23T17:24:51Z
2026-06-23T17:23:48Z,2026-06-23T19:23:48+0200,c51852f0-2285-49e0-9c34-cd4ce69db778,2026-06-17T01:30:00Z,2026-06-17T03:30:00+0200,43921.70762,MW,DE,DE_LU,actual_load,Actual Load,2026-06-23T17:24:51Z
2026-06-23T17:23:48Z,2026-06-23T19:23:48+0200,c51852f0-2285-49e0-9c34-cd4ce69db778,2026-06-17T01:45:00Z,2026-06-17T03:45:00+0200,44006.97197,MW,DE,DE_LU,actual_load,Actual Load,2026-06-23T17:24:51Z
2026-06-23T17:23:48Z,2026-06-23T19:23:48+0200,c51852f0-2285-49e0-9c34-cd4ce69db778,2026-06-17T02:00:00Z,2026-06-17T04:00:00+0200,44179.84478,MW,DE,DE_LU,actual_load,Actual Load,2026-06-23T17:24:51Z
2026-06-23T17:23:48Z,2026-06-23T19:23:48+0200,c51852f0-2285-49e0-9c34-cd4ce69db778,2026-06-17T02:15:00Z,2026-06-17T04:15:00+0200,44542.13758,MW,DE,DE_LU,actual_load,Actual Load,2026-06-23T17:24:51Z
2026-06-23T17:23:48Z,2026-06-23T19:23:48+0200,c51852f0-2285-49e0-9c34-cd4ce69db778,2026-06-17T02:30:00Z,2026-06-17T04:30:00+0200,45043.64033,MW,DE,DE_LU,actual_load,Actual Load,2026-06-23T17:24:51Z
2026-06-23T17:23:48Z,2026-06-23T19:23:48+0200,c51852f0-2285-49e0-9c34-cd4ce69db778,2026-06-17T02:45:00Z,2026-06-17T04:45:00+0200,44920.74429,MW,DE,DE_LU,actual_load,Actual Load,2026-06-23T17:24:51Z
2026-06-23T17:23:48Z,2026-06-23T19:23:48+0200,c51852f0-2285-49e0-9c34-cd4ce69db778,2026-06-17T03:00:00Z,2026-06-17T05:00:00+0200,46179.67808,MW,DE,DE_LU,actual_load,Actual Load,2026-06-23T17:24:51Z
2026-06-23T17:23:48Z,2026-06-23T19:23:48+0200,c51852f0-2285-49e0-9c34-cd4ce69db778,2026-06-17T03:15:00Z,2026-06-17T05:15:00+0200,46555.7941,MW,DE,DE_LU,actual_load,Actual Load,2026-06-23T17:24:51Z
2026-06-23T17:23:48Z,2026-06-23T19:23:48+0200,c51852f0-2285-49e0-9c34-cd4ce69db778,2026-06-17T03:30:00Z,2026-06-17T05:30:00+0200,47515.81903,MW,DE,DE_LU,actual_load,Actual Load,2026-06-23T17:24:51Z
2026-06-23T17:23:48Z,2026-06-23T19:23:48+0200,c51852f0-2285-49e0-9c34-cd4ce69db778,2026-06-17T03:45:00Z,2026-06-17T05:45:00+0200,49026.71907,MW,DE,DE_LU,actual_load,Actual Load,2026-06-23T17:24:51Z
2026-06-23T17:23:48Z,2026-06-23T19:23:48+0200,c51852f0-2285-49e0-9c34-cd4ce69db778,2026-06-17T04:00:00Z,2026-06-17T06:00:00+0200,51492.32073,MW,DE,DE_LU,actual_load,Actual Load,2026-06-23T17:24:51Z
2026-06-23T17:23:48Z,2026-06-23T19:23:48+0200,c51852f0-2285-49e0-9c34-cd4ce69db778,2026-06-17T04:15:00Z,2026-06-17T06:15:00+0200,53248.46088,MW,DE,DE_LU,actual_load,Actual Load,2026-06-23T17:24:51Z
2026-06-23T17:23:48Z,2026-06-23T19:23:48+0200,c51852f0-2285-49e0-9c34-cd4ce69db778,2026-06-17T04:30:00Z,2026-06-17T06:30:00+0200,54571.53883,MW,DE,DE_LU,actual_load,Actual Load,2026-06-23T17:24:51Z
2026-06-23T17:23:48Z,2026-06-23T19:23:48+0200,c51852f0-2285-49e0-9c34-cd4ce69db778,2026-06-17T04:45:00Z,2026-06-17T06:45:00+0200,56057.40465,MW,DE,DE_LU,actual_load,Actual Load,2026-06-23T17:24:51Z
2026-06-23T17:23:48Z,2026-06-23T19:23:48+0200,c51852f0-2285-49e0-9c34-cd4ce69db778,2026-06-17T05:00:00Z,2026-06-17T07:00:00+0200,57099.57223,MW,DE,DE_LU,actual_load,Actual Load,2026-06-23T17:24:51Z
2026-06-23T17:23:48Z,2026-06-23T19:23:48+0200,c51852f0-2285-49e0-9c34-cd4ce69db778,2026-06-17T05:15:00Z,2026-06-17T07:15:00+0200,58614.92969,MW,DE,DE_LU,actual_load,Actual Load,2026-06-23T17:24:51Z
2026-06-23T17:23:48Z,2026-06-23T19:23:48+0200,c51852f0-2285-49e0-9c34-cd4ce69db778,2026-06-17T05:30:00Z,2026-06-17T07:30:00+0200,59143.4643,MW,DE,DE_LU,actual_load,Actual Load,2026-06-23T17:24:51Z
2026-06-23T17:23:48Z,2026-06-23T19:23:48+0200,c51852f0-2285-49e0-9c34-cd4ce69db778,2026-06-17T05:45:00Z,2026-06-17T07:45:00+0200,59914.2993,MW,DE,DE_LU,actual_load,Actual Load,2026-06-23T17:24:51Z
2026-06-23T17:23:48Z,2026-06-23T19:23:48+0200,c51852f0-2285-49e0-9c34-cd4ce69db778,2026-06-17T06:00:00Z,2026-06-17T08:00:00+0200,59548.11071,MW,DE,DE_LU,actual_load,Actual Load,2026-06-23T17:24:51Z
2026-06-23T17:23:48Z,2026-06-23T19:23:48+0200,c51852f0-2285-49e0-9c34-cd4ce69db778,2026-06-17T06:15:00Z,2026-06-17T08:15:00+0200,60343.24997,MW,DE,DE_LU,actual_load,Actual Load,2026-06-23T17:24:51Z
2026-06-23T17:23:48Z,2026-06-23T19:23:48+0200,c51852f0-2285-49e0-9c34-cd4ce69db778,2026-06-17T06:30:00Z,2026-06-17T08:30:00+0200,60884.14073,MW,DE,DE_LU,actual_load,Actual Load,2026-06-23T17:24:51Z
2026-06-23T17:23:48Z,2026-06-23T19:23:48+0200,c51852f0-2285-49e0-9c34-cd4ce69db778,2026-06-17T06:45:00Z,2026-06-17T08:45:00+0200,60367.1681,MW,DE,DE_LU,actual_load,Actual Load,2026-06-23T17:24:51Z
2026-06-23T17:23:48Z,2026-06-23T19:23:48+0200,c51852f0-2285-49e0-9c34-cd4ce69db778,2026-06-17T07:00:00Z,2026-06-17T09:00:00+0200,58849.75557,MW,DE,DE_LU,actual_load,Actual Load,2026-06-23T17:24:51Z
2026-06-23T17:23:48Z,2026-06-23T19:23:48+0200,c51852f0-2285-49e0-9c34-cd4ce69db778,2026-06-17T07:15:00Z,2026-06-17T09:15:00+0200,58891.02127,MW,DE,DE_LU,actual_load,Actual Load,2026-06-23T17:24:51Z
2026-06-23T17:23:48Z,2026-06-23T19:23:48+0200,c51852f0-2285-49e0-9c34-cd4ce69db778,2026-06-17T07:30:00Z,2026-06-17T09:30:00+0200,58690.40606,MW,DE,DE_LU,actual_load,Actual Load,2026-06-23T17:24:51Z
2026-06-23T17:23:48Z,2026-06-23T19:23:48+0200,c51852f0-2285-49e0-9c34-cd4ce69db778,2026-06-17T07:45:00Z,2026-06-17T09:45:00+0200,58394.89346,MW,DE,DE_LU,actual_load,Actual Load,2026-06-23T17:24:51Z
2026-06-23T17:23:48Z,2026-06-23T19:23:48+0200,c51852f0-2285-49e0-9c34-cd4ce69db778,2026-06-17T08:00:00Z,2026-06-17T10:00:00+0200,58236.63112,MW,DE,DE_LU,actual_load,Actual Load,2026-06-23T17:24:51Z
2026-06-23T17:23:48Z,2026-06-23T19:23:48+0200,c51852f0-2285-49e0-9c34-cd4ce69db778,2026-06-17T08:15:00Z,2026-06-17T10:15:00+0200,59066.88896,MW,DE,DE_LU,actual_load,Actual Load,2026-06-23T17:24:51Z
2026-06-23T17:23:48Z,2026-06-23T19:23:48+0200,c51852f0-2285-49e0-9c34-cd4ce69db778,2026-06-17T08:30:00Z,2026-06-17T10:30:00+0200,58974.60266,MW,DE,DE_LU,actual_load,Actual Load,2026-06-23T17:24:51Z
2026-06-23T17:23:48Z,2026-06-23T19:23:48+0200,c51852f0-2285-49e0-9c34-cd4ce69db778,2026-06-17T08:45:00Z,2026-06-17T10:45:00+0200,58572.28578,MW,DE,DE_LU,actual_load,Actual Load,2026-06-23T17:24:51Z
2026-06-23T17:23:48Z,2026-06-23T19:23:48+0200,c51852f0-2285-49e0-9c34-cd4ce69db778,2026-06-17T09:00:00Z,2026-06-17T11:00:00+0200,58423.32305,MW,DE,DE_LU,actual_load,Actual Load,2026-06-23T17:24:51Z
2026-06-23T17:23:48Z,2026-06-23T19:23:48+0200,c51852f0-2285-49e0-9c34-cd4ce69db778,2026-06-17T09:15:00Z,2026-06-17T11:15:00+0200,58582.27295,MW,DE,DE_LU,actual_load,Actual Load,2026-06-23T17:24:51Z
2026-06-23T17:23:48Z,2026-06-23T19:23:48+0200,c51852f0-2285-49e0-9c34-cd4ce69db778,2026-06-17T09:30:00Z,2026-06-17T11:30:00+0200,58434.22926,MW,DE,DE_LU,actual_load,Actual Load,2026-06-23T17:24:51Z
2026-06-23T17:23:48Z,2026-06-23T19:23:48+0200,c51852f0-2285-49e0-9c34-cd4ce69db778,2026-06-17T09:45:00Z,2026-06-17T11:45:00+0200,58577.78401,MW,DE,DE_LU,actual_load,Actual Load,2026-06-23T17:24:51Z
2026-06-23T17:23:48Z,2026-06-23T19:23:48+0200,c51852f0-2285-49e0-9c34-cd4ce69db778,2026-06-17T10:00:00Z,2026-06-17T12:00:00+0200,57794.20094,MW,DE,DE_LU,actual_load,Actual Load,2026-06-23T17:24:51Z
2026-06-23T17:23:48Z,2026-06-23T19:23:48+0200,c51852f0-2285-49e0-9c34-cd4ce69db778,2026-06-17T10:15:00Z,2026-06-17T12:15:00+0200,57657.57783,MW,DE,DE_LU,actual_load,Actual Load,2026-06-23T17:24:51Z
2026-06-23T17:23:48Z,2026-06-23T19:23:48+0200,c51852f0-2285-49e0-9c34-cd4ce69db778,2026-06-17T10:30:00Z,2026-06-17T12:30:00+0200,57530.24773,MW,DE,DE_LU,actual_load,Actual Load,2026-06-23T17:24:51Z
2026-06-23T17:23:48Z,2026-06-23T19:23:48+0200,c51852f0-2285-49e0-9c34-cd4ce69db778,2026-06-17T10:45:00Z,2026-06-17T12:45:00+0200,58185.84147,MW,DE,DE_LU,actual_load,Actual Load,2026-06-23T17:24:51Z
2026-06-23T17:23:48Z,2026-06-23T19:23:48+0200,c51852f0-2285-49e0-9c34-cd4ce69db778,2026-06-17T11:00:00Z,2026-06-17T13:00:00+0200,57566.79356,MW,DE,DE_LU,actual_load,Actual Load,2026-06-23T17:24:51Z
2026-06-23T17:23:48Z,2026-06-23T19:23:48+0200,c51852f0-2285-49e0-9c34-cd4ce69db778,2026-06-17T11:15:00Z,2026-06-17T13:15:00+0200,57731.45054,MW,DE,DE_LU,actual_load,Actual Load,2026-06-23T17:24:51Z
2026-06-23T17:23:48Z,2026-06-23T19:23:48+0200,c51852f0-2285-49e0-9c34-cd4ce69db778,2026-06-17T11:30:00Z,2026-06-17T13:30:00+0200,57684.89898,MW,DE,DE_LU,actual_load,Actual Load,2026-06-23T17:24:51Z
2026-06-23T17:23:48Z,2026-06-23T19:23:48+0200,c51852f0-2285-49e0-9c34-cd4ce69db778,2026-06-17T11:45:00Z,2026-06-17T13:45:00+0200,56722.56519,MW,DE,DE_LU,actual_load,Actual Load,2026-06-23T17:24:51Z
2026-06-23T17:23:48Z,2026-06-23T19:23:48+0200,c51852f0-2285-49e0-9c34-cd4ce69db778,2026-06-17T12:00:00Z,2026-06-17T14:00:00+0200,56126.55146,MW,DE,DE_LU,actual_load,Actual Load,2026-06-23T17:24:51Z
2026-06-23T17:23:48Z,2026-06-23T19:23:48+0200,c51852f0-2285-49e0-9c34-cd4ce69db778,2026-06-17T12:15:00Z,2026-06-17T14:15:00+0200,56093.29331,MW,DE,DE_LU,actual_load,Actual Load,2026-06-23T17:24:51Z
2026-06-23T17:23:48Z,2026-06-23T19:23:48+0200,c51852f0-2285-49e0-9c34-cd4ce69db778,2026-06-17T12:30:00Z,2026-06-17T14:30:00+0200,55987.42468,MW,DE,DE_LU,actual_load,Actual Load,2026-06-23T17:24:51Z
2026-06-23T17:23:48Z,2026-06-23T19:23:48+0200,c51852f0-2285-49e0-9c34-cd4ce69db778,2026-06-17T12:45:00Z,2026-06-17T14:45:00+0200,55749.36763,MW,DE,DE_LU,actual_load,Actual Load,2026-06-23T17:24:51Z
2026-06-23T17:23:48Z,2026-06-23T19:23:48+0200,c51852f0-2285-49e0-9c34-cd4ce69db778,2026-06-17T13:00:00Z,2026-06-17T15:00:00+0200,55198.4174,MW,DE,DE_LU,actual_load,Actual Load,2026-06-23T17:24:51Z
2026-06-23T17:23:48Z,2026-06-23T19:23:48+0200,c51852f0-2285-49e0-9c34-cd4ce69db778,2026-06-17T13:15:00Z,2026-06-17T15:15:00+0200,54700.04989,MW,DE,DE_LU,actual_load,Actual Load,2026-06-23T17:24:51Z
2026-06-23T17:23:48Z,2026-06-23T19:23:48+0200,c51852f0-2285-49e0-9c34-cd4ce69db778,2026-06-17T13:30:00Z,2026-06-17T15:30:00+0200,54848.32533,MW,DE,DE_LU,actual_load,Actual Load,2026-06-23T17:24:51Z
2026-06-23T17:23:48Z,2026-06-23T19:23:48+0200,c51852f0-2285-49e0-9c34-cd4ce69db778,2026-06-17T13:45:00Z,2026-06-17T15:45:00+0200,55033.40775,MW,DE,DE_LU,actual_load,Actual Load,2026-06-23T17:24:51Z
2026-06-23T17:23:48Z,2026-06-23T19:23:48+0200,c51852f0-2285-49e0-9c34-cd4ce69db778,2026-06-17T14:00:00Z,2026-06-17T16:00:00+0200,55683.57318,MW,DE,DE_LU,actual_load,Actual Load,2026-06-23T17:24:51Z
2026-06-23T17:23:48Z,2026-06-23T19:23:48+0200,c51852f0-2285-49e0-9c34-cd4ce69db778,2026-06-17T14:15:00Z,2026-06-17T16:15:00+0200,55848.38143,MW,DE,DE_LU,actual_load,Actual Load,2026-06-23T17:24:51Z
2026-06-23T17:23:48Z,2026-06-23T19:23:48+0200,c51852f0-2285-49e0-9c34-cd4ce69db778,2026-06-17T14:30:00Z,2026-06-17T16:30:00+0200,56044.78035,MW,DE,DE_LU,actual_load,Actual Load,2026-06-23T17:24:51Z
2026-06-23T17:23:48Z,2026-06-23T19:23:48+0200,c51852f0-2285-49e0-9c34-cd4ce69db778,2026-06-17T14:45:00Z,2026-06-17T16:45:00+0200,56515.70712,MW,DE,DE_LU,actual_load,Actual Load,2026-06-23T17:24:51Z
2026-06-23T17:23:48Z,2026-06-23T19:23:48+0200,c51852f0-2285-49e0-9c34-cd4ce69db778,2026-06-17T15:00:00Z,2026-06-17T17:00:00+0200,56954.2504,MW,DE,DE_LU,actual_load,Actual Load,2026-06-23T17:24:51Z
2026-06-23T17:23:48Z,2026-06-23T19:23:48+0200,c51852f0-2285-49e0-9c34-cd4ce69db778,2026-06-17T15:15:00Z,2026-06-17T17:15:00+0200,56798.23273,MW,DE,DE_LU,actual_load,Actual Load,2026-06-23T17:24:51Z
2026-06-23T17:23:48Z,2026-06-23T19:23:48+0200,c51852f0-2285-49e0-9c34-cd4ce69db778,2026-06-17T15:30:00Z,2026-06-17T17:30:00+0200,57332.95946,MW,DE,DE_LU,actual_load,Actual Load,2026-06-23T17:24:51Z
2026-06-23T17:23:48Z,2026-06-23T19:23:48+0200,c51852f0-2285-49e0-9c34-cd4ce69db778,2026-06-17T15:45:00Z,2026-06-17T17:45:00+0200,57739.8445,MW,DE,DE_LU,actual_load,Actual Load,2026-06-23T17:24:51Z
2026-06-23T17:23:48Z,2026-06-23T19:23:48+0200,c51852f0-2285-49e0-9c34-cd4ce69db778,2026-06-17T16:00:00Z,2026-06-17T18:00:00+0200,59470.41704,MW,DE,DE_LU,actual_load,Actual Load,2026-06-23T17:24:51Z
2026-06-23T17:23:48Z,2026-06-23T19:23:48+0200,c51852f0-2285-49e0-9c34-cd4ce69db778,2026-06-17T16:15:00Z,2026-06-17T18:15:00+0200,59423.53029,MW,DE,DE_LU,actual_load,Actual Load,2026-06-23T17:24:51Z
2026-06-23T17:23:48Z,2026-06-23T19:23:48+0200,c51852f0-2285-49e0-9c34-cd4ce69db778,2026-06-17T16:30:00Z,2026-06-17T18:30:00+0200,59861.65775,MW,DE,DE_LU,actual_load,Actual Load,2026-06-23T17:24:51Z
2026-06-23T17:23:48Z,2026-06-23T19:23:48+0200,c51852f0-2285-49e0-9c34-cd4ce69db778,2026-06-17T16:45:00Z,2026-06-17T18:45:00+0200,59867.1651,MW,DE,DE_LU,actual_load,Actual Load,2026-06-23T17:24:51Z
2026-06-23T17:23:48Z,2026-06-23T19:23:48+0200,c51852f0-2285-49e0-9c34-cd4ce69db778,2026-06-17T17:00:00Z,2026-06-17T19:00:00+0200,61331.14943,MW,DE,DE_LU,actual_load,Actual Load,2026-06-23T17:24:51Z
2026-06-23T17:23:48Z,2026-06-23T19:23:48+0200,c51852f0-2285-49e0-9c34-cd4ce69db778,2026-06-17T17:15:00Z,2026-06-17T19:15:00+0200,60568.4403,MW,DE,DE_LU,actual_load,Actual Load,2026-06-23T17:24:51Z
2026-06-23T17:23:48Z,2026-06-23T19:23:48+0200,c51852f0-2285-49e0-9c34-cd4ce69db778,2026-06-17T17:30:00Z,2026-06-17T19:30:00+0200,60405.70818,MW,DE,DE_LU,actual_load,Actual Load,2026-06-23T17:24:51Z
2026-06-23T17:23:48Z,2026-06-23T19:23:48+0200,c51852f0-2285-49e0-9c34-cd4ce69db778,2026-06-17T17:45:00Z,2026-06-17T19:45:00+0200,59597.00398,MW,DE,DE_LU,actual_load,Actual Load,2026-06-23T17:24:51Z
2026-06-23T17:23:48Z,2026-06-23T19:23:48+0200,c51852f0-2285-49e0-9c34-cd4ce69db778,2026-06-17T18:00:00Z,2026-06-17T20:00:00+0200,59676.12927,MW,DE,DE_LU,actual_load,Actual Load,2026-06-23T17:24:51Z
2026-06-23T17:23:48Z,2026-06-23T19:23:48+0200,c51852f0-2285-49e0-9c34-cd4ce69db778,2026-06-17T18:15:00Z,2026-06-17T20:15:00+0200,59228.68627,MW,DE,DE_LU,actual_load,Actual Load,2026-06-23T17:24:51Z
2026-06-23T17:23:48Z,2026-06-23T19:23:48+0200,c51852f0-2285-49e0-9c34-cd4ce69db778,2026-06-17T18:30:00Z,2026-06-17T20:30:00+0200,58798.40531,MW,DE,DE_LU,actual_load,Actual Load,2026-06-23T17:24:51Z
2026-06-23T17:23:48Z,2026-06-23T19:23:48+0200,c51852f0-2285-49e0-9c34-cd4ce69db778,2026-06-17T18:45:00Z,2026-06-17T20:45:00+0200,57798.48281,MW,DE,DE_LU,actual_load,Actual Load,2026-06-23T17:24:51Z
2026-06-23T17:23:48Z,2026-06-23T19:23:48+0200,c51852f0-2285-49e0-9c34-cd4ce69db778,2026-06-17T19:00:00Z,2026-06-17T21:00:00+0200,56987.64755,MW,DE,DE_LU,actual_load,Actual Load,2026-06-23T17:24:51Z
2026-06-23T17:23:48Z,2026-06-23T19:23:48+0200,c51852f0-2285-49e0-9c34-cd4ce69db778,2026-06-17T19:15:00Z,2026-06-17T21:15:00+0200,56349.33103,MW,DE,DE_LU,actual_load,Actual Load,2026-06-23T17:24:51Z
2026-06-23T17:23:48Z,2026-06-23T19:23:48+0200,c51852f0-2285-49e0-9c34-cd4ce69db778,2026-06-17T19:30:00Z,2026-06-17T21:30:00+0200,55723.17097,MW,DE,DE_LU,actual_load,Actual Load,2026-06-23T17:24:51Z
2026-06-23T17:23:48Z,2026-06-23T19:23:48+0200,c51852f0-2285-49e0-9c34-cd4ce69db778,2026-06-17T19:45:00Z,2026-06-17T21:45:00+0200,55402.27275,MW,DE,DE_LU,actual_load,Actual Load,2026-06-23T17:24:51Z
2026-06-23T17:23:48Z,2026-06-23T19:23:48+0200,c51852f0-2285-49e0-9c34-cd4ce69db778,2026-06-17T20:00:00Z,2026-06-17T22:00:00+0200,54650.32038,MW,DE,DE_LU,actual_load,Actual Load,2026-06-23T17:24:51Z
2026-06-23T17:23:48Z,2026-06-23T19:23:48+0200,c51852f0-2285-49e0-9c34-cd4ce69db778,2026-06-17T20:15:00Z,2026-06-17T22:15:00+0200,53785.33386,MW,DE,DE_LU,actual_load,Actual Load,2026-06-23T17:24:51Z
2026-06-23T17:23:48Z,2026-06-23T19:23:48+0200,c51852f0-2285-49e0-9c34-cd4ce69db778,2026-06-17T20:30:00Z,2026-06-17T22:30:00+0200,53109.17109,MW,DE,DE_LU,actual_load,Actual Load,2026-06-23T17:24:51Z
2026-06-23T17:23:48Z,2026-06-23T19:23:48+0200,c51852f0-2285-49e0-9c34-cd4ce69db778,2026-06-17T20:45:00Z,2026-06-17T22:45:00+0200,52725.40656,MW,DE,DE_LU,actual_load,Actual Load,2026-06-23T17:24:51Z
2026-06-23T17:23:48Z,2026-06-23T19:23:48+0200,c51852f0-2285-49e0-9c34-cd4ce69db778,2026-06-17T21:00:00Z,2026-06-17T23:00:00+0200,51610.48563,MW,DE,DE_LU,actual_load,Actual Load,2026-06-23T17:24:51Z
2026-06-23T17:23:48Z,2026-06-23T19:23:48+0200,c51852f0-2285-49e0-9c34-cd4ce69db778,2026-06-17T21:15:00Z,2026-06-17T23:15:00+0200,50634.02684,MW,DE,DE_LU,actual_load,Actual Load,2026-06-23T17:24:51Z
2026-06-23T17:23:48Z,2026-06-23T19:23:48+0200,c51852f0-2285-49e0-9c34-cd4ce69db778,2026-06-17T21:30:00Z,2026-06-17T23:30:00+0200,49799.03497,MW,DE,DE_LU,actual_load,Actual Load,2026-06-23T17:24:51Z
2026-06-23T17:23:48Z,2026-06-23T19:23:48+0200,c51852f0-2285-49e0-9c34-cd4ce69db778,2026-06-17T21:45:00Z,2026-06-17T23:45:00+0200,49080.32911,MW,DE,DE_LU,actual_load,Actual Load,2026-06-23T17:24:51Z
2026-06-23T17:23:48Z,2026-06-23T19:23:48+0200,c51852f0-2285-49e0-9c34-cd4ce69db778,2026-06-17T22:00:00Z,2026-06-18T00:00:00+0200,48333.36803,MW,DE,DE_LU,actual_load,Actual Load,2026-06-23T17:24:51Z
2026-06-23T17:23:48Z,2026-06-23T19:23:48+0200,c51852f0-2285-49e0-9c34-cd4ce69db778,2026-06-17T22:15:00Z,2026-06-18T00:15:00+0200,47545.15281,MW,DE,DE_LU,actual_load,Actual Load,2026-06-23T17:24:51Z
2026-06-23T17:23:48Z,2026-06-23T19:23:48+0200,c51852f0-2285-49e0-9c34-cd4ce69db778,2026-06-17T22:30:00Z,2026-06-18T00:30:00+0200,47346.41929,MW,DE,DE_LU,actual_load,Actual Load,2026-06-23T17:24:51Z
2026-06-23T17:23:48Z,2026-06-23T19:23:48+0200,c51852f0-2285-49e0-9c34-cd4ce69db778,2026-06-17T22:45:00Z,2026-06-18T00:45:00+0200,46672.01121,MW,DE,DE_LU,actual_load,Actual Load,2026-06-23T17:24:51Z
2026-06-23T17:23:48Z,2026-06-23T19:23:48+0200,c51852f0-2285-49e0-9c34-cd4ce69db778,2026-06-17T23:00:00Z,2026-06-18T01:00:00+0200,46128.56574,MW,DE,DE_LU,actual_load,Actual Load,2026-06-23T17:24:51Z
2026-06-23T17:23:48Z,2026-06-23T19:23:48+0200,c51852f0-2285-49e0-9c34-cd4ce69db778,2026-06-17T23:15:00Z,2026-06-18T01:15:00+0200,45937.05195,MW,DE,DE_LU,actual_load,Actual Load,2026-06-23T17:24:51Z
2026-06-23T17:23:48Z,2026-06-23T19:23:48+0200,c51852f0-2285-49e0-9c34-cd4ce69db778,2026-06-17T23:30:00Z,2026-06-18T01:30:00+0200,45672.89416,MW,DE,DE_LU,actual_load,Actual Load,2026-06-23T17:24:51Z
2026-06-23T17:23:48Z,2026-06-23T19:23:48+0200,c51852f0-2285-49e0-9c34-cd4ce69db778,2026-06-17T23:45:00Z,2026-06-18T01:45:00+0200,45258.9582,MW,DE,DE_LU,actual_load,Actual Load,2026-06-23T17:24:51Z
2026-06-23T17:23:48Z,2026-06-23T19:23:48+0200,c51852f0-2285-49e0-9c34-cd4ce69db778,2026-06-18T00:00:00Z,2026-06-18T02:00:00+0200,44786.34153,MW,DE,DE_LU,actual_load,Actual Load,2026-06-23T17:24:51Z
2026-06-23T17:23:48Z,2026-06-23T19:23:48+0200,c51852f0-2285-49e0-9c34-cd4ce69db778,2026-06-18T00:15:00Z,2026-06-18T02:15:00+0200,44440.6545,MW,DE,DE_LU,actual_load,Actual Load,2026-06-23T17:24:51Z
2026-06-23T17:23:48Z,2026-06-23T19:23:48+0200,c51852f0-2285-49e0-9c34-cd4ce69db778,2026-06-18T00:30:00Z,2026-06-18T02:30:00+0200,44357.66529,MW,DE,DE_LU,actual_load,Actual Load,2026-06-23T17:24:51Z
2026-06-23T17:23:48Z,2026-06-23T19:23:48+0200,c51852f0-2285-49e0-9c34-cd4ce69db778,2026-06-18T00:45:00Z,2026-06-18T02:45:00+0200,44174.0459,MW,DE,DE_LU,actual_load,Actual Load,2026-06-23T17:24:51Z
2026-06-23T17:23:48Z,2026-06-23T19:23:48+0200,c51852f0-2285-49e0-9c34-cd4ce69db778,2026-06-18T01:00:00Z,2026-06-18T03:00:00+0200,44483.66486,MW,DE,DE_LU,actual_load,Actual Load,2026-06-23T17:24:51Z
2026-06-23T17:23:48Z,2026-06-23T19:23:48+0200,c51852f0-2285-49e0-9c34-cd4ce69db778,2026-06-18T01:15:00Z,2026-06-18T03:15:00+0200,44746.75667,MW,DE,DE_LU,actual_load,Actual Load,2026-06-23T17:24:51Z
2026-06-23T17:23:48Z,2026-06-23T19:23:48+0200,c51852f0-2285-49e0-9c34-cd4ce69db778,2026-06-18T01:30:00Z,2026-06-18T03:30:00+0200,44556.85126,MW,DE,DE_LU,actual_load,Actual Load,2026-06-23T17:24:51Z
2026-06-23T17:23:48Z,2026-06-23T19:23:48+0200,c51852f0-2285-49e0-9c34-cd4ce69db778,2026-06-18T01:45:00Z,2026-06-18T03:45:00+0200,44479.04201,MW,DE,DE_LU,actual_load,Actual Load,2026-06-23T17:24:51Z
2026-06-23T17:23:48Z,2026-06-23T19:23:48+0200,c51852f0-2285-49e0-9c34-cd4ce69db778,2026-06-18T02:00:00Z,2026-06-18T04:00:00+0200,44909.51379,MW,DE,DE_LU,actual_load,Actual Load,2026-06-23T17:24:51Z
2026-06-23T17:23:48Z,2026-06-23T19:23:48+0200,c51852f0-2285-49e0-9c34-cd4ce69db778,2026-06-18T02:15:00Z,2026-06-18T04:15:00+0200,45452.51089,MW,DE,DE_LU,actual_load,Actual Load,2026-06-23T17:24:51Z
2026-06-23T17:23:48Z,2026-06-23T19:23:48+0200,c51852f0-2285-49e0-9c34-cd4ce69db778,2026-06-18T02:30:00Z,2026-06-18T04:30:00+0200,45703.06538,MW,DE,DE_LU,actual_load,Actual Load,2026-06-23T17:24:51Z
2026-06-23T17:23:48Z,2026-06-23T19:23:48+0200,c51852f0-2285-49e0-9c34-cd4ce69db778,2026-06-18T02:45:00Z,2026-06-18T04:45:00+0200,45647.57972,MW,DE,DE_LU,actual_load,Actual Load,2026-06-23T17:24:51Z
2026-06-23T17:23:48Z,2026-06-23T19:23:48+0200,c51852f0-2285-49e0-9c34-cd4ce69db778,2026-06-18T03:00:00Z,2026-06-18T05:00:00+0200,45898.53799,MW,DE,DE_LU,actual_load,Actual Load,2026-06-23T17:24:51Z
2026-06-23T17:23:48Z,2026-06-23T19:23:48+0200,c51852f0-2285-49e0-9c34-cd4ce69db778,2026-06-18T03:15:00Z,2026-06-18T05:15:00+0200,46486.62786,MW,DE,DE_LU,actual_load,Actual Load,2026-06-23T17:24:51Z
2026-06-23T17:23:48Z,2026-06-23T19:23:48+0200,c51852f0-2285-49e0-9c34-cd4ce69db778,2026-06-18T03:30:00Z,2026-06-18T05:30:00+0200,47682.66695,MW,DE,DE_LU,actual_load,Actual Load,2026-06-23T17:24:51Z
2026-06-23T17:23:48Z,2026-06-23T19:23:48+0200,c51852f0-2285-49e0-9c34-cd4ce69db778,2026-06-18T03:45:00Z,2026-06-18T05:45:00+0200,48972.67189,MW,DE,DE_LU,actual_load,Actual Load,2026-06-23T17:24:51Z
2026-06-23T17:23:48Z,2026-06-23T19:23:48+0200,c51852f0-2285-49e0-9c34-cd4ce69db778,2026-06-18T04:00:00Z,2026-06-18T06:00:00+0200,50949.69097,MW,DE,DE_LU,actual_load,Actual Load,2026-06-23T17:24:51Z
2026-06-23T17:23:48Z,2026-06-23T19:23:48+0200,c51852f0-2285-49e0-9c34-cd4ce69db778,2026-06-18T04:15:00Z,2026-06-18T06:15:00+0200,53180.55183,MW,DE,DE_LU,actual_load,Actual Load,2026-06-23T17:24:51Z
2026-06-23T17:23:48Z,2026-06-23T19:23:48+0200,c51852f0-2285-49e0-9c34-cd4ce69db778,2026-06-18T04:30:00Z,2026-06-18T06:30:00+0200,55157.45717,MW,DE,DE_LU,actual_load,Actual Load,2026-06-23T17:24:51Z
2026-06-23T17:23:48Z,2026-06-23T19:23:48+0200,c51852f0-2285-49e0-9c34-cd4ce69db778,2026-06-18T04:45:00Z,2026-06-18T06:45:00+0200,56149.08629,MW,DE,DE_LU,actual_load,Actual Load,2026-06-23T17:24:51Z
2026-06-23T17:23:48Z,2026-06-23T19:23:48+0200,c51852f0-2285-49e0-9c34-cd4ce69db778,2026-06-18T05:00:00Z,2026-06-18T07:00:00+0200,56957.34652,MW,DE,DE_LU,actual_load,Actual Load,2026-06-23T17:24:51Z
2026-06-23T17:23:48Z,2026-06-23T19:23:48+0200,c51852f0-2285-49e0-9c34-cd4ce69db778,2026-06-18T05:15:00Z,2026-06-18T07:15:00+0200,58447.6701,MW,DE,DE_LU,actual_load,Actual Load,2026-06-23T17:24:51Z
2026-06-23T17:23:48Z,2026-06-23T19:23:48+0200,c51852f0-2285-49e0-9c34-cd4ce69db778,2026-06-18T05:30:00Z,2026-06-18T07:30:00+0200,59846.4956,MW,DE,DE_LU,actual_load,Actual Load,2026-06-23T17:24:51Z
2026-06-23T17:23:48Z,2026-06-23T19:23:48+0200,c51852f0-2285-49e0-9c34-cd4ce69db778,2026-06-18T05:45:00Z,2026-06-18T07:45:00+0200,60399.66366,MW,DE,DE_LU,actual_load,Actual Load,2026-06-23T17:24:51Z
2026-06-23T17:23:48Z,2026-06-23T19:23:48+0200,c51852f0-2285-49e0-9c34-cd4ce69db778,2026-06-18T06:00:00Z,2026-06-18T08:00:00+0200,59841.91303,MW,DE,DE_LU,actual_load,Actual Load,2026-06-23T17:24:51Z
2026-06-23T17:23:48Z,2026-06-23T19:23:48+0200,c51852f0-2285-49e0-9c34-cd4ce69db778,2026-06-18T06:15:00Z,2026-06-18T08:15:00+0200,60312.2971,MW,DE,DE_LU,actual_load,Actual Load,2026-06-23T17:24:51Z
2026-06-23T17:23:48Z,2026-06-23T19:23:48+0200,c51852f0-2285-49e0-9c34-cd4ce69db778,2026-06-18T06:30:00Z,2026-06-18T08:30:00+0200,60439.65485,MW,DE,DE_LU,actual_load,Actual Load,2026-06-23T17:24:51Z
2026-06-23T17:23:48Z,2026-06-23T19:23:48+0200,c51852f0-2285-49e0-9c34-cd4ce69db778,2026-06-18T06:45:00Z,2026-06-18T08:45:00+0200,61448.70669,MW,DE,DE_LU,actual_load,Actual Load,2026-06-23T17:24:51Z
2026-06-23T17:23:48Z,2026-06-23T19:23:48+0200,c51852f0-2285-49e0-9c34-cd4ce69db778,2026-06-18T07:00:00Z,2026-06-18T09:00:00+0200,60332.90257,MW,DE,DE_LU,actual_load,Actual Load,2026-06-23T17:24:51Z
2026-06-23T17:23:48Z,2026-06-23T19:23:48+0200,c51852f0-2285-49e0-9c34-cd4ce69db778,2026-06-18T07:15:00Z,2026-06-18T09:15:00+0200,59665.80207,MW,DE,DE_LU,actual_load,Actual Load,2026-06-23T17:24:51Z
2026-06-23T17:23:48Z,2026-06-23T19:23:48+0200,c51852f0-2285-49e0-9c34-cd4ce69db778,2026-06-18T07:30:00Z,2026-06-18T09:30:00+0200,58850.04423,MW,DE,DE_LU,actual_load,Actual Load,2026-06-23T17:24:51Z
2026-06-23T17:23:48Z,2026-06-23T19:23:48+0200,c51852f0-2285-49e0-9c34-cd4ce69db778,2026-06-18T07:45:00Z,2026-06-18T09:45:00+0200,58793.31298,MW,DE,DE_LU,actual_load,Actual Load,2026-06-23T17:24:51Z
2026-06-23T17:23:48Z,2026-06-23T19:23:48+0200,c51852f0-2285-49e0-9c34-cd4ce69db778,2026-06-18T08:00:00Z,2026-06-18T10:00:00+0200,58972.13327,MW,DE,DE_LU,actual_load,Actual Load,2026-06-23T17:24:51Z
2026-06-23T17:23:48Z,2026-06-23T19:23:48+0200,c51852f0-2285-49e0-9c34-cd4ce69db778,2026-06-18T08:15:00Z,2026-06-18T10:15:00+0200,58782.23699,MW,DE,DE_LU,actual_load,Actual Load,2026-06-23T17:24:51Z
2026-06-23T17:23:48Z,2026-06-23T19:23:48+0200,c51852f0-2285-49e0-9c34-cd4ce69db778,2026-06-18T08:30:00Z,2026-06-18T10:30:00+0200,58617.08825,MW,DE,DE_LU,actual_load,Actual Load,2026-06-23T17:24:51Z
2026-06-23T17:23:48Z,2026-06-23T19:23:48+0200,c51852f0-2285-49e0-9c34-cd4ce69db778,2026-06-18T08:45:00Z,2026-06-18T10:45:00+0200,58611.08822,MW,DE,DE_LU,actual_load,Actual Load,2026-06-23T17:24:51Z
2026-06-23T17:23:48Z,2026-06-23T19:23:48+0200,c51852f0-2285-49e0-9c34-cd4ce69db778,2026-06-18T09:00:00Z,2026-06-18T11:00:00+0200,58935.288,MW,DE,DE_LU,actual_load,Actual Load,2026-06-23T17:24:51Z
2026-06-23T17:23:48Z,2026-06-23T19:23:48+0200,c51852f0-2285-49e0-9c34-cd4ce69db778,2026-06-18T09:15:00Z,2026-06-18T11:15:00+0200,59357.6298,MW,DE,DE_LU,actual_load,Actual Load,2026-06-23T17:24:51Z
2026-06-23T17:23:48Z,2026-06-23T19:23:48+0200,c51852f0-2285-49e0-9c34-cd4ce69db778,2026-06-18T09:30:00Z,2026-06-18T11:30:00+0200,59422.53132,MW,DE,DE_LU,actual_load,Actual Load,2026-06-23T17:24:51Z
2026-06-23T17:23:48Z,2026-06-23T19:23:48+0200,c51852f0-2285-49e0-9c34-cd4ce69db778,2026-06-18T09:45:00Z,2026-06-18T11:45:00+0200,59426.82625,MW,DE,DE_LU,actual_load,Actual Load,2026-06-23T17:24:51Z
2026-06-23T17:23:48Z,2026-06-23T19:23:48+0200,c51852f0-2285-49e0-9c34-cd4ce69db778,2026-06-18T10:00:00Z,2026-06-18T12:00:00+0200,58625.11939,MW,DE,DE_LU,actual_load,Actual Load,2026-06-23T17:24:51Z
2026-06-23T17:23:48Z,2026-06-23T19:23:48+0200,c51852f0-2285-49e0-9c34-cd4ce69db778,2026-06-18T10:15:00Z,2026-06-18T12:15:00+0200,59140.34526,MW,DE,DE_LU,actual_load,Actual Load,2026-06-23T17:24:51Z
2026-06-23T17:23:48Z,2026-06-23T19:23:48+0200,c51852f0-2285-49e0-9c34-cd4ce69db778,2026-06-18T10:30:00Z,2026-06-18T12:30:00+0200,58870.56018,MW,DE,DE_LU,actual_load,Actual Load,2026-06-23T17:24:51Z
2026-06-23T17:23:48Z,2026-06-23T19:23:48+0200,c51852f0-2285-49e0-9c34-cd4ce69db778,2026-06-18T10:45:00Z,2026-06-18T12:45:00+0200,59099.73035,MW,DE,DE_LU,actual_load,Actual Load,2026-06-23T17:24:51Z
2026-06-23T17:23:48Z,2026-06-23T19:23:48+0200,c51852f0-2285-49e0-9c34-cd4ce69db778,2026-06-18T11:00:00Z,2026-06-18T13:00:00+0200,59718.73431,MW,DE,DE_LU,actual_load,Actual Load,2026-06-23T17:24:51Z
2026-06-23T17:23:48Z,2026-06-23T19:23:48+0200,c51852f0-2285-49e0-9c34-cd4ce69db778,2026-06-18T11:15:00Z,2026-06-18T13:15:00+0200,59310.30623,MW,DE,DE_LU,actual_load,Actual Load,2026-06-23T17:24:51Z
2026-06-23T17:23:48Z,2026-06-23T19:23:48+0200,c51852f0-2285-49e0-9c34-cd4ce69db778,2026-06-18T11:30:00Z,2026-06-18T13:30:00+0200,58832.22146,MW,DE,DE_LU,actual_load,Actual Load,2026-06-23T17:24:51Z
2026-06-23T17:23:48Z,2026-06-23T19:23:48+0200,c51852f0-2285-49e0-9c34-cd4ce69db778,2026-06-18T11:45:00Z,2026-06-18T13:45:00+0200,58313.93408,MW,DE,DE_LU,actual_load,Actual Load,2026-06-23T17:24:51Z
2026-06-23T17:23:48Z,2026-06-23T19:23:48+0200,c51852f0-2285-49e0-9c34-cd4ce69db778,2026-06-18T12:00:00Z,2026-06-18T14:00:00+0200,57888.16428,MW,DE,DE_LU,actual_load,Actual Load,2026-06-23T17:24:51Z
2026-06-23T17:23:48Z,2026-06-23T19:23:48+0200,c51852f0-2285-49e0-9c34-cd4ce69db778,2026-06-18T12:15:00Z,2026-06-18T14:15:00+0200,57664.49508,MW,DE,DE_LU,actual_load,Actual Load,2026-06-23T17:24:51Z
2026-06-23T17:23:48Z,2026-06-23T19:23:48+0200,c51852f0-2285-49e0-9c34-cd4ce69db778,2026-06-18T12:30:00Z,2026-06-18T14:30:00+0200,57373.9256,MW,DE,DE_LU,actual_load,Actual Load,2026-06-23T17:24:51Z
2026-06-23T17:23:48Z,2026-06-23T19:23:48+0200,c51852f0-2285-49e0-9c34-cd4ce69db778,2026-06-18T12:45:00Z,2026-06-18T14:45:00+0200,57119.67887,MW,DE,DE_LU,actual_load,Actual Load,2026-06-23T17:24:51Z
2026-06-23T17:23:48Z,2026-06-23T19:23:48+0200,c51852f0-2285-49e0-9c34-cd4ce69db778,2026-06-18T13:00:00Z,2026-06-18T15:00:00+0200,57020.44443,MW,DE,DE_LU,actual_load,Actual Load,2026-06-23T17:24:51Z
2026-06-23T17:23:48Z,2026-06-23T19:23:48+0200,c51852f0-2285-49e0-9c34-cd4ce69db778,2026-06-18T13:15:00Z,2026-06-18T15:15:00+0200,56490.28907,MW,DE,DE_LU,actual_load,Actual Load,2026-06-23T17:24:51Z
2026-06-23T17:23:48Z,2026-06-23T19:23:48+0200,c51852f0-2285-49e0-9c34-cd4ce69db778,2026-06-18T13:30:00Z,2026-06-18T15:30:00+0200,56560.92828,MW,DE,DE_LU,actual_load,Actual Load,2026-06-23T17:24:51Z
2026-06-23T17:23:48Z,2026-06-23T19:23:48+0200,c51852f0-2285-49e0-9c34-cd4ce69db778,2026-06-18T13:45:00Z,2026-06-18T15:45:00+0200,56162.10278,MW,DE,DE_LU,actual_load,Actual Load,2026-06-23T17:24:51Z
2026-06-23T17:23:48Z,2026-06-23T19:23:48+0200,c51852f0-2285-49e0-9c34-cd4ce69db778,2026-06-18T14:00:00Z,2026-06-18T16:00:00+0200,56455.34021,MW,DE,DE_LU,actual_load,Actual Load,2026-06-23T17:24:51Z
2026-06-23T17:23:48Z,2026-06-23T19:23:48+0200,c51852f0-2285-49e0-9c34-cd4ce69db778,2026-06-18T14:15:00Z,2026-06-18T16:15:00+0200,55806.66505,MW,DE,DE_LU,actual_load,Actual Load,2026-06-23T17:24:51Z
2026-06-23T17:23:48Z,2026-06-23T19:23:48+0200,c51852f0-2285-49e0-9c34-cd4ce69db778,2026-06-18T14:30:00Z,2026-06-18T16:30:00+0200,55855.57331,MW,DE,DE_LU,actual_load,Actual Load,2026-06-23T17:24:51Z
2026-06-23T17:23:48Z,2026-06-23T19:23:48+0200,c51852f0-2285-49e0-9c34-cd4ce69db778,2026-06-18T14:45:00Z,2026-06-18T16:45:00+0200,55565.01186,MW,DE,DE_LU,actual_load,Actual Load,2026-06-23T17:24:51Z
2026-06-23T17:23:48Z,2026-06-23T19:23:48+0200,c51852f0-2285-49e0-9c34-cd4ce69db778,2026-06-18T15:00:00Z,2026-06-18T17:00:00+0200,56057.13977,MW,DE,DE_LU,actual_load,Actual Load,2026-06-23T17:24:51Z
2026-06-23T17:23:48Z,2026-06-23T19:23:48+0200,c51852f0-2285-49e0-9c34-cd4ce69db778,2026-06-18T15:15:00Z,2026-06-18T17:15:00+0200,55941.16217,MW,DE,DE_LU,actual_load,Actual Load,2026-06-23T17:24:51Z
2026-06-23T17:23:48Z,2026-06-23T19:23:48+0200,c51852f0-2285-49e0-9c34-cd4ce69db778,2026-06-18T15:30:00Z,2026-06-18T17:30:00+0200,56583.31729,MW,DE,DE_LU,actual_load,Actual Load,2026-06-23T17:24:51Z
2026-06-23T17:23:48Z,2026-06-23T19:23:48+0200,c51852f0-2285-49e0-9c34-cd4ce69db778,2026-06-18T15:45:00Z,2026-06-18T17:45:00+0200,57588.66501,MW,DE,DE_LU,actual_load,Actual Load,2026-06-23T17:24:51Z
2026-06-23T17:23:48Z,2026-06-23T19:23:48+0200,c51852f0-2285-49e0-9c34-cd4ce69db778,2026-06-18T16:00:00Z,2026-06-18T18:00:00+0200,58720.07801,MW,DE,DE_LU,actual_load,Actual Load,2026-06-23T17:24:51Z
2026-06-23T17:23:48Z,2026-06-23T19:23:48+0200,c51852f0-2285-49e0-9c34-cd4ce69db778,2026-06-18T16:15:00Z,2026-06-18T18:15:00+0200,58942.78124,MW,DE,DE_LU,actual_load,Actual Load,2026-06-23T17:24:51Z
2026-06-23T17:23:48Z,2026-06-23T19:23:48+0200,c51852f0-2285-49e0-9c34-cd4ce69db778,2026-06-18T16:30:00Z,2026-06-18T18:30:00+0200,58474.42576,MW,DE,DE_LU,actual_load,Actual Load,2026-06-23T17:24:51Z
2026-06-23T17:23:48Z,2026-06-23T19:23:48+0200,c51852f0-2285-49e0-9c34-cd4ce69db778,2026-06-18T16:45:00Z,2026-06-18T18:45:00+0200,58957.34981,MW,DE,DE_LU,actual_load,Actual Load,2026-06-23T17:24:51Z
2026-06-23T17:23:48Z,2026-06-23T19:23:48+0200,c51852f0-2285-49e0-9c34-cd4ce69db778,2026-06-18T17:00:00Z,2026-06-18T19:00:00+0200,59328.69123,MW,DE,DE_LU,actual_load,Actual Load,2026-06-23T17:24:51Z
2026-06-23T17:23:48Z,2026-06-23T19:23:48+0200,c51852f0-2285-49e0-9c34-cd4ce69db778,2026-06-18T17:15:00Z,2026-06-18T19:15:00+0200,59470.21178,MW,DE,DE_LU,actual_load,Actual Load,2026-06-23T17:24:51Z
2026-06-23T17:23:48Z,2026-06-23T19:23:48+0200,c51852f0-2285-49e0-9c34-cd4ce69db778,2026-06-18T17:30:00Z,2026-06-18T19:30:00+0200,59499.11728,MW,DE,DE_LU,actual_load,Actual Load,2026-06-23T17:24:51Z
2026-06-23T17:23:48Z,2026-06-23T19:23:48+0200,c51852f0-2285-49e0-9c34-cd4ce69db778,2026-06-18T17:45:00Z,2026-06-18T19:45:00+0200,59055.68312,MW,DE,DE_LU,actual_load,Actual Load,2026-06-23T17:24:51Z
2026-06-23T17:23:48Z,2026-06-23T19:23:48+0200,c51852f0-2285-49e0-9c34-cd4ce69db778,2026-06-18T18:00:00Z,2026-06-18T20:00:00+0200,58458.81215,MW,DE,DE_LU,actual_load,Actual Load,2026-06-23T17:24:51Z
2026-06-23T17:23:48Z,2026-06-23T19:23:48+0200,c51852f0-2285-49e0-9c34-cd4ce69db778,2026-06-18T18:15:00Z,2026-06-18T20:15:00+0200,58007.67189,MW,DE,DE_LU,actual_load,Actual Load,2026-06-23T17:24:51Z
2026-06-23T17:23:48Z,2026-06-23T19:23:48+0200,c51852f0-2285-49e0-9c34-cd4ce69db778,2026-06-18T18:30:00Z,2026-06-18T20:30:00+0200,57358.93194,MW,DE,DE_LU,actual_load,Actual Load,2026-06-23T17:24:51Z
2026-06-23T17:23:48Z,2026-06-23T19:23:48+0200,c51852f0-2285-49e0-9c34-cd4ce69db778,2026-06-18T18:45:00Z,2026-06-18T20:45:00+0200,57085.8115,MW,DE,DE_LU,actual_load,Actual Load,2026-06-23T17:24:51Z
2026-06-23T17:23:48Z,2026-06-23T19:23:48+0200,c51852f0-2285-49e0-9c34-cd4ce69db778,2026-06-18T19:00:00Z,2026-06-18T21:00:00+0200,56524.51254,MW,DE,DE_LU,actual_load,Actual Load,2026-06-23T17:24:51Z
2026-06-23T17:23:48Z,2026-06-23T19:23:48+0200,c51852f0-2285-49e0-9c34-cd4ce69db778,2026-06-18T19:15:00Z,2026-06-18T21:15:00+0200,55957.70124,MW,DE,DE_LU,actual_load,Actual Load,2026-06-23T17:24:51Z
2026-06-23T17:23:48Z,2026-06-23T19:23:48+0200,c51852f0-2285-49e0-9c34-cd4ce69db778,2026-06-18T19:30:00Z,2026-06-18T21:30:00+0200,55541.33701,MW,DE,DE_LU,actual_load,Actual Load,2026-06-23T17:24:51Z
2026-06-23T17:23:48Z,2026-06-23T19:23:48+0200,c51852f0-2285-49e0-9c34-cd4ce69db778,2026-06-18T19:45:00Z,2026-06-18T21:45:00+0200,55384.14739,MW,DE,DE_LU,actual_load,Actual Load,2026-06-23T17:24:51Z
2026-06-23T17:23:48Z,2026-06-23T19:23:48+0200,c51852f0-2285-49e0-9c34-cd4ce69db778,2026-06-18T20:00:00Z,2026-06-18T22:00:00+0200,55126.25897,MW,DE,DE_LU,actual_load,Actual Load,2026-06-23T17:24:51Z
2026-06-23T17:23:48Z,2026-06-23T19:23:48+0200,c51852f0-2285-49e0-9c34-cd4ce69db778,2026-06-18T20:15:00Z,2026-06-18T22:15:00+0200,54463.23884,MW,DE,DE_LU,actual_load,Actual Load,2026-06-23T17:24:51Z
2026-06-23T17:23:48Z,2026-06-23T19:23:48+0200,c51852f0-2285-49e0-9c34-cd4ce69db778,2026-06-18T20:30:00Z,2026-06-18T22:30:00+0200,53262.3,MW,DE,DE_LU,actual_load,Actual Load,2026-06-23T17:24:51Z
2026-06-23T17:23:48Z,2026-06-23T19:23:48+0200,c51852f0-2285-49e0-9c34-cd4ce69db778,2026-06-18T20:45:00Z,2026-06-18T22:45:00+0200,52327.77519,MW,DE,DE_LU,actual_load,Actual Load,2026-06-23T17:24:51Z
2026-06-23T17:23:48Z,2026-06-23T19:23:48+0200,c51852f0-2285-49e0-9c34-cd4ce69db778,2026-06-18T21:00:00Z,2026-06-18T23:00:00+0200,51195.54115,MW,DE,DE_LU,actual_load,Actual Load,2026-06-23T17:24:51Z
2026-06-23T17:23:48Z,2026-06-23T19:23:48+0200,c51852f0-2285-49e0-9c34-cd4ce69db778,2026-06-18T21:15:00Z,2026-06-18T23:15:00+0200,50733.11382,MW,DE,DE_LU,actual_load,Actual Load,2026-06-23T17:24:51Z
2026-06-23T17:23:48Z,2026-06-23T19:23:48+0200,c51852f0-2285-49e0-9c34-cd4ce69db778,2026-06-18T21:30:00Z,2026-06-18T23:30:00+0200,49609.80612,MW,DE,DE_LU,actual_load,Actual Load,2026-06-23T17:24:51Z
2026-06-23T17:23:48Z,2026-06-23T19:23:48+0200,c51852f0-2285-49e0-9c34-cd4ce69db778,2026-06-18T21:45:00Z,2026-06-18T23:45:00+0200,48961.65732,MW,DE,DE_LU,actual_load,Actual Load,2026-06-23T17:24:51Z
2026-06-23T17:23:48Z,2026-06-23T19:23:48+0200,c51852f0-2285-49e0-9c34-cd4ce69db778,2026-06-18T22:00:00Z,2026-06-19T00:00:00+0200,47768.69965,MW,DE,DE_LU,actual_load,Actual Load,2026-06-23T17:24:51Z
2026-06-23T17:23:48Z,2026-06-23T19:23:48+0200,c51852f0-2285-49e0-9c34-cd4ce69db778,2026-06-18T22:15:00Z,2026-06-19T00:15:00+0200,47220.22033,MW,DE,DE_LU,actual_load,Actual Load,2026-06-23T17:24:51Z
2026-06-23T17:23:48Z,2026-06-23T19:23:48+0200,c51852f0-2285-49e0-9c34-cd4ce69db778,2026-06-18T22:30:00Z,2026-06-19T00:30:00+0200,46538.36343,MW,DE,DE_LU,actual_load,Actual Load,2026-06-23T17:24:51Z
2026-06-23T17:23:48Z,2026-06-23T19:23:48+0200,c51852f0-2285-49e0-9c34-cd4ce69db778,2026-06-18T22:45:00Z,2026-06-19T00:45:00+0200,45877.79073,MW,DE,DE_LU,actual_load,Actual Load,2026-06-23T17:24:51Z
2026-06-23T17:23:48Z,2026-06-23T19:23:48+0200,c51852f0-2285-49e0-9c34-cd4ce69db778,2026-06-18T23:00:00Z,2026-06-19T01:00:00+0200,44915.09503,MW,DE,DE_LU,actual_load,Actual Load,2026-06-23T17:24:51Z
2026-06-23T17:23:48Z,2026-06-23T19:23:48+0200,c51852f0-2285-49e0-9c34-cd4ce69db778,2026-06-18T23:15:00Z,2026-06-19T01:15:00+0200,44777.2276,MW,DE,DE_LU,actual_load,Actual Load,2026-06-23T17:24:51Z
2026-06-23T17:23:48Z,2026-06-23T19:23:48+0200,c51852f0-2285-49e0-9c34-cd4ce69db778,2026-06-18T23:30:00Z,2026-06-19T01:30:00+0200,44909.60852,MW,DE,DE_LU,actual_load,Actual Load,2026-06-23T17:24:51Z
2026-06-23T17:23:48Z,2026-06-23T19:23:48+0200,c51852f0-2285-49e0-9c34-cd4ce69db778,2026-06-18T23:45:00Z,2026-06-19T01:45:00+0200,44760.96265,MW,DE,DE_LU,actual_load,Actual Load,2026-06-23T17:24:51Z
2026-06-23T17:23:48Z,2026-06-23T19:23:48+0200,c51852f0-2285-49e0-9c34-cd4ce69db778,2026-06-19T00:00:00Z,2026-06-19T02:00:00+0200,44641.28674,MW,DE,DE_LU,actual_load,Actual Load,2026-06-23T17:24:51Z
2026-06-23T17:23:48Z,2026-06-23T19:23:48+0200,c51852f0-2285-49e0-9c34-cd4ce69db778,2026-06-19T00:15:00Z,2026-06-19T02:15:00+0200,44436.7751,MW,DE,DE_LU,actual_load,Actual Load,2026-06-23T17:24:51Z
2026-06-23T17:23:48Z,2026-06-23T19:23:48+0200,c51852f0-2285-49e0-9c34-cd4ce69db778,2026-06-19T00:30:00Z,2026-06-19T02:30:00+0200,44655.51145,MW,DE,DE_LU,actual_load,Actual Load,2026-06-23T17:24:51Z
2026-06-23T17:23:48Z,2026-06-23T19:23:48+0200,c51852f0-2285-49e0-9c34-cd4ce69db778,2026-06-19T00:45:00Z,2026-06-19T02:45:00+0200,44237.99935,MW,DE,DE_LU,actual_load,Actual Load,2026-06-23T17:24:51Z
2026-06-23T17:23:48Z,2026-06-23T19:23:48+0200,c51852f0-2285-49e0-9c34-cd4ce69db778,2026-06-19T01:00:00Z,2026-06-19T03:00:00+0200,44262.67637,MW,DE,DE_LU,actual_load,Actual Load,2026-06-23T17:24:51Z
2026-06-23T17:23:48Z,2026-06-23T19:23:48+0200,c51852f0-2285-49e0-9c34-cd4ce69db778,2026-06-19T01:15:00Z,2026-06-19T03:15:00+0200,44759.39981,MW,DE,DE_LU,actual_load,Actual Load,2026-06-23T17:24:51Z
2026-06-23T17:23:48Z,2026-06-23T19:23:48+0200,c51852f0-2285-49e0-9c34-cd4ce69db778,2026-06-19T01:30:00Z,2026-06-19T03:30:00+0200,45299.95425,MW,DE,DE_LU,actual_load,Actual Load,2026-06-23T17:24:51Z
2026-06-23T17:23:48Z,2026-06-23T19:23:48+0200,c51852f0-2285-49e0-9c34-cd4ce69db778,2026-06-19T01:45:00Z,2026-06-19T03:45:00+0200,45380.7945,MW,DE,DE_LU,actual_load,Actual Load,2026-06-23T17:24:51Z
2026-06-23T17:23:48Z,2026-06-23T19:23:48+0200,c51852f0-2285-49e0-9c34-cd4ce69db778,2026-06-19T02:00:00Z,2026-06-19T04:00:00+0200,45858.98098,MW,DE,DE_LU,actual_load,Actual Load,2026-06-23T17:24:51Z
2026-06-23T17:23:48Z,2026-06-23T19:23:48+0200,c51852f0-2285-49e0-9c34-cd4ce69db778,2026-06-19T02:15:00Z,2026-06-19T04:15:00+0200,45967.09304,MW,DE,DE_LU,actual_load,Actual Load,2026-06-23T17:24:51Z
2026-06-23T17:23:48Z,2026-06-23T19:23:48+0200,c51852f0-2285-49e0-9c34-cd4ce69db778,2026-06-19T02:30:00Z,2026-06-19T04:30:00+0200,46474.11584,MW,DE,DE_LU,actual_load,Actual Load,2026-06-23T17:24:51Z
2026-06-23T17:23:48Z,2026-06-23T19:23:48+0200,c51852f0-2285-49e0-9c34-cd4ce69db778,2026-06-19T02:45:00Z,2026-06-19T04:45:00+0200,47291.10436,MW,DE,DE_LU,actual_load,Actual Load,2026-06-23T17:24:51Z
2026-06-23T17:23:48Z,2026-06-23T19:23:48+0200,c51852f0-2285-49e0-9c34-cd4ce69db778,2026-06-19T03:00:00Z,2026-06-19T05:00:00+0200,47674.38829,MW,DE,DE_LU,actual_load,Actual Load,2026-06-23T17:24:51Z
2026-06-23T17:23:48Z,2026-06-23T19:23:48+0200,c51852f0-2285-49e0-9c34-cd4ce69db778,2026-06-19T03:15:00Z,2026-06-19T05:15:00+0200,48049.09901,MW,DE,DE_LU,actual_load,Actual Load,2026-06-23T17:24:51Z
2026-06-23T17:23:48Z,2026-06-23T19:23:48+0200,c51852f0-2285-49e0-9c34-cd4ce69db778,2026-06-19T03:30:00Z,2026-06-19T05:30:00+0200,48887.42726,MW,DE,DE_LU,actual_load,Actual Load,2026-06-23T17:24:51Z
2026-06-23T17:23:48Z,2026-06-23T19:23:48+0200,c51852f0-2285-49e0-9c34-cd4ce69db778,2026-06-19T03:45:00Z,2026-06-19T05:45:00+0200,50390.22871,MW,DE,DE_LU,actual_load,Actual Load,2026-06-23T17:24:51Z
2026-06-23T17:23:48Z,2026-06-23T19:23:48+0200,c51852f0-2285-49e0-9c34-cd4ce69db778,2026-06-19T04:00:00Z,2026-06-19T06:00:00+0200,52152.44449,MW,DE,DE_LU,actual_load,Actual Load,2026-06-23T17:24:51Z
2026-06-23T17:23:48Z,2026-06-23T19:23:48+0200,c51852f0-2285-49e0-9c34-cd4ce69db778,2026-06-19T04:15:00Z,2026-06-19T06:15:00+0200,54256.29774,MW,DE,DE_LU,actual_load,Actual Load,2026-06-23T17:24:51Z
2026-06-23T17:23:48Z,2026-06-23T19:23:48+0200,c51852f0-2285-49e0-9c34-cd4ce69db778,2026-06-19T04:30:00Z,2026-06-19T06:30:00+0200,55926.16971,MW,DE,DE_LU,actual_load,Actual Load,2026-06-23T17:24:51Z
2026-06-23T17:23:48Z,2026-06-23T19:23:48+0200,c51852f0-2285-49e0-9c34-cd4ce69db778,2026-06-19T04:45:00Z,2026-06-19T06:45:00+0200,56920.41372,MW,DE,DE_LU,actual_load,Actual Load,2026-06-23T17:24:51Z
2026-06-23T17:23:48Z,2026-06-23T19:23:48+0200,c51852f0-2285-49e0-9c34-cd4ce69db778,2026-06-19T05:00:00Z,2026-06-19T07:00:00+0200,57400.10382,MW,DE,DE_LU,actual_load,Actual Load,2026-06-23T17:24:51Z
2026-06-23T17:23:48Z,2026-06-23T19:23:48+0200,c51852f0-2285-49e0-9c34-cd4ce69db778,2026-06-19T05:15:00Z,2026-06-19T07:15:00+0200,58607.40966,MW,DE,DE_LU,actual_load,Actual Load,2026-06-23T17:24:51Z
2026-06-23T17:23:48Z,2026-06-23T19:23:48+0200,c51852f0-2285-49e0-9c34-cd4ce69db778,2026-06-19T05:30:00Z,2026-06-19T07:30:00+0200,59841.31264,MW,DE,DE_LU,actual_load,Actual Load,2026-06-23T17:24:51Z
2026-06-23T17:23:48Z,2026-06-23T19:23:48+0200,c51852f0-2285-49e0-9c34-cd4ce69db778,2026-06-19T05:45:00Z,2026-06-19T07:45:00+0200,60983.90434,MW,DE,DE_LU,actual_load,Actual Load,2026-06-23T17:24:51Z
2026-06-23T17:23:48Z,2026-06-23T19:23:48+0200,c51852f0-2285-49e0-9c34-cd4ce69db778,2026-06-19T06:00:00Z,2026-06-19T08:00:00+0200,60851.76811,MW,DE,DE_LU,actual_load,Actual Load,2026-06-23T17:24:51Z
2026-06-23T17:23:48Z,2026-06-23T19:23:48+0200,c51852f0-2285-49e0-9c34-cd4ce69db778,2026-06-19T06:15:00Z,2026-06-19T08:15:00+0200,61192.3174,MW,DE,DE_LU,actual_load,Actual Load,2026-06-23T17:24:51Z
2026-06-23T17:23:48Z,2026-06-23T19:23:48+0200,c51852f0-2285-49e0-9c34-cd4ce69db778,2026-06-19T06:30:00Z,2026-06-19T08:30:00+0200,61754.83619,MW,DE,DE_LU,actual_load,Actual Load,2026-06-23T17:24:51Z
2026-06-23T17:23:48Z,2026-06-23T19:23:48+0200,c51852f0-2285-49e0-9c34-cd4ce69db778,2026-06-19T06:45:00Z,2026-06-19T08:45:00+0200,62456.30771,MW,DE,DE_LU,actual_load,Actual Load,2026-06-23T17:24:51Z
2026-06-23T17:23:48Z,2026-06-23T19:23:48+0200,c51852f0-2285-49e0-9c34-cd4ce69db778,2026-06-19T07:00:00Z,2026-06-19T09:00:00+0200,61146.71628,MW,DE,DE_LU,actual_load,Actual Load,2026-06-23T17:24:51Z
2026-06-23T17:23:48Z,2026-06-23T19:23:48+0200,c51852f0-2285-49e0-9c34-cd4ce69db778,2026-06-19T07:15:00Z,2026-06-19T09:15:00+0200,61492.3032,MW,DE,DE_LU,actual_load,Actual Load,2026-06-23T17:24:51Z
2026-06-23T17:23:48Z,2026-06-23T19:23:48+0200,c51852f0-2285-49e0-9c34-cd4ce69db778,2026-06-19T07:30:00Z,2026-06-19T09:30:00+0200,60908.29909,MW,DE,DE_LU,actual_load,Actual Load,2026-06-23T17:24:51Z
2026-06-23T17:23:48Z,2026-06-23T19:23:48+0200,c51852f0-2285-49e0-9c34-cd4ce69db778,2026-06-19T07:45:00Z,2026-06-19T09:45:00+0200,60879.16344,MW,DE,DE_LU,actual_load,Actual Load,2026-06-23T17:24:51Z
2026-06-23T17:23:48Z,2026-06-23T19:23:48+0200,c51852f0-2285-49e0-9c34-cd4ce69db778,2026-06-19T08:00:00Z,2026-06-19T10:00:00+0200,61409.77907,MW,DE,DE_LU,actual_load,Actual Load,2026-06-23T17:24:51Z
2026-06-23T17:23:48Z,2026-06-23T19:23:48+0200,c51852f0-2285-49e0-9c34-cd4ce69db778,2026-06-19T08:15:00Z,2026-06-19T10:15:00+0200,61089.47845,MW,DE,DE_LU,actual_load,Actual Load,2026-06-23T17:24:51Z
2026-06-23T17:23:48Z,2026-06-23T19:23:48+0200,c51852f0-2285-49e0-9c34-cd4ce69db778,2026-06-19T08:30:00Z,2026-06-19T10:30:00+0200,60931.67598,MW,DE,DE_LU,actual_load,Actual Load,2026-06-23T17:24:51Z
2026-06-23T17:23:48Z,2026-06-23T19:23:48+0200,c51852f0-2285-49e0-9c34-cd4ce69db778,2026-06-19T08:45:00Z,2026-06-19T10:45:00+0200,60890.19286,MW,DE,DE_LU,actual_load,Actual Load,2026-06-23T17:24:51Z
2026-06-23T17:23:48Z,2026-06-23T19:23:48+0200,c51852f0-2285-49e0-9c34-cd4ce69db778,2026-06-19T09:00:00Z,2026-06-19T11:00:00+0200,60787.00242,MW,DE,DE_LU,actual_load,Actual Load,2026-06-23T17:24:51Z
2026-06-23T17:23:48Z,2026-06-23T19:23:48+0200,c51852f0-2285-49e0-9c34-cd4ce69db778,2026-06-19T09:15:00Z,2026-06-19T11:15:00+0200,60534.56162,MW,DE,DE_LU,actual_load,Actual Load,2026-06-23T17:24:51Z
2026-06-23T17:23:48Z,2026-06-23T19:23:48+0200,c51852f0-2285-49e0-9c34-cd4ce69db778,2026-06-19T09:30:00Z,2026-06-19T11:30:00+0200,60230.13425,MW,DE,DE_LU,actual_load,Actual Load,2026-06-23T17:24:51Z
2026-06-23T17:23:48Z,2026-06-23T19:23:48+0200,c51852f0-2285-49e0-9c34-cd4ce69db778,2026-06-19T09:45:00Z,2026-06-19T11:45:00+0200,60530.48777,MW,DE,DE_LU,actual_load,Actual Load,2026-06-23T17:24:51Z
2026-06-23T17:23:48Z,2026-06-23T19:23:48+0200,c51852f0-2285-49e0-9c34-cd4ce69db778,2026-06-19T10:00:00Z,2026-06-19T12:00:00+0200,60437.44748,MW,DE,DE_LU,actual_load,Actual Load,2026-06-23T17:24:51Z
2026-06-23T17:23:48Z,2026-06-23T19:23:48+0200,c51852f0-2285-49e0-9c34-cd4ce69db778,2026-06-19T10:15:00Z,2026-06-19T12:15:00+0200,60368.97041,MW,DE,DE_LU,actual_load,Actual Load,2026-06-23T17:24:51Z
2026-06-23T17:23:48Z,2026-06-23T19:23:48+0200,c51852f0-2285-49e0-9c34-cd4ce69db778,2026-06-19T10:30:00Z,2026-06-19T12:30:00+0200,60758.1356,MW,DE,DE_LU,actual_load,Actual Load,2026-06-23T17:24:51Z
2026-06-23T17:23:48Z,2026-06-23T19:23:48+0200,c51852f0-2285-49e0-9c34-cd4ce69db778,2026-06-19T10:45:00Z,2026-06-19T12:45:00+0200,60183.6083,MW,DE,DE_LU,actual_load,Actual Load,2026-06-23T17:24:51Z
2026-06-23T17:23:48Z,2026-06-23T19:23:48+0200,c51852f0-2285-49e0-9c34-cd4ce69db778,2026-06-19T11:00:00Z,2026-06-19T13:00:00+0200,59328.32907,MW,DE,DE_LU,actual_load,Actual Load,2026-06-23T17:24:51Z
2026-06-23T17:23:48Z,2026-06-23T19:23:48+0200,c51852f0-2285-49e0-9c34-cd4ce69db778,2026-06-19T11:15:00Z,2026-06-19T13:15:00+0200,58598.16585,MW,DE,DE_LU,actual_load,Actual Load,2026-06-23T17:24:51Z
2026-06-23T17:23:48Z,2026-06-23T19:23:48+0200,c51852f0-2285-49e0-9c34-cd4ce69db778,2026-06-19T11:30:00Z,2026-06-19T13:30:00+0200,58550.29586,MW,DE,DE_LU,actual_load,Actual Load,2026-06-23T17:24:51Z
2026-06-23T17:23:48Z,2026-06-23T19:23:48+0200,c51852f0-2285-49e0-9c34-cd4ce69db778,2026-06-19T11:45:00Z,2026-06-19T13:45:00+0200,58097.40956,MW,DE,DE_LU,actual_load,Actual Load,2026-06-23T17:24:51Z
2026-06-23T17:23:48Z,2026-06-23T19:23:48+0200,c51852f0-2285-49e0-9c34-cd4ce69db778,2026-06-19T12:00:00Z,2026-06-19T14:00:00+0200,58567.41479,MW,DE,DE_LU,actual_load,Actual Load,2026-06-23T17:24:51Z
2026-06-23T17:23:48Z,2026-06-23T19:23:48+0200,c51852f0-2285-49e0-9c34-cd4ce69db778,2026-06-19T12:15:00Z,2026-06-19T14:15:00+0200,58368.73407,MW,DE,DE_LU,actual_load,Actual Load,2026-06-23T17:24:51Z
2026-06-23T17:23:48Z,2026-06-23T19:23:48+0200,c51852f0-2285-49e0-9c34-cd4ce69db778,2026-06-19T12:30:00Z,2026-06-19T14:30:00+0200,57632.61337,MW,DE,DE_LU,actual_load,Actual Load,2026-06-23T17:24:51Z
2026-06-23T17:23:48Z,2026-06-23T19:23:48+0200,c51852f0-2285-49e0-9c34-cd4ce69db778,2026-06-19T12:45:00Z,2026-06-19T14:45:00+0200,56931.19179,MW,DE,DE_LU,actual_load,Actual Load,2026-06-23T17:24:51Z
2026-06-23T17:23:48Z,2026-06-23T19:23:48+0200,c51852f0-2285-49e0-9c34-cd4ce69db778,2026-06-19T13:00:00Z,2026-06-19T15:00:00+0200,56519.68042,MW,DE,DE_LU,actual_load,Actual Load,2026-06-23T17:24:51Z
2026-06-23T17:23:48Z,2026-06-23T19:23:48+0200,c51852f0-2285-49e0-9c34-cd4ce69db778,2026-06-19T13:15:00Z,2026-06-19T15:15:00+0200,56453.26617,MW,DE,DE_LU,actual_load,Actual Load,2026-06-23T17:24:51Z
2026-06-23T17:23:48Z,2026-06-23T19:23:48+0200,c51852f0-2285-49e0-9c34-cd4ce69db778,2026-06-19T13:30:00Z,2026-06-19T15:30:00+0200,55839.71078,MW,DE,DE_LU,actual_load,Actual Load,2026-06-23T17:24:51Z
2026-06-23T17:23:48Z,2026-06-23T19:23:48+0200,c51852f0-2285-49e0-9c34-cd4ce69db778,2026-06-19T13:45:00Z,2026-06-19T15:45:00+0200,55188.11209,MW,DE,DE_LU,actual_load,Actual Load,2026-06-23T17:24:51Z
2026-06-23T17:23:48Z,2026-06-23T19:23:48+0200,c51852f0-2285-49e0-9c34-cd4ce69db778,2026-06-19T14:00:00Z,2026-06-19T16:00:00+0200,55638.18995,MW,DE,DE_LU,actual_load,Actual Load,2026-06-23T17:24:51Z
2026-06-23T17:23:48Z,2026-06-23T19:23:48+0200,c51852f0-2285-49e0-9c34-cd4ce69db778,2026-06-19T14:15:00Z,2026-06-19T16:15:00+0200,55141.64051,MW,DE,DE_LU,actual_load,Actual Load,2026-06-23T17:24:51Z
2026-06-23T17:23:48Z,2026-06-23T19:23:48+0200,c51852f0-2285-49e0-9c34-cd4ce69db778,2026-06-19T14:30:00Z,2026-06-19T16:30:00+0200,54837.24657,MW,DE,DE_LU,actual_load,Actual Load,2026-06-23T17:24:51Z
2026-06-23T17:23:48Z,2026-06-23T19:23:48+0200,c51852f0-2285-49e0-9c34-cd4ce69db778,2026-06-19T14:45:00Z,2026-06-19T16:45:00+0200,55722.743,MW,DE,DE_LU,actual_load,Actual Load,2026-06-23T17:24:51Z
2026-06-23T17:23:48Z,2026-06-23T19:23:48+0200,c51852f0-2285-49e0-9c34-cd4ce69db778,2026-06-19T15:00:00Z,2026-06-19T17:00:00+0200,56255.03341,MW,DE,DE_LU,actual_load,Actual Load,2026-06-23T17:24:51Z
2026-06-23T17:23:48Z,2026-06-23T19:23:48+0200,c51852f0-2285-49e0-9c34-cd4ce69db778,2026-06-19T15:15:00Z,2026-06-19T17:15:00+0200,56291.70152,MW,DE,DE_LU,actual_load,Actual Load,2026-06-23T17:24:51Z
2026-06-23T17:23:48Z,2026-06-23T19:23:48+0200,c51852f0-2285-49e0-9c34-cd4ce69db778,2026-06-19T15:30:00Z,2026-06-19T17:30:00+0200,57080.94878,MW,DE,DE_LU,actual_load,Actual Load,2026-06-23T17:24:51Z
2026-06-23T17:23:48Z,2026-06-23T19:23:48+0200,c51852f0-2285-49e0-9c34-cd4ce69db778,2026-06-19T15:45:00Z,2026-06-19T17:45:00+0200,57755.03091,MW,DE,DE_LU,actual_load,Actual Load,2026-06-23T17:24:51Z
2026-06-23T17:23:48Z,2026-06-23T19:23:48+0200,c51852f0-2285-49e0-9c34-cd4ce69db778,2026-06-19T16:00:00Z,2026-06-19T18:00:00+0200,58557.23775,MW,DE,DE_LU,actual_load,Actual Load,2026-06-23T17:24:51Z
2026-06-23T17:23:48Z,2026-06-23T19:23:48+0200,c51852f0-2285-49e0-9c34-cd4ce69db778,2026-06-19T16:15:00Z,2026-06-19T18:15:00+0200,58254.68258,MW,DE,DE_LU,actual_load,Actual Load,2026-06-23T17:24:51Z
2026-06-23T17:23:48Z,2026-06-23T19:23:48+0200,c51852f0-2285-49e0-9c34-cd4ce69db778,2026-06-19T16:30:00Z,2026-06-19T18:30:00+0200,58812.91302,MW,DE,DE_LU,actual_load,Actual Load,2026-06-23T17:24:51Z
2026-06-23T17:23:48Z,2026-06-23T19:23:48+0200,c51852f0-2285-49e0-9c34-cd4ce69db778,2026-06-19T16:45:00Z,2026-06-19T18:45:00+0200,58408.35998,MW,DE,DE_LU,actual_load,Actual Load,2026-06-23T17:24:51Z
2026-06-23T17:23:48Z,2026-06-23T19:23:48+0200,c51852f0-2285-49e0-9c34-cd4ce69db778,2026-06-19T17:00:00Z,2026-06-19T19:00:00+0200,58552.64559,MW,DE,DE_LU,actual_load,Actual Load,2026-06-23T17:24:51Z
2026-06-23T17:23:48Z,2026-06-23T19:23:48+0200,c51852f0-2285-49e0-9c34-cd4ce69db778,2026-06-19T17:15:00Z,2026-06-19T19:15:00+0200,58078.01387,MW,DE,DE_LU,actual_load,Actual Load,2026-06-23T17:24:51Z
2026-06-23T17:23:48Z,2026-06-23T19:23:48+0200,c51852f0-2285-49e0-9c34-cd4ce69db778,2026-06-19T17:30:00Z,2026-06-19T19:30:00+0200,57477.58769,MW,DE,DE_LU,actual_load,Actual Load,2026-06-23T17:24:51Z
2026-06-23T17:23:48Z,2026-06-23T19:23:48+0200,c51852f0-2285-49e0-9c34-cd4ce69db778,2026-06-19T17:45:00Z,2026-06-19T19:45:00+0200,57191.20564,MW,DE,DE_LU,actual_load,Actual Load,2026-06-23T17:24:51Z
2026-06-23T17:23:48Z,2026-06-23T19:23:48+0200,c51852f0-2285-49e0-9c34-cd4ce69db778,2026-06-19T18:00:00Z,2026-06-19T20:00:00+0200,56801.83446,MW,DE,DE_LU,actual_load,Actual Load,2026-06-23T17:24:51Z
2026-06-23T17:23:48Z,2026-06-23T19:23:48+0200,c51852f0-2285-49e0-9c34-cd4ce69db778,2026-06-19T18:15:00Z,2026-06-19T20:15:00+0200,55913.18064,MW,DE,DE_LU,actual_load,Actual Load,2026-06-23T17:24:51Z
2026-06-23T17:23:48Z,2026-06-23T19:23:48+0200,c51852f0-2285-49e0-9c34-cd4ce69db778,2026-06-19T18:30:00Z,2026-06-19T20:30:00+0200,54715.21404,MW,DE,DE_LU,actual_load,Actual Load,2026-06-23T17:24:51Z
2026-06-23T17:23:48Z,2026-06-23T19:23:48+0200,c51852f0-2285-49e0-9c34-cd4ce69db778,2026-06-19T18:45:00Z,2026-06-19T20:45:00+0200,54180.56281,MW,DE,DE_LU,actual_load,Actual Load,2026-06-23T17:24:51Z
2026-06-23T17:23:48Z,2026-06-23T19:23:48+0200,c51852f0-2285-49e0-9c34-cd4ce69db778,2026-06-19T19:00:00Z,2026-06-19T21:00:00+0200,53296.98149,MW,DE,DE_LU,actual_load,Actual Load,2026-06-23T17:24:51Z
2026-06-23T17:23:48Z,2026-06-23T19:23:48+0200,c51852f0-2285-49e0-9c34-cd4ce69db778,2026-06-19T19:15:00Z,2026-06-19T21:15:00+0200,52308.66882,MW,DE,DE_LU,actual_load,Actual Load,2026-06-23T17:24:51Z
2026-06-23T17:23:48Z,2026-06-23T19:23:48+0200,c51852f0-2285-49e0-9c34-cd4ce69db778,2026-06-19T19:30:00Z,2026-06-19T21:30:00+0200,52157.43085,MW,DE,DE_LU,actual_load,Actual Load,2026-06-23T17:24:51Z
2026-06-23T17:23:48Z,2026-06-23T19:23:48+0200,c51852f0-2285-49e0-9c34-cd4ce69db778,2026-06-19T19:45:00Z,2026-06-19T21:45:00+0200,52491.60068,MW,DE,DE_LU,actual_load,Actual Load,2026-06-23T17:24:51Z
2026-06-23T17:23:48Z,2026-06-23T19:23:48+0200,c51852f0-2285-49e0-9c34-cd4ce69db778,2026-06-19T20:00:00Z,2026-06-19T22:00:00+0200,51754.09211,MW,DE,DE_LU,actual_load,Actual Load,2026-06-23T17:24:51Z
2026-06-23T17:23:48Z,2026-06-23T19:23:48+0200,c51852f0-2285-49e0-9c34-cd4ce69db778,2026-06-19T20:15:00Z,2026-06-19T22:15:00+0200,51126.67828,MW,DE,DE_LU,actual_load,Actual Load,2026-06-23T17:24:51Z
2026-06-23T17:23:48Z,2026-06-23T19:23:48+0200,c51852f0-2285-49e0-9c34-cd4ce69db778,2026-06-19T20:30:00Z,2026-06-19T22:30:00+0200,50800.11502,MW,DE,DE_LU,actual_load,Actual Load,2026-06-23T17:24:51Z
2026-06-23T17:23:48Z,2026-06-23T19:23:48+0200,c51852f0-2285-49e0-9c34-cd4ce69db778,2026-06-19T20:45:00Z,2026-06-19T22:45:00+0200,50210.26414,MW,DE,DE_LU,actual_load,Actual Load,2026-06-23T17:24:51Z
2026-06-23T17:23:48Z,2026-06-23T19:23:48+0200,c51852f0-2285-49e0-9c34-cd4ce69db778,2026-06-19T21:00:00Z,2026-06-19T23:00:00+0200,49287.9126,MW,DE,DE_LU,actual_load,Actual Load,2026-06-23T17:24:51Z
2026-06-23T17:23:48Z,2026-06-23T19:23:48+0200,c51852f0-2285-49e0-9c34-cd4ce69db778,2026-06-19T21:15:00Z,2026-06-19T23:15:00+0200,49317.26991,MW,DE,DE_LU,actual_load,Actual Load,2026-06-23T17:24:51Z
2026-06-23T17:23:48Z,2026-06-23T19:23:48+0200,c51852f0-2285-49e0-9c34-cd4ce69db778,2026-06-19T21:30:00Z,2026-06-19T23:30:00+0200,48177.47188,MW,DE,DE_LU,actual_load,Actual Load,2026-06-23T17:24:51Z
2026-06-23T17:23:48Z,2026-06-23T19:23:48+0200,c51852f0-2285-49e0-9c34-cd4ce69db778,2026-06-19T21:45:00Z,2026-06-19T23:45:00+0200,47119.31238,MW,DE,DE_LU,actual_load,Actual Load,2026-06-23T17:24:51Z
2026-06-23T17:23:48Z,2026-06-23T19:23:48+0200,c51852f0-2285-49e0-9c34-cd4ce69db778,2026-06-19T22:00:00Z,2026-06-20T00:00:00+0200,46489.5731,MW,DE,DE_LU,actual_load,Actual Load,2026-06-23T17:24:51Z
2026-06-23T17:23:48Z,2026-06-23T19:23:48+0200,c51852f0-2285-49e0-9c34-cd4ce69db778,2026-06-19T22:15:00Z,2026-06-20T00:15:00+0200,46653.50345,MW,DE,DE_LU,actual_load,Actual Load,2026-06-23T17:24:51Z
2026-06-23T17:23:48Z,2026-06-23T19:23:48+0200,c51852f0-2285-49e0-9c34-cd4ce69db778,2026-06-19T22:30:00Z,2026-06-20T00:30:00+0200,46233.83141,MW,DE,DE_LU,actual_load,Actual Load,2026-06-23T17:24:51Z
2026-06-23T17:23:48Z,2026-06-23T19:23:48+0200,c51852f0-2285-49e0-9c34-cd4ce69db778,2026-06-19T22:45:00Z,2026-06-20T00:45:00+0200,45949.91505,MW,DE,DE_LU,actual_load,Actual Load,2026-06-23T17:24:51Z
2026-06-23T17:23:48Z,2026-06-23T19:23:48+0200,c51852f0-2285-49e0-9c34-cd4ce69db778,2026-06-19T23:00:00Z,2026-06-20T01:00:00+0200,46114.93019,MW,DE,DE_LU,actual_load,Actual Load,2026-06-23T17:24:51Z
2026-06-23T17:23:48Z,2026-06-23T19:23:48+0200,c51852f0-2285-49e0-9c34-cd4ce69db778,2026-06-19T23:15:00Z,2026-06-20T01:15:00+0200,46494.38248,MW,DE,DE_LU,actual_load,Actual Load,2026-06-23T17:24:51Z
2026-06-23T17:23:48Z,2026-06-23T19:23:48+0200,c51852f0-2285-49e0-9c34-cd4ce69db778,2026-06-19T23:30:00Z,2026-06-20T01:30:00+0200,45441.70659,MW,DE,DE_LU,actual_load,Actual Load,2026-06-23T17:24:51Z
2026-06-23T17:23:48Z,2026-06-23T19:23:48+0200,c51852f0-2285-49e0-9c34-cd4ce69db778,2026-06-19T23:45:00Z,2026-06-20T01:45:00+0200,45025.01699,MW,DE,DE_LU,actual_load,Actual Load,2026-06-23T17:24:51Z
2026-06-23T17:23:48Z,2026-06-23T19:23:48+0200,c51852f0-2285-49e0-9c34-cd4ce69db778,2026-06-20T00:00:00Z,2026-06-20T02:00:00+0200,44182.37789,MW,DE,DE_LU,actual_load,Actual Load,2026-06-23T17:24:51Z
2026-06-23T17:23:48Z,2026-06-23T19:23:48+0200,c51852f0-2285-49e0-9c34-cd4ce69db778,2026-06-20T00:15:00Z,2026-06-20T02:15:00+0200,43720.40186,MW,DE,DE_LU,actual_load,Actual Load,2026-06-23T17:24:51Z
2026-06-23T17:23:48Z,2026-06-23T19:23:48+0200,c51852f0-2285-49e0-9c34-cd4ce69db778,2026-06-20T00:30:00Z,2026-06-20T02:30:00+0200,43745.3438,MW,DE,DE_LU,actual_load,Actual Load,2026-06-23T17:24:51Z
2026-06-23T17:23:48Z,2026-06-23T19:23:48+0200,c51852f0-2285-49e0-9c34-cd4ce69db778,2026-06-20T00:45:00Z,2026-06-20T02:45:00+0200,44779.36526,MW,DE,DE_LU,actual_load,Actual Load,2026-06-23T17:24:51Z
2026-06-23T17:23:48Z,2026-06-23T19:23:48+0200,c51852f0-2285-49e0-9c34-cd4ce69db778,2026-06-20T01:00:00Z,2026-06-20T03:00:00+0200,45590.72105,MW,DE,DE_LU,actual_load,Actual Load,2026-06-23T17:24:51Z
2026-06-23T17:23:48Z,2026-06-23T19:23:48+0200,c51852f0-2285-49e0-9c34-cd4ce69db778,2026-06-20T01:15:00Z,2026-06-20T03:15:00+0200,44184.3825,MW,DE,DE_LU,actual_load,Actual Load,2026-06-23T17:24:51Z
2026-06-23T17:23:48Z,2026-06-23T19:23:48+0200,c51852f0-2285-49e0-9c34-cd4ce69db778,2026-06-20T01:30:00Z,2026-06-20T03:30:00+0200,43179.02304,MW,DE,DE_LU,actual_load,Actual Load,2026-06-23T17:24:51Z
2026-06-23T17:23:48Z,2026-06-23T19:23:48+0200,c51852f0-2285-49e0-9c34-cd4ce69db778,2026-06-20T01:45:00Z,2026-06-20T03:45:00+0200,42607.20945,MW,DE,DE_LU,actual_load,Actual Load,2026-06-23T17:24:51Z
2026-06-23T17:23:48Z,2026-06-23T19:23:48+0200,c51852f0-2285-49e0-9c34-cd4ce69db778,2026-06-20T02:00:00Z,2026-06-20T04:00:00+0200,41339.5453,MW,DE,DE_LU,actual_load,Actual Load,2026-06-23T17:24:51Z
2026-06-23T17:23:48Z,2026-06-23T19:23:48+0200,c51852f0-2285-49e0-9c34-cd4ce69db778,2026-06-20T02:15:00Z,2026-06-20T04:15:00+0200,41223.29686,MW,DE,DE_LU,actual_load,Actual Load,2026-06-23T17:24:51Z
2026-06-23T17:23:48Z,2026-06-23T19:23:48+0200,c51852f0-2285-49e0-9c34-cd4ce69db778,2026-06-20T02:30:00Z,2026-06-20T04:30:00+0200,41604.38626,MW,DE,DE_LU,actual_load,Actual Load,2026-06-23T17:24:51Z
2026-06-23T17:23:48Z,2026-06-23T19:23:48+0200,c51852f0-2285-49e0-9c34-cd4ce69db778,2026-06-20T02:45:00Z,2026-06-20T04:45:00+0200,40608.32891,MW,DE,DE_LU,actual_load,Actual Load,2026-06-23T17:24:51Z
2026-06-23T17:23:48Z,2026-06-23T19:23:48+0200,c51852f0-2285-49e0-9c34-cd4ce69db778,2026-06-20T03:00:00Z,2026-06-20T05:00:00+0200,40224.1729,MW,DE,DE_LU,actual_load,Actual Load,2026-06-23T17:24:51Z
2026-06-23T17:23:48Z,2026-06-23T19:23:48+0200,c51852f0-2285-49e0-9c34-cd4ce69db778,2026-06-20T03:15:00Z,2026-06-20T05:15:00+0200,40413.0789,MW,DE,DE_LU,actual_load,Actual Load,2026-06-23T17:24:51Z
2026-06-23T17:23:48Z,2026-06-23T19:23:48+0200,c51852f0-2285-49e0-9c34-cd4ce69db778,2026-06-20T03:30:00Z,2026-06-20T05:30:00+0200,41385.69092,MW,DE,DE_LU,actual_load,Actual Load,2026-06-23T17:24:51Z
2026-06-23T17:23:48Z,2026-06-23T19:23:48+0200,c51852f0-2285-49e0-9c34-cd4ce69db778,2026-06-20T03:45:00Z,2026-06-20T05:45:00+0200,42514.43061,MW,DE,DE_LU,actual_load,Actual Load,2026-06-23T17:24:51Z
2026-06-23T17:23:48Z,2026-06-23T19:23:48+0200,c51852f0-2285-49e0-9c34-cd4ce69db778,2026-06-20T04:00:00Z,2026-06-20T06:00:00+0200,43353.37156,MW,DE,DE_LU,actual_load,Actual Load,2026-06-23T17:24:51Z
2026-06-23T17:23:48Z,2026-06-23T19:23:48+0200,c51852f0-2285-49e0-9c34-cd4ce69db778,2026-06-20T04:15:00Z,2026-06-20T06:15:00+0200,44242.41055,MW,DE,DE_LU,actual_load,Actual Load,2026-06-23T17:24:51Z
2026-06-23T17:23:48Z,2026-06-23T19:23:48+0200,c51852f0-2285-49e0-9c34-cd4ce69db778,2026-06-20T04:30:00Z,2026-06-20T06:30:00+0200,45102.53812,MW,DE,DE_LU,actual_load,Actual Load,2026-06-23T17:24:51Z
2026-06-23T17:23:48Z,2026-06-23T19:23:48+0200,c51852f0-2285-49e0-9c34-cd4ce69db778,2026-06-20T04:45:00Z,2026-06-20T06:45:00+0200,44618.94882,MW,DE,DE_LU,actual_load,Actual Load,2026-06-23T17:24:51Z
2026-06-23T17:23:48Z,2026-06-23T19:23:48+0200,c51852f0-2285-49e0-9c34-cd4ce69db778,2026-06-20T05:00:00Z,2026-06-20T07:00:00+0200,44235.42849,MW,DE,DE_LU,actual_load,Actual Load,2026-06-23T17:24:51Z
2026-06-23T17:23:48Z,2026-06-23T19:23:48+0200,c51852f0-2285-49e0-9c34-cd4ce69db778,2026-06-20T05:15:00Z,2026-06-20T07:15:00+0200,44539.11161,MW,DE,DE_LU,actual_load,Actual Load,2026-06-23T17:24:51Z
2026-06-23T17:23:48Z,2026-06-23T19:23:48+0200,c51852f0-2285-49e0-9c34-cd4ce69db778,2026-06-20T05:30:00Z,2026-06-20T07:30:00+0200,45750.28991,MW,DE,DE_LU,actual_load,Actual Load,2026-06-23T17:24:51Z
2026-06-23T17:23:48Z,2026-06-23T19:23:48+0200,c51852f0-2285-49e0-9c34-cd4ce69db778,2026-06-20T05:45:00Z,2026-06-20T07:45:00+0200,46256.21147,MW,DE,DE_LU,actual_load,Actual Load,2026-06-23T17:24:51Z
2026-06-23T17:23:48Z,2026-06-23T19:23:48+0200,c51852f0-2285-49e0-9c34-cd4ce69db778,2026-06-20T06:00:00Z,2026-06-20T08:00:00+0200,47083.77435,MW,DE,DE_LU,actual_load,Actual Load,2026-06-23T17:24:51Z
2026-06-23T17:23:48Z,2026-06-23T19:23:48+0200,c51852f0-2285-49e0-9c34-cd4ce69db778,2026-06-20T06:15:00Z,2026-06-20T08:15:00+0200,48043.5641,MW,DE,DE_LU,actual_load,Actual Load,2026-06-23T17:24:51Z
2026-06-23T17:23:48Z,2026-06-23T19:23:48+0200,c51852f0-2285-49e0-9c34-cd4ce69db778,2026-06-20T06:30:00Z,2026-06-20T08:30:00+0200,48910.31571,MW,DE,DE_LU,actual_load,Actual Load,2026-06-23T17:24:51Z
2026-06-23T17:23:48Z,2026-06-23T19:23:48+0200,c51852f0-2285-49e0-9c34-cd4ce69db778,2026-06-20T06:45:00Z,2026-06-20T08:45:00+0200,49190.00904,MW,DE,DE_LU,actual_load,Actual Load,2026-06-23T17:24:51Z
2026-06-23T17:23:48Z,2026-06-23T19:23:48+0200,c51852f0-2285-49e0-9c34-cd4ce69db778,2026-06-20T07:00:00Z,2026-06-20T09:00:00+0200,49651.13131,MW,DE,DE_LU,actual_load,Actual Load,2026-06-23T17:24:51Z
2026-06-23T17:23:48Z,2026-06-23T19:23:48+0200,c51852f0-2285-49e0-9c34-cd4ce69db778,2026-06-20T07:15:00Z,2026-06-20T09:15:00+0200,50043.08308,MW,DE,DE_LU,actual_load,Actual Load,2026-06-23T17:24:51Z
2026-06-23T17:23:48Z,2026-06-23T19:23:48+0200,c51852f0-2285-49e0-9c34-cd4ce69db778,2026-06-20T07:30:00Z,2026-06-20T09:30:00+0200,50497.53158,MW,DE,DE_LU,actual_load,Actual Load,2026-06-23T17:24:51Z
2026-06-23T17:23:48Z,2026-06-23T19:23:48+0200,c51852f0-2285-49e0-9c34-cd4ce69db778,2026-06-20T07:45:00Z,2026-06-20T09:45:00+0200,51247.9879,MW,DE,DE_LU,actual_load,Actual Load,2026-06-23T17:24:51Z
2026-06-23T17:23:48Z,2026-06-23T19:23:48+0200,c51852f0-2285-49e0-9c34-cd4ce69db778,2026-06-20T08:00:00Z,2026-06-20T10:00:00+0200,50830.42228,MW,DE,DE_LU,actual_load,Actual Load,2026-06-23T17:24:51Z
2026-06-23T17:23:48Z,2026-06-23T19:23:48+0200,c51852f0-2285-49e0-9c34-cd4ce69db778,2026-06-20T08:15:00Z,2026-06-20T10:15:00+0200,50774.39313,MW,DE,DE_LU,actual_load,Actual Load,2026-06-23T17:24:51Z
2026-06-23T17:23:48Z,2026-06-23T19:23:48+0200,c51852f0-2285-49e0-9c34-cd4ce69db778,2026-06-20T08:30:00Z,2026-06-20T10:30:00+0200,50468.69167,MW,DE,DE_LU,actual_load,Actual Load,2026-06-23T17:24:51Z
2026-06-23T17:23:48Z,2026-06-23T19:23:48+0200,c51852f0-2285-49e0-9c34-cd4ce69db778,2026-06-20T08:45:00Z,2026-06-20T10:45:00+0200,50974.65983,MW,DE,DE_LU,actual_load,Actual Load,2026-06-23T17:24:51Z
2026-06-23T17:23:48Z,2026-06-23T19:23:48+0200,c51852f0-2285-49e0-9c34-cd4ce69db778,2026-06-20T09:00:00Z,2026-06-20T11:00:00+0200,50178.2775,MW,DE,DE_LU,actual_load,Actual Load,2026-06-23T17:24:51Z
2026-06-23T17:23:48Z,2026-06-23T19:23:48+0200,c51852f0-2285-49e0-9c34-cd4ce69db778,2026-06-20T09:15:00Z,2026-06-20T11:15:00+0200,50231.16916,MW,DE,DE_LU,actual_load,Actual Load,2026-06-23T17:24:51Z
2026-06-23T17:23:48Z,2026-06-23T19:23:48+0200,c51852f0-2285-49e0-9c34-cd4ce69db778,2026-06-20T09:30:00Z,2026-06-20T11:30:00+0200,51021.09949,MW,DE,DE_LU,actual_load,Actual Load,2026-06-23T17:24:51Z
2026-06-23T17:23:48Z,2026-06-23T19:23:48+0200,c51852f0-2285-49e0-9c34-cd4ce69db778,2026-06-20T09:45:00Z,2026-06-20T11:45:00+0200,50113.56291,MW,DE,DE_LU,actual_load,Actual Load,2026-06-23T17:24:51Z
2026-06-23T17:23:48Z,2026-06-23T19:23:48+0200,c51852f0-2285-49e0-9c34-cd4ce69db778,2026-06-20T10:00:00Z,2026-06-20T12:00:00+0200,49055.64727,MW,DE,DE_LU,actual_load,Actual Load,2026-06-23T17:24:51Z
2026-06-23T17:23:48Z,2026-06-23T19:23:48+0200,c51852f0-2285-49e0-9c34-cd4ce69db778,2026-06-20T10:15:00Z,2026-06-20T12:15:00+0200,48947.71062,MW,DE,DE_LU,actual_load,Actual Load,2026-06-23T17:24:51Z
2026-06-23T17:23:48Z,2026-06-23T19:23:48+0200,c51852f0-2285-49e0-9c34-cd4ce69db778,2026-06-20T10:30:00Z,2026-06-20T12:30:00+0200,49190.65546,MW,DE,DE_LU,actual_load,Actual Load,2026-06-23T17:24:51Z
2026-06-23T17:23:48Z,2026-06-23T19:23:48+0200,c51852f0-2285-49e0-9c34-cd4ce69db778,2026-06-20T10:45:00Z,2026-06-20T12:45:00+0200,49047.71316,MW,DE,DE_LU,actual_load,Actual Load,2026-06-23T17:24:51Z
2026-06-23T17:23:48Z,2026-06-23T19:23:48+0200,c51852f0-2285-49e0-9c34-cd4ce69db778,2026-06-20T11:00:00Z,2026-06-20T13:00:00+0200,48457.92115,MW,DE,DE_LU,actual_load,Actual Load,2026-06-23T17:24:51Z
2026-06-23T17:23:48Z,2026-06-23T19:23:48+0200,c51852f0-2285-49e0-9c34-cd4ce69db778,2026-06-20T11:15:00Z,2026-06-20T13:15:00+0200,47711.9211,MW,DE,DE_LU,actual_load,Actual Load,2026-06-23T17:24:51Z
2026-06-23T17:23:48Z,2026-06-23T19:23:48+0200,c51852f0-2285-49e0-9c34-cd4ce69db778,2026-06-20T11:30:00Z,2026-06-20T13:30:00+0200,47705.18624,MW,DE,DE_LU,actual_load,Actual Load,2026-06-23T17:24:51Z
2026-06-23T17:23:48Z,2026-06-23T19:23:48+0200,c51852f0-2285-49e0-9c34-cd4ce69db778,2026-06-20T11:45:00Z,2026-06-20T13:45:00+0200,47493.95718,MW,DE,DE_LU,actual_load,Actual Load,2026-06-23T17:24:51Z
2026-06-23T17:23:48Z,2026-06-23T19:23:48+0200,c51852f0-2285-49e0-9c34-cd4ce69db778,2026-06-20T12:00:00Z,2026-06-20T14:00:00+0200,46404.5002,MW,DE,DE_LU,actual_load,Actual Load,2026-06-23T17:24:51Z
2026-06-23T17:23:48Z,2026-06-23T19:23:48+0200,c51852f0-2285-49e0-9c34-cd4ce69db778,2026-06-20T12:15:00Z,2026-06-20T14:15:00+0200,45805.7986,MW,DE,DE_LU,actual_load,Actual Load,2026-06-23T17:24:51Z
2026-06-23T17:23:48Z,2026-06-23T19:23:48+0200,c51852f0-2285-49e0-9c34-cd4ce69db778,2026-06-20T12:30:00Z,2026-06-20T14:30:00+0200,45223.94242,MW,DE,DE_LU,actual_load,Actual Load,2026-06-23T17:24:51Z
2026-06-23T17:23:48Z,2026-06-23T19:23:48+0200,c51852f0-2285-49e0-9c34-cd4ce69db778,2026-06-20T12:45:00Z,2026-06-20T14:45:00+0200,44853.7184,MW,DE,DE_LU,actual_load,Actual Load,2026-06-23T17:24:51Z
2026-06-23T17:23:48Z,2026-06-23T19:23:48+0200,c51852f0-2285-49e0-9c34-cd4ce69db778,2026-06-20T13:00:00Z,2026-06-20T15:00:00+0200,45215.46679,MW,DE,DE_LU,actual_load,Actual Load,2026-06-23T17:24:51Z
2026-06-23T17:23:48Z,2026-06-23T19:23:48+0200,c51852f0-2285-49e0-9c34-cd4ce69db778,2026-06-20T13:15:00Z,2026-06-20T15:15:00+0200,44991.11815,MW,DE,DE_LU,actual_load,Actual Load,2026-06-23T17:24:51Z
2026-06-23T17:23:48Z,2026-06-23T19:23:48+0200,c51852f0-2285-49e0-9c34-cd4ce69db778,2026-06-20T13:30:00Z,2026-06-20T15:30:00+0200,44461.7263,MW,DE,DE_LU,actual_load,Actual Load,2026-06-23T17:24:51Z
2026-06-23T17:23:48Z,2026-06-23T19:23:48+0200,c51852f0-2285-49e0-9c34-cd4ce69db778,2026-06-20T13:45:00Z,2026-06-20T15:45:00+0200,45310.93444,MW,DE,DE_LU,actual_load,Actual Load,2026-06-23T17:24:51Z
2026-06-23T17:23:48Z,2026-06-23T19:23:48+0200,c51852f0-2285-49e0-9c34-cd4ce69db778,2026-06-20T14:00:00Z,2026-06-20T16:00:00+0200,45750.44855,MW,DE,DE_LU,actual_load,Actual Load,2026-06-23T17:24:51Z
2026-06-23T17:23:48Z,2026-06-23T19:23:48+0200,c51852f0-2285-49e0-9c34-cd4ce69db778,2026-06-20T14:15:00Z,2026-06-20T16:15:00+0200,46137.37248,MW,DE,DE_LU,actual_load,Actual Load,2026-06-23T17:24:51Z
2026-06-23T17:23:48Z,2026-06-23T19:23:48+0200,c51852f0-2285-49e0-9c34-cd4ce69db778,2026-06-20T14:30:00Z,2026-06-20T16:30:00+0200,45972.41334,MW,DE,DE_LU,actual_load,Actual Load,2026-06-23T17:24:51Z
2026-06-23T17:23:48Z,2026-06-23T19:23:48+0200,c51852f0-2285-49e0-9c34-cd4ce69db778,2026-06-20T14:45:00Z,2026-06-20T16:45:00+0200,46186.5119,MW,DE,DE_LU,actual_load,Actual Load,2026-06-23T17:24:51Z
2026-06-23T17:23:48Z,2026-06-23T19:23:48+0200,c51852f0-2285-49e0-9c34-cd4ce69db778,2026-06-20T15:00:00Z,2026-06-20T17:00:00+0200,46808.9049,MW,DE,DE_LU,actual_load,Actual Load,2026-06-23T17:24:51Z
2026-06-23T17:23:48Z,2026-06-23T19:23:48+0200,c51852f0-2285-49e0-9c34-cd4ce69db778,2026-06-20T15:15:00Z,2026-06-20T17:15:00+0200,46816.41024,MW,DE,DE_LU,actual_load,Actual Load,2026-06-23T17:24:51Z
2026-06-23T17:23:48Z,2026-06-23T19:23:48+0200,c51852f0-2285-49e0-9c34-cd4ce69db778,2026-06-20T15:30:00Z,2026-06-20T17:30:00+0200,46901.99405,MW,DE,DE_LU,actual_load,Actual Load,2026-06-23T17:24:51Z
2026-06-23T17:23:48Z,2026-06-23T19:23:48+0200,c51852f0-2285-49e0-9c34-cd4ce69db778,2026-06-20T15:45:00Z,2026-06-20T17:45:00+0200,47214.76493,MW,DE,DE_LU,actual_load,Actual Load,2026-06-23T17:24:51Z
2026-06-23T17:23:48Z,2026-06-23T19:23:48+0200,c51852f0-2285-49e0-9c34-cd4ce69db778,2026-06-20T16:00:00Z,2026-06-20T18:00:00+0200,48034.71851,MW,DE,DE_LU,actual_load,Actual Load,2026-06-23T17:24:51Z
2026-06-23T17:23:48Z,2026-06-23T19:23:48+0200,c51852f0-2285-49e0-9c34-cd4ce69db778,2026-06-20T16:15:00Z,2026-06-20T18:15:00+0200,48562.27579,MW,DE,DE_LU,actual_load,Actual Load,2026-06-23T17:24:51Z
2026-06-23T17:23:48Z,2026-06-23T19:23:48+0200,c51852f0-2285-49e0-9c34-cd4ce69db778,2026-06-20T16:30:00Z,2026-06-20T18:30:00+0200,48980.73194,MW,DE,DE_LU,actual_load,Actual Load,2026-06-23T17:24:51Z
2026-06-23T17:23:48Z,2026-06-23T19:23:48+0200,c51852f0-2285-49e0-9c34-cd4ce69db778,2026-06-20T16:45:00Z,2026-06-20T18:45:00+0200,49364.5392,MW,DE,DE_LU,actual_load,Actual Load,2026-06-23T17:24:51Z
2026-06-23T17:23:48Z,2026-06-23T19:23:48+0200,c51852f0-2285-49e0-9c34-cd4ce69db778,2026-06-20T17:00:00Z,2026-06-20T19:00:00+0200,50895.85615,MW,DE,DE_LU,actual_load,Actual Load,2026-06-23T17:24:51Z
2026-06-23T17:23:48Z,2026-06-23T19:23:48+0200,c51852f0-2285-49e0-9c34-cd4ce69db778,2026-06-20T17:15:00Z,2026-06-20T19:15:00+0200,50337.41448,MW,DE,DE_LU,actual_load,Actual Load,2026-06-23T17:24:51Z
2026-06-23T17:23:48Z,2026-06-23T19:23:48+0200,c51852f0-2285-49e0-9c34-cd4ce69db778,2026-06-20T17:30:00Z,2026-06-20T19:30:00+0200,50535.68154,MW,DE,DE_LU,actual_load,Actual Load,2026-06-23T17:24:51Z
2026-06-23T17:23:48Z,2026-06-23T19:23:48+0200,c51852f0-2285-49e0-9c34-cd4ce69db778,2026-06-20T17:45:00Z,2026-06-20T19:45:00+0200,50284.70779,MW,DE,DE_LU,actual_load,Actual Load,2026-06-23T17:24:51Z
2026-06-23T17:23:48Z,2026-06-23T19:23:48+0200,c51852f0-2285-49e0-9c34-cd4ce69db778,2026-06-20T18:00:00Z,2026-06-20T20:00:00+0200,51306.42667,MW,DE,DE_LU,actual_load,Actual Load,2026-06-23T17:24:51Z
2026-06-23T17:23:48Z,2026-06-23T19:23:48+0200,c51852f0-2285-49e0-9c34-cd4ce69db778,2026-06-20T18:15:00Z,2026-06-20T20:15:00+0200,50095.18754,MW,DE,DE_LU,actual_load,Actual Load,2026-06-23T17:24:51Z
2026-06-23T17:23:48Z,2026-06-23T19:23:48+0200,c51852f0-2285-49e0-9c34-cd4ce69db778,2026-06-20T18:30:00Z,2026-06-20T20:30:00+0200,49089.26842,MW,DE,DE_LU,actual_load,Actual Load,2026-06-23T17:24:51Z
2026-06-23T17:23:48Z,2026-06-23T19:23:48+0200,c51852f0-2285-49e0-9c34-cd4ce69db778,2026-06-20T18:45:00Z,2026-06-20T20:45:00+0200,48462.63477,MW,DE,DE_LU,actual_load,Actual Load,2026-06-23T17:24:51Z
2026-06-23T17:23:48Z,2026-06-23T19:23:48+0200,c51852f0-2285-49e0-9c34-cd4ce69db778,2026-06-20T19:00:00Z,2026-06-20T21:00:00+0200,48190.41299,MW,DE,DE_LU,actual_load,Actual Load,2026-06-23T17:24:51Z
2026-06-23T17:23:48Z,2026-06-23T19:23:48+0200,c51852f0-2285-49e0-9c34-cd4ce69db778,2026-06-20T19:15:00Z,2026-06-20T21:15:00+0200,47813.52424,MW,DE,DE_LU,actual_load,Actual Load,2026-06-23T17:24:51Z
2026-06-23T17:23:48Z,2026-06-23T19:23:48+0200,c51852f0-2285-49e0-9c34-cd4ce69db778,2026-06-20T19:30:00Z,2026-06-20T21:30:00+0200,47293.85327,MW,DE,DE_LU,actual_load,Actual Load,2026-06-23T17:24:51Z
2026-06-23T17:23:48Z,2026-06-23T19:23:48+0200,c51852f0-2285-49e0-9c34-cd4ce69db778,2026-06-20T19:45:00Z,2026-06-20T21:45:00+0200,47198.71265,MW,DE,DE_LU,actual_load,Actual Load,2026-06-23T17:24:51Z
2026-06-23T17:23:48Z,2026-06-23T19:23:48+0200,c51852f0-2285-49e0-9c34-cd4ce69db778,2026-06-20T20:00:00Z,2026-06-20T22:00:00+0200,47198.03931,MW,DE,DE_LU,actual_load,Actual Load,2026-06-23T17:24:51Z
2026-06-23T17:23:48Z,2026-06-23T19:23:48+0200,c51852f0-2285-49e0-9c34-cd4ce69db778,2026-06-20T20:15:00Z,2026-06-20T22:15:00+0200,46669.80143,MW,DE,DE_LU,actual_load,Actual Load,2026-06-23T17:24:51Z
2026-06-23T17:23:48Z,2026-06-23T19:23:48+0200,c51852f0-2285-49e0-9c34-cd4ce69db778,2026-06-20T20:30:00Z,2026-06-20T22:30:00+0200,46064.65776,MW,DE,DE_LU,actual_load,Actual Load,2026-06-23T17:24:51Z
2026-06-23T17:23:48Z,2026-06-23T19:23:48+0200,c51852f0-2285-49e0-9c34-cd4ce69db778,2026-06-20T20:45:00Z,2026-06-20T22:45:00+0200,45980.42324,MW,DE,DE_LU,actual_load,Actual Load,2026-06-23T17:24:51Z
2026-06-23T17:23:48Z,2026-06-23T19:23:48+0200,c51852f0-2285-49e0-9c34-cd4ce69db778,2026-06-20T21:00:00Z,2026-06-20T23:00:00+0200,44890.08162,MW,DE,DE_LU,actual_load,Actual Load,2026-06-23T17:24:51Z
2026-06-23T17:23:48Z,2026-06-23T19:23:48+0200,c51852f0-2285-49e0-9c34-cd4ce69db778,2026-06-20T21:15:00Z,2026-06-20T23:15:00+0200,44606.37972,MW,DE,DE_LU,actual_load,Actual Load,2026-06-23T17:24:51Z
2026-06-23T17:23:48Z,2026-06-23T19:23:48+0200,c51852f0-2285-49e0-9c34-cd4ce69db778,2026-06-20T21:30:00Z,2026-06-20T23:30:00+0200,43827.95213,MW,DE,DE_LU,actual_load,Actual Load,2026-06-23T17:24:51Z
2026-06-23T17:23:48Z,2026-06-23T19:23:48+0200,c51852f0-2285-49e0-9c34-cd4ce69db778,2026-06-20T21:45:00Z,2026-06-20T23:45:00+0200,43473.30039,MW,DE,DE_LU,actual_load,Actual Load,2026-06-23T17:24:51Z
2026-06-23T17:23:48Z,2026-06-23T19:23:48+0200,c51852f0-2285-49e0-9c34-cd4ce69db778,2026-06-20T22:00:00Z,2026-06-21T00:00:00+0200,43463.39167,MW,DE,DE_LU,actual_load,Actual Load,2026-06-23T17:24:51Z
2026-06-23T17:23:48Z,2026-06-23T19:23:48+0200,c51852f0-2285-49e0-9c34-cd4ce69db778,2026-06-20T22:15:00Z,2026-06-21T00:15:00+0200,43222.94279,MW,DE,DE_LU,actual_load,Actual Load,2026-06-23T17:24:51Z
2026-06-23T17:23:48Z,2026-06-23T19:23:48+0200,c51852f0-2285-49e0-9c34-cd4ce69db778,2026-06-20T22:30:00Z,2026-06-21T00:30:00+0200,43230.910479,MW,DE,DE_LU,actual_load,Actual Load,2026-06-23T17:24:51Z
2026-06-23T17:23:48Z,2026-06-23T19:23:48+0200,c51852f0-2285-49e0-9c34-cd4ce69db778,2026-06-20T22:45:00Z,2026-06-21T00:45:00+0200,42842.168839,MW,DE,DE_LU,actual_load,Actual Load,2026-06-23T17:24:51Z
2026-06-23T17:23:48Z,2026-06-23T19:23:48+0200,c51852f0-2285-49e0-9c34-cd4ce69db778,2026-06-20T23:00:00Z,2026-06-21T01:00:00+0200,42425.70322,MW,DE,DE_LU,actual_load,Actual Load,2026-06-23T17:24:51Z
2026-06-23T17:23:48Z,2026-06-23T19:23:48+0200,c51852f0-2285-49e0-9c34-cd4ce69db778,2026-06-20T23:15:00Z,2026-06-21T01:15:00+0200,41842.197489,MW,DE,DE_LU,actual_load,Actual Load,2026-06-23T17:24:51Z
2026-06-23T17:23:48Z,2026-06-23T19:23:48+0200,c51852f0-2285-49e0-9c34-cd4ce69db778,2026-06-20T23:30:00Z,2026-06-21T01:30:00+0200,41258.5035,MW,DE,DE_LU,actual_load,Actual Load,2026-06-23T17:24:51Z
2026-06-23T17:23:48Z,2026-06-23T19:23:48+0200,c51852f0-2285-49e0-9c34-cd4ce69db778,2026-06-20T23:45:00Z,2026-06-21T01:45:00+0200,40537.16516,MW,DE,DE_LU,actual_load,Actual Load,2026-06-23T17:24:51Z
2026-06-23T17:23:48Z,2026-06-23T19:23:48+0200,c51852f0-2285-49e0-9c34-cd4ce69db778,2026-06-21T00:00:00Z,2026-06-21T02:00:00+0200,40102.31078,MW,DE,DE_LU,actual_load,Actual Load,2026-06-23T17:24:51Z
2026-06-23T17:23:48Z,2026-06-23T19:23:48+0200,c51852f0-2285-49e0-9c34-cd4ce69db778,2026-06-21T00:15:00Z,2026-06-21T02:15:00+0200,39818.47978,MW,DE,DE_LU,actual_load,Actual Load,2026-06-23T17:24:51Z
2026-06-23T17:23:48Z,2026-06-23T19:23:48+0200,c51852f0-2285-49e0-9c34-cd4ce69db778,2026-06-21T00:30:00Z,2026-06-21T02:30:00+0200,39991.14806,MW,DE,DE_LU,actual_load,Actual Load,2026-06-23T17:24:51Z
2026-06-23T17:23:48Z,2026-06-23T19:23:48+0200,c51852f0-2285-49e0-9c34-cd4ce69db778,2026-06-21T00:45:00Z,2026-06-21T02:45:00+0200,39644.5106,MW,DE,DE_LU,actual_load,Actual Load,2026-06-23T17:24:51Z
2026-06-23T17:23:48Z,2026-06-23T19:23:48+0200,c51852f0-2285-49e0-9c34-cd4ce69db778,2026-06-21T01:00:00Z,2026-06-21T03:00:00+0200,39799.076299,MW,DE,DE_LU,actual_load,Actual Load,2026-06-23T17:24:51Z
2026-06-23T17:23:48Z,2026-06-23T19:23:48+0200,c51852f0-2285-49e0-9c34-cd4ce69db778,2026-06-21T01:15:00Z,2026-06-21T03:15:00+0200,39475.67239,MW,DE,DE_LU,actual_load,Actual Load,2026-06-23T17:24:51Z
2026-06-23T17:23:48Z,2026-06-23T19:23:48+0200,c51852f0-2285-49e0-9c34-cd4ce69db778,2026-06-21T01:30:00Z,2026-06-21T03:30:00+0200,38814.11751,MW,DE,DE_LU,actual_load,Actual Load,2026-06-23T17:24:51Z
2026-06-23T17:23:48Z,2026-06-23T19:23:48+0200,c51852f0-2285-49e0-9c34-cd4ce69db778,2026-06-21T01:45:00Z,2026-06-21T03:45:00+0200,38757.27835,MW,DE,DE_LU,actual_load,Actual Load,2026-06-23T17:24:51Z
2026-06-23T17:23:48Z,2026-06-23T19:23:48+0200,c51852f0-2285-49e0-9c34-cd4ce69db778,2026-06-21T02:00:00Z,2026-06-21T04:00:00+0200,38289.79466,MW,DE,DE_LU,actual_load,Actual Load,2026-06-23T17:24:51Z
2026-06-23T17:23:48Z,2026-06-23T19:23:48+0200,c51852f0-2285-49e0-9c34-cd4ce69db778,2026-06-21T02:15:00Z,2026-06-21T04:15:00+0200,37729.74686,MW,DE,DE_LU,actual_load,Actual Load,2026-06-23T17:24:51Z
2026-06-23T17:23:48Z,2026-06-23T19:23:48+0200,c51852f0-2285-49e0-9c34-cd4ce69db778,2026-06-21T02:30:00Z,2026-06-21T04:30:00+0200,37885.95749,MW,DE,DE_LU,actual_load,Actual Load,2026-06-23T17:24:51Z
2026-06-23T17:23:48Z,2026-06-23T19:23:48+0200,c51852f0-2285-49e0-9c34-cd4ce69db778,2026-06-21T02:45:00Z,2026-06-21T04:45:00+0200,37968.46478,MW,DE,DE_LU,actual_load,Actual Load,2026-06-23T17:24:51Z
2026-06-23T17:23:48Z,2026-06-23T19:23:48+0200,c51852f0-2285-49e0-9c34-cd4ce69db778,2026-06-21T03:00:00Z,2026-06-21T05:00:00+0200,37717.266979,MW,DE,DE_LU,actual_load,Actual Load,2026-06-23T17:24:51Z
2026-06-23T17:23:48Z,2026-06-23T19:23:48+0200,c51852f0-2285-49e0-9c34-cd4ce69db778,2026-06-21T03:15:00Z,2026-06-21T05:15:00+0200,38444.59643,MW,DE,DE_LU,actual_load,Actual Load,2026-06-23T17:24:51Z
2026-06-23T17:23:48Z,2026-06-23T19:23:48+0200,c51852f0-2285-49e0-9c34-cd4ce69db778,2026-06-21T03:30:00Z,2026-06-21T05:30:00+0200,39342.14709,MW,DE,DE_LU,actual_load,Actual Load,2026-06-23T17:24:51Z
2026-06-23T17:23:48Z,2026-06-23T19:23:48+0200,c51852f0-2285-49e0-9c34-cd4ce69db778,2026-06-21T03:45:00Z,2026-06-21T05:45:00+0200,39162.95433,MW,DE,DE_LU,actual_load,Actual Load,2026-06-23T17:24:51Z
2026-06-23T17:23:48Z,2026-06-23T19:23:48+0200,c51852f0-2285-49e0-9c34-cd4ce69db778,2026-06-21T04:00:00Z,2026-06-21T06:00:00+0200,39350.28128,MW,DE,DE_LU,actual_load,Actual Load,2026-06-23T17:24:51Z
2026-06-23T17:23:48Z,2026-06-23T19:23:48+0200,c51852f0-2285-49e0-9c34-cd4ce69db778,2026-06-21T04:15:00Z,2026-06-21T06:15:00+0200,39769.491069,MW,DE,DE_LU,actual_load,Actual Load,2026-06-23T17:24:51Z
2026-06-23T17:23:48Z,2026-06-23T19:23:48+0200,c51852f0-2285-49e0-9c34-cd4ce69db778,2026-06-21T04:30:00Z,2026-06-21T06:30:00+0200,39849.89027,MW,DE,DE_LU,actual_load,Actual Load,2026-06-23T17:24:51Z
2026-06-23T17:23:48Z,2026-06-23T19:23:48+0200,c51852f0-2285-49e0-9c34-cd4ce69db778,2026-06-21T04:45:00Z,2026-06-21T06:45:00+0200,39800.87626,MW,DE,DE_LU,actual_load,Actual Load,2026-06-23T17:24:51Z
2026-06-23T17:23:48Z,2026-06-23T19:23:48+0200,c51852f0-2285-49e0-9c34-cd4ce69db778,2026-06-21T05:00:00Z,2026-06-21T07:00:00+0200,39062.314189,MW,DE,DE_LU,actual_load,Actual Load,2026-06-23T17:24:51Z
2026-06-23T17:23:48Z,2026-06-23T19:23:48+0200,c51852f0-2285-49e0-9c34-cd4ce69db778,2026-06-21T05:15:00Z,2026-06-21T07:15:00+0200,39468.66322,MW,DE,DE_LU,actual_load,Actual Load,2026-06-23T17:24:51Z
2026-06-23T17:23:48Z,2026-06-23T19:23:48+0200,c51852f0-2285-49e0-9c34-cd4ce69db778,2026-06-21T05:30:00Z,2026-06-21T07:30:00+0200,39690.67585,MW,DE,DE_LU,actual_load,Actual Load,2026-06-23T17:24:51Z
2026-06-23T17:23:48Z,2026-06-23T19:23:48+0200,c51852f0-2285-49e0-9c34-cd4ce69db778,2026-06-21T05:45:00Z,2026-06-21T07:45:00+0200,40520.86347,MW,DE,DE_LU,actual_load,Actual Load,2026-06-23T17:24:51Z
2026-06-23T17:23:48Z,2026-06-23T19:23:48+0200,c51852f0-2285-49e0-9c34-cd4ce69db778,2026-06-21T06:00:00Z,2026-06-21T08:00:00+0200,40567.02505,MW,DE,DE_LU,actual_load,Actual Load,2026-06-23T17:24:51Z
2026-06-23T17:23:48Z,2026-06-23T19:23:48+0200,c51852f0-2285-49e0-9c34-cd4ce69db778,2026-06-21T06:15:00Z,2026-06-21T08:15:00+0200,41730.46321,MW,DE,DE_LU,actual_load,Actual Load,2026-06-23T17:24:51Z
2026-06-23T17:23:48Z,2026-06-23T19:23:48+0200,c51852f0-2285-49e0-9c34-cd4ce69db778,2026-06-21T06:30:00Z,2026-06-21T08:30:00+0200,43122.770099,MW,DE,DE_LU,actual_load,Actual Load,2026-06-23T17:24:51Z
2026-06-23T17:23:48Z,2026-06-23T19:23:48+0200,c51852f0-2285-49e0-9c34-cd4ce69db778,2026-06-21T06:45:00Z,2026-06-21T08:45:00+0200,43641.33992,MW,DE,DE_LU,actual_load,Actual Load,2026-06-23T17:24:51Z
2026-06-23T17:23:48Z,2026-06-23T19:23:48+0200,c51852f0-2285-49e0-9c34-cd4ce69db778,2026-06-21T07:00:00Z,2026-06-21T09:00:00+0200,44779.80964,MW,DE,DE_LU,actual_load,Actual Load,2026-06-23T17:24:51Z
2026-06-23T17:23:48Z,2026-06-23T19:23:48+0200,c51852f0-2285-49e0-9c34-cd4ce69db778,2026-06-21T07:15:00Z,2026-06-21T09:15:00+0200,46048.44018,MW,DE,DE_LU,actual_load,Actual Load,2026-06-23T17:24:51Z
2026-06-23T17:23:48Z,2026-06-23T19:23:48+0200,c51852f0-2285-49e0-9c34-cd4ce69db778,2026-06-21T07:30:00Z,2026-06-21T09:30:00+0200,46228.87482,MW,DE,DE_LU,actual_load,Actual Load,2026-06-23T17:24:51Z
2026-06-23T17:23:48Z,2026-06-23T19:23:48+0200,c51852f0-2285-49e0-9c34-cd4ce69db778,2026-06-21T07:45:00Z,2026-06-21T09:45:00+0200,46648.92625,MW,DE,DE_LU,actual_load,Actual Load,2026-06-23T17:24:51Z
2026-06-23T17:23:48Z,2026-06-23T19:23:48+0200,c51852f0-2285-49e0-9c34-cd4ce69db778,2026-06-21T08:00:00Z,2026-06-21T10:00:00+0200,46075.71364,MW,DE,DE_LU,actual_load,Actual Load,2026-06-23T17:24:51Z
2026-06-23T17:23:48Z,2026-06-23T19:23:48+0200,c51852f0-2285-49e0-9c34-cd4ce69db778,2026-06-21T08:15:00Z,2026-06-21T10:15:00+0200,46258.26147,MW,DE,DE_LU,actual_load,Actual Load,2026-06-23T17:24:51Z
2026-06-23T17:23:48Z,2026-06-23T19:23:48+0200,c51852f0-2285-49e0-9c34-cd4ce69db778,2026-06-21T08:30:00Z,2026-06-21T10:30:00+0200,46388.180989,MW,DE,DE_LU,actual_load,Actual Load,2026-06-23T17:24:51Z
2026-06-23T17:23:48Z,2026-06-23T19:23:48+0200,c51852f0-2285-49e0-9c34-cd4ce69db778,2026-06-21T08:45:00Z,2026-06-21T10:45:00+0200,46159.22295,MW,DE,DE_LU,actual_load,Actual Load,2026-06-23T17:24:51Z
2026-06-23T17:23:48Z,2026-06-23T19:23:48+0200,c51852f0-2285-49e0-9c34-cd4ce69db778,2026-06-21T09:00:00Z,2026-06-21T11:00:00+0200,46576.73386,MW,DE,DE_LU,actual_load,Actual Load,2026-06-23T17:24:51Z
2026-06-23T17:23:48Z,2026-06-23T19:23:48+0200,c51852f0-2285-49e0-9c34-cd4ce69db778,2026-06-21T09:15:00Z,2026-06-21T11:15:00+0200,46983.21493,MW,DE,DE_LU,actual_load,Actual Load,2026-06-23T17:24:51Z
2026-06-23T17:23:48Z,2026-06-23T19:23:48+0200,c51852f0-2285-49e0-9c34-cd4ce69db778,2026-06-21T09:30:00Z,2026-06-21T11:30:00+0200,47045.5907,MW,DE,DE_LU,actual_load,Actual Load,2026-06-23T17:24:51Z
2026-06-23T17:23:48Z,2026-06-23T19:23:48+0200,c51852f0-2285-49e0-9c34-cd4ce69db778,2026-06-21T09:45:00Z,2026-06-21T11:45:00+0200,46477.3758,MW,DE,DE_LU,actual_load,Actual Load,2026-06-23T17:24:51Z
2026-06-23T17:23:48Z,2026-06-23T19:23:48+0200,c51852f0-2285-49e0-9c34-cd4ce69db778,2026-06-21T10:00:00Z,2026-06-21T12:00:00+0200,46322.69953,MW,DE,DE_LU,actual_load,Actual Load,2026-06-23T17:24:51Z
2026-06-23T17:23:48Z,2026-06-23T19:23:48+0200,c51852f0-2285-49e0-9c34-cd4ce69db778,2026-06-21T10:15:00Z,2026-06-21T12:15:00+0200,45942.94652,MW,DE,DE_LU,actual_load,Actual Load,2026-06-23T17:24:51Z
2026-06-23T17:23:48Z,2026-06-23T19:23:48+0200,c51852f0-2285-49e0-9c34-cd4ce69db778,2026-06-21T10:30:00Z,2026-06-21T12:30:00+0200,45320.6258,MW,DE,DE_LU,actual_load,Actual Load,2026-06-23T17:24:51Z
2026-06-23T17:23:48Z,2026-06-23T19:23:48+0200,c51852f0-2285-49e0-9c34-cd4ce69db778,2026-06-21T10:45:00Z,2026-06-21T12:45:00+0200,45270.92709,MW,DE,DE_LU,actual_load,Actual Load,2026-06-23T17:24:51Z
2026-06-23T17:23:48Z,2026-06-23T19:23:48+0200,c51852f0-2285-49e0-9c34-cd4ce69db778,2026-06-21T11:00:00Z,2026-06-21T13:00:00+0200,44294.088489,MW,DE,DE_LU,actual_load,Actual Load,2026-06-23T17:24:51Z
2026-06-23T17:23:48Z,2026-06-23T19:23:48+0200,c51852f0-2285-49e0-9c34-cd4ce69db778,2026-06-21T11:15:00Z,2026-06-21T13:15:00+0200,44263.34242,MW,DE,DE_LU,actual_load,Actual Load,2026-06-23T17:24:51Z
2026-06-23T17:23:48Z,2026-06-23T19:23:48+0200,c51852f0-2285-49e0-9c34-cd4ce69db778,2026-06-21T11:30:00Z,2026-06-21T13:30:00+0200,44046.52148,MW,DE,DE_LU,actual_load,Actual Load,2026-06-23T17:24:51Z
2026-06-23T17:23:48Z,2026-06-23T19:23:48+0200,c51852f0-2285-49e0-9c34-cd4ce69db778,2026-06-21T11:45:00Z,2026-06-21T13:45:00+0200,43447.884509,MW,DE,DE_LU,actual_load,Actual Load,2026-06-23T17:24:51Z
2026-06-23T17:23:48Z,2026-06-23T19:23:48+0200,c51852f0-2285-49e0-9c34-cd4ce69db778,2026-06-21T12:00:00Z,2026-06-21T14:00:00+0200,43284.480659,MW,DE,DE_LU,actual_load,Actual Load,2026-06-23T17:24:51Z
2026-06-23T17:23:48Z,2026-06-23T19:23:48+0200,c51852f0-2285-49e0-9c34-cd4ce69db778,2026-06-21T12:15:00Z,2026-06-21T14:15:00+0200,42487.78771,MW,DE,DE_LU,actual_load,Actual Load,2026-06-23T17:24:51Z
2026-06-23T17:23:48Z,2026-06-23T19:23:48+0200,c51852f0-2285-49e0-9c34-cd4ce69db778,2026-06-21T12:30:00Z,2026-06-21T14:30:00+0200,42676.026359,MW,DE,DE_LU,actual_load,Actual Load,2026-06-23T17:24:51Z
2026-06-23T17:23:48Z,2026-06-23T19:23:48+0200,c51852f0-2285-49e0-9c34-cd4ce69db778,2026-06-21T12:45:00Z,2026-06-21T14:45:00+0200,42819.99886,MW,DE,DE_LU,actual_load,Actual Load,2026-06-23T17:24:51Z
2026-06-23T17:23:48Z,2026-06-23T19:23:48+0200,c51852f0-2285-49e0-9c34-cd4ce69db778,2026-06-21T13:00:00Z,2026-06-21T15:00:00+0200,42639.19494,MW,DE,DE_LU,actual_load,Actual Load,2026-06-23T17:24:51Z
2026-06-23T17:23:48Z,2026-06-23T19:23:48+0200,c51852f0-2285-49e0-9c34-cd4ce69db778,2026-06-21T13:15:00Z,2026-06-21T15:15:00+0200,42024.06292,MW,DE,DE_LU,actual_load,Actual Load,2026-06-23T17:24:51Z
2026-06-23T17:23:48Z,2026-06-23T19:23:48+0200,c51852f0-2285-49e0-9c34-cd4ce69db778,2026-06-21T13:30:00Z,2026-06-21T15:30:00+0200,41834.6373,MW,DE,DE_LU,actual_load,Actual Load,2026-06-23T17:24:51Z
2026-06-23T17:23:48Z,2026-06-23T19:23:48+0200,c51852f0-2285-49e0-9c34-cd4ce69db778,2026-06-21T13:45:00Z,2026-06-21T15:45:00+0200,41382.86595,MW,DE,DE_LU,actual_load,Actual Load,2026-06-23T17:24:51Z
2026-06-23T17:23:48Z,2026-06-23T19:23:48+0200,c51852f0-2285-49e0-9c34-cd4ce69db778,2026-06-21T14:00:00Z,2026-06-21T16:00:00+0200,41755.51551,MW,DE,DE_LU,actual_load,Actual Load,2026-06-23T17:24:51Z
2026-06-23T17:23:48Z,2026-06-23T19:23:48+0200,c51852f0-2285-49e0-9c34-cd4ce69db778,2026-06-21T14:15:00Z,2026-06-21T16:15:00+0200,42838.57022,MW,DE,DE_LU,actual_load,Actual Load,2026-06-23T17:24:51Z
2026-06-23T17:23:48Z,2026-06-23T19:23:48+0200,c51852f0-2285-49e0-9c34-cd4ce69db778,2026-06-21T14:30:00Z,2026-06-21T16:30:00+0200,43275.30436,MW,DE,DE_LU,actual_load,Actual Load,2026-06-23T17:24:51Z
2026-06-23T17:23:48Z,2026-06-23T19:23:48+0200,c51852f0-2285-49e0-9c34-cd4ce69db778,2026-06-21T14:45:00Z,2026-06-21T16:45:00+0200,43615.400359,MW,DE,DE_LU,actual_load,Actual Load,2026-06-23T17:24:51Z
2026-06-23T17:23:48Z,2026-06-23T19:23:48+0200,c51852f0-2285-49e0-9c34-cd4ce69db778,2026-06-21T15:00:00Z,2026-06-21T17:00:00+0200,44969.3144,MW,DE,DE_LU,actual_load,Actual Load,2026-06-23T17:24:51Z
2026-06-23T17:23:48Z,2026-06-23T19:23:48+0200,c51852f0-2285-49e0-9c34-cd4ce69db778,2026-06-21T15:15:00Z,2026-06-21T17:15:00+0200,45188.407289,MW,DE,DE_LU,actual_load,Actual Load,2026-06-23T17:24:51Z
2026-06-23T17:23:48Z,2026-06-23T19:23:48+0200,c51852f0-2285-49e0-9c34-cd4ce69db778,2026-06-21T15:30:00Z,2026-06-21T17:30:00+0200,45476.02132,MW,DE,DE_LU,actual_load,Actual Load,2026-06-23T17:24:51Z
2026-06-23T17:23:48Z,2026-06-23T19:23:48+0200,c51852f0-2285-49e0-9c34-cd4ce69db778,2026-06-21T15:45:00Z,2026-06-21T17:45:00+0200,45918.60288,MW,DE,DE_LU,actual_load,Actual Load,2026-06-23T17:24:51Z
2026-06-23T17:23:48Z,2026-06-23T19:23:48+0200,c51852f0-2285-49e0-9c34-cd4ce69db778,2026-06-21T16:00:00Z,2026-06-21T18:00:00+0200,47601.59525,MW,DE,DE_LU,actual_load,Actual Load,2026-06-23T17:24:51Z
2026-06-23T17:23:48Z,2026-06-23T19:23:48+0200,c51852f0-2285-49e0-9c34-cd4ce69db778,2026-06-21T16:15:00Z,2026-06-21T18:15:00+0200,47798.645939,MW,DE,DE_LU,actual_load,Actual Load,2026-06-23T17:24:51Z
2026-06-23T17:23:48Z,2026-06-23T19:23:48+0200,c51852f0-2285-49e0-9c34-cd4ce69db778,2026-06-21T16:30:00Z,2026-06-21T18:30:00+0200,48400.85831,MW,DE,DE_LU,actual_load,Actual Load,2026-06-23T17:24:51Z
2026-06-23T17:23:48Z,2026-06-23T19:23:48+0200,c51852f0-2285-49e0-9c34-cd4ce69db778,2026-06-21T16:45:00Z,2026-06-21T18:45:00+0200,48848.24909,MW,DE,DE_LU,actual_load,Actual Load,2026-06-23T17:24:51Z
2026-06-23T17:23:48Z,2026-06-23T19:23:48+0200,c51852f0-2285-49e0-9c34-cd4ce69db778,2026-06-21T17:00:00Z,2026-06-21T19:00:00+0200,49978.89842,MW,DE,DE_LU,actual_load,Actual Load,2026-06-23T17:24:51Z
2026-06-23T17:23:48Z,2026-06-23T19:23:48+0200,c51852f0-2285-49e0-9c34-cd4ce69db778,2026-06-21T17:15:00Z,2026-06-21T19:15:00+0200,50199.4768,MW,DE,DE_LU,actual_load,Actual Load,2026-06-23T17:24:51Z
2026-06-23T17:23:48Z,2026-06-23T19:23:48+0200,c51852f0-2285-49e0-9c34-cd4ce69db778,2026-06-21T17:30:00Z,2026-06-21T19:30:00+0200,50010.2383,MW,DE,DE_LU,actual_load,Actual Load,2026-06-23T17:24:51Z
2026-06-23T17:23:48Z,2026-06-23T19:23:48+0200,c51852f0-2285-49e0-9c34-cd4ce69db778,2026-06-21T17:45:00Z,2026-06-21T19:45:00+0200,50007.86443,MW,DE,DE_LU,actual_load,Actual Load,2026-06-23T17:24:51Z
2026-06-23T17:23:48Z,2026-06-23T19:23:48+0200,c51852f0-2285-49e0-9c34-cd4ce69db778,2026-06-21T18:00:00Z,2026-06-21T20:00:00+0200,50158.22344,MW,DE,DE_LU,actual_load,Actual Load,2026-06-23T17:24:51Z
2026-06-23T17:23:48Z,2026-06-23T19:23:48+0200,c51852f0-2285-49e0-9c34-cd4ce69db778,2026-06-21T18:15:00Z,2026-06-21T20:15:00+0200,50028.76665,MW,DE,DE_LU,actual_load,Actual Load,2026-06-23T17:24:51Z
2026-06-23T17:23:48Z,2026-06-23T19:23:48+0200,c51852f0-2285-49e0-9c34-cd4ce69db778,2026-06-21T18:30:00Z,2026-06-21T20:30:00+0200,49354.43913,MW,DE,DE_LU,actual_load,Actual Load,2026-06-23T17:24:51Z
2026-06-23T17:23:48Z,2026-06-23T19:23:48+0200,c51852f0-2285-49e0-9c34-cd4ce69db778,2026-06-21T18:45:00Z,2026-06-21T20:45:00+0200,49577.65156,MW,DE,DE_LU,actual_load,Actual Load,2026-06-23T17:24:51Z
2026-06-23T17:23:48Z,2026-06-23T19:23:48+0200,c51852f0-2285-49e0-9c34-cd4ce69db778,2026-06-21T19:00:00Z,2026-06-21T21:00:00+0200,49927.3993,MW,DE,DE_LU,actual_load,Actual Load,2026-06-23T17:24:51Z
2026-06-23T17:23:48Z,2026-06-23T19:23:48+0200,c51852f0-2285-49e0-9c34-cd4ce69db778,2026-06-21T19:15:00Z,2026-06-21T21:15:00+0200,49463.68902,MW,DE,DE_LU,actual_load,Actual Load,2026-06-23T17:24:51Z
2026-06-23T17:23:48Z,2026-06-23T19:23:48+0200,c51852f0-2285-49e0-9c34-cd4ce69db778,2026-06-21T19:30:00Z,2026-06-21T21:30:00+0200,48895.98405,MW,DE,DE_LU,actual_load,Actual Load,2026-06-23T17:24:51Z
2026-06-23T17:23:48Z,2026-06-23T19:23:48+0200,c51852f0-2285-49e0-9c34-cd4ce69db778,2026-06-21T19:45:00Z,2026-06-21T21:45:00+0200,49146.72625,MW,DE,DE_LU,actual_load,Actual Load,2026-06-23T17:24:51Z
2026-06-23T17:23:48Z,2026-06-23T19:23:48+0200,c51852f0-2285-49e0-9c34-cd4ce69db778,2026-06-21T20:00:00Z,2026-06-21T22:00:00+0200,49318.62497,MW,DE,DE_LU,actual_load,Actual Load,2026-06-23T17:24:51Z
2026-06-23T17:23:48Z,2026-06-23T19:23:48+0200,c51852f0-2285-49e0-9c34-cd4ce69db778,2026-06-21T20:15:00Z,2026-06-21T22:15:00+0200,49522.72281,MW,DE,DE_LU,actual_load,Actual Load,2026-06-23T17:24:51Z
2026-06-23T17:23:48Z,2026-06-23T19:23:48+0200,c51852f0-2285-49e0-9c34-cd4ce69db778,2026-06-21T20:30:00Z,2026-06-21T22:30:00+0200,49380.08605,MW,DE,DE_LU,actual_load,Actual Load,2026-06-23T17:24:51Z
2026-06-23T17:23:48Z,2026-06-23T19:23:48+0200,c51852f0-2285-49e0-9c34-cd4ce69db778,2026-06-21T20:45:00Z,2026-06-21T22:45:00+0200,48914.35606,MW,DE,DE_LU,actual_load,Actual Load,2026-06-23T17:24:51Z
2026-06-23T17:23:48Z,2026-06-23T19:23:48+0200,c51852f0-2285-49e0-9c34-cd4ce69db778,2026-06-21T21:00:00Z,2026-06-21T23:00:00+0200,48321.79968,MW,DE,DE_LU,actual_load,Actual Load,2026-06-23T17:24:51Z
2026-06-23T17:23:48Z,2026-06-23T19:23:48+0200,c51852f0-2285-49e0-9c34-cd4ce69db778,2026-06-21T21:15:00Z,2026-06-21T23:15:00+0200,47410.16984,MW,DE,DE_LU,actual_load,Actual Load,2026-06-23T17:24:51Z
2026-06-23T17:23:48Z,2026-06-23T19:23:48+0200,c51852f0-2285-49e0-9c34-cd4ce69db778,2026-06-21T21:30:00Z,2026-06-21T23:30:00+0200,46539.868689,MW,DE,DE_LU,actual_load,Actual Load,2026-06-23T17:24:51Z
2026-06-23T17:23:48Z,2026-06-23T19:23:48+0200,c51852f0-2285-49e0-9c34-cd4ce69db778,2026-06-21T21:45:00Z,2026-06-21T23:45:00+0200,45837.34514,MW,DE,DE_LU,actual_load,Actual Load,2026-06-23T17:24:51Z
2026-06-23T17:23:48Z,2026-06-23T19:23:48+0200,c51852f0-2285-49e0-9c34-cd4ce69db778,2026-06-21T22:00:00Z,2026-06-22T00:00:00+0200,45628.07422,MW,DE,DE_LU,actual_load,Actual Load,2026-06-23T17:24:51Z
2026-06-23T17:23:48Z,2026-06-23T19:23:48+0200,c51852f0-2285-49e0-9c34-cd4ce69db778,2026-06-21T22:15:00Z,2026-06-22T00:15:00+0200,45418.43225,MW,DE,DE_LU,actual_load,Actual Load,2026-06-23T17:24:51Z
2026-06-23T17:23:48Z,2026-06-23T19:23:48+0200,c51852f0-2285-49e0-9c34-cd4ce69db778,2026-06-21T22:30:00Z,2026-06-22T00:30:00+0200,44829.85201,MW,DE,DE_LU,actual_load,Actual Load,2026-06-23T17:24:51Z
2026-06-23T17:23:48Z,2026-06-23T19:23:48+0200,c51852f0-2285-49e0-9c34-cd4ce69db778,2026-06-21T22:45:00Z,2026-06-22T00:45:00+0200,44709.694449,MW,DE,DE_LU,actual_load,Actual Load,2026-06-23T17:24:51Z
2026-06-23T17:23:48Z,2026-06-23T19:23:48+0200,c51852f0-2285-49e0-9c34-cd4ce69db778,2026-06-21T23:00:00Z,2026-06-22T01:00:00+0200,44158.14802,MW,DE,DE_LU,actual_load,Actual Load,2026-06-23T17:24:51Z
2026-06-23T17:23:48Z,2026-06-23T19:23:48+0200,c51852f0-2285-49e0-9c34-cd4ce69db778,2026-06-21T23:15:00Z,2026-06-22T01:15:00+0200,43732.69031,MW,DE,DE_LU,actual_load,Actual Load,2026-06-23T17:24:51Z
2026-06-23T17:23:48Z,2026-06-23T19:23:48+0200,c51852f0-2285-49e0-9c34-cd4ce69db778,2026-06-21T23:30:00Z,2026-06-22T01:30:00+0200,43121.67275,MW,DE,DE_LU,actual_load,Actual Load,2026-06-23T17:24:51Z
2026-06-23T17:23:48Z,2026-06-23T19:23:48+0200,c51852f0-2285-49e0-9c34-cd4ce69db778,2026-06-21T23:45:00Z,2026-06-22T01:45:00+0200,42987.43192,MW,DE,DE_LU,actual_load,Actual Load,2026-06-23T17:24:51Z
2026-06-23T17:23:48Z,2026-06-23T19:23:48+0200,c51852f0-2285-49e0-9c34-cd4ce69db778,2026-06-22T00:00:00Z,2026-06-22T02:00:00+0200,42730.26908,MW,DE,DE_LU,actual_load,Actual Load,2026-06-23T17:24:51Z
2026-06-23T17:23:48Z,2026-06-23T19:23:48+0200,c51852f0-2285-49e0-9c34-cd4ce69db778,2026-06-22T00:15:00Z,2026-06-22T02:15:00+0200,42688.18142,MW,DE,DE_LU,actual_load,Actual Load,2026-06-23T17:24:51Z
2026-06-23T17:23:48Z,2026-06-23T19:23:48+0200,c51852f0-2285-49e0-9c34-cd4ce69db778,2026-06-22T00:30:00Z,2026-06-22T02:30:00+0200,42983.15667,MW,DE,DE_LU,actual_load,Actual Load,2026-06-23T17:24:51Z
2026-06-23T17:23:48Z,2026-06-23T19:23:48+0200,c51852f0-2285-49e0-9c34-cd4ce69db778,2026-06-22T00:45:00Z,2026-06-22T02:45:00+0200,43538.14374,MW,DE,DE_LU,actual_load,Actual Load,2026-06-23T17:24:51Z
2026-06-23T17:23:48Z,2026-06-23T19:23:48+0200,c51852f0-2285-49e0-9c34-cd4ce69db778,2026-06-22T01:00:00Z,2026-06-22T03:00:00+0200,43582.1711,MW,DE,DE_LU,actual_load,Actual Load,2026-06-23T17:24:51Z
2026-06-23T17:23:48Z,2026-06-23T19:23:48+0200,c51852f0-2285-49e0-9c34-cd4ce69db778,2026-06-22T01:15:00Z,2026-06-22T03:15:00+0200,43766.90578,MW,DE,DE_LU,actual_load,Actual Load,2026-06-23T17:24:51Z
2026-06-23T17:23:48Z,2026-06-23T19:23:48+0200,c51852f0-2285-49e0-9c34-cd4ce69db778,2026-06-22T01:30:00Z,2026-06-22T03:30:00+0200,44307.42224,MW,DE,DE_LU,actual_load,Actual Load,2026-06-23T17:24:51Z
2026-06-23T17:23:48Z,2026-06-23T19:23:48+0200,c51852f0-2285-49e0-9c34-cd4ce69db778,2026-06-22T01:45:00Z,2026-06-22T03:45:00+0200,44385.95348,MW,DE,DE_LU,actual_load,Actual Load,2026-06-23T17:24:51Z
2026-06-23T17:23:48Z,2026-06-23T19:23:48+0200,c51852f0-2285-49e0-9c34-cd4ce69db778,2026-06-22T02:00:00Z,2026-06-22T04:00:00+0200,44600.84934,MW,DE,DE_LU,actual_load,Actual Load,2026-06-23T17:24:51Z
2026-06-23T17:23:48Z,2026-06-23T19:23:48+0200,c51852f0-2285-49e0-9c34-cd4ce69db778,2026-06-22T02:15:00Z,2026-06-22T04:15:00+0200,44597.875189,MW,DE,DE_LU,actual_load,Actual Load,2026-06-23T17:24:51Z
2026-06-23T17:23:48Z,2026-06-23T19:23:48+0200,c51852f0-2285-49e0-9c34-cd4ce69db778,2026-06-22T02:30:00Z,2026-06-22T04:30:00+0200,44662.326849,MW,DE,DE_LU,actual_load,Actual Load,2026-06-23T17:24:51Z
2026-06-23T17:23:48Z,2026-06-23T19:23:48+0200,c51852f0-2285-49e0-9c34-cd4ce69db778,2026-06-22T02:45:00Z,2026-06-22T04:45:00+0200,44772.74568,MW,DE,DE_LU,actual_load,Actual Load,2026-06-23T17:24:51Z
2026-06-23T17:23:48Z,2026-06-23T19:23:48+0200,c51852f0-2285-49e0-9c34-cd4ce69db778,2026-06-22T03:00:00Z,2026-06-22T05:00:00+0200,45758.29413,MW,DE,DE_LU,actual_load,Actual Load,2026-06-23T17:24:51Z
2026-06-23T17:23:48Z,2026-06-23T19:23:48+0200,c51852f0-2285-49e0-9c34-cd4ce69db778,2026-06-22T03:15:00Z,2026-06-22T05:15:00+0200,46197.021359,MW,DE,DE_LU,actual_load,Actual Load,2026-06-23T17:24:51Z
2026-06-23T17:23:48Z,2026-06-23T19:23:48+0200,c51852f0-2285-49e0-9c34-cd4ce69db778,2026-06-22T03:30:00Z,2026-06-22T05:30:00+0200,47384.84075,MW,DE,DE_LU,actual_load,Actual Load,2026-06-23T17:24:51Z
2026-06-23T17:23:48Z,2026-06-23T19:23:48+0200,c51852f0-2285-49e0-9c34-cd4ce69db778,2026-06-22T03:45:00Z,2026-06-22T05:45:00+0200,48682.79071,MW,DE,DE_LU,actual_load,Actual Load,2026-06-23T17:24:51Z
2026-06-23T17:23:48Z,2026-06-23T19:23:48+0200,c51852f0-2285-49e0-9c34-cd4ce69db778,2026-06-22T04:00:00Z,2026-06-22T06:00:00+0200,51264.23065,MW,DE,DE_LU,actual_load,Actual Load,2026-06-23T17:24:51Z
2026-06-23T17:23:48Z,2026-06-23T19:23:48+0200,c51852f0-2285-49e0-9c34-cd4ce69db778,2026-06-22T04:15:00Z,2026-06-22T06:15:00+0200,52820.32262,MW,DE,DE_LU,actual_load,Actual Load,2026-06-23T17:24:51Z
2026-06-23T17:23:48Z,2026-06-23T19:23:48+0200,c51852f0-2285-49e0-9c34-cd4ce69db778,2026-06-22T04:30:00Z,2026-06-22T06:30:00+0200,54273.66238,MW,DE,DE_LU,actual_load,Actual Load,2026-06-23T17:24:51Z
2026-06-23T17:23:48Z,2026-06-23T19:23:48+0200,c51852f0-2285-49e0-9c34-cd4ce69db778,2026-06-22T04:45:00Z,2026-06-22T06:45:00+0200,55843.36937,MW,DE,DE_LU,actual_load,Actual Load,2026-06-23T17:24:51Z
2026-06-23T17:23:48Z,2026-06-23T19:23:48+0200,c51852f0-2285-49e0-9c34-cd4ce69db778,2026-06-22T05:00:00Z,2026-06-22T07:00:00+0200,57098.609,MW,DE,DE_LU,actual_load,Actual Load,2026-06-23T17:24:51Z
2026-06-23T17:23:48Z,2026-06-23T19:23:48+0200,c51852f0-2285-49e0-9c34-cd4ce69db778,2026-06-22T05:15:00Z,2026-06-22T07:15:00+0200,58632.56509,MW,DE,DE_LU,actual_load,Actual Load,2026-06-23T17:24:51Z
2026-06-23T17:23:48Z,2026-06-23T19:23:48+0200,c51852f0-2285-49e0-9c34-cd4ce69db778,2026-06-22T05:30:00Z,2026-06-22T07:30:00+0200,59406.00047,MW,DE,DE_LU,actual_load,Actual Load,2026-06-23T17:24:51Z
2026-06-23T17:23:48Z,2026-06-23T19:23:48+0200,c51852f0-2285-49e0-9c34-cd4ce69db778,2026-06-22T05:45:00Z,2026-06-22T07:45:00+0200,60578.596309,MW,DE,DE_LU,actual_load,Actual Load,2026-06-23T17:24:51Z
2026-06-23T17:23:48Z,2026-06-23T19:23:48+0200,c51852f0-2285-49e0-9c34-cd4ce69db778,2026-06-22T06:00:00Z,2026-06-22T08:00:00+0200,60596.88076,MW,DE,DE_LU,actual_load,Actual Load,2026-06-23T17:24:51Z
2026-06-23T17:23:48Z,2026-06-23T19:23:48+0200,c51852f0-2285-49e0-9c34-cd4ce69db778,2026-06-22T06:15:00Z,2026-06-22T08:15:00+0200,61551.42663,MW,DE,DE_LU,actual_load,Actual Load,2026-06-23T17:24:51Z
2026-06-23T17:23:48Z,2026-06-23T19:23:48+0200,c51852f0-2285-49e0-9c34-cd4ce69db778,2026-06-22T06:30:00Z,2026-06-22T08:30:00+0200,62500.36587,MW,DE,DE_LU,actual_load,Actual Load,2026-06-23T17:24:51Z
2026-06-23T17:23:48Z,2026-06-23T19:23:48+0200,c51852f0-2285-49e0-9c34-cd4ce69db778,2026-06-22T06:45:00Z,2026-06-22T08:45:00+0200,63082.21389,MW,DE,DE_LU,actual_load,Actual Load,2026-06-23T17:24:51Z
2026-06-23T17:23:48Z,2026-06-23T19:23:48+0200,c51852f0-2285-49e0-9c34-cd4ce69db778,2026-06-22T07:00:00Z,2026-06-22T09:00:00+0200,61777.31897,MW,DE,DE_LU,actual_load,Actual Load,2026-06-23T17:24:51Z
2026-06-23T17:23:48Z,2026-06-23T19:23:48+0200,c51852f0-2285-49e0-9c34-cd4ce69db778,2026-06-22T07:15:00Z,2026-06-22T09:15:00+0200,61351.86968,MW,DE,DE_LU,actual_load,Actual Load,2026-06-23T17:24:51Z
2026-06-23T17:23:48Z,2026-06-23T19:23:48+0200,c51852f0-2285-49e0-9c34-cd4ce69db778,2026-06-22T07:30:00Z,2026-06-22T09:30:00+0200,61197.6327,MW,DE,DE_LU,actual_load,Actual Load,2026-06-23T17:24:51Z
2026-06-23T17:23:48Z,2026-06-23T19:23:48+0200,c51852f0-2285-49e0-9c34-cd4ce69db778,2026-06-22T07:45:00Z,2026-06-22T09:45:00+0200,60985.203,MW,DE,DE_LU,actual_load,Actual Load,2026-06-23T17:24:51Z
2026-06-23T17:23:48Z,2026-06-23T19:23:48+0200,c51852f0-2285-49e0-9c34-cd4ce69db778,2026-06-22T08:00:00Z,2026-06-22T10:00:00+0200,60764.91245,MW,DE,DE_LU,actual_load,Actual Load,2026-06-23T17:24:51Z
2026-06-23T17:23:48Z,2026-06-23T19:23:48+0200,c51852f0-2285-49e0-9c34-cd4ce69db778,2026-06-22T08:15:00Z,2026-06-22T10:15:00+0200,60932.027449,MW,DE,DE_LU,actual_load,Actual Load,2026-06-23T17:24:51Z
2026-06-23T17:23:48Z,2026-06-23T19:23:48+0200,c51852f0-2285-49e0-9c34-cd4ce69db778,2026-06-22T08:30:00Z,2026-06-22T10:30:00+0200,60643.73079,MW,DE,DE_LU,actual_load,Actual Load,2026-06-23T17:24:51Z
2026-06-23T17:23:48Z,2026-06-23T19:23:48+0200,c51852f0-2285-49e0-9c34-cd4ce69db778,2026-06-22T08:45:00Z,2026-06-22T10:45:00+0200,60577.8575,MW,DE,DE_LU,actual_load,Actual Load,2026-06-23T17:24:51Z
2026-06-23T17:23:48Z,2026-06-23T19:23:48+0200,c51852f0-2285-49e0-9c34-cd4ce69db778,2026-06-22T09:00:00Z,2026-06-22T11:00:00+0200,60479.93243,MW,DE,DE_LU,actual_load,Actual Load,2026-06-23T17:24:51Z
2026-06-23T17:23:48Z,2026-06-23T19:23:48+0200,c51852f0-2285-49e0-9c34-cd4ce69db778,2026-06-22T09:15:00Z,2026-06-22T11:15:00+0200,60274.94597,MW,DE,DE_LU,actual_load,Actual Load,2026-06-23T17:24:51Z
2026-06-23T17:23:48Z,2026-06-23T19:23:48+0200,c51852f0-2285-49e0-9c34-cd4ce69db778,2026-06-22T09:30:00Z,2026-06-22T11:30:00+0200,60170.406,MW,DE,DE_LU,actual_load,Actual Load,2026-06-23T17:24:51Z
2026-06-23T17:23:48Z,2026-06-23T19:23:48+0200,c51852f0-2285-49e0-9c34-cd4ce69db778,2026-06-22T09:45:00Z,2026-06-22T11:45:00+0200,59830.911159,MW,DE,DE_LU,actual_load,Actual Load,2026-06-23T17:24:51Z
2026-06-23T17:23:48Z,2026-06-23T19:23:48+0200,c51852f0-2285-49e0-9c34-cd4ce69db778,2026-06-22T10:00:00Z,2026-06-22T12:00:00+0200,59700.90507,MW,DE,DE_LU,actual_load,Actual Load,2026-06-23T17:24:51Z
2026-06-23T17:23:48Z,2026-06-23T19:23:48+0200,c51852f0-2285-49e0-9c34-cd4ce69db778,2026-06-22T10:15:00Z,2026-06-22T12:15:00+0200,60185.11253,MW,DE,DE_LU,actual_load,Actual Load,2026-06-23T17:24:51Z
2026-06-23T17:23:48Z,2026-06-23T19:23:48+0200,c51852f0-2285-49e0-9c34-cd4ce69db778,2026-06-22T10:30:00Z,2026-06-22T12:30:00+0200,60207.75803,MW,DE,DE_LU,actual_load,Actual Load,2026-06-23T17:24:51Z
2026-06-23T17:23:48Z,2026-06-23T19:23:48+0200,c51852f0-2285-49e0-9c34-cd4ce69db778,2026-06-22T10:45:00Z,2026-06-22T12:45:00+0200,60370.49094,MW,DE,DE_LU,actual_load,Actual Load,2026-06-23T17:24:51Z
2026-06-23T17:23:48Z,2026-06-23T19:23:48+0200,c51852f0-2285-49e0-9c34-cd4ce69db778,2026-06-22T11:00:00Z,2026-06-22T13:00:00+0200,60084.12218,MW,DE,DE_LU,actual_load,Actual Load,2026-06-23T17:24:51Z
2026-06-23T17:23:48Z,2026-06-23T19:23:48+0200,c51852f0-2285-49e0-9c34-cd4ce69db778,2026-06-22T11:15:00Z,2026-06-22T13:15:00+0200,59619.08489,MW,DE,DE_LU,actual_load,Actual Load,2026-06-23T17:24:51Z
2026-06-23T17:23:48Z,2026-06-23T19:23:48+0200,c51852f0-2285-49e0-9c34-cd4ce69db778,2026-06-22T11:30:00Z,2026-06-22T13:30:00+0200,59125.09095,MW,DE,DE_LU,actual_load,Actual Load,2026-06-23T17:24:51Z
2026-06-23T17:23:48Z,2026-06-23T19:23:48+0200,c51852f0-2285-49e0-9c34-cd4ce69db778,2026-06-22T11:45:00Z,2026-06-22T13:45:00+0200,58709.9938,MW,DE,DE_LU,actual_load,Actual Load,2026-06-23T17:24:51Z
2026-06-23T17:23:48Z,2026-06-23T19:23:48+0200,c51852f0-2285-49e0-9c34-cd4ce69db778,2026-06-22T12:00:00Z,2026-06-22T14:00:00+0200,58401.2191,MW,DE,DE_LU,actual_load,Actual Load,2026-06-23T17:24:51Z
2026-06-23T17:23:48Z,2026-06-23T19:23:48+0200,c51852f0-2285-49e0-9c34-cd4ce69db778,2026-06-22T12:15:00Z,2026-06-22T14:15:00+0200,58423.13077,MW,DE,DE_LU,actual_load,Actual Load,2026-06-23T17:24:51Z
2026-06-23T17:23:48Z,2026-06-23T19:23:48+0200,c51852f0-2285-49e0-9c34-cd4ce69db778,2026-06-22T12:30:00Z,2026-06-22T14:30:00+0200,58299.95879,MW,DE,DE_LU,actual_load,Actual Load,2026-06-23T17:24:51Z
2026-06-23T17:23:48Z,2026-06-23T19:23:48+0200,c51852f0-2285-49e0-9c34-cd4ce69db778,2026-06-22T12:45:00Z,2026-06-22T14:45:00+0200,57623.77378,MW,DE,DE_LU,actual_load,Actual Load,2026-06-23T17:24:51Z
2026-06-23T17:23:48Z,2026-06-23T19:23:48+0200,c51852f0-2285-49e0-9c34-cd4ce69db778,2026-06-22T13:00:00Z,2026-06-22T15:00:00+0200,57291.46983,MW,DE,DE_LU,actual_load,Actual Load,2026-06-23T17:24:51Z
2026-06-23T17:23:48Z,2026-06-23T19:23:48+0200,c51852f0-2285-49e0-9c34-cd4ce69db778,2026-06-22T13:15:00Z,2026-06-22T15:15:00+0200,57327.32326,MW,DE,DE_LU,actual_load,Actual Load,2026-06-23T17:24:51Z
2026-06-23T17:23:48Z,2026-06-23T19:23:48+0200,c51852f0-2285-49e0-9c34-cd4ce69db778,2026-06-22T13:30:00Z,2026-06-22T15:30:00+0200,56885.73842,MW,DE,DE_LU,actual_load,Actual Load,2026-06-23T17:24:51Z
2026-06-23T17:23:48Z,2026-06-23T19:23:48+0200,c51852f0-2285-49e0-9c34-cd4ce69db778,2026-06-22T13:45:00Z,2026-06-22T15:45:00+0200,56926.04368,MW,DE,DE_LU,actual_load,Actual Load,2026-06-23T17:24:51Z
2026-06-23T17:23:48Z,2026-06-23T19:23:48+0200,c51852f0-2285-49e0-9c34-cd4ce69db778,2026-06-22T14:00:00Z,2026-06-22T16:00:00+0200,57689.99909,MW,DE,DE_LU,actual_load,Actual Load,2026-06-23T17:24:51Z
2026-06-23T17:23:48Z,2026-06-23T19:23:48+0200,c51852f0-2285-49e0-9c34-cd4ce69db778,2026-06-22T14:15:00Z,2026-06-22T16:15:00+0200,57463.53718,MW,DE,DE_LU,actual_load,Actual Load,2026-06-23T17:24:51Z
2026-06-23T17:23:48Z,2026-06-23T19:23:48+0200,c51852f0-2285-49e0-9c34-cd4ce69db778,2026-06-22T14:30:00Z,2026-06-22T16:30:00+0200,56886.54066,MW,DE,DE_LU,actual_load,Actual Load,2026-06-23T17:24:51Z
2026-06-23T17:23:48Z,2026-06-23T19:23:48+0200,c51852f0-2285-49e0-9c34-cd4ce69db778,2026-06-22T14:45:00Z,2026-06-22T16:45:00+0200,56646.0323,MW,DE,DE_LU,actual_load,Actual Load,2026-06-23T17:24:51Z
2026-06-23T17:23:48Z,2026-06-23T19:23:48+0200,c51852f0-2285-49e0-9c34-cd4ce69db778,2026-06-22T15:00:00Z,2026-06-22T17:00:00+0200,58277.86991,MW,DE,DE_LU,actual_load,Actual Load,2026-06-23T17:24:51Z
2026-06-23T17:23:48Z,2026-06-23T19:23:48+0200,c51852f0-2285-49e0-9c34-cd4ce69db778,2026-06-22T15:15:00Z,2026-06-22T17:15:00+0200,58492.47181,MW,DE,DE_LU,actual_load,Actual Load,2026-06-23T17:24:51Z
2026-06-23T17:23:48Z,2026-06-23T19:23:48+0200,c51852f0-2285-49e0-9c34-cd4ce69db778,2026-06-22T15:30:00Z,2026-06-22T17:30:00+0200,58618.94324,MW,DE,DE_LU,actual_load,Actual Load,2026-06-23T17:24:51Z
2026-06-23T17:23:48Z,2026-06-23T19:23:48+0200,c51852f0-2285-49e0-9c34-cd4ce69db778,2026-06-22T15:45:00Z,2026-06-22T17:45:00+0200,59114.31917,MW,DE,DE_LU,actual_load,Actual Load,2026-06-23T17:24:51Z
2026-06-23T17:23:48Z,2026-06-23T19:23:48+0200,c51852f0-2285-49e0-9c34-cd4ce69db778,2026-06-22T16:00:00Z,2026-06-22T18:00:00+0200,59684.08955,MW,DE,DE_LU,actual_load,Actual Load,2026-06-23T17:24:51Z
2026-06-23T17:23:48Z,2026-06-23T19:23:48+0200,c51852f0-2285-49e0-9c34-cd4ce69db778,2026-06-22T16:15:00Z,2026-06-22T18:15:00+0200,59759.99106,MW,DE,DE_LU,actual_load,Actual Load,2026-06-23T17:24:51Z
2026-06-23T17:23:48Z,2026-06-23T19:23:48+0200,c51852f0-2285-49e0-9c34-cd4ce69db778,2026-06-22T16:30:00Z,2026-06-22T18:30:00+0200,59929.80659,MW,DE,DE_LU,actual_load,Actual Load,2026-06-23T17:24:51Z
2026-06-23T17:23:48Z,2026-06-23T19:23:48+0200,c51852f0-2285-49e0-9c34-cd4ce69db778,2026-06-22T16:45:00Z,2026-06-22T18:45:00+0200,59869.4665,MW,DE,DE_LU,actual_load,Actual Load,2026-06-23T17:24:51Z
2026-06-23T17:23:48Z,2026-06-23T19:23:48+0200,c51852f0-2285-49e0-9c34-cd4ce69db778,2026-06-22T17:00:00Z,2026-06-22T19:00:00+0200,60489.01145,MW,DE,DE_LU,actual_load,Actual Load,2026-06-23T17:24:51Z
2026-06-23T17:23:48Z,2026-06-23T19:23:48+0200,c51852f0-2285-49e0-9c34-cd4ce69db778,2026-06-22T17:15:00Z,2026-06-22T19:15:00+0200,60469.77525,MW,DE,DE_LU,actual_load,Actual Load,2026-06-23T17:24:51Z
2026-06-23T17:23:48Z,2026-06-23T19:23:48+0200,c51852f0-2285-49e0-9c34-cd4ce69db778,2026-06-22T17:30:00Z,2026-06-22T19:30:00+0200,59744.30087,MW,DE,DE_LU,actual_load,Actual Load,2026-06-23T17:24:51Z
2026-06-23T17:23:48Z,2026-06-23T19:23:48+0200,c51852f0-2285-49e0-9c34-cd4ce69db778,2026-06-22T17:45:00Z,2026-06-22T19:45:00+0200,59178.10439,MW,DE,DE_LU,actual_load,Actual Load,2026-06-23T17:24:51Z
2026-06-23T17:23:48Z,2026-06-23T19:23:48+0200,c51852f0-2285-49e0-9c34-cd4ce69db778,2026-06-22T18:00:00Z,2026-06-22T20:00:00+0200,59742.99583,MW,DE,DE_LU,actual_load,Actual Load,2026-06-23T17:24:51Z
2026-06-23T17:23:48Z,2026-06-23T19:23:48+0200,c51852f0-2285-49e0-9c34-cd4ce69db778,2026-06-22T18:15:00Z,2026-06-22T20:15:00+0200,58900.08976,MW,DE,DE_LU,actual_load,Actual Load,2026-06-23T17:24:51Z
2026-06-23T17:23:48Z,2026-06-23T19:23:48+0200,c51852f0-2285-49e0-9c34-cd4ce69db778,2026-06-22T18:30:00Z,2026-06-22T20:30:00+0200,57985.62505,MW,DE,DE_LU,actual_load,Actual Load,2026-06-23T17:24:51Z
2026-06-23T17:23:48Z,2026-06-23T19:23:48+0200,c51852f0-2285-49e0-9c34-cd4ce69db778,2026-06-22T18:45:00Z,2026-06-22T20:45:00+0200,57577.743679,MW,DE,DE_LU,actual_load,Actual Load,2026-06-23T17:24:51Z
2026-06-23T17:23:48Z,2026-06-23T19:23:48+0200,c51852f0-2285-49e0-9c34-cd4ce69db778,2026-06-22T19:00:00Z,2026-06-22T21:00:00+0200,57121.14427,MW,DE,DE_LU,actual_load,Actual Load,2026-06-23T17:24:51Z
2026-06-23T17:23:48Z,2026-06-23T19:23:48+0200,c51852f0-2285-49e0-9c34-cd4ce69db778,2026-06-22T19:15:00Z,2026-06-22T21:15:00+0200,56605.69064,MW,DE,DE_LU,actual_load,Actual Load,2026-06-23T17:24:51Z
2026-06-23T17:23:48Z,2026-06-23T19:23:48+0200,c51852f0-2285-49e0-9c34-cd4ce69db778,2026-06-22T19:30:00Z,2026-06-22T21:30:00+0200,55846.4556,MW,DE,DE_LU,actual_load,Actual Load,2026-06-23T17:24:51Z
2026-06-23T17:23:48Z,2026-06-23T19:23:48+0200,c51852f0-2285-49e0-9c34-cd4ce69db778,2026-06-22T19:45:00Z,2026-06-22T21:45:00+0200,55896.07082,MW,DE,DE_LU,actual_load,Actual Load,2026-06-23T17:24:51Z
2026-06-23T17:23:48Z,2026-06-23T19:23:48+0200,c51852f0-2285-49e0-9c34-cd4ce69db778,2026-06-22T20:00:00Z,2026-06-22T22:00:00+0200,55155.95215,MW,DE,DE_LU,actual_load,Actual Load,2026-06-23T17:24:51Z
2026-06-23T17:23:48Z,2026-06-23T19:23:48+0200,c51852f0-2285-49e0-9c34-cd4ce69db778,2026-06-22T20:15:00Z,2026-06-22T22:15:00+0200,54785.35507,MW,DE,DE_LU,actual_load,Actual Load,2026-06-23T17:24:51Z
2026-06-23T17:23:48Z,2026-06-23T19:23:48+0200,c51852f0-2285-49e0-9c34-cd4ce69db778,2026-06-22T20:30:00Z,2026-06-22T22:30:00+0200,54119.31248,MW,DE,DE_LU,actual_load,Actual Load,2026-06-23T17:24:51Z
2026-06-23T17:23:48Z,2026-06-23T19:23:48+0200,c51852f0-2285-49e0-9c34-cd4ce69db778,2026-06-22T20:45:00Z,2026-06-22T22:45:00+0200,53266.1987,MW,DE,DE_LU,actual_load,Actual Load,2026-06-23T17:24:51Z
2026-06-23T17:23:48Z,2026-06-23T19:23:48+0200,c51852f0-2285-49e0-9c34-cd4ce69db778,2026-06-22T21:00:00Z,2026-06-22T23:00:00+0200,51914.78498,MW,DE,DE_LU,actual_load,Actual Load,2026-06-23T17:24:51Z
2026-06-23T17:23:48Z,2026-06-23T19:23:48+0200,c51852f0-2285-49e0-9c34-cd4ce69db778,2026-06-22T21:15:00Z,2026-06-22T23:15:00+0200,51235.0163,MW,DE,DE_LU,actual_load,Actual Load,2026-06-23T17:24:51Z
2026-06-23T17:23:48Z,2026-06-23T19:23:48+0200,c51852f0-2285-49e0-9c34-cd4ce69db778,2026-06-22T21:30:00Z,2026-06-22T23:30:00+0200,50399.66981,MW,DE,DE_LU,actual_load,Actual Load,2026-06-23T17:24:51Z
2026-06-23T17:23:48Z,2026-06-23T19:23:48+0200,c51852f0-2285-49e0-9c34-cd4ce69db778,2026-06-22T21:45:00Z,2026-06-22T23:45:00+0200,49880.72185,MW,DE,DE_LU,actual_load,Actual Load,2026-06-23T17:24:51Z
2026-06-23T17:23:48Z,2026-06-23T19:23:48+0200,c51852f0-2285-49e0-9c34-cd4ce69db778,2026-06-22T22:00:00Z,2026-06-23T00:00:00+0200,49806.01413,MW,DE,DE_LU,actual_load,Actual Load,2026-06-23T17:24:51Z
2026-06-23T17:23:48Z,2026-06-23T19:23:48+0200,c51852f0-2285-49e0-9c34-cd4ce69db778,2026-06-22T22:15:00Z,2026-06-23T00:15:00+0200,49075.09269,MW,DE,DE_LU,actual_load,Actual Load,2026-06-23T17:24:51Z
2026-06-23T17:23:48Z,2026-06-23T19:23:48+0200,c51852f0-2285-49e0-9c34-cd4ce69db778,2026-06-22T22:30:00Z,2026-06-23T00:30:00+0200,48810.88651,MW,DE,DE_LU,actual_load,Actual Load,2026-06-23T17:24:51Z
2026-06-23T17:23:48Z,2026-06-23T19:23:48+0200,c51852f0-2285-49e0-9c34-cd4ce69db778,2026-06-22T22:45:00Z,2026-06-23T00:45:00+0200,48496.91641,MW,DE,DE_LU,actual_load,Actual Load,2026-06-23T17:24:51Z
2026-06-23T17:23:48Z,2026-06-23T19:23:48+0200,c51852f0-2285-49e0-9c34-cd4ce69db778,2026-06-22T23:00:00Z,2026-06-23T01:00:00+0200,47970.52196,MW,DE,DE_LU,actual_load,Actual Load,2026-06-23T17:24:51Z
2026-06-23T17:23:48Z,2026-06-23T19:23:48+0200,c51852f0-2285-49e0-9c34-cd4ce69db778,2026-06-22T23:15:00Z,2026-06-23T01:15:00+0200,47473.29422,MW,DE,DE_LU,actual_load,Actual Load,2026-06-23T17:24:51Z
2026-06-23T17:23:48Z,2026-06-23T19:23:48+0200,c51852f0-2285-49e0-9c34-cd4ce69db778,2026-06-22T23:30:00Z,2026-06-23T01:30:00+0200,47240.73077,MW,DE,DE_LU,actual_load,Actual Load,2026-06-23T17:24:51Z
2026-06-23T17:23:48Z,2026-06-23T19:23:48+0200,c51852f0-2285-49e0-9c34-cd4ce69db778,2026-06-22T23:45:00Z,2026-06-23T01:45:00+0200,47043.96626,MW,DE,DE_LU,actual_load,Actual Load,2026-06-23T17:24:51Z
2026-06-23T17:23:48Z,2026-06-23T19:23:48+0200,c51852f0-2285-49e0-9c34-cd4ce69db778,2026-06-23T00:00:00Z,2026-06-23T02:00:00+0200,46741.82808,MW,DE,DE_LU,actual_load,Actual Load,2026-06-23T17:24:51Z
2026-06-23T17:23:48Z,2026-06-23T19:23:48+0200,c51852f0-2285-49e0-9c34-cd4ce69db778,2026-06-23T00:15:00Z,2026-06-23T02:15:00+0200,46409.61486,MW,DE,DE_LU,actual_load,Actual Load,2026-06-23T17:24:51Z
2026-06-23T17:23:48Z,2026-06-23T19:23:48+0200,c51852f0-2285-49e0-9c34-cd4ce69db778,2026-06-23T00:30:00Z,2026-06-23T02:30:00+0200,46568.34973,MW,DE,DE_LU,actual_load,Actual Load,2026-06-23T17:24:51Z
2026-06-23T17:23:48Z,2026-06-23T19:23:48+0200,c51852f0-2285-49e0-9c34-cd4ce69db778,2026-06-23T00:45:00Z,2026-06-23T02:45:00+0200,46617.136409,MW,DE,DE_LU,actual_load,Actual Load,2026-06-23T17:24:51Z
2026-06-23T17:23:48Z,2026-06-23T19:23:48+0200,c51852f0-2285-49e0-9c34-cd4ce69db778,2026-06-23T01:00:00Z,2026-06-23T03:00:00+0200,46273.30343,MW,DE,DE_LU,actual_load,Actual Load,2026-06-23T17:24:51Z
2026-06-23T17:23:48Z,2026-06-23T19:23:48+0200,c51852f0-2285-49e0-9c34-cd4ce69db778,2026-06-23T01:15:00Z,2026-06-23T03:15:00+0200,46164.31516,MW,DE,DE_LU,actual_load,Actual Load,2026-06-23T17:24:51Z
2026-06-23T17:23:48Z,2026-06-23T19:23:48+0200,c51852f0-2285-49e0-9c34-cd4ce69db778,2026-06-23T01:30:00Z,2026-06-23T03:30:00+0200,46265.06267,MW,DE,DE_LU,actual_load,Actual Load,2026-06-23T17:24:51Z
2026-06-23T17:23:48Z,2026-06-23T19:23:48+0200,c51852f0-2285-49e0-9c34-cd4ce69db778,2026-06-23T01:45:00Z,2026-06-23T03:45:00+0200,46500.62324,MW,DE,DE_LU,actual_load,Actual Load,2026-06-23T17:24:51Z
2026-06-23T17:23:48Z,2026-06-23T19:23:48+0200,c51852f0-2285-49e0-9c34-cd4ce69db778,2026-06-23T02:00:00Z,2026-06-23T04:00:00+0200,46821.07956,MW,DE,DE_LU,actual_load,Actual Load,2026-06-23T17:24:51Z
2026-06-23T17:23:48Z,2026-06-23T19:23:48+0200,c51852f0-2285-49e0-9c34-cd4ce69db778,2026-06-23T02:15:00Z,2026-06-23T04:15:00+0200,46980.94048,MW,DE,DE_LU,actual_load,Actual Load,2026-06-23T17:24:51Z
2026-06-23T17:23:48Z,2026-06-23T19:23:48+0200,c51852f0-2285-49e0-9c34-cd4ce69db778,2026-06-23T02:30:00Z,2026-06-23T04:30:00+0200,47641.94938,MW,DE,DE_LU,actual_load,Actual Load,2026-06-23T17:24:51Z
2026-06-23T17:23:48Z,2026-06-23T19:23:48+0200,c51852f0-2285-49e0-9c34-cd4ce69db778,2026-06-23T02:45:00Z,2026-06-23T04:45:00+0200,47713.46242,MW,DE,DE_LU,actual_load,Actual Load,2026-06-23T17:24:51Z
2026-06-23T17:23:48Z,2026-06-23T19:23:48+0200,c51852f0-2285-49e0-9c34-cd4ce69db778,2026-06-23T03:00:00Z,2026-06-23T05:00:00+0200,48510.19292,MW,DE,DE_LU,actual_load,Actual Load,2026-06-23T17:24:51Z
2026-06-23T17:23:48Z,2026-06-23T19:23:48+0200,c51852f0-2285-49e0-9c34-cd4ce69db778,2026-06-23T03:15:00Z,2026-06-23T05:15:00+0200,48980.1957,MW,DE,DE_LU,actual_load,Actual Load,2026-06-23T17:24:51Z
2026-06-23T17:23:48Z,2026-06-23T19:23:48+0200,c51852f0-2285-49e0-9c34-cd4ce69db778,2026-06-23T03:30:00Z,2026-06-23T05:30:00+0200,49608.4229,MW,DE,DE_LU,actual_load,Actual Load,2026-06-23T17:24:51Z
2026-06-23T17:23:48Z,2026-06-23T19:23:48+0200,c51852f0-2285-49e0-9c34-cd4ce69db778,2026-06-23T03:45:00Z,2026-06-23T05:45:00+0200,50839.11148,MW,DE,DE_LU,actual_load,Actual Load,2026-06-23T17:24:51Z
2026-06-23T17:23:48Z,2026-06-23T19:23:48+0200,c51852f0-2285-49e0-9c34-cd4ce69db778,2026-06-23T04:00:00Z,2026-06-23T06:00:00+0200,53173.24878,MW,DE,DE_LU,actual_load,Actual Load,2026-06-23T17:24:51Z
2026-06-23T17:23:48Z,2026-06-23T19:23:48+0200,c51852f0-2285-49e0-9c34-cd4ce69db778,2026-06-23T04:15:00Z,2026-06-23T06:15:00+0200,54654.89081,MW,DE,DE_LU,actual_load,Actual Load,2026-06-23T17:24:51Z
2026-06-23T17:23:48Z,2026-06-23T19:23:48+0200,c51852f0-2285-49e0-9c34-cd4ce69db778,2026-06-23T04:30:00Z,2026-06-23T06:30:00+0200,55556.98511,MW,DE,DE_LU,actual_load,Actual Load,2026-06-23T17:24:51Z
2026-06-23T17:23:48Z,2026-06-23T19:23:48+0200,c51852f0-2285-49e0-9c34-cd4ce69db778,2026-06-23T04:45:00Z,2026-06-23T06:45:00+0200,56634.59938,MW,DE,DE_LU,actual_load,Actual Load,2026-06-23T17:24:51Z
2026-06-23T17:23:48Z,2026-06-23T19:23:48+0200,c51852f0-2285-49e0-9c34-cd4ce69db778,2026-06-23T05:00:00Z,2026-06-23T07:00:00+0200,58381.983779,MW,DE,DE_LU,actual_load,Actual Load,2026-06-23T17:24:51Z
2026-06-23T17:23:48Z,2026-06-23T19:23:48+0200,c51852f0-2285-49e0-9c34-cd4ce69db778,2026-06-23T05:15:00Z,2026-06-23T07:15:00+0200,60330.614129,MW,DE,DE_LU,actual_load,Actual Load,2026-06-23T17:24:51Z
2026-06-23T17:23:48Z,2026-06-23T19:23:48+0200,c51852f0-2285-49e0-9c34-cd4ce69db778,2026-06-23T05:30:00Z,2026-06-23T07:30:00+0200,61224.477219,MW,DE,DE_LU,actual_load,Actual Load,2026-06-23T17:24:51Z
2026-06-23T17:23:48Z,2026-06-23T19:23:48+0200,c51852f0-2285-49e0-9c34-cd4ce69db778,2026-06-23T05:45:00Z,2026-06-23T07:45:00+0200,62279.92875,MW,DE,DE_LU,actual_load,Actual Load,2026-06-23T17:24:51Z
2026-06-23T17:23:48Z,2026-06-23T19:23:48+0200,c51852f0-2285-49e0-9c34-cd4ce69db778,2026-06-23T06:00:00Z,2026-06-23T08:00:00+0200,62566.70786,MW,DE,DE_LU,actual_load,Actual Load,2026-06-23T17:24:51Z
2026-06-23T17:23:48Z,2026-06-23T19:23:48+0200,c51852f0-2285-49e0-9c34-cd4ce69db778,2026-06-23T06:15:00Z,2026-06-23T08:15:00+0200,63229.25542,MW,DE,DE_LU,actual_load,Actual Load,2026-06-23T17:24:51Z
2026-06-23T17:23:48Z,2026-06-23T19:23:48+0200,c51852f0-2285-49e0-9c34-cd4ce69db778,2026-06-23T06:30:00Z,2026-06-23T08:30:00+0200,64021.7797,MW,DE,DE_LU,actual_load,Actual Load,2026-06-23T17:24:51Z
2026-06-23T17:23:48Z,2026-06-23T19:23:48+0200,c51852f0-2285-49e0-9c34-cd4ce69db778,2026-06-23T06:45:00Z,2026-06-23T08:45:00+0200,63346.349129,MW,DE,DE_LU,actual_load,Actual Load,2026-06-23T17:24:51Z
2026-06-23T17:23:48Z,2026-06-23T19:23:48+0200,c51852f0-2285-49e0-9c34-cd4ce69db778,2026-06-23T07:00:00Z,2026-06-23T09:00:00+0200,61633.5706,MW,DE,DE_LU,actual_load,Actual Load,2026-06-23T17:24:51Z
2026-06-23T17:23:48Z,2026-06-23T19:23:48+0200,c51852f0-2285-49e0-9c34-cd4ce69db778,2026-06-23T07:15:00Z,2026-06-23T09:15:00+0200,61555.96088,MW,DE,DE_LU,actual_load,Actual Load,2026-06-23T17:24:51Z
2026-06-23T17:23:48Z,2026-06-23T19:23:48+0200,c51852f0-2285-49e0-9c34-cd4ce69db778,2026-06-23T07:30:00Z,2026-06-23T09:30:00+0200,56771.54879,MW,DE,DE_LU,actual_load,Actual Load,2026-06-23T17:24:51Z
2026-06-23T17:23:48Z,2026-06-23T19:23:48+0200,c51852f0-2285-49e0-9c34-cd4ce69db778,2026-06-23T07:45:00Z,2026-06-23T09:45:00+0200,54349.92784,MW,DE,DE_LU,actual_load,Actual Load,2026-06-23T17:24:51Z
2026-06-23T17:23:48Z,2026-06-23T19:23:48+0200,c51852f0-2285-49e0-9c34-cd4ce69db778,2026-06-23T08:00:00Z,2026-06-23T10:00:00+0200,49957.64752,MW,DE,DE_LU,actual_load,Actual Load,2026-06-23T17:24:51Z
2026-06-23T17:23:48Z,2026-06-23T19:23:48+0200,c51852f0-2285-49e0-9c34-cd4ce69db778,2026-06-23T08:15:00Z,2026-06-23T10:15:00+0200,45702.656,MW,DE,DE_LU,actual_load,Actual Load,2026-06-23T17:24:51Z
2026-06-23T17:23:48Z,2026-06-23T19:23:48+0200,c51852f0-2285-49e0-9c34-cd4ce69db778,2026-06-23T08:30:00Z,2026-06-23T10:30:00+0200,61069.89085,MW,DE,DE_LU,actual_load,Actual Load,2026-06-23T17:24:51Z
2026-06-23T17:23:48Z,2026-06-23T19:23:48+0200,c51852f0-2285-49e0-9c34-cd4ce69db778,2026-06-23T08:45:00Z,2026-06-23T10:45:00+0200,61267.87426,MW,DE,DE_LU,actual_load,Actual Load,2026-06-23T17:24:51Z
2026-06-23T17:23:48Z,2026-06-23T19:23:48+0200,c51852f0-2285-49e0-9c34-cd4ce69db778,2026-06-23T09:00:00Z,2026-06-23T11:00:00+0200,61094.36071,MW,DE,DE_LU,actual_load,Actual Load,2026-06-23T17:24:51Z
2026-06-23T17:23:48Z,2026-06-23T19:23:48+0200,c51852f0-2285-49e0-9c34-cd4ce69db778,2026-06-23T09:15:00Z,2026-06-23T11:15:00+0200,61076.70389,MW,DE,DE_LU,actual_load,Actual Load,2026-06-23T17:24:51Z
2026-06-23T17:23:48Z,2026-06-23T19:23:48+0200,c51852f0-2285-49e0-9c34-cd4ce69db778,2026-06-23T09:30:00Z,2026-06-23T11:30:00+0200,61087.32019,MW,DE,DE_LU,actual_load,Actual Load,2026-06-23T17:24:51Z
2026-06-23T17:23:48Z,2026-06-23T19:23:48+0200,c51852f0-2285-49e0-9c34-cd4ce69db778,2026-06-23T09:45:00Z,2026-06-23T11:45:00+0200,61715.40542,MW,DE,DE_LU,actual_load,Actual Load,2026-06-23T17:24:51Z
2026-06-23T17:23:48Z,2026-06-23T19:23:48+0200,c51852f0-2285-49e0-9c34-cd4ce69db778,2026-06-23T10:00:00Z,2026-06-23T12:00:00+0200,60445.01077,MW,DE,DE_LU,actual_load,Actual Load,2026-06-23T17:24:51Z
2026-06-23T17:23:48Z,2026-06-23T19:23:48+0200,c51852f0-2285-49e0-9c34-cd4ce69db778,2026-06-23T10:15:00Z,2026-06-23T12:15:00+0200,60298.50088,MW,DE,DE_LU,actual_load,Actual Load,2026-06-23T17:24:51Z
2026-06-23T17:23:48Z,2026-06-23T19:23:48+0200,c51852f0-2285-49e0-9c34-cd4ce69db778,2026-06-23T10:30:00Z,2026-06-23T12:30:00+0200,59924.38661,MW,DE,DE_LU,actual_load,Actual Load,2026-06-23T17:24:51Z
2026-06-23T17:23:48Z,2026-06-23T19:23:48+0200,c51852f0-2285-49e0-9c34-cd4ce69db778,2026-06-23T10:45:00Z,2026-06-23T12:45:00+0200,59900.29183,MW,DE,DE_LU,actual_load,Actual Load,2026-06-23T17:24:51Z
2026-06-23T17:23:48Z,2026-06-23T19:23:48+0200,c51852f0-2285-49e0-9c34-cd4ce69db778,2026-06-23T11:00:00Z,2026-06-23T13:00:00+0200,60110.66014,MW,DE,DE_LU,actual_load,Actual Load,2026-06-23T17:24:51Z
2026-06-23T17:23:48Z,2026-06-23T19:23:48+0200,c51852f0-2285-49e0-9c34-cd4ce69db778,2026-06-23T11:15:00Z,2026-06-23T13:15:00+0200,60193.21341,MW,DE,DE_LU,actual_load,Actual Load,2026-06-23T17:24:51Z
2026-06-23T17:23:48Z,2026-06-23T19:23:48+0200,c51852f0-2285-49e0-9c34-cd4ce69db778,2026-06-23T11:30:00Z,2026-06-23T13:30:00+0200,59759.32124,MW,DE,DE_LU,actual_load,Actual Load,2026-06-23T17:24:51Z
2026-06-23T17:23:48Z,2026-06-23T19:23:48+0200,c51852f0-2285-49e0-9c34-cd4ce69db778,2026-06-23T11:45:00Z,2026-06-23T13:45:00+0200,59442.87918,MW,DE,DE_LU,actual_load,Actual Load,2026-06-23T17:24:51Z
2026-06-23T17:23:48Z,2026-06-23T19:23:48+0200,c51852f0-2285-49e0-9c34-cd4ce69db778,2026-06-23T12:00:00Z,2026-06-23T14:00:00+0200,59211.722549,MW,DE,DE_LU,actual_load,Actual Load,2026-06-23T17:24:51Z
2026-06-23T17:23:48Z,2026-06-23T19:23:48+0200,c51852f0-2285-49e0-9c34-cd4ce69db778,2026-06-23T12:15:00Z,2026-06-23T14:15:00+0200,58703.82284,MW,DE,DE_LU,actual_load,Actual Load,2026-06-23T17:24:51Z
2026-06-23T17:23:48Z,2026-06-23T19:23:48+0200,c51852f0-2285-49e0-9c34-cd4ce69db778,2026-06-23T12:30:00Z,2026-06-23T14:30:00+0200,58695.22496,MW,DE,DE_LU,actual_load,Actual Load,2026-06-23T17:24:51Z
2026-06-23T17:23:48Z,2026-06-23T19:23:48+0200,c51852f0-2285-49e0-9c34-cd4ce69db778,2026-06-23T12:45:00Z,2026-06-23T14:45:00+0200,58064.60193,MW,DE,DE_LU,actual_load,Actual Load,2026-06-23T17:24:51Z
2026-06-23T17:23:48Z,2026-06-23T19:23:48+0200,c51852f0-2285-49e0-9c34-cd4ce69db778,2026-06-23T13:00:00Z,2026-06-23T15:00:00+0200,58305.029309,MW,DE,DE_LU,actual_load,Actual Load,2026-06-23T17:24:51Z
2026-06-23T17:23:48Z,2026-06-23T19:23:48+0200,c51852f0-2285-49e0-9c34-cd4ce69db778,2026-06-23T13:15:00Z,2026-06-23T15:15:00+0200,57944.26265,MW,DE,DE_LU,actual_load,Actual Load,2026-06-23T17:24:51Z
2026-06-23T17:23:48Z,2026-06-23T19:23:48+0200,c51852f0-2285-49e0-9c34-cd4ce69db778,2026-06-23T13:30:00Z,2026-06-23T15:30:00+0200,57319.471529,MW,DE,DE_LU,actual_load,Actual Load,2026-06-23T17:24:51Z
2026-06-23T17:23:48Z,2026-06-23T19:23:48+0200,c51852f0-2285-49e0-9c34-cd4ce69db778,2026-06-23T13:45:00Z,2026-06-23T15:45:00+0200,57159.54678,MW,DE,DE_LU,actual_load,Actual Load,2026-06-23T17:24:51Z
2026-06-23T17:23:48Z,2026-06-23T19:23:48+0200,c51852f0-2285-49e0-9c34-cd4ce69db778,2026-06-23T14:00:00Z,2026-06-23T16:00:00+0200,57789.63711,MW,DE,DE_LU,actual_load,Actual Load,2026-06-23T17:24:51Z
2026-06-23T17:23:48Z,2026-06-23T19:23:48+0200,c51852f0-2285-49e0-9c34-cd4ce69db778,2026-06-23T14:15:00Z,2026-06-23T16:15:00+0200,57413.34742,MW,DE,DE_LU,actual_load,Actual Load,2026-06-23T17:24:51Z
2026-06-23T17:23:48Z,2026-06-23T19:23:48+0200,c51852f0-2285-49e0-9c34-cd4ce69db778,2026-06-23T14:30:00Z,2026-06-23T16:30:00+0200,56932.76567,MW,DE,DE_LU,actual_load,Actual Load,2026-06-23T17:24:51Z
2026-06-23T17:23:48Z,2026-06-23T19:23:48+0200,c51852f0-2285-49e0-9c34-cd4ce69db778,2026-06-23T14:45:00Z,2026-06-23T16:45:00+0200,57166.16225,MW,DE,DE_LU,actual_load,Actual Load,2026-06-23T17:24:51Z
2026-06-23T17:23:48Z,2026-06-23T19:23:48+0200,c51852f0-2285-49e0-9c34-cd4ce69db778,2026-06-23T15:00:00Z,2026-06-23T17:00:00+0200,58193.32808,MW,DE,DE_LU,actual_load,Actual Load,2026-06-23T17:24:51Z
2026-06-23T17:23:48Z,2026-06-23T19:23:48+0200,c51852f0-2285-49e0-9c34-cd4ce69db778,2026-06-23T15:15:00Z,2026-06-23T17:15:00+0200,58035.58689,MW,DE,DE_LU,actual_load,Actual Load,2026-06-23T17:24:51Z
2026-06-23T17:23:48Z,2026-06-23T19:23:48+0200,c51852f0-2285-49e0-9c34-cd4ce69db778,2026-06-23T15:30:00Z,2026-06-23T17:30:00+0200,58704.09995,MW,DE,DE_LU,actual_load,Actual Load,2026-06-23T17:24:51Z
2026-06-23T17:23:48Z,2026-06-23T19:23:48+0200,c51852f0-2285-49e0-9c34-cd4ce69db778,2026-06-23T15:45:00Z,2026-06-23T17:45:00+0200,59051.19482,MW,DE,DE_LU,actual_load,Actual Load,2026-06-23T17:24:51Z
2026-06-23T17:23:48Z,2026-06-23T19:23:48+0200,c51852f0-2285-49e0-9c34-cd4ce69db778,2026-06-23T16:00:00Z,2026-06-23T18:00:00+0200,59914.05559,MW,DE,DE_LU,actual_load,Actual Load,2026-06-23T17:24:51Z
2026-06-23T17:23:48Z,2026-06-23T19:23:48+0200,c51852f0-2285-49e0-9c34-cd4ce69db778,2026-06-23T16:15:00Z,2026-06-23T18:15:00+0200,59748.90002,MW,DE,DE_LU,actual_load,Actual Load,2026-06-23T17:24:51Z
