collection_time_utc,collection_time_local,run_id,timestamp_utc,timestamp_local,value,unit,country,entsoe_area,variable,source,updated_at_utc
2026-06-11T07:20:53Z,2026-06-11T09:20:53+0200,f3b72819-8f0f-4c0e-a936-e9ce989df431,2026-05-11T08:00:00Z,2026-05-11T10:00:00+0200,61952.84796,MW,DE,DE_LU,actual_load,Actual Load,2026-06-11T07:22:11Z
2026-06-11T07:20:53Z,2026-06-11T09:20:53+0200,f3b72819-8f0f-4c0e-a936-e9ce989df431,2026-05-11T08:15:00Z,2026-05-11T10:15:00+0200,62952.40521,MW,DE,DE_LU,actual_load,Actual Load,2026-06-11T07:22:11Z
2026-06-11T07:20:53Z,2026-06-11T09:20:53+0200,f3b72819-8f0f-4c0e-a936-e9ce989df431,2026-05-11T08:30:00Z,2026-05-11T10:30:00+0200,63227.41847,MW,DE,DE_LU,actual_load,Actual Load,2026-06-11T07:22:11Z
2026-06-11T07:20:53Z,2026-06-11T09:20:53+0200,f3b72819-8f0f-4c0e-a936-e9ce989df431,2026-05-11T08:45:00Z,2026-05-11T10:45:00+0200,62945.37643,MW,DE,DE_LU,actual_load,Actual Load,2026-06-11T07:22:11Z
2026-06-11T07:20:53Z,2026-06-11T09:20:53+0200,f3b72819-8f0f-4c0e-a936-e9ce989df431,2026-05-11T09:00:00Z,2026-05-11T11:00:00+0200,62902.57662,MW,DE,DE_LU,actual_load,Actual Load,2026-06-11T07:22:11Z
2026-06-11T07:20:53Z,2026-06-11T09:20:53+0200,f3b72819-8f0f-4c0e-a936-e9ce989df431,2026-05-11T09:15:00Z,2026-05-11T11:15:00+0200,63250.68025,MW,DE,DE_LU,actual_load,Actual Load,2026-06-11T07:22:11Z
2026-06-11T07:20:53Z,2026-06-11T09:20:53+0200,f3b72819-8f0f-4c0e-a936-e9ce989df431,2026-05-11T09:30:00Z,2026-05-11T11:30:00+0200,63626.69641,MW,DE,DE_LU,actual_load,Actual Load,2026-06-11T07:22:11Z
2026-06-11T07:20:53Z,2026-06-11T09:20:53+0200,f3b72819-8f0f-4c0e-a936-e9ce989df431,2026-05-11T09:45:00Z,2026-05-11T11:45:00+0200,63014.92535,MW,DE,DE_LU,actual_load,Actual Load,2026-06-11T07:22:11Z
2026-06-11T07:20:53Z,2026-06-11T09:20:53+0200,f3b72819-8f0f-4c0e-a936-e9ce989df431,2026-05-11T10:00:00Z,2026-05-11T12:00:00+0200,63383.70019,MW,DE,DE_LU,actual_load,Actual Load,2026-06-11T07:22:11Z
2026-06-11T07:20:53Z,2026-06-11T09:20:53+0200,f3b72819-8f0f-4c0e-a936-e9ce989df431,2026-05-11T10:15:00Z,2026-05-11T12:15:00+0200,63411.99127,MW,DE,DE_LU,actual_load,Actual Load,2026-06-11T07:22:11Z
2026-06-11T07:20:53Z,2026-06-11T09:20:53+0200,f3b72819-8f0f-4c0e-a936-e9ce989df431,2026-05-11T10:30:00Z,2026-05-11T12:30:00+0200,63718.8121,MW,DE,DE_LU,actual_load,Actual Load,2026-06-11T07:22:11Z
2026-06-11T07:20:53Z,2026-06-11T09:20:53+0200,f3b72819-8f0f-4c0e-a936-e9ce989df431,2026-05-11T10:45:00Z,2026-05-11T12:45:00+0200,63126.61281,MW,DE,DE_LU,actual_load,Actual Load,2026-06-11T07:22:11Z
2026-06-11T07:20:53Z,2026-06-11T09:20:53+0200,f3b72819-8f0f-4c0e-a936-e9ce989df431,2026-05-11T11:00:00Z,2026-05-11T13:00:00+0200,62295.87414,MW,DE,DE_LU,actual_load,Actual Load,2026-06-11T07:22:11Z
2026-06-11T07:20:53Z,2026-06-11T09:20:53+0200,f3b72819-8f0f-4c0e-a936-e9ce989df431,2026-05-11T11:15:00Z,2026-05-11T13:15:00+0200,61950.02029,MW,DE,DE_LU,actual_load,Actual Load,2026-06-11T07:22:11Z
2026-06-11T07:20:53Z,2026-06-11T09:20:53+0200,f3b72819-8f0f-4c0e-a936-e9ce989df431,2026-05-11T11:30:00Z,2026-05-11T13:30:00+0200,61530.70083,MW,DE,DE_LU,actual_load,Actual Load,2026-06-11T07:22:11Z
2026-06-11T07:20:53Z,2026-06-11T09:20:53+0200,f3b72819-8f0f-4c0e-a936-e9ce989df431,2026-05-11T11:45:00Z,2026-05-11T13:45:00+0200,60583.52577,MW,DE,DE_LU,actual_load,Actual Load,2026-06-11T07:22:11Z
2026-06-11T07:20:53Z,2026-06-11T09:20:53+0200,f3b72819-8f0f-4c0e-a936-e9ce989df431,2026-05-11T12:00:00Z,2026-05-11T14:00:00+0200,59506.4772,MW,DE,DE_LU,actual_load,Actual Load,2026-06-11T07:22:11Z
2026-06-11T07:20:53Z,2026-06-11T09:20:53+0200,f3b72819-8f0f-4c0e-a936-e9ce989df431,2026-05-11T12:15:00Z,2026-05-11T14:15:00+0200,58407.30109,MW,DE,DE_LU,actual_load,Actual Load,2026-06-11T07:22:11Z
2026-06-11T07:20:53Z,2026-06-11T09:20:53+0200,f3b72819-8f0f-4c0e-a936-e9ce989df431,2026-05-11T12:30:00Z,2026-05-11T14:30:00+0200,58014.14406,MW,DE,DE_LU,actual_load,Actual Load,2026-06-11T07:22:11Z
2026-06-11T07:20:53Z,2026-06-11T09:20:53+0200,f3b72819-8f0f-4c0e-a936-e9ce989df431,2026-05-11T12:45:00Z,2026-05-11T14:45:00+0200,57455.13095,MW,DE,DE_LU,actual_load,Actual Load,2026-06-11T07:22:11Z
2026-06-11T07:20:53Z,2026-06-11T09:20:53+0200,f3b72819-8f0f-4c0e-a936-e9ce989df431,2026-05-11T13:00:00Z,2026-05-11T15:00:00+0200,58879.40587,MW,DE,DE_LU,actual_load,Actual Load,2026-06-11T07:22:11Z
2026-06-11T07:20:53Z,2026-06-11T09:20:53+0200,f3b72819-8f0f-4c0e-a936-e9ce989df431,2026-05-11T13:15:00Z,2026-05-11T15:15:00+0200,59446.66589,MW,DE,DE_LU,actual_load,Actual Load,2026-06-11T07:22:11Z
2026-06-11T07:20:53Z,2026-06-11T09:20:53+0200,f3b72819-8f0f-4c0e-a936-e9ce989df431,2026-05-11T13:30:00Z,2026-05-11T15:30:00+0200,59138.95695,MW,DE,DE_LU,actual_load,Actual Load,2026-06-11T07:22:11Z
2026-06-11T07:20:53Z,2026-06-11T09:20:53+0200,f3b72819-8f0f-4c0e-a936-e9ce989df431,2026-05-11T13:45:00Z,2026-05-11T15:45:00+0200,58912.66781,MW,DE,DE_LU,actual_load,Actual Load,2026-06-11T07:22:11Z
2026-06-11T07:20:53Z,2026-06-11T09:20:53+0200,f3b72819-8f0f-4c0e-a936-e9ce989df431,2026-05-11T14:00:00Z,2026-05-11T16:00:00+0200,58673.03064,MW,DE,DE_LU,actual_load,Actual Load,2026-06-11T07:22:11Z
2026-06-11T07:20:53Z,2026-06-11T09:20:53+0200,f3b72819-8f0f-4c0e-a936-e9ce989df431,2026-05-11T14:15:00Z,2026-05-11T16:15:00+0200,58011.57825,MW,DE,DE_LU,actual_load,Actual Load,2026-06-11T07:22:11Z
2026-06-11T07:20:53Z,2026-06-11T09:20:53+0200,f3b72819-8f0f-4c0e-a936-e9ce989df431,2026-05-11T14:30:00Z,2026-05-11T16:30:00+0200,57832.7822,MW,DE,DE_LU,actual_load,Actual Load,2026-06-11T07:22:11Z
2026-06-11T07:20:53Z,2026-06-11T09:20:53+0200,f3b72819-8f0f-4c0e-a936-e9ce989df431,2026-05-11T14:45:00Z,2026-05-11T16:45:00+0200,57453.42581,MW,DE,DE_LU,actual_load,Actual Load,2026-06-11T07:22:11Z
2026-06-11T07:20:53Z,2026-06-11T09:20:53+0200,f3b72819-8f0f-4c0e-a936-e9ce989df431,2026-05-11T15:00:00Z,2026-05-11T17:00:00+0200,58557.62408,MW,DE,DE_LU,actual_load,Actual Load,2026-06-11T07:22:11Z
2026-06-11T07:20:53Z,2026-06-11T09:20:53+0200,f3b72819-8f0f-4c0e-a936-e9ce989df431,2026-05-11T15:15:00Z,2026-05-11T17:15:00+0200,58618.98157,MW,DE,DE_LU,actual_load,Actual Load,2026-06-11T07:22:11Z
2026-06-11T07:20:53Z,2026-06-11T09:20:53+0200,f3b72819-8f0f-4c0e-a936-e9ce989df431,2026-05-11T15:30:00Z,2026-05-11T17:30:00+0200,58903.2656,MW,DE,DE_LU,actual_load,Actual Load,2026-06-11T07:22:11Z
2026-06-11T07:20:53Z,2026-06-11T09:20:53+0200,f3b72819-8f0f-4c0e-a936-e9ce989df431,2026-05-11T15:45:00Z,2026-05-11T17:45:00+0200,58660.87899,MW,DE,DE_LU,actual_load,Actual Load,2026-06-11T07:22:11Z
2026-06-11T07:20:53Z,2026-06-11T09:20:53+0200,f3b72819-8f0f-4c0e-a936-e9ce989df431,2026-05-11T16:00:00Z,2026-05-11T18:00:00+0200,59077.29898,MW,DE,DE_LU,actual_load,Actual Load,2026-06-11T07:22:11Z
2026-06-11T07:20:53Z,2026-06-11T09:20:53+0200,f3b72819-8f0f-4c0e-a936-e9ce989df431,2026-05-11T16:15:00Z,2026-05-11T18:15:00+0200,59041.7793,MW,DE,DE_LU,actual_load,Actual Load,2026-06-11T07:22:11Z
2026-06-11T07:20:53Z,2026-06-11T09:20:53+0200,f3b72819-8f0f-4c0e-a936-e9ce989df431,2026-05-11T16:30:00Z,2026-05-11T18:30:00+0200,59085.02261,MW,DE,DE_LU,actual_load,Actual Load,2026-06-11T07:22:11Z
2026-06-11T07:20:53Z,2026-06-11T09:20:53+0200,f3b72819-8f0f-4c0e-a936-e9ce989df431,2026-05-11T16:45:00Z,2026-05-11T18:45:00+0200,59254.27703,MW,DE,DE_LU,actual_load,Actual Load,2026-06-11T07:22:11Z
2026-06-11T07:20:53Z,2026-06-11T09:20:53+0200,f3b72819-8f0f-4c0e-a936-e9ce989df431,2026-05-11T17:00:00Z,2026-05-11T19:00:00+0200,59282.82955,MW,DE,DE_LU,actual_load,Actual Load,2026-06-11T07:22:11Z
2026-06-11T07:20:53Z,2026-06-11T09:20:53+0200,f3b72819-8f0f-4c0e-a936-e9ce989df431,2026-05-11T17:15:00Z,2026-05-11T19:15:00+0200,58665.22904,MW,DE,DE_LU,actual_load,Actual Load,2026-06-11T07:22:11Z
2026-06-11T07:20:53Z,2026-06-11T09:20:53+0200,f3b72819-8f0f-4c0e-a936-e9ce989df431,2026-05-11T17:30:00Z,2026-05-11T19:30:00+0200,58617.68785,MW,DE,DE_LU,actual_load,Actual Load,2026-06-11T07:22:11Z
2026-06-11T07:20:53Z,2026-06-11T09:20:53+0200,f3b72819-8f0f-4c0e-a936-e9ce989df431,2026-05-11T17:45:00Z,2026-05-11T19:45:00+0200,58277.79462,MW,DE,DE_LU,actual_load,Actual Load,2026-06-11T07:22:11Z
2026-06-11T07:20:53Z,2026-06-11T09:20:53+0200,f3b72819-8f0f-4c0e-a936-e9ce989df431,2026-05-11T18:00:00Z,2026-05-11T20:00:00+0200,58139.49777,MW,DE,DE_LU,actual_load,Actual Load,2026-06-11T07:22:11Z
2026-06-11T07:20:53Z,2026-06-11T09:20:53+0200,f3b72819-8f0f-4c0e-a936-e9ce989df431,2026-05-11T18:15:00Z,2026-05-11T20:15:00+0200,57362.4458,MW,DE,DE_LU,actual_load,Actual Load,2026-06-11T07:22:11Z
2026-06-11T07:20:53Z,2026-06-11T09:20:53+0200,f3b72819-8f0f-4c0e-a936-e9ce989df431,2026-05-11T18:30:00Z,2026-05-11T20:30:00+0200,56966.08832,MW,DE,DE_LU,actual_load,Actual Load,2026-06-11T07:22:11Z
2026-06-11T07:20:53Z,2026-06-11T09:20:53+0200,f3b72819-8f0f-4c0e-a936-e9ce989df431,2026-05-11T18:45:00Z,2026-05-11T20:45:00+0200,56121.65611,MW,DE,DE_LU,actual_load,Actual Load,2026-06-11T07:22:11Z
2026-06-11T07:20:53Z,2026-06-11T09:20:53+0200,f3b72819-8f0f-4c0e-a936-e9ce989df431,2026-05-11T19:00:00Z,2026-05-11T21:00:00+0200,54980.0485,MW,DE,DE_LU,actual_load,Actual Load,2026-06-11T07:22:11Z
2026-06-11T07:20:53Z,2026-06-11T09:20:53+0200,f3b72819-8f0f-4c0e-a936-e9ce989df431,2026-05-11T19:15:00Z,2026-05-11T21:15:00+0200,54893.02186,MW,DE,DE_LU,actual_load,Actual Load,2026-06-11T07:22:11Z
2026-06-11T07:20:53Z,2026-06-11T09:20:53+0200,f3b72819-8f0f-4c0e-a936-e9ce989df431,2026-05-11T19:30:00Z,2026-05-11T21:30:00+0200,54718.69043,MW,DE,DE_LU,actual_load,Actual Load,2026-06-11T07:22:11Z
2026-06-11T07:20:53Z,2026-06-11T09:20:53+0200,f3b72819-8f0f-4c0e-a936-e9ce989df431,2026-05-11T19:45:00Z,2026-05-11T21:45:00+0200,53948.16963,MW,DE,DE_LU,actual_load,Actual Load,2026-06-11T07:22:11Z
2026-06-11T07:20:53Z,2026-06-11T09:20:53+0200,f3b72819-8f0f-4c0e-a936-e9ce989df431,2026-05-11T20:00:00Z,2026-05-11T22:00:00+0200,52751.42415,MW,DE,DE_LU,actual_load,Actual Load,2026-06-11T07:22:11Z
2026-06-11T07:20:53Z,2026-06-11T09:20:53+0200,f3b72819-8f0f-4c0e-a936-e9ce989df431,2026-05-11T20:15:00Z,2026-05-11T22:15:00+0200,52050.9299,MW,DE,DE_LU,actual_load,Actual Load,2026-06-11T07:22:11Z
2026-06-11T07:20:53Z,2026-06-11T09:20:53+0200,f3b72819-8f0f-4c0e-a936-e9ce989df431,2026-05-11T20:30:00Z,2026-05-11T22:30:00+0200,51185.92717,MW,DE,DE_LU,actual_load,Actual Load,2026-06-11T07:22:11Z
2026-06-11T07:20:53Z,2026-06-11T09:20:53+0200,f3b72819-8f0f-4c0e-a936-e9ce989df431,2026-05-11T20:45:00Z,2026-05-11T22:45:00+0200,50510.8008,MW,DE,DE_LU,actual_load,Actual Load,2026-06-11T07:22:11Z
2026-06-11T07:20:53Z,2026-06-11T09:20:53+0200,f3b72819-8f0f-4c0e-a936-e9ce989df431,2026-05-11T21:00:00Z,2026-05-11T23:00:00+0200,49521.67666,MW,DE,DE_LU,actual_load,Actual Load,2026-06-11T07:22:11Z
2026-06-11T07:20:53Z,2026-06-11T09:20:53+0200,f3b72819-8f0f-4c0e-a936-e9ce989df431,2026-05-11T21:15:00Z,2026-05-11T23:15:00+0200,48371.90741,MW,DE,DE_LU,actual_load,Actual Load,2026-06-11T07:22:11Z
2026-06-11T07:20:53Z,2026-06-11T09:20:53+0200,f3b72819-8f0f-4c0e-a936-e9ce989df431,2026-05-11T21:30:00Z,2026-05-11T23:30:00+0200,48039.17702,MW,DE,DE_LU,actual_load,Actual Load,2026-06-11T07:22:11Z
2026-06-11T07:20:53Z,2026-06-11T09:20:53+0200,f3b72819-8f0f-4c0e-a936-e9ce989df431,2026-05-11T21:45:00Z,2026-05-11T23:45:00+0200,47302.56165,MW,DE,DE_LU,actual_load,Actual Load,2026-06-11T07:22:11Z
2026-06-11T07:20:53Z,2026-06-11T09:20:53+0200,f3b72819-8f0f-4c0e-a936-e9ce989df431,2026-05-11T22:00:00Z,2026-05-12T00:00:00+0200,45989.02832,MW,DE,DE_LU,actual_load,Actual Load,2026-06-11T07:22:11Z
2026-06-11T07:20:53Z,2026-06-11T09:20:53+0200,f3b72819-8f0f-4c0e-a936-e9ce989df431,2026-05-11T22:15:00Z,2026-05-12T00:15:00+0200,44763.32862,MW,DE,DE_LU,actual_load,Actual Load,2026-06-11T07:22:11Z
2026-06-11T07:20:53Z,2026-06-11T09:20:53+0200,f3b72819-8f0f-4c0e-a936-e9ce989df431,2026-05-11T22:30:00Z,2026-05-12T00:30:00+0200,44447.97087,MW,DE,DE_LU,actual_load,Actual Load,2026-06-11T07:22:11Z
2026-06-11T07:20:53Z,2026-06-11T09:20:53+0200,f3b72819-8f0f-4c0e-a936-e9ce989df431,2026-05-11T22:45:00Z,2026-05-12T00:45:00+0200,44150.21264,MW,DE,DE_LU,actual_load,Actual Load,2026-06-11T07:22:11Z
2026-06-11T07:20:53Z,2026-06-11T09:20:53+0200,f3b72819-8f0f-4c0e-a936-e9ce989df431,2026-05-11T23:00:00Z,2026-05-12T01:00:00+0200,43924.72598,MW,DE,DE_LU,actual_load,Actual Load,2026-06-11T07:22:11Z
2026-06-11T07:20:53Z,2026-06-11T09:20:53+0200,f3b72819-8f0f-4c0e-a936-e9ce989df431,2026-05-11T23:15:00Z,2026-05-12T01:15:00+0200,43950.51811,MW,DE,DE_LU,actual_load,Actual Load,2026-06-11T07:22:11Z
2026-06-11T07:20:53Z,2026-06-11T09:20:53+0200,f3b72819-8f0f-4c0e-a936-e9ce989df431,2026-05-11T23:30:00Z,2026-05-12T01:30:00+0200,44149.61929,MW,DE,DE_LU,actual_load,Actual Load,2026-06-11T07:22:11Z
2026-06-11T07:20:53Z,2026-06-11T09:20:53+0200,f3b72819-8f0f-4c0e-a936-e9ce989df431,2026-05-11T23:45:00Z,2026-05-12T01:45:00+0200,43652.71071,MW,DE,DE_LU,actual_load,Actual Load,2026-06-11T07:22:11Z
2026-06-11T07:20:53Z,2026-06-11T09:20:53+0200,f3b72819-8f0f-4c0e-a936-e9ce989df431,2026-05-12T00:00:00Z,2026-05-12T02:00:00+0200,43582.07858,MW,DE,DE_LU,actual_load,Actual Load,2026-06-11T07:22:11Z
2026-06-11T07:20:53Z,2026-06-11T09:20:53+0200,f3b72819-8f0f-4c0e-a936-e9ce989df431,2026-05-12T00:15:00Z,2026-05-12T02:15:00+0200,42775.98651,MW,DE,DE_LU,actual_load,Actual Load,2026-06-11T07:22:11Z
2026-06-11T07:20:53Z,2026-06-11T09:20:53+0200,f3b72819-8f0f-4c0e-a936-e9ce989df431,2026-05-12T00:30:00Z,2026-05-12T02:30:00+0200,42815.20278,MW,DE,DE_LU,actual_load,Actual Load,2026-06-11T07:22:11Z
2026-06-11T07:20:53Z,2026-06-11T09:20:53+0200,f3b72819-8f0f-4c0e-a936-e9ce989df431,2026-05-12T00:45:00Z,2026-05-12T02:45:00+0200,42771.5356,MW,DE,DE_LU,actual_load,Actual Load,2026-06-11T07:22:11Z
2026-06-11T07:20:53Z,2026-06-11T09:20:53+0200,f3b72819-8f0f-4c0e-a936-e9ce989df431,2026-05-12T01:00:00Z,2026-05-12T03:00:00+0200,42652.17621,MW,DE,DE_LU,actual_load,Actual Load,2026-06-11T07:22:11Z
2026-06-11T07:20:53Z,2026-06-11T09:20:53+0200,f3b72819-8f0f-4c0e-a936-e9ce989df431,2026-05-12T01:15:00Z,2026-05-12T03:15:00+0200,43169.6161,MW,DE,DE_LU,actual_load,Actual Load,2026-06-11T07:22:11Z
2026-06-11T07:20:53Z,2026-06-11T09:20:53+0200,f3b72819-8f0f-4c0e-a936-e9ce989df431,2026-05-12T01:30:00Z,2026-05-12T03:30:00+0200,43424.55125,MW,DE,DE_LU,actual_load,Actual Load,2026-06-11T07:22:11Z
2026-06-11T07:20:53Z,2026-06-11T09:20:53+0200,f3b72819-8f0f-4c0e-a936-e9ce989df431,2026-05-12T01:45:00Z,2026-05-12T03:45:00+0200,43519.55179,MW,DE,DE_LU,actual_load,Actual Load,2026-06-11T07:22:11Z
2026-06-11T07:20:53Z,2026-06-11T09:20:53+0200,f3b72819-8f0f-4c0e-a936-e9ce989df431,2026-05-12T02:00:00Z,2026-05-12T04:00:00+0200,44437.15233,MW,DE,DE_LU,actual_load,Actual Load,2026-06-11T07:22:11Z
2026-06-11T07:20:53Z,2026-06-11T09:20:53+0200,f3b72819-8f0f-4c0e-a936-e9ce989df431,2026-05-12T02:15:00Z,2026-05-12T04:15:00+0200,44372.41158,MW,DE,DE_LU,actual_load,Actual Load,2026-06-11T07:22:11Z
2026-06-11T07:20:53Z,2026-06-11T09:20:53+0200,f3b72819-8f0f-4c0e-a936-e9ce989df431,2026-05-12T02:30:00Z,2026-05-12T04:30:00+0200,44907.73192,MW,DE,DE_LU,actual_load,Actual Load,2026-06-11T07:22:11Z
2026-06-11T07:20:53Z,2026-06-11T09:20:53+0200,f3b72819-8f0f-4c0e-a936-e9ce989df431,2026-05-12T02:45:00Z,2026-05-12T04:45:00+0200,45239.13051,MW,DE,DE_LU,actual_load,Actual Load,2026-06-11T07:22:11Z
2026-06-11T07:20:53Z,2026-06-11T09:20:53+0200,f3b72819-8f0f-4c0e-a936-e9ce989df431,2026-05-12T03:00:00Z,2026-05-12T05:00:00+0200,46139.47927,MW,DE,DE_LU,actual_load,Actual Load,2026-06-11T07:22:11Z
2026-06-11T07:20:53Z,2026-06-11T09:20:53+0200,f3b72819-8f0f-4c0e-a936-e9ce989df431,2026-05-12T03:15:00Z,2026-05-12T05:15:00+0200,47041.84499,MW,DE,DE_LU,actual_load,Actual Load,2026-06-11T07:22:11Z
2026-06-11T07:20:53Z,2026-06-11T09:20:53+0200,f3b72819-8f0f-4c0e-a936-e9ce989df431,2026-05-12T03:30:00Z,2026-05-12T05:30:00+0200,47822.04445,MW,DE,DE_LU,actual_load,Actual Load,2026-06-11T07:22:11Z
2026-06-11T07:20:53Z,2026-06-11T09:20:53+0200,f3b72819-8f0f-4c0e-a936-e9ce989df431,2026-05-12T03:45:00Z,2026-05-12T05:45:00+0200,49775.25988,MW,DE,DE_LU,actual_load,Actual Load,2026-06-11T07:22:11Z
2026-06-11T07:20:53Z,2026-06-11T09:20:53+0200,f3b72819-8f0f-4c0e-a936-e9ce989df431,2026-05-12T04:00:00Z,2026-05-12T06:00:00+0200,52062.03814,MW,DE,DE_LU,actual_load,Actual Load,2026-06-11T07:22:11Z
2026-06-11T07:20:53Z,2026-06-11T09:20:53+0200,f3b72819-8f0f-4c0e-a936-e9ce989df431,2026-05-12T04:15:00Z,2026-05-12T06:15:00+0200,53738.38703,MW,DE,DE_LU,actual_load,Actual Load,2026-06-11T07:22:11Z
2026-06-11T07:20:53Z,2026-06-11T09:20:53+0200,f3b72819-8f0f-4c0e-a936-e9ce989df431,2026-05-12T04:30:00Z,2026-05-12T06:30:00+0200,55481.61567,MW,DE,DE_LU,actual_load,Actual Load,2026-06-11T07:22:11Z
2026-06-11T07:20:53Z,2026-06-11T09:20:53+0200,f3b72819-8f0f-4c0e-a936-e9ce989df431,2026-05-12T04:45:00Z,2026-05-12T06:45:00+0200,56642.32417,MW,DE,DE_LU,actual_load,Actual Load,2026-06-11T07:22:11Z
2026-06-11T07:20:53Z,2026-06-11T09:20:53+0200,f3b72819-8f0f-4c0e-a936-e9ce989df431,2026-05-12T05:00:00Z,2026-05-12T07:00:00+0200,57538.49103,MW,DE,DE_LU,actual_load,Actual Load,2026-06-11T07:22:11Z
2026-06-11T07:20:53Z,2026-06-11T09:20:53+0200,f3b72819-8f0f-4c0e-a936-e9ce989df431,2026-05-12T05:15:00Z,2026-05-12T07:15:00+0200,58365.86681,MW,DE,DE_LU,actual_load,Actual Load,2026-06-11T07:22:11Z
2026-06-11T07:20:53Z,2026-06-11T09:20:53+0200,f3b72819-8f0f-4c0e-a936-e9ce989df431,2026-05-12T05:30:00Z,2026-05-12T07:30:00+0200,59526.7135,MW,DE,DE_LU,actual_load,Actual Load,2026-06-11T07:22:11Z
2026-06-11T07:20:53Z,2026-06-11T09:20:53+0200,f3b72819-8f0f-4c0e-a936-e9ce989df431,2026-05-12T05:45:00Z,2026-05-12T07:45:00+0200,59850.77396,MW,DE,DE_LU,actual_load,Actual Load,2026-06-11T07:22:11Z
2026-06-11T07:20:53Z,2026-06-11T09:20:53+0200,f3b72819-8f0f-4c0e-a936-e9ce989df431,2026-05-12T06:00:00Z,2026-05-12T08:00:00+0200,60056.66834,MW,DE,DE_LU,actual_load,Actual Load,2026-06-11T07:22:11Z
2026-06-11T07:20:53Z,2026-06-11T09:20:53+0200,f3b72819-8f0f-4c0e-a936-e9ce989df431,2026-05-12T06:15:00Z,2026-05-12T08:15:00+0200,60782.5083,MW,DE,DE_LU,actual_load,Actual Load,2026-06-11T07:22:11Z
2026-06-11T07:20:53Z,2026-06-11T09:20:53+0200,f3b72819-8f0f-4c0e-a936-e9ce989df431,2026-05-12T06:30:00Z,2026-05-12T08:30:00+0200,61326.90428,MW,DE,DE_LU,actual_load,Actual Load,2026-06-11T07:22:11Z
2026-06-11T07:20:53Z,2026-06-11T09:20:53+0200,f3b72819-8f0f-4c0e-a936-e9ce989df431,2026-05-12T06:45:00Z,2026-05-12T08:45:00+0200,61392.17873,MW,DE,DE_LU,actual_load,Actual Load,2026-06-11T07:22:11Z
2026-06-11T07:20:53Z,2026-06-11T09:20:53+0200,f3b72819-8f0f-4c0e-a936-e9ce989df431,2026-05-12T07:00:00Z,2026-05-12T09:00:00+0200,59818.24639,MW,DE,DE_LU,actual_load,Actual Load,2026-06-11T07:22:11Z
2026-06-11T07:20:53Z,2026-06-11T09:20:53+0200,f3b72819-8f0f-4c0e-a936-e9ce989df431,2026-05-12T07:15:00Z,2026-05-12T09:15:00+0200,59919.2382,MW,DE,DE_LU,actual_load,Actual Load,2026-06-11T07:22:11Z
2026-06-11T07:20:53Z,2026-06-11T09:20:53+0200,f3b72819-8f0f-4c0e-a936-e9ce989df431,2026-05-12T07:30:00Z,2026-05-12T09:30:00+0200,60117.94999,MW,DE,DE_LU,actual_load,Actual Load,2026-06-11T07:22:11Z
2026-06-11T07:20:53Z,2026-06-11T09:20:53+0200,f3b72819-8f0f-4c0e-a936-e9ce989df431,2026-05-12T07:45:00Z,2026-05-12T09:45:00+0200,59918.19951,MW,DE,DE_LU,actual_load,Actual Load,2026-06-11T07:22:11Z
2026-06-11T07:20:53Z,2026-06-11T09:20:53+0200,f3b72819-8f0f-4c0e-a936-e9ce989df431,2026-05-12T08:00:00Z,2026-05-12T10:00:00+0200,59955.47529,MW,DE,DE_LU,actual_load,Actual Load,2026-06-11T07:22:11Z
2026-06-11T07:20:53Z,2026-06-11T09:20:53+0200,f3b72819-8f0f-4c0e-a936-e9ce989df431,2026-05-12T08:15:00Z,2026-05-12T10:15:00+0200,59882.61744,MW,DE,DE_LU,actual_load,Actual Load,2026-06-11T07:22:11Z
2026-06-11T07:20:53Z,2026-06-11T09:20:53+0200,f3b72819-8f0f-4c0e-a936-e9ce989df431,2026-05-12T08:30:00Z,2026-05-12T10:30:00+0200,59408.86921,MW,DE,DE_LU,actual_load,Actual Load,2026-06-11T07:22:11Z
2026-06-11T07:20:53Z,2026-06-11T09:20:53+0200,f3b72819-8f0f-4c0e-a936-e9ce989df431,2026-05-12T08:45:00Z,2026-05-12T10:45:00+0200,59587.43303,MW,DE,DE_LU,actual_load,Actual Load,2026-06-11T07:22:11Z
2026-06-11T07:20:53Z,2026-06-11T09:20:53+0200,f3b72819-8f0f-4c0e-a936-e9ce989df431,2026-05-12T09:00:00Z,2026-05-12T11:00:00+0200,59670.17465,MW,DE,DE_LU,actual_load,Actual Load,2026-06-11T07:22:11Z
2026-06-11T07:20:53Z,2026-06-11T09:20:53+0200,f3b72819-8f0f-4c0e-a936-e9ce989df431,2026-05-12T09:15:00Z,2026-05-12T11:15:00+0200,60120.922,MW,DE,DE_LU,actual_load,Actual Load,2026-06-11T07:22:11Z
2026-06-11T07:20:53Z,2026-06-11T09:20:53+0200,f3b72819-8f0f-4c0e-a936-e9ce989df431,2026-05-12T09:30:00Z,2026-05-12T11:30:00+0200,59737.29361,MW,DE,DE_LU,actual_load,Actual Load,2026-06-11T07:22:11Z
2026-06-11T07:20:53Z,2026-06-11T09:20:53+0200,f3b72819-8f0f-4c0e-a936-e9ce989df431,2026-05-12T09:45:00Z,2026-05-12T11:45:00+0200,59592.7027,MW,DE,DE_LU,actual_load,Actual Load,2026-06-11T07:22:11Z
2026-06-11T07:20:53Z,2026-06-11T09:20:53+0200,f3b72819-8f0f-4c0e-a936-e9ce989df431,2026-05-12T10:00:00Z,2026-05-12T12:00:00+0200,59462.97112,MW,DE,DE_LU,actual_load,Actual Load,2026-06-11T07:22:11Z
2026-06-11T07:20:53Z,2026-06-11T09:20:53+0200,f3b72819-8f0f-4c0e-a936-e9ce989df431,2026-05-12T10:15:00Z,2026-05-12T12:15:00+0200,59873.04891,MW,DE,DE_LU,actual_load,Actual Load,2026-06-11T07:22:11Z
2026-06-11T07:20:53Z,2026-06-11T09:20:53+0200,f3b72819-8f0f-4c0e-a936-e9ce989df431,2026-05-12T10:30:00Z,2026-05-12T12:30:00+0200,59220.43851,MW,DE,DE_LU,actual_load,Actual Load,2026-06-11T07:22:11Z
2026-06-11T07:20:53Z,2026-06-11T09:20:53+0200,f3b72819-8f0f-4c0e-a936-e9ce989df431,2026-05-12T10:45:00Z,2026-05-12T12:45:00+0200,59924.54779,MW,DE,DE_LU,actual_load,Actual Load,2026-06-11T07:22:11Z
2026-06-11T07:20:53Z,2026-06-11T09:20:53+0200,f3b72819-8f0f-4c0e-a936-e9ce989df431,2026-05-12T11:00:00Z,2026-05-12T13:00:00+0200,59537.74593,MW,DE,DE_LU,actual_load,Actual Load,2026-06-11T07:22:11Z
2026-06-11T07:20:53Z,2026-06-11T09:20:53+0200,f3b72819-8f0f-4c0e-a936-e9ce989df431,2026-05-12T11:15:00Z,2026-05-12T13:15:00+0200,58777.25225,MW,DE,DE_LU,actual_load,Actual Load,2026-06-11T07:22:11Z
2026-06-11T07:20:53Z,2026-06-11T09:20:53+0200,f3b72819-8f0f-4c0e-a936-e9ce989df431,2026-05-12T11:30:00Z,2026-05-12T13:30:00+0200,58473.31341,MW,DE,DE_LU,actual_load,Actual Load,2026-06-11T07:22:11Z
2026-06-11T07:20:53Z,2026-06-11T09:20:53+0200,f3b72819-8f0f-4c0e-a936-e9ce989df431,2026-05-12T11:45:00Z,2026-05-12T13:45:00+0200,57833.21019,MW,DE,DE_LU,actual_load,Actual Load,2026-06-11T07:22:11Z
2026-06-11T07:20:53Z,2026-06-11T09:20:53+0200,f3b72819-8f0f-4c0e-a936-e9ce989df431,2026-05-12T12:00:00Z,2026-05-12T14:00:00+0200,56486.10911,MW,DE,DE_LU,actual_load,Actual Load,2026-06-11T07:22:11Z
2026-06-11T07:20:53Z,2026-06-11T09:20:53+0200,f3b72819-8f0f-4c0e-a936-e9ce989df431,2026-05-12T12:15:00Z,2026-05-12T14:15:00+0200,56570.2334,MW,DE,DE_LU,actual_load,Actual Load,2026-06-11T07:22:11Z
2026-06-11T07:20:53Z,2026-06-11T09:20:53+0200,f3b72819-8f0f-4c0e-a936-e9ce989df431,2026-05-12T12:30:00Z,2026-05-12T14:30:00+0200,56408.23882,MW,DE,DE_LU,actual_load,Actual Load,2026-06-11T07:22:11Z
2026-06-11T07:20:53Z,2026-06-11T09:20:53+0200,f3b72819-8f0f-4c0e-a936-e9ce989df431,2026-05-12T12:45:00Z,2026-05-12T14:45:00+0200,56231.89887,MW,DE,DE_LU,actual_load,Actual Load,2026-06-11T07:22:11Z
2026-06-11T07:20:53Z,2026-06-11T09:20:53+0200,f3b72819-8f0f-4c0e-a936-e9ce989df431,2026-05-12T13:00:00Z,2026-05-12T15:00:00+0200,55629.96107,MW,DE,DE_LU,actual_load,Actual Load,2026-06-11T07:22:11Z
2026-06-11T07:20:53Z,2026-06-11T09:20:53+0200,f3b72819-8f0f-4c0e-a936-e9ce989df431,2026-05-12T13:15:00Z,2026-05-12T15:15:00+0200,55023.7298,MW,DE,DE_LU,actual_load,Actual Load,2026-06-11T07:22:11Z
2026-06-11T07:20:53Z,2026-06-11T09:20:53+0200,f3b72819-8f0f-4c0e-a936-e9ce989df431,2026-05-12T13:30:00Z,2026-05-12T15:30:00+0200,54477.51003,MW,DE,DE_LU,actual_load,Actual Load,2026-06-11T07:22:11Z
2026-06-11T07:20:53Z,2026-06-11T09:20:53+0200,f3b72819-8f0f-4c0e-a936-e9ce989df431,2026-05-12T13:45:00Z,2026-05-12T15:45:00+0200,54254.95891,MW,DE,DE_LU,actual_load,Actual Load,2026-06-11T07:22:11Z
2026-06-11T07:20:53Z,2026-06-11T09:20:53+0200,f3b72819-8f0f-4c0e-a936-e9ce989df431,2026-05-12T14:00:00Z,2026-05-12T16:00:00+0200,54496.60138,MW,DE,DE_LU,actual_load,Actual Load,2026-06-11T07:22:11Z
2026-06-11T07:20:53Z,2026-06-11T09:20:53+0200,f3b72819-8f0f-4c0e-a936-e9ce989df431,2026-05-12T14:15:00Z,2026-05-12T16:15:00+0200,53844.83869,MW,DE,DE_LU,actual_load,Actual Load,2026-06-11T07:22:11Z
2026-06-11T07:20:53Z,2026-06-11T09:20:53+0200,f3b72819-8f0f-4c0e-a936-e9ce989df431,2026-05-12T14:30:00Z,2026-05-12T16:30:00+0200,54050.76478,MW,DE,DE_LU,actual_load,Actual Load,2026-06-11T07:22:11Z
2026-06-11T07:20:53Z,2026-06-11T09:20:53+0200,f3b72819-8f0f-4c0e-a936-e9ce989df431,2026-05-12T14:45:00Z,2026-05-12T16:45:00+0200,53903.05548,MW,DE,DE_LU,actual_load,Actual Load,2026-06-11T07:22:11Z
2026-06-11T07:20:53Z,2026-06-11T09:20:53+0200,f3b72819-8f0f-4c0e-a936-e9ce989df431,2026-05-12T15:00:00Z,2026-05-12T17:00:00+0200,55118.36039,MW,DE,DE_LU,actual_load,Actual Load,2026-06-11T07:22:11Z
2026-06-11T07:20:53Z,2026-06-11T09:20:53+0200,f3b72819-8f0f-4c0e-a936-e9ce989df431,2026-05-12T15:15:00Z,2026-05-12T17:15:00+0200,54720.61301,MW,DE,DE_LU,actual_load,Actual Load,2026-06-11T07:22:11Z
2026-06-11T07:20:53Z,2026-06-11T09:20:53+0200,f3b72819-8f0f-4c0e-a936-e9ce989df431,2026-05-12T15:30:00Z,2026-05-12T17:30:00+0200,54608.44251,MW,DE,DE_LU,actual_load,Actual Load,2026-06-11T07:22:11Z
2026-06-11T07:20:53Z,2026-06-11T09:20:53+0200,f3b72819-8f0f-4c0e-a936-e9ce989df431,2026-05-12T15:45:00Z,2026-05-12T17:45:00+0200,55942.51927,MW,DE,DE_LU,actual_load,Actual Load,2026-06-11T07:22:11Z
2026-06-11T07:20:53Z,2026-06-11T09:20:53+0200,f3b72819-8f0f-4c0e-a936-e9ce989df431,2026-05-12T16:00:00Z,2026-05-12T18:00:00+0200,56588.98962,MW,DE,DE_LU,actual_load,Actual Load,2026-06-11T07:22:11Z
2026-06-11T07:20:53Z,2026-06-11T09:20:53+0200,f3b72819-8f0f-4c0e-a936-e9ce989df431,2026-05-12T16:15:00Z,2026-05-12T18:15:00+0200,56655.14589,MW,DE,DE_LU,actual_load,Actual Load,2026-06-11T07:22:11Z
2026-06-11T07:20:53Z,2026-06-11T09:20:53+0200,f3b72819-8f0f-4c0e-a936-e9ce989df431,2026-05-12T16:30:00Z,2026-05-12T18:30:00+0200,57062.44749,MW,DE,DE_LU,actual_load,Actual Load,2026-06-11T07:22:11Z
2026-06-11T07:20:53Z,2026-06-11T09:20:53+0200,f3b72819-8f0f-4c0e-a936-e9ce989df431,2026-05-12T16:45:00Z,2026-05-12T18:45:00+0200,57201.07932,MW,DE,DE_LU,actual_load,Actual Load,2026-06-11T07:22:11Z
2026-06-11T07:20:53Z,2026-06-11T09:20:53+0200,f3b72819-8f0f-4c0e-a936-e9ce989df431,2026-05-12T17:00:00Z,2026-05-12T19:00:00+0200,57146.16944,MW,DE,DE_LU,actual_load,Actual Load,2026-06-11T07:22:11Z
2026-06-11T07:20:53Z,2026-06-11T09:20:53+0200,f3b72819-8f0f-4c0e-a936-e9ce989df431,2026-05-12T17:15:00Z,2026-05-12T19:15:00+0200,57331.53476,MW,DE,DE_LU,actual_load,Actual Load,2026-06-11T07:22:11Z
2026-06-11T07:20:53Z,2026-06-11T09:20:53+0200,f3b72819-8f0f-4c0e-a936-e9ce989df431,2026-05-12T17:30:00Z,2026-05-12T19:30:00+0200,56936.31887,MW,DE,DE_LU,actual_load,Actual Load,2026-06-11T07:22:11Z
2026-06-11T07:20:53Z,2026-06-11T09:20:53+0200,f3b72819-8f0f-4c0e-a936-e9ce989df431,2026-05-12T17:45:00Z,2026-05-12T19:45:00+0200,57203.5628,MW,DE,DE_LU,actual_load,Actual Load,2026-06-11T07:22:11Z
2026-06-11T07:20:53Z,2026-06-11T09:20:53+0200,f3b72819-8f0f-4c0e-a936-e9ce989df431,2026-05-12T18:00:00Z,2026-05-12T20:00:00+0200,56870.72228,MW,DE,DE_LU,actual_load,Actual Load,2026-06-11T07:22:11Z
2026-06-11T07:20:53Z,2026-06-11T09:20:53+0200,f3b72819-8f0f-4c0e-a936-e9ce989df431,2026-05-12T18:15:00Z,2026-05-12T20:15:00+0200,56677.39243,MW,DE,DE_LU,actual_load,Actual Load,2026-06-11T07:22:11Z
2026-06-11T07:20:53Z,2026-06-11T09:20:53+0200,f3b72819-8f0f-4c0e-a936-e9ce989df431,2026-05-12T18:30:00Z,2026-05-12T20:30:00+0200,55920.83326,MW,DE,DE_LU,actual_load,Actual Load,2026-06-11T07:22:11Z
2026-06-11T07:20:53Z,2026-06-11T09:20:53+0200,f3b72819-8f0f-4c0e-a936-e9ce989df431,2026-05-12T18:45:00Z,2026-05-12T20:45:00+0200,55559.78638,MW,DE,DE_LU,actual_load,Actual Load,2026-06-11T07:22:11Z
2026-06-11T07:20:53Z,2026-06-11T09:20:53+0200,f3b72819-8f0f-4c0e-a936-e9ce989df431,2026-05-12T19:00:00Z,2026-05-12T21:00:00+0200,55024.25237,MW,DE,DE_LU,actual_load,Actual Load,2026-06-11T07:22:11Z
2026-06-11T07:20:53Z,2026-06-11T09:20:53+0200,f3b72819-8f0f-4c0e-a936-e9ce989df431,2026-05-12T19:15:00Z,2026-05-12T21:15:00+0200,54571.64785,MW,DE,DE_LU,actual_load,Actual Load,2026-06-11T07:22:11Z
2026-06-11T07:20:53Z,2026-06-11T09:20:53+0200,f3b72819-8f0f-4c0e-a936-e9ce989df431,2026-05-12T19:30:00Z,2026-05-12T21:30:00+0200,53360.78934,MW,DE,DE_LU,actual_load,Actual Load,2026-06-11T07:22:11Z
2026-06-11T07:20:53Z,2026-06-11T09:20:53+0200,f3b72819-8f0f-4c0e-a936-e9ce989df431,2026-05-12T19:45:00Z,2026-05-12T21:45:00+0200,52947.48743,MW,DE,DE_LU,actual_load,Actual Load,2026-06-11T07:22:11Z
2026-06-11T07:20:53Z,2026-06-11T09:20:53+0200,f3b72819-8f0f-4c0e-a936-e9ce989df431,2026-05-12T20:00:00Z,2026-05-12T22:00:00+0200,52080.65232,MW,DE,DE_LU,actual_load,Actual Load,2026-06-11T07:22:11Z
2026-06-11T07:20:53Z,2026-06-11T09:20:53+0200,f3b72819-8f0f-4c0e-a936-e9ce989df431,2026-05-12T20:15:00Z,2026-05-12T22:15:00+0200,51298.39557,MW,DE,DE_LU,actual_load,Actual Load,2026-06-11T07:22:11Z
2026-06-11T07:20:53Z,2026-06-11T09:20:53+0200,f3b72819-8f0f-4c0e-a936-e9ce989df431,2026-05-12T20:30:00Z,2026-05-12T22:30:00+0200,50305.92364,MW,DE,DE_LU,actual_load,Actual Load,2026-06-11T07:22:11Z
2026-06-11T07:20:53Z,2026-06-11T09:20:53+0200,f3b72819-8f0f-4c0e-a936-e9ce989df431,2026-05-12T20:45:00Z,2026-05-12T22:45:00+0200,49524.36303,MW,DE,DE_LU,actual_load,Actual Load,2026-06-11T07:22:11Z
2026-06-11T07:20:53Z,2026-06-11T09:20:53+0200,f3b72819-8f0f-4c0e-a936-e9ce989df431,2026-05-12T21:00:00Z,2026-05-12T23:00:00+0200,48525.11765,MW,DE,DE_LU,actual_load,Actual Load,2026-06-11T07:22:11Z
2026-06-11T07:20:53Z,2026-06-11T09:20:53+0200,f3b72819-8f0f-4c0e-a936-e9ce989df431,2026-05-12T21:15:00Z,2026-05-12T23:15:00+0200,47471.46781,MW,DE,DE_LU,actual_load,Actual Load,2026-06-11T07:22:11Z
2026-06-11T07:20:53Z,2026-06-11T09:20:53+0200,f3b72819-8f0f-4c0e-a936-e9ce989df431,2026-05-12T21:30:00Z,2026-05-12T23:30:00+0200,46468.73768,MW,DE,DE_LU,actual_load,Actual Load,2026-06-11T07:22:11Z
2026-06-11T07:20:53Z,2026-06-11T09:20:53+0200,f3b72819-8f0f-4c0e-a936-e9ce989df431,2026-05-12T21:45:00Z,2026-05-12T23:45:00+0200,45991.10324,MW,DE,DE_LU,actual_load,Actual Load,2026-06-11T07:22:11Z
2026-06-11T07:20:53Z,2026-06-11T09:20:53+0200,f3b72819-8f0f-4c0e-a936-e9ce989df431,2026-05-12T22:00:00Z,2026-05-13T00:00:00+0200,45474.11662,MW,DE,DE_LU,actual_load,Actual Load,2026-06-11T07:22:11Z
2026-06-11T07:20:53Z,2026-06-11T09:20:53+0200,f3b72819-8f0f-4c0e-a936-e9ce989df431,2026-05-12T22:15:00Z,2026-05-13T00:15:00+0200,45106.81049,MW,DE,DE_LU,actual_load,Actual Load,2026-06-11T07:22:11Z
2026-06-11T07:20:53Z,2026-06-11T09:20:53+0200,f3b72819-8f0f-4c0e-a936-e9ce989df431,2026-05-12T22:30:00Z,2026-05-13T00:30:00+0200,45355.67333,MW,DE,DE_LU,actual_load,Actual Load,2026-06-11T07:22:11Z
2026-06-11T07:20:53Z,2026-06-11T09:20:53+0200,f3b72819-8f0f-4c0e-a936-e9ce989df431,2026-05-12T22:45:00Z,2026-05-13T00:45:00+0200,44579.37856,MW,DE,DE_LU,actual_load,Actual Load,2026-06-11T07:22:11Z
2026-06-11T07:20:53Z,2026-06-11T09:20:53+0200,f3b72819-8f0f-4c0e-a936-e9ce989df431,2026-05-12T23:00:00Z,2026-05-13T01:00:00+0200,44141.60592,MW,DE,DE_LU,actual_load,Actual Load,2026-06-11T07:22:11Z
2026-06-11T07:20:53Z,2026-06-11T09:20:53+0200,f3b72819-8f0f-4c0e-a936-e9ce989df431,2026-05-12T23:15:00Z,2026-05-13T01:15:00+0200,43874.28619,MW,DE,DE_LU,actual_load,Actual Load,2026-06-11T07:22:11Z
2026-06-11T07:20:53Z,2026-06-11T09:20:53+0200,f3b72819-8f0f-4c0e-a936-e9ce989df431,2026-05-12T23:30:00Z,2026-05-13T01:30:00+0200,43986.09263,MW,DE,DE_LU,actual_load,Actual Load,2026-06-11T07:22:11Z
2026-06-11T07:20:53Z,2026-06-11T09:20:53+0200,f3b72819-8f0f-4c0e-a936-e9ce989df431,2026-05-12T23:45:00Z,2026-05-13T01:45:00+0200,43850.51921,MW,DE,DE_LU,actual_load,Actual Load,2026-06-11T07:22:11Z
2026-06-11T07:20:53Z,2026-06-11T09:20:53+0200,f3b72819-8f0f-4c0e-a936-e9ce989df431,2026-05-13T00:00:00Z,2026-05-13T02:00:00+0200,43436.09425,MW,DE,DE_LU,actual_load,Actual Load,2026-06-11T07:22:11Z
2026-06-11T07:20:53Z,2026-06-11T09:20:53+0200,f3b72819-8f0f-4c0e-a936-e9ce989df431,2026-05-13T00:15:00Z,2026-05-13T02:15:00+0200,43313.05294,MW,DE,DE_LU,actual_load,Actual Load,2026-06-11T07:22:11Z
2026-06-11T07:20:53Z,2026-06-11T09:20:53+0200,f3b72819-8f0f-4c0e-a936-e9ce989df431,2026-05-13T00:30:00Z,2026-05-13T02:30:00+0200,43114.57166,MW,DE,DE_LU,actual_load,Actual Load,2026-06-11T07:22:11Z
2026-06-11T07:20:53Z,2026-06-11T09:20:53+0200,f3b72819-8f0f-4c0e-a936-e9ce989df431,2026-05-13T00:45:00Z,2026-05-13T02:45:00+0200,43094.98485,MW,DE,DE_LU,actual_load,Actual Load,2026-06-11T07:22:11Z
2026-06-11T07:20:53Z,2026-06-11T09:20:53+0200,f3b72819-8f0f-4c0e-a936-e9ce989df431,2026-05-13T01:00:00Z,2026-05-13T03:00:00+0200,42803.82391,MW,DE,DE_LU,actual_load,Actual Load,2026-06-11T07:22:11Z
2026-06-11T07:20:53Z,2026-06-11T09:20:53+0200,f3b72819-8f0f-4c0e-a936-e9ce989df431,2026-05-13T01:15:00Z,2026-05-13T03:15:00+0200,42689.89942,MW,DE,DE_LU,actual_load,Actual Load,2026-06-11T07:22:11Z
2026-06-11T07:20:53Z,2026-06-11T09:20:53+0200,f3b72819-8f0f-4c0e-a936-e9ce989df431,2026-05-13T01:30:00Z,2026-05-13T03:30:00+0200,42812.43519,MW,DE,DE_LU,actual_load,Actual Load,2026-06-11T07:22:11Z
2026-06-11T07:20:53Z,2026-06-11T09:20:53+0200,f3b72819-8f0f-4c0e-a936-e9ce989df431,2026-05-13T01:45:00Z,2026-05-13T03:45:00+0200,42589.48515,MW,DE,DE_LU,actual_load,Actual Load,2026-06-11T07:22:11Z
2026-06-11T07:20:53Z,2026-06-11T09:20:53+0200,f3b72819-8f0f-4c0e-a936-e9ce989df431,2026-05-13T02:00:00Z,2026-05-13T04:00:00+0200,43094.02224,MW,DE,DE_LU,actual_load,Actual Load,2026-06-11T07:22:11Z
2026-06-11T07:20:53Z,2026-06-11T09:20:53+0200,f3b72819-8f0f-4c0e-a936-e9ce989df431,2026-05-13T02:15:00Z,2026-05-13T04:15:00+0200,43590.21409,MW,DE,DE_LU,actual_load,Actual Load,2026-06-11T07:22:11Z
2026-06-11T07:20:53Z,2026-06-11T09:20:53+0200,f3b72819-8f0f-4c0e-a936-e9ce989df431,2026-05-13T02:30:00Z,2026-05-13T04:30:00+0200,44236.16432,MW,DE,DE_LU,actual_load,Actual Load,2026-06-11T07:22:11Z
2026-06-11T07:20:53Z,2026-06-11T09:20:53+0200,f3b72819-8f0f-4c0e-a936-e9ce989df431,2026-05-13T02:45:00Z,2026-05-13T04:45:00+0200,44538.72342,MW,DE,DE_LU,actual_load,Actual Load,2026-06-11T07:22:11Z
2026-06-11T07:20:53Z,2026-06-11T09:20:53+0200,f3b72819-8f0f-4c0e-a936-e9ce989df431,2026-05-13T03:00:00Z,2026-05-13T05:00:00+0200,45997.62005,MW,DE,DE_LU,actual_load,Actual Load,2026-06-11T07:22:11Z
2026-06-11T07:20:53Z,2026-06-11T09:20:53+0200,f3b72819-8f0f-4c0e-a936-e9ce989df431,2026-05-13T03:15:00Z,2026-05-13T05:15:00+0200,47095.06829,MW,DE,DE_LU,actual_load,Actual Load,2026-06-11T07:22:11Z
2026-06-11T07:20:53Z,2026-06-11T09:20:53+0200,f3b72819-8f0f-4c0e-a936-e9ce989df431,2026-05-13T03:30:00Z,2026-05-13T05:30:00+0200,47793.20335,MW,DE,DE_LU,actual_load,Actual Load,2026-06-11T07:22:11Z
2026-06-11T07:20:53Z,2026-06-11T09:20:53+0200,f3b72819-8f0f-4c0e-a936-e9ce989df431,2026-05-13T03:45:00Z,2026-05-13T05:45:00+0200,49406.80872,MW,DE,DE_LU,actual_load,Actual Load,2026-06-11T07:22:11Z
2026-06-11T07:20:53Z,2026-06-11T09:20:53+0200,f3b72819-8f0f-4c0e-a936-e9ce989df431,2026-05-13T04:00:00Z,2026-05-13T06:00:00+0200,51765.9808,MW,DE,DE_LU,actual_load,Actual Load,2026-06-11T07:22:11Z
2026-06-11T07:20:53Z,2026-06-11T09:20:53+0200,f3b72819-8f0f-4c0e-a936-e9ce989df431,2026-05-13T04:15:00Z,2026-05-13T06:15:00+0200,53446.63058,MW,DE,DE_LU,actual_load,Actual Load,2026-06-11T07:22:11Z
2026-06-11T07:20:53Z,2026-06-11T09:20:53+0200,f3b72819-8f0f-4c0e-a936-e9ce989df431,2026-05-13T04:30:00Z,2026-05-13T06:30:00+0200,54702.18524,MW,DE,DE_LU,actual_load,Actual Load,2026-06-11T07:22:11Z
2026-06-11T07:20:53Z,2026-06-11T09:20:53+0200,f3b72819-8f0f-4c0e-a936-e9ce989df431,2026-05-13T04:45:00Z,2026-05-13T06:45:00+0200,55892.66042,MW,DE,DE_LU,actual_load,Actual Load,2026-06-11T07:22:11Z
2026-06-11T07:20:53Z,2026-06-11T09:20:53+0200,f3b72819-8f0f-4c0e-a936-e9ce989df431,2026-05-13T05:00:00Z,2026-05-13T07:00:00+0200,56893.28948,MW,DE,DE_LU,actual_load,Actual Load,2026-06-11T07:22:11Z
2026-06-11T07:20:53Z,2026-06-11T09:20:53+0200,f3b72819-8f0f-4c0e-a936-e9ce989df431,2026-05-13T05:15:00Z,2026-05-13T07:15:00+0200,57738.90192,MW,DE,DE_LU,actual_load,Actual Load,2026-06-11T07:22:11Z
2026-06-11T07:20:53Z,2026-06-11T09:20:53+0200,f3b72819-8f0f-4c0e-a936-e9ce989df431,2026-05-13T05:30:00Z,2026-05-13T07:30:00+0200,58623.34553,MW,DE,DE_LU,actual_load,Actual Load,2026-06-11T07:22:11Z
2026-06-11T07:20:53Z,2026-06-11T09:20:53+0200,f3b72819-8f0f-4c0e-a936-e9ce989df431,2026-05-13T05:45:00Z,2026-05-13T07:45:00+0200,58959.50267,MW,DE,DE_LU,actual_load,Actual Load,2026-06-11T07:22:11Z
2026-06-11T07:20:53Z,2026-06-11T09:20:53+0200,f3b72819-8f0f-4c0e-a936-e9ce989df431,2026-05-13T06:00:00Z,2026-05-13T08:00:00+0200,59464.46767,MW,DE,DE_LU,actual_load,Actual Load,2026-06-11T07:22:11Z
2026-06-11T07:20:53Z,2026-06-11T09:20:53+0200,f3b72819-8f0f-4c0e-a936-e9ce989df431,2026-05-13T06:15:00Z,2026-05-13T08:15:00+0200,60138.02937,MW,DE,DE_LU,actual_load,Actual Load,2026-06-11T07:22:11Z
2026-06-11T07:20:53Z,2026-06-11T09:20:53+0200,f3b72819-8f0f-4c0e-a936-e9ce989df431,2026-05-13T06:30:00Z,2026-05-13T08:30:00+0200,60063.61948,MW,DE,DE_LU,actual_load,Actual Load,2026-06-11T07:22:11Z
2026-06-11T07:20:53Z,2026-06-11T09:20:53+0200,f3b72819-8f0f-4c0e-a936-e9ce989df431,2026-05-13T06:45:00Z,2026-05-13T08:45:00+0200,59739.72416,MW,DE,DE_LU,actual_load,Actual Load,2026-06-11T07:22:11Z
2026-06-11T07:20:53Z,2026-06-11T09:20:53+0200,f3b72819-8f0f-4c0e-a936-e9ce989df431,2026-05-13T07:00:00Z,2026-05-13T09:00:00+0200,59321.09337,MW,DE,DE_LU,actual_load,Actual Load,2026-06-11T07:22:11Z
2026-06-11T07:20:53Z,2026-06-11T09:20:53+0200,f3b72819-8f0f-4c0e-a936-e9ce989df431,2026-05-13T07:15:00Z,2026-05-13T09:15:00+0200,59590.67009,MW,DE,DE_LU,actual_load,Actual Load,2026-06-11T07:22:11Z
2026-06-11T07:20:53Z,2026-06-11T09:20:53+0200,f3b72819-8f0f-4c0e-a936-e9ce989df431,2026-05-13T07:30:00Z,2026-05-13T09:30:00+0200,59989.1594,MW,DE,DE_LU,actual_load,Actual Load,2026-06-11T07:22:11Z
2026-06-11T07:20:53Z,2026-06-11T09:20:53+0200,f3b72819-8f0f-4c0e-a936-e9ce989df431,2026-05-13T07:45:00Z,2026-05-13T09:45:00+0200,59521.40589,MW,DE,DE_LU,actual_load,Actual Load,2026-06-11T07:22:11Z
2026-06-11T07:20:53Z,2026-06-11T09:20:53+0200,f3b72819-8f0f-4c0e-a936-e9ce989df431,2026-05-13T08:00:00Z,2026-05-13T10:00:00+0200,58662.10189,MW,DE,DE_LU,actual_load,Actual Load,2026-06-11T07:22:11Z
2026-06-11T07:20:53Z,2026-06-11T09:20:53+0200,f3b72819-8f0f-4c0e-a936-e9ce989df431,2026-05-13T08:15:00Z,2026-05-13T10:15:00+0200,58554.38099,MW,DE,DE_LU,actual_load,Actual Load,2026-06-11T07:22:11Z
2026-06-11T07:20:53Z,2026-06-11T09:20:53+0200,f3b72819-8f0f-4c0e-a936-e9ce989df431,2026-05-13T08:30:00Z,2026-05-13T10:30:00+0200,58148.52008,MW,DE,DE_LU,actual_load,Actual Load,2026-06-11T07:22:11Z
2026-06-11T07:20:53Z,2026-06-11T09:20:53+0200,f3b72819-8f0f-4c0e-a936-e9ce989df431,2026-05-13T08:45:00Z,2026-05-13T10:45:00+0200,58926.52566,MW,DE,DE_LU,actual_load,Actual Load,2026-06-11T07:22:11Z
2026-06-11T07:20:53Z,2026-06-11T09:20:53+0200,f3b72819-8f0f-4c0e-a936-e9ce989df431,2026-05-13T09:00:00Z,2026-05-13T11:00:00+0200,59620.17479,MW,DE,DE_LU,actual_load,Actual Load,2026-06-11T07:22:11Z
2026-06-11T07:20:53Z,2026-06-11T09:20:53+0200,f3b72819-8f0f-4c0e-a936-e9ce989df431,2026-05-13T09:15:00Z,2026-05-13T11:15:00+0200,59134.37286,MW,DE,DE_LU,actual_load,Actual Load,2026-06-11T07:22:11Z
2026-06-11T07:20:53Z,2026-06-11T09:20:53+0200,f3b72819-8f0f-4c0e-a936-e9ce989df431,2026-05-13T09:30:00Z,2026-05-13T11:30:00+0200,59159.07965,MW,DE,DE_LU,actual_load,Actual Load,2026-06-11T07:22:11Z
2026-06-11T07:20:53Z,2026-06-11T09:20:53+0200,f3b72819-8f0f-4c0e-a936-e9ce989df431,2026-05-13T09:45:00Z,2026-05-13T11:45:00+0200,59178.43882,MW,DE,DE_LU,actual_load,Actual Load,2026-06-11T07:22:11Z
2026-06-11T07:20:53Z,2026-06-11T09:20:53+0200,f3b72819-8f0f-4c0e-a936-e9ce989df431,2026-05-13T10:00:00Z,2026-05-13T12:00:00+0200,58168.3634,MW,DE,DE_LU,actual_load,Actual Load,2026-06-11T07:22:11Z
2026-06-11T07:20:53Z,2026-06-11T09:20:53+0200,f3b72819-8f0f-4c0e-a936-e9ce989df431,2026-05-13T10:15:00Z,2026-05-13T12:15:00+0200,57884.15062,MW,DE,DE_LU,actual_load,Actual Load,2026-06-11T07:22:11Z
2026-06-11T07:20:53Z,2026-06-11T09:20:53+0200,f3b72819-8f0f-4c0e-a936-e9ce989df431,2026-05-13T10:30:00Z,2026-05-13T12:30:00+0200,58573.479,MW,DE,DE_LU,actual_load,Actual Load,2026-06-11T07:22:11Z
2026-06-11T07:20:53Z,2026-06-11T09:20:53+0200,f3b72819-8f0f-4c0e-a936-e9ce989df431,2026-05-13T10:45:00Z,2026-05-13T12:45:00+0200,57713.22939,MW,DE,DE_LU,actual_load,Actual Load,2026-06-11T07:22:11Z
2026-06-11T07:20:53Z,2026-06-11T09:20:53+0200,f3b72819-8f0f-4c0e-a936-e9ce989df431,2026-05-13T11:00:00Z,2026-05-13T13:00:00+0200,57371.59739,MW,DE,DE_LU,actual_load,Actual Load,2026-06-11T07:22:11Z
2026-06-11T07:20:53Z,2026-06-11T09:20:53+0200,f3b72819-8f0f-4c0e-a936-e9ce989df431,2026-05-13T11:15:00Z,2026-05-13T13:15:00+0200,56560.44571,MW,DE,DE_LU,actual_load,Actual Load,2026-06-11T07:22:11Z
2026-06-11T07:20:53Z,2026-06-11T09:20:53+0200,f3b72819-8f0f-4c0e-a936-e9ce989df431,2026-05-13T11:30:00Z,2026-05-13T13:30:00+0200,55921.94304,MW,DE,DE_LU,actual_load,Actual Load,2026-06-11T07:22:11Z
2026-06-11T07:20:53Z,2026-06-11T09:20:53+0200,f3b72819-8f0f-4c0e-a936-e9ce989df431,2026-05-13T11:45:00Z,2026-05-13T13:45:00+0200,56031.26751,MW,DE,DE_LU,actual_load,Actual Load,2026-06-11T07:22:11Z
2026-06-11T07:20:53Z,2026-06-11T09:20:53+0200,f3b72819-8f0f-4c0e-a936-e9ce989df431,2026-05-13T12:00:00Z,2026-05-13T14:00:00+0200,56005.66312,MW,DE,DE_LU,actual_load,Actual Load,2026-06-11T07:22:11Z
2026-06-11T07:20:53Z,2026-06-11T09:20:53+0200,f3b72819-8f0f-4c0e-a936-e9ce989df431,2026-05-13T12:15:00Z,2026-05-13T14:15:00+0200,55090.36481,MW,DE,DE_LU,actual_load,Actual Load,2026-06-11T07:22:11Z
2026-06-11T07:20:53Z,2026-06-11T09:20:53+0200,f3b72819-8f0f-4c0e-a936-e9ce989df431,2026-05-13T12:30:00Z,2026-05-13T14:30:00+0200,55008.53923,MW,DE,DE_LU,actual_load,Actual Load,2026-06-11T07:22:11Z
2026-06-11T07:20:53Z,2026-06-11T09:20:53+0200,f3b72819-8f0f-4c0e-a936-e9ce989df431,2026-05-13T12:45:00Z,2026-05-13T14:45:00+0200,55028.90433,MW,DE,DE_LU,actual_load,Actual Load,2026-06-11T07:22:11Z
2026-06-11T07:20:53Z,2026-06-11T09:20:53+0200,f3b72819-8f0f-4c0e-a936-e9ce989df431,2026-05-13T13:00:00Z,2026-05-13T15:00:00+0200,54749.86279,MW,DE,DE_LU,actual_load,Actual Load,2026-06-11T07:22:11Z
2026-06-11T07:20:53Z,2026-06-11T09:20:53+0200,f3b72819-8f0f-4c0e-a936-e9ce989df431,2026-05-13T13:15:00Z,2026-05-13T15:15:00+0200,54356.12997,MW,DE,DE_LU,actual_load,Actual Load,2026-06-11T07:22:11Z
2026-06-11T07:20:53Z,2026-06-11T09:20:53+0200,f3b72819-8f0f-4c0e-a936-e9ce989df431,2026-05-13T13:30:00Z,2026-05-13T15:30:00+0200,54076.43909,MW,DE,DE_LU,actual_load,Actual Load,2026-06-11T07:22:11Z
2026-06-11T07:20:53Z,2026-06-11T09:20:53+0200,f3b72819-8f0f-4c0e-a936-e9ce989df431,2026-05-13T13:45:00Z,2026-05-13T15:45:00+0200,53552.09554,MW,DE,DE_LU,actual_load,Actual Load,2026-06-11T07:22:11Z
2026-06-11T07:20:53Z,2026-06-11T09:20:53+0200,f3b72819-8f0f-4c0e-a936-e9ce989df431,2026-05-13T14:00:00Z,2026-05-13T16:00:00+0200,54086.69168,MW,DE,DE_LU,actual_load,Actual Load,2026-06-11T07:22:11Z
2026-06-11T07:20:53Z,2026-06-11T09:20:53+0200,f3b72819-8f0f-4c0e-a936-e9ce989df431,2026-05-13T14:15:00Z,2026-05-13T16:15:00+0200,53139.45471,MW,DE,DE_LU,actual_load,Actual Load,2026-06-11T07:22:11Z
2026-06-11T07:20:53Z,2026-06-11T09:20:53+0200,f3b72819-8f0f-4c0e-a936-e9ce989df431,2026-05-13T14:30:00Z,2026-05-13T16:30:00+0200,52865.2724,MW,DE,DE_LU,actual_load,Actual Load,2026-06-11T07:22:11Z
2026-06-11T07:20:53Z,2026-06-11T09:20:53+0200,f3b72819-8f0f-4c0e-a936-e9ce989df431,2026-05-13T14:45:00Z,2026-05-13T16:45:00+0200,52711.48641,MW,DE,DE_LU,actual_load,Actual Load,2026-06-11T07:22:11Z
2026-06-11T07:20:53Z,2026-06-11T09:20:53+0200,f3b72819-8f0f-4c0e-a936-e9ce989df431,2026-05-13T15:00:00Z,2026-05-13T17:00:00+0200,53852.07797,MW,DE,DE_LU,actual_load,Actual Load,2026-06-11T07:22:11Z
2026-06-11T07:20:53Z,2026-06-11T09:20:53+0200,f3b72819-8f0f-4c0e-a936-e9ce989df431,2026-05-13T15:15:00Z,2026-05-13T17:15:00+0200,54452.20196,MW,DE,DE_LU,actual_load,Actual Load,2026-06-11T07:22:11Z
2026-06-11T07:20:53Z,2026-06-11T09:20:53+0200,f3b72819-8f0f-4c0e-a936-e9ce989df431,2026-05-13T15:30:00Z,2026-05-13T17:30:00+0200,53727.92359,MW,DE,DE_LU,actual_load,Actual Load,2026-06-11T07:22:11Z
2026-06-11T07:20:53Z,2026-06-11T09:20:53+0200,f3b72819-8f0f-4c0e-a936-e9ce989df431,2026-05-13T15:45:00Z,2026-05-13T17:45:00+0200,53941.78555,MW,DE,DE_LU,actual_load,Actual Load,2026-06-11T07:22:11Z
2026-06-11T07:20:53Z,2026-06-11T09:20:53+0200,f3b72819-8f0f-4c0e-a936-e9ce989df431,2026-05-13T16:00:00Z,2026-05-13T18:00:00+0200,54828.98277,MW,DE,DE_LU,actual_load,Actual Load,2026-06-11T07:22:11Z
2026-06-11T07:20:53Z,2026-06-11T09:20:53+0200,f3b72819-8f0f-4c0e-a936-e9ce989df431,2026-05-13T16:15:00Z,2026-05-13T18:15:00+0200,54754.86862,MW,DE,DE_LU,actual_load,Actual Load,2026-06-11T07:22:11Z
2026-06-11T07:20:53Z,2026-06-11T09:20:53+0200,f3b72819-8f0f-4c0e-a936-e9ce989df431,2026-05-13T16:30:00Z,2026-05-13T18:30:00+0200,54400.13947,MW,DE,DE_LU,actual_load,Actual Load,2026-06-11T07:22:11Z
2026-06-11T07:20:53Z,2026-06-11T09:20:53+0200,f3b72819-8f0f-4c0e-a936-e9ce989df431,2026-05-13T16:45:00Z,2026-05-13T18:45:00+0200,55241.66226,MW,DE,DE_LU,actual_load,Actual Load,2026-06-11T07:22:11Z
2026-06-11T07:20:53Z,2026-06-11T09:20:53+0200,f3b72819-8f0f-4c0e-a936-e9ce989df431,2026-05-13T17:00:00Z,2026-05-13T19:00:00+0200,56093.68652,MW,DE,DE_LU,actual_load,Actual Load,2026-06-11T07:22:11Z
2026-06-11T07:20:53Z,2026-06-11T09:20:53+0200,f3b72819-8f0f-4c0e-a936-e9ce989df431,2026-05-13T17:15:00Z,2026-05-13T19:15:00+0200,55652.03066,MW,DE,DE_LU,actual_load,Actual Load,2026-06-11T07:22:11Z
2026-06-11T07:20:53Z,2026-06-11T09:20:53+0200,f3b72819-8f0f-4c0e-a936-e9ce989df431,2026-05-13T17:30:00Z,2026-05-13T19:30:00+0200,55390.98803,MW,DE,DE_LU,actual_load,Actual Load,2026-06-11T07:22:11Z
2026-06-11T07:20:53Z,2026-06-11T09:20:53+0200,f3b72819-8f0f-4c0e-a936-e9ce989df431,2026-05-13T17:45:00Z,2026-05-13T19:45:00+0200,54915.36095,MW,DE,DE_LU,actual_load,Actual Load,2026-06-11T07:22:11Z
2026-06-11T07:20:53Z,2026-06-11T09:20:53+0200,f3b72819-8f0f-4c0e-a936-e9ce989df431,2026-05-13T18:00:00Z,2026-05-13T20:00:00+0200,54548.92286,MW,DE,DE_LU,actual_load,Actual Load,2026-06-11T07:22:11Z
2026-06-11T07:20:53Z,2026-06-11T09:20:53+0200,f3b72819-8f0f-4c0e-a936-e9ce989df431,2026-05-13T18:15:00Z,2026-05-13T20:15:00+0200,54310.91412,MW,DE,DE_LU,actual_load,Actual Load,2026-06-11T07:22:11Z
2026-06-11T07:20:53Z,2026-06-11T09:20:53+0200,f3b72819-8f0f-4c0e-a936-e9ce989df431,2026-05-13T18:30:00Z,2026-05-13T20:30:00+0200,54022.96357,MW,DE,DE_LU,actual_load,Actual Load,2026-06-11T07:22:11Z
2026-06-11T07:20:53Z,2026-06-11T09:20:53+0200,f3b72819-8f0f-4c0e-a936-e9ce989df431,2026-05-13T18:45:00Z,2026-05-13T20:45:00+0200,53196.89942,MW,DE,DE_LU,actual_load,Actual Load,2026-06-11T07:22:11Z
2026-06-11T07:20:53Z,2026-06-11T09:20:53+0200,f3b72819-8f0f-4c0e-a936-e9ce989df431,2026-05-13T19:00:00Z,2026-05-13T21:00:00+0200,53109.12973,MW,DE,DE_LU,actual_load,Actual Load,2026-06-11T07:22:11Z
2026-06-11T07:20:53Z,2026-06-11T09:20:53+0200,f3b72819-8f0f-4c0e-a936-e9ce989df431,2026-05-13T19:15:00Z,2026-05-13T21:15:00+0200,53106.78653,MW,DE,DE_LU,actual_load,Actual Load,2026-06-11T07:22:11Z
2026-06-11T07:20:53Z,2026-06-11T09:20:53+0200,f3b72819-8f0f-4c0e-a936-e9ce989df431,2026-05-13T19:30:00Z,2026-05-13T21:30:00+0200,52199.09061,MW,DE,DE_LU,actual_load,Actual Load,2026-06-11T07:22:11Z
2026-06-11T07:20:53Z,2026-06-11T09:20:53+0200,f3b72819-8f0f-4c0e-a936-e9ce989df431,2026-05-13T19:45:00Z,2026-05-13T21:45:00+0200,51611.45541,MW,DE,DE_LU,actual_load,Actual Load,2026-06-11T07:22:11Z
2026-06-11T07:20:53Z,2026-06-11T09:20:53+0200,f3b72819-8f0f-4c0e-a936-e9ce989df431,2026-05-13T20:00:00Z,2026-05-13T22:00:00+0200,50145.06778,MW,DE,DE_LU,actual_load,Actual Load,2026-06-11T07:22:11Z
2026-06-11T07:20:53Z,2026-06-11T09:20:53+0200,f3b72819-8f0f-4c0e-a936-e9ce989df431,2026-05-13T20:15:00Z,2026-05-13T22:15:00+0200,49085.61666,MW,DE,DE_LU,actual_load,Actual Load,2026-06-11T07:22:11Z
2026-06-11T07:20:53Z,2026-06-11T09:20:53+0200,f3b72819-8f0f-4c0e-a936-e9ce989df431,2026-05-13T20:30:00Z,2026-05-13T22:30:00+0200,48211.66931,MW,DE,DE_LU,actual_load,Actual Load,2026-06-11T07:22:11Z
2026-06-11T07:20:53Z,2026-06-11T09:20:53+0200,f3b72819-8f0f-4c0e-a936-e9ce989df431,2026-05-13T20:45:00Z,2026-05-13T22:45:00+0200,47132.7753,MW,DE,DE_LU,actual_load,Actual Load,2026-06-11T07:22:11Z
2026-06-11T07:20:53Z,2026-06-11T09:20:53+0200,f3b72819-8f0f-4c0e-a936-e9ce989df431,2026-05-13T21:00:00Z,2026-05-13T23:00:00+0200,46234.52084,MW,DE,DE_LU,actual_load,Actual Load,2026-06-11T07:22:11Z
2026-06-11T07:20:53Z,2026-06-11T09:20:53+0200,f3b72819-8f0f-4c0e-a936-e9ce989df431,2026-05-13T21:15:00Z,2026-05-13T23:15:00+0200,45582.07366,MW,DE,DE_LU,actual_load,Actual Load,2026-06-11T07:22:11Z
2026-06-11T07:20:53Z,2026-06-11T09:20:53+0200,f3b72819-8f0f-4c0e-a936-e9ce989df431,2026-05-13T21:30:00Z,2026-05-13T23:30:00+0200,44808.53512,MW,DE,DE_LU,actual_load,Actual Load,2026-06-11T07:22:11Z
2026-06-11T07:20:53Z,2026-06-11T09:20:53+0200,f3b72819-8f0f-4c0e-a936-e9ce989df431,2026-05-13T21:45:00Z,2026-05-13T23:45:00+0200,43877.94432,MW,DE,DE_LU,actual_load,Actual Load,2026-06-11T07:22:11Z
2026-06-11T07:20:53Z,2026-06-11T09:20:53+0200,f3b72819-8f0f-4c0e-a936-e9ce989df431,2026-05-13T22:00:00Z,2026-05-14T00:00:00+0200,42534.01864,MW,DE,DE_LU,actual_load,Actual Load,2026-06-11T07:22:11Z
2026-06-11T07:20:53Z,2026-06-11T09:20:53+0200,f3b72819-8f0f-4c0e-a936-e9ce989df431,2026-05-13T22:15:00Z,2026-05-14T00:15:00+0200,41959.41362,MW,DE,DE_LU,actual_load,Actual Load,2026-06-11T07:22:11Z
2026-06-11T07:20:53Z,2026-06-11T09:20:53+0200,f3b72819-8f0f-4c0e-a936-e9ce989df431,2026-05-13T22:30:00Z,2026-05-14T00:30:00+0200,41823.32677,MW,DE,DE_LU,actual_load,Actual Load,2026-06-11T07:22:11Z
2026-06-11T07:20:53Z,2026-06-11T09:20:53+0200,f3b72819-8f0f-4c0e-a936-e9ce989df431,2026-05-13T22:45:00Z,2026-05-14T00:45:00+0200,41214.00266,MW,DE,DE_LU,actual_load,Actual Load,2026-06-11T07:22:11Z
2026-06-11T07:20:53Z,2026-06-11T09:20:53+0200,f3b72819-8f0f-4c0e-a936-e9ce989df431,2026-05-13T23:00:00Z,2026-05-14T01:00:00+0200,40210.10214,MW,DE,DE_LU,actual_load,Actual Load,2026-06-11T07:22:11Z
2026-06-11T07:20:53Z,2026-06-11T09:20:53+0200,f3b72819-8f0f-4c0e-a936-e9ce989df431,2026-05-13T23:15:00Z,2026-05-14T01:15:00+0200,40093.56071,MW,DE,DE_LU,actual_load,Actual Load,2026-06-11T07:22:11Z
2026-06-11T07:20:53Z,2026-06-11T09:20:53+0200,f3b72819-8f0f-4c0e-a936-e9ce989df431,2026-05-13T23:30:00Z,2026-05-14T01:30:00+0200,40828.914,MW,DE,DE_LU,actual_load,Actual Load,2026-06-11T07:22:11Z
2026-06-11T07:20:53Z,2026-06-11T09:20:53+0200,f3b72819-8f0f-4c0e-a936-e9ce989df431,2026-05-13T23:45:00Z,2026-05-14T01:45:00+0200,40803.169,MW,DE,DE_LU,actual_load,Actual Load,2026-06-11T07:22:11Z
2026-06-11T07:20:53Z,2026-06-11T09:20:53+0200,f3b72819-8f0f-4c0e-a936-e9ce989df431,2026-05-14T00:00:00Z,2026-05-14T02:00:00+0200,40150.16231,MW,DE,DE_LU,actual_load,Actual Load,2026-06-11T07:22:11Z
2026-06-11T07:20:53Z,2026-06-11T09:20:53+0200,f3b72819-8f0f-4c0e-a936-e9ce989df431,2026-05-14T00:15:00Z,2026-05-14T02:15:00+0200,40263.54817,MW,DE,DE_LU,actual_load,Actual Load,2026-06-11T07:22:11Z
2026-06-11T07:20:53Z,2026-06-11T09:20:53+0200,f3b72819-8f0f-4c0e-a936-e9ce989df431,2026-05-14T00:30:00Z,2026-05-14T02:30:00+0200,40618.28209,MW,DE,DE_LU,actual_load,Actual Load,2026-06-11T07:22:11Z
2026-06-11T07:20:53Z,2026-06-11T09:20:53+0200,f3b72819-8f0f-4c0e-a936-e9ce989df431,2026-05-14T00:45:00Z,2026-05-14T02:45:00+0200,40464.94702,MW,DE,DE_LU,actual_load,Actual Load,2026-06-11T07:22:11Z
2026-06-11T07:20:53Z,2026-06-11T09:20:53+0200,f3b72819-8f0f-4c0e-a936-e9ce989df431,2026-05-14T01:00:00Z,2026-05-14T03:00:00+0200,40266.28008,MW,DE,DE_LU,actual_load,Actual Load,2026-06-11T07:22:11Z
2026-06-11T07:20:53Z,2026-06-11T09:20:53+0200,f3b72819-8f0f-4c0e-a936-e9ce989df431,2026-05-14T01:15:00Z,2026-05-14T03:15:00+0200,40005.0963,MW,DE,DE_LU,actual_load,Actual Load,2026-06-11T07:22:11Z
2026-06-11T07:20:53Z,2026-06-11T09:20:53+0200,f3b72819-8f0f-4c0e-a936-e9ce989df431,2026-05-14T01:30:00Z,2026-05-14T03:30:00+0200,40164.03245,MW,DE,DE_LU,actual_load,Actual Load,2026-06-11T07:22:11Z
2026-06-11T07:20:53Z,2026-06-11T09:20:53+0200,f3b72819-8f0f-4c0e-a936-e9ce989df431,2026-05-14T01:45:00Z,2026-05-14T03:45:00+0200,40163.27133,MW,DE,DE_LU,actual_load,Actual Load,2026-06-11T07:22:11Z
2026-06-11T07:20:53Z,2026-06-11T09:20:53+0200,f3b72819-8f0f-4c0e-a936-e9ce989df431,2026-05-14T02:00:00Z,2026-05-14T04:00:00+0200,40167.46733,MW,DE,DE_LU,actual_load,Actual Load,2026-06-11T07:22:11Z
2026-06-11T07:20:53Z,2026-06-11T09:20:53+0200,f3b72819-8f0f-4c0e-a936-e9ce989df431,2026-05-14T02:15:00Z,2026-05-14T04:15:00+0200,40114.67448,MW,DE,DE_LU,actual_load,Actual Load,2026-06-11T07:22:11Z
2026-06-11T07:20:53Z,2026-06-11T09:20:53+0200,f3b72819-8f0f-4c0e-a936-e9ce989df431,2026-05-14T02:30:00Z,2026-05-14T04:30:00+0200,40168.78079,MW,DE,DE_LU,actual_load,Actual Load,2026-06-11T07:22:11Z
2026-06-11T07:20:53Z,2026-06-11T09:20:53+0200,f3b72819-8f0f-4c0e-a936-e9ce989df431,2026-05-14T02:45:00Z,2026-05-14T04:45:00+0200,40312.52132,MW,DE,DE_LU,actual_load,Actual Load,2026-06-11T07:22:11Z
2026-06-11T07:20:53Z,2026-06-11T09:20:53+0200,f3b72819-8f0f-4c0e-a936-e9ce989df431,2026-05-14T03:00:00Z,2026-05-14T05:00:00+0200,40580.36321,MW,DE,DE_LU,actual_load,Actual Load,2026-06-11T07:22:11Z
2026-06-11T07:20:53Z,2026-06-11T09:20:53+0200,f3b72819-8f0f-4c0e-a936-e9ce989df431,2026-05-14T03:15:00Z,2026-05-14T05:15:00+0200,40644.88363,MW,DE,DE_LU,actual_load,Actual Load,2026-06-11T07:22:11Z
2026-06-11T07:20:53Z,2026-06-11T09:20:53+0200,f3b72819-8f0f-4c0e-a936-e9ce989df431,2026-05-14T03:30:00Z,2026-05-14T05:30:00+0200,40640.46136,MW,DE,DE_LU,actual_load,Actual Load,2026-06-11T07:22:11Z
2026-06-11T07:20:53Z,2026-06-11T09:20:53+0200,f3b72819-8f0f-4c0e-a936-e9ce989df431,2026-05-14T03:45:00Z,2026-05-14T05:45:00+0200,40707.4386,MW,DE,DE_LU,actual_load,Actual Load,2026-06-11T07:22:11Z
2026-06-11T07:20:53Z,2026-06-11T09:20:53+0200,f3b72819-8f0f-4c0e-a936-e9ce989df431,2026-05-14T04:00:00Z,2026-05-14T06:00:00+0200,40174.80247,MW,DE,DE_LU,actual_load,Actual Load,2026-06-11T07:22:11Z
2026-06-11T07:20:53Z,2026-06-11T09:20:53+0200,f3b72819-8f0f-4c0e-a936-e9ce989df431,2026-05-14T04:15:00Z,2026-05-14T06:15:00+0200,40179.22503,MW,DE,DE_LU,actual_load,Actual Load,2026-06-11T07:22:11Z
2026-06-11T07:20:53Z,2026-06-11T09:20:53+0200,f3b72819-8f0f-4c0e-a936-e9ce989df431,2026-05-14T04:30:00Z,2026-05-14T06:30:00+0200,40530.85227,MW,DE,DE_LU,actual_load,Actual Load,2026-06-11T07:22:11Z
2026-06-11T07:20:53Z,2026-06-11T09:20:53+0200,f3b72819-8f0f-4c0e-a936-e9ce989df431,2026-05-14T04:45:00Z,2026-05-14T06:45:00+0200,40636.16565,MW,DE,DE_LU,actual_load,Actual Load,2026-06-11T07:22:11Z
2026-06-11T07:20:53Z,2026-06-11T09:20:53+0200,f3b72819-8f0f-4c0e-a936-e9ce989df431,2026-05-14T05:00:00Z,2026-05-14T07:00:00+0200,40462.95011,MW,DE,DE_LU,actual_load,Actual Load,2026-06-11T07:22:11Z
2026-06-11T07:20:53Z,2026-06-11T09:20:53+0200,f3b72819-8f0f-4c0e-a936-e9ce989df431,2026-05-14T05:15:00Z,2026-05-14T07:15:00+0200,41285.18737,MW,DE,DE_LU,actual_load,Actual Load,2026-06-11T07:22:11Z
2026-06-11T07:20:53Z,2026-06-11T09:20:53+0200,f3b72819-8f0f-4c0e-a936-e9ce989df431,2026-05-14T05:30:00Z,2026-05-14T07:30:00+0200,41421.75415,MW,DE,DE_LU,actual_load,Actual Load,2026-06-11T07:22:11Z
2026-06-11T07:20:53Z,2026-06-11T09:20:53+0200,f3b72819-8f0f-4c0e-a936-e9ce989df431,2026-05-14T05:45:00Z,2026-05-14T07:45:00+0200,42142.93656,MW,DE,DE_LU,actual_load,Actual Load,2026-06-11T07:22:11Z
2026-06-11T07:20:53Z,2026-06-11T09:20:53+0200,f3b72819-8f0f-4c0e-a936-e9ce989df431,2026-05-14T06:00:00Z,2026-05-14T08:00:00+0200,42871.70828,MW,DE,DE_LU,actual_load,Actual Load,2026-06-11T07:22:11Z
2026-06-11T07:20:53Z,2026-06-11T09:20:53+0200,f3b72819-8f0f-4c0e-a936-e9ce989df431,2026-05-14T06:15:00Z,2026-05-14T08:15:00+0200,43600.45872,MW,DE,DE_LU,actual_load,Actual Load,2026-06-11T07:22:11Z
2026-06-11T07:20:53Z,2026-06-11T09:20:53+0200,f3b72819-8f0f-4c0e-a936-e9ce989df431,2026-05-14T06:30:00Z,2026-05-14T08:30:00+0200,43956.95858,MW,DE,DE_LU,actual_load,Actual Load,2026-06-11T07:22:11Z
2026-06-11T07:20:53Z,2026-06-11T09:20:53+0200,f3b72819-8f0f-4c0e-a936-e9ce989df431,2026-05-14T06:45:00Z,2026-05-14T08:45:00+0200,44301.0316,MW,DE,DE_LU,actual_load,Actual Load,2026-06-11T07:22:11Z
2026-06-11T07:20:53Z,2026-06-11T09:20:53+0200,f3b72819-8f0f-4c0e-a936-e9ce989df431,2026-05-14T07:00:00Z,2026-05-14T09:00:00+0200,43594.71704,MW,DE,DE_LU,actual_load,Actual Load,2026-06-11T07:22:11Z
2026-06-11T07:20:53Z,2026-06-11T09:20:53+0200,f3b72819-8f0f-4c0e-a936-e9ce989df431,2026-05-14T07:15:00Z,2026-05-14T09:15:00+0200,45238.37228,MW,DE,DE_LU,actual_load,Actual Load,2026-06-11T07:22:11Z
2026-06-11T07:20:53Z,2026-06-11T09:20:53+0200,f3b72819-8f0f-4c0e-a936-e9ce989df431,2026-05-14T07:30:00Z,2026-05-14T09:30:00+0200,45763.10999,MW,DE,DE_LU,actual_load,Actual Load,2026-06-11T07:22:11Z
2026-06-11T07:20:53Z,2026-06-11T09:20:53+0200,f3b72819-8f0f-4c0e-a936-e9ce989df431,2026-05-14T07:45:00Z,2026-05-14T09:45:00+0200,45825.68277,MW,DE,DE_LU,actual_load,Actual Load,2026-06-11T07:22:11Z
2026-06-11T07:20:53Z,2026-06-11T09:20:53+0200,f3b72819-8f0f-4c0e-a936-e9ce989df431,2026-05-14T08:00:00Z,2026-05-14T10:00:00+0200,45877.57458,MW,DE,DE_LU,actual_load,Actual Load,2026-06-11T07:22:11Z
2026-06-11T07:20:53Z,2026-06-11T09:20:53+0200,f3b72819-8f0f-4c0e-a936-e9ce989df431,2026-05-14T08:15:00Z,2026-05-14T10:15:00+0200,46304.82544,MW,DE,DE_LU,actual_load,Actual Load,2026-06-11T07:22:11Z
2026-06-11T07:20:53Z,2026-06-11T09:20:53+0200,f3b72819-8f0f-4c0e-a936-e9ce989df431,2026-05-14T08:30:00Z,2026-05-14T10:30:00+0200,46933.25192,MW,DE,DE_LU,actual_load,Actual Load,2026-06-11T07:22:11Z
2026-06-11T07:20:53Z,2026-06-11T09:20:53+0200,f3b72819-8f0f-4c0e-a936-e9ce989df431,2026-05-14T08:45:00Z,2026-05-14T10:45:00+0200,48136.47964,MW,DE,DE_LU,actual_load,Actual Load,2026-06-11T07:22:11Z
2026-06-11T07:20:53Z,2026-06-11T09:20:53+0200,f3b72819-8f0f-4c0e-a936-e9ce989df431,2026-05-14T09:00:00Z,2026-05-14T11:00:00+0200,48395.95449,MW,DE,DE_LU,actual_load,Actual Load,2026-06-11T07:22:11Z
2026-06-11T07:20:53Z,2026-06-11T09:20:53+0200,f3b72819-8f0f-4c0e-a936-e9ce989df431,2026-05-14T09:15:00Z,2026-05-14T11:15:00+0200,48268.46009,MW,DE,DE_LU,actual_load,Actual Load,2026-06-11T07:22:11Z
2026-06-11T07:20:53Z,2026-06-11T09:20:53+0200,f3b72819-8f0f-4c0e-a936-e9ce989df431,2026-05-14T09:30:00Z,2026-05-14T11:30:00+0200,47935.54854,MW,DE,DE_LU,actual_load,Actual Load,2026-06-11T07:22:11Z
2026-06-11T07:20:53Z,2026-06-11T09:20:53+0200,f3b72819-8f0f-4c0e-a936-e9ce989df431,2026-05-14T09:45:00Z,2026-05-14T11:45:00+0200,47799.88125,MW,DE,DE_LU,actual_load,Actual Load,2026-06-11T07:22:11Z
2026-06-11T07:20:53Z,2026-06-11T09:20:53+0200,f3b72819-8f0f-4c0e-a936-e9ce989df431,2026-05-14T10:00:00Z,2026-05-14T12:00:00+0200,47064.88765,MW,DE,DE_LU,actual_load,Actual Load,2026-06-11T07:22:11Z
2026-06-11T07:20:53Z,2026-06-11T09:20:53+0200,f3b72819-8f0f-4c0e-a936-e9ce989df431,2026-05-14T10:15:00Z,2026-05-14T12:15:00+0200,46798.43871,MW,DE,DE_LU,actual_load,Actual Load,2026-06-11T07:22:11Z
2026-06-11T07:20:53Z,2026-06-11T09:20:53+0200,f3b72819-8f0f-4c0e-a936-e9ce989df431,2026-05-14T10:30:00Z,2026-05-14T12:30:00+0200,45822.58966,MW,DE,DE_LU,actual_load,Actual Load,2026-06-11T07:22:11Z
2026-06-11T07:20:53Z,2026-06-11T09:20:53+0200,f3b72819-8f0f-4c0e-a936-e9ce989df431,2026-05-14T10:45:00Z,2026-05-14T12:45:00+0200,45892.77509,MW,DE,DE_LU,actual_load,Actual Load,2026-06-11T07:22:11Z
2026-06-11T07:20:53Z,2026-06-11T09:20:53+0200,f3b72819-8f0f-4c0e-a936-e9ce989df431,2026-05-14T11:00:00Z,2026-05-14T13:00:00+0200,45075.17598,MW,DE,DE_LU,actual_load,Actual Load,2026-06-11T07:22:11Z
2026-06-11T07:20:53Z,2026-06-11T09:20:53+0200,f3b72819-8f0f-4c0e-a936-e9ce989df431,2026-05-14T11:15:00Z,2026-05-14T13:15:00+0200,44532.01246,MW,DE,DE_LU,actual_load,Actual Load,2026-06-11T07:22:11Z
2026-06-11T07:20:53Z,2026-06-11T09:20:53+0200,f3b72819-8f0f-4c0e-a936-e9ce989df431,2026-05-14T11:30:00Z,2026-05-14T13:30:00+0200,43641.22734,MW,DE,DE_LU,actual_load,Actual Load,2026-06-11T07:22:11Z
2026-06-11T07:20:53Z,2026-06-11T09:20:53+0200,f3b72819-8f0f-4c0e-a936-e9ce989df431,2026-05-14T11:45:00Z,2026-05-14T13:45:00+0200,43717.17599,MW,DE,DE_LU,actual_load,Actual Load,2026-06-11T07:22:11Z
2026-06-11T07:20:53Z,2026-06-11T09:20:53+0200,f3b72819-8f0f-4c0e-a936-e9ce989df431,2026-05-14T12:00:00Z,2026-05-14T14:00:00+0200,43482.15052,MW,DE,DE_LU,actual_load,Actual Load,2026-06-11T07:22:11Z
2026-06-11T07:20:53Z,2026-06-11T09:20:53+0200,f3b72819-8f0f-4c0e-a936-e9ce989df431,2026-05-14T12:15:00Z,2026-05-14T14:15:00+0200,43082.11297,MW,DE,DE_LU,actual_load,Actual Load,2026-06-11T07:22:11Z
2026-06-11T07:20:53Z,2026-06-11T09:20:53+0200,f3b72819-8f0f-4c0e-a936-e9ce989df431,2026-05-14T12:30:00Z,2026-05-14T14:30:00+0200,42237.48284,MW,DE,DE_LU,actual_load,Actual Load,2026-06-11T07:22:11Z
2026-06-11T07:20:53Z,2026-06-11T09:20:53+0200,f3b72819-8f0f-4c0e-a936-e9ce989df431,2026-05-14T12:45:00Z,2026-05-14T14:45:00+0200,42155.92864,MW,DE,DE_LU,actual_load,Actual Load,2026-06-11T07:22:11Z
2026-06-11T07:20:53Z,2026-06-11T09:20:53+0200,f3b72819-8f0f-4c0e-a936-e9ce989df431,2026-05-14T13:00:00Z,2026-05-14T15:00:00+0200,42283.77149,MW,DE,DE_LU,actual_load,Actual Load,2026-06-11T07:22:11Z
2026-06-11T07:20:53Z,2026-06-11T09:20:53+0200,f3b72819-8f0f-4c0e-a936-e9ce989df431,2026-05-14T13:15:00Z,2026-05-14T15:15:00+0200,41796.18319,MW,DE,DE_LU,actual_load,Actual Load,2026-06-11T07:22:11Z
2026-06-11T07:20:53Z,2026-06-11T09:20:53+0200,f3b72819-8f0f-4c0e-a936-e9ce989df431,2026-05-14T13:30:00Z,2026-05-14T15:30:00+0200,42137.05468,MW,DE,DE_LU,actual_load,Actual Load,2026-06-11T07:22:11Z
2026-06-11T07:20:53Z,2026-06-11T09:20:53+0200,f3b72819-8f0f-4c0e-a936-e9ce989df431,2026-05-14T13:45:00Z,2026-05-14T15:45:00+0200,41477.15528,MW,DE,DE_LU,actual_load,Actual Load,2026-06-11T07:22:11Z
2026-06-11T07:20:53Z,2026-06-11T09:20:53+0200,f3b72819-8f0f-4c0e-a936-e9ce989df431,2026-05-14T14:00:00Z,2026-05-14T16:00:00+0200,42786.16632,MW,DE,DE_LU,actual_load,Actual Load,2026-06-11T07:22:11Z
2026-06-11T07:20:53Z,2026-06-11T09:20:53+0200,f3b72819-8f0f-4c0e-a936-e9ce989df431,2026-05-14T14:15:00Z,2026-05-14T16:15:00+0200,42558.64908,MW,DE,DE_LU,actual_load,Actual Load,2026-06-11T07:22:11Z
2026-06-11T07:20:53Z,2026-06-11T09:20:53+0200,f3b72819-8f0f-4c0e-a936-e9ce989df431,2026-05-14T14:30:00Z,2026-05-14T16:30:00+0200,42287.27614,MW,DE,DE_LU,actual_load,Actual Load,2026-06-11T07:22:11Z
2026-06-11T07:20:53Z,2026-06-11T09:20:53+0200,f3b72819-8f0f-4c0e-a936-e9ce989df431,2026-05-14T14:45:00Z,2026-05-14T16:45:00+0200,42355.37654,MW,DE,DE_LU,actual_load,Actual Load,2026-06-11T07:22:11Z
2026-06-11T07:20:53Z,2026-06-11T09:20:53+0200,f3b72819-8f0f-4c0e-a936-e9ce989df431,2026-05-14T15:00:00Z,2026-05-14T17:00:00+0200,42565.47544,MW,DE,DE_LU,actual_load,Actual Load,2026-06-11T07:22:11Z
2026-06-11T07:20:53Z,2026-06-11T09:20:53+0200,f3b72819-8f0f-4c0e-a936-e9ce989df431,2026-05-14T15:15:00Z,2026-05-14T17:15:00+0200,43102.59497,MW,DE,DE_LU,actual_load,Actual Load,2026-06-11T07:22:11Z
2026-06-11T07:20:53Z,2026-06-11T09:20:53+0200,f3b72819-8f0f-4c0e-a936-e9ce989df431,2026-05-14T15:30:00Z,2026-05-14T17:30:00+0200,43761.19378,MW,DE,DE_LU,actual_load,Actual Load,2026-06-11T07:22:11Z
2026-06-11T07:20:53Z,2026-06-11T09:20:53+0200,f3b72819-8f0f-4c0e-a936-e9ce989df431,2026-05-14T15:45:00Z,2026-05-14T17:45:00+0200,44484.65269,MW,DE,DE_LU,actual_load,Actual Load,2026-06-11T07:22:11Z
2026-06-11T07:20:53Z,2026-06-11T09:20:53+0200,f3b72819-8f0f-4c0e-a936-e9ce989df431,2026-05-14T16:00:00Z,2026-05-14T18:00:00+0200,45947.00759,MW,DE,DE_LU,actual_load,Actual Load,2026-06-11T07:22:11Z
2026-06-11T07:20:53Z,2026-06-11T09:20:53+0200,f3b72819-8f0f-4c0e-a936-e9ce989df431,2026-05-14T16:15:00Z,2026-05-14T18:15:00+0200,46184.46563,MW,DE,DE_LU,actual_load,Actual Load,2026-06-11T07:22:11Z
2026-06-11T07:20:53Z,2026-06-11T09:20:53+0200,f3b72819-8f0f-4c0e-a936-e9ce989df431,2026-05-14T16:30:00Z,2026-05-14T18:30:00+0200,46744.96085,MW,DE,DE_LU,actual_load,Actual Load,2026-06-11T07:22:11Z
2026-06-11T07:20:53Z,2026-06-11T09:20:53+0200,f3b72819-8f0f-4c0e-a936-e9ce989df431,2026-05-14T16:45:00Z,2026-05-14T18:45:00+0200,46919.86291,MW,DE,DE_LU,actual_load,Actual Load,2026-06-11T07:22:11Z
2026-06-11T07:20:53Z,2026-06-11T09:20:53+0200,f3b72819-8f0f-4c0e-a936-e9ce989df431,2026-05-14T17:00:00Z,2026-05-14T19:00:00+0200,47991.87081,MW,DE,DE_LU,actual_load,Actual Load,2026-06-11T07:22:11Z
2026-06-11T07:20:53Z,2026-06-11T09:20:53+0200,f3b72819-8f0f-4c0e-a936-e9ce989df431,2026-05-14T17:15:00Z,2026-05-14T19:15:00+0200,47993.49252,MW,DE,DE_LU,actual_load,Actual Load,2026-06-11T07:22:11Z
2026-06-11T07:20:53Z,2026-06-11T09:20:53+0200,f3b72819-8f0f-4c0e-a936-e9ce989df431,2026-05-14T17:30:00Z,2026-05-14T19:30:00+0200,47792.4986,MW,DE,DE_LU,actual_load,Actual Load,2026-06-11T07:22:11Z
2026-06-11T07:20:53Z,2026-06-11T09:20:53+0200,f3b72819-8f0f-4c0e-a936-e9ce989df431,2026-05-14T17:45:00Z,2026-05-14T19:45:00+0200,47569.53121,MW,DE,DE_LU,actual_load,Actual Load,2026-06-11T07:22:11Z
2026-06-11T07:20:53Z,2026-06-11T09:20:53+0200,f3b72819-8f0f-4c0e-a936-e9ce989df431,2026-05-14T18:00:00Z,2026-05-14T20:00:00+0200,47696.83552,MW,DE,DE_LU,actual_load,Actual Load,2026-06-11T07:22:11Z
2026-06-11T07:20:53Z,2026-06-11T09:20:53+0200,f3b72819-8f0f-4c0e-a936-e9ce989df431,2026-05-14T18:15:00Z,2026-05-14T20:15:00+0200,47808.4546,MW,DE,DE_LU,actual_load,Actual Load,2026-06-11T07:22:11Z
2026-06-11T07:20:53Z,2026-06-11T09:20:53+0200,f3b72819-8f0f-4c0e-a936-e9ce989df431,2026-05-14T18:30:00Z,2026-05-14T20:30:00+0200,47675.38033,MW,DE,DE_LU,actual_load,Actual Load,2026-06-11T07:22:11Z
2026-06-11T07:20:53Z,2026-06-11T09:20:53+0200,f3b72819-8f0f-4c0e-a936-e9ce989df431,2026-05-14T18:45:00Z,2026-05-14T20:45:00+0200,47489.70249,MW,DE,DE_LU,actual_load,Actual Load,2026-06-11T07:22:11Z
2026-06-11T07:20:53Z,2026-06-11T09:20:53+0200,f3b72819-8f0f-4c0e-a936-e9ce989df431,2026-05-14T19:00:00Z,2026-05-14T21:00:00+0200,47683.323,MW,DE,DE_LU,actual_load,Actual Load,2026-06-11T07:22:11Z
2026-06-11T07:20:53Z,2026-06-11T09:20:53+0200,f3b72819-8f0f-4c0e-a936-e9ce989df431,2026-05-14T19:15:00Z,2026-05-14T21:15:00+0200,47608.10849,MW,DE,DE_LU,actual_load,Actual Load,2026-06-11T07:22:11Z
2026-06-11T07:20:53Z,2026-06-11T09:20:53+0200,f3b72819-8f0f-4c0e-a936-e9ce989df431,2026-05-14T19:30:00Z,2026-05-14T21:30:00+0200,46988.99869,MW,DE,DE_LU,actual_load,Actual Load,2026-06-11T07:22:11Z
2026-06-11T07:20:53Z,2026-06-11T09:20:53+0200,f3b72819-8f0f-4c0e-a936-e9ce989df431,2026-05-14T19:45:00Z,2026-05-14T21:45:00+0200,47159.48543,MW,DE,DE_LU,actual_load,Actual Load,2026-06-11T07:22:11Z
2026-06-11T07:20:53Z,2026-06-11T09:20:53+0200,f3b72819-8f0f-4c0e-a936-e9ce989df431,2026-05-14T20:00:00Z,2026-05-14T22:00:00+0200,46469.44639,MW,DE,DE_LU,actual_load,Actual Load,2026-06-11T07:22:11Z
2026-06-11T07:20:53Z,2026-06-11T09:20:53+0200,f3b72819-8f0f-4c0e-a936-e9ce989df431,2026-05-14T20:15:00Z,2026-05-14T22:15:00+0200,45784.74015,MW,DE,DE_LU,actual_load,Actual Load,2026-06-11T07:22:11Z
2026-06-11T07:20:53Z,2026-06-11T09:20:53+0200,f3b72819-8f0f-4c0e-a936-e9ce989df431,2026-05-14T20:30:00Z,2026-05-14T22:30:00+0200,45011.87035,MW,DE,DE_LU,actual_load,Actual Load,2026-06-11T07:22:11Z
2026-06-11T07:20:53Z,2026-06-11T09:20:53+0200,f3b72819-8f0f-4c0e-a936-e9ce989df431,2026-05-14T20:45:00Z,2026-05-14T22:45:00+0200,44538.13406,MW,DE,DE_LU,actual_load,Actual Load,2026-06-11T07:22:11Z
2026-06-11T07:20:53Z,2026-06-11T09:20:53+0200,f3b72819-8f0f-4c0e-a936-e9ce989df431,2026-05-14T21:00:00Z,2026-05-14T23:00:00+0200,43855.77611,MW,DE,DE_LU,actual_load,Actual Load,2026-06-11T07:22:11Z
2026-06-11T07:20:53Z,2026-06-11T09:20:53+0200,f3b72819-8f0f-4c0e-a936-e9ce989df431,2026-05-14T21:15:00Z,2026-05-14T23:15:00+0200,43306.34735,MW,DE,DE_LU,actual_load,Actual Load,2026-06-11T07:22:11Z
2026-06-11T07:20:53Z,2026-06-11T09:20:53+0200,f3b72819-8f0f-4c0e-a936-e9ce989df431,2026-05-14T21:30:00Z,2026-05-14T23:30:00+0200,42846.01914,MW,DE,DE_LU,actual_load,Actual Load,2026-06-11T07:22:11Z
2026-06-11T07:20:53Z,2026-06-11T09:20:53+0200,f3b72819-8f0f-4c0e-a936-e9ce989df431,2026-05-14T21:45:00Z,2026-05-14T23:45:00+0200,42584.47457,MW,DE,DE_LU,actual_load,Actual Load,2026-06-11T07:22:11Z
2026-06-11T07:20:53Z,2026-06-11T09:20:53+0200,f3b72819-8f0f-4c0e-a936-e9ce989df431,2026-05-14T22:00:00Z,2026-05-15T00:00:00+0200,41157.58137,MW,DE,DE_LU,actual_load,Actual Load,2026-06-11T07:22:11Z
2026-06-11T07:20:53Z,2026-06-11T09:20:53+0200,f3b72819-8f0f-4c0e-a936-e9ce989df431,2026-05-14T22:15:00Z,2026-05-15T00:15:00+0200,40840.77916,MW,DE,DE_LU,actual_load,Actual Load,2026-06-11T07:22:11Z
2026-06-11T07:20:53Z,2026-06-11T09:20:53+0200,f3b72819-8f0f-4c0e-a936-e9ce989df431,2026-05-14T22:30:00Z,2026-05-15T00:30:00+0200,40802.4842,MW,DE,DE_LU,actual_load,Actual Load,2026-06-11T07:22:11Z
2026-06-11T07:20:53Z,2026-06-11T09:20:53+0200,f3b72819-8f0f-4c0e-a936-e9ce989df431,2026-05-14T22:45:00Z,2026-05-15T00:45:00+0200,40556.57412,MW,DE,DE_LU,actual_load,Actual Load,2026-06-11T07:22:11Z
2026-06-11T07:20:53Z,2026-06-11T09:20:53+0200,f3b72819-8f0f-4c0e-a936-e9ce989df431,2026-05-14T23:00:00Z,2026-05-15T01:00:00+0200,39983.46078,MW,DE,DE_LU,actual_load,Actual Load,2026-06-11T07:22:11Z
2026-06-11T07:20:53Z,2026-06-11T09:20:53+0200,f3b72819-8f0f-4c0e-a936-e9ce989df431,2026-05-14T23:15:00Z,2026-05-15T01:15:00+0200,39539.19417,MW,DE,DE_LU,actual_load,Actual Load,2026-06-11T07:22:11Z
2026-06-11T07:20:53Z,2026-06-11T09:20:53+0200,f3b72819-8f0f-4c0e-a936-e9ce989df431,2026-05-14T23:30:00Z,2026-05-15T01:30:00+0200,39528.47044,MW,DE,DE_LU,actual_load,Actual Load,2026-06-11T07:22:11Z
2026-06-11T07:20:53Z,2026-06-11T09:20:53+0200,f3b72819-8f0f-4c0e-a936-e9ce989df431,2026-05-14T23:45:00Z,2026-05-15T01:45:00+0200,39422.0374,MW,DE,DE_LU,actual_load,Actual Load,2026-06-11T07:22:11Z
2026-06-11T07:20:53Z,2026-06-11T09:20:53+0200,f3b72819-8f0f-4c0e-a936-e9ce989df431,2026-05-15T00:00:00Z,2026-05-15T02:00:00+0200,39132.52026,MW,DE,DE_LU,actual_load,Actual Load,2026-06-11T07:22:11Z
2026-06-11T07:20:53Z,2026-06-11T09:20:53+0200,f3b72819-8f0f-4c0e-a936-e9ce989df431,2026-05-15T00:15:00Z,2026-05-15T02:15:00+0200,39032.03403,MW,DE,DE_LU,actual_load,Actual Load,2026-06-11T07:22:11Z
2026-06-11T07:20:53Z,2026-06-11T09:20:53+0200,f3b72819-8f0f-4c0e-a936-e9ce989df431,2026-05-15T00:30:00Z,2026-05-15T02:30:00+0200,39370.04462,MW,DE,DE_LU,actual_load,Actual Load,2026-06-11T07:22:11Z
2026-06-11T07:20:53Z,2026-06-11T09:20:53+0200,f3b72819-8f0f-4c0e-a936-e9ce989df431,2026-05-15T00:45:00Z,2026-05-15T02:45:00+0200,39390.72238,MW,DE,DE_LU,actual_load,Actual Load,2026-06-11T07:22:11Z
2026-06-11T07:20:53Z,2026-06-11T09:20:53+0200,f3b72819-8f0f-4c0e-a936-e9ce989df431,2026-05-15T01:00:00Z,2026-05-15T03:00:00+0200,39415.83278,MW,DE,DE_LU,actual_load,Actual Load,2026-06-11T07:22:11Z
2026-06-11T07:20:53Z,2026-06-11T09:20:53+0200,f3b72819-8f0f-4c0e-a936-e9ce989df431,2026-05-15T01:15:00Z,2026-05-15T03:15:00+0200,39425.00808,MW,DE,DE_LU,actual_load,Actual Load,2026-06-11T07:22:11Z
2026-06-11T07:20:53Z,2026-06-11T09:20:53+0200,f3b72819-8f0f-4c0e-a936-e9ce989df431,2026-05-15T01:30:00Z,2026-05-15T03:30:00+0200,39637.51533,MW,DE,DE_LU,actual_load,Actual Load,2026-06-11T07:22:11Z
2026-06-11T07:20:53Z,2026-06-11T09:20:53+0200,f3b72819-8f0f-4c0e-a936-e9ce989df431,2026-05-15T01:45:00Z,2026-05-15T03:45:00+0200,39739.02232,MW,DE,DE_LU,actual_load,Actual Load,2026-06-11T07:22:11Z
2026-06-11T07:20:53Z,2026-06-11T09:20:53+0200,f3b72819-8f0f-4c0e-a936-e9ce989df431,2026-05-15T02:00:00Z,2026-05-15T04:00:00+0200,39914.69403,MW,DE,DE_LU,actual_load,Actual Load,2026-06-11T07:22:11Z
2026-06-11T07:20:53Z,2026-06-11T09:20:53+0200,f3b72819-8f0f-4c0e-a936-e9ce989df431,2026-05-15T02:15:00Z,2026-05-15T04:15:00+0200,40149.81565,MW,DE,DE_LU,actual_load,Actual Load,2026-06-11T07:22:11Z
2026-06-11T07:20:53Z,2026-06-11T09:20:53+0200,f3b72819-8f0f-4c0e-a936-e9ce989df431,2026-05-15T02:30:00Z,2026-05-15T04:30:00+0200,40563.77275,MW,DE,DE_LU,actual_load,Actual Load,2026-06-11T07:22:11Z
2026-06-11T07:20:53Z,2026-06-11T09:20:53+0200,f3b72819-8f0f-4c0e-a936-e9ce989df431,2026-05-15T02:45:00Z,2026-05-15T04:45:00+0200,41313.15321,MW,DE,DE_LU,actual_load,Actual Load,2026-06-11T07:22:11Z
2026-06-11T07:20:53Z,2026-06-11T09:20:53+0200,f3b72819-8f0f-4c0e-a936-e9ce989df431,2026-05-15T03:00:00Z,2026-05-15T05:00:00+0200,41915.40432,MW,DE,DE_LU,actual_load,Actual Load,2026-06-11T07:22:11Z
2026-06-11T07:20:53Z,2026-06-11T09:20:53+0200,f3b72819-8f0f-4c0e-a936-e9ce989df431,2026-05-15T03:15:00Z,2026-05-15T05:15:00+0200,42508.54055,MW,DE,DE_LU,actual_load,Actual Load,2026-06-11T07:22:11Z
2026-06-11T07:20:53Z,2026-06-11T09:20:53+0200,f3b72819-8f0f-4c0e-a936-e9ce989df431,2026-05-15T03:30:00Z,2026-05-15T05:30:00+0200,42863.02703,MW,DE,DE_LU,actual_load,Actual Load,2026-06-11T07:22:11Z
2026-06-11T07:20:53Z,2026-06-11T09:20:53+0200,f3b72819-8f0f-4c0e-a936-e9ce989df431,2026-05-15T03:45:00Z,2026-05-15T05:45:00+0200,43483.97971,MW,DE,DE_LU,actual_load,Actual Load,2026-06-11T07:22:11Z
2026-06-11T07:20:53Z,2026-06-11T09:20:53+0200,f3b72819-8f0f-4c0e-a936-e9ce989df431,2026-05-15T04:00:00Z,2026-05-15T06:00:00+0200,45226.33826,MW,DE,DE_LU,actual_load,Actual Load,2026-06-11T07:22:11Z
2026-06-11T07:20:53Z,2026-06-11T09:20:53+0200,f3b72819-8f0f-4c0e-a936-e9ce989df431,2026-05-15T04:15:00Z,2026-05-15T06:15:00+0200,46225.98205,MW,DE,DE_LU,actual_load,Actual Load,2026-06-11T07:22:11Z
2026-06-11T07:20:53Z,2026-06-11T09:20:53+0200,f3b72819-8f0f-4c0e-a936-e9ce989df431,2026-05-15T04:30:00Z,2026-05-15T06:30:00+0200,46833.10878,MW,DE,DE_LU,actual_load,Actual Load,2026-06-11T07:22:11Z
2026-06-11T07:20:53Z,2026-06-11T09:20:53+0200,f3b72819-8f0f-4c0e-a936-e9ce989df431,2026-05-15T04:45:00Z,2026-05-15T06:45:00+0200,47394.14716,MW,DE,DE_LU,actual_load,Actual Load,2026-06-11T07:22:11Z
2026-06-11T07:20:53Z,2026-06-11T09:20:53+0200,f3b72819-8f0f-4c0e-a936-e9ce989df431,2026-05-15T05:00:00Z,2026-05-15T07:00:00+0200,47741.86726,MW,DE,DE_LU,actual_load,Actual Load,2026-06-11T07:22:11Z
2026-06-11T07:20:53Z,2026-06-11T09:20:53+0200,f3b72819-8f0f-4c0e-a936-e9ce989df431,2026-05-15T05:15:00Z,2026-05-15T07:15:00+0200,48458.85381,MW,DE,DE_LU,actual_load,Actual Load,2026-06-11T07:22:11Z
2026-06-11T07:20:53Z,2026-06-11T09:20:53+0200,f3b72819-8f0f-4c0e-a936-e9ce989df431,2026-05-15T05:30:00Z,2026-05-15T07:30:00+0200,49293.63422,MW,DE,DE_LU,actual_load,Actual Load,2026-06-11T07:22:11Z
2026-06-11T07:20:53Z,2026-06-11T09:20:53+0200,f3b72819-8f0f-4c0e-a936-e9ce989df431,2026-05-15T05:45:00Z,2026-05-15T07:45:00+0200,49829.92488,MW,DE,DE_LU,actual_load,Actual Load,2026-06-11T07:22:11Z
2026-06-11T07:20:53Z,2026-06-11T09:20:53+0200,f3b72819-8f0f-4c0e-a936-e9ce989df431,2026-05-15T06:00:00Z,2026-05-15T08:00:00+0200,50000.35484,MW,DE,DE_LU,actual_load,Actual Load,2026-06-11T07:22:11Z
2026-06-11T07:20:53Z,2026-06-11T09:20:53+0200,f3b72819-8f0f-4c0e-a936-e9ce989df431,2026-05-15T06:15:00Z,2026-05-15T08:15:00+0200,51263.38491,MW,DE,DE_LU,actual_load,Actual Load,2026-06-11T07:22:11Z
2026-06-11T07:20:53Z,2026-06-11T09:20:53+0200,f3b72819-8f0f-4c0e-a936-e9ce989df431,2026-05-15T06:30:00Z,2026-05-15T08:30:00+0200,51794.17349,MW,DE,DE_LU,actual_load,Actual Load,2026-06-11T07:22:11Z
2026-06-11T07:20:53Z,2026-06-11T09:20:53+0200,f3b72819-8f0f-4c0e-a936-e9ce989df431,2026-05-15T06:45:00Z,2026-05-15T08:45:00+0200,52585.31214,MW,DE,DE_LU,actual_load,Actual Load,2026-06-11T07:22:11Z
2026-06-11T07:20:53Z,2026-06-11T09:20:53+0200,f3b72819-8f0f-4c0e-a936-e9ce989df431,2026-05-15T07:00:00Z,2026-05-15T09:00:00+0200,51903.0514,MW,DE,DE_LU,actual_load,Actual Load,2026-06-11T07:22:11Z
2026-06-11T07:20:53Z,2026-06-11T09:20:53+0200,f3b72819-8f0f-4c0e-a936-e9ce989df431,2026-05-15T07:15:00Z,2026-05-15T09:15:00+0200,51554.10416,MW,DE,DE_LU,actual_load,Actual Load,2026-06-11T07:22:11Z
2026-06-11T07:20:53Z,2026-06-11T09:20:53+0200,f3b72819-8f0f-4c0e-a936-e9ce989df431,2026-05-15T07:30:00Z,2026-05-15T09:30:00+0200,51706.09736,MW,DE,DE_LU,actual_load,Actual Load,2026-06-11T07:22:11Z
2026-06-11T07:20:53Z,2026-06-11T09:20:53+0200,f3b72819-8f0f-4c0e-a936-e9ce989df431,2026-05-15T07:45:00Z,2026-05-15T09:45:00+0200,51675.95709,MW,DE,DE_LU,actual_load,Actual Load,2026-06-11T07:22:11Z
2026-06-11T07:20:53Z,2026-06-11T09:20:53+0200,f3b72819-8f0f-4c0e-a936-e9ce989df431,2026-05-15T08:00:00Z,2026-05-15T10:00:00+0200,51327.16758,MW,DE,DE_LU,actual_load,Actual Load,2026-06-11T07:22:11Z
2026-06-11T07:20:53Z,2026-06-11T09:20:53+0200,f3b72819-8f0f-4c0e-a936-e9ce989df431,2026-05-15T08:15:00Z,2026-05-15T10:15:00+0200,51916.2013,MW,DE,DE_LU,actual_load,Actual Load,2026-06-11T07:22:11Z
2026-06-11T07:20:53Z,2026-06-11T09:20:53+0200,f3b72819-8f0f-4c0e-a936-e9ce989df431,2026-05-15T08:30:00Z,2026-05-15T10:30:00+0200,52623.73167,MW,DE,DE_LU,actual_load,Actual Load,2026-06-11T07:22:11Z
2026-06-11T07:20:53Z,2026-06-11T09:20:53+0200,f3b72819-8f0f-4c0e-a936-e9ce989df431,2026-05-15T08:45:00Z,2026-05-15T10:45:00+0200,53174.14613,MW,DE,DE_LU,actual_load,Actual Load,2026-06-11T07:22:11Z
2026-06-11T07:20:53Z,2026-06-11T09:20:53+0200,f3b72819-8f0f-4c0e-a936-e9ce989df431,2026-05-15T09:00:00Z,2026-05-15T11:00:00+0200,52712.94774,MW,DE,DE_LU,actual_load,Actual Load,2026-06-11T07:22:11Z
2026-06-11T07:20:53Z,2026-06-11T09:20:53+0200,f3b72819-8f0f-4c0e-a936-e9ce989df431,2026-05-15T09:15:00Z,2026-05-15T11:15:00+0200,53044.68157,MW,DE,DE_LU,actual_load,Actual Load,2026-06-11T07:22:11Z
2026-06-11T07:20:53Z,2026-06-11T09:20:53+0200,f3b72819-8f0f-4c0e-a936-e9ce989df431,2026-05-15T09:30:00Z,2026-05-15T11:30:00+0200,53252.52615,MW,DE,DE_LU,actual_load,Actual Load,2026-06-11T07:22:11Z
2026-06-11T07:20:53Z,2026-06-11T09:20:53+0200,f3b72819-8f0f-4c0e-a936-e9ce989df431,2026-05-15T09:45:00Z,2026-05-15T11:45:00+0200,52918.49967,MW,DE,DE_LU,actual_load,Actual Load,2026-06-11T07:22:11Z
2026-06-11T07:20:53Z,2026-06-11T09:20:53+0200,f3b72819-8f0f-4c0e-a936-e9ce989df431,2026-05-15T10:00:00Z,2026-05-15T12:00:00+0200,51872.65984,MW,DE,DE_LU,actual_load,Actual Load,2026-06-11T07:22:11Z
2026-06-11T07:20:53Z,2026-06-11T09:20:53+0200,f3b72819-8f0f-4c0e-a936-e9ce989df431,2026-05-15T10:15:00Z,2026-05-15T12:15:00+0200,51644.10283,MW,DE,DE_LU,actual_load,Actual Load,2026-06-11T07:22:11Z
2026-06-11T07:20:53Z,2026-06-11T09:20:53+0200,f3b72819-8f0f-4c0e-a936-e9ce989df431,2026-05-15T10:30:00Z,2026-05-15T12:30:00+0200,51863.46301,MW,DE,DE_LU,actual_load,Actual Load,2026-06-11T07:22:11Z
2026-06-11T07:20:53Z,2026-06-11T09:20:53+0200,f3b72819-8f0f-4c0e-a936-e9ce989df431,2026-05-15T10:45:00Z,2026-05-15T12:45:00+0200,52482.53769,MW,DE,DE_LU,actual_load,Actual Load,2026-06-11T07:22:11Z
2026-06-11T07:20:53Z,2026-06-11T09:20:53+0200,f3b72819-8f0f-4c0e-a936-e9ce989df431,2026-05-15T11:00:00Z,2026-05-15T13:00:00+0200,51727.63492,MW,DE,DE_LU,actual_load,Actual Load,2026-06-11T07:22:11Z
2026-06-11T07:20:53Z,2026-06-11T09:20:53+0200,f3b72819-8f0f-4c0e-a936-e9ce989df431,2026-05-15T11:15:00Z,2026-05-15T13:15:00+0200,51351.83605,MW,DE,DE_LU,actual_load,Actual Load,2026-06-11T07:22:11Z
2026-06-11T07:20:53Z,2026-06-11T09:20:53+0200,f3b72819-8f0f-4c0e-a936-e9ce989df431,2026-05-15T11:30:00Z,2026-05-15T13:30:00+0200,51128.70628,MW,DE,DE_LU,actual_load,Actual Load,2026-06-11T07:22:11Z
2026-06-11T07:20:53Z,2026-06-11T09:20:53+0200,f3b72819-8f0f-4c0e-a936-e9ce989df431,2026-05-15T11:45:00Z,2026-05-15T13:45:00+0200,49973.32476,MW,DE,DE_LU,actual_load,Actual Load,2026-06-11T07:22:11Z
2026-06-11T07:20:53Z,2026-06-11T09:20:53+0200,f3b72819-8f0f-4c0e-a936-e9ce989df431,2026-05-15T12:00:00Z,2026-05-15T14:00:00+0200,49338.73603,MW,DE,DE_LU,actual_load,Actual Load,2026-06-11T07:22:11Z
2026-06-11T07:20:53Z,2026-06-11T09:20:53+0200,f3b72819-8f0f-4c0e-a936-e9ce989df431,2026-05-15T12:15:00Z,2026-05-15T14:15:00+0200,48188.6865,MW,DE,DE_LU,actual_load,Actual Load,2026-06-11T07:22:11Z
2026-06-11T07:20:53Z,2026-06-11T09:20:53+0200,f3b72819-8f0f-4c0e-a936-e9ce989df431,2026-05-15T12:30:00Z,2026-05-15T14:30:00+0200,47264.65045,MW,DE,DE_LU,actual_load,Actual Load,2026-06-11T07:22:11Z
2026-06-11T07:20:53Z,2026-06-11T09:20:53+0200,f3b72819-8f0f-4c0e-a936-e9ce989df431,2026-05-15T12:45:00Z,2026-05-15T14:45:00+0200,47257.7959,MW,DE,DE_LU,actual_load,Actual Load,2026-06-11T07:22:11Z
2026-06-11T07:20:53Z,2026-06-11T09:20:53+0200,f3b72819-8f0f-4c0e-a936-e9ce989df431,2026-05-15T13:00:00Z,2026-05-15T15:00:00+0200,47760.30377,MW,DE,DE_LU,actual_load,Actual Load,2026-06-11T07:22:11Z
2026-06-11T07:20:53Z,2026-06-11T09:20:53+0200,f3b72819-8f0f-4c0e-a936-e9ce989df431,2026-05-15T13:15:00Z,2026-05-15T15:15:00+0200,47121.7862,MW,DE,DE_LU,actual_load,Actual Load,2026-06-11T07:22:11Z
2026-06-11T07:20:53Z,2026-06-11T09:20:53+0200,f3b72819-8f0f-4c0e-a936-e9ce989df431,2026-05-15T13:30:00Z,2026-05-15T15:30:00+0200,46288.76831,MW,DE,DE_LU,actual_load,Actual Load,2026-06-11T07:22:11Z
2026-06-11T07:20:53Z,2026-06-11T09:20:53+0200,f3b72819-8f0f-4c0e-a936-e9ce989df431,2026-05-15T13:45:00Z,2026-05-15T15:45:00+0200,46265.68245,MW,DE,DE_LU,actual_load,Actual Load,2026-06-11T07:22:11Z
2026-06-11T07:20:53Z,2026-06-11T09:20:53+0200,f3b72819-8f0f-4c0e-a936-e9ce989df431,2026-05-15T14:00:00Z,2026-05-15T16:00:00+0200,47563.90754,MW,DE,DE_LU,actual_load,Actual Load,2026-06-11T07:22:11Z
2026-06-11T07:20:53Z,2026-06-11T09:20:53+0200,f3b72819-8f0f-4c0e-a936-e9ce989df431,2026-05-15T14:15:00Z,2026-05-15T16:15:00+0200,47485.30594,MW,DE,DE_LU,actual_load,Actual Load,2026-06-11T07:22:11Z
2026-06-11T07:20:53Z,2026-06-11T09:20:53+0200,f3b72819-8f0f-4c0e-a936-e9ce989df431,2026-05-15T14:30:00Z,2026-05-15T16:30:00+0200,47042.06961,MW,DE,DE_LU,actual_load,Actual Load,2026-06-11T07:22:11Z
2026-06-11T07:20:53Z,2026-06-11T09:20:53+0200,f3b72819-8f0f-4c0e-a936-e9ce989df431,2026-05-15T14:45:00Z,2026-05-15T16:45:00+0200,46688.27956,MW,DE,DE_LU,actual_load,Actual Load,2026-06-11T07:22:11Z
2026-06-11T07:20:53Z,2026-06-11T09:20:53+0200,f3b72819-8f0f-4c0e-a936-e9ce989df431,2026-05-15T15:00:00Z,2026-05-15T17:00:00+0200,47922.99784,MW,DE,DE_LU,actual_load,Actual Load,2026-06-11T07:22:11Z
2026-06-11T07:20:53Z,2026-06-11T09:20:53+0200,f3b72819-8f0f-4c0e-a936-e9ce989df431,2026-05-15T15:15:00Z,2026-05-15T17:15:00+0200,48250.93154,MW,DE,DE_LU,actual_load,Actual Load,2026-06-11T07:22:11Z
2026-06-11T07:20:53Z,2026-06-11T09:20:53+0200,f3b72819-8f0f-4c0e-a936-e9ce989df431,2026-05-15T15:30:00Z,2026-05-15T17:30:00+0200,48570.94126,MW,DE,DE_LU,actual_load,Actual Load,2026-06-11T07:22:11Z
2026-06-11T07:20:53Z,2026-06-11T09:20:53+0200,f3b72819-8f0f-4c0e-a936-e9ce989df431,2026-05-15T15:45:00Z,2026-05-15T17:45:00+0200,48132.99334,MW,DE,DE_LU,actual_load,Actual Load,2026-06-11T07:22:11Z
2026-06-11T07:20:53Z,2026-06-11T09:20:53+0200,f3b72819-8f0f-4c0e-a936-e9ce989df431,2026-05-15T16:00:00Z,2026-05-15T18:00:00+0200,48701.30154,MW,DE,DE_LU,actual_load,Actual Load,2026-06-11T07:22:11Z
2026-06-11T07:20:53Z,2026-06-11T09:20:53+0200,f3b72819-8f0f-4c0e-a936-e9ce989df431,2026-05-15T16:15:00Z,2026-05-15T18:15:00+0200,48416.35053,MW,DE,DE_LU,actual_load,Actual Load,2026-06-11T07:22:11Z
2026-06-11T07:20:53Z,2026-06-11T09:20:53+0200,f3b72819-8f0f-4c0e-a936-e9ce989df431,2026-05-15T16:30:00Z,2026-05-15T18:30:00+0200,49062.77093,MW,DE,DE_LU,actual_load,Actual Load,2026-06-11T07:22:11Z
2026-06-11T07:20:53Z,2026-06-11T09:20:53+0200,f3b72819-8f0f-4c0e-a936-e9ce989df431,2026-05-15T16:45:00Z,2026-05-15T18:45:00+0200,50412.2436,MW,DE,DE_LU,actual_load,Actual Load,2026-06-11T07:22:11Z
2026-06-11T07:20:53Z,2026-06-11T09:20:53+0200,f3b72819-8f0f-4c0e-a936-e9ce989df431,2026-05-15T17:00:00Z,2026-05-15T19:00:00+0200,51005.19569,MW,DE,DE_LU,actual_load,Actual Load,2026-06-11T07:22:11Z
2026-06-11T07:20:53Z,2026-06-11T09:20:53+0200,f3b72819-8f0f-4c0e-a936-e9ce989df431,2026-05-15T17:15:00Z,2026-05-15T19:15:00+0200,50643.21006,MW,DE,DE_LU,actual_load,Actual Load,2026-06-11T07:22:11Z
2026-06-11T07:20:53Z,2026-06-11T09:20:53+0200,f3b72819-8f0f-4c0e-a936-e9ce989df431,2026-05-15T17:30:00Z,2026-05-15T19:30:00+0200,50681.63733,MW,DE,DE_LU,actual_load,Actual Load,2026-06-11T07:22:11Z
2026-06-11T07:20:53Z,2026-06-11T09:20:53+0200,f3b72819-8f0f-4c0e-a936-e9ce989df431,2026-05-15T17:45:00Z,2026-05-15T19:45:00+0200,50637.0131,MW,DE,DE_LU,actual_load,Actual Load,2026-06-11T07:22:11Z
2026-06-11T07:20:53Z,2026-06-11T09:20:53+0200,f3b72819-8f0f-4c0e-a936-e9ce989df431,2026-05-15T18:00:00Z,2026-05-15T20:00:00+0200,50596.09875,MW,DE,DE_LU,actual_load,Actual Load,2026-06-11T07:22:11Z
2026-06-11T07:20:53Z,2026-06-11T09:20:53+0200,f3b72819-8f0f-4c0e-a936-e9ce989df431,2026-05-15T18:15:00Z,2026-05-15T20:15:00+0200,50180.65736,MW,DE,DE_LU,actual_load,Actual Load,2026-06-11T07:22:11Z
2026-06-11T07:20:53Z,2026-06-11T09:20:53+0200,f3b72819-8f0f-4c0e-a936-e9ce989df431,2026-05-15T18:30:00Z,2026-05-15T20:30:00+0200,49691.36257,MW,DE,DE_LU,actual_load,Actual Load,2026-06-11T07:22:11Z
2026-06-11T07:20:53Z,2026-06-11T09:20:53+0200,f3b72819-8f0f-4c0e-a936-e9ce989df431,2026-05-15T18:45:00Z,2026-05-15T20:45:00+0200,49454.97696,MW,DE,DE_LU,actual_load,Actual Load,2026-06-11T07:22:11Z
2026-06-11T07:20:53Z,2026-06-11T09:20:53+0200,f3b72819-8f0f-4c0e-a936-e9ce989df431,2026-05-15T19:00:00Z,2026-05-15T21:00:00+0200,48815.66802,MW,DE,DE_LU,actual_load,Actual Load,2026-06-11T07:22:11Z
2026-06-11T07:20:53Z,2026-06-11T09:20:53+0200,f3b72819-8f0f-4c0e-a936-e9ce989df431,2026-05-15T19:15:00Z,2026-05-15T21:15:00+0200,49071.75825,MW,DE,DE_LU,actual_load,Actual Load,2026-06-11T07:22:11Z
2026-06-11T07:20:53Z,2026-06-11T09:20:53+0200,f3b72819-8f0f-4c0e-a936-e9ce989df431,2026-05-15T19:30:00Z,2026-05-15T21:30:00+0200,48747.93595,MW,DE,DE_LU,actual_load,Actual Load,2026-06-11T07:22:11Z
2026-06-11T07:20:53Z,2026-06-11T09:20:53+0200,f3b72819-8f0f-4c0e-a936-e9ce989df431,2026-05-15T19:45:00Z,2026-05-15T21:45:00+0200,48008.12369,MW,DE,DE_LU,actual_load,Actual Load,2026-06-11T07:22:11Z
2026-06-11T07:20:53Z,2026-06-11T09:20:53+0200,f3b72819-8f0f-4c0e-a936-e9ce989df431,2026-05-15T20:00:00Z,2026-05-15T22:00:00+0200,46729.56627,MW,DE,DE_LU,actual_load,Actual Load,2026-06-11T07:22:11Z
2026-06-11T07:20:53Z,2026-06-11T09:20:53+0200,f3b72819-8f0f-4c0e-a936-e9ce989df431,2026-05-15T20:15:00Z,2026-05-15T22:15:00+0200,46369.65787,MW,DE,DE_LU,actual_load,Actual Load,2026-06-11T07:22:11Z
2026-06-11T07:20:53Z,2026-06-11T09:20:53+0200,f3b72819-8f0f-4c0e-a936-e9ce989df431,2026-05-15T20:30:00Z,2026-05-15T22:30:00+0200,46035.23755,MW,DE,DE_LU,actual_load,Actual Load,2026-06-11T07:22:11Z
2026-06-11T07:20:53Z,2026-06-11T09:20:53+0200,f3b72819-8f0f-4c0e-a936-e9ce989df431,2026-05-15T20:45:00Z,2026-05-15T22:45:00+0200,45755.9024,MW,DE,DE_LU,actual_load,Actual Load,2026-06-11T07:22:11Z
2026-06-11T07:20:53Z,2026-06-11T09:20:53+0200,f3b72819-8f0f-4c0e-a936-e9ce989df431,2026-05-15T21:00:00Z,2026-05-15T23:00:00+0200,44176.42092,MW,DE,DE_LU,actual_load,Actual Load,2026-06-11T07:22:11Z
2026-06-11T07:20:53Z,2026-06-11T09:20:53+0200,f3b72819-8f0f-4c0e-a936-e9ce989df431,2026-05-15T21:15:00Z,2026-05-15T23:15:00+0200,43553.75561,MW,DE,DE_LU,actual_load,Actual Load,2026-06-11T07:22:11Z
2026-06-11T07:20:53Z,2026-06-11T09:20:53+0200,f3b72819-8f0f-4c0e-a936-e9ce989df431,2026-05-15T21:30:00Z,2026-05-15T23:30:00+0200,42542.81475,MW,DE,DE_LU,actual_load,Actual Load,2026-06-11T07:22:11Z
2026-06-11T07:20:53Z,2026-06-11T09:20:53+0200,f3b72819-8f0f-4c0e-a936-e9ce989df431,2026-05-15T21:45:00Z,2026-05-15T23:45:00+0200,42471.58959,MW,DE,DE_LU,actual_load,Actual Load,2026-06-11T07:22:11Z
2026-06-11T07:20:53Z,2026-06-11T09:20:53+0200,f3b72819-8f0f-4c0e-a936-e9ce989df431,2026-05-15T22:00:00Z,2026-05-16T00:00:00+0200,41289.14236,MW,DE,DE_LU,actual_load,Actual Load,2026-06-11T07:22:11Z
2026-06-11T07:20:53Z,2026-06-11T09:20:53+0200,f3b72819-8f0f-4c0e-a936-e9ce989df431,2026-05-15T22:15:00Z,2026-05-16T00:15:00+0200,40774.25183,MW,DE,DE_LU,actual_load,Actual Load,2026-06-11T07:22:11Z
2026-06-11T07:20:53Z,2026-06-11T09:20:53+0200,f3b72819-8f0f-4c0e-a936-e9ce989df431,2026-05-15T22:30:00Z,2026-05-16T00:30:00+0200,40654.73538,MW,DE,DE_LU,actual_load,Actual Load,2026-06-11T07:22:11Z
2026-06-11T07:20:53Z,2026-06-11T09:20:53+0200,f3b72819-8f0f-4c0e-a936-e9ce989df431,2026-05-15T22:45:00Z,2026-05-16T00:45:00+0200,40154.95982,MW,DE,DE_LU,actual_load,Actual Load,2026-06-11T07:22:11Z
2026-06-11T07:20:53Z,2026-06-11T09:20:53+0200,f3b72819-8f0f-4c0e-a936-e9ce989df431,2026-05-15T23:00:00Z,2026-05-16T01:00:00+0200,39704.40758,MW,DE,DE_LU,actual_load,Actual Load,2026-06-11T07:22:11Z
2026-06-11T07:20:53Z,2026-06-11T09:20:53+0200,f3b72819-8f0f-4c0e-a936-e9ce989df431,2026-05-15T23:15:00Z,2026-05-16T01:15:00+0200,39638.28228,MW,DE,DE_LU,actual_load,Actual Load,2026-06-11T07:22:11Z
2026-06-11T07:20:53Z,2026-06-11T09:20:53+0200,f3b72819-8f0f-4c0e-a936-e9ce989df431,2026-05-15T23:30:00Z,2026-05-16T01:30:00+0200,39183.99535,MW,DE,DE_LU,actual_load,Actual Load,2026-06-11T07:22:11Z
2026-06-11T07:20:53Z,2026-06-11T09:20:53+0200,f3b72819-8f0f-4c0e-a936-e9ce989df431,2026-05-15T23:45:00Z,2026-05-16T01:45:00+0200,38737.69553,MW,DE,DE_LU,actual_load,Actual Load,2026-06-11T07:22:11Z
2026-06-11T07:20:53Z,2026-06-11T09:20:53+0200,f3b72819-8f0f-4c0e-a936-e9ce989df431,2026-05-16T00:00:00Z,2026-05-16T02:00:00+0200,38369.9662,MW,DE,DE_LU,actual_load,Actual Load,2026-06-11T07:22:11Z
2026-06-11T07:20:53Z,2026-06-11T09:20:53+0200,f3b72819-8f0f-4c0e-a936-e9ce989df431,2026-05-16T00:15:00Z,2026-05-16T02:15:00+0200,38116.82255,MW,DE,DE_LU,actual_load,Actual Load,2026-06-11T07:22:11Z
2026-06-11T07:20:53Z,2026-06-11T09:20:53+0200,f3b72819-8f0f-4c0e-a936-e9ce989df431,2026-05-16T00:30:00Z,2026-05-16T02:30:00+0200,37925.02816,MW,DE,DE_LU,actual_load,Actual Load,2026-06-11T07:22:11Z
2026-06-11T07:20:53Z,2026-06-11T09:20:53+0200,f3b72819-8f0f-4c0e-a936-e9ce989df431,2026-05-16T00:45:00Z,2026-05-16T02:45:00+0200,38136.60515,MW,DE,DE_LU,actual_load,Actual Load,2026-06-11T07:22:11Z
2026-06-11T07:20:53Z,2026-06-11T09:20:53+0200,f3b72819-8f0f-4c0e-a936-e9ce989df431,2026-05-16T01:00:00Z,2026-05-16T03:00:00+0200,38089.13509,MW,DE,DE_LU,actual_load,Actual Load,2026-06-11T07:22:11Z
2026-06-11T07:20:53Z,2026-06-11T09:20:53+0200,f3b72819-8f0f-4c0e-a936-e9ce989df431,2026-05-16T01:15:00Z,2026-05-16T03:15:00+0200,38029.3018,MW,DE,DE_LU,actual_load,Actual Load,2026-06-11T07:22:11Z
2026-06-11T07:20:53Z,2026-06-11T09:20:53+0200,f3b72819-8f0f-4c0e-a936-e9ce989df431,2026-05-16T01:30:00Z,2026-05-16T03:30:00+0200,38207.86471,MW,DE,DE_LU,actual_load,Actual Load,2026-06-11T07:22:11Z
2026-06-11T07:20:53Z,2026-06-11T09:20:53+0200,f3b72819-8f0f-4c0e-a936-e9ce989df431,2026-05-16T01:45:00Z,2026-05-16T03:45:00+0200,37951.19321,MW,DE,DE_LU,actual_load,Actual Load,2026-06-11T07:22:11Z
2026-06-11T07:20:53Z,2026-06-11T09:20:53+0200,f3b72819-8f0f-4c0e-a936-e9ce989df431,2026-05-16T02:00:00Z,2026-05-16T04:00:00+0200,37754.34201,MW,DE,DE_LU,actual_load,Actual Load,2026-06-11T07:22:11Z
2026-06-11T07:20:53Z,2026-06-11T09:20:53+0200,f3b72819-8f0f-4c0e-a936-e9ce989df431,2026-05-16T02:15:00Z,2026-05-16T04:15:00+0200,37845.37369,MW,DE,DE_LU,actual_load,Actual Load,2026-06-11T07:22:11Z
2026-06-11T07:20:53Z,2026-06-11T09:20:53+0200,f3b72819-8f0f-4c0e-a936-e9ce989df431,2026-05-16T02:30:00Z,2026-05-16T04:30:00+0200,38103.30673,MW,DE,DE_LU,actual_load,Actual Load,2026-06-11T07:22:11Z
2026-06-11T07:20:53Z,2026-06-11T09:20:53+0200,f3b72819-8f0f-4c0e-a936-e9ce989df431,2026-05-16T02:45:00Z,2026-05-16T04:45:00+0200,37979.97898,MW,DE,DE_LU,actual_load,Actual Load,2026-06-11T07:22:11Z
2026-06-11T07:20:53Z,2026-06-11T09:20:53+0200,f3b72819-8f0f-4c0e-a936-e9ce989df431,2026-05-16T03:00:00Z,2026-05-16T05:00:00+0200,38450.43299,MW,DE,DE_LU,actual_load,Actual Load,2026-06-11T07:22:11Z
2026-06-11T07:20:53Z,2026-06-11T09:20:53+0200,f3b72819-8f0f-4c0e-a936-e9ce989df431,2026-05-16T03:15:00Z,2026-05-16T05:15:00+0200,38289.0042,MW,DE,DE_LU,actual_load,Actual Load,2026-06-11T07:22:11Z
2026-06-11T07:20:53Z,2026-06-11T09:20:53+0200,f3b72819-8f0f-4c0e-a936-e9ce989df431,2026-05-16T03:30:00Z,2026-05-16T05:30:00+0200,38224.97842,MW,DE,DE_LU,actual_load,Actual Load,2026-06-11T07:22:11Z
2026-06-11T07:20:53Z,2026-06-11T09:20:53+0200,f3b72819-8f0f-4c0e-a936-e9ce989df431,2026-05-16T03:45:00Z,2026-05-16T05:45:00+0200,38428.31992,MW,DE,DE_LU,actual_load,Actual Load,2026-06-11T07:22:11Z
2026-06-11T07:20:53Z,2026-06-11T09:20:53+0200,f3b72819-8f0f-4c0e-a936-e9ce989df431,2026-05-16T04:00:00Z,2026-05-16T06:00:00+0200,38785.98583,MW,DE,DE_LU,actual_load,Actual Load,2026-06-11T07:22:11Z
2026-06-11T07:20:53Z,2026-06-11T09:20:53+0200,f3b72819-8f0f-4c0e-a936-e9ce989df431,2026-05-16T04:15:00Z,2026-05-16T06:15:00+0200,39220.57667,MW,DE,DE_LU,actual_load,Actual Load,2026-06-11T07:22:11Z
2026-06-11T07:20:53Z,2026-06-11T09:20:53+0200,f3b72819-8f0f-4c0e-a936-e9ce989df431,2026-05-16T04:30:00Z,2026-05-16T06:30:00+0200,39622.38098,MW,DE,DE_LU,actual_load,Actual Load,2026-06-11T07:22:11Z
2026-06-11T07:20:53Z,2026-06-11T09:20:53+0200,f3b72819-8f0f-4c0e-a936-e9ce989df431,2026-05-16T04:45:00Z,2026-05-16T06:45:00+0200,40115.5441,MW,DE,DE_LU,actual_load,Actual Load,2026-06-11T07:22:11Z
2026-06-11T07:20:53Z,2026-06-11T09:20:53+0200,f3b72819-8f0f-4c0e-a936-e9ce989df431,2026-05-16T05:00:00Z,2026-05-16T07:00:00+0200,40023.44349,MW,DE,DE_LU,actual_load,Actual Load,2026-06-11T07:22:11Z
2026-06-11T07:20:53Z,2026-06-11T09:20:53+0200,f3b72819-8f0f-4c0e-a936-e9ce989df431,2026-05-16T05:15:00Z,2026-05-16T07:15:00+0200,41152.20984,MW,DE,DE_LU,actual_load,Actual Load,2026-06-11T07:22:11Z
2026-06-11T07:20:53Z,2026-06-11T09:20:53+0200,f3b72819-8f0f-4c0e-a936-e9ce989df431,2026-05-16T05:30:00Z,2026-05-16T07:30:00+0200,41577.55418,MW,DE,DE_LU,actual_load,Actual Load,2026-06-11T07:22:11Z
2026-06-11T07:20:53Z,2026-06-11T09:20:53+0200,f3b72819-8f0f-4c0e-a936-e9ce989df431,2026-05-16T05:45:00Z,2026-05-16T07:45:00+0200,42052.44249,MW,DE,DE_LU,actual_load,Actual Load,2026-06-11T07:22:11Z
2026-06-11T07:20:53Z,2026-06-11T09:20:53+0200,f3b72819-8f0f-4c0e-a936-e9ce989df431,2026-05-16T06:00:00Z,2026-05-16T08:00:00+0200,42281.44719,MW,DE,DE_LU,actual_load,Actual Load,2026-06-11T07:22:11Z
2026-06-11T07:20:53Z,2026-06-11T09:20:53+0200,f3b72819-8f0f-4c0e-a936-e9ce989df431,2026-05-16T06:15:00Z,2026-05-16T08:15:00+0200,43477.26132,MW,DE,DE_LU,actual_load,Actual Load,2026-06-11T07:22:11Z
2026-06-11T07:20:53Z,2026-06-11T09:20:53+0200,f3b72819-8f0f-4c0e-a936-e9ce989df431,2026-05-16T06:30:00Z,2026-05-16T08:30:00+0200,43973.8196,MW,DE,DE_LU,actual_load,Actual Load,2026-06-11T07:22:11Z
2026-06-11T07:20:53Z,2026-06-11T09:20:53+0200,f3b72819-8f0f-4c0e-a936-e9ce989df431,2026-05-16T06:45:00Z,2026-05-16T08:45:00+0200,44963.98215,MW,DE,DE_LU,actual_load,Actual Load,2026-06-11T07:22:11Z
2026-06-11T07:20:53Z,2026-06-11T09:20:53+0200,f3b72819-8f0f-4c0e-a936-e9ce989df431,2026-05-16T07:00:00Z,2026-05-16T09:00:00+0200,45976.42986,MW,DE,DE_LU,actual_load,Actual Load,2026-06-11T07:22:11Z
2026-06-11T07:20:53Z,2026-06-11T09:20:53+0200,f3b72819-8f0f-4c0e-a936-e9ce989df431,2026-05-16T07:15:00Z,2026-05-16T09:15:00+0200,45955.38345,MW,DE,DE_LU,actual_load,Actual Load,2026-06-11T07:22:11Z
2026-06-11T07:20:53Z,2026-06-11T09:20:53+0200,f3b72819-8f0f-4c0e-a936-e9ce989df431,2026-05-16T07:30:00Z,2026-05-16T09:30:00+0200,46440.42752,MW,DE,DE_LU,actual_load,Actual Load,2026-06-11T07:22:11Z
2026-06-11T07:20:53Z,2026-06-11T09:20:53+0200,f3b72819-8f0f-4c0e-a936-e9ce989df431,2026-05-16T07:45:00Z,2026-05-16T09:45:00+0200,46841.07565,MW,DE,DE_LU,actual_load,Actual Load,2026-06-11T07:22:11Z
2026-06-11T07:20:53Z,2026-06-11T09:20:53+0200,f3b72819-8f0f-4c0e-a936-e9ce989df431,2026-05-16T08:00:00Z,2026-05-16T10:00:00+0200,47932.20369,MW,DE,DE_LU,actual_load,Actual Load,2026-06-11T07:22:11Z
2026-06-11T07:20:53Z,2026-06-11T09:20:53+0200,f3b72819-8f0f-4c0e-a936-e9ce989df431,2026-05-16T08:15:00Z,2026-05-16T10:15:00+0200,47938.85706,MW,DE,DE_LU,actual_load,Actual Load,2026-06-11T07:22:11Z
2026-06-11T07:20:53Z,2026-06-11T09:20:53+0200,f3b72819-8f0f-4c0e-a936-e9ce989df431,2026-05-16T08:30:00Z,2026-05-16T10:30:00+0200,47981.39294,MW,DE,DE_LU,actual_load,Actual Load,2026-06-11T07:22:11Z
2026-06-11T07:20:53Z,2026-06-11T09:20:53+0200,f3b72819-8f0f-4c0e-a936-e9ce989df431,2026-05-16T08:45:00Z,2026-05-16T10:45:00+0200,47657.66631,MW,DE,DE_LU,actual_load,Actual Load,2026-06-11T07:22:11Z
2026-06-11T07:20:53Z,2026-06-11T09:20:53+0200,f3b72819-8f0f-4c0e-a936-e9ce989df431,2026-05-16T09:00:00Z,2026-05-16T11:00:00+0200,47932.26557,MW,DE,DE_LU,actual_load,Actual Load,2026-06-11T07:22:11Z
2026-06-11T07:20:53Z,2026-06-11T09:20:53+0200,f3b72819-8f0f-4c0e-a936-e9ce989df431,2026-05-16T09:15:00Z,2026-05-16T11:15:00+0200,48612.30129,MW,DE,DE_LU,actual_load,Actual Load,2026-06-11T07:22:11Z
2026-06-11T07:20:53Z,2026-06-11T09:20:53+0200,f3b72819-8f0f-4c0e-a936-e9ce989df431,2026-05-16T09:30:00Z,2026-05-16T11:30:00+0200,48912.01245,MW,DE,DE_LU,actual_load,Actual Load,2026-06-11T07:22:11Z
2026-06-11T07:20:53Z,2026-06-11T09:20:53+0200,f3b72819-8f0f-4c0e-a936-e9ce989df431,2026-05-16T09:45:00Z,2026-05-16T11:45:00+0200,48784.27502,MW,DE,DE_LU,actual_load,Actual Load,2026-06-11T07:22:11Z
2026-06-11T07:20:53Z,2026-06-11T09:20:53+0200,f3b72819-8f0f-4c0e-a936-e9ce989df431,2026-05-16T10:00:00Z,2026-05-16T12:00:00+0200,48479.68834,MW,DE,DE_LU,actual_load,Actual Load,2026-06-11T07:22:11Z
2026-06-11T07:20:53Z,2026-06-11T09:20:53+0200,f3b72819-8f0f-4c0e-a936-e9ce989df431,2026-05-16T10:15:00Z,2026-05-16T12:15:00+0200,48565.65492,MW,DE,DE_LU,actual_load,Actual Load,2026-06-11T07:22:11Z
2026-06-11T07:20:53Z,2026-06-11T09:20:53+0200,f3b72819-8f0f-4c0e-a936-e9ce989df431,2026-05-16T10:30:00Z,2026-05-16T12:30:00+0200,48851.33903,MW,DE,DE_LU,actual_load,Actual Load,2026-06-11T07:22:11Z
2026-06-11T07:20:53Z,2026-06-11T09:20:53+0200,f3b72819-8f0f-4c0e-a936-e9ce989df431,2026-05-16T10:45:00Z,2026-05-16T12:45:00+0200,48357.01778,MW,DE,DE_LU,actual_load,Actual Load,2026-06-11T07:22:11Z
2026-06-11T07:20:53Z,2026-06-11T09:20:53+0200,f3b72819-8f0f-4c0e-a936-e9ce989df431,2026-05-16T11:00:00Z,2026-05-16T13:00:00+0200,47291.06187,MW,DE,DE_LU,actual_load,Actual Load,2026-06-11T07:22:11Z
2026-06-11T07:20:53Z,2026-06-11T09:20:53+0200,f3b72819-8f0f-4c0e-a936-e9ce989df431,2026-05-16T11:15:00Z,2026-05-16T13:15:00+0200,46469.40203,MW,DE,DE_LU,actual_load,Actual Load,2026-06-11T07:22:11Z
2026-06-11T07:20:53Z,2026-06-11T09:20:53+0200,f3b72819-8f0f-4c0e-a936-e9ce989df431,2026-05-16T11:30:00Z,2026-05-16T13:30:00+0200,46190.62545,MW,DE,DE_LU,actual_load,Actual Load,2026-06-11T07:22:11Z
2026-06-11T07:20:53Z,2026-06-11T09:20:53+0200,f3b72819-8f0f-4c0e-a936-e9ce989df431,2026-05-16T11:45:00Z,2026-05-16T13:45:00+0200,45914.705,MW,DE,DE_LU,actual_load,Actual Load,2026-06-11T07:22:11Z
2026-06-11T07:20:53Z,2026-06-11T09:20:53+0200,f3b72819-8f0f-4c0e-a936-e9ce989df431,2026-05-16T12:00:00Z,2026-05-16T14:00:00+0200,45918.80651,MW,DE,DE_LU,actual_load,Actual Load,2026-06-11T07:22:11Z
2026-06-11T07:20:53Z,2026-06-11T09:20:53+0200,f3b72819-8f0f-4c0e-a936-e9ce989df431,2026-05-16T12:15:00Z,2026-05-16T14:15:00+0200,45585.81544,MW,DE,DE_LU,actual_load,Actual Load,2026-06-11T07:22:11Z
2026-06-11T07:20:53Z,2026-06-11T09:20:53+0200,f3b72819-8f0f-4c0e-a936-e9ce989df431,2026-05-16T12:30:00Z,2026-05-16T14:30:00+0200,45397.67875,MW,DE,DE_LU,actual_load,Actual Load,2026-06-11T07:22:11Z
2026-06-11T07:20:53Z,2026-06-11T09:20:53+0200,f3b72819-8f0f-4c0e-a936-e9ce989df431,2026-05-16T12:45:00Z,2026-05-16T14:45:00+0200,44986.69046,MW,DE,DE_LU,actual_load,Actual Load,2026-06-11T07:22:11Z
2026-06-11T07:20:53Z,2026-06-11T09:20:53+0200,f3b72819-8f0f-4c0e-a936-e9ce989df431,2026-05-16T13:00:00Z,2026-05-16T15:00:00+0200,44989.77646,MW,DE,DE_LU,actual_load,Actual Load,2026-06-11T07:22:11Z
2026-06-11T07:20:53Z,2026-06-11T09:20:53+0200,f3b72819-8f0f-4c0e-a936-e9ce989df431,2026-05-16T13:15:00Z,2026-05-16T15:15:00+0200,44055.62039,MW,DE,DE_LU,actual_load,Actual Load,2026-06-11T07:22:11Z
2026-06-11T07:20:53Z,2026-06-11T09:20:53+0200,f3b72819-8f0f-4c0e-a936-e9ce989df431,2026-05-16T13:30:00Z,2026-05-16T15:30:00+0200,43748.34955,MW,DE,DE_LU,actual_load,Actual Load,2026-06-11T07:22:11Z
2026-06-11T07:20:53Z,2026-06-11T09:20:53+0200,f3b72819-8f0f-4c0e-a936-e9ce989df431,2026-05-16T13:45:00Z,2026-05-16T15:45:00+0200,43968.05853,MW,DE,DE_LU,actual_load,Actual Load,2026-06-11T07:22:11Z
2026-06-11T07:20:53Z,2026-06-11T09:20:53+0200,f3b72819-8f0f-4c0e-a936-e9ce989df431,2026-05-16T14:00:00Z,2026-05-16T16:00:00+0200,43956.93333,MW,DE,DE_LU,actual_load,Actual Load,2026-06-11T07:22:11Z
2026-06-11T07:20:53Z,2026-06-11T09:20:53+0200,f3b72819-8f0f-4c0e-a936-e9ce989df431,2026-05-16T14:15:00Z,2026-05-16T16:15:00+0200,43616.54029,MW,DE,DE_LU,actual_load,Actual Load,2026-06-11T07:22:11Z
2026-06-11T07:20:53Z,2026-06-11T09:20:53+0200,f3b72819-8f0f-4c0e-a936-e9ce989df431,2026-05-16T14:30:00Z,2026-05-16T16:30:00+0200,43302.4702,MW,DE,DE_LU,actual_load,Actual Load,2026-06-11T07:22:11Z
2026-06-11T07:20:53Z,2026-06-11T09:20:53+0200,f3b72819-8f0f-4c0e-a936-e9ce989df431,2026-05-16T14:45:00Z,2026-05-16T16:45:00+0200,42725.81606,MW,DE,DE_LU,actual_load,Actual Load,2026-06-11T07:22:11Z
2026-06-11T07:20:53Z,2026-06-11T09:20:53+0200,f3b72819-8f0f-4c0e-a936-e9ce989df431,2026-05-16T15:00:00Z,2026-05-16T17:00:00+0200,43860.72487,MW,DE,DE_LU,actual_load,Actual Load,2026-06-11T07:22:11Z
2026-06-11T07:20:53Z,2026-06-11T09:20:53+0200,f3b72819-8f0f-4c0e-a936-e9ce989df431,2026-05-16T15:15:00Z,2026-05-16T17:15:00+0200,44476.56098,MW,DE,DE_LU,actual_load,Actual Load,2026-06-11T07:22:11Z
2026-06-11T07:20:53Z,2026-06-11T09:20:53+0200,f3b72819-8f0f-4c0e-a936-e9ce989df431,2026-05-16T15:30:00Z,2026-05-16T17:30:00+0200,44905.26605,MW,DE,DE_LU,actual_load,Actual Load,2026-06-11T07:22:11Z
2026-06-11T07:20:53Z,2026-06-11T09:20:53+0200,f3b72819-8f0f-4c0e-a936-e9ce989df431,2026-05-16T15:45:00Z,2026-05-16T17:45:00+0200,45389.2214,MW,DE,DE_LU,actual_load,Actual Load,2026-06-11T07:22:11Z
2026-06-11T07:20:53Z,2026-06-11T09:20:53+0200,f3b72819-8f0f-4c0e-a936-e9ce989df431,2026-05-16T16:00:00Z,2026-05-16T18:00:00+0200,45961.73082,MW,DE,DE_LU,actual_load,Actual Load,2026-06-11T07:22:11Z
2026-06-11T07:20:53Z,2026-06-11T09:20:53+0200,f3b72819-8f0f-4c0e-a936-e9ce989df431,2026-05-16T16:15:00Z,2026-05-16T18:15:00+0200,46071.47015,MW,DE,DE_LU,actual_load,Actual Load,2026-06-11T07:22:11Z
2026-06-11T07:20:53Z,2026-06-11T09:20:53+0200,f3b72819-8f0f-4c0e-a936-e9ce989df431,2026-05-16T16:30:00Z,2026-05-16T18:30:00+0200,46460.4899,MW,DE,DE_LU,actual_load,Actual Load,2026-06-11T07:22:11Z
2026-06-11T07:20:53Z,2026-06-11T09:20:53+0200,f3b72819-8f0f-4c0e-a936-e9ce989df431,2026-05-16T16:45:00Z,2026-05-16T18:45:00+0200,47269.57805,MW,DE,DE_LU,actual_load,Actual Load,2026-06-11T07:22:11Z
2026-06-11T07:20:53Z,2026-06-11T09:20:53+0200,f3b72819-8f0f-4c0e-a936-e9ce989df431,2026-05-16T17:00:00Z,2026-05-16T19:00:00+0200,47526.64133,MW,DE,DE_LU,actual_load,Actual Load,2026-06-11T07:22:11Z
2026-06-11T07:20:53Z,2026-06-11T09:20:53+0200,f3b72819-8f0f-4c0e-a936-e9ce989df431,2026-05-16T17:15:00Z,2026-05-16T19:15:00+0200,47474.69791,MW,DE,DE_LU,actual_load,Actual Load,2026-06-11T07:22:11Z
2026-06-11T07:20:53Z,2026-06-11T09:20:53+0200,f3b72819-8f0f-4c0e-a936-e9ce989df431,2026-05-16T17:30:00Z,2026-05-16T19:30:00+0200,48129.72308,MW,DE,DE_LU,actual_load,Actual Load,2026-06-11T07:22:11Z
2026-06-11T07:20:53Z,2026-06-11T09:20:53+0200,f3b72819-8f0f-4c0e-a936-e9ce989df431,2026-05-16T17:45:00Z,2026-05-16T19:45:00+0200,48205.51528,MW,DE,DE_LU,actual_load,Actual Load,2026-06-11T07:22:11Z
2026-06-11T07:20:53Z,2026-06-11T09:20:53+0200,f3b72819-8f0f-4c0e-a936-e9ce989df431,2026-05-16T18:00:00Z,2026-05-16T20:00:00+0200,47822.59239,MW,DE,DE_LU,actual_load,Actual Load,2026-06-11T07:22:11Z
2026-06-11T07:20:53Z,2026-06-11T09:20:53+0200,f3b72819-8f0f-4c0e-a936-e9ce989df431,2026-05-16T18:15:00Z,2026-05-16T20:15:00+0200,47482.56539,MW,DE,DE_LU,actual_load,Actual Load,2026-06-11T07:22:11Z
2026-06-11T07:20:53Z,2026-06-11T09:20:53+0200,f3b72819-8f0f-4c0e-a936-e9ce989df431,2026-05-16T18:30:00Z,2026-05-16T20:30:00+0200,46444.29789,MW,DE,DE_LU,actual_load,Actual Load,2026-06-11T07:22:11Z
2026-06-11T07:20:53Z,2026-06-11T09:20:53+0200,f3b72819-8f0f-4c0e-a936-e9ce989df431,2026-05-16T18:45:00Z,2026-05-16T20:45:00+0200,45639.49133,MW,DE,DE_LU,actual_load,Actual Load,2026-06-11T07:22:11Z
2026-06-11T07:20:53Z,2026-06-11T09:20:53+0200,f3b72819-8f0f-4c0e-a936-e9ce989df431,2026-05-16T19:00:00Z,2026-05-16T21:00:00+0200,45825.89381,MW,DE,DE_LU,actual_load,Actual Load,2026-06-11T07:22:11Z
2026-06-11T07:20:53Z,2026-06-11T09:20:53+0200,f3b72819-8f0f-4c0e-a936-e9ce989df431,2026-05-16T19:15:00Z,2026-05-16T21:15:00+0200,45802.4152,MW,DE,DE_LU,actual_load,Actual Load,2026-06-11T07:22:11Z
2026-06-11T07:20:53Z,2026-06-11T09:20:53+0200,f3b72819-8f0f-4c0e-a936-e9ce989df431,2026-05-16T19:30:00Z,2026-05-16T21:30:00+0200,45305.77837,MW,DE,DE_LU,actual_load,Actual Load,2026-06-11T07:22:11Z
2026-06-11T07:20:53Z,2026-06-11T09:20:53+0200,f3b72819-8f0f-4c0e-a936-e9ce989df431,2026-05-16T19:45:00Z,2026-05-16T21:45:00+0200,44997.78545,MW,DE,DE_LU,actual_load,Actual Load,2026-06-11T07:22:11Z
2026-06-11T07:20:53Z,2026-06-11T09:20:53+0200,f3b72819-8f0f-4c0e-a936-e9ce989df431,2026-05-16T20:00:00Z,2026-05-16T22:00:00+0200,45361.4706,MW,DE,DE_LU,actual_load,Actual Load,2026-06-11T07:22:11Z
2026-06-11T07:20:53Z,2026-06-11T09:20:53+0200,f3b72819-8f0f-4c0e-a936-e9ce989df431,2026-05-16T20:15:00Z,2026-05-16T22:15:00+0200,45063.55126,MW,DE,DE_LU,actual_load,Actual Load,2026-06-11T07:22:11Z
2026-06-11T07:20:53Z,2026-06-11T09:20:53+0200,f3b72819-8f0f-4c0e-a936-e9ce989df431,2026-05-16T20:30:00Z,2026-05-16T22:30:00+0200,43943.83635,MW,DE,DE_LU,actual_load,Actual Load,2026-06-11T07:22:11Z
2026-06-11T07:20:53Z,2026-06-11T09:20:53+0200,f3b72819-8f0f-4c0e-a936-e9ce989df431,2026-05-16T20:45:00Z,2026-05-16T22:45:00+0200,43058.05864,MW,DE,DE_LU,actual_load,Actual Load,2026-06-11T07:22:11Z
2026-06-11T07:20:53Z,2026-06-11T09:20:53+0200,f3b72819-8f0f-4c0e-a936-e9ce989df431,2026-05-16T21:00:00Z,2026-05-16T23:00:00+0200,42695.98698,MW,DE,DE_LU,actual_load,Actual Load,2026-06-11T07:22:11Z
2026-06-11T07:20:53Z,2026-06-11T09:20:53+0200,f3b72819-8f0f-4c0e-a936-e9ce989df431,2026-05-16T21:15:00Z,2026-05-16T23:15:00+0200,42306.72031,MW,DE,DE_LU,actual_load,Actual Load,2026-06-11T07:22:11Z
2026-06-11T07:20:53Z,2026-06-11T09:20:53+0200,f3b72819-8f0f-4c0e-a936-e9ce989df431,2026-05-16T21:30:00Z,2026-05-16T23:30:00+0200,41666.24431,MW,DE,DE_LU,actual_load,Actual Load,2026-06-11T07:22:11Z
2026-06-11T07:20:53Z,2026-06-11T09:20:53+0200,f3b72819-8f0f-4c0e-a936-e9ce989df431,2026-05-16T21:45:00Z,2026-05-16T23:45:00+0200,41618.68825,MW,DE,DE_LU,actual_load,Actual Load,2026-06-11T07:22:11Z
2026-06-11T07:20:53Z,2026-06-11T09:20:53+0200,f3b72819-8f0f-4c0e-a936-e9ce989df431,2026-05-16T22:00:00Z,2026-05-17T00:00:00+0200,41396.44428,MW,DE,DE_LU,actual_load,Actual Load,2026-06-11T07:22:11Z
2026-06-11T07:20:53Z,2026-06-11T09:20:53+0200,f3b72819-8f0f-4c0e-a936-e9ce989df431,2026-05-16T22:15:00Z,2026-05-17T00:15:00+0200,40291.21314,MW,DE,DE_LU,actual_load,Actual Load,2026-06-11T07:22:11Z
2026-06-11T07:20:53Z,2026-06-11T09:20:53+0200,f3b72819-8f0f-4c0e-a936-e9ce989df431,2026-05-16T22:30:00Z,2026-05-17T00:30:00+0200,40073.54896,MW,DE,DE_LU,actual_load,Actual Load,2026-06-11T07:22:11Z
2026-06-11T07:20:53Z,2026-06-11T09:20:53+0200,f3b72819-8f0f-4c0e-a936-e9ce989df431,2026-05-16T22:45:00Z,2026-05-17T00:45:00+0200,39681.44737,MW,DE,DE_LU,actual_load,Actual Load,2026-06-11T07:22:11Z
2026-06-11T07:20:53Z,2026-06-11T09:20:53+0200,f3b72819-8f0f-4c0e-a936-e9ce989df431,2026-05-16T23:00:00Z,2026-05-17T01:00:00+0200,39434.59045,MW,DE,DE_LU,actual_load,Actual Load,2026-06-11T07:22:11Z
2026-06-11T07:20:53Z,2026-06-11T09:20:53+0200,f3b72819-8f0f-4c0e-a936-e9ce989df431,2026-05-16T23:15:00Z,2026-05-17T01:15:00+0200,38768.65575,MW,DE,DE_LU,actual_load,Actual Load,2026-06-11T07:22:11Z
2026-06-11T07:20:53Z,2026-06-11T09:20:53+0200,f3b72819-8f0f-4c0e-a936-e9ce989df431,2026-05-16T23:30:00Z,2026-05-17T01:30:00+0200,38293.5217,MW,DE,DE_LU,actual_load,Actual Load,2026-06-11T07:22:11Z
2026-06-11T07:20:53Z,2026-06-11T09:20:53+0200,f3b72819-8f0f-4c0e-a936-e9ce989df431,2026-05-16T23:45:00Z,2026-05-17T01:45:00+0200,38298.18269,MW,DE,DE_LU,actual_load,Actual Load,2026-06-11T07:22:11Z
2026-06-11T07:20:53Z,2026-06-11T09:20:53+0200,f3b72819-8f0f-4c0e-a936-e9ce989df431,2026-05-17T00:00:00Z,2026-05-17T02:00:00+0200,38318.73932,MW,DE,DE_LU,actual_load,Actual Load,2026-06-11T07:22:11Z
2026-06-11T07:20:53Z,2026-06-11T09:20:53+0200,f3b72819-8f0f-4c0e-a936-e9ce989df431,2026-05-17T00:15:00Z,2026-05-17T02:15:00+0200,37981.48626,MW,DE,DE_LU,actual_load,Actual Load,2026-06-11T07:22:11Z
2026-06-11T07:20:53Z,2026-06-11T09:20:53+0200,f3b72819-8f0f-4c0e-a936-e9ce989df431,2026-05-17T00:30:00Z,2026-05-17T02:30:00+0200,37736.81325,MW,DE,DE_LU,actual_load,Actual Load,2026-06-11T07:22:11Z
2026-06-11T07:20:53Z,2026-06-11T09:20:53+0200,f3b72819-8f0f-4c0e-a936-e9ce989df431,2026-05-17T00:45:00Z,2026-05-17T02:45:00+0200,37534.56472,MW,DE,DE_LU,actual_load,Actual Load,2026-06-11T07:22:11Z
2026-06-11T07:20:53Z,2026-06-11T09:20:53+0200,f3b72819-8f0f-4c0e-a936-e9ce989df431,2026-05-17T01:00:00Z,2026-05-17T03:00:00+0200,37460.9096,MW,DE,DE_LU,actual_load,Actual Load,2026-06-11T07:22:11Z
2026-06-11T07:20:53Z,2026-06-11T09:20:53+0200,f3b72819-8f0f-4c0e-a936-e9ce989df431,2026-05-17T01:15:00Z,2026-05-17T03:15:00+0200,37603.03174,MW,DE,DE_LU,actual_load,Actual Load,2026-06-11T07:22:11Z
2026-06-11T07:20:53Z,2026-06-11T09:20:53+0200,f3b72819-8f0f-4c0e-a936-e9ce989df431,2026-05-17T01:30:00Z,2026-05-17T03:30:00+0200,37477.19724,MW,DE,DE_LU,actual_load,Actual Load,2026-06-11T07:22:11Z
2026-06-11T07:20:53Z,2026-06-11T09:20:53+0200,f3b72819-8f0f-4c0e-a936-e9ce989df431,2026-05-17T01:45:00Z,2026-05-17T03:45:00+0200,37498.99173,MW,DE,DE_LU,actual_load,Actual Load,2026-06-11T07:22:11Z
2026-06-11T07:20:53Z,2026-06-11T09:20:53+0200,f3b72819-8f0f-4c0e-a936-e9ce989df431,2026-05-17T02:00:00Z,2026-05-17T04:00:00+0200,37249.82169,MW,DE,DE_LU,actual_load,Actual Load,2026-06-11T07:22:11Z
2026-06-11T07:20:53Z,2026-06-11T09:20:53+0200,f3b72819-8f0f-4c0e-a936-e9ce989df431,2026-05-17T02:15:00Z,2026-05-17T04:15:00+0200,37453.69695,MW,DE,DE_LU,actual_load,Actual Load,2026-06-11T07:22:11Z
2026-06-11T07:20:53Z,2026-06-11T09:20:53+0200,f3b72819-8f0f-4c0e-a936-e9ce989df431,2026-05-17T02:30:00Z,2026-05-17T04:30:00+0200,37874.69008,MW,DE,DE_LU,actual_load,Actual Load,2026-06-11T07:22:11Z
2026-06-11T07:20:53Z,2026-06-11T09:20:53+0200,f3b72819-8f0f-4c0e-a936-e9ce989df431,2026-05-17T02:45:00Z,2026-05-17T04:45:00+0200,37925.10805,MW,DE,DE_LU,actual_load,Actual Load,2026-06-11T07:22:11Z
2026-06-11T07:20:53Z,2026-06-11T09:20:53+0200,f3b72819-8f0f-4c0e-a936-e9ce989df431,2026-05-17T03:00:00Z,2026-05-17T05:00:00+0200,38167.09032,MW,DE,DE_LU,actual_load,Actual Load,2026-06-11T07:22:11Z
2026-06-11T07:20:53Z,2026-06-11T09:20:53+0200,f3b72819-8f0f-4c0e-a936-e9ce989df431,2026-05-17T03:15:00Z,2026-05-17T05:15:00+0200,38234.60845,MW,DE,DE_LU,actual_load,Actual Load,2026-06-11T07:22:11Z
2026-06-11T07:20:53Z,2026-06-11T09:20:53+0200,f3b72819-8f0f-4c0e-a936-e9ce989df431,2026-05-17T03:30:00Z,2026-05-17T05:30:00+0200,38205.01148,MW,DE,DE_LU,actual_load,Actual Load,2026-06-11T07:22:11Z
2026-06-11T07:20:53Z,2026-06-11T09:20:53+0200,f3b72819-8f0f-4c0e-a936-e9ce989df431,2026-05-17T03:45:00Z,2026-05-17T05:45:00+0200,38119.12096,MW,DE,DE_LU,actual_load,Actual Load,2026-06-11T07:22:11Z
2026-06-11T07:20:53Z,2026-06-11T09:20:53+0200,f3b72819-8f0f-4c0e-a936-e9ce989df431,2026-05-17T04:00:00Z,2026-05-17T06:00:00+0200,38467.40307,MW,DE,DE_LU,actual_load,Actual Load,2026-06-11T07:22:11Z
2026-06-11T07:20:53Z,2026-06-11T09:20:53+0200,f3b72819-8f0f-4c0e-a936-e9ce989df431,2026-05-17T04:15:00Z,2026-05-17T06:15:00+0200,38576.98942,MW,DE,DE_LU,actual_load,Actual Load,2026-06-11T07:22:11Z
2026-06-11T07:20:53Z,2026-06-11T09:20:53+0200,f3b72819-8f0f-4c0e-a936-e9ce989df431,2026-05-17T04:30:00Z,2026-05-17T06:30:00+0200,38887.89805,MW,DE,DE_LU,actual_load,Actual Load,2026-06-11T07:22:11Z
2026-06-11T07:20:53Z,2026-06-11T09:20:53+0200,f3b72819-8f0f-4c0e-a936-e9ce989df431,2026-05-17T04:45:00Z,2026-05-17T06:45:00+0200,38980.46843,MW,DE,DE_LU,actual_load,Actual Load,2026-06-11T07:22:11Z
2026-06-11T07:20:53Z,2026-06-11T09:20:53+0200,f3b72819-8f0f-4c0e-a936-e9ce989df431,2026-05-17T05:00:00Z,2026-05-17T07:00:00+0200,39120.22685,MW,DE,DE_LU,actual_load,Actual Load,2026-06-11T07:22:11Z
2026-06-11T07:20:53Z,2026-06-11T09:20:53+0200,f3b72819-8f0f-4c0e-a936-e9ce989df431,2026-05-17T05:15:00Z,2026-05-17T07:15:00+0200,39420.53411,MW,DE,DE_LU,actual_load,Actual Load,2026-06-11T07:22:11Z
2026-06-11T07:20:53Z,2026-06-11T09:20:53+0200,f3b72819-8f0f-4c0e-a936-e9ce989df431,2026-05-17T05:30:00Z,2026-05-17T07:30:00+0200,39750.54918,MW,DE,DE_LU,actual_load,Actual Load,2026-06-11T07:22:11Z
2026-06-11T07:20:53Z,2026-06-11T09:20:53+0200,f3b72819-8f0f-4c0e-a936-e9ce989df431,2026-05-17T05:45:00Z,2026-05-17T07:45:00+0200,40142.51083,MW,DE,DE_LU,actual_load,Actual Load,2026-06-11T07:22:11Z
2026-06-11T07:20:53Z,2026-06-11T09:20:53+0200,f3b72819-8f0f-4c0e-a936-e9ce989df431,2026-05-17T06:00:00Z,2026-05-17T08:00:00+0200,39671.0722,MW,DE,DE_LU,actual_load,Actual Load,2026-06-11T07:22:11Z
2026-06-11T07:20:53Z,2026-06-11T09:20:53+0200,f3b72819-8f0f-4c0e-a936-e9ce989df431,2026-05-17T06:15:00Z,2026-05-17T08:15:00+0200,40204.27608,MW,DE,DE_LU,actual_load,Actual Load,2026-06-11T07:22:11Z
2026-06-11T07:20:53Z,2026-06-11T09:20:53+0200,f3b72819-8f0f-4c0e-a936-e9ce989df431,2026-05-17T06:30:00Z,2026-05-17T08:30:00+0200,40447.02142,MW,DE,DE_LU,actual_load,Actual Load,2026-06-11T07:22:11Z
2026-06-11T07:20:53Z,2026-06-11T09:20:53+0200,f3b72819-8f0f-4c0e-a936-e9ce989df431,2026-05-17T06:45:00Z,2026-05-17T08:45:00+0200,40702.91631,MW,DE,DE_LU,actual_load,Actual Load,2026-06-11T07:22:11Z
2026-06-11T07:20:53Z,2026-06-11T09:20:53+0200,f3b72819-8f0f-4c0e-a936-e9ce989df431,2026-05-17T07:00:00Z,2026-05-17T09:00:00+0200,41277.55043,MW,DE,DE_LU,actual_load,Actual Load,2026-06-11T07:22:11Z
2026-06-11T07:20:53Z,2026-06-11T09:20:53+0200,f3b72819-8f0f-4c0e-a936-e9ce989df431,2026-05-17T07:15:00Z,2026-05-17T09:15:00+0200,41609.56359,MW,DE,DE_LU,actual_load,Actual Load,2026-06-11T07:22:11Z
2026-06-11T07:20:53Z,2026-06-11T09:20:53+0200,f3b72819-8f0f-4c0e-a936-e9ce989df431,2026-05-17T07:30:00Z,2026-05-17T09:30:00+0200,41257.55829,MW,DE,DE_LU,actual_load,Actual Load,2026-06-11T07:22:11Z
2026-06-11T07:20:53Z,2026-06-11T09:20:53+0200,f3b72819-8f0f-4c0e-a936-e9ce989df431,2026-05-17T07:45:00Z,2026-05-17T09:45:00+0200,41632.36097,MW,DE,DE_LU,actual_load,Actual Load,2026-06-11T07:22:11Z
2026-06-11T07:20:53Z,2026-06-11T09:20:53+0200,f3b72819-8f0f-4c0e-a936-e9ce989df431,2026-05-17T08:00:00Z,2026-05-17T10:00:00+0200,42201.40985,MW,DE,DE_LU,actual_load,Actual Load,2026-06-11T07:22:11Z
2026-06-11T07:20:53Z,2026-06-11T09:20:53+0200,f3b72819-8f0f-4c0e-a936-e9ce989df431,2026-05-17T08:15:00Z,2026-05-17T10:15:00+0200,42297.80643,MW,DE,DE_LU,actual_load,Actual Load,2026-06-11T07:22:11Z
2026-06-11T07:20:53Z,2026-06-11T09:20:53+0200,f3b72819-8f0f-4c0e-a936-e9ce989df431,2026-05-17T08:30:00Z,2026-05-17T10:30:00+0200,42063.09458,MW,DE,DE_LU,actual_load,Actual Load,2026-06-11T07:22:11Z
2026-06-11T07:20:53Z,2026-06-11T09:20:53+0200,f3b72819-8f0f-4c0e-a936-e9ce989df431,2026-05-17T08:45:00Z,2026-05-17T10:45:00+0200,42711.38645,MW,DE,DE_LU,actual_load,Actual Load,2026-06-11T07:22:11Z
2026-06-11T07:20:53Z,2026-06-11T09:20:53+0200,f3b72819-8f0f-4c0e-a936-e9ce989df431,2026-05-17T09:00:00Z,2026-05-17T11:00:00+0200,43230.65466,MW,DE,DE_LU,actual_load,Actual Load,2026-06-11T07:22:11Z
2026-06-11T07:20:53Z,2026-06-11T09:20:53+0200,f3b72819-8f0f-4c0e-a936-e9ce989df431,2026-05-17T09:15:00Z,2026-05-17T11:15:00+0200,43663.95071,MW,DE,DE_LU,actual_load,Actual Load,2026-06-11T07:22:11Z
2026-06-11T07:20:53Z,2026-06-11T09:20:53+0200,f3b72819-8f0f-4c0e-a936-e9ce989df431,2026-05-17T09:30:00Z,2026-05-17T11:30:00+0200,44202.68319,MW,DE,DE_LU,actual_load,Actual Load,2026-06-11T07:22:11Z
2026-06-11T07:20:53Z,2026-06-11T09:20:53+0200,f3b72819-8f0f-4c0e-a936-e9ce989df431,2026-05-17T09:45:00Z,2026-05-17T11:45:00+0200,43651.48529,MW,DE,DE_LU,actual_load,Actual Load,2026-06-11T07:22:11Z
2026-06-11T07:20:53Z,2026-06-11T09:20:53+0200,f3b72819-8f0f-4c0e-a936-e9ce989df431,2026-05-17T10:00:00Z,2026-05-17T12:00:00+0200,43227.29003,MW,DE,DE_LU,actual_load,Actual Load,2026-06-11T07:22:11Z
2026-06-11T07:20:53Z,2026-06-11T09:20:53+0200,f3b72819-8f0f-4c0e-a936-e9ce989df431,2026-05-17T10:15:00Z,2026-05-17T12:15:00+0200,43135.28266,MW,DE,DE_LU,actual_load,Actual Load,2026-06-11T07:22:11Z
2026-06-11T07:20:53Z,2026-06-11T09:20:53+0200,f3b72819-8f0f-4c0e-a936-e9ce989df431,2026-05-17T10:30:00Z,2026-05-17T12:30:00+0200,43171.32854,MW,DE,DE_LU,actual_load,Actual Load,2026-06-11T07:22:11Z
2026-06-11T07:20:53Z,2026-06-11T09:20:53+0200,f3b72819-8f0f-4c0e-a936-e9ce989df431,2026-05-17T10:45:00Z,2026-05-17T12:45:00+0200,43231.78876,MW,DE,DE_LU,actual_load,Actual Load,2026-06-11T07:22:11Z
2026-06-11T07:20:53Z,2026-06-11T09:20:53+0200,f3b72819-8f0f-4c0e-a936-e9ce989df431,2026-05-17T11:00:00Z,2026-05-17T13:00:00+0200,42819.71709,MW,DE,DE_LU,actual_load,Actual Load,2026-06-11T07:22:11Z
2026-06-11T07:20:53Z,2026-06-11T09:20:53+0200,f3b72819-8f0f-4c0e-a936-e9ce989df431,2026-05-17T11:15:00Z,2026-05-17T13:15:00+0200,42379.04187,MW,DE,DE_LU,actual_load,Actual Load,2026-06-11T07:22:11Z
2026-06-11T07:20:53Z,2026-06-11T09:20:53+0200,f3b72819-8f0f-4c0e-a936-e9ce989df431,2026-05-17T11:30:00Z,2026-05-17T13:30:00+0200,41911.02222,MW,DE,DE_LU,actual_load,Actual Load,2026-06-11T07:22:11Z
2026-06-11T07:20:53Z,2026-06-11T09:20:53+0200,f3b72819-8f0f-4c0e-a936-e9ce989df431,2026-05-17T11:45:00Z,2026-05-17T13:45:00+0200,41732.91671,MW,DE,DE_LU,actual_load,Actual Load,2026-06-11T07:22:11Z
2026-06-11T07:20:53Z,2026-06-11T09:20:53+0200,f3b72819-8f0f-4c0e-a936-e9ce989df431,2026-05-17T12:00:00Z,2026-05-17T14:00:00+0200,41572.46196,MW,DE,DE_LU,actual_load,Actual Load,2026-06-11T07:22:11Z
2026-06-11T07:20:53Z,2026-06-11T09:20:53+0200,f3b72819-8f0f-4c0e-a936-e9ce989df431,2026-05-17T12:15:00Z,2026-05-17T14:15:00+0200,41140.91393,MW,DE,DE_LU,actual_load,Actual Load,2026-06-11T07:22:11Z
2026-06-11T07:20:53Z,2026-06-11T09:20:53+0200,f3b72819-8f0f-4c0e-a936-e9ce989df431,2026-05-17T12:30:00Z,2026-05-17T14:30:00+0200,40752.33559,MW,DE,DE_LU,actual_load,Actual Load,2026-06-11T07:22:11Z
2026-06-11T07:20:53Z,2026-06-11T09:20:53+0200,f3b72819-8f0f-4c0e-a936-e9ce989df431,2026-05-17T12:45:00Z,2026-05-17T14:45:00+0200,40803.10827,MW,DE,DE_LU,actual_load,Actual Load,2026-06-11T07:22:11Z
2026-06-11T07:20:53Z,2026-06-11T09:20:53+0200,f3b72819-8f0f-4c0e-a936-e9ce989df431,2026-05-17T13:00:00Z,2026-05-17T15:00:00+0200,40650.19681,MW,DE,DE_LU,actual_load,Actual Load,2026-06-11T07:22:11Z
2026-06-11T07:20:53Z,2026-06-11T09:20:53+0200,f3b72819-8f0f-4c0e-a936-e9ce989df431,2026-05-17T13:15:00Z,2026-05-17T15:15:00+0200,41288.91958,MW,DE,DE_LU,actual_load,Actual Load,2026-06-11T07:22:11Z
2026-06-11T07:20:53Z,2026-06-11T09:20:53+0200,f3b72819-8f0f-4c0e-a936-e9ce989df431,2026-05-17T13:30:00Z,2026-05-17T15:30:00+0200,41140.06185,MW,DE,DE_LU,actual_load,Actual Load,2026-06-11T07:22:11Z
2026-06-11T07:20:53Z,2026-06-11T09:20:53+0200,f3b72819-8f0f-4c0e-a936-e9ce989df431,2026-05-17T13:45:00Z,2026-05-17T15:45:00+0200,41120.35155,MW,DE,DE_LU,actual_load,Actual Load,2026-06-11T07:22:11Z
2026-06-11T07:20:53Z,2026-06-11T09:20:53+0200,f3b72819-8f0f-4c0e-a936-e9ce989df431,2026-05-17T14:00:00Z,2026-05-17T16:00:00+0200,41764.56606,MW,DE,DE_LU,actual_load,Actual Load,2026-06-11T07:22:11Z
2026-06-11T07:20:53Z,2026-06-11T09:20:53+0200,f3b72819-8f0f-4c0e-a936-e9ce989df431,2026-05-17T14:15:00Z,2026-05-17T16:15:00+0200,41623.17166,MW,DE,DE_LU,actual_load,Actual Load,2026-06-11T07:22:11Z
2026-06-11T07:20:53Z,2026-06-11T09:20:53+0200,f3b72819-8f0f-4c0e-a936-e9ce989df431,2026-05-17T14:30:00Z,2026-05-17T16:30:00+0200,41014.03071,MW,DE,DE_LU,actual_load,Actual Load,2026-06-11T07:22:11Z
2026-06-11T07:20:53Z,2026-06-11T09:20:53+0200,f3b72819-8f0f-4c0e-a936-e9ce989df431,2026-05-17T14:45:00Z,2026-05-17T16:45:00+0200,41123.96229,MW,DE,DE_LU,actual_load,Actual Load,2026-06-11T07:22:11Z
2026-06-11T07:20:53Z,2026-06-11T09:20:53+0200,f3b72819-8f0f-4c0e-a936-e9ce989df431,2026-05-17T15:00:00Z,2026-05-17T17:00:00+0200,42318.20756,MW,DE,DE_LU,actual_load,Actual Load,2026-06-11T07:22:11Z
2026-06-11T07:20:53Z,2026-06-11T09:20:53+0200,f3b72819-8f0f-4c0e-a936-e9ce989df431,2026-05-17T15:15:00Z,2026-05-17T17:15:00+0200,42798.85923,MW,DE,DE_LU,actual_load,Actual Load,2026-06-11T07:22:11Z
2026-06-11T07:20:53Z,2026-06-11T09:20:53+0200,f3b72819-8f0f-4c0e-a936-e9ce989df431,2026-05-17T15:30:00Z,2026-05-17T17:30:00+0200,43047.72176,MW,DE,DE_LU,actual_load,Actual Load,2026-06-11T07:22:11Z
2026-06-11T07:20:53Z,2026-06-11T09:20:53+0200,f3b72819-8f0f-4c0e-a936-e9ce989df431,2026-05-17T15:45:00Z,2026-05-17T17:45:00+0200,43967.53986,MW,DE,DE_LU,actual_load,Actual Load,2026-06-11T07:22:11Z
2026-06-11T07:20:53Z,2026-06-11T09:20:53+0200,f3b72819-8f0f-4c0e-a936-e9ce989df431,2026-05-17T16:00:00Z,2026-05-17T18:00:00+0200,45526.2837,MW,DE,DE_LU,actual_load,Actual Load,2026-06-11T07:22:11Z
2026-06-11T07:20:53Z,2026-06-11T09:20:53+0200,f3b72819-8f0f-4c0e-a936-e9ce989df431,2026-05-17T16:15:00Z,2026-05-17T18:15:00+0200,45715.43906,MW,DE,DE_LU,actual_load,Actual Load,2026-06-11T07:22:11Z
2026-06-11T07:20:53Z,2026-06-11T09:20:53+0200,f3b72819-8f0f-4c0e-a936-e9ce989df431,2026-05-17T16:30:00Z,2026-05-17T18:30:00+0200,46172.85384,MW,DE,DE_LU,actual_load,Actual Load,2026-06-11T07:22:11Z
2026-06-11T07:20:53Z,2026-06-11T09:20:53+0200,f3b72819-8f0f-4c0e-a936-e9ce989df431,2026-05-17T16:45:00Z,2026-05-17T18:45:00+0200,46694.56257,MW,DE,DE_LU,actual_load,Actual Load,2026-06-11T07:22:11Z
2026-06-11T07:20:53Z,2026-06-11T09:20:53+0200,f3b72819-8f0f-4c0e-a936-e9ce989df431,2026-05-17T17:00:00Z,2026-05-17T19:00:00+0200,47488.00193,MW,DE,DE_LU,actual_load,Actual Load,2026-06-11T07:22:11Z
2026-06-11T07:20:53Z,2026-06-11T09:20:53+0200,f3b72819-8f0f-4c0e-a936-e9ce989df431,2026-05-17T17:15:00Z,2026-05-17T19:15:00+0200,47468.59539,MW,DE,DE_LU,actual_load,Actual Load,2026-06-11T07:22:11Z
2026-06-11T07:20:53Z,2026-06-11T09:20:53+0200,f3b72819-8f0f-4c0e-a936-e9ce989df431,2026-05-17T17:30:00Z,2026-05-17T19:30:00+0200,47668.36379,MW,DE,DE_LU,actual_load,Actual Load,2026-06-11T07:22:11Z
2026-06-11T07:20:53Z,2026-06-11T09:20:53+0200,f3b72819-8f0f-4c0e-a936-e9ce989df431,2026-05-17T17:45:00Z,2026-05-17T19:45:00+0200,47510.63088,MW,DE,DE_LU,actual_load,Actual Load,2026-06-11T07:22:11Z
2026-06-11T07:20:53Z,2026-06-11T09:20:53+0200,f3b72819-8f0f-4c0e-a936-e9ce989df431,2026-05-17T18:00:00Z,2026-05-17T20:00:00+0200,48284.96857,MW,DE,DE_LU,actual_load,Actual Load,2026-06-11T07:22:11Z
2026-06-11T07:20:53Z,2026-06-11T09:20:53+0200,f3b72819-8f0f-4c0e-a936-e9ce989df431,2026-05-17T18:15:00Z,2026-05-17T20:15:00+0200,47530.50769,MW,DE,DE_LU,actual_load,Actual Load,2026-06-11T07:22:11Z
2026-06-11T07:20:53Z,2026-06-11T09:20:53+0200,f3b72819-8f0f-4c0e-a936-e9ce989df431,2026-05-17T18:30:00Z,2026-05-17T20:30:00+0200,47163.17459,MW,DE,DE_LU,actual_load,Actual Load,2026-06-11T07:22:11Z
2026-06-11T07:20:53Z,2026-06-11T09:20:53+0200,f3b72819-8f0f-4c0e-a936-e9ce989df431,2026-05-17T18:45:00Z,2026-05-17T20:45:00+0200,47182.34731,MW,DE,DE_LU,actual_load,Actual Load,2026-06-11T07:22:11Z
2026-06-11T07:20:53Z,2026-06-11T09:20:53+0200,f3b72819-8f0f-4c0e-a936-e9ce989df431,2026-05-17T19:00:00Z,2026-05-17T21:00:00+0200,46905.87887,MW,DE,DE_LU,actual_load,Actual Load,2026-06-11T07:22:11Z
2026-06-11T07:20:53Z,2026-06-11T09:20:53+0200,f3b72819-8f0f-4c0e-a936-e9ce989df431,2026-05-17T19:15:00Z,2026-05-17T21:15:00+0200,47430.40637,MW,DE,DE_LU,actual_load,Actual Load,2026-06-11T07:22:11Z
2026-06-11T07:20:53Z,2026-06-11T09:20:53+0200,f3b72819-8f0f-4c0e-a936-e9ce989df431,2026-05-17T19:30:00Z,2026-05-17T21:30:00+0200,47633.04083,MW,DE,DE_LU,actual_load,Actual Load,2026-06-11T07:22:11Z
2026-06-11T07:20:53Z,2026-06-11T09:20:53+0200,f3b72819-8f0f-4c0e-a936-e9ce989df431,2026-05-17T19:45:00Z,2026-05-17T21:45:00+0200,47193.68681,MW,DE,DE_LU,actual_load,Actual Load,2026-06-11T07:22:11Z
2026-06-11T07:20:53Z,2026-06-11T09:20:53+0200,f3b72819-8f0f-4c0e-a936-e9ce989df431,2026-05-17T20:00:00Z,2026-05-17T22:00:00+0200,47345.72518,MW,DE,DE_LU,actual_load,Actual Load,2026-06-11T07:22:11Z
2026-06-11T07:20:53Z,2026-06-11T09:20:53+0200,f3b72819-8f0f-4c0e-a936-e9ce989df431,2026-05-17T20:15:00Z,2026-05-17T22:15:00+0200,46793.32418,MW,DE,DE_LU,actual_load,Actual Load,2026-06-11T07:22:11Z
2026-06-11T07:20:53Z,2026-06-11T09:20:53+0200,f3b72819-8f0f-4c0e-a936-e9ce989df431,2026-05-17T20:30:00Z,2026-05-17T22:30:00+0200,46186.93701,MW,DE,DE_LU,actual_load,Actual Load,2026-06-11T07:22:11Z
2026-06-11T07:20:53Z,2026-06-11T09:20:53+0200,f3b72819-8f0f-4c0e-a936-e9ce989df431,2026-05-17T20:45:00Z,2026-05-17T22:45:00+0200,45278.62907,MW,DE,DE_LU,actual_load,Actual Load,2026-06-11T07:22:11Z
2026-06-11T07:20:53Z,2026-06-11T09:20:53+0200,f3b72819-8f0f-4c0e-a936-e9ce989df431,2026-05-17T21:00:00Z,2026-05-17T23:00:00+0200,44761.22628,MW,DE,DE_LU,actual_load,Actual Load,2026-06-11T07:22:11Z
2026-06-11T07:20:53Z,2026-06-11T09:20:53+0200,f3b72819-8f0f-4c0e-a936-e9ce989df431,2026-05-17T21:15:00Z,2026-05-17T23:15:00+0200,43869.12183,MW,DE,DE_LU,actual_load,Actual Load,2026-06-11T07:22:11Z
2026-06-11T07:20:53Z,2026-06-11T09:20:53+0200,f3b72819-8f0f-4c0e-a936-e9ce989df431,2026-05-17T21:30:00Z,2026-05-17T23:30:00+0200,43165.66869,MW,DE,DE_LU,actual_load,Actual Load,2026-06-11T07:22:11Z
2026-06-11T07:20:53Z,2026-06-11T09:20:53+0200,f3b72819-8f0f-4c0e-a936-e9ce989df431,2026-05-17T21:45:00Z,2026-05-17T23:45:00+0200,42947.67952,MW,DE,DE_LU,actual_load,Actual Load,2026-06-11T07:22:11Z
2026-06-11T07:20:53Z,2026-06-11T09:20:53+0200,f3b72819-8f0f-4c0e-a936-e9ce989df431,2026-05-17T22:00:00Z,2026-05-18T00:00:00+0200,42079.99378,MW,DE,DE_LU,actual_load,Actual Load,2026-06-11T07:22:11Z
2026-06-11T07:20:53Z,2026-06-11T09:20:53+0200,f3b72819-8f0f-4c0e-a936-e9ce989df431,2026-05-17T22:15:00Z,2026-05-18T00:15:00+0200,41510.01015,MW,DE,DE_LU,actual_load,Actual Load,2026-06-11T07:22:11Z
2026-06-11T07:20:53Z,2026-06-11T09:20:53+0200,f3b72819-8f0f-4c0e-a936-e9ce989df431,2026-05-17T22:30:00Z,2026-05-18T00:30:00+0200,41332.62047,MW,DE,DE_LU,actual_load,Actual Load,2026-06-11T07:22:11Z
2026-06-11T07:20:53Z,2026-06-11T09:20:53+0200,f3b72819-8f0f-4c0e-a936-e9ce989df431,2026-05-17T22:45:00Z,2026-05-18T00:45:00+0200,41034.68824,MW,DE,DE_LU,actual_load,Actual Load,2026-06-11T07:22:11Z
2026-06-11T07:20:53Z,2026-06-11T09:20:53+0200,f3b72819-8f0f-4c0e-a936-e9ce989df431,2026-05-17T23:00:00Z,2026-05-18T01:00:00+0200,40344.13642,MW,DE,DE_LU,actual_load,Actual Load,2026-06-11T07:22:11Z
2026-06-11T07:20:53Z,2026-06-11T09:20:53+0200,f3b72819-8f0f-4c0e-a936-e9ce989df431,2026-05-17T23:15:00Z,2026-05-18T01:15:00+0200,40033.79396,MW,DE,DE_LU,actual_load,Actual Load,2026-06-11T07:22:11Z
2026-06-11T07:20:53Z,2026-06-11T09:20:53+0200,f3b72819-8f0f-4c0e-a936-e9ce989df431,2026-05-17T23:30:00Z,2026-05-18T01:30:00+0200,39649.66407,MW,DE,DE_LU,actual_load,Actual Load,2026-06-11T07:22:11Z
2026-06-11T07:20:53Z,2026-06-11T09:20:53+0200,f3b72819-8f0f-4c0e-a936-e9ce989df431,2026-05-17T23:45:00Z,2026-05-18T01:45:00+0200,39216.1747,MW,DE,DE_LU,actual_load,Actual Load,2026-06-11T07:22:11Z
2026-06-11T07:20:53Z,2026-06-11T09:20:53+0200,f3b72819-8f0f-4c0e-a936-e9ce989df431,2026-05-18T00:00:00Z,2026-05-18T02:00:00+0200,38973.44669,MW,DE,DE_LU,actual_load,Actual Load,2026-06-11T07:22:11Z
2026-06-11T07:20:53Z,2026-06-11T09:20:53+0200,f3b72819-8f0f-4c0e-a936-e9ce989df431,2026-05-18T00:15:00Z,2026-05-18T02:15:00+0200,39420.45318,MW,DE,DE_LU,actual_load,Actual Load,2026-06-11T07:22:11Z
2026-06-11T07:20:53Z,2026-06-11T09:20:53+0200,f3b72819-8f0f-4c0e-a936-e9ce989df431,2026-05-18T00:30:00Z,2026-05-18T02:30:00+0200,39826.60054,MW,DE,DE_LU,actual_load,Actual Load,2026-06-11T07:22:11Z
2026-06-11T07:20:53Z,2026-06-11T09:20:53+0200,f3b72819-8f0f-4c0e-a936-e9ce989df431,2026-05-18T00:45:00Z,2026-05-18T02:45:00+0200,39274.58454,MW,DE,DE_LU,actual_load,Actual Load,2026-06-11T07:22:11Z
2026-06-11T07:20:53Z,2026-06-11T09:20:53+0200,f3b72819-8f0f-4c0e-a936-e9ce989df431,2026-05-18T01:00:00Z,2026-05-18T03:00:00+0200,39042.44191,MW,DE,DE_LU,actual_load,Actual Load,2026-06-11T07:22:11Z
2026-06-11T07:20:53Z,2026-06-11T09:20:53+0200,f3b72819-8f0f-4c0e-a936-e9ce989df431,2026-05-18T01:15:00Z,2026-05-18T03:15:00+0200,38872.97416,MW,DE,DE_LU,actual_load,Actual Load,2026-06-11T07:22:11Z
2026-06-11T07:20:53Z,2026-06-11T09:20:53+0200,f3b72819-8f0f-4c0e-a936-e9ce989df431,2026-05-18T01:30:00Z,2026-05-18T03:30:00+0200,39085.94022,MW,DE,DE_LU,actual_load,Actual Load,2026-06-11T07:22:11Z
2026-06-11T07:20:53Z,2026-06-11T09:20:53+0200,f3b72819-8f0f-4c0e-a936-e9ce989df431,2026-05-18T01:45:00Z,2026-05-18T03:45:00+0200,39429.04025,MW,DE,DE_LU,actual_load,Actual Load,2026-06-11T07:22:11Z
2026-06-11T07:20:53Z,2026-06-11T09:20:53+0200,f3b72819-8f0f-4c0e-a936-e9ce989df431,2026-05-18T02:00:00Z,2026-05-18T04:00:00+0200,40288.66526,MW,DE,DE_LU,actual_load,Actual Load,2026-06-11T07:22:11Z
2026-06-11T07:20:53Z,2026-06-11T09:20:53+0200,f3b72819-8f0f-4c0e-a936-e9ce989df431,2026-05-18T02:15:00Z,2026-05-18T04:15:00+0200,40694.09348,MW,DE,DE_LU,actual_load,Actual Load,2026-06-11T07:22:11Z
2026-06-11T07:20:53Z,2026-06-11T09:20:53+0200,f3b72819-8f0f-4c0e-a936-e9ce989df431,2026-05-18T02:30:00Z,2026-05-18T04:30:00+0200,41060.12716,MW,DE,DE_LU,actual_load,Actual Load,2026-06-11T07:22:11Z
2026-06-11T07:20:53Z,2026-06-11T09:20:53+0200,f3b72819-8f0f-4c0e-a936-e9ce989df431,2026-05-18T02:45:00Z,2026-05-18T04:45:00+0200,41540.25207,MW,DE,DE_LU,actual_load,Actual Load,2026-06-11T07:22:11Z
2026-06-11T07:20:53Z,2026-06-11T09:20:53+0200,f3b72819-8f0f-4c0e-a936-e9ce989df431,2026-05-18T03:00:00Z,2026-05-18T05:00:00+0200,42934.04676,MW,DE,DE_LU,actual_load,Actual Load,2026-06-11T07:22:11Z
2026-06-11T07:20:53Z,2026-06-11T09:20:53+0200,f3b72819-8f0f-4c0e-a936-e9ce989df431,2026-05-18T03:15:00Z,2026-05-18T05:15:00+0200,43125.61678,MW,DE,DE_LU,actual_load,Actual Load,2026-06-11T07:22:11Z
2026-06-11T07:20:53Z,2026-06-11T09:20:53+0200,f3b72819-8f0f-4c0e-a936-e9ce989df431,2026-05-18T03:30:00Z,2026-05-18T05:30:00+0200,44182.02442,MW,DE,DE_LU,actual_load,Actual Load,2026-06-11T07:22:11Z
2026-06-11T07:20:53Z,2026-06-11T09:20:53+0200,f3b72819-8f0f-4c0e-a936-e9ce989df431,2026-05-18T03:45:00Z,2026-05-18T05:45:00+0200,45785.41875,MW,DE,DE_LU,actual_load,Actual Load,2026-06-11T07:22:11Z
2026-06-11T07:20:53Z,2026-06-11T09:20:53+0200,f3b72819-8f0f-4c0e-a936-e9ce989df431,2026-05-18T04:00:00Z,2026-05-18T06:00:00+0200,48550.96292,MW,DE,DE_LU,actual_load,Actual Load,2026-06-11T07:22:11Z
2026-06-11T07:20:53Z,2026-06-11T09:20:53+0200,f3b72819-8f0f-4c0e-a936-e9ce989df431,2026-05-18T04:15:00Z,2026-05-18T06:15:00+0200,50609.36467,MW,DE,DE_LU,actual_load,Actual Load,2026-06-11T07:22:11Z
2026-06-11T07:20:53Z,2026-06-11T09:20:53+0200,f3b72819-8f0f-4c0e-a936-e9ce989df431,2026-05-18T04:30:00Z,2026-05-18T06:30:00+0200,52284.65556,MW,DE,DE_LU,actual_load,Actual Load,2026-06-11T07:22:11Z
2026-06-11T07:20:53Z,2026-06-11T09:20:53+0200,f3b72819-8f0f-4c0e-a936-e9ce989df431,2026-05-18T04:45:00Z,2026-05-18T06:45:00+0200,53387.38831,MW,DE,DE_LU,actual_load,Actual Load,2026-06-11T07:22:11Z
2026-06-11T07:20:53Z,2026-06-11T09:20:53+0200,f3b72819-8f0f-4c0e-a936-e9ce989df431,2026-05-18T05:00:00Z,2026-05-18T07:00:00+0200,54238.97357,MW,DE,DE_LU,actual_load,Actual Load,2026-06-11T07:22:11Z
2026-06-11T07:20:53Z,2026-06-11T09:20:53+0200,f3b72819-8f0f-4c0e-a936-e9ce989df431,2026-05-18T05:15:00Z,2026-05-18T07:15:00+0200,54815.12662,MW,DE,DE_LU,actual_load,Actual Load,2026-06-11T07:22:11Z
2026-06-11T07:20:53Z,2026-06-11T09:20:53+0200,f3b72819-8f0f-4c0e-a936-e9ce989df431,2026-05-18T05:30:00Z,2026-05-18T07:30:00+0200,55951.70304,MW,DE,DE_LU,actual_load,Actual Load,2026-06-11T07:22:11Z
2026-06-11T07:20:53Z,2026-06-11T09:20:53+0200,f3b72819-8f0f-4c0e-a936-e9ce989df431,2026-05-18T05:45:00Z,2026-05-18T07:45:00+0200,56920.10323,MW,DE,DE_LU,actual_load,Actual Load,2026-06-11T07:22:11Z
2026-06-11T07:20:53Z,2026-06-11T09:20:53+0200,f3b72819-8f0f-4c0e-a936-e9ce989df431,2026-05-18T06:00:00Z,2026-05-18T08:00:00+0200,57310.63964,MW,DE,DE_LU,actual_load,Actual Load,2026-06-11T07:22:11Z
2026-06-11T07:20:53Z,2026-06-11T09:20:53+0200,f3b72819-8f0f-4c0e-a936-e9ce989df431,2026-05-18T06:15:00Z,2026-05-18T08:15:00+0200,58246.68915,MW,DE,DE_LU,actual_load,Actual Load,2026-06-11T07:22:11Z
2026-06-11T07:20:53Z,2026-06-11T09:20:53+0200,f3b72819-8f0f-4c0e-a936-e9ce989df431,2026-05-18T06:30:00Z,2026-05-18T08:30:00+0200,58968.55911,MW,DE,DE_LU,actual_load,Actual Load,2026-06-11T07:22:11Z
2026-06-11T07:20:53Z,2026-06-11T09:20:53+0200,f3b72819-8f0f-4c0e-a936-e9ce989df431,2026-05-18T06:45:00Z,2026-05-18T08:45:00+0200,59207.74987,MW,DE,DE_LU,actual_load,Actual Load,2026-06-11T07:22:11Z
2026-06-11T07:20:53Z,2026-06-11T09:20:53+0200,f3b72819-8f0f-4c0e-a936-e9ce989df431,2026-05-18T07:00:00Z,2026-05-18T09:00:00+0200,58223.53362,MW,DE,DE_LU,actual_load,Actual Load,2026-06-11T07:22:11Z
2026-06-11T07:20:53Z,2026-06-11T09:20:53+0200,f3b72819-8f0f-4c0e-a936-e9ce989df431,2026-05-18T07:15:00Z,2026-05-18T09:15:00+0200,57937.25719,MW,DE,DE_LU,actual_load,Actual Load,2026-06-11T07:22:11Z
2026-06-11T07:20:53Z,2026-06-11T09:20:53+0200,f3b72819-8f0f-4c0e-a936-e9ce989df431,2026-05-18T07:30:00Z,2026-05-18T09:30:00+0200,58302.43443,MW,DE,DE_LU,actual_load,Actual Load,2026-06-11T07:22:11Z
2026-06-11T07:20:53Z,2026-06-11T09:20:53+0200,f3b72819-8f0f-4c0e-a936-e9ce989df431,2026-05-18T07:45:00Z,2026-05-18T09:45:00+0200,58041.56245,MW,DE,DE_LU,actual_load,Actual Load,2026-06-11T07:22:11Z
2026-06-11T07:20:53Z,2026-06-11T09:20:53+0200,f3b72819-8f0f-4c0e-a936-e9ce989df431,2026-05-18T08:00:00Z,2026-05-18T10:00:00+0200,57811.1804,MW,DE,DE_LU,actual_load,Actual Load,2026-06-11T07:22:11Z
2026-06-11T07:20:53Z,2026-06-11T09:20:53+0200,f3b72819-8f0f-4c0e-a936-e9ce989df431,2026-05-18T08:15:00Z,2026-05-18T10:15:00+0200,58221.20857,MW,DE,DE_LU,actual_load,Actual Load,2026-06-11T07:22:11Z
2026-06-11T07:20:53Z,2026-06-11T09:20:53+0200,f3b72819-8f0f-4c0e-a936-e9ce989df431,2026-05-18T08:30:00Z,2026-05-18T10:30:00+0200,58288.15107,MW,DE,DE_LU,actual_load,Actual Load,2026-06-11T07:22:11Z
2026-06-11T07:20:53Z,2026-06-11T09:20:53+0200,f3b72819-8f0f-4c0e-a936-e9ce989df431,2026-05-18T08:45:00Z,2026-05-18T10:45:00+0200,58198.13001,MW,DE,DE_LU,actual_load,Actual Load,2026-06-11T07:22:11Z
2026-06-11T07:20:53Z,2026-06-11T09:20:53+0200,f3b72819-8f0f-4c0e-a936-e9ce989df431,2026-05-18T09:00:00Z,2026-05-18T11:00:00+0200,58842.30455,MW,DE,DE_LU,actual_load,Actual Load,2026-06-11T07:22:11Z
2026-06-11T07:20:53Z,2026-06-11T09:20:53+0200,f3b72819-8f0f-4c0e-a936-e9ce989df431,2026-05-18T09:15:00Z,2026-05-18T11:15:00+0200,59357.11905,MW,DE,DE_LU,actual_load,Actual Load,2026-06-11T07:22:11Z
2026-06-11T07:20:53Z,2026-06-11T09:20:53+0200,f3b72819-8f0f-4c0e-a936-e9ce989df431,2026-05-18T09:30:00Z,2026-05-18T11:30:00+0200,60450.27229,MW,DE,DE_LU,actual_load,Actual Load,2026-06-11T07:22:11Z
2026-06-11T07:20:53Z,2026-06-11T09:20:53+0200,f3b72819-8f0f-4c0e-a936-e9ce989df431,2026-05-18T09:45:00Z,2026-05-18T11:45:00+0200,60347.66156,MW,DE,DE_LU,actual_load,Actual Load,2026-06-11T07:22:11Z
2026-06-11T07:20:53Z,2026-06-11T09:20:53+0200,f3b72819-8f0f-4c0e-a936-e9ce989df431,2026-05-18T10:00:00Z,2026-05-18T12:00:00+0200,59663.44828,MW,DE,DE_LU,actual_load,Actual Load,2026-06-11T07:22:11Z
2026-06-11T07:20:53Z,2026-06-11T09:20:53+0200,f3b72819-8f0f-4c0e-a936-e9ce989df431,2026-05-18T10:15:00Z,2026-05-18T12:15:00+0200,59231.74404,MW,DE,DE_LU,actual_load,Actual Load,2026-06-11T07:22:11Z
2026-06-11T07:20:53Z,2026-06-11T09:20:53+0200,f3b72819-8f0f-4c0e-a936-e9ce989df431,2026-05-18T10:30:00Z,2026-05-18T12:30:00+0200,58853.763,MW,DE,DE_LU,actual_load,Actual Load,2026-06-11T07:22:11Z
2026-06-11T07:20:53Z,2026-06-11T09:20:53+0200,f3b72819-8f0f-4c0e-a936-e9ce989df431,2026-05-18T10:45:00Z,2026-05-18T12:45:00+0200,58702.94474,MW,DE,DE_LU,actual_load,Actual Load,2026-06-11T07:22:11Z
2026-06-11T07:20:53Z,2026-06-11T09:20:53+0200,f3b72819-8f0f-4c0e-a936-e9ce989df431,2026-05-18T11:00:00Z,2026-05-18T13:00:00+0200,57806.67775,MW,DE,DE_LU,actual_load,Actual Load,2026-06-11T07:22:11Z
2026-06-11T07:20:53Z,2026-06-11T09:20:53+0200,f3b72819-8f0f-4c0e-a936-e9ce989df431,2026-05-18T11:15:00Z,2026-05-18T13:15:00+0200,57768.01016,MW,DE,DE_LU,actual_load,Actual Load,2026-06-11T07:22:11Z
2026-06-11T07:20:53Z,2026-06-11T09:20:53+0200,f3b72819-8f0f-4c0e-a936-e9ce989df431,2026-05-18T11:30:00Z,2026-05-18T13:30:00+0200,56964.96425,MW,DE,DE_LU,actual_load,Actual Load,2026-06-11T07:22:11Z
2026-06-11T07:20:53Z,2026-06-11T09:20:53+0200,f3b72819-8f0f-4c0e-a936-e9ce989df431,2026-05-18T11:45:00Z,2026-05-18T13:45:00+0200,56385.78032,MW,DE,DE_LU,actual_load,Actual Load,2026-06-11T07:22:11Z
2026-06-11T07:20:53Z,2026-06-11T09:20:53+0200,f3b72819-8f0f-4c0e-a936-e9ce989df431,2026-05-18T12:00:00Z,2026-05-18T14:00:00+0200,56571.33125,MW,DE,DE_LU,actual_load,Actual Load,2026-06-11T07:22:11Z
2026-06-11T07:20:53Z,2026-06-11T09:20:53+0200,f3b72819-8f0f-4c0e-a936-e9ce989df431,2026-05-18T12:15:00Z,2026-05-18T14:15:00+0200,56348.22421,MW,DE,DE_LU,actual_load,Actual Load,2026-06-11T07:22:11Z
2026-06-11T07:20:53Z,2026-06-11T09:20:53+0200,f3b72819-8f0f-4c0e-a936-e9ce989df431,2026-05-18T12:30:00Z,2026-05-18T14:30:00+0200,55942.19074,MW,DE,DE_LU,actual_load,Actual Load,2026-06-11T07:22:11Z
2026-06-11T07:20:53Z,2026-06-11T09:20:53+0200,f3b72819-8f0f-4c0e-a936-e9ce989df431,2026-05-18T12:45:00Z,2026-05-18T14:45:00+0200,55537.64266,MW,DE,DE_LU,actual_load,Actual Load,2026-06-11T07:22:11Z
2026-06-11T07:20:53Z,2026-06-11T09:20:53+0200,f3b72819-8f0f-4c0e-a936-e9ce989df431,2026-05-18T13:00:00Z,2026-05-18T15:00:00+0200,55420.59866,MW,DE,DE_LU,actual_load,Actual Load,2026-06-11T07:22:11Z
2026-06-11T07:20:53Z,2026-06-11T09:20:53+0200,f3b72819-8f0f-4c0e-a936-e9ce989df431,2026-05-18T13:15:00Z,2026-05-18T15:15:00+0200,55307.84695,MW,DE,DE_LU,actual_load,Actual Load,2026-06-11T07:22:11Z
2026-06-11T07:20:53Z,2026-06-11T09:20:53+0200,f3b72819-8f0f-4c0e-a936-e9ce989df431,2026-05-18T13:30:00Z,2026-05-18T15:30:00+0200,54986.84749,MW,DE,DE_LU,actual_load,Actual Load,2026-06-11T07:22:11Z
2026-06-11T07:20:53Z,2026-06-11T09:20:53+0200,f3b72819-8f0f-4c0e-a936-e9ce989df431,2026-05-18T13:45:00Z,2026-05-18T15:45:00+0200,54852.49632,MW,DE,DE_LU,actual_load,Actual Load,2026-06-11T07:22:11Z
2026-06-11T07:20:53Z,2026-06-11T09:20:53+0200,f3b72819-8f0f-4c0e-a936-e9ce989df431,2026-05-18T14:00:00Z,2026-05-18T16:00:00+0200,54900.71487,MW,DE,DE_LU,actual_load,Actual Load,2026-06-11T07:22:11Z
2026-06-11T07:20:53Z,2026-06-11T09:20:53+0200,f3b72819-8f0f-4c0e-a936-e9ce989df431,2026-05-18T14:15:00Z,2026-05-18T16:15:00+0200,54234.67818,MW,DE,DE_LU,actual_load,Actual Load,2026-06-11T07:22:11Z
2026-06-11T07:20:53Z,2026-06-11T09:20:53+0200,f3b72819-8f0f-4c0e-a936-e9ce989df431,2026-05-18T14:30:00Z,2026-05-18T16:30:00+0200,54505.52409,MW,DE,DE_LU,actual_load,Actual Load,2026-06-11T07:22:11Z
2026-06-11T07:20:53Z,2026-06-11T09:20:53+0200,f3b72819-8f0f-4c0e-a936-e9ce989df431,2026-05-18T14:45:00Z,2026-05-18T16:45:00+0200,54573.7774,MW,DE,DE_LU,actual_load,Actual Load,2026-06-11T07:22:11Z
2026-06-11T07:20:53Z,2026-06-11T09:20:53+0200,f3b72819-8f0f-4c0e-a936-e9ce989df431,2026-05-18T15:00:00Z,2026-05-18T17:00:00+0200,54929.39755,MW,DE,DE_LU,actual_load,Actual Load,2026-06-11T07:22:11Z
2026-06-11T07:20:53Z,2026-06-11T09:20:53+0200,f3b72819-8f0f-4c0e-a936-e9ce989df431,2026-05-18T15:15:00Z,2026-05-18T17:15:00+0200,55158.63806,MW,DE,DE_LU,actual_load,Actual Load,2026-06-11T07:22:11Z
2026-06-11T07:20:53Z,2026-06-11T09:20:53+0200,f3b72819-8f0f-4c0e-a936-e9ce989df431,2026-05-18T15:30:00Z,2026-05-18T17:30:00+0200,55165.75691,MW,DE,DE_LU,actual_load,Actual Load,2026-06-11T07:22:11Z
2026-06-11T07:20:53Z,2026-06-11T09:20:53+0200,f3b72819-8f0f-4c0e-a936-e9ce989df431,2026-05-18T15:45:00Z,2026-05-18T17:45:00+0200,56071.43324,MW,DE,DE_LU,actual_load,Actual Load,2026-06-11T07:22:11Z
2026-06-11T07:20:53Z,2026-06-11T09:20:53+0200,f3b72819-8f0f-4c0e-a936-e9ce989df431,2026-05-18T16:00:00Z,2026-05-18T18:00:00+0200,56006.52395,MW,DE,DE_LU,actual_load,Actual Load,2026-06-11T07:22:11Z
2026-06-11T07:20:53Z,2026-06-11T09:20:53+0200,f3b72819-8f0f-4c0e-a936-e9ce989df431,2026-05-18T16:15:00Z,2026-05-18T18:15:00+0200,55253.71791,MW,DE,DE_LU,actual_load,Actual Load,2026-06-11T07:22:11Z
2026-06-11T07:20:53Z,2026-06-11T09:20:53+0200,f3b72819-8f0f-4c0e-a936-e9ce989df431,2026-05-18T16:30:00Z,2026-05-18T18:30:00+0200,55952.78101,MW,DE,DE_LU,actual_load,Actual Load,2026-06-11T07:22:11Z
2026-06-11T07:20:53Z,2026-06-11T09:20:53+0200,f3b72819-8f0f-4c0e-a936-e9ce989df431,2026-05-18T16:45:00Z,2026-05-18T18:45:00+0200,56037.40565,MW,DE,DE_LU,actual_load,Actual Load,2026-06-11T07:22:11Z
2026-06-11T07:20:53Z,2026-06-11T09:20:53+0200,f3b72819-8f0f-4c0e-a936-e9ce989df431,2026-05-18T17:00:00Z,2026-05-18T19:00:00+0200,56203.47366,MW,DE,DE_LU,actual_load,Actual Load,2026-06-11T07:22:11Z
2026-06-11T07:20:53Z,2026-06-11T09:20:53+0200,f3b72819-8f0f-4c0e-a936-e9ce989df431,2026-05-18T17:15:00Z,2026-05-18T19:15:00+0200,55909.26101,MW,DE,DE_LU,actual_load,Actual Load,2026-06-11T07:22:11Z
2026-06-11T07:20:53Z,2026-06-11T09:20:53+0200,f3b72819-8f0f-4c0e-a936-e9ce989df431,2026-05-18T17:30:00Z,2026-05-18T19:30:00+0200,56136.64507,MW,DE,DE_LU,actual_load,Actual Load,2026-06-11T07:22:11Z
2026-06-11T07:20:53Z,2026-06-11T09:20:53+0200,f3b72819-8f0f-4c0e-a936-e9ce989df431,2026-05-18T17:45:00Z,2026-05-18T19:45:00+0200,56046.44047,MW,DE,DE_LU,actual_load,Actual Load,2026-06-11T07:22:11Z
2026-06-11T07:20:53Z,2026-06-11T09:20:53+0200,f3b72819-8f0f-4c0e-a936-e9ce989df431,2026-05-18T18:00:00Z,2026-05-18T20:00:00+0200,56022.84609,MW,DE,DE_LU,actual_load,Actual Load,2026-06-11T07:22:11Z
2026-06-11T07:20:53Z,2026-06-11T09:20:53+0200,f3b72819-8f0f-4c0e-a936-e9ce989df431,2026-05-18T18:15:00Z,2026-05-18T20:15:00+0200,55550.70522,MW,DE,DE_LU,actual_load,Actual Load,2026-06-11T07:22:11Z
2026-06-11T07:20:53Z,2026-06-11T09:20:53+0200,f3b72819-8f0f-4c0e-a936-e9ce989df431,2026-05-18T18:30:00Z,2026-05-18T20:30:00+0200,54690.87155,MW,DE,DE_LU,actual_load,Actual Load,2026-06-11T07:22:11Z
2026-06-11T07:20:53Z,2026-06-11T09:20:53+0200,f3b72819-8f0f-4c0e-a936-e9ce989df431,2026-05-18T18:45:00Z,2026-05-18T20:45:00+0200,54684.45682,MW,DE,DE_LU,actual_load,Actual Load,2026-06-11T07:22:11Z
2026-06-11T07:20:53Z,2026-06-11T09:20:53+0200,f3b72819-8f0f-4c0e-a936-e9ce989df431,2026-05-18T19:00:00Z,2026-05-18T21:00:00+0200,54194.64828,MW,DE,DE_LU,actual_load,Actual Load,2026-06-11T07:22:11Z
2026-06-11T07:20:53Z,2026-06-11T09:20:53+0200,f3b72819-8f0f-4c0e-a936-e9ce989df431,2026-05-18T19:15:00Z,2026-05-18T21:15:00+0200,53901.46509,MW,DE,DE_LU,actual_load,Actual Load,2026-06-11T07:22:11Z
2026-06-11T07:20:53Z,2026-06-11T09:20:53+0200,f3b72819-8f0f-4c0e-a936-e9ce989df431,2026-05-18T19:30:00Z,2026-05-18T21:30:00+0200,53047.20518,MW,DE,DE_LU,actual_load,Actual Load,2026-06-11T07:22:11Z
2026-06-11T07:20:53Z,2026-06-11T09:20:53+0200,f3b72819-8f0f-4c0e-a936-e9ce989df431,2026-05-18T19:45:00Z,2026-05-18T21:45:00+0200,52896.62723,MW,DE,DE_LU,actual_load,Actual Load,2026-06-11T07:22:11Z
2026-06-11T07:20:53Z,2026-06-11T09:20:53+0200,f3b72819-8f0f-4c0e-a936-e9ce989df431,2026-05-18T20:00:00Z,2026-05-18T22:00:00+0200,51556.13466,MW,DE,DE_LU,actual_load,Actual Load,2026-06-11T07:22:11Z
2026-06-11T07:20:53Z,2026-06-11T09:20:53+0200,f3b72819-8f0f-4c0e-a936-e9ce989df431,2026-05-18T20:15:00Z,2026-05-18T22:15:00+0200,50490.88893,MW,DE,DE_LU,actual_load,Actual Load,2026-06-11T07:22:11Z
2026-06-11T07:20:53Z,2026-06-11T09:20:53+0200,f3b72819-8f0f-4c0e-a936-e9ce989df431,2026-05-18T20:30:00Z,2026-05-18T22:30:00+0200,49573.65734,MW,DE,DE_LU,actual_load,Actual Load,2026-06-11T07:22:11Z
2026-06-11T07:20:53Z,2026-06-11T09:20:53+0200,f3b72819-8f0f-4c0e-a936-e9ce989df431,2026-05-18T20:45:00Z,2026-05-18T22:45:00+0200,48595.10799,MW,DE,DE_LU,actual_load,Actual Load,2026-06-11T07:22:11Z
2026-06-11T07:20:53Z,2026-06-11T09:20:53+0200,f3b72819-8f0f-4c0e-a936-e9ce989df431,2026-05-18T21:00:00Z,2026-05-18T23:00:00+0200,47459.82895,MW,DE,DE_LU,actual_load,Actual Load,2026-06-11T07:22:11Z
2026-06-11T07:20:53Z,2026-06-11T09:20:53+0200,f3b72819-8f0f-4c0e-a936-e9ce989df431,2026-05-18T21:15:00Z,2026-05-18T23:15:00+0200,46412.61791,MW,DE,DE_LU,actual_load,Actual Load,2026-06-11T07:22:11Z
2026-06-11T07:20:53Z,2026-06-11T09:20:53+0200,f3b72819-8f0f-4c0e-a936-e9ce989df431,2026-05-18T21:30:00Z,2026-05-18T23:30:00+0200,46199.91617,MW,DE,DE_LU,actual_load,Actual Load,2026-06-11T07:22:11Z
2026-06-11T07:20:53Z,2026-06-11T09:20:53+0200,f3b72819-8f0f-4c0e-a936-e9ce989df431,2026-05-18T21:45:00Z,2026-05-18T23:45:00+0200,45281.72622,MW,DE,DE_LU,actual_load,Actual Load,2026-06-11T07:22:11Z
2026-06-11T07:20:53Z,2026-06-11T09:20:53+0200,f3b72819-8f0f-4c0e-a936-e9ce989df431,2026-05-18T22:00:00Z,2026-05-19T00:00:00+0200,44776.59833,MW,DE,DE_LU,actual_load,Actual Load,2026-06-11T07:22:11Z
2026-06-11T07:20:53Z,2026-06-11T09:20:53+0200,f3b72819-8f0f-4c0e-a936-e9ce989df431,2026-05-18T22:15:00Z,2026-05-19T00:15:00+0200,44196.69241,MW,DE,DE_LU,actual_load,Actual Load,2026-06-11T07:22:11Z
2026-06-11T07:20:53Z,2026-06-11T09:20:53+0200,f3b72819-8f0f-4c0e-a936-e9ce989df431,2026-05-18T22:30:00Z,2026-05-19T00:30:00+0200,43828.50691,MW,DE,DE_LU,actual_load,Actual Load,2026-06-11T07:22:11Z
2026-06-11T07:20:53Z,2026-06-11T09:20:53+0200,f3b72819-8f0f-4c0e-a936-e9ce989df431,2026-05-18T22:45:00Z,2026-05-19T00:45:00+0200,43576.426489,MW,DE,DE_LU,actual_load,Actual Load,2026-06-11T07:22:11Z
2026-06-11T07:20:53Z,2026-06-11T09:20:53+0200,f3b72819-8f0f-4c0e-a936-e9ce989df431,2026-05-18T23:00:00Z,2026-05-19T01:00:00+0200,43174.99495,MW,DE,DE_LU,actual_load,Actual Load,2026-06-11T07:22:11Z
2026-06-11T07:20:53Z,2026-06-11T09:20:53+0200,f3b72819-8f0f-4c0e-a936-e9ce989df431,2026-05-18T23:15:00Z,2026-05-19T01:15:00+0200,42726.15823,MW,DE,DE_LU,actual_load,Actual Load,2026-06-11T07:22:11Z
2026-06-11T07:20:53Z,2026-06-11T09:20:53+0200,f3b72819-8f0f-4c0e-a936-e9ce989df431,2026-05-18T23:30:00Z,2026-05-19T01:30:00+0200,42455.04983,MW,DE,DE_LU,actual_load,Actual Load,2026-06-11T07:22:11Z
2026-06-11T07:20:53Z,2026-06-11T09:20:53+0200,f3b72819-8f0f-4c0e-a936-e9ce989df431,2026-05-18T23:45:00Z,2026-05-19T01:45:00+0200,42348.381849,MW,DE,DE_LU,actual_load,Actual Load,2026-06-11T07:22:11Z
2026-06-11T07:20:53Z,2026-06-11T09:20:53+0200,f3b72819-8f0f-4c0e-a936-e9ce989df431,2026-05-19T00:00:00Z,2026-05-19T02:00:00+0200,42253.46181,MW,DE,DE_LU,actual_load,Actual Load,2026-06-11T07:22:11Z
2026-06-11T07:20:53Z,2026-06-11T09:20:53+0200,f3b72819-8f0f-4c0e-a936-e9ce989df431,2026-05-19T00:15:00Z,2026-05-19T02:15:00+0200,42040.411159,MW,DE,DE_LU,actual_load,Actual Load,2026-06-11T07:22:11Z
2026-06-11T07:20:53Z,2026-06-11T09:20:53+0200,f3b72819-8f0f-4c0e-a936-e9ce989df431,2026-05-19T00:30:00Z,2026-05-19T02:30:00+0200,42291.43847,MW,DE,DE_LU,actual_load,Actual Load,2026-06-11T07:22:11Z
2026-06-11T07:20:53Z,2026-06-11T09:20:53+0200,f3b72819-8f0f-4c0e-a936-e9ce989df431,2026-05-19T00:45:00Z,2026-05-19T02:45:00+0200,42250.62824,MW,DE,DE_LU,actual_load,Actual Load,2026-06-11T07:22:11Z
2026-06-11T07:20:53Z,2026-06-11T09:20:53+0200,f3b72819-8f0f-4c0e-a936-e9ce989df431,2026-05-19T01:00:00Z,2026-05-19T03:00:00+0200,42785.29447,MW,DE,DE_LU,actual_load,Actual Load,2026-06-11T07:22:11Z
2026-06-11T07:20:53Z,2026-06-11T09:20:53+0200,f3b72819-8f0f-4c0e-a936-e9ce989df431,2026-05-19T01:15:00Z,2026-05-19T03:15:00+0200,42837.79819,MW,DE,DE_LU,actual_load,Actual Load,2026-06-11T07:22:11Z
2026-06-11T07:20:53Z,2026-06-11T09:20:53+0200,f3b72819-8f0f-4c0e-a936-e9ce989df431,2026-05-19T01:30:00Z,2026-05-19T03:30:00+0200,42648.753699,MW,DE,DE_LU,actual_load,Actual Load,2026-06-11T07:22:11Z
2026-06-11T07:20:53Z,2026-06-11T09:20:53+0200,f3b72819-8f0f-4c0e-a936-e9ce989df431,2026-05-19T01:45:00Z,2026-05-19T03:45:00+0200,42938.66296,MW,DE,DE_LU,actual_load,Actual Load,2026-06-11T07:22:11Z
2026-06-11T07:20:53Z,2026-06-11T09:20:53+0200,f3b72819-8f0f-4c0e-a936-e9ce989df431,2026-05-19T02:00:00Z,2026-05-19T04:00:00+0200,43332.54533,MW,DE,DE_LU,actual_load,Actual Load,2026-06-11T07:22:11Z
2026-06-11T07:20:53Z,2026-06-11T09:20:53+0200,f3b72819-8f0f-4c0e-a936-e9ce989df431,2026-05-19T02:15:00Z,2026-05-19T04:15:00+0200,43605.70972,MW,DE,DE_LU,actual_load,Actual Load,2026-06-11T07:22:11Z
2026-06-11T07:20:53Z,2026-06-11T09:20:53+0200,f3b72819-8f0f-4c0e-a936-e9ce989df431,2026-05-19T02:30:00Z,2026-05-19T04:30:00+0200,44380.897029,MW,DE,DE_LU,actual_load,Actual Load,2026-06-11T07:22:11Z
2026-06-11T07:20:53Z,2026-06-11T09:20:53+0200,f3b72819-8f0f-4c0e-a936-e9ce989df431,2026-05-19T02:45:00Z,2026-05-19T04:45:00+0200,45076.121099,MW,DE,DE_LU,actual_load,Actual Load,2026-06-11T07:22:11Z
2026-06-11T07:20:53Z,2026-06-11T09:20:53+0200,f3b72819-8f0f-4c0e-a936-e9ce989df431,2026-05-19T03:00:00Z,2026-05-19T05:00:00+0200,45679.400849,MW,DE,DE_LU,actual_load,Actual Load,2026-06-11T07:22:11Z
2026-06-11T07:20:53Z,2026-06-11T09:20:53+0200,f3b72819-8f0f-4c0e-a936-e9ce989df431,2026-05-19T03:15:00Z,2026-05-19T05:15:00+0200,46082.46641,MW,DE,DE_LU,actual_load,Actual Load,2026-06-11T07:22:11Z
2026-06-11T07:20:53Z,2026-06-11T09:20:53+0200,f3b72819-8f0f-4c0e-a936-e9ce989df431,2026-05-19T03:30:00Z,2026-05-19T05:30:00+0200,47048.09762,MW,DE,DE_LU,actual_load,Actual Load,2026-06-11T07:22:11Z
2026-06-11T07:20:53Z,2026-06-11T09:20:53+0200,f3b72819-8f0f-4c0e-a936-e9ce989df431,2026-05-19T03:45:00Z,2026-05-19T05:45:00+0200,48474.95845,MW,DE,DE_LU,actual_load,Actual Load,2026-06-11T07:22:11Z
2026-06-11T07:20:53Z,2026-06-11T09:20:53+0200,f3b72819-8f0f-4c0e-a936-e9ce989df431,2026-05-19T04:00:00Z,2026-05-19T06:00:00+0200,51040.52907,MW,DE,DE_LU,actual_load,Actual Load,2026-06-11T07:22:11Z
2026-06-11T07:20:53Z,2026-06-11T09:20:53+0200,f3b72819-8f0f-4c0e-a936-e9ce989df431,2026-05-19T04:15:00Z,2026-05-19T06:15:00+0200,52509.36278,MW,DE,DE_LU,actual_load,Actual Load,2026-06-11T07:22:11Z
2026-06-11T07:20:53Z,2026-06-11T09:20:53+0200,f3b72819-8f0f-4c0e-a936-e9ce989df431,2026-05-19T04:30:00Z,2026-05-19T06:30:00+0200,53862.207749,MW,DE,DE_LU,actual_load,Actual Load,2026-06-11T07:22:11Z
2026-06-11T07:20:53Z,2026-06-11T09:20:53+0200,f3b72819-8f0f-4c0e-a936-e9ce989df431,2026-05-19T04:45:00Z,2026-05-19T06:45:00+0200,55054.72107,MW,DE,DE_LU,actual_load,Actual Load,2026-06-11T07:22:11Z
2026-06-11T07:20:53Z,2026-06-11T09:20:53+0200,f3b72819-8f0f-4c0e-a936-e9ce989df431,2026-05-19T05:00:00Z,2026-05-19T07:00:00+0200,56192.41491,MW,DE,DE_LU,actual_load,Actual Load,2026-06-11T07:22:11Z
2026-06-11T07:20:53Z,2026-06-11T09:20:53+0200,f3b72819-8f0f-4c0e-a936-e9ce989df431,2026-05-19T05:15:00Z,2026-05-19T07:15:00+0200,57221.90823,MW,DE,DE_LU,actual_load,Actual Load,2026-06-11T07:22:11Z
2026-06-11T07:20:53Z,2026-06-11T09:20:53+0200,f3b72819-8f0f-4c0e-a936-e9ce989df431,2026-05-19T05:30:00Z,2026-05-19T07:30:00+0200,58015.96092,MW,DE,DE_LU,actual_load,Actual Load,2026-06-11T07:22:11Z
2026-06-11T07:20:53Z,2026-06-11T09:20:53+0200,f3b72819-8f0f-4c0e-a936-e9ce989df431,2026-05-19T05:45:00Z,2026-05-19T07:45:00+0200,58092.08044,MW,DE,DE_LU,actual_load,Actual Load,2026-06-11T07:22:11Z
2026-06-11T07:20:53Z,2026-06-11T09:20:53+0200,f3b72819-8f0f-4c0e-a936-e9ce989df431,2026-05-19T06:00:00Z,2026-05-19T08:00:00+0200,58548.24005,MW,DE,DE_LU,actual_load,Actual Load,2026-06-11T07:22:11Z
2026-06-11T07:20:53Z,2026-06-11T09:20:53+0200,f3b72819-8f0f-4c0e-a936-e9ce989df431,2026-05-19T06:15:00Z,2026-05-19T08:15:00+0200,58694.5955,MW,DE,DE_LU,actual_load,Actual Load,2026-06-11T07:22:11Z
2026-06-11T07:20:53Z,2026-06-11T09:20:53+0200,f3b72819-8f0f-4c0e-a936-e9ce989df431,2026-05-19T06:30:00Z,2026-05-19T08:30:00+0200,58820.55459,MW,DE,DE_LU,actual_load,Actual Load,2026-06-11T07:22:11Z
2026-06-11T07:20:53Z,2026-06-11T09:20:53+0200,f3b72819-8f0f-4c0e-a936-e9ce989df431,2026-05-19T06:45:00Z,2026-05-19T08:45:00+0200,58820.303729,MW,DE,DE_LU,actual_load,Actual Load,2026-06-11T07:22:11Z
2026-06-11T07:20:53Z,2026-06-11T09:20:53+0200,f3b72819-8f0f-4c0e-a936-e9ce989df431,2026-05-19T07:00:00Z,2026-05-19T09:00:00+0200,57459.21533,MW,DE,DE_LU,actual_load,Actual Load,2026-06-11T07:22:11Z
2026-06-11T07:20:53Z,2026-06-11T09:20:53+0200,f3b72819-8f0f-4c0e-a936-e9ce989df431,2026-05-19T07:15:00Z,2026-05-19T09:15:00+0200,56713.13559,MW,DE,DE_LU,actual_load,Actual Load,2026-06-11T07:22:11Z
2026-06-11T07:20:53Z,2026-06-11T09:20:53+0200,f3b72819-8f0f-4c0e-a936-e9ce989df431,2026-05-19T07:30:00Z,2026-05-19T09:30:00+0200,56709.57231,MW,DE,DE_LU,actual_load,Actual Load,2026-06-11T07:22:11Z
2026-06-11T07:20:53Z,2026-06-11T09:20:53+0200,f3b72819-8f0f-4c0e-a936-e9ce989df431,2026-05-19T07:45:00Z,2026-05-19T09:45:00+0200,56831.41095,MW,DE,DE_LU,actual_load,Actual Load,2026-06-11T07:22:11Z
2026-06-11T07:20:53Z,2026-06-11T09:20:53+0200,f3b72819-8f0f-4c0e-a936-e9ce989df431,2026-05-19T08:00:00Z,2026-05-19T10:00:00+0200,56161.50146,MW,DE,DE_LU,actual_load,Actual Load,2026-06-11T07:22:11Z
2026-06-11T07:20:53Z,2026-06-11T09:20:53+0200,f3b72819-8f0f-4c0e-a936-e9ce989df431,2026-05-19T08:15:00Z,2026-05-19T10:15:00+0200,56973.13868,MW,DE,DE_LU,actual_load,Actual Load,2026-06-11T07:22:11Z
2026-06-11T07:20:53Z,2026-06-11T09:20:53+0200,f3b72819-8f0f-4c0e-a936-e9ce989df431,2026-05-19T08:30:00Z,2026-05-19T10:30:00+0200,57395.003579,MW,DE,DE_LU,actual_load,Actual Load,2026-06-11T07:22:11Z
2026-06-11T07:20:53Z,2026-06-11T09:20:53+0200,f3b72819-8f0f-4c0e-a936-e9ce989df431,2026-05-19T08:45:00Z,2026-05-19T10:45:00+0200,57308.75779,MW,DE,DE_LU,actual_load,Actual Load,2026-06-11T07:22:11Z
2026-06-11T07:20:53Z,2026-06-11T09:20:53+0200,f3b72819-8f0f-4c0e-a936-e9ce989df431,2026-05-19T09:00:00Z,2026-05-19T11:00:00+0200,57044.18713,MW,DE,DE_LU,actual_load,Actual Load,2026-06-11T07:22:11Z
2026-06-11T07:20:53Z,2026-06-11T09:20:53+0200,f3b72819-8f0f-4c0e-a936-e9ce989df431,2026-05-19T09:15:00Z,2026-05-19T11:15:00+0200,56955.13697,MW,DE,DE_LU,actual_load,Actual Load,2026-06-11T07:22:11Z
2026-06-11T07:20:53Z,2026-06-11T09:20:53+0200,f3b72819-8f0f-4c0e-a936-e9ce989df431,2026-05-19T09:30:00Z,2026-05-19T11:30:00+0200,56597.4482,MW,DE,DE_LU,actual_load,Actual Load,2026-06-11T07:22:11Z
2026-06-11T07:20:53Z,2026-06-11T09:20:53+0200,f3b72819-8f0f-4c0e-a936-e9ce989df431,2026-05-19T09:45:00Z,2026-05-19T11:45:00+0200,56877.94348,MW,DE,DE_LU,actual_load,Actual Load,2026-06-11T07:22:11Z
2026-06-11T07:20:53Z,2026-06-11T09:20:53+0200,f3b72819-8f0f-4c0e-a936-e9ce989df431,2026-05-19T10:00:00Z,2026-05-19T12:00:00+0200,56569.46216,MW,DE,DE_LU,actual_load,Actual Load,2026-06-11T07:22:11Z
2026-06-11T07:20:53Z,2026-06-11T09:20:53+0200,f3b72819-8f0f-4c0e-a936-e9ce989df431,2026-05-19T10:15:00Z,2026-05-19T12:15:00+0200,56287.13009,MW,DE,DE_LU,actual_load,Actual Load,2026-06-11T07:22:11Z
2026-06-11T07:20:53Z,2026-06-11T09:20:53+0200,f3b72819-8f0f-4c0e-a936-e9ce989df431,2026-05-19T10:30:00Z,2026-05-19T12:30:00+0200,56308.382409,MW,DE,DE_LU,actual_load,Actual Load,2026-06-11T07:22:11Z
2026-06-11T07:20:53Z,2026-06-11T09:20:53+0200,f3b72819-8f0f-4c0e-a936-e9ce989df431,2026-05-19T10:45:00Z,2026-05-19T12:45:00+0200,56574.50014,MW,DE,DE_LU,actual_load,Actual Load,2026-06-11T07:22:11Z
2026-06-11T07:20:53Z,2026-06-11T09:20:53+0200,f3b72819-8f0f-4c0e-a936-e9ce989df431,2026-05-19T11:00:00Z,2026-05-19T13:00:00+0200,56178.88352,MW,DE,DE_LU,actual_load,Actual Load,2026-06-11T07:22:11Z
2026-06-11T07:20:53Z,2026-06-11T09:20:53+0200,f3b72819-8f0f-4c0e-a936-e9ce989df431,2026-05-19T11:15:00Z,2026-05-19T13:15:00+0200,56038.35437,MW,DE,DE_LU,actual_load,Actual Load,2026-06-11T07:22:11Z
2026-06-11T07:20:53Z,2026-06-11T09:20:53+0200,f3b72819-8f0f-4c0e-a936-e9ce989df431,2026-05-19T11:30:00Z,2026-05-19T13:30:00+0200,55676.44656,MW,DE,DE_LU,actual_load,Actual Load,2026-06-11T07:22:11Z
2026-06-11T07:20:53Z,2026-06-11T09:20:53+0200,f3b72819-8f0f-4c0e-a936-e9ce989df431,2026-05-19T11:45:00Z,2026-05-19T13:45:00+0200,55435.80511,MW,DE,DE_LU,actual_load,Actual Load,2026-06-11T07:22:11Z
2026-06-11T07:20:53Z,2026-06-11T09:20:53+0200,f3b72819-8f0f-4c0e-a936-e9ce989df431,2026-05-19T12:00:00Z,2026-05-19T14:00:00+0200,55567.56052,MW,DE,DE_LU,actual_load,Actual Load,2026-06-11T07:22:11Z
2026-06-11T07:20:53Z,2026-06-11T09:20:53+0200,f3b72819-8f0f-4c0e-a936-e9ce989df431,2026-05-19T12:15:00Z,2026-05-19T14:15:00+0200,55191.355799,MW,DE,DE_LU,actual_load,Actual Load,2026-06-11T07:22:11Z
2026-06-11T07:20:53Z,2026-06-11T09:20:53+0200,f3b72819-8f0f-4c0e-a936-e9ce989df431,2026-05-19T12:30:00Z,2026-05-19T14:30:00+0200,54979.1356,MW,DE,DE_LU,actual_load,Actual Load,2026-06-11T07:22:11Z
2026-06-11T07:20:53Z,2026-06-11T09:20:53+0200,f3b72819-8f0f-4c0e-a936-e9ce989df431,2026-05-19T12:45:00Z,2026-05-19T14:45:00+0200,55340.60477,MW,DE,DE_LU,actual_load,Actual Load,2026-06-11T07:22:11Z
2026-06-11T07:20:53Z,2026-06-11T09:20:53+0200,f3b72819-8f0f-4c0e-a936-e9ce989df431,2026-05-19T13:00:00Z,2026-05-19T15:00:00+0200,55226.718809,MW,DE,DE_LU,actual_load,Actual Load,2026-06-11T07:22:11Z
2026-06-11T07:20:53Z,2026-06-11T09:20:53+0200,f3b72819-8f0f-4c0e-a936-e9ce989df431,2026-05-19T13:15:00Z,2026-05-19T15:15:00+0200,55252.1459,MW,DE,DE_LU,actual_load,Actual Load,2026-06-11T07:22:11Z
2026-06-11T07:20:53Z,2026-06-11T09:20:53+0200,f3b72819-8f0f-4c0e-a936-e9ce989df431,2026-05-19T13:30:00Z,2026-05-19T15:30:00+0200,54793.28868,MW,DE,DE_LU,actual_load,Actual Load,2026-06-11T07:22:11Z
2026-06-11T07:20:53Z,2026-06-11T09:20:53+0200,f3b72819-8f0f-4c0e-a936-e9ce989df431,2026-05-19T13:45:00Z,2026-05-19T15:45:00+0200,54267.15441,MW,DE,DE_LU,actual_load,Actual Load,2026-06-11T07:22:11Z
2026-06-11T07:20:53Z,2026-06-11T09:20:53+0200,f3b72819-8f0f-4c0e-a936-e9ce989df431,2026-05-19T14:00:00Z,2026-05-19T16:00:00+0200,54942.5769,MW,DE,DE_LU,actual_load,Actual Load,2026-06-11T07:22:11Z
2026-06-11T07:20:53Z,2026-06-11T09:20:53+0200,f3b72819-8f0f-4c0e-a936-e9ce989df431,2026-05-19T14:15:00Z,2026-05-19T16:15:00+0200,54868.58342,MW,DE,DE_LU,actual_load,Actual Load,2026-06-11T07:22:11Z
2026-06-11T07:20:53Z,2026-06-11T09:20:53+0200,f3b72819-8f0f-4c0e-a936-e9ce989df431,2026-05-19T14:30:00Z,2026-05-19T16:30:00+0200,55141.76284,MW,DE,DE_LU,actual_load,Actual Load,2026-06-11T07:22:11Z
2026-06-11T07:20:53Z,2026-06-11T09:20:53+0200,f3b72819-8f0f-4c0e-a936-e9ce989df431,2026-05-19T14:45:00Z,2026-05-19T16:45:00+0200,54762.43008,MW,DE,DE_LU,actual_load,Actual Load,2026-06-11T07:22:11Z
2026-06-11T07:20:53Z,2026-06-11T09:20:53+0200,f3b72819-8f0f-4c0e-a936-e9ce989df431,2026-05-19T15:00:00Z,2026-05-19T17:00:00+0200,56390.39961,MW,DE,DE_LU,actual_load,Actual Load,2026-06-11T07:22:11Z
2026-06-11T07:20:53Z,2026-06-11T09:20:53+0200,f3b72819-8f0f-4c0e-a936-e9ce989df431,2026-05-19T15:15:00Z,2026-05-19T17:15:00+0200,57146.84792,MW,DE,DE_LU,actual_load,Actual Load,2026-06-11T07:22:11Z
2026-06-11T07:20:53Z,2026-06-11T09:20:53+0200,f3b72819-8f0f-4c0e-a936-e9ce989df431,2026-05-19T15:30:00Z,2026-05-19T17:30:00+0200,57730.97983,MW,DE,DE_LU,actual_load,Actual Load,2026-06-11T07:22:11Z
2026-06-11T07:20:53Z,2026-06-11T09:20:53+0200,f3b72819-8f0f-4c0e-a936-e9ce989df431,2026-05-19T15:45:00Z,2026-05-19T17:45:00+0200,57663.71964,MW,DE,DE_LU,actual_load,Actual Load,2026-06-11T07:22:11Z
2026-06-11T07:20:53Z,2026-06-11T09:20:53+0200,f3b72819-8f0f-4c0e-a936-e9ce989df431,2026-05-19T16:00:00Z,2026-05-19T18:00:00+0200,57598.47834,MW,DE,DE_LU,actual_load,Actual Load,2026-06-11T07:22:11Z
2026-06-11T07:20:53Z,2026-06-11T09:20:53+0200,f3b72819-8f0f-4c0e-a936-e9ce989df431,2026-05-19T16:15:00Z,2026-05-19T18:15:00+0200,57774.474959,MW,DE,DE_LU,actual_load,Actual Load,2026-06-11T07:22:11Z
2026-06-11T07:20:53Z,2026-06-11T09:20:53+0200,f3b72819-8f0f-4c0e-a936-e9ce989df431,2026-05-19T16:30:00Z,2026-05-19T18:30:00+0200,57487.21168,MW,DE,DE_LU,actual_load,Actual Load,2026-06-11T07:22:11Z
2026-06-11T07:20:53Z,2026-06-11T09:20:53+0200,f3b72819-8f0f-4c0e-a936-e9ce989df431,2026-05-19T16:45:00Z,2026-05-19T18:45:00+0200,57921.35117,MW,DE,DE_LU,actual_load,Actual Load,2026-06-11T07:22:11Z
2026-06-11T07:20:53Z,2026-06-11T09:20:53+0200,f3b72819-8f0f-4c0e-a936-e9ce989df431,2026-05-19T17:00:00Z,2026-05-19T19:00:00+0200,58017.02721,MW,DE,DE_LU,actual_load,Actual Load,2026-06-11T07:22:11Z
2026-06-11T07:20:53Z,2026-06-11T09:20:53+0200,f3b72819-8f0f-4c0e-a936-e9ce989df431,2026-05-19T17:15:00Z,2026-05-19T19:15:00+0200,57733.96123,MW,DE,DE_LU,actual_load,Actual Load,2026-06-11T07:22:11Z
2026-06-11T07:20:53Z,2026-06-11T09:20:53+0200,f3b72819-8f0f-4c0e-a936-e9ce989df431,2026-05-19T17:30:00Z,2026-05-19T19:30:00+0200,57602.60199,MW,DE,DE_LU,actual_load,Actual Load,2026-06-11T07:22:11Z
2026-06-11T07:20:53Z,2026-06-11T09:20:53+0200,f3b72819-8f0f-4c0e-a936-e9ce989df431,2026-05-19T17:45:00Z,2026-05-19T19:45:00+0200,58135.168979,MW,DE,DE_LU,actual_load,Actual Load,2026-06-11T07:22:11Z
2026-06-11T07:20:53Z,2026-06-11T09:20:53+0200,f3b72819-8f0f-4c0e-a936-e9ce989df431,2026-05-19T18:00:00Z,2026-05-19T20:00:00+0200,57452.93346,MW,DE,DE_LU,actual_load,Actual Load,2026-06-11T07:22:11Z
2026-06-11T07:20:53Z,2026-06-11T09:20:53+0200,f3b72819-8f0f-4c0e-a936-e9ce989df431,2026-05-19T18:15:00Z,2026-05-19T20:15:00+0200,56849.36063,MW,DE,DE_LU,actual_load,Actual Load,2026-06-11T07:22:11Z
2026-06-11T07:20:53Z,2026-06-11T09:20:53+0200,f3b72819-8f0f-4c0e-a936-e9ce989df431,2026-05-19T18:30:00Z,2026-05-19T20:30:00+0200,56080.33492,MW,DE,DE_LU,actual_load,Actual Load,2026-06-11T07:22:11Z
2026-06-11T07:20:53Z,2026-06-11T09:20:53+0200,f3b72819-8f0f-4c0e-a936-e9ce989df431,2026-05-19T18:45:00Z,2026-05-19T20:45:00+0200,55447.92466,MW,DE,DE_LU,actual_load,Actual Load,2026-06-11T07:22:11Z
2026-06-11T07:20:53Z,2026-06-11T09:20:53+0200,f3b72819-8f0f-4c0e-a936-e9ce989df431,2026-05-19T19:00:00Z,2026-05-19T21:00:00+0200,54744.0479,MW,DE,DE_LU,actual_load,Actual Load,2026-06-11T07:22:11Z
2026-06-11T07:20:53Z,2026-06-11T09:20:53+0200,f3b72819-8f0f-4c0e-a936-e9ce989df431,2026-05-19T19:15:00Z,2026-05-19T21:15:00+0200,55018.99687,MW,DE,DE_LU,actual_load,Actual Load,2026-06-11T07:22:11Z
2026-06-11T07:20:53Z,2026-06-11T09:20:53+0200,f3b72819-8f0f-4c0e-a936-e9ce989df431,2026-05-19T19:30:00Z,2026-05-19T21:30:00+0200,55479.97566,MW,DE,DE_LU,actual_load,Actual Load,2026-06-11T07:22:11Z
2026-06-11T07:20:53Z,2026-06-11T09:20:53+0200,f3b72819-8f0f-4c0e-a936-e9ce989df431,2026-05-19T19:45:00Z,2026-05-19T21:45:00+0200,54217.94053,MW,DE,DE_LU,actual_load,Actual Load,2026-06-11T07:22:11Z
2026-06-11T07:20:53Z,2026-06-11T09:20:53+0200,f3b72819-8f0f-4c0e-a936-e9ce989df431,2026-05-19T20:00:00Z,2026-05-19T22:00:00+0200,53481.82287,MW,DE,DE_LU,actual_load,Actual Load,2026-06-11T07:22:11Z
2026-06-11T07:20:53Z,2026-06-11T09:20:53+0200,f3b72819-8f0f-4c0e-a936-e9ce989df431,2026-05-19T20:15:00Z,2026-05-19T22:15:00+0200,52769.11561,MW,DE,DE_LU,actual_load,Actual Load,2026-06-11T07:22:11Z
2026-06-11T07:20:53Z,2026-06-11T09:20:53+0200,f3b72819-8f0f-4c0e-a936-e9ce989df431,2026-05-19T20:30:00Z,2026-05-19T22:30:00+0200,51481.94685,MW,DE,DE_LU,actual_load,Actual Load,2026-06-11T07:22:11Z
2026-06-11T07:20:53Z,2026-06-11T09:20:53+0200,f3b72819-8f0f-4c0e-a936-e9ce989df431,2026-05-19T20:45:00Z,2026-05-19T22:45:00+0200,50545.33063,MW,DE,DE_LU,actual_load,Actual Load,2026-06-11T07:22:11Z
2026-06-11T07:20:53Z,2026-06-11T09:20:53+0200,f3b72819-8f0f-4c0e-a936-e9ce989df431,2026-05-19T21:00:00Z,2026-05-19T23:00:00+0200,49534.70778,MW,DE,DE_LU,actual_load,Actual Load,2026-06-11T07:22:11Z
2026-06-11T07:20:53Z,2026-06-11T09:20:53+0200,f3b72819-8f0f-4c0e-a936-e9ce989df431,2026-05-19T21:15:00Z,2026-05-19T23:15:00+0200,48232.643499,MW,DE,DE_LU,actual_load,Actual Load,2026-06-11T07:22:11Z
2026-06-11T07:20:53Z,2026-06-11T09:20:53+0200,f3b72819-8f0f-4c0e-a936-e9ce989df431,2026-05-19T21:30:00Z,2026-05-19T23:30:00+0200,47739.123259,MW,DE,DE_LU,actual_load,Actual Load,2026-06-11T07:22:11Z
2026-06-11T07:20:53Z,2026-06-11T09:20:53+0200,f3b72819-8f0f-4c0e-a936-e9ce989df431,2026-05-19T21:45:00Z,2026-05-19T23:45:00+0200,47712.52084,MW,DE,DE_LU,actual_load,Actual Load,2026-06-11T07:22:11Z
2026-06-11T07:20:53Z,2026-06-11T09:20:53+0200,f3b72819-8f0f-4c0e-a936-e9ce989df431,2026-05-19T22:00:00Z,2026-05-20T00:00:00+0200,46980.86227,MW,DE,DE_LU,actual_load,Actual Load,2026-06-11T07:22:11Z
2026-06-11T07:20:53Z,2026-06-11T09:20:53+0200,f3b72819-8f0f-4c0e-a936-e9ce989df431,2026-05-19T22:15:00Z,2026-05-20T00:15:00+0200,46405.63462,MW,DE,DE_LU,actual_load,Actual Load,2026-06-11T07:22:11Z
2026-06-11T07:20:53Z,2026-06-11T09:20:53+0200,f3b72819-8f0f-4c0e-a936-e9ce989df431,2026-05-19T22:30:00Z,2026-05-20T00:30:00+0200,45694.37616,MW,DE,DE_LU,actual_load,Actual Load,2026-06-11T07:22:11Z
2026-06-11T07:20:53Z,2026-06-11T09:20:53+0200,f3b72819-8f0f-4c0e-a936-e9ce989df431,2026-05-19T22:45:00Z,2026-05-20T00:45:00+0200,44743.27312,MW,DE,DE_LU,actual_load,Actual Load,2026-06-11T07:22:11Z
2026-06-11T07:20:53Z,2026-06-11T09:20:53+0200,f3b72819-8f0f-4c0e-a936-e9ce989df431,2026-05-19T23:00:00Z,2026-05-20T01:00:00+0200,44855.89726,MW,DE,DE_LU,actual_load,Actual Load,2026-06-11T07:22:11Z
2026-06-11T07:20:53Z,2026-06-11T09:20:53+0200,f3b72819-8f0f-4c0e-a936-e9ce989df431,2026-05-19T23:15:00Z,2026-05-20T01:15:00+0200,44901.89954,MW,DE,DE_LU,actual_load,Actual Load,2026-06-11T07:22:11Z
2026-06-11T07:20:53Z,2026-06-11T09:20:53+0200,f3b72819-8f0f-4c0e-a936-e9ce989df431,2026-05-19T23:30:00Z,2026-05-20T01:30:00+0200,44386.86344,MW,DE,DE_LU,actual_load,Actual Load,2026-06-11T07:22:11Z
2026-06-11T07:20:53Z,2026-06-11T09:20:53+0200,f3b72819-8f0f-4c0e-a936-e9ce989df431,2026-05-19T23:45:00Z,2026-05-20T01:45:00+0200,44227.11267,MW,DE,DE_LU,actual_load,Actual Load,2026-06-11T07:22:11Z
2026-06-11T07:20:53Z,2026-06-11T09:20:53+0200,f3b72819-8f0f-4c0e-a936-e9ce989df431,2026-05-20T00:00:00Z,2026-05-20T02:00:00+0200,44199.9027,MW,DE,DE_LU,actual_load,Actual Load,2026-06-11T07:22:11Z
2026-06-11T07:20:53Z,2026-06-11T09:20:53+0200,f3b72819-8f0f-4c0e-a936-e9ce989df431,2026-05-20T00:15:00Z,2026-05-20T02:15:00+0200,43645.99909,MW,DE,DE_LU,actual_load,Actual Load,2026-06-11T07:22:11Z
2026-06-11T07:20:53Z,2026-06-11T09:20:53+0200,f3b72819-8f0f-4c0e-a936-e9ce989df431,2026-05-20T00:30:00Z,2026-05-20T02:30:00+0200,43954.91752,MW,DE,DE_LU,actual_load,Actual Load,2026-06-11T07:22:11Z
2026-06-11T07:20:53Z,2026-06-11T09:20:53+0200,f3b72819-8f0f-4c0e-a936-e9ce989df431,2026-05-20T00:45:00Z,2026-05-20T02:45:00+0200,44179.02835,MW,DE,DE_LU,actual_load,Actual Load,2026-06-11T07:22:11Z
2026-06-11T07:20:53Z,2026-06-11T09:20:53+0200,f3b72819-8f0f-4c0e-a936-e9ce989df431,2026-05-20T01:00:00Z,2026-05-20T03:00:00+0200,43908.47931,MW,DE,DE_LU,actual_load,Actual Load,2026-06-11T07:22:11Z
2026-06-11T07:20:53Z,2026-06-11T09:20:53+0200,f3b72819-8f0f-4c0e-a936-e9ce989df431,2026-05-20T01:15:00Z,2026-05-20T03:15:00+0200,43695.79963,MW,DE,DE_LU,actual_load,Actual Load,2026-06-11T07:22:11Z
2026-06-11T07:20:53Z,2026-06-11T09:20:53+0200,f3b72819-8f0f-4c0e-a936-e9ce989df431,2026-05-20T01:30:00Z,2026-05-20T03:30:00+0200,43569.69828,MW,DE,DE_LU,actual_load,Actual Load,2026-06-11T07:22:11Z
2026-06-11T07:20:53Z,2026-06-11T09:20:53+0200,f3b72819-8f0f-4c0e-a936-e9ce989df431,2026-05-20T01:45:00Z,2026-05-20T03:45:00+0200,43590.57196,MW,DE,DE_LU,actual_load,Actual Load,2026-06-11T07:22:11Z
2026-06-11T07:20:53Z,2026-06-11T09:20:53+0200,f3b72819-8f0f-4c0e-a936-e9ce989df431,2026-05-20T02:00:00Z,2026-05-20T04:00:00+0200,43970.37029,MW,DE,DE_LU,actual_load,Actual Load,2026-06-11T07:22:11Z
2026-06-11T07:20:53Z,2026-06-11T09:20:53+0200,f3b72819-8f0f-4c0e-a936-e9ce989df431,2026-05-20T02:15:00Z,2026-05-20T04:15:00+0200,44391.50106,MW,DE,DE_LU,actual_load,Actual Load,2026-06-11T07:22:11Z
2026-06-11T07:20:53Z,2026-06-11T09:20:53+0200,f3b72819-8f0f-4c0e-a936-e9ce989df431,2026-05-20T02:30:00Z,2026-05-20T04:30:00+0200,44803.8637,MW,DE,DE_LU,actual_load,Actual Load,2026-06-11T07:22:11Z
2026-06-11T07:20:53Z,2026-06-11T09:20:53+0200,f3b72819-8f0f-4c0e-a936-e9ce989df431,2026-05-20T02:45:00Z,2026-05-20T04:45:00+0200,45564.3416,MW,DE,DE_LU,actual_load,Actual Load,2026-06-11T07:22:11Z
2026-06-11T07:20:53Z,2026-06-11T09:20:53+0200,f3b72819-8f0f-4c0e-a936-e9ce989df431,2026-05-20T03:00:00Z,2026-05-20T05:00:00+0200,47020.58987,MW,DE,DE_LU,actual_load,Actual Load,2026-06-11T07:22:11Z
2026-06-11T07:20:53Z,2026-06-11T09:20:53+0200,f3b72819-8f0f-4c0e-a936-e9ce989df431,2026-05-20T03:15:00Z,2026-05-20T05:15:00+0200,47520.63827,MW,DE,DE_LU,actual_load,Actual Load,2026-06-11T07:22:11Z
2026-06-11T07:20:53Z,2026-06-11T09:20:53+0200,f3b72819-8f0f-4c0e-a936-e9ce989df431,2026-05-20T03:30:00Z,2026-05-20T05:30:00+0200,48615.95442,MW,DE,DE_LU,actual_load,Actual Load,2026-06-11T07:22:11Z
2026-06-11T07:20:53Z,2026-06-11T09:20:53+0200,f3b72819-8f0f-4c0e-a936-e9ce989df431,2026-05-20T03:45:00Z,2026-05-20T05:45:00+0200,49989.6234,MW,DE,DE_LU,actual_load,Actual Load,2026-06-11T07:22:11Z
2026-06-11T07:20:53Z,2026-06-11T09:20:53+0200,f3b72819-8f0f-4c0e-a936-e9ce989df431,2026-05-20T04:00:00Z,2026-05-20T06:00:00+0200,52282.42238,MW,DE,DE_LU,actual_load,Actual Load,2026-06-11T07:22:11Z
2026-06-11T07:20:53Z,2026-06-11T09:20:53+0200,f3b72819-8f0f-4c0e-a936-e9ce989df431,2026-05-20T04:15:00Z,2026-05-20T06:15:00+0200,54620.87748,MW,DE,DE_LU,actual_load,Actual Load,2026-06-11T07:22:11Z
2026-06-11T07:20:53Z,2026-06-11T09:20:53+0200,f3b72819-8f0f-4c0e-a936-e9ce989df431,2026-05-20T04:30:00Z,2026-05-20T06:30:00+0200,55940.07592,MW,DE,DE_LU,actual_load,Actual Load,2026-06-11T07:22:11Z
2026-06-11T07:20:53Z,2026-06-11T09:20:53+0200,f3b72819-8f0f-4c0e-a936-e9ce989df431,2026-05-20T04:45:00Z,2026-05-20T06:45:00+0200,57487.55663,MW,DE,DE_LU,actual_load,Actual Load,2026-06-11T07:22:11Z
2026-06-11T07:20:53Z,2026-06-11T09:20:53+0200,f3b72819-8f0f-4c0e-a936-e9ce989df431,2026-05-20T05:00:00Z,2026-05-20T07:00:00+0200,58500.77864,MW,DE,DE_LU,actual_load,Actual Load,2026-06-11T07:22:11Z
2026-06-11T07:20:53Z,2026-06-11T09:20:53+0200,f3b72819-8f0f-4c0e-a936-e9ce989df431,2026-05-20T05:15:00Z,2026-05-20T07:15:00+0200,59492.19016,MW,DE,DE_LU,actual_load,Actual Load,2026-06-11T07:22:11Z
2026-06-11T07:20:53Z,2026-06-11T09:20:53+0200,f3b72819-8f0f-4c0e-a936-e9ce989df431,2026-05-20T05:30:00Z,2026-05-20T07:30:00+0200,60456.98421,MW,DE,DE_LU,actual_load,Actual Load,2026-06-11T07:22:11Z
2026-06-11T07:20:53Z,2026-06-11T09:20:53+0200,f3b72819-8f0f-4c0e-a936-e9ce989df431,2026-05-20T05:45:00Z,2026-05-20T07:45:00+0200,61481.8219,MW,DE,DE_LU,actual_load,Actual Load,2026-06-11T07:22:11Z
2026-06-11T07:20:53Z,2026-06-11T09:20:53+0200,f3b72819-8f0f-4c0e-a936-e9ce989df431,2026-05-20T06:00:00Z,2026-05-20T08:00:00+0200,61858.36095,MW,DE,DE_LU,actual_load,Actual Load,2026-06-11T07:22:11Z
2026-06-11T07:20:53Z,2026-06-11T09:20:53+0200,f3b72819-8f0f-4c0e-a936-e9ce989df431,2026-05-20T06:15:00Z,2026-05-20T08:15:00+0200,62840.15184,MW,DE,DE_LU,actual_load,Actual Load,2026-06-11T07:22:11Z
2026-06-11T07:20:53Z,2026-06-11T09:20:53+0200,f3b72819-8f0f-4c0e-a936-e9ce989df431,2026-05-20T06:30:00Z,2026-05-20T08:30:00+0200,62894.73928,MW,DE,DE_LU,actual_load,Actual Load,2026-06-11T07:22:11Z
2026-06-11T07:20:53Z,2026-06-11T09:20:53+0200,f3b72819-8f0f-4c0e-a936-e9ce989df431,2026-05-20T06:45:00Z,2026-05-20T08:45:00+0200,62706.82599,MW,DE,DE_LU,actual_load,Actual Load,2026-06-11T07:22:11Z
2026-06-11T07:20:53Z,2026-06-11T09:20:53+0200,f3b72819-8f0f-4c0e-a936-e9ce989df431,2026-05-20T07:00:00Z,2026-05-20T09:00:00+0200,61759.15727,MW,DE,DE_LU,actual_load,Actual Load,2026-06-11T07:22:11Z
2026-06-11T07:20:53Z,2026-06-11T09:20:53+0200,f3b72819-8f0f-4c0e-a936-e9ce989df431,2026-05-20T07:15:00Z,2026-05-20T09:15:00+0200,62360.06744,MW,DE,DE_LU,actual_load,Actual Load,2026-06-11T07:22:11Z
2026-06-11T07:20:53Z,2026-06-11T09:20:53+0200,f3b72819-8f0f-4c0e-a936-e9ce989df431,2026-05-20T07:30:00Z,2026-05-20T09:30:00+0200,62507.90682,MW,DE,DE_LU,actual_load,Actual Load,2026-06-11T07:22:11Z
2026-06-11T07:20:53Z,2026-06-11T09:20:53+0200,f3b72819-8f0f-4c0e-a936-e9ce989df431,2026-05-20T07:45:00Z,2026-05-20T09:45:00+0200,62462.23199,MW,DE,DE_LU,actual_load,Actual Load,2026-06-11T07:22:11Z
2026-06-11T07:20:53Z,2026-06-11T09:20:53+0200,f3b72819-8f0f-4c0e-a936-e9ce989df431,2026-05-20T08:00:00Z,2026-05-20T10:00:00+0200,62203.67388,MW,DE,DE_LU,actual_load,Actual Load,2026-06-11T07:22:11Z
2026-06-11T07:20:53Z,2026-06-11T09:20:53+0200,f3b72819-8f0f-4c0e-a936-e9ce989df431,2026-05-20T08:15:00Z,2026-05-20T10:15:00+0200,61892.26975,MW,DE,DE_LU,actual_load,Actual Load,2026-06-11T07:22:11Z
2026-06-11T07:20:53Z,2026-06-11T09:20:53+0200,f3b72819-8f0f-4c0e-a936-e9ce989df431,2026-05-20T08:30:00Z,2026-05-20T10:30:00+0200,62205.81057,MW,DE,DE_LU,actual_load,Actual Load,2026-06-11T07:22:11Z
2026-06-11T07:20:53Z,2026-06-11T09:20:53+0200,f3b72819-8f0f-4c0e-a936-e9ce989df431,2026-05-20T08:45:00Z,2026-05-20T10:45:00+0200,62896.31151,MW,DE,DE_LU,actual_load,Actual Load,2026-06-11T07:22:11Z
2026-06-11T07:20:53Z,2026-06-11T09:20:53+0200,f3b72819-8f0f-4c0e-a936-e9ce989df431,2026-05-20T09:00:00Z,2026-05-20T11:00:00+0200,62571.10017,MW,DE,DE_LU,actual_load,Actual Load,2026-06-11T07:22:11Z
2026-06-11T07:20:53Z,2026-06-11T09:20:53+0200,f3b72819-8f0f-4c0e-a936-e9ce989df431,2026-05-20T09:15:00Z,2026-05-20T11:15:00+0200,62652.40648,MW,DE,DE_LU,actual_load,Actual Load,2026-06-11T07:22:11Z
2026-06-11T07:20:53Z,2026-06-11T09:20:53+0200,f3b72819-8f0f-4c0e-a936-e9ce989df431,2026-05-20T09:30:00Z,2026-05-20T11:30:00+0200,62588.74099,MW,DE,DE_LU,actual_load,Actual Load,2026-06-11T07:22:11Z
2026-06-11T07:20:53Z,2026-06-11T09:20:53+0200,f3b72819-8f0f-4c0e-a936-e9ce989df431,2026-05-20T09:45:00Z,2026-05-20T11:45:00+0200,61750.68815,MW,DE,DE_LU,actual_load,Actual Load,2026-06-11T07:22:11Z
2026-06-11T07:20:53Z,2026-06-11T09:20:53+0200,f3b72819-8f0f-4c0e-a936-e9ce989df431,2026-05-20T10:00:00Z,2026-05-20T12:00:00+0200,60651.6741,MW,DE,DE_LU,actual_load,Actual Load,2026-06-11T07:22:11Z
2026-06-11T07:20:53Z,2026-06-11T09:20:53+0200,f3b72819-8f0f-4c0e-a936-e9ce989df431,2026-05-20T10:15:00Z,2026-05-20T12:15:00+0200,60040.7211,MW,DE,DE_LU,actual_load,Actual Load,2026-06-11T07:22:11Z
2026-06-11T07:20:53Z,2026-06-11T09:20:53+0200,f3b72819-8f0f-4c0e-a936-e9ce989df431,2026-05-20T10:30:00Z,2026-05-20T12:30:00+0200,59949.7277,MW,DE,DE_LU,actual_load,Actual Load,2026-06-11T07:22:11Z
2026-06-11T07:20:53Z,2026-06-11T09:20:53+0200,f3b72819-8f0f-4c0e-a936-e9ce989df431,2026-05-20T10:45:00Z,2026-05-20T12:45:00+0200,59592.41781,MW,DE,DE_LU,actual_load,Actual Load,2026-06-11T07:22:11Z
2026-06-11T07:20:53Z,2026-06-11T09:20:53+0200,f3b72819-8f0f-4c0e-a936-e9ce989df431,2026-05-20T11:00:00Z,2026-05-20T13:00:00+0200,59824.37167,MW,DE,DE_LU,actual_load,Actual Load,2026-06-11T07:22:11Z
2026-06-11T07:20:53Z,2026-06-11T09:20:53+0200,f3b72819-8f0f-4c0e-a936-e9ce989df431,2026-05-20T11:15:00Z,2026-05-20T13:15:00+0200,59754.5796,MW,DE,DE_LU,actual_load,Actual Load,2026-06-11T07:22:11Z
2026-06-11T07:20:53Z,2026-06-11T09:20:53+0200,f3b72819-8f0f-4c0e-a936-e9ce989df431,2026-05-20T11:30:00Z,2026-05-20T13:30:00+0200,59417.4114,MW,DE,DE_LU,actual_load,Actual Load,2026-06-11T07:22:11Z
2026-06-11T07:20:53Z,2026-06-11T09:20:53+0200,f3b72819-8f0f-4c0e-a936-e9ce989df431,2026-05-20T11:45:00Z,2026-05-20T13:45:00+0200,59107.4059,MW,DE,DE_LU,actual_load,Actual Load,2026-06-11T07:22:11Z
2026-06-11T07:20:53Z,2026-06-11T09:20:53+0200,f3b72819-8f0f-4c0e-a936-e9ce989df431,2026-05-20T12:00:00Z,2026-05-20T14:00:00+0200,57914.91216,MW,DE,DE_LU,actual_load,Actual Load,2026-06-11T07:22:11Z
2026-06-11T07:20:53Z,2026-06-11T09:20:53+0200,f3b72819-8f0f-4c0e-a936-e9ce989df431,2026-05-20T12:15:00Z,2026-05-20T14:15:00+0200,58507.20504,MW,DE,DE_LU,actual_load,Actual Load,2026-06-11T07:22:11Z
2026-06-11T07:20:53Z,2026-06-11T09:20:53+0200,f3b72819-8f0f-4c0e-a936-e9ce989df431,2026-05-20T12:30:00Z,2026-05-20T14:30:00+0200,57349.91667,MW,DE,DE_LU,actual_load,Actual Load,2026-06-11T07:22:11Z
2026-06-11T07:20:53Z,2026-06-11T09:20:53+0200,f3b72819-8f0f-4c0e-a936-e9ce989df431,2026-05-20T12:45:00Z,2026-05-20T14:45:00+0200,56615.72712,MW,DE,DE_LU,actual_load,Actual Load,2026-06-11T07:22:11Z
2026-06-11T07:20:53Z,2026-06-11T09:20:53+0200,f3b72819-8f0f-4c0e-a936-e9ce989df431,2026-05-20T13:00:00Z,2026-05-20T15:00:00+0200,56889.21205,MW,DE,DE_LU,actual_load,Actual Load,2026-06-11T07:22:11Z
2026-06-11T07:20:53Z,2026-06-11T09:20:53+0200,f3b72819-8f0f-4c0e-a936-e9ce989df431,2026-05-20T13:15:00Z,2026-05-20T15:15:00+0200,56351.08543,MW,DE,DE_LU,actual_load,Actual Load,2026-06-11T07:22:11Z
2026-06-11T07:20:53Z,2026-06-11T09:20:53+0200,f3b72819-8f0f-4c0e-a936-e9ce989df431,2026-05-20T13:30:00Z,2026-05-20T15:30:00+0200,55269.10177,MW,DE,DE_LU,actual_load,Actual Load,2026-06-11T07:22:11Z
2026-06-11T07:20:53Z,2026-06-11T09:20:53+0200,f3b72819-8f0f-4c0e-a936-e9ce989df431,2026-05-20T13:45:00Z,2026-05-20T15:45:00+0200,55748.64941,MW,DE,DE_LU,actual_load,Actual Load,2026-06-11T07:22:11Z
2026-06-11T07:20:53Z,2026-06-11T09:20:53+0200,f3b72819-8f0f-4c0e-a936-e9ce989df431,2026-05-20T14:00:00Z,2026-05-20T16:00:00+0200,57150.06864,MW,DE,DE_LU,actual_load,Actual Load,2026-06-11T07:22:11Z
2026-06-11T07:20:53Z,2026-06-11T09:20:53+0200,f3b72819-8f0f-4c0e-a936-e9ce989df431,2026-05-20T14:15:00Z,2026-05-20T16:15:00+0200,56917.40252,MW,DE,DE_LU,actual_load,Actual Load,2026-06-11T07:22:11Z
2026-06-11T07:20:53Z,2026-06-11T09:20:53+0200,f3b72819-8f0f-4c0e-a936-e9ce989df431,2026-05-20T14:30:00Z,2026-05-20T16:30:00+0200,56503.43512,MW,DE,DE_LU,actual_load,Actual Load,2026-06-11T07:22:11Z
2026-06-11T07:20:53Z,2026-06-11T09:20:53+0200,f3b72819-8f0f-4c0e-a936-e9ce989df431,2026-05-20T14:45:00Z,2026-05-20T16:45:00+0200,56399.95133,MW,DE,DE_LU,actual_load,Actual Load,2026-06-11T07:22:11Z
2026-06-11T07:20:53Z,2026-06-11T09:20:53+0200,f3b72819-8f0f-4c0e-a936-e9ce989df431,2026-05-20T15:00:00Z,2026-05-20T17:00:00+0200,56764.82303,MW,DE,DE_LU,actual_load,Actual Load,2026-06-11T07:22:11Z
2026-06-11T07:20:53Z,2026-06-11T09:20:53+0200,f3b72819-8f0f-4c0e-a936-e9ce989df431,2026-05-20T15:15:00Z,2026-05-20T17:15:00+0200,56848.11544,MW,DE,DE_LU,actual_load,Actual Load,2026-06-11T07:22:11Z
2026-06-11T07:20:53Z,2026-06-11T09:20:53+0200,f3b72819-8f0f-4c0e-a936-e9ce989df431,2026-05-20T15:30:00Z,2026-05-20T17:30:00+0200,56671.04045,MW,DE,DE_LU,actual_load,Actual Load,2026-06-11T07:22:11Z
2026-06-11T07:20:53Z,2026-06-11T09:20:53+0200,f3b72819-8f0f-4c0e-a936-e9ce989df431,2026-05-20T15:45:00Z,2026-05-20T17:45:00+0200,57062.45654,MW,DE,DE_LU,actual_load,Actual Load,2026-06-11T07:22:11Z
2026-06-11T07:20:53Z,2026-06-11T09:20:53+0200,f3b72819-8f0f-4c0e-a936-e9ce989df431,2026-05-20T16:00:00Z,2026-05-20T18:00:00+0200,57517.39847,MW,DE,DE_LU,actual_load,Actual Load,2026-06-11T07:22:11Z
2026-06-11T07:20:53Z,2026-06-11T09:20:53+0200,f3b72819-8f0f-4c0e-a936-e9ce989df431,2026-05-20T16:15:00Z,2026-05-20T18:15:00+0200,57909.36296,MW,DE,DE_LU,actual_load,Actual Load,2026-06-11T07:22:11Z
2026-06-11T07:20:53Z,2026-06-11T09:20:53+0200,f3b72819-8f0f-4c0e-a936-e9ce989df431,2026-05-20T16:30:00Z,2026-05-20T18:30:00+0200,58503.5105,MW,DE,DE_LU,actual_load,Actual Load,2026-06-11T07:22:11Z
2026-06-11T07:20:53Z,2026-06-11T09:20:53+0200,f3b72819-8f0f-4c0e-a936-e9ce989df431,2026-05-20T16:45:00Z,2026-05-20T18:45:00+0200,59327.02492,MW,DE,DE_LU,actual_load,Actual Load,2026-06-11T07:22:11Z
2026-06-11T07:20:53Z,2026-06-11T09:20:53+0200,f3b72819-8f0f-4c0e-a936-e9ce989df431,2026-05-20T17:00:00Z,2026-05-20T19:00:00+0200,59918.692,MW,DE,DE_LU,actual_load,Actual Load,2026-06-11T07:22:11Z
2026-06-11T07:20:53Z,2026-06-11T09:20:53+0200,f3b72819-8f0f-4c0e-a936-e9ce989df431,2026-05-20T17:15:00Z,2026-05-20T19:15:00+0200,60544.91989,MW,DE,DE_LU,actual_load,Actual Load,2026-06-11T07:22:11Z
2026-06-11T07:20:53Z,2026-06-11T09:20:53+0200,f3b72819-8f0f-4c0e-a936-e9ce989df431,2026-05-20T17:30:00Z,2026-05-20T19:30:00+0200,60354.36733,MW,DE,DE_LU,actual_load,Actual Load,2026-06-11T07:22:11Z
2026-06-11T07:20:53Z,2026-06-11T09:20:53+0200,f3b72819-8f0f-4c0e-a936-e9ce989df431,2026-05-20T17:45:00Z,2026-05-20T19:45:00+0200,59940.91075,MW,DE,DE_LU,actual_load,Actual Load,2026-06-11T07:22:11Z
2026-06-11T07:20:53Z,2026-06-11T09:20:53+0200,f3b72819-8f0f-4c0e-a936-e9ce989df431,2026-05-20T18:00:00Z,2026-05-20T20:00:00+0200,59164.24992,MW,DE,DE_LU,actual_load,Actual Load,2026-06-11T07:22:11Z
2026-06-11T07:20:53Z,2026-06-11T09:20:53+0200,f3b72819-8f0f-4c0e-a936-e9ce989df431,2026-05-20T18:15:00Z,2026-05-20T20:15:00+0200,58801.57504,MW,DE,DE_LU,actual_load,Actual Load,2026-06-11T07:22:11Z
2026-06-11T07:20:53Z,2026-06-11T09:20:53+0200,f3b72819-8f0f-4c0e-a936-e9ce989df431,2026-05-20T18:30:00Z,2026-05-20T20:30:00+0200,58514.57196,MW,DE,DE_LU,actual_load,Actual Load,2026-06-11T07:22:11Z
2026-06-11T07:20:53Z,2026-06-11T09:20:53+0200,f3b72819-8f0f-4c0e-a936-e9ce989df431,2026-05-20T18:45:00Z,2026-05-20T20:45:00+0200,58085.79553,MW,DE,DE_LU,actual_load,Actual Load,2026-06-11T07:22:11Z
2026-06-11T07:20:53Z,2026-06-11T09:20:53+0200,f3b72819-8f0f-4c0e-a936-e9ce989df431,2026-05-20T19:00:00Z,2026-05-20T21:00:00+0200,57200.80982,MW,DE,DE_LU,actual_load,Actual Load,2026-06-11T07:22:11Z
2026-06-11T07:20:53Z,2026-06-11T09:20:53+0200,f3b72819-8f0f-4c0e-a936-e9ce989df431,2026-05-20T19:15:00Z,2026-05-20T21:15:00+0200,56842.12892,MW,DE,DE_LU,actual_load,Actual Load,2026-06-11T07:22:11Z
2026-06-11T07:20:53Z,2026-06-11T09:20:53+0200,f3b72819-8f0f-4c0e-a936-e9ce989df431,2026-05-20T19:30:00Z,2026-05-20T21:30:00+0200,56695.8291,MW,DE,DE_LU,actual_load,Actual Load,2026-06-11T07:22:11Z
2026-06-11T07:20:53Z,2026-06-11T09:20:53+0200,f3b72819-8f0f-4c0e-a936-e9ce989df431,2026-05-20T19:45:00Z,2026-05-20T21:45:00+0200,55725.81902,MW,DE,DE_LU,actual_load,Actual Load,2026-06-11T07:22:11Z
2026-06-11T07:20:53Z,2026-06-11T09:20:53+0200,f3b72819-8f0f-4c0e-a936-e9ce989df431,2026-05-20T20:00:00Z,2026-05-20T22:00:00+0200,54490.74989,MW,DE,DE_LU,actual_load,Actual Load,2026-06-11T07:22:11Z
2026-06-11T07:20:53Z,2026-06-11T09:20:53+0200,f3b72819-8f0f-4c0e-a936-e9ce989df431,2026-05-20T20:15:00Z,2026-05-20T22:15:00+0200,53683.05393,MW,DE,DE_LU,actual_load,Actual Load,2026-06-11T07:22:11Z
2026-06-11T07:20:53Z,2026-06-11T09:20:53+0200,f3b72819-8f0f-4c0e-a936-e9ce989df431,2026-05-20T20:30:00Z,2026-05-20T22:30:00+0200,52433.92769,MW,DE,DE_LU,actual_load,Actual Load,2026-06-11T07:22:11Z
2026-06-11T07:20:53Z,2026-06-11T09:20:53+0200,f3b72819-8f0f-4c0e-a936-e9ce989df431,2026-05-20T20:45:00Z,2026-05-20T22:45:00+0200,51703.44691,MW,DE,DE_LU,actual_load,Actual Load,2026-06-11T07:22:11Z
2026-06-11T07:20:53Z,2026-06-11T09:20:53+0200,f3b72819-8f0f-4c0e-a936-e9ce989df431,2026-05-20T21:00:00Z,2026-05-20T23:00:00+0200,50683.2703,MW,DE,DE_LU,actual_load,Actual Load,2026-06-11T07:22:11Z
2026-06-11T07:20:53Z,2026-06-11T09:20:53+0200,f3b72819-8f0f-4c0e-a936-e9ce989df431,2026-05-20T21:15:00Z,2026-05-20T23:15:00+0200,50163.06172,MW,DE,DE_LU,actual_load,Actual Load,2026-06-11T07:22:11Z
2026-06-11T07:20:53Z,2026-06-11T09:20:53+0200,f3b72819-8f0f-4c0e-a936-e9ce989df431,2026-05-20T21:30:00Z,2026-05-20T23:30:00+0200,49636.16083,MW,DE,DE_LU,actual_load,Actual Load,2026-06-11T07:22:11Z
2026-06-11T07:20:53Z,2026-06-11T09:20:53+0200,f3b72819-8f0f-4c0e-a936-e9ce989df431,2026-05-20T21:45:00Z,2026-05-20T23:45:00+0200,49233.2087,MW,DE,DE_LU,actual_load,Actual Load,2026-06-11T07:22:11Z
2026-06-11T07:20:53Z,2026-06-11T09:20:53+0200,f3b72819-8f0f-4c0e-a936-e9ce989df431,2026-05-20T22:00:00Z,2026-05-21T00:00:00+0200,48649.71258,MW,DE,DE_LU,actual_load,Actual Load,2026-06-11T07:22:11Z
2026-06-11T07:20:53Z,2026-06-11T09:20:53+0200,f3b72819-8f0f-4c0e-a936-e9ce989df431,2026-05-20T22:15:00Z,2026-05-21T00:15:00+0200,47735.79357,MW,DE,DE_LU,actual_load,Actual Load,2026-06-11T07:22:11Z
2026-06-11T07:20:53Z,2026-06-11T09:20:53+0200,f3b72819-8f0f-4c0e-a936-e9ce989df431,2026-05-20T22:30:00Z,2026-05-21T00:30:00+0200,46883.07095,MW,DE,DE_LU,actual_load,Actual Load,2026-06-11T07:22:11Z
2026-06-11T07:20:53Z,2026-06-11T09:20:53+0200,f3b72819-8f0f-4c0e-a936-e9ce989df431,2026-05-20T22:45:00Z,2026-05-21T00:45:00+0200,46482.48204,MW,DE,DE_LU,actual_load,Actual Load,2026-06-11T07:22:11Z
2026-06-11T07:20:53Z,2026-06-11T09:20:53+0200,f3b72819-8f0f-4c0e-a936-e9ce989df431,2026-05-20T23:00:00Z,2026-05-21T01:00:00+0200,45966.39205,MW,DE,DE_LU,actual_load,Actual Load,2026-06-11T07:22:11Z
2026-06-11T07:20:53Z,2026-06-11T09:20:53+0200,f3b72819-8f0f-4c0e-a936-e9ce989df431,2026-05-20T23:15:00Z,2026-05-21T01:15:00+0200,45378.10259,MW,DE,DE_LU,actual_load,Actual Load,2026-06-11T07:22:11Z
2026-06-11T07:20:53Z,2026-06-11T09:20:53+0200,f3b72819-8f0f-4c0e-a936-e9ce989df431,2026-05-20T23:30:00Z,2026-05-21T01:30:00+0200,45191.82365,MW,DE,DE_LU,actual_load,Actual Load,2026-06-11T07:22:11Z
2026-06-11T07:20:53Z,2026-06-11T09:20:53+0200,f3b72819-8f0f-4c0e-a936-e9ce989df431,2026-05-20T23:45:00Z,2026-05-21T01:45:00+0200,44710.10257,MW,DE,DE_LU,actual_load,Actual Load,2026-06-11T07:22:11Z
2026-06-11T07:20:53Z,2026-06-11T09:20:53+0200,f3b72819-8f0f-4c0e-a936-e9ce989df431,2026-05-21T00:00:00Z,2026-05-21T02:00:00+0200,44461.49006,MW,DE,DE_LU,actual_load,Actual Load,2026-06-11T07:22:11Z
2026-06-11T07:20:53Z,2026-06-11T09:20:53+0200,f3b72819-8f0f-4c0e-a936-e9ce989df431,2026-05-21T00:15:00Z,2026-05-21T02:15:00+0200,44446.29061,MW,DE,DE_LU,actual_load,Actual Load,2026-06-11T07:22:11Z
2026-06-11T07:20:53Z,2026-06-11T09:20:53+0200,f3b72819-8f0f-4c0e-a936-e9ce989df431,2026-05-21T00:30:00Z,2026-05-21T02:30:00+0200,44594.0143,MW,DE,DE_LU,actual_load,Actual Load,2026-06-11T07:22:11Z
2026-06-11T07:20:53Z,2026-06-11T09:20:53+0200,f3b72819-8f0f-4c0e-a936-e9ce989df431,2026-05-21T00:45:00Z,2026-05-21T02:45:00+0200,44775.38053,MW,DE,DE_LU,actual_load,Actual Load,2026-06-11T07:22:11Z
2026-06-11T07:20:53Z,2026-06-11T09:20:53+0200,f3b72819-8f0f-4c0e-a936-e9ce989df431,2026-05-21T01:00:00Z,2026-05-21T03:00:00+0200,45068.03663,MW,DE,DE_LU,actual_load,Actual Load,2026-06-11T07:22:11Z
2026-06-11T07:20:53Z,2026-06-11T09:20:53+0200,f3b72819-8f0f-4c0e-a936-e9ce989df431,2026-05-21T01:15:00Z,2026-05-21T03:15:00+0200,45195.89646,MW,DE,DE_LU,actual_load,Actual Load,2026-06-11T07:22:11Z
2026-06-11T07:20:53Z,2026-06-11T09:20:53+0200,f3b72819-8f0f-4c0e-a936-e9ce989df431,2026-05-21T01:30:00Z,2026-05-21T03:30:00+0200,44741.6717,MW,DE,DE_LU,actual_load,Actual Load,2026-06-11T07:22:11Z
2026-06-11T07:20:53Z,2026-06-11T09:20:53+0200,f3b72819-8f0f-4c0e-a936-e9ce989df431,2026-05-21T01:45:00Z,2026-05-21T03:45:00+0200,45023.14527,MW,DE,DE_LU,actual_load,Actual Load,2026-06-11T07:22:11Z
2026-06-11T07:20:53Z,2026-06-11T09:20:53+0200,f3b72819-8f0f-4c0e-a936-e9ce989df431,2026-05-21T02:00:00Z,2026-05-21T04:00:00+0200,45666.3029,MW,DE,DE_LU,actual_load,Actual Load,2026-06-11T07:22:11Z
2026-06-11T07:20:53Z,2026-06-11T09:20:53+0200,f3b72819-8f0f-4c0e-a936-e9ce989df431,2026-05-21T02:15:00Z,2026-05-21T04:15:00+0200,45965.45242,MW,DE,DE_LU,actual_load,Actual Load,2026-06-11T07:22:11Z
2026-06-11T07:20:53Z,2026-06-11T09:20:53+0200,f3b72819-8f0f-4c0e-a936-e9ce989df431,2026-05-21T02:30:00Z,2026-05-21T04:30:00+0200,46457.03609,MW,DE,DE_LU,actual_load,Actual Load,2026-06-11T07:22:11Z
2026-06-11T07:20:53Z,2026-06-11T09:20:53+0200,f3b72819-8f0f-4c0e-a936-e9ce989df431,2026-05-21T02:45:00Z,2026-05-21T04:45:00+0200,46706.37847,MW,DE,DE_LU,actual_load,Actual Load,2026-06-11T07:22:11Z
2026-06-11T07:20:53Z,2026-06-11T09:20:53+0200,f3b72819-8f0f-4c0e-a936-e9ce989df431,2026-05-21T03:00:00Z,2026-05-21T05:00:00+0200,48003.72681,MW,DE,DE_LU,actual_load,Actual Load,2026-06-11T07:22:11Z
2026-06-11T07:20:53Z,2026-06-11T09:20:53+0200,f3b72819-8f0f-4c0e-a936-e9ce989df431,2026-05-21T03:15:00Z,2026-05-21T05:15:00+0200,48621.68003,MW,DE,DE_LU,actual_load,Actual Load,2026-06-11T07:22:11Z
2026-06-11T07:20:53Z,2026-06-11T09:20:53+0200,f3b72819-8f0f-4c0e-a936-e9ce989df431,2026-05-21T03:30:00Z,2026-05-21T05:30:00+0200,49432.39979,MW,DE,DE_LU,actual_load,Actual Load,2026-06-11T07:22:11Z
2026-06-11T07:20:53Z,2026-06-11T09:20:53+0200,f3b72819-8f0f-4c0e-a936-e9ce989df431,2026-05-21T03:45:00Z,2026-05-21T05:45:00+0200,50462.4513,MW,DE,DE_LU,actual_load,Actual Load,2026-06-11T07:22:11Z
2026-06-11T07:20:53Z,2026-06-11T09:20:53+0200,f3b72819-8f0f-4c0e-a936-e9ce989df431,2026-05-21T04:00:00Z,2026-05-21T06:00:00+0200,52825.0126,MW,DE,DE_LU,actual_load,Actual Load,2026-06-11T07:22:11Z
2026-06-11T07:20:53Z,2026-06-11T09:20:53+0200,f3b72819-8f0f-4c0e-a936-e9ce989df431,2026-05-21T04:15:00Z,2026-05-21T06:15:00+0200,54844.22433,MW,DE,DE_LU,actual_load,Actual Load,2026-06-11T07:22:11Z
2026-06-11T07:20:53Z,2026-06-11T09:20:53+0200,f3b72819-8f0f-4c0e-a936-e9ce989df431,2026-05-21T04:30:00Z,2026-05-21T06:30:00+0200,55932.05741,MW,DE,DE_LU,actual_load,Actual Load,2026-06-11T07:22:11Z
2026-06-11T07:20:53Z,2026-06-11T09:20:53+0200,f3b72819-8f0f-4c0e-a936-e9ce989df431,2026-05-21T04:45:00Z,2026-05-21T06:45:00+0200,56770.63047,MW,DE,DE_LU,actual_load,Actual Load,2026-06-11T07:22:11Z
2026-06-11T07:20:53Z,2026-06-11T09:20:53+0200,f3b72819-8f0f-4c0e-a936-e9ce989df431,2026-05-21T05:00:00Z,2026-05-21T07:00:00+0200,57621.53513,MW,DE,DE_LU,actual_load,Actual Load,2026-06-11T07:22:11Z
2026-06-11T07:20:53Z,2026-06-11T09:20:53+0200,f3b72819-8f0f-4c0e-a936-e9ce989df431,2026-05-21T05:15:00Z,2026-05-21T07:15:00+0200,58674.07736,MW,DE,DE_LU,actual_load,Actual Load,2026-06-11T07:22:11Z
2026-06-11T07:20:53Z,2026-06-11T09:20:53+0200,f3b72819-8f0f-4c0e-a936-e9ce989df431,2026-05-21T05:30:00Z,2026-05-21T07:30:00+0200,59322.18032,MW,DE,DE_LU,actual_load,Actual Load,2026-06-11T07:22:11Z
2026-06-11T07:20:53Z,2026-06-11T09:20:53+0200,f3b72819-8f0f-4c0e-a936-e9ce989df431,2026-05-21T05:45:00Z,2026-05-21T07:45:00+0200,60007.32709,MW,DE,DE_LU,actual_load,Actual Load,2026-06-11T07:22:11Z
2026-06-11T07:20:53Z,2026-06-11T09:20:53+0200,f3b72819-8f0f-4c0e-a936-e9ce989df431,2026-05-21T06:00:00Z,2026-05-21T08:00:00+0200,59946.66635,MW,DE,DE_LU,actual_load,Actual Load,2026-06-11T07:22:11Z
2026-06-11T07:20:53Z,2026-06-11T09:20:53+0200,f3b72819-8f0f-4c0e-a936-e9ce989df431,2026-05-21T06:15:00Z,2026-05-21T08:15:00+0200,60158.75835,MW,DE,DE_LU,actual_load,Actual Load,2026-06-11T07:22:11Z
2026-06-11T07:20:53Z,2026-06-11T09:20:53+0200,f3b72819-8f0f-4c0e-a936-e9ce989df431,2026-05-21T06:30:00Z,2026-05-21T08:30:00+0200,60584.45074,MW,DE,DE_LU,actual_load,Actual Load,2026-06-11T07:22:11Z
2026-06-11T07:20:53Z,2026-06-11T09:20:53+0200,f3b72819-8f0f-4c0e-a936-e9ce989df431,2026-05-21T06:45:00Z,2026-05-21T08:45:00+0200,60604.27986,MW,DE,DE_LU,actual_load,Actual Load,2026-06-11T07:22:11Z
2026-06-11T07:20:53Z,2026-06-11T09:20:53+0200,f3b72819-8f0f-4c0e-a936-e9ce989df431,2026-05-21T07:00:00Z,2026-05-21T09:00:00+0200,59854.52496,MW,DE,DE_LU,actual_load,Actual Load,2026-06-11T07:22:11Z
2026-06-11T07:20:53Z,2026-06-11T09:20:53+0200,f3b72819-8f0f-4c0e-a936-e9ce989df431,2026-05-21T07:15:00Z,2026-05-21T09:15:00+0200,60272.93102,MW,DE,DE_LU,actual_load,Actual Load,2026-06-11T07:22:11Z
2026-06-11T07:20:53Z,2026-06-11T09:20:53+0200,f3b72819-8f0f-4c0e-a936-e9ce989df431,2026-05-21T07:30:00Z,2026-05-21T09:30:00+0200,59744.91106,MW,DE,DE_LU,actual_load,Actual Load,2026-06-11T07:22:11Z
2026-06-11T07:20:53Z,2026-06-11T09:20:53+0200,f3b72819-8f0f-4c0e-a936-e9ce989df431,2026-05-21T07:45:00Z,2026-05-21T09:45:00+0200,59196.26667,MW,DE,DE_LU,actual_load,Actual Load,2026-06-11T07:22:11Z
2026-06-11T07:20:53Z,2026-06-11T09:20:53+0200,f3b72819-8f0f-4c0e-a936-e9ce989df431,2026-05-21T08:00:00Z,2026-05-21T10:00:00+0200,58745.49805,MW,DE,DE_LU,actual_load,Actual Load,2026-06-11T07:22:11Z
2026-06-11T07:20:53Z,2026-06-11T09:20:53+0200,f3b72819-8f0f-4c0e-a936-e9ce989df431,2026-05-21T08:15:00Z,2026-05-21T10:15:00+0200,58584.52894,MW,DE,DE_LU,actual_load,Actual Load,2026-06-11T07:22:11Z
2026-06-11T07:20:53Z,2026-06-11T09:20:53+0200,f3b72819-8f0f-4c0e-a936-e9ce989df431,2026-05-21T08:30:00Z,2026-05-21T10:30:00+0200,58379.81214,MW,DE,DE_LU,actual_load,Actual Load,2026-06-11T07:22:11Z
2026-06-11T07:20:53Z,2026-06-11T09:20:53+0200,f3b72819-8f0f-4c0e-a936-e9ce989df431,2026-05-21T08:45:00Z,2026-05-21T10:45:00+0200,58126.04859,MW,DE,DE_LU,actual_load,Actual Load,2026-06-11T07:22:11Z
2026-06-11T07:20:53Z,2026-06-11T09:20:53+0200,f3b72819-8f0f-4c0e-a936-e9ce989df431,2026-05-21T09:00:00Z,2026-05-21T11:00:00+0200,58170.65185,MW,DE,DE_LU,actual_load,Actual Load,2026-06-11T07:22:11Z
2026-06-11T07:20:53Z,2026-06-11T09:20:53+0200,f3b72819-8f0f-4c0e-a936-e9ce989df431,2026-05-21T09:15:00Z,2026-05-21T11:15:00+0200,58473.40827,MW,DE,DE_LU,actual_load,Actual Load,2026-06-11T07:22:11Z
2026-06-11T07:20:53Z,2026-06-11T09:20:53+0200,f3b72819-8f0f-4c0e-a936-e9ce989df431,2026-05-21T09:30:00Z,2026-05-21T11:30:00+0200,58563.83178,MW,DE,DE_LU,actual_load,Actual Load,2026-06-11T07:22:11Z
2026-06-11T07:20:53Z,2026-06-11T09:20:53+0200,f3b72819-8f0f-4c0e-a936-e9ce989df431,2026-05-21T09:45:00Z,2026-05-21T11:45:00+0200,58504.78061,MW,DE,DE_LU,actual_load,Actual Load,2026-06-11T07:22:11Z
2026-06-11T07:20:53Z,2026-06-11T09:20:53+0200,f3b72819-8f0f-4c0e-a936-e9ce989df431,2026-05-21T10:00:00Z,2026-05-21T12:00:00+0200,57957.60829,MW,DE,DE_LU,actual_load,Actual Load,2026-06-11T07:22:11Z
2026-06-11T07:20:53Z,2026-06-11T09:20:53+0200,f3b72819-8f0f-4c0e-a936-e9ce989df431,2026-05-21T10:15:00Z,2026-05-21T12:15:00+0200,56628.66551,MW,DE,DE_LU,actual_load,Actual Load,2026-06-11T07:22:11Z
2026-06-11T07:20:53Z,2026-06-11T09:20:53+0200,f3b72819-8f0f-4c0e-a936-e9ce989df431,2026-05-21T10:30:00Z,2026-05-21T12:30:00+0200,56688.72364,MW,DE,DE_LU,actual_load,Actual Load,2026-06-11T07:22:11Z
2026-06-11T07:20:53Z,2026-06-11T09:20:53+0200,f3b72819-8f0f-4c0e-a936-e9ce989df431,2026-05-21T10:45:00Z,2026-05-21T12:45:00+0200,57333.11953,MW,DE,DE_LU,actual_load,Actual Load,2026-06-11T07:22:11Z
2026-06-11T07:20:53Z,2026-06-11T09:20:53+0200,f3b72819-8f0f-4c0e-a936-e9ce989df431,2026-05-21T11:00:00Z,2026-05-21T13:00:00+0200,57634.64249,MW,DE,DE_LU,actual_load,Actual Load,2026-06-11T07:22:11Z
2026-06-11T07:20:53Z,2026-06-11T09:20:53+0200,f3b72819-8f0f-4c0e-a936-e9ce989df431,2026-05-21T11:15:00Z,2026-05-21T13:15:00+0200,56915.7831,MW,DE,DE_LU,actual_load,Actual Load,2026-06-11T07:22:11Z
2026-06-11T07:20:53Z,2026-06-11T09:20:53+0200,f3b72819-8f0f-4c0e-a936-e9ce989df431,2026-05-21T11:30:00Z,2026-05-21T13:30:00+0200,56462.83945,MW,DE,DE_LU,actual_load,Actual Load,2026-06-11T07:22:11Z
2026-06-11T07:20:53Z,2026-06-11T09:20:53+0200,f3b72819-8f0f-4c0e-a936-e9ce989df431,2026-05-21T11:45:00Z,2026-05-21T13:45:00+0200,55760.32993,MW,DE,DE_LU,actual_load,Actual Load,2026-06-11T07:22:11Z
2026-06-11T07:20:53Z,2026-06-11T09:20:53+0200,f3b72819-8f0f-4c0e-a936-e9ce989df431,2026-05-21T12:00:00Z,2026-05-21T14:00:00+0200,55242.01232,MW,DE,DE_LU,actual_load,Actual Load,2026-06-11T07:22:11Z
2026-06-11T07:20:53Z,2026-06-11T09:20:53+0200,f3b72819-8f0f-4c0e-a936-e9ce989df431,2026-05-21T12:15:00Z,2026-05-21T14:15:00+0200,56173.20909,MW,DE,DE_LU,actual_load,Actual Load,2026-06-11T07:22:11Z
2026-06-11T07:20:53Z,2026-06-11T09:20:53+0200,f3b72819-8f0f-4c0e-a936-e9ce989df431,2026-05-21T12:30:00Z,2026-05-21T14:30:00+0200,55774.00442,MW,DE,DE_LU,actual_load,Actual Load,2026-06-11T07:22:11Z
2026-06-11T07:20:53Z,2026-06-11T09:20:53+0200,f3b72819-8f0f-4c0e-a936-e9ce989df431,2026-05-21T12:45:00Z,2026-05-21T14:45:00+0200,55778.51001,MW,DE,DE_LU,actual_load,Actual Load,2026-06-11T07:22:11Z
2026-06-11T07:20:53Z,2026-06-11T09:20:53+0200,f3b72819-8f0f-4c0e-a936-e9ce989df431,2026-05-21T13:00:00Z,2026-05-21T15:00:00+0200,55326.93005,MW,DE,DE_LU,actual_load,Actual Load,2026-06-11T07:22:11Z
2026-06-11T07:20:53Z,2026-06-11T09:20:53+0200,f3b72819-8f0f-4c0e-a936-e9ce989df431,2026-05-21T13:15:00Z,2026-05-21T15:15:00+0200,55103.48781,MW,DE,DE_LU,actual_load,Actual Load,2026-06-11T07:22:11Z
2026-06-11T07:20:53Z,2026-06-11T09:20:53+0200,f3b72819-8f0f-4c0e-a936-e9ce989df431,2026-05-21T13:30:00Z,2026-05-21T15:30:00+0200,55033.03131,MW,DE,DE_LU,actual_load,Actual Load,2026-06-11T07:22:11Z
2026-06-11T07:20:53Z,2026-06-11T09:20:53+0200,f3b72819-8f0f-4c0e-a936-e9ce989df431,2026-05-21T13:45:00Z,2026-05-21T15:45:00+0200,54633.05935,MW,DE,DE_LU,actual_load,Actual Load,2026-06-11T07:22:11Z
2026-06-11T07:20:53Z,2026-06-11T09:20:53+0200,f3b72819-8f0f-4c0e-a936-e9ce989df431,2026-05-21T14:00:00Z,2026-05-21T16:00:00+0200,55504.80054,MW,DE,DE_LU,actual_load,Actual Load,2026-06-11T07:22:11Z
2026-06-11T07:20:53Z,2026-06-11T09:20:53+0200,f3b72819-8f0f-4c0e-a936-e9ce989df431,2026-05-21T14:15:00Z,2026-05-21T16:15:00+0200,55329.1363,MW,DE,DE_LU,actual_load,Actual Load,2026-06-11T07:22:11Z
2026-06-11T07:20:53Z,2026-06-11T09:20:53+0200,f3b72819-8f0f-4c0e-a936-e9ce989df431,2026-05-21T14:30:00Z,2026-05-21T16:30:00+0200,54772.27835,MW,DE,DE_LU,actual_load,Actual Load,2026-06-11T07:22:11Z
2026-06-11T07:20:53Z,2026-06-11T09:20:53+0200,f3b72819-8f0f-4c0e-a936-e9ce989df431,2026-05-21T14:45:00Z,2026-05-21T16:45:00+0200,54469.78943,MW,DE,DE_LU,actual_load,Actual Load,2026-06-11T07:22:11Z
2026-06-11T07:20:53Z,2026-06-11T09:20:53+0200,f3b72819-8f0f-4c0e-a936-e9ce989df431,2026-05-21T15:00:00Z,2026-05-21T17:00:00+0200,54937.84891,MW,DE,DE_LU,actual_load,Actual Load,2026-06-11T07:22:11Z
2026-06-11T07:20:53Z,2026-06-11T09:20:53+0200,f3b72819-8f0f-4c0e-a936-e9ce989df431,2026-05-21T15:15:00Z,2026-05-21T17:15:00+0200,55091.34259,MW,DE,DE_LU,actual_load,Actual Load,2026-06-11T07:22:11Z
2026-06-11T07:20:53Z,2026-06-11T09:20:53+0200,f3b72819-8f0f-4c0e-a936-e9ce989df431,2026-05-21T15:30:00Z,2026-05-21T17:30:00+0200,55556.31141,MW,DE,DE_LU,actual_load,Actual Load,2026-06-11T07:22:11Z
2026-06-11T07:20:53Z,2026-06-11T09:20:53+0200,f3b72819-8f0f-4c0e-a936-e9ce989df431,2026-05-21T15:45:00Z,2026-05-21T17:45:00+0200,55723.49266,MW,DE,DE_LU,actual_load,Actual Load,2026-06-11T07:22:11Z
2026-06-11T07:20:53Z,2026-06-11T09:20:53+0200,f3b72819-8f0f-4c0e-a936-e9ce989df431,2026-05-21T16:00:00Z,2026-05-21T18:00:00+0200,57003.02253,MW,DE,DE_LU,actual_load,Actual Load,2026-06-11T07:22:11Z
2026-06-11T07:20:53Z,2026-06-11T09:20:53+0200,f3b72819-8f0f-4c0e-a936-e9ce989df431,2026-05-21T16:15:00Z,2026-05-21T18:15:00+0200,57206.04299,MW,DE,DE_LU,actual_load,Actual Load,2026-06-11T07:22:11Z
2026-06-11T07:20:53Z,2026-06-11T09:20:53+0200,f3b72819-8f0f-4c0e-a936-e9ce989df431,2026-05-21T16:30:00Z,2026-05-21T18:30:00+0200,57135.87086,MW,DE,DE_LU,actual_load,Actual Load,2026-06-11T07:22:11Z
2026-06-11T07:20:53Z,2026-06-11T09:20:53+0200,f3b72819-8f0f-4c0e-a936-e9ce989df431,2026-05-21T16:45:00Z,2026-05-21T18:45:00+0200,57252.91984,MW,DE,DE_LU,actual_load,Actual Load,2026-06-11T07:22:11Z
2026-06-11T07:20:53Z,2026-06-11T09:20:53+0200,f3b72819-8f0f-4c0e-a936-e9ce989df431,2026-05-21T17:00:00Z,2026-05-21T19:00:00+0200,57907.38414,MW,DE,DE_LU,actual_load,Actual Load,2026-06-11T07:22:11Z
2026-06-11T07:20:53Z,2026-06-11T09:20:53+0200,f3b72819-8f0f-4c0e-a936-e9ce989df431,2026-05-21T17:15:00Z,2026-05-21T19:15:00+0200,57624.62121,MW,DE,DE_LU,actual_load,Actual Load,2026-06-11T07:22:11Z
2026-06-11T07:20:53Z,2026-06-11T09:20:53+0200,f3b72819-8f0f-4c0e-a936-e9ce989df431,2026-05-21T17:30:00Z,2026-05-21T19:30:00+0200,58104.85332,MW,DE,DE_LU,actual_load,Actual Load,2026-06-11T07:22:11Z
2026-06-11T07:20:53Z,2026-06-11T09:20:53+0200,f3b72819-8f0f-4c0e-a936-e9ce989df431,2026-05-21T17:45:00Z,2026-05-21T19:45:00+0200,58009.17652,MW,DE,DE_LU,actual_load,Actual Load,2026-06-11T07:22:11Z
2026-06-11T07:20:53Z,2026-06-11T09:20:53+0200,f3b72819-8f0f-4c0e-a936-e9ce989df431,2026-05-21T18:00:00Z,2026-05-21T20:00:00+0200,58165.5651,MW,DE,DE_LU,actual_load,Actual Load,2026-06-11T07:22:11Z
2026-06-11T07:20:53Z,2026-06-11T09:20:53+0200,f3b72819-8f0f-4c0e-a936-e9ce989df431,2026-05-21T18:15:00Z,2026-05-21T20:15:00+0200,57198.7473,MW,DE,DE_LU,actual_load,Actual Load,2026-06-11T07:22:11Z
2026-06-11T07:20:53Z,2026-06-11T09:20:53+0200,f3b72819-8f0f-4c0e-a936-e9ce989df431,2026-05-21T18:30:00Z,2026-05-21T20:30:00+0200,57084.55017,MW,DE,DE_LU,actual_load,Actual Load,2026-06-11T07:22:11Z
2026-06-11T07:20:53Z,2026-06-11T09:20:53+0200,f3b72819-8f0f-4c0e-a936-e9ce989df431,2026-05-21T18:45:00Z,2026-05-21T20:45:00+0200,56261.45993,MW,DE,DE_LU,actual_load,Actual Load,2026-06-11T07:22:11Z
2026-06-11T07:20:53Z,2026-06-11T09:20:53+0200,f3b72819-8f0f-4c0e-a936-e9ce989df431,2026-05-21T19:00:00Z,2026-05-21T21:00:00+0200,55810.28193,MW,DE,DE_LU,actual_load,Actual Load,2026-06-11T07:22:11Z
2026-06-11T07:20:53Z,2026-06-11T09:20:53+0200,f3b72819-8f0f-4c0e-a936-e9ce989df431,2026-05-21T19:15:00Z,2026-05-21T21:15:00+0200,55419.50656,MW,DE,DE_LU,actual_load,Actual Load,2026-06-11T07:22:11Z
2026-06-11T07:20:53Z,2026-06-11T09:20:53+0200,f3b72819-8f0f-4c0e-a936-e9ce989df431,2026-05-21T19:30:00Z,2026-05-21T21:30:00+0200,55363.85793,MW,DE,DE_LU,actual_load,Actual Load,2026-06-11T07:22:11Z
2026-06-11T07:20:53Z,2026-06-11T09:20:53+0200,f3b72819-8f0f-4c0e-a936-e9ce989df431,2026-05-21T19:45:00Z,2026-05-21T21:45:00+0200,54605.3715,MW,DE,DE_LU,actual_load,Actual Load,2026-06-11T07:22:11Z
2026-06-11T07:20:53Z,2026-06-11T09:20:53+0200,f3b72819-8f0f-4c0e-a936-e9ce989df431,2026-05-21T20:00:00Z,2026-05-21T22:00:00+0200,53441.33138,MW,DE,DE_LU,actual_load,Actual Load,2026-06-11T07:22:11Z
2026-06-11T07:20:53Z,2026-06-11T09:20:53+0200,f3b72819-8f0f-4c0e-a936-e9ce989df431,2026-05-21T20:15:00Z,2026-05-21T22:15:00+0200,52693.67812,MW,DE,DE_LU,actual_load,Actual Load,2026-06-11T07:22:11Z
2026-06-11T07:20:53Z,2026-06-11T09:20:53+0200,f3b72819-8f0f-4c0e-a936-e9ce989df431,2026-05-21T20:30:00Z,2026-05-21T22:30:00+0200,51737.10842,MW,DE,DE_LU,actual_load,Actual Load,2026-06-11T07:22:11Z
2026-06-11T07:20:53Z,2026-06-11T09:20:53+0200,f3b72819-8f0f-4c0e-a936-e9ce989df431,2026-05-21T20:45:00Z,2026-05-21T22:45:00+0200,50781.50037,MW,DE,DE_LU,actual_load,Actual Load,2026-06-11T07:22:11Z
2026-06-11T07:20:53Z,2026-06-11T09:20:53+0200,f3b72819-8f0f-4c0e-a936-e9ce989df431,2026-05-21T21:00:00Z,2026-05-21T23:00:00+0200,50036.10318,MW,DE,DE_LU,actual_load,Actual Load,2026-06-11T07:22:11Z
2026-06-11T07:20:53Z,2026-06-11T09:20:53+0200,f3b72819-8f0f-4c0e-a936-e9ce989df431,2026-05-21T21:15:00Z,2026-05-21T23:15:00+0200,48977.956,MW,DE,DE_LU,actual_load,Actual Load,2026-06-11T07:22:11Z
2026-06-11T07:20:53Z,2026-06-11T09:20:53+0200,f3b72819-8f0f-4c0e-a936-e9ce989df431,2026-05-21T21:30:00Z,2026-05-21T23:30:00+0200,47901.73734,MW,DE,DE_LU,actual_load,Actual Load,2026-06-11T07:22:11Z
2026-06-11T07:20:53Z,2026-06-11T09:20:53+0200,f3b72819-8f0f-4c0e-a936-e9ce989df431,2026-05-21T21:45:00Z,2026-05-21T23:45:00+0200,47276.9825,MW,DE,DE_LU,actual_load,Actual Load,2026-06-11T07:22:11Z
2026-06-11T07:20:53Z,2026-06-11T09:20:53+0200,f3b72819-8f0f-4c0e-a936-e9ce989df431,2026-05-21T22:00:00Z,2026-05-22T00:00:00+0200,45816.42434,MW,DE,DE_LU,actual_load,Actual Load,2026-06-11T07:22:11Z
2026-06-11T07:20:53Z,2026-06-11T09:20:53+0200,f3b72819-8f0f-4c0e-a936-e9ce989df431,2026-05-21T22:15:00Z,2026-05-22T00:15:00+0200,45806.44656,MW,DE,DE_LU,actual_load,Actual Load,2026-06-11T07:22:11Z
2026-06-11T07:20:53Z,2026-06-11T09:20:53+0200,f3b72819-8f0f-4c0e-a936-e9ce989df431,2026-05-21T22:30:00Z,2026-05-22T00:30:00+0200,45300.53249,MW,DE,DE_LU,actual_load,Actual Load,2026-06-11T07:22:11Z
2026-06-11T07:20:53Z,2026-06-11T09:20:53+0200,f3b72819-8f0f-4c0e-a936-e9ce989df431,2026-05-21T22:45:00Z,2026-05-22T00:45:00+0200,45028.48753,MW,DE,DE_LU,actual_load,Actual Load,2026-06-11T07:22:11Z
2026-06-11T07:20:53Z,2026-06-11T09:20:53+0200,f3b72819-8f0f-4c0e-a936-e9ce989df431,2026-05-21T23:00:00Z,2026-05-22T01:00:00+0200,44442.5902,MW,DE,DE_LU,actual_load,Actual Load,2026-06-11T07:22:11Z
2026-06-11T07:20:53Z,2026-06-11T09:20:53+0200,f3b72819-8f0f-4c0e-a936-e9ce989df431,2026-05-21T23:15:00Z,2026-05-22T01:15:00+0200,44022.59077,MW,DE,DE_LU,actual_load,Actual Load,2026-06-11T07:22:11Z
2026-06-11T07:20:53Z,2026-06-11T09:20:53+0200,f3b72819-8f0f-4c0e-a936-e9ce989df431,2026-05-21T23:30:00Z,2026-05-22T01:30:00+0200,43960.62842,MW,DE,DE_LU,actual_load,Actual Load,2026-06-11T07:22:11Z
2026-06-11T07:20:53Z,2026-06-11T09:20:53+0200,f3b72819-8f0f-4c0e-a936-e9ce989df431,2026-05-21T23:45:00Z,2026-05-22T01:45:00+0200,43783.55333,MW,DE,DE_LU,actual_load,Actual Load,2026-06-11T07:22:11Z
2026-06-11T07:20:53Z,2026-06-11T09:20:53+0200,f3b72819-8f0f-4c0e-a936-e9ce989df431,2026-05-22T00:00:00Z,2026-05-22T02:00:00+0200,43487.86306,MW,DE,DE_LU,actual_load,Actual Load,2026-06-11T07:22:11Z
2026-06-11T07:20:53Z,2026-06-11T09:20:53+0200,f3b72819-8f0f-4c0e-a936-e9ce989df431,2026-05-22T00:15:00Z,2026-05-22T02:15:00+0200,43516.06827,MW,DE,DE_LU,actual_load,Actual Load,2026-06-11T07:22:11Z
2026-06-11T07:20:53Z,2026-06-11T09:20:53+0200,f3b72819-8f0f-4c0e-a936-e9ce989df431,2026-05-22T00:30:00Z,2026-05-22T02:30:00+0200,43444.37271,MW,DE,DE_LU,actual_load,Actual Load,2026-06-11T07:22:11Z
2026-06-11T07:20:53Z,2026-06-11T09:20:53+0200,f3b72819-8f0f-4c0e-a936-e9ce989df431,2026-05-22T00:45:00Z,2026-05-22T02:45:00+0200,43722.98809,MW,DE,DE_LU,actual_load,Actual Load,2026-06-11T07:22:11Z
2026-06-11T07:20:53Z,2026-06-11T09:20:53+0200,f3b72819-8f0f-4c0e-a936-e9ce989df431,2026-05-22T01:00:00Z,2026-05-22T03:00:00+0200,43195.47598,MW,DE,DE_LU,actual_load,Actual Load,2026-06-11T07:22:11Z
2026-06-11T07:20:53Z,2026-06-11T09:20:53+0200,f3b72819-8f0f-4c0e-a936-e9ce989df431,2026-05-22T01:15:00Z,2026-05-22T03:15:00+0200,43409.12735,MW,DE,DE_LU,actual_load,Actual Load,2026-06-11T07:22:11Z
2026-06-11T07:20:53Z,2026-06-11T09:20:53+0200,f3b72819-8f0f-4c0e-a936-e9ce989df431,2026-05-22T01:30:00Z,2026-05-22T03:30:00+0200,43540.89414,MW,DE,DE_LU,actual_load,Actual Load,2026-06-11T07:22:11Z
2026-06-11T07:20:53Z,2026-06-11T09:20:53+0200,f3b72819-8f0f-4c0e-a936-e9ce989df431,2026-05-22T01:45:00Z,2026-05-22T03:45:00+0200,43699.76826,MW,DE,DE_LU,actual_load,Actual Load,2026-06-11T07:22:11Z
2026-06-11T07:20:53Z,2026-06-11T09:20:53+0200,f3b72819-8f0f-4c0e-a936-e9ce989df431,2026-05-22T02:00:00Z,2026-05-22T04:00:00+0200,44203.77787,MW,DE,DE_LU,actual_load,Actual Load,2026-06-11T07:22:11Z
2026-06-11T07:20:53Z,2026-06-11T09:20:53+0200,f3b72819-8f0f-4c0e-a936-e9ce989df431,2026-05-22T02:15:00Z,2026-05-22T04:15:00+0200,44685.32258,MW,DE,DE_LU,actual_load,Actual Load,2026-06-11T07:22:11Z
2026-06-11T07:20:53Z,2026-06-11T09:20:53+0200,f3b72819-8f0f-4c0e-a936-e9ce989df431,2026-05-22T02:30:00Z,2026-05-22T04:30:00+0200,44862.8152,MW,DE,DE_LU,actual_load,Actual Load,2026-06-11T07:22:11Z
2026-06-11T07:20:53Z,2026-06-11T09:20:53+0200,f3b72819-8f0f-4c0e-a936-e9ce989df431,2026-05-22T02:45:00Z,2026-05-22T04:45:00+0200,45171.27598,MW,DE,DE_LU,actual_load,Actual Load,2026-06-11T07:22:11Z
2026-06-11T07:20:53Z,2026-06-11T09:20:53+0200,f3b72819-8f0f-4c0e-a936-e9ce989df431,2026-05-22T03:00:00Z,2026-05-22T05:00:00+0200,46292.92555,MW,DE,DE_LU,actual_load,Actual Load,2026-06-11T07:22:11Z
2026-06-11T07:20:53Z,2026-06-11T09:20:53+0200,f3b72819-8f0f-4c0e-a936-e9ce989df431,2026-05-22T03:15:00Z,2026-05-22T05:15:00+0200,46749.43366,MW,DE,DE_LU,actual_load,Actual Load,2026-06-11T07:22:11Z
2026-06-11T07:20:53Z,2026-06-11T09:20:53+0200,f3b72819-8f0f-4c0e-a936-e9ce989df431,2026-05-22T03:30:00Z,2026-05-22T05:30:00+0200,47573.71155,MW,DE,DE_LU,actual_load,Actual Load,2026-06-11T07:22:11Z
2026-06-11T07:20:53Z,2026-06-11T09:20:53+0200,f3b72819-8f0f-4c0e-a936-e9ce989df431,2026-05-22T03:45:00Z,2026-05-22T05:45:00+0200,48938.01511,MW,DE,DE_LU,actual_load,Actual Load,2026-06-11T07:22:11Z
2026-06-11T07:20:53Z,2026-06-11T09:20:53+0200,f3b72819-8f0f-4c0e-a936-e9ce989df431,2026-05-22T04:00:00Z,2026-05-22T06:00:00+0200,51356.36057,MW,DE,DE_LU,actual_load,Actual Load,2026-06-11T07:22:11Z
2026-06-11T07:20:53Z,2026-06-11T09:20:53+0200,f3b72819-8f0f-4c0e-a936-e9ce989df431,2026-05-22T04:15:00Z,2026-05-22T06:15:00+0200,53281.82775,MW,DE,DE_LU,actual_load,Actual Load,2026-06-11T07:22:11Z
2026-06-11T07:20:53Z,2026-06-11T09:20:53+0200,f3b72819-8f0f-4c0e-a936-e9ce989df431,2026-05-22T04:30:00Z,2026-05-22T06:30:00+0200,54565.83232,MW,DE,DE_LU,actual_load,Actual Load,2026-06-11T07:22:11Z
2026-06-11T07:20:53Z,2026-06-11T09:20:53+0200,f3b72819-8f0f-4c0e-a936-e9ce989df431,2026-05-22T04:45:00Z,2026-05-22T06:45:00+0200,55269.80502,MW,DE,DE_LU,actual_load,Actual Load,2026-06-11T07:22:11Z
2026-06-11T07:20:53Z,2026-06-11T09:20:53+0200,f3b72819-8f0f-4c0e-a936-e9ce989df431,2026-05-22T05:00:00Z,2026-05-22T07:00:00+0200,56047.60064,MW,DE,DE_LU,actual_load,Actual Load,2026-06-11T07:22:11Z
2026-06-11T07:20:53Z,2026-06-11T09:20:53+0200,f3b72819-8f0f-4c0e-a936-e9ce989df431,2026-05-22T05:15:00Z,2026-05-22T07:15:00+0200,57377.39214,MW,DE,DE_LU,actual_load,Actual Load,2026-06-11T07:22:11Z
2026-06-11T07:20:53Z,2026-06-11T09:20:53+0200,f3b72819-8f0f-4c0e-a936-e9ce989df431,2026-05-22T05:30:00Z,2026-05-22T07:30:00+0200,58366.79695,MW,DE,DE_LU,actual_load,Actual Load,2026-06-11T07:22:11Z
2026-06-11T07:20:53Z,2026-06-11T09:20:53+0200,f3b72819-8f0f-4c0e-a936-e9ce989df431,2026-05-22T05:45:00Z,2026-05-22T07:45:00+0200,58942.3005,MW,DE,DE_LU,actual_load,Actual Load,2026-06-11T07:22:11Z
2026-06-11T07:20:53Z,2026-06-11T09:20:53+0200,f3b72819-8f0f-4c0e-a936-e9ce989df431,2026-05-22T06:00:00Z,2026-05-22T08:00:00+0200,58080.30704,MW,DE,DE_LU,actual_load,Actual Load,2026-06-11T07:22:11Z
2026-06-11T07:20:53Z,2026-06-11T09:20:53+0200,f3b72819-8f0f-4c0e-a936-e9ce989df431,2026-05-22T06:15:00Z,2026-05-22T08:15:00+0200,58161.25289,MW,DE,DE_LU,actual_load,Actual Load,2026-06-11T07:22:11Z
2026-06-11T07:20:53Z,2026-06-11T09:20:53+0200,f3b72819-8f0f-4c0e-a936-e9ce989df431,2026-05-22T06:30:00Z,2026-05-22T08:30:00+0200,58523.02456,MW,DE,DE_LU,actual_load,Actual Load,2026-06-11T07:22:11Z
2026-06-11T07:20:53Z,2026-06-11T09:20:53+0200,f3b72819-8f0f-4c0e-a936-e9ce989df431,2026-05-22T06:45:00Z,2026-05-22T08:45:00+0200,58028.28062,MW,DE,DE_LU,actual_load,Actual Load,2026-06-11T07:22:11Z
2026-06-11T07:20:53Z,2026-06-11T09:20:53+0200,f3b72819-8f0f-4c0e-a936-e9ce989df431,2026-05-22T07:00:00Z,2026-05-22T09:00:00+0200,57589.25795,MW,DE,DE_LU,actual_load,Actual Load,2026-06-11T07:22:11Z
2026-06-11T07:20:53Z,2026-06-11T09:20:53+0200,f3b72819-8f0f-4c0e-a936-e9ce989df431,2026-05-22T07:15:00Z,2026-05-22T09:15:00+0200,57244.20458,MW,DE,DE_LU,actual_load,Actual Load,2026-06-11T07:22:11Z
2026-06-11T07:20:53Z,2026-06-11T09:20:53+0200,f3b72819-8f0f-4c0e-a936-e9ce989df431,2026-05-22T07:30:00Z,2026-05-22T09:30:00+0200,57027.68283,MW,DE,DE_LU,actual_load,Actual Load,2026-06-11T07:22:11Z
2026-06-11T07:20:53Z,2026-06-11T09:20:53+0200,f3b72819-8f0f-4c0e-a936-e9ce989df431,2026-05-22T07:45:00Z,2026-05-22T09:45:00+0200,57377.16034,MW,DE,DE_LU,actual_load,Actual Load,2026-06-11T07:22:11Z
2026-06-11T07:20:53Z,2026-06-11T09:20:53+0200,f3b72819-8f0f-4c0e-a936-e9ce989df431,2026-05-22T08:00:00Z,2026-05-22T10:00:00+0200,55767.72926,MW,DE,DE_LU,actual_load,Actual Load,2026-06-11T07:22:11Z
2026-06-11T07:20:53Z,2026-06-11T09:20:53+0200,f3b72819-8f0f-4c0e-a936-e9ce989df431,2026-05-22T08:15:00Z,2026-05-22T10:15:00+0200,56358.20146,MW,DE,DE_LU,actual_load,Actual Load,2026-06-11T07:22:11Z
2026-06-11T07:20:53Z,2026-06-11T09:20:53+0200,f3b72819-8f0f-4c0e-a936-e9ce989df431,2026-05-22T08:30:00Z,2026-05-22T10:30:00+0200,56772.41058,MW,DE,DE_LU,actual_load,Actual Load,2026-06-11T07:22:11Z
2026-06-11T07:20:53Z,2026-06-11T09:20:53+0200,f3b72819-8f0f-4c0e-a936-e9ce989df431,2026-05-22T08:45:00Z,2026-05-22T10:45:00+0200,56683.74431,MW,DE,DE_LU,actual_load,Actual Load,2026-06-11T07:22:11Z
2026-06-11T07:20:53Z,2026-06-11T09:20:53+0200,f3b72819-8f0f-4c0e-a936-e9ce989df431,2026-05-22T09:00:00Z,2026-05-22T11:00:00+0200,56848.00921,MW,DE,DE_LU,actual_load,Actual Load,2026-06-11T07:22:11Z
2026-06-11T07:20:53Z,2026-06-11T09:20:53+0200,f3b72819-8f0f-4c0e-a936-e9ce989df431,2026-05-22T09:15:00Z,2026-05-22T11:15:00+0200,56840.9931,MW,DE,DE_LU,actual_load,Actual Load,2026-06-11T07:22:11Z
2026-06-11T07:20:53Z,2026-06-11T09:20:53+0200,f3b72819-8f0f-4c0e-a936-e9ce989df431,2026-05-22T09:30:00Z,2026-05-22T11:30:00+0200,57062.42636,MW,DE,DE_LU,actual_load,Actual Load,2026-06-11T07:22:11Z
2026-06-11T07:20:53Z,2026-06-11T09:20:53+0200,f3b72819-8f0f-4c0e-a936-e9ce989df431,2026-05-22T09:45:00Z,2026-05-22T11:45:00+0200,57164.6523,MW,DE,DE_LU,actual_load,Actual Load,2026-06-11T07:22:11Z
2026-06-11T07:20:53Z,2026-06-11T09:20:53+0200,f3b72819-8f0f-4c0e-a936-e9ce989df431,2026-05-22T10:00:00Z,2026-05-22T12:00:00+0200,56735.07773,MW,DE,DE_LU,actual_load,Actual Load,2026-06-11T07:22:11Z
2026-06-11T07:20:53Z,2026-06-11T09:20:53+0200,f3b72819-8f0f-4c0e-a936-e9ce989df431,2026-05-22T10:15:00Z,2026-05-22T12:15:00+0200,56146.86741,MW,DE,DE_LU,actual_load,Actual Load,2026-06-11T07:22:11Z
2026-06-11T07:20:53Z,2026-06-11T09:20:53+0200,f3b72819-8f0f-4c0e-a936-e9ce989df431,2026-05-22T10:30:00Z,2026-05-22T12:30:00+0200,56062.54297,MW,DE,DE_LU,actual_load,Actual Load,2026-06-11T07:22:11Z
2026-06-11T07:20:53Z,2026-06-11T09:20:53+0200,f3b72819-8f0f-4c0e-a936-e9ce989df431,2026-05-22T10:45:00Z,2026-05-22T12:45:00+0200,55182.31991,MW,DE,DE_LU,actual_load,Actual Load,2026-06-11T07:22:11Z
2026-06-11T07:20:53Z,2026-06-11T09:20:53+0200,f3b72819-8f0f-4c0e-a936-e9ce989df431,2026-05-22T11:00:00Z,2026-05-22T13:00:00+0200,55106.97347,MW,DE,DE_LU,actual_load,Actual Load,2026-06-11T07:22:11Z
2026-06-11T07:20:53Z,2026-06-11T09:20:53+0200,f3b72819-8f0f-4c0e-a936-e9ce989df431,2026-05-22T11:15:00Z,2026-05-22T13:15:00+0200,55214.84621,MW,DE,DE_LU,actual_load,Actual Load,2026-06-11T07:22:11Z
2026-06-11T07:20:53Z,2026-06-11T09:20:53+0200,f3b72819-8f0f-4c0e-a936-e9ce989df431,2026-05-22T11:30:00Z,2026-05-22T13:30:00+0200,54764.11823,MW,DE,DE_LU,actual_load,Actual Load,2026-06-11T07:22:11Z
2026-06-11T07:20:53Z,2026-06-11T09:20:53+0200,f3b72819-8f0f-4c0e-a936-e9ce989df431,2026-05-22T11:45:00Z,2026-05-22T13:45:00+0200,53964.86458,MW,DE,DE_LU,actual_load,Actual Load,2026-06-11T07:22:11Z
2026-06-11T07:20:53Z,2026-06-11T09:20:53+0200,f3b72819-8f0f-4c0e-a936-e9ce989df431,2026-05-22T12:00:00Z,2026-05-22T14:00:00+0200,53350.3358,MW,DE,DE_LU,actual_load,Actual Load,2026-06-11T07:22:11Z
2026-06-11T07:20:53Z,2026-06-11T09:20:53+0200,f3b72819-8f0f-4c0e-a936-e9ce989df431,2026-05-22T12:15:00Z,2026-05-22T14:15:00+0200,52529.42435,MW,DE,DE_LU,actual_load,Actual Load,2026-06-11T07:22:11Z
2026-06-11T07:20:53Z,2026-06-11T09:20:53+0200,f3b72819-8f0f-4c0e-a936-e9ce989df431,2026-05-22T12:30:00Z,2026-05-22T14:30:00+0200,52065.6391,MW,DE,DE_LU,actual_load,Actual Load,2026-06-11T07:22:11Z
2026-06-11T07:20:53Z,2026-06-11T09:20:53+0200,f3b72819-8f0f-4c0e-a936-e9ce989df431,2026-05-22T12:45:00Z,2026-05-22T14:45:00+0200,51431.72052,MW,DE,DE_LU,actual_load,Actual Load,2026-06-11T07:22:11Z
2026-06-11T07:20:53Z,2026-06-11T09:20:53+0200,f3b72819-8f0f-4c0e-a936-e9ce989df431,2026-05-22T13:00:00Z,2026-05-22T15:00:00+0200,51427.9742,MW,DE,DE_LU,actual_load,Actual Load,2026-06-11T07:22:11Z
2026-06-11T07:20:53Z,2026-06-11T09:20:53+0200,f3b72819-8f0f-4c0e-a936-e9ce989df431,2026-05-22T13:15:00Z,2026-05-22T15:15:00+0200,51186.16917,MW,DE,DE_LU,actual_load,Actual Load,2026-06-11T07:22:11Z
2026-06-11T07:20:53Z,2026-06-11T09:20:53+0200,f3b72819-8f0f-4c0e-a936-e9ce989df431,2026-05-22T13:30:00Z,2026-05-22T15:30:00+0200,51329.59249,MW,DE,DE_LU,actual_load,Actual Load,2026-06-11T07:22:11Z
2026-06-11T07:20:53Z,2026-06-11T09:20:53+0200,f3b72819-8f0f-4c0e-a936-e9ce989df431,2026-05-22T13:45:00Z,2026-05-22T15:45:00+0200,51162.75295,MW,DE,DE_LU,actual_load,Actual Load,2026-06-11T07:22:11Z
2026-06-11T07:20:53Z,2026-06-11T09:20:53+0200,f3b72819-8f0f-4c0e-a936-e9ce989df431,2026-05-22T14:00:00Z,2026-05-22T16:00:00+0200,51738.00322,MW,DE,DE_LU,actual_load,Actual Load,2026-06-11T07:22:11Z
2026-06-11T07:20:53Z,2026-06-11T09:20:53+0200,f3b72819-8f0f-4c0e-a936-e9ce989df431,2026-05-22T14:15:00Z,2026-05-22T16:15:00+0200,51237.13258,MW,DE,DE_LU,actual_load,Actual Load,2026-06-11T07:22:11Z
2026-06-11T07:20:53Z,2026-06-11T09:20:53+0200,f3b72819-8f0f-4c0e-a936-e9ce989df431,2026-05-22T14:30:00Z,2026-05-22T16:30:00+0200,51248.08154,MW,DE,DE_LU,actual_load,Actual Load,2026-06-11T07:22:11Z
2026-06-11T07:20:53Z,2026-06-11T09:20:53+0200,f3b72819-8f0f-4c0e-a936-e9ce989df431,2026-05-22T14:45:00Z,2026-05-22T16:45:00+0200,51103.37542,MW,DE,DE_LU,actual_load,Actual Load,2026-06-11T07:22:11Z
2026-06-11T07:20:53Z,2026-06-11T09:20:53+0200,f3b72819-8f0f-4c0e-a936-e9ce989df431,2026-05-22T15:00:00Z,2026-05-22T17:00:00+0200,52011.37533,MW,DE,DE_LU,actual_load,Actual Load,2026-06-11T07:22:11Z
2026-06-11T07:20:53Z,2026-06-11T09:20:53+0200,f3b72819-8f0f-4c0e-a936-e9ce989df431,2026-05-22T15:15:00Z,2026-05-22T17:15:00+0200,52759.55233,MW,DE,DE_LU,actual_load,Actual Load,2026-06-11T07:22:11Z
2026-06-11T07:20:53Z,2026-06-11T09:20:53+0200,f3b72819-8f0f-4c0e-a936-e9ce989df431,2026-05-22T15:30:00Z,2026-05-22T17:30:00+0200,52668.58828,MW,DE,DE_LU,actual_load,Actual Load,2026-06-11T07:22:11Z
2026-06-11T07:20:53Z,2026-06-11T09:20:53+0200,f3b72819-8f0f-4c0e-a936-e9ce989df431,2026-05-22T15:45:00Z,2026-05-22T17:45:00+0200,52830.2198,MW,DE,DE_LU,actual_load,Actual Load,2026-06-11T07:22:11Z
2026-06-11T07:20:53Z,2026-06-11T09:20:53+0200,f3b72819-8f0f-4c0e-a936-e9ce989df431,2026-05-22T16:00:00Z,2026-05-22T18:00:00+0200,53294.44684,MW,DE,DE_LU,actual_load,Actual Load,2026-06-11T07:22:11Z
2026-06-11T07:20:53Z,2026-06-11T09:20:53+0200,f3b72819-8f0f-4c0e-a936-e9ce989df431,2026-05-22T16:15:00Z,2026-05-22T18:15:00+0200,54186.01982,MW,DE,DE_LU,actual_load,Actual Load,2026-06-11T07:22:11Z
2026-06-11T07:20:53Z,2026-06-11T09:20:53+0200,f3b72819-8f0f-4c0e-a936-e9ce989df431,2026-05-22T16:30:00Z,2026-05-22T18:30:00+0200,54439.4754,MW,DE,DE_LU,actual_load,Actual Load,2026-06-11T07:22:11Z
2026-06-11T07:20:53Z,2026-06-11T09:20:53+0200,f3b72819-8f0f-4c0e-a936-e9ce989df431,2026-05-22T16:45:00Z,2026-05-22T18:45:00+0200,54753.08765,MW,DE,DE_LU,actual_load,Actual Load,2026-06-11T07:22:11Z
2026-06-11T07:20:53Z,2026-06-11T09:20:53+0200,f3b72819-8f0f-4c0e-a936-e9ce989df431,2026-05-22T17:00:00Z,2026-05-22T19:00:00+0200,55394.22678,MW,DE,DE_LU,actual_load,Actual Load,2026-06-11T07:22:11Z
2026-06-11T07:20:53Z,2026-06-11T09:20:53+0200,f3b72819-8f0f-4c0e-a936-e9ce989df431,2026-05-22T17:15:00Z,2026-05-22T19:15:00+0200,55342.20948,MW,DE,DE_LU,actual_load,Actual Load,2026-06-11T07:22:11Z
2026-06-11T07:20:53Z,2026-06-11T09:20:53+0200,f3b72819-8f0f-4c0e-a936-e9ce989df431,2026-05-22T17:30:00Z,2026-05-22T19:30:00+0200,55050.36205,MW,DE,DE_LU,actual_load,Actual Load,2026-06-11T07:22:11Z
2026-06-11T07:20:53Z,2026-06-11T09:20:53+0200,f3b72819-8f0f-4c0e-a936-e9ce989df431,2026-05-22T17:45:00Z,2026-05-22T19:45:00+0200,54617.50774,MW,DE,DE_LU,actual_load,Actual Load,2026-06-11T07:22:11Z
2026-06-11T07:20:53Z,2026-06-11T09:20:53+0200,f3b72819-8f0f-4c0e-a936-e9ce989df431,2026-05-22T18:00:00Z,2026-05-22T20:00:00+0200,54738.16921,MW,DE,DE_LU,actual_load,Actual Load,2026-06-11T07:22:11Z
2026-06-11T07:20:53Z,2026-06-11T09:20:53+0200,f3b72819-8f0f-4c0e-a936-e9ce989df431,2026-05-22T18:15:00Z,2026-05-22T20:15:00+0200,54090.00481,MW,DE,DE_LU,actual_load,Actual Load,2026-06-11T07:22:11Z
2026-06-11T07:20:53Z,2026-06-11T09:20:53+0200,f3b72819-8f0f-4c0e-a936-e9ce989df431,2026-05-22T18:30:00Z,2026-05-22T20:30:00+0200,53163.28521,MW,DE,DE_LU,actual_load,Actual Load,2026-06-11T07:22:11Z
2026-06-11T07:20:53Z,2026-06-11T09:20:53+0200,f3b72819-8f0f-4c0e-a936-e9ce989df431,2026-05-22T18:45:00Z,2026-05-22T20:45:00+0200,52994.67719,MW,DE,DE_LU,actual_load,Actual Load,2026-06-11T07:22:11Z
2026-06-11T07:20:53Z,2026-06-11T09:20:53+0200,f3b72819-8f0f-4c0e-a936-e9ce989df431,2026-05-22T19:00:00Z,2026-05-22T21:00:00+0200,52205.46731,MW,DE,DE_LU,actual_load,Actual Load,2026-06-11T07:22:11Z
2026-06-11T07:20:53Z,2026-06-11T09:20:53+0200,f3b72819-8f0f-4c0e-a936-e9ce989df431,2026-05-22T19:15:00Z,2026-05-22T21:15:00+0200,52335.2725,MW,DE,DE_LU,actual_load,Actual Load,2026-06-11T07:22:11Z
2026-06-11T07:20:53Z,2026-06-11T09:20:53+0200,f3b72819-8f0f-4c0e-a936-e9ce989df431,2026-05-22T19:30:00Z,2026-05-22T21:30:00+0200,52706.1293,MW,DE,DE_LU,actual_load,Actual Load,2026-06-11T07:22:11Z
2026-06-11T07:20:53Z,2026-06-11T09:20:53+0200,f3b72819-8f0f-4c0e-a936-e9ce989df431,2026-05-22T19:45:00Z,2026-05-22T21:45:00+0200,52083.58163,MW,DE,DE_LU,actual_load,Actual Load,2026-06-11T07:22:11Z
2026-06-11T07:20:53Z,2026-06-11T09:20:53+0200,f3b72819-8f0f-4c0e-a936-e9ce989df431,2026-05-22T20:00:00Z,2026-05-22T22:00:00+0200,51213.98853,MW,DE,DE_LU,actual_load,Actual Load,2026-06-11T07:22:11Z
2026-06-11T07:20:53Z,2026-06-11T09:20:53+0200,f3b72819-8f0f-4c0e-a936-e9ce989df431,2026-05-22T20:15:00Z,2026-05-22T22:15:00+0200,50837.56946,MW,DE,DE_LU,actual_load,Actual Load,2026-06-11T07:22:11Z
2026-06-11T07:20:53Z,2026-06-11T09:20:53+0200,f3b72819-8f0f-4c0e-a936-e9ce989df431,2026-05-22T20:30:00Z,2026-05-22T22:30:00+0200,50318.69819,MW,DE,DE_LU,actual_load,Actual Load,2026-06-11T07:22:11Z
2026-06-11T07:20:53Z,2026-06-11T09:20:53+0200,f3b72819-8f0f-4c0e-a936-e9ce989df431,2026-05-22T20:45:00Z,2026-05-22T22:45:00+0200,49443.21213,MW,DE,DE_LU,actual_load,Actual Load,2026-06-11T07:22:11Z
2026-06-11T07:20:53Z,2026-06-11T09:20:53+0200,f3b72819-8f0f-4c0e-a936-e9ce989df431,2026-05-22T21:00:00Z,2026-05-22T23:00:00+0200,48225.16993,MW,DE,DE_LU,actual_load,Actual Load,2026-06-11T07:22:11Z
2026-06-11T07:20:53Z,2026-06-11T09:20:53+0200,f3b72819-8f0f-4c0e-a936-e9ce989df431,2026-05-22T21:15:00Z,2026-05-22T23:15:00+0200,47762.35331,MW,DE,DE_LU,actual_load,Actual Load,2026-06-11T07:22:11Z
2026-06-11T07:20:53Z,2026-06-11T09:20:53+0200,f3b72819-8f0f-4c0e-a936-e9ce989df431,2026-05-22T21:30:00Z,2026-05-22T23:30:00+0200,46919.37032,MW,DE,DE_LU,actual_load,Actual Load,2026-06-11T07:22:11Z
2026-06-11T07:20:53Z,2026-06-11T09:20:53+0200,f3b72819-8f0f-4c0e-a936-e9ce989df431,2026-05-22T21:45:00Z,2026-05-22T23:45:00+0200,46424.16767,MW,DE,DE_LU,actual_load,Actual Load,2026-06-11T07:22:11Z
2026-06-11T07:20:53Z,2026-06-11T09:20:53+0200,f3b72819-8f0f-4c0e-a936-e9ce989df431,2026-05-22T22:00:00Z,2026-05-23T00:00:00+0200,45142.33017,MW,DE,DE_LU,actual_load,Actual Load,2026-06-11T07:22:11Z
2026-06-11T07:20:53Z,2026-06-11T09:20:53+0200,f3b72819-8f0f-4c0e-a936-e9ce989df431,2026-05-22T22:15:00Z,2026-05-23T00:15:00+0200,44728.59371,MW,DE,DE_LU,actual_load,Actual Load,2026-06-11T07:22:11Z
2026-06-11T07:20:53Z,2026-06-11T09:20:53+0200,f3b72819-8f0f-4c0e-a936-e9ce989df431,2026-05-22T22:30:00Z,2026-05-23T00:30:00+0200,44221.61857,MW,DE,DE_LU,actual_load,Actual Load,2026-06-11T07:22:11Z
2026-06-11T07:20:53Z,2026-06-11T09:20:53+0200,f3b72819-8f0f-4c0e-a936-e9ce989df431,2026-05-22T22:45:00Z,2026-05-23T00:45:00+0200,43777.34925,MW,DE,DE_LU,actual_load,Actual Load,2026-06-11T07:22:11Z
2026-06-11T07:20:53Z,2026-06-11T09:20:53+0200,f3b72819-8f0f-4c0e-a936-e9ce989df431,2026-05-22T23:00:00Z,2026-05-23T01:00:00+0200,43271.64,MW,DE,DE_LU,actual_load,Actual Load,2026-06-11T07:22:11Z
2026-06-11T07:20:53Z,2026-06-11T09:20:53+0200,f3b72819-8f0f-4c0e-a936-e9ce989df431,2026-05-22T23:15:00Z,2026-05-23T01:15:00+0200,42539.9285,MW,DE,DE_LU,actual_load,Actual Load,2026-06-11T07:22:11Z
2026-06-11T07:20:53Z,2026-06-11T09:20:53+0200,f3b72819-8f0f-4c0e-a936-e9ce989df431,2026-05-22T23:30:00Z,2026-05-23T01:30:00+0200,42349.69987,MW,DE,DE_LU,actual_load,Actual Load,2026-06-11T07:22:11Z
2026-06-11T07:20:53Z,2026-06-11T09:20:53+0200,f3b72819-8f0f-4c0e-a936-e9ce989df431,2026-05-22T23:45:00Z,2026-05-23T01:45:00+0200,42336.82732,MW,DE,DE_LU,actual_load,Actual Load,2026-06-11T07:22:11Z
2026-06-11T07:20:53Z,2026-06-11T09:20:53+0200,f3b72819-8f0f-4c0e-a936-e9ce989df431,2026-05-23T00:00:00Z,2026-05-23T02:00:00+0200,41760.01318,MW,DE,DE_LU,actual_load,Actual Load,2026-06-11T07:22:11Z
2026-06-11T07:20:53Z,2026-06-11T09:20:53+0200,f3b72819-8f0f-4c0e-a936-e9ce989df431,2026-05-23T00:15:00Z,2026-05-23T02:15:00+0200,41486.04404,MW,DE,DE_LU,actual_load,Actual Load,2026-06-11T07:22:11Z
2026-06-11T07:20:53Z,2026-06-11T09:20:53+0200,f3b72819-8f0f-4c0e-a936-e9ce989df431,2026-05-23T00:30:00Z,2026-05-23T02:30:00+0200,41152.92244,MW,DE,DE_LU,actual_load,Actual Load,2026-06-11T07:22:11Z
2026-06-11T07:20:53Z,2026-06-11T09:20:53+0200,f3b72819-8f0f-4c0e-a936-e9ce989df431,2026-05-23T00:45:00Z,2026-05-23T02:45:00+0200,41033.49908,MW,DE,DE_LU,actual_load,Actual Load,2026-06-11T07:22:11Z
2026-06-11T07:20:53Z,2026-06-11T09:20:53+0200,f3b72819-8f0f-4c0e-a936-e9ce989df431,2026-05-23T01:00:00Z,2026-05-23T03:00:00+0200,40967.51221,MW,DE,DE_LU,actual_load,Actual Load,2026-06-11T07:22:11Z
2026-06-11T07:20:53Z,2026-06-11T09:20:53+0200,f3b72819-8f0f-4c0e-a936-e9ce989df431,2026-05-23T01:15:00Z,2026-05-23T03:15:00+0200,41015.13066,MW,DE,DE_LU,actual_load,Actual Load,2026-06-11T07:22:11Z
2026-06-11T07:20:53Z,2026-06-11T09:20:53+0200,f3b72819-8f0f-4c0e-a936-e9ce989df431,2026-05-23T01:30:00Z,2026-05-23T03:30:00+0200,40800.53985,MW,DE,DE_LU,actual_load,Actual Load,2026-06-11T07:22:11Z
2026-06-11T07:20:53Z,2026-06-11T09:20:53+0200,f3b72819-8f0f-4c0e-a936-e9ce989df431,2026-05-23T01:45:00Z,2026-05-23T03:45:00+0200,40676.30723,MW,DE,DE_LU,actual_load,Actual Load,2026-06-11T07:22:11Z
2026-06-11T07:20:53Z,2026-06-11T09:20:53+0200,f3b72819-8f0f-4c0e-a936-e9ce989df431,2026-05-23T02:00:00Z,2026-05-23T04:00:00+0200,40990.60142,MW,DE,DE_LU,actual_load,Actual Load,2026-06-11T07:22:11Z
2026-06-11T07:20:53Z,2026-06-11T09:20:53+0200,f3b72819-8f0f-4c0e-a936-e9ce989df431,2026-05-23T02:15:00Z,2026-05-23T04:15:00+0200,41590.80674,MW,DE,DE_LU,actual_load,Actual Load,2026-06-11T07:22:11Z
2026-06-11T07:20:53Z,2026-06-11T09:20:53+0200,f3b72819-8f0f-4c0e-a936-e9ce989df431,2026-05-23T02:30:00Z,2026-05-23T04:30:00+0200,41849.5744,MW,DE,DE_LU,actual_load,Actual Load,2026-06-11T07:22:11Z
2026-06-11T07:20:53Z,2026-06-11T09:20:53+0200,f3b72819-8f0f-4c0e-a936-e9ce989df431,2026-05-23T02:45:00Z,2026-05-23T04:45:00+0200,41730.3245,MW,DE,DE_LU,actual_load,Actual Load,2026-06-11T07:22:11Z
2026-06-11T07:20:53Z,2026-06-11T09:20:53+0200,f3b72819-8f0f-4c0e-a936-e9ce989df431,2026-05-23T03:00:00Z,2026-05-23T05:00:00+0200,41686.8155,MW,DE,DE_LU,actual_load,Actual Load,2026-06-11T07:22:11Z
2026-06-11T07:20:53Z,2026-06-11T09:20:53+0200,f3b72819-8f0f-4c0e-a936-e9ce989df431,2026-05-23T03:15:00Z,2026-05-23T05:15:00+0200,41983.01187,MW,DE,DE_LU,actual_load,Actual Load,2026-06-11T07:22:11Z
2026-06-11T07:20:53Z,2026-06-11T09:20:53+0200,f3b72819-8f0f-4c0e-a936-e9ce989df431,2026-05-23T03:30:00Z,2026-05-23T05:30:00+0200,42155.97584,MW,DE,DE_LU,actual_load,Actual Load,2026-06-11T07:22:11Z
2026-06-11T07:20:53Z,2026-06-11T09:20:53+0200,f3b72819-8f0f-4c0e-a936-e9ce989df431,2026-05-23T03:45:00Z,2026-05-23T05:45:00+0200,42267.53791,MW,DE,DE_LU,actual_load,Actual Load,2026-06-11T07:22:11Z
2026-06-11T07:20:53Z,2026-06-11T09:20:53+0200,f3b72819-8f0f-4c0e-a936-e9ce989df431,2026-05-23T04:00:00Z,2026-05-23T06:00:00+0200,42920.08086,MW,DE,DE_LU,actual_load,Actual Load,2026-06-11T07:22:11Z
2026-06-11T07:20:53Z,2026-06-11T09:20:53+0200,f3b72819-8f0f-4c0e-a936-e9ce989df431,2026-05-23T04:15:00Z,2026-05-23T06:15:00+0200,43387.87858,MW,DE,DE_LU,actual_load,Actual Load,2026-06-11T07:22:11Z
2026-06-11T07:20:53Z,2026-06-11T09:20:53+0200,f3b72819-8f0f-4c0e-a936-e9ce989df431,2026-05-23T04:30:00Z,2026-05-23T06:30:00+0200,43758.47877,MW,DE,DE_LU,actual_load,Actual Load,2026-06-11T07:22:11Z
2026-06-11T07:20:53Z,2026-06-11T09:20:53+0200,f3b72819-8f0f-4c0e-a936-e9ce989df431,2026-05-23T04:45:00Z,2026-05-23T06:45:00+0200,44158.80805,MW,DE,DE_LU,actual_load,Actual Load,2026-06-11T07:22:11Z
2026-06-11T07:20:53Z,2026-06-11T09:20:53+0200,f3b72819-8f0f-4c0e-a936-e9ce989df431,2026-05-23T05:00:00Z,2026-05-23T07:00:00+0200,44242.41108,MW,DE,DE_LU,actual_load,Actual Load,2026-06-11T07:22:11Z
2026-06-11T07:20:53Z,2026-06-11T09:20:53+0200,f3b72819-8f0f-4c0e-a936-e9ce989df431,2026-05-23T05:15:00Z,2026-05-23T07:15:00+0200,44601.35313,MW,DE,DE_LU,actual_load,Actual Load,2026-06-11T07:22:11Z
2026-06-11T07:20:53Z,2026-06-11T09:20:53+0200,f3b72819-8f0f-4c0e-a936-e9ce989df431,2026-05-23T05:30:00Z,2026-05-23T07:30:00+0200,45519.77165,MW,DE,DE_LU,actual_load,Actual Load,2026-06-11T07:22:11Z
2026-06-11T07:20:53Z,2026-06-11T09:20:53+0200,f3b72819-8f0f-4c0e-a936-e9ce989df431,2026-05-23T05:45:00Z,2026-05-23T07:45:00+0200,45648.99829,MW,DE,DE_LU,actual_load,Actual Load,2026-06-11T07:22:11Z
2026-06-11T07:20:53Z,2026-06-11T09:20:53+0200,f3b72819-8f0f-4c0e-a936-e9ce989df431,2026-05-23T06:00:00Z,2026-05-23T08:00:00+0200,45545.89572,MW,DE,DE_LU,actual_load,Actual Load,2026-06-11T07:22:11Z
2026-06-11T07:20:53Z,2026-06-11T09:20:53+0200,f3b72819-8f0f-4c0e-a936-e9ce989df431,2026-05-23T06:15:00Z,2026-05-23T08:15:00+0200,46517.08383,MW,DE,DE_LU,actual_load,Actual Load,2026-06-11T07:22:11Z
2026-06-11T07:20:53Z,2026-06-11T09:20:53+0200,f3b72819-8f0f-4c0e-a936-e9ce989df431,2026-05-23T06:30:00Z,2026-05-23T08:30:00+0200,46861.80902,MW,DE,DE_LU,actual_load,Actual Load,2026-06-11T07:22:11Z
2026-06-11T07:20:53Z,2026-06-11T09:20:53+0200,f3b72819-8f0f-4c0e-a936-e9ce989df431,2026-05-23T06:45:00Z,2026-05-23T08:45:00+0200,46617.76122,MW,DE,DE_LU,actual_load,Actual Load,2026-06-11T07:22:11Z
2026-06-11T07:20:53Z,2026-06-11T09:20:53+0200,f3b72819-8f0f-4c0e-a936-e9ce989df431,2026-05-23T07:00:00Z,2026-05-23T09:00:00+0200,45910.641,MW,DE,DE_LU,actual_load,Actual Load,2026-06-11T07:22:11Z
2026-06-11T07:20:53Z,2026-06-11T09:20:53+0200,f3b72819-8f0f-4c0e-a936-e9ce989df431,2026-05-23T07:15:00Z,2026-05-23T09:15:00+0200,45675.38342,MW,DE,DE_LU,actual_load,Actual Load,2026-06-11T07:22:11Z
2026-06-11T07:20:53Z,2026-06-11T09:20:53+0200,f3b72819-8f0f-4c0e-a936-e9ce989df431,2026-05-23T07:30:00Z,2026-05-23T09:30:00+0200,46098.26795,MW,DE,DE_LU,actual_load,Actual Load,2026-06-11T07:22:11Z
2026-06-11T07:20:53Z,2026-06-11T09:20:53+0200,f3b72819-8f0f-4c0e-a936-e9ce989df431,2026-05-23T07:45:00Z,2026-05-23T09:45:00+0200,46417.40947,MW,DE,DE_LU,actual_load,Actual Load,2026-06-11T07:22:11Z
2026-06-11T07:20:53Z,2026-06-11T09:20:53+0200,f3b72819-8f0f-4c0e-a936-e9ce989df431,2026-05-23T08:00:00Z,2026-05-23T10:00:00+0200,46123.85912,MW,DE,DE_LU,actual_load,Actual Load,2026-06-11T07:22:11Z
2026-06-11T07:20:53Z,2026-06-11T09:20:53+0200,f3b72819-8f0f-4c0e-a936-e9ce989df431,2026-05-23T08:15:00Z,2026-05-23T10:15:00+0200,46436.71069,MW,DE,DE_LU,actual_load,Actual Load,2026-06-11T07:22:11Z
2026-06-11T07:20:53Z,2026-06-11T09:20:53+0200,f3b72819-8f0f-4c0e-a936-e9ce989df431,2026-05-23T08:30:00Z,2026-05-23T10:30:00+0200,45794.56009,MW,DE,DE_LU,actual_load,Actual Load,2026-06-11T07:22:11Z
2026-06-11T07:20:53Z,2026-06-11T09:20:53+0200,f3b72819-8f0f-4c0e-a936-e9ce989df431,2026-05-23T08:45:00Z,2026-05-23T10:45:00+0200,45866.62906,MW,DE,DE_LU,actual_load,Actual Load,2026-06-11T07:22:11Z
2026-06-11T07:20:53Z,2026-06-11T09:20:53+0200,f3b72819-8f0f-4c0e-a936-e9ce989df431,2026-05-23T09:00:00Z,2026-05-23T11:00:00+0200,45952.0399,MW,DE,DE_LU,actual_load,Actual Load,2026-06-11T07:22:11Z
2026-06-11T07:20:53Z,2026-06-11T09:20:53+0200,f3b72819-8f0f-4c0e-a936-e9ce989df431,2026-05-23T09:15:00Z,2026-05-23T11:15:00+0200,46304.9758,MW,DE,DE_LU,actual_load,Actual Load,2026-06-11T07:22:11Z
2026-06-11T07:20:53Z,2026-06-11T09:20:53+0200,f3b72819-8f0f-4c0e-a936-e9ce989df431,2026-05-23T09:30:00Z,2026-05-23T11:30:00+0200,46188.48065,MW,DE,DE_LU,actual_load,Actual Load,2026-06-11T07:22:11Z
2026-06-11T07:20:53Z,2026-06-11T09:20:53+0200,f3b72819-8f0f-4c0e-a936-e9ce989df431,2026-05-23T09:45:00Z,2026-05-23T11:45:00+0200,45938.52586,MW,DE,DE_LU,actual_load,Actual Load,2026-06-11T07:22:11Z
2026-06-11T07:20:53Z,2026-06-11T09:20:53+0200,f3b72819-8f0f-4c0e-a936-e9ce989df431,2026-05-23T10:00:00Z,2026-05-23T12:00:00+0200,45933.30453,MW,DE,DE_LU,actual_load,Actual Load,2026-06-11T07:22:11Z
2026-06-11T07:20:53Z,2026-06-11T09:20:53+0200,f3b72819-8f0f-4c0e-a936-e9ce989df431,2026-05-23T10:15:00Z,2026-05-23T12:15:00+0200,45852.93731,MW,DE,DE_LU,actual_load,Actual Load,2026-06-11T07:22:11Z
2026-06-11T07:20:53Z,2026-06-11T09:20:53+0200,f3b72819-8f0f-4c0e-a936-e9ce989df431,2026-05-23T10:30:00Z,2026-05-23T12:30:00+0200,45423.82435,MW,DE,DE_LU,actual_load,Actual Load,2026-06-11T07:22:11Z
2026-06-11T07:20:53Z,2026-06-11T09:20:53+0200,f3b72819-8f0f-4c0e-a936-e9ce989df431,2026-05-23T10:45:00Z,2026-05-23T12:45:00+0200,44929.08009,MW,DE,DE_LU,actual_load,Actual Load,2026-06-11T07:22:11Z
2026-06-11T07:20:53Z,2026-06-11T09:20:53+0200,f3b72819-8f0f-4c0e-a936-e9ce989df431,2026-05-23T11:00:00Z,2026-05-23T13:00:00+0200,45397.72458,MW,DE,DE_LU,actual_load,Actual Load,2026-06-11T07:22:11Z
2026-06-11T07:20:53Z,2026-06-11T09:20:53+0200,f3b72819-8f0f-4c0e-a936-e9ce989df431,2026-05-23T11:15:00Z,2026-05-23T13:15:00+0200,45492.1171,MW,DE,DE_LU,actual_load,Actual Load,2026-06-11T07:22:11Z
2026-06-11T07:20:53Z,2026-06-11T09:20:53+0200,f3b72819-8f0f-4c0e-a936-e9ce989df431,2026-05-23T11:30:00Z,2026-05-23T13:30:00+0200,45157.11722,MW,DE,DE_LU,actual_load,Actual Load,2026-06-11T07:22:11Z
2026-06-11T07:20:53Z,2026-06-11T09:20:53+0200,f3b72819-8f0f-4c0e-a936-e9ce989df431,2026-05-23T11:45:00Z,2026-05-23T13:45:00+0200,44316.01328,MW,DE,DE_LU,actual_load,Actual Load,2026-06-11T07:22:11Z
2026-06-11T07:20:53Z,2026-06-11T09:20:53+0200,f3b72819-8f0f-4c0e-a936-e9ce989df431,2026-05-23T12:00:00Z,2026-05-23T14:00:00+0200,44039.18762,MW,DE,DE_LU,actual_load,Actual Load,2026-06-11T07:22:11Z
2026-06-11T07:20:53Z,2026-06-11T09:20:53+0200,f3b72819-8f0f-4c0e-a936-e9ce989df431,2026-05-23T12:15:00Z,2026-05-23T14:15:00+0200,43343.85374,MW,DE,DE_LU,actual_load,Actual Load,2026-06-11T07:22:11Z
2026-06-11T07:20:53Z,2026-06-11T09:20:53+0200,f3b72819-8f0f-4c0e-a936-e9ce989df431,2026-05-23T12:30:00Z,2026-05-23T14:30:00+0200,43239.86941,MW,DE,DE_LU,actual_load,Actual Load,2026-06-11T07:22:11Z
2026-06-11T07:20:53Z,2026-06-11T09:20:53+0200,f3b72819-8f0f-4c0e-a936-e9ce989df431,2026-05-23T12:45:00Z,2026-05-23T14:45:00+0200,42766.90929,MW,DE,DE_LU,actual_load,Actual Load,2026-06-11T07:22:11Z
2026-06-11T07:20:53Z,2026-06-11T09:20:53+0200,f3b72819-8f0f-4c0e-a936-e9ce989df431,2026-05-23T13:00:00Z,2026-05-23T15:00:00+0200,43100.27982,MW,DE,DE_LU,actual_load,Actual Load,2026-06-11T07:22:11Z
2026-06-11T07:20:53Z,2026-06-11T09:20:53+0200,f3b72819-8f0f-4c0e-a936-e9ce989df431,2026-05-23T13:15:00Z,2026-05-23T15:15:00+0200,42723.89302,MW,DE,DE_LU,actual_load,Actual Load,2026-06-11T07:22:11Z
2026-06-11T07:20:53Z,2026-06-11T09:20:53+0200,f3b72819-8f0f-4c0e-a936-e9ce989df431,2026-05-23T13:30:00Z,2026-05-23T15:30:00+0200,42435.93336,MW,DE,DE_LU,actual_load,Actual Load,2026-06-11T07:22:11Z
2026-06-11T07:20:53Z,2026-06-11T09:20:53+0200,f3b72819-8f0f-4c0e-a936-e9ce989df431,2026-05-23T13:45:00Z,2026-05-23T15:45:00+0200,42621.1715,MW,DE,DE_LU,actual_load,Actual Load,2026-06-11T07:22:11Z
2026-06-11T07:20:53Z,2026-06-11T09:20:53+0200,f3b72819-8f0f-4c0e-a936-e9ce989df431,2026-05-23T14:00:00Z,2026-05-23T16:00:00+0200,42767.9185,MW,DE,DE_LU,actual_load,Actual Load,2026-06-11T07:22:11Z
2026-06-11T07:20:53Z,2026-06-11T09:20:53+0200,f3b72819-8f0f-4c0e-a936-e9ce989df431,2026-05-23T14:15:00Z,2026-05-23T16:15:00+0200,42338.69455,MW,DE,DE_LU,actual_load,Actual Load,2026-06-11T07:22:11Z
2026-06-11T07:20:53Z,2026-06-11T09:20:53+0200,f3b72819-8f0f-4c0e-a936-e9ce989df431,2026-05-23T14:30:00Z,2026-05-23T16:30:00+0200,41974.37609,MW,DE,DE_LU,actual_load,Actual Load,2026-06-11T07:22:11Z
2026-06-11T07:20:53Z,2026-06-11T09:20:53+0200,f3b72819-8f0f-4c0e-a936-e9ce989df431,2026-05-23T14:45:00Z,2026-05-23T16:45:00+0200,42168.38026,MW,DE,DE_LU,actual_load,Actual Load,2026-06-11T07:22:11Z
2026-06-11T07:20:53Z,2026-06-11T09:20:53+0200,f3b72819-8f0f-4c0e-a936-e9ce989df431,2026-05-23T15:00:00Z,2026-05-23T17:00:00+0200,43015.27348,MW,DE,DE_LU,actual_load,Actual Load,2026-06-11T07:22:11Z
2026-06-11T07:20:53Z,2026-06-11T09:20:53+0200,f3b72819-8f0f-4c0e-a936-e9ce989df431,2026-05-23T15:15:00Z,2026-05-23T17:15:00+0200,43734.73402,MW,DE,DE_LU,actual_load,Actual Load,2026-06-11T07:22:11Z
2026-06-11T07:20:53Z,2026-06-11T09:20:53+0200,f3b72819-8f0f-4c0e-a936-e9ce989df431,2026-05-23T15:30:00Z,2026-05-23T17:30:00+0200,44704.80593,MW,DE,DE_LU,actual_load,Actual Load,2026-06-11T07:22:11Z
2026-06-11T07:20:53Z,2026-06-11T09:20:53+0200,f3b72819-8f0f-4c0e-a936-e9ce989df431,2026-05-23T15:45:00Z,2026-05-23T17:45:00+0200,44747.37001,MW,DE,DE_LU,actual_load,Actual Load,2026-06-11T07:22:11Z
2026-06-11T07:20:53Z,2026-06-11T09:20:53+0200,f3b72819-8f0f-4c0e-a936-e9ce989df431,2026-05-23T16:00:00Z,2026-05-23T18:00:00+0200,46170.16026,MW,DE,DE_LU,actual_load,Actual Load,2026-06-11T07:22:11Z
2026-06-11T07:20:53Z,2026-06-11T09:20:53+0200,f3b72819-8f0f-4c0e-a936-e9ce989df431,2026-05-23T16:15:00Z,2026-05-23T18:15:00+0200,46091.61942,MW,DE,DE_LU,actual_load,Actual Load,2026-06-11T07:22:11Z
2026-06-11T07:20:53Z,2026-06-11T09:20:53+0200,f3b72819-8f0f-4c0e-a936-e9ce989df431,2026-05-23T16:30:00Z,2026-05-23T18:30:00+0200,46419.02087,MW,DE,DE_LU,actual_load,Actual Load,2026-06-11T07:22:11Z
2026-06-11T07:20:53Z,2026-06-11T09:20:53+0200,f3b72819-8f0f-4c0e-a936-e9ce989df431,2026-05-23T16:45:00Z,2026-05-23T18:45:00+0200,46973.92938,MW,DE,DE_LU,actual_load,Actual Load,2026-06-11T07:22:11Z
2026-06-11T07:20:53Z,2026-06-11T09:20:53+0200,f3b72819-8f0f-4c0e-a936-e9ce989df431,2026-05-23T17:00:00Z,2026-05-23T19:00:00+0200,48546.14173,MW,DE,DE_LU,actual_load,Actual Load,2026-06-11T07:22:11Z
2026-06-11T07:20:53Z,2026-06-11T09:20:53+0200,f3b72819-8f0f-4c0e-a936-e9ce989df431,2026-05-23T17:15:00Z,2026-05-23T19:15:00+0200,47887.27157,MW,DE,DE_LU,actual_load,Actual Load,2026-06-11T07:22:11Z
2026-06-11T07:20:53Z,2026-06-11T09:20:53+0200,f3b72819-8f0f-4c0e-a936-e9ce989df431,2026-05-23T17:30:00Z,2026-05-23T19:30:00+0200,47954.94868,MW,DE,DE_LU,actual_load,Actual Load,2026-06-11T07:22:11Z
2026-06-11T07:20:53Z,2026-06-11T09:20:53+0200,f3b72819-8f0f-4c0e-a936-e9ce989df431,2026-05-23T17:45:00Z,2026-05-23T19:45:00+0200,48278.90515,MW,DE,DE_LU,actual_load,Actual Load,2026-06-11T07:22:11Z
2026-06-11T07:20:53Z,2026-06-11T09:20:53+0200,f3b72819-8f0f-4c0e-a936-e9ce989df431,2026-05-23T18:00:00Z,2026-05-23T20:00:00+0200,47762.41369,MW,DE,DE_LU,actual_load,Actual Load,2026-06-11T07:22:11Z
2026-06-11T07:20:53Z,2026-06-11T09:20:53+0200,f3b72819-8f0f-4c0e-a936-e9ce989df431,2026-05-23T18:15:00Z,2026-05-23T20:15:00+0200,46645.05603,MW,DE,DE_LU,actual_load,Actual Load,2026-06-11T07:22:11Z
2026-06-11T07:20:53Z,2026-06-11T09:20:53+0200,f3b72819-8f0f-4c0e-a936-e9ce989df431,2026-05-23T18:30:00Z,2026-05-23T20:30:00+0200,45902.34836,MW,DE,DE_LU,actual_load,Actual Load,2026-06-11T07:22:11Z
2026-06-11T07:20:53Z,2026-06-11T09:20:53+0200,f3b72819-8f0f-4c0e-a936-e9ce989df431,2026-05-23T18:45:00Z,2026-05-23T20:45:00+0200,45789.37608,MW,DE,DE_LU,actual_load,Actual Load,2026-06-11T07:22:11Z
2026-06-11T07:20:53Z,2026-06-11T09:20:53+0200,f3b72819-8f0f-4c0e-a936-e9ce989df431,2026-05-23T19:00:00Z,2026-05-23T21:00:00+0200,45479.66255,MW,DE,DE_LU,actual_load,Actual Load,2026-06-11T07:22:11Z
2026-06-11T07:20:53Z,2026-06-11T09:20:53+0200,f3b72819-8f0f-4c0e-a936-e9ce989df431,2026-05-23T19:15:00Z,2026-05-23T21:15:00+0200,45449.26653,MW,DE,DE_LU,actual_load,Actual Load,2026-06-11T07:22:11Z
2026-06-11T07:20:53Z,2026-06-11T09:20:53+0200,f3b72819-8f0f-4c0e-a936-e9ce989df431,2026-05-23T19:30:00Z,2026-05-23T21:30:00+0200,45615.12213,MW,DE,DE_LU,actual_load,Actual Load,2026-06-11T07:22:11Z
2026-06-11T07:20:53Z,2026-06-11T09:20:53+0200,f3b72819-8f0f-4c0e-a936-e9ce989df431,2026-05-23T19:45:00Z,2026-05-23T21:45:00+0200,45743.46023,MW,DE,DE_LU,actual_load,Actual Load,2026-06-11T07:22:11Z
2026-06-11T07:20:53Z,2026-06-11T09:20:53+0200,f3b72819-8f0f-4c0e-a936-e9ce989df431,2026-05-23T20:00:00Z,2026-05-23T22:00:00+0200,45158.61532,MW,DE,DE_LU,actual_load,Actual Load,2026-06-11T07:22:11Z
2026-06-11T07:20:53Z,2026-06-11T09:20:53+0200,f3b72819-8f0f-4c0e-a936-e9ce989df431,2026-05-23T20:15:00Z,2026-05-23T22:15:00+0200,45049.39019,MW,DE,DE_LU,actual_load,Actual Load,2026-06-11T07:22:11Z
2026-06-11T07:20:53Z,2026-06-11T09:20:53+0200,f3b72819-8f0f-4c0e-a936-e9ce989df431,2026-05-23T20:30:00Z,2026-05-23T22:30:00+0200,44579.26679,MW,DE,DE_LU,actual_load,Actual Load,2026-06-11T07:22:11Z
2026-06-11T07:20:53Z,2026-06-11T09:20:53+0200,f3b72819-8f0f-4c0e-a936-e9ce989df431,2026-05-23T20:45:00Z,2026-05-23T22:45:00+0200,43995.27816,MW,DE,DE_LU,actual_load,Actual Load,2026-06-11T07:22:11Z
2026-06-11T07:20:53Z,2026-06-11T09:20:53+0200,f3b72819-8f0f-4c0e-a936-e9ce989df431,2026-05-23T21:00:00Z,2026-05-23T23:00:00+0200,43177.77591,MW,DE,DE_LU,actual_load,Actual Load,2026-06-11T07:22:11Z
2026-06-11T07:20:53Z,2026-06-11T09:20:53+0200,f3b72819-8f0f-4c0e-a936-e9ce989df431,2026-05-23T21:15:00Z,2026-05-23T23:15:00+0200,42613.47444,MW,DE,DE_LU,actual_load,Actual Load,2026-06-11T07:22:11Z
2026-06-11T07:20:53Z,2026-06-11T09:20:53+0200,f3b72819-8f0f-4c0e-a936-e9ce989df431,2026-05-23T21:30:00Z,2026-05-23T23:30:00+0200,41974.02573,MW,DE,DE_LU,actual_load,Actual Load,2026-06-11T07:22:11Z
2026-06-11T07:20:53Z,2026-06-11T09:20:53+0200,f3b72819-8f0f-4c0e-a936-e9ce989df431,2026-05-23T21:45:00Z,2026-05-23T23:45:00+0200,41546.05477,MW,DE,DE_LU,actual_load,Actual Load,2026-06-11T07:22:11Z
2026-06-11T07:20:53Z,2026-06-11T09:20:53+0200,f3b72819-8f0f-4c0e-a936-e9ce989df431,2026-05-23T22:00:00Z,2026-05-24T00:00:00+0200,41080.20566,MW,DE,DE_LU,actual_load,Actual Load,2026-06-11T07:22:11Z
2026-06-11T07:20:53Z,2026-06-11T09:20:53+0200,f3b72819-8f0f-4c0e-a936-e9ce989df431,2026-05-23T22:15:00Z,2026-05-24T00:15:00+0200,40386.17713,MW,DE,DE_LU,actual_load,Actual Load,2026-06-11T07:22:11Z
2026-06-11T07:20:53Z,2026-06-11T09:20:53+0200,f3b72819-8f0f-4c0e-a936-e9ce989df431,2026-05-23T22:30:00Z,2026-05-24T00:30:00+0200,39995.89924,MW,DE,DE_LU,actual_load,Actual Load,2026-06-11T07:22:11Z
2026-06-11T07:20:53Z,2026-06-11T09:20:53+0200,f3b72819-8f0f-4c0e-a936-e9ce989df431,2026-05-23T22:45:00Z,2026-05-24T00:45:00+0200,39478.15043,MW,DE,DE_LU,actual_load,Actual Load,2026-06-11T07:22:11Z
2026-06-11T07:20:53Z,2026-06-11T09:20:53+0200,f3b72819-8f0f-4c0e-a936-e9ce989df431,2026-05-23T23:00:00Z,2026-05-24T01:00:00+0200,38884.30254,MW,DE,DE_LU,actual_load,Actual Load,2026-06-11T07:22:11Z
2026-06-11T07:20:53Z,2026-06-11T09:20:53+0200,f3b72819-8f0f-4c0e-a936-e9ce989df431,2026-05-23T23:15:00Z,2026-05-24T01:15:00+0200,38646.26953,MW,DE,DE_LU,actual_load,Actual Load,2026-06-11T07:22:11Z
2026-06-11T07:20:53Z,2026-06-11T09:20:53+0200,f3b72819-8f0f-4c0e-a936-e9ce989df431,2026-05-23T23:30:00Z,2026-05-24T01:30:00+0200,38435.44854,MW,DE,DE_LU,actual_load,Actual Load,2026-06-11T07:22:11Z
2026-06-11T07:20:53Z,2026-06-11T09:20:53+0200,f3b72819-8f0f-4c0e-a936-e9ce989df431,2026-05-23T23:45:00Z,2026-05-24T01:45:00+0200,38112.16822,MW,DE,DE_LU,actual_load,Actual Load,2026-06-11T07:22:11Z
2026-06-11T07:20:53Z,2026-06-11T09:20:53+0200,f3b72819-8f0f-4c0e-a936-e9ce989df431,2026-05-24T00:00:00Z,2026-05-24T02:00:00+0200,37302.19394,MW,DE,DE_LU,actual_load,Actual Load,2026-06-11T07:22:11Z
2026-06-11T07:20:53Z,2026-06-11T09:20:53+0200,f3b72819-8f0f-4c0e-a936-e9ce989df431,2026-05-24T00:15:00Z,2026-05-24T02:15:00+0200,37280.71537,MW,DE,DE_LU,actual_load,Actual Load,2026-06-11T07:22:11Z
2026-06-11T07:20:53Z,2026-06-11T09:20:53+0200,f3b72819-8f0f-4c0e-a936-e9ce989df431,2026-05-24T00:30:00Z,2026-05-24T02:30:00+0200,37126.34446,MW,DE,DE_LU,actual_load,Actual Load,2026-06-11T07:22:11Z
2026-06-11T07:20:53Z,2026-06-11T09:20:53+0200,f3b72819-8f0f-4c0e-a936-e9ce989df431,2026-05-24T00:45:00Z,2026-05-24T02:45:00+0200,36961.89656,MW,DE,DE_LU,actual_load,Actual Load,2026-06-11T07:22:11Z
2026-06-11T07:20:53Z,2026-06-11T09:20:53+0200,f3b72819-8f0f-4c0e-a936-e9ce989df431,2026-05-24T01:00:00Z,2026-05-24T03:00:00+0200,36933.37484,MW,DE,DE_LU,actual_load,Actual Load,2026-06-11T07:22:11Z
2026-06-11T07:20:53Z,2026-06-11T09:20:53+0200,f3b72819-8f0f-4c0e-a936-e9ce989df431,2026-05-24T01:15:00Z,2026-05-24T03:15:00+0200,36876.2398,MW,DE,DE_LU,actual_load,Actual Load,2026-06-11T07:22:11Z
2026-06-11T07:20:53Z,2026-06-11T09:20:53+0200,f3b72819-8f0f-4c0e-a936-e9ce989df431,2026-05-24T01:30:00Z,2026-05-24T03:30:00+0200,36836.53491,MW,DE,DE_LU,actual_load,Actual Load,2026-06-11T07:22:11Z
2026-06-11T07:20:53Z,2026-06-11T09:20:53+0200,f3b72819-8f0f-4c0e-a936-e9ce989df431,2026-05-24T01:45:00Z,2026-05-24T03:45:00+0200,36747.04606,MW,DE,DE_LU,actual_load,Actual Load,2026-06-11T07:22:11Z
2026-06-11T07:20:53Z,2026-06-11T09:20:53+0200,f3b72819-8f0f-4c0e-a936-e9ce989df431,2026-05-24T02:00:00Z,2026-05-24T04:00:00+0200,36570.52272,MW,DE,DE_LU,actual_load,Actual Load,2026-06-11T07:22:11Z
2026-06-11T07:20:53Z,2026-06-11T09:20:53+0200,f3b72819-8f0f-4c0e-a936-e9ce989df431,2026-05-24T02:15:00Z,2026-05-24T04:15:00+0200,36430.22759,MW,DE,DE_LU,actual_load,Actual Load,2026-06-11T07:22:11Z
2026-06-11T07:20:53Z,2026-06-11T09:20:53+0200,f3b72819-8f0f-4c0e-a936-e9ce989df431,2026-05-24T02:30:00Z,2026-05-24T04:30:00+0200,36812.79199,MW,DE,DE_LU,actual_load,Actual Load,2026-06-11T07:22:11Z
2026-06-11T07:20:53Z,2026-06-11T09:20:53+0200,f3b72819-8f0f-4c0e-a936-e9ce989df431,2026-05-24T02:45:00Z,2026-05-24T04:45:00+0200,37306.28512,MW,DE,DE_LU,actual_load,Actual Load,2026-06-11T07:22:11Z
2026-06-11T07:20:53Z,2026-06-11T09:20:53+0200,f3b72819-8f0f-4c0e-a936-e9ce989df431,2026-05-24T03:00:00Z,2026-05-24T05:00:00+0200,37170.45766,MW,DE,DE_LU,actual_load,Actual Load,2026-06-11T07:22:11Z
2026-06-11T07:20:53Z,2026-06-11T09:20:53+0200,f3b72819-8f0f-4c0e-a936-e9ce989df431,2026-05-24T03:15:00Z,2026-05-24T05:15:00+0200,36929.96438,MW,DE,DE_LU,actual_load,Actual Load,2026-06-11T07:22:11Z
2026-06-11T07:20:53Z,2026-06-11T09:20:53+0200,f3b72819-8f0f-4c0e-a936-e9ce989df431,2026-05-24T03:30:00Z,2026-05-24T05:30:00+0200,36617.62489,MW,DE,DE_LU,actual_load,Actual Load,2026-06-11T07:22:11Z
2026-06-11T07:20:53Z,2026-06-11T09:20:53+0200,f3b72819-8f0f-4c0e-a936-e9ce989df431,2026-05-24T03:45:00Z,2026-05-24T05:45:00+0200,36411.5879,MW,DE,DE_LU,actual_load,Actual Load,2026-06-11T07:22:11Z
2026-06-11T07:20:53Z,2026-06-11T09:20:53+0200,f3b72819-8f0f-4c0e-a936-e9ce989df431,2026-05-24T04:00:00Z,2026-05-24T06:00:00+0200,36332.339,MW,DE,DE_LU,actual_load,Actual Load,2026-06-11T07:22:11Z
2026-06-11T07:20:53Z,2026-06-11T09:20:53+0200,f3b72819-8f0f-4c0e-a936-e9ce989df431,2026-05-24T04:15:00Z,2026-05-24T06:15:00+0200,36388.10547,MW,DE,DE_LU,actual_load,Actual Load,2026-06-11T07:22:11Z
2026-06-11T07:20:53Z,2026-06-11T09:20:53+0200,f3b72819-8f0f-4c0e-a936-e9ce989df431,2026-05-24T04:30:00Z,2026-05-24T06:30:00+0200,36631.52998,MW,DE,DE_LU,actual_load,Actual Load,2026-06-11T07:22:11Z
2026-06-11T07:20:53Z,2026-06-11T09:20:53+0200,f3b72819-8f0f-4c0e-a936-e9ce989df431,2026-05-24T04:45:00Z,2026-05-24T06:45:00+0200,36855.71885,MW,DE,DE_LU,actual_load,Actual Load,2026-06-11T07:22:11Z
2026-06-11T07:20:53Z,2026-06-11T09:20:53+0200,f3b72819-8f0f-4c0e-a936-e9ce989df431,2026-05-24T05:00:00Z,2026-05-24T07:00:00+0200,37046.08145,MW,DE,DE_LU,actual_load,Actual Load,2026-06-11T07:22:11Z
2026-06-11T07:20:53Z,2026-06-11T09:20:53+0200,f3b72819-8f0f-4c0e-a936-e9ce989df431,2026-05-24T05:15:00Z,2026-05-24T07:15:00+0200,37909.31304,MW,DE,DE_LU,actual_load,Actual Load,2026-06-11T07:22:11Z
2026-06-11T07:20:53Z,2026-06-11T09:20:53+0200,f3b72819-8f0f-4c0e-a936-e9ce989df431,2026-05-24T05:30:00Z,2026-05-24T07:30:00+0200,38737.13135,MW,DE,DE_LU,actual_load,Actual Load,2026-06-11T07:22:11Z
2026-06-11T07:20:53Z,2026-06-11T09:20:53+0200,f3b72819-8f0f-4c0e-a936-e9ce989df431,2026-05-24T05:45:00Z,2026-05-24T07:45:00+0200,39669.95223,MW,DE,DE_LU,actual_load,Actual Load,2026-06-11T07:22:11Z
2026-06-11T07:20:53Z,2026-06-11T09:20:53+0200,f3b72819-8f0f-4c0e-a936-e9ce989df431,2026-05-24T06:00:00Z,2026-05-24T08:00:00+0200,39867.24247,MW,DE,DE_LU,actual_load,Actual Load,2026-06-11T07:22:11Z
2026-06-11T07:20:53Z,2026-06-11T09:20:53+0200,f3b72819-8f0f-4c0e-a936-e9ce989df431,2026-05-24T06:15:00Z,2026-05-24T08:15:00+0200,40169.20946,MW,DE,DE_LU,actual_load,Actual Load,2026-06-11T07:22:11Z
2026-06-11T07:20:53Z,2026-06-11T09:20:53+0200,f3b72819-8f0f-4c0e-a936-e9ce989df431,2026-05-24T06:30:00Z,2026-05-24T08:30:00+0200,40689.60495,MW,DE,DE_LU,actual_load,Actual Load,2026-06-11T07:22:11Z
2026-06-11T07:20:53Z,2026-06-11T09:20:53+0200,f3b72819-8f0f-4c0e-a936-e9ce989df431,2026-05-24T06:45:00Z,2026-05-24T08:45:00+0200,41012.29272,MW,DE,DE_LU,actual_load,Actual Load,2026-06-11T07:22:11Z
2026-06-11T07:20:53Z,2026-06-11T09:20:53+0200,f3b72819-8f0f-4c0e-a936-e9ce989df431,2026-05-24T07:00:00Z,2026-05-24T09:00:00+0200,40361.20156,MW,DE,DE_LU,actual_load,Actual Load,2026-06-11T07:22:11Z
2026-06-11T07:20:53Z,2026-06-11T09:20:53+0200,f3b72819-8f0f-4c0e-a936-e9ce989df431,2026-05-24T07:15:00Z,2026-05-24T09:15:00+0200,40853.50474,MW,DE,DE_LU,actual_load,Actual Load,2026-06-11T07:22:11Z
2026-06-11T07:20:53Z,2026-06-11T09:20:53+0200,f3b72819-8f0f-4c0e-a936-e9ce989df431,2026-05-24T07:30:00Z,2026-05-24T09:30:00+0200,41396.83886,MW,DE,DE_LU,actual_load,Actual Load,2026-06-11T07:22:11Z
2026-06-11T07:20:53Z,2026-06-11T09:20:53+0200,f3b72819-8f0f-4c0e-a936-e9ce989df431,2026-05-24T07:45:00Z,2026-05-24T09:45:00+0200,41641.84638,MW,DE,DE_LU,actual_load,Actual Load,2026-06-11T07:22:11Z
2026-06-11T07:20:53Z,2026-06-11T09:20:53+0200,f3b72819-8f0f-4c0e-a936-e9ce989df431,2026-05-24T08:00:00Z,2026-05-24T10:00:00+0200,41533.73074,MW,DE,DE_LU,actual_load,Actual Load,2026-06-11T07:22:11Z
2026-06-11T07:20:53Z,2026-06-11T09:20:53+0200,f3b72819-8f0f-4c0e-a936-e9ce989df431,2026-05-24T08:15:00Z,2026-05-24T10:15:00+0200,41057.84888,MW,DE,DE_LU,actual_load,Actual Load,2026-06-11T07:22:11Z
2026-06-11T07:20:53Z,2026-06-11T09:20:53+0200,f3b72819-8f0f-4c0e-a936-e9ce989df431,2026-05-24T08:30:00Z,2026-05-24T10:30:00+0200,41850.44965,MW,DE,DE_LU,actual_load,Actual Load,2026-06-11T07:22:11Z
2026-06-11T07:20:53Z,2026-06-11T09:20:53+0200,f3b72819-8f0f-4c0e-a936-e9ce989df431,2026-05-24T08:45:00Z,2026-05-24T10:45:00+0200,41954.88884,MW,DE,DE_LU,actual_load,Actual Load,2026-06-11T07:22:11Z
2026-06-11T07:20:53Z,2026-06-11T09:20:53+0200,f3b72819-8f0f-4c0e-a936-e9ce989df431,2026-05-24T09:00:00Z,2026-05-24T11:00:00+0200,41596.16683,MW,DE,DE_LU,actual_load,Actual Load,2026-06-11T07:22:11Z
2026-06-11T07:20:53Z,2026-06-11T09:20:53+0200,f3b72819-8f0f-4c0e-a936-e9ce989df431,2026-05-24T09:15:00Z,2026-05-24T11:15:00+0200,42120.24341,MW,DE,DE_LU,actual_load,Actual Load,2026-06-11T07:22:11Z
2026-06-11T07:20:53Z,2026-06-11T09:20:53+0200,f3b72819-8f0f-4c0e-a936-e9ce989df431,2026-05-24T09:30:00Z,2026-05-24T11:30:00+0200,42073.57016,MW,DE,DE_LU,actual_load,Actual Load,2026-06-11T07:22:11Z
2026-06-11T07:20:53Z,2026-06-11T09:20:53+0200,f3b72819-8f0f-4c0e-a936-e9ce989df431,2026-05-24T09:45:00Z,2026-05-24T11:45:00+0200,41758.62908,MW,DE,DE_LU,actual_load,Actual Load,2026-06-11T07:22:11Z
2026-06-11T07:20:53Z,2026-06-11T09:20:53+0200,f3b72819-8f0f-4c0e-a936-e9ce989df431,2026-05-24T10:00:00Z,2026-05-24T12:00:00+0200,41897.02994,MW,DE,DE_LU,actual_load,Actual Load,2026-06-11T07:22:11Z
2026-06-11T07:20:53Z,2026-06-11T09:20:53+0200,f3b72819-8f0f-4c0e-a936-e9ce989df431,2026-05-24T10:15:00Z,2026-05-24T12:15:00+0200,42005.29115,MW,DE,DE_LU,actual_load,Actual Load,2026-06-11T07:22:11Z
2026-06-11T07:20:53Z,2026-06-11T09:20:53+0200,f3b72819-8f0f-4c0e-a936-e9ce989df431,2026-05-24T10:30:00Z,2026-05-24T12:30:00+0200,41425.72777,MW,DE,DE_LU,actual_load,Actual Load,2026-06-11T07:22:11Z
2026-06-11T07:20:53Z,2026-06-11T09:20:53+0200,f3b72819-8f0f-4c0e-a936-e9ce989df431,2026-05-24T10:45:00Z,2026-05-24T12:45:00+0200,40916.08492,MW,DE,DE_LU,actual_load,Actual Load,2026-06-11T07:22:11Z
2026-06-11T07:20:53Z,2026-06-11T09:20:53+0200,f3b72819-8f0f-4c0e-a936-e9ce989df431,2026-05-24T11:00:00Z,2026-05-24T13:00:00+0200,40828.84932,MW,DE,DE_LU,actual_load,Actual Load,2026-06-11T07:22:11Z
2026-06-11T07:20:53Z,2026-06-11T09:20:53+0200,f3b72819-8f0f-4c0e-a936-e9ce989df431,2026-05-24T11:15:00Z,2026-05-24T13:15:00+0200,40864.74735,MW,DE,DE_LU,actual_load,Actual Load,2026-06-11T07:22:11Z
2026-06-11T07:20:53Z,2026-06-11T09:20:53+0200,f3b72819-8f0f-4c0e-a936-e9ce989df431,2026-05-24T11:30:00Z,2026-05-24T13:30:00+0200,40262.74121,MW,DE,DE_LU,actual_load,Actual Load,2026-06-11T07:22:11Z
2026-06-11T07:20:53Z,2026-06-11T09:20:53+0200,f3b72819-8f0f-4c0e-a936-e9ce989df431,2026-05-24T11:45:00Z,2026-05-24T13:45:00+0200,39865.46452,MW,DE,DE_LU,actual_load,Actual Load,2026-06-11T07:22:11Z
2026-06-11T07:20:53Z,2026-06-11T09:20:53+0200,f3b72819-8f0f-4c0e-a936-e9ce989df431,2026-05-24T12:00:00Z,2026-05-24T14:00:00+0200,39070.16334,MW,DE,DE_LU,actual_load,Actual Load,2026-06-11T07:22:11Z
2026-06-11T07:20:53Z,2026-06-11T09:20:53+0200,f3b72819-8f0f-4c0e-a936-e9ce989df431,2026-05-24T12:15:00Z,2026-05-24T14:15:00+0200,38789.43328,MW,DE,DE_LU,actual_load,Actual Load,2026-06-11T07:22:11Z
2026-06-11T07:20:53Z,2026-06-11T09:20:53+0200,f3b72819-8f0f-4c0e-a936-e9ce989df431,2026-05-24T12:30:00Z,2026-05-24T14:30:00+0200,38360.40536,MW,DE,DE_LU,actual_load,Actual Load,2026-06-11T07:22:11Z
2026-06-11T07:20:53Z,2026-06-11T09:20:53+0200,f3b72819-8f0f-4c0e-a936-e9ce989df431,2026-05-24T12:45:00Z,2026-05-24T14:45:00+0200,37452.09295,MW,DE,DE_LU,actual_load,Actual Load,2026-06-11T07:22:11Z
2026-06-11T07:20:53Z,2026-06-11T09:20:53+0200,f3b72819-8f0f-4c0e-a936-e9ce989df431,2026-05-24T13:00:00Z,2026-05-24T15:00:00+0200,37692.97871,MW,DE,DE_LU,actual_load,Actual Load,2026-06-11T07:22:11Z
2026-06-11T07:20:53Z,2026-06-11T09:20:53+0200,f3b72819-8f0f-4c0e-a936-e9ce989df431,2026-05-24T13:15:00Z,2026-05-24T15:15:00+0200,37387.9644,MW,DE,DE_LU,actual_load,Actual Load,2026-06-11T07:22:11Z
2026-06-11T07:20:53Z,2026-06-11T09:20:53+0200,f3b72819-8f0f-4c0e-a936-e9ce989df431,2026-05-24T13:30:00Z,2026-05-24T15:30:00+0200,36997.47502,MW,DE,DE_LU,actual_load,Actual Load,2026-06-11T07:22:11Z
2026-06-11T07:20:53Z,2026-06-11T09:20:53+0200,f3b72819-8f0f-4c0e-a936-e9ce989df431,2026-05-24T13:45:00Z,2026-05-24T15:45:00+0200,37163.34012,MW,DE,DE_LU,actual_load,Actual Load,2026-06-11T07:22:11Z
2026-06-11T07:20:53Z,2026-06-11T09:20:53+0200,f3b72819-8f0f-4c0e-a936-e9ce989df431,2026-05-24T14:00:00Z,2026-05-24T16:00:00+0200,38066.24946,MW,DE,DE_LU,actual_load,Actual Load,2026-06-11T07:22:11Z
2026-06-11T07:20:53Z,2026-06-11T09:20:53+0200,f3b72819-8f0f-4c0e-a936-e9ce989df431,2026-05-24T14:15:00Z,2026-05-24T16:15:00+0200,38254.56006,MW,DE,DE_LU,actual_load,Actual Load,2026-06-11T07:22:11Z
2026-06-11T07:20:53Z,2026-06-11T09:20:53+0200,f3b72819-8f0f-4c0e-a936-e9ce989df431,2026-05-24T14:30:00Z,2026-05-24T16:30:00+0200,37787.10392,MW,DE,DE_LU,actual_load,Actual Load,2026-06-11T07:22:11Z
2026-06-11T07:20:53Z,2026-06-11T09:20:53+0200,f3b72819-8f0f-4c0e-a936-e9ce989df431,2026-05-24T14:45:00Z,2026-05-24T16:45:00+0200,37297.6471,MW,DE,DE_LU,actual_load,Actual Load,2026-06-11T07:22:11Z
2026-06-11T07:20:53Z,2026-06-11T09:20:53+0200,f3b72819-8f0f-4c0e-a936-e9ce989df431,2026-05-24T15:00:00Z,2026-05-24T17:00:00+0200,38450.50199,MW,DE,DE_LU,actual_load,Actual Load,2026-06-11T07:22:11Z
2026-06-11T07:20:53Z,2026-06-11T09:20:53+0200,f3b72819-8f0f-4c0e-a936-e9ce989df431,2026-05-24T15:15:00Z,2026-05-24T17:15:00+0200,38736.42563,MW,DE,DE_LU,actual_load,Actual Load,2026-06-11T07:22:11Z
2026-06-11T07:20:53Z,2026-06-11T09:20:53+0200,f3b72819-8f0f-4c0e-a936-e9ce989df431,2026-05-24T15:30:00Z,2026-05-24T17:30:00+0200,39622.37762,MW,DE,DE_LU,actual_load,Actual Load,2026-06-11T07:22:11Z
2026-06-11T07:20:53Z,2026-06-11T09:20:53+0200,f3b72819-8f0f-4c0e-a936-e9ce989df431,2026-05-24T15:45:00Z,2026-05-24T17:45:00+0200,40391.06391,MW,DE,DE_LU,actual_load,Actual Load,2026-06-11T07:22:11Z
2026-06-11T07:20:53Z,2026-06-11T09:20:53+0200,f3b72819-8f0f-4c0e-a936-e9ce989df431,2026-05-24T16:00:00Z,2026-05-24T18:00:00+0200,41322.96199,MW,DE,DE_LU,actual_load,Actual Load,2026-06-11T07:22:11Z
2026-06-11T07:20:53Z,2026-06-11T09:20:53+0200,f3b72819-8f0f-4c0e-a936-e9ce989df431,2026-05-24T16:15:00Z,2026-05-24T18:15:00+0200,41921.25854,MW,DE,DE_LU,actual_load,Actual Load,2026-06-11T07:22:11Z
2026-06-11T07:20:53Z,2026-06-11T09:20:53+0200,f3b72819-8f0f-4c0e-a936-e9ce989df431,2026-05-24T16:30:00Z,2026-05-24T18:30:00+0200,42463.67561,MW,DE,DE_LU,actual_load,Actual Load,2026-06-11T07:22:11Z
2026-06-11T07:20:53Z,2026-06-11T09:20:53+0200,f3b72819-8f0f-4c0e-a936-e9ce989df431,2026-05-24T16:45:00Z,2026-05-24T18:45:00+0200,43881.45095,MW,DE,DE_LU,actual_load,Actual Load,2026-06-11T07:22:11Z
2026-06-11T07:20:53Z,2026-06-11T09:20:53+0200,f3b72819-8f0f-4c0e-a936-e9ce989df431,2026-05-24T17:00:00Z,2026-05-24T19:00:00+0200,44503.92618,MW,DE,DE_LU,actual_load,Actual Load,2026-06-11T07:22:11Z
2026-06-11T07:20:53Z,2026-06-11T09:20:53+0200,f3b72819-8f0f-4c0e-a936-e9ce989df431,2026-05-24T17:15:00Z,2026-05-24T19:15:00+0200,45272.36804,MW,DE,DE_LU,actual_load,Actual Load,2026-06-11T07:22:11Z
2026-06-11T07:20:53Z,2026-06-11T09:20:53+0200,f3b72819-8f0f-4c0e-a936-e9ce989df431,2026-05-24T17:30:00Z,2026-05-24T19:30:00+0200,45822.49331,MW,DE,DE_LU,actual_load,Actual Load,2026-06-11T07:22:11Z
2026-06-11T07:20:53Z,2026-06-11T09:20:53+0200,f3b72819-8f0f-4c0e-a936-e9ce989df431,2026-05-24T17:45:00Z,2026-05-24T19:45:00+0200,45452.81247,MW,DE,DE_LU,actual_load,Actual Load,2026-06-11T07:22:11Z
2026-06-11T07:20:53Z,2026-06-11T09:20:53+0200,f3b72819-8f0f-4c0e-a936-e9ce989df431,2026-05-24T18:00:00Z,2026-05-24T20:00:00+0200,46159.82914,MW,DE,DE_LU,actual_load,Actual Load,2026-06-11T07:22:11Z
2026-06-11T07:20:53Z,2026-06-11T09:20:53+0200,f3b72819-8f0f-4c0e-a936-e9ce989df431,2026-05-24T18:15:00Z,2026-05-24T20:15:00+0200,45925.96167,MW,DE,DE_LU,actual_load,Actual Load,2026-06-11T07:22:11Z
2026-06-11T07:20:53Z,2026-06-11T09:20:53+0200,f3b72819-8f0f-4c0e-a936-e9ce989df431,2026-05-24T18:30:00Z,2026-05-24T20:30:00+0200,45318.36557,MW,DE,DE_LU,actual_load,Actual Load,2026-06-11T07:22:11Z
2026-06-11T07:20:53Z,2026-06-11T09:20:53+0200,f3b72819-8f0f-4c0e-a936-e9ce989df431,2026-05-24T18:45:00Z,2026-05-24T20:45:00+0200,44655.56882,MW,DE,DE_LU,actual_load,Actual Load,2026-06-11T07:22:11Z
2026-06-11T07:20:53Z,2026-06-11T09:20:53+0200,f3b72819-8f0f-4c0e-a936-e9ce989df431,2026-05-24T19:00:00Z,2026-05-24T21:00:00+0200,45028.74746,MW,DE,DE_LU,actual_load,Actual Load,2026-06-11T07:22:11Z
2026-06-11T07:20:53Z,2026-06-11T09:20:53+0200,f3b72819-8f0f-4c0e-a936-e9ce989df431,2026-05-24T19:15:00Z,2026-05-24T21:15:00+0200,45148.38669,MW,DE,DE_LU,actual_load,Actual Load,2026-06-11T07:22:11Z
2026-06-11T07:20:53Z,2026-06-11T09:20:53+0200,f3b72819-8f0f-4c0e-a936-e9ce989df431,2026-05-24T19:30:00Z,2026-05-24T21:30:00+0200,45581.66028,MW,DE,DE_LU,actual_load,Actual Load,2026-06-11T07:22:11Z
2026-06-11T07:20:53Z,2026-06-11T09:20:53+0200,f3b72819-8f0f-4c0e-a936-e9ce989df431,2026-05-24T19:45:00Z,2026-05-24T21:45:00+0200,45495.24443,MW,DE,DE_LU,actual_load,Actual Load,2026-06-11T07:22:11Z
2026-06-11T07:20:53Z,2026-06-11T09:20:53+0200,f3b72819-8f0f-4c0e-a936-e9ce989df431,2026-05-24T20:00:00Z,2026-05-24T22:00:00+0200,44913.37034,MW,DE,DE_LU,actual_load,Actual Load,2026-06-11T07:22:11Z
2026-06-11T07:20:53Z,2026-06-11T09:20:53+0200,f3b72819-8f0f-4c0e-a936-e9ce989df431,2026-05-24T20:15:00Z,2026-05-24T22:15:00+0200,44693.41686,MW,DE,DE_LU,actual_load,Actual Load,2026-06-11T07:22:11Z
2026-06-11T07:20:53Z,2026-06-11T09:20:53+0200,f3b72819-8f0f-4c0e-a936-e9ce989df431,2026-05-24T20:30:00Z,2026-05-24T22:30:00+0200,44113.97818,MW,DE,DE_LU,actual_load,Actual Load,2026-06-11T07:22:11Z
2026-06-11T07:20:53Z,2026-06-11T09:20:53+0200,f3b72819-8f0f-4c0e-a936-e9ce989df431,2026-05-24T20:45:00Z,2026-05-24T22:45:00+0200,43711.24094,MW,DE,DE_LU,actual_load,Actual Load,2026-06-11T07:22:11Z
2026-06-11T07:20:53Z,2026-06-11T09:20:53+0200,f3b72819-8f0f-4c0e-a936-e9ce989df431,2026-05-24T21:00:00Z,2026-05-24T23:00:00+0200,42859.9608,MW,DE,DE_LU,actual_load,Actual Load,2026-06-11T07:22:11Z
2026-06-11T07:20:53Z,2026-06-11T09:20:53+0200,f3b72819-8f0f-4c0e-a936-e9ce989df431,2026-05-24T21:15:00Z,2026-05-24T23:15:00+0200,42469.16171,MW,DE,DE_LU,actual_load,Actual Load,2026-06-11T07:22:11Z
2026-06-11T07:20:53Z,2026-06-11T09:20:53+0200,f3b72819-8f0f-4c0e-a936-e9ce989df431,2026-05-24T21:30:00Z,2026-05-24T23:30:00+0200,41802.32616,MW,DE,DE_LU,actual_load,Actual Load,2026-06-11T07:22:11Z
2026-06-11T07:20:53Z,2026-06-11T09:20:53+0200,f3b72819-8f0f-4c0e-a936-e9ce989df431,2026-05-24T21:45:00Z,2026-05-24T23:45:00+0200,41175.7214,MW,DE,DE_LU,actual_load,Actual Load,2026-06-11T07:22:11Z
2026-06-11T07:20:53Z,2026-06-11T09:20:53+0200,f3b72819-8f0f-4c0e-a936-e9ce989df431,2026-05-24T22:00:00Z,2026-05-25T00:00:00+0200,40432.31676,MW,DE,DE_LU,actual_load,Actual Load,2026-06-11T07:22:11Z
2026-06-11T07:20:53Z,2026-06-11T09:20:53+0200,f3b72819-8f0f-4c0e-a936-e9ce989df431,2026-05-24T22:15:00Z,2026-05-25T00:15:00+0200,39780.13767,MW,DE,DE_LU,actual_load,Actual Load,2026-06-11T07:22:11Z
2026-06-11T07:20:53Z,2026-06-11T09:20:53+0200,f3b72819-8f0f-4c0e-a936-e9ce989df431,2026-05-24T22:30:00Z,2026-05-25T00:30:00+0200,39506.89738,MW,DE,DE_LU,actual_load,Actual Load,2026-06-11T07:22:11Z
2026-06-11T07:20:53Z,2026-06-11T09:20:53+0200,f3b72819-8f0f-4c0e-a936-e9ce989df431,2026-05-24T22:45:00Z,2026-05-25T00:45:00+0200,39186.47275,MW,DE,DE_LU,actual_load,Actual Load,2026-06-11T07:22:11Z
2026-06-11T07:20:53Z,2026-06-11T09:20:53+0200,f3b72819-8f0f-4c0e-a936-e9ce989df431,2026-05-24T23:00:00Z,2026-05-25T01:00:00+0200,38497.84695,MW,DE,DE_LU,actual_load,Actual Load,2026-06-11T07:22:11Z
2026-06-11T07:20:53Z,2026-06-11T09:20:53+0200,f3b72819-8f0f-4c0e-a936-e9ce989df431,2026-05-24T23:15:00Z,2026-05-25T01:15:00+0200,38097.08924,MW,DE,DE_LU,actual_load,Actual Load,2026-06-11T07:22:11Z
2026-06-11T07:20:53Z,2026-06-11T09:20:53+0200,f3b72819-8f0f-4c0e-a936-e9ce989df431,2026-05-24T23:30:00Z,2026-05-25T01:30:00+0200,37721.04944,MW,DE,DE_LU,actual_load,Actual Load,2026-06-11T07:22:11Z
2026-06-11T07:20:53Z,2026-06-11T09:20:53+0200,f3b72819-8f0f-4c0e-a936-e9ce989df431,2026-05-24T23:45:00Z,2026-05-25T01:45:00+0200,37624.61659,MW,DE,DE_LU,actual_load,Actual Load,2026-06-11T07:22:11Z
2026-06-11T07:20:53Z,2026-06-11T09:20:53+0200,f3b72819-8f0f-4c0e-a936-e9ce989df431,2026-05-25T00:00:00Z,2026-05-25T02:00:00+0200,37399.71164,MW,DE,DE_LU,actual_load,Actual Load,2026-06-11T07:22:11Z
2026-06-11T07:20:53Z,2026-06-11T09:20:53+0200,f3b72819-8f0f-4c0e-a936-e9ce989df431,2026-05-25T00:15:00Z,2026-05-25T02:15:00+0200,37306.08165,MW,DE,DE_LU,actual_load,Actual Load,2026-06-11T07:22:11Z
2026-06-11T07:20:53Z,2026-06-11T09:20:53+0200,f3b72819-8f0f-4c0e-a936-e9ce989df431,2026-05-25T00:30:00Z,2026-05-25T02:30:00+0200,36985.84968,MW,DE,DE_LU,actual_load,Actual Load,2026-06-11T07:22:11Z
2026-06-11T07:20:53Z,2026-06-11T09:20:53+0200,f3b72819-8f0f-4c0e-a936-e9ce989df431,2026-05-25T00:45:00Z,2026-05-25T02:45:00+0200,36839.90262,MW,DE,DE_LU,actual_load,Actual Load,2026-06-11T07:22:11Z
2026-06-11T07:20:53Z,2026-06-11T09:20:53+0200,f3b72819-8f0f-4c0e-a936-e9ce989df431,2026-05-25T01:00:00Z,2026-05-25T03:00:00+0200,36587.38385,MW,DE,DE_LU,actual_load,Actual Load,2026-06-11T07:22:11Z
2026-06-11T07:20:53Z,2026-06-11T09:20:53+0200,f3b72819-8f0f-4c0e-a936-e9ce989df431,2026-05-25T01:15:00Z,2026-05-25T03:15:00+0200,36462.78665,MW,DE,DE_LU,actual_load,Actual Load,2026-06-11T07:22:11Z
2026-06-11T07:20:53Z,2026-06-11T09:20:53+0200,f3b72819-8f0f-4c0e-a936-e9ce989df431,2026-05-25T01:30:00Z,2026-05-25T03:30:00+0200,36830.49209,MW,DE,DE_LU,actual_load,Actual Load,2026-06-11T07:22:11Z
2026-06-11T07:20:53Z,2026-06-11T09:20:53+0200,f3b72819-8f0f-4c0e-a936-e9ce989df431,2026-05-25T01:45:00Z,2026-05-25T03:45:00+0200,36815.81819,MW,DE,DE_LU,actual_load,Actual Load,2026-06-11T07:22:11Z
2026-06-11T07:20:53Z,2026-06-11T09:20:53+0200,f3b72819-8f0f-4c0e-a936-e9ce989df431,2026-05-25T02:00:00Z,2026-05-25T04:00:00+0200,36497.47936,MW,DE,DE_LU,actual_load,Actual Load,2026-06-11T07:22:11Z
2026-06-11T07:20:53Z,2026-06-11T09:20:53+0200,f3b72819-8f0f-4c0e-a936-e9ce989df431,2026-05-25T02:15:00Z,2026-05-25T04:15:00+0200,36869.7506,MW,DE,DE_LU,actual_load,Actual Load,2026-06-11T07:22:11Z
2026-06-11T07:20:53Z,2026-06-11T09:20:53+0200,f3b72819-8f0f-4c0e-a936-e9ce989df431,2026-05-25T02:30:00Z,2026-05-25T04:30:00+0200,37198.95584,MW,DE,DE_LU,actual_load,Actual Load,2026-06-11T07:22:11Z
2026-06-11T07:20:53Z,2026-06-11T09:20:53+0200,f3b72819-8f0f-4c0e-a936-e9ce989df431,2026-05-25T02:45:00Z,2026-05-25T04:45:00+0200,36915.32831,MW,DE,DE_LU,actual_load,Actual Load,2026-06-11T07:22:11Z
2026-06-11T07:20:53Z,2026-06-11T09:20:53+0200,f3b72819-8f0f-4c0e-a936-e9ce989df431,2026-05-25T03:00:00Z,2026-05-25T05:00:00+0200,37242.64519,MW,DE,DE_LU,actual_load,Actual Load,2026-06-11T07:22:11Z
2026-06-11T07:20:53Z,2026-06-11T09:20:53+0200,f3b72819-8f0f-4c0e-a936-e9ce989df431,2026-05-25T03:15:00Z,2026-05-25T05:15:00+0200,36945.67641,MW,DE,DE_LU,actual_load,Actual Load,2026-06-11T07:22:11Z
2026-06-11T07:20:53Z,2026-06-11T09:20:53+0200,f3b72819-8f0f-4c0e-a936-e9ce989df431,2026-05-25T03:30:00Z,2026-05-25T05:30:00+0200,36936.65402,MW,DE,DE_LU,actual_load,Actual Load,2026-06-11T07:22:11Z
2026-06-11T07:20:53Z,2026-06-11T09:20:53+0200,f3b72819-8f0f-4c0e-a936-e9ce989df431,2026-05-25T03:45:00Z,2026-05-25T05:45:00+0200,37471.3806,MW,DE,DE_LU,actual_load,Actual Load,2026-06-11T07:22:11Z
2026-06-11T07:20:53Z,2026-06-11T09:20:53+0200,f3b72819-8f0f-4c0e-a936-e9ce989df431,2026-05-25T04:00:00Z,2026-05-25T06:00:00+0200,37463.72024,MW,DE,DE_LU,actual_load,Actual Load,2026-06-11T07:22:11Z
2026-06-11T07:20:53Z,2026-06-11T09:20:53+0200,f3b72819-8f0f-4c0e-a936-e9ce989df431,2026-05-25T04:15:00Z,2026-05-25T06:15:00+0200,37942.27416,MW,DE,DE_LU,actual_load,Actual Load,2026-06-11T07:22:11Z
2026-06-11T07:20:53Z,2026-06-11T09:20:53+0200,f3b72819-8f0f-4c0e-a936-e9ce989df431,2026-05-25T04:30:00Z,2026-05-25T06:30:00+0200,38603.22457,MW,DE,DE_LU,actual_load,Actual Load,2026-06-11T07:22:11Z
2026-06-11T07:20:53Z,2026-06-11T09:20:53+0200,f3b72819-8f0f-4c0e-a936-e9ce989df431,2026-05-25T04:45:00Z,2026-05-25T06:45:00+0200,39006.2344,MW,DE,DE_LU,actual_load,Actual Load,2026-06-11T07:22:11Z
2026-06-11T07:20:53Z,2026-06-11T09:20:53+0200,f3b72819-8f0f-4c0e-a936-e9ce989df431,2026-05-25T05:00:00Z,2026-05-25T07:00:00+0200,38616.75864,MW,DE,DE_LU,actual_load,Actual Load,2026-06-11T07:22:11Z
2026-06-11T07:20:53Z,2026-06-11T09:20:53+0200,f3b72819-8f0f-4c0e-a936-e9ce989df431,2026-05-25T05:15:00Z,2026-05-25T07:15:00+0200,38923.37496,MW,DE,DE_LU,actual_load,Actual Load,2026-06-11T07:22:11Z
2026-06-11T07:20:53Z,2026-06-11T09:20:53+0200,f3b72819-8f0f-4c0e-a936-e9ce989df431,2026-05-25T05:30:00Z,2026-05-25T07:30:00+0200,39499.54583,MW,DE,DE_LU,actual_load,Actual Load,2026-06-11T07:22:11Z
2026-06-11T07:20:53Z,2026-06-11T09:20:53+0200,f3b72819-8f0f-4c0e-a936-e9ce989df431,2026-05-25T05:45:00Z,2026-05-25T07:45:00+0200,39729.12624,MW,DE,DE_LU,actual_load,Actual Load,2026-06-11T07:22:11Z
2026-06-11T07:20:53Z,2026-06-11T09:20:53+0200,f3b72819-8f0f-4c0e-a936-e9ce989df431,2026-05-25T06:00:00Z,2026-05-25T08:00:00+0200,39469.51669,MW,DE,DE_LU,actual_load,Actual Load,2026-06-11T07:22:11Z
2026-06-11T07:20:53Z,2026-06-11T09:20:53+0200,f3b72819-8f0f-4c0e-a936-e9ce989df431,2026-05-25T06:15:00Z,2026-05-25T08:15:00+0200,39972.60132,MW,DE,DE_LU,actual_load,Actual Load,2026-06-11T07:22:11Z
2026-06-11T07:20:53Z,2026-06-11T09:20:53+0200,f3b72819-8f0f-4c0e-a936-e9ce989df431,2026-05-25T06:30:00Z,2026-05-25T08:30:00+0200,40326.18645,MW,DE,DE_LU,actual_load,Actual Load,2026-06-11T07:22:11Z
2026-06-11T07:20:53Z,2026-06-11T09:20:53+0200,f3b72819-8f0f-4c0e-a936-e9ce989df431,2026-05-25T06:45:00Z,2026-05-25T08:45:00+0200,40779.59436,MW,DE,DE_LU,actual_load,Actual Load,2026-06-11T07:22:11Z
2026-06-11T07:20:53Z,2026-06-11T09:20:53+0200,f3b72819-8f0f-4c0e-a936-e9ce989df431,2026-05-25T07:00:00Z,2026-05-25T09:00:00+0200,40546.52219,MW,DE,DE_LU,actual_load,Actual Load,2026-06-11T07:22:11Z
2026-06-11T07:20:53Z,2026-06-11T09:20:53+0200,f3b72819-8f0f-4c0e-a936-e9ce989df431,2026-05-25T07:15:00Z,2026-05-25T09:15:00+0200,40756.20519,MW,DE,DE_LU,actual_load,Actual Load,2026-06-11T07:22:11Z
2026-06-11T07:20:53Z,2026-06-11T09:20:53+0200,f3b72819-8f0f-4c0e-a936-e9ce989df431,2026-05-25T07:30:00Z,2026-05-25T09:30:00+0200,41293.82065,MW,DE,DE_LU,actual_load,Actual Load,2026-06-11T07:22:11Z
2026-06-11T07:20:53Z,2026-06-11T09:20:53+0200,f3b72819-8f0f-4c0e-a936-e9ce989df431,2026-05-25T07:45:00Z,2026-05-25T09:45:00+0200,41067.8918,MW,DE,DE_LU,actual_load,Actual Load,2026-06-11T07:22:11Z
2026-06-11T07:20:53Z,2026-06-11T09:20:53+0200,f3b72819-8f0f-4c0e-a936-e9ce989df431,2026-05-25T08:00:00Z,2026-05-25T10:00:00+0200,41090.32217,MW,DE,DE_LU,actual_load,Actual Load,2026-06-11T07:22:11Z
2026-06-11T07:20:53Z,2026-06-11T09:20:53+0200,f3b72819-8f0f-4c0e-a936-e9ce989df431,2026-05-25T08:15:00Z,2026-05-25T10:15:00+0200,41220.49231,MW,DE,DE_LU,actual_load,Actual Load,2026-06-11T07:22:11Z
2026-06-11T07:20:53Z,2026-06-11T09:20:53+0200,f3b72819-8f0f-4c0e-a936-e9ce989df431,2026-05-25T08:30:00Z,2026-05-25T10:30:00+0200,41129.90256,MW,DE,DE_LU,actual_load,Actual Load,2026-06-11T07:22:11Z
2026-06-11T07:20:53Z,2026-06-11T09:20:53+0200,f3b72819-8f0f-4c0e-a936-e9ce989df431,2026-05-25T08:45:00Z,2026-05-25T10:45:00+0200,41421.29424,MW,DE,DE_LU,actual_load,Actual Load,2026-06-11T07:22:11Z
2026-06-11T07:20:53Z,2026-06-11T09:20:53+0200,f3b72819-8f0f-4c0e-a936-e9ce989df431,2026-05-25T09:00:00Z,2026-05-25T11:00:00+0200,41527.92305,MW,DE,DE_LU,actual_load,Actual Load,2026-06-11T07:22:11Z
2026-06-11T07:20:53Z,2026-06-11T09:20:53+0200,f3b72819-8f0f-4c0e-a936-e9ce989df431,2026-05-25T09:15:00Z,2026-05-25T11:15:00+0200,41704.39722,MW,DE,DE_LU,actual_load,Actual Load,2026-06-11T07:22:11Z
2026-06-11T07:20:53Z,2026-06-11T09:20:53+0200,f3b72819-8f0f-4c0e-a936-e9ce989df431,2026-05-25T09:30:00Z,2026-05-25T11:30:00+0200,41835.64802,MW,DE,DE_LU,actual_load,Actual Load,2026-06-11T07:22:11Z
2026-06-11T07:20:53Z,2026-06-11T09:20:53+0200,f3b72819-8f0f-4c0e-a936-e9ce989df431,2026-05-25T09:45:00Z,2026-05-25T11:45:00+0200,41962.65687,MW,DE,DE_LU,actual_load,Actual Load,2026-06-11T07:22:11Z
2026-06-11T07:20:53Z,2026-06-11T09:20:53+0200,f3b72819-8f0f-4c0e-a936-e9ce989df431,2026-05-25T10:00:00Z,2026-05-25T12:00:00+0200,41635.68668,MW,DE,DE_LU,actual_load,Actual Load,2026-06-11T07:22:11Z
2026-06-11T07:20:53Z,2026-06-11T09:20:53+0200,f3b72819-8f0f-4c0e-a936-e9ce989df431,2026-05-25T10:15:00Z,2026-05-25T12:15:00+0200,41201.63902,MW,DE,DE_LU,actual_load,Actual Load,2026-06-11T07:22:11Z
2026-06-11T07:20:53Z,2026-06-11T09:20:53+0200,f3b72819-8f0f-4c0e-a936-e9ce989df431,2026-05-25T10:30:00Z,2026-05-25T12:30:00+0200,41326.58888,MW,DE,DE_LU,actual_load,Actual Load,2026-06-11T07:22:11Z
2026-06-11T07:20:53Z,2026-06-11T09:20:53+0200,f3b72819-8f0f-4c0e-a936-e9ce989df431,2026-05-25T10:45:00Z,2026-05-25T12:45:00+0200,41509.7223,MW,DE,DE_LU,actual_load,Actual Load,2026-06-11T07:22:11Z
2026-06-11T07:20:53Z,2026-06-11T09:20:53+0200,f3b72819-8f0f-4c0e-a936-e9ce989df431,2026-05-25T11:00:00Z,2026-05-25T13:00:00+0200,40675.33533,MW,DE,DE_LU,actual_load,Actual Load,2026-06-11T07:22:11Z
2026-06-11T07:20:53Z,2026-06-11T09:20:53+0200,f3b72819-8f0f-4c0e-a936-e9ce989df431,2026-05-25T11:15:00Z,2026-05-25T13:15:00+0200,40309.75783,MW,DE,DE_LU,actual_load,Actual Load,2026-06-11T07:22:11Z
2026-06-11T07:20:53Z,2026-06-11T09:20:53+0200,f3b72819-8f0f-4c0e-a936-e9ce989df431,2026-05-25T11:30:00Z,2026-05-25T13:30:00+0200,39724.32121,MW,DE,DE_LU,actual_load,Actual Load,2026-06-11T07:22:11Z
2026-06-11T07:20:53Z,2026-06-11T09:20:53+0200,f3b72819-8f0f-4c0e-a936-e9ce989df431,2026-05-25T11:45:00Z,2026-05-25T13:45:00+0200,40008.68471,MW,DE,DE_LU,actual_load,Actual Load,2026-06-11T07:22:11Z
2026-06-11T07:20:53Z,2026-06-11T09:20:53+0200,f3b72819-8f0f-4c0e-a936-e9ce989df431,2026-05-25T12:00:00Z,2026-05-25T14:00:00+0200,40251.62534,MW,DE,DE_LU,actual_load,Actual Load,2026-06-11T07:22:11Z
2026-06-11T07:20:53Z,2026-06-11T09:20:53+0200,f3b72819-8f0f-4c0e-a936-e9ce989df431,2026-05-25T12:15:00Z,2026-05-25T14:15:00+0200,39607.12471,MW,DE,DE_LU,actual_load,Actual Load,2026-06-11T07:22:11Z
2026-06-11T07:20:53Z,2026-06-11T09:20:53+0200,f3b72819-8f0f-4c0e-a936-e9ce989df431,2026-05-25T12:30:00Z,2026-05-25T14:30:00+0200,39385.06349,MW,DE,DE_LU,actual_load,Actual Load,2026-06-11T07:22:11Z
2026-06-11T07:20:53Z,2026-06-11T09:20:53+0200,f3b72819-8f0f-4c0e-a936-e9ce989df431,2026-05-25T12:45:00Z,2026-05-25T14:45:00+0200,39232.5732,MW,DE,DE_LU,actual_load,Actual Load,2026-06-11T07:22:11Z
2026-06-11T07:20:53Z,2026-06-11T09:20:53+0200,f3b72819-8f0f-4c0e-a936-e9ce989df431,2026-05-25T13:00:00Z,2026-05-25T15:00:00+0200,38695.63241,MW,DE,DE_LU,actual_load,Actual Load,2026-06-11T07:22:11Z
2026-06-11T07:20:53Z,2026-06-11T09:20:53+0200,f3b72819-8f0f-4c0e-a936-e9ce989df431,2026-05-25T13:15:00Z,2026-05-25T15:15:00+0200,38494.40077,MW,DE,DE_LU,actual_load,Actual Load,2026-06-11T07:22:11Z
2026-06-11T07:20:53Z,2026-06-11T09:20:53+0200,f3b72819-8f0f-4c0e-a936-e9ce989df431,2026-05-25T13:30:00Z,2026-05-25T15:30:00+0200,38071.89294,MW,DE,DE_LU,actual_load,Actual Load,2026-06-11T07:22:11Z
2026-06-11T07:20:53Z,2026-06-11T09:20:53+0200,f3b72819-8f0f-4c0e-a936-e9ce989df431,2026-05-25T13:45:00Z,2026-05-25T15:45:00+0200,38138.01761,MW,DE,DE_LU,actual_load,Actual Load,2026-06-11T07:22:11Z
2026-06-11T07:20:53Z,2026-06-11T09:20:53+0200,f3b72819-8f0f-4c0e-a936-e9ce989df431,2026-05-25T14:00:00Z,2026-05-25T16:00:00+0200,39359.39354,MW,DE,DE_LU,actual_load,Actual Load,2026-06-11T07:22:11Z
2026-06-11T07:20:53Z,2026-06-11T09:20:53+0200,f3b72819-8f0f-4c0e-a936-e9ce989df431,2026-05-25T14:15:00Z,2026-05-25T16:15:00+0200,38982.1603,MW,DE,DE_LU,actual_load,Actual Load,2026-06-11T07:22:11Z
2026-06-11T07:20:53Z,2026-06-11T09:20:53+0200,f3b72819-8f0f-4c0e-a936-e9ce989df431,2026-05-25T14:30:00Z,2026-05-25T16:30:00+0200,39436.22373,MW,DE,DE_LU,actual_load,Actual Load,2026-06-11T07:22:11Z
2026-06-11T07:20:53Z,2026-06-11T09:20:53+0200,f3b72819-8f0f-4c0e-a936-e9ce989df431,2026-05-25T14:45:00Z,2026-05-25T16:45:00+0200,39089.67432,MW,DE,DE_LU,actual_load,Actual Load,2026-06-11T07:22:11Z
2026-06-11T07:20:53Z,2026-06-11T09:20:53+0200,f3b72819-8f0f-4c0e-a936-e9ce989df431,2026-05-25T15:00:00Z,2026-05-25T17:00:00+0200,39882.68593,MW,DE,DE_LU,actual_load,Actual Load,2026-06-11T07:22:11Z
2026-06-11T07:20:53Z,2026-06-11T09:20:53+0200,f3b72819-8f0f-4c0e-a936-e9ce989df431,2026-05-25T15:15:00Z,2026-05-25T17:15:00+0200,40130.90898,MW,DE,DE_LU,actual_load,Actual Load,2026-06-11T07:22:11Z
2026-06-11T07:20:53Z,2026-06-11T09:20:53+0200,f3b72819-8f0f-4c0e-a936-e9ce989df431,2026-05-25T15:30:00Z,2026-05-25T17:30:00+0200,41471.84845,MW,DE,DE_LU,actual_load,Actual Load,2026-06-11T07:22:11Z
2026-06-11T07:20:53Z,2026-06-11T09:20:53+0200,f3b72819-8f0f-4c0e-a936-e9ce989df431,2026-05-25T15:45:00Z,2026-05-25T17:45:00+0200,42444.20957,MW,DE,DE_LU,actual_load,Actual Load,2026-06-11T07:22:11Z
2026-06-11T07:20:53Z,2026-06-11T09:20:53+0200,f3b72819-8f0f-4c0e-a936-e9ce989df431,2026-05-25T16:00:00Z,2026-05-25T18:00:00+0200,43315.62988,MW,DE,DE_LU,actual_load,Actual Load,2026-06-11T07:22:11Z
2026-06-11T07:20:53Z,2026-06-11T09:20:53+0200,f3b72819-8f0f-4c0e-a936-e9ce989df431,2026-05-25T16:15:00Z,2026-05-25T18:15:00+0200,43659.23723,MW,DE,DE_LU,actual_load,Actual Load,2026-06-11T07:22:11Z
2026-06-11T07:20:53Z,2026-06-11T09:20:53+0200,f3b72819-8f0f-4c0e-a936-e9ce989df431,2026-05-25T16:30:00Z,2026-05-25T18:30:00+0200,44441.98705,MW,DE,DE_LU,actual_load,Actual Load,2026-06-11T07:22:11Z
2026-06-11T07:20:53Z,2026-06-11T09:20:53+0200,f3b72819-8f0f-4c0e-a936-e9ce989df431,2026-05-25T16:45:00Z,2026-05-25T18:45:00+0200,45162.25871,MW,DE,DE_LU,actual_load,Actual Load,2026-06-11T07:22:11Z
2026-06-11T07:20:53Z,2026-06-11T09:20:53+0200,f3b72819-8f0f-4c0e-a936-e9ce989df431,2026-05-25T17:00:00Z,2026-05-25T19:00:00+0200,46297.39847,MW,DE,DE_LU,actual_load,Actual Load,2026-06-11T07:22:11Z
2026-06-11T07:20:53Z,2026-06-11T09:20:53+0200,f3b72819-8f0f-4c0e-a936-e9ce989df431,2026-05-25T17:15:00Z,2026-05-25T19:15:00+0200,46640.66503,MW,DE,DE_LU,actual_load,Actual Load,2026-06-11T07:22:11Z
2026-06-11T07:20:53Z,2026-06-11T09:20:53+0200,f3b72819-8f0f-4c0e-a936-e9ce989df431,2026-05-25T17:30:00Z,2026-05-25T19:30:00+0200,47183.25488,MW,DE,DE_LU,actual_load,Actual Load,2026-06-11T07:22:11Z
2026-06-11T07:20:53Z,2026-06-11T09:20:53+0200,f3b72819-8f0f-4c0e-a936-e9ce989df431,2026-05-25T17:45:00Z,2026-05-25T19:45:00+0200,46924.75048,MW,DE,DE_LU,actual_load,Actual Load,2026-06-11T07:22:11Z
2026-06-11T07:20:53Z,2026-06-11T09:20:53+0200,f3b72819-8f0f-4c0e-a936-e9ce989df431,2026-05-25T18:00:00Z,2026-05-25T20:00:00+0200,47394.81419,MW,DE,DE_LU,actual_load,Actual Load,2026-06-11T07:22:11Z
2026-06-11T07:20:53Z,2026-06-11T09:20:53+0200,f3b72819-8f0f-4c0e-a936-e9ce989df431,2026-05-25T18:15:00Z,2026-05-25T20:15:00+0200,47036.16035,MW,DE,DE_LU,actual_load,Actual Load,2026-06-11T07:22:11Z
2026-06-11T07:20:53Z,2026-06-11T09:20:53+0200,f3b72819-8f0f-4c0e-a936-e9ce989df431,2026-05-25T18:30:00Z,2026-05-25T20:30:00+0200,46579.62738,MW,DE,DE_LU,actual_load,Actual Load,2026-06-11T07:22:11Z
2026-06-11T07:20:53Z,2026-06-11T09:20:53+0200,f3b72819-8f0f-4c0e-a936-e9ce989df431,2026-05-25T18:45:00Z,2026-05-25T20:45:00+0200,46297.53507,MW,DE,DE_LU,actual_load,Actual Load,2026-06-11T07:22:11Z
2026-06-11T07:20:53Z,2026-06-11T09:20:53+0200,f3b72819-8f0f-4c0e-a936-e9ce989df431,2026-05-25T19:00:00Z,2026-05-25T21:00:00+0200,46287.43344,MW,DE,DE_LU,actual_load,Actual Load,2026-06-11T07:22:11Z
2026-06-11T07:20:53Z,2026-06-11T09:20:53+0200,f3b72819-8f0f-4c0e-a936-e9ce989df431,2026-05-25T19:15:00Z,2026-05-25T21:15:00+0200,46322.54825,MW,DE,DE_LU,actual_load,Actual Load,2026-06-11T07:22:11Z
2026-06-11T07:20:53Z,2026-06-11T09:20:53+0200,f3b72819-8f0f-4c0e-a936-e9ce989df431,2026-05-25T19:30:00Z,2026-05-25T21:30:00+0200,46769.34173,MW,DE,DE_LU,actual_load,Actual Load,2026-06-11T07:22:11Z
2026-06-11T07:20:53Z,2026-06-11T09:20:53+0200,f3b72819-8f0f-4c0e-a936-e9ce989df431,2026-05-25T19:45:00Z,2026-05-25T21:45:00+0200,46633.84569,MW,DE,DE_LU,actual_load,Actual Load,2026-06-11T07:22:11Z
2026-06-11T07:20:53Z,2026-06-11T09:20:53+0200,f3b72819-8f0f-4c0e-a936-e9ce989df431,2026-05-25T20:00:00Z,2026-05-25T22:00:00+0200,45990.44588,MW,DE,DE_LU,actual_load,Actual Load,2026-06-11T07:22:11Z
2026-06-11T07:20:53Z,2026-06-11T09:20:53+0200,f3b72819-8f0f-4c0e-a936-e9ce989df431,2026-05-25T20:15:00Z,2026-05-25T22:15:00+0200,46097.42185,MW,DE,DE_LU,actual_load,Actual Load,2026-06-11T07:22:11Z
2026-06-11T07:20:53Z,2026-06-11T09:20:53+0200,f3b72819-8f0f-4c0e-a936-e9ce989df431,2026-05-25T20:30:00Z,2026-05-25T22:30:00+0200,45345.35165,MW,DE,DE_LU,actual_load,Actual Load,2026-06-11T07:22:11Z
2026-06-11T07:20:53Z,2026-06-11T09:20:53+0200,f3b72819-8f0f-4c0e-a936-e9ce989df431,2026-05-25T20:45:00Z,2026-05-25T22:45:00+0200,45034.52823,MW,DE,DE_LU,actual_load,Actual Load,2026-06-11T07:22:11Z
2026-06-11T07:20:53Z,2026-06-11T09:20:53+0200,f3b72819-8f0f-4c0e-a936-e9ce989df431,2026-05-25T21:00:00Z,2026-05-25T23:00:00+0200,44392.44139,MW,DE,DE_LU,actual_load,Actual Load,2026-06-11T07:22:11Z
2026-06-11T07:20:53Z,2026-06-11T09:20:53+0200,f3b72819-8f0f-4c0e-a936-e9ce989df431,2026-05-25T21:15:00Z,2026-05-25T23:15:00+0200,43498.98583,MW,DE,DE_LU,actual_load,Actual Load,2026-06-11T07:22:11Z
2026-06-11T07:20:53Z,2026-06-11T09:20:53+0200,f3b72819-8f0f-4c0e-a936-e9ce989df431,2026-05-25T21:30:00Z,2026-05-25T23:30:00+0200,42945.64676,MW,DE,DE_LU,actual_load,Actual Load,2026-06-11T07:22:11Z
2026-06-11T07:20:53Z,2026-06-11T09:20:53+0200,f3b72819-8f0f-4c0e-a936-e9ce989df431,2026-05-25T21:45:00Z,2026-05-25T23:45:00+0200,42204.98309,MW,DE,DE_LU,actual_load,Actual Load,2026-06-11T07:22:11Z
2026-06-11T07:20:53Z,2026-06-11T09:20:53+0200,f3b72819-8f0f-4c0e-a936-e9ce989df431,2026-05-25T22:00:00Z,2026-05-26T00:00:00+0200,42281.98141,MW,DE,DE_LU,actual_load,Actual Load,2026-06-11T07:22:11Z
2026-06-11T07:20:53Z,2026-06-11T09:20:53+0200,f3b72819-8f0f-4c0e-a936-e9ce989df431,2026-05-25T22:15:00Z,2026-05-26T00:15:00+0200,41888.30047,MW,DE,DE_LU,actual_load,Actual Load,2026-06-11T07:22:11Z
2026-06-11T07:20:53Z,2026-06-11T09:20:53+0200,f3b72819-8f0f-4c0e-a936-e9ce989df431,2026-05-25T22:30:00Z,2026-05-26T00:30:00+0200,41888.21886,MW,DE,DE_LU,actual_load,Actual Load,2026-06-11T07:22:11Z
2026-06-11T07:20:53Z,2026-06-11T09:20:53+0200,f3b72819-8f0f-4c0e-a936-e9ce989df431,2026-05-25T22:45:00Z,2026-05-26T00:45:00+0200,40891.77311,MW,DE,DE_LU,actual_load,Actual Load,2026-06-11T07:22:11Z
2026-06-11T07:20:53Z,2026-06-11T09:20:53+0200,f3b72819-8f0f-4c0e-a936-e9ce989df431,2026-05-25T23:00:00Z,2026-05-26T01:00:00+0200,40270.52722,MW,DE,DE_LU,actual_load,Actual Load,2026-06-11T07:22:11Z
2026-06-11T07:20:53Z,2026-06-11T09:20:53+0200,f3b72819-8f0f-4c0e-a936-e9ce989df431,2026-05-25T23:15:00Z,2026-05-26T01:15:00+0200,40256.60866,MW,DE,DE_LU,actual_load,Actual Load,2026-06-11T07:22:11Z
2026-06-11T07:20:53Z,2026-06-11T09:20:53+0200,f3b72819-8f0f-4c0e-a936-e9ce989df431,2026-05-25T23:30:00Z,2026-05-26T01:30:00+0200,40705.94815,MW,DE,DE_LU,actual_load,Actual Load,2026-06-11T07:22:11Z
2026-06-11T07:20:53Z,2026-06-11T09:20:53+0200,f3b72819-8f0f-4c0e-a936-e9ce989df431,2026-05-25T23:45:00Z,2026-05-26T01:45:00+0200,40348.58169,MW,DE,DE_LU,actual_load,Actual Load,2026-06-11T07:22:11Z
2026-06-11T07:20:53Z,2026-06-11T09:20:53+0200,f3b72819-8f0f-4c0e-a936-e9ce989df431,2026-05-26T00:00:00Z,2026-05-26T02:00:00+0200,39687.31959,MW,DE,DE_LU,actual_load,Actual Load,2026-06-11T07:22:11Z
2026-06-11T07:20:53Z,2026-06-11T09:20:53+0200,f3b72819-8f0f-4c0e-a936-e9ce989df431,2026-05-26T00:15:00Z,2026-05-26T02:15:00+0200,39707.94643,MW,DE,DE_LU,actual_load,Actual Load,2026-06-11T07:22:11Z
2026-06-11T07:20:53Z,2026-06-11T09:20:53+0200,f3b72819-8f0f-4c0e-a936-e9ce989df431,2026-05-26T00:30:00Z,2026-05-26T02:30:00+0200,39573.68639,MW,DE,DE_LU,actual_load,Actual Load,2026-06-11T07:22:11Z
2026-06-11T07:20:53Z,2026-06-11T09:20:53+0200,f3b72819-8f0f-4c0e-a936-e9ce989df431,2026-05-26T00:45:00Z,2026-05-26T02:45:00+0200,39317.11459,MW,DE,DE_LU,actual_load,Actual Load,2026-06-11T07:22:11Z
2026-06-11T07:20:53Z,2026-06-11T09:20:53+0200,f3b72819-8f0f-4c0e-a936-e9ce989df431,2026-05-26T01:00:00Z,2026-05-26T03:00:00+0200,39076.38002,MW,DE,DE_LU,actual_load,Actual Load,2026-06-11T07:22:11Z
2026-06-11T07:20:53Z,2026-06-11T09:20:53+0200,f3b72819-8f0f-4c0e-a936-e9ce989df431,2026-05-26T01:15:00Z,2026-05-26T03:15:00+0200,39261.71423,MW,DE,DE_LU,actual_load,Actual Load,2026-06-11T07:22:11Z
2026-06-11T07:20:53Z,2026-06-11T09:20:53+0200,f3b72819-8f0f-4c0e-a936-e9ce989df431,2026-05-26T01:30:00Z,2026-05-26T03:30:00+0200,39665.38608,MW,DE,DE_LU,actual_load,Actual Load,2026-06-11T07:22:11Z
2026-06-11T07:20:53Z,2026-06-11T09:20:53+0200,f3b72819-8f0f-4c0e-a936-e9ce989df431,2026-05-26T01:45:00Z,2026-05-26T03:45:00+0200,39555.55538,MW,DE,DE_LU,actual_load,Actual Load,2026-06-11T07:22:11Z
2026-06-11T07:20:53Z,2026-06-11T09:20:53+0200,f3b72819-8f0f-4c0e-a936-e9ce989df431,2026-05-26T02:00:00Z,2026-05-26T04:00:00+0200,39490.78864,MW,DE,DE_LU,actual_load,Actual Load,2026-06-11T07:22:11Z
2026-06-11T07:20:53Z,2026-06-11T09:20:53+0200,f3b72819-8f0f-4c0e-a936-e9ce989df431,2026-05-26T02:15:00Z,2026-05-26T04:15:00+0200,39834.03318,MW,DE,DE_LU,actual_load,Actual Load,2026-06-11T07:22:11Z
2026-06-11T07:20:53Z,2026-06-11T09:20:53+0200,f3b72819-8f0f-4c0e-a936-e9ce989df431,2026-05-26T02:30:00Z,2026-05-26T04:30:00+0200,40259.37826,MW,DE,DE_LU,actual_load,Actual Load,2026-06-11T07:22:11Z
2026-06-11T07:20:53Z,2026-06-11T09:20:53+0200,f3b72819-8f0f-4c0e-a936-e9ce989df431,2026-05-26T02:45:00Z,2026-05-26T04:45:00+0200,40662.15147,MW,DE,DE_LU,actual_load,Actual Load,2026-06-11T07:22:11Z
2026-06-11T07:20:53Z,2026-06-11T09:20:53+0200,f3b72819-8f0f-4c0e-a936-e9ce989df431,2026-05-26T03:00:00Z,2026-05-26T05:00:00+0200,41789.55245,MW,DE,DE_LU,actual_load,Actual Load,2026-06-11T07:22:11Z
2026-06-11T07:20:53Z,2026-06-11T09:20:53+0200,f3b72819-8f0f-4c0e-a936-e9ce989df431,2026-05-26T03:15:00Z,2026-05-26T05:15:00+0200,42417.53736,MW,DE,DE_LU,actual_load,Actual Load,2026-06-11T07:22:11Z
2026-06-11T07:20:53Z,2026-06-11T09:20:53+0200,f3b72819-8f0f-4c0e-a936-e9ce989df431,2026-05-26T03:30:00Z,2026-05-26T05:30:00+0200,43677.43585,MW,DE,DE_LU,actual_load,Actual Load,2026-06-11T07:22:11Z
2026-06-11T07:20:53Z,2026-06-11T09:20:53+0200,f3b72819-8f0f-4c0e-a936-e9ce989df431,2026-05-26T03:45:00Z,2026-05-26T05:45:00+0200,42719.69954,MW,DE,DE_LU,actual_load,Actual Load,2026-06-11T07:22:11Z
2026-06-11T07:20:53Z,2026-06-11T09:20:53+0200,f3b72819-8f0f-4c0e-a936-e9ce989df431,2026-05-26T04:00:00Z,2026-05-26T06:00:00+0200,47776.7001,MW,DE,DE_LU,actual_load,Actual Load,2026-06-11T07:22:11Z
2026-06-11T07:20:53Z,2026-06-11T09:20:53+0200,f3b72819-8f0f-4c0e-a936-e9ce989df431,2026-05-26T04:15:00Z,2026-05-26T06:15:00+0200,49280.12798,MW,DE,DE_LU,actual_load,Actual Load,2026-06-11T07:22:11Z
2026-06-11T07:20:53Z,2026-06-11T09:20:53+0200,f3b72819-8f0f-4c0e-a936-e9ce989df431,2026-05-26T04:30:00Z,2026-05-26T06:30:00+0200,51051.04443,MW,DE,DE_LU,actual_load,Actual Load,2026-06-11T07:22:11Z
2026-06-11T07:20:53Z,2026-06-11T09:20:53+0200,f3b72819-8f0f-4c0e-a936-e9ce989df431,2026-05-26T04:45:00Z,2026-05-26T06:45:00+0200,52602.82848,MW,DE,DE_LU,actual_load,Actual Load,2026-06-11T07:22:11Z
2026-06-11T07:20:53Z,2026-06-11T09:20:53+0200,f3b72819-8f0f-4c0e-a936-e9ce989df431,2026-05-26T05:00:00Z,2026-05-26T07:00:00+0200,53380.8747,MW,DE,DE_LU,actual_load,Actual Load,2026-06-11T07:22:11Z
2026-06-11T07:20:53Z,2026-06-11T09:20:53+0200,f3b72819-8f0f-4c0e-a936-e9ce989df431,2026-05-26T05:15:00Z,2026-05-26T07:15:00+0200,54522.79002,MW,DE,DE_LU,actual_load,Actual Load,2026-06-11T07:22:11Z
2026-06-11T07:20:53Z,2026-06-11T09:20:53+0200,f3b72819-8f0f-4c0e-a936-e9ce989df431,2026-05-26T05:30:00Z,2026-05-26T07:30:00+0200,55741.72678,MW,DE,DE_LU,actual_load,Actual Load,2026-06-11T07:22:11Z
2026-06-11T07:20:53Z,2026-06-11T09:20:53+0200,f3b72819-8f0f-4c0e-a936-e9ce989df431,2026-05-26T05:45:00Z,2026-05-26T07:45:00+0200,56507.95763,MW,DE,DE_LU,actual_load,Actual Load,2026-06-11T07:22:11Z
2026-06-11T07:20:53Z,2026-06-11T09:20:53+0200,f3b72819-8f0f-4c0e-a936-e9ce989df431,2026-05-26T06:00:00Z,2026-05-26T08:00:00+0200,56289.57639,MW,DE,DE_LU,actual_load,Actual Load,2026-06-11T07:22:11Z
2026-06-11T07:20:53Z,2026-06-11T09:20:53+0200,f3b72819-8f0f-4c0e-a936-e9ce989df431,2026-05-26T06:15:00Z,2026-05-26T08:15:00+0200,56747.15234,MW,DE,DE_LU,actual_load,Actual Load,2026-06-11T07:22:11Z
2026-06-11T07:20:53Z,2026-06-11T09:20:53+0200,f3b72819-8f0f-4c0e-a936-e9ce989df431,2026-05-26T06:30:00Z,2026-05-26T08:30:00+0200,57821.02373,MW,DE,DE_LU,actual_load,Actual Load,2026-06-11T07:22:11Z
2026-06-11T07:20:53Z,2026-06-11T09:20:53+0200,f3b72819-8f0f-4c0e-a936-e9ce989df431,2026-05-26T06:45:00Z,2026-05-26T08:45:00+0200,58445.28046,MW,DE,DE_LU,actual_load,Actual Load,2026-06-11T07:22:11Z
2026-06-11T07:20:53Z,2026-06-11T09:20:53+0200,f3b72819-8f0f-4c0e-a936-e9ce989df431,2026-05-26T07:00:00Z,2026-05-26T09:00:00+0200,57557.56433,MW,DE,DE_LU,actual_load,Actual Load,2026-06-11T07:22:11Z
2026-06-11T07:20:53Z,2026-06-11T09:20:53+0200,f3b72819-8f0f-4c0e-a936-e9ce989df431,2026-05-26T07:15:00Z,2026-05-26T09:15:00+0200,57553.91455,MW,DE,DE_LU,actual_load,Actual Load,2026-06-11T07:22:11Z
2026-06-11T07:20:53Z,2026-06-11T09:20:53+0200,f3b72819-8f0f-4c0e-a936-e9ce989df431,2026-05-26T07:30:00Z,2026-05-26T09:30:00+0200,57522.61259,MW,DE,DE_LU,actual_load,Actual Load,2026-06-11T07:22:11Z
2026-06-11T07:20:53Z,2026-06-11T09:20:53+0200,f3b72819-8f0f-4c0e-a936-e9ce989df431,2026-05-26T07:45:00Z,2026-05-26T09:45:00+0200,57683.17293,MW,DE,DE_LU,actual_load,Actual Load,2026-06-11T07:22:11Z
2026-06-11T07:20:53Z,2026-06-11T09:20:53+0200,f3b72819-8f0f-4c0e-a936-e9ce989df431,2026-05-26T08:00:00Z,2026-05-26T10:00:00+0200,57731.78062,MW,DE,DE_LU,actual_load,Actual Load,2026-06-11T07:22:11Z
2026-06-11T07:20:53Z,2026-06-11T09:20:53+0200,f3b72819-8f0f-4c0e-a936-e9ce989df431,2026-05-26T08:15:00Z,2026-05-26T10:15:00+0200,57482.85233,MW,DE,DE_LU,actual_load,Actual Load,2026-06-11T07:22:11Z
2026-06-11T07:20:53Z,2026-06-11T09:20:53+0200,f3b72819-8f0f-4c0e-a936-e9ce989df431,2026-05-26T08:30:00Z,2026-05-26T10:30:00+0200,57428.41772,MW,DE,DE_LU,actual_load,Actual Load,2026-06-11T07:22:11Z
2026-06-11T07:20:53Z,2026-06-11T09:20:53+0200,f3b72819-8f0f-4c0e-a936-e9ce989df431,2026-05-26T08:45:00Z,2026-05-26T10:45:00+0200,58052.55754,MW,DE,DE_LU,actual_load,Actual Load,2026-06-11T07:22:11Z
2026-06-11T07:20:53Z,2026-06-11T09:20:53+0200,f3b72819-8f0f-4c0e-a936-e9ce989df431,2026-05-26T09:00:00Z,2026-05-26T11:00:00+0200,56846.10461,MW,DE,DE_LU,actual_load,Actual Load,2026-06-11T07:22:11Z
2026-06-11T07:20:53Z,2026-06-11T09:20:53+0200,f3b72819-8f0f-4c0e-a936-e9ce989df431,2026-05-26T09:15:00Z,2026-05-26T11:15:00+0200,57277.80139,MW,DE,DE_LU,actual_load,Actual Load,2026-06-11T07:22:11Z
2026-06-11T07:20:53Z,2026-06-11T09:20:53+0200,f3b72819-8f0f-4c0e-a936-e9ce989df431,2026-05-26T09:30:00Z,2026-05-26T11:30:00+0200,57321.38002,MW,DE,DE_LU,actual_load,Actual Load,2026-06-11T07:22:11Z
2026-06-11T07:20:53Z,2026-06-11T09:20:53+0200,f3b72819-8f0f-4c0e-a936-e9ce989df431,2026-05-26T09:45:00Z,2026-05-26T11:45:00+0200,57544.35739,MW,DE,DE_LU,actual_load,Actual Load,2026-06-11T07:22:11Z
2026-06-11T07:20:53Z,2026-06-11T09:20:53+0200,f3b72819-8f0f-4c0e-a936-e9ce989df431,2026-05-26T10:00:00Z,2026-05-26T12:00:00+0200,56512.88237,MW,DE,DE_LU,actual_load,Actual Load,2026-06-11T07:22:11Z
2026-06-11T07:20:53Z,2026-06-11T09:20:53+0200,f3b72819-8f0f-4c0e-a936-e9ce989df431,2026-05-26T10:15:00Z,2026-05-26T12:15:00+0200,56637.32667,MW,DE,DE_LU,actual_load,Actual Load,2026-06-11T07:22:11Z
2026-06-11T07:20:53Z,2026-06-11T09:20:53+0200,f3b72819-8f0f-4c0e-a936-e9ce989df431,2026-05-26T10:30:00Z,2026-05-26T12:30:00+0200,56869.87957,MW,DE,DE_LU,actual_load,Actual Load,2026-06-11T07:22:11Z
2026-06-11T07:20:53Z,2026-06-11T09:20:53+0200,f3b72819-8f0f-4c0e-a936-e9ce989df431,2026-05-26T10:45:00Z,2026-05-26T12:45:00+0200,56883.58661,MW,DE,DE_LU,actual_load,Actual Load,2026-06-11T07:22:11Z
2026-06-11T07:20:53Z,2026-06-11T09:20:53+0200,f3b72819-8f0f-4c0e-a936-e9ce989df431,2026-05-26T11:00:00Z,2026-05-26T13:00:00+0200,56303.84374,MW,DE,DE_LU,actual_load,Actual Load,2026-06-11T07:22:11Z
2026-06-11T07:20:53Z,2026-06-11T09:20:53+0200,f3b72819-8f0f-4c0e-a936-e9ce989df431,2026-05-26T11:15:00Z,2026-05-26T13:15:00+0200,55240.97083,MW,DE,DE_LU,actual_load,Actual Load,2026-06-11T07:22:11Z
2026-06-11T07:20:53Z,2026-06-11T09:20:53+0200,f3b72819-8f0f-4c0e-a936-e9ce989df431,2026-05-26T11:30:00Z,2026-05-26T13:30:00+0200,55492.06596,MW,DE,DE_LU,actual_load,Actual Load,2026-06-11T07:22:11Z
2026-06-11T07:20:53Z,2026-06-11T09:20:53+0200,f3b72819-8f0f-4c0e-a936-e9ce989df431,2026-05-26T11:45:00Z,2026-05-26T13:45:00+0200,54762.60692,MW,DE,DE_LU,actual_load,Actual Load,2026-06-11T07:22:11Z
2026-06-11T07:20:53Z,2026-06-11T09:20:53+0200,f3b72819-8f0f-4c0e-a936-e9ce989df431,2026-05-26T12:00:00Z,2026-05-26T14:00:00+0200,54726.61464,MW,DE,DE_LU,actual_load,Actual Load,2026-06-11T07:22:11Z
2026-06-11T07:20:53Z,2026-06-11T09:20:53+0200,f3b72819-8f0f-4c0e-a936-e9ce989df431,2026-05-26T12:15:00Z,2026-05-26T14:15:00+0200,54398.14105,MW,DE,DE_LU,actual_load,Actual Load,2026-06-11T07:22:11Z
2026-06-11T07:20:53Z,2026-06-11T09:20:53+0200,f3b72819-8f0f-4c0e-a936-e9ce989df431,2026-05-26T12:30:00Z,2026-05-26T14:30:00+0200,54043.0889,MW,DE,DE_LU,actual_load,Actual Load,2026-06-11T07:22:11Z
2026-06-11T07:20:53Z,2026-06-11T09:20:53+0200,f3b72819-8f0f-4c0e-a936-e9ce989df431,2026-05-26T12:45:00Z,2026-05-26T14:45:00+0200,53968.59243,MW,DE,DE_LU,actual_load,Actual Load,2026-06-11T07:22:11Z
2026-06-11T07:20:53Z,2026-06-11T09:20:53+0200,f3b72819-8f0f-4c0e-a936-e9ce989df431,2026-05-26T13:00:00Z,2026-05-26T15:00:00+0200,53735.88824,MW,DE,DE_LU,actual_load,Actual Load,2026-06-11T07:22:11Z
2026-06-11T07:20:53Z,2026-06-11T09:20:53+0200,f3b72819-8f0f-4c0e-a936-e9ce989df431,2026-05-26T13:15:00Z,2026-05-26T15:15:00+0200,53806.09691,MW,DE,DE_LU,actual_load,Actual Load,2026-06-11T07:22:11Z
2026-06-11T07:20:53Z,2026-06-11T09:20:53+0200,f3b72819-8f0f-4c0e-a936-e9ce989df431,2026-05-26T13:30:00Z,2026-05-26T15:30:00+0200,53675.36959,MW,DE,DE_LU,actual_load,Actual Load,2026-06-11T07:22:11Z
2026-06-11T07:20:53Z,2026-06-11T09:20:53+0200,f3b72819-8f0f-4c0e-a936-e9ce989df431,2026-05-26T13:45:00Z,2026-05-26T15:45:00+0200,52979.67876,MW,DE,DE_LU,actual_load,Actual Load,2026-06-11T07:22:11Z
2026-06-11T07:20:53Z,2026-06-11T09:20:53+0200,f3b72819-8f0f-4c0e-a936-e9ce989df431,2026-05-26T14:00:00Z,2026-05-26T16:00:00+0200,54040.06521,MW,DE,DE_LU,actual_load,Actual Load,2026-06-11T07:22:11Z
2026-06-11T07:20:53Z,2026-06-11T09:20:53+0200,f3b72819-8f0f-4c0e-a936-e9ce989df431,2026-05-26T14:15:00Z,2026-05-26T16:15:00+0200,53810.32165,MW,DE,DE_LU,actual_load,Actual Load,2026-06-11T07:22:11Z
2026-06-11T07:20:53Z,2026-06-11T09:20:53+0200,f3b72819-8f0f-4c0e-a936-e9ce989df431,2026-05-26T14:30:00Z,2026-05-26T16:30:00+0200,53768.939,MW,DE,DE_LU,actual_load,Actual Load,2026-06-11T07:22:11Z
2026-06-11T07:20:53Z,2026-06-11T09:20:53+0200,f3b72819-8f0f-4c0e-a936-e9ce989df431,2026-05-26T14:45:00Z,2026-05-26T16:45:00+0200,53716.90258,MW,DE,DE_LU,actual_load,Actual Load,2026-06-11T07:22:11Z
2026-06-11T07:20:53Z,2026-06-11T09:20:53+0200,f3b72819-8f0f-4c0e-a936-e9ce989df431,2026-05-26T15:00:00Z,2026-05-26T17:00:00+0200,54551.35034,MW,DE,DE_LU,actual_load,Actual Load,2026-06-11T07:22:11Z
2026-06-11T07:20:53Z,2026-06-11T09:20:53+0200,f3b72819-8f0f-4c0e-a936-e9ce989df431,2026-05-26T15:15:00Z,2026-05-26T17:15:00+0200,54709.46782,MW,DE,DE_LU,actual_load,Actual Load,2026-06-11T07:22:11Z
2026-06-11T07:20:53Z,2026-06-11T09:20:53+0200,f3b72819-8f0f-4c0e-a936-e9ce989df431,2026-05-26T15:30:00Z,2026-05-26T17:30:00+0200,55150.96624,MW,DE,DE_LU,actual_load,Actual Load,2026-06-11T07:22:11Z
2026-06-11T07:20:53Z,2026-06-11T09:20:53+0200,f3b72819-8f0f-4c0e-a936-e9ce989df431,2026-05-26T15:45:00Z,2026-05-26T17:45:00+0200,55418.30461,MW,DE,DE_LU,actual_load,Actual Load,2026-06-11T07:22:11Z
2026-06-11T07:20:53Z,2026-06-11T09:20:53+0200,f3b72819-8f0f-4c0e-a936-e9ce989df431,2026-05-26T16:00:00Z,2026-05-26T18:00:00+0200,55051.28539,MW,DE,DE_LU,actual_load,Actual Load,2026-06-11T07:22:11Z
2026-06-11T07:20:53Z,2026-06-11T09:20:53+0200,f3b72819-8f0f-4c0e-a936-e9ce989df431,2026-05-26T16:15:00Z,2026-05-26T18:15:00+0200,55813.99483,MW,DE,DE_LU,actual_load,Actual Load,2026-06-11T07:22:11Z
2026-06-11T07:20:53Z,2026-06-11T09:20:53+0200,f3b72819-8f0f-4c0e-a936-e9ce989df431,2026-05-26T16:30:00Z,2026-05-26T18:30:00+0200,55963.00473,MW,DE,DE_LU,actual_load,Actual Load,2026-06-11T07:22:11Z
2026-06-11T07:20:53Z,2026-06-11T09:20:53+0200,f3b72819-8f0f-4c0e-a936-e9ce989df431,2026-05-26T16:45:00Z,2026-05-26T18:45:00+0200,56008.38219,MW,DE,DE_LU,actual_load,Actual Load,2026-06-11T07:22:11Z
2026-06-11T07:20:53Z,2026-06-11T09:20:53+0200,f3b72819-8f0f-4c0e-a936-e9ce989df431,2026-05-26T17:00:00Z,2026-05-26T19:00:00+0200,57591.30024,MW,DE,DE_LU,actual_load,Actual Load,2026-06-11T07:22:11Z
2026-06-11T07:20:53Z,2026-06-11T09:20:53+0200,f3b72819-8f0f-4c0e-a936-e9ce989df431,2026-05-26T17:15:00Z,2026-05-26T19:15:00+0200,57784.36263,MW,DE,DE_LU,actual_load,Actual Load,2026-06-11T07:22:11Z
2026-06-11T07:20:53Z,2026-06-11T09:20:53+0200,f3b72819-8f0f-4c0e-a936-e9ce989df431,2026-05-26T17:30:00Z,2026-05-26T19:30:00+0200,57495.12432,MW,DE,DE_LU,actual_load,Actual Load,2026-06-11T07:22:11Z
2026-06-11T07:20:53Z,2026-06-11T09:20:53+0200,f3b72819-8f0f-4c0e-a936-e9ce989df431,2026-05-26T17:45:00Z,2026-05-26T19:45:00+0200,57169.60999,MW,DE,DE_LU,actual_load,Actual Load,2026-06-11T07:22:11Z
2026-06-11T07:20:53Z,2026-06-11T09:20:53+0200,f3b72819-8f0f-4c0e-a936-e9ce989df431,2026-05-26T18:00:00Z,2026-05-26T20:00:00+0200,56838.70582,MW,DE,DE_LU,actual_load,Actual Load,2026-06-11T07:22:11Z
2026-06-11T07:20:53Z,2026-06-11T09:20:53+0200,f3b72819-8f0f-4c0e-a936-e9ce989df431,2026-05-26T18:15:00Z,2026-05-26T20:15:00+0200,56109.47708,MW,DE,DE_LU,actual_load,Actual Load,2026-06-11T07:22:11Z
2026-06-11T07:20:53Z,2026-06-11T09:20:53+0200,f3b72819-8f0f-4c0e-a936-e9ce989df431,2026-05-26T18:30:00Z,2026-05-26T20:30:00+0200,55902.7373,MW,DE,DE_LU,actual_load,Actual Load,2026-06-11T07:22:11Z
2026-06-11T07:20:53Z,2026-06-11T09:20:53+0200,f3b72819-8f0f-4c0e-a936-e9ce989df431,2026-05-26T18:45:00Z,2026-05-26T20:45:00+0200,55354.97891,MW,DE,DE_LU,actual_load,Actual Load,2026-06-11T07:22:11Z
2026-06-11T07:20:53Z,2026-06-11T09:20:53+0200,f3b72819-8f0f-4c0e-a936-e9ce989df431,2026-05-26T19:00:00Z,2026-05-26T21:00:00+0200,54771.27164,MW,DE,DE_LU,actual_load,Actual Load,2026-06-11T07:22:11Z
2026-06-11T07:20:53Z,2026-06-11T09:20:53+0200,f3b72819-8f0f-4c0e-a936-e9ce989df431,2026-05-26T19:15:00Z,2026-05-26T21:15:00+0200,55160.81609,MW,DE,DE_LU,actual_load,Actual Load,2026-06-11T07:22:11Z
2026-06-11T07:20:53Z,2026-06-11T09:20:53+0200,f3b72819-8f0f-4c0e-a936-e9ce989df431,2026-05-26T19:30:00Z,2026-05-26T21:30:00+0200,54903.19979,MW,DE,DE_LU,actual_load,Actual Load,2026-06-11T07:22:11Z
2026-06-11T07:20:53Z,2026-06-11T09:20:53+0200,f3b72819-8f0f-4c0e-a936-e9ce989df431,2026-05-26T19:45:00Z,2026-05-26T21:45:00+0200,54703.2033,MW,DE,DE_LU,actual_load,Actual Load,2026-06-11T07:22:11Z
2026-06-11T07:20:53Z,2026-06-11T09:20:53+0200,f3b72819-8f0f-4c0e-a936-e9ce989df431,2026-05-26T20:00:00Z,2026-05-26T22:00:00+0200,53487.56164,MW,DE,DE_LU,actual_load,Actual Load,2026-06-11T07:22:11Z
2026-06-11T07:20:53Z,2026-06-11T09:20:53+0200,f3b72819-8f0f-4c0e-a936-e9ce989df431,2026-05-26T20:15:00Z,2026-05-26T22:15:00+0200,52719.35933,MW,DE,DE_LU,actual_load,Actual Load,2026-06-11T07:22:11Z
2026-06-11T07:20:53Z,2026-06-11T09:20:53+0200,f3b72819-8f0f-4c0e-a936-e9ce989df431,2026-05-26T20:30:00Z,2026-05-26T22:30:00+0200,51835.54319,MW,DE,DE_LU,actual_load,Actual Load,2026-06-11T07:22:11Z
2026-06-11T07:20:53Z,2026-06-11T09:20:53+0200,f3b72819-8f0f-4c0e-a936-e9ce989df431,2026-05-26T20:45:00Z,2026-05-26T22:45:00+0200,51042.23638,MW,DE,DE_LU,actual_load,Actual Load,2026-06-11T07:22:11Z
2026-06-11T07:20:53Z,2026-06-11T09:20:53+0200,f3b72819-8f0f-4c0e-a936-e9ce989df431,2026-05-26T21:00:00Z,2026-05-26T23:00:00+0200,50161.14464,MW,DE,DE_LU,actual_load,Actual Load,2026-06-11T07:22:11Z
2026-06-11T07:20:53Z,2026-06-11T09:20:53+0200,f3b72819-8f0f-4c0e-a936-e9ce989df431,2026-05-26T21:15:00Z,2026-05-26T23:15:00+0200,49206.52628,MW,DE,DE_LU,actual_load,Actual Load,2026-06-11T07:22:11Z
2026-06-11T07:20:53Z,2026-06-11T09:20:53+0200,f3b72819-8f0f-4c0e-a936-e9ce989df431,2026-05-26T21:30:00Z,2026-05-26T23:30:00+0200,48469.48768,MW,DE,DE_LU,actual_load,Actual Load,2026-06-11T07:22:11Z
2026-06-11T07:20:53Z,2026-06-11T09:20:53+0200,f3b72819-8f0f-4c0e-a936-e9ce989df431,2026-05-26T21:45:00Z,2026-05-26T23:45:00+0200,48164.15859,MW,DE,DE_LU,actual_load,Actual Load,2026-06-11T07:22:11Z
2026-06-11T07:20:53Z,2026-06-11T09:20:53+0200,f3b72819-8f0f-4c0e-a936-e9ce989df431,2026-05-26T22:00:00Z,2026-05-27T00:00:00+0200,47986.45893,MW,DE,DE_LU,actual_load,Actual Load,2026-06-11T07:22:11Z
2026-06-11T07:20:53Z,2026-06-11T09:20:53+0200,f3b72819-8f0f-4c0e-a936-e9ce989df431,2026-05-26T22:15:00Z,2026-05-27T00:15:00+0200,47203.92244,MW,DE,DE_LU,actual_load,Actual Load,2026-06-11T07:22:11Z
2026-06-11T07:20:53Z,2026-06-11T09:20:53+0200,f3b72819-8f0f-4c0e-a936-e9ce989df431,2026-05-26T22:30:00Z,2026-05-27T00:30:00+0200,46471.8572,MW,DE,DE_LU,actual_load,Actual Load,2026-06-11T07:22:11Z
2026-06-11T07:20:53Z,2026-06-11T09:20:53+0200,f3b72819-8f0f-4c0e-a936-e9ce989df431,2026-05-26T22:45:00Z,2026-05-27T00:45:00+0200,46184.0474,MW,DE,DE_LU,actual_load,Actual Load,2026-06-11T07:22:11Z
2026-06-11T07:20:53Z,2026-06-11T09:20:53+0200,f3b72819-8f0f-4c0e-a936-e9ce989df431,2026-05-26T23:00:00Z,2026-05-27T01:00:00+0200,45892.86146,MW,DE,DE_LU,actual_load,Actual Load,2026-06-11T07:22:11Z
2026-06-11T07:20:53Z,2026-06-11T09:20:53+0200,f3b72819-8f0f-4c0e-a936-e9ce989df431,2026-05-26T23:15:00Z,2026-05-27T01:15:00+0200,45560.56073,MW,DE,DE_LU,actual_load,Actual Load,2026-06-11T07:22:11Z
2026-06-11T07:20:53Z,2026-06-11T09:20:53+0200,f3b72819-8f0f-4c0e-a936-e9ce989df431,2026-05-26T23:30:00Z,2026-05-27T01:30:00+0200,45061.57968,MW,DE,DE_LU,actual_load,Actual Load,2026-06-11T07:22:11Z
2026-06-11T07:20:53Z,2026-06-11T09:20:53+0200,f3b72819-8f0f-4c0e-a936-e9ce989df431,2026-05-26T23:45:00Z,2026-05-27T01:45:00+0200,44962.1916,MW,DE,DE_LU,actual_load,Actual Load,2026-06-11T07:22:11Z
2026-06-11T07:20:53Z,2026-06-11T09:20:53+0200,f3b72819-8f0f-4c0e-a936-e9ce989df431,2026-05-27T00:00:00Z,2026-05-27T02:00:00+0200,44129.61058,MW,DE,DE_LU,actual_load,Actual Load,2026-06-11T07:22:11Z
2026-06-11T07:20:53Z,2026-06-11T09:20:53+0200,f3b72819-8f0f-4c0e-a936-e9ce989df431,2026-05-27T00:15:00Z,2026-05-27T02:15:00+0200,43906.56393,MW,DE,DE_LU,actual_load,Actual Load,2026-06-11T07:22:11Z
2026-06-11T07:20:53Z,2026-06-11T09:20:53+0200,f3b72819-8f0f-4c0e-a936-e9ce989df431,2026-05-27T00:30:00Z,2026-05-27T02:30:00+0200,44081.0809,MW,DE,DE_LU,actual_load,Actual Load,2026-06-11T07:22:11Z
2026-06-11T07:20:53Z,2026-06-11T09:20:53+0200,f3b72819-8f0f-4c0e-a936-e9ce989df431,2026-05-27T00:45:00Z,2026-05-27T02:45:00+0200,44591.90324,MW,DE,DE_LU,actual_load,Actual Load,2026-06-11T07:22:11Z
2026-06-11T07:20:53Z,2026-06-11T09:20:53+0200,f3b72819-8f0f-4c0e-a936-e9ce989df431,2026-05-27T01:00:00Z,2026-05-27T03:00:00+0200,44297.06283,MW,DE,DE_LU,actual_load,Actual Load,2026-06-11T07:22:11Z
2026-06-11T07:20:53Z,2026-06-11T09:20:53+0200,f3b72819-8f0f-4c0e-a936-e9ce989df431,2026-05-27T01:15:00Z,2026-05-27T03:15:00+0200,44192.46194,MW,DE,DE_LU,actual_load,Actual Load,2026-06-11T07:22:11Z
2026-06-11T07:20:53Z,2026-06-11T09:20:53+0200,f3b72819-8f0f-4c0e-a936-e9ce989df431,2026-05-27T01:30:00Z,2026-05-27T03:30:00+0200,44207.64076,MW,DE,DE_LU,actual_load,Actual Load,2026-06-11T07:22:11Z
2026-06-11T07:20:53Z,2026-06-11T09:20:53+0200,f3b72819-8f0f-4c0e-a936-e9ce989df431,2026-05-27T01:45:00Z,2026-05-27T03:45:00+0200,44511.34456,MW,DE,DE_LU,actual_load,Actual Load,2026-06-11T07:22:11Z
2026-06-11T07:20:53Z,2026-06-11T09:20:53+0200,f3b72819-8f0f-4c0e-a936-e9ce989df431,2026-05-27T02:00:00Z,2026-05-27T04:00:00+0200,44621.37812,MW,DE,DE_LU,actual_load,Actual Load,2026-06-11T07:22:11Z
2026-06-11T07:20:53Z,2026-06-11T09:20:53+0200,f3b72819-8f0f-4c0e-a936-e9ce989df431,2026-05-27T02:15:00Z,2026-05-27T04:15:00+0200,44960.69968,MW,DE,DE_LU,actual_load,Actual Load,2026-06-11T07:22:11Z
2026-06-11T07:20:53Z,2026-06-11T09:20:53+0200,f3b72819-8f0f-4c0e-a936-e9ce989df431,2026-05-27T02:30:00Z,2026-05-27T04:30:00+0200,45051.33693,MW,DE,DE_LU,actual_load,Actual Load,2026-06-11T07:22:11Z
2026-06-11T07:20:53Z,2026-06-11T09:20:53+0200,f3b72819-8f0f-4c0e-a936-e9ce989df431,2026-05-27T02:45:00Z,2026-05-27T04:45:00+0200,45064.83948,MW,DE,DE_LU,actual_load,Actual Load,2026-06-11T07:22:11Z
2026-06-11T07:20:53Z,2026-06-11T09:20:53+0200,f3b72819-8f0f-4c0e-a936-e9ce989df431,2026-05-27T03:00:00Z,2026-05-27T05:00:00+0200,46263.83477,MW,DE,DE_LU,actual_load,Actual Load,2026-06-11T07:22:11Z
2026-06-11T07:20:53Z,2026-06-11T09:20:53+0200,f3b72819-8f0f-4c0e-a936-e9ce989df431,2026-05-27T03:15:00Z,2026-05-27T05:15:00+0200,46800.39222,MW,DE,DE_LU,actual_load,Actual Load,2026-06-11T07:22:11Z
2026-06-11T07:20:53Z,2026-06-11T09:20:53+0200,f3b72819-8f0f-4c0e-a936-e9ce989df431,2026-05-27T03:30:00Z,2026-05-27T05:30:00+0200,47552.51591,MW,DE,DE_LU,actual_load,Actual Load,2026-06-11T07:22:11Z
2026-06-11T07:20:53Z,2026-06-11T09:20:53+0200,f3b72819-8f0f-4c0e-a936-e9ce989df431,2026-05-27T03:45:00Z,2026-05-27T05:45:00+0200,48813.40072,MW,DE,DE_LU,actual_load,Actual Load,2026-06-11T07:22:11Z
2026-06-11T07:20:53Z,2026-06-11T09:20:53+0200,f3b72819-8f0f-4c0e-a936-e9ce989df431,2026-05-27T04:00:00Z,2026-05-27T06:00:00+0200,51291.09727,MW,DE,DE_LU,actual_load,Actual Load,2026-06-11T07:22:11Z
2026-06-11T07:20:53Z,2026-06-11T09:20:53+0200,f3b72819-8f0f-4c0e-a936-e9ce989df431,2026-05-27T04:15:00Z,2026-05-27T06:15:00+0200,53005.35045,MW,DE,DE_LU,actual_load,Actual Load,2026-06-11T07:22:11Z
2026-06-11T07:20:53Z,2026-06-11T09:20:53+0200,f3b72819-8f0f-4c0e-a936-e9ce989df431,2026-05-27T04:30:00Z,2026-05-27T06:30:00+0200,54333.2432,MW,DE,DE_LU,actual_load,Actual Load,2026-06-11T07:22:11Z
2026-06-11T07:20:53Z,2026-06-11T09:20:53+0200,f3b72819-8f0f-4c0e-a936-e9ce989df431,2026-05-27T04:45:00Z,2026-05-27T06:45:00+0200,55310.07649,MW,DE,DE_LU,actual_load,Actual Load,2026-06-11T07:22:11Z
2026-06-11T07:20:53Z,2026-06-11T09:20:53+0200,f3b72819-8f0f-4c0e-a936-e9ce989df431,2026-05-27T05:00:00Z,2026-05-27T07:00:00+0200,56430.96333,MW,DE,DE_LU,actual_load,Actual Load,2026-06-11T07:22:11Z
2026-06-11T07:20:53Z,2026-06-11T09:20:53+0200,f3b72819-8f0f-4c0e-a936-e9ce989df431,2026-05-27T05:15:00Z,2026-05-27T07:15:00+0200,57525.02432,MW,DE,DE_LU,actual_load,Actual Load,2026-06-11T07:22:11Z
2026-06-11T07:20:53Z,2026-06-11T09:20:53+0200,f3b72819-8f0f-4c0e-a936-e9ce989df431,2026-05-27T05:30:00Z,2026-05-27T07:30:00+0200,58711.63542,MW,DE,DE_LU,actual_load,Actual Load,2026-06-11T07:22:11Z
2026-06-11T07:20:53Z,2026-06-11T09:20:53+0200,f3b72819-8f0f-4c0e-a936-e9ce989df431,2026-05-27T05:45:00Z,2026-05-27T07:45:00+0200,60248.78173,MW,DE,DE_LU,actual_load,Actual Load,2026-06-11T07:22:11Z
2026-06-11T07:20:53Z,2026-06-11T09:20:53+0200,f3b72819-8f0f-4c0e-a936-e9ce989df431,2026-05-27T06:00:00Z,2026-05-27T08:00:00+0200,59833.65294,MW,DE,DE_LU,actual_load,Actual Load,2026-06-11T07:22:11Z
2026-06-11T07:20:53Z,2026-06-11T09:20:53+0200,f3b72819-8f0f-4c0e-a936-e9ce989df431,2026-05-27T06:15:00Z,2026-05-27T08:15:00+0200,60280.57821,MW,DE,DE_LU,actual_load,Actual Load,2026-06-11T07:22:11Z
2026-06-11T07:20:53Z,2026-06-11T09:20:53+0200,f3b72819-8f0f-4c0e-a936-e9ce989df431,2026-05-27T06:30:00Z,2026-05-27T08:30:00+0200,60231.29123,MW,DE,DE_LU,actual_load,Actual Load,2026-06-11T07:22:11Z
2026-06-11T07:20:53Z,2026-06-11T09:20:53+0200,f3b72819-8f0f-4c0e-a936-e9ce989df431,2026-05-27T06:45:00Z,2026-05-27T08:45:00+0200,60152.66595,MW,DE,DE_LU,actual_load,Actual Load,2026-06-11T07:22:11Z
2026-06-11T07:20:53Z,2026-06-11T09:20:53+0200,f3b72819-8f0f-4c0e-a936-e9ce989df431,2026-05-27T07:00:00Z,2026-05-27T09:00:00+0200,59789.69501,MW,DE,DE_LU,actual_load,Actual Load,2026-06-11T07:22:11Z
2026-06-11T07:20:53Z,2026-06-11T09:20:53+0200,f3b72819-8f0f-4c0e-a936-e9ce989df431,2026-05-27T07:15:00Z,2026-05-27T09:15:00+0200,59736.43555,MW,DE,DE_LU,actual_load,Actual Load,2026-06-11T07:22:11Z
2026-06-11T07:20:53Z,2026-06-11T09:20:53+0200,f3b72819-8f0f-4c0e-a936-e9ce989df431,2026-05-27T07:30:00Z,2026-05-27T09:30:00+0200,59499.83633,MW,DE,DE_LU,actual_load,Actual Load,2026-06-11T07:22:11Z
2026-06-11T07:20:53Z,2026-06-11T09:20:53+0200,f3b72819-8f0f-4c0e-a936-e9ce989df431,2026-05-27T07:45:00Z,2026-05-27T09:45:00+0200,59201.62637,MW,DE,DE_LU,actual_load,Actual Load,2026-06-11T07:22:11Z
2026-06-11T07:20:53Z,2026-06-11T09:20:53+0200,f3b72819-8f0f-4c0e-a936-e9ce989df431,2026-05-27T08:00:00Z,2026-05-27T10:00:00+0200,58994.31239,MW,DE,DE_LU,actual_load,Actual Load,2026-06-11T07:22:11Z
2026-06-11T07:20:53Z,2026-06-11T09:20:53+0200,f3b72819-8f0f-4c0e-a936-e9ce989df431,2026-05-27T08:15:00Z,2026-05-27T10:15:00+0200,58914.55412,MW,DE,DE_LU,actual_load,Actual Load,2026-06-11T07:22:11Z
2026-06-11T07:20:53Z,2026-06-11T09:20:53+0200,f3b72819-8f0f-4c0e-a936-e9ce989df431,2026-05-27T08:30:00Z,2026-05-27T10:30:00+0200,58409.2376,MW,DE,DE_LU,actual_load,Actual Load,2026-06-11T07:22:11Z
2026-06-11T07:20:53Z,2026-06-11T09:20:53+0200,f3b72819-8f0f-4c0e-a936-e9ce989df431,2026-05-27T08:45:00Z,2026-05-27T10:45:00+0200,58378.87923,MW,DE,DE_LU,actual_load,Actual Load,2026-06-11T07:22:11Z
2026-06-11T07:20:53Z,2026-06-11T09:20:53+0200,f3b72819-8f0f-4c0e-a936-e9ce989df431,2026-05-27T09:00:00Z,2026-05-27T11:00:00+0200,57715.74801,MW,DE,DE_LU,actual_load,Actual Load,2026-06-11T07:22:11Z
2026-06-11T07:20:53Z,2026-06-11T09:20:53+0200,f3b72819-8f0f-4c0e-a936-e9ce989df431,2026-05-27T09:15:00Z,2026-05-27T11:15:00+0200,57790.01647,MW,DE,DE_LU,actual_load,Actual Load,2026-06-11T07:22:11Z
2026-06-11T07:20:53Z,2026-06-11T09:20:53+0200,f3b72819-8f0f-4c0e-a936-e9ce989df431,2026-05-27T09:30:00Z,2026-05-27T11:30:00+0200,58093.24246,MW,DE,DE_LU,actual_load,Actual Load,2026-06-11T07:22:11Z
2026-06-11T07:20:53Z,2026-06-11T09:20:53+0200,f3b72819-8f0f-4c0e-a936-e9ce989df431,2026-05-27T09:45:00Z,2026-05-27T11:45:00+0200,57980.52757,MW,DE,DE_LU,actual_load,Actual Load,2026-06-11T07:22:11Z
2026-06-11T07:20:53Z,2026-06-11T09:20:53+0200,f3b72819-8f0f-4c0e-a936-e9ce989df431,2026-05-27T10:00:00Z,2026-05-27T12:00:00+0200,57444.27526,MW,DE,DE_LU,actual_load,Actual Load,2026-06-11T07:22:11Z
2026-06-11T07:20:53Z,2026-06-11T09:20:53+0200,f3b72819-8f0f-4c0e-a936-e9ce989df431,2026-05-27T10:15:00Z,2026-05-27T12:15:00+0200,56987.1551,MW,DE,DE_LU,actual_load,Actual Load,2026-06-11T07:22:11Z
2026-06-11T07:20:53Z,2026-06-11T09:20:53+0200,f3b72819-8f0f-4c0e-a936-e9ce989df431,2026-05-27T10:30:00Z,2026-05-27T12:30:00+0200,56551.88102,MW,DE,DE_LU,actual_load,Actual Load,2026-06-11T07:22:11Z
2026-06-11T07:20:53Z,2026-06-11T09:20:53+0200,f3b72819-8f0f-4c0e-a936-e9ce989df431,2026-05-27T10:45:00Z,2026-05-27T12:45:00+0200,56644.4332,MW,DE,DE_LU,actual_load,Actual Load,2026-06-11T07:22:11Z
2026-06-11T07:20:53Z,2026-06-11T09:20:53+0200,f3b72819-8f0f-4c0e-a936-e9ce989df431,2026-05-27T11:00:00Z,2026-05-27T13:00:00+0200,56517.65122,MW,DE,DE_LU,actual_load,Actual Load,2026-06-11T07:22:11Z
2026-06-11T07:20:53Z,2026-06-11T09:20:53+0200,f3b72819-8f0f-4c0e-a936-e9ce989df431,2026-05-27T11:15:00Z,2026-05-27T13:15:00+0200,56035.73408,MW,DE,DE_LU,actual_load,Actual Load,2026-06-11T07:22:11Z
2026-06-11T07:20:53Z,2026-06-11T09:20:53+0200,f3b72819-8f0f-4c0e-a936-e9ce989df431,2026-05-27T11:30:00Z,2026-05-27T13:30:00+0200,56161.85962,MW,DE,DE_LU,actual_load,Actual Load,2026-06-11T07:22:11Z
2026-06-11T07:20:53Z,2026-06-11T09:20:53+0200,f3b72819-8f0f-4c0e-a936-e9ce989df431,2026-05-27T11:45:00Z,2026-05-27T13:45:00+0200,54862.93014,MW,DE,DE_LU,actual_load,Actual Load,2026-06-11T07:22:11Z
2026-06-11T07:20:53Z,2026-06-11T09:20:53+0200,f3b72819-8f0f-4c0e-a936-e9ce989df431,2026-05-27T12:00:00Z,2026-05-27T14:00:00+0200,54316.07013,MW,DE,DE_LU,actual_load,Actual Load,2026-06-11T07:22:11Z
2026-06-11T07:20:53Z,2026-06-11T09:20:53+0200,f3b72819-8f0f-4c0e-a936-e9ce989df431,2026-05-27T12:15:00Z,2026-05-27T14:15:00+0200,54051.91634,MW,DE,DE_LU,actual_load,Actual Load,2026-06-11T07:22:11Z
2026-06-11T07:20:53Z,2026-06-11T09:20:53+0200,f3b72819-8f0f-4c0e-a936-e9ce989df431,2026-05-27T12:30:00Z,2026-05-27T14:30:00+0200,53464.73502,MW,DE,DE_LU,actual_load,Actual Load,2026-06-11T07:22:11Z
2026-06-11T07:20:53Z,2026-06-11T09:20:53+0200,f3b72819-8f0f-4c0e-a936-e9ce989df431,2026-05-27T12:45:00Z,2026-05-27T14:45:00+0200,53724.54029,MW,DE,DE_LU,actual_load,Actual Load,2026-06-11T07:22:11Z
2026-06-11T07:20:53Z,2026-06-11T09:20:53+0200,f3b72819-8f0f-4c0e-a936-e9ce989df431,2026-05-27T13:00:00Z,2026-05-27T15:00:00+0200,53810.64327,MW,DE,DE_LU,actual_load,Actual Load,2026-06-11T07:22:11Z
2026-06-11T07:20:53Z,2026-06-11T09:20:53+0200,f3b72819-8f0f-4c0e-a936-e9ce989df431,2026-05-27T13:15:00Z,2026-05-27T15:15:00+0200,53542.10411,MW,DE,DE_LU,actual_load,Actual Load,2026-06-11T07:22:11Z
2026-06-11T07:20:53Z,2026-06-11T09:20:53+0200,f3b72819-8f0f-4c0e-a936-e9ce989df431,2026-05-27T13:30:00Z,2026-05-27T15:30:00+0200,53653.43236,MW,DE,DE_LU,actual_load,Actual Load,2026-06-11T07:22:11Z
2026-06-11T07:20:53Z,2026-06-11T09:20:53+0200,f3b72819-8f0f-4c0e-a936-e9ce989df431,2026-05-27T13:45:00Z,2026-05-27T15:45:00+0200,53449.88413,MW,DE,DE_LU,actual_load,Actual Load,2026-06-11T07:22:11Z
2026-06-11T07:20:53Z,2026-06-11T09:20:53+0200,f3b72819-8f0f-4c0e-a936-e9ce989df431,2026-05-27T14:00:00Z,2026-05-27T16:00:00+0200,53086.6838,MW,DE,DE_LU,actual_load,Actual Load,2026-06-11T07:22:11Z
2026-06-11T07:20:53Z,2026-06-11T09:20:53+0200,f3b72819-8f0f-4c0e-a936-e9ce989df431,2026-05-27T14:15:00Z,2026-05-27T16:15:00+0200,52809.93059,MW,DE,DE_LU,actual_load,Actual Load,2026-06-11T07:22:11Z
2026-06-11T07:20:53Z,2026-06-11T09:20:53+0200,f3b72819-8f0f-4c0e-a936-e9ce989df431,2026-05-27T14:30:00Z,2026-05-27T16:30:00+0200,53409.91474,MW,DE,DE_LU,actual_load,Actual Load,2026-06-11T07:22:11Z
2026-06-11T07:20:53Z,2026-06-11T09:20:53+0200,f3b72819-8f0f-4c0e-a936-e9ce989df431,2026-05-27T14:45:00Z,2026-05-27T16:45:00+0200,53516.75766,MW,DE,DE_LU,actual_load,Actual Load,2026-06-11T07:22:11Z
2026-06-11T07:20:53Z,2026-06-11T09:20:53+0200,f3b72819-8f0f-4c0e-a936-e9ce989df431,2026-05-27T15:00:00Z,2026-05-27T17:00:00+0200,53716.11238,MW,DE,DE_LU,actual_load,Actual Load,2026-06-11T07:22:11Z
2026-06-11T07:20:53Z,2026-06-11T09:20:53+0200,f3b72819-8f0f-4c0e-a936-e9ce989df431,2026-05-27T15:15:00Z,2026-05-27T17:15:00+0200,54056.82352,MW,DE,DE_LU,actual_load,Actual Load,2026-06-11T07:22:11Z
2026-06-11T07:20:53Z,2026-06-11T09:20:53+0200,f3b72819-8f0f-4c0e-a936-e9ce989df431,2026-05-27T15:30:00Z,2026-05-27T17:30:00+0200,55063.70201,MW,DE,DE_LU,actual_load,Actual Load,2026-06-11T07:22:11Z
2026-06-11T07:20:53Z,2026-06-11T09:20:53+0200,f3b72819-8f0f-4c0e-a936-e9ce989df431,2026-05-27T15:45:00Z,2026-05-27T17:45:00+0200,55056.56631,MW,DE,DE_LU,actual_load,Actual Load,2026-06-11T07:22:11Z
2026-06-11T07:20:53Z,2026-06-11T09:20:53+0200,f3b72819-8f0f-4c0e-a936-e9ce989df431,2026-05-27T16:00:00Z,2026-05-27T18:00:00+0200,55368.94944,MW,DE,DE_LU,actual_load,Actual Load,2026-06-11T07:22:11Z
2026-06-11T07:20:53Z,2026-06-11T09:20:53+0200,f3b72819-8f0f-4c0e-a936-e9ce989df431,2026-05-27T16:15:00Z,2026-05-27T18:15:00+0200,55230.37669,MW,DE,DE_LU,actual_load,Actual Load,2026-06-11T07:22:11Z
2026-06-11T07:20:53Z,2026-06-11T09:20:53+0200,f3b72819-8f0f-4c0e-a936-e9ce989df431,2026-05-27T16:30:00Z,2026-05-27T18:30:00+0200,56151.9871,MW,DE,DE_LU,actual_load,Actual Load,2026-06-11T07:22:11Z
2026-06-11T07:20:53Z,2026-06-11T09:20:53+0200,f3b72819-8f0f-4c0e-a936-e9ce989df431,2026-05-27T16:45:00Z,2026-05-27T18:45:00+0200,57108.16371,MW,DE,DE_LU,actual_load,Actual Load,2026-06-11T07:22:11Z
2026-06-11T07:20:53Z,2026-06-11T09:20:53+0200,f3b72819-8f0f-4c0e-a936-e9ce989df431,2026-05-27T17:00:00Z,2026-05-27T19:00:00+0200,58308.20233,MW,DE,DE_LU,actual_load,Actual Load,2026-06-11T07:22:11Z
2026-06-11T07:20:53Z,2026-06-11T09:20:53+0200,f3b72819-8f0f-4c0e-a936-e9ce989df431,2026-05-27T17:15:00Z,2026-05-27T19:15:00+0200,57689.85839,MW,DE,DE_LU,actual_load,Actual Load,2026-06-11T07:22:11Z
2026-06-11T07:20:53Z,2026-06-11T09:20:53+0200,f3b72819-8f0f-4c0e-a936-e9ce989df431,2026-05-27T17:30:00Z,2026-05-27T19:30:00+0200,57679.51921,MW,DE,DE_LU,actual_load,Actual Load,2026-06-11T07:22:11Z
2026-06-11T07:20:53Z,2026-06-11T09:20:53+0200,f3b72819-8f0f-4c0e-a936-e9ce989df431,2026-05-27T17:45:00Z,2026-05-27T19:45:00+0200,57785.24146,MW,DE,DE_LU,actual_load,Actual Load,2026-06-11T07:22:11Z
2026-06-11T07:20:53Z,2026-06-11T09:20:53+0200,f3b72819-8f0f-4c0e-a936-e9ce989df431,2026-05-27T18:00:00Z,2026-05-27T20:00:00+0200,57807.48831,MW,DE,DE_LU,actual_load,Actual Load,2026-06-11T07:22:11Z
2026-06-11T07:20:53Z,2026-06-11T09:20:53+0200,f3b72819-8f0f-4c0e-a936-e9ce989df431,2026-05-27T18:15:00Z,2026-05-27T20:15:00+0200,57253.56436,MW,DE,DE_LU,actual_load,Actual Load,2026-06-11T07:22:11Z
2026-06-11T07:20:53Z,2026-06-11T09:20:53+0200,f3b72819-8f0f-4c0e-a936-e9ce989df431,2026-05-27T18:30:00Z,2026-05-27T20:30:00+0200,56472.419,MW,DE,DE_LU,actual_load,Actual Load,2026-06-11T07:22:11Z
2026-06-11T07:20:53Z,2026-06-11T09:20:53+0200,f3b72819-8f0f-4c0e-a936-e9ce989df431,2026-05-27T18:45:00Z,2026-05-27T20:45:00+0200,55574.5696,MW,DE,DE_LU,actual_load,Actual Load,2026-06-11T07:22:11Z
2026-06-11T07:20:53Z,2026-06-11T09:20:53+0200,f3b72819-8f0f-4c0e-a936-e9ce989df431,2026-05-27T19:00:00Z,2026-05-27T21:00:00+0200,54704.56166,MW,DE,DE_LU,actual_load,Actual Load,2026-06-11T07:22:11Z
2026-06-11T07:20:53Z,2026-06-11T09:20:53+0200,f3b72819-8f0f-4c0e-a936-e9ce989df431,2026-05-27T19:15:00Z,2026-05-27T21:15:00+0200,54348.32776,MW,DE,DE_LU,actual_load,Actual Load,2026-06-11T07:22:11Z
2026-06-11T07:20:53Z,2026-06-11T09:20:53+0200,f3b72819-8f0f-4c0e-a936-e9ce989df431,2026-05-27T19:30:00Z,2026-05-27T21:30:00+0200,54648.11563,MW,DE,DE_LU,actual_load,Actual Load,2026-06-11T07:22:11Z
2026-06-11T07:20:53Z,2026-06-11T09:20:53+0200,f3b72819-8f0f-4c0e-a936-e9ce989df431,2026-05-27T19:45:00Z,2026-05-27T21:45:00+0200,54692.65784,MW,DE,DE_LU,actual_load,Actual Load,2026-06-11T07:22:11Z
2026-06-11T07:20:53Z,2026-06-11T09:20:53+0200,f3b72819-8f0f-4c0e-a936-e9ce989df431,2026-05-27T20:00:00Z,2026-05-27T22:00:00+0200,53126.07465,MW,DE,DE_LU,actual_load,Actual Load,2026-06-11T07:22:11Z
2026-06-11T07:20:53Z,2026-06-11T09:20:53+0200,f3b72819-8f0f-4c0e-a936-e9ce989df431,2026-05-27T20:15:00Z,2026-05-27T22:15:00+0200,52995.22181,MW,DE,DE_LU,actual_load,Actual Load,2026-06-11T07:22:11Z
2026-06-11T07:20:53Z,2026-06-11T09:20:53+0200,f3b72819-8f0f-4c0e-a936-e9ce989df431,2026-05-27T20:30:00Z,2026-05-27T22:30:00+0200,52615.8778,MW,DE,DE_LU,actual_load,Actual Load,2026-06-11T07:22:11Z
2026-06-11T07:20:53Z,2026-06-11T09:20:53+0200,f3b72819-8f0f-4c0e-a936-e9ce989df431,2026-05-27T20:45:00Z,2026-05-27T22:45:00+0200,52090.24963,MW,DE,DE_LU,actual_load,Actual Load,2026-06-11T07:22:11Z
2026-06-11T07:20:53Z,2026-06-11T09:20:53+0200,f3b72819-8f0f-4c0e-a936-e9ce989df431,2026-05-27T21:00:00Z,2026-05-27T23:00:00+0200,50638.05452,MW,DE,DE_LU,actual_load,Actual Load,2026-06-11T07:22:11Z
2026-06-11T07:20:53Z,2026-06-11T09:20:53+0200,f3b72819-8f0f-4c0e-a936-e9ce989df431,2026-05-27T21:15:00Z,2026-05-27T23:15:00+0200,49977.02461,MW,DE,DE_LU,actual_load,Actual Load,2026-06-11T07:22:11Z
2026-06-11T07:20:53Z,2026-06-11T09:20:53+0200,f3b72819-8f0f-4c0e-a936-e9ce989df431,2026-05-27T21:30:00Z,2026-05-27T23:30:00+0200,49127.51727,MW,DE,DE_LU,actual_load,Actual Load,2026-06-11T07:22:11Z
2026-06-11T07:20:53Z,2026-06-11T09:20:53+0200,f3b72819-8f0f-4c0e-a936-e9ce989df431,2026-05-27T21:45:00Z,2026-05-27T23:45:00+0200,48570.79221,MW,DE,DE_LU,actual_load,Actual Load,2026-06-11T07:22:11Z
2026-06-11T07:20:53Z,2026-06-11T09:20:53+0200,f3b72819-8f0f-4c0e-a936-e9ce989df431,2026-05-27T22:00:00Z,2026-05-28T00:00:00+0200,46991.02549,MW,DE,DE_LU,actual_load,Actual Load,2026-06-11T07:22:11Z
2026-06-11T07:20:53Z,2026-06-11T09:20:53+0200,f3b72819-8f0f-4c0e-a936-e9ce989df431,2026-05-27T22:15:00Z,2026-05-28T00:15:00+0200,46524.47206,MW,DE,DE_LU,actual_load,Actual Load,2026-06-11T07:22:11Z
2026-06-11T07:20:53Z,2026-06-11T09:20:53+0200,f3b72819-8f0f-4c0e-a936-e9ce989df431,2026-05-27T22:30:00Z,2026-05-28T00:30:00+0200,46503.91169,MW,DE,DE_LU,actual_load,Actual Load,2026-06-11T07:22:11Z
2026-06-11T07:20:53Z,2026-06-11T09:20:53+0200,f3b72819-8f0f-4c0e-a936-e9ce989df431,2026-05-27T22:45:00Z,2026-05-28T00:45:00+0200,46108.9432,MW,DE,DE_LU,actual_load,Actual Load,2026-06-11T07:22:11Z
2026-06-11T07:20:53Z,2026-06-11T09:20:53+0200,f3b72819-8f0f-4c0e-a936-e9ce989df431,2026-05-27T23:00:00Z,2026-05-28T01:00:00+0200,45195.27352,MW,DE,DE_LU,actual_load,Actual Load,2026-06-11T07:22:11Z
2026-06-11T07:20:53Z,2026-06-11T09:20:53+0200,f3b72819-8f0f-4c0e-a936-e9ce989df431,2026-05-27T23:15:00Z,2026-05-28T01:15:00+0200,45044.36867,MW,DE,DE_LU,actual_load,Actual Load,2026-06-11T07:22:11Z
2026-06-11T07:20:53Z,2026-06-11T09:20:53+0200,f3b72819-8f0f-4c0e-a936-e9ce989df431,2026-05-27T23:30:00Z,2026-05-28T01:30:00+0200,44519.45816,MW,DE,DE_LU,actual_load,Actual Load,2026-06-11T07:22:11Z
2026-06-11T07:20:53Z,2026-06-11T09:20:53+0200,f3b72819-8f0f-4c0e-a936-e9ce989df431,2026-05-27T23:45:00Z,2026-05-28T01:45:00+0200,44435.54486,MW,DE,DE_LU,actual_load,Actual Load,2026-06-11T07:22:11Z
2026-06-11T07:20:53Z,2026-06-11T09:20:53+0200,f3b72819-8f0f-4c0e-a936-e9ce989df431,2026-05-28T00:00:00Z,2026-05-28T02:00:00+0200,43913.25759,MW,DE,DE_LU,actual_load,Actual Load,2026-06-11T07:22:11Z
2026-06-11T07:20:53Z,2026-06-11T09:20:53+0200,f3b72819-8f0f-4c0e-a936-e9ce989df431,2026-05-28T00:15:00Z,2026-05-28T02:15:00+0200,43733.80022,MW,DE,DE_LU,actual_load,Actual Load,2026-06-11T07:22:11Z
2026-06-11T07:20:53Z,2026-06-11T09:20:53+0200,f3b72819-8f0f-4c0e-a936-e9ce989df431,2026-05-28T00:30:00Z,2026-05-28T02:30:00+0200,43480.18046,MW,DE,DE_LU,actual_load,Actual Load,2026-06-11T07:22:11Z
2026-06-11T07:20:53Z,2026-06-11T09:20:53+0200,f3b72819-8f0f-4c0e-a936-e9ce989df431,2026-05-28T00:45:00Z,2026-05-28T02:45:00+0200,43605.37547,MW,DE,DE_LU,actual_load,Actual Load,2026-06-11T07:22:11Z
2026-06-11T07:20:53Z,2026-06-11T09:20:53+0200,f3b72819-8f0f-4c0e-a936-e9ce989df431,2026-05-28T01:00:00Z,2026-05-28T03:00:00+0200,44078.23682,MW,DE,DE_LU,actual_load,Actual Load,2026-06-11T07:22:11Z
2026-06-11T07:20:53Z,2026-06-11T09:20:53+0200,f3b72819-8f0f-4c0e-a936-e9ce989df431,2026-05-28T01:15:00Z,2026-05-28T03:15:00+0200,43929.21596,MW,DE,DE_LU,actual_load,Actual Load,2026-06-11T07:22:11Z
2026-06-11T07:20:53Z,2026-06-11T09:20:53+0200,f3b72819-8f0f-4c0e-a936-e9ce989df431,2026-05-28T01:30:00Z,2026-05-28T03:30:00+0200,44344.593,MW,DE,DE_LU,actual_load,Actual Load,2026-06-11T07:22:11Z
2026-06-11T07:20:53Z,2026-06-11T09:20:53+0200,f3b72819-8f0f-4c0e-a936-e9ce989df431,2026-05-28T01:45:00Z,2026-05-28T03:45:00+0200,44361.4745,MW,DE,DE_LU,actual_load,Actual Load,2026-06-11T07:22:11Z
2026-06-11T07:20:53Z,2026-06-11T09:20:53+0200,f3b72819-8f0f-4c0e-a936-e9ce989df431,2026-05-28T02:00:00Z,2026-05-28T04:00:00+0200,43949.85541,MW,DE,DE_LU,actual_load,Actual Load,2026-06-11T07:22:11Z
2026-06-11T07:20:53Z,2026-06-11T09:20:53+0200,f3b72819-8f0f-4c0e-a936-e9ce989df431,2026-05-28T02:15:00Z,2026-05-28T04:15:00+0200,44270.49299,MW,DE,DE_LU,actual_load,Actual Load,2026-06-11T07:22:11Z
2026-06-11T07:20:53Z,2026-06-11T09:20:53+0200,f3b72819-8f0f-4c0e-a936-e9ce989df431,2026-05-28T02:30:00Z,2026-05-28T04:30:00+0200,44670.24822,MW,DE,DE_LU,actual_load,Actual Load,2026-06-11T07:22:11Z
2026-06-11T07:20:53Z,2026-06-11T09:20:53+0200,f3b72819-8f0f-4c0e-a936-e9ce989df431,2026-05-28T02:45:00Z,2026-05-28T04:45:00+0200,45141.47457,MW,DE,DE_LU,actual_load,Actual Load,2026-06-11T07:22:11Z
2026-06-11T07:20:53Z,2026-06-11T09:20:53+0200,f3b72819-8f0f-4c0e-a936-e9ce989df431,2026-05-28T03:00:00Z,2026-05-28T05:00:00+0200,46170.60444,MW,DE,DE_LU,actual_load,Actual Load,2026-06-11T07:22:11Z
2026-06-11T07:20:53Z,2026-06-11T09:20:53+0200,f3b72819-8f0f-4c0e-a936-e9ce989df431,2026-05-28T03:15:00Z,2026-05-28T05:15:00+0200,46563.35568,MW,DE,DE_LU,actual_load,Actual Load,2026-06-11T07:22:11Z
2026-06-11T07:20:53Z,2026-06-11T09:20:53+0200,f3b72819-8f0f-4c0e-a936-e9ce989df431,2026-05-28T03:30:00Z,2026-05-28T05:30:00+0200,47020.96715,MW,DE,DE_LU,actual_load,Actual Load,2026-06-11T07:22:11Z
2026-06-11T07:20:53Z,2026-06-11T09:20:53+0200,f3b72819-8f0f-4c0e-a936-e9ce989df431,2026-05-28T03:45:00Z,2026-05-28T05:45:00+0200,48462.87573,MW,DE,DE_LU,actual_load,Actual Load,2026-06-11T07:22:11Z
2026-06-11T07:20:53Z,2026-06-11T09:20:53+0200,f3b72819-8f0f-4c0e-a936-e9ce989df431,2026-05-28T04:00:00Z,2026-05-28T06:00:00+0200,50776.13766,MW,DE,DE_LU,actual_load,Actual Load,2026-06-11T07:22:11Z
2026-06-11T07:20:53Z,2026-06-11T09:20:53+0200,f3b72819-8f0f-4c0e-a936-e9ce989df431,2026-05-28T04:15:00Z,2026-05-28T06:15:00+0200,52153.92402,MW,DE,DE_LU,actual_load,Actual Load,2026-06-11T07:22:11Z
2026-06-11T07:20:53Z,2026-06-11T09:20:53+0200,f3b72819-8f0f-4c0e-a936-e9ce989df431,2026-05-28T04:30:00Z,2026-05-28T06:30:00+0200,53480.09228,MW,DE,DE_LU,actual_load,Actual Load,2026-06-11T07:22:11Z
2026-06-11T07:20:53Z,2026-06-11T09:20:53+0200,f3b72819-8f0f-4c0e-a936-e9ce989df431,2026-05-28T04:45:00Z,2026-05-28T06:45:00+0200,54387.21098,MW,DE,DE_LU,actual_load,Actual Load,2026-06-11T07:22:11Z
2026-06-11T07:20:53Z,2026-06-11T09:20:53+0200,f3b72819-8f0f-4c0e-a936-e9ce989df431,2026-05-28T05:00:00Z,2026-05-28T07:00:00+0200,55279.83359,MW,DE,DE_LU,actual_load,Actual Load,2026-06-11T07:22:11Z
2026-06-11T07:20:53Z,2026-06-11T09:20:53+0200,f3b72819-8f0f-4c0e-a936-e9ce989df431,2026-05-28T05:15:00Z,2026-05-28T07:15:00+0200,56058.59814,MW,DE,DE_LU,actual_load,Actual Load,2026-06-11T07:22:11Z
2026-06-11T07:20:53Z,2026-06-11T09:20:53+0200,f3b72819-8f0f-4c0e-a936-e9ce989df431,2026-05-28T05:30:00Z,2026-05-28T07:30:00+0200,56796.61471,MW,DE,DE_LU,actual_load,Actual Load,2026-06-11T07:22:11Z
2026-06-11T07:20:53Z,2026-06-11T09:20:53+0200,f3b72819-8f0f-4c0e-a936-e9ce989df431,2026-05-28T05:45:00Z,2026-05-28T07:45:00+0200,57200.72829,MW,DE,DE_LU,actual_load,Actual Load,2026-06-11T07:22:11Z
2026-06-11T07:20:53Z,2026-06-11T09:20:53+0200,f3b72819-8f0f-4c0e-a936-e9ce989df431,2026-05-28T06:00:00Z,2026-05-28T08:00:00+0200,57044.33774,MW,DE,DE_LU,actual_load,Actual Load,2026-06-11T07:22:11Z
2026-06-11T07:20:53Z,2026-06-11T09:20:53+0200,f3b72819-8f0f-4c0e-a936-e9ce989df431,2026-05-28T06:15:00Z,2026-05-28T08:15:00+0200,57758.14252,MW,DE,DE_LU,actual_load,Actual Load,2026-06-11T07:22:11Z
2026-06-11T07:20:53Z,2026-06-11T09:20:53+0200,f3b72819-8f0f-4c0e-a936-e9ce989df431,2026-05-28T06:30:00Z,2026-05-28T08:30:00+0200,58421.36916,MW,DE,DE_LU,actual_load,Actual Load,2026-06-11T07:22:11Z
2026-06-11T07:20:53Z,2026-06-11T09:20:53+0200,f3b72819-8f0f-4c0e-a936-e9ce989df431,2026-05-28T06:45:00Z,2026-05-28T08:45:00+0200,58242.85082,MW,DE,DE_LU,actual_load,Actual Load,2026-06-11T07:22:11Z
2026-06-11T07:20:53Z,2026-06-11T09:20:53+0200,f3b72819-8f0f-4c0e-a936-e9ce989df431,2026-05-28T07:00:00Z,2026-05-28T09:00:00+0200,57204.07271,MW,DE,DE_LU,actual_load,Actual Load,2026-06-11T07:22:11Z
2026-06-11T07:20:53Z,2026-06-11T09:20:53+0200,f3b72819-8f0f-4c0e-a936-e9ce989df431,2026-05-28T07:15:00Z,2026-05-28T09:15:00+0200,56842.49928,MW,DE,DE_LU,actual_load,Actual Load,2026-06-11T07:22:11Z
2026-06-11T07:20:53Z,2026-06-11T09:20:53+0200,f3b72819-8f0f-4c0e-a936-e9ce989df431,2026-05-28T07:30:00Z,2026-05-28T09:30:00+0200,56861.51669,MW,DE,DE_LU,actual_load,Actual Load,2026-06-11T07:22:11Z
2026-06-11T07:20:53Z,2026-06-11T09:20:53+0200,f3b72819-8f0f-4c0e-a936-e9ce989df431,2026-05-28T07:45:00Z,2026-05-28T09:45:00+0200,57007.646,MW,DE,DE_LU,actual_load,Actual Load,2026-06-11T07:22:11Z
2026-06-11T07:20:53Z,2026-06-11T09:20:53+0200,f3b72819-8f0f-4c0e-a936-e9ce989df431,2026-05-28T08:00:00Z,2026-05-28T10:00:00+0200,56990.58922,MW,DE,DE_LU,actual_load,Actual Load,2026-06-11T07:22:11Z
2026-06-11T07:20:53Z,2026-06-11T09:20:53+0200,f3b72819-8f0f-4c0e-a936-e9ce989df431,2026-05-28T08:15:00Z,2026-05-28T10:15:00+0200,56763.45418,MW,DE,DE_LU,actual_load,Actual Load,2026-06-11T07:22:11Z
2026-06-11T07:20:53Z,2026-06-11T09:20:53+0200,f3b72819-8f0f-4c0e-a936-e9ce989df431,2026-05-28T08:30:00Z,2026-05-28T10:30:00+0200,56605.28786,MW,DE,DE_LU,actual_load,Actual Load,2026-06-11T07:22:11Z
2026-06-11T07:20:53Z,2026-06-11T09:20:53+0200,f3b72819-8f0f-4c0e-a936-e9ce989df431,2026-05-28T08:45:00Z,2026-05-28T10:45:00+0200,56078.20632,MW,DE,DE_LU,actual_load,Actual Load,2026-06-11T07:22:11Z
2026-06-11T07:20:53Z,2026-06-11T09:20:53+0200,f3b72819-8f0f-4c0e-a936-e9ce989df431,2026-05-28T09:00:00Z,2026-05-28T11:00:00+0200,56006.4852,MW,DE,DE_LU,actual_load,Actual Load,2026-06-11T07:22:11Z
2026-06-11T07:20:53Z,2026-06-11T09:20:53+0200,f3b72819-8f0f-4c0e-a936-e9ce989df431,2026-05-28T09:15:00Z,2026-05-28T11:15:00+0200,55233.05406,MW,DE,DE_LU,actual_load,Actual Load,2026-06-11T07:22:11Z
2026-06-11T07:20:53Z,2026-06-11T09:20:53+0200,f3b72819-8f0f-4c0e-a936-e9ce989df431,2026-05-28T09:30:00Z,2026-05-28T11:30:00+0200,55539.90408,MW,DE,DE_LU,actual_load,Actual Load,2026-06-11T07:22:11Z
2026-06-11T07:20:53Z,2026-06-11T09:20:53+0200,f3b72819-8f0f-4c0e-a936-e9ce989df431,2026-05-28T09:45:00Z,2026-05-28T11:45:00+0200,55689.73545,MW,DE,DE_LU,actual_load,Actual Load,2026-06-11T07:22:11Z
2026-06-11T07:20:53Z,2026-06-11T09:20:53+0200,f3b72819-8f0f-4c0e-a936-e9ce989df431,2026-05-28T10:00:00Z,2026-05-28T12:00:00+0200,55370.1142,MW,DE,DE_LU,actual_load,Actual Load,2026-06-11T07:22:11Z
2026-06-11T07:20:53Z,2026-06-11T09:20:53+0200,f3b72819-8f0f-4c0e-a936-e9ce989df431,2026-05-28T10:15:00Z,2026-05-28T12:15:00+0200,55345.59764,MW,DE,DE_LU,actual_load,Actual Load,2026-06-11T07:22:11Z
2026-06-11T07:20:53Z,2026-06-11T09:20:53+0200,f3b72819-8f0f-4c0e-a936-e9ce989df431,2026-05-28T10:30:00Z,2026-05-28T12:30:00+0200,55144.79016,MW,DE,DE_LU,actual_load,Actual Load,2026-06-11T07:22:11Z
2026-06-11T07:20:53Z,2026-06-11T09:20:53+0200,f3b72819-8f0f-4c0e-a936-e9ce989df431,2026-05-28T10:45:00Z,2026-05-28T12:45:00+0200,55014.81918,MW,DE,DE_LU,actual_load,Actual Load,2026-06-11T07:22:11Z
2026-06-11T07:20:53Z,2026-06-11T09:20:53+0200,f3b72819-8f0f-4c0e-a936-e9ce989df431,2026-05-28T11:00:00Z,2026-05-28T13:00:00+0200,54921.17062,MW,DE,DE_LU,actual_load,Actual Load,2026-06-11T07:22:11Z
2026-06-11T07:20:53Z,2026-06-11T09:20:53+0200,f3b72819-8f0f-4c0e-a936-e9ce989df431,2026-05-28T11:15:00Z,2026-05-28T13:15:00+0200,54710.7938,MW,DE,DE_LU,actual_load,Actual Load,2026-06-11T07:22:11Z
2026-06-11T07:20:53Z,2026-06-11T09:20:53+0200,f3b72819-8f0f-4c0e-a936-e9ce989df431,2026-05-28T11:30:00Z,2026-05-28T13:30:00+0200,54604.16555,MW,DE,DE_LU,actual_load,Actual Load,2026-06-11T07:22:11Z
2026-06-11T07:20:53Z,2026-06-11T09:20:53+0200,f3b72819-8f0f-4c0e-a936-e9ce989df431,2026-05-28T11:45:00Z,2026-05-28T13:45:00+0200,54028.11624,MW,DE,DE_LU,actual_load,Actual Load,2026-06-11T07:22:11Z
2026-06-11T07:20:53Z,2026-06-11T09:20:53+0200,f3b72819-8f0f-4c0e-a936-e9ce989df431,2026-05-28T12:00:00Z,2026-05-28T14:00:00+0200,53233.64354,MW,DE,DE_LU,actual_load,Actual Load,2026-06-11T07:22:11Z
2026-06-11T07:20:53Z,2026-06-11T09:20:53+0200,f3b72819-8f0f-4c0e-a936-e9ce989df431,2026-05-28T12:15:00Z,2026-05-28T14:15:00+0200,53038.44384,MW,DE,DE_LU,actual_load,Actual Load,2026-06-11T07:22:11Z
2026-06-11T07:20:53Z,2026-06-11T09:20:53+0200,f3b72819-8f0f-4c0e-a936-e9ce989df431,2026-05-28T12:30:00Z,2026-05-28T14:30:00+0200,52537.42478,MW,DE,DE_LU,actual_load,Actual Load,2026-06-11T07:22:11Z
2026-06-11T07:20:53Z,2026-06-11T09:20:53+0200,f3b72819-8f0f-4c0e-a936-e9ce989df431,2026-05-28T12:45:00Z,2026-05-28T14:45:00+0200,52162.40299,MW,DE,DE_LU,actual_load,Actual Load,2026-06-11T07:22:11Z
2026-06-11T07:20:53Z,2026-06-11T09:20:53+0200,f3b72819-8f0f-4c0e-a936-e9ce989df431,2026-05-28T13:00:00Z,2026-05-28T15:00:00+0200,52456.61581,MW,DE,DE_LU,actual_load,Actual Load,2026-06-11T07:22:11Z
2026-06-11T07:20:53Z,2026-06-11T09:20:53+0200,f3b72819-8f0f-4c0e-a936-e9ce989df431,2026-05-28T13:15:00Z,2026-05-28T15:15:00+0200,52367.20468,MW,DE,DE_LU,actual_load,Actual Load,2026-06-11T07:22:11Z
2026-06-11T07:20:53Z,2026-06-11T09:20:53+0200,f3b72819-8f0f-4c0e-a936-e9ce989df431,2026-05-28T13:30:00Z,2026-05-28T15:30:00+0200,51818.66293,MW,DE,DE_LU,actual_load,Actual Load,2026-06-11T07:22:11Z
2026-06-11T07:20:53Z,2026-06-11T09:20:53+0200,f3b72819-8f0f-4c0e-a936-e9ce989df431,2026-05-28T13:45:00Z,2026-05-28T15:45:00+0200,52022.52411,MW,DE,DE_LU,actual_load,Actual Load,2026-06-11T07:22:11Z
2026-06-11T07:20:53Z,2026-06-11T09:20:53+0200,f3b72819-8f0f-4c0e-a936-e9ce989df431,2026-05-28T14:00:00Z,2026-05-28T16:00:00+0200,52631.78876,MW,DE,DE_LU,actual_load,Actual Load,2026-06-11T07:22:11Z
2026-06-11T07:20:53Z,2026-06-11T09:20:53+0200,f3b72819-8f0f-4c0e-a936-e9ce989df431,2026-05-28T14:15:00Z,2026-05-28T16:15:00+0200,52759.59306,MW,DE,DE_LU,actual_load,Actual Load,2026-06-11T07:22:11Z
2026-06-11T07:20:53Z,2026-06-11T09:20:53+0200,f3b72819-8f0f-4c0e-a936-e9ce989df431,2026-05-28T14:30:00Z,2026-05-28T16:30:00+0200,52226.98703,MW,DE,DE_LU,actual_load,Actual Load,2026-06-11T07:22:11Z
2026-06-11T07:20:53Z,2026-06-11T09:20:53+0200,f3b72819-8f0f-4c0e-a936-e9ce989df431,2026-05-28T14:45:00Z,2026-05-28T16:45:00+0200,52551.96785,MW,DE,DE_LU,actual_load,Actual Load,2026-06-11T07:22:11Z
2026-06-11T07:20:53Z,2026-06-11T09:20:53+0200,f3b72819-8f0f-4c0e-a936-e9ce989df431,2026-05-28T15:00:00Z,2026-05-28T17:00:00+0200,52742.00446,MW,DE,DE_LU,actual_load,Actual Load,2026-06-11T07:22:11Z
2026-06-11T07:20:53Z,2026-06-11T09:20:53+0200,f3b72819-8f0f-4c0e-a936-e9ce989df431,2026-05-28T15:15:00Z,2026-05-28T17:15:00+0200,53243.85353,MW,DE,DE_LU,actual_load,Actual Load,2026-06-11T07:22:11Z
2026-06-11T07:20:53Z,2026-06-11T09:20:53+0200,f3b72819-8f0f-4c0e-a936-e9ce989df431,2026-05-28T15:30:00Z,2026-05-28T17:30:00+0200,54043.3042,MW,DE,DE_LU,actual_load,Actual Load,2026-06-11T07:22:11Z
2026-06-11T07:20:53Z,2026-06-11T09:20:53+0200,f3b72819-8f0f-4c0e-a936-e9ce989df431,2026-05-28T15:45:00Z,2026-05-28T17:45:00+0200,54236.08766,MW,DE,DE_LU,actual_load,Actual Load,2026-06-11T07:22:11Z
2026-06-11T07:20:53Z,2026-06-11T09:20:53+0200,f3b72819-8f0f-4c0e-a936-e9ce989df431,2026-05-28T16:00:00Z,2026-05-28T18:00:00+0200,54364.85524,MW,DE,DE_LU,actual_load,Actual Load,2026-06-11T07:22:11Z
2026-06-11T07:20:53Z,2026-06-11T09:20:53+0200,f3b72819-8f0f-4c0e-a936-e9ce989df431,2026-05-28T16:15:00Z,2026-05-28T18:15:00+0200,54532.92824,MW,DE,DE_LU,actual_load,Actual Load,2026-06-11T07:22:11Z
2026-06-11T07:20:53Z,2026-06-11T09:20:53+0200,f3b72819-8f0f-4c0e-a936-e9ce989df431,2026-05-28T16:30:00Z,2026-05-28T18:30:00+0200,54967.00313,MW,DE,DE_LU,actual_load,Actual Load,2026-06-11T07:22:11Z
2026-06-11T07:20:53Z,2026-06-11T09:20:53+0200,f3b72819-8f0f-4c0e-a936-e9ce989df431,2026-05-28T16:45:00Z,2026-05-28T18:45:00+0200,55790.39981,MW,DE,DE_LU,actual_load,Actual Load,2026-06-11T07:22:11Z
2026-06-11T07:20:53Z,2026-06-11T09:20:53+0200,f3b72819-8f0f-4c0e-a936-e9ce989df431,2026-05-28T17:00:00Z,2026-05-28T19:00:00+0200,56507.70482,MW,DE,DE_LU,actual_load,Actual Load,2026-06-11T07:22:11Z
2026-06-11T07:20:53Z,2026-06-11T09:20:53+0200,f3b72819-8f0f-4c0e-a936-e9ce989df431,2026-05-28T17:15:00Z,2026-05-28T19:15:00+0200,56732.27218,MW,DE,DE_LU,actual_load,Actual Load,2026-06-11T07:22:11Z
2026-06-11T07:20:53Z,2026-06-11T09:20:53+0200,f3b72819-8f0f-4c0e-a936-e9ce989df431,2026-05-28T17:30:00Z,2026-05-28T19:30:00+0200,56984.05922,MW,DE,DE_LU,actual_load,Actual Load,2026-06-11T07:22:11Z
2026-06-11T07:20:53Z,2026-06-11T09:20:53+0200,f3b72819-8f0f-4c0e-a936-e9ce989df431,2026-05-28T17:45:00Z,2026-05-28T19:45:00+0200,56815.78843,MW,DE,DE_LU,actual_load,Actual Load,2026-06-11T07:22:11Z
2026-06-11T07:20:53Z,2026-06-11T09:20:53+0200,f3b72819-8f0f-4c0e-a936-e9ce989df431,2026-05-28T18:00:00Z,2026-05-28T20:00:00+0200,56498.9197,MW,DE,DE_LU,actual_load,Actual Load,2026-06-11T07:22:11Z
2026-06-11T07:20:53Z,2026-06-11T09:20:53+0200,f3b72819-8f0f-4c0e-a936-e9ce989df431,2026-05-28T18:15:00Z,2026-05-28T20:15:00+0200,56037.29781,MW,DE,DE_LU,actual_load,Actual Load,2026-06-11T07:22:11Z
2026-06-11T07:20:53Z,2026-06-11T09:20:53+0200,f3b72819-8f0f-4c0e-a936-e9ce989df431,2026-05-28T18:30:00Z,2026-05-28T20:30:00+0200,55268.54981,MW,DE,DE_LU,actual_load,Actual Load,2026-06-11T07:22:11Z
2026-06-11T07:20:53Z,2026-06-11T09:20:53+0200,f3b72819-8f0f-4c0e-a936-e9ce989df431,2026-05-28T18:45:00Z,2026-05-28T20:45:00+0200,54592.41992,MW,DE,DE_LU,actual_load,Actual Load,2026-06-11T07:22:11Z
2026-06-11T07:20:53Z,2026-06-11T09:20:53+0200,f3b72819-8f0f-4c0e-a936-e9ce989df431,2026-05-28T19:00:00Z,2026-05-28T21:00:00+0200,53993.49113,MW,DE,DE_LU,actual_load,Actual Load,2026-06-11T07:22:11Z
2026-06-11T07:20:53Z,2026-06-11T09:20:53+0200,f3b72819-8f0f-4c0e-a936-e9ce989df431,2026-05-28T19:15:00Z,2026-05-28T21:15:00+0200,53876.58346,MW,DE,DE_LU,actual_load,Actual Load,2026-06-11T07:22:11Z
2026-06-11T07:20:53Z,2026-06-11T09:20:53+0200,f3b72819-8f0f-4c0e-a936-e9ce989df431,2026-05-28T19:30:00Z,2026-05-28T21:30:00+0200,53447.59518,MW,DE,DE_LU,actual_load,Actual Load,2026-06-11T07:22:11Z
2026-06-11T07:20:53Z,2026-06-11T09:20:53+0200,f3b72819-8f0f-4c0e-a936-e9ce989df431,2026-05-28T19:45:00Z,2026-05-28T21:45:00+0200,53347.98263,MW,DE,DE_LU,actual_load,Actual Load,2026-06-11T07:22:11Z
2026-06-11T07:20:53Z,2026-06-11T09:20:53+0200,f3b72819-8f0f-4c0e-a936-e9ce989df431,2026-05-28T20:00:00Z,2026-05-28T22:00:00+0200,52230.61564,MW,DE,DE_LU,actual_load,Actual Load,2026-06-11T07:22:11Z
2026-06-11T07:20:53Z,2026-06-11T09:20:53+0200,f3b72819-8f0f-4c0e-a936-e9ce989df431,2026-05-28T20:15:00Z,2026-05-28T22:15:00+0200,52112.29258,MW,DE,DE_LU,actual_load,Actual Load,2026-06-11T07:22:11Z
2026-06-11T07:20:53Z,2026-06-11T09:20:53+0200,f3b72819-8f0f-4c0e-a936-e9ce989df431,2026-05-28T20:30:00Z,2026-05-28T22:30:00+0200,51415.1835,MW,DE,DE_LU,actual_load,Actual Load,2026-06-11T07:22:11Z
2026-06-11T07:20:53Z,2026-06-11T09:20:53+0200,f3b72819-8f0f-4c0e-a936-e9ce989df431,2026-05-28T20:45:00Z,2026-05-28T22:45:00+0200,50954.30675,MW,DE,DE_LU,actual_load,Actual Load,2026-06-11T07:22:11Z
2026-06-11T07:20:53Z,2026-06-11T09:20:53+0200,f3b72819-8f0f-4c0e-a936-e9ce989df431,2026-05-28T21:00:00Z,2026-05-28T23:00:00+0200,49775.16167,MW,DE,DE_LU,actual_load,Actual Load,2026-06-11T07:22:11Z
2026-06-11T07:20:53Z,2026-06-11T09:20:53+0200,f3b72819-8f0f-4c0e-a936-e9ce989df431,2026-05-28T21:15:00Z,2026-05-28T23:15:00+0200,49430.53008,MW,DE,DE_LU,actual_load,Actual Load,2026-06-11T07:22:11Z
2026-06-11T07:20:53Z,2026-06-11T09:20:53+0200,f3b72819-8f0f-4c0e-a936-e9ce989df431,2026-05-28T21:30:00Z,2026-05-28T23:30:00+0200,48846.2799,MW,DE,DE_LU,actual_load,Actual Load,2026-06-11T07:22:11Z
2026-06-11T07:20:53Z,2026-06-11T09:20:53+0200,f3b72819-8f0f-4c0e-a936-e9ce989df431,2026-05-28T21:45:00Z,2026-05-28T23:45:00+0200,47774.80483,MW,DE,DE_LU,actual_load,Actual Load,2026-06-11T07:22:11Z
2026-06-11T07:20:53Z,2026-06-11T09:20:53+0200,f3b72819-8f0f-4c0e-a936-e9ce989df431,2026-05-28T22:00:00Z,2026-05-29T00:00:00+0200,46917.73329,MW,DE,DE_LU,actual_load,Actual Load,2026-06-11T07:22:11Z
2026-06-11T07:20:53Z,2026-06-11T09:20:53+0200,f3b72819-8f0f-4c0e-a936-e9ce989df431,2026-05-28T22:15:00Z,2026-05-29T00:15:00+0200,46381.36601,MW,DE,DE_LU,actual_load,Actual Load,2026-06-11T07:22:11Z
2026-06-11T07:20:53Z,2026-06-11T09:20:53+0200,f3b72819-8f0f-4c0e-a936-e9ce989df431,2026-05-28T22:30:00Z,2026-05-29T00:30:00+0200,46089.15766,MW,DE,DE_LU,actual_load,Actual Load,2026-06-11T07:22:11Z
2026-06-11T07:20:53Z,2026-06-11T09:20:53+0200,f3b72819-8f0f-4c0e-a936-e9ce989df431,2026-05-28T22:45:00Z,2026-05-29T00:45:00+0200,45861.45459,MW,DE,DE_LU,actual_load,Actual Load,2026-06-11T07:22:11Z
2026-06-11T07:20:53Z,2026-06-11T09:20:53+0200,f3b72819-8f0f-4c0e-a936-e9ce989df431,2026-05-28T23:00:00Z,2026-05-29T01:00:00+0200,45498.10537,MW,DE,DE_LU,actual_load,Actual Load,2026-06-11T07:22:11Z
2026-06-11T07:20:53Z,2026-06-11T09:20:53+0200,f3b72819-8f0f-4c0e-a936-e9ce989df431,2026-05-28T23:15:00Z,2026-05-29T01:15:00+0200,45027.9261,MW,DE,DE_LU,actual_load,Actual Load,2026-06-11T07:22:11Z
2026-06-11T07:20:53Z,2026-06-11T09:20:53+0200,f3b72819-8f0f-4c0e-a936-e9ce989df431,2026-05-28T23:30:00Z,2026-05-29T01:30:00+0200,44414.76379,MW,DE,DE_LU,actual_load,Actual Load,2026-06-11T07:22:11Z
2026-06-11T07:20:53Z,2026-06-11T09:20:53+0200,f3b72819-8f0f-4c0e-a936-e9ce989df431,2026-05-28T23:45:00Z,2026-05-29T01:45:00+0200,44026.99325,MW,DE,DE_LU,actual_load,Actual Load,2026-06-11T07:22:11Z
2026-06-11T07:20:53Z,2026-06-11T09:20:53+0200,f3b72819-8f0f-4c0e-a936-e9ce989df431,2026-05-29T00:00:00Z,2026-05-29T02:00:00+0200,44133.80893,MW,DE,DE_LU,actual_load,Actual Load,2026-06-11T07:22:11Z
2026-06-11T07:20:53Z,2026-06-11T09:20:53+0200,f3b72819-8f0f-4c0e-a936-e9ce989df431,2026-05-29T00:15:00Z,2026-05-29T02:15:00+0200,44305.27677,MW,DE,DE_LU,actual_load,Actual Load,2026-06-11T07:22:11Z
2026-06-11T07:20:53Z,2026-06-11T09:20:53+0200,f3b72819-8f0f-4c0e-a936-e9ce989df431,2026-05-29T00:30:00Z,2026-05-29T02:30:00+0200,44085.97977,MW,DE,DE_LU,actual_load,Actual Load,2026-06-11T07:22:11Z
2026-06-11T07:20:53Z,2026-06-11T09:20:53+0200,f3b72819-8f0f-4c0e-a936-e9ce989df431,2026-05-29T00:45:00Z,2026-05-29T02:45:00+0200,43976.90168,MW,DE,DE_LU,actual_load,Actual Load,2026-06-11T07:22:11Z
2026-06-11T07:20:53Z,2026-06-11T09:20:53+0200,f3b72819-8f0f-4c0e-a936-e9ce989df431,2026-05-29T01:00:00Z,2026-05-29T03:00:00+0200,43870.37981,MW,DE,DE_LU,actual_load,Actual Load,2026-06-11T07:22:11Z
2026-06-11T07:20:53Z,2026-06-11T09:20:53+0200,f3b72819-8f0f-4c0e-a936-e9ce989df431,2026-05-29T01:15:00Z,2026-05-29T03:15:00+0200,43883.63168,MW,DE,DE_LU,actual_load,Actual Load,2026-06-11T07:22:11Z
2026-06-11T07:20:53Z,2026-06-11T09:20:53+0200,f3b72819-8f0f-4c0e-a936-e9ce989df431,2026-05-29T01:30:00Z,2026-05-29T03:30:00+0200,44208.92801,MW,DE,DE_LU,actual_load,Actual Load,2026-06-11T07:22:11Z
2026-06-11T07:20:53Z,2026-06-11T09:20:53+0200,f3b72819-8f0f-4c0e-a936-e9ce989df431,2026-05-29T01:45:00Z,2026-05-29T03:45:00+0200,44469.42583,MW,DE,DE_LU,actual_load,Actual Load,2026-06-11T07:22:11Z
2026-06-11T07:20:53Z,2026-06-11T09:20:53+0200,f3b72819-8f0f-4c0e-a936-e9ce989df431,2026-05-29T02:00:00Z,2026-05-29T04:00:00+0200,44686.79319,MW,DE,DE_LU,actual_load,Actual Load,2026-06-11T07:22:11Z
2026-06-11T07:20:53Z,2026-06-11T09:20:53+0200,f3b72819-8f0f-4c0e-a936-e9ce989df431,2026-05-29T02:15:00Z,2026-05-29T04:15:00+0200,45255.59945,MW,DE,DE_LU,actual_load,Actual Load,2026-06-11T07:22:11Z
2026-06-11T07:20:53Z,2026-06-11T09:20:53+0200,f3b72819-8f0f-4c0e-a936-e9ce989df431,2026-05-29T02:30:00Z,2026-05-29T04:30:00+0200,45789.86262,MW,DE,DE_LU,actual_load,Actual Load,2026-06-11T07:22:11Z
2026-06-11T07:20:53Z,2026-06-11T09:20:53+0200,f3b72819-8f0f-4c0e-a936-e9ce989df431,2026-05-29T02:45:00Z,2026-05-29T04:45:00+0200,46239.51843,MW,DE,DE_LU,actual_load,Actual Load,2026-06-11T07:22:11Z
2026-06-11T07:20:53Z,2026-06-11T09:20:53+0200,f3b72819-8f0f-4c0e-a936-e9ce989df431,2026-05-29T03:00:00Z,2026-05-29T05:00:00+0200,46856.58207,MW,DE,DE_LU,actual_load,Actual Load,2026-06-11T07:22:11Z
2026-06-11T07:20:53Z,2026-06-11T09:20:53+0200,f3b72819-8f0f-4c0e-a936-e9ce989df431,2026-05-29T03:15:00Z,2026-05-29T05:15:00+0200,46908.74708,MW,DE,DE_LU,actual_load,Actual Load,2026-06-11T07:22:11Z
2026-06-11T07:20:53Z,2026-06-11T09:20:53+0200,f3b72819-8f0f-4c0e-a936-e9ce989df431,2026-05-29T03:30:00Z,2026-05-29T05:30:00+0200,47831.91804,MW,DE,DE_LU,actual_load,Actual Load,2026-06-11T07:22:11Z
2026-06-11T07:20:53Z,2026-06-11T09:20:53+0200,f3b72819-8f0f-4c0e-a936-e9ce989df431,2026-05-29T03:45:00Z,2026-05-29T05:45:00+0200,49139.21746,MW,DE,DE_LU,actual_load,Actual Load,2026-06-11T07:22:11Z
2026-06-11T07:20:53Z,2026-06-11T09:20:53+0200,f3b72819-8f0f-4c0e-a936-e9ce989df431,2026-05-29T04:00:00Z,2026-05-29T06:00:00+0200,51873.83116,MW,DE,DE_LU,actual_load,Actual Load,2026-06-11T07:22:11Z
2026-06-11T07:20:53Z,2026-06-11T09:20:53+0200,f3b72819-8f0f-4c0e-a936-e9ce989df431,2026-05-29T04:15:00Z,2026-05-29T06:15:00+0200,53907.60481,MW,DE,DE_LU,actual_load,Actual Load,2026-06-11T07:22:11Z
2026-06-11T07:20:53Z,2026-06-11T09:20:53+0200,f3b72819-8f0f-4c0e-a936-e9ce989df431,2026-05-29T04:30:00Z,2026-05-29T06:30:00+0200,54639.48298,MW,DE,DE_LU,actual_load,Actual Load,2026-06-11T07:22:11Z
2026-06-11T07:20:53Z,2026-06-11T09:20:53+0200,f3b72819-8f0f-4c0e-a936-e9ce989df431,2026-05-29T04:45:00Z,2026-05-29T06:45:00+0200,55550.8567,MW,DE,DE_LU,actual_load,Actual Load,2026-06-11T07:22:11Z
2026-06-11T07:20:53Z,2026-06-11T09:20:53+0200,f3b72819-8f0f-4c0e-a936-e9ce989df431,2026-05-29T05:00:00Z,2026-05-29T07:00:00+0200,56315.39057,MW,DE,DE_LU,actual_load,Actual Load,2026-06-11T07:22:11Z
2026-06-11T07:20:53Z,2026-06-11T09:20:53+0200,f3b72819-8f0f-4c0e-a936-e9ce989df431,2026-05-29T05:15:00Z,2026-05-29T07:15:00+0200,57248.6342,MW,DE,DE_LU,actual_load,Actual Load,2026-06-11T07:22:11Z
2026-06-11T07:20:53Z,2026-06-11T09:20:53+0200,f3b72819-8f0f-4c0e-a936-e9ce989df431,2026-05-29T05:30:00Z,2026-05-29T07:30:00+0200,57933.88964,MW,DE,DE_LU,actual_load,Actual Load,2026-06-11T07:22:11Z
2026-06-11T07:20:53Z,2026-06-11T09:20:53+0200,f3b72819-8f0f-4c0e-a936-e9ce989df431,2026-05-29T05:45:00Z,2026-05-29T07:45:00+0200,58654.76634,MW,DE,DE_LU,actual_load,Actual Load,2026-06-11T07:22:11Z
2026-06-11T07:20:53Z,2026-06-11T09:20:53+0200,f3b72819-8f0f-4c0e-a936-e9ce989df431,2026-05-29T06:00:00Z,2026-05-29T08:00:00+0200,59112.38915,MW,DE,DE_LU,actual_load,Actual Load,2026-06-11T07:22:11Z
2026-06-11T07:20:53Z,2026-06-11T09:20:53+0200,f3b72819-8f0f-4c0e-a936-e9ce989df431,2026-05-29T06:15:00Z,2026-05-29T08:15:00+0200,59172.79221,MW,DE,DE_LU,actual_load,Actual Load,2026-06-11T07:22:11Z
2026-06-11T07:20:53Z,2026-06-11T09:20:53+0200,f3b72819-8f0f-4c0e-a936-e9ce989df431,2026-05-29T06:30:00Z,2026-05-29T08:30:00+0200,59105.59117,MW,DE,DE_LU,actual_load,Actual Load,2026-06-11T07:22:11Z
2026-06-11T07:20:53Z,2026-06-11T09:20:53+0200,f3b72819-8f0f-4c0e-a936-e9ce989df431,2026-05-29T06:45:00Z,2026-05-29T08:45:00+0200,58334.13704,MW,DE,DE_LU,actual_load,Actual Load,2026-06-11T07:22:11Z
2026-06-11T07:20:53Z,2026-06-11T09:20:53+0200,f3b72819-8f0f-4c0e-a936-e9ce989df431,2026-05-29T07:00:00Z,2026-05-29T09:00:00+0200,58058.47914,MW,DE,DE_LU,actual_load,Actual Load,2026-06-11T07:22:11Z
2026-06-11T07:20:53Z,2026-06-11T09:20:53+0200,f3b72819-8f0f-4c0e-a936-e9ce989df431,2026-05-29T07:15:00Z,2026-05-29T09:15:00+0200,58042.73311,MW,DE,DE_LU,actual_load,Actual Load,2026-06-11T07:22:11Z
2026-06-11T07:20:53Z,2026-06-11T09:20:53+0200,f3b72819-8f0f-4c0e-a936-e9ce989df431,2026-05-29T07:30:00Z,2026-05-29T09:30:00+0200,57627.53706,MW,DE,DE_LU,actual_load,Actual Load,2026-06-11T07:22:11Z
2026-06-11T07:20:53Z,2026-06-11T09:20:53+0200,f3b72819-8f0f-4c0e-a936-e9ce989df431,2026-05-29T07:45:00Z,2026-05-29T09:45:00+0200,58071.53999,MW,DE,DE_LU,actual_load,Actual Load,2026-06-11T07:22:11Z
2026-06-11T07:20:53Z,2026-06-11T09:20:53+0200,f3b72819-8f0f-4c0e-a936-e9ce989df431,2026-05-29T08:00:00Z,2026-05-29T10:00:00+0200,58308.54978,MW,DE,DE_LU,actual_load,Actual Load,2026-06-11T07:22:11Z
2026-06-11T07:20:53Z,2026-06-11T09:20:53+0200,f3b72819-8f0f-4c0e-a936-e9ce989df431,2026-05-29T08:15:00Z,2026-05-29T10:15:00+0200,58105.24781,MW,DE,DE_LU,actual_load,Actual Load,2026-06-11T07:22:11Z
2026-06-11T07:20:53Z,2026-06-11T09:20:53+0200,f3b72819-8f0f-4c0e-a936-e9ce989df431,2026-05-29T08:30:00Z,2026-05-29T10:30:00+0200,57674.40848,MW,DE,DE_LU,actual_load,Actual Load,2026-06-11T07:22:11Z
2026-06-11T07:20:53Z,2026-06-11T09:20:53+0200,f3b72819-8f0f-4c0e-a936-e9ce989df431,2026-05-29T08:45:00Z,2026-05-29T10:45:00+0200,57369.01598,MW,DE,DE_LU,actual_load,Actual Load,2026-06-11T07:22:11Z
2026-06-11T07:20:53Z,2026-06-11T09:20:53+0200,f3b72819-8f0f-4c0e-a936-e9ce989df431,2026-05-29T09:00:00Z,2026-05-29T11:00:00+0200,56862.25111,MW,DE,DE_LU,actual_load,Actual Load,2026-06-11T07:22:11Z
2026-06-11T07:20:53Z,2026-06-11T09:20:53+0200,f3b72819-8f0f-4c0e-a936-e9ce989df431,2026-05-29T09:15:00Z,2026-05-29T11:15:00+0200,56404.64597,MW,DE,DE_LU,actual_load,Actual Load,2026-06-11T07:22:11Z
2026-06-11T07:20:53Z,2026-06-11T09:20:53+0200,f3b72819-8f0f-4c0e-a936-e9ce989df431,2026-05-29T09:30:00Z,2026-05-29T11:30:00+0200,56971.78446,MW,DE,DE_LU,actual_load,Actual Load,2026-06-11T07:22:11Z
2026-06-11T07:20:53Z,2026-06-11T09:20:53+0200,f3b72819-8f0f-4c0e-a936-e9ce989df431,2026-05-29T09:45:00Z,2026-05-29T11:45:00+0200,57473.85641,MW,DE,DE_LU,actual_load,Actual Load,2026-06-11T07:22:11Z
2026-06-11T07:20:53Z,2026-06-11T09:20:53+0200,f3b72819-8f0f-4c0e-a936-e9ce989df431,2026-05-29T10:00:00Z,2026-05-29T12:00:00+0200,56806.83389,MW,DE,DE_LU,actual_load,Actual Load,2026-06-11T07:22:11Z
2026-06-11T07:20:53Z,2026-06-11T09:20:53+0200,f3b72819-8f0f-4c0e-a936-e9ce989df431,2026-05-29T10:15:00Z,2026-05-29T12:15:00+0200,56373.37068,MW,DE,DE_LU,actual_load,Actual Load,2026-06-11T07:22:11Z
2026-06-11T07:20:53Z,2026-06-11T09:20:53+0200,f3b72819-8f0f-4c0e-a936-e9ce989df431,2026-05-29T10:30:00Z,2026-05-29T12:30:00+0200,56580.63665,MW,DE,DE_LU,actual_load,Actual Load,2026-06-11T07:22:11Z
2026-06-11T07:20:53Z,2026-06-11T09:20:53+0200,f3b72819-8f0f-4c0e-a936-e9ce989df431,2026-05-29T10:45:00Z,2026-05-29T12:45:00+0200,55312.44993,MW,DE,DE_LU,actual_load,Actual Load,2026-06-11T07:22:11Z
2026-06-11T07:20:53Z,2026-06-11T09:20:53+0200,f3b72819-8f0f-4c0e-a936-e9ce989df431,2026-05-29T11:00:00Z,2026-05-29T13:00:00+0200,55793.83079,MW,DE,DE_LU,actual_load,Actual Load,2026-06-11T07:22:11Z
2026-06-11T07:20:53Z,2026-06-11T09:20:53+0200,f3b72819-8f0f-4c0e-a936-e9ce989df431,2026-05-29T11:15:00Z,2026-05-29T13:15:00+0200,55499.3967,MW,DE,DE_LU,actual_load,Actual Load,2026-06-11T07:22:11Z
2026-06-11T07:20:53Z,2026-06-11T09:20:53+0200,f3b72819-8f0f-4c0e-a936-e9ce989df431,2026-05-29T11:30:00Z,2026-05-29T13:30:00+0200,54847.31994,MW,DE,DE_LU,actual_load,Actual Load,2026-06-11T07:22:11Z
2026-06-11T07:20:53Z,2026-06-11T09:20:53+0200,f3b72819-8f0f-4c0e-a936-e9ce989df431,2026-05-29T11:45:00Z,2026-05-29T13:45:00+0200,53182.5489,MW,DE,DE_LU,actual_load,Actual Load,2026-06-11T07:22:11Z
2026-06-11T07:20:53Z,2026-06-11T09:20:53+0200,f3b72819-8f0f-4c0e-a936-e9ce989df431,2026-05-29T12:00:00Z,2026-05-29T14:00:00+0200,53503.87699,MW,DE,DE_LU,actual_load,Actual Load,2026-06-11T07:22:11Z
2026-06-11T07:20:53Z,2026-06-11T09:20:53+0200,f3b72819-8f0f-4c0e-a936-e9ce989df431,2026-05-29T12:15:00Z,2026-05-29T14:15:00+0200,53032.02746,MW,DE,DE_LU,actual_load,Actual Load,2026-06-11T07:22:11Z
2026-06-11T07:20:53Z,2026-06-11T09:20:53+0200,f3b72819-8f0f-4c0e-a936-e9ce989df431,2026-05-29T12:30:00Z,2026-05-29T14:30:00+0200,52454.02449,MW,DE,DE_LU,actual_load,Actual Load,2026-06-11T07:22:11Z
2026-06-11T07:20:53Z,2026-06-11T09:20:53+0200,f3b72819-8f0f-4c0e-a936-e9ce989df431,2026-05-29T12:45:00Z,2026-05-29T14:45:00+0200,52670.55079,MW,DE,DE_LU,actual_load,Actual Load,2026-06-11T07:22:11Z
2026-06-11T07:20:53Z,2026-06-11T09:20:53+0200,f3b72819-8f0f-4c0e-a936-e9ce989df431,2026-05-29T13:00:00Z,2026-05-29T15:00:00+0200,53129.30071,MW,DE,DE_LU,actual_load,Actual Load,2026-06-11T07:22:11Z
2026-06-11T07:20:53Z,2026-06-11T09:20:53+0200,f3b72819-8f0f-4c0e-a936-e9ce989df431,2026-05-29T13:15:00Z,2026-05-29T15:15:00+0200,52990.09416,MW,DE,DE_LU,actual_load,Actual Load,2026-06-11T07:22:11Z
2026-06-11T07:20:53Z,2026-06-11T09:20:53+0200,f3b72819-8f0f-4c0e-a936-e9ce989df431,2026-05-29T13:30:00Z,2026-05-29T15:30:00+0200,53351.41179,MW,DE,DE_LU,actual_load,Actual Load,2026-06-11T07:22:11Z
2026-06-11T07:20:53Z,2026-06-11T09:20:53+0200,f3b72819-8f0f-4c0e-a936-e9ce989df431,2026-05-29T13:45:00Z,2026-05-29T15:45:00+0200,53566.42893,MW,DE,DE_LU,actual_load,Actual Load,2026-06-11T07:22:11Z
2026-06-11T07:20:53Z,2026-06-11T09:20:53+0200,f3b72819-8f0f-4c0e-a936-e9ce989df431,2026-05-29T14:00:00Z,2026-05-29T16:00:00+0200,54204.85772,MW,DE,DE_LU,actual_load,Actual Load,2026-06-11T07:22:11Z
2026-06-11T07:20:53Z,2026-06-11T09:20:53+0200,f3b72819-8f0f-4c0e-a936-e9ce989df431,2026-05-29T14:15:00Z,2026-05-29T16:15:00+0200,54062.42356,MW,DE,DE_LU,actual_load,Actual Load,2026-06-11T07:22:11Z
2026-06-11T07:20:53Z,2026-06-11T09:20:53+0200,f3b72819-8f0f-4c0e-a936-e9ce989df431,2026-05-29T14:30:00Z,2026-05-29T16:30:00+0200,53899.29367,MW,DE,DE_LU,actual_load,Actual Load,2026-06-11T07:22:11Z
2026-06-11T07:20:53Z,2026-06-11T09:20:53+0200,f3b72819-8f0f-4c0e-a936-e9ce989df431,2026-05-29T14:45:00Z,2026-05-29T16:45:00+0200,54232.50646,MW,DE,DE_LU,actual_load,Actual Load,2026-06-11T07:22:11Z
2026-06-11T07:20:53Z,2026-06-11T09:20:53+0200,f3b72819-8f0f-4c0e-a936-e9ce989df431,2026-05-29T15:00:00Z,2026-05-29T17:00:00+0200,54634.27713,MW,DE,DE_LU,actual_load,Actual Load,2026-06-11T07:22:11Z
2026-06-11T07:20:53Z,2026-06-11T09:20:53+0200,f3b72819-8f0f-4c0e-a936-e9ce989df431,2026-05-29T15:15:00Z,2026-05-29T17:15:00+0200,54041.03063,MW,DE,DE_LU,actual_load,Actual Load,2026-06-11T07:22:11Z
2026-06-11T07:20:53Z,2026-06-11T09:20:53+0200,f3b72819-8f0f-4c0e-a936-e9ce989df431,2026-05-29T15:30:00Z,2026-05-29T17:30:00+0200,54009.52488,MW,DE,DE_LU,actual_load,Actual Load,2026-06-11T07:22:11Z
2026-06-11T07:20:53Z,2026-06-11T09:20:53+0200,f3b72819-8f0f-4c0e-a936-e9ce989df431,2026-05-29T15:45:00Z,2026-05-29T17:45:00+0200,54153.32701,MW,DE,DE_LU,actual_load,Actual Load,2026-06-11T07:22:11Z
2026-06-11T07:20:53Z,2026-06-11T09:20:53+0200,f3b72819-8f0f-4c0e-a936-e9ce989df431,2026-05-29T16:00:00Z,2026-05-29T18:00:00+0200,54972.19753,MW,DE,DE_LU,actual_load,Actual Load,2026-06-11T07:22:11Z
2026-06-11T07:20:53Z,2026-06-11T09:20:53+0200,f3b72819-8f0f-4c0e-a936-e9ce989df431,2026-05-29T16:15:00Z,2026-05-29T18:15:00+0200,55904.39734,MW,DE,DE_LU,actual_load,Actual Load,2026-06-11T07:22:11Z
2026-06-11T07:20:53Z,2026-06-11T09:20:53+0200,f3b72819-8f0f-4c0e-a936-e9ce989df431,2026-05-29T16:30:00Z,2026-05-29T18:30:00+0200,55912.26745,MW,DE,DE_LU,actual_load,Actual Load,2026-06-11T07:22:11Z
2026-06-11T07:20:53Z,2026-06-11T09:20:53+0200,f3b72819-8f0f-4c0e-a936-e9ce989df431,2026-05-29T16:45:00Z,2026-05-29T18:45:00+0200,56592.6878,MW,DE,DE_LU,actual_load,Actual Load,2026-06-11T07:22:11Z
2026-06-11T07:20:53Z,2026-06-11T09:20:53+0200,f3b72819-8f0f-4c0e-a936-e9ce989df431,2026-05-29T17:00:00Z,2026-05-29T19:00:00+0200,56976.84079,MW,DE,DE_LU,actual_load,Actual Load,2026-06-11T07:22:11Z
2026-06-11T07:20:53Z,2026-06-11T09:20:53+0200,f3b72819-8f0f-4c0e-a936-e9ce989df431,2026-05-29T17:15:00Z,2026-05-29T19:15:00+0200,56185.47214,MW,DE,DE_LU,actual_load,Actual Load,2026-06-11T07:22:11Z
2026-06-11T07:20:53Z,2026-06-11T09:20:53+0200,f3b72819-8f0f-4c0e-a936-e9ce989df431,2026-05-29T17:30:00Z,2026-05-29T19:30:00+0200,56141.27961,MW,DE,DE_LU,actual_load,Actual Load,2026-06-11T07:22:11Z
2026-06-11T07:20:53Z,2026-06-11T09:20:53+0200,f3b72819-8f0f-4c0e-a936-e9ce989df431,2026-05-29T17:45:00Z,2026-05-29T19:45:00+0200,56207.81847,MW,DE,DE_LU,actual_load,Actual Load,2026-06-11T07:22:11Z
2026-06-11T07:20:53Z,2026-06-11T09:20:53+0200,f3b72819-8f0f-4c0e-a936-e9ce989df431,2026-05-29T18:00:00Z,2026-05-29T20:00:00+0200,55341.40398,MW,DE,DE_LU,actual_load,Actual Load,2026-06-11T07:22:11Z
2026-06-11T07:20:53Z,2026-06-11T09:20:53+0200,f3b72819-8f0f-4c0e-a936-e9ce989df431,2026-05-29T18:15:00Z,2026-05-29T20:15:00+0200,56193.90289,MW,DE,DE_LU,actual_load,Actual Load,2026-06-11T07:22:11Z
2026-06-11T07:20:53Z,2026-06-11T09:20:53+0200,f3b72819-8f0f-4c0e-a936-e9ce989df431,2026-05-29T18:30:00Z,2026-05-29T20:30:00+0200,55373.35332,MW,DE,DE_LU,actual_load,Actual Load,2026-06-11T07:22:11Z
2026-06-11T07:20:53Z,2026-06-11T09:20:53+0200,f3b72819-8f0f-4c0e-a936-e9ce989df431,2026-05-29T18:45:00Z,2026-05-29T20:45:00+0200,54440.85358,MW,DE,DE_LU,actual_load,Actual Load,2026-06-11T07:22:11Z
2026-06-11T07:20:53Z,2026-06-11T09:20:53+0200,f3b72819-8f0f-4c0e-a936-e9ce989df431,2026-05-29T19:00:00Z,2026-05-29T21:00:00+0200,53631.80801,MW,DE,DE_LU,actual_load,Actual Load,2026-06-11T07:22:11Z
2026-06-11T07:20:53Z,2026-06-11T09:20:53+0200,f3b72819-8f0f-4c0e-a936-e9ce989df431,2026-05-29T19:15:00Z,2026-05-29T21:15:00+0200,53150.42472,MW,DE,DE_LU,actual_load,Actual Load,2026-06-11T07:22:11Z
2026-06-11T07:20:53Z,2026-06-11T09:20:53+0200,f3b72819-8f0f-4c0e-a936-e9ce989df431,2026-05-29T19:30:00Z,2026-05-29T21:30:00+0200,52891.22084,MW,DE,DE_LU,actual_load,Actual Load,2026-06-11T07:22:11Z
2026-06-11T07:20:53Z,2026-06-11T09:20:53+0200,f3b72819-8f0f-4c0e-a936-e9ce989df431,2026-05-29T19:45:00Z,2026-05-29T21:45:00+0200,52236.61852,MW,DE,DE_LU,actual_load,Actual Load,2026-06-11T07:22:11Z
2026-06-11T07:20:53Z,2026-06-11T09:20:53+0200,f3b72819-8f0f-4c0e-a936-e9ce989df431,2026-05-29T20:00:00Z,2026-05-29T22:00:00+0200,52166.99043,MW,DE,DE_LU,actual_load,Actual Load,2026-06-11T07:22:11Z
2026-06-11T07:20:53Z,2026-06-11T09:20:53+0200,f3b72819-8f0f-4c0e-a936-e9ce989df431,2026-05-29T20:15:00Z,2026-05-29T22:15:00+0200,51915.42589,MW,DE,DE_LU,actual_load,Actual Load,2026-06-11T07:22:11Z
2026-06-11T07:20:53Z,2026-06-11T09:20:53+0200,f3b72819-8f0f-4c0e-a936-e9ce989df431,2026-05-29T20:30:00Z,2026-05-29T22:30:00+0200,51106.32867,MW,DE,DE_LU,actual_load,Actual Load,2026-06-11T07:22:11Z
2026-06-11T07:20:53Z,2026-06-11T09:20:53+0200,f3b72819-8f0f-4c0e-a936-e9ce989df431,2026-05-29T20:45:00Z,2026-05-29T22:45:00+0200,49987.39739,MW,DE,DE_LU,actual_load,Actual Load,2026-06-11T07:22:11Z
2026-06-11T07:20:53Z,2026-06-11T09:20:53+0200,f3b72819-8f0f-4c0e-a936-e9ce989df431,2026-05-29T21:00:00Z,2026-05-29T23:00:00+0200,48749.18885,MW,DE,DE_LU,actual_load,Actual Load,2026-06-11T07:22:11Z
2026-06-11T07:20:53Z,2026-06-11T09:20:53+0200,f3b72819-8f0f-4c0e-a936-e9ce989df431,2026-05-29T21:15:00Z,2026-05-29T23:15:00+0200,47936.89459,MW,DE,DE_LU,actual_load,Actual Load,2026-06-11T07:22:11Z
2026-06-11T07:20:53Z,2026-06-11T09:20:53+0200,f3b72819-8f0f-4c0e-a936-e9ce989df431,2026-05-29T21:30:00Z,2026-05-29T23:30:00+0200,46850.17637,MW,DE,DE_LU,actual_load,Actual Load,2026-06-11T07:22:11Z
2026-06-11T07:20:53Z,2026-06-11T09:20:53+0200,f3b72819-8f0f-4c0e-a936-e9ce989df431,2026-05-29T21:45:00Z,2026-05-29T23:45:00+0200,45995.95714,MW,DE,DE_LU,actual_load,Actual Load,2026-06-11T07:22:11Z
2026-06-11T07:20:53Z,2026-06-11T09:20:53+0200,f3b72819-8f0f-4c0e-a936-e9ce989df431,2026-05-29T22:00:00Z,2026-05-30T00:00:00+0200,45315.13315,MW,DE,DE_LU,actual_load,Actual Load,2026-06-11T07:22:11Z
2026-06-11T07:20:53Z,2026-06-11T09:20:53+0200,f3b72819-8f0f-4c0e-a936-e9ce989df431,2026-05-29T22:15:00Z,2026-05-30T00:15:00+0200,45176.58407,MW,DE,DE_LU,actual_load,Actual Load,2026-06-11T07:22:11Z
2026-06-11T07:20:53Z,2026-06-11T09:20:53+0200,f3b72819-8f0f-4c0e-a936-e9ce989df431,2026-05-29T22:30:00Z,2026-05-30T00:30:00+0200,44553.70588,MW,DE,DE_LU,actual_load,Actual Load,2026-06-11T07:22:11Z
2026-06-11T07:20:53Z,2026-06-11T09:20:53+0200,f3b72819-8f0f-4c0e-a936-e9ce989df431,2026-05-29T22:45:00Z,2026-05-30T00:45:00+0200,43828.94158,MW,DE,DE_LU,actual_load,Actual Load,2026-06-11T07:22:11Z
2026-06-11T07:20:53Z,2026-06-11T09:20:53+0200,f3b72819-8f0f-4c0e-a936-e9ce989df431,2026-05-29T23:00:00Z,2026-05-30T01:00:00+0200,43655.32341,MW,DE,DE_LU,actual_load,Actual Load,2026-06-11T07:22:11Z
2026-06-11T07:20:53Z,2026-06-11T09:20:53+0200,f3b72819-8f0f-4c0e-a936-e9ce989df431,2026-05-29T23:15:00Z,2026-05-30T01:15:00+0200,42909.11192,MW,DE,DE_LU,actual_load,Actual Load,2026-06-11T07:22:11Z
2026-06-11T07:20:53Z,2026-06-11T09:20:53+0200,f3b72819-8f0f-4c0e-a936-e9ce989df431,2026-05-29T23:30:00Z,2026-05-30T01:30:00+0200,43047.70143,MW,DE,DE_LU,actual_load,Actual Load,2026-06-11T07:22:11Z
2026-06-11T07:20:53Z,2026-06-11T09:20:53+0200,f3b72819-8f0f-4c0e-a936-e9ce989df431,2026-05-29T23:45:00Z,2026-05-30T01:45:00+0200,43130.48613,MW,DE,DE_LU,actual_load,Actual Load,2026-06-11T07:22:11Z
2026-06-11T07:20:53Z,2026-06-11T09:20:53+0200,f3b72819-8f0f-4c0e-a936-e9ce989df431,2026-05-30T00:00:00Z,2026-05-30T02:00:00+0200,42462.72557,MW,DE,DE_LU,actual_load,Actual Load,2026-06-11T07:22:11Z
2026-06-11T07:20:53Z,2026-06-11T09:20:53+0200,f3b72819-8f0f-4c0e-a936-e9ce989df431,2026-05-30T00:15:00Z,2026-05-30T02:15:00+0200,42094.58427,MW,DE,DE_LU,actual_load,Actual Load,2026-06-11T07:22:11Z
2026-06-11T07:20:53Z,2026-06-11T09:20:53+0200,f3b72819-8f0f-4c0e-a936-e9ce989df431,2026-05-30T00:30:00Z,2026-05-30T02:30:00+0200,41704.20215,MW,DE,DE_LU,actual_load,Actual Load,2026-06-11T07:22:11Z
2026-06-11T07:20:53Z,2026-06-11T09:20:53+0200,f3b72819-8f0f-4c0e-a936-e9ce989df431,2026-05-30T00:45:00Z,2026-05-30T02:45:00+0200,41409.79128,MW,DE,DE_LU,actual_load,Actual Load,2026-06-11T07:22:11Z
2026-06-11T07:20:53Z,2026-06-11T09:20:53+0200,f3b72819-8f0f-4c0e-a936-e9ce989df431,2026-05-30T01:00:00Z,2026-05-30T03:00:00+0200,41377.99288,MW,DE,DE_LU,actual_load,Actual Load,2026-06-11T07:22:11Z
2026-06-11T07:20:53Z,2026-06-11T09:20:53+0200,f3b72819-8f0f-4c0e-a936-e9ce989df431,2026-05-30T01:15:00Z,2026-05-30T03:15:00+0200,41350.61784,MW,DE,DE_LU,actual_load,Actual Load,2026-06-11T07:22:11Z
2026-06-11T07:20:53Z,2026-06-11T09:20:53+0200,f3b72819-8f0f-4c0e-a936-e9ce989df431,2026-05-30T01:30:00Z,2026-05-30T03:30:00+0200,41204.03028,MW,DE,DE_LU,actual_load,Actual Load,2026-06-11T07:22:11Z
2026-06-11T07:20:53Z,2026-06-11T09:20:53+0200,f3b72819-8f0f-4c0e-a936-e9ce989df431,2026-05-30T01:45:00Z,2026-05-30T03:45:00+0200,41061.89048,MW,DE,DE_LU,actual_load,Actual Load,2026-06-11T07:22:11Z
2026-06-11T07:20:53Z,2026-06-11T09:20:53+0200,f3b72819-8f0f-4c0e-a936-e9ce989df431,2026-05-30T02:00:00Z,2026-05-30T04:00:00+0200,41254.60138,MW,DE,DE_LU,actual_load,Actual Load,2026-06-11T07:22:11Z
2026-06-11T07:20:53Z,2026-06-11T09:20:53+0200,f3b72819-8f0f-4c0e-a936-e9ce989df431,2026-05-30T02:15:00Z,2026-05-30T04:15:00+0200,41076.22964,MW,DE,DE_LU,actual_load,Actual Load,2026-06-11T07:22:11Z
2026-06-11T07:20:53Z,2026-06-11T09:20:53+0200,f3b72819-8f0f-4c0e-a936-e9ce989df431,2026-05-30T02:30:00Z,2026-05-30T04:30:00+0200,41146.0142,MW,DE,DE_LU,actual_load,Actual Load,2026-06-11T07:22:11Z
2026-06-11T07:20:53Z,2026-06-11T09:20:53+0200,f3b72819-8f0f-4c0e-a936-e9ce989df431,2026-05-30T02:45:00Z,2026-05-30T04:45:00+0200,41018.95043,MW,DE,DE_LU,actual_load,Actual Load,2026-06-11T07:22:11Z
2026-06-11T07:20:53Z,2026-06-11T09:20:53+0200,f3b72819-8f0f-4c0e-a936-e9ce989df431,2026-05-30T03:00:00Z,2026-05-30T05:00:00+0200,41241.42514,MW,DE,DE_LU,actual_load,Actual Load,2026-06-11T07:22:11Z
2026-06-11T07:20:53Z,2026-06-11T09:20:53+0200,f3b72819-8f0f-4c0e-a936-e9ce989df431,2026-05-30T03:15:00Z,2026-05-30T05:15:00+0200,41007.26953,MW,DE,DE_LU,actual_load,Actual Load,2026-06-11T07:22:11Z
2026-06-11T07:20:53Z,2026-06-11T09:20:53+0200,f3b72819-8f0f-4c0e-a936-e9ce989df431,2026-05-30T03:30:00Z,2026-05-30T05:30:00+0200,41286.02749,MW,DE,DE_LU,actual_load,Actual Load,2026-06-11T07:22:11Z
2026-06-11T07:20:53Z,2026-06-11T09:20:53+0200,f3b72819-8f0f-4c0e-a936-e9ce989df431,2026-05-30T03:45:00Z,2026-05-30T05:45:00+0200,41637.19525,MW,DE,DE_LU,actual_load,Actual Load,2026-06-11T07:22:11Z
2026-06-11T07:20:53Z,2026-06-11T09:20:53+0200,f3b72819-8f0f-4c0e-a936-e9ce989df431,2026-05-30T04:00:00Z,2026-05-30T06:00:00+0200,43061.94132,MW,DE,DE_LU,actual_load,Actual Load,2026-06-11T07:22:11Z
2026-06-11T07:20:53Z,2026-06-11T09:20:53+0200,f3b72819-8f0f-4c0e-a936-e9ce989df431,2026-05-30T04:15:00Z,2026-05-30T06:15:00+0200,43480.30189,MW,DE,DE_LU,actual_load,Actual Load,2026-06-11T07:22:11Z
2026-06-11T07:20:53Z,2026-06-11T09:20:53+0200,f3b72819-8f0f-4c0e-a936-e9ce989df431,2026-05-30T04:30:00Z,2026-05-30T06:30:00+0200,44405.97038,MW,DE,DE_LU,actual_load,Actual Load,2026-06-11T07:22:11Z
2026-06-11T07:20:53Z,2026-06-11T09:20:53+0200,f3b72819-8f0f-4c0e-a936-e9ce989df431,2026-05-30T04:45:00Z,2026-05-30T06:45:00+0200,43858.85413,MW,DE,DE_LU,actual_load,Actual Load,2026-06-11T07:22:11Z
2026-06-11T07:20:53Z,2026-06-11T09:20:53+0200,f3b72819-8f0f-4c0e-a936-e9ce989df431,2026-05-30T05:00:00Z,2026-05-30T07:00:00+0200,43734.25016,MW,DE,DE_LU,actual_load,Actual Load,2026-06-11T07:22:11Z
2026-06-11T07:20:53Z,2026-06-11T09:20:53+0200,f3b72819-8f0f-4c0e-a936-e9ce989df431,2026-05-30T05:15:00Z,2026-05-30T07:15:00+0200,44318.22088,MW,DE,DE_LU,actual_load,Actual Load,2026-06-11T07:22:11Z
2026-06-11T07:20:53Z,2026-06-11T09:20:53+0200,f3b72819-8f0f-4c0e-a936-e9ce989df431,2026-05-30T05:30:00Z,2026-05-30T07:30:00+0200,45137.37247,MW,DE,DE_LU,actual_load,Actual Load,2026-06-11T07:22:11Z
2026-06-11T07:20:53Z,2026-06-11T09:20:53+0200,f3b72819-8f0f-4c0e-a936-e9ce989df431,2026-05-30T05:45:00Z,2026-05-30T07:45:00+0200,45197.41956,MW,DE,DE_LU,actual_load,Actual Load,2026-06-11T07:22:11Z
2026-06-11T07:20:53Z,2026-06-11T09:20:53+0200,f3b72819-8f0f-4c0e-a936-e9ce989df431,2026-05-30T06:00:00Z,2026-05-30T08:00:00+0200,46057.02923,MW,DE,DE_LU,actual_load,Actual Load,2026-06-11T07:22:11Z
2026-06-11T07:20:53Z,2026-06-11T09:20:53+0200,f3b72819-8f0f-4c0e-a936-e9ce989df431,2026-05-30T06:15:00Z,2026-05-30T08:15:00+0200,46514.16718,MW,DE,DE_LU,actual_load,Actual Load,2026-06-11T07:22:11Z
2026-06-11T07:20:53Z,2026-06-11T09:20:53+0200,f3b72819-8f0f-4c0e-a936-e9ce989df431,2026-05-30T06:30:00Z,2026-05-30T08:30:00+0200,46761.11461,MW,DE,DE_LU,actual_load,Actual Load,2026-06-11T07:22:11Z
2026-06-11T07:20:53Z,2026-06-11T09:20:53+0200,f3b72819-8f0f-4c0e-a936-e9ce989df431,2026-05-30T06:45:00Z,2026-05-30T08:45:00+0200,47223.44259,MW,DE,DE_LU,actual_load,Actual Load,2026-06-11T07:22:11Z
2026-06-11T07:20:53Z,2026-06-11T09:20:53+0200,f3b72819-8f0f-4c0e-a936-e9ce989df431,2026-05-30T07:00:00Z,2026-05-30T09:00:00+0200,47885.77303,MW,DE,DE_LU,actual_load,Actual Load,2026-06-11T07:22:11Z
2026-06-11T07:20:53Z,2026-06-11T09:20:53+0200,f3b72819-8f0f-4c0e-a936-e9ce989df431,2026-05-30T07:15:00Z,2026-05-30T09:15:00+0200,47568.77888,MW,DE,DE_LU,actual_load,Actual Load,2026-06-11T07:22:11Z
2026-06-11T07:20:53Z,2026-06-11T09:20:53+0200,f3b72819-8f0f-4c0e-a936-e9ce989df431,2026-05-30T07:30:00Z,2026-05-30T09:30:00+0200,47797.27572,MW,DE,DE_LU,actual_load,Actual Load,2026-06-11T07:22:11Z
2026-06-11T07:20:53Z,2026-06-11T09:20:53+0200,f3b72819-8f0f-4c0e-a936-e9ce989df431,2026-05-30T07:45:00Z,2026-05-30T09:45:00+0200,47389.67511,MW,DE,DE_LU,actual_load,Actual Load,2026-06-11T07:22:11Z
2026-06-11T07:20:53Z,2026-06-11T09:20:53+0200,f3b72819-8f0f-4c0e-a936-e9ce989df431,2026-05-30T08:00:00Z,2026-05-30T10:00:00+0200,46954.1051,MW,DE,DE_LU,actual_load,Actual Load,2026-06-11T07:22:11Z
2026-06-11T07:20:53Z,2026-06-11T09:20:53+0200,f3b72819-8f0f-4c0e-a936-e9ce989df431,2026-05-30T08:15:00Z,2026-05-30T10:15:00+0200,46889.88968,MW,DE,DE_LU,actual_load,Actual Load,2026-06-11T07:22:11Z
2026-06-11T07:20:53Z,2026-06-11T09:20:53+0200,f3b72819-8f0f-4c0e-a936-e9ce989df431,2026-05-30T08:30:00Z,2026-05-30T10:30:00+0200,46798.3359,MW,DE,DE_LU,actual_load,Actual Load,2026-06-11T07:22:11Z
2026-06-11T07:20:53Z,2026-06-11T09:20:53+0200,f3b72819-8f0f-4c0e-a936-e9ce989df431,2026-05-30T08:45:00Z,2026-05-30T10:45:00+0200,46648.24761,MW,DE,DE_LU,actual_load,Actual Load,2026-06-11T07:22:11Z
2026-06-11T07:20:53Z,2026-06-11T09:20:53+0200,f3b72819-8f0f-4c0e-a936-e9ce989df431,2026-05-30T09:00:00Z,2026-05-30T11:00:00+0200,46869.59229,MW,DE,DE_LU,actual_load,Actual Load,2026-06-11T07:22:11Z
2026-06-11T07:20:53Z,2026-06-11T09:20:53+0200,f3b72819-8f0f-4c0e-a936-e9ce989df431,2026-05-30T09:15:00Z,2026-05-30T11:15:00+0200,47170.8419,MW,DE,DE_LU,actual_load,Actual Load,2026-06-11T07:22:11Z
2026-06-11T07:20:53Z,2026-06-11T09:20:53+0200,f3b72819-8f0f-4c0e-a936-e9ce989df431,2026-05-30T09:30:00Z,2026-05-30T11:30:00+0200,47229.99493,MW,DE,DE_LU,actual_load,Actual Load,2026-06-11T07:22:11Z
2026-06-11T07:20:53Z,2026-06-11T09:20:53+0200,f3b72819-8f0f-4c0e-a936-e9ce989df431,2026-05-30T09:45:00Z,2026-05-30T11:45:00+0200,46272.65045,MW,DE,DE_LU,actual_load,Actual Load,2026-06-11T07:22:11Z
2026-06-11T07:20:53Z,2026-06-11T09:20:53+0200,f3b72819-8f0f-4c0e-a936-e9ce989df431,2026-05-30T10:00:00Z,2026-05-30T12:00:00+0200,46161.86995,MW,DE,DE_LU,actual_load,Actual Load,2026-06-11T07:22:11Z
2026-06-11T07:20:53Z,2026-06-11T09:20:53+0200,f3b72819-8f0f-4c0e-a936-e9ce989df431,2026-05-30T10:15:00Z,2026-05-30T12:15:00+0200,46376.77192,MW,DE,DE_LU,actual_load,Actual Load,2026-06-11T07:22:11Z
2026-06-11T07:20:53Z,2026-06-11T09:20:53+0200,f3b72819-8f0f-4c0e-a936-e9ce989df431,2026-05-30T10:30:00Z,2026-05-30T12:30:00+0200,46094.32788,MW,DE,DE_LU,actual_load,Actual Load,2026-06-11T07:22:11Z
2026-06-11T07:20:53Z,2026-06-11T09:20:53+0200,f3b72819-8f0f-4c0e-a936-e9ce989df431,2026-05-30T10:45:00Z,2026-05-30T12:45:00+0200,45659.61855,MW,DE,DE_LU,actual_load,Actual Load,2026-06-11T07:22:11Z
2026-06-11T07:20:53Z,2026-06-11T09:20:53+0200,f3b72819-8f0f-4c0e-a936-e9ce989df431,2026-05-30T11:00:00Z,2026-05-30T13:00:00+0200,45139.81872,MW,DE,DE_LU,actual_load,Actual Load,2026-06-11T07:22:11Z
2026-06-11T07:20:53Z,2026-06-11T09:20:53+0200,f3b72819-8f0f-4c0e-a936-e9ce989df431,2026-05-30T11:15:00Z,2026-05-30T13:15:00+0200,45032.95427,MW,DE,DE_LU,actual_load,Actual Load,2026-06-11T07:22:11Z
2026-06-11T07:20:53Z,2026-06-11T09:20:53+0200,f3b72819-8f0f-4c0e-a936-e9ce989df431,2026-05-30T11:30:00Z,2026-05-30T13:30:00+0200,44688.37632,MW,DE,DE_LU,actual_load,Actual Load,2026-06-11T07:22:11Z
2026-06-11T07:20:53Z,2026-06-11T09:20:53+0200,f3b72819-8f0f-4c0e-a936-e9ce989df431,2026-05-30T11:45:00Z,2026-05-30T13:45:00+0200,44403.85115,MW,DE,DE_LU,actual_load,Actual Load,2026-06-11T07:22:11Z
2026-06-11T07:20:53Z,2026-06-11T09:20:53+0200,f3b72819-8f0f-4c0e-a936-e9ce989df431,2026-05-30T12:00:00Z,2026-05-30T14:00:00+0200,44183.30284,MW,DE,DE_LU,actual_load,Actual Load,2026-06-11T07:22:11Z
2026-06-11T07:20:53Z,2026-06-11T09:20:53+0200,f3b72819-8f0f-4c0e-a936-e9ce989df431,2026-05-30T12:15:00Z,2026-05-30T14:15:00+0200,44217.79655,MW,DE,DE_LU,actual_load,Actual Load,2026-06-11T07:22:11Z
2026-06-11T07:20:53Z,2026-06-11T09:20:53+0200,f3b72819-8f0f-4c0e-a936-e9ce989df431,2026-05-30T12:30:00Z,2026-05-30T14:30:00+0200,42961.90881,MW,DE,DE_LU,actual_load,Actual Load,2026-06-11T07:22:11Z
2026-06-11T07:20:53Z,2026-06-11T09:20:53+0200,f3b72819-8f0f-4c0e-a936-e9ce989df431,2026-05-30T12:45:00Z,2026-05-30T14:45:00+0200,43369.92224,MW,DE,DE_LU,actual_load,Actual Load,2026-06-11T07:22:11Z
2026-06-11T07:20:53Z,2026-06-11T09:20:53+0200,f3b72819-8f0f-4c0e-a936-e9ce989df431,2026-05-30T13:00:00Z,2026-05-30T15:00:00+0200,43573.07819,MW,DE,DE_LU,actual_load,Actual Load,2026-06-11T07:22:11Z
2026-06-11T07:20:53Z,2026-06-11T09:20:53+0200,f3b72819-8f0f-4c0e-a936-e9ce989df431,2026-05-30T13:15:00Z,2026-05-30T15:15:00+0200,43265.24777,MW,DE,DE_LU,actual_load,Actual Load,2026-06-11T07:22:11Z
2026-06-11T07:20:53Z,2026-06-11T09:20:53+0200,f3b72819-8f0f-4c0e-a936-e9ce989df431,2026-05-30T13:30:00Z,2026-05-30T15:30:00+0200,42715.90717,MW,DE,DE_LU,actual_load,Actual Load,2026-06-11T07:22:11Z
2026-06-11T07:20:53Z,2026-06-11T09:20:53+0200,f3b72819-8f0f-4c0e-a936-e9ce989df431,2026-05-30T13:45:00Z,2026-05-30T15:45:00+0200,42809.20346,MW,DE,DE_LU,actual_load,Actual Load,2026-06-11T07:22:11Z
2026-06-11T07:20:53Z,2026-06-11T09:20:53+0200,f3b72819-8f0f-4c0e-a936-e9ce989df431,2026-05-30T14:00:00Z,2026-05-30T16:00:00+0200,42764.62858,MW,DE,DE_LU,actual_load,Actual Load,2026-06-11T07:22:11Z
2026-06-11T07:20:53Z,2026-06-11T09:20:53+0200,f3b72819-8f0f-4c0e-a936-e9ce989df431,2026-05-30T14:15:00Z,2026-05-30T16:15:00+0200,42712.76745,MW,DE,DE_LU,actual_load,Actual Load,2026-06-11T07:22:11Z
2026-06-11T07:20:53Z,2026-06-11T09:20:53+0200,f3b72819-8f0f-4c0e-a936-e9ce989df431,2026-05-30T14:30:00Z,2026-05-30T16:30:00+0200,42890.93469,MW,DE,DE_LU,actual_load,Actual Load,2026-06-11T07:22:11Z
2026-06-11T07:20:53Z,2026-06-11T09:20:53+0200,f3b72819-8f0f-4c0e-a936-e9ce989df431,2026-05-30T14:45:00Z,2026-05-30T16:45:00+0200,43602.43133,MW,DE,DE_LU,actual_load,Actual Load,2026-06-11T07:22:11Z
2026-06-11T07:20:53Z,2026-06-11T09:20:53+0200,f3b72819-8f0f-4c0e-a936-e9ce989df431,2026-05-30T15:00:00Z,2026-05-30T17:00:00+0200,43854.02437,MW,DE,DE_LU,actual_load,Actual Load,2026-06-11T07:22:11Z
2026-06-11T07:20:53Z,2026-06-11T09:20:53+0200,f3b72819-8f0f-4c0e-a936-e9ce989df431,2026-05-30T15:15:00Z,2026-05-30T17:15:00+0200,44235.22775,MW,DE,DE_LU,actual_load,Actual Load,2026-06-11T07:22:11Z
2026-06-11T07:20:53Z,2026-06-11T09:20:53+0200,f3b72819-8f0f-4c0e-a936-e9ce989df431,2026-05-30T15:30:00Z,2026-05-30T17:30:00+0200,45062.45556,MW,DE,DE_LU,actual_load,Actual Load,2026-06-11T07:22:11Z
2026-06-11T07:20:53Z,2026-06-11T09:20:53+0200,f3b72819-8f0f-4c0e-a936-e9ce989df431,2026-05-30T15:45:00Z,2026-05-30T17:45:00+0200,45731.74476,MW,DE,DE_LU,actual_load,Actual Load,2026-06-11T07:22:11Z
2026-06-11T07:20:53Z,2026-06-11T09:20:53+0200,f3b72819-8f0f-4c0e-a936-e9ce989df431,2026-05-30T16:00:00Z,2026-05-30T18:00:00+0200,46067.93585,MW,DE,DE_LU,actual_load,Actual Load,2026-06-11T07:22:11Z
2026-06-11T07:20:53Z,2026-06-11T09:20:53+0200,f3b72819-8f0f-4c0e-a936-e9ce989df431,2026-05-30T16:15:00Z,2026-05-30T18:15:00+0200,45752.85603,MW,DE,DE_LU,actual_load,Actual Load,2026-06-11T07:22:11Z
2026-06-11T07:20:53Z,2026-06-11T09:20:53+0200,f3b72819-8f0f-4c0e-a936-e9ce989df431,2026-05-30T16:30:00Z,2026-05-30T18:30:00+0200,46685.34267,MW,DE,DE_LU,actual_load,Actual Load,2026-06-11T07:22:11Z
2026-06-11T07:20:53Z,2026-06-11T09:20:53+0200,f3b72819-8f0f-4c0e-a936-e9ce989df431,2026-05-30T16:45:00Z,2026-05-30T18:45:00+0200,47356.7163,MW,DE,DE_LU,actual_load,Actual Load,2026-06-11T07:22:11Z
2026-06-11T07:20:53Z,2026-06-11T09:20:53+0200,f3b72819-8f0f-4c0e-a936-e9ce989df431,2026-05-30T17:00:00Z,2026-05-30T19:00:00+0200,48690.23822,MW,DE,DE_LU,actual_load,Actual Load,2026-06-11T07:22:11Z
2026-06-11T07:20:53Z,2026-06-11T09:20:53+0200,f3b72819-8f0f-4c0e-a936-e9ce989df431,2026-05-30T17:15:00Z,2026-05-30T19:15:00+0200,48489.39892,MW,DE,DE_LU,actual_load,Actual Load,2026-06-11T07:22:11Z
2026-06-11T07:20:53Z,2026-06-11T09:20:53+0200,f3b72819-8f0f-4c0e-a936-e9ce989df431,2026-05-30T17:30:00Z,2026-05-30T19:30:00+0200,48870.71498,MW,DE,DE_LU,actual_load,Actual Load,2026-06-11T07:22:11Z
2026-06-11T07:20:53Z,2026-06-11T09:20:53+0200,f3b72819-8f0f-4c0e-a936-e9ce989df431,2026-05-30T17:45:00Z,2026-05-30T19:45:00+0200,48465.38363,MW,DE,DE_LU,actual_load,Actual Load,2026-06-11T07:22:11Z
2026-06-11T07:20:53Z,2026-06-11T09:20:53+0200,f3b72819-8f0f-4c0e-a936-e9ce989df431,2026-05-30T18:00:00Z,2026-05-30T20:00:00+0200,48860.8041,MW,DE,DE_LU,actual_load,Actual Load,2026-06-11T07:22:11Z
2026-06-11T07:20:53Z,2026-06-11T09:20:53+0200,f3b72819-8f0f-4c0e-a936-e9ce989df431,2026-05-30T18:15:00Z,2026-05-30T20:15:00+0200,48764.66201,MW,DE,DE_LU,actual_load,Actual Load,2026-06-11T07:22:11Z
2026-06-11T07:20:53Z,2026-06-11T09:20:53+0200,f3b72819-8f0f-4c0e-a936-e9ce989df431,2026-05-30T18:30:00Z,2026-05-30T20:30:00+0200,48024.30064,MW,DE,DE_LU,actual_load,Actual Load,2026-06-11T07:22:11Z
2026-06-11T07:20:53Z,2026-06-11T09:20:53+0200,f3b72819-8f0f-4c0e-a936-e9ce989df431,2026-05-30T18:45:00Z,2026-05-30T20:45:00+0200,47375.75248,MW,DE,DE_LU,actual_load,Actual Load,2026-06-11T07:22:11Z
2026-06-11T07:20:53Z,2026-06-11T09:20:53+0200,f3b72819-8f0f-4c0e-a936-e9ce989df431,2026-05-30T19:00:00Z,2026-05-30T21:00:00+0200,47571.17812,MW,DE,DE_LU,actual_load,Actual Load,2026-06-11T07:22:11Z
2026-06-11T07:20:53Z,2026-06-11T09:20:53+0200,f3b72819-8f0f-4c0e-a936-e9ce989df431,2026-05-30T19:15:00Z,2026-05-30T21:15:00+0200,46948.37383,MW,DE,DE_LU,actual_load,Actual Load,2026-06-11T07:22:11Z
2026-06-11T07:20:53Z,2026-06-11T09:20:53+0200,f3b72819-8f0f-4c0e-a936-e9ce989df431,2026-05-30T19:30:00Z,2026-05-30T21:30:00+0200,46861.07624,MW,DE,DE_LU,actual_load,Actual Load,2026-06-11T07:22:11Z
2026-06-11T07:20:53Z,2026-06-11T09:20:53+0200,f3b72819-8f0f-4c0e-a936-e9ce989df431,2026-05-30T19:45:00Z,2026-05-30T21:45:00+0200,47108.43492,MW,DE,DE_LU,actual_load,Actual Load,2026-06-11T07:22:11Z
2026-06-11T07:20:53Z,2026-06-11T09:20:53+0200,f3b72819-8f0f-4c0e-a936-e9ce989df431,2026-05-30T20:00:00Z,2026-05-30T22:00:00+0200,46784.5282,MW,DE,DE_LU,actual_load,Actual Load,2026-06-11T07:22:11Z
2026-06-11T07:20:53Z,2026-06-11T09:20:53+0200,f3b72819-8f0f-4c0e-a936-e9ce989df431,2026-05-30T20:15:00Z,2026-05-30T22:15:00+0200,46126.7808,MW,DE,DE_LU,actual_load,Actual Load,2026-06-11T07:22:11Z
2026-06-11T07:20:53Z,2026-06-11T09:20:53+0200,f3b72819-8f0f-4c0e-a936-e9ce989df431,2026-05-30T20:30:00Z,2026-05-30T22:30:00+0200,45407.44664,MW,DE,DE_LU,actual_load,Actual Load,2026-06-11T07:22:11Z
2026-06-11T07:20:53Z,2026-06-11T09:20:53+0200,f3b72819-8f0f-4c0e-a936-e9ce989df431,2026-05-30T20:45:00Z,2026-05-30T22:45:00+0200,45088.39905,MW,DE,DE_LU,actual_load,Actual Load,2026-06-11T07:22:11Z
2026-06-11T07:20:53Z,2026-06-11T09:20:53+0200,f3b72819-8f0f-4c0e-a936-e9ce989df431,2026-05-30T21:00:00Z,2026-05-30T23:00:00+0200,44660.68464,MW,DE,DE_LU,actual_load,Actual Load,2026-06-11T07:22:11Z
2026-06-11T07:20:53Z,2026-06-11T09:20:53+0200,f3b72819-8f0f-4c0e-a936-e9ce989df431,2026-05-30T21:15:00Z,2026-05-30T23:15:00+0200,43884.38869,MW,DE,DE_LU,actual_load,Actual Load,2026-06-11T07:22:11Z
2026-06-11T07:20:53Z,2026-06-11T09:20:53+0200,f3b72819-8f0f-4c0e-a936-e9ce989df431,2026-05-30T21:30:00Z,2026-05-30T23:30:00+0200,42848.47366,MW,DE,DE_LU,actual_load,Actual Load,2026-06-11T07:22:11Z
2026-06-11T07:20:53Z,2026-06-11T09:20:53+0200,f3b72819-8f0f-4c0e-a936-e9ce989df431,2026-05-30T21:45:00Z,2026-05-30T23:45:00+0200,42609.09071,MW,DE,DE_LU,actual_load,Actual Load,2026-06-11T07:22:11Z
2026-06-11T07:20:53Z,2026-06-11T09:20:53+0200,f3b72819-8f0f-4c0e-a936-e9ce989df431,2026-05-30T22:00:00Z,2026-05-31T00:00:00+0200,41483.37131,MW,DE,DE_LU,actual_load,Actual Load,2026-06-11T07:22:11Z
2026-06-11T07:20:53Z,2026-06-11T09:20:53+0200,f3b72819-8f0f-4c0e-a936-e9ce989df431,2026-05-30T22:15:00Z,2026-05-31T00:15:00+0200,41059.61718,MW,DE,DE_LU,actual_load,Actual Load,2026-06-11T07:22:11Z
2026-06-11T07:20:53Z,2026-06-11T09:20:53+0200,f3b72819-8f0f-4c0e-a936-e9ce989df431,2026-05-30T22:30:00Z,2026-05-31T00:30:00+0200,40302.28884,MW,DE,DE_LU,actual_load,Actual Load,2026-06-11T07:22:11Z
2026-06-11T07:20:53Z,2026-06-11T09:20:53+0200,f3b72819-8f0f-4c0e-a936-e9ce989df431,2026-05-30T22:45:00Z,2026-05-31T00:45:00+0200,40027.17786,MW,DE,DE_LU,actual_load,Actual Load,2026-06-11T07:22:11Z
2026-06-11T07:20:53Z,2026-06-11T09:20:53+0200,f3b72819-8f0f-4c0e-a936-e9ce989df431,2026-05-30T23:00:00Z,2026-05-31T01:00:00+0200,39696.93526,MW,DE,DE_LU,actual_load,Actual Load,2026-06-11T07:22:11Z
2026-06-11T07:20:53Z,2026-06-11T09:20:53+0200,f3b72819-8f0f-4c0e-a936-e9ce989df431,2026-05-30T23:15:00Z,2026-05-31T01:15:00+0200,39190.46555,MW,DE,DE_LU,actual_load,Actual Load,2026-06-11T07:22:11Z
2026-06-11T07:20:53Z,2026-06-11T09:20:53+0200,f3b72819-8f0f-4c0e-a936-e9ce989df431,2026-05-30T23:30:00Z,2026-05-31T01:30:00+0200,38544.9217,MW,DE,DE_LU,actual_load,Actual Load,2026-06-11T07:22:11Z
2026-06-11T07:20:53Z,2026-06-11T09:20:53+0200,f3b72819-8f0f-4c0e-a936-e9ce989df431,2026-05-30T23:45:00Z,2026-05-31T01:45:00+0200,38235.73684,MW,DE,DE_LU,actual_load,Actual Load,2026-06-11T07:22:11Z
2026-06-11T07:20:53Z,2026-06-11T09:20:53+0200,f3b72819-8f0f-4c0e-a936-e9ce989df431,2026-05-31T00:00:00Z,2026-05-31T02:00:00+0200,37887.73902,MW,DE,DE_LU,actual_load,Actual Load,2026-06-11T07:22:11Z
2026-06-11T07:20:53Z,2026-06-11T09:20:53+0200,f3b72819-8f0f-4c0e-a936-e9ce989df431,2026-05-31T00:15:00Z,2026-05-31T02:15:00+0200,37708.34908,MW,DE,DE_LU,actual_load,Actual Load,2026-06-11T07:22:11Z
2026-06-11T07:20:53Z,2026-06-11T09:20:53+0200,f3b72819-8f0f-4c0e-a936-e9ce989df431,2026-05-31T00:30:00Z,2026-05-31T02:30:00+0200,37680.29927,MW,DE,DE_LU,actual_load,Actual Load,2026-06-11T07:22:11Z
2026-06-11T07:20:53Z,2026-06-11T09:20:53+0200,f3b72819-8f0f-4c0e-a936-e9ce989df431,2026-05-31T00:45:00Z,2026-05-31T02:45:00+0200,37681.08215,MW,DE,DE_LU,actual_load,Actual Load,2026-06-11T07:22:11Z
2026-06-11T07:20:53Z,2026-06-11T09:20:53+0200,f3b72819-8f0f-4c0e-a936-e9ce989df431,2026-05-31T01:00:00Z,2026-05-31T03:00:00+0200,37492.68444,MW,DE,DE_LU,actual_load,Actual Load,2026-06-11T07:22:11Z
2026-06-11T07:20:53Z,2026-06-11T09:20:53+0200,f3b72819-8f0f-4c0e-a936-e9ce989df431,2026-05-31T01:15:00Z,2026-05-31T03:15:00+0200,37553.99479,MW,DE,DE_LU,actual_load,Actual Load,2026-06-11T07:22:11Z
2026-06-11T07:20:53Z,2026-06-11T09:20:53+0200,f3b72819-8f0f-4c0e-a936-e9ce989df431,2026-05-31T01:30:00Z,2026-05-31T03:30:00+0200,37612.02004,MW,DE,DE_LU,actual_load,Actual Load,2026-06-11T07:22:11Z
2026-06-11T07:20:53Z,2026-06-11T09:20:53+0200,f3b72819-8f0f-4c0e-a936-e9ce989df431,2026-05-31T01:45:00Z,2026-05-31T03:45:00+0200,37496.60751,MW,DE,DE_LU,actual_load,Actual Load,2026-06-11T07:22:11Z
2026-06-11T07:20:53Z,2026-06-11T09:20:53+0200,f3b72819-8f0f-4c0e-a936-e9ce989df431,2026-05-31T02:00:00Z,2026-05-31T04:00:00+0200,37798.91897,MW,DE,DE_LU,actual_load,Actual Load,2026-06-11T07:22:11Z
2026-06-11T07:20:53Z,2026-06-11T09:20:53+0200,f3b72819-8f0f-4c0e-a936-e9ce989df431,2026-05-31T02:15:00Z,2026-05-31T04:15:00+0200,37531.62095,MW,DE,DE_LU,actual_load,Actual Load,2026-06-11T07:22:11Z
2026-06-11T07:20:53Z,2026-06-11T09:20:53+0200,f3b72819-8f0f-4c0e-a936-e9ce989df431,2026-05-31T02:30:00Z,2026-05-31T04:30:00+0200,37400.38192,MW,DE,DE_LU,actual_load,Actual Load,2026-06-11T07:22:11Z
2026-06-11T07:20:53Z,2026-06-11T09:20:53+0200,f3b72819-8f0f-4c0e-a936-e9ce989df431,2026-05-31T02:45:00Z,2026-05-31T04:45:00+0200,37610.64107,MW,DE,DE_LU,actual_load,Actual Load,2026-06-11T07:22:11Z
2026-06-11T07:20:53Z,2026-06-11T09:20:53+0200,f3b72819-8f0f-4c0e-a936-e9ce989df431,2026-05-31T03:00:00Z,2026-05-31T05:00:00+0200,37286.92388,MW,DE,DE_LU,actual_load,Actual Load,2026-06-11T07:22:11Z
2026-06-11T07:20:53Z,2026-06-11T09:20:53+0200,f3b72819-8f0f-4c0e-a936-e9ce989df431,2026-05-31T03:15:00Z,2026-05-31T05:15:00+0200,37592.14894,MW,DE,DE_LU,actual_load,Actual Load,2026-06-11T07:22:11Z
2026-06-11T07:20:53Z,2026-06-11T09:20:53+0200,f3b72819-8f0f-4c0e-a936-e9ce989df431,2026-05-31T03:30:00Z,2026-05-31T05:30:00+0200,37237.0105,MW,DE,DE_LU,actual_load,Actual Load,2026-06-11T07:22:11Z
2026-06-11T07:20:53Z,2026-06-11T09:20:53+0200,f3b72819-8f0f-4c0e-a936-e9ce989df431,2026-05-31T03:45:00Z,2026-05-31T05:45:00+0200,37578.31197,MW,DE,DE_LU,actual_load,Actual Load,2026-06-11T07:22:11Z
2026-06-11T07:20:53Z,2026-06-11T09:20:53+0200,f3b72819-8f0f-4c0e-a936-e9ce989df431,2026-05-31T04:00:00Z,2026-05-31T06:00:00+0200,38158.43019,MW,DE,DE_LU,actual_load,Actual Load,2026-06-11T07:22:11Z
2026-06-11T07:20:53Z,2026-06-11T09:20:53+0200,f3b72819-8f0f-4c0e-a936-e9ce989df431,2026-05-31T04:15:00Z,2026-05-31T06:15:00+0200,38240.55803,MW,DE,DE_LU,actual_load,Actual Load,2026-06-11T07:22:11Z
2026-06-11T07:20:53Z,2026-06-11T09:20:53+0200,f3b72819-8f0f-4c0e-a936-e9ce989df431,2026-05-31T04:30:00Z,2026-05-31T06:30:00+0200,38536.93389,MW,DE,DE_LU,actual_load,Actual Load,2026-06-11T07:22:11Z
2026-06-11T07:20:53Z,2026-06-11T09:20:53+0200,f3b72819-8f0f-4c0e-a936-e9ce989df431,2026-05-31T04:45:00Z,2026-05-31T06:45:00+0200,38588.57013,MW,DE,DE_LU,actual_load,Actual Load,2026-06-11T07:22:11Z
2026-06-11T07:20:53Z,2026-06-11T09:20:53+0200,f3b72819-8f0f-4c0e-a936-e9ce989df431,2026-05-31T05:00:00Z,2026-05-31T07:00:00+0200,38710.84719,MW,DE,DE_LU,actual_load,Actual Load,2026-06-11T07:22:11Z
2026-06-11T07:20:53Z,2026-06-11T09:20:53+0200,f3b72819-8f0f-4c0e-a936-e9ce989df431,2026-05-31T05:15:00Z,2026-05-31T07:15:00+0200,38687.9602,MW,DE,DE_LU,actual_load,Actual Load,2026-06-11T07:22:11Z
2026-06-11T07:20:53Z,2026-06-11T09:20:53+0200,f3b72819-8f0f-4c0e-a936-e9ce989df431,2026-05-31T05:30:00Z,2026-05-31T07:30:00+0200,38358.00613,MW,DE,DE_LU,actual_load,Actual Load,2026-06-11T07:22:11Z
2026-06-11T07:20:53Z,2026-06-11T09:20:53+0200,f3b72819-8f0f-4c0e-a936-e9ce989df431,2026-05-31T05:45:00Z,2026-05-31T07:45:00+0200,39081.20245,MW,DE,DE_LU,actual_load,Actual Load,2026-06-11T07:22:11Z
2026-06-11T07:20:53Z,2026-06-11T09:20:53+0200,f3b72819-8f0f-4c0e-a936-e9ce989df431,2026-05-31T06:00:00Z,2026-05-31T08:00:00+0200,39360.98194,MW,DE,DE_LU,actual_load,Actual Load,2026-06-11T07:22:11Z
2026-06-11T07:20:53Z,2026-06-11T09:20:53+0200,f3b72819-8f0f-4c0e-a936-e9ce989df431,2026-05-31T06:15:00Z,2026-05-31T08:15:00+0200,40027.36791,MW,DE,DE_LU,actual_load,Actual Load,2026-06-11T07:22:11Z
2026-06-11T07:20:53Z,2026-06-11T09:20:53+0200,f3b72819-8f0f-4c0e-a936-e9ce989df431,2026-05-31T06:30:00Z,2026-05-31T08:30:00+0200,40714.15098,MW,DE,DE_LU,actual_load,Actual Load,2026-06-11T07:22:11Z
2026-06-11T07:20:53Z,2026-06-11T09:20:53+0200,f3b72819-8f0f-4c0e-a936-e9ce989df431,2026-05-31T06:45:00Z,2026-05-31T08:45:00+0200,41310.09117,MW,DE,DE_LU,actual_load,Actual Load,2026-06-11T07:22:11Z
2026-06-11T07:20:53Z,2026-06-11T09:20:53+0200,f3b72819-8f0f-4c0e-a936-e9ce989df431,2026-05-31T07:00:00Z,2026-05-31T09:00:00+0200,41522.32124,MW,DE,DE_LU,actual_load,Actual Load,2026-06-11T07:22:11Z
2026-06-11T07:20:53Z,2026-06-11T09:20:53+0200,f3b72819-8f0f-4c0e-a936-e9ce989df431,2026-05-31T07:15:00Z,2026-05-31T09:15:00+0200,42495.81266,MW,DE,DE_LU,actual_load,Actual Load,2026-06-11T07:22:11Z
2026-06-11T07:20:53Z,2026-06-11T09:20:53+0200,f3b72819-8f0f-4c0e-a936-e9ce989df431,2026-05-31T07:30:00Z,2026-05-31T09:30:00+0200,43340.9264,MW,DE,DE_LU,actual_load,Actual Load,2026-06-11T07:22:11Z
2026-06-11T07:20:53Z,2026-06-11T09:20:53+0200,f3b72819-8f0f-4c0e-a936-e9ce989df431,2026-05-31T07:45:00Z,2026-05-31T09:45:00+0200,43624.08113,MW,DE,DE_LU,actual_load,Actual Load,2026-06-11T07:22:11Z
2026-06-11T07:20:53Z,2026-06-11T09:20:53+0200,f3b72819-8f0f-4c0e-a936-e9ce989df431,2026-05-31T08:00:00Z,2026-05-31T10:00:00+0200,44271.46998,MW,DE,DE_LU,actual_load,Actual Load,2026-06-11T07:22:11Z
2026-06-11T07:20:53Z,2026-06-11T09:20:53+0200,f3b72819-8f0f-4c0e-a936-e9ce989df431,2026-05-31T08:15:00Z,2026-05-31T10:15:00+0200,44561.09092,MW,DE,DE_LU,actual_load,Actual Load,2026-06-11T07:22:11Z
2026-06-11T07:20:53Z,2026-06-11T09:20:53+0200,f3b72819-8f0f-4c0e-a936-e9ce989df431,2026-05-31T08:30:00Z,2026-05-31T10:30:00+0200,45293.12053,MW,DE,DE_LU,actual_load,Actual Load,2026-06-11T07:22:11Z
2026-06-11T07:20:53Z,2026-06-11T09:20:53+0200,f3b72819-8f0f-4c0e-a936-e9ce989df431,2026-05-31T08:45:00Z,2026-05-31T10:45:00+0200,46481.05099,MW,DE,DE_LU,actual_load,Actual Load,2026-06-11T07:22:11Z
2026-06-11T07:20:53Z,2026-06-11T09:20:53+0200,f3b72819-8f0f-4c0e-a936-e9ce989df431,2026-05-31T09:00:00Z,2026-05-31T11:00:00+0200,46270.70809,MW,DE,DE_LU,actual_load,Actual Load,2026-06-11T07:22:11Z
2026-06-11T07:20:53Z,2026-06-11T09:20:53+0200,f3b72819-8f0f-4c0e-a936-e9ce989df431,2026-05-31T09:15:00Z,2026-05-31T11:15:00+0200,46550.25679,MW,DE,DE_LU,actual_load,Actual Load,2026-06-11T07:22:11Z
2026-06-11T07:20:53Z,2026-06-11T09:20:53+0200,f3b72819-8f0f-4c0e-a936-e9ce989df431,2026-05-31T09:30:00Z,2026-05-31T11:30:00+0200,46818.94525,MW,DE,DE_LU,actual_load,Actual Load,2026-06-11T07:22:11Z
2026-06-11T07:20:53Z,2026-06-11T09:20:53+0200,f3b72819-8f0f-4c0e-a936-e9ce989df431,2026-05-31T09:45:00Z,2026-05-31T11:45:00+0200,46915.83859,MW,DE,DE_LU,actual_load,Actual Load,2026-06-11T07:22:11Z
2026-06-11T07:20:53Z,2026-06-11T09:20:53+0200,f3b72819-8f0f-4c0e-a936-e9ce989df431,2026-05-31T10:00:00Z,2026-05-31T12:00:00+0200,45781.8974,MW,DE,DE_LU,actual_load,Actual Load,2026-06-11T07:22:11Z
2026-06-11T07:20:53Z,2026-06-11T09:20:53+0200,f3b72819-8f0f-4c0e-a936-e9ce989df431,2026-05-31T10:15:00Z,2026-05-31T12:15:00+0200,45038.29366,MW,DE,DE_LU,actual_load,Actual Load,2026-06-11T07:22:11Z
2026-06-11T07:20:53Z,2026-06-11T09:20:53+0200,f3b72819-8f0f-4c0e-a936-e9ce989df431,2026-05-31T10:30:00Z,2026-05-31T12:30:00+0200,44900.93322,MW,DE,DE_LU,actual_load,Actual Load,2026-06-11T07:22:11Z
2026-06-11T07:20:53Z,2026-06-11T09:20:53+0200,f3b72819-8f0f-4c0e-a936-e9ce989df431,2026-05-31T10:45:00Z,2026-05-31T12:45:00+0200,44800.47575,MW,DE,DE_LU,actual_load,Actual Load,2026-06-11T07:22:11Z
2026-06-11T07:20:53Z,2026-06-11T09:20:53+0200,f3b72819-8f0f-4c0e-a936-e9ce989df431,2026-05-31T11:00:00Z,2026-05-31T13:00:00+0200,44366.09337,MW,DE,DE_LU,actual_load,Actual Load,2026-06-11T07:22:11Z
2026-06-11T07:20:53Z,2026-06-11T09:20:53+0200,f3b72819-8f0f-4c0e-a936-e9ce989df431,2026-05-31T11:15:00Z,2026-05-31T13:15:00+0200,43300.24609,MW,DE,DE_LU,actual_load,Actual Load,2026-06-11T07:22:11Z
2026-06-11T07:20:53Z,2026-06-11T09:20:53+0200,f3b72819-8f0f-4c0e-a936-e9ce989df431,2026-05-31T11:30:00Z,2026-05-31T13:30:00+0200,42383.92517,MW,DE,DE_LU,actual_load,Actual Load,2026-06-11T07:22:11Z
2026-06-11T07:20:53Z,2026-06-11T09:20:53+0200,f3b72819-8f0f-4c0e-a936-e9ce989df431,2026-05-31T11:45:00Z,2026-05-31T13:45:00+0200,41856.03896,MW,DE,DE_LU,actual_load,Actual Load,2026-06-11T07:22:11Z
2026-06-11T07:20:53Z,2026-06-11T09:20:53+0200,f3b72819-8f0f-4c0e-a936-e9ce989df431,2026-05-31T12:00:00Z,2026-05-31T14:00:00+0200,41455.78255,MW,DE,DE_LU,actual_load,Actual Load,2026-06-11T07:22:11Z
2026-06-11T07:20:53Z,2026-06-11T09:20:53+0200,f3b72819-8f0f-4c0e-a936-e9ce989df431,2026-05-31T12:15:00Z,2026-05-31T14:15:00+0200,41575.60547,MW,DE,DE_LU,actual_load,Actual Load,2026-06-11T07:22:11Z
2026-06-11T07:20:53Z,2026-06-11T09:20:53+0200,f3b72819-8f0f-4c0e-a936-e9ce989df431,2026-05-31T12:30:00Z,2026-05-31T14:30:00+0200,41092.55823,MW,DE,DE_LU,actual_load,Actual Load,2026-06-11T07:22:11Z
2026-06-11T07:20:53Z,2026-06-11T09:20:53+0200,f3b72819-8f0f-4c0e-a936-e9ce989df431,2026-05-31T12:45:00Z,2026-05-31T14:45:00+0200,42077.64584,MW,DE,DE_LU,actual_load,Actual Load,2026-06-11T07:22:11Z
2026-06-11T07:20:53Z,2026-06-11T09:20:53+0200,f3b72819-8f0f-4c0e-a936-e9ce989df431,2026-05-31T13:00:00Z,2026-05-31T15:00:00+0200,42259.64713,MW,DE,DE_LU,actual_load,Actual Load,2026-06-11T07:22:11Z
2026-06-11T07:20:53Z,2026-06-11T09:20:53+0200,f3b72819-8f0f-4c0e-a936-e9ce989df431,2026-05-31T13:15:00Z,2026-05-31T15:15:00+0200,41697.45318,MW,DE,DE_LU,actual_load,Actual Load,2026-06-11T07:22:11Z
2026-06-11T07:20:53Z,2026-06-11T09:20:53+0200,f3b72819-8f0f-4c0e-a936-e9ce989df431,2026-05-31T13:30:00Z,2026-05-31T15:30:00+0200,41471.90213,MW,DE,DE_LU,actual_load,Actual Load,2026-06-11T07:22:11Z
2026-06-11T07:20:53Z,2026-06-11T09:20:53+0200,f3b72819-8f0f-4c0e-a936-e9ce989df431,2026-05-31T13:45:00Z,2026-05-31T15:45:00+0200,41786.24955,MW,DE,DE_LU,actual_load,Actual Load,2026-06-11T07:22:11Z
2026-06-11T07:20:53Z,2026-06-11T09:20:53+0200,f3b72819-8f0f-4c0e-a936-e9ce989df431,2026-05-31T14:00:00Z,2026-05-31T16:00:00+0200,42835.78549,MW,DE,DE_LU,actual_load,Actual Load,2026-06-11T07:22:11Z
2026-06-11T07:20:53Z,2026-06-11T09:20:53+0200,f3b72819-8f0f-4c0e-a936-e9ce989df431,2026-05-31T14:15:00Z,2026-05-31T16:15:00+0200,41899.7909,MW,DE,DE_LU,actual_load,Actual Load,2026-06-11T07:22:11Z
2026-06-11T07:20:53Z,2026-06-11T09:20:53+0200,f3b72819-8f0f-4c0e-a936-e9ce989df431,2026-05-31T14:30:00Z,2026-05-31T16:30:00+0200,42017.44728,MW,DE,DE_LU,actual_load,Actual Load,2026-06-11T07:22:11Z
2026-06-11T07:20:53Z,2026-06-11T09:20:53+0200,f3b72819-8f0f-4c0e-a936-e9ce989df431,2026-05-31T14:45:00Z,2026-05-31T16:45:00+0200,42390.70148,MW,DE,DE_LU,actual_load,Actual Load,2026-06-11T07:22:11Z
2026-06-11T07:20:53Z,2026-06-11T09:20:53+0200,f3b72819-8f0f-4c0e-a936-e9ce989df431,2026-05-31T15:00:00Z,2026-05-31T17:00:00+0200,42987.64548,MW,DE,DE_LU,actual_load,Actual Load,2026-06-11T07:22:11Z
2026-06-11T07:20:53Z,2026-06-11T09:20:53+0200,f3b72819-8f0f-4c0e-a936-e9ce989df431,2026-05-31T15:15:00Z,2026-05-31T17:15:00+0200,43191.96719,MW,DE,DE_LU,actual_load,Actual Load,2026-06-11T07:22:11Z
2026-06-11T07:20:53Z,2026-06-11T09:20:53+0200,f3b72819-8f0f-4c0e-a936-e9ce989df431,2026-05-31T15:30:00Z,2026-05-31T17:30:00+0200,43222.45131,MW,DE,DE_LU,actual_load,Actual Load,2026-06-11T07:22:11Z
2026-06-11T07:20:53Z,2026-06-11T09:20:53+0200,f3b72819-8f0f-4c0e-a936-e9ce989df431,2026-05-31T15:45:00Z,2026-05-31T17:45:00+0200,44347.07108,MW,DE,DE_LU,actual_load,Actual Load,2026-06-11T07:22:11Z
2026-06-11T07:20:53Z,2026-06-11T09:20:53+0200,f3b72819-8f0f-4c0e-a936-e9ce989df431,2026-05-31T16:00:00Z,2026-05-31T18:00:00+0200,45827.41704,MW,DE,DE_LU,actual_load,Actual Load,2026-06-11T07:22:11Z
2026-06-11T07:20:53Z,2026-06-11T09:20:53+0200,f3b72819-8f0f-4c0e-a936-e9ce989df431,2026-05-31T16:15:00Z,2026-05-31T18:15:00+0200,46585.75782,MW,DE,DE_LU,actual_load,Actual Load,2026-06-11T07:22:11Z
2026-06-11T07:20:53Z,2026-06-11T09:20:53+0200,f3b72819-8f0f-4c0e-a936-e9ce989df431,2026-05-31T16:30:00Z,2026-05-31T18:30:00+0200,47775.23715,MW,DE,DE_LU,actual_load,Actual Load,2026-06-11T07:22:11Z
2026-06-11T07:20:53Z,2026-06-11T09:20:53+0200,f3b72819-8f0f-4c0e-a936-e9ce989df431,2026-05-31T16:45:00Z,2026-05-31T18:45:00+0200,47967.89256,MW,DE,DE_LU,actual_load,Actual Load,2026-06-11T07:22:11Z
2026-06-11T07:20:53Z,2026-06-11T09:20:53+0200,f3b72819-8f0f-4c0e-a936-e9ce989df431,2026-05-31T17:00:00Z,2026-05-31T19:00:00+0200,48361.34782,MW,DE,DE_LU,actual_load,Actual Load,2026-06-11T07:22:11Z
2026-06-11T07:20:53Z,2026-06-11T09:20:53+0200,f3b72819-8f0f-4c0e-a936-e9ce989df431,2026-05-31T17:15:00Z,2026-05-31T19:15:00+0200,48004.32204,MW,DE,DE_LU,actual_load,Actual Load,2026-06-11T07:22:11Z
2026-06-11T07:20:53Z,2026-06-11T09:20:53+0200,f3b72819-8f0f-4c0e-a936-e9ce989df431,2026-05-31T17:30:00Z,2026-05-31T19:30:00+0200,48369.38197,MW,DE,DE_LU,actual_load,Actual Load,2026-06-11T07:22:11Z
2026-06-11T07:20:53Z,2026-06-11T09:20:53+0200,f3b72819-8f0f-4c0e-a936-e9ce989df431,2026-05-31T17:45:00Z,2026-05-31T19:45:00+0200,48310.2344,MW,DE,DE_LU,actual_load,Actual Load,2026-06-11T07:22:11Z
2026-06-11T07:20:53Z,2026-06-11T09:20:53+0200,f3b72819-8f0f-4c0e-a936-e9ce989df431,2026-05-31T18:00:00Z,2026-05-31T20:00:00+0200,48298.69831,MW,DE,DE_LU,actual_load,Actual Load,2026-06-11T07:22:11Z
2026-06-11T07:20:53Z,2026-06-11T09:20:53+0200,f3b72819-8f0f-4c0e-a936-e9ce989df431,2026-05-31T18:15:00Z,2026-05-31T20:15:00+0200,47812.44733,MW,DE,DE_LU,actual_load,Actual Load,2026-06-11T07:22:11Z
2026-06-11T07:20:53Z,2026-06-11T09:20:53+0200,f3b72819-8f0f-4c0e-a936-e9ce989df431,2026-05-31T18:30:00Z,2026-05-31T20:30:00+0200,47847.74949,MW,DE,DE_LU,actual_load,Actual Load,2026-06-11T07:22:11Z
2026-06-11T07:20:53Z,2026-06-11T09:20:53+0200,f3b72819-8f0f-4c0e-a936-e9ce989df431,2026-05-31T18:45:00Z,2026-05-31T20:45:00+0200,47512.60304,MW,DE,DE_LU,actual_load,Actual Load,2026-06-11T07:22:11Z
2026-06-11T07:20:53Z,2026-06-11T09:20:53+0200,f3b72819-8f0f-4c0e-a936-e9ce989df431,2026-05-31T19:00:00Z,2026-05-31T21:00:00+0200,47135.37466,MW,DE,DE_LU,actual_load,Actual Load,2026-06-11T07:22:11Z
2026-06-11T07:20:53Z,2026-06-11T09:20:53+0200,f3b72819-8f0f-4c0e-a936-e9ce989df431,2026-05-31T19:15:00Z,2026-05-31T21:15:00+0200,46850.95511,MW,DE,DE_LU,actual_load,Actual Load,2026-06-11T07:22:11Z
2026-06-11T07:20:53Z,2026-06-11T09:20:53+0200,f3b72819-8f0f-4c0e-a936-e9ce989df431,2026-05-31T19:30:00Z,2026-05-31T21:30:00+0200,47019.92989,MW,DE,DE_LU,actual_load,Actual Load,2026-06-11T07:22:11Z
2026-06-11T07:20:53Z,2026-06-11T09:20:53+0200,f3b72819-8f0f-4c0e-a936-e9ce989df431,2026-05-31T19:45:00Z,2026-05-31T21:45:00+0200,46981.39646,MW,DE,DE_LU,actual_load,Actual Load,2026-06-11T07:22:11Z
2026-06-11T07:20:53Z,2026-06-11T09:20:53+0200,f3b72819-8f0f-4c0e-a936-e9ce989df431,2026-05-31T20:00:00Z,2026-05-31T22:00:00+0200,46640.62951,MW,DE,DE_LU,actual_load,Actual Load,2026-06-11T07:22:11Z
2026-06-11T07:20:53Z,2026-06-11T09:20:53+0200,f3b72819-8f0f-4c0e-a936-e9ce989df431,2026-05-31T20:15:00Z,2026-05-31T22:15:00+0200,46223.39574,MW,DE,DE_LU,actual_load,Actual Load,2026-06-11T07:22:11Z
2026-06-11T07:20:53Z,2026-06-11T09:20:53+0200,f3b72819-8f0f-4c0e-a936-e9ce989df431,2026-05-31T20:30:00Z,2026-05-31T22:30:00+0200,45971.8662,MW,DE,DE_LU,actual_load,Actual Load,2026-06-11T07:22:11Z
2026-06-11T07:20:53Z,2026-06-11T09:20:53+0200,f3b72819-8f0f-4c0e-a936-e9ce989df431,2026-05-31T20:45:00Z,2026-05-31T22:45:00+0200,45101.03049,MW,DE,DE_LU,actual_load,Actual Load,2026-06-11T07:22:11Z
2026-06-11T07:20:53Z,2026-06-11T09:20:53+0200,f3b72819-8f0f-4c0e-a936-e9ce989df431,2026-05-31T21:00:00Z,2026-05-31T23:00:00+0200,44041.57155,MW,DE,DE_LU,actual_load,Actual Load,2026-06-11T07:22:11Z
2026-06-11T07:20:53Z,2026-06-11T09:20:53+0200,f3b72819-8f0f-4c0e-a936-e9ce989df431,2026-05-31T21:15:00Z,2026-05-31T23:15:00+0200,43494.23428,MW,DE,DE_LU,actual_load,Actual Load,2026-06-11T07:22:11Z
2026-06-11T07:20:53Z,2026-06-11T09:20:53+0200,f3b72819-8f0f-4c0e-a936-e9ce989df431,2026-05-31T21:30:00Z,2026-05-31T23:30:00+0200,42648.25583,MW,DE,DE_LU,actual_load,Actual Load,2026-06-11T07:22:11Z
2026-06-11T07:20:53Z,2026-06-11T09:20:53+0200,f3b72819-8f0f-4c0e-a936-e9ce989df431,2026-05-31T21:45:00Z,2026-05-31T23:45:00+0200,42247.01718,MW,DE,DE_LU,actual_load,Actual Load,2026-06-11T07:22:11Z
2026-06-11T07:20:53Z,2026-06-11T09:20:53+0200,f3b72819-8f0f-4c0e-a936-e9ce989df431,2026-05-31T22:00:00Z,2026-06-01T00:00:00+0200,42039.28684,MW,DE,DE_LU,actual_load,Actual Load,2026-06-11T07:22:11Z
2026-06-11T07:20:53Z,2026-06-11T09:20:53+0200,f3b72819-8f0f-4c0e-a936-e9ce989df431,2026-05-31T22:15:00Z,2026-06-01T00:15:00+0200,40877.03698,MW,DE,DE_LU,actual_load,Actual Load,2026-06-11T07:22:11Z
2026-06-11T07:20:53Z,2026-06-11T09:20:53+0200,f3b72819-8f0f-4c0e-a936-e9ce989df431,2026-05-31T22:30:00Z,2026-06-01T00:30:00+0200,40833.22697,MW,DE,DE_LU,actual_load,Actual Load,2026-06-11T07:22:11Z
2026-06-11T07:20:53Z,2026-06-11T09:20:53+0200,f3b72819-8f0f-4c0e-a936-e9ce989df431,2026-05-31T22:45:00Z,2026-06-01T00:45:00+0200,40467.27302,MW,DE,DE_LU,actual_load,Actual Load,2026-06-11T07:22:11Z
2026-06-11T07:20:53Z,2026-06-11T09:20:53+0200,f3b72819-8f0f-4c0e-a936-e9ce989df431,2026-05-31T23:00:00Z,2026-06-01T01:00:00+0200,40082.8562,MW,DE,DE_LU,actual_load,Actual Load,2026-06-11T07:22:11Z
2026-06-11T07:20:53Z,2026-06-11T09:20:53+0200,f3b72819-8f0f-4c0e-a936-e9ce989df431,2026-05-31T23:15:00Z,2026-06-01T01:15:00+0200,39959.21378,MW,DE,DE_LU,actual_load,Actual Load,2026-06-11T07:22:11Z
2026-06-11T07:20:53Z,2026-06-11T09:20:53+0200,f3b72819-8f0f-4c0e-a936-e9ce989df431,2026-05-31T23:30:00Z,2026-06-01T01:30:00+0200,39676.26191,MW,DE,DE_LU,actual_load,Actual Load,2026-06-11T07:22:11Z
2026-06-11T07:20:53Z,2026-06-11T09:20:53+0200,f3b72819-8f0f-4c0e-a936-e9ce989df431,2026-05-31T23:45:00Z,2026-06-01T01:45:00+0200,39287.30995,MW,DE,DE_LU,actual_load,Actual Load,2026-06-11T07:22:11Z
2026-06-11T07:20:53Z,2026-06-11T09:20:53+0200,f3b72819-8f0f-4c0e-a936-e9ce989df431,2026-06-01T00:00:00Z,2026-06-01T02:00:00+0200,39138.3535,MW,DE,DE_LU,actual_load,Actual Load,2026-06-11T07:22:11Z
2026-06-11T07:20:53Z,2026-06-11T09:20:53+0200,f3b72819-8f0f-4c0e-a936-e9ce989df431,2026-06-01T00:15:00Z,2026-06-01T02:15:00+0200,39027.43756,MW,DE,DE_LU,actual_load,Actual Load,2026-06-11T07:22:11Z
2026-06-11T07:20:53Z,2026-06-11T09:20:53+0200,f3b72819-8f0f-4c0e-a936-e9ce989df431,2026-06-01T00:30:00Z,2026-06-01T02:30:00+0200,39305.83816,MW,DE,DE_LU,actual_load,Actual Load,2026-06-11T07:22:11Z
2026-06-11T07:20:53Z,2026-06-11T09:20:53+0200,f3b72819-8f0f-4c0e-a936-e9ce989df431,2026-06-01T00:45:00Z,2026-06-01T02:45:00+0200,39591.29558,MW,DE,DE_LU,actual_load,Actual Load,2026-06-11T07:22:11Z
2026-06-11T07:20:53Z,2026-06-11T09:20:53+0200,f3b72819-8f0f-4c0e-a936-e9ce989df431,2026-06-01T01:00:00Z,2026-06-01T03:00:00+0200,39917.83081,MW,DE,DE_LU,actual_load,Actual Load,2026-06-11T07:22:11Z
2026-06-11T07:20:53Z,2026-06-11T09:20:53+0200,f3b72819-8f0f-4c0e-a936-e9ce989df431,2026-06-01T01:15:00Z,2026-06-01T03:15:00+0200,40206.58075,MW,DE,DE_LU,actual_load,Actual Load,2026-06-11T07:22:11Z
2026-06-11T07:20:53Z,2026-06-11T09:20:53+0200,f3b72819-8f0f-4c0e-a936-e9ce989df431,2026-06-01T01:30:00Z,2026-06-01T03:30:00+0200,40134.14577,MW,DE,DE_LU,actual_load,Actual Load,2026-06-11T07:22:11Z
2026-06-11T07:20:53Z,2026-06-11T09:20:53+0200,f3b72819-8f0f-4c0e-a936-e9ce989df431,2026-06-01T01:45:00Z,2026-06-01T03:45:00+0200,40235.75646,MW,DE,DE_LU,actual_load,Actual Load,2026-06-11T07:22:11Z
2026-06-11T07:20:53Z,2026-06-11T09:20:53+0200,f3b72819-8f0f-4c0e-a936-e9ce989df431,2026-06-01T02:00:00Z,2026-06-01T04:00:00+0200,40834.5616,MW,DE,DE_LU,actual_load,Actual Load,2026-06-11T07:22:11Z
2026-06-11T07:20:53Z,2026-06-11T09:20:53+0200,f3b72819-8f0f-4c0e-a936-e9ce989df431,2026-06-01T02:15:00Z,2026-06-01T04:15:00+0200,41110.2672,MW,DE,DE_LU,actual_load,Actual Load,2026-06-11T07:22:11Z
2026-06-11T07:20:53Z,2026-06-11T09:20:53+0200,f3b72819-8f0f-4c0e-a936-e9ce989df431,2026-06-01T02:30:00Z,2026-06-01T04:30:00+0200,41372.79434,MW,DE,DE_LU,actual_load,Actual Load,2026-06-11T07:22:11Z
2026-06-11T07:20:53Z,2026-06-11T09:20:53+0200,f3b72819-8f0f-4c0e-a936-e9ce989df431,2026-06-01T02:45:00Z,2026-06-01T04:45:00+0200,41751.41676,MW,DE,DE_LU,actual_load,Actual Load,2026-06-11T07:22:11Z
2026-06-11T07:20:53Z,2026-06-11T09:20:53+0200,f3b72819-8f0f-4c0e-a936-e9ce989df431,2026-06-01T03:00:00Z,2026-06-01T05:00:00+0200,42979.82177,MW,DE,DE_LU,actual_load,Actual Load,2026-06-11T07:22:11Z
2026-06-11T07:20:53Z,2026-06-11T09:20:53+0200,f3b72819-8f0f-4c0e-a936-e9ce989df431,2026-06-01T03:15:00Z,2026-06-01T05:15:00+0200,43679.50097,MW,DE,DE_LU,actual_load,Actual Load,2026-06-11T07:22:11Z
2026-06-11T07:20:53Z,2026-06-11T09:20:53+0200,f3b72819-8f0f-4c0e-a936-e9ce989df431,2026-06-01T03:30:00Z,2026-06-01T05:30:00+0200,44421.90292,MW,DE,DE_LU,actual_load,Actual Load,2026-06-11T07:22:11Z
2026-06-11T07:20:53Z,2026-06-11T09:20:53+0200,f3b72819-8f0f-4c0e-a936-e9ce989df431,2026-06-01T03:45:00Z,2026-06-01T05:45:00+0200,45916.79776,MW,DE,DE_LU,actual_load,Actual Load,2026-06-11T07:22:11Z
2026-06-11T07:20:53Z,2026-06-11T09:20:53+0200,f3b72819-8f0f-4c0e-a936-e9ce989df431,2026-06-01T04:00:00Z,2026-06-01T06:00:00+0200,48322.08739,MW,DE,DE_LU,actual_load,Actual Load,2026-06-11T07:22:11Z
2026-06-11T07:20:53Z,2026-06-11T09:20:53+0200,f3b72819-8f0f-4c0e-a936-e9ce989df431,2026-06-01T04:15:00Z,2026-06-01T06:15:00+0200,50271.35709,MW,DE,DE_LU,actual_load,Actual Load,2026-06-11T07:22:11Z
2026-06-11T07:20:53Z,2026-06-11T09:20:53+0200,f3b72819-8f0f-4c0e-a936-e9ce989df431,2026-06-01T04:30:00Z,2026-06-01T06:30:00+0200,51840.45485,MW,DE,DE_LU,actual_load,Actual Load,2026-06-11T07:22:11Z
2026-06-11T07:20:53Z,2026-06-11T09:20:53+0200,f3b72819-8f0f-4c0e-a936-e9ce989df431,2026-06-01T04:45:00Z,2026-06-01T06:45:00+0200,53096.82483,MW,DE,DE_LU,actual_load,Actual Load,2026-06-11T07:22:11Z
2026-06-11T07:20:53Z,2026-06-11T09:20:53+0200,f3b72819-8f0f-4c0e-a936-e9ce989df431,2026-06-01T05:00:00Z,2026-06-01T07:00:00+0200,54437.65192,MW,DE,DE_LU,actual_load,Actual Load,2026-06-11T07:22:11Z
2026-06-11T07:20:53Z,2026-06-11T09:20:53+0200,f3b72819-8f0f-4c0e-a936-e9ce989df431,2026-06-01T05:15:00Z,2026-06-01T07:15:00+0200,55612.71543,MW,DE,DE_LU,actual_load,Actual Load,2026-06-11T07:22:11Z
2026-06-11T07:20:53Z,2026-06-11T09:20:53+0200,f3b72819-8f0f-4c0e-a936-e9ce989df431,2026-06-01T05:30:00Z,2026-06-01T07:30:00+0200,56319.32679,MW,DE,DE_LU,actual_load,Actual Load,2026-06-11T07:22:11Z
2026-06-11T07:20:53Z,2026-06-11T09:20:53+0200,f3b72819-8f0f-4c0e-a936-e9ce989df431,2026-06-01T05:45:00Z,2026-06-01T07:45:00+0200,57327.585,MW,DE,DE_LU,actual_load,Actual Load,2026-06-11T07:22:11Z
2026-06-11T07:20:53Z,2026-06-11T09:20:53+0200,f3b72819-8f0f-4c0e-a936-e9ce989df431,2026-06-01T06:00:00Z,2026-06-01T08:00:00+0200,57265.5947,MW,DE,DE_LU,actual_load,Actual Load,2026-06-11T07:22:11Z
2026-06-11T07:20:53Z,2026-06-11T09:20:53+0200,f3b72819-8f0f-4c0e-a936-e9ce989df431,2026-06-01T06:15:00Z,2026-06-01T08:15:00+0200,58082.58657,MW,DE,DE_LU,actual_load,Actual Load,2026-06-11T07:22:11Z
2026-06-11T07:20:53Z,2026-06-11T09:20:53+0200,f3b72819-8f0f-4c0e-a936-e9ce989df431,2026-06-01T06:30:00Z,2026-06-01T08:30:00+0200,58460.48103,MW,DE,DE_LU,actual_load,Actual Load,2026-06-11T07:22:11Z
2026-06-11T07:20:53Z,2026-06-11T09:20:53+0200,f3b72819-8f0f-4c0e-a936-e9ce989df431,2026-06-01T06:45:00Z,2026-06-01T08:45:00+0200,58294.90394,MW,DE,DE_LU,actual_load,Actual Load,2026-06-11T07:22:11Z
2026-06-11T07:20:53Z,2026-06-11T09:20:53+0200,f3b72819-8f0f-4c0e-a936-e9ce989df431,2026-06-01T07:00:00Z,2026-06-01T09:00:00+0200,57277.03117,MW,DE,DE_LU,actual_load,Actual Load,2026-06-11T07:22:11Z
2026-06-11T07:20:53Z,2026-06-11T09:20:53+0200,f3b72819-8f0f-4c0e-a936-e9ce989df431,2026-06-01T07:15:00Z,2026-06-01T09:15:00+0200,57240.41855,MW,DE,DE_LU,actual_load,Actual Load,2026-06-11T07:22:11Z
2026-06-11T07:20:53Z,2026-06-11T09:20:53+0200,f3b72819-8f0f-4c0e-a936-e9ce989df431,2026-06-01T07:30:00Z,2026-06-01T09:30:00+0200,57748.58346,MW,DE,DE_LU,actual_load,Actual Load,2026-06-11T07:22:11Z
2026-06-11T07:20:53Z,2026-06-11T09:20:53+0200,f3b72819-8f0f-4c0e-a936-e9ce989df431,2026-06-01T07:45:00Z,2026-06-01T09:45:00+0200,58118.90735,MW,DE,DE_LU,actual_load,Actual Load,2026-06-11T07:22:11Z
2026-06-11T07:20:53Z,2026-06-11T09:20:53+0200,f3b72819-8f0f-4c0e-a936-e9ce989df431,2026-06-01T08:00:00Z,2026-06-01T10:00:00+0200,57197.86731,MW,DE,DE_LU,actual_load,Actual Load,2026-06-11T07:22:11Z
2026-06-11T07:20:53Z,2026-06-11T09:20:53+0200,f3b72819-8f0f-4c0e-a936-e9ce989df431,2026-06-01T08:15:00Z,2026-06-01T10:15:00+0200,56520.63826,MW,DE,DE_LU,actual_load,Actual Load,2026-06-11T07:22:11Z
2026-06-11T07:20:53Z,2026-06-11T09:20:53+0200,f3b72819-8f0f-4c0e-a936-e9ce989df431,2026-06-01T08:30:00Z,2026-06-01T10:30:00+0200,56784.71316,MW,DE,DE_LU,actual_load,Actual Load,2026-06-11T07:22:11Z
2026-06-11T07:20:53Z,2026-06-11T09:20:53+0200,f3b72819-8f0f-4c0e-a936-e9ce989df431,2026-06-01T08:45:00Z,2026-06-01T10:45:00+0200,56589.13869,MW,DE,DE_LU,actual_load,Actual Load,2026-06-11T07:22:11Z
2026-06-11T07:20:53Z,2026-06-11T09:20:53+0200,f3b72819-8f0f-4c0e-a936-e9ce989df431,2026-06-01T09:00:00Z,2026-06-01T11:00:00+0200,56640.67859,MW,DE,DE_LU,actual_load,Actual Load,2026-06-11T07:22:11Z
2026-06-11T07:20:53Z,2026-06-11T09:20:53+0200,f3b72819-8f0f-4c0e-a936-e9ce989df431,2026-06-01T09:15:00Z,2026-06-01T11:15:00+0200,56885.37933,MW,DE,DE_LU,actual_load,Actual Load,2026-06-11T07:22:11Z
2026-06-11T07:20:53Z,2026-06-11T09:20:53+0200,f3b72819-8f0f-4c0e-a936-e9ce989df431,2026-06-01T09:30:00Z,2026-06-01T11:30:00+0200,56865.22296,MW,DE,DE_LU,actual_load,Actual Load,2026-06-11T07:22:11Z
2026-06-11T07:20:53Z,2026-06-11T09:20:53+0200,f3b72819-8f0f-4c0e-a936-e9ce989df431,2026-06-01T09:45:00Z,2026-06-01T11:45:00+0200,56474.39393,MW,DE,DE_LU,actual_load,Actual Load,2026-06-11T07:22:11Z
2026-06-11T07:20:53Z,2026-06-11T09:20:53+0200,f3b72819-8f0f-4c0e-a936-e9ce989df431,2026-06-01T10:00:00Z,2026-06-01T12:00:00+0200,56431.33898,MW,DE,DE_LU,actual_load,Actual Load,2026-06-11T07:22:11Z
2026-06-11T07:20:53Z,2026-06-11T09:20:53+0200,f3b72819-8f0f-4c0e-a936-e9ce989df431,2026-06-01T10:15:00Z,2026-06-01T12:15:00+0200,56575.44197,MW,DE,DE_LU,actual_load,Actual Load,2026-06-11T07:22:11Z
2026-06-11T07:20:53Z,2026-06-11T09:20:53+0200,f3b72819-8f0f-4c0e-a936-e9ce989df431,2026-06-01T10:30:00Z,2026-06-01T12:30:00+0200,55712.12911,MW,DE,DE_LU,actual_load,Actual Load,2026-06-11T07:22:11Z
2026-06-11T07:20:53Z,2026-06-11T09:20:53+0200,f3b72819-8f0f-4c0e-a936-e9ce989df431,2026-06-01T10:45:00Z,2026-06-01T12:45:00+0200,55264.17264,MW,DE,DE_LU,actual_load,Actual Load,2026-06-11T07:22:11Z
2026-06-11T07:20:53Z,2026-06-11T09:20:53+0200,f3b72819-8f0f-4c0e-a936-e9ce989df431,2026-06-01T11:00:00Z,2026-06-01T13:00:00+0200,54428.47845,MW,DE,DE_LU,actual_load,Actual Load,2026-06-11T07:22:11Z
2026-06-11T07:20:53Z,2026-06-11T09:20:53+0200,f3b72819-8f0f-4c0e-a936-e9ce989df431,2026-06-01T11:15:00Z,2026-06-01T13:15:00+0200,55089.49491,MW,DE,DE_LU,actual_load,Actual Load,2026-06-11T07:22:11Z
2026-06-11T07:20:53Z,2026-06-11T09:20:53+0200,f3b72819-8f0f-4c0e-a936-e9ce989df431,2026-06-01T11:30:00Z,2026-06-01T13:30:00+0200,55632.63698,MW,DE,DE_LU,actual_load,Actual Load,2026-06-11T07:22:11Z
2026-06-11T07:20:53Z,2026-06-11T09:20:53+0200,f3b72819-8f0f-4c0e-a936-e9ce989df431,2026-06-01T11:45:00Z,2026-06-01T13:45:00+0200,55066.60434,MW,DE,DE_LU,actual_load,Actual Load,2026-06-11T07:22:11Z
2026-06-11T07:20:53Z,2026-06-11T09:20:53+0200,f3b72819-8f0f-4c0e-a936-e9ce989df431,2026-06-01T12:00:00Z,2026-06-01T14:00:00+0200,54842.78013,MW,DE,DE_LU,actual_load,Actual Load,2026-06-11T07:22:11Z
2026-06-11T07:20:53Z,2026-06-11T09:20:53+0200,f3b72819-8f0f-4c0e-a936-e9ce989df431,2026-06-01T12:15:00Z,2026-06-01T14:15:00+0200,54662.56708,MW,DE,DE_LU,actual_load,Actual Load,2026-06-11T07:22:11Z
2026-06-11T07:20:53Z,2026-06-11T09:20:53+0200,f3b72819-8f0f-4c0e-a936-e9ce989df431,2026-06-01T12:30:00Z,2026-06-01T14:30:00+0200,54451.93802,MW,DE,DE_LU,actual_load,Actual Load,2026-06-11T07:22:11Z
2026-06-11T07:20:53Z,2026-06-11T09:20:53+0200,f3b72819-8f0f-4c0e-a936-e9ce989df431,2026-06-01T12:45:00Z,2026-06-01T14:45:00+0200,54509.21642,MW,DE,DE_LU,actual_load,Actual Load,2026-06-11T07:22:11Z
2026-06-11T07:20:53Z,2026-06-11T09:20:53+0200,f3b72819-8f0f-4c0e-a936-e9ce989df431,2026-06-01T13:00:00Z,2026-06-01T15:00:00+0200,54250.01637,MW,DE,DE_LU,actual_load,Actual Load,2026-06-11T07:22:11Z
2026-06-11T07:20:53Z,2026-06-11T09:20:53+0200,f3b72819-8f0f-4c0e-a936-e9ce989df431,2026-06-01T13:15:00Z,2026-06-01T15:15:00+0200,53890.46398,MW,DE,DE_LU,actual_load,Actual Load,2026-06-11T07:22:11Z
2026-06-11T07:20:53Z,2026-06-11T09:20:53+0200,f3b72819-8f0f-4c0e-a936-e9ce989df431,2026-06-01T13:30:00Z,2026-06-01T15:30:00+0200,53995.72521,MW,DE,DE_LU,actual_load,Actual Load,2026-06-11T07:22:11Z
2026-06-11T07:20:53Z,2026-06-11T09:20:53+0200,f3b72819-8f0f-4c0e-a936-e9ce989df431,2026-06-01T13:45:00Z,2026-06-01T15:45:00+0200,53644.88836,MW,DE,DE_LU,actual_load,Actual Load,2026-06-11T07:22:11Z
2026-06-11T07:20:53Z,2026-06-11T09:20:53+0200,f3b72819-8f0f-4c0e-a936-e9ce989df431,2026-06-01T14:00:00Z,2026-06-01T16:00:00+0200,53329.84059,MW,DE,DE_LU,actual_load,Actual Load,2026-06-11T07:22:11Z
2026-06-11T07:20:53Z,2026-06-11T09:20:53+0200,f3b72819-8f0f-4c0e-a936-e9ce989df431,2026-06-01T14:15:00Z,2026-06-01T16:15:00+0200,53689.65964,MW,DE,DE_LU,actual_load,Actual Load,2026-06-11T07:22:11Z
2026-06-11T07:20:53Z,2026-06-11T09:20:53+0200,f3b72819-8f0f-4c0e-a936-e9ce989df431,2026-06-01T14:30:00Z,2026-06-01T16:30:00+0200,54247.02762,MW,DE,DE_LU,actual_load,Actual Load,2026-06-11T07:22:11Z
2026-06-11T07:20:53Z,2026-06-11T09:20:53+0200,f3b72819-8f0f-4c0e-a936-e9ce989df431,2026-06-01T14:45:00Z,2026-06-01T16:45:00+0200,54221.06487,MW,DE,DE_LU,actual_load,Actual Load,2026-06-11T07:22:11Z
2026-06-11T07:20:53Z,2026-06-11T09:20:53+0200,f3b72819-8f0f-4c0e-a936-e9ce989df431,2026-06-01T15:00:00Z,2026-06-01T17:00:00+0200,54305.616,MW,DE,DE_LU,actual_load,Actual Load,2026-06-11T07:22:11Z
2026-06-11T07:20:53Z,2026-06-11T09:20:53+0200,f3b72819-8f0f-4c0e-a936-e9ce989df431,2026-06-01T15:15:00Z,2026-06-01T17:15:00+0200,54959.76892,MW,DE,DE_LU,actual_load,Actual Load,2026-06-11T07:22:11Z
2026-06-11T07:20:53Z,2026-06-11T09:20:53+0200,f3b72819-8f0f-4c0e-a936-e9ce989df431,2026-06-01T15:30:00Z,2026-06-01T17:30:00+0200,55659.73996,MW,DE,DE_LU,actual_load,Actual Load,2026-06-11T07:22:11Z
2026-06-11T07:20:53Z,2026-06-11T09:20:53+0200,f3b72819-8f0f-4c0e-a936-e9ce989df431,2026-06-01T15:45:00Z,2026-06-01T17:45:00+0200,55445.61287,MW,DE,DE_LU,actual_load,Actual Load,2026-06-11T07:22:11Z
2026-06-11T07:20:53Z,2026-06-11T09:20:53+0200,f3b72819-8f0f-4c0e-a936-e9ce989df431,2026-06-01T16:00:00Z,2026-06-01T18:00:00+0200,56696.99391,MW,DE,DE_LU,actual_load,Actual Load,2026-06-11T07:22:11Z
2026-06-11T07:20:53Z,2026-06-11T09:20:53+0200,f3b72819-8f0f-4c0e-a936-e9ce989df431,2026-06-01T16:15:00Z,2026-06-01T18:15:00+0200,56379.71396,MW,DE,DE_LU,actual_load,Actual Load,2026-06-11T07:22:11Z
2026-06-11T07:20:53Z,2026-06-11T09:20:53+0200,f3b72819-8f0f-4c0e-a936-e9ce989df431,2026-06-01T16:30:00Z,2026-06-01T18:30:00+0200,56863.03504,MW,DE,DE_LU,actual_load,Actual Load,2026-06-11T07:22:11Z
2026-06-11T07:20:53Z,2026-06-11T09:20:53+0200,f3b72819-8f0f-4c0e-a936-e9ce989df431,2026-06-01T16:45:00Z,2026-06-01T18:45:00+0200,57548.72856,MW,DE,DE_LU,actual_load,Actual Load,2026-06-11T07:22:11Z
2026-06-11T07:20:53Z,2026-06-11T09:20:53+0200,f3b72819-8f0f-4c0e-a936-e9ce989df431,2026-06-01T17:00:00Z,2026-06-01T19:00:00+0200,58162.47501,MW,DE,DE_LU,actual_load,Actual Load,2026-06-11T07:22:11Z
2026-06-11T07:20:53Z,2026-06-11T09:20:53+0200,f3b72819-8f0f-4c0e-a936-e9ce989df431,2026-06-01T17:15:00Z,2026-06-01T19:15:00+0200,57906.88971,MW,DE,DE_LU,actual_load,Actual Load,2026-06-11T07:22:11Z
2026-06-11T07:20:53Z,2026-06-11T09:20:53+0200,f3b72819-8f0f-4c0e-a936-e9ce989df431,2026-06-01T17:30:00Z,2026-06-01T19:30:00+0200,58215.78119,MW,DE,DE_LU,actual_load,Actual Load,2026-06-11T07:22:11Z
2026-06-11T07:20:53Z,2026-06-11T09:20:53+0200,f3b72819-8f0f-4c0e-a936-e9ce989df431,2026-06-01T17:45:00Z,2026-06-01T19:45:00+0200,57463.10535,MW,DE,DE_LU,actual_load,Actual Load,2026-06-11T07:22:11Z
2026-06-11T07:20:53Z,2026-06-11T09:20:53+0200,f3b72819-8f0f-4c0e-a936-e9ce989df431,2026-06-01T18:00:00Z,2026-06-01T20:00:00+0200,57186.25799,MW,DE,DE_LU,actual_load,Actual Load,2026-06-11T07:22:11Z
2026-06-11T07:20:53Z,2026-06-11T09:20:53+0200,f3b72819-8f0f-4c0e-a936-e9ce989df431,2026-06-01T18:15:00Z,2026-06-01T20:15:00+0200,56450.61294,MW,DE,DE_LU,actual_load,Actual Load,2026-06-11T07:22:11Z
2026-06-11T07:20:53Z,2026-06-11T09:20:53+0200,f3b72819-8f0f-4c0e-a936-e9ce989df431,2026-06-01T18:30:00Z,2026-06-01T20:30:00+0200,56402.4437,MW,DE,DE_LU,actual_load,Actual Load,2026-06-11T07:22:11Z
2026-06-11T07:20:53Z,2026-06-11T09:20:53+0200,f3b72819-8f0f-4c0e-a936-e9ce989df431,2026-06-01T18:45:00Z,2026-06-01T20:45:00+0200,55737.49453,MW,DE,DE_LU,actual_load,Actual Load,2026-06-11T07:22:11Z
2026-06-11T07:20:53Z,2026-06-11T09:20:53+0200,f3b72819-8f0f-4c0e-a936-e9ce989df431,2026-06-01T19:00:00Z,2026-06-01T21:00:00+0200,55379.86142,MW,DE,DE_LU,actual_load,Actual Load,2026-06-11T07:22:11Z
2026-06-11T07:20:53Z,2026-06-11T09:20:53+0200,f3b72819-8f0f-4c0e-a936-e9ce989df431,2026-06-01T19:15:00Z,2026-06-01T21:15:00+0200,54998.07428,MW,DE,DE_LU,actual_load,Actual Load,2026-06-11T07:22:11Z
2026-06-11T07:20:53Z,2026-06-11T09:20:53+0200,f3b72819-8f0f-4c0e-a936-e9ce989df431,2026-06-01T19:30:00Z,2026-06-01T21:30:00+0200,54933.8049,MW,DE,DE_LU,actual_load,Actual Load,2026-06-11T07:22:11Z
2026-06-11T07:20:53Z,2026-06-11T09:20:53+0200,f3b72819-8f0f-4c0e-a936-e9ce989df431,2026-06-01T19:45:00Z,2026-06-01T21:45:00+0200,54794.01634,MW,DE,DE_LU,actual_load,Actual Load,2026-06-11T07:22:11Z
2026-06-11T07:20:53Z,2026-06-11T09:20:53+0200,f3b72819-8f0f-4c0e-a936-e9ce989df431,2026-06-01T20:00:00Z,2026-06-01T22:00:00+0200,53581.73415,MW,DE,DE_LU,actual_load,Actual Load,2026-06-11T07:22:11Z
2026-06-11T07:20:53Z,2026-06-11T09:20:53+0200,f3b72819-8f0f-4c0e-a936-e9ce989df431,2026-06-01T20:15:00Z,2026-06-01T22:15:00+0200,53094.74963,MW,DE,DE_LU,actual_load,Actual Load,2026-06-11T07:22:11Z
2026-06-11T07:20:53Z,2026-06-11T09:20:53+0200,f3b72819-8f0f-4c0e-a936-e9ce989df431,2026-06-01T20:30:00Z,2026-06-01T22:30:00+0200,52694.10742,MW,DE,DE_LU,actual_load,Actual Load,2026-06-11T07:22:11Z
2026-06-11T07:20:53Z,2026-06-11T09:20:53+0200,f3b72819-8f0f-4c0e-a936-e9ce989df431,2026-06-01T20:45:00Z,2026-06-01T22:45:00+0200,52035.81122,MW,DE,DE_LU,actual_load,Actual Load,2026-06-11T07:22:11Z
2026-06-11T07:20:53Z,2026-06-11T09:20:53+0200,f3b72819-8f0f-4c0e-a936-e9ce989df431,2026-06-01T21:00:00Z,2026-06-01T23:00:00+0200,50479.27253,MW,DE,DE_LU,actual_load,Actual Load,2026-06-11T07:22:11Z
2026-06-11T07:20:53Z,2026-06-11T09:20:53+0200,f3b72819-8f0f-4c0e-a936-e9ce989df431,2026-06-01T21:15:00Z,2026-06-01T23:15:00+0200,50059.86352,MW,DE,DE_LU,actual_load,Actual Load,2026-06-11T07:22:11Z
2026-06-11T07:20:53Z,2026-06-11T09:20:53+0200,f3b72819-8f0f-4c0e-a936-e9ce989df431,2026-06-01T21:30:00Z,2026-06-01T23:30:00+0200,49635.10872,MW,DE,DE_LU,actual_load,Actual Load,2026-06-11T07:22:11Z
2026-06-11T07:20:53Z,2026-06-11T09:20:53+0200,f3b72819-8f0f-4c0e-a936-e9ce989df431,2026-06-01T21:45:00Z,2026-06-01T23:45:00+0200,49606.34333,MW,DE,DE_LU,actual_load,Actual Load,2026-06-11T07:22:11Z
2026-06-11T07:20:53Z,2026-06-11T09:20:53+0200,f3b72819-8f0f-4c0e-a936-e9ce989df431,2026-06-01T22:00:00Z,2026-06-02T00:00:00+0200,47727.68061,MW,DE,DE_LU,actual_load,Actual Load,2026-06-11T07:22:11Z
2026-06-11T07:20:53Z,2026-06-11T09:20:53+0200,f3b72819-8f0f-4c0e-a936-e9ce989df431,2026-06-01T22:15:00Z,2026-06-02T00:15:00+0200,47720.83052,MW,DE,DE_LU,actual_load,Actual Load,2026-06-11T07:22:11Z
2026-06-11T07:20:53Z,2026-06-11T09:20:53+0200,f3b72819-8f0f-4c0e-a936-e9ce989df431,2026-06-01T22:30:00Z,2026-06-02T00:30:00+0200,47724.53294,MW,DE,DE_LU,actual_load,Actual Load,2026-06-11T07:22:11Z
2026-06-11T07:20:53Z,2026-06-11T09:20:53+0200,f3b72819-8f0f-4c0e-a936-e9ce989df431,2026-06-01T22:45:00Z,2026-06-02T00:45:00+0200,47579.09556,MW,DE,DE_LU,actual_load,Actual Load,2026-06-11T07:22:11Z
2026-06-11T07:20:53Z,2026-06-11T09:20:53+0200,f3b72819-8f0f-4c0e-a936-e9ce989df431,2026-06-01T23:00:00Z,2026-06-02T01:00:00+0200,45853.37045,MW,DE,DE_LU,actual_load,Actual Load,2026-06-11T07:22:11Z
2026-06-11T07:20:53Z,2026-06-11T09:20:53+0200,f3b72819-8f0f-4c0e-a936-e9ce989df431,2026-06-01T23:15:00Z,2026-06-02T01:15:00+0200,45421.88343,MW,DE,DE_LU,actual_load,Actual Load,2026-06-11T07:22:11Z
2026-06-11T07:20:53Z,2026-06-11T09:20:53+0200,f3b72819-8f0f-4c0e-a936-e9ce989df431,2026-06-01T23:30:00Z,2026-06-02T01:30:00+0200,45038.52884,MW,DE,DE_LU,actual_load,Actual Load,2026-06-11T07:22:11Z
2026-06-11T07:20:53Z,2026-06-11T09:20:53+0200,f3b72819-8f0f-4c0e-a936-e9ce989df431,2026-06-01T23:45:00Z,2026-06-02T01:45:00+0200,45052.082,MW,DE,DE_LU,actual_load,Actual Load,2026-06-11T07:22:11Z
2026-06-11T07:20:53Z,2026-06-11T09:20:53+0200,f3b72819-8f0f-4c0e-a936-e9ce989df431,2026-06-02T00:00:00Z,2026-06-02T02:00:00+0200,44287.67725,MW,DE,DE_LU,actual_load,Actual Load,2026-06-11T07:22:11Z
2026-06-11T07:20:53Z,2026-06-11T09:20:53+0200,f3b72819-8f0f-4c0e-a936-e9ce989df431,2026-06-02T00:15:00Z,2026-06-02T02:15:00+0200,43974.19819,MW,DE,DE_LU,actual_load,Actual Load,2026-06-11T07:22:11Z
2026-06-11T07:20:53Z,2026-06-11T09:20:53+0200,f3b72819-8f0f-4c0e-a936-e9ce989df431,2026-06-02T00:30:00Z,2026-06-02T02:30:00+0200,44427.79028,MW,DE,DE_LU,actual_load,Actual Load,2026-06-11T07:22:11Z
2026-06-11T07:20:53Z,2026-06-11T09:20:53+0200,f3b72819-8f0f-4c0e-a936-e9ce989df431,2026-06-02T00:45:00Z,2026-06-02T02:45:00+0200,44447.19921,MW,DE,DE_LU,actual_load,Actual Load,2026-06-11T07:22:11Z
2026-06-11T07:20:53Z,2026-06-11T09:20:53+0200,f3b72819-8f0f-4c0e-a936-e9ce989df431,2026-06-02T01:00:00Z,2026-06-02T03:00:00+0200,44733.5443,MW,DE,DE_LU,actual_load,Actual Load,2026-06-11T07:22:11Z
2026-06-11T07:20:53Z,2026-06-11T09:20:53+0200,f3b72819-8f0f-4c0e-a936-e9ce989df431,2026-06-02T01:15:00Z,2026-06-02T03:15:00+0200,44957.36584,MW,DE,DE_LU,actual_load,Actual Load,2026-06-11T07:22:11Z
2026-06-11T07:20:53Z,2026-06-11T09:20:53+0200,f3b72819-8f0f-4c0e-a936-e9ce989df431,2026-06-02T01:30:00Z,2026-06-02T03:30:00+0200,44839.74955,MW,DE,DE_LU,actual_load,Actual Load,2026-06-11T07:22:11Z
2026-06-11T07:20:53Z,2026-06-11T09:20:53+0200,f3b72819-8f0f-4c0e-a936-e9ce989df431,2026-06-02T01:45:00Z,2026-06-02T03:45:00+0200,45186.17905,MW,DE,DE_LU,actual_load,Actual Load,2026-06-11T07:22:11Z
2026-06-11T07:20:53Z,2026-06-11T09:20:53+0200,f3b72819-8f0f-4c0e-a936-e9ce989df431,2026-06-02T02:00:00Z,2026-06-02T04:00:00+0200,45449.17119,MW,DE,DE_LU,actual_load,Actual Load,2026-06-11T07:22:11Z
2026-06-11T07:20:53Z,2026-06-11T09:20:53+0200,f3b72819-8f0f-4c0e-a936-e9ce989df431,2026-06-02T02:15:00Z,2026-06-02T04:15:00+0200,45405.71179,MW,DE,DE_LU,actual_load,Actual Load,2026-06-11T07:22:11Z
2026-06-11T07:20:53Z,2026-06-11T09:20:53+0200,f3b72819-8f0f-4c0e-a936-e9ce989df431,2026-06-02T02:30:00Z,2026-06-02T04:30:00+0200,45633.46186,MW,DE,DE_LU,actual_load,Actual Load,2026-06-11T07:22:11Z
2026-06-11T07:20:53Z,2026-06-11T09:20:53+0200,f3b72819-8f0f-4c0e-a936-e9ce989df431,2026-06-02T02:45:00Z,2026-06-02T04:45:00+0200,46204.8552,MW,DE,DE_LU,actual_load,Actual Load,2026-06-11T07:22:11Z
2026-06-11T07:20:53Z,2026-06-11T09:20:53+0200,f3b72819-8f0f-4c0e-a936-e9ce989df431,2026-06-02T03:00:00Z,2026-06-02T05:00:00+0200,47304.32997,MW,DE,DE_LU,actual_load,Actual Load,2026-06-11T07:22:11Z
2026-06-11T07:20:53Z,2026-06-11T09:20:53+0200,f3b72819-8f0f-4c0e-a936-e9ce989df431,2026-06-02T03:15:00Z,2026-06-02T05:15:00+0200,47621.84301,MW,DE,DE_LU,actual_load,Actual Load,2026-06-11T07:22:11Z
2026-06-11T07:20:53Z,2026-06-11T09:20:53+0200,f3b72819-8f0f-4c0e-a936-e9ce989df431,2026-06-02T03:30:00Z,2026-06-02T05:30:00+0200,48469.2676,MW,DE,DE_LU,actual_load,Actual Load,2026-06-11T07:22:11Z
2026-06-11T07:20:53Z,2026-06-11T09:20:53+0200,f3b72819-8f0f-4c0e-a936-e9ce989df431,2026-06-02T03:45:00Z,2026-06-02T05:45:00+0200,49287.57173,MW,DE,DE_LU,actual_load,Actual Load,2026-06-11T07:22:11Z
2026-06-11T07:20:53Z,2026-06-11T09:20:53+0200,f3b72819-8f0f-4c0e-a936-e9ce989df431,2026-06-02T04:00:00Z,2026-06-02T06:00:00+0200,51970.31465,MW,DE,DE_LU,actual_load,Actual Load,2026-06-11T07:22:11Z
2026-06-11T07:20:53Z,2026-06-11T09:20:53+0200,f3b72819-8f0f-4c0e-a936-e9ce989df431,2026-06-02T04:15:00Z,2026-06-02T06:15:00+0200,53655.44706,MW,DE,DE_LU,actual_load,Actual Load,2026-06-11T07:22:11Z
2026-06-11T07:20:53Z,2026-06-11T09:20:53+0200,f3b72819-8f0f-4c0e-a936-e9ce989df431,2026-06-02T04:30:00Z,2026-06-02T06:30:00+0200,55019.20728,MW,DE,DE_LU,actual_load,Actual Load,2026-06-11T07:22:11Z
2026-06-11T07:20:53Z,2026-06-11T09:20:53+0200,f3b72819-8f0f-4c0e-a936-e9ce989df431,2026-06-02T04:45:00Z,2026-06-02T06:45:00+0200,55921.35505,MW,DE,DE_LU,actual_load,Actual Load,2026-06-11T07:22:11Z
2026-06-11T07:20:53Z,2026-06-11T09:20:53+0200,f3b72819-8f0f-4c0e-a936-e9ce989df431,2026-06-02T05:00:00Z,2026-06-02T07:00:00+0200,56669.47719,MW,DE,DE_LU,actual_load,Actual Load,2026-06-11T07:22:11Z
2026-06-11T07:20:53Z,2026-06-11T09:20:53+0200,f3b72819-8f0f-4c0e-a936-e9ce989df431,2026-06-02T05:15:00Z,2026-06-02T07:15:00+0200,57903.09229,MW,DE,DE_LU,actual_load,Actual Load,2026-06-11T07:22:11Z
2026-06-11T07:20:53Z,2026-06-11T09:20:53+0200,f3b72819-8f0f-4c0e-a936-e9ce989df431,2026-06-02T05:30:00Z,2026-06-02T07:30:00+0200,58759.01306,MW,DE,DE_LU,actual_load,Actual Load,2026-06-11T07:22:11Z
2026-06-11T07:20:53Z,2026-06-11T09:20:53+0200,f3b72819-8f0f-4c0e-a936-e9ce989df431,2026-06-02T05:45:00Z,2026-06-02T07:45:00+0200,58857.95537,MW,DE,DE_LU,actual_load,Actual Load,2026-06-11T07:22:11Z
2026-06-11T07:20:53Z,2026-06-11T09:20:53+0200,f3b72819-8f0f-4c0e-a936-e9ce989df431,2026-06-02T06:00:00Z,2026-06-02T08:00:00+0200,58477.13359,MW,DE,DE_LU,actual_load,Actual Load,2026-06-11T07:22:11Z
2026-06-11T07:20:53Z,2026-06-11T09:20:53+0200,f3b72819-8f0f-4c0e-a936-e9ce989df431,2026-06-02T06:15:00Z,2026-06-02T08:15:00+0200,59112.04874,MW,DE,DE_LU,actual_load,Actual Load,2026-06-11T07:22:11Z
2026-06-11T07:20:53Z,2026-06-11T09:20:53+0200,f3b72819-8f0f-4c0e-a936-e9ce989df431,2026-06-02T06:30:00Z,2026-06-02T08:30:00+0200,59553.25801,MW,DE,DE_LU,actual_load,Actual Load,2026-06-11T07:22:11Z
2026-06-11T07:20:53Z,2026-06-11T09:20:53+0200,f3b72819-8f0f-4c0e-a936-e9ce989df431,2026-06-02T06:45:00Z,2026-06-02T08:45:00+0200,59786.92834,MW,DE,DE_LU,actual_load,Actual Load,2026-06-11T07:22:11Z
2026-06-11T07:20:53Z,2026-06-11T09:20:53+0200,f3b72819-8f0f-4c0e-a936-e9ce989df431,2026-06-02T07:00:00Z,2026-06-02T09:00:00+0200,59329.86511,MW,DE,DE_LU,actual_load,Actual Load,2026-06-11T07:22:11Z
2026-06-11T07:20:53Z,2026-06-11T09:20:53+0200,f3b72819-8f0f-4c0e-a936-e9ce989df431,2026-06-02T07:15:00Z,2026-06-02T09:15:00+0200,59360.32867,MW,DE,DE_LU,actual_load,Actual Load,2026-06-11T07:22:11Z
2026-06-11T07:20:53Z,2026-06-11T09:20:53+0200,f3b72819-8f0f-4c0e-a936-e9ce989df431,2026-06-02T07:30:00Z,2026-06-02T09:30:00+0200,58622.42104,MW,DE,DE_LU,actual_load,Actual Load,2026-06-11T07:22:11Z
2026-06-11T07:20:53Z,2026-06-11T09:20:53+0200,f3b72819-8f0f-4c0e-a936-e9ce989df431,2026-06-02T07:45:00Z,2026-06-02T09:45:00+0200,58357.87741,MW,DE,DE_LU,actual_load,Actual Load,2026-06-11T07:22:11Z
2026-06-11T07:20:53Z,2026-06-11T09:20:53+0200,f3b72819-8f0f-4c0e-a936-e9ce989df431,2026-06-02T08:00:00Z,2026-06-02T10:00:00+0200,58105.92195,MW,DE,DE_LU,actual_load,Actual Load,2026-06-11T07:22:11Z
2026-06-11T07:20:53Z,2026-06-11T09:20:53+0200,f3b72819-8f0f-4c0e-a936-e9ce989df431,2026-06-02T08:15:00Z,2026-06-02T10:15:00+0200,58261.80773,MW,DE,DE_LU,actual_load,Actual Load,2026-06-11T07:22:11Z
2026-06-11T07:20:53Z,2026-06-11T09:20:53+0200,f3b72819-8f0f-4c0e-a936-e9ce989df431,2026-06-02T08:30:00Z,2026-06-02T10:30:00+0200,57627.02104,MW,DE,DE_LU,actual_load,Actual Load,2026-06-11T07:22:11Z
2026-06-11T07:20:53Z,2026-06-11T09:20:53+0200,f3b72819-8f0f-4c0e-a936-e9ce989df431,2026-06-02T08:45:00Z,2026-06-02T10:45:00+0200,58343.11339,MW,DE,DE_LU,actual_load,Actual Load,2026-06-11T07:22:11Z
2026-06-11T07:20:53Z,2026-06-11T09:20:53+0200,f3b72819-8f0f-4c0e-a936-e9ce989df431,2026-06-02T09:00:00Z,2026-06-02T11:00:00+0200,58307.17707,MW,DE,DE_LU,actual_load,Actual Load,2026-06-11T07:22:11Z
2026-06-11T07:20:53Z,2026-06-11T09:20:53+0200,f3b72819-8f0f-4c0e-a936-e9ce989df431,2026-06-02T09:15:00Z,2026-06-02T11:15:00+0200,58079.75722,MW,DE,DE_LU,actual_load,Actual Load,2026-06-11T07:22:11Z
2026-06-11T07:20:53Z,2026-06-11T09:20:53+0200,f3b72819-8f0f-4c0e-a936-e9ce989df431,2026-06-02T09:30:00Z,2026-06-02T11:30:00+0200,58126.34633,MW,DE,DE_LU,actual_load,Actual Load,2026-06-11T07:22:11Z
2026-06-11T07:20:53Z,2026-06-11T09:20:53+0200,f3b72819-8f0f-4c0e-a936-e9ce989df431,2026-06-02T09:45:00Z,2026-06-02T11:45:00+0200,58165.15011,MW,DE,DE_LU,actual_load,Actual Load,2026-06-11T07:22:11Z
2026-06-11T07:20:53Z,2026-06-11T09:20:53+0200,f3b72819-8f0f-4c0e-a936-e9ce989df431,2026-06-02T10:00:00Z,2026-06-02T12:00:00+0200,58079.16561,MW,DE,DE_LU,actual_load,Actual Load,2026-06-11T07:22:11Z
2026-06-11T07:20:53Z,2026-06-11T09:20:53+0200,f3b72819-8f0f-4c0e-a936-e9ce989df431,2026-06-02T10:15:00Z,2026-06-02T12:15:00+0200,57850.81317,MW,DE,DE_LU,actual_load,Actual Load,2026-06-11T07:22:11Z
2026-06-11T07:20:53Z,2026-06-11T09:20:53+0200,f3b72819-8f0f-4c0e-a936-e9ce989df431,2026-06-02T10:30:00Z,2026-06-02T12:30:00+0200,58771.27388,MW,DE,DE_LU,actual_load,Actual Load,2026-06-11T07:22:11Z
2026-06-11T07:20:53Z,2026-06-11T09:20:53+0200,f3b72819-8f0f-4c0e-a936-e9ce989df431,2026-06-02T10:45:00Z,2026-06-02T12:45:00+0200,58808.45741,MW,DE,DE_LU,actual_load,Actual Load,2026-06-11T07:22:11Z
2026-06-11T07:20:53Z,2026-06-11T09:20:53+0200,f3b72819-8f0f-4c0e-a936-e9ce989df431,2026-06-02T11:00:00Z,2026-06-02T13:00:00+0200,59059.95542,MW,DE,DE_LU,actual_load,Actual Load,2026-06-11T07:22:11Z
2026-06-11T07:20:53Z,2026-06-11T09:20:53+0200,f3b72819-8f0f-4c0e-a936-e9ce989df431,2026-06-02T11:15:00Z,2026-06-02T13:15:00+0200,58449.13114,MW,DE,DE_LU,actual_load,Actual Load,2026-06-11T07:22:11Z
2026-06-11T07:20:53Z,2026-06-11T09:20:53+0200,f3b72819-8f0f-4c0e-a936-e9ce989df431,2026-06-02T11:30:00Z,2026-06-02T13:30:00+0200,57651.92903,MW,DE,DE_LU,actual_load,Actual Load,2026-06-11T07:22:11Z
2026-06-11T07:20:53Z,2026-06-11T09:20:53+0200,f3b72819-8f0f-4c0e-a936-e9ce989df431,2026-06-02T11:45:00Z,2026-06-02T13:45:00+0200,57045.9464,MW,DE,DE_LU,actual_load,Actual Load,2026-06-11T07:22:11Z
2026-06-11T07:20:53Z,2026-06-11T09:20:53+0200,f3b72819-8f0f-4c0e-a936-e9ce989df431,2026-06-02T12:00:00Z,2026-06-02T14:00:00+0200,57434.92969,MW,DE,DE_LU,actual_load,Actual Load,2026-06-11T07:22:11Z
2026-06-11T07:20:53Z,2026-06-11T09:20:53+0200,f3b72819-8f0f-4c0e-a936-e9ce989df431,2026-06-02T12:15:00Z,2026-06-02T14:15:00+0200,56519.61675,MW,DE,DE_LU,actual_load,Actual Load,2026-06-11T07:22:11Z
2026-06-11T07:20:53Z,2026-06-11T09:20:53+0200,f3b72819-8f0f-4c0e-a936-e9ce989df431,2026-06-02T12:30:00Z,2026-06-02T14:30:00+0200,56684.70452,MW,DE,DE_LU,actual_load,Actual Load,2026-06-11T07:22:11Z
2026-06-11T07:20:53Z,2026-06-11T09:20:53+0200,f3b72819-8f0f-4c0e-a936-e9ce989df431,2026-06-02T12:45:00Z,2026-06-02T14:45:00+0200,56287.57716,MW,DE,DE_LU,actual_load,Actual Load,2026-06-11T07:22:11Z
2026-06-11T07:20:53Z,2026-06-11T09:20:53+0200,f3b72819-8f0f-4c0e-a936-e9ce989df431,2026-06-02T13:00:00Z,2026-06-02T15:00:00+0200,56736.57798,MW,DE,DE_LU,actual_load,Actual Load,2026-06-11T07:22:11Z
2026-06-11T07:20:53Z,2026-06-11T09:20:53+0200,f3b72819-8f0f-4c0e-a936-e9ce989df431,2026-06-02T13:15:00Z,2026-06-02T15:15:00+0200,56209.19324,MW,DE,DE_LU,actual_load,Actual Load,2026-06-11T07:22:11Z
2026-06-11T07:20:53Z,2026-06-11T09:20:53+0200,f3b72819-8f0f-4c0e-a936-e9ce989df431,2026-06-02T13:30:00Z,2026-06-02T15:30:00+0200,55245.82332,MW,DE,DE_LU,actual_load,Actual Load,2026-06-11T07:22:11Z
2026-06-11T07:20:53Z,2026-06-11T09:20:53+0200,f3b72819-8f0f-4c0e-a936-e9ce989df431,2026-06-02T13:45:00Z,2026-06-02T15:45:00+0200,55635.19541,MW,DE,DE_LU,actual_load,Actual Load,2026-06-11T07:22:11Z
2026-06-11T07:20:53Z,2026-06-11T09:20:53+0200,f3b72819-8f0f-4c0e-a936-e9ce989df431,2026-06-02T14:00:00Z,2026-06-02T16:00:00+0200,56874.2405,MW,DE,DE_LU,actual_load,Actual Load,2026-06-11T07:22:11Z
2026-06-11T07:20:53Z,2026-06-11T09:20:53+0200,f3b72819-8f0f-4c0e-a936-e9ce989df431,2026-06-02T14:15:00Z,2026-06-02T16:15:00+0200,56383.8094,MW,DE,DE_LU,actual_load,Actual Load,2026-06-11T07:22:11Z
2026-06-11T07:20:53Z,2026-06-11T09:20:53+0200,f3b72819-8f0f-4c0e-a936-e9ce989df431,2026-06-02T14:30:00Z,2026-06-02T16:30:00+0200,57152.17136,MW,DE,DE_LU,actual_load,Actual Load,2026-06-11T07:22:11Z
2026-06-11T07:20:53Z,2026-06-11T09:20:53+0200,f3b72819-8f0f-4c0e-a936-e9ce989df431,2026-06-02T14:45:00Z,2026-06-02T16:45:00+0200,57323.57588,MW,DE,DE_LU,actual_load,Actual Load,2026-06-11T07:22:11Z
2026-06-11T07:20:53Z,2026-06-11T09:20:53+0200,f3b72819-8f0f-4c0e-a936-e9ce989df431,2026-06-02T15:00:00Z,2026-06-02T17:00:00+0200,58085.43365,MW,DE,DE_LU,actual_load,Actual Load,2026-06-11T07:22:11Z
2026-06-11T07:20:53Z,2026-06-11T09:20:53+0200,f3b72819-8f0f-4c0e-a936-e9ce989df431,2026-06-02T15:15:00Z,2026-06-02T17:15:00+0200,57917.41423,MW,DE,DE_LU,actual_load,Actual Load,2026-06-11T07:22:11Z
2026-06-11T07:20:53Z,2026-06-11T09:20:53+0200,f3b72819-8f0f-4c0e-a936-e9ce989df431,2026-06-02T15:30:00Z,2026-06-02T17:30:00+0200,58967.77236,MW,DE,DE_LU,actual_load,Actual Load,2026-06-11T07:22:11Z
2026-06-11T07:20:53Z,2026-06-11T09:20:53+0200,f3b72819-8f0f-4c0e-a936-e9ce989df431,2026-06-02T15:45:00Z,2026-06-02T17:45:00+0200,59259.58812,MW,DE,DE_LU,actual_load,Actual Load,2026-06-11T07:22:11Z
2026-06-11T07:20:53Z,2026-06-11T09:20:53+0200,f3b72819-8f0f-4c0e-a936-e9ce989df431,2026-06-02T16:00:00Z,2026-06-02T18:00:00+0200,60220.4965,MW,DE,DE_LU,actual_load,Actual Load,2026-06-11T07:22:11Z
2026-06-11T07:20:53Z,2026-06-11T09:20:53+0200,f3b72819-8f0f-4c0e-a936-e9ce989df431,2026-06-02T16:15:00Z,2026-06-02T18:15:00+0200,60131.97533,MW,DE,DE_LU,actual_load,Actual Load,2026-06-11T07:22:11Z
2026-06-11T07:20:53Z,2026-06-11T09:20:53+0200,f3b72819-8f0f-4c0e-a936-e9ce989df431,2026-06-02T16:30:00Z,2026-06-02T18:30:00+0200,59737.33005,MW,DE,DE_LU,actual_load,Actual Load,2026-06-11T07:22:11Z
2026-06-11T07:20:53Z,2026-06-11T09:20:53+0200,f3b72819-8f0f-4c0e-a936-e9ce989df431,2026-06-02T16:45:00Z,2026-06-02T18:45:00+0200,59620.17175,MW,DE,DE_LU,actual_load,Actual Load,2026-06-11T07:22:11Z
2026-06-11T07:20:53Z,2026-06-11T09:20:53+0200,f3b72819-8f0f-4c0e-a936-e9ce989df431,2026-06-02T17:00:00Z,2026-06-02T19:00:00+0200,60577.43848,MW,DE,DE_LU,actual_load,Actual Load,2026-06-11T07:22:11Z
2026-06-11T07:20:53Z,2026-06-11T09:20:53+0200,f3b72819-8f0f-4c0e-a936-e9ce989df431,2026-06-02T17:15:00Z,2026-06-02T19:15:00+0200,60104.07584,MW,DE,DE_LU,actual_load,Actual Load,2026-06-11T07:22:11Z
2026-06-11T07:20:53Z,2026-06-11T09:20:53+0200,f3b72819-8f0f-4c0e-a936-e9ce989df431,2026-06-02T17:30:00Z,2026-06-02T19:30:00+0200,59549.05715,MW,DE,DE_LU,actual_load,Actual Load,2026-06-11T07:22:11Z
2026-06-11T07:20:53Z,2026-06-11T09:20:53+0200,f3b72819-8f0f-4c0e-a936-e9ce989df431,2026-06-02T17:45:00Z,2026-06-02T19:45:00+0200,59739.20758,MW,DE,DE_LU,actual_load,Actual Load,2026-06-11T07:22:11Z
2026-06-11T07:20:53Z,2026-06-11T09:20:53+0200,f3b72819-8f0f-4c0e-a936-e9ce989df431,2026-06-02T18:00:00Z,2026-06-02T20:00:00+0200,59466.66366,MW,DE,DE_LU,actual_load,Actual Load,2026-06-11T07:22:11Z
2026-06-11T07:20:53Z,2026-06-11T09:20:53+0200,f3b72819-8f0f-4c0e-a936-e9ce989df431,2026-06-02T18:15:00Z,2026-06-02T20:15:00+0200,59616.51128,MW,DE,DE_LU,actual_load,Actual Load,2026-06-11T07:22:11Z
2026-06-11T07:20:53Z,2026-06-11T09:20:53+0200,f3b72819-8f0f-4c0e-a936-e9ce989df431,2026-06-02T18:30:00Z,2026-06-02T20:30:00+0200,59438.03375,MW,DE,DE_LU,actual_load,Actual Load,2026-06-11T07:22:11Z
2026-06-11T07:20:53Z,2026-06-11T09:20:53+0200,f3b72819-8f0f-4c0e-a936-e9ce989df431,2026-06-02T18:45:00Z,2026-06-02T20:45:00+0200,58941.99513,MW,DE,DE_LU,actual_load,Actual Load,2026-06-11T07:22:11Z
2026-06-11T07:20:53Z,2026-06-11T09:20:53+0200,f3b72819-8f0f-4c0e-a936-e9ce989df431,2026-06-02T19:00:00Z,2026-06-02T21:00:00+0200,57565.6887,MW,DE,DE_LU,actual_load,Actual Load,2026-06-11T07:22:11Z
2026-06-11T07:20:53Z,2026-06-11T09:20:53+0200,f3b72819-8f0f-4c0e-a936-e9ce989df431,2026-06-02T19:15:00Z,2026-06-02T21:15:00+0200,56961.5269,MW,DE,DE_LU,actual_load,Actual Load,2026-06-11T07:22:11Z
2026-06-11T07:20:53Z,2026-06-11T09:20:53+0200,f3b72819-8f0f-4c0e-a936-e9ce989df431,2026-06-02T19:30:00Z,2026-06-02T21:30:00+0200,56198.6906,MW,DE,DE_LU,actual_load,Actual Load,2026-06-11T07:22:11Z
2026-06-11T07:20:53Z,2026-06-11T09:20:53+0200,f3b72819-8f0f-4c0e-a936-e9ce989df431,2026-06-02T19:45:00Z,2026-06-02T21:45:00+0200,56086.31195,MW,DE,DE_LU,actual_load,Actual Load,2026-06-11T07:22:11Z
2026-06-11T07:20:53Z,2026-06-11T09:20:53+0200,f3b72819-8f0f-4c0e-a936-e9ce989df431,2026-06-02T20:00:00Z,2026-06-02T22:00:00+0200,54793.9496,MW,DE,DE_LU,actual_load,Actual Load,2026-06-11T07:22:11Z
2026-06-11T07:20:53Z,2026-06-11T09:20:53+0200,f3b72819-8f0f-4c0e-a936-e9ce989df431,2026-06-02T20:15:00Z,2026-06-02T22:15:00+0200,53724.211,MW,DE,DE_LU,actual_load,Actual Load,2026-06-11T07:22:11Z
2026-06-11T07:20:53Z,2026-06-11T09:20:53+0200,f3b72819-8f0f-4c0e-a936-e9ce989df431,2026-06-02T20:30:00Z,2026-06-02T22:30:00+0200,52533.81041,MW,DE,DE_LU,actual_load,Actual Load,2026-06-11T07:22:11Z
2026-06-11T07:20:53Z,2026-06-11T09:20:53+0200,f3b72819-8f0f-4c0e-a936-e9ce989df431,2026-06-02T20:45:00Z,2026-06-02T22:45:00+0200,51921.11416,MW,DE,DE_LU,actual_load,Actual Load,2026-06-11T07:22:11Z
2026-06-11T07:20:53Z,2026-06-11T09:20:53+0200,f3b72819-8f0f-4c0e-a936-e9ce989df431,2026-06-02T21:00:00Z,2026-06-02T23:00:00+0200,51060.1218,MW,DE,DE_LU,actual_load,Actual Load,2026-06-11T07:22:11Z
2026-06-11T07:20:53Z,2026-06-11T09:20:53+0200,f3b72819-8f0f-4c0e-a936-e9ce989df431,2026-06-02T21:15:00Z,2026-06-02T23:15:00+0200,50033.75373,MW,DE,DE_LU,actual_load,Actual Load,2026-06-11T07:22:11Z
2026-06-11T07:20:53Z,2026-06-11T09:20:53+0200,f3b72819-8f0f-4c0e-a936-e9ce989df431,2026-06-02T21:30:00Z,2026-06-02T23:30:00+0200,49363.10706,MW,DE,DE_LU,actual_load,Actual Load,2026-06-11T07:22:11Z
2026-06-11T07:20:53Z,2026-06-11T09:20:53+0200,f3b72819-8f0f-4c0e-a936-e9ce989df431,2026-06-02T21:45:00Z,2026-06-02T23:45:00+0200,49064.3175,MW,DE,DE_LU,actual_load,Actual Load,2026-06-11T07:22:11Z
2026-06-11T07:20:53Z,2026-06-11T09:20:53+0200,f3b72819-8f0f-4c0e-a936-e9ce989df431,2026-06-02T22:00:00Z,2026-06-03T00:00:00+0200,47390.78468,MW,DE,DE_LU,actual_load,Actual Load,2026-06-11T07:22:11Z
2026-06-11T07:20:53Z,2026-06-11T09:20:53+0200,f3b72819-8f0f-4c0e-a936-e9ce989df431,2026-06-02T22:15:00Z,2026-06-03T00:15:00+0200,46665.82377,MW,DE,DE_LU,actual_load,Actual Load,2026-06-11T07:22:11Z
2026-06-11T07:20:53Z,2026-06-11T09:20:53+0200,f3b72819-8f0f-4c0e-a936-e9ce989df431,2026-06-02T22:30:00Z,2026-06-03T00:30:00+0200,46379.30148,MW,DE,DE_LU,actual_load,Actual Load,2026-06-11T07:22:11Z
2026-06-11T07:20:53Z,2026-06-11T09:20:53+0200,f3b72819-8f0f-4c0e-a936-e9ce989df431,2026-06-02T22:45:00Z,2026-06-03T00:45:00+0200,46222.10941,MW,DE,DE_LU,actual_load,Actual Load,2026-06-11T07:22:11Z
2026-06-11T07:20:53Z,2026-06-11T09:20:53+0200,f3b72819-8f0f-4c0e-a936-e9ce989df431,2026-06-02T23:00:00Z,2026-06-03T01:00:00+0200,45622.74743,MW,DE,DE_LU,actual_load,Actual Load,2026-06-11T07:22:11Z
2026-06-11T07:20:53Z,2026-06-11T09:20:53+0200,f3b72819-8f0f-4c0e-a936-e9ce989df431,2026-06-02T23:15:00Z,2026-06-03T01:15:00+0200,45262.798,MW,DE,DE_LU,actual_load,Actual Load,2026-06-11T07:22:11Z
2026-06-11T07:20:53Z,2026-06-11T09:20:53+0200,f3b72819-8f0f-4c0e-a936-e9ce989df431,2026-06-02T23:30:00Z,2026-06-03T01:30:00+0200,44604.862,MW,DE,DE_LU,actual_load,Actual Load,2026-06-11T07:22:11Z
2026-06-11T07:20:53Z,2026-06-11T09:20:53+0200,f3b72819-8f0f-4c0e-a936-e9ce989df431,2026-06-02T23:45:00Z,2026-06-03T01:45:00+0200,43891.956,MW,DE,DE_LU,actual_load,Actual Load,2026-06-11T07:22:11Z
2026-06-11T07:20:53Z,2026-06-11T09:20:53+0200,f3b72819-8f0f-4c0e-a936-e9ce989df431,2026-06-03T00:00:00Z,2026-06-03T02:00:00+0200,43772.0496,MW,DE,DE_LU,actual_load,Actual Load,2026-06-11T07:22:11Z
2026-06-11T07:20:53Z,2026-06-11T09:20:53+0200,f3b72819-8f0f-4c0e-a936-e9ce989df431,2026-06-03T00:15:00Z,2026-06-03T02:15:00+0200,43990.3907,MW,DE,DE_LU,actual_load,Actual Load,2026-06-11T07:22:11Z
2026-06-11T07:20:53Z,2026-06-11T09:20:53+0200,f3b72819-8f0f-4c0e-a936-e9ce989df431,2026-06-03T00:30:00Z,2026-06-03T02:30:00+0200,43897.78247,MW,DE,DE_LU,actual_load,Actual Load,2026-06-11T07:22:11Z
2026-06-11T07:20:53Z,2026-06-11T09:20:53+0200,f3b72819-8f0f-4c0e-a936-e9ce989df431,2026-06-03T00:45:00Z,2026-06-03T02:45:00+0200,43732.16789,MW,DE,DE_LU,actual_load,Actual Load,2026-06-11T07:22:11Z
2026-06-11T07:20:53Z,2026-06-11T09:20:53+0200,f3b72819-8f0f-4c0e-a936-e9ce989df431,2026-06-03T01:00:00Z,2026-06-03T03:00:00+0200,44161.62415,MW,DE,DE_LU,actual_load,Actual Load,2026-06-11T07:22:11Z
2026-06-11T07:20:53Z,2026-06-11T09:20:53+0200,f3b72819-8f0f-4c0e-a936-e9ce989df431,2026-06-03T01:15:00Z,2026-06-03T03:15:00+0200,44275.00215,MW,DE,DE_LU,actual_load,Actual Load,2026-06-11T07:22:11Z
2026-06-11T07:20:53Z,2026-06-11T09:20:53+0200,f3b72819-8f0f-4c0e-a936-e9ce989df431,2026-06-03T01:30:00Z,2026-06-03T03:30:00+0200,44183.51837,MW,DE,DE_LU,actual_load,Actual Load,2026-06-11T07:22:11Z
2026-06-11T07:20:53Z,2026-06-11T09:20:53+0200,f3b72819-8f0f-4c0e-a936-e9ce989df431,2026-06-03T01:45:00Z,2026-06-03T03:45:00+0200,44481.59395,MW,DE,DE_LU,actual_load,Actual Load,2026-06-11T07:22:11Z
2026-06-11T07:20:53Z,2026-06-11T09:20:53+0200,f3b72819-8f0f-4c0e-a936-e9ce989df431,2026-06-03T02:00:00Z,2026-06-03T04:00:00+0200,45108.64022,MW,DE,DE_LU,actual_load,Actual Load,2026-06-11T07:22:11Z
2026-06-11T07:20:53Z,2026-06-11T09:20:53+0200,f3b72819-8f0f-4c0e-a936-e9ce989df431,2026-06-03T02:15:00Z,2026-06-03T04:15:00+0200,45268.30633,MW,DE,DE_LU,actual_load,Actual Load,2026-06-11T07:22:11Z
2026-06-11T07:20:53Z,2026-06-11T09:20:53+0200,f3b72819-8f0f-4c0e-a936-e9ce989df431,2026-06-03T02:30:00Z,2026-06-03T04:30:00+0200,45936.17504,MW,DE,DE_LU,actual_load,Actual Load,2026-06-11T07:22:11Z
2026-06-11T07:20:53Z,2026-06-11T09:20:53+0200,f3b72819-8f0f-4c0e-a936-e9ce989df431,2026-06-03T02:45:00Z,2026-06-03T04:45:00+0200,46325.74758,MW,DE,DE_LU,actual_load,Actual Load,2026-06-11T07:22:11Z
2026-06-11T07:20:53Z,2026-06-11T09:20:53+0200,f3b72819-8f0f-4c0e-a936-e9ce989df431,2026-06-03T03:00:00Z,2026-06-03T05:00:00+0200,47424.31637,MW,DE,DE_LU,actual_load,Actual Load,2026-06-11T07:22:11Z
2026-06-11T07:20:53Z,2026-06-11T09:20:53+0200,f3b72819-8f0f-4c0e-a936-e9ce989df431,2026-06-03T03:15:00Z,2026-06-03T05:15:00+0200,47861.88531,MW,DE,DE_LU,actual_load,Actual Load,2026-06-11T07:22:11Z
2026-06-11T07:20:53Z,2026-06-11T09:20:53+0200,f3b72819-8f0f-4c0e-a936-e9ce989df431,2026-06-03T03:30:00Z,2026-06-03T05:30:00+0200,48707.61932,MW,DE,DE_LU,actual_load,Actual Load,2026-06-11T07:22:11Z
2026-06-11T07:20:53Z,2026-06-11T09:20:53+0200,f3b72819-8f0f-4c0e-a936-e9ce989df431,2026-06-03T03:45:00Z,2026-06-03T05:45:00+0200,50095.01687,MW,DE,DE_LU,actual_load,Actual Load,2026-06-11T07:22:11Z
2026-06-11T07:20:53Z,2026-06-11T09:20:53+0200,f3b72819-8f0f-4c0e-a936-e9ce989df431,2026-06-03T04:00:00Z,2026-06-03T06:00:00+0200,52591.26824,MW,DE,DE_LU,actual_load,Actual Load,2026-06-11T07:22:11Z
2026-06-11T07:20:53Z,2026-06-11T09:20:53+0200,f3b72819-8f0f-4c0e-a936-e9ce989df431,2026-06-03T04:15:00Z,2026-06-03T06:15:00+0200,54065.82153,MW,DE,DE_LU,actual_load,Actual Load,2026-06-11T07:22:11Z
2026-06-11T07:20:53Z,2026-06-11T09:20:53+0200,f3b72819-8f0f-4c0e-a936-e9ce989df431,2026-06-03T04:30:00Z,2026-06-03T06:30:00+0200,54766.05539,MW,DE,DE_LU,actual_load,Actual Load,2026-06-11T07:22:11Z
2026-06-11T07:20:53Z,2026-06-11T09:20:53+0200,f3b72819-8f0f-4c0e-a936-e9ce989df431,2026-06-03T04:45:00Z,2026-06-03T06:45:00+0200,55680.68172,MW,DE,DE_LU,actual_load,Actual Load,2026-06-11T07:22:11Z
2026-06-11T07:20:53Z,2026-06-11T09:20:53+0200,f3b72819-8f0f-4c0e-a936-e9ce989df431,2026-06-03T05:00:00Z,2026-06-03T07:00:00+0200,56471.77788,MW,DE,DE_LU,actual_load,Actual Load,2026-06-11T07:22:11Z
2026-06-11T07:20:53Z,2026-06-11T09:20:53+0200,f3b72819-8f0f-4c0e-a936-e9ce989df431,2026-06-03T05:15:00Z,2026-06-03T07:15:00+0200,57387.00672,MW,DE,DE_LU,actual_load,Actual Load,2026-06-11T07:22:11Z
2026-06-11T07:20:53Z,2026-06-11T09:20:53+0200,f3b72819-8f0f-4c0e-a936-e9ce989df431,2026-06-03T05:30:00Z,2026-06-03T07:30:00+0200,58435.53268,MW,DE,DE_LU,actual_load,Actual Load,2026-06-11T07:22:11Z
2026-06-11T07:20:53Z,2026-06-11T09:20:53+0200,f3b72819-8f0f-4c0e-a936-e9ce989df431,2026-06-03T05:45:00Z,2026-06-03T07:45:00+0200,59549.79967,MW,DE,DE_LU,actual_load,Actual Load,2026-06-11T07:22:11Z
2026-06-11T07:20:53Z,2026-06-11T09:20:53+0200,f3b72819-8f0f-4c0e-a936-e9ce989df431,2026-06-03T06:00:00Z,2026-06-03T08:00:00+0200,60266.35287,MW,DE,DE_LU,actual_load,Actual Load,2026-06-11T07:22:11Z
2026-06-11T07:20:53Z,2026-06-11T09:20:53+0200,f3b72819-8f0f-4c0e-a936-e9ce989df431,2026-06-03T06:15:00Z,2026-06-03T08:15:00+0200,60969.04186,MW,DE,DE_LU,actual_load,Actual Load,2026-06-11T07:22:11Z
2026-06-11T07:20:53Z,2026-06-11T09:20:53+0200,f3b72819-8f0f-4c0e-a936-e9ce989df431,2026-06-03T06:30:00Z,2026-06-03T08:30:00+0200,61768.44644,MW,DE,DE_LU,actual_load,Actual Load,2026-06-11T07:22:11Z
2026-06-11T07:20:53Z,2026-06-11T09:20:53+0200,f3b72819-8f0f-4c0e-a936-e9ce989df431,2026-06-03T06:45:00Z,2026-06-03T08:45:00+0200,61952.31036,MW,DE,DE_LU,actual_load,Actual Load,2026-06-11T07:22:11Z
2026-06-11T07:20:53Z,2026-06-11T09:20:53+0200,f3b72819-8f0f-4c0e-a936-e9ce989df431,2026-06-03T07:00:00Z,2026-06-03T09:00:00+0200,61586.36543,MW,DE,DE_LU,actual_load,Actual Load,2026-06-11T07:22:11Z
2026-06-11T07:20:53Z,2026-06-11T09:20:53+0200,f3b72819-8f0f-4c0e-a936-e9ce989df431,2026-06-03T07:15:00Z,2026-06-03T09:15:00+0200,61111.24346,MW,DE,DE_LU,actual_load,Actual Load,2026-06-11T07:22:11Z
2026-06-11T07:20:53Z,2026-06-11T09:20:53+0200,f3b72819-8f0f-4c0e-a936-e9ce989df431,2026-06-03T07:30:00Z,2026-06-03T09:30:00+0200,60963.34664,MW,DE,DE_LU,actual_load,Actual Load,2026-06-11T07:22:11Z
2026-06-11T07:20:53Z,2026-06-11T09:20:53+0200,f3b72819-8f0f-4c0e-a936-e9ce989df431,2026-06-03T07:45:00Z,2026-06-03T09:45:00+0200,60622.4432,MW,DE,DE_LU,actual_load,Actual Load,2026-06-11T07:22:11Z
2026-06-11T07:20:53Z,2026-06-11T09:20:53+0200,f3b72819-8f0f-4c0e-a936-e9ce989df431,2026-06-03T08:00:00Z,2026-06-03T10:00:00+0200,60167.54065,MW,DE,DE_LU,actual_load,Actual Load,2026-06-11T07:22:11Z
2026-06-11T07:20:53Z,2026-06-11T09:20:53+0200,f3b72819-8f0f-4c0e-a936-e9ce989df431,2026-06-03T08:15:00Z,2026-06-03T10:15:00+0200,60081.54012,MW,DE,DE_LU,actual_load,Actual Load,2026-06-11T07:22:11Z
2026-06-11T07:20:53Z,2026-06-11T09:20:53+0200,f3b72819-8f0f-4c0e-a936-e9ce989df431,2026-06-03T08:30:00Z,2026-06-03T10:30:00+0200,59727.47991,MW,DE,DE_LU,actual_load,Actual Load,2026-06-11T07:22:11Z
2026-06-11T07:20:53Z,2026-06-11T09:20:53+0200,f3b72819-8f0f-4c0e-a936-e9ce989df431,2026-06-03T08:45:00Z,2026-06-03T10:45:00+0200,59843.72013,MW,DE,DE_LU,actual_load,Actual Load,2026-06-11T07:22:11Z
2026-06-11T07:20:53Z,2026-06-11T09:20:53+0200,f3b72819-8f0f-4c0e-a936-e9ce989df431,2026-06-03T09:00:00Z,2026-06-03T11:00:00+0200,59769.81225,MW,DE,DE_LU,actual_load,Actual Load,2026-06-11T07:22:11Z
2026-06-11T07:20:53Z,2026-06-11T09:20:53+0200,f3b72819-8f0f-4c0e-a936-e9ce989df431,2026-06-03T09:15:00Z,2026-06-03T11:15:00+0200,59646.98645,MW,DE,DE_LU,actual_load,Actual Load,2026-06-11T07:22:11Z
2026-06-11T07:20:53Z,2026-06-11T09:20:53+0200,f3b72819-8f0f-4c0e-a936-e9ce989df431,2026-06-03T09:30:00Z,2026-06-03T11:30:00+0200,59700.19484,MW,DE,DE_LU,actual_load,Actual Load,2026-06-11T07:22:11Z
2026-06-11T07:20:53Z,2026-06-11T09:20:53+0200,f3b72819-8f0f-4c0e-a936-e9ce989df431,2026-06-03T09:45:00Z,2026-06-03T11:45:00+0200,58641.31964,MW,DE,DE_LU,actual_load,Actual Load,2026-06-11T07:22:11Z
2026-06-11T07:20:53Z,2026-06-11T09:20:53+0200,f3b72819-8f0f-4c0e-a936-e9ce989df431,2026-06-03T10:00:00Z,2026-06-03T12:00:00+0200,58141.58386,MW,DE,DE_LU,actual_load,Actual Load,2026-06-11T07:22:11Z
2026-06-11T07:20:53Z,2026-06-11T09:20:53+0200,f3b72819-8f0f-4c0e-a936-e9ce989df431,2026-06-03T10:15:00Z,2026-06-03T12:15:00+0200,58037.46203,MW,DE,DE_LU,actual_load,Actual Load,2026-06-11T07:22:11Z
2026-06-11T07:20:53Z,2026-06-11T09:20:53+0200,f3b72819-8f0f-4c0e-a936-e9ce989df431,2026-06-03T10:30:00Z,2026-06-03T12:30:00+0200,58135.51009,MW,DE,DE_LU,actual_load,Actual Load,2026-06-11T07:22:11Z
2026-06-11T07:20:53Z,2026-06-11T09:20:53+0200,f3b72819-8f0f-4c0e-a936-e9ce989df431,2026-06-03T10:45:00Z,2026-06-03T12:45:00+0200,57396.61822,MW,DE,DE_LU,actual_load,Actual Load,2026-06-11T07:22:11Z
2026-06-11T07:20:53Z,2026-06-11T09:20:53+0200,f3b72819-8f0f-4c0e-a936-e9ce989df431,2026-06-03T11:00:00Z,2026-06-03T13:00:00+0200,56517.03187,MW,DE,DE_LU,actual_load,Actual Load,2026-06-11T07:22:11Z
2026-06-11T07:20:53Z,2026-06-11T09:20:53+0200,f3b72819-8f0f-4c0e-a936-e9ce989df431,2026-06-03T11:15:00Z,2026-06-03T13:15:00+0200,56949.17669,MW,DE,DE_LU,actual_load,Actual Load,2026-06-11T07:22:11Z
2026-06-11T07:20:53Z,2026-06-11T09:20:53+0200,f3b72819-8f0f-4c0e-a936-e9ce989df431,2026-06-03T11:30:00Z,2026-06-03T13:30:00+0200,56136.68482,MW,DE,DE_LU,actual_load,Actual Load,2026-06-11T07:22:11Z
2026-06-11T07:20:53Z,2026-06-11T09:20:53+0200,f3b72819-8f0f-4c0e-a936-e9ce989df431,2026-06-03T11:45:00Z,2026-06-03T13:45:00+0200,55434.65371,MW,DE,DE_LU,actual_load,Actual Load,2026-06-11T07:22:11Z
2026-06-11T07:20:53Z,2026-06-11T09:20:53+0200,f3b72819-8f0f-4c0e-a936-e9ce989df431,2026-06-03T12:00:00Z,2026-06-03T14:00:00+0200,55695.89598,MW,DE,DE_LU,actual_load,Actual Load,2026-06-11T07:22:11Z
2026-06-11T07:20:53Z,2026-06-11T09:20:53+0200,f3b72819-8f0f-4c0e-a936-e9ce989df431,2026-06-03T12:15:00Z,2026-06-03T14:15:00+0200,55780.92511,MW,DE,DE_LU,actual_load,Actual Load,2026-06-11T07:22:11Z
2026-06-11T07:20:53Z,2026-06-11T09:20:53+0200,f3b72819-8f0f-4c0e-a936-e9ce989df431,2026-06-03T12:30:00Z,2026-06-03T14:30:00+0200,55837.88997,MW,DE,DE_LU,actual_load,Actual Load,2026-06-11T07:22:11Z
2026-06-11T07:20:53Z,2026-06-11T09:20:53+0200,f3b72819-8f0f-4c0e-a936-e9ce989df431,2026-06-03T12:45:00Z,2026-06-03T14:45:00+0200,55431.14449,MW,DE,DE_LU,actual_load,Actual Load,2026-06-11T07:22:11Z
2026-06-11T07:20:53Z,2026-06-11T09:20:53+0200,f3b72819-8f0f-4c0e-a936-e9ce989df431,2026-06-03T13:00:00Z,2026-06-03T15:00:00+0200,56236.15272,MW,DE,DE_LU,actual_load,Actual Load,2026-06-11T07:22:11Z
2026-06-11T07:20:53Z,2026-06-11T09:20:53+0200,f3b72819-8f0f-4c0e-a936-e9ce989df431,2026-06-03T13:15:00Z,2026-06-03T15:15:00+0200,55028.44044,MW,DE,DE_LU,actual_load,Actual Load,2026-06-11T07:22:11Z
2026-06-11T07:20:53Z,2026-06-11T09:20:53+0200,f3b72819-8f0f-4c0e-a936-e9ce989df431,2026-06-03T13:30:00Z,2026-06-03T15:30:00+0200,54590.3906,MW,DE,DE_LU,actual_load,Actual Load,2026-06-11T07:22:11Z
2026-06-11T07:20:53Z,2026-06-11T09:20:53+0200,f3b72819-8f0f-4c0e-a936-e9ce989df431,2026-06-03T13:45:00Z,2026-06-03T15:45:00+0200,54358.86386,MW,DE,DE_LU,actual_load,Actual Load,2026-06-11T07:22:11Z
2026-06-11T07:20:53Z,2026-06-11T09:20:53+0200,f3b72819-8f0f-4c0e-a936-e9ce989df431,2026-06-03T14:00:00Z,2026-06-03T16:00:00+0200,54889.42363,MW,DE,DE_LU,actual_load,Actual Load,2026-06-11T07:22:11Z
2026-06-11T07:20:53Z,2026-06-11T09:20:53+0200,f3b72819-8f0f-4c0e-a936-e9ce989df431,2026-06-03T14:15:00Z,2026-06-03T16:15:00+0200,54019.84821,MW,DE,DE_LU,actual_load,Actual Load,2026-06-11T07:22:11Z
2026-06-11T07:20:53Z,2026-06-11T09:20:53+0200,f3b72819-8f0f-4c0e-a936-e9ce989df431,2026-06-03T14:30:00Z,2026-06-03T16:30:00+0200,53262.59071,MW,DE,DE_LU,actual_load,Actual Load,2026-06-11T07:22:11Z
2026-06-11T07:20:53Z,2026-06-11T09:20:53+0200,f3b72819-8f0f-4c0e-a936-e9ce989df431,2026-06-03T14:45:00Z,2026-06-03T16:45:00+0200,53269.58912,MW,DE,DE_LU,actual_load,Actual Load,2026-06-11T07:22:11Z
2026-06-11T07:20:53Z,2026-06-11T09:20:53+0200,f3b72819-8f0f-4c0e-a936-e9ce989df431,2026-06-03T15:00:00Z,2026-06-03T17:00:00+0200,53075.96075,MW,DE,DE_LU,actual_load,Actual Load,2026-06-11T07:22:11Z
2026-06-11T07:20:53Z,2026-06-11T09:20:53+0200,f3b72819-8f0f-4c0e-a936-e9ce989df431,2026-06-03T15:15:00Z,2026-06-03T17:15:00+0200,53835.5436,MW,DE,DE_LU,actual_load,Actual Load,2026-06-11T07:22:11Z
2026-06-11T07:20:53Z,2026-06-11T09:20:53+0200,f3b72819-8f0f-4c0e-a936-e9ce989df431,2026-06-03T15:30:00Z,2026-06-03T17:30:00+0200,54228.5198,MW,DE,DE_LU,actual_load,Actual Load,2026-06-11T07:22:11Z
2026-06-11T07:20:53Z,2026-06-11T09:20:53+0200,f3b72819-8f0f-4c0e-a936-e9ce989df431,2026-06-03T15:45:00Z,2026-06-03T17:45:00+0200,55078.07338,MW,DE,DE_LU,actual_load,Actual Load,2026-06-11T07:22:11Z
2026-06-11T07:20:53Z,2026-06-11T09:20:53+0200,f3b72819-8f0f-4c0e-a936-e9ce989df431,2026-06-03T16:00:00Z,2026-06-03T18:00:00+0200,55095.88876,MW,DE,DE_LU,actual_load,Actual Load,2026-06-11T07:22:11Z
2026-06-11T07:20:53Z,2026-06-11T09:20:53+0200,f3b72819-8f0f-4c0e-a936-e9ce989df431,2026-06-03T16:15:00Z,2026-06-03T18:15:00+0200,55678.56783,MW,DE,DE_LU,actual_load,Actual Load,2026-06-11T07:22:11Z
2026-06-11T07:20:53Z,2026-06-11T09:20:53+0200,f3b72819-8f0f-4c0e-a936-e9ce989df431,2026-06-03T16:30:00Z,2026-06-03T18:30:00+0200,56372.47657,MW,DE,DE_LU,actual_load,Actual Load,2026-06-11T07:22:11Z
2026-06-11T07:20:53Z,2026-06-11T09:20:53+0200,f3b72819-8f0f-4c0e-a936-e9ce989df431,2026-06-03T16:45:00Z,2026-06-03T18:45:00+0200,57030.26967,MW,DE,DE_LU,actual_load,Actual Load,2026-06-11T07:22:11Z
2026-06-11T07:20:53Z,2026-06-11T09:20:53+0200,f3b72819-8f0f-4c0e-a936-e9ce989df431,2026-06-03T17:00:00Z,2026-06-03T19:00:00+0200,56769.08348,MW,DE,DE_LU,actual_load,Actual Load,2026-06-11T07:22:11Z
2026-06-11T07:20:53Z,2026-06-11T09:20:53+0200,f3b72819-8f0f-4c0e-a936-e9ce989df431,2026-06-03T17:15:00Z,2026-06-03T19:15:00+0200,56646.06814,MW,DE,DE_LU,actual_load,Actual Load,2026-06-11T07:22:11Z
2026-06-11T07:20:53Z,2026-06-11T09:20:53+0200,f3b72819-8f0f-4c0e-a936-e9ce989df431,2026-06-03T17:30:00Z,2026-06-03T19:30:00+0200,56240.74185,MW,DE,DE_LU,actual_load,Actual Load,2026-06-11T07:22:11Z
2026-06-11T07:20:53Z,2026-06-11T09:20:53+0200,f3b72819-8f0f-4c0e-a936-e9ce989df431,2026-06-03T17:45:00Z,2026-06-03T19:45:00+0200,55717.98284,MW,DE,DE_LU,actual_load,Actual Load,2026-06-11T07:22:11Z
2026-06-11T07:20:53Z,2026-06-11T09:20:53+0200,f3b72819-8f0f-4c0e-a936-e9ce989df431,2026-06-03T18:00:00Z,2026-06-03T20:00:00+0200,55512.20828,MW,DE,DE_LU,actual_load,Actual Load,2026-06-11T07:22:11Z
2026-06-11T07:20:53Z,2026-06-11T09:20:53+0200,f3b72819-8f0f-4c0e-a936-e9ce989df431,2026-06-03T18:15:00Z,2026-06-03T20:15:00+0200,55102.70807,MW,DE,DE_LU,actual_load,Actual Load,2026-06-11T07:22:11Z
2026-06-11T07:20:53Z,2026-06-11T09:20:53+0200,f3b72819-8f0f-4c0e-a936-e9ce989df431,2026-06-03T18:30:00Z,2026-06-03T20:30:00+0200,55292.81608,MW,DE,DE_LU,actual_load,Actual Load,2026-06-11T07:22:11Z
2026-06-11T07:20:53Z,2026-06-11T09:20:53+0200,f3b72819-8f0f-4c0e-a936-e9ce989df431,2026-06-03T18:45:00Z,2026-06-03T20:45:00+0200,55043.3016,MW,DE,DE_LU,actual_load,Actual Load,2026-06-11T07:22:11Z
2026-06-11T07:20:53Z,2026-06-11T09:20:53+0200,f3b72819-8f0f-4c0e-a936-e9ce989df431,2026-06-03T19:00:00Z,2026-06-03T21:00:00+0200,54524.30645,MW,DE,DE_LU,actual_load,Actual Load,2026-06-11T07:22:11Z
2026-06-11T07:20:53Z,2026-06-11T09:20:53+0200,f3b72819-8f0f-4c0e-a936-e9ce989df431,2026-06-03T19:15:00Z,2026-06-03T21:15:00+0200,54016.2264,MW,DE,DE_LU,actual_load,Actual Load,2026-06-11T07:22:11Z
2026-06-11T07:20:53Z,2026-06-11T09:20:53+0200,f3b72819-8f0f-4c0e-a936-e9ce989df431,2026-06-03T19:30:00Z,2026-06-03T21:30:00+0200,53353.25349,MW,DE,DE_LU,actual_load,Actual Load,2026-06-11T07:22:11Z
2026-06-11T07:20:53Z,2026-06-11T09:20:53+0200,f3b72819-8f0f-4c0e-a936-e9ce989df431,2026-06-03T19:45:00Z,2026-06-03T21:45:00+0200,52792.40581,MW,DE,DE_LU,actual_load,Actual Load,2026-06-11T07:22:11Z
2026-06-11T07:20:53Z,2026-06-11T09:20:53+0200,f3b72819-8f0f-4c0e-a936-e9ce989df431,2026-06-03T20:00:00Z,2026-06-03T22:00:00+0200,51662.78337,MW,DE,DE_LU,actual_load,Actual Load,2026-06-11T07:22:11Z
2026-06-11T07:20:53Z,2026-06-11T09:20:53+0200,f3b72819-8f0f-4c0e-a936-e9ce989df431,2026-06-03T20:15:00Z,2026-06-03T22:15:00+0200,50892.87941,MW,DE,DE_LU,actual_load,Actual Load,2026-06-11T07:22:11Z
2026-06-11T07:20:53Z,2026-06-11T09:20:53+0200,f3b72819-8f0f-4c0e-a936-e9ce989df431,2026-06-03T20:30:00Z,2026-06-03T22:30:00+0200,50655.84279,MW,DE,DE_LU,actual_load,Actual Load,2026-06-11T07:22:11Z
2026-06-11T07:20:53Z,2026-06-11T09:20:53+0200,f3b72819-8f0f-4c0e-a936-e9ce989df431,2026-06-03T20:45:00Z,2026-06-03T22:45:00+0200,49905.11943,MW,DE,DE_LU,actual_load,Actual Load,2026-06-11T07:22:11Z
2026-06-11T07:20:53Z,2026-06-11T09:20:53+0200,f3b72819-8f0f-4c0e-a936-e9ce989df431,2026-06-03T21:00:00Z,2026-06-03T23:00:00+0200,49007.66269,MW,DE,DE_LU,actual_load,Actual Load,2026-06-11T07:22:11Z
2026-06-11T07:20:53Z,2026-06-11T09:20:53+0200,f3b72819-8f0f-4c0e-a936-e9ce989df431,2026-06-03T21:15:00Z,2026-06-03T23:15:00+0200,48133.11758,MW,DE,DE_LU,actual_load,Actual Load,2026-06-11T07:22:11Z
2026-06-11T07:20:53Z,2026-06-11T09:20:53+0200,f3b72819-8f0f-4c0e-a936-e9ce989df431,2026-06-03T21:30:00Z,2026-06-03T23:30:00+0200,47493.23825,MW,DE,DE_LU,actual_load,Actual Load,2026-06-11T07:22:11Z
2026-06-11T07:20:53Z,2026-06-11T09:20:53+0200,f3b72819-8f0f-4c0e-a936-e9ce989df431,2026-06-03T21:45:00Z,2026-06-03T23:45:00+0200,47188.95056,MW,DE,DE_LU,actual_load,Actual Load,2026-06-11T07:22:11Z
2026-06-11T07:20:53Z,2026-06-11T09:20:53+0200,f3b72819-8f0f-4c0e-a936-e9ce989df431,2026-06-03T22:00:00Z,2026-06-04T00:00:00+0200,46134.55315,MW,DE,DE_LU,actual_load,Actual Load,2026-06-11T07:22:11Z
2026-06-11T07:20:53Z,2026-06-11T09:20:53+0200,f3b72819-8f0f-4c0e-a936-e9ce989df431,2026-06-03T22:15:00Z,2026-06-04T00:15:00+0200,45427.91016,MW,DE,DE_LU,actual_load,Actual Load,2026-06-11T07:22:11Z
2026-06-11T07:20:53Z,2026-06-11T09:20:53+0200,f3b72819-8f0f-4c0e-a936-e9ce989df431,2026-06-03T22:30:00Z,2026-06-04T00:30:00+0200,45387.80705,MW,DE,DE_LU,actual_load,Actual Load,2026-06-11T07:22:11Z
2026-06-11T07:20:53Z,2026-06-11T09:20:53+0200,f3b72819-8f0f-4c0e-a936-e9ce989df431,2026-06-03T22:45:00Z,2026-06-04T00:45:00+0200,45220.95337,MW,DE,DE_LU,actual_load,Actual Load,2026-06-11T07:22:11Z
2026-06-11T07:20:53Z,2026-06-11T09:20:53+0200,f3b72819-8f0f-4c0e-a936-e9ce989df431,2026-06-03T23:00:00Z,2026-06-04T01:00:00+0200,44460.22406,MW,DE,DE_LU,actual_load,Actual Load,2026-06-11T07:22:11Z
2026-06-11T07:20:53Z,2026-06-11T09:20:53+0200,f3b72819-8f0f-4c0e-a936-e9ce989df431,2026-06-03T23:15:00Z,2026-06-04T01:15:00+0200,44289.04744,MW,DE,DE_LU,actual_load,Actual Load,2026-06-11T07:22:11Z
2026-06-11T07:20:53Z,2026-06-11T09:20:53+0200,f3b72819-8f0f-4c0e-a936-e9ce989df431,2026-06-03T23:30:00Z,2026-06-04T01:30:00+0200,43589.07798,MW,DE,DE_LU,actual_load,Actual Load,2026-06-11T07:22:11Z
2026-06-11T07:20:53Z,2026-06-11T09:20:53+0200,f3b72819-8f0f-4c0e-a936-e9ce989df431,2026-06-03T23:45:00Z,2026-06-04T01:45:00+0200,43121.15647,MW,DE,DE_LU,actual_load,Actual Load,2026-06-11T07:22:11Z
2026-06-11T07:20:53Z,2026-06-11T09:20:53+0200,f3b72819-8f0f-4c0e-a936-e9ce989df431,2026-06-04T00:00:00Z,2026-06-04T02:00:00+0200,42632.73126,MW,DE,DE_LU,actual_load,Actual Load,2026-06-11T07:22:11Z
2026-06-11T07:20:53Z,2026-06-11T09:20:53+0200,f3b72819-8f0f-4c0e-a936-e9ce989df431,2026-06-04T00:15:00Z,2026-06-04T02:15:00+0200,41652.22628,MW,DE,DE_LU,actual_load,Actual Load,2026-06-11T07:22:11Z
2026-06-11T07:20:53Z,2026-06-11T09:20:53+0200,f3b72819-8f0f-4c0e-a936-e9ce989df431,2026-06-04T00:30:00Z,2026-06-04T02:30:00+0200,41792.33891,MW,DE,DE_LU,actual_load,Actual Load,2026-06-11T07:22:11Z
2026-06-11T07:20:53Z,2026-06-11T09:20:53+0200,f3b72819-8f0f-4c0e-a936-e9ce989df431,2026-06-04T00:45:00Z,2026-06-04T02:45:00+0200,41908.67413,MW,DE,DE_LU,actual_load,Actual Load,2026-06-11T07:22:11Z
2026-06-11T07:20:53Z,2026-06-11T09:20:53+0200,f3b72819-8f0f-4c0e-a936-e9ce989df431,2026-06-04T01:00:00Z,2026-06-04T03:00:00+0200,41941.66675,MW,DE,DE_LU,actual_load,Actual Load,2026-06-11T07:22:11Z
2026-06-11T07:20:53Z,2026-06-11T09:20:53+0200,f3b72819-8f0f-4c0e-a936-e9ce989df431,2026-06-04T01:15:00Z,2026-06-04T03:15:00+0200,42383.23881,MW,DE,DE_LU,actual_load,Actual Load,2026-06-11T07:22:11Z
2026-06-11T07:20:53Z,2026-06-11T09:20:53+0200,f3b72819-8f0f-4c0e-a936-e9ce989df431,2026-06-04T01:30:00Z,2026-06-04T03:30:00+0200,42446.352,MW,DE,DE_LU,actual_load,Actual Load,2026-06-11T07:22:11Z
2026-06-11T07:20:53Z,2026-06-11T09:20:53+0200,f3b72819-8f0f-4c0e-a936-e9ce989df431,2026-06-04T01:45:00Z,2026-06-04T03:45:00+0200,42133.74269,MW,DE,DE_LU,actual_load,Actual Load,2026-06-11T07:22:11Z
2026-06-11T07:20:53Z,2026-06-11T09:20:53+0200,f3b72819-8f0f-4c0e-a936-e9ce989df431,2026-06-04T02:00:00Z,2026-06-04T04:00:00+0200,42656.64774,MW,DE,DE_LU,actual_load,Actual Load,2026-06-11T07:22:11Z
2026-06-11T07:20:53Z,2026-06-11T09:20:53+0200,f3b72819-8f0f-4c0e-a936-e9ce989df431,2026-06-04T02:15:00Z,2026-06-04T04:15:00+0200,42716.06777,MW,DE,DE_LU,actual_load,Actual Load,2026-06-11T07:22:11Z
2026-06-11T07:20:53Z,2026-06-11T09:20:53+0200,f3b72819-8f0f-4c0e-a936-e9ce989df431,2026-06-04T02:30:00Z,2026-06-04T04:30:00+0200,42938.07882,MW,DE,DE_LU,actual_load,Actual Load,2026-06-11T07:22:11Z
2026-06-11T07:20:53Z,2026-06-11T09:20:53+0200,f3b72819-8f0f-4c0e-a936-e9ce989df431,2026-06-04T02:45:00Z,2026-06-04T04:45:00+0200,42858.41386,MW,DE,DE_LU,actual_load,Actual Load,2026-06-11T07:22:11Z
2026-06-11T07:20:53Z,2026-06-11T09:20:53+0200,f3b72819-8f0f-4c0e-a936-e9ce989df431,2026-06-04T03:00:00Z,2026-06-04T05:00:00+0200,43413.61752,MW,DE,DE_LU,actual_load,Actual Load,2026-06-11T07:22:11Z
2026-06-11T07:20:53Z,2026-06-11T09:20:53+0200,f3b72819-8f0f-4c0e-a936-e9ce989df431,2026-06-04T03:15:00Z,2026-06-04T05:15:00+0200,43453.10814,MW,DE,DE_LU,actual_load,Actual Load,2026-06-11T07:22:11Z
2026-06-11T07:20:53Z,2026-06-11T09:20:53+0200,f3b72819-8f0f-4c0e-a936-e9ce989df431,2026-06-04T03:30:00Z,2026-06-04T05:30:00+0200,43632.53793,MW,DE,DE_LU,actual_load,Actual Load,2026-06-11T07:22:11Z
2026-06-11T07:20:53Z,2026-06-11T09:20:53+0200,f3b72819-8f0f-4c0e-a936-e9ce989df431,2026-06-04T03:45:00Z,2026-06-04T05:45:00+0200,43436.05499,MW,DE,DE_LU,actual_load,Actual Load,2026-06-11T07:22:11Z
2026-06-11T07:20:53Z,2026-06-11T09:20:53+0200,f3b72819-8f0f-4c0e-a936-e9ce989df431,2026-06-04T04:00:00Z,2026-06-04T06:00:00+0200,44151.61048,MW,DE,DE_LU,actual_load,Actual Load,2026-06-11T07:22:11Z
2026-06-11T07:20:53Z,2026-06-11T09:20:53+0200,f3b72819-8f0f-4c0e-a936-e9ce989df431,2026-06-04T04:15:00Z,2026-06-04T06:15:00+0200,44615.81594,MW,DE,DE_LU,actual_load,Actual Load,2026-06-11T07:22:11Z
2026-06-11T07:20:53Z,2026-06-11T09:20:53+0200,f3b72819-8f0f-4c0e-a936-e9ce989df431,2026-06-04T04:30:00Z,2026-06-04T06:30:00+0200,44847.95175,MW,DE,DE_LU,actual_load,Actual Load,2026-06-11T07:22:11Z
2026-06-11T07:20:53Z,2026-06-11T09:20:53+0200,f3b72819-8f0f-4c0e-a936-e9ce989df431,2026-06-04T04:45:00Z,2026-06-04T06:45:00+0200,44964.03549,MW,DE,DE_LU,actual_load,Actual Load,2026-06-11T07:22:11Z
2026-06-11T07:20:53Z,2026-06-11T09:20:53+0200,f3b72819-8f0f-4c0e-a936-e9ce989df431,2026-06-04T05:00:00Z,2026-06-04T07:00:00+0200,44987.78132,MW,DE,DE_LU,actual_load,Actual Load,2026-06-11T07:22:11Z
2026-06-11T07:20:53Z,2026-06-11T09:20:53+0200,f3b72819-8f0f-4c0e-a936-e9ce989df431,2026-06-04T05:15:00Z,2026-06-04T07:15:00+0200,45512.56856,MW,DE,DE_LU,actual_load,Actual Load,2026-06-11T07:22:11Z
2026-06-11T07:20:53Z,2026-06-11T09:20:53+0200,f3b72819-8f0f-4c0e-a936-e9ce989df431,2026-06-04T05:30:00Z,2026-06-04T07:30:00+0200,46353.10591,MW,DE,DE_LU,actual_load,Actual Load,2026-06-11T07:22:11Z
2026-06-11T07:20:53Z,2026-06-11T09:20:53+0200,f3b72819-8f0f-4c0e-a936-e9ce989df431,2026-06-04T05:45:00Z,2026-06-04T07:45:00+0200,46654.91824,MW,DE,DE_LU,actual_load,Actual Load,2026-06-11T07:22:11Z
2026-06-11T07:20:53Z,2026-06-11T09:20:53+0200,f3b72819-8f0f-4c0e-a936-e9ce989df431,2026-06-04T06:00:00Z,2026-06-04T08:00:00+0200,46845.41994,MW,DE,DE_LU,actual_load,Actual Load,2026-06-11T07:22:11Z
2026-06-11T07:20:53Z,2026-06-11T09:20:53+0200,f3b72819-8f0f-4c0e-a936-e9ce989df431,2026-06-04T06:15:00Z,2026-06-04T08:15:00+0200,47818.01695,MW,DE,DE_LU,actual_load,Actual Load,2026-06-11T07:22:11Z
2026-06-11T07:20:53Z,2026-06-11T09:20:53+0200,f3b72819-8f0f-4c0e-a936-e9ce989df431,2026-06-04T06:30:00Z,2026-06-04T08:30:00+0200,48680.09733,MW,DE,DE_LU,actual_load,Actual Load,2026-06-11T07:22:11Z
2026-06-11T07:20:53Z,2026-06-11T09:20:53+0200,f3b72819-8f0f-4c0e-a936-e9ce989df431,2026-06-04T06:45:00Z,2026-06-04T08:45:00+0200,49328.40276,MW,DE,DE_LU,actual_load,Actual Load,2026-06-11T07:22:11Z
2026-06-11T07:20:53Z,2026-06-11T09:20:53+0200,f3b72819-8f0f-4c0e-a936-e9ce989df431,2026-06-04T07:00:00Z,2026-06-04T09:00:00+0200,49889.33003,MW,DE,DE_LU,actual_load,Actual Load,2026-06-11T07:22:11Z
2026-06-11T07:20:53Z,2026-06-11T09:20:53+0200,f3b72819-8f0f-4c0e-a936-e9ce989df431,2026-06-04T07:15:00Z,2026-06-04T09:15:00+0200,50011.53448,MW,DE,DE_LU,actual_load,Actual Load,2026-06-11T07:22:11Z
2026-06-11T07:20:53Z,2026-06-11T09:20:53+0200,f3b72819-8f0f-4c0e-a936-e9ce989df431,2026-06-04T07:30:00Z,2026-06-04T09:30:00+0200,51432.95534,MW,DE,DE_LU,actual_load,Actual Load,2026-06-11T07:22:11Z
2026-06-11T07:20:53Z,2026-06-11T09:20:53+0200,f3b72819-8f0f-4c0e-a936-e9ce989df431,2026-06-04T07:45:00Z,2026-06-04T09:45:00+0200,52125.99685,MW,DE,DE_LU,actual_load,Actual Load,2026-06-11T07:22:11Z
2026-06-11T07:20:53Z,2026-06-11T09:20:53+0200,f3b72819-8f0f-4c0e-a936-e9ce989df431,2026-06-04T08:00:00Z,2026-06-04T10:00:00+0200,51787.79482,MW,DE,DE_LU,actual_load,Actual Load,2026-06-11T07:22:11Z
2026-06-11T07:20:53Z,2026-06-11T09:20:53+0200,f3b72819-8f0f-4c0e-a936-e9ce989df431,2026-06-04T08:15:00Z,2026-06-04T10:15:00+0200,52258.00032,MW,DE,DE_LU,actual_load,Actual Load,2026-06-11T07:22:11Z
2026-06-11T07:20:53Z,2026-06-11T09:20:53+0200,f3b72819-8f0f-4c0e-a936-e9ce989df431,2026-06-04T08:30:00Z,2026-06-04T10:30:00+0200,52599.05253,MW,DE,DE_LU,actual_load,Actual Load,2026-06-11T07:22:11Z
2026-06-11T07:20:53Z,2026-06-11T09:20:53+0200,f3b72819-8f0f-4c0e-a936-e9ce989df431,2026-06-04T08:45:00Z,2026-06-04T10:45:00+0200,52686.44034,MW,DE,DE_LU,actual_load,Actual Load,2026-06-11T07:22:11Z
2026-06-11T07:20:53Z,2026-06-11T09:20:53+0200,f3b72819-8f0f-4c0e-a936-e9ce989df431,2026-06-04T09:00:00Z,2026-06-04T11:00:00+0200,53044.32076,MW,DE,DE_LU,actual_load,Actual Load,2026-06-11T07:22:11Z
2026-06-11T07:20:53Z,2026-06-11T09:20:53+0200,f3b72819-8f0f-4c0e-a936-e9ce989df431,2026-06-04T09:15:00Z,2026-06-04T11:15:00+0200,53144.36378,MW,DE,DE_LU,actual_load,Actual Load,2026-06-11T07:22:11Z
2026-06-11T07:20:53Z,2026-06-11T09:20:53+0200,f3b72819-8f0f-4c0e-a936-e9ce989df431,2026-06-04T09:30:00Z,2026-06-04T11:30:00+0200,53506.61233,MW,DE,DE_LU,actual_load,Actual Load,2026-06-11T07:22:11Z
2026-06-11T07:20:53Z,2026-06-11T09:20:53+0200,f3b72819-8f0f-4c0e-a936-e9ce989df431,2026-06-04T09:45:00Z,2026-06-04T11:45:00+0200,53055.2718,MW,DE,DE_LU,actual_load,Actual Load,2026-06-11T07:22:11Z
2026-06-11T07:20:53Z,2026-06-11T09:20:53+0200,f3b72819-8f0f-4c0e-a936-e9ce989df431,2026-06-04T10:00:00Z,2026-06-04T12:00:00+0200,53246.81132,MW,DE,DE_LU,actual_load,Actual Load,2026-06-11T07:22:11Z
2026-06-11T07:20:53Z,2026-06-11T09:20:53+0200,f3b72819-8f0f-4c0e-a936-e9ce989df431,2026-06-04T10:15:00Z,2026-06-04T12:15:00+0200,52899.3824,MW,DE,DE_LU,actual_load,Actual Load,2026-06-11T07:22:11Z
2026-06-11T07:20:53Z,2026-06-11T09:20:53+0200,f3b72819-8f0f-4c0e-a936-e9ce989df431,2026-06-04T10:30:00Z,2026-06-04T12:30:00+0200,52395.90053,MW,DE,DE_LU,actual_load,Actual Load,2026-06-11T07:22:11Z
2026-06-11T07:20:53Z,2026-06-11T09:20:53+0200,f3b72819-8f0f-4c0e-a936-e9ce989df431,2026-06-04T10:45:00Z,2026-06-04T12:45:00+0200,51744.31942,MW,DE,DE_LU,actual_load,Actual Load,2026-06-11T07:22:11Z
2026-06-11T07:20:53Z,2026-06-11T09:20:53+0200,f3b72819-8f0f-4c0e-a936-e9ce989df431,2026-06-04T11:00:00Z,2026-06-04T13:00:00+0200,51351.91425,MW,DE,DE_LU,actual_load,Actual Load,2026-06-11T07:22:11Z
2026-06-11T07:20:53Z,2026-06-11T09:20:53+0200,f3b72819-8f0f-4c0e-a936-e9ce989df431,2026-06-04T11:15:00Z,2026-06-04T13:15:00+0200,51418.21479,MW,DE,DE_LU,actual_load,Actual Load,2026-06-11T07:22:11Z
2026-06-11T07:20:53Z,2026-06-11T09:20:53+0200,f3b72819-8f0f-4c0e-a936-e9ce989df431,2026-06-04T11:30:00Z,2026-06-04T13:30:00+0200,51323.24109,MW,DE,DE_LU,actual_load,Actual Load,2026-06-11T07:22:11Z
2026-06-11T07:20:53Z,2026-06-11T09:20:53+0200,f3b72819-8f0f-4c0e-a936-e9ce989df431,2026-06-04T11:45:00Z,2026-06-04T13:45:00+0200,51585.10706,MW,DE,DE_LU,actual_load,Actual Load,2026-06-11T07:22:11Z
2026-06-11T07:20:53Z,2026-06-11T09:20:53+0200,f3b72819-8f0f-4c0e-a936-e9ce989df431,2026-06-04T12:00:00Z,2026-06-04T14:00:00+0200,50100.14072,MW,DE,DE_LU,actual_load,Actual Load,2026-06-11T07:22:11Z
2026-06-11T07:20:53Z,2026-06-11T09:20:53+0200,f3b72819-8f0f-4c0e-a936-e9ce989df431,2026-06-04T12:15:00Z,2026-06-04T14:15:00+0200,50407.91089,MW,DE,DE_LU,actual_load,Actual Load,2026-06-11T07:22:11Z
2026-06-11T07:20:53Z,2026-06-11T09:20:53+0200,f3b72819-8f0f-4c0e-a936-e9ce989df431,2026-06-04T12:30:00Z,2026-06-04T14:30:00+0200,50332.74126,MW,DE,DE_LU,actual_load,Actual Load,2026-06-11T07:22:11Z
2026-06-11T07:20:53Z,2026-06-11T09:20:53+0200,f3b72819-8f0f-4c0e-a936-e9ce989df431,2026-06-04T12:45:00Z,2026-06-04T14:45:00+0200,49993.12046,MW,DE,DE_LU,actual_load,Actual Load,2026-06-11T07:22:11Z
2026-06-11T07:20:53Z,2026-06-11T09:20:53+0200,f3b72819-8f0f-4c0e-a936-e9ce989df431,2026-06-04T13:00:00Z,2026-06-04T15:00:00+0200,49423.08447,MW,DE,DE_LU,actual_load,Actual Load,2026-06-11T07:22:11Z
2026-06-11T07:20:53Z,2026-06-11T09:20:53+0200,f3b72819-8f0f-4c0e-a936-e9ce989df431,2026-06-04T13:15:00Z,2026-06-04T15:15:00+0200,49323.95629,MW,DE,DE_LU,actual_load,Actual Load,2026-06-11T07:22:11Z
2026-06-11T07:20:53Z,2026-06-11T09:20:53+0200,f3b72819-8f0f-4c0e-a936-e9ce989df431,2026-06-04T13:30:00Z,2026-06-04T15:30:00+0200,49097.34756,MW,DE,DE_LU,actual_load,Actual Load,2026-06-11T07:22:11Z
2026-06-11T07:20:53Z,2026-06-11T09:20:53+0200,f3b72819-8f0f-4c0e-a936-e9ce989df431,2026-06-04T13:45:00Z,2026-06-04T15:45:00+0200,48657.72766,MW,DE,DE_LU,actual_load,Actual Load,2026-06-11T07:22:11Z
2026-06-11T07:20:53Z,2026-06-11T09:20:53+0200,f3b72819-8f0f-4c0e-a936-e9ce989df431,2026-06-04T14:00:00Z,2026-06-04T16:00:00+0200,49068.83315,MW,DE,DE_LU,actual_load,Actual Load,2026-06-11T07:22:11Z
2026-06-11T07:20:53Z,2026-06-11T09:20:53+0200,f3b72819-8f0f-4c0e-a936-e9ce989df431,2026-06-04T14:15:00Z,2026-06-04T16:15:00+0200,49957.1208,MW,DE,DE_LU,actual_load,Actual Load,2026-06-11T07:22:11Z
2026-06-11T07:20:53Z,2026-06-11T09:20:53+0200,f3b72819-8f0f-4c0e-a936-e9ce989df431,2026-06-04T14:30:00Z,2026-06-04T16:30:00+0200,49783.19675,MW,DE,DE_LU,actual_load,Actual Load,2026-06-11T07:22:11Z
2026-06-11T07:20:53Z,2026-06-11T09:20:53+0200,f3b72819-8f0f-4c0e-a936-e9ce989df431,2026-06-04T14:45:00Z,2026-06-04T16:45:00+0200,50044.66529,MW,DE,DE_LU,actual_load,Actual Load,2026-06-11T07:22:11Z
2026-06-11T07:20:53Z,2026-06-11T09:20:53+0200,f3b72819-8f0f-4c0e-a936-e9ce989df431,2026-06-04T15:00:00Z,2026-06-04T17:00:00+0200,50010.89873,MW,DE,DE_LU,actual_load,Actual Load,2026-06-11T07:22:11Z
2026-06-11T07:20:53Z,2026-06-11T09:20:53+0200,f3b72819-8f0f-4c0e-a936-e9ce989df431,2026-06-04T15:15:00Z,2026-06-04T17:15:00+0200,50264.7102,MW,DE,DE_LU,actual_load,Actual Load,2026-06-11T07:22:11Z
2026-06-11T07:20:53Z,2026-06-11T09:20:53+0200,f3b72819-8f0f-4c0e-a936-e9ce989df431,2026-06-04T15:30:00Z,2026-06-04T17:30:00+0200,50473.21821,MW,DE,DE_LU,actual_load,Actual Load,2026-06-11T07:22:11Z
2026-06-11T07:20:53Z,2026-06-11T09:20:53+0200,f3b72819-8f0f-4c0e-a936-e9ce989df431,2026-06-04T15:45:00Z,2026-06-04T17:45:00+0200,51134.3336,MW,DE,DE_LU,actual_load,Actual Load,2026-06-11T07:22:11Z
2026-06-11T07:20:53Z,2026-06-11T09:20:53+0200,f3b72819-8f0f-4c0e-a936-e9ce989df431,2026-06-04T16:00:00Z,2026-06-04T18:00:00+0200,50923.84642,MW,DE,DE_LU,actual_load,Actual Load,2026-06-11T07:22:11Z
2026-06-11T07:20:53Z,2026-06-11T09:20:53+0200,f3b72819-8f0f-4c0e-a936-e9ce989df431,2026-06-04T16:15:00Z,2026-06-04T18:15:00+0200,50875.88644,MW,DE,DE_LU,actual_load,Actual Load,2026-06-11T07:22:11Z
2026-06-11T07:20:53Z,2026-06-11T09:20:53+0200,f3b72819-8f0f-4c0e-a936-e9ce989df431,2026-06-04T16:30:00Z,2026-06-04T18:30:00+0200,51099.67847,MW,DE,DE_LU,actual_load,Actual Load,2026-06-11T07:22:11Z
2026-06-11T07:20:53Z,2026-06-11T09:20:53+0200,f3b72819-8f0f-4c0e-a936-e9ce989df431,2026-06-04T16:45:00Z,2026-06-04T18:45:00+0200,50981.60896,MW,DE,DE_LU,actual_load,Actual Load,2026-06-11T07:22:11Z
2026-06-11T07:20:53Z,2026-06-11T09:20:53+0200,f3b72819-8f0f-4c0e-a936-e9ce989df431,2026-06-04T17:00:00Z,2026-06-04T19:00:00+0200,51733.98178,MW,DE,DE_LU,actual_load,Actual Load,2026-06-11T07:22:11Z
2026-06-11T07:20:53Z,2026-06-11T09:20:53+0200,f3b72819-8f0f-4c0e-a936-e9ce989df431,2026-06-04T17:15:00Z,2026-06-04T19:15:00+0200,52183.74535,MW,DE,DE_LU,actual_load,Actual Load,2026-06-11T07:22:11Z
2026-06-11T07:20:53Z,2026-06-11T09:20:53+0200,f3b72819-8f0f-4c0e-a936-e9ce989df431,2026-06-04T17:30:00Z,2026-06-04T19:30:00+0200,51776.66768,MW,DE,DE_LU,actual_load,Actual Load,2026-06-11T07:22:11Z
2026-06-11T07:20:53Z,2026-06-11T09:20:53+0200,f3b72819-8f0f-4c0e-a936-e9ce989df431,2026-06-04T17:45:00Z,2026-06-04T19:45:00+0200,50776.50006,MW,DE,DE_LU,actual_load,Actual Load,2026-06-11T07:22:11Z
2026-06-11T07:20:53Z,2026-06-11T09:20:53+0200,f3b72819-8f0f-4c0e-a936-e9ce989df431,2026-06-04T18:00:00Z,2026-06-04T20:00:00+0200,50826.8994,MW,DE,DE_LU,actual_load,Actual Load,2026-06-11T07:22:11Z
2026-06-11T07:20:53Z,2026-06-11T09:20:53+0200,f3b72819-8f0f-4c0e-a936-e9ce989df431,2026-06-04T18:15:00Z,2026-06-04T20:15:00+0200,50456.35363,MW,DE,DE_LU,actual_load,Actual Load,2026-06-11T07:22:11Z
2026-06-11T07:20:53Z,2026-06-11T09:20:53+0200,f3b72819-8f0f-4c0e-a936-e9ce989df431,2026-06-04T18:30:00Z,2026-06-04T20:30:00+0200,49603.84568,MW,DE,DE_LU,actual_load,Actual Load,2026-06-11T07:22:11Z
2026-06-11T07:20:53Z,2026-06-11T09:20:53+0200,f3b72819-8f0f-4c0e-a936-e9ce989df431,2026-06-04T18:45:00Z,2026-06-04T20:45:00+0200,49008.99526,MW,DE,DE_LU,actual_load,Actual Load,2026-06-11T07:22:11Z
2026-06-11T07:20:53Z,2026-06-11T09:20:53+0200,f3b72819-8f0f-4c0e-a936-e9ce989df431,2026-06-04T19:00:00Z,2026-06-04T21:00:00+0200,48369.63219,MW,DE,DE_LU,actual_load,Actual Load,2026-06-11T07:22:11Z
2026-06-11T07:20:53Z,2026-06-11T09:20:53+0200,f3b72819-8f0f-4c0e-a936-e9ce989df431,2026-06-04T19:15:00Z,2026-06-04T21:15:00+0200,48255.71854,MW,DE,DE_LU,actual_load,Actual Load,2026-06-11T07:22:11Z
2026-06-11T07:20:53Z,2026-06-11T09:20:53+0200,f3b72819-8f0f-4c0e-a936-e9ce989df431,2026-06-04T19:30:00Z,2026-06-04T21:30:00+0200,48235.67053,MW,DE,DE_LU,actual_load,Actual Load,2026-06-11T07:22:11Z
2026-06-11T07:20:53Z,2026-06-11T09:20:53+0200,f3b72819-8f0f-4c0e-a936-e9ce989df431,2026-06-04T19:45:00Z,2026-06-04T21:45:00+0200,48245.37594,MW,DE,DE_LU,actual_load,Actual Load,2026-06-11T07:22:11Z
2026-06-11T07:20:53Z,2026-06-11T09:20:53+0200,f3b72819-8f0f-4c0e-a936-e9ce989df431,2026-06-04T20:00:00Z,2026-06-04T22:00:00+0200,48348.82812,MW,DE,DE_LU,actual_load,Actual Load,2026-06-11T07:22:11Z
2026-06-11T07:20:53Z,2026-06-11T09:20:53+0200,f3b72819-8f0f-4c0e-a936-e9ce989df431,2026-06-04T20:15:00Z,2026-06-04T22:15:00+0200,48569.10253,MW,DE,DE_LU,actual_load,Actual Load,2026-06-11T07:22:11Z
2026-06-11T07:20:53Z,2026-06-11T09:20:53+0200,f3b72819-8f0f-4c0e-a936-e9ce989df431,2026-06-04T20:30:00Z,2026-06-04T22:30:00+0200,48071.63239,MW,DE,DE_LU,actual_load,Actual Load,2026-06-11T07:22:11Z
2026-06-11T07:20:53Z,2026-06-11T09:20:53+0200,f3b72819-8f0f-4c0e-a936-e9ce989df431,2026-06-04T20:45:00Z,2026-06-04T22:45:00+0200,47270.61519,MW,DE,DE_LU,actual_load,Actual Load,2026-06-11T07:22:11Z
2026-06-11T07:20:53Z,2026-06-11T09:20:53+0200,f3b72819-8f0f-4c0e-a936-e9ce989df431,2026-06-04T21:00:00Z,2026-06-04T23:00:00+0200,45958.21521,MW,DE,DE_LU,actual_load,Actual Load,2026-06-11T07:22:11Z
2026-06-11T07:20:53Z,2026-06-11T09:20:53+0200,f3b72819-8f0f-4c0e-a936-e9ce989df431,2026-06-04T21:15:00Z,2026-06-04T23:15:00+0200,45687.09854,MW,DE,DE_LU,actual_load,Actual Load,2026-06-11T07:22:11Z
2026-06-11T07:20:53Z,2026-06-11T09:20:53+0200,f3b72819-8f0f-4c0e-a936-e9ce989df431,2026-06-04T21:30:00Z,2026-06-04T23:30:00+0200,45033.89061,MW,DE,DE_LU,actual_load,Actual Load,2026-06-11T07:22:11Z
2026-06-11T07:20:53Z,2026-06-11T09:20:53+0200,f3b72819-8f0f-4c0e-a936-e9ce989df431,2026-06-04T21:45:00Z,2026-06-04T23:45:00+0200,44779.39072,MW,DE,DE_LU,actual_load,Actual Load,2026-06-11T07:22:11Z
2026-06-11T07:20:53Z,2026-06-11T09:20:53+0200,f3b72819-8f0f-4c0e-a936-e9ce989df431,2026-06-04T22:00:00Z,2026-06-05T00:00:00+0200,43472.71165,MW,DE,DE_LU,actual_load,Actual Load,2026-06-11T07:22:11Z
2026-06-11T07:20:53Z,2026-06-11T09:20:53+0200,f3b72819-8f0f-4c0e-a936-e9ce989df431,2026-06-04T22:15:00Z,2026-06-05T00:15:00+0200,43344.29896,MW,DE,DE_LU,actual_load,Actual Load,2026-06-11T07:22:11Z
2026-06-11T07:20:53Z,2026-06-11T09:20:53+0200,f3b72819-8f0f-4c0e-a936-e9ce989df431,2026-06-04T22:30:00Z,2026-06-05T00:30:00+0200,43491.89148,MW,DE,DE_LU,actual_load,Actual Load,2026-06-11T07:22:11Z
2026-06-11T07:20:53Z,2026-06-11T09:20:53+0200,f3b72819-8f0f-4c0e-a936-e9ce989df431,2026-06-04T22:45:00Z,2026-06-05T00:45:00+0200,43167.38469,MW,DE,DE_LU,actual_load,Actual Load,2026-06-11T07:22:11Z
2026-06-11T07:20:53Z,2026-06-11T09:20:53+0200,f3b72819-8f0f-4c0e-a936-e9ce989df431,2026-06-04T23:00:00Z,2026-06-05T01:00:00+0200,42284.69191,MW,DE,DE_LU,actual_load,Actual Load,2026-06-11T07:22:11Z
2026-06-11T07:20:53Z,2026-06-11T09:20:53+0200,f3b72819-8f0f-4c0e-a936-e9ce989df431,2026-06-04T23:15:00Z,2026-06-05T01:15:00+0200,41824.08039,MW,DE,DE_LU,actual_load,Actual Load,2026-06-11T07:22:11Z
2026-06-11T07:20:53Z,2026-06-11T09:20:53+0200,f3b72819-8f0f-4c0e-a936-e9ce989df431,2026-06-04T23:30:00Z,2026-06-05T01:30:00+0200,41644.20644,MW,DE,DE_LU,actual_load,Actual Load,2026-06-11T07:22:11Z
2026-06-11T07:20:53Z,2026-06-11T09:20:53+0200,f3b72819-8f0f-4c0e-a936-e9ce989df431,2026-06-04T23:45:00Z,2026-06-05T01:45:00+0200,41863.51909,MW,DE,DE_LU,actual_load,Actual Load,2026-06-11T07:22:11Z
2026-06-11T07:20:53Z,2026-06-11T09:20:53+0200,f3b72819-8f0f-4c0e-a936-e9ce989df431,2026-06-05T00:00:00Z,2026-06-05T02:00:00+0200,41764.54617,MW,DE,DE_LU,actual_load,Actual Load,2026-06-11T07:22:11Z
2026-06-11T07:20:53Z,2026-06-11T09:20:53+0200,f3b72819-8f0f-4c0e-a936-e9ce989df431,2026-06-05T00:15:00Z,2026-06-05T02:15:00+0200,41369.59164,MW,DE,DE_LU,actual_load,Actual Load,2026-06-11T07:22:11Z
2026-06-11T07:20:53Z,2026-06-11T09:20:53+0200,f3b72819-8f0f-4c0e-a936-e9ce989df431,2026-06-05T00:30:00Z,2026-06-05T02:30:00+0200,41225.20432,MW,DE,DE_LU,actual_load,Actual Load,2026-06-11T07:22:11Z
2026-06-11T07:20:53Z,2026-06-11T09:20:53+0200,f3b72819-8f0f-4c0e-a936-e9ce989df431,2026-06-05T00:45:00Z,2026-06-05T02:45:00+0200,40924.03377,MW,DE,DE_LU,actual_load,Actual Load,2026-06-11T07:22:11Z
2026-06-11T07:20:53Z,2026-06-11T09:20:53+0200,f3b72819-8f0f-4c0e-a936-e9ce989df431,2026-06-05T01:00:00Z,2026-06-05T03:00:00+0200,40722.57913,MW,DE,DE_LU,actual_load,Actual Load,2026-06-11T07:22:11Z
2026-06-11T07:20:53Z,2026-06-11T09:20:53+0200,f3b72819-8f0f-4c0e-a936-e9ce989df431,2026-06-05T01:15:00Z,2026-06-05T03:15:00+0200,40573.16777,MW,DE,DE_LU,actual_load,Actual Load,2026-06-11T07:22:11Z
2026-06-11T07:20:53Z,2026-06-11T09:20:53+0200,f3b72819-8f0f-4c0e-a936-e9ce989df431,2026-06-05T01:30:00Z,2026-06-05T03:30:00+0200,40029.32563,MW,DE,DE_LU,actual_load,Actual Load,2026-06-11T07:22:11Z
2026-06-11T07:20:53Z,2026-06-11T09:20:53+0200,f3b72819-8f0f-4c0e-a936-e9ce989df431,2026-06-05T01:45:00Z,2026-06-05T03:45:00+0200,39936.64931,MW,DE,DE_LU,actual_load,Actual Load,2026-06-11T07:22:11Z
2026-06-11T07:20:53Z,2026-06-11T09:20:53+0200,f3b72819-8f0f-4c0e-a936-e9ce989df431,2026-06-05T02:00:00Z,2026-06-05T04:00:00+0200,40484.3521,MW,DE,DE_LU,actual_load,Actual Load,2026-06-11T07:22:11Z
2026-06-11T07:20:53Z,2026-06-11T09:20:53+0200,f3b72819-8f0f-4c0e-a936-e9ce989df431,2026-06-05T02:15:00Z,2026-06-05T04:15:00+0200,40803.09106,MW,DE,DE_LU,actual_load,Actual Load,2026-06-11T07:22:11Z
2026-06-11T07:20:53Z,2026-06-11T09:20:53+0200,f3b72819-8f0f-4c0e-a936-e9ce989df431,2026-06-05T02:30:00Z,2026-06-05T04:30:00+0200,40796.88064,MW,DE,DE_LU,actual_load,Actual Load,2026-06-11T07:22:11Z
2026-06-11T07:20:53Z,2026-06-11T09:20:53+0200,f3b72819-8f0f-4c0e-a936-e9ce989df431,2026-06-05T02:45:00Z,2026-06-05T04:45:00+0200,41045.52767,MW,DE,DE_LU,actual_load,Actual Load,2026-06-11T07:22:11Z
2026-06-11T07:20:53Z,2026-06-11T09:20:53+0200,f3b72819-8f0f-4c0e-a936-e9ce989df431,2026-06-05T03:00:00Z,2026-06-05T05:00:00+0200,42247.00363,MW,DE,DE_LU,actual_load,Actual Load,2026-06-11T07:22:11Z
2026-06-11T07:20:53Z,2026-06-11T09:20:53+0200,f3b72819-8f0f-4c0e-a936-e9ce989df431,2026-06-05T03:15:00Z,2026-06-05T05:15:00+0200,42484.49866,MW,DE,DE_LU,actual_load,Actual Load,2026-06-11T07:22:11Z
2026-06-11T07:20:53Z,2026-06-11T09:20:53+0200,f3b72819-8f0f-4c0e-a936-e9ce989df431,2026-06-05T03:30:00Z,2026-06-05T05:30:00+0200,42840.70546,MW,DE,DE_LU,actual_load,Actual Load,2026-06-11T07:22:11Z
2026-06-11T07:20:53Z,2026-06-11T09:20:53+0200,f3b72819-8f0f-4c0e-a936-e9ce989df431,2026-06-05T03:45:00Z,2026-06-05T05:45:00+0200,44000.57177,MW,DE,DE_LU,actual_load,Actual Load,2026-06-11T07:22:11Z
2026-06-11T07:20:53Z,2026-06-11T09:20:53+0200,f3b72819-8f0f-4c0e-a936-e9ce989df431,2026-06-05T04:00:00Z,2026-06-05T06:00:00+0200,45938.67351,MW,DE,DE_LU,actual_load,Actual Load,2026-06-11T07:22:11Z
2026-06-11T07:20:53Z,2026-06-11T09:20:53+0200,f3b72819-8f0f-4c0e-a936-e9ce989df431,2026-06-05T04:15:00Z,2026-06-05T06:15:00+0200,46951.57611,MW,DE,DE_LU,actual_load,Actual Load,2026-06-11T07:22:11Z
2026-06-11T07:20:53Z,2026-06-11T09:20:53+0200,f3b72819-8f0f-4c0e-a936-e9ce989df431,2026-06-05T04:30:00Z,2026-06-05T06:30:00+0200,47796.5965,MW,DE,DE_LU,actual_load,Actual Load,2026-06-11T07:22:11Z
2026-06-11T07:20:53Z,2026-06-11T09:20:53+0200,f3b72819-8f0f-4c0e-a936-e9ce989df431,2026-06-05T04:45:00Z,2026-06-05T06:45:00+0200,48726.50312,MW,DE,DE_LU,actual_load,Actual Load,2026-06-11T07:22:11Z
2026-06-11T07:20:53Z,2026-06-11T09:20:53+0200,f3b72819-8f0f-4c0e-a936-e9ce989df431,2026-06-05T05:00:00Z,2026-06-05T07:00:00+0200,49879.93418,MW,DE,DE_LU,actual_load,Actual Load,2026-06-11T07:22:11Z
2026-06-11T07:20:53Z,2026-06-11T09:20:53+0200,f3b72819-8f0f-4c0e-a936-e9ce989df431,2026-06-05T05:15:00Z,2026-06-05T07:15:00+0200,51486.47743,MW,DE,DE_LU,actual_load,Actual Load,2026-06-11T07:22:11Z
2026-06-11T07:20:53Z,2026-06-11T09:20:53+0200,f3b72819-8f0f-4c0e-a936-e9ce989df431,2026-06-05T05:30:00Z,2026-06-05T07:30:00+0200,52093.46204,MW,DE,DE_LU,actual_load,Actual Load,2026-06-11T07:22:11Z
2026-06-11T07:20:53Z,2026-06-11T09:20:53+0200,f3b72819-8f0f-4c0e-a936-e9ce989df431,2026-06-05T05:45:00Z,2026-06-05T07:45:00+0200,52740.47976,MW,DE,DE_LU,actual_load,Actual Load,2026-06-11T07:22:11Z
2026-06-11T07:20:53Z,2026-06-11T09:20:53+0200,f3b72819-8f0f-4c0e-a936-e9ce989df431,2026-06-05T06:00:00Z,2026-06-05T08:00:00+0200,53105.69753,MW,DE,DE_LU,actual_load,Actual Load,2026-06-11T07:22:11Z
2026-06-11T07:20:53Z,2026-06-11T09:20:53+0200,f3b72819-8f0f-4c0e-a936-e9ce989df431,2026-06-05T06:15:00Z,2026-06-05T08:15:00+0200,54464.64487,MW,DE,DE_LU,actual_load,Actual Load,2026-06-11T07:22:11Z
2026-06-11T07:20:53Z,2026-06-11T09:20:53+0200,f3b72819-8f0f-4c0e-a936-e9ce989df431,2026-06-05T06:30:00Z,2026-06-05T08:30:00+0200,54536.74401,MW,DE,DE_LU,actual_load,Actual Load,2026-06-11T07:22:11Z
2026-06-11T07:20:53Z,2026-06-11T09:20:53+0200,f3b72819-8f0f-4c0e-a936-e9ce989df431,2026-06-05T06:45:00Z,2026-06-05T08:45:00+0200,53989.48408,MW,DE,DE_LU,actual_load,Actual Load,2026-06-11T07:22:11Z
2026-06-11T07:20:53Z,2026-06-11T09:20:53+0200,f3b72819-8f0f-4c0e-a936-e9ce989df431,2026-06-05T07:00:00Z,2026-06-05T09:00:00+0200,53990.41835,MW,DE,DE_LU,actual_load,Actual Load,2026-06-11T07:22:11Z
2026-06-11T07:20:53Z,2026-06-11T09:20:53+0200,f3b72819-8f0f-4c0e-a936-e9ce989df431,2026-06-05T07:15:00Z,2026-06-05T09:15:00+0200,54306.31932,MW,DE,DE_LU,actual_load,Actual Load,2026-06-11T07:22:11Z
2026-06-11T07:20:53Z,2026-06-11T09:20:53+0200,f3b72819-8f0f-4c0e-a936-e9ce989df431,2026-06-05T07:30:00Z,2026-06-05T09:30:00+0200,54710.06951,MW,DE,DE_LU,actual_load,Actual Load,2026-06-11T07:22:11Z
2026-06-11T07:20:53Z,2026-06-11T09:20:53+0200,f3b72819-8f0f-4c0e-a936-e9ce989df431,2026-06-05T07:45:00Z,2026-06-05T09:45:00+0200,55160.63271,MW,DE,DE_LU,actual_load,Actual Load,2026-06-11T07:22:11Z
2026-06-11T07:20:53Z,2026-06-11T09:20:53+0200,f3b72819-8f0f-4c0e-a936-e9ce989df431,2026-06-05T08:00:00Z,2026-06-05T10:00:00+0200,55574.49892,MW,DE,DE_LU,actual_load,Actual Load,2026-06-11T07:22:11Z
2026-06-11T07:20:53Z,2026-06-11T09:20:53+0200,f3b72819-8f0f-4c0e-a936-e9ce989df431,2026-06-05T08:15:00Z,2026-06-05T10:15:00+0200,55185.69761,MW,DE,DE_LU,actual_load,Actual Load,2026-06-11T07:22:11Z
2026-06-11T07:20:53Z,2026-06-11T09:20:53+0200,f3b72819-8f0f-4c0e-a936-e9ce989df431,2026-06-05T08:30:00Z,2026-06-05T10:30:00+0200,54672.6596,MW,DE,DE_LU,actual_load,Actual Load,2026-06-11T07:22:11Z
2026-06-11T07:20:53Z,2026-06-11T09:20:53+0200,f3b72819-8f0f-4c0e-a936-e9ce989df431,2026-06-05T08:45:00Z,2026-06-05T10:45:00+0200,54845.63749,MW,DE,DE_LU,actual_load,Actual Load,2026-06-11T07:22:11Z
2026-06-11T07:20:53Z,2026-06-11T09:20:53+0200,f3b72819-8f0f-4c0e-a936-e9ce989df431,2026-06-05T09:00:00Z,2026-06-05T11:00:00+0200,54612.67229,MW,DE,DE_LU,actual_load,Actual Load,2026-06-11T07:22:11Z
2026-06-11T07:20:53Z,2026-06-11T09:20:53+0200,f3b72819-8f0f-4c0e-a936-e9ce989df431,2026-06-05T09:15:00Z,2026-06-05T11:15:00+0200,54838.33957,MW,DE,DE_LU,actual_load,Actual Load,2026-06-11T07:22:11Z
2026-06-11T07:20:53Z,2026-06-11T09:20:53+0200,f3b72819-8f0f-4c0e-a936-e9ce989df431,2026-06-05T09:30:00Z,2026-06-05T11:30:00+0200,54459.68206,MW,DE,DE_LU,actual_load,Actual Load,2026-06-11T07:22:11Z
2026-06-11T07:20:53Z,2026-06-11T09:20:53+0200,f3b72819-8f0f-4c0e-a936-e9ce989df431,2026-06-05T09:45:00Z,2026-06-05T11:45:00+0200,54146.43708,MW,DE,DE_LU,actual_load,Actual Load,2026-06-11T07:22:11Z
2026-06-11T07:20:53Z,2026-06-11T09:20:53+0200,f3b72819-8f0f-4c0e-a936-e9ce989df431,2026-06-05T10:00:00Z,2026-06-05T12:00:00+0200,52962.85278,MW,DE,DE_LU,actual_load,Actual Load,2026-06-11T07:22:11Z
2026-06-11T07:20:53Z,2026-06-11T09:20:53+0200,f3b72819-8f0f-4c0e-a936-e9ce989df431,2026-06-05T10:15:00Z,2026-06-05T12:15:00+0200,52809.5141,MW,DE,DE_LU,actual_load,Actual Load,2026-06-11T07:22:11Z
2026-06-11T07:20:53Z,2026-06-11T09:20:53+0200,f3b72819-8f0f-4c0e-a936-e9ce989df431,2026-06-05T10:30:00Z,2026-06-05T12:30:00+0200,53044.39742,MW,DE,DE_LU,actual_load,Actual Load,2026-06-11T07:22:11Z
2026-06-11T07:20:53Z,2026-06-11T09:20:53+0200,f3b72819-8f0f-4c0e-a936-e9ce989df431,2026-06-05T10:45:00Z,2026-06-05T12:45:00+0200,53029.87601,MW,DE,DE_LU,actual_load,Actual Load,2026-06-11T07:22:11Z
2026-06-11T07:20:53Z,2026-06-11T09:20:53+0200,f3b72819-8f0f-4c0e-a936-e9ce989df431,2026-06-05T11:00:00Z,2026-06-05T13:00:00+0200,52477.46437,MW,DE,DE_LU,actual_load,Actual Load,2026-06-11T07:22:11Z
2026-06-11T07:20:53Z,2026-06-11T09:20:53+0200,f3b72819-8f0f-4c0e-a936-e9ce989df431,2026-06-05T11:15:00Z,2026-06-05T13:15:00+0200,52534.52945,MW,DE,DE_LU,actual_load,Actual Load,2026-06-11T07:22:11Z
2026-06-11T07:20:53Z,2026-06-11T09:20:53+0200,f3b72819-8f0f-4c0e-a936-e9ce989df431,2026-06-05T11:30:00Z,2026-06-05T13:30:00+0200,51776.37004,MW,DE,DE_LU,actual_load,Actual Load,2026-06-11T07:22:11Z
2026-06-11T07:20:53Z,2026-06-11T09:20:53+0200,f3b72819-8f0f-4c0e-a936-e9ce989df431,2026-06-05T11:45:00Z,2026-06-05T13:45:00+0200,50955.08588,MW,DE,DE_LU,actual_load,Actual Load,2026-06-11T07:22:11Z
2026-06-11T07:20:53Z,2026-06-11T09:20:53+0200,f3b72819-8f0f-4c0e-a936-e9ce989df431,2026-06-05T12:00:00Z,2026-06-05T14:00:00+0200,50524.08934,MW,DE,DE_LU,actual_load,Actual Load,2026-06-11T07:22:11Z
2026-06-11T07:20:53Z,2026-06-11T09:20:53+0200,f3b72819-8f0f-4c0e-a936-e9ce989df431,2026-06-05T12:15:00Z,2026-06-05T14:15:00+0200,50283.20012,MW,DE,DE_LU,actual_load,Actual Load,2026-06-11T07:22:11Z
2026-06-11T07:20:53Z,2026-06-11T09:20:53+0200,f3b72819-8f0f-4c0e-a936-e9ce989df431,2026-06-05T12:30:00Z,2026-06-05T14:30:00+0200,49932.7099,MW,DE,DE_LU,actual_load,Actual Load,2026-06-11T07:22:11Z
2026-06-11T07:20:53Z,2026-06-11T09:20:53+0200,f3b72819-8f0f-4c0e-a936-e9ce989df431,2026-06-05T12:45:00Z,2026-06-05T14:45:00+0200,49077.93142,MW,DE,DE_LU,actual_load,Actual Load,2026-06-11T07:22:11Z
2026-06-11T07:20:53Z,2026-06-11T09:20:53+0200,f3b72819-8f0f-4c0e-a936-e9ce989df431,2026-06-05T13:00:00Z,2026-06-05T15:00:00+0200,49457.51943,MW,DE,DE_LU,actual_load,Actual Load,2026-06-11T07:22:11Z
2026-06-11T07:20:53Z,2026-06-11T09:20:53+0200,f3b72819-8f0f-4c0e-a936-e9ce989df431,2026-06-05T13:15:00Z,2026-06-05T15:15:00+0200,49332.30885,MW,DE,DE_LU,actual_load,Actual Load,2026-06-11T07:22:11Z
2026-06-11T07:20:53Z,2026-06-11T09:20:53+0200,f3b72819-8f0f-4c0e-a936-e9ce989df431,2026-06-05T13:30:00Z,2026-06-05T15:30:00+0200,49850.82472,MW,DE,DE_LU,actual_load,Actual Load,2026-06-11T07:22:11Z
2026-06-11T07:20:53Z,2026-06-11T09:20:53+0200,f3b72819-8f0f-4c0e-a936-e9ce989df431,2026-06-05T13:45:00Z,2026-06-05T15:45:00+0200,49409.73389,MW,DE,DE_LU,actual_load,Actual Load,2026-06-11T07:22:11Z
2026-06-11T07:20:53Z,2026-06-11T09:20:53+0200,f3b72819-8f0f-4c0e-a936-e9ce989df431,2026-06-05T14:00:00Z,2026-06-05T16:00:00+0200,49058.2549,MW,DE,DE_LU,actual_load,Actual Load,2026-06-11T07:22:11Z
2026-06-11T07:20:53Z,2026-06-11T09:20:53+0200,f3b72819-8f0f-4c0e-a936-e9ce989df431,2026-06-05T14:15:00Z,2026-06-05T16:15:00+0200,48896.90158,MW,DE,DE_LU,actual_load,Actual Load,2026-06-11T07:22:11Z
2026-06-11T07:20:53Z,2026-06-11T09:20:53+0200,f3b72819-8f0f-4c0e-a936-e9ce989df431,2026-06-05T14:30:00Z,2026-06-05T16:30:00+0200,48796.22819,MW,DE,DE_LU,actual_load,Actual Load,2026-06-11T07:22:11Z
2026-06-11T07:20:53Z,2026-06-11T09:20:53+0200,f3b72819-8f0f-4c0e-a936-e9ce989df431,2026-06-05T14:45:00Z,2026-06-05T16:45:00+0200,49368.48329,MW,DE,DE_LU,actual_load,Actual Load,2026-06-11T07:22:11Z
2026-06-11T07:20:53Z,2026-06-11T09:20:53+0200,f3b72819-8f0f-4c0e-a936-e9ce989df431,2026-06-05T15:00:00Z,2026-06-05T17:00:00+0200,50146.27621,MW,DE,DE_LU,actual_load,Actual Load,2026-06-11T07:22:11Z
2026-06-11T07:20:53Z,2026-06-11T09:20:53+0200,f3b72819-8f0f-4c0e-a936-e9ce989df431,2026-06-05T15:15:00Z,2026-06-05T17:15:00+0200,49596.59761,MW,DE,DE_LU,actual_load,Actual Load,2026-06-11T07:22:11Z
2026-06-11T07:20:53Z,2026-06-11T09:20:53+0200,f3b72819-8f0f-4c0e-a936-e9ce989df431,2026-06-05T15:30:00Z,2026-06-05T17:30:00+0200,49733.05264,MW,DE,DE_LU,actual_load,Actual Load,2026-06-11T07:22:11Z
2026-06-11T07:20:53Z,2026-06-11T09:20:53+0200,f3b72819-8f0f-4c0e-a936-e9ce989df431,2026-06-05T15:45:00Z,2026-06-05T17:45:00+0200,50268.67375,MW,DE,DE_LU,actual_load,Actual Load,2026-06-11T07:22:11Z
2026-06-11T07:20:53Z,2026-06-11T09:20:53+0200,f3b72819-8f0f-4c0e-a936-e9ce989df431,2026-06-05T16:00:00Z,2026-06-05T18:00:00+0200,51629.08632,MW,DE,DE_LU,actual_load,Actual Load,2026-06-11T07:22:11Z
2026-06-11T07:20:53Z,2026-06-11T09:20:53+0200,f3b72819-8f0f-4c0e-a936-e9ce989df431,2026-06-05T16:15:00Z,2026-06-05T18:15:00+0200,51815.60934,MW,DE,DE_LU,actual_load,Actual Load,2026-06-11T07:22:11Z
2026-06-11T07:20:53Z,2026-06-11T09:20:53+0200,f3b72819-8f0f-4c0e-a936-e9ce989df431,2026-06-05T16:30:00Z,2026-06-05T18:30:00+0200,52223.37729,MW,DE,DE_LU,actual_load,Actual Load,2026-06-11T07:22:11Z
2026-06-11T07:20:53Z,2026-06-11T09:20:53+0200,f3b72819-8f0f-4c0e-a936-e9ce989df431,2026-06-05T16:45:00Z,2026-06-05T18:45:00+0200,52932.69825,MW,DE,DE_LU,actual_load,Actual Load,2026-06-11T07:22:11Z
2026-06-11T07:20:53Z,2026-06-11T09:20:53+0200,f3b72819-8f0f-4c0e-a936-e9ce989df431,2026-06-05T17:00:00Z,2026-06-05T19:00:00+0200,52780.11106,MW,DE,DE_LU,actual_load,Actual Load,2026-06-11T07:22:11Z
2026-06-11T07:20:53Z,2026-06-11T09:20:53+0200,f3b72819-8f0f-4c0e-a936-e9ce989df431,2026-06-05T17:15:00Z,2026-06-05T19:15:00+0200,52482.29344,MW,DE,DE_LU,actual_load,Actual Load,2026-06-11T07:22:11Z
2026-06-11T07:20:53Z,2026-06-11T09:20:53+0200,f3b72819-8f0f-4c0e-a936-e9ce989df431,2026-06-05T17:30:00Z,2026-06-05T19:30:00+0200,52898.53956,MW,DE,DE_LU,actual_load,Actual Load,2026-06-11T07:22:11Z
2026-06-11T07:20:53Z,2026-06-11T09:20:53+0200,f3b72819-8f0f-4c0e-a936-e9ce989df431,2026-06-05T17:45:00Z,2026-06-05T19:45:00+0200,52954.41895,MW,DE,DE_LU,actual_load,Actual Load,2026-06-11T07:22:11Z
2026-06-11T07:20:53Z,2026-06-11T09:20:53+0200,f3b72819-8f0f-4c0e-a936-e9ce989df431,2026-06-05T18:00:00Z,2026-06-05T20:00:00+0200,52678.09673,MW,DE,DE_LU,actual_load,Actual Load,2026-06-11T07:22:11Z
2026-06-11T07:20:53Z,2026-06-11T09:20:53+0200,f3b72819-8f0f-4c0e-a936-e9ce989df431,2026-06-05T18:15:00Z,2026-06-05T20:15:00+0200,52159.50853,MW,DE,DE_LU,actual_load,Actual Load,2026-06-11T07:22:11Z
2026-06-11T07:20:53Z,2026-06-11T09:20:53+0200,f3b72819-8f0f-4c0e-a936-e9ce989df431,2026-06-05T18:30:00Z,2026-06-05T20:30:00+0200,51633.92191,MW,DE,DE_LU,actual_load,Actual Load,2026-06-11T07:22:11Z
2026-06-11T07:20:53Z,2026-06-11T09:20:53+0200,f3b72819-8f0f-4c0e-a936-e9ce989df431,2026-06-05T18:45:00Z,2026-06-05T20:45:00+0200,50777.35093,MW,DE,DE_LU,actual_load,Actual Load,2026-06-11T07:22:11Z
2026-06-11T07:20:53Z,2026-06-11T09:20:53+0200,f3b72819-8f0f-4c0e-a936-e9ce989df431,2026-06-05T19:00:00Z,2026-06-05T21:00:00+0200,50392.55685,MW,DE,DE_LU,actual_load,Actual Load,2026-06-11T07:22:11Z
2026-06-11T07:20:53Z,2026-06-11T09:20:53+0200,f3b72819-8f0f-4c0e-a936-e9ce989df431,2026-06-05T19:15:00Z,2026-06-05T21:15:00+0200,49618.7424,MW,DE,DE_LU,actual_load,Actual Load,2026-06-11T07:22:11Z
2026-06-11T07:20:53Z,2026-06-11T09:20:53+0200,f3b72819-8f0f-4c0e-a936-e9ce989df431,2026-06-05T19:30:00Z,2026-06-05T21:30:00+0200,49346.43634,MW,DE,DE_LU,actual_load,Actual Load,2026-06-11T07:22:11Z
2026-06-11T07:20:53Z,2026-06-11T09:20:53+0200,f3b72819-8f0f-4c0e-a936-e9ce989df431,2026-06-05T19:45:00Z,2026-06-05T21:45:00+0200,49552.75501,MW,DE,DE_LU,actual_load,Actual Load,2026-06-11T07:22:11Z
2026-06-11T07:20:53Z,2026-06-11T09:20:53+0200,f3b72819-8f0f-4c0e-a936-e9ce989df431,2026-06-05T20:00:00Z,2026-06-05T22:00:00+0200,48895.66804,MW,DE,DE_LU,actual_load,Actual Load,2026-06-11T07:22:11Z
2026-06-11T07:20:53Z,2026-06-11T09:20:53+0200,f3b72819-8f0f-4c0e-a936-e9ce989df431,2026-06-05T20:15:00Z,2026-06-05T22:15:00+0200,48752.8359,MW,DE,DE_LU,actual_load,Actual Load,2026-06-11T07:22:11Z
2026-06-11T07:20:53Z,2026-06-11T09:20:53+0200,f3b72819-8f0f-4c0e-a936-e9ce989df431,2026-06-05T20:30:00Z,2026-06-05T22:30:00+0200,47783.087,MW,DE,DE_LU,actual_load,Actual Load,2026-06-11T07:22:11Z
2026-06-11T07:20:53Z,2026-06-11T09:20:53+0200,f3b72819-8f0f-4c0e-a936-e9ce989df431,2026-06-05T20:45:00Z,2026-06-05T22:45:00+0200,47268.54713,MW,DE,DE_LU,actual_load,Actual Load,2026-06-11T07:22:11Z
2026-06-11T07:20:53Z,2026-06-11T09:20:53+0200,f3b72819-8f0f-4c0e-a936-e9ce989df431,2026-06-05T21:00:00Z,2026-06-05T23:00:00+0200,46192.28484,MW,DE,DE_LU,actual_load,Actual Load,2026-06-11T07:22:11Z
2026-06-11T07:20:53Z,2026-06-11T09:20:53+0200,f3b72819-8f0f-4c0e-a936-e9ce989df431,2026-06-05T21:15:00Z,2026-06-05T23:15:00+0200,45474.40693,MW,DE,DE_LU,actual_load,Actual Load,2026-06-11T07:22:11Z
2026-06-11T07:20:53Z,2026-06-11T09:20:53+0200,f3b72819-8f0f-4c0e-a936-e9ce989df431,2026-06-05T21:30:00Z,2026-06-05T23:30:00+0200,45146.55068,MW,DE,DE_LU,actual_load,Actual Load,2026-06-11T07:22:11Z
2026-06-11T07:20:53Z,2026-06-11T09:20:53+0200,f3b72819-8f0f-4c0e-a936-e9ce989df431,2026-06-05T21:45:00Z,2026-06-05T23:45:00+0200,44465.77014,MW,DE,DE_LU,actual_load,Actual Load,2026-06-11T07:22:11Z
2026-06-11T07:20:53Z,2026-06-11T09:20:53+0200,f3b72819-8f0f-4c0e-a936-e9ce989df431,2026-06-05T22:00:00Z,2026-06-06T00:00:00+0200,43504.58592,MW,DE,DE_LU,actual_load,Actual Load,2026-06-11T07:22:11Z
2026-06-11T07:20:53Z,2026-06-11T09:20:53+0200,f3b72819-8f0f-4c0e-a936-e9ce989df431,2026-06-05T22:15:00Z,2026-06-06T00:15:00+0200,43519.83969,MW,DE,DE_LU,actual_load,Actual Load,2026-06-11T07:22:11Z
2026-06-11T07:20:53Z,2026-06-11T09:20:53+0200,f3b72819-8f0f-4c0e-a936-e9ce989df431,2026-06-05T22:30:00Z,2026-06-06T00:30:00+0200,43262.71886,MW,DE,DE_LU,actual_load,Actual Load,2026-06-11T07:22:11Z
2026-06-11T07:20:53Z,2026-06-11T09:20:53+0200,f3b72819-8f0f-4c0e-a936-e9ce989df431,2026-06-05T22:45:00Z,2026-06-06T00:45:00+0200,42662.64823,MW,DE,DE_LU,actual_load,Actual Load,2026-06-11T07:22:11Z
2026-06-11T07:20:53Z,2026-06-11T09:20:53+0200,f3b72819-8f0f-4c0e-a936-e9ce989df431,2026-06-05T23:00:00Z,2026-06-06T01:00:00+0200,42134.52424,MW,DE,DE_LU,actual_load,Actual Load,2026-06-11T07:22:11Z
2026-06-11T07:20:53Z,2026-06-11T09:20:53+0200,f3b72819-8f0f-4c0e-a936-e9ce989df431,2026-06-05T23:15:00Z,2026-06-06T01:15:00+0200,41704.60918,MW,DE,DE_LU,actual_load,Actual Load,2026-06-11T07:22:11Z
2026-06-11T07:20:53Z,2026-06-11T09:20:53+0200,f3b72819-8f0f-4c0e-a936-e9ce989df431,2026-06-05T23:30:00Z,2026-06-06T01:30:00+0200,41572.30169,MW,DE,DE_LU,actual_load,Actual Load,2026-06-11T07:22:11Z
2026-06-11T07:20:53Z,2026-06-11T09:20:53+0200,f3b72819-8f0f-4c0e-a936-e9ce989df431,2026-06-05T23:45:00Z,2026-06-06T01:45:00+0200,41367.39726,MW,DE,DE_LU,actual_load,Actual Load,2026-06-11T07:22:11Z
2026-06-11T07:20:53Z,2026-06-11T09:20:53+0200,f3b72819-8f0f-4c0e-a936-e9ce989df431,2026-06-06T00:00:00Z,2026-06-06T02:00:00+0200,40659.86258,MW,DE,DE_LU,actual_load,Actual Load,2026-06-11T07:22:11Z
2026-06-11T07:20:53Z,2026-06-11T09:20:53+0200,f3b72819-8f0f-4c0e-a936-e9ce989df431,2026-06-06T00:15:00Z,2026-06-06T02:15:00+0200,40433.20805,MW,DE,DE_LU,actual_load,Actual Load,2026-06-11T07:22:11Z
2026-06-11T07:20:53Z,2026-06-11T09:20:53+0200,f3b72819-8f0f-4c0e-a936-e9ce989df431,2026-06-06T00:30:00Z,2026-06-06T02:30:00+0200,40494.43789,MW,DE,DE_LU,actual_load,Actual Load,2026-06-11T07:22:11Z
2026-06-11T07:20:53Z,2026-06-11T09:20:53+0200,f3b72819-8f0f-4c0e-a936-e9ce989df431,2026-06-06T00:45:00Z,2026-06-06T02:45:00+0200,40781.39498,MW,DE,DE_LU,actual_load,Actual Load,2026-06-11T07:22:11Z
2026-06-11T07:20:53Z,2026-06-11T09:20:53+0200,f3b72819-8f0f-4c0e-a936-e9ce989df431,2026-06-06T01:00:00Z,2026-06-06T03:00:00+0200,40407.00503,MW,DE,DE_LU,actual_load,Actual Load,2026-06-11T07:22:11Z
2026-06-11T07:20:53Z,2026-06-11T09:20:53+0200,f3b72819-8f0f-4c0e-a936-e9ce989df431,2026-06-06T01:15:00Z,2026-06-06T03:15:00+0200,40386.59098,MW,DE,DE_LU,actual_load,Actual Load,2026-06-11T07:22:11Z
2026-06-11T07:20:53Z,2026-06-11T09:20:53+0200,f3b72819-8f0f-4c0e-a936-e9ce989df431,2026-06-06T01:30:00Z,2026-06-06T03:30:00+0200,40774.56176,MW,DE,DE_LU,actual_load,Actual Load,2026-06-11T07:22:11Z
2026-06-11T07:20:53Z,2026-06-11T09:20:53+0200,f3b72819-8f0f-4c0e-a936-e9ce989df431,2026-06-06T01:45:00Z,2026-06-06T03:45:00+0200,40670.28959,MW,DE,DE_LU,actual_load,Actual Load,2026-06-11T07:22:11Z
2026-06-11T07:20:53Z,2026-06-11T09:20:53+0200,f3b72819-8f0f-4c0e-a936-e9ce989df431,2026-06-06T02:00:00Z,2026-06-06T04:00:00+0200,40455.30821,MW,DE,DE_LU,actual_load,Actual Load,2026-06-11T07:22:11Z
2026-06-11T07:20:53Z,2026-06-11T09:20:53+0200,f3b72819-8f0f-4c0e-a936-e9ce989df431,2026-06-06T02:15:00Z,2026-06-06T04:15:00+0200,39941.185,MW,DE,DE_LU,actual_load,Actual Load,2026-06-11T07:22:11Z
2026-06-11T07:20:53Z,2026-06-11T09:20:53+0200,f3b72819-8f0f-4c0e-a936-e9ce989df431,2026-06-06T02:30:00Z,2026-06-06T04:30:00+0200,39697.30225,MW,DE,DE_LU,actual_load,Actual Load,2026-06-11T07:22:11Z
2026-06-11T07:20:53Z,2026-06-11T09:20:53+0200,f3b72819-8f0f-4c0e-a936-e9ce989df431,2026-06-06T02:45:00Z,2026-06-06T04:45:00+0200,39679.99424,MW,DE,DE_LU,actual_load,Actual Load,2026-06-11T07:22:11Z
2026-06-11T07:20:53Z,2026-06-11T09:20:53+0200,f3b72819-8f0f-4c0e-a936-e9ce989df431,2026-06-06T03:00:00Z,2026-06-06T05:00:00+0200,40019.27172,MW,DE,DE_LU,actual_load,Actual Load,2026-06-11T07:22:11Z
2026-06-11T07:20:53Z,2026-06-11T09:20:53+0200,f3b72819-8f0f-4c0e-a936-e9ce989df431,2026-06-06T03:15:00Z,2026-06-06T05:15:00+0200,40052.73306,MW,DE,DE_LU,actual_load,Actual Load,2026-06-11T07:22:11Z
2026-06-11T07:20:53Z,2026-06-11T09:20:53+0200,f3b72819-8f0f-4c0e-a936-e9ce989df431,2026-06-06T03:30:00Z,2026-06-06T05:30:00+0200,40929.85371,MW,DE,DE_LU,actual_load,Actual Load,2026-06-11T07:22:11Z
2026-06-11T07:20:53Z,2026-06-11T09:20:53+0200,f3b72819-8f0f-4c0e-a936-e9ce989df431,2026-06-06T03:45:00Z,2026-06-06T05:45:00+0200,41609.75787,MW,DE,DE_LU,actual_load,Actual Load,2026-06-11T07:22:11Z
2026-06-11T07:20:53Z,2026-06-11T09:20:53+0200,f3b72819-8f0f-4c0e-a936-e9ce989df431,2026-06-06T04:00:00Z,2026-06-06T06:00:00+0200,42245.88437,MW,DE,DE_LU,actual_load,Actual Load,2026-06-11T07:22:11Z
2026-06-11T07:20:53Z,2026-06-11T09:20:53+0200,f3b72819-8f0f-4c0e-a936-e9ce989df431,2026-06-06T04:15:00Z,2026-06-06T06:15:00+0200,43090.62162,MW,DE,DE_LU,actual_load,Actual Load,2026-06-11T07:22:11Z
2026-06-11T07:20:53Z,2026-06-11T09:20:53+0200,f3b72819-8f0f-4c0e-a936-e9ce989df431,2026-06-06T04:30:00Z,2026-06-06T06:30:00+0200,43090.86808,MW,DE,DE_LU,actual_load,Actual Load,2026-06-11T07:22:11Z
2026-06-11T07:20:53Z,2026-06-11T09:20:53+0200,f3b72819-8f0f-4c0e-a936-e9ce989df431,2026-06-06T04:45:00Z,2026-06-06T06:45:00+0200,42803.56772,MW,DE,DE_LU,actual_load,Actual Load,2026-06-11T07:22:11Z
2026-06-11T07:20:53Z,2026-06-11T09:20:53+0200,f3b72819-8f0f-4c0e-a936-e9ce989df431,2026-06-06T05:00:00Z,2026-06-06T07:00:00+0200,42594.76194,MW,DE,DE_LU,actual_load,Actual Load,2026-06-11T07:22:11Z
2026-06-11T07:20:53Z,2026-06-11T09:20:53+0200,f3b72819-8f0f-4c0e-a936-e9ce989df431,2026-06-06T05:15:00Z,2026-06-06T07:15:00+0200,43067.35913,MW,DE,DE_LU,actual_load,Actual Load,2026-06-11T07:22:11Z
2026-06-11T07:20:53Z,2026-06-11T09:20:53+0200,f3b72819-8f0f-4c0e-a936-e9ce989df431,2026-06-06T05:30:00Z,2026-06-06T07:30:00+0200,44107.37357,MW,DE,DE_LU,actual_load,Actual Load,2026-06-11T07:22:11Z
2026-06-11T07:20:53Z,2026-06-11T09:20:53+0200,f3b72819-8f0f-4c0e-a936-e9ce989df431,2026-06-06T05:45:00Z,2026-06-06T07:45:00+0200,44465.15147,MW,DE,DE_LU,actual_load,Actual Load,2026-06-11T07:22:11Z
2026-06-11T07:20:53Z,2026-06-11T09:20:53+0200,f3b72819-8f0f-4c0e-a936-e9ce989df431,2026-06-06T06:00:00Z,2026-06-06T08:00:00+0200,43672.14363,MW,DE,DE_LU,actual_load,Actual Load,2026-06-11T07:22:11Z
2026-06-11T07:20:53Z,2026-06-11T09:20:53+0200,f3b72819-8f0f-4c0e-a936-e9ce989df431,2026-06-06T06:15:00Z,2026-06-06T08:15:00+0200,44188.85996,MW,DE,DE_LU,actual_load,Actual Load,2026-06-11T07:22:11Z
2026-06-11T07:20:53Z,2026-06-11T09:20:53+0200,f3b72819-8f0f-4c0e-a936-e9ce989df431,2026-06-06T06:30:00Z,2026-06-06T08:30:00+0200,44754.46318,MW,DE,DE_LU,actual_load,Actual Load,2026-06-11T07:22:11Z
2026-06-11T07:20:53Z,2026-06-11T09:20:53+0200,f3b72819-8f0f-4c0e-a936-e9ce989df431,2026-06-06T06:45:00Z,2026-06-06T08:45:00+0200,45047.10164,MW,DE,DE_LU,actual_load,Actual Load,2026-06-11T07:22:11Z
2026-06-11T07:20:53Z,2026-06-11T09:20:53+0200,f3b72819-8f0f-4c0e-a936-e9ce989df431,2026-06-06T07:00:00Z,2026-06-06T09:00:00+0200,45038.55427,MW,DE,DE_LU,actual_load,Actual Load,2026-06-11T07:22:11Z
2026-06-11T07:20:53Z,2026-06-11T09:20:53+0200,f3b72819-8f0f-4c0e-a936-e9ce989df431,2026-06-06T07:15:00Z,2026-06-06T09:15:00+0200,45350.21566,MW,DE,DE_LU,actual_load,Actual Load,2026-06-11T07:22:11Z
2026-06-11T07:20:53Z,2026-06-11T09:20:53+0200,f3b72819-8f0f-4c0e-a936-e9ce989df431,2026-06-06T07:30:00Z,2026-06-06T09:30:00+0200,45874.12234,MW,DE,DE_LU,actual_load,Actual Load,2026-06-11T07:22:11Z
2026-06-11T07:20:53Z,2026-06-11T09:20:53+0200,f3b72819-8f0f-4c0e-a936-e9ce989df431,2026-06-06T07:45:00Z,2026-06-06T09:45:00+0200,45986.13774,MW,DE,DE_LU,actual_load,Actual Load,2026-06-11T07:22:11Z
2026-06-11T07:20:53Z,2026-06-11T09:20:53+0200,f3b72819-8f0f-4c0e-a936-e9ce989df431,2026-06-06T08:00:00Z,2026-06-06T10:00:00+0200,45063.26189,MW,DE,DE_LU,actual_load,Actual Load,2026-06-11T07:22:11Z
2026-06-11T07:20:53Z,2026-06-11T09:20:53+0200,f3b72819-8f0f-4c0e-a936-e9ce989df431,2026-06-06T08:15:00Z,2026-06-06T10:15:00+0200,45200.02989,MW,DE,DE_LU,actual_load,Actual Load,2026-06-11T07:22:11Z
2026-06-11T07:20:53Z,2026-06-11T09:20:53+0200,f3b72819-8f0f-4c0e-a936-e9ce989df431,2026-06-06T08:30:00Z,2026-06-06T10:30:00+0200,45737.54098,MW,DE,DE_LU,actual_load,Actual Load,2026-06-11T07:22:11Z
2026-06-11T07:20:53Z,2026-06-11T09:20:53+0200,f3b72819-8f0f-4c0e-a936-e9ce989df431,2026-06-06T08:45:00Z,2026-06-06T10:45:00+0200,45527.93875,MW,DE,DE_LU,actual_load,Actual Load,2026-06-11T07:22:11Z
2026-06-11T07:20:53Z,2026-06-11T09:20:53+0200,f3b72819-8f0f-4c0e-a936-e9ce989df431,2026-06-06T09:00:00Z,2026-06-06T11:00:00+0200,45256.49542,MW,DE,DE_LU,actual_load,Actual Load,2026-06-11T07:22:11Z
2026-06-11T07:20:53Z,2026-06-11T09:20:53+0200,f3b72819-8f0f-4c0e-a936-e9ce989df431,2026-06-06T09:15:00Z,2026-06-06T11:15:00+0200,45552.16685,MW,DE,DE_LU,actual_load,Actual Load,2026-06-11T07:22:11Z
2026-06-11T07:20:53Z,2026-06-11T09:20:53+0200,f3b72819-8f0f-4c0e-a936-e9ce989df431,2026-06-06T09:30:00Z,2026-06-06T11:30:00+0200,45732.79327,MW,DE,DE_LU,actual_load,Actual Load,2026-06-11T07:22:11Z
2026-06-11T07:20:53Z,2026-06-11T09:20:53+0200,f3b72819-8f0f-4c0e-a936-e9ce989df431,2026-06-06T09:45:00Z,2026-06-06T11:45:00+0200,45896.48671,MW,DE,DE_LU,actual_load,Actual Load,2026-06-11T07:22:11Z
2026-06-11T07:20:53Z,2026-06-11T09:20:53+0200,f3b72819-8f0f-4c0e-a936-e9ce989df431,2026-06-06T10:00:00Z,2026-06-06T12:00:00+0200,45834.79737,MW,DE,DE_LU,actual_load,Actual Load,2026-06-11T07:22:11Z
2026-06-11T07:20:53Z,2026-06-11T09:20:53+0200,f3b72819-8f0f-4c0e-a936-e9ce989df431,2026-06-06T10:15:00Z,2026-06-06T12:15:00+0200,45507.64769,MW,DE,DE_LU,actual_load,Actual Load,2026-06-11T07:22:11Z
2026-06-11T07:20:53Z,2026-06-11T09:20:53+0200,f3b72819-8f0f-4c0e-a936-e9ce989df431,2026-06-06T10:30:00Z,2026-06-06T12:30:00+0200,45629.80514,MW,DE,DE_LU,actual_load,Actual Load,2026-06-11T07:22:11Z
2026-06-11T07:20:53Z,2026-06-11T09:20:53+0200,f3b72819-8f0f-4c0e-a936-e9ce989df431,2026-06-06T10:45:00Z,2026-06-06T12:45:00+0200,45825.48492,MW,DE,DE_LU,actual_load,Actual Load,2026-06-11T07:22:11Z
2026-06-11T07:20:53Z,2026-06-11T09:20:53+0200,f3b72819-8f0f-4c0e-a936-e9ce989df431,2026-06-06T11:00:00Z,2026-06-06T13:00:00+0200,45171.61609,MW,DE,DE_LU,actual_load,Actual Load,2026-06-11T07:22:11Z
2026-06-11T07:20:53Z,2026-06-11T09:20:53+0200,f3b72819-8f0f-4c0e-a936-e9ce989df431,2026-06-06T11:15:00Z,2026-06-06T13:15:00+0200,44444.20366,MW,DE,DE_LU,actual_load,Actual Load,2026-06-11T07:22:11Z
2026-06-11T07:20:53Z,2026-06-11T09:20:53+0200,f3b72819-8f0f-4c0e-a936-e9ce989df431,2026-06-06T11:30:00Z,2026-06-06T13:30:00+0200,43970.0931,MW,DE,DE_LU,actual_load,Actual Load,2026-06-11T07:22:11Z
2026-06-11T07:20:53Z,2026-06-11T09:20:53+0200,f3b72819-8f0f-4c0e-a936-e9ce989df431,2026-06-06T11:45:00Z,2026-06-06T13:45:00+0200,43793.18807,MW,DE,DE_LU,actual_load,Actual Load,2026-06-11T07:22:11Z
2026-06-11T07:20:53Z,2026-06-11T09:20:53+0200,f3b72819-8f0f-4c0e-a936-e9ce989df431,2026-06-06T12:00:00Z,2026-06-06T14:00:00+0200,43721.20502,MW,DE,DE_LU,actual_load,Actual Load,2026-06-11T07:22:11Z
2026-06-11T07:20:53Z,2026-06-11T09:20:53+0200,f3b72819-8f0f-4c0e-a936-e9ce989df431,2026-06-06T12:15:00Z,2026-06-06T14:15:00+0200,42435.99506,MW,DE,DE_LU,actual_load,Actual Load,2026-06-11T07:22:11Z
2026-06-11T07:20:53Z,2026-06-11T09:20:53+0200,f3b72819-8f0f-4c0e-a936-e9ce989df431,2026-06-06T12:30:00Z,2026-06-06T14:30:00+0200,42027.75678,MW,DE,DE_LU,actual_load,Actual Load,2026-06-11T07:22:11Z
2026-06-11T07:20:53Z,2026-06-11T09:20:53+0200,f3b72819-8f0f-4c0e-a936-e9ce989df431,2026-06-06T12:45:00Z,2026-06-06T14:45:00+0200,42509.35058,MW,DE,DE_LU,actual_load,Actual Load,2026-06-11T07:22:11Z
2026-06-11T07:20:53Z,2026-06-11T09:20:53+0200,f3b72819-8f0f-4c0e-a936-e9ce989df431,2026-06-06T13:00:00Z,2026-06-06T15:00:00+0200,42725.91267,MW,DE,DE_LU,actual_load,Actual Load,2026-06-11T07:22:11Z
2026-06-11T07:20:53Z,2026-06-11T09:20:53+0200,f3b72819-8f0f-4c0e-a936-e9ce989df431,2026-06-06T13:15:00Z,2026-06-06T15:15:00+0200,41977.74848,MW,DE,DE_LU,actual_load,Actual Load,2026-06-11T07:22:11Z
2026-06-11T07:20:53Z,2026-06-11T09:20:53+0200,f3b72819-8f0f-4c0e-a936-e9ce989df431,2026-06-06T13:30:00Z,2026-06-06T15:30:00+0200,41898.5999,MW,DE,DE_LU,actual_load,Actual Load,2026-06-11T07:22:11Z
2026-06-11T07:20:53Z,2026-06-11T09:20:53+0200,f3b72819-8f0f-4c0e-a936-e9ce989df431,2026-06-06T13:45:00Z,2026-06-06T15:45:00+0200,42147.35333,MW,DE,DE_LU,actual_load,Actual Load,2026-06-11T07:22:11Z
2026-06-11T07:20:53Z,2026-06-11T09:20:53+0200,f3b72819-8f0f-4c0e-a936-e9ce989df431,2026-06-06T14:00:00Z,2026-06-06T16:00:00+0200,43064.00071,MW,DE,DE_LU,actual_load,Actual Load,2026-06-11T07:22:11Z
2026-06-11T07:20:53Z,2026-06-11T09:20:53+0200,f3b72819-8f0f-4c0e-a936-e9ce989df431,2026-06-06T14:15:00Z,2026-06-06T16:15:00+0200,43396.13777,MW,DE,DE_LU,actual_load,Actual Load,2026-06-11T07:22:11Z
2026-06-11T07:20:53Z,2026-06-11T09:20:53+0200,f3b72819-8f0f-4c0e-a936-e9ce989df431,2026-06-06T14:30:00Z,2026-06-06T16:30:00+0200,43053.45826,MW,DE,DE_LU,actual_load,Actual Load,2026-06-11T07:22:11Z
2026-06-11T07:20:53Z,2026-06-11T09:20:53+0200,f3b72819-8f0f-4c0e-a936-e9ce989df431,2026-06-06T14:45:00Z,2026-06-06T16:45:00+0200,43424.71237,MW,DE,DE_LU,actual_load,Actual Load,2026-06-11T07:22:11Z
2026-06-11T07:20:53Z,2026-06-11T09:20:53+0200,f3b72819-8f0f-4c0e-a936-e9ce989df431,2026-06-06T15:00:00Z,2026-06-06T17:00:00+0200,44186.51005,MW,DE,DE_LU,actual_load,Actual Load,2026-06-11T07:22:11Z
2026-06-11T07:20:53Z,2026-06-11T09:20:53+0200,f3b72819-8f0f-4c0e-a936-e9ce989df431,2026-06-06T15:15:00Z,2026-06-06T17:15:00+0200,44597.31121,MW,DE,DE_LU,actual_load,Actual Load,2026-06-11T07:22:11Z
2026-06-11T07:20:53Z,2026-06-11T09:20:53+0200,f3b72819-8f0f-4c0e-a936-e9ce989df431,2026-06-06T15:30:00Z,2026-06-06T17:30:00+0200,44881.97982,MW,DE,DE_LU,actual_load,Actual Load,2026-06-11T07:22:11Z
2026-06-11T07:20:53Z,2026-06-11T09:20:53+0200,f3b72819-8f0f-4c0e-a936-e9ce989df431,2026-06-06T15:45:00Z,2026-06-06T17:45:00+0200,46337.88998,MW,DE,DE_LU,actual_load,Actual Load,2026-06-11T07:22:11Z
2026-06-11T07:20:53Z,2026-06-11T09:20:53+0200,f3b72819-8f0f-4c0e-a936-e9ce989df431,2026-06-06T16:00:00Z,2026-06-06T18:00:00+0200,46712.07753,MW,DE,DE_LU,actual_load,Actual Load,2026-06-11T07:22:11Z
2026-06-11T07:20:53Z,2026-06-11T09:20:53+0200,f3b72819-8f0f-4c0e-a936-e9ce989df431,2026-06-06T16:15:00Z,2026-06-06T18:15:00+0200,47110.38961,MW,DE,DE_LU,actual_load,Actual Load,2026-06-11T07:22:11Z
2026-06-11T07:20:53Z,2026-06-11T09:20:53+0200,f3b72819-8f0f-4c0e-a936-e9ce989df431,2026-06-06T16:30:00Z,2026-06-06T18:30:00+0200,47389.64642,MW,DE,DE_LU,actual_load,Actual Load,2026-06-11T07:22:11Z
2026-06-11T07:20:53Z,2026-06-11T09:20:53+0200,f3b72819-8f0f-4c0e-a936-e9ce989df431,2026-06-06T16:45:00Z,2026-06-06T18:45:00+0200,48120.08005,MW,DE,DE_LU,actual_load,Actual Load,2026-06-11T07:22:11Z
2026-06-11T07:20:53Z,2026-06-11T09:20:53+0200,f3b72819-8f0f-4c0e-a936-e9ce989df431,2026-06-06T17:00:00Z,2026-06-06T19:00:00+0200,48194.00907,MW,DE,DE_LU,actual_load,Actual Load,2026-06-11T07:22:11Z
2026-06-11T07:20:53Z,2026-06-11T09:20:53+0200,f3b72819-8f0f-4c0e-a936-e9ce989df431,2026-06-06T17:15:00Z,2026-06-06T19:15:00+0200,48323.51441,MW,DE,DE_LU,actual_load,Actual Load,2026-06-11T07:22:11Z
2026-06-11T07:20:53Z,2026-06-11T09:20:53+0200,f3b72819-8f0f-4c0e-a936-e9ce989df431,2026-06-06T17:30:00Z,2026-06-06T19:30:00+0200,47934.02289,MW,DE,DE_LU,actual_load,Actual Load,2026-06-11T07:22:11Z
2026-06-11T07:20:53Z,2026-06-11T09:20:53+0200,f3b72819-8f0f-4c0e-a936-e9ce989df431,2026-06-06T17:45:00Z,2026-06-06T19:45:00+0200,47382.82456,MW,DE,DE_LU,actual_load,Actual Load,2026-06-11T07:22:11Z
2026-06-11T07:20:53Z,2026-06-11T09:20:53+0200,f3b72819-8f0f-4c0e-a936-e9ce989df431,2026-06-06T18:00:00Z,2026-06-06T20:00:00+0200,48302.40239,MW,DE,DE_LU,actual_load,Actual Load,2026-06-11T07:22:11Z
2026-06-11T07:20:53Z,2026-06-11T09:20:53+0200,f3b72819-8f0f-4c0e-a936-e9ce989df431,2026-06-06T18:15:00Z,2026-06-06T20:15:00+0200,47629.59412,MW,DE,DE_LU,actual_load,Actual Load,2026-06-11T07:22:11Z
2026-06-11T07:20:53Z,2026-06-11T09:20:53+0200,f3b72819-8f0f-4c0e-a936-e9ce989df431,2026-06-06T18:30:00Z,2026-06-06T20:30:00+0200,46958.29548,MW,DE,DE_LU,actual_load,Actual Load,2026-06-11T07:22:11Z
2026-06-11T07:20:53Z,2026-06-11T09:20:53+0200,f3b72819-8f0f-4c0e-a936-e9ce989df431,2026-06-06T18:45:00Z,2026-06-06T20:45:00+0200,46843.34627,MW,DE,DE_LU,actual_load,Actual Load,2026-06-11T07:22:11Z
2026-06-11T07:20:53Z,2026-06-11T09:20:53+0200,f3b72819-8f0f-4c0e-a936-e9ce989df431,2026-06-06T19:00:00Z,2026-06-06T21:00:00+0200,46445.70483,MW,DE,DE_LU,actual_load,Actual Load,2026-06-11T07:22:11Z
2026-06-11T07:20:53Z,2026-06-11T09:20:53+0200,f3b72819-8f0f-4c0e-a936-e9ce989df431,2026-06-06T19:15:00Z,2026-06-06T21:15:00+0200,46289.76329,MW,DE,DE_LU,actual_load,Actual Load,2026-06-11T07:22:11Z
2026-06-11T07:20:53Z,2026-06-11T09:20:53+0200,f3b72819-8f0f-4c0e-a936-e9ce989df431,2026-06-06T19:30:00Z,2026-06-06T21:30:00+0200,46433.57459,MW,DE,DE_LU,actual_load,Actual Load,2026-06-11T07:22:11Z
2026-06-11T07:20:53Z,2026-06-11T09:20:53+0200,f3b72819-8f0f-4c0e-a936-e9ce989df431,2026-06-06T19:45:00Z,2026-06-06T21:45:00+0200,47230.84797,MW,DE,DE_LU,actual_load,Actual Load,2026-06-11T07:22:11Z
2026-06-11T07:20:53Z,2026-06-11T09:20:53+0200,f3b72819-8f0f-4c0e-a936-e9ce989df431,2026-06-06T20:00:00Z,2026-06-06T22:00:00+0200,45596.28188,MW,DE,DE_LU,actual_load,Actual Load,2026-06-11T07:22:11Z
2026-06-11T07:20:53Z,2026-06-11T09:20:53+0200,f3b72819-8f0f-4c0e-a936-e9ce989df431,2026-06-06T20:15:00Z,2026-06-06T22:15:00+0200,44560.45439,MW,DE,DE_LU,actual_load,Actual Load,2026-06-11T07:22:11Z
2026-06-11T07:20:53Z,2026-06-11T09:20:53+0200,f3b72819-8f0f-4c0e-a936-e9ce989df431,2026-06-06T20:30:00Z,2026-06-06T22:30:00+0200,44389.59356,MW,DE,DE_LU,actual_load,Actual Load,2026-06-11T07:22:11Z
2026-06-11T07:20:53Z,2026-06-11T09:20:53+0200,f3b72819-8f0f-4c0e-a936-e9ce989df431,2026-06-06T20:45:00Z,2026-06-06T22:45:00+0200,43845.94962,MW,DE,DE_LU,actual_load,Actual Load,2026-06-11T07:22:11Z
2026-06-11T07:20:53Z,2026-06-11T09:20:53+0200,f3b72819-8f0f-4c0e-a936-e9ce989df431,2026-06-06T21:00:00Z,2026-06-06T23:00:00+0200,42314.23612,MW,DE,DE_LU,actual_load,Actual Load,2026-06-11T07:22:11Z
2026-06-11T07:20:53Z,2026-06-11T09:20:53+0200,f3b72819-8f0f-4c0e-a936-e9ce989df431,2026-06-06T21:15:00Z,2026-06-06T23:15:00+0200,41865.46423,MW,DE,DE_LU,actual_load,Actual Load,2026-06-11T07:22:11Z
2026-06-11T07:20:53Z,2026-06-11T09:20:53+0200,f3b72819-8f0f-4c0e-a936-e9ce989df431,2026-06-06T21:30:00Z,2026-06-06T23:30:00+0200,41150.67131,MW,DE,DE_LU,actual_load,Actual Load,2026-06-11T07:22:11Z
2026-06-11T07:20:53Z,2026-06-11T09:20:53+0200,f3b72819-8f0f-4c0e-a936-e9ce989df431,2026-06-06T21:45:00Z,2026-06-06T23:45:00+0200,40429.00466,MW,DE,DE_LU,actual_load,Actual Load,2026-06-11T07:22:11Z
2026-06-11T07:20:53Z,2026-06-11T09:20:53+0200,f3b72819-8f0f-4c0e-a936-e9ce989df431,2026-06-06T22:00:00Z,2026-06-07T00:00:00+0200,39468.72364,MW,DE,DE_LU,actual_load,Actual Load,2026-06-11T07:22:11Z
2026-06-11T07:20:53Z,2026-06-11T09:20:53+0200,f3b72819-8f0f-4c0e-a936-e9ce989df431,2026-06-06T22:15:00Z,2026-06-07T00:15:00+0200,39079.22441,MW,DE,DE_LU,actual_load,Actual Load,2026-06-11T07:22:11Z
2026-06-11T07:20:53Z,2026-06-11T09:20:53+0200,f3b72819-8f0f-4c0e-a936-e9ce989df431,2026-06-06T22:30:00Z,2026-06-07T00:30:00+0200,38882.3049,MW,DE,DE_LU,actual_load,Actual Load,2026-06-11T07:22:11Z
2026-06-11T07:20:53Z,2026-06-11T09:20:53+0200,f3b72819-8f0f-4c0e-a936-e9ce989df431,2026-06-06T22:45:00Z,2026-06-07T00:45:00+0200,38748.48398,MW,DE,DE_LU,actual_load,Actual Load,2026-06-11T07:22:11Z
2026-06-11T07:20:53Z,2026-06-11T09:20:53+0200,f3b72819-8f0f-4c0e-a936-e9ce989df431,2026-06-06T23:00:00Z,2026-06-07T01:00:00+0200,38588.18126,MW,DE,DE_LU,actual_load,Actual Load,2026-06-11T07:22:11Z
2026-06-11T07:20:53Z,2026-06-11T09:20:53+0200,f3b72819-8f0f-4c0e-a936-e9ce989df431,2026-06-06T23:15:00Z,2026-06-07T01:15:00+0200,38104.00413,MW,DE,DE_LU,actual_load,Actual Load,2026-06-11T07:22:11Z
2026-06-11T07:20:53Z,2026-06-11T09:20:53+0200,f3b72819-8f0f-4c0e-a936-e9ce989df431,2026-06-06T23:30:00Z,2026-06-07T01:30:00+0200,38263.41149,MW,DE,DE_LU,actual_load,Actual Load,2026-06-11T07:22:11Z
2026-06-11T07:20:53Z,2026-06-11T09:20:53+0200,f3b72819-8f0f-4c0e-a936-e9ce989df431,2026-06-06T23:45:00Z,2026-06-07T01:45:00+0200,37808.9012,MW,DE,DE_LU,actual_load,Actual Load,2026-06-11T07:22:11Z
2026-06-11T07:20:53Z,2026-06-11T09:20:53+0200,f3b72819-8f0f-4c0e-a936-e9ce989df431,2026-06-07T00:00:00Z,2026-06-07T02:00:00+0200,37731.42221,MW,DE,DE_LU,actual_load,Actual Load,2026-06-11T07:22:11Z
2026-06-11T07:20:53Z,2026-06-11T09:20:53+0200,f3b72819-8f0f-4c0e-a936-e9ce989df431,2026-06-07T00:15:00Z,2026-06-07T02:15:00+0200,37330.57335,MW,DE,DE_LU,actual_load,Actual Load,2026-06-11T07:22:11Z
2026-06-11T07:20:53Z,2026-06-11T09:20:53+0200,f3b72819-8f0f-4c0e-a936-e9ce989df431,2026-06-07T00:30:00Z,2026-06-07T02:30:00+0200,36832.71769,MW,DE,DE_LU,actual_load,Actual Load,2026-06-11T07:22:11Z
2026-06-11T07:20:53Z,2026-06-11T09:20:53+0200,f3b72819-8f0f-4c0e-a936-e9ce989df431,2026-06-07T00:45:00Z,2026-06-07T02:45:00+0200,36863.11282,MW,DE,DE_LU,actual_load,Actual Load,2026-06-11T07:22:11Z
2026-06-11T07:20:53Z,2026-06-11T09:20:53+0200,f3b72819-8f0f-4c0e-a936-e9ce989df431,2026-06-07T01:00:00Z,2026-06-07T03:00:00+0200,36589.7012,MW,DE,DE_LU,actual_load,Actual Load,2026-06-11T07:22:11Z
2026-06-11T07:20:53Z,2026-06-11T09:20:53+0200,f3b72819-8f0f-4c0e-a936-e9ce989df431,2026-06-07T01:15:00Z,2026-06-07T03:15:00+0200,36366.01795,MW,DE,DE_LU,actual_load,Actual Load,2026-06-11T07:22:11Z
2026-06-11T07:20:53Z,2026-06-11T09:20:53+0200,f3b72819-8f0f-4c0e-a936-e9ce989df431,2026-06-07T01:30:00Z,2026-06-07T03:30:00+0200,36360.00163,MW,DE,DE_LU,actual_load,Actual Load,2026-06-11T07:22:11Z
2026-06-11T07:20:53Z,2026-06-11T09:20:53+0200,f3b72819-8f0f-4c0e-a936-e9ce989df431,2026-06-07T01:45:00Z,2026-06-07T03:45:00+0200,36172.88081,MW,DE,DE_LU,actual_load,Actual Load,2026-06-11T07:22:11Z
2026-06-11T07:20:53Z,2026-06-11T09:20:53+0200,f3b72819-8f0f-4c0e-a936-e9ce989df431,2026-06-07T02:00:00Z,2026-06-07T04:00:00+0200,36661.70727,MW,DE,DE_LU,actual_load,Actual Load,2026-06-11T07:22:11Z
2026-06-11T07:20:53Z,2026-06-11T09:20:53+0200,f3b72819-8f0f-4c0e-a936-e9ce989df431,2026-06-07T02:15:00Z,2026-06-07T04:15:00+0200,36700.93836,MW,DE,DE_LU,actual_load,Actual Load,2026-06-11T07:22:11Z
2026-06-11T07:20:53Z,2026-06-11T09:20:53+0200,f3b72819-8f0f-4c0e-a936-e9ce989df431,2026-06-07T02:30:00Z,2026-06-07T04:30:00+0200,36782.68754,MW,DE,DE_LU,actual_load,Actual Load,2026-06-11T07:22:11Z
2026-06-11T07:20:53Z,2026-06-11T09:20:53+0200,f3b72819-8f0f-4c0e-a936-e9ce989df431,2026-06-07T02:45:00Z,2026-06-07T04:45:00+0200,36792.25999,MW,DE,DE_LU,actual_load,Actual Load,2026-06-11T07:22:11Z
2026-06-11T07:20:53Z,2026-06-11T09:20:53+0200,f3b72819-8f0f-4c0e-a936-e9ce989df431,2026-06-07T03:00:00Z,2026-06-07T05:00:00+0200,37237.72962,MW,DE,DE_LU,actual_load,Actual Load,2026-06-11T07:22:11Z
2026-06-11T07:20:53Z,2026-06-11T09:20:53+0200,f3b72819-8f0f-4c0e-a936-e9ce989df431,2026-06-07T03:15:00Z,2026-06-07T05:15:00+0200,37262.75604,MW,DE,DE_LU,actual_load,Actual Load,2026-06-11T07:22:11Z
2026-06-11T07:20:53Z,2026-06-11T09:20:53+0200,f3b72819-8f0f-4c0e-a936-e9ce989df431,2026-06-07T03:30:00Z,2026-06-07T05:30:00+0200,37442.94595,MW,DE,DE_LU,actual_load,Actual Load,2026-06-11T07:22:11Z
2026-06-11T07:20:53Z,2026-06-11T09:20:53+0200,f3b72819-8f0f-4c0e-a936-e9ce989df431,2026-06-07T03:45:00Z,2026-06-07T05:45:00+0200,37084.60041,MW,DE,DE_LU,actual_load,Actual Load,2026-06-11T07:22:11Z
2026-06-11T07:20:53Z,2026-06-11T09:20:53+0200,f3b72819-8f0f-4c0e-a936-e9ce989df431,2026-06-07T04:00:00Z,2026-06-07T06:00:00+0200,37103.03883,MW,DE,DE_LU,actual_load,Actual Load,2026-06-11T07:22:11Z
2026-06-11T07:20:53Z,2026-06-11T09:20:53+0200,f3b72819-8f0f-4c0e-a936-e9ce989df431,2026-06-07T04:15:00Z,2026-06-07T06:15:00+0200,37296.38437,MW,DE,DE_LU,actual_load,Actual Load,2026-06-11T07:22:11Z
2026-06-11T07:20:53Z,2026-06-11T09:20:53+0200,f3b72819-8f0f-4c0e-a936-e9ce989df431,2026-06-07T04:30:00Z,2026-06-07T06:30:00+0200,37348.14113,MW,DE,DE_LU,actual_load,Actual Load,2026-06-11T07:22:11Z
2026-06-11T07:20:53Z,2026-06-11T09:20:53+0200,f3b72819-8f0f-4c0e-a936-e9ce989df431,2026-06-07T04:45:00Z,2026-06-07T06:45:00+0200,37274.6046,MW,DE,DE_LU,actual_load,Actual Load,2026-06-11T07:22:11Z
2026-06-11T07:20:53Z,2026-06-11T09:20:53+0200,f3b72819-8f0f-4c0e-a936-e9ce989df431,2026-06-07T05:00:00Z,2026-06-07T07:00:00+0200,37526.89064,MW,DE,DE_LU,actual_load,Actual Load,2026-06-11T07:22:11Z
2026-06-11T07:20:53Z,2026-06-11T09:20:53+0200,f3b72819-8f0f-4c0e-a936-e9ce989df431,2026-06-07T05:15:00Z,2026-06-07T07:15:00+0200,38031.69186,MW,DE,DE_LU,actual_load,Actual Load,2026-06-11T07:22:11Z
2026-06-11T07:20:53Z,2026-06-11T09:20:53+0200,f3b72819-8f0f-4c0e-a936-e9ce989df431,2026-06-07T05:30:00Z,2026-06-07T07:30:00+0200,38164.65119,MW,DE,DE_LU,actual_load,Actual Load,2026-06-11T07:22:11Z
2026-06-11T07:20:53Z,2026-06-11T09:20:53+0200,f3b72819-8f0f-4c0e-a936-e9ce989df431,2026-06-07T05:45:00Z,2026-06-07T07:45:00+0200,39282.34215,MW,DE,DE_LU,actual_load,Actual Load,2026-06-11T07:22:11Z
2026-06-11T07:20:53Z,2026-06-11T09:20:53+0200,f3b72819-8f0f-4c0e-a936-e9ce989df431,2026-06-07T06:00:00Z,2026-06-07T08:00:00+0200,40628.61032,MW,DE,DE_LU,actual_load,Actual Load,2026-06-11T07:22:11Z
2026-06-11T07:20:53Z,2026-06-11T09:20:53+0200,f3b72819-8f0f-4c0e-a936-e9ce989df431,2026-06-07T06:15:00Z,2026-06-07T08:15:00+0200,40818.87996,MW,DE,DE_LU,actual_load,Actual Load,2026-06-11T07:22:11Z
2026-06-11T07:20:53Z,2026-06-11T09:20:53+0200,f3b72819-8f0f-4c0e-a936-e9ce989df431,2026-06-07T06:30:00Z,2026-06-07T08:30:00+0200,41369.37313,MW,DE,DE_LU,actual_load,Actual Load,2026-06-11T07:22:11Z
2026-06-11T07:20:53Z,2026-06-11T09:20:53+0200,f3b72819-8f0f-4c0e-a936-e9ce989df431,2026-06-07T06:45:00Z,2026-06-07T08:45:00+0200,41692.54519,MW,DE,DE_LU,actual_load,Actual Load,2026-06-11T07:22:11Z
2026-06-11T07:20:53Z,2026-06-11T09:20:53+0200,f3b72819-8f0f-4c0e-a936-e9ce989df431,2026-06-07T07:00:00Z,2026-06-07T09:00:00+0200,41872.46147,MW,DE,DE_LU,actual_load,Actual Load,2026-06-11T07:22:11Z
2026-06-11T07:20:53Z,2026-06-11T09:20:53+0200,f3b72819-8f0f-4c0e-a936-e9ce989df431,2026-06-07T07:15:00Z,2026-06-07T09:15:00+0200,42382.18911,MW,DE,DE_LU,actual_load,Actual Load,2026-06-11T07:22:11Z
2026-06-11T07:20:53Z,2026-06-11T09:20:53+0200,f3b72819-8f0f-4c0e-a936-e9ce989df431,2026-06-07T07:30:00Z,2026-06-07T09:30:00+0200,42693.69287,MW,DE,DE_LU,actual_load,Actual Load,2026-06-11T07:22:11Z
2026-06-11T07:20:53Z,2026-06-11T09:20:53+0200,f3b72819-8f0f-4c0e-a936-e9ce989df431,2026-06-07T07:45:00Z,2026-06-07T09:45:00+0200,43008.69483,MW,DE,DE_LU,actual_load,Actual Load,2026-06-11T07:22:11Z
2026-06-11T07:20:53Z,2026-06-11T09:20:53+0200,f3b72819-8f0f-4c0e-a936-e9ce989df431,2026-06-07T08:00:00Z,2026-06-07T10:00:00+0200,43267.61651,MW,DE,DE_LU,actual_load,Actual Load,2026-06-11T07:22:11Z
2026-06-11T07:20:53Z,2026-06-11T09:20:53+0200,f3b72819-8f0f-4c0e-a936-e9ce989df431,2026-06-07T08:15:00Z,2026-06-07T10:15:00+0200,44266.06024,MW,DE,DE_LU,actual_load,Actual Load,2026-06-11T07:22:11Z
2026-06-11T07:20:53Z,2026-06-11T09:20:53+0200,f3b72819-8f0f-4c0e-a936-e9ce989df431,2026-06-07T08:30:00Z,2026-06-07T10:30:00+0200,44396.42604,MW,DE,DE_LU,actual_load,Actual Load,2026-06-11T07:22:11Z
2026-06-11T07:20:53Z,2026-06-11T09:20:53+0200,f3b72819-8f0f-4c0e-a936-e9ce989df431,2026-06-07T08:45:00Z,2026-06-07T10:45:00+0200,44531.08075,MW,DE,DE_LU,actual_load,Actual Load,2026-06-11T07:22:11Z
2026-06-11T07:20:53Z,2026-06-11T09:20:53+0200,f3b72819-8f0f-4c0e-a936-e9ce989df431,2026-06-07T09:00:00Z,2026-06-07T11:00:00+0200,43910.36978,MW,DE,DE_LU,actual_load,Actual Load,2026-06-11T07:22:11Z
2026-06-11T07:20:53Z,2026-06-11T09:20:53+0200,f3b72819-8f0f-4c0e-a936-e9ce989df431,2026-06-07T09:15:00Z,2026-06-07T11:15:00+0200,44097.04311,MW,DE,DE_LU,actual_load,Actual Load,2026-06-11T07:22:11Z
2026-06-11T07:20:53Z,2026-06-11T09:20:53+0200,f3b72819-8f0f-4c0e-a936-e9ce989df431,2026-06-07T09:30:00Z,2026-06-07T11:30:00+0200,44706.76923,MW,DE,DE_LU,actual_load,Actual Load,2026-06-11T07:22:11Z
2026-06-11T07:20:53Z,2026-06-11T09:20:53+0200,f3b72819-8f0f-4c0e-a936-e9ce989df431,2026-06-07T09:45:00Z,2026-06-07T11:45:00+0200,44507.12452,MW,DE,DE_LU,actual_load,Actual Load,2026-06-11T07:22:11Z
2026-06-11T07:20:53Z,2026-06-11T09:20:53+0200,f3b72819-8f0f-4c0e-a936-e9ce989df431,2026-06-07T10:00:00Z,2026-06-07T12:00:00+0200,44671.74498,MW,DE,DE_LU,actual_load,Actual Load,2026-06-11T07:22:11Z
2026-06-11T07:20:53Z,2026-06-11T09:20:53+0200,f3b72819-8f0f-4c0e-a936-e9ce989df431,2026-06-07T10:15:00Z,2026-06-07T12:15:00+0200,44562.69753,MW,DE,DE_LU,actual_load,Actual Load,2026-06-11T07:22:11Z
2026-06-11T07:20:53Z,2026-06-11T09:20:53+0200,f3b72819-8f0f-4c0e-a936-e9ce989df431,2026-06-07T10:30:00Z,2026-06-07T12:30:00+0200,44204.4962,MW,DE,DE_LU,actual_load,Actual Load,2026-06-11T07:22:11Z
2026-06-11T07:20:53Z,2026-06-11T09:20:53+0200,f3b72819-8f0f-4c0e-a936-e9ce989df431,2026-06-07T10:45:00Z,2026-06-07T12:45:00+0200,43606.60888,MW,DE,DE_LU,actual_load,Actual Load,2026-06-11T07:22:11Z
2026-06-11T07:20:53Z,2026-06-11T09:20:53+0200,f3b72819-8f0f-4c0e-a936-e9ce989df431,2026-06-07T11:00:00Z,2026-06-07T13:00:00+0200,43250.50491,MW,DE,DE_LU,actual_load,Actual Load,2026-06-11T07:22:11Z
2026-06-11T07:20:53Z,2026-06-11T09:20:53+0200,f3b72819-8f0f-4c0e-a936-e9ce989df431,2026-06-07T11:15:00Z,2026-06-07T13:15:00+0200,43762.64811,MW,DE,DE_LU,actual_load,Actual Load,2026-06-11T07:22:11Z
2026-06-11T07:20:53Z,2026-06-11T09:20:53+0200,f3b72819-8f0f-4c0e-a936-e9ce989df431,2026-06-07T11:30:00Z,2026-06-07T13:30:00+0200,42565.73356,MW,DE,DE_LU,actual_load,Actual Load,2026-06-11T07:22:11Z
2026-06-11T07:20:53Z,2026-06-11T09:20:53+0200,f3b72819-8f0f-4c0e-a936-e9ce989df431,2026-06-07T11:45:00Z,2026-06-07T13:45:00+0200,42417.03143,MW,DE,DE_LU,actual_load,Actual Load,2026-06-11T07:22:11Z
2026-06-11T07:20:53Z,2026-06-11T09:20:53+0200,f3b72819-8f0f-4c0e-a936-e9ce989df431,2026-06-07T12:00:00Z,2026-06-07T14:00:00+0200,42431.60201,MW,DE,DE_LU,actual_load,Actual Load,2026-06-11T07:22:11Z
2026-06-11T07:20:53Z,2026-06-11T09:20:53+0200,f3b72819-8f0f-4c0e-a936-e9ce989df431,2026-06-07T12:15:00Z,2026-06-07T14:15:00+0200,41927.50217,MW,DE,DE_LU,actual_load,Actual Load,2026-06-11T07:22:11Z
2026-06-11T07:20:53Z,2026-06-11T09:20:53+0200,f3b72819-8f0f-4c0e-a936-e9ce989df431,2026-06-07T12:30:00Z,2026-06-07T14:30:00+0200,41538.31176,MW,DE,DE_LU,actual_load,Actual Load,2026-06-11T07:22:11Z
2026-06-11T07:20:53Z,2026-06-11T09:20:53+0200,f3b72819-8f0f-4c0e-a936-e9ce989df431,2026-06-07T12:45:00Z,2026-06-07T14:45:00+0200,41366.96246,MW,DE,DE_LU,actual_load,Actual Load,2026-06-11T07:22:11Z
2026-06-11T07:20:53Z,2026-06-11T09:20:53+0200,f3b72819-8f0f-4c0e-a936-e9ce989df431,2026-06-07T13:00:00Z,2026-06-07T15:00:00+0200,41818.67793,MW,DE,DE_LU,actual_load,Actual Load,2026-06-11T07:22:11Z
2026-06-11T07:20:53Z,2026-06-11T09:20:53+0200,f3b72819-8f0f-4c0e-a936-e9ce989df431,2026-06-07T13:15:00Z,2026-06-07T15:15:00+0200,41112.09508,MW,DE,DE_LU,actual_load,Actual Load,2026-06-11T07:22:11Z
2026-06-11T07:20:53Z,2026-06-11T09:20:53+0200,f3b72819-8f0f-4c0e-a936-e9ce989df431,2026-06-07T13:30:00Z,2026-06-07T15:30:00+0200,40879.94668,MW,DE,DE_LU,actual_load,Actual Load,2026-06-11T07:22:11Z
2026-06-11T07:20:53Z,2026-06-11T09:20:53+0200,f3b72819-8f0f-4c0e-a936-e9ce989df431,2026-06-07T13:45:00Z,2026-06-07T15:45:00+0200,40334.95638,MW,DE,DE_LU,actual_load,Actual Load,2026-06-11T07:22:11Z
2026-06-11T07:20:53Z,2026-06-11T09:20:53+0200,f3b72819-8f0f-4c0e-a936-e9ce989df431,2026-06-07T14:00:00Z,2026-06-07T16:00:00+0200,41048.39931,MW,DE,DE_LU,actual_load,Actual Load,2026-06-11T07:22:11Z
2026-06-11T07:20:53Z,2026-06-11T09:20:53+0200,f3b72819-8f0f-4c0e-a936-e9ce989df431,2026-06-07T14:15:00Z,2026-06-07T16:15:00+0200,41350.04051,MW,DE,DE_LU,actual_load,Actual Load,2026-06-11T07:22:11Z
2026-06-11T07:20:53Z,2026-06-11T09:20:53+0200,f3b72819-8f0f-4c0e-a936-e9ce989df431,2026-06-07T14:30:00Z,2026-06-07T16:30:00+0200,40414.03929,MW,DE,DE_LU,actual_load,Actual Load,2026-06-11T07:22:11Z
2026-06-11T07:20:53Z,2026-06-11T09:20:53+0200,f3b72819-8f0f-4c0e-a936-e9ce989df431,2026-06-07T14:45:00Z,2026-06-07T16:45:00+0200,40801.96565,MW,DE,DE_LU,actual_load,Actual Load,2026-06-11T07:22:11Z
2026-06-11T07:20:53Z,2026-06-11T09:20:53+0200,f3b72819-8f0f-4c0e-a936-e9ce989df431,2026-06-07T15:00:00Z,2026-06-07T17:00:00+0200,41451.3061,MW,DE,DE_LU,actual_load,Actual Load,2026-06-11T07:22:11Z
2026-06-11T07:20:53Z,2026-06-11T09:20:53+0200,f3b72819-8f0f-4c0e-a936-e9ce989df431,2026-06-07T15:15:00Z,2026-06-07T17:15:00+0200,41473.90955,MW,DE,DE_LU,actual_load,Actual Load,2026-06-11T07:22:11Z
2026-06-11T07:20:53Z,2026-06-11T09:20:53+0200,f3b72819-8f0f-4c0e-a936-e9ce989df431,2026-06-07T15:30:00Z,2026-06-07T17:30:00+0200,41622.95873,MW,DE,DE_LU,actual_load,Actual Load,2026-06-11T07:22:11Z
2026-06-11T07:20:53Z,2026-06-11T09:20:53+0200,f3b72819-8f0f-4c0e-a936-e9ce989df431,2026-06-07T15:45:00Z,2026-06-07T17:45:00+0200,42365.12293,MW,DE,DE_LU,actual_load,Actual Load,2026-06-11T07:22:11Z
2026-06-11T07:20:53Z,2026-06-11T09:20:53+0200,f3b72819-8f0f-4c0e-a936-e9ce989df431,2026-06-07T16:00:00Z,2026-06-07T18:00:00+0200,43349.49459,MW,DE,DE_LU,actual_load,Actual Load,2026-06-11T07:22:11Z
2026-06-11T07:20:53Z,2026-06-11T09:20:53+0200,f3b72819-8f0f-4c0e-a936-e9ce989df431,2026-06-07T16:15:00Z,2026-06-07T18:15:00+0200,44439.05689,MW,DE,DE_LU,actual_load,Actual Load,2026-06-11T07:22:11Z
2026-06-11T07:20:53Z,2026-06-11T09:20:53+0200,f3b72819-8f0f-4c0e-a936-e9ce989df431,2026-06-07T16:30:00Z,2026-06-07T18:30:00+0200,44499.14972,MW,DE,DE_LU,actual_load,Actual Load,2026-06-11T07:22:11Z
2026-06-11T07:20:53Z,2026-06-11T09:20:53+0200,f3b72819-8f0f-4c0e-a936-e9ce989df431,2026-06-07T16:45:00Z,2026-06-07T18:45:00+0200,44826.6286,MW,DE,DE_LU,actual_load,Actual Load,2026-06-11T07:22:11Z
2026-06-11T07:20:53Z,2026-06-11T09:20:53+0200,f3b72819-8f0f-4c0e-a936-e9ce989df431,2026-06-07T17:00:00Z,2026-06-07T19:00:00+0200,45957.15842,MW,DE,DE_LU,actual_load,Actual Load,2026-06-11T07:22:11Z
2026-06-11T07:20:53Z,2026-06-11T09:20:53+0200,f3b72819-8f0f-4c0e-a936-e9ce989df431,2026-06-07T17:15:00Z,2026-06-07T19:15:00+0200,46184.15359,MW,DE,DE_LU,actual_load,Actual Load,2026-06-11T07:22:11Z
2026-06-11T07:20:53Z,2026-06-11T09:20:53+0200,f3b72819-8f0f-4c0e-a936-e9ce989df431,2026-06-07T17:30:00Z,2026-06-07T19:30:00+0200,46176.88957,MW,DE,DE_LU,actual_load,Actual Load,2026-06-11T07:22:11Z
2026-06-11T07:20:53Z,2026-06-11T09:20:53+0200,f3b72819-8f0f-4c0e-a936-e9ce989df431,2026-06-07T17:45:00Z,2026-06-07T19:45:00+0200,46661.01889,MW,DE,DE_LU,actual_load,Actual Load,2026-06-11T07:22:11Z
2026-06-11T07:20:53Z,2026-06-11T09:20:53+0200,f3b72819-8f0f-4c0e-a936-e9ce989df431,2026-06-07T18:00:00Z,2026-06-07T20:00:00+0200,47045.10166,MW,DE,DE_LU,actual_load,Actual Load,2026-06-11T07:22:11Z
2026-06-11T07:20:53Z,2026-06-11T09:20:53+0200,f3b72819-8f0f-4c0e-a936-e9ce989df431,2026-06-07T18:15:00Z,2026-06-07T20:15:00+0200,46440.64694,MW,DE,DE_LU,actual_load,Actual Load,2026-06-11T07:22:11Z
2026-06-11T07:20:53Z,2026-06-11T09:20:53+0200,f3b72819-8f0f-4c0e-a936-e9ce989df431,2026-06-07T18:30:00Z,2026-06-07T20:30:00+0200,46475.40276,MW,DE,DE_LU,actual_load,Actual Load,2026-06-11T07:22:11Z
2026-06-11T07:20:53Z,2026-06-11T09:20:53+0200,f3b72819-8f0f-4c0e-a936-e9ce989df431,2026-06-07T18:45:00Z,2026-06-07T20:45:00+0200,46596.01148,MW,DE,DE_LU,actual_load,Actual Load,2026-06-11T07:22:11Z
2026-06-11T07:20:53Z,2026-06-11T09:20:53+0200,f3b72819-8f0f-4c0e-a936-e9ce989df431,2026-06-07T19:00:00Z,2026-06-07T21:00:00+0200,46930.35783,MW,DE,DE_LU,actual_load,Actual Load,2026-06-11T07:22:11Z
2026-06-11T07:20:53Z,2026-06-11T09:20:53+0200,f3b72819-8f0f-4c0e-a936-e9ce989df431,2026-06-07T19:15:00Z,2026-06-07T21:15:00+0200,46713.50802,MW,DE,DE_LU,actual_load,Actual Load,2026-06-11T07:22:11Z
2026-06-11T07:20:53Z,2026-06-11T09:20:53+0200,f3b72819-8f0f-4c0e-a936-e9ce989df431,2026-06-07T19:30:00Z,2026-06-07T21:30:00+0200,46744.73377,MW,DE,DE_LU,actual_load,Actual Load,2026-06-11T07:22:11Z
2026-06-11T07:20:53Z,2026-06-11T09:20:53+0200,f3b72819-8f0f-4c0e-a936-e9ce989df431,2026-06-07T19:45:00Z,2026-06-07T21:45:00+0200,47226.85542,MW,DE,DE_LU,actual_load,Actual Load,2026-06-11T07:22:11Z
2026-06-11T07:20:53Z,2026-06-11T09:20:53+0200,f3b72819-8f0f-4c0e-a936-e9ce989df431,2026-06-07T20:00:00Z,2026-06-07T22:00:00+0200,46799.80408,MW,DE,DE_LU,actual_load,Actual Load,2026-06-11T07:22:11Z
2026-06-11T07:20:53Z,2026-06-11T09:20:53+0200,f3b72819-8f0f-4c0e-a936-e9ce989df431,2026-06-07T20:15:00Z,2026-06-07T22:15:00+0200,46582.0776,MW,DE,DE_LU,actual_load,Actual Load,2026-06-11T07:22:11Z
2026-06-11T07:20:53Z,2026-06-11T09:20:53+0200,f3b72819-8f0f-4c0e-a936-e9ce989df431,2026-06-07T20:30:00Z,2026-06-07T22:30:00+0200,46121.34087,MW,DE,DE_LU,actual_load,Actual Load,2026-06-11T07:22:11Z
2026-06-11T07:20:53Z,2026-06-11T09:20:53+0200,f3b72819-8f0f-4c0e-a936-e9ce989df431,2026-06-07T20:45:00Z,2026-06-07T22:45:00+0200,45279.2591,MW,DE,DE_LU,actual_load,Actual Load,2026-06-11T07:22:11Z
2026-06-11T07:20:53Z,2026-06-11T09:20:53+0200,f3b72819-8f0f-4c0e-a936-e9ce989df431,2026-06-07T21:00:00Z,2026-06-07T23:00:00+0200,44575.41405,MW,DE,DE_LU,actual_load,Actual Load,2026-06-11T07:22:11Z
2026-06-11T07:20:53Z,2026-06-11T09:20:53+0200,f3b72819-8f0f-4c0e-a936-e9ce989df431,2026-06-07T21:15:00Z,2026-06-07T23:15:00+0200,44167.63578,MW,DE,DE_LU,actual_load,Actual Load,2026-06-11T07:22:11Z
2026-06-11T07:20:53Z,2026-06-11T09:20:53+0200,f3b72819-8f0f-4c0e-a936-e9ce989df431,2026-06-07T21:30:00Z,2026-06-07T23:30:00+0200,43679.64776,MW,DE,DE_LU,actual_load,Actual Load,2026-06-11T07:22:11Z
2026-06-11T07:20:53Z,2026-06-11T09:20:53+0200,f3b72819-8f0f-4c0e-a936-e9ce989df431,2026-06-07T21:45:00Z,2026-06-07T23:45:00+0200,43252.4151,MW,DE,DE_LU,actual_load,Actual Load,2026-06-11T07:22:11Z
2026-06-11T07:20:53Z,2026-06-11T09:20:53+0200,f3b72819-8f0f-4c0e-a936-e9ce989df431,2026-06-07T22:00:00Z,2026-06-08T00:00:00+0200,43079.92767,MW,DE,DE_LU,actual_load,Actual Load,2026-06-11T07:22:11Z
2026-06-11T07:20:53Z,2026-06-11T09:20:53+0200,f3b72819-8f0f-4c0e-a936-e9ce989df431,2026-06-07T22:15:00Z,2026-06-08T00:15:00+0200,43595.15322,MW,DE,DE_LU,actual_load,Actual Load,2026-06-11T07:22:11Z
2026-06-11T07:20:53Z,2026-06-11T09:20:53+0200,f3b72819-8f0f-4c0e-a936-e9ce989df431,2026-06-07T22:30:00Z,2026-06-08T00:30:00+0200,43422.05444,MW,DE,DE_LU,actual_load,Actual Load,2026-06-11T07:22:11Z
2026-06-11T07:20:53Z,2026-06-11T09:20:53+0200,f3b72819-8f0f-4c0e-a936-e9ce989df431,2026-06-07T22:45:00Z,2026-06-08T00:45:00+0200,43096.52797,MW,DE,DE_LU,actual_load,Actual Load,2026-06-11T07:22:11Z
2026-06-11T07:20:53Z,2026-06-11T09:20:53+0200,f3b72819-8f0f-4c0e-a936-e9ce989df431,2026-06-07T23:00:00Z,2026-06-08T01:00:00+0200,42797.98568,MW,DE,DE_LU,actual_load,Actual Load,2026-06-11T07:22:11Z
2026-06-11T07:20:53Z,2026-06-11T09:20:53+0200,f3b72819-8f0f-4c0e-a936-e9ce989df431,2026-06-07T23:15:00Z,2026-06-08T01:15:00+0200,42398.77139,MW,DE,DE_LU,actual_load,Actual Load,2026-06-11T07:22:11Z
2026-06-11T07:20:53Z,2026-06-11T09:20:53+0200,f3b72819-8f0f-4c0e-a936-e9ce989df431,2026-06-07T23:30:00Z,2026-06-08T01:30:00+0200,42184.62425,MW,DE,DE_LU,actual_load,Actual Load,2026-06-11T07:22:11Z
2026-06-11T07:20:53Z,2026-06-11T09:20:53+0200,f3b72819-8f0f-4c0e-a936-e9ce989df431,2026-06-07T23:45:00Z,2026-06-08T01:45:00+0200,42082.14969,MW,DE,DE_LU,actual_load,Actual Load,2026-06-11T07:22:11Z
2026-06-11T07:20:53Z,2026-06-11T09:20:53+0200,f3b72819-8f0f-4c0e-a936-e9ce989df431,2026-06-08T00:00:00Z,2026-06-08T02:00:00+0200,41635.32002,MW,DE,DE_LU,actual_load,Actual Load,2026-06-11T07:22:11Z
2026-06-11T07:20:53Z,2026-06-11T09:20:53+0200,f3b72819-8f0f-4c0e-a936-e9ce989df431,2026-06-08T00:15:00Z,2026-06-08T02:15:00+0200,41525.5507,MW,DE,DE_LU,actual_load,Actual Load,2026-06-11T07:22:11Z
2026-06-11T07:20:53Z,2026-06-11T09:20:53+0200,f3b72819-8f0f-4c0e-a936-e9ce989df431,2026-06-08T00:30:00Z,2026-06-08T02:30:00+0200,41562.49371,MW,DE,DE_LU,actual_load,Actual Load,2026-06-11T07:22:11Z
2026-06-11T07:20:53Z,2026-06-11T09:20:53+0200,f3b72819-8f0f-4c0e-a936-e9ce989df431,2026-06-08T00:45:00Z,2026-06-08T02:45:00+0200,41770.12634,MW,DE,DE_LU,actual_load,Actual Load,2026-06-11T07:22:11Z
2026-06-11T07:20:53Z,2026-06-11T09:20:53+0200,f3b72819-8f0f-4c0e-a936-e9ce989df431,2026-06-08T01:00:00Z,2026-06-08T03:00:00+0200,41637.64315,MW,DE,DE_LU,actual_load,Actual Load,2026-06-11T07:22:11Z
2026-06-11T07:20:53Z,2026-06-11T09:20:53+0200,f3b72819-8f0f-4c0e-a936-e9ce989df431,2026-06-08T01:15:00Z,2026-06-08T03:15:00+0200,41674.38735,MW,DE,DE_LU,actual_load,Actual Load,2026-06-11T07:22:11Z
2026-06-11T07:20:53Z,2026-06-11T09:20:53+0200,f3b72819-8f0f-4c0e-a936-e9ce989df431,2026-06-08T01:30:00Z,2026-06-08T03:30:00+0200,41671.68254,MW,DE,DE_LU,actual_load,Actual Load,2026-06-11T07:22:11Z
2026-06-11T07:20:53Z,2026-06-11T09:20:53+0200,f3b72819-8f0f-4c0e-a936-e9ce989df431,2026-06-08T01:45:00Z,2026-06-08T03:45:00+0200,41962.08599,MW,DE,DE_LU,actual_load,Actual Load,2026-06-11T07:22:11Z
2026-06-11T07:20:53Z,2026-06-11T09:20:53+0200,f3b72819-8f0f-4c0e-a936-e9ce989df431,2026-06-08T02:00:00Z,2026-06-08T04:00:00+0200,42223.29944,MW,DE,DE_LU,actual_load,Actual Load,2026-06-11T07:22:11Z
2026-06-11T07:20:53Z,2026-06-11T09:20:53+0200,f3b72819-8f0f-4c0e-a936-e9ce989df431,2026-06-08T02:15:00Z,2026-06-08T04:15:00+0200,42412.85006,MW,DE,DE_LU,actual_load,Actual Load,2026-06-11T07:22:11Z
2026-06-11T07:20:53Z,2026-06-11T09:20:53+0200,f3b72819-8f0f-4c0e-a936-e9ce989df431,2026-06-08T02:30:00Z,2026-06-08T04:30:00+0200,42928.13978,MW,DE,DE_LU,actual_load,Actual Load,2026-06-11T07:22:11Z
2026-06-11T07:20:53Z,2026-06-11T09:20:53+0200,f3b72819-8f0f-4c0e-a936-e9ce989df431,2026-06-08T02:45:00Z,2026-06-08T04:45:00+0200,43259.5718,MW,DE,DE_LU,actual_load,Actual Load,2026-06-11T07:22:11Z
2026-06-11T07:20:53Z,2026-06-11T09:20:53+0200,f3b72819-8f0f-4c0e-a936-e9ce989df431,2026-06-08T03:00:00Z,2026-06-08T05:00:00+0200,43939.65787,MW,DE,DE_LU,actual_load,Actual Load,2026-06-11T07:22:11Z
2026-06-11T07:20:53Z,2026-06-11T09:20:53+0200,f3b72819-8f0f-4c0e-a936-e9ce989df431,2026-06-08T03:15:00Z,2026-06-08T05:15:00+0200,44034.61014,MW,DE,DE_LU,actual_load,Actual Load,2026-06-11T07:22:11Z
2026-06-11T07:20:53Z,2026-06-11T09:20:53+0200,f3b72819-8f0f-4c0e-a936-e9ce989df431,2026-06-08T03:30:00Z,2026-06-08T05:30:00+0200,45486.76022,MW,DE,DE_LU,actual_load,Actual Load,2026-06-11T07:22:11Z
2026-06-11T07:20:53Z,2026-06-11T09:20:53+0200,f3b72819-8f0f-4c0e-a936-e9ce989df431,2026-06-08T03:45:00Z,2026-06-08T05:45:00+0200,47262.65767,MW,DE,DE_LU,actual_load,Actual Load,2026-06-11T07:22:11Z
2026-06-11T07:20:53Z,2026-06-11T09:20:53+0200,f3b72819-8f0f-4c0e-a936-e9ce989df431,2026-06-08T04:00:00Z,2026-06-08T06:00:00+0200,49634.39577,MW,DE,DE_LU,actual_load,Actual Load,2026-06-11T07:22:11Z
2026-06-11T07:20:53Z,2026-06-11T09:20:53+0200,f3b72819-8f0f-4c0e-a936-e9ce989df431,2026-06-08T04:15:00Z,2026-06-08T06:15:00+0200,51880.10705,MW,DE,DE_LU,actual_load,Actual Load,2026-06-11T07:22:11Z
2026-06-11T07:20:53Z,2026-06-11T09:20:53+0200,f3b72819-8f0f-4c0e-a936-e9ce989df431,2026-06-08T04:30:00Z,2026-06-08T06:30:00+0200,53089.21439,MW,DE,DE_LU,actual_load,Actual Load,2026-06-11T07:22:11Z
2026-06-11T07:20:53Z,2026-06-11T09:20:53+0200,f3b72819-8f0f-4c0e-a936-e9ce989df431,2026-06-08T04:45:00Z,2026-06-08T06:45:00+0200,54107.10287,MW,DE,DE_LU,actual_load,Actual Load,2026-06-11T07:22:11Z
2026-06-11T07:20:53Z,2026-06-11T09:20:53+0200,f3b72819-8f0f-4c0e-a936-e9ce989df431,2026-06-08T05:00:00Z,2026-06-08T07:00:00+0200,54200.38177,MW,DE,DE_LU,actual_load,Actual Load,2026-06-11T07:22:11Z
2026-06-11T07:20:53Z,2026-06-11T09:20:53+0200,f3b72819-8f0f-4c0e-a936-e9ce989df431,2026-06-08T05:15:00Z,2026-06-08T07:15:00+0200,55428.98447,MW,DE,DE_LU,actual_load,Actual Load,2026-06-11T07:22:11Z
2026-06-11T07:20:53Z,2026-06-11T09:20:53+0200,f3b72819-8f0f-4c0e-a936-e9ce989df431,2026-06-08T05:30:00Z,2026-06-08T07:30:00+0200,56684.8287,MW,DE,DE_LU,actual_load,Actual Load,2026-06-11T07:22:11Z
2026-06-11T07:20:53Z,2026-06-11T09:20:53+0200,f3b72819-8f0f-4c0e-a936-e9ce989df431,2026-06-08T05:45:00Z,2026-06-08T07:45:00+0200,57573.89143,MW,DE,DE_LU,actual_load,Actual Load,2026-06-11T07:22:11Z
2026-06-11T07:20:53Z,2026-06-11T09:20:53+0200,f3b72819-8f0f-4c0e-a936-e9ce989df431,2026-06-08T06:00:00Z,2026-06-08T08:00:00+0200,57929.4528,MW,DE,DE_LU,actual_load,Actual Load,2026-06-11T07:22:11Z
2026-06-11T07:20:53Z,2026-06-11T09:20:53+0200,f3b72819-8f0f-4c0e-a936-e9ce989df431,2026-06-08T06:15:00Z,2026-06-08T08:15:00+0200,58305.80192,MW,DE,DE_LU,actual_load,Actual Load,2026-06-11T07:22:11Z
2026-06-11T07:20:53Z,2026-06-11T09:20:53+0200,f3b72819-8f0f-4c0e-a936-e9ce989df431,2026-06-08T06:30:00Z,2026-06-08T08:30:00+0200,59566.82985,MW,DE,DE_LU,actual_load,Actual Load,2026-06-11T07:22:11Z
2026-06-11T07:20:53Z,2026-06-11T09:20:53+0200,f3b72819-8f0f-4c0e-a936-e9ce989df431,2026-06-08T06:45:00Z,2026-06-08T08:45:00+0200,59098.96521,MW,DE,DE_LU,actual_load,Actual Load,2026-06-11T07:22:11Z
2026-06-11T07:20:53Z,2026-06-11T09:20:53+0200,f3b72819-8f0f-4c0e-a936-e9ce989df431,2026-06-08T07:00:00Z,2026-06-08T09:00:00+0200,58088.28404,MW,DE,DE_LU,actual_load,Actual Load,2026-06-11T07:22:11Z
2026-06-11T07:20:53Z,2026-06-11T09:20:53+0200,f3b72819-8f0f-4c0e-a936-e9ce989df431,2026-06-08T07:15:00Z,2026-06-08T09:15:00+0200,57893.2251,MW,DE,DE_LU,actual_load,Actual Load,2026-06-11T07:22:11Z
2026-06-11T07:20:53Z,2026-06-11T09:20:53+0200,f3b72819-8f0f-4c0e-a936-e9ce989df431,2026-06-08T07:30:00Z,2026-06-08T09:30:00+0200,57239.14287,MW,DE,DE_LU,actual_load,Actual Load,2026-06-11T07:22:11Z
2026-06-11T07:20:53Z,2026-06-11T09:20:53+0200,f3b72819-8f0f-4c0e-a936-e9ce989df431,2026-06-08T07:45:00Z,2026-06-08T09:45:00+0200,57779.34735,MW,DE,DE_LU,actual_load,Actual Load,2026-06-11T07:22:11Z
2026-06-11T07:20:53Z,2026-06-11T09:20:53+0200,f3b72819-8f0f-4c0e-a936-e9ce989df431,2026-06-08T08:00:00Z,2026-06-08T10:00:00+0200,57360.1066,MW,DE,DE_LU,actual_load,Actual Load,2026-06-11T07:22:11Z
2026-06-11T07:20:53Z,2026-06-11T09:20:53+0200,f3b72819-8f0f-4c0e-a936-e9ce989df431,2026-06-08T08:15:00Z,2026-06-08T10:15:00+0200,57207.92452,MW,DE,DE_LU,actual_load,Actual Load,2026-06-11T07:22:11Z
2026-06-11T07:20:53Z,2026-06-11T09:20:53+0200,f3b72819-8f0f-4c0e-a936-e9ce989df431,2026-06-08T08:30:00Z,2026-06-08T10:30:00+0200,58006.41673,MW,DE,DE_LU,actual_load,Actual Load,2026-06-11T07:22:11Z
2026-06-11T07:20:53Z,2026-06-11T09:20:53+0200,f3b72819-8f0f-4c0e-a936-e9ce989df431,2026-06-08T08:45:00Z,2026-06-08T10:45:00+0200,58541.92899,MW,DE,DE_LU,actual_load,Actual Load,2026-06-11T07:22:11Z
2026-06-11T07:20:53Z,2026-06-11T09:20:53+0200,f3b72819-8f0f-4c0e-a936-e9ce989df431,2026-06-08T09:00:00Z,2026-06-08T11:00:00+0200,56770.63459,MW,DE,DE_LU,actual_load,Actual Load,2026-06-11T07:22:11Z
2026-06-11T07:20:53Z,2026-06-11T09:20:53+0200,f3b72819-8f0f-4c0e-a936-e9ce989df431,2026-06-08T09:15:00Z,2026-06-08T11:15:00+0200,56652.95208,MW,DE,DE_LU,actual_load,Actual Load,2026-06-11T07:22:11Z
2026-06-11T07:20:53Z,2026-06-11T09:20:53+0200,f3b72819-8f0f-4c0e-a936-e9ce989df431,2026-06-08T09:30:00Z,2026-06-08T11:30:00+0200,58220.64048,MW,DE,DE_LU,actual_load,Actual Load,2026-06-11T07:22:11Z
2026-06-11T07:20:53Z,2026-06-11T09:20:53+0200,f3b72819-8f0f-4c0e-a936-e9ce989df431,2026-06-08T09:45:00Z,2026-06-08T11:45:00+0200,58713.28536,MW,DE,DE_LU,actual_load,Actual Load,2026-06-11T07:22:11Z
2026-06-11T07:20:53Z,2026-06-11T09:20:53+0200,f3b72819-8f0f-4c0e-a936-e9ce989df431,2026-06-08T10:00:00Z,2026-06-08T12:00:00+0200,55543.58123,MW,DE,DE_LU,actual_load,Actual Load,2026-06-11T07:22:11Z
2026-06-11T07:20:53Z,2026-06-11T09:20:53+0200,f3b72819-8f0f-4c0e-a936-e9ce989df431,2026-06-08T10:15:00Z,2026-06-08T12:15:00+0200,55565.81314,MW,DE,DE_LU,actual_load,Actual Load,2026-06-11T07:22:11Z
2026-06-11T07:20:53Z,2026-06-11T09:20:53+0200,f3b72819-8f0f-4c0e-a936-e9ce989df431,2026-06-08T10:30:00Z,2026-06-08T12:30:00+0200,57173.38563,MW,DE,DE_LU,actual_load,Actual Load,2026-06-11T07:22:11Z
2026-06-11T07:20:53Z,2026-06-11T09:20:53+0200,f3b72819-8f0f-4c0e-a936-e9ce989df431,2026-06-08T10:45:00Z,2026-06-08T12:45:00+0200,56802.96102,MW,DE,DE_LU,actual_load,Actual Load,2026-06-11T07:22:11Z
2026-06-11T07:20:53Z,2026-06-11T09:20:53+0200,f3b72819-8f0f-4c0e-a936-e9ce989df431,2026-06-08T11:00:00Z,2026-06-08T13:00:00+0200,57650.58695,MW,DE,DE_LU,actual_load,Actual Load,2026-06-11T07:22:11Z
2026-06-11T07:20:53Z,2026-06-11T09:20:53+0200,f3b72819-8f0f-4c0e-a936-e9ce989df431,2026-06-08T11:15:00Z,2026-06-08T13:15:00+0200,57983.81931,MW,DE,DE_LU,actual_load,Actual Load,2026-06-11T07:22:11Z
2026-06-11T07:20:53Z,2026-06-11T09:20:53+0200,f3b72819-8f0f-4c0e-a936-e9ce989df431,2026-06-08T11:30:00Z,2026-06-08T13:30:00+0200,57220.81401,MW,DE,DE_LU,actual_load,Actual Load,2026-06-11T07:22:11Z
2026-06-11T07:20:53Z,2026-06-11T09:20:53+0200,f3b72819-8f0f-4c0e-a936-e9ce989df431,2026-06-08T11:45:00Z,2026-06-08T13:45:00+0200,56256.92754,MW,DE,DE_LU,actual_load,Actual Load,2026-06-11T07:22:11Z
2026-06-11T07:20:53Z,2026-06-11T09:20:53+0200,f3b72819-8f0f-4c0e-a936-e9ce989df431,2026-06-08T12:00:00Z,2026-06-08T14:00:00+0200,56153.72022,MW,DE,DE_LU,actual_load,Actual Load,2026-06-11T07:22:11Z
2026-06-11T07:20:53Z,2026-06-11T09:20:53+0200,f3b72819-8f0f-4c0e-a936-e9ce989df431,2026-06-08T12:15:00Z,2026-06-08T14:15:00+0200,57106.97986,MW,DE,DE_LU,actual_load,Actual Load,2026-06-11T07:22:11Z
2026-06-11T07:20:53Z,2026-06-11T09:20:53+0200,f3b72819-8f0f-4c0e-a936-e9ce989df431,2026-06-08T12:30:00Z,2026-06-08T14:30:00+0200,56568.20891,MW,DE,DE_LU,actual_load,Actual Load,2026-06-11T07:22:11Z
2026-06-11T07:20:53Z,2026-06-11T09:20:53+0200,f3b72819-8f0f-4c0e-a936-e9ce989df431,2026-06-08T12:45:00Z,2026-06-08T14:45:00+0200,56807.30951,MW,DE,DE_LU,actual_load,Actual Load,2026-06-11T07:22:11Z
2026-06-11T07:20:53Z,2026-06-11T09:20:53+0200,f3b72819-8f0f-4c0e-a936-e9ce989df431,2026-06-08T13:00:00Z,2026-06-08T15:00:00+0200,57371.51156,MW,DE,DE_LU,actual_load,Actual Load,2026-06-11T07:22:11Z
2026-06-11T07:20:53Z,2026-06-11T09:20:53+0200,f3b72819-8f0f-4c0e-a936-e9ce989df431,2026-06-08T13:15:00Z,2026-06-08T15:15:00+0200,57229.04903,MW,DE,DE_LU,actual_load,Actual Load,2026-06-11T07:22:11Z
2026-06-11T07:20:53Z,2026-06-11T09:20:53+0200,f3b72819-8f0f-4c0e-a936-e9ce989df431,2026-06-08T13:30:00Z,2026-06-08T15:30:00+0200,56955.70878,MW,DE,DE_LU,actual_load,Actual Load,2026-06-11T07:22:11Z
2026-06-11T07:20:53Z,2026-06-11T09:20:53+0200,f3b72819-8f0f-4c0e-a936-e9ce989df431,2026-06-08T13:45:00Z,2026-06-08T15:45:00+0200,56499.74111,MW,DE,DE_LU,actual_load,Actual Load,2026-06-11T07:22:11Z
2026-06-11T07:20:53Z,2026-06-11T09:20:53+0200,f3b72819-8f0f-4c0e-a936-e9ce989df431,2026-06-08T14:00:00Z,2026-06-08T16:00:00+0200,57157.0303,MW,DE,DE_LU,actual_load,Actual Load,2026-06-11T07:22:11Z
2026-06-11T07:20:53Z,2026-06-11T09:20:53+0200,f3b72819-8f0f-4c0e-a936-e9ce989df431,2026-06-08T14:15:00Z,2026-06-08T16:15:00+0200,56642.45045,MW,DE,DE_LU,actual_load,Actual Load,2026-06-11T07:22:11Z
2026-06-11T07:20:53Z,2026-06-11T09:20:53+0200,f3b72819-8f0f-4c0e-a936-e9ce989df431,2026-06-08T14:30:00Z,2026-06-08T16:30:00+0200,56582.26577,MW,DE,DE_LU,actual_load,Actual Load,2026-06-11T07:22:11Z
2026-06-11T07:20:53Z,2026-06-11T09:20:53+0200,f3b72819-8f0f-4c0e-a936-e9ce989df431,2026-06-08T14:45:00Z,2026-06-08T16:45:00+0200,56425.93531,MW,DE,DE_LU,actual_load,Actual Load,2026-06-11T07:22:11Z
2026-06-11T07:20:53Z,2026-06-11T09:20:53+0200,f3b72819-8f0f-4c0e-a936-e9ce989df431,2026-06-08T15:00:00Z,2026-06-08T17:00:00+0200,55986.30892,MW,DE,DE_LU,actual_load,Actual Load,2026-06-11T07:22:11Z
2026-06-11T07:20:53Z,2026-06-11T09:20:53+0200,f3b72819-8f0f-4c0e-a936-e9ce989df431,2026-06-08T15:15:00Z,2026-06-08T17:15:00+0200,56161.40011,MW,DE,DE_LU,actual_load,Actual Load,2026-06-11T07:22:11Z
2026-06-11T07:20:53Z,2026-06-11T09:20:53+0200,f3b72819-8f0f-4c0e-a936-e9ce989df431,2026-06-08T15:30:00Z,2026-06-08T17:30:00+0200,56883.87746,MW,DE,DE_LU,actual_load,Actual Load,2026-06-11T07:22:11Z
2026-06-11T07:20:53Z,2026-06-11T09:20:53+0200,f3b72819-8f0f-4c0e-a936-e9ce989df431,2026-06-08T15:45:00Z,2026-06-08T17:45:00+0200,56980.0593,MW,DE,DE_LU,actual_load,Actual Load,2026-06-11T07:22:11Z
2026-06-11T07:20:53Z,2026-06-11T09:20:53+0200,f3b72819-8f0f-4c0e-a936-e9ce989df431,2026-06-08T16:00:00Z,2026-06-08T18:00:00+0200,56864.03307,MW,DE,DE_LU,actual_load,Actual Load,2026-06-11T07:22:11Z
2026-06-11T07:20:53Z,2026-06-11T09:20:53+0200,f3b72819-8f0f-4c0e-a936-e9ce989df431,2026-06-08T16:15:00Z,2026-06-08T18:15:00+0200,56832.25781,MW,DE,DE_LU,actual_load,Actual Load,2026-06-11T07:22:11Z
2026-06-11T07:20:53Z,2026-06-11T09:20:53+0200,f3b72819-8f0f-4c0e-a936-e9ce989df431,2026-06-08T16:30:00Z,2026-06-08T18:30:00+0200,57355.61611,MW,DE,DE_LU,actual_load,Actual Load,2026-06-11T07:22:11Z
2026-06-11T07:20:53Z,2026-06-11T09:20:53+0200,f3b72819-8f0f-4c0e-a936-e9ce989df431,2026-06-08T16:45:00Z,2026-06-08T18:45:00+0200,57631.75612,MW,DE,DE_LU,actual_load,Actual Load,2026-06-11T07:22:11Z
2026-06-11T07:20:53Z,2026-06-11T09:20:53+0200,f3b72819-8f0f-4c0e-a936-e9ce989df431,2026-06-08T17:00:00Z,2026-06-08T19:00:00+0200,57994.05071,MW,DE,DE_LU,actual_load,Actual Load,2026-06-11T07:22:11Z
2026-06-11T07:20:53Z,2026-06-11T09:20:53+0200,f3b72819-8f0f-4c0e-a936-e9ce989df431,2026-06-08T17:15:00Z,2026-06-08T19:15:00+0200,57557.75057,MW,DE,DE_LU,actual_load,Actual Load,2026-06-11T07:22:11Z
2026-06-11T07:20:53Z,2026-06-11T09:20:53+0200,f3b72819-8f0f-4c0e-a936-e9ce989df431,2026-06-08T17:30:00Z,2026-06-08T19:30:00+0200,57387.5444,MW,DE,DE_LU,actual_load,Actual Load,2026-06-11T07:22:11Z
2026-06-11T07:20:53Z,2026-06-11T09:20:53+0200,f3b72819-8f0f-4c0e-a936-e9ce989df431,2026-06-08T17:45:00Z,2026-06-08T19:45:00+0200,57269.28512,MW,DE,DE_LU,actual_load,Actual Load,2026-06-11T07:22:11Z
2026-06-11T07:20:53Z,2026-06-11T09:20:53+0200,f3b72819-8f0f-4c0e-a936-e9ce989df431,2026-06-08T18:00:00Z,2026-06-08T20:00:00+0200,56882.05621,MW,DE,DE_LU,actual_load,Actual Load,2026-06-11T07:22:11Z
2026-06-11T07:20:53Z,2026-06-11T09:20:53+0200,f3b72819-8f0f-4c0e-a936-e9ce989df431,2026-06-08T18:15:00Z,2026-06-08T20:15:00+0200,56019.26814,MW,DE,DE_LU,actual_load,Actual Load,2026-06-11T07:22:11Z
2026-06-11T07:20:53Z,2026-06-11T09:20:53+0200,f3b72819-8f0f-4c0e-a936-e9ce989df431,2026-06-08T18:30:00Z,2026-06-08T20:30:00+0200,55685.38141,MW,DE,DE_LU,actual_load,Actual Load,2026-06-11T07:22:11Z
2026-06-11T07:20:53Z,2026-06-11T09:20:53+0200,f3b72819-8f0f-4c0e-a936-e9ce989df431,2026-06-08T18:45:00Z,2026-06-08T20:45:00+0200,55380.08439,MW,DE,DE_LU,actual_load,Actual Load,2026-06-11T07:22:11Z
2026-06-11T07:20:53Z,2026-06-11T09:20:53+0200,f3b72819-8f0f-4c0e-a936-e9ce989df431,2026-06-08T19:00:00Z,2026-06-08T21:00:00+0200,54446.90168,MW,DE,DE_LU,actual_load,Actual Load,2026-06-11T07:22:11Z
2026-06-11T07:20:53Z,2026-06-11T09:20:53+0200,f3b72819-8f0f-4c0e-a936-e9ce989df431,2026-06-08T19:15:00Z,2026-06-08T21:15:00+0200,53785.09163,MW,DE,DE_LU,actual_load,Actual Load,2026-06-11T07:22:11Z
2026-06-11T07:20:53Z,2026-06-11T09:20:53+0200,f3b72819-8f0f-4c0e-a936-e9ce989df431,2026-06-08T19:30:00Z,2026-06-08T21:30:00+0200,52680.64815,MW,DE,DE_LU,actual_load,Actual Load,2026-06-11T07:22:11Z
2026-06-11T07:20:53Z,2026-06-11T09:20:53+0200,f3b72819-8f0f-4c0e-a936-e9ce989df431,2026-06-08T19:45:00Z,2026-06-08T21:45:00+0200,52341.26682,MW,DE,DE_LU,actual_load,Actual Load,2026-06-11T07:22:11Z
2026-06-11T07:20:53Z,2026-06-11T09:20:53+0200,f3b72819-8f0f-4c0e-a936-e9ce989df431,2026-06-08T20:00:00Z,2026-06-08T22:00:00+0200,51184.79985,MW,DE,DE_LU,actual_load,Actual Load,2026-06-11T07:22:11Z
2026-06-11T07:20:53Z,2026-06-11T09:20:53+0200,f3b72819-8f0f-4c0e-a936-e9ce989df431,2026-06-08T20:15:00Z,2026-06-08T22:15:00+0200,50803.42726,MW,DE,DE_LU,actual_load,Actual Load,2026-06-11T07:22:11Z
2026-06-11T07:20:53Z,2026-06-11T09:20:53+0200,f3b72819-8f0f-4c0e-a936-e9ce989df431,2026-06-08T20:30:00Z,2026-06-08T22:30:00+0200,50214.88093,MW,DE,DE_LU,actual_load,Actual Load,2026-06-11T07:22:11Z
2026-06-11T07:20:53Z,2026-06-11T09:20:53+0200,f3b72819-8f0f-4c0e-a936-e9ce989df431,2026-06-08T20:45:00Z,2026-06-08T22:45:00+0200,50040.35064,MW,DE,DE_LU,actual_load,Actual Load,2026-06-11T07:22:11Z
2026-06-11T07:20:53Z,2026-06-11T09:20:53+0200,f3b72819-8f0f-4c0e-a936-e9ce989df431,2026-06-08T21:00:00Z,2026-06-08T23:00:00+0200,49653.88733,MW,DE,DE_LU,actual_load,Actual Load,2026-06-11T07:22:11Z
2026-06-11T07:20:53Z,2026-06-11T09:20:53+0200,f3b72819-8f0f-4c0e-a936-e9ce989df431,2026-06-08T21:15:00Z,2026-06-08T23:15:00+0200,49418.16751,MW,DE,DE_LU,actual_load,Actual Load,2026-06-11T07:22:11Z
2026-06-11T07:20:53Z,2026-06-11T09:20:53+0200,f3b72819-8f0f-4c0e-a936-e9ce989df431,2026-06-08T21:30:00Z,2026-06-08T23:30:00+0200,48981.94684,MW,DE,DE_LU,actual_load,Actual Load,2026-06-11T07:22:11Z
2026-06-11T07:20:53Z,2026-06-11T09:20:53+0200,f3b72819-8f0f-4c0e-a936-e9ce989df431,2026-06-08T21:45:00Z,2026-06-08T23:45:00+0200,48465.43608,MW,DE,DE_LU,actual_load,Actual Load,2026-06-11T07:22:11Z
2026-06-11T07:20:53Z,2026-06-11T09:20:53+0200,f3b72819-8f0f-4c0e-a936-e9ce989df431,2026-06-08T22:00:00Z,2026-06-09T00:00:00+0200,47041.06933,MW,DE,DE_LU,actual_load,Actual Load,2026-06-11T07:22:11Z
2026-06-11T07:20:53Z,2026-06-11T09:20:53+0200,f3b72819-8f0f-4c0e-a936-e9ce989df431,2026-06-08T22:15:00Z,2026-06-09T00:15:00+0200,46473.24004,MW,DE,DE_LU,actual_load,Actual Load,2026-06-11T07:22:11Z
2026-06-11T07:20:53Z,2026-06-11T09:20:53+0200,f3b72819-8f0f-4c0e-a936-e9ce989df431,2026-06-08T22:30:00Z,2026-06-09T00:30:00+0200,46452.33182,MW,DE,DE_LU,actual_load,Actual Load,2026-06-11T07:22:11Z
2026-06-11T07:20:53Z,2026-06-11T09:20:53+0200,f3b72819-8f0f-4c0e-a936-e9ce989df431,2026-06-08T22:45:00Z,2026-06-09T00:45:00+0200,46093.19555,MW,DE,DE_LU,actual_load,Actual Load,2026-06-11T07:22:11Z
2026-06-11T07:20:53Z,2026-06-11T09:20:53+0200,f3b72819-8f0f-4c0e-a936-e9ce989df431,2026-06-08T23:00:00Z,2026-06-09T01:00:00+0200,45861.63442,MW,DE,DE_LU,actual_load,Actual Load,2026-06-11T07:22:11Z
2026-06-11T07:20:53Z,2026-06-11T09:20:53+0200,f3b72819-8f0f-4c0e-a936-e9ce989df431,2026-06-08T23:15:00Z,2026-06-09T01:15:00+0200,45540.30792,MW,DE,DE_LU,actual_load,Actual Load,2026-06-11T07:22:11Z
2026-06-11T07:20:53Z,2026-06-11T09:20:53+0200,f3b72819-8f0f-4c0e-a936-e9ce989df431,2026-06-08T23:30:00Z,2026-06-09T01:30:00+0200,45347.94766,MW,DE,DE_LU,actual_load,Actual Load,2026-06-11T07:22:11Z
2026-06-11T07:20:53Z,2026-06-11T09:20:53+0200,f3b72819-8f0f-4c0e-a936-e9ce989df431,2026-06-08T23:45:00Z,2026-06-09T01:45:00+0200,45581.64119,MW,DE,DE_LU,actual_load,Actual Load,2026-06-11T07:22:11Z
2026-06-11T07:20:53Z,2026-06-11T09:20:53+0200,f3b72819-8f0f-4c0e-a936-e9ce989df431,2026-06-09T00:00:00Z,2026-06-09T02:00:00+0200,44825.71459,MW,DE,DE_LU,actual_load,Actual Load,2026-06-11T07:22:11Z
2026-06-11T07:20:53Z,2026-06-11T09:20:53+0200,f3b72819-8f0f-4c0e-a936-e9ce989df431,2026-06-09T00:15:00Z,2026-06-09T02:15:00+0200,44813.87853,MW,DE,DE_LU,actual_load,Actual Load,2026-06-11T07:22:11Z
2026-06-11T07:20:53Z,2026-06-11T09:20:53+0200,f3b72819-8f0f-4c0e-a936-e9ce989df431,2026-06-09T00:30:00Z,2026-06-09T02:30:00+0200,44861.23299,MW,DE,DE_LU,actual_load,Actual Load,2026-06-11T07:22:11Z
2026-06-11T07:20:53Z,2026-06-11T09:20:53+0200,f3b72819-8f0f-4c0e-a936-e9ce989df431,2026-06-09T00:45:00Z,2026-06-09T02:45:00+0200,45470.74191,MW,DE,DE_LU,actual_load,Actual Load,2026-06-11T07:22:11Z
2026-06-11T07:20:53Z,2026-06-11T09:20:53+0200,f3b72819-8f0f-4c0e-a936-e9ce989df431,2026-06-09T01:00:00Z,2026-06-09T03:00:00+0200,45430.55261,MW,DE,DE_LU,actual_load,Actual Load,2026-06-11T07:22:11Z
2026-06-11T07:20:53Z,2026-06-11T09:20:53+0200,f3b72819-8f0f-4c0e-a936-e9ce989df431,2026-06-09T01:15:00Z,2026-06-09T03:15:00+0200,45132.49858,MW,DE,DE_LU,actual_load,Actual Load,2026-06-11T07:22:11Z
2026-06-11T07:20:53Z,2026-06-11T09:20:53+0200,f3b72819-8f0f-4c0e-a936-e9ce989df431,2026-06-09T01:30:00Z,2026-06-09T03:30:00+0200,45653.52803,MW,DE,DE_LU,actual_load,Actual Load,2026-06-11T07:22:11Z
2026-06-11T07:20:53Z,2026-06-11T09:20:53+0200,f3b72819-8f0f-4c0e-a936-e9ce989df431,2026-06-09T01:45:00Z,2026-06-09T03:45:00+0200,45439.63532,MW,DE,DE_LU,actual_load,Actual Load,2026-06-11T07:22:11Z
2026-06-11T07:20:53Z,2026-06-11T09:20:53+0200,f3b72819-8f0f-4c0e-a936-e9ce989df431,2026-06-09T02:00:00Z,2026-06-09T04:00:00+0200,45828.27183,MW,DE,DE_LU,actual_load,Actual Load,2026-06-11T07:22:11Z
2026-06-11T07:20:53Z,2026-06-11T09:20:53+0200,f3b72819-8f0f-4c0e-a936-e9ce989df431,2026-06-09T02:15:00Z,2026-06-09T04:15:00+0200,46232.39606,MW,DE,DE_LU,actual_load,Actual Load,2026-06-11T07:22:11Z
2026-06-11T07:20:53Z,2026-06-11T09:20:53+0200,f3b72819-8f0f-4c0e-a936-e9ce989df431,2026-06-09T02:30:00Z,2026-06-09T04:30:00+0200,46396.74001,MW,DE,DE_LU,actual_load,Actual Load,2026-06-11T07:22:11Z
2026-06-11T07:20:53Z,2026-06-11T09:20:53+0200,f3b72819-8f0f-4c0e-a936-e9ce989df431,2026-06-09T02:45:00Z,2026-06-09T04:45:00+0200,47658.43012,MW,DE,DE_LU,actual_load,Actual Load,2026-06-11T07:22:11Z
2026-06-11T07:20:53Z,2026-06-11T09:20:53+0200,f3b72819-8f0f-4c0e-a936-e9ce989df431,2026-06-09T03:00:00Z,2026-06-09T05:00:00+0200,48464.36678,MW,DE,DE_LU,actual_load,Actual Load,2026-06-11T07:22:11Z
2026-06-11T07:20:53Z,2026-06-11T09:20:53+0200,f3b72819-8f0f-4c0e-a936-e9ce989df431,2026-06-09T03:15:00Z,2026-06-09T05:15:00+0200,48415.13715,MW,DE,DE_LU,actual_load,Actual Load,2026-06-11T07:22:11Z
2026-06-11T07:20:53Z,2026-06-11T09:20:53+0200,f3b72819-8f0f-4c0e-a936-e9ce989df431,2026-06-09T03:30:00Z,2026-06-09T05:30:00+0200,49245.42746,MW,DE,DE_LU,actual_load,Actual Load,2026-06-11T07:22:11Z
2026-06-11T07:20:53Z,2026-06-11T09:20:53+0200,f3b72819-8f0f-4c0e-a936-e9ce989df431,2026-06-09T03:45:00Z,2026-06-09T05:45:00+0200,50704.65639,MW,DE,DE_LU,actual_load,Actual Load,2026-06-11T07:22:11Z
2026-06-11T07:20:53Z,2026-06-11T09:20:53+0200,f3b72819-8f0f-4c0e-a936-e9ce989df431,2026-06-09T04:00:00Z,2026-06-09T06:00:00+0200,53179.66829,MW,DE,DE_LU,actual_load,Actual Load,2026-06-11T07:22:11Z
2026-06-11T07:20:53Z,2026-06-11T09:20:53+0200,f3b72819-8f0f-4c0e-a936-e9ce989df431,2026-06-09T04:15:00Z,2026-06-09T06:15:00+0200,54978.71213,MW,DE,DE_LU,actual_load,Actual Load,2026-06-11T07:22:11Z
2026-06-11T07:20:53Z,2026-06-11T09:20:53+0200,f3b72819-8f0f-4c0e-a936-e9ce989df431,2026-06-09T04:30:00Z,2026-06-09T06:30:00+0200,56244.9227,MW,DE,DE_LU,actual_load,Actual Load,2026-06-11T07:22:11Z
2026-06-11T07:20:53Z,2026-06-11T09:20:53+0200,f3b72819-8f0f-4c0e-a936-e9ce989df431,2026-06-09T04:45:00Z,2026-06-09T06:45:00+0200,56891.54914,MW,DE,DE_LU,actual_load,Actual Load,2026-06-11T07:22:11Z
2026-06-11T07:20:53Z,2026-06-11T09:20:53+0200,f3b72819-8f0f-4c0e-a936-e9ce989df431,2026-06-09T05:00:00Z,2026-06-09T07:00:00+0200,57226.86999,MW,DE,DE_LU,actual_load,Actual Load,2026-06-11T07:22:11Z
2026-06-11T07:20:53Z,2026-06-11T09:20:53+0200,f3b72819-8f0f-4c0e-a936-e9ce989df431,2026-06-09T05:15:00Z,2026-06-09T07:15:00+0200,57120.26941,MW,DE,DE_LU,actual_load,Actual Load,2026-06-11T07:22:11Z
2026-06-11T07:20:53Z,2026-06-11T09:20:53+0200,f3b72819-8f0f-4c0e-a936-e9ce989df431,2026-06-09T05:30:00Z,2026-06-09T07:30:00+0200,57915.05666,MW,DE,DE_LU,actual_load,Actual Load,2026-06-11T07:22:11Z
2026-06-11T07:20:53Z,2026-06-11T09:20:53+0200,f3b72819-8f0f-4c0e-a936-e9ce989df431,2026-06-09T05:45:00Z,2026-06-09T07:45:00+0200,58688.9705,MW,DE,DE_LU,actual_load,Actual Load,2026-06-11T07:22:11Z
2026-06-11T07:20:53Z,2026-06-11T09:20:53+0200,f3b72819-8f0f-4c0e-a936-e9ce989df431,2026-06-09T06:00:00Z,2026-06-09T08:00:00+0200,59544.88938,MW,DE,DE_LU,actual_load,Actual Load,2026-06-11T07:22:11Z
2026-06-11T07:20:53Z,2026-06-11T09:20:53+0200,f3b72819-8f0f-4c0e-a936-e9ce989df431,2026-06-09T06:15:00Z,2026-06-09T08:15:00+0200,60704.25797,MW,DE,DE_LU,actual_load,Actual Load,2026-06-11T07:22:11Z
2026-06-11T07:20:53Z,2026-06-11T09:20:53+0200,f3b72819-8f0f-4c0e-a936-e9ce989df431,2026-06-09T06:30:00Z,2026-06-09T08:30:00+0200,60911.47907,MW,DE,DE_LU,actual_load,Actual Load,2026-06-11T07:22:11Z
2026-06-11T07:20:53Z,2026-06-11T09:20:53+0200,f3b72819-8f0f-4c0e-a936-e9ce989df431,2026-06-09T06:45:00Z,2026-06-09T08:45:00+0200,60933.35847,MW,DE,DE_LU,actual_load,Actual Load,2026-06-11T07:22:11Z
2026-06-11T07:20:53Z,2026-06-11T09:20:53+0200,f3b72819-8f0f-4c0e-a936-e9ce989df431,2026-06-09T07:00:00Z,2026-06-09T09:00:00+0200,61043.5034,MW,DE,DE_LU,actual_load,Actual Load,2026-06-11T07:22:11Z
2026-06-11T07:20:53Z,2026-06-11T09:20:53+0200,f3b72819-8f0f-4c0e-a936-e9ce989df431,2026-06-09T07:15:00Z,2026-06-09T09:15:00+0200,61556.52453,MW,DE,DE_LU,actual_load,Actual Load,2026-06-11T07:22:11Z
2026-06-11T07:20:53Z,2026-06-11T09:20:53+0200,f3b72819-8f0f-4c0e-a936-e9ce989df431,2026-06-09T07:30:00Z,2026-06-09T09:30:00+0200,61488.94475,MW,DE,DE_LU,actual_load,Actual Load,2026-06-11T07:22:11Z
2026-06-11T07:20:53Z,2026-06-11T09:20:53+0200,f3b72819-8f0f-4c0e-a936-e9ce989df431,2026-06-09T07:45:00Z,2026-06-09T09:45:00+0200,60270.88615,MW,DE,DE_LU,actual_load,Actual Load,2026-06-11T07:22:11Z
2026-06-11T07:20:53Z,2026-06-11T09:20:53+0200,f3b72819-8f0f-4c0e-a936-e9ce989df431,2026-06-09T08:00:00Z,2026-06-09T10:00:00+0200,61196.12204,MW,DE,DE_LU,actual_load,Actual Load,2026-06-11T07:22:11Z
2026-06-11T07:20:53Z,2026-06-11T09:20:53+0200,f3b72819-8f0f-4c0e-a936-e9ce989df431,2026-06-09T08:15:00Z,2026-06-09T10:15:00+0200,60919.89175,MW,DE,DE_LU,actual_load,Actual Load,2026-06-11T07:22:11Z
2026-06-11T07:20:53Z,2026-06-11T09:20:53+0200,f3b72819-8f0f-4c0e-a936-e9ce989df431,2026-06-09T08:30:00Z,2026-06-09T10:30:00+0200,61352.84135,MW,DE,DE_LU,actual_load,Actual Load,2026-06-11T07:22:11Z
2026-06-11T07:20:53Z,2026-06-11T09:20:53+0200,f3b72819-8f0f-4c0e-a936-e9ce989df431,2026-06-09T08:45:00Z,2026-06-09T10:45:00+0200,60924.93196,MW,DE,DE_LU,actual_load,Actual Load,2026-06-11T07:22:11Z
2026-06-11T07:20:53Z,2026-06-11T09:20:53+0200,f3b72819-8f0f-4c0e-a936-e9ce989df431,2026-06-09T09:00:00Z,2026-06-09T11:00:00+0200,59883.69306,MW,DE,DE_LU,actual_load,Actual Load,2026-06-11T07:22:11Z
2026-06-11T07:20:53Z,2026-06-11T09:20:53+0200,f3b72819-8f0f-4c0e-a936-e9ce989df431,2026-06-09T09:15:00Z,2026-06-09T11:15:00+0200,60978.81001,MW,DE,DE_LU,actual_load,Actual Load,2026-06-11T07:22:11Z
2026-06-11T07:20:53Z,2026-06-11T09:20:53+0200,f3b72819-8f0f-4c0e-a936-e9ce989df431,2026-06-09T09:30:00Z,2026-06-09T11:30:00+0200,60452.75269,MW,DE,DE_LU,actual_load,Actual Load,2026-06-11T07:22:11Z
2026-06-11T07:20:53Z,2026-06-11T09:20:53+0200,f3b72819-8f0f-4c0e-a936-e9ce989df431,2026-06-09T09:45:00Z,2026-06-09T11:45:00+0200,60233.53987,MW,DE,DE_LU,actual_load,Actual Load,2026-06-11T07:22:11Z
2026-06-11T07:20:53Z,2026-06-11T09:20:53+0200,f3b72819-8f0f-4c0e-a936-e9ce989df431,2026-06-09T10:00:00Z,2026-06-09T12:00:00+0200,58958.07019,MW,DE,DE_LU,actual_load,Actual Load,2026-06-11T07:22:11Z
2026-06-11T07:20:53Z,2026-06-11T09:20:53+0200,f3b72819-8f0f-4c0e-a936-e9ce989df431,2026-06-09T10:15:00Z,2026-06-09T12:15:00+0200,58862.92591,MW,DE,DE_LU,actual_load,Actual Load,2026-06-11T07:22:11Z
2026-06-11T07:20:53Z,2026-06-11T09:20:53+0200,f3b72819-8f0f-4c0e-a936-e9ce989df431,2026-06-09T10:30:00Z,2026-06-09T12:30:00+0200,58485.44239,MW,DE,DE_LU,actual_load,Actual Load,2026-06-11T07:22:11Z
2026-06-11T07:20:53Z,2026-06-11T09:20:53+0200,f3b72819-8f0f-4c0e-a936-e9ce989df431,2026-06-09T10:45:00Z,2026-06-09T12:45:00+0200,57417.34518,MW,DE,DE_LU,actual_load,Actual Load,2026-06-11T07:22:11Z
2026-06-11T07:20:53Z,2026-06-11T09:20:53+0200,f3b72819-8f0f-4c0e-a936-e9ce989df431,2026-06-09T11:00:00Z,2026-06-09T13:00:00+0200,57809.44288,MW,DE,DE_LU,actual_load,Actual Load,2026-06-11T07:22:11Z
2026-06-11T07:20:53Z,2026-06-11T09:20:53+0200,f3b72819-8f0f-4c0e-a936-e9ce989df431,2026-06-09T11:15:00Z,2026-06-09T13:15:00+0200,56559.50895,MW,DE,DE_LU,actual_load,Actual Load,2026-06-11T07:22:11Z
2026-06-11T07:20:53Z,2026-06-11T09:20:53+0200,f3b72819-8f0f-4c0e-a936-e9ce989df431,2026-06-09T11:30:00Z,2026-06-09T13:30:00+0200,57023.41702,MW,DE,DE_LU,actual_load,Actual Load,2026-06-11T07:22:11Z
2026-06-11T07:20:53Z,2026-06-11T09:20:53+0200,f3b72819-8f0f-4c0e-a936-e9ce989df431,2026-06-09T11:45:00Z,2026-06-09T13:45:00+0200,56992.99244,MW,DE,DE_LU,actual_load,Actual Load,2026-06-11T07:22:11Z
2026-06-11T07:20:53Z,2026-06-11T09:20:53+0200,f3b72819-8f0f-4c0e-a936-e9ce989df431,2026-06-09T12:00:00Z,2026-06-09T14:00:00+0200,56461.65696,MW,DE,DE_LU,actual_load,Actual Load,2026-06-11T07:22:11Z
2026-06-11T07:20:53Z,2026-06-11T09:20:53+0200,f3b72819-8f0f-4c0e-a936-e9ce989df431,2026-06-09T12:15:00Z,2026-06-09T14:15:00+0200,56167.91331,MW,DE,DE_LU,actual_load,Actual Load,2026-06-11T07:22:11Z
2026-06-11T07:20:53Z,2026-06-11T09:20:53+0200,f3b72819-8f0f-4c0e-a936-e9ce989df431,2026-06-09T12:30:00Z,2026-06-09T14:30:00+0200,55395.01303,MW,DE,DE_LU,actual_load,Actual Load,2026-06-11T07:22:11Z
2026-06-11T07:20:53Z,2026-06-11T09:20:53+0200,f3b72819-8f0f-4c0e-a936-e9ce989df431,2026-06-09T12:45:00Z,2026-06-09T14:45:00+0200,55165.02917,MW,DE,DE_LU,actual_load,Actual Load,2026-06-11T07:22:11Z
2026-06-11T07:20:53Z,2026-06-11T09:20:53+0200,f3b72819-8f0f-4c0e-a936-e9ce989df431,2026-06-09T13:00:00Z,2026-06-09T15:00:00+0200,56255.64943,MW,DE,DE_LU,actual_load,Actual Load,2026-06-11T07:22:11Z
2026-06-11T07:20:53Z,2026-06-11T09:20:53+0200,f3b72819-8f0f-4c0e-a936-e9ce989df431,2026-06-09T13:15:00Z,2026-06-09T15:15:00+0200,55634.7564,MW,DE,DE_LU,actual_load,Actual Load,2026-06-11T07:22:11Z
2026-06-11T07:20:53Z,2026-06-11T09:20:53+0200,f3b72819-8f0f-4c0e-a936-e9ce989df431,2026-06-09T13:30:00Z,2026-06-09T15:30:00+0200,54997.91922,MW,DE,DE_LU,actual_load,Actual Load,2026-06-11T07:22:11Z
2026-06-11T07:20:53Z,2026-06-11T09:20:53+0200,f3b72819-8f0f-4c0e-a936-e9ce989df431,2026-06-09T13:45:00Z,2026-06-09T15:45:00+0200,55319.32964,MW,DE,DE_LU,actual_load,Actual Load,2026-06-11T07:22:11Z
2026-06-11T07:20:53Z,2026-06-11T09:20:53+0200,f3b72819-8f0f-4c0e-a936-e9ce989df431,2026-06-09T14:00:00Z,2026-06-09T16:00:00+0200,55630.88654,MW,DE,DE_LU,actual_load,Actual Load,2026-06-11T07:22:11Z
2026-06-11T07:20:53Z,2026-06-11T09:20:53+0200,f3b72819-8f0f-4c0e-a936-e9ce989df431,2026-06-09T14:15:00Z,2026-06-09T16:15:00+0200,55419.66312,MW,DE,DE_LU,actual_load,Actual Load,2026-06-11T07:22:11Z
2026-06-11T07:20:53Z,2026-06-11T09:20:53+0200,f3b72819-8f0f-4c0e-a936-e9ce989df431,2026-06-09T14:30:00Z,2026-06-09T16:30:00+0200,55157.08243,MW,DE,DE_LU,actual_load,Actual Load,2026-06-11T07:22:11Z
2026-06-11T07:20:53Z,2026-06-11T09:20:53+0200,f3b72819-8f0f-4c0e-a936-e9ce989df431,2026-06-09T14:45:00Z,2026-06-09T16:45:00+0200,55176.81942,MW,DE,DE_LU,actual_load,Actual Load,2026-06-11T07:22:11Z
2026-06-11T07:20:53Z,2026-06-11T09:20:53+0200,f3b72819-8f0f-4c0e-a936-e9ce989df431,2026-06-09T15:00:00Z,2026-06-09T17:00:00+0200,55555.41738,MW,DE,DE_LU,actual_load,Actual Load,2026-06-11T07:22:11Z
2026-06-11T07:20:53Z,2026-06-11T09:20:53+0200,f3b72819-8f0f-4c0e-a936-e9ce989df431,2026-06-09T15:15:00Z,2026-06-09T17:15:00+0200,55900.0352,MW,DE,DE_LU,actual_load,Actual Load,2026-06-11T07:22:11Z
2026-06-11T07:20:53Z,2026-06-11T09:20:53+0200,f3b72819-8f0f-4c0e-a936-e9ce989df431,2026-06-09T15:30:00Z,2026-06-09T17:30:00+0200,56721.53755,MW,DE,DE_LU,actual_load,Actual Load,2026-06-11T07:22:11Z
2026-06-11T07:20:53Z,2026-06-11T09:20:53+0200,f3b72819-8f0f-4c0e-a936-e9ce989df431,2026-06-09T15:45:00Z,2026-06-09T17:45:00+0200,56898.23392,MW,DE,DE_LU,actual_load,Actual Load,2026-06-11T07:22:11Z
2026-06-11T07:20:53Z,2026-06-11T09:20:53+0200,f3b72819-8f0f-4c0e-a936-e9ce989df431,2026-06-09T16:00:00Z,2026-06-09T18:00:00+0200,57074.74164,MW,DE,DE_LU,actual_load,Actual Load,2026-06-11T07:22:11Z
2026-06-11T07:20:53Z,2026-06-11T09:20:53+0200,f3b72819-8f0f-4c0e-a936-e9ce989df431,2026-06-09T16:15:00Z,2026-06-09T18:15:00+0200,57987.26425,MW,DE,DE_LU,actual_load,Actual Load,2026-06-11T07:22:11Z
2026-06-11T07:20:53Z,2026-06-11T09:20:53+0200,f3b72819-8f0f-4c0e-a936-e9ce989df431,2026-06-09T16:30:00Z,2026-06-09T18:30:00+0200,58247.35092,MW,DE,DE_LU,actual_load,Actual Load,2026-06-11T07:22:11Z
2026-06-11T07:20:53Z,2026-06-11T09:20:53+0200,f3b72819-8f0f-4c0e-a936-e9ce989df431,2026-06-09T16:45:00Z,2026-06-09T18:45:00+0200,58246.98465,MW,DE,DE_LU,actual_load,Actual Load,2026-06-11T07:22:11Z
2026-06-11T07:20:53Z,2026-06-11T09:20:53+0200,f3b72819-8f0f-4c0e-a936-e9ce989df431,2026-06-09T17:00:00Z,2026-06-09T19:00:00+0200,58439.71936,MW,DE,DE_LU,actual_load,Actual Load,2026-06-11T07:22:11Z
2026-06-11T07:20:53Z,2026-06-11T09:20:53+0200,f3b72819-8f0f-4c0e-a936-e9ce989df431,2026-06-09T17:15:00Z,2026-06-09T19:15:00+0200,58137.86697,MW,DE,DE_LU,actual_load,Actual Load,2026-06-11T07:22:11Z
2026-06-11T07:20:53Z,2026-06-11T09:20:53+0200,f3b72819-8f0f-4c0e-a936-e9ce989df431,2026-06-09T17:30:00Z,2026-06-09T19:30:00+0200,57850.71198,MW,DE,DE_LU,actual_load,Actual Load,2026-06-11T07:22:11Z
2026-06-11T07:20:53Z,2026-06-11T09:20:53+0200,f3b72819-8f0f-4c0e-a936-e9ce989df431,2026-06-09T17:45:00Z,2026-06-09T19:45:00+0200,57228.45756,MW,DE,DE_LU,actual_load,Actual Load,2026-06-11T07:22:11Z
2026-06-11T07:20:53Z,2026-06-11T09:20:53+0200,f3b72819-8f0f-4c0e-a936-e9ce989df431,2026-06-09T18:00:00Z,2026-06-09T20:00:00+0200,57719.30877,MW,DE,DE_LU,actual_load,Actual Load,2026-06-11T07:22:11Z
2026-06-11T07:20:53Z,2026-06-11T09:20:53+0200,f3b72819-8f0f-4c0e-a936-e9ce989df431,2026-06-09T18:15:00Z,2026-06-09T20:15:00+0200,57134.80719,MW,DE,DE_LU,actual_load,Actual Load,2026-06-11T07:22:11Z
2026-06-11T07:20:53Z,2026-06-11T09:20:53+0200,f3b72819-8f0f-4c0e-a936-e9ce989df431,2026-06-09T18:30:00Z,2026-06-09T20:30:00+0200,57183.56112,MW,DE,DE_LU,actual_load,Actual Load,2026-06-11T07:22:11Z
2026-06-11T07:20:53Z,2026-06-11T09:20:53+0200,f3b72819-8f0f-4c0e-a936-e9ce989df431,2026-06-09T18:45:00Z,2026-06-09T20:45:00+0200,56472.19498,MW,DE,DE_LU,actual_load,Actual Load,2026-06-11T07:22:11Z
2026-06-11T07:20:53Z,2026-06-11T09:20:53+0200,f3b72819-8f0f-4c0e-a936-e9ce989df431,2026-06-09T19:00:00Z,2026-06-09T21:00:00+0200,55972.71366,MW,DE,DE_LU,actual_load,Actual Load,2026-06-11T07:22:11Z
2026-06-11T07:20:53Z,2026-06-11T09:20:53+0200,f3b72819-8f0f-4c0e-a936-e9ce989df431,2026-06-09T19:15:00Z,2026-06-09T21:15:00+0200,55587.09769,MW,DE,DE_LU,actual_load,Actual Load,2026-06-11T07:22:11Z
2026-06-11T07:20:53Z,2026-06-11T09:20:53+0200,f3b72819-8f0f-4c0e-a936-e9ce989df431,2026-06-09T19:30:00Z,2026-06-09T21:30:00+0200,55187.00144,MW,DE,DE_LU,actual_load,Actual Load,2026-06-11T07:22:11Z
2026-06-11T07:20:53Z,2026-06-11T09:20:53+0200,f3b72819-8f0f-4c0e-a936-e9ce989df431,2026-06-09T19:45:00Z,2026-06-09T21:45:00+0200,54724.7939,MW,DE,DE_LU,actual_load,Actual Load,2026-06-11T07:22:11Z
2026-06-11T07:20:53Z,2026-06-11T09:20:53+0200,f3b72819-8f0f-4c0e-a936-e9ce989df431,2026-06-09T20:00:00Z,2026-06-09T22:00:00+0200,53835.27686,MW,DE,DE_LU,actual_load,Actual Load,2026-06-11T07:22:11Z
2026-06-11T07:20:53Z,2026-06-11T09:20:53+0200,f3b72819-8f0f-4c0e-a936-e9ce989df431,2026-06-09T20:15:00Z,2026-06-09T22:15:00+0200,53856.37677,MW,DE,DE_LU,actual_load,Actual Load,2026-06-11T07:22:11Z
2026-06-11T07:20:53Z,2026-06-11T09:20:53+0200,f3b72819-8f0f-4c0e-a936-e9ce989df431,2026-06-09T20:30:00Z,2026-06-09T22:30:00+0200,53055.90502,MW,DE,DE_LU,actual_load,Actual Load,2026-06-11T07:22:11Z
2026-06-11T07:20:53Z,2026-06-11T09:20:53+0200,f3b72819-8f0f-4c0e-a936-e9ce989df431,2026-06-09T20:45:00Z,2026-06-09T22:45:00+0200,51708.23143,MW,DE,DE_LU,actual_load,Actual Load,2026-06-11T07:22:11Z
2026-06-11T07:20:53Z,2026-06-11T09:20:53+0200,f3b72819-8f0f-4c0e-a936-e9ce989df431,2026-06-09T21:00:00Z,2026-06-09T23:00:00+0200,50579.90103,MW,DE,DE_LU,actual_load,Actual Load,2026-06-11T07:22:11Z
2026-06-11T07:20:53Z,2026-06-11T09:20:53+0200,f3b72819-8f0f-4c0e-a936-e9ce989df431,2026-06-09T21:15:00Z,2026-06-09T23:15:00+0200,50128.59862,MW,DE,DE_LU,actual_load,Actual Load,2026-06-11T07:22:11Z
2026-06-11T07:20:53Z,2026-06-11T09:20:53+0200,f3b72819-8f0f-4c0e-a936-e9ce989df431,2026-06-09T21:30:00Z,2026-06-09T23:30:00+0200,49918.24591,MW,DE,DE_LU,actual_load,Actual Load,2026-06-11T07:22:11Z
2026-06-11T07:20:53Z,2026-06-11T09:20:53+0200,f3b72819-8f0f-4c0e-a936-e9ce989df431,2026-06-09T21:45:00Z,2026-06-09T23:45:00+0200,48794.08654,MW,DE,DE_LU,actual_load,Actual Load,2026-06-11T07:22:11Z
2026-06-11T07:20:53Z,2026-06-11T09:20:53+0200,f3b72819-8f0f-4c0e-a936-e9ce989df431,2026-06-09T22:00:00Z,2026-06-10T00:00:00+0200,48046.93162,MW,DE,DE_LU,actual_load,Actual Load,2026-06-11T07:22:11Z
2026-06-11T07:20:53Z,2026-06-11T09:20:53+0200,f3b72819-8f0f-4c0e-a936-e9ce989df431,2026-06-09T22:15:00Z,2026-06-10T00:15:00+0200,47404.93609,MW,DE,DE_LU,actual_load,Actual Load,2026-06-11T07:22:11Z
2026-06-11T07:20:53Z,2026-06-11T09:20:53+0200,f3b72819-8f0f-4c0e-a936-e9ce989df431,2026-06-09T22:30:00Z,2026-06-10T00:30:00+0200,47293.35502,MW,DE,DE_LU,actual_load,Actual Load,2026-06-11T07:22:11Z
2026-06-11T07:20:53Z,2026-06-11T09:20:53+0200,f3b72819-8f0f-4c0e-a936-e9ce989df431,2026-06-09T22:45:00Z,2026-06-10T00:45:00+0200,47535.687289,MW,DE,DE_LU,actual_load,Actual Load,2026-06-11T07:22:11Z
2026-06-11T07:20:53Z,2026-06-11T09:20:53+0200,f3b72819-8f0f-4c0e-a936-e9ce989df431,2026-06-09T23:00:00Z,2026-06-10T01:00:00+0200,46634.61721,MW,DE,DE_LU,actual_load,Actual Load,2026-06-11T07:22:11Z
2026-06-11T07:20:53Z,2026-06-11T09:20:53+0200,f3b72819-8f0f-4c0e-a936-e9ce989df431,2026-06-09T23:15:00Z,2026-06-10T01:15:00+0200,46360.00632,MW,DE,DE_LU,actual_load,Actual Load,2026-06-11T07:22:11Z
2026-06-11T07:20:53Z,2026-06-11T09:20:53+0200,f3b72819-8f0f-4c0e-a936-e9ce989df431,2026-06-09T23:30:00Z,2026-06-10T01:30:00+0200,46191.92039,MW,DE,DE_LU,actual_load,Actual Load,2026-06-11T07:22:11Z
2026-06-11T07:20:53Z,2026-06-11T09:20:53+0200,f3b72819-8f0f-4c0e-a936-e9ce989df431,2026-06-09T23:45:00Z,2026-06-10T01:45:00+0200,45701.81448,MW,DE,DE_LU,actual_load,Actual Load,2026-06-11T07:22:11Z
2026-06-11T07:20:53Z,2026-06-11T09:20:53+0200,f3b72819-8f0f-4c0e-a936-e9ce989df431,2026-06-10T00:00:00Z,2026-06-10T02:00:00+0200,44898.76979,MW,DE,DE_LU,actual_load,Actual Load,2026-06-11T07:22:11Z
2026-06-11T07:20:53Z,2026-06-11T09:20:53+0200,f3b72819-8f0f-4c0e-a936-e9ce989df431,2026-06-10T00:15:00Z,2026-06-10T02:15:00+0200,44440.67699,MW,DE,DE_LU,actual_load,Actual Load,2026-06-11T07:22:11Z
2026-06-11T07:20:53Z,2026-06-11T09:20:53+0200,f3b72819-8f0f-4c0e-a936-e9ce989df431,2026-06-10T00:30:00Z,2026-06-10T02:30:00+0200,44238.99151,MW,DE,DE_LU,actual_load,Actual Load,2026-06-11T07:22:11Z
2026-06-11T07:20:53Z,2026-06-11T09:20:53+0200,f3b72819-8f0f-4c0e-a936-e9ce989df431,2026-06-10T00:45:00Z,2026-06-10T02:45:00+0200,44054.567219,MW,DE,DE_LU,actual_load,Actual Load,2026-06-11T07:22:11Z
2026-06-11T07:20:53Z,2026-06-11T09:20:53+0200,f3b72819-8f0f-4c0e-a936-e9ce989df431,2026-06-10T01:00:00Z,2026-06-10T03:00:00+0200,44268.87931,MW,DE,DE_LU,actual_load,Actual Load,2026-06-11T07:22:11Z
2026-06-11T07:20:53Z,2026-06-11T09:20:53+0200,f3b72819-8f0f-4c0e-a936-e9ce989df431,2026-06-10T01:15:00Z,2026-06-10T03:15:00+0200,44441.64102,MW,DE,DE_LU,actual_load,Actual Load,2026-06-11T07:22:11Z
2026-06-11T07:20:53Z,2026-06-11T09:20:53+0200,f3b72819-8f0f-4c0e-a936-e9ce989df431,2026-06-10T01:30:00Z,2026-06-10T03:30:00+0200,44788.06076,MW,DE,DE_LU,actual_load,Actual Load,2026-06-11T07:22:11Z
2026-06-11T07:20:53Z,2026-06-11T09:20:53+0200,f3b72819-8f0f-4c0e-a936-e9ce989df431,2026-06-10T01:45:00Z,2026-06-10T03:45:00+0200,45130.26908,MW,DE,DE_LU,actual_load,Actual Load,2026-06-11T07:22:11Z
2026-06-11T07:20:53Z,2026-06-11T09:20:53+0200,f3b72819-8f0f-4c0e-a936-e9ce989df431,2026-06-10T02:00:00Z,2026-06-10T04:00:00+0200,45233.24008,MW,DE,DE_LU,actual_load,Actual Load,2026-06-11T07:22:11Z
2026-06-11T07:20:53Z,2026-06-11T09:20:53+0200,f3b72819-8f0f-4c0e-a936-e9ce989df431,2026-06-10T02:15:00Z,2026-06-10T04:15:00+0200,45429.30852,MW,DE,DE_LU,actual_load,Actual Load,2026-06-11T07:22:11Z
2026-06-11T07:20:53Z,2026-06-11T09:20:53+0200,f3b72819-8f0f-4c0e-a936-e9ce989df431,2026-06-10T02:30:00Z,2026-06-10T04:30:00+0200,45774.46089,MW,DE,DE_LU,actual_load,Actual Load,2026-06-11T07:22:11Z
2026-06-11T07:20:53Z,2026-06-11T09:20:53+0200,f3b72819-8f0f-4c0e-a936-e9ce989df431,2026-06-10T02:45:00Z,2026-06-10T04:45:00+0200,45962.52424,MW,DE,DE_LU,actual_load,Actual Load,2026-06-11T07:22:11Z
2026-06-11T07:20:53Z,2026-06-11T09:20:53+0200,f3b72819-8f0f-4c0e-a936-e9ce989df431,2026-06-10T03:00:00Z,2026-06-10T05:00:00+0200,46457.21269,MW,DE,DE_LU,actual_load,Actual Load,2026-06-11T07:22:11Z
2026-06-11T07:20:53Z,2026-06-11T09:20:53+0200,f3b72819-8f0f-4c0e-a936-e9ce989df431,2026-06-10T03:15:00Z,2026-06-10T05:15:00+0200,47024.53871,MW,DE,DE_LU,actual_load,Actual Load,2026-06-11T07:22:11Z
2026-06-11T07:20:53Z,2026-06-11T09:20:53+0200,f3b72819-8f0f-4c0e-a936-e9ce989df431,2026-06-10T03:30:00Z,2026-06-10T05:30:00+0200,47782.56723,MW,DE,DE_LU,actual_load,Actual Load,2026-06-11T07:22:11Z
2026-06-11T07:20:53Z,2026-06-11T09:20:53+0200,f3b72819-8f0f-4c0e-a936-e9ce989df431,2026-06-10T03:45:00Z,2026-06-10T05:45:00+0200,48976.70823,MW,DE,DE_LU,actual_load,Actual Load,2026-06-11T07:22:11Z
2026-06-11T07:20:53Z,2026-06-11T09:20:53+0200,f3b72819-8f0f-4c0e-a936-e9ce989df431,2026-06-10T04:00:00Z,2026-06-10T06:00:00+0200,51273.50287,MW,DE,DE_LU,actual_load,Actual Load,2026-06-11T07:22:11Z
2026-06-11T07:20:53Z,2026-06-11T09:20:53+0200,f3b72819-8f0f-4c0e-a936-e9ce989df431,2026-06-10T04:15:00Z,2026-06-10T06:15:00+0200,53679.95752,MW,DE,DE_LU,actual_load,Actual Load,2026-06-11T07:22:11Z
2026-06-11T07:20:53Z,2026-06-11T09:20:53+0200,f3b72819-8f0f-4c0e-a936-e9ce989df431,2026-06-10T04:30:00Z,2026-06-10T06:30:00+0200,54862.36237,MW,DE,DE_LU,actual_load,Actual Load,2026-06-11T07:22:11Z
2026-06-11T07:20:53Z,2026-06-11T09:20:53+0200,f3b72819-8f0f-4c0e-a936-e9ce989df431,2026-06-10T04:45:00Z,2026-06-10T06:45:00+0200,56005.0431,MW,DE,DE_LU,actual_load,Actual Load,2026-06-11T07:22:11Z
2026-06-11T07:20:53Z,2026-06-11T09:20:53+0200,f3b72819-8f0f-4c0e-a936-e9ce989df431,2026-06-10T05:00:00Z,2026-06-10T07:00:00+0200,56274.73801,MW,DE,DE_LU,actual_load,Actual Load,2026-06-11T07:22:11Z
2026-06-11T07:20:53Z,2026-06-11T09:20:53+0200,f3b72819-8f0f-4c0e-a936-e9ce989df431,2026-06-10T05:15:00Z,2026-06-10T07:15:00+0200,57566.97078,MW,DE,DE_LU,actual_load,Actual Load,2026-06-11T07:22:11Z
2026-06-11T07:20:53Z,2026-06-11T09:20:53+0200,f3b72819-8f0f-4c0e-a936-e9ce989df431,2026-06-10T05:30:00Z,2026-06-10T07:30:00+0200,58087.91226,MW,DE,DE_LU,actual_load,Actual Load,2026-06-11T07:22:11Z
2026-06-11T07:20:53Z,2026-06-11T09:20:53+0200,f3b72819-8f0f-4c0e-a936-e9ce989df431,2026-06-10T05:45:00Z,2026-06-10T07:45:00+0200,58700.406599,MW,DE,DE_LU,actual_load,Actual Load,2026-06-11T07:22:11Z
2026-06-11T07:20:53Z,2026-06-11T09:20:53+0200,f3b72819-8f0f-4c0e-a936-e9ce989df431,2026-06-10T06:00:00Z,2026-06-10T08:00:00+0200,59285.61301,MW,DE,DE_LU,actual_load,Actual Load,2026-06-11T07:22:11Z
2026-06-11T07:20:53Z,2026-06-11T09:20:53+0200,f3b72819-8f0f-4c0e-a936-e9ce989df431,2026-06-10T06:15:00Z,2026-06-10T08:15:00+0200,60275.23233,MW,DE,DE_LU,actual_load,Actual Load,2026-06-11T07:22:11Z
2026-06-11T07:20:53Z,2026-06-11T09:20:53+0200,f3b72819-8f0f-4c0e-a936-e9ce989df431,2026-06-10T06:30:00Z,2026-06-10T08:30:00+0200,60886.71183,MW,DE,DE_LU,actual_load,Actual Load,2026-06-11T07:22:11Z
2026-06-11T07:20:53Z,2026-06-11T09:20:53+0200,f3b72819-8f0f-4c0e-a936-e9ce989df431,2026-06-10T06:45:00Z,2026-06-10T08:45:00+0200,60872.11611,MW,DE,DE_LU,actual_load,Actual Load,2026-06-11T07:22:11Z
2026-06-11T07:20:53Z,2026-06-11T09:20:53+0200,f3b72819-8f0f-4c0e-a936-e9ce989df431,2026-06-10T07:00:00Z,2026-06-10T09:00:00+0200,59410.82447,MW,DE,DE_LU,actual_load,Actual Load,2026-06-11T07:22:11Z
2026-06-11T07:20:53Z,2026-06-11T09:20:53+0200,f3b72819-8f0f-4c0e-a936-e9ce989df431,2026-06-10T07:15:00Z,2026-06-10T09:15:00+0200,59342.18888,MW,DE,DE_LU,actual_load,Actual Load,2026-06-11T07:22:11Z
2026-06-11T07:20:53Z,2026-06-11T09:20:53+0200,f3b72819-8f0f-4c0e-a936-e9ce989df431,2026-06-10T07:30:00Z,2026-06-10T09:30:00+0200,59114.466509,MW,DE,DE_LU,actual_load,Actual Load,2026-06-11T07:22:11Z
2026-06-11T07:20:53Z,2026-06-11T09:20:53+0200,f3b72819-8f0f-4c0e-a936-e9ce989df431,2026-06-10T07:45:00Z,2026-06-10T09:45:00+0200,59590.07254,MW,DE,DE_LU,actual_load,Actual Load,2026-06-11T07:22:11Z
2026-06-11T07:20:53Z,2026-06-11T09:20:53+0200,f3b72819-8f0f-4c0e-a936-e9ce989df431,2026-06-10T08:00:00Z,2026-06-10T10:00:00+0200,59601.91244,MW,DE,DE_LU,actual_load,Actual Load,2026-06-11T07:22:11Z
2026-06-11T07:20:53Z,2026-06-11T09:20:53+0200,f3b72819-8f0f-4c0e-a936-e9ce989df431,2026-06-10T08:15:00Z,2026-06-10T10:15:00+0200,59987.02986,MW,DE,DE_LU,actual_load,Actual Load,2026-06-11T07:22:11Z
2026-06-11T07:20:53Z,2026-06-11T09:20:53+0200,f3b72819-8f0f-4c0e-a936-e9ce989df431,2026-06-10T08:30:00Z,2026-06-10T10:30:00+0200,59999.372279,MW,DE,DE_LU,actual_load,Actual Load,2026-06-11T07:22:11Z
2026-06-11T07:20:53Z,2026-06-11T09:20:53+0200,f3b72819-8f0f-4c0e-a936-e9ce989df431,2026-06-10T08:45:00Z,2026-06-10T10:45:00+0200,59933.09435,MW,DE,DE_LU,actual_load,Actual Load,2026-06-11T07:22:11Z
2026-06-11T07:20:53Z,2026-06-11T09:20:53+0200,f3b72819-8f0f-4c0e-a936-e9ce989df431,2026-06-10T09:00:00Z,2026-06-10T11:00:00+0200,59310.65827,MW,DE,DE_LU,actual_load,Actual Load,2026-06-11T07:22:11Z
2026-06-11T07:20:53Z,2026-06-11T09:20:53+0200,f3b72819-8f0f-4c0e-a936-e9ce989df431,2026-06-10T09:15:00Z,2026-06-10T11:15:00+0200,59548.15559,MW,DE,DE_LU,actual_load,Actual Load,2026-06-11T07:22:11Z
2026-06-11T07:20:53Z,2026-06-11T09:20:53+0200,f3b72819-8f0f-4c0e-a936-e9ce989df431,2026-06-10T09:30:00Z,2026-06-10T11:30:00+0200,59527.35832,MW,DE,DE_LU,actual_load,Actual Load,2026-06-11T07:22:11Z
2026-06-11T07:20:53Z,2026-06-11T09:20:53+0200,f3b72819-8f0f-4c0e-a936-e9ce989df431,2026-06-10T09:45:00Z,2026-06-10T11:45:00+0200,59358.14239,MW,DE,DE_LU,actual_load,Actual Load,2026-06-11T07:22:11Z
2026-06-11T07:20:53Z,2026-06-11T09:20:53+0200,f3b72819-8f0f-4c0e-a936-e9ce989df431,2026-06-10T10:00:00Z,2026-06-10T12:00:00+0200,59556.35421,MW,DE,DE_LU,actual_load,Actual Load,2026-06-11T07:22:11Z
2026-06-11T07:20:53Z,2026-06-11T09:20:53+0200,f3b72819-8f0f-4c0e-a936-e9ce989df431,2026-06-10T10:15:00Z,2026-06-10T12:15:00+0200,59681.899119,MW,DE,DE_LU,actual_load,Actual Load,2026-06-11T07:22:11Z
2026-06-11T07:20:53Z,2026-06-11T09:20:53+0200,f3b72819-8f0f-4c0e-a936-e9ce989df431,2026-06-10T10:30:00Z,2026-06-10T12:30:00+0200,59110.919789,MW,DE,DE_LU,actual_load,Actual Load,2026-06-11T07:22:11Z
2026-06-11T07:20:53Z,2026-06-11T09:20:53+0200,f3b72819-8f0f-4c0e-a936-e9ce989df431,2026-06-10T10:45:00Z,2026-06-10T12:45:00+0200,58847.82853,MW,DE,DE_LU,actual_load,Actual Load,2026-06-11T07:22:11Z
2026-06-11T07:20:53Z,2026-06-11T09:20:53+0200,f3b72819-8f0f-4c0e-a936-e9ce989df431,2026-06-10T11:00:00Z,2026-06-10T13:00:00+0200,58862.90472,MW,DE,DE_LU,actual_load,Actual Load,2026-06-11T07:22:11Z
2026-06-11T07:20:53Z,2026-06-11T09:20:53+0200,f3b72819-8f0f-4c0e-a936-e9ce989df431,2026-06-10T11:15:00Z,2026-06-10T13:15:00+0200,57950.09913,MW,DE,DE_LU,actual_load,Actual Load,2026-06-11T07:22:11Z
2026-06-11T07:20:53Z,2026-06-11T09:20:53+0200,f3b72819-8f0f-4c0e-a936-e9ce989df431,2026-06-10T11:30:00Z,2026-06-10T13:30:00+0200,57596.64449,MW,DE,DE_LU,actual_load,Actual Load,2026-06-11T07:22:11Z
2026-06-11T07:20:53Z,2026-06-11T09:20:53+0200,f3b72819-8f0f-4c0e-a936-e9ce989df431,2026-06-10T11:45:00Z,2026-06-10T13:45:00+0200,57431.91701,MW,DE,DE_LU,actual_load,Actual Load,2026-06-11T07:22:11Z
2026-06-11T07:20:53Z,2026-06-11T09:20:53+0200,f3b72819-8f0f-4c0e-a936-e9ce989df431,2026-06-10T12:00:00Z,2026-06-10T14:00:00+0200,56602.40993,MW,DE,DE_LU,actual_load,Actual Load,2026-06-11T07:22:11Z
2026-06-11T07:20:53Z,2026-06-11T09:20:53+0200,f3b72819-8f0f-4c0e-a936-e9ce989df431,2026-06-10T12:15:00Z,2026-06-10T14:15:00+0200,56518.45795,MW,DE,DE_LU,actual_load,Actual Load,2026-06-11T07:22:11Z
2026-06-11T07:20:53Z,2026-06-11T09:20:53+0200,f3b72819-8f0f-4c0e-a936-e9ce989df431,2026-06-10T12:30:00Z,2026-06-10T14:30:00+0200,56538.77248,MW,DE,DE_LU,actual_load,Actual Load,2026-06-11T07:22:11Z
2026-06-11T07:20:53Z,2026-06-11T09:20:53+0200,f3b72819-8f0f-4c0e-a936-e9ce989df431,2026-06-10T12:45:00Z,2026-06-10T14:45:00+0200,55950.41016,MW,DE,DE_LU,actual_load,Actual Load,2026-06-11T07:22:11Z
2026-06-11T07:20:53Z,2026-06-11T09:20:53+0200,f3b72819-8f0f-4c0e-a936-e9ce989df431,2026-06-10T13:00:00Z,2026-06-10T15:00:00+0200,56499.65397,MW,DE,DE_LU,actual_load,Actual Load,2026-06-11T07:22:11Z
2026-06-11T07:20:53Z,2026-06-11T09:20:53+0200,f3b72819-8f0f-4c0e-a936-e9ce989df431,2026-06-10T13:15:00Z,2026-06-10T15:15:00+0200,56640.05623,MW,DE,DE_LU,actual_load,Actual Load,2026-06-11T07:22:11Z
2026-06-11T07:20:53Z,2026-06-11T09:20:53+0200,f3b72819-8f0f-4c0e-a936-e9ce989df431,2026-06-10T13:30:00Z,2026-06-10T15:30:00+0200,56598.223599,MW,DE,DE_LU,actual_load,Actual Load,2026-06-11T07:22:11Z
2026-06-11T07:20:53Z,2026-06-11T09:20:53+0200,f3b72819-8f0f-4c0e-a936-e9ce989df431,2026-06-10T13:45:00Z,2026-06-10T15:45:00+0200,56612.047929,MW,DE,DE_LU,actual_load,Actual Load,2026-06-11T07:22:11Z
2026-06-11T07:20:53Z,2026-06-11T09:20:53+0200,f3b72819-8f0f-4c0e-a936-e9ce989df431,2026-06-10T14:00:00Z,2026-06-10T16:00:00+0200,56994.33323,MW,DE,DE_LU,actual_load,Actual Load,2026-06-11T07:22:11Z
2026-06-11T07:20:53Z,2026-06-11T09:20:53+0200,f3b72819-8f0f-4c0e-a936-e9ce989df431,2026-06-10T14:15:00Z,2026-06-10T16:15:00+0200,56827.38118,MW,DE,DE_LU,actual_load,Actual Load,2026-06-11T07:22:11Z
2026-06-11T07:20:53Z,2026-06-11T09:20:53+0200,f3b72819-8f0f-4c0e-a936-e9ce989df431,2026-06-10T14:30:00Z,2026-06-10T16:30:00+0200,56509.5883,MW,DE,DE_LU,actual_load,Actual Load,2026-06-11T07:22:11Z
2026-06-11T07:20:53Z,2026-06-11T09:20:53+0200,f3b72819-8f0f-4c0e-a936-e9ce989df431,2026-06-10T14:45:00Z,2026-06-10T16:45:00+0200,56645.38989,MW,DE,DE_LU,actual_load,Actual Load,2026-06-11T07:22:11Z
2026-06-11T07:20:53Z,2026-06-11T09:20:53+0200,f3b72819-8f0f-4c0e-a936-e9ce989df431,2026-06-10T15:00:00Z,2026-06-10T17:00:00+0200,57095.57736,MW,DE,DE_LU,actual_load,Actual Load,2026-06-11T07:22:11Z
2026-06-11T07:20:53Z,2026-06-11T09:20:53+0200,f3b72819-8f0f-4c0e-a936-e9ce989df431,2026-06-10T15:15:00Z,2026-06-10T17:15:00+0200,57889.3088,MW,DE,DE_LU,actual_load,Actual Load,2026-06-11T07:22:11Z
2026-06-11T07:20:53Z,2026-06-11T09:20:53+0200,f3b72819-8f0f-4c0e-a936-e9ce989df431,2026-06-10T15:30:00Z,2026-06-10T17:30:00+0200,57810.416489,MW,DE,DE_LU,actual_load,Actual Load,2026-06-11T07:22:11Z
2026-06-11T07:20:53Z,2026-06-11T09:20:53+0200,f3b72819-8f0f-4c0e-a936-e9ce989df431,2026-06-10T15:45:00Z,2026-06-10T17:45:00+0200,58227.30216,MW,DE,DE_LU,actual_load,Actual Load,2026-06-11T07:22:11Z
2026-06-11T07:20:53Z,2026-06-11T09:20:53+0200,f3b72819-8f0f-4c0e-a936-e9ce989df431,2026-06-10T16:00:00Z,2026-06-10T18:00:00+0200,58956.943189,MW,DE,DE_LU,actual_load,Actual Load,2026-06-11T07:22:11Z
2026-06-11T07:20:53Z,2026-06-11T09:20:53+0200,f3b72819-8f0f-4c0e-a936-e9ce989df431,2026-06-10T16:15:00Z,2026-06-10T18:15:00+0200,59130.8968,MW,DE,DE_LU,actual_load,Actual Load,2026-06-11T07:22:11Z
2026-06-11T07:20:53Z,2026-06-11T09:20:53+0200,f3b72819-8f0f-4c0e-a936-e9ce989df431,2026-06-10T16:30:00Z,2026-06-10T18:30:00+0200,59130.8041,MW,DE,DE_LU,actual_load,Actual Load,2026-06-11T07:22:11Z
2026-06-11T07:20:53Z,2026-06-11T09:20:53+0200,f3b72819-8f0f-4c0e-a936-e9ce989df431,2026-06-10T16:45:00Z,2026-06-10T18:45:00+0200,59636.86433,MW,DE,DE_LU,actual_load,Actual Load,2026-06-11T07:22:11Z
2026-06-11T07:20:53Z,2026-06-11T09:20:53+0200,f3b72819-8f0f-4c0e-a936-e9ce989df431,2026-06-10T17:00:00Z,2026-06-10T19:00:00+0200,59271.34597,MW,DE,DE_LU,actual_load,Actual Load,2026-06-11T07:22:11Z
2026-06-11T07:20:53Z,2026-06-11T09:20:53+0200,f3b72819-8f0f-4c0e-a936-e9ce989df431,2026-06-10T17:15:00Z,2026-06-10T19:15:00+0200,58171.44661,MW,DE,DE_LU,actual_load,Actual Load,2026-06-11T07:22:11Z
2026-06-11T07:20:53Z,2026-06-11T09:20:53+0200,f3b72819-8f0f-4c0e-a936-e9ce989df431,2026-06-10T17:30:00Z,2026-06-10T19:30:00+0200,58051.10005,MW,DE,DE_LU,actual_load,Actual Load,2026-06-11T07:22:11Z
2026-06-11T07:20:53Z,2026-06-11T09:20:53+0200,f3b72819-8f0f-4c0e-a936-e9ce989df431,2026-06-10T17:45:00Z,2026-06-10T19:45:00+0200,57373.03252,MW,DE,DE_LU,actual_load,Actual Load,2026-06-11T07:22:11Z
2026-06-11T07:20:53Z,2026-06-11T09:20:53+0200,f3b72819-8f0f-4c0e-a936-e9ce989df431,2026-06-10T18:00:00Z,2026-06-10T20:00:00+0200,57533.58011,MW,DE,DE_LU,actual_load,Actual Load,2026-06-11T07:22:11Z
2026-06-11T07:20:53Z,2026-06-11T09:20:53+0200,f3b72819-8f0f-4c0e-a936-e9ce989df431,2026-06-10T18:15:00Z,2026-06-10T20:15:00+0200,56802.97005,MW,DE,DE_LU,actual_load,Actual Load,2026-06-11T07:22:11Z
2026-06-11T07:20:53Z,2026-06-11T09:20:53+0200,f3b72819-8f0f-4c0e-a936-e9ce989df431,2026-06-10T18:30:00Z,2026-06-10T20:30:00+0200,55897.77975,MW,DE,DE_LU,actual_load,Actual Load,2026-06-11T07:22:11Z
2026-06-11T07:20:53Z,2026-06-11T09:20:53+0200,f3b72819-8f0f-4c0e-a936-e9ce989df431,2026-06-10T18:45:00Z,2026-06-10T20:45:00+0200,55503.06688,MW,DE,DE_LU,actual_load,Actual Load,2026-06-11T07:22:11Z
2026-06-11T07:20:53Z,2026-06-11T09:20:53+0200,f3b72819-8f0f-4c0e-a936-e9ce989df431,2026-06-10T19:00:00Z,2026-06-10T21:00:00+0200,55051.48355,MW,DE,DE_LU,actual_load,Actual Load,2026-06-11T07:22:11Z
2026-06-11T07:20:53Z,2026-06-11T09:20:53+0200,f3b72819-8f0f-4c0e-a936-e9ce989df431,2026-06-10T19:15:00Z,2026-06-10T21:15:00+0200,54889.46577,MW,DE,DE_LU,actual_load,Actual Load,2026-06-11T07:22:11Z
2026-06-11T07:20:53Z,2026-06-11T09:20:53+0200,f3b72819-8f0f-4c0e-a936-e9ce989df431,2026-06-10T19:30:00Z,2026-06-10T21:30:00+0200,54494.63618,MW,DE,DE_LU,actual_load,Actual Load,2026-06-11T07:22:11Z
2026-06-11T07:20:53Z,2026-06-11T09:20:53+0200,f3b72819-8f0f-4c0e-a936-e9ce989df431,2026-06-10T19:45:00Z,2026-06-10T21:45:00+0200,54155.04132,MW,DE,DE_LU,actual_load,Actual Load,2026-06-11T07:22:11Z
2026-06-11T07:20:53Z,2026-06-11T09:20:53+0200,f3b72819-8f0f-4c0e-a936-e9ce989df431,2026-06-10T20:00:00Z,2026-06-10T22:00:00+0200,53218.41172,MW,DE,DE_LU,actual_load,Actual Load,2026-06-11T07:22:11Z
2026-06-11T07:20:53Z,2026-06-11T09:20:53+0200,f3b72819-8f0f-4c0e-a936-e9ce989df431,2026-06-10T20:15:00Z,2026-06-10T22:15:00+0200,52510.63418,MW,DE,DE_LU,actual_load,Actual Load,2026-06-11T07:22:11Z
2026-06-11T07:20:53Z,2026-06-11T09:20:53+0200,f3b72819-8f0f-4c0e-a936-e9ce989df431,2026-06-10T20:30:00Z,2026-06-10T22:30:00+0200,51473.89711,MW,DE,DE_LU,actual_load,Actual Load,2026-06-11T07:22:11Z
2026-06-11T07:20:53Z,2026-06-11T09:20:53+0200,f3b72819-8f0f-4c0e-a936-e9ce989df431,2026-06-10T20:45:00Z,2026-06-10T22:45:00+0200,51141.98363,MW,DE,DE_LU,actual_load,Actual Load,2026-06-11T07:22:11Z
2026-06-11T07:20:53Z,2026-06-11T09:20:53+0200,f3b72819-8f0f-4c0e-a936-e9ce989df431,2026-06-10T21:00:00Z,2026-06-10T23:00:00+0200,50095.91974,MW,DE,DE_LU,actual_load,Actual Load,2026-06-11T07:22:11Z
2026-06-11T07:20:53Z,2026-06-11T09:20:53+0200,f3b72819-8f0f-4c0e-a936-e9ce989df431,2026-06-10T21:15:00Z,2026-06-10T23:15:00+0200,49330.78144,MW,DE,DE_LU,actual_load,Actual Load,2026-06-11T07:22:11Z
2026-06-11T07:20:53Z,2026-06-11T09:20:53+0200,f3b72819-8f0f-4c0e-a936-e9ce989df431,2026-06-10T21:30:00Z,2026-06-10T23:30:00+0200,48511.64465,MW,DE,DE_LU,actual_load,Actual Load,2026-06-11T07:22:11Z
2026-06-11T07:20:53Z,2026-06-11T09:20:53+0200,f3b72819-8f0f-4c0e-a936-e9ce989df431,2026-06-10T21:45:00Z,2026-06-10T23:45:00+0200,47590.25089,MW,DE,DE_LU,actual_load,Actual Load,2026-06-11T07:22:11Z
2026-06-11T07:20:53Z,2026-06-11T09:20:53+0200,f3b72819-8f0f-4c0e-a936-e9ce989df431,2026-06-10T22:00:00Z,2026-06-11T00:00:00+0200,46127.26512,MW,DE,DE_LU,actual_load,Actual Load,2026-06-11T07:22:11Z
2026-06-11T07:20:53Z,2026-06-11T09:20:53+0200,f3b72819-8f0f-4c0e-a936-e9ce989df431,2026-06-10T22:15:00Z,2026-06-11T00:15:00+0200,45609.5977,MW,DE,DE_LU,actual_load,Actual Load,2026-06-11T07:22:11Z
2026-06-11T07:20:53Z,2026-06-11T09:20:53+0200,f3b72819-8f0f-4c0e-a936-e9ce989df431,2026-06-10T22:30:00Z,2026-06-11T00:30:00+0200,45416.34476,MW,DE,DE_LU,actual_load,Actual Load,2026-06-11T07:22:11Z
2026-06-11T07:20:53Z,2026-06-11T09:20:53+0200,f3b72819-8f0f-4c0e-a936-e9ce989df431,2026-06-10T22:45:00Z,2026-06-11T00:45:00+0200,44879.30629,MW,DE,DE_LU,actual_load,Actual Load,2026-06-11T07:22:11Z
2026-06-11T07:20:53Z,2026-06-11T09:20:53+0200,f3b72819-8f0f-4c0e-a936-e9ce989df431,2026-06-10T23:00:00Z,2026-06-11T01:00:00+0200,44326.08382,MW,DE,DE_LU,actual_load,Actual Load,2026-06-11T07:22:11Z
2026-06-11T07:20:53Z,2026-06-11T09:20:53+0200,f3b72819-8f0f-4c0e-a936-e9ce989df431,2026-06-10T23:15:00Z,2026-06-11T01:15:00+0200,44385.13777,MW,DE,DE_LU,actual_load,Actual Load,2026-06-11T07:22:11Z
2026-06-11T07:20:53Z,2026-06-11T09:20:53+0200,f3b72819-8f0f-4c0e-a936-e9ce989df431,2026-06-10T23:30:00Z,2026-06-11T01:30:00+0200,44362.62902,MW,DE,DE_LU,actual_load,Actual Load,2026-06-11T07:22:11Z
2026-06-11T07:20:53Z,2026-06-11T09:20:53+0200,f3b72819-8f0f-4c0e-a936-e9ce989df431,2026-06-10T23:45:00Z,2026-06-11T01:45:00+0200,44292.88229,MW,DE,DE_LU,actual_load,Actual Load,2026-06-11T07:22:11Z
2026-06-11T07:20:53Z,2026-06-11T09:20:53+0200,f3b72819-8f0f-4c0e-a936-e9ce989df431,2026-06-11T00:00:00Z,2026-06-11T02:00:00+0200,43956.06967,MW,DE,DE_LU,actual_load,Actual Load,2026-06-11T07:22:11Z
2026-06-11T07:20:53Z,2026-06-11T09:20:53+0200,f3b72819-8f0f-4c0e-a936-e9ce989df431,2026-06-11T00:15:00Z,2026-06-11T02:15:00+0200,44391.40041,MW,DE,DE_LU,actual_load,Actual Load,2026-06-11T07:22:11Z
2026-06-11T07:20:53Z,2026-06-11T09:20:53+0200,f3b72819-8f0f-4c0e-a936-e9ce989df431,2026-06-11T00:30:00Z,2026-06-11T02:30:00+0200,44600.16864,MW,DE,DE_LU,actual_load,Actual Load,2026-06-11T07:22:11Z
2026-06-11T07:20:53Z,2026-06-11T09:20:53+0200,f3b72819-8f0f-4c0e-a936-e9ce989df431,2026-06-11T00:45:00Z,2026-06-11T02:45:00+0200,44327.28146,MW,DE,DE_LU,actual_load,Actual Load,2026-06-11T07:22:11Z
2026-06-11T07:20:53Z,2026-06-11T09:20:53+0200,f3b72819-8f0f-4c0e-a936-e9ce989df431,2026-06-11T01:00:00Z,2026-06-11T03:00:00+0200,44266.82106,MW,DE,DE_LU,actual_load,Actual Load,2026-06-11T07:22:11Z
2026-06-11T07:20:53Z,2026-06-11T09:20:53+0200,f3b72819-8f0f-4c0e-a936-e9ce989df431,2026-06-11T01:15:00Z,2026-06-11T03:15:00+0200,44329.54888,MW,DE,DE_LU,actual_load,Actual Load,2026-06-11T07:22:11Z
2026-06-11T07:20:53Z,2026-06-11T09:20:53+0200,f3b72819-8f0f-4c0e-a936-e9ce989df431,2026-06-11T01:30:00Z,2026-06-11T03:30:00+0200,44775.99735,MW,DE,DE_LU,actual_load,Actual Load,2026-06-11T07:22:11Z
2026-06-11T07:20:53Z,2026-06-11T09:20:53+0200,f3b72819-8f0f-4c0e-a936-e9ce989df431,2026-06-11T01:45:00Z,2026-06-11T03:45:00+0200,44803.01164,MW,DE,DE_LU,actual_load,Actual Load,2026-06-11T07:22:11Z
2026-06-11T07:20:53Z,2026-06-11T09:20:53+0200,f3b72819-8f0f-4c0e-a936-e9ce989df431,2026-06-11T02:00:00Z,2026-06-11T04:00:00+0200,45224.32073,MW,DE,DE_LU,actual_load,Actual Load,2026-06-11T07:22:11Z
2026-06-11T07:20:53Z,2026-06-11T09:20:53+0200,f3b72819-8f0f-4c0e-a936-e9ce989df431,2026-06-11T02:15:00Z,2026-06-11T04:15:00+0200,45449.32614,MW,DE,DE_LU,actual_load,Actual Load,2026-06-11T07:22:11Z
2026-06-11T07:20:53Z,2026-06-11T09:20:53+0200,f3b72819-8f0f-4c0e-a936-e9ce989df431,2026-06-11T02:30:00Z,2026-06-11T04:30:00+0200,45825.46021,MW,DE,DE_LU,actual_load,Actual Load,2026-06-11T07:22:11Z
2026-06-11T07:20:53Z,2026-06-11T09:20:53+0200,f3b72819-8f0f-4c0e-a936-e9ce989df431,2026-06-11T02:45:00Z,2026-06-11T04:45:00+0200,46053.27879,MW,DE,DE_LU,actual_load,Actual Load,2026-06-11T07:22:11Z
2026-06-11T07:20:53Z,2026-06-11T09:20:53+0200,f3b72819-8f0f-4c0e-a936-e9ce989df431,2026-06-11T03:00:00Z,2026-06-11T05:00:00+0200,47325.53258,MW,DE,DE_LU,actual_load,Actual Load,2026-06-11T07:22:11Z
2026-06-11T07:20:53Z,2026-06-11T09:20:53+0200,f3b72819-8f0f-4c0e-a936-e9ce989df431,2026-06-11T03:15:00Z,2026-06-11T05:15:00+0200,48051.06818,MW,DE,DE_LU,actual_load,Actual Load,2026-06-11T07:22:11Z
2026-06-11T07:20:53Z,2026-06-11T09:20:53+0200,f3b72819-8f0f-4c0e-a936-e9ce989df431,2026-06-11T03:30:00Z,2026-06-11T05:30:00+0200,48714.19596,MW,DE,DE_LU,actual_load,Actual Load,2026-06-11T07:22:11Z
2026-06-11T07:20:53Z,2026-06-11T09:20:53+0200,f3b72819-8f0f-4c0e-a936-e9ce989df431,2026-06-11T03:45:00Z,2026-06-11T05:45:00+0200,49985.29729,MW,DE,DE_LU,actual_load,Actual Load,2026-06-11T07:22:11Z
2026-06-11T07:20:53Z,2026-06-11T09:20:53+0200,f3b72819-8f0f-4c0e-a936-e9ce989df431,2026-06-11T04:00:00Z,2026-06-11T06:00:00+0200,51477.77224,MW,DE,DE_LU,actual_load,Actual Load,2026-06-11T07:22:11Z
2026-06-11T07:20:53Z,2026-06-11T09:20:53+0200,f3b72819-8f0f-4c0e-a936-e9ce989df431,2026-06-11T04:15:00Z,2026-06-11T06:15:00+0200,53252.2361,MW,DE,DE_LU,actual_load,Actual Load,2026-06-11T07:22:11Z
2026-06-11T07:20:53Z,2026-06-11T09:20:53+0200,f3b72819-8f0f-4c0e-a936-e9ce989df431,2026-06-11T04:30:00Z,2026-06-11T06:30:00+0200,54296.38684,MW,DE,DE_LU,actual_load,Actual Load,2026-06-11T07:22:11Z
2026-06-11T07:20:53Z,2026-06-11T09:20:53+0200,f3b72819-8f0f-4c0e-a936-e9ce989df431,2026-06-11T04:45:00Z,2026-06-11T06:45:00+0200,55215.69269,MW,DE,DE_LU,actual_load,Actual Load,2026-06-11T07:22:11Z
2026-06-11T07:20:53Z,2026-06-11T09:20:53+0200,f3b72819-8f0f-4c0e-a936-e9ce989df431,2026-06-11T05:00:00Z,2026-06-11T07:00:00+0200,56194.8276,MW,DE,DE_LU,actual_load,Actual Load,2026-06-11T07:22:11Z
2026-06-11T07:20:53Z,2026-06-11T09:20:53+0200,f3b72819-8f0f-4c0e-a936-e9ce989df431,2026-06-11T05:15:00Z,2026-06-11T07:15:00+0200,57641.30749,MW,DE,DE_LU,actual_load,Actual Load,2026-06-11T07:22:11Z
2026-06-11T07:20:53Z,2026-06-11T09:20:53+0200,f3b72819-8f0f-4c0e-a936-e9ce989df431,2026-06-11T05:30:00Z,2026-06-11T07:30:00+0200,58659.23726,MW,DE,DE_LU,actual_load,Actual Load,2026-06-11T07:22:11Z
2026-06-11T07:20:53Z,2026-06-11T09:20:53+0200,f3b72819-8f0f-4c0e-a936-e9ce989df431,2026-06-11T05:45:00Z,2026-06-11T07:45:00+0200,59136.83765,MW,DE,DE_LU,actual_load,Actual Load,2026-06-11T07:22:11Z
2026-06-11T07:20:53Z,2026-06-11T09:20:53+0200,f3b72819-8f0f-4c0e-a936-e9ce989df431,2026-06-11T06:00:00Z,2026-06-11T08:00:00+0200,59035.87894,MW,DE,DE_LU,actual_load,Actual Load,2026-06-11T07:22:11Z
2026-06-11T07:20:53Z,2026-06-11T09:20:53+0200,f3b72819-8f0f-4c0e-a936-e9ce989df431,2026-06-11T06:15:00Z,2026-06-11T08:15:00+0200,58936.32517,MW,DE,DE_LU,actual_load,Actual Load,2026-06-11T07:22:11Z
