collection_time_utc,collection_time_local,run_id,timestamp_utc,timestamp_local,value,unit,country,entsoe_area,variable,source,updated_at_utc
2026-08-21T12:03:35Z,2026-08-21T14:03:35+0200,5cef1f60-1e78-40ab-8a35-fe731affab16,2026-07-21T12:15:00Z,2026-07-21T14:15:00+0200,0.0,EUR/MWh,FR,FR,day_ahead_price,value,2026-08-21T12:09:10Z
2026-08-21T12:03:35Z,2026-08-21T14:03:35+0200,5cef1f60-1e78-40ab-8a35-fe731affab16,2026-07-21T12:30:00Z,2026-07-21T14:30:00+0200,0.0,EUR/MWh,FR,FR,day_ahead_price,value,2026-08-21T12:09:10Z
2026-08-21T12:03:35Z,2026-08-21T14:03:35+0200,5cef1f60-1e78-40ab-8a35-fe731affab16,2026-07-21T12:45:00Z,2026-07-21T14:45:00+0200,0.0,EUR/MWh,FR,FR,day_ahead_price,value,2026-08-21T12:09:10Z
2026-08-21T12:03:35Z,2026-08-21T14:03:35+0200,5cef1f60-1e78-40ab-8a35-fe731affab16,2026-07-21T13:00:00Z,2026-07-21T15:00:00+0200,0.0,EUR/MWh,FR,FR,day_ahead_price,value,2026-08-21T12:09:10Z
2026-08-21T12:03:35Z,2026-08-21T14:03:35+0200,5cef1f60-1e78-40ab-8a35-fe731affab16,2026-07-21T13:15:00Z,2026-07-21T15:15:00+0200,2.72,EUR/MWh,FR,FR,day_ahead_price,value,2026-08-21T12:09:10Z
2026-08-21T12:03:35Z,2026-08-21T14:03:35+0200,5cef1f60-1e78-40ab-8a35-fe731affab16,2026-07-21T13:30:00Z,2026-07-21T15:30:00+0200,0.02,EUR/MWh,FR,FR,day_ahead_price,value,2026-08-21T12:09:10Z
2026-08-21T12:03:35Z,2026-08-21T14:03:35+0200,5cef1f60-1e78-40ab-8a35-fe731affab16,2026-07-21T13:45:00Z,2026-07-21T15:45:00+0200,0.0,EUR/MWh,FR,FR,day_ahead_price,value,2026-08-21T12:09:10Z
2026-08-21T12:03:35Z,2026-08-21T14:03:35+0200,5cef1f60-1e78-40ab-8a35-fe731affab16,2026-07-21T14:00:00Z,2026-07-21T16:00:00+0200,0.0,EUR/MWh,FR,FR,day_ahead_price,value,2026-08-21T12:09:10Z
2026-08-21T12:03:35Z,2026-08-21T14:03:35+0200,5cef1f60-1e78-40ab-8a35-fe731affab16,2026-07-21T14:15:00Z,2026-07-21T16:15:00+0200,0.01,EUR/MWh,FR,FR,day_ahead_price,value,2026-08-21T12:09:10Z
2026-08-21T12:03:35Z,2026-08-21T14:03:35+0200,5cef1f60-1e78-40ab-8a35-fe731affab16,2026-07-21T14:30:00Z,2026-07-21T16:30:00+0200,0.0,EUR/MWh,FR,FR,day_ahead_price,value,2026-08-21T12:09:10Z
2026-08-21T12:03:35Z,2026-08-21T14:03:35+0200,5cef1f60-1e78-40ab-8a35-fe731affab16,2026-07-21T14:45:00Z,2026-07-21T16:45:00+0200,0.0,EUR/MWh,FR,FR,day_ahead_price,value,2026-08-21T12:09:10Z
2026-08-21T12:03:35Z,2026-08-21T14:03:35+0200,5cef1f60-1e78-40ab-8a35-fe731affab16,2026-07-21T15:00:00Z,2026-07-21T17:00:00+0200,2.86,EUR/MWh,FR,FR,day_ahead_price,value,2026-08-21T12:09:10Z
2026-08-21T12:03:35Z,2026-08-21T14:03:35+0200,5cef1f60-1e78-40ab-8a35-fe731affab16,2026-07-21T15:15:00Z,2026-07-21T17:15:00+0200,20.04,EUR/MWh,FR,FR,day_ahead_price,value,2026-08-21T12:09:10Z
2026-08-21T12:03:35Z,2026-08-21T14:03:35+0200,5cef1f60-1e78-40ab-8a35-fe731affab16,2026-07-21T15:30:00Z,2026-07-21T17:30:00+0200,59.69,EUR/MWh,FR,FR,day_ahead_price,value,2026-08-21T12:09:10Z
2026-08-21T12:03:35Z,2026-08-21T14:03:35+0200,5cef1f60-1e78-40ab-8a35-fe731affab16,2026-07-21T15:45:00Z,2026-07-21T17:45:00+0200,101.74,EUR/MWh,FR,FR,day_ahead_price,value,2026-08-21T12:09:10Z
2026-08-21T12:03:35Z,2026-08-21T14:03:35+0200,5cef1f60-1e78-40ab-8a35-fe731affab16,2026-07-21T16:00:00Z,2026-07-21T18:00:00+0200,101.74,EUR/MWh,FR,FR,day_ahead_price,value,2026-08-21T12:09:10Z
2026-08-21T12:03:35Z,2026-08-21T14:03:35+0200,5cef1f60-1e78-40ab-8a35-fe731affab16,2026-07-21T16:15:00Z,2026-07-21T18:15:00+0200,113.57,EUR/MWh,FR,FR,day_ahead_price,value,2026-08-21T12:09:10Z
2026-08-21T12:03:35Z,2026-08-21T14:03:35+0200,5cef1f60-1e78-40ab-8a35-fe731affab16,2026-07-21T16:30:00Z,2026-07-21T18:30:00+0200,121.04,EUR/MWh,FR,FR,day_ahead_price,value,2026-08-21T12:09:10Z
2026-08-21T12:03:35Z,2026-08-21T14:03:35+0200,5cef1f60-1e78-40ab-8a35-fe731affab16,2026-07-21T16:45:00Z,2026-07-21T18:45:00+0200,140.0,EUR/MWh,FR,FR,day_ahead_price,value,2026-08-21T12:09:10Z
2026-08-21T12:03:35Z,2026-08-21T14:03:35+0200,5cef1f60-1e78-40ab-8a35-fe731affab16,2026-07-21T17:00:00Z,2026-07-21T19:00:00+0200,133.74,EUR/MWh,FR,FR,day_ahead_price,value,2026-08-21T12:09:10Z
2026-08-21T12:03:35Z,2026-08-21T14:03:35+0200,5cef1f60-1e78-40ab-8a35-fe731affab16,2026-07-21T17:15:00Z,2026-07-21T19:15:00+0200,150.43,EUR/MWh,FR,FR,day_ahead_price,value,2026-08-21T12:09:10Z
2026-08-21T12:03:35Z,2026-08-21T14:03:35+0200,5cef1f60-1e78-40ab-8a35-fe731affab16,2026-07-21T17:30:00Z,2026-07-21T19:30:00+0200,159.56,EUR/MWh,FR,FR,day_ahead_price,value,2026-08-21T12:09:10Z
2026-08-21T12:03:35Z,2026-08-21T14:03:35+0200,5cef1f60-1e78-40ab-8a35-fe731affab16,2026-07-21T17:45:00Z,2026-07-21T19:45:00+0200,166.0,EUR/MWh,FR,FR,day_ahead_price,value,2026-08-21T12:09:10Z
2026-08-21T12:03:35Z,2026-08-21T14:03:35+0200,5cef1f60-1e78-40ab-8a35-fe731affab16,2026-07-21T18:00:00Z,2026-07-21T20:00:00+0200,158.47,EUR/MWh,FR,FR,day_ahead_price,value,2026-08-21T12:09:10Z
2026-08-21T12:03:35Z,2026-08-21T14:03:35+0200,5cef1f60-1e78-40ab-8a35-fe731affab16,2026-07-21T18:15:00Z,2026-07-21T20:15:00+0200,167.0,EUR/MWh,FR,FR,day_ahead_price,value,2026-08-21T12:09:10Z
2026-08-21T12:03:35Z,2026-08-21T14:03:35+0200,5cef1f60-1e78-40ab-8a35-fe731affab16,2026-07-21T18:30:00Z,2026-07-21T20:30:00+0200,171.13,EUR/MWh,FR,FR,day_ahead_price,value,2026-08-21T12:09:10Z
2026-08-21T12:03:35Z,2026-08-21T14:03:35+0200,5cef1f60-1e78-40ab-8a35-fe731affab16,2026-07-21T18:45:00Z,2026-07-21T20:45:00+0200,174.5,EUR/MWh,FR,FR,day_ahead_price,value,2026-08-21T12:09:10Z
2026-08-21T12:03:35Z,2026-08-21T14:03:35+0200,5cef1f60-1e78-40ab-8a35-fe731affab16,2026-07-21T19:00:00Z,2026-07-21T21:00:00+0200,174.5,EUR/MWh,FR,FR,day_ahead_price,value,2026-08-21T12:09:10Z
2026-08-21T12:03:35Z,2026-08-21T14:03:35+0200,5cef1f60-1e78-40ab-8a35-fe731affab16,2026-07-21T19:15:00Z,2026-07-21T21:15:00+0200,166.44,EUR/MWh,FR,FR,day_ahead_price,value,2026-08-21T12:09:10Z
2026-08-21T12:03:35Z,2026-08-21T14:03:35+0200,5cef1f60-1e78-40ab-8a35-fe731affab16,2026-07-21T19:30:00Z,2026-07-21T21:30:00+0200,172.07,EUR/MWh,FR,FR,day_ahead_price,value,2026-08-21T12:09:10Z
2026-08-21T12:03:35Z,2026-08-21T14:03:35+0200,5cef1f60-1e78-40ab-8a35-fe731affab16,2026-07-21T19:45:00Z,2026-07-21T21:45:00+0200,169.44,EUR/MWh,FR,FR,day_ahead_price,value,2026-08-21T12:09:10Z
2026-08-21T12:03:35Z,2026-08-21T14:03:35+0200,5cef1f60-1e78-40ab-8a35-fe731affab16,2026-07-21T20:00:00Z,2026-07-21T22:00:00+0200,176.67,EUR/MWh,FR,FR,day_ahead_price,value,2026-08-21T12:09:10Z
2026-08-21T12:03:35Z,2026-08-21T14:03:35+0200,5cef1f60-1e78-40ab-8a35-fe731affab16,2026-07-21T20:15:00Z,2026-07-21T22:15:00+0200,169.61,EUR/MWh,FR,FR,day_ahead_price,value,2026-08-21T12:09:10Z
2026-08-21T12:03:35Z,2026-08-21T14:03:35+0200,5cef1f60-1e78-40ab-8a35-fe731affab16,2026-07-21T20:30:00Z,2026-07-21T22:30:00+0200,171.63,EUR/MWh,FR,FR,day_ahead_price,value,2026-08-21T12:09:10Z
2026-08-21T12:03:35Z,2026-08-21T14:03:35+0200,5cef1f60-1e78-40ab-8a35-fe731affab16,2026-07-21T20:45:00Z,2026-07-21T22:45:00+0200,159.88,EUR/MWh,FR,FR,day_ahead_price,value,2026-08-21T12:09:10Z
2026-08-21T12:03:35Z,2026-08-21T14:03:35+0200,5cef1f60-1e78-40ab-8a35-fe731affab16,2026-07-21T21:00:00Z,2026-07-21T23:00:00+0200,165.71,EUR/MWh,FR,FR,day_ahead_price,value,2026-08-21T12:09:10Z
2026-08-21T12:03:35Z,2026-08-21T14:03:35+0200,5cef1f60-1e78-40ab-8a35-fe731affab16,2026-07-21T21:15:00Z,2026-07-21T23:15:00+0200,156.15,EUR/MWh,FR,FR,day_ahead_price,value,2026-08-21T12:09:10Z
2026-08-21T12:03:35Z,2026-08-21T14:03:35+0200,5cef1f60-1e78-40ab-8a35-fe731affab16,2026-07-21T21:30:00Z,2026-07-21T23:30:00+0200,154.42,EUR/MWh,FR,FR,day_ahead_price,value,2026-08-21T12:09:10Z
2026-08-21T12:03:35Z,2026-08-21T14:03:35+0200,5cef1f60-1e78-40ab-8a35-fe731affab16,2026-07-21T21:45:00Z,2026-07-21T23:45:00+0200,146.34,EUR/MWh,FR,FR,day_ahead_price,value,2026-08-21T12:09:10Z
2026-08-21T12:03:35Z,2026-08-21T14:03:35+0200,5cef1f60-1e78-40ab-8a35-fe731affab16,2026-07-21T22:00:00Z,2026-07-22T00:00:00+0200,159.43,EUR/MWh,FR,FR,day_ahead_price,value,2026-08-21T12:09:10Z
2026-08-21T12:03:35Z,2026-08-21T14:03:35+0200,5cef1f60-1e78-40ab-8a35-fe731affab16,2026-07-21T22:15:00Z,2026-07-22T00:15:00+0200,158.09,EUR/MWh,FR,FR,day_ahead_price,value,2026-08-21T12:09:10Z
2026-08-21T12:03:35Z,2026-08-21T14:03:35+0200,5cef1f60-1e78-40ab-8a35-fe731affab16,2026-07-21T22:30:00Z,2026-07-22T00:30:00+0200,152.67,EUR/MWh,FR,FR,day_ahead_price,value,2026-08-21T12:09:10Z
2026-08-21T12:03:35Z,2026-08-21T14:03:35+0200,5cef1f60-1e78-40ab-8a35-fe731affab16,2026-07-21T22:45:00Z,2026-07-22T00:45:00+0200,146.71,EUR/MWh,FR,FR,day_ahead_price,value,2026-08-21T12:09:10Z
2026-08-21T12:03:35Z,2026-08-21T14:03:35+0200,5cef1f60-1e78-40ab-8a35-fe731affab16,2026-07-21T23:00:00Z,2026-07-22T01:00:00+0200,158.68,EUR/MWh,FR,FR,day_ahead_price,value,2026-08-21T12:09:10Z
2026-08-21T12:03:35Z,2026-08-21T14:03:35+0200,5cef1f60-1e78-40ab-8a35-fe731affab16,2026-07-21T23:15:00Z,2026-07-22T01:15:00+0200,150.38,EUR/MWh,FR,FR,day_ahead_price,value,2026-08-21T12:09:10Z
2026-08-21T12:03:35Z,2026-08-21T14:03:35+0200,5cef1f60-1e78-40ab-8a35-fe731affab16,2026-07-21T23:30:00Z,2026-07-22T01:30:00+0200,147.57,EUR/MWh,FR,FR,day_ahead_price,value,2026-08-21T12:09:10Z
2026-08-21T12:03:35Z,2026-08-21T14:03:35+0200,5cef1f60-1e78-40ab-8a35-fe731affab16,2026-07-21T23:45:00Z,2026-07-22T01:45:00+0200,143.84,EUR/MWh,FR,FR,day_ahead_price,value,2026-08-21T12:09:10Z
2026-08-21T12:03:35Z,2026-08-21T14:03:35+0200,5cef1f60-1e78-40ab-8a35-fe731affab16,2026-07-22T00:00:00Z,2026-07-22T02:00:00+0200,150.38,EUR/MWh,FR,FR,day_ahead_price,value,2026-08-21T12:09:10Z
2026-08-21T12:03:35Z,2026-08-21T14:03:35+0200,5cef1f60-1e78-40ab-8a35-fe731affab16,2026-07-22T00:15:00Z,2026-07-22T02:15:00+0200,147.76,EUR/MWh,FR,FR,day_ahead_price,value,2026-08-21T12:09:10Z
2026-08-21T12:03:35Z,2026-08-21T14:03:35+0200,5cef1f60-1e78-40ab-8a35-fe731affab16,2026-07-22T00:30:00Z,2026-07-22T02:30:00+0200,145.3,EUR/MWh,FR,FR,day_ahead_price,value,2026-08-21T12:09:10Z
2026-08-21T12:03:35Z,2026-08-21T14:03:35+0200,5cef1f60-1e78-40ab-8a35-fe731affab16,2026-07-22T00:45:00Z,2026-07-22T02:45:00+0200,139.58,EUR/MWh,FR,FR,day_ahead_price,value,2026-08-21T12:09:10Z
2026-08-21T12:03:35Z,2026-08-21T14:03:35+0200,5cef1f60-1e78-40ab-8a35-fe731affab16,2026-07-22T01:00:00Z,2026-07-22T03:00:00+0200,144.51,EUR/MWh,FR,FR,day_ahead_price,value,2026-08-21T12:09:10Z
2026-08-21T12:03:35Z,2026-08-21T14:03:35+0200,5cef1f60-1e78-40ab-8a35-fe731affab16,2026-07-22T01:15:00Z,2026-07-22T03:15:00+0200,136.17,EUR/MWh,FR,FR,day_ahead_price,value,2026-08-21T12:09:10Z
2026-08-21T12:03:35Z,2026-08-21T14:03:35+0200,5cef1f60-1e78-40ab-8a35-fe731affab16,2026-07-22T01:30:00Z,2026-07-22T03:30:00+0200,133.27,EUR/MWh,FR,FR,day_ahead_price,value,2026-08-21T12:09:10Z
2026-08-21T12:03:35Z,2026-08-21T14:03:35+0200,5cef1f60-1e78-40ab-8a35-fe731affab16,2026-07-22T01:45:00Z,2026-07-22T03:45:00+0200,131.96,EUR/MWh,FR,FR,day_ahead_price,value,2026-08-21T12:09:10Z
2026-08-21T12:03:35Z,2026-08-21T14:03:35+0200,5cef1f60-1e78-40ab-8a35-fe731affab16,2026-07-22T02:00:00Z,2026-07-22T04:00:00+0200,131.57,EUR/MWh,FR,FR,day_ahead_price,value,2026-08-21T12:09:10Z
2026-08-21T12:03:35Z,2026-08-21T14:03:35+0200,5cef1f60-1e78-40ab-8a35-fe731affab16,2026-07-22T02:15:00Z,2026-07-22T04:15:00+0200,131.06,EUR/MWh,FR,FR,day_ahead_price,value,2026-08-21T12:09:10Z
2026-08-21T12:03:35Z,2026-08-21T14:03:35+0200,5cef1f60-1e78-40ab-8a35-fe731affab16,2026-07-22T02:30:00Z,2026-07-22T04:30:00+0200,132.42,EUR/MWh,FR,FR,day_ahead_price,value,2026-08-21T12:09:10Z
2026-08-21T12:03:35Z,2026-08-21T14:03:35+0200,5cef1f60-1e78-40ab-8a35-fe731affab16,2026-07-22T02:45:00Z,2026-07-22T04:45:00+0200,133.03,EUR/MWh,FR,FR,day_ahead_price,value,2026-08-21T12:09:10Z
2026-08-21T12:03:35Z,2026-08-21T14:03:35+0200,5cef1f60-1e78-40ab-8a35-fe731affab16,2026-07-22T03:00:00Z,2026-07-22T05:00:00+0200,132.42,EUR/MWh,FR,FR,day_ahead_price,value,2026-08-21T12:09:10Z
2026-08-21T12:03:35Z,2026-08-21T14:03:35+0200,5cef1f60-1e78-40ab-8a35-fe731affab16,2026-07-22T03:15:00Z,2026-07-22T05:15:00+0200,138.95,EUR/MWh,FR,FR,day_ahead_price,value,2026-08-21T12:09:10Z
2026-08-21T12:03:35Z,2026-08-21T14:03:35+0200,5cef1f60-1e78-40ab-8a35-fe731affab16,2026-07-22T03:30:00Z,2026-07-22T05:30:00+0200,144.09,EUR/MWh,FR,FR,day_ahead_price,value,2026-08-21T12:09:10Z
2026-08-21T12:03:35Z,2026-08-21T14:03:35+0200,5cef1f60-1e78-40ab-8a35-fe731affab16,2026-07-22T03:45:00Z,2026-07-22T05:45:00+0200,149.7,EUR/MWh,FR,FR,day_ahead_price,value,2026-08-21T12:09:10Z
2026-08-21T12:03:35Z,2026-08-21T14:03:35+0200,5cef1f60-1e78-40ab-8a35-fe731affab16,2026-07-22T04:00:00Z,2026-07-22T06:00:00+0200,150.1,EUR/MWh,FR,FR,day_ahead_price,value,2026-08-21T12:09:10Z
2026-08-21T12:03:35Z,2026-08-21T14:03:35+0200,5cef1f60-1e78-40ab-8a35-fe731affab16,2026-07-22T04:15:00Z,2026-07-22T06:15:00+0200,154.98,EUR/MWh,FR,FR,day_ahead_price,value,2026-08-21T12:09:10Z
2026-08-21T12:03:35Z,2026-08-21T14:03:35+0200,5cef1f60-1e78-40ab-8a35-fe731affab16,2026-07-22T04:30:00Z,2026-07-22T06:30:00+0200,160.85,EUR/MWh,FR,FR,day_ahead_price,value,2026-08-21T12:09:10Z
2026-08-21T12:03:35Z,2026-08-21T14:03:35+0200,5cef1f60-1e78-40ab-8a35-fe731affab16,2026-07-22T04:45:00Z,2026-07-22T06:45:00+0200,150.07,EUR/MWh,FR,FR,day_ahead_price,value,2026-08-21T12:09:10Z
2026-08-21T12:03:35Z,2026-08-21T14:03:35+0200,5cef1f60-1e78-40ab-8a35-fe731affab16,2026-07-22T05:00:00Z,2026-07-22T07:00:00+0200,165.07,EUR/MWh,FR,FR,day_ahead_price,value,2026-08-21T12:09:10Z
2026-08-21T12:03:35Z,2026-08-21T14:03:35+0200,5cef1f60-1e78-40ab-8a35-fe731affab16,2026-07-22T05:15:00Z,2026-07-22T07:15:00+0200,156.49,EUR/MWh,FR,FR,day_ahead_price,value,2026-08-21T12:09:10Z
2026-08-21T12:03:35Z,2026-08-21T14:03:35+0200,5cef1f60-1e78-40ab-8a35-fe731affab16,2026-07-22T05:30:00Z,2026-07-22T07:30:00+0200,150.44,EUR/MWh,FR,FR,day_ahead_price,value,2026-08-21T12:09:10Z
2026-08-21T12:03:35Z,2026-08-21T14:03:35+0200,5cef1f60-1e78-40ab-8a35-fe731affab16,2026-07-22T05:45:00Z,2026-07-22T07:45:00+0200,132.0,EUR/MWh,FR,FR,day_ahead_price,value,2026-08-21T12:09:10Z
2026-08-21T12:03:35Z,2026-08-21T14:03:35+0200,5cef1f60-1e78-40ab-8a35-fe731affab16,2026-07-22T06:00:00Z,2026-07-22T08:00:00+0200,165.81,EUR/MWh,FR,FR,day_ahead_price,value,2026-08-21T12:09:10Z
2026-08-21T12:03:35Z,2026-08-21T14:03:35+0200,5cef1f60-1e78-40ab-8a35-fe731affab16,2026-07-22T06:15:00Z,2026-07-22T08:15:00+0200,149.28,EUR/MWh,FR,FR,day_ahead_price,value,2026-08-21T12:09:10Z
2026-08-21T12:03:35Z,2026-08-21T14:03:35+0200,5cef1f60-1e78-40ab-8a35-fe731affab16,2026-07-22T06:30:00Z,2026-07-22T08:30:00+0200,125.25,EUR/MWh,FR,FR,day_ahead_price,value,2026-08-21T12:09:10Z
2026-08-21T12:03:35Z,2026-08-21T14:03:35+0200,5cef1f60-1e78-40ab-8a35-fe731affab16,2026-07-22T06:45:00Z,2026-07-22T08:45:00+0200,118.66,EUR/MWh,FR,FR,day_ahead_price,value,2026-08-21T12:09:10Z
2026-08-21T12:03:35Z,2026-08-21T14:03:35+0200,5cef1f60-1e78-40ab-8a35-fe731affab16,2026-07-22T07:00:00Z,2026-07-22T09:00:00+0200,153.3,EUR/MWh,FR,FR,day_ahead_price,value,2026-08-21T12:09:10Z
2026-08-21T12:03:35Z,2026-08-21T14:03:35+0200,5cef1f60-1e78-40ab-8a35-fe731affab16,2026-07-22T07:15:00Z,2026-07-22T09:15:00+0200,115.48,EUR/MWh,FR,FR,day_ahead_price,value,2026-08-21T12:09:10Z
2026-08-21T12:03:35Z,2026-08-21T14:03:35+0200,5cef1f60-1e78-40ab-8a35-fe731affab16,2026-07-22T07:30:00Z,2026-07-22T09:30:00+0200,96.0,EUR/MWh,FR,FR,day_ahead_price,value,2026-08-21T12:09:10Z
2026-08-21T12:03:35Z,2026-08-21T14:03:35+0200,5cef1f60-1e78-40ab-8a35-fe731affab16,2026-07-22T07:45:00Z,2026-07-22T09:45:00+0200,71.23,EUR/MWh,FR,FR,day_ahead_price,value,2026-08-21T12:09:10Z
2026-08-21T12:03:35Z,2026-08-21T14:03:35+0200,5cef1f60-1e78-40ab-8a35-fe731affab16,2026-07-22T08:00:00Z,2026-07-22T10:00:00+0200,92.18,EUR/MWh,FR,FR,day_ahead_price,value,2026-08-21T12:09:10Z
2026-08-21T12:03:35Z,2026-08-21T14:03:35+0200,5cef1f60-1e78-40ab-8a35-fe731affab16,2026-07-22T08:15:00Z,2026-07-22T10:15:00+0200,60.41,EUR/MWh,FR,FR,day_ahead_price,value,2026-08-21T12:09:10Z
2026-08-21T12:03:35Z,2026-08-21T14:03:35+0200,5cef1f60-1e78-40ab-8a35-fe731affab16,2026-07-22T08:30:00Z,2026-07-22T10:30:00+0200,44.31,EUR/MWh,FR,FR,day_ahead_price,value,2026-08-21T12:09:10Z
2026-08-21T12:03:35Z,2026-08-21T14:03:35+0200,5cef1f60-1e78-40ab-8a35-fe731affab16,2026-07-22T08:45:00Z,2026-07-22T10:45:00+0200,29.51,EUR/MWh,FR,FR,day_ahead_price,value,2026-08-21T12:09:10Z
2026-08-21T12:03:35Z,2026-08-21T14:03:35+0200,5cef1f60-1e78-40ab-8a35-fe731affab16,2026-07-22T09:00:00Z,2026-07-22T11:00:00+0200,39.97,EUR/MWh,FR,FR,day_ahead_price,value,2026-08-21T12:09:10Z
2026-08-21T12:03:35Z,2026-08-21T14:03:35+0200,5cef1f60-1e78-40ab-8a35-fe731affab16,2026-07-22T09:15:00Z,2026-07-22T11:15:00+0200,18.53,EUR/MWh,FR,FR,day_ahead_price,value,2026-08-21T12:09:10Z
2026-08-21T12:03:35Z,2026-08-21T14:03:35+0200,5cef1f60-1e78-40ab-8a35-fe731affab16,2026-07-22T09:30:00Z,2026-07-22T11:30:00+0200,0.0,EUR/MWh,FR,FR,day_ahead_price,value,2026-08-21T12:09:10Z
2026-08-21T12:03:35Z,2026-08-21T14:03:35+0200,5cef1f60-1e78-40ab-8a35-fe731affab16,2026-07-22T09:45:00Z,2026-07-22T11:45:00+0200,0.0,EUR/MWh,FR,FR,day_ahead_price,value,2026-08-21T12:09:10Z
2026-08-21T12:03:35Z,2026-08-21T14:03:35+0200,5cef1f60-1e78-40ab-8a35-fe731affab16,2026-07-22T10:00:00Z,2026-07-22T12:00:00+0200,16.0,EUR/MWh,FR,FR,day_ahead_price,value,2026-08-21T12:09:10Z
2026-08-21T12:03:35Z,2026-08-21T14:03:35+0200,5cef1f60-1e78-40ab-8a35-fe731affab16,2026-07-22T10:15:00Z,2026-07-22T12:15:00+0200,3.58,EUR/MWh,FR,FR,day_ahead_price,value,2026-08-21T12:09:10Z
2026-08-21T12:03:35Z,2026-08-21T14:03:35+0200,5cef1f60-1e78-40ab-8a35-fe731affab16,2026-07-22T10:30:00Z,2026-07-22T12:30:00+0200,1.1,EUR/MWh,FR,FR,day_ahead_price,value,2026-08-21T12:09:10Z
2026-08-21T12:03:35Z,2026-08-21T14:03:35+0200,5cef1f60-1e78-40ab-8a35-fe731affab16,2026-07-22T10:45:00Z,2026-07-22T12:45:00+0200,0.06,EUR/MWh,FR,FR,day_ahead_price,value,2026-08-21T12:09:10Z
2026-08-21T12:03:35Z,2026-08-21T14:03:35+0200,5cef1f60-1e78-40ab-8a35-fe731affab16,2026-07-22T11:00:00Z,2026-07-22T13:00:00+0200,0.0,EUR/MWh,FR,FR,day_ahead_price,value,2026-08-21T12:09:10Z
2026-08-21T12:03:35Z,2026-08-21T14:03:35+0200,5cef1f60-1e78-40ab-8a35-fe731affab16,2026-07-22T11:15:00Z,2026-07-22T13:15:00+0200,0.0,EUR/MWh,FR,FR,day_ahead_price,value,2026-08-21T12:09:10Z
2026-08-21T12:03:35Z,2026-08-21T14:03:35+0200,5cef1f60-1e78-40ab-8a35-fe731affab16,2026-07-22T11:30:00Z,2026-07-22T13:30:00+0200,0.0,EUR/MWh,FR,FR,day_ahead_price,value,2026-08-21T12:09:10Z
2026-08-21T12:03:35Z,2026-08-21T14:03:35+0200,5cef1f60-1e78-40ab-8a35-fe731affab16,2026-07-22T11:45:00Z,2026-07-22T13:45:00+0200,0.0,EUR/MWh,FR,FR,day_ahead_price,value,2026-08-21T12:09:10Z
2026-08-21T12:03:35Z,2026-08-21T14:03:35+0200,5cef1f60-1e78-40ab-8a35-fe731affab16,2026-07-22T12:00:00Z,2026-07-22T14:00:00+0200,0.03,EUR/MWh,FR,FR,day_ahead_price,value,2026-08-21T12:09:10Z
2026-08-21T12:03:35Z,2026-08-21T14:03:35+0200,5cef1f60-1e78-40ab-8a35-fe731affab16,2026-07-22T12:15:00Z,2026-07-22T14:15:00+0200,0.0,EUR/MWh,FR,FR,day_ahead_price,value,2026-08-21T12:09:10Z
2026-08-21T12:03:35Z,2026-08-21T14:03:35+0200,5cef1f60-1e78-40ab-8a35-fe731affab16,2026-07-22T12:30:00Z,2026-07-22T14:30:00+0200,0.0,EUR/MWh,FR,FR,day_ahead_price,value,2026-08-21T12:09:10Z
2026-08-21T12:03:35Z,2026-08-21T14:03:35+0200,5cef1f60-1e78-40ab-8a35-fe731affab16,2026-07-22T12:45:00Z,2026-07-22T14:45:00+0200,0.0,EUR/MWh,FR,FR,day_ahead_price,value,2026-08-21T12:09:10Z
2026-08-21T12:03:35Z,2026-08-21T14:03:35+0200,5cef1f60-1e78-40ab-8a35-fe731affab16,2026-07-22T13:00:00Z,2026-07-22T15:00:00+0200,0.0,EUR/MWh,FR,FR,day_ahead_price,value,2026-08-21T12:09:10Z
2026-08-21T12:03:35Z,2026-08-21T14:03:35+0200,5cef1f60-1e78-40ab-8a35-fe731affab16,2026-07-22T13:15:00Z,2026-07-22T15:15:00+0200,0.0,EUR/MWh,FR,FR,day_ahead_price,value,2026-08-21T12:09:10Z
2026-08-21T12:03:35Z,2026-08-21T14:03:35+0200,5cef1f60-1e78-40ab-8a35-fe731affab16,2026-07-22T13:30:00Z,2026-07-22T15:30:00+0200,0.0,EUR/MWh,FR,FR,day_ahead_price,value,2026-08-21T12:09:10Z
2026-08-21T12:03:35Z,2026-08-21T14:03:35+0200,5cef1f60-1e78-40ab-8a35-fe731affab16,2026-07-22T13:45:00Z,2026-07-22T15:45:00+0200,0.0,EUR/MWh,FR,FR,day_ahead_price,value,2026-08-21T12:09:10Z
2026-08-21T12:03:35Z,2026-08-21T14:03:35+0200,5cef1f60-1e78-40ab-8a35-fe731affab16,2026-07-22T14:00:00Z,2026-07-22T16:00:00+0200,0.0,EUR/MWh,FR,FR,day_ahead_price,value,2026-08-21T12:09:10Z
2026-08-21T12:03:35Z,2026-08-21T14:03:35+0200,5cef1f60-1e78-40ab-8a35-fe731affab16,2026-07-22T14:15:00Z,2026-07-22T16:15:00+0200,0.0,EUR/MWh,FR,FR,day_ahead_price,value,2026-08-21T12:09:10Z
2026-08-21T12:03:35Z,2026-08-21T14:03:35+0200,5cef1f60-1e78-40ab-8a35-fe731affab16,2026-07-22T14:30:00Z,2026-07-22T16:30:00+0200,0.0,EUR/MWh,FR,FR,day_ahead_price,value,2026-08-21T12:09:10Z
2026-08-21T12:03:35Z,2026-08-21T14:03:35+0200,5cef1f60-1e78-40ab-8a35-fe731affab16,2026-07-22T14:45:00Z,2026-07-22T16:45:00+0200,20.95,EUR/MWh,FR,FR,day_ahead_price,value,2026-08-21T12:09:10Z
2026-08-21T12:03:35Z,2026-08-21T14:03:35+0200,5cef1f60-1e78-40ab-8a35-fe731affab16,2026-07-22T15:00:00Z,2026-07-22T17:00:00+0200,24.99,EUR/MWh,FR,FR,day_ahead_price,value,2026-08-21T12:09:10Z
2026-08-21T12:03:35Z,2026-08-21T14:03:35+0200,5cef1f60-1e78-40ab-8a35-fe731affab16,2026-07-22T15:15:00Z,2026-07-22T17:15:00+0200,61.0,EUR/MWh,FR,FR,day_ahead_price,value,2026-08-21T12:09:10Z
2026-08-21T12:03:35Z,2026-08-21T14:03:35+0200,5cef1f60-1e78-40ab-8a35-fe731affab16,2026-07-22T15:30:00Z,2026-07-22T17:30:00+0200,76.9,EUR/MWh,FR,FR,day_ahead_price,value,2026-08-21T12:09:10Z
2026-08-21T12:03:35Z,2026-08-21T14:03:35+0200,5cef1f60-1e78-40ab-8a35-fe731affab16,2026-07-22T15:45:00Z,2026-07-22T17:45:00+0200,104.6,EUR/MWh,FR,FR,day_ahead_price,value,2026-08-21T12:09:10Z
2026-08-21T12:03:35Z,2026-08-21T14:03:35+0200,5cef1f60-1e78-40ab-8a35-fe731affab16,2026-07-22T16:00:00Z,2026-07-22T18:00:00+0200,94.77,EUR/MWh,FR,FR,day_ahead_price,value,2026-08-21T12:09:10Z
2026-08-21T12:03:35Z,2026-08-21T14:03:35+0200,5cef1f60-1e78-40ab-8a35-fe731affab16,2026-07-22T16:15:00Z,2026-07-22T18:15:00+0200,111.4,EUR/MWh,FR,FR,day_ahead_price,value,2026-08-21T12:09:10Z
2026-08-21T12:03:35Z,2026-08-21T14:03:35+0200,5cef1f60-1e78-40ab-8a35-fe731affab16,2026-07-22T16:30:00Z,2026-07-22T18:30:00+0200,123.84,EUR/MWh,FR,FR,day_ahead_price,value,2026-08-21T12:09:10Z
2026-08-21T12:03:35Z,2026-08-21T14:03:35+0200,5cef1f60-1e78-40ab-8a35-fe731affab16,2026-07-22T16:45:00Z,2026-07-22T18:45:00+0200,142.68,EUR/MWh,FR,FR,day_ahead_price,value,2026-08-21T12:09:10Z
2026-08-21T12:03:35Z,2026-08-21T14:03:35+0200,5cef1f60-1e78-40ab-8a35-fe731affab16,2026-07-22T17:00:00Z,2026-07-22T19:00:00+0200,126.78,EUR/MWh,FR,FR,day_ahead_price,value,2026-08-21T12:09:10Z
2026-08-21T12:03:35Z,2026-08-21T14:03:35+0200,5cef1f60-1e78-40ab-8a35-fe731affab16,2026-07-22T17:15:00Z,2026-07-22T19:15:00+0200,147.0,EUR/MWh,FR,FR,day_ahead_price,value,2026-08-21T12:09:10Z
2026-08-21T12:03:35Z,2026-08-21T14:03:35+0200,5cef1f60-1e78-40ab-8a35-fe731affab16,2026-07-22T17:30:00Z,2026-07-22T19:30:00+0200,162.86,EUR/MWh,FR,FR,day_ahead_price,value,2026-08-21T12:09:10Z
2026-08-21T12:03:35Z,2026-08-21T14:03:35+0200,5cef1f60-1e78-40ab-8a35-fe731affab16,2026-07-22T17:45:00Z,2026-07-22T19:45:00+0200,164.94,EUR/MWh,FR,FR,day_ahead_price,value,2026-08-21T12:09:10Z
2026-08-21T12:03:35Z,2026-08-21T14:03:35+0200,5cef1f60-1e78-40ab-8a35-fe731affab16,2026-07-22T18:00:00Z,2026-07-22T20:00:00+0200,159.5,EUR/MWh,FR,FR,day_ahead_price,value,2026-08-21T12:09:10Z
2026-08-21T12:03:35Z,2026-08-21T14:03:35+0200,5cef1f60-1e78-40ab-8a35-fe731affab16,2026-07-22T18:15:00Z,2026-07-22T20:15:00+0200,162.66,EUR/MWh,FR,FR,day_ahead_price,value,2026-08-21T12:09:10Z
2026-08-21T12:03:35Z,2026-08-21T14:03:35+0200,5cef1f60-1e78-40ab-8a35-fe731affab16,2026-07-22T18:30:00Z,2026-07-22T20:30:00+0200,166.26,EUR/MWh,FR,FR,day_ahead_price,value,2026-08-21T12:09:10Z
2026-08-21T12:03:35Z,2026-08-21T14:03:35+0200,5cef1f60-1e78-40ab-8a35-fe731affab16,2026-07-22T18:45:00Z,2026-07-22T20:45:00+0200,171.79,EUR/MWh,FR,FR,day_ahead_price,value,2026-08-21T12:09:10Z
2026-08-21T12:03:35Z,2026-08-21T14:03:35+0200,5cef1f60-1e78-40ab-8a35-fe731affab16,2026-07-22T19:00:00Z,2026-07-22T21:00:00+0200,170.05,EUR/MWh,FR,FR,day_ahead_price,value,2026-08-21T12:09:10Z
2026-08-21T12:03:35Z,2026-08-21T14:03:35+0200,5cef1f60-1e78-40ab-8a35-fe731affab16,2026-07-22T19:15:00Z,2026-07-22T21:15:00+0200,165.18,EUR/MWh,FR,FR,day_ahead_price,value,2026-08-21T12:09:10Z
2026-08-21T12:03:35Z,2026-08-21T14:03:35+0200,5cef1f60-1e78-40ab-8a35-fe731affab16,2026-07-22T19:30:00Z,2026-07-22T21:30:00+0200,165.19,EUR/MWh,FR,FR,day_ahead_price,value,2026-08-21T12:09:10Z
2026-08-21T12:03:35Z,2026-08-21T14:03:35+0200,5cef1f60-1e78-40ab-8a35-fe731affab16,2026-07-22T19:45:00Z,2026-07-22T21:45:00+0200,159.24,EUR/MWh,FR,FR,day_ahead_price,value,2026-08-21T12:09:10Z
2026-08-21T12:03:35Z,2026-08-21T14:03:35+0200,5cef1f60-1e78-40ab-8a35-fe731affab16,2026-07-22T20:00:00Z,2026-07-22T22:00:00+0200,171.53,EUR/MWh,FR,FR,day_ahead_price,value,2026-08-21T12:09:10Z
2026-08-21T12:03:35Z,2026-08-21T14:03:35+0200,5cef1f60-1e78-40ab-8a35-fe731affab16,2026-07-22T20:15:00Z,2026-07-22T22:15:00+0200,162.99,EUR/MWh,FR,FR,day_ahead_price,value,2026-08-21T12:09:10Z
2026-08-21T12:03:35Z,2026-08-21T14:03:35+0200,5cef1f60-1e78-40ab-8a35-fe731affab16,2026-07-22T20:30:00Z,2026-07-22T22:30:00+0200,159.52,EUR/MWh,FR,FR,day_ahead_price,value,2026-08-21T12:09:10Z
2026-08-21T12:03:35Z,2026-08-21T14:03:35+0200,5cef1f60-1e78-40ab-8a35-fe731affab16,2026-07-22T20:45:00Z,2026-07-22T22:45:00+0200,151.14,EUR/MWh,FR,FR,day_ahead_price,value,2026-08-21T12:09:10Z
2026-08-21T12:03:35Z,2026-08-21T14:03:35+0200,5cef1f60-1e78-40ab-8a35-fe731affab16,2026-07-22T21:00:00Z,2026-07-22T23:00:00+0200,158.36,EUR/MWh,FR,FR,day_ahead_price,value,2026-08-21T12:09:10Z
2026-08-21T12:03:35Z,2026-08-21T14:03:35+0200,5cef1f60-1e78-40ab-8a35-fe731affab16,2026-07-22T21:15:00Z,2026-07-22T23:15:00+0200,152.27,EUR/MWh,FR,FR,day_ahead_price,value,2026-08-21T12:09:10Z
2026-08-21T12:03:35Z,2026-08-21T14:03:35+0200,5cef1f60-1e78-40ab-8a35-fe731affab16,2026-07-22T21:30:00Z,2026-07-22T23:30:00+0200,150.45,EUR/MWh,FR,FR,day_ahead_price,value,2026-08-21T12:09:10Z
2026-08-21T12:03:35Z,2026-08-21T14:03:35+0200,5cef1f60-1e78-40ab-8a35-fe731affab16,2026-07-22T21:45:00Z,2026-07-22T23:45:00+0200,140.0,EUR/MWh,FR,FR,day_ahead_price,value,2026-08-21T12:09:10Z
2026-08-21T12:03:35Z,2026-08-21T14:03:35+0200,5cef1f60-1e78-40ab-8a35-fe731affab16,2026-07-22T22:00:00Z,2026-07-23T00:00:00+0200,162.66,EUR/MWh,FR,FR,day_ahead_price,value,2026-08-21T12:09:10Z
2026-08-21T12:03:35Z,2026-08-21T14:03:35+0200,5cef1f60-1e78-40ab-8a35-fe731affab16,2026-07-22T22:15:00Z,2026-07-23T00:15:00+0200,153.12,EUR/MWh,FR,FR,day_ahead_price,value,2026-08-21T12:09:10Z
2026-08-21T12:03:35Z,2026-08-21T14:03:35+0200,5cef1f60-1e78-40ab-8a35-fe731affab16,2026-07-22T22:30:00Z,2026-07-23T00:30:00+0200,144.53,EUR/MWh,FR,FR,day_ahead_price,value,2026-08-21T12:09:10Z
2026-08-21T12:03:35Z,2026-08-21T14:03:35+0200,5cef1f60-1e78-40ab-8a35-fe731affab16,2026-07-22T22:45:00Z,2026-07-23T00:45:00+0200,134.38,EUR/MWh,FR,FR,day_ahead_price,value,2026-08-21T12:09:10Z
2026-08-21T12:03:35Z,2026-08-21T14:03:35+0200,5cef1f60-1e78-40ab-8a35-fe731affab16,2026-07-22T23:00:00Z,2026-07-23T01:00:00+0200,146.57,EUR/MWh,FR,FR,day_ahead_price,value,2026-08-21T12:09:10Z
2026-08-21T12:03:35Z,2026-08-21T14:03:35+0200,5cef1f60-1e78-40ab-8a35-fe731affab16,2026-07-22T23:15:00Z,2026-07-23T01:15:00+0200,143.35,EUR/MWh,FR,FR,day_ahead_price,value,2026-08-21T12:09:10Z
2026-08-21T12:03:35Z,2026-08-21T14:03:35+0200,5cef1f60-1e78-40ab-8a35-fe731affab16,2026-07-22T23:30:00Z,2026-07-23T01:30:00+0200,142.21,EUR/MWh,FR,FR,day_ahead_price,value,2026-08-21T12:09:10Z
2026-08-21T12:03:35Z,2026-08-21T14:03:35+0200,5cef1f60-1e78-40ab-8a35-fe731affab16,2026-07-22T23:45:00Z,2026-07-23T01:45:00+0200,134.23,EUR/MWh,FR,FR,day_ahead_price,value,2026-08-21T12:09:10Z
2026-08-21T12:03:35Z,2026-08-21T14:03:35+0200,5cef1f60-1e78-40ab-8a35-fe731affab16,2026-07-23T00:00:00Z,2026-07-23T02:00:00+0200,141.24,EUR/MWh,FR,FR,day_ahead_price,value,2026-08-21T12:09:10Z
2026-08-21T12:03:35Z,2026-08-21T14:03:35+0200,5cef1f60-1e78-40ab-8a35-fe731affab16,2026-07-23T00:15:00Z,2026-07-23T02:15:00+0200,137.47,EUR/MWh,FR,FR,day_ahead_price,value,2026-08-21T12:09:10Z
2026-08-21T12:03:35Z,2026-08-21T14:03:35+0200,5cef1f60-1e78-40ab-8a35-fe731affab16,2026-07-23T00:30:00Z,2026-07-23T02:30:00+0200,136.45,EUR/MWh,FR,FR,day_ahead_price,value,2026-08-21T12:09:10Z
2026-08-21T12:03:35Z,2026-08-21T14:03:35+0200,5cef1f60-1e78-40ab-8a35-fe731affab16,2026-07-23T00:45:00Z,2026-07-23T02:45:00+0200,134.09,EUR/MWh,FR,FR,day_ahead_price,value,2026-08-21T12:09:10Z
2026-08-21T12:03:35Z,2026-08-21T14:03:35+0200,5cef1f60-1e78-40ab-8a35-fe731affab16,2026-07-23T01:00:00Z,2026-07-23T03:00:00+0200,134.44,EUR/MWh,FR,FR,day_ahead_price,value,2026-08-21T12:09:10Z
2026-08-21T12:03:35Z,2026-08-21T14:03:35+0200,5cef1f60-1e78-40ab-8a35-fe731affab16,2026-07-23T01:15:00Z,2026-07-23T03:15:00+0200,137.96,EUR/MWh,FR,FR,day_ahead_price,value,2026-08-21T12:09:10Z
2026-08-21T12:03:35Z,2026-08-21T14:03:35+0200,5cef1f60-1e78-40ab-8a35-fe731affab16,2026-07-23T01:30:00Z,2026-07-23T03:30:00+0200,135.15,EUR/MWh,FR,FR,day_ahead_price,value,2026-08-21T12:09:10Z
2026-08-21T12:03:35Z,2026-08-21T14:03:35+0200,5cef1f60-1e78-40ab-8a35-fe731affab16,2026-07-23T01:45:00Z,2026-07-23T03:45:00+0200,135.16,EUR/MWh,FR,FR,day_ahead_price,value,2026-08-21T12:09:10Z
2026-08-21T12:03:35Z,2026-08-21T14:03:35+0200,5cef1f60-1e78-40ab-8a35-fe731affab16,2026-07-23T02:00:00Z,2026-07-23T04:00:00+0200,134.96,EUR/MWh,FR,FR,day_ahead_price,value,2026-08-21T12:09:10Z
2026-08-21T12:03:35Z,2026-08-21T14:03:35+0200,5cef1f60-1e78-40ab-8a35-fe731affab16,2026-07-23T02:15:00Z,2026-07-23T04:15:00+0200,137.27,EUR/MWh,FR,FR,day_ahead_price,value,2026-08-21T12:09:10Z
2026-08-21T12:03:35Z,2026-08-21T14:03:35+0200,5cef1f60-1e78-40ab-8a35-fe731affab16,2026-07-23T02:30:00Z,2026-07-23T04:30:00+0200,140.36,EUR/MWh,FR,FR,day_ahead_price,value,2026-08-21T12:09:10Z
2026-08-21T12:03:35Z,2026-08-21T14:03:35+0200,5cef1f60-1e78-40ab-8a35-fe731affab16,2026-07-23T02:45:00Z,2026-07-23T04:45:00+0200,143.62,EUR/MWh,FR,FR,day_ahead_price,value,2026-08-21T12:09:10Z
2026-08-21T12:03:35Z,2026-08-21T14:03:35+0200,5cef1f60-1e78-40ab-8a35-fe731affab16,2026-07-23T03:00:00Z,2026-07-23T05:00:00+0200,136.26,EUR/MWh,FR,FR,day_ahead_price,value,2026-08-21T12:09:10Z
2026-08-21T12:03:35Z,2026-08-21T14:03:35+0200,5cef1f60-1e78-40ab-8a35-fe731affab16,2026-07-23T03:15:00Z,2026-07-23T05:15:00+0200,141.43,EUR/MWh,FR,FR,day_ahead_price,value,2026-08-21T12:09:10Z
2026-08-21T12:03:35Z,2026-08-21T14:03:35+0200,5cef1f60-1e78-40ab-8a35-fe731affab16,2026-07-23T03:30:00Z,2026-07-23T05:30:00+0200,150.64,EUR/MWh,FR,FR,day_ahead_price,value,2026-08-21T12:09:10Z
2026-08-21T12:03:35Z,2026-08-21T14:03:35+0200,5cef1f60-1e78-40ab-8a35-fe731affab16,2026-07-23T03:45:00Z,2026-07-23T05:45:00+0200,156.45,EUR/MWh,FR,FR,day_ahead_price,value,2026-08-21T12:09:10Z
2026-08-21T12:03:35Z,2026-08-21T14:03:35+0200,5cef1f60-1e78-40ab-8a35-fe731affab16,2026-07-23T04:00:00Z,2026-07-23T06:00:00+0200,151.85,EUR/MWh,FR,FR,day_ahead_price,value,2026-08-21T12:09:10Z
2026-08-21T12:03:35Z,2026-08-21T14:03:35+0200,5cef1f60-1e78-40ab-8a35-fe731affab16,2026-07-23T04:15:00Z,2026-07-23T06:15:00+0200,163.01,EUR/MWh,FR,FR,day_ahead_price,value,2026-08-21T12:09:10Z
2026-08-21T12:03:35Z,2026-08-21T14:03:35+0200,5cef1f60-1e78-40ab-8a35-fe731affab16,2026-07-23T04:30:00Z,2026-07-23T06:30:00+0200,161.96,EUR/MWh,FR,FR,day_ahead_price,value,2026-08-21T12:09:10Z
2026-08-21T12:03:35Z,2026-08-21T14:03:35+0200,5cef1f60-1e78-40ab-8a35-fe731affab16,2026-07-23T04:45:00Z,2026-07-23T06:45:00+0200,164.01,EUR/MWh,FR,FR,day_ahead_price,value,2026-08-21T12:09:10Z
2026-08-21T12:03:35Z,2026-08-21T14:03:35+0200,5cef1f60-1e78-40ab-8a35-fe731affab16,2026-07-23T05:00:00Z,2026-07-23T07:00:00+0200,173.65,EUR/MWh,FR,FR,day_ahead_price,value,2026-08-21T12:09:10Z
2026-08-21T12:03:35Z,2026-08-21T14:03:35+0200,5cef1f60-1e78-40ab-8a35-fe731affab16,2026-07-23T05:15:00Z,2026-07-23T07:15:00+0200,173.72,EUR/MWh,FR,FR,day_ahead_price,value,2026-08-21T12:09:10Z
2026-08-21T12:03:35Z,2026-08-21T14:03:35+0200,5cef1f60-1e78-40ab-8a35-fe731affab16,2026-07-23T05:30:00Z,2026-07-23T07:30:00+0200,164.15,EUR/MWh,FR,FR,day_ahead_price,value,2026-08-21T12:09:10Z
2026-08-21T12:03:35Z,2026-08-21T14:03:35+0200,5cef1f60-1e78-40ab-8a35-fe731affab16,2026-07-23T05:45:00Z,2026-07-23T07:45:00+0200,161.76,EUR/MWh,FR,FR,day_ahead_price,value,2026-08-21T12:09:10Z
2026-08-21T12:03:35Z,2026-08-21T14:03:35+0200,5cef1f60-1e78-40ab-8a35-fe731affab16,2026-07-23T06:00:00Z,2026-07-23T08:00:00+0200,174.01,EUR/MWh,FR,FR,day_ahead_price,value,2026-08-21T12:09:10Z
2026-08-21T12:03:35Z,2026-08-21T14:03:35+0200,5cef1f60-1e78-40ab-8a35-fe731affab16,2026-07-23T06:15:00Z,2026-07-23T08:15:00+0200,162.8,EUR/MWh,FR,FR,day_ahead_price,value,2026-08-21T12:09:10Z
2026-08-21T12:03:35Z,2026-08-21T14:03:35+0200,5cef1f60-1e78-40ab-8a35-fe731affab16,2026-07-23T06:30:00Z,2026-07-23T08:30:00+0200,159.02,EUR/MWh,FR,FR,day_ahead_price,value,2026-08-21T12:09:10Z
2026-08-21T12:03:35Z,2026-08-21T14:03:35+0200,5cef1f60-1e78-40ab-8a35-fe731affab16,2026-07-23T06:45:00Z,2026-07-23T08:45:00+0200,140.44,EUR/MWh,FR,FR,day_ahead_price,value,2026-08-21T12:09:10Z
2026-08-21T12:03:35Z,2026-08-21T14:03:35+0200,5cef1f60-1e78-40ab-8a35-fe731affab16,2026-07-23T07:00:00Z,2026-07-23T09:00:00+0200,159.76,EUR/MWh,FR,FR,day_ahead_price,value,2026-08-21T12:09:10Z
2026-08-21T12:03:35Z,2026-08-21T14:03:35+0200,5cef1f60-1e78-40ab-8a35-fe731affab16,2026-07-23T07:15:00Z,2026-07-23T09:15:00+0200,142.04,EUR/MWh,FR,FR,day_ahead_price,value,2026-08-21T12:09:10Z
2026-08-21T12:03:35Z,2026-08-21T14:03:35+0200,5cef1f60-1e78-40ab-8a35-fe731affab16,2026-07-23T07:30:00Z,2026-07-23T09:30:00+0200,116.9,EUR/MWh,FR,FR,day_ahead_price,value,2026-08-21T12:09:10Z
2026-08-21T12:03:35Z,2026-08-21T14:03:35+0200,5cef1f60-1e78-40ab-8a35-fe731affab16,2026-07-23T07:45:00Z,2026-07-23T09:45:00+0200,106.51,EUR/MWh,FR,FR,day_ahead_price,value,2026-08-21T12:09:10Z
2026-08-21T12:03:35Z,2026-08-21T14:03:35+0200,5cef1f60-1e78-40ab-8a35-fe731affab16,2026-07-23T08:00:00Z,2026-07-23T10:00:00+0200,114.97,EUR/MWh,FR,FR,day_ahead_price,value,2026-08-21T12:09:10Z
2026-08-21T12:03:35Z,2026-08-21T14:03:35+0200,5cef1f60-1e78-40ab-8a35-fe731affab16,2026-07-23T08:15:00Z,2026-07-23T10:15:00+0200,92.28,EUR/MWh,FR,FR,day_ahead_price,value,2026-08-21T12:09:10Z
2026-08-21T12:03:35Z,2026-08-21T14:03:35+0200,5cef1f60-1e78-40ab-8a35-fe731affab16,2026-07-23T08:30:00Z,2026-07-23T10:30:00+0200,76.88,EUR/MWh,FR,FR,day_ahead_price,value,2026-08-21T12:09:10Z
2026-08-21T12:03:35Z,2026-08-21T14:03:35+0200,5cef1f60-1e78-40ab-8a35-fe731affab16,2026-07-23T08:45:00Z,2026-07-23T10:45:00+0200,19.28,EUR/MWh,FR,FR,day_ahead_price,value,2026-08-21T12:09:10Z
2026-08-21T12:03:35Z,2026-08-21T14:03:35+0200,5cef1f60-1e78-40ab-8a35-fe731affab16,2026-07-23T09:00:00Z,2026-07-23T11:00:00+0200,41.52,EUR/MWh,FR,FR,day_ahead_price,value,2026-08-21T12:09:10Z
2026-08-21T12:03:35Z,2026-08-21T14:03:35+0200,5cef1f60-1e78-40ab-8a35-fe731affab16,2026-07-23T09:15:00Z,2026-07-23T11:15:00+0200,16.17,EUR/MWh,FR,FR,day_ahead_price,value,2026-08-21T12:09:10Z
2026-08-21T12:03:35Z,2026-08-21T14:03:35+0200,5cef1f60-1e78-40ab-8a35-fe731affab16,2026-07-23T09:30:00Z,2026-07-23T11:30:00+0200,0.0,EUR/MWh,FR,FR,day_ahead_price,value,2026-08-21T12:09:10Z
2026-08-21T12:03:35Z,2026-08-21T14:03:35+0200,5cef1f60-1e78-40ab-8a35-fe731affab16,2026-07-23T09:45:00Z,2026-07-23T11:45:00+0200,0.0,EUR/MWh,FR,FR,day_ahead_price,value,2026-08-21T12:09:10Z
2026-08-21T12:03:35Z,2026-08-21T14:03:35+0200,5cef1f60-1e78-40ab-8a35-fe731affab16,2026-07-23T10:00:00Z,2026-07-23T12:00:00+0200,7.45,EUR/MWh,FR,FR,day_ahead_price,value,2026-08-21T12:09:10Z
2026-08-21T12:03:35Z,2026-08-21T14:03:35+0200,5cef1f60-1e78-40ab-8a35-fe731affab16,2026-07-23T10:15:00Z,2026-07-23T12:15:00+0200,0.0,EUR/MWh,FR,FR,day_ahead_price,value,2026-08-21T12:09:10Z
2026-08-21T12:03:35Z,2026-08-21T14:03:35+0200,5cef1f60-1e78-40ab-8a35-fe731affab16,2026-07-23T10:30:00Z,2026-07-23T12:30:00+0200,21.77,EUR/MWh,FR,FR,day_ahead_price,value,2026-08-21T12:09:10Z
2026-08-21T12:03:35Z,2026-08-21T14:03:35+0200,5cef1f60-1e78-40ab-8a35-fe731affab16,2026-07-23T10:45:00Z,2026-07-23T12:45:00+0200,6.46,EUR/MWh,FR,FR,day_ahead_price,value,2026-08-21T12:09:10Z
2026-08-21T12:03:35Z,2026-08-21T14:03:35+0200,5cef1f60-1e78-40ab-8a35-fe731affab16,2026-07-23T11:00:00Z,2026-07-23T13:00:00+0200,0.0,EUR/MWh,FR,FR,day_ahead_price,value,2026-08-21T12:09:10Z
2026-08-21T12:03:35Z,2026-08-21T14:03:35+0200,5cef1f60-1e78-40ab-8a35-fe731affab16,2026-07-23T11:15:00Z,2026-07-23T13:15:00+0200,0.0,EUR/MWh,FR,FR,day_ahead_price,value,2026-08-21T12:09:10Z
2026-08-21T12:03:35Z,2026-08-21T14:03:35+0200,5cef1f60-1e78-40ab-8a35-fe731affab16,2026-07-23T11:30:00Z,2026-07-23T13:30:00+0200,0.0,EUR/MWh,FR,FR,day_ahead_price,value,2026-08-21T12:09:10Z
2026-08-21T12:03:35Z,2026-08-21T14:03:35+0200,5cef1f60-1e78-40ab-8a35-fe731affab16,2026-07-23T11:45:00Z,2026-07-23T13:45:00+0200,0.0,EUR/MWh,FR,FR,day_ahead_price,value,2026-08-21T12:09:10Z
2026-08-21T12:03:35Z,2026-08-21T14:03:35+0200,5cef1f60-1e78-40ab-8a35-fe731affab16,2026-07-23T12:00:00Z,2026-07-23T14:00:00+0200,2.82,EUR/MWh,FR,FR,day_ahead_price,value,2026-08-21T12:09:10Z
2026-08-21T12:03:35Z,2026-08-21T14:03:35+0200,5cef1f60-1e78-40ab-8a35-fe731affab16,2026-07-23T12:15:00Z,2026-07-23T14:15:00+0200,3.16,EUR/MWh,FR,FR,day_ahead_price,value,2026-08-21T12:09:10Z
2026-08-21T12:03:35Z,2026-08-21T14:03:35+0200,5cef1f60-1e78-40ab-8a35-fe731affab16,2026-07-23T12:30:00Z,2026-07-23T14:30:00+0200,8.78,EUR/MWh,FR,FR,day_ahead_price,value,2026-08-21T12:09:10Z
2026-08-21T12:03:35Z,2026-08-21T14:03:35+0200,5cef1f60-1e78-40ab-8a35-fe731affab16,2026-07-23T12:45:00Z,2026-07-23T14:45:00+0200,6.76,EUR/MWh,FR,FR,day_ahead_price,value,2026-08-21T12:09:10Z
2026-08-21T12:03:35Z,2026-08-21T14:03:35+0200,5cef1f60-1e78-40ab-8a35-fe731affab16,2026-07-23T13:00:00Z,2026-07-23T15:00:00+0200,2.88,EUR/MWh,FR,FR,day_ahead_price,value,2026-08-21T12:09:10Z
2026-08-21T12:03:35Z,2026-08-21T14:03:35+0200,5cef1f60-1e78-40ab-8a35-fe731affab16,2026-07-23T13:15:00Z,2026-07-23T15:15:00+0200,4.48,EUR/MWh,FR,FR,day_ahead_price,value,2026-08-21T12:09:10Z
2026-08-21T12:03:35Z,2026-08-21T14:03:35+0200,5cef1f60-1e78-40ab-8a35-fe731affab16,2026-07-23T13:30:00Z,2026-07-23T15:30:00+0200,3.04,EUR/MWh,FR,FR,day_ahead_price,value,2026-08-21T12:09:10Z
2026-08-21T12:03:35Z,2026-08-21T14:03:35+0200,5cef1f60-1e78-40ab-8a35-fe731affab16,2026-07-23T13:45:00Z,2026-07-23T15:45:00+0200,0.09,EUR/MWh,FR,FR,day_ahead_price,value,2026-08-21T12:09:10Z
2026-08-21T12:03:35Z,2026-08-21T14:03:35+0200,5cef1f60-1e78-40ab-8a35-fe731affab16,2026-07-23T14:00:00Z,2026-07-23T16:00:00+0200,3.07,EUR/MWh,FR,FR,day_ahead_price,value,2026-08-21T12:09:10Z
2026-08-21T12:03:35Z,2026-08-21T14:03:35+0200,5cef1f60-1e78-40ab-8a35-fe731affab16,2026-07-23T14:15:00Z,2026-07-23T16:15:00+0200,6.85,EUR/MWh,FR,FR,day_ahead_price,value,2026-08-21T12:09:10Z
2026-08-21T12:03:35Z,2026-08-21T14:03:35+0200,5cef1f60-1e78-40ab-8a35-fe731affab16,2026-07-23T14:30:00Z,2026-07-23T16:30:00+0200,11.2,EUR/MWh,FR,FR,day_ahead_price,value,2026-08-21T12:09:10Z
2026-08-21T12:03:35Z,2026-08-21T14:03:35+0200,5cef1f60-1e78-40ab-8a35-fe731affab16,2026-07-23T14:45:00Z,2026-07-23T16:45:00+0200,30.23,EUR/MWh,FR,FR,day_ahead_price,value,2026-08-21T12:09:10Z
2026-08-21T12:03:35Z,2026-08-21T14:03:35+0200,5cef1f60-1e78-40ab-8a35-fe731affab16,2026-07-23T15:00:00Z,2026-07-23T17:00:00+0200,38.99,EUR/MWh,FR,FR,day_ahead_price,value,2026-08-21T12:09:10Z
2026-08-21T12:03:35Z,2026-08-21T14:03:35+0200,5cef1f60-1e78-40ab-8a35-fe731affab16,2026-07-23T15:15:00Z,2026-07-23T17:15:00+0200,79.32,EUR/MWh,FR,FR,day_ahead_price,value,2026-08-21T12:09:10Z
2026-08-21T12:03:35Z,2026-08-21T14:03:35+0200,5cef1f60-1e78-40ab-8a35-fe731affab16,2026-07-23T15:30:00Z,2026-07-23T17:30:00+0200,89.0,EUR/MWh,FR,FR,day_ahead_price,value,2026-08-21T12:09:10Z
2026-08-21T12:03:35Z,2026-08-21T14:03:35+0200,5cef1f60-1e78-40ab-8a35-fe731affab16,2026-07-23T15:45:00Z,2026-07-23T17:45:00+0200,95.0,EUR/MWh,FR,FR,day_ahead_price,value,2026-08-21T12:09:10Z
2026-08-21T12:03:35Z,2026-08-21T14:03:35+0200,5cef1f60-1e78-40ab-8a35-fe731affab16,2026-07-23T16:00:00Z,2026-07-23T18:00:00+0200,98.85,EUR/MWh,FR,FR,day_ahead_price,value,2026-08-21T12:09:10Z
2026-08-21T12:03:35Z,2026-08-21T14:03:35+0200,5cef1f60-1e78-40ab-8a35-fe731affab16,2026-07-23T16:15:00Z,2026-07-23T18:15:00+0200,129.56,EUR/MWh,FR,FR,day_ahead_price,value,2026-08-21T12:09:10Z
2026-08-21T12:03:35Z,2026-08-21T14:03:35+0200,5cef1f60-1e78-40ab-8a35-fe731affab16,2026-07-23T16:30:00Z,2026-07-23T18:30:00+0200,139.27,EUR/MWh,FR,FR,day_ahead_price,value,2026-08-21T12:09:10Z
2026-08-21T12:03:35Z,2026-08-21T14:03:35+0200,5cef1f60-1e78-40ab-8a35-fe731affab16,2026-07-23T16:45:00Z,2026-07-23T18:45:00+0200,164.92,EUR/MWh,FR,FR,day_ahead_price,value,2026-08-21T12:09:10Z
2026-08-21T12:03:35Z,2026-08-21T14:03:35+0200,5cef1f60-1e78-40ab-8a35-fe731affab16,2026-07-23T17:00:00Z,2026-07-23T19:00:00+0200,152.77,EUR/MWh,FR,FR,day_ahead_price,value,2026-08-21T12:09:10Z
2026-08-21T12:03:35Z,2026-08-21T14:03:35+0200,5cef1f60-1e78-40ab-8a35-fe731affab16,2026-07-23T17:15:00Z,2026-07-23T19:15:00+0200,164.67,EUR/MWh,FR,FR,day_ahead_price,value,2026-08-21T12:09:10Z
2026-08-21T12:03:35Z,2026-08-21T14:03:35+0200,5cef1f60-1e78-40ab-8a35-fe731affab16,2026-07-23T17:30:00Z,2026-07-23T19:30:00+0200,168.27,EUR/MWh,FR,FR,day_ahead_price,value,2026-08-21T12:09:10Z
2026-08-21T12:03:35Z,2026-08-21T14:03:35+0200,5cef1f60-1e78-40ab-8a35-fe731affab16,2026-07-23T17:45:00Z,2026-07-23T19:45:00+0200,178.69,EUR/MWh,FR,FR,day_ahead_price,value,2026-08-21T12:09:10Z
2026-08-21T12:03:35Z,2026-08-21T14:03:35+0200,5cef1f60-1e78-40ab-8a35-fe731affab16,2026-07-23T18:00:00Z,2026-07-23T20:00:00+0200,172.79,EUR/MWh,FR,FR,day_ahead_price,value,2026-08-21T12:09:10Z
2026-08-21T12:03:35Z,2026-08-21T14:03:35+0200,5cef1f60-1e78-40ab-8a35-fe731affab16,2026-07-23T18:15:00Z,2026-07-23T20:15:00+0200,184.89,EUR/MWh,FR,FR,day_ahead_price,value,2026-08-21T12:09:10Z
2026-08-21T12:03:35Z,2026-08-21T14:03:35+0200,5cef1f60-1e78-40ab-8a35-fe731affab16,2026-07-23T18:30:00Z,2026-07-23T20:30:00+0200,186.92,EUR/MWh,FR,FR,day_ahead_price,value,2026-08-21T12:09:10Z
2026-08-21T12:03:35Z,2026-08-21T14:03:35+0200,5cef1f60-1e78-40ab-8a35-fe731affab16,2026-07-23T18:45:00Z,2026-07-23T20:45:00+0200,197.5,EUR/MWh,FR,FR,day_ahead_price,value,2026-08-21T12:09:10Z
2026-08-21T12:03:35Z,2026-08-21T14:03:35+0200,5cef1f60-1e78-40ab-8a35-fe731affab16,2026-07-23T19:00:00Z,2026-07-23T21:00:00+0200,192.84,EUR/MWh,FR,FR,day_ahead_price,value,2026-08-21T12:09:10Z
2026-08-21T12:03:35Z,2026-08-21T14:03:35+0200,5cef1f60-1e78-40ab-8a35-fe731affab16,2026-07-23T19:15:00Z,2026-07-23T21:15:00+0200,191.79,EUR/MWh,FR,FR,day_ahead_price,value,2026-08-21T12:09:10Z
2026-08-21T12:03:35Z,2026-08-21T14:03:35+0200,5cef1f60-1e78-40ab-8a35-fe731affab16,2026-07-23T19:30:00Z,2026-07-23T21:30:00+0200,189.7,EUR/MWh,FR,FR,day_ahead_price,value,2026-08-21T12:09:10Z
2026-08-21T12:03:35Z,2026-08-21T14:03:35+0200,5cef1f60-1e78-40ab-8a35-fe731affab16,2026-07-23T19:45:00Z,2026-07-23T21:45:00+0200,185.67,EUR/MWh,FR,FR,day_ahead_price,value,2026-08-21T12:09:10Z
2026-08-21T12:03:35Z,2026-08-21T14:03:35+0200,5cef1f60-1e78-40ab-8a35-fe731affab16,2026-07-23T20:00:00Z,2026-07-23T22:00:00+0200,195.92,EUR/MWh,FR,FR,day_ahead_price,value,2026-08-21T12:09:10Z
2026-08-21T12:03:35Z,2026-08-21T14:03:35+0200,5cef1f60-1e78-40ab-8a35-fe731affab16,2026-07-23T20:15:00Z,2026-07-23T22:15:00+0200,188.96,EUR/MWh,FR,FR,day_ahead_price,value,2026-08-21T12:09:10Z
2026-08-21T12:03:35Z,2026-08-21T14:03:35+0200,5cef1f60-1e78-40ab-8a35-fe731affab16,2026-07-23T20:30:00Z,2026-07-23T22:30:00+0200,184.29,EUR/MWh,FR,FR,day_ahead_price,value,2026-08-21T12:09:10Z
2026-08-21T12:03:35Z,2026-08-21T14:03:35+0200,5cef1f60-1e78-40ab-8a35-fe731affab16,2026-07-23T20:45:00Z,2026-07-23T22:45:00+0200,177.0,EUR/MWh,FR,FR,day_ahead_price,value,2026-08-21T12:09:10Z
2026-08-21T12:03:35Z,2026-08-21T14:03:35+0200,5cef1f60-1e78-40ab-8a35-fe731affab16,2026-07-23T21:00:00Z,2026-07-23T23:00:00+0200,181.68,EUR/MWh,FR,FR,day_ahead_price,value,2026-08-21T12:09:10Z
2026-08-21T12:03:35Z,2026-08-21T14:03:35+0200,5cef1f60-1e78-40ab-8a35-fe731affab16,2026-07-23T21:15:00Z,2026-07-23T23:15:00+0200,170.66,EUR/MWh,FR,FR,day_ahead_price,value,2026-08-21T12:09:10Z
2026-08-21T12:03:35Z,2026-08-21T14:03:35+0200,5cef1f60-1e78-40ab-8a35-fe731affab16,2026-07-23T21:30:00Z,2026-07-23T23:30:00+0200,166.94,EUR/MWh,FR,FR,day_ahead_price,value,2026-08-21T12:09:10Z
2026-08-21T12:03:35Z,2026-08-21T14:03:35+0200,5cef1f60-1e78-40ab-8a35-fe731affab16,2026-07-23T21:45:00Z,2026-07-23T23:45:00+0200,162.4,EUR/MWh,FR,FR,day_ahead_price,value,2026-08-21T12:09:10Z
2026-08-21T12:03:35Z,2026-08-21T14:03:35+0200,5cef1f60-1e78-40ab-8a35-fe731affab16,2026-07-23T22:00:00Z,2026-07-24T00:00:00+0200,168.22,EUR/MWh,FR,FR,day_ahead_price,value,2026-08-21T12:09:10Z
2026-08-21T12:03:35Z,2026-08-21T14:03:35+0200,5cef1f60-1e78-40ab-8a35-fe731affab16,2026-07-23T22:15:00Z,2026-07-24T00:15:00+0200,163.65,EUR/MWh,FR,FR,day_ahead_price,value,2026-08-21T12:09:10Z
2026-08-21T12:03:35Z,2026-08-21T14:03:35+0200,5cef1f60-1e78-40ab-8a35-fe731affab16,2026-07-23T22:30:00Z,2026-07-24T00:30:00+0200,160.58,EUR/MWh,FR,FR,day_ahead_price,value,2026-08-21T12:09:10Z
2026-08-21T12:03:35Z,2026-08-21T14:03:35+0200,5cef1f60-1e78-40ab-8a35-fe731affab16,2026-07-23T22:45:00Z,2026-07-24T00:45:00+0200,151.56,EUR/MWh,FR,FR,day_ahead_price,value,2026-08-21T12:09:10Z
2026-08-21T12:03:35Z,2026-08-21T14:03:35+0200,5cef1f60-1e78-40ab-8a35-fe731affab16,2026-07-23T23:00:00Z,2026-07-24T01:00:00+0200,160.68,EUR/MWh,FR,FR,day_ahead_price,value,2026-08-21T12:09:10Z
2026-08-21T12:03:35Z,2026-08-21T14:03:35+0200,5cef1f60-1e78-40ab-8a35-fe731affab16,2026-07-23T23:15:00Z,2026-07-24T01:15:00+0200,157.0,EUR/MWh,FR,FR,day_ahead_price,value,2026-08-21T12:09:10Z
2026-08-21T12:03:35Z,2026-08-21T14:03:35+0200,5cef1f60-1e78-40ab-8a35-fe731affab16,2026-07-23T23:30:00Z,2026-07-24T01:30:00+0200,155.89,EUR/MWh,FR,FR,day_ahead_price,value,2026-08-21T12:09:10Z
2026-08-21T12:03:35Z,2026-08-21T14:03:35+0200,5cef1f60-1e78-40ab-8a35-fe731affab16,2026-07-23T23:45:00Z,2026-07-24T01:45:00+0200,151.94,EUR/MWh,FR,FR,day_ahead_price,value,2026-08-21T12:09:10Z
2026-08-21T12:03:35Z,2026-08-21T14:03:35+0200,5cef1f60-1e78-40ab-8a35-fe731affab16,2026-07-24T00:00:00Z,2026-07-24T02:00:00+0200,155.26,EUR/MWh,FR,FR,day_ahead_price,value,2026-08-21T12:09:10Z
2026-08-21T12:03:35Z,2026-08-21T14:03:35+0200,5cef1f60-1e78-40ab-8a35-fe731affab16,2026-07-24T00:15:00Z,2026-07-24T02:15:00+0200,151.69,EUR/MWh,FR,FR,day_ahead_price,value,2026-08-21T12:09:10Z
2026-08-21T12:03:35Z,2026-08-21T14:03:35+0200,5cef1f60-1e78-40ab-8a35-fe731affab16,2026-07-24T00:30:00Z,2026-07-24T02:30:00+0200,120.56,EUR/MWh,FR,FR,day_ahead_price,value,2026-08-21T12:09:10Z
2026-08-21T12:03:35Z,2026-08-21T14:03:35+0200,5cef1f60-1e78-40ab-8a35-fe731affab16,2026-07-24T00:45:00Z,2026-07-24T02:45:00+0200,97.06,EUR/MWh,FR,FR,day_ahead_price,value,2026-08-21T12:09:10Z
2026-08-21T12:03:35Z,2026-08-21T14:03:35+0200,5cef1f60-1e78-40ab-8a35-fe731affab16,2026-07-24T01:00:00Z,2026-07-24T03:00:00+0200,140.57,EUR/MWh,FR,FR,day_ahead_price,value,2026-08-21T12:09:10Z
2026-08-21T12:03:35Z,2026-08-21T14:03:35+0200,5cef1f60-1e78-40ab-8a35-fe731affab16,2026-07-24T01:15:00Z,2026-07-24T03:15:00+0200,137.55,EUR/MWh,FR,FR,day_ahead_price,value,2026-08-21T12:09:10Z
2026-08-21T12:03:35Z,2026-08-21T14:03:35+0200,5cef1f60-1e78-40ab-8a35-fe731affab16,2026-07-24T01:30:00Z,2026-07-24T03:30:00+0200,145.18,EUR/MWh,FR,FR,day_ahead_price,value,2026-08-21T12:09:10Z
2026-08-21T12:03:35Z,2026-08-21T14:03:35+0200,5cef1f60-1e78-40ab-8a35-fe731affab16,2026-07-24T01:45:00Z,2026-07-24T03:45:00+0200,145.85,EUR/MWh,FR,FR,day_ahead_price,value,2026-08-21T12:09:10Z
2026-08-21T12:03:35Z,2026-08-21T14:03:35+0200,5cef1f60-1e78-40ab-8a35-fe731affab16,2026-07-24T02:00:00Z,2026-07-24T04:00:00+0200,139.28,EUR/MWh,FR,FR,day_ahead_price,value,2026-08-21T12:09:10Z
2026-08-21T12:03:35Z,2026-08-21T14:03:35+0200,5cef1f60-1e78-40ab-8a35-fe731affab16,2026-07-24T02:15:00Z,2026-07-24T04:15:00+0200,127.48,EUR/MWh,FR,FR,day_ahead_price,value,2026-08-21T12:09:10Z
2026-08-21T12:03:35Z,2026-08-21T14:03:35+0200,5cef1f60-1e78-40ab-8a35-fe731affab16,2026-07-24T02:30:00Z,2026-07-24T04:30:00+0200,125.66,EUR/MWh,FR,FR,day_ahead_price,value,2026-08-21T12:09:10Z
2026-08-21T12:03:35Z,2026-08-21T14:03:35+0200,5cef1f60-1e78-40ab-8a35-fe731affab16,2026-07-24T02:45:00Z,2026-07-24T04:45:00+0200,140.18,EUR/MWh,FR,FR,day_ahead_price,value,2026-08-21T12:09:10Z
2026-08-21T12:03:35Z,2026-08-21T14:03:35+0200,5cef1f60-1e78-40ab-8a35-fe731affab16,2026-07-24T03:00:00Z,2026-07-24T05:00:00+0200,153.07,EUR/MWh,FR,FR,day_ahead_price,value,2026-08-21T12:09:10Z
2026-08-21T12:03:35Z,2026-08-21T14:03:35+0200,5cef1f60-1e78-40ab-8a35-fe731affab16,2026-07-24T03:15:00Z,2026-07-24T05:15:00+0200,158.62,EUR/MWh,FR,FR,day_ahead_price,value,2026-08-21T12:09:10Z
2026-08-21T12:03:35Z,2026-08-21T14:03:35+0200,5cef1f60-1e78-40ab-8a35-fe731affab16,2026-07-24T03:30:00Z,2026-07-24T05:30:00+0200,165.46,EUR/MWh,FR,FR,day_ahead_price,value,2026-08-21T12:09:10Z
2026-08-21T12:03:35Z,2026-08-21T14:03:35+0200,5cef1f60-1e78-40ab-8a35-fe731affab16,2026-07-24T03:45:00Z,2026-07-24T05:45:00+0200,169.2,EUR/MWh,FR,FR,day_ahead_price,value,2026-08-21T12:09:10Z
2026-08-21T12:03:35Z,2026-08-21T14:03:35+0200,5cef1f60-1e78-40ab-8a35-fe731affab16,2026-07-24T04:00:00Z,2026-07-24T06:00:00+0200,168.25,EUR/MWh,FR,FR,day_ahead_price,value,2026-08-21T12:09:10Z
2026-08-21T12:03:35Z,2026-08-21T14:03:35+0200,5cef1f60-1e78-40ab-8a35-fe731affab16,2026-07-24T04:15:00Z,2026-07-24T06:15:00+0200,177.35,EUR/MWh,FR,FR,day_ahead_price,value,2026-08-21T12:09:10Z
2026-08-21T12:03:35Z,2026-08-21T14:03:35+0200,5cef1f60-1e78-40ab-8a35-fe731affab16,2026-07-24T04:30:00Z,2026-07-24T06:30:00+0200,175.13,EUR/MWh,FR,FR,day_ahead_price,value,2026-08-21T12:09:10Z
2026-08-21T12:03:35Z,2026-08-21T14:03:35+0200,5cef1f60-1e78-40ab-8a35-fe731affab16,2026-07-24T04:45:00Z,2026-07-24T06:45:00+0200,171.9,EUR/MWh,FR,FR,day_ahead_price,value,2026-08-21T12:09:10Z
2026-08-21T12:03:35Z,2026-08-21T14:03:35+0200,5cef1f60-1e78-40ab-8a35-fe731affab16,2026-07-24T05:00:00Z,2026-07-24T07:00:00+0200,178.19,EUR/MWh,FR,FR,day_ahead_price,value,2026-08-21T12:09:10Z
2026-08-21T12:03:35Z,2026-08-21T14:03:35+0200,5cef1f60-1e78-40ab-8a35-fe731affab16,2026-07-24T05:15:00Z,2026-07-24T07:15:00+0200,172.31,EUR/MWh,FR,FR,day_ahead_price,value,2026-08-21T12:09:10Z
2026-08-21T12:03:35Z,2026-08-21T14:03:35+0200,5cef1f60-1e78-40ab-8a35-fe731affab16,2026-07-24T05:30:00Z,2026-07-24T07:30:00+0200,167.32,EUR/MWh,FR,FR,day_ahead_price,value,2026-08-21T12:09:10Z
2026-08-21T12:03:35Z,2026-08-21T14:03:35+0200,5cef1f60-1e78-40ab-8a35-fe731affab16,2026-07-24T05:45:00Z,2026-07-24T07:45:00+0200,152.68,EUR/MWh,FR,FR,day_ahead_price,value,2026-08-21T12:09:10Z
2026-08-21T12:03:35Z,2026-08-21T14:03:35+0200,5cef1f60-1e78-40ab-8a35-fe731affab16,2026-07-24T06:00:00Z,2026-07-24T08:00:00+0200,173.96,EUR/MWh,FR,FR,day_ahead_price,value,2026-08-21T12:09:10Z
2026-08-21T12:03:35Z,2026-08-21T14:03:35+0200,5cef1f60-1e78-40ab-8a35-fe731affab16,2026-07-24T06:15:00Z,2026-07-24T08:15:00+0200,166.76,EUR/MWh,FR,FR,day_ahead_price,value,2026-08-21T12:09:10Z
2026-08-21T12:03:35Z,2026-08-21T14:03:35+0200,5cef1f60-1e78-40ab-8a35-fe731affab16,2026-07-24T06:30:00Z,2026-07-24T08:30:00+0200,158.51,EUR/MWh,FR,FR,day_ahead_price,value,2026-08-21T12:09:10Z
2026-08-21T12:03:35Z,2026-08-21T14:03:35+0200,5cef1f60-1e78-40ab-8a35-fe731affab16,2026-07-24T06:45:00Z,2026-07-24T08:45:00+0200,139.6,EUR/MWh,FR,FR,day_ahead_price,value,2026-08-21T12:09:10Z
2026-08-21T12:03:35Z,2026-08-21T14:03:35+0200,5cef1f60-1e78-40ab-8a35-fe731affab16,2026-07-24T07:00:00Z,2026-07-24T09:00:00+0200,170.0,EUR/MWh,FR,FR,day_ahead_price,value,2026-08-21T12:09:10Z
2026-08-21T12:03:35Z,2026-08-21T14:03:35+0200,5cef1f60-1e78-40ab-8a35-fe731affab16,2026-07-24T07:15:00Z,2026-07-24T09:15:00+0200,134.23,EUR/MWh,FR,FR,day_ahead_price,value,2026-08-21T12:09:10Z
2026-08-21T12:03:35Z,2026-08-21T14:03:35+0200,5cef1f60-1e78-40ab-8a35-fe731affab16,2026-07-24T07:30:00Z,2026-07-24T09:30:00+0200,110.13,EUR/MWh,FR,FR,day_ahead_price,value,2026-08-21T12:09:10Z
2026-08-21T12:03:35Z,2026-08-21T14:03:35+0200,5cef1f60-1e78-40ab-8a35-fe731affab16,2026-07-24T07:45:00Z,2026-07-24T09:45:00+0200,95.08,EUR/MWh,FR,FR,day_ahead_price,value,2026-08-21T12:09:10Z
2026-08-21T12:03:35Z,2026-08-21T14:03:35+0200,5cef1f60-1e78-40ab-8a35-fe731affab16,2026-07-24T08:00:00Z,2026-07-24T10:00:00+0200,99.0,EUR/MWh,FR,FR,day_ahead_price,value,2026-08-21T12:09:10Z
2026-08-21T12:03:35Z,2026-08-21T14:03:35+0200,5cef1f60-1e78-40ab-8a35-fe731affab16,2026-07-24T08:15:00Z,2026-07-24T10:15:00+0200,85.2,EUR/MWh,FR,FR,day_ahead_price,value,2026-08-21T12:09:10Z
2026-08-21T12:03:35Z,2026-08-21T14:03:35+0200,5cef1f60-1e78-40ab-8a35-fe731affab16,2026-07-24T08:30:00Z,2026-07-24T10:30:00+0200,74.52,EUR/MWh,FR,FR,day_ahead_price,value,2026-08-21T12:09:10Z
2026-08-21T12:03:35Z,2026-08-21T14:03:35+0200,5cef1f60-1e78-40ab-8a35-fe731affab16,2026-07-24T08:45:00Z,2026-07-24T10:45:00+0200,45.0,EUR/MWh,FR,FR,day_ahead_price,value,2026-08-21T12:09:10Z
2026-08-21T12:03:35Z,2026-08-21T14:03:35+0200,5cef1f60-1e78-40ab-8a35-fe731affab16,2026-07-24T09:00:00Z,2026-07-24T11:00:00+0200,33.78,EUR/MWh,FR,FR,day_ahead_price,value,2026-08-21T12:09:10Z
2026-08-21T12:03:35Z,2026-08-21T14:03:35+0200,5cef1f60-1e78-40ab-8a35-fe731affab16,2026-07-24T09:15:00Z,2026-07-24T11:15:00+0200,13.35,EUR/MWh,FR,FR,day_ahead_price,value,2026-08-21T12:09:10Z
2026-08-21T12:03:35Z,2026-08-21T14:03:35+0200,5cef1f60-1e78-40ab-8a35-fe731affab16,2026-07-24T09:30:00Z,2026-07-24T11:30:00+0200,1.5,EUR/MWh,FR,FR,day_ahead_price,value,2026-08-21T12:09:10Z
2026-08-21T12:03:35Z,2026-08-21T14:03:35+0200,5cef1f60-1e78-40ab-8a35-fe731affab16,2026-07-24T09:45:00Z,2026-07-24T11:45:00+0200,1.0,EUR/MWh,FR,FR,day_ahead_price,value,2026-08-21T12:09:10Z
2026-08-21T12:03:35Z,2026-08-21T14:03:35+0200,5cef1f60-1e78-40ab-8a35-fe731affab16,2026-07-24T10:00:00Z,2026-07-24T12:00:00+0200,2.2,EUR/MWh,FR,FR,day_ahead_price,value,2026-08-21T12:09:10Z
2026-08-21T12:03:35Z,2026-08-21T14:03:35+0200,5cef1f60-1e78-40ab-8a35-fe731affab16,2026-07-24T10:15:00Z,2026-07-24T12:15:00+0200,1.5,EUR/MWh,FR,FR,day_ahead_price,value,2026-08-21T12:09:10Z
2026-08-21T12:03:35Z,2026-08-21T14:03:35+0200,5cef1f60-1e78-40ab-8a35-fe731affab16,2026-07-24T10:30:00Z,2026-07-24T12:30:00+0200,1.15,EUR/MWh,FR,FR,day_ahead_price,value,2026-08-21T12:09:10Z
2026-08-21T12:03:35Z,2026-08-21T14:03:35+0200,5cef1f60-1e78-40ab-8a35-fe731affab16,2026-07-24T10:45:00Z,2026-07-24T12:45:00+0200,1.08,EUR/MWh,FR,FR,day_ahead_price,value,2026-08-21T12:09:10Z
2026-08-21T12:03:35Z,2026-08-21T14:03:35+0200,5cef1f60-1e78-40ab-8a35-fe731affab16,2026-07-24T11:00:00Z,2026-07-24T13:00:00+0200,0.0,EUR/MWh,FR,FR,day_ahead_price,value,2026-08-21T12:09:10Z
2026-08-21T12:03:35Z,2026-08-21T14:03:35+0200,5cef1f60-1e78-40ab-8a35-fe731affab16,2026-07-24T11:15:00Z,2026-07-24T13:15:00+0200,0.0,EUR/MWh,FR,FR,day_ahead_price,value,2026-08-21T12:09:10Z
2026-08-21T12:03:35Z,2026-08-21T14:03:35+0200,5cef1f60-1e78-40ab-8a35-fe731affab16,2026-07-24T11:30:00Z,2026-07-24T13:30:00+0200,0.0,EUR/MWh,FR,FR,day_ahead_price,value,2026-08-21T12:09:10Z
2026-08-21T12:03:35Z,2026-08-21T14:03:35+0200,5cef1f60-1e78-40ab-8a35-fe731affab16,2026-07-24T11:45:00Z,2026-07-24T13:45:00+0200,0.0,EUR/MWh,FR,FR,day_ahead_price,value,2026-08-21T12:09:10Z
2026-08-21T12:03:35Z,2026-08-21T14:03:35+0200,5cef1f60-1e78-40ab-8a35-fe731affab16,2026-07-24T12:00:00Z,2026-07-24T14:00:00+0200,0.0,EUR/MWh,FR,FR,day_ahead_price,value,2026-08-21T12:09:10Z
2026-08-21T12:03:35Z,2026-08-21T14:03:35+0200,5cef1f60-1e78-40ab-8a35-fe731affab16,2026-07-24T12:15:00Z,2026-07-24T14:15:00+0200,0.0,EUR/MWh,FR,FR,day_ahead_price,value,2026-08-21T12:09:10Z
2026-08-21T12:03:35Z,2026-08-21T14:03:35+0200,5cef1f60-1e78-40ab-8a35-fe731affab16,2026-07-24T12:30:00Z,2026-07-24T14:30:00+0200,0.51,EUR/MWh,FR,FR,day_ahead_price,value,2026-08-21T12:09:10Z
2026-08-21T12:03:35Z,2026-08-21T14:03:35+0200,5cef1f60-1e78-40ab-8a35-fe731affab16,2026-07-24T12:45:00Z,2026-07-24T14:45:00+0200,0.51,EUR/MWh,FR,FR,day_ahead_price,value,2026-08-21T12:09:10Z
2026-08-21T12:03:35Z,2026-08-21T14:03:35+0200,5cef1f60-1e78-40ab-8a35-fe731affab16,2026-07-24T13:00:00Z,2026-07-24T15:00:00+0200,0.54,EUR/MWh,FR,FR,day_ahead_price,value,2026-08-21T12:09:10Z
2026-08-21T12:03:35Z,2026-08-21T14:03:35+0200,5cef1f60-1e78-40ab-8a35-fe731affab16,2026-07-24T13:15:00Z,2026-07-24T15:15:00+0200,0.51,EUR/MWh,FR,FR,day_ahead_price,value,2026-08-21T12:09:10Z
2026-08-21T12:03:35Z,2026-08-21T14:03:35+0200,5cef1f60-1e78-40ab-8a35-fe731affab16,2026-07-24T13:30:00Z,2026-07-24T15:30:00+0200,0.1,EUR/MWh,FR,FR,day_ahead_price,value,2026-08-21T12:09:10Z
2026-08-21T12:03:35Z,2026-08-21T14:03:35+0200,5cef1f60-1e78-40ab-8a35-fe731affab16,2026-07-24T13:45:00Z,2026-07-24T15:45:00+0200,0.0,EUR/MWh,FR,FR,day_ahead_price,value,2026-08-21T12:09:10Z
2026-08-21T12:03:35Z,2026-08-21T14:03:35+0200,5cef1f60-1e78-40ab-8a35-fe731affab16,2026-07-24T14:00:00Z,2026-07-24T16:00:00+0200,0.28,EUR/MWh,FR,FR,day_ahead_price,value,2026-08-21T12:09:10Z
2026-08-21T12:03:35Z,2026-08-21T14:03:35+0200,5cef1f60-1e78-40ab-8a35-fe731affab16,2026-07-24T14:15:00Z,2026-07-24T16:15:00+0200,0.51,EUR/MWh,FR,FR,day_ahead_price,value,2026-08-21T12:09:10Z
2026-08-21T12:03:35Z,2026-08-21T14:03:35+0200,5cef1f60-1e78-40ab-8a35-fe731affab16,2026-07-24T14:30:00Z,2026-07-24T16:30:00+0200,0.77,EUR/MWh,FR,FR,day_ahead_price,value,2026-08-21T12:09:10Z
2026-08-21T12:03:35Z,2026-08-21T14:03:35+0200,5cef1f60-1e78-40ab-8a35-fe731affab16,2026-07-24T14:45:00Z,2026-07-24T16:45:00+0200,1.08,EUR/MWh,FR,FR,day_ahead_price,value,2026-08-21T12:09:10Z
2026-08-21T12:03:35Z,2026-08-21T14:03:35+0200,5cef1f60-1e78-40ab-8a35-fe731affab16,2026-07-24T15:00:00Z,2026-07-24T17:00:00+0200,1.08,EUR/MWh,FR,FR,day_ahead_price,value,2026-08-21T12:09:10Z
2026-08-21T12:03:35Z,2026-08-21T14:03:35+0200,5cef1f60-1e78-40ab-8a35-fe731affab16,2026-07-24T15:15:00Z,2026-07-24T17:15:00+0200,9.13,EUR/MWh,FR,FR,day_ahead_price,value,2026-08-21T12:09:10Z
2026-08-21T12:03:35Z,2026-08-21T14:03:35+0200,5cef1f60-1e78-40ab-8a35-fe731affab16,2026-07-24T15:30:00Z,2026-07-24T17:30:00+0200,67.27,EUR/MWh,FR,FR,day_ahead_price,value,2026-08-21T12:09:10Z
2026-08-21T12:03:35Z,2026-08-21T14:03:35+0200,5cef1f60-1e78-40ab-8a35-fe731affab16,2026-07-24T15:45:00Z,2026-07-24T17:45:00+0200,133.02,EUR/MWh,FR,FR,day_ahead_price,value,2026-08-21T12:09:10Z
2026-08-21T12:03:35Z,2026-08-21T14:03:35+0200,5cef1f60-1e78-40ab-8a35-fe731affab16,2026-07-24T16:00:00Z,2026-07-24T18:00:00+0200,81.99,EUR/MWh,FR,FR,day_ahead_price,value,2026-08-21T12:09:10Z
2026-08-21T12:03:35Z,2026-08-21T14:03:35+0200,5cef1f60-1e78-40ab-8a35-fe731affab16,2026-07-24T16:15:00Z,2026-07-24T18:15:00+0200,121.15,EUR/MWh,FR,FR,day_ahead_price,value,2026-08-21T12:09:10Z
2026-08-21T12:03:35Z,2026-08-21T14:03:35+0200,5cef1f60-1e78-40ab-8a35-fe731affab16,2026-07-24T16:30:00Z,2026-07-24T18:30:00+0200,137.27,EUR/MWh,FR,FR,day_ahead_price,value,2026-08-21T12:09:10Z
2026-08-21T12:03:35Z,2026-08-21T14:03:35+0200,5cef1f60-1e78-40ab-8a35-fe731affab16,2026-07-24T16:45:00Z,2026-07-24T18:45:00+0200,167.7,EUR/MWh,FR,FR,day_ahead_price,value,2026-08-21T12:09:10Z
2026-08-21T12:03:35Z,2026-08-21T14:03:35+0200,5cef1f60-1e78-40ab-8a35-fe731affab16,2026-07-24T17:00:00Z,2026-07-24T19:00:00+0200,148.9,EUR/MWh,FR,FR,day_ahead_price,value,2026-08-21T12:09:10Z
2026-08-21T12:03:35Z,2026-08-21T14:03:35+0200,5cef1f60-1e78-40ab-8a35-fe731affab16,2026-07-24T17:15:00Z,2026-07-24T19:15:00+0200,159.57,EUR/MWh,FR,FR,day_ahead_price,value,2026-08-21T12:09:10Z
2026-08-21T12:03:35Z,2026-08-21T14:03:35+0200,5cef1f60-1e78-40ab-8a35-fe731affab16,2026-07-24T17:30:00Z,2026-07-24T19:30:00+0200,190.23,EUR/MWh,FR,FR,day_ahead_price,value,2026-08-21T12:09:10Z
2026-08-21T12:03:35Z,2026-08-21T14:03:35+0200,5cef1f60-1e78-40ab-8a35-fe731affab16,2026-07-24T17:45:00Z,2026-07-24T19:45:00+0200,204.95,EUR/MWh,FR,FR,day_ahead_price,value,2026-08-21T12:09:10Z
2026-08-21T12:03:35Z,2026-08-21T14:03:35+0200,5cef1f60-1e78-40ab-8a35-fe731affab16,2026-07-24T18:00:00Z,2026-07-24T20:00:00+0200,182.47,EUR/MWh,FR,FR,day_ahead_price,value,2026-08-21T12:09:10Z
2026-08-21T12:03:35Z,2026-08-21T14:03:35+0200,5cef1f60-1e78-40ab-8a35-fe731affab16,2026-07-24T18:15:00Z,2026-07-24T20:15:00+0200,183.8,EUR/MWh,FR,FR,day_ahead_price,value,2026-08-21T12:09:10Z
2026-08-21T12:03:35Z,2026-08-21T14:03:35+0200,5cef1f60-1e78-40ab-8a35-fe731affab16,2026-07-24T18:30:00Z,2026-07-24T20:30:00+0200,180.01,EUR/MWh,FR,FR,day_ahead_price,value,2026-08-21T12:09:10Z
2026-08-21T12:03:35Z,2026-08-21T14:03:35+0200,5cef1f60-1e78-40ab-8a35-fe731affab16,2026-07-24T18:45:00Z,2026-07-24T20:45:00+0200,184.24,EUR/MWh,FR,FR,day_ahead_price,value,2026-08-21T12:09:10Z
2026-08-21T12:03:35Z,2026-08-21T14:03:35+0200,5cef1f60-1e78-40ab-8a35-fe731affab16,2026-07-24T19:00:00Z,2026-07-24T21:00:00+0200,183.0,EUR/MWh,FR,FR,day_ahead_price,value,2026-08-21T12:09:10Z
2026-08-21T12:03:35Z,2026-08-21T14:03:35+0200,5cef1f60-1e78-40ab-8a35-fe731affab16,2026-07-24T19:15:00Z,2026-07-24T21:15:00+0200,186.79,EUR/MWh,FR,FR,day_ahead_price,value,2026-08-21T12:09:10Z
2026-08-21T12:03:35Z,2026-08-21T14:03:35+0200,5cef1f60-1e78-40ab-8a35-fe731affab16,2026-07-24T19:30:00Z,2026-07-24T21:30:00+0200,188.13,EUR/MWh,FR,FR,day_ahead_price,value,2026-08-21T12:09:10Z
2026-08-21T12:03:35Z,2026-08-21T14:03:35+0200,5cef1f60-1e78-40ab-8a35-fe731affab16,2026-07-24T19:45:00Z,2026-07-24T21:45:00+0200,187.25,EUR/MWh,FR,FR,day_ahead_price,value,2026-08-21T12:09:10Z
2026-08-21T12:03:35Z,2026-08-21T14:03:35+0200,5cef1f60-1e78-40ab-8a35-fe731affab16,2026-07-24T20:00:00Z,2026-07-24T22:00:00+0200,190.93,EUR/MWh,FR,FR,day_ahead_price,value,2026-08-21T12:09:10Z
2026-08-21T12:03:35Z,2026-08-21T14:03:35+0200,5cef1f60-1e78-40ab-8a35-fe731affab16,2026-07-24T20:15:00Z,2026-07-24T22:15:00+0200,189.04,EUR/MWh,FR,FR,day_ahead_price,value,2026-08-21T12:09:10Z
2026-08-21T12:03:35Z,2026-08-21T14:03:35+0200,5cef1f60-1e78-40ab-8a35-fe731affab16,2026-07-24T20:30:00Z,2026-07-24T22:30:00+0200,188.64,EUR/MWh,FR,FR,day_ahead_price,value,2026-08-21T12:09:10Z
2026-08-21T12:03:35Z,2026-08-21T14:03:35+0200,5cef1f60-1e78-40ab-8a35-fe731affab16,2026-07-24T20:45:00Z,2026-07-24T22:45:00+0200,184.5,EUR/MWh,FR,FR,day_ahead_price,value,2026-08-21T12:09:10Z
2026-08-21T12:03:35Z,2026-08-21T14:03:35+0200,5cef1f60-1e78-40ab-8a35-fe731affab16,2026-07-24T21:00:00Z,2026-07-24T23:00:00+0200,185.48,EUR/MWh,FR,FR,day_ahead_price,value,2026-08-21T12:09:10Z
2026-08-21T12:03:35Z,2026-08-21T14:03:35+0200,5cef1f60-1e78-40ab-8a35-fe731affab16,2026-07-24T21:15:00Z,2026-07-24T23:15:00+0200,183.0,EUR/MWh,FR,FR,day_ahead_price,value,2026-08-21T12:09:10Z
2026-08-21T12:03:35Z,2026-08-21T14:03:35+0200,5cef1f60-1e78-40ab-8a35-fe731affab16,2026-07-24T21:30:00Z,2026-07-24T23:30:00+0200,181.31,EUR/MWh,FR,FR,day_ahead_price,value,2026-08-21T12:09:10Z
2026-08-21T12:03:35Z,2026-08-21T14:03:35+0200,5cef1f60-1e78-40ab-8a35-fe731affab16,2026-07-24T21:45:00Z,2026-07-24T23:45:00+0200,170.67,EUR/MWh,FR,FR,day_ahead_price,value,2026-08-21T12:09:10Z
2026-08-21T12:03:35Z,2026-08-21T14:03:35+0200,5cef1f60-1e78-40ab-8a35-fe731affab16,2026-07-24T22:00:00Z,2026-07-25T00:00:00+0200,175.92,EUR/MWh,FR,FR,day_ahead_price,value,2026-08-21T12:09:10Z
2026-08-21T12:03:35Z,2026-08-21T14:03:35+0200,5cef1f60-1e78-40ab-8a35-fe731affab16,2026-07-24T22:15:00Z,2026-07-25T00:15:00+0200,168.63,EUR/MWh,FR,FR,day_ahead_price,value,2026-08-21T12:09:10Z
2026-08-21T12:03:35Z,2026-08-21T14:03:35+0200,5cef1f60-1e78-40ab-8a35-fe731affab16,2026-07-24T22:30:00Z,2026-07-25T00:30:00+0200,156.61,EUR/MWh,FR,FR,day_ahead_price,value,2026-08-21T12:09:10Z
2026-08-21T12:03:35Z,2026-08-21T14:03:35+0200,5cef1f60-1e78-40ab-8a35-fe731affab16,2026-07-24T22:45:00Z,2026-07-25T00:45:00+0200,130.84,EUR/MWh,FR,FR,day_ahead_price,value,2026-08-21T12:09:10Z
2026-08-21T12:03:35Z,2026-08-21T14:03:35+0200,5cef1f60-1e78-40ab-8a35-fe731affab16,2026-07-24T23:00:00Z,2026-07-25T01:00:00+0200,170.01,EUR/MWh,FR,FR,day_ahead_price,value,2026-08-21T12:09:10Z
2026-08-21T12:03:35Z,2026-08-21T14:03:35+0200,5cef1f60-1e78-40ab-8a35-fe731affab16,2026-07-24T23:15:00Z,2026-07-25T01:15:00+0200,156.96,EUR/MWh,FR,FR,day_ahead_price,value,2026-08-21T12:09:10Z
2026-08-21T12:03:35Z,2026-08-21T14:03:35+0200,5cef1f60-1e78-40ab-8a35-fe731affab16,2026-07-24T23:30:00Z,2026-07-25T01:30:00+0200,161.32,EUR/MWh,FR,FR,day_ahead_price,value,2026-08-21T12:09:10Z
2026-08-21T12:03:35Z,2026-08-21T14:03:35+0200,5cef1f60-1e78-40ab-8a35-fe731affab16,2026-07-24T23:45:00Z,2026-07-25T01:45:00+0200,153.75,EUR/MWh,FR,FR,day_ahead_price,value,2026-08-21T12:09:10Z
2026-08-21T12:03:35Z,2026-08-21T14:03:35+0200,5cef1f60-1e78-40ab-8a35-fe731affab16,2026-07-25T00:00:00Z,2026-07-25T02:00:00+0200,162.0,EUR/MWh,FR,FR,day_ahead_price,value,2026-08-21T12:09:10Z
2026-08-21T12:03:35Z,2026-08-21T14:03:35+0200,5cef1f60-1e78-40ab-8a35-fe731affab16,2026-07-25T00:15:00Z,2026-07-25T02:15:00+0200,152.15,EUR/MWh,FR,FR,day_ahead_price,value,2026-08-21T12:09:10Z
2026-08-21T12:03:35Z,2026-08-21T14:03:35+0200,5cef1f60-1e78-40ab-8a35-fe731affab16,2026-07-25T00:30:00Z,2026-07-25T02:30:00+0200,138.9,EUR/MWh,FR,FR,day_ahead_price,value,2026-08-21T12:09:10Z
2026-08-21T12:03:35Z,2026-08-21T14:03:35+0200,5cef1f60-1e78-40ab-8a35-fe731affab16,2026-07-25T00:45:00Z,2026-07-25T02:45:00+0200,127.61,EUR/MWh,FR,FR,day_ahead_price,value,2026-08-21T12:09:10Z
2026-08-21T12:03:35Z,2026-08-21T14:03:35+0200,5cef1f60-1e78-40ab-8a35-fe731affab16,2026-07-25T01:00:00Z,2026-07-25T03:00:00+0200,122.1,EUR/MWh,FR,FR,day_ahead_price,value,2026-08-21T12:09:10Z
2026-08-21T12:03:35Z,2026-08-21T14:03:35+0200,5cef1f60-1e78-40ab-8a35-fe731affab16,2026-07-25T01:15:00Z,2026-07-25T03:15:00+0200,127.2,EUR/MWh,FR,FR,day_ahead_price,value,2026-08-21T12:09:10Z
2026-08-21T12:03:35Z,2026-08-21T14:03:35+0200,5cef1f60-1e78-40ab-8a35-fe731affab16,2026-07-25T01:30:00Z,2026-07-25T03:30:00+0200,124.29,EUR/MWh,FR,FR,day_ahead_price,value,2026-08-21T12:09:10Z
2026-08-21T12:03:35Z,2026-08-21T14:03:35+0200,5cef1f60-1e78-40ab-8a35-fe731affab16,2026-07-25T01:45:00Z,2026-07-25T03:45:00+0200,129.25,EUR/MWh,FR,FR,day_ahead_price,value,2026-08-21T12:09:10Z
2026-08-21T12:03:35Z,2026-08-21T14:03:35+0200,5cef1f60-1e78-40ab-8a35-fe731affab16,2026-07-25T02:00:00Z,2026-07-25T04:00:00+0200,102.48,EUR/MWh,FR,FR,day_ahead_price,value,2026-08-21T12:09:10Z
2026-08-21T12:03:35Z,2026-08-21T14:03:35+0200,5cef1f60-1e78-40ab-8a35-fe731affab16,2026-07-25T02:15:00Z,2026-07-25T04:15:00+0200,115.4,EUR/MWh,FR,FR,day_ahead_price,value,2026-08-21T12:09:10Z
2026-08-21T12:03:35Z,2026-08-21T14:03:35+0200,5cef1f60-1e78-40ab-8a35-fe731affab16,2026-07-25T02:30:00Z,2026-07-25T04:30:00+0200,127.6,EUR/MWh,FR,FR,day_ahead_price,value,2026-08-21T12:09:10Z
2026-08-21T12:03:35Z,2026-08-21T14:03:35+0200,5cef1f60-1e78-40ab-8a35-fe731affab16,2026-07-25T02:45:00Z,2026-07-25T04:45:00+0200,137.97,EUR/MWh,FR,FR,day_ahead_price,value,2026-08-21T12:09:10Z
2026-08-21T12:03:35Z,2026-08-21T14:03:35+0200,5cef1f60-1e78-40ab-8a35-fe731affab16,2026-07-25T03:00:00Z,2026-07-25T05:00:00+0200,112.77,EUR/MWh,FR,FR,day_ahead_price,value,2026-08-21T12:09:10Z
2026-08-21T12:03:35Z,2026-08-21T14:03:35+0200,5cef1f60-1e78-40ab-8a35-fe731affab16,2026-07-25T03:15:00Z,2026-07-25T05:15:00+0200,129.9,EUR/MWh,FR,FR,day_ahead_price,value,2026-08-21T12:09:10Z
2026-08-21T12:03:35Z,2026-08-21T14:03:35+0200,5cef1f60-1e78-40ab-8a35-fe731affab16,2026-07-25T03:30:00Z,2026-07-25T05:30:00+0200,139.81,EUR/MWh,FR,FR,day_ahead_price,value,2026-08-21T12:09:10Z
2026-08-21T12:03:35Z,2026-08-21T14:03:35+0200,5cef1f60-1e78-40ab-8a35-fe731affab16,2026-07-25T03:45:00Z,2026-07-25T05:45:00+0200,140.44,EUR/MWh,FR,FR,day_ahead_price,value,2026-08-21T12:09:10Z
2026-08-21T12:03:35Z,2026-08-21T14:03:35+0200,5cef1f60-1e78-40ab-8a35-fe731affab16,2026-07-25T04:00:00Z,2026-07-25T06:00:00+0200,123.9,EUR/MWh,FR,FR,day_ahead_price,value,2026-08-21T12:09:10Z
2026-08-21T12:03:35Z,2026-08-21T14:03:35+0200,5cef1f60-1e78-40ab-8a35-fe731affab16,2026-07-25T04:15:00Z,2026-07-25T06:15:00+0200,130.24,EUR/MWh,FR,FR,day_ahead_price,value,2026-08-21T12:09:10Z
2026-08-21T12:03:35Z,2026-08-21T14:03:35+0200,5cef1f60-1e78-40ab-8a35-fe731affab16,2026-07-25T04:30:00Z,2026-07-25T06:30:00+0200,120.2,EUR/MWh,FR,FR,day_ahead_price,value,2026-08-21T12:09:10Z
2026-08-21T12:03:35Z,2026-08-21T14:03:35+0200,5cef1f60-1e78-40ab-8a35-fe731affab16,2026-07-25T04:45:00Z,2026-07-25T06:45:00+0200,115.37,EUR/MWh,FR,FR,day_ahead_price,value,2026-08-21T12:09:10Z
2026-08-21T12:03:35Z,2026-08-21T14:03:35+0200,5cef1f60-1e78-40ab-8a35-fe731affab16,2026-07-25T05:00:00Z,2026-07-25T07:00:00+0200,127.17,EUR/MWh,FR,FR,day_ahead_price,value,2026-08-21T12:09:10Z
2026-08-21T12:03:35Z,2026-08-21T14:03:35+0200,5cef1f60-1e78-40ab-8a35-fe731affab16,2026-07-25T05:15:00Z,2026-07-25T07:15:00+0200,118.46,EUR/MWh,FR,FR,day_ahead_price,value,2026-08-21T12:09:10Z
2026-08-21T12:03:35Z,2026-08-21T14:03:35+0200,5cef1f60-1e78-40ab-8a35-fe731affab16,2026-07-25T05:30:00Z,2026-07-25T07:30:00+0200,107.52,EUR/MWh,FR,FR,day_ahead_price,value,2026-08-21T12:09:10Z
2026-08-21T12:03:35Z,2026-08-21T14:03:35+0200,5cef1f60-1e78-40ab-8a35-fe731affab16,2026-07-25T05:45:00Z,2026-07-25T07:45:00+0200,97.25,EUR/MWh,FR,FR,day_ahead_price,value,2026-08-21T12:09:10Z
2026-08-21T12:03:35Z,2026-08-21T14:03:35+0200,5cef1f60-1e78-40ab-8a35-fe731affab16,2026-07-25T06:00:00Z,2026-07-25T08:00:00+0200,124.88,EUR/MWh,FR,FR,day_ahead_price,value,2026-08-21T12:09:10Z
2026-08-21T12:03:35Z,2026-08-21T14:03:35+0200,5cef1f60-1e78-40ab-8a35-fe731affab16,2026-07-25T06:15:00Z,2026-07-25T08:15:00+0200,103.13,EUR/MWh,FR,FR,day_ahead_price,value,2026-08-21T12:09:10Z
2026-08-21T12:03:35Z,2026-08-21T14:03:35+0200,5cef1f60-1e78-40ab-8a35-fe731affab16,2026-07-25T06:30:00Z,2026-07-25T08:30:00+0200,81.1,EUR/MWh,FR,FR,day_ahead_price,value,2026-08-21T12:09:10Z
2026-08-21T12:03:35Z,2026-08-21T14:03:35+0200,5cef1f60-1e78-40ab-8a35-fe731affab16,2026-07-25T06:45:00Z,2026-07-25T08:45:00+0200,29.86,EUR/MWh,FR,FR,day_ahead_price,value,2026-08-21T12:09:10Z
2026-08-21T12:03:35Z,2026-08-21T14:03:35+0200,5cef1f60-1e78-40ab-8a35-fe731affab16,2026-07-25T07:00:00Z,2026-07-25T09:00:00+0200,38.99,EUR/MWh,FR,FR,day_ahead_price,value,2026-08-21T12:09:10Z
2026-08-21T12:03:35Z,2026-08-21T14:03:35+0200,5cef1f60-1e78-40ab-8a35-fe731affab16,2026-07-25T07:15:00Z,2026-07-25T09:15:00+0200,4.98,EUR/MWh,FR,FR,day_ahead_price,value,2026-08-21T12:09:10Z
2026-08-21T12:03:35Z,2026-08-21T14:03:35+0200,5cef1f60-1e78-40ab-8a35-fe731affab16,2026-07-25T07:30:00Z,2026-07-25T09:30:00+0200,0.01,EUR/MWh,FR,FR,day_ahead_price,value,2026-08-21T12:09:10Z
2026-08-21T12:03:35Z,2026-08-21T14:03:35+0200,5cef1f60-1e78-40ab-8a35-fe731affab16,2026-07-25T07:45:00Z,2026-07-25T09:45:00+0200,0.0,EUR/MWh,FR,FR,day_ahead_price,value,2026-08-21T12:09:10Z
2026-08-21T12:03:35Z,2026-08-21T14:03:35+0200,5cef1f60-1e78-40ab-8a35-fe731affab16,2026-07-25T08:00:00Z,2026-07-25T10:00:00+0200,0.0,EUR/MWh,FR,FR,day_ahead_price,value,2026-08-21T12:09:10Z
2026-08-21T12:03:35Z,2026-08-21T14:03:35+0200,5cef1f60-1e78-40ab-8a35-fe731affab16,2026-07-25T08:15:00Z,2026-07-25T10:15:00+0200,-0.01,EUR/MWh,FR,FR,day_ahead_price,value,2026-08-21T12:09:10Z
2026-08-21T12:03:35Z,2026-08-21T14:03:35+0200,5cef1f60-1e78-40ab-8a35-fe731affab16,2026-07-25T08:30:00Z,2026-07-25T10:30:00+0200,-0.07,EUR/MWh,FR,FR,day_ahead_price,value,2026-08-21T12:09:10Z
2026-08-21T12:03:35Z,2026-08-21T14:03:35+0200,5cef1f60-1e78-40ab-8a35-fe731affab16,2026-07-25T08:45:00Z,2026-07-25T10:45:00+0200,-0.39,EUR/MWh,FR,FR,day_ahead_price,value,2026-08-21T12:09:10Z
2026-08-21T12:03:35Z,2026-08-21T14:03:35+0200,5cef1f60-1e78-40ab-8a35-fe731affab16,2026-07-25T09:00:00Z,2026-07-25T11:00:00+0200,-0.82,EUR/MWh,FR,FR,day_ahead_price,value,2026-08-21T12:09:10Z
2026-08-21T12:03:35Z,2026-08-21T14:03:35+0200,5cef1f60-1e78-40ab-8a35-fe731affab16,2026-07-25T09:15:00Z,2026-07-25T11:15:00+0200,-1.19,EUR/MWh,FR,FR,day_ahead_price,value,2026-08-21T12:09:10Z
2026-08-21T12:03:35Z,2026-08-21T14:03:35+0200,5cef1f60-1e78-40ab-8a35-fe731affab16,2026-07-25T09:30:00Z,2026-07-25T11:30:00+0200,-3.41,EUR/MWh,FR,FR,day_ahead_price,value,2026-08-21T12:09:10Z
2026-08-21T12:03:35Z,2026-08-21T14:03:35+0200,5cef1f60-1e78-40ab-8a35-fe731affab16,2026-07-25T09:45:00Z,2026-07-25T11:45:00+0200,-5.01,EUR/MWh,FR,FR,day_ahead_price,value,2026-08-21T12:09:10Z
2026-08-21T12:03:35Z,2026-08-21T14:03:35+0200,5cef1f60-1e78-40ab-8a35-fe731affab16,2026-07-25T10:00:00Z,2026-07-25T12:00:00+0200,-4.82,EUR/MWh,FR,FR,day_ahead_price,value,2026-08-21T12:09:10Z
2026-08-21T12:03:35Z,2026-08-21T14:03:35+0200,5cef1f60-1e78-40ab-8a35-fe731affab16,2026-07-25T10:15:00Z,2026-07-25T12:15:00+0200,-5.0,EUR/MWh,FR,FR,day_ahead_price,value,2026-08-21T12:09:10Z
2026-08-21T12:03:35Z,2026-08-21T14:03:35+0200,5cef1f60-1e78-40ab-8a35-fe731affab16,2026-07-25T10:30:00Z,2026-07-25T12:30:00+0200,-5.54,EUR/MWh,FR,FR,day_ahead_price,value,2026-08-21T12:09:10Z
2026-08-21T12:03:35Z,2026-08-21T14:03:35+0200,5cef1f60-1e78-40ab-8a35-fe731affab16,2026-07-25T10:45:00Z,2026-07-25T12:45:00+0200,-8.46,EUR/MWh,FR,FR,day_ahead_price,value,2026-08-21T12:09:10Z
2026-08-21T12:03:35Z,2026-08-21T14:03:35+0200,5cef1f60-1e78-40ab-8a35-fe731affab16,2026-07-25T11:00:00Z,2026-07-25T13:00:00+0200,-7.59,EUR/MWh,FR,FR,day_ahead_price,value,2026-08-21T12:09:10Z
2026-08-21T12:03:35Z,2026-08-21T14:03:35+0200,5cef1f60-1e78-40ab-8a35-fe731affab16,2026-07-25T11:15:00Z,2026-07-25T13:15:00+0200,-9.68,EUR/MWh,FR,FR,day_ahead_price,value,2026-08-21T12:09:10Z
2026-08-21T12:03:35Z,2026-08-21T14:03:35+0200,5cef1f60-1e78-40ab-8a35-fe731affab16,2026-07-25T11:30:00Z,2026-07-25T13:30:00+0200,-10.4,EUR/MWh,FR,FR,day_ahead_price,value,2026-08-21T12:09:10Z
2026-08-21T12:03:35Z,2026-08-21T14:03:35+0200,5cef1f60-1e78-40ab-8a35-fe731affab16,2026-07-25T11:45:00Z,2026-07-25T13:45:00+0200,-11.32,EUR/MWh,FR,FR,day_ahead_price,value,2026-08-21T12:09:10Z
2026-08-21T12:03:35Z,2026-08-21T14:03:35+0200,5cef1f60-1e78-40ab-8a35-fe731affab16,2026-07-25T12:00:00Z,2026-07-25T14:00:00+0200,-5.0,EUR/MWh,FR,FR,day_ahead_price,value,2026-08-21T12:09:10Z
2026-08-21T12:03:35Z,2026-08-21T14:03:35+0200,5cef1f60-1e78-40ab-8a35-fe731affab16,2026-07-25T12:15:00Z,2026-07-25T14:15:00+0200,-3.13,EUR/MWh,FR,FR,day_ahead_price,value,2026-08-21T12:09:10Z
2026-08-21T12:03:35Z,2026-08-21T14:03:35+0200,5cef1f60-1e78-40ab-8a35-fe731affab16,2026-07-25T12:30:00Z,2026-07-25T14:30:00+0200,-1.0,EUR/MWh,FR,FR,day_ahead_price,value,2026-08-21T12:09:10Z
2026-08-21T12:03:35Z,2026-08-21T14:03:35+0200,5cef1f60-1e78-40ab-8a35-fe731affab16,2026-07-25T12:45:00Z,2026-07-25T14:45:00+0200,-2.67,EUR/MWh,FR,FR,day_ahead_price,value,2026-08-21T12:09:10Z
2026-08-21T12:03:35Z,2026-08-21T14:03:35+0200,5cef1f60-1e78-40ab-8a35-fe731affab16,2026-07-25T13:00:00Z,2026-07-25T15:00:00+0200,-1.02,EUR/MWh,FR,FR,day_ahead_price,value,2026-08-21T12:09:10Z
2026-08-21T12:03:35Z,2026-08-21T14:03:35+0200,5cef1f60-1e78-40ab-8a35-fe731affab16,2026-07-25T13:15:00Z,2026-07-25T15:15:00+0200,-1.02,EUR/MWh,FR,FR,day_ahead_price,value,2026-08-21T12:09:10Z
2026-08-21T12:03:35Z,2026-08-21T14:03:35+0200,5cef1f60-1e78-40ab-8a35-fe731affab16,2026-07-25T13:30:00Z,2026-07-25T15:30:00+0200,-1.02,EUR/MWh,FR,FR,day_ahead_price,value,2026-08-21T12:09:10Z
2026-08-21T12:03:35Z,2026-08-21T14:03:35+0200,5cef1f60-1e78-40ab-8a35-fe731affab16,2026-07-25T13:45:00Z,2026-07-25T15:45:00+0200,-1.0,EUR/MWh,FR,FR,day_ahead_price,value,2026-08-21T12:09:10Z
2026-08-21T12:03:35Z,2026-08-21T14:03:35+0200,5cef1f60-1e78-40ab-8a35-fe731affab16,2026-07-25T14:00:00Z,2026-07-25T16:00:00+0200,-0.68,EUR/MWh,FR,FR,day_ahead_price,value,2026-08-21T12:09:10Z
2026-08-21T12:03:35Z,2026-08-21T14:03:35+0200,5cef1f60-1e78-40ab-8a35-fe731affab16,2026-07-25T14:15:00Z,2026-07-25T16:15:00+0200,-0.11,EUR/MWh,FR,FR,day_ahead_price,value,2026-08-21T12:09:10Z
2026-08-21T12:03:35Z,2026-08-21T14:03:35+0200,5cef1f60-1e78-40ab-8a35-fe731affab16,2026-07-25T14:30:00Z,2026-07-25T16:30:00+0200,-0.09,EUR/MWh,FR,FR,day_ahead_price,value,2026-08-21T12:09:10Z
2026-08-21T12:03:35Z,2026-08-21T14:03:35+0200,5cef1f60-1e78-40ab-8a35-fe731affab16,2026-07-25T14:45:00Z,2026-07-25T16:45:00+0200,-0.01,EUR/MWh,FR,FR,day_ahead_price,value,2026-08-21T12:09:10Z
2026-08-21T12:03:35Z,2026-08-21T14:03:35+0200,5cef1f60-1e78-40ab-8a35-fe731affab16,2026-07-25T15:00:00Z,2026-07-25T17:00:00+0200,-0.01,EUR/MWh,FR,FR,day_ahead_price,value,2026-08-21T12:09:10Z
2026-08-21T12:03:35Z,2026-08-21T14:03:35+0200,5cef1f60-1e78-40ab-8a35-fe731affab16,2026-07-25T15:15:00Z,2026-07-25T17:15:00+0200,0.0,EUR/MWh,FR,FR,day_ahead_price,value,2026-08-21T12:09:10Z
2026-08-21T12:03:35Z,2026-08-21T14:03:35+0200,5cef1f60-1e78-40ab-8a35-fe731affab16,2026-07-25T15:30:00Z,2026-07-25T17:30:00+0200,0.0,EUR/MWh,FR,FR,day_ahead_price,value,2026-08-21T12:09:10Z
2026-08-21T12:03:35Z,2026-08-21T14:03:35+0200,5cef1f60-1e78-40ab-8a35-fe731affab16,2026-07-25T15:45:00Z,2026-07-25T17:45:00+0200,14.76,EUR/MWh,FR,FR,day_ahead_price,value,2026-08-21T12:09:10Z
2026-08-21T12:03:35Z,2026-08-21T14:03:35+0200,5cef1f60-1e78-40ab-8a35-fe731affab16,2026-07-25T16:00:00Z,2026-07-25T18:00:00+0200,21.95,EUR/MWh,FR,FR,day_ahead_price,value,2026-08-21T12:09:10Z
2026-08-21T12:03:35Z,2026-08-21T14:03:35+0200,5cef1f60-1e78-40ab-8a35-fe731affab16,2026-07-25T16:15:00Z,2026-07-25T18:15:00+0200,71.13,EUR/MWh,FR,FR,day_ahead_price,value,2026-08-21T12:09:10Z
2026-08-21T12:03:35Z,2026-08-21T14:03:35+0200,5cef1f60-1e78-40ab-8a35-fe731affab16,2026-07-25T16:30:00Z,2026-07-25T18:30:00+0200,104.83,EUR/MWh,FR,FR,day_ahead_price,value,2026-08-21T12:09:10Z
2026-08-21T12:03:35Z,2026-08-21T14:03:35+0200,5cef1f60-1e78-40ab-8a35-fe731affab16,2026-07-25T16:45:00Z,2026-07-25T18:45:00+0200,130.42,EUR/MWh,FR,FR,day_ahead_price,value,2026-08-21T12:09:10Z
2026-08-21T12:03:35Z,2026-08-21T14:03:35+0200,5cef1f60-1e78-40ab-8a35-fe731affab16,2026-07-25T17:00:00Z,2026-07-25T19:00:00+0200,138.92,EUR/MWh,FR,FR,day_ahead_price,value,2026-08-21T12:09:10Z
2026-08-21T12:03:35Z,2026-08-21T14:03:35+0200,5cef1f60-1e78-40ab-8a35-fe731affab16,2026-07-25T17:15:00Z,2026-07-25T19:15:00+0200,150.84,EUR/MWh,FR,FR,day_ahead_price,value,2026-08-21T12:09:10Z
2026-08-21T12:03:35Z,2026-08-21T14:03:35+0200,5cef1f60-1e78-40ab-8a35-fe731affab16,2026-07-25T17:30:00Z,2026-07-25T19:30:00+0200,155.51,EUR/MWh,FR,FR,day_ahead_price,value,2026-08-21T12:09:10Z
2026-08-21T12:03:35Z,2026-08-21T14:03:35+0200,5cef1f60-1e78-40ab-8a35-fe731affab16,2026-07-25T17:45:00Z,2026-07-25T19:45:00+0200,154.25,EUR/MWh,FR,FR,day_ahead_price,value,2026-08-21T12:09:10Z
2026-08-21T12:03:35Z,2026-08-21T14:03:35+0200,5cef1f60-1e78-40ab-8a35-fe731affab16,2026-07-25T18:00:00Z,2026-07-25T20:00:00+0200,163.3,EUR/MWh,FR,FR,day_ahead_price,value,2026-08-21T12:09:10Z
2026-08-21T12:03:35Z,2026-08-21T14:03:35+0200,5cef1f60-1e78-40ab-8a35-fe731affab16,2026-07-25T18:15:00Z,2026-07-25T20:15:00+0200,174.47,EUR/MWh,FR,FR,day_ahead_price,value,2026-08-21T12:09:10Z
2026-08-21T12:03:35Z,2026-08-21T14:03:35+0200,5cef1f60-1e78-40ab-8a35-fe731affab16,2026-07-25T18:30:00Z,2026-07-25T20:30:00+0200,168.63,EUR/MWh,FR,FR,day_ahead_price,value,2026-08-21T12:09:10Z
2026-08-21T12:03:35Z,2026-08-21T14:03:35+0200,5cef1f60-1e78-40ab-8a35-fe731affab16,2026-07-25T18:45:00Z,2026-07-25T20:45:00+0200,155.9,EUR/MWh,FR,FR,day_ahead_price,value,2026-08-21T12:09:10Z
2026-08-21T12:03:35Z,2026-08-21T14:03:35+0200,5cef1f60-1e78-40ab-8a35-fe731affab16,2026-07-25T19:00:00Z,2026-07-25T21:00:00+0200,153.6,EUR/MWh,FR,FR,day_ahead_price,value,2026-08-21T12:09:10Z
2026-08-21T12:03:35Z,2026-08-21T14:03:35+0200,5cef1f60-1e78-40ab-8a35-fe731affab16,2026-07-25T19:15:00Z,2026-07-25T21:15:00+0200,161.16,EUR/MWh,FR,FR,day_ahead_price,value,2026-08-21T12:09:10Z
2026-08-21T12:03:35Z,2026-08-21T14:03:35+0200,5cef1f60-1e78-40ab-8a35-fe731affab16,2026-07-25T19:30:00Z,2026-07-25T21:30:00+0200,165.5,EUR/MWh,FR,FR,day_ahead_price,value,2026-08-21T12:09:10Z
2026-08-21T12:03:35Z,2026-08-21T14:03:35+0200,5cef1f60-1e78-40ab-8a35-fe731affab16,2026-07-25T19:45:00Z,2026-07-25T21:45:00+0200,164.78,EUR/MWh,FR,FR,day_ahead_price,value,2026-08-21T12:09:10Z
2026-08-21T12:03:35Z,2026-08-21T14:03:35+0200,5cef1f60-1e78-40ab-8a35-fe731affab16,2026-07-25T20:00:00Z,2026-07-25T22:00:00+0200,173.22,EUR/MWh,FR,FR,day_ahead_price,value,2026-08-21T12:09:10Z
2026-08-21T12:03:35Z,2026-08-21T14:03:35+0200,5cef1f60-1e78-40ab-8a35-fe731affab16,2026-07-25T20:15:00Z,2026-07-25T22:15:00+0200,165.16,EUR/MWh,FR,FR,day_ahead_price,value,2026-08-21T12:09:10Z
2026-08-21T12:03:35Z,2026-08-21T14:03:35+0200,5cef1f60-1e78-40ab-8a35-fe731affab16,2026-07-25T20:30:00Z,2026-07-25T22:30:00+0200,164.99,EUR/MWh,FR,FR,day_ahead_price,value,2026-08-21T12:09:10Z
2026-08-21T12:03:35Z,2026-08-21T14:03:35+0200,5cef1f60-1e78-40ab-8a35-fe731affab16,2026-07-25T20:45:00Z,2026-07-25T22:45:00+0200,158.56,EUR/MWh,FR,FR,day_ahead_price,value,2026-08-21T12:09:10Z
2026-08-21T12:03:35Z,2026-08-21T14:03:35+0200,5cef1f60-1e78-40ab-8a35-fe731affab16,2026-07-25T21:00:00Z,2026-07-25T23:00:00+0200,166.84,EUR/MWh,FR,FR,day_ahead_price,value,2026-08-21T12:09:10Z
2026-08-21T12:03:35Z,2026-08-21T14:03:35+0200,5cef1f60-1e78-40ab-8a35-fe731affab16,2026-07-25T21:15:00Z,2026-07-25T23:15:00+0200,160.33,EUR/MWh,FR,FR,day_ahead_price,value,2026-08-21T12:09:10Z
2026-08-21T12:03:35Z,2026-08-21T14:03:35+0200,5cef1f60-1e78-40ab-8a35-fe731affab16,2026-07-25T21:30:00Z,2026-07-25T23:30:00+0200,160.64,EUR/MWh,FR,FR,day_ahead_price,value,2026-08-21T12:09:10Z
2026-08-21T12:03:35Z,2026-08-21T14:03:35+0200,5cef1f60-1e78-40ab-8a35-fe731affab16,2026-07-25T21:45:00Z,2026-07-25T23:45:00+0200,152.19,EUR/MWh,FR,FR,day_ahead_price,value,2026-08-21T12:09:10Z
2026-08-21T12:03:35Z,2026-08-21T14:03:35+0200,5cef1f60-1e78-40ab-8a35-fe731affab16,2026-07-25T22:00:00Z,2026-07-26T00:00:00+0200,139.35,EUR/MWh,FR,FR,day_ahead_price,value,2026-08-21T12:09:10Z
2026-08-21T12:03:35Z,2026-08-21T14:03:35+0200,5cef1f60-1e78-40ab-8a35-fe731affab16,2026-07-25T22:15:00Z,2026-07-26T00:15:00+0200,135.47,EUR/MWh,FR,FR,day_ahead_price,value,2026-08-21T12:09:10Z
2026-08-21T12:03:35Z,2026-08-21T14:03:35+0200,5cef1f60-1e78-40ab-8a35-fe731affab16,2026-07-25T22:30:00Z,2026-07-26T00:30:00+0200,131.06,EUR/MWh,FR,FR,day_ahead_price,value,2026-08-21T12:09:10Z
2026-08-21T12:03:35Z,2026-08-21T14:03:35+0200,5cef1f60-1e78-40ab-8a35-fe731affab16,2026-07-25T22:45:00Z,2026-07-26T00:45:00+0200,124.25,EUR/MWh,FR,FR,day_ahead_price,value,2026-08-21T12:09:10Z
2026-08-21T12:03:35Z,2026-08-21T14:03:35+0200,5cef1f60-1e78-40ab-8a35-fe731affab16,2026-07-25T23:00:00Z,2026-07-26T01:00:00+0200,132.64,EUR/MWh,FR,FR,day_ahead_price,value,2026-08-21T12:09:10Z
2026-08-21T12:03:35Z,2026-08-21T14:03:35+0200,5cef1f60-1e78-40ab-8a35-fe731affab16,2026-07-25T23:15:00Z,2026-07-26T01:15:00+0200,130.0,EUR/MWh,FR,FR,day_ahead_price,value,2026-08-21T12:09:10Z
2026-08-21T12:03:35Z,2026-08-21T14:03:35+0200,5cef1f60-1e78-40ab-8a35-fe731affab16,2026-07-25T23:30:00Z,2026-07-26T01:30:00+0200,130.0,EUR/MWh,FR,FR,day_ahead_price,value,2026-08-21T12:09:10Z
2026-08-21T12:03:35Z,2026-08-21T14:03:35+0200,5cef1f60-1e78-40ab-8a35-fe731affab16,2026-07-25T23:45:00Z,2026-07-26T01:45:00+0200,128.74,EUR/MWh,FR,FR,day_ahead_price,value,2026-08-21T12:09:10Z
2026-08-21T12:03:35Z,2026-08-21T14:03:35+0200,5cef1f60-1e78-40ab-8a35-fe731affab16,2026-07-26T00:00:00Z,2026-07-26T02:00:00+0200,110.99,EUR/MWh,FR,FR,day_ahead_price,value,2026-08-21T12:09:10Z
2026-08-21T12:03:35Z,2026-08-21T14:03:35+0200,5cef1f60-1e78-40ab-8a35-fe731affab16,2026-07-26T00:15:00Z,2026-07-26T02:15:00+0200,97.85,EUR/MWh,FR,FR,day_ahead_price,value,2026-08-21T12:09:10Z
2026-08-21T12:03:35Z,2026-08-21T14:03:35+0200,5cef1f60-1e78-40ab-8a35-fe731affab16,2026-07-26T00:30:00Z,2026-07-26T02:30:00+0200,100.6,EUR/MWh,FR,FR,day_ahead_price,value,2026-08-21T12:09:10Z
2026-08-21T12:03:35Z,2026-08-21T14:03:35+0200,5cef1f60-1e78-40ab-8a35-fe731affab16,2026-07-26T00:45:00Z,2026-07-26T02:45:00+0200,75.41,EUR/MWh,FR,FR,day_ahead_price,value,2026-08-21T12:09:10Z
2026-08-21T12:03:35Z,2026-08-21T14:03:35+0200,5cef1f60-1e78-40ab-8a35-fe731affab16,2026-07-26T01:00:00Z,2026-07-26T03:00:00+0200,108.26,EUR/MWh,FR,FR,day_ahead_price,value,2026-08-21T12:09:10Z
2026-08-21T12:03:35Z,2026-08-21T14:03:35+0200,5cef1f60-1e78-40ab-8a35-fe731affab16,2026-07-26T01:15:00Z,2026-07-26T03:15:00+0200,82.61,EUR/MWh,FR,FR,day_ahead_price,value,2026-08-21T12:09:10Z
2026-08-21T12:03:35Z,2026-08-21T14:03:35+0200,5cef1f60-1e78-40ab-8a35-fe731affab16,2026-07-26T01:30:00Z,2026-07-26T03:30:00+0200,67.3,EUR/MWh,FR,FR,day_ahead_price,value,2026-08-21T12:09:10Z
2026-08-21T12:03:35Z,2026-08-21T14:03:35+0200,5cef1f60-1e78-40ab-8a35-fe731affab16,2026-07-26T01:45:00Z,2026-07-26T03:45:00+0200,69.63,EUR/MWh,FR,FR,day_ahead_price,value,2026-08-21T12:09:10Z
2026-08-21T12:03:35Z,2026-08-21T14:03:35+0200,5cef1f60-1e78-40ab-8a35-fe731affab16,2026-07-26T02:00:00Z,2026-07-26T04:00:00+0200,114.05,EUR/MWh,FR,FR,day_ahead_price,value,2026-08-21T12:09:10Z
2026-08-21T12:03:35Z,2026-08-21T14:03:35+0200,5cef1f60-1e78-40ab-8a35-fe731affab16,2026-07-26T02:15:00Z,2026-07-26T04:15:00+0200,97.7,EUR/MWh,FR,FR,day_ahead_price,value,2026-08-21T12:09:10Z
2026-08-21T12:03:35Z,2026-08-21T14:03:35+0200,5cef1f60-1e78-40ab-8a35-fe731affab16,2026-07-26T02:30:00Z,2026-07-26T04:30:00+0200,90.88,EUR/MWh,FR,FR,day_ahead_price,value,2026-08-21T12:09:10Z
2026-08-21T12:03:35Z,2026-08-21T14:03:35+0200,5cef1f60-1e78-40ab-8a35-fe731affab16,2026-07-26T02:45:00Z,2026-07-26T04:45:00+0200,85.03,EUR/MWh,FR,FR,day_ahead_price,value,2026-08-21T12:09:10Z
2026-08-21T12:03:35Z,2026-08-21T14:03:35+0200,5cef1f60-1e78-40ab-8a35-fe731affab16,2026-07-26T03:00:00Z,2026-07-26T05:00:00+0200,100.0,EUR/MWh,FR,FR,day_ahead_price,value,2026-08-21T12:09:10Z
2026-08-21T12:03:35Z,2026-08-21T14:03:35+0200,5cef1f60-1e78-40ab-8a35-fe731affab16,2026-07-26T03:15:00Z,2026-07-26T05:15:00+0200,85.2,EUR/MWh,FR,FR,day_ahead_price,value,2026-08-21T12:09:10Z
2026-08-21T12:03:35Z,2026-08-21T14:03:35+0200,5cef1f60-1e78-40ab-8a35-fe731affab16,2026-07-26T03:30:00Z,2026-07-26T05:30:00+0200,87.23,EUR/MWh,FR,FR,day_ahead_price,value,2026-08-21T12:09:10Z
2026-08-21T12:03:35Z,2026-08-21T14:03:35+0200,5cef1f60-1e78-40ab-8a35-fe731affab16,2026-07-26T03:45:00Z,2026-07-26T05:45:00+0200,72.49,EUR/MWh,FR,FR,day_ahead_price,value,2026-08-21T12:09:10Z
2026-08-21T12:03:35Z,2026-08-21T14:03:35+0200,5cef1f60-1e78-40ab-8a35-fe731affab16,2026-07-26T04:00:00Z,2026-07-26T06:00:00+0200,37.28,EUR/MWh,FR,FR,day_ahead_price,value,2026-08-21T12:09:10Z
2026-08-21T12:03:35Z,2026-08-21T14:03:35+0200,5cef1f60-1e78-40ab-8a35-fe731affab16,2026-07-26T04:15:00Z,2026-07-26T06:15:00+0200,37.27,EUR/MWh,FR,FR,day_ahead_price,value,2026-08-21T12:09:10Z
2026-08-21T12:03:35Z,2026-08-21T14:03:35+0200,5cef1f60-1e78-40ab-8a35-fe731affab16,2026-07-26T04:30:00Z,2026-07-26T06:30:00+0200,25.9,EUR/MWh,FR,FR,day_ahead_price,value,2026-08-21T12:09:10Z
2026-08-21T12:03:35Z,2026-08-21T14:03:35+0200,5cef1f60-1e78-40ab-8a35-fe731affab16,2026-07-26T04:45:00Z,2026-07-26T06:45:00+0200,19.56,EUR/MWh,FR,FR,day_ahead_price,value,2026-08-21T12:09:10Z
2026-08-21T12:03:35Z,2026-08-21T14:03:35+0200,5cef1f60-1e78-40ab-8a35-fe731affab16,2026-07-26T05:00:00Z,2026-07-26T07:00:00+0200,25.29,EUR/MWh,FR,FR,day_ahead_price,value,2026-08-21T12:09:10Z
2026-08-21T12:03:35Z,2026-08-21T14:03:35+0200,5cef1f60-1e78-40ab-8a35-fe731affab16,2026-07-26T05:15:00Z,2026-07-26T07:15:00+0200,16.79,EUR/MWh,FR,FR,day_ahead_price,value,2026-08-21T12:09:10Z
2026-08-21T12:03:35Z,2026-08-21T14:03:35+0200,5cef1f60-1e78-40ab-8a35-fe731affab16,2026-07-26T05:30:00Z,2026-07-26T07:30:00+0200,13.88,EUR/MWh,FR,FR,day_ahead_price,value,2026-08-21T12:09:10Z
2026-08-21T12:03:35Z,2026-08-21T14:03:35+0200,5cef1f60-1e78-40ab-8a35-fe731affab16,2026-07-26T05:45:00Z,2026-07-26T07:45:00+0200,16.19,EUR/MWh,FR,FR,day_ahead_price,value,2026-08-21T12:09:10Z
2026-08-21T12:03:35Z,2026-08-21T14:03:35+0200,5cef1f60-1e78-40ab-8a35-fe731affab16,2026-07-26T06:00:00Z,2026-07-26T08:00:00+0200,22.33,EUR/MWh,FR,FR,day_ahead_price,value,2026-08-21T12:09:10Z
2026-08-21T12:03:35Z,2026-08-21T14:03:35+0200,5cef1f60-1e78-40ab-8a35-fe731affab16,2026-07-26T06:15:00Z,2026-07-26T08:15:00+0200,16.15,EUR/MWh,FR,FR,day_ahead_price,value,2026-08-21T12:09:10Z
2026-08-21T12:03:35Z,2026-08-21T14:03:35+0200,5cef1f60-1e78-40ab-8a35-fe731affab16,2026-07-26T06:30:00Z,2026-07-26T08:30:00+0200,0.02,EUR/MWh,FR,FR,day_ahead_price,value,2026-08-21T12:09:10Z
2026-08-21T12:03:35Z,2026-08-21T14:03:35+0200,5cef1f60-1e78-40ab-8a35-fe731affab16,2026-07-26T06:45:00Z,2026-07-26T08:45:00+0200,0.0,EUR/MWh,FR,FR,day_ahead_price,value,2026-08-21T12:09:10Z
2026-08-21T12:03:35Z,2026-08-21T14:03:35+0200,5cef1f60-1e78-40ab-8a35-fe731affab16,2026-07-26T07:00:00Z,2026-07-26T09:00:00+0200,0.0,EUR/MWh,FR,FR,day_ahead_price,value,2026-08-21T12:09:10Z
2026-08-21T12:03:35Z,2026-08-21T14:03:35+0200,5cef1f60-1e78-40ab-8a35-fe731affab16,2026-07-26T07:15:00Z,2026-07-26T09:15:00+0200,-0.01,EUR/MWh,FR,FR,day_ahead_price,value,2026-08-21T12:09:10Z
2026-08-21T12:03:35Z,2026-08-21T14:03:35+0200,5cef1f60-1e78-40ab-8a35-fe731affab16,2026-07-26T07:30:00Z,2026-07-26T09:30:00+0200,-0.02,EUR/MWh,FR,FR,day_ahead_price,value,2026-08-21T12:09:10Z
2026-08-21T12:03:35Z,2026-08-21T14:03:35+0200,5cef1f60-1e78-40ab-8a35-fe731affab16,2026-07-26T07:45:00Z,2026-07-26T09:45:00+0200,-0.11,EUR/MWh,FR,FR,day_ahead_price,value,2026-08-21T12:09:10Z
2026-08-21T12:03:35Z,2026-08-21T14:03:35+0200,5cef1f60-1e78-40ab-8a35-fe731affab16,2026-07-26T08:00:00Z,2026-07-26T10:00:00+0200,-0.11,EUR/MWh,FR,FR,day_ahead_price,value,2026-08-21T12:09:10Z
2026-08-21T12:03:35Z,2026-08-21T14:03:35+0200,5cef1f60-1e78-40ab-8a35-fe731affab16,2026-07-26T08:15:00Z,2026-07-26T10:15:00+0200,-0.11,EUR/MWh,FR,FR,day_ahead_price,value,2026-08-21T12:09:10Z
2026-08-21T12:03:35Z,2026-08-21T14:03:35+0200,5cef1f60-1e78-40ab-8a35-fe731affab16,2026-07-26T08:30:00Z,2026-07-26T10:30:00+0200,-0.11,EUR/MWh,FR,FR,day_ahead_price,value,2026-08-21T12:09:10Z
2026-08-21T12:03:35Z,2026-08-21T14:03:35+0200,5cef1f60-1e78-40ab-8a35-fe731affab16,2026-07-26T08:45:00Z,2026-07-26T10:45:00+0200,-0.11,EUR/MWh,FR,FR,day_ahead_price,value,2026-08-21T12:09:10Z
2026-08-21T12:03:35Z,2026-08-21T14:03:35+0200,5cef1f60-1e78-40ab-8a35-fe731affab16,2026-07-26T09:00:00Z,2026-07-26T11:00:00+0200,-0.1,EUR/MWh,FR,FR,day_ahead_price,value,2026-08-21T12:09:10Z
2026-08-21T12:03:35Z,2026-08-21T14:03:35+0200,5cef1f60-1e78-40ab-8a35-fe731affab16,2026-07-26T09:15:00Z,2026-07-26T11:15:00+0200,-0.1,EUR/MWh,FR,FR,day_ahead_price,value,2026-08-21T12:09:10Z
2026-08-21T12:03:35Z,2026-08-21T14:03:35+0200,5cef1f60-1e78-40ab-8a35-fe731affab16,2026-07-26T09:30:00Z,2026-07-26T11:30:00+0200,-0.11,EUR/MWh,FR,FR,day_ahead_price,value,2026-08-21T12:09:10Z
2026-08-21T12:03:35Z,2026-08-21T14:03:35+0200,5cef1f60-1e78-40ab-8a35-fe731affab16,2026-07-26T09:45:00Z,2026-07-26T11:45:00+0200,-0.11,EUR/MWh,FR,FR,day_ahead_price,value,2026-08-21T12:09:10Z
2026-08-21T12:03:35Z,2026-08-21T14:03:35+0200,5cef1f60-1e78-40ab-8a35-fe731affab16,2026-07-26T10:00:00Z,2026-07-26T12:00:00+0200,-0.09,EUR/MWh,FR,FR,day_ahead_price,value,2026-08-21T12:09:10Z
2026-08-21T12:03:35Z,2026-08-21T14:03:35+0200,5cef1f60-1e78-40ab-8a35-fe731affab16,2026-07-26T10:15:00Z,2026-07-26T12:15:00+0200,-0.1,EUR/MWh,FR,FR,day_ahead_price,value,2026-08-21T12:09:10Z
2026-08-21T12:03:35Z,2026-08-21T14:03:35+0200,5cef1f60-1e78-40ab-8a35-fe731affab16,2026-07-26T10:30:00Z,2026-07-26T12:30:00+0200,-0.1,EUR/MWh,FR,FR,day_ahead_price,value,2026-08-21T12:09:10Z
2026-08-21T12:03:35Z,2026-08-21T14:03:35+0200,5cef1f60-1e78-40ab-8a35-fe731affab16,2026-07-26T10:45:00Z,2026-07-26T12:45:00+0200,-0.11,EUR/MWh,FR,FR,day_ahead_price,value,2026-08-21T12:09:10Z
2026-08-21T12:03:35Z,2026-08-21T14:03:35+0200,5cef1f60-1e78-40ab-8a35-fe731affab16,2026-07-26T11:00:00Z,2026-07-26T13:00:00+0200,-0.11,EUR/MWh,FR,FR,day_ahead_price,value,2026-08-21T12:09:10Z
2026-08-21T12:03:35Z,2026-08-21T14:03:35+0200,5cef1f60-1e78-40ab-8a35-fe731affab16,2026-07-26T11:15:00Z,2026-07-26T13:15:00+0200,-0.11,EUR/MWh,FR,FR,day_ahead_price,value,2026-08-21T12:09:10Z
2026-08-21T12:03:35Z,2026-08-21T14:03:35+0200,5cef1f60-1e78-40ab-8a35-fe731affab16,2026-07-26T11:30:00Z,2026-07-26T13:30:00+0200,-0.11,EUR/MWh,FR,FR,day_ahead_price,value,2026-08-21T12:09:10Z
2026-08-21T12:03:35Z,2026-08-21T14:03:35+0200,5cef1f60-1e78-40ab-8a35-fe731affab16,2026-07-26T11:45:00Z,2026-07-26T13:45:00+0200,-0.66,EUR/MWh,FR,FR,day_ahead_price,value,2026-08-21T12:09:10Z
2026-08-21T12:03:35Z,2026-08-21T14:03:35+0200,5cef1f60-1e78-40ab-8a35-fe731affab16,2026-07-26T12:00:00Z,2026-07-26T14:00:00+0200,-0.66,EUR/MWh,FR,FR,day_ahead_price,value,2026-08-21T12:09:10Z
2026-08-21T12:03:35Z,2026-08-21T14:03:35+0200,5cef1f60-1e78-40ab-8a35-fe731affab16,2026-07-26T12:15:00Z,2026-07-26T14:15:00+0200,-0.62,EUR/MWh,FR,FR,day_ahead_price,value,2026-08-21T12:09:10Z
2026-08-21T12:03:35Z,2026-08-21T14:03:35+0200,5cef1f60-1e78-40ab-8a35-fe731affab16,2026-07-26T12:30:00Z,2026-07-26T14:30:00+0200,-0.62,EUR/MWh,FR,FR,day_ahead_price,value,2026-08-21T12:09:10Z
2026-08-21T12:03:35Z,2026-08-21T14:03:35+0200,5cef1f60-1e78-40ab-8a35-fe731affab16,2026-07-26T12:45:00Z,2026-07-26T14:45:00+0200,-0.62,EUR/MWh,FR,FR,day_ahead_price,value,2026-08-21T12:09:10Z
2026-08-21T12:03:35Z,2026-08-21T14:03:35+0200,5cef1f60-1e78-40ab-8a35-fe731affab16,2026-07-26T13:00:00Z,2026-07-26T15:00:00+0200,-0.75,EUR/MWh,FR,FR,day_ahead_price,value,2026-08-21T12:09:10Z
2026-08-21T12:03:35Z,2026-08-21T14:03:35+0200,5cef1f60-1e78-40ab-8a35-fe731affab16,2026-07-26T13:15:00Z,2026-07-26T15:15:00+0200,-0.77,EUR/MWh,FR,FR,day_ahead_price,value,2026-08-21T12:09:10Z
2026-08-21T12:03:35Z,2026-08-21T14:03:35+0200,5cef1f60-1e78-40ab-8a35-fe731affab16,2026-07-26T13:30:00Z,2026-07-26T15:30:00+0200,-0.81,EUR/MWh,FR,FR,day_ahead_price,value,2026-08-21T12:09:10Z
2026-08-21T12:03:35Z,2026-08-21T14:03:35+0200,5cef1f60-1e78-40ab-8a35-fe731affab16,2026-07-26T13:45:00Z,2026-07-26T15:45:00+0200,-0.75,EUR/MWh,FR,FR,day_ahead_price,value,2026-08-21T12:09:10Z
2026-08-21T12:03:35Z,2026-08-21T14:03:35+0200,5cef1f60-1e78-40ab-8a35-fe731affab16,2026-07-26T14:00:00Z,2026-07-26T16:00:00+0200,-1.0,EUR/MWh,FR,FR,day_ahead_price,value,2026-08-21T12:09:10Z
2026-08-21T12:03:35Z,2026-08-21T14:03:35+0200,5cef1f60-1e78-40ab-8a35-fe731affab16,2026-07-26T14:15:00Z,2026-07-26T16:15:00+0200,-0.81,EUR/MWh,FR,FR,day_ahead_price,value,2026-08-21T12:09:10Z
2026-08-21T12:03:35Z,2026-08-21T14:03:35+0200,5cef1f60-1e78-40ab-8a35-fe731affab16,2026-07-26T14:30:00Z,2026-07-26T16:30:00+0200,-0.81,EUR/MWh,FR,FR,day_ahead_price,value,2026-08-21T12:09:10Z
2026-08-21T12:03:35Z,2026-08-21T14:03:35+0200,5cef1f60-1e78-40ab-8a35-fe731affab16,2026-07-26T14:45:00Z,2026-07-26T16:45:00+0200,-0.8,EUR/MWh,FR,FR,day_ahead_price,value,2026-08-21T12:09:10Z
2026-08-21T12:03:35Z,2026-08-21T14:03:35+0200,5cef1f60-1e78-40ab-8a35-fe731affab16,2026-07-26T15:00:00Z,2026-07-26T17:00:00+0200,-0.5,EUR/MWh,FR,FR,day_ahead_price,value,2026-08-21T12:09:10Z
2026-08-21T12:03:35Z,2026-08-21T14:03:35+0200,5cef1f60-1e78-40ab-8a35-fe731affab16,2026-07-26T15:15:00Z,2026-07-26T17:15:00+0200,-0.16,EUR/MWh,FR,FR,day_ahead_price,value,2026-08-21T12:09:10Z
2026-08-21T12:03:35Z,2026-08-21T14:03:35+0200,5cef1f60-1e78-40ab-8a35-fe731affab16,2026-07-26T15:30:00Z,2026-07-26T17:30:00+0200,-0.11,EUR/MWh,FR,FR,day_ahead_price,value,2026-08-21T12:09:10Z
2026-08-21T12:03:35Z,2026-08-21T14:03:35+0200,5cef1f60-1e78-40ab-8a35-fe731affab16,2026-07-26T15:45:00Z,2026-07-26T17:45:00+0200,-0.11,EUR/MWh,FR,FR,day_ahead_price,value,2026-08-21T12:09:10Z
2026-08-21T12:03:35Z,2026-08-21T14:03:35+0200,5cef1f60-1e78-40ab-8a35-fe731affab16,2026-07-26T16:00:00Z,2026-07-26T18:00:00+0200,-0.01,EUR/MWh,FR,FR,day_ahead_price,value,2026-08-21T12:09:10Z
2026-08-21T12:03:35Z,2026-08-21T14:03:35+0200,5cef1f60-1e78-40ab-8a35-fe731affab16,2026-07-26T16:15:00Z,2026-07-26T18:15:00+0200,-0.01,EUR/MWh,FR,FR,day_ahead_price,value,2026-08-21T12:09:10Z
2026-08-21T12:03:35Z,2026-08-21T14:03:35+0200,5cef1f60-1e78-40ab-8a35-fe731affab16,2026-07-26T16:30:00Z,2026-07-26T18:30:00+0200,-0.01,EUR/MWh,FR,FR,day_ahead_price,value,2026-08-21T12:09:10Z
2026-08-21T12:03:35Z,2026-08-21T14:03:35+0200,5cef1f60-1e78-40ab-8a35-fe731affab16,2026-07-26T16:45:00Z,2026-07-26T18:45:00+0200,0.0,EUR/MWh,FR,FR,day_ahead_price,value,2026-08-21T12:09:10Z
2026-08-21T12:03:35Z,2026-08-21T14:03:35+0200,5cef1f60-1e78-40ab-8a35-fe731affab16,2026-07-26T17:00:00Z,2026-07-26T19:00:00+0200,0.5,EUR/MWh,FR,FR,day_ahead_price,value,2026-08-21T12:09:10Z
2026-08-21T12:03:35Z,2026-08-21T14:03:35+0200,5cef1f60-1e78-40ab-8a35-fe731affab16,2026-07-26T17:15:00Z,2026-07-26T19:15:00+0200,14.66,EUR/MWh,FR,FR,day_ahead_price,value,2026-08-21T12:09:10Z
2026-08-21T12:03:35Z,2026-08-21T14:03:35+0200,5cef1f60-1e78-40ab-8a35-fe731affab16,2026-07-26T17:30:00Z,2026-07-26T19:30:00+0200,50.0,EUR/MWh,FR,FR,day_ahead_price,value,2026-08-21T12:09:10Z
2026-08-21T12:03:35Z,2026-08-21T14:03:35+0200,5cef1f60-1e78-40ab-8a35-fe731affab16,2026-07-26T17:45:00Z,2026-07-26T19:45:00+0200,84.25,EUR/MWh,FR,FR,day_ahead_price,value,2026-08-21T12:09:10Z
2026-08-21T12:03:35Z,2026-08-21T14:03:35+0200,5cef1f60-1e78-40ab-8a35-fe731affab16,2026-07-26T18:00:00Z,2026-07-26T20:00:00+0200,39.56,EUR/MWh,FR,FR,day_ahead_price,value,2026-08-21T12:09:10Z
2026-08-21T12:03:35Z,2026-08-21T14:03:35+0200,5cef1f60-1e78-40ab-8a35-fe731affab16,2026-07-26T18:15:00Z,2026-07-26T20:15:00+0200,60.27,EUR/MWh,FR,FR,day_ahead_price,value,2026-08-21T12:09:10Z
2026-08-21T12:03:35Z,2026-08-21T14:03:35+0200,5cef1f60-1e78-40ab-8a35-fe731affab16,2026-07-26T18:30:00Z,2026-07-26T20:30:00+0200,86.82,EUR/MWh,FR,FR,day_ahead_price,value,2026-08-21T12:09:10Z
2026-08-21T12:03:35Z,2026-08-21T14:03:35+0200,5cef1f60-1e78-40ab-8a35-fe731affab16,2026-07-26T18:45:00Z,2026-07-26T20:45:00+0200,138.27,EUR/MWh,FR,FR,day_ahead_price,value,2026-08-21T12:09:10Z
2026-08-21T12:03:35Z,2026-08-21T14:03:35+0200,5cef1f60-1e78-40ab-8a35-fe731affab16,2026-07-26T19:00:00Z,2026-07-26T21:00:00+0200,73.49,EUR/MWh,FR,FR,day_ahead_price,value,2026-08-21T12:09:10Z
2026-08-21T12:03:35Z,2026-08-21T14:03:35+0200,5cef1f60-1e78-40ab-8a35-fe731affab16,2026-07-26T19:15:00Z,2026-07-26T21:15:00+0200,111.48,EUR/MWh,FR,FR,day_ahead_price,value,2026-08-21T12:09:10Z
2026-08-21T12:03:35Z,2026-08-21T14:03:35+0200,5cef1f60-1e78-40ab-8a35-fe731affab16,2026-07-26T19:30:00Z,2026-07-26T21:30:00+0200,140.37,EUR/MWh,FR,FR,day_ahead_price,value,2026-08-21T12:09:10Z
2026-08-21T12:03:35Z,2026-08-21T14:03:35+0200,5cef1f60-1e78-40ab-8a35-fe731affab16,2026-07-26T19:45:00Z,2026-07-26T21:45:00+0200,140.0,EUR/MWh,FR,FR,day_ahead_price,value,2026-08-21T12:09:10Z
2026-08-21T12:03:35Z,2026-08-21T14:03:35+0200,5cef1f60-1e78-40ab-8a35-fe731affab16,2026-07-26T20:00:00Z,2026-07-26T22:00:00+0200,143.37,EUR/MWh,FR,FR,day_ahead_price,value,2026-08-21T12:09:10Z
2026-08-21T12:03:35Z,2026-08-21T14:03:35+0200,5cef1f60-1e78-40ab-8a35-fe731affab16,2026-07-26T20:15:00Z,2026-07-26T22:15:00+0200,146.81,EUR/MWh,FR,FR,day_ahead_price,value,2026-08-21T12:09:10Z
2026-08-21T12:03:35Z,2026-08-21T14:03:35+0200,5cef1f60-1e78-40ab-8a35-fe731affab16,2026-07-26T20:30:00Z,2026-07-26T22:30:00+0200,147.98,EUR/MWh,FR,FR,day_ahead_price,value,2026-08-21T12:09:10Z
2026-08-21T12:03:35Z,2026-08-21T14:03:35+0200,5cef1f60-1e78-40ab-8a35-fe731affab16,2026-07-26T20:45:00Z,2026-07-26T22:45:00+0200,139.84,EUR/MWh,FR,FR,day_ahead_price,value,2026-08-21T12:09:10Z
2026-08-21T12:03:35Z,2026-08-21T14:03:35+0200,5cef1f60-1e78-40ab-8a35-fe731affab16,2026-07-26T21:00:00Z,2026-07-26T23:00:00+0200,145.35,EUR/MWh,FR,FR,day_ahead_price,value,2026-08-21T12:09:10Z
2026-08-21T12:03:35Z,2026-08-21T14:03:35+0200,5cef1f60-1e78-40ab-8a35-fe731affab16,2026-07-26T21:15:00Z,2026-07-26T23:15:00+0200,138.09,EUR/MWh,FR,FR,day_ahead_price,value,2026-08-21T12:09:10Z
2026-08-21T12:03:35Z,2026-08-21T14:03:35+0200,5cef1f60-1e78-40ab-8a35-fe731affab16,2026-07-26T21:30:00Z,2026-07-26T23:30:00+0200,136.73,EUR/MWh,FR,FR,day_ahead_price,value,2026-08-21T12:09:10Z
2026-08-21T12:03:35Z,2026-08-21T14:03:35+0200,5cef1f60-1e78-40ab-8a35-fe731affab16,2026-07-26T21:45:00Z,2026-07-26T23:45:00+0200,127.01,EUR/MWh,FR,FR,day_ahead_price,value,2026-08-21T12:09:10Z
2026-08-21T12:03:35Z,2026-08-21T14:03:35+0200,5cef1f60-1e78-40ab-8a35-fe731affab16,2026-07-26T22:00:00Z,2026-07-27T00:00:00+0200,22.55,EUR/MWh,FR,FR,day_ahead_price,value,2026-08-21T12:09:10Z
2026-08-21T12:03:35Z,2026-08-21T14:03:35+0200,5cef1f60-1e78-40ab-8a35-fe731affab16,2026-07-26T22:15:00Z,2026-07-27T00:15:00+0200,19.6,EUR/MWh,FR,FR,day_ahead_price,value,2026-08-21T12:09:10Z
2026-08-21T12:03:35Z,2026-08-21T14:03:35+0200,5cef1f60-1e78-40ab-8a35-fe731affab16,2026-07-26T22:30:00Z,2026-07-27T00:30:00+0200,24.15,EUR/MWh,FR,FR,day_ahead_price,value,2026-08-21T12:09:10Z
2026-08-21T12:03:35Z,2026-08-21T14:03:35+0200,5cef1f60-1e78-40ab-8a35-fe731affab16,2026-07-26T22:45:00Z,2026-07-27T00:45:00+0200,0.0,EUR/MWh,FR,FR,day_ahead_price,value,2026-08-21T12:09:10Z
2026-08-21T12:03:35Z,2026-08-21T14:03:35+0200,5cef1f60-1e78-40ab-8a35-fe731affab16,2026-07-26T23:00:00Z,2026-07-27T01:00:00+0200,21.58,EUR/MWh,FR,FR,day_ahead_price,value,2026-08-21T12:09:10Z
2026-08-21T12:03:35Z,2026-08-21T14:03:35+0200,5cef1f60-1e78-40ab-8a35-fe731affab16,2026-07-26T23:15:00Z,2026-07-27T01:15:00+0200,21.8,EUR/MWh,FR,FR,day_ahead_price,value,2026-08-21T12:09:10Z
2026-08-21T12:03:35Z,2026-08-21T14:03:35+0200,5cef1f60-1e78-40ab-8a35-fe731affab16,2026-07-26T23:30:00Z,2026-07-27T01:30:00+0200,54.82,EUR/MWh,FR,FR,day_ahead_price,value,2026-08-21T12:09:10Z
2026-08-21T12:03:35Z,2026-08-21T14:03:35+0200,5cef1f60-1e78-40ab-8a35-fe731affab16,2026-07-26T23:45:00Z,2026-07-27T01:45:00+0200,55.48,EUR/MWh,FR,FR,day_ahead_price,value,2026-08-21T12:09:10Z
2026-08-21T12:03:35Z,2026-08-21T14:03:35+0200,5cef1f60-1e78-40ab-8a35-fe731affab16,2026-07-27T00:00:00Z,2026-07-27T02:00:00+0200,45.28,EUR/MWh,FR,FR,day_ahead_price,value,2026-08-21T12:09:10Z
2026-08-21T12:03:35Z,2026-08-21T14:03:35+0200,5cef1f60-1e78-40ab-8a35-fe731affab16,2026-07-27T00:15:00Z,2026-07-27T02:15:00+0200,31.6,EUR/MWh,FR,FR,day_ahead_price,value,2026-08-21T12:09:10Z
2026-08-21T12:03:35Z,2026-08-21T14:03:35+0200,5cef1f60-1e78-40ab-8a35-fe731affab16,2026-07-27T00:30:00Z,2026-07-27T02:30:00+0200,31.98,EUR/MWh,FR,FR,day_ahead_price,value,2026-08-21T12:09:10Z
2026-08-21T12:03:35Z,2026-08-21T14:03:35+0200,5cef1f60-1e78-40ab-8a35-fe731affab16,2026-07-27T00:45:00Z,2026-07-27T02:45:00+0200,26.81,EUR/MWh,FR,FR,day_ahead_price,value,2026-08-21T12:09:10Z
2026-08-21T12:03:35Z,2026-08-21T14:03:35+0200,5cef1f60-1e78-40ab-8a35-fe731affab16,2026-07-27T01:00:00Z,2026-07-27T03:00:00+0200,15.14,EUR/MWh,FR,FR,day_ahead_price,value,2026-08-21T12:09:10Z
2026-08-21T12:03:35Z,2026-08-21T14:03:35+0200,5cef1f60-1e78-40ab-8a35-fe731affab16,2026-07-27T01:15:00Z,2026-07-27T03:15:00+0200,23.54,EUR/MWh,FR,FR,day_ahead_price,value,2026-08-21T12:09:10Z
2026-08-21T12:03:35Z,2026-08-21T14:03:35+0200,5cef1f60-1e78-40ab-8a35-fe731affab16,2026-07-27T01:30:00Z,2026-07-27T03:30:00+0200,11.91,EUR/MWh,FR,FR,day_ahead_price,value,2026-08-21T12:09:10Z
2026-08-21T12:03:35Z,2026-08-21T14:03:35+0200,5cef1f60-1e78-40ab-8a35-fe731affab16,2026-07-27T01:45:00Z,2026-07-27T03:45:00+0200,23.31,EUR/MWh,FR,FR,day_ahead_price,value,2026-08-21T12:09:10Z
2026-08-21T12:03:35Z,2026-08-21T14:03:35+0200,5cef1f60-1e78-40ab-8a35-fe731affab16,2026-07-27T02:00:00Z,2026-07-27T04:00:00+0200,35.96,EUR/MWh,FR,FR,day_ahead_price,value,2026-08-21T12:09:10Z
2026-08-21T12:03:35Z,2026-08-21T14:03:35+0200,5cef1f60-1e78-40ab-8a35-fe731affab16,2026-07-27T02:15:00Z,2026-07-27T04:15:00+0200,23.84,EUR/MWh,FR,FR,day_ahead_price,value,2026-08-21T12:09:10Z
2026-08-21T12:03:35Z,2026-08-21T14:03:35+0200,5cef1f60-1e78-40ab-8a35-fe731affab16,2026-07-27T02:30:00Z,2026-07-27T04:30:00+0200,23.39,EUR/MWh,FR,FR,day_ahead_price,value,2026-08-21T12:09:10Z
2026-08-21T12:03:35Z,2026-08-21T14:03:35+0200,5cef1f60-1e78-40ab-8a35-fe731affab16,2026-07-27T02:45:00Z,2026-07-27T04:45:00+0200,29.97,EUR/MWh,FR,FR,day_ahead_price,value,2026-08-21T12:09:10Z
2026-08-21T12:03:35Z,2026-08-21T14:03:35+0200,5cef1f60-1e78-40ab-8a35-fe731affab16,2026-07-27T03:00:00Z,2026-07-27T05:00:00+0200,13.94,EUR/MWh,FR,FR,day_ahead_price,value,2026-08-21T12:09:10Z
2026-08-21T12:03:35Z,2026-08-21T14:03:35+0200,5cef1f60-1e78-40ab-8a35-fe731affab16,2026-07-27T03:15:00Z,2026-07-27T05:15:00+0200,40.15,EUR/MWh,FR,FR,day_ahead_price,value,2026-08-21T12:09:10Z
2026-08-21T12:03:35Z,2026-08-21T14:03:35+0200,5cef1f60-1e78-40ab-8a35-fe731affab16,2026-07-27T03:30:00Z,2026-07-27T05:30:00+0200,53.4,EUR/MWh,FR,FR,day_ahead_price,value,2026-08-21T12:09:10Z
2026-08-21T12:03:35Z,2026-08-21T14:03:35+0200,5cef1f60-1e78-40ab-8a35-fe731affab16,2026-07-27T03:45:00Z,2026-07-27T05:45:00+0200,71.25,EUR/MWh,FR,FR,day_ahead_price,value,2026-08-21T12:09:10Z
2026-08-21T12:03:35Z,2026-08-21T14:03:35+0200,5cef1f60-1e78-40ab-8a35-fe731affab16,2026-07-27T04:00:00Z,2026-07-27T06:00:00+0200,90.1,EUR/MWh,FR,FR,day_ahead_price,value,2026-08-21T12:09:10Z
2026-08-21T12:03:35Z,2026-08-21T14:03:35+0200,5cef1f60-1e78-40ab-8a35-fe731affab16,2026-07-27T04:15:00Z,2026-07-27T06:15:00+0200,114.28,EUR/MWh,FR,FR,day_ahead_price,value,2026-08-21T12:09:10Z
2026-08-21T12:03:35Z,2026-08-21T14:03:35+0200,5cef1f60-1e78-40ab-8a35-fe731affab16,2026-07-27T04:30:00Z,2026-07-27T06:30:00+0200,87.01,EUR/MWh,FR,FR,day_ahead_price,value,2026-08-21T12:09:10Z
2026-08-21T12:03:35Z,2026-08-21T14:03:35+0200,5cef1f60-1e78-40ab-8a35-fe731affab16,2026-07-27T04:45:00Z,2026-07-27T06:45:00+0200,123.95,EUR/MWh,FR,FR,day_ahead_price,value,2026-08-21T12:09:10Z
2026-08-21T12:03:35Z,2026-08-21T14:03:35+0200,5cef1f60-1e78-40ab-8a35-fe731affab16,2026-07-27T05:00:00Z,2026-07-27T07:00:00+0200,134.79,EUR/MWh,FR,FR,day_ahead_price,value,2026-08-21T12:09:10Z
2026-08-21T12:03:35Z,2026-08-21T14:03:35+0200,5cef1f60-1e78-40ab-8a35-fe731affab16,2026-07-27T05:15:00Z,2026-07-27T07:15:00+0200,133.85,EUR/MWh,FR,FR,day_ahead_price,value,2026-08-21T12:09:10Z
2026-08-21T12:03:35Z,2026-08-21T14:03:35+0200,5cef1f60-1e78-40ab-8a35-fe731affab16,2026-07-27T05:30:00Z,2026-07-27T07:30:00+0200,126.28,EUR/MWh,FR,FR,day_ahead_price,value,2026-08-21T12:09:10Z
2026-08-21T12:03:35Z,2026-08-21T14:03:35+0200,5cef1f60-1e78-40ab-8a35-fe731affab16,2026-07-27T05:45:00Z,2026-07-27T07:45:00+0200,123.97,EUR/MWh,FR,FR,day_ahead_price,value,2026-08-21T12:09:10Z
2026-08-21T12:03:35Z,2026-08-21T14:03:35+0200,5cef1f60-1e78-40ab-8a35-fe731affab16,2026-07-27T06:00:00Z,2026-07-27T08:00:00+0200,147.82,EUR/MWh,FR,FR,day_ahead_price,value,2026-08-21T12:09:10Z
2026-08-21T12:03:35Z,2026-08-21T14:03:35+0200,5cef1f60-1e78-40ab-8a35-fe731affab16,2026-07-27T06:15:00Z,2026-07-27T08:15:00+0200,133.02,EUR/MWh,FR,FR,day_ahead_price,value,2026-08-21T12:09:10Z
2026-08-21T12:03:35Z,2026-08-21T14:03:35+0200,5cef1f60-1e78-40ab-8a35-fe731affab16,2026-07-27T06:30:00Z,2026-07-27T08:30:00+0200,112.16,EUR/MWh,FR,FR,day_ahead_price,value,2026-08-21T12:09:10Z
2026-08-21T12:03:35Z,2026-08-21T14:03:35+0200,5cef1f60-1e78-40ab-8a35-fe731affab16,2026-07-27T06:45:00Z,2026-07-27T08:45:00+0200,91.88,EUR/MWh,FR,FR,day_ahead_price,value,2026-08-21T12:09:10Z
2026-08-21T12:03:35Z,2026-08-21T14:03:35+0200,5cef1f60-1e78-40ab-8a35-fe731affab16,2026-07-27T07:00:00Z,2026-07-27T09:00:00+0200,104.0,EUR/MWh,FR,FR,day_ahead_price,value,2026-08-21T12:09:10Z
2026-08-21T12:03:35Z,2026-08-21T14:03:35+0200,5cef1f60-1e78-40ab-8a35-fe731affab16,2026-07-27T07:15:00Z,2026-07-27T09:15:00+0200,87.4,EUR/MWh,FR,FR,day_ahead_price,value,2026-08-21T12:09:10Z
2026-08-21T12:03:35Z,2026-08-21T14:03:35+0200,5cef1f60-1e78-40ab-8a35-fe731affab16,2026-07-27T07:30:00Z,2026-07-27T09:30:00+0200,72.2,EUR/MWh,FR,FR,day_ahead_price,value,2026-08-21T12:09:10Z
2026-08-21T12:03:35Z,2026-08-21T14:03:35+0200,5cef1f60-1e78-40ab-8a35-fe731affab16,2026-07-27T07:45:00Z,2026-07-27T09:45:00+0200,32.26,EUR/MWh,FR,FR,day_ahead_price,value,2026-08-21T12:09:10Z
2026-08-21T12:03:35Z,2026-08-21T14:03:35+0200,5cef1f60-1e78-40ab-8a35-fe731affab16,2026-07-27T08:00:00Z,2026-07-27T10:00:00+0200,25.18,EUR/MWh,FR,FR,day_ahead_price,value,2026-08-21T12:09:10Z
2026-08-21T12:03:35Z,2026-08-21T14:03:35+0200,5cef1f60-1e78-40ab-8a35-fe731affab16,2026-07-27T08:15:00Z,2026-07-27T10:15:00+0200,1.95,EUR/MWh,FR,FR,day_ahead_price,value,2026-08-21T12:09:10Z
2026-08-21T12:03:35Z,2026-08-21T14:03:35+0200,5cef1f60-1e78-40ab-8a35-fe731affab16,2026-07-27T08:30:00Z,2026-07-27T10:30:00+0200,1.0,EUR/MWh,FR,FR,day_ahead_price,value,2026-08-21T12:09:10Z
2026-08-21T12:03:35Z,2026-08-21T14:03:35+0200,5cef1f60-1e78-40ab-8a35-fe731affab16,2026-07-27T08:45:00Z,2026-07-27T10:45:00+0200,0.01,EUR/MWh,FR,FR,day_ahead_price,value,2026-08-21T12:09:10Z
2026-08-21T12:03:35Z,2026-08-21T14:03:35+0200,5cef1f60-1e78-40ab-8a35-fe731affab16,2026-07-27T09:00:00Z,2026-07-27T11:00:00+0200,0.0,EUR/MWh,FR,FR,day_ahead_price,value,2026-08-21T12:09:10Z
2026-08-21T12:03:35Z,2026-08-21T14:03:35+0200,5cef1f60-1e78-40ab-8a35-fe731affab16,2026-07-27T09:15:00Z,2026-07-27T11:15:00+0200,0.0,EUR/MWh,FR,FR,day_ahead_price,value,2026-08-21T12:09:10Z
2026-08-21T12:03:35Z,2026-08-21T14:03:35+0200,5cef1f60-1e78-40ab-8a35-fe731affab16,2026-07-27T09:30:00Z,2026-07-27T11:30:00+0200,0.0,EUR/MWh,FR,FR,day_ahead_price,value,2026-08-21T12:09:10Z
2026-08-21T12:03:35Z,2026-08-21T14:03:35+0200,5cef1f60-1e78-40ab-8a35-fe731affab16,2026-07-27T09:45:00Z,2026-07-27T11:45:00+0200,0.0,EUR/MWh,FR,FR,day_ahead_price,value,2026-08-21T12:09:10Z
2026-08-21T12:03:35Z,2026-08-21T14:03:35+0200,5cef1f60-1e78-40ab-8a35-fe731affab16,2026-07-27T10:00:00Z,2026-07-27T12:00:00+0200,0.0,EUR/MWh,FR,FR,day_ahead_price,value,2026-08-21T12:09:10Z
2026-08-21T12:03:35Z,2026-08-21T14:03:35+0200,5cef1f60-1e78-40ab-8a35-fe731affab16,2026-07-27T10:15:00Z,2026-07-27T12:15:00+0200,0.01,EUR/MWh,FR,FR,day_ahead_price,value,2026-08-21T12:09:10Z
2026-08-21T12:03:35Z,2026-08-21T14:03:35+0200,5cef1f60-1e78-40ab-8a35-fe731affab16,2026-07-27T10:30:00Z,2026-07-27T12:30:00+0200,0.01,EUR/MWh,FR,FR,day_ahead_price,value,2026-08-21T12:09:10Z
2026-08-21T12:03:35Z,2026-08-21T14:03:35+0200,5cef1f60-1e78-40ab-8a35-fe731affab16,2026-07-27T10:45:00Z,2026-07-27T12:45:00+0200,0.0,EUR/MWh,FR,FR,day_ahead_price,value,2026-08-21T12:09:10Z
2026-08-21T12:03:35Z,2026-08-21T14:03:35+0200,5cef1f60-1e78-40ab-8a35-fe731affab16,2026-07-27T11:00:00Z,2026-07-27T13:00:00+0200,-0.01,EUR/MWh,FR,FR,day_ahead_price,value,2026-08-21T12:09:10Z
2026-08-21T12:03:35Z,2026-08-21T14:03:35+0200,5cef1f60-1e78-40ab-8a35-fe731affab16,2026-07-27T11:15:00Z,2026-07-27T13:15:00+0200,-0.01,EUR/MWh,FR,FR,day_ahead_price,value,2026-08-21T12:09:10Z
2026-08-21T12:03:35Z,2026-08-21T14:03:35+0200,5cef1f60-1e78-40ab-8a35-fe731affab16,2026-07-27T11:30:00Z,2026-07-27T13:30:00+0200,-0.01,EUR/MWh,FR,FR,day_ahead_price,value,2026-08-21T12:09:10Z
2026-08-21T12:03:35Z,2026-08-21T14:03:35+0200,5cef1f60-1e78-40ab-8a35-fe731affab16,2026-07-27T11:45:00Z,2026-07-27T13:45:00+0200,-0.01,EUR/MWh,FR,FR,day_ahead_price,value,2026-08-21T12:09:10Z
2026-08-21T12:03:35Z,2026-08-21T14:03:35+0200,5cef1f60-1e78-40ab-8a35-fe731affab16,2026-07-27T12:00:00Z,2026-07-27T14:00:00+0200,-0.01,EUR/MWh,FR,FR,day_ahead_price,value,2026-08-21T12:09:10Z
2026-08-21T12:03:35Z,2026-08-21T14:03:35+0200,5cef1f60-1e78-40ab-8a35-fe731affab16,2026-07-27T12:15:00Z,2026-07-27T14:15:00+0200,-0.01,EUR/MWh,FR,FR,day_ahead_price,value,2026-08-21T12:09:10Z
2026-08-21T12:03:35Z,2026-08-21T14:03:35+0200,5cef1f60-1e78-40ab-8a35-fe731affab16,2026-07-27T12:30:00Z,2026-07-27T14:30:00+0200,-0.01,EUR/MWh,FR,FR,day_ahead_price,value,2026-08-21T12:09:10Z
2026-08-21T12:03:35Z,2026-08-21T14:03:35+0200,5cef1f60-1e78-40ab-8a35-fe731affab16,2026-07-27T12:45:00Z,2026-07-27T14:45:00+0200,-0.01,EUR/MWh,FR,FR,day_ahead_price,value,2026-08-21T12:09:10Z
2026-08-21T12:03:35Z,2026-08-21T14:03:35+0200,5cef1f60-1e78-40ab-8a35-fe731affab16,2026-07-27T13:00:00Z,2026-07-27T15:00:00+0200,-0.01,EUR/MWh,FR,FR,day_ahead_price,value,2026-08-21T12:09:10Z
2026-08-21T12:03:35Z,2026-08-21T14:03:35+0200,5cef1f60-1e78-40ab-8a35-fe731affab16,2026-07-27T13:15:00Z,2026-07-27T15:15:00+0200,-0.01,EUR/MWh,FR,FR,day_ahead_price,value,2026-08-21T12:09:10Z
2026-08-21T12:03:35Z,2026-08-21T14:03:35+0200,5cef1f60-1e78-40ab-8a35-fe731affab16,2026-07-27T13:30:00Z,2026-07-27T15:30:00+0200,-0.01,EUR/MWh,FR,FR,day_ahead_price,value,2026-08-21T12:09:10Z
2026-08-21T12:03:35Z,2026-08-21T14:03:35+0200,5cef1f60-1e78-40ab-8a35-fe731affab16,2026-07-27T13:45:00Z,2026-07-27T15:45:00+0200,-0.01,EUR/MWh,FR,FR,day_ahead_price,value,2026-08-21T12:09:10Z
2026-08-21T12:03:35Z,2026-08-21T14:03:35+0200,5cef1f60-1e78-40ab-8a35-fe731affab16,2026-07-27T14:00:00Z,2026-07-27T16:00:00+0200,-0.01,EUR/MWh,FR,FR,day_ahead_price,value,2026-08-21T12:09:10Z
2026-08-21T12:03:35Z,2026-08-21T14:03:35+0200,5cef1f60-1e78-40ab-8a35-fe731affab16,2026-07-27T14:15:00Z,2026-07-27T16:15:00+0200,-0.01,EUR/MWh,FR,FR,day_ahead_price,value,2026-08-21T12:09:10Z
2026-08-21T12:03:35Z,2026-08-21T14:03:35+0200,5cef1f60-1e78-40ab-8a35-fe731affab16,2026-07-27T14:30:00Z,2026-07-27T16:30:00+0200,-0.01,EUR/MWh,FR,FR,day_ahead_price,value,2026-08-21T12:09:10Z
2026-08-21T12:03:35Z,2026-08-21T14:03:35+0200,5cef1f60-1e78-40ab-8a35-fe731affab16,2026-07-27T14:45:00Z,2026-07-27T16:45:00+0200,-0.01,EUR/MWh,FR,FR,day_ahead_price,value,2026-08-21T12:09:10Z
2026-08-21T12:03:35Z,2026-08-21T14:03:35+0200,5cef1f60-1e78-40ab-8a35-fe731affab16,2026-07-27T15:00:00Z,2026-07-27T17:00:00+0200,0.0,EUR/MWh,FR,FR,day_ahead_price,value,2026-08-21T12:09:10Z
2026-08-21T12:03:35Z,2026-08-21T14:03:35+0200,5cef1f60-1e78-40ab-8a35-fe731affab16,2026-07-27T15:15:00Z,2026-07-27T17:15:00+0200,0.0,EUR/MWh,FR,FR,day_ahead_price,value,2026-08-21T12:09:10Z
2026-08-21T12:03:35Z,2026-08-21T14:03:35+0200,5cef1f60-1e78-40ab-8a35-fe731affab16,2026-07-27T15:30:00Z,2026-07-27T17:30:00+0200,0.0,EUR/MWh,FR,FR,day_ahead_price,value,2026-08-21T12:09:10Z
2026-08-21T12:03:35Z,2026-08-21T14:03:35+0200,5cef1f60-1e78-40ab-8a35-fe731affab16,2026-07-27T15:45:00Z,2026-07-27T17:45:00+0200,19.17,EUR/MWh,FR,FR,day_ahead_price,value,2026-08-21T12:09:10Z
2026-08-21T12:03:35Z,2026-08-21T14:03:35+0200,5cef1f60-1e78-40ab-8a35-fe731affab16,2026-07-27T16:00:00Z,2026-07-27T18:00:00+0200,57.92,EUR/MWh,FR,FR,day_ahead_price,value,2026-08-21T12:09:10Z
2026-08-21T12:03:35Z,2026-08-21T14:03:35+0200,5cef1f60-1e78-40ab-8a35-fe731affab16,2026-07-27T16:15:00Z,2026-07-27T18:15:00+0200,86.98,EUR/MWh,FR,FR,day_ahead_price,value,2026-08-21T12:09:10Z
2026-08-21T12:03:35Z,2026-08-21T14:03:35+0200,5cef1f60-1e78-40ab-8a35-fe731affab16,2026-07-27T16:30:00Z,2026-07-27T18:30:00+0200,95.59,EUR/MWh,FR,FR,day_ahead_price,value,2026-08-21T12:09:10Z
2026-08-21T12:03:35Z,2026-08-21T14:03:35+0200,5cef1f60-1e78-40ab-8a35-fe731affab16,2026-07-27T16:45:00Z,2026-07-27T18:45:00+0200,117.99,EUR/MWh,FR,FR,day_ahead_price,value,2026-08-21T12:09:10Z
2026-08-21T12:03:35Z,2026-08-21T14:03:35+0200,5cef1f60-1e78-40ab-8a35-fe731affab16,2026-07-27T17:00:00Z,2026-07-27T19:00:00+0200,110.3,EUR/MWh,FR,FR,day_ahead_price,value,2026-08-21T12:09:10Z
2026-08-21T12:03:35Z,2026-08-21T14:03:35+0200,5cef1f60-1e78-40ab-8a35-fe731affab16,2026-07-27T17:15:00Z,2026-07-27T19:15:00+0200,136.48,EUR/MWh,FR,FR,day_ahead_price,value,2026-08-21T12:09:10Z
2026-08-21T12:03:35Z,2026-08-21T14:03:35+0200,5cef1f60-1e78-40ab-8a35-fe731affab16,2026-07-27T17:30:00Z,2026-07-27T19:30:00+0200,156.51,EUR/MWh,FR,FR,day_ahead_price,value,2026-08-21T12:09:10Z
2026-08-21T12:03:35Z,2026-08-21T14:03:35+0200,5cef1f60-1e78-40ab-8a35-fe731affab16,2026-07-27T17:45:00Z,2026-07-27T19:45:00+0200,179.95,EUR/MWh,FR,FR,day_ahead_price,value,2026-08-21T12:09:10Z
2026-08-21T12:03:35Z,2026-08-21T14:03:35+0200,5cef1f60-1e78-40ab-8a35-fe731affab16,2026-07-27T18:00:00Z,2026-07-27T20:00:00+0200,151.37,EUR/MWh,FR,FR,day_ahead_price,value,2026-08-21T12:09:10Z
2026-08-21T12:03:35Z,2026-08-21T14:03:35+0200,5cef1f60-1e78-40ab-8a35-fe731affab16,2026-07-27T18:15:00Z,2026-07-27T20:15:00+0200,172.54,EUR/MWh,FR,FR,day_ahead_price,value,2026-08-21T12:09:10Z
2026-08-21T12:03:35Z,2026-08-21T14:03:35+0200,5cef1f60-1e78-40ab-8a35-fe731affab16,2026-07-27T18:30:00Z,2026-07-27T20:30:00+0200,180.39,EUR/MWh,FR,FR,day_ahead_price,value,2026-08-21T12:09:10Z
2026-08-21T12:03:35Z,2026-08-21T14:03:35+0200,5cef1f60-1e78-40ab-8a35-fe731affab16,2026-07-27T18:45:00Z,2026-07-27T20:45:00+0200,187.05,EUR/MWh,FR,FR,day_ahead_price,value,2026-08-21T12:09:10Z
2026-08-21T12:03:35Z,2026-08-21T14:03:35+0200,5cef1f60-1e78-40ab-8a35-fe731affab16,2026-07-27T19:00:00Z,2026-07-27T21:00:00+0200,183.1,EUR/MWh,FR,FR,day_ahead_price,value,2026-08-21T12:09:10Z
2026-08-21T12:03:35Z,2026-08-21T14:03:35+0200,5cef1f60-1e78-40ab-8a35-fe731affab16,2026-07-27T19:15:00Z,2026-07-27T21:15:00+0200,181.08,EUR/MWh,FR,FR,day_ahead_price,value,2026-08-21T12:09:10Z
2026-08-21T12:03:35Z,2026-08-21T14:03:35+0200,5cef1f60-1e78-40ab-8a35-fe731affab16,2026-07-27T19:30:00Z,2026-07-27T21:30:00+0200,169.13,EUR/MWh,FR,FR,day_ahead_price,value,2026-08-21T12:09:10Z
2026-08-21T12:03:35Z,2026-08-21T14:03:35+0200,5cef1f60-1e78-40ab-8a35-fe731affab16,2026-07-27T19:45:00Z,2026-07-27T21:45:00+0200,169.7,EUR/MWh,FR,FR,day_ahead_price,value,2026-08-21T12:09:10Z
2026-08-21T12:03:35Z,2026-08-21T14:03:35+0200,5cef1f60-1e78-40ab-8a35-fe731affab16,2026-07-27T20:00:00Z,2026-07-27T22:00:00+0200,182.79,EUR/MWh,FR,FR,day_ahead_price,value,2026-08-21T12:09:10Z
2026-08-21T12:03:35Z,2026-08-21T14:03:35+0200,5cef1f60-1e78-40ab-8a35-fe731affab16,2026-07-27T20:15:00Z,2026-07-27T22:15:00+0200,174.93,EUR/MWh,FR,FR,day_ahead_price,value,2026-08-21T12:09:10Z
2026-08-21T12:03:35Z,2026-08-21T14:03:35+0200,5cef1f60-1e78-40ab-8a35-fe731affab16,2026-07-27T20:30:00Z,2026-07-27T22:30:00+0200,176.18,EUR/MWh,FR,FR,day_ahead_price,value,2026-08-21T12:09:10Z
2026-08-21T12:03:35Z,2026-08-21T14:03:35+0200,5cef1f60-1e78-40ab-8a35-fe731affab16,2026-07-27T20:45:00Z,2026-07-27T22:45:00+0200,156.96,EUR/MWh,FR,FR,day_ahead_price,value,2026-08-21T12:09:10Z
2026-08-21T12:03:35Z,2026-08-21T14:03:35+0200,5cef1f60-1e78-40ab-8a35-fe731affab16,2026-07-27T21:00:00Z,2026-07-27T23:00:00+0200,162.13,EUR/MWh,FR,FR,day_ahead_price,value,2026-08-21T12:09:10Z
2026-08-21T12:03:35Z,2026-08-21T14:03:35+0200,5cef1f60-1e78-40ab-8a35-fe731affab16,2026-07-27T21:15:00Z,2026-07-27T23:15:00+0200,162.1,EUR/MWh,FR,FR,day_ahead_price,value,2026-08-21T12:09:10Z
2026-08-21T12:03:35Z,2026-08-21T14:03:35+0200,5cef1f60-1e78-40ab-8a35-fe731affab16,2026-07-27T21:30:00Z,2026-07-27T23:30:00+0200,163.24,EUR/MWh,FR,FR,day_ahead_price,value,2026-08-21T12:09:10Z
2026-08-21T12:03:35Z,2026-08-21T14:03:35+0200,5cef1f60-1e78-40ab-8a35-fe731affab16,2026-07-27T21:45:00Z,2026-07-27T23:45:00+0200,145.98,EUR/MWh,FR,FR,day_ahead_price,value,2026-08-21T12:09:10Z
2026-08-21T12:03:35Z,2026-08-21T14:03:35+0200,5cef1f60-1e78-40ab-8a35-fe731affab16,2026-07-27T22:00:00Z,2026-07-28T00:00:00+0200,180.35,EUR/MWh,FR,FR,day_ahead_price,value,2026-08-21T12:09:10Z
2026-08-21T12:03:35Z,2026-08-21T14:03:35+0200,5cef1f60-1e78-40ab-8a35-fe731affab16,2026-07-27T22:15:00Z,2026-07-28T00:15:00+0200,170.61,EUR/MWh,FR,FR,day_ahead_price,value,2026-08-21T12:09:10Z
2026-08-21T12:03:35Z,2026-08-21T14:03:35+0200,5cef1f60-1e78-40ab-8a35-fe731affab16,2026-07-27T22:30:00Z,2026-07-28T00:30:00+0200,148.0,EUR/MWh,FR,FR,day_ahead_price,value,2026-08-21T12:09:10Z
2026-08-21T12:03:35Z,2026-08-21T14:03:35+0200,5cef1f60-1e78-40ab-8a35-fe731affab16,2026-07-27T22:45:00Z,2026-07-28T00:45:00+0200,138.0,EUR/MWh,FR,FR,day_ahead_price,value,2026-08-21T12:09:10Z
2026-08-21T12:03:35Z,2026-08-21T14:03:35+0200,5cef1f60-1e78-40ab-8a35-fe731affab16,2026-07-27T23:00:00Z,2026-07-28T01:00:00+0200,154.74,EUR/MWh,FR,FR,day_ahead_price,value,2026-08-21T12:09:10Z
2026-08-21T12:03:35Z,2026-08-21T14:03:35+0200,5cef1f60-1e78-40ab-8a35-fe731affab16,2026-07-27T23:15:00Z,2026-07-28T01:15:00+0200,149.35,EUR/MWh,FR,FR,day_ahead_price,value,2026-08-21T12:09:10Z
2026-08-21T12:03:35Z,2026-08-21T14:03:35+0200,5cef1f60-1e78-40ab-8a35-fe731affab16,2026-07-27T23:30:00Z,2026-07-28T01:30:00+0200,145.13,EUR/MWh,FR,FR,day_ahead_price,value,2026-08-21T12:09:10Z
2026-08-21T12:03:35Z,2026-08-21T14:03:35+0200,5cef1f60-1e78-40ab-8a35-fe731affab16,2026-07-27T23:45:00Z,2026-07-28T01:45:00+0200,144.67,EUR/MWh,FR,FR,day_ahead_price,value,2026-08-21T12:09:10Z
2026-08-21T12:03:35Z,2026-08-21T14:03:35+0200,5cef1f60-1e78-40ab-8a35-fe731affab16,2026-07-28T00:00:00Z,2026-07-28T02:00:00+0200,148.4,EUR/MWh,FR,FR,day_ahead_price,value,2026-08-21T12:09:10Z
2026-08-21T12:03:35Z,2026-08-21T14:03:35+0200,5cef1f60-1e78-40ab-8a35-fe731affab16,2026-07-28T00:15:00Z,2026-07-28T02:15:00+0200,143.79,EUR/MWh,FR,FR,day_ahead_price,value,2026-08-21T12:09:10Z
2026-08-21T12:03:35Z,2026-08-21T14:03:35+0200,5cef1f60-1e78-40ab-8a35-fe731affab16,2026-07-28T00:30:00Z,2026-07-28T02:30:00+0200,139.7,EUR/MWh,FR,FR,day_ahead_price,value,2026-08-21T12:09:10Z
2026-08-21T12:03:35Z,2026-08-21T14:03:35+0200,5cef1f60-1e78-40ab-8a35-fe731affab16,2026-07-28T00:45:00Z,2026-07-28T02:45:00+0200,137.8,EUR/MWh,FR,FR,day_ahead_price,value,2026-08-21T12:09:10Z
2026-08-21T12:03:35Z,2026-08-21T14:03:35+0200,5cef1f60-1e78-40ab-8a35-fe731affab16,2026-07-28T01:00:00Z,2026-07-28T03:00:00+0200,136.5,EUR/MWh,FR,FR,day_ahead_price,value,2026-08-21T12:09:10Z
2026-08-21T12:03:35Z,2026-08-21T14:03:35+0200,5cef1f60-1e78-40ab-8a35-fe731affab16,2026-07-28T01:15:00Z,2026-07-28T03:15:00+0200,125.96,EUR/MWh,FR,FR,day_ahead_price,value,2026-08-21T12:09:10Z
2026-08-21T12:03:35Z,2026-08-21T14:03:35+0200,5cef1f60-1e78-40ab-8a35-fe731affab16,2026-07-28T01:30:00Z,2026-07-28T03:30:00+0200,122.74,EUR/MWh,FR,FR,day_ahead_price,value,2026-08-21T12:09:10Z
2026-08-21T12:03:35Z,2026-08-21T14:03:35+0200,5cef1f60-1e78-40ab-8a35-fe731affab16,2026-07-28T01:45:00Z,2026-07-28T03:45:00+0200,124.18,EUR/MWh,FR,FR,day_ahead_price,value,2026-08-21T12:09:10Z
2026-08-21T12:03:35Z,2026-08-21T14:03:35+0200,5cef1f60-1e78-40ab-8a35-fe731affab16,2026-07-28T02:00:00Z,2026-07-28T04:00:00+0200,119.57,EUR/MWh,FR,FR,day_ahead_price,value,2026-08-21T12:09:10Z
2026-08-21T12:03:35Z,2026-08-21T14:03:35+0200,5cef1f60-1e78-40ab-8a35-fe731affab16,2026-07-28T02:15:00Z,2026-07-28T04:15:00+0200,116.99,EUR/MWh,FR,FR,day_ahead_price,value,2026-08-21T12:09:10Z
2026-08-21T12:03:35Z,2026-08-21T14:03:35+0200,5cef1f60-1e78-40ab-8a35-fe731affab16,2026-07-28T02:30:00Z,2026-07-28T04:30:00+0200,123.27,EUR/MWh,FR,FR,day_ahead_price,value,2026-08-21T12:09:10Z
2026-08-21T12:03:35Z,2026-08-21T14:03:35+0200,5cef1f60-1e78-40ab-8a35-fe731affab16,2026-07-28T02:45:00Z,2026-07-28T04:45:00+0200,114.66,EUR/MWh,FR,FR,day_ahead_price,value,2026-08-21T12:09:10Z
2026-08-21T12:03:35Z,2026-08-21T14:03:35+0200,5cef1f60-1e78-40ab-8a35-fe731affab16,2026-07-28T03:00:00Z,2026-07-28T05:00:00+0200,115.25,EUR/MWh,FR,FR,day_ahead_price,value,2026-08-21T12:09:10Z
2026-08-21T12:03:35Z,2026-08-21T14:03:35+0200,5cef1f60-1e78-40ab-8a35-fe731affab16,2026-07-28T03:15:00Z,2026-07-28T05:15:00+0200,130.32,EUR/MWh,FR,FR,day_ahead_price,value,2026-08-21T12:09:10Z
2026-08-21T12:03:35Z,2026-08-21T14:03:35+0200,5cef1f60-1e78-40ab-8a35-fe731affab16,2026-07-28T03:30:00Z,2026-07-28T05:30:00+0200,136.37,EUR/MWh,FR,FR,day_ahead_price,value,2026-08-21T12:09:10Z
2026-08-21T12:03:35Z,2026-08-21T14:03:35+0200,5cef1f60-1e78-40ab-8a35-fe731affab16,2026-07-28T03:45:00Z,2026-07-28T05:45:00+0200,152.49,EUR/MWh,FR,FR,day_ahead_price,value,2026-08-21T12:09:10Z
2026-08-21T12:03:35Z,2026-08-21T14:03:35+0200,5cef1f60-1e78-40ab-8a35-fe731affab16,2026-07-28T04:00:00Z,2026-07-28T06:00:00+0200,149.72,EUR/MWh,FR,FR,day_ahead_price,value,2026-08-21T12:09:10Z
2026-08-21T12:03:35Z,2026-08-21T14:03:35+0200,5cef1f60-1e78-40ab-8a35-fe731affab16,2026-07-28T04:15:00Z,2026-07-28T06:15:00+0200,129.52,EUR/MWh,FR,FR,day_ahead_price,value,2026-08-21T12:09:10Z
2026-08-21T12:03:35Z,2026-08-21T14:03:35+0200,5cef1f60-1e78-40ab-8a35-fe731affab16,2026-07-28T04:30:00Z,2026-07-28T06:30:00+0200,141.52,EUR/MWh,FR,FR,day_ahead_price,value,2026-08-21T12:09:10Z
2026-08-21T12:03:35Z,2026-08-21T14:03:35+0200,5cef1f60-1e78-40ab-8a35-fe731affab16,2026-07-28T04:45:00Z,2026-07-28T06:45:00+0200,157.0,EUR/MWh,FR,FR,day_ahead_price,value,2026-08-21T12:09:10Z
2026-08-21T12:03:35Z,2026-08-21T14:03:35+0200,5cef1f60-1e78-40ab-8a35-fe731affab16,2026-07-28T05:00:00Z,2026-07-28T07:00:00+0200,167.36,EUR/MWh,FR,FR,day_ahead_price,value,2026-08-21T12:09:10Z
2026-08-21T12:03:35Z,2026-08-21T14:03:35+0200,5cef1f60-1e78-40ab-8a35-fe731affab16,2026-07-28T05:15:00Z,2026-07-28T07:15:00+0200,162.76,EUR/MWh,FR,FR,day_ahead_price,value,2026-08-21T12:09:10Z
2026-08-21T12:03:35Z,2026-08-21T14:03:35+0200,5cef1f60-1e78-40ab-8a35-fe731affab16,2026-07-28T05:30:00Z,2026-07-28T07:30:00+0200,155.88,EUR/MWh,FR,FR,day_ahead_price,value,2026-08-21T12:09:10Z
2026-08-21T12:03:35Z,2026-08-21T14:03:35+0200,5cef1f60-1e78-40ab-8a35-fe731affab16,2026-07-28T05:45:00Z,2026-07-28T07:45:00+0200,147.63,EUR/MWh,FR,FR,day_ahead_price,value,2026-08-21T12:09:10Z
2026-08-21T12:03:35Z,2026-08-21T14:03:35+0200,5cef1f60-1e78-40ab-8a35-fe731affab16,2026-07-28T06:00:00Z,2026-07-28T08:00:00+0200,171.78,EUR/MWh,FR,FR,day_ahead_price,value,2026-08-21T12:09:10Z
2026-08-21T12:03:35Z,2026-08-21T14:03:35+0200,5cef1f60-1e78-40ab-8a35-fe731affab16,2026-07-28T06:15:00Z,2026-07-28T08:15:00+0200,159.18,EUR/MWh,FR,FR,day_ahead_price,value,2026-08-21T12:09:10Z
2026-08-21T12:03:35Z,2026-08-21T14:03:35+0200,5cef1f60-1e78-40ab-8a35-fe731affab16,2026-07-28T06:30:00Z,2026-07-28T08:30:00+0200,150.0,EUR/MWh,FR,FR,day_ahead_price,value,2026-08-21T12:09:10Z
2026-08-21T12:03:35Z,2026-08-21T14:03:35+0200,5cef1f60-1e78-40ab-8a35-fe731affab16,2026-07-28T06:45:00Z,2026-07-28T08:45:00+0200,94.2,EUR/MWh,FR,FR,day_ahead_price,value,2026-08-21T12:09:10Z
2026-08-21T12:03:35Z,2026-08-21T14:03:35+0200,5cef1f60-1e78-40ab-8a35-fe731affab16,2026-07-28T07:00:00Z,2026-07-28T09:00:00+0200,162.06,EUR/MWh,FR,FR,day_ahead_price,value,2026-08-21T12:09:10Z
2026-08-21T12:03:35Z,2026-08-21T14:03:35+0200,5cef1f60-1e78-40ab-8a35-fe731affab16,2026-07-28T07:15:00Z,2026-07-28T09:15:00+0200,83.42,EUR/MWh,FR,FR,day_ahead_price,value,2026-08-21T12:09:10Z
2026-08-21T12:03:35Z,2026-08-21T14:03:35+0200,5cef1f60-1e78-40ab-8a35-fe731affab16,2026-07-28T07:30:00Z,2026-07-28T09:30:00+0200,65.43,EUR/MWh,FR,FR,day_ahead_price,value,2026-08-21T12:09:10Z
2026-08-21T12:03:35Z,2026-08-21T14:03:35+0200,5cef1f60-1e78-40ab-8a35-fe731affab16,2026-07-28T07:45:00Z,2026-07-28T09:45:00+0200,0.0,EUR/MWh,FR,FR,day_ahead_price,value,2026-08-21T12:09:10Z
2026-08-21T12:03:35Z,2026-08-21T14:03:35+0200,5cef1f60-1e78-40ab-8a35-fe731affab16,2026-07-28T08:00:00Z,2026-07-28T10:00:00+0200,0.0,EUR/MWh,FR,FR,day_ahead_price,value,2026-08-21T12:09:10Z
2026-08-21T12:03:35Z,2026-08-21T14:03:35+0200,5cef1f60-1e78-40ab-8a35-fe731affab16,2026-07-28T08:15:00Z,2026-07-28T10:15:00+0200,0.0,EUR/MWh,FR,FR,day_ahead_price,value,2026-08-21T12:09:10Z
2026-08-21T12:03:35Z,2026-08-21T14:03:35+0200,5cef1f60-1e78-40ab-8a35-fe731affab16,2026-07-28T08:30:00Z,2026-07-28T10:30:00+0200,-0.01,EUR/MWh,FR,FR,day_ahead_price,value,2026-08-21T12:09:10Z
2026-08-21T12:03:35Z,2026-08-21T14:03:35+0200,5cef1f60-1e78-40ab-8a35-fe731affab16,2026-07-28T08:45:00Z,2026-07-28T10:45:00+0200,-0.01,EUR/MWh,FR,FR,day_ahead_price,value,2026-08-21T12:09:10Z
2026-08-21T12:03:35Z,2026-08-21T14:03:35+0200,5cef1f60-1e78-40ab-8a35-fe731affab16,2026-07-28T09:00:00Z,2026-07-28T11:00:00+0200,-0.01,EUR/MWh,FR,FR,day_ahead_price,value,2026-08-21T12:09:10Z
2026-08-21T12:03:35Z,2026-08-21T14:03:35+0200,5cef1f60-1e78-40ab-8a35-fe731affab16,2026-07-28T09:15:00Z,2026-07-28T11:15:00+0200,-0.01,EUR/MWh,FR,FR,day_ahead_price,value,2026-08-21T12:09:10Z
2026-08-21T12:03:35Z,2026-08-21T14:03:35+0200,5cef1f60-1e78-40ab-8a35-fe731affab16,2026-07-28T09:30:00Z,2026-07-28T11:30:00+0200,-0.01,EUR/MWh,FR,FR,day_ahead_price,value,2026-08-21T12:09:10Z
2026-08-21T12:03:35Z,2026-08-21T14:03:35+0200,5cef1f60-1e78-40ab-8a35-fe731affab16,2026-07-28T09:45:00Z,2026-07-28T11:45:00+0200,-0.01,EUR/MWh,FR,FR,day_ahead_price,value,2026-08-21T12:09:10Z
2026-08-21T12:03:35Z,2026-08-21T14:03:35+0200,5cef1f60-1e78-40ab-8a35-fe731affab16,2026-07-28T10:00:00Z,2026-07-28T12:00:00+0200,0.0,EUR/MWh,FR,FR,day_ahead_price,value,2026-08-21T12:09:10Z
2026-08-21T12:03:35Z,2026-08-21T14:03:35+0200,5cef1f60-1e78-40ab-8a35-fe731affab16,2026-07-28T10:15:00Z,2026-07-28T12:15:00+0200,0.0,EUR/MWh,FR,FR,day_ahead_price,value,2026-08-21T12:09:10Z
2026-08-21T12:03:35Z,2026-08-21T14:03:35+0200,5cef1f60-1e78-40ab-8a35-fe731affab16,2026-07-28T10:30:00Z,2026-07-28T12:30:00+0200,0.0,EUR/MWh,FR,FR,day_ahead_price,value,2026-08-21T12:09:10Z
2026-08-21T12:03:35Z,2026-08-21T14:03:35+0200,5cef1f60-1e78-40ab-8a35-fe731affab16,2026-07-28T10:45:00Z,2026-07-28T12:45:00+0200,-0.01,EUR/MWh,FR,FR,day_ahead_price,value,2026-08-21T12:09:10Z
2026-08-21T12:03:35Z,2026-08-21T14:03:35+0200,5cef1f60-1e78-40ab-8a35-fe731affab16,2026-07-28T11:00:00Z,2026-07-28T13:00:00+0200,-0.01,EUR/MWh,FR,FR,day_ahead_price,value,2026-08-21T12:09:10Z
2026-08-21T12:03:35Z,2026-08-21T14:03:35+0200,5cef1f60-1e78-40ab-8a35-fe731affab16,2026-07-28T11:15:00Z,2026-07-28T13:15:00+0200,-0.01,EUR/MWh,FR,FR,day_ahead_price,value,2026-08-21T12:09:10Z
2026-08-21T12:03:35Z,2026-08-21T14:03:35+0200,5cef1f60-1e78-40ab-8a35-fe731affab16,2026-07-28T11:30:00Z,2026-07-28T13:30:00+0200,-0.01,EUR/MWh,FR,FR,day_ahead_price,value,2026-08-21T12:09:10Z
2026-08-21T12:03:35Z,2026-08-21T14:03:35+0200,5cef1f60-1e78-40ab-8a35-fe731affab16,2026-07-28T11:45:00Z,2026-07-28T13:45:00+0200,-0.01,EUR/MWh,FR,FR,day_ahead_price,value,2026-08-21T12:09:10Z
2026-08-21T12:03:35Z,2026-08-21T14:03:35+0200,5cef1f60-1e78-40ab-8a35-fe731affab16,2026-07-28T12:00:00Z,2026-07-28T14:00:00+0200,-0.01,EUR/MWh,FR,FR,day_ahead_price,value,2026-08-21T12:09:10Z
2026-08-21T12:03:35Z,2026-08-21T14:03:35+0200,5cef1f60-1e78-40ab-8a35-fe731affab16,2026-07-28T12:15:00Z,2026-07-28T14:15:00+0200,0.0,EUR/MWh,FR,FR,day_ahead_price,value,2026-08-21T12:09:10Z
2026-08-21T12:03:35Z,2026-08-21T14:03:35+0200,5cef1f60-1e78-40ab-8a35-fe731affab16,2026-07-28T12:30:00Z,2026-07-28T14:30:00+0200,0.0,EUR/MWh,FR,FR,day_ahead_price,value,2026-08-21T12:09:10Z
2026-08-21T12:03:35Z,2026-08-21T14:03:35+0200,5cef1f60-1e78-40ab-8a35-fe731affab16,2026-07-28T12:45:00Z,2026-07-28T14:45:00+0200,0.0,EUR/MWh,FR,FR,day_ahead_price,value,2026-08-21T12:09:10Z
2026-08-21T12:03:35Z,2026-08-21T14:03:35+0200,5cef1f60-1e78-40ab-8a35-fe731affab16,2026-07-28T13:00:00Z,2026-07-28T15:00:00+0200,0.0,EUR/MWh,FR,FR,day_ahead_price,value,2026-08-21T12:09:10Z
2026-08-21T12:03:35Z,2026-08-21T14:03:35+0200,5cef1f60-1e78-40ab-8a35-fe731affab16,2026-07-28T13:15:00Z,2026-07-28T15:15:00+0200,0.91,EUR/MWh,FR,FR,day_ahead_price,value,2026-08-21T12:09:10Z
2026-08-21T12:03:35Z,2026-08-21T14:03:35+0200,5cef1f60-1e78-40ab-8a35-fe731affab16,2026-07-28T13:30:00Z,2026-07-28T15:30:00+0200,1.2,EUR/MWh,FR,FR,day_ahead_price,value,2026-08-21T12:09:10Z
2026-08-21T12:03:35Z,2026-08-21T14:03:35+0200,5cef1f60-1e78-40ab-8a35-fe731affab16,2026-07-28T13:45:00Z,2026-07-28T15:45:00+0200,1.9,EUR/MWh,FR,FR,day_ahead_price,value,2026-08-21T12:09:10Z
2026-08-21T12:03:35Z,2026-08-21T14:03:35+0200,5cef1f60-1e78-40ab-8a35-fe731affab16,2026-07-28T14:00:00Z,2026-07-28T16:00:00+0200,1.82,EUR/MWh,FR,FR,day_ahead_price,value,2026-08-21T12:09:10Z
2026-08-21T12:03:35Z,2026-08-21T14:03:35+0200,5cef1f60-1e78-40ab-8a35-fe731affab16,2026-07-28T14:15:00Z,2026-07-28T16:15:00+0200,5.0,EUR/MWh,FR,FR,day_ahead_price,value,2026-08-21T12:09:10Z
2026-08-21T12:03:35Z,2026-08-21T14:03:35+0200,5cef1f60-1e78-40ab-8a35-fe731affab16,2026-07-28T14:30:00Z,2026-07-28T16:30:00+0200,16.49,EUR/MWh,FR,FR,day_ahead_price,value,2026-08-21T12:09:10Z
2026-08-21T12:03:35Z,2026-08-21T14:03:35+0200,5cef1f60-1e78-40ab-8a35-fe731affab16,2026-07-28T14:45:00Z,2026-07-28T16:45:00+0200,38.66,EUR/MWh,FR,FR,day_ahead_price,value,2026-08-21T12:09:10Z
2026-08-21T12:03:35Z,2026-08-21T14:03:35+0200,5cef1f60-1e78-40ab-8a35-fe731affab16,2026-07-28T15:00:00Z,2026-07-28T17:00:00+0200,59.25,EUR/MWh,FR,FR,day_ahead_price,value,2026-08-21T12:09:10Z
2026-08-21T12:03:35Z,2026-08-21T14:03:35+0200,5cef1f60-1e78-40ab-8a35-fe731affab16,2026-07-28T15:15:00Z,2026-07-28T17:15:00+0200,82.4,EUR/MWh,FR,FR,day_ahead_price,value,2026-08-21T12:09:10Z
2026-08-21T12:03:35Z,2026-08-21T14:03:35+0200,5cef1f60-1e78-40ab-8a35-fe731affab16,2026-07-28T15:30:00Z,2026-07-28T17:30:00+0200,95.49,EUR/MWh,FR,FR,day_ahead_price,value,2026-08-21T12:09:10Z
2026-08-21T12:03:35Z,2026-08-21T14:03:35+0200,5cef1f60-1e78-40ab-8a35-fe731affab16,2026-07-28T15:45:00Z,2026-07-28T17:45:00+0200,100.0,EUR/MWh,FR,FR,day_ahead_price,value,2026-08-21T12:09:10Z
2026-08-21T12:03:35Z,2026-08-21T14:03:35+0200,5cef1f60-1e78-40ab-8a35-fe731affab16,2026-07-28T16:00:00Z,2026-07-28T18:00:00+0200,113.72,EUR/MWh,FR,FR,day_ahead_price,value,2026-08-21T12:09:10Z
2026-08-21T12:03:35Z,2026-08-21T14:03:35+0200,5cef1f60-1e78-40ab-8a35-fe731affab16,2026-07-28T16:15:00Z,2026-07-28T18:15:00+0200,124.4,EUR/MWh,FR,FR,day_ahead_price,value,2026-08-21T12:09:10Z
2026-08-21T12:03:35Z,2026-08-21T14:03:35+0200,5cef1f60-1e78-40ab-8a35-fe731affab16,2026-07-28T16:30:00Z,2026-07-28T18:30:00+0200,144.3,EUR/MWh,FR,FR,day_ahead_price,value,2026-08-21T12:09:10Z
2026-08-21T12:03:35Z,2026-08-21T14:03:35+0200,5cef1f60-1e78-40ab-8a35-fe731affab16,2026-07-28T16:45:00Z,2026-07-28T18:45:00+0200,155.17,EUR/MWh,FR,FR,day_ahead_price,value,2026-08-21T12:09:10Z
2026-08-21T12:03:35Z,2026-08-21T14:03:35+0200,5cef1f60-1e78-40ab-8a35-fe731affab16,2026-07-28T17:00:00Z,2026-07-28T19:00:00+0200,144.39,EUR/MWh,FR,FR,day_ahead_price,value,2026-08-21T12:09:10Z
2026-08-21T12:03:35Z,2026-08-21T14:03:35+0200,5cef1f60-1e78-40ab-8a35-fe731affab16,2026-07-28T17:15:00Z,2026-07-28T19:15:00+0200,162.06,EUR/MWh,FR,FR,day_ahead_price,value,2026-08-21T12:09:10Z
2026-08-21T12:03:35Z,2026-08-21T14:03:35+0200,5cef1f60-1e78-40ab-8a35-fe731affab16,2026-07-28T17:30:00Z,2026-07-28T19:30:00+0200,171.9,EUR/MWh,FR,FR,day_ahead_price,value,2026-08-21T12:09:10Z
2026-08-21T12:03:35Z,2026-08-21T14:03:35+0200,5cef1f60-1e78-40ab-8a35-fe731affab16,2026-07-28T17:45:00Z,2026-07-28T19:45:00+0200,182.01,EUR/MWh,FR,FR,day_ahead_price,value,2026-08-21T12:09:10Z
2026-08-21T12:03:35Z,2026-08-21T14:03:35+0200,5cef1f60-1e78-40ab-8a35-fe731affab16,2026-07-28T18:00:00Z,2026-07-28T20:00:00+0200,181.35,EUR/MWh,FR,FR,day_ahead_price,value,2026-08-21T12:09:10Z
2026-08-21T12:03:35Z,2026-08-21T14:03:35+0200,5cef1f60-1e78-40ab-8a35-fe731affab16,2026-07-28T18:15:00Z,2026-07-28T20:15:00+0200,195.81,EUR/MWh,FR,FR,day_ahead_price,value,2026-08-21T12:09:10Z
2026-08-21T12:03:35Z,2026-08-21T14:03:35+0200,5cef1f60-1e78-40ab-8a35-fe731affab16,2026-07-28T18:30:00Z,2026-07-28T20:30:00+0200,212.84,EUR/MWh,FR,FR,day_ahead_price,value,2026-08-21T12:09:10Z
2026-08-21T12:03:35Z,2026-08-21T14:03:35+0200,5cef1f60-1e78-40ab-8a35-fe731affab16,2026-07-28T18:45:00Z,2026-07-28T20:45:00+0200,230.0,EUR/MWh,FR,FR,day_ahead_price,value,2026-08-21T12:09:10Z
2026-08-21T12:03:35Z,2026-08-21T14:03:35+0200,5cef1f60-1e78-40ab-8a35-fe731affab16,2026-07-28T19:00:00Z,2026-07-28T21:00:00+0200,219.99,EUR/MWh,FR,FR,day_ahead_price,value,2026-08-21T12:09:10Z
2026-08-21T12:03:35Z,2026-08-21T14:03:35+0200,5cef1f60-1e78-40ab-8a35-fe731affab16,2026-07-28T19:15:00Z,2026-07-28T21:15:00+0200,213.91,EUR/MWh,FR,FR,day_ahead_price,value,2026-08-21T12:09:10Z
2026-08-21T12:03:35Z,2026-08-21T14:03:35+0200,5cef1f60-1e78-40ab-8a35-fe731affab16,2026-07-28T19:30:00Z,2026-07-28T21:30:00+0200,205.71,EUR/MWh,FR,FR,day_ahead_price,value,2026-08-21T12:09:10Z
2026-08-21T12:03:35Z,2026-08-21T14:03:35+0200,5cef1f60-1e78-40ab-8a35-fe731affab16,2026-07-28T19:45:00Z,2026-07-28T21:45:00+0200,200.1,EUR/MWh,FR,FR,day_ahead_price,value,2026-08-21T12:09:10Z
2026-08-21T12:03:35Z,2026-08-21T14:03:35+0200,5cef1f60-1e78-40ab-8a35-fe731affab16,2026-07-28T20:00:00Z,2026-07-28T22:00:00+0200,210.79,EUR/MWh,FR,FR,day_ahead_price,value,2026-08-21T12:09:10Z
2026-08-21T12:03:35Z,2026-08-21T14:03:35+0200,5cef1f60-1e78-40ab-8a35-fe731affab16,2026-07-28T20:15:00Z,2026-07-28T22:15:00+0200,197.06,EUR/MWh,FR,FR,day_ahead_price,value,2026-08-21T12:09:10Z
2026-08-21T12:03:35Z,2026-08-21T14:03:35+0200,5cef1f60-1e78-40ab-8a35-fe731affab16,2026-07-28T20:30:00Z,2026-07-28T22:30:00+0200,187.55,EUR/MWh,FR,FR,day_ahead_price,value,2026-08-21T12:09:10Z
2026-08-21T12:03:35Z,2026-08-21T14:03:35+0200,5cef1f60-1e78-40ab-8a35-fe731affab16,2026-07-28T20:45:00Z,2026-07-28T22:45:00+0200,180.43,EUR/MWh,FR,FR,day_ahead_price,value,2026-08-21T12:09:10Z
2026-08-21T12:03:35Z,2026-08-21T14:03:35+0200,5cef1f60-1e78-40ab-8a35-fe731affab16,2026-07-28T21:00:00Z,2026-07-28T23:00:00+0200,178.51,EUR/MWh,FR,FR,day_ahead_price,value,2026-08-21T12:09:10Z
2026-08-21T12:03:35Z,2026-08-21T14:03:35+0200,5cef1f60-1e78-40ab-8a35-fe731affab16,2026-07-28T21:15:00Z,2026-07-28T23:15:00+0200,118.8,EUR/MWh,FR,FR,day_ahead_price,value,2026-08-21T12:09:10Z
2026-08-21T12:03:35Z,2026-08-21T14:03:35+0200,5cef1f60-1e78-40ab-8a35-fe731affab16,2026-07-28T21:30:00Z,2026-07-28T23:30:00+0200,165.95,EUR/MWh,FR,FR,day_ahead_price,value,2026-08-21T12:09:10Z
2026-08-21T12:03:35Z,2026-08-21T14:03:35+0200,5cef1f60-1e78-40ab-8a35-fe731affab16,2026-07-28T21:45:00Z,2026-07-28T23:45:00+0200,160.78,EUR/MWh,FR,FR,day_ahead_price,value,2026-08-21T12:09:10Z
2026-08-21T12:03:35Z,2026-08-21T14:03:35+0200,5cef1f60-1e78-40ab-8a35-fe731affab16,2026-07-28T22:00:00Z,2026-07-29T00:00:00+0200,104.82,EUR/MWh,FR,FR,day_ahead_price,value,2026-08-21T12:09:10Z
2026-08-21T12:03:35Z,2026-08-21T14:03:35+0200,5cef1f60-1e78-40ab-8a35-fe731affab16,2026-07-28T22:15:00Z,2026-07-29T00:15:00+0200,53.04,EUR/MWh,FR,FR,day_ahead_price,value,2026-08-21T12:09:10Z
2026-08-21T12:03:35Z,2026-08-21T14:03:35+0200,5cef1f60-1e78-40ab-8a35-fe731affab16,2026-07-28T22:30:00Z,2026-07-29T00:30:00+0200,138.81,EUR/MWh,FR,FR,day_ahead_price,value,2026-08-21T12:09:10Z
2026-08-21T12:03:35Z,2026-08-21T14:03:35+0200,5cef1f60-1e78-40ab-8a35-fe731affab16,2026-07-28T22:45:00Z,2026-07-29T00:45:00+0200,142.06,EUR/MWh,FR,FR,day_ahead_price,value,2026-08-21T12:09:10Z
2026-08-21T12:03:35Z,2026-08-21T14:03:35+0200,5cef1f60-1e78-40ab-8a35-fe731affab16,2026-07-28T23:00:00Z,2026-07-29T01:00:00+0200,155.48,EUR/MWh,FR,FR,day_ahead_price,value,2026-08-21T12:09:10Z
2026-08-21T12:03:35Z,2026-08-21T14:03:35+0200,5cef1f60-1e78-40ab-8a35-fe731affab16,2026-07-28T23:15:00Z,2026-07-29T01:15:00+0200,124.55,EUR/MWh,FR,FR,day_ahead_price,value,2026-08-21T12:09:10Z
2026-08-21T12:03:35Z,2026-08-21T14:03:35+0200,5cef1f60-1e78-40ab-8a35-fe731affab16,2026-07-28T23:30:00Z,2026-07-29T01:30:00+0200,132.55,EUR/MWh,FR,FR,day_ahead_price,value,2026-08-21T12:09:10Z
2026-08-21T12:03:35Z,2026-08-21T14:03:35+0200,5cef1f60-1e78-40ab-8a35-fe731affab16,2026-07-28T23:45:00Z,2026-07-29T01:45:00+0200,128.29,EUR/MWh,FR,FR,day_ahead_price,value,2026-08-21T12:09:10Z
2026-08-21T12:03:35Z,2026-08-21T14:03:35+0200,5cef1f60-1e78-40ab-8a35-fe731affab16,2026-07-29T00:00:00Z,2026-07-29T02:00:00+0200,140.9,EUR/MWh,FR,FR,day_ahead_price,value,2026-08-21T12:09:10Z
2026-08-21T12:03:35Z,2026-08-21T14:03:35+0200,5cef1f60-1e78-40ab-8a35-fe731affab16,2026-07-29T00:15:00Z,2026-07-29T02:15:00+0200,138.32,EUR/MWh,FR,FR,day_ahead_price,value,2026-08-21T12:09:10Z
2026-08-21T12:03:35Z,2026-08-21T14:03:35+0200,5cef1f60-1e78-40ab-8a35-fe731affab16,2026-07-29T00:30:00Z,2026-07-29T02:30:00+0200,120.47,EUR/MWh,FR,FR,day_ahead_price,value,2026-08-21T12:09:10Z
2026-08-21T12:03:35Z,2026-08-21T14:03:35+0200,5cef1f60-1e78-40ab-8a35-fe731affab16,2026-07-29T00:45:00Z,2026-07-29T02:45:00+0200,123.76,EUR/MWh,FR,FR,day_ahead_price,value,2026-08-21T12:09:10Z
2026-08-21T12:03:35Z,2026-08-21T14:03:35+0200,5cef1f60-1e78-40ab-8a35-fe731affab16,2026-07-29T01:00:00Z,2026-07-29T03:00:00+0200,135.01,EUR/MWh,FR,FR,day_ahead_price,value,2026-08-21T12:09:10Z
2026-08-21T12:03:35Z,2026-08-21T14:03:35+0200,5cef1f60-1e78-40ab-8a35-fe731affab16,2026-07-29T01:15:00Z,2026-07-29T03:15:00+0200,135.15,EUR/MWh,FR,FR,day_ahead_price,value,2026-08-21T12:09:10Z
2026-08-21T12:03:35Z,2026-08-21T14:03:35+0200,5cef1f60-1e78-40ab-8a35-fe731affab16,2026-07-29T01:30:00Z,2026-07-29T03:30:00+0200,135.03,EUR/MWh,FR,FR,day_ahead_price,value,2026-08-21T12:09:10Z
2026-08-21T12:03:35Z,2026-08-21T14:03:35+0200,5cef1f60-1e78-40ab-8a35-fe731affab16,2026-07-29T01:45:00Z,2026-07-29T03:45:00+0200,134.82,EUR/MWh,FR,FR,day_ahead_price,value,2026-08-21T12:09:10Z
2026-08-21T12:03:35Z,2026-08-21T14:03:35+0200,5cef1f60-1e78-40ab-8a35-fe731affab16,2026-07-29T02:00:00Z,2026-07-29T04:00:00+0200,134.22,EUR/MWh,FR,FR,day_ahead_price,value,2026-08-21T12:09:10Z
2026-08-21T12:03:35Z,2026-08-21T14:03:35+0200,5cef1f60-1e78-40ab-8a35-fe731affab16,2026-07-29T02:15:00Z,2026-07-29T04:15:00+0200,138.09,EUR/MWh,FR,FR,day_ahead_price,value,2026-08-21T12:09:10Z
2026-08-21T12:03:35Z,2026-08-21T14:03:35+0200,5cef1f60-1e78-40ab-8a35-fe731affab16,2026-07-29T02:30:00Z,2026-07-29T04:30:00+0200,122.12,EUR/MWh,FR,FR,day_ahead_price,value,2026-08-21T12:09:10Z
2026-08-21T12:03:35Z,2026-08-21T14:03:35+0200,5cef1f60-1e78-40ab-8a35-fe731affab16,2026-07-29T02:45:00Z,2026-07-29T04:45:00+0200,120.01,EUR/MWh,FR,FR,day_ahead_price,value,2026-08-21T12:09:10Z
2026-08-21T12:03:35Z,2026-08-21T14:03:35+0200,5cef1f60-1e78-40ab-8a35-fe731affab16,2026-07-29T03:00:00Z,2026-07-29T05:00:00+0200,137.13,EUR/MWh,FR,FR,day_ahead_price,value,2026-08-21T12:09:10Z
2026-08-21T12:03:35Z,2026-08-21T14:03:35+0200,5cef1f60-1e78-40ab-8a35-fe731affab16,2026-07-29T03:15:00Z,2026-07-29T05:15:00+0200,120.29,EUR/MWh,FR,FR,day_ahead_price,value,2026-08-21T12:09:10Z
2026-08-21T12:03:35Z,2026-08-21T14:03:35+0200,5cef1f60-1e78-40ab-8a35-fe731affab16,2026-07-29T03:30:00Z,2026-07-29T05:30:00+0200,140.3,EUR/MWh,FR,FR,day_ahead_price,value,2026-08-21T12:09:10Z
2026-08-21T12:03:35Z,2026-08-21T14:03:35+0200,5cef1f60-1e78-40ab-8a35-fe731affab16,2026-07-29T03:45:00Z,2026-07-29T05:45:00+0200,148.99,EUR/MWh,FR,FR,day_ahead_price,value,2026-08-21T12:09:10Z
2026-08-21T12:03:35Z,2026-08-21T14:03:35+0200,5cef1f60-1e78-40ab-8a35-fe731affab16,2026-07-29T04:00:00Z,2026-07-29T06:00:00+0200,152.52,EUR/MWh,FR,FR,day_ahead_price,value,2026-08-21T12:09:10Z
2026-08-21T12:03:35Z,2026-08-21T14:03:35+0200,5cef1f60-1e78-40ab-8a35-fe731affab16,2026-07-29T04:15:00Z,2026-07-29T06:15:00+0200,150.59,EUR/MWh,FR,FR,day_ahead_price,value,2026-08-21T12:09:10Z
2026-08-21T12:03:35Z,2026-08-21T14:03:35+0200,5cef1f60-1e78-40ab-8a35-fe731affab16,2026-07-29T04:30:00Z,2026-07-29T06:30:00+0200,140.06,EUR/MWh,FR,FR,day_ahead_price,value,2026-08-21T12:09:10Z
2026-08-21T12:03:35Z,2026-08-21T14:03:35+0200,5cef1f60-1e78-40ab-8a35-fe731affab16,2026-07-29T04:45:00Z,2026-07-29T06:45:00+0200,145.44,EUR/MWh,FR,FR,day_ahead_price,value,2026-08-21T12:09:10Z
2026-08-21T12:03:35Z,2026-08-21T14:03:35+0200,5cef1f60-1e78-40ab-8a35-fe731affab16,2026-07-29T05:00:00Z,2026-07-29T07:00:00+0200,149.19,EUR/MWh,FR,FR,day_ahead_price,value,2026-08-21T12:09:10Z
2026-08-21T12:03:35Z,2026-08-21T14:03:35+0200,5cef1f60-1e78-40ab-8a35-fe731affab16,2026-07-29T05:15:00Z,2026-07-29T07:15:00+0200,150.5,EUR/MWh,FR,FR,day_ahead_price,value,2026-08-21T12:09:10Z
2026-08-21T12:03:35Z,2026-08-21T14:03:35+0200,5cef1f60-1e78-40ab-8a35-fe731affab16,2026-07-29T05:30:00Z,2026-07-29T07:30:00+0200,153.71,EUR/MWh,FR,FR,day_ahead_price,value,2026-08-21T12:09:10Z
2026-08-21T12:03:35Z,2026-08-21T14:03:35+0200,5cef1f60-1e78-40ab-8a35-fe731affab16,2026-07-29T05:45:00Z,2026-07-29T07:45:00+0200,143.73,EUR/MWh,FR,FR,day_ahead_price,value,2026-08-21T12:09:10Z
2026-08-21T12:03:35Z,2026-08-21T14:03:35+0200,5cef1f60-1e78-40ab-8a35-fe731affab16,2026-07-29T06:00:00Z,2026-07-29T08:00:00+0200,168.02,EUR/MWh,FR,FR,day_ahead_price,value,2026-08-21T12:09:10Z
2026-08-21T12:03:35Z,2026-08-21T14:03:35+0200,5cef1f60-1e78-40ab-8a35-fe731affab16,2026-07-29T06:15:00Z,2026-07-29T08:15:00+0200,154.05,EUR/MWh,FR,FR,day_ahead_price,value,2026-08-21T12:09:10Z
2026-08-21T12:03:35Z,2026-08-21T14:03:35+0200,5cef1f60-1e78-40ab-8a35-fe731affab16,2026-07-29T06:30:00Z,2026-07-29T08:30:00+0200,146.12,EUR/MWh,FR,FR,day_ahead_price,value,2026-08-21T12:09:10Z
2026-08-21T12:03:35Z,2026-08-21T14:03:35+0200,5cef1f60-1e78-40ab-8a35-fe731affab16,2026-07-29T06:45:00Z,2026-07-29T08:45:00+0200,126.15,EUR/MWh,FR,FR,day_ahead_price,value,2026-08-21T12:09:10Z
2026-08-21T12:03:35Z,2026-08-21T14:03:35+0200,5cef1f60-1e78-40ab-8a35-fe731affab16,2026-07-29T07:00:00Z,2026-07-29T09:00:00+0200,155.0,EUR/MWh,FR,FR,day_ahead_price,value,2026-08-21T12:09:10Z
2026-08-21T12:03:35Z,2026-08-21T14:03:35+0200,5cef1f60-1e78-40ab-8a35-fe731affab16,2026-07-29T07:15:00Z,2026-07-29T09:15:00+0200,128.71,EUR/MWh,FR,FR,day_ahead_price,value,2026-08-21T12:09:10Z
2026-08-21T12:03:35Z,2026-08-21T14:03:35+0200,5cef1f60-1e78-40ab-8a35-fe731affab16,2026-07-29T07:30:00Z,2026-07-29T09:30:00+0200,113.49,EUR/MWh,FR,FR,day_ahead_price,value,2026-08-21T12:09:10Z
2026-08-21T12:03:35Z,2026-08-21T14:03:35+0200,5cef1f60-1e78-40ab-8a35-fe731affab16,2026-07-29T07:45:00Z,2026-07-29T09:45:00+0200,98.0,EUR/MWh,FR,FR,day_ahead_price,value,2026-08-21T12:09:10Z
2026-08-21T12:03:35Z,2026-08-21T14:03:35+0200,5cef1f60-1e78-40ab-8a35-fe731affab16,2026-07-29T08:00:00Z,2026-07-29T10:00:00+0200,111.23,EUR/MWh,FR,FR,day_ahead_price,value,2026-08-21T12:09:10Z
2026-08-21T12:03:35Z,2026-08-21T14:03:35+0200,5cef1f60-1e78-40ab-8a35-fe731affab16,2026-07-29T08:15:00Z,2026-07-29T10:15:00+0200,95.0,EUR/MWh,FR,FR,day_ahead_price,value,2026-08-21T12:09:10Z
2026-08-21T12:03:35Z,2026-08-21T14:03:35+0200,5cef1f60-1e78-40ab-8a35-fe731affab16,2026-07-29T08:30:00Z,2026-07-29T10:30:00+0200,82.4,EUR/MWh,FR,FR,day_ahead_price,value,2026-08-21T12:09:10Z
2026-08-21T12:03:35Z,2026-08-21T14:03:35+0200,5cef1f60-1e78-40ab-8a35-fe731affab16,2026-07-29T08:45:00Z,2026-07-29T10:45:00+0200,50.1,EUR/MWh,FR,FR,day_ahead_price,value,2026-08-21T12:09:10Z
2026-08-21T12:03:35Z,2026-08-21T14:03:35+0200,5cef1f60-1e78-40ab-8a35-fe731affab16,2026-07-29T09:00:00Z,2026-07-29T11:00:00+0200,62.23,EUR/MWh,FR,FR,day_ahead_price,value,2026-08-21T12:09:10Z
2026-08-21T12:03:35Z,2026-08-21T14:03:35+0200,5cef1f60-1e78-40ab-8a35-fe731affab16,2026-07-29T09:15:00Z,2026-07-29T11:15:00+0200,32.8,EUR/MWh,FR,FR,day_ahead_price,value,2026-08-21T12:09:10Z
2026-08-21T12:03:35Z,2026-08-21T14:03:35+0200,5cef1f60-1e78-40ab-8a35-fe731affab16,2026-07-29T09:30:00Z,2026-07-29T11:30:00+0200,12.68,EUR/MWh,FR,FR,day_ahead_price,value,2026-08-21T12:09:10Z
2026-08-21T12:03:35Z,2026-08-21T14:03:35+0200,5cef1f60-1e78-40ab-8a35-fe731affab16,2026-07-29T09:45:00Z,2026-07-29T11:45:00+0200,8.43,EUR/MWh,FR,FR,day_ahead_price,value,2026-08-21T12:09:10Z
2026-08-21T12:03:35Z,2026-08-21T14:03:35+0200,5cef1f60-1e78-40ab-8a35-fe731affab16,2026-07-29T10:00:00Z,2026-07-29T12:00:00+0200,6.07,EUR/MWh,FR,FR,day_ahead_price,value,2026-08-21T12:09:10Z
2026-08-21T12:03:35Z,2026-08-21T14:03:35+0200,5cef1f60-1e78-40ab-8a35-fe731affab16,2026-07-29T10:15:00Z,2026-07-29T12:15:00+0200,0.03,EUR/MWh,FR,FR,day_ahead_price,value,2026-08-21T12:09:10Z
2026-08-21T12:03:35Z,2026-08-21T14:03:35+0200,5cef1f60-1e78-40ab-8a35-fe731affab16,2026-07-29T10:30:00Z,2026-07-29T12:30:00+0200,0.0,EUR/MWh,FR,FR,day_ahead_price,value,2026-08-21T12:09:10Z
2026-08-21T12:03:35Z,2026-08-21T14:03:35+0200,5cef1f60-1e78-40ab-8a35-fe731affab16,2026-07-29T10:45:00Z,2026-07-29T12:45:00+0200,0.0,EUR/MWh,FR,FR,day_ahead_price,value,2026-08-21T12:09:10Z
2026-08-21T12:03:35Z,2026-08-21T14:03:35+0200,5cef1f60-1e78-40ab-8a35-fe731affab16,2026-07-29T11:00:00Z,2026-07-29T13:00:00+0200,0.0,EUR/MWh,FR,FR,day_ahead_price,value,2026-08-21T12:09:10Z
2026-08-21T12:03:35Z,2026-08-21T14:03:35+0200,5cef1f60-1e78-40ab-8a35-fe731affab16,2026-07-29T11:15:00Z,2026-07-29T13:15:00+0200,0.0,EUR/MWh,FR,FR,day_ahead_price,value,2026-08-21T12:09:10Z
2026-08-21T12:03:35Z,2026-08-21T14:03:35+0200,5cef1f60-1e78-40ab-8a35-fe731affab16,2026-07-29T11:30:00Z,2026-07-29T13:30:00+0200,0.0,EUR/MWh,FR,FR,day_ahead_price,value,2026-08-21T12:09:10Z
2026-08-21T12:03:35Z,2026-08-21T14:03:35+0200,5cef1f60-1e78-40ab-8a35-fe731affab16,2026-07-29T11:45:00Z,2026-07-29T13:45:00+0200,0.0,EUR/MWh,FR,FR,day_ahead_price,value,2026-08-21T12:09:10Z
2026-08-21T12:03:35Z,2026-08-21T14:03:35+0200,5cef1f60-1e78-40ab-8a35-fe731affab16,2026-07-29T12:00:00Z,2026-07-29T14:00:00+0200,2.42,EUR/MWh,FR,FR,day_ahead_price,value,2026-08-21T12:09:10Z
2026-08-21T12:03:35Z,2026-08-21T14:03:35+0200,5cef1f60-1e78-40ab-8a35-fe731affab16,2026-07-29T12:15:00Z,2026-07-29T14:15:00+0200,3.19,EUR/MWh,FR,FR,day_ahead_price,value,2026-08-21T12:09:10Z
2026-08-21T12:03:35Z,2026-08-21T14:03:35+0200,5cef1f60-1e78-40ab-8a35-fe731affab16,2026-07-29T12:30:00Z,2026-07-29T14:30:00+0200,3.15,EUR/MWh,FR,FR,day_ahead_price,value,2026-08-21T12:09:10Z
2026-08-21T12:03:35Z,2026-08-21T14:03:35+0200,5cef1f60-1e78-40ab-8a35-fe731affab16,2026-07-29T12:45:00Z,2026-07-29T14:45:00+0200,3.43,EUR/MWh,FR,FR,day_ahead_price,value,2026-08-21T12:09:10Z
2026-08-21T12:03:35Z,2026-08-21T14:03:35+0200,5cef1f60-1e78-40ab-8a35-fe731affab16,2026-07-29T13:00:00Z,2026-07-29T15:00:00+0200,3.43,EUR/MWh,FR,FR,day_ahead_price,value,2026-08-21T12:09:10Z
2026-08-21T12:03:35Z,2026-08-21T14:03:35+0200,5cef1f60-1e78-40ab-8a35-fe731affab16,2026-07-29T13:15:00Z,2026-07-29T15:15:00+0200,2.5,EUR/MWh,FR,FR,day_ahead_price,value,2026-08-21T12:09:10Z
2026-08-21T12:03:35Z,2026-08-21T14:03:35+0200,5cef1f60-1e78-40ab-8a35-fe731affab16,2026-07-29T13:30:00Z,2026-07-29T15:30:00+0200,3.43,EUR/MWh,FR,FR,day_ahead_price,value,2026-08-21T12:09:10Z
2026-08-21T12:03:35Z,2026-08-21T14:03:35+0200,5cef1f60-1e78-40ab-8a35-fe731affab16,2026-07-29T13:45:00Z,2026-07-29T15:45:00+0200,4.96,EUR/MWh,FR,FR,day_ahead_price,value,2026-08-21T12:09:10Z
2026-08-21T12:03:35Z,2026-08-21T14:03:35+0200,5cef1f60-1e78-40ab-8a35-fe731affab16,2026-07-29T14:00:00Z,2026-07-29T16:00:00+0200,4.0,EUR/MWh,FR,FR,day_ahead_price,value,2026-08-21T12:09:10Z
2026-08-21T12:03:35Z,2026-08-21T14:03:35+0200,5cef1f60-1e78-40ab-8a35-fe731affab16,2026-07-29T14:15:00Z,2026-07-29T16:15:00+0200,6.79,EUR/MWh,FR,FR,day_ahead_price,value,2026-08-21T12:09:10Z
2026-08-21T12:03:35Z,2026-08-21T14:03:35+0200,5cef1f60-1e78-40ab-8a35-fe731affab16,2026-07-29T14:30:00Z,2026-07-29T16:30:00+0200,24.29,EUR/MWh,FR,FR,day_ahead_price,value,2026-08-21T12:09:10Z
2026-08-21T12:03:35Z,2026-08-21T14:03:35+0200,5cef1f60-1e78-40ab-8a35-fe731affab16,2026-07-29T14:45:00Z,2026-07-29T16:45:00+0200,47.21,EUR/MWh,FR,FR,day_ahead_price,value,2026-08-21T12:09:10Z
2026-08-21T12:03:35Z,2026-08-21T14:03:35+0200,5cef1f60-1e78-40ab-8a35-fe731affab16,2026-07-29T15:00:00Z,2026-07-29T17:00:00+0200,63.61,EUR/MWh,FR,FR,day_ahead_price,value,2026-08-21T12:09:10Z
2026-08-21T12:03:35Z,2026-08-21T14:03:35+0200,5cef1f60-1e78-40ab-8a35-fe731affab16,2026-07-29T15:15:00Z,2026-07-29T17:15:00+0200,80.3,EUR/MWh,FR,FR,day_ahead_price,value,2026-08-21T12:09:10Z
2026-08-21T12:03:35Z,2026-08-21T14:03:35+0200,5cef1f60-1e78-40ab-8a35-fe731affab16,2026-07-29T15:30:00Z,2026-07-29T17:30:00+0200,114.26,EUR/MWh,FR,FR,day_ahead_price,value,2026-08-21T12:09:10Z
2026-08-21T12:03:35Z,2026-08-21T14:03:35+0200,5cef1f60-1e78-40ab-8a35-fe731affab16,2026-07-29T15:45:00Z,2026-07-29T17:45:00+0200,135.91,EUR/MWh,FR,FR,day_ahead_price,value,2026-08-21T12:09:10Z
2026-08-21T12:03:35Z,2026-08-21T14:03:35+0200,5cef1f60-1e78-40ab-8a35-fe731affab16,2026-07-29T16:00:00Z,2026-07-29T18:00:00+0200,124.59,EUR/MWh,FR,FR,day_ahead_price,value,2026-08-21T12:09:10Z
2026-08-21T12:03:35Z,2026-08-21T14:03:35+0200,5cef1f60-1e78-40ab-8a35-fe731affab16,2026-07-29T16:15:00Z,2026-07-29T18:15:00+0200,135.91,EUR/MWh,FR,FR,day_ahead_price,value,2026-08-21T12:09:10Z
2026-08-21T12:03:35Z,2026-08-21T14:03:35+0200,5cef1f60-1e78-40ab-8a35-fe731affab16,2026-07-29T16:30:00Z,2026-07-29T18:30:00+0200,137.26,EUR/MWh,FR,FR,day_ahead_price,value,2026-08-21T12:09:10Z
2026-08-21T12:03:35Z,2026-08-21T14:03:35+0200,5cef1f60-1e78-40ab-8a35-fe731affab16,2026-07-29T16:45:00Z,2026-07-29T18:45:00+0200,202.24,EUR/MWh,FR,FR,day_ahead_price,value,2026-08-21T12:09:10Z
2026-08-21T12:03:35Z,2026-08-21T14:03:35+0200,5cef1f60-1e78-40ab-8a35-fe731affab16,2026-07-29T17:00:00Z,2026-07-29T19:00:00+0200,170.31,EUR/MWh,FR,FR,day_ahead_price,value,2026-08-21T12:09:10Z
2026-08-21T12:03:35Z,2026-08-21T14:03:35+0200,5cef1f60-1e78-40ab-8a35-fe731affab16,2026-07-29T17:15:00Z,2026-07-29T19:15:00+0200,146.78,EUR/MWh,FR,FR,day_ahead_price,value,2026-08-21T12:09:10Z
2026-08-21T12:03:35Z,2026-08-21T14:03:35+0200,5cef1f60-1e78-40ab-8a35-fe731affab16,2026-07-29T17:30:00Z,2026-07-29T19:30:00+0200,219.59,EUR/MWh,FR,FR,day_ahead_price,value,2026-08-21T12:09:10Z
2026-08-21T12:03:35Z,2026-08-21T14:03:35+0200,5cef1f60-1e78-40ab-8a35-fe731affab16,2026-07-29T17:45:00Z,2026-07-29T19:45:00+0200,260.0,EUR/MWh,FR,FR,day_ahead_price,value,2026-08-21T12:09:10Z
2026-08-21T12:03:35Z,2026-08-21T14:03:35+0200,5cef1f60-1e78-40ab-8a35-fe731affab16,2026-07-29T18:00:00Z,2026-07-29T20:00:00+0200,213.96,EUR/MWh,FR,FR,day_ahead_price,value,2026-08-21T12:09:10Z
2026-08-21T12:03:35Z,2026-08-21T14:03:35+0200,5cef1f60-1e78-40ab-8a35-fe731affab16,2026-07-29T18:15:00Z,2026-07-29T20:15:00+0200,213.27,EUR/MWh,FR,FR,day_ahead_price,value,2026-08-21T12:09:10Z
2026-08-21T12:03:35Z,2026-08-21T14:03:35+0200,5cef1f60-1e78-40ab-8a35-fe731affab16,2026-07-29T18:30:00Z,2026-07-29T20:30:00+0200,235.89,EUR/MWh,FR,FR,day_ahead_price,value,2026-08-21T12:09:10Z
2026-08-21T12:03:35Z,2026-08-21T14:03:35+0200,5cef1f60-1e78-40ab-8a35-fe731affab16,2026-07-29T18:45:00Z,2026-07-29T20:45:00+0200,216.96,EUR/MWh,FR,FR,day_ahead_price,value,2026-08-21T12:09:10Z
2026-08-21T12:03:35Z,2026-08-21T14:03:35+0200,5cef1f60-1e78-40ab-8a35-fe731affab16,2026-07-29T19:00:00Z,2026-07-29T21:00:00+0200,221.03,EUR/MWh,FR,FR,day_ahead_price,value,2026-08-21T12:09:10Z
2026-08-21T12:03:35Z,2026-08-21T14:03:35+0200,5cef1f60-1e78-40ab-8a35-fe731affab16,2026-07-29T19:15:00Z,2026-07-29T21:15:00+0200,225.09,EUR/MWh,FR,FR,day_ahead_price,value,2026-08-21T12:09:10Z
2026-08-21T12:03:35Z,2026-08-21T14:03:35+0200,5cef1f60-1e78-40ab-8a35-fe731affab16,2026-07-29T19:30:00Z,2026-07-29T21:30:00+0200,217.3,EUR/MWh,FR,FR,day_ahead_price,value,2026-08-21T12:09:10Z
2026-08-21T12:03:35Z,2026-08-21T14:03:35+0200,5cef1f60-1e78-40ab-8a35-fe731affab16,2026-07-29T19:45:00Z,2026-07-29T21:45:00+0200,202.0,EUR/MWh,FR,FR,day_ahead_price,value,2026-08-21T12:09:10Z
2026-08-21T12:03:35Z,2026-08-21T14:03:35+0200,5cef1f60-1e78-40ab-8a35-fe731affab16,2026-07-29T20:00:00Z,2026-07-29T22:00:00+0200,206.99,EUR/MWh,FR,FR,day_ahead_price,value,2026-08-21T12:09:10Z
2026-08-21T12:03:35Z,2026-08-21T14:03:35+0200,5cef1f60-1e78-40ab-8a35-fe731affab16,2026-07-29T20:15:00Z,2026-07-29T22:15:00+0200,198.3,EUR/MWh,FR,FR,day_ahead_price,value,2026-08-21T12:09:10Z
2026-08-21T12:03:35Z,2026-08-21T14:03:35+0200,5cef1f60-1e78-40ab-8a35-fe731affab16,2026-07-29T20:30:00Z,2026-07-29T22:30:00+0200,190.39,EUR/MWh,FR,FR,day_ahead_price,value,2026-08-21T12:09:10Z
2026-08-21T12:03:35Z,2026-08-21T14:03:35+0200,5cef1f60-1e78-40ab-8a35-fe731affab16,2026-07-29T20:45:00Z,2026-07-29T22:45:00+0200,176.02,EUR/MWh,FR,FR,day_ahead_price,value,2026-08-21T12:09:10Z
2026-08-21T12:03:35Z,2026-08-21T14:03:35+0200,5cef1f60-1e78-40ab-8a35-fe731affab16,2026-07-29T21:00:00Z,2026-07-29T23:00:00+0200,173.64,EUR/MWh,FR,FR,day_ahead_price,value,2026-08-21T12:09:10Z
2026-08-21T12:03:35Z,2026-08-21T14:03:35+0200,5cef1f60-1e78-40ab-8a35-fe731affab16,2026-07-29T21:15:00Z,2026-07-29T23:15:00+0200,171.19,EUR/MWh,FR,FR,day_ahead_price,value,2026-08-21T12:09:10Z
2026-08-21T12:03:35Z,2026-08-21T14:03:35+0200,5cef1f60-1e78-40ab-8a35-fe731affab16,2026-07-29T21:30:00Z,2026-07-29T23:30:00+0200,170.38,EUR/MWh,FR,FR,day_ahead_price,value,2026-08-21T12:09:10Z
2026-08-21T12:03:35Z,2026-08-21T14:03:35+0200,5cef1f60-1e78-40ab-8a35-fe731affab16,2026-07-29T21:45:00Z,2026-07-29T23:45:00+0200,146.1,EUR/MWh,FR,FR,day_ahead_price,value,2026-08-21T12:09:10Z
2026-08-21T12:03:35Z,2026-08-21T14:03:35+0200,5cef1f60-1e78-40ab-8a35-fe731affab16,2026-07-29T22:00:00Z,2026-07-30T00:00:00+0200,162.16,EUR/MWh,FR,FR,day_ahead_price,value,2026-08-21T12:09:10Z
2026-08-21T12:03:35Z,2026-08-21T14:03:35+0200,5cef1f60-1e78-40ab-8a35-fe731affab16,2026-07-29T22:15:00Z,2026-07-30T00:15:00+0200,152.0,EUR/MWh,FR,FR,day_ahead_price,value,2026-08-21T12:09:10Z
2026-08-21T12:03:35Z,2026-08-21T14:03:35+0200,5cef1f60-1e78-40ab-8a35-fe731affab16,2026-07-29T22:30:00Z,2026-07-30T00:30:00+0200,142.66,EUR/MWh,FR,FR,day_ahead_price,value,2026-08-21T12:09:10Z
2026-08-21T12:03:35Z,2026-08-21T14:03:35+0200,5cef1f60-1e78-40ab-8a35-fe731affab16,2026-07-29T22:45:00Z,2026-07-30T00:45:00+0200,142.2,EUR/MWh,FR,FR,day_ahead_price,value,2026-08-21T12:09:10Z
2026-08-21T12:03:35Z,2026-08-21T14:03:35+0200,5cef1f60-1e78-40ab-8a35-fe731affab16,2026-07-29T23:00:00Z,2026-07-30T01:00:00+0200,144.05,EUR/MWh,FR,FR,day_ahead_price,value,2026-08-21T12:09:10Z
2026-08-21T12:03:35Z,2026-08-21T14:03:35+0200,5cef1f60-1e78-40ab-8a35-fe731affab16,2026-07-29T23:15:00Z,2026-07-30T01:15:00+0200,141.88,EUR/MWh,FR,FR,day_ahead_price,value,2026-08-21T12:09:10Z
2026-08-21T12:03:35Z,2026-08-21T14:03:35+0200,5cef1f60-1e78-40ab-8a35-fe731affab16,2026-07-29T23:30:00Z,2026-07-30T01:30:00+0200,145.61,EUR/MWh,FR,FR,day_ahead_price,value,2026-08-21T12:09:10Z
2026-08-21T12:03:35Z,2026-08-21T14:03:35+0200,5cef1f60-1e78-40ab-8a35-fe731affab16,2026-07-29T23:45:00Z,2026-07-30T01:45:00+0200,138.0,EUR/MWh,FR,FR,day_ahead_price,value,2026-08-21T12:09:10Z
2026-08-21T12:03:35Z,2026-08-21T14:03:35+0200,5cef1f60-1e78-40ab-8a35-fe731affab16,2026-07-30T00:00:00Z,2026-07-30T02:00:00+0200,143.0,EUR/MWh,FR,FR,day_ahead_price,value,2026-08-21T12:09:10Z
2026-08-21T12:03:35Z,2026-08-21T14:03:35+0200,5cef1f60-1e78-40ab-8a35-fe731affab16,2026-07-30T00:15:00Z,2026-07-30T02:15:00+0200,142.63,EUR/MWh,FR,FR,day_ahead_price,value,2026-08-21T12:09:10Z
2026-08-21T12:03:35Z,2026-08-21T14:03:35+0200,5cef1f60-1e78-40ab-8a35-fe731affab16,2026-07-30T00:30:00Z,2026-07-30T02:30:00+0200,137.99,EUR/MWh,FR,FR,day_ahead_price,value,2026-08-21T12:09:10Z
2026-08-21T12:03:35Z,2026-08-21T14:03:35+0200,5cef1f60-1e78-40ab-8a35-fe731affab16,2026-07-30T00:45:00Z,2026-07-30T02:45:00+0200,136.37,EUR/MWh,FR,FR,day_ahead_price,value,2026-08-21T12:09:10Z
2026-08-21T12:03:35Z,2026-08-21T14:03:35+0200,5cef1f60-1e78-40ab-8a35-fe731affab16,2026-07-30T01:00:00Z,2026-07-30T03:00:00+0200,135.93,EUR/MWh,FR,FR,day_ahead_price,value,2026-08-21T12:09:10Z
2026-08-21T12:03:35Z,2026-08-21T14:03:35+0200,5cef1f60-1e78-40ab-8a35-fe731affab16,2026-07-30T01:15:00Z,2026-07-30T03:15:00+0200,128.66,EUR/MWh,FR,FR,day_ahead_price,value,2026-08-21T12:09:10Z
2026-08-21T12:03:35Z,2026-08-21T14:03:35+0200,5cef1f60-1e78-40ab-8a35-fe731affab16,2026-07-30T01:30:00Z,2026-07-30T03:30:00+0200,116.94,EUR/MWh,FR,FR,day_ahead_price,value,2026-08-21T12:09:10Z
2026-08-21T12:03:35Z,2026-08-21T14:03:35+0200,5cef1f60-1e78-40ab-8a35-fe731affab16,2026-07-30T01:45:00Z,2026-07-30T03:45:00+0200,110.86,EUR/MWh,FR,FR,day_ahead_price,value,2026-08-21T12:09:10Z
2026-08-21T12:03:35Z,2026-08-21T14:03:35+0200,5cef1f60-1e78-40ab-8a35-fe731affab16,2026-07-30T02:00:00Z,2026-07-30T04:00:00+0200,132.03,EUR/MWh,FR,FR,day_ahead_price,value,2026-08-21T12:09:10Z
2026-08-21T12:03:35Z,2026-08-21T14:03:35+0200,5cef1f60-1e78-40ab-8a35-fe731affab16,2026-07-30T02:15:00Z,2026-07-30T04:15:00+0200,128.62,EUR/MWh,FR,FR,day_ahead_price,value,2026-08-21T12:09:10Z
2026-08-21T12:03:35Z,2026-08-21T14:03:35+0200,5cef1f60-1e78-40ab-8a35-fe731affab16,2026-07-30T02:30:00Z,2026-07-30T04:30:00+0200,127.47,EUR/MWh,FR,FR,day_ahead_price,value,2026-08-21T12:09:10Z
2026-08-21T12:03:35Z,2026-08-21T14:03:35+0200,5cef1f60-1e78-40ab-8a35-fe731affab16,2026-07-30T02:45:00Z,2026-07-30T04:45:00+0200,110.51,EUR/MWh,FR,FR,day_ahead_price,value,2026-08-21T12:09:10Z
2026-08-21T12:03:35Z,2026-08-21T14:03:35+0200,5cef1f60-1e78-40ab-8a35-fe731affab16,2026-07-30T03:00:00Z,2026-07-30T05:00:00+0200,117.99,EUR/MWh,FR,FR,day_ahead_price,value,2026-08-21T12:09:10Z
2026-08-21T12:03:35Z,2026-08-21T14:03:35+0200,5cef1f60-1e78-40ab-8a35-fe731affab16,2026-07-30T03:15:00Z,2026-07-30T05:15:00+0200,112.73,EUR/MWh,FR,FR,day_ahead_price,value,2026-08-21T12:09:10Z
2026-08-21T12:03:35Z,2026-08-21T14:03:35+0200,5cef1f60-1e78-40ab-8a35-fe731affab16,2026-07-30T03:30:00Z,2026-07-30T05:30:00+0200,130.0,EUR/MWh,FR,FR,day_ahead_price,value,2026-08-21T12:09:10Z
2026-08-21T12:03:35Z,2026-08-21T14:03:35+0200,5cef1f60-1e78-40ab-8a35-fe731affab16,2026-07-30T03:45:00Z,2026-07-30T05:45:00+0200,138.45,EUR/MWh,FR,FR,day_ahead_price,value,2026-08-21T12:09:10Z
2026-08-21T12:03:35Z,2026-08-21T14:03:35+0200,5cef1f60-1e78-40ab-8a35-fe731affab16,2026-07-30T04:00:00Z,2026-07-30T06:00:00+0200,142.4,EUR/MWh,FR,FR,day_ahead_price,value,2026-08-21T12:09:10Z
2026-08-21T12:03:35Z,2026-08-21T14:03:35+0200,5cef1f60-1e78-40ab-8a35-fe731affab16,2026-07-30T04:15:00Z,2026-07-30T06:15:00+0200,143.82,EUR/MWh,FR,FR,day_ahead_price,value,2026-08-21T12:09:10Z
2026-08-21T12:03:35Z,2026-08-21T14:03:35+0200,5cef1f60-1e78-40ab-8a35-fe731affab16,2026-07-30T04:30:00Z,2026-07-30T06:30:00+0200,150.25,EUR/MWh,FR,FR,day_ahead_price,value,2026-08-21T12:09:10Z
2026-08-21T12:03:35Z,2026-08-21T14:03:35+0200,5cef1f60-1e78-40ab-8a35-fe731affab16,2026-07-30T04:45:00Z,2026-07-30T06:45:00+0200,147.54,EUR/MWh,FR,FR,day_ahead_price,value,2026-08-21T12:09:10Z
2026-08-21T12:03:35Z,2026-08-21T14:03:35+0200,5cef1f60-1e78-40ab-8a35-fe731affab16,2026-07-30T05:00:00Z,2026-07-30T07:00:00+0200,162.99,EUR/MWh,FR,FR,day_ahead_price,value,2026-08-21T12:09:10Z
2026-08-21T12:03:35Z,2026-08-21T14:03:35+0200,5cef1f60-1e78-40ab-8a35-fe731affab16,2026-07-30T05:15:00Z,2026-07-30T07:15:00+0200,154.16,EUR/MWh,FR,FR,day_ahead_price,value,2026-08-21T12:09:10Z
2026-08-21T12:03:35Z,2026-08-21T14:03:35+0200,5cef1f60-1e78-40ab-8a35-fe731affab16,2026-07-30T05:30:00Z,2026-07-30T07:30:00+0200,144.51,EUR/MWh,FR,FR,day_ahead_price,value,2026-08-21T12:09:10Z
2026-08-21T12:03:35Z,2026-08-21T14:03:35+0200,5cef1f60-1e78-40ab-8a35-fe731affab16,2026-07-30T05:45:00Z,2026-07-30T07:45:00+0200,131.82,EUR/MWh,FR,FR,day_ahead_price,value,2026-08-21T12:09:10Z
2026-08-21T12:03:35Z,2026-08-21T14:03:35+0200,5cef1f60-1e78-40ab-8a35-fe731affab16,2026-07-30T06:00:00Z,2026-07-30T08:00:00+0200,167.59,EUR/MWh,FR,FR,day_ahead_price,value,2026-08-21T12:09:10Z
2026-08-21T12:03:35Z,2026-08-21T14:03:35+0200,5cef1f60-1e78-40ab-8a35-fe731affab16,2026-07-30T06:15:00Z,2026-07-30T08:15:00+0200,150.86,EUR/MWh,FR,FR,day_ahead_price,value,2026-08-21T12:09:10Z
2026-08-21T12:03:35Z,2026-08-21T14:03:35+0200,5cef1f60-1e78-40ab-8a35-fe731affab16,2026-07-30T06:30:00Z,2026-07-30T08:30:00+0200,133.53,EUR/MWh,FR,FR,day_ahead_price,value,2026-08-21T12:09:10Z
2026-08-21T12:03:35Z,2026-08-21T14:03:35+0200,5cef1f60-1e78-40ab-8a35-fe731affab16,2026-07-30T06:45:00Z,2026-07-30T08:45:00+0200,116.06,EUR/MWh,FR,FR,day_ahead_price,value,2026-08-21T12:09:10Z
2026-08-21T12:03:35Z,2026-08-21T14:03:35+0200,5cef1f60-1e78-40ab-8a35-fe731affab16,2026-07-30T07:00:00Z,2026-07-30T09:00:00+0200,144.7,EUR/MWh,FR,FR,day_ahead_price,value,2026-08-21T12:09:10Z
2026-08-21T12:03:35Z,2026-08-21T14:03:35+0200,5cef1f60-1e78-40ab-8a35-fe731affab16,2026-07-30T07:15:00Z,2026-07-30T09:15:00+0200,126.81,EUR/MWh,FR,FR,day_ahead_price,value,2026-08-21T12:09:10Z
2026-08-21T12:03:35Z,2026-08-21T14:03:35+0200,5cef1f60-1e78-40ab-8a35-fe731affab16,2026-07-30T07:30:00Z,2026-07-30T09:30:00+0200,111.19,EUR/MWh,FR,FR,day_ahead_price,value,2026-08-21T12:09:10Z
2026-08-21T12:03:35Z,2026-08-21T14:03:35+0200,5cef1f60-1e78-40ab-8a35-fe731affab16,2026-07-30T07:45:00Z,2026-07-30T09:45:00+0200,98.61,EUR/MWh,FR,FR,day_ahead_price,value,2026-08-21T12:09:10Z
2026-08-21T12:03:35Z,2026-08-21T14:03:35+0200,5cef1f60-1e78-40ab-8a35-fe731affab16,2026-07-30T08:00:00Z,2026-07-30T10:00:00+0200,102.77,EUR/MWh,FR,FR,day_ahead_price,value,2026-08-21T12:09:10Z
2026-08-21T12:03:35Z,2026-08-21T14:03:35+0200,5cef1f60-1e78-40ab-8a35-fe731affab16,2026-07-30T08:15:00Z,2026-07-30T10:15:00+0200,95.0,EUR/MWh,FR,FR,day_ahead_price,value,2026-08-21T12:09:10Z
2026-08-21T12:03:35Z,2026-08-21T14:03:35+0200,5cef1f60-1e78-40ab-8a35-fe731affab16,2026-07-30T08:30:00Z,2026-07-30T10:30:00+0200,79.45,EUR/MWh,FR,FR,day_ahead_price,value,2026-08-21T12:09:10Z
2026-08-21T12:03:35Z,2026-08-21T14:03:35+0200,5cef1f60-1e78-40ab-8a35-fe731affab16,2026-07-30T08:45:00Z,2026-07-30T10:45:00+0200,50.0,EUR/MWh,FR,FR,day_ahead_price,value,2026-08-21T12:09:10Z
2026-08-21T12:03:35Z,2026-08-21T14:03:35+0200,5cef1f60-1e78-40ab-8a35-fe731affab16,2026-07-30T09:00:00Z,2026-07-30T11:00:00+0200,60.0,EUR/MWh,FR,FR,day_ahead_price,value,2026-08-21T12:09:10Z
2026-08-21T12:03:35Z,2026-08-21T14:03:35+0200,5cef1f60-1e78-40ab-8a35-fe731affab16,2026-07-30T09:15:00Z,2026-07-30T11:15:00+0200,26.54,EUR/MWh,FR,FR,day_ahead_price,value,2026-08-21T12:09:10Z
2026-08-21T12:03:35Z,2026-08-21T14:03:35+0200,5cef1f60-1e78-40ab-8a35-fe731affab16,2026-07-30T09:30:00Z,2026-07-30T11:30:00+0200,10.14,EUR/MWh,FR,FR,day_ahead_price,value,2026-08-21T12:09:10Z
2026-08-21T12:03:35Z,2026-08-21T14:03:35+0200,5cef1f60-1e78-40ab-8a35-fe731affab16,2026-07-30T09:45:00Z,2026-07-30T11:45:00+0200,6.26,EUR/MWh,FR,FR,day_ahead_price,value,2026-08-21T12:09:10Z
2026-08-21T12:03:35Z,2026-08-21T14:03:35+0200,5cef1f60-1e78-40ab-8a35-fe731affab16,2026-07-30T10:00:00Z,2026-07-30T12:00:00+0200,30.47,EUR/MWh,FR,FR,day_ahead_price,value,2026-08-21T12:09:10Z
2026-08-21T12:03:35Z,2026-08-21T14:03:35+0200,5cef1f60-1e78-40ab-8a35-fe731affab16,2026-07-30T10:15:00Z,2026-07-30T12:15:00+0200,20.32,EUR/MWh,FR,FR,day_ahead_price,value,2026-08-21T12:09:10Z
2026-08-21T12:03:35Z,2026-08-21T14:03:35+0200,5cef1f60-1e78-40ab-8a35-fe731affab16,2026-07-30T10:30:00Z,2026-07-30T12:30:00+0200,21.84,EUR/MWh,FR,FR,day_ahead_price,value,2026-08-21T12:09:10Z
2026-08-21T12:03:35Z,2026-08-21T14:03:35+0200,5cef1f60-1e78-40ab-8a35-fe731affab16,2026-07-30T10:45:00Z,2026-07-30T12:45:00+0200,12.96,EUR/MWh,FR,FR,day_ahead_price,value,2026-08-21T12:09:10Z
2026-08-21T12:03:35Z,2026-08-21T14:03:35+0200,5cef1f60-1e78-40ab-8a35-fe731affab16,2026-07-30T11:00:00Z,2026-07-30T13:00:00+0200,10.46,EUR/MWh,FR,FR,day_ahead_price,value,2026-08-21T12:09:10Z
2026-08-21T12:03:35Z,2026-08-21T14:03:35+0200,5cef1f60-1e78-40ab-8a35-fe731affab16,2026-07-30T11:15:00Z,2026-07-30T13:15:00+0200,5.1,EUR/MWh,FR,FR,day_ahead_price,value,2026-08-21T12:09:10Z
2026-08-21T12:03:35Z,2026-08-21T14:03:35+0200,5cef1f60-1e78-40ab-8a35-fe731affab16,2026-07-30T11:30:00Z,2026-07-30T13:30:00+0200,4.77,EUR/MWh,FR,FR,day_ahead_price,value,2026-08-21T12:09:10Z
2026-08-21T12:03:35Z,2026-08-21T14:03:35+0200,5cef1f60-1e78-40ab-8a35-fe731affab16,2026-07-30T11:45:00Z,2026-07-30T13:45:00+0200,4.2,EUR/MWh,FR,FR,day_ahead_price,value,2026-08-21T12:09:10Z
2026-08-21T12:03:35Z,2026-08-21T14:03:35+0200,5cef1f60-1e78-40ab-8a35-fe731affab16,2026-07-30T12:00:00Z,2026-07-30T14:00:00+0200,27.0,EUR/MWh,FR,FR,day_ahead_price,value,2026-08-21T12:09:10Z
2026-08-21T12:03:35Z,2026-08-21T14:03:35+0200,5cef1f60-1e78-40ab-8a35-fe731affab16,2026-07-30T12:15:00Z,2026-07-30T14:15:00+0200,27.0,EUR/MWh,FR,FR,day_ahead_price,value,2026-08-21T12:09:10Z
2026-08-21T12:03:35Z,2026-08-21T14:03:35+0200,5cef1f60-1e78-40ab-8a35-fe731affab16,2026-07-30T12:30:00Z,2026-07-30T14:30:00+0200,26.01,EUR/MWh,FR,FR,day_ahead_price,value,2026-08-21T12:09:10Z
2026-08-21T12:03:35Z,2026-08-21T14:03:35+0200,5cef1f60-1e78-40ab-8a35-fe731affab16,2026-07-30T12:45:00Z,2026-07-30T14:45:00+0200,14.57,EUR/MWh,FR,FR,day_ahead_price,value,2026-08-21T12:09:10Z
2026-08-21T12:03:35Z,2026-08-21T14:03:35+0200,5cef1f60-1e78-40ab-8a35-fe731affab16,2026-07-30T13:00:00Z,2026-07-30T15:00:00+0200,16.96,EUR/MWh,FR,FR,day_ahead_price,value,2026-08-21T12:09:10Z
2026-08-21T12:03:35Z,2026-08-21T14:03:35+0200,5cef1f60-1e78-40ab-8a35-fe731affab16,2026-07-30T13:15:00Z,2026-07-30T15:15:00+0200,27.0,EUR/MWh,FR,FR,day_ahead_price,value,2026-08-21T12:09:10Z
2026-08-21T12:03:35Z,2026-08-21T14:03:35+0200,5cef1f60-1e78-40ab-8a35-fe731affab16,2026-07-30T13:30:00Z,2026-07-30T15:30:00+0200,33.14,EUR/MWh,FR,FR,day_ahead_price,value,2026-08-21T12:09:10Z
2026-08-21T12:03:35Z,2026-08-21T14:03:35+0200,5cef1f60-1e78-40ab-8a35-fe731affab16,2026-07-30T13:45:00Z,2026-07-30T15:45:00+0200,38.88,EUR/MWh,FR,FR,day_ahead_price,value,2026-08-21T12:09:10Z
2026-08-21T12:03:35Z,2026-08-21T14:03:35+0200,5cef1f60-1e78-40ab-8a35-fe731affab16,2026-07-30T14:00:00Z,2026-07-30T16:00:00+0200,48.38,EUR/MWh,FR,FR,day_ahead_price,value,2026-08-21T12:09:10Z
2026-08-21T12:03:35Z,2026-08-21T14:03:35+0200,5cef1f60-1e78-40ab-8a35-fe731affab16,2026-07-30T14:15:00Z,2026-07-30T16:15:00+0200,76.25,EUR/MWh,FR,FR,day_ahead_price,value,2026-08-21T12:09:10Z
2026-08-21T12:03:35Z,2026-08-21T14:03:35+0200,5cef1f60-1e78-40ab-8a35-fe731affab16,2026-07-30T14:30:00Z,2026-07-30T16:30:00+0200,80.0,EUR/MWh,FR,FR,day_ahead_price,value,2026-08-21T12:09:10Z
2026-08-21T12:03:35Z,2026-08-21T14:03:35+0200,5cef1f60-1e78-40ab-8a35-fe731affab16,2026-07-30T14:45:00Z,2026-07-30T16:45:00+0200,83.55,EUR/MWh,FR,FR,day_ahead_price,value,2026-08-21T12:09:10Z
2026-08-21T12:03:35Z,2026-08-21T14:03:35+0200,5cef1f60-1e78-40ab-8a35-fe731affab16,2026-07-30T15:00:00Z,2026-07-30T17:00:00+0200,88.59,EUR/MWh,FR,FR,day_ahead_price,value,2026-08-21T12:09:10Z
2026-08-21T12:03:35Z,2026-08-21T14:03:35+0200,5cef1f60-1e78-40ab-8a35-fe731affab16,2026-07-30T15:15:00Z,2026-07-30T17:15:00+0200,99.01,EUR/MWh,FR,FR,day_ahead_price,value,2026-08-21T12:09:10Z
2026-08-21T12:03:35Z,2026-08-21T14:03:35+0200,5cef1f60-1e78-40ab-8a35-fe731affab16,2026-07-30T15:30:00Z,2026-07-30T17:30:00+0200,108.87,EUR/MWh,FR,FR,day_ahead_price,value,2026-08-21T12:09:10Z
2026-08-21T12:03:35Z,2026-08-21T14:03:35+0200,5cef1f60-1e78-40ab-8a35-fe731affab16,2026-07-30T15:45:00Z,2026-07-30T17:45:00+0200,123.37,EUR/MWh,FR,FR,day_ahead_price,value,2026-08-21T12:09:10Z
2026-08-21T12:03:35Z,2026-08-21T14:03:35+0200,5cef1f60-1e78-40ab-8a35-fe731affab16,2026-07-30T16:00:00Z,2026-07-30T18:00:00+0200,111.09,EUR/MWh,FR,FR,day_ahead_price,value,2026-08-21T12:09:10Z
2026-08-21T12:03:35Z,2026-08-21T14:03:35+0200,5cef1f60-1e78-40ab-8a35-fe731affab16,2026-07-30T16:15:00Z,2026-07-30T18:15:00+0200,129.75,EUR/MWh,FR,FR,day_ahead_price,value,2026-08-21T12:09:10Z
2026-08-21T12:03:35Z,2026-08-21T14:03:35+0200,5cef1f60-1e78-40ab-8a35-fe731affab16,2026-07-30T16:30:00Z,2026-07-30T18:30:00+0200,134.54,EUR/MWh,FR,FR,day_ahead_price,value,2026-08-21T12:09:10Z
2026-08-21T12:03:35Z,2026-08-21T14:03:35+0200,5cef1f60-1e78-40ab-8a35-fe731affab16,2026-07-30T16:45:00Z,2026-07-30T18:45:00+0200,146.4,EUR/MWh,FR,FR,day_ahead_price,value,2026-08-21T12:09:10Z
2026-08-21T12:03:35Z,2026-08-21T14:03:35+0200,5cef1f60-1e78-40ab-8a35-fe731affab16,2026-07-30T17:00:00Z,2026-07-30T19:00:00+0200,137.23,EUR/MWh,FR,FR,day_ahead_price,value,2026-08-21T12:09:10Z
2026-08-21T12:03:35Z,2026-08-21T14:03:35+0200,5cef1f60-1e78-40ab-8a35-fe731affab16,2026-07-30T17:15:00Z,2026-07-30T19:15:00+0200,159.24,EUR/MWh,FR,FR,day_ahead_price,value,2026-08-21T12:09:10Z
2026-08-21T12:03:35Z,2026-08-21T14:03:35+0200,5cef1f60-1e78-40ab-8a35-fe731affab16,2026-07-30T17:30:00Z,2026-07-30T19:30:00+0200,172.0,EUR/MWh,FR,FR,day_ahead_price,value,2026-08-21T12:09:10Z
2026-08-21T12:03:35Z,2026-08-21T14:03:35+0200,5cef1f60-1e78-40ab-8a35-fe731affab16,2026-07-30T17:45:00Z,2026-07-30T19:45:00+0200,175.56,EUR/MWh,FR,FR,day_ahead_price,value,2026-08-21T12:09:10Z
2026-08-21T12:03:35Z,2026-08-21T14:03:35+0200,5cef1f60-1e78-40ab-8a35-fe731affab16,2026-07-30T18:00:00Z,2026-07-30T20:00:00+0200,158.88,EUR/MWh,FR,FR,day_ahead_price,value,2026-08-21T12:09:10Z
2026-08-21T12:03:35Z,2026-08-21T14:03:35+0200,5cef1f60-1e78-40ab-8a35-fe731affab16,2026-07-30T18:15:00Z,2026-07-30T20:15:00+0200,172.4,EUR/MWh,FR,FR,day_ahead_price,value,2026-08-21T12:09:10Z
2026-08-21T12:03:35Z,2026-08-21T14:03:35+0200,5cef1f60-1e78-40ab-8a35-fe731affab16,2026-07-30T18:30:00Z,2026-07-30T20:30:00+0200,182.01,EUR/MWh,FR,FR,day_ahead_price,value,2026-08-21T12:09:10Z
2026-08-21T12:03:35Z,2026-08-21T14:03:35+0200,5cef1f60-1e78-40ab-8a35-fe731affab16,2026-07-30T18:45:00Z,2026-07-30T20:45:00+0200,190.71,EUR/MWh,FR,FR,day_ahead_price,value,2026-08-21T12:09:10Z
2026-08-21T12:03:35Z,2026-08-21T14:03:35+0200,5cef1f60-1e78-40ab-8a35-fe731affab16,2026-07-30T19:00:00Z,2026-07-30T21:00:00+0200,191.16,EUR/MWh,FR,FR,day_ahead_price,value,2026-08-21T12:09:10Z
2026-08-21T12:03:35Z,2026-08-21T14:03:35+0200,5cef1f60-1e78-40ab-8a35-fe731affab16,2026-07-30T19:15:00Z,2026-07-30T21:15:00+0200,198.78,EUR/MWh,FR,FR,day_ahead_price,value,2026-08-21T12:09:10Z
2026-08-21T12:03:35Z,2026-08-21T14:03:35+0200,5cef1f60-1e78-40ab-8a35-fe731affab16,2026-07-30T19:30:00Z,2026-07-30T21:30:00+0200,198.82,EUR/MWh,FR,FR,day_ahead_price,value,2026-08-21T12:09:10Z
2026-08-21T12:03:35Z,2026-08-21T14:03:35+0200,5cef1f60-1e78-40ab-8a35-fe731affab16,2026-07-30T19:45:00Z,2026-07-30T21:45:00+0200,172.12,EUR/MWh,FR,FR,day_ahead_price,value,2026-08-21T12:09:10Z
2026-08-21T12:03:35Z,2026-08-21T14:03:35+0200,5cef1f60-1e78-40ab-8a35-fe731affab16,2026-07-30T20:00:00Z,2026-07-30T22:00:00+0200,201.3,EUR/MWh,FR,FR,day_ahead_price,value,2026-08-21T12:09:10Z
2026-08-21T12:03:35Z,2026-08-21T14:03:35+0200,5cef1f60-1e78-40ab-8a35-fe731affab16,2026-07-30T20:15:00Z,2026-07-30T22:15:00+0200,194.09,EUR/MWh,FR,FR,day_ahead_price,value,2026-08-21T12:09:10Z
2026-08-21T12:03:35Z,2026-08-21T14:03:35+0200,5cef1f60-1e78-40ab-8a35-fe731affab16,2026-07-30T20:30:00Z,2026-07-30T22:30:00+0200,187.25,EUR/MWh,FR,FR,day_ahead_price,value,2026-08-21T12:09:10Z
2026-08-21T12:03:35Z,2026-08-21T14:03:35+0200,5cef1f60-1e78-40ab-8a35-fe731affab16,2026-07-30T20:45:00Z,2026-07-30T22:45:00+0200,178.55,EUR/MWh,FR,FR,day_ahead_price,value,2026-08-21T12:09:10Z
2026-08-21T12:03:35Z,2026-08-21T14:03:35+0200,5cef1f60-1e78-40ab-8a35-fe731affab16,2026-07-30T21:00:00Z,2026-07-30T23:00:00+0200,181.29,EUR/MWh,FR,FR,day_ahead_price,value,2026-08-21T12:09:10Z
2026-08-21T12:03:35Z,2026-08-21T14:03:35+0200,5cef1f60-1e78-40ab-8a35-fe731affab16,2026-07-30T21:15:00Z,2026-07-30T23:15:00+0200,172.65,EUR/MWh,FR,FR,day_ahead_price,value,2026-08-21T12:09:10Z
2026-08-21T12:03:35Z,2026-08-21T14:03:35+0200,5cef1f60-1e78-40ab-8a35-fe731affab16,2026-07-30T21:30:00Z,2026-07-30T23:30:00+0200,169.78,EUR/MWh,FR,FR,day_ahead_price,value,2026-08-21T12:09:10Z
2026-08-21T12:03:35Z,2026-08-21T14:03:35+0200,5cef1f60-1e78-40ab-8a35-fe731affab16,2026-07-30T21:45:00Z,2026-07-30T23:45:00+0200,159.6,EUR/MWh,FR,FR,day_ahead_price,value,2026-08-21T12:09:10Z
2026-08-21T12:03:35Z,2026-08-21T14:03:35+0200,5cef1f60-1e78-40ab-8a35-fe731affab16,2026-07-30T22:00:00Z,2026-07-31T00:00:00+0200,177.28,EUR/MWh,FR,FR,day_ahead_price,value,2026-08-21T12:09:10Z
2026-08-21T12:03:35Z,2026-08-21T14:03:35+0200,5cef1f60-1e78-40ab-8a35-fe731affab16,2026-07-30T22:15:00Z,2026-07-31T00:15:00+0200,170.09,EUR/MWh,FR,FR,day_ahead_price,value,2026-08-21T12:09:10Z
2026-08-21T12:03:35Z,2026-08-21T14:03:35+0200,5cef1f60-1e78-40ab-8a35-fe731affab16,2026-07-30T22:30:00Z,2026-07-31T00:30:00+0200,164.6,EUR/MWh,FR,FR,day_ahead_price,value,2026-08-21T12:09:10Z
2026-08-21T12:03:35Z,2026-08-21T14:03:35+0200,5cef1f60-1e78-40ab-8a35-fe731affab16,2026-07-30T22:45:00Z,2026-07-31T00:45:00+0200,154.91,EUR/MWh,FR,FR,day_ahead_price,value,2026-08-21T12:09:10Z
2026-08-21T12:03:35Z,2026-08-21T14:03:35+0200,5cef1f60-1e78-40ab-8a35-fe731affab16,2026-07-30T23:00:00Z,2026-07-31T01:00:00+0200,161.47,EUR/MWh,FR,FR,day_ahead_price,value,2026-08-21T12:09:10Z
2026-08-21T12:03:35Z,2026-08-21T14:03:35+0200,5cef1f60-1e78-40ab-8a35-fe731affab16,2026-07-30T23:15:00Z,2026-07-31T01:15:00+0200,147.53,EUR/MWh,FR,FR,day_ahead_price,value,2026-08-21T12:09:10Z
2026-08-21T12:03:35Z,2026-08-21T14:03:35+0200,5cef1f60-1e78-40ab-8a35-fe731affab16,2026-07-30T23:30:00Z,2026-07-31T01:30:00+0200,157.61,EUR/MWh,FR,FR,day_ahead_price,value,2026-08-21T12:09:10Z
2026-08-21T12:03:35Z,2026-08-21T14:03:35+0200,5cef1f60-1e78-40ab-8a35-fe731affab16,2026-07-30T23:45:00Z,2026-07-31T01:45:00+0200,154.04,EUR/MWh,FR,FR,day_ahead_price,value,2026-08-21T12:09:10Z
2026-08-21T12:03:35Z,2026-08-21T14:03:35+0200,5cef1f60-1e78-40ab-8a35-fe731affab16,2026-07-31T00:00:00Z,2026-07-31T02:00:00+0200,157.15,EUR/MWh,FR,FR,day_ahead_price,value,2026-08-21T12:09:10Z
2026-08-21T12:03:35Z,2026-08-21T14:03:35+0200,5cef1f60-1e78-40ab-8a35-fe731affab16,2026-07-31T00:15:00Z,2026-07-31T02:15:00+0200,154.5,EUR/MWh,FR,FR,day_ahead_price,value,2026-08-21T12:09:10Z
2026-08-21T12:03:35Z,2026-08-21T14:03:35+0200,5cef1f60-1e78-40ab-8a35-fe731affab16,2026-07-31T00:30:00Z,2026-07-31T02:30:00+0200,145.62,EUR/MWh,FR,FR,day_ahead_price,value,2026-08-21T12:09:10Z
2026-08-21T12:03:35Z,2026-08-21T14:03:35+0200,5cef1f60-1e78-40ab-8a35-fe731affab16,2026-07-31T00:45:00Z,2026-07-31T02:45:00+0200,120.44,EUR/MWh,FR,FR,day_ahead_price,value,2026-08-21T12:09:10Z
2026-08-21T12:03:35Z,2026-08-21T14:03:35+0200,5cef1f60-1e78-40ab-8a35-fe731affab16,2026-07-31T01:00:00Z,2026-07-31T03:00:00+0200,126.45,EUR/MWh,FR,FR,day_ahead_price,value,2026-08-21T12:09:10Z
2026-08-21T12:03:35Z,2026-08-21T14:03:35+0200,5cef1f60-1e78-40ab-8a35-fe731affab16,2026-07-31T01:15:00Z,2026-07-31T03:15:00+0200,137.0,EUR/MWh,FR,FR,day_ahead_price,value,2026-08-21T12:09:10Z
2026-08-21T12:03:35Z,2026-08-21T14:03:35+0200,5cef1f60-1e78-40ab-8a35-fe731affab16,2026-07-31T01:30:00Z,2026-07-31T03:30:00+0200,131.85,EUR/MWh,FR,FR,day_ahead_price,value,2026-08-21T12:09:10Z
2026-08-21T12:03:35Z,2026-08-21T14:03:35+0200,5cef1f60-1e78-40ab-8a35-fe731affab16,2026-07-31T01:45:00Z,2026-07-31T03:45:00+0200,127.1,EUR/MWh,FR,FR,day_ahead_price,value,2026-08-21T12:09:10Z
2026-08-21T12:03:35Z,2026-08-21T14:03:35+0200,5cef1f60-1e78-40ab-8a35-fe731affab16,2026-07-31T02:00:00Z,2026-07-31T04:00:00+0200,125.22,EUR/MWh,FR,FR,day_ahead_price,value,2026-08-21T12:09:10Z
2026-08-21T12:03:35Z,2026-08-21T14:03:35+0200,5cef1f60-1e78-40ab-8a35-fe731affab16,2026-07-31T02:15:00Z,2026-07-31T04:15:00+0200,124.63,EUR/MWh,FR,FR,day_ahead_price,value,2026-08-21T12:09:10Z
2026-08-21T12:03:35Z,2026-08-21T14:03:35+0200,5cef1f60-1e78-40ab-8a35-fe731affab16,2026-07-31T02:30:00Z,2026-07-31T04:30:00+0200,128.27,EUR/MWh,FR,FR,day_ahead_price,value,2026-08-21T12:09:10Z
2026-08-21T12:03:35Z,2026-08-21T14:03:35+0200,5cef1f60-1e78-40ab-8a35-fe731affab16,2026-07-31T02:45:00Z,2026-07-31T04:45:00+0200,121.96,EUR/MWh,FR,FR,day_ahead_price,value,2026-08-21T12:09:10Z
2026-08-21T12:03:35Z,2026-08-21T14:03:35+0200,5cef1f60-1e78-40ab-8a35-fe731affab16,2026-07-31T03:00:00Z,2026-07-31T05:00:00+0200,128.36,EUR/MWh,FR,FR,day_ahead_price,value,2026-08-21T12:09:10Z
2026-08-21T12:03:35Z,2026-08-21T14:03:35+0200,5cef1f60-1e78-40ab-8a35-fe731affab16,2026-07-31T03:15:00Z,2026-07-31T05:15:00+0200,152.73,EUR/MWh,FR,FR,day_ahead_price,value,2026-08-21T12:09:10Z
2026-08-21T12:03:35Z,2026-08-21T14:03:35+0200,5cef1f60-1e78-40ab-8a35-fe731affab16,2026-07-31T03:30:00Z,2026-07-31T05:30:00+0200,142.01,EUR/MWh,FR,FR,day_ahead_price,value,2026-08-21T12:09:10Z
2026-08-21T12:03:35Z,2026-08-21T14:03:35+0200,5cef1f60-1e78-40ab-8a35-fe731affab16,2026-07-31T03:45:00Z,2026-07-31T05:45:00+0200,136.25,EUR/MWh,FR,FR,day_ahead_price,value,2026-08-21T12:09:10Z
2026-08-21T12:03:35Z,2026-08-21T14:03:35+0200,5cef1f60-1e78-40ab-8a35-fe731affab16,2026-07-31T04:00:00Z,2026-07-31T06:00:00+0200,156.11,EUR/MWh,FR,FR,day_ahead_price,value,2026-08-21T12:09:10Z
2026-08-21T12:03:35Z,2026-08-21T14:03:35+0200,5cef1f60-1e78-40ab-8a35-fe731affab16,2026-07-31T04:15:00Z,2026-07-31T06:15:00+0200,154.55,EUR/MWh,FR,FR,day_ahead_price,value,2026-08-21T12:09:10Z
2026-08-21T12:03:35Z,2026-08-21T14:03:35+0200,5cef1f60-1e78-40ab-8a35-fe731affab16,2026-07-31T04:30:00Z,2026-07-31T06:30:00+0200,167.1,EUR/MWh,FR,FR,day_ahead_price,value,2026-08-21T12:09:10Z
2026-08-21T12:03:35Z,2026-08-21T14:03:35+0200,5cef1f60-1e78-40ab-8a35-fe731affab16,2026-07-31T04:45:00Z,2026-07-31T06:45:00+0200,177.4,EUR/MWh,FR,FR,day_ahead_price,value,2026-08-21T12:09:10Z
2026-08-21T12:03:35Z,2026-08-21T14:03:35+0200,5cef1f60-1e78-40ab-8a35-fe731affab16,2026-07-31T05:00:00Z,2026-07-31T07:00:00+0200,169.18,EUR/MWh,FR,FR,day_ahead_price,value,2026-08-21T12:09:10Z
2026-08-21T12:03:35Z,2026-08-21T14:03:35+0200,5cef1f60-1e78-40ab-8a35-fe731affab16,2026-07-31T05:15:00Z,2026-07-31T07:15:00+0200,180.0,EUR/MWh,FR,FR,day_ahead_price,value,2026-08-21T12:09:10Z
2026-08-21T12:03:35Z,2026-08-21T14:03:35+0200,5cef1f60-1e78-40ab-8a35-fe731affab16,2026-07-31T05:30:00Z,2026-07-31T07:30:00+0200,172.61,EUR/MWh,FR,FR,day_ahead_price,value,2026-08-21T12:09:10Z
2026-08-21T12:03:35Z,2026-08-21T14:03:35+0200,5cef1f60-1e78-40ab-8a35-fe731affab16,2026-07-31T05:45:00Z,2026-07-31T07:45:00+0200,150.2,EUR/MWh,FR,FR,day_ahead_price,value,2026-08-21T12:09:10Z
2026-08-21T12:03:35Z,2026-08-21T14:03:35+0200,5cef1f60-1e78-40ab-8a35-fe731affab16,2026-07-31T06:00:00Z,2026-07-31T08:00:00+0200,182.6,EUR/MWh,FR,FR,day_ahead_price,value,2026-08-21T12:09:10Z
2026-08-21T12:03:35Z,2026-08-21T14:03:35+0200,5cef1f60-1e78-40ab-8a35-fe731affab16,2026-07-31T06:15:00Z,2026-07-31T08:15:00+0200,170.72,EUR/MWh,FR,FR,day_ahead_price,value,2026-08-21T12:09:10Z
2026-08-21T12:03:35Z,2026-08-21T14:03:35+0200,5cef1f60-1e78-40ab-8a35-fe731affab16,2026-07-31T06:30:00Z,2026-07-31T08:30:00+0200,153.29,EUR/MWh,FR,FR,day_ahead_price,value,2026-08-21T12:09:10Z
2026-08-21T12:03:35Z,2026-08-21T14:03:35+0200,5cef1f60-1e78-40ab-8a35-fe731affab16,2026-07-31T06:45:00Z,2026-07-31T08:45:00+0200,127.76,EUR/MWh,FR,FR,day_ahead_price,value,2026-08-21T12:09:10Z
2026-08-21T12:03:35Z,2026-08-21T14:03:35+0200,5cef1f60-1e78-40ab-8a35-fe731affab16,2026-07-31T07:00:00Z,2026-07-31T09:00:00+0200,159.99,EUR/MWh,FR,FR,day_ahead_price,value,2026-08-21T12:09:10Z
2026-08-21T12:03:35Z,2026-08-21T14:03:35+0200,5cef1f60-1e78-40ab-8a35-fe731affab16,2026-07-31T07:15:00Z,2026-07-31T09:15:00+0200,144.3,EUR/MWh,FR,FR,day_ahead_price,value,2026-08-21T12:09:10Z
2026-08-21T12:03:35Z,2026-08-21T14:03:35+0200,5cef1f60-1e78-40ab-8a35-fe731affab16,2026-07-31T07:30:00Z,2026-07-31T09:30:00+0200,130.0,EUR/MWh,FR,FR,day_ahead_price,value,2026-08-21T12:09:10Z
2026-08-21T12:03:35Z,2026-08-21T14:03:35+0200,5cef1f60-1e78-40ab-8a35-fe731affab16,2026-07-31T07:45:00Z,2026-07-31T09:45:00+0200,123.75,EUR/MWh,FR,FR,day_ahead_price,value,2026-08-21T12:09:10Z
2026-08-21T12:03:35Z,2026-08-21T14:03:35+0200,5cef1f60-1e78-40ab-8a35-fe731affab16,2026-07-31T08:00:00Z,2026-07-31T10:00:00+0200,136.73,EUR/MWh,FR,FR,day_ahead_price,value,2026-08-21T12:09:10Z
2026-08-21T12:03:35Z,2026-08-21T14:03:35+0200,5cef1f60-1e78-40ab-8a35-fe731affab16,2026-07-31T08:15:00Z,2026-07-31T10:15:00+0200,117.15,EUR/MWh,FR,FR,day_ahead_price,value,2026-08-21T12:09:10Z
2026-08-21T12:03:35Z,2026-08-21T14:03:35+0200,5cef1f60-1e78-40ab-8a35-fe731affab16,2026-07-31T08:30:00Z,2026-07-31T10:30:00+0200,107.22,EUR/MWh,FR,FR,day_ahead_price,value,2026-08-21T12:09:10Z
2026-08-21T12:03:35Z,2026-08-21T14:03:35+0200,5cef1f60-1e78-40ab-8a35-fe731affab16,2026-07-31T08:45:00Z,2026-07-31T10:45:00+0200,97.0,EUR/MWh,FR,FR,day_ahead_price,value,2026-08-21T12:09:10Z
2026-08-21T12:03:35Z,2026-08-21T14:03:35+0200,5cef1f60-1e78-40ab-8a35-fe731affab16,2026-07-31T09:00:00Z,2026-07-31T11:00:00+0200,114.01,EUR/MWh,FR,FR,day_ahead_price,value,2026-08-21T12:09:10Z
2026-08-21T12:03:35Z,2026-08-21T14:03:35+0200,5cef1f60-1e78-40ab-8a35-fe731affab16,2026-07-31T09:15:00Z,2026-07-31T11:15:00+0200,95.59,EUR/MWh,FR,FR,day_ahead_price,value,2026-08-21T12:09:10Z
2026-08-21T12:03:35Z,2026-08-21T14:03:35+0200,5cef1f60-1e78-40ab-8a35-fe731affab16,2026-07-31T09:30:00Z,2026-07-31T11:30:00+0200,86.12,EUR/MWh,FR,FR,day_ahead_price,value,2026-08-21T12:09:10Z
2026-08-21T12:03:35Z,2026-08-21T14:03:35+0200,5cef1f60-1e78-40ab-8a35-fe731affab16,2026-07-31T09:45:00Z,2026-07-31T11:45:00+0200,85.2,EUR/MWh,FR,FR,day_ahead_price,value,2026-08-21T12:09:10Z
2026-08-21T12:03:35Z,2026-08-21T14:03:35+0200,5cef1f60-1e78-40ab-8a35-fe731affab16,2026-07-31T10:00:00Z,2026-07-31T12:00:00+0200,97.76,EUR/MWh,FR,FR,day_ahead_price,value,2026-08-21T12:09:10Z
2026-08-21T12:03:35Z,2026-08-21T14:03:35+0200,5cef1f60-1e78-40ab-8a35-fe731affab16,2026-07-31T10:15:00Z,2026-07-31T12:15:00+0200,95.74,EUR/MWh,FR,FR,day_ahead_price,value,2026-08-21T12:09:10Z
2026-08-21T12:03:35Z,2026-08-21T14:03:35+0200,5cef1f60-1e78-40ab-8a35-fe731affab16,2026-07-31T10:30:00Z,2026-07-31T12:30:00+0200,96.03,EUR/MWh,FR,FR,day_ahead_price,value,2026-08-21T12:09:10Z
2026-08-21T12:03:35Z,2026-08-21T14:03:35+0200,5cef1f60-1e78-40ab-8a35-fe731affab16,2026-07-31T10:45:00Z,2026-07-31T12:45:00+0200,86.99,EUR/MWh,FR,FR,day_ahead_price,value,2026-08-21T12:09:10Z
2026-08-21T12:03:35Z,2026-08-21T14:03:35+0200,5cef1f60-1e78-40ab-8a35-fe731affab16,2026-07-31T11:00:00Z,2026-07-31T13:00:00+0200,85.01,EUR/MWh,FR,FR,day_ahead_price,value,2026-08-21T12:09:10Z
2026-08-21T12:03:35Z,2026-08-21T14:03:35+0200,5cef1f60-1e78-40ab-8a35-fe731affab16,2026-07-31T11:15:00Z,2026-07-31T13:15:00+0200,84.46,EUR/MWh,FR,FR,day_ahead_price,value,2026-08-21T12:09:10Z
2026-08-21T12:03:35Z,2026-08-21T14:03:35+0200,5cef1f60-1e78-40ab-8a35-fe731affab16,2026-07-31T11:30:00Z,2026-07-31T13:30:00+0200,82.25,EUR/MWh,FR,FR,day_ahead_price,value,2026-08-21T12:09:10Z
2026-08-21T12:03:35Z,2026-08-21T14:03:35+0200,5cef1f60-1e78-40ab-8a35-fe731affab16,2026-07-31T11:45:00Z,2026-07-31T13:45:00+0200,81.35,EUR/MWh,FR,FR,day_ahead_price,value,2026-08-21T12:09:10Z
2026-08-21T12:03:35Z,2026-08-21T14:03:35+0200,5cef1f60-1e78-40ab-8a35-fe731affab16,2026-07-31T12:00:00Z,2026-07-31T14:00:00+0200,80.4,EUR/MWh,FR,FR,day_ahead_price,value,2026-08-21T12:09:10Z
2026-08-21T12:03:35Z,2026-08-21T14:03:35+0200,5cef1f60-1e78-40ab-8a35-fe731affab16,2026-07-31T12:15:00Z,2026-07-31T14:15:00+0200,81.99,EUR/MWh,FR,FR,day_ahead_price,value,2026-08-21T12:09:10Z
2026-08-21T12:03:35Z,2026-08-21T14:03:35+0200,5cef1f60-1e78-40ab-8a35-fe731affab16,2026-07-31T12:30:00Z,2026-07-31T14:30:00+0200,87.81,EUR/MWh,FR,FR,day_ahead_price,value,2026-08-21T12:09:10Z
2026-08-21T12:03:35Z,2026-08-21T14:03:35+0200,5cef1f60-1e78-40ab-8a35-fe731affab16,2026-07-31T12:45:00Z,2026-07-31T14:45:00+0200,94.94,EUR/MWh,FR,FR,day_ahead_price,value,2026-08-21T12:09:10Z
2026-08-21T12:03:35Z,2026-08-21T14:03:35+0200,5cef1f60-1e78-40ab-8a35-fe731affab16,2026-07-31T13:00:00Z,2026-07-31T15:00:00+0200,80.0,EUR/MWh,FR,FR,day_ahead_price,value,2026-08-21T12:09:10Z
2026-08-21T12:03:35Z,2026-08-21T14:03:35+0200,5cef1f60-1e78-40ab-8a35-fe731affab16,2026-07-31T13:15:00Z,2026-07-31T15:15:00+0200,79.73,EUR/MWh,FR,FR,day_ahead_price,value,2026-08-21T12:09:10Z
2026-08-21T12:03:35Z,2026-08-21T14:03:35+0200,5cef1f60-1e78-40ab-8a35-fe731affab16,2026-07-31T13:30:00Z,2026-07-31T15:30:00+0200,60.0,EUR/MWh,FR,FR,day_ahead_price,value,2026-08-21T12:09:10Z
2026-08-21T12:03:35Z,2026-08-21T14:03:35+0200,5cef1f60-1e78-40ab-8a35-fe731affab16,2026-07-31T13:45:00Z,2026-07-31T15:45:00+0200,60.0,EUR/MWh,FR,FR,day_ahead_price,value,2026-08-21T12:09:10Z
2026-08-21T12:03:35Z,2026-08-21T14:03:35+0200,5cef1f60-1e78-40ab-8a35-fe731affab16,2026-07-31T14:00:00Z,2026-07-31T16:00:00+0200,75.0,EUR/MWh,FR,FR,day_ahead_price,value,2026-08-21T12:09:10Z
2026-08-21T12:03:35Z,2026-08-21T14:03:35+0200,5cef1f60-1e78-40ab-8a35-fe731affab16,2026-07-31T14:15:00Z,2026-07-31T16:15:00+0200,80.2,EUR/MWh,FR,FR,day_ahead_price,value,2026-08-21T12:09:10Z
2026-08-21T12:03:35Z,2026-08-21T14:03:35+0200,5cef1f60-1e78-40ab-8a35-fe731affab16,2026-07-31T14:30:00Z,2026-07-31T16:30:00+0200,80.4,EUR/MWh,FR,FR,day_ahead_price,value,2026-08-21T12:09:10Z
2026-08-21T12:03:35Z,2026-08-21T14:03:35+0200,5cef1f60-1e78-40ab-8a35-fe731affab16,2026-07-31T14:45:00Z,2026-07-31T16:45:00+0200,82.4,EUR/MWh,FR,FR,day_ahead_price,value,2026-08-21T12:09:10Z
2026-08-21T12:03:35Z,2026-08-21T14:03:35+0200,5cef1f60-1e78-40ab-8a35-fe731affab16,2026-07-31T15:00:00Z,2026-07-31T17:00:00+0200,85.5,EUR/MWh,FR,FR,day_ahead_price,value,2026-08-21T12:09:10Z
2026-08-21T12:03:35Z,2026-08-21T14:03:35+0200,5cef1f60-1e78-40ab-8a35-fe731affab16,2026-07-31T15:15:00Z,2026-07-31T17:15:00+0200,85.27,EUR/MWh,FR,FR,day_ahead_price,value,2026-08-21T12:09:10Z
2026-08-21T12:03:35Z,2026-08-21T14:03:35+0200,5cef1f60-1e78-40ab-8a35-fe731affab16,2026-07-31T15:30:00Z,2026-07-31T17:30:00+0200,90.6,EUR/MWh,FR,FR,day_ahead_price,value,2026-08-21T12:09:10Z
2026-08-21T12:03:35Z,2026-08-21T14:03:35+0200,5cef1f60-1e78-40ab-8a35-fe731affab16,2026-07-31T15:45:00Z,2026-07-31T17:45:00+0200,100.0,EUR/MWh,FR,FR,day_ahead_price,value,2026-08-21T12:09:10Z
2026-08-21T12:03:35Z,2026-08-21T14:03:35+0200,5cef1f60-1e78-40ab-8a35-fe731affab16,2026-07-31T16:00:00Z,2026-07-31T18:00:00+0200,129.42,EUR/MWh,FR,FR,day_ahead_price,value,2026-08-21T12:09:10Z
2026-08-21T12:03:35Z,2026-08-21T14:03:35+0200,5cef1f60-1e78-40ab-8a35-fe731affab16,2026-07-31T16:15:00Z,2026-07-31T18:15:00+0200,132.57,EUR/MWh,FR,FR,day_ahead_price,value,2026-08-21T12:09:10Z
2026-08-21T12:03:35Z,2026-08-21T14:03:35+0200,5cef1f60-1e78-40ab-8a35-fe731affab16,2026-07-31T16:30:00Z,2026-07-31T18:30:00+0200,141.0,EUR/MWh,FR,FR,day_ahead_price,value,2026-08-21T12:09:10Z
2026-08-21T12:03:35Z,2026-08-21T14:03:35+0200,5cef1f60-1e78-40ab-8a35-fe731affab16,2026-07-31T16:45:00Z,2026-07-31T18:45:00+0200,142.16,EUR/MWh,FR,FR,day_ahead_price,value,2026-08-21T12:09:10Z
2026-08-21T12:03:35Z,2026-08-21T14:03:35+0200,5cef1f60-1e78-40ab-8a35-fe731affab16,2026-07-31T17:00:00Z,2026-07-31T19:00:00+0200,133.08,EUR/MWh,FR,FR,day_ahead_price,value,2026-08-21T12:09:10Z
2026-08-21T12:03:35Z,2026-08-21T14:03:35+0200,5cef1f60-1e78-40ab-8a35-fe731affab16,2026-07-31T17:15:00Z,2026-07-31T19:15:00+0200,144.65,EUR/MWh,FR,FR,day_ahead_price,value,2026-08-21T12:09:10Z
2026-08-21T12:03:35Z,2026-08-21T14:03:35+0200,5cef1f60-1e78-40ab-8a35-fe731affab16,2026-07-31T17:30:00Z,2026-07-31T19:30:00+0200,166.64,EUR/MWh,FR,FR,day_ahead_price,value,2026-08-21T12:09:10Z
2026-08-21T12:03:35Z,2026-08-21T14:03:35+0200,5cef1f60-1e78-40ab-8a35-fe731affab16,2026-07-31T17:45:00Z,2026-07-31T19:45:00+0200,171.75,EUR/MWh,FR,FR,day_ahead_price,value,2026-08-21T12:09:10Z
2026-08-21T12:03:35Z,2026-08-21T14:03:35+0200,5cef1f60-1e78-40ab-8a35-fe731affab16,2026-07-31T18:00:00Z,2026-07-31T20:00:00+0200,151.9,EUR/MWh,FR,FR,day_ahead_price,value,2026-08-21T12:09:10Z
2026-08-21T12:03:35Z,2026-08-21T14:03:35+0200,5cef1f60-1e78-40ab-8a35-fe731affab16,2026-07-31T18:15:00Z,2026-07-31T20:15:00+0200,167.36,EUR/MWh,FR,FR,day_ahead_price,value,2026-08-21T12:09:10Z
2026-08-21T12:03:35Z,2026-08-21T14:03:35+0200,5cef1f60-1e78-40ab-8a35-fe731affab16,2026-07-31T18:30:00Z,2026-07-31T20:30:00+0200,175.75,EUR/MWh,FR,FR,day_ahead_price,value,2026-08-21T12:09:10Z
2026-08-21T12:03:35Z,2026-08-21T14:03:35+0200,5cef1f60-1e78-40ab-8a35-fe731affab16,2026-07-31T18:45:00Z,2026-07-31T20:45:00+0200,175.75,EUR/MWh,FR,FR,day_ahead_price,value,2026-08-21T12:09:10Z
2026-08-21T12:03:35Z,2026-08-21T14:03:35+0200,5cef1f60-1e78-40ab-8a35-fe731affab16,2026-07-31T19:00:00Z,2026-07-31T21:00:00+0200,172.75,EUR/MWh,FR,FR,day_ahead_price,value,2026-08-21T12:09:10Z
2026-08-21T12:03:35Z,2026-08-21T14:03:35+0200,5cef1f60-1e78-40ab-8a35-fe731affab16,2026-07-31T19:15:00Z,2026-07-31T21:15:00+0200,176.75,EUR/MWh,FR,FR,day_ahead_price,value,2026-08-21T12:09:10Z
2026-08-21T12:03:35Z,2026-08-21T14:03:35+0200,5cef1f60-1e78-40ab-8a35-fe731affab16,2026-07-31T19:30:00Z,2026-07-31T21:30:00+0200,176.75,EUR/MWh,FR,FR,day_ahead_price,value,2026-08-21T12:09:10Z
2026-08-21T12:03:35Z,2026-08-21T14:03:35+0200,5cef1f60-1e78-40ab-8a35-fe731affab16,2026-07-31T19:45:00Z,2026-07-31T21:45:00+0200,168.94,EUR/MWh,FR,FR,day_ahead_price,value,2026-08-21T12:09:10Z
2026-08-21T12:03:35Z,2026-08-21T14:03:35+0200,5cef1f60-1e78-40ab-8a35-fe731affab16,2026-07-31T20:00:00Z,2026-07-31T22:00:00+0200,177.75,EUR/MWh,FR,FR,day_ahead_price,value,2026-08-21T12:09:10Z
2026-08-21T12:03:35Z,2026-08-21T14:03:35+0200,5cef1f60-1e78-40ab-8a35-fe731affab16,2026-07-31T20:15:00Z,2026-07-31T22:15:00+0200,176.75,EUR/MWh,FR,FR,day_ahead_price,value,2026-08-21T12:09:10Z
2026-08-21T12:03:35Z,2026-08-21T14:03:35+0200,5cef1f60-1e78-40ab-8a35-fe731affab16,2026-07-31T20:30:00Z,2026-07-31T22:30:00+0200,177.35,EUR/MWh,FR,FR,day_ahead_price,value,2026-08-21T12:09:10Z
2026-08-21T12:03:35Z,2026-08-21T14:03:35+0200,5cef1f60-1e78-40ab-8a35-fe731affab16,2026-07-31T20:45:00Z,2026-07-31T22:45:00+0200,172.2,EUR/MWh,FR,FR,day_ahead_price,value,2026-08-21T12:09:10Z
2026-08-21T12:03:35Z,2026-08-21T14:03:35+0200,5cef1f60-1e78-40ab-8a35-fe731affab16,2026-07-31T21:00:00Z,2026-07-31T23:00:00+0200,170.56,EUR/MWh,FR,FR,day_ahead_price,value,2026-08-21T12:09:10Z
2026-08-21T12:03:35Z,2026-08-21T14:03:35+0200,5cef1f60-1e78-40ab-8a35-fe731affab16,2026-07-31T21:15:00Z,2026-07-31T23:15:00+0200,167.58,EUR/MWh,FR,FR,day_ahead_price,value,2026-08-21T12:09:10Z
2026-08-21T12:03:35Z,2026-08-21T14:03:35+0200,5cef1f60-1e78-40ab-8a35-fe731affab16,2026-07-31T21:30:00Z,2026-07-31T23:30:00+0200,167.36,EUR/MWh,FR,FR,day_ahead_price,value,2026-08-21T12:09:10Z
2026-08-21T12:03:35Z,2026-08-21T14:03:35+0200,5cef1f60-1e78-40ab-8a35-fe731affab16,2026-07-31T21:45:00Z,2026-07-31T23:45:00+0200,165.13,EUR/MWh,FR,FR,day_ahead_price,value,2026-08-21T12:09:10Z
2026-08-21T12:03:35Z,2026-08-21T14:03:35+0200,5cef1f60-1e78-40ab-8a35-fe731affab16,2026-07-31T22:00:00Z,2026-08-01T00:00:00+0200,178.4,EUR/MWh,FR,FR,day_ahead_price,value,2026-08-21T12:09:10Z
2026-08-21T12:03:35Z,2026-08-21T14:03:35+0200,5cef1f60-1e78-40ab-8a35-fe731affab16,2026-07-31T22:15:00Z,2026-08-01T00:15:00+0200,167.34,EUR/MWh,FR,FR,day_ahead_price,value,2026-08-21T12:09:10Z
2026-08-21T12:03:35Z,2026-08-21T14:03:35+0200,5cef1f60-1e78-40ab-8a35-fe731affab16,2026-07-31T22:30:00Z,2026-08-01T00:30:00+0200,156.45,EUR/MWh,FR,FR,day_ahead_price,value,2026-08-21T12:09:10Z
2026-08-21T12:03:35Z,2026-08-21T14:03:35+0200,5cef1f60-1e78-40ab-8a35-fe731affab16,2026-07-31T22:45:00Z,2026-08-01T00:45:00+0200,144.49,EUR/MWh,FR,FR,day_ahead_price,value,2026-08-21T12:09:10Z
2026-08-21T12:03:35Z,2026-08-21T14:03:35+0200,5cef1f60-1e78-40ab-8a35-fe731affab16,2026-07-31T23:00:00Z,2026-08-01T01:00:00+0200,160.23,EUR/MWh,FR,FR,day_ahead_price,value,2026-08-21T12:09:10Z
2026-08-21T12:03:35Z,2026-08-21T14:03:35+0200,5cef1f60-1e78-40ab-8a35-fe731affab16,2026-07-31T23:15:00Z,2026-08-01T01:15:00+0200,141.28,EUR/MWh,FR,FR,day_ahead_price,value,2026-08-21T12:09:10Z
2026-08-21T12:03:35Z,2026-08-21T14:03:35+0200,5cef1f60-1e78-40ab-8a35-fe731affab16,2026-07-31T23:30:00Z,2026-08-01T01:30:00+0200,153.82,EUR/MWh,FR,FR,day_ahead_price,value,2026-08-21T12:09:10Z
2026-08-21T12:03:35Z,2026-08-21T14:03:35+0200,5cef1f60-1e78-40ab-8a35-fe731affab16,2026-07-31T23:45:00Z,2026-08-01T01:45:00+0200,156.91,EUR/MWh,FR,FR,day_ahead_price,value,2026-08-21T12:09:10Z
2026-08-21T12:03:35Z,2026-08-21T14:03:35+0200,5cef1f60-1e78-40ab-8a35-fe731affab16,2026-08-01T00:00:00Z,2026-08-01T02:00:00+0200,151.27,EUR/MWh,FR,FR,day_ahead_price,value,2026-08-21T12:09:10Z
2026-08-21T12:03:35Z,2026-08-21T14:03:35+0200,5cef1f60-1e78-40ab-8a35-fe731affab16,2026-08-01T00:15:00Z,2026-08-01T02:15:00+0200,144.99,EUR/MWh,FR,FR,day_ahead_price,value,2026-08-21T12:09:10Z
2026-08-21T12:03:35Z,2026-08-21T14:03:35+0200,5cef1f60-1e78-40ab-8a35-fe731affab16,2026-08-01T00:30:00Z,2026-08-01T02:30:00+0200,147.73,EUR/MWh,FR,FR,day_ahead_price,value,2026-08-21T12:09:10Z
2026-08-21T12:03:35Z,2026-08-21T14:03:35+0200,5cef1f60-1e78-40ab-8a35-fe731affab16,2026-08-01T00:45:00Z,2026-08-01T02:45:00+0200,141.59,EUR/MWh,FR,FR,day_ahead_price,value,2026-08-21T12:09:10Z
2026-08-21T12:03:35Z,2026-08-21T14:03:35+0200,5cef1f60-1e78-40ab-8a35-fe731affab16,2026-08-01T01:00:00Z,2026-08-01T03:00:00+0200,143.96,EUR/MWh,FR,FR,day_ahead_price,value,2026-08-21T12:09:10Z
2026-08-21T12:03:35Z,2026-08-21T14:03:35+0200,5cef1f60-1e78-40ab-8a35-fe731affab16,2026-08-01T01:15:00Z,2026-08-01T03:15:00+0200,144.39,EUR/MWh,FR,FR,day_ahead_price,value,2026-08-21T12:09:10Z
2026-08-21T12:03:35Z,2026-08-21T14:03:35+0200,5cef1f60-1e78-40ab-8a35-fe731affab16,2026-08-01T01:30:00Z,2026-08-01T03:30:00+0200,144.16,EUR/MWh,FR,FR,day_ahead_price,value,2026-08-21T12:09:10Z
2026-08-21T12:03:35Z,2026-08-21T14:03:35+0200,5cef1f60-1e78-40ab-8a35-fe731affab16,2026-08-01T01:45:00Z,2026-08-01T03:45:00+0200,139.89,EUR/MWh,FR,FR,day_ahead_price,value,2026-08-21T12:09:10Z
2026-08-21T12:03:35Z,2026-08-21T14:03:35+0200,5cef1f60-1e78-40ab-8a35-fe731affab16,2026-08-01T02:00:00Z,2026-08-01T04:00:00+0200,135.35,EUR/MWh,FR,FR,day_ahead_price,value,2026-08-21T12:09:10Z
2026-08-21T12:03:35Z,2026-08-21T14:03:35+0200,5cef1f60-1e78-40ab-8a35-fe731affab16,2026-08-01T02:15:00Z,2026-08-01T04:15:00+0200,130.6,EUR/MWh,FR,FR,day_ahead_price,value,2026-08-21T12:09:10Z
2026-08-21T12:03:35Z,2026-08-21T14:03:35+0200,5cef1f60-1e78-40ab-8a35-fe731affab16,2026-08-01T02:30:00Z,2026-08-01T04:30:00+0200,141.79,EUR/MWh,FR,FR,day_ahead_price,value,2026-08-21T12:09:10Z
2026-08-21T12:03:35Z,2026-08-21T14:03:35+0200,5cef1f60-1e78-40ab-8a35-fe731affab16,2026-08-01T02:45:00Z,2026-08-01T04:45:00+0200,145.78,EUR/MWh,FR,FR,day_ahead_price,value,2026-08-21T12:09:10Z
2026-08-21T12:03:35Z,2026-08-21T14:03:35+0200,5cef1f60-1e78-40ab-8a35-fe731affab16,2026-08-01T03:00:00Z,2026-08-01T05:00:00+0200,140.92,EUR/MWh,FR,FR,day_ahead_price,value,2026-08-21T12:09:10Z
2026-08-21T12:03:35Z,2026-08-21T14:03:35+0200,5cef1f60-1e78-40ab-8a35-fe731affab16,2026-08-01T03:15:00Z,2026-08-01T05:15:00+0200,136.74,EUR/MWh,FR,FR,day_ahead_price,value,2026-08-21T12:09:10Z
2026-08-21T12:03:35Z,2026-08-21T14:03:35+0200,5cef1f60-1e78-40ab-8a35-fe731affab16,2026-08-01T03:30:00Z,2026-08-01T05:30:00+0200,146.72,EUR/MWh,FR,FR,day_ahead_price,value,2026-08-21T12:09:10Z
2026-08-21T12:03:35Z,2026-08-21T14:03:35+0200,5cef1f60-1e78-40ab-8a35-fe731affab16,2026-08-01T03:45:00Z,2026-08-01T05:45:00+0200,153.66,EUR/MWh,FR,FR,day_ahead_price,value,2026-08-21T12:09:10Z
2026-08-21T12:03:35Z,2026-08-21T14:03:35+0200,5cef1f60-1e78-40ab-8a35-fe731affab16,2026-08-01T04:00:00Z,2026-08-01T06:00:00+0200,150.08,EUR/MWh,FR,FR,day_ahead_price,value,2026-08-21T12:09:10Z
2026-08-21T12:03:35Z,2026-08-21T14:03:35+0200,5cef1f60-1e78-40ab-8a35-fe731affab16,2026-08-01T04:15:00Z,2026-08-01T06:15:00+0200,136.69,EUR/MWh,FR,FR,day_ahead_price,value,2026-08-21T12:09:10Z
2026-08-21T12:03:35Z,2026-08-21T14:03:35+0200,5cef1f60-1e78-40ab-8a35-fe731affab16,2026-08-01T04:30:00Z,2026-08-01T06:30:00+0200,151.58,EUR/MWh,FR,FR,day_ahead_price,value,2026-08-21T12:09:10Z
2026-08-21T12:03:35Z,2026-08-21T14:03:35+0200,5cef1f60-1e78-40ab-8a35-fe731affab16,2026-08-01T04:45:00Z,2026-08-01T06:45:00+0200,149.8,EUR/MWh,FR,FR,day_ahead_price,value,2026-08-21T12:09:10Z
2026-08-21T12:03:35Z,2026-08-21T14:03:35+0200,5cef1f60-1e78-40ab-8a35-fe731affab16,2026-08-01T05:00:00Z,2026-08-01T07:00:00+0200,162.96,EUR/MWh,FR,FR,day_ahead_price,value,2026-08-21T12:09:10Z
2026-08-21T12:03:35Z,2026-08-21T14:03:35+0200,5cef1f60-1e78-40ab-8a35-fe731affab16,2026-08-01T05:15:00Z,2026-08-01T07:15:00+0200,147.0,EUR/MWh,FR,FR,day_ahead_price,value,2026-08-21T12:09:10Z
2026-08-21T12:03:35Z,2026-08-21T14:03:35+0200,5cef1f60-1e78-40ab-8a35-fe731affab16,2026-08-01T05:30:00Z,2026-08-01T07:30:00+0200,141.73,EUR/MWh,FR,FR,day_ahead_price,value,2026-08-21T12:09:10Z
2026-08-21T12:03:35Z,2026-08-21T14:03:35+0200,5cef1f60-1e78-40ab-8a35-fe731affab16,2026-08-01T05:45:00Z,2026-08-01T07:45:00+0200,134.0,EUR/MWh,FR,FR,day_ahead_price,value,2026-08-21T12:09:10Z
2026-08-21T12:03:35Z,2026-08-21T14:03:35+0200,5cef1f60-1e78-40ab-8a35-fe731affab16,2026-08-01T06:00:00Z,2026-08-01T08:00:00+0200,160.86,EUR/MWh,FR,FR,day_ahead_price,value,2026-08-21T12:09:10Z
2026-08-21T12:03:35Z,2026-08-21T14:03:35+0200,5cef1f60-1e78-40ab-8a35-fe731affab16,2026-08-01T06:15:00Z,2026-08-01T08:15:00+0200,143.7,EUR/MWh,FR,FR,day_ahead_price,value,2026-08-21T12:09:10Z
2026-08-21T12:03:35Z,2026-08-21T14:03:35+0200,5cef1f60-1e78-40ab-8a35-fe731affab16,2026-08-01T06:30:00Z,2026-08-01T08:30:00+0200,133.18,EUR/MWh,FR,FR,day_ahead_price,value,2026-08-21T12:09:10Z
2026-08-21T12:03:35Z,2026-08-21T14:03:35+0200,5cef1f60-1e78-40ab-8a35-fe731affab16,2026-08-01T06:45:00Z,2026-08-01T08:45:00+0200,120.68,EUR/MWh,FR,FR,day_ahead_price,value,2026-08-21T12:09:10Z
2026-08-21T12:03:35Z,2026-08-21T14:03:35+0200,5cef1f60-1e78-40ab-8a35-fe731affab16,2026-08-01T07:00:00Z,2026-08-01T09:00:00+0200,145.41,EUR/MWh,FR,FR,day_ahead_price,value,2026-08-21T12:09:10Z
2026-08-21T12:03:35Z,2026-08-21T14:03:35+0200,5cef1f60-1e78-40ab-8a35-fe731affab16,2026-08-01T07:15:00Z,2026-08-01T09:15:00+0200,114.75,EUR/MWh,FR,FR,day_ahead_price,value,2026-08-21T12:09:10Z
2026-08-21T12:03:35Z,2026-08-21T14:03:35+0200,5cef1f60-1e78-40ab-8a35-fe731affab16,2026-08-01T07:30:00Z,2026-08-01T09:30:00+0200,92.19,EUR/MWh,FR,FR,day_ahead_price,value,2026-08-21T12:09:10Z
2026-08-21T12:03:35Z,2026-08-21T14:03:35+0200,5cef1f60-1e78-40ab-8a35-fe731affab16,2026-08-01T07:45:00Z,2026-08-01T09:45:00+0200,62.74,EUR/MWh,FR,FR,day_ahead_price,value,2026-08-21T12:09:10Z
2026-08-21T12:03:35Z,2026-08-21T14:03:35+0200,5cef1f60-1e78-40ab-8a35-fe731affab16,2026-08-01T08:00:00Z,2026-08-01T10:00:00+0200,64.8,EUR/MWh,FR,FR,day_ahead_price,value,2026-08-21T12:09:10Z
2026-08-21T12:03:35Z,2026-08-21T14:03:35+0200,5cef1f60-1e78-40ab-8a35-fe731affab16,2026-08-01T08:15:00Z,2026-08-01T10:15:00+0200,37.69,EUR/MWh,FR,FR,day_ahead_price,value,2026-08-21T12:09:10Z
2026-08-21T12:03:35Z,2026-08-21T14:03:35+0200,5cef1f60-1e78-40ab-8a35-fe731affab16,2026-08-01T08:30:00Z,2026-08-01T10:30:00+0200,8.82,EUR/MWh,FR,FR,day_ahead_price,value,2026-08-21T12:09:10Z
2026-08-21T12:03:35Z,2026-08-21T14:03:35+0200,5cef1f60-1e78-40ab-8a35-fe731affab16,2026-08-01T08:45:00Z,2026-08-01T10:45:00+0200,4.0,EUR/MWh,FR,FR,day_ahead_price,value,2026-08-21T12:09:10Z
2026-08-21T12:03:35Z,2026-08-21T14:03:35+0200,5cef1f60-1e78-40ab-8a35-fe731affab16,2026-08-01T09:00:00Z,2026-08-01T11:00:00+0200,3.43,EUR/MWh,FR,FR,day_ahead_price,value,2026-08-21T12:09:10Z
2026-08-21T12:03:35Z,2026-08-21T14:03:35+0200,5cef1f60-1e78-40ab-8a35-fe731affab16,2026-08-01T09:15:00Z,2026-08-01T11:15:00+0200,1.85,EUR/MWh,FR,FR,day_ahead_price,value,2026-08-21T12:09:10Z
2026-08-21T12:03:35Z,2026-08-21T14:03:35+0200,5cef1f60-1e78-40ab-8a35-fe731affab16,2026-08-01T09:30:00Z,2026-08-01T11:30:00+0200,1.08,EUR/MWh,FR,FR,day_ahead_price,value,2026-08-21T12:09:10Z
2026-08-21T12:03:35Z,2026-08-21T14:03:35+0200,5cef1f60-1e78-40ab-8a35-fe731affab16,2026-08-01T09:45:00Z,2026-08-01T11:45:00+0200,1.08,EUR/MWh,FR,FR,day_ahead_price,value,2026-08-21T12:09:10Z
2026-08-21T12:03:35Z,2026-08-21T14:03:35+0200,5cef1f60-1e78-40ab-8a35-fe731affab16,2026-08-01T10:00:00Z,2026-08-01T12:00:00+0200,1.08,EUR/MWh,FR,FR,day_ahead_price,value,2026-08-21T12:09:10Z
2026-08-21T12:03:35Z,2026-08-21T14:03:35+0200,5cef1f60-1e78-40ab-8a35-fe731affab16,2026-08-01T10:15:00Z,2026-08-01T12:15:00+0200,1.08,EUR/MWh,FR,FR,day_ahead_price,value,2026-08-21T12:09:10Z
2026-08-21T12:03:35Z,2026-08-21T14:03:35+0200,5cef1f60-1e78-40ab-8a35-fe731affab16,2026-08-01T10:30:00Z,2026-08-01T12:30:00+0200,1.08,EUR/MWh,FR,FR,day_ahead_price,value,2026-08-21T12:09:10Z
2026-08-21T12:03:35Z,2026-08-21T14:03:35+0200,5cef1f60-1e78-40ab-8a35-fe731affab16,2026-08-01T10:45:00Z,2026-08-01T12:45:00+0200,0.66,EUR/MWh,FR,FR,day_ahead_price,value,2026-08-21T12:09:10Z
2026-08-21T12:03:35Z,2026-08-21T14:03:35+0200,5cef1f60-1e78-40ab-8a35-fe731affab16,2026-08-01T11:00:00Z,2026-08-01T13:00:00+0200,0.51,EUR/MWh,FR,FR,day_ahead_price,value,2026-08-21T12:09:10Z
2026-08-21T12:03:35Z,2026-08-21T14:03:35+0200,5cef1f60-1e78-40ab-8a35-fe731affab16,2026-08-01T11:15:00Z,2026-08-01T13:15:00+0200,0.0,EUR/MWh,FR,FR,day_ahead_price,value,2026-08-21T12:09:10Z
2026-08-21T12:03:35Z,2026-08-21T14:03:35+0200,5cef1f60-1e78-40ab-8a35-fe731affab16,2026-08-01T11:30:00Z,2026-08-01T13:30:00+0200,0.0,EUR/MWh,FR,FR,day_ahead_price,value,2026-08-21T12:09:10Z
2026-08-21T12:03:35Z,2026-08-21T14:03:35+0200,5cef1f60-1e78-40ab-8a35-fe731affab16,2026-08-01T11:45:00Z,2026-08-01T13:45:00+0200,0.0,EUR/MWh,FR,FR,day_ahead_price,value,2026-08-21T12:09:10Z
2026-08-21T12:03:35Z,2026-08-21T14:03:35+0200,5cef1f60-1e78-40ab-8a35-fe731affab16,2026-08-01T12:00:00Z,2026-08-01T14:00:00+0200,0.0,EUR/MWh,FR,FR,day_ahead_price,value,2026-08-21T12:09:10Z
2026-08-21T12:03:35Z,2026-08-21T14:03:35+0200,5cef1f60-1e78-40ab-8a35-fe731affab16,2026-08-01T12:15:00Z,2026-08-01T14:15:00+0200,0.0,EUR/MWh,FR,FR,day_ahead_price,value,2026-08-21T12:09:10Z
2026-08-21T12:03:35Z,2026-08-21T14:03:35+0200,5cef1f60-1e78-40ab-8a35-fe731affab16,2026-08-01T12:30:00Z,2026-08-01T14:30:00+0200,0.0,EUR/MWh,FR,FR,day_ahead_price,value,2026-08-21T12:09:10Z
2026-08-21T12:03:35Z,2026-08-21T14:03:35+0200,5cef1f60-1e78-40ab-8a35-fe731affab16,2026-08-01T12:45:00Z,2026-08-01T14:45:00+0200,0.0,EUR/MWh,FR,FR,day_ahead_price,value,2026-08-21T12:09:10Z
2026-08-21T12:03:35Z,2026-08-21T14:03:35+0200,5cef1f60-1e78-40ab-8a35-fe731affab16,2026-08-01T13:00:00Z,2026-08-01T15:00:00+0200,0.02,EUR/MWh,FR,FR,day_ahead_price,value,2026-08-21T12:09:10Z
2026-08-21T12:03:35Z,2026-08-21T14:03:35+0200,5cef1f60-1e78-40ab-8a35-fe731affab16,2026-08-01T13:15:00Z,2026-08-01T15:15:00+0200,0.29,EUR/MWh,FR,FR,day_ahead_price,value,2026-08-21T12:09:10Z
2026-08-21T12:03:35Z,2026-08-21T14:03:35+0200,5cef1f60-1e78-40ab-8a35-fe731affab16,2026-08-01T13:30:00Z,2026-08-01T15:30:00+0200,0.5,EUR/MWh,FR,FR,day_ahead_price,value,2026-08-21T12:09:10Z
2026-08-21T12:03:35Z,2026-08-21T14:03:35+0200,5cef1f60-1e78-40ab-8a35-fe731affab16,2026-08-01T13:45:00Z,2026-08-01T15:45:00+0200,0.0,EUR/MWh,FR,FR,day_ahead_price,value,2026-08-21T12:09:10Z
2026-08-21T12:03:35Z,2026-08-21T14:03:35+0200,5cef1f60-1e78-40ab-8a35-fe731affab16,2026-08-01T14:00:00Z,2026-08-01T16:00:00+0200,0.5,EUR/MWh,FR,FR,day_ahead_price,value,2026-08-21T12:09:10Z
2026-08-21T12:03:35Z,2026-08-21T14:03:35+0200,5cef1f60-1e78-40ab-8a35-fe731affab16,2026-08-01T14:15:00Z,2026-08-01T16:15:00+0200,0.51,EUR/MWh,FR,FR,day_ahead_price,value,2026-08-21T12:09:10Z
2026-08-21T12:03:35Z,2026-08-21T14:03:35+0200,5cef1f60-1e78-40ab-8a35-fe731affab16,2026-08-01T14:30:00Z,2026-08-01T16:30:00+0200,1.0,EUR/MWh,FR,FR,day_ahead_price,value,2026-08-21T12:09:10Z
2026-08-21T12:03:35Z,2026-08-21T14:03:35+0200,5cef1f60-1e78-40ab-8a35-fe731affab16,2026-08-01T14:45:00Z,2026-08-01T16:45:00+0200,1.08,EUR/MWh,FR,FR,day_ahead_price,value,2026-08-21T12:09:10Z
2026-08-21T12:03:35Z,2026-08-21T14:03:35+0200,5cef1f60-1e78-40ab-8a35-fe731affab16,2026-08-01T15:00:00Z,2026-08-01T17:00:00+0200,1.99,EUR/MWh,FR,FR,day_ahead_price,value,2026-08-21T12:09:10Z
2026-08-21T12:03:35Z,2026-08-21T14:03:35+0200,5cef1f60-1e78-40ab-8a35-fe731affab16,2026-08-01T15:15:00Z,2026-08-01T17:15:00+0200,5.5,EUR/MWh,FR,FR,day_ahead_price,value,2026-08-21T12:09:10Z
2026-08-21T12:03:35Z,2026-08-21T14:03:35+0200,5cef1f60-1e78-40ab-8a35-fe731affab16,2026-08-01T15:30:00Z,2026-08-01T17:30:00+0200,29.0,EUR/MWh,FR,FR,day_ahead_price,value,2026-08-21T12:09:10Z
2026-08-21T12:03:35Z,2026-08-21T14:03:35+0200,5cef1f60-1e78-40ab-8a35-fe731affab16,2026-08-01T15:45:00Z,2026-08-01T17:45:00+0200,68.56,EUR/MWh,FR,FR,day_ahead_price,value,2026-08-21T12:09:10Z
2026-08-21T12:03:35Z,2026-08-21T14:03:35+0200,5cef1f60-1e78-40ab-8a35-fe731affab16,2026-08-01T16:00:00Z,2026-08-01T18:00:00+0200,81.8,EUR/MWh,FR,FR,day_ahead_price,value,2026-08-21T12:09:10Z
2026-08-21T12:03:35Z,2026-08-21T14:03:35+0200,5cef1f60-1e78-40ab-8a35-fe731affab16,2026-08-01T16:15:00Z,2026-08-01T18:15:00+0200,91.98,EUR/MWh,FR,FR,day_ahead_price,value,2026-08-21T12:09:10Z
2026-08-21T12:03:35Z,2026-08-21T14:03:35+0200,5cef1f60-1e78-40ab-8a35-fe731affab16,2026-08-01T16:30:00Z,2026-08-01T18:30:00+0200,110.01,EUR/MWh,FR,FR,day_ahead_price,value,2026-08-21T12:09:10Z
2026-08-21T12:03:35Z,2026-08-21T14:03:35+0200,5cef1f60-1e78-40ab-8a35-fe731affab16,2026-08-01T16:45:00Z,2026-08-01T18:45:00+0200,130.62,EUR/MWh,FR,FR,day_ahead_price,value,2026-08-21T12:09:10Z
2026-08-21T12:03:35Z,2026-08-21T14:03:35+0200,5cef1f60-1e78-40ab-8a35-fe731affab16,2026-08-01T17:00:00Z,2026-08-01T19:00:00+0200,115.14,EUR/MWh,FR,FR,day_ahead_price,value,2026-08-21T12:09:10Z
2026-08-21T12:03:35Z,2026-08-21T14:03:35+0200,5cef1f60-1e78-40ab-8a35-fe731affab16,2026-08-01T17:15:00Z,2026-08-01T19:15:00+0200,146.79,EUR/MWh,FR,FR,day_ahead_price,value,2026-08-21T12:09:10Z
2026-08-21T12:03:35Z,2026-08-21T14:03:35+0200,5cef1f60-1e78-40ab-8a35-fe731affab16,2026-08-01T17:30:00Z,2026-08-01T19:30:00+0200,175.5,EUR/MWh,FR,FR,day_ahead_price,value,2026-08-21T12:09:10Z
2026-08-21T12:03:35Z,2026-08-21T14:03:35+0200,5cef1f60-1e78-40ab-8a35-fe731affab16,2026-08-01T17:45:00Z,2026-08-01T19:45:00+0200,181.65,EUR/MWh,FR,FR,day_ahead_price,value,2026-08-21T12:09:10Z
2026-08-21T12:03:35Z,2026-08-21T14:03:35+0200,5cef1f60-1e78-40ab-8a35-fe731affab16,2026-08-01T18:00:00Z,2026-08-01T20:00:00+0200,175.45,EUR/MWh,FR,FR,day_ahead_price,value,2026-08-21T12:09:10Z
2026-08-21T12:03:35Z,2026-08-21T14:03:35+0200,5cef1f60-1e78-40ab-8a35-fe731affab16,2026-08-01T18:15:00Z,2026-08-01T20:15:00+0200,181.65,EUR/MWh,FR,FR,day_ahead_price,value,2026-08-21T12:09:10Z
2026-08-21T12:03:35Z,2026-08-21T14:03:35+0200,5cef1f60-1e78-40ab-8a35-fe731affab16,2026-08-01T18:30:00Z,2026-08-01T20:30:00+0200,184.75,EUR/MWh,FR,FR,day_ahead_price,value,2026-08-21T12:09:10Z
2026-08-21T12:03:35Z,2026-08-21T14:03:35+0200,5cef1f60-1e78-40ab-8a35-fe731affab16,2026-08-01T18:45:00Z,2026-08-01T20:45:00+0200,187.6,EUR/MWh,FR,FR,day_ahead_price,value,2026-08-21T12:09:10Z
2026-08-21T12:03:35Z,2026-08-21T14:03:35+0200,5cef1f60-1e78-40ab-8a35-fe731affab16,2026-08-01T19:00:00Z,2026-08-01T21:00:00+0200,186.4,EUR/MWh,FR,FR,day_ahead_price,value,2026-08-21T12:09:10Z
2026-08-21T12:03:35Z,2026-08-21T14:03:35+0200,5cef1f60-1e78-40ab-8a35-fe731affab16,2026-08-01T19:15:00Z,2026-08-01T21:15:00+0200,182.98,EUR/MWh,FR,FR,day_ahead_price,value,2026-08-21T12:09:10Z
2026-08-21T12:03:35Z,2026-08-21T14:03:35+0200,5cef1f60-1e78-40ab-8a35-fe731affab16,2026-08-01T19:30:00Z,2026-08-01T21:30:00+0200,182.41,EUR/MWh,FR,FR,day_ahead_price,value,2026-08-21T12:09:10Z
2026-08-21T12:03:35Z,2026-08-21T14:03:35+0200,5cef1f60-1e78-40ab-8a35-fe731affab16,2026-08-01T19:45:00Z,2026-08-01T21:45:00+0200,173.85,EUR/MWh,FR,FR,day_ahead_price,value,2026-08-21T12:09:10Z
2026-08-21T12:03:35Z,2026-08-21T14:03:35+0200,5cef1f60-1e78-40ab-8a35-fe731affab16,2026-08-01T20:00:00Z,2026-08-01T22:00:00+0200,190.2,EUR/MWh,FR,FR,day_ahead_price,value,2026-08-21T12:09:10Z
2026-08-21T12:03:35Z,2026-08-21T14:03:35+0200,5cef1f60-1e78-40ab-8a35-fe731affab16,2026-08-01T20:15:00Z,2026-08-01T22:15:00+0200,179.69,EUR/MWh,FR,FR,day_ahead_price,value,2026-08-21T12:09:10Z
2026-08-21T12:03:35Z,2026-08-21T14:03:35+0200,5cef1f60-1e78-40ab-8a35-fe731affab16,2026-08-01T20:30:00Z,2026-08-01T22:30:00+0200,175.2,EUR/MWh,FR,FR,day_ahead_price,value,2026-08-21T12:09:10Z
2026-08-21T12:03:35Z,2026-08-21T14:03:35+0200,5cef1f60-1e78-40ab-8a35-fe731affab16,2026-08-01T20:45:00Z,2026-08-01T22:45:00+0200,169.1,EUR/MWh,FR,FR,day_ahead_price,value,2026-08-21T12:09:10Z
2026-08-21T12:03:35Z,2026-08-21T14:03:35+0200,5cef1f60-1e78-40ab-8a35-fe731affab16,2026-08-01T21:00:00Z,2026-08-01T23:00:00+0200,172.11,EUR/MWh,FR,FR,day_ahead_price,value,2026-08-21T12:09:10Z
2026-08-21T12:03:35Z,2026-08-21T14:03:35+0200,5cef1f60-1e78-40ab-8a35-fe731affab16,2026-08-01T21:15:00Z,2026-08-01T23:15:00+0200,171.94,EUR/MWh,FR,FR,day_ahead_price,value,2026-08-21T12:09:10Z
2026-08-21T12:03:35Z,2026-08-21T14:03:35+0200,5cef1f60-1e78-40ab-8a35-fe731affab16,2026-08-01T21:30:00Z,2026-08-01T23:30:00+0200,171.23,EUR/MWh,FR,FR,day_ahead_price,value,2026-08-21T12:09:10Z
2026-08-21T12:03:35Z,2026-08-21T14:03:35+0200,5cef1f60-1e78-40ab-8a35-fe731affab16,2026-08-01T21:45:00Z,2026-08-01T23:45:00+0200,164.72,EUR/MWh,FR,FR,day_ahead_price,value,2026-08-21T12:09:10Z
2026-08-21T12:03:35Z,2026-08-21T14:03:35+0200,5cef1f60-1e78-40ab-8a35-fe731affab16,2026-08-01T22:00:00Z,2026-08-02T00:00:00+0200,182.17,EUR/MWh,FR,FR,day_ahead_price,value,2026-08-21T12:09:10Z
2026-08-21T12:03:35Z,2026-08-21T14:03:35+0200,5cef1f60-1e78-40ab-8a35-fe731affab16,2026-08-01T22:15:00Z,2026-08-02T00:15:00+0200,168.06,EUR/MWh,FR,FR,day_ahead_price,value,2026-08-21T12:09:10Z
2026-08-21T12:03:35Z,2026-08-21T14:03:35+0200,5cef1f60-1e78-40ab-8a35-fe731affab16,2026-08-01T22:30:00Z,2026-08-02T00:30:00+0200,161.1,EUR/MWh,FR,FR,day_ahead_price,value,2026-08-21T12:09:10Z
2026-08-21T12:03:35Z,2026-08-21T14:03:35+0200,5cef1f60-1e78-40ab-8a35-fe731affab16,2026-08-01T22:45:00Z,2026-08-02T00:45:00+0200,133.15,EUR/MWh,FR,FR,day_ahead_price,value,2026-08-21T12:09:10Z
2026-08-21T12:03:35Z,2026-08-21T14:03:35+0200,5cef1f60-1e78-40ab-8a35-fe731affab16,2026-08-01T23:00:00Z,2026-08-02T01:00:00+0200,160.86,EUR/MWh,FR,FR,day_ahead_price,value,2026-08-21T12:09:10Z
2026-08-21T12:03:35Z,2026-08-21T14:03:35+0200,5cef1f60-1e78-40ab-8a35-fe731affab16,2026-08-01T23:15:00Z,2026-08-02T01:15:00+0200,156.81,EUR/MWh,FR,FR,day_ahead_price,value,2026-08-21T12:09:10Z
2026-08-21T12:03:35Z,2026-08-21T14:03:35+0200,5cef1f60-1e78-40ab-8a35-fe731affab16,2026-08-01T23:30:00Z,2026-08-02T01:30:00+0200,162.01,EUR/MWh,FR,FR,day_ahead_price,value,2026-08-21T12:09:10Z
2026-08-21T12:03:35Z,2026-08-21T14:03:35+0200,5cef1f60-1e78-40ab-8a35-fe731affab16,2026-08-01T23:45:00Z,2026-08-02T01:45:00+0200,154.74,EUR/MWh,FR,FR,day_ahead_price,value,2026-08-21T12:09:10Z
2026-08-21T12:03:35Z,2026-08-21T14:03:35+0200,5cef1f60-1e78-40ab-8a35-fe731affab16,2026-08-02T00:00:00Z,2026-08-02T02:00:00+0200,155.07,EUR/MWh,FR,FR,day_ahead_price,value,2026-08-21T12:09:10Z
2026-08-21T12:03:35Z,2026-08-21T14:03:35+0200,5cef1f60-1e78-40ab-8a35-fe731affab16,2026-08-02T00:15:00Z,2026-08-02T02:15:00+0200,152.83,EUR/MWh,FR,FR,day_ahead_price,value,2026-08-21T12:09:10Z
2026-08-21T12:03:35Z,2026-08-21T14:03:35+0200,5cef1f60-1e78-40ab-8a35-fe731affab16,2026-08-02T00:30:00Z,2026-08-02T02:30:00+0200,157.31,EUR/MWh,FR,FR,day_ahead_price,value,2026-08-21T12:09:10Z
2026-08-21T12:03:35Z,2026-08-21T14:03:35+0200,5cef1f60-1e78-40ab-8a35-fe731affab16,2026-08-02T00:45:00Z,2026-08-02T02:45:00+0200,154.8,EUR/MWh,FR,FR,day_ahead_price,value,2026-08-21T12:09:10Z
2026-08-21T12:03:35Z,2026-08-21T14:03:35+0200,5cef1f60-1e78-40ab-8a35-fe731affab16,2026-08-02T01:00:00Z,2026-08-02T03:00:00+0200,135.4,EUR/MWh,FR,FR,day_ahead_price,value,2026-08-21T12:09:10Z
2026-08-21T12:03:35Z,2026-08-21T14:03:35+0200,5cef1f60-1e78-40ab-8a35-fe731affab16,2026-08-02T01:15:00Z,2026-08-02T03:15:00+0200,151.32,EUR/MWh,FR,FR,day_ahead_price,value,2026-08-21T12:09:10Z
2026-08-21T12:03:35Z,2026-08-21T14:03:35+0200,5cef1f60-1e78-40ab-8a35-fe731affab16,2026-08-02T01:30:00Z,2026-08-02T03:30:00+0200,144.99,EUR/MWh,FR,FR,day_ahead_price,value,2026-08-21T12:09:10Z
2026-08-21T12:03:35Z,2026-08-21T14:03:35+0200,5cef1f60-1e78-40ab-8a35-fe731affab16,2026-08-02T01:45:00Z,2026-08-02T03:45:00+0200,154.78,EUR/MWh,FR,FR,day_ahead_price,value,2026-08-21T12:09:10Z
2026-08-21T12:03:35Z,2026-08-21T14:03:35+0200,5cef1f60-1e78-40ab-8a35-fe731affab16,2026-08-02T02:00:00Z,2026-08-02T04:00:00+0200,131.77,EUR/MWh,FR,FR,day_ahead_price,value,2026-08-21T12:09:10Z
2026-08-21T12:03:35Z,2026-08-21T14:03:35+0200,5cef1f60-1e78-40ab-8a35-fe731affab16,2026-08-02T02:15:00Z,2026-08-02T04:15:00+0200,146.68,EUR/MWh,FR,FR,day_ahead_price,value,2026-08-21T12:09:10Z
2026-08-21T12:03:35Z,2026-08-21T14:03:35+0200,5cef1f60-1e78-40ab-8a35-fe731affab16,2026-08-02T02:30:00Z,2026-08-02T04:30:00+0200,141.13,EUR/MWh,FR,FR,day_ahead_price,value,2026-08-21T12:09:10Z
2026-08-21T12:03:35Z,2026-08-21T14:03:35+0200,5cef1f60-1e78-40ab-8a35-fe731affab16,2026-08-02T02:45:00Z,2026-08-02T04:45:00+0200,153.26,EUR/MWh,FR,FR,day_ahead_price,value,2026-08-21T12:09:10Z
2026-08-21T12:03:35Z,2026-08-21T14:03:35+0200,5cef1f60-1e78-40ab-8a35-fe731affab16,2026-08-02T03:00:00Z,2026-08-02T05:00:00+0200,145.72,EUR/MWh,FR,FR,day_ahead_price,value,2026-08-21T12:09:10Z
2026-08-21T12:03:35Z,2026-08-21T14:03:35+0200,5cef1f60-1e78-40ab-8a35-fe731affab16,2026-08-02T03:15:00Z,2026-08-02T05:15:00+0200,137.11,EUR/MWh,FR,FR,day_ahead_price,value,2026-08-21T12:09:10Z
2026-08-21T12:03:35Z,2026-08-21T14:03:35+0200,5cef1f60-1e78-40ab-8a35-fe731affab16,2026-08-02T03:30:00Z,2026-08-02T05:30:00+0200,143.75,EUR/MWh,FR,FR,day_ahead_price,value,2026-08-21T12:09:10Z
2026-08-21T12:03:35Z,2026-08-21T14:03:35+0200,5cef1f60-1e78-40ab-8a35-fe731affab16,2026-08-02T03:45:00Z,2026-08-02T05:45:00+0200,145.43,EUR/MWh,FR,FR,day_ahead_price,value,2026-08-21T12:09:10Z
2026-08-21T12:03:35Z,2026-08-21T14:03:35+0200,5cef1f60-1e78-40ab-8a35-fe731affab16,2026-08-02T04:00:00Z,2026-08-02T06:00:00+0200,151.86,EUR/MWh,FR,FR,day_ahead_price,value,2026-08-21T12:09:10Z
2026-08-21T12:03:35Z,2026-08-21T14:03:35+0200,5cef1f60-1e78-40ab-8a35-fe731affab16,2026-08-02T04:15:00Z,2026-08-02T06:15:00+0200,144.65,EUR/MWh,FR,FR,day_ahead_price,value,2026-08-21T12:09:10Z
2026-08-21T12:03:35Z,2026-08-21T14:03:35+0200,5cef1f60-1e78-40ab-8a35-fe731affab16,2026-08-02T04:30:00Z,2026-08-02T06:30:00+0200,137.46,EUR/MWh,FR,FR,day_ahead_price,value,2026-08-21T12:09:10Z
2026-08-21T12:03:35Z,2026-08-21T14:03:35+0200,5cef1f60-1e78-40ab-8a35-fe731affab16,2026-08-02T04:45:00Z,2026-08-02T06:45:00+0200,132.03,EUR/MWh,FR,FR,day_ahead_price,value,2026-08-21T12:09:10Z
2026-08-21T12:03:35Z,2026-08-21T14:03:35+0200,5cef1f60-1e78-40ab-8a35-fe731affab16,2026-08-02T05:00:00Z,2026-08-02T07:00:00+0200,150.97,EUR/MWh,FR,FR,day_ahead_price,value,2026-08-21T12:09:10Z
2026-08-21T12:03:35Z,2026-08-21T14:03:35+0200,5cef1f60-1e78-40ab-8a35-fe731affab16,2026-08-02T05:15:00Z,2026-08-02T07:15:00+0200,142.6,EUR/MWh,FR,FR,day_ahead_price,value,2026-08-21T12:09:10Z
2026-08-21T12:03:35Z,2026-08-21T14:03:35+0200,5cef1f60-1e78-40ab-8a35-fe731affab16,2026-08-02T05:30:00Z,2026-08-02T07:30:00+0200,136.11,EUR/MWh,FR,FR,day_ahead_price,value,2026-08-21T12:09:10Z
2026-08-21T12:03:35Z,2026-08-21T14:03:35+0200,5cef1f60-1e78-40ab-8a35-fe731affab16,2026-08-02T05:45:00Z,2026-08-02T07:45:00+0200,122.32,EUR/MWh,FR,FR,day_ahead_price,value,2026-08-21T12:09:10Z
2026-08-21T12:03:35Z,2026-08-21T14:03:35+0200,5cef1f60-1e78-40ab-8a35-fe731affab16,2026-08-02T06:00:00Z,2026-08-02T08:00:00+0200,152.74,EUR/MWh,FR,FR,day_ahead_price,value,2026-08-21T12:09:10Z
2026-08-21T12:03:35Z,2026-08-21T14:03:35+0200,5cef1f60-1e78-40ab-8a35-fe731affab16,2026-08-02T06:15:00Z,2026-08-02T08:15:00+0200,130.33,EUR/MWh,FR,FR,day_ahead_price,value,2026-08-21T12:09:10Z
2026-08-21T12:03:35Z,2026-08-21T14:03:35+0200,5cef1f60-1e78-40ab-8a35-fe731affab16,2026-08-02T06:30:00Z,2026-08-02T08:30:00+0200,112.43,EUR/MWh,FR,FR,day_ahead_price,value,2026-08-21T12:09:10Z
2026-08-21T12:03:35Z,2026-08-21T14:03:35+0200,5cef1f60-1e78-40ab-8a35-fe731affab16,2026-08-02T06:45:00Z,2026-08-02T08:45:00+0200,93.22,EUR/MWh,FR,FR,day_ahead_price,value,2026-08-21T12:09:10Z
2026-08-21T12:03:35Z,2026-08-21T14:03:35+0200,5cef1f60-1e78-40ab-8a35-fe731affab16,2026-08-02T07:00:00Z,2026-08-02T09:00:00+0200,99.0,EUR/MWh,FR,FR,day_ahead_price,value,2026-08-21T12:09:10Z
2026-08-21T12:03:35Z,2026-08-21T14:03:35+0200,5cef1f60-1e78-40ab-8a35-fe731affab16,2026-08-02T07:15:00Z,2026-08-02T09:15:00+0200,80.0,EUR/MWh,FR,FR,day_ahead_price,value,2026-08-21T12:09:10Z
2026-08-21T12:03:35Z,2026-08-21T14:03:35+0200,5cef1f60-1e78-40ab-8a35-fe731affab16,2026-08-02T07:30:00Z,2026-08-02T09:30:00+0200,18.33,EUR/MWh,FR,FR,day_ahead_price,value,2026-08-21T12:09:10Z
2026-08-21T12:03:35Z,2026-08-21T14:03:35+0200,5cef1f60-1e78-40ab-8a35-fe731affab16,2026-08-02T07:45:00Z,2026-08-02T09:45:00+0200,1.75,EUR/MWh,FR,FR,day_ahead_price,value,2026-08-21T12:09:10Z
2026-08-21T12:03:35Z,2026-08-21T14:03:35+0200,5cef1f60-1e78-40ab-8a35-fe731affab16,2026-08-02T08:00:00Z,2026-08-02T10:00:00+0200,1.08,EUR/MWh,FR,FR,day_ahead_price,value,2026-08-21T12:09:10Z
2026-08-21T12:03:35Z,2026-08-21T14:03:35+0200,5cef1f60-1e78-40ab-8a35-fe731affab16,2026-08-02T08:15:00Z,2026-08-02T10:15:00+0200,0.51,EUR/MWh,FR,FR,day_ahead_price,value,2026-08-21T12:09:10Z
2026-08-21T12:03:35Z,2026-08-21T14:03:35+0200,5cef1f60-1e78-40ab-8a35-fe731affab16,2026-08-02T08:30:00Z,2026-08-02T10:30:00+0200,0.0,EUR/MWh,FR,FR,day_ahead_price,value,2026-08-21T12:09:10Z
2026-08-21T12:03:35Z,2026-08-21T14:03:35+0200,5cef1f60-1e78-40ab-8a35-fe731affab16,2026-08-02T08:45:00Z,2026-08-02T10:45:00+0200,0.0,EUR/MWh,FR,FR,day_ahead_price,value,2026-08-21T12:09:10Z
2026-08-21T12:03:35Z,2026-08-21T14:03:35+0200,5cef1f60-1e78-40ab-8a35-fe731affab16,2026-08-02T09:00:00Z,2026-08-02T11:00:00+0200,-0.01,EUR/MWh,FR,FR,day_ahead_price,value,2026-08-21T12:09:10Z
2026-08-21T12:03:35Z,2026-08-21T14:03:35+0200,5cef1f60-1e78-40ab-8a35-fe731affab16,2026-08-02T09:15:00Z,2026-08-02T11:15:00+0200,-0.01,EUR/MWh,FR,FR,day_ahead_price,value,2026-08-21T12:09:10Z
2026-08-21T12:03:35Z,2026-08-21T14:03:35+0200,5cef1f60-1e78-40ab-8a35-fe731affab16,2026-08-02T09:30:00Z,2026-08-02T11:30:00+0200,-0.02,EUR/MWh,FR,FR,day_ahead_price,value,2026-08-21T12:09:10Z
2026-08-21T12:03:35Z,2026-08-21T14:03:35+0200,5cef1f60-1e78-40ab-8a35-fe731affab16,2026-08-02T09:45:00Z,2026-08-02T11:45:00+0200,-0.07,EUR/MWh,FR,FR,day_ahead_price,value,2026-08-21T12:09:10Z
2026-08-21T12:03:35Z,2026-08-21T14:03:35+0200,5cef1f60-1e78-40ab-8a35-fe731affab16,2026-08-02T10:00:00Z,2026-08-02T12:00:00+0200,-0.1,EUR/MWh,FR,FR,day_ahead_price,value,2026-08-21T12:09:10Z
2026-08-21T12:03:35Z,2026-08-21T14:03:35+0200,5cef1f60-1e78-40ab-8a35-fe731affab16,2026-08-02T10:15:00Z,2026-08-02T12:15:00+0200,-0.11,EUR/MWh,FR,FR,day_ahead_price,value,2026-08-21T12:09:10Z
2026-08-21T12:03:35Z,2026-08-21T14:03:35+0200,5cef1f60-1e78-40ab-8a35-fe731affab16,2026-08-02T10:30:00Z,2026-08-02T12:30:00+0200,-0.11,EUR/MWh,FR,FR,day_ahead_price,value,2026-08-21T12:09:10Z
2026-08-21T12:03:35Z,2026-08-21T14:03:35+0200,5cef1f60-1e78-40ab-8a35-fe731affab16,2026-08-02T10:45:00Z,2026-08-02T12:45:00+0200,-0.11,EUR/MWh,FR,FR,day_ahead_price,value,2026-08-21T12:09:10Z
2026-08-21T12:03:35Z,2026-08-21T14:03:35+0200,5cef1f60-1e78-40ab-8a35-fe731affab16,2026-08-02T11:00:00Z,2026-08-02T13:00:00+0200,-1.14,EUR/MWh,FR,FR,day_ahead_price,value,2026-08-21T12:09:10Z
2026-08-21T12:03:35Z,2026-08-21T14:03:35+0200,5cef1f60-1e78-40ab-8a35-fe731affab16,2026-08-02T11:15:00Z,2026-08-02T13:15:00+0200,-2.16,EUR/MWh,FR,FR,day_ahead_price,value,2026-08-21T12:09:10Z
2026-08-21T12:03:35Z,2026-08-21T14:03:35+0200,5cef1f60-1e78-40ab-8a35-fe731affab16,2026-08-02T11:30:00Z,2026-08-02T13:30:00+0200,-3.12,EUR/MWh,FR,FR,day_ahead_price,value,2026-08-21T12:09:10Z
2026-08-21T12:03:35Z,2026-08-21T14:03:35+0200,5cef1f60-1e78-40ab-8a35-fe731affab16,2026-08-02T11:45:00Z,2026-08-02T13:45:00+0200,-3.73,EUR/MWh,FR,FR,day_ahead_price,value,2026-08-21T12:09:10Z
2026-08-21T12:03:35Z,2026-08-21T14:03:35+0200,5cef1f60-1e78-40ab-8a35-fe731affab16,2026-08-02T12:00:00Z,2026-08-02T14:00:00+0200,-0.11,EUR/MWh,FR,FR,day_ahead_price,value,2026-08-21T12:09:10Z
2026-08-21T12:03:35Z,2026-08-21T14:03:35+0200,5cef1f60-1e78-40ab-8a35-fe731affab16,2026-08-02T12:15:00Z,2026-08-02T14:15:00+0200,-0.11,EUR/MWh,FR,FR,day_ahead_price,value,2026-08-21T12:09:10Z
2026-08-21T12:03:35Z,2026-08-21T14:03:35+0200,5cef1f60-1e78-40ab-8a35-fe731affab16,2026-08-02T12:30:00Z,2026-08-02T14:30:00+0200,-0.11,EUR/MWh,FR,FR,day_ahead_price,value,2026-08-21T12:09:10Z
2026-08-21T12:03:35Z,2026-08-21T14:03:35+0200,5cef1f60-1e78-40ab-8a35-fe731affab16,2026-08-02T12:45:00Z,2026-08-02T14:45:00+0200,-0.11,EUR/MWh,FR,FR,day_ahead_price,value,2026-08-21T12:09:10Z
2026-08-21T12:03:35Z,2026-08-21T14:03:35+0200,5cef1f60-1e78-40ab-8a35-fe731affab16,2026-08-02T13:00:00Z,2026-08-02T15:00:00+0200,-0.02,EUR/MWh,FR,FR,day_ahead_price,value,2026-08-21T12:09:10Z
2026-08-21T12:03:35Z,2026-08-21T14:03:35+0200,5cef1f60-1e78-40ab-8a35-fe731affab16,2026-08-02T13:15:00Z,2026-08-02T15:15:00+0200,-0.01,EUR/MWh,FR,FR,day_ahead_price,value,2026-08-21T12:09:10Z
2026-08-21T12:03:35Z,2026-08-21T14:03:35+0200,5cef1f60-1e78-40ab-8a35-fe731affab16,2026-08-02T13:30:00Z,2026-08-02T15:30:00+0200,-0.01,EUR/MWh,FR,FR,day_ahead_price,value,2026-08-21T12:09:10Z
2026-08-21T12:03:35Z,2026-08-21T14:03:35+0200,5cef1f60-1e78-40ab-8a35-fe731affab16,2026-08-02T13:45:00Z,2026-08-02T15:45:00+0200,0.0,EUR/MWh,FR,FR,day_ahead_price,value,2026-08-21T12:09:10Z
2026-08-21T12:03:35Z,2026-08-21T14:03:35+0200,5cef1f60-1e78-40ab-8a35-fe731affab16,2026-08-02T14:00:00Z,2026-08-02T16:00:00+0200,0.0,EUR/MWh,FR,FR,day_ahead_price,value,2026-08-21T12:09:10Z
2026-08-21T12:03:35Z,2026-08-21T14:03:35+0200,5cef1f60-1e78-40ab-8a35-fe731affab16,2026-08-02T14:15:00Z,2026-08-02T16:15:00+0200,0.0,EUR/MWh,FR,FR,day_ahead_price,value,2026-08-21T12:09:10Z
2026-08-21T12:03:35Z,2026-08-21T14:03:35+0200,5cef1f60-1e78-40ab-8a35-fe731affab16,2026-08-02T14:30:00Z,2026-08-02T16:30:00+0200,0.0,EUR/MWh,FR,FR,day_ahead_price,value,2026-08-21T12:09:10Z
2026-08-21T12:03:35Z,2026-08-21T14:03:35+0200,5cef1f60-1e78-40ab-8a35-fe731affab16,2026-08-02T14:45:00Z,2026-08-02T16:45:00+0200,0.01,EUR/MWh,FR,FR,day_ahead_price,value,2026-08-21T12:09:10Z
2026-08-21T12:03:35Z,2026-08-21T14:03:35+0200,5cef1f60-1e78-40ab-8a35-fe731affab16,2026-08-02T15:00:00Z,2026-08-02T17:00:00+0200,1.0,EUR/MWh,FR,FR,day_ahead_price,value,2026-08-21T12:09:10Z
2026-08-21T12:03:35Z,2026-08-21T14:03:35+0200,5cef1f60-1e78-40ab-8a35-fe731affab16,2026-08-02T15:15:00Z,2026-08-02T17:15:00+0200,1.08,EUR/MWh,FR,FR,day_ahead_price,value,2026-08-21T12:09:10Z
2026-08-21T12:03:35Z,2026-08-21T14:03:35+0200,5cef1f60-1e78-40ab-8a35-fe731affab16,2026-08-02T15:30:00Z,2026-08-02T17:30:00+0200,34.52,EUR/MWh,FR,FR,day_ahead_price,value,2026-08-21T12:09:10Z
2026-08-21T12:03:35Z,2026-08-21T14:03:35+0200,5cef1f60-1e78-40ab-8a35-fe731affab16,2026-08-02T15:45:00Z,2026-08-02T17:45:00+0200,102.81,EUR/MWh,FR,FR,day_ahead_price,value,2026-08-21T12:09:10Z
2026-08-21T12:03:35Z,2026-08-21T14:03:35+0200,5cef1f60-1e78-40ab-8a35-fe731affab16,2026-08-02T16:00:00Z,2026-08-02T18:00:00+0200,81.83,EUR/MWh,FR,FR,day_ahead_price,value,2026-08-21T12:09:10Z
2026-08-21T12:03:35Z,2026-08-21T14:03:35+0200,5cef1f60-1e78-40ab-8a35-fe731affab16,2026-08-02T16:15:00Z,2026-08-02T18:15:00+0200,114.82,EUR/MWh,FR,FR,day_ahead_price,value,2026-08-21T12:09:10Z
2026-08-21T12:03:35Z,2026-08-21T14:03:35+0200,5cef1f60-1e78-40ab-8a35-fe731affab16,2026-08-02T16:30:00Z,2026-08-02T18:30:00+0200,143.43,EUR/MWh,FR,FR,day_ahead_price,value,2026-08-21T12:09:10Z
2026-08-21T12:03:35Z,2026-08-21T14:03:35+0200,5cef1f60-1e78-40ab-8a35-fe731affab16,2026-08-02T16:45:00Z,2026-08-02T18:45:00+0200,177.32,EUR/MWh,FR,FR,day_ahead_price,value,2026-08-21T12:09:10Z
2026-08-21T12:03:35Z,2026-08-21T14:03:35+0200,5cef1f60-1e78-40ab-8a35-fe731affab16,2026-08-02T17:00:00Z,2026-08-02T19:00:00+0200,163.2,EUR/MWh,FR,FR,day_ahead_price,value,2026-08-21T12:09:10Z
2026-08-21T12:03:35Z,2026-08-21T14:03:35+0200,5cef1f60-1e78-40ab-8a35-fe731affab16,2026-08-02T17:15:00Z,2026-08-02T19:15:00+0200,170.08,EUR/MWh,FR,FR,day_ahead_price,value,2026-08-21T12:09:10Z
2026-08-21T12:03:35Z,2026-08-21T14:03:35+0200,5cef1f60-1e78-40ab-8a35-fe731affab16,2026-08-02T17:30:00Z,2026-08-02T19:30:00+0200,170.41,EUR/MWh,FR,FR,day_ahead_price,value,2026-08-21T12:09:10Z
2026-08-21T12:03:35Z,2026-08-21T14:03:35+0200,5cef1f60-1e78-40ab-8a35-fe731affab16,2026-08-02T17:45:00Z,2026-08-02T19:45:00+0200,176.35,EUR/MWh,FR,FR,day_ahead_price,value,2026-08-21T12:09:10Z
2026-08-21T12:03:35Z,2026-08-21T14:03:35+0200,5cef1f60-1e78-40ab-8a35-fe731affab16,2026-08-02T18:00:00Z,2026-08-02T20:00:00+0200,173.4,EUR/MWh,FR,FR,day_ahead_price,value,2026-08-21T12:09:10Z
2026-08-21T12:03:35Z,2026-08-21T14:03:35+0200,5cef1f60-1e78-40ab-8a35-fe731affab16,2026-08-02T18:15:00Z,2026-08-02T20:15:00+0200,182.33,EUR/MWh,FR,FR,day_ahead_price,value,2026-08-21T12:09:10Z
2026-08-21T12:03:35Z,2026-08-21T14:03:35+0200,5cef1f60-1e78-40ab-8a35-fe731affab16,2026-08-02T18:30:00Z,2026-08-02T20:30:00+0200,186.79,EUR/MWh,FR,FR,day_ahead_price,value,2026-08-21T12:09:10Z
2026-08-21T12:03:35Z,2026-08-21T14:03:35+0200,5cef1f60-1e78-40ab-8a35-fe731affab16,2026-08-02T18:45:00Z,2026-08-02T20:45:00+0200,193.01,EUR/MWh,FR,FR,day_ahead_price,value,2026-08-21T12:09:10Z
2026-08-21T12:03:35Z,2026-08-21T14:03:35+0200,5cef1f60-1e78-40ab-8a35-fe731affab16,2026-08-02T19:00:00Z,2026-08-02T21:00:00+0200,191.54,EUR/MWh,FR,FR,day_ahead_price,value,2026-08-21T12:09:10Z
2026-08-21T12:03:35Z,2026-08-21T14:03:35+0200,5cef1f60-1e78-40ab-8a35-fe731affab16,2026-08-02T19:15:00Z,2026-08-02T21:15:00+0200,183.01,EUR/MWh,FR,FR,day_ahead_price,value,2026-08-21T12:09:10Z
2026-08-21T12:03:35Z,2026-08-21T14:03:35+0200,5cef1f60-1e78-40ab-8a35-fe731affab16,2026-08-02T19:30:00Z,2026-08-02T21:30:00+0200,176.91,EUR/MWh,FR,FR,day_ahead_price,value,2026-08-21T12:09:10Z
2026-08-21T12:03:35Z,2026-08-21T14:03:35+0200,5cef1f60-1e78-40ab-8a35-fe731affab16,2026-08-02T19:45:00Z,2026-08-02T21:45:00+0200,167.92,EUR/MWh,FR,FR,day_ahead_price,value,2026-08-21T12:09:10Z
2026-08-21T12:03:35Z,2026-08-21T14:03:35+0200,5cef1f60-1e78-40ab-8a35-fe731affab16,2026-08-02T20:00:00Z,2026-08-02T22:00:00+0200,183.46,EUR/MWh,FR,FR,day_ahead_price,value,2026-08-21T12:09:10Z
2026-08-21T12:03:35Z,2026-08-21T14:03:35+0200,5cef1f60-1e78-40ab-8a35-fe731affab16,2026-08-02T20:15:00Z,2026-08-02T22:15:00+0200,171.39,EUR/MWh,FR,FR,day_ahead_price,value,2026-08-21T12:09:10Z
2026-08-21T12:03:35Z,2026-08-21T14:03:35+0200,5cef1f60-1e78-40ab-8a35-fe731affab16,2026-08-02T20:30:00Z,2026-08-02T22:30:00+0200,167.29,EUR/MWh,FR,FR,day_ahead_price,value,2026-08-21T12:09:10Z
2026-08-21T12:03:35Z,2026-08-21T14:03:35+0200,5cef1f60-1e78-40ab-8a35-fe731affab16,2026-08-02T20:45:00Z,2026-08-02T22:45:00+0200,159.94,EUR/MWh,FR,FR,day_ahead_price,value,2026-08-21T12:09:10Z
2026-08-21T12:03:35Z,2026-08-21T14:03:35+0200,5cef1f60-1e78-40ab-8a35-fe731affab16,2026-08-02T21:00:00Z,2026-08-02T23:00:00+0200,166.35,EUR/MWh,FR,FR,day_ahead_price,value,2026-08-21T12:09:10Z
2026-08-21T12:03:35Z,2026-08-21T14:03:35+0200,5cef1f60-1e78-40ab-8a35-fe731affab16,2026-08-02T21:15:00Z,2026-08-02T23:15:00+0200,158.54,EUR/MWh,FR,FR,day_ahead_price,value,2026-08-21T12:09:10Z
2026-08-21T12:03:35Z,2026-08-21T14:03:35+0200,5cef1f60-1e78-40ab-8a35-fe731affab16,2026-08-02T21:30:00Z,2026-08-02T23:30:00+0200,155.51,EUR/MWh,FR,FR,day_ahead_price,value,2026-08-21T12:09:10Z
2026-08-21T12:03:35Z,2026-08-21T14:03:35+0200,5cef1f60-1e78-40ab-8a35-fe731affab16,2026-08-02T21:45:00Z,2026-08-02T23:45:00+0200,146.86,EUR/MWh,FR,FR,day_ahead_price,value,2026-08-21T12:09:10Z
2026-08-21T12:03:35Z,2026-08-21T14:03:35+0200,5cef1f60-1e78-40ab-8a35-fe731affab16,2026-08-02T22:00:00Z,2026-08-03T00:00:00+0200,150.99,EUR/MWh,FR,FR,day_ahead_price,value,2026-08-21T12:09:10Z
2026-08-21T12:03:35Z,2026-08-21T14:03:35+0200,5cef1f60-1e78-40ab-8a35-fe731affab16,2026-08-02T22:15:00Z,2026-08-03T00:15:00+0200,146.65,EUR/MWh,FR,FR,day_ahead_price,value,2026-08-21T12:09:10Z
2026-08-21T12:03:35Z,2026-08-21T14:03:35+0200,5cef1f60-1e78-40ab-8a35-fe731affab16,2026-08-02T22:30:00Z,2026-08-03T00:30:00+0200,141.53,EUR/MWh,FR,FR,day_ahead_price,value,2026-08-21T12:09:10Z
2026-08-21T12:03:35Z,2026-08-21T14:03:35+0200,5cef1f60-1e78-40ab-8a35-fe731affab16,2026-08-02T22:45:00Z,2026-08-03T00:45:00+0200,138.43,EUR/MWh,FR,FR,day_ahead_price,value,2026-08-21T12:09:10Z
2026-08-21T12:03:35Z,2026-08-21T14:03:35+0200,5cef1f60-1e78-40ab-8a35-fe731affab16,2026-08-02T23:00:00Z,2026-08-03T01:00:00+0200,141.78,EUR/MWh,FR,FR,day_ahead_price,value,2026-08-21T12:09:10Z
2026-08-21T12:03:35Z,2026-08-21T14:03:35+0200,5cef1f60-1e78-40ab-8a35-fe731affab16,2026-08-02T23:15:00Z,2026-08-03T01:15:00+0200,137.83,EUR/MWh,FR,FR,day_ahead_price,value,2026-08-21T12:09:10Z
2026-08-21T12:03:35Z,2026-08-21T14:03:35+0200,5cef1f60-1e78-40ab-8a35-fe731affab16,2026-08-02T23:30:00Z,2026-08-03T01:30:00+0200,138.67,EUR/MWh,FR,FR,day_ahead_price,value,2026-08-21T12:09:10Z
2026-08-21T12:03:35Z,2026-08-21T14:03:35+0200,5cef1f60-1e78-40ab-8a35-fe731affab16,2026-08-02T23:45:00Z,2026-08-03T01:45:00+0200,135.76,EUR/MWh,FR,FR,day_ahead_price,value,2026-08-21T12:09:10Z
2026-08-21T12:03:35Z,2026-08-21T14:03:35+0200,5cef1f60-1e78-40ab-8a35-fe731affab16,2026-08-03T00:00:00Z,2026-08-03T02:00:00+0200,136.79,EUR/MWh,FR,FR,day_ahead_price,value,2026-08-21T12:09:10Z
2026-08-21T12:03:35Z,2026-08-21T14:03:35+0200,5cef1f60-1e78-40ab-8a35-fe731affab16,2026-08-03T00:15:00Z,2026-08-03T02:15:00+0200,134.91,EUR/MWh,FR,FR,day_ahead_price,value,2026-08-21T12:09:10Z
2026-08-21T12:03:35Z,2026-08-21T14:03:35+0200,5cef1f60-1e78-40ab-8a35-fe731affab16,2026-08-03T00:30:00Z,2026-08-03T02:30:00+0200,134.05,EUR/MWh,FR,FR,day_ahead_price,value,2026-08-21T12:09:10Z
2026-08-21T12:03:35Z,2026-08-21T14:03:35+0200,5cef1f60-1e78-40ab-8a35-fe731affab16,2026-08-03T00:45:00Z,2026-08-03T02:45:00+0200,133.34,EUR/MWh,FR,FR,day_ahead_price,value,2026-08-21T12:09:10Z
2026-08-21T12:03:35Z,2026-08-21T14:03:35+0200,5cef1f60-1e78-40ab-8a35-fe731affab16,2026-08-03T01:00:00Z,2026-08-03T03:00:00+0200,130.07,EUR/MWh,FR,FR,day_ahead_price,value,2026-08-21T12:09:10Z
2026-08-21T12:03:35Z,2026-08-21T14:03:35+0200,5cef1f60-1e78-40ab-8a35-fe731affab16,2026-08-03T01:15:00Z,2026-08-03T03:15:00+0200,129.14,EUR/MWh,FR,FR,day_ahead_price,value,2026-08-21T12:09:10Z
2026-08-21T12:03:35Z,2026-08-21T14:03:35+0200,5cef1f60-1e78-40ab-8a35-fe731affab16,2026-08-03T01:30:00Z,2026-08-03T03:30:00+0200,131.47,EUR/MWh,FR,FR,day_ahead_price,value,2026-08-21T12:09:10Z
2026-08-21T12:03:35Z,2026-08-21T14:03:35+0200,5cef1f60-1e78-40ab-8a35-fe731affab16,2026-08-03T01:45:00Z,2026-08-03T03:45:00+0200,133.25,EUR/MWh,FR,FR,day_ahead_price,value,2026-08-21T12:09:10Z
2026-08-21T12:03:35Z,2026-08-21T14:03:35+0200,5cef1f60-1e78-40ab-8a35-fe731affab16,2026-08-03T02:00:00Z,2026-08-03T04:00:00+0200,128.57,EUR/MWh,FR,FR,day_ahead_price,value,2026-08-21T12:09:10Z
2026-08-21T12:03:35Z,2026-08-21T14:03:35+0200,5cef1f60-1e78-40ab-8a35-fe731affab16,2026-08-03T02:15:00Z,2026-08-03T04:15:00+0200,131.02,EUR/MWh,FR,FR,day_ahead_price,value,2026-08-21T12:09:10Z
2026-08-21T12:03:35Z,2026-08-21T14:03:35+0200,5cef1f60-1e78-40ab-8a35-fe731affab16,2026-08-03T02:30:00Z,2026-08-03T04:30:00+0200,133.37,EUR/MWh,FR,FR,day_ahead_price,value,2026-08-21T12:09:10Z
2026-08-21T12:03:35Z,2026-08-21T14:03:35+0200,5cef1f60-1e78-40ab-8a35-fe731affab16,2026-08-03T02:45:00Z,2026-08-03T04:45:00+0200,137.19,EUR/MWh,FR,FR,day_ahead_price,value,2026-08-21T12:09:10Z
2026-08-21T12:03:35Z,2026-08-21T14:03:35+0200,5cef1f60-1e78-40ab-8a35-fe731affab16,2026-08-03T03:00:00Z,2026-08-03T05:00:00+0200,122.92,EUR/MWh,FR,FR,day_ahead_price,value,2026-08-21T12:09:10Z
2026-08-21T12:03:35Z,2026-08-21T14:03:35+0200,5cef1f60-1e78-40ab-8a35-fe731affab16,2026-08-03T03:15:00Z,2026-08-03T05:15:00+0200,136.63,EUR/MWh,FR,FR,day_ahead_price,value,2026-08-21T12:09:10Z
2026-08-21T12:03:35Z,2026-08-21T14:03:35+0200,5cef1f60-1e78-40ab-8a35-fe731affab16,2026-08-03T03:30:00Z,2026-08-03T05:30:00+0200,144.16,EUR/MWh,FR,FR,day_ahead_price,value,2026-08-21T12:09:10Z
2026-08-21T12:03:35Z,2026-08-21T14:03:35+0200,5cef1f60-1e78-40ab-8a35-fe731affab16,2026-08-03T03:45:00Z,2026-08-03T05:45:00+0200,151.13,EUR/MWh,FR,FR,day_ahead_price,value,2026-08-21T12:09:10Z
2026-08-21T12:03:35Z,2026-08-21T14:03:35+0200,5cef1f60-1e78-40ab-8a35-fe731affab16,2026-08-03T04:00:00Z,2026-08-03T06:00:00+0200,142.23,EUR/MWh,FR,FR,day_ahead_price,value,2026-08-21T12:09:10Z
2026-08-21T12:03:35Z,2026-08-21T14:03:35+0200,5cef1f60-1e78-40ab-8a35-fe731affab16,2026-08-03T04:15:00Z,2026-08-03T06:15:00+0200,158.26,EUR/MWh,FR,FR,day_ahead_price,value,2026-08-21T12:09:10Z
2026-08-21T12:03:35Z,2026-08-21T14:03:35+0200,5cef1f60-1e78-40ab-8a35-fe731affab16,2026-08-03T04:30:00Z,2026-08-03T06:30:00+0200,148.97,EUR/MWh,FR,FR,day_ahead_price,value,2026-08-21T12:09:10Z
2026-08-21T12:03:35Z,2026-08-21T14:03:35+0200,5cef1f60-1e78-40ab-8a35-fe731affab16,2026-08-03T04:45:00Z,2026-08-03T06:45:00+0200,148.13,EUR/MWh,FR,FR,day_ahead_price,value,2026-08-21T12:09:10Z
2026-08-21T12:03:35Z,2026-08-21T14:03:35+0200,5cef1f60-1e78-40ab-8a35-fe731affab16,2026-08-03T05:00:00Z,2026-08-03T07:00:00+0200,159.31,EUR/MWh,FR,FR,day_ahead_price,value,2026-08-21T12:09:10Z
2026-08-21T12:03:35Z,2026-08-21T14:03:35+0200,5cef1f60-1e78-40ab-8a35-fe731affab16,2026-08-03T05:15:00Z,2026-08-03T07:15:00+0200,162.5,EUR/MWh,FR,FR,day_ahead_price,value,2026-08-21T12:09:10Z
2026-08-21T12:03:35Z,2026-08-21T14:03:35+0200,5cef1f60-1e78-40ab-8a35-fe731affab16,2026-08-03T05:30:00Z,2026-08-03T07:30:00+0200,161.83,EUR/MWh,FR,FR,day_ahead_price,value,2026-08-21T12:09:10Z
2026-08-21T12:03:35Z,2026-08-21T14:03:35+0200,5cef1f60-1e78-40ab-8a35-fe731affab16,2026-08-03T05:45:00Z,2026-08-03T07:45:00+0200,155.63,EUR/MWh,FR,FR,day_ahead_price,value,2026-08-21T12:09:10Z
2026-08-21T12:03:35Z,2026-08-21T14:03:35+0200,5cef1f60-1e78-40ab-8a35-fe731affab16,2026-08-03T06:00:00Z,2026-08-03T08:00:00+0200,167.27,EUR/MWh,FR,FR,day_ahead_price,value,2026-08-21T12:09:10Z
2026-08-21T12:03:35Z,2026-08-21T14:03:35+0200,5cef1f60-1e78-40ab-8a35-fe731affab16,2026-08-03T06:15:00Z,2026-08-03T08:15:00+0200,156.95,EUR/MWh,FR,FR,day_ahead_price,value,2026-08-21T12:09:10Z
2026-08-21T12:03:35Z,2026-08-21T14:03:35+0200,5cef1f60-1e78-40ab-8a35-fe731affab16,2026-08-03T06:30:00Z,2026-08-03T08:30:00+0200,150.23,EUR/MWh,FR,FR,day_ahead_price,value,2026-08-21T12:09:10Z
2026-08-21T12:03:35Z,2026-08-21T14:03:35+0200,5cef1f60-1e78-40ab-8a35-fe731affab16,2026-08-03T06:45:00Z,2026-08-03T08:45:00+0200,125.55,EUR/MWh,FR,FR,day_ahead_price,value,2026-08-21T12:09:10Z
2026-08-21T12:03:35Z,2026-08-21T14:03:35+0200,5cef1f60-1e78-40ab-8a35-fe731affab16,2026-08-03T07:00:00Z,2026-08-03T09:00:00+0200,163.11,EUR/MWh,FR,FR,day_ahead_price,value,2026-08-21T12:09:10Z
2026-08-21T12:03:35Z,2026-08-21T14:03:35+0200,5cef1f60-1e78-40ab-8a35-fe731affab16,2026-08-03T07:15:00Z,2026-08-03T09:15:00+0200,134.68,EUR/MWh,FR,FR,day_ahead_price,value,2026-08-21T12:09:10Z
2026-08-21T12:03:35Z,2026-08-21T14:03:35+0200,5cef1f60-1e78-40ab-8a35-fe731affab16,2026-08-03T07:30:00Z,2026-08-03T09:30:00+0200,129.62,EUR/MWh,FR,FR,day_ahead_price,value,2026-08-21T12:09:10Z
2026-08-21T12:03:35Z,2026-08-21T14:03:35+0200,5cef1f60-1e78-40ab-8a35-fe731affab16,2026-08-03T07:45:00Z,2026-08-03T09:45:00+0200,124.91,EUR/MWh,FR,FR,day_ahead_price,value,2026-08-21T12:09:10Z
2026-08-21T12:03:35Z,2026-08-21T14:03:35+0200,5cef1f60-1e78-40ab-8a35-fe731affab16,2026-08-03T08:00:00Z,2026-08-03T10:00:00+0200,136.32,EUR/MWh,FR,FR,day_ahead_price,value,2026-08-21T12:09:10Z
2026-08-21T12:03:35Z,2026-08-21T14:03:35+0200,5cef1f60-1e78-40ab-8a35-fe731affab16,2026-08-03T08:15:00Z,2026-08-03T10:15:00+0200,123.52,EUR/MWh,FR,FR,day_ahead_price,value,2026-08-21T12:09:10Z
2026-08-21T12:03:35Z,2026-08-21T14:03:35+0200,5cef1f60-1e78-40ab-8a35-fe731affab16,2026-08-03T08:30:00Z,2026-08-03T10:30:00+0200,113.72,EUR/MWh,FR,FR,day_ahead_price,value,2026-08-21T12:09:10Z
2026-08-21T12:03:35Z,2026-08-21T14:03:35+0200,5cef1f60-1e78-40ab-8a35-fe731affab16,2026-08-03T08:45:00Z,2026-08-03T10:45:00+0200,91.12,EUR/MWh,FR,FR,day_ahead_price,value,2026-08-21T12:09:10Z
2026-08-21T12:03:35Z,2026-08-21T14:03:35+0200,5cef1f60-1e78-40ab-8a35-fe731affab16,2026-08-03T09:00:00Z,2026-08-03T11:00:00+0200,101.05,EUR/MWh,FR,FR,day_ahead_price,value,2026-08-21T12:09:10Z
2026-08-21T12:03:35Z,2026-08-21T14:03:35+0200,5cef1f60-1e78-40ab-8a35-fe731affab16,2026-08-03T09:15:00Z,2026-08-03T11:15:00+0200,101.8,EUR/MWh,FR,FR,day_ahead_price,value,2026-08-21T12:09:10Z
2026-08-21T12:03:35Z,2026-08-21T14:03:35+0200,5cef1f60-1e78-40ab-8a35-fe731affab16,2026-08-03T09:30:00Z,2026-08-03T11:30:00+0200,99.88,EUR/MWh,FR,FR,day_ahead_price,value,2026-08-21T12:09:10Z
2026-08-21T12:03:35Z,2026-08-21T14:03:35+0200,5cef1f60-1e78-40ab-8a35-fe731affab16,2026-08-03T09:45:00Z,2026-08-03T11:45:00+0200,92.84,EUR/MWh,FR,FR,day_ahead_price,value,2026-08-21T12:09:10Z
2026-08-21T12:03:35Z,2026-08-21T14:03:35+0200,5cef1f60-1e78-40ab-8a35-fe731affab16,2026-08-03T10:00:00Z,2026-08-03T12:00:00+0200,98.19,EUR/MWh,FR,FR,day_ahead_price,value,2026-08-21T12:09:10Z
2026-08-21T12:03:35Z,2026-08-21T14:03:35+0200,5cef1f60-1e78-40ab-8a35-fe731affab16,2026-08-03T10:15:00Z,2026-08-03T12:15:00+0200,94.15,EUR/MWh,FR,FR,day_ahead_price,value,2026-08-21T12:09:10Z
2026-08-21T12:03:35Z,2026-08-21T14:03:35+0200,5cef1f60-1e78-40ab-8a35-fe731affab16,2026-08-03T10:30:00Z,2026-08-03T12:30:00+0200,76.19,EUR/MWh,FR,FR,day_ahead_price,value,2026-08-21T12:09:10Z
2026-08-21T12:03:35Z,2026-08-21T14:03:35+0200,5cef1f60-1e78-40ab-8a35-fe731affab16,2026-08-03T10:45:00Z,2026-08-03T12:45:00+0200,34.26,EUR/MWh,FR,FR,day_ahead_price,value,2026-08-21T12:09:10Z
2026-08-21T12:03:35Z,2026-08-21T14:03:35+0200,5cef1f60-1e78-40ab-8a35-fe731affab16,2026-08-03T11:00:00Z,2026-08-03T13:00:00+0200,77.5,EUR/MWh,FR,FR,day_ahead_price,value,2026-08-21T12:09:10Z
2026-08-21T12:03:35Z,2026-08-21T14:03:35+0200,5cef1f60-1e78-40ab-8a35-fe731affab16,2026-08-03T11:15:00Z,2026-08-03T13:15:00+0200,53.96,EUR/MWh,FR,FR,day_ahead_price,value,2026-08-21T12:09:10Z
2026-08-21T12:03:35Z,2026-08-21T14:03:35+0200,5cef1f60-1e78-40ab-8a35-fe731affab16,2026-08-03T11:30:00Z,2026-08-03T13:30:00+0200,27.99,EUR/MWh,FR,FR,day_ahead_price,value,2026-08-21T12:09:10Z
2026-08-21T12:03:35Z,2026-08-21T14:03:35+0200,5cef1f60-1e78-40ab-8a35-fe731affab16,2026-08-03T11:45:00Z,2026-08-03T13:45:00+0200,29.51,EUR/MWh,FR,FR,day_ahead_price,value,2026-08-21T12:09:10Z
2026-08-21T12:03:35Z,2026-08-21T14:03:35+0200,5cef1f60-1e78-40ab-8a35-fe731affab16,2026-08-03T12:00:00Z,2026-08-03T14:00:00+0200,51.33,EUR/MWh,FR,FR,day_ahead_price,value,2026-08-21T12:09:10Z
2026-08-21T12:03:35Z,2026-08-21T14:03:35+0200,5cef1f60-1e78-40ab-8a35-fe731affab16,2026-08-03T12:15:00Z,2026-08-03T14:15:00+0200,45.87,EUR/MWh,FR,FR,day_ahead_price,value,2026-08-21T12:09:10Z
2026-08-21T12:03:35Z,2026-08-21T14:03:35+0200,5cef1f60-1e78-40ab-8a35-fe731affab16,2026-08-03T12:30:00Z,2026-08-03T14:30:00+0200,63.42,EUR/MWh,FR,FR,day_ahead_price,value,2026-08-21T12:09:10Z
2026-08-21T12:03:35Z,2026-08-21T14:03:35+0200,5cef1f60-1e78-40ab-8a35-fe731affab16,2026-08-03T12:45:00Z,2026-08-03T14:45:00+0200,75.0,EUR/MWh,FR,FR,day_ahead_price,value,2026-08-21T12:09:10Z
2026-08-21T12:03:35Z,2026-08-21T14:03:35+0200,5cef1f60-1e78-40ab-8a35-fe731affab16,2026-08-03T13:00:00Z,2026-08-03T15:00:00+0200,80.2,EUR/MWh,FR,FR,day_ahead_price,value,2026-08-21T12:09:10Z
2026-08-21T12:03:35Z,2026-08-21T14:03:35+0200,5cef1f60-1e78-40ab-8a35-fe731affab16,2026-08-03T13:15:00Z,2026-08-03T15:15:00+0200,80.04,EUR/MWh,FR,FR,day_ahead_price,value,2026-08-21T12:09:10Z
2026-08-21T12:03:35Z,2026-08-21T14:03:35+0200,5cef1f60-1e78-40ab-8a35-fe731affab16,2026-08-03T13:30:00Z,2026-08-03T15:30:00+0200,82.4,EUR/MWh,FR,FR,day_ahead_price,value,2026-08-21T12:09:10Z
2026-08-21T12:03:35Z,2026-08-21T14:03:35+0200,5cef1f60-1e78-40ab-8a35-fe731affab16,2026-08-03T13:45:00Z,2026-08-03T15:45:00+0200,85.2,EUR/MWh,FR,FR,day_ahead_price,value,2026-08-21T12:09:10Z
2026-08-21T12:03:35Z,2026-08-21T14:03:35+0200,5cef1f60-1e78-40ab-8a35-fe731affab16,2026-08-03T14:00:00Z,2026-08-03T16:00:00+0200,88.22,EUR/MWh,FR,FR,day_ahead_price,value,2026-08-21T12:09:10Z
2026-08-21T12:03:35Z,2026-08-21T14:03:35+0200,5cef1f60-1e78-40ab-8a35-fe731affab16,2026-08-03T14:15:00Z,2026-08-03T16:15:00+0200,96.86,EUR/MWh,FR,FR,day_ahead_price,value,2026-08-21T12:09:10Z
2026-08-21T12:03:35Z,2026-08-21T14:03:35+0200,5cef1f60-1e78-40ab-8a35-fe731affab16,2026-08-03T14:30:00Z,2026-08-03T16:30:00+0200,110.23,EUR/MWh,FR,FR,day_ahead_price,value,2026-08-21T12:09:10Z
2026-08-21T12:03:35Z,2026-08-21T14:03:35+0200,5cef1f60-1e78-40ab-8a35-fe731affab16,2026-08-03T14:45:00Z,2026-08-03T16:45:00+0200,124.69,EUR/MWh,FR,FR,day_ahead_price,value,2026-08-21T12:09:10Z
2026-08-21T12:03:35Z,2026-08-21T14:03:35+0200,5cef1f60-1e78-40ab-8a35-fe731affab16,2026-08-03T15:00:00Z,2026-08-03T17:00:00+0200,116.67,EUR/MWh,FR,FR,day_ahead_price,value,2026-08-21T12:09:10Z
2026-08-21T12:03:35Z,2026-08-21T14:03:35+0200,5cef1f60-1e78-40ab-8a35-fe731affab16,2026-08-03T15:15:00Z,2026-08-03T17:15:00+0200,124.63,EUR/MWh,FR,FR,day_ahead_price,value,2026-08-21T12:09:10Z
2026-08-21T12:03:35Z,2026-08-21T14:03:35+0200,5cef1f60-1e78-40ab-8a35-fe731affab16,2026-08-03T15:30:00Z,2026-08-03T17:30:00+0200,144.57,EUR/MWh,FR,FR,day_ahead_price,value,2026-08-21T12:09:10Z
2026-08-21T12:03:35Z,2026-08-21T14:03:35+0200,5cef1f60-1e78-40ab-8a35-fe731affab16,2026-08-03T15:45:00Z,2026-08-03T17:45:00+0200,163.85,EUR/MWh,FR,FR,day_ahead_price,value,2026-08-21T12:09:10Z
2026-08-21T12:03:35Z,2026-08-21T14:03:35+0200,5cef1f60-1e78-40ab-8a35-fe731affab16,2026-08-03T16:00:00Z,2026-08-03T18:00:00+0200,115.27,EUR/MWh,FR,FR,day_ahead_price,value,2026-08-21T12:09:10Z
2026-08-21T12:03:35Z,2026-08-21T14:03:35+0200,5cef1f60-1e78-40ab-8a35-fe731affab16,2026-08-03T16:15:00Z,2026-08-03T18:15:00+0200,151.65,EUR/MWh,FR,FR,day_ahead_price,value,2026-08-21T12:09:10Z
2026-08-21T12:03:35Z,2026-08-21T14:03:35+0200,5cef1f60-1e78-40ab-8a35-fe731affab16,2026-08-03T16:30:00Z,2026-08-03T18:30:00+0200,151.54,EUR/MWh,FR,FR,day_ahead_price,value,2026-08-21T12:09:10Z
2026-08-21T12:03:35Z,2026-08-21T14:03:35+0200,5cef1f60-1e78-40ab-8a35-fe731affab16,2026-08-03T16:45:00Z,2026-08-03T18:45:00+0200,181.52,EUR/MWh,FR,FR,day_ahead_price,value,2026-08-21T12:09:10Z
2026-08-21T12:03:35Z,2026-08-21T14:03:35+0200,5cef1f60-1e78-40ab-8a35-fe731affab16,2026-08-03T17:00:00Z,2026-08-03T19:00:00+0200,141.5,EUR/MWh,FR,FR,day_ahead_price,value,2026-08-21T12:09:10Z
2026-08-21T12:03:35Z,2026-08-21T14:03:35+0200,5cef1f60-1e78-40ab-8a35-fe731affab16,2026-08-03T17:15:00Z,2026-08-03T19:15:00+0200,178.34,EUR/MWh,FR,FR,day_ahead_price,value,2026-08-21T12:09:10Z
2026-08-21T12:03:35Z,2026-08-21T14:03:35+0200,5cef1f60-1e78-40ab-8a35-fe731affab16,2026-08-03T17:30:00Z,2026-08-03T19:30:00+0200,182.4,EUR/MWh,FR,FR,day_ahead_price,value,2026-08-21T12:09:10Z
2026-08-21T12:03:35Z,2026-08-21T14:03:35+0200,5cef1f60-1e78-40ab-8a35-fe731affab16,2026-08-03T17:45:00Z,2026-08-03T19:45:00+0200,196.68,EUR/MWh,FR,FR,day_ahead_price,value,2026-08-21T12:09:10Z
2026-08-21T12:03:35Z,2026-08-21T14:03:35+0200,5cef1f60-1e78-40ab-8a35-fe731affab16,2026-08-03T18:00:00Z,2026-08-03T20:00:00+0200,173.15,EUR/MWh,FR,FR,day_ahead_price,value,2026-08-21T12:09:10Z
2026-08-21T12:03:35Z,2026-08-21T14:03:35+0200,5cef1f60-1e78-40ab-8a35-fe731affab16,2026-08-03T18:15:00Z,2026-08-03T20:15:00+0200,183.36,EUR/MWh,FR,FR,day_ahead_price,value,2026-08-21T12:09:10Z
2026-08-21T12:03:35Z,2026-08-21T14:03:35+0200,5cef1f60-1e78-40ab-8a35-fe731affab16,2026-08-03T18:30:00Z,2026-08-03T20:30:00+0200,190.6,EUR/MWh,FR,FR,day_ahead_price,value,2026-08-21T12:09:10Z
2026-08-21T12:03:35Z,2026-08-21T14:03:35+0200,5cef1f60-1e78-40ab-8a35-fe731affab16,2026-08-03T18:45:00Z,2026-08-03T20:45:00+0200,201.97,EUR/MWh,FR,FR,day_ahead_price,value,2026-08-21T12:09:10Z
2026-08-21T12:03:35Z,2026-08-21T14:03:35+0200,5cef1f60-1e78-40ab-8a35-fe731affab16,2026-08-03T19:00:00Z,2026-08-03T21:00:00+0200,197.61,EUR/MWh,FR,FR,day_ahead_price,value,2026-08-21T12:09:10Z
2026-08-21T12:03:35Z,2026-08-21T14:03:35+0200,5cef1f60-1e78-40ab-8a35-fe731affab16,2026-08-03T19:15:00Z,2026-08-03T21:15:00+0200,189.77,EUR/MWh,FR,FR,day_ahead_price,value,2026-08-21T12:09:10Z
2026-08-21T12:03:35Z,2026-08-21T14:03:35+0200,5cef1f60-1e78-40ab-8a35-fe731affab16,2026-08-03T19:30:00Z,2026-08-03T21:30:00+0200,184.94,EUR/MWh,FR,FR,day_ahead_price,value,2026-08-21T12:09:10Z
2026-08-21T12:03:35Z,2026-08-21T14:03:35+0200,5cef1f60-1e78-40ab-8a35-fe731affab16,2026-08-03T19:45:00Z,2026-08-03T21:45:00+0200,173.2,EUR/MWh,FR,FR,day_ahead_price,value,2026-08-21T12:09:10Z
2026-08-21T12:03:35Z,2026-08-21T14:03:35+0200,5cef1f60-1e78-40ab-8a35-fe731affab16,2026-08-03T20:00:00Z,2026-08-03T22:00:00+0200,187.15,EUR/MWh,FR,FR,day_ahead_price,value,2026-08-21T12:09:10Z
2026-08-21T12:03:35Z,2026-08-21T14:03:35+0200,5cef1f60-1e78-40ab-8a35-fe731affab16,2026-08-03T20:15:00Z,2026-08-03T22:15:00+0200,178.66,EUR/MWh,FR,FR,day_ahead_price,value,2026-08-21T12:09:10Z
2026-08-21T12:03:35Z,2026-08-21T14:03:35+0200,5cef1f60-1e78-40ab-8a35-fe731affab16,2026-08-03T20:30:00Z,2026-08-03T22:30:00+0200,175.67,EUR/MWh,FR,FR,day_ahead_price,value,2026-08-21T12:09:10Z
2026-08-21T12:03:35Z,2026-08-21T14:03:35+0200,5cef1f60-1e78-40ab-8a35-fe731affab16,2026-08-03T20:45:00Z,2026-08-03T22:45:00+0200,167.61,EUR/MWh,FR,FR,day_ahead_price,value,2026-08-21T12:09:10Z
2026-08-21T12:03:35Z,2026-08-21T14:03:35+0200,5cef1f60-1e78-40ab-8a35-fe731affab16,2026-08-03T21:00:00Z,2026-08-03T23:00:00+0200,168.91,EUR/MWh,FR,FR,day_ahead_price,value,2026-08-21T12:09:10Z
2026-08-21T12:03:35Z,2026-08-21T14:03:35+0200,5cef1f60-1e78-40ab-8a35-fe731affab16,2026-08-03T21:15:00Z,2026-08-03T23:15:00+0200,162.03,EUR/MWh,FR,FR,day_ahead_price,value,2026-08-21T12:09:10Z
2026-08-21T12:03:35Z,2026-08-21T14:03:35+0200,5cef1f60-1e78-40ab-8a35-fe731affab16,2026-08-03T21:30:00Z,2026-08-03T23:30:00+0200,157.86,EUR/MWh,FR,FR,day_ahead_price,value,2026-08-21T12:09:10Z
2026-08-21T12:03:35Z,2026-08-21T14:03:35+0200,5cef1f60-1e78-40ab-8a35-fe731affab16,2026-08-03T21:45:00Z,2026-08-03T23:45:00+0200,148.63,EUR/MWh,FR,FR,day_ahead_price,value,2026-08-21T12:09:10Z
2026-08-21T12:03:35Z,2026-08-21T14:03:35+0200,5cef1f60-1e78-40ab-8a35-fe731affab16,2026-08-03T22:00:00Z,2026-08-04T00:00:00+0200,171.23,EUR/MWh,FR,FR,day_ahead_price,value,2026-08-21T12:09:10Z
2026-08-21T12:03:35Z,2026-08-21T14:03:35+0200,5cef1f60-1e78-40ab-8a35-fe731affab16,2026-08-03T22:15:00Z,2026-08-04T00:15:00+0200,154.76,EUR/MWh,FR,FR,day_ahead_price,value,2026-08-21T12:09:10Z
2026-08-21T12:03:35Z,2026-08-21T14:03:35+0200,5cef1f60-1e78-40ab-8a35-fe731affab16,2026-08-03T22:30:00Z,2026-08-04T00:30:00+0200,153.32,EUR/MWh,FR,FR,day_ahead_price,value,2026-08-21T12:09:10Z
2026-08-21T12:03:35Z,2026-08-21T14:03:35+0200,5cef1f60-1e78-40ab-8a35-fe731affab16,2026-08-03T22:45:00Z,2026-08-04T00:45:00+0200,145.49,EUR/MWh,FR,FR,day_ahead_price,value,2026-08-21T12:09:10Z
2026-08-21T12:03:35Z,2026-08-21T14:03:35+0200,5cef1f60-1e78-40ab-8a35-fe731affab16,2026-08-03T23:00:00Z,2026-08-04T01:00:00+0200,153.25,EUR/MWh,FR,FR,day_ahead_price,value,2026-08-21T12:09:10Z
2026-08-21T12:03:35Z,2026-08-21T14:03:35+0200,5cef1f60-1e78-40ab-8a35-fe731affab16,2026-08-03T23:15:00Z,2026-08-04T01:15:00+0200,146.75,EUR/MWh,FR,FR,day_ahead_price,value,2026-08-21T12:09:10Z
2026-08-21T12:03:35Z,2026-08-21T14:03:35+0200,5cef1f60-1e78-40ab-8a35-fe731affab16,2026-08-03T23:30:00Z,2026-08-04T01:30:00+0200,145.87,EUR/MWh,FR,FR,day_ahead_price,value,2026-08-21T12:09:10Z
2026-08-21T12:03:35Z,2026-08-21T14:03:35+0200,5cef1f60-1e78-40ab-8a35-fe731affab16,2026-08-03T23:45:00Z,2026-08-04T01:45:00+0200,141.43,EUR/MWh,FR,FR,day_ahead_price,value,2026-08-21T12:09:10Z
2026-08-21T12:03:35Z,2026-08-21T14:03:35+0200,5cef1f60-1e78-40ab-8a35-fe731affab16,2026-08-04T00:00:00Z,2026-08-04T02:00:00+0200,142.81,EUR/MWh,FR,FR,day_ahead_price,value,2026-08-21T12:09:10Z
2026-08-21T12:03:35Z,2026-08-21T14:03:35+0200,5cef1f60-1e78-40ab-8a35-fe731affab16,2026-08-04T00:15:00Z,2026-08-04T02:15:00+0200,142.2,EUR/MWh,FR,FR,day_ahead_price,value,2026-08-21T12:09:10Z
2026-08-21T12:03:35Z,2026-08-21T14:03:35+0200,5cef1f60-1e78-40ab-8a35-fe731affab16,2026-08-04T00:30:00Z,2026-08-04T02:30:00+0200,141.12,EUR/MWh,FR,FR,day_ahead_price,value,2026-08-21T12:09:10Z
2026-08-21T12:03:35Z,2026-08-21T14:03:35+0200,5cef1f60-1e78-40ab-8a35-fe731affab16,2026-08-04T00:45:00Z,2026-08-04T02:45:00+0200,136.59,EUR/MWh,FR,FR,day_ahead_price,value,2026-08-21T12:09:10Z
2026-08-21T12:03:35Z,2026-08-21T14:03:35+0200,5cef1f60-1e78-40ab-8a35-fe731affab16,2026-08-04T01:00:00Z,2026-08-04T03:00:00+0200,134.56,EUR/MWh,FR,FR,day_ahead_price,value,2026-08-21T12:09:10Z
2026-08-21T12:03:35Z,2026-08-21T14:03:35+0200,5cef1f60-1e78-40ab-8a35-fe731affab16,2026-08-04T01:15:00Z,2026-08-04T03:15:00+0200,129.52,EUR/MWh,FR,FR,day_ahead_price,value,2026-08-21T12:09:10Z
2026-08-21T12:03:35Z,2026-08-21T14:03:35+0200,5cef1f60-1e78-40ab-8a35-fe731affab16,2026-08-04T01:30:00Z,2026-08-04T03:30:00+0200,139.78,EUR/MWh,FR,FR,day_ahead_price,value,2026-08-21T12:09:10Z
2026-08-21T12:03:35Z,2026-08-21T14:03:35+0200,5cef1f60-1e78-40ab-8a35-fe731affab16,2026-08-04T01:45:00Z,2026-08-04T03:45:00+0200,140.03,EUR/MWh,FR,FR,day_ahead_price,value,2026-08-21T12:09:10Z
2026-08-21T12:03:35Z,2026-08-21T14:03:35+0200,5cef1f60-1e78-40ab-8a35-fe731affab16,2026-08-04T02:00:00Z,2026-08-04T04:00:00+0200,138.87,EUR/MWh,FR,FR,day_ahead_price,value,2026-08-21T12:09:10Z
2026-08-21T12:03:35Z,2026-08-21T14:03:35+0200,5cef1f60-1e78-40ab-8a35-fe731affab16,2026-08-04T02:15:00Z,2026-08-04T04:15:00+0200,135.58,EUR/MWh,FR,FR,day_ahead_price,value,2026-08-21T12:09:10Z
2026-08-21T12:03:35Z,2026-08-21T14:03:35+0200,5cef1f60-1e78-40ab-8a35-fe731affab16,2026-08-04T02:30:00Z,2026-08-04T04:30:00+0200,137.33,EUR/MWh,FR,FR,day_ahead_price,value,2026-08-21T12:09:10Z
2026-08-21T12:03:35Z,2026-08-21T14:03:35+0200,5cef1f60-1e78-40ab-8a35-fe731affab16,2026-08-04T02:45:00Z,2026-08-04T04:45:00+0200,131.19,EUR/MWh,FR,FR,day_ahead_price,value,2026-08-21T12:09:10Z
2026-08-21T12:03:35Z,2026-08-21T14:03:35+0200,5cef1f60-1e78-40ab-8a35-fe731affab16,2026-08-04T03:00:00Z,2026-08-04T05:00:00+0200,143.88,EUR/MWh,FR,FR,day_ahead_price,value,2026-08-21T12:09:10Z
2026-08-21T12:03:35Z,2026-08-21T14:03:35+0200,5cef1f60-1e78-40ab-8a35-fe731affab16,2026-08-04T03:15:00Z,2026-08-04T05:15:00+0200,138.87,EUR/MWh,FR,FR,day_ahead_price,value,2026-08-21T12:09:10Z
2026-08-21T12:03:35Z,2026-08-21T14:03:35+0200,5cef1f60-1e78-40ab-8a35-fe731affab16,2026-08-04T03:30:00Z,2026-08-04T05:30:00+0200,138.87,EUR/MWh,FR,FR,day_ahead_price,value,2026-08-21T12:09:10Z
2026-08-21T12:03:35Z,2026-08-21T14:03:35+0200,5cef1f60-1e78-40ab-8a35-fe731affab16,2026-08-04T03:45:00Z,2026-08-04T05:45:00+0200,145.34,EUR/MWh,FR,FR,day_ahead_price,value,2026-08-21T12:09:10Z
2026-08-21T12:03:35Z,2026-08-21T14:03:35+0200,5cef1f60-1e78-40ab-8a35-fe731affab16,2026-08-04T04:00:00Z,2026-08-04T06:00:00+0200,161.1,EUR/MWh,FR,FR,day_ahead_price,value,2026-08-21T12:09:10Z
2026-08-21T12:03:35Z,2026-08-21T14:03:35+0200,5cef1f60-1e78-40ab-8a35-fe731affab16,2026-08-04T04:15:00Z,2026-08-04T06:15:00+0200,166.05,EUR/MWh,FR,FR,day_ahead_price,value,2026-08-21T12:09:10Z
2026-08-21T12:03:35Z,2026-08-21T14:03:35+0200,5cef1f60-1e78-40ab-8a35-fe731affab16,2026-08-04T04:30:00Z,2026-08-04T06:30:00+0200,159.21,EUR/MWh,FR,FR,day_ahead_price,value,2026-08-21T12:09:10Z
2026-08-21T12:03:35Z,2026-08-21T14:03:35+0200,5cef1f60-1e78-40ab-8a35-fe731affab16,2026-08-04T04:45:00Z,2026-08-04T06:45:00+0200,166.48,EUR/MWh,FR,FR,day_ahead_price,value,2026-08-21T12:09:10Z
2026-08-21T12:03:35Z,2026-08-21T14:03:35+0200,5cef1f60-1e78-40ab-8a35-fe731affab16,2026-08-04T05:00:00Z,2026-08-04T07:00:00+0200,177.46,EUR/MWh,FR,FR,day_ahead_price,value,2026-08-21T12:09:10Z
2026-08-21T12:03:35Z,2026-08-21T14:03:35+0200,5cef1f60-1e78-40ab-8a35-fe731affab16,2026-08-04T05:15:00Z,2026-08-04T07:15:00+0200,172.31,EUR/MWh,FR,FR,day_ahead_price,value,2026-08-21T12:09:10Z
2026-08-21T12:03:35Z,2026-08-21T14:03:35+0200,5cef1f60-1e78-40ab-8a35-fe731affab16,2026-08-04T05:30:00Z,2026-08-04T07:30:00+0200,171.95,EUR/MWh,FR,FR,day_ahead_price,value,2026-08-21T12:09:10Z
2026-08-21T12:03:35Z,2026-08-21T14:03:35+0200,5cef1f60-1e78-40ab-8a35-fe731affab16,2026-08-04T05:45:00Z,2026-08-04T07:45:00+0200,154.78,EUR/MWh,FR,FR,day_ahead_price,value,2026-08-21T12:09:10Z
2026-08-21T12:03:35Z,2026-08-21T14:03:35+0200,5cef1f60-1e78-40ab-8a35-fe731affab16,2026-08-04T06:00:00Z,2026-08-04T08:00:00+0200,177.98,EUR/MWh,FR,FR,day_ahead_price,value,2026-08-21T12:09:10Z
2026-08-21T12:03:35Z,2026-08-21T14:03:35+0200,5cef1f60-1e78-40ab-8a35-fe731affab16,2026-08-04T06:15:00Z,2026-08-04T08:15:00+0200,168.1,EUR/MWh,FR,FR,day_ahead_price,value,2026-08-21T12:09:10Z
2026-08-21T12:03:35Z,2026-08-21T14:03:35+0200,5cef1f60-1e78-40ab-8a35-fe731affab16,2026-08-04T06:30:00Z,2026-08-04T08:30:00+0200,157.05,EUR/MWh,FR,FR,day_ahead_price,value,2026-08-21T12:09:10Z
2026-08-21T12:03:35Z,2026-08-21T14:03:35+0200,5cef1f60-1e78-40ab-8a35-fe731affab16,2026-08-04T06:45:00Z,2026-08-04T08:45:00+0200,142.83,EUR/MWh,FR,FR,day_ahead_price,value,2026-08-21T12:09:10Z
2026-08-21T12:03:35Z,2026-08-21T14:03:35+0200,5cef1f60-1e78-40ab-8a35-fe731affab16,2026-08-04T07:00:00Z,2026-08-04T09:00:00+0200,174.24,EUR/MWh,FR,FR,day_ahead_price,value,2026-08-21T12:09:10Z
2026-08-21T12:03:35Z,2026-08-21T14:03:35+0200,5cef1f60-1e78-40ab-8a35-fe731affab16,2026-08-04T07:15:00Z,2026-08-04T09:15:00+0200,156.6,EUR/MWh,FR,FR,day_ahead_price,value,2026-08-21T12:09:10Z
2026-08-21T12:03:35Z,2026-08-21T14:03:35+0200,5cef1f60-1e78-40ab-8a35-fe731affab16,2026-08-04T07:30:00Z,2026-08-04T09:30:00+0200,134.08,EUR/MWh,FR,FR,day_ahead_price,value,2026-08-21T12:09:10Z
2026-08-21T12:03:35Z,2026-08-21T14:03:35+0200,5cef1f60-1e78-40ab-8a35-fe731affab16,2026-08-04T07:45:00Z,2026-08-04T09:45:00+0200,121.23,EUR/MWh,FR,FR,day_ahead_price,value,2026-08-21T12:09:10Z
2026-08-21T12:03:35Z,2026-08-21T14:03:35+0200,5cef1f60-1e78-40ab-8a35-fe731affab16,2026-08-04T08:00:00Z,2026-08-04T10:00:00+0200,144.17,EUR/MWh,FR,FR,day_ahead_price,value,2026-08-21T12:09:10Z
2026-08-21T12:03:35Z,2026-08-21T14:03:35+0200,5cef1f60-1e78-40ab-8a35-fe731affab16,2026-08-04T08:15:00Z,2026-08-04T10:15:00+0200,123.36,EUR/MWh,FR,FR,day_ahead_price,value,2026-08-21T12:09:10Z
2026-08-21T12:03:35Z,2026-08-21T14:03:35+0200,5cef1f60-1e78-40ab-8a35-fe731affab16,2026-08-04T08:30:00Z,2026-08-04T10:30:00+0200,118.79,EUR/MWh,FR,FR,day_ahead_price,value,2026-08-21T12:09:10Z
2026-08-21T12:03:35Z,2026-08-21T14:03:35+0200,5cef1f60-1e78-40ab-8a35-fe731affab16,2026-08-04T08:45:00Z,2026-08-04T10:45:00+0200,115.72,EUR/MWh,FR,FR,day_ahead_price,value,2026-08-21T12:09:10Z
2026-08-21T12:03:35Z,2026-08-21T14:03:35+0200,5cef1f60-1e78-40ab-8a35-fe731affab16,2026-08-04T09:00:00Z,2026-08-04T11:00:00+0200,114.43,EUR/MWh,FR,FR,day_ahead_price,value,2026-08-21T12:09:10Z
2026-08-21T12:03:35Z,2026-08-21T14:03:35+0200,5cef1f60-1e78-40ab-8a35-fe731affab16,2026-08-04T09:15:00Z,2026-08-04T11:15:00+0200,106.83,EUR/MWh,FR,FR,day_ahead_price,value,2026-08-21T12:09:10Z
2026-08-21T12:03:35Z,2026-08-21T14:03:35+0200,5cef1f60-1e78-40ab-8a35-fe731affab16,2026-08-04T09:30:00Z,2026-08-04T11:30:00+0200,98.05,EUR/MWh,FR,FR,day_ahead_price,value,2026-08-21T12:09:10Z
2026-08-21T12:03:35Z,2026-08-21T14:03:35+0200,5cef1f60-1e78-40ab-8a35-fe731affab16,2026-08-04T09:45:00Z,2026-08-04T11:45:00+0200,96.17,EUR/MWh,FR,FR,day_ahead_price,value,2026-08-21T12:09:10Z
2026-08-21T12:03:35Z,2026-08-21T14:03:35+0200,5cef1f60-1e78-40ab-8a35-fe731affab16,2026-08-04T10:00:00Z,2026-08-04T12:00:00+0200,94.99,EUR/MWh,FR,FR,day_ahead_price,value,2026-08-21T12:09:10Z
2026-08-21T12:03:35Z,2026-08-21T14:03:35+0200,5cef1f60-1e78-40ab-8a35-fe731affab16,2026-08-04T10:15:00Z,2026-08-04T12:15:00+0200,85.7,EUR/MWh,FR,FR,day_ahead_price,value,2026-08-21T12:09:10Z
2026-08-21T12:03:35Z,2026-08-21T14:03:35+0200,5cef1f60-1e78-40ab-8a35-fe731affab16,2026-08-04T10:30:00Z,2026-08-04T12:30:00+0200,85.01,EUR/MWh,FR,FR,day_ahead_price,value,2026-08-21T12:09:10Z
2026-08-21T12:03:35Z,2026-08-21T14:03:35+0200,5cef1f60-1e78-40ab-8a35-fe731affab16,2026-08-04T10:45:00Z,2026-08-04T12:45:00+0200,83.55,EUR/MWh,FR,FR,day_ahead_price,value,2026-08-21T12:09:10Z
2026-08-21T12:03:35Z,2026-08-21T14:03:35+0200,5cef1f60-1e78-40ab-8a35-fe731affab16,2026-08-04T11:00:00Z,2026-08-04T13:00:00+0200,81.95,EUR/MWh,FR,FR,day_ahead_price,value,2026-08-21T12:09:10Z
2026-08-21T12:03:35Z,2026-08-21T14:03:35+0200,5cef1f60-1e78-40ab-8a35-fe731affab16,2026-08-04T11:15:00Z,2026-08-04T13:15:00+0200,80.59,EUR/MWh,FR,FR,day_ahead_price,value,2026-08-21T12:09:10Z
2026-08-21T12:03:35Z,2026-08-21T14:03:35+0200,5cef1f60-1e78-40ab-8a35-fe731affab16,2026-08-04T11:30:00Z,2026-08-04T13:30:00+0200,72.34,EUR/MWh,FR,FR,day_ahead_price,value,2026-08-21T12:09:10Z
2026-08-21T12:03:35Z,2026-08-21T14:03:35+0200,5cef1f60-1e78-40ab-8a35-fe731affab16,2026-08-04T11:45:00Z,2026-08-04T13:45:00+0200,70.98,EUR/MWh,FR,FR,day_ahead_price,value,2026-08-21T12:09:10Z
2026-08-21T12:03:35Z,2026-08-21T14:03:35+0200,5cef1f60-1e78-40ab-8a35-fe731affab16,2026-08-04T12:00:00Z,2026-08-04T14:00:00+0200,81.65,EUR/MWh,FR,FR,day_ahead_price,value,2026-08-21T12:09:10Z
2026-08-21T12:03:35Z,2026-08-21T14:03:35+0200,5cef1f60-1e78-40ab-8a35-fe731affab16,2026-08-04T12:15:00Z,2026-08-04T14:15:00+0200,84.32,EUR/MWh,FR,FR,day_ahead_price,value,2026-08-21T12:09:10Z
2026-08-21T12:03:35Z,2026-08-21T14:03:35+0200,5cef1f60-1e78-40ab-8a35-fe731affab16,2026-08-04T12:30:00Z,2026-08-04T14:30:00+0200,85.01,EUR/MWh,FR,FR,day_ahead_price,value,2026-08-21T12:09:10Z
2026-08-21T12:03:35Z,2026-08-21T14:03:35+0200,5cef1f60-1e78-40ab-8a35-fe731affab16,2026-08-04T12:45:00Z,2026-08-04T14:45:00+0200,85.27,EUR/MWh,FR,FR,day_ahead_price,value,2026-08-21T12:09:10Z
2026-08-21T12:03:35Z,2026-08-21T14:03:35+0200,5cef1f60-1e78-40ab-8a35-fe731affab16,2026-08-04T13:00:00Z,2026-08-04T15:00:00+0200,85.0,EUR/MWh,FR,FR,day_ahead_price,value,2026-08-21T12:09:10Z
2026-08-21T12:03:35Z,2026-08-21T14:03:35+0200,5cef1f60-1e78-40ab-8a35-fe731affab16,2026-08-04T13:15:00Z,2026-08-04T15:15:00+0200,83.55,EUR/MWh,FR,FR,day_ahead_price,value,2026-08-21T12:09:10Z
2026-08-21T12:03:35Z,2026-08-21T14:03:35+0200,5cef1f60-1e78-40ab-8a35-fe731affab16,2026-08-04T13:30:00Z,2026-08-04T15:30:00+0200,82.0,EUR/MWh,FR,FR,day_ahead_price,value,2026-08-21T12:09:10Z
2026-08-21T12:03:35Z,2026-08-21T14:03:35+0200,5cef1f60-1e78-40ab-8a35-fe731affab16,2026-08-04T13:45:00Z,2026-08-04T15:45:00+0200,80.27,EUR/MWh,FR,FR,day_ahead_price,value,2026-08-21T12:09:10Z
2026-08-21T12:03:35Z,2026-08-21T14:03:35+0200,5cef1f60-1e78-40ab-8a35-fe731affab16,2026-08-04T14:00:00Z,2026-08-04T16:00:00+0200,69.0,EUR/MWh,FR,FR,day_ahead_price,value,2026-08-21T12:09:10Z
2026-08-21T12:03:35Z,2026-08-21T14:03:35+0200,5cef1f60-1e78-40ab-8a35-fe731affab16,2026-08-04T14:15:00Z,2026-08-04T16:15:00+0200,79.4,EUR/MWh,FR,FR,day_ahead_price,value,2026-08-21T12:09:10Z
2026-08-21T12:03:35Z,2026-08-21T14:03:35+0200,5cef1f60-1e78-40ab-8a35-fe731affab16,2026-08-04T14:30:00Z,2026-08-04T16:30:00+0200,81.35,EUR/MWh,FR,FR,day_ahead_price,value,2026-08-21T12:09:10Z
2026-08-21T12:03:35Z,2026-08-21T14:03:35+0200,5cef1f60-1e78-40ab-8a35-fe731affab16,2026-08-04T14:45:00Z,2026-08-04T16:45:00+0200,82.25,EUR/MWh,FR,FR,day_ahead_price,value,2026-08-21T12:09:10Z
2026-08-21T12:03:35Z,2026-08-21T14:03:35+0200,5cef1f60-1e78-40ab-8a35-fe731affab16,2026-08-04T15:00:00Z,2026-08-04T17:00:00+0200,85.27,EUR/MWh,FR,FR,day_ahead_price,value,2026-08-21T12:09:10Z
2026-08-21T12:03:35Z,2026-08-21T14:03:35+0200,5cef1f60-1e78-40ab-8a35-fe731affab16,2026-08-04T15:15:00Z,2026-08-04T17:15:00+0200,96.47,EUR/MWh,FR,FR,day_ahead_price,value,2026-08-21T12:09:10Z
2026-08-21T12:03:35Z,2026-08-21T14:03:35+0200,5cef1f60-1e78-40ab-8a35-fe731affab16,2026-08-04T15:30:00Z,2026-08-04T17:30:00+0200,99.75,EUR/MWh,FR,FR,day_ahead_price,value,2026-08-21T12:09:10Z
2026-08-21T12:03:35Z,2026-08-21T14:03:35+0200,5cef1f60-1e78-40ab-8a35-fe731affab16,2026-08-04T15:45:00Z,2026-08-04T17:45:00+0200,114.95,EUR/MWh,FR,FR,day_ahead_price,value,2026-08-21T12:09:10Z
2026-08-21T12:03:35Z,2026-08-21T14:03:35+0200,5cef1f60-1e78-40ab-8a35-fe731affab16,2026-08-04T16:00:00Z,2026-08-04T18:00:00+0200,103.33,EUR/MWh,FR,FR,day_ahead_price,value,2026-08-21T12:09:10Z
2026-08-21T12:03:35Z,2026-08-21T14:03:35+0200,5cef1f60-1e78-40ab-8a35-fe731affab16,2026-08-04T16:15:00Z,2026-08-04T18:15:00+0200,114.82,EUR/MWh,FR,FR,day_ahead_price,value,2026-08-21T12:09:10Z
2026-08-21T12:03:35Z,2026-08-21T14:03:35+0200,5cef1f60-1e78-40ab-8a35-fe731affab16,2026-08-04T16:30:00Z,2026-08-04T18:30:00+0200,127.27,EUR/MWh,FR,FR,day_ahead_price,value,2026-08-21T12:09:10Z
2026-08-21T12:03:35Z,2026-08-21T14:03:35+0200,5cef1f60-1e78-40ab-8a35-fe731affab16,2026-08-04T16:45:00Z,2026-08-04T18:45:00+0200,142.59,EUR/MWh,FR,FR,day_ahead_price,value,2026-08-21T12:09:10Z
2026-08-21T12:03:35Z,2026-08-21T14:03:35+0200,5cef1f60-1e78-40ab-8a35-fe731affab16,2026-08-04T17:00:00Z,2026-08-04T19:00:00+0200,138.34,EUR/MWh,FR,FR,day_ahead_price,value,2026-08-21T12:09:10Z
2026-08-21T12:03:35Z,2026-08-21T14:03:35+0200,5cef1f60-1e78-40ab-8a35-fe731affab16,2026-08-04T17:15:00Z,2026-08-04T19:15:00+0200,156.07,EUR/MWh,FR,FR,day_ahead_price,value,2026-08-21T12:09:10Z
2026-08-21T12:03:35Z,2026-08-21T14:03:35+0200,5cef1f60-1e78-40ab-8a35-fe731affab16,2026-08-04T17:30:00Z,2026-08-04T19:30:00+0200,172.03,EUR/MWh,FR,FR,day_ahead_price,value,2026-08-21T12:09:10Z
2026-08-21T12:03:35Z,2026-08-21T14:03:35+0200,5cef1f60-1e78-40ab-8a35-fe731affab16,2026-08-04T17:45:00Z,2026-08-04T19:45:00+0200,184.47,EUR/MWh,FR,FR,day_ahead_price,value,2026-08-21T12:09:10Z
2026-08-21T12:03:35Z,2026-08-21T14:03:35+0200,5cef1f60-1e78-40ab-8a35-fe731affab16,2026-08-04T18:00:00Z,2026-08-04T20:00:00+0200,167.58,EUR/MWh,FR,FR,day_ahead_price,value,2026-08-21T12:09:10Z
2026-08-21T12:03:35Z,2026-08-21T14:03:35+0200,5cef1f60-1e78-40ab-8a35-fe731affab16,2026-08-04T18:15:00Z,2026-08-04T20:15:00+0200,185.21,EUR/MWh,FR,FR,day_ahead_price,value,2026-08-21T12:09:10Z
2026-08-21T12:03:35Z,2026-08-21T14:03:35+0200,5cef1f60-1e78-40ab-8a35-fe731affab16,2026-08-04T18:30:00Z,2026-08-04T20:30:00+0200,189.11,EUR/MWh,FR,FR,day_ahead_price,value,2026-08-21T12:09:10Z
2026-08-21T12:03:35Z,2026-08-21T14:03:35+0200,5cef1f60-1e78-40ab-8a35-fe731affab16,2026-08-04T18:45:00Z,2026-08-04T20:45:00+0200,191.17,EUR/MWh,FR,FR,day_ahead_price,value,2026-08-21T12:09:10Z
2026-08-21T12:03:35Z,2026-08-21T14:03:35+0200,5cef1f60-1e78-40ab-8a35-fe731affab16,2026-08-04T19:00:00Z,2026-08-04T21:00:00+0200,179.1,EUR/MWh,FR,FR,day_ahead_price,value,2026-08-21T12:09:10Z
2026-08-21T12:03:35Z,2026-08-21T14:03:35+0200,5cef1f60-1e78-40ab-8a35-fe731affab16,2026-08-04T19:15:00Z,2026-08-04T21:15:00+0200,178.9,EUR/MWh,FR,FR,day_ahead_price,value,2026-08-21T12:09:10Z
2026-08-21T12:03:35Z,2026-08-21T14:03:35+0200,5cef1f60-1e78-40ab-8a35-fe731affab16,2026-08-04T19:30:00Z,2026-08-04T21:30:00+0200,185.13,EUR/MWh,FR,FR,day_ahead_price,value,2026-08-21T12:09:10Z
2026-08-21T12:03:35Z,2026-08-21T14:03:35+0200,5cef1f60-1e78-40ab-8a35-fe731affab16,2026-08-04T19:45:00Z,2026-08-04T21:45:00+0200,182.87,EUR/MWh,FR,FR,day_ahead_price,value,2026-08-21T12:09:10Z
2026-08-21T12:03:35Z,2026-08-21T14:03:35+0200,5cef1f60-1e78-40ab-8a35-fe731affab16,2026-08-04T20:00:00Z,2026-08-04T22:00:00+0200,187.13,EUR/MWh,FR,FR,day_ahead_price,value,2026-08-21T12:09:10Z
2026-08-21T12:03:35Z,2026-08-21T14:03:35+0200,5cef1f60-1e78-40ab-8a35-fe731affab16,2026-08-04T20:15:00Z,2026-08-04T22:15:00+0200,179.12,EUR/MWh,FR,FR,day_ahead_price,value,2026-08-21T12:09:10Z
2026-08-21T12:03:35Z,2026-08-21T14:03:35+0200,5cef1f60-1e78-40ab-8a35-fe731affab16,2026-08-04T20:30:00Z,2026-08-04T22:30:00+0200,185.77,EUR/MWh,FR,FR,day_ahead_price,value,2026-08-21T12:09:10Z
2026-08-21T12:03:35Z,2026-08-21T14:03:35+0200,5cef1f60-1e78-40ab-8a35-fe731affab16,2026-08-04T20:45:00Z,2026-08-04T22:45:00+0200,177.12,EUR/MWh,FR,FR,day_ahead_price,value,2026-08-21T12:09:10Z
2026-08-21T12:03:35Z,2026-08-21T14:03:35+0200,5cef1f60-1e78-40ab-8a35-fe731affab16,2026-08-04T21:00:00Z,2026-08-04T23:00:00+0200,174.65,EUR/MWh,FR,FR,day_ahead_price,value,2026-08-21T12:09:10Z
2026-08-21T12:03:35Z,2026-08-21T14:03:35+0200,5cef1f60-1e78-40ab-8a35-fe731affab16,2026-08-04T21:15:00Z,2026-08-04T23:15:00+0200,168.13,EUR/MWh,FR,FR,day_ahead_price,value,2026-08-21T12:09:10Z
2026-08-21T12:03:35Z,2026-08-21T14:03:35+0200,5cef1f60-1e78-40ab-8a35-fe731affab16,2026-08-04T21:30:00Z,2026-08-04T23:30:00+0200,164.48,EUR/MWh,FR,FR,day_ahead_price,value,2026-08-21T12:09:10Z
2026-08-21T12:03:35Z,2026-08-21T14:03:35+0200,5cef1f60-1e78-40ab-8a35-fe731affab16,2026-08-04T21:45:00Z,2026-08-04T23:45:00+0200,152.24,EUR/MWh,FR,FR,day_ahead_price,value,2026-08-21T12:09:10Z
2026-08-21T12:03:35Z,2026-08-21T14:03:35+0200,5cef1f60-1e78-40ab-8a35-fe731affab16,2026-08-04T22:00:00Z,2026-08-05T00:00:00+0200,153.01,EUR/MWh,FR,FR,day_ahead_price,value,2026-08-21T12:09:10Z
2026-08-21T12:03:35Z,2026-08-21T14:03:35+0200,5cef1f60-1e78-40ab-8a35-fe731affab16,2026-08-04T22:15:00Z,2026-08-05T00:15:00+0200,156.5,EUR/MWh,FR,FR,day_ahead_price,value,2026-08-21T12:09:10Z
2026-08-21T12:03:35Z,2026-08-21T14:03:35+0200,5cef1f60-1e78-40ab-8a35-fe731affab16,2026-08-04T22:30:00Z,2026-08-05T00:30:00+0200,151.55,EUR/MWh,FR,FR,day_ahead_price,value,2026-08-21T12:09:10Z
2026-08-21T12:03:35Z,2026-08-21T14:03:35+0200,5cef1f60-1e78-40ab-8a35-fe731affab16,2026-08-04T22:45:00Z,2026-08-05T00:45:00+0200,149.44,EUR/MWh,FR,FR,day_ahead_price,value,2026-08-21T12:09:10Z
2026-08-21T12:03:35Z,2026-08-21T14:03:35+0200,5cef1f60-1e78-40ab-8a35-fe731affab16,2026-08-04T23:00:00Z,2026-08-05T01:00:00+0200,152.91,EUR/MWh,FR,FR,day_ahead_price,value,2026-08-21T12:09:10Z
2026-08-21T12:03:35Z,2026-08-21T14:03:35+0200,5cef1f60-1e78-40ab-8a35-fe731affab16,2026-08-04T23:15:00Z,2026-08-05T01:15:00+0200,145.52,EUR/MWh,FR,FR,day_ahead_price,value,2026-08-21T12:09:10Z
2026-08-21T12:03:35Z,2026-08-21T14:03:35+0200,5cef1f60-1e78-40ab-8a35-fe731affab16,2026-08-04T23:30:00Z,2026-08-05T01:30:00+0200,145.42,EUR/MWh,FR,FR,day_ahead_price,value,2026-08-21T12:09:10Z
2026-08-21T12:03:35Z,2026-08-21T14:03:35+0200,5cef1f60-1e78-40ab-8a35-fe731affab16,2026-08-04T23:45:00Z,2026-08-05T01:45:00+0200,144.6,EUR/MWh,FR,FR,day_ahead_price,value,2026-08-21T12:09:10Z
2026-08-21T12:03:35Z,2026-08-21T14:03:35+0200,5cef1f60-1e78-40ab-8a35-fe731affab16,2026-08-05T00:00:00Z,2026-08-05T02:00:00+0200,153.77,EUR/MWh,FR,FR,day_ahead_price,value,2026-08-21T12:09:10Z
2026-08-21T12:03:35Z,2026-08-21T14:03:35+0200,5cef1f60-1e78-40ab-8a35-fe731affab16,2026-08-05T00:15:00Z,2026-08-05T02:15:00+0200,146.26,EUR/MWh,FR,FR,day_ahead_price,value,2026-08-21T12:09:10Z
2026-08-21T12:03:35Z,2026-08-21T14:03:35+0200,5cef1f60-1e78-40ab-8a35-fe731affab16,2026-08-05T00:30:00Z,2026-08-05T02:30:00+0200,137.91,EUR/MWh,FR,FR,day_ahead_price,value,2026-08-21T12:09:10Z
2026-08-21T12:03:35Z,2026-08-21T14:03:35+0200,5cef1f60-1e78-40ab-8a35-fe731affab16,2026-08-05T00:45:00Z,2026-08-05T02:45:00+0200,119.55,EUR/MWh,FR,FR,day_ahead_price,value,2026-08-21T12:09:10Z
2026-08-21T12:03:35Z,2026-08-21T14:03:35+0200,5cef1f60-1e78-40ab-8a35-fe731affab16,2026-08-05T01:00:00Z,2026-08-05T03:00:00+0200,147.14,EUR/MWh,FR,FR,day_ahead_price,value,2026-08-21T12:09:10Z
2026-08-21T12:03:35Z,2026-08-21T14:03:35+0200,5cef1f60-1e78-40ab-8a35-fe731affab16,2026-08-05T01:15:00Z,2026-08-05T03:15:00+0200,135.07,EUR/MWh,FR,FR,day_ahead_price,value,2026-08-21T12:09:10Z
2026-08-21T12:03:35Z,2026-08-21T14:03:35+0200,5cef1f60-1e78-40ab-8a35-fe731affab16,2026-08-05T01:30:00Z,2026-08-05T03:30:00+0200,128.1,EUR/MWh,FR,FR,day_ahead_price,value,2026-08-21T12:09:10Z
2026-08-21T12:03:35Z,2026-08-21T14:03:35+0200,5cef1f60-1e78-40ab-8a35-fe731affab16,2026-08-05T01:45:00Z,2026-08-05T03:45:00+0200,119.0,EUR/MWh,FR,FR,day_ahead_price,value,2026-08-21T12:09:10Z
2026-08-21T12:03:35Z,2026-08-21T14:03:35+0200,5cef1f60-1e78-40ab-8a35-fe731affab16,2026-08-05T02:00:00Z,2026-08-05T04:00:00+0200,128.62,EUR/MWh,FR,FR,day_ahead_price,value,2026-08-21T12:09:10Z
2026-08-21T12:03:35Z,2026-08-21T14:03:35+0200,5cef1f60-1e78-40ab-8a35-fe731affab16,2026-08-05T02:15:00Z,2026-08-05T04:15:00+0200,123.01,EUR/MWh,FR,FR,day_ahead_price,value,2026-08-21T12:09:10Z
2026-08-21T12:03:35Z,2026-08-21T14:03:35+0200,5cef1f60-1e78-40ab-8a35-fe731affab16,2026-08-05T02:30:00Z,2026-08-05T04:30:00+0200,132.28,EUR/MWh,FR,FR,day_ahead_price,value,2026-08-21T12:09:10Z
2026-08-21T12:03:35Z,2026-08-21T14:03:35+0200,5cef1f60-1e78-40ab-8a35-fe731affab16,2026-08-05T02:45:00Z,2026-08-05T04:45:00+0200,123.85,EUR/MWh,FR,FR,day_ahead_price,value,2026-08-21T12:09:10Z
2026-08-21T12:03:35Z,2026-08-21T14:03:35+0200,5cef1f60-1e78-40ab-8a35-fe731affab16,2026-08-05T03:00:00Z,2026-08-05T05:00:00+0200,113.61,EUR/MWh,FR,FR,day_ahead_price,value,2026-08-21T12:09:10Z
2026-08-21T12:03:35Z,2026-08-21T14:03:35+0200,5cef1f60-1e78-40ab-8a35-fe731affab16,2026-08-05T03:15:00Z,2026-08-05T05:15:00+0200,126.01,EUR/MWh,FR,FR,day_ahead_price,value,2026-08-21T12:09:10Z
2026-08-21T12:03:35Z,2026-08-21T14:03:35+0200,5cef1f60-1e78-40ab-8a35-fe731affab16,2026-08-05T03:30:00Z,2026-08-05T05:30:00+0200,136.66,EUR/MWh,FR,FR,day_ahead_price,value,2026-08-21T12:09:10Z
2026-08-21T12:03:35Z,2026-08-21T14:03:35+0200,5cef1f60-1e78-40ab-8a35-fe731affab16,2026-08-05T03:45:00Z,2026-08-05T05:45:00+0200,146.58,EUR/MWh,FR,FR,day_ahead_price,value,2026-08-21T12:09:10Z
2026-08-21T12:03:35Z,2026-08-21T14:03:35+0200,5cef1f60-1e78-40ab-8a35-fe731affab16,2026-08-05T04:00:00Z,2026-08-05T06:00:00+0200,148.2,EUR/MWh,FR,FR,day_ahead_price,value,2026-08-21T12:09:10Z
2026-08-21T12:03:35Z,2026-08-21T14:03:35+0200,5cef1f60-1e78-40ab-8a35-fe731affab16,2026-08-05T04:15:00Z,2026-08-05T06:15:00+0200,153.97,EUR/MWh,FR,FR,day_ahead_price,value,2026-08-21T12:09:10Z
2026-08-21T12:03:35Z,2026-08-21T14:03:35+0200,5cef1f60-1e78-40ab-8a35-fe731affab16,2026-08-05T04:30:00Z,2026-08-05T06:30:00+0200,160.23,EUR/MWh,FR,FR,day_ahead_price,value,2026-08-21T12:09:10Z
2026-08-21T12:03:35Z,2026-08-21T14:03:35+0200,5cef1f60-1e78-40ab-8a35-fe731affab16,2026-08-05T04:45:00Z,2026-08-05T06:45:00+0200,157.0,EUR/MWh,FR,FR,day_ahead_price,value,2026-08-21T12:09:10Z
2026-08-21T12:03:35Z,2026-08-21T14:03:35+0200,5cef1f60-1e78-40ab-8a35-fe731affab16,2026-08-05T05:00:00Z,2026-08-05T07:00:00+0200,152.65,EUR/MWh,FR,FR,day_ahead_price,value,2026-08-21T12:09:10Z
2026-08-21T12:03:35Z,2026-08-21T14:03:35+0200,5cef1f60-1e78-40ab-8a35-fe731affab16,2026-08-05T05:15:00Z,2026-08-05T07:15:00+0200,159.76,EUR/MWh,FR,FR,day_ahead_price,value,2026-08-21T12:09:10Z
2026-08-21T12:03:35Z,2026-08-21T14:03:35+0200,5cef1f60-1e78-40ab-8a35-fe731affab16,2026-08-05T05:30:00Z,2026-08-05T07:30:00+0200,154.41,EUR/MWh,FR,FR,day_ahead_price,value,2026-08-21T12:09:10Z
2026-08-21T12:03:35Z,2026-08-21T14:03:35+0200,5cef1f60-1e78-40ab-8a35-fe731affab16,2026-08-05T05:45:00Z,2026-08-05T07:45:00+0200,136.0,EUR/MWh,FR,FR,day_ahead_price,value,2026-08-21T12:09:10Z
2026-08-21T12:03:35Z,2026-08-21T14:03:35+0200,5cef1f60-1e78-40ab-8a35-fe731affab16,2026-08-05T06:00:00Z,2026-08-05T08:00:00+0200,163.03,EUR/MWh,FR,FR,day_ahead_price,value,2026-08-21T12:09:10Z
2026-08-21T12:03:35Z,2026-08-21T14:03:35+0200,5cef1f60-1e78-40ab-8a35-fe731affab16,2026-08-05T06:15:00Z,2026-08-05T08:15:00+0200,147.91,EUR/MWh,FR,FR,day_ahead_price,value,2026-08-21T12:09:10Z
2026-08-21T12:03:35Z,2026-08-21T14:03:35+0200,5cef1f60-1e78-40ab-8a35-fe731affab16,2026-08-05T06:30:00Z,2026-08-05T08:30:00+0200,131.74,EUR/MWh,FR,FR,day_ahead_price,value,2026-08-21T12:09:10Z
2026-08-21T12:03:35Z,2026-08-21T14:03:35+0200,5cef1f60-1e78-40ab-8a35-fe731affab16,2026-08-05T06:45:00Z,2026-08-05T08:45:00+0200,116.9,EUR/MWh,FR,FR,day_ahead_price,value,2026-08-21T12:09:10Z
2026-08-21T12:03:35Z,2026-08-21T14:03:35+0200,5cef1f60-1e78-40ab-8a35-fe731affab16,2026-08-05T07:00:00Z,2026-08-05T09:00:00+0200,145.09,EUR/MWh,FR,FR,day_ahead_price,value,2026-08-21T12:09:10Z
2026-08-21T12:03:35Z,2026-08-21T14:03:35+0200,5cef1f60-1e78-40ab-8a35-fe731affab16,2026-08-05T07:15:00Z,2026-08-05T09:15:00+0200,120.15,EUR/MWh,FR,FR,day_ahead_price,value,2026-08-21T12:09:10Z
2026-08-21T12:03:35Z,2026-08-21T14:03:35+0200,5cef1f60-1e78-40ab-8a35-fe731affab16,2026-08-05T07:30:00Z,2026-08-05T09:30:00+0200,104.5,EUR/MWh,FR,FR,day_ahead_price,value,2026-08-21T12:09:10Z
2026-08-21T12:03:35Z,2026-08-21T14:03:35+0200,5cef1f60-1e78-40ab-8a35-fe731affab16,2026-08-05T07:45:00Z,2026-08-05T09:45:00+0200,78.41,EUR/MWh,FR,FR,day_ahead_price,value,2026-08-21T12:09:10Z
2026-08-21T12:03:35Z,2026-08-21T14:03:35+0200,5cef1f60-1e78-40ab-8a35-fe731affab16,2026-08-05T08:00:00Z,2026-08-05T10:00:00+0200,100.0,EUR/MWh,FR,FR,day_ahead_price,value,2026-08-21T12:09:10Z
2026-08-21T12:03:35Z,2026-08-21T14:03:35+0200,5cef1f60-1e78-40ab-8a35-fe731affab16,2026-08-05T08:15:00Z,2026-08-05T10:15:00+0200,85.71,EUR/MWh,FR,FR,day_ahead_price,value,2026-08-21T12:09:10Z
2026-08-21T12:03:35Z,2026-08-21T14:03:35+0200,5cef1f60-1e78-40ab-8a35-fe731affab16,2026-08-05T08:30:00Z,2026-08-05T10:30:00+0200,54.99,EUR/MWh,FR,FR,day_ahead_price,value,2026-08-21T12:09:10Z
2026-08-21T12:03:35Z,2026-08-21T14:03:35+0200,5cef1f60-1e78-40ab-8a35-fe731affab16,2026-08-05T08:45:00Z,2026-08-05T10:45:00+0200,18.51,EUR/MWh,FR,FR,day_ahead_price,value,2026-08-21T12:09:10Z
2026-08-21T12:03:35Z,2026-08-21T14:03:35+0200,5cef1f60-1e78-40ab-8a35-fe731affab16,2026-08-05T09:00:00Z,2026-08-05T11:00:00+0200,36.68,EUR/MWh,FR,FR,day_ahead_price,value,2026-08-21T12:09:10Z
2026-08-21T12:03:35Z,2026-08-21T14:03:35+0200,5cef1f60-1e78-40ab-8a35-fe731affab16,2026-08-05T09:15:00Z,2026-08-05T11:15:00+0200,17.61,EUR/MWh,FR,FR,day_ahead_price,value,2026-08-21T12:09:10Z
2026-08-21T12:03:35Z,2026-08-21T14:03:35+0200,5cef1f60-1e78-40ab-8a35-fe731affab16,2026-08-05T09:30:00Z,2026-08-05T11:30:00+0200,6.7,EUR/MWh,FR,FR,day_ahead_price,value,2026-08-21T12:09:10Z
2026-08-21T12:03:35Z,2026-08-21T14:03:35+0200,5cef1f60-1e78-40ab-8a35-fe731affab16,2026-08-05T09:45:00Z,2026-08-05T11:45:00+0200,4.74,EUR/MWh,FR,FR,day_ahead_price,value,2026-08-21T12:09:10Z
2026-08-21T12:03:35Z,2026-08-21T14:03:35+0200,5cef1f60-1e78-40ab-8a35-fe731affab16,2026-08-05T10:00:00Z,2026-08-05T12:00:00+0200,4.16,EUR/MWh,FR,FR,day_ahead_price,value,2026-08-21T12:09:10Z
2026-08-21T12:03:35Z,2026-08-21T14:03:35+0200,5cef1f60-1e78-40ab-8a35-fe731affab16,2026-08-05T10:15:00Z,2026-08-05T12:15:00+0200,0.56,EUR/MWh,FR,FR,day_ahead_price,value,2026-08-21T12:09:10Z
2026-08-21T12:03:35Z,2026-08-21T14:03:35+0200,5cef1f60-1e78-40ab-8a35-fe731affab16,2026-08-05T10:30:00Z,2026-08-05T12:30:00+0200,0.62,EUR/MWh,FR,FR,day_ahead_price,value,2026-08-21T12:09:10Z
2026-08-21T12:03:35Z,2026-08-21T14:03:35+0200,5cef1f60-1e78-40ab-8a35-fe731affab16,2026-08-05T10:45:00Z,2026-08-05T12:45:00+0200,0.0,EUR/MWh,FR,FR,day_ahead_price,value,2026-08-21T12:09:10Z
2026-08-21T12:03:35Z,2026-08-21T14:03:35+0200,5cef1f60-1e78-40ab-8a35-fe731affab16,2026-08-05T11:00:00Z,2026-08-05T13:00:00+0200,0.0,EUR/MWh,FR,FR,day_ahead_price,value,2026-08-21T12:09:10Z
2026-08-21T12:03:35Z,2026-08-21T14:03:35+0200,5cef1f60-1e78-40ab-8a35-fe731affab16,2026-08-05T11:15:00Z,2026-08-05T13:15:00+0200,0.0,EUR/MWh,FR,FR,day_ahead_price,value,2026-08-21T12:09:10Z
2026-08-21T12:03:35Z,2026-08-21T14:03:35+0200,5cef1f60-1e78-40ab-8a35-fe731affab16,2026-08-05T11:30:00Z,2026-08-05T13:30:00+0200,0.0,EUR/MWh,FR,FR,day_ahead_price,value,2026-08-21T12:09:10Z
2026-08-21T12:03:35Z,2026-08-21T14:03:35+0200,5cef1f60-1e78-40ab-8a35-fe731affab16,2026-08-05T11:45:00Z,2026-08-05T13:45:00+0200,0.0,EUR/MWh,FR,FR,day_ahead_price,value,2026-08-21T12:09:10Z
2026-08-21T12:03:35Z,2026-08-21T14:03:35+0200,5cef1f60-1e78-40ab-8a35-fe731affab16,2026-08-05T12:00:00Z,2026-08-05T14:00:00+0200,0.0,EUR/MWh,FR,FR,day_ahead_price,value,2026-08-21T12:09:10Z
2026-08-21T12:03:35Z,2026-08-21T14:03:35+0200,5cef1f60-1e78-40ab-8a35-fe731affab16,2026-08-05T12:15:00Z,2026-08-05T14:15:00+0200,0.0,EUR/MWh,FR,FR,day_ahead_price,value,2026-08-21T12:09:10Z
2026-08-21T12:03:35Z,2026-08-21T14:03:35+0200,5cef1f60-1e78-40ab-8a35-fe731affab16,2026-08-05T12:30:00Z,2026-08-05T14:30:00+0200,0.0,EUR/MWh,FR,FR,day_ahead_price,value,2026-08-21T12:09:10Z
2026-08-21T12:03:35Z,2026-08-21T14:03:35+0200,5cef1f60-1e78-40ab-8a35-fe731affab16,2026-08-05T12:45:00Z,2026-08-05T14:45:00+0200,0.0,EUR/MWh,FR,FR,day_ahead_price,value,2026-08-21T12:09:10Z
2026-08-21T12:03:35Z,2026-08-21T14:03:35+0200,5cef1f60-1e78-40ab-8a35-fe731affab16,2026-08-05T13:00:00Z,2026-08-05T15:00:00+0200,0.0,EUR/MWh,FR,FR,day_ahead_price,value,2026-08-21T12:09:10Z
2026-08-21T12:03:35Z,2026-08-21T14:03:35+0200,5cef1f60-1e78-40ab-8a35-fe731affab16,2026-08-05T13:15:00Z,2026-08-05T15:15:00+0200,0.0,EUR/MWh,FR,FR,day_ahead_price,value,2026-08-21T12:09:10Z
2026-08-21T12:03:35Z,2026-08-21T14:03:35+0200,5cef1f60-1e78-40ab-8a35-fe731affab16,2026-08-05T13:30:00Z,2026-08-05T15:30:00+0200,0.0,EUR/MWh,FR,FR,day_ahead_price,value,2026-08-21T12:09:10Z
2026-08-21T12:03:35Z,2026-08-21T14:03:35+0200,5cef1f60-1e78-40ab-8a35-fe731affab16,2026-08-05T13:45:00Z,2026-08-05T15:45:00+0200,0.0,EUR/MWh,FR,FR,day_ahead_price,value,2026-08-21T12:09:10Z
2026-08-21T12:03:35Z,2026-08-21T14:03:35+0200,5cef1f60-1e78-40ab-8a35-fe731affab16,2026-08-05T14:00:00Z,2026-08-05T16:00:00+0200,0.0,EUR/MWh,FR,FR,day_ahead_price,value,2026-08-21T12:09:10Z
2026-08-21T12:03:35Z,2026-08-21T14:03:35+0200,5cef1f60-1e78-40ab-8a35-fe731affab16,2026-08-05T14:15:00Z,2026-08-05T16:15:00+0200,0.0,EUR/MWh,FR,FR,day_ahead_price,value,2026-08-21T12:09:10Z
2026-08-21T12:03:35Z,2026-08-21T14:03:35+0200,5cef1f60-1e78-40ab-8a35-fe731affab16,2026-08-05T14:30:00Z,2026-08-05T16:30:00+0200,0.0,EUR/MWh,FR,FR,day_ahead_price,value,2026-08-21T12:09:10Z
2026-08-21T12:03:35Z,2026-08-21T14:03:35+0200,5cef1f60-1e78-40ab-8a35-fe731affab16,2026-08-05T14:45:00Z,2026-08-05T16:45:00+0200,0.0,EUR/MWh,FR,FR,day_ahead_price,value,2026-08-21T12:09:10Z
2026-08-21T12:03:35Z,2026-08-21T14:03:35+0200,5cef1f60-1e78-40ab-8a35-fe731affab16,2026-08-05T15:00:00Z,2026-08-05T17:00:00+0200,7.0,EUR/MWh,FR,FR,day_ahead_price,value,2026-08-21T12:09:10Z
2026-08-21T12:03:35Z,2026-08-21T14:03:35+0200,5cef1f60-1e78-40ab-8a35-fe731affab16,2026-08-05T15:15:00Z,2026-08-05T17:15:00+0200,35.0,EUR/MWh,FR,FR,day_ahead_price,value,2026-08-21T12:09:10Z
2026-08-21T12:03:35Z,2026-08-21T14:03:35+0200,5cef1f60-1e78-40ab-8a35-fe731affab16,2026-08-05T15:30:00Z,2026-08-05T17:30:00+0200,74.95,EUR/MWh,FR,FR,day_ahead_price,value,2026-08-21T12:09:10Z
2026-08-21T12:03:35Z,2026-08-21T14:03:35+0200,5cef1f60-1e78-40ab-8a35-fe731affab16,2026-08-05T15:45:00Z,2026-08-05T17:45:00+0200,84.05,EUR/MWh,FR,FR,day_ahead_price,value,2026-08-21T12:09:10Z
2026-08-21T12:03:35Z,2026-08-21T14:03:35+0200,5cef1f60-1e78-40ab-8a35-fe731affab16,2026-08-05T16:00:00Z,2026-08-05T18:00:00+0200,68.96,EUR/MWh,FR,FR,day_ahead_price,value,2026-08-21T12:09:10Z
2026-08-21T12:03:35Z,2026-08-21T14:03:35+0200,5cef1f60-1e78-40ab-8a35-fe731affab16,2026-08-05T16:15:00Z,2026-08-05T18:15:00+0200,97.0,EUR/MWh,FR,FR,day_ahead_price,value,2026-08-21T12:09:10Z
2026-08-21T12:03:35Z,2026-08-21T14:03:35+0200,5cef1f60-1e78-40ab-8a35-fe731affab16,2026-08-05T16:30:00Z,2026-08-05T18:30:00+0200,99.7,EUR/MWh,FR,FR,day_ahead_price,value,2026-08-21T12:09:10Z
2026-08-21T12:03:35Z,2026-08-21T14:03:35+0200,5cef1f60-1e78-40ab-8a35-fe731affab16,2026-08-05T16:45:00Z,2026-08-05T18:45:00+0200,115.14,EUR/MWh,FR,FR,day_ahead_price,value,2026-08-21T12:09:10Z
2026-08-21T12:03:35Z,2026-08-21T14:03:35+0200,5cef1f60-1e78-40ab-8a35-fe731affab16,2026-08-05T17:00:00Z,2026-08-05T19:00:00+0200,110.0,EUR/MWh,FR,FR,day_ahead_price,value,2026-08-21T12:09:10Z
2026-08-21T12:03:35Z,2026-08-21T14:03:35+0200,5cef1f60-1e78-40ab-8a35-fe731affab16,2026-08-05T17:15:00Z,2026-08-05T19:15:00+0200,130.0,EUR/MWh,FR,FR,day_ahead_price,value,2026-08-21T12:09:10Z
2026-08-21T12:03:35Z,2026-08-21T14:03:35+0200,5cef1f60-1e78-40ab-8a35-fe731affab16,2026-08-05T17:30:00Z,2026-08-05T19:30:00+0200,152.47,EUR/MWh,FR,FR,day_ahead_price,value,2026-08-21T12:09:10Z
2026-08-21T12:03:35Z,2026-08-21T14:03:35+0200,5cef1f60-1e78-40ab-8a35-fe731affab16,2026-08-05T17:45:00Z,2026-08-05T19:45:00+0200,166.48,EUR/MWh,FR,FR,day_ahead_price,value,2026-08-21T12:09:10Z
2026-08-21T12:03:35Z,2026-08-21T14:03:35+0200,5cef1f60-1e78-40ab-8a35-fe731affab16,2026-08-05T18:00:00Z,2026-08-05T20:00:00+0200,145.0,EUR/MWh,FR,FR,day_ahead_price,value,2026-08-21T12:09:10Z
2026-08-21T12:03:35Z,2026-08-21T14:03:35+0200,5cef1f60-1e78-40ab-8a35-fe731affab16,2026-08-05T18:15:00Z,2026-08-05T20:15:00+0200,158.29,EUR/MWh,FR,FR,day_ahead_price,value,2026-08-21T12:09:10Z
2026-08-21T12:03:35Z,2026-08-21T14:03:35+0200,5cef1f60-1e78-40ab-8a35-fe731affab16,2026-08-05T18:30:00Z,2026-08-05T20:30:00+0200,154.65,EUR/MWh,FR,FR,day_ahead_price,value,2026-08-21T12:09:10Z
2026-08-21T12:03:35Z,2026-08-21T14:03:35+0200,5cef1f60-1e78-40ab-8a35-fe731affab16,2026-08-05T18:45:00Z,2026-08-05T20:45:00+0200,156.23,EUR/MWh,FR,FR,day_ahead_price,value,2026-08-21T12:09:10Z
2026-08-21T12:03:35Z,2026-08-21T14:03:35+0200,5cef1f60-1e78-40ab-8a35-fe731affab16,2026-08-05T19:00:00Z,2026-08-05T21:00:00+0200,143.17,EUR/MWh,FR,FR,day_ahead_price,value,2026-08-21T12:09:10Z
2026-08-21T12:03:35Z,2026-08-21T14:03:35+0200,5cef1f60-1e78-40ab-8a35-fe731affab16,2026-08-05T19:15:00Z,2026-08-05T21:15:00+0200,148.64,EUR/MWh,FR,FR,day_ahead_price,value,2026-08-21T12:09:10Z
2026-08-21T12:03:35Z,2026-08-21T14:03:35+0200,5cef1f60-1e78-40ab-8a35-fe731affab16,2026-08-05T19:30:00Z,2026-08-05T21:30:00+0200,146.57,EUR/MWh,FR,FR,day_ahead_price,value,2026-08-21T12:09:10Z
2026-08-21T12:03:35Z,2026-08-21T14:03:35+0200,5cef1f60-1e78-40ab-8a35-fe731affab16,2026-08-05T19:45:00Z,2026-08-05T21:45:00+0200,140.66,EUR/MWh,FR,FR,day_ahead_price,value,2026-08-21T12:09:10Z
2026-08-21T12:03:35Z,2026-08-21T14:03:35+0200,5cef1f60-1e78-40ab-8a35-fe731affab16,2026-08-05T20:00:00Z,2026-08-05T22:00:00+0200,158.23,EUR/MWh,FR,FR,day_ahead_price,value,2026-08-21T12:09:10Z
2026-08-21T12:03:35Z,2026-08-21T14:03:35+0200,5cef1f60-1e78-40ab-8a35-fe731affab16,2026-08-05T20:15:00Z,2026-08-05T22:15:00+0200,153.47,EUR/MWh,FR,FR,day_ahead_price,value,2026-08-21T12:09:10Z
2026-08-21T12:03:35Z,2026-08-21T14:03:35+0200,5cef1f60-1e78-40ab-8a35-fe731affab16,2026-08-05T20:30:00Z,2026-08-05T22:30:00+0200,175.54,EUR/MWh,FR,FR,day_ahead_price,value,2026-08-21T12:09:10Z
2026-08-21T12:03:35Z,2026-08-21T14:03:35+0200,5cef1f60-1e78-40ab-8a35-fe731affab16,2026-08-05T20:45:00Z,2026-08-05T22:45:00+0200,169.35,EUR/MWh,FR,FR,day_ahead_price,value,2026-08-21T12:09:10Z
2026-08-21T12:03:35Z,2026-08-21T14:03:35+0200,5cef1f60-1e78-40ab-8a35-fe731affab16,2026-08-05T21:00:00Z,2026-08-05T23:00:00+0200,156.23,EUR/MWh,FR,FR,day_ahead_price,value,2026-08-21T12:09:10Z
2026-08-21T12:03:35Z,2026-08-21T14:03:35+0200,5cef1f60-1e78-40ab-8a35-fe731affab16,2026-08-05T21:15:00Z,2026-08-05T23:15:00+0200,151.48,EUR/MWh,FR,FR,day_ahead_price,value,2026-08-21T12:09:10Z
2026-08-21T12:03:35Z,2026-08-21T14:03:35+0200,5cef1f60-1e78-40ab-8a35-fe731affab16,2026-08-05T21:30:00Z,2026-08-05T23:30:00+0200,165.44,EUR/MWh,FR,FR,day_ahead_price,value,2026-08-21T12:09:10Z
2026-08-21T12:03:35Z,2026-08-21T14:03:35+0200,5cef1f60-1e78-40ab-8a35-fe731affab16,2026-08-05T21:45:00Z,2026-08-05T23:45:00+0200,147.2,EUR/MWh,FR,FR,day_ahead_price,value,2026-08-21T12:09:10Z
2026-08-21T12:03:35Z,2026-08-21T14:03:35+0200,5cef1f60-1e78-40ab-8a35-fe731affab16,2026-08-05T22:00:00Z,2026-08-06T00:00:00+0200,170.21,EUR/MWh,FR,FR,day_ahead_price,value,2026-08-21T12:09:10Z
2026-08-21T12:03:35Z,2026-08-21T14:03:35+0200,5cef1f60-1e78-40ab-8a35-fe731affab16,2026-08-05T22:15:00Z,2026-08-06T00:15:00+0200,161.41,EUR/MWh,FR,FR,day_ahead_price,value,2026-08-21T12:09:10Z
2026-08-21T12:03:35Z,2026-08-21T14:03:35+0200,5cef1f60-1e78-40ab-8a35-fe731affab16,2026-08-05T22:30:00Z,2026-08-06T00:30:00+0200,135.49,EUR/MWh,FR,FR,day_ahead_price,value,2026-08-21T12:09:10Z
2026-08-21T12:03:35Z,2026-08-21T14:03:35+0200,5cef1f60-1e78-40ab-8a35-fe731affab16,2026-08-05T22:45:00Z,2026-08-06T00:45:00+0200,143.29,EUR/MWh,FR,FR,day_ahead_price,value,2026-08-21T12:09:10Z
2026-08-21T12:03:35Z,2026-08-21T14:03:35+0200,5cef1f60-1e78-40ab-8a35-fe731affab16,2026-08-05T23:00:00Z,2026-08-06T01:00:00+0200,125.26,EUR/MWh,FR,FR,day_ahead_price,value,2026-08-21T12:09:10Z
2026-08-21T12:03:35Z,2026-08-21T14:03:35+0200,5cef1f60-1e78-40ab-8a35-fe731affab16,2026-08-05T23:15:00Z,2026-08-06T01:15:00+0200,135.36,EUR/MWh,FR,FR,day_ahead_price,value,2026-08-21T12:09:10Z
2026-08-21T12:03:35Z,2026-08-21T14:03:35+0200,5cef1f60-1e78-40ab-8a35-fe731affab16,2026-08-05T23:30:00Z,2026-08-06T01:30:00+0200,152.08,EUR/MWh,FR,FR,day_ahead_price,value,2026-08-21T12:09:10Z
2026-08-21T12:03:35Z,2026-08-21T14:03:35+0200,5cef1f60-1e78-40ab-8a35-fe731affab16,2026-08-05T23:45:00Z,2026-08-06T01:45:00+0200,128.41,EUR/MWh,FR,FR,day_ahead_price,value,2026-08-21T12:09:10Z
2026-08-21T12:03:35Z,2026-08-21T14:03:35+0200,5cef1f60-1e78-40ab-8a35-fe731affab16,2026-08-06T00:00:00Z,2026-08-06T02:00:00+0200,131.13,EUR/MWh,FR,FR,day_ahead_price,value,2026-08-21T12:09:10Z
2026-08-21T12:03:35Z,2026-08-21T14:03:35+0200,5cef1f60-1e78-40ab-8a35-fe731affab16,2026-08-06T00:15:00Z,2026-08-06T02:15:00+0200,129.81,EUR/MWh,FR,FR,day_ahead_price,value,2026-08-21T12:09:10Z
2026-08-21T12:03:35Z,2026-08-21T14:03:35+0200,5cef1f60-1e78-40ab-8a35-fe731affab16,2026-08-06T00:30:00Z,2026-08-06T02:30:00+0200,119.31,EUR/MWh,FR,FR,day_ahead_price,value,2026-08-21T12:09:10Z
2026-08-21T12:03:35Z,2026-08-21T14:03:35+0200,5cef1f60-1e78-40ab-8a35-fe731affab16,2026-08-06T00:45:00Z,2026-08-06T02:45:00+0200,108.2,EUR/MWh,FR,FR,day_ahead_price,value,2026-08-21T12:09:10Z
2026-08-21T12:03:35Z,2026-08-21T14:03:35+0200,5cef1f60-1e78-40ab-8a35-fe731affab16,2026-08-06T01:00:00Z,2026-08-06T03:00:00+0200,119.18,EUR/MWh,FR,FR,day_ahead_price,value,2026-08-21T12:09:10Z
2026-08-21T12:03:35Z,2026-08-21T14:03:35+0200,5cef1f60-1e78-40ab-8a35-fe731affab16,2026-08-06T01:15:00Z,2026-08-06T03:15:00+0200,111.27,EUR/MWh,FR,FR,day_ahead_price,value,2026-08-21T12:09:10Z
2026-08-21T12:03:35Z,2026-08-21T14:03:35+0200,5cef1f60-1e78-40ab-8a35-fe731affab16,2026-08-06T01:30:00Z,2026-08-06T03:30:00+0200,99.05,EUR/MWh,FR,FR,day_ahead_price,value,2026-08-21T12:09:10Z
2026-08-21T12:03:35Z,2026-08-21T14:03:35+0200,5cef1f60-1e78-40ab-8a35-fe731affab16,2026-08-06T01:45:00Z,2026-08-06T03:45:00+0200,109.3,EUR/MWh,FR,FR,day_ahead_price,value,2026-08-21T12:09:10Z
2026-08-21T12:03:35Z,2026-08-21T14:03:35+0200,5cef1f60-1e78-40ab-8a35-fe731affab16,2026-08-06T02:00:00Z,2026-08-06T04:00:00+0200,109.05,EUR/MWh,FR,FR,day_ahead_price,value,2026-08-21T12:09:10Z
2026-08-21T12:03:35Z,2026-08-21T14:03:35+0200,5cef1f60-1e78-40ab-8a35-fe731affab16,2026-08-06T02:15:00Z,2026-08-06T04:15:00+0200,103.33,EUR/MWh,FR,FR,day_ahead_price,value,2026-08-21T12:09:10Z
2026-08-21T12:03:35Z,2026-08-21T14:03:35+0200,5cef1f60-1e78-40ab-8a35-fe731affab16,2026-08-06T02:30:00Z,2026-08-06T04:30:00+0200,108.98,EUR/MWh,FR,FR,day_ahead_price,value,2026-08-21T12:09:10Z
2026-08-21T12:03:35Z,2026-08-21T14:03:35+0200,5cef1f60-1e78-40ab-8a35-fe731affab16,2026-08-06T02:45:00Z,2026-08-06T04:45:00+0200,115.9,EUR/MWh,FR,FR,day_ahead_price,value,2026-08-21T12:09:10Z
2026-08-21T12:03:35Z,2026-08-21T14:03:35+0200,5cef1f60-1e78-40ab-8a35-fe731affab16,2026-08-06T03:00:00Z,2026-08-06T05:00:00+0200,123.33,EUR/MWh,FR,FR,day_ahead_price,value,2026-08-21T12:09:10Z
2026-08-21T12:03:35Z,2026-08-21T14:03:35+0200,5cef1f60-1e78-40ab-8a35-fe731affab16,2026-08-06T03:15:00Z,2026-08-06T05:15:00+0200,114.75,EUR/MWh,FR,FR,day_ahead_price,value,2026-08-21T12:09:10Z
2026-08-21T12:03:35Z,2026-08-21T14:03:35+0200,5cef1f60-1e78-40ab-8a35-fe731affab16,2026-08-06T03:30:00Z,2026-08-06T05:30:00+0200,120.66,EUR/MWh,FR,FR,day_ahead_price,value,2026-08-21T12:09:10Z
2026-08-21T12:03:35Z,2026-08-21T14:03:35+0200,5cef1f60-1e78-40ab-8a35-fe731affab16,2026-08-06T03:45:00Z,2026-08-06T05:45:00+0200,138.31,EUR/MWh,FR,FR,day_ahead_price,value,2026-08-21T12:09:10Z
2026-08-21T12:03:35Z,2026-08-21T14:03:35+0200,5cef1f60-1e78-40ab-8a35-fe731affab16,2026-08-06T04:00:00Z,2026-08-06T06:00:00+0200,142.99,EUR/MWh,FR,FR,day_ahead_price,value,2026-08-21T12:09:10Z
2026-08-21T12:03:35Z,2026-08-21T14:03:35+0200,5cef1f60-1e78-40ab-8a35-fe731affab16,2026-08-06T04:15:00Z,2026-08-06T06:15:00+0200,143.06,EUR/MWh,FR,FR,day_ahead_price,value,2026-08-21T12:09:10Z
2026-08-21T12:03:35Z,2026-08-21T14:03:35+0200,5cef1f60-1e78-40ab-8a35-fe731affab16,2026-08-06T04:30:00Z,2026-08-06T06:30:00+0200,141.1,EUR/MWh,FR,FR,day_ahead_price,value,2026-08-21T12:09:10Z
2026-08-21T12:03:35Z,2026-08-21T14:03:35+0200,5cef1f60-1e78-40ab-8a35-fe731affab16,2026-08-06T04:45:00Z,2026-08-06T06:45:00+0200,153.08,EUR/MWh,FR,FR,day_ahead_price,value,2026-08-21T12:09:10Z
2026-08-21T12:03:35Z,2026-08-21T14:03:35+0200,5cef1f60-1e78-40ab-8a35-fe731affab16,2026-08-06T05:00:00Z,2026-08-06T07:00:00+0200,153.3,EUR/MWh,FR,FR,day_ahead_price,value,2026-08-21T12:09:10Z
2026-08-21T12:03:35Z,2026-08-21T14:03:35+0200,5cef1f60-1e78-40ab-8a35-fe731affab16,2026-08-06T05:15:00Z,2026-08-06T07:15:00+0200,153.21,EUR/MWh,FR,FR,day_ahead_price,value,2026-08-21T12:09:10Z
2026-08-21T12:03:35Z,2026-08-21T14:03:35+0200,5cef1f60-1e78-40ab-8a35-fe731affab16,2026-08-06T05:30:00Z,2026-08-06T07:30:00+0200,152.91,EUR/MWh,FR,FR,day_ahead_price,value,2026-08-21T12:09:10Z
2026-08-21T12:03:35Z,2026-08-21T14:03:35+0200,5cef1f60-1e78-40ab-8a35-fe731affab16,2026-08-06T05:45:00Z,2026-08-06T07:45:00+0200,131.66,EUR/MWh,FR,FR,day_ahead_price,value,2026-08-21T12:09:10Z
2026-08-21T12:03:35Z,2026-08-21T14:03:35+0200,5cef1f60-1e78-40ab-8a35-fe731affab16,2026-08-06T06:00:00Z,2026-08-06T08:00:00+0200,172.09,EUR/MWh,FR,FR,day_ahead_price,value,2026-08-21T12:09:10Z
2026-08-21T12:03:35Z,2026-08-21T14:03:35+0200,5cef1f60-1e78-40ab-8a35-fe731affab16,2026-08-06T06:15:00Z,2026-08-06T08:15:00+0200,146.6,EUR/MWh,FR,FR,day_ahead_price,value,2026-08-21T12:09:10Z
2026-08-21T12:03:35Z,2026-08-21T14:03:35+0200,5cef1f60-1e78-40ab-8a35-fe731affab16,2026-08-06T06:30:00Z,2026-08-06T08:30:00+0200,131.46,EUR/MWh,FR,FR,day_ahead_price,value,2026-08-21T12:09:10Z
2026-08-21T12:03:35Z,2026-08-21T14:03:35+0200,5cef1f60-1e78-40ab-8a35-fe731affab16,2026-08-06T06:45:00Z,2026-08-06T08:45:00+0200,110.77,EUR/MWh,FR,FR,day_ahead_price,value,2026-08-21T12:09:10Z
2026-08-21T12:03:35Z,2026-08-21T14:03:35+0200,5cef1f60-1e78-40ab-8a35-fe731affab16,2026-08-06T07:00:00Z,2026-08-06T09:00:00+0200,139.63,EUR/MWh,FR,FR,day_ahead_price,value,2026-08-21T12:09:10Z
2026-08-21T12:03:35Z,2026-08-21T14:03:35+0200,5cef1f60-1e78-40ab-8a35-fe731affab16,2026-08-06T07:15:00Z,2026-08-06T09:15:00+0200,110.0,EUR/MWh,FR,FR,day_ahead_price,value,2026-08-21T12:09:10Z
2026-08-21T12:03:35Z,2026-08-21T14:03:35+0200,5cef1f60-1e78-40ab-8a35-fe731affab16,2026-08-06T07:30:00Z,2026-08-06T09:30:00+0200,90.2,EUR/MWh,FR,FR,day_ahead_price,value,2026-08-21T12:09:10Z
2026-08-21T12:03:35Z,2026-08-21T14:03:35+0200,5cef1f60-1e78-40ab-8a35-fe731affab16,2026-08-06T07:45:00Z,2026-08-06T09:45:00+0200,50.0,EUR/MWh,FR,FR,day_ahead_price,value,2026-08-21T12:09:10Z
2026-08-21T12:03:35Z,2026-08-21T14:03:35+0200,5cef1f60-1e78-40ab-8a35-fe731affab16,2026-08-06T08:00:00Z,2026-08-06T10:00:00+0200,73.8,EUR/MWh,FR,FR,day_ahead_price,value,2026-08-21T12:09:10Z
2026-08-21T12:03:35Z,2026-08-21T14:03:35+0200,5cef1f60-1e78-40ab-8a35-fe731affab16,2026-08-06T08:15:00Z,2026-08-06T10:15:00+0200,40.0,EUR/MWh,FR,FR,day_ahead_price,value,2026-08-21T12:09:10Z
2026-08-21T12:03:35Z,2026-08-21T14:03:35+0200,5cef1f60-1e78-40ab-8a35-fe731affab16,2026-08-06T08:30:00Z,2026-08-06T10:30:00+0200,13.51,EUR/MWh,FR,FR,day_ahead_price,value,2026-08-21T12:09:10Z
2026-08-21T12:03:35Z,2026-08-21T14:03:35+0200,5cef1f60-1e78-40ab-8a35-fe731affab16,2026-08-06T08:45:00Z,2026-08-06T10:45:00+0200,3.78,EUR/MWh,FR,FR,day_ahead_price,value,2026-08-21T12:09:10Z
2026-08-21T12:03:35Z,2026-08-21T14:03:35+0200,5cef1f60-1e78-40ab-8a35-fe731affab16,2026-08-06T09:00:00Z,2026-08-06T11:00:00+0200,5.99,EUR/MWh,FR,FR,day_ahead_price,value,2026-08-21T12:09:10Z
2026-08-21T12:03:35Z,2026-08-21T14:03:35+0200,5cef1f60-1e78-40ab-8a35-fe731affab16,2026-08-06T09:15:00Z,2026-08-06T11:15:00+0200,4.87,EUR/MWh,FR,FR,day_ahead_price,value,2026-08-21T12:09:10Z
2026-08-21T12:03:35Z,2026-08-21T14:03:35+0200,5cef1f60-1e78-40ab-8a35-fe731affab16,2026-08-06T09:30:00Z,2026-08-06T11:30:00+0200,4.17,EUR/MWh,FR,FR,day_ahead_price,value,2026-08-21T12:09:10Z
2026-08-21T12:03:35Z,2026-08-21T14:03:35+0200,5cef1f60-1e78-40ab-8a35-fe731affab16,2026-08-06T09:45:00Z,2026-08-06T11:45:00+0200,1.95,EUR/MWh,FR,FR,day_ahead_price,value,2026-08-21T12:09:10Z
2026-08-21T12:03:35Z,2026-08-21T14:03:35+0200,5cef1f60-1e78-40ab-8a35-fe731affab16,2026-08-06T10:00:00Z,2026-08-06T12:00:00+0200,4.91,EUR/MWh,FR,FR,day_ahead_price,value,2026-08-21T12:09:10Z
2026-08-21T12:03:35Z,2026-08-21T14:03:35+0200,5cef1f60-1e78-40ab-8a35-fe731affab16,2026-08-06T10:15:00Z,2026-08-06T12:15:00+0200,5.0,EUR/MWh,FR,FR,day_ahead_price,value,2026-08-21T12:09:10Z
2026-08-21T12:03:35Z,2026-08-21T14:03:35+0200,5cef1f60-1e78-40ab-8a35-fe731affab16,2026-08-06T10:30:00Z,2026-08-06T12:30:00+0200,5.62,EUR/MWh,FR,FR,day_ahead_price,value,2026-08-21T12:09:10Z
2026-08-21T12:03:35Z,2026-08-21T14:03:35+0200,5cef1f60-1e78-40ab-8a35-fe731affab16,2026-08-06T10:45:00Z,2026-08-06T12:45:00+0200,5.01,EUR/MWh,FR,FR,day_ahead_price,value,2026-08-21T12:09:10Z
2026-08-21T12:03:35Z,2026-08-21T14:03:35+0200,5cef1f60-1e78-40ab-8a35-fe731affab16,2026-08-06T11:00:00Z,2026-08-06T13:00:00+0200,2.0,EUR/MWh,FR,FR,day_ahead_price,value,2026-08-21T12:09:10Z
2026-08-21T12:03:35Z,2026-08-21T14:03:35+0200,5cef1f60-1e78-40ab-8a35-fe731affab16,2026-08-06T11:15:00Z,2026-08-06T13:15:00+0200,2.0,EUR/MWh,FR,FR,day_ahead_price,value,2026-08-21T12:09:10Z
2026-08-21T12:03:35Z,2026-08-21T14:03:35+0200,5cef1f60-1e78-40ab-8a35-fe731affab16,2026-08-06T11:30:00Z,2026-08-06T13:30:00+0200,1.82,EUR/MWh,FR,FR,day_ahead_price,value,2026-08-21T12:09:10Z
2026-08-21T12:03:35Z,2026-08-21T14:03:35+0200,5cef1f60-1e78-40ab-8a35-fe731affab16,2026-08-06T11:45:00Z,2026-08-06T13:45:00+0200,1.5,EUR/MWh,FR,FR,day_ahead_price,value,2026-08-21T12:09:10Z
2026-08-21T12:03:35Z,2026-08-21T14:03:35+0200,5cef1f60-1e78-40ab-8a35-fe731affab16,2026-08-06T12:00:00Z,2026-08-06T14:00:00+0200,3.36,EUR/MWh,FR,FR,day_ahead_price,value,2026-08-21T12:09:10Z
2026-08-21T12:03:35Z,2026-08-21T14:03:35+0200,5cef1f60-1e78-40ab-8a35-fe731affab16,2026-08-06T12:15:00Z,2026-08-06T14:15:00+0200,3.32,EUR/MWh,FR,FR,day_ahead_price,value,2026-08-21T12:09:10Z
2026-08-21T12:03:35Z,2026-08-21T14:03:35+0200,5cef1f60-1e78-40ab-8a35-fe731affab16,2026-08-06T12:30:00Z,2026-08-06T14:30:00+0200,3.36,EUR/MWh,FR,FR,day_ahead_price,value,2026-08-21T12:09:10Z
2026-08-21T12:03:35Z,2026-08-21T14:03:35+0200,5cef1f60-1e78-40ab-8a35-fe731affab16,2026-08-06T12:45:00Z,2026-08-06T14:45:00+0200,2.0,EUR/MWh,FR,FR,day_ahead_price,value,2026-08-21T12:09:10Z
2026-08-21T12:03:35Z,2026-08-21T14:03:35+0200,5cef1f60-1e78-40ab-8a35-fe731affab16,2026-08-06T13:00:00Z,2026-08-06T15:00:00+0200,2.86,EUR/MWh,FR,FR,day_ahead_price,value,2026-08-21T12:09:10Z
2026-08-21T12:03:35Z,2026-08-21T14:03:35+0200,5cef1f60-1e78-40ab-8a35-fe731affab16,2026-08-06T13:15:00Z,2026-08-06T15:15:00+0200,2.2,EUR/MWh,FR,FR,day_ahead_price,value,2026-08-21T12:09:10Z
2026-08-21T12:03:35Z,2026-08-21T14:03:35+0200,5cef1f60-1e78-40ab-8a35-fe731affab16,2026-08-06T13:30:00Z,2026-08-06T15:30:00+0200,1.82,EUR/MWh,FR,FR,day_ahead_price,value,2026-08-21T12:09:10Z
2026-08-21T12:03:35Z,2026-08-21T14:03:35+0200,5cef1f60-1e78-40ab-8a35-fe731affab16,2026-08-06T13:45:00Z,2026-08-06T15:45:00+0200,2.2,EUR/MWh,FR,FR,day_ahead_price,value,2026-08-21T12:09:10Z
2026-08-21T12:03:35Z,2026-08-21T14:03:35+0200,5cef1f60-1e78-40ab-8a35-fe731affab16,2026-08-06T14:00:00Z,2026-08-06T16:00:00+0200,1.95,EUR/MWh,FR,FR,day_ahead_price,value,2026-08-21T12:09:10Z
2026-08-21T12:03:35Z,2026-08-21T14:03:35+0200,5cef1f60-1e78-40ab-8a35-fe731affab16,2026-08-06T14:15:00Z,2026-08-06T16:15:00+0200,2.81,EUR/MWh,FR,FR,day_ahead_price,value,2026-08-21T12:09:10Z
2026-08-21T12:03:35Z,2026-08-21T14:03:35+0200,5cef1f60-1e78-40ab-8a35-fe731affab16,2026-08-06T14:30:00Z,2026-08-06T16:30:00+0200,2.81,EUR/MWh,FR,FR,day_ahead_price,value,2026-08-21T12:09:10Z
2026-08-21T12:03:35Z,2026-08-21T14:03:35+0200,5cef1f60-1e78-40ab-8a35-fe731affab16,2026-08-06T14:45:00Z,2026-08-06T16:45:00+0200,6.76,EUR/MWh,FR,FR,day_ahead_price,value,2026-08-21T12:09:10Z
2026-08-21T12:03:35Z,2026-08-21T14:03:35+0200,5cef1f60-1e78-40ab-8a35-fe731affab16,2026-08-06T15:00:00Z,2026-08-06T17:00:00+0200,9.58,EUR/MWh,FR,FR,day_ahead_price,value,2026-08-21T12:09:10Z
2026-08-21T12:03:35Z,2026-08-21T14:03:35+0200,5cef1f60-1e78-40ab-8a35-fe731affab16,2026-08-06T15:15:00Z,2026-08-06T17:15:00+0200,35.26,EUR/MWh,FR,FR,day_ahead_price,value,2026-08-21T12:09:10Z
2026-08-21T12:03:35Z,2026-08-21T14:03:35+0200,5cef1f60-1e78-40ab-8a35-fe731affab16,2026-08-06T15:30:00Z,2026-08-06T17:30:00+0200,59.2,EUR/MWh,FR,FR,day_ahead_price,value,2026-08-21T12:09:10Z
2026-08-21T12:03:35Z,2026-08-21T14:03:35+0200,5cef1f60-1e78-40ab-8a35-fe731affab16,2026-08-06T15:45:00Z,2026-08-06T17:45:00+0200,80.04,EUR/MWh,FR,FR,day_ahead_price,value,2026-08-21T12:09:10Z
2026-08-21T12:03:35Z,2026-08-21T14:03:35+0200,5cef1f60-1e78-40ab-8a35-fe731affab16,2026-08-06T16:00:00Z,2026-08-06T18:00:00+0200,82.09,EUR/MWh,FR,FR,day_ahead_price,value,2026-08-21T12:09:10Z
2026-08-21T12:03:35Z,2026-08-21T14:03:35+0200,5cef1f60-1e78-40ab-8a35-fe731affab16,2026-08-06T16:15:00Z,2026-08-06T18:15:00+0200,96.82,EUR/MWh,FR,FR,day_ahead_price,value,2026-08-21T12:09:10Z
2026-08-21T12:03:35Z,2026-08-21T14:03:35+0200,5cef1f60-1e78-40ab-8a35-fe731affab16,2026-08-06T16:30:00Z,2026-08-06T18:30:00+0200,124.35,EUR/MWh,FR,FR,day_ahead_price,value,2026-08-21T12:09:10Z
2026-08-21T12:03:35Z,2026-08-21T14:03:35+0200,5cef1f60-1e78-40ab-8a35-fe731affab16,2026-08-06T16:45:00Z,2026-08-06T18:45:00+0200,145.24,EUR/MWh,FR,FR,day_ahead_price,value,2026-08-21T12:09:10Z
2026-08-21T12:03:35Z,2026-08-21T14:03:35+0200,5cef1f60-1e78-40ab-8a35-fe731affab16,2026-08-06T17:00:00Z,2026-08-06T19:00:00+0200,130.65,EUR/MWh,FR,FR,day_ahead_price,value,2026-08-21T12:09:10Z
2026-08-21T12:03:35Z,2026-08-21T14:03:35+0200,5cef1f60-1e78-40ab-8a35-fe731affab16,2026-08-06T17:15:00Z,2026-08-06T19:15:00+0200,141.72,EUR/MWh,FR,FR,day_ahead_price,value,2026-08-21T12:09:10Z
2026-08-21T12:03:35Z,2026-08-21T14:03:35+0200,5cef1f60-1e78-40ab-8a35-fe731affab16,2026-08-06T17:30:00Z,2026-08-06T19:30:00+0200,160.29,EUR/MWh,FR,FR,day_ahead_price,value,2026-08-21T12:09:10Z
2026-08-21T12:03:35Z,2026-08-21T14:03:35+0200,5cef1f60-1e78-40ab-8a35-fe731affab16,2026-08-06T17:45:00Z,2026-08-06T19:45:00+0200,173.07,EUR/MWh,FR,FR,day_ahead_price,value,2026-08-21T12:09:10Z
2026-08-21T12:03:35Z,2026-08-21T14:03:35+0200,5cef1f60-1e78-40ab-8a35-fe731affab16,2026-08-06T18:00:00Z,2026-08-06T20:00:00+0200,152.47,EUR/MWh,FR,FR,day_ahead_price,value,2026-08-21T12:09:10Z
2026-08-21T12:03:35Z,2026-08-21T14:03:35+0200,5cef1f60-1e78-40ab-8a35-fe731affab16,2026-08-06T18:15:00Z,2026-08-06T20:15:00+0200,170.0,EUR/MWh,FR,FR,day_ahead_price,value,2026-08-21T12:09:10Z
2026-08-21T12:03:35Z,2026-08-21T14:03:35+0200,5cef1f60-1e78-40ab-8a35-fe731affab16,2026-08-06T18:30:00Z,2026-08-06T20:30:00+0200,178.47,EUR/MWh,FR,FR,day_ahead_price,value,2026-08-21T12:09:10Z
2026-08-21T12:03:35Z,2026-08-21T14:03:35+0200,5cef1f60-1e78-40ab-8a35-fe731affab16,2026-08-06T18:45:00Z,2026-08-06T20:45:00+0200,185.08,EUR/MWh,FR,FR,day_ahead_price,value,2026-08-21T12:09:10Z
2026-08-21T12:03:35Z,2026-08-21T14:03:35+0200,5cef1f60-1e78-40ab-8a35-fe731affab16,2026-08-06T19:00:00Z,2026-08-06T21:00:00+0200,182.2,EUR/MWh,FR,FR,day_ahead_price,value,2026-08-21T12:09:10Z
2026-08-21T12:03:35Z,2026-08-21T14:03:35+0200,5cef1f60-1e78-40ab-8a35-fe731affab16,2026-08-06T19:15:00Z,2026-08-06T21:15:00+0200,181.29,EUR/MWh,FR,FR,day_ahead_price,value,2026-08-21T12:09:10Z
2026-08-21T12:03:35Z,2026-08-21T14:03:35+0200,5cef1f60-1e78-40ab-8a35-fe731affab16,2026-08-06T19:30:00Z,2026-08-06T21:30:00+0200,178.19,EUR/MWh,FR,FR,day_ahead_price,value,2026-08-21T12:09:10Z
2026-08-21T12:03:35Z,2026-08-21T14:03:35+0200,5cef1f60-1e78-40ab-8a35-fe731affab16,2026-08-06T19:45:00Z,2026-08-06T21:45:00+0200,171.29,EUR/MWh,FR,FR,day_ahead_price,value,2026-08-21T12:09:10Z
2026-08-21T12:03:35Z,2026-08-21T14:03:35+0200,5cef1f60-1e78-40ab-8a35-fe731affab16,2026-08-06T20:00:00Z,2026-08-06T22:00:00+0200,175.86,EUR/MWh,FR,FR,day_ahead_price,value,2026-08-21T12:09:10Z
2026-08-21T12:03:35Z,2026-08-21T14:03:35+0200,5cef1f60-1e78-40ab-8a35-fe731affab16,2026-08-06T20:15:00Z,2026-08-06T22:15:00+0200,174.6,EUR/MWh,FR,FR,day_ahead_price,value,2026-08-21T12:09:10Z
2026-08-21T12:03:35Z,2026-08-21T14:03:35+0200,5cef1f60-1e78-40ab-8a35-fe731affab16,2026-08-06T20:30:00Z,2026-08-06T22:30:00+0200,178.3,EUR/MWh,FR,FR,day_ahead_price,value,2026-08-21T12:09:10Z
2026-08-21T12:03:35Z,2026-08-21T14:03:35+0200,5cef1f60-1e78-40ab-8a35-fe731affab16,2026-08-06T20:45:00Z,2026-08-06T22:45:00+0200,169.35,EUR/MWh,FR,FR,day_ahead_price,value,2026-08-21T12:09:10Z
2026-08-21T12:03:35Z,2026-08-21T14:03:35+0200,5cef1f60-1e78-40ab-8a35-fe731affab16,2026-08-06T21:00:00Z,2026-08-06T23:00:00+0200,172.49,EUR/MWh,FR,FR,day_ahead_price,value,2026-08-21T12:09:10Z
2026-08-21T12:03:35Z,2026-08-21T14:03:35+0200,5cef1f60-1e78-40ab-8a35-fe731affab16,2026-08-06T21:15:00Z,2026-08-06T23:15:00+0200,164.35,EUR/MWh,FR,FR,day_ahead_price,value,2026-08-21T12:09:10Z
2026-08-21T12:03:35Z,2026-08-21T14:03:35+0200,5cef1f60-1e78-40ab-8a35-fe731affab16,2026-08-06T21:30:00Z,2026-08-06T23:30:00+0200,163.36,EUR/MWh,FR,FR,day_ahead_price,value,2026-08-21T12:09:10Z
2026-08-21T12:03:35Z,2026-08-21T14:03:35+0200,5cef1f60-1e78-40ab-8a35-fe731affab16,2026-08-06T21:45:00Z,2026-08-06T23:45:00+0200,156.29,EUR/MWh,FR,FR,day_ahead_price,value,2026-08-21T12:09:10Z
2026-08-21T12:03:35Z,2026-08-21T14:03:35+0200,5cef1f60-1e78-40ab-8a35-fe731affab16,2026-08-06T22:00:00Z,2026-08-07T00:00:00+0200,156.29,EUR/MWh,FR,FR,day_ahead_price,value,2026-08-21T12:09:10Z
2026-08-21T12:03:35Z,2026-08-21T14:03:35+0200,5cef1f60-1e78-40ab-8a35-fe731affab16,2026-08-06T22:15:00Z,2026-08-07T00:15:00+0200,150.83,EUR/MWh,FR,FR,day_ahead_price,value,2026-08-21T12:09:10Z
2026-08-21T12:03:35Z,2026-08-21T14:03:35+0200,5cef1f60-1e78-40ab-8a35-fe731affab16,2026-08-06T22:30:00Z,2026-08-07T00:30:00+0200,131.57,EUR/MWh,FR,FR,day_ahead_price,value,2026-08-21T12:09:10Z
2026-08-21T12:03:35Z,2026-08-21T14:03:35+0200,5cef1f60-1e78-40ab-8a35-fe731affab16,2026-08-06T22:45:00Z,2026-08-07T00:45:00+0200,121.51,EUR/MWh,FR,FR,day_ahead_price,value,2026-08-21T12:09:10Z
2026-08-21T12:03:35Z,2026-08-21T14:03:35+0200,5cef1f60-1e78-40ab-8a35-fe731affab16,2026-08-06T23:00:00Z,2026-08-07T01:00:00+0200,144.01,EUR/MWh,FR,FR,day_ahead_price,value,2026-08-21T12:09:10Z
2026-08-21T12:03:35Z,2026-08-21T14:03:35+0200,5cef1f60-1e78-40ab-8a35-fe731affab16,2026-08-06T23:15:00Z,2026-08-07T01:15:00+0200,139.49,EUR/MWh,FR,FR,day_ahead_price,value,2026-08-21T12:09:10Z
2026-08-21T12:03:35Z,2026-08-21T14:03:35+0200,5cef1f60-1e78-40ab-8a35-fe731affab16,2026-08-06T23:30:00Z,2026-08-07T01:30:00+0200,140.11,EUR/MWh,FR,FR,day_ahead_price,value,2026-08-21T12:09:10Z
2026-08-21T12:03:35Z,2026-08-21T14:03:35+0200,5cef1f60-1e78-40ab-8a35-fe731affab16,2026-08-06T23:45:00Z,2026-08-07T01:45:00+0200,137.0,EUR/MWh,FR,FR,day_ahead_price,value,2026-08-21T12:09:10Z
2026-08-21T12:03:35Z,2026-08-21T14:03:35+0200,5cef1f60-1e78-40ab-8a35-fe731affab16,2026-08-07T00:00:00Z,2026-08-07T02:00:00+0200,139.53,EUR/MWh,FR,FR,day_ahead_price,value,2026-08-21T12:09:10Z
2026-08-21T12:03:35Z,2026-08-21T14:03:35+0200,5cef1f60-1e78-40ab-8a35-fe731affab16,2026-08-07T00:15:00Z,2026-08-07T02:15:00+0200,130.86,EUR/MWh,FR,FR,day_ahead_price,value,2026-08-21T12:09:10Z
2026-08-21T12:03:35Z,2026-08-21T14:03:35+0200,5cef1f60-1e78-40ab-8a35-fe731affab16,2026-08-07T00:30:00Z,2026-08-07T02:30:00+0200,127.56,EUR/MWh,FR,FR,day_ahead_price,value,2026-08-21T12:09:10Z
2026-08-21T12:03:35Z,2026-08-21T14:03:35+0200,5cef1f60-1e78-40ab-8a35-fe731affab16,2026-08-07T00:45:00Z,2026-08-07T02:45:00+0200,116.04,EUR/MWh,FR,FR,day_ahead_price,value,2026-08-21T12:09:10Z
2026-08-21T12:03:35Z,2026-08-21T14:03:35+0200,5cef1f60-1e78-40ab-8a35-fe731affab16,2026-08-07T01:00:00Z,2026-08-07T03:00:00+0200,122.01,EUR/MWh,FR,FR,day_ahead_price,value,2026-08-21T12:09:10Z
2026-08-21T12:03:35Z,2026-08-21T14:03:35+0200,5cef1f60-1e78-40ab-8a35-fe731affab16,2026-08-07T01:15:00Z,2026-08-07T03:15:00+0200,117.84,EUR/MWh,FR,FR,day_ahead_price,value,2026-08-21T12:09:10Z
2026-08-21T12:03:35Z,2026-08-21T14:03:35+0200,5cef1f60-1e78-40ab-8a35-fe731affab16,2026-08-07T01:30:00Z,2026-08-07T03:30:00+0200,126.4,EUR/MWh,FR,FR,day_ahead_price,value,2026-08-21T12:09:10Z
2026-08-21T12:03:35Z,2026-08-21T14:03:35+0200,5cef1f60-1e78-40ab-8a35-fe731affab16,2026-08-07T01:45:00Z,2026-08-07T03:45:00+0200,125.11,EUR/MWh,FR,FR,day_ahead_price,value,2026-08-21T12:09:10Z
2026-08-21T12:03:35Z,2026-08-21T14:03:35+0200,5cef1f60-1e78-40ab-8a35-fe731affab16,2026-08-07T02:00:00Z,2026-08-07T04:00:00+0200,124.74,EUR/MWh,FR,FR,day_ahead_price,value,2026-08-21T12:09:10Z
2026-08-21T12:03:35Z,2026-08-21T14:03:35+0200,5cef1f60-1e78-40ab-8a35-fe731affab16,2026-08-07T02:15:00Z,2026-08-07T04:15:00+0200,118.07,EUR/MWh,FR,FR,day_ahead_price,value,2026-08-21T12:09:10Z
2026-08-21T12:03:35Z,2026-08-21T14:03:35+0200,5cef1f60-1e78-40ab-8a35-fe731affab16,2026-08-07T02:30:00Z,2026-08-07T04:30:00+0200,123.24,EUR/MWh,FR,FR,day_ahead_price,value,2026-08-21T12:09:10Z
2026-08-21T12:03:35Z,2026-08-21T14:03:35+0200,5cef1f60-1e78-40ab-8a35-fe731affab16,2026-08-07T02:45:00Z,2026-08-07T04:45:00+0200,130.34,EUR/MWh,FR,FR,day_ahead_price,value,2026-08-21T12:09:10Z
2026-08-21T12:03:35Z,2026-08-21T14:03:35+0200,5cef1f60-1e78-40ab-8a35-fe731affab16,2026-08-07T03:00:00Z,2026-08-07T05:00:00+0200,118.3,EUR/MWh,FR,FR,day_ahead_price,value,2026-08-21T12:09:10Z
2026-08-21T12:03:35Z,2026-08-21T14:03:35+0200,5cef1f60-1e78-40ab-8a35-fe731affab16,2026-08-07T03:15:00Z,2026-08-07T05:15:00+0200,128.94,EUR/MWh,FR,FR,day_ahead_price,value,2026-08-21T12:09:10Z
2026-08-21T12:03:35Z,2026-08-21T14:03:35+0200,5cef1f60-1e78-40ab-8a35-fe731affab16,2026-08-07T03:30:00Z,2026-08-07T05:30:00+0200,134.01,EUR/MWh,FR,FR,day_ahead_price,value,2026-08-21T12:09:10Z
2026-08-21T12:03:35Z,2026-08-21T14:03:35+0200,5cef1f60-1e78-40ab-8a35-fe731affab16,2026-08-07T03:45:00Z,2026-08-07T05:45:00+0200,142.52,EUR/MWh,FR,FR,day_ahead_price,value,2026-08-21T12:09:10Z
2026-08-21T12:03:35Z,2026-08-21T14:03:35+0200,5cef1f60-1e78-40ab-8a35-fe731affab16,2026-08-07T04:00:00Z,2026-08-07T06:00:00+0200,150.62,EUR/MWh,FR,FR,day_ahead_price,value,2026-08-21T12:09:10Z
2026-08-21T12:03:35Z,2026-08-21T14:03:35+0200,5cef1f60-1e78-40ab-8a35-fe731affab16,2026-08-07T04:15:00Z,2026-08-07T06:15:00+0200,150.58,EUR/MWh,FR,FR,day_ahead_price,value,2026-08-21T12:09:10Z
2026-08-21T12:03:35Z,2026-08-21T14:03:35+0200,5cef1f60-1e78-40ab-8a35-fe731affab16,2026-08-07T04:30:00Z,2026-08-07T06:30:00+0200,150.5,EUR/MWh,FR,FR,day_ahead_price,value,2026-08-21T12:09:10Z
2026-08-21T12:03:35Z,2026-08-21T14:03:35+0200,5cef1f60-1e78-40ab-8a35-fe731affab16,2026-08-07T04:45:00Z,2026-08-07T06:45:00+0200,156.79,EUR/MWh,FR,FR,day_ahead_price,value,2026-08-21T12:09:10Z
2026-08-21T12:03:35Z,2026-08-21T14:03:35+0200,5cef1f60-1e78-40ab-8a35-fe731affab16,2026-08-07T05:00:00Z,2026-08-07T07:00:00+0200,157.73,EUR/MWh,FR,FR,day_ahead_price,value,2026-08-21T12:09:10Z
2026-08-21T12:03:35Z,2026-08-21T14:03:35+0200,5cef1f60-1e78-40ab-8a35-fe731affab16,2026-08-07T05:15:00Z,2026-08-07T07:15:00+0200,159.4,EUR/MWh,FR,FR,day_ahead_price,value,2026-08-21T12:09:10Z
2026-08-21T12:03:35Z,2026-08-21T14:03:35+0200,5cef1f60-1e78-40ab-8a35-fe731affab16,2026-08-07T05:30:00Z,2026-08-07T07:30:00+0200,153.58,EUR/MWh,FR,FR,day_ahead_price,value,2026-08-21T12:09:10Z
2026-08-21T12:03:35Z,2026-08-21T14:03:35+0200,5cef1f60-1e78-40ab-8a35-fe731affab16,2026-08-07T05:45:00Z,2026-08-07T07:45:00+0200,135.3,EUR/MWh,FR,FR,day_ahead_price,value,2026-08-21T12:09:10Z
2026-08-21T12:03:35Z,2026-08-21T14:03:35+0200,5cef1f60-1e78-40ab-8a35-fe731affab16,2026-08-07T06:00:00Z,2026-08-07T08:00:00+0200,166.93,EUR/MWh,FR,FR,day_ahead_price,value,2026-08-21T12:09:10Z
2026-08-21T12:03:35Z,2026-08-21T14:03:35+0200,5cef1f60-1e78-40ab-8a35-fe731affab16,2026-08-07T06:15:00Z,2026-08-07T08:15:00+0200,151.33,EUR/MWh,FR,FR,day_ahead_price,value,2026-08-21T12:09:10Z
2026-08-21T12:03:35Z,2026-08-21T14:03:35+0200,5cef1f60-1e78-40ab-8a35-fe731affab16,2026-08-07T06:30:00Z,2026-08-07T08:30:00+0200,144.03,EUR/MWh,FR,FR,day_ahead_price,value,2026-08-21T12:09:10Z
2026-08-21T12:03:35Z,2026-08-21T14:03:35+0200,5cef1f60-1e78-40ab-8a35-fe731affab16,2026-08-07T06:45:00Z,2026-08-07T08:45:00+0200,121.29,EUR/MWh,FR,FR,day_ahead_price,value,2026-08-21T12:09:10Z
2026-08-21T12:03:35Z,2026-08-21T14:03:35+0200,5cef1f60-1e78-40ab-8a35-fe731affab16,2026-08-07T07:00:00Z,2026-08-07T09:00:00+0200,150.42,EUR/MWh,FR,FR,day_ahead_price,value,2026-08-21T12:09:10Z
2026-08-21T12:03:35Z,2026-08-21T14:03:35+0200,5cef1f60-1e78-40ab-8a35-fe731affab16,2026-08-07T07:15:00Z,2026-08-07T09:15:00+0200,130.12,EUR/MWh,FR,FR,day_ahead_price,value,2026-08-21T12:09:10Z
2026-08-21T12:03:35Z,2026-08-21T14:03:35+0200,5cef1f60-1e78-40ab-8a35-fe731affab16,2026-08-07T07:30:00Z,2026-08-07T09:30:00+0200,110.0,EUR/MWh,FR,FR,day_ahead_price,value,2026-08-21T12:09:10Z
2026-08-21T12:03:35Z,2026-08-21T14:03:35+0200,5cef1f60-1e78-40ab-8a35-fe731affab16,2026-08-07T07:45:00Z,2026-08-07T09:45:00+0200,93.88,EUR/MWh,FR,FR,day_ahead_price,value,2026-08-21T12:09:10Z
2026-08-21T12:03:35Z,2026-08-21T14:03:35+0200,5cef1f60-1e78-40ab-8a35-fe731affab16,2026-08-07T08:00:00Z,2026-08-07T10:00:00+0200,93.88,EUR/MWh,FR,FR,day_ahead_price,value,2026-08-21T12:09:10Z
2026-08-21T12:03:35Z,2026-08-21T14:03:35+0200,5cef1f60-1e78-40ab-8a35-fe731affab16,2026-08-07T08:15:00Z,2026-08-07T10:15:00+0200,77.35,EUR/MWh,FR,FR,day_ahead_price,value,2026-08-21T12:09:10Z
2026-08-21T12:03:35Z,2026-08-21T14:03:35+0200,5cef1f60-1e78-40ab-8a35-fe731affab16,2026-08-07T08:30:00Z,2026-08-07T10:30:00+0200,54.99,EUR/MWh,FR,FR,day_ahead_price,value,2026-08-21T12:09:10Z
2026-08-21T12:03:35Z,2026-08-21T14:03:35+0200,5cef1f60-1e78-40ab-8a35-fe731affab16,2026-08-07T08:45:00Z,2026-08-07T10:45:00+0200,38.66,EUR/MWh,FR,FR,day_ahead_price,value,2026-08-21T12:09:10Z
2026-08-21T12:03:35Z,2026-08-21T14:03:35+0200,5cef1f60-1e78-40ab-8a35-fe731affab16,2026-08-07T09:00:00Z,2026-08-07T11:00:00+0200,40.95,EUR/MWh,FR,FR,day_ahead_price,value,2026-08-21T12:09:10Z
2026-08-21T12:03:35Z,2026-08-21T14:03:35+0200,5cef1f60-1e78-40ab-8a35-fe731affab16,2026-08-07T09:15:00Z,2026-08-07T11:15:00+0200,37.45,EUR/MWh,FR,FR,day_ahead_price,value,2026-08-21T12:09:10Z
2026-08-21T12:03:35Z,2026-08-21T14:03:35+0200,5cef1f60-1e78-40ab-8a35-fe731affab16,2026-08-07T09:30:00Z,2026-08-07T11:30:00+0200,25.01,EUR/MWh,FR,FR,day_ahead_price,value,2026-08-21T12:09:10Z
2026-08-21T12:03:35Z,2026-08-21T14:03:35+0200,5cef1f60-1e78-40ab-8a35-fe731affab16,2026-08-07T09:45:00Z,2026-08-07T11:45:00+0200,20.02,EUR/MWh,FR,FR,day_ahead_price,value,2026-08-21T12:09:10Z
2026-08-21T12:03:35Z,2026-08-21T14:03:35+0200,5cef1f60-1e78-40ab-8a35-fe731affab16,2026-08-07T10:00:00Z,2026-08-07T12:00:00+0200,25.01,EUR/MWh,FR,FR,day_ahead_price,value,2026-08-21T12:09:10Z
2026-08-21T12:03:35Z,2026-08-21T14:03:35+0200,5cef1f60-1e78-40ab-8a35-fe731affab16,2026-08-07T10:15:00Z,2026-08-07T12:15:00+0200,20.02,EUR/MWh,FR,FR,day_ahead_price,value,2026-08-21T12:09:10Z
2026-08-21T12:03:35Z,2026-08-21T14:03:35+0200,5cef1f60-1e78-40ab-8a35-fe731affab16,2026-08-07T10:30:00Z,2026-08-07T12:30:00+0200,16.75,EUR/MWh,FR,FR,day_ahead_price,value,2026-08-21T12:09:10Z
2026-08-21T12:03:35Z,2026-08-21T14:03:35+0200,5cef1f60-1e78-40ab-8a35-fe731affab16,2026-08-07T10:45:00Z,2026-08-07T12:45:00+0200,20.02,EUR/MWh,FR,FR,day_ahead_price,value,2026-08-21T12:09:10Z
2026-08-21T12:03:35Z,2026-08-21T14:03:35+0200,5cef1f60-1e78-40ab-8a35-fe731affab16,2026-08-07T11:00:00Z,2026-08-07T13:00:00+0200,15.0,EUR/MWh,FR,FR,day_ahead_price,value,2026-08-21T12:09:10Z
2026-08-21T12:03:35Z,2026-08-21T14:03:35+0200,5cef1f60-1e78-40ab-8a35-fe731affab16,2026-08-07T11:15:00Z,2026-08-07T13:15:00+0200,6.01,EUR/MWh,FR,FR,day_ahead_price,value,2026-08-21T12:09:10Z
2026-08-21T12:03:35Z,2026-08-21T14:03:35+0200,5cef1f60-1e78-40ab-8a35-fe731affab16,2026-08-07T11:30:00Z,2026-08-07T13:30:00+0200,3.93,EUR/MWh,FR,FR,day_ahead_price,value,2026-08-21T12:09:10Z
2026-08-21T12:03:35Z,2026-08-21T14:03:35+0200,5cef1f60-1e78-40ab-8a35-fe731affab16,2026-08-07T11:45:00Z,2026-08-07T13:45:00+0200,5.0,EUR/MWh,FR,FR,day_ahead_price,value,2026-08-21T12:09:10Z
2026-08-21T12:03:35Z,2026-08-21T14:03:35+0200,5cef1f60-1e78-40ab-8a35-fe731affab16,2026-08-07T12:00:00Z,2026-08-07T14:00:00+0200,9.79,EUR/MWh,FR,FR,day_ahead_price,value,2026-08-21T12:09:10Z
2026-08-21T12:03:35Z,2026-08-21T14:03:35+0200,5cef1f60-1e78-40ab-8a35-fe731affab16,2026-08-07T12:15:00Z,2026-08-07T14:15:00+0200,11.77,EUR/MWh,FR,FR,day_ahead_price,value,2026-08-21T12:09:10Z
2026-08-21T12:03:35Z,2026-08-21T14:03:35+0200,5cef1f60-1e78-40ab-8a35-fe731affab16,2026-08-07T12:30:00Z,2026-08-07T14:30:00+0200,16.48,EUR/MWh,FR,FR,day_ahead_price,value,2026-08-21T12:09:10Z
2026-08-21T12:03:35Z,2026-08-21T14:03:35+0200,5cef1f60-1e78-40ab-8a35-fe731affab16,2026-08-07T12:45:00Z,2026-08-07T14:45:00+0200,20.02,EUR/MWh,FR,FR,day_ahead_price,value,2026-08-21T12:09:10Z
2026-08-21T12:03:35Z,2026-08-21T14:03:35+0200,5cef1f60-1e78-40ab-8a35-fe731affab16,2026-08-07T13:00:00Z,2026-08-07T15:00:00+0200,20.52,EUR/MWh,FR,FR,day_ahead_price,value,2026-08-21T12:09:10Z
2026-08-21T12:03:35Z,2026-08-21T14:03:35+0200,5cef1f60-1e78-40ab-8a35-fe731affab16,2026-08-07T13:15:00Z,2026-08-07T15:15:00+0200,17.17,EUR/MWh,FR,FR,day_ahead_price,value,2026-08-21T12:09:10Z
2026-08-21T12:03:35Z,2026-08-21T14:03:35+0200,5cef1f60-1e78-40ab-8a35-fe731affab16,2026-08-07T13:30:00Z,2026-08-07T15:30:00+0200,14.26,EUR/MWh,FR,FR,day_ahead_price,value,2026-08-21T12:09:10Z
2026-08-21T12:03:35Z,2026-08-21T14:03:35+0200,5cef1f60-1e78-40ab-8a35-fe731affab16,2026-08-07T13:45:00Z,2026-08-07T15:45:00+0200,20.02,EUR/MWh,FR,FR,day_ahead_price,value,2026-08-21T12:09:10Z
2026-08-21T12:03:35Z,2026-08-21T14:03:35+0200,5cef1f60-1e78-40ab-8a35-fe731affab16,2026-08-07T14:00:00Z,2026-08-07T16:00:00+0200,11.29,EUR/MWh,FR,FR,day_ahead_price,value,2026-08-21T12:09:10Z
2026-08-21T12:03:35Z,2026-08-21T14:03:35+0200,5cef1f60-1e78-40ab-8a35-fe731affab16,2026-08-07T14:15:00Z,2026-08-07T16:15:00+0200,24.18,EUR/MWh,FR,FR,day_ahead_price,value,2026-08-21T12:09:10Z
2026-08-21T12:03:35Z,2026-08-21T14:03:35+0200,5cef1f60-1e78-40ab-8a35-fe731affab16,2026-08-07T14:30:00Z,2026-08-07T16:30:00+0200,36.82,EUR/MWh,FR,FR,day_ahead_price,value,2026-08-21T12:09:10Z
2026-08-21T12:03:35Z,2026-08-21T14:03:35+0200,5cef1f60-1e78-40ab-8a35-fe731affab16,2026-08-07T14:45:00Z,2026-08-07T16:45:00+0200,41.32,EUR/MWh,FR,FR,day_ahead_price,value,2026-08-21T12:09:10Z
2026-08-21T12:03:35Z,2026-08-21T14:03:35+0200,5cef1f60-1e78-40ab-8a35-fe731affab16,2026-08-07T15:00:00Z,2026-08-07T17:00:00+0200,62.9,EUR/MWh,FR,FR,day_ahead_price,value,2026-08-21T12:09:10Z
2026-08-21T12:03:35Z,2026-08-21T14:03:35+0200,5cef1f60-1e78-40ab-8a35-fe731affab16,2026-08-07T15:15:00Z,2026-08-07T17:15:00+0200,77.65,EUR/MWh,FR,FR,day_ahead_price,value,2026-08-21T12:09:10Z
2026-08-21T12:03:35Z,2026-08-21T14:03:35+0200,5cef1f60-1e78-40ab-8a35-fe731affab16,2026-08-07T15:30:00Z,2026-08-07T17:30:00+0200,90.04,EUR/MWh,FR,FR,day_ahead_price,value,2026-08-21T12:09:10Z
2026-08-21T12:03:35Z,2026-08-21T14:03:35+0200,5cef1f60-1e78-40ab-8a35-fe731affab16,2026-08-07T15:45:00Z,2026-08-07T17:45:00+0200,96.19,EUR/MWh,FR,FR,day_ahead_price,value,2026-08-21T12:09:10Z
2026-08-21T12:03:35Z,2026-08-21T14:03:35+0200,5cef1f60-1e78-40ab-8a35-fe731affab16,2026-08-07T16:00:00Z,2026-08-07T18:00:00+0200,96.19,EUR/MWh,FR,FR,day_ahead_price,value,2026-08-21T12:09:10Z
2026-08-21T12:03:35Z,2026-08-21T14:03:35+0200,5cef1f60-1e78-40ab-8a35-fe731affab16,2026-08-07T16:15:00Z,2026-08-07T18:15:00+0200,112.55,EUR/MWh,FR,FR,day_ahead_price,value,2026-08-21T12:09:10Z
2026-08-21T12:03:35Z,2026-08-21T14:03:35+0200,5cef1f60-1e78-40ab-8a35-fe731affab16,2026-08-07T16:30:00Z,2026-08-07T18:30:00+0200,132.95,EUR/MWh,FR,FR,day_ahead_price,value,2026-08-21T12:09:10Z
2026-08-21T12:03:35Z,2026-08-21T14:03:35+0200,5cef1f60-1e78-40ab-8a35-fe731affab16,2026-08-07T16:45:00Z,2026-08-07T18:45:00+0200,151.99,EUR/MWh,FR,FR,day_ahead_price,value,2026-08-21T12:09:10Z
2026-08-21T12:03:35Z,2026-08-21T14:03:35+0200,5cef1f60-1e78-40ab-8a35-fe731affab16,2026-08-07T17:00:00Z,2026-08-07T19:00:00+0200,125.0,EUR/MWh,FR,FR,day_ahead_price,value,2026-08-21T12:09:10Z
2026-08-21T12:03:35Z,2026-08-21T14:03:35+0200,5cef1f60-1e78-40ab-8a35-fe731affab16,2026-08-07T17:15:00Z,2026-08-07T19:15:00+0200,149.63,EUR/MWh,FR,FR,day_ahead_price,value,2026-08-21T12:09:10Z
2026-08-21T12:03:35Z,2026-08-21T14:03:35+0200,5cef1f60-1e78-40ab-8a35-fe731affab16,2026-08-07T17:30:00Z,2026-08-07T19:30:00+0200,159.08,EUR/MWh,FR,FR,day_ahead_price,value,2026-08-21T12:09:10Z
2026-08-21T12:03:35Z,2026-08-21T14:03:35+0200,5cef1f60-1e78-40ab-8a35-fe731affab16,2026-08-07T17:45:00Z,2026-08-07T19:45:00+0200,167.59,EUR/MWh,FR,FR,day_ahead_price,value,2026-08-21T12:09:10Z
2026-08-21T12:03:35Z,2026-08-21T14:03:35+0200,5cef1f60-1e78-40ab-8a35-fe731affab16,2026-08-07T18:00:00Z,2026-08-07T20:00:00+0200,154.27,EUR/MWh,FR,FR,day_ahead_price,value,2026-08-21T12:09:10Z
2026-08-21T12:03:35Z,2026-08-21T14:03:35+0200,5cef1f60-1e78-40ab-8a35-fe731affab16,2026-08-07T18:15:00Z,2026-08-07T20:15:00+0200,165.76,EUR/MWh,FR,FR,day_ahead_price,value,2026-08-21T12:09:10Z
2026-08-21T12:03:35Z,2026-08-21T14:03:35+0200,5cef1f60-1e78-40ab-8a35-fe731affab16,2026-08-07T18:30:00Z,2026-08-07T20:30:00+0200,169.83,EUR/MWh,FR,FR,day_ahead_price,value,2026-08-21T12:09:10Z
2026-08-21T12:03:35Z,2026-08-21T14:03:35+0200,5cef1f60-1e78-40ab-8a35-fe731affab16,2026-08-07T18:45:00Z,2026-08-07T20:45:00+0200,158.5,EUR/MWh,FR,FR,day_ahead_price,value,2026-08-21T12:09:10Z
2026-08-21T12:03:35Z,2026-08-21T14:03:35+0200,5cef1f60-1e78-40ab-8a35-fe731affab16,2026-08-07T19:00:00Z,2026-08-07T21:00:00+0200,172.35,EUR/MWh,FR,FR,day_ahead_price,value,2026-08-21T12:09:10Z
2026-08-21T12:03:35Z,2026-08-21T14:03:35+0200,5cef1f60-1e78-40ab-8a35-fe731affab16,2026-08-07T19:15:00Z,2026-08-07T21:15:00+0200,163.57,EUR/MWh,FR,FR,day_ahead_price,value,2026-08-21T12:09:10Z
2026-08-21T12:03:35Z,2026-08-21T14:03:35+0200,5cef1f60-1e78-40ab-8a35-fe731affab16,2026-08-07T19:30:00Z,2026-08-07T21:30:00+0200,168.09,EUR/MWh,FR,FR,day_ahead_price,value,2026-08-21T12:09:10Z
2026-08-21T12:03:35Z,2026-08-21T14:03:35+0200,5cef1f60-1e78-40ab-8a35-fe731affab16,2026-08-07T19:45:00Z,2026-08-07T21:45:00+0200,148.48,EUR/MWh,FR,FR,day_ahead_price,value,2026-08-21T12:09:10Z
2026-08-21T12:03:35Z,2026-08-21T14:03:35+0200,5cef1f60-1e78-40ab-8a35-fe731affab16,2026-08-07T20:00:00Z,2026-08-07T22:00:00+0200,171.1,EUR/MWh,FR,FR,day_ahead_price,value,2026-08-21T12:09:10Z
2026-08-21T12:03:35Z,2026-08-21T14:03:35+0200,5cef1f60-1e78-40ab-8a35-fe731affab16,2026-08-07T20:15:00Z,2026-08-07T22:15:00+0200,161.88,EUR/MWh,FR,FR,day_ahead_price,value,2026-08-21T12:09:10Z
2026-08-21T12:03:35Z,2026-08-21T14:03:35+0200,5cef1f60-1e78-40ab-8a35-fe731affab16,2026-08-07T20:30:00Z,2026-08-07T22:30:00+0200,175.05,EUR/MWh,FR,FR,day_ahead_price,value,2026-08-21T12:09:10Z
2026-08-21T12:03:35Z,2026-08-21T14:03:35+0200,5cef1f60-1e78-40ab-8a35-fe731affab16,2026-08-07T20:45:00Z,2026-08-07T22:45:00+0200,170.03,EUR/MWh,FR,FR,day_ahead_price,value,2026-08-21T12:09:10Z
2026-08-21T12:03:35Z,2026-08-21T14:03:35+0200,5cef1f60-1e78-40ab-8a35-fe731affab16,2026-08-07T21:00:00Z,2026-08-07T23:00:00+0200,171.9,EUR/MWh,FR,FR,day_ahead_price,value,2026-08-21T12:09:10Z
2026-08-21T12:03:35Z,2026-08-21T14:03:35+0200,5cef1f60-1e78-40ab-8a35-fe731affab16,2026-08-07T21:15:00Z,2026-08-07T23:15:00+0200,153.89,EUR/MWh,FR,FR,day_ahead_price,value,2026-08-21T12:09:10Z
2026-08-21T12:03:35Z,2026-08-21T14:03:35+0200,5cef1f60-1e78-40ab-8a35-fe731affab16,2026-08-07T21:30:00Z,2026-08-07T23:30:00+0200,161.78,EUR/MWh,FR,FR,day_ahead_price,value,2026-08-21T12:09:10Z
2026-08-21T12:03:35Z,2026-08-21T14:03:35+0200,5cef1f60-1e78-40ab-8a35-fe731affab16,2026-08-07T21:45:00Z,2026-08-07T23:45:00+0200,140.06,EUR/MWh,FR,FR,day_ahead_price,value,2026-08-21T12:09:10Z
2026-08-21T12:03:35Z,2026-08-21T14:03:35+0200,5cef1f60-1e78-40ab-8a35-fe731affab16,2026-08-07T22:00:00Z,2026-08-08T00:00:00+0200,163.61,EUR/MWh,FR,FR,day_ahead_price,value,2026-08-21T12:09:10Z
2026-08-21T12:03:35Z,2026-08-21T14:03:35+0200,5cef1f60-1e78-40ab-8a35-fe731affab16,2026-08-07T22:15:00Z,2026-08-08T00:15:00+0200,151.73,EUR/MWh,FR,FR,day_ahead_price,value,2026-08-21T12:09:10Z
2026-08-21T12:03:35Z,2026-08-21T14:03:35+0200,5cef1f60-1e78-40ab-8a35-fe731affab16,2026-08-07T22:30:00Z,2026-08-08T00:30:00+0200,146.23,EUR/MWh,FR,FR,day_ahead_price,value,2026-08-21T12:09:10Z
2026-08-21T12:03:35Z,2026-08-21T14:03:35+0200,5cef1f60-1e78-40ab-8a35-fe731affab16,2026-08-07T22:45:00Z,2026-08-08T00:45:00+0200,139.23,EUR/MWh,FR,FR,day_ahead_price,value,2026-08-21T12:09:10Z
2026-08-21T12:03:35Z,2026-08-21T14:03:35+0200,5cef1f60-1e78-40ab-8a35-fe731affab16,2026-08-07T23:00:00Z,2026-08-08T01:00:00+0200,155.2,EUR/MWh,FR,FR,day_ahead_price,value,2026-08-21T12:09:10Z
2026-08-21T12:03:35Z,2026-08-21T14:03:35+0200,5cef1f60-1e78-40ab-8a35-fe731affab16,2026-08-07T23:15:00Z,2026-08-08T01:15:00+0200,145.11,EUR/MWh,FR,FR,day_ahead_price,value,2026-08-21T12:09:10Z
2026-08-21T12:03:35Z,2026-08-21T14:03:35+0200,5cef1f60-1e78-40ab-8a35-fe731affab16,2026-08-07T23:30:00Z,2026-08-08T01:30:00+0200,139.51,EUR/MWh,FR,FR,day_ahead_price,value,2026-08-21T12:09:10Z
2026-08-21T12:03:35Z,2026-08-21T14:03:35+0200,5cef1f60-1e78-40ab-8a35-fe731affab16,2026-08-07T23:45:00Z,2026-08-08T01:45:00+0200,128.15,EUR/MWh,FR,FR,day_ahead_price,value,2026-08-21T12:09:10Z
2026-08-21T12:03:35Z,2026-08-21T14:03:35+0200,5cef1f60-1e78-40ab-8a35-fe731affab16,2026-08-08T00:00:00Z,2026-08-08T02:00:00+0200,140.95,EUR/MWh,FR,FR,day_ahead_price,value,2026-08-21T12:09:10Z
2026-08-21T12:03:35Z,2026-08-21T14:03:35+0200,5cef1f60-1e78-40ab-8a35-fe731affab16,2026-08-08T00:15:00Z,2026-08-08T02:15:00+0200,135.0,EUR/MWh,FR,FR,day_ahead_price,value,2026-08-21T12:09:10Z
2026-08-21T12:03:35Z,2026-08-21T14:03:35+0200,5cef1f60-1e78-40ab-8a35-fe731affab16,2026-08-08T00:30:00Z,2026-08-08T02:30:00+0200,132.45,EUR/MWh,FR,FR,day_ahead_price,value,2026-08-21T12:09:10Z
2026-08-21T12:03:35Z,2026-08-21T14:03:35+0200,5cef1f60-1e78-40ab-8a35-fe731affab16,2026-08-08T00:45:00Z,2026-08-08T02:45:00+0200,125.52,EUR/MWh,FR,FR,day_ahead_price,value,2026-08-21T12:09:10Z
2026-08-21T12:03:35Z,2026-08-21T14:03:35+0200,5cef1f60-1e78-40ab-8a35-fe731affab16,2026-08-08T01:00:00Z,2026-08-08T03:00:00+0200,124.97,EUR/MWh,FR,FR,day_ahead_price,value,2026-08-21T12:09:10Z
2026-08-21T12:03:35Z,2026-08-21T14:03:35+0200,5cef1f60-1e78-40ab-8a35-fe731affab16,2026-08-08T01:15:00Z,2026-08-08T03:15:00+0200,117.64,EUR/MWh,FR,FR,day_ahead_price,value,2026-08-21T12:09:10Z
2026-08-21T12:03:35Z,2026-08-21T14:03:35+0200,5cef1f60-1e78-40ab-8a35-fe731affab16,2026-08-08T01:30:00Z,2026-08-08T03:30:00+0200,114.34,EUR/MWh,FR,FR,day_ahead_price,value,2026-08-21T12:09:10Z
2026-08-21T12:03:35Z,2026-08-21T14:03:35+0200,5cef1f60-1e78-40ab-8a35-fe731affab16,2026-08-08T01:45:00Z,2026-08-08T03:45:00+0200,121.56,EUR/MWh,FR,FR,day_ahead_price,value,2026-08-21T12:09:10Z
2026-08-21T12:03:35Z,2026-08-21T14:03:35+0200,5cef1f60-1e78-40ab-8a35-fe731affab16,2026-08-08T02:00:00Z,2026-08-08T04:00:00+0200,119.17,EUR/MWh,FR,FR,day_ahead_price,value,2026-08-21T12:09:10Z
2026-08-21T12:03:35Z,2026-08-21T14:03:35+0200,5cef1f60-1e78-40ab-8a35-fe731affab16,2026-08-08T02:15:00Z,2026-08-08T04:15:00+0200,124.89,EUR/MWh,FR,FR,day_ahead_price,value,2026-08-21T12:09:10Z
2026-08-21T12:03:35Z,2026-08-21T14:03:35+0200,5cef1f60-1e78-40ab-8a35-fe731affab16,2026-08-08T02:30:00Z,2026-08-08T04:30:00+0200,100.94,EUR/MWh,FR,FR,day_ahead_price,value,2026-08-21T12:09:10Z
2026-08-21T12:03:35Z,2026-08-21T14:03:35+0200,5cef1f60-1e78-40ab-8a35-fe731affab16,2026-08-08T02:45:00Z,2026-08-08T04:45:00+0200,124.29,EUR/MWh,FR,FR,day_ahead_price,value,2026-08-21T12:09:10Z
2026-08-21T12:03:35Z,2026-08-21T14:03:35+0200,5cef1f60-1e78-40ab-8a35-fe731affab16,2026-08-08T03:00:00Z,2026-08-08T05:00:00+0200,124.4,EUR/MWh,FR,FR,day_ahead_price,value,2026-08-21T12:09:10Z
2026-08-21T12:03:35Z,2026-08-21T14:03:35+0200,5cef1f60-1e78-40ab-8a35-fe731affab16,2026-08-08T03:15:00Z,2026-08-08T05:15:00+0200,134.08,EUR/MWh,FR,FR,day_ahead_price,value,2026-08-21T12:09:10Z
2026-08-21T12:03:35Z,2026-08-21T14:03:35+0200,5cef1f60-1e78-40ab-8a35-fe731affab16,2026-08-08T03:30:00Z,2026-08-08T05:30:00+0200,136.32,EUR/MWh,FR,FR,day_ahead_price,value,2026-08-21T12:09:10Z
2026-08-21T12:03:35Z,2026-08-21T14:03:35+0200,5cef1f60-1e78-40ab-8a35-fe731affab16,2026-08-08T03:45:00Z,2026-08-08T05:45:00+0200,126.68,EUR/MWh,FR,FR,day_ahead_price,value,2026-08-21T12:09:10Z
2026-08-21T12:03:35Z,2026-08-21T14:03:35+0200,5cef1f60-1e78-40ab-8a35-fe731affab16,2026-08-08T04:00:00Z,2026-08-08T06:00:00+0200,145.99,EUR/MWh,FR,FR,day_ahead_price,value,2026-08-21T12:09:10Z
2026-08-21T12:03:35Z,2026-08-21T14:03:35+0200,5cef1f60-1e78-40ab-8a35-fe731affab16,2026-08-08T04:15:00Z,2026-08-08T06:15:00+0200,147.36,EUR/MWh,FR,FR,day_ahead_price,value,2026-08-21T12:09:10Z
2026-08-21T12:03:35Z,2026-08-21T14:03:35+0200,5cef1f60-1e78-40ab-8a35-fe731affab16,2026-08-08T04:30:00Z,2026-08-08T06:30:00+0200,143.93,EUR/MWh,FR,FR,day_ahead_price,value,2026-08-21T12:09:10Z
2026-08-21T12:03:35Z,2026-08-21T14:03:35+0200,5cef1f60-1e78-40ab-8a35-fe731affab16,2026-08-08T04:45:00Z,2026-08-08T06:45:00+0200,137.72,EUR/MWh,FR,FR,day_ahead_price,value,2026-08-21T12:09:10Z
2026-08-21T12:03:35Z,2026-08-21T14:03:35+0200,5cef1f60-1e78-40ab-8a35-fe731affab16,2026-08-08T05:00:00Z,2026-08-08T07:00:00+0200,155.0,EUR/MWh,FR,FR,day_ahead_price,value,2026-08-21T12:09:10Z
2026-08-21T12:03:35Z,2026-08-21T14:03:35+0200,5cef1f60-1e78-40ab-8a35-fe731affab16,2026-08-08T05:15:00Z,2026-08-08T07:15:00+0200,142.87,EUR/MWh,FR,FR,day_ahead_price,value,2026-08-21T12:09:10Z
2026-08-21T12:03:35Z,2026-08-21T14:03:35+0200,5cef1f60-1e78-40ab-8a35-fe731affab16,2026-08-08T05:30:00Z,2026-08-08T07:30:00+0200,134.9,EUR/MWh,FR,FR,day_ahead_price,value,2026-08-21T12:09:10Z
2026-08-21T12:03:35Z,2026-08-21T14:03:35+0200,5cef1f60-1e78-40ab-8a35-fe731affab16,2026-08-08T05:45:00Z,2026-08-08T07:45:00+0200,118.02,EUR/MWh,FR,FR,day_ahead_price,value,2026-08-21T12:09:10Z
2026-08-21T12:03:35Z,2026-08-21T14:03:35+0200,5cef1f60-1e78-40ab-8a35-fe731affab16,2026-08-08T06:00:00Z,2026-08-08T08:00:00+0200,145.88,EUR/MWh,FR,FR,day_ahead_price,value,2026-08-21T12:09:10Z
2026-08-21T12:03:35Z,2026-08-21T14:03:35+0200,5cef1f60-1e78-40ab-8a35-fe731affab16,2026-08-08T06:15:00Z,2026-08-08T08:15:00+0200,124.56,EUR/MWh,FR,FR,day_ahead_price,value,2026-08-21T12:09:10Z
2026-08-21T12:03:35Z,2026-08-21T14:03:35+0200,5cef1f60-1e78-40ab-8a35-fe731affab16,2026-08-08T06:30:00Z,2026-08-08T08:30:00+0200,106.7,EUR/MWh,FR,FR,day_ahead_price,value,2026-08-21T12:09:10Z
2026-08-21T12:03:35Z,2026-08-21T14:03:35+0200,5cef1f60-1e78-40ab-8a35-fe731affab16,2026-08-08T06:45:00Z,2026-08-08T08:45:00+0200,82.99,EUR/MWh,FR,FR,day_ahead_price,value,2026-08-21T12:09:10Z
2026-08-21T12:03:35Z,2026-08-21T14:03:35+0200,5cef1f60-1e78-40ab-8a35-fe731affab16,2026-08-08T07:00:00Z,2026-08-08T09:00:00+0200,107.54,EUR/MWh,FR,FR,day_ahead_price,value,2026-08-21T12:09:10Z
2026-08-21T12:03:35Z,2026-08-21T14:03:35+0200,5cef1f60-1e78-40ab-8a35-fe731affab16,2026-08-08T07:15:00Z,2026-08-08T09:15:00+0200,87.67,EUR/MWh,FR,FR,day_ahead_price,value,2026-08-21T12:09:10Z
2026-08-21T12:03:35Z,2026-08-21T14:03:35+0200,5cef1f60-1e78-40ab-8a35-fe731affab16,2026-08-08T07:30:00Z,2026-08-08T09:30:00+0200,44.94,EUR/MWh,FR,FR,day_ahead_price,value,2026-08-21T12:09:10Z
2026-08-21T12:03:35Z,2026-08-21T14:03:35+0200,5cef1f60-1e78-40ab-8a35-fe731affab16,2026-08-08T07:45:00Z,2026-08-08T09:45:00+0200,10.03,EUR/MWh,FR,FR,day_ahead_price,value,2026-08-21T12:09:10Z
2026-08-21T12:03:35Z,2026-08-21T14:03:35+0200,5cef1f60-1e78-40ab-8a35-fe731affab16,2026-08-08T08:00:00Z,2026-08-08T10:00:00+0200,12.32,EUR/MWh,FR,FR,day_ahead_price,value,2026-08-21T12:09:10Z
2026-08-21T12:03:35Z,2026-08-21T14:03:35+0200,5cef1f60-1e78-40ab-8a35-fe731affab16,2026-08-08T08:15:00Z,2026-08-08T10:15:00+0200,3.21,EUR/MWh,FR,FR,day_ahead_price,value,2026-08-21T12:09:10Z
2026-08-21T12:03:35Z,2026-08-21T14:03:35+0200,5cef1f60-1e78-40ab-8a35-fe731affab16,2026-08-08T08:30:00Z,2026-08-08T10:30:00+0200,0.05,EUR/MWh,FR,FR,day_ahead_price,value,2026-08-21T12:09:10Z
2026-08-21T12:03:35Z,2026-08-21T14:03:35+0200,5cef1f60-1e78-40ab-8a35-fe731affab16,2026-08-08T08:45:00Z,2026-08-08T10:45:00+0200,0.13,EUR/MWh,FR,FR,day_ahead_price,value,2026-08-21T12:09:10Z
2026-08-21T12:03:35Z,2026-08-21T14:03:35+0200,5cef1f60-1e78-40ab-8a35-fe731affab16,2026-08-08T09:00:00Z,2026-08-08T11:00:00+0200,-0.01,EUR/MWh,FR,FR,day_ahead_price,value,2026-08-21T12:09:10Z
2026-08-21T12:03:35Z,2026-08-21T14:03:35+0200,5cef1f60-1e78-40ab-8a35-fe731affab16,2026-08-08T09:15:00Z,2026-08-08T11:15:00+0200,-0.01,EUR/MWh,FR,FR,day_ahead_price,value,2026-08-21T12:09:10Z
2026-08-21T12:03:35Z,2026-08-21T14:03:35+0200,5cef1f60-1e78-40ab-8a35-fe731affab16,2026-08-08T09:30:00Z,2026-08-08T11:30:00+0200,-0.09,EUR/MWh,FR,FR,day_ahead_price,value,2026-08-21T12:09:10Z
2026-08-21T12:03:35Z,2026-08-21T14:03:35+0200,5cef1f60-1e78-40ab-8a35-fe731affab16,2026-08-08T09:45:00Z,2026-08-08T11:45:00+0200,-0.1,EUR/MWh,FR,FR,day_ahead_price,value,2026-08-21T12:09:10Z
2026-08-21T12:03:35Z,2026-08-21T14:03:35+0200,5cef1f60-1e78-40ab-8a35-fe731affab16,2026-08-08T10:00:00Z,2026-08-08T12:00:00+0200,-1.79,EUR/MWh,FR,FR,day_ahead_price,value,2026-08-21T12:09:10Z
2026-08-21T12:03:35Z,2026-08-21T14:03:35+0200,5cef1f60-1e78-40ab-8a35-fe731affab16,2026-08-08T10:15:00Z,2026-08-08T12:15:00+0200,-2.7,EUR/MWh,FR,FR,day_ahead_price,value,2026-08-21T12:09:10Z
2026-08-21T12:03:35Z,2026-08-21T14:03:35+0200,5cef1f60-1e78-40ab-8a35-fe731affab16,2026-08-08T10:30:00Z,2026-08-08T12:30:00+0200,-3.98,EUR/MWh,FR,FR,day_ahead_price,value,2026-08-21T12:09:10Z
2026-08-21T12:03:35Z,2026-08-21T14:03:35+0200,5cef1f60-1e78-40ab-8a35-fe731affab16,2026-08-08T10:45:00Z,2026-08-08T12:45:00+0200,-5.19,EUR/MWh,FR,FR,day_ahead_price,value,2026-08-21T12:09:10Z
2026-08-21T12:03:35Z,2026-08-21T14:03:35+0200,5cef1f60-1e78-40ab-8a35-fe731affab16,2026-08-08T11:00:00Z,2026-08-08T13:00:00+0200,-5.41,EUR/MWh,FR,FR,day_ahead_price,value,2026-08-21T12:09:10Z
2026-08-21T12:03:35Z,2026-08-21T14:03:35+0200,5cef1f60-1e78-40ab-8a35-fe731affab16,2026-08-08T11:15:00Z,2026-08-08T13:15:00+0200,-5.97,EUR/MWh,FR,FR,day_ahead_price,value,2026-08-21T12:09:10Z
2026-08-21T12:03:35Z,2026-08-21T14:03:35+0200,5cef1f60-1e78-40ab-8a35-fe731affab16,2026-08-08T11:30:00Z,2026-08-08T13:30:00+0200,-7.79,EUR/MWh,FR,FR,day_ahead_price,value,2026-08-21T12:09:10Z
2026-08-21T12:03:35Z,2026-08-21T14:03:35+0200,5cef1f60-1e78-40ab-8a35-fe731affab16,2026-08-08T11:45:00Z,2026-08-08T13:45:00+0200,-7.51,EUR/MWh,FR,FR,day_ahead_price,value,2026-08-21T12:09:10Z
2026-08-21T12:03:35Z,2026-08-21T14:03:35+0200,5cef1f60-1e78-40ab-8a35-fe731affab16,2026-08-08T12:00:00Z,2026-08-08T14:00:00+0200,-11.28,EUR/MWh,FR,FR,day_ahead_price,value,2026-08-21T12:09:10Z
2026-08-21T12:03:35Z,2026-08-21T14:03:35+0200,5cef1f60-1e78-40ab-8a35-fe731affab16,2026-08-08T12:15:00Z,2026-08-08T14:15:00+0200,-7.06,EUR/MWh,FR,FR,day_ahead_price,value,2026-08-21T12:09:10Z
2026-08-21T12:03:35Z,2026-08-21T14:03:35+0200,5cef1f60-1e78-40ab-8a35-fe731affab16,2026-08-08T12:30:00Z,2026-08-08T14:30:00+0200,-5.55,EUR/MWh,FR,FR,day_ahead_price,value,2026-08-21T12:09:10Z
2026-08-21T12:03:35Z,2026-08-21T14:03:35+0200,5cef1f60-1e78-40ab-8a35-fe731affab16,2026-08-08T12:45:00Z,2026-08-08T14:45:00+0200,-0.11,EUR/MWh,FR,FR,day_ahead_price,value,2026-08-21T12:09:10Z
2026-08-21T12:03:35Z,2026-08-21T14:03:35+0200,5cef1f60-1e78-40ab-8a35-fe731affab16,2026-08-08T13:00:00Z,2026-08-08T15:00:00+0200,-0.11,EUR/MWh,FR,FR,day_ahead_price,value,2026-08-21T12:09:10Z
2026-08-21T12:03:35Z,2026-08-21T14:03:35+0200,5cef1f60-1e78-40ab-8a35-fe731affab16,2026-08-08T13:15:00Z,2026-08-08T15:15:00+0200,-0.04,EUR/MWh,FR,FR,day_ahead_price,value,2026-08-21T12:09:10Z
2026-08-21T12:03:35Z,2026-08-21T14:03:35+0200,5cef1f60-1e78-40ab-8a35-fe731affab16,2026-08-08T13:30:00Z,2026-08-08T15:30:00+0200,-0.09,EUR/MWh,FR,FR,day_ahead_price,value,2026-08-21T12:09:10Z
2026-08-21T12:03:35Z,2026-08-21T14:03:35+0200,5cef1f60-1e78-40ab-8a35-fe731affab16,2026-08-08T13:45:00Z,2026-08-08T15:45:00+0200,-0.01,EUR/MWh,FR,FR,day_ahead_price,value,2026-08-21T12:09:10Z
2026-08-21T12:03:35Z,2026-08-21T14:03:35+0200,5cef1f60-1e78-40ab-8a35-fe731affab16,2026-08-08T14:00:00Z,2026-08-08T16:00:00+0200,-0.01,EUR/MWh,FR,FR,day_ahead_price,value,2026-08-21T12:09:10Z
2026-08-21T12:03:35Z,2026-08-21T14:03:35+0200,5cef1f60-1e78-40ab-8a35-fe731affab16,2026-08-08T14:15:00Z,2026-08-08T16:15:00+0200,-0.01,EUR/MWh,FR,FR,day_ahead_price,value,2026-08-21T12:09:10Z
2026-08-21T12:03:35Z,2026-08-21T14:03:35+0200,5cef1f60-1e78-40ab-8a35-fe731affab16,2026-08-08T14:30:00Z,2026-08-08T16:30:00+0200,0.0,EUR/MWh,FR,FR,day_ahead_price,value,2026-08-21T12:09:10Z
2026-08-21T12:03:35Z,2026-08-21T14:03:35+0200,5cef1f60-1e78-40ab-8a35-fe731affab16,2026-08-08T14:45:00Z,2026-08-08T16:45:00+0200,0.01,EUR/MWh,FR,FR,day_ahead_price,value,2026-08-21T12:09:10Z
2026-08-21T12:03:35Z,2026-08-21T14:03:35+0200,5cef1f60-1e78-40ab-8a35-fe731affab16,2026-08-08T15:00:00Z,2026-08-08T17:00:00+0200,2.29,EUR/MWh,FR,FR,day_ahead_price,value,2026-08-21T12:09:10Z
2026-08-21T12:03:35Z,2026-08-21T14:03:35+0200,5cef1f60-1e78-40ab-8a35-fe731affab16,2026-08-08T15:15:00Z,2026-08-08T17:15:00+0200,22.86,EUR/MWh,FR,FR,day_ahead_price,value,2026-08-21T12:09:10Z
2026-08-21T12:03:35Z,2026-08-21T14:03:35+0200,5cef1f60-1e78-40ab-8a35-fe731affab16,2026-08-08T15:30:00Z,2026-08-08T17:30:00+0200,49.22,EUR/MWh,FR,FR,day_ahead_price,value,2026-08-21T12:09:10Z
2026-08-21T12:03:35Z,2026-08-21T14:03:35+0200,5cef1f60-1e78-40ab-8a35-fe731affab16,2026-08-08T15:45:00Z,2026-08-08T17:45:00+0200,127.33,EUR/MWh,FR,FR,day_ahead_price,value,2026-08-21T12:09:10Z
2026-08-21T12:03:35Z,2026-08-21T14:03:35+0200,5cef1f60-1e78-40ab-8a35-fe731affab16,2026-08-08T16:00:00Z,2026-08-08T18:00:00+0200,69.01,EUR/MWh,FR,FR,day_ahead_price,value,2026-08-21T12:09:10Z
2026-08-21T12:03:35Z,2026-08-21T14:03:35+0200,5cef1f60-1e78-40ab-8a35-fe731affab16,2026-08-08T16:15:00Z,2026-08-08T18:15:00+0200,110.63,EUR/MWh,FR,FR,day_ahead_price,value,2026-08-21T12:09:10Z
2026-08-21T12:03:35Z,2026-08-21T14:03:35+0200,5cef1f60-1e78-40ab-8a35-fe731affab16,2026-08-08T16:30:00Z,2026-08-08T18:30:00+0200,137.92,EUR/MWh,FR,FR,day_ahead_price,value,2026-08-21T12:09:10Z
2026-08-21T12:03:35Z,2026-08-21T14:03:35+0200,5cef1f60-1e78-40ab-8a35-fe731affab16,2026-08-08T16:45:00Z,2026-08-08T18:45:00+0200,163.0,EUR/MWh,FR,FR,day_ahead_price,value,2026-08-21T12:09:10Z
2026-08-21T12:03:35Z,2026-08-21T14:03:35+0200,5cef1f60-1e78-40ab-8a35-fe731affab16,2026-08-08T17:00:00Z,2026-08-08T19:00:00+0200,148.18,EUR/MWh,FR,FR,day_ahead_price,value,2026-08-21T12:09:10Z
2026-08-21T12:03:35Z,2026-08-21T14:03:35+0200,5cef1f60-1e78-40ab-8a35-fe731affab16,2026-08-08T17:15:00Z,2026-08-08T19:15:00+0200,159.76,EUR/MWh,FR,FR,day_ahead_price,value,2026-08-21T12:09:10Z
2026-08-21T12:03:35Z,2026-08-21T14:03:35+0200,5cef1f60-1e78-40ab-8a35-fe731affab16,2026-08-08T17:30:00Z,2026-08-08T19:30:00+0200,159.2,EUR/MWh,FR,FR,day_ahead_price,value,2026-08-21T12:09:10Z
2026-08-21T12:03:35Z,2026-08-21T14:03:35+0200,5cef1f60-1e78-40ab-8a35-fe731affab16,2026-08-08T17:45:00Z,2026-08-08T19:45:00+0200,180.01,EUR/MWh,FR,FR,day_ahead_price,value,2026-08-21T12:09:10Z
2026-08-21T12:03:35Z,2026-08-21T14:03:35+0200,5cef1f60-1e78-40ab-8a35-fe731affab16,2026-08-08T18:00:00Z,2026-08-08T20:00:00+0200,161.98,EUR/MWh,FR,FR,day_ahead_price,value,2026-08-21T12:09:10Z
2026-08-21T12:03:35Z,2026-08-21T14:03:35+0200,5cef1f60-1e78-40ab-8a35-fe731affab16,2026-08-08T18:15:00Z,2026-08-08T20:15:00+0200,177.0,EUR/MWh,FR,FR,day_ahead_price,value,2026-08-21T12:09:10Z
2026-08-21T12:03:35Z,2026-08-21T14:03:35+0200,5cef1f60-1e78-40ab-8a35-fe731affab16,2026-08-08T18:30:00Z,2026-08-08T20:30:00+0200,181.62,EUR/MWh,FR,FR,day_ahead_price,value,2026-08-21T12:09:10Z
2026-08-21T12:03:35Z,2026-08-21T14:03:35+0200,5cef1f60-1e78-40ab-8a35-fe731affab16,2026-08-08T18:45:00Z,2026-08-08T20:45:00+0200,183.74,EUR/MWh,FR,FR,day_ahead_price,value,2026-08-21T12:09:10Z
2026-08-21T12:03:35Z,2026-08-21T14:03:35+0200,5cef1f60-1e78-40ab-8a35-fe731affab16,2026-08-08T19:00:00Z,2026-08-08T21:00:00+0200,182.92,EUR/MWh,FR,FR,day_ahead_price,value,2026-08-21T12:09:10Z
2026-08-21T12:03:35Z,2026-08-21T14:03:35+0200,5cef1f60-1e78-40ab-8a35-fe731affab16,2026-08-08T19:15:00Z,2026-08-08T21:15:00+0200,187.33,EUR/MWh,FR,FR,day_ahead_price,value,2026-08-21T12:09:10Z
2026-08-21T12:03:35Z,2026-08-21T14:03:35+0200,5cef1f60-1e78-40ab-8a35-fe731affab16,2026-08-08T19:30:00Z,2026-08-08T21:30:00+0200,178.53,EUR/MWh,FR,FR,day_ahead_price,value,2026-08-21T12:09:10Z
2026-08-21T12:03:35Z,2026-08-21T14:03:35+0200,5cef1f60-1e78-40ab-8a35-fe731affab16,2026-08-08T19:45:00Z,2026-08-08T21:45:00+0200,165.64,EUR/MWh,FR,FR,day_ahead_price,value,2026-08-21T12:09:10Z
2026-08-21T12:03:35Z,2026-08-21T14:03:35+0200,5cef1f60-1e78-40ab-8a35-fe731affab16,2026-08-08T20:00:00Z,2026-08-08T22:00:00+0200,185.18,EUR/MWh,FR,FR,day_ahead_price,value,2026-08-21T12:09:10Z
2026-08-21T12:03:35Z,2026-08-21T14:03:35+0200,5cef1f60-1e78-40ab-8a35-fe731affab16,2026-08-08T20:15:00Z,2026-08-08T22:15:00+0200,170.48,EUR/MWh,FR,FR,day_ahead_price,value,2026-08-21T12:09:10Z
2026-08-21T12:03:35Z,2026-08-21T14:03:35+0200,5cef1f60-1e78-40ab-8a35-fe731affab16,2026-08-08T20:30:00Z,2026-08-08T22:30:00+0200,167.9,EUR/MWh,FR,FR,day_ahead_price,value,2026-08-21T12:09:10Z
2026-08-21T12:03:35Z,2026-08-21T14:03:35+0200,5cef1f60-1e78-40ab-8a35-fe731affab16,2026-08-08T20:45:00Z,2026-08-08T22:45:00+0200,159.84,EUR/MWh,FR,FR,day_ahead_price,value,2026-08-21T12:09:10Z
2026-08-21T12:03:35Z,2026-08-21T14:03:35+0200,5cef1f60-1e78-40ab-8a35-fe731affab16,2026-08-08T21:00:00Z,2026-08-08T23:00:00+0200,161.96,EUR/MWh,FR,FR,day_ahead_price,value,2026-08-21T12:09:10Z
2026-08-21T12:03:35Z,2026-08-21T14:03:35+0200,5cef1f60-1e78-40ab-8a35-fe731affab16,2026-08-08T21:15:00Z,2026-08-08T23:15:00+0200,155.9,EUR/MWh,FR,FR,day_ahead_price,value,2026-08-21T12:09:10Z
2026-08-21T12:03:35Z,2026-08-21T14:03:35+0200,5cef1f60-1e78-40ab-8a35-fe731affab16,2026-08-08T21:30:00Z,2026-08-08T23:30:00+0200,155.25,EUR/MWh,FR,FR,day_ahead_price,value,2026-08-21T12:09:10Z
2026-08-21T12:03:35Z,2026-08-21T14:03:35+0200,5cef1f60-1e78-40ab-8a35-fe731affab16,2026-08-08T21:45:00Z,2026-08-08T23:45:00+0200,144.57,EUR/MWh,FR,FR,day_ahead_price,value,2026-08-21T12:09:10Z
2026-08-21T12:03:35Z,2026-08-21T14:03:35+0200,5cef1f60-1e78-40ab-8a35-fe731affab16,2026-08-08T22:00:00Z,2026-08-09T00:00:00+0200,155.2,EUR/MWh,FR,FR,day_ahead_price,value,2026-08-21T12:09:10Z
2026-08-21T12:03:35Z,2026-08-21T14:03:35+0200,5cef1f60-1e78-40ab-8a35-fe731affab16,2026-08-08T22:15:00Z,2026-08-09T00:15:00+0200,147.95,EUR/MWh,FR,FR,day_ahead_price,value,2026-08-21T12:09:10Z
2026-08-21T12:03:35Z,2026-08-21T14:03:35+0200,5cef1f60-1e78-40ab-8a35-fe731affab16,2026-08-08T22:30:00Z,2026-08-09T00:30:00+0200,143.81,EUR/MWh,FR,FR,day_ahead_price,value,2026-08-21T12:09:10Z
2026-08-21T12:03:35Z,2026-08-21T14:03:35+0200,5cef1f60-1e78-40ab-8a35-fe731affab16,2026-08-08T22:45:00Z,2026-08-09T00:45:00+0200,134.14,EUR/MWh,FR,FR,day_ahead_price,value,2026-08-21T12:09:10Z
2026-08-21T12:03:35Z,2026-08-21T14:03:35+0200,5cef1f60-1e78-40ab-8a35-fe731affab16,2026-08-08T23:00:00Z,2026-08-09T01:00:00+0200,139.99,EUR/MWh,FR,FR,day_ahead_price,value,2026-08-21T12:09:10Z
2026-08-21T12:03:35Z,2026-08-21T14:03:35+0200,5cef1f60-1e78-40ab-8a35-fe731affab16,2026-08-08T23:15:00Z,2026-08-09T01:15:00+0200,140.12,EUR/MWh,FR,FR,day_ahead_price,value,2026-08-21T12:09:10Z
2026-08-21T12:03:35Z,2026-08-21T14:03:35+0200,5cef1f60-1e78-40ab-8a35-fe731affab16,2026-08-08T23:30:00Z,2026-08-09T01:30:00+0200,141.23,EUR/MWh,FR,FR,day_ahead_price,value,2026-08-21T12:09:10Z
2026-08-21T12:03:35Z,2026-08-21T14:03:35+0200,5cef1f60-1e78-40ab-8a35-fe731affab16,2026-08-08T23:45:00Z,2026-08-09T01:45:00+0200,136.04,EUR/MWh,FR,FR,day_ahead_price,value,2026-08-21T12:09:10Z
2026-08-21T12:03:35Z,2026-08-21T14:03:35+0200,5cef1f60-1e78-40ab-8a35-fe731affab16,2026-08-09T00:00:00Z,2026-08-09T02:00:00+0200,141.06,EUR/MWh,FR,FR,day_ahead_price,value,2026-08-21T12:09:10Z
2026-08-21T12:03:35Z,2026-08-21T14:03:35+0200,5cef1f60-1e78-40ab-8a35-fe731affab16,2026-08-09T00:15:00Z,2026-08-09T02:15:00+0200,136.28,EUR/MWh,FR,FR,day_ahead_price,value,2026-08-21T12:09:10Z
2026-08-21T12:03:35Z,2026-08-21T14:03:35+0200,5cef1f60-1e78-40ab-8a35-fe731affab16,2026-08-09T00:30:00Z,2026-08-09T02:30:00+0200,135.19,EUR/MWh,FR,FR,day_ahead_price,value,2026-08-21T12:09:10Z
2026-08-21T12:03:35Z,2026-08-21T14:03:35+0200,5cef1f60-1e78-40ab-8a35-fe731affab16,2026-08-09T00:45:00Z,2026-08-09T02:45:00+0200,133.24,EUR/MWh,FR,FR,day_ahead_price,value,2026-08-21T12:09:10Z
2026-08-21T12:03:35Z,2026-08-21T14:03:35+0200,5cef1f60-1e78-40ab-8a35-fe731affab16,2026-08-09T01:00:00Z,2026-08-09T03:00:00+0200,135.01,EUR/MWh,FR,FR,day_ahead_price,value,2026-08-21T12:09:10Z
2026-08-21T12:03:35Z,2026-08-21T14:03:35+0200,5cef1f60-1e78-40ab-8a35-fe731affab16,2026-08-09T01:15:00Z,2026-08-09T03:15:00+0200,134.87,EUR/MWh,FR,FR,day_ahead_price,value,2026-08-21T12:09:10Z
2026-08-21T12:03:35Z,2026-08-21T14:03:35+0200,5cef1f60-1e78-40ab-8a35-fe731affab16,2026-08-09T01:30:00Z,2026-08-09T03:30:00+0200,133.57,EUR/MWh,FR,FR,day_ahead_price,value,2026-08-21T12:09:10Z
2026-08-21T12:03:35Z,2026-08-21T14:03:35+0200,5cef1f60-1e78-40ab-8a35-fe731affab16,2026-08-09T01:45:00Z,2026-08-09T03:45:00+0200,132.35,EUR/MWh,FR,FR,day_ahead_price,value,2026-08-21T12:09:10Z
2026-08-21T12:03:35Z,2026-08-21T14:03:35+0200,5cef1f60-1e78-40ab-8a35-fe731affab16,2026-08-09T02:00:00Z,2026-08-09T04:00:00+0200,133.52,EUR/MWh,FR,FR,day_ahead_price,value,2026-08-21T12:09:10Z
2026-08-21T12:03:35Z,2026-08-21T14:03:35+0200,5cef1f60-1e78-40ab-8a35-fe731affab16,2026-08-09T02:15:00Z,2026-08-09T04:15:00+0200,134.92,EUR/MWh,FR,FR,day_ahead_price,value,2026-08-21T12:09:10Z
2026-08-21T12:03:35Z,2026-08-21T14:03:35+0200,5cef1f60-1e78-40ab-8a35-fe731affab16,2026-08-09T02:30:00Z,2026-08-09T04:30:00+0200,133.86,EUR/MWh,FR,FR,day_ahead_price,value,2026-08-21T12:09:10Z
2026-08-21T12:03:35Z,2026-08-21T14:03:35+0200,5cef1f60-1e78-40ab-8a35-fe731affab16,2026-08-09T02:45:00Z,2026-08-09T04:45:00+0200,133.81,EUR/MWh,FR,FR,day_ahead_price,value,2026-08-21T12:09:10Z
2026-08-21T12:03:35Z,2026-08-21T14:03:35+0200,5cef1f60-1e78-40ab-8a35-fe731affab16,2026-08-09T03:00:00Z,2026-08-09T05:00:00+0200,136.99,EUR/MWh,FR,FR,day_ahead_price,value,2026-08-21T12:09:10Z
2026-08-21T12:03:35Z,2026-08-21T14:03:35+0200,5cef1f60-1e78-40ab-8a35-fe731affab16,2026-08-09T03:15:00Z,2026-08-09T05:15:00+0200,134.99,EUR/MWh,FR,FR,day_ahead_price,value,2026-08-21T12:09:10Z
2026-08-21T12:03:35Z,2026-08-21T14:03:35+0200,5cef1f60-1e78-40ab-8a35-fe731affab16,2026-08-09T03:30:00Z,2026-08-09T05:30:00+0200,135.7,EUR/MWh,FR,FR,day_ahead_price,value,2026-08-21T12:09:10Z
2026-08-21T12:03:35Z,2026-08-21T14:03:35+0200,5cef1f60-1e78-40ab-8a35-fe731affab16,2026-08-09T03:45:00Z,2026-08-09T05:45:00+0200,132.32,EUR/MWh,FR,FR,day_ahead_price,value,2026-08-21T12:09:10Z
2026-08-21T12:03:35Z,2026-08-21T14:03:35+0200,5cef1f60-1e78-40ab-8a35-fe731affab16,2026-08-09T04:00:00Z,2026-08-09T06:00:00+0200,143.37,EUR/MWh,FR,FR,day_ahead_price,value,2026-08-21T12:09:10Z
2026-08-21T12:03:35Z,2026-08-21T14:03:35+0200,5cef1f60-1e78-40ab-8a35-fe731affab16,2026-08-09T04:15:00Z,2026-08-09T06:15:00+0200,134.18,EUR/MWh,FR,FR,day_ahead_price,value,2026-08-21T12:09:10Z
2026-08-21T12:03:35Z,2026-08-21T14:03:35+0200,5cef1f60-1e78-40ab-8a35-fe731affab16,2026-08-09T04:30:00Z,2026-08-09T06:30:00+0200,128.88,EUR/MWh,FR,FR,day_ahead_price,value,2026-08-21T12:09:10Z
2026-08-21T12:03:35Z,2026-08-21T14:03:35+0200,5cef1f60-1e78-40ab-8a35-fe731affab16,2026-08-09T04:45:00Z,2026-08-09T06:45:00+0200,120.76,EUR/MWh,FR,FR,day_ahead_price,value,2026-08-21T12:09:10Z
2026-08-21T12:03:35Z,2026-08-21T14:03:35+0200,5cef1f60-1e78-40ab-8a35-fe731affab16,2026-08-09T05:00:00Z,2026-08-09T07:00:00+0200,133.27,EUR/MWh,FR,FR,day_ahead_price,value,2026-08-21T12:09:10Z
2026-08-21T12:03:35Z,2026-08-21T14:03:35+0200,5cef1f60-1e78-40ab-8a35-fe731affab16,2026-08-09T05:15:00Z,2026-08-09T07:15:00+0200,123.65,EUR/MWh,FR,FR,day_ahead_price,value,2026-08-21T12:09:10Z
2026-08-21T12:03:35Z,2026-08-21T14:03:35+0200,5cef1f60-1e78-40ab-8a35-fe731affab16,2026-08-09T05:30:00Z,2026-08-09T07:30:00+0200,113.88,EUR/MWh,FR,FR,day_ahead_price,value,2026-08-21T12:09:10Z
2026-08-21T12:03:35Z,2026-08-21T14:03:35+0200,5cef1f60-1e78-40ab-8a35-fe731affab16,2026-08-09T05:45:00Z,2026-08-09T07:45:00+0200,103.53,EUR/MWh,FR,FR,day_ahead_price,value,2026-08-21T12:09:10Z
2026-08-21T12:03:35Z,2026-08-21T14:03:35+0200,5cef1f60-1e78-40ab-8a35-fe731affab16,2026-08-09T06:00:00Z,2026-08-09T08:00:00+0200,115.96,EUR/MWh,FR,FR,day_ahead_price,value,2026-08-21T12:09:10Z
2026-08-21T12:03:35Z,2026-08-21T14:03:35+0200,5cef1f60-1e78-40ab-8a35-fe731affab16,2026-08-09T06:15:00Z,2026-08-09T08:15:00+0200,106.41,EUR/MWh,FR,FR,day_ahead_price,value,2026-08-21T12:09:10Z
2026-08-21T12:03:35Z,2026-08-21T14:03:35+0200,5cef1f60-1e78-40ab-8a35-fe731affab16,2026-08-09T06:30:00Z,2026-08-09T08:30:00+0200,83.53,EUR/MWh,FR,FR,day_ahead_price,value,2026-08-21T12:09:10Z
2026-08-21T12:03:35Z,2026-08-21T14:03:35+0200,5cef1f60-1e78-40ab-8a35-fe731affab16,2026-08-09T06:45:00Z,2026-08-09T08:45:00+0200,60.01,EUR/MWh,FR,FR,day_ahead_price,value,2026-08-21T12:09:10Z
2026-08-21T12:03:35Z,2026-08-21T14:03:35+0200,5cef1f60-1e78-40ab-8a35-fe731affab16,2026-08-09T07:00:00Z,2026-08-09T09:00:00+0200,71.97,EUR/MWh,FR,FR,day_ahead_price,value,2026-08-21T12:09:10Z
2026-08-21T12:03:35Z,2026-08-21T14:03:35+0200,5cef1f60-1e78-40ab-8a35-fe731affab16,2026-08-09T07:15:00Z,2026-08-09T09:15:00+0200,30.0,EUR/MWh,FR,FR,day_ahead_price,value,2026-08-21T12:09:10Z
2026-08-21T12:03:35Z,2026-08-21T14:03:35+0200,5cef1f60-1e78-40ab-8a35-fe731affab16,2026-08-09T07:30:00Z,2026-08-09T09:30:00+0200,4.99,EUR/MWh,FR,FR,day_ahead_price,value,2026-08-21T12:09:10Z
2026-08-21T12:03:35Z,2026-08-21T14:03:35+0200,5cef1f60-1e78-40ab-8a35-fe731affab16,2026-08-09T07:45:00Z,2026-08-09T09:45:00+0200,0.69,EUR/MWh,FR,FR,day_ahead_price,value,2026-08-21T12:09:10Z
2026-08-21T12:03:35Z,2026-08-21T14:03:35+0200,5cef1f60-1e78-40ab-8a35-fe731affab16,2026-08-09T08:00:00Z,2026-08-09T10:00:00+0200,1.13,EUR/MWh,FR,FR,day_ahead_price,value,2026-08-21T12:09:10Z
2026-08-21T12:03:35Z,2026-08-21T14:03:35+0200,5cef1f60-1e78-40ab-8a35-fe731affab16,2026-08-09T08:15:00Z,2026-08-09T10:15:00+0200,0.15,EUR/MWh,FR,FR,day_ahead_price,value,2026-08-21T12:09:10Z
2026-08-21T12:03:35Z,2026-08-21T14:03:35+0200,5cef1f60-1e78-40ab-8a35-fe731affab16,2026-08-09T08:30:00Z,2026-08-09T10:30:00+0200,0.01,EUR/MWh,FR,FR,day_ahead_price,value,2026-08-21T12:09:10Z
2026-08-21T12:03:35Z,2026-08-21T14:03:35+0200,5cef1f60-1e78-40ab-8a35-fe731affab16,2026-08-09T08:45:00Z,2026-08-09T10:45:00+0200,0.0,EUR/MWh,FR,FR,day_ahead_price,value,2026-08-21T12:09:10Z
2026-08-21T12:03:35Z,2026-08-21T14:03:35+0200,5cef1f60-1e78-40ab-8a35-fe731affab16,2026-08-09T09:00:00Z,2026-08-09T11:00:00+0200,0.0,EUR/MWh,FR,FR,day_ahead_price,value,2026-08-21T12:09:10Z
2026-08-21T12:03:35Z,2026-08-21T14:03:35+0200,5cef1f60-1e78-40ab-8a35-fe731affab16,2026-08-09T09:15:00Z,2026-08-09T11:15:00+0200,-0.01,EUR/MWh,FR,FR,day_ahead_price,value,2026-08-21T12:09:10Z
2026-08-21T12:03:35Z,2026-08-21T14:03:35+0200,5cef1f60-1e78-40ab-8a35-fe731affab16,2026-08-09T09:30:00Z,2026-08-09T11:30:00+0200,-0.02,EUR/MWh,FR,FR,day_ahead_price,value,2026-08-21T12:09:10Z
2026-08-21T12:03:35Z,2026-08-21T14:03:35+0200,5cef1f60-1e78-40ab-8a35-fe731affab16,2026-08-09T09:45:00Z,2026-08-09T11:45:00+0200,-0.03,EUR/MWh,FR,FR,day_ahead_price,value,2026-08-21T12:09:10Z
2026-08-21T12:03:35Z,2026-08-21T14:03:35+0200,5cef1f60-1e78-40ab-8a35-fe731affab16,2026-08-09T10:00:00Z,2026-08-09T12:00:00+0200,-0.02,EUR/MWh,FR,FR,day_ahead_price,value,2026-08-21T12:09:10Z
2026-08-21T12:03:35Z,2026-08-21T14:03:35+0200,5cef1f60-1e78-40ab-8a35-fe731affab16,2026-08-09T10:15:00Z,2026-08-09T12:15:00+0200,-0.03,EUR/MWh,FR,FR,day_ahead_price,value,2026-08-21T12:09:10Z
2026-08-21T12:03:35Z,2026-08-21T14:03:35+0200,5cef1f60-1e78-40ab-8a35-fe731affab16,2026-08-09T10:30:00Z,2026-08-09T12:30:00+0200,-0.05,EUR/MWh,FR,FR,day_ahead_price,value,2026-08-21T12:09:10Z
2026-08-21T12:03:35Z,2026-08-21T14:03:35+0200,5cef1f60-1e78-40ab-8a35-fe731affab16,2026-08-09T10:45:00Z,2026-08-09T12:45:00+0200,-0.07,EUR/MWh,FR,FR,day_ahead_price,value,2026-08-21T12:09:10Z
2026-08-21T12:03:35Z,2026-08-21T14:03:35+0200,5cef1f60-1e78-40ab-8a35-fe731affab16,2026-08-09T11:00:00Z,2026-08-09T13:00:00+0200,-0.1,EUR/MWh,FR,FR,day_ahead_price,value,2026-08-21T12:09:10Z
2026-08-21T12:03:35Z,2026-08-21T14:03:35+0200,5cef1f60-1e78-40ab-8a35-fe731affab16,2026-08-09T11:15:00Z,2026-08-09T13:15:00+0200,-0.1,EUR/MWh,FR,FR,day_ahead_price,value,2026-08-21T12:09:10Z
2026-08-21T12:03:35Z,2026-08-21T14:03:35+0200,5cef1f60-1e78-40ab-8a35-fe731affab16,2026-08-09T11:30:00Z,2026-08-09T13:30:00+0200,-0.11,EUR/MWh,FR,FR,day_ahead_price,value,2026-08-21T12:09:10Z
2026-08-21T12:03:35Z,2026-08-21T14:03:35+0200,5cef1f60-1e78-40ab-8a35-fe731affab16,2026-08-09T11:45:00Z,2026-08-09T13:45:00+0200,-0.11,EUR/MWh,FR,FR,day_ahead_price,value,2026-08-21T12:09:10Z
2026-08-21T12:03:35Z,2026-08-21T14:03:35+0200,5cef1f60-1e78-40ab-8a35-fe731affab16,2026-08-09T12:00:00Z,2026-08-09T14:00:00+0200,-0.1,EUR/MWh,FR,FR,day_ahead_price,value,2026-08-21T12:09:10Z
2026-08-21T12:03:35Z,2026-08-21T14:03:35+0200,5cef1f60-1e78-40ab-8a35-fe731affab16,2026-08-09T12:15:00Z,2026-08-09T14:15:00+0200,-0.1,EUR/MWh,FR,FR,day_ahead_price,value,2026-08-21T12:09:10Z
2026-08-21T12:03:35Z,2026-08-21T14:03:35+0200,5cef1f60-1e78-40ab-8a35-fe731affab16,2026-08-09T12:30:00Z,2026-08-09T14:30:00+0200,-0.09,EUR/MWh,FR,FR,day_ahead_price,value,2026-08-21T12:09:10Z
2026-08-21T12:03:35Z,2026-08-21T14:03:35+0200,5cef1f60-1e78-40ab-8a35-fe731affab16,2026-08-09T12:45:00Z,2026-08-09T14:45:00+0200,-0.1,EUR/MWh,FR,FR,day_ahead_price,value,2026-08-21T12:09:10Z
2026-08-21T12:03:35Z,2026-08-21T14:03:35+0200,5cef1f60-1e78-40ab-8a35-fe731affab16,2026-08-09T13:00:00Z,2026-08-09T15:00:00+0200,-0.02,EUR/MWh,FR,FR,day_ahead_price,value,2026-08-21T12:09:10Z
2026-08-21T12:03:35Z,2026-08-21T14:03:35+0200,5cef1f60-1e78-40ab-8a35-fe731affab16,2026-08-09T13:15:00Z,2026-08-09T15:15:00+0200,-0.01,EUR/MWh,FR,FR,day_ahead_price,value,2026-08-21T12:09:10Z
2026-08-21T12:03:35Z,2026-08-21T14:03:35+0200,5cef1f60-1e78-40ab-8a35-fe731affab16,2026-08-09T13:30:00Z,2026-08-09T15:30:00+0200,-0.01,EUR/MWh,FR,FR,day_ahead_price,value,2026-08-21T12:09:10Z
2026-08-21T12:03:35Z,2026-08-21T14:03:35+0200,5cef1f60-1e78-40ab-8a35-fe731affab16,2026-08-09T13:45:00Z,2026-08-09T15:45:00+0200,0.0,EUR/MWh,FR,FR,day_ahead_price,value,2026-08-21T12:09:10Z
2026-08-21T12:03:35Z,2026-08-21T14:03:35+0200,5cef1f60-1e78-40ab-8a35-fe731affab16,2026-08-09T14:00:00Z,2026-08-09T16:00:00+0200,0.0,EUR/MWh,FR,FR,day_ahead_price,value,2026-08-21T12:09:10Z
2026-08-21T12:03:35Z,2026-08-21T14:03:35+0200,5cef1f60-1e78-40ab-8a35-fe731affab16,2026-08-09T14:15:00Z,2026-08-09T16:15:00+0200,0.01,EUR/MWh,FR,FR,day_ahead_price,value,2026-08-21T12:09:10Z
2026-08-21T12:03:35Z,2026-08-21T14:03:35+0200,5cef1f60-1e78-40ab-8a35-fe731affab16,2026-08-09T14:30:00Z,2026-08-09T16:30:00+0200,0.62,EUR/MWh,FR,FR,day_ahead_price,value,2026-08-21T12:09:10Z
2026-08-21T12:03:35Z,2026-08-21T14:03:35+0200,5cef1f60-1e78-40ab-8a35-fe731affab16,2026-08-09T14:45:00Z,2026-08-09T16:45:00+0200,17.8,EUR/MWh,FR,FR,day_ahead_price,value,2026-08-21T12:09:10Z
2026-08-21T12:03:35Z,2026-08-21T14:03:35+0200,5cef1f60-1e78-40ab-8a35-fe731affab16,2026-08-09T15:00:00Z,2026-08-09T17:00:00+0200,6.83,EUR/MWh,FR,FR,day_ahead_price,value,2026-08-21T12:09:10Z
2026-08-21T12:03:35Z,2026-08-21T14:03:35+0200,5cef1f60-1e78-40ab-8a35-fe731affab16,2026-08-09T15:15:00Z,2026-08-09T17:15:00+0200,27.94,EUR/MWh,FR,FR,day_ahead_price,value,2026-08-21T12:09:10Z
2026-08-21T12:03:35Z,2026-08-21T14:03:35+0200,5cef1f60-1e78-40ab-8a35-fe731affab16,2026-08-09T15:30:00Z,2026-08-09T17:30:00+0200,50.64,EUR/MWh,FR,FR,day_ahead_price,value,2026-08-21T12:09:10Z
2026-08-21T12:03:35Z,2026-08-21T14:03:35+0200,5cef1f60-1e78-40ab-8a35-fe731affab16,2026-08-09T15:45:00Z,2026-08-09T17:45:00+0200,99.52,EUR/MWh,FR,FR,day_ahead_price,value,2026-08-21T12:09:10Z
2026-08-21T12:03:35Z,2026-08-21T14:03:35+0200,5cef1f60-1e78-40ab-8a35-fe731affab16,2026-08-09T16:00:00Z,2026-08-09T18:00:00+0200,111.23,EUR/MWh,FR,FR,day_ahead_price,value,2026-08-21T12:09:10Z
2026-08-21T12:03:35Z,2026-08-21T14:03:35+0200,5cef1f60-1e78-40ab-8a35-fe731affab16,2026-08-09T16:15:00Z,2026-08-09T18:15:00+0200,110.45,EUR/MWh,FR,FR,day_ahead_price,value,2026-08-21T12:09:10Z
2026-08-21T12:03:35Z,2026-08-21T14:03:35+0200,5cef1f60-1e78-40ab-8a35-fe731affab16,2026-08-09T16:30:00Z,2026-08-09T18:30:00+0200,141.29,EUR/MWh,FR,FR,day_ahead_price,value,2026-08-21T12:09:10Z
2026-08-21T12:03:35Z,2026-08-21T14:03:35+0200,5cef1f60-1e78-40ab-8a35-fe731affab16,2026-08-09T16:45:00Z,2026-08-09T18:45:00+0200,143.56,EUR/MWh,FR,FR,day_ahead_price,value,2026-08-21T12:09:10Z
2026-08-21T12:03:35Z,2026-08-21T14:03:35+0200,5cef1f60-1e78-40ab-8a35-fe731affab16,2026-08-09T17:00:00Z,2026-08-09T19:00:00+0200,131.53,EUR/MWh,FR,FR,day_ahead_price,value,2026-08-21T12:09:10Z
2026-08-21T12:03:35Z,2026-08-21T14:03:35+0200,5cef1f60-1e78-40ab-8a35-fe731affab16,2026-08-09T17:15:00Z,2026-08-09T19:15:00+0200,145.04,EUR/MWh,FR,FR,day_ahead_price,value,2026-08-21T12:09:10Z
2026-08-21T12:03:35Z,2026-08-21T14:03:35+0200,5cef1f60-1e78-40ab-8a35-fe731affab16,2026-08-09T17:30:00Z,2026-08-09T19:30:00+0200,141.13,EUR/MWh,FR,FR,day_ahead_price,value,2026-08-21T12:09:10Z
2026-08-21T12:03:35Z,2026-08-21T14:03:35+0200,5cef1f60-1e78-40ab-8a35-fe731affab16,2026-08-09T17:45:00Z,2026-08-09T19:45:00+0200,171.1,EUR/MWh,FR,FR,day_ahead_price,value,2026-08-21T12:09:10Z
2026-08-21T12:03:35Z,2026-08-21T14:03:35+0200,5cef1f60-1e78-40ab-8a35-fe731affab16,2026-08-09T18:00:00Z,2026-08-09T20:00:00+0200,144.47,EUR/MWh,FR,FR,day_ahead_price,value,2026-08-21T12:09:10Z
2026-08-21T12:03:35Z,2026-08-21T14:03:35+0200,5cef1f60-1e78-40ab-8a35-fe731affab16,2026-08-09T18:15:00Z,2026-08-09T20:15:00+0200,160.22,EUR/MWh,FR,FR,day_ahead_price,value,2026-08-21T12:09:10Z
2026-08-21T12:03:35Z,2026-08-21T14:03:35+0200,5cef1f60-1e78-40ab-8a35-fe731affab16,2026-08-09T18:30:00Z,2026-08-09T20:30:00+0200,171.62,EUR/MWh,FR,FR,day_ahead_price,value,2026-08-21T12:09:10Z
2026-08-21T12:03:35Z,2026-08-21T14:03:35+0200,5cef1f60-1e78-40ab-8a35-fe731affab16,2026-08-09T18:45:00Z,2026-08-09T20:45:00+0200,175.73,EUR/MWh,FR,FR,day_ahead_price,value,2026-08-21T12:09:10Z
2026-08-21T12:03:35Z,2026-08-21T14:03:35+0200,5cef1f60-1e78-40ab-8a35-fe731affab16,2026-08-09T19:00:00Z,2026-08-09T21:00:00+0200,175.23,EUR/MWh,FR,FR,day_ahead_price,value,2026-08-21T12:09:10Z
2026-08-21T12:03:35Z,2026-08-21T14:03:35+0200,5cef1f60-1e78-40ab-8a35-fe731affab16,2026-08-09T19:15:00Z,2026-08-09T21:15:00+0200,175.73,EUR/MWh,FR,FR,day_ahead_price,value,2026-08-21T12:09:10Z
2026-08-21T12:03:35Z,2026-08-21T14:03:35+0200,5cef1f60-1e78-40ab-8a35-fe731affab16,2026-08-09T19:30:00Z,2026-08-09T21:30:00+0200,175.31,EUR/MWh,FR,FR,day_ahead_price,value,2026-08-21T12:09:10Z
2026-08-21T12:03:35Z,2026-08-21T14:03:35+0200,5cef1f60-1e78-40ab-8a35-fe731affab16,2026-08-09T19:45:00Z,2026-08-09T21:45:00+0200,170.26,EUR/MWh,FR,FR,day_ahead_price,value,2026-08-21T12:09:10Z
2026-08-21T12:03:35Z,2026-08-21T14:03:35+0200,5cef1f60-1e78-40ab-8a35-fe731affab16,2026-08-09T20:00:00Z,2026-08-09T22:00:00+0200,174.05,EUR/MWh,FR,FR,day_ahead_price,value,2026-08-21T12:09:10Z
2026-08-21T12:03:35Z,2026-08-21T14:03:35+0200,5cef1f60-1e78-40ab-8a35-fe731affab16,2026-08-09T20:15:00Z,2026-08-09T22:15:00+0200,171.1,EUR/MWh,FR,FR,day_ahead_price,value,2026-08-21T12:09:10Z
2026-08-21T12:03:35Z,2026-08-21T14:03:35+0200,5cef1f60-1e78-40ab-8a35-fe731affab16,2026-08-09T20:30:00Z,2026-08-09T22:30:00+0200,170.89,EUR/MWh,FR,FR,day_ahead_price,value,2026-08-21T12:09:10Z
2026-08-21T12:03:35Z,2026-08-21T14:03:35+0200,5cef1f60-1e78-40ab-8a35-fe731affab16,2026-08-09T20:45:00Z,2026-08-09T22:45:00+0200,163.96,EUR/MWh,FR,FR,day_ahead_price,value,2026-08-21T12:09:10Z
2026-08-21T12:03:35Z,2026-08-21T14:03:35+0200,5cef1f60-1e78-40ab-8a35-fe731affab16,2026-08-09T21:00:00Z,2026-08-09T23:00:00+0200,164.61,EUR/MWh,FR,FR,day_ahead_price,value,2026-08-21T12:09:10Z
2026-08-21T12:03:35Z,2026-08-21T14:03:35+0200,5cef1f60-1e78-40ab-8a35-fe731affab16,2026-08-09T21:15:00Z,2026-08-09T23:15:00+0200,158.35,EUR/MWh,FR,FR,day_ahead_price,value,2026-08-21T12:09:10Z
2026-08-21T12:03:35Z,2026-08-21T14:03:35+0200,5cef1f60-1e78-40ab-8a35-fe731affab16,2026-08-09T21:30:00Z,2026-08-09T23:30:00+0200,158.37,EUR/MWh,FR,FR,day_ahead_price,value,2026-08-21T12:09:10Z
2026-08-21T12:03:35Z,2026-08-21T14:03:35+0200,5cef1f60-1e78-40ab-8a35-fe731affab16,2026-08-09T21:45:00Z,2026-08-09T23:45:00+0200,149.37,EUR/MWh,FR,FR,day_ahead_price,value,2026-08-21T12:09:10Z
2026-08-21T12:03:35Z,2026-08-21T14:03:35+0200,5cef1f60-1e78-40ab-8a35-fe731affab16,2026-08-09T22:00:00Z,2026-08-10T00:00:00+0200,155.03,EUR/MWh,FR,FR,day_ahead_price,value,2026-08-21T12:09:10Z
2026-08-21T12:03:35Z,2026-08-21T14:03:35+0200,5cef1f60-1e78-40ab-8a35-fe731affab16,2026-08-09T22:15:00Z,2026-08-10T00:15:00+0200,151.91,EUR/MWh,FR,FR,day_ahead_price,value,2026-08-21T12:09:10Z
2026-08-21T12:03:35Z,2026-08-21T14:03:35+0200,5cef1f60-1e78-40ab-8a35-fe731affab16,2026-08-09T22:30:00Z,2026-08-10T00:30:00+0200,144.02,EUR/MWh,FR,FR,day_ahead_price,value,2026-08-21T12:09:10Z
2026-08-21T12:03:35Z,2026-08-21T14:03:35+0200,5cef1f60-1e78-40ab-8a35-fe731affab16,2026-08-09T22:45:00Z,2026-08-10T00:45:00+0200,135.84,EUR/MWh,FR,FR,day_ahead_price,value,2026-08-21T12:09:10Z
2026-08-21T12:03:35Z,2026-08-21T14:03:35+0200,5cef1f60-1e78-40ab-8a35-fe731affab16,2026-08-09T23:00:00Z,2026-08-10T01:00:00+0200,147.14,EUR/MWh,FR,FR,day_ahead_price,value,2026-08-21T12:09:10Z
2026-08-21T12:03:35Z,2026-08-21T14:03:35+0200,5cef1f60-1e78-40ab-8a35-fe731affab16,2026-08-09T23:15:00Z,2026-08-10T01:15:00+0200,140.17,EUR/MWh,FR,FR,day_ahead_price,value,2026-08-21T12:09:10Z
2026-08-21T12:03:35Z,2026-08-21T14:03:35+0200,5cef1f60-1e78-40ab-8a35-fe731affab16,2026-08-09T23:30:00Z,2026-08-10T01:30:00+0200,137.32,EUR/MWh,FR,FR,day_ahead_price,value,2026-08-21T12:09:10Z
2026-08-21T12:03:35Z,2026-08-21T14:03:35+0200,5cef1f60-1e78-40ab-8a35-fe731affab16,2026-08-09T23:45:00Z,2026-08-10T01:45:00+0200,130.84,EUR/MWh,FR,FR,day_ahead_price,value,2026-08-21T12:09:10Z
2026-08-21T12:03:35Z,2026-08-21T14:03:35+0200,5cef1f60-1e78-40ab-8a35-fe731affab16,2026-08-10T00:00:00Z,2026-08-10T02:00:00+0200,136.86,EUR/MWh,FR,FR,day_ahead_price,value,2026-08-21T12:09:10Z
2026-08-21T12:03:35Z,2026-08-21T14:03:35+0200,5cef1f60-1e78-40ab-8a35-fe731affab16,2026-08-10T00:15:00Z,2026-08-10T02:15:00+0200,133.69,EUR/MWh,FR,FR,day_ahead_price,value,2026-08-21T12:09:10Z
2026-08-21T12:03:35Z,2026-08-21T14:03:35+0200,5cef1f60-1e78-40ab-8a35-fe731affab16,2026-08-10T00:30:00Z,2026-08-10T02:30:00+0200,130.57,EUR/MWh,FR,FR,day_ahead_price,value,2026-08-21T12:09:10Z
2026-08-21T12:03:35Z,2026-08-21T14:03:35+0200,5cef1f60-1e78-40ab-8a35-fe731affab16,2026-08-10T00:45:00Z,2026-08-10T02:45:00+0200,127.71,EUR/MWh,FR,FR,day_ahead_price,value,2026-08-21T12:09:10Z
2026-08-21T12:03:35Z,2026-08-21T14:03:35+0200,5cef1f60-1e78-40ab-8a35-fe731affab16,2026-08-10T01:00:00Z,2026-08-10T03:00:00+0200,126.99,EUR/MWh,FR,FR,day_ahead_price,value,2026-08-21T12:09:10Z
2026-08-21T12:03:35Z,2026-08-21T14:03:35+0200,5cef1f60-1e78-40ab-8a35-fe731affab16,2026-08-10T01:15:00Z,2026-08-10T03:15:00+0200,128.05,EUR/MWh,FR,FR,day_ahead_price,value,2026-08-21T12:09:10Z
2026-08-21T12:03:35Z,2026-08-21T14:03:35+0200,5cef1f60-1e78-40ab-8a35-fe731affab16,2026-08-10T01:30:00Z,2026-08-10T03:30:00+0200,127.26,EUR/MWh,FR,FR,day_ahead_price,value,2026-08-21T12:09:10Z
2026-08-21T12:03:35Z,2026-08-21T14:03:35+0200,5cef1f60-1e78-40ab-8a35-fe731affab16,2026-08-10T01:45:00Z,2026-08-10T03:45:00+0200,127.09,EUR/MWh,FR,FR,day_ahead_price,value,2026-08-21T12:09:10Z
2026-08-21T12:03:35Z,2026-08-21T14:03:35+0200,5cef1f60-1e78-40ab-8a35-fe731affab16,2026-08-10T02:00:00Z,2026-08-10T04:00:00+0200,125.18,EUR/MWh,FR,FR,day_ahead_price,value,2026-08-21T12:09:10Z
2026-08-21T12:03:35Z,2026-08-21T14:03:35+0200,5cef1f60-1e78-40ab-8a35-fe731affab16,2026-08-10T02:15:00Z,2026-08-10T04:15:00+0200,127.14,EUR/MWh,FR,FR,day_ahead_price,value,2026-08-21T12:09:10Z
2026-08-21T12:03:35Z,2026-08-21T14:03:35+0200,5cef1f60-1e78-40ab-8a35-fe731affab16,2026-08-10T02:30:00Z,2026-08-10T04:30:00+0200,127.6,EUR/MWh,FR,FR,day_ahead_price,value,2026-08-21T12:09:10Z
2026-08-21T12:03:35Z,2026-08-21T14:03:35+0200,5cef1f60-1e78-40ab-8a35-fe731affab16,2026-08-10T02:45:00Z,2026-08-10T04:45:00+0200,130.35,EUR/MWh,FR,FR,day_ahead_price,value,2026-08-21T12:09:10Z
2026-08-21T12:03:35Z,2026-08-21T14:03:35+0200,5cef1f60-1e78-40ab-8a35-fe731affab16,2026-08-10T03:00:00Z,2026-08-10T05:00:00+0200,131.62,EUR/MWh,FR,FR,day_ahead_price,value,2026-08-21T12:09:10Z
2026-08-21T12:03:35Z,2026-08-21T14:03:35+0200,5cef1f60-1e78-40ab-8a35-fe731affab16,2026-08-10T03:15:00Z,2026-08-10T05:15:00+0200,139.38,EUR/MWh,FR,FR,day_ahead_price,value,2026-08-21T12:09:10Z
2026-08-21T12:03:35Z,2026-08-21T14:03:35+0200,5cef1f60-1e78-40ab-8a35-fe731affab16,2026-08-10T03:30:00Z,2026-08-10T05:30:00+0200,148.31,EUR/MWh,FR,FR,day_ahead_price,value,2026-08-21T12:09:10Z
2026-08-21T12:03:35Z,2026-08-21T14:03:35+0200,5cef1f60-1e78-40ab-8a35-fe731affab16,2026-08-10T03:45:00Z,2026-08-10T05:45:00+0200,152.99,EUR/MWh,FR,FR,day_ahead_price,value,2026-08-21T12:09:10Z
2026-08-21T12:03:35Z,2026-08-21T14:03:35+0200,5cef1f60-1e78-40ab-8a35-fe731affab16,2026-08-10T04:00:00Z,2026-08-10T06:00:00+0200,157.75,EUR/MWh,FR,FR,day_ahead_price,value,2026-08-21T12:09:10Z
2026-08-21T12:03:35Z,2026-08-21T14:03:35+0200,5cef1f60-1e78-40ab-8a35-fe731affab16,2026-08-10T04:15:00Z,2026-08-10T06:15:00+0200,165.0,EUR/MWh,FR,FR,day_ahead_price,value,2026-08-21T12:09:10Z
2026-08-21T12:03:35Z,2026-08-21T14:03:35+0200,5cef1f60-1e78-40ab-8a35-fe731affab16,2026-08-10T04:30:00Z,2026-08-10T06:30:00+0200,165.38,EUR/MWh,FR,FR,day_ahead_price,value,2026-08-21T12:09:10Z
2026-08-21T12:03:35Z,2026-08-21T14:03:35+0200,5cef1f60-1e78-40ab-8a35-fe731affab16,2026-08-10T04:45:00Z,2026-08-10T06:45:00+0200,165.17,EUR/MWh,FR,FR,day_ahead_price,value,2026-08-21T12:09:10Z
2026-08-21T12:03:35Z,2026-08-21T14:03:35+0200,5cef1f60-1e78-40ab-8a35-fe731affab16,2026-08-10T05:00:00Z,2026-08-10T07:00:00+0200,170.28,EUR/MWh,FR,FR,day_ahead_price,value,2026-08-21T12:09:10Z
2026-08-21T12:03:35Z,2026-08-21T14:03:35+0200,5cef1f60-1e78-40ab-8a35-fe731affab16,2026-08-10T05:15:00Z,2026-08-10T07:15:00+0200,170.0,EUR/MWh,FR,FR,day_ahead_price,value,2026-08-21T12:09:10Z
2026-08-21T12:03:35Z,2026-08-21T14:03:35+0200,5cef1f60-1e78-40ab-8a35-fe731affab16,2026-08-10T05:30:00Z,2026-08-10T07:30:00+0200,162.88,EUR/MWh,FR,FR,day_ahead_price,value,2026-08-21T12:09:10Z
2026-08-21T12:03:35Z,2026-08-21T14:03:35+0200,5cef1f60-1e78-40ab-8a35-fe731affab16,2026-08-10T05:45:00Z,2026-08-10T07:45:00+0200,155.95,EUR/MWh,FR,FR,day_ahead_price,value,2026-08-21T12:09:10Z
2026-08-21T12:03:35Z,2026-08-21T14:03:35+0200,5cef1f60-1e78-40ab-8a35-fe731affab16,2026-08-10T06:00:00Z,2026-08-10T08:00:00+0200,179.91,EUR/MWh,FR,FR,day_ahead_price,value,2026-08-21T12:09:10Z
2026-08-21T12:03:35Z,2026-08-21T14:03:35+0200,5cef1f60-1e78-40ab-8a35-fe731affab16,2026-08-10T06:15:00Z,2026-08-10T08:15:00+0200,165.0,EUR/MWh,FR,FR,day_ahead_price,value,2026-08-21T12:09:10Z
2026-08-21T12:03:35Z,2026-08-21T14:03:35+0200,5cef1f60-1e78-40ab-8a35-fe731affab16,2026-08-10T06:30:00Z,2026-08-10T08:30:00+0200,155.08,EUR/MWh,FR,FR,day_ahead_price,value,2026-08-21T12:09:10Z
2026-08-21T12:03:35Z,2026-08-21T14:03:35+0200,5cef1f60-1e78-40ab-8a35-fe731affab16,2026-08-10T06:45:00Z,2026-08-10T08:45:00+0200,143.55,EUR/MWh,FR,FR,day_ahead_price,value,2026-08-21T12:09:10Z
2026-08-21T12:03:35Z,2026-08-21T14:03:35+0200,5cef1f60-1e78-40ab-8a35-fe731affab16,2026-08-10T07:00:00Z,2026-08-10T09:00:00+0200,163.56,EUR/MWh,FR,FR,day_ahead_price,value,2026-08-21T12:09:10Z
2026-08-21T12:03:35Z,2026-08-21T14:03:35+0200,5cef1f60-1e78-40ab-8a35-fe731affab16,2026-08-10T07:15:00Z,2026-08-10T09:15:00+0200,151.97,EUR/MWh,FR,FR,day_ahead_price,value,2026-08-21T12:09:10Z
2026-08-21T12:03:35Z,2026-08-21T14:03:35+0200,5cef1f60-1e78-40ab-8a35-fe731affab16,2026-08-10T07:30:00Z,2026-08-10T09:30:00+0200,125.53,EUR/MWh,FR,FR,day_ahead_price,value,2026-08-21T12:09:10Z
2026-08-21T12:03:35Z,2026-08-21T14:03:35+0200,5cef1f60-1e78-40ab-8a35-fe731affab16,2026-08-10T07:45:00Z,2026-08-10T09:45:00+0200,114.47,EUR/MWh,FR,FR,day_ahead_price,value,2026-08-21T12:09:10Z
2026-08-21T12:03:35Z,2026-08-21T14:03:35+0200,5cef1f60-1e78-40ab-8a35-fe731affab16,2026-08-10T08:00:00Z,2026-08-10T10:00:00+0200,133.73,EUR/MWh,FR,FR,day_ahead_price,value,2026-08-21T12:09:10Z
2026-08-21T12:03:35Z,2026-08-21T14:03:35+0200,5cef1f60-1e78-40ab-8a35-fe731affab16,2026-08-10T08:15:00Z,2026-08-10T10:15:00+0200,115.0,EUR/MWh,FR,FR,day_ahead_price,value,2026-08-21T12:09:10Z
2026-08-21T12:03:35Z,2026-08-21T14:03:35+0200,5cef1f60-1e78-40ab-8a35-fe731affab16,2026-08-10T08:30:00Z,2026-08-10T10:30:00+0200,105.79,EUR/MWh,FR,FR,day_ahead_price,value,2026-08-21T12:09:10Z
2026-08-21T12:03:35Z,2026-08-21T14:03:35+0200,5cef1f60-1e78-40ab-8a35-fe731affab16,2026-08-10T08:45:00Z,2026-08-10T10:45:00+0200,93.07,EUR/MWh,FR,FR,day_ahead_price,value,2026-08-21T12:09:10Z
2026-08-21T12:03:35Z,2026-08-21T14:03:35+0200,5cef1f60-1e78-40ab-8a35-fe731affab16,2026-08-10T09:00:00Z,2026-08-10T11:00:00+0200,99.24,EUR/MWh,FR,FR,day_ahead_price,value,2026-08-21T12:09:10Z
2026-08-21T12:03:35Z,2026-08-21T14:03:35+0200,5cef1f60-1e78-40ab-8a35-fe731affab16,2026-08-10T09:15:00Z,2026-08-10T11:15:00+0200,87.54,EUR/MWh,FR,FR,day_ahead_price,value,2026-08-21T12:09:10Z
2026-08-21T12:03:35Z,2026-08-21T14:03:35+0200,5cef1f60-1e78-40ab-8a35-fe731affab16,2026-08-10T09:30:00Z,2026-08-10T11:30:00+0200,71.62,EUR/MWh,FR,FR,day_ahead_price,value,2026-08-21T12:09:10Z
2026-08-21T12:03:35Z,2026-08-21T14:03:35+0200,5cef1f60-1e78-40ab-8a35-fe731affab16,2026-08-10T09:45:00Z,2026-08-10T11:45:00+0200,61.64,EUR/MWh,FR,FR,day_ahead_price,value,2026-08-21T12:09:10Z
2026-08-21T12:03:35Z,2026-08-21T14:03:35+0200,5cef1f60-1e78-40ab-8a35-fe731affab16,2026-08-10T10:00:00Z,2026-08-10T12:00:00+0200,64.04,EUR/MWh,FR,FR,day_ahead_price,value,2026-08-21T12:09:10Z
2026-08-21T12:03:35Z,2026-08-21T14:03:35+0200,5cef1f60-1e78-40ab-8a35-fe731affab16,2026-08-10T10:15:00Z,2026-08-10T12:15:00+0200,64.94,EUR/MWh,FR,FR,day_ahead_price,value,2026-08-21T12:09:10Z
2026-08-21T12:03:35Z,2026-08-21T14:03:35+0200,5cef1f60-1e78-40ab-8a35-fe731affab16,2026-08-10T10:30:00Z,2026-08-10T12:30:00+0200,69.48,EUR/MWh,FR,FR,day_ahead_price,value,2026-08-21T12:09:10Z
2026-08-21T12:03:35Z,2026-08-21T14:03:35+0200,5cef1f60-1e78-40ab-8a35-fe731affab16,2026-08-10T10:45:00Z,2026-08-10T12:45:00+0200,51.89,EUR/MWh,FR,FR,day_ahead_price,value,2026-08-21T12:09:10Z
2026-08-21T12:03:35Z,2026-08-21T14:03:35+0200,5cef1f60-1e78-40ab-8a35-fe731affab16,2026-08-10T11:00:00Z,2026-08-10T13:00:00+0200,36.75,EUR/MWh,FR,FR,day_ahead_price,value,2026-08-21T12:09:10Z
2026-08-21T12:03:35Z,2026-08-21T14:03:35+0200,5cef1f60-1e78-40ab-8a35-fe731affab16,2026-08-10T11:15:00Z,2026-08-10T13:15:00+0200,33.49,EUR/MWh,FR,FR,day_ahead_price,value,2026-08-21T12:09:10Z
2026-08-21T12:03:35Z,2026-08-21T14:03:35+0200,5cef1f60-1e78-40ab-8a35-fe731affab16,2026-08-10T11:30:00Z,2026-08-10T13:30:00+0200,25.0,EUR/MWh,FR,FR,day_ahead_price,value,2026-08-21T12:09:10Z
2026-08-21T12:03:35Z,2026-08-21T14:03:35+0200,5cef1f60-1e78-40ab-8a35-fe731affab16,2026-08-10T11:45:00Z,2026-08-10T13:45:00+0200,25.0,EUR/MWh,FR,FR,day_ahead_price,value,2026-08-21T12:09:10Z
2026-08-21T12:03:35Z,2026-08-21T14:03:35+0200,5cef1f60-1e78-40ab-8a35-fe731affab16,2026-08-10T12:00:00Z,2026-08-10T14:00:00+0200,34.24,EUR/MWh,FR,FR,day_ahead_price,value,2026-08-21T12:09:10Z
2026-08-21T12:03:35Z,2026-08-21T14:03:35+0200,5cef1f60-1e78-40ab-8a35-fe731affab16,2026-08-10T12:15:00Z,2026-08-10T14:15:00+0200,30.61,EUR/MWh,FR,FR,day_ahead_price,value,2026-08-21T12:09:10Z
2026-08-21T12:03:35Z,2026-08-21T14:03:35+0200,5cef1f60-1e78-40ab-8a35-fe731affab16,2026-08-10T12:30:00Z,2026-08-10T14:30:00+0200,36.33,EUR/MWh,FR,FR,day_ahead_price,value,2026-08-21T12:09:10Z
2026-08-21T12:03:35Z,2026-08-21T14:03:35+0200,5cef1f60-1e78-40ab-8a35-fe731affab16,2026-08-10T12:45:00Z,2026-08-10T14:45:00+0200,38.62,EUR/MWh,FR,FR,day_ahead_price,value,2026-08-21T12:09:10Z
2026-08-21T12:03:35Z,2026-08-21T14:03:35+0200,5cef1f60-1e78-40ab-8a35-fe731affab16,2026-08-10T13:00:00Z,2026-08-10T15:00:00+0200,25.0,EUR/MWh,FR,FR,day_ahead_price,value,2026-08-21T12:09:10Z
2026-08-21T12:03:35Z,2026-08-21T14:03:35+0200,5cef1f60-1e78-40ab-8a35-fe731affab16,2026-08-10T13:15:00Z,2026-08-10T15:15:00+0200,34.69,EUR/MWh,FR,FR,day_ahead_price,value,2026-08-21T12:09:10Z
2026-08-21T12:03:35Z,2026-08-21T14:03:35+0200,5cef1f60-1e78-40ab-8a35-fe731affab16,2026-08-10T13:30:00Z,2026-08-10T15:30:00+0200,45.22,EUR/MWh,FR,FR,day_ahead_price,value,2026-08-21T12:09:10Z
2026-08-21T12:03:35Z,2026-08-21T14:03:35+0200,5cef1f60-1e78-40ab-8a35-fe731affab16,2026-08-10T13:45:00Z,2026-08-10T15:45:00+0200,77.81,EUR/MWh,FR,FR,day_ahead_price,value,2026-08-21T12:09:10Z
2026-08-21T12:03:35Z,2026-08-21T14:03:35+0200,5cef1f60-1e78-40ab-8a35-fe731affab16,2026-08-10T14:00:00Z,2026-08-10T16:00:00+0200,25.0,EUR/MWh,FR,FR,day_ahead_price,value,2026-08-21T12:09:10Z
2026-08-21T12:03:35Z,2026-08-21T14:03:35+0200,5cef1f60-1e78-40ab-8a35-fe731affab16,2026-08-10T14:15:00Z,2026-08-10T16:15:00+0200,49.17,EUR/MWh,FR,FR,day_ahead_price,value,2026-08-21T12:09:10Z
2026-08-21T12:03:35Z,2026-08-21T14:03:35+0200,5cef1f60-1e78-40ab-8a35-fe731affab16,2026-08-10T14:30:00Z,2026-08-10T16:30:00+0200,75.61,EUR/MWh,FR,FR,day_ahead_price,value,2026-08-21T12:09:10Z
2026-08-21T12:03:35Z,2026-08-21T14:03:35+0200,5cef1f60-1e78-40ab-8a35-fe731affab16,2026-08-10T14:45:00Z,2026-08-10T16:45:00+0200,99.4,EUR/MWh,FR,FR,day_ahead_price,value,2026-08-21T12:09:10Z
2026-08-21T12:03:35Z,2026-08-21T14:03:35+0200,5cef1f60-1e78-40ab-8a35-fe731affab16,2026-08-10T15:00:00Z,2026-08-10T17:00:00+0200,78.32,EUR/MWh,FR,FR,day_ahead_price,value,2026-08-21T12:09:10Z
2026-08-21T12:03:35Z,2026-08-21T14:03:35+0200,5cef1f60-1e78-40ab-8a35-fe731affab16,2026-08-10T15:15:00Z,2026-08-10T17:15:00+0200,112.99,EUR/MWh,FR,FR,day_ahead_price,value,2026-08-21T12:09:10Z
2026-08-21T12:03:35Z,2026-08-21T14:03:35+0200,5cef1f60-1e78-40ab-8a35-fe731affab16,2026-08-10T15:30:00Z,2026-08-10T17:30:00+0200,122.88,EUR/MWh,FR,FR,day_ahead_price,value,2026-08-21T12:09:10Z
2026-08-21T12:03:35Z,2026-08-21T14:03:35+0200,5cef1f60-1e78-40ab-8a35-fe731affab16,2026-08-10T15:45:00Z,2026-08-10T17:45:00+0200,152.41,EUR/MWh,FR,FR,day_ahead_price,value,2026-08-21T12:09:10Z
2026-08-21T12:03:35Z,2026-08-21T14:03:35+0200,5cef1f60-1e78-40ab-8a35-fe731affab16,2026-08-10T16:00:00Z,2026-08-10T18:00:00+0200,133.17,EUR/MWh,FR,FR,day_ahead_price,value,2026-08-21T12:09:10Z
2026-08-21T12:03:35Z,2026-08-21T14:03:35+0200,5cef1f60-1e78-40ab-8a35-fe731affab16,2026-08-10T16:15:00Z,2026-08-10T18:15:00+0200,142.18,EUR/MWh,FR,FR,day_ahead_price,value,2026-08-21T12:09:10Z
2026-08-21T12:03:35Z,2026-08-21T14:03:35+0200,5cef1f60-1e78-40ab-8a35-fe731affab16,2026-08-10T16:30:00Z,2026-08-10T18:30:00+0200,154.54,EUR/MWh,FR,FR,day_ahead_price,value,2026-08-21T12:09:10Z
2026-08-21T12:03:35Z,2026-08-21T14:03:35+0200,5cef1f60-1e78-40ab-8a35-fe731affab16,2026-08-10T16:45:00Z,2026-08-10T18:45:00+0200,170.79,EUR/MWh,FR,FR,day_ahead_price,value,2026-08-21T12:09:10Z
2026-08-21T12:03:35Z,2026-08-21T14:03:35+0200,5cef1f60-1e78-40ab-8a35-fe731affab16,2026-08-10T17:00:00Z,2026-08-10T19:00:00+0200,159.97,EUR/MWh,FR,FR,day_ahead_price,value,2026-08-21T12:09:10Z
2026-08-21T12:03:35Z,2026-08-21T14:03:35+0200,5cef1f60-1e78-40ab-8a35-fe731affab16,2026-08-10T17:15:00Z,2026-08-10T19:15:00+0200,170.47,EUR/MWh,FR,FR,day_ahead_price,value,2026-08-21T12:09:10Z
2026-08-21T12:03:35Z,2026-08-21T14:03:35+0200,5cef1f60-1e78-40ab-8a35-fe731affab16,2026-08-10T17:30:00Z,2026-08-10T19:30:00+0200,179.48,EUR/MWh,FR,FR,day_ahead_price,value,2026-08-21T12:09:10Z
2026-08-21T12:03:35Z,2026-08-21T14:03:35+0200,5cef1f60-1e78-40ab-8a35-fe731affab16,2026-08-10T17:45:00Z,2026-08-10T19:45:00+0200,204.2,EUR/MWh,FR,FR,day_ahead_price,value,2026-08-21T12:09:10Z
2026-08-21T12:03:35Z,2026-08-21T14:03:35+0200,5cef1f60-1e78-40ab-8a35-fe731affab16,2026-08-10T18:00:00Z,2026-08-10T20:00:00+0200,177.77,EUR/MWh,FR,FR,day_ahead_price,value,2026-08-21T12:09:10Z
2026-08-21T12:03:35Z,2026-08-21T14:03:35+0200,5cef1f60-1e78-40ab-8a35-fe731affab16,2026-08-10T18:15:00Z,2026-08-10T20:15:00+0200,182.63,EUR/MWh,FR,FR,day_ahead_price,value,2026-08-21T12:09:10Z
2026-08-21T12:03:35Z,2026-08-21T14:03:35+0200,5cef1f60-1e78-40ab-8a35-fe731affab16,2026-08-10T18:30:00Z,2026-08-10T20:30:00+0200,192.25,EUR/MWh,FR,FR,day_ahead_price,value,2026-08-21T12:09:10Z
2026-08-21T12:03:35Z,2026-08-21T14:03:35+0200,5cef1f60-1e78-40ab-8a35-fe731affab16,2026-08-10T18:45:00Z,2026-08-10T20:45:00+0200,200.31,EUR/MWh,FR,FR,day_ahead_price,value,2026-08-21T12:09:10Z
2026-08-21T12:03:35Z,2026-08-21T14:03:35+0200,5cef1f60-1e78-40ab-8a35-fe731affab16,2026-08-10T19:00:00Z,2026-08-10T21:00:00+0200,207.58,EUR/MWh,FR,FR,day_ahead_price,value,2026-08-21T12:09:10Z
2026-08-21T12:03:35Z,2026-08-21T14:03:35+0200,5cef1f60-1e78-40ab-8a35-fe731affab16,2026-08-10T19:15:00Z,2026-08-10T21:15:00+0200,193.01,EUR/MWh,FR,FR,day_ahead_price,value,2026-08-21T12:09:10Z
2026-08-21T12:03:35Z,2026-08-21T14:03:35+0200,5cef1f60-1e78-40ab-8a35-fe731affab16,2026-08-10T19:30:00Z,2026-08-10T21:30:00+0200,180.79,EUR/MWh,FR,FR,day_ahead_price,value,2026-08-21T12:09:10Z
2026-08-21T12:03:35Z,2026-08-21T14:03:35+0200,5cef1f60-1e78-40ab-8a35-fe731affab16,2026-08-10T19:45:00Z,2026-08-10T21:45:00+0200,165.82,EUR/MWh,FR,FR,day_ahead_price,value,2026-08-21T12:09:10Z
2026-08-21T12:03:35Z,2026-08-21T14:03:35+0200,5cef1f60-1e78-40ab-8a35-fe731affab16,2026-08-10T20:00:00Z,2026-08-10T22:00:00+0200,187.32,EUR/MWh,FR,FR,day_ahead_price,value,2026-08-21T12:09:10Z
2026-08-21T12:03:35Z,2026-08-21T14:03:35+0200,5cef1f60-1e78-40ab-8a35-fe731affab16,2026-08-10T20:15:00Z,2026-08-10T22:15:00+0200,173.58,EUR/MWh,FR,FR,day_ahead_price,value,2026-08-21T12:09:10Z
2026-08-21T12:03:35Z,2026-08-21T14:03:35+0200,5cef1f60-1e78-40ab-8a35-fe731affab16,2026-08-10T20:30:00Z,2026-08-10T22:30:00+0200,173.7,EUR/MWh,FR,FR,day_ahead_price,value,2026-08-21T12:09:10Z
2026-08-21T12:03:35Z,2026-08-21T14:03:35+0200,5cef1f60-1e78-40ab-8a35-fe731affab16,2026-08-10T20:45:00Z,2026-08-10T22:45:00+0200,165.41,EUR/MWh,FR,FR,day_ahead_price,value,2026-08-21T12:09:10Z
2026-08-21T12:03:35Z,2026-08-21T14:03:35+0200,5cef1f60-1e78-40ab-8a35-fe731affab16,2026-08-10T21:00:00Z,2026-08-10T23:00:00+0200,164.66,EUR/MWh,FR,FR,day_ahead_price,value,2026-08-21T12:09:10Z
2026-08-21T12:03:35Z,2026-08-21T14:03:35+0200,5cef1f60-1e78-40ab-8a35-fe731affab16,2026-08-10T21:15:00Z,2026-08-10T23:15:00+0200,159.31,EUR/MWh,FR,FR,day_ahead_price,value,2026-08-21T12:09:10Z
2026-08-21T12:03:35Z,2026-08-21T14:03:35+0200,5cef1f60-1e78-40ab-8a35-fe731affab16,2026-08-10T21:30:00Z,2026-08-10T23:30:00+0200,159.57,EUR/MWh,FR,FR,day_ahead_price,value,2026-08-21T12:09:10Z
2026-08-21T12:03:35Z,2026-08-21T14:03:35+0200,5cef1f60-1e78-40ab-8a35-fe731affab16,2026-08-10T21:45:00Z,2026-08-10T23:45:00+0200,145.43,EUR/MWh,FR,FR,day_ahead_price,value,2026-08-21T12:09:10Z
2026-08-21T12:03:35Z,2026-08-21T14:03:35+0200,5cef1f60-1e78-40ab-8a35-fe731affab16,2026-08-10T22:00:00Z,2026-08-11T00:00:00+0200,159.12,EUR/MWh,FR,FR,day_ahead_price,value,2026-08-21T12:09:10Z
2026-08-21T12:03:35Z,2026-08-21T14:03:35+0200,5cef1f60-1e78-40ab-8a35-fe731affab16,2026-08-10T22:15:00Z,2026-08-11T00:15:00+0200,154.99,EUR/MWh,FR,FR,day_ahead_price,value,2026-08-21T12:09:10Z
2026-08-21T12:03:35Z,2026-08-21T14:03:35+0200,5cef1f60-1e78-40ab-8a35-fe731affab16,2026-08-10T22:30:00Z,2026-08-11T00:30:00+0200,144.06,EUR/MWh,FR,FR,day_ahead_price,value,2026-08-21T12:09:10Z
2026-08-21T12:03:35Z,2026-08-21T14:03:35+0200,5cef1f60-1e78-40ab-8a35-fe731affab16,2026-08-10T22:45:00Z,2026-08-11T00:45:00+0200,127.81,EUR/MWh,FR,FR,day_ahead_price,value,2026-08-21T12:09:10Z
2026-08-21T12:03:35Z,2026-08-21T14:03:35+0200,5cef1f60-1e78-40ab-8a35-fe731affab16,2026-08-10T23:00:00Z,2026-08-11T01:00:00+0200,149.11,EUR/MWh,FR,FR,day_ahead_price,value,2026-08-21T12:09:10Z
2026-08-21T12:03:35Z,2026-08-21T14:03:35+0200,5cef1f60-1e78-40ab-8a35-fe731affab16,2026-08-10T23:15:00Z,2026-08-11T01:15:00+0200,144.82,EUR/MWh,FR,FR,day_ahead_price,value,2026-08-21T12:09:10Z
2026-08-21T12:03:35Z,2026-08-21T14:03:35+0200,5cef1f60-1e78-40ab-8a35-fe731affab16,2026-08-10T23:30:00Z,2026-08-11T01:30:00+0200,150.8,EUR/MWh,FR,FR,day_ahead_price,value,2026-08-21T12:09:10Z
2026-08-21T12:03:35Z,2026-08-21T14:03:35+0200,5cef1f60-1e78-40ab-8a35-fe731affab16,2026-08-10T23:45:00Z,2026-08-11T01:45:00+0200,142.59,EUR/MWh,FR,FR,day_ahead_price,value,2026-08-21T12:09:10Z
2026-08-21T12:03:35Z,2026-08-21T14:03:35+0200,5cef1f60-1e78-40ab-8a35-fe731affab16,2026-08-11T00:00:00Z,2026-08-11T02:00:00+0200,149.42,EUR/MWh,FR,FR,day_ahead_price,value,2026-08-21T12:09:10Z
2026-08-21T12:03:35Z,2026-08-21T14:03:35+0200,5cef1f60-1e78-40ab-8a35-fe731affab16,2026-08-11T00:15:00Z,2026-08-11T02:15:00+0200,140.34,EUR/MWh,FR,FR,day_ahead_price,value,2026-08-21T12:09:10Z
2026-08-21T12:03:35Z,2026-08-21T14:03:35+0200,5cef1f60-1e78-40ab-8a35-fe731affab16,2026-08-11T00:30:00Z,2026-08-11T02:30:00+0200,137.84,EUR/MWh,FR,FR,day_ahead_price,value,2026-08-21T12:09:10Z
2026-08-21T12:03:35Z,2026-08-21T14:03:35+0200,5cef1f60-1e78-40ab-8a35-fe731affab16,2026-08-11T00:45:00Z,2026-08-11T02:45:00+0200,135.39,EUR/MWh,FR,FR,day_ahead_price,value,2026-08-21T12:09:10Z
2026-08-21T12:03:35Z,2026-08-21T14:03:35+0200,5cef1f60-1e78-40ab-8a35-fe731affab16,2026-08-11T01:00:00Z,2026-08-11T03:00:00+0200,133.98,EUR/MWh,FR,FR,day_ahead_price,value,2026-08-21T12:09:10Z
2026-08-21T12:03:35Z,2026-08-21T14:03:35+0200,5cef1f60-1e78-40ab-8a35-fe731affab16,2026-08-11T01:15:00Z,2026-08-11T03:15:00+0200,134.44,EUR/MWh,FR,FR,day_ahead_price,value,2026-08-21T12:09:10Z
2026-08-21T12:03:35Z,2026-08-21T14:03:35+0200,5cef1f60-1e78-40ab-8a35-fe731affab16,2026-08-11T01:30:00Z,2026-08-11T03:30:00+0200,133.01,EUR/MWh,FR,FR,day_ahead_price,value,2026-08-21T12:09:10Z
2026-08-21T12:03:35Z,2026-08-21T14:03:35+0200,5cef1f60-1e78-40ab-8a35-fe731affab16,2026-08-11T01:45:00Z,2026-08-11T03:45:00+0200,131.75,EUR/MWh,FR,FR,day_ahead_price,value,2026-08-21T12:09:10Z
2026-08-21T12:03:35Z,2026-08-21T14:03:35+0200,5cef1f60-1e78-40ab-8a35-fe731affab16,2026-08-11T02:00:00Z,2026-08-11T04:00:00+0200,129.97,EUR/MWh,FR,FR,day_ahead_price,value,2026-08-21T12:09:10Z
2026-08-21T12:03:35Z,2026-08-21T14:03:35+0200,5cef1f60-1e78-40ab-8a35-fe731affab16,2026-08-11T02:15:00Z,2026-08-11T04:15:00+0200,131.88,EUR/MWh,FR,FR,day_ahead_price,value,2026-08-21T12:09:10Z
2026-08-21T12:03:35Z,2026-08-21T14:03:35+0200,5cef1f60-1e78-40ab-8a35-fe731affab16,2026-08-11T02:30:00Z,2026-08-11T04:30:00+0200,134.88,EUR/MWh,FR,FR,day_ahead_price,value,2026-08-21T12:09:10Z
2026-08-21T12:03:35Z,2026-08-21T14:03:35+0200,5cef1f60-1e78-40ab-8a35-fe731affab16,2026-08-11T02:45:00Z,2026-08-11T04:45:00+0200,138.86,EUR/MWh,FR,FR,day_ahead_price,value,2026-08-21T12:09:10Z
2026-08-21T12:03:35Z,2026-08-21T14:03:35+0200,5cef1f60-1e78-40ab-8a35-fe731affab16,2026-08-11T03:00:00Z,2026-08-11T05:00:00+0200,131.29,EUR/MWh,FR,FR,day_ahead_price,value,2026-08-21T12:09:10Z
2026-08-21T12:03:35Z,2026-08-21T14:03:35+0200,5cef1f60-1e78-40ab-8a35-fe731affab16,2026-08-11T03:15:00Z,2026-08-11T05:15:00+0200,138.11,EUR/MWh,FR,FR,day_ahead_price,value,2026-08-21T12:09:10Z
2026-08-21T12:03:35Z,2026-08-21T14:03:35+0200,5cef1f60-1e78-40ab-8a35-fe731affab16,2026-08-11T03:30:00Z,2026-08-11T05:30:00+0200,147.28,EUR/MWh,FR,FR,day_ahead_price,value,2026-08-21T12:09:10Z
2026-08-21T12:03:35Z,2026-08-21T14:03:35+0200,5cef1f60-1e78-40ab-8a35-fe731affab16,2026-08-11T03:45:00Z,2026-08-11T05:45:00+0200,157.73,EUR/MWh,FR,FR,day_ahead_price,value,2026-08-21T12:09:10Z
2026-08-21T12:03:35Z,2026-08-21T14:03:35+0200,5cef1f60-1e78-40ab-8a35-fe731affab16,2026-08-11T04:00:00Z,2026-08-11T06:00:00+0200,158.01,EUR/MWh,FR,FR,day_ahead_price,value,2026-08-21T12:09:10Z
2026-08-21T12:03:35Z,2026-08-21T14:03:35+0200,5cef1f60-1e78-40ab-8a35-fe731affab16,2026-08-11T04:15:00Z,2026-08-11T06:15:00+0200,159.83,EUR/MWh,FR,FR,day_ahead_price,value,2026-08-21T12:09:10Z
2026-08-21T12:03:35Z,2026-08-21T14:03:35+0200,5cef1f60-1e78-40ab-8a35-fe731affab16,2026-08-11T04:30:00Z,2026-08-11T06:30:00+0200,160.45,EUR/MWh,FR,FR,day_ahead_price,value,2026-08-21T12:09:10Z
2026-08-21T12:03:35Z,2026-08-21T14:03:35+0200,5cef1f60-1e78-40ab-8a35-fe731affab16,2026-08-11T04:45:00Z,2026-08-11T06:45:00+0200,159.46,EUR/MWh,FR,FR,day_ahead_price,value,2026-08-21T12:09:10Z
2026-08-21T12:03:35Z,2026-08-21T14:03:35+0200,5cef1f60-1e78-40ab-8a35-fe731affab16,2026-08-11T05:00:00Z,2026-08-11T07:00:00+0200,169.3,EUR/MWh,FR,FR,day_ahead_price,value,2026-08-21T12:09:10Z
2026-08-21T12:03:35Z,2026-08-21T14:03:35+0200,5cef1f60-1e78-40ab-8a35-fe731affab16,2026-08-11T05:15:00Z,2026-08-11T07:15:00+0200,163.63,EUR/MWh,FR,FR,day_ahead_price,value,2026-08-21T12:09:10Z
2026-08-21T12:03:35Z,2026-08-21T14:03:35+0200,5cef1f60-1e78-40ab-8a35-fe731affab16,2026-08-11T05:30:00Z,2026-08-11T07:30:00+0200,157.21,EUR/MWh,FR,FR,day_ahead_price,value,2026-08-21T12:09:10Z
2026-08-21T12:03:35Z,2026-08-21T14:03:35+0200,5cef1f60-1e78-40ab-8a35-fe731affab16,2026-08-11T05:45:00Z,2026-08-11T07:45:00+0200,148.65,EUR/MWh,FR,FR,day_ahead_price,value,2026-08-21T12:09:10Z
2026-08-21T12:03:35Z,2026-08-21T14:03:35+0200,5cef1f60-1e78-40ab-8a35-fe731affab16,2026-08-11T06:00:00Z,2026-08-11T08:00:00+0200,165.94,EUR/MWh,FR,FR,day_ahead_price,value,2026-08-21T12:09:10Z
2026-08-21T12:03:35Z,2026-08-21T14:03:35+0200,5cef1f60-1e78-40ab-8a35-fe731affab16,2026-08-11T06:15:00Z,2026-08-11T08:15:00+0200,153.85,EUR/MWh,FR,FR,day_ahead_price,value,2026-08-21T12:09:10Z
2026-08-21T12:03:35Z,2026-08-21T14:03:35+0200,5cef1f60-1e78-40ab-8a35-fe731affab16,2026-08-11T06:30:00Z,2026-08-11T08:30:00+0200,143.43,EUR/MWh,FR,FR,day_ahead_price,value,2026-08-21T12:09:10Z
2026-08-21T12:03:35Z,2026-08-21T14:03:35+0200,5cef1f60-1e78-40ab-8a35-fe731affab16,2026-08-11T06:45:00Z,2026-08-11T08:45:00+0200,119.97,EUR/MWh,FR,FR,day_ahead_price,value,2026-08-21T12:09:10Z
2026-08-21T12:03:35Z,2026-08-21T14:03:35+0200,5cef1f60-1e78-40ab-8a35-fe731affab16,2026-08-11T07:00:00Z,2026-08-11T09:00:00+0200,146.03,EUR/MWh,FR,FR,day_ahead_price,value,2026-08-21T12:09:10Z
2026-08-21T12:03:35Z,2026-08-21T14:03:35+0200,5cef1f60-1e78-40ab-8a35-fe731affab16,2026-08-11T07:15:00Z,2026-08-11T09:15:00+0200,118.54,EUR/MWh,FR,FR,day_ahead_price,value,2026-08-21T12:09:10Z
2026-08-21T12:03:35Z,2026-08-21T14:03:35+0200,5cef1f60-1e78-40ab-8a35-fe731affab16,2026-08-11T07:30:00Z,2026-08-11T09:30:00+0200,106.21,EUR/MWh,FR,FR,day_ahead_price,value,2026-08-21T12:09:10Z
2026-08-21T12:03:35Z,2026-08-21T14:03:35+0200,5cef1f60-1e78-40ab-8a35-fe731affab16,2026-08-11T07:45:00Z,2026-08-11T09:45:00+0200,80.12,EUR/MWh,FR,FR,day_ahead_price,value,2026-08-21T12:09:10Z
2026-08-21T12:03:35Z,2026-08-21T14:03:35+0200,5cef1f60-1e78-40ab-8a35-fe731affab16,2026-08-11T08:00:00Z,2026-08-11T10:00:00+0200,99.42,EUR/MWh,FR,FR,day_ahead_price,value,2026-08-21T12:09:10Z
2026-08-21T12:03:35Z,2026-08-21T14:03:35+0200,5cef1f60-1e78-40ab-8a35-fe731affab16,2026-08-11T08:15:00Z,2026-08-11T10:15:00+0200,75.13,EUR/MWh,FR,FR,day_ahead_price,value,2026-08-21T12:09:10Z
2026-08-21T12:03:35Z,2026-08-21T14:03:35+0200,5cef1f60-1e78-40ab-8a35-fe731affab16,2026-08-11T08:30:00Z,2026-08-11T10:30:00+0200,41.28,EUR/MWh,FR,FR,day_ahead_price,value,2026-08-21T12:09:10Z
2026-08-21T12:03:35Z,2026-08-21T14:03:35+0200,5cef1f60-1e78-40ab-8a35-fe731affab16,2026-08-11T08:45:00Z,2026-08-11T10:45:00+0200,24.02,EUR/MWh,FR,FR,day_ahead_price,value,2026-08-21T12:09:10Z
2026-08-21T12:03:35Z,2026-08-21T14:03:35+0200,5cef1f60-1e78-40ab-8a35-fe731affab16,2026-08-11T09:00:00Z,2026-08-11T11:00:00+0200,31.21,EUR/MWh,FR,FR,day_ahead_price,value,2026-08-21T12:09:10Z
2026-08-21T12:03:35Z,2026-08-21T14:03:35+0200,5cef1f60-1e78-40ab-8a35-fe731affab16,2026-08-11T09:15:00Z,2026-08-11T11:15:00+0200,26.15,EUR/MWh,FR,FR,day_ahead_price,value,2026-08-21T12:09:10Z
2026-08-21T12:03:35Z,2026-08-21T14:03:35+0200,5cef1f60-1e78-40ab-8a35-fe731affab16,2026-08-11T09:30:00Z,2026-08-11T11:30:00+0200,24.0,EUR/MWh,FR,FR,day_ahead_price,value,2026-08-21T12:09:10Z
2026-08-21T12:03:35Z,2026-08-21T14:03:35+0200,5cef1f60-1e78-40ab-8a35-fe731affab16,2026-08-11T09:45:00Z,2026-08-11T11:45:00+0200,19.17,EUR/MWh,FR,FR,day_ahead_price,value,2026-08-21T12:09:10Z
2026-08-21T12:03:35Z,2026-08-21T14:03:35+0200,5cef1f60-1e78-40ab-8a35-fe731affab16,2026-08-11T10:00:00Z,2026-08-11T12:00:00+0200,19.76,EUR/MWh,FR,FR,day_ahead_price,value,2026-08-21T12:09:10Z
2026-08-21T12:03:35Z,2026-08-21T14:03:35+0200,5cef1f60-1e78-40ab-8a35-fe731affab16,2026-08-11T10:15:00Z,2026-08-11T12:15:00+0200,12.47,EUR/MWh,FR,FR,day_ahead_price,value,2026-08-21T12:09:10Z
2026-08-21T12:03:35Z,2026-08-21T14:03:35+0200,5cef1f60-1e78-40ab-8a35-fe731affab16,2026-08-11T10:30:00Z,2026-08-11T12:30:00+0200,12.14,EUR/MWh,FR,FR,day_ahead_price,value,2026-08-21T12:09:10Z
2026-08-21T12:03:35Z,2026-08-21T14:03:35+0200,5cef1f60-1e78-40ab-8a35-fe731affab16,2026-08-11T10:45:00Z,2026-08-11T12:45:00+0200,12.73,EUR/MWh,FR,FR,day_ahead_price,value,2026-08-21T12:09:10Z
2026-08-21T12:03:35Z,2026-08-21T14:03:35+0200,5cef1f60-1e78-40ab-8a35-fe731affab16,2026-08-11T11:00:00Z,2026-08-11T13:00:00+0200,12.3,EUR/MWh,FR,FR,day_ahead_price,value,2026-08-21T12:09:10Z
2026-08-21T12:03:35Z,2026-08-21T14:03:35+0200,5cef1f60-1e78-40ab-8a35-fe731affab16,2026-08-11T11:15:00Z,2026-08-11T13:15:00+0200,12.85,EUR/MWh,FR,FR,day_ahead_price,value,2026-08-21T12:09:10Z
2026-08-21T12:03:35Z,2026-08-21T14:03:35+0200,5cef1f60-1e78-40ab-8a35-fe731affab16,2026-08-11T11:30:00Z,2026-08-11T13:30:00+0200,11.76,EUR/MWh,FR,FR,day_ahead_price,value,2026-08-21T12:09:10Z
2026-08-21T12:03:35Z,2026-08-21T14:03:35+0200,5cef1f60-1e78-40ab-8a35-fe731affab16,2026-08-11T11:45:00Z,2026-08-11T13:45:00+0200,10.82,EUR/MWh,FR,FR,day_ahead_price,value,2026-08-21T12:09:10Z
2026-08-21T12:03:35Z,2026-08-21T14:03:35+0200,5cef1f60-1e78-40ab-8a35-fe731affab16,2026-08-11T12:00:00Z,2026-08-11T14:00:00+0200,9.4,EUR/MWh,FR,FR,day_ahead_price,value,2026-08-21T12:09:10Z
2026-08-21T12:03:35Z,2026-08-21T14:03:35+0200,5cef1f60-1e78-40ab-8a35-fe731affab16,2026-08-11T12:15:00Z,2026-08-11T14:15:00+0200,15.86,EUR/MWh,FR,FR,day_ahead_price,value,2026-08-21T12:09:10Z
2026-08-21T12:03:35Z,2026-08-21T14:03:35+0200,5cef1f60-1e78-40ab-8a35-fe731affab16,2026-08-11T12:30:00Z,2026-08-11T14:30:00+0200,21.39,EUR/MWh,FR,FR,day_ahead_price,value,2026-08-21T12:09:10Z
2026-08-21T12:03:35Z,2026-08-21T14:03:35+0200,5cef1f60-1e78-40ab-8a35-fe731affab16,2026-08-11T12:45:00Z,2026-08-11T14:45:00+0200,26.51,EUR/MWh,FR,FR,day_ahead_price,value,2026-08-21T12:09:10Z
2026-08-21T12:03:35Z,2026-08-21T14:03:35+0200,5cef1f60-1e78-40ab-8a35-fe731affab16,2026-08-11T13:00:00Z,2026-08-11T15:00:00+0200,14.09,EUR/MWh,FR,FR,day_ahead_price,value,2026-08-21T12:09:10Z
2026-08-21T12:03:35Z,2026-08-21T14:03:35+0200,5cef1f60-1e78-40ab-8a35-fe731affab16,2026-08-11T13:15:00Z,2026-08-11T15:15:00+0200,19.55,EUR/MWh,FR,FR,day_ahead_price,value,2026-08-21T12:09:10Z
2026-08-21T12:03:35Z,2026-08-21T14:03:35+0200,5cef1f60-1e78-40ab-8a35-fe731affab16,2026-08-11T13:30:00Z,2026-08-11T15:30:00+0200,24.89,EUR/MWh,FR,FR,day_ahead_price,value,2026-08-21T12:09:10Z
2026-08-21T12:03:35Z,2026-08-21T14:03:35+0200,5cef1f60-1e78-40ab-8a35-fe731affab16,2026-08-11T13:45:00Z,2026-08-11T15:45:00+0200,32.61,EUR/MWh,FR,FR,day_ahead_price,value,2026-08-21T12:09:10Z
2026-08-21T12:03:35Z,2026-08-21T14:03:35+0200,5cef1f60-1e78-40ab-8a35-fe731affab16,2026-08-11T14:00:00Z,2026-08-11T16:00:00+0200,22.4,EUR/MWh,FR,FR,day_ahead_price,value,2026-08-21T12:09:10Z
2026-08-21T12:03:35Z,2026-08-21T14:03:35+0200,5cef1f60-1e78-40ab-8a35-fe731affab16,2026-08-11T14:15:00Z,2026-08-11T16:15:00+0200,30.96,EUR/MWh,FR,FR,day_ahead_price,value,2026-08-21T12:09:10Z
2026-08-21T12:03:35Z,2026-08-21T14:03:35+0200,5cef1f60-1e78-40ab-8a35-fe731affab16,2026-08-11T14:30:00Z,2026-08-11T16:30:00+0200,69.94,EUR/MWh,FR,FR,day_ahead_price,value,2026-08-21T12:09:10Z
2026-08-21T12:03:35Z,2026-08-21T14:03:35+0200,5cef1f60-1e78-40ab-8a35-fe731affab16,2026-08-11T14:45:00Z,2026-08-11T16:45:00+0200,96.65,EUR/MWh,FR,FR,day_ahead_price,value,2026-08-21T12:09:10Z
2026-08-21T12:03:35Z,2026-08-21T14:03:35+0200,5cef1f60-1e78-40ab-8a35-fe731affab16,2026-08-11T15:00:00Z,2026-08-11T17:00:00+0200,84.25,EUR/MWh,FR,FR,day_ahead_price,value,2026-08-21T12:09:10Z
2026-08-21T12:03:35Z,2026-08-21T14:03:35+0200,5cef1f60-1e78-40ab-8a35-fe731affab16,2026-08-11T15:15:00Z,2026-08-11T17:15:00+0200,109.32,EUR/MWh,FR,FR,day_ahead_price,value,2026-08-21T12:09:10Z
2026-08-21T12:03:35Z,2026-08-21T14:03:35+0200,5cef1f60-1e78-40ab-8a35-fe731affab16,2026-08-11T15:30:00Z,2026-08-11T17:30:00+0200,125.78,EUR/MWh,FR,FR,day_ahead_price,value,2026-08-21T12:09:10Z
2026-08-21T12:03:35Z,2026-08-21T14:03:35+0200,5cef1f60-1e78-40ab-8a35-fe731affab16,2026-08-11T15:45:00Z,2026-08-11T17:45:00+0200,143.86,EUR/MWh,FR,FR,day_ahead_price,value,2026-08-21T12:09:10Z
2026-08-21T12:03:35Z,2026-08-21T14:03:35+0200,5cef1f60-1e78-40ab-8a35-fe731affab16,2026-08-11T16:00:00Z,2026-08-11T18:00:00+0200,122.32,EUR/MWh,FR,FR,day_ahead_price,value,2026-08-21T12:09:10Z
2026-08-21T12:03:35Z,2026-08-21T14:03:35+0200,5cef1f60-1e78-40ab-8a35-fe731affab16,2026-08-11T16:15:00Z,2026-08-11T18:15:00+0200,147.41,EUR/MWh,FR,FR,day_ahead_price,value,2026-08-21T12:09:10Z
2026-08-21T12:03:35Z,2026-08-21T14:03:35+0200,5cef1f60-1e78-40ab-8a35-fe731affab16,2026-08-11T16:30:00Z,2026-08-11T18:30:00+0200,160.14,EUR/MWh,FR,FR,day_ahead_price,value,2026-08-21T12:09:10Z
2026-08-21T12:03:35Z,2026-08-21T14:03:35+0200,5cef1f60-1e78-40ab-8a35-fe731affab16,2026-08-11T16:45:00Z,2026-08-11T18:45:00+0200,170.3,EUR/MWh,FR,FR,day_ahead_price,value,2026-08-21T12:09:10Z
2026-08-21T12:03:35Z,2026-08-21T14:03:35+0200,5cef1f60-1e78-40ab-8a35-fe731affab16,2026-08-11T17:00:00Z,2026-08-11T19:00:00+0200,155.59,EUR/MWh,FR,FR,day_ahead_price,value,2026-08-21T12:09:10Z
2026-08-21T12:03:35Z,2026-08-21T14:03:35+0200,5cef1f60-1e78-40ab-8a35-fe731affab16,2026-08-11T17:15:00Z,2026-08-11T19:15:00+0200,166.57,EUR/MWh,FR,FR,day_ahead_price,value,2026-08-21T12:09:10Z
2026-08-21T12:03:35Z,2026-08-21T14:03:35+0200,5cef1f60-1e78-40ab-8a35-fe731affab16,2026-08-11T17:30:00Z,2026-08-11T19:30:00+0200,184.4,EUR/MWh,FR,FR,day_ahead_price,value,2026-08-21T12:09:10Z
2026-08-21T12:03:35Z,2026-08-21T14:03:35+0200,5cef1f60-1e78-40ab-8a35-fe731affab16,2026-08-11T17:45:00Z,2026-08-11T19:45:00+0200,209.42,EUR/MWh,FR,FR,day_ahead_price,value,2026-08-21T12:09:10Z
2026-08-21T12:03:35Z,2026-08-21T14:03:35+0200,5cef1f60-1e78-40ab-8a35-fe731affab16,2026-08-11T18:00:00Z,2026-08-11T20:00:00+0200,171.51,EUR/MWh,FR,FR,day_ahead_price,value,2026-08-21T12:09:10Z
2026-08-21T12:03:35Z,2026-08-21T14:03:35+0200,5cef1f60-1e78-40ab-8a35-fe731affab16,2026-08-11T18:15:00Z,2026-08-11T20:15:00+0200,180.78,EUR/MWh,FR,FR,day_ahead_price,value,2026-08-21T12:09:10Z
2026-08-21T12:03:35Z,2026-08-21T14:03:35+0200,5cef1f60-1e78-40ab-8a35-fe731affab16,2026-08-11T18:30:00Z,2026-08-11T20:30:00+0200,197.82,EUR/MWh,FR,FR,day_ahead_price,value,2026-08-21T12:09:10Z
2026-08-21T12:03:35Z,2026-08-21T14:03:35+0200,5cef1f60-1e78-40ab-8a35-fe731affab16,2026-08-11T18:45:00Z,2026-08-11T20:45:00+0200,205.89,EUR/MWh,FR,FR,day_ahead_price,value,2026-08-21T12:09:10Z
2026-08-21T12:03:35Z,2026-08-21T14:03:35+0200,5cef1f60-1e78-40ab-8a35-fe731affab16,2026-08-11T19:00:00Z,2026-08-11T21:00:00+0200,206.71,EUR/MWh,FR,FR,day_ahead_price,value,2026-08-21T12:09:10Z
2026-08-21T12:03:35Z,2026-08-21T14:03:35+0200,5cef1f60-1e78-40ab-8a35-fe731affab16,2026-08-11T19:15:00Z,2026-08-11T21:15:00+0200,183.44,EUR/MWh,FR,FR,day_ahead_price,value,2026-08-21T12:09:10Z
2026-08-21T12:03:35Z,2026-08-21T14:03:35+0200,5cef1f60-1e78-40ab-8a35-fe731affab16,2026-08-11T19:30:00Z,2026-08-11T21:30:00+0200,175.81,EUR/MWh,FR,FR,day_ahead_price,value,2026-08-21T12:09:10Z
2026-08-21T12:03:35Z,2026-08-21T14:03:35+0200,5cef1f60-1e78-40ab-8a35-fe731affab16,2026-08-11T19:45:00Z,2026-08-11T21:45:00+0200,146.04,EUR/MWh,FR,FR,day_ahead_price,value,2026-08-21T12:09:10Z
2026-08-21T12:03:35Z,2026-08-21T14:03:35+0200,5cef1f60-1e78-40ab-8a35-fe731affab16,2026-08-11T20:00:00Z,2026-08-11T22:00:00+0200,172.24,EUR/MWh,FR,FR,day_ahead_price,value,2026-08-21T12:09:10Z
2026-08-21T12:03:35Z,2026-08-21T14:03:35+0200,5cef1f60-1e78-40ab-8a35-fe731affab16,2026-08-11T20:15:00Z,2026-08-11T22:15:00+0200,160.27,EUR/MWh,FR,FR,day_ahead_price,value,2026-08-21T12:09:10Z
2026-08-21T12:03:35Z,2026-08-21T14:03:35+0200,5cef1f60-1e78-40ab-8a35-fe731affab16,2026-08-11T20:30:00Z,2026-08-11T22:30:00+0200,172.6,EUR/MWh,FR,FR,day_ahead_price,value,2026-08-21T12:09:10Z
2026-08-21T12:03:35Z,2026-08-21T14:03:35+0200,5cef1f60-1e78-40ab-8a35-fe731affab16,2026-08-11T20:45:00Z,2026-08-11T22:45:00+0200,167.44,EUR/MWh,FR,FR,day_ahead_price,value,2026-08-21T12:09:10Z
2026-08-21T12:03:35Z,2026-08-21T14:03:35+0200,5cef1f60-1e78-40ab-8a35-fe731affab16,2026-08-11T21:00:00Z,2026-08-11T23:00:00+0200,164.11,EUR/MWh,FR,FR,day_ahead_price,value,2026-08-21T12:09:10Z
2026-08-21T12:03:35Z,2026-08-21T14:03:35+0200,5cef1f60-1e78-40ab-8a35-fe731affab16,2026-08-11T21:15:00Z,2026-08-11T23:15:00+0200,147.13,EUR/MWh,FR,FR,day_ahead_price,value,2026-08-21T12:09:10Z
2026-08-21T12:03:35Z,2026-08-21T14:03:35+0200,5cef1f60-1e78-40ab-8a35-fe731affab16,2026-08-11T21:30:00Z,2026-08-11T23:30:00+0200,152.81,EUR/MWh,FR,FR,day_ahead_price,value,2026-08-21T12:09:10Z
2026-08-21T12:03:35Z,2026-08-21T14:03:35+0200,5cef1f60-1e78-40ab-8a35-fe731affab16,2026-08-11T21:45:00Z,2026-08-11T23:45:00+0200,148.62,EUR/MWh,FR,FR,day_ahead_price,value,2026-08-21T12:09:10Z
2026-08-21T12:03:35Z,2026-08-21T14:03:35+0200,5cef1f60-1e78-40ab-8a35-fe731affab16,2026-08-11T22:00:00Z,2026-08-12T00:00:00+0200,163.92,EUR/MWh,FR,FR,day_ahead_price,value,2026-08-21T12:09:10Z
2026-08-21T12:03:35Z,2026-08-21T14:03:35+0200,5cef1f60-1e78-40ab-8a35-fe731affab16,2026-08-11T22:15:00Z,2026-08-12T00:15:00+0200,159.39,EUR/MWh,FR,FR,day_ahead_price,value,2026-08-21T12:09:10Z
2026-08-21T12:03:35Z,2026-08-21T14:03:35+0200,5cef1f60-1e78-40ab-8a35-fe731affab16,2026-08-11T22:30:00Z,2026-08-12T00:30:00+0200,153.99,EUR/MWh,FR,FR,day_ahead_price,value,2026-08-21T12:09:10Z
2026-08-21T12:03:35Z,2026-08-21T14:03:35+0200,5cef1f60-1e78-40ab-8a35-fe731affab16,2026-08-11T22:45:00Z,2026-08-12T00:45:00+0200,145.0,EUR/MWh,FR,FR,day_ahead_price,value,2026-08-21T12:09:10Z
2026-08-21T12:03:35Z,2026-08-21T14:03:35+0200,5cef1f60-1e78-40ab-8a35-fe731affab16,2026-08-11T23:00:00Z,2026-08-12T01:00:00+0200,154.42,EUR/MWh,FR,FR,day_ahead_price,value,2026-08-21T12:09:10Z
2026-08-21T12:03:35Z,2026-08-21T14:03:35+0200,5cef1f60-1e78-40ab-8a35-fe731affab16,2026-08-11T23:15:00Z,2026-08-12T01:15:00+0200,149.9,EUR/MWh,FR,FR,day_ahead_price,value,2026-08-21T12:09:10Z
2026-08-21T12:03:35Z,2026-08-21T14:03:35+0200,5cef1f60-1e78-40ab-8a35-fe731affab16,2026-08-11T23:30:00Z,2026-08-12T01:30:00+0200,147.87,EUR/MWh,FR,FR,day_ahead_price,value,2026-08-21T12:09:10Z
2026-08-21T12:03:35Z,2026-08-21T14:03:35+0200,5cef1f60-1e78-40ab-8a35-fe731affab16,2026-08-11T23:45:00Z,2026-08-12T01:45:00+0200,145.83,EUR/MWh,FR,FR,day_ahead_price,value,2026-08-21T12:09:10Z
2026-08-21T12:03:35Z,2026-08-21T14:03:35+0200,5cef1f60-1e78-40ab-8a35-fe731affab16,2026-08-12T00:00:00Z,2026-08-12T02:00:00+0200,145.09,EUR/MWh,FR,FR,day_ahead_price,value,2026-08-21T12:09:10Z
2026-08-21T12:03:35Z,2026-08-21T14:03:35+0200,5cef1f60-1e78-40ab-8a35-fe731affab16,2026-08-12T00:15:00Z,2026-08-12T02:15:00+0200,142.39,EUR/MWh,FR,FR,day_ahead_price,value,2026-08-21T12:09:10Z
2026-08-21T12:03:35Z,2026-08-21T14:03:35+0200,5cef1f60-1e78-40ab-8a35-fe731affab16,2026-08-12T00:30:00Z,2026-08-12T02:30:00+0200,142.86,EUR/MWh,FR,FR,day_ahead_price,value,2026-08-21T12:09:10Z
2026-08-21T12:03:35Z,2026-08-21T14:03:35+0200,5cef1f60-1e78-40ab-8a35-fe731affab16,2026-08-12T00:45:00Z,2026-08-12T02:45:00+0200,142.86,EUR/MWh,FR,FR,day_ahead_price,value,2026-08-21T12:09:10Z
2026-08-21T12:03:35Z,2026-08-21T14:03:35+0200,5cef1f60-1e78-40ab-8a35-fe731affab16,2026-08-12T01:00:00Z,2026-08-12T03:00:00+0200,139.14,EUR/MWh,FR,FR,day_ahead_price,value,2026-08-21T12:09:10Z
2026-08-21T12:03:35Z,2026-08-21T14:03:35+0200,5cef1f60-1e78-40ab-8a35-fe731affab16,2026-08-12T01:15:00Z,2026-08-12T03:15:00+0200,139.19,EUR/MWh,FR,FR,day_ahead_price,value,2026-08-21T12:09:10Z
2026-08-21T12:03:35Z,2026-08-21T14:03:35+0200,5cef1f60-1e78-40ab-8a35-fe731affab16,2026-08-12T01:30:00Z,2026-08-12T03:30:00+0200,139.99,EUR/MWh,FR,FR,day_ahead_price,value,2026-08-21T12:09:10Z
2026-08-21T12:03:35Z,2026-08-21T14:03:35+0200,5cef1f60-1e78-40ab-8a35-fe731affab16,2026-08-12T01:45:00Z,2026-08-12T03:45:00+0200,140.69,EUR/MWh,FR,FR,day_ahead_price,value,2026-08-21T12:09:10Z
2026-08-21T12:03:35Z,2026-08-21T14:03:35+0200,5cef1f60-1e78-40ab-8a35-fe731affab16,2026-08-12T02:00:00Z,2026-08-12T04:00:00+0200,137.05,EUR/MWh,FR,FR,day_ahead_price,value,2026-08-21T12:09:10Z
2026-08-21T12:03:35Z,2026-08-21T14:03:35+0200,5cef1f60-1e78-40ab-8a35-fe731affab16,2026-08-12T02:15:00Z,2026-08-12T04:15:00+0200,139.11,EUR/MWh,FR,FR,day_ahead_price,value,2026-08-21T12:09:10Z
2026-08-21T12:03:35Z,2026-08-21T14:03:35+0200,5cef1f60-1e78-40ab-8a35-fe731affab16,2026-08-12T02:30:00Z,2026-08-12T04:30:00+0200,139.15,EUR/MWh,FR,FR,day_ahead_price,value,2026-08-21T12:09:10Z
2026-08-21T12:03:35Z,2026-08-21T14:03:35+0200,5cef1f60-1e78-40ab-8a35-fe731affab16,2026-08-12T02:45:00Z,2026-08-12T04:45:00+0200,144.29,EUR/MWh,FR,FR,day_ahead_price,value,2026-08-21T12:09:10Z
2026-08-21T12:03:35Z,2026-08-21T14:03:35+0200,5cef1f60-1e78-40ab-8a35-fe731affab16,2026-08-12T03:00:00Z,2026-08-12T05:00:00+0200,144.62,EUR/MWh,FR,FR,day_ahead_price,value,2026-08-21T12:09:10Z
2026-08-21T12:03:35Z,2026-08-21T14:03:35+0200,5cef1f60-1e78-40ab-8a35-fe731affab16,2026-08-12T03:15:00Z,2026-08-12T05:15:00+0200,149.01,EUR/MWh,FR,FR,day_ahead_price,value,2026-08-21T12:09:10Z
2026-08-21T12:03:35Z,2026-08-21T14:03:35+0200,5cef1f60-1e78-40ab-8a35-fe731affab16,2026-08-12T03:30:00Z,2026-08-12T05:30:00+0200,158.36,EUR/MWh,FR,FR,day_ahead_price,value,2026-08-21T12:09:10Z
2026-08-21T12:03:35Z,2026-08-21T14:03:35+0200,5cef1f60-1e78-40ab-8a35-fe731affab16,2026-08-12T03:45:00Z,2026-08-12T05:45:00+0200,162.01,EUR/MWh,FR,FR,day_ahead_price,value,2026-08-21T12:09:10Z
2026-08-21T12:03:35Z,2026-08-21T14:03:35+0200,5cef1f60-1e78-40ab-8a35-fe731affab16,2026-08-12T04:00:00Z,2026-08-12T06:00:00+0200,153.01,EUR/MWh,FR,FR,day_ahead_price,value,2026-08-21T12:09:10Z
2026-08-21T12:03:35Z,2026-08-21T14:03:35+0200,5cef1f60-1e78-40ab-8a35-fe731affab16,2026-08-12T04:15:00Z,2026-08-12T06:15:00+0200,156.71,EUR/MWh,FR,FR,day_ahead_price,value,2026-08-21T12:09:10Z
2026-08-21T12:03:35Z,2026-08-21T14:03:35+0200,5cef1f60-1e78-40ab-8a35-fe731affab16,2026-08-12T04:30:00Z,2026-08-12T06:30:00+0200,165.52,EUR/MWh,FR,FR,day_ahead_price,value,2026-08-21T12:09:10Z
2026-08-21T12:03:35Z,2026-08-21T14:03:35+0200,5cef1f60-1e78-40ab-8a35-fe731affab16,2026-08-12T04:45:00Z,2026-08-12T06:45:00+0200,154.0,EUR/MWh,FR,FR,day_ahead_price,value,2026-08-21T12:09:10Z
2026-08-21T12:03:35Z,2026-08-21T14:03:35+0200,5cef1f60-1e78-40ab-8a35-fe731affab16,2026-08-12T05:00:00Z,2026-08-12T07:00:00+0200,181.5,EUR/MWh,FR,FR,day_ahead_price,value,2026-08-21T12:09:10Z
2026-08-21T12:03:35Z,2026-08-21T14:03:35+0200,5cef1f60-1e78-40ab-8a35-fe731affab16,2026-08-12T05:15:00Z,2026-08-12T07:15:00+0200,171.5,EUR/MWh,FR,FR,day_ahead_price,value,2026-08-21T12:09:10Z
2026-08-21T12:03:35Z,2026-08-21T14:03:35+0200,5cef1f60-1e78-40ab-8a35-fe731affab16,2026-08-12T05:30:00Z,2026-08-12T07:30:00+0200,165.85,EUR/MWh,FR,FR,day_ahead_price,value,2026-08-21T12:09:10Z
2026-08-21T12:03:35Z,2026-08-21T14:03:35+0200,5cef1f60-1e78-40ab-8a35-fe731affab16,2026-08-12T05:45:00Z,2026-08-12T07:45:00+0200,151.32,EUR/MWh,FR,FR,day_ahead_price,value,2026-08-21T12:09:10Z
2026-08-21T12:03:35Z,2026-08-21T14:03:35+0200,5cef1f60-1e78-40ab-8a35-fe731affab16,2026-08-12T06:00:00Z,2026-08-12T08:00:00+0200,175.49,EUR/MWh,FR,FR,day_ahead_price,value,2026-08-21T12:09:10Z
2026-08-21T12:03:35Z,2026-08-21T14:03:35+0200,5cef1f60-1e78-40ab-8a35-fe731affab16,2026-08-12T06:15:00Z,2026-08-12T08:15:00+0200,160.13,EUR/MWh,FR,FR,day_ahead_price,value,2026-08-21T12:09:10Z
2026-08-21T12:03:35Z,2026-08-21T14:03:35+0200,5cef1f60-1e78-40ab-8a35-fe731affab16,2026-08-12T06:30:00Z,2026-08-12T08:30:00+0200,146.0,EUR/MWh,FR,FR,day_ahead_price,value,2026-08-21T12:09:10Z
2026-08-21T12:03:35Z,2026-08-21T14:03:35+0200,5cef1f60-1e78-40ab-8a35-fe731affab16,2026-08-12T06:45:00Z,2026-08-12T08:45:00+0200,138.75,EUR/MWh,FR,FR,day_ahead_price,value,2026-08-21T12:09:10Z
2026-08-21T12:03:35Z,2026-08-21T14:03:35+0200,5cef1f60-1e78-40ab-8a35-fe731affab16,2026-08-12T07:00:00Z,2026-08-12T09:00:00+0200,162.2,EUR/MWh,FR,FR,day_ahead_price,value,2026-08-21T12:09:10Z
2026-08-21T12:03:35Z,2026-08-21T14:03:35+0200,5cef1f60-1e78-40ab-8a35-fe731affab16,2026-08-12T07:15:00Z,2026-08-12T09:15:00+0200,136.11,EUR/MWh,FR,FR,day_ahead_price,value,2026-08-21T12:09:10Z
2026-08-21T12:03:35Z,2026-08-21T14:03:35+0200,5cef1f60-1e78-40ab-8a35-fe731affab16,2026-08-12T07:30:00Z,2026-08-12T09:30:00+0200,116.26,EUR/MWh,FR,FR,day_ahead_price,value,2026-08-21T12:09:10Z
2026-08-21T12:03:35Z,2026-08-21T14:03:35+0200,5cef1f60-1e78-40ab-8a35-fe731affab16,2026-08-12T07:45:00Z,2026-08-12T09:45:00+0200,100.01,EUR/MWh,FR,FR,day_ahead_price,value,2026-08-21T12:09:10Z
2026-08-21T12:03:35Z,2026-08-21T14:03:35+0200,5cef1f60-1e78-40ab-8a35-fe731affab16,2026-08-12T08:00:00Z,2026-08-12T10:00:00+0200,119.32,EUR/MWh,FR,FR,day_ahead_price,value,2026-08-21T12:09:10Z
2026-08-21T12:03:35Z,2026-08-21T14:03:35+0200,5cef1f60-1e78-40ab-8a35-fe731affab16,2026-08-12T08:15:00Z,2026-08-12T10:15:00+0200,98.46,EUR/MWh,FR,FR,day_ahead_price,value,2026-08-21T12:09:10Z
2026-08-21T12:03:35Z,2026-08-21T14:03:35+0200,5cef1f60-1e78-40ab-8a35-fe731affab16,2026-08-12T08:30:00Z,2026-08-12T10:30:00+0200,81.58,EUR/MWh,FR,FR,day_ahead_price,value,2026-08-21T12:09:10Z
2026-08-21T12:03:35Z,2026-08-21T14:03:35+0200,5cef1f60-1e78-40ab-8a35-fe731affab16,2026-08-12T08:45:00Z,2026-08-12T10:45:00+0200,51.87,EUR/MWh,FR,FR,day_ahead_price,value,2026-08-21T12:09:10Z
2026-08-21T12:03:35Z,2026-08-21T14:03:35+0200,5cef1f60-1e78-40ab-8a35-fe731affab16,2026-08-12T09:00:00Z,2026-08-12T11:00:00+0200,64.13,EUR/MWh,FR,FR,day_ahead_price,value,2026-08-21T12:09:10Z
2026-08-21T12:03:35Z,2026-08-21T14:03:35+0200,5cef1f60-1e78-40ab-8a35-fe731affab16,2026-08-12T09:15:00Z,2026-08-12T11:15:00+0200,42.0,EUR/MWh,FR,FR,day_ahead_price,value,2026-08-21T12:09:10Z
2026-08-21T12:03:35Z,2026-08-21T14:03:35+0200,5cef1f60-1e78-40ab-8a35-fe731affab16,2026-08-12T09:30:00Z,2026-08-12T11:30:00+0200,38.53,EUR/MWh,FR,FR,day_ahead_price,value,2026-08-21T12:09:10Z
2026-08-21T12:03:35Z,2026-08-21T14:03:35+0200,5cef1f60-1e78-40ab-8a35-fe731affab16,2026-08-12T09:45:00Z,2026-08-12T11:45:00+0200,25.4,EUR/MWh,FR,FR,day_ahead_price,value,2026-08-21T12:09:10Z
2026-08-21T12:03:35Z,2026-08-21T14:03:35+0200,5cef1f60-1e78-40ab-8a35-fe731affab16,2026-08-12T10:00:00Z,2026-08-12T12:00:00+0200,47.38,EUR/MWh,FR,FR,day_ahead_price,value,2026-08-21T12:09:10Z
2026-08-21T12:03:35Z,2026-08-21T14:03:35+0200,5cef1f60-1e78-40ab-8a35-fe731affab16,2026-08-12T10:15:00Z,2026-08-12T12:15:00+0200,29.69,EUR/MWh,FR,FR,day_ahead_price,value,2026-08-21T12:09:10Z
2026-08-21T12:03:35Z,2026-08-21T14:03:35+0200,5cef1f60-1e78-40ab-8a35-fe731affab16,2026-08-12T10:30:00Z,2026-08-12T12:30:00+0200,21.56,EUR/MWh,FR,FR,day_ahead_price,value,2026-08-21T12:09:10Z
2026-08-21T12:03:35Z,2026-08-21T14:03:35+0200,5cef1f60-1e78-40ab-8a35-fe731affab16,2026-08-12T10:45:00Z,2026-08-12T12:45:00+0200,17.6,EUR/MWh,FR,FR,day_ahead_price,value,2026-08-21T12:09:10Z
2026-08-21T12:03:35Z,2026-08-21T14:03:35+0200,5cef1f60-1e78-40ab-8a35-fe731affab16,2026-08-12T11:00:00Z,2026-08-12T13:00:00+0200,20.8,EUR/MWh,FR,FR,day_ahead_price,value,2026-08-21T12:09:10Z
2026-08-21T12:03:35Z,2026-08-21T14:03:35+0200,5cef1f60-1e78-40ab-8a35-fe731affab16,2026-08-12T11:15:00Z,2026-08-12T13:15:00+0200,18.87,EUR/MWh,FR,FR,day_ahead_price,value,2026-08-21T12:09:10Z
2026-08-21T12:03:35Z,2026-08-21T14:03:35+0200,5cef1f60-1e78-40ab-8a35-fe731affab16,2026-08-12T11:30:00Z,2026-08-12T13:30:00+0200,13.8,EUR/MWh,FR,FR,day_ahead_price,value,2026-08-21T12:09:10Z
2026-08-21T12:03:35Z,2026-08-21T14:03:35+0200,5cef1f60-1e78-40ab-8a35-fe731affab16,2026-08-12T11:45:00Z,2026-08-12T13:45:00+0200,12.0,EUR/MWh,FR,FR,day_ahead_price,value,2026-08-21T12:09:10Z
2026-08-21T12:03:35Z,2026-08-21T14:03:35+0200,5cef1f60-1e78-40ab-8a35-fe731affab16,2026-08-12T12:00:00Z,2026-08-12T14:00:00+0200,34.6,EUR/MWh,FR,FR,day_ahead_price,value,2026-08-21T12:09:10Z
2026-08-21T12:03:35Z,2026-08-21T14:03:35+0200,5cef1f60-1e78-40ab-8a35-fe731affab16,2026-08-12T12:15:00Z,2026-08-12T14:15:00+0200,37.66,EUR/MWh,FR,FR,day_ahead_price,value,2026-08-21T12:09:10Z
2026-08-21T12:03:35Z,2026-08-21T14:03:35+0200,5cef1f60-1e78-40ab-8a35-fe731affab16,2026-08-12T12:30:00Z,2026-08-12T14:30:00+0200,34.77,EUR/MWh,FR,FR,day_ahead_price,value,2026-08-21T12:09:10Z
2026-08-21T12:03:35Z,2026-08-21T14:03:35+0200,5cef1f60-1e78-40ab-8a35-fe731affab16,2026-08-12T12:45:00Z,2026-08-12T14:45:00+0200,38.66,EUR/MWh,FR,FR,day_ahead_price,value,2026-08-21T12:09:10Z
2026-08-21T12:03:35Z,2026-08-21T14:03:35+0200,5cef1f60-1e78-40ab-8a35-fe731affab16,2026-08-12T13:00:00Z,2026-08-12T15:00:00+0200,38.95,EUR/MWh,FR,FR,day_ahead_price,value,2026-08-21T12:09:10Z
2026-08-21T12:03:35Z,2026-08-21T14:03:35+0200,5cef1f60-1e78-40ab-8a35-fe731affab16,2026-08-12T13:15:00Z,2026-08-12T15:15:00+0200,58.22,EUR/MWh,FR,FR,day_ahead_price,value,2026-08-21T12:09:10Z
2026-08-21T12:03:35Z,2026-08-21T14:03:35+0200,5cef1f60-1e78-40ab-8a35-fe731affab16,2026-08-12T13:30:00Z,2026-08-12T15:30:00+0200,87.06,EUR/MWh,FR,FR,day_ahead_price,value,2026-08-21T12:09:10Z
2026-08-21T12:03:35Z,2026-08-21T14:03:35+0200,5cef1f60-1e78-40ab-8a35-fe731affab16,2026-08-12T13:45:00Z,2026-08-12T15:45:00+0200,108.53,EUR/MWh,FR,FR,day_ahead_price,value,2026-08-21T12:09:10Z
2026-08-21T12:03:35Z,2026-08-21T14:03:35+0200,5cef1f60-1e78-40ab-8a35-fe731affab16,2026-08-12T14:00:00Z,2026-08-12T16:00:00+0200,78.14,EUR/MWh,FR,FR,day_ahead_price,value,2026-08-21T12:09:10Z
2026-08-21T12:03:35Z,2026-08-21T14:03:35+0200,5cef1f60-1e78-40ab-8a35-fe731affab16,2026-08-12T14:15:00Z,2026-08-12T16:15:00+0200,104.39,EUR/MWh,FR,FR,day_ahead_price,value,2026-08-21T12:09:10Z
2026-08-21T12:03:35Z,2026-08-21T14:03:35+0200,5cef1f60-1e78-40ab-8a35-fe731affab16,2026-08-12T14:30:00Z,2026-08-12T16:30:00+0200,112.55,EUR/MWh,FR,FR,day_ahead_price,value,2026-08-21T12:09:10Z
2026-08-21T12:03:35Z,2026-08-21T14:03:35+0200,5cef1f60-1e78-40ab-8a35-fe731affab16,2026-08-12T14:45:00Z,2026-08-12T16:45:00+0200,134.47,EUR/MWh,FR,FR,day_ahead_price,value,2026-08-21T12:09:10Z
2026-08-21T12:03:35Z,2026-08-21T14:03:35+0200,5cef1f60-1e78-40ab-8a35-fe731affab16,2026-08-12T15:00:00Z,2026-08-12T17:00:00+0200,110.2,EUR/MWh,FR,FR,day_ahead_price,value,2026-08-21T12:09:10Z
2026-08-21T12:03:35Z,2026-08-21T14:03:35+0200,5cef1f60-1e78-40ab-8a35-fe731affab16,2026-08-12T15:15:00Z,2026-08-12T17:15:00+0200,131.49,EUR/MWh,FR,FR,day_ahead_price,value,2026-08-21T12:09:10Z
2026-08-21T12:03:35Z,2026-08-21T14:03:35+0200,5cef1f60-1e78-40ab-8a35-fe731affab16,2026-08-12T15:30:00Z,2026-08-12T17:30:00+0200,147.14,EUR/MWh,FR,FR,day_ahead_price,value,2026-08-21T12:09:10Z
2026-08-21T12:03:35Z,2026-08-21T14:03:35+0200,5cef1f60-1e78-40ab-8a35-fe731affab16,2026-08-12T15:45:00Z,2026-08-12T17:45:00+0200,173.52,EUR/MWh,FR,FR,day_ahead_price,value,2026-08-21T12:09:10Z
2026-08-21T12:03:35Z,2026-08-21T14:03:35+0200,5cef1f60-1e78-40ab-8a35-fe731affab16,2026-08-12T16:00:00Z,2026-08-12T18:00:00+0200,156.13,EUR/MWh,FR,FR,day_ahead_price,value,2026-08-21T12:09:10Z
2026-08-21T12:03:35Z,2026-08-21T14:03:35+0200,5cef1f60-1e78-40ab-8a35-fe731affab16,2026-08-12T16:15:00Z,2026-08-12T18:15:00+0200,173.97,EUR/MWh,FR,FR,day_ahead_price,value,2026-08-21T12:09:10Z
2026-08-21T12:03:35Z,2026-08-21T14:03:35+0200,5cef1f60-1e78-40ab-8a35-fe731affab16,2026-08-12T16:30:00Z,2026-08-12T18:30:00+0200,185.81,EUR/MWh,FR,FR,day_ahead_price,value,2026-08-21T12:09:10Z
2026-08-21T12:03:35Z,2026-08-21T14:03:35+0200,5cef1f60-1e78-40ab-8a35-fe731affab16,2026-08-12T16:45:00Z,2026-08-12T18:45:00+0200,219.27,EUR/MWh,FR,FR,day_ahead_price,value,2026-08-21T12:09:10Z
2026-08-21T12:03:35Z,2026-08-21T14:03:35+0200,5cef1f60-1e78-40ab-8a35-fe731affab16,2026-08-12T17:00:00Z,2026-08-12T19:00:00+0200,210.0,EUR/MWh,FR,FR,day_ahead_price,value,2026-08-21T12:09:10Z
2026-08-21T12:03:35Z,2026-08-21T14:03:35+0200,5cef1f60-1e78-40ab-8a35-fe731affab16,2026-08-12T17:15:00Z,2026-08-12T19:15:00+0200,241.53,EUR/MWh,FR,FR,day_ahead_price,value,2026-08-21T12:09:10Z
2026-08-21T12:03:35Z,2026-08-21T14:03:35+0200,5cef1f60-1e78-40ab-8a35-fe731affab16,2026-08-12T17:30:00Z,2026-08-12T19:30:00+0200,287.3,EUR/MWh,FR,FR,day_ahead_price,value,2026-08-21T12:09:10Z
2026-08-21T12:03:35Z,2026-08-21T14:03:35+0200,5cef1f60-1e78-40ab-8a35-fe731affab16,2026-08-12T17:45:00Z,2026-08-12T19:45:00+0200,461.17,EUR/MWh,FR,FR,day_ahead_price,value,2026-08-21T12:09:10Z
2026-08-21T12:03:35Z,2026-08-21T14:03:35+0200,5cef1f60-1e78-40ab-8a35-fe731affab16,2026-08-12T18:00:00Z,2026-08-12T20:00:00+0200,402.5,EUR/MWh,FR,FR,day_ahead_price,value,2026-08-21T12:09:10Z
2026-08-21T12:03:35Z,2026-08-21T14:03:35+0200,5cef1f60-1e78-40ab-8a35-fe731affab16,2026-08-12T18:15:00Z,2026-08-12T20:15:00+0200,272.05,EUR/MWh,FR,FR,day_ahead_price,value,2026-08-21T12:09:10Z
2026-08-21T12:03:35Z,2026-08-21T14:03:35+0200,5cef1f60-1e78-40ab-8a35-fe731affab16,2026-08-12T18:30:00Z,2026-08-12T20:30:00+0200,250.0,EUR/MWh,FR,FR,day_ahead_price,value,2026-08-21T12:09:10Z
2026-08-21T12:03:35Z,2026-08-21T14:03:35+0200,5cef1f60-1e78-40ab-8a35-fe731affab16,2026-08-12T18:45:00Z,2026-08-12T20:45:00+0200,232.17,EUR/MWh,FR,FR,day_ahead_price,value,2026-08-21T12:09:10Z
2026-08-21T12:03:35Z,2026-08-21T14:03:35+0200,5cef1f60-1e78-40ab-8a35-fe731affab16,2026-08-12T19:00:00Z,2026-08-12T21:00:00+0200,253.0,EUR/MWh,FR,FR,day_ahead_price,value,2026-08-21T12:09:10Z
2026-08-21T12:03:35Z,2026-08-21T14:03:35+0200,5cef1f60-1e78-40ab-8a35-fe731affab16,2026-08-12T19:15:00Z,2026-08-12T21:15:00+0200,243.12,EUR/MWh,FR,FR,day_ahead_price,value,2026-08-21T12:09:10Z
2026-08-21T12:03:35Z,2026-08-21T14:03:35+0200,5cef1f60-1e78-40ab-8a35-fe731affab16,2026-08-12T19:30:00Z,2026-08-12T21:30:00+0200,223.39,EUR/MWh,FR,FR,day_ahead_price,value,2026-08-21T12:09:10Z
2026-08-21T12:03:35Z,2026-08-21T14:03:35+0200,5cef1f60-1e78-40ab-8a35-fe731affab16,2026-08-12T19:45:00Z,2026-08-12T21:45:00+0200,198.97,EUR/MWh,FR,FR,day_ahead_price,value,2026-08-21T12:09:10Z
2026-08-21T12:03:35Z,2026-08-21T14:03:35+0200,5cef1f60-1e78-40ab-8a35-fe731affab16,2026-08-12T20:00:00Z,2026-08-12T22:00:00+0200,205.64,EUR/MWh,FR,FR,day_ahead_price,value,2026-08-21T12:09:10Z
2026-08-21T12:03:35Z,2026-08-21T14:03:35+0200,5cef1f60-1e78-40ab-8a35-fe731affab16,2026-08-12T20:15:00Z,2026-08-12T22:15:00+0200,193.4,EUR/MWh,FR,FR,day_ahead_price,value,2026-08-21T12:09:10Z
2026-08-21T12:03:35Z,2026-08-21T14:03:35+0200,5cef1f60-1e78-40ab-8a35-fe731affab16,2026-08-12T20:30:00Z,2026-08-12T22:30:00+0200,188.49,EUR/MWh,FR,FR,day_ahead_price,value,2026-08-21T12:09:10Z
2026-08-21T12:03:35Z,2026-08-21T14:03:35+0200,5cef1f60-1e78-40ab-8a35-fe731affab16,2026-08-12T20:45:00Z,2026-08-12T22:45:00+0200,175.12,EUR/MWh,FR,FR,day_ahead_price,value,2026-08-21T12:09:10Z
2026-08-21T12:03:35Z,2026-08-21T14:03:35+0200,5cef1f60-1e78-40ab-8a35-fe731affab16,2026-08-12T21:00:00Z,2026-08-12T23:00:00+0200,180.29,EUR/MWh,FR,FR,day_ahead_price,value,2026-08-21T12:09:10Z
2026-08-21T12:03:35Z,2026-08-21T14:03:35+0200,5cef1f60-1e78-40ab-8a35-fe731affab16,2026-08-12T21:15:00Z,2026-08-12T23:15:00+0200,174.1,EUR/MWh,FR,FR,day_ahead_price,value,2026-08-21T12:09:10Z
2026-08-21T12:03:35Z,2026-08-21T14:03:35+0200,5cef1f60-1e78-40ab-8a35-fe731affab16,2026-08-12T21:30:00Z,2026-08-12T23:30:00+0200,173.91,EUR/MWh,FR,FR,day_ahead_price,value,2026-08-21T12:09:10Z
2026-08-21T12:03:35Z,2026-08-21T14:03:35+0200,5cef1f60-1e78-40ab-8a35-fe731affab16,2026-08-12T21:45:00Z,2026-08-12T23:45:00+0200,160.1,EUR/MWh,FR,FR,day_ahead_price,value,2026-08-21T12:09:10Z
2026-08-21T12:03:35Z,2026-08-21T14:03:35+0200,5cef1f60-1e78-40ab-8a35-fe731affab16,2026-08-12T22:00:00Z,2026-08-13T00:00:00+0200,164.47,EUR/MWh,FR,FR,day_ahead_price,value,2026-08-21T12:09:10Z
2026-08-21T12:03:35Z,2026-08-21T14:03:35+0200,5cef1f60-1e78-40ab-8a35-fe731affab16,2026-08-12T22:15:00Z,2026-08-13T00:15:00+0200,156.56,EUR/MWh,FR,FR,day_ahead_price,value,2026-08-21T12:09:10Z
2026-08-21T12:03:35Z,2026-08-21T14:03:35+0200,5cef1f60-1e78-40ab-8a35-fe731affab16,2026-08-12T22:30:00Z,2026-08-13T00:30:00+0200,152.26,EUR/MWh,FR,FR,day_ahead_price,value,2026-08-21T12:09:10Z
2026-08-21T12:03:35Z,2026-08-21T14:03:35+0200,5cef1f60-1e78-40ab-8a35-fe731affab16,2026-08-12T22:45:00Z,2026-08-13T00:45:00+0200,143.12,EUR/MWh,FR,FR,day_ahead_price,value,2026-08-21T12:09:10Z
2026-08-21T12:03:35Z,2026-08-21T14:03:35+0200,5cef1f60-1e78-40ab-8a35-fe731affab16,2026-08-12T23:00:00Z,2026-08-13T01:00:00+0200,153.0,EUR/MWh,FR,FR,day_ahead_price,value,2026-08-21T12:09:10Z
2026-08-21T12:03:35Z,2026-08-21T14:03:35+0200,5cef1f60-1e78-40ab-8a35-fe731affab16,2026-08-12T23:15:00Z,2026-08-13T01:15:00+0200,148.01,EUR/MWh,FR,FR,day_ahead_price,value,2026-08-21T12:09:10Z
2026-08-21T12:03:35Z,2026-08-21T14:03:35+0200,5cef1f60-1e78-40ab-8a35-fe731affab16,2026-08-12T23:30:00Z,2026-08-13T01:30:00+0200,147.29,EUR/MWh,FR,FR,day_ahead_price,value,2026-08-21T12:09:10Z
2026-08-21T12:03:35Z,2026-08-21T14:03:35+0200,5cef1f60-1e78-40ab-8a35-fe731affab16,2026-08-12T23:45:00Z,2026-08-13T01:45:00+0200,142.07,EUR/MWh,FR,FR,day_ahead_price,value,2026-08-21T12:09:10Z
2026-08-21T12:03:35Z,2026-08-21T14:03:35+0200,5cef1f60-1e78-40ab-8a35-fe731affab16,2026-08-13T00:00:00Z,2026-08-13T02:00:00+0200,143.58,EUR/MWh,FR,FR,day_ahead_price,value,2026-08-21T12:09:10Z
2026-08-21T12:03:35Z,2026-08-21T14:03:35+0200,5cef1f60-1e78-40ab-8a35-fe731affab16,2026-08-13T00:15:00Z,2026-08-13T02:15:00+0200,143.17,EUR/MWh,FR,FR,day_ahead_price,value,2026-08-21T12:09:10Z
2026-08-21T12:03:35Z,2026-08-21T14:03:35+0200,5cef1f60-1e78-40ab-8a35-fe731affab16,2026-08-13T00:30:00Z,2026-08-13T02:30:00+0200,144.38,EUR/MWh,FR,FR,day_ahead_price,value,2026-08-21T12:09:10Z
2026-08-21T12:03:35Z,2026-08-21T14:03:35+0200,5cef1f60-1e78-40ab-8a35-fe731affab16,2026-08-13T00:45:00Z,2026-08-13T02:45:00+0200,142.56,EUR/MWh,FR,FR,day_ahead_price,value,2026-08-21T12:09:10Z
2026-08-21T12:03:35Z,2026-08-21T14:03:35+0200,5cef1f60-1e78-40ab-8a35-fe731affab16,2026-08-13T01:00:00Z,2026-08-13T03:00:00+0200,140.87,EUR/MWh,FR,FR,day_ahead_price,value,2026-08-21T12:09:10Z
2026-08-21T12:03:35Z,2026-08-21T14:03:35+0200,5cef1f60-1e78-40ab-8a35-fe731affab16,2026-08-13T01:15:00Z,2026-08-13T03:15:00+0200,141.82,EUR/MWh,FR,FR,day_ahead_price,value,2026-08-21T12:09:10Z
2026-08-21T12:03:35Z,2026-08-21T14:03:35+0200,5cef1f60-1e78-40ab-8a35-fe731affab16,2026-08-13T01:30:00Z,2026-08-13T03:30:00+0200,143.76,EUR/MWh,FR,FR,day_ahead_price,value,2026-08-21T12:09:10Z
2026-08-21T12:03:35Z,2026-08-21T14:03:35+0200,5cef1f60-1e78-40ab-8a35-fe731affab16,2026-08-13T01:45:00Z,2026-08-13T03:45:00+0200,144.44,EUR/MWh,FR,FR,day_ahead_price,value,2026-08-21T12:09:10Z
2026-08-21T12:03:35Z,2026-08-21T14:03:35+0200,5cef1f60-1e78-40ab-8a35-fe731affab16,2026-08-13T02:00:00Z,2026-08-13T04:00:00+0200,140.99,EUR/MWh,FR,FR,day_ahead_price,value,2026-08-21T12:09:10Z
2026-08-21T12:03:35Z,2026-08-21T14:03:35+0200,5cef1f60-1e78-40ab-8a35-fe731affab16,2026-08-13T02:15:00Z,2026-08-13T04:15:00+0200,143.06,EUR/MWh,FR,FR,day_ahead_price,value,2026-08-21T12:09:10Z
2026-08-21T12:03:35Z,2026-08-21T14:03:35+0200,5cef1f60-1e78-40ab-8a35-fe731affab16,2026-08-13T02:30:00Z,2026-08-13T04:30:00+0200,146.55,EUR/MWh,FR,FR,day_ahead_price,value,2026-08-21T12:09:10Z
2026-08-21T12:03:35Z,2026-08-21T14:03:35+0200,5cef1f60-1e78-40ab-8a35-fe731affab16,2026-08-13T02:45:00Z,2026-08-13T04:45:00+0200,149.08,EUR/MWh,FR,FR,day_ahead_price,value,2026-08-21T12:09:10Z
2026-08-21T12:03:35Z,2026-08-21T14:03:35+0200,5cef1f60-1e78-40ab-8a35-fe731affab16,2026-08-13T03:00:00Z,2026-08-13T05:00:00+0200,149.15,EUR/MWh,FR,FR,day_ahead_price,value,2026-08-21T12:09:10Z
2026-08-21T12:03:35Z,2026-08-21T14:03:35+0200,5cef1f60-1e78-40ab-8a35-fe731affab16,2026-08-13T03:15:00Z,2026-08-13T05:15:00+0200,154.5,EUR/MWh,FR,FR,day_ahead_price,value,2026-08-21T12:09:10Z
2026-08-21T12:03:35Z,2026-08-21T14:03:35+0200,5cef1f60-1e78-40ab-8a35-fe731affab16,2026-08-13T03:30:00Z,2026-08-13T05:30:00+0200,159.68,EUR/MWh,FR,FR,day_ahead_price,value,2026-08-21T12:09:10Z
2026-08-21T12:03:35Z,2026-08-21T14:03:35+0200,5cef1f60-1e78-40ab-8a35-fe731affab16,2026-08-13T03:45:00Z,2026-08-13T05:45:00+0200,166.26,EUR/MWh,FR,FR,day_ahead_price,value,2026-08-21T12:09:10Z
2026-08-21T12:03:35Z,2026-08-21T14:03:35+0200,5cef1f60-1e78-40ab-8a35-fe731affab16,2026-08-13T04:00:00Z,2026-08-13T06:00:00+0200,170.61,EUR/MWh,FR,FR,day_ahead_price,value,2026-08-21T12:09:10Z
2026-08-21T12:03:35Z,2026-08-21T14:03:35+0200,5cef1f60-1e78-40ab-8a35-fe731affab16,2026-08-13T04:15:00Z,2026-08-13T06:15:00+0200,174.09,EUR/MWh,FR,FR,day_ahead_price,value,2026-08-21T12:09:10Z
2026-08-21T12:03:35Z,2026-08-21T14:03:35+0200,5cef1f60-1e78-40ab-8a35-fe731affab16,2026-08-13T04:30:00Z,2026-08-13T06:30:00+0200,177.24,EUR/MWh,FR,FR,day_ahead_price,value,2026-08-21T12:09:10Z
2026-08-21T12:03:35Z,2026-08-21T14:03:35+0200,5cef1f60-1e78-40ab-8a35-fe731affab16,2026-08-13T04:45:00Z,2026-08-13T06:45:00+0200,174.99,EUR/MWh,FR,FR,day_ahead_price,value,2026-08-21T12:09:10Z
2026-08-21T12:03:35Z,2026-08-21T14:03:35+0200,5cef1f60-1e78-40ab-8a35-fe731affab16,2026-08-13T05:00:00Z,2026-08-13T07:00:00+0200,182.47,EUR/MWh,FR,FR,day_ahead_price,value,2026-08-21T12:09:10Z
2026-08-21T12:03:35Z,2026-08-21T14:03:35+0200,5cef1f60-1e78-40ab-8a35-fe731affab16,2026-08-13T05:15:00Z,2026-08-13T07:15:00+0200,174.91,EUR/MWh,FR,FR,day_ahead_price,value,2026-08-21T12:09:10Z
2026-08-21T12:03:35Z,2026-08-21T14:03:35+0200,5cef1f60-1e78-40ab-8a35-fe731affab16,2026-08-13T05:30:00Z,2026-08-13T07:30:00+0200,169.99,EUR/MWh,FR,FR,day_ahead_price,value,2026-08-21T12:09:10Z
2026-08-21T12:03:35Z,2026-08-21T14:03:35+0200,5cef1f60-1e78-40ab-8a35-fe731affab16,2026-08-13T05:45:00Z,2026-08-13T07:45:00+0200,157.02,EUR/MWh,FR,FR,day_ahead_price,value,2026-08-21T12:09:10Z
2026-08-21T12:03:35Z,2026-08-21T14:03:35+0200,5cef1f60-1e78-40ab-8a35-fe731affab16,2026-08-13T06:00:00Z,2026-08-13T08:00:00+0200,172.99,EUR/MWh,FR,FR,day_ahead_price,value,2026-08-21T12:09:10Z
2026-08-21T12:03:35Z,2026-08-21T14:03:35+0200,5cef1f60-1e78-40ab-8a35-fe731affab16,2026-08-13T06:15:00Z,2026-08-13T08:15:00+0200,162.7,EUR/MWh,FR,FR,day_ahead_price,value,2026-08-21T12:09:10Z
2026-08-21T12:03:35Z,2026-08-21T14:03:35+0200,5cef1f60-1e78-40ab-8a35-fe731affab16,2026-08-13T06:30:00Z,2026-08-13T08:30:00+0200,153.31,EUR/MWh,FR,FR,day_ahead_price,value,2026-08-21T12:09:10Z
2026-08-21T12:03:35Z,2026-08-21T14:03:35+0200,5cef1f60-1e78-40ab-8a35-fe731affab16,2026-08-13T06:45:00Z,2026-08-13T08:45:00+0200,138.2,EUR/MWh,FR,FR,day_ahead_price,value,2026-08-21T12:09:10Z
2026-08-21T12:03:35Z,2026-08-21T14:03:35+0200,5cef1f60-1e78-40ab-8a35-fe731affab16,2026-08-13T07:00:00Z,2026-08-13T09:00:00+0200,160.53,EUR/MWh,FR,FR,day_ahead_price,value,2026-08-21T12:09:10Z
2026-08-21T12:03:35Z,2026-08-21T14:03:35+0200,5cef1f60-1e78-40ab-8a35-fe731affab16,2026-08-13T07:15:00Z,2026-08-13T09:15:00+0200,147.49,EUR/MWh,FR,FR,day_ahead_price,value,2026-08-21T12:09:10Z
2026-08-21T12:03:35Z,2026-08-21T14:03:35+0200,5cef1f60-1e78-40ab-8a35-fe731affab16,2026-08-13T07:30:00Z,2026-08-13T09:30:00+0200,130.0,EUR/MWh,FR,FR,day_ahead_price,value,2026-08-21T12:09:10Z
2026-08-21T12:03:35Z,2026-08-21T14:03:35+0200,5cef1f60-1e78-40ab-8a35-fe731affab16,2026-08-13T07:45:00Z,2026-08-13T09:45:00+0200,120.85,EUR/MWh,FR,FR,day_ahead_price,value,2026-08-21T12:09:10Z
2026-08-21T12:03:35Z,2026-08-21T14:03:35+0200,5cef1f60-1e78-40ab-8a35-fe731affab16,2026-08-13T08:00:00Z,2026-08-13T10:00:00+0200,138.73,EUR/MWh,FR,FR,day_ahead_price,value,2026-08-21T12:09:10Z
2026-08-21T12:03:35Z,2026-08-21T14:03:35+0200,5cef1f60-1e78-40ab-8a35-fe731affab16,2026-08-13T08:15:00Z,2026-08-13T10:15:00+0200,122.58,EUR/MWh,FR,FR,day_ahead_price,value,2026-08-21T12:09:10Z
2026-08-21T12:03:35Z,2026-08-21T14:03:35+0200,5cef1f60-1e78-40ab-8a35-fe731affab16,2026-08-13T08:30:00Z,2026-08-13T10:30:00+0200,101.19,EUR/MWh,FR,FR,day_ahead_price,value,2026-08-21T12:09:10Z
2026-08-21T12:03:35Z,2026-08-21T14:03:35+0200,5cef1f60-1e78-40ab-8a35-fe731affab16,2026-08-13T08:45:00Z,2026-08-13T10:45:00+0200,79.66,EUR/MWh,FR,FR,day_ahead_price,value,2026-08-21T12:09:10Z
2026-08-21T12:03:35Z,2026-08-21T14:03:35+0200,5cef1f60-1e78-40ab-8a35-fe731affab16,2026-08-13T09:00:00Z,2026-08-13T11:00:00+0200,99.52,EUR/MWh,FR,FR,day_ahead_price,value,2026-08-21T12:09:10Z
2026-08-21T12:03:35Z,2026-08-21T14:03:35+0200,5cef1f60-1e78-40ab-8a35-fe731affab16,2026-08-13T09:15:00Z,2026-08-13T11:15:00+0200,68.04,EUR/MWh,FR,FR,day_ahead_price,value,2026-08-21T12:09:10Z
2026-08-21T12:03:35Z,2026-08-21T14:03:35+0200,5cef1f60-1e78-40ab-8a35-fe731affab16,2026-08-13T09:30:00Z,2026-08-13T11:30:00+0200,54.57,EUR/MWh,FR,FR,day_ahead_price,value,2026-08-21T12:09:10Z
2026-08-21T12:03:35Z,2026-08-21T14:03:35+0200,5cef1f60-1e78-40ab-8a35-fe731affab16,2026-08-13T09:45:00Z,2026-08-13T11:45:00+0200,48.57,EUR/MWh,FR,FR,day_ahead_price,value,2026-08-21T12:09:10Z
2026-08-21T12:03:35Z,2026-08-21T14:03:35+0200,5cef1f60-1e78-40ab-8a35-fe731affab16,2026-08-13T10:00:00Z,2026-08-13T12:00:00+0200,47.94,EUR/MWh,FR,FR,day_ahead_price,value,2026-08-21T12:09:10Z
2026-08-21T12:03:35Z,2026-08-21T14:03:35+0200,5cef1f60-1e78-40ab-8a35-fe731affab16,2026-08-13T10:15:00Z,2026-08-13T12:15:00+0200,38.63,EUR/MWh,FR,FR,day_ahead_price,value,2026-08-21T12:09:10Z
2026-08-21T12:03:35Z,2026-08-21T14:03:35+0200,5cef1f60-1e78-40ab-8a35-fe731affab16,2026-08-13T10:30:00Z,2026-08-13T12:30:00+0200,52.18,EUR/MWh,FR,FR,day_ahead_price,value,2026-08-21T12:09:10Z
2026-08-21T12:03:35Z,2026-08-21T14:03:35+0200,5cef1f60-1e78-40ab-8a35-fe731affab16,2026-08-13T10:45:00Z,2026-08-13T12:45:00+0200,48.41,EUR/MWh,FR,FR,day_ahead_price,value,2026-08-21T12:09:10Z
2026-08-21T12:03:35Z,2026-08-21T14:03:35+0200,5cef1f60-1e78-40ab-8a35-fe731affab16,2026-08-13T11:00:00Z,2026-08-13T13:00:00+0200,45.5,EUR/MWh,FR,FR,day_ahead_price,value,2026-08-21T12:09:10Z
2026-08-21T12:03:35Z,2026-08-21T14:03:35+0200,5cef1f60-1e78-40ab-8a35-fe731affab16,2026-08-13T11:15:00Z,2026-08-13T13:15:00+0200,35.07,EUR/MWh,FR,FR,day_ahead_price,value,2026-08-21T12:09:10Z
2026-08-21T12:03:35Z,2026-08-21T14:03:35+0200,5cef1f60-1e78-40ab-8a35-fe731affab16,2026-08-13T11:30:00Z,2026-08-13T13:30:00+0200,31.29,EUR/MWh,FR,FR,day_ahead_price,value,2026-08-21T12:09:10Z
2026-08-21T12:03:35Z,2026-08-21T14:03:35+0200,5cef1f60-1e78-40ab-8a35-fe731affab16,2026-08-13T11:45:00Z,2026-08-13T13:45:00+0200,27.28,EUR/MWh,FR,FR,day_ahead_price,value,2026-08-21T12:09:10Z
2026-08-21T12:03:35Z,2026-08-21T14:03:35+0200,5cef1f60-1e78-40ab-8a35-fe731affab16,2026-08-13T12:00:00Z,2026-08-13T14:00:00+0200,38.77,EUR/MWh,FR,FR,day_ahead_price,value,2026-08-21T12:09:10Z
2026-08-21T12:03:35Z,2026-08-21T14:03:35+0200,5cef1f60-1e78-40ab-8a35-fe731affab16,2026-08-13T12:15:00Z,2026-08-13T14:15:00+0200,38.77,EUR/MWh,FR,FR,day_ahead_price,value,2026-08-21T12:09:10Z
2026-08-21T12:03:35Z,2026-08-21T14:03:35+0200,5cef1f60-1e78-40ab-8a35-fe731affab16,2026-08-13T12:30:00Z,2026-08-13T14:30:00+0200,44.12,EUR/MWh,FR,FR,day_ahead_price,value,2026-08-21T12:09:10Z
2026-08-21T12:03:35Z,2026-08-21T14:03:35+0200,5cef1f60-1e78-40ab-8a35-fe731affab16,2026-08-13T12:45:00Z,2026-08-13T14:45:00+0200,51.43,EUR/MWh,FR,FR,day_ahead_price,value,2026-08-21T12:09:10Z
2026-08-21T12:03:35Z,2026-08-21T14:03:35+0200,5cef1f60-1e78-40ab-8a35-fe731affab16,2026-08-13T13:00:00Z,2026-08-13T15:00:00+0200,57.93,EUR/MWh,FR,FR,day_ahead_price,value,2026-08-21T12:09:10Z
2026-08-21T12:03:35Z,2026-08-21T14:03:35+0200,5cef1f60-1e78-40ab-8a35-fe731affab16,2026-08-13T13:15:00Z,2026-08-13T15:15:00+0200,67.74,EUR/MWh,FR,FR,day_ahead_price,value,2026-08-21T12:09:10Z
2026-08-21T12:03:35Z,2026-08-21T14:03:35+0200,5cef1f60-1e78-40ab-8a35-fe731affab16,2026-08-13T13:30:00Z,2026-08-13T15:30:00+0200,70.9,EUR/MWh,FR,FR,day_ahead_price,value,2026-08-21T12:09:10Z
2026-08-21T12:03:35Z,2026-08-21T14:03:35+0200,5cef1f60-1e78-40ab-8a35-fe731affab16,2026-08-13T13:45:00Z,2026-08-13T15:45:00+0200,94.91,EUR/MWh,FR,FR,day_ahead_price,value,2026-08-21T12:09:10Z
2026-08-21T12:03:35Z,2026-08-21T14:03:35+0200,5cef1f60-1e78-40ab-8a35-fe731affab16,2026-08-13T14:00:00Z,2026-08-13T16:00:00+0200,78.4,EUR/MWh,FR,FR,day_ahead_price,value,2026-08-21T12:09:10Z
2026-08-21T12:03:35Z,2026-08-21T14:03:35+0200,5cef1f60-1e78-40ab-8a35-fe731affab16,2026-08-13T14:15:00Z,2026-08-13T16:15:00+0200,112.09,EUR/MWh,FR,FR,day_ahead_price,value,2026-08-21T12:09:10Z
2026-08-21T12:03:35Z,2026-08-21T14:03:35+0200,5cef1f60-1e78-40ab-8a35-fe731affab16,2026-08-13T14:30:00Z,2026-08-13T16:30:00+0200,124.63,EUR/MWh,FR,FR,day_ahead_price,value,2026-08-21T12:09:10Z
2026-08-21T12:03:35Z,2026-08-21T14:03:35+0200,5cef1f60-1e78-40ab-8a35-fe731affab16,2026-08-13T14:45:00Z,2026-08-13T16:45:00+0200,152.05,EUR/MWh,FR,FR,day_ahead_price,value,2026-08-21T12:09:10Z
2026-08-21T12:03:35Z,2026-08-21T14:03:35+0200,5cef1f60-1e78-40ab-8a35-fe731affab16,2026-08-13T15:00:00Z,2026-08-13T17:00:00+0200,125.07,EUR/MWh,FR,FR,day_ahead_price,value,2026-08-21T12:09:10Z
2026-08-21T12:03:35Z,2026-08-21T14:03:35+0200,5cef1f60-1e78-40ab-8a35-fe731affab16,2026-08-13T15:15:00Z,2026-08-13T17:15:00+0200,135.9,EUR/MWh,FR,FR,day_ahead_price,value,2026-08-21T12:09:10Z
2026-08-21T12:03:35Z,2026-08-21T14:03:35+0200,5cef1f60-1e78-40ab-8a35-fe731affab16,2026-08-13T15:30:00Z,2026-08-13T17:30:00+0200,160.35,EUR/MWh,FR,FR,day_ahead_price,value,2026-08-21T12:09:10Z
2026-08-21T12:03:35Z,2026-08-21T14:03:35+0200,5cef1f60-1e78-40ab-8a35-fe731affab16,2026-08-13T15:45:00Z,2026-08-13T17:45:00+0200,180.14,EUR/MWh,FR,FR,day_ahead_price,value,2026-08-21T12:09:10Z
2026-08-21T12:03:35Z,2026-08-21T14:03:35+0200,5cef1f60-1e78-40ab-8a35-fe731affab16,2026-08-13T16:00:00Z,2026-08-13T18:00:00+0200,165.0,EUR/MWh,FR,FR,day_ahead_price,value,2026-08-21T12:09:10Z
2026-08-21T12:03:35Z,2026-08-21T14:03:35+0200,5cef1f60-1e78-40ab-8a35-fe731affab16,2026-08-13T16:15:00Z,2026-08-13T18:15:00+0200,188.0,EUR/MWh,FR,FR,day_ahead_price,value,2026-08-21T12:09:10Z
2026-08-21T12:03:35Z,2026-08-21T14:03:35+0200,5cef1f60-1e78-40ab-8a35-fe731affab16,2026-08-13T16:30:00Z,2026-08-13T18:30:00+0200,209.06,EUR/MWh,FR,FR,day_ahead_price,value,2026-08-21T12:09:10Z
2026-08-21T12:03:35Z,2026-08-21T14:03:35+0200,5cef1f60-1e78-40ab-8a35-fe731affab16,2026-08-13T16:45:00Z,2026-08-13T18:45:00+0200,253.93,EUR/MWh,FR,FR,day_ahead_price,value,2026-08-21T12:09:10Z
2026-08-21T12:03:35Z,2026-08-21T14:03:35+0200,5cef1f60-1e78-40ab-8a35-fe731affab16,2026-08-13T17:00:00Z,2026-08-13T19:00:00+0200,229.16,EUR/MWh,FR,FR,day_ahead_price,value,2026-08-21T12:09:10Z
2026-08-21T12:03:35Z,2026-08-21T14:03:35+0200,5cef1f60-1e78-40ab-8a35-fe731affab16,2026-08-13T17:15:00Z,2026-08-13T19:15:00+0200,262.69,EUR/MWh,FR,FR,day_ahead_price,value,2026-08-21T12:09:10Z
2026-08-21T12:03:35Z,2026-08-21T14:03:35+0200,5cef1f60-1e78-40ab-8a35-fe731affab16,2026-08-13T17:30:00Z,2026-08-13T19:30:00+0200,327.17,EUR/MWh,FR,FR,day_ahead_price,value,2026-08-21T12:09:10Z
2026-08-21T12:03:35Z,2026-08-21T14:03:35+0200,5cef1f60-1e78-40ab-8a35-fe731affab16,2026-08-13T17:45:00Z,2026-08-13T19:45:00+0200,487.38,EUR/MWh,FR,FR,day_ahead_price,value,2026-08-21T12:09:10Z
2026-08-21T12:03:35Z,2026-08-21T14:03:35+0200,5cef1f60-1e78-40ab-8a35-fe731affab16,2026-08-13T18:00:00Z,2026-08-13T20:00:00+0200,414.96,EUR/MWh,FR,FR,day_ahead_price,value,2026-08-21T12:09:10Z
2026-08-21T12:03:35Z,2026-08-21T14:03:35+0200,5cef1f60-1e78-40ab-8a35-fe731affab16,2026-08-13T18:15:00Z,2026-08-13T20:15:00+0200,371.94,EUR/MWh,FR,FR,day_ahead_price,value,2026-08-21T12:09:10Z
2026-08-21T12:03:35Z,2026-08-21T14:03:35+0200,5cef1f60-1e78-40ab-8a35-fe731affab16,2026-08-13T18:30:00Z,2026-08-13T20:30:00+0200,300.14,EUR/MWh,FR,FR,day_ahead_price,value,2026-08-21T12:09:10Z
2026-08-21T12:03:35Z,2026-08-21T14:03:35+0200,5cef1f60-1e78-40ab-8a35-fe731affab16,2026-08-13T18:45:00Z,2026-08-13T20:45:00+0200,268.41,EUR/MWh,FR,FR,day_ahead_price,value,2026-08-21T12:09:10Z
2026-08-21T12:03:35Z,2026-08-21T14:03:35+0200,5cef1f60-1e78-40ab-8a35-fe731affab16,2026-08-13T19:00:00Z,2026-08-13T21:00:00+0200,353.92,EUR/MWh,FR,FR,day_ahead_price,value,2026-08-21T12:09:10Z
2026-08-21T12:03:35Z,2026-08-21T14:03:35+0200,5cef1f60-1e78-40ab-8a35-fe731affab16,2026-08-13T19:15:00Z,2026-08-13T21:15:00+0200,268.97,EUR/MWh,FR,FR,day_ahead_price,value,2026-08-21T12:09:10Z
2026-08-21T12:03:35Z,2026-08-21T14:03:35+0200,5cef1f60-1e78-40ab-8a35-fe731affab16,2026-08-13T19:30:00Z,2026-08-13T21:30:00+0200,240.0,EUR/MWh,FR,FR,day_ahead_price,value,2026-08-21T12:09:10Z
2026-08-21T12:03:35Z,2026-08-21T14:03:35+0200,5cef1f60-1e78-40ab-8a35-fe731affab16,2026-08-13T19:45:00Z,2026-08-13T21:45:00+0200,217.15,EUR/MWh,FR,FR,day_ahead_price,value,2026-08-21T12:09:10Z
2026-08-21T12:03:35Z,2026-08-21T14:03:35+0200,5cef1f60-1e78-40ab-8a35-fe731affab16,2026-08-13T20:00:00Z,2026-08-13T22:00:00+0200,233.38,EUR/MWh,FR,FR,day_ahead_price,value,2026-08-21T12:09:10Z
2026-08-21T12:03:35Z,2026-08-21T14:03:35+0200,5cef1f60-1e78-40ab-8a35-fe731affab16,2026-08-13T20:15:00Z,2026-08-13T22:15:00+0200,215.51,EUR/MWh,FR,FR,day_ahead_price,value,2026-08-21T12:09:10Z
2026-08-21T12:03:35Z,2026-08-21T14:03:35+0200,5cef1f60-1e78-40ab-8a35-fe731affab16,2026-08-13T20:30:00Z,2026-08-13T22:30:00+0200,212.01,EUR/MWh,FR,FR,day_ahead_price,value,2026-08-21T12:09:10Z
2026-08-21T12:03:35Z,2026-08-21T14:03:35+0200,5cef1f60-1e78-40ab-8a35-fe731affab16,2026-08-13T20:45:00Z,2026-08-13T22:45:00+0200,193.03,EUR/MWh,FR,FR,day_ahead_price,value,2026-08-21T12:09:10Z
2026-08-21T12:03:35Z,2026-08-21T14:03:35+0200,5cef1f60-1e78-40ab-8a35-fe731affab16,2026-08-13T21:00:00Z,2026-08-13T23:00:00+0200,194.0,EUR/MWh,FR,FR,day_ahead_price,value,2026-08-21T12:09:10Z
2026-08-21T12:03:35Z,2026-08-21T14:03:35+0200,5cef1f60-1e78-40ab-8a35-fe731affab16,2026-08-13T21:15:00Z,2026-08-13T23:15:00+0200,187.66,EUR/MWh,FR,FR,day_ahead_price,value,2026-08-21T12:09:10Z
2026-08-21T12:03:35Z,2026-08-21T14:03:35+0200,5cef1f60-1e78-40ab-8a35-fe731affab16,2026-08-13T21:30:00Z,2026-08-13T23:30:00+0200,186.66,EUR/MWh,FR,FR,day_ahead_price,value,2026-08-21T12:09:10Z
2026-08-21T12:03:35Z,2026-08-21T14:03:35+0200,5cef1f60-1e78-40ab-8a35-fe731affab16,2026-08-13T21:45:00Z,2026-08-13T23:45:00+0200,168.73,EUR/MWh,FR,FR,day_ahead_price,value,2026-08-21T12:09:10Z
2026-08-21T12:03:35Z,2026-08-21T14:03:35+0200,5cef1f60-1e78-40ab-8a35-fe731affab16,2026-08-13T22:00:00Z,2026-08-14T00:00:00+0200,181.16,EUR/MWh,FR,FR,day_ahead_price,value,2026-08-21T12:09:10Z
2026-08-21T12:03:35Z,2026-08-21T14:03:35+0200,5cef1f60-1e78-40ab-8a35-fe731affab16,2026-08-13T22:15:00Z,2026-08-14T00:15:00+0200,159.2,EUR/MWh,FR,FR,day_ahead_price,value,2026-08-21T12:09:10Z
2026-08-21T12:03:35Z,2026-08-21T14:03:35+0200,5cef1f60-1e78-40ab-8a35-fe731affab16,2026-08-13T22:30:00Z,2026-08-14T00:30:00+0200,156.53,EUR/MWh,FR,FR,day_ahead_price,value,2026-08-21T12:09:10Z
2026-08-21T12:03:35Z,2026-08-21T14:03:35+0200,5cef1f60-1e78-40ab-8a35-fe731affab16,2026-08-13T22:45:00Z,2026-08-14T00:45:00+0200,151.33,EUR/MWh,FR,FR,day_ahead_price,value,2026-08-21T12:09:10Z
2026-08-21T12:03:35Z,2026-08-21T14:03:35+0200,5cef1f60-1e78-40ab-8a35-fe731affab16,2026-08-13T23:00:00Z,2026-08-14T01:00:00+0200,175.19,EUR/MWh,FR,FR,day_ahead_price,value,2026-08-21T12:09:10Z
2026-08-21T12:03:35Z,2026-08-21T14:03:35+0200,5cef1f60-1e78-40ab-8a35-fe731affab16,2026-08-13T23:15:00Z,2026-08-14T01:15:00+0200,152.81,EUR/MWh,FR,FR,day_ahead_price,value,2026-08-21T12:09:10Z
2026-08-21T12:03:35Z,2026-08-21T14:03:35+0200,5cef1f60-1e78-40ab-8a35-fe731affab16,2026-08-13T23:30:00Z,2026-08-14T01:30:00+0200,148.62,EUR/MWh,FR,FR,day_ahead_price,value,2026-08-21T12:09:10Z
2026-08-21T12:03:35Z,2026-08-21T14:03:35+0200,5cef1f60-1e78-40ab-8a35-fe731affab16,2026-08-13T23:45:00Z,2026-08-14T01:45:00+0200,146.35,EUR/MWh,FR,FR,day_ahead_price,value,2026-08-21T12:09:10Z
2026-08-21T12:03:35Z,2026-08-21T14:03:35+0200,5cef1f60-1e78-40ab-8a35-fe731affab16,2026-08-14T00:00:00Z,2026-08-14T02:00:00+0200,147.4,EUR/MWh,FR,FR,day_ahead_price,value,2026-08-21T12:09:10Z
2026-08-21T12:03:35Z,2026-08-21T14:03:35+0200,5cef1f60-1e78-40ab-8a35-fe731affab16,2026-08-14T00:15:00Z,2026-08-14T02:15:00+0200,146.34,EUR/MWh,FR,FR,day_ahead_price,value,2026-08-21T12:09:10Z
2026-08-21T12:03:35Z,2026-08-21T14:03:35+0200,5cef1f60-1e78-40ab-8a35-fe731affab16,2026-08-14T00:30:00Z,2026-08-14T02:30:00+0200,146.31,EUR/MWh,FR,FR,day_ahead_price,value,2026-08-21T12:09:10Z
2026-08-21T12:03:35Z,2026-08-21T14:03:35+0200,5cef1f60-1e78-40ab-8a35-fe731affab16,2026-08-14T00:45:00Z,2026-08-14T02:45:00+0200,142.87,EUR/MWh,FR,FR,day_ahead_price,value,2026-08-21T12:09:10Z
2026-08-21T12:03:35Z,2026-08-21T14:03:35+0200,5cef1f60-1e78-40ab-8a35-fe731affab16,2026-08-14T01:00:00Z,2026-08-14T03:00:00+0200,143.09,EUR/MWh,FR,FR,day_ahead_price,value,2026-08-21T12:09:10Z
2026-08-21T12:03:35Z,2026-08-21T14:03:35+0200,5cef1f60-1e78-40ab-8a35-fe731affab16,2026-08-14T01:15:00Z,2026-08-14T03:15:00+0200,141.62,EUR/MWh,FR,FR,day_ahead_price,value,2026-08-21T12:09:10Z
2026-08-21T12:03:35Z,2026-08-21T14:03:35+0200,5cef1f60-1e78-40ab-8a35-fe731affab16,2026-08-14T01:30:00Z,2026-08-14T03:30:00+0200,141.68,EUR/MWh,FR,FR,day_ahead_price,value,2026-08-21T12:09:10Z
2026-08-21T12:03:35Z,2026-08-21T14:03:35+0200,5cef1f60-1e78-40ab-8a35-fe731affab16,2026-08-14T01:45:00Z,2026-08-14T03:45:00+0200,141.81,EUR/MWh,FR,FR,day_ahead_price,value,2026-08-21T12:09:10Z
2026-08-21T12:03:35Z,2026-08-21T14:03:35+0200,5cef1f60-1e78-40ab-8a35-fe731affab16,2026-08-14T02:00:00Z,2026-08-14T04:00:00+0200,140.0,EUR/MWh,FR,FR,day_ahead_price,value,2026-08-21T12:09:10Z
2026-08-21T12:03:35Z,2026-08-21T14:03:35+0200,5cef1f60-1e78-40ab-8a35-fe731affab16,2026-08-14T02:15:00Z,2026-08-14T04:15:00+0200,142.55,EUR/MWh,FR,FR,day_ahead_price,value,2026-08-21T12:09:10Z
2026-08-21T12:03:35Z,2026-08-21T14:03:35+0200,5cef1f60-1e78-40ab-8a35-fe731affab16,2026-08-14T02:30:00Z,2026-08-14T04:30:00+0200,145.65,EUR/MWh,FR,FR,day_ahead_price,value,2026-08-21T12:09:10Z
2026-08-21T12:03:35Z,2026-08-21T14:03:35+0200,5cef1f60-1e78-40ab-8a35-fe731affab16,2026-08-14T02:45:00Z,2026-08-14T04:45:00+0200,147.43,EUR/MWh,FR,FR,day_ahead_price,value,2026-08-21T12:09:10Z
2026-08-21T12:03:35Z,2026-08-21T14:03:35+0200,5cef1f60-1e78-40ab-8a35-fe731affab16,2026-08-14T03:00:00Z,2026-08-14T05:00:00+0200,145.86,EUR/MWh,FR,FR,day_ahead_price,value,2026-08-21T12:09:10Z
2026-08-21T12:03:35Z,2026-08-21T14:03:35+0200,5cef1f60-1e78-40ab-8a35-fe731affab16,2026-08-14T03:15:00Z,2026-08-14T05:15:00+0200,152.23,EUR/MWh,FR,FR,day_ahead_price,value,2026-08-21T12:09:10Z
2026-08-21T12:03:35Z,2026-08-21T14:03:35+0200,5cef1f60-1e78-40ab-8a35-fe731affab16,2026-08-14T03:30:00Z,2026-08-14T05:30:00+0200,157.69,EUR/MWh,FR,FR,day_ahead_price,value,2026-08-21T12:09:10Z
2026-08-21T12:03:35Z,2026-08-21T14:03:35+0200,5cef1f60-1e78-40ab-8a35-fe731affab16,2026-08-14T03:45:00Z,2026-08-14T05:45:00+0200,163.01,EUR/MWh,FR,FR,day_ahead_price,value,2026-08-21T12:09:10Z
2026-08-21T12:03:35Z,2026-08-21T14:03:35+0200,5cef1f60-1e78-40ab-8a35-fe731affab16,2026-08-14T04:00:00Z,2026-08-14T06:00:00+0200,168.9,EUR/MWh,FR,FR,day_ahead_price,value,2026-08-21T12:09:10Z
2026-08-21T12:03:35Z,2026-08-21T14:03:35+0200,5cef1f60-1e78-40ab-8a35-fe731affab16,2026-08-14T04:15:00Z,2026-08-14T06:15:00+0200,172.48,EUR/MWh,FR,FR,day_ahead_price,value,2026-08-21T12:09:10Z
2026-08-21T12:03:35Z,2026-08-21T14:03:35+0200,5cef1f60-1e78-40ab-8a35-fe731affab16,2026-08-14T04:30:00Z,2026-08-14T06:30:00+0200,173.14,EUR/MWh,FR,FR,day_ahead_price,value,2026-08-21T12:09:10Z
2026-08-21T12:03:35Z,2026-08-21T14:03:35+0200,5cef1f60-1e78-40ab-8a35-fe731affab16,2026-08-14T04:45:00Z,2026-08-14T06:45:00+0200,173.32,EUR/MWh,FR,FR,day_ahead_price,value,2026-08-21T12:09:10Z
2026-08-21T12:03:35Z,2026-08-21T14:03:35+0200,5cef1f60-1e78-40ab-8a35-fe731affab16,2026-08-14T05:00:00Z,2026-08-14T07:00:00+0200,178.27,EUR/MWh,FR,FR,day_ahead_price,value,2026-08-21T12:09:10Z
2026-08-21T12:03:35Z,2026-08-21T14:03:35+0200,5cef1f60-1e78-40ab-8a35-fe731affab16,2026-08-14T05:15:00Z,2026-08-14T07:15:00+0200,175.01,EUR/MWh,FR,FR,day_ahead_price,value,2026-08-21T12:09:10Z
2026-08-21T12:03:35Z,2026-08-21T14:03:35+0200,5cef1f60-1e78-40ab-8a35-fe731affab16,2026-08-14T05:30:00Z,2026-08-14T07:30:00+0200,168.05,EUR/MWh,FR,FR,day_ahead_price,value,2026-08-21T12:09:10Z
2026-08-21T12:03:35Z,2026-08-21T14:03:35+0200,5cef1f60-1e78-40ab-8a35-fe731affab16,2026-08-14T05:45:00Z,2026-08-14T07:45:00+0200,159.0,EUR/MWh,FR,FR,day_ahead_price,value,2026-08-21T12:09:10Z
2026-08-21T12:03:35Z,2026-08-21T14:03:35+0200,5cef1f60-1e78-40ab-8a35-fe731affab16,2026-08-14T06:00:00Z,2026-08-14T08:00:00+0200,184.0,EUR/MWh,FR,FR,day_ahead_price,value,2026-08-21T12:09:10Z
2026-08-21T12:03:35Z,2026-08-21T14:03:35+0200,5cef1f60-1e78-40ab-8a35-fe731affab16,2026-08-14T06:15:00Z,2026-08-14T08:15:00+0200,165.0,EUR/MWh,FR,FR,day_ahead_price,value,2026-08-21T12:09:10Z
2026-08-21T12:03:35Z,2026-08-21T14:03:35+0200,5cef1f60-1e78-40ab-8a35-fe731affab16,2026-08-14T06:30:00Z,2026-08-14T08:30:00+0200,145.6,EUR/MWh,FR,FR,day_ahead_price,value,2026-08-21T12:09:10Z
2026-08-21T12:03:35Z,2026-08-21T14:03:35+0200,5cef1f60-1e78-40ab-8a35-fe731affab16,2026-08-14T06:45:00Z,2026-08-14T08:45:00+0200,127.13,EUR/MWh,FR,FR,day_ahead_price,value,2026-08-21T12:09:10Z
2026-08-21T12:03:35Z,2026-08-21T14:03:35+0200,5cef1f60-1e78-40ab-8a35-fe731affab16,2026-08-14T07:00:00Z,2026-08-14T09:00:00+0200,163.18,EUR/MWh,FR,FR,day_ahead_price,value,2026-08-21T12:09:10Z
2026-08-21T12:03:35Z,2026-08-21T14:03:35+0200,5cef1f60-1e78-40ab-8a35-fe731affab16,2026-08-14T07:15:00Z,2026-08-14T09:15:00+0200,153.0,EUR/MWh,FR,FR,day_ahead_price,value,2026-08-21T12:09:10Z
2026-08-21T12:03:35Z,2026-08-21T14:03:35+0200,5cef1f60-1e78-40ab-8a35-fe731affab16,2026-08-14T07:30:00Z,2026-08-14T09:30:00+0200,135.46,EUR/MWh,FR,FR,day_ahead_price,value,2026-08-21T12:09:10Z
2026-08-21T12:03:35Z,2026-08-21T14:03:35+0200,5cef1f60-1e78-40ab-8a35-fe731affab16,2026-08-14T07:45:00Z,2026-08-14T09:45:00+0200,123.01,EUR/MWh,FR,FR,day_ahead_price,value,2026-08-21T12:09:10Z
2026-08-21T12:03:35Z,2026-08-21T14:03:35+0200,5cef1f60-1e78-40ab-8a35-fe731affab16,2026-08-14T08:00:00Z,2026-08-14T10:00:00+0200,147.81,EUR/MWh,FR,FR,day_ahead_price,value,2026-08-21T12:09:10Z
2026-08-21T12:03:35Z,2026-08-21T14:03:35+0200,5cef1f60-1e78-40ab-8a35-fe731affab16,2026-08-14T08:15:00Z,2026-08-14T10:15:00+0200,139.65,EUR/MWh,FR,FR,day_ahead_price,value,2026-08-21T12:09:10Z
2026-08-21T12:03:35Z,2026-08-21T14:03:35+0200,5cef1f60-1e78-40ab-8a35-fe731affab16,2026-08-14T08:30:00Z,2026-08-14T10:30:00+0200,114.63,EUR/MWh,FR,FR,day_ahead_price,value,2026-08-21T12:09:10Z
2026-08-21T12:03:35Z,2026-08-21T14:03:35+0200,5cef1f60-1e78-40ab-8a35-fe731affab16,2026-08-14T08:45:00Z,2026-08-14T10:45:00+0200,81.76,EUR/MWh,FR,FR,day_ahead_price,value,2026-08-21T12:09:10Z
2026-08-21T12:03:35Z,2026-08-21T14:03:35+0200,5cef1f60-1e78-40ab-8a35-fe731affab16,2026-08-14T09:00:00Z,2026-08-14T11:00:00+0200,109.69,EUR/MWh,FR,FR,day_ahead_price,value,2026-08-21T12:09:10Z
2026-08-21T12:03:35Z,2026-08-21T14:03:35+0200,5cef1f60-1e78-40ab-8a35-fe731affab16,2026-08-14T09:15:00Z,2026-08-14T11:15:00+0200,95.93,EUR/MWh,FR,FR,day_ahead_price,value,2026-08-21T12:09:10Z
2026-08-21T12:03:35Z,2026-08-21T14:03:35+0200,5cef1f60-1e78-40ab-8a35-fe731affab16,2026-08-14T09:30:00Z,2026-08-14T11:30:00+0200,70.61,EUR/MWh,FR,FR,day_ahead_price,value,2026-08-21T12:09:10Z
2026-08-21T12:03:35Z,2026-08-21T14:03:35+0200,5cef1f60-1e78-40ab-8a35-fe731affab16,2026-08-14T09:45:00Z,2026-08-14T11:45:00+0200,63.77,EUR/MWh,FR,FR,day_ahead_price,value,2026-08-21T12:09:10Z
2026-08-21T12:03:35Z,2026-08-21T14:03:35+0200,5cef1f60-1e78-40ab-8a35-fe731affab16,2026-08-14T10:00:00Z,2026-08-14T12:00:00+0200,75.01,EUR/MWh,FR,FR,day_ahead_price,value,2026-08-21T12:09:10Z
2026-08-21T12:03:35Z,2026-08-21T14:03:35+0200,5cef1f60-1e78-40ab-8a35-fe731affab16,2026-08-14T10:15:00Z,2026-08-14T12:15:00+0200,52.67,EUR/MWh,FR,FR,day_ahead_price,value,2026-08-21T12:09:10Z
2026-08-21T12:03:35Z,2026-08-21T14:03:35+0200,5cef1f60-1e78-40ab-8a35-fe731affab16,2026-08-14T10:30:00Z,2026-08-14T12:30:00+0200,38.77,EUR/MWh,FR,FR,day_ahead_price,value,2026-08-21T12:09:10Z
2026-08-21T12:03:35Z,2026-08-21T14:03:35+0200,5cef1f60-1e78-40ab-8a35-fe731affab16,2026-08-14T10:45:00Z,2026-08-14T12:45:00+0200,35.57,EUR/MWh,FR,FR,day_ahead_price,value,2026-08-21T12:09:10Z
2026-08-21T12:03:35Z,2026-08-21T14:03:35+0200,5cef1f60-1e78-40ab-8a35-fe731affab16,2026-08-14T11:00:00Z,2026-08-14T13:00:00+0200,37.1,EUR/MWh,FR,FR,day_ahead_price,value,2026-08-21T12:09:10Z
2026-08-21T12:03:35Z,2026-08-21T14:03:35+0200,5cef1f60-1e78-40ab-8a35-fe731affab16,2026-08-14T11:15:00Z,2026-08-14T13:15:00+0200,36.55,EUR/MWh,FR,FR,day_ahead_price,value,2026-08-21T12:09:10Z
2026-08-21T12:03:35Z,2026-08-21T14:03:35+0200,5cef1f60-1e78-40ab-8a35-fe731affab16,2026-08-14T11:30:00Z,2026-08-14T13:30:00+0200,30.0,EUR/MWh,FR,FR,day_ahead_price,value,2026-08-21T12:09:10Z
2026-08-21T12:03:35Z,2026-08-21T14:03:35+0200,5cef1f60-1e78-40ab-8a35-fe731affab16,2026-08-14T11:45:00Z,2026-08-14T13:45:00+0200,30.01,EUR/MWh,FR,FR,day_ahead_price,value,2026-08-21T12:09:10Z
2026-08-21T12:03:35Z,2026-08-21T14:03:35+0200,5cef1f60-1e78-40ab-8a35-fe731affab16,2026-08-14T12:00:00Z,2026-08-14T14:00:00+0200,44.14,EUR/MWh,FR,FR,day_ahead_price,value,2026-08-21T12:09:10Z
2026-08-21T12:03:35Z,2026-08-21T14:03:35+0200,5cef1f60-1e78-40ab-8a35-fe731affab16,2026-08-14T12:15:00Z,2026-08-14T14:15:00+0200,50.14,EUR/MWh,FR,FR,day_ahead_price,value,2026-08-21T12:09:10Z
2026-08-21T12:03:35Z,2026-08-21T14:03:35+0200,5cef1f60-1e78-40ab-8a35-fe731affab16,2026-08-14T12:30:00Z,2026-08-14T14:30:00+0200,50.0,EUR/MWh,FR,FR,day_ahead_price,value,2026-08-21T12:09:10Z
2026-08-21T12:03:35Z,2026-08-21T14:03:35+0200,5cef1f60-1e78-40ab-8a35-fe731affab16,2026-08-14T12:45:00Z,2026-08-14T14:45:00+0200,58.16,EUR/MWh,FR,FR,day_ahead_price,value,2026-08-21T12:09:10Z
2026-08-21T12:03:35Z,2026-08-21T14:03:35+0200,5cef1f60-1e78-40ab-8a35-fe731affab16,2026-08-14T13:00:00Z,2026-08-14T15:00:00+0200,59.56,EUR/MWh,FR,FR,day_ahead_price,value,2026-08-21T12:09:10Z
2026-08-21T12:03:35Z,2026-08-21T14:03:35+0200,5cef1f60-1e78-40ab-8a35-fe731affab16,2026-08-14T13:15:00Z,2026-08-14T15:15:00+0200,64.29,EUR/MWh,FR,FR,day_ahead_price,value,2026-08-21T12:09:10Z
2026-08-21T12:03:35Z,2026-08-21T14:03:35+0200,5cef1f60-1e78-40ab-8a35-fe731affab16,2026-08-14T13:30:00Z,2026-08-14T15:30:00+0200,80.0,EUR/MWh,FR,FR,day_ahead_price,value,2026-08-21T12:09:10Z
2026-08-21T12:03:35Z,2026-08-21T14:03:35+0200,5cef1f60-1e78-40ab-8a35-fe731affab16,2026-08-14T13:45:00Z,2026-08-14T15:45:00+0200,101.51,EUR/MWh,FR,FR,day_ahead_price,value,2026-08-21T12:09:10Z
2026-08-21T12:03:35Z,2026-08-21T14:03:35+0200,5cef1f60-1e78-40ab-8a35-fe731affab16,2026-08-14T14:00:00Z,2026-08-14T16:00:00+0200,87.0,EUR/MWh,FR,FR,day_ahead_price,value,2026-08-21T12:09:10Z
2026-08-21T12:03:35Z,2026-08-21T14:03:35+0200,5cef1f60-1e78-40ab-8a35-fe731affab16,2026-08-14T14:15:00Z,2026-08-14T16:15:00+0200,108.58,EUR/MWh,FR,FR,day_ahead_price,value,2026-08-21T12:09:10Z
2026-08-21T12:03:35Z,2026-08-21T14:03:35+0200,5cef1f60-1e78-40ab-8a35-fe731affab16,2026-08-14T14:30:00Z,2026-08-14T16:30:00+0200,124.96,EUR/MWh,FR,FR,day_ahead_price,value,2026-08-21T12:09:10Z
2026-08-21T12:03:35Z,2026-08-21T14:03:35+0200,5cef1f60-1e78-40ab-8a35-fe731affab16,2026-08-14T14:45:00Z,2026-08-14T16:45:00+0200,144.74,EUR/MWh,FR,FR,day_ahead_price,value,2026-08-21T12:09:10Z
2026-08-21T12:03:35Z,2026-08-21T14:03:35+0200,5cef1f60-1e78-40ab-8a35-fe731affab16,2026-08-14T15:00:00Z,2026-08-14T17:00:00+0200,124.21,EUR/MWh,FR,FR,day_ahead_price,value,2026-08-21T12:09:10Z
2026-08-21T12:03:35Z,2026-08-21T14:03:35+0200,5cef1f60-1e78-40ab-8a35-fe731affab16,2026-08-14T15:15:00Z,2026-08-14T17:15:00+0200,136.78,EUR/MWh,FR,FR,day_ahead_price,value,2026-08-21T12:09:10Z
2026-08-21T12:03:35Z,2026-08-21T14:03:35+0200,5cef1f60-1e78-40ab-8a35-fe731affab16,2026-08-14T15:30:00Z,2026-08-14T17:30:00+0200,147.72,EUR/MWh,FR,FR,day_ahead_price,value,2026-08-21T12:09:10Z
2026-08-21T12:03:35Z,2026-08-21T14:03:35+0200,5cef1f60-1e78-40ab-8a35-fe731affab16,2026-08-14T15:45:00Z,2026-08-14T17:45:00+0200,165.91,EUR/MWh,FR,FR,day_ahead_price,value,2026-08-21T12:09:10Z
2026-08-21T12:03:35Z,2026-08-21T14:03:35+0200,5cef1f60-1e78-40ab-8a35-fe731affab16,2026-08-14T16:00:00Z,2026-08-14T18:00:00+0200,149.99,EUR/MWh,FR,FR,day_ahead_price,value,2026-08-21T12:09:10Z
2026-08-21T12:03:35Z,2026-08-21T14:03:35+0200,5cef1f60-1e78-40ab-8a35-fe731affab16,2026-08-14T16:15:00Z,2026-08-14T18:15:00+0200,172.96,EUR/MWh,FR,FR,day_ahead_price,value,2026-08-21T12:09:10Z
2026-08-21T12:03:35Z,2026-08-21T14:03:35+0200,5cef1f60-1e78-40ab-8a35-fe731affab16,2026-08-14T16:30:00Z,2026-08-14T18:30:00+0200,186.17,EUR/MWh,FR,FR,day_ahead_price,value,2026-08-21T12:09:10Z
2026-08-21T12:03:35Z,2026-08-21T14:03:35+0200,5cef1f60-1e78-40ab-8a35-fe731affab16,2026-08-14T16:45:00Z,2026-08-14T18:45:00+0200,210.98,EUR/MWh,FR,FR,day_ahead_price,value,2026-08-21T12:09:10Z
2026-08-21T12:03:35Z,2026-08-21T14:03:35+0200,5cef1f60-1e78-40ab-8a35-fe731affab16,2026-08-14T17:00:00Z,2026-08-14T19:00:00+0200,199.1,EUR/MWh,FR,FR,day_ahead_price,value,2026-08-21T12:09:10Z
2026-08-21T12:03:35Z,2026-08-21T14:03:35+0200,5cef1f60-1e78-40ab-8a35-fe731affab16,2026-08-14T17:15:00Z,2026-08-14T19:15:00+0200,225.19,EUR/MWh,FR,FR,day_ahead_price,value,2026-08-21T12:09:10Z
2026-08-21T12:03:35Z,2026-08-21T14:03:35+0200,5cef1f60-1e78-40ab-8a35-fe731affab16,2026-08-14T17:30:00Z,2026-08-14T19:30:00+0200,250.01,EUR/MWh,FR,FR,day_ahead_price,value,2026-08-21T12:09:10Z
2026-08-21T12:03:35Z,2026-08-21T14:03:35+0200,5cef1f60-1e78-40ab-8a35-fe731affab16,2026-08-14T17:45:00Z,2026-08-14T19:45:00+0200,280.08,EUR/MWh,FR,FR,day_ahead_price,value,2026-08-21T12:09:10Z
2026-08-21T12:03:35Z,2026-08-21T14:03:35+0200,5cef1f60-1e78-40ab-8a35-fe731affab16,2026-08-14T18:00:00Z,2026-08-14T20:00:00+0200,240.0,EUR/MWh,FR,FR,day_ahead_price,value,2026-08-21T12:09:10Z
2026-08-21T12:03:35Z,2026-08-21T14:03:35+0200,5cef1f60-1e78-40ab-8a35-fe731affab16,2026-08-14T18:15:00Z,2026-08-14T20:15:00+0200,250.87,EUR/MWh,FR,FR,day_ahead_price,value,2026-08-21T12:09:10Z
2026-08-21T12:03:35Z,2026-08-21T14:03:35+0200,5cef1f60-1e78-40ab-8a35-fe731affab16,2026-08-14T18:30:00Z,2026-08-14T20:30:00+0200,259.13,EUR/MWh,FR,FR,day_ahead_price,value,2026-08-21T12:09:10Z
2026-08-21T12:03:35Z,2026-08-21T14:03:35+0200,5cef1f60-1e78-40ab-8a35-fe731affab16,2026-08-14T18:45:00Z,2026-08-14T20:45:00+0200,249.99,EUR/MWh,FR,FR,day_ahead_price,value,2026-08-21T12:09:10Z
2026-08-21T12:03:35Z,2026-08-21T14:03:35+0200,5cef1f60-1e78-40ab-8a35-fe731affab16,2026-08-14T19:00:00Z,2026-08-14T21:00:00+0200,252.5,EUR/MWh,FR,FR,day_ahead_price,value,2026-08-21T12:09:10Z
2026-08-21T12:03:35Z,2026-08-21T14:03:35+0200,5cef1f60-1e78-40ab-8a35-fe731affab16,2026-08-14T19:15:00Z,2026-08-14T21:15:00+0200,234.83,EUR/MWh,FR,FR,day_ahead_price,value,2026-08-21T12:09:10Z
2026-08-21T12:03:35Z,2026-08-21T14:03:35+0200,5cef1f60-1e78-40ab-8a35-fe731affab16,2026-08-14T19:30:00Z,2026-08-14T21:30:00+0200,229.0,EUR/MWh,FR,FR,day_ahead_price,value,2026-08-21T12:09:10Z
2026-08-21T12:03:35Z,2026-08-21T14:03:35+0200,5cef1f60-1e78-40ab-8a35-fe731affab16,2026-08-14T19:45:00Z,2026-08-14T21:45:00+0200,209.95,EUR/MWh,FR,FR,day_ahead_price,value,2026-08-21T12:09:10Z
2026-08-21T12:03:35Z,2026-08-21T14:03:35+0200,5cef1f60-1e78-40ab-8a35-fe731affab16,2026-08-14T20:00:00Z,2026-08-14T22:00:00+0200,212.33,EUR/MWh,FR,FR,day_ahead_price,value,2026-08-21T12:09:10Z
2026-08-21T12:03:35Z,2026-08-21T14:03:35+0200,5cef1f60-1e78-40ab-8a35-fe731affab16,2026-08-14T20:15:00Z,2026-08-14T22:15:00+0200,198.29,EUR/MWh,FR,FR,day_ahead_price,value,2026-08-21T12:09:10Z
2026-08-21T12:03:35Z,2026-08-21T14:03:35+0200,5cef1f60-1e78-40ab-8a35-fe731affab16,2026-08-14T20:30:00Z,2026-08-14T22:30:00+0200,194.0,EUR/MWh,FR,FR,day_ahead_price,value,2026-08-21T12:09:10Z
2026-08-21T12:03:35Z,2026-08-21T14:03:35+0200,5cef1f60-1e78-40ab-8a35-fe731affab16,2026-08-14T20:45:00Z,2026-08-14T22:45:00+0200,187.38,EUR/MWh,FR,FR,day_ahead_price,value,2026-08-21T12:09:10Z
2026-08-21T12:03:35Z,2026-08-21T14:03:35+0200,5cef1f60-1e78-40ab-8a35-fe731affab16,2026-08-14T21:00:00Z,2026-08-14T23:00:00+0200,186.06,EUR/MWh,FR,FR,day_ahead_price,value,2026-08-21T12:09:10Z
2026-08-21T12:03:35Z,2026-08-21T14:03:35+0200,5cef1f60-1e78-40ab-8a35-fe731affab16,2026-08-14T21:15:00Z,2026-08-14T23:15:00+0200,182.02,EUR/MWh,FR,FR,day_ahead_price,value,2026-08-21T12:09:10Z
2026-08-21T12:03:35Z,2026-08-21T14:03:35+0200,5cef1f60-1e78-40ab-8a35-fe731affab16,2026-08-14T21:30:00Z,2026-08-14T23:30:00+0200,175.0,EUR/MWh,FR,FR,day_ahead_price,value,2026-08-21T12:09:10Z
2026-08-21T12:03:35Z,2026-08-21T14:03:35+0200,5cef1f60-1e78-40ab-8a35-fe731affab16,2026-08-14T21:45:00Z,2026-08-14T23:45:00+0200,166.99,EUR/MWh,FR,FR,day_ahead_price,value,2026-08-21T12:09:10Z
2026-08-21T12:03:35Z,2026-08-21T14:03:35+0200,5cef1f60-1e78-40ab-8a35-fe731affab16,2026-08-14T22:00:00Z,2026-08-15T00:00:00+0200,177.73,EUR/MWh,FR,FR,day_ahead_price,value,2026-08-21T12:09:10Z
2026-08-21T12:03:35Z,2026-08-21T14:03:35+0200,5cef1f60-1e78-40ab-8a35-fe731affab16,2026-08-14T22:15:00Z,2026-08-15T00:15:00+0200,170.01,EUR/MWh,FR,FR,day_ahead_price,value,2026-08-21T12:09:10Z
2026-08-21T12:03:35Z,2026-08-21T14:03:35+0200,5cef1f60-1e78-40ab-8a35-fe731affab16,2026-08-14T22:30:00Z,2026-08-15T00:30:00+0200,168.58,EUR/MWh,FR,FR,day_ahead_price,value,2026-08-21T12:09:10Z
2026-08-21T12:03:35Z,2026-08-21T14:03:35+0200,5cef1f60-1e78-40ab-8a35-fe731affab16,2026-08-14T22:45:00Z,2026-08-15T00:45:00+0200,161.47,EUR/MWh,FR,FR,day_ahead_price,value,2026-08-21T12:09:10Z
2026-08-21T12:03:35Z,2026-08-21T14:03:35+0200,5cef1f60-1e78-40ab-8a35-fe731affab16,2026-08-14T23:00:00Z,2026-08-15T01:00:00+0200,170.01,EUR/MWh,FR,FR,day_ahead_price,value,2026-08-21T12:09:10Z
2026-08-21T12:03:35Z,2026-08-21T14:03:35+0200,5cef1f60-1e78-40ab-8a35-fe731affab16,2026-08-14T23:15:00Z,2026-08-15T01:15:00+0200,161.32,EUR/MWh,FR,FR,day_ahead_price,value,2026-08-21T12:09:10Z
2026-08-21T12:03:35Z,2026-08-21T14:03:35+0200,5cef1f60-1e78-40ab-8a35-fe731affab16,2026-08-14T23:30:00Z,2026-08-15T01:30:00+0200,161.49,EUR/MWh,FR,FR,day_ahead_price,value,2026-08-21T12:09:10Z
2026-08-21T12:03:35Z,2026-08-21T14:03:35+0200,5cef1f60-1e78-40ab-8a35-fe731affab16,2026-08-14T23:45:00Z,2026-08-15T01:45:00+0200,156.77,EUR/MWh,FR,FR,day_ahead_price,value,2026-08-21T12:09:10Z
2026-08-21T12:03:35Z,2026-08-21T14:03:35+0200,5cef1f60-1e78-40ab-8a35-fe731affab16,2026-08-15T00:00:00Z,2026-08-15T02:00:00+0200,158.96,EUR/MWh,FR,FR,day_ahead_price,value,2026-08-21T12:09:10Z
2026-08-21T12:03:35Z,2026-08-21T14:03:35+0200,5cef1f60-1e78-40ab-8a35-fe731affab16,2026-08-15T00:15:00Z,2026-08-15T02:15:00+0200,157.64,EUR/MWh,FR,FR,day_ahead_price,value,2026-08-21T12:09:10Z
2026-08-21T12:03:35Z,2026-08-21T14:03:35+0200,5cef1f60-1e78-40ab-8a35-fe731affab16,2026-08-15T00:30:00Z,2026-08-15T02:30:00+0200,156.73,EUR/MWh,FR,FR,day_ahead_price,value,2026-08-21T12:09:10Z
2026-08-21T12:03:35Z,2026-08-21T14:03:35+0200,5cef1f60-1e78-40ab-8a35-fe731affab16,2026-08-15T00:45:00Z,2026-08-15T02:45:00+0200,154.28,EUR/MWh,FR,FR,day_ahead_price,value,2026-08-21T12:09:10Z
2026-08-21T12:03:35Z,2026-08-21T14:03:35+0200,5cef1f60-1e78-40ab-8a35-fe731affab16,2026-08-15T01:00:00Z,2026-08-15T03:00:00+0200,156.79,EUR/MWh,FR,FR,day_ahead_price,value,2026-08-21T12:09:10Z
2026-08-21T12:03:35Z,2026-08-21T14:03:35+0200,5cef1f60-1e78-40ab-8a35-fe731affab16,2026-08-15T01:15:00Z,2026-08-15T03:15:00+0200,157.63,EUR/MWh,FR,FR,day_ahead_price,value,2026-08-21T12:09:10Z
2026-08-21T12:03:35Z,2026-08-21T14:03:35+0200,5cef1f60-1e78-40ab-8a35-fe731affab16,2026-08-15T01:30:00Z,2026-08-15T03:30:00+0200,156.77,EUR/MWh,FR,FR,day_ahead_price,value,2026-08-21T12:09:10Z
2026-08-21T12:03:35Z,2026-08-21T14:03:35+0200,5cef1f60-1e78-40ab-8a35-fe731affab16,2026-08-15T01:45:00Z,2026-08-15T03:45:00+0200,156.56,EUR/MWh,FR,FR,day_ahead_price,value,2026-08-21T12:09:10Z
2026-08-21T12:03:35Z,2026-08-21T14:03:35+0200,5cef1f60-1e78-40ab-8a35-fe731affab16,2026-08-15T02:00:00Z,2026-08-15T04:00:00+0200,155.37,EUR/MWh,FR,FR,day_ahead_price,value,2026-08-21T12:09:10Z
2026-08-21T12:03:35Z,2026-08-21T14:03:35+0200,5cef1f60-1e78-40ab-8a35-fe731affab16,2026-08-15T02:15:00Z,2026-08-15T04:15:00+0200,154.18,EUR/MWh,FR,FR,day_ahead_price,value,2026-08-21T12:09:10Z
2026-08-21T12:03:35Z,2026-08-21T14:03:35+0200,5cef1f60-1e78-40ab-8a35-fe731affab16,2026-08-15T02:30:00Z,2026-08-15T04:30:00+0200,154.37,EUR/MWh,FR,FR,day_ahead_price,value,2026-08-21T12:09:10Z
2026-08-21T12:03:35Z,2026-08-21T14:03:35+0200,5cef1f60-1e78-40ab-8a35-fe731affab16,2026-08-15T02:45:00Z,2026-08-15T04:45:00+0200,154.14,EUR/MWh,FR,FR,day_ahead_price,value,2026-08-21T12:09:10Z
2026-08-21T12:03:35Z,2026-08-21T14:03:35+0200,5cef1f60-1e78-40ab-8a35-fe731affab16,2026-08-15T03:00:00Z,2026-08-15T05:00:00+0200,149.49,EUR/MWh,FR,FR,day_ahead_price,value,2026-08-21T12:09:10Z
2026-08-21T12:03:35Z,2026-08-21T14:03:35+0200,5cef1f60-1e78-40ab-8a35-fe731affab16,2026-08-15T03:15:00Z,2026-08-15T05:15:00+0200,150.4,EUR/MWh,FR,FR,day_ahead_price,value,2026-08-21T12:09:10Z
2026-08-21T12:03:35Z,2026-08-21T14:03:35+0200,5cef1f60-1e78-40ab-8a35-fe731affab16,2026-08-15T03:30:00Z,2026-08-15T05:30:00+0200,155.12,EUR/MWh,FR,FR,day_ahead_price,value,2026-08-21T12:09:10Z
2026-08-21T12:03:35Z,2026-08-21T14:03:35+0200,5cef1f60-1e78-40ab-8a35-fe731affab16,2026-08-15T03:45:00Z,2026-08-15T05:45:00+0200,160.36,EUR/MWh,FR,FR,day_ahead_price,value,2026-08-21T12:09:10Z
2026-08-21T12:03:35Z,2026-08-21T14:03:35+0200,5cef1f60-1e78-40ab-8a35-fe731affab16,2026-08-15T04:00:00Z,2026-08-15T06:00:00+0200,164.51,EUR/MWh,FR,FR,day_ahead_price,value,2026-08-21T12:09:10Z
2026-08-21T12:03:35Z,2026-08-21T14:03:35+0200,5cef1f60-1e78-40ab-8a35-fe731affab16,2026-08-15T04:15:00Z,2026-08-15T06:15:00+0200,162.85,EUR/MWh,FR,FR,day_ahead_price,value,2026-08-21T12:09:10Z
2026-08-21T12:03:35Z,2026-08-21T14:03:35+0200,5cef1f60-1e78-40ab-8a35-fe731affab16,2026-08-15T04:30:00Z,2026-08-15T06:30:00+0200,155.59,EUR/MWh,FR,FR,day_ahead_price,value,2026-08-21T12:09:10Z
2026-08-21T12:03:35Z,2026-08-21T14:03:35+0200,5cef1f60-1e78-40ab-8a35-fe731affab16,2026-08-15T04:45:00Z,2026-08-15T06:45:00+0200,144.98,EUR/MWh,FR,FR,day_ahead_price,value,2026-08-21T12:09:10Z
2026-08-21T12:03:35Z,2026-08-21T14:03:35+0200,5cef1f60-1e78-40ab-8a35-fe731affab16,2026-08-15T05:00:00Z,2026-08-15T07:00:00+0200,170.91,EUR/MWh,FR,FR,day_ahead_price,value,2026-08-21T12:09:10Z
2026-08-21T12:03:35Z,2026-08-21T14:03:35+0200,5cef1f60-1e78-40ab-8a35-fe731affab16,2026-08-15T05:15:00Z,2026-08-15T07:15:00+0200,161.14,EUR/MWh,FR,FR,day_ahead_price,value,2026-08-21T12:09:10Z
2026-08-21T12:03:35Z,2026-08-21T14:03:35+0200,5cef1f60-1e78-40ab-8a35-fe731affab16,2026-08-15T05:30:00Z,2026-08-15T07:30:00+0200,147.83,EUR/MWh,FR,FR,day_ahead_price,value,2026-08-21T12:09:10Z
2026-08-21T12:03:35Z,2026-08-21T14:03:35+0200,5cef1f60-1e78-40ab-8a35-fe731affab16,2026-08-15T05:45:00Z,2026-08-15T07:45:00+0200,130.86,EUR/MWh,FR,FR,day_ahead_price,value,2026-08-21T12:09:10Z
2026-08-21T12:03:35Z,2026-08-21T14:03:35+0200,5cef1f60-1e78-40ab-8a35-fe731affab16,2026-08-15T06:00:00Z,2026-08-15T08:00:00+0200,163.9,EUR/MWh,FR,FR,day_ahead_price,value,2026-08-21T12:09:10Z
2026-08-21T12:03:35Z,2026-08-21T14:03:35+0200,5cef1f60-1e78-40ab-8a35-fe731affab16,2026-08-15T06:15:00Z,2026-08-15T08:15:00+0200,152.56,EUR/MWh,FR,FR,day_ahead_price,value,2026-08-21T12:09:10Z
2026-08-21T12:03:35Z,2026-08-21T14:03:35+0200,5cef1f60-1e78-40ab-8a35-fe731affab16,2026-08-15T06:30:00Z,2026-08-15T08:30:00+0200,135.46,EUR/MWh,FR,FR,day_ahead_price,value,2026-08-21T12:09:10Z
2026-08-21T12:03:35Z,2026-08-21T14:03:35+0200,5cef1f60-1e78-40ab-8a35-fe731affab16,2026-08-15T06:45:00Z,2026-08-15T08:45:00+0200,120.79,EUR/MWh,FR,FR,day_ahead_price,value,2026-08-21T12:09:10Z
2026-08-21T12:03:35Z,2026-08-21T14:03:35+0200,5cef1f60-1e78-40ab-8a35-fe731affab16,2026-08-15T07:00:00Z,2026-08-15T09:00:00+0200,140.28,EUR/MWh,FR,FR,day_ahead_price,value,2026-08-21T12:09:10Z
2026-08-21T12:03:35Z,2026-08-21T14:03:35+0200,5cef1f60-1e78-40ab-8a35-fe731affab16,2026-08-15T07:15:00Z,2026-08-15T09:15:00+0200,117.41,EUR/MWh,FR,FR,day_ahead_price,value,2026-08-21T12:09:10Z
2026-08-21T12:03:35Z,2026-08-21T14:03:35+0200,5cef1f60-1e78-40ab-8a35-fe731affab16,2026-08-15T07:30:00Z,2026-08-15T09:30:00+0200,109.33,EUR/MWh,FR,FR,day_ahead_price,value,2026-08-21T12:09:10Z
2026-08-21T12:03:35Z,2026-08-21T14:03:35+0200,5cef1f60-1e78-40ab-8a35-fe731affab16,2026-08-15T07:45:00Z,2026-08-15T09:45:00+0200,99.31,EUR/MWh,FR,FR,day_ahead_price,value,2026-08-21T12:09:10Z
2026-08-21T12:03:35Z,2026-08-21T14:03:35+0200,5cef1f60-1e78-40ab-8a35-fe731affab16,2026-08-15T08:00:00Z,2026-08-15T10:00:00+0200,106.45,EUR/MWh,FR,FR,day_ahead_price,value,2026-08-21T12:09:10Z
2026-08-21T12:03:35Z,2026-08-21T14:03:35+0200,5cef1f60-1e78-40ab-8a35-fe731affab16,2026-08-15T08:15:00Z,2026-08-15T10:15:00+0200,74.56,EUR/MWh,FR,FR,day_ahead_price,value,2026-08-21T12:09:10Z
2026-08-21T12:03:35Z,2026-08-21T14:03:35+0200,5cef1f60-1e78-40ab-8a35-fe731affab16,2026-08-15T08:30:00Z,2026-08-15T10:30:00+0200,47.38,EUR/MWh,FR,FR,day_ahead_price,value,2026-08-21T12:09:10Z
2026-08-21T12:03:35Z,2026-08-21T14:03:35+0200,5cef1f60-1e78-40ab-8a35-fe731affab16,2026-08-15T08:45:00Z,2026-08-15T10:45:00+0200,32.29,EUR/MWh,FR,FR,day_ahead_price,value,2026-08-21T12:09:10Z
2026-08-21T12:03:35Z,2026-08-21T14:03:35+0200,5cef1f60-1e78-40ab-8a35-fe731affab16,2026-08-15T09:00:00Z,2026-08-15T11:00:00+0200,36.16,EUR/MWh,FR,FR,day_ahead_price,value,2026-08-21T12:09:10Z
2026-08-21T12:03:35Z,2026-08-21T14:03:35+0200,5cef1f60-1e78-40ab-8a35-fe731affab16,2026-08-15T09:15:00Z,2026-08-15T11:15:00+0200,27.67,EUR/MWh,FR,FR,day_ahead_price,value,2026-08-21T12:09:10Z
2026-08-21T12:03:35Z,2026-08-21T14:03:35+0200,5cef1f60-1e78-40ab-8a35-fe731affab16,2026-08-15T09:30:00Z,2026-08-15T11:30:00+0200,18.9,EUR/MWh,FR,FR,day_ahead_price,value,2026-08-21T12:09:10Z
2026-08-21T12:03:35Z,2026-08-21T14:03:35+0200,5cef1f60-1e78-40ab-8a35-fe731affab16,2026-08-15T09:45:00Z,2026-08-15T11:45:00+0200,25.81,EUR/MWh,FR,FR,day_ahead_price,value,2026-08-21T12:09:10Z
2026-08-21T12:03:35Z,2026-08-21T14:03:35+0200,5cef1f60-1e78-40ab-8a35-fe731affab16,2026-08-15T10:00:00Z,2026-08-15T12:00:00+0200,33.04,EUR/MWh,FR,FR,day_ahead_price,value,2026-08-21T12:09:10Z
2026-08-21T12:03:35Z,2026-08-21T14:03:35+0200,5cef1f60-1e78-40ab-8a35-fe731affab16,2026-08-15T10:15:00Z,2026-08-15T12:15:00+0200,21.64,EUR/MWh,FR,FR,day_ahead_price,value,2026-08-21T12:09:10Z
2026-08-21T12:03:35Z,2026-08-21T14:03:35+0200,5cef1f60-1e78-40ab-8a35-fe731affab16,2026-08-15T10:30:00Z,2026-08-15T12:30:00+0200,15.0,EUR/MWh,FR,FR,day_ahead_price,value,2026-08-21T12:09:10Z
2026-08-21T12:03:35Z,2026-08-21T14:03:35+0200,5cef1f60-1e78-40ab-8a35-fe731affab16,2026-08-15T10:45:00Z,2026-08-15T12:45:00+0200,10.03,EUR/MWh,FR,FR,day_ahead_price,value,2026-08-21T12:09:10Z
2026-08-21T12:03:35Z,2026-08-21T14:03:35+0200,5cef1f60-1e78-40ab-8a35-fe731affab16,2026-08-15T11:00:00Z,2026-08-15T13:00:00+0200,14.11,EUR/MWh,FR,FR,day_ahead_price,value,2026-08-21T12:09:10Z
2026-08-21T12:03:35Z,2026-08-21T14:03:35+0200,5cef1f60-1e78-40ab-8a35-fe731affab16,2026-08-15T11:15:00Z,2026-08-15T13:15:00+0200,11.59,EUR/MWh,FR,FR,day_ahead_price,value,2026-08-21T12:09:10Z
2026-08-21T12:03:35Z,2026-08-21T14:03:35+0200,5cef1f60-1e78-40ab-8a35-fe731affab16,2026-08-15T11:30:00Z,2026-08-15T13:30:00+0200,4.08,EUR/MWh,FR,FR,day_ahead_price,value,2026-08-21T12:09:10Z
2026-08-21T12:03:35Z,2026-08-21T14:03:35+0200,5cef1f60-1e78-40ab-8a35-fe731affab16,2026-08-15T11:45:00Z,2026-08-15T13:45:00+0200,3.62,EUR/MWh,FR,FR,day_ahead_price,value,2026-08-21T12:09:10Z
2026-08-21T12:03:35Z,2026-08-21T14:03:35+0200,5cef1f60-1e78-40ab-8a35-fe731affab16,2026-08-15T12:00:00Z,2026-08-15T14:00:00+0200,18.73,EUR/MWh,FR,FR,day_ahead_price,value,2026-08-21T12:09:10Z
2026-08-21T12:03:35Z,2026-08-21T14:03:35+0200,5cef1f60-1e78-40ab-8a35-fe731affab16,2026-08-15T12:15:00Z,2026-08-15T14:15:00+0200,4.9,EUR/MWh,FR,FR,day_ahead_price,value,2026-08-21T12:09:10Z
2026-08-21T12:03:35Z,2026-08-21T14:03:35+0200,5cef1f60-1e78-40ab-8a35-fe731affab16,2026-08-15T12:30:00Z,2026-08-15T14:30:00+0200,5.22,EUR/MWh,FR,FR,day_ahead_price,value,2026-08-21T12:09:10Z
2026-08-21T12:03:35Z,2026-08-21T14:03:35+0200,5cef1f60-1e78-40ab-8a35-fe731affab16,2026-08-15T12:45:00Z,2026-08-15T14:45:00+0200,7.96,EUR/MWh,FR,FR,day_ahead_price,value,2026-08-21T12:09:10Z
2026-08-21T12:03:35Z,2026-08-21T14:03:35+0200,5cef1f60-1e78-40ab-8a35-fe731affab16,2026-08-15T13:00:00Z,2026-08-15T15:00:00+0200,7.66,EUR/MWh,FR,FR,day_ahead_price,value,2026-08-21T12:09:10Z
2026-08-21T12:03:35Z,2026-08-21T14:03:35+0200,5cef1f60-1e78-40ab-8a35-fe731affab16,2026-08-15T13:15:00Z,2026-08-15T15:15:00+0200,9.97,EUR/MWh,FR,FR,day_ahead_price,value,2026-08-21T12:09:10Z
2026-08-21T12:03:35Z,2026-08-21T14:03:35+0200,5cef1f60-1e78-40ab-8a35-fe731affab16,2026-08-15T13:30:00Z,2026-08-15T15:30:00+0200,16.08,EUR/MWh,FR,FR,day_ahead_price,value,2026-08-21T12:09:10Z
2026-08-21T12:03:35Z,2026-08-21T14:03:35+0200,5cef1f60-1e78-40ab-8a35-fe731affab16,2026-08-15T13:45:00Z,2026-08-15T15:45:00+0200,26.68,EUR/MWh,FR,FR,day_ahead_price,value,2026-08-21T12:09:10Z
2026-08-21T12:03:35Z,2026-08-21T14:03:35+0200,5cef1f60-1e78-40ab-8a35-fe731affab16,2026-08-15T14:00:00Z,2026-08-15T16:00:00+0200,22.35,EUR/MWh,FR,FR,day_ahead_price,value,2026-08-21T12:09:10Z
2026-08-21T12:03:35Z,2026-08-21T14:03:35+0200,5cef1f60-1e78-40ab-8a35-fe731affab16,2026-08-15T14:15:00Z,2026-08-15T16:15:00+0200,40.78,EUR/MWh,FR,FR,day_ahead_price,value,2026-08-21T12:09:10Z
2026-08-21T12:03:35Z,2026-08-21T14:03:35+0200,5cef1f60-1e78-40ab-8a35-fe731affab16,2026-08-15T14:30:00Z,2026-08-15T16:30:00+0200,92.29,EUR/MWh,FR,FR,day_ahead_price,value,2026-08-21T12:09:10Z
2026-08-21T12:03:35Z,2026-08-21T14:03:35+0200,5cef1f60-1e78-40ab-8a35-fe731affab16,2026-08-15T14:45:00Z,2026-08-15T16:45:00+0200,118.93,EUR/MWh,FR,FR,day_ahead_price,value,2026-08-21T12:09:10Z
2026-08-21T12:03:35Z,2026-08-21T14:03:35+0200,5cef1f60-1e78-40ab-8a35-fe731affab16,2026-08-15T15:00:00Z,2026-08-15T17:00:00+0200,94.58,EUR/MWh,FR,FR,day_ahead_price,value,2026-08-21T12:09:10Z
2026-08-21T12:03:35Z,2026-08-21T14:03:35+0200,5cef1f60-1e78-40ab-8a35-fe731affab16,2026-08-15T15:15:00Z,2026-08-15T17:15:00+0200,113.44,EUR/MWh,FR,FR,day_ahead_price,value,2026-08-21T12:09:10Z
2026-08-21T12:03:35Z,2026-08-21T14:03:35+0200,5cef1f60-1e78-40ab-8a35-fe731affab16,2026-08-15T15:30:00Z,2026-08-15T17:30:00+0200,146.31,EUR/MWh,FR,FR,day_ahead_price,value,2026-08-21T12:09:10Z
2026-08-21T12:03:35Z,2026-08-21T14:03:35+0200,5cef1f60-1e78-40ab-8a35-fe731affab16,2026-08-15T15:45:00Z,2026-08-15T17:45:00+0200,168.0,EUR/MWh,FR,FR,day_ahead_price,value,2026-08-21T12:09:10Z
2026-08-21T12:03:35Z,2026-08-21T14:03:35+0200,5cef1f60-1e78-40ab-8a35-fe731affab16,2026-08-15T16:00:00Z,2026-08-15T18:00:00+0200,149.72,EUR/MWh,FR,FR,day_ahead_price,value,2026-08-21T12:09:10Z
2026-08-21T12:03:35Z,2026-08-21T14:03:35+0200,5cef1f60-1e78-40ab-8a35-fe731affab16,2026-08-15T16:15:00Z,2026-08-15T18:15:00+0200,160.58,EUR/MWh,FR,FR,day_ahead_price,value,2026-08-21T12:09:10Z
2026-08-21T12:03:35Z,2026-08-21T14:03:35+0200,5cef1f60-1e78-40ab-8a35-fe731affab16,2026-08-15T16:30:00Z,2026-08-15T18:30:00+0200,175.27,EUR/MWh,FR,FR,day_ahead_price,value,2026-08-21T12:09:10Z
2026-08-21T12:03:35Z,2026-08-21T14:03:35+0200,5cef1f60-1e78-40ab-8a35-fe731affab16,2026-08-15T16:45:00Z,2026-08-15T18:45:00+0200,174.72,EUR/MWh,FR,FR,day_ahead_price,value,2026-08-21T12:09:10Z
2026-08-21T12:03:35Z,2026-08-21T14:03:35+0200,5cef1f60-1e78-40ab-8a35-fe731affab16,2026-08-15T17:00:00Z,2026-08-15T19:00:00+0200,163.07,EUR/MWh,FR,FR,day_ahead_price,value,2026-08-21T12:09:10Z
2026-08-21T12:03:35Z,2026-08-21T14:03:35+0200,5cef1f60-1e78-40ab-8a35-fe731affab16,2026-08-15T17:15:00Z,2026-08-15T19:15:00+0200,172.04,EUR/MWh,FR,FR,day_ahead_price,value,2026-08-21T12:09:10Z
2026-08-21T12:03:35Z,2026-08-21T14:03:35+0200,5cef1f60-1e78-40ab-8a35-fe731affab16,2026-08-15T17:30:00Z,2026-08-15T19:30:00+0200,185.73,EUR/MWh,FR,FR,day_ahead_price,value,2026-08-21T12:09:10Z
2026-08-21T12:03:35Z,2026-08-21T14:03:35+0200,5cef1f60-1e78-40ab-8a35-fe731affab16,2026-08-15T17:45:00Z,2026-08-15T19:45:00+0200,199.1,EUR/MWh,FR,FR,day_ahead_price,value,2026-08-21T12:09:10Z
2026-08-21T12:03:35Z,2026-08-21T14:03:35+0200,5cef1f60-1e78-40ab-8a35-fe731affab16,2026-08-15T18:00:00Z,2026-08-15T20:00:00+0200,173.38,EUR/MWh,FR,FR,day_ahead_price,value,2026-08-21T12:09:10Z
2026-08-21T12:03:35Z,2026-08-21T14:03:35+0200,5cef1f60-1e78-40ab-8a35-fe731affab16,2026-08-15T18:15:00Z,2026-08-15T20:15:00+0200,182.92,EUR/MWh,FR,FR,day_ahead_price,value,2026-08-21T12:09:10Z
2026-08-21T12:03:35Z,2026-08-21T14:03:35+0200,5cef1f60-1e78-40ab-8a35-fe731affab16,2026-08-15T18:30:00Z,2026-08-15T20:30:00+0200,189.49,EUR/MWh,FR,FR,day_ahead_price,value,2026-08-21T12:09:10Z
2026-08-21T12:03:35Z,2026-08-21T14:03:35+0200,5cef1f60-1e78-40ab-8a35-fe731affab16,2026-08-15T18:45:00Z,2026-08-15T20:45:00+0200,194.17,EUR/MWh,FR,FR,day_ahead_price,value,2026-08-21T12:09:10Z
2026-08-21T12:03:35Z,2026-08-21T14:03:35+0200,5cef1f60-1e78-40ab-8a35-fe731affab16,2026-08-15T19:00:00Z,2026-08-15T21:00:00+0200,190.79,EUR/MWh,FR,FR,day_ahead_price,value,2026-08-21T12:09:10Z
2026-08-21T12:03:35Z,2026-08-21T14:03:35+0200,5cef1f60-1e78-40ab-8a35-fe731affab16,2026-08-15T19:15:00Z,2026-08-15T21:15:00+0200,186.25,EUR/MWh,FR,FR,day_ahead_price,value,2026-08-21T12:09:10Z
2026-08-21T12:03:35Z,2026-08-21T14:03:35+0200,5cef1f60-1e78-40ab-8a35-fe731affab16,2026-08-15T19:30:00Z,2026-08-15T21:30:00+0200,179.59,EUR/MWh,FR,FR,day_ahead_price,value,2026-08-21T12:09:10Z
2026-08-21T12:03:35Z,2026-08-21T14:03:35+0200,5cef1f60-1e78-40ab-8a35-fe731affab16,2026-08-15T19:45:00Z,2026-08-15T21:45:00+0200,176.74,EUR/MWh,FR,FR,day_ahead_price,value,2026-08-21T12:09:10Z
2026-08-21T12:03:35Z,2026-08-21T14:03:35+0200,5cef1f60-1e78-40ab-8a35-fe731affab16,2026-08-15T20:00:00Z,2026-08-15T22:00:00+0200,189.45,EUR/MWh,FR,FR,day_ahead_price,value,2026-08-21T12:09:10Z
2026-08-21T12:03:35Z,2026-08-21T14:03:35+0200,5cef1f60-1e78-40ab-8a35-fe731affab16,2026-08-15T20:15:00Z,2026-08-15T22:15:00+0200,179.87,EUR/MWh,FR,FR,day_ahead_price,value,2026-08-21T12:09:10Z
2026-08-21T12:03:35Z,2026-08-21T14:03:35+0200,5cef1f60-1e78-40ab-8a35-fe731affab16,2026-08-15T20:30:00Z,2026-08-15T22:30:00+0200,178.01,EUR/MWh,FR,FR,day_ahead_price,value,2026-08-21T12:09:10Z
2026-08-21T12:03:35Z,2026-08-21T14:03:35+0200,5cef1f60-1e78-40ab-8a35-fe731affab16,2026-08-15T20:45:00Z,2026-08-15T22:45:00+0200,171.04,EUR/MWh,FR,FR,day_ahead_price,value,2026-08-21T12:09:10Z
2026-08-21T12:03:35Z,2026-08-21T14:03:35+0200,5cef1f60-1e78-40ab-8a35-fe731affab16,2026-08-15T21:00:00Z,2026-08-15T23:00:00+0200,186.99,EUR/MWh,FR,FR,day_ahead_price,value,2026-08-21T12:09:10Z
2026-08-21T12:03:35Z,2026-08-21T14:03:35+0200,5cef1f60-1e78-40ab-8a35-fe731affab16,2026-08-15T21:15:00Z,2026-08-15T23:15:00+0200,170.41,EUR/MWh,FR,FR,day_ahead_price,value,2026-08-21T12:09:10Z
2026-08-21T12:03:35Z,2026-08-21T14:03:35+0200,5cef1f60-1e78-40ab-8a35-fe731affab16,2026-08-15T21:30:00Z,2026-08-15T23:30:00+0200,173.52,EUR/MWh,FR,FR,day_ahead_price,value,2026-08-21T12:09:10Z
2026-08-21T12:03:35Z,2026-08-21T14:03:35+0200,5cef1f60-1e78-40ab-8a35-fe731affab16,2026-08-15T21:45:00Z,2026-08-15T23:45:00+0200,165.04,EUR/MWh,FR,FR,day_ahead_price,value,2026-08-21T12:09:10Z
2026-08-21T12:03:35Z,2026-08-21T14:03:35+0200,5cef1f60-1e78-40ab-8a35-fe731affab16,2026-08-15T22:00:00Z,2026-08-16T00:00:00+0200,188.25,EUR/MWh,FR,FR,day_ahead_price,value,2026-08-21T12:09:10Z
2026-08-21T12:03:35Z,2026-08-21T14:03:35+0200,5cef1f60-1e78-40ab-8a35-fe731affab16,2026-08-15T22:15:00Z,2026-08-16T00:15:00+0200,175.26,EUR/MWh,FR,FR,day_ahead_price,value,2026-08-21T12:09:10Z
2026-08-21T12:03:35Z,2026-08-21T14:03:35+0200,5cef1f60-1e78-40ab-8a35-fe731affab16,2026-08-15T22:30:00Z,2026-08-16T00:30:00+0200,168.8,EUR/MWh,FR,FR,day_ahead_price,value,2026-08-21T12:09:10Z
2026-08-21T12:03:35Z,2026-08-21T14:03:35+0200,5cef1f60-1e78-40ab-8a35-fe731affab16,2026-08-15T22:45:00Z,2026-08-16T00:45:00+0200,164.94,EUR/MWh,FR,FR,day_ahead_price,value,2026-08-21T12:09:10Z
2026-08-21T12:03:35Z,2026-08-21T14:03:35+0200,5cef1f60-1e78-40ab-8a35-fe731affab16,2026-08-15T23:00:00Z,2026-08-16T01:00:00+0200,180.07,EUR/MWh,FR,FR,day_ahead_price,value,2026-08-21T12:09:10Z
2026-08-21T12:03:35Z,2026-08-21T14:03:35+0200,5cef1f60-1e78-40ab-8a35-fe731affab16,2026-08-15T23:15:00Z,2026-08-16T01:15:00+0200,172.2,EUR/MWh,FR,FR,day_ahead_price,value,2026-08-21T12:09:10Z
2026-08-21T12:03:35Z,2026-08-21T14:03:35+0200,5cef1f60-1e78-40ab-8a35-fe731affab16,2026-08-15T23:30:00Z,2026-08-16T01:30:00+0200,164.94,EUR/MWh,FR,FR,day_ahead_price,value,2026-08-21T12:09:10Z
2026-08-21T12:03:35Z,2026-08-21T14:03:35+0200,5cef1f60-1e78-40ab-8a35-fe731affab16,2026-08-15T23:45:00Z,2026-08-16T01:45:00+0200,157.14,EUR/MWh,FR,FR,day_ahead_price,value,2026-08-21T12:09:10Z
2026-08-21T12:03:35Z,2026-08-21T14:03:35+0200,5cef1f60-1e78-40ab-8a35-fe731affab16,2026-08-16T00:00:00Z,2026-08-16T02:00:00+0200,163.0,EUR/MWh,FR,FR,day_ahead_price,value,2026-08-21T12:09:10Z
2026-08-21T12:03:35Z,2026-08-21T14:03:35+0200,5cef1f60-1e78-40ab-8a35-fe731affab16,2026-08-16T00:15:00Z,2026-08-16T02:15:00+0200,172.43,EUR/MWh,FR,FR,day_ahead_price,value,2026-08-21T12:09:10Z
2026-08-21T12:03:35Z,2026-08-21T14:03:35+0200,5cef1f60-1e78-40ab-8a35-fe731affab16,2026-08-16T00:30:00Z,2026-08-16T02:30:00+0200,167.97,EUR/MWh,FR,FR,day_ahead_price,value,2026-08-21T12:09:10Z
2026-08-21T12:03:35Z,2026-08-21T14:03:35+0200,5cef1f60-1e78-40ab-8a35-fe731affab16,2026-08-16T00:45:00Z,2026-08-16T02:45:00+0200,157.92,EUR/MWh,FR,FR,day_ahead_price,value,2026-08-21T12:09:10Z
2026-08-21T12:03:35Z,2026-08-21T14:03:35+0200,5cef1f60-1e78-40ab-8a35-fe731affab16,2026-08-16T01:00:00Z,2026-08-16T03:00:00+0200,160.34,EUR/MWh,FR,FR,day_ahead_price,value,2026-08-21T12:09:10Z
2026-08-21T12:03:35Z,2026-08-21T14:03:35+0200,5cef1f60-1e78-40ab-8a35-fe731affab16,2026-08-16T01:15:00Z,2026-08-16T03:15:00+0200,157.45,EUR/MWh,FR,FR,day_ahead_price,value,2026-08-21T12:09:10Z
2026-08-21T12:03:35Z,2026-08-21T14:03:35+0200,5cef1f60-1e78-40ab-8a35-fe731affab16,2026-08-16T01:30:00Z,2026-08-16T03:30:00+0200,156.85,EUR/MWh,FR,FR,day_ahead_price,value,2026-08-21T12:09:10Z
2026-08-21T12:03:35Z,2026-08-21T14:03:35+0200,5cef1f60-1e78-40ab-8a35-fe731affab16,2026-08-16T01:45:00Z,2026-08-16T03:45:00+0200,155.5,EUR/MWh,FR,FR,day_ahead_price,value,2026-08-21T12:09:10Z
2026-08-21T12:03:35Z,2026-08-21T14:03:35+0200,5cef1f60-1e78-40ab-8a35-fe731affab16,2026-08-16T02:00:00Z,2026-08-16T04:00:00+0200,158.41,EUR/MWh,FR,FR,day_ahead_price,value,2026-08-21T12:09:10Z
2026-08-21T12:03:35Z,2026-08-21T14:03:35+0200,5cef1f60-1e78-40ab-8a35-fe731affab16,2026-08-16T02:15:00Z,2026-08-16T04:15:00+0200,155.77,EUR/MWh,FR,FR,day_ahead_price,value,2026-08-21T12:09:10Z
2026-08-21T12:03:35Z,2026-08-21T14:03:35+0200,5cef1f60-1e78-40ab-8a35-fe731affab16,2026-08-16T02:30:00Z,2026-08-16T04:30:00+0200,156.45,EUR/MWh,FR,FR,day_ahead_price,value,2026-08-21T12:09:10Z
2026-08-21T12:03:35Z,2026-08-21T14:03:35+0200,5cef1f60-1e78-40ab-8a35-fe731affab16,2026-08-16T02:45:00Z,2026-08-16T04:45:00+0200,156.97,EUR/MWh,FR,FR,day_ahead_price,value,2026-08-21T12:09:10Z
2026-08-21T12:03:35Z,2026-08-21T14:03:35+0200,5cef1f60-1e78-40ab-8a35-fe731affab16,2026-08-16T03:00:00Z,2026-08-16T05:00:00+0200,151.91,EUR/MWh,FR,FR,day_ahead_price,value,2026-08-21T12:09:10Z
2026-08-21T12:03:35Z,2026-08-21T14:03:35+0200,5cef1f60-1e78-40ab-8a35-fe731affab16,2026-08-16T03:15:00Z,2026-08-16T05:15:00+0200,154.76,EUR/MWh,FR,FR,day_ahead_price,value,2026-08-21T12:09:10Z
2026-08-21T12:03:35Z,2026-08-21T14:03:35+0200,5cef1f60-1e78-40ab-8a35-fe731affab16,2026-08-16T03:30:00Z,2026-08-16T05:30:00+0200,160.0,EUR/MWh,FR,FR,day_ahead_price,value,2026-08-21T12:09:10Z
2026-08-21T12:03:35Z,2026-08-21T14:03:35+0200,5cef1f60-1e78-40ab-8a35-fe731affab16,2026-08-16T03:45:00Z,2026-08-16T05:45:00+0200,161.11,EUR/MWh,FR,FR,day_ahead_price,value,2026-08-21T12:09:10Z
2026-08-21T12:03:35Z,2026-08-21T14:03:35+0200,5cef1f60-1e78-40ab-8a35-fe731affab16,2026-08-16T04:00:00Z,2026-08-16T06:00:00+0200,161.2,EUR/MWh,FR,FR,day_ahead_price,value,2026-08-21T12:09:10Z
2026-08-21T12:03:35Z,2026-08-21T14:03:35+0200,5cef1f60-1e78-40ab-8a35-fe731affab16,2026-08-16T04:15:00Z,2026-08-16T06:15:00+0200,160.0,EUR/MWh,FR,FR,day_ahead_price,value,2026-08-21T12:09:10Z
2026-08-21T12:03:35Z,2026-08-21T14:03:35+0200,5cef1f60-1e78-40ab-8a35-fe731affab16,2026-08-16T04:30:00Z,2026-08-16T06:30:00+0200,153.58,EUR/MWh,FR,FR,day_ahead_price,value,2026-08-21T12:09:10Z
2026-08-21T12:03:35Z,2026-08-21T14:03:35+0200,5cef1f60-1e78-40ab-8a35-fe731affab16,2026-08-16T04:45:00Z,2026-08-16T06:45:00+0200,151.62,EUR/MWh,FR,FR,day_ahead_price,value,2026-08-21T12:09:10Z
2026-08-21T12:03:35Z,2026-08-21T14:03:35+0200,5cef1f60-1e78-40ab-8a35-fe731affab16,2026-08-16T05:00:00Z,2026-08-16T07:00:00+0200,160.0,EUR/MWh,FR,FR,day_ahead_price,value,2026-08-21T12:09:10Z
2026-08-21T12:03:35Z,2026-08-21T14:03:35+0200,5cef1f60-1e78-40ab-8a35-fe731affab16,2026-08-16T05:15:00Z,2026-08-16T07:15:00+0200,154.6,EUR/MWh,FR,FR,day_ahead_price,value,2026-08-21T12:09:10Z
2026-08-21T12:03:35Z,2026-08-21T14:03:35+0200,5cef1f60-1e78-40ab-8a35-fe731affab16,2026-08-16T05:30:00Z,2026-08-16T07:30:00+0200,147.33,EUR/MWh,FR,FR,day_ahead_price,value,2026-08-21T12:09:10Z
2026-08-21T12:03:35Z,2026-08-21T14:03:35+0200,5cef1f60-1e78-40ab-8a35-fe731affab16,2026-08-16T05:45:00Z,2026-08-16T07:45:00+0200,139.55,EUR/MWh,FR,FR,day_ahead_price,value,2026-08-21T12:09:10Z
2026-08-21T12:03:35Z,2026-08-21T14:03:35+0200,5cef1f60-1e78-40ab-8a35-fe731affab16,2026-08-16T06:00:00Z,2026-08-16T08:00:00+0200,170.45,EUR/MWh,FR,FR,day_ahead_price,value,2026-08-21T12:09:10Z
2026-08-21T12:03:35Z,2026-08-21T14:03:35+0200,5cef1f60-1e78-40ab-8a35-fe731affab16,2026-08-16T06:15:00Z,2026-08-16T08:15:00+0200,154.5,EUR/MWh,FR,FR,day_ahead_price,value,2026-08-21T12:09:10Z
2026-08-21T12:03:35Z,2026-08-21T14:03:35+0200,5cef1f60-1e78-40ab-8a35-fe731affab16,2026-08-16T06:30:00Z,2026-08-16T08:30:00+0200,139.38,EUR/MWh,FR,FR,day_ahead_price,value,2026-08-21T12:09:10Z
2026-08-21T12:03:35Z,2026-08-21T14:03:35+0200,5cef1f60-1e78-40ab-8a35-fe731affab16,2026-08-16T06:45:00Z,2026-08-16T08:45:00+0200,121.38,EUR/MWh,FR,FR,day_ahead_price,value,2026-08-21T12:09:10Z
2026-08-21T12:03:35Z,2026-08-21T14:03:35+0200,5cef1f60-1e78-40ab-8a35-fe731affab16,2026-08-16T07:00:00Z,2026-08-16T09:00:00+0200,148.0,EUR/MWh,FR,FR,day_ahead_price,value,2026-08-21T12:09:10Z
2026-08-21T12:03:35Z,2026-08-21T14:03:35+0200,5cef1f60-1e78-40ab-8a35-fe731affab16,2026-08-16T07:15:00Z,2026-08-16T09:15:00+0200,126.04,EUR/MWh,FR,FR,day_ahead_price,value,2026-08-21T12:09:10Z
2026-08-21T12:03:35Z,2026-08-21T14:03:35+0200,5cef1f60-1e78-40ab-8a35-fe731affab16,2026-08-16T07:30:00Z,2026-08-16T09:30:00+0200,115.57,EUR/MWh,FR,FR,day_ahead_price,value,2026-08-21T12:09:10Z
2026-08-21T12:03:35Z,2026-08-21T14:03:35+0200,5cef1f60-1e78-40ab-8a35-fe731affab16,2026-08-16T07:45:00Z,2026-08-16T09:45:00+0200,110.88,EUR/MWh,FR,FR,day_ahead_price,value,2026-08-21T12:09:10Z
2026-08-21T12:03:35Z,2026-08-21T14:03:35+0200,5cef1f60-1e78-40ab-8a35-fe731affab16,2026-08-16T08:00:00Z,2026-08-16T10:00:00+0200,115.16,EUR/MWh,FR,FR,day_ahead_price,value,2026-08-21T12:09:10Z
2026-08-21T12:03:35Z,2026-08-21T14:03:35+0200,5cef1f60-1e78-40ab-8a35-fe731affab16,2026-08-16T08:15:00Z,2026-08-16T10:15:00+0200,107.57,EUR/MWh,FR,FR,day_ahead_price,value,2026-08-21T12:09:10Z
2026-08-21T12:03:35Z,2026-08-21T14:03:35+0200,5cef1f60-1e78-40ab-8a35-fe731affab16,2026-08-16T08:30:00Z,2026-08-16T10:30:00+0200,83.87,EUR/MWh,FR,FR,day_ahead_price,value,2026-08-21T12:09:10Z
2026-08-21T12:03:35Z,2026-08-21T14:03:35+0200,5cef1f60-1e78-40ab-8a35-fe731affab16,2026-08-16T08:45:00Z,2026-08-16T10:45:00+0200,81.0,EUR/MWh,FR,FR,day_ahead_price,value,2026-08-21T12:09:10Z
2026-08-21T12:03:35Z,2026-08-21T14:03:35+0200,5cef1f60-1e78-40ab-8a35-fe731affab16,2026-08-16T09:00:00Z,2026-08-16T11:00:00+0200,74.9,EUR/MWh,FR,FR,day_ahead_price,value,2026-08-21T12:09:10Z
2026-08-21T12:03:35Z,2026-08-21T14:03:35+0200,5cef1f60-1e78-40ab-8a35-fe731affab16,2026-08-16T09:15:00Z,2026-08-16T11:15:00+0200,58.79,EUR/MWh,FR,FR,day_ahead_price,value,2026-08-21T12:09:10Z
2026-08-21T12:03:35Z,2026-08-21T14:03:35+0200,5cef1f60-1e78-40ab-8a35-fe731affab16,2026-08-16T09:30:00Z,2026-08-16T11:30:00+0200,59.32,EUR/MWh,FR,FR,day_ahead_price,value,2026-08-21T12:09:10Z
2026-08-21T12:03:35Z,2026-08-21T14:03:35+0200,5cef1f60-1e78-40ab-8a35-fe731affab16,2026-08-16T09:45:00Z,2026-08-16T11:45:00+0200,51.91,EUR/MWh,FR,FR,day_ahead_price,value,2026-08-21T12:09:10Z
2026-08-21T12:03:35Z,2026-08-21T14:03:35+0200,5cef1f60-1e78-40ab-8a35-fe731affab16,2026-08-16T10:00:00Z,2026-08-16T12:00:00+0200,56.02,EUR/MWh,FR,FR,day_ahead_price,value,2026-08-21T12:09:10Z
2026-08-21T12:03:35Z,2026-08-21T14:03:35+0200,5cef1f60-1e78-40ab-8a35-fe731affab16,2026-08-16T10:15:00Z,2026-08-16T12:15:00+0200,55.22,EUR/MWh,FR,FR,day_ahead_price,value,2026-08-21T12:09:10Z
2026-08-21T12:03:35Z,2026-08-21T14:03:35+0200,5cef1f60-1e78-40ab-8a35-fe731affab16,2026-08-16T10:30:00Z,2026-08-16T12:30:00+0200,39.99,EUR/MWh,FR,FR,day_ahead_price,value,2026-08-21T12:09:10Z
2026-08-21T12:03:35Z,2026-08-21T14:03:35+0200,5cef1f60-1e78-40ab-8a35-fe731affab16,2026-08-16T10:45:00Z,2026-08-16T12:45:00+0200,22.89,EUR/MWh,FR,FR,day_ahead_price,value,2026-08-21T12:09:10Z
2026-08-21T12:03:35Z,2026-08-21T14:03:35+0200,5cef1f60-1e78-40ab-8a35-fe731affab16,2026-08-16T11:00:00Z,2026-08-16T13:00:00+0200,31.04,EUR/MWh,FR,FR,day_ahead_price,value,2026-08-21T12:09:10Z
2026-08-21T12:03:35Z,2026-08-21T14:03:35+0200,5cef1f60-1e78-40ab-8a35-fe731affab16,2026-08-16T11:15:00Z,2026-08-16T13:15:00+0200,23.05,EUR/MWh,FR,FR,day_ahead_price,value,2026-08-21T12:09:10Z
2026-08-21T12:03:35Z,2026-08-21T14:03:35+0200,5cef1f60-1e78-40ab-8a35-fe731affab16,2026-08-16T11:30:00Z,2026-08-16T13:30:00+0200,25.02,EUR/MWh,FR,FR,day_ahead_price,value,2026-08-21T12:09:10Z
2026-08-21T12:03:35Z,2026-08-21T14:03:35+0200,5cef1f60-1e78-40ab-8a35-fe731affab16,2026-08-16T11:45:00Z,2026-08-16T13:45:00+0200,30.24,EUR/MWh,FR,FR,day_ahead_price,value,2026-08-21T12:09:10Z
2026-08-21T12:03:35Z,2026-08-21T14:03:35+0200,5cef1f60-1e78-40ab-8a35-fe731affab16,2026-08-16T12:00:00Z,2026-08-16T14:00:00+0200,25.29,EUR/MWh,FR,FR,day_ahead_price,value,2026-08-21T12:09:10Z
2026-08-21T12:03:35Z,2026-08-21T14:03:35+0200,5cef1f60-1e78-40ab-8a35-fe731affab16,2026-08-16T12:15:00Z,2026-08-16T14:15:00+0200,29.99,EUR/MWh,FR,FR,day_ahead_price,value,2026-08-21T12:09:10Z
2026-08-21T12:03:35Z,2026-08-21T14:03:35+0200,5cef1f60-1e78-40ab-8a35-fe731affab16,2026-08-16T12:30:00Z,2026-08-16T14:30:00+0200,39.9,EUR/MWh,FR,FR,day_ahead_price,value,2026-08-21T12:09:10Z
2026-08-21T12:03:35Z,2026-08-21T14:03:35+0200,5cef1f60-1e78-40ab-8a35-fe731affab16,2026-08-16T12:45:00Z,2026-08-16T14:45:00+0200,51.05,EUR/MWh,FR,FR,day_ahead_price,value,2026-08-21T12:09:10Z
2026-08-21T12:03:35Z,2026-08-21T14:03:35+0200,5cef1f60-1e78-40ab-8a35-fe731affab16,2026-08-16T13:00:00Z,2026-08-16T15:00:00+0200,48.3,EUR/MWh,FR,FR,day_ahead_price,value,2026-08-21T12:09:10Z
2026-08-21T12:03:35Z,2026-08-21T14:03:35+0200,5cef1f60-1e78-40ab-8a35-fe731affab16,2026-08-16T13:15:00Z,2026-08-16T15:15:00+0200,63.63,EUR/MWh,FR,FR,day_ahead_price,value,2026-08-21T12:09:10Z
2026-08-21T12:03:35Z,2026-08-21T14:03:35+0200,5cef1f60-1e78-40ab-8a35-fe731affab16,2026-08-16T13:30:00Z,2026-08-16T15:30:00+0200,77.98,EUR/MWh,FR,FR,day_ahead_price,value,2026-08-21T12:09:10Z
2026-08-21T12:03:35Z,2026-08-21T14:03:35+0200,5cef1f60-1e78-40ab-8a35-fe731affab16,2026-08-16T13:45:00Z,2026-08-16T15:45:00+0200,80.9,EUR/MWh,FR,FR,day_ahead_price,value,2026-08-21T12:09:10Z
2026-08-21T12:03:35Z,2026-08-21T14:03:35+0200,5cef1f60-1e78-40ab-8a35-fe731affab16,2026-08-16T14:00:00Z,2026-08-16T16:00:00+0200,89.9,EUR/MWh,FR,FR,day_ahead_price,value,2026-08-21T12:09:10Z
2026-08-21T12:03:35Z,2026-08-21T14:03:35+0200,5cef1f60-1e78-40ab-8a35-fe731affab16,2026-08-16T14:15:00Z,2026-08-16T16:15:00+0200,110.4,EUR/MWh,FR,FR,day_ahead_price,value,2026-08-21T12:09:10Z
2026-08-21T12:03:35Z,2026-08-21T14:03:35+0200,5cef1f60-1e78-40ab-8a35-fe731affab16,2026-08-16T14:30:00Z,2026-08-16T16:30:00+0200,117.97,EUR/MWh,FR,FR,day_ahead_price,value,2026-08-21T12:09:10Z
2026-08-21T12:03:35Z,2026-08-21T14:03:35+0200,5cef1f60-1e78-40ab-8a35-fe731affab16,2026-08-16T14:45:00Z,2026-08-16T16:45:00+0200,146.27,EUR/MWh,FR,FR,day_ahead_price,value,2026-08-21T12:09:10Z
2026-08-21T12:03:35Z,2026-08-21T14:03:35+0200,5cef1f60-1e78-40ab-8a35-fe731affab16,2026-08-16T15:00:00Z,2026-08-16T17:00:00+0200,118.12,EUR/MWh,FR,FR,day_ahead_price,value,2026-08-21T12:09:10Z
2026-08-21T12:03:35Z,2026-08-21T14:03:35+0200,5cef1f60-1e78-40ab-8a35-fe731affab16,2026-08-16T15:15:00Z,2026-08-16T17:15:00+0200,133.05,EUR/MWh,FR,FR,day_ahead_price,value,2026-08-21T12:09:10Z
2026-08-21T12:03:35Z,2026-08-21T14:03:35+0200,5cef1f60-1e78-40ab-8a35-fe731affab16,2026-08-16T15:30:00Z,2026-08-16T17:30:00+0200,155.13,EUR/MWh,FR,FR,day_ahead_price,value,2026-08-21T12:09:10Z
2026-08-21T12:03:35Z,2026-08-21T14:03:35+0200,5cef1f60-1e78-40ab-8a35-fe731affab16,2026-08-16T15:45:00Z,2026-08-16T17:45:00+0200,175.0,EUR/MWh,FR,FR,day_ahead_price,value,2026-08-21T12:09:10Z
2026-08-21T12:03:35Z,2026-08-21T14:03:35+0200,5cef1f60-1e78-40ab-8a35-fe731affab16,2026-08-16T16:00:00Z,2026-08-16T18:00:00+0200,155.0,EUR/MWh,FR,FR,day_ahead_price,value,2026-08-21T12:09:10Z
2026-08-21T12:03:35Z,2026-08-21T14:03:35+0200,5cef1f60-1e78-40ab-8a35-fe731affab16,2026-08-16T16:15:00Z,2026-08-16T18:15:00+0200,162.4,EUR/MWh,FR,FR,day_ahead_price,value,2026-08-21T12:09:10Z
2026-08-21T12:03:35Z,2026-08-21T14:03:35+0200,5cef1f60-1e78-40ab-8a35-fe731affab16,2026-08-16T16:30:00Z,2026-08-16T18:30:00+0200,175.78,EUR/MWh,FR,FR,day_ahead_price,value,2026-08-21T12:09:10Z
2026-08-21T12:03:35Z,2026-08-21T14:03:35+0200,5cef1f60-1e78-40ab-8a35-fe731affab16,2026-08-16T16:45:00Z,2026-08-16T18:45:00+0200,186.3,EUR/MWh,FR,FR,day_ahead_price,value,2026-08-21T12:09:10Z
2026-08-21T12:03:35Z,2026-08-21T14:03:35+0200,5cef1f60-1e78-40ab-8a35-fe731affab16,2026-08-16T17:00:00Z,2026-08-16T19:00:00+0200,172.2,EUR/MWh,FR,FR,day_ahead_price,value,2026-08-21T12:09:10Z
2026-08-21T12:03:35Z,2026-08-21T14:03:35+0200,5cef1f60-1e78-40ab-8a35-fe731affab16,2026-08-16T17:15:00Z,2026-08-16T19:15:00+0200,181.6,EUR/MWh,FR,FR,day_ahead_price,value,2026-08-21T12:09:10Z
2026-08-21T12:03:35Z,2026-08-21T14:03:35+0200,5cef1f60-1e78-40ab-8a35-fe731affab16,2026-08-16T17:30:00Z,2026-08-16T19:30:00+0200,194.17,EUR/MWh,FR,FR,day_ahead_price,value,2026-08-21T12:09:10Z
2026-08-21T12:03:35Z,2026-08-21T14:03:35+0200,5cef1f60-1e78-40ab-8a35-fe731affab16,2026-08-16T17:45:00Z,2026-08-16T19:45:00+0200,203.91,EUR/MWh,FR,FR,day_ahead_price,value,2026-08-21T12:09:10Z
2026-08-21T12:03:35Z,2026-08-21T14:03:35+0200,5cef1f60-1e78-40ab-8a35-fe731affab16,2026-08-16T18:00:00Z,2026-08-16T20:00:00+0200,188.0,EUR/MWh,FR,FR,day_ahead_price,value,2026-08-21T12:09:10Z
2026-08-21T12:03:35Z,2026-08-21T14:03:35+0200,5cef1f60-1e78-40ab-8a35-fe731affab16,2026-08-16T18:15:00Z,2026-08-16T20:15:00+0200,197.99,EUR/MWh,FR,FR,day_ahead_price,value,2026-08-21T12:09:10Z
2026-08-21T12:03:35Z,2026-08-21T14:03:35+0200,5cef1f60-1e78-40ab-8a35-fe731affab16,2026-08-16T18:30:00Z,2026-08-16T20:30:00+0200,202.8,EUR/MWh,FR,FR,day_ahead_price,value,2026-08-21T12:09:10Z
2026-08-21T12:03:35Z,2026-08-21T14:03:35+0200,5cef1f60-1e78-40ab-8a35-fe731affab16,2026-08-16T18:45:00Z,2026-08-16T20:45:00+0200,211.28,EUR/MWh,FR,FR,day_ahead_price,value,2026-08-21T12:09:10Z
2026-08-21T12:03:35Z,2026-08-21T14:03:35+0200,5cef1f60-1e78-40ab-8a35-fe731affab16,2026-08-16T19:00:00Z,2026-08-16T21:00:00+0200,212.4,EUR/MWh,FR,FR,day_ahead_price,value,2026-08-21T12:09:10Z
2026-08-21T12:03:35Z,2026-08-21T14:03:35+0200,5cef1f60-1e78-40ab-8a35-fe731affab16,2026-08-16T19:15:00Z,2026-08-16T21:15:00+0200,208.21,EUR/MWh,FR,FR,day_ahead_price,value,2026-08-21T12:09:10Z
2026-08-21T12:03:35Z,2026-08-21T14:03:35+0200,5cef1f60-1e78-40ab-8a35-fe731affab16,2026-08-16T19:30:00Z,2026-08-16T21:30:00+0200,202.99,EUR/MWh,FR,FR,day_ahead_price,value,2026-08-21T12:09:10Z
2026-08-21T12:03:35Z,2026-08-21T14:03:35+0200,5cef1f60-1e78-40ab-8a35-fe731affab16,2026-08-16T19:45:00Z,2026-08-16T21:45:00+0200,199.1,EUR/MWh,FR,FR,day_ahead_price,value,2026-08-21T12:09:10Z
2026-08-21T12:03:35Z,2026-08-21T14:03:35+0200,5cef1f60-1e78-40ab-8a35-fe731affab16,2026-08-16T20:00:00Z,2026-08-16T22:00:00+0200,215.04,EUR/MWh,FR,FR,day_ahead_price,value,2026-08-21T12:09:10Z
2026-08-21T12:03:35Z,2026-08-21T14:03:35+0200,5cef1f60-1e78-40ab-8a35-fe731affab16,2026-08-16T20:15:00Z,2026-08-16T22:15:00+0200,210.95,EUR/MWh,FR,FR,day_ahead_price,value,2026-08-21T12:09:10Z
2026-08-21T12:03:35Z,2026-08-21T14:03:35+0200,5cef1f60-1e78-40ab-8a35-fe731affab16,2026-08-16T20:30:00Z,2026-08-16T22:30:00+0200,202.8,EUR/MWh,FR,FR,day_ahead_price,value,2026-08-21T12:09:10Z
2026-08-21T12:03:35Z,2026-08-21T14:03:35+0200,5cef1f60-1e78-40ab-8a35-fe731affab16,2026-08-16T20:45:00Z,2026-08-16T22:45:00+0200,197.35,EUR/MWh,FR,FR,day_ahead_price,value,2026-08-21T12:09:10Z
2026-08-21T12:03:35Z,2026-08-21T14:03:35+0200,5cef1f60-1e78-40ab-8a35-fe731affab16,2026-08-16T21:00:00Z,2026-08-16T23:00:00+0200,203.55,EUR/MWh,FR,FR,day_ahead_price,value,2026-08-21T12:09:10Z
2026-08-21T12:03:35Z,2026-08-21T14:03:35+0200,5cef1f60-1e78-40ab-8a35-fe731affab16,2026-08-16T21:15:00Z,2026-08-16T23:15:00+0200,194.0,EUR/MWh,FR,FR,day_ahead_price,value,2026-08-21T12:09:10Z
2026-08-21T12:03:35Z,2026-08-21T14:03:35+0200,5cef1f60-1e78-40ab-8a35-fe731affab16,2026-08-16T21:30:00Z,2026-08-16T23:30:00+0200,188.27,EUR/MWh,FR,FR,day_ahead_price,value,2026-08-21T12:09:10Z
2026-08-21T12:03:35Z,2026-08-21T14:03:35+0200,5cef1f60-1e78-40ab-8a35-fe731affab16,2026-08-16T21:45:00Z,2026-08-16T23:45:00+0200,184.77,EUR/MWh,FR,FR,day_ahead_price,value,2026-08-21T12:09:10Z
2026-08-21T12:03:35Z,2026-08-21T14:03:35+0200,5cef1f60-1e78-40ab-8a35-fe731affab16,2026-08-16T22:00:00Z,2026-08-17T00:00:00+0200,205.0,EUR/MWh,FR,FR,day_ahead_price,value,2026-08-21T12:09:10Z
2026-08-21T12:03:35Z,2026-08-21T14:03:35+0200,5cef1f60-1e78-40ab-8a35-fe731affab16,2026-08-16T22:15:00Z,2026-08-17T00:15:00+0200,196.0,EUR/MWh,FR,FR,day_ahead_price,value,2026-08-21T12:09:10Z
2026-08-21T12:03:35Z,2026-08-21T14:03:35+0200,5cef1f60-1e78-40ab-8a35-fe731affab16,2026-08-16T22:30:00Z,2026-08-17T00:30:00+0200,188.7,EUR/MWh,FR,FR,day_ahead_price,value,2026-08-21T12:09:10Z
2026-08-21T12:03:35Z,2026-08-21T14:03:35+0200,5cef1f60-1e78-40ab-8a35-fe731affab16,2026-08-16T22:45:00Z,2026-08-17T00:45:00+0200,178.81,EUR/MWh,FR,FR,day_ahead_price,value,2026-08-21T12:09:10Z
2026-08-21T12:03:35Z,2026-08-21T14:03:35+0200,5cef1f60-1e78-40ab-8a35-fe731affab16,2026-08-16T23:00:00Z,2026-08-17T01:00:00+0200,187.15,EUR/MWh,FR,FR,day_ahead_price,value,2026-08-21T12:09:10Z
2026-08-21T12:03:35Z,2026-08-21T14:03:35+0200,5cef1f60-1e78-40ab-8a35-fe731affab16,2026-08-16T23:15:00Z,2026-08-17T01:15:00+0200,181.54,EUR/MWh,FR,FR,day_ahead_price,value,2026-08-21T12:09:10Z
2026-08-21T12:03:35Z,2026-08-21T14:03:35+0200,5cef1f60-1e78-40ab-8a35-fe731affab16,2026-08-16T23:30:00Z,2026-08-17T01:30:00+0200,178.54,EUR/MWh,FR,FR,day_ahead_price,value,2026-08-21T12:09:10Z
2026-08-21T12:03:35Z,2026-08-21T14:03:35+0200,5cef1f60-1e78-40ab-8a35-fe731affab16,2026-08-16T23:45:00Z,2026-08-17T01:45:00+0200,168.01,EUR/MWh,FR,FR,day_ahead_price,value,2026-08-21T12:09:10Z
2026-08-21T12:03:35Z,2026-08-21T14:03:35+0200,5cef1f60-1e78-40ab-8a35-fe731affab16,2026-08-17T00:00:00Z,2026-08-17T02:00:00+0200,172.39,EUR/MWh,FR,FR,day_ahead_price,value,2026-08-21T12:09:10Z
2026-08-21T12:03:35Z,2026-08-21T14:03:35+0200,5cef1f60-1e78-40ab-8a35-fe731affab16,2026-08-17T00:15:00Z,2026-08-17T02:15:00+0200,164.41,EUR/MWh,FR,FR,day_ahead_price,value,2026-08-21T12:09:10Z
2026-08-21T12:03:35Z,2026-08-21T14:03:35+0200,5cef1f60-1e78-40ab-8a35-fe731affab16,2026-08-17T00:30:00Z,2026-08-17T02:30:00+0200,160.15,EUR/MWh,FR,FR,day_ahead_price,value,2026-08-21T12:09:10Z
2026-08-21T12:03:35Z,2026-08-21T14:03:35+0200,5cef1f60-1e78-40ab-8a35-fe731affab16,2026-08-17T00:45:00Z,2026-08-17T02:45:00+0200,158.65,EUR/MWh,FR,FR,day_ahead_price,value,2026-08-21T12:09:10Z
2026-08-21T12:03:35Z,2026-08-21T14:03:35+0200,5cef1f60-1e78-40ab-8a35-fe731affab16,2026-08-17T01:00:00Z,2026-08-17T03:00:00+0200,162.09,EUR/MWh,FR,FR,day_ahead_price,value,2026-08-21T12:09:10Z
2026-08-21T12:03:35Z,2026-08-21T14:03:35+0200,5cef1f60-1e78-40ab-8a35-fe731affab16,2026-08-17T01:15:00Z,2026-08-17T03:15:00+0200,160.72,EUR/MWh,FR,FR,day_ahead_price,value,2026-08-21T12:09:10Z
2026-08-21T12:03:35Z,2026-08-21T14:03:35+0200,5cef1f60-1e78-40ab-8a35-fe731affab16,2026-08-17T01:30:00Z,2026-08-17T03:30:00+0200,158.25,EUR/MWh,FR,FR,day_ahead_price,value,2026-08-21T12:09:10Z
2026-08-21T12:03:35Z,2026-08-21T14:03:35+0200,5cef1f60-1e78-40ab-8a35-fe731affab16,2026-08-17T01:45:00Z,2026-08-17T03:45:00+0200,160.06,EUR/MWh,FR,FR,day_ahead_price,value,2026-08-21T12:09:10Z
2026-08-21T12:03:35Z,2026-08-21T14:03:35+0200,5cef1f60-1e78-40ab-8a35-fe731affab16,2026-08-17T02:00:00Z,2026-08-17T04:00:00+0200,157.74,EUR/MWh,FR,FR,day_ahead_price,value,2026-08-21T12:09:10Z
2026-08-21T12:03:35Z,2026-08-21T14:03:35+0200,5cef1f60-1e78-40ab-8a35-fe731affab16,2026-08-17T02:15:00Z,2026-08-17T04:15:00+0200,155.25,EUR/MWh,FR,FR,day_ahead_price,value,2026-08-21T12:09:10Z
2026-08-21T12:03:35Z,2026-08-21T14:03:35+0200,5cef1f60-1e78-40ab-8a35-fe731affab16,2026-08-17T02:30:00Z,2026-08-17T04:30:00+0200,159.29,EUR/MWh,FR,FR,day_ahead_price,value,2026-08-21T12:09:10Z
2026-08-21T12:03:35Z,2026-08-21T14:03:35+0200,5cef1f60-1e78-40ab-8a35-fe731affab16,2026-08-17T02:45:00Z,2026-08-17T04:45:00+0200,164.0,EUR/MWh,FR,FR,day_ahead_price,value,2026-08-21T12:09:10Z
2026-08-21T12:03:35Z,2026-08-21T14:03:35+0200,5cef1f60-1e78-40ab-8a35-fe731affab16,2026-08-17T03:00:00Z,2026-08-17T05:00:00+0200,162.9,EUR/MWh,FR,FR,day_ahead_price,value,2026-08-21T12:09:10Z
2026-08-21T12:03:35Z,2026-08-21T14:03:35+0200,5cef1f60-1e78-40ab-8a35-fe731affab16,2026-08-17T03:15:00Z,2026-08-17T05:15:00+0200,169.13,EUR/MWh,FR,FR,day_ahead_price,value,2026-08-21T12:09:10Z
2026-08-21T12:03:35Z,2026-08-21T14:03:35+0200,5cef1f60-1e78-40ab-8a35-fe731affab16,2026-08-17T03:30:00Z,2026-08-17T05:30:00+0200,177.7,EUR/MWh,FR,FR,day_ahead_price,value,2026-08-21T12:09:10Z
2026-08-21T12:03:35Z,2026-08-21T14:03:35+0200,5cef1f60-1e78-40ab-8a35-fe731affab16,2026-08-17T03:45:00Z,2026-08-17T05:45:00+0200,190.14,EUR/MWh,FR,FR,day_ahead_price,value,2026-08-21T12:09:10Z
2026-08-21T12:03:35Z,2026-08-21T14:03:35+0200,5cef1f60-1e78-40ab-8a35-fe731affab16,2026-08-17T04:00:00Z,2026-08-17T06:00:00+0200,192.62,EUR/MWh,FR,FR,day_ahead_price,value,2026-08-21T12:09:10Z
2026-08-21T12:03:35Z,2026-08-21T14:03:35+0200,5cef1f60-1e78-40ab-8a35-fe731affab16,2026-08-17T04:15:00Z,2026-08-17T06:15:00+0200,197.5,EUR/MWh,FR,FR,day_ahead_price,value,2026-08-21T12:09:10Z
2026-08-21T12:03:35Z,2026-08-21T14:03:35+0200,5cef1f60-1e78-40ab-8a35-fe731affab16,2026-08-17T04:30:00Z,2026-08-17T06:30:00+0200,198.5,EUR/MWh,FR,FR,day_ahead_price,value,2026-08-21T12:09:10Z
2026-08-21T12:03:35Z,2026-08-21T14:03:35+0200,5cef1f60-1e78-40ab-8a35-fe731affab16,2026-08-17T04:45:00Z,2026-08-17T06:45:00+0200,200.98,EUR/MWh,FR,FR,day_ahead_price,value,2026-08-21T12:09:10Z
2026-08-21T12:03:35Z,2026-08-21T14:03:35+0200,5cef1f60-1e78-40ab-8a35-fe731affab16,2026-08-17T05:00:00Z,2026-08-17T07:00:00+0200,207.0,EUR/MWh,FR,FR,day_ahead_price,value,2026-08-21T12:09:10Z
2026-08-21T12:03:35Z,2026-08-21T14:03:35+0200,5cef1f60-1e78-40ab-8a35-fe731affab16,2026-08-17T05:15:00Z,2026-08-17T07:15:00+0200,208.9,EUR/MWh,FR,FR,day_ahead_price,value,2026-08-21T12:09:10Z
2026-08-21T12:03:35Z,2026-08-21T14:03:35+0200,5cef1f60-1e78-40ab-8a35-fe731affab16,2026-08-17T05:30:00Z,2026-08-17T07:30:00+0200,205.0,EUR/MWh,FR,FR,day_ahead_price,value,2026-08-21T12:09:10Z
2026-08-21T12:03:35Z,2026-08-21T14:03:35+0200,5cef1f60-1e78-40ab-8a35-fe731affab16,2026-08-17T05:45:00Z,2026-08-17T07:45:00+0200,199.7,EUR/MWh,FR,FR,day_ahead_price,value,2026-08-21T12:09:10Z
2026-08-21T12:03:35Z,2026-08-21T14:03:35+0200,5cef1f60-1e78-40ab-8a35-fe731affab16,2026-08-17T06:00:00Z,2026-08-17T08:00:00+0200,212.08,EUR/MWh,FR,FR,day_ahead_price,value,2026-08-21T12:09:10Z
2026-08-21T12:03:35Z,2026-08-21T14:03:35+0200,5cef1f60-1e78-40ab-8a35-fe731affab16,2026-08-17T06:15:00Z,2026-08-17T08:15:00+0200,208.46,EUR/MWh,FR,FR,day_ahead_price,value,2026-08-21T12:09:10Z
2026-08-21T12:03:35Z,2026-08-21T14:03:35+0200,5cef1f60-1e78-40ab-8a35-fe731affab16,2026-08-17T06:30:00Z,2026-08-17T08:30:00+0200,212.01,EUR/MWh,FR,FR,day_ahead_price,value,2026-08-21T12:09:10Z
2026-08-21T12:03:35Z,2026-08-21T14:03:35+0200,5cef1f60-1e78-40ab-8a35-fe731affab16,2026-08-17T06:45:00Z,2026-08-17T08:45:00+0200,197.5,EUR/MWh,FR,FR,day_ahead_price,value,2026-08-21T12:09:10Z
2026-08-21T12:03:35Z,2026-08-21T14:03:35+0200,5cef1f60-1e78-40ab-8a35-fe731affab16,2026-08-17T07:00:00Z,2026-08-17T09:00:00+0200,212.4,EUR/MWh,FR,FR,day_ahead_price,value,2026-08-21T12:09:10Z
2026-08-21T12:03:35Z,2026-08-21T14:03:35+0200,5cef1f60-1e78-40ab-8a35-fe731affab16,2026-08-17T07:15:00Z,2026-08-17T09:15:00+0200,203.82,EUR/MWh,FR,FR,day_ahead_price,value,2026-08-21T12:09:10Z
2026-08-21T12:03:35Z,2026-08-21T14:03:35+0200,5cef1f60-1e78-40ab-8a35-fe731affab16,2026-08-17T07:30:00Z,2026-08-17T09:30:00+0200,195.51,EUR/MWh,FR,FR,day_ahead_price,value,2026-08-21T12:09:10Z
2026-08-21T12:03:35Z,2026-08-21T14:03:35+0200,5cef1f60-1e78-40ab-8a35-fe731affab16,2026-08-17T07:45:00Z,2026-08-17T09:45:00+0200,181.95,EUR/MWh,FR,FR,day_ahead_price,value,2026-08-21T12:09:10Z
2026-08-21T12:03:35Z,2026-08-21T14:03:35+0200,5cef1f60-1e78-40ab-8a35-fe731affab16,2026-08-17T08:00:00Z,2026-08-17T10:00:00+0200,189.9,EUR/MWh,FR,FR,day_ahead_price,value,2026-08-21T12:09:10Z
2026-08-21T12:03:35Z,2026-08-21T14:03:35+0200,5cef1f60-1e78-40ab-8a35-fe731affab16,2026-08-17T08:15:00Z,2026-08-17T10:15:00+0200,179.76,EUR/MWh,FR,FR,day_ahead_price,value,2026-08-21T12:09:10Z
2026-08-21T12:03:35Z,2026-08-21T14:03:35+0200,5cef1f60-1e78-40ab-8a35-fe731affab16,2026-08-17T08:30:00Z,2026-08-17T10:30:00+0200,167.4,EUR/MWh,FR,FR,day_ahead_price,value,2026-08-21T12:09:10Z
2026-08-21T12:03:35Z,2026-08-21T14:03:35+0200,5cef1f60-1e78-40ab-8a35-fe731affab16,2026-08-17T08:45:00Z,2026-08-17T10:45:00+0200,160.55,EUR/MWh,FR,FR,day_ahead_price,value,2026-08-21T12:09:10Z
2026-08-21T12:03:35Z,2026-08-21T14:03:35+0200,5cef1f60-1e78-40ab-8a35-fe731affab16,2026-08-17T09:00:00Z,2026-08-17T11:00:00+0200,175.29,EUR/MWh,FR,FR,day_ahead_price,value,2026-08-21T12:09:10Z
2026-08-21T12:03:35Z,2026-08-21T14:03:35+0200,5cef1f60-1e78-40ab-8a35-fe731affab16,2026-08-17T09:15:00Z,2026-08-17T11:15:00+0200,171.52,EUR/MWh,FR,FR,day_ahead_price,value,2026-08-21T12:09:10Z
2026-08-21T12:03:35Z,2026-08-21T14:03:35+0200,5cef1f60-1e78-40ab-8a35-fe731affab16,2026-08-17T09:30:00Z,2026-08-17T11:30:00+0200,159.89,EUR/MWh,FR,FR,day_ahead_price,value,2026-08-21T12:09:10Z
2026-08-21T12:03:35Z,2026-08-21T14:03:35+0200,5cef1f60-1e78-40ab-8a35-fe731affab16,2026-08-17T09:45:00Z,2026-08-17T11:45:00+0200,156.5,EUR/MWh,FR,FR,day_ahead_price,value,2026-08-21T12:09:10Z
2026-08-21T12:03:35Z,2026-08-21T14:03:35+0200,5cef1f60-1e78-40ab-8a35-fe731affab16,2026-08-17T10:00:00Z,2026-08-17T12:00:00+0200,158.6,EUR/MWh,FR,FR,day_ahead_price,value,2026-08-21T12:09:10Z
2026-08-21T12:03:35Z,2026-08-21T14:03:35+0200,5cef1f60-1e78-40ab-8a35-fe731affab16,2026-08-17T10:15:00Z,2026-08-17T12:15:00+0200,156.0,EUR/MWh,FR,FR,day_ahead_price,value,2026-08-21T12:09:10Z
2026-08-21T12:03:35Z,2026-08-21T14:03:35+0200,5cef1f60-1e78-40ab-8a35-fe731affab16,2026-08-17T10:30:00Z,2026-08-17T12:30:00+0200,155.75,EUR/MWh,FR,FR,day_ahead_price,value,2026-08-21T12:09:10Z
2026-08-21T12:03:35Z,2026-08-21T14:03:35+0200,5cef1f60-1e78-40ab-8a35-fe731affab16,2026-08-17T10:45:00Z,2026-08-17T12:45:00+0200,146.29,EUR/MWh,FR,FR,day_ahead_price,value,2026-08-21T12:09:10Z
2026-08-21T12:03:35Z,2026-08-21T14:03:35+0200,5cef1f60-1e78-40ab-8a35-fe731affab16,2026-08-17T11:00:00Z,2026-08-17T13:00:00+0200,157.0,EUR/MWh,FR,FR,day_ahead_price,value,2026-08-21T12:09:10Z
2026-08-21T12:03:35Z,2026-08-21T14:03:35+0200,5cef1f60-1e78-40ab-8a35-fe731affab16,2026-08-17T11:15:00Z,2026-08-17T13:15:00+0200,158.08,EUR/MWh,FR,FR,day_ahead_price,value,2026-08-21T12:09:10Z
2026-08-21T12:03:35Z,2026-08-21T14:03:35+0200,5cef1f60-1e78-40ab-8a35-fe731affab16,2026-08-17T11:30:00Z,2026-08-17T13:30:00+0200,147.37,EUR/MWh,FR,FR,day_ahead_price,value,2026-08-21T12:09:10Z
2026-08-21T12:03:35Z,2026-08-21T14:03:35+0200,5cef1f60-1e78-40ab-8a35-fe731affab16,2026-08-17T11:45:00Z,2026-08-17T13:45:00+0200,136.81,EUR/MWh,FR,FR,day_ahead_price,value,2026-08-21T12:09:10Z
2026-08-21T12:03:35Z,2026-08-21T14:03:35+0200,5cef1f60-1e78-40ab-8a35-fe731affab16,2026-08-17T12:00:00Z,2026-08-17T14:00:00+0200,142.46,EUR/MWh,FR,FR,day_ahead_price,value,2026-08-21T12:09:10Z
2026-08-21T12:03:35Z,2026-08-21T14:03:35+0200,5cef1f60-1e78-40ab-8a35-fe731affab16,2026-08-17T12:15:00Z,2026-08-17T14:15:00+0200,136.86,EUR/MWh,FR,FR,day_ahead_price,value,2026-08-21T12:09:10Z
2026-08-21T12:03:35Z,2026-08-21T14:03:35+0200,5cef1f60-1e78-40ab-8a35-fe731affab16,2026-08-17T12:30:00Z,2026-08-17T14:30:00+0200,142.16,EUR/MWh,FR,FR,day_ahead_price,value,2026-08-21T12:09:10Z
2026-08-21T12:03:35Z,2026-08-21T14:03:35+0200,5cef1f60-1e78-40ab-8a35-fe731affab16,2026-08-17T12:45:00Z,2026-08-17T14:45:00+0200,143.65,EUR/MWh,FR,FR,day_ahead_price,value,2026-08-21T12:09:10Z
2026-08-21T12:03:35Z,2026-08-21T14:03:35+0200,5cef1f60-1e78-40ab-8a35-fe731affab16,2026-08-17T13:00:00Z,2026-08-17T15:00:00+0200,142.69,EUR/MWh,FR,FR,day_ahead_price,value,2026-08-21T12:09:10Z
2026-08-21T12:03:35Z,2026-08-21T14:03:35+0200,5cef1f60-1e78-40ab-8a35-fe731affab16,2026-08-17T13:15:00Z,2026-08-17T15:15:00+0200,140.17,EUR/MWh,FR,FR,day_ahead_price,value,2026-08-21T12:09:10Z
2026-08-21T12:03:35Z,2026-08-21T14:03:35+0200,5cef1f60-1e78-40ab-8a35-fe731affab16,2026-08-17T13:30:00Z,2026-08-17T15:30:00+0200,140.93,EUR/MWh,FR,FR,day_ahead_price,value,2026-08-21T12:09:10Z
2026-08-21T12:03:35Z,2026-08-21T14:03:35+0200,5cef1f60-1e78-40ab-8a35-fe731affab16,2026-08-17T13:45:00Z,2026-08-17T15:45:00+0200,144.32,EUR/MWh,FR,FR,day_ahead_price,value,2026-08-21T12:09:10Z
2026-08-21T12:03:35Z,2026-08-21T14:03:35+0200,5cef1f60-1e78-40ab-8a35-fe731affab16,2026-08-17T14:00:00Z,2026-08-17T16:00:00+0200,137.58,EUR/MWh,FR,FR,day_ahead_price,value,2026-08-21T12:09:10Z
2026-08-21T12:03:35Z,2026-08-21T14:03:35+0200,5cef1f60-1e78-40ab-8a35-fe731affab16,2026-08-17T14:15:00Z,2026-08-17T16:15:00+0200,142.04,EUR/MWh,FR,FR,day_ahead_price,value,2026-08-21T12:09:10Z
2026-08-21T12:03:35Z,2026-08-21T14:03:35+0200,5cef1f60-1e78-40ab-8a35-fe731affab16,2026-08-17T14:30:00Z,2026-08-17T16:30:00+0200,145.39,EUR/MWh,FR,FR,day_ahead_price,value,2026-08-21T12:09:10Z
2026-08-21T12:03:35Z,2026-08-21T14:03:35+0200,5cef1f60-1e78-40ab-8a35-fe731affab16,2026-08-17T14:45:00Z,2026-08-17T16:45:00+0200,148.36,EUR/MWh,FR,FR,day_ahead_price,value,2026-08-21T12:09:10Z
2026-08-21T12:03:35Z,2026-08-21T14:03:35+0200,5cef1f60-1e78-40ab-8a35-fe731affab16,2026-08-17T15:00:00Z,2026-08-17T17:00:00+0200,138.58,EUR/MWh,FR,FR,day_ahead_price,value,2026-08-21T12:09:10Z
2026-08-21T12:03:35Z,2026-08-21T14:03:35+0200,5cef1f60-1e78-40ab-8a35-fe731affab16,2026-08-17T15:15:00Z,2026-08-17T17:15:00+0200,152.48,EUR/MWh,FR,FR,day_ahead_price,value,2026-08-21T12:09:10Z
2026-08-21T12:03:35Z,2026-08-21T14:03:35+0200,5cef1f60-1e78-40ab-8a35-fe731affab16,2026-08-17T15:30:00Z,2026-08-17T17:30:00+0200,161.65,EUR/MWh,FR,FR,day_ahead_price,value,2026-08-21T12:09:10Z
2026-08-21T12:03:35Z,2026-08-21T14:03:35+0200,5cef1f60-1e78-40ab-8a35-fe731affab16,2026-08-17T15:45:00Z,2026-08-17T17:45:00+0200,176.92,EUR/MWh,FR,FR,day_ahead_price,value,2026-08-21T12:09:10Z
2026-08-21T12:03:35Z,2026-08-21T14:03:35+0200,5cef1f60-1e78-40ab-8a35-fe731affab16,2026-08-17T16:00:00Z,2026-08-17T18:00:00+0200,161.73,EUR/MWh,FR,FR,day_ahead_price,value,2026-08-21T12:09:10Z
2026-08-21T12:03:35Z,2026-08-21T14:03:35+0200,5cef1f60-1e78-40ab-8a35-fe731affab16,2026-08-17T16:15:00Z,2026-08-17T18:15:00+0200,176.66,EUR/MWh,FR,FR,day_ahead_price,value,2026-08-21T12:09:10Z
2026-08-21T12:03:35Z,2026-08-21T14:03:35+0200,5cef1f60-1e78-40ab-8a35-fe731affab16,2026-08-17T16:30:00Z,2026-08-17T18:30:00+0200,191.91,EUR/MWh,FR,FR,day_ahead_price,value,2026-08-21T12:09:10Z
2026-08-21T12:03:35Z,2026-08-21T14:03:35+0200,5cef1f60-1e78-40ab-8a35-fe731affab16,2026-08-17T16:45:00Z,2026-08-17T18:45:00+0200,200.52,EUR/MWh,FR,FR,day_ahead_price,value,2026-08-21T12:09:10Z
2026-08-21T12:03:35Z,2026-08-21T14:03:35+0200,5cef1f60-1e78-40ab-8a35-fe731affab16,2026-08-17T17:00:00Z,2026-08-17T19:00:00+0200,189.3,EUR/MWh,FR,FR,day_ahead_price,value,2026-08-21T12:09:10Z
2026-08-21T12:03:35Z,2026-08-21T14:03:35+0200,5cef1f60-1e78-40ab-8a35-fe731affab16,2026-08-17T17:15:00Z,2026-08-17T19:15:00+0200,203.27,EUR/MWh,FR,FR,day_ahead_price,value,2026-08-21T12:09:10Z
2026-08-21T12:03:35Z,2026-08-21T14:03:35+0200,5cef1f60-1e78-40ab-8a35-fe731affab16,2026-08-17T17:30:00Z,2026-08-17T19:30:00+0200,213.86,EUR/MWh,FR,FR,day_ahead_price,value,2026-08-21T12:09:10Z
2026-08-21T12:03:35Z,2026-08-21T14:03:35+0200,5cef1f60-1e78-40ab-8a35-fe731affab16,2026-08-17T17:45:00Z,2026-08-17T19:45:00+0200,219.33,EUR/MWh,FR,FR,day_ahead_price,value,2026-08-21T12:09:10Z
2026-08-21T12:03:35Z,2026-08-21T14:03:35+0200,5cef1f60-1e78-40ab-8a35-fe731affab16,2026-08-17T18:00:00Z,2026-08-17T20:00:00+0200,207.57,EUR/MWh,FR,FR,day_ahead_price,value,2026-08-21T12:09:10Z
2026-08-21T12:03:35Z,2026-08-21T14:03:35+0200,5cef1f60-1e78-40ab-8a35-fe731affab16,2026-08-17T18:15:00Z,2026-08-17T20:15:00+0200,213.86,EUR/MWh,FR,FR,day_ahead_price,value,2026-08-21T12:09:10Z
2026-08-21T12:03:35Z,2026-08-21T14:03:35+0200,5cef1f60-1e78-40ab-8a35-fe731affab16,2026-08-17T18:30:00Z,2026-08-17T20:30:00+0200,216.23,EUR/MWh,FR,FR,day_ahead_price,value,2026-08-21T12:09:10Z
2026-08-21T12:03:35Z,2026-08-21T14:03:35+0200,5cef1f60-1e78-40ab-8a35-fe731affab16,2026-08-17T18:45:00Z,2026-08-17T20:45:00+0200,217.46,EUR/MWh,FR,FR,day_ahead_price,value,2026-08-21T12:09:10Z
2026-08-21T12:03:35Z,2026-08-21T14:03:35+0200,5cef1f60-1e78-40ab-8a35-fe731affab16,2026-08-17T19:00:00Z,2026-08-17T21:00:00+0200,219.05,EUR/MWh,FR,FR,day_ahead_price,value,2026-08-21T12:09:10Z
2026-08-21T12:03:35Z,2026-08-21T14:03:35+0200,5cef1f60-1e78-40ab-8a35-fe731affab16,2026-08-17T19:15:00Z,2026-08-17T21:15:00+0200,213.86,EUR/MWh,FR,FR,day_ahead_price,value,2026-08-21T12:09:10Z
2026-08-21T12:03:35Z,2026-08-21T14:03:35+0200,5cef1f60-1e78-40ab-8a35-fe731affab16,2026-08-17T19:30:00Z,2026-08-17T21:30:00+0200,210.0,EUR/MWh,FR,FR,day_ahead_price,value,2026-08-21T12:09:10Z
2026-08-21T12:03:35Z,2026-08-21T14:03:35+0200,5cef1f60-1e78-40ab-8a35-fe731affab16,2026-08-17T19:45:00Z,2026-08-17T21:45:00+0200,197.1,EUR/MWh,FR,FR,day_ahead_price,value,2026-08-21T12:09:10Z
2026-08-21T12:03:35Z,2026-08-21T14:03:35+0200,5cef1f60-1e78-40ab-8a35-fe731affab16,2026-08-17T20:00:00Z,2026-08-17T22:00:00+0200,205.4,EUR/MWh,FR,FR,day_ahead_price,value,2026-08-21T12:09:10Z
2026-08-21T12:03:35Z,2026-08-21T14:03:35+0200,5cef1f60-1e78-40ab-8a35-fe731affab16,2026-08-17T20:15:00Z,2026-08-17T22:15:00+0200,199.19,EUR/MWh,FR,FR,day_ahead_price,value,2026-08-21T12:09:10Z
2026-08-21T12:03:35Z,2026-08-21T14:03:35+0200,5cef1f60-1e78-40ab-8a35-fe731affab16,2026-08-17T20:30:00Z,2026-08-17T22:30:00+0200,199.24,EUR/MWh,FR,FR,day_ahead_price,value,2026-08-21T12:09:10Z
2026-08-21T12:03:35Z,2026-08-21T14:03:35+0200,5cef1f60-1e78-40ab-8a35-fe731affab16,2026-08-17T20:45:00Z,2026-08-17T22:45:00+0200,186.99,EUR/MWh,FR,FR,day_ahead_price,value,2026-08-21T12:09:10Z
2026-08-21T12:03:35Z,2026-08-21T14:03:35+0200,5cef1f60-1e78-40ab-8a35-fe731affab16,2026-08-17T21:00:00Z,2026-08-17T23:00:00+0200,192.75,EUR/MWh,FR,FR,day_ahead_price,value,2026-08-21T12:09:10Z
2026-08-21T12:03:35Z,2026-08-21T14:03:35+0200,5cef1f60-1e78-40ab-8a35-fe731affab16,2026-08-17T21:15:00Z,2026-08-17T23:15:00+0200,184.4,EUR/MWh,FR,FR,day_ahead_price,value,2026-08-21T12:09:10Z
2026-08-21T12:03:35Z,2026-08-21T14:03:35+0200,5cef1f60-1e78-40ab-8a35-fe731affab16,2026-08-17T21:30:00Z,2026-08-17T23:30:00+0200,176.53,EUR/MWh,FR,FR,day_ahead_price,value,2026-08-21T12:09:10Z
2026-08-21T12:03:35Z,2026-08-21T14:03:35+0200,5cef1f60-1e78-40ab-8a35-fe731affab16,2026-08-17T21:45:00Z,2026-08-17T23:45:00+0200,166.0,EUR/MWh,FR,FR,day_ahead_price,value,2026-08-21T12:09:10Z
2026-08-21T12:03:35Z,2026-08-21T14:03:35+0200,5cef1f60-1e78-40ab-8a35-fe731affab16,2026-08-17T22:00:00Z,2026-08-18T00:00:00+0200,187.93,EUR/MWh,FR,FR,day_ahead_price,value,2026-08-21T12:09:10Z
2026-08-21T12:03:35Z,2026-08-21T14:03:35+0200,5cef1f60-1e78-40ab-8a35-fe731affab16,2026-08-17T22:15:00Z,2026-08-18T00:15:00+0200,179.97,EUR/MWh,FR,FR,day_ahead_price,value,2026-08-21T12:09:10Z
2026-08-21T12:03:35Z,2026-08-21T14:03:35+0200,5cef1f60-1e78-40ab-8a35-fe731affab16,2026-08-17T22:30:00Z,2026-08-18T00:30:00+0200,167.81,EUR/MWh,FR,FR,day_ahead_price,value,2026-08-21T12:09:10Z
2026-08-21T12:03:35Z,2026-08-21T14:03:35+0200,5cef1f60-1e78-40ab-8a35-fe731affab16,2026-08-17T22:45:00Z,2026-08-18T00:45:00+0200,158.56,EUR/MWh,FR,FR,day_ahead_price,value,2026-08-21T12:09:10Z
2026-08-21T12:03:35Z,2026-08-21T14:03:35+0200,5cef1f60-1e78-40ab-8a35-fe731affab16,2026-08-17T23:00:00Z,2026-08-18T01:00:00+0200,167.15,EUR/MWh,FR,FR,day_ahead_price,value,2026-08-21T12:09:10Z
2026-08-21T12:03:35Z,2026-08-21T14:03:35+0200,5cef1f60-1e78-40ab-8a35-fe731affab16,2026-08-17T23:15:00Z,2026-08-18T01:15:00+0200,161.93,EUR/MWh,FR,FR,day_ahead_price,value,2026-08-21T12:09:10Z
2026-08-21T12:03:35Z,2026-08-21T14:03:35+0200,5cef1f60-1e78-40ab-8a35-fe731affab16,2026-08-17T23:30:00Z,2026-08-18T01:30:00+0200,160.0,EUR/MWh,FR,FR,day_ahead_price,value,2026-08-21T12:09:10Z
2026-08-21T12:03:35Z,2026-08-21T14:03:35+0200,5cef1f60-1e78-40ab-8a35-fe731affab16,2026-08-17T23:45:00Z,2026-08-18T01:45:00+0200,150.07,EUR/MWh,FR,FR,day_ahead_price,value,2026-08-21T12:09:10Z
2026-08-21T12:03:35Z,2026-08-21T14:03:35+0200,5cef1f60-1e78-40ab-8a35-fe731affab16,2026-08-18T00:00:00Z,2026-08-18T02:00:00+0200,152.55,EUR/MWh,FR,FR,day_ahead_price,value,2026-08-21T12:09:10Z
2026-08-21T12:03:35Z,2026-08-21T14:03:35+0200,5cef1f60-1e78-40ab-8a35-fe731affab16,2026-08-18T00:15:00Z,2026-08-18T02:15:00+0200,150.08,EUR/MWh,FR,FR,day_ahead_price,value,2026-08-21T12:09:10Z
2026-08-21T12:03:35Z,2026-08-21T14:03:35+0200,5cef1f60-1e78-40ab-8a35-fe731affab16,2026-08-18T00:30:00Z,2026-08-18T02:30:00+0200,149.66,EUR/MWh,FR,FR,day_ahead_price,value,2026-08-21T12:09:10Z
2026-08-21T12:03:35Z,2026-08-21T14:03:35+0200,5cef1f60-1e78-40ab-8a35-fe731affab16,2026-08-18T00:45:00Z,2026-08-18T02:45:00+0200,150.93,EUR/MWh,FR,FR,day_ahead_price,value,2026-08-21T12:09:10Z
2026-08-21T12:03:35Z,2026-08-21T14:03:35+0200,5cef1f60-1e78-40ab-8a35-fe731affab16,2026-08-18T01:00:00Z,2026-08-18T03:00:00+0200,148.34,EUR/MWh,FR,FR,day_ahead_price,value,2026-08-21T12:09:10Z
2026-08-21T12:03:35Z,2026-08-21T14:03:35+0200,5cef1f60-1e78-40ab-8a35-fe731affab16,2026-08-18T01:15:00Z,2026-08-18T03:15:00+0200,146.98,EUR/MWh,FR,FR,day_ahead_price,value,2026-08-21T12:09:10Z
2026-08-21T12:03:35Z,2026-08-21T14:03:35+0200,5cef1f60-1e78-40ab-8a35-fe731affab16,2026-08-18T01:30:00Z,2026-08-18T03:30:00+0200,148.18,EUR/MWh,FR,FR,day_ahead_price,value,2026-08-21T12:09:10Z
2026-08-21T12:03:35Z,2026-08-21T14:03:35+0200,5cef1f60-1e78-40ab-8a35-fe731affab16,2026-08-18T01:45:00Z,2026-08-18T03:45:00+0200,150.07,EUR/MWh,FR,FR,day_ahead_price,value,2026-08-21T12:09:10Z
2026-08-21T12:03:35Z,2026-08-21T14:03:35+0200,5cef1f60-1e78-40ab-8a35-fe731affab16,2026-08-18T02:00:00Z,2026-08-18T04:00:00+0200,148.4,EUR/MWh,FR,FR,day_ahead_price,value,2026-08-21T12:09:10Z
2026-08-21T12:03:35Z,2026-08-21T14:03:35+0200,5cef1f60-1e78-40ab-8a35-fe731affab16,2026-08-18T02:15:00Z,2026-08-18T04:15:00+0200,147.05,EUR/MWh,FR,FR,day_ahead_price,value,2026-08-21T12:09:10Z
2026-08-21T12:03:35Z,2026-08-21T14:03:35+0200,5cef1f60-1e78-40ab-8a35-fe731affab16,2026-08-18T02:30:00Z,2026-08-18T04:30:00+0200,149.3,EUR/MWh,FR,FR,day_ahead_price,value,2026-08-21T12:09:10Z
2026-08-21T12:03:35Z,2026-08-21T14:03:35+0200,5cef1f60-1e78-40ab-8a35-fe731affab16,2026-08-18T02:45:00Z,2026-08-18T04:45:00+0200,152.13,EUR/MWh,FR,FR,day_ahead_price,value,2026-08-21T12:09:10Z
2026-08-21T12:03:35Z,2026-08-21T14:03:35+0200,5cef1f60-1e78-40ab-8a35-fe731affab16,2026-08-18T03:00:00Z,2026-08-18T05:00:00+0200,147.12,EUR/MWh,FR,FR,day_ahead_price,value,2026-08-21T12:09:10Z
2026-08-21T12:03:35Z,2026-08-21T14:03:35+0200,5cef1f60-1e78-40ab-8a35-fe731affab16,2026-08-18T03:15:00Z,2026-08-18T05:15:00+0200,155.99,EUR/MWh,FR,FR,day_ahead_price,value,2026-08-21T12:09:10Z
2026-08-21T12:03:35Z,2026-08-21T14:03:35+0200,5cef1f60-1e78-40ab-8a35-fe731affab16,2026-08-18T03:30:00Z,2026-08-18T05:30:00+0200,159.44,EUR/MWh,FR,FR,day_ahead_price,value,2026-08-21T12:09:10Z
2026-08-21T12:03:35Z,2026-08-21T14:03:35+0200,5cef1f60-1e78-40ab-8a35-fe731affab16,2026-08-18T03:45:00Z,2026-08-18T05:45:00+0200,173.57,EUR/MWh,FR,FR,day_ahead_price,value,2026-08-21T12:09:10Z
2026-08-21T12:03:35Z,2026-08-21T14:03:35+0200,5cef1f60-1e78-40ab-8a35-fe731affab16,2026-08-18T04:00:00Z,2026-08-18T06:00:00+0200,172.39,EUR/MWh,FR,FR,day_ahead_price,value,2026-08-21T12:09:10Z
2026-08-21T12:03:35Z,2026-08-21T14:03:35+0200,5cef1f60-1e78-40ab-8a35-fe731affab16,2026-08-18T04:15:00Z,2026-08-18T06:15:00+0200,183.28,EUR/MWh,FR,FR,day_ahead_price,value,2026-08-21T12:09:10Z
2026-08-21T12:03:35Z,2026-08-21T14:03:35+0200,5cef1f60-1e78-40ab-8a35-fe731affab16,2026-08-18T04:30:00Z,2026-08-18T06:30:00+0200,179.44,EUR/MWh,FR,FR,day_ahead_price,value,2026-08-21T12:09:10Z
2026-08-21T12:03:35Z,2026-08-21T14:03:35+0200,5cef1f60-1e78-40ab-8a35-fe731affab16,2026-08-18T04:45:00Z,2026-08-18T06:45:00+0200,185.58,EUR/MWh,FR,FR,day_ahead_price,value,2026-08-21T12:09:10Z
2026-08-21T12:03:35Z,2026-08-21T14:03:35+0200,5cef1f60-1e78-40ab-8a35-fe731affab16,2026-08-18T05:00:00Z,2026-08-18T07:00:00+0200,188.8,EUR/MWh,FR,FR,day_ahead_price,value,2026-08-21T12:09:10Z
2026-08-21T12:03:35Z,2026-08-21T14:03:35+0200,5cef1f60-1e78-40ab-8a35-fe731affab16,2026-08-18T05:15:00Z,2026-08-18T07:15:00+0200,190.32,EUR/MWh,FR,FR,day_ahead_price,value,2026-08-21T12:09:10Z
2026-08-21T12:03:35Z,2026-08-21T14:03:35+0200,5cef1f60-1e78-40ab-8a35-fe731affab16,2026-08-18T05:30:00Z,2026-08-18T07:30:00+0200,188.86,EUR/MWh,FR,FR,day_ahead_price,value,2026-08-21T12:09:10Z
2026-08-21T12:03:35Z,2026-08-21T14:03:35+0200,5cef1f60-1e78-40ab-8a35-fe731affab16,2026-08-18T05:45:00Z,2026-08-18T07:45:00+0200,187.39,EUR/MWh,FR,FR,day_ahead_price,value,2026-08-21T12:09:10Z
2026-08-21T12:03:35Z,2026-08-21T14:03:35+0200,5cef1f60-1e78-40ab-8a35-fe731affab16,2026-08-18T06:00:00Z,2026-08-18T08:00:00+0200,201.38,EUR/MWh,FR,FR,day_ahead_price,value,2026-08-21T12:09:10Z
2026-08-21T12:03:35Z,2026-08-21T14:03:35+0200,5cef1f60-1e78-40ab-8a35-fe731affab16,2026-08-18T06:15:00Z,2026-08-18T08:15:00+0200,196.16,EUR/MWh,FR,FR,day_ahead_price,value,2026-08-21T12:09:10Z
2026-08-21T12:03:35Z,2026-08-21T14:03:35+0200,5cef1f60-1e78-40ab-8a35-fe731affab16,2026-08-18T06:30:00Z,2026-08-18T08:30:00+0200,180.0,EUR/MWh,FR,FR,day_ahead_price,value,2026-08-21T12:09:10Z
2026-08-21T12:03:35Z,2026-08-21T14:03:35+0200,5cef1f60-1e78-40ab-8a35-fe731affab16,2026-08-18T06:45:00Z,2026-08-18T08:45:00+0200,163.34,EUR/MWh,FR,FR,day_ahead_price,value,2026-08-21T12:09:10Z
2026-08-21T12:03:35Z,2026-08-21T14:03:35+0200,5cef1f60-1e78-40ab-8a35-fe731affab16,2026-08-18T07:00:00Z,2026-08-18T09:00:00+0200,174.56,EUR/MWh,FR,FR,day_ahead_price,value,2026-08-21T12:09:10Z
2026-08-21T12:03:35Z,2026-08-21T14:03:35+0200,5cef1f60-1e78-40ab-8a35-fe731affab16,2026-08-18T07:15:00Z,2026-08-18T09:15:00+0200,167.97,EUR/MWh,FR,FR,day_ahead_price,value,2026-08-21T12:09:10Z
2026-08-21T12:03:35Z,2026-08-21T14:03:35+0200,5cef1f60-1e78-40ab-8a35-fe731affab16,2026-08-18T07:30:00Z,2026-08-18T09:30:00+0200,158.0,EUR/MWh,FR,FR,day_ahead_price,value,2026-08-21T12:09:10Z
2026-08-21T12:03:35Z,2026-08-21T14:03:35+0200,5cef1f60-1e78-40ab-8a35-fe731affab16,2026-08-18T07:45:00Z,2026-08-18T09:45:00+0200,148.18,EUR/MWh,FR,FR,day_ahead_price,value,2026-08-21T12:09:10Z
2026-08-21T12:03:35Z,2026-08-21T14:03:35+0200,5cef1f60-1e78-40ab-8a35-fe731affab16,2026-08-18T08:00:00Z,2026-08-18T10:00:00+0200,160.7,EUR/MWh,FR,FR,day_ahead_price,value,2026-08-21T12:09:10Z
2026-08-21T12:03:35Z,2026-08-21T14:03:35+0200,5cef1f60-1e78-40ab-8a35-fe731affab16,2026-08-18T08:15:00Z,2026-08-18T10:15:00+0200,155.33,EUR/MWh,FR,FR,day_ahead_price,value,2026-08-21T12:09:10Z
2026-08-21T12:03:35Z,2026-08-21T14:03:35+0200,5cef1f60-1e78-40ab-8a35-fe731affab16,2026-08-18T08:30:00Z,2026-08-18T10:30:00+0200,146.18,EUR/MWh,FR,FR,day_ahead_price,value,2026-08-21T12:09:10Z
2026-08-21T12:03:35Z,2026-08-21T14:03:35+0200,5cef1f60-1e78-40ab-8a35-fe731affab16,2026-08-18T08:45:00Z,2026-08-18T10:45:00+0200,137.79,EUR/MWh,FR,FR,day_ahead_price,value,2026-08-21T12:09:10Z
2026-08-21T12:03:35Z,2026-08-21T14:03:35+0200,5cef1f60-1e78-40ab-8a35-fe731affab16,2026-08-18T09:00:00Z,2026-08-18T11:00:00+0200,147.0,EUR/MWh,FR,FR,day_ahead_price,value,2026-08-21T12:09:10Z
2026-08-21T12:03:35Z,2026-08-21T14:03:35+0200,5cef1f60-1e78-40ab-8a35-fe731affab16,2026-08-18T09:15:00Z,2026-08-18T11:15:00+0200,142.41,EUR/MWh,FR,FR,day_ahead_price,value,2026-08-21T12:09:10Z
2026-08-21T12:03:35Z,2026-08-21T14:03:35+0200,5cef1f60-1e78-40ab-8a35-fe731affab16,2026-08-18T09:30:00Z,2026-08-18T11:30:00+0200,129.43,EUR/MWh,FR,FR,day_ahead_price,value,2026-08-21T12:09:10Z
2026-08-21T12:03:35Z,2026-08-21T14:03:35+0200,5cef1f60-1e78-40ab-8a35-fe731affab16,2026-08-18T09:45:00Z,2026-08-18T11:45:00+0200,116.56,EUR/MWh,FR,FR,day_ahead_price,value,2026-08-21T12:09:10Z
2026-08-21T12:03:35Z,2026-08-21T14:03:35+0200,5cef1f60-1e78-40ab-8a35-fe731affab16,2026-08-18T10:00:00Z,2026-08-18T12:00:00+0200,135.7,EUR/MWh,FR,FR,day_ahead_price,value,2026-08-21T12:09:10Z
2026-08-21T12:03:35Z,2026-08-21T14:03:35+0200,5cef1f60-1e78-40ab-8a35-fe731affab16,2026-08-18T10:15:00Z,2026-08-18T12:15:00+0200,136.75,EUR/MWh,FR,FR,day_ahead_price,value,2026-08-21T12:09:10Z
2026-08-21T12:03:35Z,2026-08-21T14:03:35+0200,5cef1f60-1e78-40ab-8a35-fe731affab16,2026-08-18T10:30:00Z,2026-08-18T12:30:00+0200,136.41,EUR/MWh,FR,FR,day_ahead_price,value,2026-08-21T12:09:10Z
2026-08-21T12:03:35Z,2026-08-21T14:03:35+0200,5cef1f60-1e78-40ab-8a35-fe731affab16,2026-08-18T10:45:00Z,2026-08-18T12:45:00+0200,135.85,EUR/MWh,FR,FR,day_ahead_price,value,2026-08-21T12:09:10Z
2026-08-21T12:03:35Z,2026-08-21T14:03:35+0200,5cef1f60-1e78-40ab-8a35-fe731affab16,2026-08-18T11:00:00Z,2026-08-18T13:00:00+0200,134.27,EUR/MWh,FR,FR,day_ahead_price,value,2026-08-21T12:09:10Z
2026-08-21T12:03:35Z,2026-08-21T14:03:35+0200,5cef1f60-1e78-40ab-8a35-fe731affab16,2026-08-18T11:15:00Z,2026-08-18T13:15:00+0200,133.6,EUR/MWh,FR,FR,day_ahead_price,value,2026-08-21T12:09:10Z
2026-08-21T12:03:35Z,2026-08-21T14:03:35+0200,5cef1f60-1e78-40ab-8a35-fe731affab16,2026-08-18T11:30:00Z,2026-08-18T13:30:00+0200,124.76,EUR/MWh,FR,FR,day_ahead_price,value,2026-08-21T12:09:10Z
2026-08-21T12:03:35Z,2026-08-21T14:03:35+0200,5cef1f60-1e78-40ab-8a35-fe731affab16,2026-08-18T11:45:00Z,2026-08-18T13:45:00+0200,129.65,EUR/MWh,FR,FR,day_ahead_price,value,2026-08-21T12:09:10Z
2026-08-21T12:03:35Z,2026-08-21T14:03:35+0200,5cef1f60-1e78-40ab-8a35-fe731affab16,2026-08-18T12:00:00Z,2026-08-18T14:00:00+0200,130.57,EUR/MWh,FR,FR,day_ahead_price,value,2026-08-21T12:09:10Z
2026-08-21T12:03:35Z,2026-08-21T14:03:35+0200,5cef1f60-1e78-40ab-8a35-fe731affab16,2026-08-18T12:15:00Z,2026-08-18T14:15:00+0200,130.9,EUR/MWh,FR,FR,day_ahead_price,value,2026-08-21T12:09:10Z
2026-08-21T12:03:35Z,2026-08-21T14:03:35+0200,5cef1f60-1e78-40ab-8a35-fe731affab16,2026-08-18T12:30:00Z,2026-08-18T14:30:00+0200,132.62,EUR/MWh,FR,FR,day_ahead_price,value,2026-08-21T12:09:10Z
2026-08-21T12:03:35Z,2026-08-21T14:03:35+0200,5cef1f60-1e78-40ab-8a35-fe731affab16,2026-08-18T12:45:00Z,2026-08-18T14:45:00+0200,131.17,EUR/MWh,FR,FR,day_ahead_price,value,2026-08-21T12:09:10Z
2026-08-21T12:03:35Z,2026-08-21T14:03:35+0200,5cef1f60-1e78-40ab-8a35-fe731affab16,2026-08-18T13:00:00Z,2026-08-18T15:00:00+0200,132.18,EUR/MWh,FR,FR,day_ahead_price,value,2026-08-21T12:09:10Z
2026-08-21T12:03:35Z,2026-08-21T14:03:35+0200,5cef1f60-1e78-40ab-8a35-fe731affab16,2026-08-18T13:15:00Z,2026-08-18T15:15:00+0200,130.54,EUR/MWh,FR,FR,day_ahead_price,value,2026-08-21T12:09:10Z
2026-08-21T12:03:35Z,2026-08-21T14:03:35+0200,5cef1f60-1e78-40ab-8a35-fe731affab16,2026-08-18T13:30:00Z,2026-08-18T15:30:00+0200,128.9,EUR/MWh,FR,FR,day_ahead_price,value,2026-08-21T12:09:10Z
2026-08-21T12:03:35Z,2026-08-21T14:03:35+0200,5cef1f60-1e78-40ab-8a35-fe731affab16,2026-08-18T13:45:00Z,2026-08-18T15:45:00+0200,128.7,EUR/MWh,FR,FR,day_ahead_price,value,2026-08-21T12:09:10Z
2026-08-21T12:03:35Z,2026-08-21T14:03:35+0200,5cef1f60-1e78-40ab-8a35-fe731affab16,2026-08-18T14:00:00Z,2026-08-18T16:00:00+0200,132.06,EUR/MWh,FR,FR,day_ahead_price,value,2026-08-21T12:09:10Z
2026-08-21T12:03:35Z,2026-08-21T14:03:35+0200,5cef1f60-1e78-40ab-8a35-fe731affab16,2026-08-18T14:15:00Z,2026-08-18T16:15:00+0200,113.15,EUR/MWh,FR,FR,day_ahead_price,value,2026-08-21T12:09:10Z
2026-08-21T12:03:35Z,2026-08-21T14:03:35+0200,5cef1f60-1e78-40ab-8a35-fe731affab16,2026-08-18T14:30:00Z,2026-08-18T16:30:00+0200,139.72,EUR/MWh,FR,FR,day_ahead_price,value,2026-08-21T12:09:10Z
2026-08-21T12:03:35Z,2026-08-21T14:03:35+0200,5cef1f60-1e78-40ab-8a35-fe731affab16,2026-08-18T14:45:00Z,2026-08-18T16:45:00+0200,149.3,EUR/MWh,FR,FR,day_ahead_price,value,2026-08-21T12:09:10Z
2026-08-21T12:03:35Z,2026-08-21T14:03:35+0200,5cef1f60-1e78-40ab-8a35-fe731affab16,2026-08-18T15:00:00Z,2026-08-18T17:00:00+0200,138.26,EUR/MWh,FR,FR,day_ahead_price,value,2026-08-21T12:09:10Z
2026-08-21T12:03:35Z,2026-08-21T14:03:35+0200,5cef1f60-1e78-40ab-8a35-fe731affab16,2026-08-18T15:15:00Z,2026-08-18T17:15:00+0200,148.17,EUR/MWh,FR,FR,day_ahead_price,value,2026-08-21T12:09:10Z
2026-08-21T12:03:35Z,2026-08-21T14:03:35+0200,5cef1f60-1e78-40ab-8a35-fe731affab16,2026-08-18T15:30:00Z,2026-08-18T17:30:00+0200,155.49,EUR/MWh,FR,FR,day_ahead_price,value,2026-08-21T12:09:10Z
2026-08-21T12:03:35Z,2026-08-21T14:03:35+0200,5cef1f60-1e78-40ab-8a35-fe731affab16,2026-08-18T15:45:00Z,2026-08-18T17:45:00+0200,154.78,EUR/MWh,FR,FR,day_ahead_price,value,2026-08-21T12:09:10Z
2026-08-21T12:03:35Z,2026-08-21T14:03:35+0200,5cef1f60-1e78-40ab-8a35-fe731affab16,2026-08-18T16:00:00Z,2026-08-18T18:00:00+0200,155.32,EUR/MWh,FR,FR,day_ahead_price,value,2026-08-21T12:09:10Z
2026-08-21T12:03:35Z,2026-08-21T14:03:35+0200,5cef1f60-1e78-40ab-8a35-fe731affab16,2026-08-18T16:15:00Z,2026-08-18T18:15:00+0200,167.8,EUR/MWh,FR,FR,day_ahead_price,value,2026-08-21T12:09:10Z
2026-08-21T12:03:35Z,2026-08-21T14:03:35+0200,5cef1f60-1e78-40ab-8a35-fe731affab16,2026-08-18T16:30:00Z,2026-08-18T18:30:00+0200,185.44,EUR/MWh,FR,FR,day_ahead_price,value,2026-08-21T12:09:10Z
2026-08-21T12:03:35Z,2026-08-21T14:03:35+0200,5cef1f60-1e78-40ab-8a35-fe731affab16,2026-08-18T16:45:00Z,2026-08-18T18:45:00+0200,188.33,EUR/MWh,FR,FR,day_ahead_price,value,2026-08-21T12:09:10Z
2026-08-21T12:03:35Z,2026-08-21T14:03:35+0200,5cef1f60-1e78-40ab-8a35-fe731affab16,2026-08-18T17:00:00Z,2026-08-18T19:00:00+0200,192.0,EUR/MWh,FR,FR,day_ahead_price,value,2026-08-21T12:09:10Z
2026-08-21T12:03:35Z,2026-08-21T14:03:35+0200,5cef1f60-1e78-40ab-8a35-fe731affab16,2026-08-18T17:15:00Z,2026-08-18T19:15:00+0200,192.34,EUR/MWh,FR,FR,day_ahead_price,value,2026-08-21T12:09:10Z
2026-08-21T12:03:35Z,2026-08-21T14:03:35+0200,5cef1f60-1e78-40ab-8a35-fe731affab16,2026-08-18T17:30:00Z,2026-08-18T19:30:00+0200,201.04,EUR/MWh,FR,FR,day_ahead_price,value,2026-08-21T12:09:10Z
2026-08-21T12:03:35Z,2026-08-21T14:03:35+0200,5cef1f60-1e78-40ab-8a35-fe731affab16,2026-08-18T17:45:00Z,2026-08-18T19:45:00+0200,205.47,EUR/MWh,FR,FR,day_ahead_price,value,2026-08-21T12:09:10Z
2026-08-21T12:03:35Z,2026-08-21T14:03:35+0200,5cef1f60-1e78-40ab-8a35-fe731affab16,2026-08-18T18:00:00Z,2026-08-18T20:00:00+0200,199.88,EUR/MWh,FR,FR,day_ahead_price,value,2026-08-21T12:09:10Z
2026-08-21T12:03:35Z,2026-08-21T14:03:35+0200,5cef1f60-1e78-40ab-8a35-fe731affab16,2026-08-18T18:15:00Z,2026-08-18T20:15:00+0200,202.96,EUR/MWh,FR,FR,day_ahead_price,value,2026-08-21T12:09:10Z
2026-08-21T12:03:35Z,2026-08-21T14:03:35+0200,5cef1f60-1e78-40ab-8a35-fe731affab16,2026-08-18T18:30:00Z,2026-08-18T20:30:00+0200,202.6,EUR/MWh,FR,FR,day_ahead_price,value,2026-08-21T12:09:10Z
2026-08-21T12:03:35Z,2026-08-21T14:03:35+0200,5cef1f60-1e78-40ab-8a35-fe731affab16,2026-08-18T18:45:00Z,2026-08-18T20:45:00+0200,199.93,EUR/MWh,FR,FR,day_ahead_price,value,2026-08-21T12:09:10Z
2026-08-21T12:03:35Z,2026-08-21T14:03:35+0200,5cef1f60-1e78-40ab-8a35-fe731affab16,2026-08-18T19:00:00Z,2026-08-18T21:00:00+0200,205.24,EUR/MWh,FR,FR,day_ahead_price,value,2026-08-21T12:09:10Z
2026-08-21T12:03:35Z,2026-08-21T14:03:35+0200,5cef1f60-1e78-40ab-8a35-fe731affab16,2026-08-18T19:15:00Z,2026-08-18T21:15:00+0200,208.92,EUR/MWh,FR,FR,day_ahead_price,value,2026-08-21T12:09:10Z
2026-08-21T12:03:35Z,2026-08-21T14:03:35+0200,5cef1f60-1e78-40ab-8a35-fe731affab16,2026-08-18T19:30:00Z,2026-08-18T21:30:00+0200,196.03,EUR/MWh,FR,FR,day_ahead_price,value,2026-08-21T12:09:10Z
2026-08-21T12:03:35Z,2026-08-21T14:03:35+0200,5cef1f60-1e78-40ab-8a35-fe731affab16,2026-08-18T19:45:00Z,2026-08-18T21:45:00+0200,187.02,EUR/MWh,FR,FR,day_ahead_price,value,2026-08-21T12:09:10Z
2026-08-21T12:03:35Z,2026-08-21T14:03:35+0200,5cef1f60-1e78-40ab-8a35-fe731affab16,2026-08-18T20:00:00Z,2026-08-18T22:00:00+0200,200.23,EUR/MWh,FR,FR,day_ahead_price,value,2026-08-21T12:09:10Z
2026-08-21T12:03:35Z,2026-08-21T14:03:35+0200,5cef1f60-1e78-40ab-8a35-fe731affab16,2026-08-18T20:15:00Z,2026-08-18T22:15:00+0200,195.0,EUR/MWh,FR,FR,day_ahead_price,value,2026-08-21T12:09:10Z
2026-08-21T12:03:35Z,2026-08-21T14:03:35+0200,5cef1f60-1e78-40ab-8a35-fe731affab16,2026-08-18T20:30:00Z,2026-08-18T22:30:00+0200,188.25,EUR/MWh,FR,FR,day_ahead_price,value,2026-08-21T12:09:10Z
2026-08-21T12:03:35Z,2026-08-21T14:03:35+0200,5cef1f60-1e78-40ab-8a35-fe731affab16,2026-08-18T20:45:00Z,2026-08-18T22:45:00+0200,182.06,EUR/MWh,FR,FR,day_ahead_price,value,2026-08-21T12:09:10Z
2026-08-21T12:03:35Z,2026-08-21T14:03:35+0200,5cef1f60-1e78-40ab-8a35-fe731affab16,2026-08-18T21:00:00Z,2026-08-18T23:00:00+0200,191.52,EUR/MWh,FR,FR,day_ahead_price,value,2026-08-21T12:09:10Z
2026-08-21T12:03:35Z,2026-08-21T14:03:35+0200,5cef1f60-1e78-40ab-8a35-fe731affab16,2026-08-18T21:15:00Z,2026-08-18T23:15:00+0200,177.9,EUR/MWh,FR,FR,day_ahead_price,value,2026-08-21T12:09:10Z
2026-08-21T12:03:35Z,2026-08-21T14:03:35+0200,5cef1f60-1e78-40ab-8a35-fe731affab16,2026-08-18T21:30:00Z,2026-08-18T23:30:00+0200,174.25,EUR/MWh,FR,FR,day_ahead_price,value,2026-08-21T12:09:10Z
2026-08-21T12:03:35Z,2026-08-21T14:03:35+0200,5cef1f60-1e78-40ab-8a35-fe731affab16,2026-08-18T21:45:00Z,2026-08-18T23:45:00+0200,164.9,EUR/MWh,FR,FR,day_ahead_price,value,2026-08-21T12:09:10Z
2026-08-21T12:03:35Z,2026-08-21T14:03:35+0200,5cef1f60-1e78-40ab-8a35-fe731affab16,2026-08-18T22:00:00Z,2026-08-19T00:00:00+0200,192.0,EUR/MWh,FR,FR,day_ahead_price,value,2026-08-21T12:09:10Z
2026-08-21T12:03:35Z,2026-08-21T14:03:35+0200,5cef1f60-1e78-40ab-8a35-fe731affab16,2026-08-18T22:15:00Z,2026-08-19T00:15:00+0200,179.12,EUR/MWh,FR,FR,day_ahead_price,value,2026-08-21T12:09:10Z
2026-08-21T12:03:35Z,2026-08-21T14:03:35+0200,5cef1f60-1e78-40ab-8a35-fe731affab16,2026-08-18T22:30:00Z,2026-08-19T00:30:00+0200,174.36,EUR/MWh,FR,FR,day_ahead_price,value,2026-08-21T12:09:10Z
2026-08-21T12:03:35Z,2026-08-21T14:03:35+0200,5cef1f60-1e78-40ab-8a35-fe731affab16,2026-08-18T22:45:00Z,2026-08-19T00:45:00+0200,160.92,EUR/MWh,FR,FR,day_ahead_price,value,2026-08-21T12:09:10Z
2026-08-21T12:03:35Z,2026-08-21T14:03:35+0200,5cef1f60-1e78-40ab-8a35-fe731affab16,2026-08-18T23:00:00Z,2026-08-19T01:00:00+0200,163.46,EUR/MWh,FR,FR,day_ahead_price,value,2026-08-21T12:09:10Z
2026-08-21T12:03:35Z,2026-08-21T14:03:35+0200,5cef1f60-1e78-40ab-8a35-fe731affab16,2026-08-18T23:15:00Z,2026-08-19T01:15:00+0200,157.81,EUR/MWh,FR,FR,day_ahead_price,value,2026-08-21T12:09:10Z
2026-08-21T12:03:35Z,2026-08-21T14:03:35+0200,5cef1f60-1e78-40ab-8a35-fe731affab16,2026-08-18T23:30:00Z,2026-08-19T01:30:00+0200,156.13,EUR/MWh,FR,FR,day_ahead_price,value,2026-08-21T12:09:10Z
2026-08-21T12:03:35Z,2026-08-21T14:03:35+0200,5cef1f60-1e78-40ab-8a35-fe731affab16,2026-08-18T23:45:00Z,2026-08-19T01:45:00+0200,153.0,EUR/MWh,FR,FR,day_ahead_price,value,2026-08-21T12:09:10Z
2026-08-21T12:03:35Z,2026-08-21T14:03:35+0200,5cef1f60-1e78-40ab-8a35-fe731affab16,2026-08-19T00:00:00Z,2026-08-19T02:00:00+0200,156.88,EUR/MWh,FR,FR,day_ahead_price,value,2026-08-21T12:09:10Z
2026-08-21T12:03:35Z,2026-08-21T14:03:35+0200,5cef1f60-1e78-40ab-8a35-fe731affab16,2026-08-19T00:15:00Z,2026-08-19T02:15:00+0200,151.89,EUR/MWh,FR,FR,day_ahead_price,value,2026-08-21T12:09:10Z
2026-08-21T12:03:35Z,2026-08-21T14:03:35+0200,5cef1f60-1e78-40ab-8a35-fe731affab16,2026-08-19T00:30:00Z,2026-08-19T02:30:00+0200,150.39,EUR/MWh,FR,FR,day_ahead_price,value,2026-08-21T12:09:10Z
2026-08-21T12:03:35Z,2026-08-21T14:03:35+0200,5cef1f60-1e78-40ab-8a35-fe731affab16,2026-08-19T00:45:00Z,2026-08-19T02:45:00+0200,146.49,EUR/MWh,FR,FR,day_ahead_price,value,2026-08-21T12:09:10Z
2026-08-21T12:03:35Z,2026-08-21T14:03:35+0200,5cef1f60-1e78-40ab-8a35-fe731affab16,2026-08-19T01:00:00Z,2026-08-19T03:00:00+0200,147.52,EUR/MWh,FR,FR,day_ahead_price,value,2026-08-21T12:09:10Z
2026-08-21T12:03:35Z,2026-08-21T14:03:35+0200,5cef1f60-1e78-40ab-8a35-fe731affab16,2026-08-19T01:15:00Z,2026-08-19T03:15:00+0200,147.94,EUR/MWh,FR,FR,day_ahead_price,value,2026-08-21T12:09:10Z
2026-08-21T12:03:35Z,2026-08-21T14:03:35+0200,5cef1f60-1e78-40ab-8a35-fe731affab16,2026-08-19T01:30:00Z,2026-08-19T03:30:00+0200,146.48,EUR/MWh,FR,FR,day_ahead_price,value,2026-08-21T12:09:10Z
2026-08-21T12:03:35Z,2026-08-21T14:03:35+0200,5cef1f60-1e78-40ab-8a35-fe731affab16,2026-08-19T01:45:00Z,2026-08-19T03:45:00+0200,147.26,EUR/MWh,FR,FR,day_ahead_price,value,2026-08-21T12:09:10Z
2026-08-21T12:03:35Z,2026-08-21T14:03:35+0200,5cef1f60-1e78-40ab-8a35-fe731affab16,2026-08-19T02:00:00Z,2026-08-19T04:00:00+0200,148.07,EUR/MWh,FR,FR,day_ahead_price,value,2026-08-21T12:09:10Z
2026-08-21T12:03:35Z,2026-08-21T14:03:35+0200,5cef1f60-1e78-40ab-8a35-fe731affab16,2026-08-19T02:15:00Z,2026-08-19T04:15:00+0200,148.82,EUR/MWh,FR,FR,day_ahead_price,value,2026-08-21T12:09:10Z
2026-08-21T12:03:35Z,2026-08-21T14:03:35+0200,5cef1f60-1e78-40ab-8a35-fe731affab16,2026-08-19T02:30:00Z,2026-08-19T04:30:00+0200,150.0,EUR/MWh,FR,FR,day_ahead_price,value,2026-08-21T12:09:10Z
2026-08-21T12:03:35Z,2026-08-21T14:03:35+0200,5cef1f60-1e78-40ab-8a35-fe731affab16,2026-08-19T02:45:00Z,2026-08-19T04:45:00+0200,149.09,EUR/MWh,FR,FR,day_ahead_price,value,2026-08-21T12:09:10Z
2026-08-21T12:03:35Z,2026-08-21T14:03:35+0200,5cef1f60-1e78-40ab-8a35-fe731affab16,2026-08-19T03:00:00Z,2026-08-19T05:00:00+0200,155.03,EUR/MWh,FR,FR,day_ahead_price,value,2026-08-21T12:09:10Z
2026-08-21T12:03:35Z,2026-08-21T14:03:35+0200,5cef1f60-1e78-40ab-8a35-fe731affab16,2026-08-19T03:15:00Z,2026-08-19T05:15:00+0200,155.39,EUR/MWh,FR,FR,day_ahead_price,value,2026-08-21T12:09:10Z
2026-08-21T12:03:35Z,2026-08-21T14:03:35+0200,5cef1f60-1e78-40ab-8a35-fe731affab16,2026-08-19T03:30:00Z,2026-08-19T05:30:00+0200,162.18,EUR/MWh,FR,FR,day_ahead_price,value,2026-08-21T12:09:10Z
2026-08-21T12:03:35Z,2026-08-21T14:03:35+0200,5cef1f60-1e78-40ab-8a35-fe731affab16,2026-08-19T03:45:00Z,2026-08-19T05:45:00+0200,175.0,EUR/MWh,FR,FR,day_ahead_price,value,2026-08-21T12:09:10Z
2026-08-21T12:03:35Z,2026-08-21T14:03:35+0200,5cef1f60-1e78-40ab-8a35-fe731affab16,2026-08-19T04:00:00Z,2026-08-19T06:00:00+0200,173.67,EUR/MWh,FR,FR,day_ahead_price,value,2026-08-21T12:09:10Z
2026-08-21T12:03:35Z,2026-08-21T14:03:35+0200,5cef1f60-1e78-40ab-8a35-fe731affab16,2026-08-19T04:15:00Z,2026-08-19T06:15:00+0200,184.76,EUR/MWh,FR,FR,day_ahead_price,value,2026-08-21T12:09:10Z
2026-08-21T12:03:35Z,2026-08-21T14:03:35+0200,5cef1f60-1e78-40ab-8a35-fe731affab16,2026-08-19T04:30:00Z,2026-08-19T06:30:00+0200,188.92,EUR/MWh,FR,FR,day_ahead_price,value,2026-08-21T12:09:10Z
2026-08-21T12:03:35Z,2026-08-21T14:03:35+0200,5cef1f60-1e78-40ab-8a35-fe731affab16,2026-08-19T04:45:00Z,2026-08-19T06:45:00+0200,192.23,EUR/MWh,FR,FR,day_ahead_price,value,2026-08-21T12:09:10Z
2026-08-21T12:03:35Z,2026-08-21T14:03:35+0200,5cef1f60-1e78-40ab-8a35-fe731affab16,2026-08-19T05:00:00Z,2026-08-19T07:00:00+0200,197.0,EUR/MWh,FR,FR,day_ahead_price,value,2026-08-21T12:09:10Z
2026-08-21T12:03:35Z,2026-08-21T14:03:35+0200,5cef1f60-1e78-40ab-8a35-fe731affab16,2026-08-19T05:15:00Z,2026-08-19T07:15:00+0200,192.85,EUR/MWh,FR,FR,day_ahead_price,value,2026-08-21T12:09:10Z
2026-08-21T12:03:35Z,2026-08-21T14:03:35+0200,5cef1f60-1e78-40ab-8a35-fe731affab16,2026-08-19T05:30:00Z,2026-08-19T07:30:00+0200,191.72,EUR/MWh,FR,FR,day_ahead_price,value,2026-08-21T12:09:10Z
2026-08-21T12:03:35Z,2026-08-21T14:03:35+0200,5cef1f60-1e78-40ab-8a35-fe731affab16,2026-08-19T05:45:00Z,2026-08-19T07:45:00+0200,188.95,EUR/MWh,FR,FR,day_ahead_price,value,2026-08-21T12:09:10Z
2026-08-21T12:03:35Z,2026-08-21T14:03:35+0200,5cef1f60-1e78-40ab-8a35-fe731affab16,2026-08-19T06:00:00Z,2026-08-19T08:00:00+0200,202.0,EUR/MWh,FR,FR,day_ahead_price,value,2026-08-21T12:09:10Z
2026-08-21T12:03:35Z,2026-08-21T14:03:35+0200,5cef1f60-1e78-40ab-8a35-fe731affab16,2026-08-19T06:15:00Z,2026-08-19T08:15:00+0200,194.13,EUR/MWh,FR,FR,day_ahead_price,value,2026-08-21T12:09:10Z
2026-08-21T12:03:35Z,2026-08-21T14:03:35+0200,5cef1f60-1e78-40ab-8a35-fe731affab16,2026-08-19T06:30:00Z,2026-08-19T08:30:00+0200,186.99,EUR/MWh,FR,FR,day_ahead_price,value,2026-08-21T12:09:10Z
2026-08-21T12:03:35Z,2026-08-21T14:03:35+0200,5cef1f60-1e78-40ab-8a35-fe731affab16,2026-08-19T06:45:00Z,2026-08-19T08:45:00+0200,180.34,EUR/MWh,FR,FR,day_ahead_price,value,2026-08-21T12:09:10Z
2026-08-21T12:03:35Z,2026-08-21T14:03:35+0200,5cef1f60-1e78-40ab-8a35-fe731affab16,2026-08-19T07:00:00Z,2026-08-19T09:00:00+0200,200.0,EUR/MWh,FR,FR,day_ahead_price,value,2026-08-21T12:09:10Z
2026-08-21T12:03:35Z,2026-08-21T14:03:35+0200,5cef1f60-1e78-40ab-8a35-fe731affab16,2026-08-19T07:15:00Z,2026-08-19T09:15:00+0200,179.92,EUR/MWh,FR,FR,day_ahead_price,value,2026-08-21T12:09:10Z
2026-08-21T12:03:35Z,2026-08-21T14:03:35+0200,5cef1f60-1e78-40ab-8a35-fe731affab16,2026-08-19T07:30:00Z,2026-08-19T09:30:00+0200,155.0,EUR/MWh,FR,FR,day_ahead_price,value,2026-08-21T12:09:10Z
2026-08-21T12:03:35Z,2026-08-21T14:03:35+0200,5cef1f60-1e78-40ab-8a35-fe731affab16,2026-08-19T07:45:00Z,2026-08-19T09:45:00+0200,143.78,EUR/MWh,FR,FR,day_ahead_price,value,2026-08-21T12:09:10Z
2026-08-21T12:03:35Z,2026-08-21T14:03:35+0200,5cef1f60-1e78-40ab-8a35-fe731affab16,2026-08-19T08:00:00Z,2026-08-19T10:00:00+0200,163.0,EUR/MWh,FR,FR,day_ahead_price,value,2026-08-21T12:09:10Z
2026-08-21T12:03:35Z,2026-08-21T14:03:35+0200,5cef1f60-1e78-40ab-8a35-fe731affab16,2026-08-19T08:15:00Z,2026-08-19T10:15:00+0200,154.9,EUR/MWh,FR,FR,day_ahead_price,value,2026-08-21T12:09:10Z
2026-08-21T12:03:35Z,2026-08-21T14:03:35+0200,5cef1f60-1e78-40ab-8a35-fe731affab16,2026-08-19T08:30:00Z,2026-08-19T10:30:00+0200,146.43,EUR/MWh,FR,FR,day_ahead_price,value,2026-08-21T12:09:10Z
2026-08-21T12:03:35Z,2026-08-21T14:03:35+0200,5cef1f60-1e78-40ab-8a35-fe731affab16,2026-08-19T08:45:00Z,2026-08-19T10:45:00+0200,141.31,EUR/MWh,FR,FR,day_ahead_price,value,2026-08-21T12:09:10Z
2026-08-21T12:03:35Z,2026-08-21T14:03:35+0200,5cef1f60-1e78-40ab-8a35-fe731affab16,2026-08-19T09:00:00Z,2026-08-19T11:00:00+0200,145.69,EUR/MWh,FR,FR,day_ahead_price,value,2026-08-21T12:09:10Z
2026-08-21T12:03:35Z,2026-08-21T14:03:35+0200,5cef1f60-1e78-40ab-8a35-fe731affab16,2026-08-19T09:15:00Z,2026-08-19T11:15:00+0200,146.02,EUR/MWh,FR,FR,day_ahead_price,value,2026-08-21T12:09:10Z
2026-08-21T12:03:35Z,2026-08-21T14:03:35+0200,5cef1f60-1e78-40ab-8a35-fe731affab16,2026-08-19T09:30:00Z,2026-08-19T11:30:00+0200,142.13,EUR/MWh,FR,FR,day_ahead_price,value,2026-08-21T12:09:10Z
2026-08-21T12:03:35Z,2026-08-21T14:03:35+0200,5cef1f60-1e78-40ab-8a35-fe731affab16,2026-08-19T09:45:00Z,2026-08-19T11:45:00+0200,138.0,EUR/MWh,FR,FR,day_ahead_price,value,2026-08-21T12:09:10Z
2026-08-21T12:03:35Z,2026-08-21T14:03:35+0200,5cef1f60-1e78-40ab-8a35-fe731affab16,2026-08-19T10:00:00Z,2026-08-19T12:00:00+0200,143.44,EUR/MWh,FR,FR,day_ahead_price,value,2026-08-21T12:09:10Z
2026-08-21T12:03:35Z,2026-08-21T14:03:35+0200,5cef1f60-1e78-40ab-8a35-fe731affab16,2026-08-19T10:15:00Z,2026-08-19T12:15:00+0200,135.42,EUR/MWh,FR,FR,day_ahead_price,value,2026-08-21T12:09:10Z
2026-08-21T12:03:35Z,2026-08-21T14:03:35+0200,5cef1f60-1e78-40ab-8a35-fe731affab16,2026-08-19T10:30:00Z,2026-08-19T12:30:00+0200,134.6,EUR/MWh,FR,FR,day_ahead_price,value,2026-08-21T12:09:10Z
2026-08-21T12:03:35Z,2026-08-21T14:03:35+0200,5cef1f60-1e78-40ab-8a35-fe731affab16,2026-08-19T10:45:00Z,2026-08-19T12:45:00+0200,130.87,EUR/MWh,FR,FR,day_ahead_price,value,2026-08-21T12:09:10Z
2026-08-21T12:03:35Z,2026-08-21T14:03:35+0200,5cef1f60-1e78-40ab-8a35-fe731affab16,2026-08-19T11:00:00Z,2026-08-19T13:00:00+0200,133.2,EUR/MWh,FR,FR,day_ahead_price,value,2026-08-21T12:09:10Z
2026-08-21T12:03:35Z,2026-08-21T14:03:35+0200,5cef1f60-1e78-40ab-8a35-fe731affab16,2026-08-19T11:15:00Z,2026-08-19T13:15:00+0200,128.04,EUR/MWh,FR,FR,day_ahead_price,value,2026-08-21T12:09:10Z
2026-08-21T12:03:35Z,2026-08-21T14:03:35+0200,5cef1f60-1e78-40ab-8a35-fe731affab16,2026-08-19T11:30:00Z,2026-08-19T13:30:00+0200,112.83,EUR/MWh,FR,FR,day_ahead_price,value,2026-08-21T12:09:10Z
2026-08-21T12:03:35Z,2026-08-21T14:03:35+0200,5cef1f60-1e78-40ab-8a35-fe731affab16,2026-08-19T11:45:00Z,2026-08-19T13:45:00+0200,121.14,EUR/MWh,FR,FR,day_ahead_price,value,2026-08-21T12:09:10Z
2026-08-21T12:03:35Z,2026-08-21T14:03:35+0200,5cef1f60-1e78-40ab-8a35-fe731affab16,2026-08-19T12:00:00Z,2026-08-19T14:00:00+0200,126.14,EUR/MWh,FR,FR,day_ahead_price,value,2026-08-21T12:09:10Z
2026-08-21T12:03:35Z,2026-08-21T14:03:35+0200,5cef1f60-1e78-40ab-8a35-fe731affab16,2026-08-19T12:15:00Z,2026-08-19T14:15:00+0200,127.99,EUR/MWh,FR,FR,day_ahead_price,value,2026-08-21T12:09:10Z
2026-08-21T12:03:35Z,2026-08-21T14:03:35+0200,5cef1f60-1e78-40ab-8a35-fe731affab16,2026-08-19T12:30:00Z,2026-08-19T14:30:00+0200,125.64,EUR/MWh,FR,FR,day_ahead_price,value,2026-08-21T12:09:10Z
2026-08-21T12:03:35Z,2026-08-21T14:03:35+0200,5cef1f60-1e78-40ab-8a35-fe731affab16,2026-08-19T12:45:00Z,2026-08-19T14:45:00+0200,126.93,EUR/MWh,FR,FR,day_ahead_price,value,2026-08-21T12:09:10Z
2026-08-21T12:03:35Z,2026-08-21T14:03:35+0200,5cef1f60-1e78-40ab-8a35-fe731affab16,2026-08-19T13:00:00Z,2026-08-19T15:00:00+0200,123.15,EUR/MWh,FR,FR,day_ahead_price,value,2026-08-21T12:09:10Z
2026-08-21T12:03:35Z,2026-08-21T14:03:35+0200,5cef1f60-1e78-40ab-8a35-fe731affab16,2026-08-19T13:15:00Z,2026-08-19T15:15:00+0200,129.36,EUR/MWh,FR,FR,day_ahead_price,value,2026-08-21T12:09:10Z
2026-08-21T12:03:35Z,2026-08-21T14:03:35+0200,5cef1f60-1e78-40ab-8a35-fe731affab16,2026-08-19T13:30:00Z,2026-08-19T15:30:00+0200,132.2,EUR/MWh,FR,FR,day_ahead_price,value,2026-08-21T12:09:10Z
2026-08-21T12:03:35Z,2026-08-21T14:03:35+0200,5cef1f60-1e78-40ab-8a35-fe731affab16,2026-08-19T13:45:00Z,2026-08-19T15:45:00+0200,136.24,EUR/MWh,FR,FR,day_ahead_price,value,2026-08-21T12:09:10Z
2026-08-21T12:03:35Z,2026-08-21T14:03:35+0200,5cef1f60-1e78-40ab-8a35-fe731affab16,2026-08-19T14:00:00Z,2026-08-19T16:00:00+0200,130.0,EUR/MWh,FR,FR,day_ahead_price,value,2026-08-21T12:09:10Z
2026-08-21T12:03:35Z,2026-08-21T14:03:35+0200,5cef1f60-1e78-40ab-8a35-fe731affab16,2026-08-19T14:15:00Z,2026-08-19T16:15:00+0200,135.0,EUR/MWh,FR,FR,day_ahead_price,value,2026-08-21T12:09:10Z
2026-08-21T12:03:35Z,2026-08-21T14:03:35+0200,5cef1f60-1e78-40ab-8a35-fe731affab16,2026-08-19T14:30:00Z,2026-08-19T16:30:00+0200,138.43,EUR/MWh,FR,FR,day_ahead_price,value,2026-08-21T12:09:10Z
2026-08-21T12:03:35Z,2026-08-21T14:03:35+0200,5cef1f60-1e78-40ab-8a35-fe731affab16,2026-08-19T14:45:00Z,2026-08-19T16:45:00+0200,145.5,EUR/MWh,FR,FR,day_ahead_price,value,2026-08-21T12:09:10Z
2026-08-21T12:03:35Z,2026-08-21T14:03:35+0200,5cef1f60-1e78-40ab-8a35-fe731affab16,2026-08-19T15:00:00Z,2026-08-19T17:00:00+0200,138.08,EUR/MWh,FR,FR,day_ahead_price,value,2026-08-21T12:09:10Z
2026-08-21T12:03:35Z,2026-08-21T14:03:35+0200,5cef1f60-1e78-40ab-8a35-fe731affab16,2026-08-19T15:15:00Z,2026-08-19T17:15:00+0200,146.59,EUR/MWh,FR,FR,day_ahead_price,value,2026-08-21T12:09:10Z
2026-08-21T12:03:35Z,2026-08-21T14:03:35+0200,5cef1f60-1e78-40ab-8a35-fe731affab16,2026-08-19T15:30:00Z,2026-08-19T17:30:00+0200,158.34,EUR/MWh,FR,FR,day_ahead_price,value,2026-08-21T12:09:10Z
2026-08-21T12:03:35Z,2026-08-21T14:03:35+0200,5cef1f60-1e78-40ab-8a35-fe731affab16,2026-08-19T15:45:00Z,2026-08-19T17:45:00+0200,175.0,EUR/MWh,FR,FR,day_ahead_price,value,2026-08-21T12:09:10Z
2026-08-21T12:03:35Z,2026-08-21T14:03:35+0200,5cef1f60-1e78-40ab-8a35-fe731affab16,2026-08-19T16:00:00Z,2026-08-19T18:00:00+0200,165.59,EUR/MWh,FR,FR,day_ahead_price,value,2026-08-21T12:09:10Z
2026-08-21T12:03:35Z,2026-08-21T14:03:35+0200,5cef1f60-1e78-40ab-8a35-fe731affab16,2026-08-19T16:15:00Z,2026-08-19T18:15:00+0200,181.14,EUR/MWh,FR,FR,day_ahead_price,value,2026-08-21T12:09:10Z
2026-08-21T12:03:35Z,2026-08-21T14:03:35+0200,5cef1f60-1e78-40ab-8a35-fe731affab16,2026-08-19T16:30:00Z,2026-08-19T18:30:00+0200,192.54,EUR/MWh,FR,FR,day_ahead_price,value,2026-08-21T12:09:10Z
2026-08-21T12:03:35Z,2026-08-21T14:03:35+0200,5cef1f60-1e78-40ab-8a35-fe731affab16,2026-08-19T16:45:00Z,2026-08-19T18:45:00+0200,199.58,EUR/MWh,FR,FR,day_ahead_price,value,2026-08-21T12:09:10Z
2026-08-21T12:03:35Z,2026-08-21T14:03:35+0200,5cef1f60-1e78-40ab-8a35-fe731affab16,2026-08-19T17:00:00Z,2026-08-19T19:00:00+0200,188.48,EUR/MWh,FR,FR,day_ahead_price,value,2026-08-21T12:09:10Z
2026-08-21T12:03:35Z,2026-08-21T14:03:35+0200,5cef1f60-1e78-40ab-8a35-fe731affab16,2026-08-19T17:15:00Z,2026-08-19T19:15:00+0200,205.08,EUR/MWh,FR,FR,day_ahead_price,value,2026-08-21T12:09:10Z
2026-08-21T12:03:35Z,2026-08-21T14:03:35+0200,5cef1f60-1e78-40ab-8a35-fe731affab16,2026-08-19T17:30:00Z,2026-08-19T19:30:00+0200,215.99,EUR/MWh,FR,FR,day_ahead_price,value,2026-08-21T12:09:10Z
2026-08-21T12:03:35Z,2026-08-21T14:03:35+0200,5cef1f60-1e78-40ab-8a35-fe731affab16,2026-08-19T17:45:00Z,2026-08-19T19:45:00+0200,221.78,EUR/MWh,FR,FR,day_ahead_price,value,2026-08-21T12:09:10Z
2026-08-21T12:03:35Z,2026-08-21T14:03:35+0200,5cef1f60-1e78-40ab-8a35-fe731affab16,2026-08-19T18:00:00Z,2026-08-19T20:00:00+0200,200.28,EUR/MWh,FR,FR,day_ahead_price,value,2026-08-21T12:09:10Z
2026-08-21T12:03:35Z,2026-08-21T14:03:35+0200,5cef1f60-1e78-40ab-8a35-fe731affab16,2026-08-19T18:15:00Z,2026-08-19T20:15:00+0200,208.95,EUR/MWh,FR,FR,day_ahead_price,value,2026-08-21T12:09:10Z
2026-08-21T12:03:35Z,2026-08-21T14:03:35+0200,5cef1f60-1e78-40ab-8a35-fe731affab16,2026-08-19T18:30:00Z,2026-08-19T20:30:00+0200,212.6,EUR/MWh,FR,FR,day_ahead_price,value,2026-08-21T12:09:10Z
2026-08-21T12:03:35Z,2026-08-21T14:03:35+0200,5cef1f60-1e78-40ab-8a35-fe731affab16,2026-08-19T18:45:00Z,2026-08-19T20:45:00+0200,216.74,EUR/MWh,FR,FR,day_ahead_price,value,2026-08-21T12:09:10Z
2026-08-21T12:03:35Z,2026-08-21T14:03:35+0200,5cef1f60-1e78-40ab-8a35-fe731affab16,2026-08-19T19:00:00Z,2026-08-19T21:00:00+0200,212.86,EUR/MWh,FR,FR,day_ahead_price,value,2026-08-21T12:09:10Z
2026-08-21T12:03:35Z,2026-08-21T14:03:35+0200,5cef1f60-1e78-40ab-8a35-fe731affab16,2026-08-19T19:15:00Z,2026-08-19T21:15:00+0200,211.1,EUR/MWh,FR,FR,day_ahead_price,value,2026-08-21T12:09:10Z
2026-08-21T12:03:35Z,2026-08-21T14:03:35+0200,5cef1f60-1e78-40ab-8a35-fe731affab16,2026-08-19T19:30:00Z,2026-08-19T21:30:00+0200,203.54,EUR/MWh,FR,FR,day_ahead_price,value,2026-08-21T12:09:10Z
2026-08-21T12:03:35Z,2026-08-21T14:03:35+0200,5cef1f60-1e78-40ab-8a35-fe731affab16,2026-08-19T19:45:00Z,2026-08-19T21:45:00+0200,196.99,EUR/MWh,FR,FR,day_ahead_price,value,2026-08-21T12:09:10Z
2026-08-21T12:03:35Z,2026-08-21T14:03:35+0200,5cef1f60-1e78-40ab-8a35-fe731affab16,2026-08-19T20:00:00Z,2026-08-19T22:00:00+0200,206.89,EUR/MWh,FR,FR,day_ahead_price,value,2026-08-21T12:09:10Z
2026-08-21T12:03:35Z,2026-08-21T14:03:35+0200,5cef1f60-1e78-40ab-8a35-fe731affab16,2026-08-19T20:15:00Z,2026-08-19T22:15:00+0200,201.18,EUR/MWh,FR,FR,day_ahead_price,value,2026-08-21T12:09:10Z
2026-08-21T12:03:35Z,2026-08-21T14:03:35+0200,5cef1f60-1e78-40ab-8a35-fe731affab16,2026-08-19T20:30:00Z,2026-08-19T22:30:00+0200,198.0,EUR/MWh,FR,FR,day_ahead_price,value,2026-08-21T12:09:10Z
2026-08-21T12:03:35Z,2026-08-21T14:03:35+0200,5cef1f60-1e78-40ab-8a35-fe731affab16,2026-08-19T20:45:00Z,2026-08-19T22:45:00+0200,190.32,EUR/MWh,FR,FR,day_ahead_price,value,2026-08-21T12:09:10Z
2026-08-21T12:03:35Z,2026-08-21T14:03:35+0200,5cef1f60-1e78-40ab-8a35-fe731affab16,2026-08-19T21:00:00Z,2026-08-19T23:00:00+0200,196.0,EUR/MWh,FR,FR,day_ahead_price,value,2026-08-21T12:09:10Z
2026-08-21T12:03:35Z,2026-08-21T14:03:35+0200,5cef1f60-1e78-40ab-8a35-fe731affab16,2026-08-19T21:15:00Z,2026-08-19T23:15:00+0200,190.1,EUR/MWh,FR,FR,day_ahead_price,value,2026-08-21T12:09:10Z
2026-08-21T12:03:35Z,2026-08-21T14:03:35+0200,5cef1f60-1e78-40ab-8a35-fe731affab16,2026-08-19T21:30:00Z,2026-08-19T23:30:00+0200,185.0,EUR/MWh,FR,FR,day_ahead_price,value,2026-08-21T12:09:10Z
2026-08-21T12:03:35Z,2026-08-21T14:03:35+0200,5cef1f60-1e78-40ab-8a35-fe731affab16,2026-08-19T21:45:00Z,2026-08-19T23:45:00+0200,175.09,EUR/MWh,FR,FR,day_ahead_price,value,2026-08-21T12:09:10Z
2026-08-21T12:03:35Z,2026-08-21T14:03:35+0200,5cef1f60-1e78-40ab-8a35-fe731affab16,2026-08-19T22:00:00Z,2026-08-20T00:00:00+0200,185.0,EUR/MWh,FR,FR,day_ahead_price,value,2026-08-21T12:09:10Z
2026-08-21T12:03:35Z,2026-08-21T14:03:35+0200,5cef1f60-1e78-40ab-8a35-fe731affab16,2026-08-19T22:15:00Z,2026-08-20T00:15:00+0200,178.23,EUR/MWh,FR,FR,day_ahead_price,value,2026-08-21T12:09:10Z
2026-08-21T12:03:35Z,2026-08-21T14:03:35+0200,5cef1f60-1e78-40ab-8a35-fe731affab16,2026-08-19T22:30:00Z,2026-08-20T00:30:00+0200,168.62,EUR/MWh,FR,FR,day_ahead_price,value,2026-08-21T12:09:10Z
2026-08-21T12:03:35Z,2026-08-21T14:03:35+0200,5cef1f60-1e78-40ab-8a35-fe731affab16,2026-08-19T22:45:00Z,2026-08-20T00:45:00+0200,159.0,EUR/MWh,FR,FR,day_ahead_price,value,2026-08-21T12:09:10Z
2026-08-21T12:03:35Z,2026-08-21T14:03:35+0200,5cef1f60-1e78-40ab-8a35-fe731affab16,2026-08-19T23:00:00Z,2026-08-20T01:00:00+0200,166.11,EUR/MWh,FR,FR,day_ahead_price,value,2026-08-21T12:09:10Z
2026-08-21T12:03:35Z,2026-08-21T14:03:35+0200,5cef1f60-1e78-40ab-8a35-fe731affab16,2026-08-19T23:15:00Z,2026-08-20T01:15:00+0200,162.91,EUR/MWh,FR,FR,day_ahead_price,value,2026-08-21T12:09:10Z
2026-08-21T12:03:35Z,2026-08-21T14:03:35+0200,5cef1f60-1e78-40ab-8a35-fe731affab16,2026-08-19T23:30:00Z,2026-08-20T01:30:00+0200,162.11,EUR/MWh,FR,FR,day_ahead_price,value,2026-08-21T12:09:10Z
2026-08-21T12:03:35Z,2026-08-21T14:03:35+0200,5cef1f60-1e78-40ab-8a35-fe731affab16,2026-08-19T23:45:00Z,2026-08-20T01:45:00+0200,158.27,EUR/MWh,FR,FR,day_ahead_price,value,2026-08-21T12:09:10Z
2026-08-21T12:03:35Z,2026-08-21T14:03:35+0200,5cef1f60-1e78-40ab-8a35-fe731affab16,2026-08-20T00:00:00Z,2026-08-20T02:00:00+0200,158.91,EUR/MWh,FR,FR,day_ahead_price,value,2026-08-21T12:09:10Z
2026-08-21T12:03:35Z,2026-08-21T14:03:35+0200,5cef1f60-1e78-40ab-8a35-fe731affab16,2026-08-20T00:15:00Z,2026-08-20T02:15:00+0200,154.99,EUR/MWh,FR,FR,day_ahead_price,value,2026-08-21T12:09:10Z
2026-08-21T12:03:35Z,2026-08-21T14:03:35+0200,5cef1f60-1e78-40ab-8a35-fe731affab16,2026-08-20T00:30:00Z,2026-08-20T02:30:00+0200,151.5,EUR/MWh,FR,FR,day_ahead_price,value,2026-08-21T12:09:10Z
2026-08-21T12:03:35Z,2026-08-21T14:03:35+0200,5cef1f60-1e78-40ab-8a35-fe731affab16,2026-08-20T00:45:00Z,2026-08-20T02:45:00+0200,149.53,EUR/MWh,FR,FR,day_ahead_price,value,2026-08-21T12:09:10Z
2026-08-21T12:03:35Z,2026-08-21T14:03:35+0200,5cef1f60-1e78-40ab-8a35-fe731affab16,2026-08-20T01:00:00Z,2026-08-20T03:00:00+0200,149.2,EUR/MWh,FR,FR,day_ahead_price,value,2026-08-21T12:09:10Z
2026-08-21T12:03:35Z,2026-08-21T14:03:35+0200,5cef1f60-1e78-40ab-8a35-fe731affab16,2026-08-20T01:15:00Z,2026-08-20T03:15:00+0200,146.97,EUR/MWh,FR,FR,day_ahead_price,value,2026-08-21T12:09:10Z
2026-08-21T12:03:35Z,2026-08-21T14:03:35+0200,5cef1f60-1e78-40ab-8a35-fe731affab16,2026-08-20T01:30:00Z,2026-08-20T03:30:00+0200,148.89,EUR/MWh,FR,FR,day_ahead_price,value,2026-08-21T12:09:10Z
2026-08-21T12:03:35Z,2026-08-21T14:03:35+0200,5cef1f60-1e78-40ab-8a35-fe731affab16,2026-08-20T01:45:00Z,2026-08-20T03:45:00+0200,146.97,EUR/MWh,FR,FR,day_ahead_price,value,2026-08-21T12:09:10Z
2026-08-21T12:03:35Z,2026-08-21T14:03:35+0200,5cef1f60-1e78-40ab-8a35-fe731affab16,2026-08-20T02:00:00Z,2026-08-20T04:00:00+0200,145.9,EUR/MWh,FR,FR,day_ahead_price,value,2026-08-21T12:09:10Z
2026-08-21T12:03:35Z,2026-08-21T14:03:35+0200,5cef1f60-1e78-40ab-8a35-fe731affab16,2026-08-20T02:15:00Z,2026-08-20T04:15:00+0200,145.2,EUR/MWh,FR,FR,day_ahead_price,value,2026-08-21T12:09:10Z
2026-08-21T12:03:35Z,2026-08-21T14:03:35+0200,5cef1f60-1e78-40ab-8a35-fe731affab16,2026-08-20T02:30:00Z,2026-08-20T04:30:00+0200,149.56,EUR/MWh,FR,FR,day_ahead_price,value,2026-08-21T12:09:10Z
2026-08-21T12:03:35Z,2026-08-21T14:03:35+0200,5cef1f60-1e78-40ab-8a35-fe731affab16,2026-08-20T02:45:00Z,2026-08-20T04:45:00+0200,151.6,EUR/MWh,FR,FR,day_ahead_price,value,2026-08-21T12:09:10Z
2026-08-21T12:03:35Z,2026-08-21T14:03:35+0200,5cef1f60-1e78-40ab-8a35-fe731affab16,2026-08-20T03:00:00Z,2026-08-20T05:00:00+0200,146.35,EUR/MWh,FR,FR,day_ahead_price,value,2026-08-21T12:09:10Z
2026-08-21T12:03:35Z,2026-08-21T14:03:35+0200,5cef1f60-1e78-40ab-8a35-fe731affab16,2026-08-20T03:15:00Z,2026-08-20T05:15:00+0200,152.34,EUR/MWh,FR,FR,day_ahead_price,value,2026-08-21T12:09:10Z
2026-08-21T12:03:35Z,2026-08-21T14:03:35+0200,5cef1f60-1e78-40ab-8a35-fe731affab16,2026-08-20T03:30:00Z,2026-08-20T05:30:00+0200,162.13,EUR/MWh,FR,FR,day_ahead_price,value,2026-08-21T12:09:10Z
2026-08-21T12:03:35Z,2026-08-21T14:03:35+0200,5cef1f60-1e78-40ab-8a35-fe731affab16,2026-08-20T03:45:00Z,2026-08-20T05:45:00+0200,164.96,EUR/MWh,FR,FR,day_ahead_price,value,2026-08-21T12:09:10Z
2026-08-21T12:03:35Z,2026-08-21T14:03:35+0200,5cef1f60-1e78-40ab-8a35-fe731affab16,2026-08-20T04:00:00Z,2026-08-20T06:00:00+0200,164.96,EUR/MWh,FR,FR,day_ahead_price,value,2026-08-21T12:09:10Z
2026-08-21T12:03:35Z,2026-08-21T14:03:35+0200,5cef1f60-1e78-40ab-8a35-fe731affab16,2026-08-20T04:15:00Z,2026-08-20T06:15:00+0200,165.4,EUR/MWh,FR,FR,day_ahead_price,value,2026-08-21T12:09:10Z
2026-08-21T12:03:35Z,2026-08-21T14:03:35+0200,5cef1f60-1e78-40ab-8a35-fe731affab16,2026-08-20T04:30:00Z,2026-08-20T06:30:00+0200,177.0,EUR/MWh,FR,FR,day_ahead_price,value,2026-08-21T12:09:10Z
2026-08-21T12:03:35Z,2026-08-21T14:03:35+0200,5cef1f60-1e78-40ab-8a35-fe731affab16,2026-08-20T04:45:00Z,2026-08-20T06:45:00+0200,185.29,EUR/MWh,FR,FR,day_ahead_price,value,2026-08-21T12:09:10Z
2026-08-21T12:03:35Z,2026-08-21T14:03:35+0200,5cef1f60-1e78-40ab-8a35-fe731affab16,2026-08-20T05:00:00Z,2026-08-20T07:00:00+0200,181.0,EUR/MWh,FR,FR,day_ahead_price,value,2026-08-21T12:09:10Z
2026-08-21T12:03:35Z,2026-08-21T14:03:35+0200,5cef1f60-1e78-40ab-8a35-fe731affab16,2026-08-20T05:15:00Z,2026-08-20T07:15:00+0200,187.28,EUR/MWh,FR,FR,day_ahead_price,value,2026-08-21T12:09:10Z
2026-08-21T12:03:35Z,2026-08-21T14:03:35+0200,5cef1f60-1e78-40ab-8a35-fe731affab16,2026-08-20T05:30:00Z,2026-08-20T07:30:00+0200,185.68,EUR/MWh,FR,FR,day_ahead_price,value,2026-08-21T12:09:10Z
2026-08-21T12:03:35Z,2026-08-21T14:03:35+0200,5cef1f60-1e78-40ab-8a35-fe731affab16,2026-08-20T05:45:00Z,2026-08-20T07:45:00+0200,176.25,EUR/MWh,FR,FR,day_ahead_price,value,2026-08-21T12:09:10Z
2026-08-21T12:03:35Z,2026-08-21T14:03:35+0200,5cef1f60-1e78-40ab-8a35-fe731affab16,2026-08-20T06:00:00Z,2026-08-20T08:00:00+0200,188.96,EUR/MWh,FR,FR,day_ahead_price,value,2026-08-21T12:09:10Z
2026-08-21T12:03:35Z,2026-08-21T14:03:35+0200,5cef1f60-1e78-40ab-8a35-fe731affab16,2026-08-20T06:15:00Z,2026-08-20T08:15:00+0200,177.63,EUR/MWh,FR,FR,day_ahead_price,value,2026-08-21T12:09:10Z
2026-08-21T12:03:35Z,2026-08-21T14:03:35+0200,5cef1f60-1e78-40ab-8a35-fe731affab16,2026-08-20T06:30:00Z,2026-08-20T08:30:00+0200,165.0,EUR/MWh,FR,FR,day_ahead_price,value,2026-08-21T12:09:10Z
2026-08-21T12:03:35Z,2026-08-21T14:03:35+0200,5cef1f60-1e78-40ab-8a35-fe731affab16,2026-08-20T06:45:00Z,2026-08-20T08:45:00+0200,155.4,EUR/MWh,FR,FR,day_ahead_price,value,2026-08-21T12:09:10Z
2026-08-21T12:03:35Z,2026-08-21T14:03:35+0200,5cef1f60-1e78-40ab-8a35-fe731affab16,2026-08-20T07:00:00Z,2026-08-20T09:00:00+0200,170.0,EUR/MWh,FR,FR,day_ahead_price,value,2026-08-21T12:09:10Z
2026-08-21T12:03:35Z,2026-08-21T14:03:35+0200,5cef1f60-1e78-40ab-8a35-fe731affab16,2026-08-20T07:15:00Z,2026-08-20T09:15:00+0200,165.11,EUR/MWh,FR,FR,day_ahead_price,value,2026-08-21T12:09:10Z
2026-08-21T12:03:35Z,2026-08-21T14:03:35+0200,5cef1f60-1e78-40ab-8a35-fe731affab16,2026-08-20T07:30:00Z,2026-08-20T09:30:00+0200,147.12,EUR/MWh,FR,FR,day_ahead_price,value,2026-08-21T12:09:10Z
2026-08-21T12:03:35Z,2026-08-21T14:03:35+0200,5cef1f60-1e78-40ab-8a35-fe731affab16,2026-08-20T07:45:00Z,2026-08-20T09:45:00+0200,135.79,EUR/MWh,FR,FR,day_ahead_price,value,2026-08-21T12:09:10Z
2026-08-21T12:03:35Z,2026-08-21T14:03:35+0200,5cef1f60-1e78-40ab-8a35-fe731affab16,2026-08-20T08:00:00Z,2026-08-20T10:00:00+0200,154.89,EUR/MWh,FR,FR,day_ahead_price,value,2026-08-21T12:09:10Z
2026-08-21T12:03:35Z,2026-08-21T14:03:35+0200,5cef1f60-1e78-40ab-8a35-fe731affab16,2026-08-20T08:15:00Z,2026-08-20T10:15:00+0200,137.18,EUR/MWh,FR,FR,day_ahead_price,value,2026-08-21T12:09:10Z
2026-08-21T12:03:35Z,2026-08-21T14:03:35+0200,5cef1f60-1e78-40ab-8a35-fe731affab16,2026-08-20T08:30:00Z,2026-08-20T10:30:00+0200,133.0,EUR/MWh,FR,FR,day_ahead_price,value,2026-08-21T12:09:10Z
2026-08-21T12:03:35Z,2026-08-21T14:03:35+0200,5cef1f60-1e78-40ab-8a35-fe731affab16,2026-08-20T08:45:00Z,2026-08-20T10:45:00+0200,117.89,EUR/MWh,FR,FR,day_ahead_price,value,2026-08-21T12:09:10Z
2026-08-21T12:03:35Z,2026-08-21T14:03:35+0200,5cef1f60-1e78-40ab-8a35-fe731affab16,2026-08-20T09:00:00Z,2026-08-20T11:00:00+0200,133.03,EUR/MWh,FR,FR,day_ahead_price,value,2026-08-21T12:09:10Z
2026-08-21T12:03:35Z,2026-08-21T14:03:35+0200,5cef1f60-1e78-40ab-8a35-fe731affab16,2026-08-20T09:15:00Z,2026-08-20T11:15:00+0200,113.51,EUR/MWh,FR,FR,day_ahead_price,value,2026-08-21T12:09:10Z
2026-08-21T12:03:35Z,2026-08-21T14:03:35+0200,5cef1f60-1e78-40ab-8a35-fe731affab16,2026-08-20T09:30:00Z,2026-08-20T11:30:00+0200,104.84,EUR/MWh,FR,FR,day_ahead_price,value,2026-08-21T12:09:10Z
2026-08-21T12:03:35Z,2026-08-21T14:03:35+0200,5cef1f60-1e78-40ab-8a35-fe731affab16,2026-08-20T09:45:00Z,2026-08-20T11:45:00+0200,95.69,EUR/MWh,FR,FR,day_ahead_price,value,2026-08-21T12:09:10Z
2026-08-21T12:03:35Z,2026-08-21T14:03:35+0200,5cef1f60-1e78-40ab-8a35-fe731affab16,2026-08-20T10:00:00Z,2026-08-20T12:00:00+0200,103.6,EUR/MWh,FR,FR,day_ahead_price,value,2026-08-21T12:09:10Z
2026-08-21T12:03:35Z,2026-08-21T14:03:35+0200,5cef1f60-1e78-40ab-8a35-fe731affab16,2026-08-20T10:15:00Z,2026-08-20T12:15:00+0200,89.29,EUR/MWh,FR,FR,day_ahead_price,value,2026-08-21T12:09:10Z
2026-08-21T12:03:35Z,2026-08-21T14:03:35+0200,5cef1f60-1e78-40ab-8a35-fe731affab16,2026-08-20T10:30:00Z,2026-08-20T12:30:00+0200,86.92,EUR/MWh,FR,FR,day_ahead_price,value,2026-08-21T12:09:10Z
2026-08-21T12:03:35Z,2026-08-21T14:03:35+0200,5cef1f60-1e78-40ab-8a35-fe731affab16,2026-08-20T10:45:00Z,2026-08-20T12:45:00+0200,79.27,EUR/MWh,FR,FR,day_ahead_price,value,2026-08-21T12:09:10Z
2026-08-21T12:03:35Z,2026-08-21T14:03:35+0200,5cef1f60-1e78-40ab-8a35-fe731affab16,2026-08-20T11:00:00Z,2026-08-20T13:00:00+0200,78.85,EUR/MWh,FR,FR,day_ahead_price,value,2026-08-21T12:09:10Z
2026-08-21T12:03:35Z,2026-08-21T14:03:35+0200,5cef1f60-1e78-40ab-8a35-fe731affab16,2026-08-20T11:15:00Z,2026-08-20T13:15:00+0200,75.45,EUR/MWh,FR,FR,day_ahead_price,value,2026-08-21T12:09:10Z
2026-08-21T12:03:35Z,2026-08-21T14:03:35+0200,5cef1f60-1e78-40ab-8a35-fe731affab16,2026-08-20T11:30:00Z,2026-08-20T13:30:00+0200,70.45,EUR/MWh,FR,FR,day_ahead_price,value,2026-08-21T12:09:10Z
2026-08-21T12:03:35Z,2026-08-21T14:03:35+0200,5cef1f60-1e78-40ab-8a35-fe731affab16,2026-08-20T11:45:00Z,2026-08-20T13:45:00+0200,64.35,EUR/MWh,FR,FR,day_ahead_price,value,2026-08-21T12:09:10Z
2026-08-21T12:03:35Z,2026-08-21T14:03:35+0200,5cef1f60-1e78-40ab-8a35-fe731affab16,2026-08-20T12:00:00Z,2026-08-20T14:00:00+0200,69.74,EUR/MWh,FR,FR,day_ahead_price,value,2026-08-21T12:09:10Z
2026-08-21T12:03:35Z,2026-08-21T14:03:35+0200,5cef1f60-1e78-40ab-8a35-fe731affab16,2026-08-20T12:15:00Z,2026-08-20T14:15:00+0200,70.05,EUR/MWh,FR,FR,day_ahead_price,value,2026-08-21T12:09:10Z
2026-08-21T12:03:35Z,2026-08-21T14:03:35+0200,5cef1f60-1e78-40ab-8a35-fe731affab16,2026-08-20T12:30:00Z,2026-08-20T14:30:00+0200,77.71,EUR/MWh,FR,FR,day_ahead_price,value,2026-08-21T12:09:10Z
2026-08-21T12:03:35Z,2026-08-21T14:03:35+0200,5cef1f60-1e78-40ab-8a35-fe731affab16,2026-08-20T12:45:00Z,2026-08-20T14:45:00+0200,77.44,EUR/MWh,FR,FR,day_ahead_price,value,2026-08-21T12:09:10Z
2026-08-21T12:03:35Z,2026-08-21T14:03:35+0200,5cef1f60-1e78-40ab-8a35-fe731affab16,2026-08-20T13:00:00Z,2026-08-20T15:00:00+0200,80.18,EUR/MWh,FR,FR,day_ahead_price,value,2026-08-21T12:09:10Z
2026-08-21T12:03:35Z,2026-08-21T14:03:35+0200,5cef1f60-1e78-40ab-8a35-fe731affab16,2026-08-20T13:15:00Z,2026-08-20T15:15:00+0200,84.06,EUR/MWh,FR,FR,day_ahead_price,value,2026-08-21T12:09:10Z
2026-08-21T12:03:35Z,2026-08-21T14:03:35+0200,5cef1f60-1e78-40ab-8a35-fe731affab16,2026-08-20T13:30:00Z,2026-08-20T15:30:00+0200,65.28,EUR/MWh,FR,FR,day_ahead_price,value,2026-08-21T12:09:10Z
2026-08-21T12:03:35Z,2026-08-21T14:03:35+0200,5cef1f60-1e78-40ab-8a35-fe731affab16,2026-08-20T13:45:00Z,2026-08-20T15:45:00+0200,69.8,EUR/MWh,FR,FR,day_ahead_price,value,2026-08-21T12:09:10Z
2026-08-21T12:03:35Z,2026-08-21T14:03:35+0200,5cef1f60-1e78-40ab-8a35-fe731affab16,2026-08-20T14:00:00Z,2026-08-20T16:00:00+0200,64.99,EUR/MWh,FR,FR,day_ahead_price,value,2026-08-21T12:09:10Z
2026-08-21T12:03:35Z,2026-08-21T14:03:35+0200,5cef1f60-1e78-40ab-8a35-fe731affab16,2026-08-20T14:15:00Z,2026-08-20T16:15:00+0200,75.0,EUR/MWh,FR,FR,day_ahead_price,value,2026-08-21T12:09:10Z
2026-08-21T12:03:35Z,2026-08-21T14:03:35+0200,5cef1f60-1e78-40ab-8a35-fe731affab16,2026-08-20T14:30:00Z,2026-08-20T16:30:00+0200,80.31,EUR/MWh,FR,FR,day_ahead_price,value,2026-08-21T12:09:10Z
2026-08-21T12:03:35Z,2026-08-21T14:03:35+0200,5cef1f60-1e78-40ab-8a35-fe731affab16,2026-08-20T14:45:00Z,2026-08-20T16:45:00+0200,107.14,EUR/MWh,FR,FR,day_ahead_price,value,2026-08-21T12:09:10Z
2026-08-21T12:03:35Z,2026-08-21T14:03:35+0200,5cef1f60-1e78-40ab-8a35-fe731affab16,2026-08-20T15:00:00Z,2026-08-20T17:00:00+0200,80.01,EUR/MWh,FR,FR,day_ahead_price,value,2026-08-21T12:09:10Z
2026-08-21T12:03:35Z,2026-08-21T14:03:35+0200,5cef1f60-1e78-40ab-8a35-fe731affab16,2026-08-20T15:15:00Z,2026-08-20T17:15:00+0200,111.95,EUR/MWh,FR,FR,day_ahead_price,value,2026-08-21T12:09:10Z
2026-08-21T12:03:35Z,2026-08-21T14:03:35+0200,5cef1f60-1e78-40ab-8a35-fe731affab16,2026-08-20T15:30:00Z,2026-08-20T17:30:00+0200,142.49,EUR/MWh,FR,FR,day_ahead_price,value,2026-08-21T12:09:10Z
2026-08-21T12:03:35Z,2026-08-21T14:03:35+0200,5cef1f60-1e78-40ab-8a35-fe731affab16,2026-08-20T15:45:00Z,2026-08-20T17:45:00+0200,155.15,EUR/MWh,FR,FR,day_ahead_price,value,2026-08-21T12:09:10Z
2026-08-21T12:03:35Z,2026-08-21T14:03:35+0200,5cef1f60-1e78-40ab-8a35-fe731affab16,2026-08-20T16:00:00Z,2026-08-20T18:00:00+0200,140.81,EUR/MWh,FR,FR,day_ahead_price,value,2026-08-21T12:09:10Z
2026-08-21T12:03:35Z,2026-08-21T14:03:35+0200,5cef1f60-1e78-40ab-8a35-fe731affab16,2026-08-20T16:15:00Z,2026-08-20T18:15:00+0200,146.95,EUR/MWh,FR,FR,day_ahead_price,value,2026-08-21T12:09:10Z
2026-08-21T12:03:35Z,2026-08-21T14:03:35+0200,5cef1f60-1e78-40ab-8a35-fe731affab16,2026-08-20T16:30:00Z,2026-08-20T18:30:00+0200,165.57,EUR/MWh,FR,FR,day_ahead_price,value,2026-08-21T12:09:10Z
2026-08-21T12:03:35Z,2026-08-21T14:03:35+0200,5cef1f60-1e78-40ab-8a35-fe731affab16,2026-08-20T16:45:00Z,2026-08-20T18:45:00+0200,149.23,EUR/MWh,FR,FR,day_ahead_price,value,2026-08-21T12:09:10Z
2026-08-21T12:03:35Z,2026-08-21T14:03:35+0200,5cef1f60-1e78-40ab-8a35-fe731affab16,2026-08-20T17:00:00Z,2026-08-20T19:00:00+0200,125.77,EUR/MWh,FR,FR,day_ahead_price,value,2026-08-21T12:09:10Z
2026-08-21T12:03:35Z,2026-08-21T14:03:35+0200,5cef1f60-1e78-40ab-8a35-fe731affab16,2026-08-20T17:15:00Z,2026-08-20T19:15:00+0200,150.65,EUR/MWh,FR,FR,day_ahead_price,value,2026-08-21T12:09:10Z
2026-08-21T12:03:35Z,2026-08-21T14:03:35+0200,5cef1f60-1e78-40ab-8a35-fe731affab16,2026-08-20T17:30:00Z,2026-08-20T19:30:00+0200,164.97,EUR/MWh,FR,FR,day_ahead_price,value,2026-08-21T12:09:10Z
2026-08-21T12:03:35Z,2026-08-21T14:03:35+0200,5cef1f60-1e78-40ab-8a35-fe731affab16,2026-08-20T17:45:00Z,2026-08-20T19:45:00+0200,195.01,EUR/MWh,FR,FR,day_ahead_price,value,2026-08-21T12:09:10Z
2026-08-21T12:03:35Z,2026-08-21T14:03:35+0200,5cef1f60-1e78-40ab-8a35-fe731affab16,2026-08-20T18:00:00Z,2026-08-20T20:00:00+0200,165.04,EUR/MWh,FR,FR,day_ahead_price,value,2026-08-21T12:09:10Z
2026-08-21T12:03:35Z,2026-08-21T14:03:35+0200,5cef1f60-1e78-40ab-8a35-fe731affab16,2026-08-20T18:15:00Z,2026-08-20T20:15:00+0200,175.56,EUR/MWh,FR,FR,day_ahead_price,value,2026-08-21T12:09:10Z
2026-08-21T12:03:35Z,2026-08-21T14:03:35+0200,5cef1f60-1e78-40ab-8a35-fe731affab16,2026-08-20T18:30:00Z,2026-08-20T20:30:00+0200,188.6,EUR/MWh,FR,FR,day_ahead_price,value,2026-08-21T12:09:10Z
2026-08-21T12:03:35Z,2026-08-21T14:03:35+0200,5cef1f60-1e78-40ab-8a35-fe731affab16,2026-08-20T18:45:00Z,2026-08-20T20:45:00+0200,202.04,EUR/MWh,FR,FR,day_ahead_price,value,2026-08-21T12:09:10Z
2026-08-21T12:03:35Z,2026-08-21T14:03:35+0200,5cef1f60-1e78-40ab-8a35-fe731affab16,2026-08-20T19:00:00Z,2026-08-20T21:00:00+0200,200.64,EUR/MWh,FR,FR,day_ahead_price,value,2026-08-21T12:09:10Z
2026-08-21T12:03:35Z,2026-08-21T14:03:35+0200,5cef1f60-1e78-40ab-8a35-fe731affab16,2026-08-20T19:15:00Z,2026-08-20T21:15:00+0200,197.67,EUR/MWh,FR,FR,day_ahead_price,value,2026-08-21T12:09:10Z
2026-08-21T12:03:35Z,2026-08-21T14:03:35+0200,5cef1f60-1e78-40ab-8a35-fe731affab16,2026-08-20T19:30:00Z,2026-08-20T21:30:00+0200,195.01,EUR/MWh,FR,FR,day_ahead_price,value,2026-08-21T12:09:10Z
2026-08-21T12:03:35Z,2026-08-21T14:03:35+0200,5cef1f60-1e78-40ab-8a35-fe731affab16,2026-08-20T19:45:00Z,2026-08-20T21:45:00+0200,189.15,EUR/MWh,FR,FR,day_ahead_price,value,2026-08-21T12:09:10Z
2026-08-21T12:03:35Z,2026-08-21T14:03:35+0200,5cef1f60-1e78-40ab-8a35-fe731affab16,2026-08-20T20:00:00Z,2026-08-20T22:00:00+0200,193.65,EUR/MWh,FR,FR,day_ahead_price,value,2026-08-21T12:09:10Z
2026-08-21T12:03:35Z,2026-08-21T14:03:35+0200,5cef1f60-1e78-40ab-8a35-fe731affab16,2026-08-20T20:15:00Z,2026-08-20T22:15:00+0200,190.0,EUR/MWh,FR,FR,day_ahead_price,value,2026-08-21T12:09:10Z
2026-08-21T12:03:35Z,2026-08-21T14:03:35+0200,5cef1f60-1e78-40ab-8a35-fe731affab16,2026-08-20T20:30:00Z,2026-08-20T22:30:00+0200,187.99,EUR/MWh,FR,FR,day_ahead_price,value,2026-08-21T12:09:10Z
2026-08-21T12:03:35Z,2026-08-21T14:03:35+0200,5cef1f60-1e78-40ab-8a35-fe731affab16,2026-08-20T20:45:00Z,2026-08-20T22:45:00+0200,180.07,EUR/MWh,FR,FR,day_ahead_price,value,2026-08-21T12:09:10Z
2026-08-21T12:03:35Z,2026-08-21T14:03:35+0200,5cef1f60-1e78-40ab-8a35-fe731affab16,2026-08-20T21:00:00Z,2026-08-20T23:00:00+0200,180.09,EUR/MWh,FR,FR,day_ahead_price,value,2026-08-21T12:09:10Z
2026-08-21T12:03:35Z,2026-08-21T14:03:35+0200,5cef1f60-1e78-40ab-8a35-fe731affab16,2026-08-20T21:15:00Z,2026-08-20T23:15:00+0200,176.0,EUR/MWh,FR,FR,day_ahead_price,value,2026-08-21T12:09:10Z
2026-08-21T12:03:35Z,2026-08-21T14:03:35+0200,5cef1f60-1e78-40ab-8a35-fe731affab16,2026-08-20T21:30:00Z,2026-08-20T23:30:00+0200,170.93,EUR/MWh,FR,FR,day_ahead_price,value,2026-08-21T12:09:10Z
2026-08-21T12:03:35Z,2026-08-21T14:03:35+0200,5cef1f60-1e78-40ab-8a35-fe731affab16,2026-08-20T21:45:00Z,2026-08-20T23:45:00+0200,165.04,EUR/MWh,FR,FR,day_ahead_price,value,2026-08-21T12:09:10Z
2026-08-21T12:03:35Z,2026-08-21T14:03:35+0200,5cef1f60-1e78-40ab-8a35-fe731affab16,2026-08-20T22:00:00Z,2026-08-21T00:00:00+0200,183.05,EUR/MWh,FR,FR,day_ahead_price,value,2026-08-21T12:09:10Z
2026-08-21T12:03:35Z,2026-08-21T14:03:35+0200,5cef1f60-1e78-40ab-8a35-fe731affab16,2026-08-20T22:15:00Z,2026-08-21T00:15:00+0200,175.0,EUR/MWh,FR,FR,day_ahead_price,value,2026-08-21T12:09:10Z
2026-08-21T12:03:35Z,2026-08-21T14:03:35+0200,5cef1f60-1e78-40ab-8a35-fe731affab16,2026-08-20T22:30:00Z,2026-08-21T00:30:00+0200,166.45,EUR/MWh,FR,FR,day_ahead_price,value,2026-08-21T12:09:10Z
2026-08-21T12:03:35Z,2026-08-21T14:03:35+0200,5cef1f60-1e78-40ab-8a35-fe731affab16,2026-08-20T22:45:00Z,2026-08-21T00:45:00+0200,156.9,EUR/MWh,FR,FR,day_ahead_price,value,2026-08-21T12:09:10Z
2026-08-21T12:03:35Z,2026-08-21T14:03:35+0200,5cef1f60-1e78-40ab-8a35-fe731affab16,2026-08-20T23:00:00Z,2026-08-21T01:00:00+0200,165.55,EUR/MWh,FR,FR,day_ahead_price,value,2026-08-21T12:09:10Z
2026-08-21T12:03:35Z,2026-08-21T14:03:35+0200,5cef1f60-1e78-40ab-8a35-fe731affab16,2026-08-20T23:15:00Z,2026-08-21T01:15:00+0200,162.28,EUR/MWh,FR,FR,day_ahead_price,value,2026-08-21T12:09:10Z
2026-08-21T12:03:35Z,2026-08-21T14:03:35+0200,5cef1f60-1e78-40ab-8a35-fe731affab16,2026-08-20T23:30:00Z,2026-08-21T01:30:00+0200,159.74,EUR/MWh,FR,FR,day_ahead_price,value,2026-08-21T12:09:10Z
2026-08-21T12:03:35Z,2026-08-21T14:03:35+0200,5cef1f60-1e78-40ab-8a35-fe731affab16,2026-08-20T23:45:00Z,2026-08-21T01:45:00+0200,154.39,EUR/MWh,FR,FR,day_ahead_price,value,2026-08-21T12:09:10Z
2026-08-21T12:03:35Z,2026-08-21T14:03:35+0200,5cef1f60-1e78-40ab-8a35-fe731affab16,2026-08-21T00:00:00Z,2026-08-21T02:00:00+0200,154.94,EUR/MWh,FR,FR,day_ahead_price,value,2026-08-21T12:09:10Z
2026-08-21T12:03:35Z,2026-08-21T14:03:35+0200,5cef1f60-1e78-40ab-8a35-fe731affab16,2026-08-21T00:15:00Z,2026-08-21T02:15:00+0200,153.93,EUR/MWh,FR,FR,day_ahead_price,value,2026-08-21T12:09:10Z
2026-08-21T12:03:35Z,2026-08-21T14:03:35+0200,5cef1f60-1e78-40ab-8a35-fe731affab16,2026-08-21T00:30:00Z,2026-08-21T02:30:00+0200,151.56,EUR/MWh,FR,FR,day_ahead_price,value,2026-08-21T12:09:10Z
2026-08-21T12:03:35Z,2026-08-21T14:03:35+0200,5cef1f60-1e78-40ab-8a35-fe731affab16,2026-08-21T00:45:00Z,2026-08-21T02:45:00+0200,152.26,EUR/MWh,FR,FR,day_ahead_price,value,2026-08-21T12:09:10Z
2026-08-21T12:03:35Z,2026-08-21T14:03:35+0200,5cef1f60-1e78-40ab-8a35-fe731affab16,2026-08-21T01:00:00Z,2026-08-21T03:00:00+0200,152.78,EUR/MWh,FR,FR,day_ahead_price,value,2026-08-21T12:09:10Z
2026-08-21T12:03:35Z,2026-08-21T14:03:35+0200,5cef1f60-1e78-40ab-8a35-fe731affab16,2026-08-21T01:15:00Z,2026-08-21T03:15:00+0200,151.11,EUR/MWh,FR,FR,day_ahead_price,value,2026-08-21T12:09:10Z
2026-08-21T12:03:35Z,2026-08-21T14:03:35+0200,5cef1f60-1e78-40ab-8a35-fe731affab16,2026-08-21T01:30:00Z,2026-08-21T03:30:00+0200,151.53,EUR/MWh,FR,FR,day_ahead_price,value,2026-08-21T12:09:10Z
2026-08-21T12:03:35Z,2026-08-21T14:03:35+0200,5cef1f60-1e78-40ab-8a35-fe731affab16,2026-08-21T01:45:00Z,2026-08-21T03:45:00+0200,150.61,EUR/MWh,FR,FR,day_ahead_price,value,2026-08-21T12:09:10Z
2026-08-21T12:03:35Z,2026-08-21T14:03:35+0200,5cef1f60-1e78-40ab-8a35-fe731affab16,2026-08-21T02:00:00Z,2026-08-21T04:00:00+0200,150.88,EUR/MWh,FR,FR,day_ahead_price,value,2026-08-21T12:09:10Z
2026-08-21T12:03:35Z,2026-08-21T14:03:35+0200,5cef1f60-1e78-40ab-8a35-fe731affab16,2026-08-21T02:15:00Z,2026-08-21T04:15:00+0200,151.87,EUR/MWh,FR,FR,day_ahead_price,value,2026-08-21T12:09:10Z
2026-08-21T12:03:35Z,2026-08-21T14:03:35+0200,5cef1f60-1e78-40ab-8a35-fe731affab16,2026-08-21T02:30:00Z,2026-08-21T04:30:00+0200,152.92,EUR/MWh,FR,FR,day_ahead_price,value,2026-08-21T12:09:10Z
2026-08-21T12:03:35Z,2026-08-21T14:03:35+0200,5cef1f60-1e78-40ab-8a35-fe731affab16,2026-08-21T02:45:00Z,2026-08-21T04:45:00+0200,157.9,EUR/MWh,FR,FR,day_ahead_price,value,2026-08-21T12:09:10Z
2026-08-21T12:03:35Z,2026-08-21T14:03:35+0200,5cef1f60-1e78-40ab-8a35-fe731affab16,2026-08-21T03:00:00Z,2026-08-21T05:00:00+0200,152.56,EUR/MWh,FR,FR,day_ahead_price,value,2026-08-21T12:09:10Z
2026-08-21T12:03:35Z,2026-08-21T14:03:35+0200,5cef1f60-1e78-40ab-8a35-fe731affab16,2026-08-21T03:15:00Z,2026-08-21T05:15:00+0200,157.06,EUR/MWh,FR,FR,day_ahead_price,value,2026-08-21T12:09:10Z
2026-08-21T12:03:35Z,2026-08-21T14:03:35+0200,5cef1f60-1e78-40ab-8a35-fe731affab16,2026-08-21T03:30:00Z,2026-08-21T05:30:00+0200,165.32,EUR/MWh,FR,FR,day_ahead_price,value,2026-08-21T12:09:10Z
2026-08-21T12:03:35Z,2026-08-21T14:03:35+0200,5cef1f60-1e78-40ab-8a35-fe731affab16,2026-08-21T03:45:00Z,2026-08-21T05:45:00+0200,167.0,EUR/MWh,FR,FR,day_ahead_price,value,2026-08-21T12:09:10Z
2026-08-21T12:03:35Z,2026-08-21T14:03:35+0200,5cef1f60-1e78-40ab-8a35-fe731affab16,2026-08-21T04:00:00Z,2026-08-21T06:00:00+0200,167.44,EUR/MWh,FR,FR,day_ahead_price,value,2026-08-21T12:09:10Z
2026-08-21T12:03:35Z,2026-08-21T14:03:35+0200,5cef1f60-1e78-40ab-8a35-fe731affab16,2026-08-21T04:15:00Z,2026-08-21T06:15:00+0200,174.61,EUR/MWh,FR,FR,day_ahead_price,value,2026-08-21T12:09:10Z
2026-08-21T12:03:35Z,2026-08-21T14:03:35+0200,5cef1f60-1e78-40ab-8a35-fe731affab16,2026-08-21T04:30:00Z,2026-08-21T06:30:00+0200,181.93,EUR/MWh,FR,FR,day_ahead_price,value,2026-08-21T12:09:10Z
2026-08-21T12:03:35Z,2026-08-21T14:03:35+0200,5cef1f60-1e78-40ab-8a35-fe731affab16,2026-08-21T04:45:00Z,2026-08-21T06:45:00+0200,185.0,EUR/MWh,FR,FR,day_ahead_price,value,2026-08-21T12:09:10Z
2026-08-21T12:03:35Z,2026-08-21T14:03:35+0200,5cef1f60-1e78-40ab-8a35-fe731affab16,2026-08-21T05:00:00Z,2026-08-21T07:00:00+0200,193.58,EUR/MWh,FR,FR,day_ahead_price,value,2026-08-21T12:09:10Z
2026-08-21T12:03:35Z,2026-08-21T14:03:35+0200,5cef1f60-1e78-40ab-8a35-fe731affab16,2026-08-21T05:15:00Z,2026-08-21T07:15:00+0200,194.66,EUR/MWh,FR,FR,day_ahead_price,value,2026-08-21T12:09:10Z
2026-08-21T12:03:35Z,2026-08-21T14:03:35+0200,5cef1f60-1e78-40ab-8a35-fe731affab16,2026-08-21T05:30:00Z,2026-08-21T07:30:00+0200,195.32,EUR/MWh,FR,FR,day_ahead_price,value,2026-08-21T12:09:10Z
2026-08-21T12:03:35Z,2026-08-21T14:03:35+0200,5cef1f60-1e78-40ab-8a35-fe731affab16,2026-08-21T05:45:00Z,2026-08-21T07:45:00+0200,192.0,EUR/MWh,FR,FR,day_ahead_price,value,2026-08-21T12:09:10Z
2026-08-21T12:03:35Z,2026-08-21T14:03:35+0200,5cef1f60-1e78-40ab-8a35-fe731affab16,2026-08-21T06:00:00Z,2026-08-21T08:00:00+0200,211.88,EUR/MWh,FR,FR,day_ahead_price,value,2026-08-21T12:09:10Z
2026-08-21T12:03:35Z,2026-08-21T14:03:35+0200,5cef1f60-1e78-40ab-8a35-fe731affab16,2026-08-21T06:15:00Z,2026-08-21T08:15:00+0200,204.71,EUR/MWh,FR,FR,day_ahead_price,value,2026-08-21T12:09:10Z
2026-08-21T12:03:35Z,2026-08-21T14:03:35+0200,5cef1f60-1e78-40ab-8a35-fe731affab16,2026-08-21T06:30:00Z,2026-08-21T08:30:00+0200,188.2,EUR/MWh,FR,FR,day_ahead_price,value,2026-08-21T12:09:10Z
2026-08-21T12:03:35Z,2026-08-21T14:03:35+0200,5cef1f60-1e78-40ab-8a35-fe731affab16,2026-08-21T06:45:00Z,2026-08-21T08:45:00+0200,165.55,EUR/MWh,FR,FR,day_ahead_price,value,2026-08-21T12:09:10Z
2026-08-21T12:03:35Z,2026-08-21T14:03:35+0200,5cef1f60-1e78-40ab-8a35-fe731affab16,2026-08-21T07:00:00Z,2026-08-21T09:00:00+0200,193.04,EUR/MWh,FR,FR,day_ahead_price,value,2026-08-21T12:09:10Z
2026-08-21T12:03:35Z,2026-08-21T14:03:35+0200,5cef1f60-1e78-40ab-8a35-fe731affab16,2026-08-21T07:15:00Z,2026-08-21T09:15:00+0200,175.59,EUR/MWh,FR,FR,day_ahead_price,value,2026-08-21T12:09:10Z
2026-08-21T12:03:35Z,2026-08-21T14:03:35+0200,5cef1f60-1e78-40ab-8a35-fe731affab16,2026-08-21T07:30:00Z,2026-08-21T09:30:00+0200,158.24,EUR/MWh,FR,FR,day_ahead_price,value,2026-08-21T12:09:10Z
2026-08-21T12:03:35Z,2026-08-21T14:03:35+0200,5cef1f60-1e78-40ab-8a35-fe731affab16,2026-08-21T07:45:00Z,2026-08-21T09:45:00+0200,144.45,EUR/MWh,FR,FR,day_ahead_price,value,2026-08-21T12:09:10Z
2026-08-21T12:03:35Z,2026-08-21T14:03:35+0200,5cef1f60-1e78-40ab-8a35-fe731affab16,2026-08-21T08:00:00Z,2026-08-21T10:00:00+0200,166.0,EUR/MWh,FR,FR,day_ahead_price,value,2026-08-21T12:09:10Z
2026-08-21T12:03:35Z,2026-08-21T14:03:35+0200,5cef1f60-1e78-40ab-8a35-fe731affab16,2026-08-21T08:15:00Z,2026-08-21T10:15:00+0200,154.69,EUR/MWh,FR,FR,day_ahead_price,value,2026-08-21T12:09:10Z
2026-08-21T12:03:35Z,2026-08-21T14:03:35+0200,5cef1f60-1e78-40ab-8a35-fe731affab16,2026-08-21T08:30:00Z,2026-08-21T10:30:00+0200,142.59,EUR/MWh,FR,FR,day_ahead_price,value,2026-08-21T12:09:10Z
2026-08-21T12:03:35Z,2026-08-21T14:03:35+0200,5cef1f60-1e78-40ab-8a35-fe731affab16,2026-08-21T08:45:00Z,2026-08-21T10:45:00+0200,132.72,EUR/MWh,FR,FR,day_ahead_price,value,2026-08-21T12:09:10Z
2026-08-21T12:03:35Z,2026-08-21T14:03:35+0200,5cef1f60-1e78-40ab-8a35-fe731affab16,2026-08-21T09:00:00Z,2026-08-21T11:00:00+0200,139.8,EUR/MWh,FR,FR,day_ahead_price,value,2026-08-21T12:09:10Z
2026-08-21T12:03:35Z,2026-08-21T14:03:35+0200,5cef1f60-1e78-40ab-8a35-fe731affab16,2026-08-21T09:15:00Z,2026-08-21T11:15:00+0200,142.42,EUR/MWh,FR,FR,day_ahead_price,value,2026-08-21T12:09:10Z
2026-08-21T12:03:35Z,2026-08-21T14:03:35+0200,5cef1f60-1e78-40ab-8a35-fe731affab16,2026-08-21T09:30:00Z,2026-08-21T11:30:00+0200,137.0,EUR/MWh,FR,FR,day_ahead_price,value,2026-08-21T12:09:10Z
2026-08-21T12:03:35Z,2026-08-21T14:03:35+0200,5cef1f60-1e78-40ab-8a35-fe731affab16,2026-08-21T09:45:00Z,2026-08-21T11:45:00+0200,128.34,EUR/MWh,FR,FR,day_ahead_price,value,2026-08-21T12:09:10Z
2026-08-21T12:03:35Z,2026-08-21T14:03:35+0200,5cef1f60-1e78-40ab-8a35-fe731affab16,2026-08-21T10:00:00Z,2026-08-21T12:00:00+0200,135.62,EUR/MWh,FR,FR,day_ahead_price,value,2026-08-21T12:09:10Z
2026-08-21T12:03:35Z,2026-08-21T14:03:35+0200,5cef1f60-1e78-40ab-8a35-fe731affab16,2026-08-21T10:15:00Z,2026-08-21T12:15:00+0200,135.58,EUR/MWh,FR,FR,day_ahead_price,value,2026-08-21T12:09:10Z
2026-08-21T12:03:35Z,2026-08-21T14:03:35+0200,5cef1f60-1e78-40ab-8a35-fe731affab16,2026-08-21T10:30:00Z,2026-08-21T12:30:00+0200,136.62,EUR/MWh,FR,FR,day_ahead_price,value,2026-08-21T12:09:10Z
2026-08-21T12:03:35Z,2026-08-21T14:03:35+0200,5cef1f60-1e78-40ab-8a35-fe731affab16,2026-08-21T10:45:00Z,2026-08-21T12:45:00+0200,137.37,EUR/MWh,FR,FR,day_ahead_price,value,2026-08-21T12:09:10Z
2026-08-21T12:03:35Z,2026-08-21T14:03:35+0200,5cef1f60-1e78-40ab-8a35-fe731affab16,2026-08-21T11:00:00Z,2026-08-21T13:00:00+0200,140.65,EUR/MWh,FR,FR,day_ahead_price,value,2026-08-21T12:09:10Z
2026-08-21T12:03:35Z,2026-08-21T14:03:35+0200,5cef1f60-1e78-40ab-8a35-fe731affab16,2026-08-21T11:15:00Z,2026-08-21T13:15:00+0200,120.12,EUR/MWh,FR,FR,day_ahead_price,value,2026-08-21T12:09:10Z
2026-08-21T12:03:35Z,2026-08-21T14:03:35+0200,5cef1f60-1e78-40ab-8a35-fe731affab16,2026-08-21T11:30:00Z,2026-08-21T13:30:00+0200,90.35,EUR/MWh,FR,FR,day_ahead_price,value,2026-08-21T12:09:10Z
2026-08-21T12:03:35Z,2026-08-21T14:03:35+0200,5cef1f60-1e78-40ab-8a35-fe731affab16,2026-08-21T11:45:00Z,2026-08-21T13:45:00+0200,57.91,EUR/MWh,FR,FR,day_ahead_price,value,2026-08-21T12:09:10Z
2026-08-21T12:03:35Z,2026-08-21T14:03:35+0200,5cef1f60-1e78-40ab-8a35-fe731affab16,2026-08-21T12:00:00Z,2026-08-21T14:00:00+0200,132.76,EUR/MWh,FR,FR,day_ahead_price,value,2026-08-21T12:09:10Z
2026-08-21T12:03:35Z,2026-08-21T14:03:35+0200,5cef1f60-1e78-40ab-8a35-fe731affab16,2026-08-21T12:15:00Z,2026-08-21T14:15:00+0200,103.12,EUR/MWh,FR,FR,day_ahead_price,value,2026-08-21T12:09:10Z
